time (s),East Zone Room Temperature (°K),East Zone Room Cooling Setpoint (°K),East Zone Room Heating Setpoint (°K),East Zone Reheating Coil Valve Power Control Signal (W),East Zone Reheating Coil Valve Power Consumption (W),East Zone VAV Discharge Air Temperature (°K),"East Zone VAV Damper Position (fraction, 0: fully closed to 1: fully open)","East Zone VAV Damper Control Signal (fraction, 0: damper should be fully closed to 1: damper should be fully open)",East Zone VAV Discharge Air Flow Rate (m3/s),South Zone Room Temperature (°K),South Zone Room Cooling Setpoint (°K),South Zone Room Heating Setpoint (°K),South Zone Reheating Coil Valve Power Control Signal (W),South Zone Reheating Coil Valve Power Consumption (W),South Zone VAV Discharge Air Temperature (°K),"South Zone VAV Damper Position (fraction, 0: fully closed to 1: fully open)","South Zone VAV Damper Control Signal (fraction, 0: damper should be fully closed to 1: damper should be fully open)",South Zone VAV Discharge Air Flow Rate (m3/s),West Zone Room Temperature (°K),West Zone Room Cooling Setpoint (°K),West Zone Room Heating Setpoint (°K),West Zone Reheating Coil Valve Power Control Signal (W),West Zone Reheating Coil Valve Power Consumption (W),West Zone VAV Discharge Air Temperature (°K),"West Zone VAV Damper Position (fraction, 0: fully closed to 1: fully open)","West Zone VAV Damper Control Signal (fraction, 0: damper should be fully closed to 1: damper should be fully open)",West Zone VAV Discharge Air Flow Rate (m3/s),North Zone Room Temperature (°K),North Zone Room Cooling Setpoint (°K),North Zone Room Heating Setpoint (°K),North Zone Reheating Coil Valve Power Control Signal (W),North Zone Reheating Coil Valve Power Consumption (W),North Zone VAV Discharge Air Temperature (°K),"North Zone VAV Damper Position (fraction, 0: fully closed to 1: fully open)","North Zone VAV Damper Control Signal (fraction, 0: damper should be fully closed to 1: damper should be fully open)",North Zone VAV Discharge Air Flow Rate (m3/s),Core Zone Room Temperature (°K),Core Zone Room Cooling Setpoint (°K),Core Zone Room Heating Setpoint (°K),Core Zone Reheating Coil Valve Power Control Signal (W),Core Zone Reheating Coil Valve Power Consumption (W),Core Zone VAV Discharge Air Temperature (°K),"Core Zone VAV Damper Position (fraction, 0: fully closed to 1: fully open)","Core Zone VAV Damper Control Signal (fraction, 0: damper should be fully closed to 1: damper should be fully open)",Core Zone VAV Discharge Air Flow Rate (m3/s),AHU Supply Air Temperature (°K),AHU Supply Air Temperature Setpoint (°K),AHU Outdoor Air Dry Bulb Temperature (°K),AHU Outdoor Air Wet Bulb Temperature (°K),AHU Mixed Air Temperature (°K),AHU Return Air Temperature (°K),Cooling Coil Discharge Air Temperature (°K),"AHU Supply Air Fan Status (0: off, 1: on)","AHU Supply Air Fan Speed Control Signal (fraction, 0: fan speed should be 0% to 1:fan speed should be 100%)","Control Signal for AHU Outdoor Air Damper from BAS (fraction, 0: damper should be fully closed to 1: damper should be fully open)","True Value for AHU Outdoor Air Damper Stuck Position (fraction, 0: fully closed to 1: fully open)","Control Signal for AHU Return Air Damper (fraction, 0: damper should be fully closed to 1: damper should be fully open)","Control Signal for AHU Exhaust Air Damper (fraction, 0: damper should be fully closed to 1: damper should be fully open)",Supply Air Mass Flow Rate (kg/s),Outdoor Air Mass Flow Rate (kg/s),Return Air Mass Flow Rate in the Mixing Box (kg/s),Exhaust Air Mass Flow Rate in the Mixing Box (kg/s),"Control Signal for AHU Cooling Coil Valve from BAS (fraction, 0: valve should be fully closed to 1: valve should be fully open)","True Value for AHU Cooling Coil Valve Stuck Position (fraction, 0: fully closed to 1: fully open)","Control Signal for AHU Heating Coil Valve (fraction, 0: valve should be fully closed to 1: valve should be fully open)",Measured AHU Supply Air Duct Static Pressure (Pa),AHU Supply Air Duct Static Pressure Setpoint (Pa),Cooling Coil Heat Transfer Rate (W),Heating Coil Heat Transfer Rate (W),Power Consumption of the Supply Air Fan (W),"Indicator if the System Operates in Occupied Mode (0: unoccupied mode, 1: occupied mode)",Temperature of the Water Leaving the Chilled Water Loop (°K),Temperature of the Water Entering the Chilled Water Loop (°K),Temperature of the Water Leaving the Condenser Water Loop (°K),Temperature of the Water Entering the Condenser Water Loop (°K),Temperature of the Water Leaving the Hot Water Loop (°K),Temperature of the Water Entering the Hot Water Loop (°K),Setpoint of Temperature of the Water Leaving the Chilled Water Loop (°K),Measured Differential Pressure of the Chilled Water Loop (Pa),Differential Pressure Setpoint of the Chilled Water Loop (Pa),Setpoint of Temperature of the Hot Water Leaving the Boiler (°K),Measured Differential Pressure Setpoint of the Hot Water Loop (Pa),Differential Pressure Setpoint of the Hot Water Loop (Pa),"Chiller On/Off Signal (0: off, 1: on)","WSE On/Off Signal (0: off, 1: on)","Boiler Control Signal (0: off, 1: on)","Chiller Bypass Valve Control Signal (0: free cooling mode is deactivated, 1: free cooling is activated)","WSE Bypass Valve Control Signal (0: fully mechanic cooling is activated, 1: fully mechanic cooling is activated)","Cooling Tower Fan Speed Control Signal (fraction, 0: fan speed should be 0% to 1:fan speed should be 100%)","Condenser Water Loop Shutoff Valve Control Signal (fraction, 0: valve should be fully closed to 1: valve should be fully open)","Hot Water Loop Boiler Shutoff Valve Control Signal (fraction, 0: valve should be fully closed to 1: valve should be fully open)","Hot Water Loop Bypass Valve Control Signal (fraction, 0: valve should be fully closed to 1: valve should be fully open)",Chilled Water Flow Rate of the Chilled Water Loop into the Cooling Coil (kg/s),Chilled Water Flow Rate of the Chiller (kg/s),Chilled Water Flow Rate of the WSE (kg/s),Flow Rate of the Condenser Water Loop (kg/s),Cooling Water Flow Rate of the Chiller (kg/s),Cooling Water Flow Rate of the WSE (kg/s),Flow Rate of the Hot Water Loop into the Heating Coil (kg/s),Flow Rate of the Hot Water Loop into the Boiler (kg/s),Flow Rate of the Hot Water Loop in the Bypass (kg/s),Power Consumption of the Chiller (W),Gas Consumption (Mass Flow Rate) of the Boiler (kg/s),Power Consumption of the Chilled Water Pump (W),Power Consumption of the Cooling Water Pump (W),Power Consumption of the Hot Water Pump (W),Power Consumption of the Cooling Tower Fan (W),"Speed Control Signal of the Chilled Water Pump (fraction, 0: pump speed should be 0% to 1: pump speed should be 100%)","Speed Control Signal of the Cooling Water Pump (fraction, 0: pump speed should be 0% to 1: pump speed should be 100%)","Speed Control Signal of the Hot Water Pump (fraction, 0: pump speed should be 0% to 1: pump speed should be 100%)","Cooling Mode Control Signal (1: free cooling , 2: partial mechanical, 3: full mechanical, 4: off)","Chiller Plant Equipment Operation Signal (0: off, 1: on)","Boiler Plant Equipment Operation Signal (0: off, 1: on)"
11836800,297.1499938964844,303.1499938964844,285.1499938964844,0.0,-0.0,293.1499938964844,0.9990000128746032,0.0,2.5585116707541045e-13,297.1499938964844,303.1499938964844,285.1499938964844,0.0,-0.0,293.1499938964844,0.9990000128746032,0.0,2.694235893413444e-13,297.1499938964844,303.1499938964844,285.1499938964844,0.0,-0.0,293.1499938964844,0.9990000128746032,0.0,1.9899534765225465e-13,297.1499938964844,303.1499938964844,285.1499938964844,0.0,-0.0,293.1499938964844,0.9990000128746032,0.0,2.694235893413444e-13,297.1499938964844,303.1499938964844,285.1499938964844,0.0,-0.0,293.1499938964844,0.9990000128746032,0.0,1.2780295485098625e-12,293.1499938964844,294.1499938964844,284.25,284.25,293.1499938964844,293.1499938964844,293.1499938964844,0.0,0.0,0.0,0.0,1.0,1.0,1.950252872878148e-14,5.696941399527259e-13,-5.891966602111779e-13,-1.1588908001639033e-12,0.0,0.0,0.0,0.0,60.0,0.0,-0.0,-5.066788513209878e-25,0.0,293.1499938964844,293.1499938964844,293.1499938964844,293.1499938964844,293.1499938964844,293.1499938964844,278.1499938964844,0.0,18000.0,313.1499938964844,0.0,18000.0,0.0,0.0,0.0,0.0,0.0,0.0,0.0,0.0,0.0,0.0,-0.0,-0.0,0.0,0.0,0.0,0.0,0.0,-0.0,0.0,0.0,0.0,0.0,0.0,0.0,0.0,0.0,0.0,4.0,0.0,0.0
11836860,296.8405456542969,303.1499938964844,285.1499938964844,0.0,-0.0,293.1517333984375,0.0,0.0,0.0004684513551183,296.8456115722656,303.1499938964844,285.1499938964844,0.0,-0.0,293.1517333984375,0.0,0.0,0.0004933018353767,296.8403625488281,303.1499938964844,285.1499938964844,0.0,-0.0,293.1517333984375,0.0,0.0,0.0003643510572146,296.764892578125,303.1499938964844,285.1499938964844,0.0,-0.0,293.1517028808594,0.0,0.0,0.0004933018353767,297.1400756835937,303.1499938964844,285.1499938964844,0.0,-0.0,293.15185546875,0.0,0.0,0.0023400115314871,293.1525573730469,294.1499938964844,284.2444152832031,284.2444152832031,291.7659606933594,291.3468933105469,293.1496887207031,0.0,0.0,0.0,0.0,1.0,1.0,-0.0049921320751309,9.688422508702388e-09,0.0049921222962439,-0.0204746183007955,0.0,0.0,0.0,-0.0296852588653564,60.0,-48.942138671875,-0.0,-1.698584469522757e-06,0.0,293.1499938964844,293.1499938964844,293.1499938964844,293.1499938964844,293.1499938964844,293.1499938964844,278.1499938964844,0.0,18000.0,313.1499938964844,0.0,18000.0,0.0,0.0,0.0,0.0,0.0,0.0,0.0,0.0,0.0,0.0,-0.0,-0.0,0.0,0.0,0.0,0.0,0.0,-0.0,0.0,0.0,0.0,0.0,0.0,0.0,0.0,0.0,0.0,4.0,0.0,0.0
11836920,296.8405456542969,303.1499938964844,285.1499938964844,0.0,-0.0,293.1517333984375,0.0,0.0,0.0004684513551183,296.8456115722656,303.1499938964844,285.1499938964844,0.0,-0.0,293.1517333984375,0.0,0.0,0.0004933018353767,296.8403625488281,303.1499938964844,285.1499938964844,0.0,-0.0,293.1517333984375,0.0,0.0,0.0003643510572146,296.764892578125,303.1499938964844,285.1499938964844,0.0,-0.0,293.1517028808594,0.0,0.0,0.0004933018353767,297.1400756835937,303.1499938964844,285.1499938964844,0.0,-0.0,293.15185546875,0.0,0.0,0.0023400115314871,293.1525573730469,294.1499938964844,284.2444152832031,284.2444152832031,291.7659606933594,291.3468933105469,293.1496887207031,0.0,0.0,0.0,0.0,1.0,1.0,-0.0049921320751309,9.688422508702388e-09,0.0049921222962439,-0.0204746183007955,0.0,0.0,0.0,-0.0296852588653564,60.0,-48.942138671875,-0.0,-1.698584469522757e-06,0.0,293.1499938964844,293.1499938964844,293.1499938964844,293.1499938964844,293.1499938964844,293.1499938964844,278.1499938964844,0.0,18000.0,313.1499938964844,0.0,18000.0,0.0,0.0,0.0,0.0,0.0,0.0,0.0,0.0,0.0,0.0,-0.0,-0.0,0.0,0.0,0.0,0.0,0.0,-0.0,0.0,0.0,0.0,0.0,0.0,0.0,0.0,0.0,0.0,4.0,0.0,0.0
11836980,296.71795654296875,303.1499938964844,285.1499938964844,0.0,-0.0,293.1517333984375,0.0,0.0,9.49678142205812e-05,296.7037658691406,303.1499938964844,285.1499938964844,0.0,-0.0,293.1517333984375,0.0,0.0,0.0001000056799966,296.7159423828125,303.1499938964844,285.1499938964844,0.0,-0.0,293.1517333984375,0.0,0.0,7.386385550489649e-05,296.587646484375,303.1499938964844,285.1499938964844,0.0,-0.0,293.1517028808594,0.0,0.0,0.0001000056799966,297.0897216796875,303.1499938964844,285.1499938964844,0.0,-0.0,293.15185546875,0.0,0.0,0.0004743838799186,293.1525573730469,294.1499938964844,284.2357788085937,284.2357788085937,291.5635070800781,289.4268493652344,293.14892578125,0.0,0.0,0.0,0.0,1.0,1.0,-0.0010118690552189,7.427948478522239e-09,0.0010118616046383,-0.0185132157057523,0.0,0.0,0.0,-0.0084875421598553,60.0,-13.890560150146484,-0.0,-6.980889821761593e-08,0.0,293.1499938964844,293.1499938964844,293.1499938964844,293.1499938964844,293.1499938964844,293.1499938964844,278.1499938964844,0.0,18000.0,313.1499938964844,0.0,18000.0,0.0,0.0,0.0,0.0,0.0,0.0,0.0,0.0,0.0,0.0,-0.0,-0.0,0.0,0.0,0.0,0.0,0.0,-0.0,0.0,0.0,0.0,0.0,0.0,0.0,0.0,0.0,0.0,4.0,0.0,0.0
11837040,296.71795654296875,303.1499938964844,285.1499938964844,0.0,-0.0,293.1517333984375,0.0,0.0,9.49678142205812e-05,296.7037658691406,303.1499938964844,285.1499938964844,0.0,-0.0,293.1517333984375,0.0,0.0,0.0001000056799966,296.7159423828125,303.1499938964844,285.1499938964844,0.0,-0.0,293.1517333984375,0.0,0.0,7.386385550489649e-05,296.587646484375,303.1499938964844,285.1499938964844,0.0,-0.0,293.1517028808594,0.0,0.0,0.0001000056799966,297.0897216796875,303.1499938964844,285.1499938964844,0.0,-0.0,293.15185546875,0.0,0.0,0.0004743838799186,293.1525573730469,294.1499938964844,284.2357788085937,284.2357788085937,291.5635070800781,289.4268493652344,293.14892578125,0.0,0.0,0.0,0.0,1.0,1.0,-0.0010118690552189,7.427948478522239e-09,0.0010118616046383,-0.0185132157057523,0.0,0.0,0.0,-0.0084875421598553,60.0,-13.890560150146484,-0.0,-6.980889821761593e-08,0.0,293.1499938964844,293.1499938964844,293.1499938964844,293.1499938964844,293.1499938964844,293.1499938964844,278.1499938964844,0.0,18000.0,313.1499938964844,0.0,18000.0,0.0,0.0,0.0,0.0,0.0,0.0,0.0,0.0,0.0,0.0,-0.0,-0.0,0.0,0.0,0.0,0.0,0.0,-0.0,0.0,0.0,0.0,0.0,0.0,0.0,0.0,0.0,0.0,4.0,0.0,0.0
11837100,296.69561767578125,303.1499938964844,285.1499938964844,0.0,-0.0,293.1517333984375,0.0,0.0,9.495349513599648e-05,296.67315673828125,303.1499938964844,285.1499938964844,0.0,-0.0,293.1517639160156,0.0,0.0,9.99906042125076e-05,296.6929931640625,303.1499938964844,285.1499938964844,0.0,-0.0,293.1517333984375,0.0,0.0,7.385272328974679e-05,296.548828125,303.1499938964844,285.1499938964844,0.0,-0.0,293.1517028808594,0.0,0.0,9.99906042125076e-05,297.06256103515625,303.1499938964844,285.1499938964844,0.0,-0.0,293.1518859863281,0.0,0.0,0.0004743123718071,293.1525573730469,294.1499938964844,284.2303771972656,284.2303771972656,291.4975280761719,288.6848449707031,293.1484375,0.0,0.0,0.0,0.0,1.0,1.0,-0.0010117205092683,7.237527022141421e-09,0.0010117132915183,-0.0180129911750555,0.0,0.0,0.0,-0.0084006413817405,60.0,-8.988072395324707,-0.0,-6.978785904721009e-08,0.0,293.1499938964844,293.1499938964844,293.1499938964844,293.1499938964844,293.1499938964844,293.1499938964844,278.1499938964844,0.0,18000.0,313.1499938964844,0.0,18000.0,0.0,0.0,0.0,0.0,0.0,0.0,0.0,0.0,0.0,0.0,-0.0,-0.0,0.0,0.0,0.0,0.0,0.0,-0.0,0.0,0.0,0.0,0.0,0.0,0.0,0.0,0.0,0.0,4.0,0.0,0.0
11837160,296.6858825683594,303.1499938964844,285.1499938964844,0.0,-0.0,293.1517639160156,0.0,0.0,9.480728476773947e-05,296.6577453613281,303.1499938964844,285.1499938964844,0.0,-0.0,293.1517639160156,0.0,0.0,9.983663767343388e-05,296.6827087402344,303.1499938964844,285.1499938964844,0.0,-0.0,293.1517639160156,0.0,0.0,7.37390000722371e-05,296.5284118652344,303.1499938964844,285.1499938964844,0.0,-0.0,293.1517333984375,0.0,0.0,9.983663767343388e-05,297.0382385253906,303.1499938964844,285.1499938964844,0.0,-0.0,293.1518859863281,0.0,0.0,0.0004735820402856,293.15252685546875,294.1499938964844,284.22430419921875,284.22430419921875,291.43212890625,288.0648803710937,293.1478881835937,0.0,0.0,0.0,0.0,1.0,1.0,-0.0010101626394316,7.052341821633945e-09,0.0010101556545123,-0.0175279192626476,0.0,0.0,0.0,-0.0083089675754308,60.0,-7.203843116760254,-0.0,-6.95730975053266e-08,0.0,293.1499938964844,293.1499938964844,293.1499938964844,293.1499938964844,293.1499938964844,293.1499938964844,278.1499938964844,0.0,18000.0,313.1499938964844,0.0,18000.0,0.0,0.0,0.0,0.0,0.0,0.0,0.0,0.0,0.0,0.0,-0.0,-0.0,0.0,0.0,0.0,0.0,0.0,-0.0,0.0,0.0,0.0,0.0,0.0,0.0,0.0,0.0,0.0,4.0,0.0,0.0
11837220,296.68536376953125,303.1499938964844,285.1499938964844,0.0,-0.0,293.1517639160156,0.0,0.0,9.45267456700094e-05,296.6523742675781,303.1499938964844,285.1499938964844,0.0,-0.0,293.1517639160156,0.0,0.0,9.954121196642518e-05,296.6789855957031,303.1499938964844,285.1499938964844,0.0,-0.0,293.1517639160156,0.0,0.0,7.352080137934536e-05,296.517822265625,303.1499938964844,285.1499938964844,0.0,-0.0,293.1517333984375,0.0,0.0,9.954121196642518e-05,297.0013122558594,303.1499938964844,285.1499938964844,0.0,-0.0,293.1518859863281,0.0,0.0,0.0004721806617453,293.15252685546875,294.1499938964844,284.21026611328125,284.21026611328125,291.30322265625,287.10498046875,293.1465148925781,0.0,0.0,0.0,0.0,1.0,1.0,-0.0010071734432131,6.702784549617036e-09,0.0010071666911244,-0.016612309962511,0.0,0.0,0.0,-0.0081356782466173,60.0,-6.316112041473389,-0.0,-6.916196326756109e-08,0.0,293.1499938964844,293.1499938964844,293.1499938964844,293.1499938964844,293.1499938964844,293.1499938964844,278.1499938964844,0.0,18000.0,313.1499938964844,0.0,18000.0,0.0,0.0,0.0,0.0,0.0,0.0,0.0,0.0,0.0,0.0,-0.0,-0.0,0.0,0.0,0.0,0.0,0.0,-0.0,0.0,0.0,0.0,0.0,0.0,0.0,0.0,0.0,0.0,4.0,0.0,0.0
11837280,296.68536376953125,303.1499938964844,285.1499938964844,0.0,-0.0,293.1517639160156,0.0,0.0,9.45267456700094e-05,296.6523742675781,303.1499938964844,285.1499938964844,0.0,-0.0,293.1517639160156,0.0,0.0,9.954121196642518e-05,296.6789855957031,303.1499938964844,285.1499938964844,0.0,-0.0,293.1517639160156,0.0,0.0,7.352080137934536e-05,296.517822265625,303.1499938964844,285.1499938964844,0.0,-0.0,293.1517333984375,0.0,0.0,9.954121196642518e-05,297.0013122558594,303.1499938964844,285.1499938964844,0.0,-0.0,293.1518859863281,0.0,0.0,0.0004721806617453,293.15252685546875,294.1499938964844,284.21026611328125,284.21026611328125,291.30322265625,287.10498046875,293.1465148925781,0.0,0.0,0.0,0.0,1.0,1.0,-0.0010071734432131,6.702784549617036e-09,0.0010071666911244,-0.016612309962511,0.0,0.0,0.0,-0.0081356782466173,60.0,-6.316112041473389,-0.0,-6.916196326756109e-08,0.0,293.1499938964844,293.1499938964844,293.1499938964844,293.1499938964844,293.1499938964844,293.1499938964844,278.1499938964844,0.0,18000.0,313.1499938964844,0.0,18000.0,0.0,0.0,0.0,0.0,0.0,0.0,0.0,0.0,0.0,0.0,-0.0,-0.0,0.0,0.0,0.0,0.0,0.0,-0.0,0.0,0.0,0.0,0.0,0.0,0.0,0.0,0.0,0.0,4.0,0.0,0.0
11837340,296.6956787109375,303.1499938964844,285.1499938964844,0.0,-0.0,293.1517639160156,0.0,0.0,9.427164332009852e-05,296.6629638671875,303.1499938964844,285.1499938964844,0.0,-0.0,293.1517639160156,0.0,0.0,9.927257633535191e-05,296.6846008300781,303.1499938964844,285.1499938964844,0.0,-0.0,293.1517639160156,0.0,0.0,7.332238601520658e-05,296.5262451171875,303.1499938964844,285.1499938964844,0.0,-0.0,293.1517333984375,0.0,0.0,9.927257633535191e-05,296.9789428710937,303.1499938964844,285.1499938964844,0.0,-0.0,293.1518859863281,0.0,0.0,0.0004709063796326,293.15252685546875,294.1499938964844,284.19390869140625,284.19390869140625,291.1767272949219,286.4149475097656,293.1447448730469,0.0,0.0,0.0,0.0,1.0,1.0,-0.0010044552618637,6.384954787108654e-09,0.001004448859021,-0.0157797709107399,0.0,0.0,0.0,-0.0079781152307987,60.0,-6.192310810089111,-0.0,-6.878916281038985e-08,0.0,293.1499938964844,293.1499938964844,293.1499938964844,293.1499938964844,293.1499938964844,293.1499938964844,278.1499938964844,0.0,18000.0,313.1499938964844,0.0,18000.0,0.0,0.0,0.0,0.0,0.0,0.0,0.0,0.0,0.0,0.0,-0.0,-0.0,0.0,0.0,0.0,0.0,0.0,-0.0,0.0,0.0,0.0,0.0,0.0,0.0,0.0,0.0,0.0,4.0,0.0,0.0
11837400,296.6956787109375,303.1499938964844,285.1499938964844,0.0,-0.0,293.1517639160156,0.0,0.0,9.427164332009852e-05,296.6629638671875,303.1499938964844,285.1499938964844,0.0,-0.0,293.1517639160156,0.0,0.0,9.927257633535191e-05,296.6846008300781,303.1499938964844,285.1499938964844,0.0,-0.0,293.1517639160156,0.0,0.0,7.332238601520658e-05,296.5262451171875,303.1499938964844,285.1499938964844,0.0,-0.0,293.1517333984375,0.0,0.0,9.927257633535191e-05,296.9789428710937,303.1499938964844,285.1499938964844,0.0,-0.0,293.1518859863281,0.0,0.0,0.0004709063796326,293.15252685546875,294.1499938964844,284.19390869140625,284.19390869140625,291.1767272949219,286.4149475097656,293.1447448730469,0.0,0.0,0.0,0.0,1.0,1.0,-0.0010044552618637,6.384954787108654e-09,0.001004448859021,-0.0157797709107399,0.0,0.0,0.0,-0.0079781152307987,60.0,-6.192310810089111,-0.0,-6.878916281038985e-08,0.0,293.1499938964844,293.1499938964844,293.1499938964844,293.1499938964844,293.1499938964844,293.1499938964844,278.1499938964844,0.0,18000.0,313.1499938964844,0.0,18000.0,0.0,0.0,0.0,0.0,0.0,0.0,0.0,0.0,0.0,0.0,-0.0,-0.0,0.0,0.0,0.0,0.0,0.0,-0.0,0.0,0.0,0.0,0.0,0.0,0.0,0.0,0.0,0.0,4.0,0.0,0.0
11837460,296.7095947265625,303.1499938964844,285.1499938964844,0.0,-0.0,293.1517639160156,0.0,0.0,9.40444806474261e-05,296.67926025390625,303.1499938964844,285.1499938964844,0.0,-0.0,293.1517639160156,0.0,0.0,9.90333646768704e-05,296.69317626953125,303.1499938964844,285.1499938964844,0.0,-0.0,293.1517639160156,0.0,0.0,7.314570393646136e-05,296.5417175292969,303.1499938964844,285.1499938964844,0.0,-0.0,293.1517333984375,0.0,0.0,9.90333646768704e-05,296.9673156738281,303.1499938964844,285.1499938964844,0.0,-0.0,293.1518859863281,0.0,0.0,0.0004697716503869,293.1524963378906,294.1499938964844,284.17547607421875,284.17547607421875,291.052490234375,285.90887451171875,293.1426696777344,0.0,0.0,0.0,0.0,1.0,1.0,-0.0010020347544923,6.101934957314371e-09,0.0010020287008956,-0.0150383878499269,0.0,0.0,0.0,-0.0078378096222877,60.0,-6.17206335067749,-0.0,-6.845804989552563e-08,0.0,293.1499938964844,293.1499938964844,293.1499938964844,293.1499938964844,293.1499938964844,293.1499938964844,278.1499938964844,0.0,18000.0,313.1499938964844,0.0,18000.0,0.0,0.0,0.0,0.0,0.0,0.0,0.0,0.0,0.0,0.0,-0.0,-0.0,0.0,0.0,0.0,0.0,0.0,-0.0,0.0,0.0,0.0,0.0,0.0,0.0,0.0,0.0,0.0,4.0,0.0,0.0
11837520,296.7095947265625,303.1499938964844,285.1499938964844,0.0,-0.0,293.1517639160156,0.0,0.0,9.40444806474261e-05,296.67926025390625,303.1499938964844,285.1499938964844,0.0,-0.0,293.1517639160156,0.0,0.0,9.90333646768704e-05,296.69317626953125,303.1499938964844,285.1499938964844,0.0,-0.0,293.1517639160156,0.0,0.0,7.314570393646136e-05,296.5417175292969,303.1499938964844,285.1499938964844,0.0,-0.0,293.1517333984375,0.0,0.0,9.90333646768704e-05,296.9673156738281,303.1499938964844,285.1499938964844,0.0,-0.0,293.1518859863281,0.0,0.0,0.0004697716503869,293.1524963378906,294.1499938964844,284.17547607421875,284.17547607421875,291.052490234375,285.90887451171875,293.1426696777344,0.0,0.0,0.0,0.0,1.0,1.0,-0.0010020347544923,6.101934957314371e-09,0.0010020287008956,-0.0150383878499269,0.0,0.0,0.0,-0.0078378096222877,60.0,-6.17206335067749,-0.0,-6.845804989552563e-08,0.0,293.1499938964844,293.1499938964844,293.1499938964844,293.1499938964844,293.1499938964844,293.1499938964844,278.1499938964844,0.0,18000.0,313.1499938964844,0.0,18000.0,0.0,0.0,0.0,0.0,0.0,0.0,0.0,0.0,0.0,0.0,-0.0,-0.0,0.0,0.0,0.0,0.0,0.0,-0.0,0.0,0.0,0.0,0.0,0.0,0.0,0.0,0.0,0.0,4.0,0.0,0.0
11837580,296.72418212890625,303.1499938964844,285.1499938964844,0.0,-0.0,293.1517639160156,0.0,0.0,9.384630538988858e-05,296.6966857910156,303.1499938964844,285.1499938964844,0.0,-0.0,293.1517639160156,0.0,0.0,9.8824682936538e-05,296.7022705078125,303.1499938964844,285.1499938964844,0.0,-0.0,293.1517639160156,0.0,0.0,7.29915700503625e-05,296.559326171875,303.1499938964844,285.1499938964844,0.0,-0.0,293.1517333984375,0.0,0.0,9.8824682936538e-05,296.9627685546875,303.1499938964844,285.1499938964844,0.0,-0.0,293.15185546875,0.0,0.0,0.0004687817418016,293.1524963378906,294.1499938964844,284.1552124023437,284.1552124023437,290.93035888671875,285.530029296875,293.1402893066406,0.0,0.0,0.0,0.0,1.0,1.0,-0.0009999230969697,5.855033347046401e-09,0.0009999172762036,-0.0143915973603725,0.0,0.0,0.0,-0.0077154096215963,60.0,-6.167761325836182,-0.0,-6.816983955104662e-08,0.0,293.1499938964844,293.1499938964844,293.1499938964844,293.1499938964844,293.1499938964844,293.1499938964844,278.1499938964844,0.0,18000.0,313.1499938964844,0.0,18000.0,0.0,0.0,0.0,0.0,0.0,0.0,0.0,0.0,0.0,0.0,-0.0,-0.0,0.0,0.0,0.0,0.0,0.0,-0.0,0.0,0.0,0.0,0.0,0.0,0.0,0.0,0.0,0.0,4.0,0.0,0.0
11837640,296.72418212890625,303.1499938964844,285.1499938964844,0.0,-0.0,293.1517639160156,0.0,0.0,9.384630538988858e-05,296.6966857910156,303.1499938964844,285.1499938964844,0.0,-0.0,293.1517639160156,0.0,0.0,9.8824682936538e-05,296.7022705078125,303.1499938964844,285.1499938964844,0.0,-0.0,293.1517639160156,0.0,0.0,7.29915700503625e-05,296.559326171875,303.1499938964844,285.1499938964844,0.0,-0.0,293.1517333984375,0.0,0.0,9.8824682936538e-05,296.9627685546875,303.1499938964844,285.1499938964844,0.0,-0.0,293.15185546875,0.0,0.0,0.0004687817418016,293.1524963378906,294.1499938964844,284.1552124023437,284.1552124023437,290.93035888671875,285.530029296875,293.1402893066406,0.0,0.0,0.0,0.0,1.0,1.0,-0.0009999230969697,5.855033347046401e-09,0.0009999172762036,-0.0143915973603725,0.0,0.0,0.0,-0.0077154096215963,60.0,-6.167761325836182,-0.0,-6.816983955104662e-08,0.0,293.1499938964844,293.1499938964844,293.1499938964844,293.1499938964844,293.1499938964844,293.1499938964844,278.1499938964844,0.0,18000.0,313.1499938964844,0.0,18000.0,0.0,0.0,0.0,0.0,0.0,0.0,0.0,0.0,0.0,0.0,-0.0,-0.0,0.0,0.0,0.0,0.0,0.0,-0.0,0.0,0.0,0.0,0.0,0.0,0.0,0.0,0.0,0.0,4.0,0.0,0.0
11837700,296.73126220703125,303.1499938964844,285.1499938964844,0.0,-0.0,293.1517639160156,0.0,0.0,9.375804802402854e-05,296.70513916015625,303.1499938964844,285.1499938964844,0.0,-0.0,293.1517639160156,0.0,0.0,9.873173985397445e-05,296.70660400390625,303.1499938964844,285.1499938964844,0.0,-0.0,293.1517639160156,0.0,0.0,7.292292139027268e-05,296.5682067871094,303.1499938964844,285.1499938964844,0.0,-0.0,293.1517333984375,0.0,0.0,9.873173985397445e-05,296.9623107910156,303.1499938964844,285.1499938964844,0.0,-0.0,293.15185546875,0.0,0.0,0.000468340847874,293.1524658203125,294.1499938964844,284.1444702148437,284.1444702148437,290.8700866699219,285.3760070800781,293.1390075683594,0.0,0.0,0.0,0.0,1.0,1.0,-0.000998982694,5.7450679769033294e-09,0.0009989768732339,-0.0141035243868827,0.0,0.0,0.0,-0.0076608946546912,60.0,-6.167459964752197,-0.0,-6.80416718523702e-08,0.0,293.1499938964844,293.1499938964844,293.1499938964844,293.1499938964844,293.1499938964844,293.1499938964844,278.1499938964844,0.0,18000.0,313.1499938964844,0.0,18000.0,0.0,0.0,0.0,0.0,0.0,0.0,0.0,0.0,0.0,0.0,-0.0,-0.0,0.0,0.0,0.0,0.0,0.0,-0.0,0.0,0.0,0.0,0.0,0.0,0.0,0.0,0.0,0.0,4.0,0.0,0.0
11837760,296.73809814453125,303.1499938964844,285.1499938964844,0.0,-0.0,293.1517333984375,0.0,0.0,9.367637539980932e-05,296.7132568359375,303.1499938964844,285.1499938964844,0.0,-0.0,293.1517639160156,0.0,0.0,9.864573075901716e-05,296.71075439453125,303.1499938964844,285.1499938964844,0.0,-0.0,293.1517333984375,0.0,0.0,7.285940228030086e-05,296.5769348144531,303.1499938964844,285.1499938964844,0.0,-0.0,293.1517333984375,0.0,0.0,9.864573075901716e-05,296.962646484375,303.1499938964844,285.1499938964844,0.0,-0.0,293.15185546875,0.0,0.0,0.0004679328703787,293.1524658203125,294.1499938964844,284.13336181640625,284.13336181640625,290.8102722167969,285.2406616210937,293.1376647949219,0.0,0.0,0.0,0.0,1.0,1.0,-0.000998112373054,5.643312928071964e-09,0.0009981067851185,-0.0138369556516408,0.0,0.0,0.0,-0.0076104500330984,60.0,-6.167957782745361,-0.0,-6.79231746403275e-08,0.0,293.1499938964844,293.1499938964844,293.1499938964844,293.1499938964844,293.1499938964844,293.1499938964844,278.1499938964844,0.0,18000.0,313.1499938964844,0.0,18000.0,0.0,0.0,0.0,0.0,0.0,0.0,0.0,0.0,0.0,0.0,-0.0,-0.0,0.0,0.0,0.0,0.0,0.0,-0.0,0.0,0.0,0.0,0.0,0.0,0.0,0.0,0.0,0.0,4.0,0.0,0.0
11837820,296.750732421875,303.1499938964844,285.1499938964844,0.0,-0.0,293.1517333984375,0.0,0.0,9.352870984002948e-05,296.7281494140625,303.1499938964844,285.1499938964844,0.0,-0.0,293.1517333984375,0.0,0.0,9.849023626884446e-05,296.7182006835937,303.1499938964844,285.1499938964844,0.0,-0.0,293.1517333984375,0.0,0.0,7.274455128936097e-05,296.5936584472656,303.1499938964844,285.1499938964844,0.0,-0.0,293.1517028808594,0.0,0.0,9.849023626884446e-05,296.96502685546875,303.1499938964844,285.1499938964844,0.0,-0.0,293.15185546875,0.0,0.0,0.0004671952628996,293.1524353027344,294.1499938964844,284.11016845703125,284.11016845703125,290.6921081542969,285.0150756835937,293.13482666015625,0.0,0.0,0.0,0.0,1.0,1.0,-0.0009965390199795,5.4593374265721195e-09,0.0009965335484594,-0.013354985974729,0.0,0.0,0.0,-0.007519245147705,60.0,-6.17085599899292,-0.0,-6.770920180088069e-08,0.0,293.1499938964844,293.1499938964844,293.1499938964844,293.1499938964844,293.1499938964844,293.1499938964844,278.1499938964844,0.0,18000.0,313.1499938964844,0.0,18000.0,0.0,0.0,0.0,0.0,0.0,0.0,0.0,0.0,0.0,0.0,-0.0,-0.0,0.0,0.0,0.0,0.0,0.0,-0.0,0.0,0.0,0.0,0.0,0.0,0.0,0.0,0.0,0.0,4.0,0.0,0.0
11837880,296.750732421875,303.1499938964844,285.1499938964844,0.0,-0.0,293.1517333984375,0.0,0.0,9.352870984002948e-05,296.7281494140625,303.1499938964844,285.1499938964844,0.0,-0.0,293.1517333984375,0.0,0.0,9.849023626884446e-05,296.7182006835937,303.1499938964844,285.1499938964844,0.0,-0.0,293.1517333984375,0.0,0.0,7.274455128936097e-05,296.5936584472656,303.1499938964844,285.1499938964844,0.0,-0.0,293.1517028808594,0.0,0.0,9.849023626884446e-05,296.96502685546875,303.1499938964844,285.1499938964844,0.0,-0.0,293.15185546875,0.0,0.0,0.0004671952628996,293.1524353027344,294.1499938964844,284.11016845703125,284.11016845703125,290.6921081542969,285.0150756835937,293.13482666015625,0.0,0.0,0.0,0.0,1.0,1.0,-0.0009965390199795,5.4593374265721195e-09,0.0009965335484594,-0.013354985974729,0.0,0.0,0.0,-0.007519245147705,60.0,-6.17085599899292,-0.0,-6.770920180088069e-08,0.0,293.1499938964844,293.1499938964844,293.1499938964844,293.1499938964844,293.1499938964844,293.1499938964844,278.1499938964844,0.0,18000.0,313.1499938964844,0.0,18000.0,0.0,0.0,0.0,0.0,0.0,0.0,0.0,0.0,0.0,0.0,-0.0,-0.0,0.0,0.0,0.0,0.0,0.0,-0.0,0.0,0.0,0.0,0.0,0.0,0.0,0.0,0.0,0.0,4.0,0.0,0.0
11837940,296.76190185546875,303.1499938964844,285.1499938964844,0.0,-0.0,293.1517333984375,0.0,0.0,9.33953924686648e-05,296.7411193847656,303.1499938964844,285.1499938964844,0.0,-0.0,293.1517333984375,0.0,0.0,9.83498466666788e-05,296.7245788574219,303.1499938964844,285.1499938964844,0.0,-0.0,293.1517333984375,0.0,0.0,7.264086161740124e-05,296.60919189453125,303.1499938964844,285.1499938964844,0.0,-0.0,293.1517028808594,0.0,0.0,9.83498466666788e-05,296.96875,303.1499938964844,285.1499938964844,0.0,-0.0,293.15185546875,0.0,0.0,0.0004665293090511,293.1524353027344,294.1499938964844,284.0859069824219,284.0859069824219,290.5758056640625,284.8362121582031,293.1318054199219,0.0,0.0,0.0,0.0,1.0,1.0,-0.0009951185202226,5.293241400750048e-09,0.0009951131651178,-0.0129198478534817,0.0,0.0,0.0,-0.0074369041249156,60.0,-6.175670623779297,-0.0,-6.751631786983125e-08,0.0,293.1499938964844,293.1499938964844,293.1499938964844,293.1499938964844,293.1499938964844,293.1499938964844,278.1499938964844,0.0,18000.0,313.1499938964844,0.0,18000.0,0.0,0.0,0.0,0.0,0.0,0.0,0.0,0.0,0.0,0.0,-0.0,-0.0,0.0,0.0,0.0,0.0,0.0,-0.0,0.0,0.0,0.0,0.0,0.0,0.0,0.0,0.0,0.0,4.0,0.0,0.0
11838000,296.76190185546875,303.1499938964844,285.1499938964844,0.0,-0.0,293.1517333984375,0.0,0.0,9.33953924686648e-05,296.7411193847656,303.1499938964844,285.1499938964844,0.0,-0.0,293.1517333984375,0.0,0.0,9.83498466666788e-05,296.7245788574219,303.1499938964844,285.1499938964844,0.0,-0.0,293.1517333984375,0.0,0.0,7.264086161740124e-05,296.60919189453125,303.1499938964844,285.1499938964844,0.0,-0.0,293.1517028808594,0.0,0.0,9.83498466666788e-05,296.96875,303.1499938964844,285.1499938964844,0.0,-0.0,293.15185546875,0.0,0.0,0.0004665293090511,293.1524353027344,294.1499938964844,284.0859069824219,284.0859069824219,290.5758056640625,284.8362121582031,293.1318054199219,0.0,0.0,0.0,0.0,1.0,1.0,-0.0009951185202226,5.293241400750048e-09,0.0009951131651178,-0.0129198478534817,0.0,0.0,0.0,-0.0074369041249156,60.0,-6.175670623779297,-0.0,-6.751631786983125e-08,0.0,293.1499938964844,293.1499938964844,293.1499938964844,293.1499938964844,293.1499938964844,293.1499938964844,278.1499938964844,0.0,18000.0,313.1499938964844,0.0,18000.0,0.0,0.0,0.0,0.0,0.0,0.0,0.0,0.0,0.0,0.0,-0.0,-0.0,0.0,0.0,0.0,0.0,0.0,-0.0,0.0,0.0,0.0,0.0,0.0,0.0,0.0,0.0,0.0,4.0,0.0,0.0
11838060,296.77154541015625,303.1499938964844,285.1499938964844,0.0,-0.0,293.1517333984375,0.0,0.0,9.326985309598967e-05,296.752197265625,303.1499938964844,285.1499938964844,0.0,-0.0,293.1517333984375,0.0,0.0,9.821764979278667e-05,296.7298583984375,303.1499938964844,285.1499938964844,0.0,-0.0,293.1517333984375,0.0,0.0,7.25432182662189e-05,296.6235046386719,303.1499938964844,285.1499938964844,0.0,-0.0,293.1517028808594,0.0,0.0,9.821764979278667e-05,296.9730834960937,303.1499938964844,285.1499938964844,0.0,-0.0,293.1518249511719,0.0,0.0,0.00046590223792,293.15240478515625,294.1499938964844,284.0607604980469,284.0607604980469,290.46124267578125,284.6919860839844,293.1286315917969,0.0,0.0,0.0,0.0,1.0,1.0,-0.0009937809081748,5.136834957397696e-09,0.0009937756694853,-0.0125100873410701,0.0,0.0,0.0,-0.0073593663983047,60.0,-6.181746482849121,-0.0,-6.733493052024643e-08,0.0,293.1499938964844,293.1499938964844,293.1499938964844,293.1499938964844,293.1499938964844,293.1499938964844,278.1499938964844,0.0,18000.0,313.1499938964844,0.0,18000.0,0.0,0.0,0.0,0.0,0.0,0.0,0.0,0.0,0.0,0.0,-0.0,-0.0,0.0,0.0,0.0,0.0,0.0,-0.0,0.0,0.0,0.0,0.0,0.0,0.0,0.0,0.0,0.0,4.0,0.0,0.0
11838120,296.77154541015625,303.1499938964844,285.1499938964844,0.0,-0.0,293.1517333984375,0.0,0.0,9.326985309598967e-05,296.752197265625,303.1499938964844,285.1499938964844,0.0,-0.0,293.1517333984375,0.0,0.0,9.821764979278667e-05,296.7298583984375,303.1499938964844,285.1499938964844,0.0,-0.0,293.1517333984375,0.0,0.0,7.25432182662189e-05,296.6235046386719,303.1499938964844,285.1499938964844,0.0,-0.0,293.1517028808594,0.0,0.0,9.821764979278667e-05,296.9730834960937,303.1499938964844,285.1499938964844,0.0,-0.0,293.1518249511719,0.0,0.0,0.00046590223792,293.15240478515625,294.1499938964844,284.0607604980469,284.0607604980469,290.46124267578125,284.6919860839844,293.1286315917969,0.0,0.0,0.0,0.0,1.0,1.0,-0.0009937809081748,5.136834957397696e-09,0.0009937756694853,-0.0125100873410701,0.0,0.0,0.0,-0.0073593663983047,60.0,-6.181746482849121,-0.0,-6.733493052024643e-08,0.0,293.1499938964844,293.1499938964844,293.1499938964844,293.1499938964844,293.1499938964844,293.1499938964844,278.1499938964844,0.0,18000.0,313.1499938964844,0.0,18000.0,0.0,0.0,0.0,0.0,0.0,0.0,0.0,0.0,0.0,0.0,-0.0,-0.0,0.0,0.0,0.0,0.0,0.0,-0.0,0.0,0.0,0.0,0.0,0.0,0.0,0.0,0.0,0.0,4.0,0.0,0.0
11838180,296.7797546386719,303.1499938964844,285.1499938964844,0.0,-0.0,293.1517028808594,0.0,0.0,9.314764611190184e-05,296.7614440917969,303.1499938964844,285.1499938964844,0.0,-0.0,293.1517028808594,0.0,0.0,9.808895993046464e-05,296.7342224121094,303.1499938964844,285.1499938964844,0.0,-0.0,293.1517028808594,0.0,0.0,7.244817243190482e-05,296.6365966796875,303.1499938964844,285.1499938964844,0.0,-0.0,293.15167236328125,0.0,0.0,9.808895993046464e-05,296.9775085449219,303.1499938964844,285.1499938964844,0.0,-0.0,293.1518249511719,0.0,0.0,0.0004652917850762,293.1523742675781,294.1499938964844,284.0350341796875,284.0350341796875,290.3484191894531,284.57403564453125,293.12530517578125,0.0,0.0,0.0,0.0,1.0,1.0,-0.0009924788028001,4.9845825245142805e-09,0.0009924737969413,-0.01211120467633,0.0,0.0,0.0,-0.0072838878259062,60.0,-6.188566207885742,-0.0,-6.715859512951283e-08,0.0,293.1499938964844,293.1499938964844,293.1499938964844,293.1499938964844,293.1499938964844,293.1499938964844,278.1499938964844,0.0,18000.0,313.1499938964844,0.0,18000.0,0.0,0.0,0.0,0.0,0.0,0.0,0.0,0.0,0.0,0.0,-0.0,-0.0,0.0,0.0,0.0,0.0,0.0,-0.0,0.0,0.0,0.0,0.0,0.0,0.0,0.0,0.0,0.0,4.0,0.0,0.0
11838240,296.7797546386719,303.1499938964844,285.1499938964844,0.0,-0.0,293.1517028808594,0.0,0.0,9.314764611190184e-05,296.7614440917969,303.1499938964844,285.1499938964844,0.0,-0.0,293.1517028808594,0.0,0.0,9.808895993046464e-05,296.7342224121094,303.1499938964844,285.1499938964844,0.0,-0.0,293.1517028808594,0.0,0.0,7.244817243190482e-05,296.6365966796875,303.1499938964844,285.1499938964844,0.0,-0.0,293.15167236328125,0.0,0.0,9.808895993046464e-05,296.9775085449219,303.1499938964844,285.1499938964844,0.0,-0.0,293.1518249511719,0.0,0.0,0.0004652917850762,293.1523742675781,294.1499938964844,284.0350341796875,284.0350341796875,290.3484191894531,284.57403564453125,293.12530517578125,0.0,0.0,0.0,0.0,1.0,1.0,-0.0009924788028001,4.9845825245142805e-09,0.0009924737969413,-0.01211120467633,0.0,0.0,0.0,-0.0072838878259062,60.0,-6.188566207885742,-0.0,-6.715859512951283e-08,0.0,293.1499938964844,293.1499938964844,293.1499938964844,293.1499938964844,293.1499938964844,293.1499938964844,278.1499938964844,0.0,18000.0,313.1499938964844,0.0,18000.0,0.0,0.0,0.0,0.0,0.0,0.0,0.0,0.0,0.0,0.0,-0.0,-0.0,0.0,0.0,0.0,0.0,0.0,-0.0,0.0,0.0,0.0,0.0,0.0,0.0,0.0,0.0,0.0,4.0,0.0,0.0
11838300,296.7833557128906,303.1499938964844,285.1499938964844,0.0,-0.0,293.1517028808594,0.0,0.0,9.308702283306049e-05,296.7654724121094,303.1499938964844,285.1499938964844,0.0,-0.0,293.1517028808594,0.0,0.0,9.802511340240017e-05,296.736083984375,303.1499938964844,285.1499938964844,0.0,-0.0,293.1517028808594,0.0,0.0,7.24010169506073e-05,296.6427307128906,303.1499938964844,285.1499938964844,0.0,-0.0,293.15167236328125,0.0,0.0,9.802511340240017e-05,296.97967529296875,303.1499938964844,285.1499938964844,0.0,-0.0,293.1517944335937,0.0,0.0,0.0004649889597203,293.15234375,294.1499938964844,284.02203369140625,284.02203369140625,290.2926330566406,284.5228881835937,293.1236267089844,0.0,0.0,0.0,0.0,1.0,1.0,-0.0009918328141793,4.909047390810883e-09,0.0009918278083205,-0.0119133098050951,0.0,0.0,0.0,-0.0072464421391487,60.0,-6.192129611968994,-0.0,-6.707119837301434e-08,0.0,293.1499938964844,293.1499938964844,293.1499938964844,293.1499938964844,293.1499938964844,293.1499938964844,278.1499938964844,0.0,18000.0,313.1499938964844,0.0,18000.0,0.0,0.0,0.0,0.0,0.0,0.0,0.0,0.0,0.0,0.0,-0.0,-0.0,0.0,0.0,0.0,0.0,0.0,-0.0,0.0,0.0,0.0,0.0,0.0,0.0,0.0,0.0,0.0,4.0,0.0,0.0
11838360,296.7866516113281,303.1499938964844,285.1499938964844,0.0,-0.0,293.15167236328125,0.0,0.0,9.3026552349329e-05,296.76910400390625,303.1499938964844,285.1499938964844,0.0,-0.0,293.15167236328125,0.0,0.0,9.796144149731845e-05,296.73779296875,303.1499938964844,285.1499938964844,0.0,-0.0,293.15167236328125,0.0,0.0,7.235398516058922e-05,296.6485900878906,303.1499938964844,285.1499938964844,0.0,-0.0,293.15167236328125,0.0,0.0,9.796144149731845e-05,296.9818115234375,303.1499938964844,285.1499938964844,0.0,-0.0,293.1517944335937,0.0,0.0,0.0004646869201678,293.1523132324219,294.1499938964844,284.0089416503906,284.0089416503906,290.2372741699219,284.47613525390625,293.12188720703125,0.0,0.0,0.0,0.0,1.0,1.0,-0.0009911885717883,4.833714761787178e-09,0.0009911836823448,-0.0117159439250826,0.0,0.0,0.0,-0.0072090965695679,60.0,-6.195747375488281,-0.0,-6.698409293903751e-08,0.0,293.1499938964844,293.1499938964844,293.1499938964844,293.1499938964844,293.1499938964844,293.1499938964844,278.1499938964844,0.0,18000.0,313.1499938964844,0.0,18000.0,0.0,0.0,0.0,0.0,0.0,0.0,0.0,0.0,0.0,0.0,-0.0,-0.0,0.0,0.0,0.0,0.0,0.0,-0.0,0.0,0.0,0.0,0.0,0.0,0.0,0.0,0.0,0.0,4.0,0.0,0.0
11838420,296.7924194335937,303.1499938964844,285.1499938964844,0.0,-0.0,293.15167236328125,0.0,0.0,9.290627349400891e-05,296.7754211425781,303.1499938964844,285.1499938964844,0.0,-0.0,293.15167236328125,0.0,0.0,9.783478162717074e-05,296.7406921386719,303.1499938964844,285.1499938964844,0.0,-0.0,293.15167236328125,0.0,0.0,7.226043817354366e-05,296.6596069335937,303.1499938964844,285.1499938964844,0.0,-0.0,293.1516418457031,0.0,0.0,9.783478162717074e-05,296.98583984375,303.1499938964844,285.1499938964844,0.0,-0.0,293.1517639160156,0.0,0.0,0.000464086071588,293.1522827148437,294.1499938964844,283.9827575683594,283.9827575683594,290.12774658203125,284.3936767578125,293.11834716796875,0.0,0.0,0.0,0.0,1.0,1.0,-0.0009899069555103,4.683857302012484e-09,0.0009899021824821,-0.0113233244046568,0.0,0.0,0.0,-0.0071348054334521,60.0,-6.203044891357422,-0.0,-6.681098341232429e-08,0.0,293.1499938964844,293.1499938964844,293.1499938964844,293.1499938964844,293.1499938964844,293.1499938964844,278.1499938964844,0.0,18000.0,313.1499938964844,0.0,18000.0,0.0,0.0,0.0,0.0,0.0,0.0,0.0,0.0,0.0,0.0,-0.0,-0.0,0.0,0.0,0.0,0.0,0.0,-0.0,0.0,0.0,0.0,0.0,0.0,0.0,0.0,0.0,0.0,4.0,0.0,0.0
11838480,296.7924194335937,303.1499938964844,285.1499938964844,0.0,-0.0,293.15167236328125,0.0,0.0,9.290627349400891e-05,296.7754211425781,303.1499938964844,285.1499938964844,0.0,-0.0,293.15167236328125,0.0,0.0,9.783478162717074e-05,296.7406921386719,303.1499938964844,285.1499938964844,0.0,-0.0,293.15167236328125,0.0,0.0,7.226043817354366e-05,296.6596069335937,303.1499938964844,285.1499938964844,0.0,-0.0,293.1516418457031,0.0,0.0,9.783478162717074e-05,296.98583984375,303.1499938964844,285.1499938964844,0.0,-0.0,293.1517639160156,0.0,0.0,0.000464086071588,293.1522827148437,294.1499938964844,283.9827575683594,283.9827575683594,290.12774658203125,284.3936767578125,293.11834716796875,0.0,0.0,0.0,0.0,1.0,1.0,-0.0009899069555103,4.683857302012484e-09,0.0009899021824821,-0.0113233244046568,0.0,0.0,0.0,-0.0071348054334521,60.0,-6.203044891357422,-0.0,-6.681098341232429e-08,0.0,293.1499938964844,293.1499938964844,293.1499938964844,293.1499938964844,293.1499938964844,293.1499938964844,278.1499938964844,0.0,18000.0,313.1499938964844,0.0,18000.0,0.0,0.0,0.0,0.0,0.0,0.0,0.0,0.0,0.0,0.0,-0.0,-0.0,0.0,0.0,0.0,0.0,0.0,-0.0,0.0,0.0,0.0,0.0,0.0,0.0,0.0,0.0,0.0,4.0,0.0,0.0
11838540,296.7972106933594,303.1499938964844,285.1499938964844,0.0,-0.0,293.1516418457031,0.0,0.0,9.278790093958378e-05,296.780517578125,303.1499938964844,285.1499938964844,0.0,-0.0,293.1516418457031,0.0,0.0,9.771012992132456e-05,296.7430725097656,303.1499938964844,285.1499938964844,0.0,-0.0,293.1516418457031,0.0,0.0,7.216836820589378e-05,296.6697082519531,303.1499938964844,285.1499938964844,0.0,-0.0,293.151611328125,0.0,0.0,9.771012992132456e-05,296.989501953125,303.1499938964844,285.1499938964844,0.0,-0.0,293.1517333984375,0.0,0.0,0.0004634947981685,293.1522216796875,294.1499938964844,283.9566955566406,283.9566955566406,290.01983642578125,284.3233642578125,293.11474609375,0.0,0.0,0.0,0.0,1.0,1.0,-0.0009886457119137,4.536381492670216e-09,0.0009886411717161,-0.0109369400888681,0.0,0.0,0.0,-0.0070616952143609,60.0,-6.210326194763184,-0.0,-6.664084395424652e-08,0.0,293.1499938964844,293.1499938964844,293.1499938964844,293.1499938964844,293.1499938964844,293.1499938964844,278.1499938964844,0.0,18000.0,313.1499938964844,0.0,18000.0,0.0,0.0,0.0,0.0,0.0,0.0,0.0,0.0,0.0,0.0,-0.0,-0.0,0.0,0.0,0.0,0.0,0.0,-0.0,0.0,0.0,0.0,0.0,0.0,0.0,0.0,0.0,0.0,4.0,0.0,0.0
11838600,296.7972106933594,303.1499938964844,285.1499938964844,0.0,-0.0,293.1516418457031,0.0,0.0,9.278790093958378e-05,296.780517578125,303.1499938964844,285.1499938964844,0.0,-0.0,293.1516418457031,0.0,0.0,9.771012992132456e-05,296.7430725097656,303.1499938964844,285.1499938964844,0.0,-0.0,293.1516418457031,0.0,0.0,7.216836820589378e-05,296.6697082519531,303.1499938964844,285.1499938964844,0.0,-0.0,293.151611328125,0.0,0.0,9.771012992132456e-05,296.989501953125,303.1499938964844,285.1499938964844,0.0,-0.0,293.1517333984375,0.0,0.0,0.0004634947981685,293.1522216796875,294.1499938964844,283.9566955566406,283.9566955566406,290.01983642578125,284.3233642578125,293.11474609375,0.0,0.0,0.0,0.0,1.0,1.0,-0.0009886457119137,4.536381492670216e-09,0.0009886411717161,-0.0109369400888681,0.0,0.0,0.0,-0.0070616952143609,60.0,-6.210326194763184,-0.0,-6.664084395424652e-08,0.0,293.1499938964844,293.1499938964844,293.1499938964844,293.1499938964844,293.1499938964844,293.1499938964844,278.1499938964844,0.0,18000.0,313.1499938964844,0.0,18000.0,0.0,0.0,0.0,0.0,0.0,0.0,0.0,0.0,0.0,0.0,-0.0,-0.0,0.0,0.0,0.0,0.0,0.0,-0.0,0.0,0.0,0.0,0.0,0.0,0.0,0.0,0.0,0.0,4.0,0.0,0.0
11838660,296.8011169433594,303.1499938964844,285.1499938964844,0.0,-0.0,293.1515808105469,0.0,0.0,9.2673406470567e-05,296.7846374511719,303.1499938964844,285.1499938964844,0.0,-0.0,293.1515808105469,0.0,0.0,9.758956002769992e-05,296.7450256347656,303.1499938964844,285.1499938964844,0.0,-0.0,293.1515808105469,0.0,0.0,7.20793177606538e-05,296.6789855957031,303.1499938964844,285.1499938964844,0.0,-0.0,293.1515808105469,0.0,0.0,9.758956002769992e-05,296.9928283691406,303.1499938964844,285.1499938964844,0.0,-0.0,293.1517028808594,0.0,0.0,0.0004629228496924,293.15216064453125,294.1499938964844,283.9310302734375,283.9310302734375,289.9134826660156,284.2625732421875,293.11102294921875,0.0,0.0,0.0,0.0,1.0,1.0,-0.0009874256793409,4.393734709395858e-09,0.0009874212555587,-0.0105632031336426,0.0,0.0,0.0,-0.0069909789599478,60.0,-6.217532157897949,-0.0,-6.647648831403785e-08,0.0,293.1499938964844,293.1499938964844,293.1499938964844,293.1499938964844,293.1499938964844,293.1499938964844,278.1499938964844,0.0,18000.0,313.1499938964844,0.0,18000.0,0.0,0.0,0.0,0.0,0.0,0.0,0.0,0.0,0.0,0.0,-0.0,-0.0,0.0,0.0,0.0,0.0,0.0,-0.0,0.0,0.0,0.0,0.0,0.0,0.0,0.0,0.0,0.0,4.0,0.0,0.0
11838720,296.8011169433594,303.1499938964844,285.1499938964844,0.0,-0.0,293.1515808105469,0.0,0.0,9.2673406470567e-05,296.7846374511719,303.1499938964844,285.1499938964844,0.0,-0.0,293.1515808105469,0.0,0.0,9.758956002769992e-05,296.7450256347656,303.1499938964844,285.1499938964844,0.0,-0.0,293.1515808105469,0.0,0.0,7.20793177606538e-05,296.6789855957031,303.1499938964844,285.1499938964844,0.0,-0.0,293.1515808105469,0.0,0.0,9.758956002769992e-05,296.9928283691406,303.1499938964844,285.1499938964844,0.0,-0.0,293.1517028808594,0.0,0.0,0.0004629228496924,293.15216064453125,294.1499938964844,283.9310302734375,283.9310302734375,289.9134826660156,284.2625732421875,293.11102294921875,0.0,0.0,0.0,0.0,1.0,1.0,-0.0009874256793409,4.393734709395858e-09,0.0009874212555587,-0.0105632031336426,0.0,0.0,0.0,-0.0069909789599478,60.0,-6.217532157897949,-0.0,-6.647648831403785e-08,0.0,293.1499938964844,293.1499938964844,293.1499938964844,293.1499938964844,293.1499938964844,293.1499938964844,278.1499938964844,0.0,18000.0,313.1499938964844,0.0,18000.0,0.0,0.0,0.0,0.0,0.0,0.0,0.0,0.0,0.0,0.0,-0.0,-0.0,0.0,0.0,0.0,0.0,0.0,-0.0,0.0,0.0,0.0,0.0,0.0,0.0,0.0,0.0,0.0,4.0,0.0,0.0
11838780,296.8042907714844,303.1499938964844,285.1499938964844,0.0,-0.0,293.15155029296875,0.0,0.0,9.25651693250984e-05,296.78790283203125,303.1499938964844,285.1499938964844,0.0,-0.0,293.15155029296875,0.0,0.0,9.747558215167372e-05,296.74658203125,303.1499938964844,285.1499938964844,0.0,-0.0,293.15155029296875,0.0,0.0,7.199513493105769e-05,296.6875,303.1499938964844,285.1499938964844,0.0,-0.0,293.1515197753906,0.0,0.0,9.747558215167372e-05,296.99578857421875,303.1499938964844,285.1499938964844,0.0,-0.0,293.1516418457031,0.0,0.0,0.000462382187834,293.152099609375,294.1499938964844,283.906005859375,283.906005859375,289.8086853027344,284.2093200683594,293.1072692871094,0.0,0.0,0.0,0.0,1.0,1.0,-0.0009862724691629,4.2588861326464675e-09,0.000986268161796,-0.0102098928764462,0.0,0.0,0.0,-0.0069241281598806,60.0,-6.224648952484131,-0.0,-6.63212986751205e-08,0.0,293.1499938964844,293.1499938964844,293.1499938964844,293.1499938964844,293.1499938964844,293.1499938964844,278.1499938964844,0.0,18000.0,313.1499938964844,0.0,18000.0,0.0,0.0,0.0,0.0,0.0,0.0,0.0,0.0,0.0,0.0,-0.0,-0.0,0.0,0.0,0.0,0.0,0.0,-0.0,0.0,0.0,0.0,0.0,0.0,0.0,0.0,0.0,0.0,4.0,0.0,0.0
11838840,296.8042907714844,303.1499938964844,285.1499938964844,0.0,-0.0,293.15155029296875,0.0,0.0,9.25651693250984e-05,296.78790283203125,303.1499938964844,285.1499938964844,0.0,-0.0,293.15155029296875,0.0,0.0,9.747558215167372e-05,296.74658203125,303.1499938964844,285.1499938964844,0.0,-0.0,293.15155029296875,0.0,0.0,7.199513493105769e-05,296.6875,303.1499938964844,285.1499938964844,0.0,-0.0,293.1515197753906,0.0,0.0,9.747558215167372e-05,296.99578857421875,303.1499938964844,285.1499938964844,0.0,-0.0,293.1516418457031,0.0,0.0,0.000462382187834,293.152099609375,294.1499938964844,283.906005859375,283.906005859375,289.8086853027344,284.2093200683594,293.1072692871094,0.0,0.0,0.0,0.0,1.0,1.0,-0.0009862724691629,4.2588861326464675e-09,0.000986268161796,-0.0102098928764462,0.0,0.0,0.0,-0.0069241281598806,60.0,-6.224648952484131,-0.0,-6.63212986751205e-08,0.0,293.1499938964844,293.1499938964844,293.1499938964844,293.1499938964844,293.1499938964844,293.1499938964844,278.1499938964844,0.0,18000.0,313.1499938964844,0.0,18000.0,0.0,0.0,0.0,0.0,0.0,0.0,0.0,0.0,0.0,0.0,-0.0,-0.0,0.0,0.0,0.0,0.0,0.0,-0.0,0.0,0.0,0.0,0.0,0.0,0.0,0.0,0.0,0.0,4.0,0.0,0.0
11838900,296.8056335449219,303.1499938964844,285.1499938964844,0.0,-0.0,293.1515197753906,0.0,0.0,9.251414303435011e-05,296.7892761230469,303.1499938964844,285.1499938964844,0.0,-0.0,293.1515197753906,0.0,0.0,9.7421849204693e-05,296.7472229003906,303.1499938964844,285.1499938964844,0.0,-0.0,293.1515197753906,0.0,0.0,7.195544458227232e-05,296.6914978027344,303.1499938964844,285.1499938964844,0.0,-0.0,293.1514892578125,0.0,0.0,9.7421849204693e-05,296.99713134765625,303.1499938964844,285.1499938964844,0.0,-0.0,293.1516418457031,0.0,0.0,0.0004621273255906,293.15203857421875,294.1499938964844,283.893798828125,283.893798828125,289.7568359375,284.18505859375,293.1053466796875,0.0,0.0,0.0,0.0,1.0,1.0,-0.0009857286931946,4.19531476225643e-09,0.0009857245022431,-0.0100433314219117,0.0,0.0,0.0,-0.0068926131352782,60.0,-6.228175163269043,-0.0,-6.62481980384655e-08,0.0,293.1499938964844,293.1499938964844,293.1499938964844,293.1499938964844,293.1499938964844,293.1499938964844,278.1499938964844,0.0,18000.0,313.1499938964844,0.0,18000.0,0.0,0.0,0.0,0.0,0.0,0.0,0.0,0.0,0.0,0.0,-0.0,-0.0,0.0,0.0,0.0,0.0,0.0,-0.0,0.0,0.0,0.0,0.0,0.0,0.0,0.0,0.0,0.0,4.0,0.0,0.0
11838960,296.8068542480469,303.1499938964844,285.1499938964844,0.0,-0.0,293.1514892578125,0.0,0.0,9.246559056919068e-05,296.7904663085937,303.1499938964844,285.1499938964844,0.0,-0.0,293.1514892578125,0.0,0.0,9.737072105053812e-05,296.747802734375,303.1499938964844,285.1499938964844,0.0,-0.0,293.1514892578125,0.0,0.0,7.191768236225471e-05,296.6953125,303.1499938964844,285.1499938964844,0.0,-0.0,293.1514892578125,0.0,0.0,9.737072105053812e-05,296.9984130859375,303.1499938964844,285.1499938964844,0.0,-0.0,293.151611328125,0.0,0.0,0.0004618847742676,293.1520080566406,294.1499938964844,283.8818359375,283.8818359375,289.70538330078125,284.16217041015625,293.1034240722656,0.0,0.0,0.0,0.0,1.0,1.0,-0.0009852113435044,4.134822262358284e-09,0.0009852072689682,-0.0098848370835185,0.0,0.0,0.0,-0.0068626240827143,60.0,-6.231680870056152,-0.0,-6.617867853719872e-08,0.0,293.1499938964844,293.1499938964844,293.1499938964844,293.1499938964844,293.1499938964844,293.1499938964844,278.1499938964844,0.0,18000.0,313.1499938964844,0.0,18000.0,0.0,0.0,0.0,0.0,0.0,0.0,0.0,0.0,0.0,0.0,-0.0,-0.0,0.0,0.0,0.0,0.0,0.0,-0.0,0.0,0.0,0.0,0.0,0.0,0.0,0.0,0.0,0.0,4.0,0.0,0.0
11839020,296.8088684082031,303.1499938964844,285.1499938964844,0.0,-0.0,293.15142822265625,0.0,0.0,9.2377005785238e-05,296.7924194335937,303.1499938964844,285.1499938964844,0.0,-0.0,293.1514587402344,0.0,0.0,9.727743599796668e-05,296.7487487792969,303.1499938964844,285.1499938964844,0.0,-0.0,293.15142822265625,0.0,0.0,7.184877904364839e-05,296.7024230957031,303.1499938964844,285.1499938964844,0.0,-0.0,293.15142822265625,0.0,0.0,9.727743599796668e-05,297.0007019042969,303.1499938964844,285.1499938964844,0.0,-0.0,293.15155029296875,0.0,0.0,0.0004614422505255,293.15191650390625,294.1499938964844,283.8587951660156,283.8587951660156,289.6036071777344,284.1198425292969,293.0995483398437,0.0,0.0,0.0,0.0,1.0,1.0,-0.0009842674480751,4.024452771034248e-09,0.0009842633735388,-0.0095956567674875,0.0,0.0,0.0,-0.0068079088814556,60.0,-6.2386322021484375,-0.0,-6.605193192399383e-08,0.0,293.1499938964844,293.1499938964844,293.1499938964844,293.1499938964844,293.1499938964844,293.1499938964844,278.1499938964844,0.0,18000.0,313.1499938964844,0.0,18000.0,0.0,0.0,0.0,0.0,0.0,0.0,0.0,0.0,0.0,0.0,-0.0,-0.0,0.0,0.0,0.0,0.0,0.0,-0.0,0.0,0.0,0.0,0.0,0.0,0.0,0.0,0.0,0.0,4.0,0.0,0.0
11839080,296.8088684082031,303.1499938964844,285.1499938964844,0.0,-0.0,293.15142822265625,0.0,0.0,9.2377005785238e-05,296.7924194335937,303.1499938964844,285.1499938964844,0.0,-0.0,293.1514587402344,0.0,0.0,9.727743599796668e-05,296.7487487792969,303.1499938964844,285.1499938964844,0.0,-0.0,293.15142822265625,0.0,0.0,7.184877904364839e-05,296.7024230957031,303.1499938964844,285.1499938964844,0.0,-0.0,293.15142822265625,0.0,0.0,9.727743599796668e-05,297.0007019042969,303.1499938964844,285.1499938964844,0.0,-0.0,293.15155029296875,0.0,0.0,0.0004614422505255,293.15191650390625,294.1499938964844,283.8587951660156,283.8587951660156,289.6036071777344,284.1198425292969,293.0995483398437,0.0,0.0,0.0,0.0,1.0,1.0,-0.0009842674480751,4.024452771034248e-09,0.0009842633735388,-0.0095956567674875,0.0,0.0,0.0,-0.0068079088814556,60.0,-6.2386322021484375,-0.0,-6.605193192399383e-08,0.0,293.1499938964844,293.1499938964844,293.1499938964844,293.1499938964844,293.1499938964844,293.1499938964844,278.1499938964844,0.0,18000.0,313.1499938964844,0.0,18000.0,0.0,0.0,0.0,0.0,0.0,0.0,0.0,0.0,0.0,0.0,-0.0,-0.0,0.0,0.0,0.0,0.0,0.0,-0.0,0.0,0.0,0.0,0.0,0.0,0.0,0.0,0.0,0.0,4.0,0.0,0.0
11839140,296.8104248046875,303.1499938964844,285.1499938964844,0.0,-0.0,293.1513671875,0.0,0.0,9.230137220583856e-05,296.7938842773437,303.1499938964844,285.1499938964844,0.0,-0.0,293.1513671875,0.0,0.0,9.719779336592184e-05,296.7493591308594,303.1499938964844,285.1499938964844,0.0,-0.0,293.1513671875,0.0,0.0,7.178996020229533e-05,296.7088928222656,303.1499938964844,285.1499938964844,0.0,-0.0,293.1513671875,0.0,0.0,9.719779336592184e-05,297.002685546875,303.1499938964844,285.1499938964844,0.0,-0.0,293.1514892578125,0.0,0.0,0.0004610644828062,293.1518249511719,294.1499938964844,283.8371276855469,283.8371276855469,289.5032653808594,284.08154296875,293.0956115722656,0.0,0.0,0.0,0.0,1.0,1.0,-0.0009834616212174,3.93023080746957e-09,0.0009834576630964,-0.0093487845733761,0.0,0.0,0.0,-0.0067611988633871,60.0,-6.245492935180664,-0.0,-6.594382284674793e-08,0.0,293.1499938964844,293.1499938964844,293.1499938964844,293.1499938964844,293.1499938964844,293.1499938964844,278.1499938964844,0.0,18000.0,313.1499938964844,0.0,18000.0,0.0,0.0,0.0,0.0,0.0,0.0,0.0,0.0,0.0,0.0,-0.0,-0.0,0.0,0.0,0.0,0.0,0.0,-0.0,0.0,0.0,0.0,0.0,0.0,0.0,0.0,0.0,0.0,4.0,0.0,0.0
11839200,296.8104248046875,303.1499938964844,285.1499938964844,0.0,-0.0,293.1513671875,0.0,0.0,9.230137220583856e-05,296.7938842773437,303.1499938964844,285.1499938964844,0.0,-0.0,293.1513671875,0.0,0.0,9.719779336592184e-05,296.7493591308594,303.1499938964844,285.1499938964844,0.0,-0.0,293.1513671875,0.0,0.0,7.178996020229533e-05,296.7088928222656,303.1499938964844,285.1499938964844,0.0,-0.0,293.1513671875,0.0,0.0,9.719779336592184e-05,297.002685546875,303.1499938964844,285.1499938964844,0.0,-0.0,293.1514892578125,0.0,0.0,0.0004610644828062,293.1518249511719,294.1499938964844,283.8371276855469,283.8371276855469,289.5032653808594,284.08154296875,293.0956115722656,0.0,0.0,0.0,0.0,1.0,1.0,-0.0009834616212174,3.93023080746957e-09,0.0009834576630964,-0.0093487845733761,0.0,0.0,0.0,-0.0067611988633871,60.0,-6.245492935180664,-0.0,-6.594382284674793e-08,0.0,293.1499938964844,293.1499938964844,293.1499938964844,293.1499938964844,293.1499938964844,293.1499938964844,278.1499938964844,0.0,18000.0,313.1499938964844,0.0,18000.0,0.0,0.0,0.0,0.0,0.0,0.0,0.0,0.0,0.0,0.0,-0.0,-0.0,0.0,0.0,0.0,0.0,0.0,-0.0,0.0,0.0,0.0,0.0,0.0,0.0,0.0,0.0,0.0,4.0,0.0,0.0
11839260,296.8115539550781,303.1499938964844,285.1499938964844,0.0,-0.0,293.1513061523437,0.0,0.0,9.224047244060785e-05,296.7948913574219,303.1499938964844,285.1499938964844,0.0,-0.0,293.1513061523437,0.0,0.0,9.71336557995528e-05,296.74969482421875,303.1499938964844,285.1499938964844,0.0,-0.0,293.1513061523437,0.0,0.0,7.174258644226938e-05,296.7147521972656,303.1499938964844,285.1499938964844,0.0,-0.0,293.1512756347656,0.0,0.0,9.71336557995528e-05,297.0044250488281,303.1499938964844,285.1499938964844,0.0,-0.0,293.1513977050781,0.0,0.0,0.0004607602313626,293.1517028808594,294.1499938964844,283.81707763671875,283.81707763671875,289.4044189453125,284.04656982421875,293.0916442871094,0.0,0.0,0.0,0.0,1.0,1.0,-0.0009828126057982,3.85434884009328e-09,0.0009828087640926,-0.0091499639675021,0.0,0.0,0.0,-0.0067235804162919,60.0,-6.252240180969238,-0.0,-6.585682399418148e-08,0.0,293.1499938964844,293.1499938964844,293.1499938964844,293.1499938964844,293.1499938964844,293.1499938964844,278.1499938964844,0.0,18000.0,313.1499938964844,0.0,18000.0,0.0,0.0,0.0,0.0,0.0,0.0,0.0,0.0,0.0,0.0,-0.0,-0.0,0.0,0.0,0.0,0.0,0.0,-0.0,0.0,0.0,0.0,0.0,0.0,0.0,0.0,0.0,0.0,4.0,0.0,0.0
11839320,296.8115539550781,303.1499938964844,285.1499938964844,0.0,-0.0,293.1513061523437,0.0,0.0,9.224047244060785e-05,296.7948913574219,303.1499938964844,285.1499938964844,0.0,-0.0,293.1513061523437,0.0,0.0,9.71336557995528e-05,296.74969482421875,303.1499938964844,285.1499938964844,0.0,-0.0,293.1513061523437,0.0,0.0,7.174258644226938e-05,296.7147521972656,303.1499938964844,285.1499938964844,0.0,-0.0,293.1512756347656,0.0,0.0,9.71336557995528e-05,297.0044250488281,303.1499938964844,285.1499938964844,0.0,-0.0,293.1513977050781,0.0,0.0,0.0004607602313626,293.1517028808594,294.1499938964844,283.81707763671875,283.81707763671875,289.4044189453125,284.04656982421875,293.0916442871094,0.0,0.0,0.0,0.0,1.0,1.0,-0.0009828126057982,3.85434884009328e-09,0.0009828087640926,-0.0091499639675021,0.0,0.0,0.0,-0.0067235804162919,60.0,-6.252240180969238,-0.0,-6.585682399418148e-08,0.0,293.1499938964844,293.1499938964844,293.1499938964844,293.1499938964844,293.1499938964844,293.1499938964844,278.1499938964844,0.0,18000.0,313.1499938964844,0.0,18000.0,0.0,0.0,0.0,0.0,0.0,0.0,0.0,0.0,0.0,0.0,-0.0,-0.0,0.0,0.0,0.0,0.0,0.0,-0.0,0.0,0.0,0.0,0.0,0.0,0.0,0.0,0.0,0.0,4.0,0.0,0.0
11839380,296.8123474121094,303.1499938964844,285.1499938964844,0.0,-0.0,293.1512145996094,0.0,0.0,9.219594358000904e-05,296.7955322265625,303.1499938964844,285.1499938964844,0.0,-0.0,293.1512145996094,0.0,0.0,9.7086769528687e-05,296.74969482421875,303.1499938964844,285.1499938964844,0.0,-0.0,293.1512145996094,0.0,0.0,7.170796015998349e-05,296.7200012207031,303.1499938964844,285.1499938964844,0.0,-0.0,293.1512145996094,0.0,0.0,9.7086769528687e-05,297.005859375,303.1499938964844,285.1499938964844,0.0,-0.0,293.1513366699219,0.0,0.0,0.0004605378489941,293.1515808105469,294.1499938964844,283.79888916015625,283.79888916015625,289.3070068359375,284.014404296875,293.0876159667969,0.0,0.0,0.0,0.0,1.0,1.0,-0.0009823380969464,3.798878100980119e-09,0.0009823343716561,-0.0090046217665076,0.0,0.0,0.0,-0.0066960807889699,60.0,-6.258831977844238,-0.0,-6.579325884104037e-08,0.0,293.1499938964844,293.1499938964844,293.1499938964844,293.1499938964844,293.1499938964844,293.1499938964844,278.1499938964844,0.0,18000.0,313.1499938964844,0.0,18000.0,0.0,0.0,0.0,0.0,0.0,0.0,0.0,0.0,0.0,0.0,-0.0,-0.0,0.0,0.0,0.0,0.0,0.0,-0.0,0.0,0.0,0.0,0.0,0.0,0.0,0.0,0.0,0.0,4.0,0.0,0.0
11839440,296.8123474121094,303.1499938964844,285.1499938964844,0.0,-0.0,293.1512145996094,0.0,0.0,9.219594358000904e-05,296.7955322265625,303.1499938964844,285.1499938964844,0.0,-0.0,293.1512145996094,0.0,0.0,9.7086769528687e-05,296.74969482421875,303.1499938964844,285.1499938964844,0.0,-0.0,293.1512145996094,0.0,0.0,7.170796015998349e-05,296.7200012207031,303.1499938964844,285.1499938964844,0.0,-0.0,293.1512145996094,0.0,0.0,9.7086769528687e-05,297.005859375,303.1499938964844,285.1499938964844,0.0,-0.0,293.1513366699219,0.0,0.0,0.0004605378489941,293.1515808105469,294.1499938964844,283.79888916015625,283.79888916015625,289.3070068359375,284.014404296875,293.0876159667969,0.0,0.0,0.0,0.0,1.0,1.0,-0.0009823380969464,3.798878100980119e-09,0.0009823343716561,-0.0090046217665076,0.0,0.0,0.0,-0.0066960807889699,60.0,-6.258831977844238,-0.0,-6.579325884104037e-08,0.0,293.1499938964844,293.1499938964844,293.1499938964844,293.1499938964844,293.1499938964844,293.1499938964844,278.1499938964844,0.0,18000.0,313.1499938964844,0.0,18000.0,0.0,0.0,0.0,0.0,0.0,0.0,0.0,0.0,0.0,0.0,-0.0,-0.0,0.0,0.0,0.0,0.0,0.0,-0.0,0.0,0.0,0.0,0.0,0.0,0.0,0.0,0.0,0.0,4.0,0.0,0.0
11839500,296.8126220703125,303.1499938964844,285.1499938964844,0.0,-0.0,293.15118408203125,0.0,0.0,9.218026389135048e-05,296.79571533203125,303.1499938964844,285.1499938964844,0.0,-0.0,293.15118408203125,0.0,0.0,9.707026038086042e-05,296.7495422363281,303.1499938964844,285.1499938964844,0.0,-0.0,293.15118408203125,0.0,0.0,7.169576565502211e-05,296.722412109375,303.1499938964844,285.1499938964844,0.0,-0.0,293.1511535644531,0.0,0.0,9.707026038086042e-05,297.0065002441406,303.1499938964844,285.1499938964844,0.0,-0.0,293.1512756347656,0.0,0.0,0.0004604595305863,293.1515197753906,294.1499938964844,283.79058837890625,283.79058837890625,289.25885009765625,283.999267578125,293.0856018066406,0.0,0.0,0.0,0.0,1.0,1.0,-0.0009821710409596,3.779343504817234e-09,0.0009821673156693,-0.0089534390717744,0.0,0.0,0.0,-0.0066863964311778,60.0,-6.262053966522217,-0.0,-6.577088385029128e-08,0.0,293.1499938964844,293.1499938964844,293.1499938964844,293.1499938964844,293.1499938964844,293.1499938964844,278.1499938964844,0.0,18000.0,313.1499938964844,0.0,18000.0,0.0,0.0,0.0,0.0,0.0,0.0,0.0,0.0,0.0,0.0,-0.0,-0.0,0.0,0.0,0.0,0.0,0.0,-0.0,0.0,0.0,0.0,0.0,0.0,0.0,0.0,0.0,0.0,4.0,0.0,0.0
11839560,296.81280517578125,303.1499938964844,285.1499938964844,0.0,-0.0,293.151123046875,0.0,0.0,9.216923353960738e-05,296.7958374023437,303.1499938964844,285.1499938964844,0.0,-0.0,293.151123046875,0.0,0.0,9.705864067655055e-05,296.74932861328125,303.1499938964844,285.1499938964844,0.0,-0.0,293.151123046875,0.0,0.0,7.168718002503738e-05,296.72467041015625,303.1499938964844,285.1499938964844,0.0,-0.0,293.151123046875,0.0,0.0,9.705864067655055e-05,297.007080078125,303.1499938964844,285.1499938964844,0.0,-0.0,293.1512451171875,0.0,0.0,0.0004604044079314,293.1514587402344,294.1499938964844,283.7828369140625,283.7828369140625,289.2110290527344,283.9847106933594,293.08355712890625,0.0,0.0,0.0,0.0,1.0,1.0,-0.0009820534614846,3.765597167415535e-09,0.0009820497361943,-0.0089174211025238,0.0,0.0,0.0,-0.0066795814782381,60.0,-6.265217304229736,-0.0,-6.575513822326684e-08,0.0,293.1499938964844,293.1499938964844,293.1499938964844,293.1499938964844,293.1499938964844,293.1499938964844,278.1499938964844,0.0,18000.0,313.1499938964844,0.0,18000.0,0.0,0.0,0.0,0.0,0.0,0.0,0.0,0.0,0.0,0.0,-0.0,-0.0,0.0,0.0,0.0,0.0,0.0,-0.0,0.0,0.0,0.0,0.0,0.0,0.0,0.0,0.0,0.0,4.0,0.0,0.0
11839620,296.81298828125,303.1499938964844,285.1499938964844,0.0,-0.0,293.1510314941406,0.0,0.0,9.216181933879852e-05,296.7958679199219,303.1499938964844,285.1499938964844,0.0,-0.0,293.1510314941406,0.0,0.0,9.705083357403056e-05,296.74859619140625,303.1499938964844,285.1499938964844,0.0,-0.0,293.1510314941406,0.0,0.0,7.168141746660694e-05,296.7287902832031,303.1499938964844,285.1499938964844,0.0,-0.0,293.1510009765625,0.0,0.0,9.705083357403056e-05,297.0080871582031,303.1499938964844,285.1499938964844,0.0,-0.0,293.151123046875,0.0,0.0,0.0004603673587553,293.1513061523437,294.1499938964844,283.76910400390625,283.76910400390625,289.1164855957031,283.9571228027344,293.0794677734375,0.0,0.0,0.0,0.0,1.0,1.0,-0.000981974415481,3.756360555939864e-09,0.0009819706901907,-0.0088932197540998,0.0,0.0,0.0,-0.0066750021651387,60.0,-6.271340370178223,-0.0,-6.574455824193137e-08,0.0,293.1499938964844,293.1499938964844,293.1499938964844,293.1499938964844,293.1499938964844,293.1499938964844,278.1499938964844,0.0,18000.0,313.1499938964844,0.0,18000.0,0.0,0.0,0.0,0.0,0.0,0.0,0.0,0.0,0.0,0.0,-0.0,-0.0,0.0,0.0,0.0,0.0,0.0,-0.0,0.0,0.0,0.0,0.0,0.0,0.0,0.0,0.0,0.0,4.0,0.0,0.0
11839680,296.81298828125,303.1499938964844,285.1499938964844,0.0,-0.0,293.1510314941406,0.0,0.0,9.216181933879852e-05,296.7958679199219,303.1499938964844,285.1499938964844,0.0,-0.0,293.1510314941406,0.0,0.0,9.705083357403056e-05,296.74859619140625,303.1499938964844,285.1499938964844,0.0,-0.0,293.1510314941406,0.0,0.0,7.168141746660694e-05,296.7287902832031,303.1499938964844,285.1499938964844,0.0,-0.0,293.1510009765625,0.0,0.0,9.705083357403056e-05,297.0080871582031,303.1499938964844,285.1499938964844,0.0,-0.0,293.151123046875,0.0,0.0,0.0004603673587553,293.1513061523437,294.1499938964844,283.76910400390625,283.76910400390625,289.1164855957031,283.9571228027344,293.0794677734375,0.0,0.0,0.0,0.0,1.0,1.0,-0.000981974415481,3.756360555939864e-09,0.0009819706901907,-0.0088932197540998,0.0,0.0,0.0,-0.0066750021651387,60.0,-6.271340370178223,-0.0,-6.574455824193137e-08,0.0,293.1499938964844,293.1499938964844,293.1499938964844,293.1499938964844,293.1499938964844,293.1499938964844,278.1499938964844,0.0,18000.0,313.1499938964844,0.0,18000.0,0.0,0.0,0.0,0.0,0.0,0.0,0.0,0.0,0.0,0.0,-0.0,-0.0,0.0,0.0,0.0,0.0,0.0,-0.0,0.0,0.0,0.0,0.0,0.0,0.0,0.0,0.0,0.0,4.0,0.0,0.0
11839740,296.8128662109375,303.1499938964844,285.1499938964844,0.0,-0.0,293.15093994140625,0.0,0.0,9.217522165272384e-05,296.7956237792969,303.1499938964844,285.1499938964844,0.0,-0.0,293.15093994140625,0.0,0.0,9.706494893180206e-05,296.7474060058594,303.1499938964844,285.1499938964844,0.0,-0.0,293.15093994140625,0.0,0.0,7.169183663791046e-05,296.7323608398437,303.1499938964844,285.1499938964844,0.0,-0.0,293.1509094238281,0.0,0.0,9.706494893180206e-05,297.0088195800781,303.1499938964844,285.1499938964844,0.0,-0.0,293.1510314941406,0.0,0.0,0.0004604343266692,293.151123046875,294.1499938964844,283.7579650878906,283.7579650878906,289.0233764648437,283.9315185546875,293.0753479003906,0.0,0.0,0.0,0.0,1.0,1.0,-0.0009821171406656,3.773056533873387e-09,0.00098211329896,-0.0089369658380746,0.0,0.0,0.0,-0.0066832788288593,60.0,-6.277144908905029,-0.0,-6.576367894695069e-08,0.0,293.1499938964844,293.1499938964844,293.1499938964844,293.1499938964844,293.1499938964844,293.1499938964844,278.1499938964844,0.0,18000.0,313.1499938964844,0.0,18000.0,0.0,0.0,0.0,0.0,0.0,0.0,0.0,0.0,0.0,0.0,-0.0,-0.0,0.0,0.0,0.0,0.0,0.0,-0.0,0.0,0.0,0.0,0.0,0.0,0.0,0.0,0.0,0.0,4.0,0.0,0.0
11839800,296.8128662109375,303.1499938964844,285.1499938964844,0.0,-0.0,293.15093994140625,0.0,0.0,9.217522165272384e-05,296.7956237792969,303.1499938964844,285.1499938964844,0.0,-0.0,293.15093994140625,0.0,0.0,9.706494893180206e-05,296.7474060058594,303.1499938964844,285.1499938964844,0.0,-0.0,293.15093994140625,0.0,0.0,7.169183663791046e-05,296.7323608398437,303.1499938964844,285.1499938964844,0.0,-0.0,293.1509094238281,0.0,0.0,9.706494893180206e-05,297.0088195800781,303.1499938964844,285.1499938964844,0.0,-0.0,293.1510314941406,0.0,0.0,0.0004604343266692,293.151123046875,294.1499938964844,283.7579650878906,283.7579650878906,289.0233764648437,283.9315185546875,293.0753479003906,0.0,0.0,0.0,0.0,1.0,1.0,-0.0009821171406656,3.773056533873387e-09,0.00098211329896,-0.0089369658380746,0.0,0.0,0.0,-0.0066832788288593,60.0,-6.277144908905029,-0.0,-6.576367894695069e-08,0.0,293.1499938964844,293.1499938964844,293.1499938964844,293.1499938964844,293.1499938964844,293.1499938964844,278.1499938964844,0.0,18000.0,313.1499938964844,0.0,18000.0,0.0,0.0,0.0,0.0,0.0,0.0,0.0,0.0,0.0,0.0,-0.0,-0.0,0.0,0.0,0.0,0.0,0.0,-0.0,0.0,0.0,0.0,0.0,0.0,0.0,0.0,0.0,0.0,4.0,0.0,0.0
11839860,296.8125,303.1499938964844,285.1499938964844,0.0,-0.0,293.1508178710937,0.0,0.0,9.221123764291406e-05,296.7951354980469,303.1499938964844,285.1499938964844,0.0,-0.0,293.1508178710937,0.0,0.0,9.71028784988448e-05,296.7457580566406,303.1499938964844,285.1499938964844,0.0,-0.0,293.1508178710937,0.0,0.0,7.171985635068268e-05,296.73541259765625,303.1499938964844,285.1499938964844,0.0,-0.0,293.1507873535156,0.0,0.0,9.71028784988448e-05,297.0093688964844,303.1499938964844,285.1499938964844,0.0,-0.0,293.1509094238281,0.0,0.0,0.000460614246549,293.1509704589844,294.1499938964844,283.74969482421875,283.74969482421875,288.9316711425781,283.9078063964844,293.0711975097656,0.0,0.0,0.0,0.0,1.0,1.0,-0.0009825008455663,3.8179321926179455e-09,0.0009824970038607,-0.009054547175765,0.0,0.0,0.0,-0.0067055253311991,60.0,-6.282582759857178,-0.0,-6.581509381931029e-08,0.0,293.1499938964844,293.1499938964844,293.1499938964844,293.1499938964844,293.1499938964844,293.1499938964844,278.1499938964844,0.0,18000.0,313.1499938964844,0.0,18000.0,0.0,0.0,0.0,0.0,0.0,0.0,0.0,0.0,0.0,0.0,-0.0,-0.0,0.0,0.0,0.0,0.0,0.0,-0.0,0.0,0.0,0.0,0.0,0.0,0.0,0.0,0.0,0.0,4.0,0.0,0.0
11839920,296.8125,303.1499938964844,285.1499938964844,0.0,-0.0,293.1508178710937,0.0,0.0,9.221123764291406e-05,296.7951354980469,303.1499938964844,285.1499938964844,0.0,-0.0,293.1508178710937,0.0,0.0,9.71028784988448e-05,296.7457580566406,303.1499938964844,285.1499938964844,0.0,-0.0,293.1508178710937,0.0,0.0,7.171985635068268e-05,296.73541259765625,303.1499938964844,285.1499938964844,0.0,-0.0,293.1507873535156,0.0,0.0,9.71028784988448e-05,297.0093688964844,303.1499938964844,285.1499938964844,0.0,-0.0,293.1509094238281,0.0,0.0,0.000460614246549,293.1509704589844,294.1499938964844,283.74969482421875,283.74969482421875,288.9316711425781,283.9078063964844,293.0711975097656,0.0,0.0,0.0,0.0,1.0,1.0,-0.0009825008455663,3.8179321926179455e-09,0.0009824970038607,-0.009054547175765,0.0,0.0,0.0,-0.0067055253311991,60.0,-6.282582759857178,-0.0,-6.581509381931029e-08,0.0,293.1499938964844,293.1499938964844,293.1499938964844,293.1499938964844,293.1499938964844,293.1499938964844,278.1499938964844,0.0,18000.0,313.1499938964844,0.0,18000.0,0.0,0.0,0.0,0.0,0.0,0.0,0.0,0.0,0.0,0.0,-0.0,-0.0,0.0,0.0,0.0,0.0,0.0,-0.0,0.0,0.0,0.0,0.0,0.0,0.0,0.0,0.0,0.0,4.0,0.0,0.0
11839980,296.8118896484375,303.1499938964844,285.1499938964844,0.0,-0.0,293.1506652832031,0.0,0.0,9.227195550920442e-05,296.7944030761719,303.1499938964844,285.1499938964844,0.0,-0.0,293.1506652832031,0.0,0.0,9.716681233840065e-05,296.7435913085937,303.1499938964844,285.1499938964844,0.0,-0.0,293.1506652832031,0.0,0.0,7.176707731559873e-05,296.7379455566406,303.1499938964844,285.1499938964844,0.0,-0.0,293.1506652832031,0.0,0.0,9.716681233840065e-05,297.0097045898437,303.1499938964844,285.1499938964844,0.0,-0.0,293.1507568359375,0.0,0.0,0.0004609175084624,293.1507873535156,294.1499938964844,283.7445068359375,283.7445068359375,288.8414306640625,283.885986328125,293.0670166015625,0.0,0.0,0.0,0.0,1.0,1.0,-0.0009831476490944,3.893570799107238e-09,0.0009831436909735,-0.009252730756998,0.0,0.0,0.0,-0.0067430222406983,60.0,-6.287621974945068,-0.0,-6.590178713850038e-08,0.0,293.1499938964844,293.1499938964844,293.1499938964844,293.1499938964844,293.1499938964844,293.1499938964844,278.1499938964844,0.0,18000.0,313.1499938964844,0.0,18000.0,0.0,0.0,0.0,0.0,0.0,0.0,0.0,0.0,0.0,0.0,-0.0,-0.0,0.0,0.0,0.0,0.0,0.0,-0.0,0.0,0.0,0.0,0.0,0.0,0.0,0.0,0.0,0.0,4.0,0.0,0.0
11840040,296.8118896484375,303.1499938964844,285.1499938964844,0.0,-0.0,293.1506652832031,0.0,0.0,9.227195550920442e-05,296.7944030761719,303.1499938964844,285.1499938964844,0.0,-0.0,293.1506652832031,0.0,0.0,9.716681233840065e-05,296.7435913085937,303.1499938964844,285.1499938964844,0.0,-0.0,293.1506652832031,0.0,0.0,7.176707731559873e-05,296.7379455566406,303.1499938964844,285.1499938964844,0.0,-0.0,293.1506652832031,0.0,0.0,9.716681233840065e-05,297.0097045898437,303.1499938964844,285.1499938964844,0.0,-0.0,293.1507568359375,0.0,0.0,0.0004609175084624,293.1507873535156,294.1499938964844,283.7445068359375,283.7445068359375,288.8414306640625,283.885986328125,293.0670166015625,0.0,0.0,0.0,0.0,1.0,1.0,-0.0009831476490944,3.893570799107238e-09,0.0009831436909735,-0.009252730756998,0.0,0.0,0.0,-0.0067430222406983,60.0,-6.287621974945068,-0.0,-6.590178713850038e-08,0.0,293.1499938964844,293.1499938964844,293.1499938964844,293.1499938964844,293.1499938964844,293.1499938964844,278.1499938964844,0.0,18000.0,313.1499938964844,0.0,18000.0,0.0,0.0,0.0,0.0,0.0,0.0,0.0,0.0,0.0,0.0,-0.0,-0.0,0.0,0.0,0.0,0.0,0.0,-0.0,0.0,0.0,0.0,0.0,0.0,0.0,0.0,0.0,0.0,4.0,0.0,0.0
11840100,296.8114929199219,303.1499938964844,285.1499938964844,0.0,-0.0,293.1506042480469,0.0,0.0,9.231232252204792e-05,296.7939453125,303.1499938964844,285.1499938964844,0.0,-0.0,293.1506042480469,0.0,0.0,9.72093257587403e-05,296.7422790527344,303.1499938964844,285.1499938964844,0.0,-0.0,293.1506042480469,0.0,0.0,7.179847307270393e-05,296.7390441894531,303.1499938964844,285.1499938964844,0.0,-0.0,293.15057373046875,0.0,0.0,9.72093257587403e-05,297.0097961425781,303.1499938964844,285.1499938964844,0.0,-0.0,293.15069580078125,0.0,0.0,0.0004611191689036,293.1506652832031,294.1499938964844,283.7431640625,283.7431640625,288.7968444824219,283.87579345703125,293.06494140625,0.0,0.0,0.0,0.0,1.0,1.0,-0.0009835776872932,3.943866566658016e-09,0.0009835737291723,-0.0093845119699835,0.0,0.0,0.0,-0.0067679560743272,60.0,-6.289985179901123,-0.0,-6.595946189236201e-08,0.0,293.1499938964844,293.1499938964844,293.1499938964844,293.1499938964844,293.1499938964844,293.1499938964844,278.1499938964844,0.0,18000.0,313.1499938964844,0.0,18000.0,0.0,0.0,0.0,0.0,0.0,0.0,0.0,0.0,0.0,0.0,-0.0,-0.0,0.0,0.0,0.0,0.0,0.0,-0.0,0.0,0.0,0.0,0.0,0.0,0.0,0.0,0.0,0.0,4.0,0.0,0.0
11840160,296.81103515625,303.1499938964844,285.1499938964844,0.0,-0.0,293.1505432128906,0.0,0.0,9.235986362909898e-05,296.79345703125,303.1499938964844,285.1499938964844,0.0,-0.0,293.1505432128906,0.0,0.0,9.725938434712587e-05,296.7408142089844,303.1499938964844,285.1499938964844,0.0,-0.0,293.1505432128906,0.0,0.0,7.183544948929921e-05,296.7400207519531,303.1499938964844,285.1499938964844,0.0,-0.0,293.1505126953125,0.0,0.0,9.725938434712587e-05,297.00982666015625,303.1499938964844,285.1499938964844,0.0,-0.0,293.150634765625,0.0,0.0,0.0004613566561602,293.15057373046875,294.1499938964844,283.74267578125,283.74267578125,288.75262451171875,283.8661499023437,293.0628356933594,0.0,0.0,0.0,0.0,1.0,1.0,-0.0009840842103585,4.003095188664929e-09,0.0009840802522376,-0.0095396982505917,0.0,0.0,0.0,-0.0067973178811371,60.0,-6.292248249053955,-0.0,-6.602741819961011e-08,0.0,293.1499938964844,293.1499938964844,293.1499938964844,293.1499938964844,293.1499938964844,293.1499938964844,278.1499938964844,0.0,18000.0,313.1499938964844,0.0,18000.0,0.0,0.0,0.0,0.0,0.0,0.0,0.0,0.0,0.0,0.0,-0.0,-0.0,0.0,0.0,0.0,0.0,0.0,-0.0,0.0,0.0,0.0,0.0,0.0,0.0,0.0,0.0,0.0,4.0,0.0,0.0
11840220,296.8099060058594,303.1499938964844,285.1499938964844,0.0,-0.0,293.1503601074219,0.0,0.0,9.247809066437183e-05,296.7922668457031,303.1499938964844,285.1499938964844,0.0,-0.0,293.150390625,0.0,0.0,9.738388325786218e-05,296.73736572265625,303.1499938964844,285.1499938964844,0.0,-0.0,293.1503601074219,0.0,0.0,7.192740304162726e-05,296.74169921875,303.1499938964844,285.1499938964844,0.0,-0.0,293.1503601074219,0.0,0.0,9.738388325786218e-05,297.0097351074219,303.1499938964844,285.1499938964844,0.0,-0.0,293.15045166015625,0.0,0.0,0.000461947201984,293.1503601074219,294.1499938964844,283.7444152832031,283.7444152832031,288.665283203125,283.8484191894531,293.05859375,0.0,0.0,0.0,0.0,1.0,1.0,-0.0009853438241407,4.150389365520368e-09,0.0009853396331891,-0.0099256243556737,0.0,0.0,0.0,-0.0068703377619385,60.0,-6.296491622924805,-0.0,-6.61965628978578e-08,0.0,293.1499938964844,293.1499938964844,293.1499938964844,293.1499938964844,293.1499938964844,293.1499938964844,278.1499938964844,0.0,18000.0,313.1499938964844,0.0,18000.0,0.0,0.0,0.0,0.0,0.0,0.0,0.0,0.0,0.0,0.0,-0.0,-0.0,0.0,0.0,0.0,0.0,0.0,-0.0,0.0,0.0,0.0,0.0,0.0,0.0,0.0,0.0,0.0,4.0,0.0,0.0
11840280,296.8099060058594,303.1499938964844,285.1499938964844,0.0,-0.0,293.1503601074219,0.0,0.0,9.247809066437183e-05,296.7922668457031,303.1499938964844,285.1499938964844,0.0,-0.0,293.150390625,0.0,0.0,9.738388325786218e-05,296.73736572265625,303.1499938964844,285.1499938964844,0.0,-0.0,293.1503601074219,0.0,0.0,7.192740304162726e-05,296.74169921875,303.1499938964844,285.1499938964844,0.0,-0.0,293.1503601074219,0.0,0.0,9.738388325786218e-05,297.0097351074219,303.1499938964844,285.1499938964844,0.0,-0.0,293.15045166015625,0.0,0.0,0.000461947201984,293.1503601074219,294.1499938964844,283.7444152832031,283.7444152832031,288.665283203125,283.8484191894531,293.05859375,0.0,0.0,0.0,0.0,1.0,1.0,-0.0009853438241407,4.150389365520368e-09,0.0009853396331891,-0.0099256243556737,0.0,0.0,0.0,-0.0068703377619385,60.0,-6.296491622924805,-0.0,-6.61965628978578e-08,0.0,293.1499938964844,293.1499938964844,293.1499938964844,293.1499938964844,293.1499938964844,293.1499938964844,278.1499938964844,0.0,18000.0,313.1499938964844,0.0,18000.0,0.0,0.0,0.0,0.0,0.0,0.0,0.0,0.0,0.0,0.0,-0.0,-0.0,0.0,0.0,0.0,0.0,0.0,-0.0,0.0,0.0,0.0,0.0,0.0,0.0,0.0,0.0,0.0,4.0,0.0,0.0
11840340,296.8085327148437,303.1499938964844,285.1499938964844,0.0,-0.0,293.15020751953125,0.0,0.0,9.263005631510168e-05,296.7908935546875,303.1499938964844,285.1499938964844,0.0,-0.0,293.15020751953125,0.0,0.0,9.754391066962852e-05,296.73321533203125,303.1499938964844,285.1499938964844,0.0,-0.0,293.15020751953125,0.0,0.0,7.204560097306967e-05,296.7429504394531,303.1499938964844,285.1499938964844,0.0,-0.0,293.1501770019531,0.0,0.0,9.754391066962852e-05,297.0093994140625,303.1499938964844,285.1499938964844,0.0,-0.0,293.1502990722656,0.0,0.0,0.0004627063171938,293.1501159667969,294.1499938964844,283.75,283.75,288.5793762207031,283.8331298828125,293.0543518066406,0.0,0.0,0.0,0.0,1.0,1.0,-0.0009869629284366,4.3397205828910054e-09,0.0009869585046544,-0.0104216840118169,0.0,0.0,0.0,-0.0069641969166696,60.0,-6.300387859344482,-0.0,-6.641430161380414e-08,0.0,293.1499938964844,293.1499938964844,293.1499938964844,293.1499938964844,293.1499938964844,293.1499938964844,278.1499938964844,0.0,18000.0,313.1499938964844,0.0,18000.0,0.0,0.0,0.0,0.0,0.0,0.0,0.0,0.0,0.0,0.0,-0.0,-0.0,0.0,0.0,0.0,0.0,0.0,-0.0,0.0,0.0,0.0,0.0,0.0,0.0,0.0,0.0,0.0,4.0,0.0,0.0
11840400,296.8085327148437,303.1499938964844,285.1499938964844,0.0,-0.0,293.15020751953125,0.0,0.0,9.263005631510168e-05,296.7908935546875,303.1499938964844,285.1499938964844,0.0,-0.0,293.15020751953125,0.0,0.0,9.754391066962852e-05,296.73321533203125,303.1499938964844,285.1499938964844,0.0,-0.0,293.15020751953125,0.0,0.0,7.204560097306967e-05,296.7429504394531,303.1499938964844,285.1499938964844,0.0,-0.0,293.1501770019531,0.0,0.0,9.754391066962852e-05,297.0093994140625,303.1499938964844,285.1499938964844,0.0,-0.0,293.1502990722656,0.0,0.0,0.0004627063171938,293.1501159667969,294.1499938964844,283.75,283.75,288.5793762207031,283.8331298828125,293.0543518066406,0.0,0.0,0.0,0.0,1.0,1.0,-0.0009869629284366,4.3397205828910054e-09,0.0009869585046544,-0.0104216840118169,0.0,0.0,0.0,-0.0069641969166696,60.0,-6.300387859344482,-0.0,-6.641430161380414e-08,0.0,293.1499938964844,293.1499938964844,293.1499938964844,293.1499938964844,293.1499938964844,293.1499938964844,278.1499938964844,0.0,18000.0,313.1499938964844,0.0,18000.0,0.0,0.0,0.0,0.0,0.0,0.0,0.0,0.0,0.0,0.0,-0.0,-0.0,0.0,0.0,0.0,0.0,0.0,-0.0,0.0,0.0,0.0,0.0,0.0,0.0,0.0,0.0,0.0,4.0,0.0,0.0
11840460,296.806884765625,303.1499938964844,285.1499938964844,0.0,-0.0,293.1500244140625,0.0,0.0,9.28066874621436e-05,296.7892761230469,303.1499938964844,285.1499938964844,0.0,-0.0,293.1500244140625,0.0,0.0,9.772991325007752e-05,296.7283020019531,303.1499938964844,285.1499938964844,0.0,-0.0,293.1500244140625,0.0,0.0,7.218297832878307e-05,296.7438659667969,303.1499938964844,285.1499938964844,0.0,-0.0,293.1499938964844,0.0,0.0,9.772991325007752e-05,297.0088806152344,303.1499938964844,285.1499938964844,0.0,-0.0,293.1501159667969,0.0,0.0,0.0004635886289179,293.1498413085937,294.1499938964844,283.7599792480469,283.7599792480469,288.4949951171875,283.8207397460937,293.05010986328125,0.0,0.0,0.0,0.0,1.0,1.0,-0.000988844782114,4.559777888601957e-09,0.0009888402419164,-0.0109982397407293,0.0,0.0,0.0,-0.0070732892490923,60.0,-6.303580284118652,-0.0,-6.666782326192333e-08,0.0,293.1499938964844,293.1499938964844,293.1499938964844,293.1499938964844,293.1499938964844,293.1499938964844,278.1499938964844,0.0,18000.0,313.1499938964844,0.0,18000.0,0.0,0.0,0.0,0.0,0.0,0.0,0.0,0.0,0.0,0.0,-0.0,-0.0,0.0,0.0,0.0,0.0,0.0,-0.0,0.0,0.0,0.0,0.0,0.0,0.0,0.0,0.0,0.0,4.0,0.0,0.0
11840520,296.806884765625,303.1499938964844,285.1499938964844,0.0,-0.0,293.1500244140625,0.0,0.0,9.28066874621436e-05,296.7892761230469,303.1499938964844,285.1499938964844,0.0,-0.0,293.1500244140625,0.0,0.0,9.772991325007752e-05,296.7283020019531,303.1499938964844,285.1499938964844,0.0,-0.0,293.1500244140625,0.0,0.0,7.218297832878307e-05,296.7438659667969,303.1499938964844,285.1499938964844,0.0,-0.0,293.1499938964844,0.0,0.0,9.772991325007752e-05,297.0088806152344,303.1499938964844,285.1499938964844,0.0,-0.0,293.1501159667969,0.0,0.0,0.0004635886289179,293.1498413085937,294.1499938964844,283.7599792480469,283.7599792480469,288.4949951171875,283.8207397460937,293.05010986328125,0.0,0.0,0.0,0.0,1.0,1.0,-0.000988844782114,4.559777888601957e-09,0.0009888402419164,-0.0109982397407293,0.0,0.0,0.0,-0.0070732892490923,60.0,-6.303580284118652,-0.0,-6.666782326192333e-08,0.0,293.1499938964844,293.1499938964844,293.1499938964844,293.1499938964844,293.1499938964844,293.1499938964844,278.1499938964844,0.0,18000.0,313.1499938964844,0.0,18000.0,0.0,0.0,0.0,0.0,0.0,0.0,0.0,0.0,0.0,0.0,-0.0,-0.0,0.0,0.0,0.0,0.0,0.0,-0.0,0.0,0.0,0.0,0.0,0.0,0.0,0.0,0.0,0.0,4.0,0.0,0.0
11840580,296.8050231933594,303.1499938964844,285.1499938964844,0.0,-0.0,293.1498413085937,0.0,0.0,9.299414523411542e-05,296.7874755859375,303.1499938964844,285.1499938964844,0.0,-0.0,293.1498413085937,0.0,0.0,9.792731725610793e-05,296.7229309082031,303.1499938964844,285.1499938964844,0.0,-0.0,293.1498413085937,0.0,0.0,7.232878124341369e-05,296.7446594238281,303.1499938964844,285.1499938964844,0.0,-0.0,293.1498107910156,0.0,0.0,9.792731725610793e-05,297.00811767578125,303.1499938964844,285.1499938964844,0.0,-0.0,293.1499328613281,0.0,0.0,0.000464525015559,293.1495666503906,294.1499938964844,283.7745361328125,283.7745361328125,288.412109375,283.811767578125,293.0458068847656,0.0,0.0,0.0,0.0,1.0,1.0,-0.0009908421197906,4.793324404062105e-09,0.0009908373467624,-0.0116101242601871,0.0,0.0,0.0,-0.0071890680119395,60.0,-6.304835319519043,-0.0,-6.693741738672544e-08,0.0,293.1499938964844,293.1499938964844,293.1499938964844,293.1499938964844,293.1499938964844,293.1499938964844,278.1499938964844,0.0,18000.0,313.1499938964844,0.0,18000.0,0.0,0.0,0.0,0.0,0.0,0.0,0.0,0.0,0.0,0.0,-0.0,-0.0,0.0,0.0,0.0,0.0,0.0,-0.0,0.0,0.0,0.0,0.0,0.0,0.0,0.0,0.0,0.0,4.0,0.0,0.0
11840640,296.8050231933594,303.1499938964844,285.1499938964844,0.0,-0.0,293.1498413085937,0.0,0.0,9.299414523411542e-05,296.7874755859375,303.1499938964844,285.1499938964844,0.0,-0.0,293.1498413085937,0.0,0.0,9.792731725610793e-05,296.7229309082031,303.1499938964844,285.1499938964844,0.0,-0.0,293.1498413085937,0.0,0.0,7.232878124341369e-05,296.7446594238281,303.1499938964844,285.1499938964844,0.0,-0.0,293.1498107910156,0.0,0.0,9.792731725610793e-05,297.00811767578125,303.1499938964844,285.1499938964844,0.0,-0.0,293.1499328613281,0.0,0.0,0.000464525015559,293.1495666503906,294.1499938964844,283.7745361328125,283.7745361328125,288.412109375,283.811767578125,293.0458068847656,0.0,0.0,0.0,0.0,1.0,1.0,-0.0009908421197906,4.793324404062105e-09,0.0009908373467624,-0.0116101242601871,0.0,0.0,0.0,-0.0071890680119395,60.0,-6.304835319519043,-0.0,-6.693741738672544e-08,0.0,293.1499938964844,293.1499938964844,293.1499938964844,293.1499938964844,293.1499938964844,293.1499938964844,278.1499938964844,0.0,18000.0,313.1499938964844,0.0,18000.0,0.0,0.0,0.0,0.0,0.0,0.0,0.0,0.0,0.0,0.0,-0.0,-0.0,0.0,0.0,0.0,0.0,0.0,-0.0,0.0,0.0,0.0,0.0,0.0,0.0,0.0,0.0,0.0,4.0,0.0,0.0
11840700,296.8040466308594,303.1499938964844,285.1499938964844,0.0,-0.0,293.14971923828125,0.0,0.0,9.30920068640262e-05,296.7864990234375,303.1499938964844,285.1499938964844,0.0,-0.0,293.14971923828125,0.0,0.0,9.80303666437976e-05,296.7201538085937,303.1499938964844,285.1499938964844,0.0,-0.0,293.14971923828125,0.0,0.0,7.240489503601566e-05,296.7450256347656,303.1499938964844,285.1499938964844,0.0,-0.0,293.14971923828125,0.0,0.0,9.80303666437976e-05,297.0076904296875,303.1499938964844,285.1499938964844,0.0,-0.0,293.1498107910156,0.0,0.0,0.0004650138434953,293.1494445800781,294.1499938964844,283.7834777832031,283.7834777832031,288.3712463378906,283.80877685546875,293.0436706542969,0.0,0.0,0.0,0.0,1.0,1.0,-0.0009918847354128,4.915245099823551e-09,0.0009918798459693,-0.0119295483455061,0.0,0.0,0.0,-0.0072495094500482,60.0,-6.304600238800049,-0.0,-6.707836774921816e-08,0.0,293.1499938964844,293.1499938964844,293.1499938964844,293.1499938964844,293.1499938964844,293.1499938964844,278.1499938964844,0.0,18000.0,313.1499938964844,0.0,18000.0,0.0,0.0,0.0,0.0,0.0,0.0,0.0,0.0,0.0,0.0,-0.0,-0.0,0.0,0.0,0.0,0.0,0.0,-0.0,0.0,0.0,0.0,0.0,0.0,0.0,0.0,0.0,0.0,4.0,0.0,0.0
11840760,296.802978515625,303.1499938964844,285.1499938964844,0.0,-0.0,293.1496276855469,0.0,0.0,9.319260425399988e-05,296.7854919433594,303.1499938964844,285.1499938964844,0.0,-0.0,293.1496276855469,0.0,0.0,9.81362973107025e-05,296.71728515625,303.1499938964844,285.1499938964844,0.0,-0.0,293.1496276855469,0.0,0.0,7.248313340824097e-05,296.74542236328125,303.1499938964844,285.1499938964844,0.0,-0.0,293.14959716796875,0.0,0.0,9.81362973107025e-05,297.0072021484375,303.1499938964844,285.1499938964844,0.0,-0.0,293.14971923828125,0.0,0.0,0.000465516350232,293.1492919921875,294.1499938964844,283.7934265136719,283.7934265136719,288.3307800292969,283.8068542480469,293.04150390625,0.0,0.0,0.0,0.0,1.0,1.0,-0.0009929565712809,5.0405759566274355e-09,0.0009929515654221,-0.0122579028829932,0.0,0.0,0.0,-0.0073116412386298,60.0,-6.303802490234375,-0.0,-6.722341794329624e-08,0.0,293.1499938964844,293.1499938964844,293.1499938964844,293.1499938964844,293.1499938964844,293.1499938964844,278.1499938964844,0.0,18000.0,313.1499938964844,0.0,18000.0,0.0,0.0,0.0,0.0,0.0,0.0,0.0,0.0,0.0,0.0,-0.0,-0.0,0.0,0.0,0.0,0.0,0.0,-0.0,0.0,0.0,0.0,0.0,0.0,0.0,0.0,0.0,0.0,4.0,0.0,0.0
11840820,296.8017578125,303.1499938964844,285.1499938964844,0.0,-0.0,293.1495056152344,0.0,0.0,9.331154433311896e-05,296.7843017578125,303.1499938964844,285.1499938964844,0.0,-0.0,293.1495056152344,0.0,0.0,9.826154564507306e-05,296.71392822265625,303.1499938964844,285.1499938964844,0.0,-0.0,293.1495056152344,0.0,0.0,7.25756399333477e-05,296.74591064453125,303.1499938964844,285.1499938964844,0.0,-0.0,293.14947509765625,0.0,0.0,9.826154564507306e-05,297.006591796875,303.1499938964844,285.1499938964844,0.0,-0.0,293.14959716796875,0.0,0.0,0.000466110475827,293.14910888671875,294.1499938964844,283.8060913085937,283.8060913085937,288.2847900390625,283.8060913085937,293.0390319824219,0.0,0.0,0.0,0.0,1.0,1.0,-0.0009942238684743,5.188756979634945e-09,0.0009942186297848,-0.0126461163163185,0.0,0.0,0.0,-0.0073851011693477,60.0,-6.30221700668335,-0.0,-6.739512059539265e-08,0.0,293.1499938964844,293.1499938964844,293.1499938964844,293.1499938964844,293.1499938964844,293.1499938964844,278.1499938964844,0.0,18000.0,313.1499938964844,0.0,18000.0,0.0,0.0,0.0,0.0,0.0,0.0,0.0,0.0,0.0,0.0,-0.0,-0.0,0.0,0.0,0.0,0.0,0.0,-0.0,0.0,0.0,0.0,0.0,0.0,0.0,0.0,0.0,0.0,4.0,0.0,0.0
11840880,296.8008117675781,303.1499938964844,285.1499938964844,0.0,-0.0,293.1494140625,0.0,0.0,9.340194083051756e-05,296.7834167480469,303.1499938964844,285.1499938964844,0.0,-0.0,293.1494140625,0.0,0.0,9.835674427449705e-05,296.71142578125,303.1499938964844,285.1499938964844,0.0,-0.0,293.1494140625,0.0,0.0,7.264595478773117e-05,296.74627685546875,303.1499938964844,285.1499938964844,0.0,-0.0,293.1493835449219,0.0,0.0,9.835674427449705e-05,297.0061340332031,303.1499938964844,285.1499938964844,0.0,-0.0,293.14947509765625,0.0,0.0,0.0004665620508603,293.14898681640625,294.1499938964844,283.8163146972656,283.8163146972656,288.2510986328125,283.8065795898437,293.0372009277344,0.0,0.0,0.0,0.0,1.0,1.0,-0.0009951870888471,5.301387773215538e-09,0.0009951817337423,-0.0129411900416016,0.0,0.0,0.0,-0.0074409372173249,60.0,-6.300592422485352,-0.0,-6.752576808821686e-08,0.0,293.1499938964844,293.1499938964844,293.1499938964844,293.1499938964844,293.1499938964844,293.1499938964844,278.1499938964844,0.0,18000.0,313.1499938964844,0.0,18000.0,0.0,0.0,0.0,0.0,0.0,0.0,0.0,0.0,0.0,0.0,-0.0,-0.0,0.0,0.0,0.0,0.0,0.0,-0.0,0.0,0.0,0.0,0.0,0.0,0.0,0.0,0.0,0.0,4.0,0.0,0.0
11840940,296.79852294921875,303.1499938964844,285.1499938964844,0.0,-0.0,293.149169921875,0.0,0.0,9.362202399643138e-05,296.7811889648437,303.1499938964844,285.1499938964844,0.0,-0.0,293.149169921875,0.0,0.0,9.8588498076424e-05,296.7054443359375,303.1499938964844,285.1499938964844,0.0,-0.0,293.149169921875,0.0,0.0,7.281712896656245e-05,296.747314453125,303.1499938964844,285.1499938964844,0.0,-0.0,293.1491394042969,0.0,0.0,9.8588498076424e-05,297.00494384765625,303.1499938964844,285.1499938964844,0.0,-0.0,293.1492614746094,0.0,0.0,0.0004676613898482,293.1486511230469,294.1499938964844,283.8428955078125,283.8428955078125,288.173095703125,283.8113098144531,293.0328674316406,0.0,0.0,0.0,0.0,1.0,1.0,-0.0009975319262593,5.5755773331611636e-09,0.0009975263383239,-0.0136595070362091,0.0,0.0,0.0,-0.0075768646784126,60.0,-6.295401573181152,-0.0,-6.784436124007699e-08,0.0,293.1499938964844,293.1499938964844,293.1499938964844,293.1499938964844,293.1499938964844,293.1499938964844,278.1499938964844,0.0,18000.0,313.1499938964844,0.0,18000.0,0.0,0.0,0.0,0.0,0.0,0.0,0.0,0.0,0.0,0.0,-0.0,-0.0,0.0,0.0,0.0,0.0,0.0,-0.0,0.0,0.0,0.0,0.0,0.0,0.0,0.0,0.0,0.0,4.0,0.0,0.0
11841000,296.79852294921875,303.1499938964844,285.1499938964844,0.0,-0.0,293.149169921875,0.0,0.0,9.362202399643138e-05,296.7811889648437,303.1499938964844,285.1499938964844,0.0,-0.0,293.149169921875,0.0,0.0,9.8588498076424e-05,296.7054443359375,303.1499938964844,285.1499938964844,0.0,-0.0,293.149169921875,0.0,0.0,7.281712896656245e-05,296.747314453125,303.1499938964844,285.1499938964844,0.0,-0.0,293.1491394042969,0.0,0.0,9.8588498076424e-05,297.00494384765625,303.1499938964844,285.1499938964844,0.0,-0.0,293.1492614746094,0.0,0.0,0.0004676613898482,293.1486511230469,294.1499938964844,283.8428955078125,283.8428955078125,288.173095703125,283.8113098144531,293.0328674316406,0.0,0.0,0.0,0.0,1.0,1.0,-0.0009975319262593,5.5755773331611636e-09,0.0009975263383239,-0.0136595070362091,0.0,0.0,0.0,-0.0075768646784126,60.0,-6.295401573181152,-0.0,-6.784436124007699e-08,0.0,293.1499938964844,293.1499938964844,293.1499938964844,293.1499938964844,293.1499938964844,293.1499938964844,278.1499938964844,0.0,18000.0,313.1499938964844,0.0,18000.0,0.0,0.0,0.0,0.0,0.0,0.0,0.0,0.0,0.0,0.0,-0.0,-0.0,0.0,0.0,0.0,0.0,0.0,-0.0,0.0,0.0,0.0,0.0,0.0,0.0,0.0,0.0,0.0,4.0,0.0,0.0
11841060,296.7961120605469,303.1499938964844,285.1499938964844,0.0,-0.0,293.1488952636719,0.0,0.0,9.385266457684338e-05,296.7789306640625,303.1499938964844,285.1499938964844,0.0,-0.0,293.14892578125,0.0,0.0,9.883137681754306e-05,296.69940185546875,303.1499938964844,285.1499938964844,0.0,-0.0,293.1488952636719,0.0,0.0,7.299651770154014e-05,296.74853515625,303.1499938964844,285.1499938964844,0.0,-0.0,293.1488952636719,0.0,0.0,9.883137681754306e-05,297.0036926269531,303.1499938964844,285.1499938964844,0.0,-0.0,293.14898681640625,0.0,0.0,0.0004688134940806,293.1482849121094,294.1499938964844,283.8729248046875,283.8729248046875,288.09686279296875,283.8214111328125,293.02850341796875,0.0,0.0,0.0,0.0,1.0,1.0,-0.0009999894537031,5.862932805911214e-09,0.0009999835165217,-0.0144122932106256,0.0,0.0,0.0,-0.0077193193137645,60.0,-6.28833532333374,-0.0,-6.817904818490207e-08,0.0,293.1499938964844,293.1499938964844,293.1499938964844,293.1499938964844,293.1499938964844,293.1499938964844,278.1499938964844,0.0,18000.0,313.1499938964844,0.0,18000.0,0.0,0.0,0.0,0.0,0.0,0.0,0.0,0.0,0.0,0.0,-0.0,-0.0,0.0,0.0,0.0,0.0,0.0,-0.0,0.0,0.0,0.0,0.0,0.0,0.0,0.0,0.0,0.0,4.0,0.0,0.0
11841120,296.7961120605469,303.1499938964844,285.1499938964844,0.0,-0.0,293.1488952636719,0.0,0.0,9.385266457684338e-05,296.7789306640625,303.1499938964844,285.1499938964844,0.0,-0.0,293.14892578125,0.0,0.0,9.883137681754306e-05,296.69940185546875,303.1499938964844,285.1499938964844,0.0,-0.0,293.1488952636719,0.0,0.0,7.299651770154014e-05,296.74853515625,303.1499938964844,285.1499938964844,0.0,-0.0,293.1488952636719,0.0,0.0,9.883137681754306e-05,297.0036926269531,303.1499938964844,285.1499938964844,0.0,-0.0,293.14898681640625,0.0,0.0,0.0004688134940806,293.1482849121094,294.1499938964844,283.8729248046875,283.8729248046875,288.09686279296875,283.8214111328125,293.02850341796875,0.0,0.0,0.0,0.0,1.0,1.0,-0.0009999894537031,5.862932805911214e-09,0.0009999835165217,-0.0144122932106256,0.0,0.0,0.0,-0.0077193193137645,60.0,-6.28833532333374,-0.0,-6.817904818490207e-08,0.0,293.1499938964844,293.1499938964844,293.1499938964844,293.1499938964844,293.1499938964844,293.1499938964844,278.1499938964844,0.0,18000.0,313.1499938964844,0.0,18000.0,0.0,0.0,0.0,0.0,0.0,0.0,0.0,0.0,0.0,0.0,-0.0,-0.0,0.0,0.0,0.0,0.0,0.0,-0.0,0.0,0.0,0.0,0.0,0.0,0.0,0.0,0.0,0.0,4.0,0.0,0.0
11841180,296.793701171875,303.1499938964844,285.1499938964844,0.0,-0.0,293.1486511230469,0.0,0.0,9.409368794877082e-05,296.776611328125,303.1499938964844,285.1499938964844,0.0,-0.0,293.1486511230469,0.0,0.0,9.908518404699862e-05,296.693359375,303.1499938964844,285.1499938964844,0.0,-0.0,293.1486511230469,0.0,0.0,7.318398274946958e-05,296.7500305175781,303.1499938964844,285.1499938964844,0.0,-0.0,293.14862060546875,0.0,0.0,9.908518404699862e-05,297.0023803710937,303.1499938964844,285.1499938964844,0.0,-0.0,293.1487121582031,0.0,0.0,0.000470017461339,293.1479187011719,294.1499938964844,283.90606689453125,283.90606689453125,288.0223083496094,283.8366394042969,293.024169921875,0.0,0.0,0.0,0.0,1.0,1.0,-0.0010025574592873,6.163218824184469e-09,0.0010025512892752,-0.0151989283040165,0.0,0.0,0.0,-0.0078681837767362,60.0,-6.279673099517822,-0.0,-6.85296797087176e-08,0.0,293.1499938964844,293.1499938964844,293.1499938964844,293.1499938964844,293.1499938964844,293.1499938964844,278.1499938964844,0.0,18000.0,313.1499938964844,0.0,18000.0,0.0,0.0,0.0,0.0,0.0,0.0,0.0,0.0,0.0,0.0,-0.0,-0.0,0.0,0.0,0.0,0.0,0.0,-0.0,0.0,0.0,0.0,0.0,0.0,0.0,0.0,0.0,0.0,4.0,0.0,0.0
11841240,296.793701171875,303.1499938964844,285.1499938964844,0.0,-0.0,293.1486511230469,0.0,0.0,9.409368794877082e-05,296.776611328125,303.1499938964844,285.1499938964844,0.0,-0.0,293.1486511230469,0.0,0.0,9.908518404699862e-05,296.693359375,303.1499938964844,285.1499938964844,0.0,-0.0,293.1486511230469,0.0,0.0,7.318398274946958e-05,296.7500305175781,303.1499938964844,285.1499938964844,0.0,-0.0,293.14862060546875,0.0,0.0,9.908518404699862e-05,297.0023803710937,303.1499938964844,285.1499938964844,0.0,-0.0,293.1487121582031,0.0,0.0,0.000470017461339,293.1479187011719,294.1499938964844,283.90606689453125,283.90606689453125,288.0223083496094,283.8366394042969,293.024169921875,0.0,0.0,0.0,0.0,1.0,1.0,-0.0010025574592873,6.163218824184469e-09,0.0010025512892752,-0.0151989283040165,0.0,0.0,0.0,-0.0078681837767362,60.0,-6.279673099517822,-0.0,-6.85296797087176e-08,0.0,293.1499938964844,293.1499938964844,293.1499938964844,293.1499938964844,293.1499938964844,293.1499938964844,278.1499938964844,0.0,18000.0,313.1499938964844,0.0,18000.0,0.0,0.0,0.0,0.0,0.0,0.0,0.0,0.0,0.0,0.0,-0.0,-0.0,0.0,0.0,0.0,0.0,0.0,-0.0,0.0,0.0,0.0,0.0,0.0,0.0,0.0,0.0,0.0,4.0,0.0,0.0
11841300,296.79248046875,303.1499938964844,285.1499938964844,0.0,-0.0,293.14849853515625,0.0,0.0,9.421805589227006e-05,296.7754211425781,303.1499938964844,285.1499938964844,0.0,-0.0,293.14849853515625,0.0,0.0,9.921615128405392e-05,296.6903381347656,303.1499938964844,285.1499938964844,0.0,-0.0,293.14849853515625,0.0,0.0,7.328070932999253e-05,296.7508850097656,303.1499938964844,285.1499938964844,0.0,-0.0,293.1484680175781,0.0,0.0,9.921615128405392e-05,297.001708984375,303.1499938964844,285.1499938964844,0.0,-0.0,293.1485900878906,0.0,0.0,0.0004706387117039,293.1477355957031,294.1499938964844,283.9237060546875,283.9237060546875,287.9857177734375,283.8462829589844,293.02197265625,0.0,0.0,0.0,0.0,1.0,1.0,-0.0010038824984803,6.318165990393254e-09,0.001003876212053,-0.0156048191711306,0.0,0.0,0.0,-0.0079449974000453,60.0,-6.274738788604736,-0.0,-6.871095337146471e-08,0.0,293.1499938964844,293.1499938964844,293.1499938964844,293.1499938964844,293.1499938964844,293.1499938964844,278.1499938964844,0.0,18000.0,313.1499938964844,0.0,18000.0,0.0,0.0,0.0,0.0,0.0,0.0,0.0,0.0,0.0,0.0,-0.0,-0.0,0.0,0.0,0.0,0.0,0.0,-0.0,0.0,0.0,0.0,0.0,0.0,0.0,0.0,0.0,0.0,4.0,0.0,0.0
11841360,296.7912292480469,303.1499938964844,285.1499938964844,0.0,-0.0,293.1483459472656,0.0,0.0,9.434510138817132e-05,296.77423095703125,303.1499938964844,285.1499938964844,0.0,-0.0,293.1483459472656,0.0,0.0,9.934993431670593e-05,296.68731689453125,303.1499938964844,285.1499938964844,0.0,-0.0,293.1483459472656,0.0,0.0,7.337952411035076e-05,296.7518615722656,303.1499938964844,285.1499938964844,0.0,-0.0,293.1483459472656,0.0,0.0,9.934993431670593e-05,297.00103759765625,303.1499938964844,285.1499938964844,0.0,-0.0,293.1484375,0.0,0.0,0.000471273320727,293.14752197265625,294.1499938964844,283.9420166015625,283.9420166015625,287.9496459960937,283.8573913574219,293.019775390625,0.0,0.0,0.0,0.0,1.0,1.0,-0.0010052361758425,6.4764447138543354e-09,0.0010052296565845,-0.0160194300115108,0.0,0.0,0.0,-0.0080234631896018,60.0,-6.269423484802246,-0.0,-6.889637660378868e-08,0.0,293.1499938964844,293.1499938964844,293.1499938964844,293.1499938964844,293.1499938964844,293.1499938964844,278.1499938964844,0.0,18000.0,313.1499938964844,0.0,18000.0,0.0,0.0,0.0,0.0,0.0,0.0,0.0,0.0,0.0,0.0,-0.0,-0.0,0.0,0.0,0.0,0.0,0.0,-0.0,0.0,0.0,0.0,0.0,0.0,0.0,0.0,0.0,0.0,4.0,0.0,0.0
11841420,296.789794921875,303.1499938964844,285.1499938964844,0.0,-0.0,293.148193359375,0.0,0.0,9.449366916669533e-05,296.7728881835937,303.1499938964844,285.1499938964844,0.0,-0.0,293.148193359375,0.0,0.0,9.950638195732608e-05,296.683837890625,303.1499938964844,285.1499938964844,0.0,-0.0,293.148193359375,0.0,0.0,7.34950735932216e-05,296.7530212402344,303.1499938964844,285.1499938964844,0.0,-0.0,293.1481628417969,0.0,0.0,9.950638195732608e-05,297.0002746582031,303.1499938964844,285.1499938964844,0.0,-0.0,293.14825439453125,0.0,0.0,0.0004720154392998,293.14727783203125,294.1499938964844,283.9638366699219,283.9638366699219,287.9086303710937,283.8714904785156,293.01727294921875,0.0,0.0,0.0,0.0,1.0,1.0,-0.0010068190749734,6.6615473137687794e-09,0.0010068124393001,-0.0165042951703071,0.0,0.0,0.0,-0.0081152264028787,60.0,-6.262979507446289,-0.0,-6.911353978011904e-08,0.0,293.1499938964844,293.1499938964844,293.1499938964844,293.1499938964844,293.1499938964844,293.1499938964844,278.1499938964844,0.0,18000.0,313.1499938964844,0.0,18000.0,0.0,0.0,0.0,0.0,0.0,0.0,0.0,0.0,0.0,0.0,-0.0,-0.0,0.0,0.0,0.0,0.0,0.0,-0.0,0.0,0.0,0.0,0.0,0.0,0.0,0.0,0.0,0.0,4.0,0.0,0.0
11841480,296.7887268066406,303.1499938964844,285.1499938964844,0.0,-0.0,293.1480407714844,0.0,0.0,9.460596629651263e-05,296.7718811035156,303.1499938964844,285.1499938964844,0.0,-0.0,293.1480407714844,0.0,0.0,9.96246380964294e-05,296.6813049316406,303.1499938964844,285.1499938964844,0.0,-0.0,293.1480407714844,0.0,0.0,7.358241418842226e-05,296.75396728515625,303.1499938964844,285.1499938964844,0.0,-0.0,293.1480407714844,0.0,0.0,9.96246380964294e-05,296.99969482421875,303.1499938964844,285.1499938964844,0.0,-0.0,293.14813232421875,0.0,0.0,0.000472576386528,293.1470947265625,294.1499938964844,283.9804992675781,283.9804992675781,287.87860107421875,283.88287353515625,293.0154113769531,0.0,0.0,0.0,0.0,1.0,1.0,-0.0010080155916512,6.8014522902615235e-09,0.0010080087231472,-0.0168707612901926,0.0,0.0,0.0,-0.0081845838576555,60.0,-6.257955551147461,-0.0,-6.927790252575505e-08,0.0,293.1499938964844,293.1499938964844,293.1499938964844,293.1499938964844,293.1499938964844,293.1499938964844,278.1499938964844,0.0,18000.0,313.1499938964844,0.0,18000.0,0.0,0.0,0.0,0.0,0.0,0.0,0.0,0.0,0.0,0.0,-0.0,-0.0,0.0,0.0,0.0,0.0,0.0,-0.0,0.0,0.0,0.0,0.0,0.0,0.0,0.0,0.0,0.0,4.0,0.0,0.0
11841540,296.78619384765625,303.1499938964844,285.1499938964844,0.0,-0.0,293.1477355957031,0.0,0.0,9.487666829954831e-05,296.76953125,303.1499938964844,285.1499938964844,0.0,-0.0,293.1477355957031,0.0,0.0,9.99097028397955e-05,296.67535400390625,303.1499938964844,285.1499938964844,0.0,-0.0,293.1477355957031,0.0,0.0,7.37929658498615e-05,296.7558288574219,303.1499938964844,285.1499938964844,0.0,-0.0,293.147705078125,0.0,0.0,9.99097028397955e-05,296.99835205078125,303.1499938964844,285.1499938964844,0.0,-0.0,293.1477966308594,0.0,0.0,0.0004739286086987,293.14666748046875,294.1499938964844,284.021240234375,284.021240234375,287.8093566894531,283.91314697265625,293.0110168457031,0.0,0.0,0.0,0.0,1.0,1.0,-0.0010108998976647,7.13872294610951e-09,0.0010108927963301,-0.0177541766315698,0.0,0.0,0.0,-0.0083517832681536,60.0,-6.245273590087891,-0.0,-6.967493249021572e-08,0.0,293.1499938964844,293.1499938964844,293.1499938964844,293.1499938964844,293.1499938964844,293.1499938964844,278.1499938964844,0.0,18000.0,313.1499938964844,0.0,18000.0,0.0,0.0,0.0,0.0,0.0,0.0,0.0,0.0,0.0,0.0,-0.0,-0.0,0.0,0.0,0.0,0.0,0.0,-0.0,0.0,0.0,0.0,0.0,0.0,0.0,0.0,0.0,0.0,4.0,0.0,0.0
11841600,296.78619384765625,303.1499938964844,285.1499938964844,0.0,-0.0,293.1477355957031,0.0,0.0,9.487666829954831e-05,296.76953125,303.1499938964844,285.1499938964844,0.0,-0.0,293.1477355957031,0.0,0.0,9.99097028397955e-05,296.67535400390625,303.1499938964844,285.1499938964844,0.0,-0.0,293.1477355957031,0.0,0.0,7.37929658498615e-05,296.7558288574219,303.1499938964844,285.1499938964844,0.0,-0.0,293.147705078125,0.0,0.0,9.99097028397955e-05,296.99835205078125,303.1499938964844,285.1499938964844,0.0,-0.0,293.1477966308594,0.0,0.0,0.0004739286086987,293.14666748046875,294.1499938964844,284.021240234375,284.021240234375,287.8093566894531,283.91314697265625,293.0110168457031,0.0,0.0,0.0,0.0,1.0,1.0,-0.0010108998976647,7.13872294610951e-09,0.0010108927963301,-0.0177541766315698,0.0,0.0,0.0,-0.0083517832681536,60.0,-6.245273590087891,-0.0,-6.967493249021572e-08,0.0,293.1499938964844,293.1499938964844,293.1499938964844,293.1499938964844,293.1499938964844,293.1499938964844,278.1499938964844,0.0,18000.0,313.1499938964844,0.0,18000.0,0.0,0.0,0.0,0.0,0.0,0.0,0.0,0.0,0.0,0.0,-0.0,-0.0,0.0,0.0,0.0,0.0,0.0,-0.0,0.0,0.0,0.0,0.0,0.0,0.0,0.0,0.0,0.0,4.0,0.0,0.0
11841660,296.7836303710937,303.1499938964844,285.1499938964844,0.0,-0.0,293.1473999023437,0.0,0.0,9.515663987258448e-05,296.7671813964844,303.1499938964844,285.1499938964844,0.0,-0.0,293.1473999023437,0.0,0.0,0.0001002045246423,296.6694641113281,303.1499938964844,285.1499938964844,0.0,-0.0,293.1473999023437,0.0,0.0,7.401072070933878e-05,296.7561340332031,303.1499938964844,285.1499938964844,0.0,-0.0,293.1473693847656,0.0,0.0,0.0001002045246423,296.9969482421875,303.1499938964844,285.1499938964844,0.0,-0.0,293.1474609375,0.0,0.0,0.0004753271350637,293.1462097167969,294.1499938964844,284.0639038085937,284.0639038085937,287.7419738769531,283.947998046875,293.0066223144531,0.0,0.0,0.0,0.0,1.0,1.0,-0.0010138829238712,7.487535036432291e-09,0.0010138753568753,-0.0186677780002355,0.0,0.0,0.0,-0.0085247037932276,60.0,-6.23154878616333,-0.0,-7.00867417435802e-08,0.0,293.1499938964844,293.1499938964844,293.1499938964844,293.1499938964844,293.1499938964844,293.1499938964844,278.1499938964844,0.0,18000.0,313.1499938964844,0.0,18000.0,0.0,0.0,0.0,0.0,0.0,0.0,0.0,0.0,0.0,0.0,-0.0,-0.0,0.0,0.0,0.0,0.0,0.0,-0.0,0.0,0.0,0.0,0.0,0.0,0.0,0.0,0.0,0.0,4.0,0.0,0.0
11841720,296.7836303710937,303.1499938964844,285.1499938964844,0.0,-0.0,293.1473999023437,0.0,0.0,9.515663987258448e-05,296.7671813964844,303.1499938964844,285.1499938964844,0.0,-0.0,293.1473999023437,0.0,0.0,0.0001002045246423,296.6694641113281,303.1499938964844,285.1499938964844,0.0,-0.0,293.1473999023437,0.0,0.0,7.401072070933878e-05,296.7561340332031,303.1499938964844,285.1499938964844,0.0,-0.0,293.1473693847656,0.0,0.0,0.0001002045246423,296.9969482421875,303.1499938964844,285.1499938964844,0.0,-0.0,293.1474609375,0.0,0.0,0.0004753271350637,293.1462097167969,294.1499938964844,284.0639038085937,284.0639038085937,287.7419738769531,283.947998046875,293.0066223144531,0.0,0.0,0.0,0.0,1.0,1.0,-0.0010138829238712,7.487535036432291e-09,0.0010138753568753,-0.0186677780002355,0.0,0.0,0.0,-0.0085247037932276,60.0,-6.23154878616333,-0.0,-7.00867417435802e-08,0.0,293.1499938964844,293.1499938964844,293.1499938964844,293.1499938964844,293.1499938964844,293.1499938964844,278.1499938964844,0.0,18000.0,313.1499938964844,0.0,18000.0,0.0,0.0,0.0,0.0,0.0,0.0,0.0,0.0,0.0,0.0,-0.0,-0.0,0.0,0.0,0.0,0.0,0.0,-0.0,0.0,0.0,0.0,0.0,0.0,0.0,0.0,0.0,0.0,4.0,0.0,0.0
11841780,296.7810363769531,303.1499938964844,285.1499938964844,0.0,-0.0,293.14703369140625,0.0,0.0,9.544545173412188e-05,296.7648010253906,303.1499938964844,285.1499938964844,0.0,-0.0,293.14703369140625,0.0,0.0,0.0001005086596705,296.66363525390625,303.1499938964844,285.1499938964844,0.0,-0.0,293.14703369140625,0.0,0.0,7.423535134876147e-05,296.7554016113281,303.1499938964844,285.1499938964844,0.0,-0.0,293.1470031738281,0.0,0.0,0.0001005086596705,296.9954528808594,303.1499938964844,285.1499938964844,0.0,-0.0,293.1470947265625,0.0,0.0,0.0004767698119394,293.1457214355469,294.1499938964844,284.10821533203125,284.10821533203125,287.6764221191406,283.98687744140625,293.002197265625,0.0,0.0,0.0,0.0,1.0,1.0,-0.0010169601300731,7.847368088675921e-09,0.0010169523302465,-0.0196101982146501,0.0,0.0,0.0,-0.0087030883878469,60.0,-6.216982841491699,-0.0,-7.051283290593346e-08,0.0,293.1499938964844,293.1499938964844,293.1499938964844,293.1499938964844,293.1499938964844,293.1499938964844,278.1499938964844,0.0,18000.0,313.1499938964844,0.0,18000.0,0.0,0.0,0.0,0.0,0.0,0.0,0.0,0.0,0.0,0.0,-0.0,-0.0,0.0,0.0,0.0,0.0,0.0,-0.0,0.0,0.0,0.0,0.0,0.0,0.0,0.0,0.0,0.0,4.0,0.0,0.0
11841840,296.7810363769531,303.1499938964844,285.1499938964844,0.0,-0.0,293.14703369140625,0.0,0.0,9.544545173412188e-05,296.7648010253906,303.1499938964844,285.1499938964844,0.0,-0.0,293.14703369140625,0.0,0.0,0.0001005086596705,296.66363525390625,303.1499938964844,285.1499938964844,0.0,-0.0,293.14703369140625,0.0,0.0,7.423535134876147e-05,296.7554016113281,303.1499938964844,285.1499938964844,0.0,-0.0,293.1470031738281,0.0,0.0,0.0001005086596705,296.9954528808594,303.1499938964844,285.1499938964844,0.0,-0.0,293.1470947265625,0.0,0.0,0.0004767698119394,293.1457214355469,294.1499938964844,284.10821533203125,284.10821533203125,287.6764221191406,283.98687744140625,293.002197265625,0.0,0.0,0.0,0.0,1.0,1.0,-0.0010169601300731,7.847368088675921e-09,0.0010169523302465,-0.0196101982146501,0.0,0.0,0.0,-0.0087030883878469,60.0,-6.216982841491699,-0.0,-7.051283290593346e-08,0.0,293.1499938964844,293.1499938964844,293.1499938964844,293.1499938964844,293.1499938964844,293.1499938964844,278.1499938964844,0.0,18000.0,313.1499938964844,0.0,18000.0,0.0,0.0,0.0,0.0,0.0,0.0,0.0,0.0,0.0,0.0,-0.0,-0.0,0.0,0.0,0.0,0.0,0.0,-0.0,0.0,0.0,0.0,0.0,0.0,0.0,0.0,0.0,0.0,4.0,0.0,0.0
11841900,296.7797546386719,303.1499938964844,285.1499938964844,0.0,-0.0,293.1468505859375,0.0,0.0,9.559308091411368e-05,296.7636108398437,303.1499938964844,285.1499938964844,0.0,-0.0,293.1468505859375,0.0,0.0,0.000100664110505,296.6607666015625,303.1499938964844,285.1499938964844,0.0,-0.0,293.1468505859375,0.0,0.0,7.43501732358709e-05,296.7547912597656,303.1499938964844,285.1499938964844,0.0,-0.0,293.1468200683594,0.0,0.0,0.000100664110505,296.99468994140625,303.1499938964844,285.1499938964844,0.0,-0.0,293.1469116210937,0.0,0.0,0.0004775072156917,293.1454467773437,294.1499938964844,284.1308898925781,284.1308898925781,287.6443176269531,284.00762939453125,293.0,0.0,0.0,0.0,0.0,1.0,1.0,-0.0010185330174863,8.031291187649003e-09,0.0010185249848291,-0.0200918819755315,0.0,0.0,0.0,-0.0087942667305469,60.0,-6.20943546295166,-0.0,-7.073111873978635e-08,0.0,293.1499938964844,293.1499938964844,293.1499938964844,293.1499938964844,293.1499938964844,293.1499938964844,278.1499938964844,0.0,18000.0,313.1499938964844,0.0,18000.0,0.0,0.0,0.0,0.0,0.0,0.0,0.0,0.0,0.0,0.0,-0.0,-0.0,0.0,0.0,0.0,0.0,0.0,-0.0,0.0,0.0,0.0,0.0,0.0,0.0,0.0,0.0,0.0,4.0,0.0,0.0
11841960,296.7784118652344,303.1499938964844,285.1499938964844,0.0,-0.0,293.14666748046875,0.0,0.0,9.57426382228732e-05,296.76239013671875,303.1499938964844,285.1499938964844,0.0,-0.0,293.14666748046875,0.0,0.0,0.0001008216058835,296.65789794921875,303.1499938964844,285.1499938964844,0.0,-0.0,293.14666748046875,0.0,0.0,7.446649397024885e-05,296.75408935546875,303.1499938964844,285.1499938964844,0.0,-0.0,293.1466369628906,0.0,0.0,0.0001008216058835,296.9938659667969,303.1499938964844,285.1499938964844,0.0,-0.0,293.146728515625,0.0,0.0,0.0004782542819157,293.14520263671875,294.1499938964844,284.15386962890625,284.15386962890625,287.6126403808594,284.0291748046875,292.997802734375,0.0,0.0,0.0,0.0,1.0,1.0,-0.0010201265104115,8.21762835556683e-09,0.0010201183613389,-0.0205798726528882,0.0,0.0,0.0,-0.0088866418227553,60.0,-6.201729774475098,-0.0,-7.095261622680482e-08,0.0,293.1499938964844,293.1499938964844,293.1499938964844,293.1499938964844,293.1499938964844,293.1499938964844,278.1499938964844,0.0,18000.0,313.1499938964844,0.0,18000.0,0.0,0.0,0.0,0.0,0.0,0.0,0.0,0.0,0.0,0.0,-0.0,-0.0,0.0,0.0,0.0,0.0,0.0,-0.0,0.0,0.0,0.0,0.0,0.0,0.0,0.0,0.0,0.0,4.0,0.0,0.0
11842020,296.7757263183594,303.1499938964844,285.1499938964844,0.0,-0.0,293.1462707519531,0.0,0.0,9.60473989835009e-05,296.75994873046875,303.1499938964844,285.1499938964844,0.0,-0.0,293.1462707519531,0.0,0.0,0.0001011425338219,296.6521911621094,303.1499938964844,285.1499938964844,0.0,-0.0,293.1462707519531,0.0,0.0,7.470353011740372e-05,296.7523498535156,303.1499938964844,285.1499938964844,0.0,-0.0,293.146240234375,0.0,0.0,0.0001011425338219,296.9921875,303.1499938964844,285.1499938964844,0.0,-0.0,293.1463317871094,0.0,0.0,0.0004797766450792,293.1446533203125,294.1499938964844,284.2005920410156,284.2005920410156,287.55059814453125,284.0743713378906,292.9933776855469,0.0,0.0,0.0,0.0,1.0,1.0,-0.0010233736829832,8.597329959059152e-09,0.0010233650682494,-0.0215742141008377,0.0,0.0,0.0,-0.0090748760849237,60.0,-6.185938358306885,-0.0,-7.140503299751799e-08,0.0,293.1499938964844,293.1499938964844,293.1499938964844,293.1499938964844,293.1499938964844,293.1499938964844,278.1499938964844,0.0,18000.0,313.1499938964844,0.0,18000.0,0.0,0.0,0.0,0.0,0.0,0.0,0.0,0.0,0.0,0.0,-0.0,-0.0,0.0,0.0,0.0,0.0,0.0,-0.0,0.0,0.0,0.0,0.0,0.0,0.0,0.0,0.0,0.0,4.0,0.0,0.0
11842080,296.7757263183594,303.1499938964844,285.1499938964844,0.0,-0.0,293.1462707519531,0.0,0.0,9.60473989835009e-05,296.75994873046875,303.1499938964844,285.1499938964844,0.0,-0.0,293.1462707519531,0.0,0.0,0.0001011425338219,296.6521911621094,303.1499938964844,285.1499938964844,0.0,-0.0,293.1462707519531,0.0,0.0,7.470353011740372e-05,296.7523498535156,303.1499938964844,285.1499938964844,0.0,-0.0,293.146240234375,0.0,0.0,0.0001011425338219,296.9921875,303.1499938964844,285.1499938964844,0.0,-0.0,293.1463317871094,0.0,0.0,0.0004797766450792,293.1446533203125,294.1499938964844,284.2005920410156,284.2005920410156,287.55059814453125,284.0743713378906,292.9933776855469,0.0,0.0,0.0,0.0,1.0,1.0,-0.0010233736829832,8.597329959059152e-09,0.0010233650682494,-0.0215742141008377,0.0,0.0,0.0,-0.0090748760849237,60.0,-6.185938358306885,-0.0,-7.140503299751799e-08,0.0,293.1499938964844,293.1499938964844,293.1499938964844,293.1499938964844,293.1499938964844,293.1499938964844,278.1499938964844,0.0,18000.0,313.1499938964844,0.0,18000.0,0.0,0.0,0.0,0.0,0.0,0.0,0.0,0.0,0.0,0.0,-0.0,-0.0,0.0,0.0,0.0,0.0,0.0,-0.0,0.0,0.0,0.0,0.0,0.0,0.0,0.0,0.0,0.0,4.0,0.0,0.0
11842140,296.77301025390625,303.1499938964844,285.1499938964844,0.0,-0.0,293.1458435058594,0.0,0.0,9.635912283556536e-05,296.7574768066406,303.1499938964844,285.1499938964844,0.0,-0.0,293.1458435058594,0.0,0.0,0.0001014707959257,296.64654541015625,303.1499938964844,285.1499938964844,0.0,-0.0,293.1458435058594,0.0,0.0,7.494598685298115e-05,296.7503662109375,303.1499938964844,285.1499938964844,0.0,-0.0,293.14581298828125,0.0,0.0,0.0001014707959257,296.9904479980469,303.1499938964844,285.1499938964844,0.0,-0.0,293.1459045410156,0.0,0.0,0.0004813337582163,293.14410400390625,294.1499938964844,284.248046875,284.248046875,287.4902648925781,284.1219482421875,292.98895263671875,0.0,0.0,0.0,0.0,1.0,1.0,-0.0010266950121149,8.985710842068784e-09,0.0010266860481351,-0.0225912202149629,0.0,0.0,0.0,-0.0092674130573868,60.0,-6.169739723205566,-0.0,-7.186928030478158e-08,0.0,293.1499938964844,293.1499938964844,293.1499938964844,293.1499938964844,293.1499938964844,293.1499938964844,278.1499938964844,0.0,18000.0,313.1499938964844,0.0,18000.0,0.0,0.0,0.0,0.0,0.0,0.0,0.0,0.0,0.0,0.0,-0.0,-0.0,0.0,0.0,0.0,0.0,0.0,-0.0,0.0,0.0,0.0,0.0,0.0,0.0,0.0,0.0,0.0,4.0,0.0,0.0
11842200,296.77301025390625,303.1499938964844,285.1499938964844,0.0,-0.0,293.1458435058594,0.0,0.0,9.635912283556536e-05,296.7574768066406,303.1499938964844,285.1499938964844,0.0,-0.0,293.1458435058594,0.0,0.0,0.0001014707959257,296.64654541015625,303.1499938964844,285.1499938964844,0.0,-0.0,293.1458435058594,0.0,0.0,7.494598685298115e-05,296.7503662109375,303.1499938964844,285.1499938964844,0.0,-0.0,293.14581298828125,0.0,0.0,0.0001014707959257,296.9904479980469,303.1499938964844,285.1499938964844,0.0,-0.0,293.1459045410156,0.0,0.0,0.0004813337582163,293.14410400390625,294.1499938964844,284.248046875,284.248046875,287.4902648925781,284.1219482421875,292.98895263671875,0.0,0.0,0.0,0.0,1.0,1.0,-0.0010266950121149,8.985710842068784e-09,0.0010266860481351,-0.0225912202149629,0.0,0.0,0.0,-0.0092674130573868,60.0,-6.169739723205566,-0.0,-7.186928030478158e-08,0.0,293.1499938964844,293.1499938964844,293.1499938964844,293.1499938964844,293.1499938964844,293.1499938964844,278.1499938964844,0.0,18000.0,313.1499938964844,0.0,18000.0,0.0,0.0,0.0,0.0,0.0,0.0,0.0,0.0,0.0,0.0,-0.0,-0.0,0.0,0.0,0.0,0.0,0.0,-0.0,0.0,0.0,0.0,0.0,0.0,0.0,0.0,0.0,0.0,4.0,0.0,0.0
11842260,296.7702331542969,303.1499938964844,285.1499938964844,0.0,-0.0,293.1454162597656,0.0,0.0,9.667681297287344e-05,296.75494384765625,303.1499938964844,285.1499938964844,0.0,-0.0,293.1454162597656,0.0,0.0,0.0001018053444568,296.6409606933594,303.1499938964844,285.1499938964844,0.0,-0.0,293.1454162597656,0.0,0.0,7.519307837355882e-05,296.7481994628906,303.1499938964844,285.1499938964844,0.0,-0.0,293.1453857421875,0.0,0.0,0.0001018053444568,296.9886474609375,303.1499938964844,285.1499938964844,0.0,-0.0,293.1454772949219,0.0,0.0,0.0004829207027796,293.1435241699219,294.1499938964844,284.2959899902344,284.2959899902344,287.4317321777344,284.1715087890625,292.9845275878906,0.0,0.0,0.0,0.0,1.0,1.0,-0.0010300800204277,9.381529331164984e-09,0.0010300705907866,-0.0236276313662529,0.0,0.0,0.0,-0.0094636371359229,60.0,-6.153270721435547,-0.0,-7.23439583794061e-08,0.0,293.1499938964844,293.1499938964844,293.1499938964844,293.1499938964844,293.1499938964844,293.1499938964844,278.1499938964844,0.0,18000.0,313.1499938964844,0.0,18000.0,0.0,0.0,0.0,0.0,0.0,0.0,0.0,0.0,0.0,0.0,-0.0,-0.0,0.0,0.0,0.0,0.0,0.0,-0.0,0.0,0.0,0.0,0.0,0.0,0.0,0.0,0.0,0.0,4.0,0.0,0.0
11842320,296.7702331542969,303.1499938964844,285.1499938964844,0.0,-0.0,293.1454162597656,0.0,0.0,9.667681297287344e-05,296.75494384765625,303.1499938964844,285.1499938964844,0.0,-0.0,293.1454162597656,0.0,0.0,0.0001018053444568,296.6409606933594,303.1499938964844,285.1499938964844,0.0,-0.0,293.1454162597656,0.0,0.0,7.519307837355882e-05,296.7481994628906,303.1499938964844,285.1499938964844,0.0,-0.0,293.1453857421875,0.0,0.0,0.0001018053444568,296.9886474609375,303.1499938964844,285.1499938964844,0.0,-0.0,293.1454772949219,0.0,0.0,0.0004829207027796,293.1435241699219,294.1499938964844,284.2959899902344,284.2959899902344,287.4317321777344,284.1715087890625,292.9845275878906,0.0,0.0,0.0,0.0,1.0,1.0,-0.0010300800204277,9.381529331164984e-09,0.0010300705907866,-0.0236276313662529,0.0,0.0,0.0,-0.0094636371359229,60.0,-6.153270721435547,-0.0,-7.23439583794061e-08,0.0,293.1499938964844,293.1499938964844,293.1499938964844,293.1499938964844,293.1499938964844,293.1499938964844,278.1499938964844,0.0,18000.0,313.1499938964844,0.0,18000.0,0.0,0.0,0.0,0.0,0.0,0.0,0.0,0.0,0.0,0.0,-0.0,-0.0,0.0,0.0,0.0,0.0,0.0,-0.0,0.0,0.0,0.0,0.0,0.0,0.0,0.0,0.0,0.0,4.0,0.0,0.0
11842380,296.7674255371094,303.1499938964844,285.1499938964844,0.0,-0.0,293.1449584960937,0.0,0.0,9.699937800178304e-05,296.7523803710937,303.1499938964844,285.1499938964844,0.0,-0.0,293.1449584960937,0.0,0.0,0.000102145015262,296.6354675292969,303.1499938964844,285.1499938964844,0.0,-0.0,293.1449584960937,0.0,0.0,7.544396066805348e-05,296.74591064453125,303.1499938964844,285.1499938964844,0.0,-0.0,293.1449279785156,0.0,0.0,0.000102145015262,296.9867858886719,303.1499938964844,285.1499938964844,0.0,-0.0,293.14501953125,0.0,0.0,0.0004845319781452,293.1429138183594,294.1499938964844,284.3440856933594,284.3440856933594,287.3749694824219,284.2224426269531,292.9800720214844,0.0,0.0,0.0,0.0,1.0,1.0,-0.0010335168335586,9.783413190689316e-09,0.0010335070546716,-0.024679847061634,0.0,0.0,0.0,-0.0096628675237298,60.0,-6.136672019958496,-0.0,-7.282751113280028e-08,0.0,293.1499938964844,293.1499938964844,293.1499938964844,293.1499938964844,293.1499938964844,293.1499938964844,278.1499938964844,0.0,18000.0,313.1499938964844,0.0,18000.0,0.0,0.0,0.0,0.0,0.0,0.0,0.0,0.0,0.0,0.0,-0.0,-0.0,0.0,0.0,0.0,0.0,0.0,-0.0,0.0,0.0,0.0,0.0,0.0,0.0,0.0,0.0,0.0,4.0,0.0,0.0
11842440,296.7674255371094,303.1499938964844,285.1499938964844,0.0,-0.0,293.1449584960937,0.0,0.0,9.699937800178304e-05,296.7523803710937,303.1499938964844,285.1499938964844,0.0,-0.0,293.1449584960937,0.0,0.0,0.000102145015262,296.6354675292969,303.1499938964844,285.1499938964844,0.0,-0.0,293.1449584960937,0.0,0.0,7.544396066805348e-05,296.74591064453125,303.1499938964844,285.1499938964844,0.0,-0.0,293.1449279785156,0.0,0.0,0.000102145015262,296.9867858886719,303.1499938964844,285.1499938964844,0.0,-0.0,293.14501953125,0.0,0.0,0.0004845319781452,293.1429138183594,294.1499938964844,284.3440856933594,284.3440856933594,287.3749694824219,284.2224426269531,292.9800720214844,0.0,0.0,0.0,0.0,1.0,1.0,-0.0010335168335586,9.783413190689316e-09,0.0010335070546716,-0.024679847061634,0.0,0.0,0.0,-0.0096628675237298,60.0,-6.136672019958496,-0.0,-7.282751113280028e-08,0.0,293.1499938964844,293.1499938964844,293.1499938964844,293.1499938964844,293.1499938964844,293.1499938964844,278.1499938964844,0.0,18000.0,313.1499938964844,0.0,18000.0,0.0,0.0,0.0,0.0,0.0,0.0,0.0,0.0,0.0,0.0,-0.0,-0.0,0.0,0.0,0.0,0.0,0.0,-0.0,0.0,0.0,0.0,0.0,0.0,0.0,0.0,0.0,0.0,4.0,0.0,0.0
11842500,296.7660217285156,303.1499938964844,285.1499938964844,0.0,-0.0,293.14471435546875,0.0,0.0,9.716211206978188e-05,296.7510986328125,303.1499938964844,285.1499938964844,0.0,-0.0,293.14471435546875,0.0,0.0,0.0001023163786157,296.6327819824219,303.1499938964844,285.1499938964844,0.0,-0.0,293.14471435546875,0.0,0.0,7.55705259507522e-05,296.7447509765625,303.1499938964844,285.1499938964844,0.0,-0.0,293.14471435546875,0.0,0.0,0.0001023163786157,296.98583984375,303.1499938964844,285.1499938964844,0.0,-0.0,293.144775390625,0.0,0.0,0.0004853448481298,293.142578125,294.1499938964844,284.3681030273437,284.3681030273437,287.3472595214844,284.2482604980469,292.9778747558594,0.0,0.0,0.0,0.0,1.0,1.0,-0.0010352507233619,9.98616567216004e-09,0.0010352407116442,-0.0252106636762619,0.0,0.0,0.0,-0.0097633805125951,60.0,-6.128365516662598,-0.0,-7.307207994244892e-08,0.0,293.1499938964844,293.1499938964844,293.1499938964844,293.1499938964844,293.1499938964844,293.1499938964844,278.1499938964844,0.0,18000.0,313.1499938964844,0.0,18000.0,0.0,0.0,0.0,0.0,0.0,0.0,0.0,0.0,0.0,0.0,-0.0,-0.0,0.0,0.0,0.0,0.0,0.0,-0.0,0.0,0.0,0.0,0.0,0.0,0.0,0.0,0.0,0.0,4.0,0.0,0.0
11842560,296.7645874023437,303.1499938964844,285.1499938964844,0.0,-0.0,293.1444702148437,0.0,0.0,9.73255155258812e-05,296.74981689453125,303.1499938964844,285.1499938964844,0.0,-0.0,293.1444702148437,0.0,0.0,0.0001024884550133,296.6300964355469,303.1499938964844,285.1499938964844,0.0,-0.0,293.1444702148437,0.0,0.0,7.569762237835675e-05,296.7435607910156,303.1499938964844,285.1499938964844,0.0,-0.0,293.1444702148437,0.0,0.0,0.0001024884550133,296.9848937988281,303.1499938964844,285.1499938964844,0.0,-0.0,293.14453125,0.0,0.0,0.0004861611232627,293.1422424316406,294.1499938964844,284.3920593261719,284.3920593261719,287.32000732421875,284.27423095703125,292.97564697265625,0.0,0.0,0.0,0.0,1.0,1.0,-0.0010369918309152,1.0189759258594222e-08,0.0010369815863668,-0.0257436633110046,0.0,0.0,0.0,-0.0098643107339739,60.0,-6.120075225830078,-0.0,-7.331806983756908e-08,0.0,293.1499938964844,293.1499938964844,293.1499938964844,293.1499938964844,293.1499938964844,293.1499938964844,278.1499938964844,0.0,18000.0,313.1499938964844,0.0,18000.0,0.0,0.0,0.0,0.0,0.0,0.0,0.0,0.0,0.0,0.0,-0.0,-0.0,0.0,0.0,0.0,0.0,0.0,-0.0,0.0,0.0,0.0,0.0,0.0,0.0,0.0,0.0,0.0,4.0,0.0,0.0
11842620,296.76171875,303.1499938964844,285.1499938964844,0.0,-0.0,293.1439819335937,0.0,0.0,9.765668801264836e-05,296.7471923828125,303.1499938964844,285.1499938964844,0.0,-0.0,293.1439819335937,0.0,0.0,0.0001028371989377,296.6247863769531,303.1499938964844,285.1499938964844,0.0,-0.0,293.1439819335937,0.0,0.0,7.595520582981408e-05,296.7411499023437,303.1499938964844,285.1499938964844,0.0,-0.0,293.1439514160156,0.0,0.0,0.0001028371989377,296.98297119140625,303.1499938964844,285.1499938964844,0.0,-0.0,293.14404296875,0.0,0.0,0.0004878153849858,293.1415710449219,294.1499938964844,284.4395751953125,284.4395751953125,287.2667541503906,284.32635498046875,292.9712219238281,0.0,0.0,0.0,0.0,1.0,1.0,-0.0010405203793197,1.060237675432063e-08,0.0010405097855255,-0.0268238093703985,0.0,0.0,0.0,-0.0100688626989722,60.0,-6.103665828704834,-0.0,-7.381787980875745e-08,0.0,293.1499938964844,293.1499938964844,293.1499938964844,293.1499938964844,293.1499938964844,293.1499938964844,278.1499938964844,0.0,18000.0,313.1499938964844,0.0,18000.0,0.0,0.0,0.0,0.0,0.0,0.0,0.0,0.0,0.0,0.0,-0.0,-0.0,0.0,0.0,0.0,0.0,0.0,-0.0,0.0,0.0,0.0,0.0,0.0,0.0,0.0,0.0,0.0,4.0,0.0,0.0
11842680,296.76171875,303.1499938964844,285.1499938964844,0.0,-0.0,293.1439819335937,0.0,0.0,9.765668801264836e-05,296.7471923828125,303.1499938964844,285.1499938964844,0.0,-0.0,293.1439819335937,0.0,0.0,0.0001028371989377,296.6247863769531,303.1499938964844,285.1499938964844,0.0,-0.0,293.1439819335937,0.0,0.0,7.595520582981408e-05,296.7411499023437,303.1499938964844,285.1499938964844,0.0,-0.0,293.1439514160156,0.0,0.0,0.0001028371989377,296.98297119140625,303.1499938964844,285.1499938964844,0.0,-0.0,293.14404296875,0.0,0.0,0.0004878153849858,293.1415710449219,294.1499938964844,284.4395751953125,284.4395751953125,287.2667541503906,284.32635498046875,292.9712219238281,0.0,0.0,0.0,0.0,1.0,1.0,-0.0010405203793197,1.060237675432063e-08,0.0010405097855255,-0.0268238093703985,0.0,0.0,0.0,-0.0100688626989722,60.0,-6.103665828704834,-0.0,-7.381787980875745e-08,0.0,293.1499938964844,293.1499938964844,293.1499938964844,293.1499938964844,293.1499938964844,293.1499938964844,278.1499938964844,0.0,18000.0,313.1499938964844,0.0,18000.0,0.0,0.0,0.0,0.0,0.0,0.0,0.0,0.0,0.0,0.0,-0.0,-0.0,0.0,0.0,0.0,0.0,0.0,-0.0,0.0,0.0,0.0,0.0,0.0,0.0,0.0,0.0,0.0,4.0,0.0,0.0
11842740,296.7588195800781,303.1499938964844,285.1499938964844,0.0,-0.0,293.1434631347656,0.0,0.0,9.801915439311416e-05,296.7445373535156,303.1499938964844,285.1499938964844,0.0,-0.0,293.1434631347656,0.0,0.0,0.0001032188883982,296.6195068359375,303.1499938964844,285.1499938964844,0.0,-0.0,293.1434631347656,0.0,0.0,7.623712008353323e-05,296.7386779785156,303.1499938964844,285.1499938964844,0.0,-0.0,293.1434326171875,0.0,0.0,0.0001032188883982,296.98101806640625,303.1499938964844,285.1499938964844,0.0,-0.0,293.1435241699219,0.0,0.0,0.0004896259633824,293.1408996582031,294.1499938964844,284.4864196777344,284.4864196777344,287.21502685546875,284.37847900390625,292.966796875,0.0,0.0,0.0,0.0,1.0,1.0,-0.0010443822247907,1.1053978177244517e-08,0.0010443711653351,-0.0280059017241001,0.0,0.0,0.0,-0.0102927396073937,60.0,-6.088464736938477,-0.0,-7.43668593372604e-08,0.0,293.1499938964844,293.1499938964844,293.1499938964844,293.1499938964844,293.1499938964844,293.1499938964844,278.1499938964844,0.0,18000.0,313.1499938964844,0.0,18000.0,0.0,0.0,0.0,0.0,0.0,0.0,0.0,0.0,0.0,0.0,-0.0,-0.0,0.0,0.0,0.0,0.0,0.0,-0.0,0.0,0.0,0.0,0.0,0.0,0.0,0.0,0.0,0.0,4.0,0.0,0.0
11842800,296.7588195800781,303.1499938964844,285.1499938964844,0.0,-0.0,293.1434631347656,0.0,0.0,9.801915439311416e-05,296.7445373535156,303.1499938964844,285.1499938964844,0.0,-0.0,293.1434631347656,0.0,0.0,0.0001032188883982,296.6195068359375,303.1499938964844,285.1499938964844,0.0,-0.0,293.1434631347656,0.0,0.0,7.623712008353323e-05,296.7386779785156,303.1499938964844,285.1499938964844,0.0,-0.0,293.1434326171875,0.0,0.0,0.0001032188883982,296.98101806640625,303.1499938964844,285.1499938964844,0.0,-0.0,293.1435241699219,0.0,0.0,0.0004896259633824,293.1408996582031,294.1499938964844,284.4864196777344,284.4864196777344,287.21502685546875,284.37847900390625,292.966796875,0.0,0.0,0.0,0.0,1.0,1.0,-0.0010443822247907,1.1053978177244517e-08,0.0010443711653351,-0.0280059017241001,0.0,0.0,0.0,-0.0102927396073937,60.0,-6.088464736938477,-0.0,-7.43668593372604e-08,0.0,293.1499938964844,293.1499938964844,293.1499938964844,293.1499938964844,293.1499938964844,293.1499938964844,278.1499938964844,0.0,18000.0,313.1499938964844,0.0,18000.0,0.0,0.0,0.0,0.0,0.0,0.0,0.0,0.0,0.0,0.0,-0.0,-0.0,0.0,0.0,0.0,0.0,0.0,-0.0,0.0,0.0,0.0,0.0,0.0,0.0,0.0,0.0,0.0,4.0,0.0,0.0
11842860,296.755859375,303.1499938964844,285.1499938964844,0.0,-0.0,293.1429138183594,0.0,0.0,9.837883408181368e-05,296.7418518066406,303.1499938964844,285.1499938964844,0.0,-0.0,293.1429138183594,0.0,0.0,0.0001035976529237,296.6142578125,303.1499938964844,285.1499938964844,0.0,-0.0,293.1429138183594,0.0,0.0,7.651687337784097e-05,296.7361145019531,303.1499938964844,285.1499938964844,0.0,-0.0,293.14288330078125,0.0,0.0,0.0001035976529237,296.97906494140625,303.1499938964844,285.1499938964844,0.0,-0.0,293.1429748535156,0.0,0.0,0.0004914226592518,293.1401672363281,294.1499938964844,284.5322265625,284.5322265625,287.1649169921875,284.4302062988281,292.9623413085937,0.0,0.0,0.0,0.0,1.0,1.0,-0.0010482146171852,1.1502119257045253e-08,0.0010482032084837,-0.029178824275732,0.0,0.0,0.0,-0.0105149019509553,60.0,-6.074708938598633,-0.0,-7.49136361832825e-08,0.0,293.1499938964844,293.1499938964844,293.1499938964844,293.1499938964844,293.1499938964844,293.1499938964844,278.1499938964844,0.0,18000.0,313.1499938964844,0.0,18000.0,0.0,0.0,0.0,0.0,0.0,0.0,0.0,0.0,0.0,0.0,-0.0,-0.0,0.0,0.0,0.0,0.0,0.0,-0.0,0.0,0.0,0.0,0.0,0.0,0.0,0.0,0.0,0.0,4.0,0.0,0.0
11842920,296.755859375,303.1499938964844,285.1499938964844,0.0,-0.0,293.1429138183594,0.0,0.0,9.837883408181368e-05,296.7418518066406,303.1499938964844,285.1499938964844,0.0,-0.0,293.1429138183594,0.0,0.0,0.0001035976529237,296.6142578125,303.1499938964844,285.1499938964844,0.0,-0.0,293.1429138183594,0.0,0.0,7.651687337784097e-05,296.7361145019531,303.1499938964844,285.1499938964844,0.0,-0.0,293.14288330078125,0.0,0.0,0.0001035976529237,296.97906494140625,303.1499938964844,285.1499938964844,0.0,-0.0,293.1429748535156,0.0,0.0,0.0004914226592518,293.1401672363281,294.1499938964844,284.5322265625,284.5322265625,287.1649169921875,284.4302062988281,292.9623413085937,0.0,0.0,0.0,0.0,1.0,1.0,-0.0010482146171852,1.1502119257045253e-08,0.0010482032084837,-0.029178824275732,0.0,0.0,0.0,-0.0105149019509553,60.0,-6.074708938598633,-0.0,-7.49136361832825e-08,0.0,293.1499938964844,293.1499938964844,293.1499938964844,293.1499938964844,293.1499938964844,293.1499938964844,278.1499938964844,0.0,18000.0,313.1499938964844,0.0,18000.0,0.0,0.0,0.0,0.0,0.0,0.0,0.0,0.0,0.0,0.0,-0.0,-0.0,0.0,0.0,0.0,0.0,0.0,-0.0,0.0,0.0,0.0,0.0,0.0,0.0,0.0,0.0,0.0,4.0,0.0,0.0
11842980,296.7528991699219,303.1499938964844,285.1499938964844,0.0,-0.0,293.142333984375,0.0,0.0,9.86855593509972e-05,296.7391662597656,303.1499938964844,285.1499938964844,0.0,-0.0,293.142333984375,0.0,0.0,0.0001039206472341,296.6092834472656,303.1499938964844,285.1499938964844,0.0,-0.0,293.142333984375,0.0,0.0,7.675543747609481e-05,296.73358154296875,303.1499938964844,285.1499938964844,0.0,-0.0,293.142333984375,0.0,0.0,0.0001039206472341,296.97711181640625,303.1499938964844,285.1499938964844,0.0,-0.0,293.1424255371094,0.0,0.0,0.0004929548013024,293.139404296875,294.1499938964844,284.57672119140625,284.57672119140625,287.11639404296875,284.4808349609375,292.9579162597656,0.0,0.0,0.0,0.0,1.0,1.0,-0.0010514829773455,1.1884281114760142e-08,0.0010514711029827,-0.0301789622753858,0.0,0.0,0.0,-0.0107043562456965,60.0,-6.059770107269287,-0.0,-7.538149304764374e-08,0.0,293.1499938964844,293.1499938964844,293.1499938964844,293.1499938964844,293.1499938964844,293.1499938964844,278.1499938964844,0.0,18000.0,313.1499938964844,0.0,18000.0,0.0,0.0,0.0,0.0,0.0,0.0,0.0,0.0,0.0,0.0,-0.0,-0.0,0.0,0.0,0.0,0.0,0.0,-0.0,0.0,0.0,0.0,0.0,0.0,0.0,0.0,0.0,0.0,4.0,0.0,0.0
11843040,296.7528991699219,303.1499938964844,285.1499938964844,0.0,-0.0,293.142333984375,0.0,0.0,9.86855593509972e-05,296.7391662597656,303.1499938964844,285.1499938964844,0.0,-0.0,293.142333984375,0.0,0.0,0.0001039206472341,296.6092834472656,303.1499938964844,285.1499938964844,0.0,-0.0,293.142333984375,0.0,0.0,7.675543747609481e-05,296.73358154296875,303.1499938964844,285.1499938964844,0.0,-0.0,293.142333984375,0.0,0.0,0.0001039206472341,296.97711181640625,303.1499938964844,285.1499938964844,0.0,-0.0,293.1424255371094,0.0,0.0,0.0004929548013024,293.139404296875,294.1499938964844,284.57672119140625,284.57672119140625,287.11639404296875,284.4808349609375,292.9579162597656,0.0,0.0,0.0,0.0,1.0,1.0,-0.0010514829773455,1.1884281114760142e-08,0.0010514711029827,-0.0301789622753858,0.0,0.0,0.0,-0.0107043562456965,60.0,-6.059770107269287,-0.0,-7.538149304764374e-08,0.0,293.1499938964844,293.1499938964844,293.1499938964844,293.1499938964844,293.1499938964844,293.1499938964844,278.1499938964844,0.0,18000.0,313.1499938964844,0.0,18000.0,0.0,0.0,0.0,0.0,0.0,0.0,0.0,0.0,0.0,0.0,-0.0,-0.0,0.0,0.0,0.0,0.0,0.0,-0.0,0.0,0.0,0.0,0.0,0.0,0.0,0.0,0.0,0.0,4.0,0.0,0.0
11843100,296.7514953613281,303.1499938964844,285.1499938964844,0.0,-0.0,293.1420593261719,0.0,0.0,9.881540609057991e-05,296.73785400390625,303.1499938964844,285.1499938964844,0.0,-0.0,293.1420593261719,0.0,0.0,0.0001040573843056,296.60693359375,303.1499938964844,285.1499938964844,0.0,-0.0,293.1420593261719,0.0,0.0,7.685642776777968e-05,296.7323608398437,303.1499938964844,285.1499938964844,0.0,-0.0,293.1420288085937,0.0,0.0,0.0001040573843056,296.97613525390625,303.1499938964844,285.1499938964844,0.0,-0.0,293.1421203613281,0.0,0.0,0.0004936034092679,293.1390075683594,294.1499938964844,284.598388671875,284.598388671875,287.0928039550781,284.5054931640625,292.9557189941406,0.0,0.0,0.0,0.0,1.0,1.0,-0.0010528665734454,1.2046063702086942e-08,0.001052854466252,-0.0306023303419351,0.0,0.0,0.0,-0.0107845589518547,60.0,-6.051240921020508,-0.0,-7.55799902663057e-08,0.0,293.1499938964844,293.1499938964844,293.1499938964844,293.1499938964844,293.1499938964844,293.1499938964844,278.1499938964844,0.0,18000.0,313.1499938964844,0.0,18000.0,0.0,0.0,0.0,0.0,0.0,0.0,0.0,0.0,0.0,0.0,-0.0,-0.0,0.0,0.0,0.0,0.0,0.0,-0.0,0.0,0.0,0.0,0.0,0.0,0.0,0.0,0.0,0.0,4.0,0.0,0.0
11843160,296.7501220703125,303.1499938964844,285.1499938964844,0.0,-0.0,293.1417541503906,0.0,0.0,9.893282549455762e-05,296.7365417480469,303.1499938964844,285.1499938964844,0.0,-0.0,293.1417541503906,0.0,0.0,0.0001041810319293,296.6046447753906,303.1499938964844,285.1499938964844,0.0,-0.0,293.1417541503906,0.0,0.0,7.694775558775291e-05,296.73114013671875,303.1499938964844,285.1499938964844,0.0,-0.0,293.1417541503906,0.0,0.0,0.0001041810319293,296.9751892089844,303.1499938964844,285.1499938964844,0.0,-0.0,293.1418151855469,0.0,0.0,0.0004941899678669,293.1386108398437,294.1499938964844,284.6195983886719,284.6195983886719,287.0696105957031,284.5296936035156,292.9534912109375,0.0,0.0,0.0,0.0,1.0,1.0,-0.0010541176889091,1.2192363563201525e-08,0.0010541055817157,-0.030985165387392,0.0,0.0,0.0,-0.0108570866286754,60.0,-6.04210090637207,-0.0,-7.575971494588887e-08,0.0,293.1499938964844,293.1499938964844,293.1499938964844,293.1499938964844,293.1499938964844,293.1499938964844,278.1499938964844,0.0,18000.0,313.1499938964844,0.0,18000.0,0.0,0.0,0.0,0.0,0.0,0.0,0.0,0.0,0.0,0.0,-0.0,-0.0,0.0,0.0,0.0,0.0,0.0,-0.0,0.0,0.0,0.0,0.0,0.0,0.0,0.0,0.0,0.0,4.0,0.0,0.0
11843220,296.7474670410156,303.1499938964844,285.1499938964844,0.0,-0.0,293.1411437988281,0.0,0.0,9.911647794069722e-05,296.73406982421875,303.1499938964844,285.1499938964844,0.0,-0.0,293.1411437988281,0.0,0.0,0.0001043744196067,296.600341796875,303.1499938964844,285.1499938964844,0.0,-0.0,293.1411437988281,0.0,0.0,7.709058991167694e-05,296.7287902832031,303.1499938964844,285.1499938964844,0.0,-0.0,293.14111328125,0.0,0.0,0.0001043744196067,296.9732971191406,303.1499938964844,285.1499938964844,0.0,-0.0,293.1412048339844,0.0,0.0,0.0004951073206029,293.1378173828125,294.1499938964844,284.6605834960937,284.6605834960937,287.0244445800781,284.576416015625,292.9490661621094,0.0,0.0,0.0,0.0,1.0,1.0,-0.001056074630469,1.2421175199506253e-08,0.0010560621740296,-0.0315838940441608,0.0,0.0,0.0,-0.0109705189242959,60.0,-6.021975517272949,-0.0,-7.6041231977797e-08,0.0,293.1499938964844,293.1499938964844,293.1499938964844,293.1499938964844,293.1499938964844,293.1499938964844,278.1499938964844,0.0,18000.0,313.1499938964844,0.0,18000.0,0.0,0.0,0.0,0.0,0.0,0.0,0.0,0.0,0.0,0.0,-0.0,-0.0,0.0,0.0,0.0,0.0,0.0,-0.0,0.0,0.0,0.0,0.0,0.0,0.0,0.0,0.0,0.0,4.0,0.0,0.0
11843280,296.7474670410156,303.1499938964844,285.1499938964844,0.0,-0.0,293.1411437988281,0.0,0.0,9.911647794069722e-05,296.73406982421875,303.1499938964844,285.1499938964844,0.0,-0.0,293.1411437988281,0.0,0.0,0.0001043744196067,296.600341796875,303.1499938964844,285.1499938964844,0.0,-0.0,293.1411437988281,0.0,0.0,7.709058991167694e-05,296.7287902832031,303.1499938964844,285.1499938964844,0.0,-0.0,293.14111328125,0.0,0.0,0.0001043744196067,296.9732971191406,303.1499938964844,285.1499938964844,0.0,-0.0,293.1412048339844,0.0,0.0,0.0004951073206029,293.1378173828125,294.1499938964844,284.6605834960937,284.6605834960937,287.0244445800781,284.576416015625,292.9490661621094,0.0,0.0,0.0,0.0,1.0,1.0,-0.001056074630469,1.2421175199506253e-08,0.0010560621740296,-0.0315838940441608,0.0,0.0,0.0,-0.0109705189242959,60.0,-6.021975517272949,-0.0,-7.6041231977797e-08,0.0,293.1499938964844,293.1499938964844,293.1499938964844,293.1499938964844,293.1499938964844,293.1499938964844,278.1499938964844,0.0,18000.0,313.1499938964844,0.0,18000.0,0.0,0.0,0.0,0.0,0.0,0.0,0.0,0.0,0.0,0.0,-0.0,-0.0,0.0,0.0,0.0,0.0,0.0,-0.0,0.0,0.0,0.0,0.0,0.0,0.0,0.0,0.0,0.0,4.0,0.0,0.0
11843340,296.7450866699219,303.1499938964844,285.1499938964844,0.0,-0.0,293.1405029296875,0.0,0.0,9.923258767230436e-05,296.7317810058594,303.1499938964844,285.1499938964844,0.0,-0.0,293.1405029296875,0.0,0.0,0.0001044966920744,296.5964660644531,303.1499938964844,285.1499938964844,0.0,-0.0,293.1405029296875,0.0,0.0,7.718089909758419e-05,296.72662353515625,303.1499938964844,285.1499938964844,0.0,-0.0,293.1404724121094,0.0,0.0,0.0001044966920744,296.97149658203125,303.1499938964844,285.1499938964844,0.0,-0.0,293.1405639648437,0.0,0.0,0.0004956873017363,293.136962890625,294.1499938964844,284.6993713378906,284.6993713378906,286.98077392578125,284.6207275390625,292.94464111328125,0.0,0.0,0.0,0.0,1.0,1.0,-0.0010573118925094,1.2565840812328588e-08,0.00105729943607,-0.0319624207913875,0.0,0.0,0.0,-0.0110422363504767,60.0,-5.999172687530518,-0.0,-7.621949293934449e-08,0.0,293.1499938964844,293.1499938964844,293.1499938964844,293.1499938964844,293.1499938964844,293.1499938964844,278.1499938964844,0.0,18000.0,313.1499938964844,0.0,18000.0,0.0,0.0,0.0,0.0,0.0,0.0,0.0,0.0,0.0,0.0,-0.0,-0.0,0.0,0.0,0.0,0.0,0.0,-0.0,0.0,0.0,0.0,0.0,0.0,0.0,0.0,0.0,0.0,4.0,0.0,0.0
11843400,296.7450866699219,303.1499938964844,285.1499938964844,0.0,-0.0,293.1405029296875,0.0,0.0,9.923258767230436e-05,296.7317810058594,303.1499938964844,285.1499938964844,0.0,-0.0,293.1405029296875,0.0,0.0,0.0001044966920744,296.5964660644531,303.1499938964844,285.1499938964844,0.0,-0.0,293.1405029296875,0.0,0.0,7.718089909758419e-05,296.72662353515625,303.1499938964844,285.1499938964844,0.0,-0.0,293.1404724121094,0.0,0.0,0.0001044966920744,296.97149658203125,303.1499938964844,285.1499938964844,0.0,-0.0,293.1405639648437,0.0,0.0,0.0004956873017363,293.136962890625,294.1499938964844,284.6993713378906,284.6993713378906,286.98077392578125,284.6207275390625,292.94464111328125,0.0,0.0,0.0,0.0,1.0,1.0,-0.0010573118925094,1.2565840812328588e-08,0.00105729943607,-0.0319624207913875,0.0,0.0,0.0,-0.0110422363504767,60.0,-5.999172687530518,-0.0,-7.621949293934449e-08,0.0,293.1499938964844,293.1499938964844,293.1499938964844,293.1499938964844,293.1499938964844,293.1499938964844,278.1499938964844,0.0,18000.0,313.1499938964844,0.0,18000.0,0.0,0.0,0.0,0.0,0.0,0.0,0.0,0.0,0.0,0.0,-0.0,-0.0,0.0,0.0,0.0,0.0,0.0,-0.0,0.0,0.0,0.0,0.0,0.0,0.0,0.0,0.0,0.0,4.0,0.0,0.0
11843460,296.74285888671875,303.1499938964844,285.1499938964844,0.0,-0.0,293.13983154296875,0.0,0.0,9.932224929798394e-05,296.7296142578125,303.1499938964844,285.1499938964844,0.0,-0.0,293.13983154296875,0.0,0.0,0.0001045911121764,296.59295654296875,303.1499938964844,285.1499938964844,0.0,-0.0,293.13983154296875,0.0,0.0,7.725063915131614e-05,296.724609375,303.1499938964844,285.1499938964844,0.0,-0.0,293.13983154296875,0.0,0.0,0.0001045911121764,296.9697570800781,303.1499938964844,285.1499938964844,0.0,-0.0,293.1399230957031,0.0,0.0,0.000496135209687,293.1360778808594,294.1499938964844,284.73565673828125,284.73565673828125,286.9384765625,284.6626892089844,292.9402160644531,0.0,0.0,0.0,0.0,1.0,1.0,-0.0010582673130556,1.2677558558493729e-08,0.0010582546237856,-0.0322547256946563,0.0,0.0,0.0,-0.0110976193100214,60.0,-5.97503662109375,-0.0,-7.63572955975178e-08,0.0,293.1499938964844,293.1499938964844,293.1499938964844,293.1499938964844,293.1499938964844,293.1499938964844,278.1499938964844,0.0,18000.0,313.1499938964844,0.0,18000.0,0.0,0.0,0.0,0.0,0.0,0.0,0.0,0.0,0.0,0.0,-0.0,-0.0,0.0,0.0,0.0,0.0,0.0,-0.0,0.0,0.0,0.0,0.0,0.0,0.0,0.0,0.0,0.0,4.0,0.0,0.0
11843520,296.74285888671875,303.1499938964844,285.1499938964844,0.0,-0.0,293.13983154296875,0.0,0.0,9.932224929798394e-05,296.7296142578125,303.1499938964844,285.1499938964844,0.0,-0.0,293.13983154296875,0.0,0.0,0.0001045911121764,296.59295654296875,303.1499938964844,285.1499938964844,0.0,-0.0,293.13983154296875,0.0,0.0,7.725063915131614e-05,296.724609375,303.1499938964844,285.1499938964844,0.0,-0.0,293.13983154296875,0.0,0.0,0.0001045911121764,296.9697570800781,303.1499938964844,285.1499938964844,0.0,-0.0,293.1399230957031,0.0,0.0,0.000496135209687,293.1360778808594,294.1499938964844,284.73565673828125,284.73565673828125,286.9384765625,284.6626892089844,292.9402160644531,0.0,0.0,0.0,0.0,1.0,1.0,-0.0010582673130556,1.2677558558493729e-08,0.0010582546237856,-0.0322547256946563,0.0,0.0,0.0,-0.0110976193100214,60.0,-5.97503662109375,-0.0,-7.63572955975178e-08,0.0,293.1499938964844,293.1499938964844,293.1499938964844,293.1499938964844,293.1499938964844,293.1499938964844,278.1499938964844,0.0,18000.0,313.1499938964844,0.0,18000.0,0.0,0.0,0.0,0.0,0.0,0.0,0.0,0.0,0.0,0.0,-0.0,-0.0,0.0,0.0,0.0,0.0,0.0,-0.0,0.0,0.0,0.0,0.0,0.0,0.0,0.0,0.0,0.0,4.0,0.0,0.0
11843580,296.74078369140625,303.1499938964844,285.1499938964844,0.0,-0.0,293.13916015625,0.0,0.0,9.942470933310688e-05,296.7275390625,303.1499938964844,285.1499938964844,0.0,-0.0,293.13916015625,0.0,0.0,0.0001046990000759,296.5897216796875,303.1499938964844,285.1499938964844,0.0,-0.0,293.13916015625,0.0,0.0,7.733032543910667e-05,296.72265625,303.1499938964844,285.1499938964844,0.0,-0.0,293.13916015625,0.0,0.0,0.0001046990000759,296.9681396484375,303.1499938964844,285.1499938964844,0.0,-0.0,293.13922119140625,0.0,0.0,0.0004966469714418,293.1351928710937,294.1499938964844,284.7691650390625,284.7691650390625,286.8975524902344,284.7018737792969,292.9358215332031,0.0,0.0,0.0,0.0,1.0,1.0,-0.0010593589395284,1.2805210225508292e-08,0.001059346133843,-0.0325887128710746,0.0,0.0,0.0,-0.0111609017476439,60.0,-5.952424049377441,-0.0,-7.651490818716411e-08,0.0,293.1499938964844,293.1499938964844,293.1499938964844,293.1499938964844,293.1499938964844,293.1499938964844,278.1499938964844,0.0,18000.0,313.1499938964844,0.0,18000.0,0.0,0.0,0.0,0.0,0.0,0.0,0.0,0.0,0.0,0.0,-0.0,-0.0,0.0,0.0,0.0,0.0,0.0,-0.0,0.0,0.0,0.0,0.0,0.0,0.0,0.0,0.0,0.0,4.0,0.0,0.0
11843640,296.74078369140625,303.1499938964844,285.1499938964844,0.0,-0.0,293.13916015625,0.0,0.0,9.942470933310688e-05,296.7275390625,303.1499938964844,285.1499938964844,0.0,-0.0,293.13916015625,0.0,0.0,0.0001046990000759,296.5897216796875,303.1499938964844,285.1499938964844,0.0,-0.0,293.13916015625,0.0,0.0,7.733032543910667e-05,296.72265625,303.1499938964844,285.1499938964844,0.0,-0.0,293.13916015625,0.0,0.0,0.0001046990000759,296.9681396484375,303.1499938964844,285.1499938964844,0.0,-0.0,293.13922119140625,0.0,0.0,0.0004966469714418,293.1351928710937,294.1499938964844,284.7691650390625,284.7691650390625,286.8975524902344,284.7018737792969,292.9358215332031,0.0,0.0,0.0,0.0,1.0,1.0,-0.0010593589395284,1.2805210225508292e-08,0.001059346133843,-0.0325887128710746,0.0,0.0,0.0,-0.0111609017476439,60.0,-5.952424049377441,-0.0,-7.651490818716411e-08,0.0,293.1499938964844,293.1499938964844,293.1499938964844,293.1499938964844,293.1499938964844,293.1499938964844,278.1499938964844,0.0,18000.0,313.1499938964844,0.0,18000.0,0.0,0.0,0.0,0.0,0.0,0.0,0.0,0.0,0.0,0.0,-0.0,-0.0,0.0,0.0,0.0,0.0,0.0,-0.0,0.0,0.0,0.0,0.0,0.0,0.0,0.0,0.0,0.0,4.0,0.0,0.0
11843700,296.7397766113281,303.1499938964844,285.1499938964844,0.0,-0.0,293.1388244628906,0.0,0.0,9.946872160071508e-05,296.7265319824219,303.1499938964844,285.1499938964844,0.0,-0.0,293.1388244628906,0.0,0.0,0.0001047453552018,296.5881652832031,303.1499938964844,285.1499938964844,0.0,-0.0,293.1388244628906,0.0,0.0,7.73645588196814e-05,296.7217102050781,303.1499938964844,285.1499938964844,0.0,-0.0,293.1387939453125,0.0,0.0,0.0001047453552018,296.96734619140625,303.1499938964844,285.1499938964844,0.0,-0.0,293.1388854980469,0.0,0.0,0.0004968668799847,293.1347351074219,294.1499938964844,284.7847900390625,284.7847900390625,286.87762451171875,284.7203369140625,292.9336242675781,0.0,0.0,0.0,0.0,1.0,1.0,-0.0010598279768601,1.2860051690211094e-08,0.0010598151711747,-0.0327321961522102,0.0,0.0,0.0,-0.0111880889162421,60.0,-5.941832542419434,-0.0,-7.658266554244619e-08,0.0,293.1499938964844,293.1499938964844,293.1499938964844,293.1499938964844,293.1499938964844,293.1499938964844,278.1499938964844,0.0,18000.0,313.1499938964844,0.0,18000.0,0.0,0.0,0.0,0.0,0.0,0.0,0.0,0.0,0.0,0.0,-0.0,-0.0,0.0,0.0,0.0,0.0,0.0,-0.0,0.0,0.0,0.0,0.0,0.0,0.0,0.0,0.0,0.0,4.0,0.0,0.0
11843760,296.7388000488281,303.1499938964844,285.1499938964844,0.0,-0.0,293.1384582519531,0.0,0.0,9.950649837264792e-05,296.7255554199219,303.1499938964844,285.1499938964844,0.0,-0.0,293.1384582519531,0.0,0.0,0.0001047851401381,296.5866394042969,303.1499938964844,285.1499938964844,0.0,-0.0,293.1384582519531,0.0,0.0,7.739394641248509e-05,296.7207946777344,303.1499938964844,285.1499938964844,0.0,-0.0,293.1384582519531,0.0,0.0,0.0001047851401381,296.9665832519531,303.1499938964844,285.1499938964844,0.0,-0.0,293.1385192871094,0.0,0.0,0.0004970555892214,293.1342468261719,294.1499938964844,284.7995910644531,284.7995910644531,286.8580322265625,284.738037109375,292.931396484375,0.0,0.0,0.0,0.0,1.0,1.0,-0.0010602305410429,1.2907120705563102e-08,0.0010602176189422,-0.0328553467988967,0.0,0.0,0.0,-0.0112114241346716,60.0,-5.931487560272217,-0.0,-7.66408518870776e-08,0.0,293.1499938964844,293.1499938964844,293.1499938964844,293.1499938964844,293.1499938964844,293.1499938964844,278.1499938964844,0.0,18000.0,313.1499938964844,0.0,18000.0,0.0,0.0,0.0,0.0,0.0,0.0,0.0,0.0,0.0,0.0,-0.0,-0.0,0.0,0.0,0.0,0.0,0.0,-0.0,0.0,0.0,0.0,0.0,0.0,0.0,0.0,0.0,0.0,4.0,0.0,0.0
11843820,296.73687744140625,303.1499938964844,285.1499938964844,0.0,-0.0,293.1377258300781,0.0,0.0,9.95626687654294e-05,296.7236022949219,303.1499938964844,285.1499938964844,0.0,-0.0,293.1377258300781,0.0,0.0,0.0001048442863975,296.5837097167969,303.1499938964844,285.1499938964844,0.0,-0.0,293.1377258300781,0.0,0.0,7.743763126200065e-05,296.718994140625,303.1499938964844,285.1499938964844,0.0,-0.0,293.1377258300781,0.0,0.0,0.0001048442863975,296.9651184082031,303.1499938964844,285.1499938964844,0.0,-0.0,293.1377868652344,0.0,0.0,0.000497336150147,293.13330078125,294.1499938964844,284.8266296386719,284.8266296386719,286.8197021484375,284.771240234375,292.927001953125,0.0,0.0,0.0,0.0,1.0,1.0,-0.0010608290322124,1.2977098506894436e-08,0.0010608159936964,-0.0330384261906147,0.0,0.0,0.0,-0.0112461149692535,60.0,-5.911453723907471,-0.0,-7.672738888686581e-08,0.0,293.1499938964844,293.1499938964844,293.1499938964844,293.1499938964844,293.1499938964844,293.1499938964844,278.1499938964844,0.0,18000.0,313.1499938964844,0.0,18000.0,0.0,0.0,0.0,0.0,0.0,0.0,0.0,0.0,0.0,0.0,-0.0,-0.0,0.0,0.0,0.0,0.0,0.0,-0.0,0.0,0.0,0.0,0.0,0.0,0.0,0.0,0.0,0.0,4.0,0.0,0.0
11843880,296.73687744140625,303.1499938964844,285.1499938964844,0.0,-0.0,293.1377258300781,0.0,0.0,9.95626687654294e-05,296.7236022949219,303.1499938964844,285.1499938964844,0.0,-0.0,293.1377258300781,0.0,0.0,0.0001048442863975,296.5837097167969,303.1499938964844,285.1499938964844,0.0,-0.0,293.1377258300781,0.0,0.0,7.743763126200065e-05,296.718994140625,303.1499938964844,285.1499938964844,0.0,-0.0,293.1377258300781,0.0,0.0,0.0001048442863975,296.9651184082031,303.1499938964844,285.1499938964844,0.0,-0.0,293.1377868652344,0.0,0.0,0.000497336150147,293.13330078125,294.1499938964844,284.8266296386719,284.8266296386719,286.8197021484375,284.771240234375,292.927001953125,0.0,0.0,0.0,0.0,1.0,1.0,-0.0010608290322124,1.2977098506894436e-08,0.0010608159936964,-0.0330384261906147,0.0,0.0,0.0,-0.0112461149692535,60.0,-5.911453723907471,-0.0,-7.672738888686581e-08,0.0,293.1499938964844,293.1499938964844,293.1499938964844,293.1499938964844,293.1499938964844,293.1499938964844,278.1499938964844,0.0,18000.0,313.1499938964844,0.0,18000.0,0.0,0.0,0.0,0.0,0.0,0.0,0.0,0.0,0.0,0.0,-0.0,-0.0,0.0,0.0,0.0,0.0,0.0,-0.0,0.0,0.0,0.0,0.0,0.0,0.0,0.0,0.0,0.0,4.0,0.0,0.0
11843940,296.7350769042969,303.1499938964844,285.1499938964844,0.0,-0.0,293.1369934082031,0.0,0.0,9.959278395399453e-05,296.72174072265625,303.1499938964844,285.1499938964844,0.0,-0.0,293.1369934082031,0.0,0.0,0.0001048759950208,296.5809631347656,303.1499938964844,285.1499938964844,0.0,-0.0,293.1369934082031,0.0,0.0,7.74610525695607e-05,296.71728515625,303.1499938964844,285.1499938964844,0.0,-0.0,293.136962890625,0.0,0.0,0.0001048759950208,296.9637145996094,303.1499938964844,285.1499938964844,0.0,-0.0,293.13702392578125,0.0,0.0,0.0004974865587428,293.13232421875,294.1499938964844,284.8500061035156,284.8500061035156,286.7825927734375,284.8009033203125,292.922607421875,0.0,0.0,0.0,0.0,1.0,1.0,-0.0010611498728394,1.3014618716056248e-08,0.0010611369507387,-0.0331365875899791,0.0,0.0,0.0,-0.0112647153437137,60.0,-5.892441272735596,-0.0,-7.677380864379303e-08,0.0,293.1499938964844,293.1499938964844,293.1499938964844,293.1499938964844,293.1499938964844,293.1499938964844,278.1499938964844,0.0,18000.0,313.1499938964844,0.0,18000.0,0.0,0.0,0.0,0.0,0.0,0.0,0.0,0.0,0.0,0.0,-0.0,-0.0,0.0,0.0,0.0,0.0,0.0,-0.0,0.0,0.0,0.0,0.0,0.0,0.0,0.0,0.0,0.0,4.0,0.0,0.0
11844000,296.7350769042969,303.1499938964844,285.1499938964844,0.0,-0.0,293.1369934082031,0.0,0.0,9.959278395399453e-05,296.72174072265625,303.1499938964844,285.1499938964844,0.0,-0.0,293.1369934082031,0.0,0.0,0.0001048759950208,296.5809631347656,303.1499938964844,285.1499938964844,0.0,-0.0,293.1369934082031,0.0,0.0,7.74610525695607e-05,296.71728515625,303.1499938964844,285.1499938964844,0.0,-0.0,293.136962890625,0.0,0.0,0.0001048759950208,296.9637145996094,303.1499938964844,285.1499938964844,0.0,-0.0,293.13702392578125,0.0,0.0,0.0004974865587428,293.13232421875,294.1499938964844,284.8500061035156,284.8500061035156,286.7825927734375,284.8009033203125,292.922607421875,0.0,0.0,0.0,0.0,1.0,1.0,-0.0010611498728394,1.3014618716056248e-08,0.0010611369507387,-0.0331365875899791,0.0,0.0,0.0,-0.0112647153437137,60.0,-5.892441272735596,-0.0,-7.677380864379303e-08,0.0,293.1499938964844,293.1499938964844,293.1499938964844,293.1499938964844,293.1499938964844,293.1499938964844,278.1499938964844,0.0,18000.0,313.1499938964844,0.0,18000.0,0.0,0.0,0.0,0.0,0.0,0.0,0.0,0.0,0.0,0.0,-0.0,-0.0,0.0,0.0,0.0,0.0,0.0,-0.0,0.0,0.0,0.0,0.0,0.0,0.0,0.0,0.0,0.0,4.0,0.0,0.0
11844060,296.7333374023437,303.1499938964844,285.1499938964844,0.0,-0.0,293.1361999511719,0.0,0.0,9.963742195395751e-05,296.71990966796875,303.1499938964844,285.1499938964844,0.0,-0.0,293.1361999511719,0.0,0.0,0.000104922997707,296.57830810546875,303.1499938964844,285.1499938964844,0.0,-0.0,293.1361999511719,0.0,0.0,7.749577343929559e-05,296.715576171875,303.1499938964844,285.1499938964844,0.0,-0.0,293.1361999511719,0.0,0.0,0.000104922997707,296.9623718261719,303.1499938964844,285.1499938964844,0.0,-0.0,293.1362609863281,0.0,0.0,0.0004977095522917,293.1312866210937,294.1499938964844,284.87164306640625,284.87164306640625,286.7466125488281,284.8272705078125,292.9182434082031,0.0,0.0,0.0,0.0,1.0,1.0,-0.0010616253130137,1.3070230231448932e-08,0.0010616122744977,-0.0332820788025856,0.0,0.0,0.0,-0.0112922834232449,60.0,-5.875038146972656,-0.0,-7.68426389186061e-08,0.0,293.1499938964844,293.1499938964844,293.1499938964844,293.1499938964844,293.1499938964844,293.1499938964844,278.1499938964844,0.0,18000.0,313.1499938964844,0.0,18000.0,0.0,0.0,0.0,0.0,0.0,0.0,0.0,0.0,0.0,0.0,-0.0,-0.0,0.0,0.0,0.0,0.0,0.0,-0.0,0.0,0.0,0.0,0.0,0.0,0.0,0.0,0.0,0.0,4.0,0.0,0.0
11844120,296.7333374023437,303.1499938964844,285.1499938964844,0.0,-0.0,293.1361999511719,0.0,0.0,9.963742195395751e-05,296.71990966796875,303.1499938964844,285.1499938964844,0.0,-0.0,293.1361999511719,0.0,0.0,0.000104922997707,296.57830810546875,303.1499938964844,285.1499938964844,0.0,-0.0,293.1361999511719,0.0,0.0,7.749577343929559e-05,296.715576171875,303.1499938964844,285.1499938964844,0.0,-0.0,293.1361999511719,0.0,0.0,0.000104922997707,296.9623718261719,303.1499938964844,285.1499938964844,0.0,-0.0,293.1362609863281,0.0,0.0,0.0004977095522917,293.1312866210937,294.1499938964844,284.87164306640625,284.87164306640625,286.7466125488281,284.8272705078125,292.9182434082031,0.0,0.0,0.0,0.0,1.0,1.0,-0.0010616253130137,1.3070230231448932e-08,0.0010616122744977,-0.0332820788025856,0.0,0.0,0.0,-0.0112922834232449,60.0,-5.875038146972656,-0.0,-7.68426389186061e-08,0.0,293.1499938964844,293.1499938964844,293.1499938964844,293.1499938964844,293.1499938964844,293.1499938964844,278.1499938964844,0.0,18000.0,313.1499938964844,0.0,18000.0,0.0,0.0,0.0,0.0,0.0,0.0,0.0,0.0,0.0,0.0,-0.0,-0.0,0.0,0.0,0.0,0.0,0.0,-0.0,0.0,0.0,0.0,0.0,0.0,0.0,0.0,0.0,0.0,4.0,0.0,0.0
11844180,296.7315368652344,303.1499938964844,285.1499938964844,0.0,-0.0,293.1354064941406,0.0,0.0,9.974884596886112e-05,296.7180480957031,303.1499938964844,285.1499938964844,0.0,-0.0,293.1354064941406,0.0,0.0,0.0001050403370754,296.57550048828125,303.1499938964844,285.1499938964844,0.0,-0.0,293.1354064941406,0.0,0.0,7.758243737043813e-05,296.7138366699219,303.1499938964844,285.1499938964844,0.0,-0.0,293.1353759765625,0.0,0.0,0.0001050403370754,296.9610595703125,303.1499938964844,285.1499938964844,0.0,-0.0,293.1354675292969,0.0,0.0,0.0004982661339454,293.1302490234375,294.1499938964844,284.8937072753906,284.8937072753906,286.7117004394531,284.8519897460937,292.9138488769531,0.0,0.0,0.0,0.0,1.0,1.0,-0.0010628124000504,1.3209062288410678e-08,0.0010627991287037,-0.0336452834308147,0.0,0.0,0.0,-0.0113611072301864,60.0,-5.860488414764404,-0.0,-7.701460447151477e-08,0.0,293.1499938964844,293.1499938964844,293.1499938964844,293.1499938964844,293.1499938964844,293.1499938964844,278.1499938964844,0.0,18000.0,313.1499938964844,0.0,18000.0,0.0,0.0,0.0,0.0,0.0,0.0,0.0,0.0,0.0,0.0,-0.0,-0.0,0.0,0.0,0.0,0.0,0.0,-0.0,0.0,0.0,0.0,0.0,0.0,0.0,0.0,0.0,0.0,4.0,0.0,0.0
11844240,296.7315368652344,303.1499938964844,285.1499938964844,0.0,-0.0,293.1354064941406,0.0,0.0,9.974884596886112e-05,296.7180480957031,303.1499938964844,285.1499938964844,0.0,-0.0,293.1354064941406,0.0,0.0,0.0001050403370754,296.57550048828125,303.1499938964844,285.1499938964844,0.0,-0.0,293.1354064941406,0.0,0.0,7.758243737043813e-05,296.7138366699219,303.1499938964844,285.1499938964844,0.0,-0.0,293.1353759765625,0.0,0.0,0.0001050403370754,296.9610595703125,303.1499938964844,285.1499938964844,0.0,-0.0,293.1354675292969,0.0,0.0,0.0004982661339454,293.1302490234375,294.1499938964844,284.8937072753906,284.8937072753906,286.7117004394531,284.8519897460937,292.9138488769531,0.0,0.0,0.0,0.0,1.0,1.0,-0.0010628124000504,1.3209062288410678e-08,0.0010627991287037,-0.0336452834308147,0.0,0.0,0.0,-0.0113611072301864,60.0,-5.860488414764404,-0.0,-7.701460447151477e-08,0.0,293.1499938964844,293.1499938964844,293.1499938964844,293.1499938964844,293.1499938964844,293.1499938964844,278.1499938964844,0.0,18000.0,313.1499938964844,0.0,18000.0,0.0,0.0,0.0,0.0,0.0,0.0,0.0,0.0,0.0,0.0,-0.0,-0.0,0.0,0.0,0.0,0.0,0.0,-0.0,0.0,0.0,0.0,0.0,0.0,0.0,0.0,0.0,0.0,4.0,0.0,0.0
11844300,296.7305908203125,303.1499938964844,285.1499938964844,0.0,-0.0,293.135009765625,0.0,0.0,9.98308605630882e-05,296.7170715332031,303.1499938964844,285.1499938964844,0.0,-0.0,293.135009765625,0.0,0.0,0.0001051267026923,296.5740051269531,303.1499938964844,285.1499938964844,0.0,-0.0,293.135009765625,0.0,0.0,7.764622569084167e-05,296.7129211425781,303.1499938964844,285.1499938964844,0.0,-0.0,293.1349792480469,0.0,0.0,0.0001051267026923,296.9604187011719,303.1499938964844,285.1499938964844,0.0,-0.0,293.1350402832031,0.0,0.0,0.0004986757994629,293.1297302246094,294.1499938964844,284.90484619140625,284.90484619140625,286.69464111328125,284.864013671875,292.91168212890625,0.0,0.0,0.0,0.0,1.0,1.0,-0.0010636859806254,1.3311244551061918e-08,0.0010636727092787,-0.0339125953614711,0.0,0.0,0.0,-0.0114117627963423,60.0,-5.854560375213623,-0.0,-7.714129424130078e-08,0.0,293.1499938964844,293.1499938964844,293.1499938964844,293.1499938964844,293.1499938964844,293.1499938964844,278.1499938964844,0.0,18000.0,313.1499938964844,0.0,18000.0,0.0,0.0,0.0,0.0,0.0,0.0,0.0,0.0,0.0,0.0,-0.0,-0.0,0.0,0.0,0.0,0.0,0.0,-0.0,0.0,0.0,0.0,0.0,0.0,0.0,0.0,0.0,0.0,4.0,0.0,0.0
11844360,296.7295837402344,303.1499938964844,285.1499938964844,0.0,-0.0,293.13458251953125,0.0,0.0,9.993420098908246e-05,296.716064453125,303.1499938964844,285.1499938964844,0.0,-0.0,293.13458251953125,0.0,0.0,0.0001052355219144,296.5723876953125,303.1499938964844,285.1499938964844,0.0,-0.0,293.13458251953125,0.0,0.0,7.772660319460556e-05,296.71197509765625,303.1499938964844,285.1499938964844,0.0,-0.0,293.1345520019531,0.0,0.0,0.0001052355219144,296.9597473144531,303.1499938964844,285.1499938964844,0.0,-0.0,293.1346435546875,0.0,0.0,0.0004991920432075,293.1291809082031,294.1499938964844,284.91607666015625,284.91607666015625,286.6778259277344,284.8759155273437,292.90948486328125,0.0,0.0,0.0,0.0,1.0,1.0,-0.0010647870367392,1.3440002888387426e-08,0.0010647735325619,-0.0342494249343872,0.0,0.0,0.0,-0.0114755928516387,60.0,-5.849654674530029,-0.0,-7.730108109171854e-08,0.0,293.1499938964844,293.1499938964844,293.1499938964844,293.1499938964844,293.1499938964844,293.1499938964844,278.1499938964844,0.0,18000.0,313.1499938964844,0.0,18000.0,0.0,0.0,0.0,0.0,0.0,0.0,0.0,0.0,0.0,0.0,-0.0,-0.0,0.0,0.0,0.0,0.0,0.0,-0.0,0.0,0.0,0.0,0.0,0.0,0.0,0.0,0.0,0.0,4.0,0.0,0.0
11844420,296.7273864746094,303.1499938964844,285.1499938964844,0.0,-0.0,293.1337280273437,0.0,0.0,0.0001002033823169,296.7139587402344,303.1499938964844,285.1499938964844,0.0,-0.0,293.1337280273437,0.0,0.0,0.0001055189859471,296.5688781738281,303.1499938964844,285.1499938964844,0.0,-0.0,293.1337280273437,0.0,0.0,7.793596159899607e-05,296.7098999023437,303.1499938964844,285.1499938964844,0.0,-0.0,293.1337280273437,0.0,0.0,0.0001055189859471,296.9583740234375,303.1499938964844,285.1499938964844,0.0,-0.0,293.1337890625,0.0,0.0,0.0005005366401746,293.1280822753906,294.1499938964844,284.9386901855469,284.9386901855469,286.6448669433594,284.8996887207031,292.9051208496094,0.0,0.0,0.0,0.0,1.0,1.0,-0.0010676548117771,1.3775390605985649e-08,0.0010676409583538,-0.0351267382502555,0.0,0.0,0.0,-0.011641857214272,60.0,-5.843114852905273,-0.0,-7.77180702016267e-08,0.0,293.1499938964844,293.1499938964844,293.1499938964844,293.1499938964844,293.1499938964844,293.1499938964844,278.1499938964844,0.0,18000.0,313.1499938964844,0.0,18000.0,0.0,0.0,0.0,0.0,0.0,0.0,0.0,0.0,0.0,0.0,-0.0,-0.0,0.0,0.0,0.0,0.0,0.0,-0.0,0.0,0.0,0.0,0.0,0.0,0.0,0.0,0.0,0.0,4.0,0.0,0.0
11844480,296.7273864746094,303.1499938964844,285.1499938964844,0.0,-0.0,293.1337280273437,0.0,0.0,0.0001002033823169,296.7139587402344,303.1499938964844,285.1499938964844,0.0,-0.0,293.1337280273437,0.0,0.0,0.0001055189859471,296.5688781738281,303.1499938964844,285.1499938964844,0.0,-0.0,293.1337280273437,0.0,0.0,7.793596159899607e-05,296.7098999023437,303.1499938964844,285.1499938964844,0.0,-0.0,293.1337280273437,0.0,0.0,0.0001055189859471,296.9583740234375,303.1499938964844,285.1499938964844,0.0,-0.0,293.1337890625,0.0,0.0,0.0005005366401746,293.1280822753906,294.1499938964844,284.9386901855469,284.9386901855469,286.6448669433594,284.8996887207031,292.9051208496094,0.0,0.0,0.0,0.0,1.0,1.0,-0.0010676548117771,1.3775390605985649e-08,0.0010676409583538,-0.0351267382502555,0.0,0.0,0.0,-0.011641857214272,60.0,-5.843114852905273,-0.0,-7.77180702016267e-08,0.0,293.1499938964844,293.1499938964844,293.1499938964844,293.1499938964844,293.1499938964844,293.1499938964844,278.1499938964844,0.0,18000.0,313.1499938964844,0.0,18000.0,0.0,0.0,0.0,0.0,0.0,0.0,0.0,0.0,0.0,0.0,-0.0,-0.0,0.0,0.0,0.0,0.0,0.0,-0.0,0.0,0.0,0.0,0.0,0.0,0.0,0.0,0.0,0.0,4.0,0.0,0.0
11844540,296.724853515625,303.1499938964844,285.1499938964844,0.0,-0.0,293.1328430175781,0.0,0.0,0.000100558019767,296.7115783691406,303.1499938964844,285.1499938964844,0.0,-0.0,293.1328430175781,0.0,0.0,0.0001058924390235,296.5648498535156,303.1499938964844,285.1499938964844,0.0,-0.0,293.1328430175781,0.0,0.0,7.821179315214977e-05,296.70758056640625,303.1499938964844,285.1499938964844,0.0,-0.0,293.1328430175781,0.0,0.0,0.0001058924390235,296.9569091796875,303.1499938964844,285.1499938964844,0.0,-0.0,293.1329040527344,0.0,0.0,0.0005023081321269,293.1269226074219,294.1499938964844,284.9614562988281,284.9614562988281,286.6129455566406,284.9234924316406,292.9007873535156,0.0,0.0,0.0,0.0,1.0,1.0,-0.0010714331874623,1.4217258481608042e-08,0.0010714189847931,-0.0362824574112892,0.0,0.0,0.0,-0.0118609070777893,60.0,-5.841453552246094,-0.0,-7.826916004205486e-08,0.0,293.1499938964844,293.1499938964844,293.1499938964844,293.1499938964844,293.1499938964844,293.1499938964844,278.1499938964844,0.0,18000.0,313.1499938964844,0.0,18000.0,0.0,0.0,0.0,0.0,0.0,0.0,0.0,0.0,0.0,0.0,-0.0,-0.0,0.0,0.0,0.0,0.0,0.0,-0.0,0.0,0.0,0.0,0.0,0.0,0.0,0.0,0.0,0.0,4.0,0.0,0.0
11844600,296.724853515625,303.1499938964844,285.1499938964844,0.0,-0.0,293.1328430175781,0.0,0.0,0.000100558019767,296.7115783691406,303.1499938964844,285.1499938964844,0.0,-0.0,293.1328430175781,0.0,0.0,0.0001058924390235,296.5648498535156,303.1499938964844,285.1499938964844,0.0,-0.0,293.1328430175781,0.0,0.0,7.821179315214977e-05,296.70758056640625,303.1499938964844,285.1499938964844,0.0,-0.0,293.1328430175781,0.0,0.0,0.0001058924390235,296.9569091796875,303.1499938964844,285.1499938964844,0.0,-0.0,293.1329040527344,0.0,0.0,0.0005023081321269,293.1269226074219,294.1499938964844,284.9614562988281,284.9614562988281,286.6129455566406,284.9234924316406,292.9007873535156,0.0,0.0,0.0,0.0,1.0,1.0,-0.0010714331874623,1.4217258481608042e-08,0.0010714189847931,-0.0362824574112892,0.0,0.0,0.0,-0.0118609070777893,60.0,-5.841453552246094,-0.0,-7.826916004205486e-08,0.0,293.1499938964844,293.1499938964844,293.1499938964844,293.1499938964844,293.1499938964844,293.1499938964844,278.1499938964844,0.0,18000.0,313.1499938964844,0.0,18000.0,0.0,0.0,0.0,0.0,0.0,0.0,0.0,0.0,0.0,0.0,-0.0,-0.0,0.0,0.0,0.0,0.0,0.0,-0.0,0.0,0.0,0.0,0.0,0.0,0.0,0.0,0.0,0.0,4.0,0.0,0.0
11844660,296.7220153808594,303.1499938964844,285.1499938964844,0.0,-0.0,293.1319580078125,0.0,0.0,0.0001009909174172,296.7090148925781,303.1499938964844,285.1499938964844,0.0,-0.0,293.1319580078125,0.0,0.0,0.0001063482995959,296.56036376953125,303.1499938964844,285.1499938964844,0.0,-0.0,293.1319580078125,0.0,0.0,7.854849536670372e-05,296.7049865722656,303.1499938964844,285.1499938964844,0.0,-0.0,293.1319274902344,0.0,0.0,0.0001063482995959,296.955322265625,303.1499938964844,285.1499938964844,0.0,-0.0,293.13201904296875,0.0,0.0,0.0005044705467298,293.1257629394531,294.1499938964844,284.9842834472656,284.9842834472656,286.5819091796875,284.947509765625,292.8964233398437,0.0,0.0,0.0,0.0,1.0,1.0,-0.0010760453296825,1.4756638577750893e-08,0.0010760305449366,-0.0376930311322212,0.0,0.0,0.0,-0.0121282981708645,60.0,-5.844122886657715,-0.0,-7.894449538525805e-08,0.0,293.1499938964844,293.1499938964844,293.1499938964844,293.1499938964844,293.1499938964844,293.1499938964844,278.1499938964844,0.0,18000.0,313.1499938964844,0.0,18000.0,0.0,0.0,0.0,0.0,0.0,0.0,0.0,0.0,0.0,0.0,-0.0,-0.0,0.0,0.0,0.0,0.0,0.0,-0.0,0.0,0.0,0.0,0.0,0.0,0.0,0.0,0.0,0.0,4.0,0.0,0.0
11844720,296.7220153808594,303.1499938964844,285.1499938964844,0.0,-0.0,293.1319580078125,0.0,0.0,0.0001009909174172,296.7090148925781,303.1499938964844,285.1499938964844,0.0,-0.0,293.1319580078125,0.0,0.0,0.0001063482995959,296.56036376953125,303.1499938964844,285.1499938964844,0.0,-0.0,293.1319580078125,0.0,0.0,7.854849536670372e-05,296.7049865722656,303.1499938964844,285.1499938964844,0.0,-0.0,293.1319274902344,0.0,0.0,0.0001063482995959,296.955322265625,303.1499938964844,285.1499938964844,0.0,-0.0,293.13201904296875,0.0,0.0,0.0005044705467298,293.1257629394531,294.1499938964844,284.9842834472656,284.9842834472656,286.5819091796875,284.947509765625,292.8964233398437,0.0,0.0,0.0,0.0,1.0,1.0,-0.0010760453296825,1.4756638577750893e-08,0.0010760305449366,-0.0376930311322212,0.0,0.0,0.0,-0.0121282981708645,60.0,-5.844122886657715,-0.0,-7.894449538525805e-08,0.0,293.1499938964844,293.1499938964844,293.1499938964844,293.1499938964844,293.1499938964844,293.1499938964844,278.1499938964844,0.0,18000.0,313.1499938964844,0.0,18000.0,0.0,0.0,0.0,0.0,0.0,0.0,0.0,0.0,0.0,0.0,-0.0,-0.0,0.0,0.0,0.0,0.0,0.0,-0.0,0.0,0.0,0.0,0.0,0.0,0.0,0.0,0.0,0.0,4.0,0.0,0.0
11844780,296.7188415527344,303.1499938964844,285.1499938964844,0.0,-0.0,293.1310119628906,0.0,0.0,0.0001014958543237,296.7061767578125,303.1499938964844,285.1499938964844,0.0,-0.0,293.1310119628906,0.0,0.0,0.0001068800265784,296.5554504394531,303.1499938964844,285.1499938964844,0.0,-0.0,293.1310119628906,0.0,0.0,7.894122245488688e-05,296.7021179199219,303.1499938964844,285.1499938964844,0.0,-0.0,293.1310119628906,0.0,0.0,0.0001068800265784,296.9535827636719,303.1499938964844,285.1499938964844,0.0,-0.0,293.1310729980469,0.0,0.0,0.0005069928010925,293.1245422363281,294.1499938964844,285.00714111328125,285.00714111328125,286.5517578125,284.9716796875,292.89208984375,0.0,0.0,0.0,0.0,1.0,1.0,-0.0010814252309501,1.5385783314059154e-08,0.0010814097477123,-0.0393380746245384,0.0,0.0,0.0,-0.0124401897192001,60.0,-5.850996971130371,-0.0,-7.973588367349296e-08,0.0,293.1499938964844,293.1499938964844,293.1499938964844,293.1499938964844,293.1499938964844,293.1499938964844,278.1499938964844,0.0,18000.0,313.1499938964844,0.0,18000.0,0.0,0.0,0.0,0.0,0.0,0.0,0.0,0.0,0.0,0.0,-0.0,-0.0,0.0,0.0,0.0,0.0,0.0,-0.0,0.0,0.0,0.0,0.0,0.0,0.0,0.0,0.0,0.0,4.0,0.0,0.0
11844840,296.7188415527344,303.1499938964844,285.1499938964844,0.0,-0.0,293.1310119628906,0.0,0.0,0.0001014958543237,296.7061767578125,303.1499938964844,285.1499938964844,0.0,-0.0,293.1310119628906,0.0,0.0,0.0001068800265784,296.5554504394531,303.1499938964844,285.1499938964844,0.0,-0.0,293.1310119628906,0.0,0.0,7.894122245488688e-05,296.7021179199219,303.1499938964844,285.1499938964844,0.0,-0.0,293.1310119628906,0.0,0.0,0.0001068800265784,296.9535827636719,303.1499938964844,285.1499938964844,0.0,-0.0,293.1310729980469,0.0,0.0,0.0005069928010925,293.1245422363281,294.1499938964844,285.00714111328125,285.00714111328125,286.5517578125,284.9716796875,292.89208984375,0.0,0.0,0.0,0.0,1.0,1.0,-0.0010814252309501,1.5385783314059154e-08,0.0010814097477123,-0.0393380746245384,0.0,0.0,0.0,-0.0124401897192001,60.0,-5.850996971130371,-0.0,-7.973588367349296e-08,0.0,293.1499938964844,293.1499938964844,293.1499938964844,293.1499938964844,293.1499938964844,293.1499938964844,278.1499938964844,0.0,18000.0,313.1499938964844,0.0,18000.0,0.0,0.0,0.0,0.0,0.0,0.0,0.0,0.0,0.0,0.0,-0.0,-0.0,0.0,0.0,0.0,0.0,0.0,-0.0,0.0,0.0,0.0,0.0,0.0,0.0,0.0,0.0,0.0,4.0,0.0,0.0
11844900,296.7171325683594,303.1499938964844,285.1499938964844,0.0,-0.0,293.13055419921875,0.0,0.0,0.0001017700924421,296.7046813964844,303.1499938964844,285.1499938964844,0.0,-0.0,293.13055419921875,0.0,0.0,0.0001071688093361,296.5528259277344,303.1499938964844,285.1499938964844,0.0,-0.0,293.13055419921875,0.0,0.0,7.915451715234667e-05,296.7005920410156,303.1499938964844,285.1499938964844,0.0,-0.0,293.1305236816406,0.0,0.0,0.0001071688093361,296.9526672363281,303.1499938964844,285.1499938964844,0.0,-0.0,293.1305847167969,0.0,0.0,0.0005083627183921,293.1239318847656,294.1499938964844,285.0185241699219,285.0185241699219,286.5370178222656,284.9838256835937,292.8899230957031,0.0,0.0,0.0,0.0,1.0,1.0,-0.0010843470226973,1.5727479762972507e-08,0.0010843313066288,-0.0402313880622386,0.0,0.0,0.0,-0.0126095814630389,60.0,-5.855784893035889,-0.0,-8.01673536443559e-08,0.0,293.1499938964844,293.1499938964844,293.1499938964844,293.1499938964844,293.1499938964844,293.1499938964844,278.1499938964844,0.0,18000.0,313.1499938964844,0.0,18000.0,0.0,0.0,0.0,0.0,0.0,0.0,0.0,0.0,0.0,0.0,-0.0,-0.0,0.0,0.0,0.0,0.0,0.0,-0.0,0.0,0.0,0.0,0.0,0.0,0.0,0.0,0.0,0.0,4.0,0.0,0.0
11844960,296.7153625488281,303.1499938964844,285.1499938964844,0.0,-0.0,293.13006591796875,0.0,0.0,0.0001020581694319,296.703125,303.1499938964844,285.1499938964844,0.0,-0.0,293.13006591796875,0.0,0.0,0.0001074721658369,296.55010986328125,303.1499938964844,285.1499938964844,0.0,-0.0,293.13006591796875,0.0,0.0,7.937857299111784e-05,296.6990051269531,303.1499938964844,285.1499938964844,0.0,-0.0,293.1300354003906,0.0,0.0,0.0001074721658369,296.95172119140625,303.1499938964844,285.1499938964844,0.0,-0.0,293.130126953125,0.0,0.0,0.0005098016699776,293.123291015625,294.1499938964844,285.0299072265625,285.0299072265625,286.5224304199219,284.9959716796875,292.88775634765625,0.0,0.0,0.0,0.0,1.0,1.0,-0.0010874163126572,1.608641575501224e-08,0.0010874002473428,-0.041169673204422,0.0,0.0,0.0,-0.0127875199541449,60.0,-5.861384391784668,-0.0,-8.062183809443013e-08,0.0,293.1499938964844,293.1499938964844,293.1499938964844,293.1499938964844,293.1499938964844,293.1499938964844,278.1499938964844,0.0,18000.0,313.1499938964844,0.0,18000.0,0.0,0.0,0.0,0.0,0.0,0.0,0.0,0.0,0.0,0.0,-0.0,-0.0,0.0,0.0,0.0,0.0,0.0,-0.0,0.0,0.0,0.0,0.0,0.0,0.0,0.0,0.0,0.0,4.0,0.0,0.0
11845020,296.71160888671875,303.1499938964844,285.1499938964844,0.0,-0.0,293.1290588378906,0.0,0.0,0.0001026587342494,296.6998291015625,303.1499938964844,285.1499938964844,0.0,-0.0,293.1290588378906,0.0,0.0,0.0001081045920727,296.54449462890625,303.1499938964844,285.1499938964844,0.0,-0.0,293.1290588378906,0.0,0.0,7.98456821939908e-05,296.6956481933594,303.1499938964844,285.1499938964844,0.0,-0.0,293.1290588378906,0.0,0.0,0.0001081045920727,296.94970703125,303.1499938964844,285.1499938964844,0.0,-0.0,293.1291198730469,0.0,0.0,0.0005128016346134,293.1220397949219,294.1499938964844,285.052490234375,285.052490234375,286.493896484375,285.0202331542969,292.8834533691406,0.0,0.0,0.0,0.0,1.0,1.0,-0.0010938151972368,1.6834725613534832e-08,0.0010937983170151,-0.0431254506111145,0.0,0.0,0.0,-0.0131584862247109,60.0,-5.874475002288818,-0.0,-8.157347508586099e-08,0.0,293.1499938964844,293.1499938964844,293.1499938964844,293.1499938964844,293.1499938964844,293.1499938964844,278.1499938964844,0.0,18000.0,313.1499938964844,0.0,18000.0,0.0,0.0,0.0,0.0,0.0,0.0,0.0,0.0,0.0,0.0,-0.0,-0.0,0.0,0.0,0.0,0.0,0.0,-0.0,0.0,0.0,0.0,0.0,0.0,0.0,0.0,0.0,0.0,4.0,0.0,0.0
11845080,296.71160888671875,303.1499938964844,285.1499938964844,0.0,-0.0,293.1290588378906,0.0,0.0,0.0001026587342494,296.6998291015625,303.1499938964844,285.1499938964844,0.0,-0.0,293.1290588378906,0.0,0.0,0.0001081045920727,296.54449462890625,303.1499938964844,285.1499938964844,0.0,-0.0,293.1290588378906,0.0,0.0,7.98456821939908e-05,296.6956481933594,303.1499938964844,285.1499938964844,0.0,-0.0,293.1290588378906,0.0,0.0,0.0001081045920727,296.94970703125,303.1499938964844,285.1499938964844,0.0,-0.0,293.1291198730469,0.0,0.0,0.0005128016346134,293.1220397949219,294.1499938964844,285.052490234375,285.052490234375,286.493896484375,285.0202331542969,292.8834533691406,0.0,0.0,0.0,0.0,1.0,1.0,-0.0010938151972368,1.6834725613534832e-08,0.0010937983170151,-0.0431254506111145,0.0,0.0,0.0,-0.0131584862247109,60.0,-5.874475002288818,-0.0,-8.157347508586099e-08,0.0,293.1499938964844,293.1499938964844,293.1499938964844,293.1499938964844,293.1499938964844,293.1499938964844,278.1499938964844,0.0,18000.0,313.1499938964844,0.0,18000.0,0.0,0.0,0.0,0.0,0.0,0.0,0.0,0.0,0.0,0.0,-0.0,-0.0,0.0,0.0,0.0,0.0,0.0,-0.0,0.0,0.0,0.0,0.0,0.0,0.0,0.0,0.0,0.0,4.0,0.0,0.0
11845140,296.70758056640625,303.1499938964844,285.1499938964844,0.0,-0.0,293.1280517578125,0.0,0.0,0.0001032919972203,296.69635009765625,303.1499938964844,285.1499938964844,0.0,-0.0,293.1280517578125,0.0,0.0,0.00010877144814,296.53857421875,303.1499938964844,285.1499938964844,0.0,-0.0,293.1280517578125,0.0,0.0,8.033822086872533e-05,296.6920471191406,303.1499938964844,285.1499938964844,0.0,-0.0,293.1280517578125,0.0,0.0,0.00010877144814,296.947509765625,303.1499938964844,285.1499938964844,0.0,-0.0,293.12811279296875,0.0,0.0,0.0005159649299457,293.1206970214844,294.1499938964844,285.0748596191406,285.0748596191406,286.4662780761719,285.0443420410156,292.8791198730469,0.0,0.0,0.0,0.0,1.0,1.0,-0.0011005623964592,1.7623777992525902e-08,0.0011005448177456,-0.045187197625637,0.0,0.0,0.0,-0.0135496510192751,60.0,-5.889702320098877,-0.0,-8.25829715722648e-08,0.0,293.1499938964844,293.1499938964844,293.1499938964844,293.1499938964844,293.1499938964844,293.1499938964844,278.1499938964844,0.0,18000.0,313.1499938964844,0.0,18000.0,0.0,0.0,0.0,0.0,0.0,0.0,0.0,0.0,0.0,0.0,-0.0,-0.0,0.0,0.0,0.0,0.0,0.0,-0.0,0.0,0.0,0.0,0.0,0.0,0.0,0.0,0.0,0.0,4.0,0.0,0.0
11845200,296.70758056640625,303.1499938964844,285.1499938964844,0.0,-0.0,293.1280517578125,0.0,0.0,0.0001032919972203,296.69635009765625,303.1499938964844,285.1499938964844,0.0,-0.0,293.1280517578125,0.0,0.0,0.00010877144814,296.53857421875,303.1499938964844,285.1499938964844,0.0,-0.0,293.1280517578125,0.0,0.0,8.033822086872533e-05,296.6920471191406,303.1499938964844,285.1499938964844,0.0,-0.0,293.1280517578125,0.0,0.0,0.00010877144814,296.947509765625,303.1499938964844,285.1499938964844,0.0,-0.0,293.12811279296875,0.0,0.0,0.0005159649299457,293.1206970214844,294.1499938964844,285.0748596191406,285.0748596191406,286.4662780761719,285.0443420410156,292.8791198730469,0.0,0.0,0.0,0.0,1.0,1.0,-0.0011005623964592,1.7623777992525902e-08,0.0011005448177456,-0.045187197625637,0.0,0.0,0.0,-0.0135496510192751,60.0,-5.889702320098877,-0.0,-8.25829715722648e-08,0.0,293.1499938964844,293.1499938964844,293.1499938964844,293.1499938964844,293.1499938964844,293.1499938964844,278.1499938964844,0.0,18000.0,313.1499938964844,0.0,18000.0,0.0,0.0,0.0,0.0,0.0,0.0,0.0,0.0,0.0,0.0,-0.0,-0.0,0.0,0.0,0.0,0.0,0.0,-0.0,0.0,0.0,0.0,0.0,0.0,0.0,0.0,0.0,0.0,4.0,0.0,0.0
11845260,296.7052001953125,303.1499938964844,285.1499938964844,0.0,-0.0,293.1274719238281,0.0,0.0,0.0001036655303323,296.6943054199219,303.1499938964844,285.1499938964844,0.0,-0.0,293.1274719238281,0.0,0.0,0.0001091647936846,296.53515625,303.1499938964844,285.1499938964844,0.0,-0.0,293.1274719238281,0.0,0.0,8.062874258030206e-05,296.68994140625,303.1499938964844,285.1499938964844,0.0,-0.0,293.12744140625,0.0,0.0,0.0001091647936846,296.9462280273437,303.1499938964844,285.1499938964844,0.0,-0.0,293.12750244140625,0.0,0.0,0.0005178307765163,293.1199645996094,294.1499938964844,285.0872497558594,285.0872497558594,286.4511413574219,285.0577392578125,292.876708984375,0.0,0.0,0.0,0.0,1.0,1.0,-0.0011045422870665,1.8089203024374e-08,0.0011045241262763,-0.0464030541479587,0.0,0.0,0.0,-0.0137803787365555,60.0,-5.89908504486084,-0.0,-8.318132671547573e-08,0.0,293.1499938964844,293.1499938964844,293.1499938964844,293.1499938964844,293.1499938964844,293.1499938964844,278.1499938964844,0.0,18000.0,313.1499938964844,0.0,18000.0,0.0,0.0,0.0,0.0,0.0,0.0,0.0,0.0,0.0,0.0,-0.0,-0.0,0.0,0.0,0.0,0.0,0.0,-0.0,0.0,0.0,0.0,0.0,0.0,0.0,0.0,0.0,0.0,4.0,0.0,0.0
11845320,296.7033386230469,303.1499938964844,285.1499938964844,0.0,-0.0,293.1269836425781,0.0,0.0,0.0001039328490151,296.69268798828125,303.1499938964844,285.1499938964844,0.0,-0.0,293.1269836425781,0.0,0.0,0.0001094462932087,296.532470703125,303.1499938964844,285.1499938964844,0.0,-0.0,293.1269836425781,0.0,0.0,8.083666034508497e-05,296.6882629394531,303.1499938964844,285.1499938964844,0.0,-0.0,293.1269836425781,0.0,0.0,0.0001094462932087,296.9451904296875,303.1499938964844,285.1499938964844,0.0,-0.0,293.1270446777344,0.0,0.0,0.0005191661184653,293.1193542480469,294.1499938964844,285.096923828125,285.096923828125,286.4394226074219,285.06817626953125,292.87481689453125,0.0,0.0,0.0,0.0,1.0,1.0,-0.0011073906207457,1.8422285918973106e-08,0.0011073722271248,-0.0472730658948421,0.0,0.0,0.0,-0.0139455022290349,60.0,-5.906198024749756,-0.0,-8.36108711155248e-08,0.0,293.1499938964844,293.1499938964844,293.1499938964844,293.1499938964844,293.1499938964844,293.1499938964844,278.1499938964844,0.0,18000.0,313.1499938964844,0.0,18000.0,0.0,0.0,0.0,0.0,0.0,0.0,0.0,0.0,0.0,0.0,-0.0,-0.0,0.0,0.0,0.0,0.0,0.0,-0.0,0.0,0.0,0.0,0.0,0.0,0.0,0.0,0.0,0.0,4.0,0.0,0.0
11845380,296.69921875,303.1499938964844,285.1499938964844,0.0,-0.0,293.1259155273437,0.0,0.0,0.0001043440643115,296.6890563964844,303.1499938964844,285.1499938964844,0.0,-0.0,293.1259155273437,0.0,0.0,0.0001098793291021,296.5267944335937,303.1499938964844,285.1499938964844,0.0,-0.0,293.1259155273437,0.0,0.0,8.115649688988924e-05,296.6845397949219,303.1499938964844,285.1499938964844,0.0,-0.0,293.1259155273437,0.0,0.0,0.0001098793291021,296.9427795410156,303.1499938964844,285.1499938964844,0.0,-0.0,293.1259765625,0.0,0.0,0.0005212202086113,293.1179504394531,294.1499938964844,285.1185607910156,285.1185607910156,286.4133605957031,285.09149169921875,292.8705139160156,0.0,0.0,0.0,0.0,1.0,1.0,-0.0011117731919512,1.8934676049298105e-08,0.001111754332669,-0.048611219972372,0.0,0.0,0.0,-0.0141995195299386,60.0,-5.9164886474609375,-0.0,-8.42738003825616e-08,0.0,293.1499938964844,293.1499938964844,293.1499938964844,293.1499938964844,293.1499938964844,293.1499938964844,278.1499938964844,0.0,18000.0,313.1499938964844,0.0,18000.0,0.0,0.0,0.0,0.0,0.0,0.0,0.0,0.0,0.0,0.0,-0.0,-0.0,0.0,0.0,0.0,0.0,0.0,-0.0,0.0,0.0,0.0,0.0,0.0,0.0,0.0,0.0,0.0,4.0,0.0,0.0
11845440,296.69921875,303.1499938964844,285.1499938964844,0.0,-0.0,293.1259155273437,0.0,0.0,0.0001043440643115,296.6890563964844,303.1499938964844,285.1499938964844,0.0,-0.0,293.1259155273437,0.0,0.0,0.0001098793291021,296.5267944335937,303.1499938964844,285.1499938964844,0.0,-0.0,293.1259155273437,0.0,0.0,8.115649688988924e-05,296.6845397949219,303.1499938964844,285.1499938964844,0.0,-0.0,293.1259155273437,0.0,0.0,0.0001098793291021,296.9427795410156,303.1499938964844,285.1499938964844,0.0,-0.0,293.1259765625,0.0,0.0,0.0005212202086113,293.1179504394531,294.1499938964844,285.1185607910156,285.1185607910156,286.4133605957031,285.09149169921875,292.8705139160156,0.0,0.0,0.0,0.0,1.0,1.0,-0.0011117731919512,1.8934676049298105e-08,0.001111754332669,-0.048611219972372,0.0,0.0,0.0,-0.0141995195299386,60.0,-5.9164886474609375,-0.0,-8.42738003825616e-08,0.0,293.1499938964844,293.1499938964844,293.1499938964844,293.1499938964844,293.1499938964844,293.1499938964844,278.1499938964844,0.0,18000.0,313.1499938964844,0.0,18000.0,0.0,0.0,0.0,0.0,0.0,0.0,0.0,0.0,0.0,0.0,-0.0,-0.0,0.0,0.0,0.0,0.0,0.0,-0.0,0.0,0.0,0.0,0.0,0.0,0.0,0.0,0.0,0.0,4.0,0.0,0.0
11845500,296.6973571777344,303.1499938964844,285.1499938964844,0.0,-0.0,293.1253662109375,0.0,0.0,0.0001044332311721,296.6873474121094,303.1499938964844,285.1499938964844,0.0,-0.0,293.1253662109375,0.0,0.0,0.0001099732253351,296.5242614746094,303.1499938964844,285.1499938964844,0.0,-0.0,293.1253662109375,0.0,0.0,8.122585131786764e-05,296.68280029296875,303.1499938964844,285.1499938964844,0.0,-0.0,293.1253356933594,0.0,0.0,0.0001099732253351,296.94158935546875,303.1499938964844,285.1499938964844,0.0,-0.0,293.1254272460937,0.0,0.0,0.0005216656136326,293.11724853515625,294.1499938964844,285.12921142578125,285.12921142578125,286.4006652832031,285.1028137207031,292.8683776855469,0.0,0.0,0.0,0.0,1.0,1.0,-0.0011127237230539,1.9045780064175243e-08,0.0011127046309411,-0.0489013455808162,0.0,0.0,0.0,-0.0142546007409691,60.0,-5.916104793548584,-0.0,-8.44178913439464e-08,0.0,293.1499938964844,293.1499938964844,293.1499938964844,293.1499938964844,293.1499938964844,293.1499938964844,278.1499938964844,0.0,18000.0,313.1499938964844,0.0,18000.0,0.0,0.0,0.0,0.0,0.0,0.0,0.0,0.0,0.0,0.0,-0.0,-0.0,0.0,0.0,0.0,0.0,0.0,-0.0,0.0,0.0,0.0,0.0,0.0,0.0,0.0,0.0,0.0,4.0,0.0,0.0
11845560,296.6956787109375,303.1499938964844,285.1499938964844,0.0,-0.0,293.12481689453125,0.0,0.0,0.0001044175078277,296.685791015625,303.1499938964844,285.1499938964844,0.0,-0.0,293.12481689453125,0.0,0.0,0.0001099566652555,296.5220031738281,303.1499938964844,285.1499938964844,0.0,-0.0,293.12481689453125,0.0,0.0,8.121361315716058e-05,296.68121337890625,303.1499938964844,285.1499938964844,0.0,-0.0,293.1247863769531,0.0,0.0,0.0001099566652555,296.9404296875,303.1499938964844,285.1499938964844,0.0,-0.0,293.1248474121094,0.0,0.0,0.000521587091498,293.1165466308594,294.1499938964844,285.1397399902344,285.1397399902344,286.38818359375,285.1138916015625,292.8662109375,0.0,0.0,0.0,0.0,1.0,1.0,-0.0011125567834824,1.9026181519166133e-08,0.0011125376913696,-0.0488501638174057,0.0,0.0,0.0,-0.0142448870465159,60.0,-5.911142826080322,-0.0,-8.43924681248609e-08,0.0,293.1499938964844,293.1499938964844,293.1499938964844,293.1499938964844,293.1499938964844,293.1499938964844,278.1499938964844,0.0,18000.0,313.1499938964844,0.0,18000.0,0.0,0.0,0.0,0.0,0.0,0.0,0.0,0.0,0.0,0.0,-0.0,-0.0,0.0,0.0,0.0,0.0,0.0,-0.0,0.0,0.0,0.0,0.0,0.0,0.0,0.0,0.0,0.0,4.0,0.0,0.0
11845620,296.6929931640625,303.1499938964844,285.1499938964844,0.0,-0.0,293.1236572265625,0.0,0.0,0.0001042155126924,296.68316650390625,303.1499938964844,285.1499938964844,0.0,-0.0,293.1236572265625,0.0,0.0,0.0001097439526347,296.5185546875,303.1499938964844,285.1499938964844,0.0,-0.0,293.1236572265625,0.0,0.0,8.105651068035513e-05,296.678466796875,303.1499938964844,285.1499938964844,0.0,-0.0,293.1236572265625,0.0,0.0,0.0001097439526347,296.938232421875,303.1499938964844,285.1499938964844,0.0,-0.0,293.12371826171875,0.0,0.0,0.0005205780616961,293.1150817871094,294.1499938964844,285.1603698730469,285.1603698730469,286.3639221191406,285.1353454589844,292.8619384765625,0.0,0.0,0.0,0.0,1.0,1.0,-0.0011104048462584,1.877448063680731e-08,0.0011103861033916,-0.0481928810477256,0.0,0.0,0.0,-0.0141201121732592,60.0,-5.88855504989624,-0.0,-8.406625795487346e-08,0.0,293.1499938964844,293.1499938964844,293.1499938964844,293.1499938964844,293.1499938964844,293.1499938964844,278.1499938964844,0.0,18000.0,313.1499938964844,0.0,18000.0,0.0,0.0,0.0,0.0,0.0,0.0,0.0,0.0,0.0,0.0,-0.0,-0.0,0.0,0.0,0.0,0.0,0.0,-0.0,0.0,0.0,0.0,0.0,0.0,0.0,0.0,0.0,0.0,4.0,0.0,0.0
11845680,296.6929931640625,303.1499938964844,285.1499938964844,0.0,-0.0,293.1236572265625,0.0,0.0,0.0001042155126924,296.68316650390625,303.1499938964844,285.1499938964844,0.0,-0.0,293.1236572265625,0.0,0.0,0.0001097439526347,296.5185546875,303.1499938964844,285.1499938964844,0.0,-0.0,293.1236572265625,0.0,0.0,8.105651068035513e-05,296.678466796875,303.1499938964844,285.1499938964844,0.0,-0.0,293.1236572265625,0.0,0.0,0.0001097439526347,296.938232421875,303.1499938964844,285.1499938964844,0.0,-0.0,293.12371826171875,0.0,0.0,0.0005205780616961,293.1150817871094,294.1499938964844,285.1603698730469,285.1603698730469,286.3639221191406,285.1353454589844,292.8619384765625,0.0,0.0,0.0,0.0,1.0,1.0,-0.0011104048462584,1.877448063680731e-08,0.0011103861033916,-0.0481928810477256,0.0,0.0,0.0,-0.0141201121732592,60.0,-5.88855504989624,-0.0,-8.406625795487346e-08,0.0,293.1499938964844,293.1499938964844,293.1499938964844,293.1499938964844,293.1499938964844,293.1499938964844,278.1499938964844,0.0,18000.0,313.1499938964844,0.0,18000.0,0.0,0.0,0.0,0.0,0.0,0.0,0.0,0.0,0.0,0.0,-0.0,-0.0,0.0,0.0,0.0,0.0,0.0,-0.0,0.0,0.0,0.0,0.0,0.0,0.0,0.0,0.0,0.0,4.0,0.0,0.0
11845740,296.6910705566406,303.1499938964844,285.1499938964844,0.0,-0.0,293.1224975585937,0.0,0.0,0.0001039030685205,296.6811218261719,303.1499938964844,285.1499938964844,0.0,-0.0,293.1224975585937,0.0,0.0,0.0001094149338314,296.5162658691406,303.1499938964844,285.1499938964844,0.0,-0.0,293.1224975585937,0.0,0.0,8.08134936960414e-05,296.6763000488281,303.1499938964844,285.1499938964844,0.0,-0.0,293.1224975585937,0.0,0.0,0.0001094149338314,296.9363098144531,303.1499938964844,285.1499938964844,0.0,-0.0,293.12255859375,0.0,0.0,0.000519017339684,293.1136169433594,294.1499938964844,285.18035888671875,285.18035888671875,286.34063720703125,285.15582275390625,292.8576354980469,0.0,0.0,0.0,0.0,1.0,1.0,-0.0011070762993767,1.8385163613743323e-08,0.0011070579057559,-0.0471761040389537,0.0,0.0,0.0,-0.0139271141961216,60.0,-5.856769561767578,-0.0,-8.356293790257041e-08,0.0,293.1499938964844,293.1499938964844,293.1499938964844,293.1499938964844,293.1499938964844,293.1499938964844,278.1499938964844,0.0,18000.0,313.1499938964844,0.0,18000.0,0.0,0.0,0.0,0.0,0.0,0.0,0.0,0.0,0.0,0.0,-0.0,-0.0,0.0,0.0,0.0,0.0,0.0,-0.0,0.0,0.0,0.0,0.0,0.0,0.0,0.0,0.0,0.0,4.0,0.0,0.0
11845800,296.6910705566406,303.1499938964844,285.1499938964844,0.0,-0.0,293.1224975585937,0.0,0.0,0.0001039030685205,296.6811218261719,303.1499938964844,285.1499938964844,0.0,-0.0,293.1224975585937,0.0,0.0,0.0001094149338314,296.5162658691406,303.1499938964844,285.1499938964844,0.0,-0.0,293.1224975585937,0.0,0.0,8.08134936960414e-05,296.6763000488281,303.1499938964844,285.1499938964844,0.0,-0.0,293.1224975585937,0.0,0.0,0.0001094149338314,296.9363098144531,303.1499938964844,285.1499938964844,0.0,-0.0,293.12255859375,0.0,0.0,0.000519017339684,293.1136169433594,294.1499938964844,285.18035888671875,285.18035888671875,286.34063720703125,285.15582275390625,292.8576354980469,0.0,0.0,0.0,0.0,1.0,1.0,-0.0011070762993767,1.8385163613743323e-08,0.0011070579057559,-0.0471761040389537,0.0,0.0,0.0,-0.0139271141961216,60.0,-5.856769561767578,-0.0,-8.356293790257041e-08,0.0,293.1499938964844,293.1499938964844,293.1499938964844,293.1499938964844,293.1499938964844,293.1499938964844,278.1499938964844,0.0,18000.0,313.1499938964844,0.0,18000.0,0.0,0.0,0.0,0.0,0.0,0.0,0.0,0.0,0.0,0.0,-0.0,-0.0,0.0,0.0,0.0,0.0,0.0,-0.0,0.0,0.0,0.0,0.0,0.0,0.0,0.0,0.0,0.0,4.0,0.0,0.0
11845860,296.6898803710937,303.1499938964844,285.1499938964844,0.0,-0.0,293.121337890625,0.0,0.0,0.0001034115775837,296.6796264648437,303.1499938964844,285.1499938964844,0.0,-0.0,293.121337890625,0.0,0.0,0.0001088973658625,296.5150146484375,303.1499938964844,285.1499938964844,0.0,-0.0,293.121337890625,0.0,0.0,8.043122215894982e-05,296.6746826171875,303.1499938964844,285.1499938964844,0.0,-0.0,293.1213073730469,0.0,0.0,0.0001088973658625,296.9346923828125,303.1499938964844,285.1499938964844,0.0,-0.0,293.1213684082031,0.0,0.0,0.0005165621987544,293.1120910644531,294.1499938964844,285.1996154785156,285.1996154785156,286.3182678222656,285.1754150390625,292.8533630371094,0.0,0.0,0.0,0.0,1.0,1.0,-0.0011018400546163,1.7772745053434846e-08,0.001101822243072,-0.0455763712525367,0.0,0.0,0.0,-0.0136235179379582,60.0,-5.816417217254639,-0.0,-8.277424967673144e-08,0.0,293.1499938964844,293.1499938964844,293.1499938964844,293.1499938964844,293.1499938964844,293.1499938964844,278.1499938964844,0.0,18000.0,313.1499938964844,0.0,18000.0,0.0,0.0,0.0,0.0,0.0,0.0,0.0,0.0,0.0,0.0,-0.0,-0.0,0.0,0.0,0.0,0.0,0.0,-0.0,0.0,0.0,0.0,0.0,0.0,0.0,0.0,0.0,0.0,4.0,0.0,0.0
11845920,296.6898803710937,303.1499938964844,285.1499938964844,0.0,-0.0,293.121337890625,0.0,0.0,0.0001034115775837,296.6796264648437,303.1499938964844,285.1499938964844,0.0,-0.0,293.121337890625,0.0,0.0,0.0001088973658625,296.5150146484375,303.1499938964844,285.1499938964844,0.0,-0.0,293.121337890625,0.0,0.0,8.043122215894982e-05,296.6746826171875,303.1499938964844,285.1499938964844,0.0,-0.0,293.1213073730469,0.0,0.0,0.0001088973658625,296.9346923828125,303.1499938964844,285.1499938964844,0.0,-0.0,293.1213684082031,0.0,0.0,0.0005165621987544,293.1120910644531,294.1499938964844,285.1996154785156,285.1996154785156,286.3182678222656,285.1754150390625,292.8533630371094,0.0,0.0,0.0,0.0,1.0,1.0,-0.0011018400546163,1.7772745053434846e-08,0.001101822243072,-0.0455763712525367,0.0,0.0,0.0,-0.0136235179379582,60.0,-5.816417217254639,-0.0,-8.277424967673144e-08,0.0,293.1499938964844,293.1499938964844,293.1499938964844,293.1499938964844,293.1499938964844,293.1499938964844,278.1499938964844,0.0,18000.0,313.1499938964844,0.0,18000.0,0.0,0.0,0.0,0.0,0.0,0.0,0.0,0.0,0.0,0.0,-0.0,-0.0,0.0,0.0,0.0,0.0,0.0,-0.0,0.0,0.0,0.0,0.0,0.0,0.0,0.0,0.0,0.0,4.0,0.0,0.0
11845980,296.689453125,303.1499938964844,285.1499938964844,0.0,-0.0,293.1201477050781,0.0,0.0,0.0001027627513394,296.6787414550781,303.1499938964844,285.1499938964844,0.0,-0.0,293.1201477050781,0.0,0.0,0.0001082141243387,296.5147399902344,303.1499938964844,285.1499938964844,0.0,-0.0,293.1201477050781,0.0,0.0,7.99265835667029e-05,296.6736145019531,303.1499938964844,285.1499938964844,0.0,-0.0,293.1201171875,0.0,0.0,0.0001082141243387,296.93341064453125,303.1499938964844,285.1499938964844,0.0,-0.0,293.12017822265625,0.0,0.0,0.0005133211961947,293.1105651855469,294.1499938964844,285.2181091308594,285.2181091308594,286.2968139648437,285.19403076171875,292.8490905761719,0.0,0.0,0.0,0.0,1.0,1.0,-0.0010949273128062,1.6964293081400683e-08,0.0010949103161692,-0.0434640385210514,0.0,0.0,0.0,-0.0132227391004562,60.0,-5.767617702484131,-0.0,-8.173881127504502e-08,0.0,293.1499938964844,293.1499938964844,293.1499938964844,293.1499938964844,293.1499938964844,293.1499938964844,278.1499938964844,0.0,18000.0,313.1499938964844,0.0,18000.0,0.0,0.0,0.0,0.0,0.0,0.0,0.0,0.0,0.0,0.0,-0.0,-0.0,0.0,0.0,0.0,0.0,0.0,-0.0,0.0,0.0,0.0,0.0,0.0,0.0,0.0,0.0,0.0,4.0,0.0,0.0
11846040,296.689453125,303.1499938964844,285.1499938964844,0.0,-0.0,293.1201477050781,0.0,0.0,0.0001027627513394,296.6787414550781,303.1499938964844,285.1499938964844,0.0,-0.0,293.1201477050781,0.0,0.0,0.0001082141243387,296.5147399902344,303.1499938964844,285.1499938964844,0.0,-0.0,293.1201477050781,0.0,0.0,7.99265835667029e-05,296.6736145019531,303.1499938964844,285.1499938964844,0.0,-0.0,293.1201171875,0.0,0.0,0.0001082141243387,296.93341064453125,303.1499938964844,285.1499938964844,0.0,-0.0,293.12017822265625,0.0,0.0,0.0005133211961947,293.1105651855469,294.1499938964844,285.2181091308594,285.2181091308594,286.2968139648437,285.19403076171875,292.8490905761719,0.0,0.0,0.0,0.0,1.0,1.0,-0.0010949273128062,1.6964293081400683e-08,0.0010949103161692,-0.0434640385210514,0.0,0.0,0.0,-0.0132227391004562,60.0,-5.767617702484131,-0.0,-8.173881127504502e-08,0.0,293.1499938964844,293.1499938964844,293.1499938964844,293.1499938964844,293.1499938964844,293.1499938964844,278.1499938964844,0.0,18000.0,313.1499938964844,0.0,18000.0,0.0,0.0,0.0,0.0,0.0,0.0,0.0,0.0,0.0,0.0,-0.0,-0.0,0.0,0.0,0.0,0.0,0.0,-0.0,0.0,0.0,0.0,0.0,0.0,0.0,0.0,0.0,0.0,4.0,0.0,0.0
11846100,296.6894836425781,303.1499938964844,285.1499938964844,0.0,-0.0,293.1195373535156,0.0,0.0,0.0001023885488393,296.6784973144531,303.1499938964844,285.1499938964844,0.0,-0.0,293.1195373535156,0.0,0.0,0.0001078200730262,296.5149841308594,303.1499938964844,285.1499938964844,0.0,-0.0,293.1195373535156,0.0,0.0,7.963553798617795e-05,296.6732788085937,303.1499938964844,285.1499938964844,0.0,-0.0,293.1195373535156,0.0,0.0,0.0001078200730262,296.9328918457031,303.1499938964844,285.1499938964844,0.0,-0.0,293.1195678710937,0.0,0.0,0.0005114520317874,293.1098022460937,294.1499938964844,285.2270202636719,285.2270202636719,286.286376953125,285.2030029296875,292.8469543457031,0.0,0.0,0.0,0.0,1.0,1.0,-0.0010909404372796,1.6498038490908584e-08,0.0010909239063039,-0.0422455444931983,0.0,0.0,0.0,-0.0129915988072752,60.0,-5.740453243255615,-0.0,-8.114461280683828e-08,0.0,293.1499938964844,293.1499938964844,293.1499938964844,293.1499938964844,293.1499938964844,293.1499938964844,278.1499938964844,0.0,18000.0,313.1499938964844,0.0,18000.0,0.0,0.0,0.0,0.0,0.0,0.0,0.0,0.0,0.0,0.0,-0.0,-0.0,0.0,0.0,0.0,0.0,0.0,-0.0,0.0,0.0,0.0,0.0,0.0,0.0,0.0,0.0,0.0,4.0,0.0,0.0
11846160,296.6897277832031,303.1499938964844,285.1499938964844,0.0,-0.0,293.1189270019531,0.0,0.0,0.0001019876362988,296.67840576171875,303.1499938964844,285.1499938964844,0.0,-0.0,293.1189270019531,0.0,0.0,0.0001073978928616,296.5154724121094,303.1499938964844,285.1499938964844,0.0,-0.0,293.1189270019531,0.0,0.0,7.932371227070689e-05,296.673095703125,303.1499938964844,285.1499938964844,0.0,-0.0,293.1189270019531,0.0,0.0,0.0001073978928616,296.9324951171875,303.1499938964844,285.1499938964844,0.0,-0.0,293.1189880371094,0.0,0.0,0.000509449339006,293.1090393066406,294.1499938964844,285.2357177734375,285.2357177734375,286.2762145996094,285.2116394042969,292.8448181152344,0.0,0.0,0.0,0.0,1.0,1.0,-0.0010866689262911,1.5998493196889285e-08,0.0010866528609767,-0.0409398414194583,0.0,0.0,0.0,-0.0127439554780721,60.0,-5.711568355560303,-0.0,-8.051038946632617e-08,0.0,293.1499938964844,293.1499938964844,293.1499938964844,293.1499938964844,293.1499938964844,293.1499938964844,278.1499938964844,0.0,18000.0,313.1499938964844,0.0,18000.0,0.0,0.0,0.0,0.0,0.0,0.0,0.0,0.0,0.0,0.0,-0.0,-0.0,0.0,0.0,0.0,0.0,0.0,-0.0,0.0,0.0,0.0,0.0,0.0,0.0,0.0,0.0,0.0,4.0,0.0,0.0
11846220,296.6906433105469,303.1499938964844,285.1499938964844,0.0,-0.0,293.1177062988281,0.0,0.0,0.0001011319400276,296.6786193847656,303.1499938964844,285.1499938964844,0.0,-0.0,293.1177062988281,0.0,0.0,0.0001064968018908,296.51708984375,303.1499938964844,285.1499938964844,0.0,-0.0,293.1177062988281,0.0,0.0,7.865817315177992e-05,296.6709899902344,303.1499938964844,285.1499938964844,0.0,-0.0,293.1177062988281,0.0,0.0,0.0001064968018908,296.931884765625,303.1499938964844,285.1499938964844,0.0,-0.0,293.11773681640625,0.0,0.0,0.0005051749758422,293.10748291015625,294.1499938964844,285.2523803710937,285.2523803710937,286.2564697265625,285.2281799316406,292.840576171875,0.0,0.0,0.0,0.0,1.0,1.0,-0.0010775516275316,1.4932297176528664e-08,0.0010775367263704,-0.0381523557007312,0.0,0.0,0.0,-0.0122154001146554,60.0,-5.650674819946289,-0.0,-7.916505495586534e-08,0.0,293.1499938964844,293.1499938964844,293.1499938964844,293.1499938964844,293.1499938964844,293.1499938964844,278.1499938964844,0.0,18000.0,313.1499938964844,0.0,18000.0,0.0,0.0,0.0,0.0,0.0,0.0,0.0,0.0,0.0,0.0,-0.0,-0.0,0.0,0.0,0.0,0.0,0.0,-0.0,0.0,0.0,0.0,0.0,0.0,0.0,0.0,0.0,0.0,4.0,0.0,0.0
11846280,296.6906433105469,303.1499938964844,285.1499938964844,0.0,-0.0,293.1177062988281,0.0,0.0,0.0001011319400276,296.6786193847656,303.1499938964844,285.1499938964844,0.0,-0.0,293.1177062988281,0.0,0.0,0.0001064968018908,296.51708984375,303.1499938964844,285.1499938964844,0.0,-0.0,293.1177062988281,0.0,0.0,7.865817315177992e-05,296.6709899902344,303.1499938964844,285.1499938964844,0.0,-0.0,293.1177062988281,0.0,0.0,0.0001064968018908,296.931884765625,303.1499938964844,285.1499938964844,0.0,-0.0,293.11773681640625,0.0,0.0,0.0005051749758422,293.10748291015625,294.1499938964844,285.2523803710937,285.2523803710937,286.2564697265625,285.2281799316406,292.840576171875,0.0,0.0,0.0,0.0,1.0,1.0,-0.0010775516275316,1.4932297176528664e-08,0.0010775367263704,-0.0381523557007312,0.0,0.0,0.0,-0.0122154001146554,60.0,-5.650674819946289,-0.0,-7.916505495586534e-08,0.0,293.1499938964844,293.1499938964844,293.1499938964844,293.1499938964844,293.1499938964844,293.1499938964844,278.1499938964844,0.0,18000.0,313.1499938964844,0.0,18000.0,0.0,0.0,0.0,0.0,0.0,0.0,0.0,0.0,0.0,0.0,-0.0,-0.0,0.0,0.0,0.0,0.0,0.0,-0.0,0.0,0.0,0.0,0.0,0.0,0.0,0.0,0.0,0.0,4.0,0.0,0.0
11846340,296.6921081542969,303.1499938964844,285.1499938964844,0.0,-0.0,293.116455078125,0.0,0.0,0.000100237695733,296.6792907714844,303.1499938964844,285.1499938964844,0.0,-0.0,293.116455078125,0.0,0.0,0.0001055551183526,296.5194702148437,303.1499938964844,285.1499938964844,0.0,-0.0,293.116455078125,0.0,0.0,7.79626498115249e-05,296.6619567871094,303.1499938964844,285.1499938964844,0.0,-0.0,293.116455078125,0.0,0.0,0.0001055551183526,296.9313659667969,303.1499938964844,285.1499938964844,0.0,-0.0,293.11651611328125,0.0,0.0,0.000500708061736,293.1059265136719,294.1499938964844,285.2679748535156,285.2679748535156,286.23760986328125,285.2435913085937,292.8363037109375,0.0,0.0,0.0,0.0,1.0,1.0,-0.0010680236155167,1.3818085342620634e-08,0.0010680097620934,-0.0352384075522422,0.0,0.0,0.0,-0.0116630410775542,60.0,-5.587159156799316,-0.0,-7.77712259036889e-08,0.0,293.1499938964844,293.1499938964844,293.1499938964844,293.1499938964844,293.1499938964844,293.1499938964844,278.1499938964844,0.0,18000.0,313.1499938964844,0.0,18000.0,0.0,0.0,0.0,0.0,0.0,0.0,0.0,0.0,0.0,0.0,-0.0,-0.0,0.0,0.0,0.0,0.0,0.0,-0.0,0.0,0.0,0.0,0.0,0.0,0.0,0.0,0.0,0.0,4.0,0.0,0.0
11846400,296.6921081542969,303.1499938964844,285.1499938964844,0.0,-0.0,293.116455078125,0.0,0.0,0.000100237695733,296.6792907714844,303.1499938964844,285.1499938964844,0.0,-0.0,293.116455078125,0.0,0.0,0.0001055551183526,296.5194702148437,303.1499938964844,285.1499938964844,0.0,-0.0,293.116455078125,0.0,0.0,7.79626498115249e-05,296.6619567871094,303.1499938964844,285.1499938964844,0.0,-0.0,293.116455078125,0.0,0.0,0.0001055551183526,296.9313659667969,303.1499938964844,285.1499938964844,0.0,-0.0,293.11651611328125,0.0,0.0,0.000500708061736,293.1059265136719,294.1499938964844,285.2679748535156,285.2679748535156,286.23760986328125,285.2435913085937,292.8363037109375,0.0,0.0,0.0,0.0,1.0,1.0,-0.0010680236155167,1.3818085342620634e-08,0.0010680097620934,-0.0352384075522422,0.0,0.0,0.0,-0.0116630410775542,60.0,-5.587159156799316,-0.0,-7.77712259036889e-08,0.0,293.1499938964844,293.1499938964844,293.1499938964844,293.1499938964844,293.1499938964844,293.1499938964844,278.1499938964844,0.0,18000.0,313.1499938964844,0.0,18000.0,0.0,0.0,0.0,0.0,0.0,0.0,0.0,0.0,0.0,0.0,-0.0,-0.0,0.0,0.0,0.0,0.0,0.0,-0.0,0.0,0.0,0.0,0.0,0.0,0.0,0.0,0.0,0.0,4.0,0.0,0.0
11846460,296.6932373046875,303.1499938964844,285.1499938964844,0.0,-0.0,293.1156616210937,0.0,0.0,9.96633170871064e-05,296.67987060546875,303.1499938964844,285.1499938964844,0.0,-0.0,293.1156616210937,0.0,0.0,0.0001049502752721,296.5212707519531,303.1499938964844,285.1499938964844,0.0,-0.0,293.1156616210937,0.0,0.0,7.751591328997165e-05,296.6535339355469,303.1499938964844,285.1499938964844,0.0,-0.0,293.1156616210937,0.0,0.0,0.0001049502752721,296.9309387207031,303.1499938964844,285.1499938964844,0.0,-0.0,293.11572265625,0.0,0.0,0.0004978388897143,293.1049194335937,294.1499938964844,285.27740478515625,285.27740478515625,286.2259521484375,285.2528686523437,292.8335876464844,0.0,0.0,0.0,0.0,1.0,1.0,-0.0010619036620482,1.3102432028233581e-08,0.0010618906235322,-0.033366322517395,0.0,0.0,0.0,-0.0113082630559802,60.0,-5.5463032722473145,-0.0,-7.688250036608224e-08,0.0,293.1499938964844,293.1499938964844,293.1499938964844,293.1499938964844,293.1499938964844,293.1499938964844,278.1499938964844,0.0,18000.0,313.1499938964844,0.0,18000.0,0.0,0.0,0.0,0.0,0.0,0.0,0.0,0.0,0.0,0.0,-0.0,-0.0,0.0,0.0,0.0,0.0,0.0,-0.0,0.0,0.0,0.0,0.0,0.0,0.0,0.0,0.0,0.0,4.0,0.0,0.0
11846520,296.69390869140625,303.1499938964844,285.1499938964844,0.0,-0.0,293.1152038574219,0.0,0.0,9.93436115095392e-05,296.68023681640625,303.1499938964844,285.1499938964844,0.0,-0.0,293.1152038574219,0.0,0.0,0.0001046136021614,296.5223388671875,303.1499938964844,285.1499938964844,0.0,-0.0,293.1152038574219,0.0,0.0,7.726725016254932e-05,296.6483459472656,303.1499938964844,285.1499938964844,0.0,-0.0,293.1152038574219,0.0,0.0,0.0001046136021614,296.9306640625,303.1499938964844,285.1499938964844,0.0,-0.0,293.1152648925781,0.0,0.0,0.0004962419043295,293.1043395996094,294.1499938964844,285.2825012207031,285.2825012207031,286.2195129394531,285.25787353515625,292.8320617675781,0.0,0.0,0.0,0.0,1.0,1.0,-0.0010584972333163,1.2704084895176493e-08,0.0010584845440462,-0.0323241278529167,0.0,0.0,0.0,-0.0111107854172587,60.0,-5.52350664138794,-0.0,-7.639003030135427e-08,0.0,293.1499938964844,293.1499938964844,293.1499938964844,293.1499938964844,293.1499938964844,293.1499938964844,278.1499938964844,0.0,18000.0,313.1499938964844,0.0,18000.0,0.0,0.0,0.0,0.0,0.0,0.0,0.0,0.0,0.0,0.0,-0.0,-0.0,0.0,0.0,0.0,0.0,0.0,-0.0,0.0,0.0,0.0,0.0,0.0,0.0,0.0,0.0,0.0,4.0,0.0,0.0
11846580,296.69580078125,303.1499938964844,285.1499938964844,0.0,-0.0,293.11395263671875,0.0,0.0,9.848202171269804e-05,296.68133544921875,303.1499938964844,285.1499938964844,0.0,-0.0,293.11395263671875,0.0,0.0,0.0001037063120747,296.52545166015625,303.1499938964844,285.1499938964844,0.0,-0.0,293.11395263671875,0.0,0.0,7.659712719032541e-05,296.6325988769531,303.1499938964844,285.1499938964844,0.0,-0.0,293.11395263671875,0.0,0.0,0.0001037063120747,296.92974853515625,303.1499938964844,285.1499938964844,0.0,-0.0,293.114013671875,0.0,0.0,0.0004919380880892,293.1027526855469,294.1499938964844,285.2958068847656,285.2958068847656,286.20220947265625,285.27099609375,292.8278503417969,0.0,0.0,0.0,0.0,1.0,1.0,-0.0010493169538676,1.1630586271849095e-08,0.0010493053123354,-0.0295150354504585,0.0,0.0,0.0,-0.0105786072090268,60.0,-5.461784362792969,-0.0,-7.507074428758642e-08,0.0,293.1499938964844,293.1499938964844,293.1499938964844,293.1499938964844,293.1499938964844,293.1499938964844,278.1499938964844,0.0,18000.0,313.1499938964844,0.0,18000.0,0.0,0.0,0.0,0.0,0.0,0.0,0.0,0.0,0.0,0.0,-0.0,-0.0,0.0,0.0,0.0,0.0,0.0,-0.0,0.0,0.0,0.0,0.0,0.0,0.0,0.0,0.0,0.0,4.0,0.0,0.0
11846640,296.69580078125,303.1499938964844,285.1499938964844,0.0,-0.0,293.11395263671875,0.0,0.0,9.848202171269804e-05,296.68133544921875,303.1499938964844,285.1499938964844,0.0,-0.0,293.11395263671875,0.0,0.0,0.0001037063120747,296.52545166015625,303.1499938964844,285.1499938964844,0.0,-0.0,293.11395263671875,0.0,0.0,7.659712719032541e-05,296.6325988769531,303.1499938964844,285.1499938964844,0.0,-0.0,293.11395263671875,0.0,0.0,0.0001037063120747,296.92974853515625,303.1499938964844,285.1499938964844,0.0,-0.0,293.114013671875,0.0,0.0,0.0004919380880892,293.1027526855469,294.1499938964844,285.2958068847656,285.2958068847656,286.20220947265625,285.27099609375,292.8278503417969,0.0,0.0,0.0,0.0,1.0,1.0,-0.0010493169538676,1.1630586271849095e-08,0.0010493053123354,-0.0295150354504585,0.0,0.0,0.0,-0.0105786072090268,60.0,-5.461784362792969,-0.0,-7.507074428758642e-08,0.0,293.1499938964844,293.1499938964844,293.1499938964844,293.1499938964844,293.1499938964844,293.1499938964844,278.1499938964844,0.0,18000.0,313.1499938964844,0.0,18000.0,0.0,0.0,0.0,0.0,0.0,0.0,0.0,0.0,0.0,0.0,-0.0,-0.0,0.0,0.0,0.0,0.0,0.0,-0.0,0.0,0.0,0.0,0.0,0.0,0.0,0.0,0.0,0.0,4.0,0.0,0.0
11846700,296.6967163085937,303.1499938964844,285.1499938964844,0.0,-0.0,293.1133117675781,0.0,0.0,9.807199239730836e-05,296.6818542480469,303.1499938964844,285.1499938964844,0.0,-0.0,293.1133117675781,0.0,0.0,0.0001032745276461,296.5270080566406,303.1499938964844,285.1499938964844,0.0,-0.0,293.1133117675781,0.0,0.0,7.627821469213814e-05,296.6244201660156,303.1499938964844,285.1499938964844,0.0,-0.0,293.1133117675781,0.0,0.0,0.0001032745276461,296.92919921875,303.1499938964844,285.1499938964844,0.0,-0.0,293.1133728027344,0.0,0.0,0.000489889876917,293.1019287109375,294.1499938964844,285.302001953125,285.302001953125,286.19384765625,285.277099609375,292.82574462890625,0.0,0.0,0.0,0.0,1.0,1.0,-0.0010449478868395,1.1119707821194424e-08,0.0010449368273839,-0.0281779412180185,0.0,0.0,0.0,-0.0103253424167633,60.0,-5.432173728942871,-0.0,-7.444692329272584e-08,0.0,293.1499938964844,293.1499938964844,293.1499938964844,293.1499938964844,293.1499938964844,293.1499938964844,278.1499938964844,0.0,18000.0,313.1499938964844,0.0,18000.0,0.0,0.0,0.0,0.0,0.0,0.0,0.0,0.0,0.0,0.0,-0.0,-0.0,0.0,0.0,0.0,0.0,0.0,-0.0,0.0,0.0,0.0,0.0,0.0,0.0,0.0,0.0,0.0,4.0,0.0,0.0
11846760,296.69757080078125,303.1499938964844,285.1499938964844,0.0,-0.0,293.1126708984375,0.0,0.0,9.767928713699804e-05,296.6823425292969,303.1499938964844,285.1499938964844,0.0,-0.0,293.1126708984375,0.0,0.0,0.0001028609913191,296.528564453125,303.1499938964844,285.1499938964844,0.0,-0.0,293.1126708984375,0.0,0.0,7.597277726745233e-05,296.61627197265625,303.1499938964844,285.1499938964844,0.0,-0.0,293.1126708984375,0.0,0.0,0.0001028609913191,296.9286193847656,303.1499938964844,285.1499938964844,0.0,-0.0,293.1127319335937,0.0,0.0,0.0004879282496403,293.10113525390625,294.1499938964844,285.307861328125,285.307861328125,286.18560791015625,285.282958984375,292.8236389160156,0.0,0.0,0.0,0.0,1.0,1.0,-0.001040763570927,1.0630423652457921e-08,0.0010407529771327,-0.0268972236663103,0.0,0.0,0.0,-0.010082783177495,60.0,-5.40358829498291,-0.0,-7.385191480580033e-08,0.0,293.1499938964844,293.1499938964844,293.1499938964844,293.1499938964844,293.1499938964844,293.1499938964844,278.1499938964844,0.0,18000.0,313.1499938964844,0.0,18000.0,0.0,0.0,0.0,0.0,0.0,0.0,0.0,0.0,0.0,0.0,-0.0,-0.0,0.0,0.0,0.0,0.0,0.0,-0.0,0.0,0.0,0.0,0.0,0.0,0.0,0.0,0.0,0.0,4.0,0.0,0.0
11846820,296.6990966796875,303.1499938964844,285.1499938964844,0.0,-0.0,293.11138916015625,0.0,0.0,9.696030610939488e-05,296.68316650390625,303.1499938964844,285.1499938964844,0.0,-0.0,293.11138916015625,0.0,0.0,0.0001021038697217,296.531494140625,303.1499938964844,285.1499938964844,0.0,-0.0,293.11138916015625,0.0,0.0,7.541356899309903e-05,296.6003723144531,303.1499938964844,285.1499938964844,0.0,-0.0,293.11138916015625,0.0,0.0,0.0001021038697217,296.92730712890625,303.1499938964844,285.1499938964844,0.0,-0.0,293.1114501953125,0.0,0.0,0.0004843367787543,293.0995178222656,294.1499938964844,285.3185729980469,285.3185729980469,286.1696472167969,285.2938232421875,292.8194274902344,0.0,0.0,0.0,0.0,1.0,1.0,-0.0010331026278436,9.73462022102467e-09,0.0010330929653719,-0.024552097544074,0.0,0.0,0.0,-0.0096386950463056,60.0,-5.350343227386475,-0.0,-7.276871372141613e-08,0.0,293.1499938964844,293.1499938964844,293.1499938964844,293.1499938964844,293.1499938964844,293.1499938964844,278.1499938964844,0.0,18000.0,313.1499938964844,0.0,18000.0,0.0,0.0,0.0,0.0,0.0,0.0,0.0,0.0,0.0,0.0,-0.0,-0.0,0.0,0.0,0.0,0.0,0.0,-0.0,0.0,0.0,0.0,0.0,0.0,0.0,0.0,0.0,0.0,4.0,0.0,0.0
11846880,296.6990966796875,303.1499938964844,285.1499938964844,0.0,-0.0,293.11138916015625,0.0,0.0,9.696030610939488e-05,296.68316650390625,303.1499938964844,285.1499938964844,0.0,-0.0,293.11138916015625,0.0,0.0,0.0001021038697217,296.531494140625,303.1499938964844,285.1499938964844,0.0,-0.0,293.11138916015625,0.0,0.0,7.541356899309903e-05,296.6003723144531,303.1499938964844,285.1499938964844,0.0,-0.0,293.11138916015625,0.0,0.0,0.0001021038697217,296.92730712890625,303.1499938964844,285.1499938964844,0.0,-0.0,293.1114501953125,0.0,0.0,0.0004843367787543,293.0995178222656,294.1499938964844,285.3185729980469,285.3185729980469,286.1696472167969,285.2938232421875,292.8194274902344,0.0,0.0,0.0,0.0,1.0,1.0,-0.0010331026278436,9.73462022102467e-09,0.0010330929653719,-0.024552097544074,0.0,0.0,0.0,-0.0096386950463056,60.0,-5.350343227386475,-0.0,-7.276871372141613e-08,0.0,293.1499938964844,293.1499938964844,293.1499938964844,293.1499938964844,293.1499938964844,293.1499938964844,278.1499938964844,0.0,18000.0,313.1499938964844,0.0,18000.0,0.0,0.0,0.0,0.0,0.0,0.0,0.0,0.0,0.0,0.0,-0.0,-0.0,0.0,0.0,0.0,0.0,0.0,-0.0,0.0,0.0,0.0,0.0,0.0,0.0,0.0,0.0,0.0,4.0,0.0,0.0
11846940,296.7002258300781,303.1499938964844,285.1499938964844,0.0,-0.0,293.110107421875,0.0,0.0,9.634868911234662e-05,296.6837463378906,303.1499938964844,285.1499938964844,0.0,-0.0,293.110107421875,0.0,0.0,0.0001014598092297,296.5341186523437,303.1499938964844,285.1499938964844,0.0,-0.0,293.110107421875,0.0,0.0,7.493786688428372e-05,296.5854187011719,303.1499938964844,285.1499938964844,0.0,-0.0,293.1100769042969,0.0,0.0,0.0001014598092297,296.92584228515625,303.1499938964844,285.1499938964844,0.0,-0.0,293.1101379394531,0.0,0.0,0.000481281633256,293.097900390625,294.1499938964844,285.3278503417969,285.3278503417969,286.1542663574219,285.3036193847656,292.81524658203125,0.0,0.0,0.0,0.0,1.0,1.0,-0.0010265855817124,8.972595111345072e-09,0.0010265766177326,-0.0225568730384111,0.0,0.0,0.0,-0.0092609245330095,60.0,-5.303451061248779,-0.0,-7.185357020489391e-08,0.0,293.1499938964844,293.1499938964844,293.1499938964844,293.1499938964844,293.1499938964844,293.1499938964844,278.1499938964844,0.0,18000.0,313.1499938964844,0.0,18000.0,0.0,0.0,0.0,0.0,0.0,0.0,0.0,0.0,0.0,0.0,-0.0,-0.0,0.0,0.0,0.0,0.0,0.0,-0.0,0.0,0.0,0.0,0.0,0.0,0.0,0.0,0.0,0.0,4.0,0.0,0.0
11847000,296.7002258300781,303.1499938964844,285.1499938964844,0.0,-0.0,293.110107421875,0.0,0.0,9.634868911234662e-05,296.6837463378906,303.1499938964844,285.1499938964844,0.0,-0.0,293.110107421875,0.0,0.0,0.0001014598092297,296.5341186523437,303.1499938964844,285.1499938964844,0.0,-0.0,293.110107421875,0.0,0.0,7.493786688428372e-05,296.5854187011719,303.1499938964844,285.1499938964844,0.0,-0.0,293.1100769042969,0.0,0.0,0.0001014598092297,296.92584228515625,303.1499938964844,285.1499938964844,0.0,-0.0,293.1101379394531,0.0,0.0,0.000481281633256,293.097900390625,294.1499938964844,285.3278503417969,285.3278503417969,286.1542663574219,285.3036193847656,292.81524658203125,0.0,0.0,0.0,0.0,1.0,1.0,-0.0010265855817124,8.972595111345072e-09,0.0010265766177326,-0.0225568730384111,0.0,0.0,0.0,-0.0092609245330095,60.0,-5.303451061248779,-0.0,-7.185357020489391e-08,0.0,293.1499938964844,293.1499938964844,293.1499938964844,293.1499938964844,293.1499938964844,293.1499938964844,278.1499938964844,0.0,18000.0,313.1499938964844,0.0,18000.0,0.0,0.0,0.0,0.0,0.0,0.0,0.0,0.0,0.0,0.0,-0.0,-0.0,0.0,0.0,0.0,0.0,0.0,-0.0,0.0,0.0,0.0,0.0,0.0,0.0,0.0,0.0,0.0,4.0,0.0,0.0
11847060,296.700927734375,303.1499938964844,285.1499938964844,0.0,-0.0,293.1087951660156,0.0,0.0,9.585727821104228e-05,296.6839599609375,303.1499938964844,285.1499938964844,0.0,-0.0,293.1087951660156,0.0,0.0,0.0001009423285722,296.5362854003906,303.1499938964844,285.1499938964844,0.0,-0.0,293.1087951660156,0.0,0.0,7.455566083081067e-05,296.5717468261719,303.1499938964844,285.1499938964844,0.0,-0.0,293.1087646484375,0.0,0.0,0.0001009423285722,296.92431640625,303.1499938964844,285.1499938964844,0.0,-0.0,293.1088256835937,0.0,0.0,0.0004788269579876,293.09625244140625,294.1499938964844,285.3356018066406,285.3356018066406,286.139404296875,285.31231689453125,292.8110656738281,0.0,0.0,0.0,0.0,1.0,1.0,-0.0010213493369519,8.360343528579506e-09,0.0010213409550487,-0.0209536124020814,0.0,0.0,0.0,-0.0089574037119746,60.0,-5.264060497283936,-0.0,-7.112249278407037e-08,0.0,293.1499938964844,293.1499938964844,293.1499938964844,293.1499938964844,293.1499938964844,293.1499938964844,278.1499938964844,0.0,18000.0,313.1499938964844,0.0,18000.0,0.0,0.0,0.0,0.0,0.0,0.0,0.0,0.0,0.0,0.0,-0.0,-0.0,0.0,0.0,0.0,0.0,0.0,-0.0,0.0,0.0,0.0,0.0,0.0,0.0,0.0,0.0,0.0,4.0,0.0,0.0
11847120,296.700927734375,303.1499938964844,285.1499938964844,0.0,-0.0,293.1087951660156,0.0,0.0,9.585727821104228e-05,296.6839599609375,303.1499938964844,285.1499938964844,0.0,-0.0,293.1087951660156,0.0,0.0,0.0001009423285722,296.5362854003906,303.1499938964844,285.1499938964844,0.0,-0.0,293.1087951660156,0.0,0.0,7.455566083081067e-05,296.5717468261719,303.1499938964844,285.1499938964844,0.0,-0.0,293.1087646484375,0.0,0.0,0.0001009423285722,296.92431640625,303.1499938964844,285.1499938964844,0.0,-0.0,293.1088256835937,0.0,0.0,0.0004788269579876,293.09625244140625,294.1499938964844,285.3356018066406,285.3356018066406,286.139404296875,285.31231689453125,292.8110656738281,0.0,0.0,0.0,0.0,1.0,1.0,-0.0010213493369519,8.360343528579506e-09,0.0010213409550487,-0.0209536124020814,0.0,0.0,0.0,-0.0089574037119746,60.0,-5.264060497283936,-0.0,-7.112249278407037e-08,0.0,293.1499938964844,293.1499938964844,293.1499938964844,293.1499938964844,293.1499938964844,293.1499938964844,278.1499938964844,0.0,18000.0,313.1499938964844,0.0,18000.0,0.0,0.0,0.0,0.0,0.0,0.0,0.0,0.0,0.0,0.0,-0.0,-0.0,0.0,0.0,0.0,0.0,0.0,-0.0,0.0,0.0,0.0,0.0,0.0,0.0,0.0,0.0,0.0,4.0,0.0,0.0
11847180,296.701171875,303.1499938964844,285.1499938964844,0.0,-0.0,293.1074523925781,0.0,0.0,9.548147500026972e-05,296.683837890625,303.1499938964844,285.1499938964844,0.0,-0.0,293.1074523925781,0.0,0.0,0.0001005465892376,296.5379333496094,303.1499938964844,285.1499938964844,0.0,-0.0,293.1074523925781,0.0,0.0,7.426337106153369e-05,296.55938720703125,303.1499938964844,285.1499938964844,0.0,-0.0,293.1074523925781,0.0,0.0,0.0001005465892376,296.9226989746094,303.1499938964844,285.1499938964844,0.0,-0.0,293.1075134277344,0.0,0.0,0.0004769497318193,293.0945739746094,294.1499938964844,285.341796875,285.341796875,286.125,285.3199768066406,292.8069152832031,0.0,0.0,0.0,0.0,1.0,1.0,-0.0010173448827117,7.89212517560145e-09,0.0010173369664698,-0.0197274144738912,0.0,0.0,0.0,-0.0087252864614129,60.0,-5.232149124145508,-0.0,-7.05659175537221e-08,0.0,293.1499938964844,293.1499938964844,293.1499938964844,293.1499938964844,293.1499938964844,293.1499938964844,278.1499938964844,0.0,18000.0,313.1499938964844,0.0,18000.0,0.0,0.0,0.0,0.0,0.0,0.0,0.0,0.0,0.0,0.0,-0.0,-0.0,0.0,0.0,0.0,0.0,0.0,-0.0,0.0,0.0,0.0,0.0,0.0,0.0,0.0,0.0,0.0,4.0,0.0,0.0
11847240,296.701171875,303.1499938964844,285.1499938964844,0.0,-0.0,293.1074523925781,0.0,0.0,9.548147500026972e-05,296.683837890625,303.1499938964844,285.1499938964844,0.0,-0.0,293.1074523925781,0.0,0.0,0.0001005465892376,296.5379333496094,303.1499938964844,285.1499938964844,0.0,-0.0,293.1074523925781,0.0,0.0,7.426337106153369e-05,296.55938720703125,303.1499938964844,285.1499938964844,0.0,-0.0,293.1074523925781,0.0,0.0,0.0001005465892376,296.9226989746094,303.1499938964844,285.1499938964844,0.0,-0.0,293.1075134277344,0.0,0.0,0.0004769497318193,293.0945739746094,294.1499938964844,285.341796875,285.341796875,286.125,285.3199768066406,292.8069152832031,0.0,0.0,0.0,0.0,1.0,1.0,-0.0010173448827117,7.89212517560145e-09,0.0010173369664698,-0.0197274144738912,0.0,0.0,0.0,-0.0087252864614129,60.0,-5.232149124145508,-0.0,-7.05659175537221e-08,0.0,293.1499938964844,293.1499938964844,293.1499938964844,293.1499938964844,293.1499938964844,293.1499938964844,278.1499938964844,0.0,18000.0,313.1499938964844,0.0,18000.0,0.0,0.0,0.0,0.0,0.0,0.0,0.0,0.0,0.0,0.0,-0.0,-0.0,0.0,0.0,0.0,0.0,0.0,-0.0,0.0,0.0,0.0,0.0,0.0,0.0,0.0,0.0,0.0,4.0,0.0,0.0
11847300,296.7011108398437,303.1499938964844,285.1499938964844,0.0,-0.0,293.1067810058594,0.0,0.0,9.533550473861396e-05,296.6836242675781,303.1499938964844,285.1499938964844,0.0,-0.0,293.1067810058594,0.0,0.0,0.000100392877357,296.5385131835937,303.1499938964844,285.1499938964844,0.0,-0.0,293.1067810058594,0.0,0.0,7.414983701892197e-05,296.55377197265625,303.1499938964844,285.1499938964844,0.0,-0.0,293.1067810058594,0.0,0.0,0.000100392877357,296.921875,303.1499938964844,285.1499938964844,0.0,-0.0,293.1068420410156,0.0,0.0,0.0004762205935548,293.09375,294.1499938964844,285.3442687988281,285.3442687988281,286.1179504394531,285.32342529296875,292.8048400878906,0.0,0.0,0.0,0.0,1.0,1.0,-0.0010157894575968,7.710262650562072e-09,0.0010157816577702,-0.0192511174827814,0.0,0.0,0.0,-0.0086351288482546,60.0,-5.219074249267578,-0.0,-7.035032467683777e-08,0.0,293.1499938964844,293.1499938964844,293.1499938964844,293.1499938964844,293.1499938964844,293.1499938964844,278.1499938964844,0.0,18000.0,313.1499938964844,0.0,18000.0,0.0,0.0,0.0,0.0,0.0,0.0,0.0,0.0,0.0,0.0,-0.0,-0.0,0.0,0.0,0.0,0.0,0.0,-0.0,0.0,0.0,0.0,0.0,0.0,0.0,0.0,0.0,0.0,4.0,0.0,0.0
11847360,296.7009582519531,303.1499938964844,285.1499938964844,0.0,-0.0,293.1061096191406,0.0,0.0,9.521099855192006e-05,296.6833190917969,303.1499938964844,285.1499938964844,0.0,-0.0,293.1061096191406,0.0,0.0,0.0001002617646008,296.5389709472656,303.1499938964844,285.1499938964844,0.0,-0.0,293.1061096191406,0.0,0.0,7.40530012990348e-05,296.5484619140625,303.1499938964844,285.1499938964844,0.0,-0.0,293.1061096191406,0.0,0.0,0.0001002617646008,296.9210510253906,303.1499938964844,285.1499938964844,0.0,-0.0,293.1061706542969,0.0,0.0,0.000475598644698,293.0928955078125,294.1499938964844,285.3462829589844,285.3462829589844,286.1109924316406,285.3266296386719,292.80279541015625,0.0,0.0,0.0,0.0,1.0,1.0,-0.0010144626721739,7.555139625026186e-09,0.001014455105178,-0.0188448391854763,0.0,0.0,0.0,-0.0085582267493009,60.0,-5.207509994506836,-0.0,-7.016669201220793e-08,0.0,293.1499938964844,293.1499938964844,293.1499938964844,293.1499938964844,293.1499938964844,293.1499938964844,278.1499938964844,0.0,18000.0,313.1499938964844,0.0,18000.0,0.0,0.0,0.0,0.0,0.0,0.0,0.0,0.0,0.0,0.0,-0.0,-0.0,0.0,0.0,0.0,0.0,0.0,-0.0,0.0,0.0,0.0,0.0,0.0,0.0,0.0,0.0,0.0,4.0,0.0,0.0
11847420,296.7003479003906,303.1499938964844,285.1499938964844,0.0,-0.0,293.1047668457031,0.0,0.0,9.503150067757816e-05,296.6824951171875,303.1499938964844,285.1499938964844,0.0,-0.0,293.1047668457031,0.0,0.0,0.000100072742498,296.53936767578125,303.1499938964844,285.1499938964844,0.0,-0.0,293.1047668457031,0.0,0.0,7.391339022433385e-05,296.53875732421875,303.1499938964844,285.1499938964844,0.0,-0.0,293.104736328125,0.0,0.0,0.000100072742498,296.9193725585937,303.1499938964844,285.1499938964844,0.0,-0.0,293.10479736328125,0.0,0.0,0.0004747020138893,293.0911865234375,294.1499938964844,285.3490600585937,285.3490600585937,286.0973205566406,285.3323059082031,292.7986755371094,0.0,0.0,0.0,0.0,1.0,1.0,-0.001012549852021,7.331501183927003e-09,0.0010125425178557,-0.0182591006159782,0.0,0.0,0.0,-0.0084473574534058,60.0,-5.189157485961914,-0.0,-6.990237721993253e-08,0.0,293.1499938964844,293.1499938964844,293.1499938964844,293.1499938964844,293.1499938964844,293.1499938964844,278.1499938964844,0.0,18000.0,313.1499938964844,0.0,18000.0,0.0,0.0,0.0,0.0,0.0,0.0,0.0,0.0,0.0,0.0,-0.0,-0.0,0.0,0.0,0.0,0.0,0.0,-0.0,0.0,0.0,0.0,0.0,0.0,0.0,0.0,0.0,0.0,4.0,0.0,0.0
11847480,296.7003479003906,303.1499938964844,285.1499938964844,0.0,-0.0,293.1047668457031,0.0,0.0,9.503150067757816e-05,296.6824951171875,303.1499938964844,285.1499938964844,0.0,-0.0,293.1047668457031,0.0,0.0,0.000100072742498,296.53936767578125,303.1499938964844,285.1499938964844,0.0,-0.0,293.1047668457031,0.0,0.0,7.391339022433385e-05,296.53875732421875,303.1499938964844,285.1499938964844,0.0,-0.0,293.104736328125,0.0,0.0,0.000100072742498,296.9193725585937,303.1499938964844,285.1499938964844,0.0,-0.0,293.10479736328125,0.0,0.0,0.0004747020138893,293.0911865234375,294.1499938964844,285.3490600585937,285.3490600585937,286.0973205566406,285.3323059082031,292.7986755371094,0.0,0.0,0.0,0.0,1.0,1.0,-0.001012549852021,7.331501183927003e-09,0.0010125425178557,-0.0182591006159782,0.0,0.0,0.0,-0.0084473574534058,60.0,-5.189157485961914,-0.0,-6.990237721993253e-08,0.0,293.1499938964844,293.1499938964844,293.1499938964844,293.1499938964844,293.1499938964844,293.1499938964844,278.1499938964844,0.0,18000.0,313.1499938964844,0.0,18000.0,0.0,0.0,0.0,0.0,0.0,0.0,0.0,0.0,0.0,0.0,-0.0,-0.0,0.0,0.0,0.0,0.0,0.0,-0.0,0.0,0.0,0.0,0.0,0.0,0.0,0.0,0.0,0.0,4.0,0.0,0.0
11847540,296.6993408203125,303.1499938964844,285.1499938964844,0.0,-0.0,293.1033935546875,0.0,0.0,9.49280001805164e-05,296.68133544921875,303.1499938964844,285.1499938964844,0.0,-0.0,293.1033935546875,0.0,0.0,9.996374865295364e-05,296.5389709472656,303.1499938964844,285.1499938964844,0.0,-0.0,293.1033935546875,0.0,0.0,7.383288902929053e-05,296.5304260253906,303.1499938964844,285.1499938964844,0.0,-0.0,293.1033630371094,0.0,0.0,9.996374865295364e-05,296.91766357421875,303.1499938964844,285.1499938964844,0.0,-0.0,293.1034240722656,0.0,0.0,0.000474185013445,293.0894775390625,294.1499938964844,285.3500061035156,285.3500061035156,286.0839233398437,285.3368225097656,292.7945861816406,0.0,0.0,0.0,0.0,1.0,1.0,-0.0010114467004314,7.2025465591707424e-09,0.0010114394826814,-0.0179213434457778,0.0,0.0,0.0,-0.0083834286779165,60.0,-5.176940441131592,-0.0,-6.975018607136009e-08,0.0,293.1499938964844,293.1499938964844,293.1499938964844,293.1499938964844,293.1499938964844,293.1499938964844,278.1499938964844,0.0,18000.0,313.1499938964844,0.0,18000.0,0.0,0.0,0.0,0.0,0.0,0.0,0.0,0.0,0.0,0.0,-0.0,-0.0,0.0,0.0,0.0,0.0,0.0,-0.0,0.0,0.0,0.0,0.0,0.0,0.0,0.0,0.0,0.0,4.0,0.0,0.0
11847600,296.6993408203125,303.1499938964844,285.1499938964844,0.0,-0.0,293.1033935546875,0.0,0.0,9.49280001805164e-05,296.68133544921875,303.1499938964844,285.1499938964844,0.0,-0.0,293.1033935546875,0.0,0.0,9.996374865295364e-05,296.5389709472656,303.1499938964844,285.1499938964844,0.0,-0.0,293.1033935546875,0.0,0.0,7.383288902929053e-05,296.5304260253906,303.1499938964844,285.1499938964844,0.0,-0.0,293.1033630371094,0.0,0.0,9.996374865295364e-05,296.91766357421875,303.1499938964844,285.1499938964844,0.0,-0.0,293.1034240722656,0.0,0.0,0.000474185013445,293.0894775390625,294.1499938964844,285.3500061035156,285.3500061035156,286.0839233398437,285.3368225097656,292.7945861816406,0.0,0.0,0.0,0.0,1.0,1.0,-0.0010114467004314,7.2025465591707424e-09,0.0010114394826814,-0.0179213434457778,0.0,0.0,0.0,-0.0083834286779165,60.0,-5.176940441131592,-0.0,-6.975018607136009e-08,0.0,293.1499938964844,293.1499938964844,293.1499938964844,293.1499938964844,293.1499938964844,293.1499938964844,278.1499938964844,0.0,18000.0,313.1499938964844,0.0,18000.0,0.0,0.0,0.0,0.0,0.0,0.0,0.0,0.0,0.0,0.0,-0.0,-0.0,0.0,0.0,0.0,0.0,0.0,-0.0,0.0,0.0,0.0,0.0,0.0,0.0,0.0,0.0,0.0,4.0,0.0,0.0
11847660,296.6983947753906,303.1499938964844,285.1499938964844,0.0,-0.0,293.1023864746094,0.0,0.0,9.48844026424922e-05,296.6802978515625,303.1499938964844,285.1499938964844,0.0,-0.0,293.1023864746094,0.0,0.0,9.99178519123234e-05,296.5382080078125,303.1499938964844,285.1499938964844,0.0,-0.0,293.1023864746094,0.0,0.0,7.379898306680843e-05,296.5252685546875,303.1499938964844,285.1499938964844,0.0,-0.0,293.10235595703125,0.0,0.0,9.99178519123234e-05,296.9164123535156,303.1499938964844,285.1499938964844,0.0,-0.0,293.1024169921875,0.0,0.0,0.0004739672585856,293.0882263183594,294.1499938964844,285.3500061035156,285.3500061035156,286.074462890625,285.3393249511719,292.7916564941406,0.0,0.0,0.0,0.0,1.0,1.0,-0.0010109823197126,7.148237113341338e-09,0.0010109751019626,-0.0177790950983762,0.0,0.0,0.0,-0.0083565050736069,60.0,-5.17122745513916,-0.0,-6.968614485458603e-08,0.0,293.1499938964844,293.1499938964844,293.1499938964844,293.1499938964844,293.1499938964844,293.1499938964844,278.1499938964844,0.0,18000.0,313.1499938964844,0.0,18000.0,0.0,0.0,0.0,0.0,0.0,0.0,0.0,0.0,0.0,0.0,-0.0,-0.0,0.0,0.0,0.0,0.0,0.0,-0.0,0.0,0.0,0.0,0.0,0.0,0.0,0.0,0.0,0.0,4.0,0.0,0.0
11847720,296.6979675292969,303.1499938964844,285.1499938964844,0.0,-0.0,293.1019897460937,0.0,0.0,9.486971976002678e-05,296.67987060546875,303.1499938964844,285.1499938964844,0.0,-0.0,293.1019897460937,0.0,0.0,9.990238322643565e-05,296.537841796875,303.1499938964844,285.1499938964844,0.0,-0.0,293.1019897460937,0.0,0.0,7.378755981335416e-05,296.5234069824219,303.1499938964844,285.1499938964844,0.0,-0.0,293.1019592285156,0.0,0.0,9.990238322643565e-05,296.9159240722656,303.1499938964844,285.1499938964844,0.0,-0.0,293.1020202636719,0.0,0.0,0.000473893887829,293.0877380371094,294.1499938964844,285.3500061035156,285.3500061035156,286.07080078125,285.3401794433594,292.79052734375,0.0,0.0,0.0,0.0,1.0,1.0,-0.0010108257411047,7.129939749717096e-09,0.0010108186397701,-0.0177311692386865,0.0,0.0,0.0,-0.0083474339917302,60.0,-5.169305801391602,-0.0,-6.966457277712834e-08,0.0,293.1499938964844,293.1499938964844,293.1499938964844,293.1499938964844,293.1499938964844,293.1499938964844,278.1499938964844,0.0,18000.0,313.1499938964844,0.0,18000.0,0.0,0.0,0.0,0.0,0.0,0.0,0.0,0.0,0.0,0.0,-0.0,-0.0,0.0,0.0,0.0,0.0,0.0,-0.0,0.0,0.0,0.0,0.0,0.0,0.0,0.0,0.0,0.0,4.0,0.0,0.0
11847780,296.6963806152344,303.1499938964844,285.1499938964844,0.0,-0.0,293.1005554199219,0.0,0.0,9.48277156567201e-05,296.67822265625,303.1499938964844,285.1499938964844,0.0,-0.0,293.1005554199219,0.0,0.0,9.98581454041414e-05,296.5363464355469,303.1499938964844,285.1499938964844,0.0,-0.0,293.1005554199219,0.0,0.0,7.375489076366648e-05,296.5174255371094,303.1499938964844,285.1499938964844,0.0,-0.0,293.1005554199219,0.0,0.0,9.98581454041414e-05,296.9141845703125,303.1499938964844,285.1499938964844,0.0,-0.0,293.1005859375,0.0,0.0,0.0004736840492114,293.0859680175781,294.1499938964844,285.3500061035156,285.3500061035156,286.05792236328125,285.3426208496094,292.7864685058594,0.0,0.0,0.0,0.0,1.0,1.0,-0.0010103781241923,7.077603392247056e-09,0.0010103710228577,-0.0175940878689289,0.0,0.0,0.0,-0.008321488276124,60.0,-5.163567066192627,-0.0,-6.960289766766439e-08,0.0,293.1499938964844,293.1499938964844,293.1499938964844,293.1499938964844,293.1499938964844,293.1499938964844,278.1499938964844,0.0,18000.0,313.1499938964844,0.0,18000.0,0.0,0.0,0.0,0.0,0.0,0.0,0.0,0.0,0.0,0.0,-0.0,-0.0,0.0,0.0,0.0,0.0,0.0,-0.0,0.0,0.0,0.0,0.0,0.0,0.0,0.0,0.0,0.0,4.0,0.0,0.0
11847840,296.6963806152344,303.1499938964844,285.1499938964844,0.0,-0.0,293.1005554199219,0.0,0.0,9.48277156567201e-05,296.67822265625,303.1499938964844,285.1499938964844,0.0,-0.0,293.1005554199219,0.0,0.0,9.98581454041414e-05,296.5363464355469,303.1499938964844,285.1499938964844,0.0,-0.0,293.1005554199219,0.0,0.0,7.375489076366648e-05,296.5174255371094,303.1499938964844,285.1499938964844,0.0,-0.0,293.1005554199219,0.0,0.0,9.98581454041414e-05,296.9141845703125,303.1499938964844,285.1499938964844,0.0,-0.0,293.1005859375,0.0,0.0,0.0004736840492114,293.0859680175781,294.1499938964844,285.3500061035156,285.3500061035156,286.05792236328125,285.3426208496094,292.7864685058594,0.0,0.0,0.0,0.0,1.0,1.0,-0.0010103781241923,7.077603392247056e-09,0.0010103710228577,-0.0175940878689289,0.0,0.0,0.0,-0.008321488276124,60.0,-5.163567066192627,-0.0,-6.960289766766439e-08,0.0,293.1499938964844,293.1499938964844,293.1499938964844,293.1499938964844,293.1499938964844,293.1499938964844,278.1499938964844,0.0,18000.0,313.1499938964844,0.0,18000.0,0.0,0.0,0.0,0.0,0.0,0.0,0.0,0.0,0.0,0.0,-0.0,-0.0,0.0,0.0,0.0,0.0,0.0,-0.0,0.0,0.0,0.0,0.0,0.0,0.0,0.0,0.0,0.0,4.0,0.0,0.0
11847900,296.695556640625,303.1499938964844,285.1499938964844,0.0,-0.0,293.099853515625,0.0,0.0,9.481170127401128e-05,296.6773376464844,303.1499938964844,285.1499938964844,0.0,-0.0,293.099853515625,0.0,0.0,9.984128701034932e-05,296.5355224609375,303.1499938964844,285.1499938964844,0.0,-0.0,293.099853515625,0.0,0.0,7.3742434324231e-05,296.51483154296875,303.1499938964844,285.1499938964844,0.0,-0.0,293.0998229980469,0.0,0.0,9.984128701034932e-05,296.9133605957031,303.1499938964844,285.1499938964844,0.0,-0.0,293.0998840332031,0.0,0.0,0.0004736040718853,293.0850830078125,294.1499938964844,285.3500061035156,285.3500061035156,286.05157470703125,285.3435974121094,292.7844543457031,0.0,0.0,0.0,0.0,1.0,1.0,-0.0010102075757458,7.0576535726729625e-09,0.0010102004744112,-0.0175418332219123,0.0,0.0,0.0,-0.0083115976303815,60.0,-5.16107988357544,-0.0,-6.957939291396542e-08,0.0,293.1499938964844,293.1499938964844,293.1499938964844,293.1499938964844,293.1499938964844,293.1499938964844,278.1499938964844,0.0,18000.0,313.1499938964844,0.0,18000.0,0.0,0.0,0.0,0.0,0.0,0.0,0.0,0.0,0.0,0.0,-0.0,-0.0,0.0,0.0,0.0,0.0,0.0,-0.0,0.0,0.0,0.0,0.0,0.0,0.0,0.0,0.0,0.0,4.0,0.0,0.0
11847960,296.6946716308594,303.1499938964844,285.1499938964844,0.0,-0.0,293.09912109375,0.0,0.0,9.479786240262912e-05,296.67645263671875,303.1499938964844,285.1499938964844,0.0,-0.0,293.09912109375,0.0,0.0,9.982672054320574e-05,296.5346984863281,303.1499938964844,285.1499938964844,0.0,-0.0,293.09912109375,0.0,0.0,7.373167318291962e-05,296.5124206542969,303.1499938964844,285.1499938964844,0.0,-0.0,293.09912109375,0.0,0.0,9.982672054320574e-05,296.9125061035156,303.1499938964844,285.1499938964844,0.0,-0.0,293.0991516113281,0.0,0.0,0.0004735349793918,293.08416748046875,294.1499938964844,285.3500061035156,285.3500061035156,286.0452880859375,285.3444519042969,292.7824401855469,0.0,0.0,0.0,0.0,1.0,1.0,-0.0010100600775331,7.040417582260261e-09,0.0010100529761984,-0.0174966864287853,0.0,0.0,0.0,-0.0083030527457594,60.0,-5.158751964569092,-0.0,-6.95590856025774e-08,0.0,293.1499938964844,293.1499938964844,293.1499938964844,293.1499938964844,293.1499938964844,293.1499938964844,278.1499938964844,0.0,18000.0,313.1499938964844,0.0,18000.0,0.0,0.0,0.0,0.0,0.0,0.0,0.0,0.0,0.0,0.0,-0.0,-0.0,0.0,0.0,0.0,0.0,0.0,-0.0,0.0,0.0,0.0,0.0,0.0,0.0,0.0,0.0,0.0,4.0,0.0,0.0
11848020,296.6928405761719,303.1499938964844,285.1499938964844,0.0,-0.0,293.09765625,0.0,0.0,9.477712592342868e-05,296.6745910644531,303.1499938964844,285.1499938964844,0.0,-0.0,293.09765625,0.0,0.0,9.980487811844796e-05,296.53302001953125,303.1499938964844,285.1499938964844,0.0,-0.0,293.09765625,0.0,0.0,7.371554238488898e-05,296.5081787109375,303.1499938964844,285.1499938964844,0.0,-0.0,293.09765625,0.0,0.0,9.980487811844796e-05,296.9108581542969,303.1499938964844,285.1499938964844,0.0,-0.0,293.09771728515625,0.0,0.0,0.0004734313697554,293.0823669433594,294.1499938964844,285.3500061035156,285.3500061035156,286.03289794921875,285.3458251953125,292.7784423828125,0.0,0.0,0.0,0.0,1.0,1.0,-0.0010098391212522,7.014579139763555e-09,0.0010098321363329,-0.0174290090799331,0.0,0.0,0.0,-0.0082902442663908,60.0,-5.154541015625,-0.0,-6.952865305720479e-08,0.0,293.1499938964844,293.1499938964844,293.1499938964844,293.1499938964844,293.1499938964844,293.1499938964844,278.1499938964844,0.0,18000.0,313.1499938964844,0.0,18000.0,0.0,0.0,0.0,0.0,0.0,0.0,0.0,0.0,0.0,0.0,-0.0,-0.0,0.0,0.0,0.0,0.0,0.0,-0.0,0.0,0.0,0.0,0.0,0.0,0.0,0.0,0.0,0.0,4.0,0.0,0.0
11848080,296.6928405761719,303.1499938964844,285.1499938964844,0.0,-0.0,293.09765625,0.0,0.0,9.477712592342868e-05,296.6745910644531,303.1499938964844,285.1499938964844,0.0,-0.0,293.09765625,0.0,0.0,9.980487811844796e-05,296.53302001953125,303.1499938964844,285.1499938964844,0.0,-0.0,293.09765625,0.0,0.0,7.371554238488898e-05,296.5081787109375,303.1499938964844,285.1499938964844,0.0,-0.0,293.09765625,0.0,0.0,9.980487811844796e-05,296.9108581542969,303.1499938964844,285.1499938964844,0.0,-0.0,293.09771728515625,0.0,0.0,0.0004734313697554,293.0823669433594,294.1499938964844,285.3500061035156,285.3500061035156,286.03289794921875,285.3458251953125,292.7784423828125,0.0,0.0,0.0,0.0,1.0,1.0,-0.0010098391212522,7.014579139763555e-09,0.0010098321363329,-0.0174290090799331,0.0,0.0,0.0,-0.0082902442663908,60.0,-5.154541015625,-0.0,-6.952865305720479e-08,0.0,293.1499938964844,293.1499938964844,293.1499938964844,293.1499938964844,293.1499938964844,293.1499938964844,278.1499938964844,0.0,18000.0,313.1499938964844,0.0,18000.0,0.0,0.0,0.0,0.0,0.0,0.0,0.0,0.0,0.0,0.0,-0.0,-0.0,0.0,0.0,0.0,0.0,0.0,-0.0,0.0,0.0,0.0,0.0,0.0,0.0,0.0,0.0,0.0,4.0,0.0,0.0
11848140,296.6910095214844,303.1499938964844,285.1499938964844,0.0,-0.0,293.09619140625,0.0,0.0,9.476330160396174e-05,296.67266845703125,303.1499938964844,285.1499938964844,0.0,-0.0,293.09619140625,0.0,0.0,9.979031892726198e-05,296.5314025878906,303.1499938964844,285.1499938964844,0.0,-0.0,293.09619140625,0.0,0.0,7.370478851953521e-05,296.50469970703125,303.1499938964844,285.1499938964844,0.0,-0.0,293.09619140625,0.0,0.0,9.979031892726198e-05,296.9093017578125,303.1499938964844,285.1499938964844,0.0,-0.0,293.0962219238281,0.0,0.0,0.0004733623063657,293.0805358886719,294.1499938964844,285.3500061035156,285.3500061035156,286.0207214355469,285.3468322753906,292.7744445800781,0.0,0.0,0.0,0.0,1.0,1.0,-0.0010096917394548,6.997351587045841e-09,0.0010096847545355,-0.0173838846385478,0.0,0.0,0.0,-0.008281703107059,60.0,-5.150793075561523,-0.0,-6.950836706209884e-08,0.0,293.1499938964844,293.1499938964844,293.1499938964844,293.1499938964844,293.1499938964844,293.1499938964844,278.1499938964844,0.0,18000.0,313.1499938964844,0.0,18000.0,0.0,0.0,0.0,0.0,0.0,0.0,0.0,0.0,0.0,0.0,-0.0,-0.0,0.0,0.0,0.0,0.0,0.0,-0.0,0.0,0.0,0.0,0.0,0.0,0.0,0.0,0.0,0.0,4.0,0.0,0.0
11848200,296.6910095214844,303.1499938964844,285.1499938964844,0.0,-0.0,293.09619140625,0.0,0.0,9.476330160396174e-05,296.67266845703125,303.1499938964844,285.1499938964844,0.0,-0.0,293.09619140625,0.0,0.0,9.979031892726198e-05,296.5314025878906,303.1499938964844,285.1499938964844,0.0,-0.0,293.09619140625,0.0,0.0,7.370478851953521e-05,296.50469970703125,303.1499938964844,285.1499938964844,0.0,-0.0,293.09619140625,0.0,0.0,9.979031892726198e-05,296.9093017578125,303.1499938964844,285.1499938964844,0.0,-0.0,293.0962219238281,0.0,0.0,0.0004733623063657,293.0805358886719,294.1499938964844,285.3500061035156,285.3500061035156,286.0207214355469,285.3468322753906,292.7744445800781,0.0,0.0,0.0,0.0,1.0,1.0,-0.0010096917394548,6.997351587045841e-09,0.0010096847545355,-0.0173838846385478,0.0,0.0,0.0,-0.008281703107059,60.0,-5.150793075561523,-0.0,-6.950836706209884e-08,0.0,293.1499938964844,293.1499938964844,293.1499938964844,293.1499938964844,293.1499938964844,293.1499938964844,278.1499938964844,0.0,18000.0,313.1499938964844,0.0,18000.0,0.0,0.0,0.0,0.0,0.0,0.0,0.0,0.0,0.0,0.0,-0.0,-0.0,0.0,0.0,0.0,0.0,0.0,-0.0,0.0,0.0,0.0,0.0,0.0,0.0,0.0,0.0,0.0,4.0,0.0,0.0
11848260,296.68914794921875,303.1499938964844,285.1499938964844,0.0,-0.0,293.0946960449219,0.0,0.0,9.475541446590796e-05,296.67071533203125,303.1499938964844,285.1499938964844,0.0,-0.0,293.0946960449219,0.0,0.0,9.97820170596242e-05,296.52984619140625,303.1499938964844,285.1499938964844,0.0,-0.0,293.0946960449219,0.0,0.0,7.369865488726646e-05,296.501953125,303.1499938964844,285.1499938964844,0.0,-0.0,293.0946655273437,0.0,0.0,9.97820170596242e-05,296.9078063964844,303.1499938964844,285.1499938964844,0.0,-0.0,293.0947265625,0.0,0.0,0.0004733229288831,293.07867431640625,294.1499938964844,285.3500061035156,285.3500061035156,286.0087585449219,285.3476257324219,292.7704772949219,0.0,0.0,0.0,0.0,1.0,1.0,-0.0010096078040078,6.9875323305268475e-09,0.0010096008190885,-0.0173581652343273,0.0,0.0,0.0,-0.0082768350839614,60.0,-5.147428035736084,-0.0,-6.949680653178802e-08,0.0,293.1499938964844,293.1499938964844,293.1499938964844,293.1499938964844,293.1499938964844,293.1499938964844,278.1499938964844,0.0,18000.0,313.1499938964844,0.0,18000.0,0.0,0.0,0.0,0.0,0.0,0.0,0.0,0.0,0.0,0.0,-0.0,-0.0,0.0,0.0,0.0,0.0,0.0,-0.0,0.0,0.0,0.0,0.0,0.0,0.0,0.0,0.0,0.0,4.0,0.0,0.0
11848320,296.68914794921875,303.1499938964844,285.1499938964844,0.0,-0.0,293.0946960449219,0.0,0.0,9.475541446590796e-05,296.67071533203125,303.1499938964844,285.1499938964844,0.0,-0.0,293.0946960449219,0.0,0.0,9.97820170596242e-05,296.52984619140625,303.1499938964844,285.1499938964844,0.0,-0.0,293.0946960449219,0.0,0.0,7.369865488726646e-05,296.501953125,303.1499938964844,285.1499938964844,0.0,-0.0,293.0946655273437,0.0,0.0,9.97820170596242e-05,296.9078063964844,303.1499938964844,285.1499938964844,0.0,-0.0,293.0947265625,0.0,0.0,0.0004733229288831,293.07867431640625,294.1499938964844,285.3500061035156,285.3500061035156,286.0087585449219,285.3476257324219,292.7704772949219,0.0,0.0,0.0,0.0,1.0,1.0,-0.0010096078040078,6.9875323305268475e-09,0.0010096008190885,-0.0173581652343273,0.0,0.0,0.0,-0.0082768350839614,60.0,-5.147428035736084,-0.0,-6.949680653178802e-08,0.0,293.1499938964844,293.1499938964844,293.1499938964844,293.1499938964844,293.1499938964844,293.1499938964844,278.1499938964844,0.0,18000.0,313.1499938964844,0.0,18000.0,0.0,0.0,0.0,0.0,0.0,0.0,0.0,0.0,0.0,0.0,-0.0,-0.0,0.0,0.0,0.0,0.0,0.0,-0.0,0.0,0.0,0.0,0.0,0.0,0.0,0.0,0.0,0.0,4.0,0.0,0.0
11848380,296.6872863769531,303.1499938964844,285.1499938964844,0.0,-0.0,293.0931701660156,0.0,0.0,9.475253318669274e-05,296.6687927246094,303.1499938964844,285.1499938964844,0.0,-0.0,293.0931701660156,0.0,0.0,9.977897570934148e-05,296.52838134765625,303.1499938964844,285.1499938964844,0.0,-0.0,293.0931701660156,0.0,0.0,7.369641389232129e-05,296.4997863769531,303.1499938964844,285.1499938964844,0.0,-0.0,293.0931701660156,0.0,0.0,9.977897570934148e-05,296.90643310546875,303.1499938964844,285.1499938964844,0.0,-0.0,293.0932006835937,0.0,0.0,0.000473308522487,293.0768127441406,294.1499938964844,285.3500061035156,285.3500061035156,285.9970092773437,285.34820556640625,292.7665100097656,0.0,0.0,0.0,0.0,1.0,1.0,-0.0010095770703628,6.98393787246232e-09,0.0010095700854435,-0.0173487495630979,0.0,0.0,0.0,-0.0082750534638762,60.0,-5.144362926483154,-0.0,-6.949257880251025e-08,0.0,293.1499938964844,293.1499938964844,293.1499938964844,293.1499938964844,293.1499938964844,293.1499938964844,278.1499938964844,0.0,18000.0,313.1499938964844,0.0,18000.0,0.0,0.0,0.0,0.0,0.0,0.0,0.0,0.0,0.0,0.0,-0.0,-0.0,0.0,0.0,0.0,0.0,0.0,-0.0,0.0,0.0,0.0,0.0,0.0,0.0,0.0,0.0,0.0,4.0,0.0,0.0
11848440,296.6872863769531,303.1499938964844,285.1499938964844,0.0,-0.0,293.0931701660156,0.0,0.0,9.475253318669274e-05,296.6687927246094,303.1499938964844,285.1499938964844,0.0,-0.0,293.0931701660156,0.0,0.0,9.977897570934148e-05,296.52838134765625,303.1499938964844,285.1499938964844,0.0,-0.0,293.0931701660156,0.0,0.0,7.369641389232129e-05,296.4997863769531,303.1499938964844,285.1499938964844,0.0,-0.0,293.0931701660156,0.0,0.0,9.977897570934148e-05,296.90643310546875,303.1499938964844,285.1499938964844,0.0,-0.0,293.0932006835937,0.0,0.0,0.000473308522487,293.0768127441406,294.1499938964844,285.3500061035156,285.3500061035156,285.9970092773437,285.34820556640625,292.7665100097656,0.0,0.0,0.0,0.0,1.0,1.0,-0.0010095770703628,6.98393787246232e-09,0.0010095700854435,-0.0173487495630979,0.0,0.0,0.0,-0.0082750534638762,60.0,-5.144362926483154,-0.0,-6.949257880251025e-08,0.0,293.1499938964844,293.1499938964844,293.1499938964844,293.1499938964844,293.1499938964844,293.1499938964844,278.1499938964844,0.0,18000.0,313.1499938964844,0.0,18000.0,0.0,0.0,0.0,0.0,0.0,0.0,0.0,0.0,0.0,0.0,-0.0,-0.0,0.0,0.0,0.0,0.0,0.0,-0.0,0.0,0.0,0.0,0.0,0.0,0.0,0.0,0.0,0.0,4.0,0.0,0.0
11848500,296.6863708496094,303.1499938964844,285.1499938964844,0.0,-0.0,293.0924072265625,0.0,0.0,9.475303522776812e-05,296.6678161621094,303.1499938964844,285.1499938964844,0.0,-0.0,293.0924072265625,0.0,0.0,9.97795068542473e-05,296.5277099609375,303.1499938964844,285.1499938964844,0.0,-0.0,293.0924072265625,0.0,0.0,7.369680679403245e-05,296.4989318847656,303.1499938964844,285.1499938964844,0.0,-0.0,293.0924072265625,0.0,0.0,9.97795068542473e-05,296.90576171875,303.1499938964844,285.1499938964844,0.0,-0.0,293.0924377441406,0.0,0.0,0.0004733110254164,293.07586669921875,294.1499938964844,285.3500061035156,285.3500061035156,285.9911804199219,285.34844970703125,292.7645568847656,0.0,0.0,0.0,0.0,1.0,1.0,-0.0010095823090523,6.984562705980579e-09,0.001009575324133,-0.0173503868281841,0.0,0.0,0.0,-0.0082753635942935,60.0,-5.142933368682861,-0.0,-6.949331066152808e-08,0.0,293.1499938964844,293.1499938964844,293.1499938964844,293.1499938964844,293.1499938964844,293.1499938964844,278.1499938964844,0.0,18000.0,313.1499938964844,0.0,18000.0,0.0,0.0,0.0,0.0,0.0,0.0,0.0,0.0,0.0,0.0,-0.0,-0.0,0.0,0.0,0.0,0.0,0.0,-0.0,0.0,0.0,0.0,0.0,0.0,0.0,0.0,0.0,0.0,4.0,0.0,0.0
11848560,296.6854553222656,303.1499938964844,285.1499938964844,0.0,-0.0,293.0916442871094,0.0,0.0,9.475478873355314e-05,296.6668701171875,303.1499938964844,285.1499938964844,0.0,-0.0,293.0916442871094,0.0,0.0,9.97813549474813e-05,296.52703857421875,303.1499938964844,285.1499938964844,0.0,-0.0,293.0916442871094,0.0,0.0,7.369816739810631e-05,296.4981994628906,303.1499938964844,285.1499938964844,0.0,-0.0,293.09161376953125,0.0,0.0,9.97813549474813e-05,296.9051208496094,303.1499938964844,285.1499938964844,0.0,-0.0,293.0916748046875,0.0,0.0,0.0004733197856694,293.0749206542969,294.1499938964844,285.3500061035156,285.3500061035156,285.98541259765625,285.3486633300781,292.7625732421875,0.0,0.0,0.0,0.0,1.0,1.0,-0.0010096010519191,6.986745848536202e-09,0.0010095940669998,-0.0173561051487922,0.0,0.0,0.0,-0.0082764457911252,60.0,-5.141582012176514,-0.0,-6.949588282623155e-08,0.0,293.1499938964844,293.1499938964844,293.1499938964844,293.1499938964844,293.1499938964844,293.1499938964844,278.1499938964844,0.0,18000.0,313.1499938964844,0.0,18000.0,0.0,0.0,0.0,0.0,0.0,0.0,0.0,0.0,0.0,0.0,-0.0,-0.0,0.0,0.0,0.0,0.0,0.0,-0.0,0.0,0.0,0.0,0.0,0.0,0.0,0.0,0.0,0.0,4.0,0.0,0.0
11848620,296.68365478515625,303.1499938964844,285.1499938964844,0.0,-0.0,293.090087890625,0.0,0.0,9.47620501392521e-05,296.6649780273437,303.1499938964844,285.1499938964844,0.0,-0.0,293.090087890625,0.0,0.0,9.97890019789338e-05,296.5258178710937,303.1499938964844,285.1499938964844,0.0,-0.0,293.090087890625,0.0,0.0,7.370382081717253e-05,296.4971923828125,303.1499938964844,285.1499938964844,0.0,-0.0,293.0900573730469,0.0,0.0,9.97890019789338e-05,296.9039306640625,303.1499938964844,285.1499938964844,0.0,-0.0,293.0901184082031,0.0,0.0,0.000473356078146,293.072998046875,294.1499938964844,285.3500061035156,285.3500061035156,285.9740600585937,285.3489990234375,292.7586669921875,0.0,0.0,0.0,0.0,1.0,1.0,-0.0010096783516928,6.995797274811366e-09,0.0010096713667735,-0.0173798128962516,0.0,0.0,0.0,-0.0082809329032897,60.0,-5.139099597930908,-0.0,-6.950654096726795e-08,0.0,293.1499938964844,293.1499938964844,293.1499938964844,293.1499938964844,293.1499938964844,293.1499938964844,278.1499938964844,0.0,18000.0,313.1499938964844,0.0,18000.0,0.0,0.0,0.0,0.0,0.0,0.0,0.0,0.0,0.0,0.0,-0.0,-0.0,0.0,0.0,0.0,0.0,0.0,-0.0,0.0,0.0,0.0,0.0,0.0,0.0,0.0,0.0,0.0,4.0,0.0,0.0
11848680,296.68365478515625,303.1499938964844,285.1499938964844,0.0,-0.0,293.090087890625,0.0,0.0,9.47620501392521e-05,296.6649780273437,303.1499938964844,285.1499938964844,0.0,-0.0,293.090087890625,0.0,0.0,9.97890019789338e-05,296.5258178710937,303.1499938964844,285.1499938964844,0.0,-0.0,293.090087890625,0.0,0.0,7.370382081717253e-05,296.4971923828125,303.1499938964844,285.1499938964844,0.0,-0.0,293.0900573730469,0.0,0.0,9.97890019789338e-05,296.9039306640625,303.1499938964844,285.1499938964844,0.0,-0.0,293.0901184082031,0.0,0.0,0.000473356078146,293.072998046875,294.1499938964844,285.3500061035156,285.3500061035156,285.9740600585937,285.3489990234375,292.7586669921875,0.0,0.0,0.0,0.0,1.0,1.0,-0.0010096783516928,6.995797274811366e-09,0.0010096713667735,-0.0173798128962516,0.0,0.0,0.0,-0.0082809329032897,60.0,-5.139099597930908,-0.0,-6.950654096726795e-08,0.0,293.1499938964844,293.1499938964844,293.1499938964844,293.1499938964844,293.1499938964844,293.1499938964844,278.1499938964844,0.0,18000.0,313.1499938964844,0.0,18000.0,0.0,0.0,0.0,0.0,0.0,0.0,0.0,0.0,0.0,0.0,-0.0,-0.0,0.0,0.0,0.0,0.0,0.0,-0.0,0.0,0.0,0.0,0.0,0.0,0.0,0.0,0.0,0.0,4.0,0.0,0.0
11848740,296.681884765625,303.1499938964844,285.1499938964844,0.0,-0.0,293.0885009765625,0.0,0.0,9.477427374804392e-05,296.6631164550781,303.1499938964844,285.1499938964844,0.0,-0.0,293.0885009765625,0.0,0.0,9.980188042391092e-05,296.52471923828125,303.1499938964844,285.1499938964844,0.0,-0.0,293.0885009765625,0.0,0.0,7.371332321781665e-05,296.4967041015625,303.1499938964844,285.1499938964844,0.0,-0.0,293.0885009765625,0.0,0.0,9.980188042391092e-05,296.9028625488281,303.1499938964844,285.1499938964844,0.0,-0.0,293.0885314941406,0.0,0.0,0.0004734171379823,293.071044921875,294.1499938964844,285.3500061035156,285.3500061035156,285.962890625,285.3492431640625,292.7547607421875,0.0,0.0,0.0,0.0,1.0,1.0,-0.0010098086204379,7.011029978798433e-09,0.0010098016355186,-0.0174197126179933,0.0,0.0,0.0,-0.0082884840667247,60.0,-5.136901378631592,-0.0,-6.952447506591852e-08,0.0,293.1499938964844,293.1499938964844,293.1499938964844,293.1499938964844,293.1499938964844,293.1499938964844,278.1499938964844,0.0,18000.0,313.1499938964844,0.0,18000.0,0.0,0.0,0.0,0.0,0.0,0.0,0.0,0.0,0.0,0.0,-0.0,-0.0,0.0,0.0,0.0,0.0,0.0,-0.0,0.0,0.0,0.0,0.0,0.0,0.0,0.0,0.0,0.0,4.0,0.0,0.0
11848800,296.681884765625,303.1499938964844,285.1499938964844,0.0,-0.0,293.0885009765625,0.0,0.0,9.477427374804392e-05,296.6631164550781,303.1499938964844,285.1499938964844,0.0,-0.0,293.0885009765625,0.0,0.0,9.980188042391092e-05,296.52471923828125,303.1499938964844,285.1499938964844,0.0,-0.0,293.0885009765625,0.0,0.0,7.371332321781665e-05,296.4967041015625,303.1499938964844,285.1499938964844,0.0,-0.0,293.0885009765625,0.0,0.0,9.980188042391092e-05,296.9028625488281,303.1499938964844,285.1499938964844,0.0,-0.0,293.0885314941406,0.0,0.0,0.0004734171379823,293.071044921875,294.1499938964844,285.3500061035156,285.3500061035156,285.962890625,285.3492431640625,292.7547607421875,0.0,0.0,0.0,0.0,1.0,1.0,-0.0010098086204379,7.011029978798433e-09,0.0010098016355186,-0.0174197126179933,0.0,0.0,0.0,-0.0082884840667247,60.0,-5.136901378631592,-0.0,-6.952447506591852e-08,0.0,293.1499938964844,293.1499938964844,293.1499938964844,293.1499938964844,293.1499938964844,293.1499938964844,278.1499938964844,0.0,18000.0,313.1499938964844,0.0,18000.0,0.0,0.0,0.0,0.0,0.0,0.0,0.0,0.0,0.0,0.0,-0.0,-0.0,0.0,0.0,0.0,0.0,0.0,-0.0,0.0,0.0,0.0,0.0,0.0,0.0,0.0,0.0,0.0,4.0,0.0,0.0
11848860,296.6805114746094,303.1499938964844,285.1499938964844,0.0,-0.0,293.08721923828125,0.0,0.0,9.478746505919844e-05,296.66168212890625,303.1499938964844,285.1499938964844,0.0,-0.0,293.08721923828125,0.0,0.0,9.981576295103878e-05,296.5239562988281,303.1499938964844,285.1499938964844,0.0,-0.0,293.08721923828125,0.0,0.0,7.372358231805265e-05,296.4967041015625,303.1499938964844,285.1499938964844,0.0,-0.0,293.08721923828125,0.0,0.0,9.981576295103878e-05,296.9020690917969,303.1499938964844,285.1499938964844,0.0,-0.0,293.0872497558594,0.0,0.0,0.0004734829999506,293.0694885253906,294.1499938964844,285.3500061035156,285.3500061035156,285.9541320800781,285.3493957519531,292.75164794921875,0.0,0.0,0.0,0.0,1.0,1.0,-0.0010099491337314,7.027459503206046e-09,0.0010099421488121,-0.0174627471715211,0.0,0.0,0.0,-0.0082966284826397,60.0,-5.135342597961426,-0.0,-6.954382314461327e-08,0.0,293.1499938964844,293.1499938964844,293.1499938964844,293.1499938964844,293.1499938964844,293.1499938964844,278.1499938964844,0.0,18000.0,313.1499938964844,0.0,18000.0,0.0,0.0,0.0,0.0,0.0,0.0,0.0,0.0,0.0,0.0,-0.0,-0.0,0.0,0.0,0.0,0.0,0.0,-0.0,0.0,0.0,0.0,0.0,0.0,0.0,0.0,0.0,0.0,4.0,0.0,0.0
11848920,296.68017578125,303.1499938964844,285.1499938964844,0.0,-0.0,293.0869140625,0.0,0.0,9.479120490141212e-05,296.66131591796875,303.1499938964844,285.1499938964844,0.0,-0.0,293.0869140625,0.0,0.0,9.981969924410804e-05,296.5237731933594,303.1499938964844,285.1499938964844,0.0,-0.0,293.0869140625,0.0,0.0,7.372649270109832e-05,296.4967346191406,303.1499938964844,285.1499938964844,0.0,-0.0,293.0869140625,0.0,0.0,9.981969924410804e-05,296.9018859863281,303.1499938964844,285.1499938964844,0.0,-0.0,293.0869445800781,0.0,0.0,0.0004735016846098,293.069091796875,294.1499938964844,285.3500061035156,285.3500061035156,285.9519348144531,285.34942626953125,292.7508544921875,0.0,0.0,0.0,0.0,1.0,1.0,-0.0010099889477714,7.032117554928163e-09,0.0010099819628521,-0.0174749474972486,0.0,0.0,0.0,-0.0082989381626248,60.0,-5.1349778175354,-0.0,-6.95493156399607e-08,0.0,293.1499938964844,293.1499938964844,293.1499938964844,293.1499938964844,293.1499938964844,293.1499938964844,278.1499938964844,0.0,18000.0,313.1499938964844,0.0,18000.0,0.0,0.0,0.0,0.0,0.0,0.0,0.0,0.0,0.0,0.0,-0.0,-0.0,0.0,0.0,0.0,0.0,0.0,-0.0,0.0,0.0,0.0,0.0,0.0,0.0,0.0,0.0,0.0,4.0,0.0,0.0
11848980,296.67852783203125,303.1499938964844,285.1499938964844,0.0,-0.0,293.0852966308594,0.0,0.0,9.481223241891712e-05,296.6595764160156,303.1499938964844,285.1499938964844,0.0,-0.0,293.0852966308594,0.0,0.0,9.984184725908564e-05,296.52301025390625,303.1499938964844,285.1499938964844,0.0,-0.0,293.0852966308594,0.0,0.0,7.374284905381501e-05,296.4971923828125,303.1499938964844,285.1499938964844,0.0,-0.0,293.0852966308594,0.0,0.0,9.984184725908564e-05,296.9010314941406,303.1499938964844,285.1499938964844,0.0,-0.0,293.0853271484375,0.0,0.0,0.0004736067494377,293.0671081542969,294.1499938964844,285.3500061035156,285.3500061035156,285.9411926269531,285.3495788574219,292.7469787597656,0.0,0.0,0.0,0.0,1.0,1.0,-0.001010213047266,7.058321482844576e-09,0.0010102060623466,-0.0175435822457075,0.0,0.0,0.0,-0.0083119282498955,60.0,-5.133304119110107,-0.0,-6.958018161640211e-08,0.0,293.1499938964844,293.1499938964844,293.1499938964844,293.1499938964844,293.1499938964844,293.1499938964844,278.1499938964844,0.0,18000.0,313.1499938964844,0.0,18000.0,0.0,0.0,0.0,0.0,0.0,0.0,0.0,0.0,0.0,0.0,-0.0,-0.0,0.0,0.0,0.0,0.0,0.0,-0.0,0.0,0.0,0.0,0.0,0.0,0.0,0.0,0.0,0.0,4.0,0.0,0.0
11849040,296.67852783203125,303.1499938964844,285.1499938964844,0.0,-0.0,293.0852966308594,0.0,0.0,9.481223241891712e-05,296.6595764160156,303.1499938964844,285.1499938964844,0.0,-0.0,293.0852966308594,0.0,0.0,9.984184725908564e-05,296.52301025390625,303.1499938964844,285.1499938964844,0.0,-0.0,293.0852966308594,0.0,0.0,7.374284905381501e-05,296.4971923828125,303.1499938964844,285.1499938964844,0.0,-0.0,293.0852966308594,0.0,0.0,9.984184725908564e-05,296.9010314941406,303.1499938964844,285.1499938964844,0.0,-0.0,293.0853271484375,0.0,0.0,0.0004736067494377,293.0671081542969,294.1499938964844,285.3500061035156,285.3500061035156,285.9411926269531,285.3495788574219,292.7469787597656,0.0,0.0,0.0,0.0,1.0,1.0,-0.001010213047266,7.058321482844576e-09,0.0010102060623466,-0.0175435822457075,0.0,0.0,0.0,-0.0083119282498955,60.0,-5.133304119110107,-0.0,-6.958018161640211e-08,0.0,293.1499938964844,293.1499938964844,293.1499938964844,293.1499938964844,293.1499938964844,293.1499938964844,278.1499938964844,0.0,18000.0,313.1499938964844,0.0,18000.0,0.0,0.0,0.0,0.0,0.0,0.0,0.0,0.0,0.0,0.0,-0.0,-0.0,0.0,0.0,0.0,0.0,0.0,-0.0,0.0,0.0,0.0,0.0,0.0,0.0,0.0,0.0,0.0,4.0,0.0,0.0
11849100,296.677734375,303.1499938964844,285.1499938964844,0.0,-0.0,293.08447265625,0.0,0.0,9.48240194702521e-05,296.65869140625,303.1499938964844,285.1499938964844,0.0,-0.0,293.08447265625,0.0,0.0,9.985426004277542e-05,296.522705078125,303.1499938964844,285.1499938964844,0.0,-0.0,293.08447265625,0.0,0.0,7.375201676040888e-05,296.49761962890625,303.1499938964844,285.1499938964844,0.0,-0.0,293.08447265625,0.0,0.0,9.985426004277542e-05,296.9006652832031,303.1499938964844,285.1499938964844,0.0,-0.0,293.0845031738281,0.0,0.0,0.0004736656264867,293.06610107421875,294.1499938964844,285.3500061035156,285.3500061035156,285.9358825683594,285.3496398925781,292.7450561523437,0.0,0.0,0.0,0.0,1.0,1.0,-0.0010103386593982,7.0730079571035284e-09,0.0010103315580636,-0.0175820514559745,0.0,0.0,0.0,-0.0083192093297839,60.0,-5.132553577423096,-0.0,-6.959748333201787e-08,0.0,293.1499938964844,293.1499938964844,293.1499938964844,293.1499938964844,293.1499938964844,293.1499938964844,278.1499938964844,0.0,18000.0,313.1499938964844,0.0,18000.0,0.0,0.0,0.0,0.0,0.0,0.0,0.0,0.0,0.0,0.0,-0.0,-0.0,0.0,0.0,0.0,0.0,0.0,-0.0,0.0,0.0,0.0,0.0,0.0,0.0,0.0,0.0,0.0,4.0,0.0,0.0
11849160,296.67694091796875,303.1499938964844,285.1499938964844,0.0,-0.0,293.0836486816406,0.0,0.0,9.48363885981962e-05,296.6578674316406,303.1499938964844,285.1499938964844,0.0,-0.0,293.0836486816406,0.0,0.0,9.98672840069048e-05,296.5224304199219,303.1499938964844,285.1499938964844,0.0,-0.0,293.0836486816406,0.0,0.0,7.376163557637483e-05,296.49810791015625,303.1499938964844,285.1499938964844,0.0,-0.0,293.0836486816406,0.0,0.0,9.98672840069048e-05,296.9002990722656,303.1499938964844,285.1499938964844,0.0,-0.0,293.08367919921875,0.0,0.0,0.0004737274139188,293.0650939941406,294.1499938964844,285.3500061035156,285.3500061035156,285.9306335449219,285.34967041015625,292.7431335449219,0.0,0.0,0.0,0.0,1.0,1.0,-0.0010104704415425,7.0884182967745354e-09,0.0010104633402079,-0.0176224149763584,0.0,0.0,0.0,-0.0083268489688634,60.0,-5.131844520568848,-0.0,-6.961563769891654e-08,0.0,293.1499938964844,293.1499938964844,293.1499938964844,293.1499938964844,293.1499938964844,293.1499938964844,278.1499938964844,0.0,18000.0,313.1499938964844,0.0,18000.0,0.0,0.0,0.0,0.0,0.0,0.0,0.0,0.0,0.0,0.0,-0.0,-0.0,0.0,0.0,0.0,0.0,0.0,-0.0,0.0,0.0,0.0,0.0,0.0,0.0,0.0,0.0,0.0,4.0,0.0,0.0
11849220,296.6754150390625,303.1499938964844,285.1499938964844,0.0,-0.0,293.0820007324219,0.0,0.0,9.486222552368416e-05,296.6562194824219,303.1499938964844,285.1499938964844,0.0,-0.0,293.0820007324219,0.0,0.0,9.989449608838186e-05,296.5220031738281,303.1499938964844,285.1499938964844,0.0,-0.0,293.0820007324219,0.0,0.0,7.37817317713052e-05,296.49932861328125,303.1499938964844,285.1499938964844,0.0,-0.0,293.0820007324219,0.0,0.0,9.989449608838186e-05,296.899658203125,303.1499938964844,285.1499938964844,0.0,-0.0,293.08203125,0.0,0.0,0.000473856460303,293.0630798339844,294.1499938964844,285.3500061035156,285.3500061035156,285.9202575683594,285.3497619628906,292.7392883300781,0.0,0.0,0.0,0.0,1.0,1.0,-0.0010107457637786,7.120608103150516e-09,0.001010738662444,-0.0177067276090383,0.0,0.0,0.0,-0.0083428062498569,60.0,-5.130512714385986,-0.0,-6.96535735755788e-08,0.0,293.1499938964844,293.1499938964844,293.1499938964844,293.1499938964844,293.1499938964844,293.1499938964844,278.1499938964844,0.0,18000.0,313.1499938964844,0.0,18000.0,0.0,0.0,0.0,0.0,0.0,0.0,0.0,0.0,0.0,0.0,-0.0,-0.0,0.0,0.0,0.0,0.0,0.0,-0.0,0.0,0.0,0.0,0.0,0.0,0.0,0.0,0.0,0.0,4.0,0.0,0.0
11849280,296.6754150390625,303.1499938964844,285.1499938964844,0.0,-0.0,293.0820007324219,0.0,0.0,9.486222552368416e-05,296.6562194824219,303.1499938964844,285.1499938964844,0.0,-0.0,293.0820007324219,0.0,0.0,9.989449608838186e-05,296.5220031738281,303.1499938964844,285.1499938964844,0.0,-0.0,293.0820007324219,0.0,0.0,7.37817317713052e-05,296.49932861328125,303.1499938964844,285.1499938964844,0.0,-0.0,293.0820007324219,0.0,0.0,9.989449608838186e-05,296.899658203125,303.1499938964844,285.1499938964844,0.0,-0.0,293.08203125,0.0,0.0,0.000473856460303,293.0630798339844,294.1499938964844,285.3500061035156,285.3500061035156,285.9202575683594,285.3497619628906,292.7392883300781,0.0,0.0,0.0,0.0,1.0,1.0,-0.0010107457637786,7.120608103150516e-09,0.001010738662444,-0.0177067276090383,0.0,0.0,0.0,-0.0083428062498569,60.0,-5.130512714385986,-0.0,-6.96535735755788e-08,0.0,293.1499938964844,293.1499938964844,293.1499938964844,293.1499938964844,293.1499938964844,293.1499938964844,278.1499938964844,0.0,18000.0,313.1499938964844,0.0,18000.0,0.0,0.0,0.0,0.0,0.0,0.0,0.0,0.0,0.0,0.0,-0.0,-0.0,0.0,0.0,0.0,0.0,0.0,-0.0,0.0,0.0,0.0,0.0,0.0,0.0,0.0,0.0,0.0,4.0,0.0,0.0
11849340,296.6739807128906,303.1499938964844,285.1499938964844,0.0,-0.0,293.080322265625,0.0,0.0,9.488796058576554e-05,296.65460205078125,303.1499938964844,285.1499938964844,0.0,-0.0,293.080322265625,0.0,0.0,9.992159175453708e-05,296.5217590332031,303.1499938964844,285.1499938964844,0.0,-0.0,293.080322265625,0.0,0.0,7.380174793070182e-05,296.5008544921875,303.1499938964844,285.1499938964844,0.0,-0.0,293.080322265625,0.0,0.0,9.992159175453708e-05,296.89910888671875,303.1499938964844,285.1499938964844,0.0,-0.0,293.0803527832031,0.0,0.0,0.0004739850119221,293.06103515625,294.1499938964844,285.3500061035156,285.3500061035156,285.9100952148437,285.3498229980469,292.7354431152344,0.0,0.0,0.0,0.0,1.0,1.0,-0.0010110199218615,7.152671788190901e-09,0.0010110128205269,-0.0177907105535268,0.0,0.0,0.0,-0.0083587020635604,60.0,-5.129233360290527,-0.0,-6.969137444912121e-08,0.0,293.1499938964844,293.1499938964844,293.1499938964844,293.1499938964844,293.1499938964844,293.1499938964844,278.1499938964844,0.0,18000.0,313.1499938964844,0.0,18000.0,0.0,0.0,0.0,0.0,0.0,0.0,0.0,0.0,0.0,0.0,-0.0,-0.0,0.0,0.0,0.0,0.0,0.0,-0.0,0.0,0.0,0.0,0.0,0.0,0.0,0.0,0.0,0.0,4.0,0.0,0.0
11849400,296.6739807128906,303.1499938964844,285.1499938964844,0.0,-0.0,293.080322265625,0.0,0.0,9.488796058576554e-05,296.65460205078125,303.1499938964844,285.1499938964844,0.0,-0.0,293.080322265625,0.0,0.0,9.992159175453708e-05,296.5217590332031,303.1499938964844,285.1499938964844,0.0,-0.0,293.080322265625,0.0,0.0,7.380174793070182e-05,296.5008544921875,303.1499938964844,285.1499938964844,0.0,-0.0,293.080322265625,0.0,0.0,9.992159175453708e-05,296.89910888671875,303.1499938964844,285.1499938964844,0.0,-0.0,293.0803527832031,0.0,0.0,0.0004739850119221,293.06103515625,294.1499938964844,285.3500061035156,285.3500061035156,285.9100952148437,285.3498229980469,292.7354431152344,0.0,0.0,0.0,0.0,1.0,1.0,-0.0010110199218615,7.152671788190901e-09,0.0010110128205269,-0.0177907105535268,0.0,0.0,0.0,-0.0083587020635604,60.0,-5.129233360290527,-0.0,-6.969137444912121e-08,0.0,293.1499938964844,293.1499938964844,293.1499938964844,293.1499938964844,293.1499938964844,293.1499938964844,278.1499938964844,0.0,18000.0,313.1499938964844,0.0,18000.0,0.0,0.0,0.0,0.0,0.0,0.0,0.0,0.0,0.0,0.0,-0.0,-0.0,0.0,0.0,0.0,0.0,0.0,-0.0,0.0,0.0,0.0,0.0,0.0,0.0,0.0,0.0,0.0,4.0,0.0,0.0
11849460,296.6725769042969,303.1499938964844,285.1499938964844,0.0,-0.0,293.07861328125,0.0,0.0,9.491187665844336e-05,296.653076171875,303.1499938964844,285.1499938964844,0.0,-0.0,293.07861328125,0.0,0.0,9.994677384383976e-05,296.5216979980469,303.1499938964844,285.1499938964844,0.0,-0.0,293.07861328125,0.0,0.0,7.382034527836367e-05,296.50262451171875,303.1499938964844,285.1499938964844,0.0,-0.0,293.07861328125,0.0,0.0,9.994677384383976e-05,296.8986511230469,303.1499938964844,285.1499938964844,0.0,-0.0,293.0786437988281,0.0,0.0,0.0004741044540423,293.0589599609375,294.1499938964844,285.3500061035156,285.3500061035156,285.90008544921875,285.349853515625,292.7315979003906,0.0,0.0,0.0,0.0,1.0,1.0,-0.001011274755001,7.182463068744482e-09,0.0010112675372511,-0.0178687404841184,0.0,0.0,0.0,-0.0083734709769487,60.0,-5.1279168128967285,-0.0,-6.972650368197719e-08,0.0,293.1499938964844,293.1499938964844,293.1499938964844,293.1499938964844,293.1499938964844,293.1499938964844,278.1499938964844,0.0,18000.0,313.1499938964844,0.0,18000.0,0.0,0.0,0.0,0.0,0.0,0.0,0.0,0.0,0.0,0.0,-0.0,-0.0,0.0,0.0,0.0,0.0,0.0,-0.0,0.0,0.0,0.0,0.0,0.0,0.0,0.0,0.0,0.0,4.0,0.0,0.0
11849520,296.6725769042969,303.1499938964844,285.1499938964844,0.0,-0.0,293.07861328125,0.0,0.0,9.491187665844336e-05,296.653076171875,303.1499938964844,285.1499938964844,0.0,-0.0,293.07861328125,0.0,0.0,9.994677384383976e-05,296.5216979980469,303.1499938964844,285.1499938964844,0.0,-0.0,293.07861328125,0.0,0.0,7.382034527836367e-05,296.50262451171875,303.1499938964844,285.1499938964844,0.0,-0.0,293.07861328125,0.0,0.0,9.994677384383976e-05,296.8986511230469,303.1499938964844,285.1499938964844,0.0,-0.0,293.0786437988281,0.0,0.0,0.0004741044540423,293.0589599609375,294.1499938964844,285.3500061035156,285.3500061035156,285.90008544921875,285.349853515625,292.7315979003906,0.0,0.0,0.0,0.0,1.0,1.0,-0.001011274755001,7.182463068744482e-09,0.0010112675372511,-0.0178687404841184,0.0,0.0,0.0,-0.0083734709769487,60.0,-5.1279168128967285,-0.0,-6.972650368197719e-08,0.0,293.1499938964844,293.1499938964844,293.1499938964844,293.1499938964844,293.1499938964844,293.1499938964844,278.1499938964844,0.0,18000.0,313.1499938964844,0.0,18000.0,0.0,0.0,0.0,0.0,0.0,0.0,0.0,0.0,0.0,0.0,-0.0,-0.0,0.0,0.0,0.0,0.0,0.0,-0.0,0.0,0.0,0.0,0.0,0.0,0.0,0.0,0.0,0.0,4.0,0.0,0.0
11849580,296.6712646484375,303.1499938964844,285.1499938964844,0.0,-0.0,293.076904296875,0.0,0.0,9.493135439697652e-05,296.651611328125,303.1499938964844,285.1499938964844,0.0,-0.0,293.076904296875,0.0,0.0,9.996728476835416e-05,296.5218811035156,303.1499938964844,285.1499938964844,0.0,-0.0,293.076904296875,0.0,0.0,7.38354938221164e-05,296.5046081542969,303.1499938964844,285.1499938964844,0.0,-0.0,293.076904296875,0.0,0.0,9.996728476835416e-05,296.8982849121094,303.1499938964844,285.1499938964844,0.0,-0.0,293.0769348144531,0.0,0.0,0.0004742017772514,293.056884765625,294.1499938964844,285.3500061035156,285.3500061035156,285.8902587890625,285.34991455078125,292.727783203125,0.0,0.0,0.0,0.0,1.0,1.0,-0.0010114823235198,7.206730767705949e-09,0.0010114751057699,-0.0179323032498359,0.0,0.0,0.0,-0.0083855018019676,60.0,-5.126429557800293,-0.0,-6.975512434337362e-08,0.0,293.1499938964844,293.1499938964844,293.1499938964844,293.1499938964844,293.1499938964844,293.1499938964844,278.1499938964844,0.0,18000.0,313.1499938964844,0.0,18000.0,0.0,0.0,0.0,0.0,0.0,0.0,0.0,0.0,0.0,0.0,-0.0,-0.0,0.0,0.0,0.0,0.0,0.0,-0.0,0.0,0.0,0.0,0.0,0.0,0.0,0.0,0.0,0.0,4.0,0.0,0.0
11849640,296.6712646484375,303.1499938964844,285.1499938964844,0.0,-0.0,293.076904296875,0.0,0.0,9.493135439697652e-05,296.651611328125,303.1499938964844,285.1499938964844,0.0,-0.0,293.076904296875,0.0,0.0,9.996728476835416e-05,296.5218811035156,303.1499938964844,285.1499938964844,0.0,-0.0,293.076904296875,0.0,0.0,7.38354938221164e-05,296.5046081542969,303.1499938964844,285.1499938964844,0.0,-0.0,293.076904296875,0.0,0.0,9.996728476835416e-05,296.8982849121094,303.1499938964844,285.1499938964844,0.0,-0.0,293.0769348144531,0.0,0.0,0.0004742017772514,293.056884765625,294.1499938964844,285.3500061035156,285.3500061035156,285.8902587890625,285.34991455078125,292.727783203125,0.0,0.0,0.0,0.0,1.0,1.0,-0.0010114823235198,7.206730767705949e-09,0.0010114751057699,-0.0179323032498359,0.0,0.0,0.0,-0.0083855018019676,60.0,-5.126429557800293,-0.0,-6.975512434337362e-08,0.0,293.1499938964844,293.1499938964844,293.1499938964844,293.1499938964844,293.1499938964844,293.1499938964844,278.1499938964844,0.0,18000.0,313.1499938964844,0.0,18000.0,0.0,0.0,0.0,0.0,0.0,0.0,0.0,0.0,0.0,0.0,-0.0,-0.0,0.0,0.0,0.0,0.0,0.0,-0.0,0.0,0.0,0.0,0.0,0.0,0.0,0.0,0.0,0.0,4.0,0.0,0.0
11849700,296.6706237792969,303.1499938964844,285.1499938964844,0.0,-0.0,293.0760498046875,0.0,0.0,9.493931429460643e-05,296.65087890625,303.1499938964844,285.1499938964844,0.0,-0.0,293.0760498046875,0.0,0.0,9.997566667152567e-05,296.5220031738281,303.1499938964844,285.1499938964844,0.0,-0.0,293.0760498046875,0.0,0.0,7.384168566204607e-05,296.5056457519531,303.1499938964844,285.1499938964844,0.0,-0.0,293.0760498046875,0.0,0.0,9.997566667152567e-05,296.89813232421875,303.1499938964844,285.1499938964844,0.0,-0.0,293.0760803222656,0.0,0.0,0.0004742415330838,293.0558166503906,294.1499938964844,285.3500061035156,285.3500061035156,285.8854064941406,285.34991455078125,292.72589111328125,0.0,0.0,0.0,0.0,1.0,1.0,-0.0010115671902894,7.216649944297161e-09,0.0010115599725395,-0.0179582834243774,0.0,0.0,0.0,-0.0083904191851615,60.0,-5.125608921051025,-0.0,-6.976682698223159e-08,0.0,293.1499938964844,293.1499938964844,293.1499938964844,293.1499938964844,293.1499938964844,293.1499938964844,278.1499938964844,0.0,18000.0,313.1499938964844,0.0,18000.0,0.0,0.0,0.0,0.0,0.0,0.0,0.0,0.0,0.0,0.0,-0.0,-0.0,0.0,0.0,0.0,0.0,0.0,-0.0,0.0,0.0,0.0,0.0,0.0,0.0,0.0,0.0,0.0,4.0,0.0,0.0
11849760,296.6700439453125,303.1499938964844,285.1499938964844,0.0,-0.0,293.0751647949219,0.0,0.0,9.494506230112164e-05,296.6501770019531,303.1499938964844,285.1499938964844,0.0,-0.0,293.0751647949219,0.0,0.0,9.99817275442183e-05,296.522216796875,303.1499938964844,285.1499938964844,0.0,-0.0,293.0751647949219,0.0,0.0,7.38461603759788e-05,296.5067138671875,303.1499938964844,285.1499938964844,0.0,-0.0,293.0751647949219,0.0,0.0,9.99817275442183e-05,296.89801025390625,303.1499938964844,285.1499938964844,0.0,-0.0,293.0751953125,0.0,0.0,0.0004742702585645,293.05474853515625,294.1499938964844,285.3500061035156,285.3500061035156,285.880615234375,285.34991455078125,292.7239990234375,0.0,0.0,0.0,0.0,1.0,1.0,-0.0010116284247487,7.2238153236980915e-09,0.0010116212069988,-0.017977051436901,0.0,0.0,0.0,-0.0083939712494611,60.0,-5.124693870544434,-0.0,-6.977527533535979e-08,0.0,293.1499938964844,293.1499938964844,293.1499938964844,293.1499938964844,293.1499938964844,293.1499938964844,278.1499938964844,0.0,18000.0,313.1499938964844,0.0,18000.0,0.0,0.0,0.0,0.0,0.0,0.0,0.0,0.0,0.0,0.0,-0.0,-0.0,0.0,0.0,0.0,0.0,0.0,-0.0,0.0,0.0,0.0,0.0,0.0,0.0,0.0,0.0,0.0,4.0,0.0,0.0
11849820,296.6688842773437,303.1499938964844,285.1499938964844,0.0,-0.0,293.07342529296875,0.0,0.0,9.495049016550185e-05,296.6488342285156,303.1499938964844,285.1499938964844,0.0,-0.0,293.07342529296875,0.0,0.0,9.998743917094544e-05,296.52276611328125,303.1499938964844,285.1499938964844,0.0,-0.0,293.07342529296875,0.0,0.0,7.385038043139502e-05,296.5089416503906,303.1499938964844,285.1499938964844,0.0,-0.0,293.07342529296875,0.0,0.0,9.998743917094544e-05,296.8977966308594,303.1499938964844,285.1499938964844,0.0,-0.0,293.0734558105469,0.0,0.0,0.0004742973542306,293.0526428222656,294.1499938964844,285.3500061035156,285.3500061035156,285.8711242675781,285.3499450683594,292.7201843261719,0.0,0.0,0.0,0.0,1.0,1.0,-0.0010116861667484,7.230573917382799e-09,0.0010116789489984,-0.0179947540163993,0.0,0.0,0.0,-0.008397321216762,60.0,-5.122611045837402,-0.0,-6.978325473028235e-08,0.0,293.1499938964844,293.1499938964844,293.1499938964844,293.1499938964844,293.1499938964844,293.1499938964844,278.1499938964844,0.0,18000.0,313.1499938964844,0.0,18000.0,0.0,0.0,0.0,0.0,0.0,0.0,0.0,0.0,0.0,0.0,-0.0,-0.0,0.0,0.0,0.0,0.0,0.0,-0.0,0.0,0.0,0.0,0.0,0.0,0.0,0.0,0.0,0.0,4.0,0.0,0.0
11849880,296.6688842773437,303.1499938964844,285.1499938964844,0.0,-0.0,293.07342529296875,0.0,0.0,9.495049016550185e-05,296.6488342285156,303.1499938964844,285.1499938964844,0.0,-0.0,293.07342529296875,0.0,0.0,9.998743917094544e-05,296.52276611328125,303.1499938964844,285.1499938964844,0.0,-0.0,293.07342529296875,0.0,0.0,7.385038043139502e-05,296.5089416503906,303.1499938964844,285.1499938964844,0.0,-0.0,293.07342529296875,0.0,0.0,9.998743917094544e-05,296.8977966308594,303.1499938964844,285.1499938964844,0.0,-0.0,293.0734558105469,0.0,0.0,0.0004742973542306,293.0526428222656,294.1499938964844,285.3500061035156,285.3500061035156,285.8711242675781,285.3499450683594,292.7201843261719,0.0,0.0,0.0,0.0,1.0,1.0,-0.0010116861667484,7.230573917382799e-09,0.0010116789489984,-0.0179947540163993,0.0,0.0,0.0,-0.008397321216762,60.0,-5.122611045837402,-0.0,-6.978325473028235e-08,0.0,293.1499938964844,293.1499938964844,293.1499938964844,293.1499938964844,293.1499938964844,293.1499938964844,278.1499938964844,0.0,18000.0,313.1499938964844,0.0,18000.0,0.0,0.0,0.0,0.0,0.0,0.0,0.0,0.0,0.0,0.0,-0.0,-0.0,0.0,0.0,0.0,0.0,0.0,-0.0,0.0,0.0,0.0,0.0,0.0,0.0,0.0,0.0,0.0,4.0,0.0,0.0
11849940,296.66778564453125,303.1499938964844,285.1499938964844,0.0,-0.0,293.0716552734375,0.0,0.0,9.494548430666327e-05,296.6475830078125,303.1499938964844,285.1499938964844,0.0,-0.0,293.0716552734375,0.0,0.0,9.998217137763275e-05,296.5235290527344,303.1499938964844,285.1499938964844,0.0,-0.0,293.0716552734375,0.0,0.0,7.384648779407144e-05,296.5111694335937,303.1499938964844,285.1499938964844,0.0,-0.0,293.0716552734375,0.0,0.0,9.998217137763275e-05,296.89764404296875,303.1499938964844,285.1499938964844,0.0,-0.0,293.0716857910156,0.0,0.0,0.0004742723540402,293.05047607421875,294.1499938964844,285.3500061035156,285.3500061035156,285.86181640625,285.3499450683594,292.7164001464844,0.0,0.0,0.0,0.0,1.0,1.0,-0.0010116329649463,7.224340237144132e-09,0.0010116257471963,-0.0179784260690212,0.0,0.0,0.0,-0.0083942310884594,60.0,-5.120017528533936,-0.0,-6.977590061296723e-08,0.0,293.1499938964844,293.1499938964844,293.1499938964844,293.1499938964844,293.1499938964844,293.1499938964844,278.1499938964844,0.0,18000.0,313.1499938964844,0.0,18000.0,0.0,0.0,0.0,0.0,0.0,0.0,0.0,0.0,0.0,0.0,-0.0,-0.0,0.0,0.0,0.0,0.0,0.0,-0.0,0.0,0.0,0.0,0.0,0.0,0.0,0.0,0.0,0.0,4.0,0.0,0.0
11850000,296.66778564453125,303.1499938964844,285.1499938964844,0.0,-0.0,293.0716552734375,0.0,0.0,9.494548430666327e-05,296.6475830078125,303.1499938964844,285.1499938964844,0.0,-0.0,293.0716552734375,0.0,0.0,9.998217137763275e-05,296.5235290527344,303.1499938964844,285.1499938964844,0.0,-0.0,293.0716552734375,0.0,0.0,7.384648779407144e-05,296.5111694335937,303.1499938964844,285.1499938964844,0.0,-0.0,293.0716552734375,0.0,0.0,9.998217137763275e-05,296.89764404296875,303.1499938964844,285.1499938964844,0.0,-0.0,293.0716857910156,0.0,0.0,0.0004742723540402,293.05047607421875,294.1499938964844,285.3500061035156,285.3500061035156,285.86181640625,285.3499450683594,292.7164001464844,0.0,0.0,0.0,0.0,1.0,1.0,-0.0010116329649463,7.224340237144132e-09,0.0010116257471963,-0.0179784260690212,0.0,0.0,0.0,-0.0083942310884594,60.0,-5.120017528533936,-0.0,-6.977590061296723e-08,0.0,293.1499938964844,293.1499938964844,293.1499938964844,293.1499938964844,293.1499938964844,293.1499938964844,278.1499938964844,0.0,18000.0,313.1499938964844,0.0,18000.0,0.0,0.0,0.0,0.0,0.0,0.0,0.0,0.0,0.0,0.0,-0.0,-0.0,0.0,0.0,0.0,0.0,0.0,-0.0,0.0,0.0,0.0,0.0,0.0,0.0,0.0,0.0,0.0,4.0,0.0,0.0
11850060,296.6669311523437,303.1499938964844,285.1499938964844,0.0,-0.0,293.070068359375,0.0,0.0,9.492968092672528e-05,296.64654541015625,303.1499938964844,285.1499938964844,0.0,-0.0,293.070068359375,0.0,0.0,9.996552398661152e-05,296.5243835449219,303.1499938964844,285.1499938964844,0.0,-0.0,293.070068359375,0.0,0.0,7.383419142570347e-05,296.5131225585937,303.1499938964844,285.1499938964844,0.0,-0.0,293.070068359375,0.0,0.0,9.996552398661152e-05,296.8975524902344,303.1499938964844,285.1499938964844,0.0,-0.0,293.0700988769531,0.0,0.0,0.0004741933953482,293.048583984375,294.1499938964844,285.3500061035156,285.3500061035156,285.853759765625,285.3499755859375,292.71307373046875,0.0,0.0,0.0,0.0,1.0,1.0,-0.0010114646283909,7.2046462129549135e-09,0.001011457410641,-0.0179268419742584,0.0,0.0,0.0,-0.0083844689652323,60.0,-5.117171764373779,-0.0,-6.975266586550789e-08,0.0,293.1499938964844,293.1499938964844,293.1499938964844,293.1499938964844,293.1499938964844,293.1499938964844,278.1499938964844,0.0,18000.0,313.1499938964844,0.0,18000.0,0.0,0.0,0.0,0.0,0.0,0.0,0.0,0.0,0.0,0.0,-0.0,-0.0,0.0,0.0,0.0,0.0,0.0,-0.0,0.0,0.0,0.0,0.0,0.0,0.0,0.0,0.0,0.0,4.0,0.0,0.0
11850120,296.6668395996094,303.1499938964844,285.1499938964844,0.0,-0.0,293.0698547363281,0.0,0.0,9.492674871580677e-05,296.6463928222656,303.1499938964844,285.1499938964844,0.0,-0.0,293.0698547363281,0.0,0.0,9.99624389805831e-05,296.5245056152344,303.1499938964844,285.1499938964844,0.0,-0.0,293.0698547363281,0.0,0.0,7.383191405097023e-05,296.51336669921875,303.1499938964844,285.1499938964844,0.0,-0.0,293.0698547363281,0.0,0.0,9.99624389805831e-05,296.8975524902344,303.1499938964844,285.1499938964844,0.0,-0.0,293.06988525390625,0.0,0.0,0.0004741787852253,293.0483093261719,294.1499938964844,285.3500061035156,285.3500061035156,285.8526611328125,285.3499755859375,292.7126159667969,0.0,0.0,0.0,0.0,1.0,1.0,-0.0010114334290847,7.200997131917575e-09,0.0010114262113347,-0.0179172847419977,0.0,0.0,0.0,-0.0083826594054698,60.0,-5.116750717163086,-0.0,-6.974835997652917e-08,0.0,293.1499938964844,293.1499938964844,293.1499938964844,293.1499938964844,293.1499938964844,293.1499938964844,278.1499938964844,0.0,18000.0,313.1499938964844,0.0,18000.0,0.0,0.0,0.0,0.0,0.0,0.0,0.0,0.0,0.0,0.0,-0.0,-0.0,0.0,0.0,0.0,0.0,0.0,-0.0,0.0,0.0,0.0,0.0,0.0,0.0,0.0,0.0,0.0,4.0,0.0,0.0
11850180,296.6659545898437,303.1499938964844,285.1499938964844,0.0,-0.0,293.06805419921875,0.0,0.0,9.489288640907034e-05,296.6452941894531,303.1499938964844,285.1499938964844,0.0,-0.0,293.06805419921875,0.0,0.0,9.9926779512316e-05,296.52569580078125,303.1499938964844,285.1499938964844,0.0,-0.0,293.06805419921875,0.0,0.0,7.380557508440688e-05,296.5155334472656,303.1499938964844,285.1499938964844,0.0,-0.0,293.06805419921875,0.0,0.0,9.9926779512316e-05,296.89752197265625,303.1499938964844,285.1499938964844,0.0,-0.0,293.0680847167969,0.0,0.0,0.0004740096046589,293.0461120605469,294.1499938964844,285.3500061035156,285.3500061035156,285.8436889648437,285.3499755859375,292.7088317871094,0.0,0.0,0.0,0.0,1.0,1.0,-0.0010110726580023,7.158806436535769e-09,0.0010110654402524,-0.0178067777305841,0.0,0.0,0.0,-0.0083617437630891,60.0,-5.112771987915039,-0.0,-6.969860777417125e-08,0.0,293.1499938964844,293.1499938964844,293.1499938964844,293.1499938964844,293.1499938964844,293.1499938964844,278.1499938964844,0.0,18000.0,313.1499938964844,0.0,18000.0,0.0,0.0,0.0,0.0,0.0,0.0,0.0,0.0,0.0,0.0,-0.0,-0.0,0.0,0.0,0.0,0.0,0.0,-0.0,0.0,0.0,0.0,0.0,0.0,0.0,0.0,0.0,0.0,4.0,0.0,0.0
11850240,296.6659545898437,303.1499938964844,285.1499938964844,0.0,-0.0,293.06805419921875,0.0,0.0,9.489288640907034e-05,296.6452941894531,303.1499938964844,285.1499938964844,0.0,-0.0,293.06805419921875,0.0,0.0,9.9926779512316e-05,296.52569580078125,303.1499938964844,285.1499938964844,0.0,-0.0,293.06805419921875,0.0,0.0,7.380557508440688e-05,296.5155334472656,303.1499938964844,285.1499938964844,0.0,-0.0,293.06805419921875,0.0,0.0,9.9926779512316e-05,296.89752197265625,303.1499938964844,285.1499938964844,0.0,-0.0,293.0680847167969,0.0,0.0,0.0004740096046589,293.0461120605469,294.1499938964844,285.3500061035156,285.3500061035156,285.8436889648437,285.3499755859375,292.7088317871094,0.0,0.0,0.0,0.0,1.0,1.0,-0.0010110726580023,7.158806436535769e-09,0.0010110654402524,-0.0178067777305841,0.0,0.0,0.0,-0.0083617437630891,60.0,-5.112771987915039,-0.0,-6.969860777417125e-08,0.0,293.1499938964844,293.1499938964844,293.1499938964844,293.1499938964844,293.1499938964844,293.1499938964844,278.1499938964844,0.0,18000.0,313.1499938964844,0.0,18000.0,0.0,0.0,0.0,0.0,0.0,0.0,0.0,0.0,0.0,0.0,-0.0,-0.0,0.0,0.0,0.0,0.0,0.0,-0.0,0.0,0.0,0.0,0.0,0.0,0.0,0.0,0.0,0.0,4.0,0.0,0.0
11850300,296.6655578613281,303.1499938964844,285.1499938964844,0.0,-0.0,293.067138671875,0.0,0.0,9.487086936132982e-05,296.644775390625,303.1499938964844,285.1499938964844,0.0,-0.0,293.067138671875,0.0,0.0,9.99035983113572e-05,296.5263977050781,303.1499938964844,285.1499938964844,0.0,-0.0,293.067138671875,0.0,0.0,7.378845475614071e-05,296.5165405273437,303.1499938964844,285.1499938964844,0.0,-0.0,293.067138671875,0.0,0.0,9.99035983113572e-05,296.89752197265625,303.1499938964844,285.1499938964844,0.0,-0.0,293.0671691894531,0.0,0.0,0.0004738996503874,293.0450134277344,294.1499938964844,285.3500061035156,285.3500061035156,285.8392639160156,285.3499755859375,292.7069702148437,0.0,0.0,0.0,0.0,1.0,1.0,-0.0010108380811288,7.131379042846221e-09,0.0010108309797942,-0.0177349392324686,0.0,0.0,0.0,-0.0083481473848223,60.0,-5.1104655265808105,-0.0,-6.966627097426682e-08,0.0,293.1499938964844,293.1499938964844,293.1499938964844,293.1499938964844,293.1499938964844,293.1499938964844,278.1499938964844,0.0,18000.0,313.1499938964844,0.0,18000.0,0.0,0.0,0.0,0.0,0.0,0.0,0.0,0.0,0.0,0.0,-0.0,-0.0,0.0,0.0,0.0,0.0,0.0,-0.0,0.0,0.0,0.0,0.0,0.0,0.0,0.0,0.0,0.0,4.0,0.0,0.0
11850360,296.6651916503906,303.1499938964844,285.1499938964844,0.0,-0.0,293.06622314453125,0.0,0.0,9.484493057243526e-05,296.644287109375,303.1499938964844,285.1499938964844,0.0,-0.0,293.06622314453125,0.0,0.0,9.987627709051594e-05,296.527099609375,303.1499938964844,285.1499938964844,0.0,-0.0,293.06622314453125,0.0,0.0,7.376827852567658e-05,296.5175476074219,303.1499938964844,285.1499938964844,0.0,-0.0,293.06622314453125,0.0,0.0,9.987627709051594e-05,296.8975524902344,303.1499938964844,285.1499938964844,0.0,-0.0,293.0662536621094,0.0,0.0,0.0004737700510304,293.0439147949219,294.1499938964844,285.3500061035156,285.3500061035156,285.8348693847656,285.3499755859375,292.705078125,0.0,0.0,0.0,0.0,1.0,1.0,-0.0010105617111548,7.099055121528863e-09,0.0010105546098202,-0.0176502745598554,0.0,0.0,0.0,-0.0083321230486035,60.0,-5.107969284057617,-0.0,-6.962817167277535e-08,0.0,293.1499938964844,293.1499938964844,293.1499938964844,293.1499938964844,293.1499938964844,293.1499938964844,278.1499938964844,0.0,18000.0,313.1499938964844,0.0,18000.0,0.0,0.0,0.0,0.0,0.0,0.0,0.0,0.0,0.0,0.0,-0.0,-0.0,0.0,0.0,0.0,0.0,0.0,-0.0,0.0,0.0,0.0,0.0,0.0,0.0,0.0,0.0,0.0,4.0,0.0,0.0
11850420,296.6645202636719,303.1499938964844,285.1499938964844,0.0,-0.0,293.0643920898437,0.0,0.0,9.478248102823272e-05,296.6433410644531,303.1499938964844,285.1499938964844,0.0,-0.0,293.0643920898437,0.0,0.0,9.981051698559897e-05,296.5286865234375,303.1499938964844,285.1499938964844,0.0,-0.0,293.0643920898437,0.0,0.0,7.37197115086019e-05,296.5193786621094,303.1499938964844,285.1499938964844,0.0,-0.0,293.0643920898437,0.0,0.0,9.981051698559897e-05,296.8976135253906,303.1499938964844,285.1499938964844,0.0,-0.0,293.0644226074219,0.0,0.0,0.0004734581161756,293.04168701171875,294.1499938964844,285.3500061035156,285.3500061035156,285.82623291015625,285.3499755859375,292.7013244628906,0.0,0.0,0.0,0.0,1.0,1.0,-0.0010098963975906,7.021254688766021e-09,0.001009889296256,-0.0174464937299489,0.0,0.0,0.0,-0.0082935541868209,60.0,-5.102421760559082,-0.0,-6.953651876528967e-08,0.0,293.1499938964844,293.1499938964844,293.1499938964844,293.1499938964844,293.1499938964844,293.1499938964844,278.1499938964844,0.0,18000.0,313.1499938964844,0.0,18000.0,0.0,0.0,0.0,0.0,0.0,0.0,0.0,0.0,0.0,0.0,-0.0,-0.0,0.0,0.0,0.0,0.0,0.0,-0.0,0.0,0.0,0.0,0.0,0.0,0.0,0.0,0.0,0.0,4.0,0.0,0.0
11850480,296.6645202636719,303.1499938964844,285.1499938964844,0.0,-0.0,293.0643920898437,0.0,0.0,9.478248102823272e-05,296.6433410644531,303.1499938964844,285.1499938964844,0.0,-0.0,293.0643920898437,0.0,0.0,9.981051698559897e-05,296.5286865234375,303.1499938964844,285.1499938964844,0.0,-0.0,293.0643920898437,0.0,0.0,7.37197115086019e-05,296.5193786621094,303.1499938964844,285.1499938964844,0.0,-0.0,293.0643920898437,0.0,0.0,9.981051698559897e-05,296.8976135253906,303.1499938964844,285.1499938964844,0.0,-0.0,293.0644226074219,0.0,0.0,0.0004734581161756,293.04168701171875,294.1499938964844,285.3500061035156,285.3500061035156,285.82623291015625,285.3499755859375,292.7013244628906,0.0,0.0,0.0,0.0,1.0,1.0,-0.0010098963975906,7.021254688766021e-09,0.001009889296256,-0.0174464937299489,0.0,0.0,0.0,-0.0082935541868209,60.0,-5.102421760559082,-0.0,-6.953651876528967e-08,0.0,293.1499938964844,293.1499938964844,293.1499938964844,293.1499938964844,293.1499938964844,293.1499938964844,278.1499938964844,0.0,18000.0,313.1499938964844,0.0,18000.0,0.0,0.0,0.0,0.0,0.0,0.0,0.0,0.0,0.0,0.0,-0.0,-0.0,0.0,0.0,0.0,0.0,0.0,-0.0,0.0,0.0,0.0,0.0,0.0,0.0,0.0,0.0,0.0,4.0,0.0,0.0
11850540,296.6639709472656,303.1499938964844,285.1499938964844,0.0,-0.0,293.0625305175781,0.0,0.0,9.470735676586628e-05,296.6425170898437,303.1499938964844,285.1499938964844,0.0,-0.0,293.0625305175781,0.0,0.0,9.973141277441756e-05,296.53045654296875,303.1499938964844,285.1499938964844,0.0,-0.0,293.0625305175781,0.0,0.0,7.36612782930024e-05,296.52099609375,303.1499938964844,285.1499938964844,0.0,-0.0,293.0625305175781,0.0,0.0,9.973141277441756e-05,296.897705078125,303.1499938964844,285.1499938964844,0.0,-0.0,293.06256103515625,0.0,0.0,0.0004730828804895,293.0394592285156,294.1499938964844,285.3500061035156,285.3500061035156,285.8177185058594,285.3499755859375,292.69757080078125,0.0,0.0,0.0,0.0,1.0,1.0,-0.0010090959258377,6.927660223254861e-09,0.0010090890573337,-0.0172013416886329,0.0,0.0,0.0,-0.0082471556961536,60.0,-5.09618091583252,-0.0,-6.942633490325535e-08,0.0,293.1499938964844,293.1499938964844,293.1499938964844,293.1499938964844,293.1499938964844,293.1499938964844,278.1499938964844,0.0,18000.0,313.1499938964844,0.0,18000.0,0.0,0.0,0.0,0.0,0.0,0.0,0.0,0.0,0.0,0.0,-0.0,-0.0,0.0,0.0,0.0,0.0,0.0,-0.0,0.0,0.0,0.0,0.0,0.0,0.0,0.0,0.0,0.0,4.0,0.0,0.0
11850600,296.6639709472656,303.1499938964844,285.1499938964844,0.0,-0.0,293.0625305175781,0.0,0.0,9.470735676586628e-05,296.6425170898437,303.1499938964844,285.1499938964844,0.0,-0.0,293.0625305175781,0.0,0.0,9.973141277441756e-05,296.53045654296875,303.1499938964844,285.1499938964844,0.0,-0.0,293.0625305175781,0.0,0.0,7.36612782930024e-05,296.52099609375,303.1499938964844,285.1499938964844,0.0,-0.0,293.0625305175781,0.0,0.0,9.973141277441756e-05,296.897705078125,303.1499938964844,285.1499938964844,0.0,-0.0,293.06256103515625,0.0,0.0,0.0004730828804895,293.0394592285156,294.1499938964844,285.3500061035156,285.3500061035156,285.8177185058594,285.3499755859375,292.69757080078125,0.0,0.0,0.0,0.0,1.0,1.0,-0.0010090959258377,6.927660223254861e-09,0.0010090890573337,-0.0172013416886329,0.0,0.0,0.0,-0.0082471556961536,60.0,-5.09618091583252,-0.0,-6.942633490325535e-08,0.0,293.1499938964844,293.1499938964844,293.1499938964844,293.1499938964844,293.1499938964844,293.1499938964844,278.1499938964844,0.0,18000.0,313.1499938964844,0.0,18000.0,0.0,0.0,0.0,0.0,0.0,0.0,0.0,0.0,0.0,0.0,-0.0,-0.0,0.0,0.0,0.0,0.0,0.0,-0.0,0.0,0.0,0.0,0.0,0.0,0.0,0.0,0.0,0.0,4.0,0.0,0.0
11850660,296.6634826660156,303.1499938964844,285.1499938964844,0.0,-0.0,293.0606689453125,0.0,0.0,9.462254092795774e-05,296.6417541503906,303.1499938964844,285.1499938964844,0.0,-0.0,293.0606689453125,0.0,0.0,9.964208584278822e-05,296.5323486328125,303.1499938964844,285.1499938964844,0.0,-0.0,293.0606689453125,0.0,0.0,7.35953071853146e-05,296.5223083496094,303.1499938964844,285.1499938964844,0.0,-0.0,293.0606384277344,0.0,0.0,9.964208584278822e-05,296.8978271484375,303.1499938964844,285.1499938964844,0.0,-0.0,293.0606994628906,0.0,0.0,0.0004726591578219,293.0372009277344,294.1499938964844,285.3500061035156,285.3500061035156,285.80938720703125,285.3500061035156,292.6938171386719,0.0,0.0,0.0,0.0,1.0,1.0,-0.0010081921936944,6.821982090343681e-09,0.0010081854416057,-0.0169245339930057,0.0,0.0,0.0,-0.0081947660073637,60.0,-5.08931303024292,-0.0,-6.930203255706149e-08,0.0,293.1499938964844,293.1499938964844,293.1499938964844,293.1499938964844,293.1499938964844,293.1499938964844,278.1499938964844,0.0,18000.0,313.1499938964844,0.0,18000.0,0.0,0.0,0.0,0.0,0.0,0.0,0.0,0.0,0.0,0.0,-0.0,-0.0,0.0,0.0,0.0,0.0,0.0,-0.0,0.0,0.0,0.0,0.0,0.0,0.0,0.0,0.0,0.0,4.0,0.0,0.0
11850720,296.6634826660156,303.1499938964844,285.1499938964844,0.0,-0.0,293.0606689453125,0.0,0.0,9.462254092795774e-05,296.6417541503906,303.1499938964844,285.1499938964844,0.0,-0.0,293.0606689453125,0.0,0.0,9.964208584278822e-05,296.5323486328125,303.1499938964844,285.1499938964844,0.0,-0.0,293.0606689453125,0.0,0.0,7.35953071853146e-05,296.5223083496094,303.1499938964844,285.1499938964844,0.0,-0.0,293.0606384277344,0.0,0.0,9.964208584278822e-05,296.8978271484375,303.1499938964844,285.1499938964844,0.0,-0.0,293.0606994628906,0.0,0.0,0.0004726591578219,293.0372009277344,294.1499938964844,285.3500061035156,285.3500061035156,285.80938720703125,285.3500061035156,292.6938171386719,0.0,0.0,0.0,0.0,1.0,1.0,-0.0010081921936944,6.821982090343681e-09,0.0010081854416057,-0.0169245339930057,0.0,0.0,0.0,-0.0081947660073637,60.0,-5.08931303024292,-0.0,-6.930203255706149e-08,0.0,293.1499938964844,293.1499938964844,293.1499938964844,293.1499938964844,293.1499938964844,293.1499938964844,278.1499938964844,0.0,18000.0,313.1499938964844,0.0,18000.0,0.0,0.0,0.0,0.0,0.0,0.0,0.0,0.0,0.0,0.0,-0.0,-0.0,0.0,0.0,0.0,0.0,0.0,-0.0,0.0,0.0,0.0,0.0,0.0,0.0,0.0,0.0,0.0,4.0,0.0,0.0
11850780,296.6630859375,303.1499938964844,285.1499938964844,0.0,-0.0,293.05877685546875,0.0,0.0,9.45291030802764e-05,296.6410522460937,303.1499938964844,285.1499938964844,0.0,-0.0,293.05877685546875,0.0,0.0,9.954369306797162e-05,296.5343933105469,303.1499938964844,285.1499938964844,0.0,-0.0,293.05877685546875,0.0,0.0,7.352263492066413e-05,296.52325439453125,303.1499938964844,285.1499938964844,0.0,-0.0,293.0587463378906,0.0,0.0,9.954369306797162e-05,296.89794921875,303.1499938964844,285.1499938964844,0.0,-0.0,293.0588073730469,0.0,0.0,0.0004721924196928,293.034912109375,294.1499938964844,285.3500061035156,285.3500061035156,285.8012390136719,285.3500061035156,292.6900634765625,0.0,0.0,0.0,0.0,1.0,1.0,-0.0010071967262774,6.705569877141215e-09,0.0010071899741888,-0.0166196059435606,0.0,0.0,0.0,-0.0081370556727051,60.0,-5.081943988800049,-0.0,-6.916523176414557e-08,0.0,293.1499938964844,293.1499938964844,293.1499938964844,293.1499938964844,293.1499938964844,293.1499938964844,278.1499938964844,0.0,18000.0,313.1499938964844,0.0,18000.0,0.0,0.0,0.0,0.0,0.0,0.0,0.0,0.0,0.0,0.0,-0.0,-0.0,0.0,0.0,0.0,0.0,0.0,-0.0,0.0,0.0,0.0,0.0,0.0,0.0,0.0,0.0,0.0,4.0,0.0,0.0
11850840,296.6630859375,303.1499938964844,285.1499938964844,0.0,-0.0,293.05877685546875,0.0,0.0,9.45291030802764e-05,296.6410522460937,303.1499938964844,285.1499938964844,0.0,-0.0,293.05877685546875,0.0,0.0,9.954369306797162e-05,296.5343933105469,303.1499938964844,285.1499938964844,0.0,-0.0,293.05877685546875,0.0,0.0,7.352263492066413e-05,296.52325439453125,303.1499938964844,285.1499938964844,0.0,-0.0,293.0587463378906,0.0,0.0,9.954369306797162e-05,296.89794921875,303.1499938964844,285.1499938964844,0.0,-0.0,293.0588073730469,0.0,0.0,0.0004721924196928,293.034912109375,294.1499938964844,285.3500061035156,285.3500061035156,285.8012390136719,285.3500061035156,292.6900634765625,0.0,0.0,0.0,0.0,1.0,1.0,-0.0010071967262774,6.705569877141215e-09,0.0010071899741888,-0.0166196059435606,0.0,0.0,0.0,-0.0081370556727051,60.0,-5.081943988800049,-0.0,-6.916523176414557e-08,0.0,293.1499938964844,293.1499938964844,293.1499938964844,293.1499938964844,293.1499938964844,293.1499938964844,278.1499938964844,0.0,18000.0,313.1499938964844,0.0,18000.0,0.0,0.0,0.0,0.0,0.0,0.0,0.0,0.0,0.0,0.0,-0.0,-0.0,0.0,0.0,0.0,0.0,0.0,-0.0,0.0,0.0,0.0,0.0,0.0,0.0,0.0,0.0,0.0,4.0,0.0,0.0
11850900,296.66290283203125,303.1499938964844,285.1499938964844,0.0,-0.0,293.05780029296875,0.0,0.0,9.448038326809184e-05,296.6407165527344,303.1499938964844,285.1499938964844,0.0,-0.0,293.05780029296875,0.0,0.0,9.949239756679162e-05,296.5354309082031,303.1499938964844,285.1499938964844,0.0,-0.0,293.05780029296875,0.0,0.0,7.348474173340946e-05,296.5235900878906,303.1499938964844,285.1499938964844,0.0,-0.0,293.05780029296875,0.0,0.0,9.949239756679162e-05,296.89801025390625,303.1499938964844,285.1499938964844,0.0,-0.0,293.0578308105469,0.0,0.0,0.0004719490825664,293.0337829589844,294.1499938964844,285.3500061035156,285.3500061035156,285.7972106933594,285.3500061035156,292.6882019042969,0.0,0.0,0.0,0.0,1.0,1.0,-0.0010066776303574,6.644875760741797e-09,0.0010066709946841,-0.0164606254547834,0.0,0.0,0.0,-0.008106967434287,60.0,-5.078129291534424,-0.0,-6.909396432774886e-08,0.0,293.1499938964844,293.1499938964844,293.1499938964844,293.1499938964844,293.1499938964844,293.1499938964844,278.1499938964844,0.0,18000.0,313.1499938964844,0.0,18000.0,0.0,0.0,0.0,0.0,0.0,0.0,0.0,0.0,0.0,0.0,-0.0,-0.0,0.0,0.0,0.0,0.0,0.0,-0.0,0.0,0.0,0.0,0.0,0.0,0.0,0.0,0.0,0.0,4.0,0.0,0.0
11850960,296.6627502441406,303.1499938964844,285.1499938964844,0.0,-0.0,293.0568542480469,0.0,0.0,9.443036105949432e-05,296.640380859375,303.1499938964844,285.1499938964844,0.0,-0.0,293.0568542480469,0.0,0.0,9.943971963366494e-05,296.5364990234375,303.1499938964844,285.1499938964844,0.0,-0.0,293.0568542480469,0.0,0.0,7.344583718804643e-05,296.5238342285156,303.1499938964844,285.1499938964844,0.0,-0.0,293.0568542480469,0.0,0.0,9.943971963366494e-05,296.8980712890625,303.1499938964844,285.1499938964844,0.0,-0.0,293.056884765625,0.0,0.0,0.0004716991970781,293.0326232910156,294.1499938964844,285.3500061035156,285.3500061035156,285.793212890625,285.3500061035156,292.68634033203125,0.0,0.0,0.0,0.0,1.0,1.0,-0.0010061446810141,6.582550948763811e-09,0.0010061380453407,-0.0162973683327436,0.0,0.0,0.0,-0.0080760698765516,60.0,-5.074234485626221,-0.0,-6.902081395310233e-08,0.0,293.1499938964844,293.1499938964844,293.1499938964844,293.1499938964844,293.1499938964844,293.1499938964844,278.1499938964844,0.0,18000.0,313.1499938964844,0.0,18000.0,0.0,0.0,0.0,0.0,0.0,0.0,0.0,0.0,0.0,0.0,-0.0,-0.0,0.0,0.0,0.0,0.0,0.0,-0.0,0.0,0.0,0.0,0.0,0.0,0.0,0.0,0.0,0.0,4.0,0.0,0.0
11851020,296.6624450683594,303.1499938964844,285.1499938964844,0.0,-0.0,293.054931640625,0.0,0.0,9.43282648222521e-05,296.6398010253906,303.1499938964844,285.1499938964844,0.0,-0.0,293.054931640625,0.0,0.0,9.933220280800016e-05,296.5386962890625,303.1499938964844,285.1499938964844,0.0,-0.0,293.054931640625,0.0,0.0,7.336642738664523e-05,296.5239562988281,303.1499938964844,285.1499938964844,0.0,-0.0,293.054931640625,0.0,0.0,9.933220280800016e-05,296.898193359375,303.1499938964844,285.1499938964844,0.0,-0.0,293.0549621582031,0.0,0.0,0.000471189210657,293.03033447265625,294.1499938964844,285.3500061035156,285.3500061035156,285.7853698730469,285.3500061035156,292.6826171875,0.0,0.0,0.0,0.0,1.0,1.0,-0.0010050567798316,6.455347367761988e-09,0.0010050503769889,-0.0159641653299331,0.0,0.0,0.0,-0.0080130100250244,60.0,-5.066288948059082,-0.0,-6.887164261115687e-08,0.0,293.1499938964844,293.1499938964844,293.1499938964844,293.1499938964844,293.1499938964844,293.1499938964844,278.1499938964844,0.0,18000.0,313.1499938964844,0.0,18000.0,0.0,0.0,0.0,0.0,0.0,0.0,0.0,0.0,0.0,0.0,-0.0,-0.0,0.0,0.0,0.0,0.0,0.0,-0.0,0.0,0.0,0.0,0.0,0.0,0.0,0.0,0.0,0.0,4.0,0.0,0.0
11851080,296.6624450683594,303.1499938964844,285.1499938964844,0.0,-0.0,293.054931640625,0.0,0.0,9.43282648222521e-05,296.6398010253906,303.1499938964844,285.1499938964844,0.0,-0.0,293.054931640625,0.0,0.0,9.933220280800016e-05,296.5386962890625,303.1499938964844,285.1499938964844,0.0,-0.0,293.054931640625,0.0,0.0,7.336642738664523e-05,296.5239562988281,303.1499938964844,285.1499938964844,0.0,-0.0,293.054931640625,0.0,0.0,9.933220280800016e-05,296.898193359375,303.1499938964844,285.1499938964844,0.0,-0.0,293.0549621582031,0.0,0.0,0.000471189210657,293.03033447265625,294.1499938964844,285.3500061035156,285.3500061035156,285.7853698730469,285.3500061035156,292.6826171875,0.0,0.0,0.0,0.0,1.0,1.0,-0.0010050567798316,6.455347367761988e-09,0.0010050503769889,-0.0159641653299331,0.0,0.0,0.0,-0.0080130100250244,60.0,-5.066288948059082,-0.0,-6.887164261115687e-08,0.0,293.1499938964844,293.1499938964844,293.1499938964844,293.1499938964844,293.1499938964844,293.1499938964844,278.1499938964844,0.0,18000.0,313.1499938964844,0.0,18000.0,0.0,0.0,0.0,0.0,0.0,0.0,0.0,0.0,0.0,0.0,-0.0,-0.0,0.0,0.0,0.0,0.0,0.0,-0.0,0.0,0.0,0.0,0.0,0.0,0.0,0.0,0.0,0.0,4.0,0.0,0.0
11851140,296.66217041015625,303.1499938964844,285.1499938964844,0.0,-0.0,293.0530090332031,0.0,0.0,9.42247934290208e-05,296.63922119140625,303.1499938964844,285.1499938964844,0.0,-0.0,293.0530090332031,0.0,0.0,9.922324534272776e-05,296.5409240722656,303.1499938964844,285.1499938964844,0.0,-0.0,293.0530090332031,0.0,0.0,7.328594801947474e-05,296.5235900878906,303.1499938964844,285.1499938964844,0.0,-0.0,293.0530090332031,0.0,0.0,9.922324534272776e-05,296.89825439453125,303.1499938964844,285.1499938964844,0.0,-0.0,293.05303955078125,0.0,0.0,0.0004706723557319,293.02801513671875,294.1499938964844,285.3500061035156,285.3500061035156,285.77764892578125,285.3500061035156,292.67889404296875,0.0,0.0,0.0,0.0,1.0,1.0,-0.0010039543267339,6.3264367078375025e-09,0.0010039480403065,-0.0156264845281839,0.0,0.0,0.0,-0.0079491036012768,60.0,-5.058220863342285,-0.0,-6.872063806895312e-08,0.0,293.1499938964844,293.1499938964844,293.1499938964844,293.1499938964844,293.1499938964844,293.1499938964844,278.1499938964844,0.0,18000.0,313.1499938964844,0.0,18000.0,0.0,0.0,0.0,0.0,0.0,0.0,0.0,0.0,0.0,0.0,-0.0,-0.0,0.0,0.0,0.0,0.0,0.0,-0.0,0.0,0.0,0.0,0.0,0.0,0.0,0.0,0.0,0.0,4.0,0.0,0.0
11851200,296.66217041015625,303.1499938964844,285.1499938964844,0.0,-0.0,293.0530090332031,0.0,0.0,9.42247934290208e-05,296.63922119140625,303.1499938964844,285.1499938964844,0.0,-0.0,293.0530090332031,0.0,0.0,9.922324534272776e-05,296.5409240722656,303.1499938964844,285.1499938964844,0.0,-0.0,293.0530090332031,0.0,0.0,7.328594801947474e-05,296.5235900878906,303.1499938964844,285.1499938964844,0.0,-0.0,293.0530090332031,0.0,0.0,9.922324534272776e-05,296.89825439453125,303.1499938964844,285.1499938964844,0.0,-0.0,293.05303955078125,0.0,0.0,0.0004706723557319,293.02801513671875,294.1499938964844,285.3500061035156,285.3500061035156,285.77764892578125,285.3500061035156,292.67889404296875,0.0,0.0,0.0,0.0,1.0,1.0,-0.0010039543267339,6.3264367078375025e-09,0.0010039480403065,-0.0156264845281839,0.0,0.0,0.0,-0.0079491036012768,60.0,-5.058220863342285,-0.0,-6.872063806895312e-08,0.0,293.1499938964844,293.1499938964844,293.1499938964844,293.1499938964844,293.1499938964844,293.1499938964844,278.1499938964844,0.0,18000.0,313.1499938964844,0.0,18000.0,0.0,0.0,0.0,0.0,0.0,0.0,0.0,0.0,0.0,0.0,-0.0,-0.0,0.0,0.0,0.0,0.0,0.0,-0.0,0.0,0.0,0.0,0.0,0.0,0.0,0.0,0.0,0.0,4.0,0.0,0.0
11851260,296.66192626953125,303.1499938964844,285.1499938964844,0.0,-0.0,293.0511169433594,0.0,0.0,9.41231774049811e-05,296.638671875,303.1499938964844,285.1499938964844,0.0,-0.0,293.0511169433594,0.0,0.0,9.911623783409595e-05,296.5431213378906,303.1499938964844,285.1499938964844,0.0,-0.0,293.0511169433594,0.0,0.0,7.320691656786948e-05,296.5227966308594,303.1499938964844,285.1499938964844,0.0,-0.0,293.0511169433594,0.0,0.0,9.911623783409595e-05,296.8983154296875,303.1499938964844,285.1499938964844,0.0,-0.0,293.0511474609375,0.0,0.0,0.0004701647558249,293.0257568359375,294.1499938964844,285.3500061035156,285.3500061035156,285.7703552246094,285.3500061035156,292.6753234863281,0.0,0.0,0.0,0.0,1.0,1.0,-0.0010028716642409,6.199835311804236e-09,0.0010028654942288,-0.0152948461472988,0.0,0.0,0.0,-0.0078863417729735,60.0,-5.050395488739014,-0.0,-6.85724970139745e-08,0.0,293.1499938964844,293.1499938964844,293.1499938964844,293.1499938964844,293.1499938964844,293.1499938964844,278.1499938964844,0.0,18000.0,313.1499938964844,0.0,18000.0,0.0,0.0,0.0,0.0,0.0,0.0,0.0,0.0,0.0,0.0,-0.0,-0.0,0.0,0.0,0.0,0.0,0.0,-0.0,0.0,0.0,0.0,0.0,0.0,0.0,0.0,0.0,0.0,4.0,0.0,0.0
11851320,296.66192626953125,303.1499938964844,285.1499938964844,0.0,-0.0,293.0510559082031,0.0,0.0,9.411883365828544e-05,296.6386413574219,303.1499938964844,285.1499938964844,0.0,-0.0,293.0510559082031,0.0,0.0,9.911166125675663e-05,296.543212890625,303.1499938964844,285.1499938964844,0.0,-0.0,293.0510559082031,0.0,0.0,7.320353324757889e-05,296.52276611328125,303.1499938964844,285.1499938964844,0.0,-0.0,293.0510559082031,0.0,0.0,9.911166125675663e-05,296.8983154296875,303.1499938964844,285.1499938964844,0.0,-0.0,293.05108642578125,0.0,0.0,0.0004701430443674,293.0256652832031,294.1499938964844,285.3500061035156,285.3500061035156,285.77008056640625,285.3500061035156,292.6751708984375,0.0,0.0,0.0,0.0,1.0,1.0,-0.0010028254473581,6.194421420246954e-09,0.0010028191609308,-0.0152806639671325,0.0,0.0,0.0,-0.0078836577013134,60.0,-5.050065517425537,-0.0,-6.85661660781989e-08,0.0,293.1499938964844,293.1499938964844,293.1499938964844,293.1499938964844,293.1499938964844,293.1499938964844,278.1499938964844,0.0,18000.0,313.1499938964844,0.0,18000.0,0.0,0.0,0.0,0.0,0.0,0.0,0.0,0.0,0.0,0.0,-0.0,-0.0,0.0,0.0,0.0,0.0,0.0,-0.0,0.0,0.0,0.0,0.0,0.0,0.0,0.0,0.0,0.0,4.0,0.0,0.0
11851380,296.66168212890625,303.1499938964844,285.1499938964844,0.0,-0.0,293.049072265625,0.0,0.0,9.400876297149809e-05,296.6380920410156,303.1499938964844,285.1499938964844,0.0,-0.0,293.049072265625,0.0,0.0,9.899575525196268e-05,296.54571533203125,303.1499938964844,285.1499938964844,0.0,-0.0,293.049072265625,0.0,0.0,7.311792433029041e-05,296.5214538574219,303.1499938964844,285.1499938964844,0.0,-0.0,293.049072265625,0.0,0.0,9.899575525196268e-05,296.8983154296875,303.1499938964844,285.1499938964844,0.0,-0.0,293.0491027832031,0.0,0.0,0.0004695932439062,293.0233154296875,294.1499938964844,285.3500061035156,285.3500061035156,285.7626342773437,285.3500061035156,292.67144775390625,0.0,0.0,0.0,0.0,1.0,1.0,-0.0010016525629907,6.057287560423674e-09,0.001001646509394,-0.0149214304983615,0.0,0.0,0.0,-0.0078156748786568,60.0,-5.041703224182129,-0.0,-6.840588184786611e-08,0.0,293.1499938964844,293.1499938964844,293.1499938964844,293.1499938964844,293.1499938964844,293.1499938964844,278.1499938964844,0.0,18000.0,313.1499938964844,0.0,18000.0,0.0,0.0,0.0,0.0,0.0,0.0,0.0,0.0,0.0,0.0,-0.0,-0.0,0.0,0.0,0.0,0.0,0.0,-0.0,0.0,0.0,0.0,0.0,0.0,0.0,0.0,0.0,0.0,4.0,0.0,0.0
11851440,296.66168212890625,303.1499938964844,285.1499938964844,0.0,-0.0,293.049072265625,0.0,0.0,9.400876297149809e-05,296.6380920410156,303.1499938964844,285.1499938964844,0.0,-0.0,293.049072265625,0.0,0.0,9.899575525196268e-05,296.54571533203125,303.1499938964844,285.1499938964844,0.0,-0.0,293.049072265625,0.0,0.0,7.311792433029041e-05,296.5214538574219,303.1499938964844,285.1499938964844,0.0,-0.0,293.049072265625,0.0,0.0,9.899575525196268e-05,296.8983154296875,303.1499938964844,285.1499938964844,0.0,-0.0,293.0491027832031,0.0,0.0,0.0004695932439062,293.0233154296875,294.1499938964844,285.3500061035156,285.3500061035156,285.7626342773437,285.3500061035156,292.67144775390625,0.0,0.0,0.0,0.0,1.0,1.0,-0.0010016525629907,6.057287560423674e-09,0.001001646509394,-0.0149214304983615,0.0,0.0,0.0,-0.0078156748786568,60.0,-5.041703224182129,-0.0,-6.840588184786611e-08,0.0,293.1499938964844,293.1499938964844,293.1499938964844,293.1499938964844,293.1499938964844,293.1499938964844,278.1499938964844,0.0,18000.0,313.1499938964844,0.0,18000.0,0.0,0.0,0.0,0.0,0.0,0.0,0.0,0.0,0.0,0.0,-0.0,-0.0,0.0,0.0,0.0,0.0,0.0,-0.0,0.0,0.0,0.0,0.0,0.0,0.0,0.0,0.0,0.0,4.0,0.0,0.0
11851500,296.6615905761719,303.1499938964844,285.1499938964844,0.0,-0.0,293.048095703125,0.0,0.0,9.395339293405414e-05,296.6378479003906,303.1499938964844,285.1499938964844,0.0,-0.0,293.048095703125,0.0,0.0,9.893745300360024e-05,296.54705810546875,303.1499938964844,285.1499938964844,0.0,-0.0,293.048095703125,0.0,0.0,7.307486521312967e-05,296.52069091796875,303.1499938964844,285.1499938964844,0.0,-0.0,293.048095703125,0.0,0.0,9.893745300360024e-05,296.8982849121094,303.1499938964844,285.1499938964844,0.0,-0.0,293.0481262207031,0.0,0.0,0.0004693166702054,293.02215576171875,294.1499938964844,285.3500061035156,285.3500061035156,285.75897216796875,285.3500061035156,292.6695861816406,0.0,0.0,0.0,0.0,1.0,1.0,-0.001001062686555,5.988306739368454e-09,0.0010010566329583,-0.014740727841854,0.0,0.0,0.0,-0.0077814776450395,60.0,-5.037481784820557,-0.0,-6.832533472334036e-08,0.0,293.1499938964844,293.1499938964844,293.1499938964844,293.1499938964844,293.1499938964844,293.1499938964844,278.1499938964844,0.0,18000.0,313.1499938964844,0.0,18000.0,0.0,0.0,0.0,0.0,0.0,0.0,0.0,0.0,0.0,0.0,-0.0,-0.0,0.0,0.0,0.0,0.0,0.0,-0.0,0.0,0.0,0.0,0.0,0.0,0.0,0.0,0.0,0.0,4.0,0.0,0.0
11851560,296.6614685058594,303.1499938964844,285.1499938964844,0.0,-0.0,293.047119140625,0.0,0.0,9.38987359404564e-05,296.6375732421875,303.1499938964844,285.1499938964844,0.0,-0.0,293.047119140625,0.0,0.0,9.887989290291443e-05,296.5484619140625,303.1499938964844,285.1499938964844,0.0,-0.0,293.047119140625,0.0,0.0,7.303235179279e-05,296.5198059082031,303.1499938964844,285.1499938964844,0.0,-0.0,293.0470886230469,0.0,0.0,9.887989290291443e-05,296.8982849121094,303.1499938964844,285.1499938964844,0.0,-0.0,293.047119140625,0.0,0.0,0.0004690436471719,293.0209655761719,294.1499938964844,285.3500061035156,285.3500061035156,285.7553405761719,285.3500061035156,292.6677551269531,0.0,0.0,0.0,0.0,1.0,1.0,-0.0010004803771153,5.920211876286885e-09,0.0010004744399338,-0.0145623441785573,0.0,0.0,0.0,-0.0077477204613387,60.0,-5.033268451690674,-0.0,-6.824586051834558e-08,0.0,293.1499938964844,293.1499938964844,293.1499938964844,293.1499938964844,293.1499938964844,293.1499938964844,278.1499938964844,0.0,18000.0,313.1499938964844,0.0,18000.0,0.0,0.0,0.0,0.0,0.0,0.0,0.0,0.0,0.0,0.0,-0.0,-0.0,0.0,0.0,0.0,0.0,0.0,-0.0,0.0,0.0,0.0,0.0,0.0,0.0,0.0,0.0,0.0,4.0,0.0,0.0
11851620,296.6612243652344,303.1499938964844,285.1499938964844,0.0,-0.0,293.04510498046875,0.0,0.0,9.379298717249183e-05,296.63702392578125,303.1499938964844,285.1499938964844,0.0,-0.0,293.04510498046875,0.0,0.0,9.876852709567174e-05,296.5514831542969,303.1499938964844,285.1499938964844,0.0,-0.0,293.04510498046875,0.0,0.0,7.295009709196165e-05,296.51788330078125,303.1499938964844,285.1499938964844,0.0,-0.0,293.04510498046875,0.0,0.0,9.876852709567174e-05,296.8982238769531,303.1499938964844,285.1499938964844,0.0,-0.0,293.0451354980469,0.0,0.0,0.0004685153835453,293.0185852050781,294.1499938964844,285.3500061035156,285.3500061035156,285.7481994628906,285.3500061035156,292.6640319824219,0.0,0.0,0.0,0.0,1.0,1.0,-0.0009993534768,5.78845416043805e-09,0.0009993476560339,-0.0142171829938888,0.0,0.0,0.0,-0.0076824021525681,60.0,-5.024954795837402,-0.0,-6.809221986259217e-08,0.0,293.1499938964844,293.1499938964844,293.1499938964844,293.1499938964844,293.1499938964844,293.1499938964844,278.1499938964844,0.0,18000.0,313.1499938964844,0.0,18000.0,0.0,0.0,0.0,0.0,0.0,0.0,0.0,0.0,0.0,0.0,-0.0,-0.0,0.0,0.0,0.0,0.0,0.0,-0.0,0.0,0.0,0.0,0.0,0.0,0.0,0.0,0.0,0.0,4.0,0.0,0.0
11851680,296.6612243652344,303.1499938964844,285.1499938964844,0.0,-0.0,293.04510498046875,0.0,0.0,9.379298717249183e-05,296.63702392578125,303.1499938964844,285.1499938964844,0.0,-0.0,293.04510498046875,0.0,0.0,9.876852709567174e-05,296.5514831542969,303.1499938964844,285.1499938964844,0.0,-0.0,293.04510498046875,0.0,0.0,7.295009709196165e-05,296.51788330078125,303.1499938964844,285.1499938964844,0.0,-0.0,293.04510498046875,0.0,0.0,9.876852709567174e-05,296.8982238769531,303.1499938964844,285.1499938964844,0.0,-0.0,293.0451354980469,0.0,0.0,0.0004685153835453,293.0185852050781,294.1499938964844,285.3500061035156,285.3500061035156,285.7481994628906,285.3500061035156,292.6640319824219,0.0,0.0,0.0,0.0,1.0,1.0,-0.0009993534768,5.78845416043805e-09,0.0009993476560339,-0.0142171829938888,0.0,0.0,0.0,-0.0076824021525681,60.0,-5.024954795837402,-0.0,-6.809221986259217e-08,0.0,293.1499938964844,293.1499938964844,293.1499938964844,293.1499938964844,293.1499938964844,293.1499938964844,278.1499938964844,0.0,18000.0,313.1499938964844,0.0,18000.0,0.0,0.0,0.0,0.0,0.0,0.0,0.0,0.0,0.0,0.0,-0.0,-0.0,0.0,0.0,0.0,0.0,0.0,-0.0,0.0,0.0,0.0,0.0,0.0,0.0,0.0,0.0,0.0,4.0,0.0,0.0
11851740,296.6610107421875,303.1499938964844,285.1499938964844,0.0,-0.0,293.0431213378906,0.0,0.0,9.369560575578362e-05,296.636474609375,303.1499938964844,285.1499938964844,0.0,-0.0,293.0431213378906,0.0,0.0,9.866597974905744e-05,296.5547790527344,303.1499938964844,285.1499938964844,0.0,-0.0,293.0431213378906,0.0,0.0,7.2874354373198e-05,296.5157165527344,303.1499938964844,285.1499938964844,0.0,-0.0,293.0430908203125,0.0,0.0,9.866597974905744e-05,296.89813232421875,303.1499938964844,285.1499938964844,0.0,-0.0,293.0431213378906,0.0,0.0,0.000468028942123,293.0162048339844,294.1499938964844,285.3500061035156,285.3500061035156,285.7411499023437,285.3500061035156,292.66033935546875,0.0,0.0,0.0,0.0,1.0,1.0,-0.0009983158670365,5.667128988307013e-09,0.0009983102791011,-0.0138993468135595,0.0,0.0,0.0,-0.0076222559437155,60.0,-5.016958236694336,-0.0,-6.795090001787686e-08,0.0,293.1499938964844,293.1499938964844,293.1499938964844,293.1499938964844,293.1499938964844,293.1499938964844,278.1499938964844,0.0,18000.0,313.1499938964844,0.0,18000.0,0.0,0.0,0.0,0.0,0.0,0.0,0.0,0.0,0.0,0.0,-0.0,-0.0,0.0,0.0,0.0,0.0,0.0,-0.0,0.0,0.0,0.0,0.0,0.0,0.0,0.0,0.0,0.0,4.0,0.0,0.0
11851800,296.6610107421875,303.1499938964844,285.1499938964844,0.0,-0.0,293.0431213378906,0.0,0.0,9.369560575578362e-05,296.636474609375,303.1499938964844,285.1499938964844,0.0,-0.0,293.0431213378906,0.0,0.0,9.866597974905744e-05,296.5547790527344,303.1499938964844,285.1499938964844,0.0,-0.0,293.0431213378906,0.0,0.0,7.2874354373198e-05,296.5157165527344,303.1499938964844,285.1499938964844,0.0,-0.0,293.0430908203125,0.0,0.0,9.866597974905744e-05,296.89813232421875,303.1499938964844,285.1499938964844,0.0,-0.0,293.0431213378906,0.0,0.0,0.000468028942123,293.0162048339844,294.1499938964844,285.3500061035156,285.3500061035156,285.7411499023437,285.3500061035156,292.66033935546875,0.0,0.0,0.0,0.0,1.0,1.0,-0.0009983158670365,5.667128988307013e-09,0.0009983102791011,-0.0138993468135595,0.0,0.0,0.0,-0.0076222559437155,60.0,-5.016958236694336,-0.0,-6.795090001787686e-08,0.0,293.1499938964844,293.1499938964844,293.1499938964844,293.1499938964844,293.1499938964844,293.1499938964844,278.1499938964844,0.0,18000.0,313.1499938964844,0.0,18000.0,0.0,0.0,0.0,0.0,0.0,0.0,0.0,0.0,0.0,0.0,-0.0,-0.0,0.0,0.0,0.0,0.0,0.0,-0.0,0.0,0.0,0.0,0.0,0.0,0.0,0.0,0.0,0.0,4.0,0.0,0.0
11851860,296.6607360839844,303.1499938964844,285.1499938964844,0.0,-0.0,293.04107666015625,0.0,0.0,9.360906551592052e-05,296.6358947753906,303.1499938964844,285.1499938964844,0.0,-0.0,293.04107666015625,0.0,0.0,9.85748556558974e-05,296.5583801269531,303.1499938964844,285.1499938964844,0.0,-0.0,293.04107666015625,0.0,0.0,7.28070517652668e-05,296.5133972167969,303.1499938964844,285.1499938964844,0.0,-0.0,293.04107666015625,0.0,0.0,9.85748556558974e-05,296.8980712890625,303.1499938964844,285.1499938964844,0.0,-0.0,293.0411071777344,0.0,0.0,0.0004675966629292,293.0137939453125,294.1499938964844,285.3500061035156,285.3500061035156,285.7342834472656,285.3500061035156,292.6566467285156,0.0,0.0,0.0,0.0,1.0,1.0,-0.0009973938576877,5.559315230385664e-09,0.0009973882697522,-0.0136169027537107,0.0,0.0,0.0,-0.0075688073411583,60.0,-5.009495735168457,-0.0,-6.78254394870237e-08,0.0,293.1499938964844,293.1499938964844,293.1499938964844,293.1499938964844,293.1499938964844,293.1499938964844,278.1499938964844,0.0,18000.0,313.1499938964844,0.0,18000.0,0.0,0.0,0.0,0.0,0.0,0.0,0.0,0.0,0.0,0.0,-0.0,-0.0,0.0,0.0,0.0,0.0,0.0,-0.0,0.0,0.0,0.0,0.0,0.0,0.0,0.0,0.0,0.0,4.0,0.0,0.0
11851920,296.6607360839844,303.1499938964844,285.1499938964844,0.0,-0.0,293.04107666015625,0.0,0.0,9.360906551592052e-05,296.6358947753906,303.1499938964844,285.1499938964844,0.0,-0.0,293.04107666015625,0.0,0.0,9.85748556558974e-05,296.5583801269531,303.1499938964844,285.1499938964844,0.0,-0.0,293.04107666015625,0.0,0.0,7.28070517652668e-05,296.5133972167969,303.1499938964844,285.1499938964844,0.0,-0.0,293.04107666015625,0.0,0.0,9.85748556558974e-05,296.8980712890625,303.1499938964844,285.1499938964844,0.0,-0.0,293.0411071777344,0.0,0.0,0.0004675966629292,293.0137939453125,294.1499938964844,285.3500061035156,285.3500061035156,285.7342834472656,285.3500061035156,292.6566467285156,0.0,0.0,0.0,0.0,1.0,1.0,-0.0009973938576877,5.559315230385664e-09,0.0009973882697522,-0.0136169027537107,0.0,0.0,0.0,-0.0075688073411583,60.0,-5.009495735168457,-0.0,-6.78254394870237e-08,0.0,293.1499938964844,293.1499938964844,293.1499938964844,293.1499938964844,293.1499938964844,293.1499938964844,278.1499938964844,0.0,18000.0,313.1499938964844,0.0,18000.0,0.0,0.0,0.0,0.0,0.0,0.0,0.0,0.0,0.0,0.0,-0.0,-0.0,0.0,0.0,0.0,0.0,0.0,-0.0,0.0,0.0,0.0,0.0,0.0,0.0,0.0,0.0,0.0,4.0,0.0,0.0
11851980,296.66046142578125,303.1499938964844,285.1499938964844,0.0,-0.0,293.0390625,0.0,0.0,9.353856148663908e-05,296.6352844238281,303.1499938964844,285.1499938964844,0.0,-0.0,293.0390625,0.0,0.0,9.850061178440228e-05,296.5622863769531,303.1499938964844,285.1499938964844,0.0,-0.0,293.0390625,0.0,0.0,7.27522128727287e-05,296.5108947753906,303.1499938964844,285.1499938964844,0.0,-0.0,293.0390319824219,0.0,0.0,9.850061178440228e-05,296.8979797363281,303.1499938964844,285.1499938964844,0.0,-0.0,293.0390625,0.0,0.0,0.0004672444774769,293.0113830566406,294.1499938964844,285.3500061035156,285.3500061035156,285.7275085449219,285.3500061035156,292.6529846191406,0.0,0.0,0.0,0.0,1.0,1.0,-0.0009966425132006,5.4714774933017915e-09,0.0009966370416805,-0.0133867906406521,0.0,0.0,0.0,-0.0075252624228596,60.0,-5.002780914306641,-0.0,-6.77233131796129e-08,0.0,293.1499938964844,293.1499938964844,293.1499938964844,293.1499938964844,293.1499938964844,293.1499938964844,278.1499938964844,0.0,18000.0,313.1499938964844,0.0,18000.0,0.0,0.0,0.0,0.0,0.0,0.0,0.0,0.0,0.0,0.0,-0.0,-0.0,0.0,0.0,0.0,0.0,0.0,-0.0,0.0,0.0,0.0,0.0,0.0,0.0,0.0,0.0,0.0,4.0,0.0,0.0
11852040,296.66046142578125,303.1499938964844,285.1499938964844,0.0,-0.0,293.0390625,0.0,0.0,9.353856148663908e-05,296.6352844238281,303.1499938964844,285.1499938964844,0.0,-0.0,293.0390625,0.0,0.0,9.850061178440228e-05,296.5622863769531,303.1499938964844,285.1499938964844,0.0,-0.0,293.0390625,0.0,0.0,7.27522128727287e-05,296.5108947753906,303.1499938964844,285.1499938964844,0.0,-0.0,293.0390319824219,0.0,0.0,9.850061178440228e-05,296.8979797363281,303.1499938964844,285.1499938964844,0.0,-0.0,293.0390625,0.0,0.0,0.0004672444774769,293.0113830566406,294.1499938964844,285.3500061035156,285.3500061035156,285.7275085449219,285.3500061035156,292.6529846191406,0.0,0.0,0.0,0.0,1.0,1.0,-0.0009966425132006,5.4714774933017915e-09,0.0009966370416805,-0.0133867906406521,0.0,0.0,0.0,-0.0075252624228596,60.0,-5.002780914306641,-0.0,-6.77233131796129e-08,0.0,293.1499938964844,293.1499938964844,293.1499938964844,293.1499938964844,293.1499938964844,293.1499938964844,278.1499938964844,0.0,18000.0,313.1499938964844,0.0,18000.0,0.0,0.0,0.0,0.0,0.0,0.0,0.0,0.0,0.0,0.0,-0.0,-0.0,0.0,0.0,0.0,0.0,0.0,-0.0,0.0,0.0,0.0,0.0,0.0,0.0,0.0,0.0,0.0,4.0,0.0,0.0
11852100,296.6602783203125,303.1499938964844,285.1499938964844,0.0,-0.0,293.0380249023437,0.0,0.0,9.350889013148844e-05,296.6349792480469,303.1499938964844,285.1499938964844,0.0,-0.0,293.0380249023437,0.0,0.0,9.846936154644936e-05,296.5643310546875,303.1499938964844,285.1499938964844,0.0,-0.0,293.0380249023437,0.0,0.0,7.272913353517652e-05,296.5096130371094,303.1499938964844,285.1499938964844,0.0,-0.0,293.0380249023437,0.0,0.0,9.846936154644936e-05,296.8979187011719,303.1499938964844,285.1499938964844,0.0,-0.0,293.0380554199219,0.0,0.0,0.0004670962807722,293.0101623535156,294.1499938964844,285.3500061035156,285.3500061035156,285.72418212890625,285.3500061035156,292.651123046875,0.0,0.0,0.0,0.0,1.0,1.0,-0.0009963263291865,5.434509731117032e-09,0.0009963209740817,-0.0132899424061179,0.0,0.0,0.0,-0.007506935391575,60.0,-4.999697685241699,-0.0,-6.768035376580883e-08,0.0,293.1499938964844,293.1499938964844,293.1499938964844,293.1499938964844,293.1499938964844,293.1499938964844,278.1499938964844,0.0,18000.0,313.1499938964844,0.0,18000.0,0.0,0.0,0.0,0.0,0.0,0.0,0.0,0.0,0.0,0.0,-0.0,-0.0,0.0,0.0,0.0,0.0,0.0,-0.0,0.0,0.0,0.0,0.0,0.0,0.0,0.0,0.0,0.0,4.0,0.0,0.0
11852160,296.6601257324219,303.1499938964844,285.1499938964844,0.0,-0.0,293.0369873046875,0.0,0.0,9.348458115709946e-05,296.6346740722656,303.1499938964844,285.1499938964844,0.0,-0.0,293.0370178222656,0.0,0.0,9.844377200352028e-05,296.56646728515625,303.1499938964844,285.1499938964844,0.0,-0.0,293.0369873046875,0.0,0.0,7.271023059729487e-05,296.50830078125,303.1499938964844,285.1499938964844,0.0,-0.0,293.0369873046875,0.0,0.0,9.844377200352028e-05,296.8978881835937,303.1499938964844,285.1499938964844,0.0,-0.0,293.0370178222656,0.0,0.0,0.0004669748595915,293.0089416503906,294.1499938964844,285.3500061035156,285.3500061035156,285.7208557128906,285.3500061035156,292.6492919921875,0.0,0.0,0.0,0.0,1.0,1.0,-0.0009960674215108,5.404227287897356e-09,0.0009960619499906,-0.0132106095552444,0.0,0.0,0.0,-0.0074919229373335,60.0,-4.99687385559082,-0.0,-6.764517479496135e-08,0.0,293.1499938964844,293.1499938964844,293.1499938964844,293.1499938964844,293.1499938964844,293.1499938964844,278.1499938964844,0.0,18000.0,313.1499938964844,0.0,18000.0,0.0,0.0,0.0,0.0,0.0,0.0,0.0,0.0,0.0,0.0,-0.0,-0.0,0.0,0.0,0.0,0.0,0.0,-0.0,0.0,0.0,0.0,0.0,0.0,0.0,0.0,0.0,0.0,4.0,0.0,0.0
11852220,296.6597595214844,303.1499938964844,285.1499938964844,0.0,-0.0,293.0349426269531,0.0,0.0,9.345166472485288e-05,296.6340026855469,303.1499938964844,285.1499938964844,0.0,-0.0,293.0349426269531,0.0,0.0,9.84091020654887e-05,296.5708923339844,303.1499938964844,285.1499938964844,0.0,-0.0,293.0349426269531,0.0,0.0,7.268462650245056e-05,296.50567626953125,303.1499938964844,285.1499938964844,0.0,-0.0,293.0349426269531,0.0,0.0,9.84091020654887e-05,296.8978271484375,303.1499938964844,285.1499938964844,0.0,-0.0,293.03497314453125,0.0,0.0,0.0004668103938456,293.0065002441406,294.1499938964844,285.3500061035156,285.3500061035156,285.71435546875,285.3500061035156,292.6456298828125,0.0,0.0,0.0,0.0,1.0,1.0,-0.0009957165457308,5.3632112084756045e-09,0.000995711190626,-0.0131031554192304,0.0,0.0,0.0,-0.007471589371562,60.0,-4.991964817047119,-0.0,-6.759754000995599e-08,0.0,293.1499938964844,293.1499938964844,293.1499938964844,293.1499938964844,293.1499938964844,293.1499938964844,278.1499938964844,0.0,18000.0,313.1499938964844,0.0,18000.0,0.0,0.0,0.0,0.0,0.0,0.0,0.0,0.0,0.0,0.0,-0.0,-0.0,0.0,0.0,0.0,0.0,0.0,-0.0,0.0,0.0,0.0,0.0,0.0,0.0,0.0,0.0,0.0,4.0,0.0,0.0
11852280,296.6597595214844,303.1499938964844,285.1499938964844,0.0,-0.0,293.0349426269531,0.0,0.0,9.345166472485288e-05,296.6340026855469,303.1499938964844,285.1499938964844,0.0,-0.0,293.0349426269531,0.0,0.0,9.84091020654887e-05,296.5708923339844,303.1499938964844,285.1499938964844,0.0,-0.0,293.0349426269531,0.0,0.0,7.268462650245056e-05,296.50567626953125,303.1499938964844,285.1499938964844,0.0,-0.0,293.0349426269531,0.0,0.0,9.84091020654887e-05,296.8978271484375,303.1499938964844,285.1499938964844,0.0,-0.0,293.03497314453125,0.0,0.0,0.0004668103938456,293.0065002441406,294.1499938964844,285.3500061035156,285.3500061035156,285.71435546875,285.3500061035156,292.6456298828125,0.0,0.0,0.0,0.0,1.0,1.0,-0.0009957165457308,5.3632112084756045e-09,0.000995711190626,-0.0131031554192304,0.0,0.0,0.0,-0.007471589371562,60.0,-4.991964817047119,-0.0,-6.759754000995599e-08,0.0,293.1499938964844,293.1499938964844,293.1499938964844,293.1499938964844,293.1499938964844,293.1499938964844,278.1499938964844,0.0,18000.0,313.1499938964844,0.0,18000.0,0.0,0.0,0.0,0.0,0.0,0.0,0.0,0.0,0.0,0.0,-0.0,-0.0,0.0,0.0,0.0,0.0,0.0,-0.0,0.0,0.0,0.0,0.0,0.0,0.0,0.0,0.0,0.0,4.0,0.0,0.0
11852340,296.6593933105469,303.1499938964844,285.1499938964844,0.0,-0.0,293.0328674316406,0.0,0.0,9.344005957245828e-05,296.6333312988281,303.1499938964844,285.1499938964844,0.0,-0.0,293.0328674316406,0.0,0.0,9.839687845669688e-05,296.5755920410156,303.1499938964844,285.1499938964844,0.0,-0.0,293.0328674316406,0.0,0.0,7.267559703905135e-05,296.5030212402344,303.1499938964844,285.1499938964844,0.0,-0.0,293.0328674316406,0.0,0.0,9.839687845669688e-05,296.89776611328125,303.1499938964844,285.1499938964844,0.0,-0.0,293.03289794921875,0.0,0.0,0.0004667524481192,293.0040588378906,294.1499938964844,285.3500061035156,285.3500061035156,285.7079467773437,285.3500061035156,292.6419372558594,0.0,0.0,0.0,0.0,1.0,1.0,-0.0009955927962437,5.348753440159726e-09,0.0009955874411389,-0.0130652785301208,0.0,0.0,0.0,-0.0074644214473664,60.0,-4.988225936889648,-0.0,-6.758074988510998e-08,0.0,293.1499938964844,293.1499938964844,293.1499938964844,293.1499938964844,293.1499938964844,293.1499938964844,278.1499938964844,0.0,18000.0,313.1499938964844,0.0,18000.0,0.0,0.0,0.0,0.0,0.0,0.0,0.0,0.0,0.0,0.0,-0.0,-0.0,0.0,0.0,0.0,0.0,0.0,-0.0,0.0,0.0,0.0,0.0,0.0,0.0,0.0,0.0,0.0,4.0,0.0,0.0
11852400,296.6593933105469,303.1499938964844,285.1499938964844,0.0,-0.0,293.0328674316406,0.0,0.0,9.344005957245828e-05,296.6333312988281,303.1499938964844,285.1499938964844,0.0,-0.0,293.0328674316406,0.0,0.0,9.839687845669688e-05,296.5755920410156,303.1499938964844,285.1499938964844,0.0,-0.0,293.0328674316406,0.0,0.0,7.267559703905135e-05,296.5030212402344,303.1499938964844,285.1499938964844,0.0,-0.0,293.0328674316406,0.0,0.0,9.839687845669688e-05,296.89776611328125,303.1499938964844,285.1499938964844,0.0,-0.0,293.03289794921875,0.0,0.0,0.0004667524481192,293.0040588378906,294.1499938964844,285.3500061035156,285.3500061035156,285.7079467773437,285.3500061035156,292.6419372558594,0.0,0.0,0.0,0.0,1.0,1.0,-0.0009955927962437,5.348753440159726e-09,0.0009955874411389,-0.0130652785301208,0.0,0.0,0.0,-0.0074644214473664,60.0,-4.988225936889648,-0.0,-6.758074988510998e-08,0.0,293.1499938964844,293.1499938964844,293.1499938964844,293.1499938964844,293.1499938964844,293.1499938964844,278.1499938964844,0.0,18000.0,313.1499938964844,0.0,18000.0,0.0,0.0,0.0,0.0,0.0,0.0,0.0,0.0,0.0,0.0,-0.0,-0.0,0.0,0.0,0.0,0.0,0.0,-0.0,0.0,0.0,0.0,0.0,0.0,0.0,0.0,0.0,0.0,4.0,0.0,0.0
11852460,296.65899658203125,303.1499938964844,285.1499938964844,0.0,-0.0,293.03076171875,0.0,0.0,9.34530035010539e-05,296.632568359375,303.1499938964844,285.1499938964844,0.0,-0.0,293.03076171875,0.0,0.0,9.841051360126583e-05,296.58056640625,303.1499938964844,285.1499938964844,0.0,-0.0,293.03076171875,0.0,0.0,7.2685674240347e-05,296.5003967285156,303.1499938964844,285.1499938964844,0.0,-0.0,293.03076171875,0.0,0.0,9.841051360126583e-05,296.897705078125,303.1499938964844,285.1499938964844,0.0,-0.0,293.0307922363281,0.0,0.0,0.0004668171168304,293.0015869140625,294.1499938964844,285.3500061035156,285.3500061035156,285.70166015625,285.3500061035156,292.6382751464844,0.0,0.0,0.0,0.0,1.0,1.0,-0.0009957307484,5.3648876452427885e-09,0.0009957253932952,-0.0131075475364923,0.0,0.0,0.0,-0.0074724196456372,60.0,-4.985744476318359,-0.0,-6.759948689705197e-08,0.0,293.1499938964844,293.1499938964844,293.1499938964844,293.1499938964844,293.1499938964844,293.1499938964844,278.1499938964844,0.0,18000.0,313.1499938964844,0.0,18000.0,0.0,0.0,0.0,0.0,0.0,0.0,0.0,0.0,0.0,0.0,-0.0,-0.0,0.0,0.0,0.0,0.0,0.0,-0.0,0.0,0.0,0.0,0.0,0.0,0.0,0.0,0.0,0.0,4.0,0.0,0.0
11852520,296.65899658203125,303.1499938964844,285.1499938964844,0.0,-0.0,293.03076171875,0.0,0.0,9.34530035010539e-05,296.632568359375,303.1499938964844,285.1499938964844,0.0,-0.0,293.03076171875,0.0,0.0,9.841051360126583e-05,296.58056640625,303.1499938964844,285.1499938964844,0.0,-0.0,293.03076171875,0.0,0.0,7.2685674240347e-05,296.5003967285156,303.1499938964844,285.1499938964844,0.0,-0.0,293.03076171875,0.0,0.0,9.841051360126583e-05,296.897705078125,303.1499938964844,285.1499938964844,0.0,-0.0,293.0307922363281,0.0,0.0,0.0004668171168304,293.0015869140625,294.1499938964844,285.3500061035156,285.3500061035156,285.70166015625,285.3500061035156,292.6382751464844,0.0,0.0,0.0,0.0,1.0,1.0,-0.0009957307484,5.3648876452427885e-09,0.0009957253932952,-0.0131075475364923,0.0,0.0,0.0,-0.0074724196456372,60.0,-4.985744476318359,-0.0,-6.759948689705197e-08,0.0,293.1499938964844,293.1499938964844,293.1499938964844,293.1499938964844,293.1499938964844,293.1499938964844,278.1499938964844,0.0,18000.0,313.1499938964844,0.0,18000.0,0.0,0.0,0.0,0.0,0.0,0.0,0.0,0.0,0.0,0.0,-0.0,-0.0,0.0,0.0,0.0,0.0,0.0,-0.0,0.0,0.0,0.0,0.0,0.0,0.0,0.0,0.0,0.0,4.0,0.0,0.0
11852580,296.6585693359375,303.1499938964844,285.1499938964844,0.0,-0.0,293.0286560058594,0.0,0.0,9.34881391003728e-05,296.6317749023437,303.1499938964844,285.1499938964844,0.0,-0.0,293.0286560058594,0.0,0.0,9.844751184573396e-05,296.5857238769531,303.1499938964844,285.1499938964844,0.0,-0.0,293.0286560058594,0.0,0.0,7.271299546118826e-05,296.4977722167969,303.1499938964844,285.1499938964844,0.0,-0.0,293.0286560058594,0.0,0.0,9.844751184573396e-05,296.8976745605469,303.1499938964844,285.1499938964844,0.0,-0.0,293.0286865234375,0.0,0.0,0.0004669926129281,292.99908447265625,294.1499938964844,285.3500061035156,285.3500061035156,285.6954650878906,285.3500061035156,292.6346435546875,0.0,0.0,0.0,0.0,1.0,1.0,-0.0009961050236597,5.4086575218548205e-09,0.0009960995521396,-0.0132222156971693,0.0,0.0,0.0,-0.0074941180646419,60.0,-4.984438896179199,-0.0,-6.765031912436825e-08,0.0,293.1499938964844,293.1499938964844,293.1499938964844,293.1499938964844,293.1499938964844,293.1499938964844,278.1499938964844,0.0,18000.0,313.1499938964844,0.0,18000.0,0.0,0.0,0.0,0.0,0.0,0.0,0.0,0.0,0.0,0.0,-0.0,-0.0,0.0,0.0,0.0,0.0,0.0,-0.0,0.0,0.0,0.0,0.0,0.0,0.0,0.0,0.0,0.0,4.0,0.0,0.0
11852640,296.6585693359375,303.1499938964844,285.1499938964844,0.0,-0.0,293.0286560058594,0.0,0.0,9.34881391003728e-05,296.6317749023437,303.1499938964844,285.1499938964844,0.0,-0.0,293.0286560058594,0.0,0.0,9.844751184573396e-05,296.5857238769531,303.1499938964844,285.1499938964844,0.0,-0.0,293.0286560058594,0.0,0.0,7.271299546118826e-05,296.4977722167969,303.1499938964844,285.1499938964844,0.0,-0.0,293.0286560058594,0.0,0.0,9.844751184573396e-05,296.8976745605469,303.1499938964844,285.1499938964844,0.0,-0.0,293.0286865234375,0.0,0.0,0.0004669926129281,292.99908447265625,294.1499938964844,285.3500061035156,285.3500061035156,285.6954650878906,285.3500061035156,292.6346435546875,0.0,0.0,0.0,0.0,1.0,1.0,-0.0009961050236597,5.4086575218548205e-09,0.0009960995521396,-0.0132222156971693,0.0,0.0,0.0,-0.0074941180646419,60.0,-4.984438896179199,-0.0,-6.765031912436825e-08,0.0,293.1499938964844,293.1499938964844,293.1499938964844,293.1499938964844,293.1499938964844,293.1499938964844,278.1499938964844,0.0,18000.0,313.1499938964844,0.0,18000.0,0.0,0.0,0.0,0.0,0.0,0.0,0.0,0.0,0.0,0.0,-0.0,-0.0,0.0,0.0,0.0,0.0,0.0,-0.0,0.0,0.0,0.0,0.0,0.0,0.0,0.0,0.0,0.0,4.0,0.0,0.0
11852700,296.6583557128906,303.1499938964844,285.1499938964844,0.0,-0.0,293.027587890625,0.0,0.0,9.351484186481684e-05,296.6313781738281,303.1499938964844,285.1499938964844,0.0,-0.0,293.027587890625,0.0,0.0,9.847562614595518e-05,296.5884094238281,303.1499938964844,285.1499938964844,0.0,-0.0,293.027587890625,0.0,0.0,7.273376104421914e-05,296.4965209960937,303.1499938964844,285.1499938964844,0.0,-0.0,293.027587890625,0.0,0.0,9.847562614595518e-05,296.8976745605469,303.1499938964844,285.1499938964844,0.0,-0.0,293.0276184082031,0.0,0.0,0.0004671259957831,292.9978332519531,294.1499938964844,285.3500061035156,285.3500061035156,285.6924133300781,285.3500061035156,292.6328125,0.0,0.0,0.0,0.0,1.0,1.0,-0.0009963894262909,5.441924244564689e-09,0.0009963840711861,-0.0133093679323792,0.0,0.0,0.0,-0.0075106099247932,60.0,-4.984264850616455,-0.0,-6.76889726491936e-08,0.0,293.1499938964844,293.1499938964844,293.1499938964844,293.1499938964844,293.1499938964844,293.1499938964844,278.1499938964844,0.0,18000.0,313.1499938964844,0.0,18000.0,0.0,0.0,0.0,0.0,0.0,0.0,0.0,0.0,0.0,0.0,-0.0,-0.0,0.0,0.0,0.0,0.0,0.0,-0.0,0.0,0.0,0.0,0.0,0.0,0.0,0.0,0.0,0.0,4.0,0.0,0.0
11852760,296.6581726074219,303.1499938964844,285.1499938964844,0.0,-0.0,293.0265197753906,0.0,0.0,9.354720532428472e-05,296.6309509277344,303.1499938964844,285.1499938964844,0.0,-0.0,293.0265197753906,0.0,0.0,9.850971400737762e-05,296.59112548828125,303.1499938964844,285.1499938964844,0.0,-0.0,293.0265197753906,0.0,0.0,7.275893585756421e-05,296.4952392578125,303.1499938964844,285.1499938964844,0.0,-0.0,293.0265197753906,0.0,0.0,9.850971400737762e-05,296.8976745605469,303.1499938964844,285.1499938964844,0.0,-0.0,293.02655029296875,0.0,0.0,0.0004672876675613,292.99658203125,294.1499938964844,285.3500061035156,285.3500061035156,285.6893920898437,285.3500061035156,292.6309814453125,0.0,0.0,0.0,0.0,1.0,1.0,-0.0009967342484742,5.4822497652651245e-09,0.0009967287769541,-0.0134150115773081,0.0,0.0,0.0,-0.0075306007638573,60.0,-4.984397888183594,-0.0,-6.773583294261698e-08,0.0,293.1499938964844,293.1499938964844,293.1499938964844,293.1499938964844,293.1499938964844,293.1499938964844,278.1499938964844,0.0,18000.0,313.1499938964844,0.0,18000.0,0.0,0.0,0.0,0.0,0.0,0.0,0.0,0.0,0.0,0.0,-0.0,-0.0,0.0,0.0,0.0,0.0,0.0,-0.0,0.0,0.0,0.0,0.0,0.0,0.0,0.0,0.0,0.0,4.0,0.0,0.0
11852820,296.65771484375,303.1499938964844,285.1499938964844,0.0,-0.0,293.0243835449219,0.0,0.0,9.362833952764048e-05,296.63006591796875,303.1499938964844,285.1499938964844,0.0,-0.0,293.0243835449219,0.0,0.0,9.859514830168337e-05,296.59674072265625,303.1499938964844,285.1499938964844,0.0,-0.0,293.0243835449219,0.0,0.0,7.282204023795202e-05,296.4927978515625,303.1499938964844,285.1499938964844,0.0,-0.0,293.0243835449219,0.0,0.0,9.859514830168337e-05,296.897705078125,303.1499938964844,285.1499938964844,0.0,-0.0,293.0244140625,0.0,0.0,0.0004676929384004,292.9940490722656,294.1499938964844,285.3500061035156,285.3500061035156,285.68341064453125,285.3500061035156,292.6273193359375,0.0,0.0,0.0,0.0,1.0,1.0,-0.0009975986322388,5.583330686675936e-09,0.0009975930443033,-0.0136798191815614,0.0,0.0,0.0,-0.0075807105749845,60.0,-4.98555850982666,-0.0,-6.785337802739377e-08,0.0,293.1499938964844,293.1499938964844,293.1499938964844,293.1499938964844,293.1499938964844,293.1499938964844,278.1499938964844,0.0,18000.0,313.1499938964844,0.0,18000.0,0.0,0.0,0.0,0.0,0.0,0.0,0.0,0.0,0.0,0.0,-0.0,-0.0,0.0,0.0,0.0,0.0,0.0,-0.0,0.0,0.0,0.0,0.0,0.0,0.0,0.0,0.0,0.0,4.0,0.0,0.0
11852880,296.65771484375,303.1499938964844,285.1499938964844,0.0,-0.0,293.0243835449219,0.0,0.0,9.362833952764048e-05,296.63006591796875,303.1499938964844,285.1499938964844,0.0,-0.0,293.0243835449219,0.0,0.0,9.859514830168337e-05,296.59674072265625,303.1499938964844,285.1499938964844,0.0,-0.0,293.0243835449219,0.0,0.0,7.282204023795202e-05,296.4927978515625,303.1499938964844,285.1499938964844,0.0,-0.0,293.0243835449219,0.0,0.0,9.859514830168337e-05,296.897705078125,303.1499938964844,285.1499938964844,0.0,-0.0,293.0244140625,0.0,0.0,0.0004676929384004,292.9940490722656,294.1499938964844,285.3500061035156,285.3500061035156,285.68341064453125,285.3500061035156,292.6273193359375,0.0,0.0,0.0,0.0,1.0,1.0,-0.0009975986322388,5.583330686675936e-09,0.0009975930443033,-0.0136798191815614,0.0,0.0,0.0,-0.0075807105749845,60.0,-4.98555850982666,-0.0,-6.785337802739377e-08,0.0,293.1499938964844,293.1499938964844,293.1499938964844,293.1499938964844,293.1499938964844,293.1499938964844,278.1499938964844,0.0,18000.0,313.1499938964844,0.0,18000.0,0.0,0.0,0.0,0.0,0.0,0.0,0.0,0.0,0.0,0.0,-0.0,-0.0,0.0,0.0,0.0,0.0,0.0,-0.0,0.0,0.0,0.0,0.0,0.0,0.0,0.0,0.0,0.0,4.0,0.0,0.0
11852940,296.65728759765625,303.1499938964844,285.1499938964844,0.0,-0.0,293.022216796875,0.0,0.0,9.372948261443526e-05,296.6291198730469,303.1499938964844,285.1499938964844,0.0,-0.0,293.022216796875,0.0,0.0,9.87016610451974e-05,296.6025085449219,303.1499938964844,285.1499938964844,0.0,-0.0,293.022216796875,0.0,0.0,7.290070789167657e-05,296.49041748046875,303.1499938964844,285.1499938964844,0.0,-0.0,293.022216796875,0.0,0.0,9.87016610451974e-05,296.8977355957031,303.1499938964844,285.1499938964844,0.0,-0.0,293.0222473144531,0.0,0.0,0.0004681981808971,292.99151611328125,294.1499938964844,285.3500061035156,285.3500061035156,285.67755126953125,285.3500061035156,292.6236877441406,0.0,0.0,0.0,0.0,1.0,1.0,-0.0009986762888729,5.709344108595361e-09,0.0009986705845221,-0.0140099395066499,0.0,0.0,0.0,-0.0076431804336607,60.0,-4.9878458976745605,-0.0,-6.800005536433673e-08,0.0,293.1499938964844,293.1499938964844,293.1499938964844,293.1499938964844,293.1499938964844,293.1499938964844,278.1499938964844,0.0,18000.0,313.1499938964844,0.0,18000.0,0.0,0.0,0.0,0.0,0.0,0.0,0.0,0.0,0.0,0.0,-0.0,-0.0,0.0,0.0,0.0,0.0,0.0,-0.0,0.0,0.0,0.0,0.0,0.0,0.0,0.0,0.0,0.0,4.0,0.0,0.0
11853000,296.65728759765625,303.1499938964844,285.1499938964844,0.0,-0.0,293.022216796875,0.0,0.0,9.372948261443526e-05,296.6291198730469,303.1499938964844,285.1499938964844,0.0,-0.0,293.022216796875,0.0,0.0,9.87016610451974e-05,296.6025085449219,303.1499938964844,285.1499938964844,0.0,-0.0,293.022216796875,0.0,0.0,7.290070789167657e-05,296.49041748046875,303.1499938964844,285.1499938964844,0.0,-0.0,293.022216796875,0.0,0.0,9.87016610451974e-05,296.8977355957031,303.1499938964844,285.1499938964844,0.0,-0.0,293.0222473144531,0.0,0.0,0.0004681981808971,292.99151611328125,294.1499938964844,285.3500061035156,285.3500061035156,285.67755126953125,285.3500061035156,292.6236877441406,0.0,0.0,0.0,0.0,1.0,1.0,-0.0009986762888729,5.709344108595361e-09,0.0009986705845221,-0.0140099395066499,0.0,0.0,0.0,-0.0076431804336607,60.0,-4.9878458976745605,-0.0,-6.800005536433673e-08,0.0,293.1499938964844,293.1499938964844,293.1499938964844,293.1499938964844,293.1499938964844,293.1499938964844,278.1499938964844,0.0,18000.0,313.1499938964844,0.0,18000.0,0.0,0.0,0.0,0.0,0.0,0.0,0.0,0.0,0.0,0.0,-0.0,-0.0,0.0,0.0,0.0,0.0,0.0,-0.0,0.0,0.0,0.0,0.0,0.0,0.0,0.0,0.0,0.0,4.0,0.0,0.0
11853060,296.6568298339844,303.1499938964844,285.1499938964844,0.0,-0.0,293.0200500488281,0.0,0.0,9.384793520439416e-05,296.6281433105469,303.1499938964844,285.1499938964844,0.0,-0.0,293.0200500488281,0.0,0.0,9.882639278657734e-05,296.60845947265625,303.1499938964844,285.1499938964844,0.0,-0.0,293.0200500488281,0.0,0.0,7.299283606698737e-05,296.4881286621094,303.1499938964844,285.1499938964844,0.0,-0.0,293.0200500488281,0.0,0.0,9.882639278657734e-05,296.8977966308594,303.1499938964844,285.1499938964844,0.0,-0.0,293.02008056640625,0.0,0.0,0.0004687898617703,292.98895263671875,294.1499938964844,285.3500061035156,285.3500061035156,285.6717529296875,285.3500061035156,292.6200561523437,0.0,0.0,0.0,0.0,1.0,1.0,-0.0009999383473768,5.856919393920634e-09,0.0009999324101954,-0.0143965389579534,0.0,0.0,0.0,-0.007716339547187,60.0,-4.9911322593688965,-0.0,-6.81720351281001e-08,0.0,293.1499938964844,293.1499938964844,293.1499938964844,293.1499938964844,293.1499938964844,293.1499938964844,278.1499938964844,0.0,18000.0,313.1499938964844,0.0,18000.0,0.0,0.0,0.0,0.0,0.0,0.0,0.0,0.0,0.0,0.0,-0.0,-0.0,0.0,0.0,0.0,0.0,0.0,-0.0,0.0,0.0,0.0,0.0,0.0,0.0,0.0,0.0,0.0,4.0,0.0,0.0
11853120,296.6568298339844,303.1499938964844,285.1499938964844,0.0,-0.0,293.0200500488281,0.0,0.0,9.384793520439416e-05,296.6281433105469,303.1499938964844,285.1499938964844,0.0,-0.0,293.0200500488281,0.0,0.0,9.882639278657734e-05,296.60845947265625,303.1499938964844,285.1499938964844,0.0,-0.0,293.0200500488281,0.0,0.0,7.299283606698737e-05,296.4881286621094,303.1499938964844,285.1499938964844,0.0,-0.0,293.0200500488281,0.0,0.0,9.882639278657734e-05,296.8977966308594,303.1499938964844,285.1499938964844,0.0,-0.0,293.02008056640625,0.0,0.0,0.0004687898617703,292.98895263671875,294.1499938964844,285.3500061035156,285.3500061035156,285.6717529296875,285.3500061035156,292.6200561523437,0.0,0.0,0.0,0.0,1.0,1.0,-0.0009999383473768,5.856919393920634e-09,0.0009999324101954,-0.0143965389579534,0.0,0.0,0.0,-0.007716339547187,60.0,-4.9911322593688965,-0.0,-6.81720351281001e-08,0.0,293.1499938964844,293.1499938964844,293.1499938964844,293.1499938964844,293.1499938964844,293.1499938964844,278.1499938964844,0.0,18000.0,313.1499938964844,0.0,18000.0,0.0,0.0,0.0,0.0,0.0,0.0,0.0,0.0,0.0,0.0,-0.0,-0.0,0.0,0.0,0.0,0.0,0.0,-0.0,0.0,0.0,0.0,0.0,0.0,0.0,0.0,0.0,0.0,4.0,0.0,0.0
11853180,296.6563720703125,303.1499938964844,285.1499938964844,0.0,-0.0,293.0178527832031,0.0,0.0,9.398043766850606e-05,296.62713623046875,303.1499938964844,285.1499938964844,0.0,-0.0,293.0178527832031,0.0,0.0,9.896592382574454e-05,296.61456298828125,303.1499938964844,285.1499938964844,0.0,-0.0,293.0178527832031,0.0,0.0,7.309589273063466e-05,296.4859619140625,303.1499938964844,285.1499938964844,0.0,-0.0,293.0178527832031,0.0,0.0,9.896592382574454e-05,296.8978881835937,303.1499938964844,285.1499938964844,0.0,-0.0,293.01788330078125,0.0,0.0,0.0004694517410825,292.98638916015625,294.1499938964844,285.3500061035156,285.3500061035156,285.66607666015625,285.3500061035156,292.61639404296875,0.0,0.0,0.0,0.0,1.0,1.0,-0.0010013501159846,6.0220020081658285e-09,0.0010013440623879,-0.014828996732831,0.0,0.0,0.0,-0.0077981781214475,60.0,-4.995255470275879,-0.0,-6.836467747461938e-08,0.0,293.1499938964844,293.1499938964844,293.1499938964844,293.1499938964844,293.1499938964844,293.1499938964844,278.1499938964844,0.0,18000.0,313.1499938964844,0.0,18000.0,0.0,0.0,0.0,0.0,0.0,0.0,0.0,0.0,0.0,0.0,-0.0,-0.0,0.0,0.0,0.0,0.0,0.0,-0.0,0.0,0.0,0.0,0.0,0.0,0.0,0.0,0.0,0.0,4.0,0.0,0.0
11853240,296.6563720703125,303.1499938964844,285.1499938964844,0.0,-0.0,293.0178527832031,0.0,0.0,9.398043766850606e-05,296.62713623046875,303.1499938964844,285.1499938964844,0.0,-0.0,293.0178527832031,0.0,0.0,9.896592382574454e-05,296.61456298828125,303.1499938964844,285.1499938964844,0.0,-0.0,293.0178527832031,0.0,0.0,7.309589273063466e-05,296.4859619140625,303.1499938964844,285.1499938964844,0.0,-0.0,293.0178527832031,0.0,0.0,9.896592382574454e-05,296.8978881835937,303.1499938964844,285.1499938964844,0.0,-0.0,293.01788330078125,0.0,0.0,0.0004694517410825,292.98638916015625,294.1499938964844,285.3500061035156,285.3500061035156,285.66607666015625,285.3500061035156,292.61639404296875,0.0,0.0,0.0,0.0,1.0,1.0,-0.0010013501159846,6.0220020081658285e-09,0.0010013440623879,-0.014828996732831,0.0,0.0,0.0,-0.0077981781214475,60.0,-4.995255470275879,-0.0,-6.836467747461938e-08,0.0,293.1499938964844,293.1499938964844,293.1499938964844,293.1499938964844,293.1499938964844,293.1499938964844,278.1499938964844,0.0,18000.0,313.1499938964844,0.0,18000.0,0.0,0.0,0.0,0.0,0.0,0.0,0.0,0.0,0.0,0.0,-0.0,-0.0,0.0,0.0,0.0,0.0,0.0,-0.0,0.0,0.0,0.0,0.0,0.0,0.0,0.0,0.0,0.0,4.0,0.0,0.0
11853300,296.6561584472656,303.1499938964844,285.1499938964844,0.0,-0.0,293.0167541503906,0.0,0.0,9.405080345459282e-05,296.6266174316406,303.1499938964844,285.1499938964844,0.0,-0.0,293.0167541503906,0.0,0.0,9.904002217808738e-05,296.6176452636719,303.1499938964844,285.1499938964844,0.0,-0.0,293.0167541503906,0.0,0.0,7.315062248380855e-05,296.48492431640625,303.1499938964844,285.1499938964844,0.0,-0.0,293.0167236328125,0.0,0.0,9.904002217808738e-05,296.8979187011719,303.1499938964844,285.1499938964844,0.0,-0.0,293.0167541503906,0.0,0.0,0.000469803228043,292.9850769042969,294.1499938964844,285.3500061035156,285.3500061035156,285.66326904296875,285.3500061035156,292.6145935058594,0.0,0.0,0.0,0.0,1.0,1.0,-0.0010020998306572,6.109668770903909e-09,0.0010020936606451,-0.0150586497038602,0.0,0.0,0.0,-0.0078416382893919,60.0,-4.997575283050537,-0.0,-6.84670879991245e-08,0.0,293.1499938964844,293.1499938964844,293.1499938964844,293.1499938964844,293.1499938964844,293.1499938964844,278.1499938964844,0.0,18000.0,313.1499938964844,0.0,18000.0,0.0,0.0,0.0,0.0,0.0,0.0,0.0,0.0,0.0,0.0,-0.0,-0.0,0.0,0.0,0.0,0.0,0.0,-0.0,0.0,0.0,0.0,0.0,0.0,0.0,0.0,0.0,0.0,4.0,0.0,0.0
11853360,296.6559143066406,303.1499938964844,285.1499938964844,0.0,-0.0,293.015625,0.0,0.0,9.412343933945522e-05,296.6260986328125,303.1499938964844,285.1499938964844,0.0,-0.0,293.015625,0.0,0.0,9.91165143204853e-05,296.6207580566406,303.1499938964844,285.1499938964844,0.0,-0.0,293.015625,0.0,0.0,7.320712029468268e-05,296.4839172363281,303.1499938964844,285.1499938964844,0.0,-0.0,293.015625,0.0,0.0,9.91165143204853e-05,296.8979797363281,303.1499938964844,285.1499938964844,0.0,-0.0,293.0156555175781,0.0,0.0,0.0004701660654973,292.9837951660156,294.1499938964844,285.3500061035156,285.3500061035156,285.6604919433594,285.3500061035156,292.6127624511719,0.0,0.0,0.0,0.0,1.0,1.0,-0.0010028737597167,6.2001714873360925e-09,0.0010028675897046,-0.0152957271784543,0.0,0.0,0.0,-0.007886504754424,60.0,-5.000030040740967,-0.0,-6.857288781247918e-08,0.0,293.1499938964844,293.1499938964844,293.1499938964844,293.1499938964844,293.1499938964844,293.1499938964844,278.1499938964844,0.0,18000.0,313.1499938964844,0.0,18000.0,0.0,0.0,0.0,0.0,0.0,0.0,0.0,0.0,0.0,0.0,-0.0,-0.0,0.0,0.0,0.0,0.0,0.0,-0.0,0.0,0.0,0.0,0.0,0.0,0.0,0.0,0.0,0.0,4.0,0.0,0.0
11853420,296.6553955078125,303.1499938964844,285.1499938964844,0.0,-0.0,293.0133972167969,0.0,0.0,9.427382610738276e-05,296.62506103515625,303.1499938964844,285.1499938964844,0.0,-0.0,293.0133972167969,0.0,0.0,9.9274875537958e-05,296.6268310546875,303.1499938964844,285.1499938964844,0.0,-0.0,293.0133972167969,0.0,0.0,7.33240885892883e-05,296.48193359375,303.1499938964844,285.1499938964844,0.0,-0.0,293.0133972167969,0.0,0.0,9.9274875537958e-05,296.8981018066406,303.1499938964844,285.1499938964844,0.0,-0.0,293.013427734375,0.0,0.0,0.0004709172644652,292.9811706542969,294.1499938964844,285.3500061035156,285.3500061035156,285.6549987792969,285.3500061035156,292.609130859375,0.0,0.0,0.0,0.0,1.0,1.0,-0.0010044761002063,6.387533613150253e-09,0.0010044696973636,-0.0157865285873413,0.0,0.0,0.0,-0.0079793874174356,60.0,-5.005269527435303,-0.0,-6.879218972244416e-08,0.0,293.1499938964844,293.1499938964844,293.1499938964844,293.1499938964844,293.1499938964844,293.1499938964844,278.1499938964844,0.0,18000.0,313.1499938964844,0.0,18000.0,0.0,0.0,0.0,0.0,0.0,0.0,0.0,0.0,0.0,0.0,-0.0,-0.0,0.0,0.0,0.0,0.0,0.0,-0.0,0.0,0.0,0.0,0.0,0.0,0.0,0.0,0.0,0.0,4.0,0.0,0.0
11853480,296.6553955078125,303.1499938964844,285.1499938964844,0.0,-0.0,293.0133972167969,0.0,0.0,9.427382610738276e-05,296.62506103515625,303.1499938964844,285.1499938964844,0.0,-0.0,293.0133972167969,0.0,0.0,9.9274875537958e-05,296.6268310546875,303.1499938964844,285.1499938964844,0.0,-0.0,293.0133972167969,0.0,0.0,7.33240885892883e-05,296.48193359375,303.1499938964844,285.1499938964844,0.0,-0.0,293.0133972167969,0.0,0.0,9.9274875537958e-05,296.8981018066406,303.1499938964844,285.1499938964844,0.0,-0.0,293.013427734375,0.0,0.0,0.0004709172644652,292.9811706542969,294.1499938964844,285.3500061035156,285.3500061035156,285.6549987792969,285.3500061035156,292.609130859375,0.0,0.0,0.0,0.0,1.0,1.0,-0.0010044761002063,6.387533613150253e-09,0.0010044696973636,-0.0157865285873413,0.0,0.0,0.0,-0.0079793874174356,60.0,-5.005269527435303,-0.0,-6.879218972244416e-08,0.0,293.1499938964844,293.1499938964844,293.1499938964844,293.1499938964844,293.1499938964844,293.1499938964844,278.1499938964844,0.0,18000.0,313.1499938964844,0.0,18000.0,0.0,0.0,0.0,0.0,0.0,0.0,0.0,0.0,0.0,0.0,-0.0,-0.0,0.0,0.0,0.0,0.0,0.0,-0.0,0.0,0.0,0.0,0.0,0.0,0.0,0.0,0.0,0.0,4.0,0.0,0.0
11853540,296.6547241210937,303.1499938964844,285.1499938964844,0.0,-0.0,293.0111694335937,0.0,0.0,9.442810551263392e-05,296.6239624023437,303.1499938964844,285.1499938964844,0.0,-0.0,293.0111694335937,0.0,0.0,9.94373403955251e-05,296.6310119628906,303.1499938964844,285.1499938964844,0.0,-0.0,293.0111694335937,0.0,0.0,7.344408368226141e-05,296.4800109863281,303.1499938964844,285.1499938964844,0.0,-0.0,293.0111389160156,0.0,0.0,9.94373403955251e-05,296.898193359375,303.1499938964844,285.1499938964844,0.0,-0.0,293.0111694335937,0.0,0.0,0.0004716879338957,292.9785461425781,294.1499938964844,285.3500061035156,285.3500061035156,285.6495666503906,285.3500061035156,292.60552978515625,0.0,0.0,0.0,0.0,1.0,1.0,-0.0010061198845505,6.579750078117286e-09,0.0010061133652925,-0.0162900332361459,0.0,0.0,0.0,-0.0080746775493025,60.0,-5.010822772979736,-0.0,-6.901753124566312e-08,0.0,293.1499938964844,293.1499938964844,293.1499938964844,293.1499938964844,293.1499938964844,293.1499938964844,278.1499938964844,0.0,18000.0,313.1499938964844,0.0,18000.0,0.0,0.0,0.0,0.0,0.0,0.0,0.0,0.0,0.0,0.0,-0.0,-0.0,0.0,0.0,0.0,0.0,0.0,-0.0,0.0,0.0,0.0,0.0,0.0,0.0,0.0,0.0,0.0,4.0,0.0,0.0
11853600,296.6547241210937,303.1499938964844,285.1499938964844,0.0,-0.0,293.0111694335937,0.0,0.0,9.442810551263392e-05,296.6239624023437,303.1499938964844,285.1499938964844,0.0,-0.0,293.0111694335937,0.0,0.0,9.94373403955251e-05,296.6310119628906,303.1499938964844,285.1499938964844,0.0,-0.0,293.0111694335937,0.0,0.0,7.344408368226141e-05,296.4800109863281,303.1499938964844,285.1499938964844,0.0,-0.0,293.0111389160156,0.0,0.0,9.94373403955251e-05,296.898193359375,303.1499938964844,285.1499938964844,0.0,-0.0,293.0111694335937,0.0,0.0,0.0004716879338957,292.9785461425781,294.1499938964844,285.3500061035156,285.3500061035156,285.6495666503906,285.3500061035156,292.60552978515625,0.0,0.0,0.0,0.0,1.0,1.0,-0.0010061198845505,6.579750078117286e-09,0.0010061133652925,-0.0162900332361459,0.0,0.0,0.0,-0.0080746775493025,60.0,-5.010822772979736,-0.0,-6.901753124566312e-08,0.0,293.1499938964844,293.1499938964844,293.1499938964844,293.1499938964844,293.1499938964844,293.1499938964844,278.1499938964844,0.0,18000.0,313.1499938964844,0.0,18000.0,0.0,0.0,0.0,0.0,0.0,0.0,0.0,0.0,0.0,0.0,-0.0,-0.0,0.0,0.0,0.0,0.0,0.0,-0.0,0.0,0.0,0.0,0.0,0.0,0.0,0.0,0.0,0.0,4.0,0.0,0.0
11853660,296.6539001464844,303.1499938964844,285.1499938964844,0.0,-0.0,293.0088806152344,0.0,0.0,9.458321437705308e-05,296.62286376953125,303.1499938964844,285.1499938964844,0.0,-0.0,293.0088806152344,0.0,0.0,9.96006783680059e-05,296.6328125,303.1499938964844,285.1499938964844,0.0,-0.0,293.0088806152344,0.0,0.0,7.356472633546218e-05,296.4781188964844,303.1499938964844,285.1499938964844,0.0,-0.0,293.0088806152344,0.0,0.0,9.96006783680059e-05,296.8981018066406,303.1499938964844,285.1499938964844,0.0,-0.0,293.0089111328125,0.0,0.0,0.0004724627651739,292.97589111328125,294.1499938964844,285.3500061035156,285.3500061035156,285.64422607421875,285.3500061035156,292.6018981933594,0.0,0.0,0.0,0.0,1.0,1.0,-0.0010077726328745,6.7730012709432685e-09,0.0010077658807858,-0.0167962368577718,0.0,0.0,0.0,-0.0081704808399081,60.0,-5.016523838043213,-0.0,-6.924445727918285e-08,0.0,293.1499938964844,293.1499938964844,293.1499938964844,293.1499938964844,293.1499938964844,293.1499938964844,278.1499938964844,0.0,18000.0,313.1499938964844,0.0,18000.0,0.0,0.0,0.0,0.0,0.0,0.0,0.0,0.0,0.0,0.0,-0.0,-0.0,0.0,0.0,0.0,0.0,0.0,-0.0,0.0,0.0,0.0,0.0,0.0,0.0,0.0,0.0,0.0,4.0,0.0,0.0
11853720,296.6539001464844,303.1499938964844,285.1499938964844,0.0,-0.0,293.0088806152344,0.0,0.0,9.458321437705308e-05,296.62286376953125,303.1499938964844,285.1499938964844,0.0,-0.0,293.0088806152344,0.0,0.0,9.96006783680059e-05,296.6328125,303.1499938964844,285.1499938964844,0.0,-0.0,293.0088806152344,0.0,0.0,7.356472633546218e-05,296.4781188964844,303.1499938964844,285.1499938964844,0.0,-0.0,293.0088806152344,0.0,0.0,9.96006783680059e-05,296.8981018066406,303.1499938964844,285.1499938964844,0.0,-0.0,293.0089111328125,0.0,0.0,0.0004724627651739,292.97589111328125,294.1499938964844,285.3500061035156,285.3500061035156,285.64422607421875,285.3500061035156,292.6018981933594,0.0,0.0,0.0,0.0,1.0,1.0,-0.0010077726328745,6.7730012709432685e-09,0.0010077658807858,-0.0167962368577718,0.0,0.0,0.0,-0.0081704808399081,60.0,-5.016523838043213,-0.0,-6.924445727918285e-08,0.0,293.1499938964844,293.1499938964844,293.1499938964844,293.1499938964844,293.1499938964844,293.1499938964844,278.1499938964844,0.0,18000.0,313.1499938964844,0.0,18000.0,0.0,0.0,0.0,0.0,0.0,0.0,0.0,0.0,0.0,0.0,-0.0,-0.0,0.0,0.0,0.0,0.0,0.0,-0.0,0.0,0.0,0.0,0.0,0.0,0.0,0.0,0.0,0.0,4.0,0.0,0.0
11853780,296.65283203125,303.1499938964844,285.1499938964844,0.0,-0.0,293.006591796875,0.0,0.0,9.473632235312834e-05,296.6217346191406,303.1499938964844,285.1499938964844,0.0,-0.0,293.006591796875,0.0,0.0,9.97619135887362e-05,296.63336181640625,303.1499938964844,285.1499938964844,0.0,-0.0,293.006591796875,0.0,0.0,7.368380465777591e-05,296.4761962890625,303.1499938964844,285.1499938964844,0.0,-0.0,293.006591796875,0.0,0.0,9.97619135887362e-05,296.8978576660156,303.1499938964844,285.1499938964844,0.0,-0.0,293.0066223144531,0.0,0.0,0.0004732275556307,292.9732360839844,294.1499938964844,285.3500061035156,285.3500061035156,285.63897705078125,285.3500061035156,292.5982666015625,0.0,0.0,0.0,0.0,1.0,1.0,-0.0010094039607793,6.963756682409894e-09,0.0010093969758599,-0.0172958895564079,0.0,0.0,0.0,-0.008265046402812,60.0,-5.022194862365723,-0.0,-6.946881825342643e-08,0.0,293.1499938964844,293.1499938964844,293.1499938964844,293.1499938964844,293.1499938964844,293.1499938964844,278.1499938964844,0.0,18000.0,313.1499938964844,0.0,18000.0,0.0,0.0,0.0,0.0,0.0,0.0,0.0,0.0,0.0,0.0,-0.0,-0.0,0.0,0.0,0.0,0.0,0.0,-0.0,0.0,0.0,0.0,0.0,0.0,0.0,0.0,0.0,0.0,4.0,0.0,0.0
11853840,296.65283203125,303.1499938964844,285.1499938964844,0.0,-0.0,293.006591796875,0.0,0.0,9.473632235312834e-05,296.6217346191406,303.1499938964844,285.1499938964844,0.0,-0.0,293.006591796875,0.0,0.0,9.97619135887362e-05,296.63336181640625,303.1499938964844,285.1499938964844,0.0,-0.0,293.006591796875,0.0,0.0,7.368380465777591e-05,296.4761962890625,303.1499938964844,285.1499938964844,0.0,-0.0,293.006591796875,0.0,0.0,9.97619135887362e-05,296.8978576660156,303.1499938964844,285.1499938964844,0.0,-0.0,293.0066223144531,0.0,0.0,0.0004732275556307,292.9732360839844,294.1499938964844,285.3500061035156,285.3500061035156,285.63897705078125,285.3500061035156,292.5982666015625,0.0,0.0,0.0,0.0,1.0,1.0,-0.0010094039607793,6.963756682409894e-09,0.0010093969758599,-0.0172958895564079,0.0,0.0,0.0,-0.008265046402812,60.0,-5.022194862365723,-0.0,-6.946881825342643e-08,0.0,293.1499938964844,293.1499938964844,293.1499938964844,293.1499938964844,293.1499938964844,293.1499938964844,278.1499938964844,0.0,18000.0,313.1499938964844,0.0,18000.0,0.0,0.0,0.0,0.0,0.0,0.0,0.0,0.0,0.0,0.0,-0.0,-0.0,0.0,0.0,0.0,0.0,0.0,-0.0,0.0,0.0,0.0,0.0,0.0,0.0,0.0,0.0,0.0,4.0,0.0,0.0
11853900,296.6522216796875,303.1499938964844,285.1499938964844,0.0,-0.0,293.0054626464844,0.0,0.0,9.481111192144454e-05,296.62115478515625,303.1499938964844,285.1499938964844,0.0,-0.0,293.0054626464844,0.0,0.0,9.984066127799451e-05,296.6333312988281,303.1499938964844,285.1499938964844,0.0,-0.0,293.0054626464844,0.0,0.0,7.37419759389013e-05,296.4752197265625,303.1499938964844,285.1499938964844,0.0,-0.0,293.0054626464844,0.0,0.0,9.984066127799451e-05,296.89764404296875,303.1499938964844,285.1499938964844,0.0,-0.0,293.0054626464844,0.0,0.0,0.0004736011323984,292.9718933105469,294.1499938964844,285.3500061035156,285.3500061035156,285.6363830566406,285.3500061035156,292.5964660644531,0.0,0.0,0.0,0.0,1.0,1.0,-0.0010102008236572,7.0569310395285364e-09,0.0010101937223225,-0.0175399407744407,0.0,0.0,0.0,-0.0083112372085452,60.0,-5.024964332580566,-0.0,-6.957854026268252e-08,0.0,293.1499938964844,293.1499938964844,293.1499938964844,293.1499938964844,293.1499938964844,293.1499938964844,278.1499938964844,0.0,18000.0,313.1499938964844,0.0,18000.0,0.0,0.0,0.0,0.0,0.0,0.0,0.0,0.0,0.0,0.0,-0.0,-0.0,0.0,0.0,0.0,0.0,0.0,-0.0,0.0,0.0,0.0,0.0,0.0,0.0,0.0,0.0,0.0,4.0,0.0,0.0
11853960,296.65155029296875,303.1499938964844,285.1499938964844,0.0,-0.0,293.0043029785156,0.0,0.0,9.488465002505107e-05,296.6205444335937,303.1499938964844,285.1499938964844,0.0,-0.0,293.0043029785156,0.0,0.0,9.991810657083988e-05,296.6331787109375,303.1499938964844,285.1499938964844,0.0,-0.0,293.0043029785156,0.0,0.0,7.37991722417064e-05,296.4742736816406,303.1499938964844,285.1499938964844,0.0,-0.0,293.0043029785156,0.0,0.0,9.991810657083988e-05,296.8973999023437,303.1499938964844,285.1499938964844,0.0,-0.0,293.0043334960937,0.0,0.0,0.0004739684809464,292.9705505371094,294.1499938964844,285.3500061035156,285.3500061035156,285.6338195800781,285.3500061035156,292.5946350097656,0.0,0.0,0.0,0.0,1.0,1.0,-0.0010109844151884,7.148554193037171e-09,0.0010109771974384,-0.0177799258381128,0.0,0.0,0.0,-0.0083566587418317,60.0,-5.027678966522217,-0.0,-6.968652144223597e-08,0.0,293.1499938964844,293.1499938964844,293.1499938964844,293.1499938964844,293.1499938964844,293.1499938964844,278.1499938964844,0.0,18000.0,313.1499938964844,0.0,18000.0,0.0,0.0,0.0,0.0,0.0,0.0,0.0,0.0,0.0,0.0,-0.0,-0.0,0.0,0.0,0.0,0.0,0.0,-0.0,0.0,0.0,0.0,0.0,0.0,0.0,0.0,0.0,0.0,4.0,0.0,0.0
11854020,296.6501159667969,303.1499938964844,285.1499938964844,0.0,-0.0,293.0019836425781,0.0,0.0,9.50257744989358e-05,296.6192932128906,303.1499938964844,285.1499938964844,0.0,-0.0,293.0019836425781,0.0,0.0,0.0001000667180051,296.6325988769531,303.1499938964844,285.1499938964844,0.0,-0.0,293.0019836425781,0.0,0.0,7.390893733827397e-05,296.4723205566406,303.1499938964844,285.1499938964844,0.0,-0.0,293.0019836425781,0.0,0.0,0.0001000667180051,296.8968505859375,303.1499938964844,285.1499938964844,0.0,-0.0,293.00201416015625,0.0,0.0,0.0004746734048239,292.9678649902344,294.1499938964844,285.3500061035156,285.3500061035156,285.6287536621094,285.3500061035156,292.5910339355469,0.0,0.0,0.0,0.0,1.0,1.0,-0.0010124880354851,7.324381545714686e-09,0.0010124807013198,-0.0182404536753892,0.0,0.0,0.0,-0.0084438240155577,60.0,-5.032853603363037,-0.0,-6.989397149936849e-08,0.0,293.1499938964844,293.1499938964844,293.1499938964844,293.1499938964844,293.1499938964844,293.1499938964844,278.1499938964844,0.0,18000.0,313.1499938964844,0.0,18000.0,0.0,0.0,0.0,0.0,0.0,0.0,0.0,0.0,0.0,0.0,-0.0,-0.0,0.0,0.0,0.0,0.0,0.0,-0.0,0.0,0.0,0.0,0.0,0.0,0.0,0.0,0.0,0.0,4.0,0.0,0.0
11854080,296.6501159667969,303.1499938964844,285.1499938964844,0.0,-0.0,293.0019836425781,0.0,0.0,9.50257744989358e-05,296.6192932128906,303.1499938964844,285.1499938964844,0.0,-0.0,293.0019836425781,0.0,0.0,0.0001000667180051,296.6325988769531,303.1499938964844,285.1499938964844,0.0,-0.0,293.0019836425781,0.0,0.0,7.390893733827397e-05,296.4723205566406,303.1499938964844,285.1499938964844,0.0,-0.0,293.0019836425781,0.0,0.0,0.0001000667180051,296.8968505859375,303.1499938964844,285.1499938964844,0.0,-0.0,293.00201416015625,0.0,0.0,0.0004746734048239,292.9678649902344,294.1499938964844,285.3500061035156,285.3500061035156,285.6287536621094,285.3500061035156,292.5910339355469,0.0,0.0,0.0,0.0,1.0,1.0,-0.0010124880354851,7.324381545714686e-09,0.0010124807013198,-0.0182404536753892,0.0,0.0,0.0,-0.0084438240155577,60.0,-5.032853603363037,-0.0,-6.989397149936849e-08,0.0,293.1499938964844,293.1499938964844,293.1499938964844,293.1499938964844,293.1499938964844,293.1499938964844,278.1499938964844,0.0,18000.0,313.1499938964844,0.0,18000.0,0.0,0.0,0.0,0.0,0.0,0.0,0.0,0.0,0.0,0.0,-0.0,-0.0,0.0,0.0,0.0,0.0,0.0,-0.0,0.0,0.0,0.0,0.0,0.0,0.0,0.0,0.0,0.0,4.0,0.0,0.0
11854140,296.6485595703125,303.1499938964844,285.1499938964844,0.0,-0.0,292.9996337890625,0.0,0.0,9.515780402580276e-05,296.6180114746094,303.1499938964844,285.1499938964844,0.0,-0.0,292.9996337890625,0.0,0.0,0.0001002057470032,296.6318054199219,303.1499938964844,285.1499938964844,0.0,-0.0,292.9996337890625,0.0,0.0,7.401162292808294e-05,296.47039794921875,303.1499938964844,285.1499938964844,0.0,-0.0,292.9996337890625,0.0,0.0,0.0001002057470032,296.8961486816406,303.1499938964844,285.1499938964844,0.0,-0.0,292.9996643066406,0.0,0.0,0.0004753329267259,292.96514892578125,294.1499938964844,285.3500061035156,285.3500061035156,285.6237487792969,285.3500061035156,292.58740234375,0.0,0.0,0.0,0.0,1.0,1.0,-0.0010138947982341,7.488876185846038e-09,0.0010138873476535,-0.018671290948987,0.0,0.0,0.0,-0.0085253715515136,60.0,-5.037607192993164,-0.0,-7.008832625388095e-08,0.0,293.1499938964844,293.1499938964844,293.1499938964844,293.1499938964844,293.1499938964844,293.1499938964844,278.1499938964844,0.0,18000.0,313.1499938964844,0.0,18000.0,0.0,0.0,0.0,0.0,0.0,0.0,0.0,0.0,0.0,0.0,-0.0,-0.0,0.0,0.0,0.0,0.0,0.0,-0.0,0.0,0.0,0.0,0.0,0.0,0.0,0.0,0.0,0.0,4.0,0.0,0.0
11854200,296.6485595703125,303.1499938964844,285.1499938964844,0.0,-0.0,292.9996337890625,0.0,0.0,9.515780402580276e-05,296.6180114746094,303.1499938964844,285.1499938964844,0.0,-0.0,292.9996337890625,0.0,0.0,0.0001002057470032,296.6318054199219,303.1499938964844,285.1499938964844,0.0,-0.0,292.9996337890625,0.0,0.0,7.401162292808294e-05,296.47039794921875,303.1499938964844,285.1499938964844,0.0,-0.0,292.9996337890625,0.0,0.0,0.0001002057470032,296.8961486816406,303.1499938964844,285.1499938964844,0.0,-0.0,292.9996643066406,0.0,0.0,0.0004753329267259,292.96514892578125,294.1499938964844,285.3500061035156,285.3500061035156,285.6237487792969,285.3500061035156,292.58740234375,0.0,0.0,0.0,0.0,1.0,1.0,-0.0010138947982341,7.488876185846038e-09,0.0010138873476535,-0.018671290948987,0.0,0.0,0.0,-0.0085253715515136,60.0,-5.037607192993164,-0.0,-7.008832625388095e-08,0.0,293.1499938964844,293.1499938964844,293.1499938964844,293.1499938964844,293.1499938964844,293.1499938964844,278.1499938964844,0.0,18000.0,313.1499938964844,0.0,18000.0,0.0,0.0,0.0,0.0,0.0,0.0,0.0,0.0,0.0,0.0,-0.0,-0.0,0.0,0.0,0.0,0.0,0.0,-0.0,0.0,0.0,0.0,0.0,0.0,0.0,0.0,0.0,0.0,4.0,0.0,0.0
11854260,296.6469421386719,303.1499938964844,285.1499938964844,0.0,-0.0,292.9972839355469,0.0,0.0,9.527829388389364e-05,296.6166687011719,303.1499938964844,285.1499938964844,0.0,-0.0,292.9972839355469,0.0,0.0,0.000100332632428,296.6308288574219,303.1499938964844,285.1499938964844,0.0,-0.0,292.9972839355469,0.0,0.0,7.410533726215363e-05,296.468505859375,303.1499938964844,285.1499938964844,0.0,-0.0,292.9972839355469,0.0,0.0,0.000100332632428,296.8953857421875,303.1499938964844,285.1499938964844,0.0,-0.0,292.997314453125,0.0,0.0,0.0004759347939398,292.96240234375,294.1499938964844,285.3500061035156,285.3500061035156,285.6188659667969,285.3500061035156,292.58380126953125,0.0,0.0,0.0,0.0,1.0,1.0,-0.0010151786264032,7.638994325986914e-09,0.0010151710594072,-0.0190644636750221,0.0,0.0,0.0,-0.008599791675806,60.0,-5.041782379150391,-0.0,-7.026593351611157e-08,0.0,293.1499938964844,293.1499938964844,293.1499938964844,293.1499938964844,293.1499938964844,293.1499938964844,278.1499938964844,0.0,18000.0,313.1499938964844,0.0,18000.0,0.0,0.0,0.0,0.0,0.0,0.0,0.0,0.0,0.0,0.0,-0.0,-0.0,0.0,0.0,0.0,0.0,0.0,-0.0,0.0,0.0,0.0,0.0,0.0,0.0,0.0,0.0,0.0,4.0,0.0,0.0
11854320,296.6469421386719,303.1499938964844,285.1499938964844,0.0,-0.0,292.9972839355469,0.0,0.0,9.527829388389364e-05,296.6166687011719,303.1499938964844,285.1499938964844,0.0,-0.0,292.9972839355469,0.0,0.0,0.000100332632428,296.6308288574219,303.1499938964844,285.1499938964844,0.0,-0.0,292.9972839355469,0.0,0.0,7.410533726215363e-05,296.468505859375,303.1499938964844,285.1499938964844,0.0,-0.0,292.9972839355469,0.0,0.0,0.000100332632428,296.8953857421875,303.1499938964844,285.1499938964844,0.0,-0.0,292.997314453125,0.0,0.0,0.0004759347939398,292.96240234375,294.1499938964844,285.3500061035156,285.3500061035156,285.6188659667969,285.3500061035156,292.58380126953125,0.0,0.0,0.0,0.0,1.0,1.0,-0.0010151786264032,7.638994325986914e-09,0.0010151710594072,-0.0190644636750221,0.0,0.0,0.0,-0.008599791675806,60.0,-5.041782379150391,-0.0,-7.026593351611157e-08,0.0,293.1499938964844,293.1499938964844,293.1499938964844,293.1499938964844,293.1499938964844,293.1499938964844,278.1499938964844,0.0,18000.0,313.1499938964844,0.0,18000.0,0.0,0.0,0.0,0.0,0.0,0.0,0.0,0.0,0.0,0.0,-0.0,-0.0,0.0,0.0,0.0,0.0,0.0,-0.0,0.0,0.0,0.0,0.0,0.0,0.0,0.0,0.0,0.0,4.0,0.0,0.0
11854380,296.6453552246094,303.1499938964844,285.1499938964844,0.0,-0.0,292.99493408203125,0.0,0.0,9.538718586554752e-05,296.6153564453125,303.1499938964844,285.1499938964844,0.0,-0.0,292.99493408203125,0.0,0.0,0.00010044730152,296.6297607421875,303.1499938964844,285.1499938964844,0.0,-0.0,292.99493408203125,0.0,0.0,7.419002940878272e-05,296.4667053222656,303.1499938964844,285.1499938964844,0.0,-0.0,292.9949035644531,0.0,0.0,0.00010044730152,296.8945617675781,303.1499938964844,285.1499938964844,0.0,-0.0,292.99493408203125,0.0,0.0,0.000476478744531,292.95965576171875,294.1499938964844,285.3500061035156,285.3500061035156,285.6140441894531,285.3500061035156,292.5801696777344,0.0,0.0,0.0,0.0,1.0,1.0,-0.0010163389379158,7.774661803239269e-09,0.0010163311380892,-0.0194197800010442,0.0,0.0,0.0,-0.0086670480668544,60.0,-5.045375823974609,-0.0,-7.042662986123106e-08,0.0,293.1499938964844,293.1499938964844,293.1499938964844,293.1499938964844,293.1499938964844,293.1499938964844,278.1499938964844,0.0,18000.0,313.1499938964844,0.0,18000.0,0.0,0.0,0.0,0.0,0.0,0.0,0.0,0.0,0.0,0.0,-0.0,-0.0,0.0,0.0,0.0,0.0,0.0,-0.0,0.0,0.0,0.0,0.0,0.0,0.0,0.0,0.0,0.0,4.0,0.0,0.0
11854440,296.6453552246094,303.1499938964844,285.1499938964844,0.0,-0.0,292.99493408203125,0.0,0.0,9.538718586554752e-05,296.6153564453125,303.1499938964844,285.1499938964844,0.0,-0.0,292.99493408203125,0.0,0.0,0.00010044730152,296.6297607421875,303.1499938964844,285.1499938964844,0.0,-0.0,292.99493408203125,0.0,0.0,7.419002940878272e-05,296.4667053222656,303.1499938964844,285.1499938964844,0.0,-0.0,292.9949035644531,0.0,0.0,0.00010044730152,296.8945617675781,303.1499938964844,285.1499938964844,0.0,-0.0,292.99493408203125,0.0,0.0,0.000476478744531,292.95965576171875,294.1499938964844,285.3500061035156,285.3500061035156,285.6140441894531,285.3500061035156,292.5801696777344,0.0,0.0,0.0,0.0,1.0,1.0,-0.0010163389379158,7.774661803239269e-09,0.0010163311380892,-0.0194197800010442,0.0,0.0,0.0,-0.0086670480668544,60.0,-5.045375823974609,-0.0,-7.042662986123106e-08,0.0,293.1499938964844,293.1499938964844,293.1499938964844,293.1499938964844,293.1499938964844,293.1499938964844,278.1499938964844,0.0,18000.0,313.1499938964844,0.0,18000.0,0.0,0.0,0.0,0.0,0.0,0.0,0.0,0.0,0.0,0.0,-0.0,-0.0,0.0,0.0,0.0,0.0,0.0,-0.0,0.0,0.0,0.0,0.0,0.0,0.0,0.0,0.0,0.0,4.0,0.0,0.0
11854500,296.6445617675781,303.1499938964844,285.1499938964844,0.0,-0.0,292.9937438964844,0.0,0.0,9.543633495923132e-05,296.6146850585937,303.1499938964844,285.1499938964844,0.0,-0.0,292.9937438964844,0.0,0.0,0.0001004990554065,296.62921142578125,303.1499938964844,285.1499938964844,0.0,-0.0,292.9937438964844,0.0,0.0,7.422825729008764e-05,296.4658203125,303.1499938964844,285.1499938964844,0.0,-0.0,292.99371337890625,0.0,0.0,0.0001004990554065,296.8941345214844,303.1499938964844,285.1499938964844,0.0,-0.0,292.9937438964844,0.0,0.0,0.0004767242644447,292.9582824707031,294.1499938964844,285.3500061035156,285.3500061035156,285.6116638183594,285.3500061035156,292.578369140625,0.0,0.0,0.0,0.0,1.0,1.0,-0.0010168626904487,7.835897264385494e-09,0.0010168547742068,-0.0195801556110382,0.0,0.0,0.0,-0.0086974054574966,60.0,-5.046901226043701,-0.0,-7.049922601254367e-08,0.0,293.1499938964844,293.1499938964844,293.1499938964844,293.1499938964844,293.1499938964844,293.1499938964844,278.1499938964844,0.0,18000.0,313.1499938964844,0.0,18000.0,0.0,0.0,0.0,0.0,0.0,0.0,0.0,0.0,0.0,0.0,-0.0,-0.0,0.0,0.0,0.0,0.0,0.0,-0.0,0.0,0.0,0.0,0.0,0.0,0.0,0.0,0.0,0.0,4.0,0.0,0.0
11854560,296.6437683105469,303.1499938964844,285.1499938964844,0.0,-0.0,292.9925231933594,0.0,0.0,9.548238449497148e-05,296.614013671875,303.1499938964844,285.1499938964844,0.0,-0.0,292.9925231933594,0.0,0.0,0.000100547542388,296.628662109375,303.1499938964844,285.1499938964844,0.0,-0.0,292.9925231933594,0.0,0.0,7.426407682942227e-05,296.4649658203125,303.1499938964844,285.1499938964844,0.0,-0.0,292.9925231933594,0.0,0.0,0.000100547542388,296.8937072753906,303.1499938964844,285.1499938964844,0.0,-0.0,292.9925537109375,0.0,0.0,0.0004769542720168,292.9568786621094,294.1499938964844,285.3500061035156,285.3500061035156,285.6092834472656,285.3500061035156,292.5765686035156,0.0,0.0,0.0,0.0,1.0,1.0,-0.0010173532646149,7.893268261227604e-09,0.001017345348373,-0.019730407744646,0.0,0.0,0.0,-0.0087258461862802,60.0,-5.048263072967529,-0.0,-7.05672746903474e-08,0.0,293.1499938964844,293.1499938964844,293.1499938964844,293.1499938964844,293.1499938964844,293.1499938964844,278.1499938964844,0.0,18000.0,313.1499938964844,0.0,18000.0,0.0,0.0,0.0,0.0,0.0,0.0,0.0,0.0,0.0,0.0,-0.0,-0.0,0.0,0.0,0.0,0.0,0.0,-0.0,0.0,0.0,0.0,0.0,0.0,0.0,0.0,0.0,0.0,4.0,0.0,0.0
11854620,296.6422119140625,303.1499938964844,285.1499938964844,0.0,-0.0,292.9901428222656,0.0,0.0,9.556434815749526e-05,296.6127014160156,303.1499938964844,285.1499938964844,0.0,-0.0,292.9901428222656,0.0,0.0,0.0001006338643492,296.6275634765625,303.1499938964844,285.1499938964844,0.0,-0.0,292.9901428222656,0.0,0.0,7.432782877003774e-05,296.4633178710937,303.1499938964844,285.1499938964844,0.0,-0.0,292.9901123046875,0.0,0.0,0.0001006338643492,296.892822265625,303.1499938964844,285.1499938964844,0.0,-0.0,292.9901428222656,0.0,0.0,0.0004773637047037,292.9541015625,294.1499938964844,285.3500061035156,285.3500061035156,285.6046142578125,285.3500061035156,292.57293701171875,0.0,0.0,0.0,0.0,1.0,1.0,-0.0010182267287746,7.995393680459983e-09,0.0010182186961174,-0.0199978668242692,0.0,0.0,0.0,-0.0087764747440814,60.0,-5.05049991607666,-0.0,-7.068848617564073e-08,0.0,293.1499938964844,293.1499938964844,293.1499938964844,293.1499938964844,293.1499938964844,293.1499938964844,278.1499938964844,0.0,18000.0,313.1499938964844,0.0,18000.0,0.0,0.0,0.0,0.0,0.0,0.0,0.0,0.0,0.0,0.0,-0.0,-0.0,0.0,0.0,0.0,0.0,0.0,-0.0,0.0,0.0,0.0,0.0,0.0,0.0,0.0,0.0,0.0,4.0,0.0,0.0
11854680,296.6422119140625,303.1499938964844,285.1499938964844,0.0,-0.0,292.9901428222656,0.0,0.0,9.556434815749526e-05,296.6127014160156,303.1499938964844,285.1499938964844,0.0,-0.0,292.9901428222656,0.0,0.0,0.0001006338643492,296.6275634765625,303.1499938964844,285.1499938964844,0.0,-0.0,292.9901428222656,0.0,0.0,7.432782877003774e-05,296.4633178710937,303.1499938964844,285.1499938964844,0.0,-0.0,292.9901123046875,0.0,0.0,0.0001006338643492,296.892822265625,303.1499938964844,285.1499938964844,0.0,-0.0,292.9901428222656,0.0,0.0,0.0004773637047037,292.9541015625,294.1499938964844,285.3500061035156,285.3500061035156,285.6046142578125,285.3500061035156,292.57293701171875,0.0,0.0,0.0,0.0,1.0,1.0,-0.0010182267287746,7.995393680459983e-09,0.0010182186961174,-0.0199978668242692,0.0,0.0,0.0,-0.0087764747440814,60.0,-5.05049991607666,-0.0,-7.068848617564073e-08,0.0,293.1499938964844,293.1499938964844,293.1499938964844,293.1499938964844,293.1499938964844,293.1499938964844,278.1499938964844,0.0,18000.0,313.1499938964844,0.0,18000.0,0.0,0.0,0.0,0.0,0.0,0.0,0.0,0.0,0.0,0.0,-0.0,-0.0,0.0,0.0,0.0,0.0,0.0,-0.0,0.0,0.0,0.0,0.0,0.0,0.0,0.0,0.0,0.0,4.0,0.0,0.0
11854740,296.6407470703125,303.1499938964844,285.1499938964844,0.0,-0.0,292.9877014160156,0.0,0.0,9.563301136950032e-05,296.61138916015625,303.1499938964844,285.1499938964844,0.0,-0.0,292.9877014160156,0.0,0.0,0.00010070616554,296.62646484375,303.1499938964844,285.1499938964844,0.0,-0.0,292.9877014160156,0.0,0.0,7.438122702296823e-05,296.4617614746094,303.1499938964844,285.1499938964844,0.0,-0.0,292.9877014160156,0.0,0.0,0.00010070616554,296.8919372558594,303.1499938964844,285.1499938964844,0.0,-0.0,292.9877319335937,0.0,0.0,0.0004777066933456,292.9513244628906,294.1499938964844,285.3500061035156,285.3500061035156,285.6000671386719,285.3500061035156,292.5693359375,0.0,0.0,0.0,0.0,1.0,1.0,-0.0010189582826569,8.080934144061303e-09,0.0010189502499997,-0.0202218908816576,0.0,0.0,0.0,-0.0088188806548714,60.0,-5.051955699920654,-0.0,-7.079009378685441e-08,0.0,293.1499938964844,293.1499938964844,293.1499938964844,293.1499938964844,293.1499938964844,293.1499938964844,278.1499938964844,0.0,18000.0,313.1499938964844,0.0,18000.0,0.0,0.0,0.0,0.0,0.0,0.0,0.0,0.0,0.0,0.0,-0.0,-0.0,0.0,0.0,0.0,0.0,0.0,-0.0,0.0,0.0,0.0,0.0,0.0,0.0,0.0,0.0,0.0,4.0,0.0,0.0
11854800,296.6407470703125,303.1499938964844,285.1499938964844,0.0,-0.0,292.9877014160156,0.0,0.0,9.563301136950032e-05,296.61138916015625,303.1499938964844,285.1499938964844,0.0,-0.0,292.9877014160156,0.0,0.0,0.00010070616554,296.62646484375,303.1499938964844,285.1499938964844,0.0,-0.0,292.9877014160156,0.0,0.0,7.438122702296823e-05,296.4617614746094,303.1499938964844,285.1499938964844,0.0,-0.0,292.9877014160156,0.0,0.0,0.00010070616554,296.8919372558594,303.1499938964844,285.1499938964844,0.0,-0.0,292.9877319335937,0.0,0.0,0.0004777066933456,292.9513244628906,294.1499938964844,285.3500061035156,285.3500061035156,285.6000671386719,285.3500061035156,292.5693359375,0.0,0.0,0.0,0.0,1.0,1.0,-0.0010189582826569,8.080934144061303e-09,0.0010189502499997,-0.0202218908816576,0.0,0.0,0.0,-0.0088188806548714,60.0,-5.051955699920654,-0.0,-7.079009378685441e-08,0.0,293.1499938964844,293.1499938964844,293.1499938964844,293.1499938964844,293.1499938964844,293.1499938964844,278.1499938964844,0.0,18000.0,313.1499938964844,0.0,18000.0,0.0,0.0,0.0,0.0,0.0,0.0,0.0,0.0,0.0,0.0,-0.0,-0.0,0.0,0.0,0.0,0.0,0.0,-0.0,0.0,0.0,0.0,0.0,0.0,0.0,0.0,0.0,0.0,4.0,0.0,0.0
11854860,296.63934326171875,303.1499938964844,285.1499938964844,0.0,-0.0,292.9852905273437,0.0,0.0,9.569879330229014e-05,296.6101379394531,303.1499938964844,285.1499938964844,0.0,-0.0,292.9852905273437,0.0,0.0,0.0001007754399324,296.6253662109375,303.1499938964844,285.1499938964844,0.0,-0.0,292.9852905273437,0.0,0.0,7.443239883286878e-05,296.4602355957031,303.1499938964844,285.1499938964844,0.0,-0.0,292.9852600097656,0.0,0.0,0.0001007754399324,296.8910827636719,303.1499938964844,285.1499938964844,0.0,-0.0,292.9852905273437,0.0,0.0,0.0004780353046953,292.9485168457031,294.1499938964844,285.3500061035156,285.3490600585937,285.5955505371094,285.3500061035156,292.56573486328125,0.0,0.0,0.0,0.0,1.0,1.0,-0.0010196592193096,8.162897913166489e-09,0.0010196510702371,-0.0204365439713001,0.0,0.0,0.0,-0.0088595133274793,60.0,-5.053008079528809,-0.0,-7.088752340678185e-08,0.0,293.1499938964844,293.1499938964844,293.1499938964844,293.1499938964844,293.1499938964844,293.1499938964844,278.1499938964844,0.0,18000.0,313.1499938964844,0.0,18000.0,0.0,0.0,0.0,0.0,0.0,0.0,0.0,0.0,0.0,0.0,-0.0,-0.0,0.0,0.0,0.0,0.0,0.0,-0.0,0.0,0.0,0.0,0.0,0.0,0.0,0.0,0.0,0.0,4.0,0.0,0.0
11854920,296.63934326171875,303.1499938964844,285.1499938964844,0.0,-0.0,292.9852905273437,0.0,0.0,9.569879330229014e-05,296.6101379394531,303.1499938964844,285.1499938964844,0.0,-0.0,292.9852905273437,0.0,0.0,0.0001007754399324,296.6253662109375,303.1499938964844,285.1499938964844,0.0,-0.0,292.9852905273437,0.0,0.0,7.443239883286878e-05,296.4602355957031,303.1499938964844,285.1499938964844,0.0,-0.0,292.9852600097656,0.0,0.0,0.0001007754399324,296.8910827636719,303.1499938964844,285.1499938964844,0.0,-0.0,292.9852905273437,0.0,0.0,0.0004780353046953,292.9485168457031,294.1499938964844,285.3500061035156,285.3490600585937,285.5955505371094,285.3500061035156,292.56573486328125,0.0,0.0,0.0,0.0,1.0,1.0,-0.0010196592193096,8.162897913166489e-09,0.0010196510702371,-0.0204365439713001,0.0,0.0,0.0,-0.0088595133274793,60.0,-5.053008079528809,-0.0,-7.088752340678185e-08,0.0,293.1499938964844,293.1499938964844,293.1499938964844,293.1499938964844,293.1499938964844,293.1499938964844,278.1499938964844,0.0,18000.0,313.1499938964844,0.0,18000.0,0.0,0.0,0.0,0.0,0.0,0.0,0.0,0.0,0.0,0.0,-0.0,-0.0,0.0,0.0,0.0,0.0,0.0,-0.0,0.0,0.0,0.0,0.0,0.0,0.0,0.0,0.0,0.0,4.0,0.0,0.0
11854980,296.6379699707031,303.1499938964844,285.1499938964844,0.0,-0.0,292.9828186035156,0.0,0.0,9.577533637639136e-05,296.6089172363281,303.1499938964844,285.1499938964844,0.0,-0.0,292.9828186035156,0.0,0.0,0.0001008560357149,296.6242980957031,303.1499938964844,285.1499938964844,0.0,-0.0,292.9828186035156,0.0,0.0,7.449192344211042e-05,296.4585876464844,303.1499938964844,285.1499938964844,0.0,-0.0,292.9828186035156,0.0,0.0,0.0001008560357149,296.89019775390625,303.1499938964844,285.1499938964844,0.0,-0.0,292.9828491210937,0.0,0.0,0.0004784176126122,292.9456787109375,294.1499938964844,285.3500061035156,285.3463439941406,285.59112548828125,285.3500061035156,292.5621032714844,0.0,0.0,0.0,0.0,1.0,1.0,-0.001020474708639,8.258258077376013e-09,0.0010204664431512,-0.0206862743943929,0.0,0.0,0.0,-0.0089067872613668,60.0,-5.054292678833008,-0.0,-7.100095444911858e-08,0.0,293.1499938964844,293.1499938964844,293.1499938964844,293.1499938964844,293.1499938964844,293.1499938964844,278.1499938964844,0.0,18000.0,313.1499938964844,0.0,18000.0,0.0,0.0,0.0,0.0,0.0,0.0,0.0,0.0,0.0,0.0,-0.0,-0.0,0.0,0.0,0.0,0.0,0.0,-0.0,0.0,0.0,0.0,0.0,0.0,0.0,0.0,0.0,0.0,4.0,0.0,0.0
11855040,296.6379699707031,303.1499938964844,285.1499938964844,0.0,-0.0,292.9828186035156,0.0,0.0,9.577533637639136e-05,296.6089172363281,303.1499938964844,285.1499938964844,0.0,-0.0,292.9828186035156,0.0,0.0,0.0001008560357149,296.6242980957031,303.1499938964844,285.1499938964844,0.0,-0.0,292.9828186035156,0.0,0.0,7.449192344211042e-05,296.4585876464844,303.1499938964844,285.1499938964844,0.0,-0.0,292.9828186035156,0.0,0.0,0.0001008560357149,296.89019775390625,303.1499938964844,285.1499938964844,0.0,-0.0,292.9828491210937,0.0,0.0,0.0004784176126122,292.9456787109375,294.1499938964844,285.3500061035156,285.3463439941406,285.59112548828125,285.3500061035156,292.5621032714844,0.0,0.0,0.0,0.0,1.0,1.0,-0.001020474708639,8.258258077376013e-09,0.0010204664431512,-0.0206862743943929,0.0,0.0,0.0,-0.0089067872613668,60.0,-5.054292678833008,-0.0,-7.100095444911858e-08,0.0,293.1499938964844,293.1499938964844,293.1499938964844,293.1499938964844,293.1499938964844,293.1499938964844,278.1499938964844,0.0,18000.0,313.1499938964844,0.0,18000.0,0.0,0.0,0.0,0.0,0.0,0.0,0.0,0.0,0.0,0.0,-0.0,-0.0,0.0,0.0,0.0,0.0,0.0,-0.0,0.0,0.0,0.0,0.0,0.0,0.0,0.0,0.0,0.0,4.0,0.0,0.0
11855100,296.63726806640625,303.1499938964844,285.1499938964844,0.0,-0.0,292.9815979003906,0.0,0.0,9.581758786225691e-05,296.6082763671875,303.1499938964844,285.1499938964844,0.0,-0.0,292.9815979003906,0.0,0.0,0.0001009005354717,296.6237487792969,303.1499938964844,285.1499938964844,0.0,-0.0,292.9815979003906,0.0,0.0,7.452478894265369e-05,296.4577331542969,303.1499938964844,285.1499938964844,0.0,-0.0,292.9815979003906,0.0,0.0,0.0001009005354717,296.8897705078125,303.1499938964844,285.1499938964844,0.0,-0.0,292.98162841796875,0.0,0.0,0.0004786286735907,292.9442749023437,294.1499938964844,285.3500061035156,285.3443298339844,285.5889587402344,285.3500061035156,292.560302734375,0.0,0.0,0.0,0.0,1.0,1.0,-0.0010209248866885,8.310900412311641e-09,0.0010209165047854,-0.0208241343498229,0.0,0.0,0.0,-0.0089328847825527,60.0,-5.055113792419434,-0.0,-7.106361721298526e-08,0.0,293.1499938964844,293.1499938964844,293.1499938964844,293.1499938964844,293.1499938964844,293.1499938964844,278.1499938964844,0.0,18000.0,313.1499938964844,0.0,18000.0,0.0,0.0,0.0,0.0,0.0,0.0,0.0,0.0,0.0,0.0,-0.0,-0.0,0.0,0.0,0.0,0.0,0.0,-0.0,0.0,0.0,0.0,0.0,0.0,0.0,0.0,0.0,0.0,4.0,0.0,0.0
11855160,296.6365966796875,303.1499938964844,285.1499938964844,0.0,-0.0,292.9803771972656,0.0,0.0,9.586260421201588e-05,296.607666015625,303.1499938964844,285.1499938964844,0.0,-0.0,292.9803771972656,0.0,0.0,0.0001009479383355,296.6231994628906,303.1499938964844,285.1499938964844,0.0,-0.0,292.9803771972656,0.0,0.0,7.455980085069314e-05,296.456787109375,303.1499938964844,285.1499938964844,0.0,-0.0,292.9803771972656,0.0,0.0,0.0001009479383355,296.8893127441406,303.1499938964844,285.1499938964844,0.0,-0.0,292.9803771972656,0.0,0.0,0.0004788535297848,292.9428405761719,294.1499938964844,285.3500061035156,285.3419189453125,285.5867919921875,285.3500061035156,292.5585021972656,0.0,0.0,0.0,0.0,1.0,1.0,-0.0010214045178145,8.366984438623604e-09,0.0010213961359113,-0.020971005782485,0.0,0.0,0.0,-0.0089606875553727,60.0,-5.0560688972473145,-0.0,-7.113040112471938e-08,0.0,293.1499938964844,293.1499938964844,293.1499938964844,293.1499938964844,293.1499938964844,293.1499938964844,278.1499938964844,0.0,18000.0,313.1499938964844,0.0,18000.0,0.0,0.0,0.0,0.0,0.0,0.0,0.0,0.0,0.0,0.0,-0.0,-0.0,0.0,0.0,0.0,0.0,0.0,-0.0,0.0,0.0,0.0,0.0,0.0,0.0,0.0,0.0,0.0,4.0,0.0,0.0
11855220,296.6352233886719,303.1499938964844,285.1499938964844,0.0,-0.0,292.9778747558594,0.0,0.0,9.596053860150278e-05,296.6064453125,303.1499938964844,285.1499938964844,0.0,-0.0,292.9778747558594,0.0,0.0,0.0001010510677588,296.6220703125,303.1499938964844,285.1499938964844,0.0,-0.0,292.9778747558594,0.0,0.0,7.463597285095602e-05,296.45477294921875,303.1499938964844,285.1499938964844,0.0,-0.0,292.9778747558594,0.0,0.0,0.0001010510677588,296.888427734375,303.1499938964844,285.1499938964844,0.0,-0.0,292.9779052734375,0.0,0.0,0.0004793427651748,292.94000244140625,294.1499938964844,285.3500061035156,285.3359375,285.58251953125,285.3500061035156,292.55487060546875,0.0,0.0,0.0,0.0,1.0,1.0,-0.001022447948344,8.489007718992525e-09,0.0010224394500255,-0.0212905518710613,0.0,0.0,0.0,-0.0090211797505617,60.0,-5.058378219604492,-0.0,-7.127582080102003e-08,0.0,293.1499938964844,293.1499938964844,293.1499938964844,293.1499938964844,293.1499938964844,293.1499938964844,278.1499938964844,0.0,18000.0,313.1499938964844,0.0,18000.0,0.0,0.0,0.0,0.0,0.0,0.0,0.0,0.0,0.0,0.0,-0.0,-0.0,0.0,0.0,0.0,0.0,0.0,-0.0,0.0,0.0,0.0,0.0,0.0,0.0,0.0,0.0,0.0,4.0,0.0,0.0
11855280,296.6352233886719,303.1499938964844,285.1499938964844,0.0,-0.0,292.9778747558594,0.0,0.0,9.596053860150278e-05,296.6064453125,303.1499938964844,285.1499938964844,0.0,-0.0,292.9778747558594,0.0,0.0,0.0001010510677588,296.6220703125,303.1499938964844,285.1499938964844,0.0,-0.0,292.9778747558594,0.0,0.0,7.463597285095602e-05,296.45477294921875,303.1499938964844,285.1499938964844,0.0,-0.0,292.9778747558594,0.0,0.0,0.0001010510677588,296.888427734375,303.1499938964844,285.1499938964844,0.0,-0.0,292.9779052734375,0.0,0.0,0.0004793427651748,292.94000244140625,294.1499938964844,285.3500061035156,285.3359375,285.58251953125,285.3500061035156,292.55487060546875,0.0,0.0,0.0,0.0,1.0,1.0,-0.001022447948344,8.489007718992525e-09,0.0010224394500255,-0.0212905518710613,0.0,0.0,0.0,-0.0090211797505617,60.0,-5.058378219604492,-0.0,-7.127582080102003e-08,0.0,293.1499938964844,293.1499938964844,293.1499938964844,293.1499938964844,293.1499938964844,293.1499938964844,278.1499938964844,0.0,18000.0,313.1499938964844,0.0,18000.0,0.0,0.0,0.0,0.0,0.0,0.0,0.0,0.0,0.0,0.0,-0.0,-0.0,0.0,0.0,0.0,0.0,0.0,-0.0,0.0,0.0,0.0,0.0,0.0,0.0,0.0,0.0,0.0,4.0,0.0,0.0
11855340,296.6338806152344,303.1499938964844,285.1499938964844,0.0,-0.0,292.97540283203125,0.0,0.0,9.606743697077036e-05,296.6051940917969,303.1499938964844,285.1499938964844,0.0,-0.0,292.97540283203125,0.0,0.0,0.000101163641375,296.62091064453125,303.1499938964844,285.1499938964844,0.0,-0.0,292.97540283203125,0.0,0.0,7.471912249457091e-05,296.4525451660156,303.1499938964844,285.1499938964844,0.0,-0.0,292.97540283203125,0.0,0.0,0.000101163641375,296.88751220703125,303.1499938964844,285.1499938964844,0.0,-0.0,292.97540283203125,0.0,0.0,0.000479876762256,292.9371337890625,294.1499938964844,285.3500061035156,285.3284912109375,285.5783386230469,285.3500061035156,292.55126953125,0.0,0.0,0.0,0.0,1.0,1.0,-0.0010235869558528,8.622192737561818e-09,0.0010235783411189,-0.021639322862029,0.0,0.0,0.0,-0.0090872049331665,60.0,-5.061166286468506,-0.0,-7.143470526216333e-08,0.0,293.1499938964844,293.1499938964844,293.1499938964844,293.1499938964844,293.1499938964844,293.1499938964844,278.1499938964844,0.0,18000.0,313.1499938964844,0.0,18000.0,0.0,0.0,0.0,0.0,0.0,0.0,0.0,0.0,0.0,0.0,-0.0,-0.0,0.0,0.0,0.0,0.0,0.0,-0.0,0.0,0.0,0.0,0.0,0.0,0.0,0.0,0.0,0.0,4.0,0.0,0.0
11855400,296.6338806152344,303.1499938964844,285.1499938964844,0.0,-0.0,292.97540283203125,0.0,0.0,9.606743697077036e-05,296.6051940917969,303.1499938964844,285.1499938964844,0.0,-0.0,292.97540283203125,0.0,0.0,0.000101163641375,296.62091064453125,303.1499938964844,285.1499938964844,0.0,-0.0,292.97540283203125,0.0,0.0,7.471912249457091e-05,296.4525451660156,303.1499938964844,285.1499938964844,0.0,-0.0,292.97540283203125,0.0,0.0,0.000101163641375,296.88751220703125,303.1499938964844,285.1499938964844,0.0,-0.0,292.97540283203125,0.0,0.0,0.000479876762256,292.9371337890625,294.1499938964844,285.3500061035156,285.3284912109375,285.5783386230469,285.3500061035156,292.55126953125,0.0,0.0,0.0,0.0,1.0,1.0,-0.0010235869558528,8.622192737561818e-09,0.0010235783411189,-0.021639322862029,0.0,0.0,0.0,-0.0090872049331665,60.0,-5.061166286468506,-0.0,-7.143470526216333e-08,0.0,293.1499938964844,293.1499938964844,293.1499938964844,293.1499938964844,293.1499938964844,293.1499938964844,278.1499938964844,0.0,18000.0,313.1499938964844,0.0,18000.0,0.0,0.0,0.0,0.0,0.0,0.0,0.0,0.0,0.0,0.0,-0.0,-0.0,0.0,0.0,0.0,0.0,0.0,-0.0,0.0,0.0,0.0,0.0,0.0,0.0,0.0,0.0,0.0,4.0,0.0,0.0
11855460,296.63250732421875,303.1499938964844,285.1499938964844,0.0,-0.0,292.9728698730469,0.0,0.0,9.618313197279348e-05,296.6039428710937,303.1499938964844,285.1499938964844,0.0,-0.0,292.9728698730469,0.0,0.0,0.0001012854700093,296.6197204589844,303.1499938964844,285.1499938964844,0.0,-0.0,292.9728698730469,0.0,0.0,7.480910426238552e-05,296.4500732421875,303.1499938964844,285.1499938964844,0.0,-0.0,292.9728698730469,0.0,0.0,0.0001012854700093,296.8865661621094,303.1499938964844,285.1499938964844,0.0,-0.0,292.972900390625,0.0,0.0,0.0004804546479135,292.93426513671875,294.1499938964844,285.3500061035156,285.3196716308594,285.5741882324219,285.3500061035156,292.5476379394531,0.0,0.0,0.0,0.0,1.0,1.0,-0.0010248195612803,8.766335213294951e-09,0.0010248108301311,-0.0220167767256498,0.0,0.0,0.0,-0.009158662520349,60.0,-5.064418792724609,-0.0,-7.160686266161066e-08,0.0,293.1499938964844,293.1499938964844,293.1499938964844,293.1499938964844,293.1499938964844,293.1499938964844,278.1499938964844,0.0,18000.0,313.1499938964844,0.0,18000.0,0.0,0.0,0.0,0.0,0.0,0.0,0.0,0.0,0.0,0.0,-0.0,-0.0,0.0,0.0,0.0,0.0,0.0,-0.0,0.0,0.0,0.0,0.0,0.0,0.0,0.0,0.0,0.0,4.0,0.0,0.0
11855520,296.63250732421875,303.1499938964844,285.1499938964844,0.0,-0.0,292.9728698730469,0.0,0.0,9.618313197279348e-05,296.6039428710937,303.1499938964844,285.1499938964844,0.0,-0.0,292.9728698730469,0.0,0.0,0.0001012854700093,296.6197204589844,303.1499938964844,285.1499938964844,0.0,-0.0,292.9728698730469,0.0,0.0,7.480910426238552e-05,296.4500732421875,303.1499938964844,285.1499938964844,0.0,-0.0,292.9728698730469,0.0,0.0,0.0001012854700093,296.8865661621094,303.1499938964844,285.1499938964844,0.0,-0.0,292.972900390625,0.0,0.0,0.0004804546479135,292.93426513671875,294.1499938964844,285.3500061035156,285.3196716308594,285.5741882324219,285.3500061035156,292.5476379394531,0.0,0.0,0.0,0.0,1.0,1.0,-0.0010248195612803,8.766335213294951e-09,0.0010248108301311,-0.0220167767256498,0.0,0.0,0.0,-0.009158662520349,60.0,-5.064418792724609,-0.0,-7.160686266161066e-08,0.0,293.1499938964844,293.1499938964844,293.1499938964844,293.1499938964844,293.1499938964844,293.1499938964844,278.1499938964844,0.0,18000.0,313.1499938964844,0.0,18000.0,0.0,0.0,0.0,0.0,0.0,0.0,0.0,0.0,0.0,0.0,-0.0,-0.0,0.0,0.0,0.0,0.0,0.0,-0.0,0.0,0.0,0.0,0.0,0.0,0.0,0.0,0.0,0.0,4.0,0.0,0.0
11855580,296.631103515625,303.1499938964844,285.1499938964844,0.0,-0.0,292.9703674316406,0.0,0.0,9.630489512346684e-05,296.6026916503906,303.1499938964844,285.1499938964844,0.0,-0.0,292.9703674316406,0.0,0.0,0.0001014136942103,296.6184997558594,303.1499938964844,285.1499938964844,0.0,-0.0,292.9703674316406,0.0,0.0,7.490380812669173e-05,296.4474182128906,303.1499938964844,285.1499938964844,0.0,-0.0,292.9703674316406,0.0,0.0,0.0001014136942103,296.88555908203125,303.1499938964844,285.1499938964844,0.0,-0.0,292.9703674316406,0.0,0.0,0.0004810628888662,292.9313659667969,294.1499938964844,285.3500061035156,285.30963134765625,285.57012939453125,285.3500061035156,292.54400634765625,0.0,0.0,0.0,0.0,1.0,1.0,-0.0010261168936267,8.918040528271831e-09,0.0010261080460622,-0.0224140267819166,0.0,0.0,0.0,-0.0092338696122169,60.0,-5.068061828613281,-0.0,-7.178827843290493e-08,0.0,293.1499938964844,293.1499938964844,293.1499938964844,293.1499938964844,293.1499938964844,293.1499938964844,278.1499938964844,0.0,18000.0,313.1499938964844,0.0,18000.0,0.0,0.0,0.0,0.0,0.0,0.0,0.0,0.0,0.0,0.0,-0.0,-0.0,0.0,0.0,0.0,0.0,0.0,-0.0,0.0,0.0,0.0,0.0,0.0,0.0,0.0,0.0,0.0,4.0,0.0,0.0
11855640,296.631103515625,303.1499938964844,285.1499938964844,0.0,-0.0,292.9703674316406,0.0,0.0,9.630489512346684e-05,296.6026916503906,303.1499938964844,285.1499938964844,0.0,-0.0,292.9703674316406,0.0,0.0,0.0001014136942103,296.6184997558594,303.1499938964844,285.1499938964844,0.0,-0.0,292.9703674316406,0.0,0.0,7.490380812669173e-05,296.4474182128906,303.1499938964844,285.1499938964844,0.0,-0.0,292.9703674316406,0.0,0.0,0.0001014136942103,296.88555908203125,303.1499938964844,285.1499938964844,0.0,-0.0,292.9703674316406,0.0,0.0,0.0004810628888662,292.9313659667969,294.1499938964844,285.3500061035156,285.30963134765625,285.57012939453125,285.3500061035156,292.54400634765625,0.0,0.0,0.0,0.0,1.0,1.0,-0.0010261168936267,8.918040528271831e-09,0.0010261080460622,-0.0224140267819166,0.0,0.0,0.0,-0.0092338696122169,60.0,-5.068061828613281,-0.0,-7.178827843290493e-08,0.0,293.1499938964844,293.1499938964844,293.1499938964844,293.1499938964844,293.1499938964844,293.1499938964844,278.1499938964844,0.0,18000.0,313.1499938964844,0.0,18000.0,0.0,0.0,0.0,0.0,0.0,0.0,0.0,0.0,0.0,0.0,-0.0,-0.0,0.0,0.0,0.0,0.0,0.0,-0.0,0.0,0.0,0.0,0.0,0.0,0.0,0.0,0.0,0.0,4.0,0.0,0.0
11855700,296.6304016113281,303.1499938964844,285.1499938964844,0.0,-0.0,292.9690856933594,0.0,0.0,9.636794857215136e-05,296.60205078125,303.1499938964844,285.1499938964844,0.0,-0.0,292.9690856933594,0.0,0.0,0.0001014800945995,296.6178894042969,303.1499938964844,285.1499938964844,0.0,-0.0,292.9690856933594,0.0,0.0,7.495284808101133e-05,296.4460144042969,303.1499938964844,285.1499938964844,0.0,-0.0,292.9690856933594,0.0,0.0,0.0001014800945995,296.88507080078125,303.1499938964844,285.1499938964844,0.0,-0.0,292.9691162109375,0.0,0.0,0.0004813778796233,292.9299011230469,294.1499938964844,285.3500061035156,285.3041687011719,285.5681457519531,285.3500061035156,292.5422058105469,0.0,0.0,0.0,0.0,1.0,1.0,-0.0010267888428643,8.996605238564825e-09,0.0010267797624692,-0.0226197466254234,0.0,0.0,0.0,-0.0092728165909647,60.0,-5.070008277893066,-0.0,-7.188231876398278e-08,0.0,293.1499938964844,293.1499938964844,293.1499938964844,293.1499938964844,293.1499938964844,293.1499938964844,278.1499938964844,0.0,18000.0,313.1499938964844,0.0,18000.0,0.0,0.0,0.0,0.0,0.0,0.0,0.0,0.0,0.0,0.0,-0.0,-0.0,0.0,0.0,0.0,0.0,0.0,-0.0,0.0,0.0,0.0,0.0,0.0,0.0,0.0,0.0,0.0,4.0,0.0,0.0
11855760,296.6297302246094,303.1499938964844,285.1499938964844,0.0,-0.0,292.9678039550781,0.0,0.0,9.643193334341048e-05,296.6014404296875,303.1499938964844,285.1499938964844,0.0,-0.0,292.9678039550781,0.0,0.0,0.000101547469967,296.61724853515625,303.1499938964844,285.1499938964844,0.0,-0.0,292.9678039550781,0.0,0.0,7.500261563109234e-05,296.444580078125,303.1499938964844,285.1499938964844,0.0,-0.0,292.9678039550781,0.0,0.0,0.000101547469967,296.8845520019531,303.1499938964844,285.1499938964844,0.0,-0.0,292.96783447265625,0.0,0.0,0.0004816974687855,292.9284362792969,294.1499938964844,285.3500061035156,285.2984313964844,285.566162109375,285.3500061035156,292.5404052734375,0.0,0.0,0.0,0.0,1.0,1.0,-0.0010274704545736,9.076316587197653e-09,0.0010274613741785,-0.0228284690529108,0.0,0.0,0.0,-0.0093123335391283,60.0,-5.072012424468994,-0.0,-7.197780149681422e-08,0.0,293.1499938964844,293.1499938964844,293.1499938964844,293.1499938964844,293.1499938964844,293.1499938964844,278.1499938964844,0.0,18000.0,313.1499938964844,0.0,18000.0,0.0,0.0,0.0,0.0,0.0,0.0,0.0,0.0,0.0,0.0,-0.0,-0.0,0.0,0.0,0.0,0.0,0.0,-0.0,0.0,0.0,0.0,0.0,0.0,0.0,0.0,0.0,0.0,4.0,0.0,0.0
11855820,296.6283264160156,303.1499938964844,285.1499938964844,0.0,-0.0,292.9652709960937,0.0,0.0,9.656160546001048e-05,296.60015869140625,303.1499938964844,285.1499938964844,0.0,-0.0,292.9652709960937,0.0,0.0,0.0001016840178635,296.6159973144531,303.1499938964844,285.1499938964844,0.0,-0.0,292.9652709960937,0.0,0.0,7.510346767958254e-05,296.4416198730469,303.1499938964844,285.1499938964844,0.0,-0.0,292.9652404785156,0.0,0.0,0.0001016840178635,296.88348388671875,303.1499938964844,285.1499938964844,0.0,-0.0,292.9652709960937,0.0,0.0,0.0004823452036362,292.925537109375,294.1499938964844,285.3500061035156,285.2862243652344,285.5622253417969,285.3500061035156,292.5367736816406,0.0,0.0,0.0,0.0,1.0,1.0,-0.001028852071613,9.237879794454784e-09,0.0010288428748026,-0.0232515074312686,0.0,0.0,0.0,-0.0093924272805452,60.0,-5.076145172119141,-0.0,-7.217150965743714e-08,0.0,293.1499938964844,293.1499938964844,293.1499938964844,293.1499938964844,293.1499938964844,293.1499938964844,278.1499938964844,0.0,18000.0,313.1499938964844,0.0,18000.0,0.0,0.0,0.0,0.0,0.0,0.0,0.0,0.0,0.0,0.0,-0.0,-0.0,0.0,0.0,0.0,0.0,0.0,-0.0,0.0,0.0,0.0,0.0,0.0,0.0,0.0,0.0,0.0,4.0,0.0,0.0
11855880,296.6283264160156,303.1499938964844,285.1499938964844,0.0,-0.0,292.9652709960937,0.0,0.0,9.656160546001048e-05,296.60015869140625,303.1499938964844,285.1499938964844,0.0,-0.0,292.9652709960937,0.0,0.0,0.0001016840178635,296.6159973144531,303.1499938964844,285.1499938964844,0.0,-0.0,292.9652709960937,0.0,0.0,7.510346767958254e-05,296.4416198730469,303.1499938964844,285.1499938964844,0.0,-0.0,292.9652404785156,0.0,0.0,0.0001016840178635,296.88348388671875,303.1499938964844,285.1499938964844,0.0,-0.0,292.9652709960937,0.0,0.0,0.0004823452036362,292.925537109375,294.1499938964844,285.3500061035156,285.2862243652344,285.5622253417969,285.3500061035156,292.5367736816406,0.0,0.0,0.0,0.0,1.0,1.0,-0.001028852071613,9.237879794454784e-09,0.0010288428748026,-0.0232515074312686,0.0,0.0,0.0,-0.0093924272805452,60.0,-5.076145172119141,-0.0,-7.217150965743714e-08,0.0,293.1499938964844,293.1499938964844,293.1499938964844,293.1499938964844,293.1499938964844,293.1499938964844,278.1499938964844,0.0,18000.0,313.1499938964844,0.0,18000.0,0.0,0.0,0.0,0.0,0.0,0.0,0.0,0.0,0.0,0.0,-0.0,-0.0,0.0,0.0,0.0,0.0,0.0,-0.0,0.0,0.0,0.0,0.0,0.0,0.0,0.0,0.0,0.0,4.0,0.0,0.0
11855940,296.626953125,303.1499938964844,285.1499938964844,0.0,-0.0,292.9626770019531,0.0,0.0,9.669173596194014e-05,296.59893798828125,303.1499938964844,285.1499938964844,0.0,-0.0,292.9626770019531,0.0,0.0,0.0001018210532492,296.61474609375,303.1499938964844,285.1499938964844,0.0,-0.0,292.9626770019531,0.0,0.0,7.520468352595344e-05,296.43853759765625,303.1499938964844,285.1499938964844,0.0,-0.0,292.9626770019531,0.0,0.0,0.0001018210532492,296.8824157714844,303.1499938964844,285.1499938964844,0.0,-0.0,292.96270751953125,0.0,0.0,0.0004829952376894,292.9225769042969,294.1499938964844,285.3500061035156,285.2731018066406,285.5583801269531,285.3500061035156,292.5331726074219,0.0,0.0,0.0,0.0,1.0,1.0,-0.0010302386945113,9.400009659543684e-09,0.0010302292648702,-0.0236760191619396,0.0,0.0,0.0,-0.0094728013500571,60.0,-5.080355167388916,-0.0,-7.236616283989862e-08,0.0,293.1499938964844,293.1499938964844,293.1499938964844,293.1499938964844,293.1499938964844,293.1499938964844,278.1499938964844,0.0,18000.0,313.1499938964844,0.0,18000.0,0.0,0.0,0.0,0.0,0.0,0.0,0.0,0.0,0.0,0.0,-0.0,-0.0,0.0,0.0,0.0,0.0,0.0,-0.0,0.0,0.0,0.0,0.0,0.0,0.0,0.0,0.0,0.0,4.0,0.0,0.0
11856000,296.626953125,303.1499938964844,285.1499938964844,0.0,-0.0,292.9626770019531,0.0,0.0,9.669173596194014e-05,296.59893798828125,303.1499938964844,285.1499938964844,0.0,-0.0,292.9626770019531,0.0,0.0,0.0001018210532492,296.61474609375,303.1499938964844,285.1499938964844,0.0,-0.0,292.9626770019531,0.0,0.0,7.520468352595344e-05,296.43853759765625,303.1499938964844,285.1499938964844,0.0,-0.0,292.9626770019531,0.0,0.0,0.0001018210532492,296.8824157714844,303.1499938964844,285.1499938964844,0.0,-0.0,292.96270751953125,0.0,0.0,0.0004829952376894,292.9225769042969,294.1499938964844,285.3500061035156,285.2731018066406,285.5583801269531,285.3500061035156,292.5331726074219,0.0,0.0,0.0,0.0,1.0,1.0,-0.0010302386945113,9.400009659543684e-09,0.0010302292648702,-0.0236760191619396,0.0,0.0,0.0,-0.0094728013500571,60.0,-5.080355167388916,-0.0,-7.236616283989862e-08,0.0,293.1499938964844,293.1499938964844,293.1499938964844,293.1499938964844,293.1499938964844,293.1499938964844,278.1499938964844,0.0,18000.0,313.1499938964844,0.0,18000.0,0.0,0.0,0.0,0.0,0.0,0.0,0.0,0.0,0.0,0.0,-0.0,-0.0,0.0,0.0,0.0,0.0,0.0,-0.0,0.0,0.0,0.0,0.0,0.0,0.0,0.0,0.0,0.0,4.0,0.0,0.0
11856060,296.6256103515625,303.1499938964844,285.1499938964844,0.0,-0.0,292.9601135253906,0.0,0.0,9.681954543339089e-05,296.59771728515625,303.1499938964844,285.1499938964844,0.0,-0.0,292.9601135253906,0.0,0.0,0.0001019556439132,296.61346435546875,303.1499938964844,285.1499938964844,0.0,-0.0,292.9601135253906,0.0,0.0,7.530408765887842e-05,296.4353942871094,303.1499938964844,285.1499938964844,0.0,-0.0,292.9600830078125,0.0,0.0,0.0001019556439132,296.8812866210937,303.1499938964844,285.1499938964844,0.0,-0.0,292.9601135253906,0.0,0.0,0.0004836336593143,292.91961669921875,294.1499938964844,285.3500061035156,285.2591857910156,285.5545959472656,285.3500061035156,292.529541015625,0.0,0.0,0.0,0.0,1.0,1.0,-0.0010316004045307,9.55924850387646e-09,0.0010315908584743,-0.0240929462015628,0.0,0.0,0.0,-0.0095517430454492,60.0,-5.084512710571289,-0.0,-7.255759726376709e-08,0.0,293.1499938964844,293.1499938964844,293.1499938964844,293.1499938964844,293.1499938964844,293.1499938964844,278.1499938964844,0.0,18000.0,313.1499938964844,0.0,18000.0,0.0,0.0,0.0,0.0,0.0,0.0,0.0,0.0,0.0,0.0,-0.0,-0.0,0.0,0.0,0.0,0.0,0.0,-0.0,0.0,0.0,0.0,0.0,0.0,0.0,0.0,0.0,0.0,4.0,0.0,0.0
11856120,296.6256103515625,303.1499938964844,285.1499938964844,0.0,-0.0,292.9601135253906,0.0,0.0,9.681954543339089e-05,296.59771728515625,303.1499938964844,285.1499938964844,0.0,-0.0,292.9601135253906,0.0,0.0,0.0001019556439132,296.61346435546875,303.1499938964844,285.1499938964844,0.0,-0.0,292.9601135253906,0.0,0.0,7.530408765887842e-05,296.4353942871094,303.1499938964844,285.1499938964844,0.0,-0.0,292.9600830078125,0.0,0.0,0.0001019556439132,296.8812866210937,303.1499938964844,285.1499938964844,0.0,-0.0,292.9601135253906,0.0,0.0,0.0004836336593143,292.91961669921875,294.1499938964844,285.3500061035156,285.2591857910156,285.5545959472656,285.3500061035156,292.529541015625,0.0,0.0,0.0,0.0,1.0,1.0,-0.0010316004045307,9.55924850387646e-09,0.0010315908584743,-0.0240929462015628,0.0,0.0,0.0,-0.0095517430454492,60.0,-5.084512710571289,-0.0,-7.255759726376709e-08,0.0,293.1499938964844,293.1499938964844,293.1499938964844,293.1499938964844,293.1499938964844,293.1499938964844,278.1499938964844,0.0,18000.0,313.1499938964844,0.0,18000.0,0.0,0.0,0.0,0.0,0.0,0.0,0.0,0.0,0.0,0.0,-0.0,-0.0,0.0,0.0,0.0,0.0,0.0,-0.0,0.0,0.0,0.0,0.0,0.0,0.0,0.0,0.0,0.0,4.0,0.0,0.0
11856180,296.6242980957031,303.1499938964844,285.1499938964844,0.0,-0.0,292.9574890136719,0.0,0.0,9.694239997770636e-05,296.5965576171875,303.1499938964844,285.1499938964844,0.0,-0.0,292.9574890136719,0.0,0.0,0.0001020850177155,296.6122436523437,303.1499938964844,285.1499938964844,0.0,-0.0,292.9574890136719,0.0,0.0,7.539964281022549e-05,296.4322509765625,303.1499938964844,285.1499938964844,0.0,-0.0,292.9574890136719,0.0,0.0,0.0001020850177155,296.88018798828125,303.1499938964844,285.1499938964844,0.0,-0.0,292.95751953125,0.0,0.0,0.0004842473717872,292.9166564941406,294.1499938964844,285.3500061035156,285.2445678710937,285.5508728027344,285.3500061035156,292.5259094238281,0.0,0.0,0.0,0.0,1.0,1.0,-0.0010329094948247,9.712318060906e-09,0.0010328997159376,-0.0244937092065811,0.0,0.0,0.0,-0.0096276262775063,60.0,-5.088468074798584,-0.0,-7.274184810057704e-08,0.0,293.1499938964844,293.1499938964844,293.1499938964844,293.1499938964844,293.1499938964844,293.1499938964844,278.1499938964844,0.0,18000.0,313.1499938964844,0.0,18000.0,0.0,0.0,0.0,0.0,0.0,0.0,0.0,0.0,0.0,0.0,-0.0,-0.0,0.0,0.0,0.0,0.0,0.0,-0.0,0.0,0.0,0.0,0.0,0.0,0.0,0.0,0.0,0.0,4.0,0.0,0.0
11856240,296.6242980957031,303.1499938964844,285.1499938964844,0.0,-0.0,292.9574890136719,0.0,0.0,9.694239997770636e-05,296.5965576171875,303.1499938964844,285.1499938964844,0.0,-0.0,292.9574890136719,0.0,0.0,0.0001020850177155,296.6122436523437,303.1499938964844,285.1499938964844,0.0,-0.0,292.9574890136719,0.0,0.0,7.539964281022549e-05,296.4322509765625,303.1499938964844,285.1499938964844,0.0,-0.0,292.9574890136719,0.0,0.0,0.0001020850177155,296.88018798828125,303.1499938964844,285.1499938964844,0.0,-0.0,292.95751953125,0.0,0.0,0.0004842473717872,292.9166564941406,294.1499938964844,285.3500061035156,285.2445678710937,285.5508728027344,285.3500061035156,292.5259094238281,0.0,0.0,0.0,0.0,1.0,1.0,-0.0010329094948247,9.712318060906e-09,0.0010328997159376,-0.0244937092065811,0.0,0.0,0.0,-0.0096276262775063,60.0,-5.088468074798584,-0.0,-7.274184810057704e-08,0.0,293.1499938964844,293.1499938964844,293.1499938964844,293.1499938964844,293.1499938964844,293.1499938964844,278.1499938964844,0.0,18000.0,313.1499938964844,0.0,18000.0,0.0,0.0,0.0,0.0,0.0,0.0,0.0,0.0,0.0,0.0,-0.0,-0.0,0.0,0.0,0.0,0.0,0.0,-0.0,0.0,0.0,0.0,0.0,0.0,0.0,0.0,0.0,0.0,4.0,0.0,0.0
11856300,296.6236572265625,303.1499938964844,285.1499938964844,0.0,-0.0,292.9561767578125,0.0,0.0,9.700103692011908e-05,296.5959777832031,303.1499938964844,285.1499938964844,0.0,-0.0,292.9561767578125,0.0,0.0,0.0001021467614918,296.61163330078125,303.1499938964844,285.1499938964844,0.0,-0.0,292.9561767578125,0.0,0.0,7.544524851255119e-05,296.4306640625,303.1499938964844,285.1499938964844,0.0,-0.0,292.9561767578125,0.0,0.0,0.0001021467614918,296.879638671875,303.1499938964844,285.1499938964844,0.0,-0.0,292.9562072753906,0.0,0.0,0.0004845402727369,292.9151611328125,294.1499938964844,285.3500061035156,285.2370300292969,285.54901123046875,285.3500061035156,292.52410888671875,0.0,0.0,0.0,0.0,1.0,1.0,-0.0010335342958569,9.785375176818434e-09,0.0010335245169699,-0.0246849842369556,0.0,0.0,0.0,-0.0096638435497879,60.0,-5.090327262878418,-0.0,-7.282987724011036e-08,0.0,293.1499938964844,293.1499938964844,293.1499938964844,293.1499938964844,293.1499938964844,293.1499938964844,278.1499938964844,0.0,18000.0,313.1499938964844,0.0,18000.0,0.0,0.0,0.0,0.0,0.0,0.0,0.0,0.0,0.0,0.0,-0.0,-0.0,0.0,0.0,0.0,0.0,0.0,-0.0,0.0,0.0,0.0,0.0,0.0,0.0,0.0,0.0,0.0,4.0,0.0,0.0
11856360,296.623046875,303.1499938964844,285.1499938964844,0.0,-0.0,292.9548645019531,0.0,0.0,9.705716365715487e-05,296.5954284667969,303.1499938964844,285.1499938964844,0.0,-0.0,292.9548645019531,0.0,0.0,0.0001022058640955,296.6110534667969,303.1499938964844,285.1499938964844,0.0,-0.0,292.9548645019531,0.0,0.0,7.548890425823629e-05,296.4291076660156,303.1499938964844,285.1499938964844,0.0,-0.0,292.9548645019531,0.0,0.0,0.0001022058640955,296.8790588378906,303.1499938964844,285.1499938964844,0.0,-0.0,292.95489501953125,0.0,0.0,0.0004848206299357,292.9136657714844,294.1499938964844,285.3500061035156,285.2293701171875,285.5472106933594,285.3500061035156,292.52227783203125,0.0,0.0,0.0,0.0,1.0,1.0,-0.0010341323213651,9.855302351979844e-09,0.0010341224260628,-0.0248680599033832,0.0,0.0,0.0,-0.0096985101699829,60.0,-5.09207820892334,-0.0,-7.29141831357083e-08,0.0,293.1499938964844,293.1499938964844,293.1499938964844,293.1499938964844,293.1499938964844,293.1499938964844,278.1499938964844,0.0,18000.0,313.1499938964844,0.0,18000.0,0.0,0.0,0.0,0.0,0.0,0.0,0.0,0.0,0.0,0.0,-0.0,-0.0,0.0,0.0,0.0,0.0,0.0,-0.0,0.0,0.0,0.0,0.0,0.0,0.0,0.0,0.0,0.0,4.0,0.0,0.0
11856420,296.6218566894531,303.1499938964844,285.1499938964844,0.0,-0.0,292.9522399902344,0.0,0.0,9.716035856399684e-05,296.59442138671875,303.1499938964844,285.1499938964844,0.0,-0.0,292.9522399902344,0.0,0.0,0.0001023145377985,296.6099548339844,303.1499938964844,285.1499938964844,0.0,-0.0,292.9522399902344,0.0,0.0,7.556916534667835e-05,296.4260559082031,303.1499938964844,285.1499938964844,0.0,-0.0,292.9522399902344,0.0,0.0,0.0001023145377985,296.8779602050781,303.1499938964844,285.1499938964844,0.0,-0.0,292.9522705078125,0.0,0.0,0.0004853361169807,292.9106750488281,294.1499938964844,285.3500061035156,285.2137145996094,285.5436096191406,285.3500061035156,292.5186462402344,0.0,0.0,0.0,0.0,1.0,1.0,-0.0010352318640798,9.983875948194054e-09,0.0010352218523621,-0.0252046696841716,0.0,0.0,0.0,-0.009762248955667,60.0,-5.095169544219971,-0.0,-7.306930882577944e-08,0.0,293.1499938964844,293.1499938964844,293.1499938964844,293.1499938964844,293.1499938964844,293.1499938964844,278.1499938964844,0.0,18000.0,313.1499938964844,0.0,18000.0,0.0,0.0,0.0,0.0,0.0,0.0,0.0,0.0,0.0,0.0,-0.0,-0.0,0.0,0.0,0.0,0.0,0.0,-0.0,0.0,0.0,0.0,0.0,0.0,0.0,0.0,0.0,0.0,4.0,0.0,0.0
11856480,296.6218566894531,303.1499938964844,285.1499938964844,0.0,-0.0,292.9522399902344,0.0,0.0,9.716035856399684e-05,296.59442138671875,303.1499938964844,285.1499938964844,0.0,-0.0,292.9522399902344,0.0,0.0,0.0001023145377985,296.6099548339844,303.1499938964844,285.1499938964844,0.0,-0.0,292.9522399902344,0.0,0.0,7.556916534667835e-05,296.4260559082031,303.1499938964844,285.1499938964844,0.0,-0.0,292.9522399902344,0.0,0.0,0.0001023145377985,296.8779602050781,303.1499938964844,285.1499938964844,0.0,-0.0,292.9522705078125,0.0,0.0,0.0004853361169807,292.9106750488281,294.1499938964844,285.3500061035156,285.2137145996094,285.5436096191406,285.3500061035156,292.5186462402344,0.0,0.0,0.0,0.0,1.0,1.0,-0.0010352318640798,9.983875948194054e-09,0.0010352218523621,-0.0252046696841716,0.0,0.0,0.0,-0.009762248955667,60.0,-5.095169544219971,-0.0,-7.306930882577944e-08,0.0,293.1499938964844,293.1499938964844,293.1499938964844,293.1499938964844,293.1499938964844,293.1499938964844,278.1499938964844,0.0,18000.0,313.1499938964844,0.0,18000.0,0.0,0.0,0.0,0.0,0.0,0.0,0.0,0.0,0.0,0.0,-0.0,-0.0,0.0,0.0,0.0,0.0,0.0,-0.0,0.0,0.0,0.0,0.0,0.0,0.0,0.0,0.0,0.0,4.0,0.0,0.0
11856540,296.62078857421875,303.1499938964844,285.1499938964844,0.0,-0.0,292.9495849609375,0.0,0.0,9.725013660499826e-05,296.5934753417969,303.1499938964844,285.1499938964844,0.0,-0.0,292.9495849609375,0.0,0.0,0.0001024090743158,296.6089172363281,303.1499938964844,285.1499938964844,0.0,-0.0,292.9495849609375,0.0,0.0,7.563899271190166e-05,296.4231262207031,303.1499938964844,285.1499938964844,0.0,-0.0,292.9495849609375,0.0,0.0,0.0001024090743158,296.8768920898437,303.1499938964844,285.1499938964844,0.0,-0.0,292.9496154785156,0.0,0.0,0.0004857845779042,292.9076843261719,294.1499938964844,285.3500061035156,285.1976623535156,285.5400695800781,285.3500061035156,292.5150451660156,0.0,0.0,0.0,0.0,1.0,1.0,-0.0010361884487792,1.0095733138371088e-08,0.0010361783206462,-0.0254975091665983,0.0,0.0,0.0,-0.0098177017644047,60.0,-5.09763240814209,-0.0,-7.320441142155687e-08,0.0,293.1499938964844,293.1499938964844,293.1499938964844,293.1499938964844,293.1499938964844,293.1499938964844,278.1499938964844,0.0,18000.0,313.1499938964844,0.0,18000.0,0.0,0.0,0.0,0.0,0.0,0.0,0.0,0.0,0.0,0.0,-0.0,-0.0,0.0,0.0,0.0,0.0,0.0,-0.0,0.0,0.0,0.0,0.0,0.0,0.0,0.0,0.0,0.0,4.0,0.0,0.0
11856600,296.62078857421875,303.1499938964844,285.1499938964844,0.0,-0.0,292.9495849609375,0.0,0.0,9.725013660499826e-05,296.5934753417969,303.1499938964844,285.1499938964844,0.0,-0.0,292.9495849609375,0.0,0.0,0.0001024090743158,296.6089172363281,303.1499938964844,285.1499938964844,0.0,-0.0,292.9495849609375,0.0,0.0,7.563899271190166e-05,296.4231262207031,303.1499938964844,285.1499938964844,0.0,-0.0,292.9495849609375,0.0,0.0,0.0001024090743158,296.8768920898437,303.1499938964844,285.1499938964844,0.0,-0.0,292.9496154785156,0.0,0.0,0.0004857845779042,292.9076843261719,294.1499938964844,285.3500061035156,285.1976623535156,285.5400695800781,285.3500061035156,292.5150451660156,0.0,0.0,0.0,0.0,1.0,1.0,-0.0010361884487792,1.0095733138371088e-08,0.0010361783206462,-0.0254975091665983,0.0,0.0,0.0,-0.0098177017644047,60.0,-5.09763240814209,-0.0,-7.320441142155687e-08,0.0,293.1499938964844,293.1499938964844,293.1499938964844,293.1499938964844,293.1499938964844,293.1499938964844,278.1499938964844,0.0,18000.0,313.1499938964844,0.0,18000.0,0.0,0.0,0.0,0.0,0.0,0.0,0.0,0.0,0.0,0.0,-0.0,-0.0,0.0,0.0,0.0,0.0,0.0,-0.0,0.0,0.0,0.0,0.0,0.0,0.0,0.0,0.0,0.0,4.0,0.0,0.0
11856660,296.619873046875,303.1499938964844,285.1499938964844,0.0,-0.0,292.9469299316406,0.0,0.0,9.73226924543269e-05,296.5926513671875,303.1499938964844,285.1499938964844,0.0,-0.0,292.9469299316406,0.0,0.0,0.0001024854864226,296.6080017089844,303.1499938964844,285.1499938964844,0.0,-0.0,292.9469299316406,0.0,0.0,7.569543231511489e-05,296.4203796386719,303.1499938964844,285.1499938964844,0.0,-0.0,292.9469299316406,0.0,0.0,0.0001024854864226,296.8758544921875,303.1499938964844,285.1499938964844,0.0,-0.0,292.94696044921875,0.0,0.0,0.0004861470079049,292.9046630859375,294.1499938964844,285.3500061035156,285.181396484375,285.5365905761719,285.3500061035156,292.51141357421875,0.0,0.0,0.0,0.0,1.0,1.0,-0.0010369615629315,1.0186133714285006e-08,0.0010369514347985,-0.0257341712713241,0.0,0.0,0.0,-0.0098625179380178,60.0,-5.099267482757568,-0.0,-7.331368578888944e-08,0.0,293.1499938964844,293.1499938964844,293.1499938964844,293.1499938964844,293.1499938964844,293.1499938964844,278.1499938964844,0.0,18000.0,313.1499938964844,0.0,18000.0,0.0,0.0,0.0,0.0,0.0,0.0,0.0,0.0,0.0,0.0,-0.0,-0.0,0.0,0.0,0.0,0.0,0.0,-0.0,0.0,0.0,0.0,0.0,0.0,0.0,0.0,0.0,0.0,4.0,0.0,0.0
11856720,296.619873046875,303.1499938964844,285.1499938964844,0.0,-0.0,292.9469299316406,0.0,0.0,9.73226924543269e-05,296.5926513671875,303.1499938964844,285.1499938964844,0.0,-0.0,292.9469299316406,0.0,0.0,0.0001024854864226,296.6080017089844,303.1499938964844,285.1499938964844,0.0,-0.0,292.9469299316406,0.0,0.0,7.569543231511489e-05,296.4203796386719,303.1499938964844,285.1499938964844,0.0,-0.0,292.9469299316406,0.0,0.0,0.0001024854864226,296.8758544921875,303.1499938964844,285.1499938964844,0.0,-0.0,292.94696044921875,0.0,0.0,0.0004861470079049,292.9046630859375,294.1499938964844,285.3500061035156,285.181396484375,285.5365905761719,285.3500061035156,292.51141357421875,0.0,0.0,0.0,0.0,1.0,1.0,-0.0010369615629315,1.0186133714285006e-08,0.0010369514347985,-0.0257341712713241,0.0,0.0,0.0,-0.0098625179380178,60.0,-5.099267482757568,-0.0,-7.331368578888944e-08,0.0,293.1499938964844,293.1499938964844,293.1499938964844,293.1499938964844,293.1499938964844,293.1499938964844,278.1499938964844,0.0,18000.0,313.1499938964844,0.0,18000.0,0.0,0.0,0.0,0.0,0.0,0.0,0.0,0.0,0.0,0.0,-0.0,-0.0,0.0,0.0,0.0,0.0,0.0,-0.0,0.0,0.0,0.0,0.0,0.0,0.0,0.0,0.0,0.0,4.0,0.0,0.0
11856780,296.619140625,303.1499938964844,285.1499938964844,0.0,-0.0,292.9442443847656,0.0,0.0,9.73760907072574e-05,296.5919494628906,303.1499938964844,285.1499938964844,0.0,-0.0,292.9442443847656,0.0,0.0,0.0001025417077471,296.6072082519531,303.1499938964844,285.1499938964844,0.0,-0.0,292.9442443847656,0.0,0.0,7.573695620521903e-05,296.4178466796875,303.1499938964844,285.1499938964844,0.0,-0.0,292.9442443847656,0.0,0.0,0.0001025417077471,296.8748779296875,303.1499938964844,285.1499938964844,0.0,-0.0,292.9442749023437,0.0,0.0,0.0004864137154072,292.901611328125,294.1499938964844,285.3500061035156,285.1649780273437,285.5331726074219,285.3500061035156,292.5077819824219,0.0,0.0,0.0,0.0,1.0,1.0,-0.0010375306010246,1.0252658277920546e-08,0.0010375203564763,-0.0259083230048418,0.0,0.0,0.0,-0.0098954960703849,60.0,-5.09997034072876,-0.0,-7.33941476482869e-08,0.0,293.1499938964844,293.1499938964844,293.1499938964844,293.1499938964844,293.1499938964844,293.1499938964844,278.1499938964844,0.0,18000.0,313.1499938964844,0.0,18000.0,0.0,0.0,0.0,0.0,0.0,0.0,0.0,0.0,0.0,0.0,-0.0,-0.0,0.0,0.0,0.0,0.0,0.0,-0.0,0.0,0.0,0.0,0.0,0.0,0.0,0.0,0.0,0.0,4.0,0.0,0.0
11856840,296.619140625,303.1499938964844,285.1499938964844,0.0,-0.0,292.9442443847656,0.0,0.0,9.73760907072574e-05,296.5919494628906,303.1499938964844,285.1499938964844,0.0,-0.0,292.9442443847656,0.0,0.0,0.0001025417077471,296.6072082519531,303.1499938964844,285.1499938964844,0.0,-0.0,292.9442443847656,0.0,0.0,7.573695620521903e-05,296.4178466796875,303.1499938964844,285.1499938964844,0.0,-0.0,292.9442443847656,0.0,0.0,0.0001025417077471,296.8748779296875,303.1499938964844,285.1499938964844,0.0,-0.0,292.9442749023437,0.0,0.0,0.0004864137154072,292.901611328125,294.1499938964844,285.3500061035156,285.1649780273437,285.5331726074219,285.3500061035156,292.5077819824219,0.0,0.0,0.0,0.0,1.0,1.0,-0.0010375306010246,1.0252658277920546e-08,0.0010375203564763,-0.0259083230048418,0.0,0.0,0.0,-0.0098954960703849,60.0,-5.09997034072876,-0.0,-7.33941476482869e-08,0.0,293.1499938964844,293.1499938964844,293.1499938964844,293.1499938964844,293.1499938964844,293.1499938964844,278.1499938964844,0.0,18000.0,313.1499938964844,0.0,18000.0,0.0,0.0,0.0,0.0,0.0,0.0,0.0,0.0,0.0,0.0,-0.0,-0.0,0.0,0.0,0.0,0.0,0.0,-0.0,0.0,0.0,0.0,0.0,0.0,0.0,0.0,0.0,0.0,4.0,0.0,0.0
11856900,296.6188659667969,303.1499938964844,285.1499938964844,0.0,-0.0,292.9429016113281,0.0,0.0,9.739490633364768e-05,296.5916442871094,303.1499938964844,285.1499938964844,0.0,-0.0,292.94293212890625,0.0,0.0,0.0001025615274556,296.6068725585937,303.1499938964844,285.1499938964844,0.0,-0.0,292.9429016113281,0.0,0.0,7.575159543193877e-05,296.41668701171875,303.1499938964844,285.1499938964844,0.0,-0.0,292.9429016113281,0.0,0.0,0.0001025615274556,296.8744201660156,303.1499938964844,285.1499938964844,0.0,-0.0,292.94293212890625,0.0,0.0,0.0004865077498834,292.9001159667969,294.1499938964844,285.3500061035156,285.1567687988281,285.531494140625,285.3500061035156,292.5059509277344,0.0,0.0,0.0,0.0,1.0,1.0,-0.0010377311846241,1.0276107964557468e-08,0.0010377208236604,-0.0259697120636701,0.0,0.0,0.0,-0.0099071217700839,60.0,-5.099925994873047,-0.0,-7.342251961972579e-08,0.0,293.1499938964844,293.1499938964844,293.1499938964844,293.1499938964844,293.1499938964844,293.1499938964844,278.1499938964844,0.0,18000.0,313.1499938964844,0.0,18000.0,0.0,0.0,0.0,0.0,0.0,0.0,0.0,0.0,0.0,0.0,-0.0,-0.0,0.0,0.0,0.0,0.0,0.0,-0.0,0.0,0.0,0.0,0.0,0.0,0.0,0.0,0.0,0.0,4.0,0.0,0.0
11856960,296.61865234375,303.1499938964844,285.1499938964844,0.0,-0.0,292.9415588378906,0.0,0.0,9.740792302181944e-05,296.5914001464844,303.1499938964844,285.1499938964844,0.0,-0.0,292.9415588378906,0.0,0.0,0.0001025752353598,296.6065673828125,303.1499938964844,285.1499938964844,0.0,-0.0,292.9415588378906,0.0,0.0,7.57617162889801e-05,296.41558837890625,303.1499938964844,285.1499938964844,0.0,-0.0,292.9415588378906,0.0,0.0,0.0001025752353598,296.8739624023437,303.1499938964844,285.1499938964844,0.0,-0.0,292.94158935546875,0.0,0.0,0.0004865727387368,292.8985900878906,294.1499938964844,285.3500061035156,285.1485595703125,285.5298156738281,285.3500061035156,292.504150390625,0.0,0.0,0.0,0.0,1.0,1.0,-0.0010378698352724,1.0292319885252256e-08,0.0010378594743087,-0.0260121524333953,0.0,0.0,0.0,-0.0099151590839028,60.0,-5.099592685699463,-0.0,-7.344214481008748e-08,0.0,293.1499938964844,293.1499938964844,293.1499938964844,293.1499938964844,293.1499938964844,293.1499938964844,278.1499938964844,0.0,18000.0,313.1499938964844,0.0,18000.0,0.0,0.0,0.0,0.0,0.0,0.0,0.0,0.0,0.0,0.0,-0.0,-0.0,0.0,0.0,0.0,0.0,0.0,-0.0,0.0,0.0,0.0,0.0,0.0,0.0,0.0,0.0,0.0,4.0,0.0,0.0
11857020,296.6183776855469,303.1499938964844,285.1499938964844,0.0,-0.0,292.9388732910156,0.0,0.0,9.741709072841331e-05,296.5909729003906,303.1499938964844,285.1499938964844,0.0,-0.0,292.9388732910156,0.0,0.0,0.0001025848832796,296.6060485839844,303.1499938964844,285.1499938964844,0.0,-0.0,292.9388732910156,0.0,0.0,7.5768846727442e-05,296.4136047363281,303.1499938964844,285.1499938964844,0.0,-0.0,292.9388732910156,0.0,0.0,0.0001025848832796,296.8731689453125,303.1499938964844,285.1499938964844,0.0,-0.0,292.9389038085937,0.0,0.0,0.000486618548166,292.8955383300781,294.1499938964844,285.3500061035156,285.1322021484375,285.5265197753906,285.3500061035156,292.50048828125,0.0,0.0,0.0,0.0,1.0,1.0,-0.0010379675077274,1.030374097155118e-08,0.0010379572631791,-0.0260420516133308,0.0,0.0,0.0,-0.0099208215251564,60.0,-5.098114967346191,-0.0,-7.345596486629803e-08,0.0,293.1499938964844,293.1499938964844,293.1499938964844,293.1499938964844,293.1499938964844,293.1499938964844,278.1499938964844,0.0,18000.0,313.1499938964844,0.0,18000.0,0.0,0.0,0.0,0.0,0.0,0.0,0.0,0.0,0.0,0.0,-0.0,-0.0,0.0,0.0,0.0,0.0,0.0,-0.0,0.0,0.0,0.0,0.0,0.0,0.0,0.0,0.0,0.0,4.0,0.0,0.0
11857080,296.6183776855469,303.1499938964844,285.1499938964844,0.0,-0.0,292.9388732910156,0.0,0.0,9.741709072841331e-05,296.5909729003906,303.1499938964844,285.1499938964844,0.0,-0.0,292.9388732910156,0.0,0.0,0.0001025848832796,296.6060485839844,303.1499938964844,285.1499938964844,0.0,-0.0,292.9388732910156,0.0,0.0,7.5768846727442e-05,296.4136047363281,303.1499938964844,285.1499938964844,0.0,-0.0,292.9388732910156,0.0,0.0,0.0001025848832796,296.8731689453125,303.1499938964844,285.1499938964844,0.0,-0.0,292.9389038085937,0.0,0.0,0.000486618548166,292.8955383300781,294.1499938964844,285.3500061035156,285.1322021484375,285.5265197753906,285.3500061035156,292.50048828125,0.0,0.0,0.0,0.0,1.0,1.0,-0.0010379675077274,1.030374097155118e-08,0.0010379572631791,-0.0260420516133308,0.0,0.0,0.0,-0.0099208215251564,60.0,-5.098114967346191,-0.0,-7.345596486629803e-08,0.0,293.1499938964844,293.1499938964844,293.1499938964844,293.1499938964844,293.1499938964844,293.1499938964844,278.1499938964844,0.0,18000.0,313.1499938964844,0.0,18000.0,0.0,0.0,0.0,0.0,0.0,0.0,0.0,0.0,0.0,0.0,-0.0,-0.0,0.0,0.0,0.0,0.0,0.0,-0.0,0.0,0.0,0.0,0.0,0.0,0.0,0.0,0.0,0.0,4.0,0.0,0.0
11857140,296.6183776855469,303.1499938964844,285.1499938964844,0.0,-0.0,292.9361572265625,0.0,0.0,9.74016438703984e-05,296.5907592773437,303.1499938964844,285.1499938964844,0.0,-0.0,292.9361572265625,0.0,0.0,0.0001025686215143,296.6057434082031,303.1499938964844,285.1499938964844,0.0,-0.0,292.9361572265625,0.0,0.0,7.575683412142098e-05,296.4119567871094,303.1499938964844,285.1499938964844,0.0,-0.0,292.9361572265625,0.0,0.0,0.0001025686215143,296.8724365234375,303.1499938964844,285.1499938964844,0.0,-0.0,292.9361877441406,0.0,0.0,0.0004865413939114,292.8924560546875,294.1499938964844,285.3500061035156,285.11602783203125,285.5232849121094,285.3500061035156,292.4968566894531,0.0,0.0,0.0,0.0,1.0,1.0,-0.0010378030128777,1.0284497697909956e-08,0.0010377927683293,-0.0259916763752698,0.0,0.0,0.0,-0.0099112819880247,60.0,-5.095310211181641,-0.0,-7.34326732754198e-08,0.0,293.1499938964844,293.1499938964844,293.1499938964844,293.1499938964844,293.1499938964844,293.1499938964844,278.1499938964844,0.0,18000.0,313.1499938964844,0.0,18000.0,0.0,0.0,0.0,0.0,0.0,0.0,0.0,0.0,0.0,0.0,-0.0,-0.0,0.0,0.0,0.0,0.0,0.0,-0.0,0.0,0.0,0.0,0.0,0.0,0.0,0.0,0.0,0.0,4.0,0.0,0.0
11857200,296.6183776855469,303.1499938964844,285.1499938964844,0.0,-0.0,292.9361572265625,0.0,0.0,9.74016438703984e-05,296.5907592773437,303.1499938964844,285.1499938964844,0.0,-0.0,292.9361572265625,0.0,0.0,0.0001025686215143,296.6057434082031,303.1499938964844,285.1499938964844,0.0,-0.0,292.9361572265625,0.0,0.0,7.575683412142098e-05,296.4119567871094,303.1499938964844,285.1499938964844,0.0,-0.0,292.9361572265625,0.0,0.0,0.0001025686215143,296.8724365234375,303.1499938964844,285.1499938964844,0.0,-0.0,292.9361877441406,0.0,0.0,0.0004865413939114,292.8924560546875,294.1499938964844,285.3500061035156,285.11602783203125,285.5232849121094,285.3500061035156,292.4968566894531,0.0,0.0,0.0,0.0,1.0,1.0,-0.0010378030128777,1.0284497697909956e-08,0.0010377927683293,-0.0259916763752698,0.0,0.0,0.0,-0.0099112819880247,60.0,-5.095310211181641,-0.0,-7.34326732754198e-08,0.0,293.1499938964844,293.1499938964844,293.1499938964844,293.1499938964844,293.1499938964844,293.1499938964844,278.1499938964844,0.0,18000.0,313.1499938964844,0.0,18000.0,0.0,0.0,0.0,0.0,0.0,0.0,0.0,0.0,0.0,0.0,-0.0,-0.0,0.0,0.0,0.0,0.0,0.0,-0.0,0.0,0.0,0.0,0.0,0.0,0.0,0.0,0.0,0.0,4.0,0.0,0.0
11857260,296.6186218261719,303.1499938964844,285.1499938964844,0.0,-0.0,292.9334411621094,0.0,0.0,9.736185165820645e-05,296.5906677246094,303.1499938964844,285.1499938964844,0.0,-0.0,292.9334411621094,0.0,0.0,0.0001025267192744,296.6055908203125,303.1499938964844,285.1499938964844,0.0,-0.0,292.9334411621094,0.0,0.0,7.572588947368786e-05,296.41064453125,303.1499938964844,285.1499938964844,0.0,-0.0,292.9334411621094,0.0,0.0,0.0001025267192744,296.871826171875,303.1499938964844,285.1499938964844,0.0,-0.0,292.9334716796875,0.0,0.0,0.0004863426147494,292.889404296875,294.1499938964844,285.3500061035156,285.1001892089844,285.5201110839844,285.3500061035156,292.49322509765625,0.0,0.0,0.0,0.0,1.0,1.0,-0.0010373791446909,1.0234919578522296e-08,0.0010373689001426,-0.0258618872612714,0.0,0.0,0.0,-0.0098867043852806,60.0,-5.091302871704102,-0.0,-7.337268925766693e-08,0.0,293.1499938964844,293.1499938964844,293.1499938964844,293.1499938964844,293.1499938964844,293.1499938964844,278.1499938964844,0.0,18000.0,313.1499938964844,0.0,18000.0,0.0,0.0,0.0,0.0,0.0,0.0,0.0,0.0,0.0,0.0,-0.0,-0.0,0.0,0.0,0.0,0.0,0.0,-0.0,0.0,0.0,0.0,0.0,0.0,0.0,0.0,0.0,0.0,4.0,0.0,0.0
11857320,296.6186218261719,303.1499938964844,285.1499938964844,0.0,-0.0,292.9334411621094,0.0,0.0,9.736185165820645e-05,296.5906677246094,303.1499938964844,285.1499938964844,0.0,-0.0,292.9334411621094,0.0,0.0,0.0001025267192744,296.6055908203125,303.1499938964844,285.1499938964844,0.0,-0.0,292.9334411621094,0.0,0.0,7.572588947368786e-05,296.41064453125,303.1499938964844,285.1499938964844,0.0,-0.0,292.9334411621094,0.0,0.0,0.0001025267192744,296.871826171875,303.1499938964844,285.1499938964844,0.0,-0.0,292.9334716796875,0.0,0.0,0.0004863426147494,292.889404296875,294.1499938964844,285.3500061035156,285.1001892089844,285.5201110839844,285.3500061035156,292.49322509765625,0.0,0.0,0.0,0.0,1.0,1.0,-0.0010373791446909,1.0234919578522296e-08,0.0010373689001426,-0.0258618872612714,0.0,0.0,0.0,-0.0098867043852806,60.0,-5.091302871704102,-0.0,-7.337268925766693e-08,0.0,293.1499938964844,293.1499938964844,293.1499938964844,293.1499938964844,293.1499938964844,293.1499938964844,278.1499938964844,0.0,18000.0,313.1499938964844,0.0,18000.0,0.0,0.0,0.0,0.0,0.0,0.0,0.0,0.0,0.0,0.0,-0.0,-0.0,0.0,0.0,0.0,0.0,0.0,-0.0,0.0,0.0,0.0,0.0,0.0,0.0,0.0,0.0,0.0,4.0,0.0,0.0
11857380,296.6191101074219,303.1499938964844,285.1499938964844,0.0,-0.0,292.93072509765625,0.0,0.0,9.729539306135848e-05,296.5907592773437,303.1499938964844,285.1499938964844,0.0,-0.0,292.93072509765625,0.0,0.0,0.0001024567318381,296.60565185546875,303.1499938964844,285.1499938964844,0.0,-0.0,292.93072509765625,0.0,0.0,7.567419379483908e-05,296.40972900390625,303.1499938964844,285.1499938964844,0.0,-0.0,292.93072509765625,0.0,0.0,0.0001024567318381,296.871337890625,303.1499938964844,285.1499938964844,0.0,-0.0,292.93072509765625,0.0,0.0,0.0004860106273554,292.8863220214844,294.1499938964844,285.3500061035156,285.08477783203125,285.5169982910156,285.3500061035156,292.4895935058594,0.0,0.0,0.0,0.0,1.0,1.0,-0.0010366711067035,1.0152111151739971e-08,0.0010366609785705,-0.025645101442933,0.0,0.0,0.0,-0.0098456535488367,60.0,-5.085958003997803,-0.0,-7.32725453644889e-08,0.0,293.1499938964844,293.1499938964844,293.1499938964844,293.1499938964844,293.1499938964844,293.1499938964844,278.1499938964844,0.0,18000.0,313.1499938964844,0.0,18000.0,0.0,0.0,0.0,0.0,0.0,0.0,0.0,0.0,0.0,0.0,-0.0,-0.0,0.0,0.0,0.0,0.0,0.0,-0.0,0.0,0.0,0.0,0.0,0.0,0.0,0.0,0.0,0.0,4.0,0.0,0.0
11857440,296.6191101074219,303.1499938964844,285.1499938964844,0.0,-0.0,292.93072509765625,0.0,0.0,9.729539306135848e-05,296.5907592773437,303.1499938964844,285.1499938964844,0.0,-0.0,292.93072509765625,0.0,0.0,0.0001024567318381,296.60565185546875,303.1499938964844,285.1499938964844,0.0,-0.0,292.93072509765625,0.0,0.0,7.567419379483908e-05,296.40972900390625,303.1499938964844,285.1499938964844,0.0,-0.0,292.93072509765625,0.0,0.0,0.0001024567318381,296.871337890625,303.1499938964844,285.1499938964844,0.0,-0.0,292.93072509765625,0.0,0.0,0.0004860106273554,292.8863220214844,294.1499938964844,285.3500061035156,285.08477783203125,285.5169982910156,285.3500061035156,292.4895935058594,0.0,0.0,0.0,0.0,1.0,1.0,-0.0010366711067035,1.0152111151739971e-08,0.0010366609785705,-0.025645101442933,0.0,0.0,0.0,-0.0098456535488367,60.0,-5.085958003997803,-0.0,-7.32725453644889e-08,0.0,293.1499938964844,293.1499938964844,293.1499938964844,293.1499938964844,293.1499938964844,293.1499938964844,278.1499938964844,0.0,18000.0,313.1499938964844,0.0,18000.0,0.0,0.0,0.0,0.0,0.0,0.0,0.0,0.0,0.0,0.0,-0.0,-0.0,0.0,0.0,0.0,0.0,0.0,-0.0,0.0,0.0,0.0,0.0,0.0,0.0,0.0,0.0,0.0,4.0,0.0,0.0
11857500,296.61944580078125,303.1499938964844,285.1499938964844,0.0,-0.0,292.9293518066406,0.0,0.0,9.725181735120714e-05,296.59088134765625,303.1499938964844,285.1499938964844,0.0,-0.0,292.9293518066406,0.0,0.0,0.0001024108423735,296.6057434082031,303.1499938964844,285.1499938964844,0.0,-0.0,292.9293518066406,0.0,0.0,7.564030238427222e-05,296.409423828125,303.1499938964844,285.1499938964844,0.0,-0.0,292.9293518066406,0.0,0.0,0.0001024108423735,296.87115478515625,303.1499938964844,285.1499938964844,0.0,-0.0,292.9293518066406,0.0,0.0,0.0004857929598074,292.884765625,294.1499938964844,285.3500061035156,285.0772705078125,285.5154724121094,285.3500061035156,292.4877624511719,0.0,0.0,0.0,0.0,1.0,1.0,-0.0010362068424001,1.0097817693122124e-08,0.0010361967142671,-0.0255029648542404,0.0,0.0,0.0,-0.0098187383264303,60.0,-5.08274507522583,-0.0,-7.320692674284146e-08,0.0,293.1499938964844,293.1499938964844,293.1499938964844,293.1499938964844,293.1499938964844,293.1499938964844,278.1499938964844,0.0,18000.0,313.1499938964844,0.0,18000.0,0.0,0.0,0.0,0.0,0.0,0.0,0.0,0.0,0.0,0.0,-0.0,-0.0,0.0,0.0,0.0,0.0,0.0,-0.0,0.0,0.0,0.0,0.0,0.0,0.0,0.0,0.0,0.0,4.0,0.0,0.0
11857560,296.619873046875,303.1499938964844,285.1499938964844,0.0,-0.0,292.927978515625,0.0,0.0,9.720079833641648e-05,296.591064453125,303.1499938964844,285.1499938964844,0.0,-0.0,292.927978515625,0.0,0.0,0.0001023571239784,296.6058959960937,303.1499938964844,285.1499938964844,0.0,-0.0,292.927978515625,0.0,0.0,7.560061931144446e-05,296.4092102050781,303.1499938964844,285.1499938964844,0.0,-0.0,292.927978515625,0.0,0.0,0.0001023571239784,296.8709716796875,303.1499938964844,285.1499938964844,0.0,-0.0,292.9280090332031,0.0,0.0,0.0004855381266679,292.8832397460937,294.1499938964844,285.3500061035156,285.0699157714844,285.5139465332031,285.3500061035156,292.4859619140625,0.0,0.0,0.0,0.0,1.0,1.0,-0.0010356632992625,1.0034256980873124e-08,0.0010356532875448,-0.0253365654498338,0.0,0.0,0.0,-0.0097872288897633,60.0,-5.079165458679199,-0.0,-7.313014549481522e-08,0.0,293.1499938964844,293.1499938964844,293.1499938964844,293.1499938964844,293.1499938964844,293.1499938964844,278.1499938964844,0.0,18000.0,313.1499938964844,0.0,18000.0,0.0,0.0,0.0,0.0,0.0,0.0,0.0,0.0,0.0,0.0,-0.0,-0.0,0.0,0.0,0.0,0.0,0.0,-0.0,0.0,0.0,0.0,0.0,0.0,0.0,0.0,0.0,0.0,4.0,0.0,0.0
11857620,296.6208801269531,303.1499938964844,285.1499938964844,0.0,-0.0,292.9252319335937,0.0,0.0,9.707539720693605e-05,296.591552734375,303.1499938964844,285.1499938964844,0.0,-0.0,292.9252319335937,0.0,0.0,0.0001022250726236,296.6063537597656,303.1499938964844,285.1499938964844,0.0,-0.0,292.9252319335937,0.0,0.0,7.550308509962633e-05,296.4090881347656,303.1499938964844,285.1499938964844,0.0,-0.0,292.9252319335937,0.0,0.0,0.0001022250726236,296.8707580566406,303.1499938964844,285.1499938964844,0.0,-0.0,292.9252624511719,0.0,0.0,0.000484911724925,292.8801574707031,294.1499938964844,285.3500061035156,285.0556640625,285.5109558105469,285.3500061035156,292.4822998046875,0.0,0.0,0.0,0.0,1.0,1.0,-0.0010343273170292,9.878015738706836e-09,0.0010343174217268,-0.0249275229871273,0.0,0.0,0.0,-0.0097097735852003,60.0,-5.07091236114502,-0.0,-7.294157455817185e-08,0.0,293.1499938964844,293.1499938964844,293.1499938964844,293.1499938964844,293.1499938964844,293.1499938964844,278.1499938964844,0.0,18000.0,313.1499938964844,0.0,18000.0,0.0,0.0,0.0,0.0,0.0,0.0,0.0,0.0,0.0,0.0,-0.0,-0.0,0.0,0.0,0.0,0.0,0.0,-0.0,0.0,0.0,0.0,0.0,0.0,0.0,0.0,0.0,0.0,4.0,0.0,0.0
11857680,296.6208801269531,303.1499938964844,285.1499938964844,0.0,-0.0,292.9252319335937,0.0,0.0,9.707539720693605e-05,296.591552734375,303.1499938964844,285.1499938964844,0.0,-0.0,292.9252319335937,0.0,0.0,0.0001022250726236,296.6063537597656,303.1499938964844,285.1499938964844,0.0,-0.0,292.9252319335937,0.0,0.0,7.550308509962633e-05,296.4090881347656,303.1499938964844,285.1499938964844,0.0,-0.0,292.9252319335937,0.0,0.0,0.0001022250726236,296.8707580566406,303.1499938964844,285.1499938964844,0.0,-0.0,292.9252624511719,0.0,0.0,0.000484911724925,292.8801574707031,294.1499938964844,285.3500061035156,285.0556640625,285.5109558105469,285.3500061035156,292.4822998046875,0.0,0.0,0.0,0.0,1.0,1.0,-0.0010343273170292,9.878015738706836e-09,0.0010343174217268,-0.0249275229871273,0.0,0.0,0.0,-0.0097097735852003,60.0,-5.07091236114502,-0.0,-7.294157455817185e-08,0.0,293.1499938964844,293.1499938964844,293.1499938964844,293.1499938964844,293.1499938964844,293.1499938964844,278.1499938964844,0.0,18000.0,313.1499938964844,0.0,18000.0,0.0,0.0,0.0,0.0,0.0,0.0,0.0,0.0,0.0,0.0,-0.0,-0.0,0.0,0.0,0.0,0.0,0.0,-0.0,0.0,0.0,0.0,0.0,0.0,0.0,0.0,0.0,0.0,4.0,0.0,0.0
11857740,296.6221923828125,303.1499938964844,285.1499938964844,0.0,-0.0,292.9224853515625,0.0,0.0,9.692222374724224e-05,296.5922546386719,303.1499938964844,285.1499938964844,0.0,-0.0,292.9224853515625,0.0,0.0,0.0001020637719193,296.6070251464844,303.1499938964844,285.1499938964844,0.0,-0.0,292.9224853515625,0.0,0.0,7.538394856965169e-05,296.40948486328125,303.1499938964844,285.1499938964844,0.0,-0.0,292.9224853515625,0.0,0.0,0.0001020637719193,296.8706970214844,303.1499938964844,285.1499938964844,0.0,-0.0,292.9224853515625,0.0,0.0,0.0004841465852223,292.8770446777344,294.1499938964844,285.3500061035156,285.0422058105469,285.50799560546875,285.3500061035156,292.4786682128906,0.0,0.0,0.0,0.0,1.0,1.0,-0.0010326952906325,9.68717017713061e-09,0.0010326856281608,-0.0244278684258461,0.0,0.0,0.0,-0.0096151633188128,60.0,-5.0610456466674805,-0.0,-7.271156476917896e-08,0.0,293.1499938964844,293.1499938964844,293.1499938964844,293.1499938964844,293.1499938964844,293.1499938964844,278.1499938964844,0.0,18000.0,313.1499938964844,0.0,18000.0,0.0,0.0,0.0,0.0,0.0,0.0,0.0,0.0,0.0,0.0,-0.0,-0.0,0.0,0.0,0.0,0.0,0.0,-0.0,0.0,0.0,0.0,0.0,0.0,0.0,0.0,0.0,0.0,4.0,0.0,0.0
11857800,296.6221923828125,303.1499938964844,285.1499938964844,0.0,-0.0,292.9224853515625,0.0,0.0,9.692222374724224e-05,296.5922546386719,303.1499938964844,285.1499938964844,0.0,-0.0,292.9224853515625,0.0,0.0,0.0001020637719193,296.6070251464844,303.1499938964844,285.1499938964844,0.0,-0.0,292.9224853515625,0.0,0.0,7.538394856965169e-05,296.40948486328125,303.1499938964844,285.1499938964844,0.0,-0.0,292.9224853515625,0.0,0.0,0.0001020637719193,296.8706970214844,303.1499938964844,285.1499938964844,0.0,-0.0,292.9224853515625,0.0,0.0,0.0004841465852223,292.8770446777344,294.1499938964844,285.3500061035156,285.0422058105469,285.50799560546875,285.3500061035156,292.4786682128906,0.0,0.0,0.0,0.0,1.0,1.0,-0.0010326952906325,9.68717017713061e-09,0.0010326856281608,-0.0244278684258461,0.0,0.0,0.0,-0.0096151633188128,60.0,-5.0610456466674805,-0.0,-7.271156476917896e-08,0.0,293.1499938964844,293.1499938964844,293.1499938964844,293.1499938964844,293.1499938964844,293.1499938964844,278.1499938964844,0.0,18000.0,313.1499938964844,0.0,18000.0,0.0,0.0,0.0,0.0,0.0,0.0,0.0,0.0,0.0,0.0,-0.0,-0.0,0.0,0.0,0.0,0.0,0.0,-0.0,0.0,0.0,0.0,0.0,0.0,0.0,0.0,0.0,0.0,4.0,0.0,0.0
11857860,296.6237487792969,303.1499938964844,285.1499938964844,0.0,-0.0,292.91973876953125,0.0,0.0,9.673843305790796e-05,296.5931396484375,303.1499938964844,285.1499938964844,0.0,-0.0,292.91973876953125,0.0,0.0,0.0001018702314468,296.60791015625,303.1499938964844,285.1499938964844,0.0,-0.0,292.91973876953125,0.0,0.0,7.524100510636345e-05,296.4103088378906,303.1499938964844,285.1499938964844,0.0,-0.0,292.91973876953125,0.0,0.0,0.0001018702314468,296.8707580566406,303.1499938964844,285.1499938964844,0.0,-0.0,292.91973876953125,0.0,0.0,0.0004832285048905,292.8739624023437,294.1499938964844,285.3500061035156,285.0296325683594,285.505126953125,285.3500061035156,292.4750366210937,0.0,0.0,0.0,0.0,1.0,1.0,-0.001030737068504,9.458181793320364e-09,0.001030727638863,-0.0238283276557922,0.0,0.0,0.0,-0.0095016453415155,60.0,-5.049763202667236,-0.0,-7.24360660342427e-08,0.0,293.1499938964844,293.1499938964844,293.1499938964844,293.1499938964844,293.1499938964844,293.1499938964844,278.1499938964844,0.0,18000.0,313.1499938964844,0.0,18000.0,0.0,0.0,0.0,0.0,0.0,0.0,0.0,0.0,0.0,0.0,-0.0,-0.0,0.0,0.0,0.0,0.0,0.0,-0.0,0.0,0.0,0.0,0.0,0.0,0.0,0.0,0.0,0.0,4.0,0.0,0.0
11857920,296.6237487792969,303.1499938964844,285.1499938964844,0.0,-0.0,292.91973876953125,0.0,0.0,9.673843305790796e-05,296.5931396484375,303.1499938964844,285.1499938964844,0.0,-0.0,292.91973876953125,0.0,0.0,0.0001018702314468,296.60791015625,303.1499938964844,285.1499938964844,0.0,-0.0,292.91973876953125,0.0,0.0,7.524100510636345e-05,296.4103088378906,303.1499938964844,285.1499938964844,0.0,-0.0,292.91973876953125,0.0,0.0,0.0001018702314468,296.8707580566406,303.1499938964844,285.1499938964844,0.0,-0.0,292.91973876953125,0.0,0.0,0.0004832285048905,292.8739624023437,294.1499938964844,285.3500061035156,285.0296325683594,285.505126953125,285.3500061035156,292.4750366210937,0.0,0.0,0.0,0.0,1.0,1.0,-0.001030737068504,9.458181793320364e-09,0.001030727638863,-0.0238283276557922,0.0,0.0,0.0,-0.0095016453415155,60.0,-5.049763202667236,-0.0,-7.24360660342427e-08,0.0,293.1499938964844,293.1499938964844,293.1499938964844,293.1499938964844,293.1499938964844,293.1499938964844,278.1499938964844,0.0,18000.0,313.1499938964844,0.0,18000.0,0.0,0.0,0.0,0.0,0.0,0.0,0.0,0.0,0.0,0.0,-0.0,-0.0,0.0,0.0,0.0,0.0,0.0,-0.0,0.0,0.0,0.0,0.0,0.0,0.0,0.0,0.0,0.0,4.0,0.0,0.0
11857980,296.6255798339844,303.1499938964844,285.1499938964844,0.0,-0.0,292.9169616699219,0.0,0.0,9.652683365857229e-05,296.59423828125,303.1499938964844,285.1499938964844,0.0,-0.0,292.9169616699219,0.0,0.0,0.0001016474052448,296.60906982421875,303.1499938964844,285.1499938964844,0.0,-0.0,292.9169616699219,0.0,0.0,7.507642294513062e-05,296.4117126464844,303.1499938964844,285.1499938964844,0.0,-0.0,292.9169616699219,0.0,0.0,0.0001016474052448,296.8710021972656,303.1499938964844,285.1499938964844,0.0,-0.0,292.9169921875,0.0,0.0,0.000482171511976,292.8708801269531,294.1499938964844,285.3500061035156,285.0180358886719,285.5023193359375,285.3500061035156,292.47137451171875,0.0,0.0,0.0,0.0,1.0,1.0,-0.0010284825693815,9.194542016643936e-09,0.0010284733725711,-0.0231380332261323,0.0,0.0,0.0,-0.0093709481880068,60.0,-5.036859512329102,-0.0,-7.211951924546156e-08,0.0,293.1499938964844,293.1499938964844,293.1499938964844,293.1499938964844,293.1499938964844,293.1499938964844,278.1499938964844,0.0,18000.0,313.1499938964844,0.0,18000.0,0.0,0.0,0.0,0.0,0.0,0.0,0.0,0.0,0.0,0.0,-0.0,-0.0,0.0,0.0,0.0,0.0,0.0,-0.0,0.0,0.0,0.0,0.0,0.0,0.0,0.0,0.0,0.0,4.0,0.0,0.0
11858040,296.6255798339844,303.1499938964844,285.1499938964844,0.0,-0.0,292.9169616699219,0.0,0.0,9.652683365857229e-05,296.59423828125,303.1499938964844,285.1499938964844,0.0,-0.0,292.9169616699219,0.0,0.0,0.0001016474052448,296.60906982421875,303.1499938964844,285.1499938964844,0.0,-0.0,292.9169616699219,0.0,0.0,7.507642294513062e-05,296.4117126464844,303.1499938964844,285.1499938964844,0.0,-0.0,292.9169616699219,0.0,0.0,0.0001016474052448,296.8710021972656,303.1499938964844,285.1499938964844,0.0,-0.0,292.9169921875,0.0,0.0,0.000482171511976,292.8708801269531,294.1499938964844,285.3500061035156,285.0180358886719,285.5023193359375,285.3500061035156,292.47137451171875,0.0,0.0,0.0,0.0,1.0,1.0,-0.0010284825693815,9.194542016643936e-09,0.0010284733725711,-0.0231380332261323,0.0,0.0,0.0,-0.0093709481880068,60.0,-5.036859512329102,-0.0,-7.211951924546156e-08,0.0,293.1499938964844,293.1499938964844,293.1499938964844,293.1499938964844,293.1499938964844,293.1499938964844,278.1499938964844,0.0,18000.0,313.1499938964844,0.0,18000.0,0.0,0.0,0.0,0.0,0.0,0.0,0.0,0.0,0.0,0.0,-0.0,-0.0,0.0,0.0,0.0,0.0,0.0,-0.0,0.0,0.0,0.0,0.0,0.0,0.0,0.0,0.0,0.0,4.0,0.0,0.0
11858100,296.6266174316406,303.1499938964844,285.1499938964844,0.0,-0.0,292.91558837890625,0.0,0.0,9.641217184253036e-05,296.5948791503906,303.1499938964844,285.1499938964844,0.0,-0.0,292.91558837890625,0.0,0.0,0.0001015266534523,296.6097412109375,303.1499938964844,285.1499938964844,0.0,-0.0,292.91558837890625,0.0,0.0,7.498724153265357e-05,296.4125671386719,303.1499938964844,285.1499938964844,0.0,-0.0,292.91558837890625,0.0,0.0,0.0001015266534523,296.8711853027344,303.1499938964844,285.1499938964844,0.0,-0.0,292.91558837890625,0.0,0.0,0.0004815987485926,292.86932373046875,294.1499938964844,285.3500061035156,285.0126342773437,285.5009155273437,285.3500061035156,292.4695739746094,0.0,0.0,0.0,0.0,1.0,1.0,-0.0010272609069943,9.05168118237043e-09,0.0010272518265992,-0.0227639619261026,0.0,0.0,0.0,-0.0093001257628202,60.0,-5.029943943023682,-0.0,-7.194828555157073e-08,0.0,293.1499938964844,293.1499938964844,293.1499938964844,293.1499938964844,293.1499938964844,293.1499938964844,278.1499938964844,0.0,18000.0,313.1499938964844,0.0,18000.0,0.0,0.0,0.0,0.0,0.0,0.0,0.0,0.0,0.0,0.0,-0.0,-0.0,0.0,0.0,0.0,0.0,0.0,-0.0,0.0,0.0,0.0,0.0,0.0,0.0,0.0,0.0,0.0,4.0,0.0,0.0
11858160,296.6277160644531,303.1499938964844,285.1499938964844,0.0,-0.0,292.9142150878906,0.0,0.0,9.629045962356032e-05,296.5955810546875,303.1499938964844,285.1499938964844,0.0,-0.0,292.9142150878906,0.0,0.0,0.0001013984947348,296.6104431152344,303.1499938964844,285.1499938964844,0.0,-0.0,292.9142150878906,0.0,0.0,7.489258132409304e-05,296.4136047363281,303.1499938964844,285.1499938964844,0.0,-0.0,292.9142150878906,0.0,0.0,0.0001013984947348,296.87139892578125,303.1499938964844,285.1499938964844,0.0,-0.0,292.9142150878906,0.0,0.0,0.0004809907986782,292.8677673339844,294.1499938964844,285.3500061035156,285.0075378417969,285.4995422363281,285.3500061035156,292.4677429199219,0.0,0.0,0.0,0.0,1.0,1.0,-0.0010259641567245,8.900043368953447e-09,0.00102595530916,-0.0223668981343507,0.0,0.0,0.0,-0.0092249531298875,60.0,-5.022661209106445,-0.0,-7.17667489880114e-08,0.0,293.1499938964844,293.1499938964844,293.1499938964844,293.1499938964844,293.1499938964844,293.1499938964844,278.1499938964844,0.0,18000.0,313.1499938964844,0.0,18000.0,0.0,0.0,0.0,0.0,0.0,0.0,0.0,0.0,0.0,0.0,-0.0,-0.0,0.0,0.0,0.0,0.0,0.0,-0.0,0.0,0.0,0.0,0.0,0.0,0.0,0.0,0.0,0.0,4.0,0.0,0.0
11858220,296.63006591796875,303.1499938964844,285.1499938964844,0.0,-0.0,292.91143798828125,0.0,0.0,9.603128273738548e-05,296.5971069335937,303.1499938964844,285.1499938964844,0.0,-0.0,292.91143798828125,0.0,0.0,0.0001011255662888,296.6120300292969,303.1499938964844,285.1499938964844,0.0,-0.0,292.91143798828125,0.0,0.0,7.469099364243448e-05,296.4160461425781,303.1499938964844,285.1499938964844,0.0,-0.0,292.91143798828125,0.0,0.0,0.0001011255662888,296.8719787597656,303.1499938964844,285.1499938964844,0.0,-0.0,292.9114685058594,0.0,0.0,0.0004796961438842,292.8646850585937,294.1499938964844,285.3500061035156,284.9982604980469,285.496826171875,285.3500061035156,292.464111328125,0.0,0.0,0.0,0.0,1.0,1.0,-0.0010232026688754,8.577129229081493e-09,0.0010231941705569,-0.0215213131159544,0.0,0.0,0.0,-0.0090648708865046,60.0,-5.007280349731445,-0.0,-7.138092428249365e-08,0.0,293.1499938964844,293.1499938964844,293.1499938964844,293.1499938964844,293.1499938964844,293.1499938964844,278.1499938964844,0.0,18000.0,313.1499938964844,0.0,18000.0,0.0,0.0,0.0,0.0,0.0,0.0,0.0,0.0,0.0,0.0,-0.0,-0.0,0.0,0.0,0.0,0.0,0.0,-0.0,0.0,0.0,0.0,0.0,0.0,0.0,0.0,0.0,0.0,4.0,0.0,0.0
11858280,296.63006591796875,303.1499938964844,285.1499938964844,0.0,-0.0,292.91143798828125,0.0,0.0,9.603128273738548e-05,296.5971069335937,303.1499938964844,285.1499938964844,0.0,-0.0,292.91143798828125,0.0,0.0,0.0001011255662888,296.6120300292969,303.1499938964844,285.1499938964844,0.0,-0.0,292.91143798828125,0.0,0.0,7.469099364243448e-05,296.4160461425781,303.1499938964844,285.1499938964844,0.0,-0.0,292.91143798828125,0.0,0.0,0.0001011255662888,296.8719787597656,303.1499938964844,285.1499938964844,0.0,-0.0,292.9114685058594,0.0,0.0,0.0004796961438842,292.8646850585937,294.1499938964844,285.3500061035156,284.9982604980469,285.496826171875,285.3500061035156,292.464111328125,0.0,0.0,0.0,0.0,1.0,1.0,-0.0010232026688754,8.577129229081493e-09,0.0010231941705569,-0.0215213131159544,0.0,0.0,0.0,-0.0090648708865046,60.0,-5.007280349731445,-0.0,-7.138092428249365e-08,0.0,293.1499938964844,293.1499938964844,293.1499938964844,293.1499938964844,293.1499938964844,293.1499938964844,278.1499938964844,0.0,18000.0,313.1499938964844,0.0,18000.0,0.0,0.0,0.0,0.0,0.0,0.0,0.0,0.0,0.0,0.0,-0.0,-0.0,0.0,0.0,0.0,0.0,0.0,-0.0,0.0,0.0,0.0,0.0,0.0,0.0,0.0,0.0,0.0,4.0,0.0,0.0
11858340,296.6327209472656,297.1499938964844,293.1499938964844,0.0,-0.0,292.9086608886719,0.0,0.050000000745058,9.575382864568384e-05,296.598876953125,297.1499938964844,293.1499938964844,0.0,-0.0,292.9086608886719,0.0,0.050000000745058,0.0001008333929348,296.6138610839844,297.1499938964844,293.1499938964844,0.0,-0.0,292.9086608886719,0.0,0.050000000745058,7.447520329151303e-05,296.4190673828125,297.1499938964844,293.1499938964844,0.0,-0.0,292.9086608886719,0.0,0.050000000745058,0.0001008333929348,296.87274169921875,297.1499938964844,293.1499938964844,0.0,-0.0,292.90869140625,0.0,0.050000000745058,0.000478310190374,292.861572265625,291.1499938964844,285.3500061035156,284.9903259277344,285.4941711425781,285.3500061035156,292.4604797363281,1.0,0.1000000014901161,0.0,0.0,1.0,1.0,-0.0010202465346083,8.231446635420525e-09,0.0010202382691204,-0.0206160582602024,0.0,0.0,0.0,-0.0088935019448399,60.0,-4.9907989501953125,-0.0,-7.096905108028295e-08,1.0,293.1499938964844,293.1499938964844,293.1499938964844,293.1499938964844,293.1499938964844,293.1499938964844,278.1499938964844,0.0,18000.0,313.1499938964844,0.0,18000.0,0.0,0.0,0.0,0.0,0.0,0.0,0.0,0.0,0.0,0.0,-0.0,-0.0,0.0,0.0,0.0,0.0,0.0,-0.0,0.0,0.0,0.0,0.0,0.0,0.0,0.0,0.0,0.0,4.0,0.0,0.0
11858400,296.6327209472656,297.1499938964844,293.1499938964844,0.0,-0.0,292.9086608886719,0.0,0.050000000745058,9.575382864568384e-05,296.598876953125,297.1499938964844,293.1499938964844,0.0,-0.0,292.9086608886719,0.0,0.050000000745058,0.0001008333929348,296.6138610839844,297.1499938964844,293.1499938964844,0.0,-0.0,292.9086608886719,0.0,0.050000000745058,7.447520329151303e-05,296.4190673828125,297.1499938964844,293.1499938964844,0.0,-0.0,292.9086608886719,0.0,0.050000000745058,0.0001008333929348,296.87274169921875,297.1499938964844,293.1499938964844,0.0,-0.0,292.90869140625,0.0,0.050000000745058,0.000478310190374,292.861572265625,291.1499938964844,285.3500061035156,284.9903259277344,285.4941711425781,285.3500061035156,292.4604797363281,1.0,0.1000000014901161,0.0,0.0,1.0,1.0,-0.0010202465346083,8.231446635420525e-09,0.0010202382691204,-0.0206160582602024,0.0,0.0,0.0,-0.0088935019448399,60.0,-4.9907989501953125,-0.0,-7.096905108028295e-08,1.0,293.1499938964844,293.1499938964844,293.1499938964844,293.1499938964844,293.1499938964844,293.1499938964844,278.1499938964844,0.0,18000.0,313.1499938964844,0.0,18000.0,0.0,0.0,0.0,0.0,0.0,0.0,0.0,0.0,0.0,0.0,-0.0,-0.0,0.0,0.0,0.0,0.0,0.0,-0.0,0.0,0.0,0.0,0.0,0.0,0.0,0.0,0.0,0.0,4.0,0.0,0.0
11858460,296.6263732910156,297.1499938964844,293.1499938964844,0.0,-0.0,292.6083679199219,0.6347076892852783,0.050000000745058,0.0408378094434738,296.59552001953125,297.1499938964844,293.1499938964844,0.0,-0.0,292.6083679199219,0.6347076892852783,0.050000000745058,0.0430041812360286,296.6106872558594,297.1499938964844,293.1499938964844,0.0,-0.0,292.6083679199219,0.6347076892852783,0.050000000745058,0.0317627415060997,296.435546875,297.1499938964844,293.1499938964844,0.0,-0.0,292.6083679199219,0.6347076892852783,0.050000000745058,0.0430041812360286,296.8648986816406,297.1499938964844,293.1499938964844,0.0,-0.0,292.6083679199219,0.6347076892852783,0.050000000745058,0.2039933204650879,292.5570983886719,291.1499938964844,285.3500061035156,284.9869079589844,292.5221252441406,294.3412780761719,292.4327087402344,1.0,0.1097082570195198,0.2000000029802322,0.2000000029802322,0.9901719689369202,1.0,-0.4352008402347564,0.01932935975492,0.4158714711666107,-0.1073396876454353,0.0,0.0,0.0,10.191246032714844,60.0,84.803466796875,-0.0,12.27757740020752,1.0,293.1499938964844,293.1499938964844,293.1499938964844,293.1499938964844,293.1499938964844,293.1499938964844,278.1499938964844,0.0,18000.0,313.1499938964844,0.0,18000.0,0.0,0.0,0.0,0.0,0.0,0.0,0.0,0.0,0.0,0.0,-0.0,-0.0,0.0,0.0,0.0,0.0,0.0,-0.0,0.0,0.0,0.0,0.0,0.0,0.0,0.0,0.0,0.0,4.0,0.0,0.0
11858520,296.6062316894531,297.1499938964844,293.1499938964844,0.0,-0.0,292.4841613769531,0.6318142414093018,0.050000000745058,0.0452347584068775,296.5816650390625,297.1499938964844,293.1499938964844,0.0,-0.0,292.4841613769531,0.6318142414093018,0.050000000745058,0.0476343780755996,296.595458984375,297.1499938964844,293.1499938964844,0.0,-0.0,292.4841613769531,0.6318142414093018,0.050000000745058,0.0351825915277004,296.4554443359375,297.1499938964844,293.1499938964844,0.0,-0.0,292.4841613769531,0.6318142414093018,0.050000000745058,0.0476343780755996,296.8480224609375,297.1499938964844,293.1499938964844,0.0,-0.0,292.4841613769531,0.6318142414093018,0.050000000745058,0.225956991314888,292.48248291015625,291.1499938964844,285.3500061035156,284.98388671875,293.5567932128906,296.7264709472656,292.5422058105469,1.0,0.1210792362689971,0.4000000059604645,0.4000000059604645,0.9803439378738404,1.0,-0.4819826483726501,0.0900557562708854,0.3919269144535064,-0.047386061400175,0.0,0.0,0.0,12.532807350158691,60.0,274.4489440917969,-0.0,16.67717170715332,1.0,293.1499938964844,293.1499938964844,293.1499938964844,293.1499938964844,293.1499938964844,293.1499938964844,278.1499938964844,0.0,18000.0,313.1499938964844,0.0,18000.0,0.0,0.0,0.0,0.0,0.0,0.0,0.0,0.0,0.0,0.0,-0.0,-0.0,0.0,0.0,0.0,0.0,0.0,-0.0,0.0,0.0,0.0,0.0,0.0,0.0,0.0,0.0,0.0,4.0,0.0,0.0
11858580,296.5758972167969,297.1499938964844,293.1499938964844,0.0,-0.0,292.6698303222656,0.5711967945098877,0.050000000745058,0.0456794202327728,296.55865478515625,297.1499938964844,293.1499938964844,0.0,-0.0,292.6698303222656,0.5711967945098877,0.050000000745058,0.0481026284396648,296.5703430175781,297.1499938964844,293.1499938964844,0.0,-0.0,292.6698303222656,0.5711967945098877,0.050000000745058,0.0355284363031387,296.4788513183594,297.1499938964844,293.1499938964844,0.0,-0.0,292.6698303222656,0.5711967945098877,0.050000000745058,0.0481026284396648,296.8223876953125,297.1499938964844,293.1499938964844,0.0,-0.0,292.6698303222656,0.5711967945098877,0.050000000745058,0.2281781584024429,292.6724548339844,291.1499938964844,285.3500061035156,284.97900390625,292.0806579589844,296.8257141113281,292.6458740234375,1.0,0.1405577957630157,0.800000011920929,0.800000011920929,0.960687816143036,1.0,-0.4867236316204071,0.2055276334285736,0.2811959981918335,0.0662763714790344,0.0,0.0,0.0,20.073148727416992,60.0,-32.729774475097656,-0.0,23.17521858215332,1.0,293.1499938964844,293.1499938964844,293.1499938964844,293.1499938964844,293.1499938964844,293.1499938964844,278.1499938964844,0.0,18000.0,313.1499938964844,0.0,18000.0,0.0,0.0,0.0,0.0,0.0,0.0,0.0,0.0,0.0,0.0,-0.0,-0.0,0.0,0.0,0.0,0.0,0.0,-0.0,0.0,0.0,0.0,0.0,0.0,0.0,0.0,0.0,0.0,4.0,0.0,0.0
11858640,296.5758972167969,297.1499938964844,293.1499938964844,0.0,-0.0,292.6698303222656,0.5711967945098877,0.050000000745058,0.0456794202327728,296.55865478515625,297.1499938964844,293.1499938964844,0.0,-0.0,292.6698303222656,0.5711967945098877,0.050000000745058,0.0481026284396648,296.5703430175781,297.1499938964844,293.1499938964844,0.0,-0.0,292.6698303222656,0.5711967945098877,0.050000000745058,0.0355284363031387,296.4788513183594,297.1499938964844,293.1499938964844,0.0,-0.0,292.6698303222656,0.5711967945098877,0.050000000745058,0.0481026284396648,296.8223876953125,297.1499938964844,293.1499938964844,0.0,-0.0,292.6698303222656,0.5711967945098877,0.050000000745058,0.2281781584024429,292.6724548339844,291.1499938964844,285.3500061035156,284.97900390625,292.0806579589844,296.8257141113281,292.6458740234375,1.0,0.1405577957630157,0.800000011920929,0.800000011920929,0.960687816143036,1.0,-0.4867236316204071,0.2055276334285736,0.2811959981918335,0.0662763714790344,0.0,0.0,0.0,20.073148727416992,60.0,-32.729774475097656,-0.0,23.17521858215332,1.0,293.1499938964844,293.1499938964844,293.1499938964844,293.1499938964844,293.1499938964844,293.1499938964844,278.1499938964844,0.0,18000.0,313.1499938964844,0.0,18000.0,0.0,0.0,0.0,0.0,0.0,0.0,0.0,0.0,0.0,0.0,-0.0,-0.0,0.0,0.0,0.0,0.0,0.0,-0.0,0.0,0.0,0.0,0.0,0.0,0.0,0.0,0.0,0.0,4.0,0.0,0.0
11858700,296.564453125,297.1499938964844,293.1499938964844,0.0,-0.0,292.5931396484375,0.5494371652603149,0.050000000745058,0.0458165071904659,296.5492553710937,297.1499938964844,293.1499938964844,0.0,-0.0,292.5931396484375,0.5494371652603149,0.050000000745058,0.0482469871640205,296.5601501464844,297.1499938964844,293.1499938964844,0.0,-0.0,292.5931396484375,0.5494371652603149,0.050000000745058,0.0356350615620613,296.48406982421875,297.1499938964844,293.1499938964844,0.0,-0.0,292.5931396484375,0.5494371652603149,0.050000000745058,0.0482469871640205,296.8124694824219,297.1499938964844,293.1499938964844,0.0,-0.0,292.5931396484375,0.5494371652603149,0.050000000745058,0.2288629412651062,292.58331298828125,291.1499938964844,285.3500061035156,284.9770812988281,291.8639221191406,296.8155822753906,292.5238647460937,1.0,0.148952841758728,1.0,1.0,0.950859785079956,1.0,-0.4881843626499176,0.2118446826934814,0.2763396799564361,0.0721136629581451,0.0,0.0,0.0,23.735322952270508,60.0,-173.33937072753906,-0.0,26.323341369628903,1.0,293.1499938964844,293.1499938964844,293.1499938964844,293.1499938964844,293.1499938964844,293.1499938964844,278.1499938964844,0.0,18000.0,313.1499938964844,0.0,18000.0,0.0,0.0,0.0,0.0,0.0,0.0,0.0,0.0,0.0,0.0,-0.0,-0.0,0.0,0.0,0.0,0.0,0.0,-0.0,0.0,0.0,0.0,0.0,0.0,0.0,0.0,0.0,0.0,4.0,0.0,0.0
11858760,296.55426025390625,297.1499938964844,293.1499938964844,0.0,-0.0,292.4851989746094,0.532654345035553,0.050000000745058,0.0459474772214889,296.5406494140625,297.1499938964844,293.1499938964844,0.0,-0.0,292.4851989746094,0.532654345035553,0.050000000745058,0.0483849048614501,296.55084228515625,297.1499938964844,293.1499938964844,0.0,-0.0,292.4851989746094,0.532654345035553,0.050000000745058,0.0357369258999824,296.486328125,297.1499938964844,293.1499938964844,0.0,-0.0,292.4851989746094,0.532654345035553,0.050000000745058,0.0483849048614501,296.803466796875,297.1499938964844,293.1499938964844,0.0,-0.0,292.4851989746094,0.532654345035553,0.050000000745058,0.2295171618461609,292.4751892089844,291.1499938964844,285.3500061035156,284.9755249023437,291.8288269042969,296.8063049316406,292.4305725097656,1.0,0.1565126627683639,1.0,1.0,0.933651864528656,1.0,-0.4895799160003662,0.212964117527008,0.2766158282756805,0.0727970600128173,0.0,0.0,0.0,27.23661231994629,60.0,-203.37852478027344,-0.0,29.35198974609375,1.0,293.1499938964844,293.1499938964844,293.1499938964844,293.1499938964844,293.1499938964844,293.1499938964844,278.1499938964844,0.0,18000.0,313.1499938964844,0.0,18000.0,0.0,0.0,0.0,0.0,0.0,0.0,0.0,0.0,0.0,0.0,-0.0,-0.0,0.0,0.0,0.0,0.0,0.0,-0.0,0.0,0.0,0.0,0.0,0.0,0.0,0.0,0.0,0.0,4.0,0.0,0.0
11858820,296.5374755859375,297.1499938964844,293.1499938964844,0.0,-0.0,292.3412170410156,0.5097891092300415,0.050000000745058,0.0461862944066524,296.52587890625,297.1499938964844,293.1499938964844,0.0,-0.0,292.3412170410156,0.5097891092300415,0.050000000745058,0.0486363917589187,296.5348815917969,297.1499938964844,293.1499938964844,0.0,-0.0,292.3412170410156,0.5097891092300415,0.050000000745058,0.035922672599554,296.48583984375,297.1499938964844,293.1499938964844,0.0,-0.0,292.3412170410156,0.5097891092300415,0.050000000745058,0.0486363917589187,296.7879943847656,297.1499938964844,293.1499938964844,0.0,-0.0,292.3412170410156,0.5097891092300415,0.050000000745058,0.2307101041078567,292.3353881835937,291.1499938964844,285.3500061035156,284.9733581542969,291.7986145019531,296.7903137207031,292.3070068359375,1.0,0.1693437546491623,1.0,1.0,0.8992360234260559,1.0,-0.4921247363090515,0.2150001525878906,0.2771245837211609,0.0740409716963768,0.0,0.0,0.0,33.62129592895508,60.0,-184.85842895507807,-0.0,34.91854476928711,1.0,293.1499938964844,293.1499938964844,293.1499938964844,293.1499938964844,293.1499938964844,293.1499938964844,278.1499938964844,0.0,18000.0,313.1499938964844,0.0,18000.0,0.0,0.0,0.0,0.0,0.0,0.0,0.0,0.0,0.0,0.0,-0.0,-0.0,0.0,0.0,0.0,0.0,0.0,-0.0,0.0,0.0,0.0,0.0,0.0,0.0,0.0,0.0,0.0,4.0,0.0,0.0
11858880,296.5374755859375,297.1499938964844,293.1499938964844,0.0,-0.0,292.3412170410156,0.5097891092300415,0.050000000745058,0.0461862944066524,296.52587890625,297.1499938964844,293.1499938964844,0.0,-0.0,292.3412170410156,0.5097891092300415,0.050000000745058,0.0486363917589187,296.5348815917969,297.1499938964844,293.1499938964844,0.0,-0.0,292.3412170410156,0.5097891092300415,0.050000000745058,0.035922672599554,296.48583984375,297.1499938964844,293.1499938964844,0.0,-0.0,292.3412170410156,0.5097891092300415,0.050000000745058,0.0486363917589187,296.7879943847656,297.1499938964844,293.1499938964844,0.0,-0.0,292.3412170410156,0.5097891092300415,0.050000000745058,0.2307101041078567,292.3353881835937,291.1499938964844,285.3500061035156,284.9733581542969,291.7986145019531,296.7903137207031,292.3070068359375,1.0,0.1693437546491623,1.0,1.0,0.8992360234260559,1.0,-0.4921247363090515,0.2150001525878906,0.2771245837211609,0.0740409716963768,0.0,0.0,0.0,33.62129592895508,60.0,-184.85842895507807,-0.0,34.91854476928711,1.0,293.1499938964844,293.1499938964844,293.1499938964844,293.1499938964844,293.1499938964844,293.1499938964844,278.1499938964844,0.0,18000.0,313.1499938964844,0.0,18000.0,0.0,0.0,0.0,0.0,0.0,0.0,0.0,0.0,0.0,0.0,-0.0,-0.0,0.0,0.0,0.0,0.0,0.0,-0.0,0.0,0.0,0.0,0.0,0.0,0.0,0.0,0.0,0.0,4.0,0.0,0.0
11858940,296.5246276855469,297.1499938964844,293.1499938964844,0.0,-0.0,292.2322998046875,0.495629608631134,0.050000000745058,0.0463902913033962,296.5140686035156,297.1499938964844,293.1499938964844,0.0,-0.0,292.2322998046875,0.495629608631134,0.050000000745058,0.0488512106239795,296.52215576171875,297.1499938964844,293.1499938964844,0.0,-0.0,292.2322998046875,0.495629608631134,0.050000000745058,0.0360813364386558,296.4822082519531,297.1499938964844,293.1499938964844,0.0,-0.0,292.2322998046875,0.495629608631134,0.050000000745058,0.0488512106239795,296.7753295898437,297.1499938964844,293.1499938964844,0.0,-0.0,292.2322998046875,0.495629608631134,0.050000000745058,0.2317291051149368,292.22723388671875,291.1499938964844,285.3500061035156,284.97235107421875,291.7641906738281,296.7772216796875,292.20172119140625,1.0,0.1795139014720916,1.0,1.0,0.8648202419281006,1.0,-0.4942984580993652,0.2171571105718612,0.2771413326263428,0.0755184516310691,0.0,0.0,0.0,39.07512664794922,60.0,-160.2852783203125,-0.0,39.718223571777344,1.0,293.1499938964844,293.1499938964844,293.1499938964844,293.1499938964844,293.1499938964844,293.1499938964844,278.1499938964844,0.0,18000.0,313.1499938964844,0.0,18000.0,0.0,0.0,0.0,0.0,0.0,0.0,0.0,0.0,0.0,0.0,-0.0,-0.0,0.0,0.0,0.0,0.0,0.0,-0.0,0.0,0.0,0.0,0.0,0.0,0.0,0.0,0.0,0.0,4.0,0.0,0.0
11859000,296.5246276855469,297.1499938964844,293.1499938964844,0.0,-0.0,292.2322998046875,0.495629608631134,0.050000000745058,0.0463902913033962,296.5140686035156,297.1499938964844,293.1499938964844,0.0,-0.0,292.2322998046875,0.495629608631134,0.050000000745058,0.0488512106239795,296.52215576171875,297.1499938964844,293.1499938964844,0.0,-0.0,292.2322998046875,0.495629608631134,0.050000000745058,0.0360813364386558,296.4822082519531,297.1499938964844,293.1499938964844,0.0,-0.0,292.2322998046875,0.495629608631134,0.050000000745058,0.0488512106239795,296.7753295898437,297.1499938964844,293.1499938964844,0.0,-0.0,292.2322998046875,0.495629608631134,0.050000000745058,0.2317291051149368,292.22723388671875,291.1499938964844,285.3500061035156,284.97235107421875,291.7641906738281,296.7772216796875,292.20172119140625,1.0,0.1795139014720916,1.0,1.0,0.8648202419281006,1.0,-0.4942984580993652,0.2171571105718612,0.2771413326263428,0.0755184516310691,0.0,0.0,0.0,39.07512664794922,60.0,-160.2852783203125,-0.0,39.718223571777344,1.0,293.1499938964844,293.1499938964844,293.1499938964844,293.1499938964844,293.1499938964844,293.1499938964844,278.1499938964844,0.0,18000.0,313.1499938964844,0.0,18000.0,0.0,0.0,0.0,0.0,0.0,0.0,0.0,0.0,0.0,0.0,-0.0,-0.0,0.0,0.0,0.0,0.0,0.0,-0.0,0.0,0.0,0.0,0.0,0.0,0.0,0.0,0.0,0.0,4.0,0.0,0.0
11859060,296.5146179199219,297.1499938964844,293.1499938964844,0.0,-0.0,292.1327514648437,0.4859283864498138,0.050000000745058,0.0465591549873352,296.50457763671875,297.1499938964844,293.1499938964844,0.0,-0.0,292.1327514648437,0.4859283864498138,0.050000000745058,0.049029029905796,296.5118713378906,297.1499938964844,293.1499938964844,0.0,-0.0,292.1327514648437,0.4859283864498138,0.050000000745058,0.0362126752734184,296.4774780273437,297.1499938964844,293.1499938964844,0.0,-0.0,292.1327514648437,0.4859283864498138,0.050000000745058,0.049029029905796,296.7648010253906,297.1499938964844,293.1499938964844,0.0,-0.0,292.1327514648437,0.4859283864498138,0.050000000745058,0.2325726151466369,292.1280517578125,291.1499938964844,285.3500061035156,284.9724426269531,291.7107238769531,296.7663879394531,292.1042175292969,1.0,0.1874818205833435,1.0,1.0,0.8188608884811401,1.0,-0.4960978925228119,0.2201439291238784,0.2759539783000946,0.0779244005680084,0.0,0.0,0.0,43.58971786499024,48.0,-142.45802307128906,-0.0,43.72262191772461,1.0,293.1499938964844,293.1499938964844,293.1499938964844,293.1499938964844,293.1499938964844,293.1499938964844,278.1499938964844,0.0,18000.0,313.1499938964844,0.0,18000.0,0.0,0.0,0.0,0.0,0.0,0.0,0.0,0.0,0.0,0.0,-0.0,-0.0,0.0,0.0,0.0,0.0,0.0,-0.0,0.0,0.0,0.0,0.0,0.0,0.0,0.0,0.0,0.0,4.0,0.0,0.0
11859120,296.5146179199219,297.1499938964844,293.1499938964844,0.0,-0.0,292.1327514648437,0.4859283864498138,0.050000000745058,0.0465591549873352,296.50457763671875,297.1499938964844,293.1499938964844,0.0,-0.0,292.1327514648437,0.4859283864498138,0.050000000745058,0.049029029905796,296.5118713378906,297.1499938964844,293.1499938964844,0.0,-0.0,292.1327514648437,0.4859283864498138,0.050000000745058,0.0362126752734184,296.4774780273437,297.1499938964844,293.1499938964844,0.0,-0.0,292.1327514648437,0.4859283864498138,0.050000000745058,0.049029029905796,296.7648010253906,297.1499938964844,293.1499938964844,0.0,-0.0,292.1327514648437,0.4859283864498138,0.050000000745058,0.2325726151466369,292.1280517578125,291.1499938964844,285.3500061035156,284.9724426269531,291.7107238769531,296.7663879394531,292.1042175292969,1.0,0.1874818205833435,1.0,1.0,0.8188608884811401,1.0,-0.4960978925228119,0.2201439291238784,0.2759539783000946,0.0779244005680084,0.0,0.0,0.0,43.58971786499024,48.0,-142.45802307128906,-0.0,43.72262191772461,1.0,293.1499938964844,293.1499938964844,293.1499938964844,293.1499938964844,293.1499938964844,293.1499938964844,278.1499938964844,0.0,18000.0,313.1499938964844,0.0,18000.0,0.0,0.0,0.0,0.0,0.0,0.0,0.0,0.0,0.0,0.0,-0.0,-0.0,0.0,0.0,0.0,0.0,0.0,-0.0,0.0,0.0,0.0,0.0,0.0,0.0,0.0,0.0,0.0,4.0,0.0,0.0
11859180,296.5066223144531,297.1499938964844,293.1499938964844,0.0,-0.0,292.0379333496094,0.4836333692073822,0.050000000745058,0.0466014258563518,296.4968566894531,297.1499938964844,293.1499938964844,0.0,-0.0,292.0379333496094,0.4836333692073822,0.050000000745058,0.0490735471248626,296.50347900390625,297.1499938964844,293.1499938964844,0.0,-0.0,292.0379333496094,0.4836333692073822,0.050000000745058,0.0362455546855926,296.47271728515625,297.1499938964844,293.1499938964844,0.0,-0.0,292.0379333496094,0.4836333692073822,0.050000000745058,0.0490735471248626,296.7559509277344,297.1499938964844,293.1499938964844,0.0,-0.0,292.0379333496094,0.4836333692073822,0.050000000745058,0.2327837795019149,292.0334167480469,291.1499938964844,285.3500061035156,284.9734802246094,291.6344909667969,296.7572937011719,292.01025390625,1.0,0.1889338493347168,1.0,1.0,0.7729015350341797,1.0,-0.4965486526489258,0.2235764414072036,0.2729722261428833,0.0811036005616188,0.0,0.0,0.0,44.71931076049805,36.0,-133.46820068359375,-0.0,44.72942352294922,1.0,293.1499938964844,293.1499938964844,293.1499938964844,293.1499938964844,293.1499938964844,293.1499938964844,278.1499938964844,0.0,18000.0,313.1499938964844,0.0,18000.0,0.0,0.0,0.0,0.0,0.0,0.0,0.0,0.0,0.0,0.0,-0.0,-0.0,0.0,0.0,0.0,0.0,0.0,-0.0,0.0,0.0,0.0,0.0,0.0,0.0,0.0,0.0,0.0,4.0,0.0,0.0
11859240,296.5066223144531,297.1499938964844,293.1499938964844,0.0,-0.0,292.0379333496094,0.4836333692073822,0.050000000745058,0.0466014258563518,296.4968566894531,297.1499938964844,293.1499938964844,0.0,-0.0,292.0379333496094,0.4836333692073822,0.050000000745058,0.0490735471248626,296.50347900390625,297.1499938964844,293.1499938964844,0.0,-0.0,292.0379333496094,0.4836333692073822,0.050000000745058,0.0362455546855926,296.47271728515625,297.1499938964844,293.1499938964844,0.0,-0.0,292.0379333496094,0.4836333692073822,0.050000000745058,0.0490735471248626,296.7559509277344,297.1499938964844,293.1499938964844,0.0,-0.0,292.0379333496094,0.4836333692073822,0.050000000745058,0.2327837795019149,292.0334167480469,291.1499938964844,285.3500061035156,284.9734802246094,291.6344909667969,296.7572937011719,292.01025390625,1.0,0.1889338493347168,1.0,1.0,0.7729015350341797,1.0,-0.4965486526489258,0.2235764414072036,0.2729722261428833,0.0811036005616188,0.0,0.0,0.0,44.71931076049805,36.0,-133.46820068359375,-0.0,44.72942352294922,1.0,293.1499938964844,293.1499938964844,293.1499938964844,293.1499938964844,293.1499938964844,293.1499938964844,278.1499938964844,0.0,18000.0,313.1499938964844,0.0,18000.0,0.0,0.0,0.0,0.0,0.0,0.0,0.0,0.0,0.0,0.0,-0.0,-0.0,0.0,0.0,0.0,0.0,0.0,-0.0,0.0,0.0,0.0,0.0,0.0,0.0,0.0,0.0,0.0,4.0,0.0,0.0
11859300,296.5032653808594,297.1499938964844,293.1499938964844,0.0,-0.0,291.9911193847656,0.4848444759845733,0.050000000745058,0.0465790554881095,296.4935913085937,297.1499938964844,293.1499938964844,0.0,-0.0,291.9911193847656,0.4848444759845733,0.050000000745058,0.0490499883890152,296.4998779296875,297.1499938964844,293.1499938964844,0.0,-0.0,291.9911193847656,0.4848444759845733,0.050000000745058,0.0362281538546085,296.4704895019531,297.1499938964844,293.1499938964844,0.0,-0.0,291.9911193847656,0.4848444759845733,0.050000000745058,0.0490499883890152,296.7520751953125,297.1499938964844,293.1499938964844,0.0,-0.0,291.9911193847656,0.4848444759845733,0.050000000745058,0.2326720356941223,291.9866027832031,291.1499938964844,285.3500061035156,284.97430419921875,291.58502197265625,296.7532958984375,291.9632568359375,1.0,0.1877438724040985,1.0,1.0,0.7499218583106995,1.0,-0.4963103830814361,0.225617840886116,0.2706925272941589,0.0831212773919105,0.0,0.0,0.0,44.12067031860352,36.0,-132.55340576171875,-0.0,44.196285247802734,1.0,293.1499938964844,293.1499938964844,293.1499938964844,293.1499938964844,293.1499938964844,293.1499938964844,278.1499938964844,0.0,18000.0,313.1499938964844,0.0,18000.0,0.0,0.0,0.0,0.0,0.0,0.0,0.0,0.0,0.0,0.0,-0.0,-0.0,0.0,0.0,0.0,0.0,0.0,-0.0,0.0,0.0,0.0,0.0,0.0,0.0,0.0,0.0,0.0,4.0,0.0,0.0
11859360,296.500244140625,297.1499938964844,293.1499938964844,0.0,-0.0,291.9438171386719,0.4873442947864532,0.050000000745058,0.0465333759784698,296.4906311035156,297.1499938964844,293.1499938964844,0.0,-0.0,291.9438171386719,0.4873442947864532,0.050000000745058,0.0490018837153911,296.49658203125,297.1499938964844,293.1499938964844,0.0,-0.0,291.9438171386719,0.4873442947864532,0.050000000745058,0.0361926257610321,296.4683532714844,297.1499938964844,293.1499938964844,0.0,-0.0,291.9438171386719,0.4873442947864532,0.050000000745058,0.0490018837153911,296.7485046386719,297.1499938964844,293.1499938964844,0.0,-0.0,291.9438171386719,0.4873442947864532,0.050000000745058,0.2324438393115997,291.939208984375,291.1499938964844,285.3500061035156,284.975341796875,291.5347595214844,296.7496032714844,291.9154357910156,1.0,0.185467928647995,1.0,1.0,0.7317109107971191,1.0,-0.4958236813545227,0.2274632900953292,0.2683603763580322,0.0849945396184921,0.0,0.0,0.0,42.89852523803711,25.0,-133.06771850585938,-0.0,43.109031677246094,1.0,293.1499938964844,293.1499938964844,293.1499938964844,293.1499938964844,293.1499938964844,293.1499938964844,278.1499938964844,0.0,18000.0,313.1499938964844,0.0,18000.0,0.0,0.0,0.0,0.0,0.0,0.0,0.0,0.0,0.0,0.0,-0.0,-0.0,0.0,0.0,0.0,0.0,0.0,-0.0,0.0,0.0,0.0,0.0,0.0,0.0,0.0,0.0,0.0,4.0,0.0,0.0
11859420,296.4951171875,297.1499938964844,293.1499938964844,0.0,-0.0,291.84722900390625,0.4954808950424194,0.050000000745058,0.0463927164673805,296.48553466796875,297.1499938964844,293.1499938964844,0.0,-0.0,291.84722900390625,0.4954808950424194,0.050000000745058,0.048853762447834,296.4908752441406,297.1499938964844,293.1499938964844,0.0,-0.0,291.84722900390625,0.4954808950424194,0.050000000745058,0.0360832251608371,296.4645690917969,297.1499938964844,293.1499938964844,0.0,-0.0,291.84722900390625,0.4954808950424194,0.050000000745058,0.048853762447834,296.7421264648437,297.1499938964844,293.1499938964844,0.0,-0.0,291.84722900390625,0.4954808950424194,0.050000000745058,0.2317412197589874,291.8424987792969,291.1499938964844,285.3500061035156,284.9779357910156,291.4169616699219,296.7431030273437,291.8178405761719,1.0,0.1785102784633636,1.0,1.0,0.695289134979248,1.0,-0.4943250119686126,0.2319098562002182,0.2624151706695556,0.0895758494734764,0.0,0.0,0.0,39.13573455810547,25.0,-137.29917907714844,-0.0,39.77428817749024,1.0,293.1499938964844,293.1499938964844,293.1499938964844,293.1499938964844,293.1499938964844,293.1499938964844,278.1499938964844,0.0,18000.0,313.1499938964844,0.0,18000.0,0.0,0.0,0.0,0.0,0.0,0.0,0.0,0.0,0.0,0.0,-0.0,-0.0,0.0,0.0,0.0,0.0,0.0,-0.0,0.0,0.0,0.0,0.0,0.0,0.0,0.0,0.0,0.0,4.0,0.0,0.0
11859480,296.4951171875,297.1499938964844,293.1499938964844,0.0,-0.0,291.84722900390625,0.4954808950424194,0.050000000745058,0.0463927164673805,296.48553466796875,297.1499938964844,293.1499938964844,0.0,-0.0,291.84722900390625,0.4954808950424194,0.050000000745058,0.048853762447834,296.4908752441406,297.1499938964844,293.1499938964844,0.0,-0.0,291.84722900390625,0.4954808950424194,0.050000000745058,0.0360832251608371,296.4645690917969,297.1499938964844,293.1499938964844,0.0,-0.0,291.84722900390625,0.4954808950424194,0.050000000745058,0.048853762447834,296.7421264648437,297.1499938964844,293.1499938964844,0.0,-0.0,291.84722900390625,0.4954808950424194,0.050000000745058,0.2317412197589874,291.8424987792969,291.1499938964844,285.3500061035156,284.9779357910156,291.4169616699219,296.7431030273437,291.8178405761719,1.0,0.1785102784633636,1.0,1.0,0.695289134979248,1.0,-0.4943250119686126,0.2319098562002182,0.2624151706695556,0.0895758494734764,0.0,0.0,0.0,39.13573455810547,25.0,-137.29917907714844,-0.0,39.77428817749024,1.0,293.1499938964844,293.1499938964844,293.1499938964844,293.1499938964844,293.1499938964844,293.1499938964844,278.1499938964844,0.0,18000.0,313.1499938964844,0.0,18000.0,0.0,0.0,0.0,0.0,0.0,0.0,0.0,0.0,0.0,0.0,-0.0,-0.0,0.0,0.0,0.0,0.0,0.0,-0.0,0.0,0.0,0.0,0.0,0.0,0.0,0.0,0.0,0.0,4.0,0.0,0.0
11859540,296.4908752441406,297.1499938964844,293.1499938964844,0.0,-0.0,291.74444580078125,0.5028036832809448,0.050000000745058,0.0462803728878498,296.4812927246094,297.1499938964844,293.1499938964844,0.0,-0.0,291.74444580078125,0.5028036832809448,0.050000000745058,0.048735462129116,296.48602294921875,297.1499938964844,293.1499938964844,0.0,-0.0,291.74444580078125,0.5028036832809448,0.050000000745058,0.0359958447515964,296.4612731933594,297.1499938964844,293.1499938964844,0.0,-0.0,291.74444580078125,0.5028036832809448,0.050000000745058,0.048735462129116,296.7366027832031,297.1499938964844,293.1499938964844,0.0,-0.0,291.74444580078125,0.5028036832809448,0.050000000745058,0.2311800420284271,291.7392272949219,291.1499938964844,285.3500061035156,284.9811096191406,291.2587585449219,296.7374572753906,291.7117004394531,1.0,0.1731284707784652,1.0,1.0,0.6588672995567322,1.0,-0.4931276142597198,0.2383024841547012,0.2548251450061798,0.095927782356739,0.0,0.0,0.0,36.12947082519531,25.0,-151.33663940429688,-0.0,37.12453842163086,1.0,293.1499938964844,293.1499938964844,293.1499938964844,293.1499938964844,293.1499938964844,293.1499938964844,278.1499938964844,0.0,18000.0,313.1499938964844,0.0,18000.0,0.0,0.0,0.0,0.0,0.0,0.0,0.0,0.0,0.0,0.0,-0.0,-0.0,0.0,0.0,0.0,0.0,0.0,-0.0,0.0,0.0,0.0,0.0,0.0,0.0,0.0,0.0,0.0,4.0,0.0,0.0
11859600,296.4908752441406,297.1499938964844,293.1499938964844,0.0,-0.0,291.74444580078125,0.5028036832809448,0.050000000745058,0.0462803728878498,296.4812927246094,297.1499938964844,293.1499938964844,0.0,-0.0,291.74444580078125,0.5028036832809448,0.050000000745058,0.048735462129116,296.48602294921875,297.1499938964844,293.1499938964844,0.0,-0.0,291.74444580078125,0.5028036832809448,0.050000000745058,0.0359958447515964,296.4612731933594,297.1499938964844,293.1499938964844,0.0,-0.0,291.74444580078125,0.5028036832809448,0.050000000745058,0.048735462129116,296.7366027832031,297.1499938964844,293.1499938964844,0.0,-0.0,291.74444580078125,0.5028036832809448,0.050000000745058,0.2311800420284271,291.7392272949219,291.1499938964844,285.3500061035156,284.9811096191406,291.2587585449219,296.7374572753906,291.7117004394531,1.0,0.1731284707784652,1.0,1.0,0.6588672995567322,1.0,-0.4931276142597198,0.2383024841547012,0.2548251450061798,0.095927782356739,0.0,0.0,0.0,36.12947082519531,25.0,-151.33663940429688,-0.0,37.12453842163086,1.0,293.1499938964844,293.1499938964844,293.1499938964844,293.1499938964844,293.1499938964844,293.1499938964844,278.1499938964844,0.0,18000.0,313.1499938964844,0.0,18000.0,0.0,0.0,0.0,0.0,0.0,0.0,0.0,0.0,0.0,0.0,-0.0,-0.0,0.0,0.0,0.0,0.0,0.0,-0.0,0.0,0.0,0.0,0.0,0.0,0.0,0.0,0.0,0.0,4.0,0.0,0.0
11859660,296.487060546875,297.1499938964844,293.1499938964844,0.0,-0.0,291.6291198730469,0.5090545415878296,0.050000000745058,0.0461956262588501,296.4775390625,297.1499938964844,293.1499938964844,0.0,-0.0,291.6291198730469,0.5090545415878296,0.050000000745058,0.0486462190747261,296.481689453125,297.1499938964844,293.1499938964844,0.0,-0.0,291.6291198730469,0.5090545415878296,0.050000000745058,0.0359299331903457,296.4583435058594,297.1499938964844,293.1499938964844,0.0,-0.0,291.6291198730469,0.5090545415878296,0.050000000745058,0.0486462190747261,296.7315368652344,297.1499938964844,293.1499938964844,0.0,-0.0,291.6291198730469,0.5090545415878296,0.050000000745058,0.2307567298412323,291.623291015625,291.1499938964844,285.3500061035156,284.9848022460937,291.101806640625,296.7323303222656,291.5931701660156,1.0,0.1688297837972641,1.0,1.0,0.6325730085372925,1.0,-0.4922246634960174,0.2444608062505722,0.2477638721466064,0.1018662378191948,0.0,0.0,0.0,33.86003112792969,25.0,-166.30950927734375,-0.0,35.13278579711914,1.0,293.1499938964844,293.1499938964844,293.1499938964844,293.1499938964844,293.1499938964844,293.1499938964844,278.1499938964844,0.0,18000.0,313.1499938964844,0.0,18000.0,0.0,0.0,0.0,0.0,0.0,0.0,0.0,0.0,0.0,0.0,-0.0,-0.0,0.0,0.0,0.0,0.0,0.0,-0.0,0.0,0.0,0.0,0.0,0.0,0.0,0.0,0.0,0.0,4.0,0.0,0.0
11859720,296.487060546875,297.1499938964844,293.1499938964844,0.0,-0.0,291.6291198730469,0.5090545415878296,0.050000000745058,0.0461956262588501,296.4775390625,297.1499938964844,293.1499938964844,0.0,-0.0,291.6291198730469,0.5090545415878296,0.050000000745058,0.0486462190747261,296.481689453125,297.1499938964844,293.1499938964844,0.0,-0.0,291.6291198730469,0.5090545415878296,0.050000000745058,0.0359299331903457,296.4583435058594,297.1499938964844,293.1499938964844,0.0,-0.0,291.6291198730469,0.5090545415878296,0.050000000745058,0.0486462190747261,296.7315368652344,297.1499938964844,293.1499938964844,0.0,-0.0,291.6291198730469,0.5090545415878296,0.050000000745058,0.2307567298412323,291.623291015625,291.1499938964844,285.3500061035156,284.9848022460937,291.101806640625,296.7323303222656,291.5931701660156,1.0,0.1688297837972641,1.0,1.0,0.6325730085372925,1.0,-0.4922246634960174,0.2444608062505722,0.2477638721466064,0.1018662378191948,0.0,0.0,0.0,33.86003112792969,25.0,-166.30950927734375,-0.0,35.13278579711914,1.0,293.1499938964844,293.1499938964844,293.1499938964844,293.1499938964844,293.1499938964844,293.1499938964844,278.1499938964844,0.0,18000.0,313.1499938964844,0.0,18000.0,0.0,0.0,0.0,0.0,0.0,0.0,0.0,0.0,0.0,0.0,-0.0,-0.0,0.0,0.0,0.0,0.0,0.0,-0.0,0.0,0.0,0.0,0.0,0.0,0.0,0.0,0.0,0.0,4.0,0.0,0.0
11859780,296.4851989746094,297.1499938964844,293.1499938964844,0.0,-0.0,291.56573486328125,0.5119755268096924,0.050000000745058,0.0461592562496662,296.4757385253906,297.1499938964844,293.1499938964844,0.0,-0.0,291.56573486328125,0.5119755268096924,0.050000000745058,0.0486079193651676,296.4795227050781,297.1499938964844,293.1499938964844,0.0,-0.0,291.56573486328125,0.5119755268096924,0.050000000745058,0.0359016433358192,296.4568786621094,297.1499938964844,293.1499938964844,0.0,-0.0,291.56573486328125,0.5119755268096924,0.050000000745058,0.0486079193651676,296.7290344238281,297.1499938964844,293.1499938964844,0.0,-0.0,291.56573486328125,0.5119755268096924,0.050000000745058,0.2305750399827957,291.55975341796875,291.1499938964844,285.3500061035156,284.9868469238281,291.0107727050781,296.72979736328125,291.5283203125,1.0,0.1669469773769378,1.0,1.0,0.6189000010490417,1.0,-0.4918370544910431,0.2482386380434036,0.2435984164476394,0.1054608225822448,0.0,0.0,0.0,32.88531494140625,25.0,-174.2209014892578,-0.0,34.27971649169922,1.0,293.1499938964844,293.1499938964844,293.1499938964844,293.1499938964844,293.1499938964844,293.1499938964844,278.1499938964844,0.0,18000.0,313.1499938964844,0.0,18000.0,0.0,0.0,0.0,0.0,0.0,0.0,0.0,0.0,0.0,0.0,-0.0,-0.0,0.0,0.0,0.0,0.0,0.0,-0.0,0.0,0.0,0.0,0.0,0.0,0.0,0.0,0.0,0.0,4.0,0.0,0.0
11859840,296.4834899902344,297.1499938964844,293.1499938964844,0.0,-0.0,291.5046081542969,0.5144842267036438,0.050000000745058,0.0461295098066329,296.4740905761719,297.1499938964844,293.1499938964844,0.0,-0.0,291.5046081542969,0.5144842267036438,0.050000000745058,0.0485765971243381,296.47760009765625,297.1499938964844,293.1499938964844,0.0,-0.0,291.5046081542969,0.5144842267036438,0.050000000745058,0.0358785092830657,296.4555358886719,297.1499938964844,293.1499938964844,0.0,-0.0,291.5046081542969,0.5144842267036438,0.050000000745058,0.0485765971243381,296.72674560546875,297.1499938964844,293.1499938964844,0.0,-0.0,291.5046081542969,0.5144842267036438,0.050000000745058,0.2304264605045318,291.4983215332031,291.1499938964844,285.3500061035156,284.98883056640625,290.9179382324219,296.7275085449219,291.4652404785156,1.0,0.1653893738985061,1.0,1.0,0.6062787175178528,1.0,-0.4915201067924499,0.2521300911903381,0.2393900007009506,0.1091432124376297,0.0,0.0,0.0,32.087799072265625,25.0,-183.2163543701172,-0.0,33.58285140991211,1.0,293.1499938964844,293.1499938964844,293.1499938964844,293.1499938964844,293.1499938964844,293.1499938964844,278.1499938964844,0.0,18000.0,313.1499938964844,0.0,18000.0,0.0,0.0,0.0,0.0,0.0,0.0,0.0,0.0,0.0,0.0,-0.0,-0.0,0.0,0.0,0.0,0.0,0.0,-0.0,0.0,0.0,0.0,0.0,0.0,0.0,0.0,0.0,0.0,4.0,0.0,0.0
11859900,296.4817199707031,297.1499938964844,293.1499938964844,0.0,-0.0,291.4373474121094,0.5169082283973694,0.050000000745058,0.0461019948124885,296.472412109375,297.1499938964844,293.1499938964844,0.0,-0.0,291.4373474121094,0.5169082283973694,0.050000000745058,0.0485476218163967,296.4755859375,297.1499938964844,293.1499938964844,0.0,-0.0,291.4373474121094,0.5169082283973694,0.050000000745058,0.0358571074903011,296.45416259765625,297.1499938964844,293.1499938964844,0.0,-0.0,291.4373474121094,0.5169082283973694,0.050000000745058,0.0485476218163967,296.7243957519531,297.1499938964844,293.1499938964844,0.0,-0.0,291.4373474121094,0.5169082283973694,0.050000000745058,0.2302890121936798,291.4306640625,291.1499938964844,285.3500061035156,284.9909362792969,290.8122863769531,296.72515869140625,291.3954162597656,1.0,0.1639334410429,1.0,1.0,0.5931316018104553,1.0,-0.4912268817424774,0.2565788030624389,0.2346480786800384,0.1133355721831321,0.0,0.0,0.0,31.349552154541016,25.0,-194.3675537109375,-0.0,32.9387092590332,1.0,293.1499938964844,293.1499938964844,293.1499938964844,293.1499938964844,293.1499938964844,293.1499938964844,278.1499938964844,0.0,18000.0,313.1499938964844,0.0,18000.0,0.0,0.0,0.0,0.0,0.0,0.0,0.0,0.0,0.0,0.0,-0.0,-0.0,0.0,0.0,0.0,0.0,0.0,-0.0,0.0,0.0,0.0,0.0,0.0,0.0,0.0,0.0,0.0,4.0,0.0,0.0
11859960,296.4799499511719,297.1499938964844,293.1499938964844,0.0,-0.0,291.36590576171875,0.5191491842269897,0.050000000745058,0.0460775606334209,296.4707336425781,297.1499938964844,293.1499938964844,0.0,-0.0,291.36590576171875,0.5191491842269897,0.050000000745058,0.0485218875110149,296.4736022949219,297.1499938964844,293.1499938964844,0.0,-0.0,291.36590576171875,0.5191491842269897,0.050000000745058,0.0358381010591983,296.4527893066406,297.1499938964844,293.1499938964844,0.0,-0.0,291.36590576171875,0.5191491842269897,0.050000000745058,0.0485218875110149,296.7220458984375,297.1499938964844,293.1499938964844,0.0,-0.0,291.36590576171875,0.5191491842269897,0.050000000745058,0.2301669418811798,291.3588256835937,291.1499938964844,285.3500061035156,284.9931030273437,290.7354736328125,296.7228088378906,291.32196044921875,1.0,0.1626264899969101,1.0,1.0,0.5860460996627808,1.0,-0.4909664988517761,0.2592692375183105,0.2316972315311432,0.1157431975007057,0.0,0.0,0.0,30.693159103393555,25.0,-201.47525024414065,-0.0,32.36644744873047,1.0,293.1499938964844,293.1499938964844,293.1499938964844,293.1499938964844,293.1499938964844,293.1499938964844,278.1499938964844,0.0,18000.0,313.1499938964844,0.0,18000.0,0.0,0.0,0.0,0.0,0.0,0.0,0.0,0.0,0.0,0.0,-0.0,-0.0,0.0,0.0,0.0,0.0,0.0,-0.0,0.0,0.0,0.0,0.0,0.0,0.0,0.0,0.0,0.0,4.0,0.0,0.0
11860020,296.476318359375,297.1499938964844,293.1499938964844,0.0,-0.0,291.2216491699219,0.5231179594993591,0.050000000745058,0.0460364557802677,296.4673767089844,297.1499938964844,293.1499938964844,0.0,-0.0,291.2216491699219,0.5231179594993591,0.050000000745058,0.0484786070883274,296.4695739746094,297.1499938964844,293.1499938964844,0.0,-0.0,291.2216491699219,0.5231179594993591,0.050000000745058,0.0358061343431472,296.449951171875,297.1499938964844,293.1499938964844,0.0,-0.0,291.2216491699219,0.5231179594993591,0.050000000745058,0.0484786070883274,296.71728515625,297.1499938964844,293.1499938964844,0.0,-0.0,291.2216491699219,0.5231179594993591,0.050000000745058,0.2299616336822509,291.2147216796875,291.1499938964844,285.3500061035156,284.9975280761719,290.6015625,296.7180480957031,291.1793212890625,1.0,0.1603989452123642,1.0,1.0,0.5718751549720764,1.0,-0.4905284643173218,0.2647613286972046,0.2257671505212783,0.1205784752964973,0.0,0.0,0.0,29.587459564208984,25.0,-200.6983642578125,-0.0,31.40402030944824,1.0,293.1499938964844,293.1499938964844,293.1499938964844,293.1499938964844,293.1499938964844,293.1499938964844,278.1499938964844,0.0,18000.0,313.1499938964844,0.0,18000.0,0.0,0.0,0.0,0.0,0.0,0.0,0.0,0.0,0.0,0.0,-0.0,-0.0,0.0,0.0,0.0,0.0,0.0,-0.0,0.0,0.0,0.0,0.0,0.0,0.0,0.0,0.0,0.0,4.0,0.0,0.0
11860080,296.476318359375,297.1499938964844,293.1499938964844,0.0,-0.0,291.2216491699219,0.5231179594993591,0.050000000745058,0.0460364557802677,296.4673767089844,297.1499938964844,293.1499938964844,0.0,-0.0,291.2216491699219,0.5231179594993591,0.050000000745058,0.0484786070883274,296.4695739746094,297.1499938964844,293.1499938964844,0.0,-0.0,291.2216491699219,0.5231179594993591,0.050000000745058,0.0358061343431472,296.449951171875,297.1499938964844,293.1499938964844,0.0,-0.0,291.2216491699219,0.5231179594993591,0.050000000745058,0.0484786070883274,296.71728515625,297.1499938964844,293.1499938964844,0.0,-0.0,291.2216491699219,0.5231179594993591,0.050000000745058,0.2299616336822509,291.2147216796875,291.1499938964844,285.3500061035156,284.9975280761719,290.6015625,296.7180480957031,291.1793212890625,1.0,0.1603989452123642,1.0,1.0,0.5718751549720764,1.0,-0.4905284643173218,0.2647613286972046,0.2257671505212783,0.1205784752964973,0.0,0.0,0.0,29.587459564208984,25.0,-200.6983642578125,-0.0,31.40402030944824,1.0,293.1499938964844,293.1499938964844,293.1499938964844,293.1499938964844,293.1499938964844,293.1499938964844,278.1499938964844,0.0,18000.0,313.1499938964844,0.0,18000.0,0.0,0.0,0.0,0.0,0.0,0.0,0.0,0.0,0.0,0.0,-0.0,-0.0,0.0,0.0,0.0,0.0,0.0,-0.0,0.0,0.0,0.0,0.0,0.0,0.0,0.0,0.0,0.0,4.0,0.0,0.0
11860140,296.4726867675781,297.1499938964844,293.1499938964844,0.0,-0.0,291.080322265625,0.5264659523963928,0.050000000745058,0.0460037589073181,296.46405029296875,297.1499938964844,293.1499938964844,0.0,-0.0,291.080322265625,0.5264659523963928,0.050000000745058,0.0484441705048084,296.4655456542969,297.1499938964844,293.1499938964844,0.0,-0.0,291.080322265625,0.5264659523963928,0.050000000745058,0.0357807017862796,296.4471435546875,297.1499938964844,293.1499938964844,0.0,-0.0,291.080322265625,0.5264659523963928,0.050000000745058,0.0484441705048084,296.7124938964844,297.1499938964844,293.1499938964844,0.0,-0.0,291.080322265625,0.5264659523963928,0.050000000745058,0.229798287153244,291.0733947753906,291.1499938964844,285.3500061035156,285.001953125,290.45709228515625,296.7132568359375,291.03765869140625,1.0,0.158598855137825,1.0,1.0,0.5577042698860168,1.0,-0.4901799857616424,0.2707627415657043,0.2194172441959381,0.1258276253938675,0.0,0.0,0.0,28.70582389831543,25.0,-200.6162109375,-0.0,30.638153076171875,1.0,293.1499938964844,293.1499938964844,293.1499938964844,293.1499938964844,293.1499938964844,293.1499938964844,278.1499938964844,0.0,18000.0,313.1499938964844,0.0,18000.0,0.0,0.0,0.0,0.0,0.0,0.0,0.0,0.0,0.0,0.0,-0.0,-0.0,0.0,0.0,0.0,0.0,0.0,-0.0,0.0,0.0,0.0,0.0,0.0,0.0,0.0,0.0,0.0,4.0,0.0,0.0
11860200,296.4726867675781,297.1499938964844,293.1499938964844,0.0,-0.0,291.080322265625,0.5264659523963928,0.050000000745058,0.0460037589073181,296.46405029296875,297.1499938964844,293.1499938964844,0.0,-0.0,291.080322265625,0.5264659523963928,0.050000000745058,0.0484441705048084,296.4655456542969,297.1499938964844,293.1499938964844,0.0,-0.0,291.080322265625,0.5264659523963928,0.050000000745058,0.0357807017862796,296.4471435546875,297.1499938964844,293.1499938964844,0.0,-0.0,291.080322265625,0.5264659523963928,0.050000000745058,0.0484441705048084,296.7124938964844,297.1499938964844,293.1499938964844,0.0,-0.0,291.080322265625,0.5264659523963928,0.050000000745058,0.229798287153244,291.0733947753906,291.1499938964844,285.3500061035156,285.001953125,290.45709228515625,296.7132568359375,291.03765869140625,1.0,0.158598855137825,1.0,1.0,0.5577042698860168,1.0,-0.4901799857616424,0.2707627415657043,0.2194172441959381,0.1258276253938675,0.0,0.0,0.0,28.70582389831543,25.0,-200.6162109375,-0.0,30.638153076171875,1.0,293.1499938964844,293.1499938964844,293.1499938964844,293.1499938964844,293.1499938964844,293.1499938964844,278.1499938964844,0.0,18000.0,313.1499938964844,0.0,18000.0,0.0,0.0,0.0,0.0,0.0,0.0,0.0,0.0,0.0,0.0,-0.0,-0.0,0.0,0.0,0.0,0.0,0.0,-0.0,0.0,0.0,0.0,0.0,0.0,0.0,0.0,0.0,0.0,4.0,0.0,0.0
11860260,296.4690856933594,297.1499938964844,293.1499938964844,0.0,-0.0,290.9419860839844,0.5292618274688721,0.050000000745058,0.0459777079522609,296.4607238769531,297.1499938964844,293.1499938964844,0.0,-0.0,290.9419860839844,0.5292618274688721,0.050000000745058,0.0484167374670505,296.4615783691406,297.1499938964844,293.1499938964844,0.0,-0.0,290.9419860839844,0.5292618274688721,0.050000000745058,0.0357604399323463,296.4443054199219,297.1499938964844,293.1499938964844,0.0,-0.0,290.9419860839844,0.5292618274688721,0.050000000745058,0.0484167374670505,296.70770263671875,297.1499938964844,293.1499938964844,0.0,-0.0,290.9419860839844,0.5292618274688721,0.050000000745058,0.2296681702136993,290.93560791015625,291.1499938964844,285.3500061035156,285.0062561035156,290.4271545410156,296.70849609375,290.9048156738281,1.0,0.1571414172649383,1.0,1.0,0.5574908256530762,1.0,-0.4899023473262787,0.2711168229579925,0.2187855392694473,0.1253982484340667,0.0,0.0,0.0,28.00083541870117,25.0,-177.2654266357422,-0.0,30.0258903503418,1.0,293.1499938964844,293.1499938964844,293.1499938964844,293.1499938964844,293.1499938964844,293.1499938964844,278.1499938964844,0.0,18000.0,313.1499938964844,0.0,18000.0,0.0,0.0,0.0,0.0,0.0,0.0,0.0,0.0,0.0,0.0,-0.0,-0.0,0.0,0.0,0.0,0.0,0.0,-0.0,0.0,0.0,0.0,0.0,0.0,0.0,0.0,0.0,0.0,4.0,0.0,0.0
11860320,296.4690856933594,297.1499938964844,293.1499938964844,0.0,-0.0,290.9419860839844,0.5292618274688721,0.050000000745058,0.0459777079522609,296.4607238769531,297.1499938964844,293.1499938964844,0.0,-0.0,290.9419860839844,0.5292618274688721,0.050000000745058,0.0484167374670505,296.4615783691406,297.1499938964844,293.1499938964844,0.0,-0.0,290.9419860839844,0.5292618274688721,0.050000000745058,0.0357604399323463,296.4443054199219,297.1499938964844,293.1499938964844,0.0,-0.0,290.9419860839844,0.5292618274688721,0.050000000745058,0.0484167374670505,296.70770263671875,297.1499938964844,293.1499938964844,0.0,-0.0,290.9419860839844,0.5292618274688721,0.050000000745058,0.2296681702136993,290.93560791015625,291.1499938964844,285.3500061035156,285.0062561035156,290.4271545410156,296.70849609375,290.9048156738281,1.0,0.1571414172649383,1.0,1.0,0.5574908256530762,1.0,-0.4899023473262787,0.2711168229579925,0.2187855392694473,0.1253982484340667,0.0,0.0,0.0,28.00083541870117,25.0,-177.2654266357422,-0.0,30.0258903503418,1.0,293.1499938964844,293.1499938964844,293.1499938964844,293.1499938964844,293.1499938964844,293.1499938964844,278.1499938964844,0.0,18000.0,313.1499938964844,0.0,18000.0,0.0,0.0,0.0,0.0,0.0,0.0,0.0,0.0,0.0,0.0,-0.0,-0.0,0.0,0.0,0.0,0.0,0.0,-0.0,0.0,0.0,0.0,0.0,0.0,0.0,0.0,0.0,0.0,4.0,0.0,0.0
11860380,296.4657287597656,297.1499938964844,293.1499938964844,0.0,-0.0,290.8300170898437,0.5315887928009033,0.050000000745058,0.045956827700138,296.4576110839844,297.1499938964844,293.1499938964844,0.0,-0.0,290.8300170898437,0.5315887928009033,0.050000000745058,0.0483947545289993,296.45782470703125,297.1499938964844,293.1499938964844,0.0,-0.0,290.8300170898437,0.5315887928009033,0.050000000745058,0.0357442013919353,296.4416198730469,297.1499938964844,293.1499938964844,0.0,-0.0,290.8300170898437,0.5315887928009033,0.050000000745058,0.0483947545289993,296.7030944824219,297.1499938964844,293.1499938964844,0.0,-0.0,290.8300170898437,0.5315887928009033,0.050000000745058,0.2295638769865036,290.8249816894531,291.1499938964844,285.3500061035156,285.0103759765625,290.41778564453125,296.7038269042969,290.8004150390625,1.0,0.1559589803218841,1.0,1.0,0.5572773814201355,1.0,-0.4896798431873321,0.2713050842285156,0.2183747589588165,0.124785378575325,0.0,0.0,0.0,27.434125900268555,25.0,-143.1321563720703,-0.0,29.53425407409668,1.0,293.1499938964844,293.1499938964844,293.1499938964844,293.1499938964844,293.1499938964844,293.1499938964844,278.1499938964844,0.0,18000.0,313.1499938964844,0.0,18000.0,0.0,0.0,0.0,0.0,0.0,0.0,0.0,0.0,0.0,0.0,-0.0,-0.0,0.0,0.0,0.0,0.0,0.0,-0.0,0.0,0.0,0.0,0.0,0.0,0.0,0.0,0.0,0.0,4.0,0.0,0.0
11860440,296.4657287597656,297.1499938964844,293.1499938964844,0.0,-0.0,290.8300170898437,0.5315887928009033,0.050000000745058,0.045956827700138,296.4576110839844,297.1499938964844,293.1499938964844,0.0,-0.0,290.8300170898437,0.5315887928009033,0.050000000745058,0.0483947545289993,296.45782470703125,297.1499938964844,293.1499938964844,0.0,-0.0,290.8300170898437,0.5315887928009033,0.050000000745058,0.0357442013919353,296.4416198730469,297.1499938964844,293.1499938964844,0.0,-0.0,290.8300170898437,0.5315887928009033,0.050000000745058,0.0483947545289993,296.7030944824219,297.1499938964844,293.1499938964844,0.0,-0.0,290.8300170898437,0.5315887928009033,0.050000000745058,0.2295638769865036,290.8249816894531,291.1499938964844,285.3500061035156,285.0103759765625,290.41778564453125,296.7038269042969,290.8004150390625,1.0,0.1559589803218841,1.0,1.0,0.5572773814201355,1.0,-0.4896798431873321,0.2713050842285156,0.2183747589588165,0.124785378575325,0.0,0.0,0.0,27.434125900268555,25.0,-143.1321563720703,-0.0,29.53425407409668,1.0,293.1499938964844,293.1499938964844,293.1499938964844,293.1499938964844,293.1499938964844,293.1499938964844,278.1499938964844,0.0,18000.0,313.1499938964844,0.0,18000.0,0.0,0.0,0.0,0.0,0.0,0.0,0.0,0.0,0.0,0.0,-0.0,-0.0,0.0,0.0,0.0,0.0,0.0,-0.0,0.0,0.0,0.0,0.0,0.0,0.0,0.0,0.0,0.0,4.0,0.0,0.0
11860500,296.4642639160156,297.1499938964844,293.1499938964844,0.0,-0.0,290.7823791503906,0.5325981974601746,0.050000000745058,0.0459479875862598,296.4561767578125,297.1499938964844,293.1499938964844,0.0,-0.0,290.7823791503906,0.5325981974601746,0.050000000745058,0.0483854450285434,296.4560852050781,297.1499938964844,293.1499938964844,0.0,-0.0,290.7823791503906,0.5325981974601746,0.050000000745058,0.0357373245060443,296.4404296875,297.1499938964844,293.1499938964844,0.0,-0.0,290.7823791503906,0.5325981974601746,0.050000000745058,0.0483854450285434,296.700927734375,297.1499938964844,293.1499938964844,0.0,-0.0,290.7823791503906,0.5325981974601746,0.050000000745058,0.229519709944725,290.77783203125,291.1499938964844,285.3500061035156,285.0122985839844,290.4132385253906,296.7016296386719,290.7555236816406,1.0,0.155454084277153,1.0,1.0,0.5571706295013428,1.0,-0.4895856082439422,0.2714060842990875,0.2181795239448547,0.1244906261563301,0.0,0.0,0.0,27.193572998046875,25.0,-128.16949462890625,-0.0,29.325721740722656,1.0,293.1499938964844,293.1499938964844,293.1499938964844,293.1499938964844,293.1499938964844,293.1499938964844,278.1499938964844,0.0,18000.0,313.1499938964844,0.0,18000.0,0.0,0.0,0.0,0.0,0.0,0.0,0.0,0.0,0.0,0.0,-0.0,-0.0,0.0,0.0,0.0,0.0,0.0,-0.0,0.0,0.0,0.0,0.0,0.0,0.0,0.0,0.0,0.0,4.0,0.0,0.0
11860560,296.462890625,297.1499938964844,293.1499938964844,0.0,-0.0,290.7393493652344,0.5335136651992798,0.050000000745058,0.0459400787949562,296.4548645019531,297.1499938964844,293.1499938964844,0.0,-0.0,290.7393493652344,0.5335136651992798,0.050000000745058,0.0483771152794361,296.4544982910156,297.1499938964844,293.1499938964844,0.0,-0.0,290.7393493652344,0.5335136651992798,0.050000000745058,0.0357311703264713,296.4393005371094,297.1499938964844,293.1499938964844,0.0,-0.0,290.7393493652344,0.5335136651992798,0.050000000745058,0.0483771152794361,296.6988525390625,297.1499938964844,293.1499938964844,0.0,-0.0,290.7393493652344,0.5335136651992798,0.050000000745058,0.2294801920652389,290.7352905273437,291.1499938964844,285.3500061035156,285.0141296386719,290.4508361816406,296.69952392578125,290.7159423828125,1.0,0.1549985110759735,1.0,1.0,0.5629377961158752,1.0,-0.4895012974739074,0.2691325843334198,0.2203687131404876,0.1218407899141311,0.0,0.0,0.0,26.977706909179688,25.0,-108.3239974975586,-0.0,29.138303756713867,1.0,293.1499938964844,293.1499938964844,293.1499938964844,293.1499938964844,293.1499938964844,293.1499938964844,278.1499938964844,0.0,18000.0,313.1499938964844,0.0,18000.0,0.0,0.0,0.0,0.0,0.0,0.0,0.0,0.0,0.0,0.0,-0.0,-0.0,0.0,0.0,0.0,0.0,0.0,-0.0,0.0,0.0,0.0,0.0,0.0,0.0,0.0,0.0,0.0,4.0,0.0,0.0
11860620,296.460693359375,297.1499938964844,293.1499938964844,0.0,-0.0,290.6796569824219,0.5351004600524902,0.050000000745058,0.0459266006946563,296.4526062011719,297.1499938964844,293.1499938964844,0.0,-0.0,290.6796569824219,0.5351004600524902,0.050000000745058,0.0483629219233989,296.45172119140625,297.1499938964844,293.1499938964844,0.0,-0.0,290.6796569824219,0.5351004600524902,0.050000000745058,0.0357206910848617,296.4374389648437,297.1499938964844,293.1499938964844,0.0,-0.0,290.6796569824219,0.5351004600524902,0.050000000745058,0.0483629219233989,296.6950988769531,297.1499938964844,293.1499938964844,0.0,-0.0,290.6796569824219,0.5351004600524902,0.050000000745058,0.2294128835201263,290.6775207519531,291.1499938964844,285.3500061035156,285.0174255371094,290.5552978515625,296.6956787109375,290.66864013671875,1.0,0.1542170196771621,1.0,1.0,0.5744720697402954,1.0,-0.4893576800823211,0.2644937634468078,0.2248639017343521,0.1164902299642562,0.0,0.0,0.0,26.60915184020996,25.0,-56.01630783081055,-0.0,28.81837272644043,1.0,293.1499938964844,293.1499938964844,293.1499938964844,293.1499938964844,293.1499938964844,293.1499938964844,278.1499938964844,0.0,18000.0,313.1499938964844,0.0,18000.0,0.0,0.0,0.0,0.0,0.0,0.0,0.0,0.0,0.0,0.0,-0.0,-0.0,0.0,0.0,0.0,0.0,0.0,-0.0,0.0,0.0,0.0,0.0,0.0,0.0,0.0,0.0,0.0,4.0,0.0,0.0
11860680,296.460693359375,297.1499938964844,293.1499938964844,0.0,-0.0,290.6796569824219,0.5351004600524902,0.050000000745058,0.0459266006946563,296.4526062011719,297.1499938964844,293.1499938964844,0.0,-0.0,290.6796569824219,0.5351004600524902,0.050000000745058,0.0483629219233989,296.45172119140625,297.1499938964844,293.1499938964844,0.0,-0.0,290.6796569824219,0.5351004600524902,0.050000000745058,0.0357206910848617,296.4374389648437,297.1499938964844,293.1499938964844,0.0,-0.0,290.6796569824219,0.5351004600524902,0.050000000745058,0.0483629219233989,296.6950988769531,297.1499938964844,293.1499938964844,0.0,-0.0,290.6796569824219,0.5351004600524902,0.050000000745058,0.2294128835201263,290.6775207519531,291.1499938964844,285.3500061035156,285.0174255371094,290.5552978515625,296.6956787109375,290.66864013671875,1.0,0.1542170196771621,1.0,1.0,0.5744720697402954,1.0,-0.4893576800823211,0.2644937634468078,0.2248639017343521,0.1164902299642562,0.0,0.0,0.0,26.60915184020996,25.0,-56.01630783081055,-0.0,28.81837272644043,1.0,293.1499938964844,293.1499938964844,293.1499938964844,293.1499938964844,293.1499938964844,293.1499938964844,278.1499938964844,0.0,18000.0,313.1499938964844,0.0,18000.0,0.0,0.0,0.0,0.0,0.0,0.0,0.0,0.0,0.0,0.0,-0.0,-0.0,0.0,0.0,0.0,0.0,0.0,-0.0,0.0,0.0,0.0,0.0,0.0,0.0,0.0,0.0,0.0,4.0,0.0,0.0
11860740,296.4594116210937,297.1499938964844,293.1499938964844,0.0,-0.0,290.65557861328125,0.5364083051681519,0.050000000745058,0.0459157116711139,296.4510192871094,297.1499938964844,293.1499938964844,0.0,-0.0,290.65557861328125,0.5364083051681519,0.050000000745058,0.0483514554798603,296.4497375488281,297.1499938964844,293.1499938964844,0.0,-0.0,290.65557861328125,0.5364083051681519,0.050000000745058,0.035712219774723,296.436279296875,297.1499938964844,293.1499938964844,0.0,-0.0,290.65557861328125,0.5364083051681519,0.050000000745058,0.0483514554798603,296.69207763671875,297.1499938964844,293.1499938964844,0.0,-0.0,290.65557861328125,0.5364083051681519,0.050000000745058,0.2293584942817688,290.6549072265625,291.1499938964844,285.3500061035156,285.0201721191406,290.6535949707031,296.6925354003906,290.6529235839844,1.0,0.1535804867744445,1.0,1.0,0.5860063433647156,1.0,-0.4892416000366211,0.2601624131202698,0.2290791720151901,0.111519381403923,0.0,0.0,0.0,26.310583114624023,25.0,-12.850452423095703,-0.0,28.559267044067383,1.0,293.1499938964844,293.1499938964844,293.1499938964844,293.1499938964844,293.1499938964844,293.1499938964844,278.1499938964844,0.0,18000.0,313.1499938964844,0.0,18000.0,0.0,0.0,0.0,0.0,0.0,0.0,0.0,0.0,0.0,0.0,-0.0,-0.0,0.0,0.0,0.0,0.0,0.0,-0.0,0.0,0.0,0.0,0.0,0.0,0.0,0.0,0.0,0.0,4.0,0.0,0.0
11860800,296.4594116210937,297.1499938964844,293.1499938964844,0.0,-0.0,290.65557861328125,0.5364083051681519,0.050000000745058,0.0459157116711139,296.4510192871094,297.1499938964844,293.1499938964844,0.0,-0.0,290.65557861328125,0.5364083051681519,0.050000000745058,0.0483514554798603,296.4497375488281,297.1499938964844,293.1499938964844,0.0,-0.0,290.65557861328125,0.5364083051681519,0.050000000745058,0.035712219774723,296.436279296875,297.1499938964844,293.1499938964844,0.0,-0.0,290.65557861328125,0.5364083051681519,0.050000000745058,0.0483514554798603,296.69207763671875,297.1499938964844,293.1499938964844,0.0,-0.0,290.65557861328125,0.5364083051681519,0.050000000745058,0.2293584942817688,290.6549072265625,291.1499938964844,285.3500061035156,285.0201721191406,290.6535949707031,296.6925354003906,290.6529235839844,1.0,0.1535804867744445,1.0,1.0,0.5860063433647156,1.0,-0.4892416000366211,0.2601624131202698,0.2290791720151901,0.111519381403923,0.0,0.0,0.0,26.310583114624023,25.0,-12.850452423095703,-0.0,28.559267044067383,1.0,293.1499938964844,293.1499938964844,293.1499938964844,293.1499938964844,293.1499938964844,293.1499938964844,278.1499938964844,0.0,18000.0,313.1499938964844,0.0,18000.0,0.0,0.0,0.0,0.0,0.0,0.0,0.0,0.0,0.0,0.0,-0.0,-0.0,0.0,0.0,0.0,0.0,0.0,-0.0,0.0,0.0,0.0,0.0,0.0,0.0,0.0,0.0,0.0,4.0,0.0,0.0
11860860,296.4590759277344,297.1499938964844,293.1499938964844,0.0,-0.0,290.6576843261719,0.5374829769134521,0.050000000745058,0.0459069050848484,296.4502258300781,297.1499938964844,293.1499938964844,0.0,-0.0,290.6576843261719,0.5374829769134521,0.050000000745058,0.0483421832323074,296.4486083984375,297.1499938964844,293.1499938964844,0.0,-0.0,290.6576843261719,0.5374829769134521,0.050000000745058,0.0357053726911544,296.4358215332031,297.1499938964844,293.1499938964844,0.0,-0.0,290.6576843261719,0.5374829769134521,0.050000000745058,0.0483421832323074,296.6898498535156,297.1499938964844,293.1499938964844,0.0,-0.0,290.6576843261719,0.5374829769134521,0.050000000745058,0.2293145060539245,290.6582946777344,291.1499938964844,285.3500061035156,285.022216796875,290.77996826171875,296.6901550292969,290.6632080078125,1.0,0.1530613005161285,1.0,1.0,0.6025756001472473,1.0,-0.4891477227210998,0.2544613778591156,0.2346863448619842,0.1052722111344337,0.0,0.0,0.0,26.06846618652344,25.0,27.04626846313477,-0.0,28.34891891479492,1.0,293.1499938964844,293.1499938964844,293.1499938964844,293.1499938964844,293.1499938964844,293.1499938964844,278.1499938964844,0.0,18000.0,313.1499938964844,0.0,18000.0,0.0,0.0,0.0,0.0,0.0,0.0,0.0,0.0,0.0,0.0,-0.0,-0.0,0.0,0.0,0.0,0.0,0.0,-0.0,0.0,0.0,0.0,0.0,0.0,0.0,0.0,0.0,0.0,4.0,0.0,0.0
11860920,296.4590759277344,297.1499938964844,293.1499938964844,0.0,-0.0,290.6576843261719,0.5374829769134521,0.050000000745058,0.0459069050848484,296.4502258300781,297.1499938964844,293.1499938964844,0.0,-0.0,290.6576843261719,0.5374829769134521,0.050000000745058,0.0483421832323074,296.4486083984375,297.1499938964844,293.1499938964844,0.0,-0.0,290.6576843261719,0.5374829769134521,0.050000000745058,0.0357053726911544,296.4358215332031,297.1499938964844,293.1499938964844,0.0,-0.0,290.6576843261719,0.5374829769134521,0.050000000745058,0.0483421832323074,296.6898498535156,297.1499938964844,293.1499938964844,0.0,-0.0,290.6576843261719,0.5374829769134521,0.050000000745058,0.2293145060539245,290.6582946777344,291.1499938964844,285.3500061035156,285.022216796875,290.77996826171875,296.6901550292969,290.6632080078125,1.0,0.1530613005161285,1.0,1.0,0.6025756001472473,1.0,-0.4891477227210998,0.2544613778591156,0.2346863448619842,0.1052722111344337,0.0,0.0,0.0,26.06846618652344,25.0,27.04626846313477,-0.0,28.34891891479492,1.0,293.1499938964844,293.1499938964844,293.1499938964844,293.1499938964844,293.1499938964844,293.1499938964844,278.1499938964844,0.0,18000.0,313.1499938964844,0.0,18000.0,0.0,0.0,0.0,0.0,0.0,0.0,0.0,0.0,0.0,0.0,-0.0,-0.0,0.0,0.0,0.0,0.0,0.0,-0.0,0.0,0.0,0.0,0.0,0.0,0.0,0.0,0.0,0.0,4.0,0.0,0.0
11860980,296.4593505859375,297.1499938964844,293.1499938964844,0.0,-0.0,290.6723327636719,0.5380333065986633,0.050000000745058,0.0459024459123611,296.4501342773437,297.1499938964844,293.1499938964844,0.0,-0.0,290.6723327636719,0.5380333065986633,0.050000000745058,0.048337485641241,296.4483642578125,297.1499938964844,293.1499938964844,0.0,-0.0,290.6723327636719,0.5380333065986633,0.050000000745058,0.0357019007205963,296.4359436035156,297.1499938964844,293.1499938964844,0.0,-0.0,290.6723327636719,0.5380333065986633,0.050000000745058,0.048337485641241,296.6889038085937,297.1499938964844,293.1499938964844,0.0,-0.0,290.6723327636719,0.5380333065986633,0.050000000745058,0.2292922139167785,290.6737670898437,291.1499938964844,285.3500061035156,285.0230712890625,290.8533935546875,296.68914794921875,290.682373046875,1.0,0.1527971625328064,1.0,1.0,0.6125171780586243,1.0,-0.4891001582145691,0.2512875199317932,0.2378126382827758,0.1018138974905014,0.0,0.0,0.0,25.9456844329834,25.0,48.019168853759766,-0.0,28.24223899841309,1.0,293.1499938964844,293.1499938964844,293.1499938964844,293.1499938964844,293.1499938964844,293.1499938964844,278.1499938964844,0.0,18000.0,313.1499938964844,0.0,18000.0,0.0,0.0,0.0,0.0,0.0,0.0,0.0,0.0,0.0,0.0,-0.0,-0.0,0.0,0.0,0.0,0.0,0.0,-0.0,0.0,0.0,0.0,0.0,0.0,0.0,0.0,0.0,0.0,4.0,0.0,0.0
11861040,296.459716796875,297.1499938964844,293.1499938964844,0.0,-0.0,290.6866760253906,0.5383662581443787,0.050000000745058,0.0458997599780559,296.4502258300781,297.1499938964844,293.1499938964844,0.0,-0.0,290.6866760253906,0.5383662581443787,0.050000000745058,0.0483346581459045,296.4483642578125,297.1499938964844,293.1499938964844,0.0,-0.0,290.6866760253906,0.5383662581443787,0.050000000745058,0.0356998145580291,296.4361572265625,297.1499938964844,293.1499938964844,0.0,-0.0,290.6866760253906,0.5383662581443787,0.050000000745058,0.0483346581459045,296.6884460449219,297.1499938964844,293.1499938964844,0.0,-0.0,290.6866760253906,0.5383662581443787,0.050000000745058,0.2292788177728653,290.68853759765625,291.1499938964844,285.3500061035156,285.0234680175781,290.89971923828125,296.6886291503906,290.6990661621094,1.0,0.1526379436254501,1.0,1.0,0.6191449165344238,1.0,-0.4890715479850769,0.2492931634187698,0.239778384566307,0.0996477082371711,0.0,0.0,0.0,25.871801376342773,25.0,59.76575469970703,-0.0,28.17804336547852,1.0,293.1499938964844,293.1499938964844,293.1499938964844,293.1499938964844,293.1499938964844,293.1499938964844,278.1499938964844,0.0,18000.0,313.1499938964844,0.0,18000.0,0.0,0.0,0.0,0.0,0.0,0.0,0.0,0.0,0.0,0.0,-0.0,-0.0,0.0,0.0,0.0,0.0,0.0,-0.0,0.0,0.0,0.0,0.0,0.0,0.0,0.0,0.0,0.0,4.0,0.0,0.0
11861100,296.4604187011719,297.1499938964844,293.1499938964844,0.0,-0.0,290.70880126953125,0.5387469530105591,0.050000000745058,0.0458967089653015,296.4505310058594,297.1499938964844,293.1499938964844,0.0,-0.0,290.70880126953125,0.5387469530105591,0.050000000745058,0.0483314432203769,296.4485778808594,297.1499938964844,293.1499938964844,0.0,-0.0,290.70880126953125,0.5387469530105591,0.050000000745058,0.0356974378228187,296.4366455078125,297.1499938964844,293.1499938964844,0.0,-0.0,290.70880126953125,0.5387469530105591,0.050000000745058,0.0483314432203769,296.68804931640625,297.1499938964844,293.1499938964844,0.0,-0.0,290.70880126953125,0.5387469530105591,0.050000000745058,0.2292635589838028,290.7110595703125,291.1499938964844,285.3500061035156,285.02374267578125,290.9544677734375,296.68817138671875,290.7236022949219,1.0,0.1524564772844314,1.0,1.0,0.6274296045303345,1.0,-0.4890390038490295,0.2469401061534881,0.2420988976955413,0.0970992222428321,0.0,0.0,0.0,25.787710189819336,25.0,71.98163604736328,-0.0,28.1049747467041,1.0,293.1499938964844,293.1499938964844,293.1499938964844,293.1499938964844,293.1499938964844,293.1499938964844,278.1499938964844,0.0,18000.0,313.1499938964844,0.0,18000.0,0.0,0.0,0.0,0.0,0.0,0.0,0.0,0.0,0.0,0.0,-0.0,-0.0,0.0,0.0,0.0,0.0,0.0,-0.0,0.0,0.0,0.0,0.0,0.0,0.0,0.0,0.0,0.0,4.0,0.0,0.0
11861160,296.4613647460937,297.1499938964844,293.1499938964844,0.0,-0.0,290.7345886230469,0.5390928387641907,0.050000000745058,0.0458939447999,296.45098876953125,297.1499938964844,293.1499938964844,0.0,-0.0,290.7345886230469,0.5390928387641907,0.050000000745058,0.0483285337686538,296.4490051269531,297.1499938964844,293.1499938964844,0.0,-0.0,290.7345886230469,0.5390928387641907,0.050000000745058,0.0356952920556068,296.4372863769531,297.1499938964844,293.1499938964844,0.0,-0.0,290.7345886230469,0.5390928387641907,0.050000000745058,0.0483285337686538,296.6878662109375,297.1499938964844,293.1499938964844,0.0,-0.0,290.7345886230469,0.5390928387641907,0.050000000745058,0.2292497605085373,290.7371826171875,291.1499938964844,285.3500061035156,285.0237731933594,291.0013732910156,296.6879272460937,290.7512512207031,1.0,0.1522922962903976,1.0,1.0,0.6346633434295654,1.0,-0.4890095591545105,0.2449937611818313,0.2440157979726791,0.0949769467115402,0.0,0.0,0.0,25.711700439453125,25.0,81.07307434082031,-0.0,28.038963317871094,1.0,293.1499938964844,293.1499938964844,293.1499938964844,293.1499938964844,293.1499938964844,293.1499938964844,278.1499938964844,0.0,18000.0,313.1499938964844,0.0,18000.0,0.0,0.0,0.0,0.0,0.0,0.0,0.0,0.0,0.0,0.0,-0.0,-0.0,0.0,0.0,0.0,0.0,0.0,-0.0,0.0,0.0,0.0,0.0,0.0,0.0,0.0,0.0,0.0,4.0,0.0,0.0
11861220,296.4638366699219,297.1499938964844,293.1499938964844,0.0,-0.0,290.7931213378906,0.5396904945373535,0.050000000745058,0.0458892025053501,296.4524841308594,297.1499938964844,293.1499938964844,0.0,-0.0,290.7931213378906,0.5396904945373535,0.050000000745058,0.0483235381543636,296.4504089355469,297.1499938964844,293.1499938964844,0.0,-0.0,290.7931213378906,0.5396904945373535,0.050000000745058,0.035691600292921,296.4390869140625,297.1499938964844,293.1499938964844,0.0,-0.0,290.7931213378906,0.5396904945373535,0.050000000745058,0.0483235381543636,296.6880798339844,297.1499938964844,293.1499938964844,0.0,-0.0,290.7931213378906,0.5396904945373535,0.050000000745058,0.229226067662239,290.7961120605469,291.1499938964844,285.3500061035156,285.0230407714844,291.0839233398437,296.68798828125,290.811767578125,1.0,0.152009904384613,1.0,1.0,0.6491308808326721,1.0,-0.4889590144157409,0.2414537817239761,0.2475052177906036,0.0911415219306945,0.0,0.0,0.0,25.58120346069336,25.0,91.37954711914062,-0.0,27.925621032714844,1.0,293.1499938964844,293.1499938964844,293.1499938964844,293.1499938964844,293.1499938964844,293.1499938964844,278.1499938964844,0.0,18000.0,313.1499938964844,0.0,18000.0,0.0,0.0,0.0,0.0,0.0,0.0,0.0,0.0,0.0,0.0,-0.0,-0.0,0.0,0.0,0.0,0.0,0.0,-0.0,0.0,0.0,0.0,0.0,0.0,0.0,0.0,0.0,0.0,4.0,0.0,0.0
11861280,296.4638366699219,297.1499938964844,293.1499938964844,0.0,-0.0,290.7931213378906,0.5396904945373535,0.050000000745058,0.0458892025053501,296.4524841308594,297.1499938964844,293.1499938964844,0.0,-0.0,290.7931213378906,0.5396904945373535,0.050000000745058,0.0483235381543636,296.4504089355469,297.1499938964844,293.1499938964844,0.0,-0.0,290.7931213378906,0.5396904945373535,0.050000000745058,0.035691600292921,296.4390869140625,297.1499938964844,293.1499938964844,0.0,-0.0,290.7931213378906,0.5396904945373535,0.050000000745058,0.0483235381543636,296.6880798339844,297.1499938964844,293.1499938964844,0.0,-0.0,290.7931213378906,0.5396904945373535,0.050000000745058,0.229226067662239,290.7961120605469,291.1499938964844,285.3500061035156,285.0230407714844,291.0839233398437,296.68798828125,290.811767578125,1.0,0.152009904384613,1.0,1.0,0.6491308808326721,1.0,-0.4889590144157409,0.2414537817239761,0.2475052177906036,0.0911415219306945,0.0,0.0,0.0,25.58120346069336,25.0,91.37954711914062,-0.0,27.925621032714844,1.0,293.1499938964844,293.1499938964844,293.1499938964844,293.1499938964844,293.1499938964844,293.1499938964844,278.1499938964844,0.0,18000.0,313.1499938964844,0.0,18000.0,0.0,0.0,0.0,0.0,0.0,0.0,0.0,0.0,0.0,0.0,-0.0,-0.0,0.0,0.0,0.0,0.0,0.0,-0.0,0.0,0.0,0.0,0.0,0.0,0.0,0.0,0.0,0.0,4.0,0.0,0.0
11861340,296.46697998046875,297.1499938964844,293.1499938964844,0.0,-0.0,290.8570251464844,0.5401811003684998,0.050000000745058,0.0458853356540203,296.45458984375,297.1499938964844,293.1499938964844,0.0,-0.0,290.8570251464844,0.5401811003684998,0.050000000745058,0.0483194664120674,296.4524841308594,297.1499938964844,293.1499938964844,0.0,-0.0,290.8570251464844,0.5401811003684998,0.050000000745058,0.0356885939836502,296.44146728515625,297.1499938964844,293.1499938964844,0.0,-0.0,290.8570251464844,0.5401811003684998,0.050000000745058,0.0483194664120674,296.6888732910156,297.1499938964844,293.1499938964844,0.0,-0.0,290.8570251464844,0.5401811003684998,0.050000000745058,0.2292067557573318,290.8602294921875,291.1499938964844,285.3500061035156,285.02117919921875,291.1579284667969,296.688720703125,290.8768310546875,1.0,0.1517792791128158,1.0,1.0,0.6635984182357788,1.0,-0.4889177978038788,0.2383012026548385,0.250616580247879,0.0877581015229225,0.0,0.0,0.0,25.47487449645996,25.0,96.04729461669922,-0.0,27.83324241638184,1.0,293.1499938964844,293.1499938964844,293.1499938964844,293.1499938964844,293.1499938964844,293.1499938964844,278.1499938964844,0.0,18000.0,313.1499938964844,0.0,18000.0,0.0,0.0,0.0,0.0,0.0,0.0,0.0,0.0,0.0,0.0,-0.0,-0.0,0.0,0.0,0.0,0.0,0.0,-0.0,0.0,0.0,0.0,0.0,0.0,0.0,0.0,0.0,0.0,4.0,0.0,0.0
11861400,296.46697998046875,297.1499938964844,293.1499938964844,0.0,-0.0,290.8570251464844,0.5401811003684998,0.050000000745058,0.0458853356540203,296.45458984375,297.1499938964844,293.1499938964844,0.0,-0.0,290.8570251464844,0.5401811003684998,0.050000000745058,0.0483194664120674,296.4524841308594,297.1499938964844,293.1499938964844,0.0,-0.0,290.8570251464844,0.5401811003684998,0.050000000745058,0.0356885939836502,296.44146728515625,297.1499938964844,293.1499938964844,0.0,-0.0,290.8570251464844,0.5401811003684998,0.050000000745058,0.0483194664120674,296.6888732910156,297.1499938964844,293.1499938964844,0.0,-0.0,290.8570251464844,0.5401811003684998,0.050000000745058,0.2292067557573318,290.8602294921875,291.1499938964844,285.3500061035156,285.02117919921875,291.1579284667969,296.688720703125,290.8768310546875,1.0,0.1517792791128158,1.0,1.0,0.6635984182357788,1.0,-0.4889177978038788,0.2383012026548385,0.250616580247879,0.0877581015229225,0.0,0.0,0.0,25.47487449645996,25.0,96.04729461669922,-0.0,27.83324241638184,1.0,293.1499938964844,293.1499938964844,293.1499938964844,293.1499938964844,293.1499938964844,293.1499938964844,278.1499938964844,0.0,18000.0,313.1499938964844,0.0,18000.0,0.0,0.0,0.0,0.0,0.0,0.0,0.0,0.0,0.0,0.0,-0.0,-0.0,0.0,0.0,0.0,0.0,0.0,-0.0,0.0,0.0,0.0,0.0,0.0,0.0,0.0,0.0,0.0,4.0,0.0,0.0
11861460,296.4706726074219,297.1499938964844,293.1499938964844,0.0,-0.0,290.9227294921875,0.540585458278656,0.050000000745058,0.0458821654319763,296.4571838378906,297.1499938964844,293.1499938964844,0.0,-0.0,290.9227294921875,0.540585458278656,0.050000000745058,0.0483161322772502,296.4550476074219,297.1499938964844,293.1499938964844,0.0,-0.0,290.9227294921875,0.540585458278656,0.050000000745058,0.0356861278414726,296.4443054199219,297.1499938964844,293.1499938964844,0.0,-0.0,290.9227294921875,0.540585458278656,0.050000000745058,0.0483161322772502,296.6902160644531,297.1499938964844,293.1499938964844,0.0,-0.0,290.9227294921875,0.540585458278656,0.050000000745058,0.2291909307241439,290.9258728027344,291.1499938964844,285.3500061035156,285.0180358886719,291.2019958496094,296.6899719238281,290.9417724609375,1.0,0.1515907496213913,1.0,1.0,0.6722428202629089,1.0,-0.4888840019702911,0.2365662455558776,0.2523177564144134,0.0858393162488937,0.0,0.0,0.0,25.38793563842773,25.0,92.22368621826172,-0.0,27.75784492492676,1.0,293.1499938964844,293.1499938964844,293.1499938964844,293.1499938964844,293.1499938964844,293.1499938964844,278.1499938964844,0.0,18000.0,313.1499938964844,0.0,18000.0,0.0,0.0,0.0,0.0,0.0,0.0,0.0,0.0,0.0,0.0,-0.0,-0.0,0.0,0.0,0.0,0.0,0.0,-0.0,0.0,0.0,0.0,0.0,0.0,0.0,0.0,0.0,0.0,4.0,0.0,0.0
11861520,296.4706726074219,297.1499938964844,293.1499938964844,0.0,-0.0,290.9227294921875,0.540585458278656,0.050000000745058,0.0458821654319763,296.4571838378906,297.1499938964844,293.1499938964844,0.0,-0.0,290.9227294921875,0.540585458278656,0.050000000745058,0.0483161322772502,296.4550476074219,297.1499938964844,293.1499938964844,0.0,-0.0,290.9227294921875,0.540585458278656,0.050000000745058,0.0356861278414726,296.4443054199219,297.1499938964844,293.1499938964844,0.0,-0.0,290.9227294921875,0.540585458278656,0.050000000745058,0.0483161322772502,296.6902160644531,297.1499938964844,293.1499938964844,0.0,-0.0,290.9227294921875,0.540585458278656,0.050000000745058,0.2291909307241439,290.9258728027344,291.1499938964844,285.3500061035156,285.0180358886719,291.2019958496094,296.6899719238281,290.9417724609375,1.0,0.1515907496213913,1.0,1.0,0.6722428202629089,1.0,-0.4888840019702911,0.2365662455558776,0.2523177564144134,0.0858393162488937,0.0,0.0,0.0,25.38793563842773,25.0,92.22368621826172,-0.0,27.75784492492676,1.0,293.1499938964844,293.1499938964844,293.1499938964844,293.1499938964844,293.1499938964844,293.1499938964844,278.1499938964844,0.0,18000.0,313.1499938964844,0.0,18000.0,0.0,0.0,0.0,0.0,0.0,0.0,0.0,0.0,0.0,0.0,-0.0,-0.0,0.0,0.0,0.0,0.0,0.0,-0.0,0.0,0.0,0.0,0.0,0.0,0.0,0.0,0.0,0.0,4.0,0.0,0.0
11861580,296.4747619628906,297.1499938964844,293.1499938964844,0.0,-0.0,290.9838256835937,0.5409164428710938,0.050000000745058,0.0458795838057994,296.4601135253906,297.1499938964844,293.1499938964844,0.0,-0.0,290.9838256835937,0.5409164428710938,0.050000000745058,0.0483134128153324,296.4580078125,297.1499938964844,293.1499938964844,0.0,-0.0,290.9838256835937,0.5409164428710938,0.050000000745058,0.0356841199100017,296.4474792480469,297.1499938964844,293.1499938964844,0.0,-0.0,290.9838256835937,0.5409164428710938,0.050000000745058,0.0483134128153324,296.69189453125,297.1499938964844,293.1499938964844,0.0,-0.0,290.9838256835937,0.5409164428710938,0.050000000745058,0.2291780263185501,290.9867248535156,291.1499938964844,285.3500061035156,285.01348876953125,291.2395324707031,296.69158935546875,291.0014038085937,1.0,0.1514366716146469,1.0,1.0,0.6808872818946838,1.0,-0.4888564944267273,0.2349862605333328,0.2538702189922333,0.0841016843914985,0.0,0.0,0.0,25.31700134277344,25.0,84.73601531982422,-0.0,27.69631576538086,1.0,293.1499938964844,293.1499938964844,293.1499938964844,293.1499938964844,293.1499938964844,293.1499938964844,278.1499938964844,0.0,18000.0,313.1499938964844,0.0,18000.0,0.0,0.0,0.0,0.0,0.0,0.0,0.0,0.0,0.0,0.0,-0.0,-0.0,0.0,0.0,0.0,0.0,0.0,-0.0,0.0,0.0,0.0,0.0,0.0,0.0,0.0,0.0,0.0,4.0,0.0,0.0
11861640,296.4747619628906,297.1499938964844,293.1499938964844,0.0,-0.0,290.9838256835937,0.5409164428710938,0.050000000745058,0.0458795838057994,296.4601135253906,297.1499938964844,293.1499938964844,0.0,-0.0,290.9838256835937,0.5409164428710938,0.050000000745058,0.0483134128153324,296.4580078125,297.1499938964844,293.1499938964844,0.0,-0.0,290.9838256835937,0.5409164428710938,0.050000000745058,0.0356841199100017,296.4474792480469,297.1499938964844,293.1499938964844,0.0,-0.0,290.9838256835937,0.5409164428710938,0.050000000745058,0.0483134128153324,296.69189453125,297.1499938964844,293.1499938964844,0.0,-0.0,290.9838256835937,0.5409164428710938,0.050000000745058,0.2291780263185501,290.9867248535156,291.1499938964844,285.3500061035156,285.01348876953125,291.2395324707031,296.69158935546875,291.0014038085937,1.0,0.1514366716146469,1.0,1.0,0.6808872818946838,1.0,-0.4888564944267273,0.2349862605333328,0.2538702189922333,0.0841016843914985,0.0,0.0,0.0,25.31700134277344,25.0,84.73601531982422,-0.0,27.69631576538086,1.0,293.1499938964844,293.1499938964844,293.1499938964844,293.1499938964844,293.1499938964844,293.1499938964844,278.1499938964844,0.0,18000.0,313.1499938964844,0.0,18000.0,0.0,0.0,0.0,0.0,0.0,0.0,0.0,0.0,0.0,0.0,-0.0,-0.0,0.0,0.0,0.0,0.0,0.0,-0.0,0.0,0.0,0.0,0.0,0.0,0.0,0.0,0.0,0.0,4.0,0.0,0.0
11861700,296.4768981933594,297.1499938964844,293.1499938964844,0.0,-0.0,291.0126953125,0.5410575866699219,0.050000000745058,0.0458784885704517,296.461669921875,297.1499938964844,293.1499938964844,0.0,-0.0,291.0126953125,0.5410575866699219,0.050000000745058,0.0483122579753398,296.4595642089844,297.1499938964844,293.1499938964844,0.0,-0.0,291.0126953125,0.5410575866699219,0.050000000745058,0.0356832668185234,296.4491271972656,297.1499938964844,293.1499938964844,0.0,-0.0,291.0126953125,0.5410575866699219,0.050000000745058,0.0483122579753398,296.6928405761719,297.1499938964844,293.1499938964844,0.0,-0.0,291.0126953125,0.5410575866699219,0.050000000745058,0.2291725426912307,291.0155029296875,291.1499938964844,285.3500061035156,285.0106506347656,291.2572631835937,296.6925048828125,291.0296630859375,1.0,0.151370570063591,1.0,1.0,0.6852094531059265,1.0,-0.4888447821140289,0.2342432141304016,0.2546015679836273,0.0832690224051475,0.0,0.0,0.0,25.286602020263672,25.0,81.05615997314453,-0.0,27.669946670532227,1.0,293.1499938964844,293.1499938964844,293.1499938964844,293.1499938964844,293.1499938964844,293.1499938964844,278.1499938964844,0.0,18000.0,313.1499938964844,0.0,18000.0,0.0,0.0,0.0,0.0,0.0,0.0,0.0,0.0,0.0,0.0,-0.0,-0.0,0.0,0.0,0.0,0.0,0.0,-0.0,0.0,0.0,0.0,0.0,0.0,0.0,0.0,0.0,0.0,4.0,0.0,0.0
11861760,296.47906494140625,297.1499938964844,293.1499938964844,0.0,-0.0,291.0404968261719,0.5411856770515442,0.050000000745058,0.045877493917942,296.4632873535156,297.1499938964844,293.1499938964844,0.0,-0.0,291.0404968261719,0.5411856770515442,0.050000000745058,0.0483112074434757,296.461181640625,297.1499938964844,293.1499938964844,0.0,-0.0,291.0404968261719,0.5411856770515442,0.050000000745058,0.0356824956834316,296.45086669921875,297.1499938964844,293.1499938964844,0.0,-0.0,291.0404968261719,0.5411856770515442,0.050000000745058,0.0483112074434757,296.6938171386719,297.1499938964844,293.1499938964844,0.0,-0.0,291.0404968261719,0.5411856770515442,0.050000000745058,0.2291675806045532,291.0431823730469,291.1499938964844,285.3500061035156,285.0074157714844,291.2659912109375,296.6934814453125,291.0566711425781,1.0,0.1513108015060424,1.0,1.0,0.6865177750587463,1.0,-0.4888341724872589,0.2340064942836761,0.2548276782035827,0.0829413458704948,0.0,0.0,0.0,25.25904655456543,25.0,76.23609924316406,-0.0,27.6461124420166,1.0,293.1499938964844,293.1499938964844,293.1499938964844,293.1499938964844,293.1499938964844,293.1499938964844,278.1499938964844,0.0,18000.0,313.1499938964844,0.0,18000.0,0.0,0.0,0.0,0.0,0.0,0.0,0.0,0.0,0.0,0.0,-0.0,-0.0,0.0,0.0,0.0,0.0,0.0,-0.0,0.0,0.0,0.0,0.0,0.0,0.0,0.0,0.0,0.0,4.0,0.0,0.0
11861820,296.4835205078125,297.1499938964844,293.1499938964844,0.0,-0.0,291.0901794433594,0.5414071679115295,0.050000000745058,0.0458757765591144,296.4665832519531,297.1499938964844,293.1499938964844,0.0,-0.0,291.0901794433594,0.5414071679115295,0.050000000745058,0.0483094044029712,296.46453857421875,297.1499938964844,293.1499938964844,0.0,-0.0,291.0901794433594,0.5414071679115295,0.050000000745058,0.0356811583042144,296.454345703125,297.1499938964844,293.1499938964844,0.0,-0.0,291.0901794433594,0.5414071679115295,0.050000000745058,0.0483094044029712,296.69586181640625,297.1499938964844,293.1499938964844,0.0,-0.0,291.0901794433594,0.5414071679115295,0.050000000745058,0.2291590124368667,291.0924377441406,291.1499938964844,285.3500061035156,284.999755859375,291.2763366699219,296.6955261230469,291.1035461425781,1.0,0.1512079536914825,1.0,1.0,0.6891343593597412,1.0,-0.4888159036636352,0.2335969805717468,0.2552189230918884,0.0823905393481254,0.0,0.0,0.0,25.21166038513184,25.0,63.74755096435547,-0.0,27.60512351989746,1.0,293.1499938964844,293.1499938964844,293.1499938964844,293.1499938964844,293.1499938964844,293.1499938964844,278.1499938964844,0.0,18000.0,313.1499938964844,0.0,18000.0,0.0,0.0,0.0,0.0,0.0,0.0,0.0,0.0,0.0,0.0,-0.0,-0.0,0.0,0.0,0.0,0.0,0.0,-0.0,0.0,0.0,0.0,0.0,0.0,0.0,0.0,0.0,0.0,4.0,0.0,0.0
11861880,296.4835205078125,297.1499938964844,293.1499938964844,0.0,-0.0,291.0901794433594,0.5414071679115295,0.050000000745058,0.0458757765591144,296.4665832519531,297.1499938964844,293.1499938964844,0.0,-0.0,291.0901794433594,0.5414071679115295,0.050000000745058,0.0483094044029712,296.46453857421875,297.1499938964844,293.1499938964844,0.0,-0.0,291.0901794433594,0.5414071679115295,0.050000000745058,0.0356811583042144,296.454345703125,297.1499938964844,293.1499938964844,0.0,-0.0,291.0901794433594,0.5414071679115295,0.050000000745058,0.0483094044029712,296.69586181640625,297.1499938964844,293.1499938964844,0.0,-0.0,291.0901794433594,0.5414071679115295,0.050000000745058,0.2291590124368667,291.0924377441406,291.1499938964844,285.3500061035156,284.999755859375,291.2763366699219,296.6955261230469,291.1035461425781,1.0,0.1512079536914825,1.0,1.0,0.6891343593597412,1.0,-0.4888159036636352,0.2335969805717468,0.2552189230918884,0.0823905393481254,0.0,0.0,0.0,25.21166038513184,25.0,63.74755096435547,-0.0,27.60512351989746,1.0,293.1499938964844,293.1499938964844,293.1499938964844,293.1499938964844,293.1499938964844,293.1499938964844,278.1499938964844,0.0,18000.0,313.1499938964844,0.0,18000.0,0.0,0.0,0.0,0.0,0.0,0.0,0.0,0.0,0.0,0.0,-0.0,-0.0,0.0,0.0,0.0,0.0,0.0,-0.0,0.0,0.0,0.0,0.0,0.0,0.0,0.0,0.0,0.0,4.0,0.0,0.0
11861940,296.48797607421875,297.1499938964844,293.1499938964844,0.0,-0.0,291.131591796875,0.5415905714035034,0.050000000745058,0.045874360948801,296.469970703125,297.1499938964844,293.1499938964844,0.0,-0.0,291.131591796875,0.5415905714035034,0.050000000745058,0.0483079105615615,296.4679260253906,297.1499938964844,293.1499938964844,0.0,-0.0,291.131591796875,0.5415905714035034,0.050000000745058,0.0356800593435764,296.4578857421875,297.1499938964844,293.1499938964844,0.0,-0.0,291.131591796875,0.5415905714035034,0.050000000745058,0.0483079105615615,296.6979675292969,297.1499938964844,293.1499938964844,0.0,-0.0,291.131591796875,0.5415905714035034,0.050000000745058,0.2291519194841385,291.13348388671875,291.1499938964844,285.3500061035156,284.9903259277344,291.2869873046875,296.6976318359375,291.1429138183594,1.0,0.151123896241188,1.0,1.0,0.6917509436607361,1.0,-0.4888007938861847,0.2331766486167907,0.2556241452693939,0.081903152167797,0.0,0.0,0.0,25.172983169555664,25.0,53.06047439575195,-0.0,27.57164192199707,1.0,293.1499938964844,293.1499938964844,293.1499938964844,293.1499938964844,293.1499938964844,293.1499938964844,278.1499938964844,0.0,18000.0,313.1499938964844,0.0,18000.0,0.0,0.0,0.0,0.0,0.0,0.0,0.0,0.0,0.0,0.0,-0.0,-0.0,0.0,0.0,0.0,0.0,0.0,-0.0,0.0,0.0,0.0,0.0,0.0,0.0,0.0,0.0,0.0,4.0,0.0,0.0
11862000,296.48797607421875,297.1499938964844,293.1499938964844,0.0,-0.0,291.131591796875,0.5415905714035034,0.050000000745058,0.045874360948801,296.469970703125,297.1499938964844,293.1499938964844,0.0,-0.0,291.131591796875,0.5415905714035034,0.050000000745058,0.0483079105615615,296.4679260253906,297.1499938964844,293.1499938964844,0.0,-0.0,291.131591796875,0.5415905714035034,0.050000000745058,0.0356800593435764,296.4578857421875,297.1499938964844,293.1499938964844,0.0,-0.0,291.131591796875,0.5415905714035034,0.050000000745058,0.0483079105615615,296.6979675292969,297.1499938964844,293.1499938964844,0.0,-0.0,291.131591796875,0.5415905714035034,0.050000000745058,0.2291519194841385,291.13348388671875,291.1499938964844,285.3500061035156,284.9903259277344,291.2869873046875,296.6976318359375,291.1429138183594,1.0,0.151123896241188,1.0,1.0,0.6917509436607361,1.0,-0.4888007938861847,0.2331766486167907,0.2556241452693939,0.081903152167797,0.0,0.0,0.0,25.172983169555664,25.0,53.06047439575195,-0.0,27.57164192199707,1.0,293.1499938964844,293.1499938964844,293.1499938964844,293.1499938964844,293.1499938964844,293.1499938964844,278.1499938964844,0.0,18000.0,313.1499938964844,0.0,18000.0,0.0,0.0,0.0,0.0,0.0,0.0,0.0,0.0,0.0,0.0,-0.0,-0.0,0.0,0.0,0.0,0.0,0.0,-0.0,0.0,0.0,0.0,0.0,0.0,0.0,0.0,0.0,0.0,4.0,0.0,0.0
11862060,296.4924011230469,297.1499938964844,293.1499938964844,0.0,-0.0,291.166259765625,0.5417433977127075,0.050000000745058,0.0458731800317764,296.4733581542969,297.1499938964844,293.1499938964844,0.0,-0.0,291.166259765625,0.5417433977127075,0.050000000745058,0.0483066700398922,296.4712829589844,297.1499938964844,293.1499938964844,0.0,-0.0,291.166259765625,0.5417433977127075,0.050000000745058,0.0356791391968727,296.46142578125,297.1499938964844,293.1499938964844,0.0,-0.0,291.166259765625,0.5417433977127075,0.050000000745058,0.0483066700398922,296.7000427246094,297.1499938964844,293.1499938964844,0.0,-0.0,291.166259765625,0.5417433977127075,0.050000000745058,0.2291460335254669,291.1678161621094,291.1499938964844,285.35223388671875,284.9814758300781,291.283935546875,296.69970703125,291.1752319335937,1.0,0.1510552167892456,1.0,1.0,0.6898342370986938,1.0,-0.4887882173061371,0.2334704399108886,0.2553177773952484,0.0821769535541534,0.0,0.0,0.0,25.14128875732422,25.0,41.637489318847656,-0.0,27.54429054260254,1.0,293.1499938964844,293.1499938964844,293.1499938964844,293.1499938964844,293.1499938964844,293.1499938964844,278.1499938964844,0.0,18000.0,313.1499938964844,0.0,18000.0,0.0,0.0,0.0,0.0,0.0,0.0,0.0,0.0,0.0,0.0,-0.0,-0.0,0.0,0.0,0.0,0.0,0.0,-0.0,0.0,0.0,0.0,0.0,0.0,0.0,0.0,0.0,0.0,4.0,0.0,0.0
11862120,296.4924011230469,297.1499938964844,293.1499938964844,0.0,-0.0,291.166259765625,0.5417433977127075,0.050000000745058,0.0458731800317764,296.4733581542969,297.1499938964844,293.1499938964844,0.0,-0.0,291.166259765625,0.5417433977127075,0.050000000745058,0.0483066700398922,296.4712829589844,297.1499938964844,293.1499938964844,0.0,-0.0,291.166259765625,0.5417433977127075,0.050000000745058,0.0356791391968727,296.46142578125,297.1499938964844,293.1499938964844,0.0,-0.0,291.166259765625,0.5417433977127075,0.050000000745058,0.0483066700398922,296.7000427246094,297.1499938964844,293.1499938964844,0.0,-0.0,291.166259765625,0.5417433977127075,0.050000000745058,0.2291460335254669,291.1678161621094,291.1499938964844,285.35223388671875,284.9814758300781,291.283935546875,296.69970703125,291.1752319335937,1.0,0.1510552167892456,1.0,1.0,0.6898342370986938,1.0,-0.4887882173061371,0.2334704399108886,0.2553177773952484,0.0821769535541534,0.0,0.0,0.0,25.14128875732422,25.0,41.637489318847656,-0.0,27.54429054260254,1.0,293.1499938964844,293.1499938964844,293.1499938964844,293.1499938964844,293.1499938964844,293.1499938964844,278.1499938964844,0.0,18000.0,313.1499938964844,0.0,18000.0,0.0,0.0,0.0,0.0,0.0,0.0,0.0,0.0,0.0,0.0,-0.0,-0.0,0.0,0.0,0.0,0.0,0.0,-0.0,0.0,0.0,0.0,0.0,0.0,0.0,0.0,0.0,0.0,4.0,0.0,0.0
11862180,296.495361328125,297.1499938964844,293.1499938964844,0.0,-0.0,291.1850280761719,0.5418316721916199,0.050000000745058,0.0458725020289421,296.47564697265625,297.1499938964844,293.1499938964844,0.0,-0.0,291.1850280761719,0.5418316721916199,0.050000000745058,0.0483059510588645,296.4735412597656,297.1499938964844,293.1499938964844,0.0,-0.0,291.1850280761719,0.5418316721916199,0.050000000745058,0.0356786102056503,296.4637756347656,297.1499938964844,293.1499938964844,0.0,-0.0,291.1850280761719,0.5418316721916199,0.050000000745058,0.0483059510588645,296.701416015625,297.1499938964844,293.1499938964844,0.0,-0.0,291.1850280761719,0.5418316721916199,0.050000000745058,0.2291426360607147,291.186279296875,291.1499938964844,285.356201171875,284.97711181640625,291.2813415527344,296.7010803222656,291.1923828125,1.0,0.1510158628225326,1.0,1.0,0.6885309219360352,1.0,-0.4887809753417969,0.2336857616901397,0.2550952136516571,0.0823926925659179,0.0,0.0,0.0,25.12313270568848,25.0,34.20126724243164,-0.0,27.52862548828125,1.0,293.1499938964844,293.1499938964844,293.1499938964844,293.1499938964844,293.1499938964844,293.1499938964844,278.1499938964844,0.0,18000.0,313.1499938964844,0.0,18000.0,0.0,0.0,0.0,0.0,0.0,0.0,0.0,0.0,0.0,0.0,-0.0,-0.0,0.0,0.0,0.0,0.0,0.0,-0.0,0.0,0.0,0.0,0.0,0.0,0.0,0.0,0.0,0.0,4.0,0.0,0.0
11862240,296.4967346191406,297.1499938964844,293.1499938964844,0.0,-0.0,291.19268798828125,0.5418693423271179,0.050000000745058,0.0458722114562988,296.4767150878906,297.1499938964844,293.1499938964844,0.0,-0.0,291.19268798828125,0.5418693423271179,0.050000000745058,0.0483056455850601,296.474609375,297.1499938964844,293.1499938964844,0.0,-0.0,291.19268798828125,0.5418693423271179,0.050000000745058,0.0356783866882324,296.4648742675781,297.1499938964844,293.1499938964844,0.0,-0.0,291.19268798828125,0.5418693423271179,0.050000000745058,0.0483056455850601,296.7020263671875,297.1499938964844,293.1499938964844,0.0,-0.0,291.19268798828125,0.5418693423271179,0.050000000745058,0.2291411906480789,291.19384765625,291.1499938964844,285.3587646484375,284.9755249023437,291.2804260253906,296.70172119140625,291.1994323730469,1.0,0.1509991139173507,1.0,1.0,0.6879175901412964,1.0,-0.4887778759002685,0.2337875813245773,0.2549903094768524,0.0824962705373764,0.0,0.0,0.0,25.115402221679688,25.0,31.145801544189453,-0.0,27.521957397460938,1.0,293.1499938964844,293.1499938964844,293.1499938964844,293.1499938964844,293.1499938964844,293.1499938964844,278.1499938964844,0.0,18000.0,313.1499938964844,0.0,18000.0,0.0,0.0,0.0,0.0,0.0,0.0,0.0,0.0,0.0,0.0,-0.0,-0.0,0.0,0.0,0.0,0.0,0.0,-0.0,0.0,0.0,0.0,0.0,0.0,0.0,0.0,0.0,0.0,4.0,0.0,0.0
11862300,296.49884033203125,297.1499938964844,293.1499938964844,0.0,-0.0,291.2033996582031,0.5419235229492188,0.050000000745058,0.0458717942237854,296.4783630371094,297.1499938964844,293.1499938964844,0.0,-0.0,291.2033996582031,0.5419235229492188,0.050000000745058,0.0483052097260952,296.4762268066406,297.1499938964844,293.1499938964844,0.0,-0.0,291.2033996582031,0.5419235229492188,0.050000000745058,0.0356780625879764,296.466552734375,297.1499938964844,293.1499938964844,0.0,-0.0,291.2033996582031,0.5419235229492188,0.050000000745058,0.0483052097260952,296.7029724121094,297.1499938964844,293.1499938964844,0.0,-0.0,291.2033996582031,0.5419235229492188,0.050000000745058,0.2291391044855117,291.20440673828125,291.1499938964844,285.3635559082031,284.9736022949219,291.27935791015625,296.7026672363281,291.20928955078125,1.0,0.1509750783443451,1.0,1.0,0.6869592666625977,1.0,-0.4887734353542328,0.2339477837085724,0.2548256516456604,0.0826595798134803,0.0,0.0,0.0,25.104310989379883,25.0,26.9306697845459,-0.0,27.512392044067383,1.0,293.1499938964844,293.1499938964844,293.1499938964844,293.1499938964844,293.1499938964844,293.1499938964844,278.1499938964844,0.0,18000.0,313.1499938964844,0.0,18000.0,0.0,0.0,0.0,0.0,0.0,0.0,0.0,0.0,0.0,0.0,-0.0,-0.0,0.0,0.0,0.0,0.0,0.0,-0.0,0.0,0.0,0.0,0.0,0.0,0.0,0.0,0.0,0.0,4.0,0.0,0.0
11862360,296.5009460449219,297.1499938964844,293.1499938964844,0.0,-0.0,291.2127685546875,0.5419728755950928,0.050000000745058,0.0458714142441749,296.47998046875,297.1499938964844,293.1499938964844,0.0,-0.0,291.2127685546875,0.5419728755950928,0.050000000745058,0.0483048073947429,296.4778137207031,297.1499938964844,293.1499938964844,0.0,-0.0,291.2127685546875,0.5419728755950928,0.050000000745058,0.0356777682900428,296.4682312011719,297.1499938964844,293.1499938964844,0.0,-0.0,291.2127685546875,0.5419728755950928,0.050000000745058,0.0483048073947429,296.70391845703125,297.1499938964844,293.1499938964844,0.0,-0.0,291.2127685546875,0.5419728755950928,0.050000000745058,0.2291372120380401,291.2136535644531,291.1499938964844,285.369384765625,284.97235107421875,291.2749328613281,296.70361328125,291.2178955078125,1.0,0.1509533524513244,1.0,1.0,0.6846618056297302,1.0,-0.4887694120407104,0.2343266606330871,0.2544427514076233,0.0830398201942443,0.0,0.0,0.0,25.094236373901367,25.0,22.75791358947754,-0.0,27.503738403320312,1.0,293.1499938964844,293.1499938964844,293.1499938964844,293.1499938964844,293.1499938964844,293.1499938964844,278.1499938964844,0.0,18000.0,313.1499938964844,0.0,18000.0,0.0,0.0,0.0,0.0,0.0,0.0,0.0,0.0,0.0,0.0,-0.0,-0.0,0.0,0.0,0.0,0.0,0.0,-0.0,0.0,0.0,0.0,0.0,0.0,0.0,0.0,0.0,0.0,4.0,0.0,0.0
11862420,296.5050354003906,297.1499938964844,293.1499938964844,0.0,-0.0,291.2269287109375,0.5420576930046082,0.050000000745058,0.0458707623183727,296.4831848144531,297.1499938964844,293.1499938964844,0.0,-0.0,291.2269287109375,0.5420576930046082,0.050000000745058,0.048304121941328,296.48095703125,297.1499938964844,293.1499938964844,0.0,-0.0,291.2269287109375,0.5420576930046082,0.050000000745058,0.0356772616505622,296.4714660644531,297.1499938964844,293.1499938964844,0.0,-0.0,291.2269287109375,0.5420576930046082,0.050000000745058,0.048304121941328,296.7056579589844,297.1499938964844,293.1499938964844,0.0,-0.0,291.2269287109375,0.5420576930046082,0.050000000745058,0.2291339635848999,291.2275085449219,291.1499938964844,285.3839111328125,284.97186279296875,291.2637939453125,296.70538330078125,291.2301330566406,1.0,0.1509160101413726,1.0,1.0,0.6800669431686401,1.0,-0.4887624680995941,0.2351390421390533,0.2536233961582184,0.0838491097092628,0.0,0.0,0.0,25.0769100189209,25.0,14.29523468017578,-0.0,27.48888397216797,1.0,293.1499938964844,293.1499938964844,293.1499938964844,293.1499938964844,293.1499938964844,293.1499938964844,278.1499938964844,0.0,18000.0,313.1499938964844,0.0,18000.0,0.0,0.0,0.0,0.0,0.0,0.0,0.0,0.0,0.0,0.0,-0.0,-0.0,0.0,0.0,0.0,0.0,0.0,-0.0,0.0,0.0,0.0,0.0,0.0,0.0,0.0,0.0,0.0,4.0,0.0,0.0
11862480,296.5050354003906,297.1499938964844,293.1499938964844,0.0,-0.0,291.2269287109375,0.5420576930046082,0.050000000745058,0.0458707623183727,296.4831848144531,297.1499938964844,293.1499938964844,0.0,-0.0,291.2269287109375,0.5420576930046082,0.050000000745058,0.048304121941328,296.48095703125,297.1499938964844,293.1499938964844,0.0,-0.0,291.2269287109375,0.5420576930046082,0.050000000745058,0.0356772616505622,296.4714660644531,297.1499938964844,293.1499938964844,0.0,-0.0,291.2269287109375,0.5420576930046082,0.050000000745058,0.048304121941328,296.7056579589844,297.1499938964844,293.1499938964844,0.0,-0.0,291.2269287109375,0.5420576930046082,0.050000000745058,0.2291339635848999,291.2275085449219,291.1499938964844,285.3839111328125,284.97186279296875,291.2637939453125,296.70538330078125,291.2301330566406,1.0,0.1509160101413726,1.0,1.0,0.6800669431686401,1.0,-0.4887624680995941,0.2351390421390533,0.2536233961582184,0.0838491097092628,0.0,0.0,0.0,25.0769100189209,25.0,14.29523468017578,-0.0,27.48888397216797,1.0,293.1499938964844,293.1499938964844,293.1499938964844,293.1499938964844,293.1499938964844,293.1499938964844,278.1499938964844,0.0,18000.0,313.1499938964844,0.0,18000.0,0.0,0.0,0.0,0.0,0.0,0.0,0.0,0.0,0.0,0.0,-0.0,-0.0,0.0,0.0,0.0,0.0,0.0,-0.0,0.0,0.0,0.0,0.0,0.0,0.0,0.0,0.0,0.0,4.0,0.0,0.0
11862540,296.5090026855469,297.1499938964844,293.1499938964844,0.0,-0.0,291.2354431152344,0.5421267151832581,0.050000000745058,0.0458702333271503,296.486328125,297.1499938964844,293.1499938964844,0.0,-0.0,291.2354431152344,0.5421267151832581,0.050000000745058,0.0483035668730735,296.4839782714844,297.1499938964844,293.1499938964844,0.0,-0.0,291.2354431152344,0.5421267151832581,0.050000000745058,0.0356768481433391,296.4746398925781,297.1499938964844,293.1499938964844,0.0,-0.0,291.2354431152344,0.5421267151832581,0.050000000745058,0.0483035668730735,296.707275390625,297.1499938964844,293.1499938964844,0.0,-0.0,291.2354431152344,0.5421267151832581,0.050000000745058,0.2291313111782074,291.2357788085937,291.1499938964844,285.402099609375,284.973876953125,291.25360107421875,296.70703125,291.2372741699219,1.0,0.150885596871376,1.0,1.0,0.6754720211029053,1.0,-0.4887568056583404,0.2359866201877594,0.252770185470581,0.0846839100122451,0.0,0.0,0.0,25.0627555847168,25.0,7.662729740142822,-0.0,27.476778030395508,1.0,293.1499938964844,293.1499938964844,293.1499938964844,293.1499938964844,293.1499938964844,293.1499938964844,278.1499938964844,0.0,18000.0,313.1499938964844,0.0,18000.0,0.0,0.0,0.0,0.0,0.0,0.0,0.0,0.0,0.0,0.0,-0.0,-0.0,0.0,0.0,0.0,0.0,0.0,-0.0,0.0,0.0,0.0,0.0,0.0,0.0,0.0,0.0,0.0,4.0,0.0,0.0
11862600,296.5090026855469,297.1499938964844,293.1499938964844,0.0,-0.0,291.2354431152344,0.5421267151832581,0.050000000745058,0.0458702333271503,296.486328125,297.1499938964844,293.1499938964844,0.0,-0.0,291.2354431152344,0.5421267151832581,0.050000000745058,0.0483035668730735,296.4839782714844,297.1499938964844,293.1499938964844,0.0,-0.0,291.2354431152344,0.5421267151832581,0.050000000745058,0.0356768481433391,296.4746398925781,297.1499938964844,293.1499938964844,0.0,-0.0,291.2354431152344,0.5421267151832581,0.050000000745058,0.0483035668730735,296.707275390625,297.1499938964844,293.1499938964844,0.0,-0.0,291.2354431152344,0.5421267151832581,0.050000000745058,0.2291313111782074,291.2357788085937,291.1499938964844,285.402099609375,284.973876953125,291.25360107421875,296.70703125,291.2372741699219,1.0,0.150885596871376,1.0,1.0,0.6754720211029053,1.0,-0.4887568056583404,0.2359866201877594,0.252770185470581,0.0846839100122451,0.0,0.0,0.0,25.0627555847168,25.0,7.662729740142822,-0.0,27.476778030395508,1.0,293.1499938964844,293.1499938964844,293.1499938964844,293.1499938964844,293.1499938964844,293.1499938964844,278.1499938964844,0.0,18000.0,313.1499938964844,0.0,18000.0,0.0,0.0,0.0,0.0,0.0,0.0,0.0,0.0,0.0,0.0,-0.0,-0.0,0.0,0.0,0.0,0.0,0.0,-0.0,0.0,0.0,0.0,0.0,0.0,0.0,0.0,0.0,0.0,4.0,0.0,0.0
11862660,296.51287841796875,297.1499938964844,293.1499938964844,0.0,-0.0,291.2397766113281,0.5421832799911499,0.050000000745058,0.0458698011934757,296.4894104003906,297.1499938964844,293.1499938964844,0.0,-0.0,291.2397766113281,0.5421832799911499,0.050000000745058,0.0483031086623668,296.4869079589844,297.1499938964844,293.1499938964844,0.0,-0.0,291.2397766113281,0.5421832799911499,0.050000000745058,0.0356765128672122,296.47772216796875,297.1499938964844,293.1499938964844,0.0,-0.0,291.2397766113281,0.5421832799911499,0.050000000745058,0.0483031086623668,296.7087707519531,297.1499938964844,293.1499938964844,0.0,-0.0,291.2397766113281,0.5421832799911499,0.050000000745058,0.2291291505098343,291.2398986816406,291.1499938964844,285.4237976074219,284.97833251953125,291.2398681640625,296.7085266113281,291.2403259277344,1.0,0.1508607417345047,1.0,1.0,0.6697244644165039,1.0,-0.4887521862983703,0.2370891869068145,0.2516629993915558,0.0857631638646125,0.0,0.0,0.0,25.05112075805664,25.0,1.8175482749938965,-0.0,27.46689224243164,1.0,293.1499938964844,293.1499938964844,293.1499938964844,293.1499938964844,293.1499938964844,293.1499938964844,278.1499938964844,0.0,18000.0,313.1499938964844,0.0,18000.0,0.0,0.0,0.0,0.0,0.0,0.0,0.0,0.0,0.0,0.0,-0.0,-0.0,0.0,0.0,0.0,0.0,0.0,-0.0,0.0,0.0,0.0,0.0,0.0,0.0,0.0,0.0,0.0,4.0,0.0,0.0
11862720,296.51287841796875,297.1499938964844,293.1499938964844,0.0,-0.0,291.2397766113281,0.5421832799911499,0.050000000745058,0.0458698011934757,296.4894104003906,297.1499938964844,293.1499938964844,0.0,-0.0,291.2397766113281,0.5421832799911499,0.050000000745058,0.0483031086623668,296.4869079589844,297.1499938964844,293.1499938964844,0.0,-0.0,291.2397766113281,0.5421832799911499,0.050000000745058,0.0356765128672122,296.47772216796875,297.1499938964844,293.1499938964844,0.0,-0.0,291.2397766113281,0.5421832799911499,0.050000000745058,0.0483031086623668,296.7087707519531,297.1499938964844,293.1499938964844,0.0,-0.0,291.2397766113281,0.5421832799911499,0.050000000745058,0.2291291505098343,291.2398986816406,291.1499938964844,285.4237976074219,284.97833251953125,291.2398681640625,296.7085266113281,291.2403259277344,1.0,0.1508607417345047,1.0,1.0,0.6697244644165039,1.0,-0.4887521862983703,0.2370891869068145,0.2516629993915558,0.0857631638646125,0.0,0.0,0.0,25.05112075805664,25.0,1.8175482749938965,-0.0,27.46689224243164,1.0,293.1499938964844,293.1499938964844,293.1499938964844,293.1499938964844,293.1499938964844,293.1499938964844,278.1499938964844,0.0,18000.0,313.1499938964844,0.0,18000.0,0.0,0.0,0.0,0.0,0.0,0.0,0.0,0.0,0.0,0.0,-0.0,-0.0,0.0,0.0,0.0,0.0,0.0,-0.0,0.0,0.0,0.0,0.0,0.0,0.0,0.0,0.0,0.0,4.0,0.0,0.0
11862780,296.5166320800781,297.1499938964844,293.1499938964844,0.0,-0.0,291.23992919921875,0.5422289967536926,0.050000000745058,0.0458694510161876,296.4924011230469,297.1499938964844,293.1499938964844,0.0,-0.0,291.23992919921875,0.5422289967536926,0.050000000745058,0.0483027398586273,296.4897766113281,297.1499938964844,293.1499938964844,0.0,-0.0,291.23992919921875,0.5422289967536926,0.050000000745058,0.0356762371957302,296.480712890625,297.1499938964844,293.1499938964844,0.0,-0.0,291.23992919921875,0.5422289967536926,0.050000000745058,0.0483027398586273,296.71014404296875,297.1499938964844,293.1499938964844,0.0,-0.0,291.23992919921875,0.5422289967536926,0.050000000745058,0.2291274070739746,291.2398681640625,291.1499938964844,285.44873046875,284.985107421875,291.2257080078125,296.7098999023437,291.2393798828125,1.0,0.1508405804634094,1.0,1.0,0.6639768481254578,1.0,-0.4887484610080719,0.238255426287651,0.250493049621582,0.0868973657488823,0.0,0.0,0.0,25.0416316986084,25.0,-3.1781773567199707,-0.0,27.458873748779297,1.0,293.1499938964844,293.1499938964844,293.1499938964844,293.1499938964844,293.1499938964844,293.1499938964844,278.1499938964844,0.0,18000.0,313.1499938964844,0.0,18000.0,0.0,0.0,0.0,0.0,0.0,0.0,0.0,0.0,0.0,0.0,-0.0,-0.0,0.0,0.0,0.0,0.0,0.0,-0.0,0.0,0.0,0.0,0.0,0.0,0.0,0.0,0.0,0.0,4.0,0.0,0.0
11862840,296.5166320800781,297.1499938964844,293.1499938964844,0.0,-0.0,291.23992919921875,0.5422289967536926,0.050000000745058,0.0458694510161876,296.4924011230469,297.1499938964844,293.1499938964844,0.0,-0.0,291.23992919921875,0.5422289967536926,0.050000000745058,0.0483027398586273,296.4897766113281,297.1499938964844,293.1499938964844,0.0,-0.0,291.23992919921875,0.5422289967536926,0.050000000745058,0.0356762371957302,296.480712890625,297.1499938964844,293.1499938964844,0.0,-0.0,291.23992919921875,0.5422289967536926,0.050000000745058,0.0483027398586273,296.71014404296875,297.1499938964844,293.1499938964844,0.0,-0.0,291.23992919921875,0.5422289967536926,0.050000000745058,0.2291274070739746,291.2398681640625,291.1499938964844,285.44873046875,284.985107421875,291.2257080078125,296.7098999023437,291.2393798828125,1.0,0.1508405804634094,1.0,1.0,0.6639768481254578,1.0,-0.4887484610080719,0.238255426287651,0.250493049621582,0.0868973657488823,0.0,0.0,0.0,25.0416316986084,25.0,-3.1781773567199707,-0.0,27.458873748779297,1.0,293.1499938964844,293.1499938964844,293.1499938964844,293.1499938964844,293.1499938964844,293.1499938964844,278.1499938964844,0.0,18000.0,313.1499938964844,0.0,18000.0,0.0,0.0,0.0,0.0,0.0,0.0,0.0,0.0,0.0,0.0,-0.0,-0.0,0.0,0.0,0.0,0.0,0.0,-0.0,0.0,0.0,0.0,0.0,0.0,0.0,0.0,0.0,0.0,4.0,0.0,0.0
11862900,296.5184936523437,297.1499938964844,293.1499938964844,0.0,-0.0,291.2387084960937,0.5422484278678894,0.050000000745058,0.0458693020045757,296.493896484375,297.1499938964844,293.1499938964844,0.0,-0.0,291.2387084960937,0.5422484278678894,0.050000000745058,0.0483025833964347,296.4911499023437,297.1499938964844,293.1499938964844,0.0,-0.0,291.2387084960937,0.5422484278678894,0.050000000745058,0.0356761217117309,296.482177734375,297.1499938964844,293.1499938964844,0.0,-0.0,291.2387084960937,0.5422484278678894,0.050000000745058,0.0483025833964347,296.71075439453125,297.1499938964844,293.1499938964844,0.0,-0.0,291.2387084960937,0.5422484278678894,0.050000000745058,0.2291266620159149,291.2385559082031,291.1499938964844,285.4623718261719,284.98931884765625,291.2187194824219,296.7105712890625,291.2377319335937,1.0,0.1508319973945617,1.0,1.0,0.6611030697822571,1.0,-0.4887468814849853,0.2388604134321212,0.249886468052864,0.0874834507703781,0.0,0.0,0.0,25.037569046020508,25.0,-5.210454940795898,-0.0,27.45545959472656,1.0,293.1499938964844,293.1499938964844,293.1499938964844,293.1499938964844,293.1499938964844,293.1499938964844,278.1499938964844,0.0,18000.0,313.1499938964844,0.0,18000.0,0.0,0.0,0.0,0.0,0.0,0.0,0.0,0.0,0.0,0.0,-0.0,-0.0,0.0,0.0,0.0,0.0,0.0,-0.0,0.0,0.0,0.0,0.0,0.0,0.0,0.0,0.0,0.0,4.0,0.0,0.0
11862960,296.5203552246094,297.1499938964844,293.1499938964844,0.0,-0.0,291.23681640625,0.5422660112380981,0.050000000745058,0.0458691678941249,296.495361328125,297.1499938964844,293.1499938964844,0.0,-0.0,291.23681640625,0.5422660112380981,0.050000000745058,0.0483024418354034,296.4925537109375,297.1499938964844,293.1499938964844,0.0,-0.0,291.23681640625,0.5422660112380981,0.050000000745058,0.0356760174036026,296.483642578125,297.1499938964844,293.1499938964844,0.0,-0.0,291.23681640625,0.5422660112380981,0.050000000745058,0.0483024418354034,296.7113952636719,297.1499938964844,293.1499938964844,0.0,-0.0,291.23681640625,0.5422660112380981,0.050000000745058,0.2291259914636612,291.23663330078125,291.1499938964844,285.47674560546875,284.9940490722656,291.2116394042969,296.711181640625,291.2354736328125,1.0,0.1508242189884185,1.0,1.0,0.6581932306289673,1.0,-0.4887454509735107,0.2394875884056091,0.2492578625679016,0.088089995086193,0.0,0.0,0.0,25.033878326416016,25.0,-7.015158176422119,-0.0,27.452367782592773,1.0,293.1499938964844,293.1499938964844,293.1499938964844,293.1499938964844,293.1499938964844,293.1499938964844,278.1499938964844,0.0,18000.0,313.1499938964844,0.0,18000.0,0.0,0.0,0.0,0.0,0.0,0.0,0.0,0.0,0.0,0.0,-0.0,-0.0,0.0,0.0,0.0,0.0,0.0,-0.0,0.0,0.0,0.0,0.0,0.0,0.0,0.0,0.0,0.0,4.0,0.0,0.0
11863020,296.52398681640625,297.1499938964844,293.1499938964844,0.0,-0.0,291.23126220703125,0.5422959923744202,0.050000000745058,0.0458689369261264,296.498291015625,297.1499938964844,293.1499938964844,0.0,-0.0,291.23126220703125,0.5422959923744202,0.050000000745058,0.048302199691534,296.4952697753906,297.1499938964844,293.1499938964844,0.0,-0.0,291.23126220703125,0.5422959923744202,0.050000000745058,0.0356758385896682,296.48651123046875,297.1499938964844,293.1499938964844,0.0,-0.0,291.23126220703125,0.5422959923744202,0.050000000745058,0.048302199691534,296.7125244140625,297.1499938964844,293.1499938964844,0.0,-0.0,291.23126220703125,0.5422959923744202,0.050000000745058,0.2291248440742492,291.23095703125,291.1499938964844,285.50762939453125,285.0050354003906,291.1974792480469,296.7123413085937,291.229248046875,1.0,0.1508108973503112,1.0,1.0,0.6523734927177429,1.0,-0.4887430071830749,0.2407897263765335,0.2479532659053802,0.0893463864922523,0.0,0.0,0.0,25.02750968933105,25.0,-10.033205032348633,-0.0,27.44707298278809,1.0,293.1499938964844,293.1499938964844,293.1499938964844,293.1499938964844,293.1499938964844,293.1499938964844,278.1499938964844,0.0,18000.0,313.1499938964844,0.0,18000.0,0.0,0.0,0.0,0.0,0.0,0.0,0.0,0.0,0.0,0.0,-0.0,-0.0,0.0,0.0,0.0,0.0,0.0,-0.0,0.0,0.0,0.0,0.0,0.0,0.0,0.0,0.0,0.0,4.0,0.0,0.0
11863080,296.52398681640625,297.1499938964844,293.1499938964844,0.0,-0.0,291.23126220703125,0.5422959923744202,0.050000000745058,0.0458689369261264,296.498291015625,297.1499938964844,293.1499938964844,0.0,-0.0,291.23126220703125,0.5422959923744202,0.050000000745058,0.048302199691534,296.4952697753906,297.1499938964844,293.1499938964844,0.0,-0.0,291.23126220703125,0.5422959923744202,0.050000000745058,0.0356758385896682,296.48651123046875,297.1499938964844,293.1499938964844,0.0,-0.0,291.23126220703125,0.5422959923744202,0.050000000745058,0.048302199691534,296.7125244140625,297.1499938964844,293.1499938964844,0.0,-0.0,291.23126220703125,0.5422959923744202,0.050000000745058,0.2291248440742492,291.23095703125,291.1499938964844,285.50762939453125,285.0050354003906,291.1974792480469,296.7123413085937,291.229248046875,1.0,0.1508108973503112,1.0,1.0,0.6523734927177429,1.0,-0.4887430071830749,0.2407897263765335,0.2479532659053802,0.0893463864922523,0.0,0.0,0.0,25.02750968933105,25.0,-10.033205032348633,-0.0,27.44707298278809,1.0,293.1499938964844,293.1499938964844,293.1499938964844,293.1499938964844,293.1499938964844,293.1499938964844,278.1499938964844,0.0,18000.0,313.1499938964844,0.0,18000.0,0.0,0.0,0.0,0.0,0.0,0.0,0.0,0.0,0.0,0.0,-0.0,-0.0,0.0,0.0,0.0,0.0,0.0,-0.0,0.0,0.0,0.0,0.0,0.0,0.0,0.0,0.0,0.0,4.0,0.0,0.0
11863140,296.527587890625,297.1499938964844,293.1499938964844,0.0,-0.0,291.2237548828125,0.5423203110694885,0.050000000745058,0.0458687506616115,296.501220703125,297.1499938964844,293.1499938964844,0.0,-0.0,291.2237548828125,0.5423203110694885,0.050000000745058,0.0483020022511482,296.4979553222656,297.1499938964844,293.1499938964844,0.0,-0.0,291.2237548828125,0.5423203110694885,0.050000000745058,0.0356756970286369,296.4893493652344,297.1499938964844,293.1499938964844,0.0,-0.0,291.2237548828125,0.5423203110694885,0.050000000745058,0.0483020022511482,296.7135925292969,297.1499938964844,293.1499938964844,0.0,-0.0,291.2237548828125,0.5423203110694885,0.050000000745058,0.229123905301094,291.2233581542969,291.1499938964844,285.5411682128906,285.0179748535156,291.1832580566406,296.71343994140625,291.22119140625,1.0,0.1508000940084457,1.0,1.0,0.6465538144111633,1.0,-0.488741010427475,0.2421559691429138,0.2465850412845611,0.0906622037291526,0.0,0.0,0.0,25.02228164672852,25.0,-12.369745254516602,-0.0,27.44277572631836,1.0,293.1499938964844,293.1499938964844,293.1499938964844,293.1499938964844,293.1499938964844,293.1499938964844,278.1499938964844,0.0,18000.0,313.1499938964844,0.0,18000.0,0.0,0.0,0.0,0.0,0.0,0.0,0.0,0.0,0.0,0.0,-0.0,-0.0,0.0,0.0,0.0,0.0,0.0,-0.0,0.0,0.0,0.0,0.0,0.0,0.0,0.0,0.0,0.0,4.0,0.0,0.0
11863200,296.527587890625,297.1499938964844,293.1499938964844,0.0,-0.0,291.2237548828125,0.5423203110694885,0.050000000745058,0.0458687506616115,296.501220703125,297.1499938964844,293.1499938964844,0.0,-0.0,291.2237548828125,0.5423203110694885,0.050000000745058,0.0483020022511482,296.4979553222656,297.1499938964844,293.1499938964844,0.0,-0.0,291.2237548828125,0.5423203110694885,0.050000000745058,0.0356756970286369,296.4893493652344,297.1499938964844,293.1499938964844,0.0,-0.0,291.2237548828125,0.5423203110694885,0.050000000745058,0.0483020022511482,296.7135925292969,297.1499938964844,293.1499938964844,0.0,-0.0,291.2237548828125,0.5423203110694885,0.050000000745058,0.229123905301094,291.2233581542969,291.1499938964844,285.5411682128906,285.0179748535156,291.1832580566406,296.71343994140625,291.22119140625,1.0,0.1508000940084457,1.0,1.0,0.6465538144111633,1.0,-0.488741010427475,0.2421559691429138,0.2465850412845611,0.0906622037291526,0.0,0.0,0.0,25.02228164672852,25.0,-12.369745254516602,-0.0,27.44277572631836,1.0,293.1499938964844,293.1499938964844,293.1499938964844,293.1499938964844,293.1499938964844,293.1499938964844,278.1499938964844,0.0,18000.0,313.1499938964844,0.0,18000.0,0.0,0.0,0.0,0.0,0.0,0.0,0.0,0.0,0.0,0.0,-0.0,-0.0,0.0,0.0,0.0,0.0,0.0,-0.0,0.0,0.0,0.0,0.0,0.0,0.0,0.0,0.0,0.0,4.0,0.0,0.0
11863260,296.5311584472656,297.1499938964844,293.1499938964844,0.0,-0.0,291.2147827148437,0.5423397421836853,0.050000000745058,0.0458686016499996,296.504150390625,297.1499938964844,293.1499938964844,0.0,-0.0,291.2147827148437,0.5423397421836853,0.050000000745058,0.0483018457889556,296.5006408691406,297.1499938964844,293.1499938964844,0.0,-0.0,291.2147827148437,0.5423397421836853,0.050000000745058,0.0356755815446376,296.4921875,297.1499938964844,293.1499938964844,0.0,-0.0,291.2147827148437,0.5423397421836853,0.050000000745058,0.0483018457889556,296.714599609375,297.1499938964844,293.1499938964844,0.0,-0.0,291.2147827148437,0.5423397421836853,0.050000000745058,0.2291231751441955,291.2143249511719,291.1499938964844,285.5771484375,285.03271484375,291.1717224121094,296.7144470214844,291.2119445800781,1.0,0.1507913321256637,1.0,1.0,0.6413167715072632,1.0,-0.4887394309043884,0.2434478253126144,0.245291605591774,0.0919014438986778,0.0,0.0,0.0,25.01801109313965,25.0,-13.629575729370115,-0.0,27.43929481506348,1.0,293.1499938964844,293.1499938964844,293.1499938964844,293.1499938964844,293.1499938964844,293.1499938964844,278.1499938964844,0.0,18000.0,313.1499938964844,0.0,18000.0,0.0,0.0,0.0,0.0,0.0,0.0,0.0,0.0,0.0,0.0,-0.0,-0.0,0.0,0.0,0.0,0.0,0.0,-0.0,0.0,0.0,0.0,0.0,0.0,0.0,0.0,0.0,0.0,4.0,0.0,0.0
11863320,296.5311584472656,297.1499938964844,293.1499938964844,0.0,-0.0,291.2147827148437,0.5423397421836853,0.050000000745058,0.0458686016499996,296.504150390625,297.1499938964844,293.1499938964844,0.0,-0.0,291.2147827148437,0.5423397421836853,0.050000000745058,0.0483018457889556,296.5006408691406,297.1499938964844,293.1499938964844,0.0,-0.0,291.2147827148437,0.5423397421836853,0.050000000745058,0.0356755815446376,296.4921875,297.1499938964844,293.1499938964844,0.0,-0.0,291.2147827148437,0.5423397421836853,0.050000000745058,0.0483018457889556,296.714599609375,297.1499938964844,293.1499938964844,0.0,-0.0,291.2147827148437,0.5423397421836853,0.050000000745058,0.2291231751441955,291.2143249511719,291.1499938964844,285.5771484375,285.03271484375,291.1717224121094,296.7144470214844,291.2119445800781,1.0,0.1507913321256637,1.0,1.0,0.6413167715072632,1.0,-0.4887394309043884,0.2434478253126144,0.245291605591774,0.0919014438986778,0.0,0.0,0.0,25.01801109313965,25.0,-13.629575729370115,-0.0,27.43929481506348,1.0,293.1499938964844,293.1499938964844,293.1499938964844,293.1499938964844,293.1499938964844,293.1499938964844,278.1499938964844,0.0,18000.0,313.1499938964844,0.0,18000.0,0.0,0.0,0.0,0.0,0.0,0.0,0.0,0.0,0.0,0.0,-0.0,-0.0,0.0,0.0,0.0,0.0,0.0,-0.0,0.0,0.0,0.0,0.0,0.0,0.0,0.0,0.0,0.0,4.0,0.0,0.0
11863380,296.5339050292969,297.1499938964844,293.1499938964844,0.0,-0.0,291.2075500488281,0.5423519015312195,0.050000000745058,0.0458685085177421,296.5063781738281,297.1499938964844,293.1499938964844,0.0,-0.0,291.2075500488281,0.5423519015312195,0.050000000745058,0.0483017489314079,296.502685546875,297.1499938964844,293.1499938964844,0.0,-0.0,291.2075500488281,0.5423519015312195,0.050000000745058,0.0356755070388317,296.4943542480469,297.1499938964844,293.1499938964844,0.0,-0.0,291.2075500488281,0.5423519015312195,0.050000000745058,0.0483017489314079,296.71533203125,297.1499938964844,293.1499938964844,0.0,-0.0,291.2075500488281,0.5423519015312195,0.050000000745058,0.2291226983070373,291.2070617675781,291.1499938964844,285.6059875488281,285.0450744628906,291.16339111328125,296.7151794433594,291.2046203613281,1.0,0.1507858633995056,1.0,1.0,0.6373366117477417,1.0,-0.4887384474277496,0.2444628775119781,0.2442755699157714,0.0928762182593345,0.0,0.0,0.0,25.01530265808105,25.0,-14.057413101196287,-0.0,27.437116622924805,1.0,293.1499938964844,293.1499938964844,293.1499938964844,293.1499938964844,293.1499938964844,293.1499938964844,278.1499938964844,0.0,18000.0,313.1499938964844,0.0,18000.0,0.0,0.0,0.0,0.0,0.0,0.0,0.0,0.0,0.0,0.0,-0.0,-0.0,0.0,0.0,0.0,0.0,0.0,-0.0,0.0,0.0,0.0,0.0,0.0,0.0,0.0,0.0,0.0,4.0,0.0,0.0
11863440,296.5347595214844,297.1499938964844,293.1499938964844,0.0,-0.0,291.2052001953125,0.5423554182052612,0.050000000745058,0.04586848244071,296.5071105957031,297.1499938964844,293.1499938964844,0.0,-0.0,291.2052001953125,0.5423554182052612,0.050000000745058,0.0483017228543758,296.5033264160156,297.1499938964844,293.1499938964844,0.0,-0.0,291.2052001953125,0.5423554182052612,0.050000000745058,0.0356754884123802,296.4950561523437,297.1499938964844,293.1499938964844,0.0,-0.0,291.2052001953125,0.5423554182052612,0.050000000745058,0.0483017228543758,296.715576171875,297.1499938964844,293.1499938964844,0.0,-0.0,291.2052001953125,0.5423554182052612,0.050000000745058,0.2291225641965866,291.2047424316406,291.1499938964844,285.6153564453125,285.0491638183594,291.1607360839844,296.7154235839844,291.2022705078125,1.0,0.1507842987775802,1.0,1.0,0.6360796689987183,1.0,-0.4887381494045257,0.2447900623083114,0.2439480870962143,0.0931908711791038,0.0,0.0,0.0,25.014524459838867,25.0,-14.169228553771973,-0.0,27.436498641967773,1.0,293.1499938964844,293.1499938964844,293.1499938964844,293.1499938964844,293.1499938964844,293.1499938964844,278.1499938964844,0.0,18000.0,313.1499938964844,0.0,18000.0,0.0,0.0,0.0,0.0,0.0,0.0,0.0,0.0,0.0,0.0,-0.0,-0.0,0.0,0.0,0.0,0.0,0.0,-0.0,0.0,0.0,0.0,0.0,0.0,0.0,0.0,0.0,0.0,4.0,0.0,0.0
11863500,296.5365600585937,297.1499938964844,293.1499938964844,0.0,-0.0,291.20025634765625,0.5423620939254761,0.050000000745058,0.0458684302866458,296.50860595703125,297.1499938964844,293.1499938964844,0.0,-0.0,291.20025634765625,0.5423620939254761,0.050000000745058,0.0483016669750213,296.5046691894531,297.1499938964844,293.1499938964844,0.0,-0.0,291.20025634765625,0.5423620939254761,0.050000000745058,0.0356754474341869,296.4964904785156,297.1499938964844,293.1499938964844,0.0,-0.0,291.20025634765625,0.5423620939254761,0.050000000745058,0.0483016669750213,296.7160339355469,297.1499938964844,293.1499938964844,0.0,-0.0,291.20025634765625,0.5423620939254761,0.050000000745058,0.2291223108768463,291.19976806640625,291.1499938964844,285.6352233886719,285.0580139160156,291.1552124023437,296.71588134765625,291.1972351074219,1.0,0.1507813185453415,1.0,1.0,0.6334611773490906,1.0,-0.4887376129627228,0.2454820871353149,0.2432555258274078,0.0938573256134986,0.0,0.0,0.0,25.013023376464844,25.0,-14.371940612792969,-0.0,27.4353141784668,1.0,293.1499938964844,293.1499938964844,293.1499938964844,293.1499938964844,293.1499938964844,293.1499938964844,278.1499938964844,0.0,18000.0,313.1499938964844,0.0,18000.0,0.0,0.0,0.0,0.0,0.0,0.0,0.0,0.0,0.0,0.0,-0.0,-0.0,0.0,0.0,0.0,0.0,0.0,-0.0,0.0,0.0,0.0,0.0,0.0,0.0,0.0,0.0,0.0,4.0,0.0,0.0
11863560,296.5383605957031,297.1499938964844,293.1499938964844,0.0,-0.0,291.1952514648437,0.5423680543899536,0.050000000745058,0.0458683855831623,296.5101013183594,297.1499938964844,293.1499938964844,0.0,-0.0,291.1952514648437,0.5423680543899536,0.050000000745058,0.0483016185462474,296.5060119628906,297.1499938964844,293.1499938964844,0.0,-0.0,291.1952514648437,0.5423680543899536,0.050000000745058,0.0356754101812839,296.4979553222656,297.1499938964844,293.1499938964844,0.0,-0.0,291.1952514648437,0.5423680543899536,0.050000000745058,0.0483016185462474,296.71649169921875,297.1499938964844,293.1499938964844,0.0,-0.0,291.1952514648437,0.5423680543899536,0.050000000745058,0.2291220873594284,291.1947326660156,291.1499938964844,285.6556091308594,285.0672302246094,291.15155029296875,296.7163391113281,291.19219970703125,1.0,0.1507786363363266,1.0,1.0,0.6312815546989441,1.0,-0.4887371361255646,0.2460773140192031,0.2426598072052002,0.0944285318255424,0.0,0.0,0.0,25.01167869567871,25.0,-14.2710599899292,-0.0,27.43424797058105,1.0,293.1499938964844,293.1499938964844,293.1499938964844,293.1499938964844,293.1499938964844,293.1499938964844,278.1499938964844,0.0,18000.0,313.1499938964844,0.0,18000.0,0.0,0.0,0.0,0.0,0.0,0.0,0.0,0.0,0.0,0.0,-0.0,-0.0,0.0,0.0,0.0,0.0,0.0,-0.0,0.0,0.0,0.0,0.0,0.0,0.0,0.0,0.0,0.0,4.0,0.0,0.0
11863620,296.5420227050781,297.1499938964844,293.1499938964844,0.0,-0.0,291.1855773925781,0.542378306388855,0.050000000745058,0.045868307352066,296.51318359375,297.1499938964844,293.1499938964844,0.0,-0.0,291.1855773925781,0.542378306388855,0.050000000745058,0.0483015365898609,296.5087585449219,297.1499938964844,293.1499938964844,0.0,-0.0,291.1855773925781,0.542378306388855,0.050000000745058,0.0356753505766391,296.5008850097656,297.1499938964844,293.1499938964844,0.0,-0.0,291.1855773925781,0.542378306388855,0.050000000745058,0.0483015365898609,296.7174377441406,297.1499938964844,293.1499938964844,0.0,-0.0,291.1855773925781,0.542378306388855,0.050000000745058,0.2291216999292373,291.18511962890625,291.1499938964844,285.6976623535156,285.08673095703125,291.14599609375,296.71728515625,291.182861328125,1.0,0.1507740914821624,1.0,1.0,0.6269223690032959,1.0,-0.4887362718582153,0.2472822815179824,0.241454005241394,0.0955902934074401,0.0,0.0,0.0,25.009361267089844,25.0,-13.142105102539062,-0.0,27.43243980407715,1.0,293.1499938964844,293.1499938964844,293.1499938964844,293.1499938964844,293.1499938964844,293.1499938964844,278.1499938964844,0.0,18000.0,313.1499938964844,0.0,18000.0,0.0,0.0,0.0,0.0,0.0,0.0,0.0,0.0,0.0,0.0,-0.0,-0.0,0.0,0.0,0.0,0.0,0.0,-0.0,0.0,0.0,0.0,0.0,0.0,0.0,0.0,0.0,0.0,4.0,0.0,0.0
11863680,296.5420227050781,297.1499938964844,293.1499938964844,0.0,-0.0,291.1855773925781,0.542378306388855,0.050000000745058,0.045868307352066,296.51318359375,297.1499938964844,293.1499938964844,0.0,-0.0,291.1855773925781,0.542378306388855,0.050000000745058,0.0483015365898609,296.5087585449219,297.1499938964844,293.1499938964844,0.0,-0.0,291.1855773925781,0.542378306388855,0.050000000745058,0.0356753505766391,296.5008850097656,297.1499938964844,293.1499938964844,0.0,-0.0,291.1855773925781,0.542378306388855,0.050000000745058,0.0483015365898609,296.7174377441406,297.1499938964844,293.1499938964844,0.0,-0.0,291.1855773925781,0.542378306388855,0.050000000745058,0.2291216999292373,291.18511962890625,291.1499938964844,285.6976623535156,285.08673095703125,291.14599609375,296.71728515625,291.182861328125,1.0,0.1507740914821624,1.0,1.0,0.6269223690032959,1.0,-0.4887362718582153,0.2472822815179824,0.241454005241394,0.0955902934074401,0.0,0.0,0.0,25.009361267089844,25.0,-13.142105102539062,-0.0,27.43243980407715,1.0,293.1499938964844,293.1499938964844,293.1499938964844,293.1499938964844,293.1499938964844,293.1499938964844,278.1499938964844,0.0,18000.0,313.1499938964844,0.0,18000.0,0.0,0.0,0.0,0.0,0.0,0.0,0.0,0.0,0.0,0.0,-0.0,-0.0,0.0,0.0,0.0,0.0,0.0,-0.0,0.0,0.0,0.0,0.0,0.0,0.0,0.0,0.0,0.0,4.0,0.0,0.0
11863740,296.54571533203125,297.1499938964844,293.1499938964844,0.0,-0.0,291.17681884765625,0.5423870086669922,0.050000000745058,0.0458682402968406,296.516357421875,297.1499938964844,293.1499938964844,0.0,-0.0,291.17681884765625,0.5423870086669922,0.050000000745058,0.0483014658093452,296.51153564453125,297.1499938964844,293.1499938964844,0.0,-0.0,291.17681884765625,0.5423870086669922,0.050000000745058,0.035675298422575,296.50390625,297.1499938964844,293.1499938964844,0.0,-0.0,291.17681884765625,0.5423870086669922,0.050000000745058,0.0483014658093452,296.7183532714844,297.1499938964844,293.1499938964844,0.0,-0.0,291.17681884765625,0.5423870086669922,0.050000000745058,0.2291213721036911,291.1763916015625,291.1499938964844,285.7413330078125,285.10760498046875,291.1405639648437,296.7182006835937,291.1742858886719,1.0,0.1507704854011535,1.0,1.0,0.6225631833076477,1.0,-0.4887355864048004,0.2485264241695404,0.24020916223526,0.0967997089028358,0.0,0.0,0.0,25.00746154785156,25.0,-12.001668930053713,-0.0,27.43099594116211,1.0,293.1499938964844,293.1499938964844,293.1499938964844,293.1499938964844,293.1499938964844,293.1499938964844,278.1499938964844,0.0,18000.0,313.1499938964844,0.0,18000.0,0.0,0.0,0.0,0.0,0.0,0.0,0.0,0.0,0.0,0.0,-0.0,-0.0,0.0,0.0,0.0,0.0,0.0,-0.0,0.0,0.0,0.0,0.0,0.0,0.0,0.0,0.0,0.0,4.0,0.0,0.0
11863800,296.54571533203125,297.1499938964844,293.1499938964844,0.0,-0.0,291.17681884765625,0.5423870086669922,0.050000000745058,0.0458682402968406,296.516357421875,297.1499938964844,293.1499938964844,0.0,-0.0,291.17681884765625,0.5423870086669922,0.050000000745058,0.0483014658093452,296.51153564453125,297.1499938964844,293.1499938964844,0.0,-0.0,291.17681884765625,0.5423870086669922,0.050000000745058,0.035675298422575,296.50390625,297.1499938964844,293.1499938964844,0.0,-0.0,291.17681884765625,0.5423870086669922,0.050000000745058,0.0483014658093452,296.7183532714844,297.1499938964844,293.1499938964844,0.0,-0.0,291.17681884765625,0.5423870086669922,0.050000000745058,0.2291213721036911,291.1763916015625,291.1499938964844,285.7413330078125,285.10760498046875,291.1405639648437,296.7182006835937,291.1742858886719,1.0,0.1507704854011535,1.0,1.0,0.6225631833076477,1.0,-0.4887355864048004,0.2485264241695404,0.24020916223526,0.0967997089028358,0.0,0.0,0.0,25.00746154785156,25.0,-12.001668930053713,-0.0,27.43099594116211,1.0,293.1499938964844,293.1499938964844,293.1499938964844,293.1499938964844,293.1499938964844,293.1499938964844,278.1499938964844,0.0,18000.0,313.1499938964844,0.0,18000.0,0.0,0.0,0.0,0.0,0.0,0.0,0.0,0.0,0.0,0.0,-0.0,-0.0,0.0,0.0,0.0,0.0,0.0,-0.0,0.0,0.0,0.0,0.0,0.0,0.0,0.0,0.0,0.0,4.0,0.0,0.0
11863860,296.54949951171875,297.1499938964844,293.1499938964844,0.0,-0.0,291.1688537597656,0.5423941612243652,0.050000000745058,0.0458681881427764,296.5196228027344,297.1499938964844,293.1499938964844,0.0,-0.0,291.1688537597656,0.5423941612243652,0.050000000745058,0.0483014099299907,296.514404296875,297.1499938964844,293.1499938964844,0.0,-0.0,291.1688537597656,0.5423941612243652,0.050000000745058,0.0356752574443817,296.5069885253906,297.1499938964844,293.1499938964844,0.0,-0.0,291.1688537597656,0.5423941612243652,0.050000000745058,0.0483014099299907,296.7193298339844,297.1499938964844,293.1499938964844,0.0,-0.0,291.1688537597656,0.5423941612243652,0.050000000745058,0.2291210889816284,291.1684875488281,291.1499938964844,285.78643798828125,285.12969970703125,291.1400451660156,296.7191772460937,291.1667175292969,1.0,0.1507675945758819,1.0,1.0,0.6190652847290039,1.0,-0.4887349903583526,0.2495626211166381,0.2391723841428756,0.0978121012449264,0.0,0.0,0.0,25.00594139099121,25.0,-10.044508934020996,-0.0,27.42984390258789,1.0,293.1499938964844,293.1499938964844,293.1499938964844,293.1499938964844,293.1499938964844,293.1499938964844,278.1499938964844,0.0,18000.0,313.1499938964844,0.0,18000.0,0.0,0.0,0.0,0.0,0.0,0.0,0.0,0.0,0.0,0.0,-0.0,-0.0,0.0,0.0,0.0,0.0,0.0,-0.0,0.0,0.0,0.0,0.0,0.0,0.0,0.0,0.0,0.0,4.0,0.0,0.0
11863920,296.54949951171875,297.1499938964844,293.1499938964844,0.0,-0.0,291.1688537597656,0.5423941612243652,0.050000000745058,0.0458681881427764,296.5196228027344,297.1499938964844,293.1499938964844,0.0,-0.0,291.1688537597656,0.5423941612243652,0.050000000745058,0.0483014099299907,296.514404296875,297.1499938964844,293.1499938964844,0.0,-0.0,291.1688537597656,0.5423941612243652,0.050000000745058,0.0356752574443817,296.5069885253906,297.1499938964844,293.1499938964844,0.0,-0.0,291.1688537597656,0.5423941612243652,0.050000000745058,0.0483014099299907,296.7193298339844,297.1499938964844,293.1499938964844,0.0,-0.0,291.1688537597656,0.5423941612243652,0.050000000745058,0.2291210889816284,291.1684875488281,291.1499938964844,285.78643798828125,285.12969970703125,291.1400451660156,296.7191772460937,291.1667175292969,1.0,0.1507675945758819,1.0,1.0,0.6190652847290039,1.0,-0.4887349903583526,0.2495626211166381,0.2391723841428756,0.0978121012449264,0.0,0.0,0.0,25.00594139099121,25.0,-10.044508934020996,-0.0,27.42984390258789,1.0,293.1499938964844,293.1499938964844,293.1499938964844,293.1499938964844,293.1499938964844,293.1499938964844,278.1499938964844,0.0,18000.0,313.1499938964844,0.0,18000.0,0.0,0.0,0.0,0.0,0.0,0.0,0.0,0.0,0.0,0.0,-0.0,-0.0,0.0,0.0,0.0,0.0,0.0,-0.0,0.0,0.0,0.0,0.0,0.0,0.0,0.0,0.0,0.0,4.0,0.0,0.0
11863980,296.55340576171875,297.1499938964844,293.1499938964844,0.0,-0.0,291.1625671386719,0.5424004793167114,0.050000000745058,0.0458681397140026,296.5229797363281,297.1499938964844,293.1499938964844,0.0,-0.0,291.1625671386719,0.5424004793167114,0.050000000745058,0.0483013577759265,296.517333984375,297.1499938964844,293.1499938964844,0.0,-0.0,291.1625671386719,0.5424004793167114,0.050000000745058,0.0356752201914787,296.5101928710937,297.1499938964844,293.1499938964844,0.0,-0.0,291.1625671386719,0.5424004793167114,0.050000000745058,0.0483013577759265,296.7203369140625,297.1499938964844,293.1499938964844,0.0,-0.0,291.1625671386719,0.5424004793167114,0.050000000745058,0.2291208505630493,291.16229248046875,291.1499938964844,285.8327331542969,285.1529541015625,291.1406555175781,296.7201843261719,291.16094970703125,1.0,0.1507653146982193,1.0,1.0,0.6155673861503601,1.0,-0.488734483718872,0.2506162524223327,0.2381182312965393,0.0988517701625824,0.0,0.0,0.0,25.00469970703125,25.0,-7.737747669219971,-0.0,27.42893409729004,1.0,293.1499938964844,293.1499938964844,293.1499938964844,293.1499938964844,293.1499938964844,293.1499938964844,278.1499938964844,0.0,18000.0,313.1499938964844,0.0,18000.0,0.0,0.0,0.0,0.0,0.0,0.0,0.0,0.0,0.0,0.0,-0.0,-0.0,0.0,0.0,0.0,0.0,0.0,-0.0,0.0,0.0,0.0,0.0,0.0,0.0,0.0,0.0,0.0,4.0,0.0,0.0
11864040,296.55340576171875,297.1499938964844,293.1499938964844,0.0,-0.0,291.1625671386719,0.5424004793167114,0.050000000745058,0.0458681397140026,296.5229797363281,297.1499938964844,293.1499938964844,0.0,-0.0,291.1625671386719,0.5424004793167114,0.050000000745058,0.0483013577759265,296.517333984375,297.1499938964844,293.1499938964844,0.0,-0.0,291.1625671386719,0.5424004793167114,0.050000000745058,0.0356752201914787,296.5101928710937,297.1499938964844,293.1499938964844,0.0,-0.0,291.1625671386719,0.5424004793167114,0.050000000745058,0.0483013577759265,296.7203369140625,297.1499938964844,293.1499938964844,0.0,-0.0,291.1625671386719,0.5424004793167114,0.050000000745058,0.2291208505630493,291.16229248046875,291.1499938964844,285.8327331542969,285.1529541015625,291.1406555175781,296.7201843261719,291.16094970703125,1.0,0.1507653146982193,1.0,1.0,0.6155673861503601,1.0,-0.488734483718872,0.2506162524223327,0.2381182312965393,0.0988517701625824,0.0,0.0,0.0,25.00469970703125,25.0,-7.737747669219971,-0.0,27.42893409729004,1.0,293.1499938964844,293.1499938964844,293.1499938964844,293.1499938964844,293.1499938964844,293.1499938964844,278.1499938964844,0.0,18000.0,313.1499938964844,0.0,18000.0,0.0,0.0,0.0,0.0,0.0,0.0,0.0,0.0,0.0,0.0,-0.0,-0.0,0.0,0.0,0.0,0.0,0.0,-0.0,0.0,0.0,0.0,0.0,0.0,0.0,0.0,0.0,0.0,4.0,0.0,0.0
11864100,296.5553894042969,297.1499938964844,293.1499938964844,0.0,-0.0,291.1600341796875,0.5424033999443054,0.050000000745058,0.0458681173622608,296.52471923828125,297.1499938964844,293.1499938964844,0.0,-0.0,291.1600341796875,0.5424033999443054,0.050000000745058,0.0483013354241848,296.51885986328125,297.1499938964844,293.1499938964844,0.0,-0.0,291.1600341796875,0.5424033999443054,0.050000000745058,0.0356752015650272,296.5118408203125,297.1499938964844,293.1499938964844,0.0,-0.0,291.1600341796875,0.5424033999443054,0.050000000745058,0.0483013354241848,296.7208557128906,297.1499938964844,293.1499938964844,0.0,-0.0,291.1600341796875,0.5424033999443054,0.050000000745058,0.2291207462549209,291.1597900390625,291.1499938964844,285.85626220703125,285.1649780273437,291.1410217285156,296.720703125,291.1585998535156,1.0,0.1507643759250641,1.0,1.0,0.6138184666633606,1.0,-0.4887342453002929,0.2511528432369232,0.2375814020633697,0.0993848145008087,0.0,0.0,0.0,25.004169464111328,25.0,-6.733936786651611,-0.0,27.42855834960937,1.0,293.1499938964844,293.1499938964844,293.1499938964844,293.1499938964844,293.1499938964844,293.1499938964844,278.1499938964844,0.0,18000.0,313.1499938964844,0.0,18000.0,0.0,0.0,0.0,0.0,0.0,0.0,0.0,0.0,0.0,0.0,-0.0,-0.0,0.0,0.0,0.0,0.0,0.0,-0.0,0.0,0.0,0.0,0.0,0.0,0.0,0.0,0.0,0.0,4.0,0.0,0.0
11864160,296.5574035644531,297.1499938964844,293.1499938964844,0.0,-0.0,291.15777587890625,0.5424060225486755,0.050000000745058,0.045868095010519,296.5264892578125,297.1499938964844,293.1499938964844,0.0,-0.0,291.15777587890625,0.5424060225486755,0.050000000745058,0.048301313072443,296.5203857421875,297.1499938964844,293.1499938964844,0.0,-0.0,291.15777587890625,0.5424060225486755,0.050000000745058,0.035675186663866,296.51348876953125,297.1499938964844,293.1499938964844,0.0,-0.0,291.15777587890625,0.5424060225486755,0.050000000745058,0.048301313072443,296.7214050292969,297.1499938964844,293.1499938964844,0.0,-0.0,291.15777587890625,0.5424060225486755,0.050000000745058,0.2291206419467926,291.1575622558594,291.1499938964844,285.8800354003906,285.1772155761719,291.1429443359375,296.7212219238281,291.15655517578125,1.0,0.1507635414600372,1.0,1.0,0.6123814582824707,1.0,-0.4887340366840362,0.2516048848628998,0.2371291518211364,0.0998357087373733,0.0,0.0,0.0,25.003698348999023,25.0,-5.590343952178955,-0.0,27.42821884155273,1.0,293.1499938964844,293.1499938964844,293.1499938964844,293.1499938964844,293.1499938964844,293.1499938964844,278.1499938964844,0.0,18000.0,313.1499938964844,0.0,18000.0,0.0,0.0,0.0,0.0,0.0,0.0,0.0,0.0,0.0,0.0,-0.0,-0.0,0.0,0.0,0.0,0.0,0.0,-0.0,0.0,0.0,0.0,0.0,0.0,0.0,0.0,0.0,0.0,4.0,0.0,0.0
11864220,296.56158447265625,297.1499938964844,293.1499938964844,0.0,-0.0,291.1546325683594,0.5424108505249023,0.050000000745058,0.045868057757616,296.5301208496094,297.1499938964844,293.1499938964844,0.0,-0.0,291.1546325683594,0.5424108505249023,0.050000000745058,0.04830127581954,296.5235595703125,297.1499938964844,293.1499938964844,0.0,-0.0,291.1546325683594,0.5424108505249023,0.050000000745058,0.0356751568615436,296.5169372558594,297.1499938964844,293.1499938964844,0.0,-0.0,291.1546325683594,0.5424108505249023,0.050000000745058,0.04830127581954,296.7225341796875,297.1499938964844,293.1499938964844,0.0,-0.0,291.1546325683594,0.5424108505249023,0.050000000745058,0.229120448231697,291.1545104980469,291.1499938964844,285.9281005859375,285.202392578125,291.148193359375,296.72235107421875,291.154052734375,1.0,0.150762140750885,1.0,1.0,0.6095074415206909,1.0,-0.4887336194515228,0.2525097727775574,0.2362238764762878,0.1007434725761413,0.0,0.0,0.0,25.00288772583008,25.0,-2.899672508239746,-0.0,27.427654266357425,1.0,293.1499938964844,293.1499938964844,293.1499938964844,293.1499938964844,293.1499938964844,293.1499938964844,278.1499938964844,0.0,18000.0,313.1499938964844,0.0,18000.0,0.0,0.0,0.0,0.0,0.0,0.0,0.0,0.0,0.0,0.0,-0.0,-0.0,0.0,0.0,0.0,0.0,0.0,-0.0,0.0,0.0,0.0,0.0,0.0,0.0,0.0,0.0,0.0,4.0,0.0,0.0
11864280,296.56158447265625,297.1499938964844,293.1499938964844,0.0,-0.0,291.1546325683594,0.5424108505249023,0.050000000745058,0.045868057757616,296.5301208496094,297.1499938964844,293.1499938964844,0.0,-0.0,291.1546325683594,0.5424108505249023,0.050000000745058,0.04830127581954,296.5235595703125,297.1499938964844,293.1499938964844,0.0,-0.0,291.1546325683594,0.5424108505249023,0.050000000745058,0.0356751568615436,296.5169372558594,297.1499938964844,293.1499938964844,0.0,-0.0,291.1546325683594,0.5424108505249023,0.050000000745058,0.04830127581954,296.7225341796875,297.1499938964844,293.1499938964844,0.0,-0.0,291.1546325683594,0.5424108505249023,0.050000000745058,0.229120448231697,291.1545104980469,291.1499938964844,285.9281005859375,285.202392578125,291.148193359375,296.72235107421875,291.154052734375,1.0,0.150762140750885,1.0,1.0,0.6095074415206909,1.0,-0.4887336194515228,0.2525097727775574,0.2362238764762878,0.1007434725761413,0.0,0.0,0.0,25.00288772583008,25.0,-2.899672508239746,-0.0,27.427654266357425,1.0,293.1499938964844,293.1499938964844,293.1499938964844,293.1499938964844,293.1499938964844,293.1499938964844,278.1499938964844,0.0,18000.0,313.1499938964844,0.0,18000.0,0.0,0.0,0.0,0.0,0.0,0.0,0.0,0.0,0.0,0.0,-0.0,-0.0,0.0,0.0,0.0,0.0,0.0,-0.0,0.0,0.0,0.0,0.0,0.0,0.0,0.0,0.0,0.0,4.0,0.0,0.0
11864340,296.56591796875,297.1499938964844,293.1499938964844,0.0,-0.0,291.15338134765625,0.5424152612686157,0.050000000745058,0.0458680242300033,296.5339050292969,297.1499938964844,293.1499938964844,0.0,-0.0,291.15338134765625,0.5424152612686157,0.050000000745058,0.048301238566637,296.52685546875,297.1499938964844,293.1499938964844,0.0,-0.0,291.15338134765625,0.5424152612686157,0.050000000745058,0.0356751307845115,296.5205078125,297.1499938964844,293.1499938964844,0.0,-0.0,291.15338134765625,0.5424152612686157,0.050000000745058,0.048301238566637,296.7237548828125,297.1499938964844,293.1499938964844,0.0,-0.0,291.15338134765625,0.5424152612686157,0.050000000745058,0.2291202843189239,291.1533203125,291.1499938964844,285.9767761230469,285.2283935546875,291.15362548828125,296.7235412597656,291.1532287597656,1.0,0.150761067867279,1.0,1.0,0.6066334247589111,1.0,-0.4887332618236542,0.2534310519695282,0.2353022396564483,0.101672276854515,0.0,0.0,0.0,25.00222587585449,25.0,-0.5893531441688538,-0.0,27.42721939086914,1.0,293.1499938964844,293.1499938964844,293.1499938964844,293.1499938964844,293.1499938964844,293.1499938964844,278.1499938964844,0.0,18000.0,313.1499938964844,0.0,18000.0,0.0,0.0,0.0,0.0,0.0,0.0,0.0,0.0,0.0,0.0,-0.0,-0.0,0.0,0.0,0.0,0.0,0.0,-0.0,0.0,0.0,0.0,0.0,0.0,0.0,0.0,0.0,0.0,4.0,0.0,0.0
11864400,296.56591796875,297.1499938964844,293.1499938964844,0.0,-0.0,291.15338134765625,0.5424152612686157,0.050000000745058,0.0458680242300033,296.5339050292969,297.1499938964844,293.1499938964844,0.0,-0.0,291.15338134765625,0.5424152612686157,0.050000000745058,0.048301238566637,296.52685546875,297.1499938964844,293.1499938964844,0.0,-0.0,291.15338134765625,0.5424152612686157,0.050000000745058,0.0356751307845115,296.5205078125,297.1499938964844,293.1499938964844,0.0,-0.0,291.15338134765625,0.5424152612686157,0.050000000745058,0.048301238566637,296.7237548828125,297.1499938964844,293.1499938964844,0.0,-0.0,291.15338134765625,0.5424152612686157,0.050000000745058,0.2291202843189239,291.1533203125,291.1499938964844,285.9767761230469,285.2283935546875,291.15362548828125,296.7235412597656,291.1532287597656,1.0,0.150761067867279,1.0,1.0,0.6066334247589111,1.0,-0.4887332618236542,0.2534310519695282,0.2353022396564483,0.101672276854515,0.0,0.0,0.0,25.00222587585449,25.0,-0.5893531441688538,-0.0,27.42721939086914,1.0,293.1499938964844,293.1499938964844,293.1499938964844,293.1499938964844,293.1499938964844,293.1499938964844,278.1499938964844,0.0,18000.0,313.1499938964844,0.0,18000.0,0.0,0.0,0.0,0.0,0.0,0.0,0.0,0.0,0.0,0.0,-0.0,-0.0,0.0,0.0,0.0,0.0,0.0,-0.0,0.0,0.0,0.0,0.0,0.0,0.0,0.0,0.0,0.0,4.0,0.0,0.0
11864460,296.5704040527344,297.1499938964844,293.1499938964844,0.0,-0.0,291.1535949707031,0.5424190759658813,0.050000000745058,0.0458679981529712,296.5378723144531,297.1499938964844,293.1499938964844,0.0,-0.0,291.1535949707031,0.5424190759658813,0.050000000745058,0.0483012087643146,296.5303039550781,297.1499938964844,293.1499938964844,0.0,-0.0,291.1535949707031,0.5424190759658813,0.050000000745058,0.0356751084327697,296.52423095703125,297.1499938964844,293.1499938964844,0.0,-0.0,291.1535949707031,0.5424190759658813,0.050000000745058,0.0483012087643146,296.7250671386719,297.1499938964844,293.1499938964844,0.0,-0.0,291.1535949707031,0.5424190759658813,0.050000000745058,0.229120135307312,291.15362548828125,291.1499938964844,286.0258178710937,285.25506591796875,291.16070556640625,296.724853515625,291.1539001464844,1.0,0.1507602483034134,1.0,1.0,0.6040194034576416,1.0,-0.4887329638004303,0.2542862296104431,0.2344467490911483,0.1025371551513671,0.0,0.0,0.0,25.001693725585938,25.0,1.6000995635986328,-0.0,27.4268856048584,1.0,293.1499938964844,293.1499938964844,293.1499938964844,293.1499938964844,293.1499938964844,293.1499938964844,278.1499938964844,0.0,18000.0,313.1499938964844,0.0,18000.0,0.0,0.0,0.0,0.0,0.0,0.0,0.0,0.0,0.0,0.0,-0.0,-0.0,0.0,0.0,0.0,0.0,0.0,-0.0,0.0,0.0,0.0,0.0,0.0,0.0,0.0,0.0,0.0,4.0,0.0,0.0
11864520,296.5704040527344,297.1499938964844,293.1499938964844,0.0,-0.0,291.1535949707031,0.5424190759658813,0.050000000745058,0.0458679981529712,296.5378723144531,297.1499938964844,293.1499938964844,0.0,-0.0,291.1535949707031,0.5424190759658813,0.050000000745058,0.0483012087643146,296.5303039550781,297.1499938964844,293.1499938964844,0.0,-0.0,291.1535949707031,0.5424190759658813,0.050000000745058,0.0356751084327697,296.52423095703125,297.1499938964844,293.1499938964844,0.0,-0.0,291.1535949707031,0.5424190759658813,0.050000000745058,0.0483012087643146,296.7250671386719,297.1499938964844,293.1499938964844,0.0,-0.0,291.1535949707031,0.5424190759658813,0.050000000745058,0.229120135307312,291.15362548828125,291.1499938964844,286.0258178710937,285.25506591796875,291.16070556640625,296.724853515625,291.1539001464844,1.0,0.1507602483034134,1.0,1.0,0.6040194034576416,1.0,-0.4887329638004303,0.2542862296104431,0.2344467490911483,0.1025371551513671,0.0,0.0,0.0,25.001693725585938,25.0,1.6000995635986328,-0.0,27.4268856048584,1.0,293.1499938964844,293.1499938964844,293.1499938964844,293.1499938964844,293.1499938964844,293.1499938964844,278.1499938964844,0.0,18000.0,313.1499938964844,0.0,18000.0,0.0,0.0,0.0,0.0,0.0,0.0,0.0,0.0,0.0,0.0,-0.0,-0.0,0.0,0.0,0.0,0.0,0.0,-0.0,0.0,0.0,0.0,0.0,0.0,0.0,0.0,0.0,0.0,4.0,0.0,0.0
11864580,296.5743713378906,297.1499938964844,293.1499938964844,0.0,-0.0,291.15496826171875,0.5424218773841858,0.050000000745058,0.0458679758012294,296.54132080078125,297.1499938964844,293.1499938964844,0.0,-0.0,291.15496826171875,0.5424218773841858,0.050000000745058,0.0483011864125728,296.5332946777344,297.1499938964844,293.1499938964844,0.0,-0.0,291.15496826171875,0.5424218773841858,0.050000000745058,0.0356750898063182,296.5274658203125,297.1499938964844,293.1499938964844,0.0,-0.0,291.15496826171875,0.5424218773841858,0.050000000745058,0.0483011864125728,296.7262268066406,297.1499938964844,293.1499938964844,0.0,-0.0,291.15496826171875,0.5424218773841858,0.050000000745058,0.2291200309991836,291.1550598144531,291.1499938964844,286.0671691894531,285.2779541015625,291.1668701171875,296.7260131835937,291.1556396484375,1.0,0.1507597267627716,1.0,1.0,0.601823627948761,1.0,-0.4887327253818512,0.2550137341022491,0.233718991279602,0.103272370994091,0.0,0.0,0.0,25.00132179260254,25.0,3.251306772232056,-0.0,27.426671981811523,1.0,293.1499938964844,293.1499938964844,293.1499938964844,293.1499938964844,293.1499938964844,293.1499938964844,278.1499938964844,0.0,18000.0,313.1499938964844,0.0,18000.0,0.0,0.0,0.0,0.0,0.0,0.0,0.0,0.0,0.0,0.0,-0.0,-0.0,0.0,0.0,0.0,0.0,0.0,-0.0,0.0,0.0,0.0,0.0,0.0,0.0,0.0,0.0,0.0,4.0,0.0,0.0
11864640,296.5751342773437,297.1499938964844,293.1499938964844,0.0,-0.0,291.1553039550781,0.542422354221344,0.050000000745058,0.0458679720759391,296.5419921875,297.1499938964844,293.1499938964844,0.0,-0.0,291.1553039550781,0.542422354221344,0.050000000745058,0.0483011826872825,296.5339050292969,297.1499938964844,293.1499938964844,0.0,-0.0,291.1553039550781,0.542422354221344,0.050000000745058,0.0356750898063182,296.5281066894531,297.1499938964844,293.1499938964844,0.0,-0.0,291.1553039550781,0.542422354221344,0.050000000745058,0.0483011826872825,296.7264709472656,297.1499938964844,293.1499938964844,0.0,-0.0,291.1553039550781,0.542422354221344,0.050000000745058,0.2291200160980224,291.1554260253906,291.1499938964844,286.0750427246094,285.2823486328125,291.16802978515625,296.7262268066406,291.1560363769531,1.0,0.1507596522569656,1.0,1.0,0.6014053821563721,1.0,-0.4887326955795288,0.2551535367965698,0.2335791587829589,0.1034134626388549,0.0,0.0,0.0,25.001256942749023,25.0,3.5333921909332275,-0.0,27.4266357421875,1.0,293.1499938964844,293.1499938964844,293.1499938964844,293.1499938964844,293.1499938964844,293.1499938964844,278.1499938964844,0.0,18000.0,313.1499938964844,0.0,18000.0,0.0,0.0,0.0,0.0,0.0,0.0,0.0,0.0,0.0,0.0,-0.0,-0.0,0.0,0.0,0.0,0.0,0.0,-0.0,0.0,0.0,0.0,0.0,0.0,0.0,0.0,0.0,0.0,4.0,0.0,0.0
11864700,296.5775451660156,297.1499938964844,293.1499938964844,0.0,-0.0,291.1566772460937,0.5424237847328186,0.050000000745058,0.0458679609000682,296.54412841796875,297.1499938964844,293.1499938964844,0.0,-0.0,291.1566772460937,0.5424237847328186,0.050000000745058,0.0483011715114116,296.5357360839844,297.1499938964844,293.1499938964844,0.0,-0.0,291.1566772460937,0.5424237847328186,0.050000000745058,0.0356750786304473,296.53009033203125,297.1499938964844,293.1499938964844,0.0,-0.0,291.1566772460937,0.5424237847328186,0.050000000745058,0.0483011715114116,296.7272033691406,297.1499938964844,293.1499938964844,0.0,-0.0,291.1566772460937,0.5424237847328186,0.050000000745058,0.2291199564933776,291.15679931640625,291.1499938964844,286.0996398925781,285.2961730957031,291.1716613769531,296.7269592285156,291.1575622558594,1.0,0.1507594138383865,1.0,1.0,0.6000983119010925,1.0,-0.4887325763702392,0.2555930018424988,0.2331395894289016,0.103856474161148,0.0,0.0,0.0,25.001070022583008,25.0,4.332672119140625,-0.0,27.426538467407227,1.0,293.1499938964844,293.1499938964844,293.1499938964844,293.1499938964844,293.1499938964844,293.1499938964844,278.1499938964844,0.0,18000.0,313.1499938964844,0.0,18000.0,0.0,0.0,0.0,0.0,0.0,0.0,0.0,0.0,0.0,0.0,-0.0,-0.0,0.0,0.0,0.0,0.0,0.0,-0.0,0.0,0.0,0.0,0.0,0.0,0.0,0.0,0.0,0.0,4.0,0.0,0.0
11864760,296.5800170898437,297.1499938964844,293.1499938964844,0.0,-0.0,291.15826416015625,0.5424251556396484,0.050000000745058,0.0458679497241973,296.5462951660156,297.1499938964844,293.1499938964844,0.0,-0.0,291.15826416015625,0.5424251556396484,0.050000000745058,0.0483011603355407,296.5376281738281,297.1499938964844,293.1499938964844,0.0,-0.0,291.15826416015625,0.5424251556396484,0.050000000745058,0.0356750711798667,296.5321350097656,297.1499938964844,293.1499938964844,0.0,-0.0,291.15826416015625,0.5424251556396484,0.050000000745058,0.0483011603355407,296.7279663085937,297.1499938964844,293.1499938964844,0.0,-0.0,291.15826416015625,0.5424251556396484,0.050000000745058,0.2291199117898941,291.1584167480469,291.1499938964844,286.12420654296875,285.31011962890625,291.1750183105469,296.72772216796875,291.1593017578125,1.0,0.150759220123291,1.0,1.0,0.5987498760223389,1.0,-0.4887324571609497,0.256049633026123,0.2326828390359878,0.1043157130479812,0.0,0.0,0.0,25.000896453857425,25.0,5.005944728851318,-0.0,27.426456451416016,1.0,293.1499938964844,293.1499938964844,293.1499938964844,293.1499938964844,293.1499938964844,293.1499938964844,278.1499938964844,0.0,18000.0,313.1499938964844,0.0,18000.0,0.0,0.0,0.0,0.0,0.0,0.0,0.0,0.0,0.0,0.0,-0.0,-0.0,0.0,0.0,0.0,0.0,0.0,-0.0,0.0,0.0,0.0,0.0,0.0,0.0,0.0,0.0,0.0,4.0,0.0,0.0
11864820,296.5851135253906,297.1499938964844,293.1499938964844,0.0,-0.0,291.1620483398437,0.5424275398254395,0.050000000745058,0.0458679310977458,296.5507507324219,297.1499938964844,293.1499938964844,0.0,-0.0,291.1620483398437,0.5424275398254395,0.050000000745058,0.0483011417090892,296.54150390625,297.1499938964844,293.1499938964844,0.0,-0.0,291.1620483398437,0.5424275398254395,0.050000000745058,0.0356750562787056,296.53631591796875,297.1499938964844,293.1499938964844,0.0,-0.0,291.1620483398437,0.5424275398254395,0.050000000745058,0.0483011417090892,296.72955322265625,297.1499938964844,293.1499938964844,0.0,-0.0,291.1620483398437,0.5424275398254395,0.050000000745058,0.2291198074817657,291.1622314453125,291.1499938964844,286.1731262207031,285.3382873535156,291.1813659667969,296.7292785644531,291.16326904296875,1.0,0.1507589370012283,1.0,1.0,0.5960529446601868,1.0,-0.4887322783470154,0.2569774985313415,0.2317547649145126,0.105245403945446,0.0,0.0,0.0,25.000593185424805,25.0,5.965791702270508,-0.0,27.42633628845215,1.0,293.1499938964844,293.1499938964844,293.1499938964844,293.1499938964844,293.1499938964844,293.1499938964844,278.1499938964844,0.0,18000.0,313.1499938964844,0.0,18000.0,0.0,0.0,0.0,0.0,0.0,0.0,0.0,0.0,0.0,0.0,-0.0,-0.0,0.0,0.0,0.0,0.0,0.0,-0.0,0.0,0.0,0.0,0.0,0.0,0.0,0.0,0.0,0.0,4.0,0.0,0.0
11864880,296.5851135253906,297.1499938964844,293.1499938964844,0.0,-0.0,291.1620483398437,0.5424275398254395,0.050000000745058,0.0458679310977458,296.5507507324219,297.1499938964844,293.1499938964844,0.0,-0.0,291.1620483398437,0.5424275398254395,0.050000000745058,0.0483011417090892,296.54150390625,297.1499938964844,293.1499938964844,0.0,-0.0,291.1620483398437,0.5424275398254395,0.050000000745058,0.0356750562787056,296.53631591796875,297.1499938964844,293.1499938964844,0.0,-0.0,291.1620483398437,0.5424275398254395,0.050000000745058,0.0483011417090892,296.72955322265625,297.1499938964844,293.1499938964844,0.0,-0.0,291.1620483398437,0.5424275398254395,0.050000000745058,0.2291198074817657,291.1622314453125,291.1499938964844,286.1731262207031,285.3382873535156,291.1813659667969,296.7292785644531,291.16326904296875,1.0,0.1507589370012283,1.0,1.0,0.5960529446601868,1.0,-0.4887322783470154,0.2569774985313415,0.2317547649145126,0.105245403945446,0.0,0.0,0.0,25.000593185424805,25.0,5.965791702270508,-0.0,27.42633628845215,1.0,293.1499938964844,293.1499938964844,293.1499938964844,293.1499938964844,293.1499938964844,293.1499938964844,278.1499938964844,0.0,18000.0,313.1499938964844,0.0,18000.0,0.0,0.0,0.0,0.0,0.0,0.0,0.0,0.0,0.0,0.0,-0.0,-0.0,0.0,0.0,0.0,0.0,0.0,-0.0,0.0,0.0,0.0,0.0,0.0,0.0,0.0,0.0,0.0,4.0,0.0,0.0
11864940,296.5904235839844,297.1499938964844,293.1499938964844,0.0,-0.0,291.1663818359375,0.5424293875694275,0.050000000745058,0.0458679161965847,296.5553894042969,297.1499938964844,293.1499938964844,0.0,-0.0,291.1663818359375,0.5424293875694275,0.050000000745058,0.048301126807928,296.5455322265625,297.1499938964844,293.1499938964844,0.0,-0.0,291.1663818359375,0.5424293875694275,0.050000000745058,0.0356750451028347,296.5406799316406,297.1499938964844,293.1499938964844,0.0,-0.0,291.1663818359375,0.5424293875694275,0.050000000745058,0.048301126807928,296.7312316894531,297.1499938964844,293.1499938964844,0.0,-0.0,291.1663818359375,0.5424293875694275,0.050000000745058,0.2291197478771209,291.1665954589844,291.1499938964844,286.2216186523437,285.36676025390625,291.18731689453125,296.73095703125,291.1677551269531,1.0,0.1507587730884552,1.0,1.0,0.5933560132980347,1.0,-0.4887321293354034,0.2579227089881897,0.2308094054460525,0.1061871573328971,0.0,0.0,0.0,25.000343322753903,25.0,6.584778785705566,-0.0,27.4262638092041,1.0,293.1499938964844,293.1499938964844,293.1499938964844,293.1499938964844,293.1499938964844,293.1499938964844,278.1499938964844,0.0,18000.0,313.1499938964844,0.0,18000.0,0.0,0.0,0.0,0.0,0.0,0.0,0.0,0.0,0.0,0.0,-0.0,-0.0,0.0,0.0,0.0,0.0,0.0,-0.0,0.0,0.0,0.0,0.0,0.0,0.0,0.0,0.0,0.0,4.0,0.0,0.0
11865000,296.5904235839844,297.1499938964844,293.1499938964844,0.0,-0.0,291.1663818359375,0.5424293875694275,0.050000000745058,0.0458679161965847,296.5553894042969,297.1499938964844,293.1499938964844,0.0,-0.0,291.1663818359375,0.5424293875694275,0.050000000745058,0.048301126807928,296.5455322265625,297.1499938964844,293.1499938964844,0.0,-0.0,291.1663818359375,0.5424293875694275,0.050000000745058,0.0356750451028347,296.5406799316406,297.1499938964844,293.1499938964844,0.0,-0.0,291.1663818359375,0.5424293875694275,0.050000000745058,0.048301126807928,296.7312316894531,297.1499938964844,293.1499938964844,0.0,-0.0,291.1663818359375,0.5424293875694275,0.050000000745058,0.2291197478771209,291.1665954589844,291.1499938964844,286.2216186523437,285.36676025390625,291.18731689453125,296.73095703125,291.1677551269531,1.0,0.1507587730884552,1.0,1.0,0.5933560132980347,1.0,-0.4887321293354034,0.2579227089881897,0.2308094054460525,0.1061871573328971,0.0,0.0,0.0,25.000343322753903,25.0,6.584778785705566,-0.0,27.4262638092041,1.0,293.1499938964844,293.1499938964844,293.1499938964844,293.1499938964844,293.1499938964844,293.1499938964844,278.1499938964844,0.0,18000.0,313.1499938964844,0.0,18000.0,0.0,0.0,0.0,0.0,0.0,0.0,0.0,0.0,0.0,0.0,-0.0,-0.0,0.0,0.0,0.0,0.0,0.0,-0.0,0.0,0.0,0.0,0.0,0.0,0.0,0.0,0.0,0.0,4.0,0.0,0.0
11865060,296.59588623046875,297.1499938964844,293.1499938964844,0.0,-0.0,291.1709899902344,0.5424309372901917,0.050000000745058,0.0458679050207138,296.5601806640625,297.1499938964844,293.1499938964844,0.0,-0.0,291.1709899902344,0.5424309372901917,0.050000000745058,0.0483011119067668,296.5497131347656,297.1499938964844,293.1499938964844,0.0,-0.0,291.1709899902344,0.5424309372901917,0.050000000745058,0.0356750376522541,296.5451354980469,297.1499938964844,293.1499938964844,0.0,-0.0,291.1709899902344,0.5424309372901917,0.050000000745058,0.0483011119067668,296.7330017089844,297.1499938964844,293.1499938964844,0.0,-0.0,291.1709899902344,0.5424309372901917,0.050000000745058,0.2291196882724762,291.17120361328125,291.1499938964844,286.2694396972656,285.3953857421875,291.1908569335937,296.7326965332031,291.1723327636719,1.0,0.1507587283849716,1.0,1.0,0.590363621711731,1.0,-0.4887320101261139,0.2589883208274841,0.2297436892986297,0.1072433069348335,0.0,0.0,0.0,25.000118255615234,25.0,6.522642135620117,-0.0,27.426233291625977,1.0,293.1499938964844,293.1499938964844,293.1499938964844,293.1499938964844,293.1499938964844,293.1499938964844,278.1499938964844,0.0,18000.0,313.1499938964844,0.0,18000.0,0.0,0.0,0.0,0.0,0.0,0.0,0.0,0.0,0.0,0.0,-0.0,-0.0,0.0,0.0,0.0,0.0,0.0,-0.0,0.0,0.0,0.0,0.0,0.0,0.0,0.0,0.0,0.0,4.0,0.0,0.0
11865120,296.59588623046875,297.1499938964844,293.1499938964844,0.0,-0.0,291.1709899902344,0.5424309372901917,0.050000000745058,0.0458679050207138,296.5601806640625,297.1499938964844,293.1499938964844,0.0,-0.0,291.1709899902344,0.5424309372901917,0.050000000745058,0.0483011119067668,296.5497131347656,297.1499938964844,293.1499938964844,0.0,-0.0,291.1709899902344,0.5424309372901917,0.050000000745058,0.0356750376522541,296.5451354980469,297.1499938964844,293.1499938964844,0.0,-0.0,291.1709899902344,0.5424309372901917,0.050000000745058,0.0483011119067668,296.7330017089844,297.1499938964844,293.1499938964844,0.0,-0.0,291.1709899902344,0.5424309372901917,0.050000000745058,0.2291196882724762,291.17120361328125,291.1499938964844,286.2694396972656,285.3953857421875,291.1908569335937,296.7326965332031,291.1723327636719,1.0,0.1507587283849716,1.0,1.0,0.590363621711731,1.0,-0.4887320101261139,0.2589883208274841,0.2297436892986297,0.1072433069348335,0.0,0.0,0.0,25.000118255615234,25.0,6.522642135620117,-0.0,27.426233291625977,1.0,293.1499938964844,293.1499938964844,293.1499938964844,293.1499938964844,293.1499938964844,293.1499938964844,278.1499938964844,0.0,18000.0,313.1499938964844,0.0,18000.0,0.0,0.0,0.0,0.0,0.0,0.0,0.0,0.0,0.0,0.0,-0.0,-0.0,0.0,0.0,0.0,0.0,0.0,-0.0,0.0,0.0,0.0,0.0,0.0,0.0,0.0,0.0,0.0,4.0,0.0,0.0
11865180,296.6015319824219,297.1499938964844,293.1499938964844,0.0,-0.0,291.1753234863281,0.5424321293830872,0.050000000745058,0.0458678975701332,296.5650939941406,297.1499938964844,293.1499938964844,0.0,-0.0,291.1753234863281,0.5424321293830872,0.050000000745058,0.0483011044561862,296.5539855957031,297.1499938964844,293.1499938964844,0.0,-0.0,291.1753234863281,0.5424321293830872,0.050000000745058,0.0356750302016735,296.5497436523437,297.1499938964844,293.1499938964844,0.0,-0.0,291.1753234863281,0.5424321293830872,0.050000000745058,0.0483011044561862,296.7348327636719,297.1499938964844,293.1499938964844,0.0,-0.0,291.1753234863281,0.5424321293830872,0.050000000745058,0.2291196435689926,291.1755065917969,291.1499938964844,286.31640625,285.42413330078125,291.1933898925781,296.7345275878906,291.1765441894531,1.0,0.150758758187294,1.0,1.0,0.5873712301254272,1.0,-0.4887318909168243,0.2600783705711365,0.228653535246849,0.1083190590143203,0.0,0.0,0.0,24.99993133544922,25.0,6.009217739105225,-0.0,27.426240921020508,1.0,293.1499938964844,293.1499938964844,293.1499938964844,293.1499938964844,293.1499938964844,293.1499938964844,278.1499938964844,0.0,18000.0,313.1499938964844,0.0,18000.0,0.0,0.0,0.0,0.0,0.0,0.0,0.0,0.0,0.0,0.0,-0.0,-0.0,0.0,0.0,0.0,0.0,0.0,-0.0,0.0,0.0,0.0,0.0,0.0,0.0,0.0,0.0,0.0,4.0,0.0,0.0
11865240,296.6015319824219,297.1499938964844,293.1499938964844,0.0,-0.0,291.1753234863281,0.5424321293830872,0.050000000745058,0.0458678975701332,296.5650939941406,297.1499938964844,293.1499938964844,0.0,-0.0,291.1753234863281,0.5424321293830872,0.050000000745058,0.0483011044561862,296.5539855957031,297.1499938964844,293.1499938964844,0.0,-0.0,291.1753234863281,0.5424321293830872,0.050000000745058,0.0356750302016735,296.5497436523437,297.1499938964844,293.1499938964844,0.0,-0.0,291.1753234863281,0.5424321293830872,0.050000000745058,0.0483011044561862,296.7348327636719,297.1499938964844,293.1499938964844,0.0,-0.0,291.1753234863281,0.5424321293830872,0.050000000745058,0.2291196435689926,291.1755065917969,291.1499938964844,286.31640625,285.42413330078125,291.1933898925781,296.7345275878906,291.1765441894531,1.0,0.150758758187294,1.0,1.0,0.5873712301254272,1.0,-0.4887318909168243,0.2600783705711365,0.228653535246849,0.1083190590143203,0.0,0.0,0.0,24.99993133544922,25.0,6.009217739105225,-0.0,27.426240921020508,1.0,293.1499938964844,293.1499938964844,293.1499938964844,293.1499938964844,293.1499938964844,293.1499938964844,278.1499938964844,0.0,18000.0,313.1499938964844,0.0,18000.0,0.0,0.0,0.0,0.0,0.0,0.0,0.0,0.0,0.0,0.0,-0.0,-0.0,0.0,0.0,0.0,0.0,0.0,-0.0,0.0,0.0,0.0,0.0,0.0,0.0,0.0,0.0,0.0,4.0,0.0,0.0
11865300,296.6044311523437,297.1499938964844,293.1499938964844,0.0,-0.0,291.1773376464844,0.5424326062202454,0.050000000745058,0.0458678938448429,296.567626953125,297.1499938964844,293.1499938964844,0.0,-0.0,291.1773376464844,0.5424326062202454,0.050000000745058,0.0483011007308959,296.5561828613281,297.1499938964844,293.1499938964844,0.0,-0.0,291.1773376464844,0.5424326062202454,0.050000000745058,0.0356750264763832,296.5521240234375,297.1499938964844,293.1499938964844,0.0,-0.0,291.1773376464844,0.5424326062202454,0.050000000745058,0.0483011007308959,296.7357788085937,297.1499938964844,293.1499938964844,0.0,-0.0,291.1773376464844,0.5424326062202454,0.050000000745058,0.2291196137666702,291.1775207519531,291.1499938964844,286.3394775390625,285.4385070800781,291.19439697265625,296.7354736328125,291.17852783203125,1.0,0.1507588028907776,1.0,1.0,0.5858750343322754,1.0,-0.4887318611145019,0.2606311738491058,0.2281007021665573,0.1088635772466659,0.0,0.0,0.0,24.999849319458008,25.0,5.695290565490723,-0.0,27.42625617980957,1.0,293.1499938964844,293.1499938964844,293.1499938964844,293.1499938964844,293.1499938964844,293.1499938964844,278.1499938964844,0.0,18000.0,313.1499938964844,0.0,18000.0,0.0,0.0,0.0,0.0,0.0,0.0,0.0,0.0,0.0,0.0,-0.0,-0.0,0.0,0.0,0.0,0.0,0.0,-0.0,0.0,0.0,0.0,0.0,0.0,0.0,0.0,0.0,0.0,4.0,0.0,0.0
11865360,296.6073608398437,297.1499938964844,293.1499938964844,0.0,-0.0,291.17926025390625,0.5424331426620483,0.050000000745058,0.0458678901195526,296.5701904296875,297.1499938964844,293.1499938964844,0.0,-0.0,291.17926025390625,0.5424331426620483,0.050000000745058,0.0483010932803154,296.5583801269531,297.1499938964844,293.1499938964844,0.0,-0.0,291.17926025390625,0.5424331426620483,0.050000000745058,0.0356750227510929,296.55450439453125,297.1499938964844,293.1499938964844,0.0,-0.0,291.17926025390625,0.5424331426620483,0.050000000745058,0.0483010932803154,296.7367248535156,297.1499938964844,293.1499938964844,0.0,-0.0,291.17926025390625,0.5424331426620483,0.050000000745058,0.229119598865509,291.179443359375,291.1499938964844,286.3622741699219,285.452880859375,291.1942138671875,296.7364196777344,291.18035888671875,1.0,0.1507588773965835,1.0,1.0,0.5842093229293823,1.0,-0.4887318313121795,0.2612482011318207,0.2274836152791977,0.1094720810651779,0.0,0.0,0.0,24.999765396118164,25.0,5.197139739990234,-0.0,27.4262809753418,1.0,293.1499938964844,293.1499938964844,293.1499938964844,293.1499938964844,293.1499938964844,293.1499938964844,278.1499938964844,0.0,18000.0,313.1499938964844,0.0,18000.0,0.0,0.0,0.0,0.0,0.0,0.0,0.0,0.0,0.0,0.0,-0.0,-0.0,0.0,0.0,0.0,0.0,0.0,-0.0,0.0,0.0,0.0,0.0,0.0,0.0,0.0,0.0,0.0,4.0,0.0,0.0
11865420,296.6133117675781,297.1499938964844,293.1499938964844,0.0,-0.0,291.182373046875,0.5424342751502991,0.050000000745058,0.0458678789436817,296.57537841796875,297.1499938964844,293.1499938964844,0.0,-0.0,291.182373046875,0.5424342751502991,0.050000000745058,0.0483010858297348,296.5628662109375,297.1499938964844,293.1499938964844,0.0,-0.0,291.182373046875,0.5424342751502991,0.050000000745058,0.0356750190258026,296.559326171875,297.1499938964844,293.1499938964844,0.0,-0.0,291.182373046875,0.5424342751502991,0.050000000745058,0.0483010858297348,296.7386779785156,297.1499938964844,293.1499938964844,0.0,-0.0,291.182373046875,0.5424342751502991,0.050000000745058,0.2291195541620254,291.1825256347656,291.1499938964844,286.4068908691406,285.4815368652344,291.1924133300781,296.7383728027344,291.1831359863281,1.0,0.150759071111679,1.0,1.0,0.5808780193328857,1.0,-0.48873171210289,0.2625080943107605,0.2262236326932907,0.1107183247804641,0.0,0.0,0.0,24.999616622924805,25.0,3.730191707611084,-0.0,27.426347732543945,1.0,293.1499938964844,293.1499938964844,293.1499938964844,293.1499938964844,293.1499938964844,293.1499938964844,278.1499938964844,0.0,18000.0,313.1499938964844,0.0,18000.0,0.0,0.0,0.0,0.0,0.0,0.0,0.0,0.0,0.0,0.0,-0.0,-0.0,0.0,0.0,0.0,0.0,0.0,-0.0,0.0,0.0,0.0,0.0,0.0,0.0,0.0,0.0,0.0,4.0,0.0,0.0
11865480,296.6133117675781,297.1499938964844,293.1499938964844,0.0,-0.0,291.182373046875,0.5424342751502991,0.050000000745058,0.0458678789436817,296.57537841796875,297.1499938964844,293.1499938964844,0.0,-0.0,291.182373046875,0.5424342751502991,0.050000000745058,0.0483010858297348,296.5628662109375,297.1499938964844,293.1499938964844,0.0,-0.0,291.182373046875,0.5424342751502991,0.050000000745058,0.0356750190258026,296.559326171875,297.1499938964844,293.1499938964844,0.0,-0.0,291.182373046875,0.5424342751502991,0.050000000745058,0.0483010858297348,296.7386779785156,297.1499938964844,293.1499938964844,0.0,-0.0,291.182373046875,0.5424342751502991,0.050000000745058,0.2291195541620254,291.1825256347656,291.1499938964844,286.4068908691406,285.4815368652344,291.1924133300781,296.7383728027344,291.1831359863281,1.0,0.150759071111679,1.0,1.0,0.5808780193328857,1.0,-0.48873171210289,0.2625080943107605,0.2262236326932907,0.1107183247804641,0.0,0.0,0.0,24.999616622924805,25.0,3.730191707611084,-0.0,27.426347732543945,1.0,293.1499938964844,293.1499938964844,293.1499938964844,293.1499938964844,293.1499938964844,293.1499938964844,278.1499938964844,0.0,18000.0,313.1499938964844,0.0,18000.0,0.0,0.0,0.0,0.0,0.0,0.0,0.0,0.0,0.0,0.0,-0.0,-0.0,0.0,0.0,0.0,0.0,0.0,-0.0,0.0,0.0,0.0,0.0,0.0,0.0,0.0,0.0,0.0,4.0,0.0,0.0
11865540,296.619384765625,297.1499938964844,293.1499938964844,0.0,-0.0,291.1844177246094,0.5424359440803528,0.050000000745058,0.0458678677678108,296.5807189941406,297.1499938964844,293.1499938964844,0.0,-0.0,291.1844177246094,0.5424359440803528,0.050000000745058,0.0483010709285736,296.56744384765625,297.1499938964844,293.1499938964844,0.0,-0.0,291.1844177246094,0.5424359440803528,0.050000000745058,0.0356750078499317,296.56427001953125,297.1499938964844,293.1499938964844,0.0,-0.0,291.1844177246094,0.5424359440803528,0.050000000745058,0.0483010709285736,296.7406921386719,297.1499938964844,293.1499938964844,0.0,-0.0,291.1844177246094,0.5424359440803528,0.050000000745058,0.2291194945573806,291.1845092773437,291.1499938964844,286.45001220703125,285.5099792480469,291.1896057128906,296.7403564453125,291.1848449707031,1.0,0.1507593244314193,1.0,1.0,0.5775466561317444,1.0,-0.4887315928936004,0.2637896835803985,0.2249419093132019,0.1119987368583679,0.0,0.0,0.0,24.999492645263672,25.0,2.16860032081604,-0.0,27.42643547058105,1.0,293.1499938964844,293.1499938964844,293.1499938964844,293.1499938964844,293.1499938964844,293.1499938964844,278.1499938964844,0.0,18000.0,313.1499938964844,0.0,18000.0,0.0,0.0,0.0,0.0,0.0,0.0,0.0,0.0,0.0,0.0,-0.0,-0.0,0.0,0.0,0.0,0.0,0.0,-0.0,0.0,0.0,0.0,0.0,0.0,0.0,0.0,0.0,0.0,4.0,0.0,0.0
11865600,296.619384765625,297.1499938964844,293.1499938964844,0.0,-0.0,291.1844177246094,0.5424359440803528,0.050000000745058,0.0458678677678108,296.5807189941406,297.1499938964844,293.1499938964844,0.0,-0.0,291.1844177246094,0.5424359440803528,0.050000000745058,0.0483010709285736,296.56744384765625,297.1499938964844,293.1499938964844,0.0,-0.0,291.1844177246094,0.5424359440803528,0.050000000745058,0.0356750078499317,296.56427001953125,297.1499938964844,293.1499938964844,0.0,-0.0,291.1844177246094,0.5424359440803528,0.050000000745058,0.0483010709285736,296.7406921386719,297.1499938964844,293.1499938964844,0.0,-0.0,291.1844177246094,0.5424359440803528,0.050000000745058,0.2291194945573806,291.1845092773437,291.1499938964844,286.45001220703125,285.5099792480469,291.1896057128906,296.7403564453125,291.1848449707031,1.0,0.1507593244314193,1.0,1.0,0.5775466561317444,1.0,-0.4887315928936004,0.2637896835803985,0.2249419093132019,0.1119987368583679,0.0,0.0,0.0,24.999492645263672,25.0,2.16860032081604,-0.0,27.42643547058105,1.0,293.1499938964844,293.1499938964844,293.1499938964844,293.1499938964844,293.1499938964844,293.1499938964844,278.1499938964844,0.0,18000.0,313.1499938964844,0.0,18000.0,0.0,0.0,0.0,0.0,0.0,0.0,0.0,0.0,0.0,0.0,-0.0,-0.0,0.0,0.0,0.0,0.0,0.0,-0.0,0.0,0.0,0.0,0.0,0.0,0.0,0.0,0.0,0.0,4.0,0.0,0.0
11865660,296.6293029785156,297.1499938964844,293.1499938964844,0.0,-0.0,291.1854248046875,0.5424386858940125,0.050000000745058,0.045867845416069,296.58984375,297.1499938964844,293.1499938964844,0.0,-0.0,291.1854248046875,0.5424386858940125,0.050000000745058,0.0483010485768318,296.5758361816406,297.1499938964844,293.1499938964844,0.0,-0.0,291.1854248046875,0.5424386858940125,0.050000000745058,0.0356749892234802,296.5730285644531,297.1499938964844,293.1499938964844,0.0,-0.0,291.1854248046875,0.5424386858940125,0.050000000745058,0.0483010485768318,296.7464904785156,297.1499938964844,293.1499938964844,0.0,-0.0,291.1854248046875,0.5424386858940125,0.050000000745058,0.2291193902492523,291.1854553222656,291.1499938964844,286.4937744140625,285.5397644042969,291.1866149902344,296.7451477050781,291.185546875,1.0,0.1507596224546432,1.0,1.0,0.5740071535110474,1.0,-0.4887313544750213,0.2651705145835876,0.2235608696937561,0.1134002953767776,0.0,0.0,0.0,24.999378204345703,25.0,0.7253695130348206,-0.0,27.426538467407227,1.0,293.1499938964844,293.1499938964844,293.1499938964844,293.1499938964844,293.1499938964844,293.1499938964844,278.1499938964844,0.0,18000.0,313.1499938964844,0.0,18000.0,0.0,0.0,0.0,0.0,0.0,0.0,0.0,0.0,0.0,0.0,-0.0,-0.0,0.0,0.0,0.0,0.0,0.0,-0.0,0.0,0.0,0.0,0.0,0.0,0.0,0.0,0.0,0.0,4.0,0.0,0.0
11865720,296.6293029785156,297.1499938964844,293.1499938964844,0.0,-0.0,291.1854248046875,0.5424386858940125,0.050000000745058,0.045867845416069,296.58984375,297.1499938964844,293.1499938964844,0.0,-0.0,291.1854248046875,0.5424386858940125,0.050000000745058,0.0483010485768318,296.5758361816406,297.1499938964844,293.1499938964844,0.0,-0.0,291.1854248046875,0.5424386858940125,0.050000000745058,0.0356749892234802,296.5730285644531,297.1499938964844,293.1499938964844,0.0,-0.0,291.1854248046875,0.5424386858940125,0.050000000745058,0.0483010485768318,296.7464904785156,297.1499938964844,293.1499938964844,0.0,-0.0,291.1854248046875,0.5424386858940125,0.050000000745058,0.2291193902492523,291.1854553222656,291.1499938964844,286.4937744140625,285.5397644042969,291.1866149902344,296.7451477050781,291.185546875,1.0,0.1507596224546432,1.0,1.0,0.5740071535110474,1.0,-0.4887313544750213,0.2651705145835876,0.2235608696937561,0.1134002953767776,0.0,0.0,0.0,24.999378204345703,25.0,0.7253695130348206,-0.0,27.426538467407227,1.0,293.1499938964844,293.1499938964844,293.1499938964844,293.1499938964844,293.1499938964844,293.1499938964844,278.1499938964844,0.0,18000.0,313.1499938964844,0.0,18000.0,0.0,0.0,0.0,0.0,0.0,0.0,0.0,0.0,0.0,0.0,-0.0,-0.0,0.0,0.0,0.0,0.0,0.0,-0.0,0.0,0.0,0.0,0.0,0.0,0.0,0.0,0.0,0.0,4.0,0.0,0.0
11865780,296.6439514160156,297.1499938964844,293.1499938964844,0.0,-0.0,291.1857604980469,0.5424424409866333,0.050000000745058,0.0458678156137466,296.6038818359375,297.1499938964844,293.1499938964844,0.0,-0.0,291.1857604980469,0.5424424409866333,0.050000000745058,0.0483010187745094,296.589111328125,297.1499938964844,293.1499938964844,0.0,-0.0,291.1857604980469,0.5424424409866333,0.050000000745058,0.0356749668717384,296.586669921875,297.1499938964844,293.1499938964844,0.0,-0.0,291.1857604980469,0.5424424409866333,0.050000000745058,0.0483010187745094,296.75762939453125,297.1499938964844,293.1499938964844,0.0,-0.0,291.1857604980469,0.5424424409866333,0.050000000745058,0.2291192412376403,291.185791015625,291.1499938964844,286.5365295410156,285.56964111328125,291.1874389648437,296.75537109375,291.1859130859375,1.0,0.1507599502801895,1.0,1.0,0.5707507729530334,1.0,-0.4887310564517975,0.2664613723754883,0.2222696989774704,0.1147376373410224,0.0,0.0,0.0,24.999292373657227,25.0,0.4628275036811828,-0.0,27.426645278930664,1.0,293.1499938964844,293.1499938964844,293.1499938964844,293.1499938964844,293.1499938964844,293.1499938964844,278.1499938964844,0.0,18000.0,313.1499938964844,0.0,18000.0,0.0,0.0,0.0,0.0,0.0,0.0,0.0,0.0,0.0,0.0,-0.0,-0.0,0.0,0.0,0.0,0.0,0.0,-0.0,0.0,0.0,0.0,0.0,0.0,0.0,0.0,0.0,0.0,4.0,0.0,0.0
11865840,296.6454162597656,297.1499938964844,293.1499938964844,0.0,-0.0,291.1858215332031,0.542442798614502,0.050000000745058,0.0458678156137466,296.60528564453125,297.1499938964844,293.1499938964844,0.0,-0.0,291.1858215332031,0.542442798614502,0.050000000745058,0.0483010150492191,296.5904541015625,297.1499938964844,293.1499938964844,0.0,-0.0,291.1858215332031,0.542442798614502,0.050000000745058,0.0356749668717384,296.5880432128906,297.1499938964844,293.1499938964844,0.0,-0.0,291.1858215332031,0.542442798614502,0.050000000745058,0.0483010150492191,296.7588195800781,297.1499938964844,293.1499938964844,0.0,-0.0,291.1858215332031,0.542442798614502,0.050000000745058,0.2291192263364792,291.1858215332031,291.1499938964844,286.5403747558594,285.57232666015625,291.18768310546875,296.7564697265625,291.1859436035156,1.0,0.1507599800825119,1.0,1.0,0.5704676508903503,1.0,-0.4887310266494751,0.2665744125843048,0.2221566140651703,0.1148560494184494,0.0,0.0,0.0,24.99928474426269,25.0,0.4899119436740875,-0.0,27.426654815673828,1.0,293.1499938964844,293.1499938964844,293.1499938964844,293.1499938964844,293.1499938964844,293.1499938964844,278.1499938964844,0.0,18000.0,313.1499938964844,0.0,18000.0,0.0,0.0,0.0,0.0,0.0,0.0,0.0,0.0,0.0,0.0,-0.0,-0.0,0.0,0.0,0.0,0.0,0.0,-0.0,0.0,0.0,0.0,0.0,0.0,0.0,0.0,0.0,0.0,4.0,0.0,0.0
11865900,296.6552429199219,297.1499938964844,293.1499938964844,0.0,-0.0,291.18609619140625,0.5424454212188721,0.050000000745058,0.0458677932620048,296.6148376464844,297.1499938964844,293.1499938964844,0.0,-0.0,291.18609619140625,0.5424454212188721,0.050000000745058,0.0483009964227676,296.599609375,297.1499938964844,293.1499938964844,0.0,-0.0,291.18609619140625,0.5424454212188721,0.050000000745058,0.0356749519705772,296.5973815917969,297.1499938964844,293.1499938964844,0.0,-0.0,291.18609619140625,0.5424454212188721,0.050000000745058,0.0483009964227676,296.7668762207031,297.1499938964844,293.1499938964844,0.0,-0.0,291.18609619140625,0.5424454212188721,0.050000000745058,0.2291191220283508,291.1861267089844,291.1499938964844,286.56463623046875,285.5896301269531,291.1895446777344,296.76416015625,291.18634033203125,1.0,0.1507601588964462,1.0,1.0,0.5686978697776794,1.0,-0.4887308180332184,0.2672841250896454,0.221446692943573,0.1156034097075462,0.0,0.0,0.0,24.999244689941406,25.0,0.8297908902168274,-0.0,27.42671775817871,1.0,293.1499938964844,293.1499938964844,293.1499938964844,293.1499938964844,293.1499938964844,293.1499938964844,278.1499938964844,0.0,18000.0,313.1499938964844,0.0,18000.0,0.0,0.0,0.0,0.0,0.0,0.0,0.0,0.0,0.0,0.0,-0.0,-0.0,0.0,0.0,0.0,0.0,0.0,-0.0,0.0,0.0,0.0,0.0,0.0,0.0,0.0,0.0,0.0,4.0,0.0,0.0
11865960,296.66607666015625,297.1499938964844,293.1499938964844,0.0,-0.0,291.18658447265625,0.5424482822418213,0.050000000745058,0.045867770910263,296.6253662109375,297.1499938964844,293.1499938964844,0.0,-0.0,291.18658447265625,0.5424482822418213,0.050000000745058,0.0483009703457355,296.6097412109375,297.1499938964844,293.1499938964844,0.0,-0.0,291.18658447265625,0.5424482822418213,0.050000000745058,0.0356749333441257,296.60772705078125,297.1499938964844,293.1499938964844,0.0,-0.0,291.18658447265625,0.5424482822418213,0.050000000745058,0.0483009703457355,296.7760314941406,297.1499938964844,293.1499938964844,0.0,-0.0,291.18658447265625,0.5424482822418213,0.050000000745058,0.2291190177202224,291.1866149902344,291.1499938964844,286.5895690917969,285.6075134277344,291.19219970703125,296.77294921875,291.1869506835937,1.0,0.1507603675127029,1.0,1.0,0.5669235587120056,1.0,-0.4887305796146393,0.2680013179779053,0.2207292765378952,0.116364024579525,0.0,0.0,0.0,24.999208450317383,25.0,1.390053629875183,-0.0,27.4267807006836,1.0,293.1499938964844,293.1499938964844,293.1499938964844,293.1499938964844,293.1499938964844,293.1499938964844,278.1499938964844,0.0,18000.0,313.1499938964844,0.0,18000.0,0.0,0.0,0.0,0.0,0.0,0.0,0.0,0.0,0.0,0.0,-0.0,-0.0,0.0,0.0,0.0,0.0,0.0,-0.0,0.0,0.0,0.0,0.0,0.0,0.0,0.0,0.0,0.0,4.0,0.0,0.0
11866020,296.69024658203125,297.1499938964844,293.1499938964844,0.0,-0.0,291.18829345703125,0.5424542427062988,0.050000000745058,0.0458677262067794,296.64910888671875,297.1499938964844,293.1499938964844,0.0,-0.0,291.18829345703125,0.5424542427062988,0.050000000745058,0.0483009219169616,296.6326599121094,297.1499938964844,293.1499938964844,0.0,-0.0,291.18829345703125,0.5424542427062988,0.050000000745058,0.0356748960912227,296.6310729980469,297.1499938964844,293.1499938964844,0.0,-0.0,291.18829345703125,0.5424542427062988,0.050000000745058,0.0483009219169616,296.7972106933594,297.1499938964844,293.1499938964844,0.0,-0.0,291.18829345703125,0.5424542427062988,0.050000000745058,0.2291187793016433,291.1883850097656,291.1499938964844,286.6411437988281,285.6451416015625,291.199462890625,296.79351806640625,291.1889953613281,1.0,0.1507607847452163,1.0,1.0,0.563374936580658,1.0,-0.4887301027774811,0.2694562971591949,0.2192738056182861,0.1179115325212478,0.0,0.0,0.0,24.999143600463867,25.0,2.9958558082580566,-0.0,27.426916122436523,1.0,293.1499938964844,293.1499938964844,293.1499938964844,293.1499938964844,293.1499938964844,293.1499938964844,278.1499938964844,0.0,18000.0,313.1499938964844,0.0,18000.0,0.0,0.0,0.0,0.0,0.0,0.0,0.0,0.0,0.0,0.0,-0.0,-0.0,0.0,0.0,0.0,0.0,0.0,-0.0,0.0,0.0,0.0,0.0,0.0,0.0,0.0,0.0,0.0,4.0,0.0,0.0
11866080,296.69024658203125,297.1499938964844,293.1499938964844,0.0,-0.0,291.18829345703125,0.5424542427062988,0.050000000745058,0.0458677262067794,296.64910888671875,297.1499938964844,293.1499938964844,0.0,-0.0,291.18829345703125,0.5424542427062988,0.050000000745058,0.0483009219169616,296.6326599121094,297.1499938964844,293.1499938964844,0.0,-0.0,291.18829345703125,0.5424542427062988,0.050000000745058,0.0356748960912227,296.6310729980469,297.1499938964844,293.1499938964844,0.0,-0.0,291.18829345703125,0.5424542427062988,0.050000000745058,0.0483009219169616,296.7972106933594,297.1499938964844,293.1499938964844,0.0,-0.0,291.18829345703125,0.5424542427062988,0.050000000745058,0.2291187793016433,291.1883850097656,291.1499938964844,286.6411437988281,285.6451416015625,291.199462890625,296.79351806640625,291.1889953613281,1.0,0.1507607847452163,1.0,1.0,0.563374936580658,1.0,-0.4887301027774811,0.2694562971591949,0.2192738056182861,0.1179115325212478,0.0,0.0,0.0,24.999143600463867,25.0,2.9958558082580566,-0.0,27.426916122436523,1.0,293.1499938964844,293.1499938964844,293.1499938964844,293.1499938964844,293.1499938964844,293.1499938964844,278.1499938964844,0.0,18000.0,313.1499938964844,0.0,18000.0,0.0,0.0,0.0,0.0,0.0,0.0,0.0,0.0,0.0,0.0,-0.0,-0.0,0.0,0.0,0.0,0.0,0.0,-0.0,0.0,0.0,0.0,0.0,0.0,0.0,0.0,0.0,0.0,4.0,0.0,0.0
11866140,296.71728515625,297.1499938964844,293.1499938964844,0.0,-0.0,291.1912841796875,0.5424597263336182,0.050000000745058,0.0458676815032959,296.67578125,297.1499938964844,293.1499938964844,0.0,-0.0,291.1912841796875,0.5424597263336182,0.050000000745058,0.048300877213478,296.6585388183594,297.1499938964844,293.1499938964844,0.0,-0.0,291.1912841796875,0.5424597263336182,0.050000000745058,0.0356748662889003,296.6573486328125,297.1499938964844,293.1499938964844,0.0,-0.0,291.1912841796875,0.5424597263336182,0.050000000745058,0.048300877213478,296.8215637207031,297.1499938964844,293.1499938964844,0.0,-0.0,291.1912841796875,0.5424597263336182,0.050000000745058,0.2291185706853866,291.1914367675781,291.1499938964844,286.6949157714844,285.6849670410156,291.2089538574219,296.8173828125,291.1924133300781,1.0,0.1507612317800521,1.0,1.0,0.5598262548446655,1.0,-0.4887296557426452,0.2709431648254394,0.217786505818367,0.1194799691438674,0.0,0.0,0.0,24.999082565307617,25.0,4.998347282409668,-0.0,27.427064895629883,1.0,293.1499938964844,293.1499938964844,293.1499938964844,293.1499938964844,293.1499938964844,293.1499938964844,278.1499938964844,0.0,18000.0,313.1499938964844,0.0,18000.0,0.0,0.0,0.0,0.0,0.0,0.0,0.0,0.0,0.0,0.0,-0.0,-0.0,0.0,0.0,0.0,0.0,0.0,-0.0,0.0,0.0,0.0,0.0,0.0,0.0,0.0,0.0,0.0,4.0,0.0,0.0
11866200,296.71728515625,297.1499938964844,293.1499938964844,0.0,-0.0,291.1912841796875,0.5424597263336182,0.050000000745058,0.0458676815032959,296.67578125,297.1499938964844,293.1499938964844,0.0,-0.0,291.1912841796875,0.5424597263336182,0.050000000745058,0.048300877213478,296.6585388183594,297.1499938964844,293.1499938964844,0.0,-0.0,291.1912841796875,0.5424597263336182,0.050000000745058,0.0356748662889003,296.6573486328125,297.1499938964844,293.1499938964844,0.0,-0.0,291.1912841796875,0.5424597263336182,0.050000000745058,0.048300877213478,296.8215637207031,297.1499938964844,293.1499938964844,0.0,-0.0,291.1912841796875,0.5424597263336182,0.050000000745058,0.2291185706853866,291.1914367675781,291.1499938964844,286.6949157714844,285.6849670410156,291.2089538574219,296.8173828125,291.1924133300781,1.0,0.1507612317800521,1.0,1.0,0.5598262548446655,1.0,-0.4887296557426452,0.2709431648254394,0.217786505818367,0.1194799691438674,0.0,0.0,0.0,24.999082565307617,25.0,4.998347282409668,-0.0,27.427064895629883,1.0,293.1499938964844,293.1499938964844,293.1499938964844,293.1499938964844,293.1499938964844,293.1499938964844,278.1499938964844,0.0,18000.0,313.1499938964844,0.0,18000.0,0.0,0.0,0.0,0.0,0.0,0.0,0.0,0.0,0.0,0.0,-0.0,-0.0,0.0,0.0,0.0,0.0,0.0,-0.0,0.0,0.0,0.0,0.0,0.0,0.0,0.0,0.0,0.0,4.0,0.0,0.0
11866260,296.74664306640625,297.1499938964844,293.1499938964844,0.0,-0.0,291.1956481933594,0.5424653887748718,0.050000000745058,0.0458676405251026,296.7048645019531,297.1499938964844,293.1499938964844,0.0,-0.0,291.1956481933594,0.5424653887748718,0.050000000745058,0.0483008325099945,296.6868591308594,297.1499938964844,293.1499938964844,0.0,-0.0,291.1956481933594,0.5424653887748718,0.050000000745058,0.0356748290359973,296.6860656738281,297.1499938964844,293.1499938964844,0.0,-0.0,291.1956481933594,0.5424653887748718,0.050000000745058,0.0483008325099945,296.8485412597656,297.1499938964844,293.1499938964844,0.0,-0.0,291.1956481933594,0.5424653887748718,0.050000000745058,0.2291183620691299,291.1958923339844,291.1499938964844,286.75067138671875,285.7268371582031,291.2196044921875,296.84393310546875,291.1972045898437,1.0,0.1507617086172104,1.0,1.0,0.556183397769928,1.0,-0.4887292087078094,0.2724982500076294,0.2162309288978576,0.1211193799972534,0.0,0.0,0.0,24.9990234375,25.0,7.050478458404541,-0.0,27.427223205566406,1.0,293.1499938964844,293.1499938964844,293.1499938964844,293.1499938964844,293.1499938964844,293.1499938964844,278.1499938964844,0.0,18000.0,313.1499938964844,0.0,18000.0,0.0,0.0,0.0,0.0,0.0,0.0,0.0,0.0,0.0,0.0,-0.0,-0.0,0.0,0.0,0.0,0.0,0.0,-0.0,0.0,0.0,0.0,0.0,0.0,0.0,0.0,0.0,0.0,4.0,0.0,0.0
11866320,296.74664306640625,297.1499938964844,293.1499938964844,0.0,-0.0,291.1956481933594,0.5424653887748718,0.050000000745058,0.0458676405251026,296.7048645019531,297.1499938964844,293.1499938964844,0.0,-0.0,291.1956481933594,0.5424653887748718,0.050000000745058,0.0483008325099945,296.6868591308594,297.1499938964844,293.1499938964844,0.0,-0.0,291.1956481933594,0.5424653887748718,0.050000000745058,0.0356748290359973,296.6860656738281,297.1499938964844,293.1499938964844,0.0,-0.0,291.1956481933594,0.5424653887748718,0.050000000745058,0.0483008325099945,296.8485412597656,297.1499938964844,293.1499938964844,0.0,-0.0,291.1956481933594,0.5424653887748718,0.050000000745058,0.2291183620691299,291.1958923339844,291.1499938964844,286.75067138671875,285.7268371582031,291.2196044921875,296.84393310546875,291.1972045898437,1.0,0.1507617086172104,1.0,1.0,0.556183397769928,1.0,-0.4887292087078094,0.2724982500076294,0.2162309288978576,0.1211193799972534,0.0,0.0,0.0,24.9990234375,25.0,7.050478458404541,-0.0,27.427223205566406,1.0,293.1499938964844,293.1499938964844,293.1499938964844,293.1499938964844,293.1499938964844,293.1499938964844,278.1499938964844,0.0,18000.0,313.1499938964844,0.0,18000.0,0.0,0.0,0.0,0.0,0.0,0.0,0.0,0.0,0.0,0.0,-0.0,-0.0,0.0,0.0,0.0,0.0,0.0,-0.0,0.0,0.0,0.0,0.0,0.0,0.0,0.0,0.0,0.0,4.0,0.0,0.0
11866380,296.7780456542969,297.1499938964844,293.1499938964844,0.0,-0.0,291.201416015625,0.5424716472625732,0.050000000745058,0.0458675920963287,296.73614501953125,297.1499938964844,293.1499938964844,0.0,-0.0,291.201416015625,0.5424716472625732,0.050000000745058,0.0483007803559303,296.7174072265625,297.1499938964844,293.1499938964844,0.0,-0.0,291.201416015625,0.5424716472625732,0.050000000745058,0.0356747917830944,296.7169494628906,297.1499938964844,293.1499938964844,0.0,-0.0,291.201416015625,0.5424716472625732,0.050000000745058,0.0483007803559303,296.8779296875,297.1499938964844,293.1499938964844,0.0,-0.0,291.201416015625,0.5424716472625732,0.050000000745058,0.2291181087493896,291.20172119140625,291.1499938964844,286.8082275390625,285.7705383300781,291.2318420410156,296.8729553222656,291.203369140625,1.0,0.1507622003555297,1.0,1.0,0.5525406002998352,1.0,-0.4887286722660064,0.2740820348262787,0.2146466523408889,0.1228004395961761,0.0,0.0,0.0,24.99897193908692,25.0,9.111701011657717,-0.0,27.42738914489746,1.0,293.1499938964844,293.1499938964844,293.1499938964844,293.1499938964844,293.1499938964844,293.1499938964844,278.1499938964844,0.0,18000.0,313.1499938964844,0.0,18000.0,0.0,0.0,0.0,0.0,0.0,0.0,0.0,0.0,0.0,0.0,-0.0,-0.0,0.0,0.0,0.0,0.0,0.0,-0.0,0.0,0.0,0.0,0.0,0.0,0.0,0.0,0.0,0.0,4.0,0.0,0.0
11866440,296.7780456542969,297.1499938964844,293.1499938964844,0.0,-0.0,291.201416015625,0.5424716472625732,0.050000000745058,0.0458675920963287,296.73614501953125,297.1499938964844,293.1499938964844,0.0,-0.0,291.201416015625,0.5424716472625732,0.050000000745058,0.0483007803559303,296.7174072265625,297.1499938964844,293.1499938964844,0.0,-0.0,291.201416015625,0.5424716472625732,0.050000000745058,0.0356747917830944,296.7169494628906,297.1499938964844,293.1499938964844,0.0,-0.0,291.201416015625,0.5424716472625732,0.050000000745058,0.0483007803559303,296.8779296875,297.1499938964844,293.1499938964844,0.0,-0.0,291.201416015625,0.5424716472625732,0.050000000745058,0.2291181087493896,291.20172119140625,291.1499938964844,286.8082275390625,285.7705383300781,291.2318420410156,296.8729553222656,291.203369140625,1.0,0.1507622003555297,1.0,1.0,0.5525406002998352,1.0,-0.4887286722660064,0.2740820348262787,0.2146466523408889,0.1228004395961761,0.0,0.0,0.0,24.99897193908692,25.0,9.111701011657717,-0.0,27.42738914489746,1.0,293.1499938964844,293.1499938964844,293.1499938964844,293.1499938964844,293.1499938964844,293.1499938964844,278.1499938964844,0.0,18000.0,313.1499938964844,0.0,18000.0,0.0,0.0,0.0,0.0,0.0,0.0,0.0,0.0,0.0,0.0,-0.0,-0.0,0.0,0.0,0.0,0.0,0.0,-0.0,0.0,0.0,0.0,0.0,0.0,0.0,0.0,0.0,0.0,4.0,0.0,0.0
11866500,296.7944641113281,297.1499938964844,293.1499938964844,0.0,-0.0,291.204833984375,0.5424749851226807,0.050000000745058,0.0458675660192966,296.7525329589844,297.1499938964844,293.1499938964844,0.0,-0.0,291.204833984375,0.5424749851226807,0.050000000745058,0.0483007542788982,296.73345947265625,297.1499938964844,293.1499938964844,0.0,-0.0,291.204833984375,0.5424749851226807,0.050000000745058,0.0356747731566429,296.7331848144531,297.1499938964844,293.1499938964844,0.0,-0.0,291.204833984375,0.5424749851226807,0.050000000745058,0.0483007542788982,296.8934936523437,297.1499938964844,293.1499938964844,0.0,-0.0,291.204833984375,0.5424749851226807,0.050000000745058,0.2291179895401001,291.2051696777344,291.1499938964844,286.83758544921875,285.79302978515625,291.238525390625,296.8883056640625,291.20703125,1.0,0.1507624685764312,1.0,1.0,0.550719141960144,1.0,-0.488728404045105,0.2748841345310211,0.2138442695140838,0.1236561983823776,0.0,0.0,0.0,24.99894905090332,25.0,10.157349586486816,-0.0,27.427474975585938,1.0,293.1499938964844,293.1499938964844,293.1499938964844,293.1499938964844,293.1499938964844,293.1499938964844,278.1499938964844,0.0,18000.0,313.1499938964844,0.0,18000.0,0.0,0.0,0.0,0.0,0.0,0.0,0.0,0.0,0.0,0.0,-0.0,-0.0,0.0,0.0,0.0,0.0,0.0,-0.0,0.0,0.0,0.0,0.0,0.0,0.0,0.0,0.0,0.0,4.0,0.0,0.0
11866560,296.8113098144531,297.1499938964844,293.1499938964844,0.0,-0.0,291.2086181640625,0.542478621006012,0.050000000745058,0.0458675362169742,296.7693786621094,297.1499938964844,293.1499938964844,0.0,-0.0,291.2086181640625,0.542478621006012,0.050000000745058,0.0483007244765758,296.7499389648437,297.1499938964844,293.1499938964844,0.0,-0.0,291.2086181640625,0.542478621006012,0.050000000745058,0.0356747508049011,296.7498474121094,297.1499938964844,293.1499938964844,0.0,-0.0,291.2086181640625,0.542478621006012,0.050000000745058,0.0483007244765758,296.9095153808594,297.1499938964844,293.1499938964844,0.0,-0.0,291.2086181640625,0.542478621006012,0.050000000745058,0.2291178405284881,291.208984375,291.1499938964844,286.8673400878906,285.81591796875,291.2444152832031,296.9041748046875,291.21099853515625,1.0,0.1507627367973327,1.0,1.0,0.5487252473831177,1.0,-0.4887281060218811,0.2757664322853088,0.2129616737365722,0.1245952099561691,0.0,0.0,0.0,24.99891471862793,25.0,11.03286838531494,-0.0,27.427562713623047,1.0,293.1499938964844,293.1499938964844,293.1499938964844,293.1499938964844,293.1499938964844,293.1499938964844,278.1499938964844,0.0,18000.0,313.1499938964844,0.0,18000.0,0.0,0.0,0.0,0.0,0.0,0.0,0.0,0.0,0.0,0.0,-0.0,-0.0,0.0,0.0,0.0,0.0,0.0,-0.0,0.0,0.0,0.0,0.0,0.0,0.0,0.0,0.0,0.0,4.0,0.0,0.0
11866620,296.8463134765625,297.1499938964844,293.1499938964844,0.0,-0.0,291.21685791015625,0.5424863696098328,0.050000000745058,0.0458674766123294,296.80450439453125,297.1499938964844,293.1499938964844,0.0,-0.0,291.21685791015625,0.5424863696098328,0.050000000745058,0.0483006611466407,296.7843933105469,297.1499938964844,293.1499938964844,0.0,-0.0,291.21685791015625,0.5424863696098328,0.050000000745058,0.0356747061014175,296.7846374511719,297.1499938964844,293.1499938964844,0.0,-0.0,291.21685791015625,0.5424863696098328,0.050000000745058,0.0483006611466407,296.94317626953125,297.1499938964844,293.1499938964844,0.0,-0.0,291.21685791015625,0.5424863696098328,0.050000000745058,0.2291175425052642,291.21728515625,291.1499938964844,286.92779541015625,285.8627319335937,291.2561340332031,296.9375,291.219482421875,1.0,0.1507633030414581,1.0,1.0,0.5447373986244202,1.0,-0.4887274801731109,0.2775659561157226,0.2111615389585495,0.1265182346105575,0.0,0.0,0.0,24.998851776123047,25.0,12.25567626953125,-0.0,27.4277458190918,1.0,293.1499938964844,293.1499938964844,293.1499938964844,293.1499938964844,293.1499938964844,293.1499938964844,278.1499938964844,0.0,18000.0,313.1499938964844,0.0,18000.0,0.0,0.0,0.0,0.0,0.0,0.0,0.0,0.0,0.0,0.0,-0.0,-0.0,0.0,0.0,0.0,0.0,0.0,-0.0,0.0,0.0,0.0,0.0,0.0,0.0,0.0,0.0,0.0,4.0,0.0,0.0
11866680,296.8463134765625,297.1499938964844,293.1499938964844,0.0,-0.0,291.21685791015625,0.5424863696098328,0.050000000745058,0.0458674766123294,296.80450439453125,297.1499938964844,293.1499938964844,0.0,-0.0,291.21685791015625,0.5424863696098328,0.050000000745058,0.0483006611466407,296.7843933105469,297.1499938964844,293.1499938964844,0.0,-0.0,291.21685791015625,0.5424863696098328,0.050000000745058,0.0356747061014175,296.7846374511719,297.1499938964844,293.1499938964844,0.0,-0.0,291.21685791015625,0.5424863696098328,0.050000000745058,0.0483006611466407,296.94317626953125,297.1499938964844,293.1499938964844,0.0,-0.0,291.21685791015625,0.5424863696098328,0.050000000745058,0.2291175425052642,291.21728515625,291.1499938964844,286.92779541015625,285.8627319335937,291.2561340332031,296.9375,291.219482421875,1.0,0.1507633030414581,1.0,1.0,0.5447373986244202,1.0,-0.4887274801731109,0.2775659561157226,0.2111615389585495,0.1265182346105575,0.0,0.0,0.0,24.998851776123047,25.0,12.25567626953125,-0.0,27.4277458190918,1.0,293.1499938964844,293.1499938964844,293.1499938964844,293.1499938964844,293.1499938964844,293.1499938964844,278.1499938964844,0.0,18000.0,313.1499938964844,0.0,18000.0,0.0,0.0,0.0,0.0,0.0,0.0,0.0,0.0,0.0,0.0,-0.0,-0.0,0.0,0.0,0.0,0.0,0.0,-0.0,0.0,0.0,0.0,0.0,0.0,0.0,0.0,0.0,0.0,4.0,0.0,0.0
11866740,296.8829650878906,297.1499938964844,293.1499938964844,0.0,-0.0,291.22589111328125,0.5424947738647461,0.050000000745058,0.0458674132823944,296.84149169921875,297.1499938964844,293.1499938964844,0.0,-0.0,291.22589111328125,0.5424947738647461,0.050000000745058,0.0483005940914154,296.8208312988281,297.1499938964844,293.1499938964844,0.0,-0.0,291.22589111328125,0.5424947738647461,0.050000000745058,0.0356746539473533,296.82135009765625,297.1499938964844,293.1499938964844,0.0,-0.0,291.22589111328125,0.5424947738647461,0.050000000745058,0.0483005940914154,296.9789733886719,297.1499938964844,293.1499938964844,0.0,-0.0,291.22589111328125,0.5424947738647461,0.050000000745058,0.2291172295808792,291.2263488769531,291.1499938964844,286.98944091796875,285.9108581542969,291.2689819335937,296.9729309082031,291.2287902832031,1.0,0.1507638841867447,1.0,1.0,0.5407496094703674,1.0,-0.488726794719696,0.2793986201286316,0.2093281894922256,0.1284877508878708,0.0,0.0,0.0,24.998798370361328,25.0,13.461163520812988,-0.0,27.427934646606445,1.0,293.1499938964844,293.1499938964844,293.1499938964844,293.1499938964844,293.1499938964844,293.1499938964844,278.1499938964844,0.0,18000.0,313.1499938964844,0.0,18000.0,0.0,0.0,0.0,0.0,0.0,0.0,0.0,0.0,0.0,0.0,-0.0,-0.0,0.0,0.0,0.0,0.0,0.0,-0.0,0.0,0.0,0.0,0.0,0.0,0.0,0.0,0.0,0.0,4.0,0.0,0.0
11866800,296.8829650878906,297.1499938964844,293.1499938964844,0.0,-0.0,291.22589111328125,0.5424947738647461,0.050000000745058,0.0458674132823944,296.84149169921875,297.1499938964844,293.1499938964844,0.0,-0.0,291.22589111328125,0.5424947738647461,0.050000000745058,0.0483005940914154,296.8208312988281,297.1499938964844,293.1499938964844,0.0,-0.0,291.22589111328125,0.5424947738647461,0.050000000745058,0.0356746539473533,296.82135009765625,297.1499938964844,293.1499938964844,0.0,-0.0,291.22589111328125,0.5424947738647461,0.050000000745058,0.0483005940914154,296.9789733886719,297.1499938964844,293.1499938964844,0.0,-0.0,291.22589111328125,0.5424947738647461,0.050000000745058,0.2291172295808792,291.2263488769531,291.1499938964844,286.98944091796875,285.9108581542969,291.2689819335937,296.9729309082031,291.2287902832031,1.0,0.1507638841867447,1.0,1.0,0.5407496094703674,1.0,-0.488726794719696,0.2793986201286316,0.2093281894922256,0.1284877508878708,0.0,0.0,0.0,24.998798370361328,25.0,13.461163520812988,-0.0,27.427934646606445,1.0,293.1499938964844,293.1499938964844,293.1499938964844,293.1499938964844,293.1499938964844,293.1499938964844,278.1499938964844,0.0,18000.0,313.1499938964844,0.0,18000.0,0.0,0.0,0.0,0.0,0.0,0.0,0.0,0.0,0.0,0.0,-0.0,-0.0,0.0,0.0,0.0,0.0,0.0,-0.0,0.0,0.0,0.0,0.0,0.0,0.0,0.0,0.0,0.0,4.0,0.0,0.0
11866860,296.9214172363281,297.1499938964844,293.1499938964844,0.0,-0.0,291.23565673828125,0.5425041317939758,0.050000000745058,0.0458673387765884,296.8805847167969,297.1499938964844,293.1499938964844,0.0,-0.0,291.23565673828125,0.5425041317939758,0.050000000745058,0.0483005158603191,296.85943603515625,297.1499938964844,293.1499938964844,0.0,-0.0,291.23565673828125,0.5425041317939758,0.050000000745058,0.0356745980679988,296.8601989746094,297.1499938964844,293.1499938964844,0.0,-0.0,291.23565673828125,0.5425041317939758,0.050000000745058,0.0483005158603191,297.01708984375,297.1499938964844,293.1499938964844,0.0,-0.0,291.23565673828125,0.5425041317939758,0.050000000745058,0.2291168570518493,291.2361145019531,291.1499938964844,287.05206298828125,285.9600830078125,291.278076171875,297.0106506347656,291.23858642578125,1.0,0.1507645100355148,1.0,1.0,0.5361860990524292,1.0,-0.4887260496616363,0.2815333008766174,0.2071927487850189,0.1307709366083145,0.0,0.0,0.0,24.99870681762696,25.0,13.739665985107422,-0.0,27.428136825561523,1.0,293.1499938964844,293.1499938964844,293.1499938964844,293.1499938964844,293.1499938964844,293.1499938964844,278.1499938964844,0.0,18000.0,313.1499938964844,0.0,18000.0,0.0,0.0,0.0,0.0,0.0,0.0,0.0,0.0,0.0,0.0,-0.0,-0.0,0.0,0.0,0.0,0.0,0.0,-0.0,0.0,0.0,0.0,0.0,0.0,0.0,0.0,0.0,0.0,4.0,0.0,0.0
11866920,296.9214172363281,297.1499938964844,293.1499938964844,0.0,-0.0,291.23565673828125,0.5425041317939758,0.050000000745058,0.0458673387765884,296.8805847167969,297.1499938964844,293.1499938964844,0.0,-0.0,291.23565673828125,0.5425041317939758,0.050000000745058,0.0483005158603191,296.85943603515625,297.1499938964844,293.1499938964844,0.0,-0.0,291.23565673828125,0.5425041317939758,0.050000000745058,0.0356745980679988,296.8601989746094,297.1499938964844,293.1499938964844,0.0,-0.0,291.23565673828125,0.5425041317939758,0.050000000745058,0.0483005158603191,297.01708984375,297.1499938964844,293.1499938964844,0.0,-0.0,291.23565673828125,0.5425041317939758,0.050000000745058,0.2291168570518493,291.2361145019531,291.1499938964844,287.05206298828125,285.9600830078125,291.278076171875,297.0106506347656,291.23858642578125,1.0,0.1507645100355148,1.0,1.0,0.5361860990524292,1.0,-0.4887260496616363,0.2815333008766174,0.2071927487850189,0.1307709366083145,0.0,0.0,0.0,24.99870681762696,25.0,13.739665985107422,-0.0,27.428136825561523,1.0,293.1499938964844,293.1499938964844,293.1499938964844,293.1499938964844,293.1499938964844,293.1499938964844,278.1499938964844,0.0,18000.0,313.1499938964844,0.0,18000.0,0.0,0.0,0.0,0.0,0.0,0.0,0.0,0.0,0.0,0.0,-0.0,-0.0,0.0,0.0,0.0,0.0,0.0,-0.0,0.0,0.0,0.0,0.0,0.0,0.0,0.0,0.0,0.0,4.0,0.0,0.0
11866980,296.9619140625,297.1499938964844,293.1499938964844,0.0,-0.0,291.2452087402344,0.5425140857696533,0.050000000745058,0.0458672642707824,296.9219665527344,297.1499938964844,293.1499938964844,0.0,-0.0,291.2452087402344,0.5425140857696533,0.050000000745058,0.0483004376292228,296.90020751953125,297.1499938964844,293.1499938964844,0.0,-0.0,291.2452087402344,0.5425140857696533,0.050000000745058,0.0356745384633541,296.9013061523437,297.1499938964844,293.1499938964844,0.0,-0.0,291.2452087402344,0.5425140857696533,0.050000000745058,0.0483004376292228,297.0580749511719,297.1499938964844,293.1499938964844,0.0,-0.0,291.2452087402344,0.5425140857696533,0.050000000745058,0.2291164696216583,291.2456970214844,291.1499938964844,287.11541748046875,286.0101928710937,291.2872619628906,297.0511169433594,291.2480773925781,1.0,0.1507651805877685,1.0,1.0,0.531622588634491,1.0,-0.4887252449989319,0.2837208211421966,0.205004408955574,0.1331187784671783,0.0,0.0,0.0,24.99862670898437,25.0,13.548247337341309,-0.0,27.42835235595703,1.0,293.1499938964844,293.1499938964844,293.1499938964844,293.1499938964844,293.1499938964844,293.1499938964844,278.1499938964844,0.0,18000.0,313.1499938964844,0.0,18000.0,0.0,0.0,0.0,0.0,0.0,0.0,0.0,0.0,0.0,0.0,-0.0,-0.0,0.0,0.0,0.0,0.0,0.0,-0.0,0.0,0.0,0.0,0.0,0.0,0.0,0.0,0.0,0.0,4.0,0.0,0.0
11867040,296.9619140625,297.1499938964844,293.1499938964844,0.0,-0.0,291.2452087402344,0.5425140857696533,0.050000000745058,0.0458672642707824,296.9219665527344,297.1499938964844,293.1499938964844,0.0,-0.0,291.2452087402344,0.5425140857696533,0.050000000745058,0.0483004376292228,296.90020751953125,297.1499938964844,293.1499938964844,0.0,-0.0,291.2452087402344,0.5425140857696533,0.050000000745058,0.0356745384633541,296.9013061523437,297.1499938964844,293.1499938964844,0.0,-0.0,291.2452087402344,0.5425140857696533,0.050000000745058,0.0483004376292228,297.0580749511719,297.1499938964844,293.1499938964844,0.0,-0.0,291.2452087402344,0.5425140857696533,0.050000000745058,0.2291164696216583,291.2456970214844,291.1499938964844,287.11541748046875,286.0101928710937,291.2872619628906,297.0511169433594,291.2480773925781,1.0,0.1507651805877685,1.0,1.0,0.531622588634491,1.0,-0.4887252449989319,0.2837208211421966,0.205004408955574,0.1331187784671783,0.0,0.0,0.0,24.99862670898437,25.0,13.548247337341309,-0.0,27.42835235595703,1.0,293.1499938964844,293.1499938964844,293.1499938964844,293.1499938964844,293.1499938964844,293.1499938964844,278.1499938964844,0.0,18000.0,313.1499938964844,0.0,18000.0,0.0,0.0,0.0,0.0,0.0,0.0,0.0,0.0,0.0,0.0,-0.0,-0.0,0.0,0.0,0.0,0.0,0.0,-0.0,0.0,0.0,0.0,0.0,0.0,0.0,0.0,0.0,0.0,4.0,0.0,0.0
11867100,296.9830017089844,297.1499938964844,293.1499938964844,0.0,-0.0,291.25,0.5425192713737488,0.050000000745058,0.0458672232925891,296.9433898925781,297.1499938964844,293.1499938964844,0.0,-0.0,291.25,0.5425192713737488,0.050000000745058,0.0483003966510295,296.9213256835937,297.1499938964844,293.1499938964844,0.0,-0.0,291.25,0.5425192713737488,0.050000000745058,0.0356745086610317,296.92254638671875,297.1499938964844,293.1499938964844,0.0,-0.0,291.25,0.5425192713737488,0.050000000745058,0.0483003966510295,297.0799560546875,297.1499938964844,293.1499938964844,0.0,-0.0,291.25,0.5425192713737488,0.050000000745058,0.2291162759065628,291.2504577636719,291.1499938964844,287.1473083496094,286.0355224609375,291.29229736328125,297.0726623535156,291.2528686523437,1.0,0.1507655382156372,1.0,1.0,0.5293408632278442,1.0,-0.488724797964096,0.2848310768604278,0.2038937211036682,0.1343132406473159,0.0,0.0,0.0,24.99859046936035,25.0,13.573116302490234,-0.0,27.428464889526367,1.0,293.1499938964844,293.1499938964844,293.1499938964844,293.1499938964844,293.1499938964844,293.1499938964844,278.1499938964844,0.0,18000.0,313.1499938964844,0.0,18000.0,0.0,0.0,0.0,0.0,0.0,0.0,0.0,0.0,0.0,0.0,-0.0,-0.0,0.0,0.0,0.0,0.0,0.0,-0.0,0.0,0.0,0.0,0.0,0.0,0.0,0.0,0.0,0.0,4.0,0.0,0.0
11867160,297.0045471191406,297.1499938964844,293.1499938964844,0.0,-0.0,291.2547912597656,0.5425247550010681,0.050000000745058,0.0458671823143959,296.9652404785156,297.1499938964844,293.1499938964844,0.0,-0.0,291.2547912597656,0.5425247550010681,0.050000000745058,0.0483003482222557,296.9429931640625,297.1499938964844,293.1499938964844,0.0,-0.0,291.2547912597656,0.5425247550010681,0.050000000745058,0.035674475133419,296.9442749023437,297.1499938964844,293.1499938964844,0.0,-0.0,291.2547912597656,0.5425247550010681,0.050000000745058,0.0483003482222557,297.1029968261719,297.1499938964844,293.1499938964844,0.0,-0.0,291.2547912597656,0.5425247550010681,0.050000000745058,0.2291160672903061,291.2552795410156,291.1499938964844,287.1792907714844,286.06103515625,291.2953796386719,297.0953063964844,291.2576599121094,1.0,0.1507658958435058,1.0,1.0,0.5267345309257507,1.0,-0.4887243509292602,0.2861053645610809,0.2026189863681793,0.1356734931468963,0.0,0.0,0.0,24.9985294342041,25.0,13.345319747924805,-0.0,27.42858123779297,1.0,293.1499938964844,293.1499938964844,293.1499938964844,293.1499938964844,293.1499938964844,293.1499938964844,278.1499938964844,0.0,18000.0,313.1499938964844,0.0,18000.0,0.0,0.0,0.0,0.0,0.0,0.0,0.0,0.0,0.0,0.0,-0.0,-0.0,0.0,0.0,0.0,0.0,0.0,-0.0,0.0,0.0,0.0,0.0,0.0,0.0,0.0,0.0,0.0,4.0,0.0,0.0
11867220,297.0489501953125,297.1499938964844,293.1499938964844,0.0,-0.0,291.26385498046875,0.5425360798835754,0.050000000745058,0.0458670929074287,297.01043701171875,297.1499938964844,293.1499938964844,0.0,-0.0,291.26385498046875,0.5425360798835754,0.050000000745058,0.0483002588152885,296.98797607421875,297.1499938964844,293.1499938964844,0.0,-0.0,291.26385498046875,0.5425360798835754,0.050000000745058,0.0356744043529033,296.9892578125,297.1499938964844,293.1499938964844,0.0,-0.0,291.26385498046875,0.5425360798835754,0.050000000745058,0.0483002588152885,297.1509094238281,297.1499938964844,293.1499938964844,0.0,-0.0,291.26385498046875,0.5425360798835754,0.050000000745058,0.2291156351566314,291.2642822265625,291.1499938964844,287.2435302734375,286.1123962402344,291.2998352050781,297.1429138183594,291.2663879394531,1.0,0.1507666707038879,1.0,1.0,0.5215218663215637,1.0,-0.4887234270572662,0.288717657327652,0.2000057697296142,0.1384639889001846,0.0,0.0,0.0,24.99841690063477,25.0,12.011164665222168,-0.0,27.428831100463867,1.0,293.1499938964844,293.1499938964844,293.1499938964844,293.1499938964844,293.1499938964844,293.1499938964844,278.1499938964844,0.0,18000.0,313.1499938964844,0.0,18000.0,0.0,0.0,0.0,0.0,0.0,0.0,0.0,0.0,0.0,0.0,-0.0,-0.0,0.0,0.0,0.0,0.0,0.0,-0.0,0.0,0.0,0.0,0.0,0.0,0.0,0.0,0.0,0.0,4.0,0.0,0.0
11867280,297.0489501953125,297.1499938964844,293.1499938964844,0.0,-0.0,291.26385498046875,0.5425360798835754,0.050000000745058,0.0458670929074287,297.01043701171875,297.1499938964844,293.1499938964844,0.0,-0.0,291.26385498046875,0.5425360798835754,0.050000000745058,0.0483002588152885,296.98797607421875,297.1499938964844,293.1499938964844,0.0,-0.0,291.26385498046875,0.5425360798835754,0.050000000745058,0.0356744043529033,296.9892578125,297.1499938964844,293.1499938964844,0.0,-0.0,291.26385498046875,0.5425360798835754,0.050000000745058,0.0483002588152885,297.1509094238281,297.1499938964844,293.1499938964844,0.0,-0.0,291.26385498046875,0.5425360798835754,0.050000000745058,0.2291156351566314,291.2642822265625,291.1499938964844,287.2435302734375,286.1123962402344,291.2998352050781,297.1429138183594,291.2663879394531,1.0,0.1507666707038879,1.0,1.0,0.5215218663215637,1.0,-0.4887234270572662,0.288717657327652,0.2000057697296142,0.1384639889001846,0.0,0.0,0.0,24.99841690063477,25.0,12.011164665222168,-0.0,27.428831100463867,1.0,293.1499938964844,293.1499938964844,293.1499938964844,293.1499938964844,293.1499938964844,293.1499938964844,278.1499938964844,0.0,18000.0,313.1499938964844,0.0,18000.0,0.0,0.0,0.0,0.0,0.0,0.0,0.0,0.0,0.0,0.0,-0.0,-0.0,0.0,0.0,0.0,0.0,0.0,-0.0,0.0,0.0,0.0,0.0,0.0,0.0,0.0,0.0,0.0,4.0,0.0,0.0
11867340,297.0946960449219,297.1499938964844,293.1499938964844,0.0,-0.0,291.2718811035156,0.5425477623939514,0.050000000745058,0.0458670035004615,297.0573425292969,297.1499938964844,293.1499938964844,0.0,-0.0,291.2718811035156,0.5425477623939514,0.050000000745058,0.0483001619577407,297.0350341796875,297.1499938964844,293.1499938964844,0.0,-0.0,291.2718811035156,0.5425477623939514,0.050000000745058,0.0356743372976779,297.0361633300781,297.1499938964844,293.1499938964844,0.0,-0.0,291.2718811035156,0.5425477623939514,0.050000000745058,0.0483001619577407,297.1994934082031,297.1499938964844,293.1499938964844,0.0,-0.0,291.2718811035156,0.5425477623939514,0.050000000745058,0.2291151732206344,291.2722473144531,291.1499938964844,287.30792236328125,286.16412353515625,291.3038024902344,297.19146728515625,291.274169921875,1.0,0.1507674902677536,1.0,1.0,0.5163091421127319,1.0,-0.4887225031852722,0.2913869321346283,0.1973355710506439,0.1413181275129318,0.0,0.0,0.0,24.998315811157227,25.0,10.6820650100708,-0.0,27.429096221923828,1.0,293.1499938964844,293.1499938964844,293.1499938964844,293.1499938964844,293.1499938964844,293.1499938964844,278.1499938964844,0.0,18000.0,313.1499938964844,0.0,18000.0,0.0,0.0,0.0,0.0,0.0,0.0,0.0,0.0,0.0,0.0,-0.0,-0.0,0.0,0.0,0.0,0.0,0.0,-0.0,0.0,0.0,0.0,0.0,0.0,0.0,0.0,0.0,0.0,4.0,0.0,0.0
11867400,297.0946960449219,297.1499938964844,293.1499938964844,0.0,-0.0,291.2718811035156,0.5425477623939514,0.050000000745058,0.0458670035004615,297.0573425292969,297.1499938964844,293.1499938964844,0.0,-0.0,291.2718811035156,0.5425477623939514,0.050000000745058,0.0483001619577407,297.0350341796875,297.1499938964844,293.1499938964844,0.0,-0.0,291.2718811035156,0.5425477623939514,0.050000000745058,0.0356743372976779,297.0361633300781,297.1499938964844,293.1499938964844,0.0,-0.0,291.2718811035156,0.5425477623939514,0.050000000745058,0.0483001619577407,297.1994934082031,297.1499938964844,293.1499938964844,0.0,-0.0,291.2718811035156,0.5425477623939514,0.050000000745058,0.2291151732206344,291.2722473144531,291.1499938964844,287.30792236328125,286.16412353515625,291.3038024902344,297.19146728515625,291.274169921875,1.0,0.1507674902677536,1.0,1.0,0.5163091421127319,1.0,-0.4887225031852722,0.2913869321346283,0.1973355710506439,0.1413181275129318,0.0,0.0,0.0,24.998315811157227,25.0,10.6820650100708,-0.0,27.429096221923828,1.0,293.1499938964844,293.1499938964844,293.1499938964844,293.1499938964844,293.1499938964844,293.1499938964844,278.1499938964844,0.0,18000.0,313.1499938964844,0.0,18000.0,0.0,0.0,0.0,0.0,0.0,0.0,0.0,0.0,0.0,0.0,-0.0,-0.0,0.0,0.0,0.0,0.0,0.0,-0.0,0.0,0.0,0.0,0.0,0.0,0.0,0.0,0.0,0.0,4.0,0.0,0.0
11867460,297.1413269042969,297.1499938964844,293.1499938964844,0.0,-0.0,291.2788391113281,0.5425600409507751,0.050000000745058,0.0458669066429138,297.10601806640625,297.1499938964844,293.1499938964844,0.0,-0.0,291.2788391113281,0.5425600409507751,0.050000000745058,0.048300065100193,297.0839233398437,297.1499938964844,293.1499938964844,0.0,-0.0,291.2788391113281,0.5425600409507751,0.050000000745058,0.035674262791872,297.0851135253906,297.1499938964844,293.1499938964844,0.0,-0.0,291.2788391113281,0.5425600409507751,0.050000000745058,0.048300065100193,297.24786376953125,297.1499938964844,293.1499938964844,0.0,-0.0,291.2788391113281,0.5425600409507751,0.050000000745058,0.2291147112846374,291.2791442871094,291.1499938964844,287.3722229003906,286.2159729003906,291.3014221191406,297.2398986816406,291.28057861328125,1.0,0.1507683843374252,1.0,1.0,0.5105264186859131,1.0,-0.488721489906311,0.294408917427063,0.194312572479248,0.1445281356573104,0.0,0.0,0.0,24.99817657470703,25.0,8.235872268676758,-0.0,27.429386138916016,1.0,293.1499938964844,293.1499938964844,293.1499938964844,293.1499938964844,293.1499938964844,293.1499938964844,278.1499938964844,0.0,18000.0,313.1499938964844,0.0,18000.0,0.0,0.0,0.0,0.0,0.0,0.0,0.0,0.0,0.0,0.0,-0.0,-0.0,0.0,0.0,0.0,0.0,0.0,-0.0,0.0,0.0,0.0,0.0,0.0,0.0,0.0,0.0,0.0,4.0,0.0,0.0
11867520,297.1413269042969,297.1499938964844,293.1499938964844,0.0,-0.0,291.2788391113281,0.5425600409507751,0.050000000745058,0.0458669066429138,297.10601806640625,297.1499938964844,293.1499938964844,0.0,-0.0,291.2788391113281,0.5425600409507751,0.050000000745058,0.048300065100193,297.0839233398437,297.1499938964844,293.1499938964844,0.0,-0.0,291.2788391113281,0.5425600409507751,0.050000000745058,0.035674262791872,297.0851135253906,297.1499938964844,293.1499938964844,0.0,-0.0,291.2788391113281,0.5425600409507751,0.050000000745058,0.048300065100193,297.24786376953125,297.1499938964844,293.1499938964844,0.0,-0.0,291.2788391113281,0.5425600409507751,0.050000000745058,0.2291147112846374,291.2791442871094,291.1499938964844,287.3722229003906,286.2159729003906,291.3014221191406,297.2398986816406,291.28057861328125,1.0,0.1507683843374252,1.0,1.0,0.5105264186859131,1.0,-0.488721489906311,0.294408917427063,0.194312572479248,0.1445281356573104,0.0,0.0,0.0,24.99817657470703,25.0,8.235872268676758,-0.0,27.429386138916016,1.0,293.1499938964844,293.1499938964844,293.1499938964844,293.1499938964844,293.1499938964844,293.1499938964844,278.1499938964844,0.0,18000.0,313.1499938964844,0.0,18000.0,0.0,0.0,0.0,0.0,0.0,0.0,0.0,0.0,0.0,0.0,-0.0,-0.0,0.0,0.0,0.0,0.0,0.0,-0.0,0.0,0.0,0.0,0.0,0.0,0.0,0.0,0.0,0.0,4.0,0.0,0.0
11867580,297.1885070800781,297.1499938964844,293.1499938964844,0.0,-0.0,291.2835998535156,0.5425724387168884,0.050000000745058,0.0458668135106563,297.1560974121094,297.1499938964844,293.1499938964844,0.0,-0.0,291.2835998535156,0.5425724387168884,0.050000000745058,0.0482999607920646,297.13311767578125,297.1499938964844,293.1499938964844,0.0,-0.0,291.2835998535156,0.5425724387168884,0.050000000745058,0.035674188286066,297.1346130371094,297.1499938964844,293.1499938964844,0.0,-0.0,291.2835998535156,0.5425724387168884,0.050000000745058,0.0482999607920646,297.2954406738281,297.1499938964844,293.1499938964844,0.0,-0.0,291.2835998535156,0.5425724387168884,0.050000000745058,0.2291142344474792,291.2837829589844,291.1499938964844,287.4362487792969,286.267822265625,291.2965393066406,297.28765869140625,291.28466796875,1.0,0.1507693380117416,1.0,1.0,0.5047436952590942,1.0,-0.4887204766273498,0.2975082397460937,0.1912122517824173,0.1478172391653061,0.0,0.0,0.0,24.998050689697266,25.0,5.1453537940979,-0.0,27.429697036743164,1.0,293.1499938964844,293.1499938964844,293.1499938964844,293.1499938964844,293.1499938964844,293.1499938964844,278.1499938964844,0.0,18000.0,313.1499938964844,0.0,18000.0,0.0,0.0,0.0,0.0,0.0,0.0,0.0,0.0,0.0,0.0,-0.0,-0.0,0.0,0.0,0.0,0.0,0.0,-0.0,0.0,0.0,0.0,0.0,0.0,0.0,0.0,0.0,0.0,4.0,0.0,0.0
11867640,297.1885070800781,297.1499938964844,293.1499938964844,0.0,-0.0,291.2835998535156,0.5425724387168884,0.050000000745058,0.0458668135106563,297.1560974121094,297.1499938964844,293.1499938964844,0.0,-0.0,291.2835998535156,0.5425724387168884,0.050000000745058,0.0482999607920646,297.13311767578125,297.1499938964844,293.1499938964844,0.0,-0.0,291.2835998535156,0.5425724387168884,0.050000000745058,0.035674188286066,297.1346130371094,297.1499938964844,293.1499938964844,0.0,-0.0,291.2835998535156,0.5425724387168884,0.050000000745058,0.0482999607920646,297.2954406738281,297.1499938964844,293.1499938964844,0.0,-0.0,291.2835998535156,0.5425724387168884,0.050000000745058,0.2291142344474792,291.2837829589844,291.1499938964844,287.4362487792969,286.267822265625,291.2965393066406,297.28765869140625,291.28466796875,1.0,0.1507693380117416,1.0,1.0,0.5047436952590942,1.0,-0.4887204766273498,0.2975082397460937,0.1912122517824173,0.1478172391653061,0.0,0.0,0.0,24.998050689697266,25.0,5.1453537940979,-0.0,27.429697036743164,1.0,293.1499938964844,293.1499938964844,293.1499938964844,293.1499938964844,293.1499938964844,293.1499938964844,278.1499938964844,0.0,18000.0,313.1499938964844,0.0,18000.0,0.0,0.0,0.0,0.0,0.0,0.0,0.0,0.0,0.0,0.0,-0.0,-0.0,0.0,0.0,0.0,0.0,0.0,-0.0,0.0,0.0,0.0,0.0,0.0,0.0,0.0,0.0,0.0,4.0,0.0,0.0
11867700,297.21221923828125,297.1499938964844,293.1499938964844,0.0,-0.0,291.28515625,0.5425786375999451,0.050000000745058,0.0458667650818824,297.1811218261719,297.1499938964844,293.1499938964844,0.0,-0.0,291.28515625,0.5425786375999451,0.050000000745058,0.0482999123632907,297.1574401855469,297.1499938964844,293.1499938964844,0.0,-0.0,291.28515625,0.5425786375999451,0.050000000745058,0.035674151033163,297.1591491699219,297.1499938964844,293.1499938964844,0.0,-0.0,291.28515625,0.5425786375999451,0.050000000745058,0.0482999123632907,297.31884765625,297.1499938964844,293.1499938964844,0.0,-0.0,291.28515625,0.5425786375999451,0.050000000745058,0.2291139960289001,291.2853088378906,291.1499938964844,287.4681091308594,286.293701171875,291.2934265136719,297.3111572265625,291.2859191894531,1.0,0.150769829750061,1.0,1.0,0.5018523335456848,1.0,-0.4887199699878692,0.2990827262401581,0.1896372735500335,0.1494864821434021,0.0,0.0,0.0,24.99799346923828,25.0,3.625932931900024,-0.0,27.42986297607422,1.0,293.1499938964844,293.1499938964844,293.1499938964844,293.1499938964844,293.1499938964844,293.1499938964844,278.1499938964844,0.0,18000.0,313.1499938964844,0.0,18000.0,0.0,0.0,0.0,0.0,0.0,0.0,0.0,0.0,0.0,0.0,-0.0,-0.0,0.0,0.0,0.0,0.0,0.0,-0.0,0.0,0.0,0.0,0.0,0.0,0.0,0.0,0.0,0.0,4.0,0.0,0.0
11867760,297.23602294921875,297.1499938964844,293.1499938964844,0.0,-0.0,291.2862243652344,0.5425849556922913,0.050000000745058,0.0458667166531086,297.2059631347656,297.1499938964844,293.1499938964844,0.0,-0.0,291.2862243652344,0.5425849556922913,0.050000000745058,0.0482998602092266,297.18145751953125,297.1499938964844,293.1499938964844,0.0,-0.0,291.2862243652344,0.5425849556922913,0.050000000745058,0.03567411378026,297.1834716796875,297.1499938964844,293.1499938964844,0.0,-0.0,291.2862243652344,0.5425849556922913,0.050000000745058,0.0482998602092266,297.3419494628906,297.1499938964844,293.1499938964844,0.0,-0.0,291.2862243652344,0.5425849556922913,0.050000000745058,0.2291137427091598,291.28631591796875,291.1499938964844,287.4997863769531,286.3194885253906,291.2886657714844,297.3343505859375,291.2866516113281,1.0,0.1507703512907028,1.0,1.0,0.4988074898719787,1.0,-0.4887194633483886,0.3007538914680481,0.1879655718803405,0.1512515991926193,0.0,0.0,0.0,24.997922897338867,25.0,1.9465217590332031,-0.0,27.43003273010254,1.0,293.1499938964844,293.1499938964844,293.1499938964844,293.1499938964844,293.1499938964844,293.1499938964844,278.1499938964844,0.0,18000.0,313.1499938964844,0.0,18000.0,0.0,0.0,0.0,0.0,0.0,0.0,0.0,0.0,0.0,0.0,-0.0,-0.0,0.0,0.0,0.0,0.0,0.0,-0.0,0.0,0.0,0.0,0.0,0.0,0.0,0.0,0.0,0.0,4.0,0.0,0.0
11867820,297.27899169921875,297.1499938964844,293.1499938964844,0.0,-0.0,291.2864990234375,0.542596161365509,0.050000000745058,0.0458666309714317,297.25,297.1499938964844,293.1499938964844,0.0,-0.0,291.2864990234375,0.542596161365509,0.050000000745058,0.0482997708022594,297.22393798828125,297.1499938964844,293.1499938964844,0.0,-0.0,291.2864990234375,0.542596161365509,0.050000000745058,0.0356740467250347,297.2265014648437,297.1499938964844,293.1499938964844,0.0,-0.0,291.2864990234375,0.542596161365509,0.050000000745058,0.0482997708022594,297.3827514648437,297.1499938964844,293.1499938964844,0.0,-0.0,291.2864990234375,0.542596161365509,0.050000000745058,0.2291133105754852,291.2864685058594,291.1499938964844,287.5564270019531,286.3656311035156,291.2777709960937,297.3753356933594,291.2861328125,1.0,0.1507713198661804,1.0,1.0,0.4933257699012756,1.0,-0.488718569278717,0.3038166761398315,0.1849018782377243,0.1544811278581619,0.0,0.0,0.0,24.997806549072266,25.0,-1.5534857511520386,-0.0,27.43035697937012,1.0,293.1499938964844,293.1499938964844,293.1499938964844,293.1499938964844,293.1499938964844,293.1499938964844,278.1499938964844,0.0,18000.0,313.1499938964844,0.0,18000.0,0.0,0.0,0.0,0.0,0.0,0.0,0.0,0.0,0.0,0.0,-0.0,-0.0,0.0,0.0,0.0,0.0,0.0,-0.0,0.0,0.0,0.0,0.0,0.0,0.0,0.0,0.0,0.0,4.0,0.0,0.0
11867880,297.2837829589844,297.1499938964844,293.1499938964844,0.0,-0.0,291.286376953125,0.5425974130630493,0.050000000745058,0.0458666197955608,297.2548217773437,297.1499938964844,293.1499938964844,0.0,-0.0,291.286376953125,0.5425974130630493,0.050000000745058,0.0482997596263885,297.22857666015625,297.1499938964844,293.1499938964844,0.0,-0.0,291.286376953125,0.5425974130630493,0.050000000745058,0.0356740392744541,297.2312316894531,297.1499938964844,293.1499938964844,0.0,-0.0,291.286376953125,0.5425974130630493,0.050000000745058,0.0482997596263885,297.38720703125,297.1499938964844,293.1499938964844,0.0,-0.0,291.286376953125,0.5425974130630493,0.050000000745058,0.2291132658720016,291.28631591796875,291.1499938964844,287.5626525878906,286.3707275390625,291.2764587402344,297.3798217773437,291.2859191894531,1.0,0.1507714241743087,1.0,1.0,0.4927177429199219,1.0,-0.4887184500694275,0.3041598200798034,0.1845586448907852,0.1548425257205963,0.0,0.0,0.0,24.99779319763184,25.0,-1.941958785057068,-0.0,27.43039321899414,1.0,293.1499938964844,293.1499938964844,293.1499938964844,293.1499938964844,293.1499938964844,293.1499938964844,278.1499938964844,0.0,18000.0,313.1499938964844,0.0,18000.0,0.0,0.0,0.0,0.0,0.0,0.0,0.0,0.0,0.0,0.0,-0.0,-0.0,0.0,0.0,0.0,0.0,0.0,-0.0,0.0,0.0,0.0,0.0,0.0,0.0,0.0,0.0,0.0,4.0,0.0,0.0
11867940,297.33209228515625,297.1499938964844,293.1499938964844,0.0,-0.0,291.28375244140625,0.5426096320152283,0.050000000745058,0.0458665266633033,297.302490234375,297.1499938964844,293.1499938964844,0.0,-0.0,291.28375244140625,0.5426096320152283,0.050000000745058,0.0482996590435504,297.2743835449219,297.1499938964844,293.1499938964844,0.0,-0.0,291.28375244140625,0.5426096320152283,0.050000000745058,0.0356739647686481,297.2777709960937,297.1499938964844,293.1499938964844,0.0,-0.0,291.28375244140625,0.5426096320152283,0.050000000745058,0.0482996590435504,297.43115234375,297.1499938964844,293.1499938964844,0.0,-0.0,291.28375244140625,0.5426096320152283,0.050000000745058,0.2291127890348434,291.2835693359375,291.1499938964844,287.6246337890625,286.4214172363281,291.2621459960937,297.4239807128906,291.2825012207031,1.0,0.1507725566625595,1.0,1.0,0.4866279661655426,1.0,-0.4887174665927887,0.3076330721378326,0.181084394454956,0.158495083451271,0.0,0.0,0.0,24.9976749420166,25.0,-5.750321865081787,-0.0,27.430776596069336,1.0,293.1499938964844,293.1499938964844,293.1499938964844,293.1499938964844,293.1499938964844,293.1499938964844,278.1499938964844,0.0,18000.0,313.1499938964844,0.0,18000.0,0.0,0.0,0.0,0.0,0.0,0.0,0.0,0.0,0.0,0.0,-0.0,-0.0,0.0,0.0,0.0,0.0,0.0,-0.0,0.0,0.0,0.0,0.0,0.0,0.0,0.0,0.0,0.0,4.0,0.0,0.0
11868000,297.33209228515625,297.1499938964844,293.1499938964844,0.0,-0.0,291.28375244140625,0.5426096320152283,0.050000000745058,0.0458665266633033,297.302490234375,297.1499938964844,293.1499938964844,0.0,-0.0,291.28375244140625,0.5426096320152283,0.050000000745058,0.0482996590435504,297.2743835449219,297.1499938964844,293.1499938964844,0.0,-0.0,291.28375244140625,0.5426096320152283,0.050000000745058,0.0356739647686481,297.2777709960937,297.1499938964844,293.1499938964844,0.0,-0.0,291.28375244140625,0.5426096320152283,0.050000000745058,0.0482996590435504,297.43115234375,297.1499938964844,293.1499938964844,0.0,-0.0,291.28375244140625,0.5426096320152283,0.050000000745058,0.2291127890348434,291.2835693359375,291.1499938964844,287.6246337890625,286.4214172363281,291.2621459960937,297.4239807128906,291.2825012207031,1.0,0.1507725566625595,1.0,1.0,0.4866279661655426,1.0,-0.4887174665927887,0.3076330721378326,0.181084394454956,0.158495083451271,0.0,0.0,0.0,24.9976749420166,25.0,-5.750321865081787,-0.0,27.430776596069336,1.0,293.1499938964844,293.1499938964844,293.1499938964844,293.1499938964844,293.1499938964844,293.1499938964844,278.1499938964844,0.0,18000.0,313.1499938964844,0.0,18000.0,0.0,0.0,0.0,0.0,0.0,0.0,0.0,0.0,0.0,0.0,-0.0,-0.0,0.0,0.0,0.0,0.0,0.0,-0.0,0.0,0.0,0.0,0.0,0.0,0.0,0.0,0.0,0.0,4.0,0.0,0.0
11868060,297.3794860839844,297.1499938964844,293.1499938964844,0.0,-0.0,291.2786560058594,0.5426211953163147,0.050000000745058,0.0458664372563362,297.3481750488281,297.1499938964844,293.1499938964844,0.0,-0.0,291.2786560058594,0.5426211953163147,0.050000000745058,0.048299565911293,297.31817626953125,297.1499938964844,293.1499938964844,0.0,-0.0,291.2786560058594,0.5426211953163147,0.050000000745058,0.0356738939881324,297.322265625,297.1499938964844,293.1499938964844,0.0,-0.0,291.2786560058594,0.5426211953163147,0.050000000745058,0.048299565911293,297.47314453125,297.1499938964844,293.1499938964844,0.0,-0.0,291.2786560058594,0.5426211953163147,0.050000000745058,0.2291123569011688,291.27838134765625,291.1499938964844,287.6845703125,286.4705505371094,291.24713134765625,297.4661865234375,291.2767333984375,1.0,0.1507737189531326,1.0,1.0,0.4807544946670532,1.0,-0.4887165129184723,0.3110451698303222,0.17767134308815,0.1620764434337616,0.0,0.0,0.0,24.997577667236328,25.0,-9.114031791687012,-0.0,27.4311752319336,1.0,293.1499938964844,293.1499938964844,293.1499938964844,293.1499938964844,293.1499938964844,293.1499938964844,278.1499938964844,0.0,18000.0,313.1499938964844,0.0,18000.0,0.0,0.0,0.0,0.0,0.0,0.0,0.0,0.0,0.0,0.0,-0.0,-0.0,0.0,0.0,0.0,0.0,0.0,-0.0,0.0,0.0,0.0,0.0,0.0,0.0,0.0,0.0,0.0,4.0,0.0,0.0
11868120,297.38018798828125,297.1499938964844,293.1499938964844,0.0,-0.0,291.278564453125,0.542621374130249,0.050000000745058,0.0458664372563362,297.348876953125,297.1499938964844,293.1499938964844,0.0,-0.0,291.278564453125,0.542621374130249,0.050000000745058,0.048299565911293,297.31884765625,297.1499938964844,293.1499938964844,0.0,-0.0,291.278564453125,0.542621374130249,0.050000000745058,0.0356738939881324,297.32293701171875,297.1499938964844,293.1499938964844,0.0,-0.0,291.278564453125,0.542621374130249,0.050000000745058,0.048299565911293,297.4737854003906,297.1499938964844,293.1499938964844,0.0,-0.0,291.278564453125,0.542621374130249,0.050000000745058,0.2291123420000076,291.2782592773437,291.1499938964844,287.6854858398437,286.4713134765625,291.24688720703125,297.4668273925781,291.276611328125,1.0,0.150773748755455,1.0,1.0,0.4806638658046722,1.0,-0.4887165129184723,0.3110982477664947,0.1776182651519775,0.162132054567337,0.0,0.0,0.0,24.99757575988769,25.0,-9.162537574768066,-0.0,27.43118095397949,1.0,293.1499938964844,293.1499938964844,293.1499938964844,293.1499938964844,293.1499938964844,293.1499938964844,278.1499938964844,0.0,18000.0,313.1499938964844,0.0,18000.0,0.0,0.0,0.0,0.0,0.0,0.0,0.0,0.0,0.0,0.0,-0.0,-0.0,0.0,0.0,0.0,0.0,0.0,-0.0,0.0,0.0,0.0,0.0,0.0,0.0,0.0,0.0,0.0,4.0,0.0,0.0
11868180,297.4271850585937,297.1499938964844,293.1499938964844,0.0,-0.0,291.2711486816406,0.5426326990127563,0.050000000745058,0.045866347849369,297.3939208984375,297.1499938964844,293.1499938964844,0.0,-0.0,291.2711486816406,0.5426326990127563,0.050000000745058,0.0482994727790355,297.36199951171875,297.1499938964844,293.1499938964844,0.0,-0.0,291.2711486816406,0.5426326990127563,0.050000000745058,0.0356738269329071,297.36676025390625,297.1499938964844,293.1499938964844,0.0,-0.0,291.2711486816406,0.5426326990127563,0.050000000745058,0.0482994727790355,297.51519775390625,297.1499938964844,293.1499938964844,0.0,-0.0,291.2711486816406,0.5426326990127563,0.050000000745058,0.229111909866333,291.270751953125,291.1499938964844,287.7450561523437,286.520263671875,291.2297058105469,297.5084533691406,291.2685241699219,1.0,0.1507749706506729,1.0,1.0,0.4746997356414795,1.0,-0.4887155890464782,0.314618855714798,0.1740967333316803,0.1658148169517517,0.0,0.0,0.0,24.99748420715332,25.0,-12.32517433166504,-0.0,27.431604385375977,1.0,293.1499938964844,293.1499938964844,293.1499938964844,293.1499938964844,293.1499938964844,293.1499938964844,278.1499938964844,0.0,18000.0,313.1499938964844,0.0,18000.0,0.0,0.0,0.0,0.0,0.0,0.0,0.0,0.0,0.0,0.0,-0.0,-0.0,0.0,0.0,0.0,0.0,0.0,-0.0,0.0,0.0,0.0,0.0,0.0,0.0,0.0,0.0,0.0,4.0,0.0,0.0
11868240,297.4271850585937,297.1499938964844,293.1499938964844,0.0,-0.0,291.2711486816406,0.5426326990127563,0.050000000745058,0.045866347849369,297.3939208984375,297.1499938964844,293.1499938964844,0.0,-0.0,291.2711486816406,0.5426326990127563,0.050000000745058,0.0482994727790355,297.36199951171875,297.1499938964844,293.1499938964844,0.0,-0.0,291.2711486816406,0.5426326990127563,0.050000000745058,0.0356738269329071,297.36676025390625,297.1499938964844,293.1499938964844,0.0,-0.0,291.2711486816406,0.5426326990127563,0.050000000745058,0.0482994727790355,297.51519775390625,297.1499938964844,293.1499938964844,0.0,-0.0,291.2711486816406,0.5426326990127563,0.050000000745058,0.229111909866333,291.270751953125,291.1499938964844,287.7450561523437,286.520263671875,291.2297058105469,297.5084533691406,291.2685241699219,1.0,0.1507749706506729,1.0,1.0,0.4746997356414795,1.0,-0.4887155890464782,0.314618855714798,0.1740967333316803,0.1658148169517517,0.0,0.0,0.0,24.99748420715332,25.0,-12.32517433166504,-0.0,27.431604385375977,1.0,293.1499938964844,293.1499938964844,293.1499938964844,293.1499938964844,293.1499938964844,293.1499938964844,278.1499938964844,0.0,18000.0,313.1499938964844,0.0,18000.0,0.0,0.0,0.0,0.0,0.0,0.0,0.0,0.0,0.0,0.0,-0.0,-0.0,0.0,0.0,0.0,0.0,0.0,-0.0,0.0,0.0,0.0,0.0,0.0,0.0,0.0,0.0,0.0,4.0,0.0,0.0
11868300,297.4501953125,297.1499938964844,293.1499938964844,0.0,-0.0,291.2666015625,0.5426381230354309,0.050000000745058,0.0458663068711757,297.4159240722656,297.1499938964844,293.1499938964844,0.0,-0.0,291.2666015625,0.5426381230354309,0.050000000745058,0.0482994280755519,297.3830871582031,297.1499938964844,293.1499938964844,0.0,-0.0,291.2666015625,0.5426381230354309,0.050000000745058,0.0356737934052944,297.3882141113281,297.1499938964844,293.1499938964844,0.0,-0.0,291.2666015625,0.5426381230354309,0.050000000745058,0.0482994280755519,297.53546142578125,297.1499938964844,293.1499938964844,0.0,-0.0,291.2666015625,0.5426381230354309,0.050000000745058,0.2291117012500763,291.2661437988281,291.1499938964844,287.7742919921875,286.5443420410156,291.2203063964844,297.52880859375,291.2636413574219,1.0,0.150775596499443,1.0,1.0,0.4717176556587219,1.0,-0.4887151420116424,0.3163996040821075,0.1723155379295349,0.1676725298166275,0.0,0.0,0.0,24.99744033813477,25.0,-13.89367961883545,-0.0,27.43182373046875,1.0,293.1499938964844,293.1499938964844,293.1499938964844,293.1499938964844,293.1499938964844,293.1499938964844,278.1499938964844,0.0,18000.0,313.1499938964844,0.0,18000.0,0.0,0.0,0.0,0.0,0.0,0.0,0.0,0.0,0.0,0.0,-0.0,-0.0,0.0,0.0,0.0,0.0,0.0,-0.0,0.0,0.0,0.0,0.0,0.0,0.0,0.0,0.0,0.0,4.0,0.0,0.0
11868360,297.4728698730469,297.1499938964844,293.1499938964844,0.0,-0.0,291.2615051269531,0.5426432490348816,0.050000000745058,0.0458662658929824,297.4376525878906,297.1499938964844,293.1499938964844,0.0,-0.0,291.2615051269531,0.5426432490348816,0.050000000745058,0.0482993870973587,297.4039306640625,297.1499938964844,293.1499938964844,0.0,-0.0,291.2615051269531,0.5426432490348816,0.050000000745058,0.035673763602972,297.40936279296875,297.1499938964844,293.1499938964844,0.0,-0.0,291.2615051269531,0.5426432490348816,0.050000000745058,0.0482993870973587,297.5554504394531,297.1499938964844,293.1499938964844,0.0,-0.0,291.2615051269531,0.5426432490348816,0.050000000745058,0.2291115075349807,291.260986328125,291.1499938964844,287.8031311035156,286.568115234375,291.2127990722656,297.54888916015625,291.2582702636719,1.0,0.1507762223482132,1.0,1.0,0.469029039144516,1.0,-0.488714724779129,0.318026065826416,0.170688658952713,0.1693737953901291,0.0,0.0,0.0,24.997425079345703,25.0,-15.091660499572754,-0.0,27.432043075561523,1.0,293.1499938964844,293.1499938964844,293.1499938964844,293.1499938964844,293.1499938964844,293.1499938964844,278.1499938964844,0.0,18000.0,313.1499938964844,0.0,18000.0,0.0,0.0,0.0,0.0,0.0,0.0,0.0,0.0,0.0,0.0,-0.0,-0.0,0.0,0.0,0.0,0.0,0.0,-0.0,0.0,0.0,0.0,0.0,0.0,0.0,0.0,0.0,0.0,4.0,0.0,0.0
11868420,297.5076599121094,297.1499938964844,293.1499938964844,0.0,-0.0,291.2529296875,0.5426508784294128,0.050000000745058,0.0458662062883377,297.4710388183594,297.1499938964844,293.1499938964844,0.0,-0.0,291.2529296875,0.5426508784294128,0.050000000745058,0.0482993237674236,297.4359436035156,297.1499938964844,293.1499938964844,0.0,-0.0,291.2529296875,0.5426508784294128,0.050000000745058,0.0356737188994884,297.4418640136719,297.1499938964844,293.1499938964844,0.0,-0.0,291.2529296875,0.5426508784294128,0.050000000745058,0.0482993237674236,297.586181640625,297.1499938964844,293.1499938964844,0.0,-0.0,291.2529296875,0.5426508784294128,0.050000000745058,0.2291112095117569,291.2523803710937,291.1499938964844,287.8473205566406,286.6045837402344,291.2017822265625,297.5797424316406,291.24957275390625,1.0,0.1507772207260131,1.0,1.0,0.464826375246048,1.0,-0.4887140989303589,0.3205709755420685,0.1681431531906128,0.172029510140419,0.0,0.0,0.0,24.99740219116211,25.0,-16.084806442260742,-0.0,27.432392120361328,1.0,293.1499938964844,293.1499938964844,293.1499938964844,293.1499938964844,293.1499938964844,293.1499938964844,278.1499938964844,0.0,18000.0,313.1499938964844,0.0,18000.0,0.0,0.0,0.0,0.0,0.0,0.0,0.0,0.0,0.0,0.0,-0.0,-0.0,0.0,0.0,0.0,0.0,0.0,-0.0,0.0,0.0,0.0,0.0,0.0,0.0,0.0,0.0,0.0,4.0,0.0,0.0
11868480,297.5172424316406,297.1499938964844,293.1499938964844,0.0,-0.0,291.25048828125,0.54265296459198,0.050000000745058,0.0458661913871765,297.480224609375,297.1499938964844,293.1499938964844,0.0,-0.0,291.25048828125,0.54265296459198,0.050000000745058,0.0482993088662624,297.4447631835937,297.1499938964844,293.1499938964844,0.0,-0.0,291.25048828125,0.54265296459198,0.050000000745058,0.0356737039983272,297.4508361816406,297.1499938964844,293.1499938964844,0.0,-0.0,291.25048828125,0.54265296459198,0.050000000745058,0.0482993088662624,297.5946350097656,297.1499938964844,293.1499938964844,0.0,-0.0,291.25048828125,0.54265296459198,0.050000000745058,0.2291111201047897,291.2499389648437,291.1499938964844,287.8594665527344,286.6146545410156,291.1984558105469,297.5882568359375,291.2470703125,1.0,0.1507775038480758,1.0,1.0,0.4636517465114593,1.0,-0.4887139499187469,0.3212864995002746,0.1674274504184723,0.1727746427059173,0.0,0.0,0.0,24.99739646911621,25.0,-16.349300384521484,-0.0,27.4324893951416,1.0,293.1499938964844,293.1499938964844,293.1499938964844,293.1499938964844,293.1499938964844,293.1499938964844,278.1499938964844,0.0,18000.0,313.1499938964844,0.0,18000.0,0.0,0.0,0.0,0.0,0.0,0.0,0.0,0.0,0.0,0.0,-0.0,-0.0,0.0,0.0,0.0,0.0,0.0,-0.0,0.0,0.0,0.0,0.0,0.0,0.0,0.0,0.0,0.0,4.0,0.0,0.0
11868540,297.5405578613281,297.1499938964844,293.1499938964844,0.0,-0.0,291.2442932128906,0.5426579713821411,0.050000000745058,0.0458661541342735,297.50262451171875,297.1499938964844,293.1499938964844,0.0,-0.0,291.2442932128906,0.5426579713821411,0.050000000745058,0.0482992678880691,297.4662475585937,297.1499938964844,293.1499938964844,0.0,-0.0,291.2442932128906,0.5426579713821411,0.050000000745058,0.0356736741960048,297.4726257324219,297.1499938964844,293.1499938964844,0.0,-0.0,291.2442932128906,0.5426579713821411,0.050000000745058,0.0482992678880691,297.615234375,297.1499938964844,293.1499938964844,0.0,-0.0,291.2442932128906,0.5426579713821411,0.050000000745058,0.2291109263896942,291.24371337890625,291.1499938964844,287.88885498046875,286.6389465332031,291.1899108886719,297.6089172363281,291.2406921386719,1.0,0.1507781893014907,1.0,1.0,0.4607717394828796,1.0,-0.4887135326862335,0.3230483531951904,0.1656651645898819,0.1746064722537994,0.0,0.0,0.0,24.99737930297852,25.0,-17.057086944580078,-0.0,27.4327335357666,1.0,293.1499938964844,293.1499938964844,293.1499938964844,293.1499938964844,293.1499938964844,293.1499938964844,278.1499938964844,0.0,18000.0,313.1499938964844,0.0,18000.0,0.0,0.0,0.0,0.0,0.0,0.0,0.0,0.0,0.0,0.0,-0.0,-0.0,0.0,0.0,0.0,0.0,0.0,-0.0,0.0,0.0,0.0,0.0,0.0,0.0,0.0,0.0,0.0,4.0,0.0,0.0
11868600,297.5605163574219,297.1499938964844,293.1499938964844,0.0,-0.0,291.2386474609375,0.5426622033119202,0.050000000745058,0.0458661206066608,297.52178955078125,297.1499938964844,293.1499938964844,0.0,-0.0,291.2386474609375,0.5426622033119202,0.050000000745058,0.0482992343604564,297.48468017578125,297.1499938964844,293.1499938964844,0.0,-0.0,291.2386474609375,0.5426622033119202,0.050000000745058,0.0356736481189727,297.4913330078125,297.1499938964844,293.1499938964844,0.0,-0.0,291.2386474609375,0.5426622033119202,0.050000000745058,0.0482992343604564,297.63287353515625,297.1499938964844,293.1499938964844,0.0,-0.0,291.2386474609375,0.5426622033119202,0.050000000745058,0.2291107773780822,291.238037109375,291.1499938964844,287.91387939453125,286.65966796875,291.1819763183594,297.62664794921875,291.2348937988281,1.0,0.1507787853479385,1.0,1.0,0.4582744836807251,1.0,-0.4887132048606872,0.3245843648910522,0.164128839969635,0.1762001067399978,0.0,0.0,0.0,24.997364044189453,25.0,-17.74114227294922,-0.0,27.432945251464844,1.0,293.1499938964844,293.1499938964844,293.1499938964844,293.1499938964844,293.1499938964844,293.1499938964844,278.1499938964844,0.0,18000.0,313.1499938964844,0.0,18000.0,0.0,0.0,0.0,0.0,0.0,0.0,0.0,0.0,0.0,0.0,-0.0,-0.0,0.0,0.0,0.0,0.0,0.0,-0.0,0.0,0.0,0.0,0.0,0.0,0.0,0.0,0.0,0.0,4.0,0.0,0.0
11868660,297.6020812988281,297.1499938964844,293.1499938964844,0.0,-0.0,291.2261657714844,0.5426698923110962,0.050000000745058,0.045866061002016,297.5618896484375,297.1499938964844,293.1499938964844,0.0,-0.0,291.2261657714844,0.5426698923110962,0.050000000745058,0.0482991710305213,297.5231628417969,297.1499938964844,293.1499938964844,0.0,-0.0,291.2261657714844,0.5426698923110962,0.050000000745058,0.0356736034154892,297.5303955078125,297.1499938964844,293.1499938964844,0.0,-0.0,291.2261657714844,0.5426698923110962,0.050000000745058,0.0482991710305213,297.6697082519531,297.1499938964844,293.1499938964844,0.0,-0.0,291.2261657714844,0.5426698923110962,0.1430029273033142,0.2291104793548584,291.2255554199219,291.1499938964844,287.96539306640625,286.7023620605469,291.17291259765625,297.6636047363281,291.22247314453125,1.0,0.1507800221443176,1.0,1.0,0.4538528621196747,1.0,-0.4887125790119171,0.3273356258869171,0.161376953125,0.1790665388107299,0.0,0.0,0.0,24.997413635253903,25.0,-17.494853973388672,-0.0,27.43338966369629,1.0,293.1499938964844,293.1499938964844,293.1499938964844,293.1499938964844,293.1499938964844,293.1499938964844,278.1499938964844,0.0,18000.0,313.1499938964844,0.0,18000.0,0.0,0.0,0.0,0.0,0.0,0.0,0.0,0.0,0.0,0.0,-0.0,-0.0,0.0,0.0,0.0,0.0,0.0,-0.0,0.0,0.0,0.0,0.0,0.0,0.0,0.0,0.0,0.0,4.0,0.0,0.0
11868720,297.60272216796875,297.1499938964844,293.1499938964844,0.0,-0.0,291.2259826660156,0.5433635115623474,0.050000000745058,0.0458607971668243,297.5625,297.1499938964844,293.1499938964844,0.0,-0.0,291.2259826660156,0.5433635115623474,0.050000000745058,0.0482936277985572,297.5237731933594,297.1499938964844,293.1499938964844,0.0,-0.0,291.2259826660156,0.5433635115623474,0.050000000745058,0.0356695093214511,297.531005859375,297.1499938964844,293.1499938964844,0.0,-0.0,291.2259826660156,0.5433635115623474,0.050000000745058,0.0482936277985572,297.6702880859375,297.1499938964844,293.1499938964844,0.0,-0.0,291.2259826660156,0.5460144877433777,0.14315727353096,0.2317870855331421,291.2253723144531,291.1499938964844,287.9661865234375,286.7030334472656,291.1726989746094,297.6641540527344,291.2221984863281,1.0,0.1508107632398605,1.0,1.0,0.4537846148014068,1.0,-0.4918351769447326,0.3295408487319946,0.1622943133115768,0.1797851622104644,0.0,0.0,0.0,24.872966766357425,43.0,-17.489269256591797,-0.0,27.59383583068848,1.0,293.1499938964844,293.1499938964844,293.1499938964844,293.1499938964844,293.1499938964844,293.1499938964844,278.1499938964844,0.0,18000.0,313.1499938964844,0.0,18000.0,0.0,0.0,0.0,0.0,0.0,0.0,0.0,0.0,0.0,0.0,-0.0,-0.0,0.0,0.0,0.0,0.0,0.0,-0.0,0.0,0.0,0.0,0.0,0.0,0.0,0.0,0.0,0.0,4.0,0.0,0.0
11868780,297.6444702148437,297.1499938964844,293.1499938964844,0.0,-0.0,291.2377014160156,0.688412606716156,0.050000000745058,0.0452548339962959,297.6024169921875,297.1499938964844,293.1499938964844,0.0,-0.0,291.2377014160156,0.688412606716156,0.050000000745058,0.0476555190980434,297.5589599609375,297.1499938964844,293.1499938964844,0.0,-0.0,291.2377014160156,0.688412606716156,0.050000000745058,0.0351982042193412,297.5689697265625,297.1499938964844,293.1499938964844,0.0,-0.0,291.2377014160156,0.688412606716156,0.050000000745058,0.0476555190980434,297.6473083496094,297.1499938964844,293.1499938964844,0.0,-0.0,291.2432861328125,0.9362077116966248,0.1474775373935699,0.5657573938369751,291.2434997558594,291.04998779296875,288.0161437988281,286.7445068359375,291.3199462890625,297.650146484375,291.2505798339844,1.0,0.1681743115186691,1.0,1.0,0.4492947459220886,1.0,-0.889829695224762,0.5847090482711792,0.3051206767559051,0.3553698360919952,0.0,0.0,0.0,12.389832496643066,46.0,39.11940002441406,-0.0,58.81796646118164,1.0,293.1499938964844,293.1499938964844,293.1499938964844,293.1499938964844,293.1499938964844,293.1499938964844,278.1499938964844,0.0,18000.0,313.1499938964844,0.0,18000.0,0.0,0.0,0.0,0.0,0.0,0.0,0.0,0.0,0.0,0.0,-0.0,-0.0,0.0,0.0,0.0,0.0,0.0,-0.0,0.0,0.0,0.0,0.0,0.0,0.0,0.0,0.0,0.0,4.0,0.0,0.0
11868840,297.6444702148437,297.1499938964844,293.1499938964844,0.0,-0.0,291.2377014160156,0.688412606716156,0.050000000745058,0.0452548339962959,297.6024169921875,297.1499938964844,293.1499938964844,0.0,-0.0,291.2377014160156,0.688412606716156,0.050000000745058,0.0476555190980434,297.5589599609375,297.1499938964844,293.1499938964844,0.0,-0.0,291.2377014160156,0.688412606716156,0.050000000745058,0.0351982042193412,297.5689697265625,297.1499938964844,293.1499938964844,0.0,-0.0,291.2377014160156,0.688412606716156,0.050000000745058,0.0476555190980434,297.6473083496094,297.1499938964844,293.1499938964844,0.0,-0.0,291.2432861328125,0.9362077116966248,0.1474775373935699,0.5657573938369751,291.2434997558594,291.04998779296875,288.0161437988281,286.7445068359375,291.3199462890625,297.650146484375,291.2505798339844,1.0,0.1681743115186691,1.0,1.0,0.4492947459220886,1.0,-0.889829695224762,0.5847090482711792,0.3051206767559051,0.3553698360919952,0.0,0.0,0.0,12.389832496643066,46.0,39.11940002441406,-0.0,58.81796646118164,1.0,293.1499938964844,293.1499938964844,293.1499938964844,293.1499938964844,293.1499938964844,293.1499938964844,278.1499938964844,0.0,18000.0,313.1499938964844,0.0,18000.0,0.0,0.0,0.0,0.0,0.0,0.0,0.0,0.0,0.0,0.0,-0.0,-0.0,0.0,0.0,0.0,0.0,0.0,-0.0,0.0,0.0,0.0,0.0,0.0,0.0,0.0,0.0,0.0,4.0,0.0,0.0
11868900,297.6633605957031,297.1499938964844,293.1499938964844,0.0,-0.0,291.2583923339844,0.6854132413864136,0.050000000745058,0.0452599860727787,297.6195373535156,297.1499938964844,293.1499938964844,0.0,-0.0,291.2583923339844,0.6854132413864136,0.050000000745058,0.047660943120718,297.5713806152344,297.1499938964844,293.1499938964844,0.0,-0.0,291.2583923339844,0.6854132413864136,0.050000000745058,0.0352022089064121,297.584228515625,297.1499938964844,293.1499938964844,0.0,-0.0,291.2583923339844,0.6854132413864136,0.050000000745058,0.047660943120718,297.6310729980469,297.1499938964844,293.1499938964844,0.0,-0.0,291.2618103027344,0.9568169713020324,0.1490331441164016,0.6072374582290649,291.2618713378906,291.04998779296875,288.0401916503906,286.7644958496094,291.32452392578125,297.6336669921875,291.2657470703125,1.0,0.1759299635887146,1.0,1.0,0.4470498263835907,1.0,-0.9396593570709229,0.6180458664894104,0.3216134905815124,0.3795146346092224,0.0,0.0,0.0,13.094199180603027,46.0,39.09053802490234,-0.0,68.10118103027344,1.0,293.1499938964844,293.1499938964844,293.1499938964844,293.1499938964844,293.1499938964844,293.1499938964844,278.1499938964844,0.0,18000.0,313.1499938964844,0.0,18000.0,0.0,0.0,0.0,0.0,0.0,0.0,0.0,0.0,0.0,0.0,-0.0,-0.0,0.0,0.0,0.0,0.0,0.0,-0.0,0.0,0.0,0.0,0.0,0.0,0.0,0.0,0.0,0.0,4.0,0.0,0.0
11868960,297.6811218261719,297.1499938964844,293.1499938964844,0.0,-0.0,291.2719421386719,0.6827899813652039,0.050000000745058,0.0452645979821682,297.6367492675781,297.1499938964844,293.1499938964844,0.0,-0.0,291.2719421386719,0.6827899813652039,0.050000000745058,0.0476658008992672,297.5834350585937,297.1499938964844,293.1499938964844,0.0,-0.0,291.2719421386719,0.6827899813652039,0.050000000745058,0.0352057963609695,297.5992431640625,297.1499938964844,293.1499938964844,0.0,-0.0,291.2719421386719,0.6827899813652039,0.050000000745058,0.0476658008992672,297.6151123046875,297.1499938964844,293.1499938964844,0.0,-0.0,291.2747497558594,0.9746259450912476,0.1505132466554641,0.6486152410507202,291.2747802734375,290.95001220703125,288.0635681152344,286.7839660644531,291.3427734375,297.6208801269531,291.2786865234375,1.0,0.183878943324089,1.0,1.0,0.4462093114852905,1.0,-0.9893421530723572,0.6498149633407593,0.3395271599292755,0.4020048081874847,0.0,0.0,0.0,13.806659698486328,34.0,40.027462005615234,-0.0,78.2854995727539,1.0,293.1499938964844,293.1499938964844,293.1499938964844,293.1499938964844,293.1499938964844,293.1499938964844,278.1499938964844,0.0,18000.0,313.1499938964844,0.0,18000.0,0.0,0.0,0.0,0.0,0.0,0.0,0.0,0.0,0.0,0.0,-0.0,-0.0,0.0,0.0,0.0,0.0,0.0,-0.0,0.0,0.0,0.0,0.0,0.0,0.0,0.0,0.0,0.0,4.0,0.0,0.0
11869020,297.62860107421875,297.1499938964844,293.1499938964844,0.0,-0.0,291.3036499023437,0.9689393639564514,0.1442840844392776,0.1289322227239608,297.6629943847656,297.1499938964844,293.1499938964844,0.0,-0.0,291.29937744140625,0.6801048517227173,0.1424500048160553,0.0476708523929119,297.6022033691406,297.1499938964844,293.1499938964844,0.0,-0.0,291.29937744140625,0.6801048517227173,0.050000000745058,0.0352095291018486,297.62286376953125,297.1499938964844,293.1499938964844,0.0,-0.0,291.29937744140625,0.6801048517227173,0.050000000745058,0.0476708523929119,297.6018981933594,297.1499938964844,293.1499938964844,0.0,-0.0,291.30352783203125,0.94986230134964,0.153776466846466,0.6084133386611938,291.3038330078125,290.95001220703125,288.0987548828125,286.8132629394531,291.375,297.62890625,291.3085632324219,1.0,0.1917309165000915,1.0,1.0,0.444895476102829,1.0,-1.0415453910827637,0.6835294961929321,0.3580159246921539,0.4261331558227539,0.0,0.0,0.0,14.587495803833008,34.0,48.58211517333984,-0.0,90.0694580078125,1.0,293.1499938964844,293.1499938964844,293.1499938964844,293.1499938964844,293.1499938964844,293.1499938964844,278.1499938964844,0.0,18000.0,313.1499938964844,0.0,18000.0,0.0,0.0,0.0,0.0,0.0,0.0,0.0,0.0,0.0,0.0,-0.0,-0.0,0.0,0.0,0.0,0.0,0.0,-0.0,0.0,0.0,0.0,0.0,0.0,0.0,0.0,0.0,0.0,4.0,0.0,0.0
11869080,297.60546875,297.1499938964844,293.1499938964844,0.0,-0.0,291.3117370605469,0.9698202610015868,0.1433783024549484,0.1296583116054535,297.66455078125,297.1499938964844,293.1499938964844,0.0,-0.0,291.3095703125,0.8452855944633484,0.1440240293741226,0.0924111902713775,297.60772705078125,297.1499938964844,293.1499938964844,0.0,-0.0,291.3077087402344,0.6794271469116211,0.050000000745058,0.0352105014026165,297.62957763671875,297.1499938964844,293.1499938964844,0.0,-0.0,291.3077087402344,0.6794271469116211,0.050000000745058,0.0476721711456775,297.6014099121094,297.1499938964844,293.1499938964844,0.0,-0.0,291.3114929199219,0.9261683225631714,0.1549804657697677,0.5711700320243835,291.3118896484375,290.45001220703125,288.1082763671875,286.8211669921875,291.3807373046875,297.62762451171875,291.3160705566406,1.0,0.1932517737150192,1.0,1.0,0.4445282816886902,1.0,-1.0514200925827026,0.6900585889816284,0.3613615036010742,0.4308273196220398,0.0,0.0,0.0,14.74767780303955,54.0,48.05211639404297,-0.0,92.44390106201172,1.0,293.1499938964844,293.1499938964844,293.1499938964844,293.1499938964844,293.1499938964844,293.1499938964844,278.1499938964844,0.0,18000.0,313.1499938964844,0.0,18000.0,0.0,0.0,0.0,0.0,0.0,0.0,0.0,0.0,0.0,0.0,-0.0,-0.0,0.0,0.0,0.0,0.0,0.0,-0.0,0.0,0.0,0.0,0.0,0.0,0.0,0.0,0.0,0.0,4.0,0.0,0.0
11869140,297.5590209960937,297.1499938964844,293.1499938964844,0.0,-0.0,291.3290710449219,0.9622470140457152,0.1418912708759308,0.1283872276544571,297.63525390625,297.1499938964844,293.1499938964844,0.0,-0.0,291.3290405273437,0.9625182151794434,0.1446409076452255,0.1353088170289993,297.622314453125,297.1499938964844,293.1499938964844,0.0,-0.0,291.3255310058594,0.6762039661407471,0.1378470063209533,0.0352152958512306,297.64520263671875,297.1499938964844,293.1499938964844,0.0,-0.0,291.3261108398437,0.7655220031738281,0.1411845982074737,0.0692924857139587,297.6073303222656,297.1499938964844,293.1499938964844,0.0,-0.0,291.3287658691406,0.9076197743415833,0.1586247831583023,0.5489955544471741,291.3293151855469,290.45001220703125,288.1309814453125,286.84014892578125,291.3995666503906,297.62060546875,291.33355712890625,1.0,0.2020033448934555,1.0,1.0,0.4436279535293579,1.0,-1.10069477558136,0.7215241193771362,0.3791706264019012,0.4526335000991821,0.0,0.0,0.0,15.551093101501465,54.0,48.06858444213867,-0.0,104.91236114501952,1.0,293.1499938964844,293.1499938964844,293.1499938964844,293.1499938964844,293.1499938964844,293.1499938964844,278.1499938964844,0.0,18000.0,313.1499938964844,0.0,18000.0,0.0,0.0,0.0,0.0,0.0,0.0,0.0,0.0,0.0,0.0,-0.0,-0.0,0.0,0.0,0.0,0.0,0.0,-0.0,0.0,0.0,0.0,0.0,0.0,0.0,0.0,0.0,0.0,4.0,0.0,0.0
11869200,297.5340270996094,297.1499938964844,293.1499938964844,0.0,-0.0,291.34637451171875,0.973464012145996,0.1418359130620956,0.1276770234107971,297.6137084960937,297.1499938964844,293.1499938964844,0.0,-0.0,291.34637451171875,0.9797903299331664,0.1453765034675598,0.1373159289360046,297.6087646484375,297.1499938964844,293.1499938964844,0.0,-0.0,291.3458557128906,0.9392272233963012,0.1393225789070129,0.0897398814558982,297.6265563964844,297.1499938964844,293.1499938964844,0.0,-0.0,291.3461608886719,0.9618789553642272,0.1422853916883468,0.1296700537204742,297.6191711425781,297.1499938964844,293.1499938964844,0.0,-0.0,291.345947265625,0.8917694091796875,0.162472665309906,0.5010045766830444,291.34698486328125,289.95001220703125,288.1499938964844,286.8559875488281,291.4245910644531,297.6176452636719,291.3519592285156,1.0,0.2118171453475952,1.0,1.0,0.4428472518920898,1.0,-1.164568543434143,0.761485755443573,0.40308278799057,0.4812754094600677,0.0,0.0,0.0,15.938003540039062,74.0,52.91266632080078,-0.0,123.2113800048828,1.0,293.1499938964844,293.1499938964844,293.1499938964844,293.1499938964844,293.1499938964844,293.1499938964844,278.1499938964844,0.0,18000.0,313.1499938964844,0.0,18000.0,0.0,0.0,0.0,0.0,0.0,0.0,0.0,0.0,0.0,0.0,-0.0,-0.0,0.0,0.0,0.0,0.0,0.0,-0.0,0.0,0.0,0.0,0.0,0.0,0.0,0.0,0.0,0.0,4.0,0.0,0.0
11869260,297.4972229003906,297.1499938964844,293.1499938964844,0.0,-0.0,291.32684326171875,0.945110023021698,0.1429456174373626,0.1284200847148895,297.57525634765625,297.1499938964844,293.1499938964844,0.0,-0.0,291.3267822265625,0.9553765654563904,0.1473382115364074,0.1392630338668823,297.5423278808594,297.1499938964844,293.1499938964844,0.0,-0.0,291.3270263671875,0.9346391558647156,0.1383677870035171,0.0970139130949974,297.57354736328125,297.1499938964844,293.1499938964844,0.0,-0.0,291.32684326171875,0.945396363735199,0.1429256200790405,0.1353415250778198,297.634521484375,297.1499938964844,293.1499938964844,0.0,-0.0,291.32745361328125,0.9168678522109984,0.1700116991996765,0.5929962396621704,291.3253479003906,289.45001220703125,288.1830444335937,286.88311767578125,291.21514892578125,297.63458251953125,291.3158569335937,1.0,0.2385402917861938,1.0,1.0,0.4146602153778076,1.0,-1.3203026056289673,0.8983830213546753,0.421919584274292,0.5866113305091858,0.0,0.0,0.0,19.420244216918945,94.0,-55.25328826904297,-0.0,173.31027221679688,1.0,293.1499938964844,293.1499938964844,293.1499938964844,293.1499938964844,293.1499938964844,293.1499938964844,278.1499938964844,0.0,18000.0,313.1499938964844,0.0,18000.0,0.0,0.0,0.0,0.0,0.0,0.0,0.0,0.0,0.0,0.0,-0.0,-0.0,0.0,0.0,0.0,0.0,0.0,-0.0,0.0,0.0,0.0,0.0,0.0,0.0,0.0,0.0,0.0,4.0,0.0,0.0
11869320,297.4972229003906,297.1499938964844,293.1499938964844,0.0,-0.0,291.32684326171875,0.945110023021698,0.1429456174373626,0.1284200847148895,297.57525634765625,297.1499938964844,293.1499938964844,0.0,-0.0,291.3267822265625,0.9553765654563904,0.1473382115364074,0.1392630338668823,297.5423278808594,297.1499938964844,293.1499938964844,0.0,-0.0,291.3270263671875,0.9346391558647156,0.1383677870035171,0.0970139130949974,297.57354736328125,297.1499938964844,293.1499938964844,0.0,-0.0,291.32684326171875,0.945396363735199,0.1429256200790405,0.1353415250778198,297.634521484375,297.1499938964844,293.1499938964844,0.0,-0.0,291.32745361328125,0.9168678522109984,0.1700116991996765,0.5929962396621704,291.3253479003906,289.45001220703125,288.1830444335937,286.88311767578125,291.21514892578125,297.63458251953125,291.3158569335937,1.0,0.2385402917861938,1.0,1.0,0.4146602153778076,1.0,-1.3203026056289673,0.8983830213546753,0.421919584274292,0.5866113305091858,0.0,0.0,0.0,19.420244216918945,94.0,-55.25328826904297,-0.0,173.31027221679688,1.0,293.1499938964844,293.1499938964844,293.1499938964844,293.1499938964844,293.1499938964844,293.1499938964844,278.1499938964844,0.0,18000.0,313.1499938964844,0.0,18000.0,0.0,0.0,0.0,0.0,0.0,0.0,0.0,0.0,0.0,0.0,-0.0,-0.0,0.0,0.0,0.0,0.0,0.0,-0.0,0.0,0.0,0.0,0.0,0.0,0.0,0.0,0.0,0.0,4.0,0.0,0.0
11869380,297.47149658203125,297.1499938964844,293.1499938964844,0.0,-0.0,291.18359375,0.9338430166244508,0.1447379142045974,0.1300365179777145,297.5494079589844,297.1499938964844,293.1499938964844,0.0,-0.0,291.18328857421875,0.9461960196495056,0.1501001417636871,0.1417267173528671,297.5028381347656,297.1499938964844,293.1499938964844,0.0,-0.0,291.1839904785156,0.9203898310661316,0.1393186599016189,0.0974357947707176,297.5386047363281,297.1499938964844,293.1499938964844,0.0,-0.0,291.1836242675781,0.9336364269256592,0.144738495349884,0.1368566304445266,297.6086120605469,297.1499938964844,293.1499938964844,0.0,-0.0,291.1822204589844,0.9870706796646118,0.1735644191503524,0.76459801197052,291.1800231933594,288.95001220703125,288.20245361328125,286.89794921875,290.9845275878906,297.6107177734375,291.16656494140625,1.0,0.2729129195213318,1.0,1.0,0.3864731788635254,1.0,-1.5243606567382812,1.0751662254333496,0.4491945207118988,0.7217212915420532,0.0,0.0,0.0,23.59041976928711,114.0,-173.5364990234375,-0.0,262.66265869140625,1.0,293.1499938964844,293.1499938964844,293.1499938964844,293.1499938964844,293.1499938964844,293.1499938964844,278.1499938964844,0.0,18000.0,313.1499938964844,0.0,18000.0,0.0,0.0,0.0,0.0,0.0,0.0,0.0,0.0,0.0,0.0,-0.0,-0.0,0.0,0.0,0.0,0.0,0.0,-0.0,0.0,0.0,0.0,0.0,0.0,0.0,0.0,0.0,0.0,4.0,0.0,0.0
11869440,297.47149658203125,297.1499938964844,293.1499938964844,0.0,-0.0,291.18359375,0.9338430166244508,0.1447379142045974,0.1300365179777145,297.5494079589844,297.1499938964844,293.1499938964844,0.0,-0.0,291.18328857421875,0.9461960196495056,0.1501001417636871,0.1417267173528671,297.5028381347656,297.1499938964844,293.1499938964844,0.0,-0.0,291.1839904785156,0.9203898310661316,0.1393186599016189,0.0974357947707176,297.5386047363281,297.1499938964844,293.1499938964844,0.0,-0.0,291.1836242675781,0.9336364269256592,0.144738495349884,0.1368566304445266,297.6086120605469,297.1499938964844,293.1499938964844,0.0,-0.0,291.1822204589844,0.9870706796646118,0.1735644191503524,0.76459801197052,291.1800231933594,288.95001220703125,288.20245361328125,286.89794921875,290.9845275878906,297.6107177734375,291.16656494140625,1.0,0.2729129195213318,1.0,1.0,0.3864731788635254,1.0,-1.5243606567382812,1.0751662254333496,0.4491945207118988,0.7217212915420532,0.0,0.0,0.0,23.59041976928711,114.0,-173.5364990234375,-0.0,262.66265869140625,1.0,293.1499938964844,293.1499938964844,293.1499938964844,293.1499938964844,293.1499938964844,293.1499938964844,278.1499938964844,0.0,18000.0,313.1499938964844,0.0,18000.0,0.0,0.0,0.0,0.0,0.0,0.0,0.0,0.0,0.0,0.0,-0.0,-0.0,0.0,0.0,0.0,0.0,0.0,-0.0,0.0,0.0,0.0,0.0,0.0,0.0,0.0,0.0,0.0,4.0,0.0,0.0
11869500,297.4562072753906,297.1499938964844,293.1499938964844,0.0,-0.0,291.0938720703125,0.8101285696029663,0.1452732980251312,0.1310641914606094,297.5364074707031,297.1499938964844,293.1499938964844,0.0,-0.0,291.09344482421875,0.8201146721839905,0.1513544768095016,0.1434069871902465,297.4853820800781,297.1499938964844,293.1499938964844,0.0,-0.0,291.09429931640625,0.7997713088989258,0.1398394703865051,0.0981428399682045,297.5228576660156,297.1499938964844,293.1499938964844,0.0,-0.0,291.0938415527344,0.8104430437088013,0.1456540822982788,0.1381800770759582,297.5839538574219,297.1499938964844,293.1499938964844,0.0,-0.0,291.09197998046875,0.8576275110244751,0.1740478873252868,0.7836381196975708,291.089599609375,288.95001220703125,288.20733642578125,286.9010314941406,290.8417663574219,297.5862121582031,291.0729675292969,1.0,0.2898364663124084,1.0,1.0,0.3723796904087066,1.0,-1.5535587072372437,1.1192151308059692,0.4343436360359192,0.7609832286834717,0.0,0.0,0.0,34.6115837097168,114.0,-222.5436553955078,-0.0,304.6907043457031,1.0,293.1499938964844,293.1499938964844,293.1499938964844,293.1499938964844,293.1499938964844,293.1499938964844,278.1499938964844,0.0,18000.0,313.1499938964844,0.0,18000.0,0.0,0.0,0.0,0.0,0.0,0.0,0.0,0.0,0.0,0.0,-0.0,-0.0,0.0,0.0,0.0,0.0,0.0,-0.0,0.0,0.0,0.0,0.0,0.0,0.0,0.0,0.0,0.0,4.0,0.0,0.0
11869560,297.439208984375,297.1499938964844,293.1499938964844,0.0,-0.0,290.964111328125,0.7438720464706421,0.1455445438623428,0.1318939626216888,297.52294921875,297.1499938964844,293.1499938964844,0.0,-0.0,290.9633178710937,0.7542123794555664,0.1524806767702102,0.1450249701738357,297.4680480957031,297.1499938964844,293.1499938964844,0.0,-0.0,290.9648132324219,0.7352885603904724,0.1402614414691925,0.0988361090421676,297.5074157714844,297.1499938964844,293.1499938964844,0.0,-0.0,290.9640197753906,0.7449092268943787,0.1464992612600326,0.1395056694746017,297.56060791015625,297.1499938964844,293.1499938964844,0.0,-0.0,290.9610290527344,0.7894482612609863,0.1745038032531738,0.7881607413291931,290.95703125,288.45001220703125,288.2091369628906,286.9013671875,290.553466796875,297.562744140625,290.9285888671875,1.0,0.3057866990566253,1.0,1.0,0.3440429270267486,1.0,-1.5643521547317505,1.176171064376831,0.3881810009479522,0.8155852556228638,0.0,0.0,0.0,47.27404022216797,102.0,-331.5595703125,-0.0,343.58026123046875,1.0,293.1499938964844,293.1499938964844,293.1499938964844,293.1499938964844,293.1499938964844,293.1499938964844,278.1499938964844,0.0,18000.0,313.1499938964844,0.0,18000.0,0.0,0.0,0.0,0.0,0.0,0.0,0.0,0.0,0.0,0.0,-0.0,-0.0,0.0,0.0,0.0,0.0,0.0,-0.0,0.0,0.0,0.0,0.0,0.0,0.0,0.0,0.0,0.0,4.0,0.0,0.0
11869620,297.39959716796875,297.1499938964844,293.1499938964844,0.0,-0.0,290.5336303710937,0.6959116458892822,0.1452023088932037,0.1324553191661834,297.4928283691406,297.1499938964844,293.1499938964844,0.0,-0.0,290.5321960449219,0.7096557021141052,0.1541561186313629,0.1474315375089645,297.4313659667969,297.1499938964844,293.1499938964844,0.0,-0.0,290.5345153808594,0.6877256035804749,0.1405774801969528,0.0996541455388069,297.4748229980469,297.1499938964844,293.1499938964844,0.0,-0.0,290.53326416015625,0.6993898153305054,0.1477267891168594,0.1414540261030197,297.5143737792969,297.1499938964844,293.1499938964844,0.0,-0.0,290.5292053222656,0.7387577295303345,0.1750211715698242,0.7941619753837585,290.523681640625,287.95001220703125,288.2040710449219,286.8941955566406,289.9545288085937,297.5165405273437,290.4867858886719,1.0,0.3241908848285675,1.0,1.0,0.2873694598674774,1.0,-1.5784482955932615,1.2853789329528809,0.2930693626403808,0.921630859375,0.0,0.0,0.0,63.42401885986328,90.0,-548.6630249023438,-0.0,394.1818542480469,1.0,293.1499938964844,293.1499938964844,293.1499938964844,293.1499938964844,293.1499938964844,293.1499938964844,278.1499938964844,0.0,18000.0,313.1499938964844,0.0,18000.0,0.0,0.0,0.0,0.0,0.0,0.0,0.0,0.0,0.0,0.0,-0.0,-0.0,0.0,0.0,0.0,0.0,0.0,-0.0,0.0,0.0,0.0,0.0,0.0,0.0,0.0,0.0,0.0,4.0,0.0,0.0
11869680,297.39959716796875,297.1499938964844,293.1499938964844,0.0,-0.0,290.5336303710937,0.6959116458892822,0.1452023088932037,0.1324553191661834,297.4928283691406,297.1499938964844,293.1499938964844,0.0,-0.0,290.5321960449219,0.7096557021141052,0.1541561186313629,0.1474315375089645,297.4313659667969,297.1499938964844,293.1499938964844,0.0,-0.0,290.5345153808594,0.6877256035804749,0.1405774801969528,0.0996541455388069,297.4748229980469,297.1499938964844,293.1499938964844,0.0,-0.0,290.53326416015625,0.6993898153305054,0.1477267891168594,0.1414540261030197,297.5143737792969,297.1499938964844,293.1499938964844,0.0,-0.0,290.5292053222656,0.7387577295303345,0.1750211715698242,0.7941619753837585,290.523681640625,287.95001220703125,288.2040710449219,286.8941955566406,289.9545288085937,297.5165405273437,290.4867858886719,1.0,0.3241908848285675,1.0,1.0,0.2873694598674774,1.0,-1.5784482955932615,1.2853789329528809,0.2930693626403808,0.921630859375,0.0,0.0,0.0,63.42401885986328,90.0,-548.6630249023438,-0.0,394.1818542480469,1.0,293.1499938964844,293.1499938964844,293.1499938964844,293.1499938964844,293.1499938964844,293.1499938964844,278.1499938964844,0.0,18000.0,313.1499938964844,0.0,18000.0,0.0,0.0,0.0,0.0,0.0,0.0,0.0,0.0,0.0,0.0,-0.0,-0.0,0.0,0.0,0.0,0.0,0.0,-0.0,0.0,0.0,0.0,0.0,0.0,0.0,0.0,0.0,0.0,4.0,0.0,0.0
11869740,297.35467529296875,297.1499938964844,293.1499938964844,0.0,-0.0,290.0511779785156,0.6747543215751648,0.1438127011060714,0.1317339390516281,297.4579772949219,297.1499938964844,293.1499938964844,0.0,-0.0,290.0493469238281,0.6916781067848206,0.1549727022647857,0.1487324088811874,297.3911437988281,297.1499938964844,293.1499938964844,0.0,-0.0,290.05194091796875,0.6682741045951843,0.1400698870420456,0.099684864282608,297.4389953613281,297.1499938964844,293.1499938964844,0.0,-0.0,290.05047607421875,0.6810694932937622,0.1482142359018325,0.1424161046743393,297.46588134765625,297.1499938964844,293.1499938964844,0.0,-0.0,290.0464172363281,0.7207076549530029,0.1747250705957412,0.7953375577926636,290.0407409667969,287.45001220703125,288.18817138671875,286.8773498535156,289.4197998046875,297.4681701660156,290.00323486328125,1.0,0.3328446447849273,1.0,1.0,0.2306960076093673,1.0,-1.581753492355347,1.3749271631240845,0.2068264037370681,1.0102297067642212,0.0,0.0,0.0,71.71784210205078,78.0,-640.5201416015625,-0.0,418.4093322753906,1.0,293.1499938964844,293.1499938964844,293.1499938964844,293.1499938964844,293.1499938964844,293.1499938964844,278.1499938964844,0.0,18000.0,313.1499938964844,0.0,18000.0,0.0,0.0,0.0,0.0,0.0,0.0,0.0,0.0,0.0,0.0,-0.0,-0.0,0.0,0.0,0.0,0.0,0.0,-0.0,0.0,0.0,0.0,0.0,0.0,0.0,0.0,0.0,0.0,4.0,0.0,0.0
11869800,297.35467529296875,297.1499938964844,293.1499938964844,0.0,-0.0,290.0511779785156,0.6747543215751648,0.1438127011060714,0.1317339390516281,297.4579772949219,297.1499938964844,293.1499938964844,0.0,-0.0,290.0493469238281,0.6916781067848206,0.1549727022647857,0.1487324088811874,297.3911437988281,297.1499938964844,293.1499938964844,0.0,-0.0,290.05194091796875,0.6682741045951843,0.1400698870420456,0.099684864282608,297.4389953613281,297.1499938964844,293.1499938964844,0.0,-0.0,290.05047607421875,0.6810694932937622,0.1482142359018325,0.1424161046743393,297.46588134765625,297.1499938964844,293.1499938964844,0.0,-0.0,290.0464172363281,0.7207076549530029,0.1747250705957412,0.7953375577926636,290.0407409667969,287.45001220703125,288.18817138671875,286.8773498535156,289.4197998046875,297.4681701660156,290.00323486328125,1.0,0.3328446447849273,1.0,1.0,0.2306960076093673,1.0,-1.581753492355347,1.3749271631240845,0.2068264037370681,1.0102297067642212,0.0,0.0,0.0,71.71784210205078,78.0,-640.5201416015625,-0.0,418.4093322753906,1.0,293.1499938964844,293.1499938964844,293.1499938964844,293.1499938964844,293.1499938964844,293.1499938964844,278.1499938964844,0.0,18000.0,313.1499938964844,0.0,18000.0,0.0,0.0,0.0,0.0,0.0,0.0,0.0,0.0,0.0,0.0,-0.0,-0.0,0.0,0.0,0.0,0.0,0.0,-0.0,0.0,0.0,0.0,0.0,0.0,0.0,0.0,0.0,0.0,4.0,0.0,0.0
11869860,297.3080749511719,297.1499938964844,293.1499938964844,0.0,-0.0,289.5507507324219,0.6661196351051331,0.1416854113340377,0.130080446600914,297.41943359375,297.1499938964844,293.1499938964844,0.0,-0.0,289.5484313964844,0.6862661838531494,0.1549702435731887,0.1490364968776703,297.3482971191406,297.1499938964844,293.1499938964844,0.0,-0.0,289.5513916015625,0.6611492037773132,0.1387846618890762,0.0990062057971954,297.4009094238281,297.1499938964844,293.1499938964844,0.0,-0.0,289.5496520996094,0.6754159331321716,0.1480150371789932,0.1424985378980636,297.41522216796875,297.1499938964844,293.1499938964844,0.0,-0.0,289.54559326171875,0.7141180038452148,0.1735933423042297,0.7917367815971375,289.5396728515625,287.54998779296875,288.1624450683594,286.8516540527344,288.88116455078125,297.4176025390625,289.50079345703125,1.0,0.3344390094280243,1.0,1.0,0.1570202261209488,1.0,-1.5750997066497805,1.456255555152893,0.1188440769910812,1.0926166772842407,0.0,0.0,0.0,74.31258392333984,66.0,-686.6441040039062,-0.0,421.8613586425781,1.0,293.1499938964844,293.1499938964844,293.1499938964844,293.1499938964844,293.1499938964844,293.1499938964844,278.1499938964844,0.0,18000.0,313.1499938964844,0.0,18000.0,0.0,0.0,0.0,0.0,0.0,0.0,0.0,0.0,0.0,0.0,-0.0,-0.0,0.0,0.0,0.0,0.0,0.0,-0.0,0.0,0.0,0.0,0.0,0.0,0.0,0.0,0.0,0.0,4.0,0.0,0.0
11869920,297.3080749511719,297.1499938964844,293.1499938964844,0.0,-0.0,289.5507507324219,0.6661196351051331,0.1416854113340377,0.130080446600914,297.41943359375,297.1499938964844,293.1499938964844,0.0,-0.0,289.5484313964844,0.6862661838531494,0.1549702435731887,0.1490364968776703,297.3482971191406,297.1499938964844,293.1499938964844,0.0,-0.0,289.5513916015625,0.6611492037773132,0.1387846618890762,0.0990062057971954,297.4009094238281,297.1499938964844,293.1499938964844,0.0,-0.0,289.5496520996094,0.6754159331321716,0.1480150371789932,0.1424985378980636,297.41522216796875,297.1499938964844,293.1499938964844,0.0,-0.0,289.54559326171875,0.7141180038452148,0.1735933423042297,0.7917367815971375,289.5396728515625,287.54998779296875,288.1624450683594,286.8516540527344,288.88116455078125,297.4176025390625,289.50079345703125,1.0,0.3344390094280243,1.0,1.0,0.1570202261209488,1.0,-1.5750997066497805,1.456255555152893,0.1188440769910812,1.0926166772842407,0.0,0.0,0.0,74.31258392333984,66.0,-686.6441040039062,-0.0,421.8613586425781,1.0,293.1499938964844,293.1499938964844,293.1499938964844,293.1499938964844,293.1499938964844,293.1499938964844,278.1499938964844,0.0,18000.0,313.1499938964844,0.0,18000.0,0.0,0.0,0.0,0.0,0.0,0.0,0.0,0.0,0.0,0.0,-0.0,-0.0,0.0,0.0,0.0,0.0,0.0,-0.0,0.0,0.0,0.0,0.0,0.0,0.0,0.0,0.0,0.0,4.0,0.0,0.0
11869980,297.2606201171875,297.1499938964844,293.1499938964844,0.0,-0.0,288.95245361328125,0.664130449295044,0.1388810724020004,0.1276978105306625,297.3760986328125,297.1499938964844,293.1499938964844,0.0,-0.0,288.9490051269531,0.6875340938568115,0.1539992392063141,0.148339033126831,297.3020324707031,297.1499938964844,293.1499938964844,0.0,-0.0,288.953125,0.6602120399475098,0.1366117745637893,0.0976294502615928,297.36004638671875,297.1499938964844,293.1499938964844,0.0,-0.0,288.9505920410156,0.6765319108963013,0.1470571756362915,0.1417588740587234,297.36181640625,297.1499938964844,293.1499938964844,0.0,-0.0,288.9455871582031,0.7139868140220642,0.1715461909770965,0.78352290391922,288.9381408691406,287.6499938964844,288.1277770996094,286.81793212890625,288.1806030273437,297.3644104003906,288.8910522460937,1.0,0.330935388803482,1.0,1.0,0.0833444520831108,1.0,-1.559006690979004,1.551777482032776,0.0072291949763894,1.191024661064148,0.0,0.0,0.0,72.92060852050781,54.0,-811.3386840820312,-0.0,409.5627746582031,1.0,293.1499938964844,293.1499938964844,293.1499938964844,293.1499938964844,293.1499938964844,293.1499938964844,278.1499938964844,0.0,18000.0,313.1499938964844,0.0,18000.0,0.0,0.0,0.0,0.0,0.0,0.0,0.0,0.0,0.0,0.0,-0.0,-0.0,0.0,0.0,0.0,0.0,0.0,-0.0,0.0,0.0,0.0,0.0,0.0,0.0,0.0,0.0,0.0,4.0,0.0,0.0
11870040,297.2606201171875,297.1499938964844,293.1499938964844,0.0,-0.0,288.95245361328125,0.664130449295044,0.1388810724020004,0.1276978105306625,297.3760986328125,297.1499938964844,293.1499938964844,0.0,-0.0,288.9490051269531,0.6875340938568115,0.1539992392063141,0.148339033126831,297.3020324707031,297.1499938964844,293.1499938964844,0.0,-0.0,288.953125,0.6602120399475098,0.1366117745637893,0.0976294502615928,297.36004638671875,297.1499938964844,293.1499938964844,0.0,-0.0,288.9505920410156,0.6765319108963013,0.1470571756362915,0.1417588740587234,297.36181640625,297.1499938964844,293.1499938964844,0.0,-0.0,288.9455871582031,0.7139868140220642,0.1715461909770965,0.78352290391922,288.9381408691406,287.6499938964844,288.1277770996094,286.81793212890625,288.1806030273437,297.3644104003906,288.8910522460937,1.0,0.330935388803482,1.0,1.0,0.0833444520831108,1.0,-1.559006690979004,1.551777482032776,0.0072291949763894,1.191024661064148,0.0,0.0,0.0,72.92060852050781,54.0,-811.3386840820312,-0.0,409.5627746582031,1.0,293.1499938964844,293.1499938964844,293.1499938964844,293.1499938964844,293.1499938964844,293.1499938964844,278.1499938964844,0.0,18000.0,313.1499938964844,0.0,18000.0,0.0,0.0,0.0,0.0,0.0,0.0,0.0,0.0,0.0,0.0,-0.0,-0.0,0.0,0.0,0.0,0.0,0.0,-0.0,0.0,0.0,0.0,0.0,0.0,0.0,0.0,0.0,0.0,4.0,0.0,0.0
11870100,297.23663330078125,297.1499938964844,293.1499938964844,0.0,-0.0,288.7059326171875,0.664473831653595,0.1372268199920654,0.1262069195508957,297.3529052734375,297.1499938964844,293.1499938964844,0.0,-0.0,288.7035827636719,0.6895034313201904,0.1531531661748886,0.1475680917501449,297.2782287597656,297.1499938964844,293.1499938964844,0.0,-0.0,288.706298828125,0.6609808206558228,0.1352380514144897,0.0966730341315269,297.33807373046875,297.1499938964844,293.1499938964844,0.0,-0.0,288.7045593261719,0.6784563064575195,0.1462326049804687,0.1410207003355026,297.3339538574219,297.1499938964844,293.1499938964844,0.0,-0.0,288.7014465332031,0.7152677178382874,0.170151337981224,0.7774633169174194,288.6967468261719,287.6499938964844,288.1073913574219,286.79833984375,288.1120300292969,297.3365478515625,288.6676330566406,1.0,0.3276601433753967,1.0,1.0,0.0465065687894821,1.0,-1.5469844341278076,1.5465883016586304,0.0003960657049901,1.188280701637268,0.0,0.0,0.0,71.22293853759766,54.0,-696.5783081054688,-0.0,398.6479187011719,1.0,293.1499938964844,293.1499938964844,293.1499938964844,293.1499938964844,293.1499938964844,293.1499938964844,278.1499938964844,0.0,18000.0,313.1499938964844,0.0,18000.0,0.0,0.0,0.0,0.0,0.0,0.0,0.0,0.0,0.0,0.0,-0.0,-0.0,0.0,0.0,0.0,0.0,0.0,-0.0,0.0,0.0,0.0,0.0,0.0,0.0,0.0,0.0,0.0,4.0,0.0,0.0
11870160,297.2149963378906,297.1499938964844,293.1499938964844,0.0,-0.0,288.5499572753906,0.6660851240158081,0.1356487870216369,0.124670922756195,297.3310546875,297.1499938964844,293.1499938964844,0.0,-0.0,288.5482482910156,0.6927403211593628,0.1522940695285797,0.1466744691133499,297.25634765625,297.1499938964844,293.1499938964844,0.0,-0.0,288.5501708984375,0.6629642248153687,0.1339006572961807,0.0956613048911094,297.31695556640625,297.1499938964844,293.1499938964844,0.0,-0.0,288.5489196777344,0.6815575957298279,0.1453491896390915,0.1401238143444061,297.3073425292969,297.1499938964844,293.1499938964844,0.0,-0.0,288.5468444824219,0.7176867723464966,0.1687041819095611,0.7706838846206665,288.54364013671875,287.75,288.08514404296875,286.7770690917969,288.0876770019531,297.3097839355469,288.5230407714844,1.0,0.3235641717910766,1.0,1.0,0.0372052527964115,1.0,-1.5336376428604126,1.5335021018981934,0.0001355570857413,1.1779067516326904,0.0,0.0,0.0,68.90316772460938,42.0,-551.1913452148438,-0.0,385.5535583496094,1.0,293.1499938964844,293.1499938964844,293.1499938964844,293.1499938964844,293.1499938964844,293.1499938964844,278.1499938964844,0.0,18000.0,313.1499938964844,0.0,18000.0,0.0,0.0,0.0,0.0,0.0,0.0,0.0,0.0,0.0,0.0,-0.0,-0.0,0.0,0.0,0.0,0.0,0.0,-0.0,0.0,0.0,0.0,0.0,0.0,0.0,0.0,0.0,0.0,4.0,0.0,0.0
11870220,297.1806335449219,297.1499938964844,293.1499938964844,0.0,-0.0,288.3381652832031,0.674683690071106,0.1329776644706726,0.1219068244099617,297.2940979003906,297.1499938964844,293.1499938964844,0.0,-0.0,288.3369445800781,0.7044652104377747,0.1508326381444931,0.1449733525514602,297.22052001953125,297.1499938964844,293.1499938964844,0.0,-0.0,288.3382873535156,0.672112226486206,0.1316071599721908,0.0937950164079666,297.2806701660156,297.1499938964844,293.1499938964844,0.0,-0.0,288.33740234375,0.6928523778915405,0.1437772363424301,0.1383352726697921,297.26007080078125,297.1499938964844,293.1499938964844,0.0,-0.0,288.3360595703125,0.7269348502159119,0.1658982187509536,0.7568682432174683,288.3338928222656,287.8500061035156,288.0354919433594,286.7299194335937,288.0375671386719,297.2646484375,288.3199157714844,1.0,0.3134615123271942,1.0,1.0,0.0186026263982057,1.0,-1.5073020458221436,1.5072836875915527,1.8350910977460444e-05,1.1569921970367432,0.0,0.0,0.0,62.544189453125,30.0,-346.2250671386719,-0.0,355.7289123535156,1.0,293.1499938964844,293.1499938964844,293.1499938964844,293.1499938964844,293.1499938964844,293.1499938964844,278.1499938964844,0.0,18000.0,313.1499938964844,0.0,18000.0,0.0,0.0,0.0,0.0,0.0,0.0,0.0,0.0,0.0,0.0,-0.0,-0.0,0.0,0.0,0.0,0.0,0.0,-0.0,0.0,0.0,0.0,0.0,0.0,0.0,0.0,0.0,0.0,4.0,0.0,0.0
11870280,297.1806335449219,297.1499938964844,293.1499938964844,0.0,-0.0,288.3381652832031,0.674683690071106,0.1329776644706726,0.1219068244099617,297.2940979003906,297.1499938964844,293.1499938964844,0.0,-0.0,288.3369445800781,0.7044652104377747,0.1508326381444931,0.1449733525514602,297.22052001953125,297.1499938964844,293.1499938964844,0.0,-0.0,288.3382873535156,0.672112226486206,0.1316071599721908,0.0937950164079666,297.2806701660156,297.1499938964844,293.1499938964844,0.0,-0.0,288.33740234375,0.6928523778915405,0.1437772363424301,0.1383352726697921,297.26007080078125,297.1499938964844,293.1499938964844,0.0,-0.0,288.3360595703125,0.7269348502159119,0.1658982187509536,0.7568682432174683,288.3338928222656,287.8500061035156,288.0354919433594,286.7299194335937,288.0375671386719,297.2646484375,288.3199157714844,1.0,0.3134615123271942,1.0,1.0,0.0186026263982057,1.0,-1.5073020458221436,1.5072836875915527,1.8350910977460444e-05,1.1569921970367432,0.0,0.0,0.0,62.544189453125,30.0,-346.2250671386719,-0.0,355.7289123535156,1.0,293.1499938964844,293.1499938964844,293.1499938964844,293.1499938964844,293.1499938964844,293.1499938964844,278.1499938964844,0.0,18000.0,313.1499938964844,0.0,18000.0,0.0,0.0,0.0,0.0,0.0,0.0,0.0,0.0,0.0,0.0,-0.0,-0.0,0.0,0.0,0.0,0.0,0.0,-0.0,0.0,0.0,0.0,0.0,0.0,0.0,0.0,0.0,0.0,4.0,0.0,0.0
11870340,297.156005859375,297.1499938964844,293.1499938964844,0.0,-0.0,288.19140625,0.6915613412857056,0.1308631598949432,0.1196045204997062,297.2658996582031,297.1499938964844,293.1499938964844,0.0,-0.0,288.1904296875,0.7231392860412598,0.1497905552387237,0.1435876190662384,297.1945495605469,297.1499938964844,293.1499938964844,0.0,-0.0,288.1914978027344,0.6895201206207275,0.1298585534095764,0.0922572165727615,297.25274658203125,297.1499938964844,293.1499938964844,0.0,-0.0,288.1907958984375,0.7120110988616943,0.1425935477018356,0.1368201375007629,297.22052001953125,297.1499938964844,293.1499938964844,0.0,-0.0,288.1898498535156,0.7430244088172913,0.1632767468690872,0.7434265613555908,288.1882629394531,287.95001220703125,287.9797668457031,286.6773376464844,287.9819641113281,297.2323913574219,288.17791748046875,1.0,0.3014558255672455,1.0,1.0,0.0,1.0,-1.483070969581604,1.4830690622329712,1.955851303137024e-06,1.1376160383224487,0.0,0.0,0.0,54.496856689453125,25.0,-230.5371856689453,-0.0,323.5645751953125,1.0,293.1499938964844,293.1499938964844,293.1499938964844,293.1499938964844,293.1499938964844,293.1499938964844,278.1499938964844,0.0,18000.0,313.1499938964844,0.0,18000.0,0.0,0.0,0.0,0.0,0.0,0.0,0.0,0.0,0.0,0.0,-0.0,-0.0,0.0,0.0,0.0,0.0,0.0,-0.0,0.0,0.0,0.0,0.0,0.0,0.0,0.0,0.0,0.0,4.0,0.0,0.0
11870400,297.156005859375,297.1499938964844,293.1499938964844,0.0,-0.0,288.19140625,0.6915613412857056,0.1308631598949432,0.1196045204997062,297.2658996582031,297.1499938964844,293.1499938964844,0.0,-0.0,288.1904296875,0.7231392860412598,0.1497905552387237,0.1435876190662384,297.1945495605469,297.1499938964844,293.1499938964844,0.0,-0.0,288.1914978027344,0.6895201206207275,0.1298585534095764,0.0922572165727615,297.25274658203125,297.1499938964844,293.1499938964844,0.0,-0.0,288.1907958984375,0.7120110988616943,0.1425935477018356,0.1368201375007629,297.22052001953125,297.1499938964844,293.1499938964844,0.0,-0.0,288.1898498535156,0.7430244088172913,0.1632767468690872,0.7434265613555908,288.1882629394531,287.95001220703125,287.9797668457031,286.6773376464844,287.9819641113281,297.2323913574219,288.17791748046875,1.0,0.3014558255672455,1.0,1.0,0.0,1.0,-1.483070969581604,1.4830690622329712,1.955851303137024e-06,1.1376160383224487,0.0,0.0,0.0,54.496856689453125,25.0,-230.5371856689453,-0.0,323.5645751953125,1.0,293.1499938964844,293.1499938964844,293.1499938964844,293.1499938964844,293.1499938964844,293.1499938964844,278.1499938964844,0.0,18000.0,313.1499938964844,0.0,18000.0,0.0,0.0,0.0,0.0,0.0,0.0,0.0,0.0,0.0,0.0,-0.0,-0.0,0.0,0.0,0.0,0.0,0.0,-0.0,0.0,0.0,0.0,0.0,0.0,0.0,0.0,0.0,0.0,4.0,0.0,0.0
11870460,297.13897705078125,297.1499938964844,293.1499938964844,0.0,-0.0,288.0806579589844,0.7116584777832031,0.129204586148262,0.1177591010928154,297.244873046875,297.1499938964844,293.1499938964844,0.0,-0.0,288.079833984375,0.7435914874076843,0.149123340845108,0.1425996869802475,297.17657470703125,297.1499938964844,293.1499938964844,0.0,-0.0,288.0806884765625,0.7103329300880432,0.1285926103591919,0.0910888910293579,297.2319030761719,297.1499938964844,293.1499938964844,0.0,-0.0,288.0801086425781,0.7322032451629639,0.1417788863182068,0.1356932371854782,297.1894836425781,297.1499938964844,293.1499938964844,0.0,-0.0,288.07940673828125,0.7626426815986633,0.1610157340764999,0.7315595746040344,288.078125,288.04998779296875,287.9189147949219,286.62017822265625,287.9213256835937,297.2094116210937,288.0697937011719,1.0,0.2906575202941894,1.0,1.0,0.0,1.0,-1.4626654386520386,1.462663650512695,1.768686843206524e-06,1.1212347745895386,0.0,0.0,0.0,47.21893310546875,25.0,-166.94961547851562,-0.0,295.978515625,1.0,293.1499938964844,293.1499938964844,293.1499938964844,293.1499938964844,293.1499938964844,293.1499938964844,278.1499938964844,0.0,18000.0,313.1499938964844,0.0,18000.0,0.0,0.0,0.0,0.0,0.0,0.0,0.0,0.0,0.0,0.0,-0.0,-0.0,0.0,0.0,0.0,0.0,0.0,-0.0,0.0,0.0,0.0,0.0,0.0,0.0,0.0,0.0,0.0,4.0,0.0,0.0
11870520,297.13897705078125,297.1499938964844,293.1499938964844,0.0,-0.0,288.0806579589844,0.7116584777832031,0.129204586148262,0.1177591010928154,297.244873046875,297.1499938964844,293.1499938964844,0.0,-0.0,288.079833984375,0.7435914874076843,0.149123340845108,0.1425996869802475,297.17657470703125,297.1499938964844,293.1499938964844,0.0,-0.0,288.0806884765625,0.7103329300880432,0.1285926103591919,0.0910888910293579,297.2319030761719,297.1499938964844,293.1499938964844,0.0,-0.0,288.0801086425781,0.7322032451629639,0.1417788863182068,0.1356932371854782,297.1894836425781,297.1499938964844,293.1499938964844,0.0,-0.0,288.07940673828125,0.7626426815986633,0.1610157340764999,0.7315595746040344,288.078125,288.04998779296875,287.9189147949219,286.62017822265625,287.9213256835937,297.2094116210937,288.0697937011719,1.0,0.2906575202941894,1.0,1.0,0.0,1.0,-1.4626654386520386,1.462663650512695,1.768686843206524e-06,1.1212347745895386,0.0,0.0,0.0,47.21893310546875,25.0,-166.94961547851562,-0.0,295.978515625,1.0,293.1499938964844,293.1499938964844,293.1499938964844,293.1499938964844,293.1499938964844,293.1499938964844,278.1499938964844,0.0,18000.0,313.1499938964844,0.0,18000.0,0.0,0.0,0.0,0.0,0.0,0.0,0.0,0.0,0.0,0.0,-0.0,-0.0,0.0,0.0,0.0,0.0,0.0,-0.0,0.0,0.0,0.0,0.0,0.0,0.0,0.0,0.0,0.0,4.0,0.0,0.0
11870580,297.12750244140625,297.1499938964844,293.1499938964844,0.0,-0.0,287.98944091796875,0.7281764149665833,0.127898171544075,0.1163217052817344,297.22930908203125,297.1499938964844,293.1499938964844,0.0,-0.0,287.9886779785156,0.7630845904350281,0.1487433910369873,0.1419799029827118,297.1649169921875,297.1499938964844,293.1499938964844,0.0,-0.0,287.98944091796875,0.7276995778083801,0.1277433037757873,0.090280495584011,297.2165222167969,297.1499938964844,293.1499938964844,0.0,-0.0,287.9889221191406,0.7505220770835876,0.1412530243396759,0.1349348276853561,297.1658935546875,297.1499938964844,293.1499938964844,0.0,-0.0,287.9883728027344,0.781073272228241,0.1591192781925201,0.7217217087745667,287.9872436523437,288.1499938964844,287.8538818359375,286.5592346191406,287.8564758300781,297.193603515625,287.97998046875,1.0,0.2824842035770416,1.0,1.0,0.0,1.0,-1.4465020895004272,1.4465004205703735,1.732812165755604e-06,1.10821795463562,0.0,0.0,0.0,41.90703582763672,25.0,-133.163818359375,-0.0,275.75030517578125,1.0,293.1499938964844,293.1499938964844,293.1499938964844,293.1499938964844,293.1499938964844,293.1499938964844,278.1499938964844,0.0,18000.0,313.1499938964844,0.0,18000.0,0.0,0.0,0.0,0.0,0.0,0.0,0.0,0.0,0.0,0.0,-0.0,-0.0,0.0,0.0,0.0,0.0,0.0,-0.0,0.0,0.0,0.0,0.0,0.0,0.0,0.0,0.0,0.0,4.0,0.0,0.0
11870640,297.12750244140625,297.1499938964844,293.1499938964844,0.0,-0.0,287.98944091796875,0.7281764149665833,0.127898171544075,0.1163217052817344,297.22930908203125,297.1499938964844,293.1499938964844,0.0,-0.0,287.9886779785156,0.7630845904350281,0.1487433910369873,0.1419799029827118,297.1649169921875,297.1499938964844,293.1499938964844,0.0,-0.0,287.98944091796875,0.7276995778083801,0.1277433037757873,0.090280495584011,297.2165222167969,297.1499938964844,293.1499938964844,0.0,-0.0,287.9889221191406,0.7505220770835876,0.1412530243396759,0.1349348276853561,297.1658935546875,297.1499938964844,293.1499938964844,0.0,-0.0,287.9883728027344,0.781073272228241,0.1591192781925201,0.7217217087745667,287.9872436523437,288.1499938964844,287.8538818359375,286.5592346191406,287.8564758300781,297.193603515625,287.97998046875,1.0,0.2824842035770416,1.0,1.0,0.0,1.0,-1.4465020895004272,1.4465004205703735,1.732812165755604e-06,1.10821795463562,0.0,0.0,0.0,41.90703582763672,25.0,-133.163818359375,-0.0,275.75030517578125,1.0,293.1499938964844,293.1499938964844,293.1499938964844,293.1499938964844,293.1499938964844,293.1499938964844,278.1499938964844,0.0,18000.0,313.1499938964844,0.0,18000.0,0.0,0.0,0.0,0.0,0.0,0.0,0.0,0.0,0.0,0.0,-0.0,-0.0,0.0,0.0,0.0,0.0,0.0,-0.0,0.0,0.0,0.0,0.0,0.0,0.0,0.0,0.0,0.0,4.0,0.0,0.0
11870700,297.1234436035156,297.1499938964844,293.1499938964844,0.0,-0.0,287.947998046875,0.7354862093925476,0.1273568570613861,0.1157294884324073,297.2230834960937,297.1499938964844,293.1499938964844,0.0,-0.0,287.947265625,0.7723414301872253,0.1486337482929229,0.1417747437953949,297.16082763671875,297.1499938964844,293.1499938964844,0.0,-0.0,287.947998046875,0.7354131937026978,0.1274349838495254,0.0899829417467117,297.2103881835937,297.1499938964844,293.1499938964844,0.0,-0.0,287.9474792480469,0.7592103481292725,0.141071617603302,0.1346614062786102,297.1564025878906,297.1499938964844,293.1499938964844,0.0,-0.0,287.94696044921875,0.789555013179779,0.1582858860492706,0.7174515128135681,287.9458923339844,288.1499938964844,287.8200988769531,286.52764892578125,287.82275390625,297.1879272460937,287.9389343261719,1.0,0.279132604598999,1.0,1.0,0.0,1.0,-1.4397326707839966,1.439730882644653,1.7179169162773178e-06,1.102753758430481,0.0,0.0,0.0,39.81484603881836,25.0,-123.0449447631836,-0.0,267.7284851074219,1.0,293.1499938964844,293.1499938964844,293.1499938964844,293.1499938964844,293.1499938964844,293.1499938964844,278.1499938964844,0.0,18000.0,313.1499938964844,0.0,18000.0,0.0,0.0,0.0,0.0,0.0,0.0,0.0,0.0,0.0,0.0,-0.0,-0.0,0.0,0.0,0.0,0.0,0.0,-0.0,0.0,0.0,0.0,0.0,0.0,0.0,0.0,0.0,0.0,4.0,0.0,0.0
11870760,297.1202697753906,297.1499938964844,293.1499938964844,0.0,-0.0,287.90826416015625,0.7424209117889404,0.1268772035837173,0.1152076125144958,297.2176818847656,297.1499938964844,293.1499938964844,0.0,-0.0,287.90753173828125,0.7812005281448364,0.148565873503685,0.1416240930557251,297.15753173828125,297.1499938964844,293.1499938964844,0.0,-0.0,287.90826416015625,0.7427627444267273,0.1271807700395584,0.0897374153137207,297.2051086425781,297.1499938964844,293.1499938964844,0.0,-0.0,287.90777587890625,0.7675716876983643,0.1409328281879425,0.1344432979822158,297.1481628417969,297.1499938964844,293.1499938964844,0.0,-0.0,287.90728759765625,0.7975062131881714,0.1575162708759308,0.7135414481163025,287.90625,288.25,287.78564453125,286.4954528808594,287.7883605957031,297.1833801269531,287.8995056152344,1.0,0.2761876285076141,1.0,1.0,0.0,1.0,-1.4336740970611572,1.433672308921814,1.7046488665073412e-06,1.0978550910949707,0.0,0.0,0.0,38.01148986816406,25.0,-115.93286895751952,-0.0,260.77789306640625,1.0,293.1499938964844,293.1499938964844,293.1499938964844,293.1499938964844,293.1499938964844,293.1499938964844,278.1499938964844,0.0,18000.0,313.1499938964844,0.0,18000.0,0.0,0.0,0.0,0.0,0.0,0.0,0.0,0.0,0.0,0.0,-0.0,-0.0,0.0,0.0,0.0,0.0,0.0,-0.0,0.0,0.0,0.0,0.0,0.0,0.0,0.0,0.0,0.0,4.0,0.0,0.0
11870820,297.1159973144531,297.1499938964844,293.1499938964844,0.0,-0.0,287.8319702148437,0.7552356719970703,0.1260634362697601,0.1143322885036468,297.2088623046875,297.1499938964844,293.1499938964844,0.0,-0.0,287.83123779296875,0.7974311113357544,0.1485250890254974,0.1414491832256317,297.15264892578125,297.1499938964844,293.1499938964844,0.0,-0.0,287.8319396972656,0.7564213275909424,0.12678062915802,0.0893547609448432,297.1964416503906,297.1499938964844,293.1499938964844,0.0,-0.0,287.8314514160156,0.7830468416213989,0.1407527178525924,0.1341358423233032,297.1347045898437,297.1499938964844,293.1499938964844,0.0,-0.0,287.8310241699219,0.8115141987800598,0.1561274826526641,0.7065849900245667,287.8299865722656,288.3500061035156,287.715087890625,286.4296264648437,287.7179260253906,297.1768493652344,287.823486328125,1.0,0.2712962627410888,1.0,1.0,0.0,1.0,-1.4232327938079834,1.4232311248779297,1.6819190022943076e-06,1.089390993118286,0.0,0.0,0.0,35.10357666015625,25.0,-107.60749816894533,-0.0,249.413314819336,1.0,293.1499938964844,293.1499938964844,293.1499938964844,293.1499938964844,293.1499938964844,293.1499938964844,278.1499938964844,0.0,18000.0,313.1499938964844,0.0,18000.0,0.0,0.0,0.0,0.0,0.0,0.0,0.0,0.0,0.0,0.0,-0.0,-0.0,0.0,0.0,0.0,0.0,0.0,-0.0,0.0,0.0,0.0,0.0,0.0,0.0,0.0,0.0,0.0,4.0,0.0,0.0
11870880,297.1159973144531,297.1499938964844,293.1499938964844,0.0,-0.0,287.8319702148437,0.7552356719970703,0.1260634362697601,0.1143322885036468,297.2088623046875,297.1499938964844,293.1499938964844,0.0,-0.0,287.83123779296875,0.7974311113357544,0.1485250890254974,0.1414491832256317,297.15264892578125,297.1499938964844,293.1499938964844,0.0,-0.0,287.8319396972656,0.7564213275909424,0.12678062915802,0.0893547609448432,297.1964416503906,297.1499938964844,293.1499938964844,0.0,-0.0,287.8314514160156,0.7830468416213989,0.1407527178525924,0.1341358423233032,297.1347045898437,297.1499938964844,293.1499938964844,0.0,-0.0,287.8310241699219,0.8115141987800598,0.1561274826526641,0.7065849900245667,287.8299865722656,288.3500061035156,287.715087890625,286.4296264648437,287.7179260253906,297.1768493652344,287.823486328125,1.0,0.2712962627410888,1.0,1.0,0.0,1.0,-1.4232327938079834,1.4232311248779297,1.6819190022943076e-06,1.089390993118286,0.0,0.0,0.0,35.10357666015625,25.0,-107.60749816894533,-0.0,249.413314819336,1.0,293.1499938964844,293.1499938964844,293.1499938964844,293.1499938964844,293.1499938964844,293.1499938964844,278.1499938964844,0.0,18000.0,313.1499938964844,0.0,18000.0,0.0,0.0,0.0,0.0,0.0,0.0,0.0,0.0,0.0,0.0,-0.0,-0.0,0.0,0.0,0.0,0.0,0.0,-0.0,0.0,0.0,0.0,0.0,0.0,0.0,0.0,0.0,0.0,4.0,0.0,0.0
11870940,297.1136474609375,297.1499938964844,293.1499938964844,0.0,-0.0,287.7578125,0.7664926648139954,0.1253933608531952,0.1136250719428062,297.2019958496094,297.1499938964844,293.1499938964844,0.0,-0.0,287.757080078125,0.8112539052963257,0.148573637008667,0.141396164894104,297.1492614746094,297.1499938964844,293.1499938964844,0.0,-0.0,287.7577819824219,0.7684881687164307,0.126468539237976,0.0890647247433662,297.1897888183594,297.1499938964844,293.1499938964844,0.0,-0.0,287.7572937011719,0.7965161800384521,0.1406649947166443,0.1339532732963562,297.1246032714844,297.1499938964844,293.1499938964844,0.0,-0.0,287.75689697265625,0.8225358128547668,0.1549052447080612,0.7005451321601868,287.7558898925781,288.45001220703125,287.64324951171875,286.36260986328125,287.6461181640625,297.1725769042969,287.7494506835937,1.0,0.2674582004547119,1.0,1.0,0.0,1.0,-1.4145013093948364,1.4144996404647827,1.6630382333460147e-06,1.0822858810424805,0.0,0.0,0.0,32.918880462646484,25.0,-103.83087158203124,-0.0,240.6246795654297,1.0,293.1499938964844,293.1499938964844,293.1499938964844,293.1499938964844,293.1499938964844,293.1499938964844,278.1499938964844,0.0,18000.0,313.1499938964844,0.0,18000.0,0.0,0.0,0.0,0.0,0.0,0.0,0.0,0.0,0.0,0.0,-0.0,-0.0,0.0,0.0,0.0,0.0,0.0,-0.0,0.0,0.0,0.0,0.0,0.0,0.0,0.0,0.0,0.0,4.0,0.0,0.0
11871000,297.1136474609375,297.1499938964844,293.1499938964844,0.0,-0.0,287.7578125,0.7664926648139954,0.1253933608531952,0.1136250719428062,297.2019958496094,297.1499938964844,293.1499938964844,0.0,-0.0,287.757080078125,0.8112539052963257,0.148573637008667,0.141396164894104,297.1492614746094,297.1499938964844,293.1499938964844,0.0,-0.0,287.7577819824219,0.7684881687164307,0.126468539237976,0.0890647247433662,297.1897888183594,297.1499938964844,293.1499938964844,0.0,-0.0,287.7572937011719,0.7965161800384521,0.1406649947166443,0.1339532732963562,297.1246032714844,297.1499938964844,293.1499938964844,0.0,-0.0,287.75689697265625,0.8225358128547668,0.1549052447080612,0.7005451321601868,287.7558898925781,288.45001220703125,287.64324951171875,286.36260986328125,287.6461181640625,297.1725769042969,287.7494506835937,1.0,0.2674582004547119,1.0,1.0,0.0,1.0,-1.4145013093948364,1.4144996404647827,1.6630382333460147e-06,1.0822858810424805,0.0,0.0,0.0,32.918880462646484,25.0,-103.83087158203124,-0.0,240.6246795654297,1.0,293.1499938964844,293.1499938964844,293.1499938964844,293.1499938964844,293.1499938964844,293.1499938964844,278.1499938964844,0.0,18000.0,313.1499938964844,0.0,18000.0,0.0,0.0,0.0,0.0,0.0,0.0,0.0,0.0,0.0,0.0,-0.0,-0.0,0.0,0.0,0.0,0.0,0.0,-0.0,0.0,0.0,0.0,0.0,0.0,0.0,0.0,0.0,0.0,4.0,0.0,0.0
11871060,297.1125793457031,297.1499938964844,293.1499938964844,0.0,-0.0,287.6846923828125,0.7760361433029175,0.1248240992426872,0.1130361631512641,297.1965637207031,297.1499938964844,293.1499938964844,0.0,-0.0,287.6839294433594,0.8221892714500427,0.1486803293228149,0.1414249986410141,297.1467590332031,297.1499938964844,293.1499938964844,0.0,-0.0,287.6846618652344,0.7787643671035767,0.1262058019638061,0.0888296589255333,297.1845703125,297.1499938964844,293.1499938964844,0.0,-0.0,287.6841735839844,0.8078146576881409,0.1406380087137222,0.1338551491498947,297.1170349121094,297.1499938964844,293.1499938964844,0.0,-0.0,287.68377685546875,0.831363320350647,0.1538146734237671,0.6952342391014099,287.6827697753906,288.54998779296875,287.57098388671875,286.2952880859375,287.5738525390625,297.1694641113281,287.6763610839844,1.0,0.2644188106060028,1.0,1.0,0.0,1.0,-1.407052993774414,1.4070513248443604,1.6470186210426618e-06,1.0762008428573608,0.0,0.0,0.0,31.269229888916016,25.0,-102.10337829589844,-0.0,233.7205505371093,1.0,293.1499938964844,293.1499938964844,293.1499938964844,293.1499938964844,293.1499938964844,293.1499938964844,278.1499938964844,0.0,18000.0,313.1499938964844,0.0,18000.0,0.0,0.0,0.0,0.0,0.0,0.0,0.0,0.0,0.0,0.0,-0.0,-0.0,0.0,0.0,0.0,0.0,0.0,-0.0,0.0,0.0,0.0,0.0,0.0,0.0,0.0,0.0,0.0,4.0,0.0,0.0
11871120,297.1125793457031,297.1499938964844,293.1499938964844,0.0,-0.0,287.6846923828125,0.7760361433029175,0.1248240992426872,0.1130361631512641,297.1965637207031,297.1499938964844,293.1499938964844,0.0,-0.0,287.6839294433594,0.8221892714500427,0.1486803293228149,0.1414249986410141,297.1467590332031,297.1499938964844,293.1499938964844,0.0,-0.0,287.6846618652344,0.7787643671035767,0.1262058019638061,0.0888296589255333,297.1845703125,297.1499938964844,293.1499938964844,0.0,-0.0,287.6841735839844,0.8078146576881409,0.1406380087137222,0.1338551491498947,297.1170349121094,297.1499938964844,293.1499938964844,0.0,-0.0,287.68377685546875,0.831363320350647,0.1538146734237671,0.6952342391014099,287.6827697753906,288.54998779296875,287.57098388671875,286.2952880859375,287.5738525390625,297.1694641113281,287.6763610839844,1.0,0.2644188106060028,1.0,1.0,0.0,1.0,-1.407052993774414,1.4070513248443604,1.6470186210426618e-06,1.0762008428573608,0.0,0.0,0.0,31.269229888916016,25.0,-102.10337829589844,-0.0,233.7205505371093,1.0,293.1499938964844,293.1499938964844,293.1499938964844,293.1499938964844,293.1499938964844,293.1499938964844,278.1499938964844,0.0,18000.0,313.1499938964844,0.0,18000.0,0.0,0.0,0.0,0.0,0.0,0.0,0.0,0.0,0.0,0.0,-0.0,-0.0,0.0,0.0,0.0,0.0,0.0,-0.0,0.0,0.0,0.0,0.0,0.0,0.0,0.0,0.0,0.0,4.0,0.0,0.0
11871180,297.1124572753906,297.1499938964844,293.1499938964844,0.0,-0.0,287.6122741699219,0.78384929895401,0.1243372112512588,0.1125383451581001,297.1921691894531,297.1499938964844,293.1499938964844,0.0,-0.0,287.61151123046875,0.8310309648513794,0.148824080824852,0.1415085047483444,297.1448974609375,297.1499938964844,293.1499938964844,0.0,-0.0,287.6122131347656,0.7872071266174316,0.1259731948375702,0.0886295139789581,297.1803894042969,297.1499938964844,293.1499938964844,0.0,-0.0,287.6117248535156,0.8166524767875671,0.1406503766775131,0.1338139176368713,297.1113586425781,297.1499938964844,293.1499938964844,0.0,-0.0,287.61138916015625,0.8383862972259521,0.152820885181427,0.6904667019844055,287.6103515625,288.6499938964844,287.4992980957031,286.2284851074219,287.5021667480469,297.1664123535156,287.60400390625,1.0,0.2619845867156982,1.0,1.0,0.0,1.0,-1.4005422592163086,1.4005405902862549,1.6330785683749127e-06,1.0708608627319336,0.0,0.0,0.0,30.020130157470703,25.0,-100.9781265258789,-0.0,228.2014617919922,1.0,293.1499938964844,293.1499938964844,293.1499938964844,293.1499938964844,293.1499938964844,293.1499938964844,278.1499938964844,0.0,18000.0,313.1499938964844,0.0,18000.0,0.0,0.0,0.0,0.0,0.0,0.0,0.0,0.0,0.0,0.0,-0.0,-0.0,0.0,0.0,0.0,0.0,0.0,-0.0,0.0,0.0,0.0,0.0,0.0,0.0,0.0,0.0,0.0,4.0,0.0,0.0
11871240,297.1124572753906,297.1499938964844,293.1499938964844,0.0,-0.0,287.6122741699219,0.78384929895401,0.1243372112512588,0.1125383451581001,297.1921691894531,297.1499938964844,293.1499938964844,0.0,-0.0,287.61151123046875,0.8310309648513794,0.148824080824852,0.1415085047483444,297.1448974609375,297.1499938964844,293.1499938964844,0.0,-0.0,287.6122131347656,0.7872071266174316,0.1259731948375702,0.0886295139789581,297.1803894042969,297.1499938964844,293.1499938964844,0.0,-0.0,287.6117248535156,0.8166524767875671,0.1406503766775131,0.1338139176368713,297.1113586425781,297.1499938964844,293.1499938964844,0.0,-0.0,287.61138916015625,0.8383862972259521,0.152820885181427,0.6904667019844055,287.6103515625,288.6499938964844,287.4992980957031,286.2284851074219,287.5021667480469,297.1664123535156,287.60400390625,1.0,0.2619845867156982,1.0,1.0,0.0,1.0,-1.4005422592163086,1.4005405902862549,1.6330785683749127e-06,1.0708608627319336,0.0,0.0,0.0,30.020130157470703,25.0,-100.9781265258789,-0.0,228.2014617919922,1.0,293.1499938964844,293.1499938964844,293.1499938964844,293.1499938964844,293.1499938964844,293.1499938964844,278.1499938964844,0.0,18000.0,313.1499938964844,0.0,18000.0,0.0,0.0,0.0,0.0,0.0,0.0,0.0,0.0,0.0,0.0,-0.0,-0.0,0.0,0.0,0.0,0.0,0.0,-0.0,0.0,0.0,0.0,0.0,0.0,0.0,0.0,0.0,0.0,4.0,0.0,0.0
11871300,297.1126403808594,297.1499938964844,293.1499938964844,0.0,-0.0,287.576416015625,0.7871325016021729,0.1241185814142227,0.1123182624578476,297.1902770996094,297.1499938964844,293.1499938964844,0.0,-0.0,287.5756225585937,0.8348100185394287,0.1489053964614868,0.1415648609399795,297.14410400390625,297.1499938964844,293.1499938964844,0.0,-0.0,287.57635498046875,0.7907641530036926,0.1258652359247207,0.088539108633995,297.1785888671875,297.1499938964844,293.1499938964844,0.0,-0.0,287.57586669921875,0.8202949166297913,0.1406668126583099,0.1338087022304535,297.10906982421875,297.1499938964844,293.1499938964844,0.0,-0.0,287.5755310058594,0.8412787318229675,0.1523517519235611,0.6882398724555969,287.5744934082031,288.6499938964844,287.4639587402344,286.195556640625,287.466796875,297.1651306152344,287.56817626953125,1.0,0.26094850897789,1.0,1.0,0.0,1.0,-1.397557497024536,1.397555947303772,1.6267077853626688e-06,1.0684062242507937,0.0,0.0,0.0,29.51466941833496,25.0,-100.3697509765625,-0.0,225.84718322753903,1.0,293.1499938964844,293.1499938964844,293.1499938964844,293.1499938964844,293.1499938964844,293.1499938964844,278.1499938964844,0.0,18000.0,313.1499938964844,0.0,18000.0,0.0,0.0,0.0,0.0,0.0,0.0,0.0,0.0,0.0,0.0,-0.0,-0.0,0.0,0.0,0.0,0.0,0.0,-0.0,0.0,0.0,0.0,0.0,0.0,0.0,0.0,0.0,0.0,4.0,0.0,0.0
11871360,297.1129455566406,297.1499938964844,293.1499938964844,0.0,-0.0,287.54083251953125,0.7900359034538269,0.1239122971892356,0.1121126860380172,297.1885681152344,297.1499938964844,293.1499938964844,0.0,-0.0,287.5400390625,0.8382189273834229,0.1489912122488021,0.1416284143924713,297.1434326171875,297.1499938964844,293.1499938964844,0.0,-0.0,287.540771484375,0.7939204573631287,0.1257619112730026,0.0884538888931274,297.1769714355469,297.1499938964844,293.1499938964844,0.0,-0.0,287.5402526855469,0.8235252499580383,0.1406882852315902,0.1338111609220504,297.1070861816406,297.1499938964844,293.1499938964844,0.0,-0.0,287.5399475097656,0.8437995910644531,0.151897132396698,0.6860952377319336,287.5389099121094,288.75,287.4291381835937,286.1630554199219,287.43194580078125,297.1639709472656,287.5326538085937,1.0,0.2600099742412567,1.0,1.0,0.0138649316504597,1.0,-1.394713044166565,1.394705295562744,7.8005796240177e-06,1.0660569667816162,0.0,0.0,0.0,29.073387145996094,25.0,-99.61578369140624,-0.0,223.70819091796875,1.0,293.1499938964844,293.1499938964844,293.1499938964844,293.1499938964844,293.1499938964844,293.1499938964844,278.1499938964844,0.0,18000.0,313.1499938964844,0.0,18000.0,0.0,0.0,0.0,0.0,0.0,0.0,0.0,0.0,0.0,0.0,-0.0,-0.0,0.0,0.0,0.0,0.0,0.0,-0.0,0.0,0.0,0.0,0.0,0.0,0.0,0.0,0.0,0.0,4.0,0.0,0.0
11871420,297.11383056640625,297.1499938964844,293.1499938964844,0.0,-0.0,287.4710388183594,0.7947728037834167,0.1235314831137657,0.1117379143834114,297.185546875,297.1499938964844,293.1499938964844,0.0,-0.0,287.4702453613281,0.8440049290657043,0.1491737365722656,0.141772985458374,297.1423645019531,297.1499938964844,293.1499938964844,0.0,-0.0,287.4709777832031,0.7991135716438293,0.1255688965320587,0.0882976874709129,297.1741638183594,297.1499938964844,293.1499938964844,0.0,-0.0,287.4704895019531,0.8289031386375427,0.1407437324523925,0.133835107088089,297.1038513183594,297.1499938964844,293.1499938964844,0.0,-0.0,287.47021484375,0.847792387008667,0.1510250270366668,0.6820139288902283,287.4692077636719,288.8500061035156,287.3614196777344,286.09991455078125,287.36505126953125,297.1620178222656,287.463134765625,1.0,0.2583826780319214,1.0,1.0,0.0415947958827018,1.0,-1.389378309249878,1.389228105545044,0.0001502021623309,1.0615113973617554,0.0,0.0,0.0,28.354368209838867,25.0,-97.18294525146484,-0.0,219.97509765625,1.0,293.1499938964844,293.1499938964844,293.1499938964844,293.1499938964844,293.1499938964844,293.1499938964844,278.1499938964844,0.0,18000.0,313.1499938964844,0.0,18000.0,0.0,0.0,0.0,0.0,0.0,0.0,0.0,0.0,0.0,0.0,-0.0,-0.0,0.0,0.0,0.0,0.0,0.0,-0.0,0.0,0.0,0.0,0.0,0.0,0.0,0.0,0.0,0.0,4.0,0.0,0.0
11871480,297.11383056640625,297.1499938964844,293.1499938964844,0.0,-0.0,287.4710388183594,0.7947728037834167,0.1235314831137657,0.1117379143834114,297.185546875,297.1499938964844,293.1499938964844,0.0,-0.0,287.4702453613281,0.8440049290657043,0.1491737365722656,0.141772985458374,297.1423645019531,297.1499938964844,293.1499938964844,0.0,-0.0,287.4709777832031,0.7991135716438293,0.1255688965320587,0.0882976874709129,297.1741638183594,297.1499938964844,293.1499938964844,0.0,-0.0,287.4704895019531,0.8289031386375427,0.1407437324523925,0.133835107088089,297.1038513183594,297.1499938964844,293.1499938964844,0.0,-0.0,287.47021484375,0.847792387008667,0.1510250270366668,0.6820139288902283,287.4692077636719,288.8500061035156,287.3614196777344,286.09991455078125,287.36505126953125,297.1620178222656,287.463134765625,1.0,0.2583826780319214,1.0,1.0,0.0415947958827018,1.0,-1.389378309249878,1.389228105545044,0.0001502021623309,1.0615113973617554,0.0,0.0,0.0,28.354368209838867,25.0,-97.18294525146484,-0.0,219.97509765625,1.0,293.1499938964844,293.1499938964844,293.1499938964844,293.1499938964844,293.1499938964844,293.1499938964844,278.1499938964844,0.0,18000.0,313.1499938964844,0.0,18000.0,0.0,0.0,0.0,0.0,0.0,0.0,0.0,0.0,0.0,0.0,-0.0,-0.0,0.0,0.0,0.0,0.0,0.0,-0.0,0.0,0.0,0.0,0.0,0.0,0.0,0.0,0.0,0.0,4.0,0.0,0.0
11871540,297.114990234375,297.1499938964844,293.1499938964844,0.0,-0.0,287.4056091308594,0.7982981204986572,0.1231905817985534,0.1114050820469856,297.1830444335937,297.1499938964844,293.1499938964844,0.0,-0.0,287.4049072265625,0.8486093282699585,0.1493705064058303,0.1419370770454406,297.1416320800781,297.1499938964844,293.1499938964844,0.0,-0.0,287.4055480957031,0.8030440211296082,0.1253967583179474,0.0881599187850952,297.1718444824219,297.1499938964844,293.1499938964844,0.0,-0.0,287.40509033203125,0.8330944180488586,0.1408155709505081,0.1338806003332138,297.1014709472656,297.1499938964844,293.1499938964844,0.0,-0.0,287.4048767089844,0.8505815863609314,0.1501962393522262,0.6781628131866455,287.4039611816406,288.95001220703125,287.2970886230469,286.0398254394531,287.31072998046875,297.160400390625,287.39862060546875,1.0,0.25702103972435,1.0,1.0,0.0693246573209762,1.0,-1.3844417333602903,1.3827526569366455,0.0016890380065888,1.0558940172195437,0.0,0.0,0.0,27.80634880065918,25.0,-89.9569320678711,-0.0,216.81884765625,1.0,293.1499938964844,293.1499938964844,293.1499938964844,293.1499938964844,293.1499938964844,293.1499938964844,278.1499938964844,0.0,18000.0,313.1499938964844,0.0,18000.0,0.0,0.0,0.0,0.0,0.0,0.0,0.0,0.0,0.0,0.0,-0.0,-0.0,0.0,0.0,0.0,0.0,0.0,-0.0,0.0,0.0,0.0,0.0,0.0,0.0,0.0,0.0,0.0,4.0,0.0,0.0
11871600,297.114990234375,297.1499938964844,293.1499938964844,0.0,-0.0,287.4056091308594,0.7982981204986572,0.1231905817985534,0.1114050820469856,297.1830444335937,297.1499938964844,293.1499938964844,0.0,-0.0,287.4049072265625,0.8486093282699585,0.1493705064058303,0.1419370770454406,297.1416320800781,297.1499938964844,293.1499938964844,0.0,-0.0,287.4055480957031,0.8030440211296082,0.1253967583179474,0.0881599187850952,297.1718444824219,297.1499938964844,293.1499938964844,0.0,-0.0,287.40509033203125,0.8330944180488586,0.1408155709505081,0.1338806003332138,297.1014709472656,297.1499938964844,293.1499938964844,0.0,-0.0,287.4048767089844,0.8505815863609314,0.1501962393522262,0.6781628131866455,287.4039611816406,288.95001220703125,287.2970886230469,286.0398254394531,287.31072998046875,297.160400390625,287.39862060546875,1.0,0.25702103972435,1.0,1.0,0.0693246573209762,1.0,-1.3844417333602903,1.3827526569366455,0.0016890380065888,1.0558940172195437,0.0,0.0,0.0,27.80634880065918,25.0,-89.9569320678711,-0.0,216.81884765625,1.0,293.1499938964844,293.1499938964844,293.1499938964844,293.1499938964844,293.1499938964844,293.1499938964844,278.1499938964844,0.0,18000.0,313.1499938964844,0.0,18000.0,0.0,0.0,0.0,0.0,0.0,0.0,0.0,0.0,0.0,0.0,-0.0,-0.0,0.0,0.0,0.0,0.0,0.0,-0.0,0.0,0.0,0.0,0.0,0.0,0.0,0.0,0.0,0.0,4.0,0.0,0.0
11871660,297.1168212890625,297.1499938964844,293.1499938964844,0.0,-0.0,287.38018798828125,0.8009061217308044,0.1229317709803581,0.1111306473612785,297.1813659667969,297.1499938964844,293.1499938964844,0.0,-0.0,287.380615234375,0.8522775769233704,0.14961738884449,0.142135813832283,297.1415710449219,297.1499938964844,293.1499938964844,0.0,-0.0,287.3802185058594,0.8060065507888794,0.1252831369638443,0.0880535170435905,297.1703491210937,297.1499938964844,293.1499938964844,0.0,-0.0,287.3804931640625,0.8363744616508484,0.140937939286232,0.1339620351791381,297.10009765625,297.1499938964844,293.1499938964844,0.0,-0.0,287.3806457519531,0.8524245619773865,0.1494422852993011,0.6745901107788086,287.3812866210937,289.04998779296875,287.2371520996094,285.9837341308594,287.4422607421875,297.1593933105469,287.3868408203125,1.0,0.2558631300926208,1.0,1.0,0.1183295920491218,1.0,-1.380031704902649,1.3494304418563845,0.0306012388318777,1.0234404802322388,0.0,0.0,0.0,27.381134033203125,25.0,-5.849776268005371,-0.0,214.130111694336,1.0,293.1499938964844,293.1499938964844,293.1499938964844,293.1499938964844,293.1499938964844,293.1499938964844,278.1499938964844,0.0,18000.0,313.1499938964844,0.0,18000.0,0.0,0.0,0.0,0.0,0.0,0.0,0.0,0.0,0.0,0.0,-0.0,-0.0,0.0,0.0,0.0,0.0,0.0,-0.0,0.0,0.0,0.0,0.0,0.0,0.0,0.0,0.0,0.0,4.0,0.0,0.0
11871720,297.1168212890625,297.1499938964844,293.1499938964844,0.0,-0.0,287.38018798828125,0.8009061217308044,0.1229317709803581,0.1111306473612785,297.1813659667969,297.1499938964844,293.1499938964844,0.0,-0.0,287.380615234375,0.8522775769233704,0.14961738884449,0.142135813832283,297.1415710449219,297.1499938964844,293.1499938964844,0.0,-0.0,287.3802185058594,0.8060065507888794,0.1252831369638443,0.0880535170435905,297.1703491210937,297.1499938964844,293.1499938964844,0.0,-0.0,287.3804931640625,0.8363744616508484,0.140937939286232,0.1339620351791381,297.10009765625,297.1499938964844,293.1499938964844,0.0,-0.0,287.3806457519531,0.8524245619773865,0.1494422852993011,0.6745901107788086,287.3812866210937,289.04998779296875,287.2371520996094,285.9837341308594,287.4422607421875,297.1593933105469,287.3868408203125,1.0,0.2558631300926208,1.0,1.0,0.1183295920491218,1.0,-1.380031704902649,1.3494304418563845,0.0306012388318777,1.0234404802322388,0.0,0.0,0.0,27.381134033203125,25.0,-5.849776268005371,-0.0,214.130111694336,1.0,293.1499938964844,293.1499938964844,293.1499938964844,293.1499938964844,293.1499938964844,293.1499938964844,278.1499938964844,0.0,18000.0,313.1499938964844,0.0,18000.0,0.0,0.0,0.0,0.0,0.0,0.0,0.0,0.0,0.0,0.0,-0.0,-0.0,0.0,0.0,0.0,0.0,0.0,-0.0,0.0,0.0,0.0,0.0,0.0,0.0,0.0,0.0,0.0,4.0,0.0,0.0
11871780,297.12310791015625,297.1499938964844,293.1499938964844,0.0,-0.0,287.56817626953125,0.8054037094116211,0.1231410130858421,0.1111481487751007,297.1837158203125,297.1499938964844,293.1499938964844,0.0,-0.0,287.5715637207031,0.8576530814170837,0.1502446234226226,0.1425764113664627,297.14532470703125,297.1499938964844,293.1499938964844,0.0,-0.0,287.56854248046875,0.8106056451797485,0.1255500763654709,0.0881284847855568,297.17266845703125,297.1499938964844,293.1499938964844,0.0,-0.0,287.57061767578125,0.8412628173828125,0.1414241045713424,0.1342755407094955,297.10302734375,297.1499938964844,293.1499938964844,0.0,-0.0,287.5715026855469,0.8559766411781311,0.149099200963974,0.672288715839386,287.5757751464844,289.1499938964844,287.1824951171875,285.9324645996094,287.90692138671875,297.1618347167969,287.60125732421875,1.0,0.2549335658550262,1.0,1.0,0.1673345267772674,1.0,-1.378282070159912,1.2767771482467651,0.1015049740672111,0.9512505531311036,0.0,0.0,0.0,26.880903244018555,25.0,246.98036193847656,-0.0,212.21340942382807,1.0,293.1499938964844,293.1499938964844,293.1499938964844,293.1499938964844,293.1499938964844,293.1499938964844,278.1499938964844,0.0,18000.0,313.1499938964844,0.0,18000.0,0.0,0.0,0.0,0.0,0.0,0.0,0.0,0.0,0.0,0.0,-0.0,-0.0,0.0,0.0,0.0,0.0,0.0,-0.0,0.0,0.0,0.0,0.0,0.0,0.0,0.0,0.0,0.0,4.0,0.0,0.0
11871840,297.12310791015625,297.1499938964844,293.1499938964844,0.0,-0.0,287.56817626953125,0.8054037094116211,0.1231410130858421,0.1111481487751007,297.1837158203125,297.1499938964844,293.1499938964844,0.0,-0.0,287.5715637207031,0.8576530814170837,0.1502446234226226,0.1425764113664627,297.14532470703125,297.1499938964844,293.1499938964844,0.0,-0.0,287.56854248046875,0.8106056451797485,0.1255500763654709,0.0881284847855568,297.17266845703125,297.1499938964844,293.1499938964844,0.0,-0.0,287.57061767578125,0.8412628173828125,0.1414241045713424,0.1342755407094955,297.10302734375,297.1499938964844,293.1499938964844,0.0,-0.0,287.5715026855469,0.8559766411781311,0.149099200963974,0.672288715839386,287.5757751464844,289.1499938964844,287.1824951171875,285.9324645996094,287.90692138671875,297.1618347167969,287.60125732421875,1.0,0.2549335658550262,1.0,1.0,0.1673345267772674,1.0,-1.378282070159912,1.2767771482467651,0.1015049740672111,0.9512505531311036,0.0,0.0,0.0,26.880903244018555,25.0,246.98036193847656,-0.0,212.21340942382807,1.0,293.1499938964844,293.1499938964844,293.1499938964844,293.1499938964844,293.1499938964844,293.1499938964844,278.1499938964844,0.0,18000.0,313.1499938964844,0.0,18000.0,0.0,0.0,0.0,0.0,0.0,0.0,0.0,0.0,0.0,0.0,-0.0,-0.0,0.0,0.0,0.0,0.0,0.0,-0.0,0.0,0.0,0.0,0.0,0.0,0.0,0.0,0.0,0.0,4.0,0.0,0.0
11871900,297.12908935546875,297.1499938964844,293.1499938964844,0.0,-0.0,287.69891357421875,0.8102473020553589,0.123555950820446,0.1114135682582855,297.1875,297.1499938964844,293.1499938964844,0.0,-0.0,287.7017822265625,0.8629457354545593,0.1508296877145767,0.143026202917099,297.1496887207031,297.1499938964844,293.1499938964844,0.0,-0.0,287.69921875,0.81528639793396,0.1259485781192779,0.0883324369788169,297.17633056640625,297.1499938964844,293.1499938964844,0.0,-0.0,287.70098876953125,0.8461664319038391,0.1419261246919632,0.1346508413553238,297.1072692871094,297.1499938964844,293.1499938964844,0.0,-0.0,287.7016906738281,0.8603488802909851,0.1492170989513397,0.6722971796989441,287.70526123046875,289.1499938964844,287.157470703125,285.90887451171875,288.03924560546875,297.1654663085937,287.7260131835937,1.0,0.2546174824237823,1.0,1.0,0.1918369978666305,1.0,-1.3798446655273438,1.2568519115447998,0.1229926720261573,0.9310124516487122,0.0,0.0,0.0,26.48663902282715,25.0,288.7001953125,-0.0,211.8403778076172,1.0,293.1499938964844,293.1499938964844,293.1499938964844,293.1499938964844,293.1499938964844,293.1499938964844,278.1499938964844,0.0,18000.0,313.1499938964844,0.0,18000.0,0.0,0.0,0.0,0.0,0.0,0.0,0.0,0.0,0.0,0.0,-0.0,-0.0,0.0,0.0,0.0,0.0,0.0,-0.0,0.0,0.0,0.0,0.0,0.0,0.0,0.0,0.0,0.0,4.0,0.0,0.0
11871960,297.1361083984375,297.1499938964844,293.1499938964844,0.0,-0.0,287.81866455078125,0.8163756132125854,0.1241121664643287,0.111830286681652,297.1924743652344,297.1499938964844,293.1499938964844,0.0,-0.0,287.8216857910156,0.8698258996009827,0.1515535712242126,0.1436239629983902,297.1551208496094,297.1499938964844,293.1499938964844,0.0,-0.0,287.8189697265625,0.821255087852478,0.1264795213937759,0.088641732931137,297.1810913085937,297.1499938964844,293.1499938964844,0.0,-0.0,287.82080078125,0.852576494216919,0.1425607651472091,0.1351673156023025,297.11279296875,297.1499938964844,293.1499938964844,0.0,-0.0,287.8215026855469,0.8662997484207153,0.149488016963005,0.673069179058075,287.8253173828125,289.25,287.13409423828125,285.8868408203125,288.2010803222656,297.1701354980469,287.8482360839844,1.0,0.2544224858283996,1.0,1.0,0.2170678079128265,1.0,-1.3829790353775024,1.234196424484253,0.1487826108932495,0.9077506065368652,0.0,0.0,0.0,26.02640724182129,25.0,321.0335998535156,-0.0,211.889389038086,1.0,293.1499938964844,293.1499938964844,293.1499938964844,293.1499938964844,293.1499938964844,293.1499938964844,278.1499938964844,0.0,18000.0,313.1499938964844,0.0,18000.0,0.0,0.0,0.0,0.0,0.0,0.0,0.0,0.0,0.0,0.0,-0.0,-0.0,0.0,0.0,0.0,0.0,0.0,-0.0,0.0,0.0,0.0,0.0,0.0,0.0,0.0,0.0,0.0,4.0,0.0,0.0
11872020,297.1528625488281,297.1499938964844,293.1499938964844,0.0,-0.0,288.1156005859375,0.8319084644317627,0.1256317794322967,0.1130212768912315,297.2055969238281,297.1499938964844,293.1499938964844,0.0,-0.0,288.11962890625,0.8879387378692627,0.1534181535243988,0.1452004462480545,297.1688842773437,297.1499938964844,293.1499938964844,0.0,-0.0,288.1159973144531,0.8366657495498657,0.1279346048831939,0.0895265787839889,297.1936950683594,297.1499938964844,293.1499938964844,0.0,-0.0,288.11846923828125,0.8696411848068237,0.144226923584938,0.136563241481781,297.1273803710937,297.1499938964844,293.1499938964844,0.0,-0.0,288.1192932128906,0.8825494050979614,0.1504894345998764,0.6766117215156555,288.1244812011719,289.3500061035156,287.0928955078125,285.8477783203125,288.6135559082031,297.18218994140625,288.1551208496094,1.0,0.2544228434562683,1.0,1.0,0.2675294578075409,1.0,-1.3932886123657229,1.180999994277954,0.2122886031866073,0.8525732159614563,0.0,0.0,0.0,24.98797416687012,25.0,417.0120239257813,-0.0,213.20350646972656,1.0,293.1499938964844,293.1499938964844,293.1499938964844,293.1499938964844,293.1499938964844,293.1499938964844,278.1499938964844,0.0,18000.0,313.1499938964844,0.0,18000.0,0.0,0.0,0.0,0.0,0.0,0.0,0.0,0.0,0.0,0.0,-0.0,-0.0,0.0,0.0,0.0,0.0,0.0,-0.0,0.0,0.0,0.0,0.0,0.0,0.0,0.0,0.0,0.0,4.0,0.0,0.0
11872080,297.1528625488281,297.1499938964844,293.1499938964844,0.0,-0.0,288.1156005859375,0.8319084644317627,0.1256317794322967,0.1130212768912315,297.2055969238281,297.1499938964844,293.1499938964844,0.0,-0.0,288.11962890625,0.8879387378692627,0.1534181535243988,0.1452004462480545,297.1688842773437,297.1499938964844,293.1499938964844,0.0,-0.0,288.1159973144531,0.8366657495498657,0.1279346048831939,0.0895265787839889,297.1936950683594,297.1499938964844,293.1499938964844,0.0,-0.0,288.11846923828125,0.8696411848068237,0.144226923584938,0.136563241481781,297.1273803710937,297.1499938964844,293.1499938964844,0.0,-0.0,288.1192932128906,0.8825494050979614,0.1504894345998764,0.6766117215156555,288.1244812011719,289.3500061035156,287.0928955078125,285.8477783203125,288.6135559082031,297.18218994140625,288.1551208496094,1.0,0.2544228434562683,1.0,1.0,0.2675294578075409,1.0,-1.3932886123657229,1.180999994277954,0.2122886031866073,0.8525732159614563,0.0,0.0,0.0,24.98797416687012,25.0,417.0120239257813,-0.0,213.20350646972656,1.0,293.1499938964844,293.1499938964844,293.1499938964844,293.1499938964844,293.1499938964844,293.1499938964844,278.1499938964844,0.0,18000.0,313.1499938964844,0.0,18000.0,0.0,0.0,0.0,0.0,0.0,0.0,0.0,0.0,0.0,0.0,-0.0,-0.0,0.0,0.0,0.0,0.0,0.0,-0.0,0.0,0.0,0.0,0.0,0.0,0.0,0.0,0.0,0.0,4.0,0.0,0.0
11872140,297.1739196777344,297.1499938964844,293.1499938964844,0.0,-0.0,288.5055236816406,0.8546481132507324,0.1277952343225479,0.1147498860955238,297.2235412597656,297.1499938964844,293.1499938964844,0.0,-0.0,288.5106201171875,0.9147682189941406,0.1559353321790695,0.1473524719476699,297.1869812011719,297.1499938964844,293.1499938964844,0.0,-0.0,288.5060119628906,0.8595141172409058,0.1300034970045089,0.0908112674951553,297.2108459472656,297.1499938964844,293.1499938964844,0.0,-0.0,288.5091247558594,0.8948384523391724,0.1465131193399429,0.1385057866573333,297.1471862792969,297.1499938964844,293.1499938964844,0.0,-0.0,288.51007080078125,0.9070248007774352,0.1522062420845031,0.6831552386283875,288.51666259765625,289.45001220703125,287.0598449707031,285.81610107421875,289.1327514648437,297.1983642578125,288.5552673339844,1.0,0.2550186812877655,1.0,1.0,0.3179910778999328,1.0,-1.409672737121582,1.118752121925354,0.2909207046031952,0.7871623039245605,0.0,0.0,0.0,23.761425018310547,25.0,537.0326538085938,-0.0,216.36642456054688,1.0,293.1499938964844,293.1499938964844,293.1499938964844,293.1499938964844,293.1499938964844,293.1499938964844,278.1499938964844,0.0,18000.0,313.1499938964844,0.0,18000.0,0.0,0.0,0.0,0.0,0.0,0.0,0.0,0.0,0.0,0.0,-0.0,-0.0,0.0,0.0,0.0,0.0,0.0,-0.0,0.0,0.0,0.0,0.0,0.0,0.0,0.0,0.0,0.0,4.0,0.0,0.0
11872200,297.1739196777344,297.1499938964844,293.1499938964844,0.0,-0.0,288.5055236816406,0.8546481132507324,0.1277952343225479,0.1147498860955238,297.2235412597656,297.1499938964844,293.1499938964844,0.0,-0.0,288.5106201171875,0.9147682189941406,0.1559353321790695,0.1473524719476699,297.1869812011719,297.1499938964844,293.1499938964844,0.0,-0.0,288.5060119628906,0.8595141172409058,0.1300034970045089,0.0908112674951553,297.2108459472656,297.1499938964844,293.1499938964844,0.0,-0.0,288.5091247558594,0.8948384523391724,0.1465131193399429,0.1385057866573333,297.1471862792969,297.1499938964844,293.1499938964844,0.0,-0.0,288.51007080078125,0.9070248007774352,0.1522062420845031,0.6831552386283875,288.51666259765625,289.45001220703125,287.0598449707031,285.81610107421875,289.1327514648437,297.1983642578125,288.5552673339844,1.0,0.2550186812877655,1.0,1.0,0.3179910778999328,1.0,-1.409672737121582,1.118752121925354,0.2909207046031952,0.7871623039245605,0.0,0.0,0.0,23.761425018310547,25.0,537.0326538085938,-0.0,216.36642456054688,1.0,293.1499938964844,293.1499938964844,293.1499938964844,293.1499938964844,293.1499938964844,293.1499938964844,278.1499938964844,0.0,18000.0,313.1499938964844,0.0,18000.0,0.0,0.0,0.0,0.0,0.0,0.0,0.0,0.0,0.0,0.0,-0.0,-0.0,0.0,0.0,0.0,0.0,0.0,-0.0,0.0,0.0,0.0,0.0,0.0,0.0,0.0,0.0,0.0,4.0,0.0,0.0
11872260,297.1992492675781,297.1499938964844,293.1499938964844,0.0,-0.0,288.9283447265625,0.8910415172576904,0.1306621581315994,0.1171023622155189,297.2463073730469,297.1499938964844,293.1499938964844,0.0,-0.0,288.9329528808594,0.9583563804626464,0.1591710895299911,0.1501699090003967,297.2094421386719,297.1499938964844,293.1499938964844,0.0,-0.0,288.92877197265625,0.8959758877754211,0.1327443122863769,0.0925562679767608,297.2325744628906,297.1499938964844,293.1499938964844,0.0,-0.0,288.9315795898437,0.936382293701172,0.1494818776845932,0.1410797089338302,297.1724853515625,297.1499938964844,293.1499938964844,0.0,-0.0,288.932373046875,0.948960781097412,0.1547275930643081,0.6932048201560974,288.9383850097656,289.54998779296875,287.0359191894531,285.79266357421875,289.5263366699219,297.21881103515625,288.9728088378906,1.0,0.2563304901123047,1.0,1.0,0.3505571186542511,1.0,-1.4331238269805908,1.0809425115585327,0.3521813750267029,0.7447031140327454,0.0,0.0,0.0,22.29393196105957,25.0,560.1956176757812,-0.0,221.7605743408203,1.0,293.1499938964844,293.1499938964844,293.1499938964844,293.1499938964844,293.1499938964844,293.1499938964844,278.1499938964844,0.0,18000.0,313.1499938964844,0.0,18000.0,0.0,0.0,0.0,0.0,0.0,0.0,0.0,0.0,0.0,0.0,-0.0,-0.0,0.0,0.0,0.0,0.0,0.0,-0.0,0.0,0.0,0.0,0.0,0.0,0.0,0.0,0.0,0.0,4.0,0.0,0.0
11872320,297.1992492675781,297.1499938964844,293.1499938964844,0.0,-0.0,288.9283447265625,0.8910415172576904,0.1306621581315994,0.1171023622155189,297.2463073730469,297.1499938964844,293.1499938964844,0.0,-0.0,288.9329528808594,0.9583563804626464,0.1591710895299911,0.1501699090003967,297.2094421386719,297.1499938964844,293.1499938964844,0.0,-0.0,288.92877197265625,0.8959758877754211,0.1327443122863769,0.0925562679767608,297.2325744628906,297.1499938964844,293.1499938964844,0.0,-0.0,288.9315795898437,0.936382293701172,0.1494818776845932,0.1410797089338302,297.1724853515625,297.1499938964844,293.1499938964844,0.0,-0.0,288.932373046875,0.948960781097412,0.1547275930643081,0.6932048201560974,288.9383850097656,289.54998779296875,287.0359191894531,285.79266357421875,289.5263366699219,297.21881103515625,288.9728088378906,1.0,0.2563304901123047,1.0,1.0,0.3505571186542511,1.0,-1.4331238269805908,1.0809425115585327,0.3521813750267029,0.7447031140327454,0.0,0.0,0.0,22.29393196105957,25.0,560.1956176757812,-0.0,221.7605743408203,1.0,293.1499938964844,293.1499938964844,293.1499938964844,293.1499938964844,293.1499938964844,293.1499938964844,278.1499938964844,0.0,18000.0,313.1499938964844,0.0,18000.0,0.0,0.0,0.0,0.0,0.0,0.0,0.0,0.0,0.0,0.0,-0.0,-0.0,0.0,0.0,0.0,0.0,0.0,-0.0,0.0,0.0,0.0,0.0,0.0,0.0,0.0,0.0,0.0,4.0,0.0,0.0
11872380,297.22625732421875,297.1499938964844,293.1499938964844,0.0,-0.0,289.33319091796875,0.9255287647247314,0.1340235769748687,0.1199718564748764,297.2740173339844,297.1499938964844,293.1499938964844,0.0,-0.0,289.3368225097656,0.9762130975723268,0.163188099861145,0.1465158015489578,297.2340393066406,297.1499938964844,293.1499938964844,0.0,-0.0,289.33355712890625,0.9308883547782898,0.1359898149967193,0.0947046652436256,297.2567138671875,297.1499938964844,293.1499938964844,0.0,-0.0,289.3363342285156,0.9713597297668456,0.1529747694730758,0.144216313958168,297.2011108398437,297.1499938964844,293.1499938964844,0.0,-0.0,289.3370666503906,0.9810703992843628,0.157911941409111,0.7065468430519104,289.3429870605469,289.6499938964844,287.0220031738281,285.7783508300781,289.9261779785156,297.2423095703125,289.3773803710937,1.0,0.2581603229045868,1.0,1.0,0.3831231892108917,1.0,-1.4543402194976809,1.039441466331482,0.4148987233638763,0.6991461515426636,0.0,0.0,0.0,21.45931434631348,43.0,563.7109985351562,-0.0,228.01480102539065,1.0,293.1499938964844,293.1499938964844,293.1499938964844,293.1499938964844,293.1499938964844,293.1499938964844,278.1499938964844,0.0,18000.0,313.1499938964844,0.0,18000.0,0.0,0.0,0.0,0.0,0.0,0.0,0.0,0.0,0.0,0.0,-0.0,-0.0,0.0,0.0,0.0,0.0,0.0,-0.0,0.0,0.0,0.0,0.0,0.0,0.0,0.0,0.0,0.0,4.0,0.0,0.0
11872440,297.22625732421875,297.1499938964844,293.1499938964844,0.0,-0.0,289.33319091796875,0.9255287647247314,0.1340235769748687,0.1199718564748764,297.2740173339844,297.1499938964844,293.1499938964844,0.0,-0.0,289.3368225097656,0.9762130975723268,0.163188099861145,0.1465158015489578,297.2340393066406,297.1499938964844,293.1499938964844,0.0,-0.0,289.33355712890625,0.9308883547782898,0.1359898149967193,0.0947046652436256,297.2567138671875,297.1499938964844,293.1499938964844,0.0,-0.0,289.3363342285156,0.9713597297668456,0.1529747694730758,0.144216313958168,297.2011108398437,297.1499938964844,293.1499938964844,0.0,-0.0,289.3370666503906,0.9810703992843628,0.157911941409111,0.7065468430519104,289.3429870605469,289.6499938964844,287.0220031738281,285.7783508300781,289.9261779785156,297.2423095703125,289.3773803710937,1.0,0.2581603229045868,1.0,1.0,0.3831231892108917,1.0,-1.4543402194976809,1.039441466331482,0.4148987233638763,0.6991461515426636,0.0,0.0,0.0,21.45931434631348,43.0,563.7109985351562,-0.0,228.01480102539065,1.0,293.1499938964844,293.1499938964844,293.1499938964844,293.1499938964844,293.1499938964844,293.1499938964844,278.1499938964844,0.0,18000.0,313.1499938964844,0.0,18000.0,0.0,0.0,0.0,0.0,0.0,0.0,0.0,0.0,0.0,0.0,-0.0,-0.0,0.0,0.0,0.0,0.0,0.0,-0.0,0.0,0.0,0.0,0.0,0.0,0.0,0.0,0.0,0.0,4.0,0.0,0.0
11872500,297.2403259277344,297.1499938964844,293.1499938964844,0.0,-0.0,289.5371398925781,0.9255458116531372,0.135884940624237,0.1215888187289238,297.2923583984375,297.1499938964844,293.1499938964844,0.0,-0.0,289.5408630371094,0.980539858341217,0.1657737642526626,0.1506722867488861,297.2470397949219,297.1499938964844,293.1499938964844,0.0,-0.0,289.5375061035156,0.9306875467300416,0.1377959698438644,0.0959233343601226,297.26959228515625,297.1499938964844,293.1499938964844,0.0,-0.0,289.540283203125,0.9710053205490112,0.1549127846956253,0.1459876149892807,297.2164306640625,297.1499938964844,293.1499938964844,0.0,-0.0,289.5409545898437,0.980401873588562,0.1597384661436081,0.7143849730491638,289.5469665527344,289.6499938964844,287.01910400390625,285.77490234375,290.133056640625,297.25701904296875,289.58184814453125,1.0,0.2621325552463531,1.0,1.0,0.3994061946868896,1.0,-1.4744594097137451,1.0242780447006226,0.4501813352108001,0.6797119975090027,0.0,0.0,0.0,21.99053192138672,43.0,568.1235961914062,-0.0,237.3806304931641,1.0,293.1499938964844,293.1499938964844,293.1499938964844,293.1499938964844,293.1499938964844,293.1499938964844,278.1499938964844,0.0,18000.0,313.1499938964844,0.0,18000.0,0.0,0.0,0.0,0.0,0.0,0.0,0.0,0.0,0.0,0.0,-0.0,-0.0,0.0,0.0,0.0,0.0,0.0,-0.0,0.0,0.0,0.0,0.0,0.0,0.0,0.0,0.0,0.0,4.0,0.0,0.0
11872560,297.2545471191406,297.1499938964844,293.1499938964844,0.0,-0.0,289.7318115234375,0.8990486264228821,0.1378553062677383,0.1233682185411453,297.3053283691406,297.1499938964844,293.1499938964844,0.0,-0.0,289.7353820800781,0.9670995473861694,0.1679529845714569,0.1582761108875274,297.2602844238281,297.1499938964844,293.1499938964844,0.0,-0.0,289.7320861816406,0.9032660126686096,0.1397107988595962,0.0972683504223823,297.28277587890625,297.1499938964844,293.1499938964844,0.0,-0.0,289.7343139648437,0.9440601468086244,0.1569653898477554,0.1479352265596389,297.232177734375,297.1499938964844,293.1499938964844,0.0,-0.0,289.73486328125,0.954612910747528,0.1617049872875213,0.7231796979904175,289.7396240234375,289.75,287.0190734863281,285.7740173339844,290.1993408203125,297.26959228515625,289.7646789550781,1.0,0.2677653431892395,1.0,1.0,0.4017699062824249,1.0,-1.497056484222412,1.032822847366333,0.4642336964607239,0.684197187423706,0.0,0.0,0.0,23.851118087768555,61.0,516.5540771484375,-0.0,252.0006561279297,1.0,293.1499938964844,293.1499938964844,293.1499938964844,293.1499938964844,293.1499938964844,293.1499938964844,278.1499938964844,0.0,18000.0,313.1499938964844,0.0,18000.0,0.0,0.0,0.0,0.0,0.0,0.0,0.0,0.0,0.0,0.0,-0.0,-0.0,0.0,0.0,0.0,0.0,0.0,-0.0,0.0,0.0,0.0,0.0,0.0,0.0,0.0,0.0,0.0,4.0,0.0,0.0
11872620,297.2799987792969,297.1499938964844,293.1499938964844,0.0,-0.0,289.969970703125,0.8294112086296082,0.1417631357908249,0.1271311640739441,297.32794189453125,297.1499938964844,293.1499938964844,0.0,-0.0,289.9720764160156,0.8835616707801819,0.1722149550914764,0.1625491380691528,297.284423828125,297.1499938964844,293.1499938964844,0.0,-0.0,289.9701232910156,0.8326854109764099,0.1435607820749282,0.1001405194401741,297.30712890625,297.1499938964844,293.1499938964844,0.0,-0.0,289.9714050292969,0.8639798760414124,0.161118671298027,0.1520999521017074,297.2616271972656,297.1499938964844,293.1499938964844,0.0,-0.0,289.9717102050781,0.8722423911094666,0.1657354533672332,0.7423160076141357,289.9745178222656,289.8500061035156,287.0281066894531,285.7804870605469,290.2850341796875,297.29180908203125,289.99029541015625,1.0,0.2826908230781555,1.0,1.0,0.4064972698688507,1.0,-1.5413076877593994,1.0523321628570557,0.4889755547046661,0.6942912936210632,0.0,0.0,0.0,30.8729305267334,79.0,357.51336669921875,-0.0,289.0898742675781,1.0,293.1499938964844,293.1499938964844,293.1499938964844,293.1499938964844,293.1499938964844,293.1499938964844,278.1499938964844,0.0,18000.0,313.1499938964844,0.0,18000.0,0.0,0.0,0.0,0.0,0.0,0.0,0.0,0.0,0.0,0.0,-0.0,-0.0,0.0,0.0,0.0,0.0,0.0,-0.0,0.0,0.0,0.0,0.0,0.0,0.0,0.0,0.0,0.0,4.0,0.0,0.0
11872680,297.2799987792969,297.1499938964844,293.1499938964844,0.0,-0.0,289.969970703125,0.8294112086296082,0.1417631357908249,0.1271311640739441,297.32794189453125,297.1499938964844,293.1499938964844,0.0,-0.0,289.9720764160156,0.8835616707801819,0.1722149550914764,0.1625491380691528,297.284423828125,297.1499938964844,293.1499938964844,0.0,-0.0,289.9701232910156,0.8326854109764099,0.1435607820749282,0.1001405194401741,297.30712890625,297.1499938964844,293.1499938964844,0.0,-0.0,289.9714050292969,0.8639798760414124,0.161118671298027,0.1520999521017074,297.2616271972656,297.1499938964844,293.1499938964844,0.0,-0.0,289.9717102050781,0.8722423911094666,0.1657354533672332,0.7423160076141357,289.9745178222656,289.8500061035156,287.0281066894531,285.7804870605469,290.2850341796875,297.29180908203125,289.99029541015625,1.0,0.2826908230781555,1.0,1.0,0.4064972698688507,1.0,-1.5413076877593994,1.0523321628570557,0.4889755547046661,0.6942912936210632,0.0,0.0,0.0,30.8729305267334,79.0,357.51336669921875,-0.0,289.0898742675781,1.0,293.1499938964844,293.1499938964844,293.1499938964844,293.1499938964844,293.1499938964844,293.1499938964844,278.1499938964844,0.0,18000.0,313.1499938964844,0.0,18000.0,0.0,0.0,0.0,0.0,0.0,0.0,0.0,0.0,0.0,0.0,-0.0,-0.0,0.0,0.0,0.0,0.0,0.0,-0.0,0.0,0.0,0.0,0.0,0.0,0.0,0.0,0.0,0.0,4.0,0.0,0.0
11872740,297.2999267578125,297.1499938964844,293.1499938964844,0.0,-0.0,290.14520263671875,0.7681519389152527,0.1454344093799591,0.1308579295873642,297.3474426269531,297.1499938964844,293.1499938964844,0.0,-0.0,290.1467590332031,0.8194350004196167,0.176448255777359,0.1669569462537765,297.3040771484375,297.1499938964844,293.1499938964844,0.0,-0.0,290.1452941894531,0.7713428139686584,0.1472576558589935,0.103042259812355,297.3272705078125,297.1499938964844,293.1499938964844,0.0,-0.0,290.1462707519531,0.8019418120384216,0.1651536673307418,0.1563390642404556,297.2864990234375,297.1499938964844,293.1499938964844,0.0,-0.0,290.146484375,0.8093417286872864,0.1696739196777343,0.7619737386703491,290.1486511230469,289.95001220703125,287.04998779296875,285.79864501953125,290.3773193359375,297.31109619140625,290.16082763671875,1.0,0.3010179102420807,1.0,1.0,0.4112246334552765,1.0,-1.5832463502883911,1.069955348968506,0.5132910013198853,0.7033665180206299,0.0,0.0,0.0,41.67986679077149,67.0,262.6181335449219,-0.0,337.8632202148437,1.0,293.1499938964844,293.1499938964844,293.1499938964844,293.1499938964844,293.1499938964844,293.1499938964844,278.1499938964844,0.0,18000.0,313.1499938964844,0.0,18000.0,0.0,0.0,0.0,0.0,0.0,0.0,0.0,0.0,0.0,0.0,-0.0,-0.0,0.0,0.0,0.0,0.0,0.0,-0.0,0.0,0.0,0.0,0.0,0.0,0.0,0.0,0.0,0.0,4.0,0.0,0.0
11872800,297.2999267578125,297.1499938964844,293.1499938964844,0.0,-0.0,290.14520263671875,0.7681519389152527,0.1454344093799591,0.1308579295873642,297.3474426269531,297.1499938964844,293.1499938964844,0.0,-0.0,290.1467590332031,0.8194350004196167,0.176448255777359,0.1669569462537765,297.3040771484375,297.1499938964844,293.1499938964844,0.0,-0.0,290.1452941894531,0.7713428139686584,0.1472576558589935,0.103042259812355,297.3272705078125,297.1499938964844,293.1499938964844,0.0,-0.0,290.1462707519531,0.8019418120384216,0.1651536673307418,0.1563390642404556,297.2864990234375,297.1499938964844,293.1499938964844,0.0,-0.0,290.146484375,0.8093417286872864,0.1696739196777343,0.7619737386703491,290.1486511230469,289.95001220703125,287.04998779296875,285.79864501953125,290.3773193359375,297.31109619140625,290.16082763671875,1.0,0.3010179102420807,1.0,1.0,0.4112246334552765,1.0,-1.5832463502883911,1.069955348968506,0.5132910013198853,0.7033665180206299,0.0,0.0,0.0,41.67986679077149,67.0,262.6181335449219,-0.0,337.8632202148437,1.0,293.1499938964844,293.1499938964844,293.1499938964844,293.1499938964844,293.1499938964844,293.1499938964844,278.1499938964844,0.0,18000.0,313.1499938964844,0.0,18000.0,0.0,0.0,0.0,0.0,0.0,0.0,0.0,0.0,0.0,0.0,-0.0,-0.0,0.0,0.0,0.0,0.0,0.0,-0.0,0.0,0.0,0.0,0.0,0.0,0.0,0.0,0.0,0.0,4.0,0.0,0.0
11872860,297.3145751953125,297.1499938964844,293.1499938964844,0.0,-0.0,290.2439270019531,0.7545928359031677,0.1488260924816131,0.1341326683759689,297.3631896972656,297.1499938964844,293.1499938964844,0.0,-0.0,290.244384765625,0.8050121068954468,0.1805487722158432,0.1710403561592102,297.3192138671875,297.1499938964844,293.1499938964844,0.0,-0.0,290.24395751953125,0.7576913833618164,0.1507509648799896,0.1056462377309799,297.3431091308594,297.1499938964844,293.1499938964844,0.0,-0.0,290.2442321777344,0.7871395349502563,0.1690094619989395,0.1602006405591964,297.3063659667969,297.1499938964844,293.1499938964844,0.0,-0.0,290.2442932128906,0.7941552400588989,0.1734218746423721,0.7798334956169128,290.2449645996094,290.04998779296875,287.08160400390625,285.825439453125,290.34228515625,297.3269958496094,290.2484130859375,1.0,0.3106630146503448,1.0,1.0,0.4039120078086853,1.0,-1.6212877035140991,1.1061569452285769,0.5151307582855225,0.7317750453948975,0.0,0.0,0.0,46.64645385742188,55.0,140.76185607910156,-0.0,370.9402770996094,1.0,293.1499938964844,293.1499938964844,293.1499938964844,293.1499938964844,293.1499938964844,293.1499938964844,278.1499938964844,0.0,18000.0,313.1499938964844,0.0,18000.0,0.0,0.0,0.0,0.0,0.0,0.0,0.0,0.0,0.0,0.0,-0.0,-0.0,0.0,0.0,0.0,0.0,0.0,-0.0,0.0,0.0,0.0,0.0,0.0,0.0,0.0,0.0,0.0,4.0,0.0,0.0
11872920,297.3145751953125,297.1499938964844,293.1499938964844,0.0,-0.0,290.2439270019531,0.7545928359031677,0.1488260924816131,0.1341326683759689,297.3631896972656,297.1499938964844,293.1499938964844,0.0,-0.0,290.244384765625,0.8050121068954468,0.1805487722158432,0.1710403561592102,297.3192138671875,297.1499938964844,293.1499938964844,0.0,-0.0,290.24395751953125,0.7576913833618164,0.1507509648799896,0.1056462377309799,297.3431091308594,297.1499938964844,293.1499938964844,0.0,-0.0,290.2442321777344,0.7871395349502563,0.1690094619989395,0.1602006405591964,297.3063659667969,297.1499938964844,293.1499938964844,0.0,-0.0,290.2442932128906,0.7941552400588989,0.1734218746423721,0.7798334956169128,290.2449645996094,290.04998779296875,287.08160400390625,285.825439453125,290.34228515625,297.3269958496094,290.2484130859375,1.0,0.3106630146503448,1.0,1.0,0.4039120078086853,1.0,-1.6212877035140991,1.1061569452285769,0.5151307582855225,0.7317750453948975,0.0,0.0,0.0,46.64645385742188,55.0,140.76185607910156,-0.0,370.9402770996094,1.0,293.1499938964844,293.1499938964844,293.1499938964844,293.1499938964844,293.1499938964844,293.1499938964844,278.1499938964844,0.0,18000.0,313.1499938964844,0.0,18000.0,0.0,0.0,0.0,0.0,0.0,0.0,0.0,0.0,0.0,0.0,-0.0,-0.0,0.0,0.0,0.0,0.0,0.0,-0.0,0.0,0.0,0.0,0.0,0.0,0.0,0.0,0.0,0.0,4.0,0.0,0.0
11872980,297.3235168457031,297.1499938964844,293.1499938964844,0.0,-0.0,290.2686462402344,0.7626040577888489,0.1518213897943496,0.1368862092494964,297.3740539550781,297.1499938964844,293.1499938964844,0.0,-0.0,290.26873779296875,0.8138490915298462,0.184356227517128,0.1746841222047805,297.3293151855469,297.1499938964844,293.1499938964844,0.0,-0.0,290.2686462402344,0.7659960389137268,0.1539220958948135,0.1078987345099449,297.3539428710937,297.1499938964844,293.1499938964844,0.0,-0.0,290.2687072753906,0.7960795760154724,0.172557458281517,0.1636025160551071,297.3201599121094,297.1499938964844,293.1499938964844,0.0,-0.0,290.2687072753906,0.8027979731559753,0.1768059730529785,0.7953149676322937,290.2688293457031,290.1499938964844,287.1187744140625,285.85699462890625,290.2986755371094,297.3380432128906,290.26934814453125,1.0,0.3145845234394073,1.0,1.0,0.3965993523597717,1.0,-1.6543468236923218,1.140412449836731,0.513934314250946,0.7592312097549438,0.0,0.0,0.0,46.64221954345703,43.0,53.24083709716797,-0.0,388.6972351074219,1.0,293.1499938964844,293.1499938964844,293.1499938964844,293.1499938964844,293.1499938964844,293.1499938964844,278.1499938964844,0.0,18000.0,313.1499938964844,0.0,18000.0,0.0,0.0,0.0,0.0,0.0,0.0,0.0,0.0,0.0,0.0,-0.0,-0.0,0.0,0.0,0.0,0.0,0.0,-0.0,0.0,0.0,0.0,0.0,0.0,0.0,0.0,0.0,0.0,4.0,0.0,0.0
11873040,297.3235168457031,297.1499938964844,293.1499938964844,0.0,-0.0,290.2686462402344,0.7626040577888489,0.1518213897943496,0.1368862092494964,297.3740539550781,297.1499938964844,293.1499938964844,0.0,-0.0,290.26873779296875,0.8138490915298462,0.184356227517128,0.1746841222047805,297.3293151855469,297.1499938964844,293.1499938964844,0.0,-0.0,290.2686462402344,0.7659960389137268,0.1539220958948135,0.1078987345099449,297.3539428710937,297.1499938964844,293.1499938964844,0.0,-0.0,290.2687072753906,0.7960795760154724,0.172557458281517,0.1636025160551071,297.3201599121094,297.1499938964844,293.1499938964844,0.0,-0.0,290.2687072753906,0.8027979731559753,0.1768059730529785,0.7953149676322937,290.2688293457031,290.1499938964844,287.1187744140625,285.85699462890625,290.2986755371094,297.3380432128906,290.26934814453125,1.0,0.3145845234394073,1.0,1.0,0.3965993523597717,1.0,-1.6543468236923218,1.140412449836731,0.513934314250946,0.7592312097549438,0.0,0.0,0.0,46.64221954345703,43.0,53.24083709716797,-0.0,388.6972351074219,1.0,293.1499938964844,293.1499938964844,293.1499938964844,293.1499938964844,293.1499938964844,293.1499938964844,278.1499938964844,0.0,18000.0,313.1499938964844,0.0,18000.0,0.0,0.0,0.0,0.0,0.0,0.0,0.0,0.0,0.0,0.0,-0.0,-0.0,0.0,0.0,0.0,0.0,0.0,-0.0,0.0,0.0,0.0,0.0,0.0,0.0,0.0,0.0,0.0,4.0,0.0,0.0
11873100,297.3262023925781,297.1499938964844,293.1499938964844,0.0,-0.0,290.2687683105469,0.772582471370697,0.1531827598810196,0.1380855292081833,297.3778381347656,297.1499938964844,293.1499938964844,0.0,-0.0,290.26873779296875,0.8240671753883362,0.1861449778079986,0.1763441860675811,297.33270263671875,297.1499938964844,293.1499938964844,0.0,-0.0,290.2687683105469,0.7762227654457092,0.1553899943828582,0.1089019626379013,297.357666015625,297.1499938964844,293.1499938964844,0.0,-0.0,290.26873779296875,0.8069151043891907,0.1742151081562042,0.1651394069194793,297.3248596191406,297.1499938964844,293.1499938964844,0.0,-0.0,290.26873779296875,0.8132372498512268,0.1783470809459686,0.8021405339241028,290.2686767578125,290.1499938964844,287.13934326171875,285.8744201660156,290.2772216796875,297.3418884277344,290.2682800292969,1.0,0.3149005770683288,1.0,1.0,0.3929430246353149,1.0,-1.6690257787704468,1.15653657913208,0.5124892592430115,0.7723302245140076,0.0,0.0,0.0,45.296146392822266,43.0,24.65365219116211,-0.0,392.9616394042969,1.0,293.1499938964844,293.1499938964844,293.1499938964844,293.1499938964844,293.1499938964844,293.1499938964844,278.1499938964844,0.0,18000.0,313.1499938964844,0.0,18000.0,0.0,0.0,0.0,0.0,0.0,0.0,0.0,0.0,0.0,0.0,-0.0,-0.0,0.0,0.0,0.0,0.0,0.0,-0.0,0.0,0.0,0.0,0.0,0.0,0.0,0.0,0.0,0.0,4.0,0.0,0.0
11873160,297.3279113769531,297.1499938964844,293.1499938964844,0.0,-0.0,290.2656555175781,0.7869018316268921,0.1544681787490844,0.1391854435205459,297.3806457519531,297.1499938964844,293.1499938964844,0.0,-0.0,290.265625,0.8382629156112671,0.1878641843795776,0.1779084205627441,297.3351745605469,297.1499938964844,293.1499938964844,0.0,-0.0,290.2656555175781,0.7908198237419128,0.1567899137735366,0.1098346188664436,297.3604431152344,297.1499938964844,293.1499938964844,0.0,-0.0,290.265625,0.8212556838989258,0.1758035570383072,0.1665803790092468,297.3282775878906,297.1499938964844,293.1499938964844,0.0,-0.0,290.265625,0.8270998597145081,0.1797901093959808,0.8083915114402771,290.2655944824219,290.25,287.1611328125,285.8929138183594,290.2709655761719,297.3447570800781,290.265625,1.0,0.3143462240695953,1.0,1.0,0.3907675445079803,1.0,-1.6825807094573977,1.1693978309631348,0.5131828188896179,0.7824022173881531,0.0,0.0,0.0,43.2449836730957,31.0,10.124878883361816,-0.0,394.6314392089844,1.0,293.1499938964844,293.1499938964844,293.1499938964844,293.1499938964844,293.1499938964844,293.1499938964844,278.1499938964844,0.0,18000.0,313.1499938964844,0.0,18000.0,0.0,0.0,0.0,0.0,0.0,0.0,0.0,0.0,0.0,0.0,-0.0,-0.0,0.0,0.0,0.0,0.0,0.0,-0.0,0.0,0.0,0.0,0.0,0.0,0.0,0.0,0.0,0.0,4.0,0.0,0.0
11873220,297.3295593261719,297.1499938964844,293.1499938964844,0.0,-0.0,290.2648620605469,0.8308862447738647,0.1568897515535354,0.1411625742912292,297.3842163085937,297.1499938964844,293.1499938964844,0.0,-0.0,290.26483154296875,0.8858206272125244,0.1911495625972747,0.1808064728975296,297.3382568359375,297.1499938964844,293.1499938964844,0.0,-0.0,290.2648620605469,0.8349738121032715,0.1594488471746444,0.1115363985300064,297.3639831542969,297.1499938964844,293.1499938964844,0.0,-0.0,290.2648620605469,0.8662160038948059,0.1788295060396194,0.1692335456609726,297.3319702148437,297.1499938964844,293.1499938964844,0.0,-0.0,290.26483154296875,0.872184157371521,0.182426631450653,0.8193835020065308,290.26483154296875,290.3500061035156,287.2082214355469,285.9328308105469,290.26397705078125,297.3481750488281,290.2647399902344,1.0,0.3111254572868347,1.0,1.0,0.3864165544509887,1.0,-1.7068620920181274,1.1931086778640747,0.5137534141540527,0.80110764503479,0.0,0.0,0.0,37.43087387084961,25.0,0.3269378244876861,-0.0,391.4344482421875,1.0,293.1499938964844,293.1499938964844,293.1499938964844,293.1499938964844,293.1499938964844,293.1499938964844,278.1499938964844,0.0,18000.0,313.1499938964844,0.0,18000.0,0.0,0.0,0.0,0.0,0.0,0.0,0.0,0.0,0.0,0.0,-0.0,-0.0,0.0,0.0,0.0,0.0,0.0,-0.0,0.0,0.0,0.0,0.0,0.0,0.0,0.0,0.0,0.0,4.0,0.0,0.0
11873280,297.3295593261719,297.1499938964844,293.1499938964844,0.0,-0.0,290.2648620605469,0.8308862447738647,0.1568897515535354,0.1411625742912292,297.3842163085937,297.1499938964844,293.1499938964844,0.0,-0.0,290.26483154296875,0.8858206272125244,0.1911495625972747,0.1808064728975296,297.3382568359375,297.1499938964844,293.1499938964844,0.0,-0.0,290.2648620605469,0.8349738121032715,0.1594488471746444,0.1115363985300064,297.3639831542969,297.1499938964844,293.1499938964844,0.0,-0.0,290.2648620605469,0.8662160038948059,0.1788295060396194,0.1692335456609726,297.3319702148437,297.1499938964844,293.1499938964844,0.0,-0.0,290.26483154296875,0.872184157371521,0.182426631450653,0.8193835020065308,290.26483154296875,290.3500061035156,287.2082214355469,285.9328308105469,290.26397705078125,297.3481750488281,290.2647399902344,1.0,0.3111254572868347,1.0,1.0,0.3864165544509887,1.0,-1.7068620920181274,1.1931086778640747,0.5137534141540527,0.80110764503479,0.0,0.0,0.0,37.43087387084961,25.0,0.3269378244876861,-0.0,391.4344482421875,1.0,293.1499938964844,293.1499938964844,293.1499938964844,293.1499938964844,293.1499938964844,293.1499938964844,278.1499938964844,0.0,18000.0,313.1499938964844,0.0,18000.0,0.0,0.0,0.0,0.0,0.0,0.0,0.0,0.0,0.0,0.0,-0.0,-0.0,0.0,0.0,0.0,0.0,0.0,-0.0,0.0,0.0,0.0,0.0,0.0,0.0,0.0,0.0,0.0,4.0,0.0,0.0
11873340,297.3296813964844,297.1499938964844,293.1499938964844,0.0,-0.0,290.2620544433594,0.8961411118507385,0.1591778099536895,0.1430067867040634,297.3858642578125,297.1499938964844,293.1499938964844,0.0,-0.0,290.26202392578125,0.96418297290802,0.1942870467901229,0.1835521906614303,297.33966064453125,297.1499938964844,293.1499938964844,0.0,-0.0,290.26202392578125,0.9014040231704712,0.1619794964790344,0.1131389960646629,297.3656311035156,297.1499938964844,293.1499938964844,0.0,-0.0,290.26202392578125,0.9412135481834412,0.1817089766263961,0.1717363893985748,297.3324279785156,297.1499938964844,293.1499938964844,0.0,-0.0,290.26202392578125,0.9474598169326782,0.184780403971672,0.8290571570396423,290.261962890625,290.45001220703125,287.2596740722656,285.9763488769531,290.25897216796875,297.3493957519531,290.2618408203125,1.0,0.3079143762588501,1.0,1.0,0.3820655941963196,1.0,-1.728918194770813,1.215576410293579,0.5133417844772339,0.8190111517906189,0.0,0.0,0.0,31.61176872253418,25.0,-3.535782814025879,-0.0,386.8301696777344,1.0,293.1499938964844,293.1499938964844,293.1499938964844,293.1499938964844,293.1499938964844,293.1499938964844,278.1499938964844,0.0,18000.0,313.1499938964844,0.0,18000.0,0.0,0.0,0.0,0.0,0.0,0.0,0.0,0.0,0.0,0.0,-0.0,-0.0,0.0,0.0,0.0,0.0,0.0,-0.0,0.0,0.0,0.0,0.0,0.0,0.0,0.0,0.0,0.0,4.0,0.0,0.0
11873400,297.3296813964844,297.1499938964844,293.1499938964844,0.0,-0.0,290.2620544433594,0.8961411118507385,0.1591778099536895,0.1430067867040634,297.3858642578125,297.1499938964844,293.1499938964844,0.0,-0.0,290.26202392578125,0.96418297290802,0.1942870467901229,0.1835521906614303,297.33966064453125,297.1499938964844,293.1499938964844,0.0,-0.0,290.26202392578125,0.9014040231704712,0.1619794964790344,0.1131389960646629,297.3656311035156,297.1499938964844,293.1499938964844,0.0,-0.0,290.26202392578125,0.9412135481834412,0.1817089766263961,0.1717363893985748,297.3324279785156,297.1499938964844,293.1499938964844,0.0,-0.0,290.26202392578125,0.9474598169326782,0.184780403971672,0.8290571570396423,290.261962890625,290.45001220703125,287.2596740722656,285.9763488769531,290.25897216796875,297.3493957519531,290.2618408203125,1.0,0.3079143762588501,1.0,1.0,0.3820655941963196,1.0,-1.728918194770813,1.215576410293579,0.5133417844772339,0.8190111517906189,0.0,0.0,0.0,31.61176872253418,25.0,-3.535782814025879,-0.0,386.8301696777344,1.0,293.1499938964844,293.1499938964844,293.1499938964844,293.1499938964844,293.1499938964844,293.1499938964844,278.1499938964844,0.0,18000.0,313.1499938964844,0.0,18000.0,0.0,0.0,0.0,0.0,0.0,0.0,0.0,0.0,0.0,0.0,-0.0,-0.0,0.0,0.0,0.0,0.0,0.0,-0.0,0.0,0.0,0.0,0.0,0.0,0.0,0.0,0.0,0.0,4.0,0.0,0.0
11873460,297.3290100097656,297.1499938964844,293.1499938964844,0.0,-0.0,290.2978210449219,0.93447744846344,0.1613857448101043,0.144915223121643,297.3941345214844,297.1499938964844,293.1499938964844,0.0,-0.0,290.29815673828125,0.9692752957344056,0.1980805099010467,0.1688234806060791,297.3401184082031,297.1499938964844,293.1499938964844,0.0,-0.0,290.2978820800781,0.9410772919654846,0.1644282639026641,0.1147932261228561,297.3660583496094,297.1499938964844,293.1499938964844,0.0,-0.0,290.2981872558594,0.9790187478065492,0.1844860911369323,0.1742903590202331,297.3305969238281,297.1499938964844,293.1499938964844,0.0,-0.0,290.2982482910156,0.9830508828163148,0.186906412243843,0.8383804559707642,290.2989501953125,290.54998779296875,287.3150634765625,286.0231018066406,290.3573303222656,297.35113525390625,290.30328369140625,1.0,0.305910974740982,1.0,1.0,0.3878623843193054,1.0,-1.7297874689102173,1.2053815126419067,0.5244059562683105,0.808936595916748,0.0,0.0,0.0,29.541015625,45.0,49.78309631347656,-0.0,381.2032470703125,1.0,293.1499938964844,293.1499938964844,293.1499938964844,293.1499938964844,293.1499938964844,293.1499938964844,278.1499938964844,0.0,18000.0,313.1499938964844,0.0,18000.0,0.0,0.0,0.0,0.0,0.0,0.0,0.0,0.0,0.0,0.0,-0.0,-0.0,0.0,0.0,0.0,0.0,0.0,-0.0,0.0,0.0,0.0,0.0,0.0,0.0,0.0,0.0,0.0,4.0,0.0,0.0
11873520,297.3290100097656,297.1499938964844,293.1499938964844,0.0,-0.0,290.2978210449219,0.93447744846344,0.1613857448101043,0.144915223121643,297.3941345214844,297.1499938964844,293.1499938964844,0.0,-0.0,290.29815673828125,0.9692752957344056,0.1980805099010467,0.1688234806060791,297.3401184082031,297.1499938964844,293.1499938964844,0.0,-0.0,290.2978820800781,0.9410772919654846,0.1644282639026641,0.1147932261228561,297.3660583496094,297.1499938964844,293.1499938964844,0.0,-0.0,290.2981872558594,0.9790187478065492,0.1844860911369323,0.1742903590202331,297.3305969238281,297.1499938964844,293.1499938964844,0.0,-0.0,290.2982482910156,0.9830508828163148,0.186906412243843,0.8383804559707642,290.2989501953125,290.54998779296875,287.3150634765625,286.0231018066406,290.3573303222656,297.35113525390625,290.30328369140625,1.0,0.305910974740982,1.0,1.0,0.3878623843193054,1.0,-1.7297874689102173,1.2053815126419067,0.5244059562683105,0.808936595916748,0.0,0.0,0.0,29.541015625,45.0,49.78309631347656,-0.0,381.2032470703125,1.0,293.1499938964844,293.1499938964844,293.1499938964844,293.1499938964844,293.1499938964844,293.1499938964844,278.1499938964844,0.0,18000.0,313.1499938964844,0.0,18000.0,0.0,0.0,0.0,0.0,0.0,0.0,0.0,0.0,0.0,0.0,-0.0,-0.0,0.0,0.0,0.0,0.0,0.0,-0.0,0.0,0.0,0.0,0.0,0.0,0.0,0.0,0.0,0.0,4.0,0.0,0.0
11873580,297.33038330078125,297.1499938964844,293.1499938964844,0.0,-0.0,290.37603759765625,0.9300562739372252,0.1637910306453704,0.14703169465065,297.41290283203125,297.1499938964844,293.1499938964844,0.0,-0.0,290.376708984375,0.9828939437866212,0.2030991613864898,0.181423544883728,297.3422241210937,297.1499938964844,293.1499938964844,0.0,-0.0,290.3761291503906,0.9370647072792052,0.1670467406511306,0.1165936663746833,297.36798095703125,297.1499938964844,293.1499938964844,0.0,-0.0,290.37664794921875,0.975692868232727,0.1874129027128219,0.1770224422216415,297.32958984375,297.1499938964844,293.1499938964844,0.0,-0.0,290.3766784667969,0.9786612391471864,0.1890892088413238,0.8481047749519348,290.3778381347656,290.6499938964844,287.3739624023437,286.0726928710937,290.4780578613281,297.3602600097656,290.3847351074219,1.0,0.312906950712204,1.0,1.0,0.3936592042446136,1.0,-1.7645350694656372,1.2159342765808103,0.5486008524894714,0.8117753267288208,0.0,0.0,0.0,30.80771255493164,63.0,100.85974884033205,-0.0,404.8435668945313,1.0,293.1499938964844,293.1499938964844,293.1499938964844,293.1499938964844,293.1499938964844,293.1499938964844,278.1499938964844,0.0,18000.0,313.1499938964844,0.0,18000.0,0.0,0.0,0.0,0.0,0.0,0.0,0.0,0.0,0.0,0.0,-0.0,-0.0,0.0,0.0,0.0,0.0,0.0,-0.0,0.0,0.0,0.0,0.0,0.0,0.0,0.0,0.0,0.0,4.0,0.0,0.0
11873640,297.33038330078125,297.1499938964844,293.1499938964844,0.0,-0.0,290.37603759765625,0.9300562739372252,0.1637910306453704,0.14703169465065,297.41290283203125,297.1499938964844,293.1499938964844,0.0,-0.0,290.376708984375,0.9828939437866212,0.2030991613864898,0.181423544883728,297.3422241210937,297.1499938964844,293.1499938964844,0.0,-0.0,290.3761291503906,0.9370647072792052,0.1670467406511306,0.1165936663746833,297.36798095703125,297.1499938964844,293.1499938964844,0.0,-0.0,290.37664794921875,0.975692868232727,0.1874129027128219,0.1770224422216415,297.32958984375,297.1499938964844,293.1499938964844,0.0,-0.0,290.3766784667969,0.9786612391471864,0.1890892088413238,0.8481047749519348,290.3778381347656,290.6499938964844,287.3739624023437,286.0726928710937,290.4780578613281,297.3602600097656,290.3847351074219,1.0,0.312906950712204,1.0,1.0,0.3936592042446136,1.0,-1.7645350694656372,1.2159342765808103,0.5486008524894714,0.8117753267288208,0.0,0.0,0.0,30.80771255493164,63.0,100.85974884033205,-0.0,404.8435668945313,1.0,293.1499938964844,293.1499938964844,293.1499938964844,293.1499938964844,293.1499938964844,293.1499938964844,278.1499938964844,0.0,18000.0,313.1499938964844,0.0,18000.0,0.0,0.0,0.0,0.0,0.0,0.0,0.0,0.0,0.0,0.0,-0.0,-0.0,0.0,0.0,0.0,0.0,0.0,-0.0,0.0,0.0,0.0,0.0,0.0,0.0,0.0,0.0,0.0,4.0,0.0,0.0
11873700,297.3319091796875,297.1499938964844,293.1499938964844,0.0,-0.0,290.4270324707031,0.9053759574890136,0.1650808751583099,0.1482325792312622,297.4101257324219,297.1499938964844,293.1499938964844,0.0,-0.0,290.4281005859375,0.9783939123153688,0.2044939696788787,0.1932992786169052,297.3439025878906,297.1499938964844,293.1499938964844,0.0,-0.0,290.4271545410156,0.9119439125061036,0.1684295833110809,0.117595799267292,297.3695068359375,297.1499938964844,293.1499938964844,0.0,-0.0,290.427734375,0.952714741230011,0.1889448165893554,0.1785207390785217,297.32958984375,297.1499938964844,293.1499938964844,0.0,-0.0,290.4277648925781,0.955412983894348,0.1902274638414383,0.8534811735153198,290.4291381835937,290.6499938964844,287.40460205078125,286.0984191894531,290.540771484375,297.3603515625,290.4366455078125,1.0,0.318913996219635,1.0,1.0,0.3965575993061065,1.0,-1.78971529006958,1.225887656211853,0.563827633857727,0.8167102932929993,0.0,0.0,0.0,33.09251022338867,63.0,121.5924072265625,-0.0,426.6793518066406,1.0,293.1499938964844,293.1499938964844,293.1499938964844,293.1499938964844,293.1499938964844,293.1499938964844,278.1499938964844,0.0,18000.0,313.1499938964844,0.0,18000.0,0.0,0.0,0.0,0.0,0.0,0.0,0.0,0.0,0.0,0.0,-0.0,-0.0,0.0,0.0,0.0,0.0,0.0,-0.0,0.0,0.0,0.0,0.0,0.0,0.0,0.0,0.0,0.0,4.0,0.0,0.0
11873760,297.33355712890625,297.1499938964844,293.1499938964844,0.0,-0.0,290.4820556640625,0.8615286350250244,0.1663965582847595,0.1495573371648788,297.4065246582031,297.1499938964844,293.1499938964844,0.0,-0.0,290.4831848144531,0.9283567070961,0.205787718296051,0.1946943700313568,297.3456726074219,297.1499938964844,293.1499938964844,0.0,-0.0,290.482177734375,0.8673140406608582,0.1698310673236847,0.1186884716153144,297.3711242675781,297.1499938964844,293.1499938964844,0.0,-0.0,290.4827880859375,0.9017330408096312,0.1904938668012619,0.1801395118236541,297.3296203613281,297.1499938964844,293.1499938964844,0.0,-0.0,290.4828186035156,0.903495192527771,0.1913683414459228,0.8593642115592957,290.4842834472656,290.75,287.4359741210937,286.1247253417969,290.6113586425781,297.3592529296875,290.49249267578125,1.0,0.3256509900093078,1.0,1.0,0.4008183181285858,1.0,-1.803300380706787,1.2260420322418213,0.5772583484649658,0.8140310645103455,0.0,0.0,0.0,37.66587066650391,81.0,139.30125427246094,-0.0,448.9528198242188,1.0,293.1499938964844,293.1499938964844,293.1499938964844,293.1499938964844,293.1499938964844,293.1499938964844,278.1499938964844,0.0,18000.0,313.1499938964844,0.0,18000.0,0.0,0.0,0.0,0.0,0.0,0.0,0.0,0.0,0.0,0.0,-0.0,-0.0,0.0,0.0,0.0,0.0,0.0,-0.0,0.0,0.0,0.0,0.0,0.0,0.0,0.0,0.0,0.0,4.0,0.0,0.0
11873820,297.338134765625,297.1499938964844,293.1499938964844,0.0,-0.0,290.60894775390625,0.7979857921600342,0.1691840887069702,0.1524123549461364,297.4041748046875,297.1499938964844,293.1499938964844,0.0,-0.0,290.61016845703125,0.8534067273139954,0.2087941467761993,0.1978286951780319,297.3502197265625,297.1499938964844,293.1499938964844,0.0,-0.0,290.60906982421875,0.8036587834358215,0.1727684885263443,0.1210187599062919,297.3753662109375,297.1499938964844,293.1499938964844,0.0,-0.0,290.6097717285156,0.8333780765533447,0.1937241554260254,0.1835703700780868,297.3306884765625,297.1499938964844,293.1499938964844,0.0,-0.0,290.6097717285156,0.8337085247039795,0.1937516182661056,0.87188720703125,290.6114196777344,290.8500061035156,287.50067138671875,286.1788635253906,290.7567443847656,297.3600158691406,290.6204833984375,1.0,0.34132120013237,1.0,1.0,0.4093397557735443,1.0,-1.8324445486068728,1.227073311805725,0.6053712964057922,0.8089446425437927,0.0,0.0,0.0,49.09482192993164,69.0,168.9910125732422,-0.0,502.8840026855469,1.0,293.1499938964844,293.1499938964844,293.1499938964844,293.1499938964844,293.1499938964844,293.1499938964844,278.1499938964844,0.0,18000.0,313.1499938964844,0.0,18000.0,0.0,0.0,0.0,0.0,0.0,0.0,0.0,0.0,0.0,0.0,-0.0,-0.0,0.0,0.0,0.0,0.0,0.0,-0.0,0.0,0.0,0.0,0.0,0.0,0.0,0.0,0.0,0.0,4.0,0.0,0.0
11873880,297.338134765625,297.1499938964844,293.1499938964844,0.0,-0.0,290.60894775390625,0.7979857921600342,0.1691840887069702,0.1524123549461364,297.4041748046875,297.1499938964844,293.1499938964844,0.0,-0.0,290.61016845703125,0.8534067273139954,0.2087941467761993,0.1978286951780319,297.3502197265625,297.1499938964844,293.1499938964844,0.0,-0.0,290.60906982421875,0.8036587834358215,0.1727684885263443,0.1210187599062919,297.3753662109375,297.1499938964844,293.1499938964844,0.0,-0.0,290.6097717285156,0.8333780765533447,0.1937241554260254,0.1835703700780868,297.3306884765625,297.1499938964844,293.1499938964844,0.0,-0.0,290.6097717285156,0.8337085247039795,0.1937516182661056,0.87188720703125,290.6114196777344,290.8500061035156,287.50067138671875,286.1788635253906,290.7567443847656,297.3600158691406,290.6204833984375,1.0,0.34132120013237,1.0,1.0,0.4093397557735443,1.0,-1.8324445486068728,1.227073311805725,0.6053712964057922,0.8089446425437927,0.0,0.0,0.0,49.09482192993164,69.0,168.9910125732422,-0.0,502.8840026855469,1.0,293.1499938964844,293.1499938964844,293.1499938964844,293.1499938964844,293.1499938964844,293.1499938964844,278.1499938964844,0.0,18000.0,313.1499938964844,0.0,18000.0,0.0,0.0,0.0,0.0,0.0,0.0,0.0,0.0,0.0,0.0,-0.0,-0.0,0.0,0.0,0.0,0.0,0.0,-0.0,0.0,0.0,0.0,0.0,0.0,0.0,0.0,0.0,0.0,4.0,0.0,0.0
11873940,297.3444519042969,297.1499938964844,293.1499938964844,0.0,-0.0,290.74530029296875,0.7852877974510193,0.172205314040184,0.1552036255598068,297.406494140625,297.1499938964844,293.1499938964844,0.0,-0.0,290.7465515136719,0.8403111696243286,0.2122445404529571,0.2011301666498184,297.35614013671875,297.1499938964844,293.1499938964844,0.0,-0.0,290.7454528808594,0.7909621596336365,0.1759034395217895,0.1232760027050972,297.38104248046875,297.1499938964844,293.1499938964844,0.0,-0.0,290.74615478515625,0.82129967212677,0.1971502304077148,0.18690025806427,297.3333740234375,297.1499938964844,293.1499938964844,0.0,-0.0,290.7461242675781,0.8204970955848694,0.196307897567749,0.8838079571723938,290.7478332519531,290.95001220703125,287.5676574707031,286.23468017578125,290.90087890625,297.36358642578125,290.7571105957031,1.0,0.3485770523548126,1.0,1.0,0.4178611934185028,1.0,-1.8607850074768064,1.2274388074874878,0.6333462595939636,0.8033704161643982,0.0,0.0,0.0,53.46675491333008,57.0,184.9638671875,-0.0,535.565185546875,1.0,293.1499938964844,293.1499938964844,293.1499938964844,293.1499938964844,293.1499938964844,293.1499938964844,278.1499938964844,0.0,18000.0,313.1499938964844,0.0,18000.0,0.0,0.0,0.0,0.0,0.0,0.0,0.0,0.0,0.0,0.0,-0.0,-0.0,0.0,0.0,0.0,0.0,0.0,-0.0,0.0,0.0,0.0,0.0,0.0,0.0,0.0,0.0,0.0,4.0,0.0,0.0
11874000,297.3444519042969,297.1499938964844,293.1499938964844,0.0,-0.0,290.74530029296875,0.7852877974510193,0.172205314040184,0.1552036255598068,297.406494140625,297.1499938964844,293.1499938964844,0.0,-0.0,290.7465515136719,0.8403111696243286,0.2122445404529571,0.2011301666498184,297.35614013671875,297.1499938964844,293.1499938964844,0.0,-0.0,290.7454528808594,0.7909621596336365,0.1759034395217895,0.1232760027050972,297.38104248046875,297.1499938964844,293.1499938964844,0.0,-0.0,290.74615478515625,0.82129967212677,0.1971502304077148,0.18690025806427,297.3333740234375,297.1499938964844,293.1499938964844,0.0,-0.0,290.7461242675781,0.8204970955848694,0.196307897567749,0.8838079571723938,290.7478332519531,290.95001220703125,287.5676574707031,286.23468017578125,290.90087890625,297.36358642578125,290.7571105957031,1.0,0.3485770523548126,1.0,1.0,0.4178611934185028,1.0,-1.8607850074768064,1.2274388074874878,0.6333462595939636,0.8033704161643982,0.0,0.0,0.0,53.46675491333008,57.0,184.9638671875,-0.0,535.565185546875,1.0,293.1499938964844,293.1499938964844,293.1499938964844,293.1499938964844,293.1499938964844,293.1499938964844,278.1499938964844,0.0,18000.0,313.1499938964844,0.0,18000.0,0.0,0.0,0.0,0.0,0.0,0.0,0.0,0.0,0.0,0.0,-0.0,-0.0,0.0,0.0,0.0,0.0,0.0,-0.0,0.0,0.0,0.0,0.0,0.0,0.0,0.0,0.0,0.0,4.0,0.0,0.0
11874060,297.3525390625,297.1499938964844,293.1499938964844,0.0,-0.0,290.8807067871094,0.7992606163024902,0.1754843145608902,0.1580127775669098,297.412109375,297.1499938964844,293.1499938964844,0.0,-0.0,290.8818664550781,0.8539820909500122,0.2160596400499344,0.2045696824789047,297.363525390625,297.1499938964844,293.1499938964844,0.0,-0.0,290.8808288574219,0.8050600290298462,0.1792604923248291,0.1255207806825637,297.38818359375,297.1499938964844,293.1499938964844,0.0,-0.0,290.8815002441406,0.8344482779502869,0.200799748301506,0.1902133077383041,297.3377990722656,297.1499938964844,293.1499938964844,0.0,-0.0,290.8814392089844,0.8325124382972717,0.1990776509046554,0.8955914974212646,290.883056640625,291.04998779296875,287.636474609375,286.2917785644531,291.03125,297.3695678710937,290.8918151855469,1.0,0.3507560789585113,1.0,1.0,0.4251058399677276,1.0,-1.8891113996505733,1.2301279306411743,0.6589833498001099,0.8000590801239014,0.0,0.0,0.0,52.16067123413086,45.0,185.8090209960937,-0.0,550.9095458984375,1.0,293.1499938964844,293.1499938964844,293.1499938964844,293.1499938964844,293.1499938964844,293.1499938964844,278.1499938964844,0.0,18000.0,313.1499938964844,0.0,18000.0,0.0,0.0,0.0,0.0,0.0,0.0,0.0,0.0,0.0,0.0,-0.0,-0.0,0.0,0.0,0.0,0.0,0.0,-0.0,0.0,0.0,0.0,0.0,0.0,0.0,0.0,0.0,0.0,4.0,0.0,0.0
11874120,297.3525390625,297.1499938964844,293.1499938964844,0.0,-0.0,290.8807067871094,0.7992606163024902,0.1754843145608902,0.1580127775669098,297.412109375,297.1499938964844,293.1499938964844,0.0,-0.0,290.8818664550781,0.8539820909500122,0.2160596400499344,0.2045696824789047,297.363525390625,297.1499938964844,293.1499938964844,0.0,-0.0,290.8808288574219,0.8050600290298462,0.1792604923248291,0.1255207806825637,297.38818359375,297.1499938964844,293.1499938964844,0.0,-0.0,290.8815002441406,0.8344482779502869,0.200799748301506,0.1902133077383041,297.3377990722656,297.1499938964844,293.1499938964844,0.0,-0.0,290.8814392089844,0.8325124382972717,0.1990776509046554,0.8955914974212646,290.883056640625,291.04998779296875,287.636474609375,286.2917785644531,291.03125,297.3695678710937,290.8918151855469,1.0,0.3507560789585113,1.0,1.0,0.4251058399677276,1.0,-1.8891113996505733,1.2301279306411743,0.6589833498001099,0.8000590801239014,0.0,0.0,0.0,52.16067123413086,45.0,185.8090209960937,-0.0,550.9095458984375,1.0,293.1499938964844,293.1499938964844,293.1499938964844,293.1499938964844,293.1499938964844,293.1499938964844,278.1499938964844,0.0,18000.0,313.1499938964844,0.0,18000.0,0.0,0.0,0.0,0.0,0.0,0.0,0.0,0.0,0.0,0.0,-0.0,-0.0,0.0,0.0,0.0,0.0,0.0,-0.0,0.0,0.0,0.0,0.0,0.0,0.0,0.0,0.0,0.0,4.0,0.0,0.0
11874180,297.3617553710937,297.1499938964844,293.1499938964844,0.0,-0.0,291.0127868652344,0.8334161043167114,0.178984984755516,0.1608881652355194,297.4198303222656,297.1499938964844,293.1499938964844,0.0,-0.0,291.0139465332031,0.8918483853340149,0.2201605886220932,0.2081474363803863,297.3719482421875,297.1499938964844,293.1499938964844,0.0,-0.0,291.0129089355469,0.8389291763305664,0.1828183531761169,0.1277999132871627,297.3964538574219,297.1499938964844,293.1499938964844,0.0,-0.0,291.0135498046875,0.8700984120368958,0.2046543359756469,0.1935764551162719,297.3436584472656,297.1499938964844,293.1499938964844,0.0,-0.0,291.01348876953125,0.8667084574699402,0.2020509541034698,0.907598912715912,291.0150756835937,291.1499938964844,287.706787109375,286.3498229980469,291.159423828125,297.377197265625,291.02362060546875,1.0,0.3495934605598449,1.0,1.0,0.4323505163192749,1.0,-1.91805386543274,1.233175277709961,0.6848786473274231,0.7969341278076172,0.0,0.0,0.0,47.14090347290039,33.0,183.85829162597656,-0.0,554.9558715820312,1.0,293.1499938964844,293.1499938964844,293.1499938964844,293.1499938964844,293.1499938964844,293.1499938964844,278.1499938964844,0.0,18000.0,313.1499938964844,0.0,18000.0,0.0,0.0,0.0,0.0,0.0,0.0,0.0,0.0,0.0,0.0,-0.0,-0.0,0.0,0.0,0.0,0.0,0.0,-0.0,0.0,0.0,0.0,0.0,0.0,0.0,0.0,0.0,0.0,4.0,0.0,0.0
11874240,297.3617553710937,297.1499938964844,293.1499938964844,0.0,-0.0,291.0127868652344,0.8334161043167114,0.178984984755516,0.1608881652355194,297.4198303222656,297.1499938964844,293.1499938964844,0.0,-0.0,291.0139465332031,0.8918483853340149,0.2201605886220932,0.2081474363803863,297.3719482421875,297.1499938964844,293.1499938964844,0.0,-0.0,291.0129089355469,0.8389291763305664,0.1828183531761169,0.1277999132871627,297.3964538574219,297.1499938964844,293.1499938964844,0.0,-0.0,291.0135498046875,0.8700984120368958,0.2046543359756469,0.1935764551162719,297.3436584472656,297.1499938964844,293.1499938964844,0.0,-0.0,291.01348876953125,0.8667084574699402,0.2020509541034698,0.907598912715912,291.0150756835937,291.1499938964844,287.706787109375,286.3498229980469,291.159423828125,297.377197265625,291.02362060546875,1.0,0.3495934605598449,1.0,1.0,0.4323505163192749,1.0,-1.91805386543274,1.233175277709961,0.6848786473274231,0.7969341278076172,0.0,0.0,0.0,47.14090347290039,33.0,183.85829162597656,-0.0,554.9558715820312,1.0,293.1499938964844,293.1499938964844,293.1499938964844,293.1499938964844,293.1499938964844,293.1499938964844,278.1499938964844,0.0,18000.0,313.1499938964844,0.0,18000.0,0.0,0.0,0.0,0.0,0.0,0.0,0.0,0.0,0.0,0.0,-0.0,-0.0,0.0,0.0,0.0,0.0,0.0,-0.0,0.0,0.0,0.0,0.0,0.0,0.0,0.0,0.0,0.0,4.0,0.0,0.0
11874300,297.36669921875,297.1499938964844,293.1499938964844,0.0,-0.0,291.0782775878906,0.8611637353897095,0.1808116734027862,0.1623575985431671,297.4242553710937,297.1499938964844,293.1499938964844,0.0,-0.0,291.0793762207031,0.925542950630188,0.222303882241249,0.2099870294332504,297.3764953613281,297.1499938964844,293.1499938964844,0.0,-0.0,291.0783996582031,0.8671980500221252,0.1846692562103271,0.1289604306221008,297.40093994140625,297.1499938964844,293.1499938964844,0.0,-0.0,291.0790100097656,0.9009087681770324,0.2066550105810165,0.1952877342700958,297.3470764160156,297.1499938964844,293.1499938964844,0.0,-0.0,291.0789489746094,0.8966736197471619,0.2036117762327194,0.9137457609176636,291.0805053710937,291.1499938964844,287.7423400878906,286.3790588378906,291.2228698730469,297.3814697265625,291.08892822265625,1.0,0.3481517136096954,1.0,1.0,0.4359728395938873,1.0,-1.932857036590576,1.2348695993423462,0.69798743724823,0.7954559326171875,0.0,0.0,0.0,43.62165832519531,33.0,182.7584228515625,-0.0,553.9127807617188,1.0,293.1499938964844,293.1499938964844,293.1499938964844,293.1499938964844,293.1499938964844,293.1499938964844,278.1499938964844,0.0,18000.0,313.1499938964844,0.0,18000.0,0.0,0.0,0.0,0.0,0.0,0.0,0.0,0.0,0.0,0.0,-0.0,-0.0,0.0,0.0,0.0,0.0,0.0,-0.0,0.0,0.0,0.0,0.0,0.0,0.0,0.0,0.0,0.0,4.0,0.0,0.0
11874360,297.3717956542969,297.1499938964844,293.1499938964844,0.0,-0.0,291.1400451660156,0.903584122657776,0.1826830804347992,0.163850337266922,297.428955078125,297.1499938964844,293.1499938964844,0.0,-0.0,291.1409912109375,0.9741427898406982,0.2245009541511535,0.2118600010871887,297.38116455078125,297.1499938964844,293.1499938964844,0.0,-0.0,291.14013671875,0.9104248881340028,0.1865638792514801,0.1301377564668655,297.40557861328125,297.1499938964844,293.1499938964844,0.0,-0.0,291.14068603515625,0.9502069354057312,0.2087004035711288,0.1970225721597671,297.3507385253906,297.1499938964844,293.1499938964844,0.0,-0.0,291.140625,0.9446547031402588,0.2052183598279953,0.9200083017349244,291.1419677734375,291.1499938964844,287.77813720703125,286.40838623046875,291.2689514160156,297.385986328125,291.1490173339844,1.0,0.3462966084480285,1.0,1.0,0.4376121759414673,1.0,-1.9479156732559204,1.2403372526168823,0.7075784206390381,0.7976774573326111,0.0,0.0,0.0,39.58587646484375,36.0,172.8083953857422,-0.0,551.3121948242188,1.0,293.1499938964844,293.1499938964844,293.1499938964844,293.1499938964844,293.1499938964844,293.1499938964844,278.1499938964844,0.0,18000.0,313.1499938964844,0.0,18000.0,0.0,0.0,0.0,0.0,0.0,0.0,0.0,0.0,0.0,0.0,-0.0,-0.0,0.0,0.0,0.0,0.0,0.0,-0.0,0.0,0.0,0.0,0.0,0.0,0.0,0.0,0.0,0.0,4.0,0.0,0.0
11874420,297.3810729980469,297.1499938964844,293.1499938964844,0.0,-0.0,291.2426147460937,0.944162130355835,0.1864343434572219,0.1671210825443267,297.4459533691406,297.1499938964844,293.1499938964844,0.0,-0.0,291.2430725097656,0.9809964299201964,0.2297313958406448,0.1969900727272033,297.389892578125,297.1499938964844,293.1499938964844,0.0,-0.0,291.2427062988281,0.9515092968940736,0.1903771460056305,0.1327202469110489,297.414306640625,297.1499938964844,293.1499938964844,0.0,-0.0,291.2431335449219,0.9864006638526917,0.2128220945596695,0.2008058428764343,297.3576354980469,297.1499938964844,293.1499938964844,0.0,-0.0,291.2430419921875,0.9808710217475892,0.208463579416275,0.9340308904647828,291.244140625,291.1499938964844,287.85009765625,286.4671325683594,291.35272216796875,297.39697265625,291.25006103515625,1.0,0.3459135890007019,1.0,1.0,0.4408908486366272,1.0,-1.958801031112671,1.240329384803772,0.7184716463088989,0.7954618334770203,0.0,0.0,0.0,37.32582092285156,56.0,147.77926635742188,-0.0,551.4893188476562,1.0,293.1499938964844,293.1499938964844,293.1499938964844,293.1499938964844,293.1499938964844,293.1499938964844,278.1499938964844,0.0,18000.0,313.1499938964844,0.0,18000.0,0.0,0.0,0.0,0.0,0.0,0.0,0.0,0.0,0.0,0.0,-0.0,-0.0,0.0,0.0,0.0,0.0,0.0,-0.0,0.0,0.0,0.0,0.0,0.0,0.0,0.0,0.0,0.0,4.0,0.0,0.0
11874480,297.3810729980469,297.1499938964844,293.1499938964844,0.0,-0.0,291.2426147460937,0.944162130355835,0.1864343434572219,0.1671210825443267,297.4459533691406,297.1499938964844,293.1499938964844,0.0,-0.0,291.2430725097656,0.9809964299201964,0.2297313958406448,0.1969900727272033,297.389892578125,297.1499938964844,293.1499938964844,0.0,-0.0,291.2427062988281,0.9515092968940736,0.1903771460056305,0.1327202469110489,297.414306640625,297.1499938964844,293.1499938964844,0.0,-0.0,291.2431335449219,0.9864006638526917,0.2128220945596695,0.2008058428764343,297.3576354980469,297.1499938964844,293.1499938964844,0.0,-0.0,291.2430419921875,0.9808710217475892,0.208463579416275,0.9340308904647828,291.244140625,291.1499938964844,287.85009765625,286.4671325683594,291.35272216796875,297.39697265625,291.25006103515625,1.0,0.3459135890007019,1.0,1.0,0.4408908486366272,1.0,-1.958801031112671,1.240329384803772,0.7184716463088989,0.7954618334770203,0.0,0.0,0.0,37.32582092285156,56.0,147.77926635742188,-0.0,551.4893188476562,1.0,293.1499938964844,293.1499938964844,293.1499938964844,293.1499938964844,293.1499938964844,293.1499938964844,278.1499938964844,0.0,18000.0,313.1499938964844,0.0,18000.0,0.0,0.0,0.0,0.0,0.0,0.0,0.0,0.0,0.0,0.0,-0.0,-0.0,0.0,0.0,0.0,0.0,0.0,-0.0,0.0,0.0,0.0,0.0,0.0,0.0,0.0,0.0,0.0,4.0,0.0,0.0
11874540,297.38970947265625,297.1499938964844,293.1499938964844,0.0,-0.0,291.3376159667969,0.9396549463272096,0.1902371346950531,0.1705417335033416,297.4706420898437,297.1499938964844,293.1499938964844,0.0,-0.0,291.3381652832031,0.9857381582260132,0.2360002547502517,0.2070116549730301,297.3983459472656,297.1499938964844,293.1499938964844,0.0,-0.0,291.33770751953125,0.9471030831336976,0.1942741721868515,0.1354404538869857,297.4228820800781,297.1499938964844,293.1499938964844,0.0,-0.0,291.338134765625,0.9827076196670532,0.2170389294624328,0.2047858089208603,297.3646850585937,297.1499938964844,293.1499938964844,0.0,-0.0,291.3380432128906,0.9758607149124146,0.2118076235055923,0.9489989876747132,291.3391418457031,291.1499938964844,287.9222717285156,286.525634765625,291.44287109375,297.4129333496094,291.34527587890625,1.0,0.3542681038379669,1.0,1.0,0.4441695213317871,1.0,-2.000612735748291,1.2586162090301514,0.7419965267181396,0.8042823076248169,0.0,0.0,0.0,39.1810417175293,76.0,137.49351501464844,-0.0,588.5140991210938,1.0,293.1499938964844,293.1499938964844,293.1499938964844,293.1499938964844,293.1499938964844,293.1499938964844,278.1499938964844,0.0,18000.0,313.1499938964844,0.0,18000.0,0.0,0.0,0.0,0.0,0.0,0.0,0.0,0.0,0.0,0.0,-0.0,-0.0,0.0,0.0,0.0,0.0,0.0,-0.0,0.0,0.0,0.0,0.0,0.0,0.0,0.0,0.0,0.0,4.0,0.0,0.0
11874600,297.38970947265625,297.1499938964844,293.1499938964844,0.0,-0.0,291.3376159667969,0.9396549463272096,0.1902371346950531,0.1705417335033416,297.4706420898437,297.1499938964844,293.1499938964844,0.0,-0.0,291.3381652832031,0.9857381582260132,0.2360002547502517,0.2070116549730301,297.3983459472656,297.1499938964844,293.1499938964844,0.0,-0.0,291.33770751953125,0.9471030831336976,0.1942741721868515,0.1354404538869857,297.4228820800781,297.1499938964844,293.1499938964844,0.0,-0.0,291.338134765625,0.9827076196670532,0.2170389294624328,0.2047858089208603,297.3646850585937,297.1499938964844,293.1499938964844,0.0,-0.0,291.3380432128906,0.9758607149124146,0.2118076235055923,0.9489989876747132,291.3391418457031,291.1499938964844,287.9222717285156,286.525634765625,291.44287109375,297.4129333496094,291.34527587890625,1.0,0.3542681038379669,1.0,1.0,0.4441695213317871,1.0,-2.000612735748291,1.2586162090301514,0.7419965267181396,0.8042823076248169,0.0,0.0,0.0,39.1810417175293,76.0,137.49351501464844,-0.0,588.5140991210938,1.0,293.1499938964844,293.1499938964844,293.1499938964844,293.1499938964844,293.1499938964844,293.1499938964844,278.1499938964844,0.0,18000.0,313.1499938964844,0.0,18000.0,0.0,0.0,0.0,0.0,0.0,0.0,0.0,0.0,0.0,0.0,-0.0,-0.0,0.0,0.0,0.0,0.0,0.0,-0.0,0.0,0.0,0.0,0.0,0.0,0.0,0.0,0.0,0.0,4.0,0.0,0.0
11874660,297.3968811035156,297.1499938964844,293.1499938964844,0.0,-0.0,291.4049072265625,0.8838851451873779,0.1940038502216339,0.1741707772016525,297.4706726074219,297.1499938964844,293.1499938964844,0.0,-0.0,291.4052734375,0.9557076692581176,0.2400850802659988,0.2269022315740585,297.40576171875,297.1499938964844,293.1499938964844,0.0,-0.0,291.40496826171875,0.8902754187583923,0.198174774646759,0.1383471637964248,297.4305114746094,297.1499938964844,293.1499938964844,0.0,-0.0,291.4051513671875,0.9264680743217468,0.2212714701890945,0.2090288698673248,297.3708801269531,297.1499938964844,293.1499938964844,0.0,-0.0,291.40509033203125,0.9168527722358704,0.2151557356119156,0.9651975631713868,291.40557861328125,291.1499938964844,287.9942626953125,286.58355712890625,291.46343994140625,297.4173889160156,291.4081726074219,1.0,0.3691298961639404,1.0,1.0,0.4396716058254242,1.0,-2.056912899017334,1.3002328872680664,0.7566800117492676,0.8337776064872742,0.0,0.0,0.0,46.50862121582031,96.0,93.24365997314452,-0.0,657.4932861328125,1.0,293.1499938964844,293.1499938964844,293.1499938964844,293.1499938964844,293.1499938964844,293.1499938964844,278.1499938964844,0.0,18000.0,313.1499938964844,0.0,18000.0,0.0,0.0,0.0,0.0,0.0,0.0,0.0,0.0,0.0,0.0,-0.0,-0.0,0.0,0.0,0.0,0.0,0.0,-0.0,0.0,0.0,0.0,0.0,0.0,0.0,0.0,0.0,0.0,4.0,0.0,0.0
11874720,297.3968811035156,297.1499938964844,293.1499938964844,0.0,-0.0,291.4049072265625,0.8838851451873779,0.1940038502216339,0.1741707772016525,297.4706726074219,297.1499938964844,293.1499938964844,0.0,-0.0,291.4052734375,0.9557076692581176,0.2400850802659988,0.2269022315740585,297.40576171875,297.1499938964844,293.1499938964844,0.0,-0.0,291.40496826171875,0.8902754187583923,0.198174774646759,0.1383471637964248,297.4305114746094,297.1499938964844,293.1499938964844,0.0,-0.0,291.4051513671875,0.9264680743217468,0.2212714701890945,0.2090288698673248,297.3708801269531,297.1499938964844,293.1499938964844,0.0,-0.0,291.40509033203125,0.9168527722358704,0.2151557356119156,0.9651975631713868,291.40557861328125,291.1499938964844,287.9942626953125,286.58355712890625,291.46343994140625,297.4173889160156,291.4081726074219,1.0,0.3691298961639404,1.0,1.0,0.4396716058254242,1.0,-2.056912899017334,1.3002328872680664,0.7566800117492676,0.8337776064872742,0.0,0.0,0.0,46.50862121582031,96.0,93.24365997314452,-0.0,657.4932861328125,1.0,293.1499938964844,293.1499938964844,293.1499938964844,293.1499938964844,293.1499938964844,293.1499938964844,278.1499938964844,0.0,18000.0,313.1499938964844,0.0,18000.0,0.0,0.0,0.0,0.0,0.0,0.0,0.0,0.0,0.0,0.0,-0.0,-0.0,0.0,0.0,0.0,0.0,0.0,-0.0,0.0,0.0,0.0,0.0,0.0,0.0,0.0,0.0,0.0,4.0,0.0,0.0
11874780,297.4003295898437,297.1499938964844,293.1499938964844,0.0,-0.0,291.43829345703125,0.8180056810379028,0.197483941912651,0.1778304725885391,297.46783447265625,297.1499938964844,293.1499938964844,0.0,-0.0,291.4385070800781,0.8749198317527771,0.2438574284315109,0.2309202253818512,297.4101257324219,297.1499938964844,293.1499938964844,0.0,-0.0,291.43829345703125,0.8235373497009277,0.2018571943044662,0.1413222104310989,297.4351806640625,297.1499938964844,293.1499938964844,0.0,-0.0,291.4384155273437,0.8523048162460327,0.2253022193908691,0.2133796513080597,297.3737487792969,297.1499938964844,293.1499938964844,0.0,-0.0,291.4383850097656,0.843990683555603,0.2182485908269882,0.9817122220993042,291.4386901855469,291.1499938964844,288.0656433105469,286.6404724121094,291.4745483398437,297.41796875,291.4403991699219,1.0,0.3866929411888122,1.0,1.0,0.4351736903190613,1.0,-2.094766616821289,1.331809639930725,0.762956976890564,0.8570050597190857,0.0,0.0,0.0,60.27261734008789,99.0,57.032527923583984,-0.0,737.4541625976562,1.0,293.1499938964844,293.1499938964844,293.1499938964844,293.1499938964844,293.1499938964844,293.1499938964844,278.1499938964844,0.0,18000.0,313.1499938964844,0.0,18000.0,0.0,0.0,0.0,0.0,0.0,0.0,0.0,0.0,0.0,0.0,-0.0,-0.0,0.0,0.0,0.0,0.0,0.0,-0.0,0.0,0.0,0.0,0.0,0.0,0.0,0.0,0.0,0.0,4.0,0.0,0.0
11874840,297.4003295898437,297.1499938964844,293.1499938964844,0.0,-0.0,291.43829345703125,0.8180056810379028,0.197483941912651,0.1778304725885391,297.46783447265625,297.1499938964844,293.1499938964844,0.0,-0.0,291.4385070800781,0.8749198317527771,0.2438574284315109,0.2309202253818512,297.4101257324219,297.1499938964844,293.1499938964844,0.0,-0.0,291.43829345703125,0.8235373497009277,0.2018571943044662,0.1413222104310989,297.4351806640625,297.1499938964844,293.1499938964844,0.0,-0.0,291.4384155273437,0.8523048162460327,0.2253022193908691,0.2133796513080597,297.3737487792969,297.1499938964844,293.1499938964844,0.0,-0.0,291.4383850097656,0.843990683555603,0.2182485908269882,0.9817122220993042,291.4386901855469,291.1499938964844,288.0656433105469,286.6404724121094,291.4745483398437,297.41796875,291.4403991699219,1.0,0.3866929411888122,1.0,1.0,0.4351736903190613,1.0,-2.094766616821289,1.331809639930725,0.762956976890564,0.8570050597190857,0.0,0.0,0.0,60.27261734008789,99.0,57.032527923583984,-0.0,737.4541625976562,1.0,293.1499938964844,293.1499938964844,293.1499938964844,293.1499938964844,293.1499938964844,293.1499938964844,278.1499938964844,0.0,18000.0,313.1499938964844,0.0,18000.0,0.0,0.0,0.0,0.0,0.0,0.0,0.0,0.0,0.0,0.0,-0.0,-0.0,0.0,0.0,0.0,0.0,0.0,-0.0,0.0,0.0,0.0,0.0,0.0,0.0,0.0,0.0,0.0,4.0,0.0,0.0
11874900,297.4009094238281,297.1499938964844,293.1499938964844,0.0,-0.0,291.4506530761719,0.7995902299880981,0.1991282999515533,0.1795315444469452,297.4669189453125,297.1499938964844,293.1499938964844,0.0,-0.0,291.4508056640625,0.8549222946166992,0.2457809746265411,0.232935681939125,297.41131591796875,297.1499938964844,293.1499938964844,0.0,-0.0,291.4506530761719,0.8056054711341858,0.2036237120628357,0.1427258551120758,297.43658447265625,297.1499938964844,293.1499938964844,0.0,-0.0,291.45074462890625,0.8339519500732422,0.2272471636533737,0.2154462784528732,297.3740539550781,297.1499938964844,293.1499938964844,0.0,-0.0,291.4507141113281,0.8255769610404968,0.2196969240903854,0.9893393516540528,291.45098876953125,291.1499938964844,288.1009521484375,286.66845703125,291.47979736328125,297.41802978515625,291.452392578125,1.0,0.3937993347644806,1.0,1.0,0.432924747467041,1.0,-2.112560272216797,1.3470265865325928,0.7655336856842041,0.8683087229728699,0.0,0.0,0.0,66.0792007446289,99.0,45.55221557617188,-0.0,773.6234741210938,1.0,293.1499938964844,293.1499938964844,293.1499938964844,293.1499938964844,293.1499938964844,293.1499938964844,278.1499938964844,0.0,18000.0,313.1499938964844,0.0,18000.0,0.0,0.0,0.0,0.0,0.0,0.0,0.0,0.0,0.0,0.0,-0.0,-0.0,0.0,0.0,0.0,0.0,0.0,-0.0,0.0,0.0,0.0,0.0,0.0,0.0,0.0,0.0,0.0,4.0,0.0,0.0
11874960,297.40093994140625,297.1499938964844,293.1499938964844,0.0,-0.0,291.45733642578125,0.7863695621490479,0.2007185816764831,0.1811497658491134,297.4660949707031,297.1499938964844,293.1499938964844,0.0,-0.0,291.4573669433594,0.8415755033493042,0.2477084696292877,0.2349286675453186,297.4120178222656,297.1499938964844,293.1499938964844,0.0,-0.0,291.45733642578125,0.7924094200134277,0.2053457051515579,0.1440727710723877,297.4374694824219,297.1499938964844,293.1499938964844,0.0,-0.0,291.4573669433594,0.8214977979660034,0.2291489094495773,0.2174378484487533,297.37371826171875,297.1499938964844,293.1499938964844,0.0,-0.0,291.4573669433594,0.8125791549682617,0.2210810780525207,0.9965198040008544,291.4573669433594,291.1499938964844,288.135986328125,286.696044921875,291.4688720703125,297.4178771972656,291.4573974609375,1.0,0.4001883268356323,1.0,1.0,0.4287211000919342,1.0,-2.1295320987701416,1.365674376487732,0.7638575434684753,0.8831948637962341,0.0,0.0,0.0,71.02932739257812,87.0,28.12653350830078,-0.0,806.5401000976562,1.0,293.1499938964844,293.1499938964844,293.1499938964844,293.1499938964844,293.1499938964844,293.1499938964844,278.1499938964844,0.0,18000.0,313.1499938964844,0.0,18000.0,0.0,0.0,0.0,0.0,0.0,0.0,0.0,0.0,0.0,0.0,-0.0,-0.0,0.0,0.0,0.0,0.0,0.0,-0.0,0.0,0.0,0.0,0.0,0.0,0.0,0.0,0.0,0.0,4.0,0.0,0.0
11875020,297.3990478515625,297.1499938964844,293.1499938964844,0.0,-0.0,291.44842529296875,0.7831515669822693,0.2037089169025421,0.183973491191864,297.46392822265625,297.1499938964844,293.1499938964844,0.0,-0.0,291.44830322265625,0.838428258895874,0.2514927387237549,0.2386120855808258,297.4115905761719,297.1499938964844,293.1499938964844,0.0,-0.0,291.4483947753906,0.7894290685653687,0.208626240491867,0.1464651674032211,297.4374694824219,297.1499938964844,293.1499938964844,0.0,-0.0,291.4483337402344,0.8186361789703369,0.2327908426523208,0.2210156023502349,297.37078857421875,297.1499938964844,293.1499938964844,0.0,-0.0,291.4483642578125,0.8085023164749146,0.2236214280128479,1.0086671113967896,291.4481811523437,291.1499938964844,288.20489501953125,286.7498779296875,291.4412841796875,297.4164733886719,291.4474182128906,1.0,0.406163215637207,1.0,1.0,0.4203138053417206,1.0,-2.159111976623535,1.4013386964797974,0.757773220539093,0.9123056530952454,0.0,0.0,0.0,74.1807861328125,75.0,-3.469413995742798,-0.0,844.9680786132812,1.0,293.1499938964844,293.1499938964844,293.1499938964844,293.1499938964844,293.1499938964844,293.1499938964844,278.1499938964844,0.0,18000.0,313.1499938964844,0.0,18000.0,0.0,0.0,0.0,0.0,0.0,0.0,0.0,0.0,0.0,0.0,-0.0,-0.0,0.0,0.0,0.0,0.0,0.0,-0.0,0.0,0.0,0.0,0.0,0.0,0.0,0.0,0.0,0.0,4.0,0.0,0.0
11875080,297.3990478515625,297.1499938964844,293.1499938964844,0.0,-0.0,291.44842529296875,0.7831515669822693,0.2037089169025421,0.183973491191864,297.46392822265625,297.1499938964844,293.1499938964844,0.0,-0.0,291.44830322265625,0.838428258895874,0.2514927387237549,0.2386120855808258,297.4115905761719,297.1499938964844,293.1499938964844,0.0,-0.0,291.4483947753906,0.7894290685653687,0.208626240491867,0.1464651674032211,297.4374694824219,297.1499938964844,293.1499938964844,0.0,-0.0,291.4483337402344,0.8186361789703369,0.2327908426523208,0.2210156023502349,297.37078857421875,297.1499938964844,293.1499938964844,0.0,-0.0,291.4483642578125,0.8085023164749146,0.2236214280128479,1.0086671113967896,291.4481811523437,291.1499938964844,288.20489501953125,286.7498779296875,291.4412841796875,297.4164733886719,291.4474182128906,1.0,0.406163215637207,1.0,1.0,0.4203138053417206,1.0,-2.159111976623535,1.4013386964797974,0.757773220539093,0.9123056530952454,0.0,0.0,0.0,74.1807861328125,75.0,-3.469413995742798,-0.0,844.9680786132812,1.0,293.1499938964844,293.1499938964844,293.1499938964844,293.1499938964844,293.1499938964844,293.1499938964844,278.1499938964844,0.0,18000.0,313.1499938964844,0.0,18000.0,0.0,0.0,0.0,0.0,0.0,0.0,0.0,0.0,0.0,0.0,-0.0,-0.0,0.0,0.0,0.0,0.0,0.0,-0.0,0.0,0.0,0.0,0.0,0.0,0.0,0.0,0.0,0.0,4.0,0.0,0.0
11875140,297.3953552246094,297.1499938964844,293.1499938964844,0.0,-0.0,291.42926025390625,0.7958023548126221,0.2064901292324066,0.1864030957221985,297.4608154296875,297.1499938964844,293.1499938964844,0.0,-0.0,291.4290771484375,0.8512408137321472,0.255154013633728,0.2419813275337219,297.40936279296875,297.1499938964844,293.1499938964844,0.0,-0.0,291.4292297363281,0.8024995923042297,0.2117145359516143,0.1485668122768402,297.435546875,297.1499938964844,293.1499938964844,0.0,-0.0,291.4291381835937,0.8309508562088013,0.2362381219863891,0.2241987138986587,297.36541748046875,297.1499938964844,293.1499938964844,0.0,-0.0,291.4291687011719,0.8198508620262146,0.2258765995502472,1.0185378789901731,291.4289245605469,291.1499938964844,288.2719421386719,286.80157470703125,291.41162109375,297.4137268066406,291.427734375,1.0,0.4074434638023376,1.0,1.0,0.4119065403938293,1.0,-2.1842827796936035,1.4349112510681152,0.7493714690208435,0.9402594566345216,0.0,0.0,0.0,72.06061553955078,63.0,-21.685935974121094,-0.0,860.5719604492188,1.0,293.1499938964844,293.1499938964844,293.1499938964844,293.1499938964844,293.1499938964844,293.1499938964844,278.1499938964844,0.0,18000.0,313.1499938964844,0.0,18000.0,0.0,0.0,0.0,0.0,0.0,0.0,0.0,0.0,0.0,0.0,-0.0,-0.0,0.0,0.0,0.0,0.0,0.0,-0.0,0.0,0.0,0.0,0.0,0.0,0.0,0.0,0.0,0.0,4.0,0.0,0.0
11875200,297.3953552246094,297.1499938964844,293.1499938964844,0.0,-0.0,291.42926025390625,0.7958023548126221,0.2064901292324066,0.1864030957221985,297.4608154296875,297.1499938964844,293.1499938964844,0.0,-0.0,291.4290771484375,0.8512408137321472,0.255154013633728,0.2419813275337219,297.40936279296875,297.1499938964844,293.1499938964844,0.0,-0.0,291.4292297363281,0.8024995923042297,0.2117145359516143,0.1485668122768402,297.435546875,297.1499938964844,293.1499938964844,0.0,-0.0,291.4291381835937,0.8309508562088013,0.2362381219863891,0.2241987138986587,297.36541748046875,297.1499938964844,293.1499938964844,0.0,-0.0,291.4291687011719,0.8198508620262146,0.2258765995502472,1.0185378789901731,291.4289245605469,291.1499938964844,288.2719421386719,286.80157470703125,291.41162109375,297.4137268066406,291.427734375,1.0,0.4074434638023376,1.0,1.0,0.4119065403938293,1.0,-2.1842827796936035,1.4349112510681152,0.7493714690208435,0.9402594566345216,0.0,0.0,0.0,72.06061553955078,63.0,-21.685935974121094,-0.0,860.5719604492188,1.0,293.1499938964844,293.1499938964844,293.1499938964844,293.1499938964844,293.1499938964844,293.1499938964844,278.1499938964844,0.0,18000.0,313.1499938964844,0.0,18000.0,0.0,0.0,0.0,0.0,0.0,0.0,0.0,0.0,0.0,0.0,-0.0,-0.0,0.0,0.0,0.0,0.0,0.0,-0.0,0.0,0.0,0.0,0.0,0.0,0.0,0.0,0.0,0.0,4.0,0.0,0.0
11875260,297.3905944824219,297.1499938964844,293.1499938964844,0.0,-0.0,291.4057006835937,0.8206688761711121,0.209115520119667,0.1885577589273452,297.45684814453125,297.1499938964844,293.1499938964844,0.0,-0.0,291.405517578125,0.8782987594604492,0.2586901485919952,0.2451014816761016,297.4058532714844,297.1499938964844,293.1499938964844,0.0,-0.0,291.4056701660156,0.8272334337234497,0.2146452516317367,0.1504564583301544,297.4322509765625,297.1499938964844,293.1499938964844,0.0,-0.0,291.40557861328125,0.8562090396881104,0.2395229935646057,0.2270906865596771,297.3583068847656,297.1499938964844,293.1499938964844,0.0,-0.0,291.4056091308594,0.8430602550506592,0.2278854995965957,1.0266427993774414,291.40533447265625,291.1499938964844,288.3367614746094,286.8507995605469,291.38409423828125,297.4100341796875,291.404052734375,1.0,0.4055996537208557,1.0,1.0,0.4039630889892578,1.0,-2.206098794937134,1.4659409523010254,0.7401578426361084,0.9663956761360168,0.0,0.0,0.0,66.56568908691406,51.0,-30.08522224426269,-0.0,860.5948486328125,1.0,293.1499938964844,293.1499938964844,293.1499938964844,293.1499938964844,293.1499938964844,293.1499938964844,278.1499938964844,0.0,18000.0,313.1499938964844,0.0,18000.0,0.0,0.0,0.0,0.0,0.0,0.0,0.0,0.0,0.0,0.0,-0.0,-0.0,0.0,0.0,0.0,0.0,0.0,-0.0,0.0,0.0,0.0,0.0,0.0,0.0,0.0,0.0,0.0,4.0,0.0,0.0
11875320,297.3905944824219,297.1499938964844,293.1499938964844,0.0,-0.0,291.4057006835937,0.8206688761711121,0.209115520119667,0.1885577589273452,297.45684814453125,297.1499938964844,293.1499938964844,0.0,-0.0,291.405517578125,0.8782987594604492,0.2586901485919952,0.2451014816761016,297.4058532714844,297.1499938964844,293.1499938964844,0.0,-0.0,291.4056701660156,0.8272334337234497,0.2146452516317367,0.1504564583301544,297.4322509765625,297.1499938964844,293.1499938964844,0.0,-0.0,291.40557861328125,0.8562090396881104,0.2395229935646057,0.2270906865596771,297.3583068847656,297.1499938964844,293.1499938964844,0.0,-0.0,291.4056091308594,0.8430602550506592,0.2278854995965957,1.0266427993774414,291.40533447265625,291.1499938964844,288.3367614746094,286.8507995605469,291.38409423828125,297.4100341796875,291.404052734375,1.0,0.4055996537208557,1.0,1.0,0.4039630889892578,1.0,-2.206098794937134,1.4659409523010254,0.7401578426361084,0.9663956761360168,0.0,0.0,0.0,66.56568908691406,51.0,-30.08522224426269,-0.0,860.5948486328125,1.0,293.1499938964844,293.1499938964844,293.1499938964844,293.1499938964844,293.1499938964844,293.1499938964844,278.1499938964844,0.0,18000.0,313.1499938964844,0.0,18000.0,0.0,0.0,0.0,0.0,0.0,0.0,0.0,0.0,0.0,0.0,-0.0,-0.0,0.0,0.0,0.0,0.0,0.0,-0.0,0.0,0.0,0.0,0.0,0.0,0.0,0.0,0.0,0.0,4.0,0.0,0.0
11875380,297.38531494140625,297.1499938964844,293.1499938964844,0.0,-0.0,291.3795471191406,0.8596620559692383,0.2116289883852005,0.1905238479375839,297.4522705078125,297.1499938964844,293.1499938964844,0.0,-0.0,291.3793334960937,0.9259857535362244,0.2621135115623474,0.2480282485485077,297.40155029296875,297.1499938964844,293.1499938964844,0.0,-0.0,291.3795166015625,0.8673029541969299,0.2174496054649353,0.1521911174058914,297.4280700683594,297.1499938964844,293.1499938964844,0.0,-0.0,291.3794250488281,0.9000816345214844,0.2426765114068985,0.2297680228948593,297.3500671386719,297.1499938964844,293.1499938964844,0.0,-0.0,291.37945556640625,0.8837891817092896,0.2296913117170334,1.0333938598632812,291.379150390625,291.1499938964844,288.3988647460937,286.89715576171875,291.3549194335937,297.4058532714844,291.3777160644531,1.0,0.4016924798488617,1.0,1.0,0.3960196673870086,1.0,-2.225385904312134,1.495808243751526,0.7295775413513184,0.9919180870056152,0.0,0.0,0.0,58.87552261352539,39.0,-35.262664794921875,-0.0,849.8447265625,1.0,293.1499938964844,293.1499938964844,293.1499938964844,293.1499938964844,293.1499938964844,293.1499938964844,278.1499938964844,0.0,18000.0,313.1499938964844,0.0,18000.0,0.0,0.0,0.0,0.0,0.0,0.0,0.0,0.0,0.0,0.0,-0.0,-0.0,0.0,0.0,0.0,0.0,0.0,-0.0,0.0,0.0,0.0,0.0,0.0,0.0,0.0,0.0,0.0,4.0,0.0,0.0
11875440,297.38531494140625,297.1499938964844,293.1499938964844,0.0,-0.0,291.3795471191406,0.8596620559692383,0.2116289883852005,0.1905238479375839,297.4522705078125,297.1499938964844,293.1499938964844,0.0,-0.0,291.3793334960937,0.9259857535362244,0.2621135115623474,0.2480282485485077,297.40155029296875,297.1499938964844,293.1499938964844,0.0,-0.0,291.3795166015625,0.8673029541969299,0.2174496054649353,0.1521911174058914,297.4280700683594,297.1499938964844,293.1499938964844,0.0,-0.0,291.3794250488281,0.9000816345214844,0.2426765114068985,0.2297680228948593,297.3500671386719,297.1499938964844,293.1499938964844,0.0,-0.0,291.37945556640625,0.8837891817092896,0.2296913117170334,1.0333938598632812,291.379150390625,291.1499938964844,288.3988647460937,286.89715576171875,291.3549194335937,297.4058532714844,291.3777160644531,1.0,0.4016924798488617,1.0,1.0,0.3960196673870086,1.0,-2.225385904312134,1.495808243751526,0.7295775413513184,0.9919180870056152,0.0,0.0,0.0,58.87552261352539,39.0,-35.262664794921875,-0.0,849.8447265625,1.0,293.1499938964844,293.1499938964844,293.1499938964844,293.1499938964844,293.1499938964844,293.1499938964844,278.1499938964844,0.0,18000.0,313.1499938964844,0.0,18000.0,0.0,0.0,0.0,0.0,0.0,0.0,0.0,0.0,0.0,0.0,-0.0,-0.0,0.0,0.0,0.0,0.0,0.0,-0.0,0.0,0.0,0.0,0.0,0.0,0.0,0.0,0.0,0.0,4.0,0.0,0.0
11875500,297.382568359375,297.1499938964844,293.1499938964844,0.0,-0.0,291.365478515625,0.8899307250976562,0.2128504663705825,0.1914529949426651,297.4497985839844,297.1499938964844,293.1499938964844,0.0,-0.0,291.365234375,0.9624313712120056,0.2637849152088165,0.2494312077760696,297.399169921875,297.1499938964844,293.1499938964844,0.0,-0.0,291.3654479980469,0.8982782363891602,0.2188095152378082,0.1530118584632873,297.4257507324219,297.1499938964844,293.1499938964844,0.0,-0.0,291.3653259277344,0.9356752634048462,0.2442094981670379,0.2310421019792556,297.345703125,297.1499938964844,293.1499938964844,0.0,-0.0,291.3653869628906,0.9156067371368408,0.2305276989936828,1.0363556146621704,291.36505126953125,291.1499938964844,288.4288024902344,286.91912841796875,291.339599609375,297.40362548828125,291.363525390625,1.0,0.3991856575012207,1.0,1.0,0.3920479416847229,1.0,-2.234261512756348,1.5104129314422607,0.7238485813140869,1.0045185089111328,0.0,0.0,0.0,54.45614242553711,39.0,-37.34730529785156,-0.0,841.4744262695312,1.0,293.1499938964844,293.1499938964844,293.1499938964844,293.1499938964844,293.1499938964844,293.1499938964844,278.1499938964844,0.0,18000.0,313.1499938964844,0.0,18000.0,0.0,0.0,0.0,0.0,0.0,0.0,0.0,0.0,0.0,0.0,-0.0,-0.0,0.0,0.0,0.0,0.0,0.0,-0.0,0.0,0.0,0.0,0.0,0.0,0.0,0.0,0.0,0.0,4.0,0.0,0.0
11875560,297.3797912597656,297.1499938964844,293.1499938964844,0.0,-0.0,291.3529968261719,0.9330361485481262,0.21405129134655,0.1923595368862152,297.447265625,297.1499938964844,293.1499938964844,0.0,-0.0,291.35284423828125,0.9984966516494752,0.2654344439506531,0.2499215900897979,297.39666748046875,297.1499938964844,293.1499938964844,0.0,-0.0,291.3529663085937,0.943010687828064,0.2201432734727859,0.1538115441799163,297.4233093261719,297.1499938964844,293.1499938964844,0.0,-0.0,291.3529052734375,0.9790342450141908,0.2457155734300613,0.2322868704795837,297.3411865234375,297.1499938964844,293.1499938964844,0.0,-0.0,291.3529357910156,0.960572063922882,0.2313241511583328,1.0391170978546145,291.35272216796875,291.1499938964844,288.4579162597656,286.94024658203125,291.3326416015625,297.4013061523437,291.351806640625,1.0,0.3963582813739776,1.0,1.0,0.3891709148883819,1.0,-2.2416863441467285,1.5217976570129397,0.7198885679244995,1.0144323110580444,0.0,0.0,0.0,49.91160202026367,57.0,-34.06072998046875,-0.0,831.1871337890625,1.0,293.1499938964844,293.1499938964844,293.1499938964844,293.1499938964844,293.1499938964844,293.1499938964844,278.1499938964844,0.0,18000.0,313.1499938964844,0.0,18000.0,0.0,0.0,0.0,0.0,0.0,0.0,0.0,0.0,0.0,0.0,-0.0,-0.0,0.0,0.0,0.0,0.0,0.0,-0.0,0.0,0.0,0.0,0.0,0.0,0.0,0.0,0.0,0.0,4.0,0.0,0.0
11875620,297.37432861328125,297.1499938964844,293.1499938964844,0.0,-0.0,291.3353271484375,0.9368705153465272,0.2164049744606018,0.1944789439439773,297.4474792480469,297.1499938964844,293.1499938964844,0.0,-0.0,291.335205078125,0.9979139566421508,0.2692213058471679,0.2494015842676162,297.3915710449219,297.1499938964844,293.1499938964844,0.0,-0.0,291.3352966308594,0.9470807313919068,0.2227505594491958,0.1556383818387985,297.41827392578125,297.1499938964844,293.1499938964844,0.0,-0.0,291.3352355957031,0.982397198677063,0.2486679255962371,0.2350836545228958,297.3321228027344,297.1499938964844,293.1499938964844,0.0,-0.0,291.33526611328125,0.962627410888672,0.2328256368637085,1.0459409952163696,291.3351135253906,291.1499938964844,288.5134582519531,286.979736328125,291.31988525390625,297.3990173339844,291.3343811035156,1.0,0.399772584438324,1.0,1.0,0.3834168314933777,1.0,-2.257373094558716,1.5450403690338137,0.7123326659202576,1.0337655544281006,0.0,0.0,0.0,50.37200927734375,75.0,-26.541454315185547,-0.0,847.8789672851562,1.0,293.1499938964844,293.1499938964844,293.1499938964844,293.1499938964844,293.1499938964844,293.1499938964844,278.1499938964844,0.0,18000.0,313.1499938964844,0.0,18000.0,0.0,0.0,0.0,0.0,0.0,0.0,0.0,0.0,0.0,0.0,-0.0,-0.0,0.0,0.0,0.0,0.0,0.0,-0.0,0.0,0.0,0.0,0.0,0.0,0.0,0.0,0.0,0.0,4.0,0.0,0.0
11875680,297.37432861328125,297.1499938964844,293.1499938964844,0.0,-0.0,291.3353271484375,0.9368705153465272,0.2164049744606018,0.1944789439439773,297.4474792480469,297.1499938964844,293.1499938964844,0.0,-0.0,291.335205078125,0.9979139566421508,0.2692213058471679,0.2494015842676162,297.3915710449219,297.1499938964844,293.1499938964844,0.0,-0.0,291.3352966308594,0.9470807313919068,0.2227505594491958,0.1556383818387985,297.41827392578125,297.1499938964844,293.1499938964844,0.0,-0.0,291.3352355957031,0.982397198677063,0.2486679255962371,0.2350836545228958,297.3321228027344,297.1499938964844,293.1499938964844,0.0,-0.0,291.33526611328125,0.962627410888672,0.2328256368637085,1.0459409952163696,291.3351135253906,291.1499938964844,288.5134582519531,286.979736328125,291.31988525390625,297.3990173339844,291.3343811035156,1.0,0.399772584438324,1.0,1.0,0.3834168314933777,1.0,-2.257373094558716,1.5450403690338137,0.7123326659202576,1.0337655544281006,0.0,0.0,0.0,50.37200927734375,75.0,-26.541454315185547,-0.0,847.8789672851562,1.0,293.1499938964844,293.1499938964844,293.1499938964844,293.1499938964844,293.1499938964844,293.1499938964844,278.1499938964844,0.0,18000.0,313.1499938964844,0.0,18000.0,0.0,0.0,0.0,0.0,0.0,0.0,0.0,0.0,0.0,0.0,-0.0,-0.0,0.0,0.0,0.0,0.0,0.0,-0.0,0.0,0.0,0.0,0.0,0.0,0.0,0.0,0.0,0.0,4.0,0.0,0.0
11875740,297.3687744140625,297.1499938964844,293.1499938964844,0.0,-0.0,291.3212585449219,0.8936969041824341,0.2186867594718933,0.1967510879039764,297.4403381347656,297.1499938964844,293.1499938964844,0.0,-0.0,291.3211364746094,0.9679780006408693,0.2722707092761993,0.2575522661209106,297.3864440917969,297.1499938964844,293.1499938964844,0.0,-0.0,291.3212280273437,0.9027500748634338,0.2252904921770095,0.1575839519500732,297.41326904296875,297.1499938964844,293.1499938964844,0.0,-0.0,291.3211669921875,0.9410336017608644,0.2515574395656585,0.2380444407463073,297.3232421875,297.1499938964844,293.1499938964844,0.0,-0.0,291.3212280273437,0.9160672426223756,0.2342330813407898,1.053396463394165,291.321044921875,291.1499938964844,288.5650634765625,287.0152282714844,291.307373046875,297.393798828125,291.3202819824219,1.0,0.4090548455715179,1.0,1.0,0.3776627779006958,1.0,-2.285127878189087,1.576000452041626,0.7091273069381714,1.0585471391677856,0.0,0.0,0.0,56.61545944213867,93.0,-22.0000228881836,-0.0,898.9085693359375,1.0,293.1499938964844,293.1499938964844,293.1499938964844,293.1499938964844,293.1499938964844,293.1499938964844,278.1499938964844,0.0,18000.0,313.1499938964844,0.0,18000.0,0.0,0.0,0.0,0.0,0.0,0.0,0.0,0.0,0.0,0.0,-0.0,-0.0,0.0,0.0,0.0,0.0,0.0,-0.0,0.0,0.0,0.0,0.0,0.0,0.0,0.0,0.0,0.0,4.0,0.0,0.0
11875800,297.3687744140625,297.1499938964844,293.1499938964844,0.0,-0.0,291.3212585449219,0.8936969041824341,0.2186867594718933,0.1967510879039764,297.4403381347656,297.1499938964844,293.1499938964844,0.0,-0.0,291.3211364746094,0.9679780006408693,0.2722707092761993,0.2575522661209106,297.3864440917969,297.1499938964844,293.1499938964844,0.0,-0.0,291.3212280273437,0.9027500748634338,0.2252904921770095,0.1575839519500732,297.41326904296875,297.1499938964844,293.1499938964844,0.0,-0.0,291.3211669921875,0.9410336017608644,0.2515574395656585,0.2380444407463073,297.3232421875,297.1499938964844,293.1499938964844,0.0,-0.0,291.3212280273437,0.9160672426223756,0.2342330813407898,1.053396463394165,291.321044921875,291.1499938964844,288.5650634765625,287.0152282714844,291.307373046875,297.393798828125,291.3202819824219,1.0,0.4090548455715179,1.0,1.0,0.3776627779006958,1.0,-2.285127878189087,1.576000452041626,0.7091273069381714,1.0585471391677856,0.0,0.0,0.0,56.61545944213867,93.0,-22.0000228881836,-0.0,898.9085693359375,1.0,293.1499938964844,293.1499938964844,293.1499938964844,293.1499938964844,293.1499938964844,293.1499938964844,278.1499938964844,0.0,18000.0,313.1499938964844,0.0,18000.0,0.0,0.0,0.0,0.0,0.0,0.0,0.0,0.0,0.0,0.0,-0.0,-0.0,0.0,0.0,0.0,0.0,0.0,-0.0,0.0,0.0,0.0,0.0,0.0,0.0,0.0,0.0,0.0,4.0,0.0,0.0
11875860,297.36279296875,297.1499938964844,293.1499938964844,0.0,-0.0,291.3121337890625,0.8407601118087769,0.2208499312400818,0.1991121023893356,297.4329528808594,297.1499938964844,293.1499938964844,0.0,-0.0,291.31207275390625,0.9042253494262696,0.2751985490322113,0.2607298791408539,297.3808288574219,297.1499938964844,293.1499938964844,0.0,-0.0,291.3121337890625,0.8488641977310181,0.2277175784111023,0.1596033275127411,297.4078063964844,297.1499938964844,293.1499938964844,0.0,-0.0,291.3121032714844,0.8802866339683533,0.2543404996395111,0.24111108481884,297.3140869140625,297.1499938964844,293.1499938964844,0.0,-0.0,291.3121032714844,0.85848069190979,0.2355019003152847,1.0612093210220337,291.3120422363281,291.1499938964844,288.61236572265625,287.0463562011719,291.3052978515625,297.3879699707031,291.31182861328125,1.0,0.4213823974132538,1.0,1.0,0.3735833466053009,1.0,-2.3068959712982178,1.599568009376526,0.7073279023170471,1.0772947072982788,0.0,0.0,0.0,67.9808120727539,111.0,-13.51545238494873,-0.0,965.458251953125,1.0,293.1499938964844,293.1499938964844,293.1499938964844,293.1499938964844,293.1499938964844,293.1499938964844,278.1499938964844,0.0,18000.0,313.1499938964844,0.0,18000.0,0.0,0.0,0.0,0.0,0.0,0.0,0.0,0.0,0.0,0.0,-0.0,-0.0,0.0,0.0,0.0,0.0,0.0,-0.0,0.0,0.0,0.0,0.0,0.0,0.0,0.0,0.0,0.0,4.0,0.0,0.0
11875920,297.36279296875,297.1499938964844,293.1499938964844,0.0,-0.0,291.3121337890625,0.8407601118087769,0.2208499312400818,0.1991121023893356,297.4329528808594,297.1499938964844,293.1499938964844,0.0,-0.0,291.31207275390625,0.9042253494262696,0.2751985490322113,0.2607298791408539,297.3808288574219,297.1499938964844,293.1499938964844,0.0,-0.0,291.3121337890625,0.8488641977310181,0.2277175784111023,0.1596033275127411,297.4078063964844,297.1499938964844,293.1499938964844,0.0,-0.0,291.3121032714844,0.8802866339683533,0.2543404996395111,0.24111108481884,297.3140869140625,297.1499938964844,293.1499938964844,0.0,-0.0,291.3121032714844,0.85848069190979,0.2355019003152847,1.0612093210220337,291.3120422363281,291.1499938964844,288.61236572265625,287.0463562011719,291.3052978515625,297.3879699707031,291.31182861328125,1.0,0.4213823974132538,1.0,1.0,0.3735833466053009,1.0,-2.3068959712982178,1.599568009376526,0.7073279023170471,1.0772947072982788,0.0,0.0,0.0,67.9808120727539,111.0,-13.51545238494873,-0.0,965.458251953125,1.0,293.1499938964844,293.1499938964844,293.1499938964844,293.1499938964844,293.1499938964844,293.1499938964844,278.1499938964844,0.0,18000.0,313.1499938964844,0.0,18000.0,0.0,0.0,0.0,0.0,0.0,0.0,0.0,0.0,0.0,0.0,-0.0,-0.0,0.0,0.0,0.0,0.0,0.0,-0.0,0.0,0.0,0.0,0.0,0.0,0.0,0.0,0.0,0.0,4.0,0.0,0.0
11875980,297.3567810058594,297.1499938964844,293.1499938964844,0.0,-0.0,291.3066101074219,0.7991628050804138,0.2229374498128891,0.2015006393194198,297.42645263671875,297.1499938964844,293.1499938964844,0.0,-0.0,291.3065795898437,0.8572279810905457,0.2781217098236084,0.2640157341957092,297.37518310546875,297.1499938964844,293.1499938964844,0.0,-0.0,291.3066101074219,0.8076452612876892,0.2300686836242675,0.1616444885730743,297.4023742675781,297.1499938964844,293.1499938964844,0.0,-0.0,291.3065795898437,0.8361235857009888,0.2570531666278839,0.2442126125097274,297.30517578125,297.1499938964844,293.1499938964844,0.0,-0.0,291.3066101074219,0.8154107928276062,0.2366737723350525,1.0690618753433228,291.3065490722656,291.1499938964844,288.6549072265625,287.07275390625,291.30145263671875,297.382568359375,291.3063049316406,1.0,0.4356023073196411,1.0,1.0,0.369503915309906,1.0,-2.329322576522827,1.6235865354537964,0.7057359218597412,1.096295714378357,0.0,0.0,0.0,82.05339050292969,99.0,-9.421714782714844,-0.0,1044.52392578125,1.0,293.1499938964844,293.1499938964844,293.1499938964844,293.1499938964844,293.1499938964844,293.1499938964844,278.1499938964844,0.0,18000.0,313.1499938964844,0.0,18000.0,0.0,0.0,0.0,0.0,0.0,0.0,0.0,0.0,0.0,0.0,-0.0,-0.0,0.0,0.0,0.0,0.0,0.0,-0.0,0.0,0.0,0.0,0.0,0.0,0.0,0.0,0.0,0.0,4.0,0.0,0.0
11876040,297.3567810058594,297.1499938964844,293.1499938964844,0.0,-0.0,291.3066101074219,0.7991628050804138,0.2229374498128891,0.2015006393194198,297.42645263671875,297.1499938964844,293.1499938964844,0.0,-0.0,291.3065795898437,0.8572279810905457,0.2781217098236084,0.2640157341957092,297.37518310546875,297.1499938964844,293.1499938964844,0.0,-0.0,291.3066101074219,0.8076452612876892,0.2300686836242675,0.1616444885730743,297.4023742675781,297.1499938964844,293.1499938964844,0.0,-0.0,291.3065795898437,0.8361235857009888,0.2570531666278839,0.2442126125097274,297.30517578125,297.1499938964844,293.1499938964844,0.0,-0.0,291.3066101074219,0.8154107928276062,0.2366737723350525,1.0690618753433228,291.3065490722656,291.1499938964844,288.6549072265625,287.07275390625,291.30145263671875,297.382568359375,291.3063049316406,1.0,0.4356023073196411,1.0,1.0,0.369503915309906,1.0,-2.329322576522827,1.6235865354537964,0.7057359218597412,1.096295714378357,0.0,0.0,0.0,82.05339050292969,99.0,-9.421714782714844,-0.0,1044.52392578125,1.0,293.1499938964844,293.1499938964844,293.1499938964844,293.1499938964844,293.1499938964844,293.1499938964844,278.1499938964844,0.0,18000.0,313.1499938964844,0.0,18000.0,0.0,0.0,0.0,0.0,0.0,0.0,0.0,0.0,0.0,0.0,-0.0,-0.0,0.0,0.0,0.0,0.0,0.0,-0.0,0.0,0.0,0.0,0.0,0.0,0.0,0.0,0.0,0.0,4.0,0.0,0.0
11876100,297.3537902832031,297.1499938964844,293.1499938964844,0.0,-0.0,291.3036499023437,0.7912097573280334,0.2239537388086319,0.2025418132543563,297.4233703613281,297.1499938964844,293.1499938964844,0.0,-0.0,291.3035888671875,0.8492982387542725,0.2795694768428802,0.2655141949653625,297.3723449707031,297.1499938964844,293.1499938964844,0.0,-0.0,291.3036193847656,0.7997621893882751,0.2312157899141311,0.1625458151102066,297.3996276855469,297.1499938964844,293.1499938964844,0.0,-0.0,291.3036193847656,0.8287050724029541,0.2583825290203094,0.2456036955118179,297.30078125,297.1499938964844,293.1499938964844,0.0,-0.0,291.3036193847656,0.8070952296257019,0.2372248619794845,1.0721933841705322,291.3035583496094,291.1499938964844,288.6742858886719,287.08404541015625,291.29803466796875,297.3799743652344,291.3032531738281,1.0,0.4390748739242553,1.0,1.0,0.3674642145633697,1.0,-2.338892698287964,1.63460373878479,0.704288899898529,1.1052182912826538,0.0,0.0,0.0,85.64603424072266,99.0,-9.164965629577637,-0.0,1069.1014404296875,1.0,293.1499938964844,293.1499938964844,293.1499938964844,293.1499938964844,293.1499938964844,293.1499938964844,278.1499938964844,0.0,18000.0,313.1499938964844,0.0,18000.0,0.0,0.0,0.0,0.0,0.0,0.0,0.0,0.0,0.0,0.0,-0.0,-0.0,0.0,0.0,0.0,0.0,0.0,-0.0,0.0,0.0,0.0,0.0,0.0,0.0,0.0,0.0,0.0,4.0,0.0,0.0
11876160,297.3509521484375,297.1499938964844,293.1499938964844,0.0,-0.0,291.3005676269531,0.7895121574401855,0.2249640822410583,0.2034901976585388,297.42041015625,297.1499938964844,293.1499938964844,0.0,-0.0,291.3005065917969,0.847757875919342,0.2810127735137939,0.2669188678264618,297.3695983886719,297.1499938964844,293.1499938964844,0.0,-0.0,291.300537109375,0.7981582283973694,0.2323538959026336,0.1633734107017517,297.39697265625,297.1499938964844,293.1499938964844,0.0,-0.0,291.300537109375,0.8272426128387451,0.2597024440765381,0.2468950599431991,297.2965087890625,297.1499938964844,293.1499938964844,0.0,-0.0,291.300537109375,0.804771900177002,0.2377621829509735,1.0748306512832642,291.30047607421875,291.1499938964844,288.6923217773437,287.09405517578125,291.2959289550781,297.3775329589844,291.30029296875,1.0,0.4410679042339325,1.0,1.0,0.3657207489013672,1.0,-2.3474340438842773,1.6443275213241575,0.7031065821647644,1.1130502223968506,0.0,0.0,0.0,87.00946807861328,87.0,-8.520505905151367,-0.0,1083.8280029296875,1.0,293.1499938964844,293.1499938964844,293.1499938964844,293.1499938964844,293.1499938964844,293.1499938964844,278.1499938964844,0.0,18000.0,313.1499938964844,0.0,18000.0,0.0,0.0,0.0,0.0,0.0,0.0,0.0,0.0,0.0,0.0,-0.0,-0.0,0.0,0.0,0.0,0.0,0.0,-0.0,0.0,0.0,0.0,0.0,0.0,0.0,0.0,0.0,0.0,4.0,0.0,0.0
11876220,297.3457946777344,297.1499938964844,293.1499938964844,0.0,-0.0,291.2947692871094,0.7972788214683533,0.2269854694604873,0.2052248269319534,297.4150695800781,297.1499938964844,293.1499938964844,0.0,-0.0,291.29473876953125,0.8559879064559937,0.283894807100296,0.2695557773113251,297.3645324707031,297.1499938964844,293.1499938964844,0.0,-0.0,291.2947692871094,0.806207537651062,0.2346207797527313,0.1648956388235092,297.3920288085937,297.1499938964844,293.1499938964844,0.0,-0.0,291.29473876953125,0.8349246382713318,0.2623308897018432,0.2492960542440414,297.2886047363281,297.1499938964844,293.1499938964844,0.0,-0.0,291.2947692871094,0.8112806677818298,0.2388163655996322,1.079196214675903,291.294677734375,291.1499938964844,288.7241516113281,287.10986328125,291.2892150878906,297.3731689453125,291.2943725585937,1.0,0.4416313767433166,1.0,1.0,0.3622337877750397,1.0,-2.36264443397522,1.6625648736953735,0.700079619884491,1.12791907787323,0.0,0.0,0.0,85.486328125,75.0,-8.659101486206055,-0.0,1094.3951416015625,1.0,293.1499938964844,293.1499938964844,293.1499938964844,293.1499938964844,293.1499938964844,293.1499938964844,278.1499938964844,0.0,18000.0,313.1499938964844,0.0,18000.0,0.0,0.0,0.0,0.0,0.0,0.0,0.0,0.0,0.0,0.0,-0.0,-0.0,0.0,0.0,0.0,0.0,0.0,-0.0,0.0,0.0,0.0,0.0,0.0,0.0,0.0,0.0,0.0,4.0,0.0,0.0
11876280,297.3457946777344,297.1499938964844,293.1499938964844,0.0,-0.0,291.2947692871094,0.7972788214683533,0.2269854694604873,0.2052248269319534,297.4150695800781,297.1499938964844,293.1499938964844,0.0,-0.0,291.29473876953125,0.8559879064559937,0.283894807100296,0.2695557773113251,297.3645324707031,297.1499938964844,293.1499938964844,0.0,-0.0,291.2947692871094,0.806207537651062,0.2346207797527313,0.1648956388235092,297.3920288085937,297.1499938964844,293.1499938964844,0.0,-0.0,291.29473876953125,0.8349246382713318,0.2623308897018432,0.2492960542440414,297.2886047363281,297.1499938964844,293.1499938964844,0.0,-0.0,291.2947692871094,0.8112806677818298,0.2388163655996322,1.079196214675903,291.294677734375,291.1499938964844,288.7241516113281,287.10986328125,291.2892150878906,297.3731689453125,291.2943725585937,1.0,0.4416313767433166,1.0,1.0,0.3622337877750397,1.0,-2.36264443397522,1.6625648736953735,0.700079619884491,1.12791907787323,0.0,0.0,0.0,85.486328125,75.0,-8.659101486206055,-0.0,1094.3951416015625,1.0,293.1499938964844,293.1499938964844,293.1499938964844,293.1499938964844,293.1499938964844,293.1499938964844,278.1499938964844,0.0,18000.0,313.1499938964844,0.0,18000.0,0.0,0.0,0.0,0.0,0.0,0.0,0.0,0.0,0.0,0.0,-0.0,-0.0,0.0,0.0,0.0,0.0,0.0,-0.0,0.0,0.0,0.0,0.0,0.0,0.0,0.0,0.0,0.0,4.0,0.0,0.0
11876340,297.3412475585937,297.1499938964844,293.1499938964844,0.0,-0.0,291.2862243652344,0.8166207075119019,0.2290047407150268,0.2068140208721161,297.41021728515625,297.1499938964844,293.1499938964844,0.0,-0.0,291.2861328125,0.87714022397995,0.2867605686187744,0.2720278203487396,297.3599853515625,297.1499938964844,293.1499938964844,0.0,-0.0,291.28619384765625,0.8251754641532898,0.2368763983249664,0.166297361254692,297.3876037597656,297.1499938964844,293.1499938964844,0.0,-0.0,291.2861633300781,0.8545625805854797,0.2649460136890411,0.2515316307544708,297.281494140625,297.1499938964844,293.1499938964844,0.0,-0.0,291.28619384765625,0.8286900520324707,0.2398513108491897,1.0827430486679075,291.2860717773437,291.1499938964844,288.75,287.119873046875,291.2783203125,297.3692932128906,291.2855834960937,1.0,0.4390597641468048,1.0,1.0,0.3587468564510345,1.0,-2.376154899597168,1.6798057556152344,0.6963491439819336,1.142174482345581,0.0,0.0,0.0,80.03449249267578,63.0,-11.630776405334473,-0.0,1087.2808837890625,1.0,293.1499938964844,293.1499938964844,293.1499938964844,293.1499938964844,293.1499938964844,293.1499938964844,278.1499938964844,0.0,18000.0,313.1499938964844,0.0,18000.0,0.0,0.0,0.0,0.0,0.0,0.0,0.0,0.0,0.0,0.0,-0.0,-0.0,0.0,0.0,0.0,0.0,0.0,-0.0,0.0,0.0,0.0,0.0,0.0,0.0,0.0,0.0,0.0,4.0,0.0,0.0
11876400,297.3412475585937,297.1499938964844,293.1499938964844,0.0,-0.0,291.2862243652344,0.8166207075119019,0.2290047407150268,0.2068140208721161,297.41021728515625,297.1499938964844,293.1499938964844,0.0,-0.0,291.2861328125,0.87714022397995,0.2867605686187744,0.2720278203487396,297.3599853515625,297.1499938964844,293.1499938964844,0.0,-0.0,291.28619384765625,0.8251754641532898,0.2368763983249664,0.166297361254692,297.3876037597656,297.1499938964844,293.1499938964844,0.0,-0.0,291.2861633300781,0.8545625805854797,0.2649460136890411,0.2515316307544708,297.281494140625,297.1499938964844,293.1499938964844,0.0,-0.0,291.28619384765625,0.8286900520324707,0.2398513108491897,1.0827430486679075,291.2860717773437,291.1499938964844,288.75,287.119873046875,291.2783203125,297.3692932128906,291.2855834960937,1.0,0.4390597641468048,1.0,1.0,0.3587468564510345,1.0,-2.376154899597168,1.6798057556152344,0.6963491439819336,1.142174482345581,0.0,0.0,0.0,80.03449249267578,63.0,-11.630776405334473,-0.0,1087.2808837890625,1.0,293.1499938964844,293.1499938964844,293.1499938964844,293.1499938964844,293.1499938964844,293.1499938964844,278.1499938964844,0.0,18000.0,313.1499938964844,0.0,18000.0,0.0,0.0,0.0,0.0,0.0,0.0,0.0,0.0,0.0,0.0,-0.0,-0.0,0.0,0.0,0.0,0.0,0.0,-0.0,0.0,0.0,0.0,0.0,0.0,0.0,0.0,0.0,0.0,4.0,0.0,0.0
11876460,297.3371276855469,297.1499938964844,293.1499938964844,0.0,-0.0,291.27642822265625,0.8463841676712036,0.2310100048780441,0.2083024084568023,297.4057922363281,297.1499938964844,293.1499938964844,0.0,-0.0,291.2763671875,0.913156032562256,0.2896076440811157,0.2743852436542511,297.3558044433594,297.1499938964844,293.1499938964844,0.0,-0.0,291.2763977050781,0.8557279109954834,0.2391128242015838,0.1676166802644729,297.3835144042969,297.1499938964844,293.1499938964844,0.0,-0.0,291.2763671875,0.8883211016654968,0.2675416171550751,0.2536548376083374,297.27508544921875,297.1499938964844,293.1499938964844,0.0,-0.0,291.2763977050781,0.8581264615058899,0.2408660054206848,1.0857493877410889,291.2763061523437,291.1499938964844,288.7728576660156,287.1249389648437,291.2685241699219,297.36578369140625,291.27587890625,1.0,0.4345264136791229,1.0,1.0,0.3556551337242126,1.0,-2.3885231018066406,1.6954431533813477,0.693079948425293,1.1550891399383545,0.0,0.0,0.0,72.14399719238281,51.0,-12.796893119812012,-0.0,1068.877197265625,1.0,293.1499938964844,293.1499938964844,293.1499938964844,293.1499938964844,293.1499938964844,293.1499938964844,278.1499938964844,0.0,18000.0,313.1499938964844,0.0,18000.0,0.0,0.0,0.0,0.0,0.0,0.0,0.0,0.0,0.0,0.0,-0.0,-0.0,0.0,0.0,0.0,0.0,0.0,-0.0,0.0,0.0,0.0,0.0,0.0,0.0,0.0,0.0,0.0,4.0,0.0,0.0
11876520,297.3371276855469,297.1499938964844,293.1499938964844,0.0,-0.0,291.27642822265625,0.8463841676712036,0.2310100048780441,0.2083024084568023,297.4057922363281,297.1499938964844,293.1499938964844,0.0,-0.0,291.2763671875,0.913156032562256,0.2896076440811157,0.2743852436542511,297.3558044433594,297.1499938964844,293.1499938964844,0.0,-0.0,291.2763977050781,0.8557279109954834,0.2391128242015838,0.1676166802644729,297.3835144042969,297.1499938964844,293.1499938964844,0.0,-0.0,291.2763671875,0.8883211016654968,0.2675416171550751,0.2536548376083374,297.27508544921875,297.1499938964844,293.1499938964844,0.0,-0.0,291.2763977050781,0.8581264615058899,0.2408660054206848,1.0857493877410889,291.2763061523437,291.1499938964844,288.7728576660156,287.1249389648437,291.2685241699219,297.36578369140625,291.27587890625,1.0,0.4345264136791229,1.0,1.0,0.3556551337242126,1.0,-2.3885231018066406,1.6954431533813477,0.693079948425293,1.1550891399383545,0.0,0.0,0.0,72.14399719238281,51.0,-12.796893119812012,-0.0,1068.877197265625,1.0,293.1499938964844,293.1499938964844,293.1499938964844,293.1499938964844,293.1499938964844,293.1499938964844,278.1499938964844,0.0,18000.0,313.1499938964844,0.0,18000.0,0.0,0.0,0.0,0.0,0.0,0.0,0.0,0.0,0.0,0.0,-0.0,-0.0,0.0,0.0,0.0,0.0,0.0,-0.0,0.0,0.0,0.0,0.0,0.0,0.0,0.0,0.0,0.0,4.0,0.0,0.0
11876580,297.3334045410156,297.1499938964844,293.1499938964844,0.0,-0.0,291.26708984375,0.896685779094696,0.2330026775598526,0.2097224444150924,297.40185546875,297.1499938964844,293.1499938964844,0.0,-0.0,291.2670288085937,0.9734672904014589,0.2924487590789795,0.2766751945018768,297.3519592285156,297.1499938964844,293.1499938964844,0.0,-0.0,291.26708984375,0.9075785875320436,0.241328626871109,0.1688779592514038,297.3797912597656,297.1499938964844,293.1499938964844,0.0,-0.0,291.2670593261719,0.9472431540489196,0.270119845867157,0.2557014524936676,297.2693176269531,297.1499938964844,293.1499938964844,0.0,-0.0,291.26708984375,0.9087342023849488,0.2418650537729263,1.0883982181549072,291.2669982910156,291.1499938964844,288.79595947265625,287.1263732910156,291.2592163085937,297.3626403808594,291.2665405273437,1.0,0.4287475645542145,1.0,1.0,0.3525634109973907,1.0,-2.400136709213257,1.7106289863586426,0.6895076036453247,1.1677231788635254,0.0,0.0,0.0,62.725196838378906,39.0,-12.922407150268556,-0.0,1043.18994140625,1.0,293.1499938964844,293.1499938964844,293.1499938964844,293.1499938964844,293.1499938964844,293.1499938964844,278.1499938964844,0.0,18000.0,313.1499938964844,0.0,18000.0,0.0,0.0,0.0,0.0,0.0,0.0,0.0,0.0,0.0,0.0,-0.0,-0.0,0.0,0.0,0.0,0.0,0.0,-0.0,0.0,0.0,0.0,0.0,0.0,0.0,0.0,0.0,0.0,4.0,0.0,0.0
11876640,297.3334045410156,297.1499938964844,293.1499938964844,0.0,-0.0,291.26708984375,0.896685779094696,0.2330026775598526,0.2097224444150924,297.40185546875,297.1499938964844,293.1499938964844,0.0,-0.0,291.2670288085937,0.9734672904014589,0.2924487590789795,0.2766751945018768,297.3519592285156,297.1499938964844,293.1499938964844,0.0,-0.0,291.26708984375,0.9075785875320436,0.241328626871109,0.1688779592514038,297.3797912597656,297.1499938964844,293.1499938964844,0.0,-0.0,291.2670593261719,0.9472431540489196,0.270119845867157,0.2557014524936676,297.2693176269531,297.1499938964844,293.1499938964844,0.0,-0.0,291.26708984375,0.9087342023849488,0.2418650537729263,1.0883982181549072,291.2669982910156,291.1499938964844,288.79595947265625,287.1263732910156,291.2592163085937,297.3626403808594,291.2665405273437,1.0,0.4287475645542145,1.0,1.0,0.3525634109973907,1.0,-2.400136709213257,1.7106289863586426,0.6895076036453247,1.1677231788635254,0.0,0.0,0.0,62.725196838378906,39.0,-12.922407150268556,-0.0,1043.18994140625,1.0,293.1499938964844,293.1499938964844,293.1499938964844,293.1499938964844,293.1499938964844,293.1499938964844,278.1499938964844,0.0,18000.0,313.1499938964844,0.0,18000.0,0.0,0.0,0.0,0.0,0.0,0.0,0.0,0.0,0.0,0.0,-0.0,-0.0,0.0,0.0,0.0,0.0,0.0,-0.0,0.0,0.0,0.0,0.0,0.0,0.0,0.0,0.0,0.0,4.0,0.0,0.0
11876700,297.33160400390625,297.1499938964844,293.1499938964844,0.0,-0.0,291.2626953125,0.9332776069641112,0.233987271785736,0.2104353606700897,297.4002380371094,297.1499938964844,293.1499938964844,0.0,-0.0,291.2626342773437,0.9990000128746032,0.2938835620880127,0.2749097645282745,297.3500671386719,297.1499938964844,293.1499938964844,0.0,-0.0,291.2626647949219,0.945870578289032,0.2424226552248001,0.1695086807012558,297.3779602050781,297.1499938964844,293.1499938964844,0.0,-0.0,291.2626342773437,0.9821925759315492,0.2713956832885742,0.256726324558258,297.2666015625,297.1499938964844,293.1499938964844,0.0,-0.0,291.2626647949219,0.9462224245071412,0.2423524409532547,1.0897347927093506,291.2626037597656,291.1499938964844,288.8075866699219,287.12579345703125,291.2542419433594,297.3611145019531,291.2621765136719,1.0,0.4254097044467926,1.0,1.0,0.3510175347328186,1.0,-2.4025332927703857,1.7159794569015503,0.686553955078125,1.1729737520217896,0.0,0.0,0.0,58.13621139526367,39.0,-12.793391227722168,-0.0,1027.00634765625,1.0,293.1499938964844,293.1499938964844,293.1499938964844,293.1499938964844,293.1499938964844,293.1499938964844,278.1499938964844,0.0,18000.0,313.1499938964844,0.0,18000.0,0.0,0.0,0.0,0.0,0.0,0.0,0.0,0.0,0.0,0.0,-0.0,-0.0,0.0,0.0,0.0,0.0,0.0,-0.0,0.0,0.0,0.0,0.0,0.0,0.0,0.0,0.0,0.0,4.0,0.0,0.0
11876760,297.3294372558594,297.1499938964844,293.1499938964844,0.0,-0.0,291.2581787109375,0.9554435014724731,0.2349226623773574,0.2112106829881668,297.40478515625,297.1499938964844,293.1499938964844,0.0,-0.0,291.25811767578125,0.9990063905715942,0.2959109842777252,0.2581925988197326,297.3478088378906,297.1499938964844,293.1499938964844,0.0,-0.0,291.2581787109375,0.9671993255615234,0.2434688657522201,0.1701882481575012,297.3757629394531,297.1499938964844,293.1499938964844,0.0,-0.0,291.25811767578125,0.9985314011573792,0.2726255655288696,0.2576633095741272,297.2635498046875,297.1499938964844,293.1499938964844,0.0,-0.0,291.2581787109375,0.96671724319458,0.2427910715341568,1.0913829803466797,291.258056640625,291.1499938964844,288.8192138671875,287.1243896484375,291.2485046386719,297.3616943359375,291.2574157714844,1.0,0.4210028052330017,1.0,1.0,0.3498702347278595,1.0,-2.3870174884796143,1.7088631391525269,0.6781544089317322,1.169406175613403,0.0,0.0,0.0,55.412559509277344,59.0,-13.364133834838867,-0.0,999.3119506835938,1.0,293.1499938964844,293.1499938964844,293.1499938964844,293.1499938964844,293.1499938964844,293.1499938964844,278.1499938964844,0.0,18000.0,313.1499938964844,0.0,18000.0,0.0,0.0,0.0,0.0,0.0,0.0,0.0,0.0,0.0,0.0,-0.0,-0.0,0.0,0.0,0.0,0.0,0.0,-0.0,0.0,0.0,0.0,0.0,0.0,0.0,0.0,0.0,0.0,4.0,0.0,0.0
11876820,297.32598876953125,297.1499938964844,293.1499938964844,0.0,-0.0,291.2509155273437,0.9596287608146667,0.2368465662002563,0.2129109501838684,297.42291259765625,297.1499938964844,293.1499938964844,0.0,-0.0,291.2509155273437,0.9988878965377808,0.3009828627109527,0.2569394409656524,297.3443908691406,297.1499938964844,293.1499938964844,0.0,-0.0,291.2509155273437,0.9713167548179626,0.245627075433731,0.1716702431440353,297.37567138671875,297.1499938964844,293.1499938964844,0.0,-0.0,291.2509155273437,0.9988884329795836,0.2754727303981781,0.2569400668144226,297.2587890625,297.1499938964844,293.1499938964844,0.0,-0.0,291.2509155273437,0.9693009853363036,0.2437458783388137,1.0954980850219729,291.2508850097656,291.1499938964844,288.84259033203125,287.1192321777344,291.2482604980469,297.3705444335937,291.2509460449219,1.0,0.4229246079921722,1.0,1.0,0.3475756347179413,1.0,-2.393639326095581,1.7189654111862185,0.674673855304718,1.177499532699585,0.0,0.0,0.0,55.44668960571289,79.0,-8.309611320495605,-0.0,1006.464599609375,1.0,293.1499938964844,293.1499938964844,293.1499938964844,293.1499938964844,293.1499938964844,293.1499938964844,278.1499938964844,0.0,18000.0,313.1499938964844,0.0,18000.0,0.0,0.0,0.0,0.0,0.0,0.0,0.0,0.0,0.0,0.0,-0.0,-0.0,0.0,0.0,0.0,0.0,0.0,-0.0,0.0,0.0,0.0,0.0,0.0,0.0,0.0,0.0,0.0,4.0,0.0,0.0
11876880,297.32598876953125,297.1499938964844,293.1499938964844,0.0,-0.0,291.2509155273437,0.9596287608146667,0.2368465662002563,0.2129109501838684,297.42291259765625,297.1499938964844,293.1499938964844,0.0,-0.0,291.2509155273437,0.9988878965377808,0.3009828627109527,0.2569394409656524,297.3443908691406,297.1499938964844,293.1499938964844,0.0,-0.0,291.2509155273437,0.9713167548179626,0.245627075433731,0.1716702431440353,297.37567138671875,297.1499938964844,293.1499938964844,0.0,-0.0,291.2509155273437,0.9988884329795836,0.2754727303981781,0.2569400668144226,297.2587890625,297.1499938964844,293.1499938964844,0.0,-0.0,291.2509155273437,0.9693009853363036,0.2437458783388137,1.0954980850219729,291.2508850097656,291.1499938964844,288.84259033203125,287.1192321777344,291.2482604980469,297.3705444335937,291.2509460449219,1.0,0.4229246079921722,1.0,1.0,0.3475756347179413,1.0,-2.393639326095581,1.7189654111862185,0.674673855304718,1.177499532699585,0.0,0.0,0.0,55.44668960571289,79.0,-8.309611320495605,-0.0,1006.464599609375,1.0,293.1499938964844,293.1499938964844,293.1499938964844,293.1499938964844,293.1499938964844,293.1499938964844,278.1499938964844,0.0,18000.0,313.1499938964844,0.0,18000.0,0.0,0.0,0.0,0.0,0.0,0.0,0.0,0.0,0.0,0.0,-0.0,-0.0,0.0,0.0,0.0,0.0,0.0,-0.0,0.0,0.0,0.0,0.0,0.0,0.0,0.0,0.0,0.0,4.0,0.0,0.0
11876940,297.32330322265625,297.1499938964844,293.1499938964844,0.0,-0.0,291.25213623046875,0.9366337060928344,0.23880335688591,0.2147644907236099,297.424560546875,297.1499938964844,293.1499938964844,0.0,-0.0,291.2521667480469,0.9990000128746032,0.3046323359012604,0.2780217826366424,297.3419189453125,297.1499938964844,293.1499938964844,0.0,-0.0,291.25213623046875,0.9497321844100952,0.2478388100862503,0.1732854843139648,297.3720703125,297.1499938964844,293.1499938964844,0.0,-0.0,291.2521667480469,0.9858216047286988,0.2779690623283386,0.2629640400409698,297.25518798828125,297.1499938964844,293.1499938964844,0.0,-0.0,291.25213623046875,0.9457823038101196,0.244759514927864,1.1005181074142456,291.2521667480469,291.1499938964844,288.8659362792969,287.111083984375,291.2548217773437,297.3708190917969,291.2525329589844,1.0,0.4325693249702453,1.0,1.0,0.345281034708023,1.0,-2.436140298843384,1.7523938417434692,0.6837463974952698,1.2011510133743286,0.0,0.0,0.0,59.63267135620117,99.0,-0.1152286902070045,-0.0,1070.35888671875,1.0,293.1499938964844,293.1499938964844,293.1499938964844,293.1499938964844,293.1499938964844,293.1499938964844,278.1499938964844,0.0,18000.0,313.1499938964844,0.0,18000.0,0.0,0.0,0.0,0.0,0.0,0.0,0.0,0.0,0.0,0.0,-0.0,-0.0,0.0,0.0,0.0,0.0,0.0,-0.0,0.0,0.0,0.0,0.0,0.0,0.0,0.0,0.0,0.0,4.0,0.0,0.0
11877000,297.32330322265625,297.1499938964844,293.1499938964844,0.0,-0.0,291.25213623046875,0.9366337060928344,0.23880335688591,0.2147644907236099,297.424560546875,297.1499938964844,293.1499938964844,0.0,-0.0,291.2521667480469,0.9990000128746032,0.3046323359012604,0.2780217826366424,297.3419189453125,297.1499938964844,293.1499938964844,0.0,-0.0,291.25213623046875,0.9497321844100952,0.2478388100862503,0.1732854843139648,297.3720703125,297.1499938964844,293.1499938964844,0.0,-0.0,291.2521667480469,0.9858216047286988,0.2779690623283386,0.2629640400409698,297.25518798828125,297.1499938964844,293.1499938964844,0.0,-0.0,291.25213623046875,0.9457823038101196,0.244759514927864,1.1005181074142456,291.2521667480469,291.1499938964844,288.8659362792969,287.111083984375,291.2548217773437,297.3708190917969,291.2525329589844,1.0,0.4325693249702453,1.0,1.0,0.345281034708023,1.0,-2.436140298843384,1.7523938417434692,0.6837463974952698,1.2011510133743286,0.0,0.0,0.0,59.63267135620117,99.0,-0.1152286902070045,-0.0,1070.35888671875,1.0,293.1499938964844,293.1499938964844,293.1499938964844,293.1499938964844,293.1499938964844,293.1499938964844,278.1499938964844,0.0,18000.0,313.1499938964844,0.0,18000.0,0.0,0.0,0.0,0.0,0.0,0.0,0.0,0.0,0.0,0.0,-0.0,-0.0,0.0,0.0,0.0,0.0,0.0,-0.0,0.0,0.0,0.0,0.0,0.0,0.0,0.0,0.0,0.0,4.0,0.0,0.0
11877060,297.3200988769531,297.1499938964844,293.1499938964844,0.0,-0.0,291.257080078125,0.8700711131095886,0.2406752109527588,0.2168852239847183,297.4057922363281,297.1499938964844,293.1499938964844,0.0,-0.0,291.257080078125,0.9488502740859984,0.3062075674533844,0.2902002036571502,297.339111328125,297.1499938964844,293.1499938964844,0.0,-0.0,291.257080078125,0.8811606764793396,0.2499840259552002,0.1751218140125274,297.3677978515625,297.1499938964844,293.1499938964844,0.0,-0.0,291.257080078125,0.9171550869941713,0.280348926782608,0.2656588554382324,297.2511291503906,297.1499938964844,293.1499938964844,0.0,-0.0,291.257080078125,0.8763891458511353,0.2456801086664199,1.1068741083145142,291.257080078125,291.1499938964844,288.8892822265625,287.1001892089844,291.2599792480469,297.3597717285156,291.2572326660156,1.0,0.4462451338768005,1.0,1.0,0.3434630334377289,1.0,-2.4673986434936523,1.7773704528808594,0.6900281310081482,1.2194050550460815,0.0,0.0,0.0,71.76239776611328,119.0,3.820883274078369,-0.0,1156.2166748046875,1.0,293.1499938964844,293.1499938964844,293.1499938964844,293.1499938964844,293.1499938964844,293.1499938964844,278.1499938964844,0.0,18000.0,313.1499938964844,0.0,18000.0,0.0,0.0,0.0,0.0,0.0,0.0,0.0,0.0,0.0,0.0,-0.0,-0.0,0.0,0.0,0.0,0.0,0.0,-0.0,0.0,0.0,0.0,0.0,0.0,0.0,0.0,0.0,0.0,4.0,0.0,0.0
11877120,297.3200988769531,297.1499938964844,293.1499938964844,0.0,-0.0,291.257080078125,0.8700711131095886,0.2406752109527588,0.2168852239847183,297.4057922363281,297.1499938964844,293.1499938964844,0.0,-0.0,291.257080078125,0.9488502740859984,0.3062075674533844,0.2902002036571502,297.339111328125,297.1499938964844,293.1499938964844,0.0,-0.0,291.257080078125,0.8811606764793396,0.2499840259552002,0.1751218140125274,297.3677978515625,297.1499938964844,293.1499938964844,0.0,-0.0,291.257080078125,0.9171550869941713,0.280348926782608,0.2656588554382324,297.2511291503906,297.1499938964844,293.1499938964844,0.0,-0.0,291.257080078125,0.8763891458511353,0.2456801086664199,1.1068741083145142,291.257080078125,291.1499938964844,288.8892822265625,287.1001892089844,291.2599792480469,297.3597717285156,291.2572326660156,1.0,0.4462451338768005,1.0,1.0,0.3434630334377289,1.0,-2.4673986434936523,1.7773704528808594,0.6900281310081482,1.2194050550460815,0.0,0.0,0.0,71.76239776611328,119.0,3.820883274078369,-0.0,1156.2166748046875,1.0,293.1499938964844,293.1499938964844,293.1499938964844,293.1499938964844,293.1499938964844,293.1499938964844,278.1499938964844,0.0,18000.0,313.1499938964844,0.0,18000.0,0.0,0.0,0.0,0.0,0.0,0.0,0.0,0.0,0.0,0.0,-0.0,-0.0,0.0,0.0,0.0,0.0,0.0,-0.0,0.0,0.0,0.0,0.0,0.0,0.0,0.0,0.0,0.0,4.0,0.0,0.0
11877180,297.31622314453125,297.1499938964844,293.1499938964844,0.0,-0.0,291.2598571777344,0.8176575303077698,0.2424368113279342,0.2190832495689392,297.39337158203125,297.1499938964844,293.1499938964844,0.0,-0.0,291.2598876953125,0.8828790783882141,0.3081811368465423,0.2925668656826019,297.335693359375,297.1499938964844,293.1499938964844,0.0,-0.0,291.2598571777344,0.8274655342102051,0.2520355582237243,0.1770301610231399,297.3636169433594,297.1499938964844,293.1499938964844,0.0,-0.0,291.2598876953125,0.8578221201896667,0.2826833426952362,0.2684977948665619,297.2463684082031,297.1499938964844,293.1499938964844,0.0,-0.0,291.2598571777344,0.8221295475959778,0.2464807033538818,1.113559365272522,291.2598876953125,291.1499938964844,288.9124755859375,287.08673095703125,291.2629699707031,297.3514404296875,291.2601318359375,1.0,0.4612056016921997,1.0,1.0,0.3416450619697571,1.0,-2.48586368560791,1.7940468788146973,0.6918167471885681,1.2321712970733645,0.0,0.0,0.0,88.43029022216797,122.0,4.036348342895508,-0.0,1248.8212890625,1.0,293.1499938964844,293.1499938964844,293.1499938964844,293.1499938964844,293.1499938964844,293.1499938964844,278.1499938964844,0.0,18000.0,313.1499938964844,0.0,18000.0,0.0,0.0,0.0,0.0,0.0,0.0,0.0,0.0,0.0,0.0,-0.0,-0.0,0.0,0.0,0.0,0.0,0.0,-0.0,0.0,0.0,0.0,0.0,0.0,0.0,0.0,0.0,0.0,4.0,0.0,0.0
11877240,297.31622314453125,297.1499938964844,293.1499938964844,0.0,-0.0,291.2598571777344,0.8176575303077698,0.2424368113279342,0.2190832495689392,297.39337158203125,297.1499938964844,293.1499938964844,0.0,-0.0,291.2598876953125,0.8828790783882141,0.3081811368465423,0.2925668656826019,297.335693359375,297.1499938964844,293.1499938964844,0.0,-0.0,291.2598571777344,0.8274655342102051,0.2520355582237243,0.1770301610231399,297.3636169433594,297.1499938964844,293.1499938964844,0.0,-0.0,291.2598876953125,0.8578221201896667,0.2826833426952362,0.2684977948665619,297.2463684082031,297.1499938964844,293.1499938964844,0.0,-0.0,291.2598571777344,0.8221295475959778,0.2464807033538818,1.113559365272522,291.2598876953125,291.1499938964844,288.9124755859375,287.08673095703125,291.2629699707031,297.3514404296875,291.2601318359375,1.0,0.4612056016921997,1.0,1.0,0.3416450619697571,1.0,-2.48586368560791,1.7940468788146973,0.6918167471885681,1.2321712970733645,0.0,0.0,0.0,88.43029022216797,122.0,4.036348342895508,-0.0,1248.8212890625,1.0,293.1499938964844,293.1499938964844,293.1499938964844,293.1499938964844,293.1499938964844,293.1499938964844,278.1499938964844,0.0,18000.0,313.1499938964844,0.0,18000.0,0.0,0.0,0.0,0.0,0.0,0.0,0.0,0.0,0.0,0.0,-0.0,-0.0,0.0,0.0,0.0,0.0,0.0,-0.0,0.0,0.0,0.0,0.0,0.0,0.0,0.0,0.0,0.0,4.0,0.0,0.0
11877300,297.314208984375,297.1499938964844,293.1499938964844,0.0,-0.0,291.2615051269531,0.8026624321937561,0.2432919442653656,0.2200872749090194,297.3890686035156,297.1499938964844,293.1499938964844,0.0,-0.0,291.26153564453125,0.8662031292915344,0.3093008697032928,0.2938293516635895,297.3339538574219,297.1499938964844,293.1499938964844,0.0,-0.0,291.2615051269531,0.8130809664726257,0.2530398666858673,0.1779140383005142,297.3616027832031,297.1499938964844,293.1499938964844,0.0,-0.0,291.2615051269531,0.8425377607345581,0.2838399708271026,0.2698343694210052,297.24395751953125,297.1499938964844,293.1499938964844,0.0,-0.0,291.2615051269531,0.8068875074386597,0.246854081749916,1.1164225339889526,291.26153564453125,291.1499938964844,288.92401123046875,287.0791320800781,291.2646179199219,297.34832763671875,291.2617492675781,1.0,0.4668009281158447,1.0,1.0,0.34073606133461,1.0,-2.494696617126465,1.8021515607833865,0.6925450563430786,1.2383540868759155,0.0,0.0,0.0,94.90347290039062,122.0,4.24941349029541,-0.0,1287.0477294921875,1.0,293.1499938964844,293.1499938964844,293.1499938964844,293.1499938964844,293.1499938964844,293.1499938964844,278.1499938964844,0.0,18000.0,313.1499938964844,0.0,18000.0,0.0,0.0,0.0,0.0,0.0,0.0,0.0,0.0,0.0,0.0,-0.0,-0.0,0.0,0.0,0.0,0.0,0.0,-0.0,0.0,0.0,0.0,0.0,0.0,0.0,0.0,0.0,0.0,4.0,0.0,0.0
11877360,297.312255859375,297.1499938964844,293.1499938964844,0.0,-0.0,291.2627258300781,0.7917072772979736,0.2441386878490448,0.2210365533828735,297.3856201171875,297.1499938964844,293.1499938964844,0.0,-0.0,291.26275634765625,0.854846715927124,0.3104753196239471,0.2951069176197052,297.3322448730469,297.1499938964844,293.1499938964844,0.0,-0.0,291.2627258300781,0.802374005317688,0.2540367245674133,0.1787564009428024,297.3597106933594,297.1499938964844,293.1499938964844,0.0,-0.0,291.26275634765625,0.8321357369422913,0.2849931716918945,0.2711195349693298,297.2416076660156,297.1499938964844,293.1499938964844,0.0,-0.0,291.2627258300781,0.795353889465332,0.2472168505191803,1.1190040111541748,291.26275634765625,291.1499938964844,288.9354858398437,287.07098388671875,291.2649230957031,297.3456726074219,291.26287841796875,1.0,0.4716397225856781,1.0,1.0,0.3396583795547485,1.0,-2.503030300140381,1.810353755950928,0.6926766037940979,1.244725465774536,0.0,0.0,0.0,100.19152069091795,110.0,3.5476887226104736,-0.0,1319.8623046875,1.0,293.1499938964844,293.1499938964844,293.1499938964844,293.1499938964844,293.1499938964844,293.1499938964844,278.1499938964844,0.0,18000.0,313.1499938964844,0.0,18000.0,0.0,0.0,0.0,0.0,0.0,0.0,0.0,0.0,0.0,0.0,-0.0,-0.0,0.0,0.0,0.0,0.0,0.0,-0.0,0.0,0.0,0.0,0.0,0.0,0.0,0.0,0.0,0.0,4.0,0.0,0.0
11877420,297.3085632324219,297.1499938964844,293.1499938964844,0.0,-0.0,291.2636413574219,0.7886409163475037,0.24582140147686,0.2226272374391555,297.38037109375,297.1499938964844,293.1499938964844,0.0,-0.0,291.2636413574219,0.8519371747970581,0.312928169965744,0.2974713146686554,297.3290405273437,297.1499938964844,293.1499938964844,0.0,-0.0,291.2636413574219,0.7995129227638245,0.256020188331604,0.1802027523517608,297.356201171875,297.1499938964844,293.1499938964844,0.0,-0.0,291.2636413574219,0.8295014500617981,0.2872947454452514,0.2733746767044067,297.23712158203125,297.1499938964844,293.1499938964844,0.0,-0.0,291.2636413574219,0.7911948561668396,0.2479242086410522,1.1225992441177368,291.2636413574219,291.1499938964844,288.9582214355469,287.0531311035156,291.26470947265625,297.3414306640625,291.2637023925781,1.0,0.4748055934906006,1.0,1.0,0.3375030159950256,1.0,-2.516552686691284,1.8247902393341064,0.6917625069618225,1.2562264204025269,0.0,0.0,0.0,102.8673324584961,98.0,1.7193138599395752,-0.0,1348.2344970703125,1.0,293.1499938964844,293.1499938964844,293.1499938964844,293.1499938964844,293.1499938964844,293.1499938964844,278.1499938964844,0.0,18000.0,313.1499938964844,0.0,18000.0,0.0,0.0,0.0,0.0,0.0,0.0,0.0,0.0,0.0,0.0,-0.0,-0.0,0.0,0.0,0.0,0.0,0.0,-0.0,0.0,0.0,0.0,0.0,0.0,0.0,0.0,0.0,0.0,4.0,0.0,0.0
11877480,297.3085632324219,297.1499938964844,293.1499938964844,0.0,-0.0,291.2636413574219,0.7886409163475037,0.24582140147686,0.2226272374391555,297.38037109375,297.1499938964844,293.1499938964844,0.0,-0.0,291.2636413574219,0.8519371747970581,0.312928169965744,0.2974713146686554,297.3290405273437,297.1499938964844,293.1499938964844,0.0,-0.0,291.2636413574219,0.7995129227638245,0.256020188331604,0.1802027523517608,297.356201171875,297.1499938964844,293.1499938964844,0.0,-0.0,291.2636413574219,0.8295014500617981,0.2872947454452514,0.2733746767044067,297.23712158203125,297.1499938964844,293.1499938964844,0.0,-0.0,291.2636413574219,0.7911948561668396,0.2479242086410522,1.1225992441177368,291.2636413574219,291.1499938964844,288.9582214355469,287.0531311035156,291.26470947265625,297.3414306640625,291.2637023925781,1.0,0.4748055934906006,1.0,1.0,0.3375030159950256,1.0,-2.516552686691284,1.8247902393341064,0.6917625069618225,1.2562264204025269,0.0,0.0,0.0,102.8673324584961,98.0,1.7193138599395752,-0.0,1348.2344970703125,1.0,293.1499938964844,293.1499938964844,293.1499938964844,293.1499938964844,293.1499938964844,293.1499938964844,278.1499938964844,0.0,18000.0,313.1499938964844,0.0,18000.0,0.0,0.0,0.0,0.0,0.0,0.0,0.0,0.0,0.0,0.0,-0.0,-0.0,0.0,0.0,0.0,0.0,0.0,-0.0,0.0,0.0,0.0,0.0,0.0,0.0,0.0,0.0,0.0,4.0,0.0,0.0
11877540,297.3055114746094,297.1499938964844,293.1499938964844,0.0,-0.0,291.2637634277344,0.7984429001808167,0.2475197315216064,0.22400963306427,297.3767395019531,297.1499938964844,293.1499938964844,0.0,-0.0,291.2637634277344,0.8624046444892883,0.3154771327972412,0.299710214138031,297.3263854980469,297.1499938964844,293.1499938964844,0.0,-0.0,291.2637634277344,0.8095976710319519,0.2580184042453766,0.1814864426851272,297.3533020019531,297.1499938964844,293.1499938964844,0.0,-0.0,291.2637634277344,0.8391988277435303,0.2896119654178619,0.2754118740558624,297.2333068847656,297.1499938964844,293.1499938964844,0.0,-0.0,291.2637634277344,0.7999419569969177,0.248638704419136,1.1251109838485718,291.2637634277344,291.1499938964844,288.98065185546875,287.0334167480469,291.26416015625,297.3382873535156,291.2637939453125,1.0,0.4738062620162964,1.0,1.0,0.3353476226329803,1.0,-2.5279130935668945,1.837857127189636,0.6900559067726135,1.266804575920105,0.0,0.0,0.0,99.70574188232422,86.0,0.5052673816680908,-0.0,1348.98681640625,1.0,293.1499938964844,293.1499938964844,293.1499938964844,293.1499938964844,293.1499938964844,293.1499938964844,278.1499938964844,0.0,18000.0,313.1499938964844,0.0,18000.0,0.0,0.0,0.0,0.0,0.0,0.0,0.0,0.0,0.0,0.0,-0.0,-0.0,0.0,0.0,0.0,0.0,0.0,-0.0,0.0,0.0,0.0,0.0,0.0,0.0,0.0,0.0,0.0,4.0,0.0,0.0
11877600,297.3055114746094,297.1499938964844,293.1499938964844,0.0,-0.0,291.2637634277344,0.7984429001808167,0.2475197315216064,0.22400963306427,297.3767395019531,297.1499938964844,293.1499938964844,0.0,-0.0,291.2637634277344,0.8624046444892883,0.3154771327972412,0.299710214138031,297.3263854980469,297.1499938964844,293.1499938964844,0.0,-0.0,291.2637634277344,0.8095976710319519,0.2580184042453766,0.1814864426851272,297.3533020019531,297.1499938964844,293.1499938964844,0.0,-0.0,291.2637634277344,0.8391988277435303,0.2896119654178619,0.2754118740558624,297.2333068847656,297.1499938964844,293.1499938964844,0.0,-0.0,291.2637634277344,0.7999419569969177,0.248638704419136,1.1251109838485718,291.2637634277344,291.1499938964844,288.98065185546875,287.0334167480469,291.26416015625,297.3382873535156,291.2637939453125,1.0,0.4738062620162964,1.0,1.0,0.3353476226329803,1.0,-2.5279130935668945,1.837857127189636,0.6900559067726135,1.266804575920105,0.0,0.0,0.0,99.70574188232422,86.0,0.5052673816680908,-0.0,1348.98681640625,1.0,293.1499938964844,293.1499938964844,293.1499938964844,293.1499938964844,293.1499938964844,293.1499938964844,278.1499938964844,0.0,18000.0,313.1499938964844,0.0,18000.0,0.0,0.0,0.0,0.0,0.0,0.0,0.0,0.0,0.0,0.0,-0.0,-0.0,0.0,0.0,0.0,0.0,0.0,-0.0,0.0,0.0,0.0,0.0,0.0,0.0,0.0,0.0,0.0,4.0,0.0,0.0
11877660,297.30291748046875,297.1499938964844,293.1499938964844,0.0,-0.0,291.257568359375,0.8172807693481445,0.2492256611585617,0.2252760678529739,297.3740539550781,297.1499938964844,293.1499938964844,0.0,-0.0,291.25750732421875,0.8834749460220337,0.3180743157863617,0.3018720149993896,297.3241882324219,297.1499938964844,293.1499938964844,0.0,-0.0,291.257568359375,0.8280033469200134,0.2600289285182953,0.1826817542314529,297.3508605957031,297.1499938964844,293.1499938964844,0.0,-0.0,291.2575378417969,0.8586745262145996,0.2919400930404663,0.2773283421993255,297.23004150390625,297.1499938964844,293.1499938964844,0.0,-0.0,291.257568359375,0.8176801800727844,0.2493644207715988,1.1270418167114258,291.2574768066406,291.1499938964844,289.0026550292969,287.0120544433594,291.2518920898437,297.3358154296875,291.2570495605469,1.0,0.4702503681182861,1.0,1.0,0.3317874073982239,1.0,-2.5380916595458984,1.8537505865097048,0.6843410730361938,1.2804466485977173,0.0,0.0,0.0,93.07069396972656,74.0,-7.606573104858398,-0.0,1333.219970703125,1.0,293.1499938964844,293.1499938964844,293.1499938964844,293.1499938964844,293.1499938964844,293.1499938964844,278.1499938964844,0.0,18000.0,313.1499938964844,0.0,18000.0,0.0,0.0,0.0,0.0,0.0,0.0,0.0,0.0,0.0,0.0,-0.0,-0.0,0.0,0.0,0.0,0.0,0.0,-0.0,0.0,0.0,0.0,0.0,0.0,0.0,0.0,0.0,0.0,4.0,0.0,0.0
11877720,297.30291748046875,297.1499938964844,293.1499938964844,0.0,-0.0,291.257568359375,0.8172807693481445,0.2492256611585617,0.2252760678529739,297.3740539550781,297.1499938964844,293.1499938964844,0.0,-0.0,291.25750732421875,0.8834749460220337,0.3180743157863617,0.3018720149993896,297.3241882324219,297.1499938964844,293.1499938964844,0.0,-0.0,291.257568359375,0.8280033469200134,0.2600289285182953,0.1826817542314529,297.3508605957031,297.1499938964844,293.1499938964844,0.0,-0.0,291.2575378417969,0.8586745262145996,0.2919400930404663,0.2773283421993255,297.23004150390625,297.1499938964844,293.1499938964844,0.0,-0.0,291.257568359375,0.8176801800727844,0.2493644207715988,1.1270418167114258,291.2574768066406,291.1499938964844,289.0026550292969,287.0120544433594,291.2518920898437,297.3358154296875,291.2570495605469,1.0,0.4702503681182861,1.0,1.0,0.3317874073982239,1.0,-2.5380916595458984,1.8537505865097048,0.6843410730361938,1.2804466485977173,0.0,0.0,0.0,93.07069396972656,74.0,-7.606573104858398,-0.0,1333.219970703125,1.0,293.1499938964844,293.1499938964844,293.1499938964844,293.1499938964844,293.1499938964844,293.1499938964844,278.1499938964844,0.0,18000.0,313.1499938964844,0.0,18000.0,0.0,0.0,0.0,0.0,0.0,0.0,0.0,0.0,0.0,0.0,-0.0,-0.0,0.0,0.0,0.0,0.0,0.0,-0.0,0.0,0.0,0.0,0.0,0.0,0.0,0.0,0.0,0.0,4.0,0.0,0.0
11877780,297.30035400390625,297.1499938964844,293.1499938964844,0.0,-0.0,291.2469177246094,0.8440970182418823,0.2509033679962158,0.2264456897974014,297.37164306640625,297.1499938964844,293.1499938964844,0.0,-0.0,291.246826171875,0.9167560935020448,0.3206678628921509,0.3039585053920746,297.32208251953125,297.1499938964844,293.1499938964844,0.0,-0.0,291.2469177246094,0.855786919593811,0.2620229125022888,0.1838093101978302,297.3485717773437,297.1499938964844,293.1499938964844,0.0,-0.0,291.2468566894531,0.8894701600074768,0.2942497134208679,0.2791514098644256,297.2270812988281,297.1499938964844,293.1499938964844,0.0,-0.0,291.2469177246094,0.8434826731681824,0.2500773072242737,1.1285526752471924,291.2467956542969,291.1499938964844,289.024169921875,286.9892883300781,291.2386169433594,297.3334350585937,291.24627685546875,1.0,0.465122252702713,1.0,1.0,0.3282271921634674,1.0,-2.547365188598633,1.8692243099212649,0.6781409382820129,1.293857216835022,0.0,0.0,0.0,84.35771942138672,62.0,-13.032194137573242,-0.0,1307.15380859375,1.0,293.1499938964844,293.1499938964844,293.1499938964844,293.1499938964844,293.1499938964844,293.1499938964844,278.1499938964844,0.0,18000.0,313.1499938964844,0.0,18000.0,0.0,0.0,0.0,0.0,0.0,0.0,0.0,0.0,0.0,0.0,-0.0,-0.0,0.0,0.0,0.0,0.0,0.0,-0.0,0.0,0.0,0.0,0.0,0.0,0.0,0.0,0.0,0.0,4.0,0.0,0.0
11877840,297.30035400390625,297.1499938964844,293.1499938964844,0.0,-0.0,291.2469177246094,0.8440970182418823,0.2509033679962158,0.2264456897974014,297.37164306640625,297.1499938964844,293.1499938964844,0.0,-0.0,291.246826171875,0.9167560935020448,0.3206678628921509,0.3039585053920746,297.32208251953125,297.1499938964844,293.1499938964844,0.0,-0.0,291.2469177246094,0.855786919593811,0.2620229125022888,0.1838093101978302,297.3485717773437,297.1499938964844,293.1499938964844,0.0,-0.0,291.2468566894531,0.8894701600074768,0.2942497134208679,0.2791514098644256,297.2270812988281,297.1499938964844,293.1499938964844,0.0,-0.0,291.2469177246094,0.8434826731681824,0.2500773072242737,1.1285526752471924,291.2467956542969,291.1499938964844,289.024169921875,286.9892883300781,291.2386169433594,297.3334350585937,291.24627685546875,1.0,0.465122252702713,1.0,1.0,0.3282271921634674,1.0,-2.547365188598633,1.8692243099212649,0.6781409382820129,1.293857216835022,0.0,0.0,0.0,84.35771942138672,62.0,-13.032194137573242,-0.0,1307.15380859375,1.0,293.1499938964844,293.1499938964844,293.1499938964844,293.1499938964844,293.1499938964844,293.1499938964844,278.1499938964844,0.0,18000.0,313.1499938964844,0.0,18000.0,0.0,0.0,0.0,0.0,0.0,0.0,0.0,0.0,0.0,0.0,-0.0,-0.0,0.0,0.0,0.0,0.0,0.0,-0.0,0.0,0.0,0.0,0.0,0.0,0.0,0.0,0.0,0.0,4.0,0.0,0.0
11877900,297.2991027832031,297.1499938964844,293.1499938964844,0.0,-0.0,291.240966796875,0.8624725341796875,0.2517315447330475,0.2270024716854095,297.3704833984375,297.1499938964844,293.1499938964844,0.0,-0.0,291.2408752441406,0.9409477710723876,0.3219593465328216,0.3049781918525696,297.3210754394531,297.1499938964844,293.1499938964844,0.0,-0.0,291.240966796875,0.8750438094139099,0.2630131244659424,0.1843541115522384,297.3474426269531,297.1499938964844,293.1499938964844,0.0,-0.0,291.24090576171875,0.910528600215912,0.2953967452049255,0.2800363600254059,297.2256774902344,297.1499938964844,293.1499938964844,0.0,-0.0,291.240966796875,0.861280083656311,0.250427782535553,1.1291908025741575,291.2408447265625,291.1499938964844,289.0347595214844,286.9774475097656,291.2318420410156,297.332275390625,291.2402648925781,1.0,0.4621705710887909,1.0,1.0,0.326447069644928,1.0,-2.5517444610595703,1.876811146736145,0.6749332547187805,1.3004642724990845,0.0,0.0,0.0,79.50395202636719,62.0,-14.748873710632324,-0.0,1291.5606689453125,1.0,293.1499938964844,293.1499938964844,293.1499938964844,293.1499938964844,293.1499938964844,293.1499938964844,278.1499938964844,0.0,18000.0,313.1499938964844,0.0,18000.0,0.0,0.0,0.0,0.0,0.0,0.0,0.0,0.0,0.0,0.0,-0.0,-0.0,0.0,0.0,0.0,0.0,0.0,-0.0,0.0,0.0,0.0,0.0,0.0,0.0,0.0,0.0,0.0,4.0,0.0,0.0
11877960,297.2978515625,297.1499938964844,293.1499938964844,0.0,-0.0,291.2344665527344,0.8858982920646667,0.2525524199008941,0.2275439947843551,297.369384765625,297.1499938964844,293.1499938964844,0.0,-0.0,291.2343444824219,0.968406856060028,0.323246031999588,0.3059844970703125,297.320068359375,297.1499938964844,293.1499938964844,0.0,-0.0,291.23443603515625,0.8992909789085388,0.2639985382556915,0.1848887950181961,297.3463134765625,297.1499938964844,293.1499938964844,0.0,-0.0,291.234375,0.9390909671783448,0.2965381443500519,0.2809068560600281,297.2243347167969,297.1499938964844,293.1499938964844,0.0,-0.0,291.2344665527344,0.8840660452842712,0.2507738173007965,1.1297657489776611,291.2343139648437,291.1499938964844,289.045166015625,286.9653625488281,291.2240600585937,297.33111572265625,291.233642578125,1.0,0.4590262174606323,1.0,1.0,0.3245456218719482,1.0,-2.555983543395996,1.8846173286437988,0.6713663339614868,1.3073170185089111,0.0,0.0,0.0,74.40902709960938,50.0,-16.599641799926758,-0.0,1274.6883544921875,1.0,293.1499938964844,293.1499938964844,293.1499938964844,293.1499938964844,293.1499938964844,293.1499938964844,278.1499938964844,0.0,18000.0,313.1499938964844,0.0,18000.0,0.0,0.0,0.0,0.0,0.0,0.0,0.0,0.0,0.0,0.0,-0.0,-0.0,0.0,0.0,0.0,0.0,0.0,-0.0,0.0,0.0,0.0,0.0,0.0,0.0,0.0,0.0,0.0,4.0,0.0,0.0
11878020,297.2948913574219,297.1499938964844,293.1499938964844,0.0,-0.0,291.2198486328125,0.9389352798461914,0.2541283369064331,0.2286720126867294,297.3702697753906,297.1499938964844,293.1499938964844,0.0,-0.0,291.2197570800781,0.9990000128746032,0.3261021375656128,0.2941655218601227,297.31768798828125,297.1499938964844,293.1499938964844,0.0,-0.0,291.2198486328125,0.9547420740127563,0.2659113109111786,0.1859984546899795,297.3436889648437,297.1499938964844,293.1499938964844,0.0,-0.0,291.21978759765625,0.9901383519172668,0.2987608015537262,0.2827005088329315,297.2212829589844,297.1499938964844,293.1499938964844,0.0,-0.0,291.2198791503906,0.9354144334793092,0.2514089345932007,1.1311793327331543,291.2196655273437,291.1499938964844,289.0655517578125,286.94049072265625,291.2048645019531,297.3294982910156,291.2186279296875,1.0,0.4515537023544311,1.0,1.0,0.3207426965236664,1.0,-2.548365592956543,1.8894901275634768,0.6588755249977112,1.31430983543396,0.0,0.0,0.0,65.85773468017578,68.0,-20.81342887878418,-0.0,1228.112060546875,1.0,293.1499938964844,293.1499938964844,293.1499938964844,293.1499938964844,293.1499938964844,293.1499938964844,278.1499938964844,0.0,18000.0,313.1499938964844,0.0,18000.0,0.0,0.0,0.0,0.0,0.0,0.0,0.0,0.0,0.0,0.0,-0.0,-0.0,0.0,0.0,0.0,0.0,0.0,-0.0,0.0,0.0,0.0,0.0,0.0,0.0,0.0,0.0,0.0,4.0,0.0,0.0
11878080,297.2948913574219,297.1499938964844,293.1499938964844,0.0,-0.0,291.2198486328125,0.9389352798461914,0.2541283369064331,0.2286720126867294,297.3702697753906,297.1499938964844,293.1499938964844,0.0,-0.0,291.2197570800781,0.9990000128746032,0.3261021375656128,0.2941655218601227,297.31768798828125,297.1499938964844,293.1499938964844,0.0,-0.0,291.2198486328125,0.9547420740127563,0.2659113109111786,0.1859984546899795,297.3436889648437,297.1499938964844,293.1499938964844,0.0,-0.0,291.21978759765625,0.9901383519172668,0.2987608015537262,0.2827005088329315,297.2212829589844,297.1499938964844,293.1499938964844,0.0,-0.0,291.2198791503906,0.9354144334793092,0.2514089345932007,1.1311793327331543,291.2196655273437,291.1499938964844,289.0655517578125,286.94049072265625,291.2048645019531,297.3294982910156,291.2186279296875,1.0,0.4515537023544311,1.0,1.0,0.3207426965236664,1.0,-2.548365592956543,1.8894901275634768,0.6588755249977112,1.31430983543396,0.0,0.0,0.0,65.85773468017578,68.0,-20.81342887878418,-0.0,1228.112060546875,1.0,293.1499938964844,293.1499938964844,293.1499938964844,293.1499938964844,293.1499938964844,293.1499938964844,278.1499938964844,0.0,18000.0,313.1499938964844,0.0,18000.0,0.0,0.0,0.0,0.0,0.0,0.0,0.0,0.0,0.0,0.0,-0.0,-0.0,0.0,0.0,0.0,0.0,0.0,-0.0,0.0,0.0,0.0,0.0,0.0,0.0,0.0,0.0,0.0,4.0,0.0,0.0
11878140,297.2919311523437,297.1499938964844,293.1499938964844,0.0,-0.0,291.201416015625,0.9445340037345886,0.2556619942188263,0.2300246804952621,297.3844909667969,297.1499938964844,293.1499938964844,0.0,-0.0,291.20135498046875,0.9990000128746032,0.3303390145301819,0.2913179993629455,297.3153686523437,297.1499938964844,293.1499938964844,0.0,-0.0,291.201416015625,0.9603938460350036,0.2677991390228271,0.1872930377721786,297.3411865234375,297.1499938964844,293.1499938964844,0.0,-0.0,291.20135498046875,0.9944878816604614,0.3009586334228515,0.2847436368465423,297.21856689453125,297.1499938964844,293.1499938964844,0.0,-0.0,291.2014465332031,0.9397687315940856,0.2520356178283691,1.133829116821289,291.2012634277344,291.1499938964844,289.0852355957031,286.9149475097656,291.1891174316406,297.3345031738281,291.2006225585937,1.0,0.4529784917831421,1.0,1.0,0.3169398009777069,1.0,-2.553711414337158,1.9031673669815063,0.6505441665649414,1.3261702060699463,0.0,0.0,0.0,65.57029724121094,86.0,-22.445417404174805,-0.0,1233.47412109375,1.0,293.1499938964844,293.1499938964844,293.1499938964844,293.1499938964844,293.1499938964844,293.1499938964844,278.1499938964844,0.0,18000.0,313.1499938964844,0.0,18000.0,0.0,0.0,0.0,0.0,0.0,0.0,0.0,0.0,0.0,0.0,-0.0,-0.0,0.0,0.0,0.0,0.0,0.0,-0.0,0.0,0.0,0.0,0.0,0.0,0.0,0.0,0.0,0.0,4.0,0.0,0.0
11878200,297.2919311523437,297.1499938964844,293.1499938964844,0.0,-0.0,291.201416015625,0.9445340037345886,0.2556619942188263,0.2300246804952621,297.3844909667969,297.1499938964844,293.1499938964844,0.0,-0.0,291.20135498046875,0.9990000128746032,0.3303390145301819,0.2913179993629455,297.3153686523437,297.1499938964844,293.1499938964844,0.0,-0.0,291.201416015625,0.9603938460350036,0.2677991390228271,0.1872930377721786,297.3411865234375,297.1499938964844,293.1499938964844,0.0,-0.0,291.20135498046875,0.9944878816604614,0.3009586334228515,0.2847436368465423,297.21856689453125,297.1499938964844,293.1499938964844,0.0,-0.0,291.2014465332031,0.9397687315940856,0.2520356178283691,1.133829116821289,291.2012634277344,291.1499938964844,289.0852355957031,286.9149475097656,291.1891174316406,297.3345031738281,291.2006225585937,1.0,0.4529784917831421,1.0,1.0,0.3169398009777069,1.0,-2.553711414337158,1.9031673669815063,0.6505441665649414,1.3261702060699463,0.0,0.0,0.0,65.57029724121094,86.0,-22.445417404174805,-0.0,1233.47412109375,1.0,293.1499938964844,293.1499938964844,293.1499938964844,293.1499938964844,293.1499938964844,293.1499938964844,278.1499938964844,0.0,18000.0,313.1499938964844,0.0,18000.0,0.0,0.0,0.0,0.0,0.0,0.0,0.0,0.0,0.0,0.0,-0.0,-0.0,0.0,0.0,0.0,0.0,0.0,-0.0,0.0,0.0,0.0,0.0,0.0,0.0,0.0,0.0,0.0,4.0,0.0,0.0
11878260,297.28924560546875,297.1499938964844,293.1499938964844,0.0,-0.0,291.194091796875,0.9238651990890504,0.2571871280670166,0.23150335252285,297.3837280273437,297.1499938964844,293.1499938964844,0.0,-0.0,291.194091796875,0.9990000128746032,0.333252876996994,0.3104860484600067,297.3134155273437,297.1499938964844,293.1499938964844,0.0,-0.0,291.194091796875,0.9407985806465148,0.2696952521800995,0.1886986792087555,297.3390808105469,297.1499938964844,293.1499938964844,0.0,-0.0,291.194091796875,0.9792385697364808,0.3031659722328186,0.2869380116462707,297.2164001464844,297.1499938964844,293.1499938964844,0.0,-0.0,291.194091796875,0.917916178703308,0.252682089805603,1.1372718811035156,291.1940612792969,291.1499938964844,289.1041564941406,286.8889465332031,291.190673828125,297.3332824707031,291.1941223144531,1.0,0.4610483944416046,1.0,1.0,0.3146820068359375,1.0,-2.586960792541504,1.9316619634628296,0.6552987098693848,1.346928596496582,0.0,0.0,0.0,69.7695083618164,104.0,-11.29051113128662,-0.0,1293.3182373046875,1.0,293.1499938964844,293.1499938964844,293.1499938964844,293.1499938964844,293.1499938964844,293.1499938964844,278.1499938964844,0.0,18000.0,313.1499938964844,0.0,18000.0,0.0,0.0,0.0,0.0,0.0,0.0,0.0,0.0,0.0,0.0,-0.0,-0.0,0.0,0.0,0.0,0.0,0.0,-0.0,0.0,0.0,0.0,0.0,0.0,0.0,0.0,0.0,0.0,4.0,0.0,0.0
11878320,297.28924560546875,297.1499938964844,293.1499938964844,0.0,-0.0,291.194091796875,0.9238651990890504,0.2571871280670166,0.23150335252285,297.3837280273437,297.1499938964844,293.1499938964844,0.0,-0.0,291.194091796875,0.9990000128746032,0.333252876996994,0.3104860484600067,297.3134155273437,297.1499938964844,293.1499938964844,0.0,-0.0,291.194091796875,0.9407985806465148,0.2696952521800995,0.1886986792087555,297.3390808105469,297.1499938964844,293.1499938964844,0.0,-0.0,291.194091796875,0.9792385697364808,0.3031659722328186,0.2869380116462707,297.2164001464844,297.1499938964844,293.1499938964844,0.0,-0.0,291.194091796875,0.917916178703308,0.252682089805603,1.1372718811035156,291.1940612792969,291.1499938964844,289.1041564941406,286.8889465332031,291.190673828125,297.3332824707031,291.1941223144531,1.0,0.4610483944416046,1.0,1.0,0.3146820068359375,1.0,-2.586960792541504,1.9316619634628296,0.6552987098693848,1.346928596496582,0.0,0.0,0.0,69.7695083618164,104.0,-11.29051113128662,-0.0,1293.3182373046875,1.0,293.1499938964844,293.1499938964844,293.1499938964844,293.1499938964844,293.1499938964844,293.1499938964844,278.1499938964844,0.0,18000.0,313.1499938964844,0.0,18000.0,0.0,0.0,0.0,0.0,0.0,0.0,0.0,0.0,0.0,0.0,-0.0,-0.0,0.0,0.0,0.0,0.0,0.0,-0.0,0.0,0.0,0.0,0.0,0.0,0.0,0.0,0.0,0.0,4.0,0.0,0.0
11878380,297.2860717773437,297.1499938964844,293.1499938964844,0.0,-0.0,291.191650390625,0.8698971271514893,0.2586303949356079,0.2332359552383422,297.36944580078125,297.1499938964844,293.1499938964844,0.0,-0.0,291.19158935546875,0.9543644785881042,0.3347600400447845,0.3172512352466583,297.3109741210937,297.1499938964844,293.1499938964844,0.0,-0.0,291.1916198730469,0.8841380476951599,0.2715186774730682,0.1903087198734283,297.3365173339844,297.1499938964844,293.1499938964844,0.0,-0.0,291.1916198730469,0.9215385317802428,0.3053025901317596,0.2894105911254883,297.2135314941406,297.1499938964844,293.1499938964844,0.0,-0.0,291.191650390625,0.8640991449356079,0.253235250711441,1.1419637203216553,291.19158935546875,291.1499938964844,289.12225341796875,286.8627624511719,291.1878967285156,297.3244934082031,291.1913757324219,1.0,0.4723315834999084,1.0,1.0,0.3124241828918457,1.0,-2.607084989547729,1.951212406158448,0.6558727025985718,1.362182378768921,0.0,0.0,0.0,81.49361419677734,122.0,-6.956470012664795,-0.0,1371.388671875,1.0,293.1499938964844,293.1499938964844,293.1499938964844,293.1499938964844,293.1499938964844,293.1499938964844,278.1499938964844,0.0,18000.0,313.1499938964844,0.0,18000.0,0.0,0.0,0.0,0.0,0.0,0.0,0.0,0.0,0.0,0.0,-0.0,-0.0,0.0,0.0,0.0,0.0,0.0,-0.0,0.0,0.0,0.0,0.0,0.0,0.0,0.0,0.0,0.0,4.0,0.0,0.0
11878440,297.2860717773437,297.1499938964844,293.1499938964844,0.0,-0.0,291.191650390625,0.8698971271514893,0.2586303949356079,0.2332359552383422,297.36944580078125,297.1499938964844,293.1499938964844,0.0,-0.0,291.19158935546875,0.9543644785881042,0.3347600400447845,0.3172512352466583,297.3109741210937,297.1499938964844,293.1499938964844,0.0,-0.0,291.1916198730469,0.8841380476951599,0.2715186774730682,0.1903087198734283,297.3365173339844,297.1499938964844,293.1499938964844,0.0,-0.0,291.1916198730469,0.9215385317802428,0.3053025901317596,0.2894105911254883,297.2135314941406,297.1499938964844,293.1499938964844,0.0,-0.0,291.191650390625,0.8640991449356079,0.253235250711441,1.1419637203216553,291.19158935546875,291.1499938964844,289.12225341796875,286.8627624511719,291.1878967285156,297.3244934082031,291.1913757324219,1.0,0.4723315834999084,1.0,1.0,0.3124241828918457,1.0,-2.607084989547729,1.951212406158448,0.6558727025985718,1.362182378768921,0.0,0.0,0.0,81.49361419677734,122.0,-6.956470012664795,-0.0,1371.388671875,1.0,293.1499938964844,293.1499938964844,293.1499938964844,293.1499938964844,293.1499938964844,293.1499938964844,278.1499938964844,0.0,18000.0,313.1499938964844,0.0,18000.0,0.0,0.0,0.0,0.0,0.0,0.0,0.0,0.0,0.0,0.0,-0.0,-0.0,0.0,0.0,0.0,0.0,0.0,-0.0,0.0,0.0,0.0,0.0,0.0,0.0,0.0,0.0,0.0,4.0,0.0,0.0
11878500,297.2843322753906,297.1499938964844,293.1499938964844,0.0,-0.0,291.18927001953125,0.8470273613929749,0.2593207359313965,0.2341154515743255,297.36456298828125,297.1499938964844,293.1499938964844,0.0,-0.0,291.1892395019531,0.9252248406410216,0.3356710970401764,0.3183301091194153,297.3096008300781,297.1499938964844,293.1499938964844,0.0,-0.0,291.18927001953125,0.8604607582092285,0.2724035382270813,0.1911269277334213,297.3351135253906,297.1499938964844,293.1499938964844,0.0,-0.0,291.18927001953125,0.8949768543243408,0.306345522403717,0.2906661331653595,297.2119140625,297.1499938964844,293.1499938964844,0.0,-0.0,291.1893005371094,0.8412079811096191,0.2534785568714142,1.1443588733673096,291.1892395019531,291.1499938964844,289.1309814453125,286.84967041015625,291.18603515625,297.32110595703125,291.1890869140625,1.0,0.4785337448120117,1.0,1.0,0.3112953007221222,1.0,-2.6154634952545166,1.9598872661590576,0.6555761694908142,1.3690043687820437,0.0,0.0,0.0,88.60028839111328,122.0,-6.55487060546875,-0.0,1413.678466796875,1.0,293.1499938964844,293.1499938964844,293.1499938964844,293.1499938964844,293.1499938964844,293.1499938964844,278.1499938964844,0.0,18000.0,313.1499938964844,0.0,18000.0,0.0,0.0,0.0,0.0,0.0,0.0,0.0,0.0,0.0,0.0,-0.0,-0.0,0.0,0.0,0.0,0.0,0.0,-0.0,0.0,0.0,0.0,0.0,0.0,0.0,0.0,0.0,0.0,4.0,0.0,0.0
11878560,297.2825012207031,297.1499938964844,293.1499938964844,0.0,-0.0,291.1878967285156,0.8274977803230286,0.2599928677082062,0.2350001484155655,297.3607482910156,297.1499938964844,293.1499938964844,0.0,-0.0,291.1878967285156,0.9000811576843262,0.3366532921791076,0.3195112347602844,297.3081359863281,297.1499938964844,293.1499938964844,0.0,-0.0,291.1878967285156,0.8402443528175354,0.2732726037502289,0.1919510960578918,297.3336486816406,297.1499938964844,293.1499938964844,0.0,-0.0,291.1878967285156,0.8727503418922424,0.3073733747005462,0.2919304668903351,297.210205078125,297.1499938964844,293.1499938964844,0.0,-0.0,291.1878967285156,0.821506142616272,0.2537038326263428,1.146780014038086,291.1878967285156,291.1499938964844,289.13946533203125,286.83660888671875,291.1866149902344,297.31817626953125,291.1879272460937,1.0,0.4849900603294372,1.0,1.0,0.3105122148990631,1.0,-2.623364448547364,1.9673922061920168,0.6559721827507019,1.3747081756591797,0.0,0.0,0.0,96.2419662475586,125.0,-4.657586574554443,-0.0,1458.3284912109375,1.0,293.1499938964844,293.1499938964844,293.1499938964844,293.1499938964844,293.1499938964844,293.1499938964844,278.1499938964844,0.0,18000.0,313.1499938964844,0.0,18000.0,0.0,0.0,0.0,0.0,0.0,0.0,0.0,0.0,0.0,0.0,-0.0,-0.0,0.0,0.0,0.0,0.0,0.0,-0.0,0.0,0.0,0.0,0.0,0.0,0.0,0.0,0.0,0.0,4.0,0.0,0.0
11878620,297.27899169921875,297.1499938964844,293.1499938964844,0.0,-0.0,291.1878356933594,0.8058652877807617,0.2613142132759094,0.2365614771842956,297.35516357421875,297.1499938964844,293.1499938964844,0.0,-0.0,291.1878356933594,0.8751305937767029,0.338754653930664,0.3218407928943634,297.3053283691406,297.1499938964844,293.1499938964844,0.0,-0.0,291.1878356933594,0.8190827369689941,0.2749890983104706,0.1934400498867035,297.33074951171875,297.1499938964844,293.1499938964844,0.0,-0.0,291.1878356933594,0.849575400352478,0.3094069361686706,0.2942439615726471,297.20684814453125,297.1499938964844,293.1499938964844,0.0,-0.0,291.1878356933594,0.7985373139381409,0.2541256248950958,1.1505677700042725,291.1878356933594,291.1429443359375,289.1556701660156,286.810791015625,291.1877136230469,297.3134460449219,291.1878662109375,1.0,0.4937341213226318,1.0,1.0,0.3089460730552673,1.0,-2.637162685394287,1.9809497594833367,0.6562129855155945,1.3851423263549805,0.0,0.0,0.0,106.71114349365234,113.0,-1.452895164489746,-0.0,1524.0074462890625,1.0,293.1499938964844,293.1499938964844,293.1499938964844,293.1499938964844,293.1499938964844,293.1499938964844,278.1499938964844,0.0,18000.0,313.1499938964844,0.0,18000.0,0.0,0.0,0.0,0.0,0.0,0.0,0.0,0.0,0.0,0.0,-0.0,-0.0,0.0,0.0,0.0,0.0,0.0,-0.0,0.0,0.0,0.0,0.0,0.0,0.0,0.0,0.0,0.0,4.0,0.0,0.0
11878680,297.27899169921875,297.1499938964844,293.1499938964844,0.0,-0.0,291.1878356933594,0.8058652877807617,0.2613142132759094,0.2365614771842956,297.35516357421875,297.1499938964844,293.1499938964844,0.0,-0.0,291.1878356933594,0.8751305937767029,0.338754653930664,0.3218407928943634,297.3053283691406,297.1499938964844,293.1499938964844,0.0,-0.0,291.1878356933594,0.8190827369689941,0.2749890983104706,0.1934400498867035,297.33074951171875,297.1499938964844,293.1499938964844,0.0,-0.0,291.1878356933594,0.849575400352478,0.3094069361686706,0.2942439615726471,297.20684814453125,297.1499938964844,293.1499938964844,0.0,-0.0,291.1878356933594,0.7985373139381409,0.2541256248950958,1.1505677700042725,291.1878356933594,291.1429443359375,289.1556701660156,286.810791015625,291.1877136230469,297.3134460449219,291.1878662109375,1.0,0.4937341213226318,1.0,1.0,0.3089460730552673,1.0,-2.637162685394287,1.9809497594833367,0.6562129855155945,1.3851423263549805,0.0,0.0,0.0,106.71114349365234,113.0,-1.452895164489746,-0.0,1524.0074462890625,1.0,293.1499938964844,293.1499938964844,293.1499938964844,293.1499938964844,293.1499938964844,293.1499938964844,278.1499938964844,0.0,18000.0,313.1499938964844,0.0,18000.0,0.0,0.0,0.0,0.0,0.0,0.0,0.0,0.0,0.0,0.0,-0.0,-0.0,0.0,0.0,0.0,0.0,0.0,-0.0,0.0,0.0,0.0,0.0,0.0,0.0,0.0,0.0,0.0,4.0,0.0,0.0
11878740,297.2759704589844,297.1499938964844,293.1499938964844,0.0,-0.0,291.1877136230469,0.8044968843460083,0.2626416385173797,0.2377914786338806,297.35137939453125,297.1499938964844,293.1499938964844,0.0,-0.0,291.1877136230469,0.8740580081939697,0.3409692049026489,0.3239495754241943,297.3028869628906,297.1499938964844,293.1499938964844,0.0,-0.0,291.1877136230469,0.8180978298187256,0.2767080962657928,0.1946697980165481,297.3282165527344,297.1499938964844,293.1499938964844,0.0,-0.0,291.1877136230469,0.8486142754554749,0.3114386796951294,0.2962034940719604,297.203857421875,297.1499938964844,293.1499938964844,0.0,-0.0,291.1877136230469,0.7962534427642822,0.254542589187622,1.152654767036438,291.1877136230469,291.1241149902344,289.1708679199219,286.7854919433594,291.1875915527344,297.30987548828125,291.1877136230469,1.0,0.4957105219364166,1.0,1.0,0.3073799312114715,1.0,-2.6475186347961426,1.992202520370484,0.6553159356117249,1.3940478563308716,0.0,0.0,0.0,108.324462890625,101.0,-0.6856213212013245,-0.0,1545.5631103515625,1.0,293.1499938964844,293.1499938964844,293.1499938964844,293.1499938964844,293.1499938964844,293.1499938964844,278.1499938964844,0.0,18000.0,313.1499938964844,0.0,18000.0,0.0,0.0,0.0,0.0,0.0,0.0,0.0,0.0,0.0,0.0,-0.0,-0.0,0.0,0.0,0.0,0.0,0.0,-0.0,0.0,0.0,0.0,0.0,0.0,0.0,0.0,0.0,0.0,4.0,0.0,0.0
11878800,297.2759704589844,297.1499938964844,293.1499938964844,0.0,-0.0,291.1877136230469,0.8044968843460083,0.2626416385173797,0.2377914786338806,297.35137939453125,297.1499938964844,293.1499938964844,0.0,-0.0,291.1877136230469,0.8740580081939697,0.3409692049026489,0.3239495754241943,297.3028869628906,297.1499938964844,293.1499938964844,0.0,-0.0,291.1877136230469,0.8180978298187256,0.2767080962657928,0.1946697980165481,297.3282165527344,297.1499938964844,293.1499938964844,0.0,-0.0,291.1877136230469,0.8486142754554749,0.3114386796951294,0.2962034940719604,297.203857421875,297.1499938964844,293.1499938964844,0.0,-0.0,291.1877136230469,0.7962534427642822,0.254542589187622,1.152654767036438,291.1877136230469,291.1241149902344,289.1708679199219,286.7854919433594,291.1875915527344,297.30987548828125,291.1877136230469,1.0,0.4957105219364166,1.0,1.0,0.3073799312114715,1.0,-2.6475186347961426,1.992202520370484,0.6553159356117249,1.3940478563308716,0.0,0.0,0.0,108.324462890625,101.0,-0.6856213212013245,-0.0,1545.5631103515625,1.0,293.1499938964844,293.1499938964844,293.1499938964844,293.1499938964844,293.1499938964844,293.1499938964844,278.1499938964844,0.0,18000.0,313.1499938964844,0.0,18000.0,0.0,0.0,0.0,0.0,0.0,0.0,0.0,0.0,0.0,0.0,-0.0,-0.0,0.0,0.0,0.0,0.0,0.0,-0.0,0.0,0.0,0.0,0.0,0.0,0.0,0.0,0.0,0.0,4.0,0.0,0.0
11878860,297.2735900878906,297.1499938964844,293.1499938964844,0.0,-0.0,291.18438720703125,0.815150260925293,0.2639965415000915,0.2388386577367782,297.3487548828125,297.1499938964844,293.1499938964844,0.0,-0.0,291.1843566894531,0.8864880204200745,0.3432539105415344,0.3259170651435852,297.30096435546875,297.1499938964844,293.1499938964844,0.0,-0.0,291.18438720703125,0.8286300301551819,0.2784515619277954,0.1957544535398483,297.326171875,297.1499938964844,293.1499938964844,0.0,-0.0,291.1843566894531,0.8601109981536865,0.313488632440567,0.2979607582092285,297.20147705078125,297.1499938964844,293.1499938964844,0.0,-0.0,291.18438720703125,0.8062530755996704,0.2549826502799988,1.1537948846817017,291.184326171875,291.1066589355469,289.1849670410156,286.76104736328125,291.1815185546875,297.3072204589844,291.18414306640625,1.0,0.4939071238040924,1.0,1.0,0.3051850795745849,1.0,-2.655927419662476,2.0038089752197266,0.6521185040473938,1.403703689575195,0.0,0.0,0.0,104.36026763916016,89.0,-4.276390075683594,-0.0,1539.3128662109375,1.0,293.1499938964844,293.1499938964844,293.1499938964844,293.1499938964844,293.1499938964844,293.1499938964844,278.1499938964844,0.0,18000.0,313.1499938964844,0.0,18000.0,0.0,0.0,0.0,0.0,0.0,0.0,0.0,0.0,0.0,0.0,-0.0,-0.0,0.0,0.0,0.0,0.0,0.0,-0.0,0.0,0.0,0.0,0.0,0.0,0.0,0.0,0.0,0.0,4.0,0.0,0.0
11878920,297.2735900878906,297.1499938964844,293.1499938964844,0.0,-0.0,291.18438720703125,0.815150260925293,0.2639965415000915,0.2388386577367782,297.3487548828125,297.1499938964844,293.1499938964844,0.0,-0.0,291.1843566894531,0.8864880204200745,0.3432539105415344,0.3259170651435852,297.30096435546875,297.1499938964844,293.1499938964844,0.0,-0.0,291.18438720703125,0.8286300301551819,0.2784515619277954,0.1957544535398483,297.326171875,297.1499938964844,293.1499938964844,0.0,-0.0,291.1843566894531,0.8601109981536865,0.313488632440567,0.2979607582092285,297.20147705078125,297.1499938964844,293.1499938964844,0.0,-0.0,291.18438720703125,0.8062530755996704,0.2549826502799988,1.1537948846817017,291.184326171875,291.1066589355469,289.1849670410156,286.76104736328125,291.1815185546875,297.3072204589844,291.18414306640625,1.0,0.4939071238040924,1.0,1.0,0.3051850795745849,1.0,-2.655927419662476,2.0038089752197266,0.6521185040473938,1.403703689575195,0.0,0.0,0.0,104.36026763916016,89.0,-4.276390075683594,-0.0,1539.3128662109375,1.0,293.1499938964844,293.1499938964844,293.1499938964844,293.1499938964844,293.1499938964844,293.1499938964844,278.1499938964844,0.0,18000.0,313.1499938964844,0.0,18000.0,0.0,0.0,0.0,0.0,0.0,0.0,0.0,0.0,0.0,0.0,-0.0,-0.0,0.0,0.0,0.0,0.0,0.0,-0.0,0.0,0.0,0.0,0.0,0.0,0.0,0.0,0.0,0.0,4.0,0.0,0.0
11878980,297.2716064453125,297.1499938964844,293.1499938964844,0.0,-0.0,291.1785888671875,0.8338767886161804,0.2653616070747375,0.2397788166999817,297.3467712402344,297.1499938964844,293.1499938964844,0.0,-0.0,291.17852783203125,0.9097219109535216,0.3455680310726166,0.3277941942214966,297.2994384765625,297.1499938964844,293.1499938964844,0.0,-0.0,291.1785583496094,0.8481042385101318,0.28020840883255,0.1967572718858719,297.324462890625,297.1499938964844,293.1499938964844,0.0,-0.0,291.1785583496094,0.8818253874778748,0.3155466318130493,0.2996019721031189,297.1995849609375,297.1499938964844,293.1499938964844,0.0,-0.0,291.1785888671875,0.8243818283081055,0.2554416954517364,1.1544291973114014,291.17852783203125,291.0906677246094,289.1978454589844,286.7376708984375,291.1741943359375,297.30499267578125,291.17822265625,1.0,0.4898211658000946,1.0,1.0,0.3029902279376983,1.0,-2.66325306892395,2.014757871627808,0.6484951376914978,1.4129351377487185,0.0,0.0,0.0,97.17097473144533,77.0,-7.217542171478271,-0.0,1516.87109375,1.0,293.1499938964844,293.1499938964844,293.1499938964844,293.1499938964844,293.1499938964844,293.1499938964844,278.1499938964844,0.0,18000.0,313.1499938964844,0.0,18000.0,0.0,0.0,0.0,0.0,0.0,0.0,0.0,0.0,0.0,0.0,-0.0,-0.0,0.0,0.0,0.0,0.0,0.0,-0.0,0.0,0.0,0.0,0.0,0.0,0.0,0.0,0.0,0.0,4.0,0.0,0.0
11879040,297.2716064453125,297.1499938964844,293.1499938964844,0.0,-0.0,291.1785888671875,0.8338767886161804,0.2653616070747375,0.2397788166999817,297.3467712402344,297.1499938964844,293.1499938964844,0.0,-0.0,291.17852783203125,0.9097219109535216,0.3455680310726166,0.3277941942214966,297.2994384765625,297.1499938964844,293.1499938964844,0.0,-0.0,291.1785583496094,0.8481042385101318,0.28020840883255,0.1967572718858719,297.324462890625,297.1499938964844,293.1499938964844,0.0,-0.0,291.1785583496094,0.8818253874778748,0.3155466318130493,0.2996019721031189,297.1995849609375,297.1499938964844,293.1499938964844,0.0,-0.0,291.1785888671875,0.8243818283081055,0.2554416954517364,1.1544291973114014,291.17852783203125,291.0906677246094,289.1978454589844,286.7376708984375,291.1741943359375,297.30499267578125,291.17822265625,1.0,0.4898211658000946,1.0,1.0,0.3029902279376983,1.0,-2.66325306892395,2.014757871627808,0.6484951376914978,1.4129351377487185,0.0,0.0,0.0,97.17097473144533,77.0,-7.217542171478271,-0.0,1516.87109375,1.0,293.1499938964844,293.1499938964844,293.1499938964844,293.1499938964844,293.1499938964844,293.1499938964844,278.1499938964844,0.0,18000.0,313.1499938964844,0.0,18000.0,0.0,0.0,0.0,0.0,0.0,0.0,0.0,0.0,0.0,0.0,-0.0,-0.0,0.0,0.0,0.0,0.0,0.0,-0.0,0.0,0.0,0.0,0.0,0.0,0.0,0.0,0.0,0.0,4.0,0.0,0.0
11879100,297.270751953125,297.1499938964844,293.1499938964844,0.0,-0.0,291.1751708984375,0.846702516078949,0.2660457491874695,0.2402221113443374,297.3459167480469,297.1499938964844,293.1499938964844,0.0,-0.0,291.17510986328125,0.9270777106285096,0.3467304110527038,0.3287088274955749,297.2987976074219,297.1499938964844,293.1499938964844,0.0,-0.0,291.1751403808594,0.8617486953735352,0.2810904383659363,0.1972390711307525,297.3236999511719,297.1499938964844,293.1499938964844,0.0,-0.0,291.1751403808594,0.8968148827552795,0.3165774345397949,0.3003942668437958,297.19879150390625,297.1499938964844,293.1499938964844,0.0,-0.0,291.1751708984375,0.836458683013916,0.2556775212287903,1.1546320915222168,291.1750793457031,291.083251953125,289.2038269042969,286.7264709472656,291.1701965332031,297.3039855957031,291.1747741699219,1.0,0.4872226417064667,1.0,1.0,0.3018928170204162,1.0,-2.6666598320007324,2.020066022872925,0.6465939283370972,1.417439579963684,0.0,0.0,0.0,92.79934692382812,77.0,-8.353219985961914,-0.0,1501.7166748046875,1.0,293.1499938964844,293.1499938964844,293.1499938964844,293.1499938964844,293.1499938964844,293.1499938964844,278.1499938964844,0.0,18000.0,313.1499938964844,0.0,18000.0,0.0,0.0,0.0,0.0,0.0,0.0,0.0,0.0,0.0,0.0,-0.0,-0.0,0.0,0.0,0.0,0.0,0.0,-0.0,0.0,0.0,0.0,0.0,0.0,0.0,0.0,0.0,0.0,4.0,0.0,0.0
11879160,297.2698974609375,297.1499938964844,293.1499938964844,0.0,-0.0,291.1697998046875,0.8626876473426819,0.266727864742279,0.240651935338974,297.3450927734375,297.1499938964844,293.1499938964844,0.0,-0.0,291.169677734375,0.9480793476104736,0.347892552614212,0.3296110033988952,297.29815673828125,297.1499938964844,293.1499938964844,0.0,-0.0,291.1697692871094,0.8787041306495667,0.2819723188877105,0.1977114677429199,297.322998046875,297.1499938964844,293.1499938964844,0.0,-0.0,291.1697082519531,0.9157313704490662,0.3176070749759674,0.3011727631092071,297.19805908203125,297.1499938964844,293.1499938964844,0.0,-0.0,291.1697998046875,0.851422131061554,0.255915492773056,1.1547834873199463,291.1696472167969,291.07623291015625,289.2095031738281,286.71563720703125,291.1606140136719,297.30303955078125,291.1689453125,1.0,0.484362781047821,1.0,1.0,0.3000733554363251,1.0,-2.66994571685791,2.0271310806274414,0.642814576625824,1.4237216711044312,0.0,0.0,0.0,88.06621551513672,65.0,-12.745124816894531,-0.0,1484.7186279296875,1.0,293.1499938964844,293.1499938964844,293.1499938964844,293.1499938964844,293.1499938964844,293.1499938964844,278.1499938964844,0.0,18000.0,313.1499938964844,0.0,18000.0,0.0,0.0,0.0,0.0,0.0,0.0,0.0,0.0,0.0,0.0,-0.0,-0.0,0.0,0.0,0.0,0.0,0.0,-0.0,0.0,0.0,0.0,0.0,0.0,0.0,0.0,0.0,0.0,4.0,0.0,0.0
11879220,297.2679748535156,297.1499938964844,293.1499938964844,0.0,-0.0,291.1524963378906,0.9078312516212464,0.2680524587631225,0.241458386182785,297.34332275390625,297.1499938964844,293.1499938964844,0.0,-0.0,291.1523742675781,0.9944117665290833,0.3501843214035034,0.331365704536438,297.2967529296875,297.1499938964844,293.1499938964844,0.0,-0.0,291.1524658203125,0.9274370670318604,0.2837070822715759,0.1986212432384491,297.3213806152344,297.1499938964844,293.1499938964844,0.0,-0.0,291.15240478515625,0.968580424785614,0.3196350336074829,0.3026800155639648,297.1965637207031,297.1499938964844,293.1499938964844,0.0,-0.0,291.15252685546875,0.8942461609840393,0.2563731372356415,1.154904842376709,291.1523132324219,291.0634155273437,289.2198181152344,286.6951904296875,291.1394348144531,297.3008728027344,291.1514892578125,1.0,0.4780623614788055,1.0,1.0,0.2964344322681427,1.0,-2.6760735511779785,2.0412261486053467,0.6348473429679871,1.4363528490066528,0.0,0.0,0.0,77.85113525390625,68.0,-21.232467651367188,-0.0,1446.57470703125,1.0,293.1499938964844,293.1499938964844,293.1499938964844,293.1499938964844,293.1499938964844,293.1499938964844,278.1499938964844,0.0,18000.0,313.1499938964844,0.0,18000.0,0.0,0.0,0.0,0.0,0.0,0.0,0.0,0.0,0.0,0.0,-0.0,-0.0,0.0,0.0,0.0,0.0,0.0,-0.0,0.0,0.0,0.0,0.0,0.0,0.0,0.0,0.0,0.0,4.0,0.0,0.0
11879280,297.2679748535156,297.1499938964844,293.1499938964844,0.0,-0.0,291.1524963378906,0.9078312516212464,0.2680524587631225,0.241458386182785,297.34332275390625,297.1499938964844,293.1499938964844,0.0,-0.0,291.1523742675781,0.9944117665290833,0.3501843214035034,0.331365704536438,297.2967529296875,297.1499938964844,293.1499938964844,0.0,-0.0,291.1524658203125,0.9274370670318604,0.2837070822715759,0.1986212432384491,297.3213806152344,297.1499938964844,293.1499938964844,0.0,-0.0,291.15240478515625,0.968580424785614,0.3196350336074829,0.3026800155639648,297.1965637207031,297.1499938964844,293.1499938964844,0.0,-0.0,291.15252685546875,0.8942461609840393,0.2563731372356415,1.154904842376709,291.1523132324219,291.0634155273437,289.2198181152344,286.6951904296875,291.1394348144531,297.3008728027344,291.1514892578125,1.0,0.4780623614788055,1.0,1.0,0.2964344322681427,1.0,-2.6760735511779785,2.0412261486053467,0.6348473429679871,1.4363528490066528,0.0,0.0,0.0,77.85113525390625,68.0,-21.232467651367188,-0.0,1446.57470703125,1.0,293.1499938964844,293.1499938964844,293.1499938964844,293.1499938964844,293.1499938964844,293.1499938964844,278.1499938964844,0.0,18000.0,313.1499938964844,0.0,18000.0,0.0,0.0,0.0,0.0,0.0,0.0,0.0,0.0,0.0,0.0,-0.0,-0.0,0.0,0.0,0.0,0.0,0.0,-0.0,0.0,0.0,0.0,0.0,0.0,0.0,0.0,0.0,0.0,4.0,0.0,0.0
11879340,297.2652587890625,297.1499938964844,293.1499938964844,0.0,-0.0,291.1317443847656,0.9284019470214844,0.2692720592021942,0.2424587160348892,297.3468017578125,297.1499938964844,293.1499938964844,0.0,-0.0,291.131591796875,0.9990000128746032,0.3529719114303589,0.3211159408092499,297.2946472167969,297.1499938964844,293.1499938964844,0.0,-0.0,291.1317138671875,0.9489635229110718,0.2853527367115021,0.1996922791004181,297.3190612792969,297.1499938964844,293.1499938964844,0.0,-0.0,291.1316223144531,0.9864566326141356,0.3215715587139129,0.3044033050537109,297.19451904296875,297.1499938964844,293.1499938964844,0.0,-0.0,291.1317749023437,0.9119282364845276,0.2567543983459472,1.156118631362915,291.13153076171875,291.0523681640625,289.228759765625,286.6766052246094,291.11492919921875,297.3002319335937,291.13043212890625,1.0,0.4751186370849609,1.0,1.0,0.2927955090999603,1.0,-2.6697893142700195,2.046755313873291,0.6230340600013733,1.4433224201202393,0.0,0.0,0.0,74.45989990234375,71.0,-27.56743812561035,-0.0,1422.65625,1.0,293.1499938964844,293.1499938964844,293.1499938964844,293.1499938964844,293.1499938964844,293.1499938964844,278.1499938964844,0.0,18000.0,313.1499938964844,0.0,18000.0,0.0,0.0,0.0,0.0,0.0,0.0,0.0,0.0,0.0,0.0,-0.0,-0.0,0.0,0.0,0.0,0.0,0.0,-0.0,0.0,0.0,0.0,0.0,0.0,0.0,0.0,0.0,0.0,4.0,0.0,0.0
11879400,297.2652587890625,297.1499938964844,293.1499938964844,0.0,-0.0,291.1317443847656,0.9284019470214844,0.2692720592021942,0.2424587160348892,297.3468017578125,297.1499938964844,293.1499938964844,0.0,-0.0,291.131591796875,0.9990000128746032,0.3529719114303589,0.3211159408092499,297.2946472167969,297.1499938964844,293.1499938964844,0.0,-0.0,291.1317138671875,0.9489635229110718,0.2853527367115021,0.1996922791004181,297.3190612792969,297.1499938964844,293.1499938964844,0.0,-0.0,291.1316223144531,0.9864566326141356,0.3215715587139129,0.3044033050537109,297.19451904296875,297.1499938964844,293.1499938964844,0.0,-0.0,291.1317749023437,0.9119282364845276,0.2567543983459472,1.156118631362915,291.13153076171875,291.0523681640625,289.228759765625,286.6766052246094,291.11492919921875,297.3002319335937,291.13043212890625,1.0,0.4751186370849609,1.0,1.0,0.2927955090999603,1.0,-2.6697893142700195,2.046755313873291,0.6230340600013733,1.4433224201202393,0.0,0.0,0.0,74.45989990234375,71.0,-27.56743812561035,-0.0,1422.65625,1.0,293.1499938964844,293.1499938964844,293.1499938964844,293.1499938964844,293.1499938964844,293.1499938964844,278.1499938964844,0.0,18000.0,313.1499938964844,0.0,18000.0,0.0,0.0,0.0,0.0,0.0,0.0,0.0,0.0,0.0,0.0,-0.0,-0.0,0.0,0.0,0.0,0.0,0.0,-0.0,0.0,0.0,0.0,0.0,0.0,0.0,0.0,0.0,0.0,4.0,0.0,0.0
11879460,297.2621154785156,297.1499938964844,293.1499938964844,0.0,-0.0,291.10992431640625,0.9376806616783142,0.2704134881496429,0.2434512823820114,297.3579406738281,297.1499938964844,293.1499938964844,0.0,-0.0,291.1098022460937,0.9990000128746032,0.3565918207168579,0.3142693042755127,297.2922058105469,297.1499938964844,293.1499938964844,0.0,-0.0,291.1098937988281,0.9582576751708984,0.2869370877742767,0.2007694989442825,297.3163757324219,297.1499938964844,293.1499938964844,0.0,-0.0,291.1098022460937,0.9936301112174988,0.3234423995018005,0.3061318099498749,297.1922607421875,297.1499938964844,293.1499938964844,0.0,-0.0,291.1099548339844,0.9198535680770874,0.2570904791355133,1.1574419736862185,291.1097106933594,291.0430908203125,289.2362060546875,286.66015625,291.0931701660156,297.3031005859375,291.1087341308594,1.0,0.4740825295448303,1.0,1.0,0.2894359529018402,1.0,-2.667707681655884,2.054440498352051,0.6132670044898987,1.4513005018234253,0.0,0.0,0.0,73.22160339355469,89.0,-29.23307609558105,-0.0,1414.2664794921875,1.0,293.1499938964844,293.1499938964844,293.1499938964844,293.1499938964844,293.1499938964844,293.1499938964844,278.1499938964844,0.0,18000.0,313.1499938964844,0.0,18000.0,0.0,0.0,0.0,0.0,0.0,0.0,0.0,0.0,0.0,0.0,-0.0,-0.0,0.0,0.0,0.0,0.0,0.0,-0.0,0.0,0.0,0.0,0.0,0.0,0.0,0.0,0.0,0.0,4.0,0.0,0.0
11879520,297.2621154785156,297.1499938964844,293.1499938964844,0.0,-0.0,291.10992431640625,0.9376806616783142,0.2704134881496429,0.2434512823820114,297.3579406738281,297.1499938964844,293.1499938964844,0.0,-0.0,291.1098022460937,0.9990000128746032,0.3565918207168579,0.3142693042755127,297.2922058105469,297.1499938964844,293.1499938964844,0.0,-0.0,291.1098937988281,0.9582576751708984,0.2869370877742767,0.2007694989442825,297.3163757324219,297.1499938964844,293.1499938964844,0.0,-0.0,291.1098022460937,0.9936301112174988,0.3234423995018005,0.3061318099498749,297.1922607421875,297.1499938964844,293.1499938964844,0.0,-0.0,291.1099548339844,0.9198535680770874,0.2570904791355133,1.1574419736862185,291.1097106933594,291.0430908203125,289.2362060546875,286.66015625,291.0931701660156,297.3031005859375,291.1087341308594,1.0,0.4740825295448303,1.0,1.0,0.2894359529018402,1.0,-2.667707681655884,2.054440498352051,0.6132670044898987,1.4513005018234253,0.0,0.0,0.0,73.22160339355469,89.0,-29.23307609558105,-0.0,1414.2664794921875,1.0,293.1499938964844,293.1499938964844,293.1499938964844,293.1499938964844,293.1499938964844,293.1499938964844,278.1499938964844,0.0,18000.0,313.1499938964844,0.0,18000.0,0.0,0.0,0.0,0.0,0.0,0.0,0.0,0.0,0.0,0.0,-0.0,-0.0,0.0,0.0,0.0,0.0,0.0,-0.0,0.0,0.0,0.0,0.0,0.0,0.0,0.0,0.0,0.0,4.0,0.0,0.0
11879580,297.2592468261719,297.1499938964844,293.1499938964844,0.0,-0.0,291.0896911621094,0.9233048558235168,0.2715422511100769,0.2445514947175979,297.36114501953125,297.1499938964844,293.1499938964844,0.0,-0.0,291.0895690917969,0.9990000128746032,0.3595714867115021,0.3284978866577148,297.2900695800781,297.1499938964844,293.1499938964844,0.0,-0.0,291.08966064453125,0.9448843002319336,0.2885228097438812,0.2019401639699936,297.3139953613281,297.1499938964844,293.1499938964844,0.0,-0.0,291.089599609375,0.9833813309669496,0.3253080546855926,0.3079803586006164,297.1903991699219,297.1499938964844,293.1499938964844,0.0,-0.0,291.0897216796875,0.9053331613540648,0.2574385106563568,1.1594247817993164,291.0895080566406,291.0357360839844,289.2421264648437,286.6461181640625,291.0757141113281,297.3033142089844,291.0888061523437,1.0,0.4803642630577087,1.0,1.0,0.2860763967037201,1.0,-2.692105293273926,2.080540418624878,0.6115648746490479,1.4714494943618774,0.0,0.0,0.0,76.51142120361328,107.0,-27.42330741882324,-0.0,1462.4608154296875,1.0,293.1499938964844,293.1499938964844,293.1499938964844,293.1499938964844,293.1499938964844,293.1499938964844,278.1499938964844,0.0,18000.0,313.1499938964844,0.0,18000.0,0.0,0.0,0.0,0.0,0.0,0.0,0.0,0.0,0.0,0.0,-0.0,-0.0,0.0,0.0,0.0,0.0,0.0,-0.0,0.0,0.0,0.0,0.0,0.0,0.0,0.0,0.0,0.0,4.0,0.0,0.0
11879640,297.2592468261719,297.1499938964844,293.1499938964844,0.0,-0.0,291.0896911621094,0.9233048558235168,0.2715422511100769,0.2445514947175979,297.36114501953125,297.1499938964844,293.1499938964844,0.0,-0.0,291.0895690917969,0.9990000128746032,0.3595714867115021,0.3284978866577148,297.2900695800781,297.1499938964844,293.1499938964844,0.0,-0.0,291.08966064453125,0.9448843002319336,0.2885228097438812,0.2019401639699936,297.3139953613281,297.1499938964844,293.1499938964844,0.0,-0.0,291.089599609375,0.9833813309669496,0.3253080546855926,0.3079803586006164,297.1903991699219,297.1499938964844,293.1499938964844,0.0,-0.0,291.0897216796875,0.9053331613540648,0.2574385106563568,1.1594247817993164,291.0895080566406,291.0357360839844,289.2421264648437,286.6461181640625,291.0757141113281,297.3033142089844,291.0888061523437,1.0,0.4803642630577087,1.0,1.0,0.2860763967037201,1.0,-2.692105293273926,2.080540418624878,0.6115648746490479,1.4714494943618774,0.0,0.0,0.0,76.51142120361328,107.0,-27.42330741882324,-0.0,1462.4608154296875,1.0,293.1499938964844,293.1499938964844,293.1499938964844,293.1499938964844,293.1499938964844,293.1499938964844,278.1499938964844,0.0,18000.0,313.1499938964844,0.0,18000.0,0.0,0.0,0.0,0.0,0.0,0.0,0.0,0.0,0.0,0.0,-0.0,-0.0,0.0,0.0,0.0,0.0,0.0,-0.0,0.0,0.0,0.0,0.0,0.0,0.0,0.0,0.0,0.0,4.0,0.0,0.0
11879700,297.2577819824219,297.1499938964844,293.1499938964844,0.0,-0.0,291.0807189941406,0.9087690114974976,0.2720920145511627,0.2451480031013488,297.3541564941406,297.1499938964844,293.1499938964844,0.0,-0.0,291.08056640625,0.9984493851661682,0.3602233231067657,0.3410723805427551,297.2890319824219,297.1499938964844,293.1499938964844,0.0,-0.0,291.0806884765625,0.9300888776779176,0.2893062531948089,0.2025652974843979,297.31280517578125,297.1499938964844,293.1499938964844,0.0,-0.0,291.08062744140625,0.9711657762527466,0.3262293636798858,0.3089564144611358,297.189453125,297.1499938964844,293.1499938964844,0.0,-0.0,291.08074951171875,0.8919907808303833,0.2575997114181518,1.160670518875122,291.0805358886719,291.0328063964844,289.2445068359375,286.6400451660156,291.0674743652344,297.2994689941406,291.07989501953125,1.0,0.4855106770992279,1.0,1.0,0.28439661860466,1.0,-2.7115440368652344,2.098651885986328,0.6128921508789062,1.4851748943328855,0.0,0.0,0.0,79.8683853149414,107.0,-26.18002891540528,-0.0,1504.72216796875,1.0,293.1499938964844,293.1499938964844,293.1499938964844,293.1499938964844,293.1499938964844,293.1499938964844,278.1499938964844,0.0,18000.0,313.1499938964844,0.0,18000.0,0.0,0.0,0.0,0.0,0.0,0.0,0.0,0.0,0.0,0.0,-0.0,-0.0,0.0,0.0,0.0,0.0,0.0,-0.0,0.0,0.0,0.0,0.0,0.0,0.0,0.0,0.0,0.0,4.0,0.0,0.0
11879760,297.2558288574219,297.1499938964844,293.1499938964844,0.0,-0.0,291.0729675292969,0.8812772631645203,0.2725822627544403,0.2458508312702179,297.3454284667969,297.1499938964844,293.1499938964844,0.0,-0.0,291.0728759765625,0.9740493297576904,0.3606588244438171,0.3418191075325012,297.2874450683594,297.1499938964844,293.1499938964844,0.0,-0.0,291.07293701171875,0.8999426364898682,0.2900331318378448,0.2032753676176071,297.31109619140625,297.1499938964844,293.1499938964844,0.0,-0.0,291.0729064941406,0.9412478804588318,0.3270933032035827,0.3100465536117553,297.1878967285156,297.1499938964844,293.1499938964844,0.0,-0.0,291.072998046875,0.8651070594787598,0.2576969563961029,1.16243577003479,291.07281494140625,291.0303955078125,289.2464599609375,286.6347045898437,291.0605163574219,297.2939758300781,291.0722045898437,1.0,0.4908286333084106,1.0,1.0,0.2833825945854187,1.0,-2.717404127120972,2.105588674545288,0.6118155121803284,1.4910471439361572,0.0,0.0,0.0,86.43963623046875,125.0,-24.1308822631836,-0.0,1543.4610595703125,1.0,293.1499938964844,293.1499938964844,293.1499938964844,293.1499938964844,293.1499938964844,293.1499938964844,278.1499938964844,0.0,18000.0,313.1499938964844,0.0,18000.0,0.0,0.0,0.0,0.0,0.0,0.0,0.0,0.0,0.0,0.0,-0.0,-0.0,0.0,0.0,0.0,0.0,0.0,-0.0,0.0,0.0,0.0,0.0,0.0,0.0,0.0,0.0,0.0,4.0,0.0,0.0
11879820,297.251708984375,297.1499938964844,293.1499938964844,0.0,-0.0,291.058349609375,0.8376699090003967,0.2735056579113006,0.2472298145294189,297.33380126953125,297.1499938964844,293.1499938964844,0.0,-0.0,291.0582580566406,0.9203687310218812,0.3619502186775207,0.3434815406799316,297.2841186523437,297.1499938964844,293.1499938964844,0.0,-0.0,291.0583190917969,0.8545369505882263,0.2914351224899292,0.204679399728775,297.3074645996094,297.1499938964844,293.1499938964844,0.0,-0.0,291.05828857421875,0.889430046081543,0.3287667632102966,0.3122027516365051,297.18438720703125,297.1499938964844,293.1499938964844,0.0,-0.0,291.0583801269531,0.8227640986442566,0.2578222751617431,1.165773630142212,291.0582275390625,291.027099609375,289.2491149902344,286.6261901855469,291.04705810546875,297.28582763671875,291.0576171875,1.0,0.5025236010551453,1.0,1.0,0.2813544869422912,1.0,-2.7293484210968018,2.1194849014282227,0.6098635792732239,1.5022003650665283,0.0,0.0,0.0,101.17877197265624,143.0,-21.402084350585938,-0.0,1628.9986572265625,1.0,293.1499938964844,293.1499938964844,293.1499938964844,293.1499938964844,293.1499938964844,293.1499938964844,278.1499938964844,0.0,18000.0,313.1499938964844,0.0,18000.0,0.0,0.0,0.0,0.0,0.0,0.0,0.0,0.0,0.0,0.0,-0.0,-0.0,0.0,0.0,0.0,0.0,0.0,-0.0,0.0,0.0,0.0,0.0,0.0,0.0,0.0,0.0,0.0,4.0,0.0,0.0
11879880,297.251708984375,297.1499938964844,293.1499938964844,0.0,-0.0,291.058349609375,0.8376699090003967,0.2735056579113006,0.2472298145294189,297.33380126953125,297.1499938964844,293.1499938964844,0.0,-0.0,291.0582580566406,0.9203687310218812,0.3619502186775207,0.3434815406799316,297.2841186523437,297.1499938964844,293.1499938964844,0.0,-0.0,291.0583190917969,0.8545369505882263,0.2914351224899292,0.204679399728775,297.3074645996094,297.1499938964844,293.1499938964844,0.0,-0.0,291.05828857421875,0.889430046081543,0.3287667632102966,0.3122027516365051,297.18438720703125,297.1499938964844,293.1499938964844,0.0,-0.0,291.0583801269531,0.8227640986442566,0.2578222751617431,1.165773630142212,291.0582275390625,291.027099609375,289.2491149902344,286.6261901855469,291.04705810546875,297.28582763671875,291.0576171875,1.0,0.5025236010551453,1.0,1.0,0.2813544869422912,1.0,-2.7293484210968018,2.1194849014282227,0.6098635792732239,1.5022003650665283,0.0,0.0,0.0,101.17877197265624,143.0,-21.402084350585938,-0.0,1628.9986572265625,1.0,293.1499938964844,293.1499938964844,293.1499938964844,293.1499938964844,293.1499938964844,293.1499938964844,278.1499938964844,0.0,18000.0,313.1499938964844,0.0,18000.0,0.0,0.0,0.0,0.0,0.0,0.0,0.0,0.0,0.0,0.0,-0.0,-0.0,0.0,0.0,0.0,0.0,0.0,-0.0,0.0,0.0,0.0,0.0,0.0,0.0,0.0,0.0,0.0,4.0,0.0,0.0
11879940,297.2474670410156,297.1499938964844,293.1499938964844,0.0,-0.0,291.0438842773437,0.804570198059082,0.2743628323078155,0.2486032992601394,297.3262939453125,297.1499938964844,293.1499938964844,0.0,-0.0,291.0437927246094,0.8800917863845825,0.3635145723819732,0.3455280065536499,297.28057861328125,297.1499938964844,293.1499938964844,0.0,-0.0,291.0438537597656,0.8213845491409302,0.2927763164043426,0.206083133816719,297.3036499023437,297.1499938964844,293.1499938964844,0.0,-0.0,291.0438232421875,0.852807343006134,0.3303748071193695,0.3143545091152191,297.1806030273437,297.1499938964844,293.1499938964844,0.0,-0.0,291.0439147949219,0.7880768179893494,0.2578754425048828,1.1690449714660645,291.04376220703125,291.0260009765625,289.25,286.620849609375,291.0328369140625,297.2796630859375,291.04315185546875,1.0,0.5150421857833862,1.0,1.0,0.2793264091014862,1.0,-2.74166226387024,2.1336700916290283,0.6079922914505005,1.5135712623596191,0.0,0.0,0.0,117.4283218383789,146.0,-20.57312774658203,-0.0,1722.8828125,1.0,293.1499938964844,293.1499938964844,293.1499938964844,293.1499938964844,293.1499938964844,293.1499938964844,278.1499938964844,0.0,18000.0,313.1499938964844,0.0,18000.0,0.0,0.0,0.0,0.0,0.0,0.0,0.0,0.0,0.0,0.0,-0.0,-0.0,0.0,0.0,0.0,0.0,0.0,-0.0,0.0,0.0,0.0,0.0,0.0,0.0,0.0,0.0,0.0,4.0,0.0,0.0
11880000,297.2474670410156,297.1499938964844,293.1499938964844,0.0,-0.0,291.0438842773437,0.804570198059082,0.2743628323078155,0.2486032992601394,297.3262939453125,297.1499938964844,293.1499938964844,0.0,-0.0,291.0437927246094,0.8800917863845825,0.3635145723819732,0.3455280065536499,297.28057861328125,297.1499938964844,293.1499938964844,0.0,-0.0,291.0438537597656,0.8213845491409302,0.2927763164043426,0.206083133816719,297.3036499023437,297.1499938964844,293.1499938964844,0.0,-0.0,291.0438232421875,0.852807343006134,0.3303748071193695,0.3143545091152191,297.1806030273437,297.1499938964844,293.1499938964844,0.0,-0.0,291.0439147949219,0.7880768179893494,0.2578754425048828,1.1690449714660645,291.04376220703125,291.0260009765625,289.25,286.620849609375,291.0328369140625,297.2796630859375,291.04315185546875,1.0,0.5150421857833862,1.0,1.0,0.2793264091014862,1.0,-2.74166226387024,2.1336700916290283,0.6079922914505005,1.5135712623596191,0.0,0.0,0.0,117.4283218383789,146.0,-20.57312774658203,-0.0,1722.8828125,1.0,293.1499938964844,293.1499938964844,293.1499938964844,293.1499938964844,293.1499938964844,293.1499938964844,278.1499938964844,0.0,18000.0,313.1499938964844,0.0,18000.0,0.0,0.0,0.0,0.0,0.0,0.0,0.0,0.0,0.0,0.0,-0.0,-0.0,0.0,0.0,0.0,0.0,0.0,-0.0,0.0,0.0,0.0,0.0,0.0,0.0,0.0,0.0,0.0,4.0,0.0,0.0
11880060,297.2208557128906,297.1499938964844,293.1499938964844,0.0,-0.0,291.0297241210937,0.779711127281189,0.2728857696056366,0.2482475191354751,297.2975158691406,297.1499938964844,293.1499938964844,0.0,-0.0,291.0296325683594,0.8543137907981873,0.3628179430961609,0.345892995595932,297.2538452148437,297.1499938964844,293.1499938964844,0.0,-0.0,291.0296936035156,0.7973533868789673,0.2917073667049408,0.2061129361391067,297.2763671875,297.1499938964844,293.1499938964844,0.0,-0.0,291.0296630859375,0.8290706276893616,0.3295441269874573,0.3146298229694366,297.15191650390625,297.1499938964844,293.1499938964844,0.0,-0.0,291.0297546386719,0.7630571722984314,0.255344957113266,1.1629923582077026,291.02960205078125,291.0260009765625,289.25,286.6183776855469,291.0180969238281,297.2529296875,291.0289001464844,1.0,0.522392213344574,1.0,1.0,0.2784615755081177,1.0,-2.7347896099090576,2.1312849521636963,0.6035045385360718,1.512961983680725,0.0,0.0,0.0,130.6270751953125,134.0,-20.34611320495605,-0.0,1774.21728515625,1.0,293.1499938964844,293.1499938964844,293.1499938964844,293.1499938964844,293.1499938964844,293.1499938964844,278.1499938964844,0.0,18000.0,313.1499938964844,0.0,18000.0,0.0,0.0,0.0,0.0,0.0,0.0,0.0,0.0,0.0,0.0,-0.0,-0.0,0.0,0.0,0.0,0.0,0.0,-0.0,0.0,0.0,0.0,0.0,0.0,0.0,0.0,0.0,0.0,4.0,0.0,0.0
11880120,297.2208557128906,297.1499938964844,293.1499938964844,0.0,-0.0,291.0297241210937,0.779711127281189,0.2728857696056366,0.2482475191354751,297.2975158691406,297.1499938964844,293.1499938964844,0.0,-0.0,291.0296325683594,0.8543137907981873,0.3628179430961609,0.345892995595932,297.2538452148437,297.1499938964844,293.1499938964844,0.0,-0.0,291.0296936035156,0.7973533868789673,0.2917073667049408,0.2061129361391067,297.2763671875,297.1499938964844,293.1499938964844,0.0,-0.0,291.0296630859375,0.8290706276893616,0.3295441269874573,0.3146298229694366,297.15191650390625,297.1499938964844,293.1499938964844,0.0,-0.0,291.0297546386719,0.7630571722984314,0.255344957113266,1.1629923582077026,291.02960205078125,291.0260009765625,289.25,286.6183776855469,291.0180969238281,297.2529296875,291.0289001464844,1.0,0.522392213344574,1.0,1.0,0.2784615755081177,1.0,-2.7347896099090576,2.1312849521636963,0.6035045385360718,1.512961983680725,0.0,0.0,0.0,130.6270751953125,134.0,-20.34611320495605,-0.0,1774.21728515625,1.0,293.1499938964844,293.1499938964844,293.1499938964844,293.1499938964844,293.1499938964844,293.1499938964844,278.1499938964844,0.0,18000.0,313.1499938964844,0.0,18000.0,0.0,0.0,0.0,0.0,0.0,0.0,0.0,0.0,0.0,0.0,-0.0,-0.0,0.0,0.0,0.0,0.0,0.0,-0.0,0.0,0.0,0.0,0.0,0.0,0.0,0.0,0.0,0.0,4.0,0.0,0.0
11880180,297.2054138183594,297.1499938964844,293.1499938964844,0.0,-0.0,291.01580810546875,0.7737557291984558,0.2722113728523254,0.2476129084825515,297.2796325683594,297.1499938964844,293.1499938964844,0.0,-0.0,291.01568603515625,0.8488204479217529,0.3628669381141662,0.3459171950817108,297.2372436523437,297.1499938964844,293.1499938964844,0.0,-0.0,291.0157775878906,0.7915348410606384,0.2913333475589752,0.2058423906564712,297.25897216796875,297.1499938964844,293.1499938964844,0.0,-0.0,291.0157165527344,0.8237910270690918,0.3293739557266235,0.3144617974758148,297.1320495605469,297.1499938964844,293.1499938964844,0.0,-0.0,291.0158386230469,0.7561445832252502,0.253349095582962,1.154104709625244,291.0156555175781,291.0260009765625,289.25,286.6181945800781,291.0049133300781,297.237060546875,291.0150451660156,1.0,0.5222567915916443,1.0,1.0,0.2775967717170715,1.0,-2.7228477001190186,2.125262260437012,0.5975853204727173,1.509557604789734,0.0,0.0,0.0,133.5225372314453,122.0,-19.40872573852539,-0.0,1769.77880859375,1.0,293.1499938964844,293.1499938964844,293.1499938964844,293.1499938964844,293.1499938964844,293.1499938964844,278.1499938964844,0.0,18000.0,313.1499938964844,0.0,18000.0,0.0,0.0,0.0,0.0,0.0,0.0,0.0,0.0,0.0,0.0,-0.0,-0.0,0.0,0.0,0.0,0.0,0.0,-0.0,0.0,0.0,0.0,0.0,0.0,0.0,0.0,0.0,0.0,4.0,0.0,0.0
11880240,297.2054138183594,297.1499938964844,293.1499938964844,0.0,-0.0,291.01580810546875,0.7737557291984558,0.2722113728523254,0.2476129084825515,297.2796325683594,297.1499938964844,293.1499938964844,0.0,-0.0,291.01568603515625,0.8488204479217529,0.3628669381141662,0.3459171950817108,297.2372436523437,297.1499938964844,293.1499938964844,0.0,-0.0,291.0157775878906,0.7915348410606384,0.2913333475589752,0.2058423906564712,297.25897216796875,297.1499938964844,293.1499938964844,0.0,-0.0,291.0157165527344,0.8237910270690918,0.3293739557266235,0.3144617974758148,297.1320495605469,297.1499938964844,293.1499938964844,0.0,-0.0,291.0158386230469,0.7561445832252502,0.253349095582962,1.154104709625244,291.0156555175781,291.0260009765625,289.25,286.6181945800781,291.0049133300781,297.237060546875,291.0150451660156,1.0,0.5222567915916443,1.0,1.0,0.2775967717170715,1.0,-2.7228477001190186,2.125262260437012,0.5975853204727173,1.509557604789734,0.0,0.0,0.0,133.5225372314453,122.0,-19.40872573852539,-0.0,1769.77880859375,1.0,293.1499938964844,293.1499938964844,293.1499938964844,293.1499938964844,293.1499938964844,293.1499938964844,278.1499938964844,0.0,18000.0,313.1499938964844,0.0,18000.0,0.0,0.0,0.0,0.0,0.0,0.0,0.0,0.0,0.0,0.0,-0.0,-0.0,0.0,0.0,0.0,0.0,0.0,-0.0,0.0,0.0,0.0,0.0,0.0,0.0,0.0,0.0,0.0,4.0,0.0,0.0
11880300,297.2004089355469,297.1499938964844,293.1499938964844,0.0,-0.0,291.0094299316406,0.7752606272697449,0.2720685601234436,0.2473920136690139,297.2734680175781,297.1499938964844,293.1499938964844,0.0,-0.0,291.00933837890625,0.8507164120674133,0.363079696893692,0.3460202813148498,297.2315673828125,297.1499938964844,293.1499938964844,0.0,-0.0,291.0093994140625,0.7932403683662415,0.2913279831409454,0.2057679146528244,297.2528991699219,297.1499938964844,293.1499938964844,0.0,-0.0,291.0093688964844,0.8254854083061218,0.3294655978679657,0.3144535720348358,297.1248474121094,297.1499938964844,293.1499938964844,0.0,-0.0,291.00946044921875,0.756895124912262,0.2525270879268646,1.149969220161438,291.0093078613281,291.0260009765625,289.25,286.6189270019531,290.9991149902344,297.2318725585937,291.0087280273437,1.0,0.5206289887428284,1.0,1.0,0.2771643400192261,1.0,-2.7176358699798584,2.1227786540985107,0.5948572158813477,1.5082048177719116,0.0,0.0,0.0,132.21798706054688,122.0,-18.530563354492188,-0.0,1755.94873046875,1.0,293.1499938964844,293.1499938964844,293.1499938964844,293.1499938964844,293.1499938964844,293.1499938964844,278.1499938964844,0.0,18000.0,313.1499938964844,0.0,18000.0,0.0,0.0,0.0,0.0,0.0,0.0,0.0,0.0,0.0,0.0,-0.0,-0.0,0.0,0.0,0.0,0.0,0.0,-0.0,0.0,0.0,0.0,0.0,0.0,0.0,0.0,0.0,0.0,4.0,0.0,0.0
11880360,297.19659423828125,297.1499938964844,293.1499938964844,0.0,-0.0,291.0050354003906,0.778801679611206,0.2720151543617248,0.2472169995307922,297.2685852050781,297.1499938964844,293.1499938964844,0.0,-0.0,291.0050048828125,0.8547412157058716,0.3633829653263092,0.3461711406707763,297.2271728515625,297.1499938964844,293.1499938964844,0.0,-0.0,291.0050354003906,0.7970415949821472,0.2914120256900787,0.2057273089885711,297.2480773925781,297.1499938964844,293.1499938964844,0.0,-0.0,291.0050048828125,0.8291441798210144,0.3296449482440948,0.3144891262054443,297.1191101074219,297.1499938964844,293.1499938964844,0.0,-0.0,291.00506591796875,0.7595598697662354,0.2518030405044555,1.146073818206787,291.0050048828125,291.0260009765625,289.25,286.62017822265625,290.99871826171875,297.2279663085937,291.0047912597656,1.0,0.5182992815971375,1.0,1.0,0.2774357795715332,1.0,-2.712918758392334,2.118851661682129,0.5940669178962708,1.505305528640747,0.0,0.0,0.0,129.7181396484375,110.0,-14.339444160461426,-0.0,1737.36474609375,1.0,293.1499938964844,293.1499938964844,293.1499938964844,293.1499938964844,293.1499938964844,293.1499938964844,278.1499938964844,0.0,18000.0,313.1499938964844,0.0,18000.0,0.0,0.0,0.0,0.0,0.0,0.0,0.0,0.0,0.0,0.0,-0.0,-0.0,0.0,0.0,0.0,0.0,0.0,-0.0,0.0,0.0,0.0,0.0,0.0,0.0,0.0,0.0,0.0,4.0,0.0,0.0
11880420,297.1919250488281,297.1499938964844,293.1499938964844,0.0,-0.0,291.0025939941406,0.7909754514694214,0.2721275389194488,0.2469852417707443,297.26202392578125,297.1499938964844,293.1499938964844,0.0,-0.0,291.0025939941406,0.8682665228843689,0.3642164766788482,0.3466027677059173,297.2214660644531,297.1499938964844,293.1499938964844,0.0,-0.0,291.0025939941406,0.8097115755081177,0.2918086946010589,0.2057422846555709,297.2416076660156,297.1499938964844,293.1499938964844,0.0,-0.0,291.0025939941406,0.8413943648338318,0.3302273452281952,0.3146856129169464,297.111328125,297.1499938964844,293.1499938964844,0.0,-0.0,291.0025939941406,0.7697591185569763,0.2506183981895447,1.1390442848205566,291.0025939941406,291.0260009765625,289.25,286.6241760253906,291.00006103515625,297.2230224609375,291.0025329589844,1.0,0.5122178196907043,1.0,1.0,0.2779786288738251,1.0,-2.704963445663452,2.1117970943450928,0.5931663513183594,1.4999754428863523,0.0,0.0,0.0,122.2439956665039,98.0,-6.151878356933594,-0.0,1691.135498046875,1.0,293.1499938964844,293.1499938964844,293.1499938964844,293.1499938964844,293.1499938964844,293.1499938964844,278.1499938964844,0.0,18000.0,313.1499938964844,0.0,18000.0,0.0,0.0,0.0,0.0,0.0,0.0,0.0,0.0,0.0,0.0,-0.0,-0.0,0.0,0.0,0.0,0.0,0.0,-0.0,0.0,0.0,0.0,0.0,0.0,0.0,0.0,0.0,0.0,4.0,0.0,0.0
11880480,297.1919250488281,297.1499938964844,293.1499938964844,0.0,-0.0,291.0025939941406,0.7909754514694214,0.2721275389194488,0.2469852417707443,297.26202392578125,297.1499938964844,293.1499938964844,0.0,-0.0,291.0025939941406,0.8682665228843689,0.3642164766788482,0.3466027677059173,297.2214660644531,297.1499938964844,293.1499938964844,0.0,-0.0,291.0025939941406,0.8097115755081177,0.2918086946010589,0.2057422846555709,297.2416076660156,297.1499938964844,293.1499938964844,0.0,-0.0,291.0025939941406,0.8413943648338318,0.3302273452281952,0.3146856129169464,297.111328125,297.1499938964844,293.1499938964844,0.0,-0.0,291.0025939941406,0.7697591185569763,0.2506183981895447,1.1390442848205566,291.0025939941406,291.0260009765625,289.25,286.6241760253906,291.00006103515625,297.2230224609375,291.0025329589844,1.0,0.5122178196907043,1.0,1.0,0.2779786288738251,1.0,-2.704963445663452,2.1117970943450928,0.5931663513183594,1.4999754428863523,0.0,0.0,0.0,122.2439956665039,98.0,-6.151878356933594,-0.0,1691.135498046875,1.0,293.1499938964844,293.1499938964844,293.1499938964844,293.1499938964844,293.1499938964844,293.1499938964844,278.1499938964844,0.0,18000.0,313.1499938964844,0.0,18000.0,0.0,0.0,0.0,0.0,0.0,0.0,0.0,0.0,0.0,0.0,-0.0,-0.0,0.0,0.0,0.0,0.0,0.0,-0.0,0.0,0.0,0.0,0.0,0.0,0.0,0.0,0.0,0.0,4.0,0.0,0.0
11880540,297.1898498535156,297.1499938964844,293.1499938964844,0.0,-0.0,291.002685546875,0.8091923594474792,0.2724472880363464,0.2468813210725784,297.2584533691406,297.1499938964844,293.1499938964844,0.0,-0.0,291.002685546875,0.888763427734375,0.3652718067169189,0.3471812009811401,297.21875,297.1499938964844,293.1499938964844,0.0,-0.0,291.002685546875,0.827258825302124,0.2924351990222931,0.2058703750371933,297.2381286621094,297.1499938964844,293.1499938964844,0.0,-0.0,291.002685546875,0.8601065278053284,0.3310329020023346,0.3150288760662079,297.1072692871094,297.1499938964844,293.1499938964844,0.0,-0.0,291.002685546875,0.7860766053199768,0.2497157156467437,1.1329702138900757,291.002685546875,291.0260009765625,289.25,286.6300354003906,291.0024108886719,297.220703125,291.0027160644531,1.0,0.5049803256988525,1.0,1.0,0.2785215079784393,1.0,-2.698799133300781,2.1060056686401367,0.5927934646606445,1.495512843132019,0.0,0.0,0.0,112.71614837646484,86.0,-1.3953657150268557,-0.0,1638.302734375,1.0,293.1499938964844,293.1499938964844,293.1499938964844,293.1499938964844,293.1499938964844,293.1499938964844,278.1499938964844,0.0,18000.0,313.1499938964844,0.0,18000.0,0.0,0.0,0.0,0.0,0.0,0.0,0.0,0.0,0.0,0.0,-0.0,-0.0,0.0,0.0,0.0,0.0,0.0,-0.0,0.0,0.0,0.0,0.0,0.0,0.0,0.0,0.0,0.0,4.0,0.0,0.0
11880600,297.1898498535156,297.1499938964844,293.1499938964844,0.0,-0.0,291.002685546875,0.8091923594474792,0.2724472880363464,0.2468813210725784,297.2584533691406,297.1499938964844,293.1499938964844,0.0,-0.0,291.002685546875,0.888763427734375,0.3652718067169189,0.3471812009811401,297.21875,297.1499938964844,293.1499938964844,0.0,-0.0,291.002685546875,0.827258825302124,0.2924351990222931,0.2058703750371933,297.2381286621094,297.1499938964844,293.1499938964844,0.0,-0.0,291.002685546875,0.8601065278053284,0.3310329020023346,0.3150288760662079,297.1072692871094,297.1499938964844,293.1499938964844,0.0,-0.0,291.002685546875,0.7860766053199768,0.2497157156467437,1.1329702138900757,291.002685546875,291.0260009765625,289.25,286.6300354003906,291.0024108886719,297.220703125,291.0027160644531,1.0,0.5049803256988525,1.0,1.0,0.2785215079784393,1.0,-2.698799133300781,2.1060056686401367,0.5927934646606445,1.495512843132019,0.0,0.0,0.0,112.71614837646484,86.0,-1.3953657150268557,-0.0,1638.302734375,1.0,293.1499938964844,293.1499938964844,293.1499938964844,293.1499938964844,293.1499938964844,293.1499938964844,278.1499938964844,0.0,18000.0,313.1499938964844,0.0,18000.0,0.0,0.0,0.0,0.0,0.0,0.0,0.0,0.0,0.0,0.0,-0.0,-0.0,0.0,0.0,0.0,0.0,0.0,-0.0,0.0,0.0,0.0,0.0,0.0,0.0,0.0,0.0,0.0,4.0,0.0,0.0
11880660,297.189453125,297.1499938964844,293.1499938964844,0.0,-0.0,291.0061340332031,0.8320571780204773,0.272910863161087,0.2468727082014084,297.25689697265625,297.1499938964844,293.1499938964844,0.0,-0.0,291.00616455078125,0.9177534580230712,0.3664843142032623,0.3478729426860809,297.218017578125,297.1499938964844,293.1499938964844,0.0,-0.0,291.0061340332031,0.850884735584259,0.2932305335998535,0.2060900032520294,297.2366638183594,297.1499938964844,293.1499938964844,0.0,-0.0,291.00616455078125,0.8865067362785339,0.3319994211196899,0.3154889047145843,297.1058654785156,297.1499938964844,293.1499938964844,0.0,-0.0,291.0061340332031,0.8088847398757935,0.24902905523777,1.1277053356170654,291.0061950683594,291.0260009765625,289.25,286.6376037597656,291.0088806152344,297.2200012207031,291.00640869140625,1.0,0.4971168637275696,1.0,1.0,0.2795162796974182,1.0,-2.694108724594116,2.1000709533691406,0.5940377712249756,1.490585446357727,0.0,0.0,0.0,102.05603790283205,74.0,3.683255910873413,-0.0,1582.590576171875,1.0,293.1499938964844,293.1499938964844,293.1499938964844,293.1499938964844,293.1499938964844,293.1499938964844,278.1499938964844,0.0,18000.0,313.1499938964844,0.0,18000.0,0.0,0.0,0.0,0.0,0.0,0.0,0.0,0.0,0.0,0.0,-0.0,-0.0,0.0,0.0,0.0,0.0,0.0,-0.0,0.0,0.0,0.0,0.0,0.0,0.0,0.0,0.0,0.0,4.0,0.0,0.0
11880720,297.189453125,297.1499938964844,293.1499938964844,0.0,-0.0,291.0061340332031,0.8320571780204773,0.272910863161087,0.2468727082014084,297.25689697265625,297.1499938964844,293.1499938964844,0.0,-0.0,291.00616455078125,0.9177534580230712,0.3664843142032623,0.3478729426860809,297.218017578125,297.1499938964844,293.1499938964844,0.0,-0.0,291.0061340332031,0.850884735584259,0.2932305335998535,0.2060900032520294,297.2366638183594,297.1499938964844,293.1499938964844,0.0,-0.0,291.00616455078125,0.8865067362785339,0.3319994211196899,0.3154889047145843,297.1058654785156,297.1499938964844,293.1499938964844,0.0,-0.0,291.0061340332031,0.8088847398757935,0.24902905523777,1.1277053356170654,291.0061950683594,291.0260009765625,289.25,286.6376037597656,291.0088806152344,297.2200012207031,291.00640869140625,1.0,0.4971168637275696,1.0,1.0,0.2795162796974182,1.0,-2.694108724594116,2.1000709533691406,0.5940377712249756,1.490585446357727,0.0,0.0,0.0,102.05603790283205,74.0,3.683255910873413,-0.0,1582.590576171875,1.0,293.1499938964844,293.1499938964844,293.1499938964844,293.1499938964844,293.1499938964844,293.1499938964844,278.1499938964844,0.0,18000.0,313.1499938964844,0.0,18000.0,0.0,0.0,0.0,0.0,0.0,0.0,0.0,0.0,0.0,0.0,-0.0,-0.0,0.0,0.0,0.0,0.0,0.0,-0.0,0.0,0.0,0.0,0.0,0.0,0.0,0.0,0.0,0.0,4.0,0.0,0.0
11880780,297.19024658203125,297.1499938964844,293.1499938964844,0.0,-0.0,291.0118103027344,0.8634188771247864,0.2734887301921844,0.246947556734085,297.2567138671875,297.1499938964844,293.1499938964844,0.0,-0.0,291.0118713378906,0.9594300389289856,0.3678205907344818,0.3486620783805847,297.2187194824219,297.1499938964844,293.1499938964844,0.0,-0.0,291.0118408203125,0.8846213817596436,0.2941623032093048,0.2063904851675033,297.23663330078125,297.1499938964844,293.1499938964844,0.0,-0.0,291.0118713378906,0.924599289894104,0.3330933749675751,0.3160499334335327,297.1063537597656,297.1499938964844,293.1499938964844,0.0,-0.0,291.0118103027344,0.8377041816711426,0.2485169172286987,1.1231410503387451,291.0118713378906,291.0260009765625,289.25,286.646728515625,291.0160827636719,297.2204284667969,291.0121459960937,1.0,0.4889198243618011,1.0,1.0,0.2805110514163971,1.0,-2.6906962394714355,2.09499740600586,0.595698893070221,1.486236810684204,0.0,0.0,0.0,90.76232147216795,62.0,6.884979724884033,-0.0,1525.9461669921875,1.0,293.1499938964844,293.1499938964844,293.1499938964844,293.1499938964844,293.1499938964844,293.1499938964844,278.1499938964844,0.0,18000.0,313.1499938964844,0.0,18000.0,0.0,0.0,0.0,0.0,0.0,0.0,0.0,0.0,0.0,0.0,-0.0,-0.0,0.0,0.0,0.0,0.0,0.0,-0.0,0.0,0.0,0.0,0.0,0.0,0.0,0.0,0.0,0.0,4.0,0.0,0.0
11880840,297.19024658203125,297.1499938964844,293.1499938964844,0.0,-0.0,291.0118103027344,0.8634188771247864,0.2734887301921844,0.246947556734085,297.2567138671875,297.1499938964844,293.1499938964844,0.0,-0.0,291.0118713378906,0.9594300389289856,0.3678205907344818,0.3486620783805847,297.2187194824219,297.1499938964844,293.1499938964844,0.0,-0.0,291.0118408203125,0.8846213817596436,0.2941623032093048,0.2063904851675033,297.23663330078125,297.1499938964844,293.1499938964844,0.0,-0.0,291.0118713378906,0.924599289894104,0.3330933749675751,0.3160499334335327,297.1063537597656,297.1499938964844,293.1499938964844,0.0,-0.0,291.0118103027344,0.8377041816711426,0.2485169172286987,1.1231410503387451,291.0118713378906,291.0260009765625,289.25,286.646728515625,291.0160827636719,297.2204284667969,291.0121459960937,1.0,0.4889198243618011,1.0,1.0,0.2805110514163971,1.0,-2.6906962394714355,2.09499740600586,0.595698893070221,1.486236810684204,0.0,0.0,0.0,90.76232147216795,62.0,6.884979724884033,-0.0,1525.9461669921875,1.0,293.1499938964844,293.1499938964844,293.1499938964844,293.1499938964844,293.1499938964844,293.1499938964844,278.1499938964844,0.0,18000.0,313.1499938964844,0.0,18000.0,0.0,0.0,0.0,0.0,0.0,0.0,0.0,0.0,0.0,0.0,-0.0,-0.0,0.0,0.0,0.0,0.0,0.0,-0.0,0.0,0.0,0.0,0.0,0.0,0.0,0.0,0.0,0.0,4.0,0.0,0.0
11880900,297.19091796875,297.1499938964844,293.1499938964844,0.0,-0.0,291.0150756835937,0.8845452070236206,0.2738113403320312,0.2470115572214126,297.25701904296875,297.1499938964844,293.1499938964844,0.0,-0.0,291.01513671875,0.9821011424064636,0.3685249984264374,0.3490872681140899,297.2194519042969,297.1499938964844,293.1499938964844,0.0,-0.0,291.0151062011719,0.9069368243217468,0.2946693897247314,0.2065667957067489,297.23699951171875,297.1499938964844,293.1499938964844,0.0,-0.0,291.0151062011719,0.9505726099014282,0.3336780965328216,0.3163624405860901,297.1070861816406,297.1499938964844,293.1499938964844,0.0,-0.0,291.0150451660156,0.8565613031387329,0.2483140528202057,1.12108314037323,291.01513671875,291.0260009765625,289.25,286.6518249511719,291.01983642578125,297.2209167480469,291.01544189453125,1.0,0.4847504496574402,1.0,1.0,0.2810084223747253,1.0,-2.6893978118896484,2.092747211456299,0.5966506600379944,1.4842593669891355,0.0,0.0,0.0,84.97431182861328,62.0,7.935325622558594,-0.0,1497.5946044921875,1.0,293.1499938964844,293.1499938964844,293.1499938964844,293.1499938964844,293.1499938964844,293.1499938964844,278.1499938964844,0.0,18000.0,313.1499938964844,0.0,18000.0,0.0,0.0,0.0,0.0,0.0,0.0,0.0,0.0,0.0,0.0,-0.0,-0.0,0.0,0.0,0.0,0.0,0.0,-0.0,0.0,0.0,0.0,0.0,0.0,0.0,0.0,0.0,0.0,4.0,0.0,0.0
11880960,297.1916809082031,297.1499938964844,293.1499938964844,0.0,-0.0,291.0182189941406,0.9079824686050416,0.2741445004940033,0.2471112012863159,297.25762939453125,297.1499938964844,293.1499938964844,0.0,-0.0,291.01824951171875,0.9990000128746032,0.3692623078823089,0.3468888401985168,297.22027587890625,297.1499938964844,293.1499938964844,0.0,-0.0,291.0182189941406,0.9337891936302184,0.2951914370059967,0.2067739367485046,297.23748779296875,297.1499938964844,293.1499938964844,0.0,-0.0,291.01824951171875,0.9756134152412416,0.3342755734920501,0.3167146444320678,297.1080017089844,297.1499938964844,293.1499938964844,0.0,-0.0,291.0181884765625,0.8778768181800842,0.2481327354907989,1.119254231452942,291.0182800292969,291.0260009765625,289.25,286.6572570800781,291.0215759277344,297.22149658203125,291.0184936523437,1.0,0.4804168045520782,1.0,1.0,0.2812692523002624,1.0,-2.685391426086426,2.089148998260498,0.5962426662445068,1.481923222541809,0.0,0.0,0.0,79.62132263183594,65.0,7.762289524078369,-0.0,1467.5299072265625,1.0,293.1499938964844,293.1499938964844,293.1499938964844,293.1499938964844,293.1499938964844,293.1499938964844,278.1499938964844,0.0,18000.0,313.1499938964844,0.0,18000.0,0.0,0.0,0.0,0.0,0.0,0.0,0.0,0.0,0.0,0.0,-0.0,-0.0,0.0,0.0,0.0,0.0,0.0,-0.0,0.0,0.0,0.0,0.0,0.0,0.0,0.0,0.0,0.0,4.0,0.0,0.0
11881020,297.1928100585937,297.1499938964844,293.1499938964844,0.0,-0.0,291.02032470703125,0.9262720942497252,0.274787425994873,0.2475743293762207,297.27105712890625,297.1499938964844,293.1499938964844,0.0,-0.0,291.0203552246094,0.9990000128746032,0.3719716668128967,0.3298290967941284,297.2217712402344,297.1499938964844,293.1499938964844,0.0,-0.0,291.0203552246094,0.9528457522392272,0.2962309420108795,0.2074052691459655,297.2382507324219,297.1499938964844,293.1499938964844,0.0,-0.0,291.0203552246094,0.9907457828521729,0.3354614377021789,0.3177080452442169,297.1098937988281,297.1499938964844,293.1499938964844,0.0,-0.0,291.02032470703125,0.8925561904907227,0.247791588306427,1.1170940399169922,291.0203552246094,291.0260009765625,289.25,286.6690673828125,291.02215576171875,297.2276916503906,291.0204162597656,1.0,0.4752537310123443,1.0,1.0,0.2817908823490143,1.0,-2.6647746562957764,2.073354959487915,0.5914196372032166,1.470474362373352,0.0,0.0,0.0,75.79297637939453,83.0,4.245532035827637,-0.0,1422.0943603515625,1.0,293.1499938964844,293.1499938964844,293.1499938964844,293.1499938964844,293.1499938964844,293.1499938964844,278.1499938964844,0.0,18000.0,313.1499938964844,0.0,18000.0,0.0,0.0,0.0,0.0,0.0,0.0,0.0,0.0,0.0,0.0,-0.0,-0.0,0.0,0.0,0.0,0.0,0.0,-0.0,0.0,0.0,0.0,0.0,0.0,0.0,0.0,0.0,0.0,4.0,0.0,0.0
11881080,297.1928100585937,297.1499938964844,293.1499938964844,0.0,-0.0,291.02032470703125,0.9262720942497252,0.274787425994873,0.2475743293762207,297.27105712890625,297.1499938964844,293.1499938964844,0.0,-0.0,291.0203552246094,0.9990000128746032,0.3719716668128967,0.3298290967941284,297.2217712402344,297.1499938964844,293.1499938964844,0.0,-0.0,291.0203552246094,0.9528457522392272,0.2962309420108795,0.2074052691459655,297.2382507324219,297.1499938964844,293.1499938964844,0.0,-0.0,291.0203552246094,0.9907457828521729,0.3354614377021789,0.3177080452442169,297.1098937988281,297.1499938964844,293.1499938964844,0.0,-0.0,291.02032470703125,0.8925561904907227,0.247791588306427,1.1170940399169922,291.0203552246094,291.0260009765625,289.25,286.6690673828125,291.02215576171875,297.2276916503906,291.0204162597656,1.0,0.4752537310123443,1.0,1.0,0.2817908823490143,1.0,-2.6647746562957764,2.073354959487915,0.5914196372032166,1.470474362373352,0.0,0.0,0.0,75.79297637939453,83.0,4.245532035827637,-0.0,1422.0943603515625,1.0,293.1499938964844,293.1499938964844,293.1499938964844,293.1499938964844,293.1499938964844,293.1499938964844,278.1499938964844,0.0,18000.0,313.1499938964844,0.0,18000.0,0.0,0.0,0.0,0.0,0.0,0.0,0.0,0.0,0.0,0.0,-0.0,-0.0,0.0,0.0,0.0,0.0,0.0,-0.0,0.0,0.0,0.0,0.0,0.0,0.0,0.0,0.0,0.0,4.0,0.0,0.0
11881140,297.1944580078125,297.1499938964844,293.1499938964844,0.0,-0.0,291.0245666503906,0.9203367233276368,0.2754948437213897,0.2482330054044723,297.284912109375,297.1499938964844,293.1499938964844,0.0,-0.0,291.0246276855469,0.9990000128746032,0.3749257326126098,0.3362219035625458,297.2239685058594,297.1499938964844,293.1499938964844,0.0,-0.0,291.02459716796875,0.9474789500236512,0.2973612546920776,0.208206906914711,297.2397766113281,297.1499938964844,293.1499938964844,0.0,-0.0,291.02459716796875,0.986631155014038,0.336732417345047,0.3189262151718139,297.11285400390625,297.1499938964844,293.1499938964844,0.0,-0.0,291.0245361328125,0.8864621520042419,0.2475819140672683,1.1162139177322388,291.0246276855469,291.0260009765625,289.25,286.6820068359375,291.0299072265625,297.2352294921875,291.0250244140625,1.0,0.4782720506191253,1.0,1.0,0.2823125123977661,1.0,-2.674581527709961,2.078873634338379,0.5957078337669373,1.4733376502990725,0.0,0.0,0.0,77.25436401367188,101.0,6.863697052001953,-0.0,1442.001953125,1.0,293.1499938964844,293.1499938964844,293.1499938964844,293.1499938964844,293.1499938964844,293.1499938964844,278.1499938964844,0.0,18000.0,313.1499938964844,0.0,18000.0,0.0,0.0,0.0,0.0,0.0,0.0,0.0,0.0,0.0,0.0,-0.0,-0.0,0.0,0.0,0.0,0.0,0.0,-0.0,0.0,0.0,0.0,0.0,0.0,0.0,0.0,0.0,0.0,4.0,0.0,0.0
11881200,297.1944580078125,297.1499938964844,293.1499938964844,0.0,-0.0,291.0245666503906,0.9203367233276368,0.2754948437213897,0.2482330054044723,297.284912109375,297.1499938964844,293.1499938964844,0.0,-0.0,291.0246276855469,0.9990000128746032,0.3749257326126098,0.3362219035625458,297.2239685058594,297.1499938964844,293.1499938964844,0.0,-0.0,291.02459716796875,0.9474789500236512,0.2973612546920776,0.208206906914711,297.2397766113281,297.1499938964844,293.1499938964844,0.0,-0.0,291.02459716796875,0.986631155014038,0.336732417345047,0.3189262151718139,297.11285400390625,297.1499938964844,293.1499938964844,0.0,-0.0,291.0245361328125,0.8864621520042419,0.2475819140672683,1.1162139177322388,291.0246276855469,291.0260009765625,289.25,286.6820068359375,291.0299072265625,297.2352294921875,291.0250244140625,1.0,0.4782720506191253,1.0,1.0,0.2823125123977661,1.0,-2.674581527709961,2.078873634338379,0.5957078337669373,1.4733376502990725,0.0,0.0,0.0,77.25436401367188,101.0,6.863697052001953,-0.0,1442.001953125,1.0,293.1499938964844,293.1499938964844,293.1499938964844,293.1499938964844,293.1499938964844,293.1499938964844,278.1499938964844,0.0,18000.0,313.1499938964844,0.0,18000.0,0.0,0.0,0.0,0.0,0.0,0.0,0.0,0.0,0.0,0.0,-0.0,-0.0,0.0,0.0,0.0,0.0,0.0,-0.0,0.0,0.0,0.0,0.0,0.0,0.0,0.0,0.0,0.0,4.0,0.0,0.0
11881260,297.19610595703125,297.1499938964844,293.1499938964844,0.0,-0.0,291.0315246582031,0.8948927521705627,0.2762252390384674,0.249084934592247,297.27838134765625,297.1499938964844,293.1499938964844,0.0,-0.0,291.0315856933594,0.9944356083869934,0.375995010137558,0.3562787175178528,297.226318359375,297.1499938964844,293.1499938964844,0.0,-0.0,291.0315246582031,0.9200310707092284,0.2985369265079498,0.2091750800609588,297.2414855957031,297.1499938964844,293.1499938964844,0.0,-0.0,291.03155517578125,0.9635272026062012,0.3380438089370727,0.3203645646572113,297.1159973144531,297.1499938964844,293.1499938964844,0.0,-0.0,291.031494140625,0.8626376390457153,0.2474308013916015,1.1165034770965576,291.0315856933594,291.0260009765625,289.25,286.6958923339844,291.0372314453125,297.2333068847656,291.03204345703125,1.0,0.4870141446590423,1.0,1.0,0.2824034094810486,1.0,-2.7042508125305176,2.0993213653564453,0.6049292683601379,1.4872063398361206,0.0,0.0,0.0,83.621337890625,119.0,8.846653938293457,-0.0,1511.271240234375,1.0,293.1499938964844,293.1499938964844,293.1499938964844,293.1499938964844,293.1499938964844,293.1499938964844,278.1499938964844,0.0,18000.0,313.1499938964844,0.0,18000.0,0.0,0.0,0.0,0.0,0.0,0.0,0.0,0.0,0.0,0.0,-0.0,-0.0,0.0,0.0,0.0,0.0,0.0,-0.0,0.0,0.0,0.0,0.0,0.0,0.0,0.0,0.0,0.0,4.0,0.0,0.0
11881320,297.19610595703125,297.1499938964844,293.1499938964844,0.0,-0.0,291.0315246582031,0.8948927521705627,0.2762252390384674,0.249084934592247,297.27838134765625,297.1499938964844,293.1499938964844,0.0,-0.0,291.0315856933594,0.9944356083869934,0.375995010137558,0.3562787175178528,297.226318359375,297.1499938964844,293.1499938964844,0.0,-0.0,291.0315246582031,0.9200310707092284,0.2985369265079498,0.2091750800609588,297.2414855957031,297.1499938964844,293.1499938964844,0.0,-0.0,291.03155517578125,0.9635272026062012,0.3380438089370727,0.3203645646572113,297.1159973144531,297.1499938964844,293.1499938964844,0.0,-0.0,291.031494140625,0.8626376390457153,0.2474308013916015,1.1165034770965576,291.0315856933594,291.0260009765625,289.25,286.6958923339844,291.0372314453125,297.2333068847656,291.03204345703125,1.0,0.4870141446590423,1.0,1.0,0.2824034094810486,1.0,-2.7042508125305176,2.0993213653564453,0.6049292683601379,1.4872063398361206,0.0,0.0,0.0,83.621337890625,119.0,8.846653938293457,-0.0,1511.271240234375,1.0,293.1499938964844,293.1499938964844,293.1499938964844,293.1499938964844,293.1499938964844,293.1499938964844,278.1499938964844,0.0,18000.0,313.1499938964844,0.0,18000.0,0.0,0.0,0.0,0.0,0.0,0.0,0.0,0.0,0.0,0.0,-0.0,-0.0,0.0,0.0,0.0,0.0,0.0,-0.0,0.0,0.0,0.0,0.0,0.0,0.0,0.0,0.0,0.0,4.0,0.0,0.0
11881380,297.1963806152344,297.1499938964844,293.1499938964844,0.0,-0.0,291.035400390625,0.8485695719718933,0.2768387198448181,0.2501740455627441,297.2682800292969,297.1499938964844,293.1499938964844,0.0,-0.0,291.0354309082031,0.9449787139892578,0.3765897452831268,0.3572883307933807,297.2274169921875,297.1499938964844,293.1499938964844,0.0,-0.0,291.035400390625,0.8705865740776062,0.2996160387992859,0.2103422284126281,297.24200439453125,297.1499938964844,293.1499938964844,0.0,-0.0,291.035400390625,0.9081291556358336,0.3392562866210937,0.3220697939395904,297.1177062988281,297.1499938964844,293.1499938964844,0.0,-0.0,291.035400390625,0.8194557428359985,0.2471738308668136,1.118039846420288,291.0354309082031,291.0260009765625,289.25,286.71063232421875,291.038330078125,297.2280578613281,291.0355834960937,1.0,0.4975218474864959,1.0,1.0,0.282494306564331,1.0,-2.710781574249268,2.1036293506622314,0.6071522831916809,1.4901220798492432,0.0,0.0,0.0,97.56107330322266,137.0,5.58773946762085,-0.0,1585.5391845703125,1.0,293.1499938964844,293.1499938964844,293.1499938964844,293.1499938964844,293.1499938964844,293.1499938964844,278.1499938964844,0.0,18000.0,313.1499938964844,0.0,18000.0,0.0,0.0,0.0,0.0,0.0,0.0,0.0,0.0,0.0,0.0,-0.0,-0.0,0.0,0.0,0.0,0.0,0.0,-0.0,0.0,0.0,0.0,0.0,0.0,0.0,0.0,0.0,0.0,4.0,0.0,0.0
11881440,297.1963806152344,297.1499938964844,293.1499938964844,0.0,-0.0,291.035400390625,0.8485695719718933,0.2768387198448181,0.2501740455627441,297.2682800292969,297.1499938964844,293.1499938964844,0.0,-0.0,291.0354309082031,0.9449787139892578,0.3765897452831268,0.3572883307933807,297.2274169921875,297.1499938964844,293.1499938964844,0.0,-0.0,291.035400390625,0.8705865740776062,0.2996160387992859,0.2103422284126281,297.24200439453125,297.1499938964844,293.1499938964844,0.0,-0.0,291.035400390625,0.9081291556358336,0.3392562866210937,0.3220697939395904,297.1177062988281,297.1499938964844,293.1499938964844,0.0,-0.0,291.035400390625,0.8194557428359985,0.2471738308668136,1.118039846420288,291.0354309082031,291.0260009765625,289.25,286.71063232421875,291.038330078125,297.2280578613281,291.0355834960937,1.0,0.4975218474864959,1.0,1.0,0.282494306564331,1.0,-2.710781574249268,2.1036293506622314,0.6071522831916809,1.4901220798492432,0.0,0.0,0.0,97.56107330322266,137.0,5.58773946762085,-0.0,1585.5391845703125,1.0,293.1499938964844,293.1499938964844,293.1499938964844,293.1499938964844,293.1499938964844,293.1499938964844,278.1499938964844,0.0,18000.0,313.1499938964844,0.0,18000.0,0.0,0.0,0.0,0.0,0.0,0.0,0.0,0.0,0.0,0.0,-0.0,-0.0,0.0,0.0,0.0,0.0,0.0,-0.0,0.0,0.0,0.0,0.0,0.0,0.0,0.0,0.0,0.0,4.0,0.0,0.0
11881500,297.1962890625,297.1499938964844,293.1499938964844,0.0,-0.0,291.03668212890625,0.8304499387741089,0.2771247029304504,0.2507161200046539,297.2655334472656,297.1499938964844,293.1499938964844,0.0,-0.0,291.03668212890625,0.9202312231063844,0.3770670890808105,0.3579862117767334,297.227783203125,297.1499938964844,293.1499938964844,0.0,-0.0,291.03668212890625,0.8513086438179016,0.3001414239406585,0.2109288275241851,297.2420959472656,297.1499938964844,293.1499938964844,0.0,-0.0,291.03668212890625,0.8870024681091309,0.3398472666740417,0.3229256868362427,297.1183166503906,297.1499938964844,293.1499938964844,0.0,-0.0,291.0366516113281,0.8007926940917969,0.2470306903123855,1.1188205480575562,291.03668212890625,291.0260009765625,289.25,286.71826171875,291.0392761230469,297.2265319824219,291.0368347167969,1.0,0.5032673478126526,1.0,1.0,0.2825397551059723,1.0,-2.7149429321289062,2.1064155101776123,0.6085273027420044,1.4919613599777222,0.0,0.0,0.0,105.18439483642578,137.0,4.676907062530518,-0.0,1626.759521484375,1.0,293.1499938964844,293.1499938964844,293.1499938964844,293.1499938964844,293.1499938964844,293.1499938964844,278.1499938964844,0.0,18000.0,313.1499938964844,0.0,18000.0,0.0,0.0,0.0,0.0,0.0,0.0,0.0,0.0,0.0,0.0,-0.0,-0.0,0.0,0.0,0.0,0.0,0.0,-0.0,0.0,0.0,0.0,0.0,0.0,0.0,0.0,0.0,0.0,4.0,0.0,0.0
11881560,297.19610595703125,297.1499938964844,293.1499938964844,0.0,-0.0,291.0373229980469,0.8143737316131592,0.2773981988430023,0.2512595951557159,297.2635803222656,297.1499938964844,293.1499938964844,0.0,-0.0,291.0373229980469,0.899472177028656,0.3776063621044159,0.3587726354598999,297.2279968261719,297.1499938964844,293.1499938964844,0.0,-0.0,291.0373229980469,0.8347835540771484,0.3006576597690582,0.2115190178155899,297.2420654296875,297.1499938964844,293.1499938964844,0.0,-0.0,291.0373229980469,0.8685665130615234,0.3404280841350555,0.3237855732440948,297.11883544921875,297.1499938964844,293.1499938964844,0.0,-0.0,291.0373229980469,0.7834422588348389,0.2468789368867874,1.1196250915527344,291.0373229980469,291.0260009765625,289.25,286.7260131835937,291.0384521484375,297.225341796875,291.037353515625,1.0,0.5092134475708008,1.0,1.0,0.2823225259780884,1.0,-2.719250440597534,2.1099743843078613,0.6092760562896729,1.4945398569107056,0.0,0.0,0.0,113.15939331054688,140.0,2.9355580806732178,-0.0,1669.951171875,1.0,293.1499938964844,293.1499938964844,293.1499938964844,293.1499938964844,293.1499938964844,293.1499938964844,278.1499938964844,0.0,18000.0,313.1499938964844,0.0,18000.0,0.0,0.0,0.0,0.0,0.0,0.0,0.0,0.0,0.0,0.0,-0.0,-0.0,0.0,0.0,0.0,0.0,0.0,-0.0,0.0,0.0,0.0,0.0,0.0,0.0,0.0,0.0,0.0,4.0,0.0,0.0
11881620,297.1954040527344,297.1499938964844,293.1499938964844,0.0,-0.0,291.0364074707031,0.7948147058486938,0.2779130935668945,0.2521227896213531,297.260986328125,297.1499938964844,293.1499938964844,0.0,-0.0,291.0364074707031,0.8777389526367188,0.3787822425365448,0.3602649569511413,297.22821044921875,297.1499938964844,293.1499938964844,0.0,-0.0,291.0364074707031,0.8165324330329895,0.3016647398471832,0.2125311940908432,297.2417297363281,297.1499938964844,293.1499938964844,0.0,-0.0,291.0364074707031,0.8485540747642517,0.3415589332580566,0.3252735435962677,297.1195068359375,297.1499938964844,293.1499938964844,0.0,-0.0,291.03643798828125,0.7638188600540161,0.2465517371892929,1.1201623678207395,291.0364074707031,291.0260009765625,289.25,286.741943359375,291.0360107421875,297.2235412597656,291.0363464355469,1.0,0.5168656706809998,1.0,1.0,0.2818880975246429,1.0,-2.725733995437622,2.115691661834717,0.6100422739982605,1.4988150596618652,0.0,0.0,0.0,123.92884826660156,128.0,-0.2496800124645233,-0.0,1729.48095703125,1.0,293.1499938964844,293.1499938964844,293.1499938964844,293.1499938964844,293.1499938964844,293.1499938964844,278.1499938964844,0.0,18000.0,313.1499938964844,0.0,18000.0,0.0,0.0,0.0,0.0,0.0,0.0,0.0,0.0,0.0,0.0,-0.0,-0.0,0.0,0.0,0.0,0.0,0.0,-0.0,0.0,0.0,0.0,0.0,0.0,0.0,0.0,0.0,0.0,4.0,0.0,0.0
11881680,297.1954040527344,297.1499938964844,293.1499938964844,0.0,-0.0,291.0364074707031,0.7948147058486938,0.2779130935668945,0.2521227896213531,297.260986328125,297.1499938964844,293.1499938964844,0.0,-0.0,291.0364074707031,0.8777389526367188,0.3787822425365448,0.3602649569511413,297.22821044921875,297.1499938964844,293.1499938964844,0.0,-0.0,291.0364074707031,0.8165324330329895,0.3016647398471832,0.2125311940908432,297.2417297363281,297.1499938964844,293.1499938964844,0.0,-0.0,291.0364074707031,0.8485540747642517,0.3415589332580566,0.3252735435962677,297.1195068359375,297.1499938964844,293.1499938964844,0.0,-0.0,291.03643798828125,0.7638188600540161,0.2465517371892929,1.1201623678207395,291.0364074707031,291.0260009765625,289.25,286.741943359375,291.0360107421875,297.2235412597656,291.0363464355469,1.0,0.5168656706809998,1.0,1.0,0.2818880975246429,1.0,-2.725733995437622,2.115691661834717,0.6100422739982605,1.4988150596618652,0.0,0.0,0.0,123.92884826660156,128.0,-0.2496800124645233,-0.0,1729.48095703125,1.0,293.1499938964844,293.1499938964844,293.1499938964844,293.1499938964844,293.1499938964844,293.1499938964844,278.1499938964844,0.0,18000.0,313.1499938964844,0.0,18000.0,0.0,0.0,0.0,0.0,0.0,0.0,0.0,0.0,0.0,0.0,-0.0,-0.0,0.0,0.0,0.0,0.0,0.0,-0.0,0.0,0.0,0.0,0.0,0.0,0.0,0.0,0.0,0.0,4.0,0.0,0.0
11881740,297.19482421875,297.1499938964844,293.1499938964844,0.0,-0.0,291.034423828125,0.7927465438842773,0.2784279286861419,0.2526340782642364,297.2594909667969,297.1499938964844,293.1499938964844,0.0,-0.0,291.034423828125,0.875884473323822,0.3800348937511444,0.3614836633205414,297.2283630371094,297.1499938964844,293.1499938964844,0.0,-0.0,291.034423828125,0.8149389028549194,0.3026723265647888,0.2132717967033386,297.2413024902344,297.1499938964844,293.1499938964844,0.0,-0.0,291.034423828125,0.8468682765960693,0.3426789939403534,0.3263843357563019,297.1200866699219,297.1499938964844,293.1499938964844,0.0,-0.0,291.0344543457031,0.7611209154129028,0.2462243884801864,1.1189557313919067,291.034423828125,291.0260009765625,289.25,286.7582702636719,291.0329284667969,297.222412109375,291.0343017578125,1.0,0.5177792310714722,1.0,1.0,0.2814536690711975,1.0,-2.7285919189453125,2.11887526512146,0.6097166538238525,1.5013796091079712,0.0,0.0,0.0,125.4911117553711,116.0,-2.2583014965057373,-0.0,1740.995361328125,1.0,293.1499938964844,293.1499938964844,293.1499938964844,293.1499938964844,293.1499938964844,293.1499938964844,278.1499938964844,0.0,18000.0,313.1499938964844,0.0,18000.0,0.0,0.0,0.0,0.0,0.0,0.0,0.0,0.0,0.0,0.0,-0.0,-0.0,0.0,0.0,0.0,0.0,0.0,-0.0,0.0,0.0,0.0,0.0,0.0,0.0,0.0,0.0,0.0,4.0,0.0,0.0
11881800,297.19482421875,297.1499938964844,293.1499938964844,0.0,-0.0,291.034423828125,0.7927465438842773,0.2784279286861419,0.2526340782642364,297.2594909667969,297.1499938964844,293.1499938964844,0.0,-0.0,291.034423828125,0.875884473323822,0.3800348937511444,0.3614836633205414,297.2283630371094,297.1499938964844,293.1499938964844,0.0,-0.0,291.034423828125,0.8149389028549194,0.3026723265647888,0.2132717967033386,297.2413024902344,297.1499938964844,293.1499938964844,0.0,-0.0,291.034423828125,0.8468682765960693,0.3426789939403534,0.3263843357563019,297.1200866699219,297.1499938964844,293.1499938964844,0.0,-0.0,291.0344543457031,0.7611209154129028,0.2462243884801864,1.1189557313919067,291.034423828125,291.0260009765625,289.25,286.7582702636719,291.0329284667969,297.222412109375,291.0343017578125,1.0,0.5177792310714722,1.0,1.0,0.2814536690711975,1.0,-2.7285919189453125,2.11887526512146,0.6097166538238525,1.5013796091079712,0.0,0.0,0.0,125.4911117553711,116.0,-2.2583014965057373,-0.0,1740.995361328125,1.0,293.1499938964844,293.1499938964844,293.1499938964844,293.1499938964844,293.1499938964844,293.1499938964844,278.1499938964844,0.0,18000.0,313.1499938964844,0.0,18000.0,0.0,0.0,0.0,0.0,0.0,0.0,0.0,0.0,0.0,0.0,-0.0,-0.0,0.0,0.0,0.0,0.0,0.0,-0.0,0.0,0.0,0.0,0.0,0.0,0.0,0.0,0.0,0.0,4.0,0.0,0.0
11881860,297.1947021484375,297.1499938964844,293.1499938964844,0.0,-0.0,291.0318603515625,0.8007127046585083,0.2789827585220337,0.2529648840427398,297.2587585449219,297.1499938964844,293.1499938964844,0.0,-0.0,291.0318298339844,0.8850998282432556,0.3813470900058746,0.3625403940677643,297.2288818359375,297.1499938964844,293.1499938964844,0.0,-0.0,291.0318603515625,0.8228365182876587,0.3037164509296417,0.2138696908950805,297.2411804199219,297.1499938964844,293.1499938964844,0.0,-0.0,291.0318298339844,0.855277419090271,0.343822032213211,0.327289342880249,297.1209411621094,297.1499938964844,293.1499938964844,0.0,-0.0,291.0318603515625,0.7677075266838074,0.2459340840578079,1.1168314218521118,291.0318298339844,291.0260009765625,289.25,286.7748107910156,291.0299377441406,297.2218933105469,291.0317077636719,1.0,0.5149973630905151,1.0,1.0,0.281073659658432,1.0,-2.7295138835906982,2.12056565284729,0.6089482307434082,1.502852201461792,0.0,0.0,0.0,121.38116455078124,104.0,-3.24721097946167,-0.0,1723.2471923828125,1.0,293.1499938964844,293.1499938964844,293.1499938964844,293.1499938964844,293.1499938964844,293.1499938964844,278.1499938964844,0.0,18000.0,313.1499938964844,0.0,18000.0,0.0,0.0,0.0,0.0,0.0,0.0,0.0,0.0,0.0,0.0,-0.0,-0.0,0.0,0.0,0.0,0.0,0.0,-0.0,0.0,0.0,0.0,0.0,0.0,0.0,0.0,0.0,0.0,4.0,0.0,0.0
11881920,297.1947021484375,297.1499938964844,293.1499938964844,0.0,-0.0,291.0318603515625,0.8007127046585083,0.2789827585220337,0.2529648840427398,297.2587585449219,297.1499938964844,293.1499938964844,0.0,-0.0,291.0318298339844,0.8850998282432556,0.3813470900058746,0.3625403940677643,297.2288818359375,297.1499938964844,293.1499938964844,0.0,-0.0,291.0318603515625,0.8228365182876587,0.3037164509296417,0.2138696908950805,297.2411804199219,297.1499938964844,293.1499938964844,0.0,-0.0,291.0318298339844,0.855277419090271,0.343822032213211,0.327289342880249,297.1209411621094,297.1499938964844,293.1499938964844,0.0,-0.0,291.0318603515625,0.7677075266838074,0.2459340840578079,1.1168314218521118,291.0318298339844,291.0260009765625,289.25,286.7748107910156,291.0299377441406,297.2218933105469,291.0317077636719,1.0,0.5149973630905151,1.0,1.0,0.281073659658432,1.0,-2.7295138835906982,2.12056565284729,0.6089482307434082,1.502852201461792,0.0,0.0,0.0,121.38116455078124,104.0,-3.24721097946167,-0.0,1723.2471923828125,1.0,293.1499938964844,293.1499938964844,293.1499938964844,293.1499938964844,293.1499938964844,293.1499938964844,278.1499938964844,0.0,18000.0,313.1499938964844,0.0,18000.0,0.0,0.0,0.0,0.0,0.0,0.0,0.0,0.0,0.0,0.0,-0.0,-0.0,0.0,0.0,0.0,0.0,0.0,-0.0,0.0,0.0,0.0,0.0,0.0,0.0,0.0,0.0,0.0,4.0,0.0,0.0
11881980,297.1950378417969,297.1499938964844,293.1499938964844,0.0,-0.0,291.029052734375,0.8154153823852539,0.2795835733413696,0.2532159686088562,297.2585754394531,297.1499938964844,293.1499938964844,0.0,-0.0,291.0290222167969,0.9023765921592712,0.3827061951160431,0.3635169863700866,297.2297668457031,297.1499938964844,293.1499938964844,0.0,-0.0,291.0290222167969,0.8373450636863708,0.3048059344291687,0.2144045531749725,297.24139404296875,297.1499938964844,293.1499938964844,0.0,-0.0,291.0290222167969,0.8713322281837463,0.3449977338314056,0.3280967473983764,297.1222229003906,297.1499938964844,293.1499938964844,0.0,-0.0,291.029052734375,0.7811691761016846,0.2456936240196228,1.1143182516098022,291.0290222167969,291.0260009765625,289.25,286.7914428710937,291.0268859863281,297.2218933105469,291.0289001464844,1.0,0.5100096464157104,1.0,1.0,0.2806936204433441,1.0,-2.7295825481414795,2.121654987335205,0.6079274415969849,1.5039066076278689,0.0,0.0,0.0,114.02001190185548,92.0,-3.76229190826416,-0.0,1689.09765625,1.0,293.1499938964844,293.1499938964844,293.1499938964844,293.1499938964844,293.1499938964844,293.1499938964844,278.1499938964844,0.0,18000.0,313.1499938964844,0.0,18000.0,0.0,0.0,0.0,0.0,0.0,0.0,0.0,0.0,0.0,0.0,-0.0,-0.0,0.0,0.0,0.0,0.0,0.0,-0.0,0.0,0.0,0.0,0.0,0.0,0.0,0.0,0.0,0.0,4.0,0.0,0.0
11882040,297.1950378417969,297.1499938964844,293.1499938964844,0.0,-0.0,291.029052734375,0.8154153823852539,0.2795835733413696,0.2532159686088562,297.2585754394531,297.1499938964844,293.1499938964844,0.0,-0.0,291.0290222167969,0.9023765921592712,0.3827061951160431,0.3635169863700866,297.2297668457031,297.1499938964844,293.1499938964844,0.0,-0.0,291.0290222167969,0.8373450636863708,0.3048059344291687,0.2144045531749725,297.24139404296875,297.1499938964844,293.1499938964844,0.0,-0.0,291.0290222167969,0.8713322281837463,0.3449977338314056,0.3280967473983764,297.1222229003906,297.1499938964844,293.1499938964844,0.0,-0.0,291.029052734375,0.7811691761016846,0.2456936240196228,1.1143182516098022,291.0290222167969,291.0260009765625,289.25,286.7914428710937,291.0268859863281,297.2218933105469,291.0289001464844,1.0,0.5100096464157104,1.0,1.0,0.2806936204433441,1.0,-2.7295825481414795,2.121654987335205,0.6079274415969849,1.5039066076278689,0.0,0.0,0.0,114.02001190185548,92.0,-3.76229190826416,-0.0,1689.09765625,1.0,293.1499938964844,293.1499938964844,293.1499938964844,293.1499938964844,293.1499938964844,293.1499938964844,278.1499938964844,0.0,18000.0,313.1499938964844,0.0,18000.0,0.0,0.0,0.0,0.0,0.0,0.0,0.0,0.0,0.0,0.0,-0.0,-0.0,0.0,0.0,0.0,0.0,0.0,-0.0,0.0,0.0,0.0,0.0,0.0,0.0,0.0,0.0,0.0,4.0,0.0,0.0
11882100,297.19537353515625,297.1499938964844,293.1499938964844,0.0,-0.0,291.027587890625,0.8246564865112305,0.2799000442028045,0.2533274888992309,297.2586364746094,297.1499938964844,293.1499938964844,0.0,-0.0,291.0275573730469,0.9145078659057616,0.3834001421928406,0.3639893233776092,297.2303466796875,297.1499938964844,293.1499938964844,0.0,-0.0,291.027587890625,0.8471163511276245,0.3053675293922424,0.2146614044904709,297.2416076660156,297.1499938964844,293.1499938964844,0.0,-0.0,291.0275573730469,0.8822155594825745,0.345598042011261,0.3284818828105926,297.1229858398437,297.1499938964844,293.1499938964844,0.0,-0.0,291.027587890625,0.7903894186019897,0.24559286236763,1.113004446029663,291.0275573730469,291.0260009765625,289.25,286.7997436523437,291.0253601074219,297.2220153808594,291.0274353027344,1.0,0.5069862604141235,1.0,1.0,0.2805036306381225,1.0,-2.729476928710937,2.1221020221710205,0.6073749661445618,1.5043655633926392,0.0,0.0,0.0,109.56501770019533,92.0,-3.912875890731812,-0.0,1668.2138671875,1.0,293.1499938964844,293.1499938964844,293.1499938964844,293.1499938964844,293.1499938964844,293.1499938964844,278.1499938964844,0.0,18000.0,313.1499938964844,0.0,18000.0,0.0,0.0,0.0,0.0,0.0,0.0,0.0,0.0,0.0,0.0,-0.0,-0.0,0.0,0.0,0.0,0.0,0.0,-0.0,0.0,0.0,0.0,0.0,0.0,0.0,0.0,0.0,0.0,4.0,0.0,0.0
11882160,297.1957702636719,297.1499938964844,293.1499938964844,0.0,-0.0,291.02642822265625,0.8354209661483765,0.2802264094352722,0.2534349262714386,297.2587890625,297.1499938964844,293.1499938964844,0.0,-0.0,291.0263977050781,0.9296881556510924,0.3841025531291961,0.3644560873508453,297.2309875488281,297.1499938964844,293.1499938964844,0.0,-0.0,291.02642822265625,0.8588590025901794,0.3059398829936981,0.2149156183004379,297.24188232421875,297.1499938964844,293.1499938964844,0.0,-0.0,291.0263977050781,0.8951281309127808,0.346206396818161,0.3288608491420746,297.12384033203125,297.1499938964844,293.1499938964844,0.0,-0.0,291.02642822265625,0.8013335466384888,0.2455047219991684,1.1116820573806765,291.0263977050781,291.0260009765625,289.25,286.8080139160156,291.0248413085937,297.22222900390625,291.0263366699219,1.0,0.5037211179733276,1.0,1.0,0.2804571092128753,1.0,-2.7293386459350586,2.122159004211426,0.6071798205375671,1.5044426918029783,0.0,0.0,0.0,104.76136779785156,80.0,-3.3628506660461426,-0.0,1645.6602783203125,1.0,293.1499938964844,293.1499938964844,293.1499938964844,293.1499938964844,293.1499938964844,293.1499938964844,278.1499938964844,0.0,18000.0,313.1499938964844,0.0,18000.0,0.0,0.0,0.0,0.0,0.0,0.0,0.0,0.0,0.0,0.0,-0.0,-0.0,0.0,0.0,0.0,0.0,0.0,-0.0,0.0,0.0,0.0,0.0,0.0,0.0,0.0,0.0,0.0,4.0,0.0,0.0
11882220,297.1968078613281,297.1499938964844,293.1499938964844,0.0,-0.0,291.02520751953125,0.8637167811393738,0.2809123396873474,0.2536504566669464,297.25933837890625,297.1499938964844,293.1499938964844,0.0,-0.0,291.02520751953125,0.9663904905319214,0.385535717010498,0.3653857707977295,297.2325134277344,297.1499938964844,293.1499938964844,0.0,-0.0,291.02520751953125,0.8898179531097412,0.3071208298206329,0.2154265344142913,297.2427062988281,297.1499938964844,293.1499938964844,0.0,-0.0,291.02520751953125,0.930483102798462,0.347451239824295,0.3296143710613251,297.1257629394531,297.1499938964844,293.1499938964844,0.0,-0.0,291.02520751953125,0.8277537226676941,0.2453695386648178,1.1090766191482544,291.02520751953125,291.0260009765625,289.25,286.8243713378906,291.024169921875,297.222900390625,291.025146484375,1.0,0.4966641664505005,1.0,1.0,0.2803640365600586,1.0,-2.7291030883789062,2.122251272201538,0.6068519353866577,1.5045642852783203,0.0,0.0,0.0,94.3983383178711,68.0,-2.1328604221343994,-0.0,1597.102294921875,1.0,293.1499938964844,293.1499938964844,293.1499938964844,293.1499938964844,293.1499938964844,293.1499938964844,278.1499938964844,0.0,18000.0,313.1499938964844,0.0,18000.0,0.0,0.0,0.0,0.0,0.0,0.0,0.0,0.0,0.0,0.0,-0.0,-0.0,0.0,0.0,0.0,0.0,0.0,-0.0,0.0,0.0,0.0,0.0,0.0,0.0,0.0,0.0,0.0,4.0,0.0,0.0
11882280,297.1968078613281,297.1499938964844,293.1499938964844,0.0,-0.0,291.02520751953125,0.8637167811393738,0.2809123396873474,0.2536504566669464,297.25933837890625,297.1499938964844,293.1499938964844,0.0,-0.0,291.02520751953125,0.9663904905319214,0.385535717010498,0.3653857707977295,297.2325134277344,297.1499938964844,293.1499938964844,0.0,-0.0,291.02520751953125,0.8898179531097412,0.3071208298206329,0.2154265344142913,297.2427062988281,297.1499938964844,293.1499938964844,0.0,-0.0,291.02520751953125,0.930483102798462,0.347451239824295,0.3296143710613251,297.1257629394531,297.1499938964844,293.1499938964844,0.0,-0.0,291.02520751953125,0.8277537226676941,0.2453695386648178,1.1090766191482544,291.02520751953125,291.0260009765625,289.25,286.8243713378906,291.024169921875,297.222900390625,291.025146484375,1.0,0.4966641664505005,1.0,1.0,0.2803640365600586,1.0,-2.7291030883789062,2.122251272201538,0.6068519353866577,1.5045642852783203,0.0,0.0,0.0,94.3983383178711,68.0,-2.1328604221343994,-0.0,1597.102294921875,1.0,293.1499938964844,293.1499938964844,293.1499938964844,293.1499938964844,293.1499938964844,293.1499938964844,278.1499938964844,0.0,18000.0,313.1499938964844,0.0,18000.0,0.0,0.0,0.0,0.0,0.0,0.0,0.0,0.0,0.0,0.0,-0.0,-0.0,0.0,0.0,0.0,0.0,0.0,-0.0,0.0,0.0,0.0,0.0,0.0,0.0,0.0,0.0,0.0,4.0,0.0,0.0
11882340,297.1980285644531,297.1499938964844,293.1499938964844,0.0,-0.0,291.0245361328125,0.9025373458862304,0.2816281020641327,0.2539038062095642,297.260498046875,297.1499938964844,293.1499938964844,0.0,-0.0,291.0245361328125,0.9990000128746032,0.3870372176170349,0.3625476658344269,297.23419189453125,297.1499938964844,293.1499938964844,0.0,-0.0,291.0245361328125,0.9335700273513794,0.3083368837833404,0.2159702181816101,297.2436218261719,297.1499938964844,293.1499938964844,0.0,-0.0,291.0245361328125,0.975065052509308,0.3487212359905243,0.330402672290802,297.1278686523437,297.1499938964844,293.1499938964844,0.0,-0.0,291.0245361328125,0.861720085144043,0.2452763766050338,1.106711983680725,291.0245361328125,291.0260009765625,289.25,286.84039306640625,291.0229797363281,297.2238464355469,291.02447509765625,1.0,0.4889564216136932,1.0,1.0,0.2802709937095642,1.0,-2.72521710395813,2.1197404861450195,0.6054764986038208,1.5032402276992798,0.0,0.0,0.0,83.99430084228516,71.0,-1.4952588081359863,-0.0,1542.9302978515625,1.0,293.1499938964844,293.1499938964844,293.1499938964844,293.1499938964844,293.1499938964844,293.1499938964844,278.1499938964844,0.0,18000.0,313.1499938964844,0.0,18000.0,0.0,0.0,0.0,0.0,0.0,0.0,0.0,0.0,0.0,0.0,-0.0,-0.0,0.0,0.0,0.0,0.0,0.0,-0.0,0.0,0.0,0.0,0.0,0.0,0.0,0.0,0.0,0.0,4.0,0.0,0.0
11882400,297.1980285644531,297.1499938964844,293.1499938964844,0.0,-0.0,291.0245361328125,0.9025373458862304,0.2816281020641327,0.2539038062095642,297.260498046875,297.1499938964844,293.1499938964844,0.0,-0.0,291.0245361328125,0.9990000128746032,0.3870372176170349,0.3625476658344269,297.23419189453125,297.1499938964844,293.1499938964844,0.0,-0.0,291.0245361328125,0.9335700273513794,0.3083368837833404,0.2159702181816101,297.2436218261719,297.1499938964844,293.1499938964844,0.0,-0.0,291.0245361328125,0.975065052509308,0.3487212359905243,0.330402672290802,297.1278686523437,297.1499938964844,293.1499938964844,0.0,-0.0,291.0245361328125,0.861720085144043,0.2452763766050338,1.106711983680725,291.0245361328125,291.0260009765625,289.25,286.84039306640625,291.0229797363281,297.2238464355469,291.02447509765625,1.0,0.4889564216136932,1.0,1.0,0.2802709937095642,1.0,-2.72521710395813,2.1197404861450195,0.6054764986038208,1.5032402276992798,0.0,0.0,0.0,83.99430084228516,71.0,-1.4952588081359863,-0.0,1542.9302978515625,1.0,293.1499938964844,293.1499938964844,293.1499938964844,293.1499938964844,293.1499938964844,293.1499938964844,278.1499938964844,0.0,18000.0,313.1499938964844,0.0,18000.0,0.0,0.0,0.0,0.0,0.0,0.0,0.0,0.0,0.0,0.0,-0.0,-0.0,0.0,0.0,0.0,0.0,0.0,-0.0,0.0,0.0,0.0,0.0,0.0,0.0,0.0,0.0,0.0,4.0,0.0,0.0
11882460,297.1988220214844,297.1499938964844,293.1499938964844,0.0,-0.0,291.0221862792969,0.9178030490875244,0.2823169827461242,0.2544140517711639,297.2738037109375,297.1499938964844,293.1499938964844,0.0,-0.0,291.0221862792969,0.9990000128746032,0.3897720575332641,0.3470656871795654,297.23553466796875,297.1499938964844,293.1499938964844,0.0,-0.0,291.0221862792969,0.9504067897796632,0.3095373511314392,0.2167201191186905,297.2442321777344,297.1499938964844,293.1499938964844,0.0,-0.0,291.0221862792969,0.9884777665138244,0.3499685525894165,0.3314628601074219,297.12969970703125,297.1499938964844,293.1499938964844,0.0,-0.0,291.0221862792969,0.8741245269775391,0.2451803535223007,1.1057145595550537,291.0221862792969,291.0260009765625,289.25,286.8558959960937,291.02056884765625,297.2296142578125,291.0220642089844,1.0,0.4844558835029602,1.0,1.0,0.2803356349468231,1.0,-2.707751989364624,2.107372760772705,0.600379228591919,1.4945522546768188,0.0,0.0,0.0,80.42127990722656,89.0,-2.540971040725708,-0.0,1502.1226806640625,1.0,293.1499938964844,293.1499938964844,293.1499938964844,293.1499938964844,293.1499938964844,293.1499938964844,278.1499938964844,0.0,18000.0,313.1499938964844,0.0,18000.0,0.0,0.0,0.0,0.0,0.0,0.0,0.0,0.0,0.0,0.0,-0.0,-0.0,0.0,0.0,0.0,0.0,0.0,-0.0,0.0,0.0,0.0,0.0,0.0,0.0,0.0,0.0,0.0,4.0,0.0,0.0
11882520,297.1988220214844,297.1499938964844,293.1499938964844,0.0,-0.0,291.0221862792969,0.9178030490875244,0.2823169827461242,0.2544140517711639,297.2738037109375,297.1499938964844,293.1499938964844,0.0,-0.0,291.0221862792969,0.9990000128746032,0.3897720575332641,0.3470656871795654,297.23553466796875,297.1499938964844,293.1499938964844,0.0,-0.0,291.0221862792969,0.9504067897796632,0.3095373511314392,0.2167201191186905,297.2442321777344,297.1499938964844,293.1499938964844,0.0,-0.0,291.0221862792969,0.9884777665138244,0.3499685525894165,0.3314628601074219,297.12969970703125,297.1499938964844,293.1499938964844,0.0,-0.0,291.0221862792969,0.8741245269775391,0.2451803535223007,1.1057145595550537,291.0221862792969,291.0260009765625,289.25,286.8558959960937,291.02056884765625,297.2296142578125,291.0220642089844,1.0,0.4844558835029602,1.0,1.0,0.2803356349468231,1.0,-2.707751989364624,2.107372760772705,0.600379228591919,1.4945522546768188,0.0,0.0,0.0,80.42127990722656,89.0,-2.540971040725708,-0.0,1502.1226806640625,1.0,293.1499938964844,293.1499938964844,293.1499938964844,293.1499938964844,293.1499938964844,293.1499938964844,278.1499938964844,0.0,18000.0,313.1499938964844,0.0,18000.0,0.0,0.0,0.0,0.0,0.0,0.0,0.0,0.0,0.0,0.0,-0.0,-0.0,0.0,0.0,0.0,0.0,0.0,-0.0,0.0,0.0,0.0,0.0,0.0,0.0,0.0,0.0,0.0,4.0,0.0,0.0
11882580,297.2000732421875,297.1499938964844,293.1499938964844,0.0,-0.0,291.0227355957031,0.9116145372390748,0.2830635607242584,0.2551172077655792,297.286376953125,297.1499938964844,293.1499938964844,0.0,-0.0,291.02276611328125,0.9990000128746032,0.3926310837268829,0.3542845547199249,297.2374267578125,297.1499938964844,293.1499938964844,0.0,-0.0,291.0227355957031,0.9446210265159608,0.3108125925064087,0.2176311314105987,297.2454528808594,297.1499938964844,293.1499938964844,0.0,-0.0,291.0227355957031,0.983872413635254,0.3512851893901825,0.3327353894710541,297.1322631835937,297.1499938964844,293.1499938964844,0.0,-0.0,291.022705078125,0.8681317567825317,0.2451827377080917,1.105857253074646,291.02276611328125,291.0260009765625,289.25,286.87078857421875,291.0249938964844,297.2362365722656,291.02301025390625,1.0,0.4879949390888214,1.0,1.0,0.2804002463817596,1.0,-2.72003173828125,2.115859270095825,0.6041723489761353,1.499844312667847,0.0,0.0,0.0,82.19316864013672,107.0,1.2048602104187012,-0.0,1527.5264892578125,1.0,293.1499938964844,293.1499938964844,293.1499938964844,293.1499938964844,293.1499938964844,293.1499938964844,278.1499938964844,0.0,18000.0,313.1499938964844,0.0,18000.0,0.0,0.0,0.0,0.0,0.0,0.0,0.0,0.0,0.0,0.0,-0.0,-0.0,0.0,0.0,0.0,0.0,0.0,-0.0,0.0,0.0,0.0,0.0,0.0,0.0,0.0,0.0,0.0,4.0,0.0,0.0
11882640,297.2000732421875,297.1499938964844,293.1499938964844,0.0,-0.0,291.0227355957031,0.9116145372390748,0.2830635607242584,0.2551172077655792,297.286376953125,297.1499938964844,293.1499938964844,0.0,-0.0,291.02276611328125,0.9990000128746032,0.3926310837268829,0.3542845547199249,297.2374267578125,297.1499938964844,293.1499938964844,0.0,-0.0,291.0227355957031,0.9446210265159608,0.3108125925064087,0.2176311314105987,297.2454528808594,297.1499938964844,293.1499938964844,0.0,-0.0,291.0227355957031,0.983872413635254,0.3512851893901825,0.3327353894710541,297.1322631835937,297.1499938964844,293.1499938964844,0.0,-0.0,291.022705078125,0.8681317567825317,0.2451827377080917,1.105857253074646,291.02276611328125,291.0260009765625,289.25,286.87078857421875,291.0249938964844,297.2362365722656,291.02301025390625,1.0,0.4879949390888214,1.0,1.0,0.2804002463817596,1.0,-2.72003173828125,2.115859270095825,0.6041723489761353,1.499844312667847,0.0,0.0,0.0,82.19316864013672,107.0,1.2048602104187012,-0.0,1527.5264892578125,1.0,293.1499938964844,293.1499938964844,293.1499938964844,293.1499938964844,293.1499938964844,293.1499938964844,278.1499938964844,0.0,18000.0,313.1499938964844,0.0,18000.0,0.0,0.0,0.0,0.0,0.0,0.0,0.0,0.0,0.0,0.0,-0.0,-0.0,0.0,0.0,0.0,0.0,0.0,-0.0,0.0,0.0,0.0,0.0,0.0,0.0,0.0,0.0,0.0,4.0,0.0,0.0
11882700,297.2007751464844,297.1499938964844,293.1499938964844,0.0,-0.0,291.0247802734375,0.9025261998176576,0.2834490835666656,0.2555342316627502,297.28521728515625,297.1499938964844,293.1499938964844,0.0,-0.0,291.0248107910156,0.9990000128746032,0.3933828771114349,0.3648887872695923,297.23846435546875,297.1499938964844,293.1499938964844,0.0,-0.0,291.0247802734375,0.9348621368408204,0.3114688694477081,0.2181420475244522,297.2461853027344,297.1499938964844,293.1499938964844,0.0,-0.0,291.0248107910156,0.975891411304474,0.3519604206085205,0.3334448039531708,297.1336364746094,297.1499938964844,293.1499938964844,0.0,-0.0,291.0247497558594,0.8597885370254517,0.2452050149440765,1.1063092947006226,291.0248107910156,291.0260009765625,289.25,286.8779602050781,291.0285949707031,297.236328125,291.0251770019531,1.0,0.4920284748077392,1.0,1.0,0.2804325520992279,1.0,-2.735275983810425,2.1264662742614746,0.6088097095489502,1.506914496421814,0.0,0.0,0.0,84.77398681640625,107.0,3.621675968170166,-0.0,1561.123046875,1.0,293.1499938964844,293.1499938964844,293.1499938964844,293.1499938964844,293.1499938964844,293.1499938964844,278.1499938964844,0.0,18000.0,313.1499938964844,0.0,18000.0,0.0,0.0,0.0,0.0,0.0,0.0,0.0,0.0,0.0,0.0,-0.0,-0.0,0.0,0.0,0.0,0.0,0.0,-0.0,0.0,0.0,0.0,0.0,0.0,0.0,0.0,0.0,0.0,4.0,0.0,0.0
11882760,297.2012939453125,297.1499938964844,293.1499938964844,0.0,-0.0,291.02801513671875,0.8861238956451416,0.2838205993175506,0.2560325860977173,297.27880859375,297.1499938964844,293.1499938964844,0.0,-0.0,291.028076171875,0.9918020367622375,0.3936125636100769,0.3730047047138214,297.2393493652344,297.1499938964844,293.1499938964844,0.0,-0.0,291.0280456542969,0.915934443473816,0.312114804983139,0.2187189310789108,297.2467346191406,297.1499938964844,293.1499938964844,0.0,-0.0,291.0280456542969,0.95892733335495,0.3526244163513183,0.3342425525188446,297.134765625,297.1499938964844,293.1499938964844,0.0,-0.0,291.0279846191406,0.844725489616394,0.2452131956815719,1.1071773767471311,291.028076171875,291.0260009765625,289.25,286.8848876953125,291.0316467285156,297.2337341308594,291.0284423828125,1.0,0.496942400932312,1.0,1.0,0.2804931700229645,1.0,-2.747933864593506,2.1351099014282227,0.6128239035606384,1.5131815671920776,0.0,0.0,0.0,89.421630859375,125.0,5.791225433349609,-0.0,1601.2449951171875,1.0,293.1499938964844,293.1499938964844,293.1499938964844,293.1499938964844,293.1499938964844,293.1499938964844,278.1499938964844,0.0,18000.0,313.1499938964844,0.0,18000.0,0.0,0.0,0.0,0.0,0.0,0.0,0.0,0.0,0.0,0.0,-0.0,-0.0,0.0,0.0,0.0,0.0,0.0,-0.0,0.0,0.0,0.0,0.0,0.0,0.0,0.0,0.0,0.0,4.0,0.0,0.0
11882820,297.2013854980469,297.1499938964844,293.1499938964844,0.0,-0.0,291.0310363769531,0.8452528119087219,0.2844796180725097,0.2571480870246887,297.2692565917969,297.1499938964844,293.1499938964844,0.0,-0.0,291.03106689453125,0.9471458792686462,0.3942691087722778,0.374052494764328,297.2402038574219,297.1499938964844,293.1499938964844,0.0,-0.0,291.0310363769531,0.8720604777336121,0.3133342564105987,0.2199731916189193,297.2470092773437,297.1499938964844,293.1499938964844,0.0,-0.0,291.03106689453125,0.9089665412902832,0.3538790941238403,0.3359730839729309,297.1359558105469,297.1499938964844,293.1499938964844,0.0,-0.0,291.0310363769531,0.8069881200790405,0.2451430857181549,1.1094924211502075,291.03106689453125,291.0260009765625,289.25,286.8980712890625,291.0335388183594,297.2290954589844,291.0312194824219,1.0,0.5076343417167664,1.0,1.0,0.2806143760681152,1.0,-2.7573177814483643,2.1413722038269043,0.61594557762146,1.5171637535095217,0.0,0.0,0.0,103.3017120361328,143.0,4.303260803222656,-0.0,1679.8597412109375,1.0,293.1499938964844,293.1499938964844,293.1499938964844,293.1499938964844,293.1499938964844,293.1499938964844,278.1499938964844,0.0,18000.0,313.1499938964844,0.0,18000.0,0.0,0.0,0.0,0.0,0.0,0.0,0.0,0.0,0.0,0.0,-0.0,-0.0,0.0,0.0,0.0,0.0,0.0,-0.0,0.0,0.0,0.0,0.0,0.0,0.0,0.0,0.0,0.0,4.0,0.0,0.0
11882880,297.2013854980469,297.1499938964844,293.1499938964844,0.0,-0.0,291.0310363769531,0.8452528119087219,0.2844796180725097,0.2571480870246887,297.2692565917969,297.1499938964844,293.1499938964844,0.0,-0.0,291.03106689453125,0.9471458792686462,0.3942691087722778,0.374052494764328,297.2402038574219,297.1499938964844,293.1499938964844,0.0,-0.0,291.0310363769531,0.8720604777336121,0.3133342564105987,0.2199731916189193,297.2470092773437,297.1499938964844,293.1499938964844,0.0,-0.0,291.03106689453125,0.9089665412902832,0.3538790941238403,0.3359730839729309,297.1359558105469,297.1499938964844,293.1499938964844,0.0,-0.0,291.0310363769531,0.8069881200790405,0.2451430857181549,1.1094924211502075,291.03106689453125,291.0260009765625,289.25,286.8980712890625,291.0335388183594,297.2290954589844,291.0312194824219,1.0,0.5076343417167664,1.0,1.0,0.2806143760681152,1.0,-2.7573177814483643,2.1413722038269043,0.61594557762146,1.5171637535095217,0.0,0.0,0.0,103.3017120361328,143.0,4.303260803222656,-0.0,1679.8597412109375,1.0,293.1499938964844,293.1499938964844,293.1499938964844,293.1499938964844,293.1499938964844,293.1499938964844,278.1499938964844,0.0,18000.0,313.1499938964844,0.0,18000.0,0.0,0.0,0.0,0.0,0.0,0.0,0.0,0.0,0.0,0.0,-0.0,-0.0,0.0,0.0,0.0,0.0,0.0,-0.0,0.0,0.0,0.0,0.0,0.0,0.0,0.0,0.0,0.0,4.0,0.0,0.0
11882940,297.20098876953125,297.1499938964844,293.1499938964844,0.0,-0.0,291.0336608886719,0.8134187459945679,0.2850916087627411,0.2582809627056122,297.2647399902344,297.1499938964844,293.1499938964844,0.0,-0.0,291.03369140625,0.903989553451538,0.3953174352645874,0.3755728304386139,297.2406311035156,297.1499938964844,293.1499938964844,0.0,-0.0,291.03369140625,0.8383892178535461,0.314519464969635,0.2212505340576172,297.2469177246094,297.1499938964844,293.1499938964844,0.0,-0.0,291.03369140625,0.8717685341835022,0.3550968468189239,0.3377328515052795,297.1366271972656,297.1499938964844,293.1499938964844,0.0,-0.0,291.0336608886719,0.7733478546142578,0.2450309991836547,1.1119099855422974,291.03369140625,291.0260009765625,289.25,286.91015625,291.0360717773437,297.2266845703125,291.0338439941406,1.0,0.5193794965744019,1.0,1.0,0.280735582113266,1.0,-2.7670609951019287,2.1478638648986816,0.6191971898078918,1.5214457511901855,0.0,0.0,0.0,119.03585052490234,146.0,3.8967366218566895,-0.0,1768.53662109375,1.0,293.1499938964844,293.1499938964844,293.1499938964844,293.1499938964844,293.1499938964844,293.1499938964844,278.1499938964844,0.0,18000.0,313.1499938964844,0.0,18000.0,0.0,0.0,0.0,0.0,0.0,0.0,0.0,0.0,0.0,0.0,-0.0,-0.0,0.0,0.0,0.0,0.0,0.0,-0.0,0.0,0.0,0.0,0.0,0.0,0.0,0.0,0.0,0.0,4.0,0.0,0.0
11883000,297.20098876953125,297.1499938964844,293.1499938964844,0.0,-0.0,291.0336608886719,0.8134187459945679,0.2850916087627411,0.2582809627056122,297.2647399902344,297.1499938964844,293.1499938964844,0.0,-0.0,291.03369140625,0.903989553451538,0.3953174352645874,0.3755728304386139,297.2406311035156,297.1499938964844,293.1499938964844,0.0,-0.0,291.03369140625,0.8383892178535461,0.314519464969635,0.2212505340576172,297.2469177246094,297.1499938964844,293.1499938964844,0.0,-0.0,291.03369140625,0.8717685341835022,0.3550968468189239,0.3377328515052795,297.1366271972656,297.1499938964844,293.1499938964844,0.0,-0.0,291.0336608886719,0.7733478546142578,0.2450309991836547,1.1119099855422974,291.03369140625,291.0260009765625,289.25,286.91015625,291.0360717773437,297.2266845703125,291.0338439941406,1.0,0.5193794965744019,1.0,1.0,0.280735582113266,1.0,-2.7670609951019287,2.1478638648986816,0.6191971898078918,1.5214457511901855,0.0,0.0,0.0,119.03585052490234,146.0,3.8967366218566895,-0.0,1768.53662109375,1.0,293.1499938964844,293.1499938964844,293.1499938964844,293.1499938964844,293.1499938964844,293.1499938964844,278.1499938964844,0.0,18000.0,313.1499938964844,0.0,18000.0,0.0,0.0,0.0,0.0,0.0,0.0,0.0,0.0,0.0,0.0,-0.0,-0.0,0.0,0.0,0.0,0.0,0.0,-0.0,0.0,0.0,0.0,0.0,0.0,0.0,0.0,0.0,0.0,4.0,0.0,0.0
11883060,297.20037841796875,297.1499938964844,293.1499938964844,0.0,-0.0,291.0345458984375,0.7950641512870789,0.2856746912002563,0.2592004835605621,297.2623291015625,297.1499938964844,293.1499938964844,0.0,-0.0,291.0345458984375,0.8833997249603271,0.3965261876583099,0.3770939409732818,297.2407531738281,297.1499938964844,293.1499938964844,0.0,-0.0,291.0345458984375,0.8212918043136597,0.3156823515892029,0.2223677933216095,297.2465209960937,297.1499938964844,293.1499938964844,0.0,-0.0,291.0345458984375,0.8527699112892151,0.356286346912384,0.3392713665962219,297.13690185546875,297.1499938964844,293.1499938964844,0.0,-0.0,291.0345458984375,0.7555944323539734,0.2448911070823669,1.1132736206054688,291.0345458984375,291.0260009765625,289.25,286.9210510253906,291.0351867675781,297.2251892089844,291.0345764160156,1.0,0.5270770788192749,1.0,1.0,0.2804285883903503,1.0,-2.774827480316162,2.1541123390197754,0.6207152605056763,1.5259672403335571,0.0,0.0,0.0,129.8283233642578,149.0,1.4915640354156494,-0.0,1831.38916015625,1.0,293.1499938964844,293.1499938964844,293.1499938964844,293.1499938964844,293.1499938964844,293.1499938964844,278.1499938964844,0.0,18000.0,313.1499938964844,0.0,18000.0,0.0,0.0,0.0,0.0,0.0,0.0,0.0,0.0,0.0,0.0,-0.0,-0.0,0.0,0.0,0.0,0.0,0.0,-0.0,0.0,0.0,0.0,0.0,0.0,0.0,0.0,0.0,0.0,4.0,0.0,0.0
11883120,297.20037841796875,297.1499938964844,293.1499938964844,0.0,-0.0,291.0345458984375,0.7950641512870789,0.2856746912002563,0.2592004835605621,297.2623291015625,297.1499938964844,293.1499938964844,0.0,-0.0,291.0345458984375,0.8833997249603271,0.3965261876583099,0.3770939409732818,297.2407531738281,297.1499938964844,293.1499938964844,0.0,-0.0,291.0345458984375,0.8212918043136597,0.3156823515892029,0.2223677933216095,297.2465209960937,297.1499938964844,293.1499938964844,0.0,-0.0,291.0345458984375,0.8527699112892151,0.356286346912384,0.3392713665962219,297.13690185546875,297.1499938964844,293.1499938964844,0.0,-0.0,291.0345458984375,0.7555944323539734,0.2448911070823669,1.1132736206054688,291.0345458984375,291.0260009765625,289.25,286.9210510253906,291.0351867675781,297.2251892089844,291.0345764160156,1.0,0.5270770788192749,1.0,1.0,0.2804285883903503,1.0,-2.774827480316162,2.1541123390197754,0.6207152605056763,1.5259672403335571,0.0,0.0,0.0,129.8283233642578,149.0,1.4915640354156494,-0.0,1831.38916015625,1.0,293.1499938964844,293.1499938964844,293.1499938964844,293.1499938964844,293.1499938964844,293.1499938964844,278.1499938964844,0.0,18000.0,313.1499938964844,0.0,18000.0,0.0,0.0,0.0,0.0,0.0,0.0,0.0,0.0,0.0,0.0,-0.0,-0.0,0.0,0.0,0.0,0.0,0.0,-0.0,0.0,0.0,0.0,0.0,0.0,0.0,0.0,0.0,0.0,4.0,0.0,0.0
11883180,297.1997985839844,297.1499938964844,293.1499938964844,0.0,-0.0,291.0340270996094,0.7839763164520264,0.2862541377544403,0.2599911689758301,297.26092529296875,297.1499938964844,293.1499938964844,0.0,-0.0,291.0340270996094,0.8714684844017029,0.3978062868118286,0.3785704374313354,297.2408752441406,297.1499938964844,293.1499938964844,0.0,-0.0,291.0340270996094,0.811048686504364,0.3168440461158752,0.2233869135379791,297.24609375,297.1499938964844,293.1499938964844,0.0,-0.0,291.0340270996094,0.8419482707977295,0.3574654757976532,0.3406688868999481,297.1371154785156,297.1499938964844,293.1499938964844,0.0,-0.0,291.0340576171875,0.7451634407043457,0.2447465658187866,1.113988757133484,291.0340270996094,291.0260009765625,289.25,286.9305725097656,291.0339050292969,297.22418212890625,291.0340270996094,1.0,0.5326627492904663,1.0,1.0,0.2801215648651123,1.0,-2.7813169956207275,2.159510374069214,0.6218065023422241,1.5299029350280762,0.0,0.0,0.0,137.35232543945312,137.0,-0.1616010665893554,-0.0,1877.0889892578125,1.0,293.1499938964844,293.1499938964844,293.1499938964844,293.1499938964844,293.1499938964844,293.1499938964844,278.1499938964844,0.0,18000.0,313.1499938964844,0.0,18000.0,0.0,0.0,0.0,0.0,0.0,0.0,0.0,0.0,0.0,0.0,-0.0,-0.0,0.0,0.0,0.0,0.0,0.0,-0.0,0.0,0.0,0.0,0.0,0.0,0.0,0.0,0.0,0.0,4.0,0.0,0.0
11883240,297.1997985839844,297.1499938964844,293.1499938964844,0.0,-0.0,291.0340270996094,0.7839763164520264,0.2862541377544403,0.2599911689758301,297.26092529296875,297.1499938964844,293.1499938964844,0.0,-0.0,291.0340270996094,0.8714684844017029,0.3978062868118286,0.3785704374313354,297.2408752441406,297.1499938964844,293.1499938964844,0.0,-0.0,291.0340270996094,0.811048686504364,0.3168440461158752,0.2233869135379791,297.24609375,297.1499938964844,293.1499938964844,0.0,-0.0,291.0340270996094,0.8419482707977295,0.3574654757976532,0.3406688868999481,297.1371154785156,297.1499938964844,293.1499938964844,0.0,-0.0,291.0340576171875,0.7451634407043457,0.2447465658187866,1.113988757133484,291.0340270996094,291.0260009765625,289.25,286.9305725097656,291.0339050292969,297.22418212890625,291.0340270996094,1.0,0.5326627492904663,1.0,1.0,0.2801215648651123,1.0,-2.7813169956207275,2.159510374069214,0.6218065023422241,1.5299029350280762,0.0,0.0,0.0,137.35232543945312,137.0,-0.1616010665893554,-0.0,1877.0889892578125,1.0,293.1499938964844,293.1499938964844,293.1499938964844,293.1499938964844,293.1499938964844,293.1499938964844,278.1499938964844,0.0,18000.0,313.1499938964844,0.0,18000.0,0.0,0.0,0.0,0.0,0.0,0.0,0.0,0.0,0.0,0.0,-0.0,-0.0,0.0,0.0,0.0,0.0,0.0,-0.0,0.0,0.0,0.0,0.0,0.0,0.0,0.0,0.0,0.0,4.0,0.0,0.0
11883300,297.1995544433594,297.1499938964844,293.1499938964844,0.0,-0.0,291.0335998535156,0.783384382724762,0.2865469753742218,0.2602726221084595,297.26043701171875,297.1499938964844,293.1499938964844,0.0,-0.0,291.0335998535156,0.8709937930107117,0.3984605669975281,0.3792034983634949,297.240966796875,297.1499938964844,293.1499938964844,0.0,-0.0,291.0335998535156,0.8106756210327148,0.3174281418323517,0.2238083183765411,297.24591064453125,297.1499938964844,293.1499938964844,0.0,-0.0,291.0335998535156,0.8415220975875854,0.3580543994903564,0.3412448465824127,297.1372375488281,297.1499938964844,293.1499938964844,0.0,-0.0,291.0335998535156,0.7443447113037109,0.2446763664484024,1.1137754917144775,291.0335998535156,291.0260009765625,289.25,286.9347839355469,291.0330810546875,297.2238464355469,291.0335693359375,1.0,0.5330186486244202,1.0,1.0,0.2799680829048157,1.0,-2.7833611965179443,2.161365509033203,0.6219956874847412,1.5313249826431274,0.0,0.0,0.0,137.9999237060547,137.0,-0.7470319867134094,-0.0,1883.352294921875,1.0,293.1499938964844,293.1499938964844,293.1499938964844,293.1499938964844,293.1499938964844,293.1499938964844,278.1499938964844,0.0,18000.0,313.1499938964844,0.0,18000.0,0.0,0.0,0.0,0.0,0.0,0.0,0.0,0.0,0.0,0.0,-0.0,-0.0,0.0,0.0,0.0,0.0,0.0,-0.0,0.0,0.0,0.0,0.0,0.0,0.0,0.0,0.0,0.0,4.0,0.0,0.0
11883360,297.199462890625,297.1499938964844,293.1499938964844,0.0,-0.0,291.03289794921875,0.7853422164916992,0.286850094795227,0.260497123003006,297.2601013183594,297.1499938964844,293.1499938964844,0.0,-0.0,291.03289794921875,0.8733296990394592,0.3991260826587677,0.3797794282436371,297.2411499023437,297.1499938964844,293.1499938964844,0.0,-0.0,291.03289794921875,0.8128182888031006,0.3180213868618011,0.224184900522232,297.2457580566406,297.1499938964844,293.1499938964844,0.0,-0.0,291.03289794921875,0.8436393737792969,0.3586491346359253,0.3417572379112243,297.1374206542969,297.1499938964844,293.1499938964844,0.0,-0.0,291.0329284667969,0.7457521557807922,0.2446143180131912,1.1132696866989136,291.03289794921875,291.0260009765625,289.25,286.9385681152344,291.03204345703125,297.2236022949219,291.0328369140625,1.0,0.5324034094810486,1.0,1.0,0.279803603887558,1.0,-2.7847843170166016,2.162817001342773,0.6219673752784729,1.5324615240097046,0.0,0.0,0.0,136.9396209716797,125.0,-1.3573540449142456,-0.0,1880.5440673828125,1.0,293.1499938964844,293.1499938964844,293.1499938964844,293.1499938964844,293.1499938964844,293.1499938964844,278.1499938964844,0.0,18000.0,313.1499938964844,0.0,18000.0,0.0,0.0,0.0,0.0,0.0,0.0,0.0,0.0,0.0,0.0,-0.0,-0.0,0.0,0.0,0.0,0.0,0.0,-0.0,0.0,0.0,0.0,0.0,0.0,0.0,0.0,0.0,0.0,4.0,0.0,0.0
11883420,297.1996154785156,297.1499938964844,293.1499938964844,0.0,-0.0,291.0310974121094,0.7945346236228943,0.2874917685985565,0.260856956243515,297.2597961425781,297.1499938964844,293.1499938964844,0.0,-0.0,291.0310974121094,0.8838715553283691,0.4004892110824585,0.3808362782001495,297.2417907714844,297.1499938964844,293.1499938964844,0.0,-0.0,291.0310974121094,0.822026789188385,0.3192409574985504,0.2248667776584625,297.2457580566406,297.1499938964844,293.1499938964844,0.0,-0.0,291.0310974121094,0.8532332181930542,0.3598620295524597,0.3426762819290161,297.1380920410156,297.1499938964844,293.1499938964844,0.0,-0.0,291.0310974121094,0.7532362937927246,0.2445228546857834,1.1117942333221436,291.0310974121094,291.0260009765625,289.25,286.9449462890625,291.02978515625,297.2235107421875,291.031005859375,1.0,0.5290417671203613,1.0,1.0,0.2794746160507202,1.0,-2.786638736724853,2.165030241012573,0.6216086149215698,1.5342618227005005,0.0,0.0,0.0,131.59185791015625,113.0,-2.247880220413208,-0.0,1858.036865234375,1.0,293.1499938964844,293.1499938964844,293.1499938964844,293.1499938964844,293.1499938964844,293.1499938964844,278.1499938964844,0.0,18000.0,313.1499938964844,0.0,18000.0,0.0,0.0,0.0,0.0,0.0,0.0,0.0,0.0,0.0,0.0,-0.0,-0.0,0.0,0.0,0.0,0.0,0.0,-0.0,0.0,0.0,0.0,0.0,0.0,0.0,0.0,0.0,0.0,4.0,0.0,0.0
11883480,297.1996154785156,297.1499938964844,293.1499938964844,0.0,-0.0,291.0310974121094,0.7945346236228943,0.2874917685985565,0.260856956243515,297.2597961425781,297.1499938964844,293.1499938964844,0.0,-0.0,291.0310974121094,0.8838715553283691,0.4004892110824585,0.3808362782001495,297.2417907714844,297.1499938964844,293.1499938964844,0.0,-0.0,291.0310974121094,0.822026789188385,0.3192409574985504,0.2248667776584625,297.2457580566406,297.1499938964844,293.1499938964844,0.0,-0.0,291.0310974121094,0.8532332181930542,0.3598620295524597,0.3426762819290161,297.1380920410156,297.1499938964844,293.1499938964844,0.0,-0.0,291.0310974121094,0.7532362937927246,0.2445228546857834,1.1117942333221436,291.0310974121094,291.0260009765625,289.25,286.9449462890625,291.02978515625,297.2235107421875,291.031005859375,1.0,0.5290417671203613,1.0,1.0,0.2794746160507202,1.0,-2.786638736724853,2.165030241012573,0.6216086149215698,1.5342618227005005,0.0,0.0,0.0,131.59185791015625,113.0,-2.247880220413208,-0.0,1858.036865234375,1.0,293.1499938964844,293.1499938964844,293.1499938964844,293.1499938964844,293.1499938964844,293.1499938964844,278.1499938964844,0.0,18000.0,313.1499938964844,0.0,18000.0,0.0,0.0,0.0,0.0,0.0,0.0,0.0,0.0,0.0,0.0,-0.0,-0.0,0.0,0.0,0.0,0.0,0.0,-0.0,0.0,0.0,0.0,0.0,0.0,0.0,0.0,0.0,0.0,4.0,0.0,0.0
11883540,297.2001953125,297.1499938964844,293.1499938964844,0.0,-0.0,291.0290222167969,0.809454619884491,0.2881792485713959,0.2611556649208069,297.2598876953125,297.1499938964844,293.1499938964844,0.0,-0.0,291.0290222167969,0.9010181427001952,0.4018903076648712,0.3818219602108001,297.2427978515625,297.1499938964844,293.1499938964844,0.0,-0.0,291.0290222167969,0.836543619632721,0.320505827665329,0.2255001366138458,297.24609375,297.1499938964844,293.1499938964844,0.0,-0.0,291.0290222167969,0.869116485118866,0.3611080944538116,0.3435179889202118,297.13916015625,297.1499938964844,293.1499938964844,0.0,-0.0,291.0290222167969,0.766171395778656,0.2444792836904525,1.110015034675598,291.0290222167969,291.0260009765625,289.25,286.94952392578125,291.0274963378906,297.22381591796875,291.0289306640625,1.0,0.5238476991653442,1.0,1.0,0.2791456580162048,1.0,-2.787817478179932,2.1667704582214355,0.6210470199584961,1.5357383489608765,0.0,0.0,0.0,123.4749755859375,101.0,-2.7367165088653564,-0.0,1821.291259765625,1.0,293.1499938964844,293.1499938964844,293.1499938964844,293.1499938964844,293.1499938964844,293.1499938964844,278.1499938964844,0.0,18000.0,313.1499938964844,0.0,18000.0,0.0,0.0,0.0,0.0,0.0,0.0,0.0,0.0,0.0,0.0,-0.0,-0.0,0.0,0.0,0.0,0.0,0.0,-0.0,0.0,0.0,0.0,0.0,0.0,0.0,0.0,0.0,0.0,4.0,0.0,0.0
11883600,297.2001953125,297.1499938964844,293.1499938964844,0.0,-0.0,291.0290222167969,0.809454619884491,0.2881792485713959,0.2611556649208069,297.2598876953125,297.1499938964844,293.1499938964844,0.0,-0.0,291.0290222167969,0.9010181427001952,0.4018903076648712,0.3818219602108001,297.2427978515625,297.1499938964844,293.1499938964844,0.0,-0.0,291.0290222167969,0.836543619632721,0.320505827665329,0.2255001366138458,297.24609375,297.1499938964844,293.1499938964844,0.0,-0.0,291.0290222167969,0.869116485118866,0.3611080944538116,0.3435179889202118,297.13916015625,297.1499938964844,293.1499938964844,0.0,-0.0,291.0290222167969,0.766171395778656,0.2444792836904525,1.110015034675598,291.0290222167969,291.0260009765625,289.25,286.94952392578125,291.0274963378906,297.22381591796875,291.0289306640625,1.0,0.5238476991653442,1.0,1.0,0.2791456580162048,1.0,-2.787817478179932,2.1667704582214355,0.6210470199584961,1.5357383489608765,0.0,0.0,0.0,123.4749755859375,101.0,-2.7367165088653564,-0.0,1821.291259765625,1.0,293.1499938964844,293.1499938964844,293.1499938964844,293.1499938964844,293.1499938964844,293.1499938964844,278.1499938964844,0.0,18000.0,313.1499938964844,0.0,18000.0,0.0,0.0,0.0,0.0,0.0,0.0,0.0,0.0,0.0,0.0,-0.0,-0.0,0.0,0.0,0.0,0.0,0.0,-0.0,0.0,0.0,0.0,0.0,0.0,0.0,0.0,0.0,0.0,4.0,0.0,0.0
11883660,297.2455749511719,297.1499938964844,293.1499938964844,0.0,-0.0,291.0355529785156,0.8431935906410217,0.2934421896934509,0.2643871605396271,297.3060607910156,297.1499938964844,293.1499938964844,0.0,-0.0,291.03564453125,0.9456801414489746,0.4079855978488922,0.3859448134899139,297.2899475097656,297.1499938964844,293.1499938964844,0.0,-0.0,291.0355834960937,0.872780978679657,0.3264844417572021,0.2284671366214752,297.2929382324219,297.1499938964844,293.1499938964844,0.0,-0.0,291.0356140136719,0.9084267616271972,0.3670959174633026,0.3475275337696075,297.1901550292969,297.1499938964844,293.1499938964844,0.0,-0.0,291.0354919433594,0.8008989095687866,0.2495281398296356,1.1243075132369995,291.03564453125,291.0260009765625,289.25,286.95269775390625,291.0430908203125,297.267333984375,291.0363464355469,1.0,0.5194886922836304,1.0,1.0,0.2790001630783081,1.0,-2.822176933288574,2.1913578510284424,0.6308189034461975,1.552160382270813,0.0,0.0,0.0,109.5831298828125,89.0,8.522167205810547,-0.0,1808.013427734375,1.0,293.1499938964844,293.1499938964844,293.1499938964844,293.1499938964844,293.1499938964844,293.1499938964844,278.1499938964844,0.0,18000.0,313.1499938964844,0.0,18000.0,0.0,0.0,0.0,0.0,0.0,0.0,0.0,0.0,0.0,0.0,-0.0,-0.0,0.0,0.0,0.0,0.0,0.0,-0.0,0.0,0.0,0.0,0.0,0.0,0.0,0.0,0.0,0.0,4.0,0.0,0.0
11883720,297.2455749511719,297.1499938964844,293.1499938964844,0.0,-0.0,291.0355529785156,0.8431935906410217,0.2934421896934509,0.2643871605396271,297.3060607910156,297.1499938964844,293.1499938964844,0.0,-0.0,291.03564453125,0.9456801414489746,0.4079855978488922,0.3859448134899139,297.2899475097656,297.1499938964844,293.1499938964844,0.0,-0.0,291.0355834960937,0.872780978679657,0.3264844417572021,0.2284671366214752,297.2929382324219,297.1499938964844,293.1499938964844,0.0,-0.0,291.0356140136719,0.9084267616271972,0.3670959174633026,0.3475275337696075,297.1901550292969,297.1499938964844,293.1499938964844,0.0,-0.0,291.0354919433594,0.8008989095687866,0.2495281398296356,1.1243075132369995,291.03564453125,291.0260009765625,289.25,286.95269775390625,291.0430908203125,297.267333984375,291.0363464355469,1.0,0.5194886922836304,1.0,1.0,0.2790001630783081,1.0,-2.822176933288574,2.1913578510284424,0.6308189034461975,1.552160382270813,0.0,0.0,0.0,109.5831298828125,89.0,8.522167205810547,-0.0,1808.013427734375,1.0,293.1499938964844,293.1499938964844,293.1499938964844,293.1499938964844,293.1499938964844,293.1499938964844,278.1499938964844,0.0,18000.0,313.1499938964844,0.0,18000.0,0.0,0.0,0.0,0.0,0.0,0.0,0.0,0.0,0.0,0.0,-0.0,-0.0,0.0,0.0,0.0,0.0,0.0,-0.0,0.0,0.0,0.0,0.0,0.0,0.0,0.0,0.0,0.0,4.0,0.0,0.0
11883780,297.2695007324219,297.1499938964844,293.1499938964844,0.0,-0.0,291.0471496582031,0.8885462880134583,0.2970944046974182,0.2674115300178528,297.3331604003906,297.1499938964844,293.1499938964844,0.0,-0.0,291.0472412109375,0.994166374206543,0.4127241373062134,0.3900892436504364,297.3179931640625,297.1499938964844,293.1499938964844,0.0,-0.0,291.04718017578125,0.9234247207641602,0.3311150968074798,0.2314580231904983,297.3209533691406,297.1499938964844,293.1499938964844,0.0,-0.0,291.0472106933594,0.9639565348625184,0.3717595636844635,0.3516029715538025,297.2250671386719,297.1499938964844,293.1499938964844,0.0,-0.0,291.047119140625,0.8432177901268005,0.2535907924175262,1.1407678127288818,291.0472412109375,291.0260009765625,289.25,286.9549560546875,291.0553894042969,297.29229736328125,291.0478210449219,1.0,0.5159360766410828,1.0,1.0,0.2788546681404114,1.0,-2.8590545654296875,2.217620372772217,0.6414340138435364,1.5703177452087402,0.0,0.0,0.0,96.43367004394533,92.0,13.363414764404297,-0.0,1801.7828369140625,1.0,293.1499938964844,293.1499938964844,293.1499938964844,293.1499938964844,293.1499938964844,293.1499938964844,278.1499938964844,0.0,18000.0,313.1499938964844,0.0,18000.0,0.0,0.0,0.0,0.0,0.0,0.0,0.0,0.0,0.0,0.0,-0.0,-0.0,0.0,0.0,0.0,0.0,0.0,-0.0,0.0,0.0,0.0,0.0,0.0,0.0,0.0,0.0,0.0,4.0,0.0,0.0
11883840,297.2695007324219,297.1499938964844,293.1499938964844,0.0,-0.0,291.0471496582031,0.8885462880134583,0.2970944046974182,0.2674115300178528,297.3331604003906,297.1499938964844,293.1499938964844,0.0,-0.0,291.0472412109375,0.994166374206543,0.4127241373062134,0.3900892436504364,297.3179931640625,297.1499938964844,293.1499938964844,0.0,-0.0,291.04718017578125,0.9234247207641602,0.3311150968074798,0.2314580231904983,297.3209533691406,297.1499938964844,293.1499938964844,0.0,-0.0,291.0472106933594,0.9639565348625184,0.3717595636844635,0.3516029715538025,297.2250671386719,297.1499938964844,293.1499938964844,0.0,-0.0,291.047119140625,0.8432177901268005,0.2535907924175262,1.1407678127288818,291.0472412109375,291.0260009765625,289.25,286.9549560546875,291.0553894042969,297.29229736328125,291.0478210449219,1.0,0.5159360766410828,1.0,1.0,0.2788546681404114,1.0,-2.8590545654296875,2.217620372772217,0.6414340138435364,1.5703177452087402,0.0,0.0,0.0,96.43367004394533,92.0,13.363414764404297,-0.0,1801.7828369140625,1.0,293.1499938964844,293.1499938964844,293.1499938964844,293.1499938964844,293.1499938964844,293.1499938964844,278.1499938964844,0.0,18000.0,313.1499938964844,0.0,18000.0,0.0,0.0,0.0,0.0,0.0,0.0,0.0,0.0,0.0,0.0,-0.0,-0.0,0.0,0.0,0.0,0.0,0.0,-0.0,0.0,0.0,0.0,0.0,0.0,0.0,0.0,0.0,0.0,4.0,0.0,0.0
11883900,297.27655029296875,297.1499938964844,293.1499938964844,0.0,-0.0,291.0523376464844,0.9010440111160278,0.2985439598560333,0.2687008380889892,297.34344482421875,297.1499938964844,293.1499938964844,0.0,-0.0,291.0523986816406,0.9990000128746032,0.4148924052715301,0.3855297863483429,297.3274230957031,297.1499938964844,293.1499938964844,0.0,-0.0,291.0523681640625,0.9385170936584472,0.3331034779548645,0.2328256070613861,297.33026123046875,297.1499938964844,293.1499938964844,0.0,-0.0,291.0523986816406,0.9768782258033752,0.373758852481842,0.3534653186798095,297.2378234863281,297.1499938964844,293.1499938964844,0.0,-0.0,291.05230712890625,0.8548217415809631,0.2553190290927887,1.148396372795105,291.05242919921875,291.0260009765625,289.25,286.95574951171875,291.0588073730469,297.30078125,291.0527648925781,1.0,0.5157101154327393,1.0,1.0,0.2787819504737854,1.0,-2.868195056915283,2.2241995334625244,0.643995463848114,1.5751574039459229,0.0,0.0,0.0,93.83858489990234,92.0,13.011330604553224,-0.0,1803.4222412109373,1.0,293.1499938964844,293.1499938964844,293.1499938964844,293.1499938964844,293.1499938964844,293.1499938964844,278.1499938964844,0.0,18000.0,313.1499938964844,0.0,18000.0,0.0,0.0,0.0,0.0,0.0,0.0,0.0,0.0,0.0,0.0,-0.0,-0.0,0.0,0.0,0.0,0.0,0.0,-0.0,0.0,0.0,0.0,0.0,0.0,0.0,0.0,0.0,0.0,4.0,0.0,0.0
11883960,297.2814636230469,297.1499938964844,293.1499938964844,0.0,-0.0,291.0546569824219,0.9078154563903807,0.299826979637146,0.2698693871498108,297.3560791015625,297.1499938964844,293.1499938964844,0.0,-0.0,291.0546875,0.9990000128746032,0.417357474565506,0.379040002822876,297.33465576171875,297.1499938964844,293.1499938964844,0.0,-0.0,291.0546569824219,0.946560263633728,0.3349387049674988,0.2341131865978241,297.33740234375,297.1499938964844,293.1499938964844,0.0,-0.0,291.0546875,0.9832616448402404,0.3756007254123688,0.3552153408527374,297.24810791015625,297.1499938964844,293.1499938964844,0.0,-0.0,291.0546569824219,0.8613365888595581,0.2568852603435516,1.1554993391036987,291.0546875,291.0260009765625,289.25,286.9563903808594,291.05859375,297.3089599609375,291.0548095703125,1.0,0.5158605575561523,1.0,1.0,0.2783354520797729,1.0,-2.874011754989624,2.229485988616944,0.6445256471633911,1.57912278175354,0.0,0.0,0.0,92.73198699951172,95.0,9.350629806518556,-0.0,1807.1341552734373,1.0,293.1499938964844,293.1499938964844,293.1499938964844,293.1499938964844,293.1499938964844,293.1499938964844,278.1499938964844,0.0,18000.0,313.1499938964844,0.0,18000.0,0.0,0.0,0.0,0.0,0.0,0.0,0.0,0.0,0.0,0.0,-0.0,-0.0,0.0,0.0,0.0,0.0,0.0,-0.0,0.0,0.0,0.0,0.0,0.0,0.0,0.0,0.0,0.0,4.0,0.0,0.0
11884020,297.28717041015625,297.1499938964844,293.1499938964844,0.0,-0.0,291.05596923828125,0.9172422289848328,0.3020763695240021,0.2719128429889679,297.3825378417969,297.1499938964844,293.1499938964844,0.0,-0.0,291.0559997558594,0.9990000128746032,0.4226507544517517,0.3715280592441559,297.3446655273437,297.1499938964844,293.1499938964844,0.0,-0.0,291.0559997558594,0.9570022225379944,0.3382967710494995,0.236472025513649,297.3470764160156,297.1499938964844,293.1499938964844,0.0,-0.0,291.0559997558594,0.9911372661590576,0.3789607286453247,0.3584115207195282,297.2631225585937,297.1499938964844,293.1499938964844,0.0,-0.0,291.05596923828125,0.8702484965324402,0.2596575915813446,1.168135643005371,291.0559997558594,291.0260009765625,289.25,286.9570617675781,291.0579528808594,297.32391357421875,291.0560913085937,1.0,0.5174731612205505,1.0,1.0,0.277442455291748,1.0,-2.8893001079559326,2.242770433425904,0.6465296745300293,1.5889830589294434,0.0,0.0,0.0,91.80692291259766,113.0,3.9871227741241455,-0.0,1826.7578125,1.0,293.1499938964844,293.1499938964844,293.1499938964844,293.1499938964844,293.1499938964844,293.1499938964844,278.1499938964844,0.0,18000.0,313.1499938964844,0.0,18000.0,0.0,0.0,0.0,0.0,0.0,0.0,0.0,0.0,0.0,0.0,-0.0,-0.0,0.0,0.0,0.0,0.0,0.0,-0.0,0.0,0.0,0.0,0.0,0.0,0.0,0.0,0.0,0.0,4.0,0.0,0.0
11884080,297.28717041015625,297.1499938964844,293.1499938964844,0.0,-0.0,291.05596923828125,0.9172422289848328,0.3020763695240021,0.2719128429889679,297.3825378417969,297.1499938964844,293.1499938964844,0.0,-0.0,291.0559997558594,0.9990000128746032,0.4226507544517517,0.3715280592441559,297.3446655273437,297.1499938964844,293.1499938964844,0.0,-0.0,291.0559997558594,0.9570022225379944,0.3382967710494995,0.236472025513649,297.3470764160156,297.1499938964844,293.1499938964844,0.0,-0.0,291.0559997558594,0.9911372661590576,0.3789607286453247,0.3584115207195282,297.2631225585937,297.1499938964844,293.1499938964844,0.0,-0.0,291.05596923828125,0.8702484965324402,0.2596575915813446,1.168135643005371,291.0559997558594,291.0260009765625,289.25,286.9570617675781,291.0579528808594,297.32391357421875,291.0560913085937,1.0,0.5174731612205505,1.0,1.0,0.277442455291748,1.0,-2.8893001079559326,2.242770433425904,0.6465296745300293,1.5889830589294434,0.0,0.0,0.0,91.80692291259766,113.0,3.9871227741241455,-0.0,1826.7578125,1.0,293.1499938964844,293.1499938964844,293.1499938964844,293.1499938964844,293.1499938964844,293.1499938964844,278.1499938964844,0.0,18000.0,313.1499938964844,0.0,18000.0,0.0,0.0,0.0,0.0,0.0,0.0,0.0,0.0,0.0,0.0,-0.0,-0.0,0.0,0.0,0.0,0.0,0.0,-0.0,0.0,0.0,0.0,0.0,0.0,0.0,0.0,0.0,0.0,4.0,0.0,0.0
11884140,297.2900390625,297.1499938964844,293.1499938964844,0.0,-0.0,291.057373046875,0.9077810049057008,0.3041050136089325,0.2738607227802276,297.3976745605469,297.1499938964844,293.1499938964844,0.0,-0.0,291.057373046875,0.9990000128746032,0.4271531999111175,0.3846860826015472,297.3510131835937,297.1499938964844,293.1499938964844,0.0,-0.0,291.057373046875,0.9482570886611938,0.3414101898670196,0.2387448102235794,297.3530578613281,297.1499938964844,293.1499938964844,0.0,-0.0,291.057373046875,0.9840214252471924,0.382065087556839,0.3614793121814728,297.2730712890625,297.1499938964844,293.1499938964844,0.0,-0.0,291.0573425292969,0.8630739450454712,0.2621027529239654,1.1798734664916992,291.057373046875,291.0260009765625,289.25,286.95709228515625,291.06060791015625,297.33355712890625,291.05767822265625,1.0,0.5260040163993835,1.0,1.0,0.2765494287014007,1.0,-2.92795205116272,2.272555589675904,0.6553965210914612,1.609787940979004,0.0,0.0,0.0,95.93480682373048,131.0,3.350907802581787,-0.0,1909.4818115234373,1.0,293.1499938964844,293.1499938964844,293.1499938964844,293.1499938964844,293.1499938964844,293.1499938964844,278.1499938964844,0.0,18000.0,313.1499938964844,0.0,18000.0,0.0,0.0,0.0,0.0,0.0,0.0,0.0,0.0,0.0,0.0,-0.0,-0.0,0.0,0.0,0.0,0.0,0.0,-0.0,0.0,0.0,0.0,0.0,0.0,0.0,0.0,0.0,0.0,4.0,0.0,0.0
11884200,297.2900390625,297.1499938964844,293.1499938964844,0.0,-0.0,291.057373046875,0.9077810049057008,0.3041050136089325,0.2738607227802276,297.3976745605469,297.1499938964844,293.1499938964844,0.0,-0.0,291.057373046875,0.9990000128746032,0.4271531999111175,0.3846860826015472,297.3510131835937,297.1499938964844,293.1499938964844,0.0,-0.0,291.057373046875,0.9482570886611938,0.3414101898670196,0.2387448102235794,297.3530578613281,297.1499938964844,293.1499938964844,0.0,-0.0,291.057373046875,0.9840214252471924,0.382065087556839,0.3614793121814728,297.2730712890625,297.1499938964844,293.1499938964844,0.0,-0.0,291.0573425292969,0.8630739450454712,0.2621027529239654,1.1798734664916992,291.057373046875,291.0260009765625,289.25,286.95709228515625,291.06060791015625,297.33355712890625,291.05767822265625,1.0,0.5260040163993835,1.0,1.0,0.2765494287014007,1.0,-2.92795205116272,2.272555589675904,0.6553965210914612,1.609787940979004,0.0,0.0,0.0,95.93480682373048,131.0,3.350907802581787,-0.0,1909.4818115234373,1.0,293.1499938964844,293.1499938964844,293.1499938964844,293.1499938964844,293.1499938964844,293.1499938964844,278.1499938964844,0.0,18000.0,313.1499938964844,0.0,18000.0,0.0,0.0,0.0,0.0,0.0,0.0,0.0,0.0,0.0,0.0,-0.0,-0.0,0.0,0.0,0.0,0.0,0.0,-0.0,0.0,0.0,0.0,0.0,0.0,0.0,0.0,0.0,0.0,4.0,0.0,0.0
11884260,297.2908935546875,297.1499938964844,293.1499938964844,0.0,-0.0,291.0592956542969,0.8823893666267395,0.3059687614440918,0.2758592665195465,297.3880310058594,297.1499938964844,293.1499938964844,0.0,-0.0,291.0592956542969,0.9915931820869446,0.4293349385261535,0.4065606296062469,297.3546142578125,297.1499938964844,293.1499938964844,0.0,-0.0,291.0592956542969,0.919531226158142,0.3443247079849243,0.2410340458154678,297.35626220703125,297.1499938964844,293.1499938964844,0.0,-0.0,291.0592956542969,0.958888590335846,0.3849658370018005,0.364563524723053,297.2788391113281,297.1499938964844,293.1499938964844,0.0,-0.0,291.05926513671875,0.8410597443580627,0.2642502784729004,1.191294550895691,291.0592956542969,291.0260009765625,289.25,286.9564819335937,291.0602111816406,297.3320617675781,291.0594482421875,1.0,0.5387978553771973,1.0,1.0,0.2752906680107116,1.0,-2.976006507873535,2.3099403381347656,0.6660662293434143,1.636934518814087,0.0,0.0,0.0,105.5894012451172,149.0,2.176217794418335,-0.0,2038.6990966796875,1.0,293.1499938964844,293.1499938964844,293.1499938964844,293.1499938964844,293.1499938964844,293.1499938964844,278.1499938964844,0.0,18000.0,313.1499938964844,0.0,18000.0,0.0,0.0,0.0,0.0,0.0,0.0,0.0,0.0,0.0,0.0,-0.0,-0.0,0.0,0.0,0.0,0.0,0.0,-0.0,0.0,0.0,0.0,0.0,0.0,0.0,0.0,0.0,0.0,4.0,0.0,0.0
11884320,297.2908935546875,297.1499938964844,293.1499938964844,0.0,-0.0,291.0592956542969,0.8823893666267395,0.3059687614440918,0.2758592665195465,297.3880310058594,297.1499938964844,293.1499938964844,0.0,-0.0,291.0592956542969,0.9915931820869446,0.4293349385261535,0.4065606296062469,297.3546142578125,297.1499938964844,293.1499938964844,0.0,-0.0,291.0592956542969,0.919531226158142,0.3443247079849243,0.2410340458154678,297.35626220703125,297.1499938964844,293.1499938964844,0.0,-0.0,291.0592956542969,0.958888590335846,0.3849658370018005,0.364563524723053,297.2788391113281,297.1499938964844,293.1499938964844,0.0,-0.0,291.05926513671875,0.8410597443580627,0.2642502784729004,1.191294550895691,291.0592956542969,291.0260009765625,289.25,286.9564819335937,291.0602111816406,297.3320617675781,291.0594482421875,1.0,0.5387978553771973,1.0,1.0,0.2752906680107116,1.0,-2.976006507873535,2.3099403381347656,0.6660662293434143,1.636934518814087,0.0,0.0,0.0,105.5894012451172,149.0,2.176217794418335,-0.0,2038.6990966796875,1.0,293.1499938964844,293.1499938964844,293.1499938964844,293.1499938964844,293.1499938964844,293.1499938964844,278.1499938964844,0.0,18000.0,313.1499938964844,0.0,18000.0,0.0,0.0,0.0,0.0,0.0,0.0,0.0,0.0,0.0,0.0,-0.0,-0.0,0.0,0.0,0.0,0.0,0.0,-0.0,0.0,0.0,0.0,0.0,0.0,0.0,0.0,0.0,0.0,4.0,0.0,0.0
11884380,297.2893981933594,297.1499938964844,293.1499938964844,0.0,-0.0,291.0557556152344,0.8451508283615112,0.3076023757457733,0.2779240012168884,297.37579345703125,297.1499938964844,293.1499938964844,0.0,-0.0,291.05572509765625,0.9508504271507264,0.4311046898365021,0.408713549375534,297.355224609375,297.1499938964844,293.1499938964844,0.0,-0.0,291.0557556152344,0.8788542151451111,0.3469791114330292,0.2433530688285827,297.35650634765625,297.1499938964844,293.1499938964844,0.0,-0.0,291.05572509765625,0.9130779504776,0.3876069486141205,0.3676880002021789,297.2803039550781,297.1499938964844,293.1499938964844,0.0,-0.0,291.0557861328125,0.807632565498352,0.266035258769989,1.2024372816085815,291.05572509765625,291.0260009765625,289.25,286.95538330078125,291.0541381835937,297.3273620605469,291.0556335449219,1.0,0.5522506237030029,1.0,1.0,0.2740319073200226,1.0,-3.001868486404419,2.331872940063477,0.6699956655502319,1.6530115604400637,0.0,0.0,0.0,121.6164321899414,167.0,-3.328092575073242,-0.0,2164.4580078125,1.0,293.1499938964844,293.1499938964844,293.1499938964844,293.1499938964844,293.1499938964844,293.1499938964844,278.1499938964844,0.0,18000.0,313.1499938964844,0.0,18000.0,0.0,0.0,0.0,0.0,0.0,0.0,0.0,0.0,0.0,0.0,-0.0,-0.0,0.0,0.0,0.0,0.0,0.0,-0.0,0.0,0.0,0.0,0.0,0.0,0.0,0.0,0.0,0.0,4.0,0.0,0.0
11884440,297.2893981933594,297.1499938964844,293.1499938964844,0.0,-0.0,291.0557556152344,0.8451508283615112,0.3076023757457733,0.2779240012168884,297.37579345703125,297.1499938964844,293.1499938964844,0.0,-0.0,291.05572509765625,0.9508504271507264,0.4311046898365021,0.408713549375534,297.355224609375,297.1499938964844,293.1499938964844,0.0,-0.0,291.0557556152344,0.8788542151451111,0.3469791114330292,0.2433530688285827,297.35650634765625,297.1499938964844,293.1499938964844,0.0,-0.0,291.05572509765625,0.9130779504776,0.3876069486141205,0.3676880002021789,297.2803039550781,297.1499938964844,293.1499938964844,0.0,-0.0,291.0557861328125,0.807632565498352,0.266035258769989,1.2024372816085815,291.05572509765625,291.0260009765625,289.25,286.95538330078125,291.0541381835937,297.3273620605469,291.0556335449219,1.0,0.5522506237030029,1.0,1.0,0.2740319073200226,1.0,-3.001868486404419,2.331872940063477,0.6699956655502319,1.6530115604400637,0.0,0.0,0.0,121.6164321899414,167.0,-3.328092575073242,-0.0,2164.4580078125,1.0,293.1499938964844,293.1499938964844,293.1499938964844,293.1499938964844,293.1499938964844,293.1499938964844,278.1499938964844,0.0,18000.0,313.1499938964844,0.0,18000.0,0.0,0.0,0.0,0.0,0.0,0.0,0.0,0.0,0.0,0.0,-0.0,-0.0,0.0,0.0,0.0,0.0,0.0,-0.0,0.0,0.0,0.0,0.0,0.0,0.0,0.0,0.0,0.0,4.0,0.0,0.0
11884500,297.28814697265625,297.1499938964844,293.1499938964844,0.0,-0.0,291.0533447265625,0.8300763368606567,0.3083649277687073,0.2789220213890075,297.37188720703125,297.1499938964844,293.1499938964844,0.0,-0.0,291.05328369140625,0.9301411509513856,0.4321483075618744,0.4099710583686828,297.3548278808594,297.1499938964844,293.1499938964844,0.0,-0.0,291.0533142089844,0.8623943328857422,0.3482418358325958,0.2444786429405212,297.3559875488281,297.1499938964844,293.1499938964844,0.0,-0.0,291.0533142089844,0.8949089050292969,0.3888633251190185,0.3692047595977783,297.280029296875,297.1499938964844,293.1499938964844,0.0,-0.0,291.0533447265625,0.7921379208564758,0.2668313086032867,1.2076371908187866,291.05328369140625,291.0260009765625,289.25,286.9546203613281,291.05108642578125,297.32550048828125,291.0531616210937,1.0,0.5590970516204834,1.0,1.0,0.2734025418758392,1.0,-3.014007806777954,2.3422884941101074,0.6717193722724915,1.6607537269592283,0.0,0.0,0.0,130.17800903320312,167.0,-4.919816970825195,-0.0,2229.8310546875,1.0,293.1499938964844,293.1499938964844,293.1499938964844,293.1499938964844,293.1499938964844,293.1499938964844,278.1499938964844,0.0,18000.0,313.1499938964844,0.0,18000.0,0.0,0.0,0.0,0.0,0.0,0.0,0.0,0.0,0.0,0.0,-0.0,-0.0,0.0,0.0,0.0,0.0,0.0,-0.0,0.0,0.0,0.0,0.0,0.0,0.0,0.0,0.0,0.0,4.0,0.0,0.0
11884560,297.2867431640625,297.1499938964844,293.1499938964844,0.0,-0.0,291.05078125,0.8166606426239014,0.3090991973876953,0.2799009680747986,297.36871337890625,297.1499938964844,293.1499938964844,0.0,-0.0,291.0507507324219,0.9115342497825624,0.4332416355609894,0.4113004207611084,297.3541259765625,297.1499938964844,293.1499938964844,0.0,-0.0,291.05078125,0.8481300473213196,0.3494701087474823,0.2455849051475525,297.35516357421875,297.1499938964844,293.1499938964844,0.0,-0.0,291.0507507324219,0.8792321085929871,0.3900851309299469,0.3706953823566437,297.2792053222656,297.1499938964844,293.1499938964844,0.0,-0.0,291.0508117675781,0.7782878875732422,0.2675749361515045,1.2126277685165403,291.0507507324219,291.0260009765625,289.25,286.95379638671875,291.0482482910156,297.32373046875,291.0506286621094,1.0,0.5659708380699158,1.0,1.0,0.2728088498115539,1.0,-3.025904417037964,2.352445125579834,0.6734591722488403,1.668292999267578,0.0,0.0,0.0,138.95059204101562,170.0,-5.885886669158936,-0.0,2296.36474609375,1.0,293.1499938964844,293.1499938964844,293.1499938964844,293.1499938964844,293.1499938964844,293.1499938964844,278.1499938964844,0.0,18000.0,313.1499938964844,0.0,18000.0,0.0,0.0,0.0,0.0,0.0,0.0,0.0,0.0,0.0,0.0,-0.0,-0.0,0.0,0.0,0.0,0.0,0.0,-0.0,0.0,0.0,0.0,0.0,0.0,0.0,0.0,0.0,0.0,4.0,0.0,0.0
11884620,297.2835388183594,297.1499938964844,293.1499938964844,0.0,-0.0,291.0453491210937,0.8010559678077698,0.3105090260505676,0.2815790176391601,297.3636779785156,297.1499938964844,293.1499938964844,0.0,-0.0,291.0452880859375,0.8931408524513245,0.4355004727840423,0.4138224422931671,297.3520812988281,297.1499938964844,293.1499938964844,0.0,-0.0,291.0453186035156,0.8332377076148987,0.351848155260086,0.2475666105747223,297.3528137207031,297.1499938964844,293.1499938964844,0.0,-0.0,291.0453186035156,0.8625586032867432,0.3924475908279419,0.3733626902103424,297.2764587402344,297.1499938964844,293.1499938964844,0.0,-0.0,291.0453796386719,0.7634180784225464,0.2689352035522461,1.2209010124206543,291.0452880859375,291.0260009765625,289.25,286.9518127441406,291.04205322265625,297.3202209472656,291.0451354980469,1.0,0.5752317309379578,1.0,1.0,0.2716214656829834,1.0,-3.0464928150177,2.3705034255981445,0.6759894490242004,1.681878685951233,0.0,0.0,0.0,150.56167602539062,173.0,-7.281727313995361,-0.0,2394.146240234375,1.0,293.1499938964844,293.1499938964844,293.1499938964844,293.1499938964844,293.1499938964844,293.1499938964844,278.1499938964844,0.0,18000.0,313.1499938964844,0.0,18000.0,0.0,0.0,0.0,0.0,0.0,0.0,0.0,0.0,0.0,0.0,-0.0,-0.0,0.0,0.0,0.0,0.0,0.0,-0.0,0.0,0.0,0.0,0.0,0.0,0.0,0.0,0.0,0.0,4.0,0.0,0.0
11884680,297.2835388183594,297.1499938964844,293.1499938964844,0.0,-0.0,291.0453491210937,0.8010559678077698,0.3105090260505676,0.2815790176391601,297.3636779785156,297.1499938964844,293.1499938964844,0.0,-0.0,291.0452880859375,0.8931408524513245,0.4355004727840423,0.4138224422931671,297.3520812988281,297.1499938964844,293.1499938964844,0.0,-0.0,291.0453186035156,0.8332377076148987,0.351848155260086,0.2475666105747223,297.3528137207031,297.1499938964844,293.1499938964844,0.0,-0.0,291.0453186035156,0.8625586032867432,0.3924475908279419,0.3733626902103424,297.2764587402344,297.1499938964844,293.1499938964844,0.0,-0.0,291.0453796386719,0.7634180784225464,0.2689352035522461,1.2209010124206543,291.0452880859375,291.0260009765625,289.25,286.9518127441406,291.04205322265625,297.3202209472656,291.0451354980469,1.0,0.5752317309379578,1.0,1.0,0.2716214656829834,1.0,-3.0464928150177,2.3705034255981445,0.6759894490242004,1.681878685951233,0.0,0.0,0.0,150.56167602539062,173.0,-7.281727313995361,-0.0,2394.146240234375,1.0,293.1499938964844,293.1499938964844,293.1499938964844,293.1499938964844,293.1499938964844,293.1499938964844,278.1499938964844,0.0,18000.0,313.1499938964844,0.0,18000.0,0.0,0.0,0.0,0.0,0.0,0.0,0.0,0.0,0.0,0.0,-0.0,-0.0,0.0,0.0,0.0,0.0,0.0,-0.0,0.0,0.0,0.0,0.0,0.0,0.0,0.0,0.0,0.0,4.0,0.0,0.0
11884740,297.2803955078125,297.1499938964844,293.1499938964844,0.0,-0.0,291.0391845703125,0.791912853717804,0.3118800818920135,0.2830805480480194,297.35968017578125,297.1499938964844,293.1499938964844,0.0,-0.0,291.03912353515625,0.8831326961517334,0.4378018975257873,0.4162590801715851,297.3496398925781,297.1499938964844,293.1499938964844,0.0,-0.0,291.0391540527344,0.8251381516456604,0.3541613519191742,0.2493922859430313,297.3500671386719,297.1499938964844,293.1499938964844,0.0,-0.0,291.03912353515625,0.8534879088401794,0.3947391808032989,0.3758136332035064,297.2729187011719,297.1499938964844,293.1499938964844,0.0,-0.0,291.0391845703125,0.7551800608634949,0.2701769471168518,1.2279136180877686,291.03912353515625,291.0260009765625,289.25,286.94952392578125,291.035400390625,297.3168029785156,291.0389404296875,1.0,0.5821864604949951,1.0,1.0,0.2704341113567352,1.0,-3.064800977706909,2.386986494064331,0.6778145432472229,1.694367289543152,0.0,0.0,0.0,158.52381896972656,176.0,-8.3052978515625,-0.0,2469.81103515625,1.0,293.1499938964844,293.1499938964844,293.1499938964844,293.1499938964844,293.1499938964844,293.1499938964844,278.1499938964844,0.0,18000.0,313.1499938964844,0.0,18000.0,0.0,0.0,0.0,0.0,0.0,0.0,0.0,0.0,0.0,0.0,-0.0,-0.0,0.0,0.0,0.0,0.0,0.0,-0.0,0.0,0.0,0.0,0.0,0.0,0.0,0.0,0.0,0.0,4.0,0.0,0.0
11884800,297.2803955078125,297.1499938964844,293.1499938964844,0.0,-0.0,291.0391845703125,0.791912853717804,0.3118800818920135,0.2830805480480194,297.35968017578125,297.1499938964844,293.1499938964844,0.0,-0.0,291.03912353515625,0.8831326961517334,0.4378018975257873,0.4162590801715851,297.3496398925781,297.1499938964844,293.1499938964844,0.0,-0.0,291.0391540527344,0.8251381516456604,0.3541613519191742,0.2493922859430313,297.3500671386719,297.1499938964844,293.1499938964844,0.0,-0.0,291.03912353515625,0.8534879088401794,0.3947391808032989,0.3758136332035064,297.2729187011719,297.1499938964844,293.1499938964844,0.0,-0.0,291.0391845703125,0.7551800608634949,0.2701769471168518,1.2279136180877686,291.03912353515625,291.0260009765625,289.25,286.94952392578125,291.035400390625,297.3168029785156,291.0389404296875,1.0,0.5821864604949951,1.0,1.0,0.2704341113567352,1.0,-3.064800977706909,2.386986494064331,0.6778145432472229,1.694367289543152,0.0,0.0,0.0,158.52381896972656,176.0,-8.3052978515625,-0.0,2469.81103515625,1.0,293.1499938964844,293.1499938964844,293.1499938964844,293.1499938964844,293.1499938964844,293.1499938964844,278.1499938964844,0.0,18000.0,313.1499938964844,0.0,18000.0,0.0,0.0,0.0,0.0,0.0,0.0,0.0,0.0,0.0,0.0,-0.0,-0.0,0.0,0.0,0.0,0.0,0.0,-0.0,0.0,0.0,0.0,0.0,0.0,0.0,0.0,0.0,0.0,4.0,0.0,0.0
11884860,297.2774353027344,297.1499938964844,293.1499938964844,0.0,-0.0,291.0350952148437,0.7861312031745911,0.3132334351539612,0.2844864428043365,297.3562927246094,297.1499938964844,293.1499938964844,0.0,-0.0,291.0350952148437,0.8769521713256836,0.4401127099990845,0.4186304807662964,297.3471374511719,297.1499938964844,293.1499938964844,0.0,-0.0,291.0350952148437,0.8201643824577332,0.3564363121986389,0.2511284649372101,297.34722900390625,297.1499938964844,293.1499938964844,0.0,-0.0,291.0350952148437,0.8479552865028381,0.3969863951206207,0.3781376779079437,297.2690124511719,297.1499938964844,293.1499938964844,0.0,-0.0,291.0351257324219,0.75002121925354,0.2713401019573211,1.2341591119766235,291.0350952148437,291.0260009765625,289.25,286.9469909667969,291.032958984375,297.3135070800781,291.0350036621094,1.0,0.5877602100372314,1.0,1.0,0.2698401808738708,1.0,-3.081732988357544,2.400807857513428,0.6809252500534058,1.7044997215270996,0.0,0.0,0.0,164.44482421875,164.0,-5.966267108917236,-0.0,2532.95703125,1.0,293.1499938964844,293.1499938964844,293.1499938964844,293.1499938964844,293.1499938964844,293.1499938964844,278.1499938964844,0.0,18000.0,313.1499938964844,0.0,18000.0,0.0,0.0,0.0,0.0,0.0,0.0,0.0,0.0,0.0,0.0,-0.0,-0.0,0.0,0.0,0.0,0.0,0.0,-0.0,0.0,0.0,0.0,0.0,0.0,0.0,0.0,0.0,0.0,4.0,0.0,0.0
11884920,297.2774353027344,297.1499938964844,293.1499938964844,0.0,-0.0,291.0350952148437,0.7861312031745911,0.3132334351539612,0.2844864428043365,297.3562927246094,297.1499938964844,293.1499938964844,0.0,-0.0,291.0350952148437,0.8769521713256836,0.4401127099990845,0.4186304807662964,297.3471374511719,297.1499938964844,293.1499938964844,0.0,-0.0,291.0350952148437,0.8201643824577332,0.3564363121986389,0.2511284649372101,297.34722900390625,297.1499938964844,293.1499938964844,0.0,-0.0,291.0350952148437,0.8479552865028381,0.3969863951206207,0.3781376779079437,297.2690124511719,297.1499938964844,293.1499938964844,0.0,-0.0,291.0351257324219,0.75002121925354,0.2713401019573211,1.2341591119766235,291.0350952148437,291.0260009765625,289.25,286.9469909667969,291.032958984375,297.3135070800781,291.0350036621094,1.0,0.5877602100372314,1.0,1.0,0.2698401808738708,1.0,-3.081732988357544,2.400807857513428,0.6809252500534058,1.7044997215270996,0.0,0.0,0.0,164.44482421875,164.0,-5.966267108917236,-0.0,2532.95703125,1.0,293.1499938964844,293.1499938964844,293.1499938964844,293.1499938964844,293.1499938964844,293.1499938964844,278.1499938964844,0.0,18000.0,313.1499938964844,0.0,18000.0,0.0,0.0,0.0,0.0,0.0,0.0,0.0,0.0,0.0,0.0,-0.0,-0.0,0.0,0.0,0.0,0.0,0.0,-0.0,0.0,0.0,0.0,0.0,0.0,0.0,0.0,0.0,0.0,4.0,0.0,0.0
11884980,297.2749938964844,297.1499938964844,293.1499938964844,0.0,-0.0,291.0321044921875,0.7902608513832092,0.3145973682403564,0.2856137752532959,297.3533935546875,297.1499938964844,293.1499938964844,0.0,-0.0,291.0320739746094,0.8818231225013733,0.4424325823783874,0.4207133948802948,297.3448791503906,297.1499938964844,293.1499938964844,0.0,-0.0,291.0321044921875,0.8246052265167236,0.3587022423744201,0.2526344656944275,297.3446044921875,297.1499938964844,293.1499938964844,0.0,-0.0,291.0321044921875,0.8525087237358093,0.3992166817188263,0.380143404006958,297.26519775390625,297.1499938964844,293.1499938964844,0.0,-0.0,291.0321350097656,0.7536653876304626,0.2724611759185791,1.238769292831421,291.0320739746094,291.0260009765625,289.25,286.9443054199219,291.0302124023437,297.3105773925781,291.0320129394531,1.0,0.588117778301239,1.0,1.0,0.2692462503910064,1.0,-3.0953614711761475,2.412238121032715,0.6831233501434326,1.713019609451294,0.0,0.0,0.0,162.72633361816406,152.0,-4.788127899169922,-0.0,2550.010498046875,1.0,293.1499938964844,293.1499938964844,293.1499938964844,293.1499938964844,293.1499938964844,293.1499938964844,278.1499938964844,0.0,18000.0,313.1499938964844,0.0,18000.0,0.0,0.0,0.0,0.0,0.0,0.0,0.0,0.0,0.0,0.0,-0.0,-0.0,0.0,0.0,0.0,0.0,0.0,-0.0,0.0,0.0,0.0,0.0,0.0,0.0,0.0,0.0,0.0,4.0,0.0,0.0
11885040,297.2749938964844,297.1499938964844,293.1499938964844,0.0,-0.0,291.0321044921875,0.7902608513832092,0.3145973682403564,0.2856137752532959,297.3533935546875,297.1499938964844,293.1499938964844,0.0,-0.0,291.0320739746094,0.8818231225013733,0.4424325823783874,0.4207133948802948,297.3448791503906,297.1499938964844,293.1499938964844,0.0,-0.0,291.0321044921875,0.8246052265167236,0.3587022423744201,0.2526344656944275,297.3446044921875,297.1499938964844,293.1499938964844,0.0,-0.0,291.0321044921875,0.8525087237358093,0.3992166817188263,0.380143404006958,297.26519775390625,297.1499938964844,293.1499938964844,0.0,-0.0,291.0321350097656,0.7536653876304626,0.2724611759185791,1.238769292831421,291.0320739746094,291.0260009765625,289.25,286.9443054199219,291.0302124023437,297.3105773925781,291.0320129394531,1.0,0.588117778301239,1.0,1.0,0.2692462503910064,1.0,-3.0953614711761475,2.412238121032715,0.6831233501434326,1.713019609451294,0.0,0.0,0.0,162.72633361816406,152.0,-4.788127899169922,-0.0,2550.010498046875,1.0,293.1499938964844,293.1499938964844,293.1499938964844,293.1499938964844,293.1499938964844,293.1499938964844,278.1499938964844,0.0,18000.0,313.1499938964844,0.0,18000.0,0.0,0.0,0.0,0.0,0.0,0.0,0.0,0.0,0.0,0.0,-0.0,-0.0,0.0,0.0,0.0,0.0,0.0,-0.0,0.0,0.0,0.0,0.0,0.0,0.0,0.0,0.0,0.0,4.0,0.0,0.0
11885100,297.2740173339844,297.1499938964844,293.1499938964844,0.0,-0.0,291.03057861328125,0.7949255704879761,0.315292626619339,0.2861171960830688,297.3521728515625,297.1499938964844,293.1499938964844,0.0,-0.0,291.0305480957031,0.8871713876724243,0.4435998499393463,0.4216867685317993,297.3439025878906,297.1499938964844,293.1499938964844,0.0,-0.0,291.03057861328125,0.8292697072029114,0.3598411977291107,0.2533353567123413,297.34344482421875,297.1499938964844,293.1499938964844,0.0,-0.0,291.0305480957031,0.8574749827384949,0.4003342390060425,0.3810723721981048,297.2634582519531,297.1499938964844,293.1499938964844,0.0,-0.0,291.03057861328125,0.7578305602073669,0.2730188369750976,1.240694284439087,291.0305480957031,291.0260009765625,289.25,286.9429016113281,291.0287170410156,297.309326171875,291.03045654296875,1.0,0.5872175097465515,1.0,1.0,0.2689493000507355,1.0,-3.1014115810394287,2.4174177646636963,0.6839937567710876,1.71689772605896,0.0,0.0,0.0,159.957763671875,152.0,-4.570106029510498,-0.0,2547.00732421875,1.0,293.1499938964844,293.1499938964844,293.1499938964844,293.1499938964844,293.1499938964844,293.1499938964844,278.1499938964844,0.0,18000.0,313.1499938964844,0.0,18000.0,0.0,0.0,0.0,0.0,0.0,0.0,0.0,0.0,0.0,0.0,-0.0,-0.0,0.0,0.0,0.0,0.0,0.0,-0.0,0.0,0.0,0.0,0.0,0.0,0.0,0.0,0.0,0.0,4.0,0.0,0.0
11885160,297.273193359375,297.1499938964844,293.1499938964844,0.0,-0.0,291.029541015625,0.8008856177330017,0.3159969747066498,0.286599189043045,297.35107421875,297.1499938964844,293.1499938964844,0.0,-0.0,291.029541015625,0.8939928412437439,0.4447719752788543,0.422633558511734,297.3430480957031,297.1499938964844,293.1499938964844,0.0,-0.0,291.029541015625,0.8351708054542542,0.3609854876995086,0.2540166079998016,297.3423767089844,297.1499938964844,293.1499938964844,0.0,-0.0,291.029541015625,0.8638486266136169,0.401454895734787,0.3819727003574371,297.2618408203125,297.1499938964844,293.1499938964844,0.0,-0.0,291.029541015625,0.7632213830947876,0.2735778391361236,1.2424731254577637,291.029541015625,291.0260009765625,289.25,286.9414978027344,291.0285949707031,297.30816650390625,291.029541015625,1.0,0.585835874080658,1.0,1.0,0.2688495516777038,1.0,-3.1071701049804688,2.42183804512024,0.6853320598602295,1.720080852508545,0.0,0.0,0.0,156.39138793945312,140.0,-3.5036447048187256,-0.0,2539.192626953125,1.0,293.1499938964844,293.1499938964844,293.1499938964844,293.1499938964844,293.1499938964844,293.1499938964844,278.1499938964844,0.0,18000.0,313.1499938964844,0.0,18000.0,0.0,0.0,0.0,0.0,0.0,0.0,0.0,0.0,0.0,0.0,-0.0,-0.0,0.0,0.0,0.0,0.0,0.0,-0.0,0.0,0.0,0.0,0.0,0.0,0.0,0.0,0.0,0.0,4.0,0.0,0.0
11885220,297.2720031738281,297.1499938964844,293.1499938964844,0.0,-0.0,291.0289001464844,0.8158925175666809,0.3174380660057068,0.287528932094574,297.3492736816406,297.1499938964844,293.1499938964844,0.0,-0.0,291.0289001464844,0.912109911441803,0.4471361041069031,0.424479067325592,297.3417358398437,297.1499938964844,293.1499938964844,0.0,-0.0,291.0289001464844,0.8506224751472473,0.3632969856262207,0.2553454041481018,297.3406066894531,297.1499938964844,293.1499938964844,0.0,-0.0,291.0289001464844,0.880634605884552,0.4037126302719116,0.3837213218212127,297.259033203125,297.1499938964844,293.1499938964844,0.0,-0.0,291.0289001464844,0.7775235176086426,0.2747091948986053,1.2457668781280518,291.0289001464844,291.0260009765625,289.25,286.9386901855469,291.02862548828125,297.3063049316406,291.0289306640625,1.0,0.5820689797401428,1.0,1.0,0.2686500549316406,1.0,-3.1181671619415283,2.430237054824829,0.6879300475120544,1.7261147499084473,0.0,0.0,0.0,147.58006286621094,128.0,-1.6117925643920898,-0.0,2513.528564453125,1.0,293.1499938964844,293.1499938964844,293.1499938964844,293.1499938964844,293.1499938964844,293.1499938964844,278.1499938964844,0.0,18000.0,313.1499938964844,0.0,18000.0,0.0,0.0,0.0,0.0,0.0,0.0,0.0,0.0,0.0,0.0,-0.0,-0.0,0.0,0.0,0.0,0.0,0.0,-0.0,0.0,0.0,0.0,0.0,0.0,0.0,0.0,0.0,0.0,4.0,0.0,0.0
11885280,297.2720031738281,297.1499938964844,293.1499938964844,0.0,-0.0,291.0289001464844,0.8158925175666809,0.3174380660057068,0.287528932094574,297.3492736816406,297.1499938964844,293.1499938964844,0.0,-0.0,291.0289001464844,0.912109911441803,0.4471361041069031,0.424479067325592,297.3417358398437,297.1499938964844,293.1499938964844,0.0,-0.0,291.0289001464844,0.8506224751472473,0.3632969856262207,0.2553454041481018,297.3406066894531,297.1499938964844,293.1499938964844,0.0,-0.0,291.0289001464844,0.880634605884552,0.4037126302719116,0.3837213218212127,297.259033203125,297.1499938964844,293.1499938964844,0.0,-0.0,291.0289001464844,0.7775235176086426,0.2747091948986053,1.2457668781280518,291.0289001464844,291.0260009765625,289.25,286.9386901855469,291.02862548828125,297.3063049316406,291.0289306640625,1.0,0.5820689797401428,1.0,1.0,0.2686500549316406,1.0,-3.1181671619415283,2.430237054824829,0.6879300475120544,1.7261147499084473,0.0,0.0,0.0,147.58006286621094,128.0,-1.6117925643920898,-0.0,2513.528564453125,1.0,293.1499938964844,293.1499938964844,293.1499938964844,293.1499938964844,293.1499938964844,293.1499938964844,278.1499938964844,0.0,18000.0,313.1499938964844,0.0,18000.0,0.0,0.0,0.0,0.0,0.0,0.0,0.0,0.0,0.0,0.0,-0.0,-0.0,0.0,0.0,0.0,0.0,0.0,-0.0,0.0,0.0,0.0,0.0,0.0,0.0,0.0,0.0,0.0,4.0,0.0,0.0
11885340,297.27130126953125,297.1499938964844,293.1499938964844,0.0,-0.0,291.02862548828125,0.8343044519424438,0.3189124763011932,0.2884389460086822,297.347900390625,297.1499938964844,293.1499938964844,0.0,-0.0,291.02862548828125,0.9380307793617249,0.4495199024677276,0.4262899458408355,297.3408203125,297.1499938964844,293.1499938964844,0.0,-0.0,291.02862548828125,0.8714727759361267,0.3656339943408966,0.2566523253917694,297.3392333984375,297.1499938964844,293.1499938964844,0.0,-0.0,291.02862548828125,0.9028738141059875,0.4059881865978241,0.3854328989982605,297.2567443847656,297.1499938964844,293.1499938964844,0.0,-0.0,291.02862548828125,0.7965973019599915,0.2758594155311584,1.2488830089569092,291.02862548828125,291.0260009765625,289.25,286.9359130859375,291.0286865234375,297.30487060546875,291.0286560058594,1.0,0.5774621367454529,1.0,1.0,0.2684505879878998,1.0,-3.128814458847046,2.438392400741577,0.6904222369194031,1.7319775819778442,0.0,0.0,0.0,137.35537719726562,116.0,-0.7147113084793091,-0.0,2479.447021484375,1.0,293.1499938964844,293.1499938964844,293.1499938964844,293.1499938964844,293.1499938964844,293.1499938964844,278.1499938964844,0.0,18000.0,313.1499938964844,0.0,18000.0,0.0,0.0,0.0,0.0,0.0,0.0,0.0,0.0,0.0,0.0,-0.0,-0.0,0.0,0.0,0.0,0.0,0.0,-0.0,0.0,0.0,0.0,0.0,0.0,0.0,0.0,0.0,0.0,4.0,0.0,0.0
11885400,297.27130126953125,297.1499938964844,293.1499938964844,0.0,-0.0,291.02862548828125,0.8343044519424438,0.3189124763011932,0.2884389460086822,297.347900390625,297.1499938964844,293.1499938964844,0.0,-0.0,291.02862548828125,0.9380307793617249,0.4495199024677276,0.4262899458408355,297.3408203125,297.1499938964844,293.1499938964844,0.0,-0.0,291.02862548828125,0.8714727759361267,0.3656339943408966,0.2566523253917694,297.3392333984375,297.1499938964844,293.1499938964844,0.0,-0.0,291.02862548828125,0.9028738141059875,0.4059881865978241,0.3854328989982605,297.2567443847656,297.1499938964844,293.1499938964844,0.0,-0.0,291.02862548828125,0.7965973019599915,0.2758594155311584,1.2488830089569092,291.02862548828125,291.0260009765625,289.25,286.9359130859375,291.0286865234375,297.30487060546875,291.0286560058594,1.0,0.5774621367454529,1.0,1.0,0.2684505879878998,1.0,-3.128814458847046,2.438392400741577,0.6904222369194031,1.7319775819778442,0.0,0.0,0.0,137.35537719726562,116.0,-0.7147113084793091,-0.0,2479.447021484375,1.0,293.1499938964844,293.1499938964844,293.1499938964844,293.1499938964844,293.1499938964844,293.1499938964844,278.1499938964844,0.0,18000.0,313.1499938964844,0.0,18000.0,0.0,0.0,0.0,0.0,0.0,0.0,0.0,0.0,0.0,0.0,-0.0,-0.0,0.0,0.0,0.0,0.0,0.0,-0.0,0.0,0.0,0.0,0.0,0.0,0.0,0.0,0.0,0.0,4.0,0.0,0.0
11885460,297.2709350585937,297.1499938964844,293.1499938964844,0.0,-0.0,291.02899169921875,0.8582402467727661,0.3204089999198913,0.2893416583538055,297.3468017578125,297.1499938964844,293.1499938964844,0.0,-0.0,291.02899169921875,0.9687762260437012,0.4519153237342834,0.4280824661254883,297.3402404785156,297.1499938964844,293.1499938964844,0.0,-0.0,291.02899169921875,0.8987938165664673,0.3679895102977752,0.2579503655433655,297.3381652832031,297.1499938964844,293.1499938964844,0.0,-0.0,291.02899169921875,0.9340713024139404,0.4082753360271454,0.3871257901191711,297.25494384765625,297.1499938964844,293.1499938964844,0.0,-0.0,291.02899169921875,0.8201151490211487,0.2770256996154785,1.251928687095642,291.02899169921875,291.0260009765625,289.25,286.9332580566406,291.029541015625,297.3037414550781,291.029052734375,1.0,0.5723909735679626,1.0,1.0,0.268354594707489,1.0,-3.139312982559204,2.4461419582366943,0.693170964717865,1.7374656200408936,0.0,0.0,0.0,126.34888458251952,104.0,0.2510865032672882,-0.0,2440.640625,1.0,293.1499938964844,293.1499938964844,293.1499938964844,293.1499938964844,293.1499938964844,293.1499938964844,278.1499938964844,0.0,18000.0,313.1499938964844,0.0,18000.0,0.0,0.0,0.0,0.0,0.0,0.0,0.0,0.0,0.0,0.0,-0.0,-0.0,0.0,0.0,0.0,0.0,0.0,-0.0,0.0,0.0,0.0,0.0,0.0,0.0,0.0,0.0,0.0,4.0,0.0,0.0
11885520,297.2709350585937,297.1499938964844,293.1499938964844,0.0,-0.0,291.02899169921875,0.8582402467727661,0.3204089999198913,0.2893416583538055,297.3468017578125,297.1499938964844,293.1499938964844,0.0,-0.0,291.02899169921875,0.9687762260437012,0.4519153237342834,0.4280824661254883,297.3402404785156,297.1499938964844,293.1499938964844,0.0,-0.0,291.02899169921875,0.8987938165664673,0.3679895102977752,0.2579503655433655,297.3381652832031,297.1499938964844,293.1499938964844,0.0,-0.0,291.02899169921875,0.9340713024139404,0.4082753360271454,0.3871257901191711,297.25494384765625,297.1499938964844,293.1499938964844,0.0,-0.0,291.02899169921875,0.8201151490211487,0.2770256996154785,1.251928687095642,291.02899169921875,291.0260009765625,289.25,286.9332580566406,291.029541015625,297.3037414550781,291.029052734375,1.0,0.5723909735679626,1.0,1.0,0.268354594707489,1.0,-3.139312982559204,2.4461419582366943,0.693170964717865,1.7374656200408936,0.0,0.0,0.0,126.34888458251952,104.0,0.2510865032672882,-0.0,2440.640625,1.0,293.1499938964844,293.1499938964844,293.1499938964844,293.1499938964844,293.1499938964844,293.1499938964844,278.1499938964844,0.0,18000.0,313.1499938964844,0.0,18000.0,0.0,0.0,0.0,0.0,0.0,0.0,0.0,0.0,0.0,0.0,-0.0,-0.0,0.0,0.0,0.0,0.0,0.0,-0.0,0.0,0.0,0.0,0.0,0.0,0.0,0.0,0.0,0.0,4.0,0.0,0.0
11885580,297.27069091796875,297.1499938964844,293.1499938964844,0.0,-0.0,291.0297241210937,0.8903083801269531,0.3219181597232818,0.2902489006519317,297.3460998535156,297.1499938964844,293.1499938964844,0.0,-0.0,291.0297241210937,0.9990000128746032,0.4543377459049225,0.42960125207901,297.3398132324219,297.1499938964844,293.1499938964844,0.0,-0.0,291.0297241210937,0.936882257461548,0.370356410741806,0.259250670671463,297.3372497558594,297.1499938964844,293.1499938964844,0.0,-0.0,291.0297241210937,0.971770703792572,0.4105672836303711,0.3888154625892639,297.25341796875,297.1499938964844,293.1499938964844,0.0,-0.0,291.0297241210937,0.848411500453949,0.2782021462917328,1.254982352256775,291.0297241210937,291.0260009765625,289.25,286.9307861328125,291.03033447265625,297.3028869628906,291.02978515625,1.0,0.567007839679718,1.0,1.0,0.2682586014270782,1.0,-3.1487832069396973,2.453146457672119,0.6956369280815125,1.7424886226654053,0.0,0.0,0.0,115.03980255126952,107.0,0.7581028342247009,-0.0,2398.5224609375,1.0,293.1499938964844,293.1499938964844,293.1499938964844,293.1499938964844,293.1499938964844,293.1499938964844,278.1499938964844,0.0,18000.0,313.1499938964844,0.0,18000.0,0.0,0.0,0.0,0.0,0.0,0.0,0.0,0.0,0.0,0.0,-0.0,-0.0,0.0,0.0,0.0,0.0,0.0,-0.0,0.0,0.0,0.0,0.0,0.0,0.0,0.0,0.0,0.0,4.0,0.0,0.0
11885640,297.27069091796875,297.1499938964844,293.1499938964844,0.0,-0.0,291.0297241210937,0.8903083801269531,0.3219181597232818,0.2902489006519317,297.3460998535156,297.1499938964844,293.1499938964844,0.0,-0.0,291.0297241210937,0.9990000128746032,0.4543377459049225,0.42960125207901,297.3398132324219,297.1499938964844,293.1499938964844,0.0,-0.0,291.0297241210937,0.936882257461548,0.370356410741806,0.259250670671463,297.3372497558594,297.1499938964844,293.1499938964844,0.0,-0.0,291.0297241210937,0.971770703792572,0.4105672836303711,0.3888154625892639,297.25341796875,297.1499938964844,293.1499938964844,0.0,-0.0,291.0297241210937,0.848411500453949,0.2782021462917328,1.254982352256775,291.0297241210937,291.0260009765625,289.25,286.9307861328125,291.03033447265625,297.3028869628906,291.02978515625,1.0,0.567007839679718,1.0,1.0,0.2682586014270782,1.0,-3.1487832069396973,2.453146457672119,0.6956369280815125,1.7424886226654053,0.0,0.0,0.0,115.03980255126952,107.0,0.7581028342247009,-0.0,2398.5224609375,1.0,293.1499938964844,293.1499938964844,293.1499938964844,293.1499938964844,293.1499938964844,293.1499938964844,278.1499938964844,0.0,18000.0,313.1499938964844,0.0,18000.0,0.0,0.0,0.0,0.0,0.0,0.0,0.0,0.0,0.0,0.0,-0.0,-0.0,0.0,0.0,0.0,0.0,0.0,-0.0,0.0,0.0,0.0,0.0,0.0,0.0,0.0,0.0,0.0,4.0,0.0,0.0
11885700,297.2703552246094,297.1499938964844,293.1499938964844,0.0,-0.0,291.02996826171875,0.8971878290176392,0.3226500153541565,0.2908397316932678,297.3480529785156,297.1499938964844,293.1499938964844,0.0,-0.0,291.0299377441406,0.9990000128746032,0.4557673335075378,0.4225349426269531,297.3393859863281,297.1499938964844,293.1499938964844,0.0,-0.0,291.0299377441406,0.9452394247055054,0.3715183734893799,0.2600078284740448,297.33660888671875,297.1499938964844,293.1499938964844,0.0,-0.0,291.0299377441406,0.9787216186523438,0.4116899967193603,0.3898032903671264,297.2525329589844,297.1499938964844,293.1499938964844,0.0,-0.0,291.02996826171875,0.8545050621032715,0.2787685394287109,1.2571938037872314,291.0299377441406,291.0260009765625,289.25,286.9296569824219,291.0296325683594,297.30291748046875,291.0298767089844,1.0,0.5656654834747314,1.0,1.0,0.2682105898857116,1.0,-3.146446704864502,2.451608896255493,0.694837749004364,1.741644024848938,0.0,0.0,0.0,112.9654312133789,107.0,0.2250616997480392,-0.0,2382.431884765625,1.0,293.1499938964844,293.1499938964844,293.1499938964844,293.1499938964844,293.1499938964844,293.1499938964844,278.1499938964844,0.0,18000.0,313.1499938964844,0.0,18000.0,0.0,0.0,0.0,0.0,0.0,0.0,0.0,0.0,0.0,0.0,-0.0,-0.0,0.0,0.0,0.0,0.0,0.0,-0.0,0.0,0.0,0.0,0.0,0.0,0.0,0.0,0.0,0.0,4.0,0.0,0.0
11885760,297.2699890136719,297.1499938964844,293.1499938964844,0.0,-0.0,291.0294494628906,0.901836097240448,0.3233749866485595,0.2914447784423828,297.3533630371094,297.1499938964844,293.1499938964844,0.0,-0.0,291.0294494628906,0.9990000128746032,0.4575437605381012,0.4170946776866913,297.3389587402344,297.1499938964844,293.1499938964844,0.0,-0.0,291.0294494628906,0.9508476853370668,0.372676283121109,0.2607775926589966,297.3359680175781,297.1499938964844,293.1499938964844,0.0,-0.0,291.0294494628906,0.9832106232643129,0.4128082990646362,0.3908075988292694,297.25164794921875,297.1499938964844,293.1499938964844,0.0,-0.0,291.0294494628906,0.8586458563804626,0.2793327867984772,1.25948965549469,291.0294494628906,291.0260009765625,289.25,286.9285888671875,291.0291748046875,297.3041381835937,291.0294189453125,1.0,0.5648689270019531,1.0,1.0,0.2681351602077484,1.0,-3.145559549331665,2.451201677322388,0.6943578720092773,1.7414381504058838,0.0,0.0,0.0,111.7073745727539,125.0,-0.3660944998264313,-0.0,2373.97900390625,1.0,293.1499938964844,293.1499938964844,293.1499938964844,293.1499938964844,293.1499938964844,293.1499938964844,278.1499938964844,0.0,18000.0,313.1499938964844,0.0,18000.0,0.0,0.0,0.0,0.0,0.0,0.0,0.0,0.0,0.0,0.0,-0.0,-0.0,0.0,0.0,0.0,0.0,0.0,-0.0,0.0,0.0,0.0,0.0,0.0,0.0,0.0,0.0,0.0,4.0,0.0,0.0
11885820,297.2695617675781,297.1499938964844,293.1499938964844,0.0,-0.0,291.03009033203125,0.897269606590271,0.3248514831066131,0.2928245067596435,297.3611145019531,297.1499938964844,293.1499938964844,0.0,-0.0,291.03009033203125,0.9990000128746032,0.4609191119670868,0.4253055453300476,297.33856201171875,297.1499938964844,293.1499938964844,0.0,-0.0,291.03009033203125,0.9462448954582214,0.3750289678573608,0.2624552249908447,297.33514404296875,297.1499938964844,293.1499938964844,0.0,-0.0,291.03009033203125,0.9792032241821288,0.4150810837745666,0.3930019736289978,297.25054931640625,297.1499938964844,293.1499938964844,0.0,-0.0,291.0300598144531,0.8544116020202637,0.2805080413818359,1.265012502670288,291.03009033203125,291.0260009765625,289.25,286.9267578125,291.0322570800781,297.3066101074219,291.03033447265625,1.0,0.5702267289161682,1.0,1.0,0.2679842710494995,1.0,-3.1683473587036133,2.4679155349731445,0.7004319429397583,1.752657413482666,0.0,0.0,0.0,114.48578643798828,143.0,1.575512170791626,-0.0,2432.324951171875,1.0,293.1499938964844,293.1499938964844,293.1499938964844,293.1499938964844,293.1499938964844,293.1499938964844,278.1499938964844,0.0,18000.0,313.1499938964844,0.0,18000.0,0.0,0.0,0.0,0.0,0.0,0.0,0.0,0.0,0.0,0.0,-0.0,-0.0,0.0,0.0,0.0,0.0,0.0,-0.0,0.0,0.0,0.0,0.0,0.0,0.0,0.0,0.0,0.0,4.0,0.0,0.0
11885880,297.2695617675781,297.1499938964844,293.1499938964844,0.0,-0.0,291.03009033203125,0.897269606590271,0.3248514831066131,0.2928245067596435,297.3611145019531,297.1499938964844,293.1499938964844,0.0,-0.0,291.03009033203125,0.9990000128746032,0.4609191119670868,0.4253055453300476,297.33856201171875,297.1499938964844,293.1499938964844,0.0,-0.0,291.03009033203125,0.9462448954582214,0.3750289678573608,0.2624552249908447,297.33514404296875,297.1499938964844,293.1499938964844,0.0,-0.0,291.03009033203125,0.9792032241821288,0.4150810837745666,0.3930019736289978,297.25054931640625,297.1499938964844,293.1499938964844,0.0,-0.0,291.0300598144531,0.8544116020202637,0.2805080413818359,1.265012502670288,291.03009033203125,291.0260009765625,289.25,286.9267578125,291.0322570800781,297.3066101074219,291.03033447265625,1.0,0.5702267289161682,1.0,1.0,0.2679842710494995,1.0,-3.1683473587036133,2.4679155349731445,0.7004319429397583,1.752657413482666,0.0,0.0,0.0,114.48578643798828,143.0,1.575512170791626,-0.0,2432.324951171875,1.0,293.1499938964844,293.1499938964844,293.1499938964844,293.1499938964844,293.1499938964844,293.1499938964844,278.1499938964844,0.0,18000.0,313.1499938964844,0.0,18000.0,0.0,0.0,0.0,0.0,0.0,0.0,0.0,0.0,0.0,0.0,-0.0,-0.0,0.0,0.0,0.0,0.0,0.0,-0.0,0.0,0.0,0.0,0.0,0.0,0.0,0.0,0.0,0.0,4.0,0.0,0.0
11885940,297.2686462402344,297.1499938964844,293.1499938964844,0.0,-0.0,291.03375244140625,0.8757191896438599,0.3262761831283569,0.2944188416004181,297.3525695800781,297.1499938964844,293.1499938964844,0.0,-0.0,291.03375244140625,0.9883170127868652,0.4627389907836914,0.4382383525371551,297.3378295898437,297.1499938964844,293.1499938964844,0.0,-0.0,291.03375244140625,0.9212214350700378,0.3773446977138519,0.2643099129199981,297.33404541015625,297.1499938964844,293.1499938964844,0.0,-0.0,291.03375244140625,0.9568043947219848,0.4173162877559662,0.3954352736473083,297.2491760253906,297.1499938964844,293.1499938964844,0.0,-0.0,291.03375244140625,0.8352363109588623,0.2816444039344787,1.2716920375823977,291.03375244140625,291.0260009765625,289.25,286.92529296875,291.0356750488281,297.3031005859375,291.0339050292969,1.0,0.58000648021698,1.0,1.0,0.2678333818912506,1.0,-3.199019432067871,2.4901585578918457,0.7088610529899597,1.7683122158050537,0.0,0.0,0.0,123.79356384277344,161.0,3.59096097946167,-0.0,2542.44140625,1.0,293.1499938964844,293.1499938964844,293.1499938964844,293.1499938964844,293.1499938964844,293.1499938964844,278.1499938964844,0.0,18000.0,313.1499938964844,0.0,18000.0,0.0,0.0,0.0,0.0,0.0,0.0,0.0,0.0,0.0,0.0,-0.0,-0.0,0.0,0.0,0.0,0.0,0.0,-0.0,0.0,0.0,0.0,0.0,0.0,0.0,0.0,0.0,0.0,4.0,0.0,0.0
11886000,297.2686462402344,297.1499938964844,293.1499938964844,0.0,-0.0,291.03375244140625,0.8757191896438599,0.3262761831283569,0.2944188416004181,297.3525695800781,297.1499938964844,293.1499938964844,0.0,-0.0,291.03375244140625,0.9883170127868652,0.4627389907836914,0.4382383525371551,297.3378295898437,297.1499938964844,293.1499938964844,0.0,-0.0,291.03375244140625,0.9212214350700378,0.3773446977138519,0.2643099129199981,297.33404541015625,297.1499938964844,293.1499938964844,0.0,-0.0,291.03375244140625,0.9568043947219848,0.4173162877559662,0.3954352736473083,297.2491760253906,297.1499938964844,293.1499938964844,0.0,-0.0,291.03375244140625,0.8352363109588623,0.2816444039344787,1.2716920375823977,291.03375244140625,291.0260009765625,289.25,286.92529296875,291.0356750488281,297.3031005859375,291.0339050292969,1.0,0.58000648021698,1.0,1.0,0.2678333818912506,1.0,-3.199019432067871,2.4901585578918457,0.7088610529899597,1.7683122158050537,0.0,0.0,0.0,123.79356384277344,161.0,3.59096097946167,-0.0,2542.44140625,1.0,293.1499938964844,293.1499938964844,293.1499938964844,293.1499938964844,293.1499938964844,293.1499938964844,278.1499938964844,0.0,18000.0,313.1499938964844,0.0,18000.0,0.0,0.0,0.0,0.0,0.0,0.0,0.0,0.0,0.0,0.0,-0.0,-0.0,0.0,0.0,0.0,0.0,0.0,-0.0,0.0,0.0,0.0,0.0,0.0,0.0,0.0,0.0,0.0,4.0,0.0,0.0
11886060,297.2666320800781,297.1499938964844,293.1499938964844,0.0,-0.0,291.0347595214844,0.8460820913314819,0.3275758028030395,0.2961211502552032,297.3446350097656,297.1499938964844,293.1499938964844,0.0,-0.0,291.0347595214844,0.9559000730514526,0.4644968211650848,0.4403602182865143,297.3360900878906,297.1499938964844,293.1499938964844,0.0,-0.0,291.0347595214844,0.8878952860832214,0.37954843044281,0.2662583589553833,297.3320007324219,297.1499938964844,293.1499938964844,0.0,-0.0,291.0347595214844,0.9198176860809326,0.4194401204586029,0.3979961276054382,297.2467346191406,297.1499938964844,293.1499938964844,0.0,-0.0,291.0347595214844,0.8080880641937256,0.2826519906520843,1.2789019346237185,291.0347595214844,291.0260009765625,289.25,286.9243469238281,291.0360717773437,297.298828125,291.0348815917969,1.0,0.5910675525665283,1.0,1.0,0.2675952911376953,1.0,-3.2177088260650635,2.5041754245758057,0.7135334014892578,1.7782046794891355,0.0,0.0,0.0,138.49864196777344,179.0,1.9982057809829712,-0.0,2660.142822265625,1.0,293.1499938964844,293.1499938964844,293.1499938964844,293.1499938964844,293.1499938964844,293.1499938964844,278.1499938964844,0.0,18000.0,313.1499938964844,0.0,18000.0,0.0,0.0,0.0,0.0,0.0,0.0,0.0,0.0,0.0,0.0,-0.0,-0.0,0.0,0.0,0.0,0.0,0.0,-0.0,0.0,0.0,0.0,0.0,0.0,0.0,0.0,0.0,0.0,4.0,0.0,0.0
11886120,297.2666320800781,297.1499938964844,293.1499938964844,0.0,-0.0,291.0347595214844,0.8460820913314819,0.3275758028030395,0.2961211502552032,297.3446350097656,297.1499938964844,293.1499938964844,0.0,-0.0,291.0347595214844,0.9559000730514526,0.4644968211650848,0.4403602182865143,297.3360900878906,297.1499938964844,293.1499938964844,0.0,-0.0,291.0347595214844,0.8878952860832214,0.37954843044281,0.2662583589553833,297.3320007324219,297.1499938964844,293.1499938964844,0.0,-0.0,291.0347595214844,0.9198176860809326,0.4194401204586029,0.3979961276054382,297.2467346191406,297.1499938964844,293.1499938964844,0.0,-0.0,291.0347595214844,0.8080880641937256,0.2826519906520843,1.2789019346237185,291.0347595214844,291.0260009765625,289.25,286.9243469238281,291.0360717773437,297.298828125,291.0348815917969,1.0,0.5910675525665283,1.0,1.0,0.2675952911376953,1.0,-3.2177088260650635,2.5041754245758057,0.7135334014892578,1.7782046794891355,0.0,0.0,0.0,138.49864196777344,179.0,1.9982057809829712,-0.0,2660.142822265625,1.0,293.1499938964844,293.1499938964844,293.1499938964844,293.1499938964844,293.1499938964844,293.1499938964844,278.1499938964844,0.0,18000.0,313.1499938964844,0.0,18000.0,0.0,0.0,0.0,0.0,0.0,0.0,0.0,0.0,0.0,0.0,-0.0,-0.0,0.0,0.0,0.0,0.0,0.0,-0.0,0.0,0.0,0.0,0.0,0.0,0.0,0.0,0.0,0.0,4.0,0.0,0.0
11886180,297.2641296386719,297.1499938964844,293.1499938964844,0.0,-0.0,291.0355224609375,0.8214967846870422,0.3287974894046783,0.2978098392486572,297.3394775390625,297.1499938964844,293.1499938964844,0.0,-0.0,291.0355224609375,0.9222121834754944,0.4664370715618133,0.4427602887153625,297.3338928222656,297.1499938964844,293.1499938964844,0.0,-0.0,291.0355224609375,0.8605971336364746,0.3816820383071899,0.2682026028633117,297.3294982910156,297.1499938964844,293.1499938964844,0.0,-0.0,291.0355224609375,0.8895688652992249,0.4214931130409241,0.4005511403083801,297.2437438964844,297.1499938964844,293.1499938964844,0.0,-0.0,291.0355224609375,0.7824171781539917,0.2835762500762939,1.2860225439071655,291.0355224609375,291.0260009765625,289.25,286.9239501953125,291.0365905761719,297.2952575683594,291.0356140136719,1.0,0.6028958559036255,1.0,1.0,0.26735720038414,1.0,-3.2365975379943848,2.5183522701263428,0.7182453870773315,1.788210153579712,0.0,0.0,0.0,154.84848022460938,197.0,1.3137764930725098,-0.0,2788.672607421875,1.0,293.1499938964844,293.1499938964844,293.1499938964844,293.1499938964844,293.1499938964844,293.1499938964844,278.1499938964844,0.0,18000.0,313.1499938964844,0.0,18000.0,0.0,0.0,0.0,0.0,0.0,0.0,0.0,0.0,0.0,0.0,-0.0,-0.0,0.0,0.0,0.0,0.0,0.0,-0.0,0.0,0.0,0.0,0.0,0.0,0.0,0.0,0.0,0.0,4.0,0.0,0.0
11886240,297.2641296386719,297.1499938964844,293.1499938964844,0.0,-0.0,291.0355224609375,0.8214967846870422,0.3287974894046783,0.2978098392486572,297.3394775390625,297.1499938964844,293.1499938964844,0.0,-0.0,291.0355224609375,0.9222121834754944,0.4664370715618133,0.4427602887153625,297.3338928222656,297.1499938964844,293.1499938964844,0.0,-0.0,291.0355224609375,0.8605971336364746,0.3816820383071899,0.2682026028633117,297.3294982910156,297.1499938964844,293.1499938964844,0.0,-0.0,291.0355224609375,0.8895688652992249,0.4214931130409241,0.4005511403083801,297.2437438964844,297.1499938964844,293.1499938964844,0.0,-0.0,291.0355224609375,0.7824171781539917,0.2835762500762939,1.2860225439071655,291.0355224609375,291.0260009765625,289.25,286.9239501953125,291.0365905761719,297.2952575683594,291.0356140136719,1.0,0.6028958559036255,1.0,1.0,0.26735720038414,1.0,-3.2365975379943848,2.5183522701263428,0.7182453870773315,1.788210153579712,0.0,0.0,0.0,154.84848022460938,197.0,1.3137764930725098,-0.0,2788.672607421875,1.0,293.1499938964844,293.1499938964844,293.1499938964844,293.1499938964844,293.1499938964844,293.1499938964844,278.1499938964844,0.0,18000.0,313.1499938964844,0.0,18000.0,0.0,0.0,0.0,0.0,0.0,0.0,0.0,0.0,0.0,0.0,-0.0,-0.0,0.0,0.0,0.0,0.0,0.0,-0.0,0.0,0.0,0.0,0.0,0.0,0.0,0.0,0.0,0.0,4.0,0.0,0.0
11886300,297.2627258300781,297.1499938964844,293.1499938964844,0.0,-0.0,291.03582763671875,0.8104144930839539,0.3293834030628204,0.2986454665660858,297.33740234375,297.1499938964844,293.1499938964844,0.0,-0.0,291.0358581542969,0.9074692726135254,0.4674316942691803,0.4440089464187622,297.3326721191406,297.1499938964844,293.1499938964844,0.0,-0.0,291.03582763671875,0.848956823348999,0.3827255368232727,0.2691693007946014,297.3281555175781,297.1499938964844,293.1499938964844,0.0,-0.0,291.0358581542969,0.8768361210823059,0.4224956035614013,0.4018207788467407,297.2421264648437,297.1499938964844,293.1499938964844,0.0,-0.0,291.03582763671875,0.7711596488952637,0.2840104401111603,1.2895270586013794,291.0358581542969,291.0260009765625,289.25,286.9239807128906,291.036865234375,297.2935791015625,291.03594970703125,1.0,0.6089502573013306,1.0,1.0,0.2672381401062011,1.0,-3.246006965637207,2.525419235229492,0.7205877900123596,1.7931984663009644,0.0,0.0,0.0,163.41517639160156,197.0,1.1268712282180786,-0.0,2855.58203125,1.0,293.1499938964844,293.1499938964844,293.1499938964844,293.1499938964844,293.1499938964844,293.1499938964844,278.1499938964844,0.0,18000.0,313.1499938964844,0.0,18000.0,0.0,0.0,0.0,0.0,0.0,0.0,0.0,0.0,0.0,0.0,-0.0,-0.0,0.0,0.0,0.0,0.0,0.0,-0.0,0.0,0.0,0.0,0.0,0.0,0.0,0.0,0.0,0.0,4.0,0.0,0.0
11886360,297.2612609863281,297.1499938964844,293.1499938964844,0.0,-0.0,291.0359191894531,0.7995731830596924,0.3299537003040313,0.2994735538959503,297.3354797363281,297.1499938964844,293.1499938964844,0.0,-0.0,291.0359191894531,0.8950539827346802,0.4684293866157532,0.4452715814113617,297.33135986328125,297.1499938964844,293.1499938964844,0.0,-0.0,291.0359191894531,0.838520884513855,0.3837541043758392,0.2701307237148285,297.32672119140625,297.1499938964844,293.1499938964844,0.0,-0.0,291.0359191894531,0.8653052449226379,0.4234825372695923,0.4030826985836029,297.24041748046875,297.1499938964844,293.1499938964844,0.0,-0.0,291.0359191894531,0.7609848976135254,0.2844269573688507,1.292984127998352,291.0359191894531,291.0260009765625,289.25,286.9241943359375,291.0365600585937,297.2919006347656,291.0359802246094,1.0,0.615045428276062,1.0,1.0,0.2670429050922394,1.0,-3.255352020263672,2.532665252685547,0.7226869463920593,1.7983787059783936,0.0,0.0,0.0,172.160400390625,200.0,0.618206262588501,-0.0,2923.72509765625,1.0,293.1499938964844,293.1499938964844,293.1499938964844,293.1499938964844,293.1499938964844,293.1499938964844,278.1499938964844,0.0,18000.0,313.1499938964844,0.0,18000.0,0.0,0.0,0.0,0.0,0.0,0.0,0.0,0.0,0.0,0.0,-0.0,-0.0,0.0,0.0,0.0,0.0,0.0,-0.0,0.0,0.0,0.0,0.0,0.0,0.0,0.0,0.0,0.0,4.0,0.0,0.0
11886420,297.25830078125,297.1499938964844,293.1499938964844,0.0,-0.0,291.0353698730469,0.7875136137008667,0.3310612142086029,0.3008640706539154,297.3319091796875,297.1499938964844,293.1499938964844,0.0,-0.0,291.0353698730469,0.8817225694656372,0.470416784286499,0.4475506842136383,297.3286437988281,297.1499938964844,293.1499938964844,0.0,-0.0,291.0353698730469,0.8274598717689514,0.3857758939266205,0.2718466520309448,297.3236999511719,297.1499938964844,293.1499938964844,0.0,-0.0,291.0353698730469,0.8530519008636475,0.4254171252250671,0.4053236842155456,297.2369079589844,297.1499938964844,293.1499938964844,0.0,-0.0,291.0353698730469,0.7500213384628296,0.2852165102958679,1.2985336780548096,291.0353698730469,291.0260009765625,289.25,286.92510986328125,291.035400390625,297.2886047363281,291.035400390625,1.0,0.6229339241981506,1.0,1.0,0.2666524052619934,1.0,-3.27120041847229,2.5451653003692627,0.7260350584983826,1.807430505752564,0.0,0.0,0.0,183.3700408935547,203.0,-0.5046405792236328,-0.0,3019.935791015625,1.0,293.1499938964844,293.1499938964844,293.1499938964844,293.1499938964844,293.1499938964844,293.1499938964844,278.1499938964844,0.0,18000.0,313.1499938964844,0.0,18000.0,0.0,0.0,0.0,0.0,0.0,0.0,0.0,0.0,0.0,0.0,-0.0,-0.0,0.0,0.0,0.0,0.0,0.0,-0.0,0.0,0.0,0.0,0.0,0.0,0.0,0.0,0.0,0.0,4.0,0.0,0.0
11886480,297.25830078125,297.1499938964844,293.1499938964844,0.0,-0.0,291.0353698730469,0.7875136137008667,0.3310612142086029,0.3008640706539154,297.3319091796875,297.1499938964844,293.1499938964844,0.0,-0.0,291.0353698730469,0.8817225694656372,0.470416784286499,0.4475506842136383,297.3286437988281,297.1499938964844,293.1499938964844,0.0,-0.0,291.0353698730469,0.8274598717689514,0.3857758939266205,0.2718466520309448,297.3236999511719,297.1499938964844,293.1499938964844,0.0,-0.0,291.0353698730469,0.8530519008636475,0.4254171252250671,0.4053236842155456,297.2369079589844,297.1499938964844,293.1499938964844,0.0,-0.0,291.0353698730469,0.7500213384628296,0.2852165102958679,1.2985336780548096,291.0353698730469,291.0260009765625,289.25,286.92510986328125,291.035400390625,297.2886047363281,291.035400390625,1.0,0.6229339241981506,1.0,1.0,0.2666524052619934,1.0,-3.27120041847229,2.5451653003692627,0.7260350584983826,1.807430505752564,0.0,0.0,0.0,183.3700408935547,203.0,-0.5046405792236328,-0.0,3019.935791015625,1.0,293.1499938964844,293.1499938964844,293.1499938964844,293.1499938964844,293.1499938964844,293.1499938964844,278.1499938964844,0.0,18000.0,313.1499938964844,0.0,18000.0,0.0,0.0,0.0,0.0,0.0,0.0,0.0,0.0,0.0,0.0,-0.0,-0.0,0.0,0.0,0.0,0.0,0.0,-0.0,0.0,0.0,0.0,0.0,0.0,0.0,0.0,0.0,0.0,4.0,0.0,0.0
11886540,297.25555419921875,297.1499938964844,293.1499938964844,0.0,-0.0,291.0343017578125,0.7806679010391235,0.3321550786495209,0.3021001517772674,297.3287353515625,297.1499938964844,293.1499938964844,0.0,-0.0,291.0342712402344,0.8743070960044861,0.4723982810974121,0.449680894613266,297.3260498046875,297.1499938964844,293.1499938964844,0.0,-0.0,291.0343017578125,0.8213552832603455,0.3877769112586975,0.2734379470348358,297.32080078125,297.1499938964844,293.1499938964844,0.0,-0.0,291.0343017578125,0.8463389873504639,0.427323579788208,0.4073894023895263,297.2335510253906,297.1499938964844,293.1499938964844,0.0,-0.0,291.0343017578125,0.7438512444496155,0.2859767377376556,1.3032389879226685,291.0342712402344,291.0260009765625,289.25,286.92681884765625,291.03399658203125,297.2855529785156,291.0343017578125,1.0,0.6287454962730408,1.0,1.0,0.2662619054317474,1.0,-3.2853057384490967,2.556438684463501,0.7288670539855957,1.8156038522720337,0.0,0.0,0.0,190.8753356933593,191.0,-1.267287254333496,-0.0,3092.462158203125,1.0,293.1499938964844,293.1499938964844,293.1499938964844,293.1499938964844,293.1499938964844,293.1499938964844,278.1499938964844,0.0,18000.0,313.1499938964844,0.0,18000.0,0.0,0.0,0.0,0.0,0.0,0.0,0.0,0.0,0.0,0.0,-0.0,-0.0,0.0,0.0,0.0,0.0,0.0,-0.0,0.0,0.0,0.0,0.0,0.0,0.0,0.0,0.0,0.0,4.0,0.0,0.0
11886600,297.25555419921875,297.1499938964844,293.1499938964844,0.0,-0.0,291.0343017578125,0.7806679010391235,0.3321550786495209,0.3021001517772674,297.3287353515625,297.1499938964844,293.1499938964844,0.0,-0.0,291.0342712402344,0.8743070960044861,0.4723982810974121,0.449680894613266,297.3260498046875,297.1499938964844,293.1499938964844,0.0,-0.0,291.0343017578125,0.8213552832603455,0.3877769112586975,0.2734379470348358,297.32080078125,297.1499938964844,293.1499938964844,0.0,-0.0,291.0343017578125,0.8463389873504639,0.427323579788208,0.4073894023895263,297.2335510253906,297.1499938964844,293.1499938964844,0.0,-0.0,291.0343017578125,0.7438512444496155,0.2859767377376556,1.3032389879226685,291.0342712402344,291.0260009765625,289.25,286.92681884765625,291.03399658203125,297.2855529785156,291.0343017578125,1.0,0.6287454962730408,1.0,1.0,0.2662619054317474,1.0,-3.2853057384490967,2.556438684463501,0.7288670539855957,1.8156038522720337,0.0,0.0,0.0,190.8753356933593,191.0,-1.267287254333496,-0.0,3092.462158203125,1.0,293.1499938964844,293.1499938964844,293.1499938964844,293.1499938964844,293.1499938964844,293.1499938964844,278.1499938964844,0.0,18000.0,313.1499938964844,0.0,18000.0,0.0,0.0,0.0,0.0,0.0,0.0,0.0,0.0,0.0,0.0,-0.0,-0.0,0.0,0.0,0.0,0.0,0.0,-0.0,0.0,0.0,0.0,0.0,0.0,0.0,0.0,0.0,0.0,4.0,0.0,0.0
11886660,297.2532043457031,297.1499938964844,293.1499938964844,0.0,-0.0,291.03302001953125,0.7832881808280945,0.3332524299621582,0.3030152320861816,297.3258972167969,297.1499938964844,293.1499938964844,0.0,-0.0,291.0329895019531,0.8774971961975098,0.4743736684322357,0.4514685571193695,297.32373046875,297.1499938964844,293.1499938964844,0.0,-0.0,291.0329895019531,0.824346661567688,0.389771819114685,0.2747737467288971,297.3181457519531,297.1499938964844,293.1499938964844,0.0,-0.0,291.0329895019531,0.8493232131004333,0.4292151033878326,0.409101665019989,297.2304992675781,297.1499938964844,293.1499938964844,0.0,-0.0,291.03302001953125,0.7459964752197266,0.2867257297039032,1.306278109550476,291.0329895019531,291.0260009765625,289.25,286.92938232421875,291.03240966796875,297.2828063964844,291.032958984375,1.0,0.6290718913078308,1.0,1.0,0.2659104764461517,1.0,-3.2958810329437256,2.5650784969329834,0.7308025360107422,1.8219715356826784,0.0,0.0,0.0,189.7268829345703,179.0,-1.7440341711044312,-0.0,3109.107666015625,1.0,293.1499938964844,293.1499938964844,293.1499938964844,293.1499938964844,293.1499938964844,293.1499938964844,278.1499938964844,0.0,18000.0,313.1499938964844,0.0,18000.0,0.0,0.0,0.0,0.0,0.0,0.0,0.0,0.0,0.0,0.0,-0.0,-0.0,0.0,0.0,0.0,0.0,0.0,-0.0,0.0,0.0,0.0,0.0,0.0,0.0,0.0,0.0,0.0,4.0,0.0,0.0
11886720,297.2532043457031,297.1499938964844,293.1499938964844,0.0,-0.0,291.03302001953125,0.7832881808280945,0.3332524299621582,0.3030152320861816,297.3258972167969,297.1499938964844,293.1499938964844,0.0,-0.0,291.0329895019531,0.8774971961975098,0.4743736684322357,0.4514685571193695,297.32373046875,297.1499938964844,293.1499938964844,0.0,-0.0,291.0329895019531,0.824346661567688,0.389771819114685,0.2747737467288971,297.3181457519531,297.1499938964844,293.1499938964844,0.0,-0.0,291.0329895019531,0.8493232131004333,0.4292151033878326,0.409101665019989,297.2304992675781,297.1499938964844,293.1499938964844,0.0,-0.0,291.03302001953125,0.7459964752197266,0.2867257297039032,1.306278109550476,291.0329895019531,291.0260009765625,289.25,286.92938232421875,291.03240966796875,297.2828063964844,291.032958984375,1.0,0.6290718913078308,1.0,1.0,0.2659104764461517,1.0,-3.2958810329437256,2.5650784969329834,0.7308025360107422,1.8219715356826784,0.0,0.0,0.0,189.7268829345703,179.0,-1.7440341711044312,-0.0,3109.107666015625,1.0,293.1499938964844,293.1499938964844,293.1499938964844,293.1499938964844,293.1499938964844,293.1499938964844,278.1499938964844,0.0,18000.0,313.1499938964844,0.0,18000.0,0.0,0.0,0.0,0.0,0.0,0.0,0.0,0.0,0.0,0.0,-0.0,-0.0,0.0,0.0,0.0,0.0,0.0,-0.0,0.0,0.0,0.0,0.0,0.0,0.0,0.0,0.0,0.0,4.0,0.0,0.0
11886780,297.25146484375,297.1499938964844,293.1499938964844,0.0,-0.0,291.0314025878906,0.7916595935821533,0.3343825340270996,0.3037705719470978,297.3235168457031,297.1499938964844,293.1499938964844,0.0,-0.0,291.0313720703125,0.8871468305587769,0.4763617217540741,0.453070193529129,297.3219299316406,297.1499938964844,293.1499938964844,0.0,-0.0,291.0314025878906,0.8328201174736023,0.3917876780033111,0.2759769558906555,297.3158874511719,297.1499938964844,293.1499938964844,0.0,-0.0,291.0313720703125,0.8582697510719299,0.4311171174049377,0.4106245636940002,297.2280578613281,297.1499938964844,293.1499938964844,0.0,-0.0,291.0314025878906,0.7532391548156738,0.287495344877243,1.308456301689148,291.0313720703125,291.0260009765625,289.25,286.932861328125,291.0306091308594,297.2806091308594,291.0313415527344,1.0,0.6267096996307373,1.0,1.0,0.265559047460556,1.0,-3.304614543914795,2.5724120140075684,0.7322026491165161,1.827397584915161,0.0,0.0,0.0,183.5587158203125,167.0,-2.137917995452881,-0.0,3093.481201171875,1.0,293.1499938964844,293.1499938964844,293.1499938964844,293.1499938964844,293.1499938964844,293.1499938964844,278.1499938964844,0.0,18000.0,313.1499938964844,0.0,18000.0,0.0,0.0,0.0,0.0,0.0,0.0,0.0,0.0,0.0,0.0,-0.0,-0.0,0.0,0.0,0.0,0.0,0.0,-0.0,0.0,0.0,0.0,0.0,0.0,0.0,0.0,0.0,0.0,4.0,0.0,0.0
11886840,297.25146484375,297.1499938964844,293.1499938964844,0.0,-0.0,291.0314025878906,0.7916595935821533,0.3343825340270996,0.3037705719470978,297.3235168457031,297.1499938964844,293.1499938964844,0.0,-0.0,291.0313720703125,0.8871468305587769,0.4763617217540741,0.453070193529129,297.3219299316406,297.1499938964844,293.1499938964844,0.0,-0.0,291.0314025878906,0.8328201174736023,0.3917876780033111,0.2759769558906555,297.3158874511719,297.1499938964844,293.1499938964844,0.0,-0.0,291.0313720703125,0.8582697510719299,0.4311171174049377,0.4106245636940002,297.2280578613281,297.1499938964844,293.1499938964844,0.0,-0.0,291.0314025878906,0.7532391548156738,0.287495344877243,1.308456301689148,291.0313720703125,291.0260009765625,289.25,286.932861328125,291.0306091308594,297.2806091308594,291.0313415527344,1.0,0.6267096996307373,1.0,1.0,0.265559047460556,1.0,-3.304614543914795,2.5724120140075684,0.7322026491165161,1.827397584915161,0.0,0.0,0.0,183.5587158203125,167.0,-2.137917995452881,-0.0,3093.481201171875,1.0,293.1499938964844,293.1499938964844,293.1499938964844,293.1499938964844,293.1499938964844,293.1499938964844,278.1499938964844,0.0,18000.0,313.1499938964844,0.0,18000.0,0.0,0.0,0.0,0.0,0.0,0.0,0.0,0.0,0.0,0.0,-0.0,-0.0,0.0,0.0,0.0,0.0,0.0,-0.0,0.0,0.0,0.0,0.0,0.0,0.0,0.0,0.0,0.0,4.0,0.0,0.0
11886900,297.25079345703125,297.1499938964844,293.1499938964844,0.0,-0.0,291.030517578125,0.7974028587341309,0.3349588811397552,0.3041184842586517,297.322509765625,297.1499938964844,293.1499938964844,0.0,-0.0,291.030517578125,0.8937422037124634,0.4773600697517395,0.4538328051567077,297.3211975097656,297.1499938964844,293.1499938964844,0.0,-0.0,291.030517578125,0.8385686874389648,0.3928037583827972,0.2765528857707977,297.3149108886719,297.1499938964844,293.1499938964844,0.0,-0.0,291.030517578125,0.8644371628761292,0.4320727288722992,0.4113478064537048,297.22705078125,297.1499938964844,293.1499938964844,0.0,-0.0,291.0305480957031,0.7583115100860596,0.2878903448581695,1.30938720703125,291.030517578125,291.0260009765625,289.25,286.9349670410156,291.0296630859375,297.2796630859375,291.0304870605469,1.0,0.624911367893219,1.0,1.0,0.2653833329677582,1.0,-3.3086323738098145,2.575831890106201,0.732800304889679,1.829936146736145,0.0,0.0,0.0,179.37884521484375,167.0,-2.2692558765411377,-0.0,3078.679931640625,1.0,293.1499938964844,293.1499938964844,293.1499938964844,293.1499938964844,293.1499938964844,293.1499938964844,278.1499938964844,0.0,18000.0,313.1499938964844,0.0,18000.0,0.0,0.0,0.0,0.0,0.0,0.0,0.0,0.0,0.0,0.0,-0.0,-0.0,0.0,0.0,0.0,0.0,0.0,-0.0,0.0,0.0,0.0,0.0,0.0,0.0,0.0,0.0,0.0,4.0,0.0,0.0
11886960,297.2502136230469,297.1499938964844,293.1499938964844,0.0,-0.0,291.02984619140625,0.8040132522583008,0.3355412781238556,0.3044549524784088,297.3215637207031,297.1499938964844,293.1499938964844,0.0,-0.0,291.02984619140625,0.9013371467590332,0.4783605933189392,0.4545794725418091,297.3205261230469,297.1499938964844,293.1499938964844,0.0,-0.0,291.02984619140625,0.8452329039573669,0.3938245773315429,0.2771188020706177,297.3140563964844,297.1499938964844,293.1499938964844,0.0,-0.0,291.02984619140625,0.8716104030609131,0.4330309331417084,0.4120554625988006,297.2261657714844,297.1499938964844,293.1499938964844,0.0,-0.0,291.02984619140625,0.7642520070075989,0.2882920503616333,1.3102620840072632,291.02984619140625,291.0260009765625,289.25,286.93731689453125,291.0292663574219,297.27880859375,291.0298156738281,1.0,0.6228504180908203,1.0,1.0,0.2652827799320221,1.0,-3.312518835067749,2.5789380073547363,0.7335807681083679,1.8321876525878904,0.0,0.0,0.0,174.73287963867188,155.0,-2.0063836574554443,-0.0,3060.915771484375,1.0,293.1499938964844,293.1499938964844,293.1499938964844,293.1499938964844,293.1499938964844,293.1499938964844,278.1499938964844,0.0,18000.0,313.1499938964844,0.0,18000.0,0.0,0.0,0.0,0.0,0.0,0.0,0.0,0.0,0.0,0.0,-0.0,-0.0,0.0,0.0,0.0,0.0,0.0,-0.0,0.0,0.0,0.0,0.0,0.0,0.0,0.0,0.0,0.0,4.0,0.0,0.0
11887020,297.2493591308594,297.1499938964844,293.1499938964844,0.0,-0.0,291.02899169921875,0.8190582990646362,0.3367229402065277,0.3051079213619232,297.3199462890625,297.1499938964844,293.1499938964844,0.0,-0.0,291.02899169921875,0.9207319617271424,0.4803683459758758,0.4560415744781494,297.31951904296875,297.1499938964844,293.1499938964844,0.0,-0.0,291.02899169921875,0.8614551424980164,0.3958806097507477,0.2782329618930816,297.3125305175781,297.1499938964844,293.1499938964844,0.0,-0.0,291.02899169921875,0.8889516592025757,0.4349555969238281,0.4134409129619598,297.22479248046875,297.1499938964844,293.1499938964844,0.0,-0.0,291.02899169921875,0.7787556052207947,0.2891162931919098,1.311926245689392,291.02899169921875,291.0260009765625,289.25,286.9428405761719,291.0285949707031,297.27740478515625,291.0289611816406,1.0,0.6181864738464355,1.0,1.0,0.2650816440582275,1.0,-3.3200697898864746,2.58496356010437,0.7351062297821045,1.8365455865859983,0.0,0.0,0.0,164.47750854492188,143.0,-1.431650996208191,-0.0,3019.311279296875,1.0,293.1499938964844,293.1499938964844,293.1499938964844,293.1499938964844,293.1499938964844,293.1499938964844,278.1499938964844,0.0,18000.0,313.1499938964844,0.0,18000.0,0.0,0.0,0.0,0.0,0.0,0.0,0.0,0.0,0.0,0.0,-0.0,-0.0,0.0,0.0,0.0,0.0,0.0,-0.0,0.0,0.0,0.0,0.0,0.0,0.0,0.0,0.0,0.0,4.0,0.0,0.0
11887080,297.2493591308594,297.1499938964844,293.1499938964844,0.0,-0.0,291.02899169921875,0.8190582990646362,0.3367229402065277,0.3051079213619232,297.3199462890625,297.1499938964844,293.1499938964844,0.0,-0.0,291.02899169921875,0.9207319617271424,0.4803683459758758,0.4560415744781494,297.31951904296875,297.1499938964844,293.1499938964844,0.0,-0.0,291.02899169921875,0.8614551424980164,0.3958806097507477,0.2782329618930816,297.3125305175781,297.1499938964844,293.1499938964844,0.0,-0.0,291.02899169921875,0.8889516592025757,0.4349555969238281,0.4134409129619598,297.22479248046875,297.1499938964844,293.1499938964844,0.0,-0.0,291.02899169921875,0.7787556052207947,0.2891162931919098,1.311926245689392,291.02899169921875,291.0260009765625,289.25,286.9428405761719,291.0285949707031,297.27740478515625,291.0289611816406,1.0,0.6181864738464355,1.0,1.0,0.2650816440582275,1.0,-3.3200697898864746,2.58496356010437,0.7351062297821045,1.8365455865859983,0.0,0.0,0.0,164.47750854492188,143.0,-1.431650996208191,-0.0,3019.311279296875,1.0,293.1499938964844,293.1499938964844,293.1499938964844,293.1499938964844,293.1499938964844,293.1499938964844,278.1499938964844,0.0,18000.0,313.1499938964844,0.0,18000.0,0.0,0.0,0.0,0.0,0.0,0.0,0.0,0.0,0.0,0.0,-0.0,-0.0,0.0,0.0,0.0,0.0,0.0,-0.0,0.0,0.0,0.0,0.0,0.0,0.0,0.0,0.0,0.0,4.0,0.0,0.0
11887140,297.2487487792969,297.1499938964844,293.1499938964844,0.0,-0.0,291.0282287597656,0.8366562724113464,0.3379192948341369,0.3057467043399811,297.31854248046875,297.1499938964844,293.1499938964844,0.0,-0.0,291.0282287597656,0.9456741809844972,0.4823796153068542,0.4574775099754333,297.3187561035156,297.1499938964844,293.1499938964844,0.0,-0.0,291.0282287597656,0.8819968700408936,0.3979502022266388,0.2793348133563995,297.311279296875,297.1499938964844,293.1499938964844,0.0,-0.0,291.0282287597656,0.9107419848442078,0.4368862807750702,0.4148024022579193,297.22381591796875,297.1499938964844,293.1499938964844,0.0,-0.0,291.0282287597656,0.7969310879707336,0.2899641692638397,1.313554763793945,291.0282287597656,291.0260009765625,289.25,286.94952392578125,291.0279235839844,297.2762451171875,291.0282287597656,1.0,0.6130742430686951,1.0,1.0,0.2648805379867553,1.0,-3.327486038208008,2.590896844863892,0.7365891933441162,1.8408324718475344,0.0,0.0,0.0,153.4292449951172,131.0,-1.1568745374679563,-0.0,2972.71044921875,1.0,293.1499938964844,293.1499938964844,293.1499938964844,293.1499938964844,293.1499938964844,293.1499938964844,278.1499938964844,0.0,18000.0,313.1499938964844,0.0,18000.0,0.0,0.0,0.0,0.0,0.0,0.0,0.0,0.0,0.0,0.0,-0.0,-0.0,0.0,0.0,0.0,0.0,0.0,-0.0,0.0,0.0,0.0,0.0,0.0,0.0,0.0,0.0,0.0,4.0,0.0,0.0
11887200,297.2487487792969,297.1499938964844,293.1499938964844,0.0,-0.0,291.0282287597656,0.8366562724113464,0.3379192948341369,0.3057467043399811,297.31854248046875,297.1499938964844,293.1499938964844,0.0,-0.0,291.0282287597656,0.9456741809844972,0.4823796153068542,0.4574775099754333,297.3187561035156,297.1499938964844,293.1499938964844,0.0,-0.0,291.0282287597656,0.8819968700408936,0.3979502022266388,0.2793348133563995,297.311279296875,297.1499938964844,293.1499938964844,0.0,-0.0,291.0282287597656,0.9107419848442078,0.4368862807750702,0.4148024022579193,297.22381591796875,297.1499938964844,293.1499938964844,0.0,-0.0,291.0282287597656,0.7969310879707336,0.2899641692638397,1.313554763793945,291.0282287597656,291.0260009765625,289.25,286.94952392578125,291.0279235839844,297.2762451171875,291.0282287597656,1.0,0.6130742430686951,1.0,1.0,0.2648805379867553,1.0,-3.327486038208008,2.590896844863892,0.7365891933441162,1.8408324718475344,0.0,0.0,0.0,153.4292449951172,131.0,-1.1568745374679563,-0.0,2972.71044921875,1.0,293.1499938964844,293.1499938964844,293.1499938964844,293.1499938964844,293.1499938964844,293.1499938964844,278.1499938964844,0.0,18000.0,313.1499938964844,0.0,18000.0,0.0,0.0,0.0,0.0,0.0,0.0,0.0,0.0,0.0,0.0,-0.0,-0.0,0.0,0.0,0.0,0.0,0.0,-0.0,0.0,0.0,0.0,0.0,0.0,0.0,0.0,0.0,0.0,4.0,0.0,0.0
11887260,297.2482604980469,297.1499938964844,293.1499938964844,0.0,-0.0,291.0274353027344,0.8587549924850464,0.3391218185424804,0.3063769936561584,297.3172912597656,297.1499938964844,293.1499938964844,0.0,-0.0,291.0274353027344,0.9732001423835754,0.4843880534172058,0.4588955342769623,297.3181457519531,297.1499938964844,293.1499938964844,0.0,-0.0,291.0274353027344,0.9076781868934632,0.4000267088413238,0.2804302275180816,297.3101806640625,297.1499938964844,293.1499938964844,0.0,-0.0,291.0274353027344,0.9401759505271912,0.4388169348239898,0.4161485731601715,297.2231140136719,297.1499938964844,293.1499938964844,0.0,-0.0,291.0274353027344,0.8185487389564514,0.2908297777175903,1.315190076828003,291.0274353027344,291.02801513671875,289.2483825683594,286.9569091796875,291.0268859863281,297.2752380371094,291.02740478515625,1.0,0.6077159643173218,1.0,1.0,0.2647885084152221,1.0,-3.3348519802093506,2.5964627265930176,0.7383894324302673,1.844758152961731,0.0,0.0,0.0,141.9554901123047,119.0,-1.297118067741394,-0.0,2923.359619140625,1.0,293.1499938964844,293.1499938964844,293.1499938964844,293.1499938964844,293.1499938964844,293.1499938964844,278.1499938964844,0.0,18000.0,313.1499938964844,0.0,18000.0,0.0,0.0,0.0,0.0,0.0,0.0,0.0,0.0,0.0,0.0,-0.0,-0.0,0.0,0.0,0.0,0.0,0.0,-0.0,0.0,0.0,0.0,0.0,0.0,0.0,0.0,0.0,0.0,4.0,0.0,0.0
11887320,297.2482604980469,297.1499938964844,293.1499938964844,0.0,-0.0,291.0274353027344,0.8587549924850464,0.3391218185424804,0.3063769936561584,297.3172912597656,297.1499938964844,293.1499938964844,0.0,-0.0,291.0274353027344,0.9732001423835754,0.4843880534172058,0.4588955342769623,297.3181457519531,297.1499938964844,293.1499938964844,0.0,-0.0,291.0274353027344,0.9076781868934632,0.4000267088413238,0.2804302275180816,297.3101806640625,297.1499938964844,293.1499938964844,0.0,-0.0,291.0274353027344,0.9401759505271912,0.4388169348239898,0.4161485731601715,297.2231140136719,297.1499938964844,293.1499938964844,0.0,-0.0,291.0274353027344,0.8185487389564514,0.2908297777175903,1.315190076828003,291.0274353027344,291.02801513671875,289.2483825683594,286.9569091796875,291.0268859863281,297.2752380371094,291.02740478515625,1.0,0.6077159643173218,1.0,1.0,0.2647885084152221,1.0,-3.3348519802093506,2.5964627265930176,0.7383894324302673,1.844758152961731,0.0,0.0,0.0,141.9554901123047,119.0,-1.297118067741394,-0.0,2923.359619140625,1.0,293.1499938964844,293.1499938964844,293.1499938964844,293.1499938964844,293.1499938964844,293.1499938964844,278.1499938964844,0.0,18000.0,313.1499938964844,0.0,18000.0,0.0,0.0,0.0,0.0,0.0,0.0,0.0,0.0,0.0,0.0,-0.0,-0.0,0.0,0.0,0.0,0.0,0.0,-0.0,0.0,0.0,0.0,0.0,0.0,0.0,0.0,0.0,0.0,4.0,0.0,0.0
11887380,297.24774169921875,297.1499938964844,293.1499938964844,0.0,-0.0,291.0250244140625,0.8871910572052002,0.340314507484436,0.3070019781589508,297.31610107421875,297.1499938964844,293.1499938964844,0.0,-0.0,291.0249938964844,0.9990000128746032,0.4863862097263336,0.4596841335296631,297.3175354003906,297.1499938964844,293.1499938964844,0.0,-0.0,291.0250244140625,0.9426606893539428,0.4020956456661224,0.2815227806568146,297.3090515136719,297.1499938964844,293.1499938964844,0.0,-0.0,291.0250244140625,0.9732553958892822,0.4407335519790649,0.4174846708774566,297.2225952148437,297.1499938964844,293.1499938964844,0.0,-0.0,291.0250244140625,0.8434930443763733,0.2917010188102722,1.3168625831604004,291.0249938964844,291.0339050292969,289.2436218261719,286.9645690917969,291.0233459472656,297.2742614746094,291.02490234375,1.0,0.6021755933761597,1.0,1.0,0.2646964490413666,1.0,-3.3414089679718018,2.6014275550842285,0.7399815320968628,1.848363757133484,0.0,0.0,0.0,130.39993286132812,122.0,-3.0624923706054688,-0.0,2871.6474609375,1.0,293.1499938964844,293.1499938964844,293.1499938964844,293.1499938964844,293.1499938964844,293.1499938964844,278.1499938964844,0.0,18000.0,313.1499938964844,0.0,18000.0,0.0,0.0,0.0,0.0,0.0,0.0,0.0,0.0,0.0,0.0,-0.0,-0.0,0.0,0.0,0.0,0.0,0.0,-0.0,0.0,0.0,0.0,0.0,0.0,0.0,0.0,0.0,0.0,4.0,0.0,0.0
11887440,297.24774169921875,297.1499938964844,293.1499938964844,0.0,-0.0,291.0250244140625,0.8871910572052002,0.340314507484436,0.3070019781589508,297.31610107421875,297.1499938964844,293.1499938964844,0.0,-0.0,291.0249938964844,0.9990000128746032,0.4863862097263336,0.4596841335296631,297.3175354003906,297.1499938964844,293.1499938964844,0.0,-0.0,291.0250244140625,0.9426606893539428,0.4020956456661224,0.2815227806568146,297.3090515136719,297.1499938964844,293.1499938964844,0.0,-0.0,291.0250244140625,0.9732553958892822,0.4407335519790649,0.4174846708774566,297.2225952148437,297.1499938964844,293.1499938964844,0.0,-0.0,291.0250244140625,0.8434930443763733,0.2917010188102722,1.3168625831604004,291.0249938964844,291.0339050292969,289.2436218261719,286.9645690917969,291.0233459472656,297.2742614746094,291.02490234375,1.0,0.6021755933761597,1.0,1.0,0.2646964490413666,1.0,-3.3414089679718018,2.6014275550842285,0.7399815320968628,1.848363757133484,0.0,0.0,0.0,130.39993286132812,122.0,-3.0624923706054688,-0.0,2871.6474609375,1.0,293.1499938964844,293.1499938964844,293.1499938964844,293.1499938964844,293.1499938964844,293.1499938964844,278.1499938964844,0.0,18000.0,313.1499938964844,0.0,18000.0,0.0,0.0,0.0,0.0,0.0,0.0,0.0,0.0,0.0,0.0,-0.0,-0.0,0.0,0.0,0.0,0.0,0.0,-0.0,0.0,0.0,0.0,0.0,0.0,0.0,0.0,0.0,0.0,4.0,0.0,0.0
11887500,297.2471618652344,297.1499938964844,293.1499938964844,0.0,-0.0,291.0228271484375,0.8928216695785522,0.3408753573894501,0.3074467182159424,297.3177795410156,297.1499938964844,293.1499938964844,0.0,-0.0,291.02276611328125,0.9990000128746032,0.487600028514862,0.4530501961708069,297.31695556640625,297.1499938964844,293.1499938964844,0.0,-0.0,291.0227966308594,0.949505090713501,0.4030970633029938,0.2821731269359588,297.3082275390625,297.1499938964844,293.1499938964844,0.0,-0.0,291.0227966308594,0.9789591431617736,0.441657155752182,0.418291836977005,297.2220458984375,297.1499938964844,293.1499938964844,0.0,-0.0,291.0228271484375,0.8483953475952148,0.2921088635921478,1.318388819694519,291.02276611328125,291.0382080078125,289.2401733398437,286.96844482421875,291.0197448730469,297.2741394042969,291.02252197265625,1.0,0.6007311940193176,1.0,1.0,0.2646504342556,1.0,-3.337646484375,2.598872661590576,0.7387738823890686,1.8467377424240112,0.0,0.0,0.0,128.340087890625,122.0,-4.965287685394287,-0.0,2851.79443359375,1.0,293.1499938964844,293.1499938964844,293.1499938964844,293.1499938964844,293.1499938964844,293.1499938964844,278.1499938964844,0.0,18000.0,313.1499938964844,0.0,18000.0,0.0,0.0,0.0,0.0,0.0,0.0,0.0,0.0,0.0,0.0,-0.0,-0.0,0.0,0.0,0.0,0.0,0.0,-0.0,0.0,0.0,0.0,0.0,0.0,0.0,0.0,0.0,0.0,4.0,0.0,0.0
11887560,297.2464904785156,297.1499938964844,293.1499938964844,0.0,-0.0,291.02032470703125,0.8966678380966187,0.3414242267608642,0.3078978955745697,297.3223876953125,297.1499938964844,293.1499938964844,0.0,-0.0,291.0202941894531,0.9990000128746032,0.4891144931316376,0.4480725228786468,297.3162841796875,297.1499938964844,293.1499938964844,0.0,-0.0,291.0202941894531,0.95415598154068,0.4040898978710174,0.2828304767608642,297.30731201171875,297.1499938964844,293.1499938964844,0.0,-0.0,291.0202941894531,0.9827200770378112,0.4425718486309051,0.419107973575592,297.2215270996094,297.1499938964844,293.1499938964844,0.0,-0.0,291.02032470703125,0.8517515063285828,0.2925136983394623,1.3199809789657593,291.0202941894531,291.0433654785156,289.2359924316406,286.9723815917969,291.01788330078125,297.2749938964844,291.0201416015625,1.0,0.5998467206954956,1.0,1.0,0.2648659348487854,1.0,-3.335883140563965,2.5969879627227783,0.7388951778411865,1.8452004194259644,0.0,0.0,0.0,127.0594253540039,140.0,-5.418457508087158,-0.0,2840.74755859375,1.0,293.1499938964844,293.1499938964844,293.1499938964844,293.1499938964844,293.1499938964844,293.1499938964844,278.1499938964844,0.0,18000.0,313.1499938964844,0.0,18000.0,0.0,0.0,0.0,0.0,0.0,0.0,0.0,0.0,0.0,0.0,-0.0,-0.0,0.0,0.0,0.0,0.0,0.0,-0.0,0.0,0.0,0.0,0.0,0.0,0.0,0.0,0.0,0.0,4.0,0.0,0.0
11887620,297.24542236328125,297.1499938964844,293.1499938964844,0.0,-0.0,291.01715087890625,0.8917821645736694,0.3425397276878357,0.3089679479598999,297.3280639648437,297.1499938964844,293.1499938964844,0.0,-0.0,291.0171203613281,0.9990000128746032,0.4918868839740753,0.4568396210670471,297.3153686523437,297.1499938964844,293.1499938964844,0.0,-0.0,291.0171203613281,0.9491953253746032,0.406104028224945,0.2842822670936584,297.30596923828125,297.1499938964844,293.1499938964844,0.0,-0.0,291.0171203613281,0.9783525466918944,0.4444283843040466,0.4209242165088653,297.2210388183594,297.1499938964844,293.1499938964844,0.0,-0.0,291.01715087890625,0.8473121523857117,0.2933688759803772,1.324127435684204,291.0171203613281,291.0561218261719,289.2257080078125,286.9803771972656,291.01641845703125,297.27642822265625,291.01715087890625,1.0,0.6049349308013916,1.0,1.0,0.2652969062328338,1.0,-3.356590032577514,2.610478162765503,0.7461119294166565,1.8535723686218264,0.0,0.0,0.0,130.0677032470703,158.0,-4.035176753997803,-0.0,2902.294921875,1.0,293.1499938964844,293.1499938964844,293.1499938964844,293.1499938964844,293.1499938964844,293.1499938964844,278.1499938964844,0.0,18000.0,313.1499938964844,0.0,18000.0,0.0,0.0,0.0,0.0,0.0,0.0,0.0,0.0,0.0,0.0,-0.0,-0.0,0.0,0.0,0.0,0.0,0.0,-0.0,0.0,0.0,0.0,0.0,0.0,0.0,0.0,0.0,0.0,4.0,0.0,0.0
11887680,297.24542236328125,297.1499938964844,293.1499938964844,0.0,-0.0,291.01715087890625,0.8917821645736694,0.3425397276878357,0.3089679479598999,297.3280639648437,297.1499938964844,293.1499938964844,0.0,-0.0,291.0171203613281,0.9990000128746032,0.4918868839740753,0.4568396210670471,297.3153686523437,297.1499938964844,293.1499938964844,0.0,-0.0,291.0171203613281,0.9491953253746032,0.406104028224945,0.2842822670936584,297.30596923828125,297.1499938964844,293.1499938964844,0.0,-0.0,291.0171203613281,0.9783525466918944,0.4444283843040466,0.4209242165088653,297.2210388183594,297.1499938964844,293.1499938964844,0.0,-0.0,291.01715087890625,0.8473121523857117,0.2933688759803772,1.324127435684204,291.0171203613281,291.0561218261719,289.2257080078125,286.9803771972656,291.01641845703125,297.27642822265625,291.01715087890625,1.0,0.6049349308013916,1.0,1.0,0.2652969062328338,1.0,-3.356590032577514,2.610478162765503,0.7461119294166565,1.8535723686218264,0.0,0.0,0.0,130.0677032470703,158.0,-4.035176753997803,-0.0,2902.294921875,1.0,293.1499938964844,293.1499938964844,293.1499938964844,293.1499938964844,293.1499938964844,293.1499938964844,278.1499938964844,0.0,18000.0,313.1499938964844,0.0,18000.0,0.0,0.0,0.0,0.0,0.0,0.0,0.0,0.0,0.0,0.0,-0.0,-0.0,0.0,0.0,0.0,0.0,0.0,-0.0,0.0,0.0,0.0,0.0,0.0,0.0,0.0,0.0,0.0,4.0,0.0,0.0
11887740,297.2436218261719,297.1499938964844,293.1499938964844,0.0,-0.0,291.0147399902344,0.8707541227340698,0.343568205833435,0.3102511465549469,297.3186340332031,297.1499938964844,293.1499938964844,0.0,-0.0,291.01470947265625,0.986900508403778,0.4931961596012115,0.4672041535377502,297.3138732910156,297.1499938964844,293.1499938964844,0.0,-0.0,291.0147399902344,0.924565315246582,0.4080471098423004,0.2859106659889221,297.3040771484375,297.1499938964844,293.1499938964844,0.0,-0.0,291.01470947265625,0.9561570286750792,0.4462132155895233,0.4229785799980163,297.219970703125,297.1499938964844,293.1499938964844,0.0,-0.0,291.0147705078125,0.8288143873214722,0.2941636741161346,1.32947838306427,291.01470947265625,291.0719299316406,289.21295166015625,286.98846435546875,291.0128173828125,297.2723083496094,291.0145874023437,1.0,0.6140466332435608,1.0,1.0,0.2657279074192047,1.0,-3.381786108016968,2.62706995010376,0.7547159790992737,1.864776492118836,0.0,0.0,0.0,140.1403350830078,176.0,-4.320395469665527,-0.0,3014.838623046875,1.0,293.1499938964844,293.1499938964844,293.1499938964844,293.1499938964844,293.1499938964844,293.1499938964844,278.1499938964844,0.0,18000.0,313.1499938964844,0.0,18000.0,0.0,0.0,0.0,0.0,0.0,0.0,0.0,0.0,0.0,0.0,-0.0,-0.0,0.0,0.0,0.0,0.0,0.0,-0.0,0.0,0.0,0.0,0.0,0.0,0.0,0.0,0.0,0.0,4.0,0.0,0.0
11887800,297.2436218261719,297.1499938964844,293.1499938964844,0.0,-0.0,291.0147399902344,0.8707541227340698,0.343568205833435,0.3102511465549469,297.3186340332031,297.1499938964844,293.1499938964844,0.0,-0.0,291.01470947265625,0.986900508403778,0.4931961596012115,0.4672041535377502,297.3138732910156,297.1499938964844,293.1499938964844,0.0,-0.0,291.0147399902344,0.924565315246582,0.4080471098423004,0.2859106659889221,297.3040771484375,297.1499938964844,293.1499938964844,0.0,-0.0,291.01470947265625,0.9561570286750792,0.4462132155895233,0.4229785799980163,297.219970703125,297.1499938964844,293.1499938964844,0.0,-0.0,291.0147705078125,0.8288143873214722,0.2941636741161346,1.32947838306427,291.01470947265625,291.0719299316406,289.21295166015625,286.98846435546875,291.0128173828125,297.2723083496094,291.0145874023437,1.0,0.6140466332435608,1.0,1.0,0.2657279074192047,1.0,-3.381786108016968,2.62706995010376,0.7547159790992737,1.864776492118836,0.0,0.0,0.0,140.1403350830078,176.0,-4.320395469665527,-0.0,3014.838623046875,1.0,293.1499938964844,293.1499938964844,293.1499938964844,293.1499938964844,293.1499938964844,293.1499938964844,278.1499938964844,0.0,18000.0,313.1499938964844,0.0,18000.0,0.0,0.0,0.0,0.0,0.0,0.0,0.0,0.0,0.0,0.0,-0.0,-0.0,0.0,0.0,0.0,0.0,0.0,-0.0,0.0,0.0,0.0,0.0,0.0,0.0,0.0,0.0,0.0,4.0,0.0,0.0
11887860,297.2408447265625,297.1499938964844,293.1499938964844,0.0,-0.0,291.01617431640625,0.8439567685127258,0.344471126794815,0.3116096258163452,297.3108825683594,297.1499938964844,293.1499938964844,0.0,-0.0,291.0162048339844,0.9572764039039612,0.4945413172245025,0.4689576625823974,297.3114318847656,297.1499938964844,293.1499938964844,0.0,-0.0,291.01617431640625,0.8934704065322876,0.409876674413681,0.2876075804233551,297.3013000488281,297.1499938964844,293.1499938964844,0.0,-0.0,291.01617431640625,0.9223378300666808,0.4478837549686432,0.4251256883144378,297.2178649902344,297.1499938964844,293.1499938964844,0.0,-0.0,291.01617431640625,0.8037744760513306,0.2948372364044189,1.3352501392364502,291.0162048339844,291.0904846191406,289.197998046875,286.9966125488281,291.0177917480469,297.2679138183594,291.016357421875,1.0,0.6242970824241638,1.0,1.0,0.2678107619285583,1.0,-3.396789789199829,2.631254434585572,0.7655354738235474,1.8656072616577148,0.0,0.0,0.0,155.1302490234375,194.0,1.2344642877578735,-0.0,3135.16748046875,1.0,293.1499938964844,293.1499938964844,293.1499938964844,293.1499938964844,293.1499938964844,293.1499938964844,278.1499938964844,0.0,18000.0,313.1499938964844,0.0,18000.0,0.0,0.0,0.0,0.0,0.0,0.0,0.0,0.0,0.0,0.0,-0.0,-0.0,0.0,0.0,0.0,0.0,0.0,-0.0,0.0,0.0,0.0,0.0,0.0,0.0,0.0,0.0,0.0,4.0,0.0,0.0
11887920,297.2408447265625,297.1499938964844,293.1499938964844,0.0,-0.0,291.01617431640625,0.8439567685127258,0.344471126794815,0.3116096258163452,297.3108825683594,297.1499938964844,293.1499938964844,0.0,-0.0,291.0162048339844,0.9572764039039612,0.4945413172245025,0.4689576625823974,297.3114318847656,297.1499938964844,293.1499938964844,0.0,-0.0,291.01617431640625,0.8934704065322876,0.409876674413681,0.2876075804233551,297.3013000488281,297.1499938964844,293.1499938964844,0.0,-0.0,291.01617431640625,0.9223378300666808,0.4478837549686432,0.4251256883144378,297.2178649902344,297.1499938964844,293.1499938964844,0.0,-0.0,291.01617431640625,0.8037744760513306,0.2948372364044189,1.3352501392364502,291.0162048339844,291.0904846191406,289.197998046875,286.9966125488281,291.0177917480469,297.2679138183594,291.016357421875,1.0,0.6242970824241638,1.0,1.0,0.2678107619285583,1.0,-3.396789789199829,2.631254434585572,0.7655354738235474,1.8656072616577148,0.0,0.0,0.0,155.1302490234375,194.0,1.2344642877578735,-0.0,3135.16748046875,1.0,293.1499938964844,293.1499938964844,293.1499938964844,293.1499938964844,293.1499938964844,293.1499938964844,278.1499938964844,0.0,18000.0,313.1499938964844,0.0,18000.0,0.0,0.0,0.0,0.0,0.0,0.0,0.0,0.0,0.0,0.0,-0.0,-0.0,0.0,0.0,0.0,0.0,0.0,-0.0,0.0,0.0,0.0,0.0,0.0,0.0,0.0,0.0,0.0,4.0,0.0,0.0
11887980,297.238037109375,297.1499938964844,293.1499938964844,0.0,-0.0,291.019775390625,0.8214459419250488,0.3453373610973358,0.3129808008670807,297.3058166503906,297.1499938964844,293.1499938964844,0.0,-0.0,291.0198059082031,0.9264890551567078,0.4960634112358093,0.4709738492965698,297.3089904785156,297.1499938964844,293.1499938964844,0.0,-0.0,291.0198059082031,0.8680345416069031,0.4116721749305725,0.2893173694610595,297.29852294921875,297.1499938964844,293.1499938964844,0.0,-0.0,291.0198059082031,0.8940775990486145,0.4495176672935486,0.4272878766059875,297.215576171875,297.1499938964844,293.1499938964844,0.0,-0.0,291.019775390625,0.780286967754364,0.2954650223255157,1.341046690940857,291.0198059082031,291.11151123046875,289.1810302734375,287.0047912597656,291.0221252441406,297.26446533203125,291.0199890136719,1.0,0.6352710127830505,1.0,1.0,0.269893616437912,1.0,-3.412491798400879,2.6357123851776123,0.7767794728279114,1.8665741682052608,0.0,0.0,0.0,171.59619140625,212.0,3.87187933921814,-0.0,3266.460205078125,1.0,293.1499938964844,293.1499938964844,293.1499938964844,293.1499938964844,293.1499938964844,293.1499938964844,278.1499938964844,0.0,18000.0,313.1499938964844,0.0,18000.0,0.0,0.0,0.0,0.0,0.0,0.0,0.0,0.0,0.0,0.0,-0.0,-0.0,0.0,0.0,0.0,0.0,0.0,-0.0,0.0,0.0,0.0,0.0,0.0,0.0,0.0,0.0,0.0,4.0,0.0,0.0
11888040,297.238037109375,297.1499938964844,293.1499938964844,0.0,-0.0,291.019775390625,0.8214459419250488,0.3453373610973358,0.3129808008670807,297.3058166503906,297.1499938964844,293.1499938964844,0.0,-0.0,291.0198059082031,0.9264890551567078,0.4960634112358093,0.4709738492965698,297.3089904785156,297.1499938964844,293.1499938964844,0.0,-0.0,291.0198059082031,0.8680345416069031,0.4116721749305725,0.2893173694610595,297.29852294921875,297.1499938964844,293.1499938964844,0.0,-0.0,291.0198059082031,0.8940775990486145,0.4495176672935486,0.4272878766059875,297.215576171875,297.1499938964844,293.1499938964844,0.0,-0.0,291.019775390625,0.780286967754364,0.2954650223255157,1.341046690940857,291.0198059082031,291.11151123046875,289.1810302734375,287.0047912597656,291.0221252441406,297.26446533203125,291.0199890136719,1.0,0.6352710127830505,1.0,1.0,0.269893616437912,1.0,-3.412491798400879,2.6357123851776123,0.7767794728279114,1.8665741682052608,0.0,0.0,0.0,171.59619140625,212.0,3.87187933921814,-0.0,3266.460205078125,1.0,293.1499938964844,293.1499938964844,293.1499938964844,293.1499938964844,293.1499938964844,293.1499938964844,278.1499938964844,0.0,18000.0,313.1499938964844,0.0,18000.0,0.0,0.0,0.0,0.0,0.0,0.0,0.0,0.0,0.0,0.0,-0.0,-0.0,0.0,0.0,0.0,0.0,0.0,-0.0,0.0,0.0,0.0,0.0,0.0,0.0,0.0,0.0,0.0,4.0,0.0,0.0
11888100,297.2366027832031,297.1499938964844,293.1499938964844,0.0,-0.0,291.021484375,0.811206042766571,0.3457545936107635,0.3136660456657409,297.30377197265625,297.1499938964844,293.1499938964844,0.0,-0.0,291.021484375,0.9125467538833618,0.4968484938144684,0.4720284342765808,297.3077087402344,297.1499938964844,293.1499938964844,0.0,-0.0,291.021484375,0.8569919466972351,0.4125546813011169,0.2901724278926849,297.2970886230469,297.1499938964844,293.1499938964844,0.0,-0.0,291.021484375,0.8821864128112793,0.4503185451030731,0.4283684492111206,297.2143859863281,297.1499938964844,293.1499938964844,0.0,-0.0,291.0214538574219,0.7699258327484131,0.2957628071308136,1.3439379930496216,291.021484375,291.12286376953125,289.171875,287.00885009765625,291.0238342285156,297.26287841796875,291.02166748046875,1.0,0.640891969203949,1.0,1.0,0.2709350287914276,1.0,-3.4203898906707764,2.6379549503326416,0.7824349403381348,1.8670639991760247,0.0,0.0,0.0,180.18484497070312,212.0,4.198491096496582,-0.0,3334.734619140625,1.0,293.1499938964844,293.1499938964844,293.1499938964844,293.1499938964844,293.1499938964844,293.1499938964844,278.1499938964844,0.0,18000.0,313.1499938964844,0.0,18000.0,0.0,0.0,0.0,0.0,0.0,0.0,0.0,0.0,0.0,0.0,-0.0,-0.0,0.0,0.0,0.0,0.0,0.0,-0.0,0.0,0.0,0.0,0.0,0.0,0.0,0.0,0.0,0.0,4.0,0.0,0.0
11888160,297.2351989746094,297.1499938964844,293.1499938964844,0.0,-0.0,291.0255126953125,0.8011550903320312,0.3461645543575287,0.314348429441452,297.3019104003906,297.1499938964844,293.1499938964844,0.0,-0.0,291.0256042480469,0.9005781412124634,0.4976404011249542,0.4730967879295349,297.30645751953125,297.1499938964844,293.1499938964844,0.0,-0.0,291.0255432128906,0.8470116853713989,0.4134299755096435,0.2910254299640655,297.2956848144531,297.1499938964844,293.1499938964844,0.0,-0.0,291.02557373046875,0.8713050484657288,0.4511114954948425,0.4294457733631134,297.21319580078125,297.1499938964844,293.1499938964844,0.0,-0.0,291.02545166015625,0.7605035901069641,0.2960527241230011,1.3468159437179563,291.0256042480469,291.134765625,289.16229248046875,287.0129089355469,291.03143310546875,297.2613525390625,291.0261535644531,1.0,0.6465519666671753,1.0,1.0,0.2728695869445801,1.0,-3.4282784461975098,2.6374588012695312,0.7908197641372681,1.86482834815979,0.0,0.0,0.0,188.93118286132807,215.0,8.664019584655762,-0.0,3404.197265625,1.0,293.1499938964844,293.1499938964844,293.1499938964844,293.1499938964844,293.1499938964844,293.1499938964844,278.1499938964844,0.0,18000.0,313.1499938964844,0.0,18000.0,0.0,0.0,0.0,0.0,0.0,0.0,0.0,0.0,0.0,0.0,-0.0,-0.0,0.0,0.0,0.0,0.0,0.0,-0.0,0.0,0.0,0.0,0.0,0.0,0.0,0.0,0.0,0.0,4.0,0.0,0.0
11888220,297.23297119140625,297.1499938964844,293.1499938964844,0.0,-0.0,291.0390319824219,0.7899970412254333,0.3470161855220794,0.3154844343662262,297.2990417480469,297.1499938964844,293.1499938964844,0.0,-0.0,291.0391540527344,0.8881630897521973,0.4992731213569641,0.4750181138515472,297.3044128417969,297.1499938964844,293.1499938964844,0.0,-0.0,291.0390930175781,0.836561381816864,0.4152050316333771,0.2925505638122558,297.2933044433594,297.1499938964844,293.1499938964844,0.0,-0.0,291.03912353515625,0.8597608208656311,0.4527159929275512,0.4313510656356811,297.21112060546875,297.1499938964844,293.1499938964844,0.0,-0.0,291.0389709472656,0.7504081130027771,0.2966437339782715,1.3513630628585815,291.0391540527344,291.1499938964844,289.1419982910156,287.02099609375,291.04693603515625,297.2589111328125,291.0396728515625,1.0,0.6536880135536194,1.0,1.0,0.2767386436462402,1.0,-3.441554546356201,2.634239196777344,0.8073153495788574,1.858738780021668,0.0,0.0,0.0,199.90158081054688,218.0,15.753493309020996,-0.0,3499.750732421875,1.0,293.1499938964844,293.1499938964844,293.1499938964844,293.1499938964844,293.1499938964844,293.1499938964844,278.1499938964844,0.0,18000.0,313.1499938964844,0.0,18000.0,0.0,0.0,0.0,0.0,0.0,0.0,0.0,0.0,0.0,0.0,-0.0,-0.0,0.0,0.0,0.0,0.0,0.0,-0.0,0.0,0.0,0.0,0.0,0.0,0.0,0.0,0.0,0.0,4.0,0.0,0.0
11888280,297.23297119140625,297.1499938964844,293.1499938964844,0.0,-0.0,291.0390319824219,0.7899970412254333,0.3470161855220794,0.3154844343662262,297.2990417480469,297.1499938964844,293.1499938964844,0.0,-0.0,291.0391540527344,0.8881630897521973,0.4992731213569641,0.4750181138515472,297.3044128417969,297.1499938964844,293.1499938964844,0.0,-0.0,291.0390930175781,0.836561381816864,0.4152050316333771,0.2925505638122558,297.2933044433594,297.1499938964844,293.1499938964844,0.0,-0.0,291.03912353515625,0.8597608208656311,0.4527159929275512,0.4313510656356811,297.21112060546875,297.1499938964844,293.1499938964844,0.0,-0.0,291.0389709472656,0.7504081130027771,0.2966437339782715,1.3513630628585815,291.0391540527344,291.1499938964844,289.1419982910156,287.02099609375,291.04693603515625,297.2589111328125,291.0396728515625,1.0,0.6536880135536194,1.0,1.0,0.2767386436462402,1.0,-3.441554546356201,2.634239196777344,0.8073153495788574,1.858738780021668,0.0,0.0,0.0,199.90158081054688,218.0,15.753493309020996,-0.0,3499.750732421875,1.0,293.1499938964844,293.1499938964844,293.1499938964844,293.1499938964844,293.1499938964844,293.1499938964844,278.1499938964844,0.0,18000.0,313.1499938964844,0.0,18000.0,0.0,0.0,0.0,0.0,0.0,0.0,0.0,0.0,0.0,0.0,-0.0,-0.0,0.0,0.0,0.0,0.0,0.0,-0.0,0.0,0.0,0.0,0.0,0.0,0.0,0.0,0.0,0.0,4.0,0.0,0.0
11888340,297.2315673828125,297.1499938964844,293.1499938964844,0.0,-0.0,291.0530090332031,0.7837334871292114,0.3479259014129638,0.3165321946144104,297.297119140625,297.1499938964844,293.1499938964844,0.0,-0.0,291.0531005859375,0.8813014030456543,0.5009657740592957,0.476852536201477,297.3031005859375,297.1499938964844,293.1499938964844,0.0,-0.0,291.0530700683594,0.8309423327445984,0.4170269966125488,0.2939989566802978,297.2916259765625,297.1499938964844,293.1499938964844,0.0,-0.0,291.0530700683594,0.8534860014915466,0.4543599188327789,0.433145135641098,297.2097473144531,297.1499938964844,293.1499938964844,0.0,-0.0,291.0529479980469,0.7447990775108337,0.2972776889801025,1.3553800582885742,291.0531005859375,291.1499938964844,289.120361328125,287.0289306640625,291.0616149902344,297.2572937011719,291.0536499023437,1.0,0.6589048504829407,1.0,1.0,0.2806077301502228,1.0,-3.4537532329559326,2.630176067352295,0.8235771059989929,1.8520070314407349,0.0,0.0,0.0,207.09588623046875,221.0,18.336753845214844,-0.0,3571.15283203125,1.0,293.1499938964844,293.1499938964844,293.1499938964844,293.1499938964844,293.1499938964844,293.1499938964844,278.1499938964844,0.0,18000.0,313.1499938964844,0.0,18000.0,0.0,0.0,0.0,0.0,0.0,0.0,0.0,0.0,0.0,0.0,-0.0,-0.0,0.0,0.0,0.0,0.0,0.0,-0.0,0.0,0.0,0.0,0.0,0.0,0.0,0.0,0.0,0.0,4.0,0.0,0.0
11888400,297.2315673828125,297.1499938964844,293.1499938964844,0.0,-0.0,291.0530090332031,0.7837334871292114,0.3479259014129638,0.3165321946144104,297.297119140625,297.1499938964844,293.1499938964844,0.0,-0.0,291.0531005859375,0.8813014030456543,0.5009657740592957,0.476852536201477,297.3031005859375,297.1499938964844,293.1499938964844,0.0,-0.0,291.0530700683594,0.8309423327445984,0.4170269966125488,0.2939989566802978,297.2916259765625,297.1499938964844,293.1499938964844,0.0,-0.0,291.0530700683594,0.8534860014915466,0.4543599188327789,0.433145135641098,297.2097473144531,297.1499938964844,293.1499938964844,0.0,-0.0,291.0529479980469,0.7447990775108337,0.2972776889801025,1.3553800582885742,291.0531005859375,291.1499938964844,289.120361328125,287.0289306640625,291.0616149902344,297.2572937011719,291.0536499023437,1.0,0.6589048504829407,1.0,1.0,0.2806077301502228,1.0,-3.4537532329559326,2.630176067352295,0.8235771059989929,1.8520070314407349,0.0,0.0,0.0,207.09588623046875,221.0,18.336753845214844,-0.0,3571.15283203125,1.0,293.1499938964844,293.1499938964844,293.1499938964844,293.1499938964844,293.1499938964844,293.1499938964844,278.1499938964844,0.0,18000.0,313.1499938964844,0.0,18000.0,0.0,0.0,0.0,0.0,0.0,0.0,0.0,0.0,0.0,0.0,-0.0,-0.0,0.0,0.0,0.0,0.0,0.0,-0.0,0.0,0.0,0.0,0.0,0.0,0.0,0.0,0.0,0.0,4.0,0.0,0.0
11888460,297.2308044433594,297.1499938964844,293.1499938964844,0.0,-0.0,291.0685729980469,0.7797901630401611,0.3488806784152984,0.3175495564937591,297.2958374023437,297.1499938964844,293.1499938964844,0.0,-0.0,291.0686950683594,0.8770518898963928,0.502699077129364,0.4786515831947326,297.3023376464844,297.1499938964844,293.1499938964844,0.0,-0.0,291.0686340332031,0.8275499939918518,0.4188875257968902,0.2954183220863342,297.2904663085937,297.1499938964844,293.1499938964844,0.0,-0.0,291.06866455078125,0.8496443629264832,0.4560363292694092,0.4348940253257751,297.208984375,297.1499938964844,293.1499938964844,0.0,-0.0,291.0685119628906,0.7412627339363098,0.2979574799537658,1.3592356443405151,291.0686950683594,291.1499938964844,289.0976257324219,287.0367431640625,291.078369140625,297.2562866210937,291.0693054199219,1.0,0.6630764007568359,1.0,1.0,0.2848469913005829,1.0,-3.4655890464782715,2.6245996952056885,0.8409892320632935,1.843832969665528,0.0,0.0,0.0,212.33474731445312,209.0,20.96570205688477,-0.0,3630.572998046875,1.0,293.1499938964844,293.1499938964844,293.1499938964844,293.1499938964844,293.1499938964844,293.1499938964844,278.1499938964844,0.0,18000.0,313.1499938964844,0.0,18000.0,0.0,0.0,0.0,0.0,0.0,0.0,0.0,0.0,0.0,0.0,-0.0,-0.0,0.0,0.0,0.0,0.0,0.0,-0.0,0.0,0.0,0.0,0.0,0.0,0.0,0.0,0.0,0.0,4.0,0.0,0.0
11888520,297.2308044433594,297.1499938964844,293.1499938964844,0.0,-0.0,291.0685729980469,0.7797901630401611,0.3488806784152984,0.3175495564937591,297.2958374023437,297.1499938964844,293.1499938964844,0.0,-0.0,291.0686950683594,0.8770518898963928,0.502699077129364,0.4786515831947326,297.3023376464844,297.1499938964844,293.1499938964844,0.0,-0.0,291.0686340332031,0.8275499939918518,0.4188875257968902,0.2954183220863342,297.2904663085937,297.1499938964844,293.1499938964844,0.0,-0.0,291.06866455078125,0.8496443629264832,0.4560363292694092,0.4348940253257751,297.208984375,297.1499938964844,293.1499938964844,0.0,-0.0,291.0685119628906,0.7412627339363098,0.2979574799537658,1.3592356443405151,291.0686950683594,291.1499938964844,289.0976257324219,287.0367431640625,291.078369140625,297.2562866210937,291.0693054199219,1.0,0.6630764007568359,1.0,1.0,0.2848469913005829,1.0,-3.4655890464782715,2.6245996952056885,0.8409892320632935,1.843832969665528,0.0,0.0,0.0,212.33474731445312,209.0,20.96570205688477,-0.0,3630.572998046875,1.0,293.1499938964844,293.1499938964844,293.1499938964844,293.1499938964844,293.1499938964844,293.1499938964844,278.1499938964844,0.0,18000.0,313.1499938964844,0.0,18000.0,0.0,0.0,0.0,0.0,0.0,0.0,0.0,0.0,0.0,0.0,-0.0,-0.0,0.0,0.0,0.0,0.0,0.0,-0.0,0.0,0.0,0.0,0.0,0.0,0.0,0.0,0.0,0.0,4.0,0.0,0.0
11888580,297.2306213378906,297.1499938964844,293.1499938964844,0.0,-0.0,291.0846862792969,0.7835724353790283,0.3498835861682892,0.3183154165744781,297.29510498046875,297.1499938964844,293.1499938964844,0.0,-0.0,291.08477783203125,0.881520688533783,0.5044692754745483,0.480177640914917,297.30206298828125,297.1499938964844,293.1499938964844,0.0,-0.0,291.0847473144531,0.8316449522972107,0.4207896590232849,0.2966380417346954,297.289794921875,297.1499938964844,293.1499938964844,0.0,-0.0,291.0847473144531,0.8538159132003784,0.4577466249465942,0.4363660514354706,297.2088317871094,297.1499938964844,293.1499938964844,0.0,-0.0,291.0845947265625,0.7444565892219543,0.298688143491745,1.3618488311767578,291.08477783203125,291.1499938964844,289.0740051269531,287.0443420410156,291.09454345703125,297.2558288574219,291.0853881835937,1.0,0.6624906063079834,1.0,1.0,0.289086252450943,1.0,-3.4747307300567627,2.617013454437256,0.8577172160148621,1.8342876434326167,0.0,0.0,0.0,209.64979553222656,197.0,21.89328384399414,-0.0,3636.763671875,1.0,293.1499938964844,293.1499938964844,293.1499938964844,293.1499938964844,293.1499938964844,293.1499938964844,278.1499938964844,0.0,18000.0,313.1499938964844,0.0,18000.0,0.0,0.0,0.0,0.0,0.0,0.0,0.0,0.0,0.0,0.0,-0.0,-0.0,0.0,0.0,0.0,0.0,0.0,-0.0,0.0,0.0,0.0,0.0,0.0,0.0,0.0,0.0,0.0,4.0,0.0,0.0
11888640,297.2306213378906,297.1499938964844,293.1499938964844,0.0,-0.0,291.0846862792969,0.7835724353790283,0.3498835861682892,0.3183154165744781,297.29510498046875,297.1499938964844,293.1499938964844,0.0,-0.0,291.08477783203125,0.881520688533783,0.5044692754745483,0.480177640914917,297.30206298828125,297.1499938964844,293.1499938964844,0.0,-0.0,291.0847473144531,0.8316449522972107,0.4207896590232849,0.2966380417346954,297.289794921875,297.1499938964844,293.1499938964844,0.0,-0.0,291.0847473144531,0.8538159132003784,0.4577466249465942,0.4363660514354706,297.2088317871094,297.1499938964844,293.1499938964844,0.0,-0.0,291.0845947265625,0.7444565892219543,0.298688143491745,1.3618488311767578,291.08477783203125,291.1499938964844,289.0740051269531,287.0443420410156,291.09454345703125,297.2558288574219,291.0853881835937,1.0,0.6624906063079834,1.0,1.0,0.289086252450943,1.0,-3.4747307300567627,2.617013454437256,0.8577172160148621,1.8342876434326167,0.0,0.0,0.0,209.64979553222656,197.0,21.89328384399414,-0.0,3636.763671875,1.0,293.1499938964844,293.1499938964844,293.1499938964844,293.1499938964844,293.1499938964844,293.1499938964844,278.1499938964844,0.0,18000.0,313.1499938964844,0.0,18000.0,0.0,0.0,0.0,0.0,0.0,0.0,0.0,0.0,0.0,0.0,-0.0,-0.0,0.0,0.0,0.0,0.0,0.0,-0.0,0.0,0.0,0.0,0.0,0.0,0.0,0.0,0.0,0.0,4.0,0.0,0.0
11888700,297.23077392578125,297.1499938964844,293.1499938964844,0.0,-0.0,291.0926208496094,0.7874112725257874,0.3504095077514648,0.3186500072479248,297.294921875,297.1499938964844,293.1499938964844,0.0,-0.0,291.0927429199219,0.885954737663269,0.5053720474243164,0.4808836579322815,297.3021545410156,297.1499938964844,293.1499938964844,0.0,-0.0,291.0926818847656,0.8355807065963745,0.4217619895935058,0.2972080111503601,297.2896728515625,297.1499938964844,293.1499938964844,0.0,-0.0,291.0927124023437,0.8579456210136414,0.458619475364685,0.4370447397232055,297.20904541015625,297.1499938964844,293.1499938964844,0.0,-0.0,291.0925598144531,0.7477686405181885,0.2990797460079193,1.3629189729690552,291.0927429199219,291.1499938964844,289.0619201660156,287.0480651855469,291.1024475097656,297.2558288574219,291.09332275390625,1.0,0.6612851023674011,1.0,1.0,0.291205883026123,1.0,-3.478771924972534,2.612830638885498,0.8659411668777466,1.8292157649993896,0.0,0.0,0.0,206.4344940185547,197.0,21.987438201904297,-0.0,3627.45166015625,1.0,293.1499938964844,293.1499938964844,293.1499938964844,293.1499938964844,293.1499938964844,293.1499938964844,278.1499938964844,0.0,18000.0,313.1499938964844,0.0,18000.0,0.0,0.0,0.0,0.0,0.0,0.0,0.0,0.0,0.0,0.0,-0.0,-0.0,0.0,0.0,0.0,0.0,0.0,-0.0,0.0,0.0,0.0,0.0,0.0,0.0,0.0,0.0,0.0,4.0,0.0,0.0
11888760,297.23101806640625,297.1499938964844,293.1499938964844,0.0,-0.0,291.0979309082031,0.7921811938285828,0.350945383310318,0.3189692199230194,297.2948303222656,297.1499938964844,293.1499938964844,0.0,-0.0,291.09796142578125,0.8914453387260437,0.5062810778617859,0.4815695881843567,297.3023376464844,297.1499938964844,293.1499938964844,0.0,-0.0,291.0979309082031,0.8404405117034912,0.4227431416511535,0.2977648675441742,297.28961181640625,297.1499938964844,293.1499938964844,0.0,-0.0,291.09796142578125,0.8630853295326233,0.4594992697238922,0.4377036988735199,297.2093505859375,297.1499938964844,293.1499938964844,0.0,-0.0,291.097900390625,0.7519318461418152,0.299485832452774,1.3639241456985474,291.09796142578125,291.1499938964844,289.0497131347656,287.0517272949219,291.1040344238281,297.25592041015625,291.0981750488281,1.0,0.659690260887146,1.0,1.0,0.2924329936504364,1.0,-3.482652425765991,2.611288547515869,0.8713638782501221,1.8268016576766968,0.0,0.0,0.0,202.47027587890625,185.0,17.374540328979492,-0.0,3613.291015625,1.0,293.1499938964844,293.1499938964844,293.1499938964844,293.1499938964844,293.1499938964844,293.1499938964844,278.1499938964844,0.0,18000.0,313.1499938964844,0.0,18000.0,0.0,0.0,0.0,0.0,0.0,0.0,0.0,0.0,0.0,0.0,-0.0,-0.0,0.0,0.0,0.0,0.0,0.0,-0.0,0.0,0.0,0.0,0.0,0.0,0.0,0.0,0.0,0.0,4.0,0.0,0.0
11888820,297.2312316894531,297.1499938964844,293.1499938964844,0.0,-0.0,291.1021728515625,0.8039942979812622,0.3519928753376007,0.3195469379425049,297.2943725585937,297.1499938964844,293.1499938964844,0.0,-0.0,291.1022033691406,0.9050704836845398,0.5080673098564148,0.4828692972660064,297.30242919921875,297.1499938964844,293.1499938964844,0.0,-0.0,291.1021728515625,0.8525927066802979,0.424683541059494,0.2988316714763641,297.2892761230469,297.1499938964844,293.1499938964844,0.0,-0.0,291.1021728515625,0.8759726881980896,0.4612330496311188,0.4389539957046509,297.2100524902344,297.1499938964844,293.1499938964844,0.0,-0.0,291.1021423339844,0.7624880075454712,0.3003072142601013,1.3657557964324951,291.1022033691406,291.1499938964844,289.02496337890625,287.058837890625,291.1055603027344,297.255859375,291.1023254394531,1.0,0.6556981205940247,1.0,1.0,0.2948872447013855,1.0,-3.4899017810821533,2.608209609985352,0.8816920518875122,1.822071313858032,0.0,0.0,0.0,193.0665283203125,173.0,9.124006271362305,-0.0,3574.834228515625,1.0,293.1499938964844,293.1499938964844,293.1499938964844,293.1499938964844,293.1499938964844,293.1499938964844,278.1499938964844,0.0,18000.0,313.1499938964844,0.0,18000.0,0.0,0.0,0.0,0.0,0.0,0.0,0.0,0.0,0.0,0.0,-0.0,-0.0,0.0,0.0,0.0,0.0,0.0,-0.0,0.0,0.0,0.0,0.0,0.0,0.0,0.0,0.0,0.0,4.0,0.0,0.0
11888880,297.2312316894531,297.1499938964844,293.1499938964844,0.0,-0.0,291.1021728515625,0.8039942979812622,0.3519928753376007,0.3195469379425049,297.2943725585937,297.1499938964844,293.1499938964844,0.0,-0.0,291.1022033691406,0.9050704836845398,0.5080673098564148,0.4828692972660064,297.30242919921875,297.1499938964844,293.1499938964844,0.0,-0.0,291.1021728515625,0.8525927066802979,0.424683541059494,0.2988316714763641,297.2892761230469,297.1499938964844,293.1499938964844,0.0,-0.0,291.1021728515625,0.8759726881980896,0.4612330496311188,0.4389539957046509,297.2100524902344,297.1499938964844,293.1499938964844,0.0,-0.0,291.1021423339844,0.7624880075454712,0.3003072142601013,1.3657557964324951,291.1022033691406,291.1499938964844,289.02496337890625,287.058837890625,291.1055603027344,297.255859375,291.1023254394531,1.0,0.6556981205940247,1.0,1.0,0.2948872447013855,1.0,-3.4899017810821533,2.608209609985352,0.8816920518875122,1.822071313858032,0.0,0.0,0.0,193.0665283203125,173.0,9.124006271362305,-0.0,3574.834228515625,1.0,293.1499938964844,293.1499938964844,293.1499938964844,293.1499938964844,293.1499938964844,293.1499938964844,278.1499938964844,0.0,18000.0,313.1499938964844,0.0,18000.0,0.0,0.0,0.0,0.0,0.0,0.0,0.0,0.0,0.0,0.0,-0.0,-0.0,0.0,0.0,0.0,0.0,0.0,-0.0,0.0,0.0,0.0,0.0,0.0,0.0,0.0,0.0,0.0,4.0,0.0,0.0
11888940,297.2310791015625,297.1499938964844,293.1499938964844,0.0,-0.0,291.10479736328125,0.817890465259552,0.353007972240448,0.32005175948143,297.29351806640625,297.1499938964844,293.1499938964844,0.0,-0.0,291.10479736328125,0.9233534336090088,0.5098115801811218,0.4840833246707916,297.30224609375,297.1499938964844,293.1499938964844,0.0,-0.0,291.10479736328125,0.8679123520851135,0.4265956282615661,0.2998445630073547,297.28863525390625,297.1499938964844,293.1499938964844,0.0,-0.0,291.10479736328125,0.8920661807060242,0.4629313349723816,0.4401251673698425,297.210693359375,297.1499938964844,293.1499938964844,0.0,-0.0,291.10479736328125,0.7758672833442688,0.3011320531368255,1.367396593093872,291.10479736328125,291.1499938964844,289.0,287.065673828125,291.1068420410156,297.2555236816406,291.1049194335937,1.0,0.6510359048843384,1.0,1.0,0.2973414659500122,1.0,-3.496570110321045,2.604708433151245,0.8918617963790894,1.8170069456100464,0.0,0.0,0.0,182.48785400390625,161.0,5.157512664794922,-0.0,3527.789306640625,1.0,293.1499938964844,293.1499938964844,293.1499938964844,293.1499938964844,293.1499938964844,293.1499938964844,278.1499938964844,0.0,18000.0,313.1499938964844,0.0,18000.0,0.0,0.0,0.0,0.0,0.0,0.0,0.0,0.0,0.0,0.0,-0.0,-0.0,0.0,0.0,0.0,0.0,0.0,-0.0,0.0,0.0,0.0,0.0,0.0,0.0,0.0,0.0,0.0,4.0,0.0,0.0
11889000,297.2310791015625,297.1499938964844,293.1499938964844,0.0,-0.0,291.10479736328125,0.817890465259552,0.353007972240448,0.32005175948143,297.29351806640625,297.1499938964844,293.1499938964844,0.0,-0.0,291.10479736328125,0.9233534336090088,0.5098115801811218,0.4840833246707916,297.30224609375,297.1499938964844,293.1499938964844,0.0,-0.0,291.10479736328125,0.8679123520851135,0.4265956282615661,0.2998445630073547,297.28863525390625,297.1499938964844,293.1499938964844,0.0,-0.0,291.10479736328125,0.8920661807060242,0.4629313349723816,0.4401251673698425,297.210693359375,297.1499938964844,293.1499938964844,0.0,-0.0,291.10479736328125,0.7758672833442688,0.3011320531368255,1.367396593093872,291.10479736328125,291.1499938964844,289.0,287.065673828125,291.1068420410156,297.2555236816406,291.1049194335937,1.0,0.6510359048843384,1.0,1.0,0.2973414659500122,1.0,-3.496570110321045,2.604708433151245,0.8918617963790894,1.8170069456100464,0.0,0.0,0.0,182.48785400390625,161.0,5.157512664794922,-0.0,3527.789306640625,1.0,293.1499938964844,293.1499938964844,293.1499938964844,293.1499938964844,293.1499938964844,293.1499938964844,278.1499938964844,0.0,18000.0,313.1499938964844,0.0,18000.0,0.0,0.0,0.0,0.0,0.0,0.0,0.0,0.0,0.0,0.0,-0.0,-0.0,0.0,0.0,0.0,0.0,0.0,-0.0,0.0,0.0,0.0,0.0,0.0,0.0,0.0,0.0,0.0,4.0,0.0,0.0
11889060,297.2306213378906,297.1499938964844,293.1499938964844,0.0,-0.0,291.10357666015625,0.8336225152015686,0.3539886176586151,0.3205061554908752,297.2923583984375,297.1499938964844,293.1499938964844,0.0,-0.0,291.1035461425781,0.9457215666770936,0.5115121603012085,0.4852355718612671,297.3017883300781,297.1499938964844,293.1499938964844,0.0,-0.0,291.1035461425781,0.8866283297538757,0.428477019071579,0.3008207976818084,297.2876892089844,297.1499938964844,293.1499938964844,0.0,-0.0,291.1035461425781,0.9117655158042908,0.4645916521549225,0.4412397742271423,297.211181640625,297.1499938964844,293.1499938964844,0.0,-0.0,291.10357666015625,0.7921612858772278,0.3019520938396454,1.368918776512146,291.1035461425781,291.1499938964844,288.9750366210937,287.0722045898437,291.10302734375,297.2548828125,291.1034851074219,1.0,0.6459999084472656,1.0,1.0,0.2991201281547546,1.0,-3.502848863601685,2.6030948162078857,0.899753987789154,1.813870429992676,0.0,0.0,0.0,171.28878784179688,149.0,-0.2917445600032806,-0.0,3475.923583984375,1.0,293.1499938964844,293.1499938964844,293.1499938964844,293.1499938964844,293.1499938964844,293.1499938964844,278.1499938964844,0.0,18000.0,313.1499938964844,0.0,18000.0,0.0,0.0,0.0,0.0,0.0,0.0,0.0,0.0,0.0,0.0,-0.0,-0.0,0.0,0.0,0.0,0.0,0.0,-0.0,0.0,0.0,0.0,0.0,0.0,0.0,0.0,0.0,0.0,4.0,0.0,0.0
11889120,297.2306213378906,297.1499938964844,293.1499938964844,0.0,-0.0,291.10357666015625,0.8336225152015686,0.3539886176586151,0.3205061554908752,297.2923583984375,297.1499938964844,293.1499938964844,0.0,-0.0,291.1035461425781,0.9457215666770936,0.5115121603012085,0.4852355718612671,297.3017883300781,297.1499938964844,293.1499938964844,0.0,-0.0,291.1035461425781,0.8866283297538757,0.428477019071579,0.3008207976818084,297.2876892089844,297.1499938964844,293.1499938964844,0.0,-0.0,291.1035461425781,0.9117655158042908,0.4645916521549225,0.4412397742271423,297.211181640625,297.1499938964844,293.1499938964844,0.0,-0.0,291.10357666015625,0.7921612858772278,0.3019520938396454,1.368918776512146,291.1035461425781,291.1499938964844,288.9750366210937,287.0722045898437,291.10302734375,297.2548828125,291.1034851074219,1.0,0.6459999084472656,1.0,1.0,0.2991201281547546,1.0,-3.502848863601685,2.6030948162078857,0.899753987789154,1.813870429992676,0.0,0.0,0.0,171.28878784179688,149.0,-0.2917445600032806,-0.0,3475.923583984375,1.0,293.1499938964844,293.1499938964844,293.1499938964844,293.1499938964844,293.1499938964844,293.1499938964844,278.1499938964844,0.0,18000.0,313.1499938964844,0.0,18000.0,0.0,0.0,0.0,0.0,0.0,0.0,0.0,0.0,0.0,0.0,-0.0,-0.0,0.0,0.0,0.0,0.0,0.0,-0.0,0.0,0.0,0.0,0.0,0.0,0.0,0.0,0.0,0.0,4.0,0.0,0.0
11889180,297.2297668457031,297.1499938964844,293.1499938964844,0.0,-0.0,291.1005249023437,0.8525988459587097,0.3549218475818634,0.3209074735641479,297.2908020019531,297.1499938964844,293.1499938964844,0.0,-0.0,291.1004943847656,0.9699777364730836,0.513155996799469,0.4863233566284179,297.3009338378906,297.1499938964844,293.1499938964844,0.0,-0.0,291.1004943847656,0.9093109369277954,0.4303147792816162,0.3017585575580597,297.2863464355469,297.1499938964844,293.1499938964844,0.0,-0.0,291.1004943847656,0.9374931454658508,0.4662011265754699,0.442295640707016,297.2114562988281,297.1499938964844,293.1499938964844,0.0,-0.0,291.1005249023437,0.8114289045333862,0.3027534782886505,1.3703105449676514,291.1004943847656,291.1499938964844,288.9502868652344,287.0783996582031,291.0990600585937,297.25390625,291.10040283203125,1.0,0.6407340168952942,1.0,1.0,0.3008987605571747,1.0,-3.50871205329895,2.6012561321258545,0.9074560403823853,1.810568928718567,0.0,0.0,0.0,159.77243041992188,137.0,-3.1419103145599365,-0.0,3420.97119140625,1.0,293.1499938964844,293.1499938964844,293.1499938964844,293.1499938964844,293.1499938964844,293.1499938964844,278.1499938964844,0.0,18000.0,313.1499938964844,0.0,18000.0,0.0,0.0,0.0,0.0,0.0,0.0,0.0,0.0,0.0,0.0,-0.0,-0.0,0.0,0.0,0.0,0.0,0.0,-0.0,0.0,0.0,0.0,0.0,0.0,0.0,0.0,0.0,0.0,4.0,0.0,0.0
11889240,297.2297668457031,297.1499938964844,293.1499938964844,0.0,-0.0,291.1005249023437,0.8525988459587097,0.3549218475818634,0.3209074735641479,297.2908020019531,297.1499938964844,293.1499938964844,0.0,-0.0,291.1004943847656,0.9699777364730836,0.513155996799469,0.4863233566284179,297.3009338378906,297.1499938964844,293.1499938964844,0.0,-0.0,291.1004943847656,0.9093109369277954,0.4303147792816162,0.3017585575580597,297.2863464355469,297.1499938964844,293.1499938964844,0.0,-0.0,291.1004943847656,0.9374931454658508,0.4662011265754699,0.442295640707016,297.2114562988281,297.1499938964844,293.1499938964844,0.0,-0.0,291.1005249023437,0.8114289045333862,0.3027534782886505,1.3703105449676514,291.1004943847656,291.1499938964844,288.9502868652344,287.0783996582031,291.0990600585937,297.25390625,291.10040283203125,1.0,0.6407340168952942,1.0,1.0,0.3008987605571747,1.0,-3.50871205329895,2.6012561321258545,0.9074560403823853,1.810568928718567,0.0,0.0,0.0,159.77243041992188,137.0,-3.1419103145599365,-0.0,3420.97119140625,1.0,293.1499938964844,293.1499938964844,293.1499938964844,293.1499938964844,293.1499938964844,293.1499938964844,278.1499938964844,0.0,18000.0,313.1499938964844,0.0,18000.0,0.0,0.0,0.0,0.0,0.0,0.0,0.0,0.0,0.0,0.0,-0.0,-0.0,0.0,0.0,0.0,0.0,0.0,-0.0,0.0,0.0,0.0,0.0,0.0,0.0,0.0,0.0,0.0,4.0,0.0,0.0
11889300,297.2292175292969,297.1499938964844,293.1499938964844,0.0,-0.0,291.09881591796875,0.863833487033844,0.3553741872310638,0.3210917115211487,297.2898864746094,297.1499938964844,293.1499938964844,0.0,-0.0,291.0987854003906,0.9821369647979736,0.5139595866203308,0.486846387386322,297.3004455566406,297.1499938964844,293.1499938964844,0.0,-0.0,291.09881591796875,0.9235703349113464,0.4312201142311096,0.3022153377532959,297.2855834960937,297.1499938964844,293.1499938964844,0.0,-0.0,291.09881591796875,0.9518758058547974,0.4669893980026245,0.4428045153617859,297.21148681640625,297.1499938964844,293.1499938964844,0.0,-0.0,291.0988464355469,0.8217553496360779,0.3031478524208069,1.3709640502929688,291.0987854003906,291.1499938964844,288.9380798339844,287.0813293457031,291.09716796875,297.2532958984375,291.09869384765625,1.0,0.6380402445793152,1.0,1.0,0.3017880916595459,1.0,-3.5115106105804443,2.600240707397461,0.9112696647644044,1.808843016624451,0.0,0.0,0.0,153.94064331054688,137.0,-3.8301753997802734,-0.0,3392.664794921875,1.0,293.1499938964844,293.1499938964844,293.1499938964844,293.1499938964844,293.1499938964844,293.1499938964844,278.1499938964844,0.0,18000.0,313.1499938964844,0.0,18000.0,0.0,0.0,0.0,0.0,0.0,0.0,0.0,0.0,0.0,0.0,-0.0,-0.0,0.0,0.0,0.0,0.0,0.0,-0.0,0.0,0.0,0.0,0.0,0.0,0.0,0.0,0.0,0.0,4.0,0.0,0.0
11889360,297.2286682128906,297.1499938964844,293.1499938964844,0.0,-0.0,291.09747314453125,0.8765201568603516,0.3558201789855957,0.3212683498859405,297.2889709472656,297.1499938964844,293.1499938964844,0.0,-0.0,291.0974426269531,0.9939587712287904,0.5147541761398315,0.4873588979244232,297.2998962402344,297.1499938964844,293.1499938964844,0.0,-0.0,291.0974426269531,0.9396069645881652,0.4321192502975464,0.3026663661003113,297.2847900390625,297.1499938964844,293.1499938964844,0.0,-0.0,291.0974426269531,0.9666567444801332,0.4677695631980896,0.4433038532733917,297.2115173339844,297.1499938964844,293.1499938964844,0.0,-0.0,291.09747314453125,0.8329088687896729,0.3035395741462707,1.3715978860855105,291.0974426269531,291.1499938964844,288.9259948730469,287.0841979980469,291.0961303710937,297.252685546875,291.0973815917969,1.0,0.6353179812431335,1.0,1.0,0.3027856349945068,1.0,-3.514242649078369,2.598839521408081,0.9154031872749328,1.80674421787262,0.0,0.0,0.0,148.0782012939453,140.0,-3.6643357276916495,-0.0,3363.97021484375,1.0,293.1499938964844,293.1499938964844,293.1499938964844,293.1499938964844,293.1499938964844,293.1499938964844,278.1499938964844,0.0,18000.0,313.1499938964844,0.0,18000.0,0.0,0.0,0.0,0.0,0.0,0.0,0.0,0.0,0.0,0.0,-0.0,-0.0,0.0,0.0,0.0,0.0,0.0,-0.0,0.0,0.0,0.0,0.0,0.0,0.0,0.0,0.0,0.0,4.0,0.0,0.0
11889420,297.22723388671875,297.1499938964844,293.1499938964844,0.0,-0.0,291.0956726074219,0.8869723081588745,0.3566729724407196,0.321885883808136,297.2886962890625,297.1499938964844,293.1499938964844,0.0,-0.0,291.0956726074219,0.9990000128746032,0.5164816379547119,0.4835083186626434,297.2985534667969,297.1499938964844,293.1499938964844,0.0,-0.0,291.0956726074219,0.9525407552719116,0.4338817298412323,0.3037754595279693,297.282958984375,297.1499938964844,293.1499938964844,0.0,-0.0,291.0956726074219,0.9777411818504332,0.4692907631397247,0.4445788264274597,297.2113037109375,297.1499938964844,293.1499938964844,0.0,-0.0,291.095703125,0.8420465588569641,0.3042963147163391,1.3742363452911377,291.0956726074219,291.1499938964844,288.9023742675781,287.0896301269531,291.0943908691406,297.2515869140625,291.0955810546875,1.0,0.6337095499038696,1.0,1.0,0.3047807216644287,1.0,-3.516406297683716,2.593695163726806,0.9227110147476196,1.80102801322937,0.0,0.0,0.0,143.9191131591797,158.0,-2.9349467754364014,-0.0,3344.076171875,1.0,293.1499938964844,293.1499938964844,293.1499938964844,293.1499938964844,293.1499938964844,293.1499938964844,278.1499938964844,0.0,18000.0,313.1499938964844,0.0,18000.0,0.0,0.0,0.0,0.0,0.0,0.0,0.0,0.0,0.0,0.0,-0.0,-0.0,0.0,0.0,0.0,0.0,0.0,-0.0,0.0,0.0,0.0,0.0,0.0,0.0,0.0,0.0,0.0,4.0,0.0,0.0
11889480,297.22723388671875,297.1499938964844,293.1499938964844,0.0,-0.0,291.0956726074219,0.8869723081588745,0.3566729724407196,0.321885883808136,297.2886962890625,297.1499938964844,293.1499938964844,0.0,-0.0,291.0956726074219,0.9990000128746032,0.5164816379547119,0.4835083186626434,297.2985534667969,297.1499938964844,293.1499938964844,0.0,-0.0,291.0956726074219,0.9525407552719116,0.4338817298412323,0.3037754595279693,297.282958984375,297.1499938964844,293.1499938964844,0.0,-0.0,291.0956726074219,0.9777411818504332,0.4692907631397247,0.4445788264274597,297.2113037109375,297.1499938964844,293.1499938964844,0.0,-0.0,291.095703125,0.8420465588569641,0.3042963147163391,1.3742363452911377,291.0956726074219,291.1499938964844,288.9023742675781,287.0896301269531,291.0943908691406,297.2515869140625,291.0955810546875,1.0,0.6337095499038696,1.0,1.0,0.3047807216644287,1.0,-3.516406297683716,2.593695163726806,0.9227110147476196,1.80102801322937,0.0,0.0,0.0,143.9191131591797,158.0,-2.9349467754364014,-0.0,3344.076171875,1.0,293.1499938964844,293.1499938964844,293.1499938964844,293.1499938964844,293.1499938964844,293.1499938964844,278.1499938964844,0.0,18000.0,313.1499938964844,0.0,18000.0,0.0,0.0,0.0,0.0,0.0,0.0,0.0,0.0,0.0,0.0,-0.0,-0.0,0.0,0.0,0.0,0.0,0.0,-0.0,0.0,0.0,0.0,0.0,0.0,0.0,0.0,0.0,0.0,4.0,0.0,0.0
11889540,297.225830078125,297.1499938964844,293.1499938964844,0.0,-0.0,291.0947570800781,0.8798943758010864,0.3575083017349243,0.3227574527263641,297.28814697265625,297.1499938964844,293.1499938964844,0.0,-0.0,291.0947570800781,0.9972407817840576,0.5181923508644104,0.4905897676944732,297.2973022460937,297.1499938964844,293.1499938964844,0.0,-0.0,291.0947570800781,0.9448543787002563,0.435637354850769,0.3050880432128906,297.28125,297.1499938964844,293.1499938964844,0.0,-0.0,291.0947570800781,0.970804750919342,0.4708037674427032,0.4461269974708557,297.211181640625,297.1499938964844,293.1499938964844,0.0,-0.0,291.0947570800781,0.8359115123748779,0.305062860250473,1.3782541751861572,291.0947570800781,291.1499938964844,288.879638671875,287.0946655273437,291.0951232910156,297.2507019042969,291.0948791503906,1.0,0.6388872265815735,1.0,1.0,0.306775838136673,1.0,-3.5346124172210693,2.599616050720215,0.9349963665008544,1.802496314048767,0.0,0.0,0.0,148.09890747070312,176.0,-1.0129915475845337,-0.0,3412.23486328125,1.0,293.1499938964844,293.1499938964844,293.1499938964844,293.1499938964844,293.1499938964844,293.1499938964844,278.1499938964844,0.0,18000.0,313.1499938964844,0.0,18000.0,0.0,0.0,0.0,0.0,0.0,0.0,0.0,0.0,0.0,0.0,-0.0,-0.0,0.0,0.0,0.0,0.0,0.0,-0.0,0.0,0.0,0.0,0.0,0.0,0.0,0.0,0.0,0.0,4.0,0.0,0.0
11889600,297.225830078125,297.1499938964844,293.1499938964844,0.0,-0.0,291.0947570800781,0.8798943758010864,0.3575083017349243,0.3227574527263641,297.28814697265625,297.1499938964844,293.1499938964844,0.0,-0.0,291.0947570800781,0.9972407817840576,0.5181923508644104,0.4905897676944732,297.2973022460937,297.1499938964844,293.1499938964844,0.0,-0.0,291.0947570800781,0.9448543787002563,0.435637354850769,0.3050880432128906,297.28125,297.1499938964844,293.1499938964844,0.0,-0.0,291.0947570800781,0.970804750919342,0.4708037674427032,0.4461269974708557,297.211181640625,297.1499938964844,293.1499938964844,0.0,-0.0,291.0947570800781,0.8359115123748779,0.305062860250473,1.3782541751861572,291.0947570800781,291.1499938964844,288.879638671875,287.0946655273437,291.0951232910156,297.2507019042969,291.0948791503906,1.0,0.6388872265815735,1.0,1.0,0.306775838136673,1.0,-3.5346124172210693,2.599616050720215,0.9349963665008544,1.802496314048767,0.0,0.0,0.0,148.09890747070312,176.0,-1.0129915475845337,-0.0,3412.23486328125,1.0,293.1499938964844,293.1499938964844,293.1499938964844,293.1499938964844,293.1499938964844,293.1499938964844,278.1499938964844,0.0,18000.0,313.1499938964844,0.0,18000.0,0.0,0.0,0.0,0.0,0.0,0.0,0.0,0.0,0.0,0.0,-0.0,-0.0,0.0,0.0,0.0,0.0,0.0,-0.0,0.0,0.0,0.0,0.0,0.0,0.0,0.0,0.0,0.0,4.0,0.0,0.0
11889660,297.2235412597656,297.1499938964844,293.1499938964844,0.0,-0.0,291.09625244140625,0.8582192659378052,0.3582383394241333,0.323848158121109,297.2837219238281,297.1499938964844,293.1499938964844,0.0,-0.0,291.09625244140625,0.9770958423614502,0.5194928646087646,0.4922627508640289,297.2952880859375,297.1499938964844,293.1499938964844,0.0,-0.0,291.09625244140625,0.9185898900032043,0.4373011589050293,0.3065803945064544,297.27886962890625,297.1499938964844,293.1499938964844,0.0,-0.0,291.09625244140625,0.9459673166275024,0.4722248911857605,0.4479185938835144,297.21026611328125,297.1499938964844,293.1499938964844,0.0,-0.0,291.0962219238281,0.8168076872825623,0.3057444393634796,1.3834741115570068,291.09625244140625,291.1499938964844,288.8580017089844,287.0992736816406,291.09747314453125,297.2480773925781,291.09637451171875,1.0,0.6469316482543945,1.0,1.0,0.3089954257011413,1.0,-3.547780513763428,2.601270914077759,0.9465095400810242,1.8010835647583008,0.0,0.0,0.0,159.80731201171875,194.0,1.3001681566238403,-0.0,3515.1787109375,1.0,293.1499938964844,293.1499938964844,293.1499938964844,293.1499938964844,293.1499938964844,293.1499938964844,278.1499938964844,0.0,18000.0,313.1499938964844,0.0,18000.0,0.0,0.0,0.0,0.0,0.0,0.0,0.0,0.0,0.0,0.0,-0.0,-0.0,0.0,0.0,0.0,0.0,0.0,-0.0,0.0,0.0,0.0,0.0,0.0,0.0,0.0,0.0,0.0,4.0,0.0,0.0
11889720,297.2235412597656,297.1499938964844,293.1499938964844,0.0,-0.0,291.09625244140625,0.8582192659378052,0.3582383394241333,0.323848158121109,297.2837219238281,297.1499938964844,293.1499938964844,0.0,-0.0,291.09625244140625,0.9770958423614502,0.5194928646087646,0.4922627508640289,297.2952880859375,297.1499938964844,293.1499938964844,0.0,-0.0,291.09625244140625,0.9185898900032043,0.4373011589050293,0.3065803945064544,297.27886962890625,297.1499938964844,293.1499938964844,0.0,-0.0,291.09625244140625,0.9459673166275024,0.4722248911857605,0.4479185938835144,297.21026611328125,297.1499938964844,293.1499938964844,0.0,-0.0,291.0962219238281,0.8168076872825623,0.3057444393634796,1.3834741115570068,291.09625244140625,291.1499938964844,288.8580017089844,287.0992736816406,291.09747314453125,297.2480773925781,291.09637451171875,1.0,0.6469316482543945,1.0,1.0,0.3089954257011413,1.0,-3.547780513763428,2.601270914077759,0.9465095400810242,1.8010835647583008,0.0,0.0,0.0,159.80731201171875,194.0,1.3001681566238403,-0.0,3515.1787109375,1.0,293.1499938964844,293.1499938964844,293.1499938964844,293.1499938964844,293.1499938964844,293.1499938964844,278.1499938964844,0.0,18000.0,313.1499938964844,0.0,18000.0,0.0,0.0,0.0,0.0,0.0,0.0,0.0,0.0,0.0,0.0,-0.0,-0.0,0.0,0.0,0.0,0.0,0.0,-0.0,0.0,0.0,0.0,0.0,0.0,0.0,0.0,0.0,0.0,4.0,0.0,0.0
11889780,297.22088623046875,297.1499938964844,293.1499938964844,0.0,-0.0,291.0989990234375,0.8364203572273254,0.3589017689228058,0.3249797821044922,297.280029296875,297.1499938964844,293.1499938964844,0.0,-0.0,291.0989990234375,0.9509562849998474,0.5208119750022888,0.494049996137619,297.2929992675781,297.1499938964844,293.1499938964844,0.0,-0.0,291.0989990234375,0.8929781913757324,0.438907265663147,0.3081117868423462,297.2762145996094,297.1499938964844,293.1499938964844,0.0,-0.0,291.0989990234375,0.9173147082328796,0.4735873937606811,0.4497624337673187,297.2088928222656,297.1499938964844,293.1499938964844,0.0,-0.0,291.0989685058594,0.7952643036842346,0.3063674867153168,1.388944387435913,291.0989990234375,291.1499938964844,288.83770751953125,287.1034545898437,291.1010131835937,297.2453918457031,291.09918212890625,1.0,0.6565174460411072,1.0,1.0,0.3112150430679321,1.0,-3.5619313716888428,2.6035375595092773,0.9583938717842102,1.800082802772522,0.0,0.0,0.0,174.5190887451172,212.0,3.238403797149658,-0.0,3639.193359375,1.0,293.1499938964844,293.1499938964844,293.1499938964844,293.1499938964844,293.1499938964844,293.1499938964844,278.1499938964844,0.0,18000.0,313.1499938964844,0.0,18000.0,0.0,0.0,0.0,0.0,0.0,0.0,0.0,0.0,0.0,0.0,-0.0,-0.0,0.0,0.0,0.0,0.0,0.0,-0.0,0.0,0.0,0.0,0.0,0.0,0.0,0.0,0.0,0.0,4.0,0.0,0.0
11889840,297.22088623046875,297.1499938964844,293.1499938964844,0.0,-0.0,291.0989990234375,0.8364203572273254,0.3589017689228058,0.3249797821044922,297.280029296875,297.1499938964844,293.1499938964844,0.0,-0.0,291.0989990234375,0.9509562849998474,0.5208119750022888,0.494049996137619,297.2929992675781,297.1499938964844,293.1499938964844,0.0,-0.0,291.0989990234375,0.8929781913757324,0.438907265663147,0.3081117868423462,297.2762145996094,297.1499938964844,293.1499938964844,0.0,-0.0,291.0989990234375,0.9173147082328796,0.4735873937606811,0.4497624337673187,297.2088928222656,297.1499938964844,293.1499938964844,0.0,-0.0,291.0989685058594,0.7952643036842346,0.3063674867153168,1.388944387435913,291.0989990234375,291.1499938964844,288.83770751953125,287.1034545898437,291.1010131835937,297.2453918457031,291.09918212890625,1.0,0.6565174460411072,1.0,1.0,0.3112150430679321,1.0,-3.5619313716888428,2.6035375595092773,0.9583938717842102,1.800082802772522,0.0,0.0,0.0,174.5190887451172,212.0,3.238403797149658,-0.0,3639.193359375,1.0,293.1499938964844,293.1499938964844,293.1499938964844,293.1499938964844,293.1499938964844,293.1499938964844,278.1499938964844,0.0,18000.0,313.1499938964844,0.0,18000.0,0.0,0.0,0.0,0.0,0.0,0.0,0.0,0.0,0.0,0.0,-0.0,-0.0,0.0,0.0,0.0,0.0,0.0,-0.0,0.0,0.0,0.0,0.0,0.0,0.0,0.0,0.0,0.0,4.0,0.0,0.0
11889900,297.219482421875,297.1499938964844,293.1499938964844,0.0,-0.0,291.100830078125,0.8263447880744934,0.359212726354599,0.3255516588687897,297.2783203125,297.1499938964844,293.1499938964844,0.0,-0.0,291.100830078125,0.9371324181556702,0.5214671492576599,0.4949691891670227,297.291748046875,297.1499938964844,293.1499938964844,0.0,-0.0,291.100830078125,0.8813825845718384,0.4396915137767792,0.3088838160037994,297.2748107910156,297.1499938964844,293.1499938964844,0.0,-0.0,291.100830078125,0.9043022990226746,0.4742492139339447,0.4506924748420715,297.20806884765625,297.1499938964844,293.1499938964844,0.0,-0.0,291.1007995605469,0.7847796082496643,0.3066594898700714,1.3917174339294434,291.100830078125,291.1499938964844,288.828125,287.1053771972656,291.10321044921875,297.2440490722656,291.1010437011719,1.0,0.6616277694702148,1.0,1.0,0.3123248219490051,1.0,-3.569108486175537,2.604724884033203,0.9643834233283995,1.799625277519226,0.0,0.0,0.0,182.5727996826172,212.0,4.126334190368652,-0.0,3706.068603515625,1.0,293.1499938964844,293.1499938964844,293.1499938964844,293.1499938964844,293.1499938964844,293.1499938964844,278.1499938964844,0.0,18000.0,313.1499938964844,0.0,18000.0,0.0,0.0,0.0,0.0,0.0,0.0,0.0,0.0,0.0,0.0,-0.0,-0.0,0.0,0.0,0.0,0.0,0.0,-0.0,0.0,0.0,0.0,0.0,0.0,0.0,0.0,0.0,0.0,4.0,0.0,0.0
11889960,297.2180480957031,297.1499938964844,293.1499938964844,0.0,-0.0,291.1026306152344,0.8167685270309448,0.3595118522644043,0.3261236548423767,297.2766418457031,297.1499938964844,293.1499938964844,0.0,-0.0,291.1026611328125,0.9237028956413268,0.5221161842346191,0.4958953559398651,297.2904968261719,297.1499938964844,293.1499938964844,0.0,-0.0,291.1026611328125,0.8705540299415588,0.4404646754264831,0.3096565902233124,297.2733764648437,297.1499938964844,293.1499938964844,0.0,-0.0,291.1026611328125,0.8928791880607605,0.4748994708061218,0.4516230523586273,297.2071838378906,297.1499938964844,293.1499938964844,0.0,-0.0,291.1026306152344,0.7749441266059875,0.3069401681423187,1.3944932222366333,291.1026611328125,291.1499938964844,288.8189697265625,287.107177734375,291.10498046875,297.24267578125,291.1028137207031,1.0,0.6668559908866882,1.0,1.0,0.3133323192596435,1.0,-3.576298713684082,2.606234312057495,0.9700644612312316,1.7994906902313232,0.0,0.0,0.0,190.9240875244141,230.0,4.464323043823242,-0.0,3775.06005859375,1.0,293.1499938964844,293.1499938964844,293.1499938964844,293.1499938964844,293.1499938964844,293.1499938964844,278.1499938964844,0.0,18000.0,313.1499938964844,0.0,18000.0,0.0,0.0,0.0,0.0,0.0,0.0,0.0,0.0,0.0,0.0,-0.0,-0.0,0.0,0.0,0.0,0.0,0.0,-0.0,0.0,0.0,0.0,0.0,0.0,0.0,0.0,0.0,0.0,4.0,0.0,0.0
11890020,297.2165222167969,297.1499938964844,293.1499938964844,0.0,-0.0,291.1045227050781,0.8070417642593384,0.3598097562789917,0.3267156183719635,297.2749328613281,297.1499938964844,293.1499938964844,0.0,-0.0,291.10455322265625,0.910836398601532,0.5227818489074707,0.4968602359294891,297.28912353515625,297.1499938964844,293.1499938964844,0.0,-0.0,291.10455322265625,0.8601747155189514,0.4412562549114227,0.3104585409164428,297.2718811035156,297.1499938964844,293.1499938964844,0.0,-0.0,291.10455322265625,0.881798505783081,0.4755626916885376,0.4525880217552185,297.2061767578125,297.1499938964844,293.1499938964844,0.0,-0.0,291.1045227050781,0.76548171043396,0.3072198629379272,1.397369146347046,291.10455322265625,291.1499938964844,288.8099060058594,287.10894775390625,291.1070861816406,297.2412414550781,291.104736328125,1.0,0.6723734736442566,1.0,1.0,0.3143801391124725,1.0,-3.583756923675537,2.607804298400879,0.9759526252746582,1.7993592023849487,0.0,0.0,0.0,199.8477020263672,230.0,4.799386978149414,-0.0,3848.506103515625,1.0,293.1499938964844,293.1499938964844,293.1499938964844,293.1499938964844,293.1499938964844,293.1499938964844,278.1499938964844,0.0,18000.0,313.1499938964844,0.0,18000.0,0.0,0.0,0.0,0.0,0.0,0.0,0.0,0.0,0.0,0.0,-0.0,-0.0,0.0,0.0,0.0,0.0,0.0,-0.0,0.0,0.0,0.0,0.0,0.0,0.0,0.0,0.0,0.0,4.0,0.0,0.0
11890080,297.2151184082031,297.1499938964844,293.1499938964844,0.0,-0.0,291.1065368652344,0.7982252240180969,0.3600752651691437,0.3272585272789001,297.2733764648437,297.1499938964844,293.1499938964844,0.0,-0.0,291.1065673828125,0.9005361199378967,0.5233887434005737,0.4977495968341827,297.2878723144531,297.1499938964844,293.1499938964844,0.0,-0.0,291.1065368652344,0.8514021039009094,0.441977858543396,0.3111963868141174,297.2704467773437,297.1499938964844,293.1499938964844,0.0,-0.0,291.1065673828125,0.8723357319831848,0.4761651754379272,0.4534750282764435,297.20526123046875,297.1499938964844,293.1499938964844,0.0,-0.0,291.10650634765625,0.7574660181999207,0.3074690997600555,1.4000091552734375,291.1065673828125,291.1499938964844,288.802001953125,287.1104736328125,291.1093444824219,297.2398986816406,291.1067810058594,1.0,0.6775030493736267,1.0,1.0,0.3153473138809204,1.0,-3.59061050415039,2.609224319458008,0.9813861846923828,1.7992172241210938,0.0,0.0,0.0,208.23287963867188,248.0,5.299143314361572,-0.0,3917.3955078125,1.0,293.1499938964844,293.1499938964844,293.1499938964844,293.1499938964844,293.1499938964844,293.1499938964844,278.1499938964844,0.0,18000.0,313.1499938964844,0.0,18000.0,0.0,0.0,0.0,0.0,0.0,0.0,0.0,0.0,0.0,0.0,-0.0,-0.0,0.0,0.0,0.0,0.0,0.0,-0.0,0.0,0.0,0.0,0.0,0.0,0.0,0.0,0.0,0.0,4.0,0.0,0.0
11890140,297.2121887207031,297.1499938964844,293.1499938964844,0.0,-0.0,291.11163330078125,0.7815555334091187,0.3606033325195312,0.3283773362636566,297.2702331542969,297.1499938964844,293.1499938964844,0.0,-0.0,291.1116943359375,0.8818132281303406,0.5246303677558899,0.4995932579040527,297.28521728515625,297.1499938964844,293.1499938964844,0.0,-0.0,291.1116638183594,0.8353200554847717,0.443456619977951,0.3127245903015136,297.2675476074219,297.1499938964844,293.1499938964844,0.0,-0.0,291.1116638183594,0.8548805713653564,0.4773936569690704,0.4553088843822479,297.2032165527344,297.1499938964844,293.1499938964844,0.0,-0.0,291.11163330078125,0.7427833676338196,0.3079638481140136,1.4054524898529053,291.1116943359375,291.1499938964844,288.7870483398437,287.11328125,291.1151123046875,297.2370910644531,291.1119384765625,1.0,0.6882336139678955,1.0,1.0,0.3173623085021972,1.0,-3.604767322540283,2.6120760440826416,0.9926913976669312,1.7988429069519043,0.0,0.0,0.0,226.0300750732422,251.0,6.76161527633667,-0.0,4063.439453125,1.0,293.1499938964844,293.1499938964844,293.1499938964844,293.1499938964844,293.1499938964844,293.1499938964844,278.1499938964844,0.0,18000.0,313.1499938964844,0.0,18000.0,0.0,0.0,0.0,0.0,0.0,0.0,0.0,0.0,0.0,0.0,-0.0,-0.0,0.0,0.0,0.0,0.0,0.0,-0.0,0.0,0.0,0.0,0.0,0.0,0.0,0.0,0.0,0.0,4.0,0.0,0.0
11890200,297.2121887207031,297.1499938964844,293.1499938964844,0.0,-0.0,291.11163330078125,0.7815555334091187,0.3606033325195312,0.3283773362636566,297.2702331542969,297.1499938964844,293.1499938964844,0.0,-0.0,291.1116943359375,0.8818132281303406,0.5246303677558899,0.4995932579040527,297.28521728515625,297.1499938964844,293.1499938964844,0.0,-0.0,291.1116638183594,0.8353200554847717,0.443456619977951,0.3127245903015136,297.2675476074219,297.1499938964844,293.1499938964844,0.0,-0.0,291.1116638183594,0.8548805713653564,0.4773936569690704,0.4553088843822479,297.2032165527344,297.1499938964844,293.1499938964844,0.0,-0.0,291.11163330078125,0.7427833676338196,0.3079638481140136,1.4054524898529053,291.1116943359375,291.1499938964844,288.7870483398437,287.11328125,291.1151123046875,297.2370910644531,291.1119384765625,1.0,0.6882336139678955,1.0,1.0,0.3173623085021972,1.0,-3.604767322540283,2.6120760440826416,0.9926913976669312,1.7988429069519043,0.0,0.0,0.0,226.0300750732422,251.0,6.76161527633667,-0.0,4063.439453125,1.0,293.1499938964844,293.1499938964844,293.1499938964844,293.1499938964844,293.1499938964844,293.1499938964844,278.1499938964844,0.0,18000.0,313.1499938964844,0.0,18000.0,0.0,0.0,0.0,0.0,0.0,0.0,0.0,0.0,0.0,0.0,-0.0,-0.0,0.0,0.0,0.0,0.0,0.0,-0.0,0.0,0.0,0.0,0.0,0.0,0.0,0.0,0.0,0.0,4.0,0.0,0.0
11890260,297.2094421386719,297.1499938964844,293.1499938964844,0.0,-0.0,291.1161804199219,0.7727325558662415,0.3611113131046295,0.3292253017425537,297.2671813964844,297.1499938964844,293.1499938964844,0.0,-0.0,291.1162109375,0.87203449010849,0.5258455276489258,0.5011492371559143,297.2826843261719,297.1499938964844,293.1499938964844,0.0,-0.0,291.1161804199219,0.8270939588546753,0.4449118077754974,0.3140410184860229,297.2646789550781,297.1499938964844,293.1499938964844,0.0,-0.0,291.1161804199219,0.8459362983703613,0.4785937070846557,0.4568521976470947,297.20123291015625,297.1499938964844,293.1499938964844,0.0,-0.0,291.1161499023437,0.7351651787757874,0.3084351122379303,1.4095338582992554,291.1162109375,291.1499938964844,288.7742919921875,287.1156005859375,291.1190795898437,297.2344055175781,291.11639404296875,1.0,0.6947960257530212,1.0,1.0,0.3189550638198852,1.0,-3.61601448059082,2.61429500579834,1.0017197132110596,1.7985389232635498,0.0,0.0,0.0,237.0592803955078,239.0,6.225064277648926,-0.0,4161.04931640625,1.0,293.1499938964844,293.1499938964844,293.1499938964844,293.1499938964844,293.1499938964844,293.1499938964844,278.1499938964844,0.0,18000.0,313.1499938964844,0.0,18000.0,0.0,0.0,0.0,0.0,0.0,0.0,0.0,0.0,0.0,0.0,-0.0,-0.0,0.0,0.0,0.0,0.0,0.0,-0.0,0.0,0.0,0.0,0.0,0.0,0.0,0.0,0.0,0.0,4.0,0.0,0.0
11890320,297.2094421386719,297.1499938964844,293.1499938964844,0.0,-0.0,291.1161804199219,0.7727325558662415,0.3611113131046295,0.3292253017425537,297.2671813964844,297.1499938964844,293.1499938964844,0.0,-0.0,291.1162109375,0.87203449010849,0.5258455276489258,0.5011492371559143,297.2826843261719,297.1499938964844,293.1499938964844,0.0,-0.0,291.1161804199219,0.8270939588546753,0.4449118077754974,0.3140410184860229,297.2646789550781,297.1499938964844,293.1499938964844,0.0,-0.0,291.1161804199219,0.8459362983703613,0.4785937070846557,0.4568521976470947,297.20123291015625,297.1499938964844,293.1499938964844,0.0,-0.0,291.1161499023437,0.7351651787757874,0.3084351122379303,1.4095338582992554,291.1162109375,291.1499938964844,288.7742919921875,287.1156005859375,291.1190795898437,297.2344055175781,291.11639404296875,1.0,0.6947960257530212,1.0,1.0,0.3189550638198852,1.0,-3.61601448059082,2.61429500579834,1.0017197132110596,1.7985389232635498,0.0,0.0,0.0,237.0592803955078,239.0,6.225064277648926,-0.0,4161.04931640625,1.0,293.1499938964844,293.1499938964844,293.1499938964844,293.1499938964844,293.1499938964844,293.1499938964844,278.1499938964844,0.0,18000.0,313.1499938964844,0.0,18000.0,0.0,0.0,0.0,0.0,0.0,0.0,0.0,0.0,0.0,0.0,-0.0,-0.0,0.0,0.0,0.0,0.0,0.0,-0.0,0.0,0.0,0.0,0.0,0.0,0.0,0.0,0.0,0.0,4.0,0.0,0.0
11890380,297.20721435546875,297.1499938964844,293.1499938964844,0.0,-0.0,291.1211242675781,0.7732511162757874,0.3616390526294708,0.3296800851821899,297.2645263671875,297.1499938964844,293.1499938964844,0.0,-0.0,291.12115478515625,0.8728719353675842,0.5270583629608154,0.5022744536399841,297.2805480957031,297.1499938964844,293.1499938964844,0.0,-0.0,291.12115478515625,0.8280698657035828,0.4463746249675751,0.3150447905063629,297.2621765136719,297.1499938964844,293.1499938964844,0.0,-0.0,291.12115478515625,0.846757709980011,0.4797923564910888,0.4579649567604065,297.1995849609375,297.1499938964844,293.1499938964844,0.0,-0.0,291.12109375,0.7356383204460144,0.3089155852794647,1.4116134643554688,291.12115478515625,291.1499938964844,288.7640075683594,287.117431640625,291.1242980957031,297.23211669921875,291.1213684082031,1.0,0.6953276991844177,1.0,1.0,0.3205478191375732,1.0,-3.622969150543213,2.613624334335327,1.0093448162078855,1.7962944507598877,0.0,0.0,0.0,237.203353881836,227.0,6.81817626953125,-0.0,4180.3681640625,1.0,293.1499938964844,293.1499938964844,293.1499938964844,293.1499938964844,293.1499938964844,293.1499938964844,278.1499938964844,0.0,18000.0,313.1499938964844,0.0,18000.0,0.0,0.0,0.0,0.0,0.0,0.0,0.0,0.0,0.0,0.0,-0.0,-0.0,0.0,0.0,0.0,0.0,0.0,-0.0,0.0,0.0,0.0,0.0,0.0,0.0,0.0,0.0,0.0,4.0,0.0,0.0
11890440,297.20721435546875,297.1499938964844,293.1499938964844,0.0,-0.0,291.1211242675781,0.7732511162757874,0.3616390526294708,0.3296800851821899,297.2645263671875,297.1499938964844,293.1499938964844,0.0,-0.0,291.12115478515625,0.8728719353675842,0.5270583629608154,0.5022744536399841,297.2805480957031,297.1499938964844,293.1499938964844,0.0,-0.0,291.12115478515625,0.8280698657035828,0.4463746249675751,0.3150447905063629,297.2621765136719,297.1499938964844,293.1499938964844,0.0,-0.0,291.12115478515625,0.846757709980011,0.4797923564910888,0.4579649567604065,297.1995849609375,297.1499938964844,293.1499938964844,0.0,-0.0,291.12109375,0.7356383204460144,0.3089155852794647,1.4116134643554688,291.12115478515625,291.1499938964844,288.7640075683594,287.117431640625,291.1242980957031,297.23211669921875,291.1213684082031,1.0,0.6953276991844177,1.0,1.0,0.3205478191375732,1.0,-3.622969150543213,2.613624334335327,1.0093448162078855,1.7962944507598877,0.0,0.0,0.0,237.203353881836,227.0,6.81817626953125,-0.0,4180.3681640625,1.0,293.1499938964844,293.1499938964844,293.1499938964844,293.1499938964844,293.1499938964844,293.1499938964844,278.1499938964844,0.0,18000.0,313.1499938964844,0.0,18000.0,0.0,0.0,0.0,0.0,0.0,0.0,0.0,0.0,0.0,0.0,-0.0,-0.0,0.0,0.0,0.0,0.0,0.0,-0.0,0.0,0.0,0.0,0.0,0.0,0.0,0.0,0.0,0.0,4.0,0.0,0.0
11890500,297.2064514160156,297.1499938964844,293.1499938964844,0.0,-0.0,291.12408447265625,0.7755614519119263,0.3619265258312225,0.3298350572586059,297.263427734375,297.1499938964844,293.1499938964844,0.0,-0.0,291.1241149902344,0.8756166100502014,0.5276774764060974,0.5027507543563843,297.2797546386719,297.1499938964844,293.1499938964844,0.0,-0.0,291.1241149902344,0.8305805325508118,0.4471235573291778,0.3154862225055694,297.2611999511719,297.1499938964844,293.1499938964844,0.0,-0.0,291.1241149902344,0.8493059277534485,0.4804050028324127,0.4584356248378753,297.1990051269531,297.1499938964844,293.1499938964844,0.0,-0.0,291.1240539550781,0.7376492023468018,0.3091745376586914,1.4122681617736816,291.1241149902344,291.1499938964844,288.75982666015625,287.1181640625,291.1275939941406,297.2312316894531,291.1243591308594,1.0,0.6944141387939453,1.0,1.0,0.3213441967964172,1.0,-3.6256144046783447,2.612724781036377,1.0128896236419678,1.794758439064026,0.0,0.0,0.0,234.82749938964844,227.0,7.533703804016113,-0.0,4172.67724609375,1.0,293.1499938964844,293.1499938964844,293.1499938964844,293.1499938964844,293.1499938964844,293.1499938964844,278.1499938964844,0.0,18000.0,313.1499938964844,0.0,18000.0,0.0,0.0,0.0,0.0,0.0,0.0,0.0,0.0,0.0,0.0,-0.0,-0.0,0.0,0.0,0.0,0.0,0.0,-0.0,0.0,0.0,0.0,0.0,0.0,0.0,0.0,0.0,0.0,4.0,0.0,0.0
11890560,297.2059020996094,297.1499938964844,293.1499938964844,0.0,-0.0,291.126708984375,0.7788097858428955,0.362229973077774,0.3299677073955536,297.26251220703125,297.1499938964844,293.1499938964844,0.0,-0.0,291.1267395019531,0.8794240951538086,0.5283060073852539,0.5031970739364624,297.2791442871094,297.1499938964844,293.1499938964844,0.0,-0.0,291.1267395019531,0.8340098857879639,0.4478850960731506,0.3159077167510986,297.2603759765625,297.1499938964844,293.1499938964844,0.0,-0.0,291.1267395019531,0.8528409004211426,0.4810278415679931,0.4588768184185028,297.1986389160156,297.1499938964844,293.1499938964844,0.0,-0.0,291.126708984375,0.7404747009277344,0.3094484210014343,1.41280198097229,291.1267395019531,291.1499938964844,288.7563781738281,287.1187744140625,291.129638671875,297.23052978515625,291.1268920898437,1.0,0.6929932236671448,1.0,1.0,0.3218925893306732,1.0,-3.6279914379119873,2.6124284267425537,1.0155631303787231,1.79389226436615,0.0,0.0,0.0,231.44688415527344,215.0,7.162872314453125,-0.0,4158.03955078125,1.0,293.1499938964844,293.1499938964844,293.1499938964844,293.1499938964844,293.1499938964844,293.1499938964844,278.1499938964844,0.0,18000.0,313.1499938964844,0.0,18000.0,0.0,0.0,0.0,0.0,0.0,0.0,0.0,0.0,0.0,0.0,-0.0,-0.0,0.0,0.0,0.0,0.0,0.0,-0.0,0.0,0.0,0.0,0.0,0.0,0.0,0.0,0.0,0.0,4.0,0.0,0.0
11890620,297.20526123046875,297.1499938964844,293.1499938964844,0.0,-0.0,291.1317138671875,0.7875145077705383,0.3628705739974975,0.3301938474178314,297.26104736328125,297.1499938964844,293.1499938964844,0.0,-0.0,291.1317749023437,0.8895456194877625,0.5295808911323547,0.5040321946144104,297.2782897949219,297.1499938964844,293.1499938964844,0.0,-0.0,291.1317443847656,0.8430720567703247,0.4494350552558899,0.3167146444320678,297.2590637207031,297.1499938964844,293.1499938964844,0.0,-0.0,291.1317443847656,0.8622944355010986,0.4822943806648254,0.4597043693065643,297.1983642578125,297.1499938964844,293.1499938964844,0.0,-0.0,291.1316833496094,0.7480946183204651,0.3100356757640838,1.4136875867843628,291.1317749023437,291.1499938964844,288.7516174316406,287.1195983886719,291.1350402832031,297.2295227050781,291.1319885253906,1.0,0.6891547441482544,1.0,1.0,0.3229894042015075,1.0,-3.632300615310669,2.611631155014038,1.0206694602966309,1.792100191116333,0.0,0.0,0.0,222.7077789306641,203.0,7.28113842010498,-0.0,4115.2529296875,1.0,293.1499938964844,293.1499938964844,293.1499938964844,293.1499938964844,293.1499938964844,293.1499938964844,278.1499938964844,0.0,18000.0,313.1499938964844,0.0,18000.0,0.0,0.0,0.0,0.0,0.0,0.0,0.0,0.0,0.0,0.0,-0.0,-0.0,0.0,0.0,0.0,0.0,0.0,-0.0,0.0,0.0,0.0,0.0,0.0,0.0,0.0,0.0,0.0,4.0,0.0,0.0
11890680,297.20526123046875,297.1499938964844,293.1499938964844,0.0,-0.0,291.1317138671875,0.7875145077705383,0.3628705739974975,0.3301938474178314,297.26104736328125,297.1499938964844,293.1499938964844,0.0,-0.0,291.1317749023437,0.8895456194877625,0.5295808911323547,0.5040321946144104,297.2782897949219,297.1499938964844,293.1499938964844,0.0,-0.0,291.1317443847656,0.8430720567703247,0.4494350552558899,0.3167146444320678,297.2590637207031,297.1499938964844,293.1499938964844,0.0,-0.0,291.1317443847656,0.8622944355010986,0.4822943806648254,0.4597043693065643,297.1983642578125,297.1499938964844,293.1499938964844,0.0,-0.0,291.1316833496094,0.7480946183204651,0.3100356757640838,1.4136875867843628,291.1317749023437,291.1499938964844,288.7516174316406,287.1195983886719,291.1350402832031,297.2295227050781,291.1319885253906,1.0,0.6891547441482544,1.0,1.0,0.3229894042015075,1.0,-3.632300615310669,2.611631155014038,1.0206694602966309,1.792100191116333,0.0,0.0,0.0,222.7077789306641,203.0,7.28113842010498,-0.0,4115.2529296875,1.0,293.1499938964844,293.1499938964844,293.1499938964844,293.1499938964844,293.1499938964844,293.1499938964844,278.1499938964844,0.0,18000.0,313.1499938964844,0.0,18000.0,0.0,0.0,0.0,0.0,0.0,0.0,0.0,0.0,0.0,0.0,-0.0,-0.0,0.0,0.0,0.0,0.0,0.0,-0.0,0.0,0.0,0.0,0.0,0.0,0.0,0.0,0.0,0.0,4.0,0.0,0.0
11890740,297.2051086425781,297.1499938964844,293.1499938964844,0.0,-0.0,291.1385498046875,0.7986332774162292,0.3635561764240265,0.3304009139537811,297.260009765625,297.1499938964844,293.1499938964844,0.0,-0.0,291.1385803222656,0.9024123549461364,0.5308833718299866,0.5048297047615051,297.2779541015625,297.1499938964844,293.1499938964844,0.0,-0.0,291.1385803222656,0.8547210097312927,0.4510239958763122,0.3175018429756164,297.2582397460937,297.1499938964844,293.1499938964844,0.0,-0.0,291.1385803222656,0.8744876980781555,0.4835920035839081,0.4604978263378143,297.1986389160156,297.1499938964844,293.1499938964844,0.0,-0.0,291.1385192871094,0.7580216526985168,0.3106765151023865,1.4145160913467407,291.1385803222656,291.1499938964844,288.75,287.119873046875,291.1427917480469,297.22900390625,291.1388854980469,1.0,0.6845289468765259,1.0,1.0,0.3240861892700195,1.0,-3.636407375335693,2.610686779022217,1.0257205963134766,1.7902450561523438,0.0,0.0,0.0,212.3899841308593,191.0,9.122052192687988,-0.0,4062.020751953125,1.0,293.1499938964844,293.1499938964844,293.1499938964844,293.1499938964844,293.1499938964844,293.1499938964844,278.1499938964844,0.0,18000.0,313.1499938964844,0.0,18000.0,0.0,0.0,0.0,0.0,0.0,0.0,0.0,0.0,0.0,0.0,-0.0,-0.0,0.0,0.0,0.0,0.0,0.0,-0.0,0.0,0.0,0.0,0.0,0.0,0.0,0.0,0.0,0.0,4.0,0.0,0.0
11890800,297.2051086425781,297.1499938964844,293.1499938964844,0.0,-0.0,291.1385498046875,0.7986332774162292,0.3635561764240265,0.3304009139537811,297.260009765625,297.1499938964844,293.1499938964844,0.0,-0.0,291.1385803222656,0.9024123549461364,0.5308833718299866,0.5048297047615051,297.2779541015625,297.1499938964844,293.1499938964844,0.0,-0.0,291.1385803222656,0.8547210097312927,0.4510239958763122,0.3175018429756164,297.2582397460937,297.1499938964844,293.1499938964844,0.0,-0.0,291.1385803222656,0.8744876980781555,0.4835920035839081,0.4604978263378143,297.1986389160156,297.1499938964844,293.1499938964844,0.0,-0.0,291.1385192871094,0.7580216526985168,0.3106765151023865,1.4145160913467407,291.1385803222656,291.1499938964844,288.75,287.119873046875,291.1427917480469,297.22900390625,291.1388854980469,1.0,0.6845289468765259,1.0,1.0,0.3240861892700195,1.0,-3.636407375335693,2.610686779022217,1.0257205963134766,1.7902450561523438,0.0,0.0,0.0,212.3899841308593,191.0,9.122052192687988,-0.0,4062.020751953125,1.0,293.1499938964844,293.1499938964844,293.1499938964844,293.1499938964844,293.1499938964844,293.1499938964844,278.1499938964844,0.0,18000.0,313.1499938964844,0.0,18000.0,0.0,0.0,0.0,0.0,0.0,0.0,0.0,0.0,0.0,0.0,-0.0,-0.0,0.0,0.0,0.0,0.0,0.0,-0.0,0.0,0.0,0.0,0.0,0.0,0.0,0.0,0.0,0.0,4.0,0.0,0.0
11890860,297.2053527832031,297.1499938964844,293.1499938964844,0.0,-0.0,291.1443176269531,0.8116928339004517,0.3642774522304535,0.3306131958961487,297.25933837890625,297.1499938964844,293.1499938964844,0.0,-0.0,291.1443786621094,0.9188162684440612,0.5322082042694092,0.5056191086769104,297.2779541015625,297.1499938964844,293.1499938964844,0.0,-0.0,291.14434814453125,0.86891770362854,0.4526454508304596,0.3182902932167053,297.2577819824219,297.1499938964844,293.1499938964844,0.0,-0.0,291.14434814453125,0.8892302513122559,0.4849153161048889,0.4612861275672912,297.1993713378906,297.1499938964844,293.1499938964844,0.0,-0.0,291.1443176269531,0.770194947719574,0.3113649487495422,1.4154160022735596,291.1443786621094,291.1499938964844,288.75,287.119873046875,291.1476135253906,297.2288818359375,291.1445617675781,1.0,0.6795063018798828,1.0,1.0,0.3246216475963592,1.0,-3.640591859817505,2.611637592315674,1.0289543867111206,1.7902730703353882,0.0,0.0,0.0,201.2526092529297,179.0,7.984726428985596,-0.0,4003.784912109375,1.0,293.1499938964844,293.1499938964844,293.1499938964844,293.1499938964844,293.1499938964844,293.1499938964844,278.1499938964844,0.0,18000.0,313.1499938964844,0.0,18000.0,0.0,0.0,0.0,0.0,0.0,0.0,0.0,0.0,0.0,0.0,-0.0,-0.0,0.0,0.0,0.0,0.0,0.0,-0.0,0.0,0.0,0.0,0.0,0.0,0.0,0.0,0.0,0.0,4.0,0.0,0.0
11890920,297.2053527832031,297.1499938964844,293.1499938964844,0.0,-0.0,291.1443176269531,0.8116928339004517,0.3642774522304535,0.3306131958961487,297.25933837890625,297.1499938964844,293.1499938964844,0.0,-0.0,291.1443786621094,0.9188162684440612,0.5322082042694092,0.5056191086769104,297.2779541015625,297.1499938964844,293.1499938964844,0.0,-0.0,291.14434814453125,0.86891770362854,0.4526454508304596,0.3182902932167053,297.2577819824219,297.1499938964844,293.1499938964844,0.0,-0.0,291.14434814453125,0.8892302513122559,0.4849153161048889,0.4612861275672912,297.1993713378906,297.1499938964844,293.1499938964844,0.0,-0.0,291.1443176269531,0.770194947719574,0.3113649487495422,1.4154160022735596,291.1443786621094,291.1499938964844,288.75,287.119873046875,291.1476135253906,297.2288818359375,291.1445617675781,1.0,0.6795063018798828,1.0,1.0,0.3246216475963592,1.0,-3.640591859817505,2.611637592315674,1.0289543867111206,1.7902730703353882,0.0,0.0,0.0,201.2526092529297,179.0,7.984726428985596,-0.0,4003.784912109375,1.0,293.1499938964844,293.1499938964844,293.1499938964844,293.1499938964844,293.1499938964844,293.1499938964844,278.1499938964844,0.0,18000.0,313.1499938964844,0.0,18000.0,0.0,0.0,0.0,0.0,0.0,0.0,0.0,0.0,0.0,0.0,-0.0,-0.0,0.0,0.0,0.0,0.0,0.0,-0.0,0.0,0.0,0.0,0.0,0.0,0.0,0.0,0.0,0.0,4.0,0.0,0.0
11890980,297.2056579589844,297.1499938964844,293.1499938964844,0.0,-0.0,291.14923095703125,0.8259108662605286,0.3650104105472564,0.3308241665363312,297.2587585449219,297.1499938964844,293.1499938964844,0.0,-0.0,291.1492614746094,0.9389603137969972,0.5335338115692139,0.5063964128494263,297.278076171875,297.1499938964844,293.1499938964844,0.0,-0.0,291.1492614746094,0.8858206272125244,0.4542779624462127,0.3190769553184509,297.2574157714844,297.1499938964844,293.1499938964844,0.0,-0.0,291.1492614746094,0.9066054821014404,0.4862438440322876,0.4620664119720459,297.2002868652344,297.1499938964844,293.1499938964844,0.0,-0.0,291.14923095703125,0.7847306132316589,0.3120841383934021,1.4163916110992432,291.1492614746094,291.1499938964844,288.75,287.119873046875,291.1522827148437,297.2288818359375,291.1494445800781,1.0,0.6742727160453796,1.0,1.0,0.3251570761203766,1.0,-3.644839763641357,2.612689733505249,1.0321502685546875,1.7903913259506226,0.0,0.0,0.0,189.6982879638672,167.0,7.176618576049805,-0.0,3942.980224609375,1.0,293.1499938964844,293.1499938964844,293.1499938964844,293.1499938964844,293.1499938964844,293.1499938964844,278.1499938964844,0.0,18000.0,313.1499938964844,0.0,18000.0,0.0,0.0,0.0,0.0,0.0,0.0,0.0,0.0,0.0,0.0,-0.0,-0.0,0.0,0.0,0.0,0.0,0.0,-0.0,0.0,0.0,0.0,0.0,0.0,0.0,0.0,0.0,0.0,4.0,0.0,0.0
11891040,297.2056579589844,297.1499938964844,293.1499938964844,0.0,-0.0,291.14923095703125,0.8259108662605286,0.3650104105472564,0.3308241665363312,297.2587585449219,297.1499938964844,293.1499938964844,0.0,-0.0,291.1492614746094,0.9389603137969972,0.5335338115692139,0.5063964128494263,297.278076171875,297.1499938964844,293.1499938964844,0.0,-0.0,291.1492614746094,0.8858206272125244,0.4542779624462127,0.3190769553184509,297.2574157714844,297.1499938964844,293.1499938964844,0.0,-0.0,291.1492614746094,0.9066054821014404,0.4862438440322876,0.4620664119720459,297.2002868652344,297.1499938964844,293.1499938964844,0.0,-0.0,291.14923095703125,0.7847306132316589,0.3120841383934021,1.4163916110992432,291.1492614746094,291.1499938964844,288.75,287.119873046875,291.1522827148437,297.2288818359375,291.1494445800781,1.0,0.6742727160453796,1.0,1.0,0.3251570761203766,1.0,-3.644839763641357,2.612689733505249,1.0321502685546875,1.7903913259506226,0.0,0.0,0.0,189.6982879638672,167.0,7.176618576049805,-0.0,3942.980224609375,1.0,293.1499938964844,293.1499938964844,293.1499938964844,293.1499938964844,293.1499938964844,293.1499938964844,278.1499938964844,0.0,18000.0,313.1499938964844,0.0,18000.0,0.0,0.0,0.0,0.0,0.0,0.0,0.0,0.0,0.0,0.0,-0.0,-0.0,0.0,0.0,0.0,0.0,0.0,-0.0,0.0,0.0,0.0,0.0,0.0,0.0,0.0,0.0,0.0,4.0,0.0,0.0
11891100,297.2058410644531,297.1499938964844,293.1499938964844,0.0,-0.0,291.1516418457031,0.8337382674217224,0.3653799593448639,0.3309292495250702,297.25848388671875,297.1499938964844,293.1499938964844,0.0,-0.0,291.15167236328125,0.9499137997627258,0.5341958403587341,0.5067809820175171,297.2781677246094,297.1499938964844,293.1499938964844,0.0,-0.0,291.15167236328125,0.895366370677948,0.4550971984863281,0.3194698691368103,297.2572631835937,297.1499938964844,293.1499938964844,0.0,-0.0,291.15167236328125,0.9171047806739808,0.486908882856369,0.4624539911746979,297.2008056640625,297.1499938964844,293.1499938964844,0.0,-0.0,291.151611328125,0.7929493188858032,0.312452882528305,1.416906237602234,291.15167236328125,291.1499938964844,288.75,287.119873046875,291.15460205078125,297.2289123535156,291.15185546875,1.0,0.6716105937957764,1.0,1.0,0.3254248201847076,1.0,-3.646987199783325,2.6132302284240723,1.033756971359253,1.7904627323150637,0.0,0.0,0.0,183.8354949951172,167.0,6.9640326499938965,-0.0,3912.0498046875,1.0,293.1499938964844,293.1499938964844,293.1499938964844,293.1499938964844,293.1499938964844,293.1499938964844,278.1499938964844,0.0,18000.0,313.1499938964844,0.0,18000.0,0.0,0.0,0.0,0.0,0.0,0.0,0.0,0.0,0.0,0.0,-0.0,-0.0,0.0,0.0,0.0,0.0,0.0,-0.0,0.0,0.0,0.0,0.0,0.0,0.0,0.0,0.0,0.0,4.0,0.0,0.0
11891160,297.2059936523437,297.1499938964844,293.1499938964844,0.0,-0.0,291.1531677246094,0.8422772884368896,0.3657495975494385,0.3310342133045196,297.2582092285156,297.1499938964844,293.1499938964844,0.0,-0.0,291.1531677246094,0.96116840839386,0.5348556637763977,0.5071632266044617,297.2782287597656,297.1499938964844,293.1499938964844,0.0,-0.0,291.1531677246094,0.90574711561203,0.455916553735733,0.3198626637458801,297.2571105957031,297.1499938964844,293.1499938964844,0.0,-0.0,291.1531677246094,0.9289134740829468,0.4875727593898773,0.4628401100635528,297.2013244628906,297.1499938964844,293.1499938964844,0.0,-0.0,291.15313720703125,0.8018444776535034,0.3128257989883423,1.417436599731445,291.1531677246094,291.1499938964844,288.75,287.119873046875,291.1549072265625,297.2289428710937,291.1532287597656,1.0,0.6689295172691345,1.0,1.0,0.3254081904888153,1.0,-3.649148464202881,2.614684820175171,1.0344637632369995,1.791451930999756,0.0,0.0,0.0,177.93846130371094,155.0,5.301608562469482,-0.0,3880.912109375,1.0,293.1499938964844,293.1499938964844,293.1499938964844,293.1499938964844,293.1499938964844,293.1499938964844,278.1499938964844,0.0,18000.0,313.1499938964844,0.0,18000.0,0.0,0.0,0.0,0.0,0.0,0.0,0.0,0.0,0.0,0.0,-0.0,-0.0,0.0,0.0,0.0,0.0,0.0,-0.0,0.0,0.0,0.0,0.0,0.0,0.0,0.0,0.0,0.0,4.0,0.0,0.0
11891220,297.20611572265625,297.1499938964844,293.1499938964844,0.0,-0.0,291.15380859375,0.8537113070487976,0.3661860525608063,0.3311553597450256,297.2578125,297.1499938964844,293.1499938964844,0.0,-0.0,291.15380859375,0.9747626185417176,0.5356372594833374,0.5076138973236084,297.2782592773437,297.1499938964844,293.1499938964844,0.0,-0.0,291.15380859375,0.9205191135406494,0.4568929076194763,0.3203303813934326,297.2568359375,297.1499938964844,293.1499938964844,0.0,-0.0,291.15380859375,0.9443022012710572,0.488361120223999,0.463297039270401,297.201904296875,297.1499938964844,293.1499938964844,0.0,-0.0,291.15380859375,0.8132324814796448,0.313274085521698,1.418081283569336,291.15380859375,291.1499938964844,288.75,287.119873046875,291.155029296875,297.2289428710937,291.15386962890625,1.0,0.6656897068023682,1.0,1.0,0.3253882527351379,1.0,-3.651724815368652,2.6164891719818115,1.0352355241775513,1.792727828025818,0.0,0.0,0.0,170.83340454101562,155.0,3.400170087814331,-0.0,3843.273193359375,1.0,293.1499938964844,293.1499938964844,293.1499938964844,293.1499938964844,293.1499938964844,293.1499938964844,278.1499938964844,0.0,18000.0,313.1499938964844,0.0,18000.0,0.0,0.0,0.0,0.0,0.0,0.0,0.0,0.0,0.0,0.0,-0.0,-0.0,0.0,0.0,0.0,0.0,0.0,-0.0,0.0,0.0,0.0,0.0,0.0,0.0,0.0,0.0,0.0,4.0,0.0,0.0
11891280,297.2061462402344,297.1499938964844,293.1499938964844,0.0,-0.0,291.1541442871094,0.8621951937675476,0.3664730489253998,0.3312321305274963,297.2574768066406,297.1499938964844,293.1499938964844,0.0,-0.0,291.1541442871094,0.9837077260017396,0.5361524224281311,0.5079084038734436,297.2782287597656,297.1499938964844,293.1499938964844,0.0,-0.0,291.1541442871094,0.931647539138794,0.4575398862361908,0.3206391632556915,297.2566223144531,297.1499938964844,293.1499938964844,0.0,-0.0,291.1541442871094,0.9550089240074158,0.4888818264007568,0.4635967314243316,297.2022705078125,297.1499938964844,293.1499938964844,0.0,-0.0,291.1541442871094,0.8210554122924805,0.3135728240013122,1.418509602546692,291.1541442871094,291.1499938964844,288.75,287.119873046875,291.15509033203125,297.2288818359375,291.1542053222656,1.0,0.663518488407135,1.0,1.0,0.325374960899353,1.0,-3.653419017791748,2.6176741123199463,1.0357450246810913,1.793583631515503,0.0,0.0,0.0,166.08729553222656,158.0,2.526373863220215,-0.0,3818.031982421875,1.0,293.1499938964844,293.1499938964844,293.1499938964844,293.1499938964844,293.1499938964844,293.1499938964844,278.1499938964844,0.0,18000.0,313.1499938964844,0.0,18000.0,0.0,0.0,0.0,0.0,0.0,0.0,0.0,0.0,0.0,0.0,-0.0,-0.0,0.0,0.0,0.0,0.0,0.0,-0.0,0.0,0.0,0.0,0.0,0.0,0.0,0.0,0.0,0.0,4.0,0.0,0.0
11891340,297.2059631347656,297.1499938964844,293.1499938964844,0.0,-0.0,291.1547241210937,0.8727996349334717,0.367168515920639,0.3316605985164642,297.25653076171875,297.1499938964844,293.1499938964844,0.0,-0.0,291.1547241210937,0.99365895986557,0.5374168753623962,0.5088900327682495,297.2779846191406,297.1499938964844,293.1499938964844,0.0,-0.0,291.1547241210937,0.9454190731048584,0.4591390788555145,0.3215965330600738,297.2559509277344,297.1499938964844,293.1499938964844,0.0,-0.0,291.1547241210937,0.967458188533783,0.4901635348796844,0.464594691991806,297.2030639648437,297.1499938964844,293.1499938964844,0.0,-0.0,291.1547241210937,0.8305405974388123,0.3143146932125091,1.4208327531814575,291.1547241210937,291.1499938964844,288.75,287.119873046875,291.1553955078125,297.2286071777344,291.1547546386719,1.0,0.662251353263855,1.0,1.0,0.3253417313098907,1.0,-3.6602587699890137,2.622408628463745,1.037850260734558,1.7968482971191406,0.0,0.0,0.0,161.08299255371094,161.0,1.3429301977157593,-0.0,3804.40087890625,1.0,293.1499938964844,293.1499938964844,293.1499938964844,293.1499938964844,293.1499938964844,293.1499938964844,278.1499938964844,0.0,18000.0,313.1499938964844,0.0,18000.0,0.0,0.0,0.0,0.0,0.0,0.0,0.0,0.0,0.0,0.0,-0.0,-0.0,0.0,0.0,0.0,0.0,0.0,-0.0,0.0,0.0,0.0,0.0,0.0,0.0,0.0,0.0,0.0,4.0,0.0,0.0
11891400,297.2059631347656,297.1499938964844,293.1499938964844,0.0,-0.0,291.1547241210937,0.8727996349334717,0.367168515920639,0.3316605985164642,297.25653076171875,297.1499938964844,293.1499938964844,0.0,-0.0,291.1547241210937,0.99365895986557,0.5374168753623962,0.5088900327682495,297.2779846191406,297.1499938964844,293.1499938964844,0.0,-0.0,291.1547241210937,0.9454190731048584,0.4591390788555145,0.3215965330600738,297.2559509277344,297.1499938964844,293.1499938964844,0.0,-0.0,291.1547241210937,0.967458188533783,0.4901635348796844,0.464594691991806,297.2030639648437,297.1499938964844,293.1499938964844,0.0,-0.0,291.1547241210937,0.8305405974388123,0.3143146932125091,1.4208327531814575,291.1547241210937,291.1499938964844,288.75,287.119873046875,291.1553955078125,297.2286071777344,291.1547546386719,1.0,0.662251353263855,1.0,1.0,0.3253417313098907,1.0,-3.6602587699890137,2.622408628463745,1.037850260734558,1.7968482971191406,0.0,0.0,0.0,161.08299255371094,161.0,1.3429301977157593,-0.0,3804.40087890625,1.0,293.1499938964844,293.1499938964844,293.1499938964844,293.1499938964844,293.1499938964844,293.1499938964844,278.1499938964844,0.0,18000.0,313.1499938964844,0.0,18000.0,0.0,0.0,0.0,0.0,0.0,0.0,0.0,0.0,0.0,0.0,-0.0,-0.0,0.0,0.0,0.0,0.0,0.0,-0.0,0.0,0.0,0.0,0.0,0.0,0.0,0.0,0.0,0.0,4.0,0.0,0.0
11891460,297.20526123046875,297.1499938964844,293.1499938964844,0.0,-0.0,291.1543884277344,0.8763827681541443,0.367806613445282,0.3321857452392578,297.255126953125,297.1499938964844,293.1499938964844,0.0,-0.0,291.1543884277344,0.9968004822731018,0.5386262536048889,0.509975016117096,297.2772521972656,297.1499938964844,293.1499938964844,0.0,-0.0,291.1543884277344,0.9502712488174438,0.4606884717941284,0.3226341903209686,297.2548522949219,297.1499938964844,293.1499938964844,0.0,-0.0,291.1543884277344,0.9715454578399658,0.4913941621780395,0.4656999707221985,297.2033996582031,297.1499938964844,293.1499938964844,0.0,-0.0,291.1543884277344,0.8338008522987366,0.3150222301483154,1.4237456321716309,291.1543884277344,291.1499938964844,288.75,287.119873046875,291.1544494628906,297.2279052734375,291.1543884277344,1.0,0.6628654599189758,1.0,1.0,0.3251420855522156,1.0,-3.668278217315674,2.62849497795105,1.0397831201553345,1.801189661026001,0.0,0.0,0.0,159.95159912109375,179.0,-0.0766736343502998,-0.0,3818.021728515625,1.0,293.1499938964844,293.1499938964844,293.1499938964844,293.1499938964844,293.1499938964844,293.1499938964844,278.1499938964844,0.0,18000.0,313.1499938964844,0.0,18000.0,0.0,0.0,0.0,0.0,0.0,0.0,0.0,0.0,0.0,0.0,-0.0,-0.0,0.0,0.0,0.0,0.0,0.0,-0.0,0.0,0.0,0.0,0.0,0.0,0.0,0.0,0.0,0.0,4.0,0.0,0.0
11891520,297.20526123046875,297.1499938964844,293.1499938964844,0.0,-0.0,291.1543884277344,0.8763827681541443,0.367806613445282,0.3321857452392578,297.255126953125,297.1499938964844,293.1499938964844,0.0,-0.0,291.1543884277344,0.9968004822731018,0.5386262536048889,0.509975016117096,297.2772521972656,297.1499938964844,293.1499938964844,0.0,-0.0,291.1543884277344,0.9502712488174438,0.4606884717941284,0.3226341903209686,297.2548522949219,297.1499938964844,293.1499938964844,0.0,-0.0,291.1543884277344,0.9715454578399658,0.4913941621780395,0.4656999707221985,297.2033996582031,297.1499938964844,293.1499938964844,0.0,-0.0,291.1543884277344,0.8338008522987366,0.3150222301483154,1.4237456321716309,291.1543884277344,291.1499938964844,288.75,287.119873046875,291.1544494628906,297.2279052734375,291.1543884277344,1.0,0.6628654599189758,1.0,1.0,0.3251420855522156,1.0,-3.668278217315674,2.62849497795105,1.0397831201553345,1.801189661026001,0.0,0.0,0.0,159.95159912109375,179.0,-0.0766736343502998,-0.0,3818.021728515625,1.0,293.1499938964844,293.1499938964844,293.1499938964844,293.1499938964844,293.1499938964844,293.1499938964844,278.1499938964844,0.0,18000.0,313.1499938964844,0.0,18000.0,0.0,0.0,0.0,0.0,0.0,0.0,0.0,0.0,0.0,0.0,-0.0,-0.0,0.0,0.0,0.0,0.0,0.0,-0.0,0.0,0.0,0.0,0.0,0.0,0.0,0.0,0.0,0.0,4.0,0.0,0.0
11891580,297.2039794921875,297.1499938964844,293.1499938964844,0.0,-0.0,291.153564453125,0.863027036190033,0.368376761674881,0.3329815566539764,297.2532958984375,297.1499938964844,293.1499938964844,0.0,-0.0,291.153564453125,0.984938383102417,0.5397728681564331,0.5113483667373657,297.27606201171875,297.1499938964844,293.1499938964844,0.0,-0.0,291.153564453125,0.9344453811645508,0.4621788561344147,0.3238878846168518,297.2532958984375,297.1499938964844,293.1499938964844,0.0,-0.0,291.153564453125,0.9567753076553344,0.4925658404827118,0.4670972228050232,297.2032470703125,297.1499938964844,293.1499938964844,0.0,-0.0,291.153564453125,0.8221809267997742,0.3156833946704864,1.428105115890503,291.153564453125,291.1499938964844,288.75,287.119873046875,291.1535339355469,297.22674560546875,291.153564453125,1.0,0.6686657667160034,1.0,1.0,0.3249424695968628,1.0,-3.6793179512023926,2.636658191680908,1.0426597595214844,1.806869626045227,0.0,0.0,0.0,167.71705627441406,197.0,-0.7713916301727295,-0.0,3895.455810546875,1.0,293.1499938964844,293.1499938964844,293.1499938964844,293.1499938964844,293.1499938964844,293.1499938964844,278.1499938964844,0.0,18000.0,313.1499938964844,0.0,18000.0,0.0,0.0,0.0,0.0,0.0,0.0,0.0,0.0,0.0,0.0,-0.0,-0.0,0.0,0.0,0.0,0.0,0.0,-0.0,0.0,0.0,0.0,0.0,0.0,0.0,0.0,0.0,0.0,4.0,0.0,0.0
11891640,297.2039794921875,297.1499938964844,293.1499938964844,0.0,-0.0,291.153564453125,0.863027036190033,0.368376761674881,0.3329815566539764,297.2532958984375,297.1499938964844,293.1499938964844,0.0,-0.0,291.153564453125,0.984938383102417,0.5397728681564331,0.5113483667373657,297.27606201171875,297.1499938964844,293.1499938964844,0.0,-0.0,291.153564453125,0.9344453811645508,0.4621788561344147,0.3238878846168518,297.2532958984375,297.1499938964844,293.1499938964844,0.0,-0.0,291.153564453125,0.9567753076553344,0.4925658404827118,0.4670972228050232,297.2032470703125,297.1499938964844,293.1499938964844,0.0,-0.0,291.153564453125,0.8221809267997742,0.3156833946704864,1.428105115890503,291.153564453125,291.1499938964844,288.75,287.119873046875,291.1535339355469,297.22674560546875,291.153564453125,1.0,0.6686657667160034,1.0,1.0,0.3249424695968628,1.0,-3.6793179512023926,2.636658191680908,1.0426597595214844,1.806869626045227,0.0,0.0,0.0,167.71705627441406,197.0,-0.7713916301727295,-0.0,3895.455810546875,1.0,293.1499938964844,293.1499938964844,293.1499938964844,293.1499938964844,293.1499938964844,293.1499938964844,278.1499938964844,0.0,18000.0,313.1499938964844,0.0,18000.0,0.0,0.0,0.0,0.0,0.0,0.0,0.0,0.0,0.0,0.0,-0.0,-0.0,0.0,0.0,0.0,0.0,0.0,-0.0,0.0,0.0,0.0,0.0,0.0,0.0,0.0,0.0,0.0,4.0,0.0,0.0
11891700,297.2030639648437,297.1499938964844,293.1499938964844,0.0,-0.0,291.15313720703125,0.8535935282707214,0.3686275482177734,0.3334275782108307,297.2521667480469,297.1499938964844,293.1499938964844,0.0,-0.0,291.15313720703125,0.975223183631897,0.5403156876564026,0.512089192867279,297.27520751953125,297.1499938964844,293.1499938964844,0.0,-0.0,291.15313720703125,0.9226062893867492,0.4628940224647522,0.3245551586151123,297.2522888183594,297.1499938964844,293.1499938964844,0.0,-0.0,291.15313720703125,0.945198655128479,0.49312224984169,0.4678511321544647,297.2029113769531,297.1499938964844,293.1499938964844,0.0,-0.0,291.15313720703125,0.8136253952980042,0.3159873485565185,1.4305624961853027,291.15313720703125,291.1499938964844,288.75,287.119873046875,291.153076171875,297.2259216308594,291.1531677246094,1.0,0.6725543141365051,1.0,1.0,0.3248426616191864,1.0,-3.685412168502808,2.641127824783325,1.0442843437194824,1.809990406036377,0.0,0.0,0.0,173.69223022460938,197.0,-0.946577787399292,-0.0,3949.021728515625,1.0,293.1499938964844,293.1499938964844,293.1499938964844,293.1499938964844,293.1499938964844,293.1499938964844,278.1499938964844,0.0,18000.0,313.1499938964844,0.0,18000.0,0.0,0.0,0.0,0.0,0.0,0.0,0.0,0.0,0.0,0.0,-0.0,-0.0,0.0,0.0,0.0,0.0,0.0,-0.0,0.0,0.0,0.0,0.0,0.0,0.0,0.0,0.0,0.0,4.0,0.0,0.0
11891760,297.20196533203125,297.1499938964844,293.1499938964844,0.0,-0.0,291.1527709960937,0.8438257575035095,0.368857204914093,0.3338857293128967,297.2509155273437,297.1499938964844,293.1499938964844,0.0,-0.0,291.1527709960937,0.9639305472373962,0.5408391356468201,0.5128447413444519,297.27423095703125,297.1499938964844,293.1499938964844,0.0,-0.0,291.1527709960937,0.9103270769119264,0.4635902047157287,0.325233519077301,297.2511901855469,297.1499938964844,293.1499938964844,0.0,-0.0,291.1527709960937,0.932400643825531,0.4936598837375641,0.4686203300952911,297.202392578125,297.1499938964844,293.1499938964844,0.0,-0.0,291.1528015136719,0.8040997982025146,0.3162733614444732,1.4330971240997314,291.1527709960937,291.1499938964844,288.75,287.119873046875,291.1528015136719,297.2249755859375,291.1528015136719,1.0,0.6768534779548645,1.0,1.0,0.3247731328010559,1.0,-3.6916635036468506,2.645606756210327,1.046056628227234,1.8130930662155151,0.0,0.0,0.0,180.51821899414065,215.0,-0.9264448285102844,-0.0,4008.54248046875,1.0,293.1499938964844,293.1499938964844,293.1499938964844,293.1499938964844,293.1499938964844,293.1499938964844,278.1499938964844,0.0,18000.0,313.1499938964844,0.0,18000.0,0.0,0.0,0.0,0.0,0.0,0.0,0.0,0.0,0.0,0.0,-0.0,-0.0,0.0,0.0,0.0,0.0,0.0,-0.0,0.0,0.0,0.0,0.0,0.0,0.0,0.0,0.0,0.0,4.0,0.0,0.0
11891820,297.1994323730469,297.1499938964844,293.1499938964844,0.0,-0.0,291.1521911621094,0.8249134421348572,0.3692598640918731,0.3348133563995361,297.24810791015625,297.1499938964844,293.1499938964844,0.0,-0.0,291.1521911621094,0.9388710260391236,0.5418321490287781,0.5143715143203735,297.2719116210937,297.1499938964844,293.1499938964844,0.0,-0.0,291.1521911621094,0.8880789875984192,0.4649302661418915,0.3266026973724365,297.2486267089844,297.1499938964844,293.1499938964844,0.0,-0.0,291.1521911621094,0.9071031808853148,0.4946828186511993,0.4701758325099945,297.20098876953125,297.1499938964844,293.1499938964844,0.0,-0.0,291.1521911621094,0.7845810055732727,0.3167937994003296,1.4382531642913818,291.1521911621094,291.1499938964844,288.75,287.119873046875,291.1522216796875,297.22271728515625,291.1522216796875,1.0,0.6862369775772095,1.0,1.0,0.3246341347694397,1.0,-3.704339265823364,2.654667377471924,1.0496717691421509,1.8193968534469604,0.0,0.0,0.0,195.90866088867188,233.0,-0.8585195541381836,-0.0,4139.64208984375,1.0,293.1499938964844,293.1499938964844,293.1499938964844,293.1499938964844,293.1499938964844,293.1499938964844,278.1499938964844,0.0,18000.0,313.1499938964844,0.0,18000.0,0.0,0.0,0.0,0.0,0.0,0.0,0.0,0.0,0.0,0.0,-0.0,-0.0,0.0,0.0,0.0,0.0,0.0,-0.0,0.0,0.0,0.0,0.0,0.0,0.0,0.0,0.0,0.0,4.0,0.0,0.0
11891880,297.1994323730469,297.1499938964844,293.1499938964844,0.0,-0.0,291.1521911621094,0.8249134421348572,0.3692598640918731,0.3348133563995361,297.24810791015625,297.1499938964844,293.1499938964844,0.0,-0.0,291.1521911621094,0.9388710260391236,0.5418321490287781,0.5143715143203735,297.2719116210937,297.1499938964844,293.1499938964844,0.0,-0.0,291.1521911621094,0.8880789875984192,0.4649302661418915,0.3266026973724365,297.2486267089844,297.1499938964844,293.1499938964844,0.0,-0.0,291.1521911621094,0.9071031808853148,0.4946828186511993,0.4701758325099945,297.20098876953125,297.1499938964844,293.1499938964844,0.0,-0.0,291.1521911621094,0.7845810055732727,0.3167937994003296,1.4382531642913818,291.1521911621094,291.1499938964844,288.75,287.119873046875,291.1522216796875,297.22271728515625,291.1522216796875,1.0,0.6862369775772095,1.0,1.0,0.3246341347694397,1.0,-3.704339265823364,2.654667377471924,1.0496717691421509,1.8193968534469604,0.0,0.0,0.0,195.90866088867188,233.0,-0.8585195541381836,-0.0,4139.64208984375,1.0,293.1499938964844,293.1499938964844,293.1499938964844,293.1499938964844,293.1499938964844,293.1499938964844,278.1499938964844,0.0,18000.0,313.1499938964844,0.0,18000.0,0.0,0.0,0.0,0.0,0.0,0.0,0.0,0.0,0.0,0.0,-0.0,-0.0,0.0,0.0,0.0,0.0,0.0,-0.0,0.0,0.0,0.0,0.0,0.0,0.0,0.0,0.0,0.0,4.0,0.0,0.0
11891940,297.19659423828125,297.1499938964844,293.1499938964844,0.0,-0.0,291.15155029296875,0.8070521950721741,0.3695971667766571,0.3357325792312622,297.2449951171875,297.1499938964844,293.1499938964844,0.0,-0.0,291.15155029296875,0.9144026041030884,0.5427601337432861,0.5158908367156982,297.269287109375,297.1499938964844,293.1499938964844,0.0,-0.0,291.15155029296875,0.8681197762489319,0.4662078320980072,0.3279679715633392,297.2457580566406,297.1499938964844,293.1499938964844,0.0,-0.0,291.15155029296875,0.8860941529273987,0.4956428110599518,0.4717257618904114,297.1991271972656,297.1499938964844,293.1499938964844,0.0,-0.0,291.15155029296875,0.766814112663269,0.3172522187232971,1.4433857202529907,291.15155029296875,291.1499938964844,288.75,287.119873046875,291.15155029296875,297.2200927734375,291.1515808105469,1.0,0.6961758136749268,1.0,1.0,0.3244951367378235,1.0,-3.716957330703736,2.663684606552124,1.0532726049423218,1.8257343769073489,0.0,0.0,0.0,212.70559692382807,251.0,-0.8979482650756836,-0.0,4280.39306640625,1.0,293.1499938964844,293.1499938964844,293.1499938964844,293.1499938964844,293.1499938964844,293.1499938964844,278.1499938964844,0.0,18000.0,313.1499938964844,0.0,18000.0,0.0,0.0,0.0,0.0,0.0,0.0,0.0,0.0,0.0,0.0,-0.0,-0.0,0.0,0.0,0.0,0.0,0.0,-0.0,0.0,0.0,0.0,0.0,0.0,0.0,0.0,0.0,0.0,4.0,0.0,0.0
11892000,297.19659423828125,297.1499938964844,293.1499938964844,0.0,-0.0,291.15155029296875,0.8070521950721741,0.3695971667766571,0.3357325792312622,297.2449951171875,297.1499938964844,293.1499938964844,0.0,-0.0,291.15155029296875,0.9144026041030884,0.5427601337432861,0.5158908367156982,297.269287109375,297.1499938964844,293.1499938964844,0.0,-0.0,291.15155029296875,0.8681197762489319,0.4662078320980072,0.3279679715633392,297.2457580566406,297.1499938964844,293.1499938964844,0.0,-0.0,291.15155029296875,0.8860941529273987,0.4956428110599518,0.4717257618904114,297.1991271972656,297.1499938964844,293.1499938964844,0.0,-0.0,291.15155029296875,0.766814112663269,0.3172522187232971,1.4433857202529907,291.15155029296875,291.1499938964844,288.75,287.119873046875,291.15155029296875,297.2200927734375,291.1515808105469,1.0,0.6961758136749268,1.0,1.0,0.3244951367378235,1.0,-3.716957330703736,2.663684606552124,1.0532726049423218,1.8257343769073489,0.0,0.0,0.0,212.70559692382807,251.0,-0.8979482650756836,-0.0,4280.39306640625,1.0,293.1499938964844,293.1499938964844,293.1499938964844,293.1499938964844,293.1499938964844,293.1499938964844,278.1499938964844,0.0,18000.0,313.1499938964844,0.0,18000.0,0.0,0.0,0.0,0.0,0.0,0.0,0.0,0.0,0.0,0.0,-0.0,-0.0,0.0,0.0,0.0,0.0,0.0,-0.0,0.0,0.0,0.0,0.0,0.0,0.0,0.0,0.0,0.0,4.0,0.0,0.0
11892060,297.1935729980469,297.1499938964844,293.1499938964844,0.0,-0.0,291.15118408203125,0.7899967432022095,0.369879812002182,0.3366286754608154,297.2417297363281,297.1499938964844,293.1499938964844,0.0,-0.0,291.15118408203125,0.8944505453109741,0.5436309576034546,0.5173841714859009,297.2664489746094,297.1499938964844,293.1499938964844,0.0,-0.0,291.15118408203125,0.8508996963500977,0.4674311280250549,0.3293159306049347,297.24273681640625,297.1499938964844,293.1499938964844,0.0,-0.0,291.15118408203125,0.8677402138710022,0.4965476095676422,0.4732515811920166,297.1969909667969,297.1499938964844,293.1499938964844,0.0,-0.0,291.15118408203125,0.7514886856079102,0.317657321691513,1.448410153388977,291.15118408203125,291.1499938964844,288.75,287.119873046875,291.1513061523437,297.21728515625,291.1512145996094,1.0,0.7063210010528564,1.0,1.0,0.3244270980358124,1.0,-3.729336500167847,2.6722986698150635,1.0570379495620728,1.831781029701233,0.0,0.0,0.0,230.2476806640625,269.0,-0.5914015769958496,-0.0,4426.162109375,1.0,293.1499938964844,293.1499938964844,293.1499938964844,293.1499938964844,293.1499938964844,293.1499938964844,278.1499938964844,0.0,18000.0,313.1499938964844,0.0,18000.0,0.0,0.0,0.0,0.0,0.0,0.0,0.0,0.0,0.0,0.0,-0.0,-0.0,0.0,0.0,0.0,0.0,0.0,-0.0,0.0,0.0,0.0,0.0,0.0,0.0,0.0,0.0,0.0,4.0,0.0,0.0
11892120,297.1935729980469,297.1499938964844,293.1499938964844,0.0,-0.0,291.15118408203125,0.7899967432022095,0.369879812002182,0.3366286754608154,297.2417297363281,297.1499938964844,293.1499938964844,0.0,-0.0,291.15118408203125,0.8944505453109741,0.5436309576034546,0.5173841714859009,297.2664489746094,297.1499938964844,293.1499938964844,0.0,-0.0,291.15118408203125,0.8508996963500977,0.4674311280250549,0.3293159306049347,297.24273681640625,297.1499938964844,293.1499938964844,0.0,-0.0,291.15118408203125,0.8677402138710022,0.4965476095676422,0.4732515811920166,297.1969909667969,297.1499938964844,293.1499938964844,0.0,-0.0,291.15118408203125,0.7514886856079102,0.317657321691513,1.448410153388977,291.15118408203125,291.1499938964844,288.75,287.119873046875,291.1513061523437,297.21728515625,291.1512145996094,1.0,0.7063210010528564,1.0,1.0,0.3244270980358124,1.0,-3.729336500167847,2.6722986698150635,1.0570379495620728,1.831781029701233,0.0,0.0,0.0,230.2476806640625,269.0,-0.5914015769958496,-0.0,4426.162109375,1.0,293.1499938964844,293.1499938964844,293.1499938964844,293.1499938964844,293.1499938964844,293.1499938964844,278.1499938964844,0.0,18000.0,313.1499938964844,0.0,18000.0,0.0,0.0,0.0,0.0,0.0,0.0,0.0,0.0,0.0,0.0,-0.0,-0.0,0.0,0.0,0.0,0.0,0.0,-0.0,0.0,0.0,0.0,0.0,0.0,0.0,0.0,0.0,0.0,4.0,0.0,0.0
11892180,297.1904602050781,297.1499938964844,293.1499938964844,0.0,-0.0,291.1509094238281,0.7749804854393005,0.3701162040233612,0.3374967277050018,297.23834228515625,297.1499938964844,293.1499938964844,0.0,-0.0,291.1509094238281,0.8774983286857605,0.544450044631958,0.518843948841095,297.2635192871094,297.1499938964844,293.1499938964844,0.0,-0.0,291.1509094238281,0.8362298011779785,0.4686071574687958,0.3306416571140289,297.2395935058594,297.1499938964844,293.1499938964844,0.0,-0.0,291.1509094238281,0.8519914150238037,0.4974039793014526,0.4747462570667267,297.1947021484375,297.1499938964844,293.1499938964844,0.0,-0.0,291.1509094238281,0.7384439706802368,0.3180179595947265,1.453300714492798,291.1509094238281,291.1499938964844,288.75,287.119873046875,291.15106201171875,297.21435546875,291.15093994140625,1.0,0.7164900898933411,1.0,1.0,0.3243590295314789,1.0,-3.7414166927337646,2.6807031631469727,1.060713768005371,1.837700247764588,0.0,0.0,0.0,248.17333984375,272.0,-0.4578831493854522,-0.0,4574.4833984375,1.0,293.1499938964844,293.1499938964844,293.1499938964844,293.1499938964844,293.1499938964844,293.1499938964844,278.1499938964844,0.0,18000.0,313.1499938964844,0.0,18000.0,0.0,0.0,0.0,0.0,0.0,0.0,0.0,0.0,0.0,0.0,-0.0,-0.0,0.0,0.0,0.0,0.0,0.0,-0.0,0.0,0.0,0.0,0.0,0.0,0.0,0.0,0.0,0.0,4.0,0.0,0.0
11892240,297.1904602050781,297.1499938964844,293.1499938964844,0.0,-0.0,291.1509094238281,0.7749804854393005,0.3701162040233612,0.3374967277050018,297.23834228515625,297.1499938964844,293.1499938964844,0.0,-0.0,291.1509094238281,0.8774983286857605,0.544450044631958,0.518843948841095,297.2635192871094,297.1499938964844,293.1499938964844,0.0,-0.0,291.1509094238281,0.8362298011779785,0.4686071574687958,0.3306416571140289,297.2395935058594,297.1499938964844,293.1499938964844,0.0,-0.0,291.1509094238281,0.8519914150238037,0.4974039793014526,0.4747462570667267,297.1947021484375,297.1499938964844,293.1499938964844,0.0,-0.0,291.1509094238281,0.7384439706802368,0.3180179595947265,1.453300714492798,291.1509094238281,291.1499938964844,288.75,287.119873046875,291.15106201171875,297.21435546875,291.15093994140625,1.0,0.7164900898933411,1.0,1.0,0.3243590295314789,1.0,-3.7414166927337646,2.6807031631469727,1.060713768005371,1.837700247764588,0.0,0.0,0.0,248.17333984375,272.0,-0.4578831493854522,-0.0,4574.4833984375,1.0,293.1499938964844,293.1499938964844,293.1499938964844,293.1499938964844,293.1499938964844,293.1499938964844,278.1499938964844,0.0,18000.0,313.1499938964844,0.0,18000.0,0.0,0.0,0.0,0.0,0.0,0.0,0.0,0.0,0.0,0.0,-0.0,-0.0,0.0,0.0,0.0,0.0,0.0,-0.0,0.0,0.0,0.0,0.0,0.0,0.0,0.0,0.0,0.0,4.0,0.0,0.0
11892300,297.1889038085937,297.1499938964844,293.1499938964844,0.0,-0.0,291.1507873535156,0.7703483700752258,0.3702195584774017,0.3378153145313263,297.23663330078125,297.1499938964844,293.1499938964844,0.0,-0.0,291.1507873535156,0.872309684753418,0.5448397397994995,0.5194491744041443,297.26202392578125,297.1499938964844,293.1499938964844,0.0,-0.0,291.1507873535156,0.8318139910697937,0.4691789448261261,0.3312142491340637,297.2380065917969,297.1499938964844,293.1499938964844,0.0,-0.0,291.1507873535156,0.8472368717193604,0.4978150725364685,0.4753708839416504,297.1934814453125,297.1499938964844,293.1499938964844,0.0,-0.0,291.1507873535156,0.7344695925712585,0.3181834518909454,1.4551721811294556,291.1507873535156,291.1499938964844,288.75,287.119873046875,291.1508483886719,297.2128601074219,291.1508178710937,1.0,0.7198022603988647,1.0,1.0,0.3243250250816345,1.0,-3.746225357055664,2.684065341949463,1.0621600151062012,1.8401304483413696,0.0,0.0,0.0,254.37013244628903,272.0,-0.4584494531154632,-0.0,4627.771484375,1.0,293.1499938964844,293.1499938964844,293.1499938964844,293.1499938964844,293.1499938964844,293.1499938964844,278.1499938964844,0.0,18000.0,313.1499938964844,0.0,18000.0,0.0,0.0,0.0,0.0,0.0,0.0,0.0,0.0,0.0,0.0,-0.0,-0.0,0.0,0.0,0.0,0.0,0.0,-0.0,0.0,0.0,0.0,0.0,0.0,0.0,0.0,0.0,0.0,4.0,0.0,0.0
11892360,297.1874389648437,297.1499938964844,293.1499938964844,0.0,-0.0,291.150634765625,0.7669822573661804,0.3703221380710602,0.3380768001079559,297.23492431640625,297.1499938964844,293.1499938964844,0.0,-0.0,291.150634765625,0.8685672283172607,0.5452221035957336,0.5199889540672302,297.2605895996094,297.1499938964844,293.1499938964844,0.0,-0.0,291.150634765625,0.8286533951759338,0.469747245311737,0.3317409753799438,297.2364807128906,297.1499938964844,293.1499938964844,0.0,-0.0,291.150634765625,0.843825101852417,0.498221218585968,0.4759323298931122,297.1923522949219,297.1499938964844,293.1499938964844,0.0,-0.0,291.150634765625,0.7315860986709595,0.3183464705944061,1.4567526578903198,291.150634765625,291.1499938964844,288.75,287.119873046875,291.1506652832031,297.2113952636719,291.150634765625,1.0,0.7225238680839539,1.0,1.0,0.3243087232112884,1.0,-3.750401973724365,2.686948776245117,1.063453197479248,1.842171669006348,0.0,0.0,0.0,259.13006591796875,260.0,-0.4636114537715912,-0.0,4670.177734375,1.0,293.1499938964844,293.1499938964844,293.1499938964844,293.1499938964844,293.1499938964844,293.1499938964844,278.1499938964844,0.0,18000.0,313.1499938964844,0.0,18000.0,0.0,0.0,0.0,0.0,0.0,0.0,0.0,0.0,0.0,0.0,-0.0,-0.0,0.0,0.0,0.0,0.0,0.0,-0.0,0.0,0.0,0.0,0.0,0.0,0.0,0.0,0.0,0.0,4.0,0.0,0.0
11892420,297.1856689453125,297.1499938964844,293.1499938964844,0.0,-0.0,291.15045166015625,0.7666187882423401,0.3704670071601867,0.3382256627082824,297.23272705078125,297.1499938964844,293.1499938964844,0.0,-0.0,291.15045166015625,0.868309497833252,0.5457349419593811,0.5204950571060181,297.2587585449219,297.1499938964844,293.1499938964844,0.0,-0.0,291.15045166015625,0.8286027908325195,0.4705192446708679,0.3322930037975311,297.2344970703125,297.1499938964844,293.1499938964844,0.0,-0.0,291.15045166015625,0.8436300754547119,0.4987696707248688,0.4764709770679474,297.19091796875,297.1499938964844,293.1499938964844,0.0,-0.0,291.15045166015625,0.7313374280929565,0.3185691833496094,1.4578542709350586,291.15045166015625,291.1499938964844,288.75,287.119873046875,291.1503295898437,297.2095947265625,291.15045166015625,1.0,0.7229897379875183,1.0,1.0,0.3242865800857544,1.0,-3.753833532333374,2.6893367767333984,1.0644968748092651,1.8439279794692995,0.0,0.0,0.0,259.9296569824219,260.0,-0.5037958025932312,-0.0,4685.1279296875,1.0,293.1499938964844,293.1499938964844,293.1499938964844,293.1499938964844,293.1499938964844,293.1499938964844,278.1499938964844,0.0,18000.0,313.1499938964844,0.0,18000.0,0.0,0.0,0.0,0.0,0.0,0.0,0.0,0.0,0.0,0.0,-0.0,-0.0,0.0,0.0,0.0,0.0,0.0,-0.0,0.0,0.0,0.0,0.0,0.0,0.0,0.0,0.0,0.0,4.0,0.0,0.0
11892480,297.1849365234375,297.1499938964844,293.1499938964844,0.0,-0.0,291.1502990722656,0.7673704624176025,0.37054243683815,0.3382536768913269,297.2317810058594,297.1499938964844,293.1499938964844,0.0,-0.0,291.1502990722656,0.8692445158958435,0.545977771282196,0.5206838250160217,297.25799560546875,297.1499938964844,293.1499938964844,0.0,-0.0,291.1502990722656,0.8295111060142517,0.4708867371082306,0.3325181007385254,297.233642578125,297.1499938964844,293.1499938964844,0.0,-0.0,291.1502990722656,0.8445098996162415,0.4990304708480835,0.4766762554645538,297.1903381347656,297.1499938964844,293.1499938964844,0.0,-0.0,291.1502990722656,0.7320263981819153,0.3186794221401214,1.4581538438796997,291.1502990722656,291.1499938964844,288.75,287.119873046875,291.150146484375,297.2088317871094,291.1502990722656,1.0,0.722648024559021,1.0,1.0,0.3242761492729187,1.0,-3.754973888397217,2.69014310836792,1.0648305416107178,1.844508409500122,0.0,0.0,0.0,259.0378112792969,248.0,-0.5644107460975647,-0.0,4682.67529296875,1.0,293.1499938964844,293.1499938964844,293.1499938964844,293.1499938964844,293.1499938964844,293.1499938964844,278.1499938964844,0.0,18000.0,313.1499938964844,0.0,18000.0,0.0,0.0,0.0,0.0,0.0,0.0,0.0,0.0,0.0,0.0,-0.0,-0.0,0.0,0.0,0.0,0.0,0.0,-0.0,0.0,0.0,0.0,0.0,0.0,0.0,0.0,0.0,0.0,4.0,0.0,0.0
11892540,297.1832275390625,297.1499938964844,293.1499938964844,0.0,-0.0,291.1497802734375,0.7721861600875854,0.3708101511001587,0.3382535874843597,297.2291564941406,297.1499938964844,293.1499938964844,0.0,-0.0,291.1497802734375,0.874983549118042,0.5467467904090881,0.5211599469184875,297.25604248046875,297.1499938964844,293.1499938964844,0.0,-0.0,291.1497802734375,0.8348240256309509,0.4720554649829864,0.3331449031829834,297.2313842773437,297.1499938964844,293.1499938964844,0.0,-0.0,291.1497802734375,0.8498619794845581,0.4998605251312256,0.4772085845470428,297.1889953613281,297.1499938964844,293.1499938964844,0.0,-0.0,291.1497802734375,0.7363245487213135,0.3190542161464691,1.4586344957351685,291.1497802734375,291.1499938964844,288.75,287.119873046875,291.1495361328125,297.2068786621094,291.1497802734375,1.0,0.7200165390968323,1.0,1.0,0.3242435753345489,1.0,-3.757521390914917,2.6919853687286377,1.0655361413955688,1.845791697502136,0.0,0.0,0.0,253.08590698242188,236.0,-0.6883425712585449,-0.0,4651.77099609375,1.0,293.1499938964844,293.1499938964844,293.1499938964844,293.1499938964844,293.1499938964844,293.1499938964844,278.1499938964844,0.0,18000.0,313.1499938964844,0.0,18000.0,0.0,0.0,0.0,0.0,0.0,0.0,0.0,0.0,0.0,0.0,-0.0,-0.0,0.0,0.0,0.0,0.0,0.0,-0.0,0.0,0.0,0.0,0.0,0.0,0.0,0.0,0.0,0.0,4.0,0.0,0.0
11892600,297.1832275390625,297.1499938964844,293.1499938964844,0.0,-0.0,291.1497802734375,0.7721861600875854,0.3708101511001587,0.3382535874843597,297.2291564941406,297.1499938964844,293.1499938964844,0.0,-0.0,291.1497802734375,0.874983549118042,0.5467467904090881,0.5211599469184875,297.25604248046875,297.1499938964844,293.1499938964844,0.0,-0.0,291.1497802734375,0.8348240256309509,0.4720554649829864,0.3331449031829834,297.2313842773437,297.1499938964844,293.1499938964844,0.0,-0.0,291.1497802734375,0.8498619794845581,0.4998605251312256,0.4772085845470428,297.1889953613281,297.1499938964844,293.1499938964844,0.0,-0.0,291.1497802734375,0.7363245487213135,0.3190542161464691,1.4586344957351685,291.1497802734375,291.1499938964844,288.75,287.119873046875,291.1495361328125,297.2068786621094,291.1497802734375,1.0,0.7200165390968323,1.0,1.0,0.3242435753345489,1.0,-3.757521390914917,2.6919853687286377,1.0655361413955688,1.845791697502136,0.0,0.0,0.0,253.08590698242188,236.0,-0.6883425712585449,-0.0,4651.77099609375,1.0,293.1499938964844,293.1499938964844,293.1499938964844,293.1499938964844,293.1499938964844,293.1499938964844,278.1499938964844,0.0,18000.0,313.1499938964844,0.0,18000.0,0.0,0.0,0.0,0.0,0.0,0.0,0.0,0.0,0.0,0.0,-0.0,-0.0,0.0,0.0,0.0,0.0,0.0,-0.0,0.0,0.0,0.0,0.0,0.0,0.0,0.0,0.0,0.0,4.0,0.0,0.0
11892660,297.18212890625,297.1499938964844,293.1499938964844,0.0,-0.0,291.1494140625,0.7797156572341919,0.3711183369159698,0.3381836712360382,297.2269592285156,297.1499938964844,293.1499938964844,0.0,-0.0,291.1494140625,0.883814811706543,0.5475282669067383,0.52153480052948,297.25457763671875,297.1499938964844,293.1499938964844,0.0,-0.0,291.1494140625,0.842868983745575,0.4732506573200226,0.3337068557739258,297.2296142578125,297.1499938964844,293.1499938964844,0.0,-0.0,291.1494140625,0.8581172823905945,0.5007104873657227,0.4776465892791748,297.18829345703125,297.1499938964844,293.1499938964844,0.0,-0.0,291.1494445800781,0.7429949641227722,0.3194759488105774,1.4587829113006592,291.1494140625,291.1499938964844,288.75,287.119873046875,291.1492919921875,297.2054748535156,291.1494140625,1.0,0.7159402370452881,1.0,1.0,0.3242458999156952,1.0,-3.759270668029785,2.6931815147399902,1.0660890340805054,1.8465107679367063,0.0,0.0,0.0,244.1957397460937,224.0,-0.519160807132721,-0.0,4599.671875,1.0,293.1499938964844,293.1499938964844,293.1499938964844,293.1499938964844,293.1499938964844,293.1499938964844,278.1499938964844,0.0,18000.0,313.1499938964844,0.0,18000.0,0.0,0.0,0.0,0.0,0.0,0.0,0.0,0.0,0.0,0.0,-0.0,-0.0,0.0,0.0,0.0,0.0,0.0,-0.0,0.0,0.0,0.0,0.0,0.0,0.0,0.0,0.0,0.0,4.0,0.0,0.0
11892720,297.18212890625,297.1499938964844,293.1499938964844,0.0,-0.0,291.1494140625,0.7797156572341919,0.3711183369159698,0.3381836712360382,297.2269592285156,297.1499938964844,293.1499938964844,0.0,-0.0,291.1494140625,0.883814811706543,0.5475282669067383,0.52153480052948,297.25457763671875,297.1499938964844,293.1499938964844,0.0,-0.0,291.1494140625,0.842868983745575,0.4732506573200226,0.3337068557739258,297.2296142578125,297.1499938964844,293.1499938964844,0.0,-0.0,291.1494140625,0.8581172823905945,0.5007104873657227,0.4776465892791748,297.18829345703125,297.1499938964844,293.1499938964844,0.0,-0.0,291.1494445800781,0.7429949641227722,0.3194759488105774,1.4587829113006592,291.1494140625,291.1499938964844,288.75,287.119873046875,291.1492919921875,297.2054748535156,291.1494140625,1.0,0.7159402370452881,1.0,1.0,0.3242458999156952,1.0,-3.759270668029785,2.6931815147399902,1.0660890340805054,1.8465107679367063,0.0,0.0,0.0,244.1957397460937,224.0,-0.519160807132721,-0.0,4599.671875,1.0,293.1499938964844,293.1499938964844,293.1499938964844,293.1499938964844,293.1499938964844,293.1499938964844,278.1499938964844,0.0,18000.0,313.1499938964844,0.0,18000.0,0.0,0.0,0.0,0.0,0.0,0.0,0.0,0.0,0.0,0.0,-0.0,-0.0,0.0,0.0,0.0,0.0,0.0,-0.0,0.0,0.0,0.0,0.0,0.0,0.0,0.0,0.0,0.0,4.0,0.0,0.0
11892780,297.1814270019531,297.1499938964844,293.1499938964844,0.0,-0.0,291.1492004394531,0.7892572283744812,0.3714552521705627,0.3380864560604095,297.2251281738281,297.1499938964844,293.1499938964844,0.0,-0.0,291.1492004394531,0.8949297070503235,0.5483157634735107,0.5218583345413208,297.2535095214844,297.1499938964844,293.1499938964844,0.0,-0.0,291.1492004394531,0.8530471920967102,0.4744641780853271,0.3342397511005401,297.2281799316406,297.1499938964844,293.1499938964844,0.0,-0.0,291.1492004394531,0.8686165809631348,0.5015737414360046,0.4780401587486267,297.1881103515625,297.1499938964844,293.1499938964844,0.0,-0.0,291.1492004394531,0.7515203356742859,0.3199405372142792,1.4588508605957031,291.1492004394531,291.1499938964844,288.75,287.119873046875,291.14910888671875,297.2045288085937,291.1492004394531,1.0,0.7111231088638306,1.0,1.0,0.324248194694519,1.0,-3.760739326477051,2.6941919326782227,1.0665475130081177,1.84704852104187,0.0,0.0,0.0,233.79844665527344,212.0,-0.3622475564479828,-0.0,4537.04443359375,1.0,293.1499938964844,293.1499938964844,293.1499938964844,293.1499938964844,293.1499938964844,293.1499938964844,278.1499938964844,0.0,18000.0,313.1499938964844,0.0,18000.0,0.0,0.0,0.0,0.0,0.0,0.0,0.0,0.0,0.0,0.0,-0.0,-0.0,0.0,0.0,0.0,0.0,0.0,-0.0,0.0,0.0,0.0,0.0,0.0,0.0,0.0,0.0,0.0,4.0,0.0,0.0
11892840,297.1814270019531,297.1499938964844,293.1499938964844,0.0,-0.0,291.1492004394531,0.7892572283744812,0.3714552521705627,0.3380864560604095,297.2251281738281,297.1499938964844,293.1499938964844,0.0,-0.0,291.1492004394531,0.8949297070503235,0.5483157634735107,0.5218583345413208,297.2535095214844,297.1499938964844,293.1499938964844,0.0,-0.0,291.1492004394531,0.8530471920967102,0.4744641780853271,0.3342397511005401,297.2281799316406,297.1499938964844,293.1499938964844,0.0,-0.0,291.1492004394531,0.8686165809631348,0.5015737414360046,0.4780401587486267,297.1881103515625,297.1499938964844,293.1499938964844,0.0,-0.0,291.1492004394531,0.7515203356742859,0.3199405372142792,1.4588508605957031,291.1492004394531,291.1499938964844,288.75,287.119873046875,291.14910888671875,297.2045288085937,291.1492004394531,1.0,0.7111231088638306,1.0,1.0,0.324248194694519,1.0,-3.760739326477051,2.6941919326782227,1.0665475130081177,1.84704852104187,0.0,0.0,0.0,233.79844665527344,212.0,-0.3622475564479828,-0.0,4537.04443359375,1.0,293.1499938964844,293.1499938964844,293.1499938964844,293.1499938964844,293.1499938964844,293.1499938964844,278.1499938964844,0.0,18000.0,313.1499938964844,0.0,18000.0,0.0,0.0,0.0,0.0,0.0,0.0,0.0,0.0,0.0,0.0,-0.0,-0.0,0.0,0.0,0.0,0.0,0.0,-0.0,0.0,0.0,0.0,0.0,0.0,0.0,0.0,0.0,0.0,4.0,0.0,0.0
11892900,297.1811828613281,297.1499938964844,293.1499938964844,0.0,-0.0,291.1491394042969,0.7946890592575073,0.3716310858726501,0.3380331397056579,297.22430419921875,297.1499938964844,293.1499938964844,0.0,-0.0,291.1491394042969,0.901234209537506,0.5487093925476074,0.5220078229904175,297.2530517578125,297.1499938964844,293.1499938964844,0.0,-0.0,291.1491394042969,0.858894944190979,0.4750750660896301,0.3345001339912414,297.2275695800781,297.1499938964844,293.1499938964844,0.0,-0.0,291.1491394042969,0.8746396899223328,0.5020079612731934,0.4782271981239319,297.1881408691406,297.1499938964844,293.1499938964844,0.0,-0.0,291.1491394042969,0.7564447522163391,0.3201869428157806,1.458890080451965,291.1491394042969,291.1499938964844,288.75,287.119873046875,291.1490783691406,297.2041931152344,291.1491394042969,1.0,0.708551287651062,1.0,1.0,0.3242493569850921,1.0,-3.761440515518189,2.69467568397522,1.0667648315429688,1.847294807434082,0.0,0.0,0.0,228.2709350585937,212.0,-0.2950578331947326,-0.0,4503.5048828125,1.0,293.1499938964844,293.1499938964844,293.1499938964844,293.1499938964844,293.1499938964844,293.1499938964844,278.1499938964844,0.0,18000.0,313.1499938964844,0.0,18000.0,0.0,0.0,0.0,0.0,0.0,0.0,0.0,0.0,0.0,0.0,-0.0,-0.0,0.0,0.0,0.0,0.0,0.0,-0.0,0.0,0.0,0.0,0.0,0.0,0.0,0.0,0.0,0.0,4.0,0.0,0.0
11892960,297.1809997558594,297.1499938964844,293.1499938964844,0.0,-0.0,291.1491394042969,0.8005251884460449,0.3718101382255554,0.3379783034324646,297.2235107421875,297.1499938964844,293.1499938964844,0.0,-0.0,291.1491394042969,0.908166229724884,0.5491018295288086,0.5221514105796814,297.25262451171875,297.1499938964844,293.1499938964844,0.0,-0.0,291.1491394042969,0.8652431964874268,0.4756873250007629,0.3347579836845398,297.2269897460937,297.1499938964844,293.1499938964844,0.0,-0.0,291.1491394042969,0.8811567425727844,0.5024427175521851,0.478410005569458,297.18829345703125,297.1499938964844,293.1499938964844,0.0,-0.0,291.1491394042969,0.7618076801300049,0.3204412758350372,1.458942174911499,291.1491394042969,291.1499938964844,288.75,287.119873046875,291.1491394042969,297.20391845703125,291.1491394042969,1.0,0.7059136033058167,1.0,1.0,0.3242667615413666,1.0,-3.762140035629273,2.6951053142547607,1.0670348405838013,1.847488522529602,0.0,0.0,0.0,222.6135711669922,200.0,-0.1479067057371139,-0.0,4469.11279296875,1.0,293.1499938964844,293.1499938964844,293.1499938964844,293.1499938964844,293.1499938964844,293.1499938964844,278.1499938964844,0.0,18000.0,313.1499938964844,0.0,18000.0,0.0,0.0,0.0,0.0,0.0,0.0,0.0,0.0,0.0,0.0,-0.0,-0.0,0.0,0.0,0.0,0.0,0.0,-0.0,0.0,0.0,0.0,0.0,0.0,0.0,0.0,0.0,0.0,4.0,0.0,0.0
11893020,297.18072509765625,297.1499938964844,293.1499938964844,0.0,-0.0,291.1492614746094,0.8131647109985352,0.3721752464771271,0.3378663659095764,297.2220153808594,297.1499938964844,293.1499938964844,0.0,-0.0,291.1492919921875,0.9247463345527648,0.5498815178871155,0.5224243998527527,297.2519226074219,297.1499938964844,293.1499938964844,0.0,-0.0,291.1492614746094,0.8795055150985718,0.4769134521484375,0.3352681398391723,297.2259216308594,297.1499938964844,293.1499938964844,0.0,-0.0,291.1492614746094,0.8956887722015381,0.5033096671104431,0.4787648618221283,297.188720703125,297.1499938964844,293.1499938964844,0.0,-0.0,291.1492614746094,0.7739148139953613,0.3209712505340576,1.4590985774993896,291.1492919921875,291.1499938964844,288.75,287.119873046875,291.1493835449219,297.2035217285156,291.1492919921875,1.0,0.7005080580711365,1.0,1.0,0.3243015706539154,1.0,-3.763562440872192,2.6959705352783203,1.067591905593872,1.8478933572769165,0.0,0.0,0.0,211.05093383789065,188.0,0.111476331949234,-0.0,4398.7607421875,1.0,293.1499938964844,293.1499938964844,293.1499938964844,293.1499938964844,293.1499938964844,293.1499938964844,278.1499938964844,0.0,18000.0,313.1499938964844,0.0,18000.0,0.0,0.0,0.0,0.0,0.0,0.0,0.0,0.0,0.0,0.0,-0.0,-0.0,0.0,0.0,0.0,0.0,0.0,-0.0,0.0,0.0,0.0,0.0,0.0,0.0,0.0,0.0,0.0,4.0,0.0,0.0
11893080,297.18072509765625,297.1499938964844,293.1499938964844,0.0,-0.0,291.1492614746094,0.8131647109985352,0.3721752464771271,0.3378663659095764,297.2220153808594,297.1499938964844,293.1499938964844,0.0,-0.0,291.1492919921875,0.9247463345527648,0.5498815178871155,0.5224243998527527,297.2519226074219,297.1499938964844,293.1499938964844,0.0,-0.0,291.1492614746094,0.8795055150985718,0.4769134521484375,0.3352681398391723,297.2259216308594,297.1499938964844,293.1499938964844,0.0,-0.0,291.1492614746094,0.8956887722015381,0.5033096671104431,0.4787648618221283,297.188720703125,297.1499938964844,293.1499938964844,0.0,-0.0,291.1492614746094,0.7739148139953613,0.3209712505340576,1.4590985774993896,291.1492919921875,291.1499938964844,288.75,287.119873046875,291.1493835449219,297.2035217285156,291.1492919921875,1.0,0.7005080580711365,1.0,1.0,0.3243015706539154,1.0,-3.763562440872192,2.6959705352783203,1.067591905593872,1.8478933572769165,0.0,0.0,0.0,211.05093383789065,188.0,0.111476331949234,-0.0,4398.7607421875,1.0,293.1499938964844,293.1499938964844,293.1499938964844,293.1499938964844,293.1499938964844,293.1499938964844,278.1499938964844,0.0,18000.0,313.1499938964844,0.0,18000.0,0.0,0.0,0.0,0.0,0.0,0.0,0.0,0.0,0.0,0.0,-0.0,-0.0,0.0,0.0,0.0,0.0,0.0,-0.0,0.0,0.0,0.0,0.0,0.0,0.0,0.0,0.0,0.0,4.0,0.0,0.0
11893140,297.1805419921875,297.1499938964844,293.1499938964844,0.0,-0.0,291.1495056152344,0.8267112374305725,0.3725454807281494,0.3377525806427002,297.2206115722656,297.1499938964844,293.1499938964844,0.0,-0.0,291.1495056152344,0.9439948201179504,0.5506510138511658,0.5226806998252869,297.2512512207031,297.1499938964844,293.1499938964844,0.0,-0.0,291.1495056152344,0.8960238695144653,0.4781374931335449,0.3357717990875244,297.2248840332031,297.1499938964844,293.1499938964844,0.0,-0.0,291.1495056152344,0.912839651107788,0.5041660666465759,0.4791035056114197,297.1893615722656,297.1499938964844,293.1499938964844,0.0,-0.0,291.1495056152344,0.7880328297615051,0.321526288986206,1.459334135055542,291.1495056152344,291.1499938964844,288.75,287.119873046875,291.1496887207031,297.20330810546875,291.1495361328125,1.0,0.6949915885925293,1.0,1.0,0.3243363797664642,1.0,-3.765030860900879,2.69686222076416,1.0681685209274292,1.8483482599258425,0.0,0.0,0.0,199.29031372070312,176.0,0.2744549810886383,-0.0,4327.20849609375,1.0,293.1499938964844,293.1499938964844,293.1499938964844,293.1499938964844,293.1499938964844,293.1499938964844,278.1499938964844,0.0,18000.0,313.1499938964844,0.0,18000.0,0.0,0.0,0.0,0.0,0.0,0.0,0.0,0.0,0.0,0.0,-0.0,-0.0,0.0,0.0,0.0,0.0,0.0,-0.0,0.0,0.0,0.0,0.0,0.0,0.0,0.0,0.0,0.0,4.0,0.0,0.0
11893200,297.1805419921875,297.1499938964844,293.1499938964844,0.0,-0.0,291.1495056152344,0.8267112374305725,0.3725454807281494,0.3377525806427002,297.2206115722656,297.1499938964844,293.1499938964844,0.0,-0.0,291.1495056152344,0.9439948201179504,0.5506510138511658,0.5226806998252869,297.2512512207031,297.1499938964844,293.1499938964844,0.0,-0.0,291.1495056152344,0.8960238695144653,0.4781374931335449,0.3357717990875244,297.2248840332031,297.1499938964844,293.1499938964844,0.0,-0.0,291.1495056152344,0.912839651107788,0.5041660666465759,0.4791035056114197,297.1893615722656,297.1499938964844,293.1499938964844,0.0,-0.0,291.1495056152344,0.7880328297615051,0.321526288986206,1.459334135055542,291.1495056152344,291.1499938964844,288.75,287.119873046875,291.1496887207031,297.20330810546875,291.1495361328125,1.0,0.6949915885925293,1.0,1.0,0.3243363797664642,1.0,-3.765030860900879,2.69686222076416,1.0681685209274292,1.8483482599258425,0.0,0.0,0.0,199.29031372070312,176.0,0.2744549810886383,-0.0,4327.20849609375,1.0,293.1499938964844,293.1499938964844,293.1499938964844,293.1499938964844,293.1499938964844,293.1499938964844,278.1499938964844,0.0,18000.0,313.1499938964844,0.0,18000.0,0.0,0.0,0.0,0.0,0.0,0.0,0.0,0.0,0.0,0.0,-0.0,-0.0,0.0,0.0,0.0,0.0,0.0,-0.0,0.0,0.0,0.0,0.0,0.0,0.0,0.0,0.0,0.0,4.0,0.0,0.0
11893260,297.1803894042969,297.1499938964844,293.1499938964844,0.0,-0.0,291.1497497558594,0.8421774506568909,0.3729167878627777,0.3376368284225464,297.21923828125,297.1499938964844,293.1499938964844,0.0,-0.0,291.1497497558594,0.9646238684654236,0.5514075756072998,0.5229217410087585,297.2506103515625,297.1499938964844,293.1499938964844,0.0,-0.0,291.1497497558594,0.9158374667167664,0.4793551862239837,0.3362689018249511,297.223876953125,297.1499938964844,293.1499938964844,0.0,-0.0,291.1497497558594,0.9343777298927308,0.5050106644630432,0.4794273376464844,297.1900939941406,297.1499938964844,293.1499938964844,0.0,-0.0,291.1497497558594,0.8043786883354187,0.3221006095409393,1.459642767906189,291.1497497558594,291.1499938964844,288.75,287.119873046875,291.1499328613281,297.20318603515625,291.1497802734375,1.0,0.6894110441207886,1.0,1.0,0.3243595957756042,1.0,-3.766540288925171,2.697816610336304,1.0687237977981567,1.8488874435424805,0.0,0.0,0.0,187.43386840820312,164.0,0.3209116458892822,-0.0,4255.0966796875,1.0,293.1499938964844,293.1499938964844,293.1499938964844,293.1499938964844,293.1499938964844,293.1499938964844,278.1499938964844,0.0,18000.0,313.1499938964844,0.0,18000.0,0.0,0.0,0.0,0.0,0.0,0.0,0.0,0.0,0.0,0.0,-0.0,-0.0,0.0,0.0,0.0,0.0,0.0,-0.0,0.0,0.0,0.0,0.0,0.0,0.0,0.0,0.0,0.0,4.0,0.0,0.0
11893320,297.1803894042969,297.1499938964844,293.1499938964844,0.0,-0.0,291.1497497558594,0.8421774506568909,0.3729167878627777,0.3376368284225464,297.21923828125,297.1499938964844,293.1499938964844,0.0,-0.0,291.1497497558594,0.9646238684654236,0.5514075756072998,0.5229217410087585,297.2506103515625,297.1499938964844,293.1499938964844,0.0,-0.0,291.1497497558594,0.9158374667167664,0.4793551862239837,0.3362689018249511,297.223876953125,297.1499938964844,293.1499938964844,0.0,-0.0,291.1497497558594,0.9343777298927308,0.5050106644630432,0.4794273376464844,297.1900939941406,297.1499938964844,293.1499938964844,0.0,-0.0,291.1497497558594,0.8043786883354187,0.3221006095409393,1.459642767906189,291.1497497558594,291.1499938964844,288.75,287.119873046875,291.1499328613281,297.20318603515625,291.1497802734375,1.0,0.6894110441207886,1.0,1.0,0.3243595957756042,1.0,-3.766540288925171,2.697816610336304,1.0687237977981567,1.8488874435424805,0.0,0.0,0.0,187.43386840820312,164.0,0.3209116458892822,-0.0,4255.0966796875,1.0,293.1499938964844,293.1499938964844,293.1499938964844,293.1499938964844,293.1499938964844,293.1499938964844,278.1499938964844,0.0,18000.0,313.1499938964844,0.0,18000.0,0.0,0.0,0.0,0.0,0.0,0.0,0.0,0.0,0.0,0.0,-0.0,-0.0,0.0,0.0,0.0,0.0,0.0,-0.0,0.0,0.0,0.0,0.0,0.0,0.0,0.0,0.0,0.0,4.0,0.0,0.0
11893380,297.18023681640625,297.1499938964844,293.1499938964844,0.0,-0.0,291.1500244140625,0.8608137369155884,0.373286098241806,0.3375177085399627,297.2178955078125,297.1499938964844,293.1499938964844,0.0,-0.0,291.1500244140625,0.9853590130805968,0.5521477460861206,0.5231456160545349,297.2499389648437,297.1499938964844,293.1499938964844,0.0,-0.0,291.1500244140625,0.9408205151557922,0.4805623292922973,0.3367575407028198,297.22283935546875,297.1499938964844,293.1499938964844,0.0,-0.0,291.1500244140625,0.9586076736450196,0.5058416128158569,0.4797362387180328,297.19091796875,297.1499938964844,293.1499938964844,0.0,-0.0,291.1500244140625,0.8223875761032104,0.3226913511753082,1.4600176811218262,291.1500244140625,291.1499938964844,288.75,287.119873046875,291.1502380371094,297.203125,291.1500549316406,1.0,0.6837860941886902,1.0,1.0,0.3243828117847442,1.0,-3.768077373504639,2.698783159255981,1.069293975830078,1.8494845628738403,0.0,0.0,0.0,175.52609252929688,167.0,0.362728863954544,-0.0,4182.67041015625,1.0,293.1499938964844,293.1499938964844,293.1499938964844,293.1499938964844,293.1499938964844,293.1499938964844,278.1499938964844,0.0,18000.0,313.1499938964844,0.0,18000.0,0.0,0.0,0.0,0.0,0.0,0.0,0.0,0.0,0.0,0.0,-0.0,-0.0,0.0,0.0,0.0,0.0,0.0,-0.0,0.0,0.0,0.0,0.0,0.0,0.0,0.0,0.0,0.0,4.0,0.0,0.0
11893440,297.18023681640625,297.1499938964844,293.1499938964844,0.0,-0.0,291.1500244140625,0.8608137369155884,0.373286098241806,0.3375177085399627,297.2178955078125,297.1499938964844,293.1499938964844,0.0,-0.0,291.1500244140625,0.9853590130805968,0.5521477460861206,0.5231456160545349,297.2499389648437,297.1499938964844,293.1499938964844,0.0,-0.0,291.1500244140625,0.9408205151557922,0.4805623292922973,0.3367575407028198,297.22283935546875,297.1499938964844,293.1499938964844,0.0,-0.0,291.1500244140625,0.9586076736450196,0.5058416128158569,0.4797362387180328,297.19091796875,297.1499938964844,293.1499938964844,0.0,-0.0,291.1500244140625,0.8223875761032104,0.3226913511753082,1.4600176811218262,291.1500244140625,291.1499938964844,288.75,287.119873046875,291.1502380371094,297.203125,291.1500549316406,1.0,0.6837860941886902,1.0,1.0,0.3243828117847442,1.0,-3.768077373504639,2.698783159255981,1.069293975830078,1.8494845628738403,0.0,0.0,0.0,175.52609252929688,167.0,0.362728863954544,-0.0,4182.67041015625,1.0,293.1499938964844,293.1499938964844,293.1499938964844,293.1499938964844,293.1499938964844,293.1499938964844,278.1499938964844,0.0,18000.0,313.1499938964844,0.0,18000.0,0.0,0.0,0.0,0.0,0.0,0.0,0.0,0.0,0.0,0.0,-0.0,-0.0,0.0,0.0,0.0,0.0,0.0,-0.0,0.0,0.0,0.0,0.0,0.0,0.0,0.0,0.0,0.0,4.0,0.0,0.0
11893500,297.1801452636719,297.1499938964844,293.1499938964844,0.0,-0.0,291.150146484375,0.8666849732398987,0.3734695017337799,0.3375591933727264,297.2172546386719,297.1499938964844,293.1499938964844,0.0,-0.0,291.150146484375,0.9909486174583436,0.5525129437446594,0.5233595967292786,297.2496032714844,297.1499938964844,293.1499938964844,0.0,-0.0,291.150146484375,0.94840270280838,0.481162279844284,0.3370784223079681,297.2223205566406,297.1499938964844,293.1499938964844,0.0,-0.0,291.150146484375,0.965529441833496,0.5062533617019653,0.4799938201904297,297.1913452148437,297.1499938964844,293.1499938964844,0.0,-0.0,291.150146484375,0.8277376294136047,0.3229929804801941,1.4607397317886353,291.150146484375,291.1499938964844,288.75,287.119873046875,291.1504821777344,297.2030944824219,291.1501770019531,1.0,0.6827367544174194,1.0,1.0,0.3243944346904754,1.0,-3.7699458599090576,2.7000083923339844,1.0699374675750732,1.8503175973892207,0.0,0.0,0.0,172.34373474121094,167.0,0.4176055788993835,-0.0,4167.2978515625,1.0,293.1499938964844,293.1499938964844,293.1499938964844,293.1499938964844,293.1499938964844,293.1499938964844,278.1499938964844,0.0,18000.0,313.1499938964844,0.0,18000.0,0.0,0.0,0.0,0.0,0.0,0.0,0.0,0.0,0.0,0.0,-0.0,-0.0,0.0,0.0,0.0,0.0,0.0,-0.0,0.0,0.0,0.0,0.0,0.0,0.0,0.0,0.0,0.0,4.0,0.0,0.0
11893560,297.1799621582031,297.1499938964844,293.1499938964844,0.0,-0.0,291.1503295898437,0.8702543377876282,0.3736425340175628,0.3376480042934418,297.2165222167969,297.1499938964844,293.1499938964844,0.0,-0.0,291.1503295898437,0.9941553473472596,0.5528677105903625,0.5236225128173828,297.24920654296875,297.1499938964844,293.1499938964844,0.0,-0.0,291.1503295898437,0.9529675841331482,0.4817517101764679,0.3374356627464294,297.2217712402344,297.1499938964844,293.1499938964844,0.0,-0.0,291.1503295898437,0.9695857167243958,0.5066555738449097,0.4803012013435364,297.1917419433594,297.1499938964844,293.1499938964844,0.0,-0.0,291.1503295898437,0.8310070037841797,0.3232915103435516,1.4617282152175903,291.1503601074219,291.1499938964844,288.75,287.119873046875,291.1506652832031,297.2030334472656,291.1503601074219,1.0,0.6822786331176758,1.0,1.0,0.3243926763534546,1.0,-3.77235746383667,2.7016422748565674,1.0707151889801023,1.8514652252197263,0.0,0.0,0.0,170.59512329101562,185.0,0.4664654731750488,-0.0,4162.6328125,1.0,293.1499938964844,293.1499938964844,293.1499938964844,293.1499938964844,293.1499938964844,293.1499938964844,278.1499938964844,0.0,18000.0,313.1499938964844,0.0,18000.0,0.0,0.0,0.0,0.0,0.0,0.0,0.0,0.0,0.0,0.0,-0.0,-0.0,0.0,0.0,0.0,0.0,0.0,-0.0,0.0,0.0,0.0,0.0,0.0,0.0,0.0,0.0,0.0,4.0,0.0,0.0
11893620,297.179443359375,297.1499938964844,293.1499938964844,0.0,-0.0,291.1506042480469,0.86408931016922,0.3738779127597809,0.3380001783370971,297.2152709960937,297.1499938964844,293.1499938964844,0.0,-0.0,291.1506042480469,0.9886717796325684,0.5533825755119324,0.52425217628479,297.24835205078125,297.1499938964844,293.1499938964844,0.0,-0.0,291.1506042480469,0.9458772540092468,0.4826215803623199,0.3381478488445282,297.2207336425781,297.1499938964844,293.1499938964844,0.0,-0.0,291.1506042480469,0.9628382921218872,0.5072441101074219,0.4809998869895935,297.192138671875,297.1499938964844,293.1499938964844,0.0,-0.0,291.1506042480469,0.8257285356521606,0.3237332105636596,1.4643805027008057,291.1506042480469,291.1499938964844,288.75,287.119873046875,291.1510925292969,297.2027893066406,291.150634765625,1.0,0.6853510737419128,1.0,1.0,0.3243899643421173,1.0,-3.7784230709075928,2.705768585205078,1.0726544857025146,1.8542639017105105,0.0,0.0,0.0,174.41477966308594,185.0,0.5453655123710632,-0.0,4203.927734375,1.0,293.1499938964844,293.1499938964844,293.1499938964844,293.1499938964844,293.1499938964844,293.1499938964844,278.1499938964844,0.0,18000.0,313.1499938964844,0.0,18000.0,0.0,0.0,0.0,0.0,0.0,0.0,0.0,0.0,0.0,0.0,-0.0,-0.0,0.0,0.0,0.0,0.0,0.0,-0.0,0.0,0.0,0.0,0.0,0.0,0.0,0.0,0.0,0.0,4.0,0.0,0.0
11893680,297.1791687011719,297.1499938964844,293.1499938964844,0.0,-0.0,291.15069580078125,0.8606663346290588,0.3739416897296905,0.3381374478340149,297.2147827148437,297.1499938964844,293.1499938964844,0.0,-0.0,291.1507263183594,0.98541259765625,0.5535361170768738,0.5244796276092529,297.2479858398437,297.1499938964844,293.1499938964844,0.0,-0.0,291.1507263183594,0.9417147636413574,0.4828864932060241,0.3383935093879699,297.2203369140625,297.1499938964844,293.1499938964844,0.0,-0.0,291.1507263183594,0.9588761925697328,0.5074212551116943,0.4812494814395904,297.1921691894531,297.1499938964844,293.1499938964844,0.0,-0.0,291.15069580078125,0.8227218985557556,0.3238661885261535,1.4653666019439695,291.1507263183594,291.1499938964844,288.75,287.119873046875,291.1512451171875,297.20263671875,291.1507568359375,1.0,0.6867448687553406,1.0,1.0,0.3243891298770904,1.0,-3.780644178390503,2.707277536392212,1.0733667612075806,1.8552991151809688,0.0,0.0,0.0,176.54798889160156,203.0,0.5867740511894226,-0.0,4223.82470703125,1.0,293.1499938964844,293.1499938964844,293.1499938964844,293.1499938964844,293.1499938964844,293.1499938964844,278.1499938964844,0.0,18000.0,313.1499938964844,0.0,18000.0,0.0,0.0,0.0,0.0,0.0,0.0,0.0,0.0,0.0,0.0,-0.0,-0.0,0.0,0.0,0.0,0.0,0.0,-0.0,0.0,0.0,0.0,0.0,0.0,0.0,0.0,0.0,0.0,4.0,0.0,0.0
11893740,297.1775817871094,297.1499938964844,293.1499938964844,0.0,-0.0,291.1512145996094,0.8433946371078491,0.3741512894630432,0.3387693166732788,297.2125244140625,297.1499938964844,293.1499938964844,0.0,-0.0,291.1512145996094,0.9666113257408142,0.554125964641571,0.5254971981048584,297.24609375,297.1499938964844,293.1499938964844,0.0,-0.0,291.1512145996094,0.9195995926856996,0.4839367568492889,0.339465856552124,297.2183532714844,297.1499938964844,293.1499938964844,0.0,-0.0,291.1512145996094,0.9370210766792296,0.5081110596656799,0.4823608696460724,297.19195556640625,297.1499938964844,293.1499938964844,0.0,-0.0,291.1512145996094,0.8066259026527405,0.3243799805641174,1.4698543548583984,291.1512145996094,291.1499938964844,288.75,287.119873046875,291.1517639160156,297.20166015625,291.1512756347656,1.0,0.6940197348594666,1.0,1.0,0.3243855834007263,1.0,-3.790656328201294,2.7140777111053467,1.0765784978866575,1.8599722385406487,0.0,0.0,0.0,188.4231872558593,221.0,0.6708778142929077,-0.0,4328.43115234375,1.0,293.1499938964844,293.1499938964844,293.1499938964844,293.1499938964844,293.1499938964844,293.1499938964844,278.1499938964844,0.0,18000.0,313.1499938964844,0.0,18000.0,0.0,0.0,0.0,0.0,0.0,0.0,0.0,0.0,0.0,0.0,-0.0,-0.0,0.0,0.0,0.0,0.0,0.0,-0.0,0.0,0.0,0.0,0.0,0.0,0.0,0.0,0.0,0.0,4.0,0.0,0.0
11893800,297.1775817871094,297.1499938964844,293.1499938964844,0.0,-0.0,291.1512145996094,0.8433946371078491,0.3741512894630432,0.3387693166732788,297.2125244140625,297.1499938964844,293.1499938964844,0.0,-0.0,291.1512145996094,0.9666113257408142,0.554125964641571,0.5254971981048584,297.24609375,297.1499938964844,293.1499938964844,0.0,-0.0,291.1512145996094,0.9195995926856996,0.4839367568492889,0.339465856552124,297.2183532714844,297.1499938964844,293.1499938964844,0.0,-0.0,291.1512145996094,0.9370210766792296,0.5081110596656799,0.4823608696460724,297.19195556640625,297.1499938964844,293.1499938964844,0.0,-0.0,291.1512145996094,0.8066259026527405,0.3243799805641174,1.4698543548583984,291.1512145996094,291.1499938964844,288.75,287.119873046875,291.1517639160156,297.20166015625,291.1512756347656,1.0,0.6940197348594666,1.0,1.0,0.3243855834007263,1.0,-3.790656328201294,2.7140777111053467,1.0765784978866575,1.8599722385406487,0.0,0.0,0.0,188.4231872558593,221.0,0.6708778142929077,-0.0,4328.43115234375,1.0,293.1499938964844,293.1499938964844,293.1499938964844,293.1499938964844,293.1499938964844,293.1499938964844,278.1499938964844,0.0,18000.0,313.1499938964844,0.0,18000.0,0.0,0.0,0.0,0.0,0.0,0.0,0.0,0.0,0.0,0.0,-0.0,-0.0,0.0,0.0,0.0,0.0,0.0,-0.0,0.0,0.0,0.0,0.0,0.0,0.0,0.0,0.0,0.0,4.0,0.0,0.0
11893860,297.1753845214844,297.1499938964844,293.1499938964844,0.0,-0.0,291.1514892578125,0.8253147602081299,0.3742777407169342,0.3394379615783691,297.2097473144531,297.1499938964844,293.1499938964844,0.0,-0.0,291.1514892578125,0.9429154992103576,0.5546388626098633,0.5265606641769409,297.2436218261719,297.1499938964844,293.1499938964844,0.0,-0.0,291.1514892578125,0.8971836566925049,0.4849042892456054,0.3405680358409881,297.21588134765625,297.1499938964844,293.1499938964844,0.0,-0.0,291.1514892578125,0.9124135971069336,0.5087261199951172,0.4835203289985657,297.1911315917969,297.1499938964844,293.1499938964844,0.0,-0.0,291.1514892578125,0.7880322933197021,0.3248283267021179,1.4746153354644775,291.1514892578125,291.1499938964844,288.75,287.119873046875,291.15191650390625,297.2001037597656,291.1515197753906,1.0,0.7027135491371155,1.0,1.0,0.324343204498291,1.0,-3.801191568374634,2.7213659286499023,1.079825758934021,1.865026473999024,0.0,0.0,0.0,203.3465576171875,239.0,0.4183965921401977,-0.0,4454.8583984375,1.0,293.1499938964844,293.1499938964844,293.1499938964844,293.1499938964844,293.1499938964844,293.1499938964844,278.1499938964844,0.0,18000.0,313.1499938964844,0.0,18000.0,0.0,0.0,0.0,0.0,0.0,0.0,0.0,0.0,0.0,0.0,-0.0,-0.0,0.0,0.0,0.0,0.0,0.0,-0.0,0.0,0.0,0.0,0.0,0.0,0.0,0.0,0.0,0.0,4.0,0.0,0.0
11893920,297.1753845214844,297.1499938964844,293.1499938964844,0.0,-0.0,291.1514892578125,0.8253147602081299,0.3742777407169342,0.3394379615783691,297.2097473144531,297.1499938964844,293.1499938964844,0.0,-0.0,291.1514892578125,0.9429154992103576,0.5546388626098633,0.5265606641769409,297.2436218261719,297.1499938964844,293.1499938964844,0.0,-0.0,291.1514892578125,0.8971836566925049,0.4849042892456054,0.3405680358409881,297.21588134765625,297.1499938964844,293.1499938964844,0.0,-0.0,291.1514892578125,0.9124135971069336,0.5087261199951172,0.4835203289985657,297.1911315917969,297.1499938964844,293.1499938964844,0.0,-0.0,291.1514892578125,0.7880322933197021,0.3248283267021179,1.4746153354644775,291.1514892578125,291.1499938964844,288.75,287.119873046875,291.15191650390625,297.2001037597656,291.1515197753906,1.0,0.7027135491371155,1.0,1.0,0.324343204498291,1.0,-3.801191568374634,2.7213659286499023,1.079825758934021,1.865026473999024,0.0,0.0,0.0,203.3465576171875,239.0,0.4183965921401977,-0.0,4454.8583984375,1.0,293.1499938964844,293.1499938964844,293.1499938964844,293.1499938964844,293.1499938964844,293.1499938964844,278.1499938964844,0.0,18000.0,313.1499938964844,0.0,18000.0,0.0,0.0,0.0,0.0,0.0,0.0,0.0,0.0,0.0,0.0,-0.0,-0.0,0.0,0.0,0.0,0.0,0.0,-0.0,0.0,0.0,0.0,0.0,0.0,0.0,0.0,0.0,0.0,4.0,0.0,0.0
11893980,297.1727600097656,297.1499938964844,293.1499938964844,0.0,-0.0,291.15155029296875,0.807870626449585,0.3743318617343902,0.3401001989841461,297.2066650390625,297.1499938964844,293.1499938964844,0.0,-0.0,291.15155029296875,0.9188125133514404,0.5550806522369385,0.5276198983192444,297.24072265625,297.1499938964844,293.1499938964844,0.0,-0.0,291.15155029296875,0.8772380948066711,0.4857954978942871,0.3416633009910583,297.2130432128906,297.1499938964844,293.1499938964844,0.0,-0.0,291.15155029296875,0.8913255929946899,0.509272575378418,0.4846776723861694,297.1898193359375,297.1499938964844,293.1499938964844,0.0,-0.0,291.15155029296875,0.7706121206283569,0.3252156376838684,1.4794002771377563,291.15155029296875,291.1499938964844,288.75,287.119873046875,291.1518859863281,297.1981201171875,291.1515808105469,1.0,0.7120705246925354,1.0,1.0,0.3243008255958557,1.0,-3.811732530593872,2.7286651134490967,1.0830674171447754,1.8700867891311648,0.0,0.0,0.0,219.8934631347656,257.0,0.1837360858917236,-0.0,4592.5654296875,1.0,293.1499938964844,293.1499938964844,293.1499938964844,293.1499938964844,293.1499938964844,293.1499938964844,278.1499938964844,0.0,18000.0,313.1499938964844,0.0,18000.0,0.0,0.0,0.0,0.0,0.0,0.0,0.0,0.0,0.0,0.0,-0.0,-0.0,0.0,0.0,0.0,0.0,0.0,-0.0,0.0,0.0,0.0,0.0,0.0,0.0,0.0,0.0,0.0,4.0,0.0,0.0
11894040,297.1727600097656,297.1499938964844,293.1499938964844,0.0,-0.0,291.15155029296875,0.807870626449585,0.3743318617343902,0.3401001989841461,297.2066650390625,297.1499938964844,293.1499938964844,0.0,-0.0,291.15155029296875,0.9188125133514404,0.5550806522369385,0.5276198983192444,297.24072265625,297.1499938964844,293.1499938964844,0.0,-0.0,291.15155029296875,0.8772380948066711,0.4857954978942871,0.3416633009910583,297.2130432128906,297.1499938964844,293.1499938964844,0.0,-0.0,291.15155029296875,0.8913255929946899,0.509272575378418,0.4846776723861694,297.1898193359375,297.1499938964844,293.1499938964844,0.0,-0.0,291.15155029296875,0.7706121206283569,0.3252156376838684,1.4794002771377563,291.15155029296875,291.1499938964844,288.75,287.119873046875,291.1518859863281,297.1981201171875,291.1515808105469,1.0,0.7120705246925354,1.0,1.0,0.3243008255958557,1.0,-3.811732530593872,2.7286651134490967,1.0830674171447754,1.8700867891311648,0.0,0.0,0.0,219.8934631347656,257.0,0.1837360858917236,-0.0,4592.5654296875,1.0,293.1499938964844,293.1499938964844,293.1499938964844,293.1499938964844,293.1499938964844,293.1499938964844,278.1499938964844,0.0,18000.0,313.1499938964844,0.0,18000.0,0.0,0.0,0.0,0.0,0.0,0.0,0.0,0.0,0.0,0.0,-0.0,-0.0,0.0,0.0,0.0,0.0,0.0,-0.0,0.0,0.0,0.0,0.0,0.0,0.0,0.0,0.0,0.0,4.0,0.0,0.0
11894100,297.1713256835937,297.1499938964844,293.1499938964844,0.0,-0.0,291.15155029296875,0.7991915345191956,0.3743346333503723,0.340422511100769,297.2049865722656,297.1499938964844,293.1499938964844,0.0,-0.0,291.15155029296875,0.907946527004242,0.5552765727043152,0.5281400084495544,297.2391357421875,297.1499938964844,293.1499938964844,0.0,-0.0,291.15155029296875,0.8681147694587708,0.4862142205238342,0.3422025144100189,297.2115173339844,297.1499938964844,293.1499938964844,0.0,-0.0,291.15155029296875,0.8817944526672363,0.5095217823982239,0.4852477014064789,297.18902587890625,297.1499938964844,293.1499938964844,0.0,-0.0,291.15155029296875,0.7626782059669495,0.3253882229328155,1.481764316558838,291.15155029296875,291.1499938964844,288.75,287.119873046875,291.15185546875,297.197021484375,291.1515808105469,1.0,0.7168704271316528,1.0,1.0,0.324279636144638,1.0,-3.816926240921021,2.7322640419006348,1.0846621990203855,1.872578859329224,0.0,0.0,0.0,228.5322113037109,257.0,0.0826037749648094,-0.0,4663.85986328125,1.0,293.1499938964844,293.1499938964844,293.1499938964844,293.1499938964844,293.1499938964844,293.1499938964844,278.1499938964844,0.0,18000.0,313.1499938964844,0.0,18000.0,0.0,0.0,0.0,0.0,0.0,0.0,0.0,0.0,0.0,0.0,-0.0,-0.0,0.0,0.0,0.0,0.0,0.0,-0.0,0.0,0.0,0.0,0.0,0.0,0.0,0.0,0.0,0.0,4.0,0.0,0.0
11894160,297.1698303222656,297.1499938964844,293.1499938964844,0.0,-0.0,291.1514587402344,0.7909473180770874,0.3743228018283844,0.3407370746135711,297.20330810546875,297.1499938964844,293.1499938964844,0.0,-0.0,291.1514587402344,0.8984293341636658,0.5554569363594055,0.528651237487793,297.23748779296875,297.1499938964844,293.1499938964844,0.0,-0.0,291.1514587402344,0.8596302270889282,0.4866161942481994,0.3427343368530273,297.2099304199219,297.1499938964844,293.1499938964844,0.0,-0.0,291.1514587402344,0.8728737831115723,0.5097560882568359,0.4858095049858093,297.1881408691406,297.1499938964844,293.1499938964844,0.0,-0.0,291.1514587402344,0.7553166151046753,0.3255482614040375,1.4840985536575315,291.1514587402344,291.1499938964844,288.75,287.119873046875,291.15167236328125,297.1958312988281,291.1514892578125,1.0,0.721703052520752,1.0,1.0,0.324247658252716,1.0,-3.822045564651489,2.735849142074585,1.0861964225769043,1.875069499015808,0.0,0.0,0.0,237.31874084472656,275.0,-0.0660610795021057,-0.0,4736.09375,1.0,293.1499938964844,293.1499938964844,293.1499938964844,293.1499938964844,293.1499938964844,293.1499938964844,278.1499938964844,0.0,18000.0,313.1499938964844,0.0,18000.0,0.0,0.0,0.0,0.0,0.0,0.0,0.0,0.0,0.0,0.0,-0.0,-0.0,0.0,0.0,0.0,0.0,0.0,-0.0,0.0,0.0,0.0,0.0,0.0,0.0,0.0,0.0,0.0,4.0,0.0,0.0
11894220,297.166748046875,297.1499938964844,293.1499938964844,0.0,-0.0,291.15118408203125,0.7759189605712891,0.3742599189281463,0.3413411974906921,297.19976806640625,297.1499938964844,293.1499938964844,0.0,-0.0,291.1511535644531,0.8813398480415344,0.5557746887207031,0.5296444296836853,297.2340393066406,297.1499938964844,293.1499938964844,0.0,-0.0,291.1511535644531,0.8444950580596924,0.487373799085617,0.3437739014625549,297.2066955566406,297.1499938964844,293.1499938964844,0.0,-0.0,291.1511535644531,0.8568665981292725,0.5101839303970337,0.4869056642055511,297.1861877441406,297.1499938964844,293.1499938964844,0.0,-0.0,291.15118408203125,0.7422091960906982,0.3258352279663086,1.48866868019104,291.1511535644531,291.1499938964844,288.75,287.119873046875,291.1513061523437,297.1933288574219,291.15118408203125,1.0,0.7313875555992126,1.0,1.0,0.3241836726665497,1.0,-3.832038640975952,2.742861032485962,1.089177489280701,1.8799329996109009,0.0,0.0,0.0,255.1723480224609,278.0,-0.3247736692428589,-0.0,4882.240234375,1.0,293.1499938964844,293.1499938964844,293.1499938964844,293.1499938964844,293.1499938964844,293.1499938964844,278.1499938964844,0.0,18000.0,313.1499938964844,0.0,18000.0,0.0,0.0,0.0,0.0,0.0,0.0,0.0,0.0,0.0,0.0,-0.0,-0.0,0.0,0.0,0.0,0.0,0.0,-0.0,0.0,0.0,0.0,0.0,0.0,0.0,0.0,0.0,0.0,4.0,0.0,0.0
11894280,297.166748046875,297.1499938964844,293.1499938964844,0.0,-0.0,291.15118408203125,0.7759189605712891,0.3742599189281463,0.3413411974906921,297.19976806640625,297.1499938964844,293.1499938964844,0.0,-0.0,291.1511535644531,0.8813398480415344,0.5557746887207031,0.5296444296836853,297.2340393066406,297.1499938964844,293.1499938964844,0.0,-0.0,291.1511535644531,0.8444950580596924,0.487373799085617,0.3437739014625549,297.2066955566406,297.1499938964844,293.1499938964844,0.0,-0.0,291.1511535644531,0.8568665981292725,0.5101839303970337,0.4869056642055511,297.1861877441406,297.1499938964844,293.1499938964844,0.0,-0.0,291.15118408203125,0.7422091960906982,0.3258352279663086,1.48866868019104,291.1511535644531,291.1499938964844,288.75,287.119873046875,291.1513061523437,297.1933288574219,291.15118408203125,1.0,0.7313875555992126,1.0,1.0,0.3241836726665497,1.0,-3.832038640975952,2.742861032485962,1.089177489280701,1.8799329996109009,0.0,0.0,0.0,255.1723480224609,278.0,-0.3247736692428589,-0.0,4882.240234375,1.0,293.1499938964844,293.1499938964844,293.1499938964844,293.1499938964844,293.1499938964844,293.1499938964844,278.1499938964844,0.0,18000.0,313.1499938964844,0.0,18000.0,0.0,0.0,0.0,0.0,0.0,0.0,0.0,0.0,0.0,0.0,-0.0,-0.0,0.0,0.0,0.0,0.0,0.0,-0.0,0.0,0.0,0.0,0.0,0.0,0.0,0.0,0.0,0.0,4.0,0.0,0.0
11894340,297.1636657714844,297.1499938964844,293.1499938964844,0.0,-0.0,291.1507568359375,0.7678198218345642,0.3741597235202789,0.34164959192276,297.1961975097656,297.1499938964844,293.1499938964844,0.0,-0.0,291.1507568359375,0.8721985816955566,0.5560431480407715,0.5303182005882263,297.2304992675781,297.1499938964844,293.1499938964844,0.0,-0.0,291.1507568359375,0.8366190195083618,0.4880798459053039,0.3445751965045929,297.203369140625,297.1499938964844,293.1499938964844,0.0,-0.0,291.1507568359375,0.8484563827514648,0.5105654001235962,0.487684965133667,297.1841735839844,297.1499938964844,293.1499938964844,0.0,-0.0,291.1507568359375,0.735323965549469,0.3260873854160309,1.4917829036712646,291.1507568359375,291.1499938964844,288.75,287.119873046875,291.150634765625,297.1907653808594,291.1507568359375,1.0,0.7369939684867859,1.0,1.0,0.3241197168827057,1.0,-3.838876247406006,2.7477214336395264,1.09115469455719,1.883394718170166,0.0,0.0,0.0,266.01788330078125,266.0,-0.600069522857666,-0.0,4973.67333984375,1.0,293.1499938964844,293.1499938964844,293.1499938964844,293.1499938964844,293.1499938964844,293.1499938964844,278.1499938964844,0.0,18000.0,313.1499938964844,0.0,18000.0,0.0,0.0,0.0,0.0,0.0,0.0,0.0,0.0,0.0,0.0,-0.0,-0.0,0.0,0.0,0.0,0.0,0.0,-0.0,0.0,0.0,0.0,0.0,0.0,0.0,0.0,0.0,0.0,4.0,0.0,0.0
11894400,297.1636657714844,297.1499938964844,293.1499938964844,0.0,-0.0,291.1507568359375,0.7678198218345642,0.3741597235202789,0.34164959192276,297.1961975097656,297.1499938964844,293.1499938964844,0.0,-0.0,291.1507568359375,0.8721985816955566,0.5560431480407715,0.5303182005882263,297.2304992675781,297.1499938964844,293.1499938964844,0.0,-0.0,291.1507568359375,0.8366190195083618,0.4880798459053039,0.3445751965045929,297.203369140625,297.1499938964844,293.1499938964844,0.0,-0.0,291.1507568359375,0.8484563827514648,0.5105654001235962,0.487684965133667,297.1841735839844,297.1499938964844,293.1499938964844,0.0,-0.0,291.1507568359375,0.735323965549469,0.3260873854160309,1.4917829036712646,291.1507568359375,291.1499938964844,288.75,287.119873046875,291.150634765625,297.1907653808594,291.1507568359375,1.0,0.7369939684867859,1.0,1.0,0.3241197168827057,1.0,-3.838876247406006,2.7477214336395264,1.09115469455719,1.883394718170166,0.0,0.0,0.0,266.01788330078125,266.0,-0.600069522857666,-0.0,4973.67333984375,1.0,293.1499938964844,293.1499938964844,293.1499938964844,293.1499938964844,293.1499938964844,293.1499938964844,278.1499938964844,0.0,18000.0,313.1499938964844,0.0,18000.0,0.0,0.0,0.0,0.0,0.0,0.0,0.0,0.0,0.0,0.0,-0.0,-0.0,0.0,0.0,0.0,0.0,0.0,-0.0,0.0,0.0,0.0,0.0,0.0,0.0,0.0,0.0,0.0,4.0,0.0,0.0
11894460,297.1610412597656,297.1499938964844,293.1499938964844,0.0,-0.0,291.1502380371094,0.7680375576019287,0.3740675449371338,0.3415471017360687,297.1929016113281,297.1499938964844,293.1499938964844,0.0,-0.0,291.15020751953125,0.8726576566696167,0.5562930107116699,0.530538022518158,297.2272644042969,297.1499938964844,293.1499938964844,0.0,-0.0,291.15020751953125,0.8372746109962463,0.4887695610523224,0.3450418710708618,297.2003173828125,297.1499938964844,293.1499938964844,0.0,-0.0,291.15020751953125,0.8489525318145752,0.5109317302703857,0.488013356924057,297.1824035644531,297.1499938964844,293.1499938964844,0.0,-0.0,291.1502380371094,0.7357439398765564,0.3263415992259979,1.4928253889083862,291.15020751953125,291.1499938964844,288.75,287.119873046875,291.1499328613281,297.1884765625,291.15020751953125,1.0,0.7367674112319946,1.0,1.0,0.3240834474563598,1.0,-3.841235637664795,2.749440193176269,1.0917953252792358,1.8847153186798096,0.0,0.0,0.0,265.7589111328125,254.0,-0.7711328268051147,-0.0,4979.0244140625,1.0,293.1499938964844,293.1499938964844,293.1499938964844,293.1499938964844,293.1499938964844,293.1499938964844,278.1499938964844,0.0,18000.0,313.1499938964844,0.0,18000.0,0.0,0.0,0.0,0.0,0.0,0.0,0.0,0.0,0.0,0.0,-0.0,-0.0,0.0,0.0,0.0,0.0,0.0,-0.0,0.0,0.0,0.0,0.0,0.0,0.0,0.0,0.0,0.0,4.0,0.0,0.0
11894520,297.1610412597656,297.1499938964844,293.1499938964844,0.0,-0.0,291.1502380371094,0.7680375576019287,0.3740675449371338,0.3415471017360687,297.1929016113281,297.1499938964844,293.1499938964844,0.0,-0.0,291.15020751953125,0.8726576566696167,0.5562930107116699,0.530538022518158,297.2272644042969,297.1499938964844,293.1499938964844,0.0,-0.0,291.15020751953125,0.8372746109962463,0.4887695610523224,0.3450418710708618,297.2003173828125,297.1499938964844,293.1499938964844,0.0,-0.0,291.15020751953125,0.8489525318145752,0.5109317302703857,0.488013356924057,297.1824035644531,297.1499938964844,293.1499938964844,0.0,-0.0,291.1502380371094,0.7357439398765564,0.3263415992259979,1.4928253889083862,291.15020751953125,291.1499938964844,288.75,287.119873046875,291.1499328613281,297.1884765625,291.15020751953125,1.0,0.7367674112319946,1.0,1.0,0.3240834474563598,1.0,-3.841235637664795,2.749440193176269,1.0917953252792358,1.8847153186798096,0.0,0.0,0.0,265.7589111328125,254.0,-0.7711328268051147,-0.0,4979.0244140625,1.0,293.1499938964844,293.1499938964844,293.1499938964844,293.1499938964844,293.1499938964844,293.1499938964844,278.1499938964844,0.0,18000.0,313.1499938964844,0.0,18000.0,0.0,0.0,0.0,0.0,0.0,0.0,0.0,0.0,0.0,0.0,-0.0,-0.0,0.0,0.0,0.0,0.0,0.0,-0.0,0.0,0.0,0.0,0.0,0.0,0.0,0.0,0.0,0.0,4.0,0.0,0.0
11894580,297.1591796875,297.1499938964844,293.1499938964844,0.0,-0.0,291.1495666503906,0.772594153881073,0.3740182816982269,0.3412646055221557,297.19012451171875,297.1499938964844,293.1499938964844,0.0,-0.0,291.1495666503906,0.8781139254570007,0.5565534234046936,0.5305382013320923,297.2245483398437,297.1499938964844,293.1499938964844,0.0,-0.0,291.1495666503906,0.84238201379776,0.4894730448722839,0.3453488051891327,297.1977844238281,297.1499938964844,293.1499938964844,0.0,-0.0,291.1495666503906,0.8540862798690796,0.5113129615783691,0.4881258606910705,297.1812744140625,297.1499938964844,293.1499938964844,0.0,-0.0,291.1495666503906,0.7399850487709045,0.3266369104385376,1.49294912815094,291.1495666503906,291.1499938964844,288.75,287.119873046875,291.1492004394531,297.1867980957031,291.1495361328125,1.0,0.7338518500328064,1.0,1.0,0.324047178030014,1.0,-3.841551303863525,2.74977445602417,1.091776728630066,1.8850407600402832,0.0,0.0,0.0,259.67901611328125,242.0,-0.8810511231422424,-0.0,4940.052734375,1.0,293.1499938964844,293.1499938964844,293.1499938964844,293.1499938964844,293.1499938964844,293.1499938964844,278.1499938964844,0.0,18000.0,313.1499938964844,0.0,18000.0,0.0,0.0,0.0,0.0,0.0,0.0,0.0,0.0,0.0,0.0,-0.0,-0.0,0.0,0.0,0.0,0.0,0.0,-0.0,0.0,0.0,0.0,0.0,0.0,0.0,0.0,0.0,0.0,4.0,0.0,0.0
11894640,297.1591796875,297.1499938964844,293.1499938964844,0.0,-0.0,291.1495666503906,0.772594153881073,0.3740182816982269,0.3412646055221557,297.19012451171875,297.1499938964844,293.1499938964844,0.0,-0.0,291.1495666503906,0.8781139254570007,0.5565534234046936,0.5305382013320923,297.2245483398437,297.1499938964844,293.1499938964844,0.0,-0.0,291.1495666503906,0.84238201379776,0.4894730448722839,0.3453488051891327,297.1977844238281,297.1499938964844,293.1499938964844,0.0,-0.0,291.1495666503906,0.8540862798690796,0.5113129615783691,0.4881258606910705,297.1812744140625,297.1499938964844,293.1499938964844,0.0,-0.0,291.1495666503906,0.7399850487709045,0.3266369104385376,1.49294912815094,291.1495666503906,291.1499938964844,288.75,287.119873046875,291.1492004394531,297.1867980957031,291.1495361328125,1.0,0.7338518500328064,1.0,1.0,0.324047178030014,1.0,-3.841551303863525,2.74977445602417,1.091776728630066,1.8850407600402832,0.0,0.0,0.0,259.67901611328125,242.0,-0.8810511231422424,-0.0,4940.052734375,1.0,293.1499938964844,293.1499938964844,293.1499938964844,293.1499938964844,293.1499938964844,293.1499938964844,278.1499938964844,0.0,18000.0,313.1499938964844,0.0,18000.0,0.0,0.0,0.0,0.0,0.0,0.0,0.0,0.0,0.0,0.0,-0.0,-0.0,0.0,0.0,0.0,0.0,0.0,-0.0,0.0,0.0,0.0,0.0,0.0,0.0,0.0,0.0,0.0,4.0,0.0,0.0
11894700,297.15850830078125,297.1499938964844,293.1499938964844,0.0,-0.0,291.1492614746094,0.7759276032447815,0.3740080893039703,0.3410924077033996,297.1889038085937,297.1499938964844,293.1499938964844,0.0,-0.0,291.1492614746094,0.8820511102676392,0.5566874742507935,0.5304951667785645,297.22332763671875,297.1499938964844,293.1499938964844,0.0,-0.0,291.1492614746094,0.8460255265235901,0.4898262321949005,0.3454698920249939,297.1967163085937,297.1499938964844,293.1499938964844,0.0,-0.0,291.1492614746094,0.8577919006347656,0.5115091800689697,0.4881406724452972,297.1809387207031,297.1499938964844,293.1499938964844,0.0,-0.0,291.1492614746094,0.7430433630943298,0.3268026411533355,1.4928667545318604,291.1492614746094,291.1499938964844,288.75,287.119873046875,291.1488952636719,297.1861877441406,291.14923095703125,1.0,0.7318063974380493,1.0,1.0,0.3240290582180023,1.0,-3.8413572311401367,2.7497034072875977,1.091653823852539,1.885035276412964,0.0,0.0,0.0,255.4267425537109,242.0,-0.8868338465690613,-0.0,4911.55810546875,1.0,293.1499938964844,293.1499938964844,293.1499938964844,293.1499938964844,293.1499938964844,293.1499938964844,278.1499938964844,0.0,18000.0,313.1499938964844,0.0,18000.0,0.0,0.0,0.0,0.0,0.0,0.0,0.0,0.0,0.0,0.0,-0.0,-0.0,0.0,0.0,0.0,0.0,0.0,-0.0,0.0,0.0,0.0,0.0,0.0,0.0,0.0,0.0,0.0,4.0,0.0,0.0
11894760,297.1579284667969,297.1499938964844,293.1499938964844,0.0,-0.0,291.1490478515625,0.7797966003417969,0.3740054368972778,0.3409094512462616,297.1877746582031,297.1499938964844,293.1499938964844,0.0,-0.0,291.1490478515625,0.8865985870361328,0.5568229556083679,0.5304348468780518,297.2221984863281,297.1499938964844,293.1499938964844,0.0,-0.0,291.1490478515625,0.8502341508865356,0.4901773929595947,0.3455760180950165,297.1957092285156,297.1499938964844,293.1499938964844,0.0,-0.0,291.1490478515625,0.8620868921279907,0.5117080211639404,0.488139271736145,297.1807556152344,297.1499938964844,293.1499938964844,0.0,-0.0,291.1490478515625,0.7465910315513611,0.3269800543785095,1.4927464723587036,291.1490478515625,291.1499938964844,288.75,287.119873046875,291.1488037109375,297.1856994628906,291.1490478515625,1.0,0.7295223474502563,1.0,1.0,0.3240401744842529,1.0,-3.841046094894409,2.7494561672210693,1.0915899276733398,1.8848764896392824,0.0,0.0,0.0,250.6827087402344,230.0,-0.7132472991943359,-0.0,4879.49072265625,1.0,293.1499938964844,293.1499938964844,293.1499938964844,293.1499938964844,293.1499938964844,293.1499938964844,278.1499938964844,0.0,18000.0,313.1499938964844,0.0,18000.0,0.0,0.0,0.0,0.0,0.0,0.0,0.0,0.0,0.0,0.0,-0.0,-0.0,0.0,0.0,0.0,0.0,0.0,-0.0,0.0,0.0,0.0,0.0,0.0,0.0,0.0,0.0,0.0,4.0,0.0,0.0
11894820,297.1571655273437,297.1499938964844,293.1499938964844,0.0,-0.0,291.1488952636719,0.7873386740684509,0.374015063047409,0.3405881524085998,297.1860656738281,297.1499938964844,293.1499938964844,0.0,-0.0,291.1488952636719,0.8954182863235474,0.557052493095398,0.5303067564964294,297.2203674316406,297.1499938964844,293.1499938964844,0.0,-0.0,291.1488952636719,0.8584456443786621,0.4907628297805786,0.3457297384738922,297.1942443847656,297.1499938964844,293.1499938964844,0.0,-0.0,291.1488952636719,0.8704777359962463,0.5120465159416199,0.488112598657608,297.18072509765625,297.1499938964844,293.1499938964844,0.0,-0.0,291.1488952636719,0.7535463571548462,0.327302873134613,1.4925209283828735,291.1488952636719,291.1499938964844,288.75,287.119873046875,291.14874267578125,297.1851501464844,291.1488952636719,1.0,0.7253224849700928,1.0,1.0,0.3240589201450348,1.0,-3.840386867523194,2.7489376068115234,1.0914491415023804,1.8845304250717163,0.0,0.0,0.0,241.9683380126953,230.0,-0.4105312824249267,-0.0,4820.3408203125,1.0,293.1499938964844,293.1499938964844,293.1499938964844,293.1499938964844,293.1499938964844,293.1499938964844,278.1499938964844,0.0,18000.0,313.1499938964844,0.0,18000.0,0.0,0.0,0.0,0.0,0.0,0.0,0.0,0.0,0.0,0.0,-0.0,-0.0,0.0,0.0,0.0,0.0,0.0,-0.0,0.0,0.0,0.0,0.0,0.0,0.0,0.0,0.0,0.0,4.0,0.0,0.0
11894880,297.1570739746094,297.1499938964844,293.1499938964844,0.0,-0.0,291.1488647460937,0.7889067530632019,0.3740183115005493,0.3405258357524872,297.1857604980469,297.1499938964844,293.1499938964844,0.0,-0.0,291.1488647460937,0.897246241569519,0.5570961236953735,0.5302796363830566,297.22003173828125,297.1499938964844,293.1499938964844,0.0,-0.0,291.1488647460937,0.8601596355438232,0.4908735454082489,0.345756471157074,297.1940002441406,297.1499938964844,293.1499938964844,0.0,-0.0,291.1488647460937,0.8722280859947205,0.512111246585846,0.4881051480770111,297.1807556152344,297.1499938964844,293.1499938964844,0.0,-0.0,291.1488647460937,0.7550029158592224,0.3273673951625824,1.4924790859222412,291.1488647460937,291.1499938964844,288.75,287.119873046875,291.14874267578125,297.18505859375,291.1488647460937,1.0,0.7244874835014343,1.0,1.0,0.3240624666213989,1.0,-3.840252161026001,2.7488327026367188,1.091419339179993,1.8844597339630127,0.0,0.0,0.0,240.2373962402344,218.0,-0.3646246790885925,-0.0,4808.5830078125,1.0,293.1499938964844,293.1499938964844,293.1499938964844,293.1499938964844,293.1499938964844,293.1499938964844,278.1499938964844,0.0,18000.0,313.1499938964844,0.0,18000.0,0.0,0.0,0.0,0.0,0.0,0.0,0.0,0.0,0.0,0.0,-0.0,-0.0,0.0,0.0,0.0,0.0,0.0,-0.0,0.0,0.0,0.0,0.0,0.0,0.0,0.0,0.0,0.0,4.0,0.0,0.0
11894940,297.1564636230469,297.1499938964844,293.1499938964844,0.0,-0.0,291.1488342285156,0.799642026424408,0.3740469813346863,0.3401306867599487,297.1839599609375,297.1499938964844,293.1499938964844,0.0,-0.0,291.1488342285156,0.910011351108551,0.5573663115501404,0.5300940275192261,297.2180480957031,297.1499938964844,293.1499938964844,0.0,-0.0,291.1488342285156,0.8719909191131592,0.4915578961372375,0.3459078669548034,297.1925048828125,297.1499938964844,293.1499938964844,0.0,-0.0,291.1488342285156,0.8842800855636597,0.5125158429145813,0.4880446493625641,297.1810913085937,297.1499938964844,293.1499938964844,0.0,-0.0,291.1488342285156,0.7650995850563049,0.3277913331985473,1.4922449588775637,291.1488342285156,291.1499938964844,288.75,287.119873046875,291.1487731933594,297.1847839355469,291.1488342285156,1.0,0.7190801501274109,1.0,1.0,0.3240847587585449,1.0,-3.839380979537964,2.7481582164764404,1.0912227630615234,1.8840001821517944,0.0,0.0,0.0,229.042709350586,206.0,-0.1393381059169769,-0.0,4732.56201171875,1.0,293.1499938964844,293.1499938964844,293.1499938964844,293.1499938964844,293.1499938964844,293.1499938964844,278.1499938964844,0.0,18000.0,313.1499938964844,0.0,18000.0,0.0,0.0,0.0,0.0,0.0,0.0,0.0,0.0,0.0,0.0,-0.0,-0.0,0.0,0.0,0.0,0.0,0.0,-0.0,0.0,0.0,0.0,0.0,0.0,0.0,0.0,0.0,0.0,4.0,0.0,0.0
11895000,297.1564636230469,297.1499938964844,293.1499938964844,0.0,-0.0,291.1488342285156,0.799642026424408,0.3740469813346863,0.3401306867599487,297.1839599609375,297.1499938964844,293.1499938964844,0.0,-0.0,291.1488342285156,0.910011351108551,0.5573663115501404,0.5300940275192261,297.2180480957031,297.1499938964844,293.1499938964844,0.0,-0.0,291.1488342285156,0.8719909191131592,0.4915578961372375,0.3459078669548034,297.1925048828125,297.1499938964844,293.1499938964844,0.0,-0.0,291.1488342285156,0.8842800855636597,0.5125158429145813,0.4880446493625641,297.1810913085937,297.1499938964844,293.1499938964844,0.0,-0.0,291.1488342285156,0.7650995850563049,0.3277913331985473,1.4922449588775637,291.1488342285156,291.1499938964844,288.75,287.119873046875,291.1487731933594,297.1847839355469,291.1488342285156,1.0,0.7190801501274109,1.0,1.0,0.3240847587585449,1.0,-3.839380979537964,2.7481582164764404,1.0912227630615234,1.8840001821517944,0.0,0.0,0.0,229.042709350586,206.0,-0.1393381059169769,-0.0,4732.56201171875,1.0,293.1499938964844,293.1499938964844,293.1499938964844,293.1499938964844,293.1499938964844,293.1499938964844,278.1499938964844,0.0,18000.0,313.1499938964844,0.0,18000.0,0.0,0.0,0.0,0.0,0.0,0.0,0.0,0.0,0.0,0.0,-0.0,-0.0,0.0,0.0,0.0,0.0,0.0,-0.0,0.0,0.0,0.0,0.0,0.0,0.0,0.0,0.0,0.0,4.0,0.0,0.0
11895060,297.1560363769531,297.1499938964844,293.1499938964844,0.0,-0.0,291.1490173339844,0.8117480874061584,0.3740840256214142,0.3397302329540252,297.18231201171875,297.1499938964844,293.1499938964844,0.0,-0.0,291.1490173339844,0.9259347915649414,0.5576282143592834,0.5298866629600525,297.21612548828125,297.1499938964844,293.1499938964844,0.0,-0.0,291.1490173339844,0.8857473134994507,0.4922262728214264,0.3460377752780914,297.1911315917969,297.1499938964844,293.1499938964844,0.0,-0.0,291.1490173339844,0.8982011675834656,0.5129163265228271,0.4879664182662964,297.1816711425781,297.1499938964844,293.1499938964844,0.0,-0.0,291.1490173339844,0.7769283056259155,0.3282448053359985,1.4920791387557983,291.1490173339844,291.1499938964844,288.75,287.119873046875,291.1490783691406,297.18475341796875,291.1490173339844,1.0,0.7134726643562317,1.0,1.0,0.3241336047649383,1.0,-3.8385121822357178,2.7473952770233154,1.0911167860031128,1.8834452629089355,0.0,0.0,0.0,217.46697998046875,194.0,0.156038299202919,-0.0,4654.08251953125,1.0,293.1499938964844,293.1499938964844,293.1499938964844,293.1499938964844,293.1499938964844,293.1499938964844,278.1499938964844,0.0,18000.0,313.1499938964844,0.0,18000.0,0.0,0.0,0.0,0.0,0.0,0.0,0.0,0.0,0.0,0.0,-0.0,-0.0,0.0,0.0,0.0,0.0,0.0,-0.0,0.0,0.0,0.0,0.0,0.0,0.0,0.0,0.0,0.0,4.0,0.0,0.0
11895120,297.1560363769531,297.1499938964844,293.1499938964844,0.0,-0.0,291.1490173339844,0.8117480874061584,0.3740840256214142,0.3397302329540252,297.18231201171875,297.1499938964844,293.1499938964844,0.0,-0.0,291.1490173339844,0.9259347915649414,0.5576282143592834,0.5298866629600525,297.21612548828125,297.1499938964844,293.1499938964844,0.0,-0.0,291.1490173339844,0.8857473134994507,0.4922262728214264,0.3460377752780914,297.1911315917969,297.1499938964844,293.1499938964844,0.0,-0.0,291.1490173339844,0.8982011675834656,0.5129163265228271,0.4879664182662964,297.1816711425781,297.1499938964844,293.1499938964844,0.0,-0.0,291.1490173339844,0.7769283056259155,0.3282448053359985,1.4920791387557983,291.1490173339844,291.1499938964844,288.75,287.119873046875,291.1490783691406,297.18475341796875,291.1490173339844,1.0,0.7134726643562317,1.0,1.0,0.3241336047649383,1.0,-3.8385121822357178,2.7473952770233154,1.0911167860031128,1.8834452629089355,0.0,0.0,0.0,217.46697998046875,194.0,0.156038299202919,-0.0,4654.08251953125,1.0,293.1499938964844,293.1499938964844,293.1499938964844,293.1499938964844,293.1499938964844,293.1499938964844,278.1499938964844,0.0,18000.0,313.1499938964844,0.0,18000.0,0.0,0.0,0.0,0.0,0.0,0.0,0.0,0.0,0.0,0.0,-0.0,-0.0,0.0,0.0,0.0,0.0,0.0,-0.0,0.0,0.0,0.0,0.0,0.0,0.0,0.0,0.0,0.0,4.0,0.0,0.0
11895180,297.1556701660156,297.1499938964844,293.1499938964844,0.0,-0.0,291.1493225097656,0.8246781229972839,0.3741247355937958,0.3393269181251526,297.1807556152344,297.1499938964844,293.1499938964844,0.0,-0.0,291.1493225097656,0.9442422389984132,0.5578784942626953,0.5296616554260254,297.2142944335937,297.1499938964844,293.1499938964844,0.0,-0.0,291.1493225097656,0.901541829109192,0.4928755462169647,0.3461494147777557,297.1898803710937,297.1499938964844,293.1499938964844,0.0,-0.0,291.1493225097656,0.9147636294364928,0.513309121131897,0.4878742396831512,297.18243408203125,297.1499938964844,293.1499938964844,0.0,-0.0,291.1493225097656,0.7906203866004944,0.3287221491336822,1.4919906854629517,291.1493225097656,291.1499938964844,288.75,287.119873046875,291.1494445800781,297.1849060058594,291.1493225097656,1.0,0.7077546715736389,1.0,1.0,0.3241824507713318,1.0,-3.837672710418701,2.746650457382202,1.0910223722457886,1.882895827293396,0.0,0.0,0.0,205.7035217285156,182.0,0.3445273637771606,-0.0,4574.4921875,1.0,293.1499938964844,293.1499938964844,293.1499938964844,293.1499938964844,293.1499938964844,293.1499938964844,278.1499938964844,0.0,18000.0,313.1499938964844,0.0,18000.0,0.0,0.0,0.0,0.0,0.0,0.0,0.0,0.0,0.0,0.0,-0.0,-0.0,0.0,0.0,0.0,0.0,0.0,-0.0,0.0,0.0,0.0,0.0,0.0,0.0,0.0,0.0,0.0,4.0,0.0,0.0
11895240,297.1556701660156,297.1499938964844,293.1499938964844,0.0,-0.0,291.1493225097656,0.8246781229972839,0.3741247355937958,0.3393269181251526,297.1807556152344,297.1499938964844,293.1499938964844,0.0,-0.0,291.1493225097656,0.9442422389984132,0.5578784942626953,0.5296616554260254,297.2142944335937,297.1499938964844,293.1499938964844,0.0,-0.0,291.1493225097656,0.901541829109192,0.4928755462169647,0.3461494147777557,297.1898803710937,297.1499938964844,293.1499938964844,0.0,-0.0,291.1493225097656,0.9147636294364928,0.513309121131897,0.4878742396831512,297.18243408203125,297.1499938964844,293.1499938964844,0.0,-0.0,291.1493225097656,0.7906203866004944,0.3287221491336822,1.4919906854629517,291.1493225097656,291.1499938964844,288.75,287.119873046875,291.1494445800781,297.1849060058594,291.1493225097656,1.0,0.7077546715736389,1.0,1.0,0.3241824507713318,1.0,-3.837672710418701,2.746650457382202,1.0910223722457886,1.882895827293396,0.0,0.0,0.0,205.7035217285156,182.0,0.3445273637771606,-0.0,4574.4921875,1.0,293.1499938964844,293.1499938964844,293.1499938964844,293.1499938964844,293.1499938964844,293.1499938964844,278.1499938964844,0.0,18000.0,313.1499938964844,0.0,18000.0,0.0,0.0,0.0,0.0,0.0,0.0,0.0,0.0,0.0,0.0,-0.0,-0.0,0.0,0.0,0.0,0.0,0.0,-0.0,0.0,0.0,0.0,0.0,0.0,0.0,0.0,0.0,0.0,4.0,0.0,0.0
11895300,297.155517578125,297.1499938964844,293.1499938964844,0.0,-0.0,291.14947509765625,0.8317020535469055,0.3741452991962433,0.3391242027282715,297.17999267578125,297.1499938964844,293.1499938964844,0.0,-0.0,291.14947509765625,0.953953504562378,0.5579981803894043,0.5295426845550537,297.21337890625,297.1499938964844,293.1499938964844,0.0,-0.0,291.14947509765625,0.9105961918830872,0.4931919276714325,0.3461984992027282,297.18927001953125,297.1499938964844,293.1499938964844,0.0,-0.0,291.14947509765625,0.9246218204498292,0.5135014653205872,0.4878230690956116,297.1828308105469,297.1499938964844,293.1499938964844,0.0,-0.0,291.14947509765625,0.798222541809082,0.3289684057235718,1.491974711418152,291.14947509765625,291.1499938964844,288.75,287.119873046875,291.1496276855469,297.18505859375,291.1495056152344,1.0,0.7048680782318115,1.0,1.0,0.3242068588733673,1.0,-3.837264060974121,2.7462856769561768,1.0909783840179443,1.882624626159668,0.0,0.0,0.0,199.7819061279297,182.0,0.4066179990768432,-0.0,4534.47998046875,1.0,293.1499938964844,293.1499938964844,293.1499938964844,293.1499938964844,293.1499938964844,293.1499938964844,278.1499938964844,0.0,18000.0,313.1499938964844,0.0,18000.0,0.0,0.0,0.0,0.0,0.0,0.0,0.0,0.0,0.0,0.0,-0.0,-0.0,0.0,0.0,0.0,0.0,0.0,-0.0,0.0,0.0,0.0,0.0,0.0,0.0,0.0,0.0,0.0,4.0,0.0,0.0
11895360,297.1553649902344,297.1499938964844,293.1499938964844,0.0,-0.0,291.1496276855469,0.8392797112464905,0.3741653859615326,0.3389208018779754,297.1792297363281,297.1499938964844,293.1499938964844,0.0,-0.0,291.1496276855469,0.9638479351997375,0.5581140518188477,0.5294198393821716,297.21246337890625,297.1499938964844,293.1499938964844,0.0,-0.0,291.1496276855469,0.920966386795044,0.4935028254985809,0.3462435305118561,297.18865966796875,297.1499938964844,293.1499938964844,0.0,-0.0,291.1496276855469,0.935292899608612,0.5136908888816833,0.4877687990665436,297.1832580566406,297.1499938964844,293.1499938964844,0.0,-0.0,291.1496276855469,0.8063547015190125,0.3292185366153717,1.4919745922088623,291.1496276855469,291.1499938964844,288.75,287.119873046875,291.1497497558594,297.1851806640625,291.1496276855469,1.0,0.7019686698913574,1.0,1.0,0.3242192566394806,1.0,-3.836860179901123,2.7459640502929688,1.0908960103988647,1.8823944330215447,0.0,0.0,0.0,193.8467559814453,170.0,0.39357390999794,-0.0,4494.40185546875,1.0,293.1499938964844,293.1499938964844,293.1499938964844,293.1499938964844,293.1499938964844,293.1499938964844,278.1499938964844,0.0,18000.0,313.1499938964844,0.0,18000.0,0.0,0.0,0.0,0.0,0.0,0.0,0.0,0.0,0.0,0.0,-0.0,-0.0,0.0,0.0,0.0,0.0,0.0,-0.0,0.0,0.0,0.0,0.0,0.0,0.0,0.0,0.0,0.0,4.0,0.0,0.0
11895420,297.1550598144531,297.1499938964844,293.1499938964844,0.0,-0.0,291.1498718261719,0.8566890954971313,0.37420254945755,0.3385105431079864,297.1777648925781,297.1499938964844,293.1499938964844,0.0,-0.0,291.1498718261719,0.983646810054779,0.558332085609436,0.5291603207588196,297.21063232421875,297.1499938964844,293.1499938964844,0.0,-0.0,291.1498718261719,0.9445550441741944,0.4941048920154571,0.3463193476200104,297.1875,297.1499938964844,293.1499938964844,0.0,-0.0,291.1498718261719,0.9582036137580872,0.5140588879585266,0.487649142742157,297.18414306640625,297.1499938964844,293.1499938964844,0.0,-0.0,291.1498718261719,0.8234460949897766,0.3297297656536102,1.492020845413208,291.1498718261719,291.1499938964844,288.75,287.119873046875,291.1499938964844,297.185546875,291.1498718261719,1.0,0.6961352229118347,1.0,1.0,0.3242440223693847,1.0,-3.836057186126709,2.745330333709717,1.0907269716262815,1.8819403648376465,0.0,0.0,0.0,181.94581604003903,173.0,0.3557505905628204,-0.0,4414.083984375,1.0,293.1499938964844,293.1499938964844,293.1499938964844,293.1499938964844,293.1499938964844,293.1499938964844,278.1499938964844,0.0,18000.0,313.1499938964844,0.0,18000.0,0.0,0.0,0.0,0.0,0.0,0.0,0.0,0.0,0.0,0.0,-0.0,-0.0,0.0,0.0,0.0,0.0,0.0,-0.0,0.0,0.0,0.0,0.0,0.0,0.0,0.0,0.0,0.0,4.0,0.0,0.0
11895480,297.1550598144531,297.1499938964844,293.1499938964844,0.0,-0.0,291.1498718261719,0.8566890954971313,0.37420254945755,0.3385105431079864,297.1777648925781,297.1499938964844,293.1499938964844,0.0,-0.0,291.1498718261719,0.983646810054779,0.558332085609436,0.5291603207588196,297.21063232421875,297.1499938964844,293.1499938964844,0.0,-0.0,291.1498718261719,0.9445550441741944,0.4941048920154571,0.3463193476200104,297.1875,297.1499938964844,293.1499938964844,0.0,-0.0,291.1498718261719,0.9582036137580872,0.5140588879585266,0.487649142742157,297.18414306640625,297.1499938964844,293.1499938964844,0.0,-0.0,291.1498718261719,0.8234460949897766,0.3297297656536102,1.492020845413208,291.1498718261719,291.1499938964844,288.75,287.119873046875,291.1499938964844,297.185546875,291.1498718261719,1.0,0.6961352229118347,1.0,1.0,0.3242440223693847,1.0,-3.836057186126709,2.745330333709717,1.0907269716262815,1.8819403648376465,0.0,0.0,0.0,181.94581604003903,173.0,0.3557505905628204,-0.0,4414.083984375,1.0,293.1499938964844,293.1499938964844,293.1499938964844,293.1499938964844,293.1499938964844,293.1499938964844,278.1499938964844,0.0,18000.0,313.1499938964844,0.0,18000.0,0.0,0.0,0.0,0.0,0.0,0.0,0.0,0.0,0.0,0.0,-0.0,-0.0,0.0,0.0,0.0,0.0,0.0,-0.0,0.0,0.0,0.0,0.0,0.0,0.0,0.0,0.0,0.0,4.0,0.0,0.0
11895540,297.1546630859375,297.1499938964844,293.1499938964844,0.0,-0.0,291.150146484375,0.865081787109375,0.3742266297340393,0.3383516073226928,297.1762390136719,297.1499938964844,293.1499938964844,0.0,-0.0,291.150146484375,0.9917588233947754,0.5585311055183411,0.5291573405265808,297.2087097167969,297.1499938964844,293.1499938964844,0.0,-0.0,291.150146484375,0.955318808555603,0.4946785569190979,0.3465789258480072,297.186279296875,297.1499938964844,293.1499938964844,0.0,-0.0,291.150146484375,0.9681738615036012,0.5144109725952148,0.4877890348434448,297.1849670410156,297.1499938964844,293.1499938964844,0.0,-0.0,291.1501159667969,0.8314017057418823,0.3302478790283203,1.4934037923812866,291.150146484375,291.1499938964844,288.75,287.119873046875,291.150390625,297.1858825683594,291.150146484375,1.0,0.6943818926811218,1.0,1.0,0.3242688179016113,1.0,-3.83800196647644,2.746575117111206,1.091426968574524,1.88268792629242,0.0,0.0,0.0,177.08349609375,191.0,0.4372793138027191,-0.0,4387.724609375,1.0,293.1499938964844,293.1499938964844,293.1499938964844,293.1499938964844,293.1499938964844,293.1499938964844,278.1499938964844,0.0,18000.0,313.1499938964844,0.0,18000.0,0.0,0.0,0.0,0.0,0.0,0.0,0.0,0.0,0.0,0.0,-0.0,-0.0,0.0,0.0,0.0,0.0,0.0,-0.0,0.0,0.0,0.0,0.0,0.0,0.0,0.0,0.0,0.0,4.0,0.0,0.0
11895600,297.1546630859375,297.1499938964844,293.1499938964844,0.0,-0.0,291.150146484375,0.865081787109375,0.3742266297340393,0.3383516073226928,297.1762390136719,297.1499938964844,293.1499938964844,0.0,-0.0,291.150146484375,0.9917588233947754,0.5585311055183411,0.5291573405265808,297.2087097167969,297.1499938964844,293.1499938964844,0.0,-0.0,291.150146484375,0.955318808555603,0.4946785569190979,0.3465789258480072,297.186279296875,297.1499938964844,293.1499938964844,0.0,-0.0,291.150146484375,0.9681738615036012,0.5144109725952148,0.4877890348434448,297.1849670410156,297.1499938964844,293.1499938964844,0.0,-0.0,291.1501159667969,0.8314017057418823,0.3302478790283203,1.4934037923812866,291.150146484375,291.1499938964844,288.75,287.119873046875,291.150390625,297.1858825683594,291.150146484375,1.0,0.6943818926811218,1.0,1.0,0.3242688179016113,1.0,-3.83800196647644,2.746575117111206,1.091426968574524,1.88268792629242,0.0,0.0,0.0,177.08349609375,191.0,0.4372793138027191,-0.0,4387.724609375,1.0,293.1499938964844,293.1499938964844,293.1499938964844,293.1499938964844,293.1499938964844,293.1499938964844,278.1499938964844,0.0,18000.0,313.1499938964844,0.0,18000.0,0.0,0.0,0.0,0.0,0.0,0.0,0.0,0.0,0.0,0.0,-0.0,-0.0,0.0,0.0,0.0,0.0,0.0,-0.0,0.0,0.0,0.0,0.0,0.0,0.0,0.0,0.0,0.0,4.0,0.0,0.0
11895660,297.1537780761719,297.1499938964844,293.1499938964844,0.0,-0.0,291.1504211425781,0.8553599715232849,0.3741955757141113,0.3385558724403381,297.1744384765625,297.1499938964844,293.1499938964844,0.0,-0.0,291.1504211425781,0.9824637770652772,0.5586812496185303,0.5295391082763672,297.2063903808594,297.1499938964844,293.1499938964844,0.0,-0.0,291.1504211425781,0.9436282515525818,0.4951873123645782,0.3471126556396484,297.18475341796875,297.1499938964844,293.1499938964844,0.0,-0.0,291.1504211425781,0.9570096135139464,0.514717161655426,0.4883165955543518,297.1854553222656,297.1499938964844,293.1499938964844,0.0,-0.0,291.1504211425781,0.8229997754096985,0.330740213394165,1.4967241287231443,291.1504211425781,291.1499938964844,288.75,287.119873046875,291.1508178710937,297.1858825683594,291.15045166015625,1.0,0.6985439658164978,1.0,1.0,0.3242658078670501,1.0,-3.843974351882935,2.750657796859741,1.093316674232483,1.885358810424805,0.0,0.0,0.0,183.17388916015625,209.0,0.4793737530708313,-0.0,4444.69873046875,1.0,293.1499938964844,293.1499938964844,293.1499938964844,293.1499938964844,293.1499938964844,293.1499938964844,278.1499938964844,0.0,18000.0,313.1499938964844,0.0,18000.0,0.0,0.0,0.0,0.0,0.0,0.0,0.0,0.0,0.0,0.0,-0.0,-0.0,0.0,0.0,0.0,0.0,0.0,-0.0,0.0,0.0,0.0,0.0,0.0,0.0,0.0,0.0,0.0,4.0,0.0,0.0
11895720,297.1537780761719,297.1499938964844,293.1499938964844,0.0,-0.0,291.1504211425781,0.8553599715232849,0.3741955757141113,0.3385558724403381,297.1744384765625,297.1499938964844,293.1499938964844,0.0,-0.0,291.1504211425781,0.9824637770652772,0.5586812496185303,0.5295391082763672,297.2063903808594,297.1499938964844,293.1499938964844,0.0,-0.0,291.1504211425781,0.9436282515525818,0.4951873123645782,0.3471126556396484,297.18475341796875,297.1499938964844,293.1499938964844,0.0,-0.0,291.1504211425781,0.9570096135139464,0.514717161655426,0.4883165955543518,297.1854553222656,297.1499938964844,293.1499938964844,0.0,-0.0,291.1504211425781,0.8229997754096985,0.330740213394165,1.4967241287231443,291.1504211425781,291.1499938964844,288.75,287.119873046875,291.1508178710937,297.1858825683594,291.15045166015625,1.0,0.6985439658164978,1.0,1.0,0.3242658078670501,1.0,-3.843974351882935,2.750657796859741,1.093316674232483,1.885358810424805,0.0,0.0,0.0,183.17388916015625,209.0,0.4793737530708313,-0.0,4444.69873046875,1.0,293.1499938964844,293.1499938964844,293.1499938964844,293.1499938964844,293.1499938964844,293.1499938964844,278.1499938964844,0.0,18000.0,313.1499938964844,0.0,18000.0,0.0,0.0,0.0,0.0,0.0,0.0,0.0,0.0,0.0,0.0,-0.0,-0.0,0.0,0.0,0.0,0.0,0.0,-0.0,0.0,0.0,0.0,0.0,0.0,0.0,0.0,0.0,0.0,4.0,0.0,0.0
11895780,297.1521301269531,297.1499938964844,293.1499938964844,0.0,-0.0,291.1507873535156,0.8385030627250671,0.3740760684013366,0.3389023244380951,297.172119140625,297.1499938964844,293.1499938964844,0.0,-0.0,291.1507873535156,0.9633090496063232,0.5587556958198547,0.5300824046134949,297.20343017578125,297.1499938964844,293.1499938964844,0.0,-0.0,291.1507873535156,0.92148756980896,0.4956020414829254,0.3477529883384704,297.1827087402344,297.1499938964844,293.1499938964844,0.0,-0.0,291.1507873535156,0.935164988040924,0.5149497985839844,0.4890079200267792,297.1852722167969,297.1499938964844,293.1499938964844,0.0,-0.0,291.1507873535156,0.8071898221969604,0.3311710655689239,1.5008842945098877,291.1507873535156,291.1499938964844,288.75,287.119873046875,291.1512145996094,297.1852722167969,291.1508178710937,1.0,0.7054526805877686,1.0,1.0,0.3242628276348114,1.0,-3.8516530990600586,2.755897521972656,1.095755696296692,1.8888633251190183,0.0,0.0,0.0,195.14944458007807,227.0,0.5037354230880737,-0.0,4545.4833984375,1.0,293.1499938964844,293.1499938964844,293.1499938964844,293.1499938964844,293.1499938964844,293.1499938964844,278.1499938964844,0.0,18000.0,313.1499938964844,0.0,18000.0,0.0,0.0,0.0,0.0,0.0,0.0,0.0,0.0,0.0,0.0,-0.0,-0.0,0.0,0.0,0.0,0.0,0.0,-0.0,0.0,0.0,0.0,0.0,0.0,0.0,0.0,0.0,0.0,4.0,0.0,0.0
11895840,297.1521301269531,297.1499938964844,293.1499938964844,0.0,-0.0,291.1507873535156,0.8385030627250671,0.3740760684013366,0.3389023244380951,297.172119140625,297.1499938964844,293.1499938964844,0.0,-0.0,291.1507873535156,0.9633090496063232,0.5587556958198547,0.5300824046134949,297.20343017578125,297.1499938964844,293.1499938964844,0.0,-0.0,291.1507873535156,0.92148756980896,0.4956020414829254,0.3477529883384704,297.1827087402344,297.1499938964844,293.1499938964844,0.0,-0.0,291.1507873535156,0.935164988040924,0.5149497985839844,0.4890079200267792,297.1852722167969,297.1499938964844,293.1499938964844,0.0,-0.0,291.1507873535156,0.8071898221969604,0.3311710655689239,1.5008842945098877,291.1507873535156,291.1499938964844,288.75,287.119873046875,291.1512145996094,297.1852722167969,291.1508178710937,1.0,0.7054526805877686,1.0,1.0,0.3242628276348114,1.0,-3.8516530990600586,2.755897521972656,1.095755696296692,1.8888633251190183,0.0,0.0,0.0,195.14944458007807,227.0,0.5037354230880737,-0.0,4545.4833984375,1.0,293.1499938964844,293.1499938964844,293.1499938964844,293.1499938964844,293.1499938964844,293.1499938964844,278.1499938964844,0.0,18000.0,313.1499938964844,0.0,18000.0,0.0,0.0,0.0,0.0,0.0,0.0,0.0,0.0,0.0,0.0,-0.0,-0.0,0.0,0.0,0.0,0.0,0.0,-0.0,0.0,0.0,0.0,0.0,0.0,0.0,0.0,0.0,0.0,4.0,0.0,0.0
11895900,297.15106201171875,297.1499938964844,293.1499938964844,0.0,-0.0,291.15093994140625,0.8295783996582031,0.3739847838878631,0.3390932083129883,297.1707763671875,297.1499938964844,293.1499938964844,0.0,-0.0,291.15093994140625,0.9516809582710266,0.5587648749351501,0.5303764343261719,297.2017517089844,297.1499938964844,293.1499938964844,0.0,-0.0,291.15093994140625,0.9096875786781312,0.495775043964386,0.3480851352214813,297.1814880371094,297.1499938964844,293.1499938964844,0.0,-0.0,291.15093994140625,0.9228418469429016,0.5150387287139893,0.4893765747547149,297.1849365234375,297.1499938964844,293.1499938964844,0.0,-0.0,291.15093994140625,0.7980273962020874,0.3313616812229156,1.503086805343628,291.15093994140625,291.1499938964844,288.75,287.119873046875,291.1513671875,297.18475341796875,291.1510009765625,1.0,0.7094936966896057,1.0,1.0,0.3242613077163696,1.0,-3.8557305335998535,2.758678674697876,1.0970518589019775,1.890730619430542,0.0,0.0,0.0,202.39634704589844,227.0,0.477621853351593,-0.0,4605.01171875,1.0,293.1499938964844,293.1499938964844,293.1499938964844,293.1499938964844,293.1499938964844,293.1499938964844,278.1499938964844,0.0,18000.0,313.1499938964844,0.0,18000.0,0.0,0.0,0.0,0.0,0.0,0.0,0.0,0.0,0.0,0.0,-0.0,-0.0,0.0,0.0,0.0,0.0,0.0,-0.0,0.0,0.0,0.0,0.0,0.0,0.0,0.0,0.0,0.0,4.0,0.0,0.0
11895960,297.1498718261719,297.1499938964844,293.1499938964844,0.0,-0.0,291.1510314941406,0.8207665681838989,0.3738749623298645,0.3392862379550934,297.1693725585937,297.1499938964844,293.1499938964844,0.0,-0.0,291.1510314941406,0.9395074248313904,0.558756947517395,0.530674397945404,297.199951171875,297.1499938964844,293.1499938964844,0.0,-0.0,291.1510314941406,0.8988825082778931,0.4959271550178528,0.3484174907207489,297.1802062988281,297.1499938964844,293.1499938964844,0.0,-0.0,291.1510314941406,0.9108869433403016,0.5151109099388123,0.489749550819397,297.1844787597656,297.1499938964844,293.1499938964844,0.0,-0.0,291.1510314941406,0.7889308929443359,0.3315368592739105,1.5053155422210691,291.1510314941406,291.1499938964844,288.75,287.119873046875,291.1513671875,297.1841125488281,291.15106201171875,1.0,0.7137592434883118,1.0,1.0,0.324244350194931,1.0,-3.859852552413941,2.7615411281585693,1.0983113050460815,1.892672300338745,0.0,0.0,0.0,210.1615753173828,245.0,0.3548456728458404,-0.0,4668.21337890625,1.0,293.1499938964844,293.1499938964844,293.1499938964844,293.1499938964844,293.1499938964844,293.1499938964844,278.1499938964844,0.0,18000.0,313.1499938964844,0.0,18000.0,0.0,0.0,0.0,0.0,0.0,0.0,0.0,0.0,0.0,0.0,-0.0,-0.0,0.0,0.0,0.0,0.0,0.0,-0.0,0.0,0.0,0.0,0.0,0.0,0.0,0.0,0.0,0.0,4.0,0.0,0.0
11896020,297.1474304199219,297.1499938964844,293.1499938964844,0.0,-0.0,291.1510314941406,0.8046238422393799,0.3736277520656585,0.3396346271038055,297.16656494140625,297.1499938964844,293.1499938964844,0.0,-0.0,291.1510314941406,0.9175034761428832,0.5586993098258972,0.5312183499336243,297.1964416503906,297.1499938964844,293.1499938964844,0.0,-0.0,291.1510314941406,0.8804631233215332,0.4961546659469604,0.3490191102027893,297.1776123046875,297.1499938964844,293.1499938964844,0.0,-0.0,291.1510314941406,0.8917236924171448,0.515201985836029,0.4904325604438782,297.18328857421875,297.1499938964844,293.1499938964844,0.0,-0.0,291.1510314941406,0.7731056213378906,0.3318205177783966,1.5094144344329834,291.1510314941406,291.1499938964844,288.75,287.119873046875,291.1512756347656,297.18267822265625,291.15106201171875,1.0,0.7219777703285217,1.0,1.0,0.3242131471633911,1.0,-3.867405652999878,2.766793966293335,1.1006115674972534,1.896245121955872,0.0,0.0,0.0,225.3879852294922,245.0,0.1047646105289459,-0.0,4790.96337890625,1.0,293.1499938964844,293.1499938964844,293.1499938964844,293.1499938964844,293.1499938964844,293.1499938964844,278.1499938964844,0.0,18000.0,313.1499938964844,0.0,18000.0,0.0,0.0,0.0,0.0,0.0,0.0,0.0,0.0,0.0,0.0,-0.0,-0.0,0.0,0.0,0.0,0.0,0.0,-0.0,0.0,0.0,0.0,0.0,0.0,0.0,0.0,0.0,0.0,4.0,0.0,0.0
11896080,297.147216796875,297.1499938964844,293.1499938964844,0.0,-0.0,291.1510314941406,0.8032139539718628,0.3736037909984588,0.339664101600647,297.1662902832031,297.1499938964844,293.1499938964844,0.0,-0.0,291.1510314941406,0.9157055020332336,0.5586919188499451,0.5312649011611938,297.19610595703125,297.1499938964844,293.1499938964844,0.0,-0.0,291.1510314941406,0.878947377204895,0.4961714744567871,0.3490704894065857,297.1773986816406,297.1499938964844,293.1499938964844,0.0,-0.0,291.1510314941406,0.8901669979095459,0.5152075886726379,0.4904912412166595,297.18316650390625,297.1499938964844,293.1499938964844,0.0,-0.0,291.1510314941406,0.7718079686164856,0.3318430483341217,1.5097684860229492,291.1510314941406,291.1499938964844,288.75,287.119873046875,291.1512756347656,297.1825256347656,291.15106201171875,1.0,0.722706139087677,1.0,1.0,0.3242104351520538,1.0,-3.868055820465088,2.76724624633789,1.1008094549179075,1.8965530395507808,0.0,0.0,0.0,226.7516021728516,263.0,0.086407758295536,-0.0,4801.9013671875,1.0,293.1499938964844,293.1499938964844,293.1499938964844,293.1499938964844,293.1499938964844,293.1499938964844,278.1499938964844,0.0,18000.0,313.1499938964844,0.0,18000.0,0.0,0.0,0.0,0.0,0.0,0.0,0.0,0.0,0.0,0.0,-0.0,-0.0,0.0,0.0,0.0,0.0,0.0,-0.0,0.0,0.0,0.0,0.0,0.0,0.0,0.0,0.0,0.0,4.0,0.0,0.0
11896140,297.144287109375,297.1499938964844,293.1499938964844,0.0,-0.0,291.1509094238281,0.7865209579467773,0.3732727169990539,0.3400177955627441,297.1630554199219,297.1499938964844,293.1499938964844,0.0,-0.0,291.1509094238281,0.8958843350410461,0.5585675835609436,0.5318313837051392,297.1920471191406,297.1499938964844,293.1499938964844,0.0,-0.0,291.1509094238281,0.8612921237945557,0.4963432848453522,0.3496963083744049,297.1743469238281,297.1499938964844,293.1499938964844,0.0,-0.0,291.1509094238281,0.8719342350959778,0.5152467489242554,0.4912106394767761,297.1815490722656,297.1499938964844,293.1499938964844,0.0,-0.0,291.1509094238281,0.7567411065101624,0.3320973217487335,1.5141379833221436,291.1509094238281,291.1499938964844,288.75,287.119873046875,291.15106201171875,297.1806335449219,291.15093994140625,1.0,0.731914222240448,1.0,1.0,0.3241765201091766,1.0,-3.876041412353516,2.7728030681610107,1.103238224983215,1.9003424644470213,0.0,0.0,0.0,244.1747131347656,281.0,-0.1117862984538078,-0.0,4941.01513671875,1.0,293.1499938964844,293.1499938964844,293.1499938964844,293.1499938964844,293.1499938964844,293.1499938964844,278.1499938964844,0.0,18000.0,313.1499938964844,0.0,18000.0,0.0,0.0,0.0,0.0,0.0,0.0,0.0,0.0,0.0,0.0,-0.0,-0.0,0.0,0.0,0.0,0.0,0.0,-0.0,0.0,0.0,0.0,0.0,0.0,0.0,0.0,0.0,0.0,4.0,0.0,0.0
11896200,297.144287109375,297.1499938964844,293.1499938964844,0.0,-0.0,291.1509094238281,0.7865209579467773,0.3732727169990539,0.3400177955627441,297.1630554199219,297.1499938964844,293.1499938964844,0.0,-0.0,291.1509094238281,0.8958843350410461,0.5585675835609436,0.5318313837051392,297.1920471191406,297.1499938964844,293.1499938964844,0.0,-0.0,291.1509094238281,0.8612921237945557,0.4963432848453522,0.3496963083744049,297.1743469238281,297.1499938964844,293.1499938964844,0.0,-0.0,291.1509094238281,0.8719342350959778,0.5152467489242554,0.4912106394767761,297.1815490722656,297.1499938964844,293.1499938964844,0.0,-0.0,291.1509094238281,0.7567411065101624,0.3320973217487335,1.5141379833221436,291.1509094238281,291.1499938964844,288.75,287.119873046875,291.15106201171875,297.1806335449219,291.15093994140625,1.0,0.731914222240448,1.0,1.0,0.3241765201091766,1.0,-3.876041412353516,2.7728030681610107,1.103238224983215,1.9003424644470213,0.0,0.0,0.0,244.1747131347656,281.0,-0.1117862984538078,-0.0,4941.01513671875,1.0,293.1499938964844,293.1499938964844,293.1499938964844,293.1499938964844,293.1499938964844,293.1499938964844,278.1499938964844,0.0,18000.0,313.1499938964844,0.0,18000.0,0.0,0.0,0.0,0.0,0.0,0.0,0.0,0.0,0.0,0.0,-0.0,-0.0,0.0,0.0,0.0,0.0,0.0,-0.0,0.0,0.0,0.0,0.0,0.0,0.0,0.0,0.0,0.0,4.0,0.0,0.0
11896260,297.1412353515625,297.1499938964844,293.1499938964844,0.0,-0.0,291.1506652832031,0.7717330455780029,0.3728891313076019,0.3403396308422088,297.15966796875,297.1499938964844,293.1499938964844,0.0,-0.0,291.1506652832031,0.8789622187614441,0.5583890676498413,0.5323634147644043,297.1878662109375,297.1499938964844,293.1499938964844,0.0,-0.0,291.1506652832031,0.8460334539413452,0.4964482486248016,0.3502877950668335,297.17120361328125,297.1499938964844,293.1499938964844,0.0,-0.0,291.1506652832031,0.8560661673545837,0.5152338147163391,0.4918973445892334,297.1796875,297.1499938964844,293.1499938964844,0.0,-0.0,291.1506652832031,0.7437746524810791,0.332306832075119,1.5183824300765991,291.1506652832031,291.1499938964844,288.75,287.119873046875,291.1507263183594,297.17852783203125,291.1506652832031,1.0,0.7411834001541138,1.0,1.0,0.3241368532180786,1.0,-3.883716106414795,2.7781689167022705,1.1055471897125244,1.904013395309448,0.0,0.0,0.0,262.02545166015625,284.0,-0.2935113608837127,-0.0,5082.587890625,1.0,293.1499938964844,293.1499938964844,293.1499938964844,293.1499938964844,293.1499938964844,293.1499938964844,278.1499938964844,0.0,18000.0,313.1499938964844,0.0,18000.0,0.0,0.0,0.0,0.0,0.0,0.0,0.0,0.0,0.0,0.0,-0.0,-0.0,0.0,0.0,0.0,0.0,0.0,-0.0,0.0,0.0,0.0,0.0,0.0,0.0,0.0,0.0,0.0,4.0,0.0,0.0
11896320,297.1412353515625,297.1499938964844,293.1499938964844,0.0,-0.0,291.1506652832031,0.7717330455780029,0.3728891313076019,0.3403396308422088,297.15966796875,297.1499938964844,293.1499938964844,0.0,-0.0,291.1506652832031,0.8789622187614441,0.5583890676498413,0.5323634147644043,297.1878662109375,297.1499938964844,293.1499938964844,0.0,-0.0,291.1506652832031,0.8460334539413452,0.4964482486248016,0.3502877950668335,297.17120361328125,297.1499938964844,293.1499938964844,0.0,-0.0,291.1506652832031,0.8560661673545837,0.5152338147163391,0.4918973445892334,297.1796875,297.1499938964844,293.1499938964844,0.0,-0.0,291.1506652832031,0.7437746524810791,0.332306832075119,1.5183824300765991,291.1506652832031,291.1499938964844,288.75,287.119873046875,291.1507263183594,297.17852783203125,291.1506652832031,1.0,0.7411834001541138,1.0,1.0,0.3241368532180786,1.0,-3.883716106414795,2.7781689167022705,1.1055471897125244,1.904013395309448,0.0,0.0,0.0,262.02545166015625,284.0,-0.2935113608837127,-0.0,5082.587890625,1.0,293.1499938964844,293.1499938964844,293.1499938964844,293.1499938964844,293.1499938964844,293.1499938964844,278.1499938964844,0.0,18000.0,313.1499938964844,0.0,18000.0,0.0,0.0,0.0,0.0,0.0,0.0,0.0,0.0,0.0,0.0,-0.0,-0.0,0.0,0.0,0.0,0.0,0.0,-0.0,0.0,0.0,0.0,0.0,0.0,0.0,0.0,0.0,0.0,4.0,0.0,0.0
11896380,297.1382141113281,297.1499938964844,293.1499938964844,0.0,-0.0,291.1502990722656,0.7636894583702087,0.3724707663059234,0.3403660953044891,297.1562805175781,297.1499938964844,293.1499938964844,0.0,-0.0,291.1502990722656,0.8698071241378784,0.5581668019294739,0.532579243183136,297.1836242675781,297.1499938964844,293.1499938964844,0.0,-0.0,291.1502990722656,0.8379369974136353,0.4964995980262756,0.3506381809711456,297.1679992675781,297.1499938964844,293.1499938964844,0.0,-0.0,291.1502990722656,0.847623348236084,0.5151790380477905,0.4922695457935333,297.1777038574219,297.1499938964844,293.1499938964844,0.0,-0.0,291.1502990722656,0.7369396090507507,0.3324837982654571,1.521170735359192,291.1502990722656,291.1499938964844,288.75,287.119873046875,291.1501770019531,297.17633056640625,291.1502990722656,1.0,0.7464026808738708,1.0,1.0,0.3240971863269806,1.0,-3.888238906860352,2.7813799381256104,1.1068590879440308,1.9062987565994265,0.0,0.0,0.0,272.81060791015625,272.0,-0.5197224617004395,-0.0,5168.03515625,1.0,293.1499938964844,293.1499938964844,293.1499938964844,293.1499938964844,293.1499938964844,293.1499938964844,278.1499938964844,0.0,18000.0,313.1499938964844,0.0,18000.0,0.0,0.0,0.0,0.0,0.0,0.0,0.0,0.0,0.0,0.0,-0.0,-0.0,0.0,0.0,0.0,0.0,0.0,-0.0,0.0,0.0,0.0,0.0,0.0,0.0,0.0,0.0,0.0,4.0,0.0,0.0
11896440,297.1382141113281,297.1499938964844,293.1499938964844,0.0,-0.0,291.1502990722656,0.7636894583702087,0.3724707663059234,0.3403660953044891,297.1562805175781,297.1499938964844,293.1499938964844,0.0,-0.0,291.1502990722656,0.8698071241378784,0.5581668019294739,0.532579243183136,297.1836242675781,297.1499938964844,293.1499938964844,0.0,-0.0,291.1502990722656,0.8379369974136353,0.4964995980262756,0.3506381809711456,297.1679992675781,297.1499938964844,293.1499938964844,0.0,-0.0,291.1502990722656,0.847623348236084,0.5151790380477905,0.4922695457935333,297.1777038574219,297.1499938964844,293.1499938964844,0.0,-0.0,291.1502990722656,0.7369396090507507,0.3324837982654571,1.521170735359192,291.1502990722656,291.1499938964844,288.75,287.119873046875,291.1501770019531,297.17633056640625,291.1502990722656,1.0,0.7464026808738708,1.0,1.0,0.3240971863269806,1.0,-3.888238906860352,2.7813799381256104,1.1068590879440308,1.9062987565994265,0.0,0.0,0.0,272.81060791015625,272.0,-0.5197224617004395,-0.0,5168.03515625,1.0,293.1499938964844,293.1499938964844,293.1499938964844,293.1499938964844,293.1499938964844,293.1499938964844,278.1499938964844,0.0,18000.0,313.1499938964844,0.0,18000.0,0.0,0.0,0.0,0.0,0.0,0.0,0.0,0.0,0.0,0.0,-0.0,-0.0,0.0,0.0,0.0,0.0,0.0,-0.0,0.0,0.0,0.0,0.0,0.0,0.0,0.0,0.0,0.0,4.0,0.0,0.0
11896500,297.1368408203125,297.1499938964844,293.1499938964844,0.0,-0.0,291.15008544921875,0.7629605531692505,0.3722612261772156,0.3402097523212433,297.1546630859375,297.1499938964844,293.1499938964844,0.0,-0.0,291.15008544921875,0.8690593242645264,0.5580474138259888,0.5325026512145996,297.1816101074219,297.1499938964844,293.1499938964844,0.0,-0.0,291.15008544921875,0.8373286128044128,0.4965143203735351,0.350674957036972,297.16650390625,297.1499938964844,293.1499938964844,0.0,-0.0,291.15008544921875,0.8469681143760681,0.5151442885398865,0.4922719299793243,297.17681884765625,297.1499938964844,293.1499938964844,0.0,-0.0,291.15008544921875,0.7364683151245117,0.3325702250003814,1.5217134952545166,291.15008544921875,291.1499938964844,288.75,287.119873046875,291.1497802734375,297.1753234863281,291.1500549316406,1.0,0.7465546727180481,1.0,1.0,0.3240773379802704,1.0,-3.8886640071868896,2.781728506088257,1.1069355010986328,1.9066351652145384,0.0,0.0,0.0,273.6790771484375,272.0,-0.6362595558166504,-0.0,5175.10595703125,1.0,293.1499938964844,293.1499938964844,293.1499938964844,293.1499938964844,293.1499938964844,293.1499938964844,278.1499938964844,0.0,18000.0,313.1499938964844,0.0,18000.0,0.0,0.0,0.0,0.0,0.0,0.0,0.0,0.0,0.0,0.0,-0.0,-0.0,0.0,0.0,0.0,0.0,0.0,-0.0,0.0,0.0,0.0,0.0,0.0,0.0,0.0,0.0,0.0,4.0,0.0,0.0
11896560,297.1356506347656,297.1499938964844,293.1499938964844,0.0,-0.0,291.1498107910156,0.7636837959289551,0.3720615804195404,0.3399810492992401,297.1531677246094,297.1499938964844,293.1499938964844,0.0,-0.0,291.1498107910156,0.8700018525123596,0.5579302906990051,0.5323435068130493,297.1797180175781,297.1499938964844,293.1499938964844,0.0,-0.0,291.1498107910156,0.8382375240325928,0.4965299963951111,0.3506496846675873,297.16510009765625,297.1499938964844,293.1499938964844,0.0,-0.0,291.1498107910156,0.8478821516036987,0.5151125192642212,0.492192268371582,297.176025390625,297.1499938964844,293.1499938964844,0.0,-0.0,291.1498107910156,0.7373008131980896,0.3326646983623504,1.521886110305786,291.1498107910156,291.1499938964844,288.75,287.119873046875,291.14947509765625,297.1744689941406,291.1497802734375,1.0,0.7458334565162659,1.0,1.0,0.3240726888179779,1.0,-3.8882803916931152,2.781480073928833,1.1068004369735718,1.9065228700637813,0.0,0.0,0.0,272.4375305175781,260.0,-0.7087481021881104,-0.0,5165.67529296875,1.0,293.1499938964844,293.1499938964844,293.1499938964844,293.1499938964844,293.1499938964844,293.1499938964844,278.1499938964844,0.0,18000.0,313.1499938964844,0.0,18000.0,0.0,0.0,0.0,0.0,0.0,0.0,0.0,0.0,0.0,0.0,-0.0,-0.0,0.0,0.0,0.0,0.0,0.0,-0.0,0.0,0.0,0.0,0.0,0.0,0.0,0.0,0.0,0.0,4.0,0.0,0.0
11896620,297.1338195800781,297.1499938964844,293.1499938964844,0.0,-0.0,291.1492919921875,0.7678123712539673,0.3716952800750732,0.3394175171852112,297.15057373046875,297.1499938964844,293.1499938964844,0.0,-0.0,291.1492919921875,0.8749971985816956,0.5577079653739929,0.5318929553031921,297.1763916015625,297.1499938964844,293.1499938964844,0.0,-0.0,291.1492919921875,0.8428512811660767,0.4965679347515106,0.350498229265213,297.1627197265625,297.1499938964844,293.1499938964844,0.0,-0.0,291.1492919921875,0.8526085615158081,0.5150631070137024,0.4919028282165527,297.17498779296875,297.1499938964844,293.1499938964844,0.0,-0.0,291.1492919921875,0.7413806319236755,0.3328879177570343,1.5216963291168213,291.1492919921875,291.1499938964844,288.75,287.119873046875,291.1489562988281,297.1732177734375,291.1492614746094,1.0,0.7426261901855469,1.0,1.0,0.3240634202957153,1.0,-3.886302709579468,2.780151844024658,1.1061508655548096,1.9057319164276123,0.0,0.0,0.0,266.2828063964844,248.0,-0.721342921257019,-0.0,5118.7275390625,1.0,293.1499938964844,293.1499938964844,293.1499938964844,293.1499938964844,293.1499938964844,293.1499938964844,278.1499938964844,0.0,18000.0,313.1499938964844,0.0,18000.0,0.0,0.0,0.0,0.0,0.0,0.0,0.0,0.0,0.0,0.0,-0.0,-0.0,0.0,0.0,0.0,0.0,0.0,-0.0,0.0,0.0,0.0,0.0,0.0,0.0,0.0,0.0,0.0,4.0,0.0,0.0
11896680,297.1338195800781,297.1499938964844,293.1499938964844,0.0,-0.0,291.1492919921875,0.7678123712539673,0.3716952800750732,0.3394175171852112,297.15057373046875,297.1499938964844,293.1499938964844,0.0,-0.0,291.1492919921875,0.8749971985816956,0.5577079653739929,0.5318929553031921,297.1763916015625,297.1499938964844,293.1499938964844,0.0,-0.0,291.1492919921875,0.8428512811660767,0.4965679347515106,0.350498229265213,297.1627197265625,297.1499938964844,293.1499938964844,0.0,-0.0,291.1492919921875,0.8526085615158081,0.5150631070137024,0.4919028282165527,297.17498779296875,297.1499938964844,293.1499938964844,0.0,-0.0,291.1492919921875,0.7413806319236755,0.3328879177570343,1.5216963291168213,291.1492919921875,291.1499938964844,288.75,287.119873046875,291.1489562988281,297.1732177734375,291.1492614746094,1.0,0.7426261901855469,1.0,1.0,0.3240634202957153,1.0,-3.886302709579468,2.780151844024658,1.1061508655548096,1.9057319164276123,0.0,0.0,0.0,266.2828063964844,248.0,-0.721342921257019,-0.0,5118.7275390625,1.0,293.1499938964844,293.1499938964844,293.1499938964844,293.1499938964844,293.1499938964844,293.1499938964844,278.1499938964844,0.0,18000.0,313.1499938964844,0.0,18000.0,0.0,0.0,0.0,0.0,0.0,0.0,0.0,0.0,0.0,0.0,-0.0,-0.0,0.0,0.0,0.0,0.0,0.0,-0.0,0.0,0.0,0.0,0.0,0.0,0.0,0.0,0.0,0.0,4.0,0.0,0.0
11896740,297.1325988769531,297.1499938964844,293.1499938964844,0.0,-0.0,291.1488342285156,0.7744358777999878,0.3713641762733459,0.3387820124626159,297.1484375,297.1499938964844,293.1499938964844,0.0,-0.0,291.1488342285156,0.8828681707382202,0.5574972629547119,0.5313431620597839,297.1734924316406,297.1499938964844,293.1499938964844,0.0,-0.0,291.1488342285156,0.850079357624054,0.4966072738170624,0.3502671122550964,297.1607971191406,297.1499938964844,293.1499938964844,0.0,-0.0,291.1488342285156,0.8600533604621887,0.5150284171104431,0.4915170669555664,297.1745300292969,297.1499938964844,293.1499938964844,0.0,-0.0,291.1488342285156,0.7477362155914307,0.3331577181816101,1.521185040473938,291.1488342285156,291.1499938964844,288.75,287.119873046875,291.14849853515625,297.1725769042969,291.1488037109375,1.0,0.7380372881889343,1.0,1.0,0.3240541517734527,1.0,-3.883519411087036,2.778278350830078,1.1052411794662476,1.904552102088928,0.0,0.0,0.0,257.25115966796875,236.0,-0.6575827598571777,-0.0,5050.283203125,1.0,293.1499938964844,293.1499938964844,293.1499938964844,293.1499938964844,293.1499938964844,293.1499938964844,278.1499938964844,0.0,18000.0,313.1499938964844,0.0,18000.0,0.0,0.0,0.0,0.0,0.0,0.0,0.0,0.0,0.0,0.0,-0.0,-0.0,0.0,0.0,0.0,0.0,0.0,-0.0,0.0,0.0,0.0,0.0,0.0,0.0,0.0,0.0,0.0,4.0,0.0,0.0
11896800,297.1325988769531,297.1499938964844,293.1499938964844,0.0,-0.0,291.1488342285156,0.7744358777999878,0.3713641762733459,0.3387820124626159,297.1484375,297.1499938964844,293.1499938964844,0.0,-0.0,291.1488342285156,0.8828681707382202,0.5574972629547119,0.5313431620597839,297.1734924316406,297.1499938964844,293.1499938964844,0.0,-0.0,291.1488342285156,0.850079357624054,0.4966072738170624,0.3502671122550964,297.1607971191406,297.1499938964844,293.1499938964844,0.0,-0.0,291.1488342285156,0.8600533604621887,0.5150284171104431,0.4915170669555664,297.1745300292969,297.1499938964844,293.1499938964844,0.0,-0.0,291.1488342285156,0.7477362155914307,0.3331577181816101,1.521185040473938,291.1488342285156,291.1499938964844,288.75,287.119873046875,291.14849853515625,297.1725769042969,291.1488037109375,1.0,0.7380372881889343,1.0,1.0,0.3240541517734527,1.0,-3.883519411087036,2.778278350830078,1.1052411794662476,1.904552102088928,0.0,0.0,0.0,257.25115966796875,236.0,-0.6575827598571777,-0.0,5050.283203125,1.0,293.1499938964844,293.1499938964844,293.1499938964844,293.1499938964844,293.1499938964844,293.1499938964844,278.1499938964844,0.0,18000.0,313.1499938964844,0.0,18000.0,0.0,0.0,0.0,0.0,0.0,0.0,0.0,0.0,0.0,0.0,-0.0,-0.0,0.0,0.0,0.0,0.0,0.0,-0.0,0.0,0.0,0.0,0.0,0.0,0.0,0.0,0.0,0.0,4.0,0.0,0.0
11896860,297.1317443847656,297.1499938964844,293.1499938964844,0.0,-0.0,291.1487121582031,0.7828683853149414,0.3710558712482452,0.3381159603595733,297.1465759277344,297.1499938964844,293.1499938964844,0.0,-0.0,291.1487121582031,0.8927990794181824,0.5572904348373413,0.5307424664497375,297.1708679199219,297.1499938964844,293.1499938964844,0.0,-0.0,291.1487121582031,0.8592629432678223,0.496637225151062,0.3499896228313446,297.1591796875,297.1499938964844,293.1499938964844,0.0,-0.0,291.1487121582031,0.8695188164710999,0.5150004029273987,0.491083025932312,297.1745300292969,297.1499938964844,293.1499938964844,0.0,-0.0,291.1487121582031,0.7558202743530273,0.3334688544273376,1.5205979347229004,291.1487121582031,291.1499938964844,288.75,287.119873046875,291.1485595703125,297.17242431640625,291.1487121582031,1.0,0.7327460646629333,1.0,1.0,0.324097216129303,1.0,-3.88043212890625,2.776018619537353,1.104413390159607,1.903044581413269,0.0,0.0,0.0,246.7727203369141,224.0,-0.2667649388313293,-0.0,4971.42333984375,1.0,293.1499938964844,293.1499938964844,293.1499938964844,293.1499938964844,293.1499938964844,293.1499938964844,278.1499938964844,0.0,18000.0,313.1499938964844,0.0,18000.0,0.0,0.0,0.0,0.0,0.0,0.0,0.0,0.0,0.0,0.0,-0.0,-0.0,0.0,0.0,0.0,0.0,0.0,-0.0,0.0,0.0,0.0,0.0,0.0,0.0,0.0,0.0,0.0,4.0,0.0,0.0
11896920,297.1317443847656,297.1499938964844,293.1499938964844,0.0,-0.0,291.1487121582031,0.7828683853149414,0.3710558712482452,0.3381159603595733,297.1465759277344,297.1499938964844,293.1499938964844,0.0,-0.0,291.1487121582031,0.8927990794181824,0.5572904348373413,0.5307424664497375,297.1708679199219,297.1499938964844,293.1499938964844,0.0,-0.0,291.1487121582031,0.8592629432678223,0.496637225151062,0.3499896228313446,297.1591796875,297.1499938964844,293.1499938964844,0.0,-0.0,291.1487121582031,0.8695188164710999,0.5150004029273987,0.491083025932312,297.1745300292969,297.1499938964844,293.1499938964844,0.0,-0.0,291.1487121582031,0.7558202743530273,0.3334688544273376,1.5205979347229004,291.1487121582031,291.1499938964844,288.75,287.119873046875,291.1485595703125,297.17242431640625,291.1487121582031,1.0,0.7327460646629333,1.0,1.0,0.324097216129303,1.0,-3.88043212890625,2.776018619537353,1.104413390159607,1.903044581413269,0.0,0.0,0.0,246.7727203369141,224.0,-0.2667649388313293,-0.0,4971.42333984375,1.0,293.1499938964844,293.1499938964844,293.1499938964844,293.1499938964844,293.1499938964844,293.1499938964844,278.1499938964844,0.0,18000.0,313.1499938964844,0.0,18000.0,0.0,0.0,0.0,0.0,0.0,0.0,0.0,0.0,0.0,0.0,-0.0,-0.0,0.0,0.0,0.0,0.0,0.0,-0.0,0.0,0.0,0.0,0.0,0.0,0.0,0.0,0.0,0.0,4.0,0.0,0.0
11896980,297.131103515625,297.1499938964844,293.1499938964844,0.0,-0.0,291.1488037109375,0.7928330302238464,0.3707605898380279,0.3374363780021667,297.1449584960937,297.1499938964844,293.1499938964844,0.0,-0.0,291.1488037109375,0.9044666290283204,0.557080864906311,0.5301119089126587,297.1683654785156,297.1499938964844,293.1499938964844,0.0,-0.0,291.1488037109375,0.8701979517936707,0.4966485202312469,0.349679559469223,297.1577453613281,297.1499938964844,293.1499938964844,0.0,-0.0,291.1488037109375,0.8807581663131714,0.5149717926979065,0.4906214475631714,297.1748962402344,297.1499938964844,293.1499938964844,0.0,-0.0,291.1488037109375,0.765478789806366,0.3338148891925812,1.5200378894805908,291.1488037109375,291.1499938964844,288.75,287.119873046875,291.14874267578125,297.172607421875,291.1487731933594,1.0,0.7270859479904175,1.0,1.0,0.3241402506828308,1.0,-3.87725281715393,2.7736918926239014,1.1035610437393188,1.9014832973480225,0.0,0.0,0.0,235.55776977539065,212.0,0.0096897389739751,-0.0,4887.53271484375,1.0,293.1499938964844,293.1499938964844,293.1499938964844,293.1499938964844,293.1499938964844,293.1499938964844,278.1499938964844,0.0,18000.0,313.1499938964844,0.0,18000.0,0.0,0.0,0.0,0.0,0.0,0.0,0.0,0.0,0.0,0.0,-0.0,-0.0,0.0,0.0,0.0,0.0,0.0,-0.0,0.0,0.0,0.0,0.0,0.0,0.0,0.0,0.0,0.0,4.0,0.0,0.0
11897040,297.131103515625,297.1499938964844,293.1499938964844,0.0,-0.0,291.1488037109375,0.7928330302238464,0.3707605898380279,0.3374363780021667,297.1449584960937,297.1499938964844,293.1499938964844,0.0,-0.0,291.1488037109375,0.9044666290283204,0.557080864906311,0.5301119089126587,297.1683654785156,297.1499938964844,293.1499938964844,0.0,-0.0,291.1488037109375,0.8701979517936707,0.4966485202312469,0.349679559469223,297.1577453613281,297.1499938964844,293.1499938964844,0.0,-0.0,291.1488037109375,0.8807581663131714,0.5149717926979065,0.4906214475631714,297.1748962402344,297.1499938964844,293.1499938964844,0.0,-0.0,291.1488037109375,0.765478789806366,0.3338148891925812,1.5200378894805908,291.1488037109375,291.1499938964844,288.75,287.119873046875,291.14874267578125,297.172607421875,291.1487731933594,1.0,0.7270859479904175,1.0,1.0,0.3241402506828308,1.0,-3.87725281715393,2.7736918926239014,1.1035610437393188,1.9014832973480225,0.0,0.0,0.0,235.55776977539065,212.0,0.0096897389739751,-0.0,4887.53271484375,1.0,293.1499938964844,293.1499938964844,293.1499938964844,293.1499938964844,293.1499938964844,293.1499938964844,278.1499938964844,0.0,18000.0,313.1499938964844,0.0,18000.0,0.0,0.0,0.0,0.0,0.0,0.0,0.0,0.0,0.0,0.0,-0.0,-0.0,0.0,0.0,0.0,0.0,0.0,-0.0,0.0,0.0,0.0,0.0,0.0,0.0,0.0,0.0,0.0,4.0,0.0,0.0
11897100,297.1308288574219,297.1499938964844,293.1499938964844,0.0,-0.0,291.1488647460937,0.7983561158180237,0.3706149458885193,0.3370933532714844,297.1441650390625,297.1499938964844,293.1499938964844,0.0,-0.0,291.1488647460937,0.9112624526023864,0.5569726824760437,0.5297881364822388,297.1671447753906,297.1499938964844,293.1499938964844,0.0,-0.0,291.1488647460937,0.8763163685798645,0.4966441690921783,0.3495136797428131,297.1570739746094,297.1499938964844,293.1499938964844,0.0,-0.0,291.1488647460937,0.887023389339447,0.5149548649787903,0.4903827905654907,297.1751708984375,297.1499938964844,293.1499938964844,0.0,-0.0,291.1488647460937,0.7709003686904907,0.3339987099170685,1.5197807550430298,291.1488647460937,291.1499938964844,288.75,287.119873046875,291.1488342285156,297.1728210449219,291.1488647460937,1.0,0.7241738438606262,1.0,1.0,0.3241617679595947,1.0,-3.875654220581055,2.772522687911988,1.1031315326690674,1.9006966352462769,0.0,0.0,0.0,229.7963714599609,212.0,0.1058818399906158,-0.0,4844.591796875,1.0,293.1499938964844,293.1499938964844,293.1499938964844,293.1499938964844,293.1499938964844,293.1499938964844,278.1499938964844,0.0,18000.0,313.1499938964844,0.0,18000.0,0.0,0.0,0.0,0.0,0.0,0.0,0.0,0.0,0.0,0.0,-0.0,-0.0,0.0,0.0,0.0,0.0,0.0,-0.0,0.0,0.0,0.0,0.0,0.0,0.0,0.0,0.0,0.0,4.0,0.0,0.0
11897160,297.1305847167969,297.1499938964844,293.1499938964844,0.0,-0.0,291.14898681640625,0.8042335510253906,0.3704692721366882,0.3367484509944916,297.1434326171875,297.1499938964844,293.1499938964844,0.0,-0.0,291.14898681640625,0.9188453555107116,0.5568612217903137,0.5294591188430786,297.1659240722656,297.1499938964844,293.1499938964844,0.0,-0.0,291.14898681640625,0.8828782439231873,0.4966318011283874,0.3493407964706421,297.15643310546875,297.1499938964844,293.1499938964844,0.0,-0.0,291.14898681640625,0.8937211632728577,0.5149350166320801,0.4901393353939056,297.17547607421875,297.1499938964844,293.1499938964844,0.0,-0.0,291.14898681640625,0.7767281532287598,0.3341885805130005,1.5195410251617432,291.14898681640625,291.1499938964844,288.75,287.119873046875,291.14898681640625,297.1730651855469,291.14898681640625,1.0,0.7212256789207458,1.0,1.0,0.3241861760616302,1.0,-3.874053716659546,2.7713429927825928,1.1027107238769531,1.8998982906341555,0.0,0.0,0.0,223.9734649658203,200.0,0.1977062821388244,-0.0,4801.2734375,1.0,293.1499938964844,293.1499938964844,293.1499938964844,293.1499938964844,293.1499938964844,293.1499938964844,278.1499938964844,0.0,18000.0,313.1499938964844,0.0,18000.0,0.0,0.0,0.0,0.0,0.0,0.0,0.0,0.0,0.0,0.0,-0.0,-0.0,0.0,0.0,0.0,0.0,0.0,-0.0,0.0,0.0,0.0,0.0,0.0,0.0,0.0,0.0,0.0,4.0,0.0,0.0
11897220,297.130126953125,297.1499938964844,293.1499938964844,0.0,-0.0,291.1492614746094,0.8166376948356628,0.3701756596565246,0.3360533118247986,297.1419372558594,297.1499938964844,293.1499938964844,0.0,-0.0,291.1492614746094,0.9358958005905152,0.5566269159317017,0.5287868976593018,297.1634521484375,297.1499938964844,293.1499938964844,0.0,-0.0,291.1492614746094,0.897386372089386,0.49658203125,0.348975121974945,297.1551513671875,297.1499938964844,293.1499938964844,0.0,-0.0,291.1492614746094,0.9086474180221558,0.514884889125824,0.4896391928195953,297.1761779785156,297.1499938964844,293.1499938964844,0.0,-0.0,291.1492614746094,0.7896553874015808,0.3345828652381897,1.5191105604171753,291.1492614746094,291.1499938964844,288.75,287.119873046875,291.1493225097656,297.1736755371094,291.1492614746094,1.0,0.715254545211792,1.0,1.0,0.3242349624633789,1.0,-3.8708479404449454,2.768980026245117,1.1018677949905396,1.8982946872711184,0.0,0.0,0.0,212.22023010253903,188.0,0.3370096981525421,-0.0,4714.01904296875,1.0,293.1499938964844,293.1499938964844,293.1499938964844,293.1499938964844,293.1499938964844,293.1499938964844,278.1499938964844,0.0,18000.0,313.1499938964844,0.0,18000.0,0.0,0.0,0.0,0.0,0.0,0.0,0.0,0.0,0.0,0.0,-0.0,-0.0,0.0,0.0,0.0,0.0,0.0,-0.0,0.0,0.0,0.0,0.0,0.0,0.0,0.0,0.0,0.0,4.0,0.0,0.0
11897280,297.130126953125,297.1499938964844,293.1499938964844,0.0,-0.0,291.1492614746094,0.8166376948356628,0.3701756596565246,0.3360533118247986,297.1419372558594,297.1499938964844,293.1499938964844,0.0,-0.0,291.1492614746094,0.9358958005905152,0.5566269159317017,0.5287868976593018,297.1634521484375,297.1499938964844,293.1499938964844,0.0,-0.0,291.1492614746094,0.897386372089386,0.49658203125,0.348975121974945,297.1551513671875,297.1499938964844,293.1499938964844,0.0,-0.0,291.1492614746094,0.9086474180221558,0.514884889125824,0.4896391928195953,297.1761779785156,297.1499938964844,293.1499938964844,0.0,-0.0,291.1492614746094,0.7896553874015808,0.3345828652381897,1.5191105604171753,291.1492614746094,291.1499938964844,288.75,287.119873046875,291.1493225097656,297.1736755371094,291.1492614746094,1.0,0.715254545211792,1.0,1.0,0.3242349624633789,1.0,-3.8708479404449454,2.768980026245117,1.1018677949905396,1.8982946872711184,0.0,0.0,0.0,212.22023010253903,188.0,0.3370096981525421,-0.0,4714.01904296875,1.0,293.1499938964844,293.1499938964844,293.1499938964844,293.1499938964844,293.1499938964844,293.1499938964844,278.1499938964844,0.0,18000.0,313.1499938964844,0.0,18000.0,0.0,0.0,0.0,0.0,0.0,0.0,0.0,0.0,0.0,0.0,-0.0,-0.0,0.0,0.0,0.0,0.0,0.0,-0.0,0.0,0.0,0.0,0.0,0.0,0.0,0.0,0.0,0.0,4.0,0.0,0.0
11897340,297.129638671875,297.1499938964844,293.1499938964844,0.0,-0.0,291.14959716796875,0.830047070980072,0.3698756992816925,0.3353502154350281,297.1404724121094,297.1499938964844,293.1499938964844,0.0,-0.0,291.14959716796875,0.9546583294868468,0.5563746690750122,0.5280952453613281,297.1609191894531,297.1499938964844,293.1499938964844,0.0,-0.0,291.14959716796875,0.914588212966919,0.4964947998523712,0.3485817611217499,297.1538391113281,297.1499938964844,293.1499938964844,0.0,-0.0,291.14959716796875,0.9273061156272888,0.5148176550865173,0.4891204833984375,297.17694091796875,297.1499938964844,293.1499938964844,0.0,-0.0,291.14959716796875,0.8044180274009705,0.3349933624267578,1.5187416076660156,291.14959716796875,291.1499938964844,288.75,287.119873046875,291.1496887207031,297.1744079589844,291.14959716796875,1.0,0.7092089056968689,1.0,1.0,0.3242837488651275,1.0,-3.8676276206970215,2.766608476638794,1.1010191440582275,1.8966792821884155,0.0,0.0,0.0,200.3816070556641,176.0,0.4228768050670624,-0.0,4626.3017578125,1.0,293.1499938964844,293.1499938964844,293.1499938964844,293.1499938964844,293.1499938964844,293.1499938964844,278.1499938964844,0.0,18000.0,313.1499938964844,0.0,18000.0,0.0,0.0,0.0,0.0,0.0,0.0,0.0,0.0,0.0,0.0,-0.0,-0.0,0.0,0.0,0.0,0.0,0.0,-0.0,0.0,0.0,0.0,0.0,0.0,0.0,0.0,0.0,0.0,4.0,0.0,0.0
11897400,297.129638671875,297.1499938964844,293.1499938964844,0.0,-0.0,291.14959716796875,0.830047070980072,0.3698756992816925,0.3353502154350281,297.1404724121094,297.1499938964844,293.1499938964844,0.0,-0.0,291.14959716796875,0.9546583294868468,0.5563746690750122,0.5280952453613281,297.1609191894531,297.1499938964844,293.1499938964844,0.0,-0.0,291.14959716796875,0.914588212966919,0.4964947998523712,0.3485817611217499,297.1538391113281,297.1499938964844,293.1499938964844,0.0,-0.0,291.14959716796875,0.9273061156272888,0.5148176550865173,0.4891204833984375,297.17694091796875,297.1499938964844,293.1499938964844,0.0,-0.0,291.14959716796875,0.8044180274009705,0.3349933624267578,1.5187416076660156,291.14959716796875,291.1499938964844,288.75,287.119873046875,291.1496887207031,297.1744079589844,291.14959716796875,1.0,0.7092089056968689,1.0,1.0,0.3242837488651275,1.0,-3.8676276206970215,2.766608476638794,1.1010191440582275,1.8966792821884155,0.0,0.0,0.0,200.3816070556641,176.0,0.4228768050670624,-0.0,4626.3017578125,1.0,293.1499938964844,293.1499938964844,293.1499938964844,293.1499938964844,293.1499938964844,293.1499938964844,278.1499938964844,0.0,18000.0,313.1499938964844,0.0,18000.0,0.0,0.0,0.0,0.0,0.0,0.0,0.0,0.0,0.0,0.0,-0.0,-0.0,0.0,0.0,0.0,0.0,0.0,-0.0,0.0,0.0,0.0,0.0,0.0,0.0,0.0,0.0,0.0,4.0,0.0,0.0
11897460,297.129150390625,297.1499938964844,293.1499938964844,0.0,-0.0,291.1498107910156,0.8455563187599182,0.3695662915706634,0.3346379995346069,297.13897705078125,297.1499938964844,293.1499938964844,0.0,-0.0,291.1498107910156,0.97412770986557,0.5561017990112305,0.52738356590271,297.1583251953125,297.1499938964844,293.1499938964844,0.0,-0.0,291.1498107910156,0.936042547225952,0.4963673651218414,0.3481600880622864,297.1524963378906,297.1499938964844,293.1499938964844,0.0,-0.0,291.1498107910156,0.9488524198532104,0.5147303938865662,0.4885823428630829,297.177734375,297.1499938964844,293.1499938964844,0.0,-0.0,291.1498107910156,0.8205058574676514,0.3354162275791168,1.5184246301651,291.1498107910156,291.1499938964844,288.75,287.119873046875,291.1498413085937,297.1752319335937,291.1498107910156,1.0,0.7031069993972778,1.0,1.0,0.3243033289909363,1.0,-3.864377498626709,2.7643184661865234,1.1000590324401855,1.895145058631897,0.0,0.0,0.0,188.5024871826172,164.0,0.3211695849895477,-0.0,4538.37744140625,1.0,293.1499938964844,293.1499938964844,293.1499938964844,293.1499938964844,293.1499938964844,293.1499938964844,278.1499938964844,0.0,18000.0,313.1499938964844,0.0,18000.0,0.0,0.0,0.0,0.0,0.0,0.0,0.0,0.0,0.0,0.0,-0.0,-0.0,0.0,0.0,0.0,0.0,0.0,-0.0,0.0,0.0,0.0,0.0,0.0,0.0,0.0,0.0,0.0,4.0,0.0,0.0
11897520,297.129150390625,297.1499938964844,293.1499938964844,0.0,-0.0,291.1498107910156,0.8455563187599182,0.3695662915706634,0.3346379995346069,297.13897705078125,297.1499938964844,293.1499938964844,0.0,-0.0,291.1498107910156,0.97412770986557,0.5561017990112305,0.52738356590271,297.1583251953125,297.1499938964844,293.1499938964844,0.0,-0.0,291.1498107910156,0.936042547225952,0.4963673651218414,0.3481600880622864,297.1524963378906,297.1499938964844,293.1499938964844,0.0,-0.0,291.1498107910156,0.9488524198532104,0.5147303938865662,0.4885823428630829,297.177734375,297.1499938964844,293.1499938964844,0.0,-0.0,291.1498107910156,0.8205058574676514,0.3354162275791168,1.5184246301651,291.1498107910156,291.1499938964844,288.75,287.119873046875,291.1498413085937,297.1752319335937,291.1498107910156,1.0,0.7031069993972778,1.0,1.0,0.3243033289909363,1.0,-3.864377498626709,2.7643184661865234,1.1000590324401855,1.895145058631897,0.0,0.0,0.0,188.5024871826172,164.0,0.3211695849895477,-0.0,4538.37744140625,1.0,293.1499938964844,293.1499938964844,293.1499938964844,293.1499938964844,293.1499938964844,293.1499938964844,278.1499938964844,0.0,18000.0,313.1499938964844,0.0,18000.0,0.0,0.0,0.0,0.0,0.0,0.0,0.0,0.0,0.0,0.0,-0.0,-0.0,0.0,0.0,0.0,0.0,0.0,-0.0,0.0,0.0,0.0,0.0,0.0,0.0,0.0,0.0,0.0,4.0,0.0,0.0
11897580,297.1285705566406,297.1499938964844,293.1499938964844,0.0,-0.0,291.1499938964844,0.8643581867218018,0.369243860244751,0.3339141011238098,297.137451171875,297.1499938964844,293.1499938964844,0.0,-0.0,291.1499938964844,0.9932802319526672,0.5558045506477356,0.5266488194465637,297.1556091308594,297.1499938964844,293.1499938964844,0.0,-0.0,291.1499938964844,0.9600430130958556,0.496194452047348,0.3477068245410919,297.151123046875,297.1499938964844,293.1499938964844,0.0,-0.0,291.1499938964844,0.9716960787773132,0.5146189332008362,0.4880214333534241,297.17852783203125,297.1499938964844,293.1499938964844,0.0,-0.0,291.14996337890625,0.8384751081466675,0.335848867893219,1.5181512832641602,291.1499938964844,291.1499938964844,288.75,287.119873046875,291.1499938964844,297.1760559082031,291.14996337890625,1.0,0.6969548463821411,1.0,1.0,0.324322909116745,1.0,-3.861072540283203,2.761995553970337,1.0990769863128662,1.8935837745666504,0.0,0.0,0.0,176.60330200195312,182.0,0.2616032361984253,-0.0,4450.31103515625,1.0,293.1499938964844,293.1499938964844,293.1499938964844,293.1499938964844,293.1499938964844,293.1499938964844,278.1499938964844,0.0,18000.0,313.1499938964844,0.0,18000.0,0.0,0.0,0.0,0.0,0.0,0.0,0.0,0.0,0.0,0.0,-0.0,-0.0,0.0,0.0,0.0,0.0,0.0,-0.0,0.0,0.0,0.0,0.0,0.0,0.0,0.0,0.0,0.0,4.0,0.0,0.0
11897640,297.1285705566406,297.1499938964844,293.1499938964844,0.0,-0.0,291.1499938964844,0.8643581867218018,0.369243860244751,0.3339141011238098,297.137451171875,297.1499938964844,293.1499938964844,0.0,-0.0,291.1499938964844,0.9932802319526672,0.5558045506477356,0.5266488194465637,297.1556091308594,297.1499938964844,293.1499938964844,0.0,-0.0,291.1499938964844,0.9600430130958556,0.496194452047348,0.3477068245410919,297.151123046875,297.1499938964844,293.1499938964844,0.0,-0.0,291.1499938964844,0.9716960787773132,0.5146189332008362,0.4880214333534241,297.17852783203125,297.1499938964844,293.1499938964844,0.0,-0.0,291.14996337890625,0.8384751081466675,0.335848867893219,1.5181512832641602,291.1499938964844,291.1499938964844,288.75,287.119873046875,291.1499938964844,297.1760559082031,291.14996337890625,1.0,0.6969548463821411,1.0,1.0,0.324322909116745,1.0,-3.861072540283203,2.761995553970337,1.0990769863128662,1.8935837745666504,0.0,0.0,0.0,176.60330200195312,182.0,0.2616032361984253,-0.0,4450.31103515625,1.0,293.1499938964844,293.1499938964844,293.1499938964844,293.1499938964844,293.1499938964844,293.1499938964844,278.1499938964844,0.0,18000.0,313.1499938964844,0.0,18000.0,0.0,0.0,0.0,0.0,0.0,0.0,0.0,0.0,0.0,0.0,-0.0,-0.0,0.0,0.0,0.0,0.0,0.0,-0.0,0.0,0.0,0.0,0.0,0.0,0.0,0.0,0.0,0.0,4.0,0.0,0.0
11897700,297.1282653808594,297.1499938964844,293.1499938964844,0.0,-0.0,291.14996337890625,0.8648465275764465,0.3690776526927948,0.3337555229663849,297.1366577148437,297.1499938964844,293.1499938964844,0.0,-0.0,291.1499938964844,0.9937558770179749,0.5556498765945435,0.5264928340911865,297.1542053222656,297.1499938964844,293.1499938964844,0.0,-0.0,291.1499938964844,0.9606976509094238,0.4960943162441253,0.3476314842700958,297.1504211425781,297.1499938964844,293.1499938964844,0.0,-0.0,291.1499938964844,0.9723280668258668,0.5145571827888489,0.4879524409770965,297.178955078125,297.1499938964844,293.1499938964844,0.0,-0.0,291.14996337890625,0.8392071723937988,0.3360700905323028,1.5190669298171997,291.1499938964844,291.1499938964844,288.75,287.119873046875,291.15020751953125,297.176513671875,291.1499938964844,1.0,0.6973897218704224,1.0,1.0,0.3243326842784881,1.0,-3.861614227294922,2.7623422145843506,1.0992720127105713,1.893720269203186,0.0,0.0,0.0,176.28475952148438,182.0,0.2682391703128814,-0.0,4449.76953125,1.0,293.1499938964844,293.1499938964844,293.1499938964844,293.1499938964844,293.1499938964844,293.1499938964844,278.1499938964844,0.0,18000.0,313.1499938964844,0.0,18000.0,0.0,0.0,0.0,0.0,0.0,0.0,0.0,0.0,0.0,0.0,-0.0,-0.0,0.0,0.0,0.0,0.0,0.0,-0.0,0.0,0.0,0.0,0.0,0.0,0.0,0.0,0.0,0.0,4.0,0.0,0.0
11897760,297.12774658203125,297.1499938964844,293.1499938964844,0.0,-0.0,291.150146484375,0.8603008389472961,0.3688896298408508,0.3336911797523498,297.1357727050781,297.1499938964844,293.1499938964844,0.0,-0.0,291.150146484375,0.9896610975265504,0.5554774403572083,0.5264382362365723,297.1526794433594,297.1499938964844,293.1499938964844,0.0,-0.0,291.150146484375,0.9553727507591248,0.4959690570831299,0.3476262986660003,297.1495666503906,297.1499938964844,293.1499938964844,0.0,-0.0,291.150146484375,0.9673864841461182,0.514477550983429,0.4879847764968872,297.1792297363281,297.1499938964844,293.1499938964844,0.0,-0.0,291.150146484375,0.835328996181488,0.336280882358551,1.5204989910125732,291.150146484375,291.1499938964844,288.75,287.119873046875,291.1504211425781,297.1768493652344,291.1501770019531,1.0,0.6989856362342834,1.0,1.0,0.3243327140808105,1.0,-3.863225221633911,2.763439655303955,1.099785566329956,1.8944371938705444,0.0,0.0,0.0,178.85984802246094,200.0,0.3671073615550995,-0.0,4471.39208984375,1.0,293.1499938964844,293.1499938964844,293.1499938964844,293.1499938964844,293.1499938964844,293.1499938964844,278.1499938964844,0.0,18000.0,313.1499938964844,0.0,18000.0,0.0,0.0,0.0,0.0,0.0,0.0,0.0,0.0,0.0,0.0,-0.0,-0.0,0.0,0.0,0.0,0.0,0.0,-0.0,0.0,0.0,0.0,0.0,0.0,0.0,0.0,0.0,0.0,4.0,0.0,0.0
11897820,297.1260681152344,297.1499938964844,293.1499938964844,0.0,-0.0,291.1504821777344,0.8444249033927917,0.3684374988079071,0.3336779773235321,297.1335144042969,297.1499938964844,293.1499938964844,0.0,-0.0,291.1504821777344,0.9731811881065368,0.5550680160522461,0.5264618992805481,297.1490173339844,297.1499938964844,293.1499938964844,0.0,-0.0,291.1504821777344,0.935081422328949,0.4956324100494385,0.3476990163326263,297.1473999023437,297.1499938964844,293.1499938964844,0.0,-0.0,291.1504821777344,0.948094606399536,0.5142525434494019,0.488181471824646,297.17926025390625,297.1499938964844,293.1499938964844,0.0,-0.0,291.1504821777344,0.8211176991462708,0.3366545438766479,1.5240755081176758,291.1504821777344,291.1499938964844,288.75,287.119873046875,291.1507873535156,297.1770324707031,291.1505126953125,1.0,0.704598069190979,1.0,1.0,0.3243327438831329,1.0,-3.867864847183228,2.766601800918579,1.1012630462646484,1.8965392112731927,0.0,0.0,0.0,188.91378784179688,218.0,0.4503272175788879,-0.0,4551.19580078125,1.0,293.1499938964844,293.1499938964844,293.1499938964844,293.1499938964844,293.1499938964844,293.1499938964844,278.1499938964844,0.0,18000.0,313.1499938964844,0.0,18000.0,0.0,0.0,0.0,0.0,0.0,0.0,0.0,0.0,0.0,0.0,-0.0,-0.0,0.0,0.0,0.0,0.0,0.0,-0.0,0.0,0.0,0.0,0.0,0.0,0.0,0.0,0.0,0.0,4.0,0.0,0.0
11897880,297.1260681152344,297.1499938964844,293.1499938964844,0.0,-0.0,291.1504821777344,0.8444249033927917,0.3684374988079071,0.3336779773235321,297.1335144042969,297.1499938964844,293.1499938964844,0.0,-0.0,291.1504821777344,0.9731811881065368,0.5550680160522461,0.5264618992805481,297.1490173339844,297.1499938964844,293.1499938964844,0.0,-0.0,291.1504821777344,0.935081422328949,0.4956324100494385,0.3476990163326263,297.1473999023437,297.1499938964844,293.1499938964844,0.0,-0.0,291.1504821777344,0.948094606399536,0.5142525434494019,0.488181471824646,297.17926025390625,297.1499938964844,293.1499938964844,0.0,-0.0,291.1504821777344,0.8211176991462708,0.3366545438766479,1.5240755081176758,291.1504821777344,291.1499938964844,288.75,287.119873046875,291.1507873535156,297.1770324707031,291.1505126953125,1.0,0.704598069190979,1.0,1.0,0.3243327438831329,1.0,-3.867864847183228,2.766601800918579,1.1012630462646484,1.8965392112731927,0.0,0.0,0.0,188.91378784179688,218.0,0.4503272175788879,-0.0,4551.19580078125,1.0,293.1499938964844,293.1499938964844,293.1499938964844,293.1499938964844,293.1499938964844,293.1499938964844,278.1499938964844,0.0,18000.0,313.1499938964844,0.0,18000.0,0.0,0.0,0.0,0.0,0.0,0.0,0.0,0.0,0.0,0.0,-0.0,-0.0,0.0,0.0,0.0,0.0,0.0,-0.0,0.0,0.0,0.0,0.0,0.0,0.0,0.0,0.0,0.0,4.0,0.0,0.0
11897940,297.1236267089844,297.1499938964844,293.1499938964844,0.0,-0.0,291.1507568359375,0.8260096311569214,0.3678888380527496,0.3337222635746002,297.13067626953125,297.1499938964844,293.1499938964844,0.0,-0.0,291.1507568359375,0.9498862028121948,0.5545726418495178,0.5265577435493469,297.14471435546875,297.1499938964844,293.1499938964844,0.0,-0.0,291.1507568359375,0.9101189970970154,0.4951832294464111,0.3478060364723205,297.1446228027344,297.1499938964844,293.1499938964844,0.0,-0.0,291.1507568359375,0.922909140586853,0.5139397382736206,0.4884485602378845,297.1785888671875,297.1499938964844,293.1499938964844,0.0,-0.0,291.1507568359375,0.8031240105628967,0.3369590938091278,1.5280746221542358,291.1507568359375,291.1499938964844,288.75,287.119873046875,291.15106201171875,297.17657470703125,291.1507873535156,1.0,0.7120668292045593,1.0,1.0,0.3243328034877777,1.0,-3.873296022415161,2.770301818847656,1.102994084358215,1.8990119695663448,0.0,0.0,0.0,202.8962554931641,236.0,0.4021846950054168,-0.0,4659.5068359375,1.0,293.1499938964844,293.1499938964844,293.1499938964844,293.1499938964844,293.1499938964844,293.1499938964844,278.1499938964844,0.0,18000.0,313.1499938964844,0.0,18000.0,0.0,0.0,0.0,0.0,0.0,0.0,0.0,0.0,0.0,0.0,-0.0,-0.0,0.0,0.0,0.0,0.0,0.0,-0.0,0.0,0.0,0.0,0.0,0.0,0.0,0.0,0.0,0.0,4.0,0.0,0.0
11898000,297.1236267089844,297.1499938964844,293.1499938964844,0.0,-0.0,291.1507568359375,0.8260096311569214,0.3678888380527496,0.3337222635746002,297.13067626953125,297.1499938964844,293.1499938964844,0.0,-0.0,291.1507568359375,0.9498862028121948,0.5545726418495178,0.5265577435493469,297.14471435546875,297.1499938964844,293.1499938964844,0.0,-0.0,291.1507568359375,0.9101189970970154,0.4951832294464111,0.3478060364723205,297.1446228027344,297.1499938964844,293.1499938964844,0.0,-0.0,291.1507568359375,0.922909140586853,0.5139397382736206,0.4884485602378845,297.1785888671875,297.1499938964844,293.1499938964844,0.0,-0.0,291.1507568359375,0.8031240105628967,0.3369590938091278,1.5280746221542358,291.1507568359375,291.1499938964844,288.75,287.119873046875,291.15106201171875,297.17657470703125,291.1507873535156,1.0,0.7120668292045593,1.0,1.0,0.3243328034877777,1.0,-3.873296022415161,2.770301818847656,1.102994084358215,1.8990119695663448,0.0,0.0,0.0,202.8962554931641,236.0,0.4021846950054168,-0.0,4659.5068359375,1.0,293.1499938964844,293.1499938964844,293.1499938964844,293.1499938964844,293.1499938964844,293.1499938964844,278.1499938964844,0.0,18000.0,313.1499938964844,0.0,18000.0,0.0,0.0,0.0,0.0,0.0,0.0,0.0,0.0,0.0,0.0,-0.0,-0.0,0.0,0.0,0.0,0.0,0.0,-0.0,0.0,0.0,0.0,0.0,0.0,0.0,0.0,0.0,0.0,4.0,0.0,0.0
11898060,297.1188659667969,297.1499938964844,293.1499938964844,0.0,-0.0,291.15020751953125,0.807361364364624,0.3670747876167297,0.3336772322654724,297.1255798339844,297.1499938964844,293.1499938964844,0.0,-0.0,291.15020751953125,0.9242374300956726,0.5538151860237122,0.526565432548523,297.1380920410156,297.1499938964844,293.1499938964844,0.0,-0.0,291.15020751953125,0.8877948522567749,0.494449257850647,0.3478312790393829,297.1395568847656,297.1499938964844,293.1499938964844,0.0,-0.0,291.15020751953125,0.8991044759750366,0.5133615732192993,0.4886248707771301,297.1754455566406,297.1499938964844,293.1499938964844,0.0,-0.0,291.15020751953125,0.7843225002288818,0.3370054066181183,1.531692385673523,291.15020751953125,291.1499938964844,288.74908447265625,287.1195068359375,291.1497497558594,297.1736755371094,291.150146484375,1.0,0.7203688621520996,1.0,1.0,0.3243047297000885,1.0,-3.877851247787476,2.7734973430633545,1.104353904724121,1.901214361190796,0.0,0.0,0.0,219.12332153320312,254.0,-0.7484027743339539,-0.0,4780.4013671875,1.0,293.1499938964844,293.1499938964844,293.1499938964844,293.1499938964844,293.1499938964844,293.1499938964844,278.1499938964844,0.0,18000.0,313.1499938964844,0.0,18000.0,0.0,0.0,0.0,0.0,0.0,0.0,0.0,0.0,0.0,0.0,-0.0,-0.0,0.0,0.0,0.0,0.0,0.0,-0.0,0.0,0.0,0.0,0.0,0.0,0.0,0.0,0.0,0.0,4.0,0.0,0.0
11898120,297.1188659667969,297.1499938964844,293.1499938964844,0.0,-0.0,291.15020751953125,0.807361364364624,0.3670747876167297,0.3336772322654724,297.1255798339844,297.1499938964844,293.1499938964844,0.0,-0.0,291.15020751953125,0.9242374300956726,0.5538151860237122,0.526565432548523,297.1380920410156,297.1499938964844,293.1499938964844,0.0,-0.0,291.15020751953125,0.8877948522567749,0.494449257850647,0.3478312790393829,297.1395568847656,297.1499938964844,293.1499938964844,0.0,-0.0,291.15020751953125,0.8991044759750366,0.5133615732192993,0.4886248707771301,297.1754455566406,297.1499938964844,293.1499938964844,0.0,-0.0,291.15020751953125,0.7843225002288818,0.3370054066181183,1.531692385673523,291.15020751953125,291.1499938964844,288.74908447265625,287.1195068359375,291.1497497558594,297.1736755371094,291.150146484375,1.0,0.7203688621520996,1.0,1.0,0.3243047297000885,1.0,-3.877851247787476,2.7734973430633545,1.104353904724121,1.901214361190796,0.0,0.0,0.0,219.12332153320312,254.0,-0.7484027743339539,-0.0,4780.4013671875,1.0,293.1499938964844,293.1499938964844,293.1499938964844,293.1499938964844,293.1499938964844,293.1499938964844,278.1499938964844,0.0,18000.0,313.1499938964844,0.0,18000.0,0.0,0.0,0.0,0.0,0.0,0.0,0.0,0.0,0.0,0.0,-0.0,-0.0,0.0,0.0,0.0,0.0,0.0,-0.0,0.0,0.0,0.0,0.0,0.0,0.0,0.0,0.0,0.0,4.0,0.0,0.0
11898180,297.1112670898437,297.1499938964844,293.1499938964844,0.0,-0.0,291.1474914550781,0.7884916663169861,0.3659100532531738,0.3333656191825866,297.1176147460937,297.1499938964844,293.1499938964844,0.0,-0.0,291.1474609375,0.901003897190094,0.552697479724884,0.5262881517410278,297.12860107421875,297.1499938964844,293.1499938964844,0.0,-0.0,291.1474914550781,0.867364764213562,0.4933392107486725,0.347633421421051,297.13153076171875,297.1499938964844,293.1499938964844,0.0,-0.0,291.1474914550781,0.878312349319458,0.5124173760414124,0.4885109066963196,297.1688842773437,297.1499938964844,293.1499938964844,0.0,-0.0,291.14752197265625,0.7668050527572632,0.3366659283638,1.5338646173477173,291.1474609375,291.1499938964844,288.7463684082031,287.11846923828125,291.1459045410156,297.1673583984375,291.1473388671875,1.0,0.7288251519203186,1.0,1.0,0.3242766559123993,1.0,-3.879385471343994,2.774639129638672,1.1047464609146118,1.90203595161438,0.0,0.0,0.0,236.73211669921875,272.0,-3.185511827468872,-0.0,4901.697265625,1.0,293.1499938964844,293.1499938964844,293.1499938964844,293.1499938964844,293.1499938964844,293.1499938964844,278.1499938964844,0.0,18000.0,313.1499938964844,0.0,18000.0,0.0,0.0,0.0,0.0,0.0,0.0,0.0,0.0,0.0,0.0,-0.0,-0.0,0.0,0.0,0.0,0.0,0.0,-0.0,0.0,0.0,0.0,0.0,0.0,0.0,0.0,0.0,0.0,4.0,0.0,0.0
11898240,297.1112670898437,297.1499938964844,293.1499938964844,0.0,-0.0,291.1474914550781,0.7884916663169861,0.3659100532531738,0.3333656191825866,297.1176147460937,297.1499938964844,293.1499938964844,0.0,-0.0,291.1474609375,0.901003897190094,0.552697479724884,0.5262881517410278,297.12860107421875,297.1499938964844,293.1499938964844,0.0,-0.0,291.1474914550781,0.867364764213562,0.4933392107486725,0.347633421421051,297.13153076171875,297.1499938964844,293.1499938964844,0.0,-0.0,291.1474914550781,0.878312349319458,0.5124173760414124,0.4885109066963196,297.1688842773437,297.1499938964844,293.1499938964844,0.0,-0.0,291.14752197265625,0.7668050527572632,0.3366659283638,1.5338646173477173,291.1474609375,291.1499938964844,288.7463684082031,287.11846923828125,291.1459045410156,297.1673583984375,291.1473388671875,1.0,0.7288251519203186,1.0,1.0,0.3242766559123993,1.0,-3.879385471343994,2.774639129638672,1.1047464609146118,1.90203595161438,0.0,0.0,0.0,236.73211669921875,272.0,-3.185511827468872,-0.0,4901.697265625,1.0,293.1499938964844,293.1499938964844,293.1499938964844,293.1499938964844,293.1499938964844,293.1499938964844,278.1499938964844,0.0,18000.0,313.1499938964844,0.0,18000.0,0.0,0.0,0.0,0.0,0.0,0.0,0.0,0.0,0.0,0.0,-0.0,-0.0,0.0,0.0,0.0,0.0,0.0,-0.0,0.0,0.0,0.0,0.0,0.0,0.0,0.0,0.0,0.0,4.0,0.0,0.0
11898300,297.1068115234375,297.1499938964844,293.1499938964844,0.0,-0.0,291.14532470703125,0.77972811460495,0.3652258813381195,0.3331233859062195,297.1129150390625,297.1499938964844,293.1499938964844,0.0,-0.0,291.1452941894531,0.8910309672355652,0.5520303249359131,0.5260534882545471,297.12322998046875,297.1499938964844,293.1499938964844,0.0,-0.0,291.1452941894531,0.8580905795097351,0.4926712214946747,0.347460001707077,297.1268310546875,297.1499938964844,293.1499938964844,0.0,-0.0,291.1452941894531,0.8687986731529236,0.5118347406387329,0.4883556663990021,297.16473388671875,297.1499938964844,293.1499938964844,0.0,-0.0,291.1453552246094,0.7588289380073547,0.3363761305809021,1.5344394445419312,291.1452941894531,291.1499938964844,288.7443542480469,287.11767578125,291.1431884765625,297.1632995605469,291.1451416015625,1.0,0.7330112457275391,1.0,1.0,0.3242626190185547,1.0,-3.8791093826293945,2.774500608444214,1.1046086549758911,1.901960849761963,0.0,0.0,0.0,245.8016815185547,272.0,-4.528472423553467,-0.0,4961.0,1.0,293.1499938964844,293.1499938964844,293.1499938964844,293.1499938964844,293.1499938964844,293.1499938964844,278.1499938964844,0.0,18000.0,313.1499938964844,0.0,18000.0,0.0,0.0,0.0,0.0,0.0,0.0,0.0,0.0,0.0,0.0,-0.0,-0.0,0.0,0.0,0.0,0.0,0.0,-0.0,0.0,0.0,0.0,0.0,0.0,0.0,0.0,0.0,0.0,4.0,0.0,0.0
11898360,297.10211181640625,297.1499938964844,293.1499938964844,0.0,-0.0,291.1429443359375,0.7715054154396057,0.3644891083240509,0.3328355550765991,297.1079406738281,297.1499938964844,293.1499938964844,0.0,-0.0,291.1429138183594,0.8816444277763367,0.5513061285018921,0.5257669687271118,297.1175537109375,297.1499938964844,293.1499938964844,0.0,-0.0,291.1429138183594,0.8494832515716553,0.4919434785842895,0.3472463488578796,297.1217956542969,297.1499938964844,293.1499938964844,0.0,-0.0,291.1429138183594,0.8599409461021423,0.5111938714981079,0.4881472885608673,297.16021728515625,297.1499938964844,293.1499938964844,0.0,-0.0,291.1429748535156,0.7514175772666931,0.336023211479187,1.5347373485565186,291.1429138183594,291.1499938964844,288.7419128417969,287.1167297363281,291.1405334472656,297.1588134765625,291.14276123046875,1.0,0.7371479272842407,1.0,1.0,0.3243246972560882,1.0,-3.878270387649536,2.773724317550659,1.104546070098877,1.901381015777588,0.0,0.0,0.0,254.9600982666016,275.0,-5.4662299156188965,-0.0,5019.17919921875,1.0,293.1499938964844,293.1499938964844,293.1499938964844,293.1499938964844,293.1499938964844,293.1499938964844,278.1499938964844,0.0,18000.0,313.1499938964844,0.0,18000.0,0.0,0.0,0.0,0.0,0.0,0.0,0.0,0.0,0.0,0.0,-0.0,-0.0,0.0,0.0,0.0,0.0,0.0,-0.0,0.0,0.0,0.0,0.0,0.0,0.0,0.0,0.0,0.0,4.0,0.0,0.0
11898420,297.0922546386719,297.1499938964844,293.1499938964844,0.0,-0.0,291.1373291015625,0.7616571187973022,0.3628855347633362,0.3318743705749511,297.097412109375,297.1499938964844,293.1499938964844,0.0,-0.0,291.1372985839844,0.870522677898407,0.5497075319290161,0.524772584438324,297.1056823730469,297.1499938964844,293.1499938964844,0.0,-0.0,291.1372985839844,0.839347243309021,0.4903319776058197,0.3465028703212738,297.11114501953125,297.1499938964844,293.1499938964844,0.0,-0.0,291.1372985839844,0.8495523929595947,0.5097583532333374,0.487305611371994,297.1503295898437,297.1499938964844,293.1499938964844,0.0,-0.0,291.1373596191406,0.7427391409873962,0.3351535201072693,1.5332589149475098,291.1372985839844,291.1499938964844,288.7357482910156,287.1142883300781,291.1339111328125,297.1490478515625,291.1370544433594,1.0,0.7412190437316895,1.0,1.0,0.3244488835334778,1.0,-3.872237682342529,2.769158840179444,1.1030789613723757,1.8982726335525515,0.0,0.0,0.0,266.16412353515625,263.0,-7.450413227081299,-0.0,5075.099609375,1.0,293.1499938964844,293.1499938964844,293.1499938964844,293.1499938964844,293.1499938964844,293.1499938964844,278.1499938964844,0.0,18000.0,313.1499938964844,0.0,18000.0,0.0,0.0,0.0,0.0,0.0,0.0,0.0,0.0,0.0,0.0,-0.0,-0.0,0.0,0.0,0.0,0.0,0.0,-0.0,0.0,0.0,0.0,0.0,0.0,0.0,0.0,0.0,0.0,4.0,0.0,0.0
11898480,297.0922546386719,297.1499938964844,293.1499938964844,0.0,-0.0,291.1373291015625,0.7616571187973022,0.3628855347633362,0.3318743705749511,297.097412109375,297.1499938964844,293.1499938964844,0.0,-0.0,291.1372985839844,0.870522677898407,0.5497075319290161,0.524772584438324,297.1056823730469,297.1499938964844,293.1499938964844,0.0,-0.0,291.1372985839844,0.839347243309021,0.4903319776058197,0.3465028703212738,297.11114501953125,297.1499938964844,293.1499938964844,0.0,-0.0,291.1372985839844,0.8495523929595947,0.5097583532333374,0.487305611371994,297.1503295898437,297.1499938964844,293.1499938964844,0.0,-0.0,291.1373596191406,0.7427391409873962,0.3351535201072693,1.5332589149475098,291.1372985839844,291.1499938964844,288.7357482910156,287.1142883300781,291.1339111328125,297.1490478515625,291.1370544433594,1.0,0.7412190437316895,1.0,1.0,0.3244488835334778,1.0,-3.872237682342529,2.769158840179444,1.1030789613723757,1.8982726335525515,0.0,0.0,0.0,266.16412353515625,263.0,-7.450413227081299,-0.0,5075.099609375,1.0,293.1499938964844,293.1499938964844,293.1499938964844,293.1499938964844,293.1499938964844,293.1499938964844,278.1499938964844,0.0,18000.0,313.1499938964844,0.0,18000.0,0.0,0.0,0.0,0.0,0.0,0.0,0.0,0.0,0.0,0.0,-0.0,-0.0,0.0,0.0,0.0,0.0,0.0,-0.0,0.0,0.0,0.0,0.0,0.0,0.0,0.0,0.0,0.0,4.0,0.0,0.0
11898540,297.0824584960937,297.1499938964844,293.1499938964844,0.0,-0.0,291.1300354003906,0.7600199580192566,0.3611602783203125,0.3303853273391723,297.0866394042969,297.1499938964844,293.1499938964844,0.0,-0.0,291.1299743652344,0.8690481185913086,0.5479479432106018,0.523189902305603,297.0936889648437,297.1499938964844,293.1499938964844,0.0,-0.0,291.1300048828125,0.8379117250442505,0.4885554611682892,0.3453209698200226,297.1002197265625,297.1499938964844,293.1499938964844,0.0,-0.0,291.1299743652344,0.8481948375701904,0.5081585049629211,0.4858717918395996,297.1401062011719,297.1499938964844,293.1499938964844,0.0,-0.0,291.13006591796875,0.741610586643219,0.334118902683258,1.528944969177246,291.1299743652344,291.1499938964844,288.7279357910156,287.1112365722656,291.12554931640625,297.1388854980469,291.1296691894531,1.0,0.7392973899841309,1.0,1.0,0.3245730698108673,1.0,-3.860209465026856,2.760512113571167,1.0996973514556885,1.8924345970153809,0.0,0.0,0.0,266.2380065917969,251.0,-9.671865463256836,-0.0,5039.166015625,1.0,293.1499938964844,293.1499938964844,293.1499938964844,293.1499938964844,293.1499938964844,293.1499938964844,278.1499938964844,0.0,18000.0,313.1499938964844,0.0,18000.0,0.0,0.0,0.0,0.0,0.0,0.0,0.0,0.0,0.0,0.0,-0.0,-0.0,0.0,0.0,0.0,0.0,0.0,-0.0,0.0,0.0,0.0,0.0,0.0,0.0,0.0,0.0,0.0,4.0,0.0,0.0
11898600,297.0824584960937,297.1499938964844,293.1499938964844,0.0,-0.0,291.1300354003906,0.7600199580192566,0.3611602783203125,0.3303853273391723,297.0866394042969,297.1499938964844,293.1499938964844,0.0,-0.0,291.1299743652344,0.8690481185913086,0.5479479432106018,0.523189902305603,297.0936889648437,297.1499938964844,293.1499938964844,0.0,-0.0,291.1300048828125,0.8379117250442505,0.4885554611682892,0.3453209698200226,297.1002197265625,297.1499938964844,293.1499938964844,0.0,-0.0,291.1299743652344,0.8481948375701904,0.5081585049629211,0.4858717918395996,297.1401062011719,297.1499938964844,293.1499938964844,0.0,-0.0,291.13006591796875,0.741610586643219,0.334118902683258,1.528944969177246,291.1299743652344,291.1499938964844,288.7279357910156,287.1112365722656,291.12554931640625,297.1388854980469,291.1296691894531,1.0,0.7392973899841309,1.0,1.0,0.3245730698108673,1.0,-3.860209465026856,2.760512113571167,1.0996973514556885,1.8924345970153809,0.0,0.0,0.0,266.2380065917969,251.0,-9.671865463256836,-0.0,5039.166015625,1.0,293.1499938964844,293.1499938964844,293.1499938964844,293.1499938964844,293.1499938964844,293.1499938964844,278.1499938964844,0.0,18000.0,313.1499938964844,0.0,18000.0,0.0,0.0,0.0,0.0,0.0,0.0,0.0,0.0,0.0,0.0,-0.0,-0.0,0.0,0.0,0.0,0.0,0.0,-0.0,0.0,0.0,0.0,0.0,0.0,0.0,0.0,0.0,0.0,4.0,0.0,0.0
11898660,297.0732116699219,297.1499938964844,293.1499938964844,0.0,-0.0,291.1239318847656,0.762444019317627,0.3593674302101135,0.3286135494709015,297.0760803222656,297.1499938964844,293.1499938964844,0.0,-0.0,291.1239013671875,0.8723692297935486,0.546076238155365,0.5212683081626892,297.08209228515625,297.1499938964844,293.1499938964844,0.0,-0.0,291.1239013671875,0.8407818078994751,0.4866649806499481,0.3438871502876282,297.08953857421875,297.1499938964844,293.1499938964844,0.0,-0.0,291.1239013671875,0.8513047695159912,0.5064440369606018,0.4840965270996094,297.130126953125,297.1499938964844,293.1499938964844,0.0,-0.0,291.1239624023437,0.7442174553871155,0.3329824805259704,1.5230536460876465,291.1239013671875,291.1499938964844,288.7185363769531,287.1075134277344,291.1201477050781,297.12896728515625,291.1236572265625,1.0,0.734515905380249,1.0,1.0,0.3252815306186676,1.0,-3.844815731048584,2.747586250305176,1.0972293615341189,1.8830257654190063,0.0,0.0,0.0,260.4786682128906,239.0,-8.602240562438965,-0.0,4954.986328125,1.0,293.1499938964844,293.1499938964844,293.1499938964844,293.1499938964844,293.1499938964844,293.1499938964844,278.1499938964844,0.0,18000.0,313.1499938964844,0.0,18000.0,0.0,0.0,0.0,0.0,0.0,0.0,0.0,0.0,0.0,0.0,-0.0,-0.0,0.0,0.0,0.0,0.0,0.0,-0.0,0.0,0.0,0.0,0.0,0.0,0.0,0.0,0.0,0.0,4.0,0.0,0.0
11898720,297.0732116699219,297.1499938964844,293.1499938964844,0.0,-0.0,291.1239318847656,0.762444019317627,0.3593674302101135,0.3286135494709015,297.0760803222656,297.1499938964844,293.1499938964844,0.0,-0.0,291.1239013671875,0.8723692297935486,0.546076238155365,0.5212683081626892,297.08209228515625,297.1499938964844,293.1499938964844,0.0,-0.0,291.1239013671875,0.8407818078994751,0.4866649806499481,0.3438871502876282,297.08953857421875,297.1499938964844,293.1499938964844,0.0,-0.0,291.1239013671875,0.8513047695159912,0.5064440369606018,0.4840965270996094,297.130126953125,297.1499938964844,293.1499938964844,0.0,-0.0,291.1239624023437,0.7442174553871155,0.3329824805259704,1.5230536460876465,291.1239013671875,291.1499938964844,288.7185363769531,287.1075134277344,291.1201477050781,297.12896728515625,291.1236572265625,1.0,0.734515905380249,1.0,1.0,0.3252815306186676,1.0,-3.844815731048584,2.747586250305176,1.0972293615341189,1.8830257654190063,0.0,0.0,0.0,260.4786682128906,239.0,-8.602240562438965,-0.0,4954.986328125,1.0,293.1499938964844,293.1499938964844,293.1499938964844,293.1499938964844,293.1499938964844,293.1499938964844,278.1499938964844,0.0,18000.0,313.1499938964844,0.0,18000.0,0.0,0.0,0.0,0.0,0.0,0.0,0.0,0.0,0.0,0.0,-0.0,-0.0,0.0,0.0,0.0,0.0,0.0,-0.0,0.0,0.0,0.0,0.0,0.0,0.0,0.0,0.0,0.0,4.0,0.0,0.0
11898780,297.0646057128906,297.1499938964844,293.1499938964844,0.0,-0.0,291.1178894042969,0.7671628594398499,0.35752072930336,0.3266893625259399,297.0659484863281,297.1499938964844,293.1499938964844,0.0,-0.0,291.1178283691406,0.8783966302871704,0.5441125631332397,0.5191490650177002,297.0710144042969,297.1499938964844,293.1499938964844,0.0,-0.0,291.11785888671875,0.846084713935852,0.4846798777580261,0.3423056304454803,297.0792541503906,297.1499938964844,293.1499938964844,0.0,-0.0,291.1178283691406,0.8569527864456177,0.5046350359916687,0.4821210503578186,297.1206970214844,297.1499938964844,293.1499938964844,0.0,-0.0,291.1178894042969,0.7489491105079651,0.331772893667221,1.5162949562072754,291.1178283691406,291.1499938964844,288.70758056640625,287.1031494140625,291.1138610839844,297.1196594238281,291.1175537109375,1.0,0.7281795740127563,1.0,1.0,0.3259900212287903,1.0,-3.827537298202514,2.733333110809326,1.0942041873931885,1.8727093935012813,0.0,0.0,0.0,251.8280029296875,227.0,-8.626041412353516,-0.0,4846.9462890625,1.0,293.1499938964844,293.1499938964844,293.1499938964844,293.1499938964844,293.1499938964844,293.1499938964844,278.1499938964844,0.0,18000.0,313.1499938964844,0.0,18000.0,0.0,0.0,0.0,0.0,0.0,0.0,0.0,0.0,0.0,0.0,-0.0,-0.0,0.0,0.0,0.0,0.0,0.0,-0.0,0.0,0.0,0.0,0.0,0.0,0.0,0.0,0.0,0.0,4.0,0.0,0.0
11898840,297.0646057128906,297.1499938964844,293.1499938964844,0.0,-0.0,291.1178894042969,0.7671628594398499,0.35752072930336,0.3266893625259399,297.0659484863281,297.1499938964844,293.1499938964844,0.0,-0.0,291.1178283691406,0.8783966302871704,0.5441125631332397,0.5191490650177002,297.0710144042969,297.1499938964844,293.1499938964844,0.0,-0.0,291.11785888671875,0.846084713935852,0.4846798777580261,0.3423056304454803,297.0792541503906,297.1499938964844,293.1499938964844,0.0,-0.0,291.1178283691406,0.8569527864456177,0.5046350359916687,0.4821210503578186,297.1206970214844,297.1499938964844,293.1499938964844,0.0,-0.0,291.1178894042969,0.7489491105079651,0.331772893667221,1.5162949562072754,291.1178283691406,291.1499938964844,288.70758056640625,287.1031494140625,291.1138610839844,297.1196594238281,291.1175537109375,1.0,0.7281795740127563,1.0,1.0,0.3259900212287903,1.0,-3.827537298202514,2.733333110809326,1.0942041873931885,1.8727093935012813,0.0,0.0,0.0,251.8280029296875,227.0,-8.626041412353516,-0.0,4846.9462890625,1.0,293.1499938964844,293.1499938964844,293.1499938964844,293.1499938964844,293.1499938964844,293.1499938964844,278.1499938964844,0.0,18000.0,313.1499938964844,0.0,18000.0,0.0,0.0,0.0,0.0,0.0,0.0,0.0,0.0,0.0,0.0,-0.0,-0.0,0.0,0.0,0.0,0.0,0.0,-0.0,0.0,0.0,0.0,0.0,0.0,0.0,0.0,0.0,0.0,4.0,0.0,0.0
11898900,297.0604553222656,297.1499938964844,293.1499938964844,0.0,-0.0,291.11456298828125,0.7701380848884583,0.3565727174282074,0.3256844580173492,297.0610046386719,297.1499938964844,293.1499938964844,0.0,-0.0,291.114501953125,0.8821339011192322,0.5430934429168701,0.5180322527885437,297.06561279296875,297.1499938964844,293.1499938964844,0.0,-0.0,291.114501953125,0.8493955135345459,0.4836486577987671,0.3414717018604278,297.07421875,297.1499938964844,293.1499938964844,0.0,-0.0,291.114501953125,0.8604669570922852,0.503692626953125,0.4810754060745239,297.1161499023437,297.1499938964844,293.1499938964844,0.0,-0.0,291.11456298828125,0.7518954277038574,0.3311408162117004,1.5126848220825195,291.114501953125,291.1499938964844,288.7015686035156,287.1007385253906,291.1103515625,297.1152038574219,291.1141967773437,1.0,0.7246526479721069,1.0,1.0,0.3263442516326904,1.0,-3.818378210067749,2.7258615493774414,1.0925166606903076,1.867323398590088,0.0,0.0,0.0,246.88748168945312,227.0,-8.969439506530762,-0.0,4787.7314453125,1.0,293.1499938964844,293.1499938964844,293.1499938964844,293.1499938964844,293.1499938964844,293.1499938964844,278.1499938964844,0.0,18000.0,313.1499938964844,0.0,18000.0,0.0,0.0,0.0,0.0,0.0,0.0,0.0,0.0,0.0,0.0,-0.0,-0.0,0.0,0.0,0.0,0.0,0.0,-0.0,0.0,0.0,0.0,0.0,0.0,0.0,0.0,0.0,0.0,4.0,0.0,0.0
11898960,297.0564270019531,297.1499938964844,293.1499938964844,0.0,-0.0,291.1120300292969,0.7734423279762268,0.355608195066452,0.324655681848526,297.0561218261719,297.1499938964844,293.1499938964844,0.0,-0.0,291.11199951171875,0.8862549662590027,0.5420500636100769,0.5168830156326294,297.060302734375,297.1499938964844,293.1499938964844,0.0,-0.0,291.11199951171875,0.8530657887458801,0.4825924038887024,0.3406131863594055,297.0692749023437,297.1499938964844,293.1499938964844,0.0,-0.0,291.11199951171875,0.8643559813499451,0.5027254819869995,0.4799969494342804,297.1117248535156,297.1499938964844,293.1499938964844,0.0,-0.0,291.1120300292969,0.7551596164703369,0.3304912745952606,1.5089513063430786,291.11199951171875,291.1499938964844,288.6951599121094,287.0981750488281,291.1088562011719,297.11083984375,291.11181640625,1.0,0.7209638357162476,1.0,1.0,0.3270228505134582,1.0,-3.808934211730957,2.71713662147522,1.0917974710464478,1.8607492446899407,0.0,0.0,0.0,241.7000274658203,215.0,-7.695748805999756,-0.0,4726.33837890625,1.0,293.1499938964844,293.1499938964844,293.1499938964844,293.1499938964844,293.1499938964844,293.1499938964844,278.1499938964844,0.0,18000.0,313.1499938964844,0.0,18000.0,0.0,0.0,0.0,0.0,0.0,0.0,0.0,0.0,0.0,0.0,-0.0,-0.0,0.0,0.0,0.0,0.0,0.0,-0.0,0.0,0.0,0.0,0.0,0.0,0.0,0.0,0.0,0.0,4.0,0.0,0.0
11899020,297.0513916015625,297.1499938964844,293.1499938964844,0.0,-0.0,291.1097717285156,0.778154730796814,0.3543479442596435,0.3233031630516052,297.04998779296875,297.1499938964844,293.1499938964844,0.0,-0.0,291.1097412109375,0.8920890688896179,0.5406771302223206,0.5153632760047913,297.0536499023437,297.1499938964844,293.1499938964844,0.0,-0.0,291.1097412109375,0.8583009839057922,0.4812019169330597,0.3394774496555328,297.06304931640625,297.1499938964844,293.1499938964844,0.0,-0.0,291.1097412109375,0.8698896169662476,0.5014495253562927,0.4785673320293426,297.106201171875,297.1499938964844,293.1499938964844,0.0,-0.0,291.1097717285156,0.7598132491111755,0.3296332359313965,1.5039923191070557,291.1097412109375,291.1499938964844,288.6864013671875,287.0946655273437,291.1068725585937,297.10546875,291.10955810546875,1.0,0.7160274982452393,1.0,1.0,0.3278961777687073,1.0,-3.7964234352111816,2.705589771270752,1.0908336639404297,1.852039456367493,0.0,0.0,0.0,234.7552795410156,215.0,-6.271153450012207,-0.0,4644.9814453125,1.0,293.1499938964844,293.1499938964844,293.1499938964844,293.1499938964844,293.1499938964844,293.1499938964844,278.1499938964844,0.0,18000.0,313.1499938964844,0.0,18000.0,0.0,0.0,0.0,0.0,0.0,0.0,0.0,0.0,0.0,0.0,-0.0,-0.0,0.0,0.0,0.0,0.0,0.0,-0.0,0.0,0.0,0.0,0.0,0.0,0.0,0.0,0.0,0.0,4.0,0.0,0.0
11899080,297.0487060546875,297.1499938964844,293.1499938964844,0.0,-0.0,291.10845947265625,0.7809799313545227,0.3536390960216522,0.32254159450531,297.0466613769531,297.1499938964844,293.1499938964844,0.0,-0.0,291.1084289550781,0.8955658078193665,0.5399004817008972,0.5145033597946167,297.050048828125,297.1499938964844,293.1499938964844,0.0,-0.0,291.1084289550781,0.8614448308944702,0.480415016412735,0.3388346135616302,297.0596618652344,297.1499938964844,293.1499938964844,0.0,-0.0,291.1084289550781,0.873204231262207,0.5007261037826538,0.4777567982673645,297.103271484375,297.1499938964844,293.1499938964844,0.0,-0.0,291.10845947265625,0.7626067996025085,0.3291464149951935,1.501178503036499,291.1084289550781,291.1499938964844,288.6813049316406,287.09259033203125,291.1056213378906,297.1025695800781,291.1082458496094,1.0,0.7132177352905273,1.0,1.0,0.3283800780773163,1.0,-3.789337635040283,2.699096441268921,1.0902411937713623,1.847145199775696,0.0,0.0,0.0,230.8116455078125,203.0,-5.91136360168457,-0.0,4599.06005859375,1.0,293.1499938964844,293.1499938964844,293.1499938964844,293.1499938964844,293.1499938964844,293.1499938964844,278.1499938964844,0.0,18000.0,313.1499938964844,0.0,18000.0,0.0,0.0,0.0,0.0,0.0,0.0,0.0,0.0,0.0,0.0,-0.0,-0.0,0.0,0.0,0.0,0.0,0.0,-0.0,0.0,0.0,0.0,0.0,0.0,0.0,0.0,0.0,0.0,4.0,0.0,0.0
11899140,297.0413513183594,297.1499938964844,293.1499938964844,0.0,-0.0,291.1044616699219,0.789655864238739,0.3516083657741546,0.3203629851341247,297.0375061035156,297.1499938964844,293.1499938964844,0.0,-0.0,291.1044311523437,0.9062371850013732,0.5376616716384888,0.5120298266410828,297.0401611328125,297.1499938964844,293.1499938964844,0.0,-0.0,291.1044311523437,0.8711465001106262,0.4781457781791687,0.336984783411026,297.0503234863281,297.1499938964844,293.1499938964844,0.0,-0.0,291.1044311523437,0.8833891749382019,0.4986352324485779,0.4754204452037811,297.09521484375,297.1499938964844,293.1499938964844,0.0,-0.0,291.1044616699219,0.7712236046791077,0.3277378678321838,1.493067979812622,291.1044311523437,291.1499938964844,288.6660461425781,287.08642578125,291.1014709472656,297.0947570800781,291.10418701171875,1.0,0.7051318287849426,1.0,1.0,0.3297373056411743,1.0,-3.768943071365357,2.6805694103240967,1.0883736610412598,1.833174467086792,0.0,0.0,0.0,219.5512237548828,191.0,-5.794247150421143,-0.0,4468.37841796875,1.0,293.1499938964844,293.1499938964844,293.1499938964844,293.1499938964844,293.1499938964844,293.1499938964844,278.1499938964844,0.0,18000.0,313.1499938964844,0.0,18000.0,0.0,0.0,0.0,0.0,0.0,0.0,0.0,0.0,0.0,0.0,-0.0,-0.0,0.0,0.0,0.0,0.0,0.0,-0.0,0.0,0.0,0.0,0.0,0.0,0.0,0.0,0.0,0.0,4.0,0.0,0.0
11899200,297.0413513183594,297.1499938964844,293.1499938964844,0.0,-0.0,291.1044616699219,0.789655864238739,0.3516083657741546,0.3203629851341247,297.0375061035156,297.1499938964844,293.1499938964844,0.0,-0.0,291.1044311523437,0.9062371850013732,0.5376616716384888,0.5120298266410828,297.0401611328125,297.1499938964844,293.1499938964844,0.0,-0.0,291.1044311523437,0.8711465001106262,0.4781457781791687,0.336984783411026,297.0503234863281,297.1499938964844,293.1499938964844,0.0,-0.0,291.1044311523437,0.8833891749382019,0.4986352324485779,0.4754204452037811,297.09521484375,297.1499938964844,293.1499938964844,0.0,-0.0,291.1044616699219,0.7712236046791077,0.3277378678321838,1.493067979812622,291.1044311523437,291.1499938964844,288.6660461425781,287.08642578125,291.1014709472656,297.0947570800781,291.10418701171875,1.0,0.7051318287849426,1.0,1.0,0.3297373056411743,1.0,-3.768943071365357,2.6805694103240967,1.0883736610412598,1.833174467086792,0.0,0.0,0.0,219.5512237548828,191.0,-5.794247150421143,-0.0,4468.37841796875,1.0,293.1499938964844,293.1499938964844,293.1499938964844,293.1499938964844,293.1499938964844,293.1499938964844,278.1499938964844,0.0,18000.0,313.1499938964844,0.0,18000.0,0.0,0.0,0.0,0.0,0.0,0.0,0.0,0.0,0.0,0.0,-0.0,-0.0,0.0,0.0,0.0,0.0,0.0,-0.0,0.0,0.0,0.0,0.0,0.0,0.0,0.0,0.0,0.0,4.0,0.0,0.0
11899260,297.03424072265625,297.1499938964844,293.1499938964844,0.0,-0.0,291.1017761230469,0.7994691729545593,0.3495122790336609,0.3181195557117462,297.028564453125,297.1499938964844,293.1499938964844,0.0,-0.0,291.10174560546875,0.91922265291214,0.5353306531906128,0.509462833404541,297.03057861328125,297.1499938964844,293.1499938964844,0.0,-0.0,291.10174560546875,0.8822271823883057,0.4757821261882782,0.3350642025470733,297.0412292480469,297.1499938964844,293.1499938964844,0.0,-0.0,291.10174560546875,0.8949329257011414,0.4964498579502105,0.4729885756969452,297.0874938964844,297.1499938964844,293.1499938964844,0.0,-0.0,291.1017761230469,0.7810550332069397,0.3262621760368347,1.4846283197402954,291.10174560546875,291.1499938964844,288.64947509765625,287.07965087890625,291.099609375,297.0873107910156,291.1015930175781,1.0,0.6967834830284119,1.0,1.0,0.3315286934375763,1.0,-3.7477622032165527,2.6601157188415527,1.0876466035842896,1.8173679113388064,0.0,0.0,0.0,208.1012420654297,179.0,-4.120748996734619,-0.0,4335.63037109375,1.0,293.1499938964844,293.1499938964844,293.1499938964844,293.1499938964844,293.1499938964844,293.1499938964844,278.1499938964844,0.0,18000.0,313.1499938964844,0.0,18000.0,0.0,0.0,0.0,0.0,0.0,0.0,0.0,0.0,0.0,0.0,-0.0,-0.0,0.0,0.0,0.0,0.0,0.0,-0.0,0.0,0.0,0.0,0.0,0.0,0.0,0.0,0.0,0.0,4.0,0.0,0.0
11899320,297.03424072265625,297.1499938964844,293.1499938964844,0.0,-0.0,291.1017761230469,0.7994691729545593,0.3495122790336609,0.3181195557117462,297.028564453125,297.1499938964844,293.1499938964844,0.0,-0.0,291.10174560546875,0.91922265291214,0.5353306531906128,0.509462833404541,297.03057861328125,297.1499938964844,293.1499938964844,0.0,-0.0,291.10174560546875,0.8822271823883057,0.4757821261882782,0.3350642025470733,297.0412292480469,297.1499938964844,293.1499938964844,0.0,-0.0,291.10174560546875,0.8949329257011414,0.4964498579502105,0.4729885756969452,297.0874938964844,297.1499938964844,293.1499938964844,0.0,-0.0,291.1017761230469,0.7810550332069397,0.3262621760368347,1.4846283197402954,291.10174560546875,291.1499938964844,288.64947509765625,287.07965087890625,291.099609375,297.0873107910156,291.1015930175781,1.0,0.6967834830284119,1.0,1.0,0.3315286934375763,1.0,-3.7477622032165527,2.6601157188415527,1.0876466035842896,1.8173679113388064,0.0,0.0,0.0,208.1012420654297,179.0,-4.120748996734619,-0.0,4335.63037109375,1.0,293.1499938964844,293.1499938964844,293.1499938964844,293.1499938964844,293.1499938964844,293.1499938964844,278.1499938964844,0.0,18000.0,313.1499938964844,0.0,18000.0,0.0,0.0,0.0,0.0,0.0,0.0,0.0,0.0,0.0,0.0,-0.0,-0.0,0.0,0.0,0.0,0.0,0.0,-0.0,0.0,0.0,0.0,0.0,0.0,0.0,0.0,0.0,0.0,4.0,0.0,0.0
11899380,297.0274353027344,297.1499938964844,293.1499938964844,0.0,-0.0,291.0992736816406,0.8104180693626404,0.3473557233810425,0.3158193826675415,297.0198974609375,297.1499938964844,293.1499938964844,0.0,-0.0,291.0992431640625,0.9344171285629272,0.5329124331474304,0.506811261177063,297.0213317871094,297.1499938964844,293.1499938964844,0.0,-0.0,291.0992431640625,0.8948440551757812,0.4733307361602783,0.333080381155014,297.03240966796875,297.1499938964844,293.1499938964844,0.0,-0.0,291.0992431640625,0.9081243872642516,0.4941749274730682,0.4704697132110595,297.08013916015625,297.1499938964844,293.1499938964844,0.0,-0.0,291.0992736816406,0.7922322154045105,0.3247218132019043,1.4758870601654053,291.0992431640625,291.1499938964844,288.631591796875,287.0722961425781,291.0970764160156,297.0802307128906,291.0990600585937,1.0,0.68821781873703,1.0,1.0,0.3333200514316559,1.0,-3.725867986679077,2.639207124710083,1.0866607427597046,1.8011914491653442,0.0,0.0,0.0,196.54920959472656,167.0,-3.768751382827759,-0.0,4201.7119140625,1.0,293.1499938964844,293.1499938964844,293.1499938964844,293.1499938964844,293.1499938964844,293.1499938964844,278.1499938964844,0.0,18000.0,313.1499938964844,0.0,18000.0,0.0,0.0,0.0,0.0,0.0,0.0,0.0,0.0,0.0,0.0,-0.0,-0.0,0.0,0.0,0.0,0.0,0.0,-0.0,0.0,0.0,0.0,0.0,0.0,0.0,0.0,0.0,0.0,4.0,0.0,0.0
11899440,297.0274353027344,297.1499938964844,293.1499938964844,0.0,-0.0,291.0992736816406,0.8104180693626404,0.3473557233810425,0.3158193826675415,297.0198974609375,297.1499938964844,293.1499938964844,0.0,-0.0,291.0992431640625,0.9344171285629272,0.5329124331474304,0.506811261177063,297.0213317871094,297.1499938964844,293.1499938964844,0.0,-0.0,291.0992431640625,0.8948440551757812,0.4733307361602783,0.333080381155014,297.03240966796875,297.1499938964844,293.1499938964844,0.0,-0.0,291.0992431640625,0.9081243872642516,0.4941749274730682,0.4704697132110595,297.08013916015625,297.1499938964844,293.1499938964844,0.0,-0.0,291.0992736816406,0.7922322154045105,0.3247218132019043,1.4758870601654053,291.0992431640625,291.1499938964844,288.631591796875,287.0722961425781,291.0970764160156,297.0802307128906,291.0990600585937,1.0,0.68821781873703,1.0,1.0,0.3333200514316559,1.0,-3.725867986679077,2.639207124710083,1.0866607427597046,1.8011914491653442,0.0,0.0,0.0,196.54920959472656,167.0,-3.768751382827759,-0.0,4201.7119140625,1.0,293.1499938964844,293.1499938964844,293.1499938964844,293.1499938964844,293.1499938964844,293.1499938964844,278.1499938964844,0.0,18000.0,313.1499938964844,0.0,18000.0,0.0,0.0,0.0,0.0,0.0,0.0,0.0,0.0,0.0,0.0,-0.0,-0.0,0.0,0.0,0.0,0.0,0.0,-0.0,0.0,0.0,0.0,0.0,0.0,0.0,0.0,0.0,0.0,4.0,0.0,0.0
11899500,297.0241394042969,297.1499938964844,293.1499938964844,0.0,-0.0,291.0977783203125,0.8161414861679077,0.3462538421154022,0.3146474659442901,297.0156555175781,297.1499938964844,293.1499938964844,0.0,-0.0,291.0977783203125,0.9426510334014891,0.5316673517227173,0.5054521560668945,297.0168151855469,297.1499938964844,293.1499938964844,0.0,-0.0,291.0977783203125,0.901785135269165,0.4720694124698639,0.3320639133453369,297.0280456542969,297.1499938964844,293.1499938964844,0.0,-0.0,291.0977783203125,0.9158963561058044,0.4930009245872497,0.4691762626171112,297.0765380859375,297.1499938964844,293.1499938964844,0.0,-0.0,291.0978088378906,0.7983728647232056,0.3239249885082245,1.4713983535766602,291.0977478027344,291.1499938964844,288.6221923828125,287.06842041015625,291.095458984375,297.0766906738281,291.0975646972656,1.0,0.6838588714599609,1.0,1.0,0.334215760231018,1.0,-3.714642286300659,2.628590583801269,1.0860515832901,1.7930011749267578,0.0,0.0,0.0,190.7528839111328,167.0,-3.963186740875244,-0.0,4134.431640625,1.0,293.1499938964844,293.1499938964844,293.1499938964844,293.1499938964844,293.1499938964844,293.1499938964844,278.1499938964844,0.0,18000.0,313.1499938964844,0.0,18000.0,0.0,0.0,0.0,0.0,0.0,0.0,0.0,0.0,0.0,0.0,-0.0,-0.0,0.0,0.0,0.0,0.0,0.0,-0.0,0.0,0.0,0.0,0.0,0.0,0.0,0.0,0.0,0.0,4.0,0.0,0.0
11899560,297.0209350585937,297.1499938964844,293.1499938964844,0.0,-0.0,291.0965576171875,0.8221035003662109,0.3451403975486755,0.3134640753269195,297.01141357421875,297.1499938964844,293.1499938964844,0.0,-0.0,291.0965576171875,0.951197862625122,0.5303999781608582,0.5040718913078308,297.0123596191406,297.1499938964844,293.1499938964844,0.0,-0.0,291.0965576171875,0.9094359278678894,0.4707864224910736,0.3310320377349853,297.02374267578125,297.1499938964844,293.1499938964844,0.0,-0.0,291.0965576171875,0.9244661331176758,0.4918042421340942,0.4678613245487213,297.072998046875,297.1499938964844,293.1499938964844,0.0,-0.0,291.0965576171875,0.8049102425575256,0.3231114149093628,1.466834545135498,291.0965576171875,291.1499938964844,288.6125183105469,287.0643920898437,291.0945739746094,297.0731506347656,291.0964050292969,1.0,0.6794536113739014,1.0,1.0,0.3352482318878174,1.0,-3.703242778778076,2.6174333095550537,1.0858094692230225,1.7843250036239624,0.0,0.0,0.0,184.9515838623047,155.0,-3.5757884979248047,-0.0,4067.039794921875,1.0,293.1499938964844,293.1499938964844,293.1499938964844,293.1499938964844,293.1499938964844,293.1499938964844,278.1499938964844,0.0,18000.0,313.1499938964844,0.0,18000.0,0.0,0.0,0.0,0.0,0.0,0.0,0.0,0.0,0.0,0.0,-0.0,-0.0,0.0,0.0,0.0,0.0,0.0,-0.0,0.0,0.0,0.0,0.0,0.0,0.0,0.0,0.0,0.0,4.0,0.0,0.0
11899620,297.0147399902344,297.1499938964844,293.1499938964844,0.0,-0.0,291.094482421875,0.8352298140525818,0.342876136302948,0.3110646605491638,297.00311279296875,297.1499938964844,293.1499938964844,0.0,-0.0,291.094482421875,0.9689052104949952,0.5278013348579407,0.5012499690055847,297.0036926269531,297.1499938964844,293.1499938964844,0.0,-0.0,291.094482421875,0.9278079867362976,0.4681625366210937,0.3289262056350708,297.0152893066406,297.1499938964844,293.1499938964844,0.0,-0.0,291.094482421875,0.9435285925865172,0.489345908164978,0.4651690721511841,297.06610107421875,297.1499938964844,293.1499938964844,0.0,-0.0,291.0945129394531,0.8187369108200073,0.3214353322982788,1.4574851989746094,291.094482421875,291.1499938964844,288.5922241210937,287.0559387207031,291.0924987792969,297.0662536621094,291.09429931640625,1.0,0.6705055236816406,1.0,1.0,0.337313175201416,1.0,-3.679938554763794,2.594773054122925,1.0851653814315796,1.7667813301086426,0.0,0.0,0.0,173.3337860107422,143.0,-3.1789283752441406,-0.0,3932.019775390625,1.0,293.1499938964844,293.1499938964844,293.1499938964844,293.1499938964844,293.1499938964844,293.1499938964844,278.1499938964844,0.0,18000.0,313.1499938964844,0.0,18000.0,0.0,0.0,0.0,0.0,0.0,0.0,0.0,0.0,0.0,0.0,-0.0,-0.0,0.0,0.0,0.0,0.0,0.0,-0.0,0.0,0.0,0.0,0.0,0.0,0.0,0.0,0.0,0.0,4.0,0.0,0.0
11899680,297.0147399902344,297.1499938964844,293.1499938964844,0.0,-0.0,291.094482421875,0.8352298140525818,0.342876136302948,0.3110646605491638,297.00311279296875,297.1499938964844,293.1499938964844,0.0,-0.0,291.094482421875,0.9689052104949952,0.5278013348579407,0.5012499690055847,297.0036926269531,297.1499938964844,293.1499938964844,0.0,-0.0,291.094482421875,0.9278079867362976,0.4681625366210937,0.3289262056350708,297.0152893066406,297.1499938964844,293.1499938964844,0.0,-0.0,291.094482421875,0.9435285925865172,0.489345908164978,0.4651690721511841,297.06610107421875,297.1499938964844,293.1499938964844,0.0,-0.0,291.0945129394531,0.8187369108200073,0.3214353322982788,1.4574851989746094,291.094482421875,291.1499938964844,288.5922241210937,287.0559387207031,291.0924987792969,297.0662536621094,291.09429931640625,1.0,0.6705055236816406,1.0,1.0,0.337313175201416,1.0,-3.679938554763794,2.594773054122925,1.0851653814315796,1.7667813301086426,0.0,0.0,0.0,173.3337860107422,143.0,-3.1789283752441406,-0.0,3932.019775390625,1.0,293.1499938964844,293.1499938964844,293.1499938964844,293.1499938964844,293.1499938964844,293.1499938964844,278.1499938964844,0.0,18000.0,313.1499938964844,0.0,18000.0,0.0,0.0,0.0,0.0,0.0,0.0,0.0,0.0,0.0,0.0,-0.0,-0.0,0.0,0.0,0.0,0.0,0.0,-0.0,0.0,0.0,0.0,0.0,0.0,0.0,0.0,0.0,0.0,4.0,0.0,0.0
11899740,297.0087585449219,297.1499938964844,293.1499938964844,0.0,-0.0,291.0919189453125,0.850827693939209,0.3405539691448211,0.3086165487766266,296.9949951171875,297.1499938964844,293.1499938964844,0.0,-0.0,291.0918884277344,0.9867925643920898,0.5251152515411377,0.4983479380607605,296.995361328125,297.1499938964844,293.1499938964844,0.0,-0.0,291.0918884277344,0.9492288827896118,0.4654620885848999,0.3267680406570434,297.00701904296875,297.1499938964844,293.1499938964844,0.0,-0.0,291.0918884277344,0.9642454981803894,0.4867992699146271,0.4623956084251404,297.0594177246094,297.1499938964844,293.1499938964844,0.0,-0.0,291.0919189453125,0.8340812921524048,0.3196919560432434,1.4478435516357422,291.0918884277344,291.1499938964844,288.5708312988281,287.0469665527344,291.0896301269531,297.0595397949219,291.0917053222656,1.0,0.6613770723342896,1.0,1.0,0.3393781185150146,1.0,-3.655967712402344,2.571760416030884,1.08420729637146,1.7489538192749023,0.0,0.0,0.0,161.7081756591797,146.0,-3.58532977104187,-0.0,3796.864013671875,1.0,293.1499938964844,293.1499938964844,293.1499938964844,293.1499938964844,293.1499938964844,293.1499938964844,278.1499938964844,0.0,18000.0,313.1499938964844,0.0,18000.0,0.0,0.0,0.0,0.0,0.0,0.0,0.0,0.0,0.0,0.0,-0.0,-0.0,0.0,0.0,0.0,0.0,0.0,-0.0,0.0,0.0,0.0,0.0,0.0,0.0,0.0,0.0,0.0,4.0,0.0,0.0
11899800,297.0087585449219,297.1499938964844,293.1499938964844,0.0,-0.0,291.0919189453125,0.850827693939209,0.3405539691448211,0.3086165487766266,296.9949951171875,297.1499938964844,293.1499938964844,0.0,-0.0,291.0918884277344,0.9867925643920898,0.5251152515411377,0.4983479380607605,296.995361328125,297.1499938964844,293.1499938964844,0.0,-0.0,291.0918884277344,0.9492288827896118,0.4654620885848999,0.3267680406570434,297.00701904296875,297.1499938964844,293.1499938964844,0.0,-0.0,291.0918884277344,0.9642454981803894,0.4867992699146271,0.4623956084251404,297.0594177246094,297.1499938964844,293.1499938964844,0.0,-0.0,291.0919189453125,0.8340812921524048,0.3196919560432434,1.4478435516357422,291.0918884277344,291.1499938964844,288.5708312988281,287.0469665527344,291.0896301269531,297.0595397949219,291.0917053222656,1.0,0.6613770723342896,1.0,1.0,0.3393781185150146,1.0,-3.655967712402344,2.571760416030884,1.08420729637146,1.7489538192749023,0.0,0.0,0.0,161.7081756591797,146.0,-3.58532977104187,-0.0,3796.864013671875,1.0,293.1499938964844,293.1499938964844,293.1499938964844,293.1499938964844,293.1499938964844,293.1499938964844,278.1499938964844,0.0,18000.0,313.1499938964844,0.0,18000.0,0.0,0.0,0.0,0.0,0.0,0.0,0.0,0.0,0.0,0.0,-0.0,-0.0,0.0,0.0,0.0,0.0,0.0,-0.0,0.0,0.0,0.0,0.0,0.0,0.0,0.0,0.0,0.0,4.0,0.0,0.0
11899860,297.0028381347656,297.1499938964844,293.1499938964844,0.0,-0.0,291.08984375,0.8559349179267883,0.3381649255752563,0.306364357471466,296.98699951171875,297.1499938964844,293.1499938964844,0.0,-0.0,291.0898132324219,0.9921762943267822,0.5223414897918701,0.4956298768520355,296.9872741699219,297.1499938964844,293.1499938964844,0.0,-0.0,291.0898132324219,0.9560135006904602,0.4626843631267547,0.3247533440589905,296.9988708496094,297.1499938964844,293.1499938964844,0.0,-0.0,291.0898132324219,0.9707053899765016,0.4841643571853637,0.4598055779933929,297.0528259277344,297.1499938964844,293.1499938964844,0.0,-0.0,291.08984375,0.8392540216445923,0.3178788125514984,1.4391590356826782,291.0898132324219,291.1499938964844,288.5483703613281,287.0374450683594,291.08807373046875,297.052978515625,291.08966064453125,1.0,0.6562764644622803,1.0,1.0,0.3416770696640014,1.0,-3.633995532989502,2.549377679824829,1.0846176147460938,1.731454849243164,0.0,0.0,0.0,156.93984985351562,164.0,-2.909168243408203,-0.0,3711.00390625,1.0,293.1499938964844,293.1499938964844,293.1499938964844,293.1499938964844,293.1499938964844,293.1499938964844,278.1499938964844,0.0,18000.0,313.1499938964844,0.0,18000.0,0.0,0.0,0.0,0.0,0.0,0.0,0.0,0.0,0.0,0.0,-0.0,-0.0,0.0,0.0,0.0,0.0,0.0,-0.0,0.0,0.0,0.0,0.0,0.0,0.0,0.0,0.0,0.0,4.0,0.0,0.0
11899920,297.0028381347656,297.1499938964844,293.1499938964844,0.0,-0.0,291.08984375,0.8559349179267883,0.3381649255752563,0.306364357471466,296.98699951171875,297.1499938964844,293.1499938964844,0.0,-0.0,291.0898132324219,0.9921762943267822,0.5223414897918701,0.4956298768520355,296.9872741699219,297.1499938964844,293.1499938964844,0.0,-0.0,291.0898132324219,0.9560135006904602,0.4626843631267547,0.3247533440589905,296.9988708496094,297.1499938964844,293.1499938964844,0.0,-0.0,291.0898132324219,0.9707053899765016,0.4841643571853637,0.4598055779933929,297.0528259277344,297.1499938964844,293.1499938964844,0.0,-0.0,291.08984375,0.8392540216445923,0.3178788125514984,1.4391590356826782,291.0898132324219,291.1499938964844,288.5483703613281,287.0374450683594,291.08807373046875,297.052978515625,291.08966064453125,1.0,0.6562764644622803,1.0,1.0,0.3416770696640014,1.0,-3.633995532989502,2.549377679824829,1.0846176147460938,1.731454849243164,0.0,0.0,0.0,156.93984985351562,164.0,-2.909168243408203,-0.0,3711.00390625,1.0,293.1499938964844,293.1499938964844,293.1499938964844,293.1499938964844,293.1499938964844,293.1499938964844,278.1499938964844,0.0,18000.0,313.1499938964844,0.0,18000.0,0.0,0.0,0.0,0.0,0.0,0.0,0.0,0.0,0.0,0.0,-0.0,-0.0,0.0,0.0,0.0,0.0,0.0,-0.0,0.0,0.0,0.0,0.0,0.0,0.0,0.0,0.0,0.0,4.0,0.0,0.0
11899980,296.9966125488281,297.1499938964844,293.1499938964844,0.0,-0.0,291.0878295898437,0.8415122628211975,0.3356712460517883,0.3044228255748749,296.9788818359375,297.1499938964844,293.1499938964844,0.0,-0.0,291.0878295898437,0.9779181480407716,0.5194559693336487,0.4932290613651275,296.9791564941406,297.1499938964844,293.1499938964844,0.0,-0.0,291.0878295898437,0.9376491904258728,0.4598009586334228,0.3229779899120331,296.9906616210937,297.1499938964844,293.1499938964844,0.0,-0.0,291.0878295898437,0.9536839127540588,0.4814166128635406,0.4575318396091461,297.0461120605469,297.1499938964844,293.1499938964844,0.0,-0.0,291.0878601074219,0.8258814811706543,0.3159660696983337,1.4320402145385742,291.0878295898437,291.1499938964844,288.5248718261719,287.02740478515625,291.08612060546875,297.0462341308594,291.0876770019531,1.0,0.6571835279464722,1.0,1.0,0.3439760208129883,1.0,-3.615330219268799,2.52925992012024,1.0860702991485596,1.7154210805892944,0.0,0.0,0.0,162.8723602294922,182.0,-2.811090469360352,-0.0,3700.46875,1.0,293.1499938964844,293.1499938964844,293.1499938964844,293.1499938964844,293.1499938964844,293.1499938964844,278.1499938964844,0.0,18000.0,313.1499938964844,0.0,18000.0,0.0,0.0,0.0,0.0,0.0,0.0,0.0,0.0,0.0,0.0,-0.0,-0.0,0.0,0.0,0.0,0.0,0.0,-0.0,0.0,0.0,0.0,0.0,0.0,0.0,0.0,0.0,0.0,4.0,0.0,0.0
11900040,296.9966125488281,297.1499938964844,293.1499938964844,0.0,-0.0,291.0878295898437,0.8415122628211975,0.3356712460517883,0.3044228255748749,296.9788818359375,297.1499938964844,293.1499938964844,0.0,-0.0,291.0878295898437,0.9779181480407716,0.5194559693336487,0.4932290613651275,296.9791564941406,297.1499938964844,293.1499938964844,0.0,-0.0,291.0878295898437,0.9376491904258728,0.4598009586334228,0.3229779899120331,296.9906616210937,297.1499938964844,293.1499938964844,0.0,-0.0,291.0878295898437,0.9536839127540588,0.4814166128635406,0.4575318396091461,297.0461120605469,297.1499938964844,293.1499938964844,0.0,-0.0,291.0878601074219,0.8258814811706543,0.3159660696983337,1.4320402145385742,291.0878295898437,291.1499938964844,288.5248718261719,287.02740478515625,291.08612060546875,297.0462341308594,291.0876770019531,1.0,0.6571835279464722,1.0,1.0,0.3439760208129883,1.0,-3.615330219268799,2.52925992012024,1.0860702991485596,1.7154210805892944,0.0,0.0,0.0,162.8723602294922,182.0,-2.811090469360352,-0.0,3700.46875,1.0,293.1499938964844,293.1499938964844,293.1499938964844,293.1499938964844,293.1499938964844,293.1499938964844,278.1499938964844,0.0,18000.0,313.1499938964844,0.0,18000.0,0.0,0.0,0.0,0.0,0.0,0.0,0.0,0.0,0.0,0.0,-0.0,-0.0,0.0,0.0,0.0,0.0,0.0,-0.0,0.0,0.0,0.0,0.0,0.0,0.0,0.0,0.0,0.0,4.0,0.0,0.0
11900100,296.9932861328125,297.1499938964844,293.1499938964844,0.0,-0.0,291.08673095703125,0.831199586391449,0.3343733847141266,0.3034976720809936,296.9747009277344,297.1499938964844,293.1499938964844,0.0,-0.0,291.0867004394531,0.9658989310264589,0.5179616808891296,0.4920761287212372,296.9749755859375,297.1499938964844,293.1499938964844,0.0,-0.0,291.08673095703125,0.92355877161026,0.4583090245723724,0.3221263587474823,296.9864196777344,297.1499938964844,293.1499938964844,0.0,-0.0,291.08673095703125,0.9400044679641724,0.4799907505512237,0.4564420580863952,297.0425720214844,297.1499938964844,293.1499938964844,0.0,-0.0,291.08673095703125,0.8159382343292236,0.3149610161781311,1.4287209510803225,291.0867004394531,291.1499938964844,288.51275634765625,287.0221862792969,291.0849304199219,297.042724609375,291.0865783691406,1.0,0.658811628818512,1.0,1.0,0.3451254665851593,1.0,-3.606500625610352,2.519556999206543,1.086943745613098,1.707683801651001,0.0,0.0,0.0,168.24407958984375,182.0,-2.955706834793091,-0.0,3711.303955078125,1.0,293.1499938964844,293.1499938964844,293.1499938964844,293.1499938964844,293.1499938964844,293.1499938964844,278.1499938964844,0.0,18000.0,313.1499938964844,0.0,18000.0,0.0,0.0,0.0,0.0,0.0,0.0,0.0,0.0,0.0,0.0,-0.0,-0.0,0.0,0.0,0.0,0.0,0.0,-0.0,0.0,0.0,0.0,0.0,0.0,0.0,0.0,0.0,0.0,4.0,0.0,0.0
11900160,296.9898376464844,297.1499938964844,293.1499938964844,0.0,-0.0,291.0858154296875,0.8202704787254333,0.3330422043800354,0.3025795817375183,296.970458984375,297.1499938964844,293.1499938964844,0.0,-0.0,291.0858154296875,0.9518190622329712,0.5164329409599304,0.4909300804138183,296.9707336425781,297.1499938964844,293.1499938964844,0.0,-0.0,291.0858154296875,0.908868372440338,0.4567836821079254,0.3212804496288299,296.9820861816406,297.1499938964844,293.1499938964844,0.0,-0.0,291.0858154296875,0.9248675107955932,0.4785301387310028,0.4553588032722473,297.0389404296875,297.1499938964844,293.1499938964844,0.0,-0.0,291.0858154296875,0.8047932386398315,0.3139226138591766,1.4254398345947266,291.0858154296875,291.1499938964844,288.5003967285156,287.0168762207031,291.0843505859375,297.0390625,291.085693359375,1.0,0.6609483957290649,1.0,1.0,0.3463813662528991,1.0,-3.5977492332458496,2.5095856189727783,1.0881633758544922,1.6996989250183103,0.0,0.0,0.0,174.623779296875,200.0,-2.6413393020629883,-0.0,3728.4609375,1.0,293.1499938964844,293.1499938964844,293.1499938964844,293.1499938964844,293.1499938964844,293.1499938964844,278.1499938964844,0.0,18000.0,313.1499938964844,0.0,18000.0,0.0,0.0,0.0,0.0,0.0,0.0,0.0,0.0,0.0,0.0,-0.0,-0.0,0.0,0.0,0.0,0.0,0.0,-0.0,0.0,0.0,0.0,0.0,0.0,0.0,0.0,0.0,0.0,4.0,0.0,0.0
11900220,296.9826965332031,297.1499938964844,293.1499938964844,0.0,-0.0,291.0843505859375,0.7971299886703491,0.3302896618843078,0.3007349669933319,296.9617919921875,297.1499938964844,293.1499938964844,0.0,-0.0,291.0843200683594,0.9213210344314576,0.513279378414154,0.488624632358551,296.9621276855469,297.1499938964844,293.1499938964844,0.0,-0.0,291.0843200683594,0.8823309540748596,0.4536401629447937,0.3195808827877044,296.9732971191406,297.1499938964844,293.1499938964844,0.0,-0.0,291.0843200683594,0.8964315056800842,0.4755114018917084,0.4531777203083038,297.0313720703125,297.1499938964844,293.1499938964844,0.0,-0.0,291.0843505859375,0.7816728949546814,0.3117502331733703,1.4188190698623655,291.0843200683594,291.1499938964844,288.4750061035156,287.0058288574219,291.08282470703125,297.0315246582031,291.0841979980469,1.0,0.6662030816078186,1.0,1.0,0.3488931357860565,1.0,-3.5801236629486084,2.48956036567688,1.0905632972717283,1.6837714910507202,0.0,0.0,0.0,189.4007110595703,218.0,-2.3107404708862305,-0.0,3774.51171875,1.0,293.1499938964844,293.1499938964844,293.1499938964844,293.1499938964844,293.1499938964844,293.1499938964844,278.1499938964844,0.0,18000.0,313.1499938964844,0.0,18000.0,0.0,0.0,0.0,0.0,0.0,0.0,0.0,0.0,0.0,0.0,-0.0,-0.0,0.0,0.0,0.0,0.0,0.0,-0.0,0.0,0.0,0.0,0.0,0.0,0.0,0.0,0.0,0.0,4.0,0.0,0.0
11900280,296.9826965332031,297.1499938964844,293.1499938964844,0.0,-0.0,291.0843505859375,0.7971299886703491,0.3302896618843078,0.3007349669933319,296.9617919921875,297.1499938964844,293.1499938964844,0.0,-0.0,291.0843200683594,0.9213210344314576,0.513279378414154,0.488624632358551,296.9621276855469,297.1499938964844,293.1499938964844,0.0,-0.0,291.0843200683594,0.8823309540748596,0.4536401629447937,0.3195808827877044,296.9732971191406,297.1499938964844,293.1499938964844,0.0,-0.0,291.0843200683594,0.8964315056800842,0.4755114018917084,0.4531777203083038,297.0313720703125,297.1499938964844,293.1499938964844,0.0,-0.0,291.0843505859375,0.7816728949546814,0.3117502331733703,1.4188190698623655,291.0843200683594,291.1499938964844,288.4750061035156,287.0058288574219,291.08282470703125,297.0315246582031,291.0841979980469,1.0,0.6662030816078186,1.0,1.0,0.3488931357860565,1.0,-3.5801236629486084,2.48956036567688,1.0905632972717283,1.6837714910507202,0.0,0.0,0.0,189.4007110595703,218.0,-2.3107404708862305,-0.0,3774.51171875,1.0,293.1499938964844,293.1499938964844,293.1499938964844,293.1499938964844,293.1499938964844,293.1499938964844,278.1499938964844,0.0,18000.0,313.1499938964844,0.0,18000.0,0.0,0.0,0.0,0.0,0.0,0.0,0.0,0.0,0.0,0.0,-0.0,-0.0,0.0,0.0,0.0,0.0,0.0,-0.0,0.0,0.0,0.0,0.0,0.0,0.0,0.0,0.0,0.0,4.0,0.0,0.0
11900340,296.975341796875,297.1499938964844,293.1499938964844,0.0,-0.0,291.0824279785156,0.775002658367157,0.327425479888916,0.2988503277301788,296.9529724121094,297.1499938964844,293.1499938964844,0.0,-0.0,291.0823974609375,0.8947204351425171,0.5100024342536926,0.4862675070762634,296.95343017578125,297.1499938964844,293.1499938964844,0.0,-0.0,291.0823974609375,0.8585408329963684,0.4503780901432037,0.317846268415451,296.9643859863281,297.1499938964844,293.1499938964844,0.0,-0.0,291.0823974609375,0.8720083236694336,0.4723678231239319,0.4509434103965759,297.0235900878906,297.1499938964844,293.1499938964844,0.0,-0.0,291.0824279785156,0.7607003450393677,0.3094565570354461,1.4119583368301392,291.0823974609375,291.1499938964844,288.4487609863281,286.9943542480469,291.0806884765625,297.02374267578125,291.0822448730469,1.0,0.6721948385238647,1.0,1.0,0.3514049053192138,1.0,-3.5619938373565674,2.469279289245605,1.0927144289016724,1.6677166223526,0.0,0.0,0.0,205.8101348876953,236.0,-2.648209571838379,-0.0,3828.707275390625,1.0,293.1499938964844,293.1499938964844,293.1499938964844,293.1499938964844,293.1499938964844,293.1499938964844,278.1499938964844,0.0,18000.0,313.1499938964844,0.0,18000.0,0.0,0.0,0.0,0.0,0.0,0.0,0.0,0.0,0.0,0.0,-0.0,-0.0,0.0,0.0,0.0,0.0,0.0,-0.0,0.0,0.0,0.0,0.0,0.0,0.0,0.0,0.0,0.0,4.0,0.0,0.0
11900400,296.975341796875,297.1499938964844,293.1499938964844,0.0,-0.0,291.0824279785156,0.775002658367157,0.327425479888916,0.2988503277301788,296.9529724121094,297.1499938964844,293.1499938964844,0.0,-0.0,291.0823974609375,0.8947204351425171,0.5100024342536926,0.4862675070762634,296.95343017578125,297.1499938964844,293.1499938964844,0.0,-0.0,291.0823974609375,0.8585408329963684,0.4503780901432037,0.317846268415451,296.9643859863281,297.1499938964844,293.1499938964844,0.0,-0.0,291.0823974609375,0.8720083236694336,0.4723678231239319,0.4509434103965759,297.0235900878906,297.1499938964844,293.1499938964844,0.0,-0.0,291.0824279785156,0.7607003450393677,0.3094565570354461,1.4119583368301392,291.0823974609375,291.1499938964844,288.4487609863281,286.9943542480469,291.0806884765625,297.02374267578125,291.0822448730469,1.0,0.6721948385238647,1.0,1.0,0.3514049053192138,1.0,-3.5619938373565674,2.469279289245605,1.0927144289016724,1.6677166223526,0.0,0.0,0.0,205.8101348876953,236.0,-2.648209571838379,-0.0,3828.707275390625,1.0,293.1499938964844,293.1499938964844,293.1499938964844,293.1499938964844,293.1499938964844,293.1499938964844,278.1499938964844,0.0,18000.0,313.1499938964844,0.0,18000.0,0.0,0.0,0.0,0.0,0.0,0.0,0.0,0.0,0.0,0.0,-0.0,-0.0,0.0,0.0,0.0,0.0,0.0,-0.0,0.0,0.0,0.0,0.0,0.0,0.0,0.0,0.0,0.0,4.0,0.0,0.0
11900460,296.9679260253906,297.1499938964844,293.1499938964844,0.0,-0.0,291.08074951171875,0.7557193040847778,0.3244608938694,0.2969070672988891,296.9441223144531,297.1499938964844,293.1499938964844,0.0,-0.0,291.08074951171875,0.8723536729812622,0.5066097974777222,0.4838353991508484,296.9447326660156,297.1499938964844,293.1499938964844,0.0,-0.0,291.08074951171875,0.8381626009941101,0.4470060169696808,0.3160599768161773,296.9554138183594,297.1499938964844,293.1499938964844,0.0,-0.0,291.08074951171875,0.850861668586731,0.4691073298454284,0.4486329257488251,297.0156555175781,297.1499938964844,293.1499938964844,0.0,-0.0,291.08074951171875,0.7427233457565308,0.3070506155490875,1.4047547578811646,291.08074951171875,291.1499938964844,288.42169189453125,286.9823608398437,291.0792236328125,297.01580810546875,291.08062744140625,1.0,0.6785145998001099,1.0,1.0,0.3540889620780945,1.0,-3.543137311935425,2.44807243347168,1.0950648784637451,1.6507887840270996,0.0,0.0,0.0,223.0907440185547,239.0,-2.3550615310668945,-0.0,3885.71044921875,1.0,293.1499938964844,293.1499938964844,293.1499938964844,293.1499938964844,293.1499938964844,293.1499938964844,278.1499938964844,0.0,18000.0,313.1499938964844,0.0,18000.0,0.0,0.0,0.0,0.0,0.0,0.0,0.0,0.0,0.0,0.0,-0.0,-0.0,0.0,0.0,0.0,0.0,0.0,-0.0,0.0,0.0,0.0,0.0,0.0,0.0,0.0,0.0,0.0,4.0,0.0,0.0
11900520,296.9679260253906,297.1499938964844,293.1499938964844,0.0,-0.0,291.08074951171875,0.7557193040847778,0.3244608938694,0.2969070672988891,296.9441223144531,297.1499938964844,293.1499938964844,0.0,-0.0,291.08074951171875,0.8723536729812622,0.5066097974777222,0.4838353991508484,296.9447326660156,297.1499938964844,293.1499938964844,0.0,-0.0,291.08074951171875,0.8381626009941101,0.4470060169696808,0.3160599768161773,296.9554138183594,297.1499938964844,293.1499938964844,0.0,-0.0,291.08074951171875,0.850861668586731,0.4691073298454284,0.4486329257488251,297.0156555175781,297.1499938964844,293.1499938964844,0.0,-0.0,291.08074951171875,0.7427233457565308,0.3070506155490875,1.4047547578811646,291.08074951171875,291.1499938964844,288.42169189453125,286.9823608398437,291.0792236328125,297.01580810546875,291.08062744140625,1.0,0.6785145998001099,1.0,1.0,0.3540889620780945,1.0,-3.543137311935425,2.44807243347168,1.0950648784637451,1.6507887840270996,0.0,0.0,0.0,223.0907440185547,239.0,-2.3550615310668945,-0.0,3885.71044921875,1.0,293.1499938964844,293.1499938964844,293.1499938964844,293.1499938964844,293.1499938964844,293.1499938964844,278.1499938964844,0.0,18000.0,313.1499938964844,0.0,18000.0,0.0,0.0,0.0,0.0,0.0,0.0,0.0,0.0,0.0,0.0,-0.0,-0.0,0.0,0.0,0.0,0.0,0.0,-0.0,0.0,0.0,0.0,0.0,0.0,0.0,0.0,0.0,0.0,4.0,0.0,0.0
11900580,296.9606628417969,297.1499938964844,293.1499938964844,0.0,-0.0,291.07891845703125,0.7441677451133728,0.3214170932769775,0.2946494817733764,296.93536376953125,297.1499938964844,293.1499938964844,0.0,-0.0,291.07891845703125,0.859022855758667,0.5031144022941589,0.4810537099838257,296.9361877441406,297.1499938964844,293.1499938964844,0.0,-0.0,291.07891845703125,0.8259921073913574,0.4435398876667022,0.3140205442905426,296.946533203125,297.1499938964844,293.1499938964844,0.0,-0.0,291.07891845703125,0.8383857607841492,0.4657429456710815,0.4459715485572815,297.0077209472656,297.1499938964844,293.1499938964844,0.0,-0.0,291.07891845703125,0.7320089936256409,0.3045466840267181,1.3959081172943115,291.0788879394531,291.1499938964844,288.39385986328125,286.969970703125,291.0770263671875,297.0079040527344,291.0787353515625,1.0,0.6807814240455627,1.0,1.0,0.3567730486392975,1.0,-3.5207839012146,2.4246652126312256,1.0961188077926636,1.632352352142334,0.0,0.0,0.0,233.8863067626953,227.0,-2.6544055938720703,-0.0,3894.147216796875,1.0,293.1499938964844,293.1499938964844,293.1499938964844,293.1499938964844,293.1499938964844,293.1499938964844,278.1499938964844,0.0,18000.0,313.1499938964844,0.0,18000.0,0.0,0.0,0.0,0.0,0.0,0.0,0.0,0.0,0.0,0.0,-0.0,-0.0,0.0,0.0,0.0,0.0,0.0,-0.0,0.0,0.0,0.0,0.0,0.0,0.0,0.0,0.0,0.0,4.0,0.0,0.0
11900640,296.9606628417969,297.1499938964844,293.1499938964844,0.0,-0.0,291.07891845703125,0.7441677451133728,0.3214170932769775,0.2946494817733764,296.93536376953125,297.1499938964844,293.1499938964844,0.0,-0.0,291.07891845703125,0.859022855758667,0.5031144022941589,0.4810537099838257,296.9361877441406,297.1499938964844,293.1499938964844,0.0,-0.0,291.07891845703125,0.8259921073913574,0.4435398876667022,0.3140205442905426,296.946533203125,297.1499938964844,293.1499938964844,0.0,-0.0,291.07891845703125,0.8383857607841492,0.4657429456710815,0.4459715485572815,297.0077209472656,297.1499938964844,293.1499938964844,0.0,-0.0,291.07891845703125,0.7320089936256409,0.3045466840267181,1.3959081172943115,291.0788879394531,291.1499938964844,288.39385986328125,286.969970703125,291.0770263671875,297.0079040527344,291.0787353515625,1.0,0.6807814240455627,1.0,1.0,0.3567730486392975,1.0,-3.5207839012146,2.4246652126312256,1.0961188077926636,1.632352352142334,0.0,0.0,0.0,233.8863067626953,227.0,-2.6544055938720703,-0.0,3894.147216796875,1.0,293.1499938964844,293.1499938964844,293.1499938964844,293.1499938964844,293.1499938964844,293.1499938964844,278.1499938964844,0.0,18000.0,313.1499938964844,0.0,18000.0,0.0,0.0,0.0,0.0,0.0,0.0,0.0,0.0,0.0,0.0,-0.0,-0.0,0.0,0.0,0.0,0.0,0.0,-0.0,0.0,0.0,0.0,0.0,0.0,0.0,0.0,0.0,0.0,4.0,0.0,0.0
11900700,296.95721435546875,297.1499938964844,293.1499938964844,0.0,-0.0,291.07781982421875,0.7418192625045776,0.319878488779068,0.2933450639247894,296.9311218261719,297.1499938964844,293.1499938964844,0.0,-0.0,291.0777893066406,0.8565126061439514,0.5013364553451538,0.4794667959213257,296.9320678710937,297.1499938964844,293.1499938964844,0.0,-0.0,291.0777893066406,0.823599636554718,0.4417815208435058,0.3128589987754822,296.94219970703125,297.1499938964844,293.1499938964844,0.0,-0.0,291.0777893066406,0.8360108733177185,0.4640303254127502,0.4444445073604584,297.0038757324219,297.1499938964844,293.1499938964844,0.0,-0.0,291.07781982421875,0.7298794984817505,0.3032681941986084,1.390567183494568,291.0777893066406,291.1499938964844,288.37969970703125,286.9635925292969,291.0756530761719,297.0040283203125,291.0776062011719,1.0,0.6793657541275024,1.0,1.0,0.3581150770187378,1.0,-3.507651805877685,2.4117281436920166,1.095923662185669,1.622315764427185,0.0,0.0,0.0,234.9940643310547,227.0,-2.9562971591949463,-0.0,3867.65283203125,1.0,293.1499938964844,293.1499938964844,293.1499938964844,293.1499938964844,293.1499938964844,293.1499938964844,278.1499938964844,0.0,18000.0,313.1499938964844,0.0,18000.0,0.0,0.0,0.0,0.0,0.0,0.0,0.0,0.0,0.0,0.0,-0.0,-0.0,0.0,0.0,0.0,0.0,0.0,-0.0,0.0,0.0,0.0,0.0,0.0,0.0,0.0,0.0,0.0,4.0,0.0,0.0
11900760,296.9539489746094,297.1499938964844,293.1499938964844,0.0,-0.0,291.0767517089844,0.7409371733665466,0.3183389008045196,0.2919605672359466,296.927001953125,297.1499938964844,293.1499938964844,0.0,-0.0,291.07672119140625,0.8557901382446289,0.4995459914207458,0.477785587310791,296.9281311035156,297.1499938964844,293.1499938964844,0.0,-0.0,291.07672119140625,0.8228290677070618,0.4400149583816528,0.3116305470466614,296.93804931640625,297.1499938964844,293.1499938964844,0.0,-0.0,291.07672119140625,0.8352988958358765,0.4623052477836609,0.4428231120109558,297.0002136230469,297.1499938964844,293.1499938964844,0.0,-0.0,291.0767517089844,0.7291530966758728,0.3019808828830719,1.3847928047180176,291.07672119140625,291.1499938964844,288.3653259277344,286.95709228515625,291.07476806640625,297.0003356933594,291.0765686035156,1.0,0.6770000457763672,1.0,1.0,0.3595472574234009,1.0,-3.49359130859375,2.3979525566101074,1.0956387519836426,1.611594319343567,0.0,0.0,0.0,234.0490875244141,215.0,-2.871460437774658,-0.0,3826.75439453125,1.0,293.1499938964844,293.1499938964844,293.1499938964844,293.1499938964844,293.1499938964844,293.1499938964844,278.1499938964844,0.0,18000.0,313.1499938964844,0.0,18000.0,0.0,0.0,0.0,0.0,0.0,0.0,0.0,0.0,0.0,0.0,-0.0,-0.0,0.0,0.0,0.0,0.0,0.0,-0.0,0.0,0.0,0.0,0.0,0.0,0.0,0.0,0.0,0.0,4.0,0.0,0.0
11900820,296.9481506347656,297.1499938964844,293.1499938964844,0.0,-0.0,291.0749206542969,0.7418157458305359,0.3152652978897095,0.2890593409538269,296.9192810058594,297.1499938964844,293.1499938964844,0.0,-0.0,291.07489013671875,0.8575693964958191,0.4959373772144317,0.4742521345615387,296.9208679199219,297.1499938964844,293.1499938964844,0.0,-0.0,291.0749206542969,0.8242338299751282,0.4364670217037201,0.3090562224388122,296.93023681640625,297.1499938964844,293.1499938964844,0.0,-0.0,291.0749206542969,0.8368770480155945,0.4588273763656616,0.4394092857837677,296.9933776855469,297.1499938964844,293.1499938964844,0.0,-0.0,291.0749206542969,0.7302430868148804,0.2993921935558319,1.3724887371063232,291.07489013671875,291.1499938964844,288.33612060546875,286.9438171386719,291.0728759765625,296.9935302734375,291.0747375488281,1.0,0.6702675819396973,1.0,1.0,0.3624116480350494,1.0,-3.463850259780884,2.369426012039185,1.0944243669509888,1.58949077129364,0.0,0.0,0.0,228.4844512939453,203.0,-2.709205389022827,-0.0,3720.099365234375,1.0,293.1499938964844,293.1499938964844,293.1499938964844,293.1499938964844,293.1499938964844,293.1499938964844,278.1499938964844,0.0,18000.0,313.1499938964844,0.0,18000.0,0.0,0.0,0.0,0.0,0.0,0.0,0.0,0.0,0.0,0.0,-0.0,-0.0,0.0,0.0,0.0,0.0,0.0,-0.0,0.0,0.0,0.0,0.0,0.0,0.0,0.0,0.0,0.0,4.0,0.0,0.0
11900880,296.9481506347656,297.1499938964844,293.1499938964844,0.0,-0.0,291.0749206542969,0.7418157458305359,0.3152652978897095,0.2890593409538269,296.9192810058594,297.1499938964844,293.1499938964844,0.0,-0.0,291.07489013671875,0.8575693964958191,0.4959373772144317,0.4742521345615387,296.9208679199219,297.1499938964844,293.1499938964844,0.0,-0.0,291.0749206542969,0.8242338299751282,0.4364670217037201,0.3090562224388122,296.93023681640625,297.1499938964844,293.1499938964844,0.0,-0.0,291.0749206542969,0.8368770480155945,0.4588273763656616,0.4394092857837677,296.9933776855469,297.1499938964844,293.1499938964844,0.0,-0.0,291.0749206542969,0.7302430868148804,0.2993921935558319,1.3724887371063232,291.07489013671875,291.1499938964844,288.33612060546875,286.9438171386719,291.0728759765625,296.9935302734375,291.0747375488281,1.0,0.6702675819396973,1.0,1.0,0.3624116480350494,1.0,-3.463850259780884,2.369426012039185,1.0944243669509888,1.58949077129364,0.0,0.0,0.0,228.4844512939453,203.0,-2.709205389022827,-0.0,3720.099365234375,1.0,293.1499938964844,293.1499938964844,293.1499938964844,293.1499938964844,293.1499938964844,293.1499938964844,278.1499938964844,0.0,18000.0,313.1499938964844,0.0,18000.0,0.0,0.0,0.0,0.0,0.0,0.0,0.0,0.0,0.0,0.0,-0.0,-0.0,0.0,0.0,0.0,0.0,0.0,-0.0,0.0,0.0,0.0,0.0,0.0,0.0,0.0,0.0,0.0,4.0,0.0,0.0
11900940,296.94305419921875,297.1499938964844,293.1499938964844,0.0,-0.0,291.0729064941406,0.7450073957443237,0.3121926784515381,0.2860537767410278,296.9121398925781,297.1499938964844,293.1499938964844,0.0,-0.0,291.0728759765625,0.8621870875358582,0.4922899901866913,0.4705701172351837,296.9142761230469,297.1499938964844,293.1499938964844,0.0,-0.0,291.0728759765625,0.8281906843185425,0.4328947067260742,0.3063831031322479,296.9230041503906,297.1499938964844,293.1499938964844,0.0,-0.0,291.0728759765625,0.8410873413085938,0.45531165599823,0.4358474910259247,296.9872741699219,297.1499938964844,293.1499938964844,0.0,-0.0,291.0729064941406,0.7335469126701355,0.2967863380908966,1.359572410583496,291.0728759765625,291.1499938964844,288.30633544921875,286.9301147460937,291.0707092285156,296.9873962402344,291.0726928710937,1.0,0.6618925333023071,1.0,1.0,0.3652760088443756,1.0,-3.432772159576416,2.34018611907959,1.0925861597061155,1.566965103149414,0.0,0.0,0.0,220.00979614257807,191.0,-2.830510377883911,-0.0,3594.80859375,1.0,293.1499938964844,293.1499938964844,293.1499938964844,293.1499938964844,293.1499938964844,293.1499938964844,278.1499938964844,0.0,18000.0,313.1499938964844,0.0,18000.0,0.0,0.0,0.0,0.0,0.0,0.0,0.0,0.0,0.0,0.0,-0.0,-0.0,0.0,0.0,0.0,0.0,0.0,-0.0,0.0,0.0,0.0,0.0,0.0,0.0,0.0,0.0,0.0,4.0,0.0,0.0
11901000,296.94305419921875,297.1499938964844,293.1499938964844,0.0,-0.0,291.0729064941406,0.7450073957443237,0.3121926784515381,0.2860537767410278,296.9121398925781,297.1499938964844,293.1499938964844,0.0,-0.0,291.0728759765625,0.8621870875358582,0.4922899901866913,0.4705701172351837,296.9142761230469,297.1499938964844,293.1499938964844,0.0,-0.0,291.0728759765625,0.8281906843185425,0.4328947067260742,0.3063831031322479,296.9230041503906,297.1499938964844,293.1499938964844,0.0,-0.0,291.0728759765625,0.8410873413085938,0.45531165599823,0.4358474910259247,296.9872741699219,297.1499938964844,293.1499938964844,0.0,-0.0,291.0729064941406,0.7335469126701355,0.2967863380908966,1.359572410583496,291.0728759765625,291.1499938964844,288.30633544921875,286.9301147460937,291.0707092285156,296.9873962402344,291.0726928710937,1.0,0.6618925333023071,1.0,1.0,0.3652760088443756,1.0,-3.432772159576416,2.34018611907959,1.0925861597061155,1.566965103149414,0.0,0.0,0.0,220.00979614257807,191.0,-2.830510377883911,-0.0,3594.80859375,1.0,293.1499938964844,293.1499938964844,293.1499938964844,293.1499938964844,293.1499938964844,293.1499938964844,278.1499938964844,0.0,18000.0,313.1499938964844,0.0,18000.0,0.0,0.0,0.0,0.0,0.0,0.0,0.0,0.0,0.0,0.0,-0.0,-0.0,0.0,0.0,0.0,0.0,0.0,-0.0,0.0,0.0,0.0,0.0,0.0,0.0,0.0,0.0,0.0,4.0,0.0,0.0
11901060,296.93853759765625,297.1499938964844,293.1499938964844,0.0,-0.0,291.0716247558594,0.7497872710227966,0.3091119527816772,0.2829860150814056,296.9054870605469,297.1499938964844,293.1499938964844,0.0,-0.0,291.0716247558594,0.868768036365509,0.4886036515235901,0.4667915403842926,296.9081420898437,297.1499938964844,293.1499938964844,0.0,-0.0,291.0716247558594,0.8338534832000732,0.4292863011360168,0.3036423921585083,296.91632080078125,297.1499938964844,293.1499938964844,0.0,-0.0,291.0716247558594,0.847113847732544,0.4517569243907928,0.4321895241737366,296.981689453125,297.1499938964844,293.1499938964844,0.0,-0.0,291.0716247558594,0.7383490204811096,0.29416024684906,1.3462870121002195,291.0716247558594,291.1499938964844,288.2759704589844,286.9160461425781,291.0699462890625,296.9818115234375,291.07147216796875,1.0,0.6525784730911255,1.0,1.0,0.368341326713562,1.0,-3.4008629322052,2.3099522590637207,1.0909106731414795,1.5436630249023438,0.0,0.0,0.0,210.0103454589844,179.0,-1.9450862407684328,-0.0,3460.767333984375,1.0,293.1499938964844,293.1499938964844,293.1499938964844,293.1499938964844,293.1499938964844,293.1499938964844,278.1499938964844,0.0,18000.0,313.1499938964844,0.0,18000.0,0.0,0.0,0.0,0.0,0.0,0.0,0.0,0.0,0.0,0.0,-0.0,-0.0,0.0,0.0,0.0,0.0,0.0,-0.0,0.0,0.0,0.0,0.0,0.0,0.0,0.0,0.0,0.0,4.0,0.0,0.0
11901120,296.93853759765625,297.1499938964844,293.1499938964844,0.0,-0.0,291.0716247558594,0.7497872710227966,0.3091119527816772,0.2829860150814056,296.9054870605469,297.1499938964844,293.1499938964844,0.0,-0.0,291.0716247558594,0.868768036365509,0.4886036515235901,0.4667915403842926,296.9081420898437,297.1499938964844,293.1499938964844,0.0,-0.0,291.0716247558594,0.8338534832000732,0.4292863011360168,0.3036423921585083,296.91632080078125,297.1499938964844,293.1499938964844,0.0,-0.0,291.0716247558594,0.847113847732544,0.4517569243907928,0.4321895241737366,296.981689453125,297.1499938964844,293.1499938964844,0.0,-0.0,291.0716247558594,0.7383490204811096,0.29416024684906,1.3462870121002195,291.0716247558594,291.1499938964844,288.2759704589844,286.9160461425781,291.0699462890625,296.9818115234375,291.07147216796875,1.0,0.6525784730911255,1.0,1.0,0.368341326713562,1.0,-3.4008629322052,2.3099522590637207,1.0909106731414795,1.5436630249023438,0.0,0.0,0.0,210.0103454589844,179.0,-1.9450862407684328,-0.0,3460.767333984375,1.0,293.1499938964844,293.1499938964844,293.1499938964844,293.1499938964844,293.1499938964844,293.1499938964844,278.1499938964844,0.0,18000.0,313.1499938964844,0.0,18000.0,0.0,0.0,0.0,0.0,0.0,0.0,0.0,0.0,0.0,0.0,-0.0,-0.0,0.0,0.0,0.0,0.0,0.0,-0.0,0.0,0.0,0.0,0.0,0.0,0.0,0.0,0.0,0.0,4.0,0.0,0.0
11901180,296.9344482421875,297.1499938964844,293.1499938964844,0.0,-0.0,291.0706787109375,0.7558728456497192,0.3060191869735718,0.2798788845539093,296.8992919921875,297.1499938964844,293.1499938964844,0.0,-0.0,291.0706787109375,0.8769508600234985,0.4848766028881073,0.4629444181919098,296.90240478515625,297.1499938964844,293.1499938964844,0.0,-0.0,291.0706787109375,0.840904951095581,0.425642192363739,0.3008536696434021,296.9100646972656,297.1499938964844,293.1499938964844,0.0,-0.0,291.0706787109375,0.8546445965766907,0.448160856962204,0.428462415933609,296.9765930175781,297.1499938964844,293.1499938964844,0.0,-0.0,291.0706787109375,0.7443779110908508,0.2915109097957611,1.3327538967132568,291.0706787109375,291.1499938964844,288.2450866699219,286.90155029296875,291.069091796875,296.9767150878906,291.07049560546875,1.0,0.6426951885223389,1.0,1.0,0.3714066445827484,1.0,-3.3683865070343018,2.2795021533966064,1.0888844728469849,1.5203150510787964,0.0,0.0,0.0,199.214111328125,167.0,-1.516252517700195,-0.0,3323.14501953125,1.0,293.1499938964844,293.1499938964844,293.1499938964844,293.1499938964844,293.1499938964844,293.1499938964844,278.1499938964844,0.0,18000.0,313.1499938964844,0.0,18000.0,0.0,0.0,0.0,0.0,0.0,0.0,0.0,0.0,0.0,0.0,-0.0,-0.0,0.0,0.0,0.0,0.0,0.0,-0.0,0.0,0.0,0.0,0.0,0.0,0.0,0.0,0.0,0.0,4.0,0.0,0.0
11901240,296.9344482421875,297.1499938964844,293.1499938964844,0.0,-0.0,291.0706787109375,0.7558728456497192,0.3060191869735718,0.2798788845539093,296.8992919921875,297.1499938964844,293.1499938964844,0.0,-0.0,291.0706787109375,0.8769508600234985,0.4848766028881073,0.4629444181919098,296.90240478515625,297.1499938964844,293.1499938964844,0.0,-0.0,291.0706787109375,0.840904951095581,0.425642192363739,0.3008536696434021,296.9100646972656,297.1499938964844,293.1499938964844,0.0,-0.0,291.0706787109375,0.8546445965766907,0.448160856962204,0.428462415933609,296.9765930175781,297.1499938964844,293.1499938964844,0.0,-0.0,291.0706787109375,0.7443779110908508,0.2915109097957611,1.3327538967132568,291.0706787109375,291.1499938964844,288.2450866699219,286.90155029296875,291.069091796875,296.9767150878906,291.07049560546875,1.0,0.6426951885223389,1.0,1.0,0.3714066445827484,1.0,-3.3683865070343018,2.2795021533966064,1.0888844728469849,1.5203150510787964,0.0,0.0,0.0,199.214111328125,167.0,-1.516252517700195,-0.0,3323.14501953125,1.0,293.1499938964844,293.1499938964844,293.1499938964844,293.1499938964844,293.1499938964844,293.1499938964844,278.1499938964844,0.0,18000.0,313.1499938964844,0.0,18000.0,0.0,0.0,0.0,0.0,0.0,0.0,0.0,0.0,0.0,0.0,-0.0,-0.0,0.0,0.0,0.0,0.0,0.0,-0.0,0.0,0.0,0.0,0.0,0.0,0.0,0.0,0.0,0.0,4.0,0.0,0.0
11901300,296.9325256347656,297.1499938964844,293.1499938964844,0.0,-0.0,291.0701904296875,0.7593810558319092,0.3044659495353699,0.2783134579658508,296.89630126953125,297.1499938964844,293.1499938964844,0.0,-0.0,291.0701904296875,0.8816017508506775,0.4829957485198974,0.4609984457492828,296.8996887207031,297.1499938964844,293.1499938964844,0.0,-0.0,291.0701904296875,0.8449326753616333,0.4238055646419525,0.2994445264339447,296.90704345703125,297.1499938964844,293.1499938964844,0.0,-0.0,291.0701904296875,0.8589498400688171,0.4463454484939575,0.4265763163566589,296.97418212890625,297.1499938964844,293.1499938964844,0.0,-0.0,291.0701904296875,0.7478348612785339,0.2901756465435028,1.3259109258651731,291.0701904296875,291.1499938964844,288.2294921875,286.8941955566406,291.0686340332031,296.9742736816406,291.0700378417969,1.0,0.6376036405563354,1.0,1.0,0.3729392886161804,1.0,-3.351970911026001,2.2642276287078857,1.0877431631088257,1.50864839553833,0.0,0.0,0.0,193.64605712890625,167.0,-1.441516399383545,-0.0,3253.875244140625,1.0,293.1499938964844,293.1499938964844,293.1499938964844,293.1499938964844,293.1499938964844,293.1499938964844,278.1499938964844,0.0,18000.0,313.1499938964844,0.0,18000.0,0.0,0.0,0.0,0.0,0.0,0.0,0.0,0.0,0.0,0.0,-0.0,-0.0,0.0,0.0,0.0,0.0,0.0,-0.0,0.0,0.0,0.0,0.0,0.0,0.0,0.0,0.0,0.0,4.0,0.0,0.0
11901360,296.9306945800781,297.1499938964844,293.1499938964844,0.0,-0.0,291.06988525390625,0.7632042765617371,0.3029074072837829,0.2767407596111297,296.8934020996094,297.1499938964844,293.1499938964844,0.0,-0.0,291.06988525390625,0.8866223692893982,0.4811026453971863,0.4590382874011993,296.89703369140625,297.1499938964844,293.1499938964844,0.0,-0.0,291.06988525390625,0.8493070602416992,0.421958863735199,0.2980263233184814,296.90411376953125,297.1499938964844,293.1499938964844,0.0,-0.0,291.06988525390625,0.863621711730957,0.4445177614688873,0.4246760308742523,296.97186279296875,297.1499938964844,293.1499938964844,0.0,-0.0,291.06988525390625,0.7515960335731506,0.2888324856758117,1.3190205097198486,291.06988525390625,291.1499938964844,288.2137756347656,286.88671875,291.0685729980469,296.9719543457031,291.0697326660156,1.0,0.6324329972267151,1.0,1.0,0.3745329678058624,1.0,-3.335444688796997,2.2487504482269287,1.0866941213607788,1.4968146085739136,0.0,0.0,0.0,188.00808715820312,155.0,-1.108254075050354,-0.0,3184.58740234375,1.0,293.1499938964844,293.1499938964844,293.1499938964844,293.1499938964844,293.1499938964844,293.1499938964844,278.1499938964844,0.0,18000.0,313.1499938964844,0.0,18000.0,0.0,0.0,0.0,0.0,0.0,0.0,0.0,0.0,0.0,0.0,-0.0,-0.0,0.0,0.0,0.0,0.0,0.0,-0.0,0.0,0.0,0.0,0.0,0.0,0.0,0.0,0.0,0.0,4.0,0.0,0.0
11901420,296.9272155761719,297.1499938964844,293.1499938964844,0.0,-0.0,291.06964111328125,0.7718626856803894,0.2997748851776123,0.2735761404037475,296.88775634765625,297.1499938964844,293.1499938964844,0.0,-0.0,291.0696105957031,0.8978187441825867,0.4772803485393524,0.4550782442092895,296.8919372558594,297.1499938964844,293.1499938964844,0.0,-0.0,291.0696105957031,0.8591951131820679,0.4182364046573639,0.2951653003692627,296.8984375,297.1499938964844,293.1499938964844,0.0,-0.0,291.0696105957031,0.8741436004638672,0.4408263266086578,0.4208357036113739,296.9673767089844,297.1499938964844,293.1499938964844,0.0,-0.0,291.06964111328125,0.7601137757301331,0.286122053861618,1.3051064014434814,291.0696105957031,291.1499938964844,288.1820678710937,286.8715209960937,291.0684509277344,296.96746826171875,291.0694885253906,1.0,0.6218894720077515,1.0,1.0,0.377720296382904,1.0,-3.302084684371948,2.2177183628082275,1.0843663215637207,1.473140835762024,0.0,0.0,0.0,176.5946502685547,143.0,-0.5851541757583618,-0.0,3046.474853515625,1.0,293.1499938964844,293.1499938964844,293.1499938964844,293.1499938964844,293.1499938964844,293.1499938964844,278.1499938964844,0.0,18000.0,313.1499938964844,0.0,18000.0,0.0,0.0,0.0,0.0,0.0,0.0,0.0,0.0,0.0,0.0,-0.0,-0.0,0.0,0.0,0.0,0.0,0.0,-0.0,0.0,0.0,0.0,0.0,0.0,0.0,0.0,0.0,0.0,4.0,0.0,0.0
11901480,296.9272155761719,297.1499938964844,293.1499938964844,0.0,-0.0,291.06964111328125,0.7718626856803894,0.2997748851776123,0.2735761404037475,296.88775634765625,297.1499938964844,293.1499938964844,0.0,-0.0,291.0696105957031,0.8978187441825867,0.4772803485393524,0.4550782442092895,296.8919372558594,297.1499938964844,293.1499938964844,0.0,-0.0,291.0696105957031,0.8591951131820679,0.4182364046573639,0.2951653003692627,296.8984375,297.1499938964844,293.1499938964844,0.0,-0.0,291.0696105957031,0.8741436004638672,0.4408263266086578,0.4208357036113739,296.9673767089844,297.1499938964844,293.1499938964844,0.0,-0.0,291.06964111328125,0.7601137757301331,0.286122053861618,1.3051064014434814,291.0696105957031,291.1499938964844,288.1820678710937,286.8715209960937,291.0684509277344,296.96746826171875,291.0694885253906,1.0,0.6218894720077515,1.0,1.0,0.377720296382904,1.0,-3.302084684371948,2.2177183628082275,1.0843663215637207,1.473140835762024,0.0,0.0,0.0,176.5946502685547,143.0,-0.5851541757583618,-0.0,3046.474853515625,1.0,293.1499938964844,293.1499938964844,293.1499938964844,293.1499938964844,293.1499938964844,293.1499938964844,278.1499938964844,0.0,18000.0,313.1499938964844,0.0,18000.0,0.0,0.0,0.0,0.0,0.0,0.0,0.0,0.0,0.0,0.0,-0.0,-0.0,0.0,0.0,0.0,0.0,0.0,-0.0,0.0,0.0,0.0,0.0,0.0,0.0,0.0,0.0,0.0,4.0,0.0,0.0
11901540,296.9239196777344,297.1499938964844,293.1499938964844,0.0,-0.0,291.06939697265625,0.782036542892456,0.2966202199459076,0.2703881561756134,296.8823547363281,297.1499938964844,293.1499938964844,0.0,-0.0,291.06939697265625,0.911058247089386,0.4734094142913818,0.4510685801506042,296.8870544433594,297.1499938964844,293.1499938964844,0.0,-0.0,291.06939697265625,0.8708338141441345,0.4144747853279114,0.2922740876674652,296.8929748535156,297.1499938964844,293.1499938964844,0.0,-0.0,291.06939697265625,0.8864243626594543,0.4370864331722259,0.4169458150863647,296.963134765625,297.1499938964844,293.1499938964844,0.0,-0.0,291.06939697265625,0.770155668258667,0.2833782434463501,1.2910254001617432,291.06939697265625,291.1499938964844,288.1499938964844,286.8559875488281,291.0682373046875,296.9632263183594,291.0692443847656,1.0,0.6111147403717041,1.0,1.0,0.3809076249599457,1.0,-3.2683417797088623,2.1866235733032227,1.0817183256149292,1.4495744705200195,0.0,0.0,0.0,165.080078125,131.0,-0.410503089427948,-0.0,2909.570068359375,1.0,293.1499938964844,293.1499938964844,293.1499938964844,293.1499938964844,293.1499938964844,293.1499938964844,278.1499938964844,0.0,18000.0,313.1499938964844,0.0,18000.0,0.0,0.0,0.0,0.0,0.0,0.0,0.0,0.0,0.0,0.0,-0.0,-0.0,0.0,0.0,0.0,0.0,0.0,-0.0,0.0,0.0,0.0,0.0,0.0,0.0,0.0,0.0,0.0,4.0,0.0,0.0
11901600,296.9239196777344,297.1499938964844,293.1499938964844,0.0,-0.0,291.06939697265625,0.782036542892456,0.2966202199459076,0.2703881561756134,296.8823547363281,297.1499938964844,293.1499938964844,0.0,-0.0,291.06939697265625,0.911058247089386,0.4734094142913818,0.4510685801506042,296.8870544433594,297.1499938964844,293.1499938964844,0.0,-0.0,291.06939697265625,0.8708338141441345,0.4144747853279114,0.2922740876674652,296.8929748535156,297.1499938964844,293.1499938964844,0.0,-0.0,291.06939697265625,0.8864243626594543,0.4370864331722259,0.4169458150863647,296.963134765625,297.1499938964844,293.1499938964844,0.0,-0.0,291.06939697265625,0.770155668258667,0.2833782434463501,1.2910254001617432,291.06939697265625,291.1499938964844,288.1499938964844,286.8559875488281,291.0682373046875,296.9632263183594,291.0692443847656,1.0,0.6111147403717041,1.0,1.0,0.3809076249599457,1.0,-3.2683417797088623,2.1866235733032227,1.0817183256149292,1.4495744705200195,0.0,0.0,0.0,165.080078125,131.0,-0.410503089427948,-0.0,2909.570068359375,1.0,293.1499938964844,293.1499938964844,293.1499938964844,293.1499938964844,293.1499938964844,293.1499938964844,278.1499938964844,0.0,18000.0,313.1499938964844,0.0,18000.0,0.0,0.0,0.0,0.0,0.0,0.0,0.0,0.0,0.0,0.0,-0.0,-0.0,0.0,0.0,0.0,0.0,0.0,-0.0,0.0,0.0,0.0,0.0,0.0,0.0,0.0,0.0,0.0,4.0,0.0,0.0
11901660,296.9208068847656,297.1499938964844,293.1499938964844,0.0,-0.0,291.0685119628906,0.7939881086349487,0.2934394180774688,0.2671758532524109,296.8770751953125,297.1499938964844,293.1499938964844,0.0,-0.0,291.0685119628906,0.927724063396454,0.4694856107234955,0.4470081925392151,296.88238525390625,297.1499938964844,293.1499938964844,0.0,-0.0,291.0685119628906,0.8845782279968262,0.4106701910495758,0.2893522381782532,296.8876953125,297.1499938964844,293.1499938964844,0.0,-0.0,291.0685119628906,0.9007527828216552,0.433294266462326,0.4130056798458099,296.95904541015625,297.1499938964844,293.1499938964844,0.0,-0.0,291.0685119628906,0.7820271849632263,0.2805971801280975,1.2767726182937622,291.0685119628906,291.1499938964844,288.114990234375,286.8380432128906,291.06658935546875,296.9591369628906,291.0682983398437,1.0,0.6001275777816772,1.0,1.0,0.3841323852539062,1.0,-3.2342066764831543,2.1553611755371094,1.0788456201553345,1.4259802103042605,0.0,0.0,0.0,153.51808166503906,119.0,-1.332820177078247,-0.0,2774.2197265625,1.0,293.1499938964844,293.1499938964844,293.1499938964844,293.1499938964844,293.1499938964844,293.1499938964844,278.1499938964844,0.0,18000.0,313.1499938964844,0.0,18000.0,0.0,0.0,0.0,0.0,0.0,0.0,0.0,0.0,0.0,0.0,-0.0,-0.0,0.0,0.0,0.0,0.0,0.0,-0.0,0.0,0.0,0.0,0.0,0.0,0.0,0.0,0.0,0.0,4.0,0.0,0.0
11901720,296.9208068847656,297.1499938964844,293.1499938964844,0.0,-0.0,291.0685119628906,0.7939881086349487,0.2934394180774688,0.2671758532524109,296.8770751953125,297.1499938964844,293.1499938964844,0.0,-0.0,291.0685119628906,0.927724063396454,0.4694856107234955,0.4470081925392151,296.88238525390625,297.1499938964844,293.1499938964844,0.0,-0.0,291.0685119628906,0.8845782279968262,0.4106701910495758,0.2893522381782532,296.8876953125,297.1499938964844,293.1499938964844,0.0,-0.0,291.0685119628906,0.9007527828216552,0.433294266462326,0.4130056798458099,296.95904541015625,297.1499938964844,293.1499938964844,0.0,-0.0,291.0685119628906,0.7820271849632263,0.2805971801280975,1.2767726182937622,291.0685119628906,291.1499938964844,288.114990234375,286.8380432128906,291.06658935546875,296.9591369628906,291.0682983398437,1.0,0.6001275777816772,1.0,1.0,0.3841323852539062,1.0,-3.2342066764831543,2.1553611755371094,1.0788456201553345,1.4259802103042605,0.0,0.0,0.0,153.51808166503906,119.0,-1.332820177078247,-0.0,2774.2197265625,1.0,293.1499938964844,293.1499938964844,293.1499938964844,293.1499938964844,293.1499938964844,293.1499938964844,278.1499938964844,0.0,18000.0,313.1499938964844,0.0,18000.0,0.0,0.0,0.0,0.0,0.0,0.0,0.0,0.0,0.0,0.0,-0.0,-0.0,0.0,0.0,0.0,0.0,0.0,-0.0,0.0,0.0,0.0,0.0,0.0,0.0,0.0,0.0,0.0,4.0,0.0,0.0
11901780,296.9176940917969,297.1499938964844,293.1499938964844,0.0,-0.0,291.0650329589844,0.8080030679702759,0.2902193069458008,0.2639314234256744,296.871826171875,297.1499938964844,293.1499938964844,0.0,-0.0,291.06500244140625,0.94720059633255,0.4654951691627502,0.4428885281085968,296.87774658203125,297.1499938964844,293.1499938964844,0.0,-0.0,291.06500244140625,0.9008458256721495,0.4068092703819275,0.2863936126232147,296.8824157714844,297.1499938964844,293.1499938964844,0.0,-0.0,291.06500244140625,0.918599247932434,0.4294368624687195,0.4090073108673095,296.9550170898437,297.1499938964844,293.1499938964844,0.0,-0.0,291.0650634765625,0.7960926294326782,0.2777687013149261,1.2623192071914673,291.06500244140625,291.1499938964844,288.0746765136719,286.8157958984375,291.0614929199219,296.9551086425781,291.0646667480469,1.0,0.5889312624931335,1.0,1.0,0.3873571753501892,1.0,-3.1996078491210938,2.1240005493164062,1.075607180595398,1.4024206399917605,0.0,0.0,0.0,141.9468231201172,107.0,-4.243717193603516,-0.0,2640.552734375,1.0,293.1499938964844,293.1499938964844,293.1499938964844,293.1499938964844,293.1499938964844,293.1499938964844,278.1499938964844,0.0,18000.0,313.1499938964844,0.0,18000.0,0.0,0.0,0.0,0.0,0.0,0.0,0.0,0.0,0.0,0.0,-0.0,-0.0,0.0,0.0,0.0,0.0,0.0,-0.0,0.0,0.0,0.0,0.0,0.0,0.0,0.0,0.0,0.0,4.0,0.0,0.0
11901840,296.9176940917969,297.1499938964844,293.1499938964844,0.0,-0.0,291.0650329589844,0.8080030679702759,0.2902193069458008,0.2639314234256744,296.871826171875,297.1499938964844,293.1499938964844,0.0,-0.0,291.06500244140625,0.94720059633255,0.4654951691627502,0.4428885281085968,296.87774658203125,297.1499938964844,293.1499938964844,0.0,-0.0,291.06500244140625,0.9008458256721495,0.4068092703819275,0.2863936126232147,296.8824157714844,297.1499938964844,293.1499938964844,0.0,-0.0,291.06500244140625,0.918599247932434,0.4294368624687195,0.4090073108673095,296.9550170898437,297.1499938964844,293.1499938964844,0.0,-0.0,291.0650634765625,0.7960926294326782,0.2777687013149261,1.2623192071914673,291.06500244140625,291.1499938964844,288.0746765136719,286.8157958984375,291.0614929199219,296.9551086425781,291.0646667480469,1.0,0.5889312624931335,1.0,1.0,0.3873571753501892,1.0,-3.1996078491210938,2.1240005493164062,1.075607180595398,1.4024206399917605,0.0,0.0,0.0,141.9468231201172,107.0,-4.243717193603516,-0.0,2640.552734375,1.0,293.1499938964844,293.1499938964844,293.1499938964844,293.1499938964844,293.1499938964844,293.1499938964844,278.1499938964844,0.0,18000.0,313.1499938964844,0.0,18000.0,0.0,0.0,0.0,0.0,0.0,0.0,0.0,0.0,0.0,0.0,-0.0,-0.0,0.0,0.0,0.0,0.0,0.0,-0.0,0.0,0.0,0.0,0.0,0.0,0.0,0.0,0.0,0.0,4.0,0.0,0.0
11901900,296.91607666015625,297.1499938964844,293.1499938964844,0.0,-0.0,291.06219482421875,0.8155902028083801,0.2885898053646087,0.2622931003570556,296.8691711425781,297.1499938964844,293.1499938964844,0.0,-0.0,291.0621337890625,0.9576758742332458,0.4634698331356048,0.4408018290996551,296.8753967285156,297.1499938964844,293.1499938964844,0.0,-0.0,291.0621643066406,0.9103997945785522,0.4048528373241424,0.2848972678184509,296.8797607421875,297.1499938964844,293.1499938964844,0.0,-0.0,291.0621337890625,0.9293602108955384,0.4274789094924927,0.4069819748401642,296.9529724121094,297.1499938964844,293.1499938964844,0.0,-0.0,291.0622253417969,0.8040803670883179,0.2763327956199646,1.255001425743103,291.0621337890625,291.1499938964844,288.0526733398437,286.8031616210937,291.0577392578125,296.9530639648437,291.061767578125,1.0,0.5832515954971313,1.0,1.0,0.3889695703983307,1.0,-3.182096004486084,2.1082630157470703,1.0738327503204346,1.390636324882507,0.0,0.0,0.0,136.1658172607422,107.0,-6.0407023429870605,-0.0,2574.339599609375,1.0,293.1499938964844,293.1499938964844,293.1499938964844,293.1499938964844,293.1499938964844,293.1499938964844,278.1499938964844,0.0,18000.0,313.1499938964844,0.0,18000.0,0.0,0.0,0.0,0.0,0.0,0.0,0.0,0.0,0.0,0.0,-0.0,-0.0,0.0,0.0,0.0,0.0,0.0,-0.0,0.0,0.0,0.0,0.0,0.0,0.0,0.0,0.0,0.0,4.0,0.0,0.0
11901960,296.9144287109375,297.1499938964844,293.1499938964844,0.0,-0.0,291.0589599609375,0.8236207365989685,0.2869466245174408,0.2606430649757385,296.8664245605469,297.1499938964844,293.1499938964844,0.0,-0.0,291.0588684082031,0.9684450626373292,0.4614237546920776,0.4386962652206421,296.8730163574219,297.1499938964844,293.1499938964844,0.0,-0.0,291.05889892578125,0.9216318130493164,0.4028784930706024,0.2833888828754425,296.8770446777344,297.1499938964844,293.1499938964844,0.0,-0.0,291.05889892578125,0.9410894513130188,0.4255007803440094,0.4049383103847503,296.950927734375,297.1499938964844,293.1499938964844,0.0,-0.0,291.0589599609375,0.812597930431366,0.2748817801475525,1.2476189136505127,291.0588684082031,291.1499938964844,288.0295104980469,286.7895812988281,291.0539855957031,296.9510192871094,291.0584716796875,1.0,0.5775169730186462,1.0,1.0,0.390685886144638,1.0,-3.164433240890503,2.092200756072998,1.0722324848175049,1.3785603046417236,0.0,0.0,0.0,130.3916473388672,95.0,-7.415404319763184,-0.0,2508.554931640625,1.0,293.1499938964844,293.1499938964844,293.1499938964844,293.1499938964844,293.1499938964844,293.1499938964844,278.1499938964844,0.0,18000.0,313.1499938964844,0.0,18000.0,0.0,0.0,0.0,0.0,0.0,0.0,0.0,0.0,0.0,0.0,-0.0,-0.0,0.0,0.0,0.0,0.0,0.0,-0.0,0.0,0.0,0.0,0.0,0.0,0.0,0.0,0.0,0.0,4.0,0.0,0.0
11902020,296.9110412597656,297.1499938964844,293.1499938964844,0.0,-0.0,291.0510559082031,0.8422291874885559,0.2836196422576904,0.2573072612285614,296.86090087890625,297.1499938964844,293.1499938964844,0.0,-0.0,291.05096435546875,0.9902184009552002,0.4572694897651672,0.4344274401664734,296.8681335449219,297.1499938964844,293.1499938964844,0.0,-0.0,291.0509948730469,0.948095202445984,0.3988767862319946,0.2803356349468231,296.8715209960937,297.1499938964844,293.1499938964844,0.0,-0.0,291.05096435546875,0.9665433168411256,0.4214841723442077,0.4007948935031891,296.9467163085937,297.1499938964844,293.1499938964844,0.0,-0.0,291.05108642578125,0.831263542175293,0.2719337344169616,1.2326529026031494,291.05096435546875,291.1499938964844,287.9798278808594,286.7597351074219,291.04449462890625,296.9468078613281,291.05047607421875,1.0,0.5658759474754333,1.0,1.0,0.3941184878349304,1.0,-3.128643751144409,2.0599191188812256,1.0687246322631836,1.3543411493301392,0.0,0.0,0.0,118.86053466796876,98.0,-10.341570854187012,-0.0,2378.27685546875,1.0,293.1499938964844,293.1499938964844,293.1499938964844,293.1499938964844,293.1499938964844,293.1499938964844,278.1499938964844,0.0,18000.0,313.1499938964844,0.0,18000.0,0.0,0.0,0.0,0.0,0.0,0.0,0.0,0.0,0.0,0.0,-0.0,-0.0,0.0,0.0,0.0,0.0,0.0,-0.0,0.0,0.0,0.0,0.0,0.0,0.0,0.0,0.0,0.0,4.0,0.0,0.0
11902080,296.9110412597656,297.1499938964844,293.1499938964844,0.0,-0.0,291.0510559082031,0.8422291874885559,0.2836196422576904,0.2573072612285614,296.86090087890625,297.1499938964844,293.1499938964844,0.0,-0.0,291.05096435546875,0.9902184009552002,0.4572694897651672,0.4344274401664734,296.8681335449219,297.1499938964844,293.1499938964844,0.0,-0.0,291.0509948730469,0.948095202445984,0.3988767862319946,0.2803356349468231,296.8715209960937,297.1499938964844,293.1499938964844,0.0,-0.0,291.05096435546875,0.9665433168411256,0.4214841723442077,0.4007948935031891,296.9467163085937,297.1499938964844,293.1499938964844,0.0,-0.0,291.05108642578125,0.831263542175293,0.2719337344169616,1.2326529026031494,291.05096435546875,291.1499938964844,287.9798278808594,286.7597351074219,291.04449462890625,296.9468078613281,291.05047607421875,1.0,0.5658759474754333,1.0,1.0,0.3941184878349304,1.0,-3.128643751144409,2.0599191188812256,1.0687246322631836,1.3543411493301392,0.0,0.0,0.0,118.86053466796876,98.0,-10.341570854187012,-0.0,2378.27685546875,1.0,293.1499938964844,293.1499938964844,293.1499938964844,293.1499938964844,293.1499938964844,293.1499938964844,278.1499938964844,0.0,18000.0,313.1499938964844,0.0,18000.0,0.0,0.0,0.0,0.0,0.0,0.0,0.0,0.0,0.0,0.0,-0.0,-0.0,0.0,0.0,0.0,0.0,0.0,-0.0,0.0,0.0,0.0,0.0,0.0,0.0,0.0,0.0,0.0,4.0,0.0,0.0
11902140,296.90740966796875,297.1499938964844,293.1499938964844,0.0,-0.0,291.04071044921875,0.8486795425415039,0.2802248001098633,0.2541494369506836,296.8551330566406,297.1499938964844,293.1499938964844,0.0,-0.0,291.04058837890625,0.9969921112060548,0.4530234932899475,0.4303215146064758,296.86309814453125,297.1499938964844,293.1499938964844,0.0,-0.0,291.0406188964844,0.9570357203483582,0.3947943747043609,0.2774107456207275,296.8658142089844,297.1499938964844,293.1499938964844,0.0,-0.0,291.0406188964844,0.974798321723938,0.4173785150051117,0.3968167901039123,296.9423522949219,297.1499938964844,293.1499938964844,0.0,-0.0,291.0407409667969,0.8377199172973633,0.268916517496109,1.2185592651367188,291.04058837890625,291.1499938964844,287.92608642578125,286.7265319824219,291.0325622558594,296.94244384765625,291.0400085449219,1.0,0.5584771633148193,1.0,1.0,0.3975511193275451,1.0,-3.0946640968322754,2.0289976596832275,1.065666437149048,1.3310308456420898,0.0,0.0,0.0,113.64151763916016,116.0,-13.553048133850098,-0.0,2287.42724609375,1.0,293.1499938964844,293.1499938964844,293.1499938964844,293.1499938964844,293.1499938964844,293.1499938964844,278.1499938964844,0.0,18000.0,313.1499938964844,0.0,18000.0,0.0,0.0,0.0,0.0,0.0,0.0,0.0,0.0,0.0,0.0,-0.0,-0.0,0.0,0.0,0.0,0.0,0.0,-0.0,0.0,0.0,0.0,0.0,0.0,0.0,0.0,0.0,0.0,4.0,0.0,0.0
11902200,296.90740966796875,297.1499938964844,293.1499938964844,0.0,-0.0,291.04071044921875,0.8486795425415039,0.2802248001098633,0.2541494369506836,296.8551330566406,297.1499938964844,293.1499938964844,0.0,-0.0,291.04058837890625,0.9969921112060548,0.4530234932899475,0.4303215146064758,296.86309814453125,297.1499938964844,293.1499938964844,0.0,-0.0,291.0406188964844,0.9570357203483582,0.3947943747043609,0.2774107456207275,296.8658142089844,297.1499938964844,293.1499938964844,0.0,-0.0,291.0406188964844,0.974798321723938,0.4173785150051117,0.3968167901039123,296.9423522949219,297.1499938964844,293.1499938964844,0.0,-0.0,291.0407409667969,0.8377199172973633,0.268916517496109,1.2185592651367188,291.04058837890625,291.1499938964844,287.92608642578125,286.7265319824219,291.0325622558594,296.94244384765625,291.0400085449219,1.0,0.5584771633148193,1.0,1.0,0.3975511193275451,1.0,-3.0946640968322754,2.0289976596832275,1.065666437149048,1.3310308456420898,0.0,0.0,0.0,113.64151763916016,116.0,-13.553048133850098,-0.0,2287.42724609375,1.0,293.1499938964844,293.1499938964844,293.1499938964844,293.1499938964844,293.1499938964844,293.1499938964844,278.1499938964844,0.0,18000.0,313.1499938964844,0.0,18000.0,0.0,0.0,0.0,0.0,0.0,0.0,0.0,0.0,0.0,0.0,-0.0,-0.0,0.0,0.0,0.0,0.0,0.0,-0.0,0.0,0.0,0.0,0.0,0.0,0.0,0.0,0.0,0.0,4.0,0.0,0.0
11902260,296.9032287597656,297.1499938964844,293.1499938964844,0.0,-0.0,291.0318298339844,0.830764651298523,0.2767297923564911,0.2512769699096679,296.8489685058594,297.1499938964844,293.1499938964844,0.0,-0.0,291.0317077636719,0.979522466659546,0.4486654698848724,0.4265018701553345,296.8576354980469,297.1499938964844,293.1499938964844,0.0,-0.0,291.03173828125,0.9336376786231996,0.3906083405017853,0.2747035622596741,296.8597412109375,297.1499938964844,293.1499938964844,0.0,-0.0,291.03173828125,0.9533677697181702,0.4131628572940826,0.3931272327899933,296.9375915527344,297.1499938964844,293.1499938964844,0.0,-0.0,291.0318298339844,0.8204768300056458,0.2658044099807739,1.2059122323989868,291.0317077636719,291.1499938964844,287.86865234375,286.6903686523437,291.0249938964844,296.9377136230469,291.0312805175781,1.0,0.5576153993606567,1.0,1.0,0.4017977118492126,1.0,-3.063719749450684,1.997973084449768,1.0657466650009155,1.3069349527359009,0.0,0.0,0.0,118.43761444091795,134.0,-12.22878360748291,-0.0,2256.1904296875,1.0,293.1499938964844,293.1499938964844,293.1499938964844,293.1499938964844,293.1499938964844,293.1499938964844,278.1499938964844,0.0,18000.0,313.1499938964844,0.0,18000.0,0.0,0.0,0.0,0.0,0.0,0.0,0.0,0.0,0.0,0.0,-0.0,-0.0,0.0,0.0,0.0,0.0,0.0,-0.0,0.0,0.0,0.0,0.0,0.0,0.0,0.0,0.0,0.0,4.0,0.0,0.0
11902320,296.9032287597656,297.1499938964844,293.1499938964844,0.0,-0.0,291.0318298339844,0.830764651298523,0.2767297923564911,0.2512769699096679,296.8489685058594,297.1499938964844,293.1499938964844,0.0,-0.0,291.0317077636719,0.979522466659546,0.4486654698848724,0.4265018701553345,296.8576354980469,297.1499938964844,293.1499938964844,0.0,-0.0,291.03173828125,0.9336376786231996,0.3906083405017853,0.2747035622596741,296.8597412109375,297.1499938964844,293.1499938964844,0.0,-0.0,291.03173828125,0.9533677697181702,0.4131628572940826,0.3931272327899933,296.9375915527344,297.1499938964844,293.1499938964844,0.0,-0.0,291.0318298339844,0.8204768300056458,0.2658044099807739,1.2059122323989868,291.0317077636719,291.1499938964844,287.86865234375,286.6903686523437,291.0249938964844,296.9377136230469,291.0312805175781,1.0,0.5576153993606567,1.0,1.0,0.4017977118492126,1.0,-3.063719749450684,1.997973084449768,1.0657466650009155,1.3069349527359009,0.0,0.0,0.0,118.43761444091795,134.0,-12.22878360748291,-0.0,2256.1904296875,1.0,293.1499938964844,293.1499938964844,293.1499938964844,293.1499938964844,293.1499938964844,293.1499938964844,278.1499938964844,0.0,18000.0,313.1499938964844,0.0,18000.0,0.0,0.0,0.0,0.0,0.0,0.0,0.0,0.0,0.0,0.0,-0.0,-0.0,0.0,0.0,0.0,0.0,0.0,-0.0,0.0,0.0,0.0,0.0,0.0,0.0,0.0,0.0,0.0,4.0,0.0,0.0
11902380,296.89849853515625,297.1499938964844,293.1499938964844,0.0,-0.0,291.0231018066406,0.8031776547431946,0.2731228172779083,0.2485212981700897,296.8424377441406,297.1499938964844,293.1499938964844,0.0,-0.0,291.0229797363281,0.9458272457122804,0.4441903531551361,0.4228000342845917,296.8517761230469,297.1499938964844,293.1499938964844,0.0,-0.0,291.02301025390625,0.8981565833091736,0.3863125145435333,0.2720884382724762,296.853271484375,297.1499938964844,293.1499938964844,0.0,-0.0,291.02301025390625,0.9164207577705384,0.4088308215141296,0.3895562291145324,296.9323425292969,297.1499938964844,293.1499938964844,0.0,-0.0,291.0231018066406,0.792489230632782,0.2625826895236969,1.193862795829773,291.0229797363281,291.1499938964844,287.8079833984375,286.6515197753906,291.015869140625,296.9324645996094,291.0224914550781,1.0,0.5601924657821655,1.0,1.0,0.4060443043708801,1.0,-3.034033298492432,1.967906594276428,1.0661267042160034,1.2835536003112793,0.0,0.0,0.0,129.0378875732422,152.0,-12.392698287963867,-0.0,2257.741943359375,1.0,293.1499938964844,293.1499938964844,293.1499938964844,293.1499938964844,293.1499938964844,293.1499938964844,278.1499938964844,0.0,18000.0,313.1499938964844,0.0,18000.0,0.0,0.0,0.0,0.0,0.0,0.0,0.0,0.0,0.0,0.0,-0.0,-0.0,0.0,0.0,0.0,0.0,0.0,-0.0,0.0,0.0,0.0,0.0,0.0,0.0,0.0,0.0,0.0,4.0,0.0,0.0
11902440,296.89849853515625,297.1499938964844,293.1499938964844,0.0,-0.0,291.0231018066406,0.8031776547431946,0.2731228172779083,0.2485212981700897,296.8424377441406,297.1499938964844,293.1499938964844,0.0,-0.0,291.0229797363281,0.9458272457122804,0.4441903531551361,0.4228000342845917,296.8517761230469,297.1499938964844,293.1499938964844,0.0,-0.0,291.02301025390625,0.8981565833091736,0.3863125145435333,0.2720884382724762,296.853271484375,297.1499938964844,293.1499938964844,0.0,-0.0,291.02301025390625,0.9164207577705384,0.4088308215141296,0.3895562291145324,296.9323425292969,297.1499938964844,293.1499938964844,0.0,-0.0,291.0231018066406,0.792489230632782,0.2625826895236969,1.193862795829773,291.0229797363281,291.1499938964844,287.8079833984375,286.6515197753906,291.015869140625,296.9324645996094,291.0224914550781,1.0,0.5601924657821655,1.0,1.0,0.4060443043708801,1.0,-3.034033298492432,1.967906594276428,1.0661267042160034,1.2835536003112793,0.0,0.0,0.0,129.0378875732422,152.0,-12.392698287963867,-0.0,2257.741943359375,1.0,293.1499938964844,293.1499938964844,293.1499938964844,293.1499938964844,293.1499938964844,293.1499938964844,278.1499938964844,0.0,18000.0,313.1499938964844,0.0,18000.0,0.0,0.0,0.0,0.0,0.0,0.0,0.0,0.0,0.0,0.0,-0.0,-0.0,0.0,0.0,0.0,0.0,0.0,-0.0,0.0,0.0,0.0,0.0,0.0,0.0,0.0,0.0,0.0,4.0,0.0,0.0
11902500,296.8959045410156,297.1499938964844,293.1499938964844,0.0,-0.0,291.01824951171875,0.7880384922027588,0.2712759971618652,0.2471538782119751,296.8390197753906,297.1499938964844,293.1499938964844,0.0,-0.0,291.0181579589844,0.9262539148330688,0.4419063031673431,0.4209576547145843,296.84869384765625,297.1499938964844,293.1499938964844,0.0,-0.0,291.0181884765625,0.8814657926559448,0.3841212689876556,0.270789235830307,296.8498840332031,297.1499938964844,293.1499938964844,0.0,-0.0,291.0181579589844,0.8985734581947327,0.4066188037395477,0.3877796232700348,296.9295349121094,297.1499938964844,293.1499938964844,0.0,-0.0,291.0182800292969,0.7777273058891296,0.2609286308288574,1.1878918409347534,291.0181579589844,291.1499938964844,287.77655029296875,286.6311950683594,291.0106506347656,296.9296875,291.01763916015625,1.0,0.5622913837432861,1.0,1.0,0.4081676006317138,1.0,-3.019299030303955,1.9530357122421265,1.0662633180618286,1.2720048427581787,0.0,0.0,0.0,135.66122436523438,152.0,-12.97663402557373,-0.0,2265.469482421875,1.0,293.1499938964844,293.1499938964844,293.1499938964844,293.1499938964844,293.1499938964844,293.1499938964844,278.1499938964844,0.0,18000.0,313.1499938964844,0.0,18000.0,0.0,0.0,0.0,0.0,0.0,0.0,0.0,0.0,0.0,0.0,-0.0,-0.0,0.0,0.0,0.0,0.0,0.0,-0.0,0.0,0.0,0.0,0.0,0.0,0.0,0.0,0.0,0.0,4.0,0.0,0.0
11902560,296.8932189941406,297.1499938964844,293.1499938964844,0.0,-0.0,291.0142822265625,0.7735310792922974,0.2694031000137329,0.2457838207483291,296.83551025390625,297.1499938964844,293.1499938964844,0.0,-0.0,291.01422119140625,0.9076301455497742,0.4395934641361236,0.4191101789474487,296.8455505371094,297.1499938964844,293.1499938964844,0.0,-0.0,291.0142517089844,0.8656221628189087,0.38190358877182,0.2694877982139587,296.8464050292969,297.1499938964844,293.1499938964844,0.0,-0.0,291.0142517089844,0.882227897644043,0.4043782949447632,0.3859982490539551,296.9266357421875,297.1499938964844,293.1499938964844,0.0,-0.0,291.0143127441406,0.7637313604354858,0.2592475414276123,1.1819062232971191,291.01422119140625,291.1499938964844,287.7444763183594,286.6103210449219,291.00848388671875,296.9267883300781,291.013916015625,1.0,0.5647445917129517,1.0,1.0,0.4107590317726135,1.0,-3.0045297145843506,1.9370183944702148,1.0675114393234253,1.2593215703964231,0.0,0.0,0.0,142.87533569335938,170.0,-11.374394416809082,-0.0,2276.04833984375,1.0,293.1499938964844,293.1499938964844,293.1499938964844,293.1499938964844,293.1499938964844,293.1499938964844,278.1499938964844,0.0,18000.0,313.1499938964844,0.0,18000.0,0.0,0.0,0.0,0.0,0.0,0.0,0.0,0.0,0.0,0.0,-0.0,-0.0,0.0,0.0,0.0,0.0,0.0,-0.0,0.0,0.0,0.0,0.0,0.0,0.0,0.0,0.0,0.0,4.0,0.0,0.0
11902620,296.8877868652344,297.1499938964844,293.1499938964844,0.0,-0.0,291.009033203125,0.7477761507034302,0.2656004428863525,0.2430321425199508,296.8285522460937,297.1499938964844,293.1499938964844,0.0,-0.0,291.00897216796875,0.8767514228820801,0.4349017739295959,0.4153949320316314,296.8392639160156,297.1499938964844,293.1499938964844,0.0,-0.0,291.0090026855469,0.8377004861831665,0.3774102032184601,0.266875296831131,296.8395080566406,297.1499938964844,293.1499938964844,0.0,-0.0,291.0090026855469,0.852982759475708,0.3998309969902038,0.382415235042572,296.92071533203125,297.1499938964844,293.1499938964844,0.0,-0.0,291.0090637207031,0.7391098141670227,0.2558193504810333,1.1698445081710815,291.00897216796875,291.1499938964844,287.6784973144531,286.567138671875,291.0039978027344,296.9208679199219,291.0086364746094,1.0,0.5703860521316528,1.0,1.0,0.4159418940544128,1.0,-2.974809169769287,1.9049593210220337,1.0698498487472534,1.2339705228805542,0.0,0.0,0.0,158.54110717773438,173.0,-8.612104415893555,-0.0,2302.7421875,1.0,293.1499938964844,293.1499938964844,293.1499938964844,293.1499938964844,293.1499938964844,293.1499938964844,278.1499938964844,0.0,18000.0,313.1499938964844,0.0,18000.0,0.0,0.0,0.0,0.0,0.0,0.0,0.0,0.0,0.0,0.0,-0.0,-0.0,0.0,0.0,0.0,0.0,0.0,-0.0,0.0,0.0,0.0,0.0,0.0,0.0,0.0,0.0,0.0,4.0,0.0,0.0
11902680,296.8877868652344,297.1499938964844,293.1499938964844,0.0,-0.0,291.009033203125,0.7477761507034302,0.2656004428863525,0.2430321425199508,296.8285522460937,297.1499938964844,293.1499938964844,0.0,-0.0,291.00897216796875,0.8767514228820801,0.4349017739295959,0.4153949320316314,296.8392639160156,297.1499938964844,293.1499938964844,0.0,-0.0,291.0090026855469,0.8377004861831665,0.3774102032184601,0.266875296831131,296.8395080566406,297.1499938964844,293.1499938964844,0.0,-0.0,291.0090026855469,0.852982759475708,0.3998309969902038,0.382415235042572,296.92071533203125,297.1499938964844,293.1499938964844,0.0,-0.0,291.0090637207031,0.7391098141670227,0.2558193504810333,1.1698445081710815,291.00897216796875,291.1499938964844,287.6784973144531,286.567138671875,291.0039978027344,296.9208679199219,291.0086364746094,1.0,0.5703860521316528,1.0,1.0,0.4159418940544128,1.0,-2.974809169769287,1.9049593210220337,1.0698498487472534,1.2339705228805542,0.0,0.0,0.0,158.54110717773438,173.0,-8.612104415893555,-0.0,2302.7421875,1.0,293.1499938964844,293.1499938964844,293.1499938964844,293.1499938964844,293.1499938964844,293.1499938964844,278.1499938964844,0.0,18000.0,313.1499938964844,0.0,18000.0,0.0,0.0,0.0,0.0,0.0,0.0,0.0,0.0,0.0,0.0,-0.0,-0.0,0.0,0.0,0.0,0.0,0.0,-0.0,0.0,0.0,0.0,0.0,0.0,0.0,0.0,0.0,0.0,4.0,0.0,0.0
11902740,296.8824462890625,297.1499938964844,293.1499938964844,0.0,-0.0,291.0034484863281,0.7322125434875488,0.2617359757423401,0.2400258332490921,296.8216247558594,297.1499938964844,293.1499938964844,0.0,-0.0,291.0033874511719,0.8580515384674072,0.4301287233829498,0.4113962650299072,296.8330993652344,297.1499938964844,293.1499938964844,0.0,-0.0,291.0033874511719,0.8207844495773315,0.3728479146957397,0.2640614509582519,296.8326416015625,297.1499938964844,293.1499938964844,0.0,-0.0,291.0033874511719,0.8355193138122559,0.3952028751373291,0.3785489797592163,296.914794921875,297.1499938964844,293.1499938964844,0.0,-0.0,291.0034484863281,0.7240943908691406,0.2523149251937866,1.1564518213272097,291.0033874511719,291.1499938964844,287.6105041503906,286.5222473144531,290.9981994628906,296.9149475097656,291.0030212402344,1.0,0.5721668601036072,1.0,1.0,0.4211247563362121,1.0,-2.9422640800476074,1.8715225458145144,1.0707414150238037,1.2079150676727295,0.0,0.0,0.0,168.9307098388672,161.0,-8.216015815734863,-0.0,2297.238037109375,1.0,293.1499938964844,293.1499938964844,293.1499938964844,293.1499938964844,293.1499938964844,293.1499938964844,278.1499938964844,0.0,18000.0,313.1499938964844,0.0,18000.0,0.0,0.0,0.0,0.0,0.0,0.0,0.0,0.0,0.0,0.0,-0.0,-0.0,0.0,0.0,0.0,0.0,0.0,-0.0,0.0,0.0,0.0,0.0,0.0,0.0,0.0,0.0,0.0,4.0,0.0,0.0
11902800,296.8824462890625,297.1499938964844,293.1499938964844,0.0,-0.0,291.0034484863281,0.7322125434875488,0.2617359757423401,0.2400258332490921,296.8216247558594,297.1499938964844,293.1499938964844,0.0,-0.0,291.0033874511719,0.8580515384674072,0.4301287233829498,0.4113962650299072,296.8330993652344,297.1499938964844,293.1499938964844,0.0,-0.0,291.0033874511719,0.8207844495773315,0.3728479146957397,0.2640614509582519,296.8326416015625,297.1499938964844,293.1499938964844,0.0,-0.0,291.0033874511719,0.8355193138122559,0.3952028751373291,0.3785489797592163,296.914794921875,297.1499938964844,293.1499938964844,0.0,-0.0,291.0034484863281,0.7240943908691406,0.2523149251937866,1.1564518213272097,291.0033874511719,291.1499938964844,287.6105041503906,286.5222473144531,290.9981994628906,296.9149475097656,291.0030212402344,1.0,0.5721668601036072,1.0,1.0,0.4211247563362121,1.0,-2.9422640800476074,1.8715225458145144,1.0707414150238037,1.2079150676727295,0.0,0.0,0.0,168.9307098388672,161.0,-8.216015815734863,-0.0,2297.238037109375,1.0,293.1499938964844,293.1499938964844,293.1499938964844,293.1499938964844,293.1499938964844,293.1499938964844,278.1499938964844,0.0,18000.0,313.1499938964844,0.0,18000.0,0.0,0.0,0.0,0.0,0.0,0.0,0.0,0.0,0.0,0.0,-0.0,-0.0,0.0,0.0,0.0,0.0,0.0,-0.0,0.0,0.0,0.0,0.0,0.0,0.0,0.0,0.0,0.0,4.0,0.0,0.0
11902860,296.8775939941406,297.1499938964844,293.1499938964844,0.0,-0.0,290.9999389648437,0.7267998456954956,0.257855087518692,0.2366388142108917,296.8150634765625,297.1499938964844,293.1499938964844,0.0,-0.0,290.9999084472656,0.8522869944572449,0.4253049194812774,0.4069679677486419,296.8273620605469,297.1499938964844,293.1499938964844,0.0,-0.0,290.9999084472656,0.8151707649230957,0.3682524561882019,0.2609415054321289,296.826171875,297.1499938964844,293.1499938964844,0.0,-0.0,290.9999084472656,0.83000248670578,0.3905253410339355,0.3742542266845703,296.90924072265625,297.1499938964844,293.1499938964844,0.0,-0.0,290.9999389648437,0.7188321948051453,0.2487705200910568,1.1410646438598633,290.9999084472656,291.1499938964844,287.5408630371094,286.4760131835937,290.99639892578125,296.90936279296875,290.9996643066406,1.0,0.567586362361908,1.0,1.0,0.4269478619098663,1.0,-2.9054665565490723,1.8342938423156736,1.0711727142333984,1.179027438163757,0.0,0.0,0.0,169.74505615234375,149.0,-5.410003662109375,-0.0,2236.743896484375,1.0,293.1499938964844,293.1499938964844,293.1499938964844,293.1499938964844,293.1499938964844,293.1499938964844,278.1499938964844,0.0,18000.0,313.1499938964844,0.0,18000.0,0.0,0.0,0.0,0.0,0.0,0.0,0.0,0.0,0.0,0.0,-0.0,-0.0,0.0,0.0,0.0,0.0,0.0,-0.0,0.0,0.0,0.0,0.0,0.0,0.0,0.0,0.0,0.0,4.0,0.0,0.0
11902920,296.8775939941406,297.1499938964844,293.1499938964844,0.0,-0.0,290.9999389648437,0.7267998456954956,0.257855087518692,0.2366388142108917,296.8150634765625,297.1499938964844,293.1499938964844,0.0,-0.0,290.9999084472656,0.8522869944572449,0.4253049194812774,0.4069679677486419,296.8273620605469,297.1499938964844,293.1499938964844,0.0,-0.0,290.9999084472656,0.8151707649230957,0.3682524561882019,0.2609415054321289,296.826171875,297.1499938964844,293.1499938964844,0.0,-0.0,290.9999084472656,0.83000248670578,0.3905253410339355,0.3742542266845703,296.90924072265625,297.1499938964844,293.1499938964844,0.0,-0.0,290.9999389648437,0.7188321948051453,0.2487705200910568,1.1410646438598633,290.9999084472656,291.1499938964844,287.5408630371094,286.4760131835937,290.99639892578125,296.90936279296875,290.9996643066406,1.0,0.567586362361908,1.0,1.0,0.4269478619098663,1.0,-2.9054665565490723,1.8342938423156736,1.0711727142333984,1.179027438163757,0.0,0.0,0.0,169.74505615234375,149.0,-5.410003662109375,-0.0,2236.743896484375,1.0,293.1499938964844,293.1499938964844,293.1499938964844,293.1499938964844,293.1499938964844,293.1499938964844,278.1499938964844,0.0,18000.0,313.1499938964844,0.0,18000.0,0.0,0.0,0.0,0.0,0.0,0.0,0.0,0.0,0.0,0.0,-0.0,-0.0,0.0,0.0,0.0,0.0,0.0,-0.0,0.0,0.0,0.0,0.0,0.0,0.0,0.0,0.0,0.0,4.0,0.0,0.0
11902980,296.8736267089844,297.1499938964844,293.1499938964844,0.0,-0.0,290.9974975585937,0.7266374826431274,0.254002183675766,0.2330643981695175,296.8092346191406,297.1499938964844,293.1499938964844,0.0,-0.0,290.9974670410156,0.8531085252761841,0.4204687476158142,0.4023047387599945,296.8224182128906,297.1499938964844,293.1499938964844,0.0,-0.0,290.9974670410156,0.8156512379646301,0.3636647164821625,0.2576618194580078,296.82037353515625,297.1499938964844,293.1499938964844,0.0,-0.0,290.9974670410156,0.8306019902229309,0.38583704829216,0.3697258532047272,296.9043884277344,297.1499938964844,293.1499938964844,0.0,-0.0,290.9974975585937,0.7188279032707214,0.2452283203601837,1.124620795249939,290.9974670410156,291.1499938964844,287.4700012207031,286.42877197265625,290.994384765625,296.9045104980469,290.9972229003906,1.0,0.5596388578414917,1.0,1.0,0.4327709674835205,1.0,-2.866416931152344,1.7961255311965942,1.0702913999557495,1.1496611833572388,0.0,0.0,0.0,164.9893341064453,137.0,-3.999415874481201,-0.0,2146.457275390625,1.0,293.1499938964844,293.1499938964844,293.1499938964844,293.1499938964844,293.1499938964844,293.1499938964844,278.1499938964844,0.0,18000.0,313.1499938964844,0.0,18000.0,0.0,0.0,0.0,0.0,0.0,0.0,0.0,0.0,0.0,0.0,-0.0,-0.0,0.0,0.0,0.0,0.0,0.0,-0.0,0.0,0.0,0.0,0.0,0.0,0.0,0.0,0.0,0.0,4.0,0.0,0.0
11903040,296.8736267089844,297.1499938964844,293.1499938964844,0.0,-0.0,290.9974975585937,0.7266374826431274,0.254002183675766,0.2330643981695175,296.8092346191406,297.1499938964844,293.1499938964844,0.0,-0.0,290.9974670410156,0.8531085252761841,0.4204687476158142,0.4023047387599945,296.8224182128906,297.1499938964844,293.1499938964844,0.0,-0.0,290.9974670410156,0.8156512379646301,0.3636647164821625,0.2576618194580078,296.82037353515625,297.1499938964844,293.1499938964844,0.0,-0.0,290.9974670410156,0.8306019902229309,0.38583704829216,0.3697258532047272,296.9043884277344,297.1499938964844,293.1499938964844,0.0,-0.0,290.9974975585937,0.7188279032707214,0.2452283203601837,1.124620795249939,290.9974670410156,291.1499938964844,287.4700012207031,286.42877197265625,290.994384765625,296.9045104980469,290.9972229003906,1.0,0.5596388578414917,1.0,1.0,0.4327709674835205,1.0,-2.866416931152344,1.7961255311965942,1.0702913999557495,1.1496611833572388,0.0,0.0,0.0,164.9893341064453,137.0,-3.999415874481201,-0.0,2146.457275390625,1.0,293.1499938964844,293.1499938964844,293.1499938964844,293.1499938964844,293.1499938964844,293.1499938964844,278.1499938964844,0.0,18000.0,313.1499938964844,0.0,18000.0,0.0,0.0,0.0,0.0,0.0,0.0,0.0,0.0,0.0,0.0,-0.0,-0.0,0.0,0.0,0.0,0.0,0.0,-0.0,0.0,0.0,0.0,0.0,0.0,0.0,0.0,0.0,0.0,4.0,0.0,0.0
11903100,296.8719177246094,297.1499938964844,293.1499938964844,0.0,-0.0,290.996337890625,0.7278023958206177,0.2520846724510193,0.2312398999929428,296.8065185546875,297.1499938964844,293.1499938964844,0.0,-0.0,290.9963073730469,0.8550813794136047,0.4180454015731811,0.3999200761318207,296.8202209472656,297.1499938964844,293.1499938964844,0.0,-0.0,290.9963073730469,0.81734299659729,0.3613730072975158,0.2559879720211029,296.8177185058594,297.1499938964844,293.1499938964844,0.0,-0.0,290.9963073730469,0.8323513269424438,0.3834886252880096,0.3674094378948211,296.9022216796875,297.1499938964844,293.1499938964844,0.0,-0.0,290.996337890625,0.7200838327407837,0.2434598505496978,1.1161799430847168,290.9963073730469,291.1499938964844,287.4342346191406,286.4048767089844,290.99334716796875,296.9023132324219,290.9960632324219,1.0,0.5548526048660278,1.0,1.0,0.4356825053691864,1.0,-2.846416711807251,1.7769349813461304,1.0694818496704102,1.1349726915359497,0.0,0.0,0.0,161.37353515625,137.0,-3.653568983078003,-0.0,2095.32080078125,1.0,293.1499938964844,293.1499938964844,293.1499938964844,293.1499938964844,293.1499938964844,293.1499938964844,278.1499938964844,0.0,18000.0,313.1499938964844,0.0,18000.0,0.0,0.0,0.0,0.0,0.0,0.0,0.0,0.0,0.0,0.0,-0.0,-0.0,0.0,0.0,0.0,0.0,0.0,-0.0,0.0,0.0,0.0,0.0,0.0,0.0,0.0,0.0,0.0,4.0,0.0,0.0
11903160,296.8703918457031,297.1499938964844,293.1499938964844,0.0,-0.0,290.9955749511719,0.7295972108840942,0.2501716911792755,0.2293993681669235,296.803955078125,297.1499938964844,293.1499938964844,0.0,-0.0,290.9955749511719,0.85786372423172,0.4156178832054138,0.3975100517272949,296.8181457519531,297.1499938964844,293.1499938964844,0.0,-0.0,290.9955749511719,0.8197557330131531,0.3590819835662842,0.2542988061904907,296.8152160644531,297.1499938964844,293.1499938964844,0.0,-0.0,290.9955749511719,0.8348432183265686,0.381136804819107,0.3650683760643005,296.90020751953125,297.1499938964844,293.1499938964844,0.0,-0.0,290.9955749511719,0.7219645977020264,0.2416928708553314,1.107643961906433,290.9955749511719,291.1499938964844,287.3983154296875,286.380859375,290.99346923828125,296.9002990722656,290.99542236328125,1.0,0.5496889352798462,1.0,1.0,0.4387513101100921,1.0,-2.826205253601074,1.757376194000244,1.0688289403915403,1.119961857795715,0.0,0.0,0.0,157.2121124267578,125.0,-2.659662961959839,-0.0,2041.8487548828125,1.0,293.1499938964844,293.1499938964844,293.1499938964844,293.1499938964844,293.1499938964844,293.1499938964844,278.1499938964844,0.0,18000.0,313.1499938964844,0.0,18000.0,0.0,0.0,0.0,0.0,0.0,0.0,0.0,0.0,0.0,0.0,-0.0,-0.0,0.0,0.0,0.0,0.0,0.0,-0.0,0.0,0.0,0.0,0.0,0.0,0.0,0.0,0.0,0.0,4.0,0.0,0.0
11903220,296.86773681640625,297.1499938964844,293.1499938964844,0.0,-0.0,290.9955139160156,0.7347950339317322,0.246359720826149,0.225688636302948,296.7992248535156,297.1499938964844,293.1499938964844,0.0,-0.0,290.9955139160156,0.8655522465705872,0.4107531309127807,0.3926354348659515,296.8144836425781,297.1499938964844,293.1499938964844,0.0,-0.0,290.9955139160156,0.8263858556747437,0.3545050024986267,0.2508904337882995,296.8105773925781,297.1499938964844,293.1499938964844,0.0,-0.0,290.9955139160156,0.8417609930038452,0.3764255940914154,0.3603337705135345,296.8966064453125,297.1499938964844,293.1499938964844,0.0,-0.0,290.9955139160156,0.7272778153419495,0.2381647378206253,1.090385675430298,290.9955139160156,291.1499938964844,287.32623291015625,286.33258056640625,290.9941711425781,296.8966979980469,290.995361328125,1.0,0.538533627986908,1.0,1.0,0.4448889195919037,1.0,-2.785358667373657,1.7183445692062378,1.0670140981674194,1.0901139974594116,0.0,0.0,0.0,147.76991271972656,113.0,-0.7846333980560303,-0.0,1930.9771728515625,1.0,293.1499938964844,293.1499938964844,293.1499938964844,293.1499938964844,293.1499938964844,293.1499938964844,278.1499938964844,0.0,18000.0,313.1499938964844,0.0,18000.0,0.0,0.0,0.0,0.0,0.0,0.0,0.0,0.0,0.0,0.0,-0.0,-0.0,0.0,0.0,0.0,0.0,0.0,-0.0,0.0,0.0,0.0,0.0,0.0,0.0,0.0,0.0,0.0,4.0,0.0,0.0
11903280,296.86773681640625,297.1499938964844,293.1499938964844,0.0,-0.0,290.9955139160156,0.7347950339317322,0.246359720826149,0.225688636302948,296.7992248535156,297.1499938964844,293.1499938964844,0.0,-0.0,290.9955139160156,0.8655522465705872,0.4107531309127807,0.3926354348659515,296.8144836425781,297.1499938964844,293.1499938964844,0.0,-0.0,290.9955139160156,0.8263858556747437,0.3545050024986267,0.2508904337882995,296.8105773925781,297.1499938964844,293.1499938964844,0.0,-0.0,290.9955139160156,0.8417609930038452,0.3764255940914154,0.3603337705135345,296.8966064453125,297.1499938964844,293.1499938964844,0.0,-0.0,290.9955139160156,0.7272778153419495,0.2381647378206253,1.090385675430298,290.9955139160156,291.1499938964844,287.32623291015625,286.33258056640625,290.9941711425781,296.8966979980469,290.995361328125,1.0,0.538533627986908,1.0,1.0,0.4448889195919037,1.0,-2.785358667373657,1.7183445692062378,1.0670140981674194,1.0901139974594116,0.0,0.0,0.0,147.76991271972656,113.0,-0.7846333980560303,-0.0,1930.9771728515625,1.0,293.1499938964844,293.1499938964844,293.1499938964844,293.1499938964844,293.1499938964844,293.1499938964844,278.1499938964844,0.0,18000.0,313.1499938964844,0.0,18000.0,0.0,0.0,0.0,0.0,0.0,0.0,0.0,0.0,0.0,0.0,-0.0,-0.0,0.0,0.0,0.0,0.0,0.0,-0.0,0.0,0.0,0.0,0.0,0.0,0.0,0.0,0.0,0.0,4.0,0.0,0.0
11903340,296.8655090332031,297.1499938964844,293.1499938964844,0.0,-0.0,290.9960327148437,0.7419748902320862,0.2425586730241775,0.2219545990228653,296.7948913574219,297.1499938964844,293.1499938964844,0.0,-0.0,290.9960327148437,0.8758854269981384,0.4058705866336822,0.3877083659172058,296.811279296875,297.1499938964844,293.1499938964844,0.0,-0.0,290.9960327148437,0.8352169990539551,0.3499298393726349,0.2474569231271743,296.8063659667969,297.1499938964844,293.1499938964844,0.0,-0.0,290.9960327148437,0.851112425327301,0.3717000186443329,0.3555497825145721,296.8935241699219,297.1499938964844,293.1499938964844,0.0,-0.0,290.9960327148437,0.7344549894332886,0.2346399277448654,1.0729728937149048,290.9960327148437,291.1499938964844,287.2541809082031,286.2843017578125,290.9952697753906,296.8935852050781,290.99591064453125,1.0,0.5266034007072449,1.0,1.0,0.4510265290737152,1.0,-2.744147300720215,1.679614543914795,1.06453275680542,1.060643196105957,0.0,0.0,0.0,137.40638732910156,101.0,0.3920575976371765,-0.0,1818.1649169921875,1.0,293.1499938964844,293.1499938964844,293.1499938964844,293.1499938964844,293.1499938964844,293.1499938964844,278.1499938964844,0.0,18000.0,313.1499938964844,0.0,18000.0,0.0,0.0,0.0,0.0,0.0,0.0,0.0,0.0,0.0,0.0,-0.0,-0.0,0.0,0.0,0.0,0.0,0.0,-0.0,0.0,0.0,0.0,0.0,0.0,0.0,0.0,0.0,0.0,4.0,0.0,0.0
11903400,296.8655090332031,297.1499938964844,293.1499938964844,0.0,-0.0,290.9960327148437,0.7419748902320862,0.2425586730241775,0.2219545990228653,296.7948913574219,297.1499938964844,293.1499938964844,0.0,-0.0,290.9960327148437,0.8758854269981384,0.4058705866336822,0.3877083659172058,296.811279296875,297.1499938964844,293.1499938964844,0.0,-0.0,290.9960327148437,0.8352169990539551,0.3499298393726349,0.2474569231271743,296.8063659667969,297.1499938964844,293.1499938964844,0.0,-0.0,290.9960327148437,0.851112425327301,0.3717000186443329,0.3555497825145721,296.8935241699219,297.1499938964844,293.1499938964844,0.0,-0.0,290.9960327148437,0.7344549894332886,0.2346399277448654,1.0729728937149048,290.9960327148437,291.1499938964844,287.2541809082031,286.2843017578125,290.9952697753906,296.8935852050781,290.99591064453125,1.0,0.5266034007072449,1.0,1.0,0.4510265290737152,1.0,-2.744147300720215,1.679614543914795,1.06453275680542,1.060643196105957,0.0,0.0,0.0,137.40638732910156,101.0,0.3920575976371765,-0.0,1818.1649169921875,1.0,293.1499938964844,293.1499938964844,293.1499938964844,293.1499938964844,293.1499938964844,293.1499938964844,278.1499938964844,0.0,18000.0,313.1499938964844,0.0,18000.0,0.0,0.0,0.0,0.0,0.0,0.0,0.0,0.0,0.0,0.0,-0.0,-0.0,0.0,0.0,0.0,0.0,0.0,-0.0,0.0,0.0,0.0,0.0,0.0,0.0,0.0,0.0,0.0,4.0,0.0,0.0
11903460,296.86358642578125,297.1499938964844,293.1499938964844,0.0,-0.0,290.9973449707031,0.7512860894203186,0.238761156797409,0.2182051539421081,296.7908630371094,297.1499938964844,293.1499938964844,0.0,-0.0,290.99737548828125,0.8889539241790771,0.4009649157524109,0.3827393054962158,296.8084411621094,297.1499938964844,293.1499938964844,0.0,-0.0,290.99737548828125,0.8464430570602417,0.3453522026538849,0.2440066486597061,296.8025207519531,297.1499938964844,293.1499938964844,0.0,-0.0,290.99737548828125,0.8630864024162292,0.3669554889202118,0.3507275879383087,296.8907775878906,297.1499938964844,293.1499938964844,0.0,-0.0,290.9973449707031,0.7436349987983704,0.2311129570007324,1.0554567575454712,290.99737548828125,291.1499938964844,287.1824951171875,286.2363586425781,290.9972839355469,296.8908386230469,290.997314453125,1.0,0.5141298174858093,1.0,1.0,0.457204133272171,1.0,-2.7026784420013428,1.641162633895874,1.0615158081054688,1.0315028429031372,0.0,0.0,0.0,126.53605651855467,89.0,1.5814188718795776,-0.0,1705.7109375,1.0,293.1499938964844,293.1499938964844,293.1499938964844,293.1499938964844,293.1499938964844,293.1499938964844,278.1499938964844,0.0,18000.0,313.1499938964844,0.0,18000.0,0.0,0.0,0.0,0.0,0.0,0.0,0.0,0.0,0.0,0.0,-0.0,-0.0,0.0,0.0,0.0,0.0,0.0,-0.0,0.0,0.0,0.0,0.0,0.0,0.0,0.0,0.0,0.0,4.0,0.0,0.0
11903520,296.86358642578125,297.1499938964844,293.1499938964844,0.0,-0.0,290.9973449707031,0.7512860894203186,0.238761156797409,0.2182051539421081,296.7908630371094,297.1499938964844,293.1499938964844,0.0,-0.0,290.99737548828125,0.8889539241790771,0.4009649157524109,0.3827393054962158,296.8084411621094,297.1499938964844,293.1499938964844,0.0,-0.0,290.99737548828125,0.8464430570602417,0.3453522026538849,0.2440066486597061,296.8025207519531,297.1499938964844,293.1499938964844,0.0,-0.0,290.99737548828125,0.8630864024162292,0.3669554889202118,0.3507275879383087,296.8907775878906,297.1499938964844,293.1499938964844,0.0,-0.0,290.9973449707031,0.7436349987983704,0.2311129570007324,1.0554567575454712,290.99737548828125,291.1499938964844,287.1824951171875,286.2363586425781,290.9972839355469,296.8908386230469,290.997314453125,1.0,0.5141298174858093,1.0,1.0,0.457204133272171,1.0,-2.7026784420013428,1.641162633895874,1.0615158081054688,1.0315028429031372,0.0,0.0,0.0,126.53605651855467,89.0,1.5814188718795776,-0.0,1705.7109375,1.0,293.1499938964844,293.1499938964844,293.1499938964844,293.1499938964844,293.1499938964844,293.1499938964844,278.1499938964844,0.0,18000.0,313.1499938964844,0.0,18000.0,0.0,0.0,0.0,0.0,0.0,0.0,0.0,0.0,0.0,0.0,-0.0,-0.0,0.0,0.0,0.0,0.0,0.0,-0.0,0.0,0.0,0.0,0.0,0.0,0.0,0.0,0.0,0.0,4.0,0.0,0.0
11903580,296.8619079589844,297.1499938964844,293.1499938964844,0.0,-0.0,290.99951171875,0.7631977200508118,0.2349635660648346,0.2144452631473541,296.787109375,297.1499938964844,293.1499938964844,0.0,-0.0,290.99957275390625,0.9051302671432496,0.3960344493389129,0.3777354657649994,296.805908203125,297.1499938964844,293.1499938964844,0.0,-0.0,290.9995422363281,0.8606501221656799,0.3407695591449737,0.240544706583023,296.7989196777344,297.1499938964844,293.1499938964844,0.0,-0.0,290.9995422363281,0.878179669380188,0.3621901571750641,0.3458744585514068,296.8883361816406,297.1499938964844,293.1499938964844,0.0,-0.0,290.99951171875,0.7553179860115051,0.2275805324316024,1.037864327430725,290.99957275390625,291.1499938964844,287.11163330078125,286.1891174316406,291.0001525878906,296.8883972167969,290.99951171875,1.0,0.5012434124946594,1.0,1.0,0.4633817374706268,1.0,-2.6610143184661865,1.6031155586242676,1.0578988790512085,1.0028058290481567,0.0,0.0,0.0,115.39876556396484,77.0,2.7485427856445312,-0.0,1594.9173583984375,1.0,293.1499938964844,293.1499938964844,293.1499938964844,293.1499938964844,293.1499938964844,293.1499938964844,278.1499938964844,0.0,18000.0,313.1499938964844,0.0,18000.0,0.0,0.0,0.0,0.0,0.0,0.0,0.0,0.0,0.0,0.0,-0.0,-0.0,0.0,0.0,0.0,0.0,0.0,-0.0,0.0,0.0,0.0,0.0,0.0,0.0,0.0,0.0,0.0,4.0,0.0,0.0
11903640,296.8619079589844,297.1499938964844,293.1499938964844,0.0,-0.0,290.99951171875,0.7631977200508118,0.2349635660648346,0.2144452631473541,296.787109375,297.1499938964844,293.1499938964844,0.0,-0.0,290.99957275390625,0.9051302671432496,0.3960344493389129,0.3777354657649994,296.805908203125,297.1499938964844,293.1499938964844,0.0,-0.0,290.9995422363281,0.8606501221656799,0.3407695591449737,0.240544706583023,296.7989196777344,297.1499938964844,293.1499938964844,0.0,-0.0,290.9995422363281,0.878179669380188,0.3621901571750641,0.3458744585514068,296.8883361816406,297.1499938964844,293.1499938964844,0.0,-0.0,290.99951171875,0.7553179860115051,0.2275805324316024,1.037864327430725,290.99957275390625,291.1499938964844,287.11163330078125,286.1891174316406,291.0001525878906,296.8883972167969,290.99951171875,1.0,0.5012434124946594,1.0,1.0,0.4633817374706268,1.0,-2.6610143184661865,1.6031155586242676,1.0578988790512085,1.0028058290481567,0.0,0.0,0.0,115.39876556396484,77.0,2.7485427856445312,-0.0,1594.9173583984375,1.0,293.1499938964844,293.1499938964844,293.1499938964844,293.1499938964844,293.1499938964844,293.1499938964844,278.1499938964844,0.0,18000.0,313.1499938964844,0.0,18000.0,0.0,0.0,0.0,0.0,0.0,0.0,0.0,0.0,0.0,0.0,-0.0,-0.0,0.0,0.0,0.0,0.0,0.0,-0.0,0.0,0.0,0.0,0.0,0.0,0.0,0.0,0.0,0.0,4.0,0.0,0.0
11903700,296.8611755371094,297.1499938964844,293.1499938964844,0.0,-0.0,291.0009460449219,0.7703779935836792,0.2330639958381652,0.2125619947910308,296.7853088378906,297.1499938964844,293.1499938964844,0.0,-0.0,291.0009765625,0.9152677655220032,0.3935591578483581,0.3752211034297943,296.80474853515625,297.1499938964844,293.1499938964844,0.0,-0.0,291.0009765625,0.8691726326942444,0.3384750485420227,0.2388095706701278,296.7972106933594,297.1499938964844,293.1499938964844,0.0,-0.0,291.0009765625,0.8871481418609619,0.3597987294197082,0.3434367775917053,296.8871765136719,297.1499938964844,293.1499938964844,0.0,-0.0,291.0009460449219,0.7623671889305115,0.2258113920688629,1.0290420055389404,291.0009765625,291.1499938964844,287.0766296386719,286.16583251953125,291.001953125,296.8872375488281,291.0009765625,1.0,0.4946618378162384,1.0,1.0,0.4664705395698547,1.0,-2.6401147842407227,1.5842479467391968,1.055866837501526,0.9886268973350524,0.0,0.0,0.0,109.76585388183594,77.0,3.3531723022460938,-0.0,1540.33251953125,1.0,293.1499938964844,293.1499938964844,293.1499938964844,293.1499938964844,293.1499938964844,293.1499938964844,278.1499938964844,0.0,18000.0,313.1499938964844,0.0,18000.0,0.0,0.0,0.0,0.0,0.0,0.0,0.0,0.0,0.0,0.0,-0.0,-0.0,0.0,0.0,0.0,0.0,0.0,-0.0,0.0,0.0,0.0,0.0,0.0,0.0,0.0,0.0,0.0,4.0,0.0,0.0
11903760,296.8604431152344,297.1499938964844,293.1499938964844,0.0,-0.0,291.0023803710937,0.7785220146179199,0.2311635911464691,0.2106772065162658,296.7835693359375,297.1499938964844,293.1499938964844,0.0,-0.0,291.00244140625,0.927111029624939,0.3910775184631347,0.3726999163627624,296.8036193847656,297.1499938964844,293.1499938964844,0.0,-0.0,291.0024108886719,0.8788167834281921,0.3361780643463135,0.2370721399784088,296.7955627441406,297.1499938964844,293.1499938964844,0.0,-0.0,291.00244140625,0.8972024321556091,0.3574016392230987,0.3409929573535919,296.8861083984375,297.1499938964844,293.1499938964844,0.0,-0.0,291.0023803710937,0.7703855037689209,0.2240401208400726,1.0202064514160156,291.00244140625,291.1499938964844,287.0419921875,286.14288330078125,291.0033569335937,296.8861694335937,291.0024108886719,1.0,0.4880021512508392,1.0,1.0,0.4694686233997345,1.0,-2.6191792488098145,1.5656726360321045,1.05350661277771,0.974745750427246,0.0,0.0,0.0,104.11583709716795,65.0,3.5886011123657227,-0.0,1486.4237060546875,1.0,293.1499938964844,293.1499938964844,293.1499938964844,293.1499938964844,293.1499938964844,293.1499938964844,278.1499938964844,0.0,18000.0,313.1499938964844,0.0,18000.0,0.0,0.0,0.0,0.0,0.0,0.0,0.0,0.0,0.0,0.0,-0.0,-0.0,0.0,0.0,0.0,0.0,0.0,-0.0,0.0,0.0,0.0,0.0,0.0,0.0,0.0,0.0,0.0,4.0,0.0,0.0
11903820,296.85906982421875,297.1499938964844,293.1499938964844,0.0,-0.0,291.00543212890625,0.7983665466308594,0.2273574620485305,0.2069013714790344,296.7801818847656,297.1499938964844,293.1499938964844,0.0,-0.0,291.0054931640625,0.9548950791358948,0.3860917687416076,0.3676345646381378,296.8014831542969,297.1499938964844,293.1499938964844,0.0,-0.0,291.0054626464844,0.902237057685852,0.331573337316513,0.2335885912179947,296.7923583984375,297.1499938964844,293.1499938964844,0.0,-0.0,291.0054626464844,0.9228503108024596,0.3525871634483337,0.3360844254493713,296.884033203125,297.1499938964844,293.1499938964844,0.0,-0.0,291.00543212890625,0.7900578379631042,0.2204885333776474,1.002487063407898,291.0054931640625,291.1499938964844,286.9739990234375,286.0979919433594,291.0069274902344,296.88409423828125,291.0054931640625,1.0,0.4744462072849273,1.0,1.0,0.475464791059494,1.0,-2.5771796703338623,1.5288457870483398,1.0483338832855225,0.947332799434662,0.0,0.0,0.0,92.77774810791016,53.0,4.215639114379883,-0.0,1380.67138671875,1.0,293.1499938964844,293.1499938964844,293.1499938964844,293.1499938964844,293.1499938964844,293.1499938964844,278.1499938964844,0.0,18000.0,313.1499938964844,0.0,18000.0,0.0,0.0,0.0,0.0,0.0,0.0,0.0,0.0,0.0,0.0,-0.0,-0.0,0.0,0.0,0.0,0.0,0.0,-0.0,0.0,0.0,0.0,0.0,0.0,0.0,0.0,0.0,0.0,4.0,0.0,0.0
11903880,296.85906982421875,297.1499938964844,293.1499938964844,0.0,-0.0,291.00543212890625,0.7983665466308594,0.2273574620485305,0.2069013714790344,296.7801818847656,297.1499938964844,293.1499938964844,0.0,-0.0,291.0054931640625,0.9548950791358948,0.3860917687416076,0.3676345646381378,296.8014831542969,297.1499938964844,293.1499938964844,0.0,-0.0,291.0054626464844,0.902237057685852,0.331573337316513,0.2335885912179947,296.7923583984375,297.1499938964844,293.1499938964844,0.0,-0.0,291.0054626464844,0.9228503108024596,0.3525871634483337,0.3360844254493713,296.884033203125,297.1499938964844,293.1499938964844,0.0,-0.0,291.00543212890625,0.7900578379631042,0.2204885333776474,1.002487063407898,291.0054931640625,291.1499938964844,286.9739990234375,286.0979919433594,291.0069274902344,296.88409423828125,291.0054931640625,1.0,0.4744462072849273,1.0,1.0,0.475464791059494,1.0,-2.5771796703338623,1.5288457870483398,1.0483338832855225,0.947332799434662,0.0,0.0,0.0,92.77774810791016,53.0,4.215639114379883,-0.0,1380.67138671875,1.0,293.1499938964844,293.1499938964844,293.1499938964844,293.1499938964844,293.1499938964844,293.1499938964844,278.1499938964844,0.0,18000.0,313.1499938964844,0.0,18000.0,0.0,0.0,0.0,0.0,0.0,0.0,0.0,0.0,0.0,0.0,-0.0,-0.0,0.0,0.0,0.0,0.0,0.0,-0.0,0.0,0.0,0.0,0.0,0.0,0.0,0.0,0.0,0.0,4.0,0.0,0.0
11903940,296.8578186035156,297.1499938964844,293.1499938964844,0.0,-0.0,291.0094909667969,0.8234209418296814,0.223545640707016,0.2031179666519165,296.7769470214844,297.1499938964844,293.1499938964844,0.0,-0.0,291.00958251953125,0.985702633857727,0.3810780048370361,0.3625399172306061,296.79949951171875,297.1499938964844,293.1499938964844,0.0,-0.0,291.0095520019531,0.936168611049652,0.3269559442996979,0.2300941795110702,296.789306640625,297.1499938964844,293.1499938964844,0.0,-0.0,291.0095520019531,0.9576940536499025,0.3477473556995392,0.3311491906642914,296.88214111328125,297.1499938964844,293.1499938964844,0.0,-0.0,291.0094909667969,0.815714955329895,0.2169251888990402,0.9847045540809632,291.00958251953125,291.1499938964844,286.90802001953125,286.05487060546875,291.01190185546875,296.8821716308594,291.0096435546875,1.0,0.4605794847011566,1.0,1.0,0.4814609587192535,1.0,-2.535017251968384,1.4924207925796509,1.0425965785980225,0.9203505516052246,0.0,0.0,0.0,81.41751861572266,56.0,5.475857257843018,-0.0,1277.8165283203125,1.0,293.1499938964844,293.1499938964844,293.1499938964844,293.1499938964844,293.1499938964844,293.1499938964844,278.1499938964844,0.0,18000.0,313.1499938964844,0.0,18000.0,0.0,0.0,0.0,0.0,0.0,0.0,0.0,0.0,0.0,0.0,-0.0,-0.0,0.0,0.0,0.0,0.0,0.0,-0.0,0.0,0.0,0.0,0.0,0.0,0.0,0.0,0.0,0.0,4.0,0.0,0.0
11904000,296.8578186035156,297.1499938964844,293.1499938964844,0.0,-0.0,291.0094909667969,0.8234209418296814,0.223545640707016,0.2031179666519165,296.7769470214844,297.1499938964844,293.1499938964844,0.0,-0.0,291.00958251953125,0.985702633857727,0.3810780048370361,0.3625399172306061,296.79949951171875,297.1499938964844,293.1499938964844,0.0,-0.0,291.0095520019531,0.936168611049652,0.3269559442996979,0.2300941795110702,296.789306640625,297.1499938964844,293.1499938964844,0.0,-0.0,291.0095520019531,0.9576940536499025,0.3477473556995392,0.3311491906642914,296.88214111328125,297.1499938964844,293.1499938964844,0.0,-0.0,291.0094909667969,0.815714955329895,0.2169251888990402,0.9847045540809632,291.00958251953125,291.1499938964844,286.90802001953125,286.05487060546875,291.01190185546875,296.8821716308594,291.0096435546875,1.0,0.4605794847011566,1.0,1.0,0.4814609587192535,1.0,-2.535017251968384,1.4924207925796509,1.0425965785980225,0.9203505516052246,0.0,0.0,0.0,81.41751861572266,56.0,5.475857257843018,-0.0,1277.8165283203125,1.0,293.1499938964844,293.1499938964844,293.1499938964844,293.1499938964844,293.1499938964844,293.1499938964844,278.1499938964844,0.0,18000.0,313.1499938964844,0.0,18000.0,0.0,0.0,0.0,0.0,0.0,0.0,0.0,0.0,0.0,0.0,-0.0,-0.0,0.0,0.0,0.0,0.0,0.0,-0.0,0.0,0.0,0.0,0.0,0.0,0.0,0.0,0.0,0.0,4.0,0.0,0.0
11904060,296.8565979003906,297.1499938964844,293.1499938964844,0.0,-0.0,291.0136413574219,0.8344659805297852,0.219718798995018,0.1995297223329544,296.7737731933594,297.1499938964844,293.1499938964844,0.0,-0.0,291.0137023925781,0.9978395104408264,0.3760325908660888,0.3576324582099914,296.79754638671875,297.1499938964844,293.1499938964844,0.0,-0.0,291.013671875,0.9525288939476012,0.3223201036453247,0.2267480492591858,296.7863464355469,297.1499938964844,293.1499938964844,0.0,-0.0,291.0137023925781,0.9727118611335754,0.3428783118724823,0.3264038264751434,296.8802795410156,297.1499938964844,293.1499938964844,0.0,-0.0,291.0136413574219,0.8268873691558838,0.2133449614048004,0.967879593372345,291.0137023925781,291.1499938964844,286.8445129394531,286.0137634277344,291.01611328125,296.8803405761719,291.0137634277344,1.0,0.4512252807617187,1.0,1.0,0.4871262311935425,1.0,-2.4948620796203613,1.4582616090774536,1.0366005897521973,0.895145058631897,0.0,0.0,0.0,75.5954818725586,74.0,5.665788650512695,-0.0,1204.076171875,1.0,293.1499938964844,293.1499938964844,293.1499938964844,293.1499938964844,293.1499938964844,293.1499938964844,278.1499938964844,0.0,18000.0,313.1499938964844,0.0,18000.0,0.0,0.0,0.0,0.0,0.0,0.0,0.0,0.0,0.0,0.0,-0.0,-0.0,0.0,0.0,0.0,0.0,0.0,-0.0,0.0,0.0,0.0,0.0,0.0,0.0,0.0,0.0,0.0,4.0,0.0,0.0
11904120,296.8565979003906,297.1499938964844,293.1499938964844,0.0,-0.0,291.0136413574219,0.8344659805297852,0.219718798995018,0.1995297223329544,296.7737731933594,297.1499938964844,293.1499938964844,0.0,-0.0,291.0137023925781,0.9978395104408264,0.3760325908660888,0.3576324582099914,296.79754638671875,297.1499938964844,293.1499938964844,0.0,-0.0,291.013671875,0.9525288939476012,0.3223201036453247,0.2267480492591858,296.7863464355469,297.1499938964844,293.1499938964844,0.0,-0.0,291.0137023925781,0.9727118611335754,0.3428783118724823,0.3264038264751434,296.8802795410156,297.1499938964844,293.1499938964844,0.0,-0.0,291.0136413574219,0.8268873691558838,0.2133449614048004,0.967879593372345,291.0137023925781,291.1499938964844,286.8445129394531,286.0137634277344,291.01611328125,296.8803405761719,291.0137634277344,1.0,0.4512252807617187,1.0,1.0,0.4871262311935425,1.0,-2.4948620796203613,1.4582616090774536,1.0366005897521973,0.895145058631897,0.0,0.0,0.0,75.5954818725586,74.0,5.665788650512695,-0.0,1204.076171875,1.0,293.1499938964844,293.1499938964844,293.1499938964844,293.1499938964844,293.1499938964844,293.1499938964844,278.1499938964844,0.0,18000.0,313.1499938964844,0.0,18000.0,0.0,0.0,0.0,0.0,0.0,0.0,0.0,0.0,0.0,0.0,-0.0,-0.0,0.0,0.0,0.0,0.0,0.0,-0.0,0.0,0.0,0.0,0.0,0.0,0.0,0.0,0.0,0.0,4.0,0.0,0.0
11904180,296.85498046875,297.1499938964844,293.1499938964844,0.0,-0.0,291.0184936523437,0.8146436810493469,0.2158395498991012,0.1962379813194275,296.7704467773437,297.1499938964844,293.1499938964844,0.0,-0.0,291.0185852050781,0.9782117605209352,0.3709290325641632,0.3530294597148895,296.7953796386719,297.1499938964844,293.1499938964844,0.0,-0.0,291.0185546875,0.9260129928588868,0.3176361620426178,0.2236339449882507,296.783203125,297.1499938964844,293.1499938964844,0.0,-0.0,291.0185546875,0.9481037259101868,0.3379538357257843,0.3219648599624634,296.8782043457031,297.1499938964844,293.1499938964844,0.0,-0.0,291.0184936523437,0.8070324063301086,0.2097195386886596,0.952559769153595,291.0185852050781,291.1499938964844,286.7838134765625,285.97509765625,291.02203369140625,296.8782958984375,291.01873779296875,1.0,0.4491790533065796,1.0,1.0,0.4927915036678314,1.0,-2.4579014778137207,1.426362156867981,1.0315392017364502,0.8714687824249268,0.0,0.0,0.0,78.84929656982422,92.0,6.799411773681641,-0.0,1174.19580078125,1.0,293.1499938964844,293.1499938964844,293.1499938964844,293.1499938964844,293.1499938964844,293.1499938964844,278.1499938964844,0.0,18000.0,313.1499938964844,0.0,18000.0,0.0,0.0,0.0,0.0,0.0,0.0,0.0,0.0,0.0,0.0,-0.0,-0.0,0.0,0.0,0.0,0.0,0.0,-0.0,0.0,0.0,0.0,0.0,0.0,0.0,0.0,0.0,0.0,4.0,0.0,0.0
11904240,296.85498046875,297.1499938964844,293.1499938964844,0.0,-0.0,291.0184936523437,0.8146436810493469,0.2158395498991012,0.1962379813194275,296.7704467773437,297.1499938964844,293.1499938964844,0.0,-0.0,291.0185852050781,0.9782117605209352,0.3709290325641632,0.3530294597148895,296.7953796386719,297.1499938964844,293.1499938964844,0.0,-0.0,291.0185546875,0.9260129928588868,0.3176361620426178,0.2236339449882507,296.783203125,297.1499938964844,293.1499938964844,0.0,-0.0,291.0185546875,0.9481037259101868,0.3379538357257843,0.3219648599624634,296.8782043457031,297.1499938964844,293.1499938964844,0.0,-0.0,291.0184936523437,0.8070324063301086,0.2097195386886596,0.952559769153595,291.0185852050781,291.1499938964844,286.7838134765625,285.97509765625,291.02203369140625,296.8782958984375,291.01873779296875,1.0,0.4491790533065796,1.0,1.0,0.4927915036678314,1.0,-2.4579014778137207,1.426362156867981,1.0315392017364502,0.8714687824249268,0.0,0.0,0.0,78.84929656982422,92.0,6.799411773681641,-0.0,1174.19580078125,1.0,293.1499938964844,293.1499938964844,293.1499938964844,293.1499938964844,293.1499938964844,293.1499938964844,278.1499938964844,0.0,18000.0,313.1499938964844,0.0,18000.0,0.0,0.0,0.0,0.0,0.0,0.0,0.0,0.0,0.0,0.0,-0.0,-0.0,0.0,0.0,0.0,0.0,0.0,-0.0,0.0,0.0,0.0,0.0,0.0,0.0,0.0,0.0,0.0,4.0,0.0,0.0
11904300,296.8539733886719,297.1499938964844,293.1499938964844,0.0,-0.0,291.0215148925781,0.7977566123008728,0.2138716727495193,0.1946535408496856,296.7686462402344,297.1499938964844,293.1499938964844,0.0,-0.0,291.0216064453125,0.9589439034461976,0.3683495223522186,0.3507925271987915,296.7941589355469,297.1499938964844,293.1499938964844,0.0,-0.0,291.0215759277344,0.904898464679718,0.3152695000171661,0.2221269011497497,296.7815246582031,297.1499938964844,293.1499938964844,0.0,-0.0,291.0215759277344,0.926146924495697,0.3354646265506744,0.3198108971118927,296.87701416015625,297.1499938964844,293.1499938964844,0.0,-0.0,291.021484375,0.7900506854057312,0.2078816145658493,0.9452216625213624,291.0216064453125,291.1499938964844,286.75469970703125,285.956787109375,291.02569580078125,296.8771057128906,291.02178955078125,1.0,0.4498728811740875,1.0,1.0,0.4956241250038147,1.0,-2.4400956630706787,1.4109461307525637,1.0291494131088257,0.8600223660469055,0.0,0.0,0.0,82.7854232788086,92.0,7.66834020614624,-0.0,1169.9163818359375,1.0,293.1499938964844,293.1499938964844,293.1499938964844,293.1499938964844,293.1499938964844,293.1499938964844,278.1499938964844,0.0,18000.0,313.1499938964844,0.0,18000.0,0.0,0.0,0.0,0.0,0.0,0.0,0.0,0.0,0.0,0.0,-0.0,-0.0,0.0,0.0,0.0,0.0,0.0,-0.0,0.0,0.0,0.0,0.0,0.0,0.0,0.0,0.0,0.0,4.0,0.0,0.0
11904360,296.8528137207031,297.1499938964844,293.1499938964844,0.0,-0.0,291.02447509765625,0.7794255614280701,0.2118850499391555,0.1930916756391525,296.76678466796875,297.1499938964844,293.1499938964844,0.0,-0.0,291.0245666503906,0.9356773495674132,0.3657514154911041,0.3485796451568603,296.7928466796875,297.1499938964844,293.1499938964844,0.0,-0.0,291.0245666503906,0.8844451904296875,0.3128862977027893,0.2206390351057052,296.7797546386719,297.1499938964844,293.1499938964844,0.0,-0.0,291.0245666503906,0.9033160209655762,0.3329571783542633,0.3176813423633575,296.875732421875,297.1499938964844,293.1499938964844,0.0,-0.0,291.02447509765625,0.7720897793769836,0.206026017665863,0.9380027055740356,291.0245666503906,291.1499938964844,286.7264099121094,285.939208984375,291.0281982421875,296.8758239746094,291.0246887207031,1.0,0.4514068067073822,1.0,1.0,0.4982260167598724,1.0,-2.422541379928589,1.39617657661438,1.0263649225234983,0.8491644859313965,0.0,0.0,0.0,87.78781127929688,110.0,7.710066318511963,-0.0,1170.355224609375,1.0,293.1499938964844,293.1499938964844,293.1499938964844,293.1499938964844,293.1499938964844,293.1499938964844,278.1499938964844,0.0,18000.0,313.1499938964844,0.0,18000.0,0.0,0.0,0.0,0.0,0.0,0.0,0.0,0.0,0.0,0.0,-0.0,-0.0,0.0,0.0,0.0,0.0,0.0,-0.0,0.0,0.0,0.0,0.0,0.0,0.0,0.0,0.0,0.0,4.0,0.0,0.0
11904420,296.8501892089844,297.1499938964844,293.1499938964844,0.0,-0.0,291.0299987792969,0.7451069355010986,0.2078540027141571,0.1900028437376022,296.7628173828125,297.1499938964844,293.1499938964844,0.0,-0.0,291.0301208496094,0.8908823728561401,0.3604954183101654,0.3441895544528961,296.7899169921875,297.1499938964844,293.1499938964844,0.0,-0.0,291.03009033203125,0.8460044860839844,0.3080668151378631,0.2176942378282547,296.7759704589844,297.1499938964844,293.1499938964844,0.0,-0.0,291.03009033203125,0.8631266951560974,0.327884167432785,0.3134593665599823,296.8728332519531,297.1499938964844,293.1499938964844,0.0,-0.0,291.0299987792969,0.73880934715271,0.2022586613893509,0.923749566078186,291.0301208496094,291.1499938964844,286.67266845703125,285.9064025878906,291.03436279296875,296.8729248046875,291.0303039550781,1.0,0.4563169479370117,1.0,1.0,0.5034298300743103,1.0,-2.387823343276977,1.3671772480010986,1.020646095275879,0.8278966546058655,0.0,0.0,0.0,100.13770294189452,113.0,7.982169151306152,-0.0,1181.0849609375,1.0,293.1499938964844,293.1499938964844,293.1499938964844,293.1499938964844,293.1499938964844,293.1499938964844,278.1499938964844,0.0,18000.0,313.1499938964844,0.0,18000.0,0.0,0.0,0.0,0.0,0.0,0.0,0.0,0.0,0.0,0.0,-0.0,-0.0,0.0,0.0,0.0,0.0,0.0,-0.0,0.0,0.0,0.0,0.0,0.0,0.0,0.0,0.0,0.0,4.0,0.0,0.0
11904480,296.8501892089844,297.1499938964844,293.1499938964844,0.0,-0.0,291.0299987792969,0.7451069355010986,0.2078540027141571,0.1900028437376022,296.7628173828125,297.1499938964844,293.1499938964844,0.0,-0.0,291.0301208496094,0.8908823728561401,0.3604954183101654,0.3441895544528961,296.7899169921875,297.1499938964844,293.1499938964844,0.0,-0.0,291.03009033203125,0.8460044860839844,0.3080668151378631,0.2176942378282547,296.7759704589844,297.1499938964844,293.1499938964844,0.0,-0.0,291.03009033203125,0.8631266951560974,0.327884167432785,0.3134593665599823,296.8728332519531,297.1499938964844,293.1499938964844,0.0,-0.0,291.0299987792969,0.73880934715271,0.2022586613893509,0.923749566078186,291.0301208496094,291.1499938964844,286.67266845703125,285.9064025878906,291.03436279296875,296.8729248046875,291.0303039550781,1.0,0.4563169479370117,1.0,1.0,0.5034298300743103,1.0,-2.387823343276977,1.3671772480010986,1.020646095275879,0.8278966546058655,0.0,0.0,0.0,100.13770294189452,113.0,7.982169151306152,-0.0,1181.0849609375,1.0,293.1499938964844,293.1499938964844,293.1499938964844,293.1499938964844,293.1499938964844,293.1499938964844,278.1499938964844,0.0,18000.0,313.1499938964844,0.0,18000.0,0.0,0.0,0.0,0.0,0.0,0.0,0.0,0.0,0.0,0.0,-0.0,-0.0,0.0,0.0,0.0,0.0,0.0,-0.0,0.0,0.0,0.0,0.0,0.0,0.0,0.0,0.0,0.0,4.0,0.0,0.0
11904540,296.8473205566406,297.1499938964844,293.1499938964844,0.0,-0.0,291.0370178222656,0.7241486310958862,0.2037665992975235,0.1867298483848571,296.7586975097656,297.1499938964844,293.1499938964844,0.0,-0.0,291.0371398925781,0.8647161722183228,0.3551734089851379,0.3395991325378418,296.7868347167969,297.1499938964844,293.1499938964844,0.0,-0.0,291.037109375,0.8227977752685547,0.303192526102066,0.2146086543798446,296.77203369140625,297.1499938964844,293.1499938964844,0.0,-0.0,291.0371398925781,0.8387545943260193,0.3227469623088836,0.309038907289505,296.86968994140625,297.1499938964844,293.1499938964844,0.0,-0.0,291.0370178222656,0.7181946635246277,0.1984276622533798,0.9085597395896912,291.0371398925781,291.1499938964844,286.6229858398437,285.8771057128906,291.0426025390625,296.8697814941406,291.03741455078125,1.0,0.4580761194229126,1.0,1.0,0.5086336135864258,1.0,-2.351114273071289,1.3374189138412476,1.013695240020752,0.8063287138938904,0.0,0.0,0.0,109.09537506103516,101.0,9.566534996032717,-0.0,1175.48486328125,1.0,293.1499938964844,293.1499938964844,293.1499938964844,293.1499938964844,293.1499938964844,293.1499938964844,278.1499938964844,0.0,18000.0,313.1499938964844,0.0,18000.0,0.0,0.0,0.0,0.0,0.0,0.0,0.0,0.0,0.0,0.0,-0.0,-0.0,0.0,0.0,0.0,0.0,0.0,-0.0,0.0,0.0,0.0,0.0,0.0,0.0,0.0,0.0,0.0,4.0,0.0,0.0
11904600,296.8473205566406,297.1499938964844,293.1499938964844,0.0,-0.0,291.0370178222656,0.7241486310958862,0.2037665992975235,0.1867298483848571,296.7586975097656,297.1499938964844,293.1499938964844,0.0,-0.0,291.0371398925781,0.8647161722183228,0.3551734089851379,0.3395991325378418,296.7868347167969,297.1499938964844,293.1499938964844,0.0,-0.0,291.037109375,0.8227977752685547,0.303192526102066,0.2146086543798446,296.77203369140625,297.1499938964844,293.1499938964844,0.0,-0.0,291.0371398925781,0.8387545943260193,0.3227469623088836,0.309038907289505,296.86968994140625,297.1499938964844,293.1499938964844,0.0,-0.0,291.0370178222656,0.7181946635246277,0.1984276622533798,0.9085597395896912,291.0371398925781,291.1499938964844,286.6229858398437,285.8771057128906,291.0426025390625,296.8697814941406,291.03741455078125,1.0,0.4580761194229126,1.0,1.0,0.5086336135864258,1.0,-2.351114273071289,1.3374189138412476,1.013695240020752,0.8063287138938904,0.0,0.0,0.0,109.09537506103516,101.0,9.566534996032717,-0.0,1175.48486328125,1.0,293.1499938964844,293.1499938964844,293.1499938964844,293.1499938964844,293.1499938964844,293.1499938964844,278.1499938964844,0.0,18000.0,313.1499938964844,0.0,18000.0,0.0,0.0,0.0,0.0,0.0,0.0,0.0,0.0,0.0,0.0,-0.0,-0.0,0.0,0.0,0.0,0.0,0.0,-0.0,0.0,0.0,0.0,0.0,0.0,0.0,0.0,0.0,0.0,4.0,0.0,0.0
11904660,296.8447265625,297.1499938964844,293.1499938964844,0.0,-0.0,291.0438232421875,0.7162808775901794,0.1996691226959228,0.1831430494785308,296.7547607421875,297.1499938964844,293.1499938964844,0.0,-0.0,291.0439147949219,0.856246292591095,0.3498172163963318,0.3346591889858246,296.783935546875,297.1499938964844,293.1499938964844,0.0,-0.0,291.0439147949219,0.8148409724235535,0.2982993721961975,0.2112748473882675,296.76824951171875,297.1499938964844,293.1499938964844,0.0,-0.0,291.0439147949219,0.8307384252548218,0.3175776898860931,0.3042706549167633,296.8666076660156,297.1499938964844,293.1499938964844,0.0,-0.0,291.0437927246094,0.7102218270301819,0.1945666670799255,0.8917250037193298,291.0439147949219,291.1499938964844,286.5777893066406,285.85162353515625,291.0487976074219,296.86669921875,291.04412841796875,1.0,0.4533505141735077,1.0,1.0,0.5132273435592651,1.0,-2.31091833114624,1.307102084159851,1.0038162469863892,0.7849614024162292,0.0,0.0,0.0,110.119873046875,89.0,9.239891052246094,-0.0,1134.7318115234375,1.0,293.1499938964844,293.1499938964844,293.1499938964844,293.1499938964844,293.1499938964844,293.1499938964844,278.1499938964844,0.0,18000.0,313.1499938964844,0.0,18000.0,0.0,0.0,0.0,0.0,0.0,0.0,0.0,0.0,0.0,0.0,-0.0,-0.0,0.0,0.0,0.0,0.0,0.0,-0.0,0.0,0.0,0.0,0.0,0.0,0.0,0.0,0.0,0.0,4.0,0.0,0.0
11904720,296.8447265625,297.1499938964844,293.1499938964844,0.0,-0.0,291.0438232421875,0.7162808775901794,0.1996691226959228,0.1831430494785308,296.7547607421875,297.1499938964844,293.1499938964844,0.0,-0.0,291.0439147949219,0.856246292591095,0.3498172163963318,0.3346591889858246,296.783935546875,297.1499938964844,293.1499938964844,0.0,-0.0,291.0439147949219,0.8148409724235535,0.2982993721961975,0.2112748473882675,296.76824951171875,297.1499938964844,293.1499938964844,0.0,-0.0,291.0439147949219,0.8307384252548218,0.3175776898860931,0.3042706549167633,296.8666076660156,297.1499938964844,293.1499938964844,0.0,-0.0,291.0437927246094,0.7102218270301819,0.1945666670799255,0.8917250037193298,291.0439147949219,291.1499938964844,286.5777893066406,285.85162353515625,291.0487976074219,296.86669921875,291.04412841796875,1.0,0.4533505141735077,1.0,1.0,0.5132273435592651,1.0,-2.31091833114624,1.307102084159851,1.0038162469863892,0.7849614024162292,0.0,0.0,0.0,110.119873046875,89.0,9.239891052246094,-0.0,1134.7318115234375,1.0,293.1499938964844,293.1499938964844,293.1499938964844,293.1499938964844,293.1499938964844,293.1499938964844,278.1499938964844,0.0,18000.0,313.1499938964844,0.0,18000.0,0.0,0.0,0.0,0.0,0.0,0.0,0.0,0.0,0.0,0.0,-0.0,-0.0,0.0,0.0,0.0,0.0,0.0,-0.0,0.0,0.0,0.0,0.0,0.0,0.0,0.0,0.0,0.0,4.0,0.0,0.0
11904780,296.8426818847656,297.1499938964844,293.1499938964844,0.0,-0.0,291.0512390136719,0.7157503962516785,0.1955935060977935,0.1793833374977111,296.7511901855469,297.1499938964844,293.1499938964844,0.0,-0.0,291.0513916015625,0.8570697903633118,0.3444499373435974,0.329506903886795,296.7814636230469,297.1499938964844,293.1499938964844,0.0,-0.0,291.0513610839844,0.815322995185852,0.2934125363826751,0.2077962309122085,296.764892578125,297.1499938964844,293.1499938964844,0.0,-0.0,291.0513610839844,0.8312446475028992,0.3124002516269684,0.2992927730083465,296.8639221191406,297.1499938964844,293.1499938964844,0.0,-0.0,291.0512390136719,0.7098052501678467,0.1907047927379608,0.873924970626831,291.0513916015625,291.1499938964844,286.5375061035156,285.8303527832031,291.0575256347656,296.864013671875,291.0516967773437,1.0,0.444859117269516,1.0,1.0,0.5178210735321045,1.0,-2.26867413520813,1.2760062217712402,0.9926679134368896,0.7632174491882324,0.0,0.0,0.0,106.13369750976562,77.0,10.442438125610352,-0.0,1073.56591796875,1.0,293.1499938964844,293.1499938964844,293.1499938964844,293.1499938964844,293.1499938964844,293.1499938964844,278.1499938964844,0.0,18000.0,313.1499938964844,0.0,18000.0,0.0,0.0,0.0,0.0,0.0,0.0,0.0,0.0,0.0,0.0,-0.0,-0.0,0.0,0.0,0.0,0.0,0.0,-0.0,0.0,0.0,0.0,0.0,0.0,0.0,0.0,0.0,0.0,4.0,0.0,0.0
11904840,296.8426818847656,297.1499938964844,293.1499938964844,0.0,-0.0,291.0512390136719,0.7157503962516785,0.1955935060977935,0.1793833374977111,296.7511901855469,297.1499938964844,293.1499938964844,0.0,-0.0,291.0513916015625,0.8570697903633118,0.3444499373435974,0.329506903886795,296.7814636230469,297.1499938964844,293.1499938964844,0.0,-0.0,291.0513610839844,0.815322995185852,0.2934125363826751,0.2077962309122085,296.764892578125,297.1499938964844,293.1499938964844,0.0,-0.0,291.0513610839844,0.8312446475028992,0.3124002516269684,0.2992927730083465,296.8639221191406,297.1499938964844,293.1499938964844,0.0,-0.0,291.0512390136719,0.7098052501678467,0.1907047927379608,0.873924970626831,291.0513916015625,291.1499938964844,286.5375061035156,285.8303527832031,291.0575256347656,296.864013671875,291.0516967773437,1.0,0.444859117269516,1.0,1.0,0.5178210735321045,1.0,-2.26867413520813,1.2760062217712402,0.9926679134368896,0.7632174491882324,0.0,0.0,0.0,106.13369750976562,77.0,10.442438125610352,-0.0,1073.56591796875,1.0,293.1499938964844,293.1499938964844,293.1499938964844,293.1499938964844,293.1499938964844,293.1499938964844,278.1499938964844,0.0,18000.0,313.1499938964844,0.0,18000.0,0.0,0.0,0.0,0.0,0.0,0.0,0.0,0.0,0.0,0.0,-0.0,-0.0,0.0,0.0,0.0,0.0,0.0,-0.0,0.0,0.0,0.0,0.0,0.0,0.0,0.0,0.0,0.0,4.0,0.0,0.0
11904900,296.84185791015625,297.1499938964844,293.1499938964844,0.0,-0.0,291.0557556152344,0.7174069881439209,0.193568006157875,0.1774690598249435,296.7496032714844,297.1499938964844,293.1499938964844,0.0,-0.0,291.055908203125,0.859861433506012,0.3417669236660003,0.3268831074237823,296.7804260253906,297.1499938964844,293.1499938964844,0.0,-0.0,291.0558776855469,0.8177431225776672,0.290975958108902,0.2060261517763137,296.7633972167969,297.1499938964844,293.1499938964844,0.0,-0.0,291.055908203125,0.8336783051490784,0.3098131120204925,0.2967571318149566,296.8627624511719,297.1499938964844,293.1499938964844,0.0,-0.0,291.05572509765625,0.7116019129753113,0.188778206706047,0.864816427230835,291.055908203125,291.1499938964844,286.5193176269531,285.8213806152344,291.06304931640625,296.8628234863281,291.0562744140625,1.0,0.4396374821662903,1.0,1.0,0.5201179385185242,1.0,-2.247109889984131,1.260334610939026,0.9867753386497498,0.7523054480552673,0.0,0.0,0.0,102.9523696899414,77.0,11.633118629455566,-0.0,1038.71337890625,1.0,293.1499938964844,293.1499938964844,293.1499938964844,293.1499938964844,293.1499938964844,293.1499938964844,278.1499938964844,0.0,18000.0,313.1499938964844,0.0,18000.0,0.0,0.0,0.0,0.0,0.0,0.0,0.0,0.0,0.0,0.0,-0.0,-0.0,0.0,0.0,0.0,0.0,0.0,-0.0,0.0,0.0,0.0,0.0,0.0,0.0,0.0,0.0,0.0,4.0,0.0,0.0
11904960,296.8412170410156,297.1499938964844,293.1499938964844,0.0,-0.0,291.060302734375,0.7201001644134521,0.1915510296821594,0.1755416095256805,296.74810791015625,297.1499938964844,293.1499938964844,0.0,-0.0,291.0604553222656,0.8640192747116089,0.3390852808952331,0.3242384195327759,296.7795104980469,297.1499938964844,293.1499938964844,0.0,-0.0,291.0604248046875,0.8213500380516052,0.2885445952415466,0.2042434215545654,296.7619934082031,297.1499938964844,293.1499938964844,0.0,-0.0,291.0604248046875,0.8373494148254395,0.3072279393672943,0.2942011654376983,296.8617248535156,297.1499938964844,293.1499938964844,0.0,-0.0,291.060302734375,0.7144505977630615,0.1868555098772049,0.8556200861930847,291.0604553222656,291.1499938964844,286.50250244140625,285.8135986328125,291.06689453125,296.8617858886719,291.06072998046875,1.0,0.4339332580566406,1.0,1.0,0.5220473408699036,1.0,-2.225360155105591,1.2451971769332886,0.9801628589630128,0.7419583797454834,0.0,0.0,0.0,99.216796875,65.0,11.737055778503418,-0.0,1002.1654663085938,1.0,293.1499938964844,293.1499938964844,293.1499938964844,293.1499938964844,293.1499938964844,293.1499938964844,278.1499938964844,0.0,18000.0,313.1499938964844,0.0,18000.0,0.0,0.0,0.0,0.0,0.0,0.0,0.0,0.0,0.0,0.0,-0.0,-0.0,0.0,0.0,0.0,0.0,0.0,-0.0,0.0,0.0,0.0,0.0,0.0,0.0,0.0,0.0,0.0,4.0,0.0,0.0
11905020,296.8401794433594,297.1499938964844,293.1499938964844,0.0,-0.0,291.0687866210937,0.7282801866531372,0.1875348538160324,0.1716601699590683,296.7453918457031,297.1499938964844,293.1499938964844,0.0,-0.0,291.0689697265625,0.8763110637664795,0.3337188959121704,0.318900853395462,296.7779235839844,297.1499938964844,293.1499938964844,0.0,-0.0,291.0689392089844,0.8318739533424377,0.2836896181106567,0.2006502151489257,296.75946044921875,297.1499938964844,293.1499938964844,0.0,-0.0,291.0689392089844,0.8483002185821533,0.3020566701889038,0.2890430986881256,296.85986328125,297.1499938964844,293.1499938964844,0.0,-0.0,291.0687866210937,0.7228602766990662,0.1830173134803772,0.837042510509491,291.0689697265625,291.1499938964844,286.47320556640625,285.8017578125,291.0765686035156,296.85992431640625,291.0693359375,1.0,0.4214029312133789,1.0,1.0,0.5259060859680176,1.0,-2.181461334228516,1.2149685621261597,0.966492772102356,0.7213706970214844,0.0,0.0,0.0,90.5659637451172,53.0,12.2699556350708,-0.0,926.2119140625,1.0,293.1499938964844,293.1499938964844,293.1499938964844,293.1499938964844,293.1499938964844,293.1499938964844,278.1499938964844,0.0,18000.0,313.1499938964844,0.0,18000.0,0.0,0.0,0.0,0.0,0.0,0.0,0.0,0.0,0.0,0.0,-0.0,-0.0,0.0,0.0,0.0,0.0,0.0,-0.0,0.0,0.0,0.0,0.0,0.0,0.0,0.0,0.0,0.0,4.0,0.0,0.0
11905080,296.8401794433594,297.1499938964844,293.1499938964844,0.0,-0.0,291.0687866210937,0.7282801866531372,0.1875348538160324,0.1716601699590683,296.7453918457031,297.1499938964844,293.1499938964844,0.0,-0.0,291.0689697265625,0.8763110637664795,0.3337188959121704,0.318900853395462,296.7779235839844,297.1499938964844,293.1499938964844,0.0,-0.0,291.0689392089844,0.8318739533424377,0.2836896181106567,0.2006502151489257,296.75946044921875,297.1499938964844,293.1499938964844,0.0,-0.0,291.0689392089844,0.8483002185821533,0.3020566701889038,0.2890430986881256,296.85986328125,297.1499938964844,293.1499938964844,0.0,-0.0,291.0687866210937,0.7228602766990662,0.1830173134803772,0.837042510509491,291.0689697265625,291.1499938964844,286.47320556640625,285.8017578125,291.0765686035156,296.85992431640625,291.0693359375,1.0,0.4214029312133789,1.0,1.0,0.5259060859680176,1.0,-2.181461334228516,1.2149685621261597,0.966492772102356,0.7213706970214844,0.0,0.0,0.0,90.5659637451172,53.0,12.2699556350708,-0.0,926.2119140625,1.0,293.1499938964844,293.1499938964844,293.1499938964844,293.1499938964844,293.1499938964844,293.1499938964844,278.1499938964844,0.0,18000.0,313.1499938964844,0.0,18000.0,0.0,0.0,0.0,0.0,0.0,0.0,0.0,0.0,0.0,0.0,-0.0,-0.0,0.0,0.0,0.0,0.0,0.0,-0.0,0.0,0.0,0.0,0.0,0.0,0.0,0.0,0.0,0.0,4.0,0.0,0.0
11905140,296.8395690917969,303.1499938964844,285.1499938964844,0.0,-0.0,291.07958984375,0.7404349446296692,0.0,0.1677624136209488,296.7430725097656,303.1499938964844,285.1499938964844,0.0,-0.0,291.079833984375,0.8942959904670715,0.0,0.3135218918323517,296.7767028808594,303.1499938964844,285.1499938964844,0.0,-0.0,291.07977294921875,0.8472922444343567,0.0,0.1970360279083252,296.75732421875,303.1499938964844,285.1499938964844,0.0,-0.0,291.0798034667969,0.8646258115768433,0.0,0.2838460505008697,296.8583984375,303.1499938964844,285.1499938964844,0.0,-0.0,291.07958984375,0.7349884510040283,0.0,0.8183210492134094,291.0798034667969,294.1499938964844,286.45001220703125,285.7951965332031,291.0897521972656,296.85845947265625,291.0803527832031,0.0,0.0,1.0,1.0,0.5297648906707764,1.0,-2.137249708175659,1.1848193407058716,0.9524304270744324,0.7008908987045288,0.0,0.0,0.0,80.90807342529297,60.0,14.857613563537598,-0.0,849.0436401367188,0.0,293.1499938964844,293.1499938964844,293.1499938964844,293.1499938964844,293.1499938964844,293.1499938964844,278.1499938964844,0.0,18000.0,313.1499938964844,0.0,18000.0,0.0,0.0,0.0,0.0,0.0,0.0,0.0,0.0,0.0,0.0,-0.0,-0.0,0.0,0.0,0.0,0.0,0.0,-0.0,0.0,0.0,0.0,0.0,0.0,0.0,0.0,0.0,0.0,4.0,0.0,0.0
11905200,296.8395690917969,303.1499938964844,285.1499938964844,0.0,-0.0,291.07958984375,0.7404349446296692,0.0,0.1677624136209488,296.7430725097656,303.1499938964844,285.1499938964844,0.0,-0.0,291.079833984375,0.8942959904670715,0.0,0.3135218918323517,296.7767028808594,303.1499938964844,285.1499938964844,0.0,-0.0,291.07977294921875,0.8472922444343567,0.0,0.1970360279083252,296.75732421875,303.1499938964844,285.1499938964844,0.0,-0.0,291.0798034667969,0.8646258115768433,0.0,0.2838460505008697,296.8583984375,303.1499938964844,285.1499938964844,0.0,-0.0,291.07958984375,0.7349884510040283,0.0,0.8183210492134094,291.0798034667969,294.1499938964844,286.45001220703125,285.7951965332031,291.0897521972656,296.85845947265625,291.0803527832031,0.0,0.0,1.0,1.0,0.5297648906707764,1.0,-2.137249708175659,1.1848193407058716,0.9524304270744324,0.7008908987045288,0.0,0.0,0.0,80.90807342529297,60.0,14.857613563537598,-0.0,849.0436401367188,0.0,293.1499938964844,293.1499938964844,293.1499938964844,293.1499938964844,293.1499938964844,293.1499938964844,278.1499938964844,0.0,18000.0,313.1499938964844,0.0,18000.0,0.0,0.0,0.0,0.0,0.0,0.0,0.0,0.0,0.0,0.0,-0.0,-0.0,0.0,0.0,0.0,0.0,0.0,-0.0,0.0,0.0,0.0,0.0,0.0,0.0,0.0,0.0,0.0,4.0,0.0,0.0
11905260,296.99737548828125,303.1499938964844,285.1499938964844,0.0,-0.0,291.150390625,0.0,0.0,0.0007023646030575,297.000732421875,303.1499938964844,285.1499938964844,0.0,-0.0,291.150634765625,0.0,0.0,0.0012417860561981,297.035888671875,303.1499938964844,285.1499938964844,0.0,-0.0,291.15087890625,0.0,0.0,0.0007903649820946,296.9883728027344,303.1499938964844,285.1499938964844,0.0,-0.0,291.1507263183594,0.0,0.0,0.0011327255051583,297.0100402832031,303.1499938964844,285.1499938964844,0.0,-0.0,291.15057373046875,0.0,0.0,0.0034365670289844,291.1664733886719,294.1499938964844,286.4302978515625,285.7915344238281,290.2774658203125,294.5649719238281,291.1145324707031,0.0,0.0,0.6000000238418579,0.6000000238418579,0.7178589105606079,1.0,-0.0026166546158492,0.008179516531527,-0.0055628619156777,-0.0186221152544021,0.0,0.0,0.0,-0.0155814718455076,60.0,-20.82244110107422,-0.0,-5.239024176262319e-06,0.0,293.1499938964844,293.1499938964844,293.1499938964844,293.1499938964844,293.1499938964844,293.1499938964844,278.1499938964844,0.0,18000.0,313.1499938964844,0.0,18000.0,0.0,0.0,0.0,0.0,0.0,0.0,0.0,0.0,0.0,0.0,-0.0,-0.0,0.0,0.0,0.0,0.0,0.0,-0.0,0.0,0.0,0.0,0.0,0.0,0.0,0.0,0.0,0.0,4.0,0.0,0.0
11905320,296.99737548828125,303.1499938964844,285.1499938964844,0.0,-0.0,291.150390625,0.0,0.0,0.0007023646030575,297.000732421875,303.1499938964844,285.1499938964844,0.0,-0.0,291.150634765625,0.0,0.0,0.0012417860561981,297.035888671875,303.1499938964844,285.1499938964844,0.0,-0.0,291.15087890625,0.0,0.0,0.0007903649820946,296.9883728027344,303.1499938964844,285.1499938964844,0.0,-0.0,291.1507263183594,0.0,0.0,0.0011327255051583,297.0100402832031,303.1499938964844,285.1499938964844,0.0,-0.0,291.15057373046875,0.0,0.0,0.0034365670289844,291.1664733886719,294.1499938964844,286.4302978515625,285.7915344238281,290.2774658203125,294.5649719238281,291.1145324707031,0.0,0.0,0.6000000238418579,0.6000000238418579,0.7178589105606079,1.0,-0.0026166546158492,0.008179516531527,-0.0055628619156777,-0.0186221152544021,0.0,0.0,0.0,-0.0155814718455076,60.0,-20.82244110107422,-0.0,-5.239024176262319e-06,0.0,293.1499938964844,293.1499938964844,293.1499938964844,293.1499938964844,293.1499938964844,293.1499938964844,278.1499938964844,0.0,18000.0,313.1499938964844,0.0,18000.0,0.0,0.0,0.0,0.0,0.0,0.0,0.0,0.0,0.0,0.0,-0.0,-0.0,0.0,0.0,0.0,0.0,0.0,-0.0,0.0,0.0,0.0,0.0,0.0,0.0,0.0,0.0,0.0,4.0,0.0,0.0
11905380,297.0556945800781,303.1499938964844,285.1499938964844,0.0,-0.0,291.1510925292969,0.0,0.0,0.0001161647815024,297.1000061035156,303.1499938964844,285.1499938964844,0.0,-0.0,291.1516418457031,0.0,0.0,0.0001376528089167,297.1449584960937,303.1499938964844,285.1499938964844,0.0,-0.0,291.1517639160156,0.0,0.0,9.77996751316823e-05,297.0876770019531,303.1499938964844,285.1499938964844,0.0,-0.0,291.15167236328125,0.0,0.0,0.0001343243347946,297.0862731933594,303.1499938964844,285.1499938964844,0.0,-0.0,291.1512756347656,0.0,0.0,0.0005780734936706,291.1671447753906,294.1499938964844,286.420654296875,285.7898254394531,290.1695556640625,292.9635925292969,291.1063842773437,0.0,0.0,0.4000000059604645,0.4000000059604645,0.8119059801101685,1.0,-0.0012770494213327,0.0045020538382232,-0.0032250043004751,-0.0227556452155113,0.0,0.0,0.0,-0.0097936261445283,60.0,-15.091586112976074,-0.0,-1.111845833179359e-07,0.0,293.1499938964844,293.1499938964844,293.1499938964844,293.1499938964844,293.1499938964844,293.1499938964844,278.1499938964844,0.0,18000.0,313.1499938964844,0.0,18000.0,0.0,0.0,0.0,0.0,0.0,0.0,0.0,0.0,0.0,0.0,-0.0,-0.0,0.0,0.0,0.0,0.0,0.0,-0.0,0.0,0.0,0.0,0.0,0.0,0.0,0.0,0.0,0.0,4.0,0.0,0.0
11905440,297.1162414550781,303.1499938964844,285.1499938964844,0.0,-0.0,291.1513366699219,0.0,0.0,9.845197200775146e-05,297.188232421875,303.1499938964844,285.1499938964844,0.0,-0.0,291.15191650390625,0.0,0.0,0.0001042103613144,297.23150634765625,303.1499938964844,285.1499938964844,0.0,-0.0,291.15203857421875,0.0,0.0,7.683419244131073e-05,297.16943359375,303.1499938964844,285.1499938964844,0.0,-0.0,291.1519470214844,0.0,0.0,0.000104094055132,297.1479797363281,303.1499938964844,285.1499938964844,0.0,-0.0,291.1515197753906,0.0,0.0,0.0004917114274576,291.1673583984375,294.1499938964844,286.4111328125,285.78814697265625,290.1326599121094,291.5976257324219,291.1033020019531,0.0,0.0,0.2000000029802322,0.2000000029802322,0.9059529900550842,1.0,-0.0010505042737349,0.0011398957576602,-8.939146209741011e-05,-0.0262078996747732,0.0,0.0,0.0,-0.0098185641691088,60.0,-7.811042308807373,-0.0,-7.52426387862215e-08,0.0,293.1499938964844,293.1499938964844,293.1499938964844,293.1499938964844,293.1499938964844,293.1499938964844,278.1499938964844,0.0,18000.0,313.1499938964844,0.0,18000.0,0.0,0.0,0.0,0.0,0.0,0.0,0.0,0.0,0.0,0.0,-0.0,-0.0,0.0,0.0,0.0,0.0,0.0,-0.0,0.0,0.0,0.0,0.0,0.0,0.0,0.0,0.0,0.0,4.0,0.0,0.0
11905500,297.165283203125,303.1499938964844,285.1499938964844,0.0,-0.0,291.1515808105469,0.0,0.0,9.78703028522432e-05,297.2631225585937,303.1499938964844,285.1499938964844,0.0,-0.0,291.15216064453125,0.0,0.0,0.00010307404591,297.30010986328125,303.1499938964844,285.1499938964844,0.0,-0.0,291.1522521972656,0.0,0.0,7.612718763994053e-05,297.2364807128906,303.1499938964844,285.1499938964844,0.0,-0.0,291.15216064453125,0.0,0.0,0.0001030715066008,297.20086669921875,303.1499938964844,285.1499938964844,0.0,-0.0,291.1517639160156,0.0,0.0,0.000488880847115,291.16754150390625,294.1499938964844,286.4017639160156,285.7865600585937,290.0980529785156,290.5080261230469,291.1020812988281,0.0,0.0,0.0,0.0,1.0,1.0,-0.0010429824469611,5.153692583803605e-08,0.0010429309913888,-0.0275207329541444,0.0,0.0,0.0,-0.01020198315382,60.0,-4.991170883178711,-0.0,-7.416700498197315e-08,0.0,293.1499938964844,293.1499938964844,293.1499938964844,293.1499938964844,293.1499938964844,293.1499938964844,278.1499938964844,0.0,18000.0,313.1499938964844,0.0,18000.0,0.0,0.0,0.0,0.0,0.0,0.0,0.0,0.0,0.0,0.0,-0.0,-0.0,0.0,0.0,0.0,0.0,0.0,-0.0,0.0,0.0,0.0,0.0,0.0,0.0,0.0,0.0,0.0,4.0,0.0,0.0
11905560,297.205322265625,303.1499938964844,285.1499938964844,0.0,-0.0,291.1517944335937,0.0,0.0,9.791636693989858e-05,297.3241577148437,303.1499938964844,285.1499938964844,0.0,-0.0,291.1523742675781,0.0,0.0,0.0001031109204632,297.3551940917969,303.1499938964844,285.1499938964844,0.0,-0.0,291.1524963378906,0.0,0.0,7.615736103616655e-05,297.29205322265625,303.1499938964844,285.1499938964844,0.0,-0.0,291.15240478515625,0.0,0.0,0.0001031109059113,297.2472229003906,303.1499938964844,285.1499938964844,0.0,-0.0,291.1519775390625,0.0,0.0,0.0004891126300208,291.167724609375,294.1499938964844,286.3924865722656,285.7850036621094,290.063720703125,289.6388244628906,291.1015014648437,0.0,0.0,0.0,0.0,1.0,1.0,-0.0010434389114379,1.0943332462431954e-08,0.0010434279683977,-0.0277161281555891,0.0,0.0,0.0,-0.0102378744632005,60.0,-3.957543134689331,-0.0,-7.423246728421874e-08,0.0,293.1499938964844,293.1499938964844,293.1499938964844,293.1499938964844,293.1499938964844,293.1499938964844,278.1499938964844,0.0,18000.0,313.1499938964844,0.0,18000.0,0.0,0.0,0.0,0.0,0.0,0.0,0.0,0.0,0.0,0.0,-0.0,-0.0,0.0,0.0,0.0,0.0,0.0,-0.0,0.0,0.0,0.0,0.0,0.0,0.0,0.0,0.0,0.0,4.0,0.0,0.0
11905620,297.25,303.1499938964844,285.1499938964844,0.0,-0.0,291.1521301269531,0.0,0.0,9.800699626794084e-05,297.3916931152344,303.1499938964844,285.1499938964844,0.0,-0.0,291.1526794433594,0.0,0.0,0.0001032061845762,297.41558837890625,303.1499938964844,285.1499938964844,0.0,-0.0,291.1528015136719,0.0,0.0,7.622776320204139e-05,297.3548889160156,303.1499938964844,285.1499938964844,0.0,-0.0,291.1527099609375,0.0,0.0,0.0001032062064041,297.3028564453125,303.1499938964844,285.1499938964844,0.0,-0.0,291.1522827148437,0.0,0.0,0.0004895653692074,291.16796875,294.1499938964844,286.3797302246094,285.7829284667969,290.0159912109375,288.7112121582031,291.1009826660156,0.0,0.0,0.0,0.0,1.0,1.0,-0.0010444028303027,1.1056312310131489e-08,0.0010443917708471,-0.0280120130628347,0.0,0.0,0.0,-0.0102939000353217,60.0,-3.5166549682617188,-0.0,-7.436969440277609e-08,0.0,293.1499938964844,293.1499938964844,293.1499938964844,293.1499938964844,293.1499938964844,293.1499938964844,278.1499938964844,0.0,18000.0,313.1499938964844,0.0,18000.0,0.0,0.0,0.0,0.0,0.0,0.0,0.0,0.0,0.0,0.0,-0.0,-0.0,0.0,0.0,0.0,0.0,0.0,-0.0,0.0,0.0,0.0,0.0,0.0,0.0,0.0,0.0,0.0,4.0,0.0,0.0
11905680,297.2659606933594,303.1499938964844,285.1499938964844,0.0,-0.0,291.1522521972656,0.0,0.0,9.80482218437828e-05,297.4156188964844,303.1499938964844,285.1499938964844,0.0,-0.0,291.1528015136719,0.0,0.0,0.0001032495929393,297.4368896484375,303.1499938964844,285.1499938964844,0.0,-0.0,291.1529235839844,0.0,0.0,7.62598283472471e-05,297.3775634765625,303.1499938964844,285.1499938964844,0.0,-0.0,291.15283203125,0.0,0.0,0.0001032496147672,297.3238525390625,303.1499938964844,285.1499938964844,0.0,-0.0,291.1524353027344,0.0,0.0,0.000489771249704,291.1680603027344,294.1499938964844,286.3743591308594,285.78204345703125,289.99566650390625,288.3964538574219,291.1007385253906,0.0,0.0,0.0,0.0,1.0,1.0,-0.0010448414832353,1.110760639022601e-08,0.0010448304237797,-0.028146268799901,0.0,0.0,0.0,-0.010319328866899,60.0,-3.458395481109619,-0.0,-7.443217953095882e-08,0.0,293.1499938964844,293.1499938964844,293.1499938964844,293.1499938964844,293.1499938964844,293.1499938964844,278.1499938964844,0.0,18000.0,313.1499938964844,0.0,18000.0,0.0,0.0,0.0,0.0,0.0,0.0,0.0,0.0,0.0,0.0,-0.0,-0.0,0.0,0.0,0.0,0.0,0.0,-0.0,0.0,0.0,0.0,0.0,0.0,0.0,0.0,0.0,0.0,4.0,0.0,0.0
11905740,297.291748046875,303.1499938964844,285.1499938964844,0.0,-0.0,291.1524963378906,0.0,0.0,9.812857024371624e-05,297.4539489746094,303.1499938964844,285.1499938964844,0.0,-0.0,291.1530456542969,0.0,0.0,0.0001033342123264,297.4710693359375,303.1499938964844,285.1499938964844,0.0,-0.0,291.1531677246094,0.0,0.0,7.632232154719532e-05,297.4144592285156,303.1499938964844,285.1499938964844,0.0,-0.0,291.153076171875,0.0,0.0,0.0001033342341543,297.3591613769531,303.1499938964844,285.1499938964844,0.0,-0.0,291.15264892578125,0.0,0.0,0.0004901726497337,291.1682434082031,294.1499938964844,286.3643798828125,285.7804260253906,289.9579162597656,287.9124450683594,291.1003112792969,0.0,0.0,0.0,0.0,1.0,1.0,-0.0010456966701894,1.1207608174856888e-08,0.0010456854943186,-0.0284080114215612,0.0,0.0,0.0,-0.0103689040988683,60.0,-3.415853261947632,-0.0,-7.455407313727846e-08,0.0,293.1499938964844,293.1499938964844,293.1499938964844,293.1499938964844,293.1499938964844,293.1499938964844,278.1499938964844,0.0,18000.0,313.1499938964844,0.0,18000.0,0.0,0.0,0.0,0.0,0.0,0.0,0.0,0.0,0.0,0.0,-0.0,-0.0,0.0,0.0,0.0,0.0,0.0,-0.0,0.0,0.0,0.0,0.0,0.0,0.0,0.0,0.0,0.0,4.0,0.0,0.0
11905800,297.3090209960937,303.1499938964844,285.1499938964844,0.0,-0.0,291.1526794433594,0.0,0.0,9.819461411098018e-05,297.4792785644531,303.1499938964844,285.1499938964844,0.0,-0.0,291.1532287597656,0.0,0.0,0.0001034037559293,297.4937744140625,303.1499938964844,285.1499938964844,0.0,-0.0,291.1533203125,0.0,0.0,7.637368980795145e-05,297.4391784667969,303.1499938964844,285.1499938964844,0.0,-0.0,291.1532592773437,0.0,0.0,0.0001034037704812,297.3837585449219,303.1499938964844,285.1499938964844,0.0,-0.0,291.15283203125,0.0,0.0,0.0004905025125481,291.1683654785156,294.1499938964844,286.35662841796875,285.7791748046875,289.9284362792969,287.6098022460937,291.09991455078125,0.0,0.0,0.0,0.0,1.0,1.0,-0.0010463995859026,1.1289798429459097e-08,0.0010463882936164,-0.028623130172491,0.0,0.0,0.0,-0.0104096494615077,60.0,-3.4085021018981934,-0.0,-7.465433071729421e-08,0.0,293.1499938964844,293.1499938964844,293.1499938964844,293.1499938964844,293.1499938964844,293.1499938964844,278.1499938964844,0.0,18000.0,313.1499938964844,0.0,18000.0,0.0,0.0,0.0,0.0,0.0,0.0,0.0,0.0,0.0,0.0,-0.0,-0.0,0.0,0.0,0.0,0.0,0.0,-0.0,0.0,0.0,0.0,0.0,0.0,0.0,0.0,0.0,0.0,4.0,0.0,0.0
11905860,297.34063720703125,303.1499938964844,285.1499938964844,0.0,-0.0,291.153076171875,0.0,0.0,9.835309174377473e-05,297.524658203125,303.1499938964844,285.1499938964844,0.0,-0.0,291.15362548828125,0.0,0.0,0.0001035706445691,297.5348205566406,303.1499938964844,285.1499938964844,0.0,-0.0,291.1537170410156,0.0,0.0,7.649695180589333e-05,297.4835510253906,303.1499938964844,285.1499938964844,0.0,-0.0,291.1536560058594,0.0,0.0,0.000103570659121,297.4309997558594,303.1499938964844,285.1499938964844,0.0,-0.0,291.1532287597656,0.0,0.0,0.0004912941949442,291.16864013671875,294.1499938964844,286.3393249511719,285.7763977050781,289.862060546875,287.1139831542969,291.0988464355469,0.0,0.0,0.0,0.0,1.0,1.0,-0.0010480864439159,1.1487061080117657e-08,0.0010480749187991,-0.0291394125670194,0.0,0.0,0.0,-0.0105074401944875,60.0,-3.417952299118042,-0.0,-7.489522602099896e-08,0.0,293.1499938964844,293.1499938964844,293.1499938964844,293.1499938964844,293.1499938964844,293.1499938964844,278.1499938964844,0.0,18000.0,313.1499938964844,0.0,18000.0,0.0,0.0,0.0,0.0,0.0,0.0,0.0,0.0,0.0,0.0,-0.0,-0.0,0.0,0.0,0.0,0.0,0.0,-0.0,0.0,0.0,0.0,0.0,0.0,0.0,0.0,0.0,0.0,4.0,0.0,0.0
11905920,297.34063720703125,303.1499938964844,285.1499938964844,0.0,-0.0,291.153076171875,0.0,0.0,9.835309174377473e-05,297.524658203125,303.1499938964844,285.1499938964844,0.0,-0.0,291.15362548828125,0.0,0.0,0.0001035706445691,297.5348205566406,303.1499938964844,285.1499938964844,0.0,-0.0,291.1537170410156,0.0,0.0,7.649695180589333e-05,297.4835510253906,303.1499938964844,285.1499938964844,0.0,-0.0,291.1536560058594,0.0,0.0,0.000103570659121,297.4309997558594,303.1499938964844,285.1499938964844,0.0,-0.0,291.1532287597656,0.0,0.0,0.0004912941949442,291.16864013671875,294.1499938964844,286.3393249511719,285.7763977050781,289.862060546875,287.1139831542969,291.0988464355469,0.0,0.0,0.0,0.0,1.0,1.0,-0.0010480864439159,1.1487061080117657e-08,0.0010480749187991,-0.0291394125670194,0.0,0.0,0.0,-0.0105074401944875,60.0,-3.417952299118042,-0.0,-7.489522602099896e-08,0.0,293.1499938964844,293.1499938964844,293.1499938964844,293.1499938964844,293.1499938964844,293.1499938964844,278.1499938964844,0.0,18000.0,313.1499938964844,0.0,18000.0,0.0,0.0,0.0,0.0,0.0,0.0,0.0,0.0,0.0,0.0,-0.0,-0.0,0.0,0.0,0.0,0.0,0.0,-0.0,0.0,0.0,0.0,0.0,0.0,0.0,0.0,0.0,0.0,4.0,0.0,0.0
11905980,297.3643798828125,303.1499938964844,285.1499938964844,0.0,-0.0,291.1534423828125,0.0,0.0,9.852127550402656e-05,297.5577392578125,303.1499938964844,285.1499938964844,0.0,-0.0,291.15399169921875,0.0,0.0,0.0001037477413774,297.5651550292969,303.1499938964844,285.1499938964844,0.0,-0.0,291.1540832519531,0.0,0.0,7.662775897188112e-05,297.5157165527344,303.1499938964844,285.1499938964844,0.0,-0.0,291.1540222167969,0.0,0.0,0.0001037477632053,297.4686279296875,303.1499938964844,285.1499938964844,0.0,-0.0,291.15362548828125,0.0,0.0,0.0004921343061141,291.1688842773437,294.1499938964844,286.3223876953125,285.77362060546875,289.7964782714844,286.8016662597656,291.0975952148437,0.0,0.0,0.0,0.0,1.0,1.0,-0.001049876678735,1.1696410062711491e-08,0.0010498650372028,-0.0296873040497303,0.0,0.0,0.0,-0.0106112230569124,60.0,-3.434276819229126,-0.0,-7.515131272839427e-08,0.0,293.1499938964844,293.1499938964844,293.1499938964844,293.1499938964844,293.1499938964844,293.1499938964844,278.1499938964844,0.0,18000.0,313.1499938964844,0.0,18000.0,0.0,0.0,0.0,0.0,0.0,0.0,0.0,0.0,0.0,0.0,-0.0,-0.0,0.0,0.0,0.0,0.0,0.0,-0.0,0.0,0.0,0.0,0.0,0.0,0.0,0.0,0.0,0.0,4.0,0.0,0.0
11906040,297.3643798828125,303.1499938964844,285.1499938964844,0.0,-0.0,291.1534423828125,0.0,0.0,9.852127550402656e-05,297.5577392578125,303.1499938964844,285.1499938964844,0.0,-0.0,291.15399169921875,0.0,0.0,0.0001037477413774,297.5651550292969,303.1499938964844,285.1499938964844,0.0,-0.0,291.1540832519531,0.0,0.0,7.662775897188112e-05,297.5157165527344,303.1499938964844,285.1499938964844,0.0,-0.0,291.1540222167969,0.0,0.0,0.0001037477632053,297.4686279296875,303.1499938964844,285.1499938964844,0.0,-0.0,291.15362548828125,0.0,0.0,0.0004921343061141,291.1688842773437,294.1499938964844,286.3223876953125,285.77362060546875,289.7964782714844,286.8016662597656,291.0975952148437,0.0,0.0,0.0,0.0,1.0,1.0,-0.001049876678735,1.1696410062711491e-08,0.0010498650372028,-0.0296873040497303,0.0,0.0,0.0,-0.0106112230569124,60.0,-3.434276819229126,-0.0,-7.515131272839427e-08,0.0,293.1499938964844,293.1499938964844,293.1499938964844,293.1499938964844,293.1499938964844,293.1499938964844,278.1499938964844,0.0,18000.0,313.1499938964844,0.0,18000.0,0.0,0.0,0.0,0.0,0.0,0.0,0.0,0.0,0.0,0.0,-0.0,-0.0,0.0,0.0,0.0,0.0,0.0,-0.0,0.0,0.0,0.0,0.0,0.0,0.0,0.0,0.0,0.0,4.0,0.0,0.0
11906100,297.3740539550781,303.1499938964844,285.1499938964844,0.0,-0.0,291.15362548828125,0.0,0.0,9.860821592155844e-05,297.5709228515625,303.1499938964844,285.1499938964844,0.0,-0.0,291.1541748046875,0.0,0.0,0.0001038392947521,297.57733154296875,303.1499938964844,285.1499938964844,0.0,-0.0,291.1542663574219,0.0,0.0,7.669537444598973e-05,297.5284118652344,303.1499938964844,285.1499938964844,0.0,-0.0,291.1542053222656,0.0,0.0,0.0001038393165799,297.48455810546875,303.1499938964844,285.1499938964844,0.0,-0.0,291.15380859375,0.0,0.0,0.0004925685934722,291.16900634765625,294.1499938964844,286.3140563964844,285.772216796875,289.76397705078125,286.6919860839844,291.096923828125,0.0,0.0,0.0,0.0,1.0,1.0,-0.0010508021805435,1.1804636379508793e-08,0.001050790422596,-0.0299705360084772,0.0,0.0,0.0,-0.0106648746877908,60.0,-3.44278883934021,-0.0,-7.528387158117766e-08,0.0,293.1499938964844,293.1499938964844,293.1499938964844,293.1499938964844,293.1499938964844,293.1499938964844,278.1499938964844,0.0,18000.0,313.1499938964844,0.0,18000.0,0.0,0.0,0.0,0.0,0.0,0.0,0.0,0.0,0.0,0.0,-0.0,-0.0,0.0,0.0,0.0,0.0,0.0,-0.0,0.0,0.0,0.0,0.0,0.0,0.0,0.0,0.0,0.0,4.0,0.0,0.0
11906160,297.38250732421875,303.1499938964844,285.1499938964844,0.0,-0.0,291.15380859375,0.0,0.0,9.869662608252838e-05,297.58233642578125,303.1499938964844,285.1499938964844,0.0,-0.0,291.15435791015625,0.0,0.0,0.0001039323906297,297.58795166015625,303.1499938964844,285.1499938964844,0.0,-0.0,291.1544494628906,0.0,0.0,7.676413952140138e-05,297.539306640625,303.1499938964844,285.1499938964844,0.0,-0.0,291.15435791015625,0.0,0.0,0.0001039324124576,297.4989013671875,303.1499938964844,285.1499938964844,0.0,-0.0,291.1539611816406,0.0,0.0,0.0004930101567879,291.16912841796875,294.1499938964844,286.3058166503906,285.7707824707031,289.731689453125,286.60455322265625,291.09619140625,0.0,0.0,0.0,0.0,1.0,1.0,-0.0010517432820051,1.1914690567493837e-08,0.0010517314076423,-0.0302585419267416,0.0,0.0,0.0,-0.0107194334268569,60.0,-3.451329469680786,-0.0,-7.541878233041643e-08,0.0,293.1499938964844,293.1499938964844,293.1499938964844,293.1499938964844,293.1499938964844,293.1499938964844,278.1499938964844,0.0,18000.0,313.1499938964844,0.0,18000.0,0.0,0.0,0.0,0.0,0.0,0.0,0.0,0.0,0.0,0.0,-0.0,-0.0,0.0,0.0,0.0,0.0,0.0,-0.0,0.0,0.0,0.0,0.0,0.0,0.0,0.0,0.0,0.0,4.0,0.0,0.0
11906220,297.3965148925781,303.1499938964844,285.1499938964844,0.0,-0.0,291.1541442871094,0.0,0.0,9.88764950307086e-05,297.60089111328125,303.1499938964844,285.1499938964844,0.0,-0.0,291.1546630859375,0.0,0.0,0.0001041218056343,297.6054382324219,303.1499938964844,285.1499938964844,0.0,-0.0,291.15478515625,0.0,0.0,7.69040416344069e-05,297.55670166015625,303.1499938964844,285.1499938964844,0.0,-0.0,291.1546936035156,0.0,0.0,0.0001041218274622,297.5235595703125,303.1499938964844,285.1499938964844,0.0,-0.0,291.154296875,0.0,0.0,0.0004939087084494,291.1693115234375,294.1499938964844,286.2894897460937,285.7678527832031,289.66766357421875,286.478271484375,291.0946350097656,0.0,0.0,0.0,0.0,1.0,1.0,-0.0010536581976339,1.2138616334311791e-08,0.0010536460904404,-0.030844522640109,0.0,0.0,0.0,-0.0108304424211382,60.0,-3.468374013900757,-0.0,-7.56936628931726e-08,0.0,293.1499938964844,293.1499938964844,293.1499938964844,293.1499938964844,293.1499938964844,293.1499938964844,278.1499938964844,0.0,18000.0,313.1499938964844,0.0,18000.0,0.0,0.0,0.0,0.0,0.0,0.0,0.0,0.0,0.0,0.0,-0.0,-0.0,0.0,0.0,0.0,0.0,0.0,-0.0,0.0,0.0,0.0,0.0,0.0,0.0,0.0,0.0,0.0,4.0,0.0,0.0
11906280,297.3965148925781,303.1499938964844,285.1499938964844,0.0,-0.0,291.1541442871094,0.0,0.0,9.88764950307086e-05,297.60089111328125,303.1499938964844,285.1499938964844,0.0,-0.0,291.1546630859375,0.0,0.0,0.0001041218056343,297.6054382324219,303.1499938964844,285.1499938964844,0.0,-0.0,291.15478515625,0.0,0.0,7.69040416344069e-05,297.55670166015625,303.1499938964844,285.1499938964844,0.0,-0.0,291.1546936035156,0.0,0.0,0.0001041218274622,297.5235595703125,303.1499938964844,285.1499938964844,0.0,-0.0,291.154296875,0.0,0.0,0.0004939087084494,291.1693115234375,294.1499938964844,286.2894897460937,285.7678527832031,289.66766357421875,286.478271484375,291.0946350097656,0.0,0.0,0.0,0.0,1.0,1.0,-0.0010536581976339,1.2138616334311791e-08,0.0010536460904404,-0.030844522640109,0.0,0.0,0.0,-0.0108304424211382,60.0,-3.468374013900757,-0.0,-7.56936628931726e-08,0.0,293.1499938964844,293.1499938964844,293.1499938964844,293.1499938964844,293.1499938964844,293.1499938964844,278.1499938964844,0.0,18000.0,313.1499938964844,0.0,18000.0,0.0,0.0,0.0,0.0,0.0,0.0,0.0,0.0,0.0,0.0,-0.0,-0.0,0.0,0.0,0.0,0.0,0.0,-0.0,0.0,0.0,0.0,0.0,0.0,0.0,0.0,0.0,0.0,4.0,0.0,0.0
11906340,297.4074401855469,303.1499938964844,285.1499938964844,0.0,-0.0,291.1544494628906,0.0,0.0,9.90581975202076e-05,297.6150207519531,303.1499938964844,285.1499938964844,0.0,-0.0,291.15496826171875,0.0,0.0,0.0001043131414917,297.6189270019531,303.1499938964844,285.1499938964844,0.0,-0.0,291.15509033203125,0.0,0.0,7.704535528318956e-05,297.569580078125,303.1499938964844,285.1499938964844,0.0,-0.0,291.1549987792969,0.0,0.0,0.0001043131560436,297.5437927246094,303.1499938964844,285.1499938964844,0.0,-0.0,291.1546325683594,0.0,0.0,0.0004948162822984,291.1694641113281,294.1499938964844,286.2734680175781,285.7647705078125,289.6044311523437,286.3959655761719,291.0929870605469,0.0,0.0,0.0,0.0,1.0,1.0,-0.0010555925546213,1.23648122851705e-08,0.0010555802145972,-0.031436413526535,0.0,0.0,0.0,-0.0109425773844122,60.0,-3.4852871894836426,-0.0,-7.597184037422269e-08,0.0,293.1499938964844,293.1499938964844,293.1499938964844,293.1499938964844,293.1499938964844,293.1499938964844,278.1499938964844,0.0,18000.0,313.1499938964844,0.0,18000.0,0.0,0.0,0.0,0.0,0.0,0.0,0.0,0.0,0.0,0.0,-0.0,-0.0,0.0,0.0,0.0,0.0,0.0,-0.0,0.0,0.0,0.0,0.0,0.0,0.0,0.0,0.0,0.0,4.0,0.0,0.0
11906400,297.4074401855469,303.1499938964844,285.1499938964844,0.0,-0.0,291.1544494628906,0.0,0.0,9.90581975202076e-05,297.6150207519531,303.1499938964844,285.1499938964844,0.0,-0.0,291.15496826171875,0.0,0.0,0.0001043131414917,297.6189270019531,303.1499938964844,285.1499938964844,0.0,-0.0,291.15509033203125,0.0,0.0,7.704535528318956e-05,297.569580078125,303.1499938964844,285.1499938964844,0.0,-0.0,291.1549987792969,0.0,0.0,0.0001043131560436,297.5437927246094,303.1499938964844,285.1499938964844,0.0,-0.0,291.1546325683594,0.0,0.0,0.0004948162822984,291.1694641113281,294.1499938964844,286.2734680175781,285.7647705078125,289.6044311523437,286.3959655761719,291.0929870605469,0.0,0.0,0.0,0.0,1.0,1.0,-0.0010555925546213,1.23648122851705e-08,0.0010555802145972,-0.031436413526535,0.0,0.0,0.0,-0.0109425773844122,60.0,-3.4852871894836426,-0.0,-7.597184037422269e-08,0.0,293.1499938964844,293.1499938964844,293.1499938964844,293.1499938964844,293.1499938964844,293.1499938964844,278.1499938964844,0.0,18000.0,313.1499938964844,0.0,18000.0,0.0,0.0,0.0,0.0,0.0,0.0,0.0,0.0,0.0,0.0,-0.0,-0.0,0.0,0.0,0.0,0.0,0.0,-0.0,0.0,0.0,0.0,0.0,0.0,0.0,0.0,0.0,0.0,4.0,0.0,0.0
11906460,297.4159545898437,303.1499938964844,285.1499938964844,0.0,-0.0,291.1547546386719,0.0,0.0,9.923901234287769e-05,297.6258239746094,303.1499938964844,285.1499938964844,0.0,-0.0,291.1552734375,0.0,0.0,0.0001045035533024,297.6293640136719,303.1499938964844,285.1499938964844,0.0,-0.0,291.1553649902344,0.0,0.0,7.718599226791412e-05,297.5790100097656,303.1499938964844,285.1499938964844,0.0,-0.0,291.1552734375,0.0,0.0,0.0001045035678544,297.56060791015625,303.1499938964844,285.1499938964844,0.0,-0.0,291.1549072265625,0.0,0.0,0.0004957195487804,291.16961669921875,294.1499938964844,286.25762939453125,285.7614440917969,289.5419921875,286.34051513671875,291.0912170410156,0.0,0.0,0.0,0.0,1.0,1.0,-0.0010575175983831,1.2589919329286658e-08,0.0010575050255283,-0.0320254191756248,0.0,0.0,0.0,-0.011054172180593,60.0,-3.502003669738769,-0.0,-7.62491865202719e-08,0.0,293.1499938964844,293.1499938964844,293.1499938964844,293.1499938964844,293.1499938964844,293.1499938964844,278.1499938964844,0.0,18000.0,313.1499938964844,0.0,18000.0,0.0,0.0,0.0,0.0,0.0,0.0,0.0,0.0,0.0,0.0,-0.0,-0.0,0.0,0.0,0.0,0.0,0.0,-0.0,0.0,0.0,0.0,0.0,0.0,0.0,0.0,0.0,0.0,4.0,0.0,0.0
11906520,297.4159545898437,303.1499938964844,285.1499938964844,0.0,-0.0,291.1547546386719,0.0,0.0,9.923901234287769e-05,297.6258239746094,303.1499938964844,285.1499938964844,0.0,-0.0,291.1552734375,0.0,0.0,0.0001045035533024,297.6293640136719,303.1499938964844,285.1499938964844,0.0,-0.0,291.1553649902344,0.0,0.0,7.718599226791412e-05,297.5790100097656,303.1499938964844,285.1499938964844,0.0,-0.0,291.1552734375,0.0,0.0,0.0001045035678544,297.56060791015625,303.1499938964844,285.1499938964844,0.0,-0.0,291.1549072265625,0.0,0.0,0.0004957195487804,291.16961669921875,294.1499938964844,286.25762939453125,285.7614440917969,289.5419921875,286.34051513671875,291.0912170410156,0.0,0.0,0.0,0.0,1.0,1.0,-0.0010575175983831,1.2589919329286658e-08,0.0010575050255283,-0.0320254191756248,0.0,0.0,0.0,-0.011054172180593,60.0,-3.502003669738769,-0.0,-7.62491865202719e-08,0.0,293.1499938964844,293.1499938964844,293.1499938964844,293.1499938964844,293.1499938964844,293.1499938964844,278.1499938964844,0.0,18000.0,313.1499938964844,0.0,18000.0,0.0,0.0,0.0,0.0,0.0,0.0,0.0,0.0,0.0,0.0,-0.0,-0.0,0.0,0.0,0.0,0.0,0.0,-0.0,0.0,0.0,0.0,0.0,0.0,0.0,0.0,0.0,0.0,4.0,0.0,0.0
11906580,297.3713684082031,303.1499938964844,285.1499938964844,0.0,-0.0,291.155029296875,0.0,0.0,9.941633470589296e-05,297.6343078613281,303.1499938964844,285.1499938964844,0.0,-0.0,291.1555480957031,0.0,0.0,0.0001046902834787,297.6378173828125,303.1499938964844,285.1499938964844,0.0,-0.0,291.1556396484375,0.0,0.0,7.732390804449096e-05,297.5858459472656,303.1499938964844,285.1499938964844,0.0,-0.0,291.1555480957031,0.0,0.0,0.0001046902980306,297.58203125,303.1499938964844,285.1499938964844,0.0,-0.0,291.1551818847656,0.0,0.0,0.0004966052947565,291.1697082519531,294.1499938964844,286.24200439453125,285.75787353515625,289.48028564453125,286.3013916015625,291.08935546875,0.0,0.0,0.0,0.0,1.0,1.0,-0.0010594053892418,1.2810668970075769e-08,0.0010593925835564,-0.0326029956340789,0.0,0.0,0.0,-0.0111636063084006,60.0,-3.5184664726257324,-0.0,-7.652165123772647e-08,0.0,293.1499938964844,293.1499938964844,293.1499938964844,293.1499938964844,293.1499938964844,293.1499938964844,278.1499938964844,0.0,18000.0,313.1499938964844,0.0,18000.0,0.0,0.0,0.0,0.0,0.0,0.0,0.0,0.0,0.0,0.0,-0.0,-0.0,0.0,0.0,0.0,0.0,0.0,-0.0,0.0,0.0,0.0,0.0,0.0,0.0,0.0,0.0,0.0,4.0,0.0,0.0
11906640,297.3713684082031,303.1499938964844,285.1499938964844,0.0,-0.0,291.155029296875,0.0,0.0,9.941633470589296e-05,297.6343078613281,303.1499938964844,285.1499938964844,0.0,-0.0,291.1555480957031,0.0,0.0,0.0001046902834787,297.6378173828125,303.1499938964844,285.1499938964844,0.0,-0.0,291.1556396484375,0.0,0.0,7.732390804449096e-05,297.5858459472656,303.1499938964844,285.1499938964844,0.0,-0.0,291.1555480957031,0.0,0.0,0.0001046902980306,297.58203125,303.1499938964844,285.1499938964844,0.0,-0.0,291.1551818847656,0.0,0.0,0.0004966052947565,291.1697082519531,294.1499938964844,286.24200439453125,285.75787353515625,289.48028564453125,286.3013916015625,291.08935546875,0.0,0.0,0.0,0.0,1.0,1.0,-0.0010594053892418,1.2810668970075769e-08,0.0010593925835564,-0.0326029956340789,0.0,0.0,0.0,-0.0111636063084006,60.0,-3.5184664726257324,-0.0,-7.652165123772647e-08,0.0,293.1499938964844,293.1499938964844,293.1499938964844,293.1499938964844,293.1499938964844,293.1499938964844,278.1499938964844,0.0,18000.0,313.1499938964844,0.0,18000.0,0.0,0.0,0.0,0.0,0.0,0.0,0.0,0.0,0.0,0.0,-0.0,-0.0,0.0,0.0,0.0,0.0,0.0,-0.0,0.0,0.0,0.0,0.0,0.0,0.0,0.0,0.0,0.0,4.0,0.0,0.0
11906700,297.3479919433594,303.1499938964844,285.1499938964844,0.0,-0.0,291.1551513671875,0.0,0.0,9.95029040495865e-05,297.6380310058594,303.1499938964844,285.1499938964844,0.0,-0.0,291.1556701660156,0.0,0.0,0.0001047814366756,297.6417541503906,303.1499938964844,285.1499938964844,0.0,-0.0,291.15576171875,0.0,0.0,7.739123975625262e-05,297.5885314941406,303.1499938964844,285.1499938964844,0.0,-0.0,291.1556701660156,0.0,0.0,0.0001047814512276,297.5926818847656,303.1499938964844,285.1499938964844,0.0,-0.0,291.1553039550781,0.0,0.0,0.0004970377194695,291.1697692871094,294.1499938964844,286.2342529296875,285.7559814453125,289.4497375488281,286.2857360839844,291.08837890625,0.0,0.0,0.0,0.0,1.0,1.0,-0.0010603269329294,1.2918432545916405e-08,0.0010603140108287,-0.0328849405050277,0.0,0.0,0.0,-0.0112170297652482,60.0,-3.526584386825561,-0.0,-7.665483536811736e-08,0.0,293.1499938964844,293.1499938964844,293.1499938964844,293.1499938964844,293.1499938964844,293.1499938964844,278.1499938964844,0.0,18000.0,313.1499938964844,0.0,18000.0,0.0,0.0,0.0,0.0,0.0,0.0,0.0,0.0,0.0,0.0,-0.0,-0.0,0.0,0.0,0.0,0.0,0.0,-0.0,0.0,0.0,0.0,0.0,0.0,0.0,0.0,0.0,0.0,4.0,0.0,0.0
11906760,297.3324890136719,303.1499938964844,285.1499938964844,0.0,-0.0,291.1552734375,0.0,0.0,9.958768350770696e-05,297.641357421875,303.1499938964844,285.1499938964844,0.0,-0.0,291.1557922363281,0.0,0.0,0.0001048707126756,297.6453857421875,303.1499938964844,285.1499938964844,0.0,-0.0,291.1558837890625,0.0,0.0,7.745717448415235e-05,297.59088134765625,303.1499938964844,285.1499938964844,0.0,-0.0,291.1557922363281,0.0,0.0,0.0001048707272275,297.6020812988281,303.1499938964844,285.1499938964844,0.0,-0.0,291.1554260253906,0.0,0.0,0.0004974611802026,291.1697998046875,294.1499938964844,286.2265014648437,285.75396728515625,289.4193420410156,286.2719421386719,291.08740234375,0.0,0.0,0.0,0.0,1.0,1.0,-0.0010612295009195,1.3023972122994113e-08,0.0010612164624035,-0.0331610590219497,0.0,0.0,0.0,-0.011269349604845,60.0,-3.534618139266968,-0.0,-7.678538338495855e-08,0.0,293.1499938964844,293.1499938964844,293.1499938964844,293.1499938964844,293.1499938964844,293.1499938964844,278.1499938964844,0.0,18000.0,313.1499938964844,0.0,18000.0,0.0,0.0,0.0,0.0,0.0,0.0,0.0,0.0,0.0,0.0,-0.0,-0.0,0.0,0.0,0.0,0.0,0.0,-0.0,0.0,0.0,0.0,0.0,0.0,0.0,0.0,0.0,0.0,4.0,0.0,0.0
11906820,297.31622314453125,303.1499938964844,285.1499938964844,0.0,-0.0,291.155517578125,0.0,0.0,9.975081775337458e-05,297.6469116210937,303.1499938964844,285.1499938964844,0.0,-0.0,291.156005859375,0.0,0.0,0.0001050424980348,297.6515197753906,303.1499938964844,285.1499938964844,0.0,-0.0,291.1560974121094,0.0,0.0,7.758405990898609e-05,297.5946655273437,303.1499938964844,285.1499938964844,0.0,-0.0,291.1560363769531,0.0,0.0,0.0001050425198627,297.61773681640625,303.1499938964844,285.1499938964844,0.0,-0.0,291.1556701660156,0.0,0.0,0.0004982760874554,291.1698608398437,294.1499938964844,286.21112060546875,285.74969482421875,289.3591613769531,286.2482604980469,291.0854187011719,0.0,0.0,0.0,0.0,1.0,1.0,-0.0010629660682752,1.3227047013231186e-08,0.0010629529133439,-0.0336923338472843,0.0,0.0,0.0,-0.0113700227811932,60.0,-3.5504086017608643,-0.0,-7.703689419713555e-08,0.0,293.1499938964844,293.1499938964844,293.1499938964844,293.1499938964844,293.1499938964844,293.1499938964844,278.1499938964844,0.0,18000.0,313.1499938964844,0.0,18000.0,0.0,0.0,0.0,0.0,0.0,0.0,0.0,0.0,0.0,0.0,-0.0,-0.0,0.0,0.0,0.0,0.0,0.0,-0.0,0.0,0.0,0.0,0.0,0.0,0.0,0.0,0.0,0.0,4.0,0.0,0.0
11906880,297.31622314453125,303.1499938964844,285.1499938964844,0.0,-0.0,291.155517578125,0.0,0.0,9.975081775337458e-05,297.6469116210937,303.1499938964844,285.1499938964844,0.0,-0.0,291.156005859375,0.0,0.0,0.0001050424980348,297.6515197753906,303.1499938964844,285.1499938964844,0.0,-0.0,291.1560974121094,0.0,0.0,7.758405990898609e-05,297.5946655273437,303.1499938964844,285.1499938964844,0.0,-0.0,291.1560363769531,0.0,0.0,0.0001050425198627,297.61773681640625,303.1499938964844,285.1499938964844,0.0,-0.0,291.1556701660156,0.0,0.0,0.0004982760874554,291.1698608398437,294.1499938964844,286.21112060546875,285.74969482421875,289.3591613769531,286.2482604980469,291.0854187011719,0.0,0.0,0.0,0.0,1.0,1.0,-0.0010629660682752,1.3227047013231186e-08,0.0010629529133439,-0.0336923338472843,0.0,0.0,0.0,-0.0113700227811932,60.0,-3.5504086017608643,-0.0,-7.703689419713555e-08,0.0,293.1499938964844,293.1499938964844,293.1499938964844,293.1499938964844,293.1499938964844,293.1499938964844,278.1499938964844,0.0,18000.0,313.1499938964844,0.0,18000.0,0.0,0.0,0.0,0.0,0.0,0.0,0.0,0.0,0.0,0.0,-0.0,-0.0,0.0,0.0,0.0,0.0,0.0,-0.0,0.0,0.0,0.0,0.0,0.0,0.0,0.0,0.0,0.0,4.0,0.0,0.0
11906940,297.31353759765625,303.1499938964844,285.1499938964844,0.0,-0.0,291.1556396484375,0.0,0.0,9.985001088352874e-05,297.64971923828125,303.1499938964844,285.1499938964844,0.0,-0.0,291.1561279296875,0.0,0.0,0.0001051469589583,297.6546630859375,303.1499938964844,285.1499938964844,0.0,-0.0,291.1562194824219,0.0,0.0,7.766120688756928e-05,297.59521484375,303.1499938964844,285.1499938964844,0.0,-0.0,291.1561584472656,0.0,0.0,0.0001051469735102,297.62615966796875,303.1499938964844,285.1499938964844,0.0,-0.0,291.1557922363281,0.0,0.0,0.0004987715510651,291.1698913574219,294.1499938964844,286.2013244628906,285.7467041015625,289.321044921875,286.2350158691406,291.0841064453125,0.0,0.0,0.0,0.0,1.0,1.0,-0.0010640219552442,1.3350521577137895e-08,0.0010640086838975,-0.034015342593193,0.0,0.0,0.0,-0.0114312339574098,60.0,-3.5603039264678955,-0.0,-7.719001615669185e-08,0.0,293.1499938964844,293.1499938964844,293.1499938964844,293.1499938964844,293.1499938964844,293.1499938964844,278.1499938964844,0.0,18000.0,313.1499938964844,0.0,18000.0,0.0,0.0,0.0,0.0,0.0,0.0,0.0,0.0,0.0,0.0,-0.0,-0.0,0.0,0.0,0.0,0.0,0.0,-0.0,0.0,0.0,0.0,0.0,0.0,0.0,0.0,0.0,0.0,4.0,0.0,0.0
11907000,297.3143615722656,303.1499938964844,285.1499938964844,0.0,-0.0,291.1557312011719,0.0,0.0,9.9903809314128e-05,297.65106201171875,303.1499938964844,285.1499938964844,0.0,-0.0,291.1562194824219,0.0,0.0,0.0001052036168402,297.6561889648437,303.1499938964844,285.1499938964844,0.0,-0.0,291.15631103515625,0.0,0.0,7.770305819576606e-05,297.5943908691406,303.1499938964844,285.1499938964844,0.0,-0.0,291.1562194824219,0.0,0.0,0.0001052036313922,297.6304931640625,303.1499938964844,285.1499938964844,0.0,-0.0,291.1558532714844,0.0,0.0,0.0004990403540432,291.1698913574219,294.1499938964844,286.1958312988281,285.7449645996094,289.2997436523437,286.22802734375,291.0833740234375,0.0,0.0,0.0,0.0,1.0,1.0,-0.0010645947186276,1.3417492894518546e-08,0.0010645813308656,-0.0341905392706394,0.0,0.0,0.0,-0.0114644346758723,60.0,-3.565793752670288,-0.0,-7.727313544592107e-08,0.0,293.1499938964844,293.1499938964844,293.1499938964844,293.1499938964844,293.1499938964844,293.1499938964844,278.1499938964844,0.0,18000.0,313.1499938964844,0.0,18000.0,0.0,0.0,0.0,0.0,0.0,0.0,0.0,0.0,0.0,0.0,-0.0,-0.0,0.0,0.0,0.0,0.0,0.0,-0.0,0.0,0.0,0.0,0.0,0.0,0.0,0.0,0.0,0.0,4.0,0.0,0.0
11907060,297.32159423828125,303.1499938964844,285.1499938964844,0.0,-0.0,291.1559143066406,0.0,0.0,0.0001000451156869,297.6539611816406,303.1499938964844,285.1499938964844,0.0,-0.0,291.1564025878906,0.0,0.0,0.0001053524174494,297.6595153808594,303.1499938964844,285.1499938964844,0.0,-0.0,291.156494140625,0.0,0.0,7.78129615355283e-05,297.5887145996094,303.1499938964844,285.1499938964844,0.0,-0.0,291.1564025878906,0.0,0.0,0.0001053524320013,297.64129638671875,303.1499938964844,285.1499938964844,0.0,-0.0,291.15606689453125,0.0,0.0,0.0004997461801394,291.1698913574219,294.1499938964844,286.1805725097656,285.73974609375,289.2410583496094,286.20977783203125,291.0812683105469,0.0,0.0,0.0,0.0,1.0,1.0,-0.0010660988045856,1.3593370873365984e-08,0.0010660851839929,-0.0346506163477897,0.0,0.0,0.0,-0.0115516250953078,60.0,-3.580740213394165,-0.0,-7.74916273371673e-08,0.0,293.1499938964844,293.1499938964844,293.1499938964844,293.1499938964844,293.1499938964844,293.1499938964844,278.1499938964844,0.0,18000.0,313.1499938964844,0.0,18000.0,0.0,0.0,0.0,0.0,0.0,0.0,0.0,0.0,0.0,0.0,-0.0,-0.0,0.0,0.0,0.0,0.0,0.0,-0.0,0.0,0.0,0.0,0.0,0.0,0.0,0.0,0.0,0.0,4.0,0.0,0.0
11907120,297.32159423828125,303.1499938964844,285.1499938964844,0.0,-0.0,291.1559143066406,0.0,0.0,0.0001000451156869,297.6539611816406,303.1499938964844,285.1499938964844,0.0,-0.0,291.1564025878906,0.0,0.0,0.0001053524174494,297.6595153808594,303.1499938964844,285.1499938964844,0.0,-0.0,291.156494140625,0.0,0.0,7.78129615355283e-05,297.5887145996094,303.1499938964844,285.1499938964844,0.0,-0.0,291.1564025878906,0.0,0.0,0.0001053524320013,297.64129638671875,303.1499938964844,285.1499938964844,0.0,-0.0,291.15606689453125,0.0,0.0,0.0004997461801394,291.1698913574219,294.1499938964844,286.1805725097656,285.73974609375,289.2410583496094,286.20977783203125,291.0812683105469,0.0,0.0,0.0,0.0,1.0,1.0,-0.0010660988045856,1.3593370873365984e-08,0.0010660851839929,-0.0346506163477897,0.0,0.0,0.0,-0.0115516250953078,60.0,-3.580740213394165,-0.0,-7.74916273371673e-08,0.0,293.1499938964844,293.1499938964844,293.1499938964844,293.1499938964844,293.1499938964844,293.1499938964844,278.1499938964844,0.0,18000.0,313.1499938964844,0.0,18000.0,0.0,0.0,0.0,0.0,0.0,0.0,0.0,0.0,0.0,0.0,-0.0,-0.0,0.0,0.0,0.0,0.0,0.0,-0.0,0.0,0.0,0.0,0.0,0.0,0.0,0.0,0.0,0.0,4.0,0.0,0.0
11907180,297.33209228515625,303.1499938964844,285.1499938964844,0.0,-0.0,291.15606689453125,0.0,0.0,0.0001001735872705,297.6553039550781,303.1499938964844,285.1499938964844,0.0,-0.0,291.15655517578125,0.0,0.0,0.0001054876993293,297.6617126464844,303.1499938964844,285.1499938964844,0.0,-0.0,291.1566467285156,0.0,0.0,7.791288226144388e-05,297.5802917480469,303.1499938964844,285.1499938964844,0.0,-0.0,291.1565856933594,0.0,0.0,0.0001054877138813,297.6505432128906,303.1499938964844,285.1499938964844,0.0,-0.0,291.1562194824219,0.0,0.0,0.000500387919601,291.1698608398437,294.1499938964844,286.1653137207031,285.7339782714844,289.18310546875,286.1927185058594,291.0791320800781,0.0,0.0,0.0,0.0,1.0,1.0,-0.0010674661025404,1.3753258087945142e-08,0.0010674523655325,-0.0350688435137271,0.0,0.0,0.0,-0.0116308871656656,60.0,-3.595226764678955,-0.0,-7.769051535433391e-08,0.0,293.1499938964844,293.1499938964844,293.1499938964844,293.1499938964844,293.1499938964844,293.1499938964844,278.1499938964844,0.0,18000.0,313.1499938964844,0.0,18000.0,0.0,0.0,0.0,0.0,0.0,0.0,0.0,0.0,0.0,0.0,-0.0,-0.0,0.0,0.0,0.0,0.0,0.0,-0.0,0.0,0.0,0.0,0.0,0.0,0.0,0.0,0.0,0.0,4.0,0.0,0.0
11907240,297.33209228515625,303.1499938964844,285.1499938964844,0.0,-0.0,291.15606689453125,0.0,0.0,0.0001001735872705,297.6553039550781,303.1499938964844,285.1499938964844,0.0,-0.0,291.15655517578125,0.0,0.0,0.0001054876993293,297.6617126464844,303.1499938964844,285.1499938964844,0.0,-0.0,291.1566467285156,0.0,0.0,7.791288226144388e-05,297.5802917480469,303.1499938964844,285.1499938964844,0.0,-0.0,291.1565856933594,0.0,0.0,0.0001054877138813,297.6505432128906,303.1499938964844,285.1499938964844,0.0,-0.0,291.1562194824219,0.0,0.0,0.000500387919601,291.1698608398437,294.1499938964844,286.1653137207031,285.7339782714844,289.18310546875,286.1927185058594,291.0791320800781,0.0,0.0,0.0,0.0,1.0,1.0,-0.0010674661025404,1.3753258087945142e-08,0.0010674523655325,-0.0350688435137271,0.0,0.0,0.0,-0.0116308871656656,60.0,-3.595226764678955,-0.0,-7.769051535433391e-08,0.0,293.1499938964844,293.1499938964844,293.1499938964844,293.1499938964844,293.1499938964844,293.1499938964844,278.1499938964844,0.0,18000.0,313.1499938964844,0.0,18000.0,0.0,0.0,0.0,0.0,0.0,0.0,0.0,0.0,0.0,0.0,-0.0,-0.0,0.0,0.0,0.0,0.0,0.0,-0.0,0.0,0.0,0.0,0.0,0.0,0.0,0.0,0.0,0.0,4.0,0.0,0.0
11907300,297.337890625,303.1499938964844,285.1499938964844,0.0,-0.0,291.1561584472656,0.0,0.0,0.0001002327771857,297.6549987792969,303.1499938964844,285.1499938964844,0.0,-0.0,291.1566162109375,0.0,0.0,0.0001055500251823,297.66241455078125,303.1499938964844,285.1499938964844,0.0,-0.0,291.1567077636719,0.0,0.0,7.795890996931121e-05,297.5758972167969,303.1499938964844,285.1499938964844,0.0,-0.0,291.1566467285156,0.0,0.0,0.0001055500397342,297.6546325683594,303.1499938964844,285.1499938964844,0.0,-0.0,291.15631103515625,0.0,0.0,0.0005006835563108,291.1698608398437,294.1499938964844,286.1576538085937,285.7308654785156,289.1544189453125,286.1844482421875,291.0780334472656,0.0,0.0,0.0,0.0,1.0,1.0,-0.0010680959094315,1.3826907618863517e-08,0.0010680820560082,-0.0352614894509315,0.0,0.0,0.0,-0.0116673987358808,60.0,-3.6022942066192627,-0.0,-7.778221799981112e-08,0.0,293.1499938964844,293.1499938964844,293.1499938964844,293.1499938964844,293.1499938964844,293.1499938964844,278.1499938964844,0.0,18000.0,313.1499938964844,0.0,18000.0,0.0,0.0,0.0,0.0,0.0,0.0,0.0,0.0,0.0,0.0,-0.0,-0.0,0.0,0.0,0.0,0.0,0.0,-0.0,0.0,0.0,0.0,0.0,0.0,0.0,0.0,0.0,0.0,4.0,0.0,0.0
11907360,297.3435974121094,303.1499938964844,285.1499938964844,0.0,-0.0,291.1562194824219,0.0,0.0,0.0001002885328489,297.6541442871094,303.1499938964844,285.1499938964844,0.0,-0.0,291.1567077636719,0.0,0.0,0.0001056087421602,297.66290283203125,303.1499938964844,285.1499938964844,0.0,-0.0,291.1567687988281,0.0,0.0,7.800228195264935e-05,297.57159423828125,303.1499938964844,285.1499938964844,0.0,-0.0,291.1567077636719,0.0,0.0,0.0001056087567121,297.658447265625,303.1499938964844,285.1499938964844,0.0,-0.0,291.1563720703125,0.0,0.0,0.0005009620799683,291.1698303222656,294.1499938964844,286.1499938964844,285.72760009765625,289.1259155273437,286.17633056640625,291.0769348144531,0.0,0.0,0.0,0.0,1.0,1.0,-0.0010686892783269,1.3896289452475232e-08,0.0010686753084883,-0.0354429632425308,0.0,0.0,0.0,-0.0117017943412065,60.0,-3.609245777130127,-0.0,-7.786865552361635e-08,0.0,293.1499938964844,293.1499938964844,293.1499938964844,293.1499938964844,293.1499938964844,293.1499938964844,278.1499938964844,0.0,18000.0,313.1499938964844,0.0,18000.0,0.0,0.0,0.0,0.0,0.0,0.0,0.0,0.0,0.0,0.0,-0.0,-0.0,0.0,0.0,0.0,0.0,0.0,-0.0,0.0,0.0,0.0,0.0,0.0,0.0,0.0,0.0,0.0,4.0,0.0,0.0
11907420,297.35400390625,303.1499938964844,285.1499938964844,0.0,-0.0,291.1563415527344,0.0,0.0,0.0001004001533146,297.6512145996094,303.1499938964844,285.1499938964844,0.0,-0.0,291.1568298339844,0.0,0.0,0.0001057262779795,297.6624755859375,303.1499938964844,285.1499938964844,0.0,-0.0,291.1568908691406,0.0,0.0,7.808909140294418e-05,297.5643005371094,303.1499938964844,285.1499938964844,0.0,-0.0,291.1568298339844,0.0,0.0,0.0001057262925314,297.6651916503906,303.1499938964844,285.1499938964844,0.0,-0.0,291.156494140625,0.0,0.0,0.0005015196511521,291.16973876953125,294.1499938964844,286.1346130371094,285.7205505371094,289.0694274902344,286.1602783203125,291.0747375488281,0.0,0.0,0.0,0.0,1.0,1.0,-0.0010698769474402,1.4035176576498998e-08,0.0010698628611862,-0.0358062349259853,0.0,0.0,0.0,-0.0117706460878252,60.0,-3.622941493988037,-0.0,-7.804183610460316e-08,0.0,293.1499938964844,293.1499938964844,293.1499938964844,293.1499938964844,293.1499938964844,293.1499938964844,278.1499938964844,0.0,18000.0,313.1499938964844,0.0,18000.0,0.0,0.0,0.0,0.0,0.0,0.0,0.0,0.0,0.0,0.0,-0.0,-0.0,0.0,0.0,0.0,0.0,0.0,-0.0,0.0,0.0,0.0,0.0,0.0,0.0,0.0,0.0,0.0,4.0,0.0,0.0
11907480,297.35400390625,303.1499938964844,285.1499938964844,0.0,-0.0,291.1563415527344,0.0,0.0,0.0001004001533146,297.6512145996094,303.1499938964844,285.1499938964844,0.0,-0.0,291.1568298339844,0.0,0.0,0.0001057262779795,297.6624755859375,303.1499938964844,285.1499938964844,0.0,-0.0,291.1568908691406,0.0,0.0,7.808909140294418e-05,297.5643005371094,303.1499938964844,285.1499938964844,0.0,-0.0,291.1568298339844,0.0,0.0,0.0001057262925314,297.6651916503906,303.1499938964844,285.1499938964844,0.0,-0.0,291.156494140625,0.0,0.0,0.0005015196511521,291.16973876953125,294.1499938964844,286.1346130371094,285.7205505371094,289.0694274902344,286.1602783203125,291.0747375488281,0.0,0.0,0.0,0.0,1.0,1.0,-0.0010698769474402,1.4035176576498998e-08,0.0010698628611862,-0.0358062349259853,0.0,0.0,0.0,-0.0117706460878252,60.0,-3.622941493988037,-0.0,-7.804183610460316e-08,0.0,293.1499938964844,293.1499938964844,293.1499938964844,293.1499938964844,293.1499938964844,293.1499938964844,278.1499938964844,0.0,18000.0,313.1499938964844,0.0,18000.0,0.0,0.0,0.0,0.0,0.0,0.0,0.0,0.0,0.0,0.0,-0.0,-0.0,0.0,0.0,0.0,0.0,0.0,-0.0,0.0,0.0,0.0,0.0,0.0,0.0,0.0,0.0,0.0,4.0,0.0,0.0
11907540,297.3627014160156,303.1499938964844,285.1499938964844,0.0,-0.0,291.1564636230469,0.0,0.0,0.0001005160520435,297.647216796875,303.1499938964844,285.1499938964844,0.0,-0.0,291.15692138671875,0.0,0.0,0.0001058483248925,297.65924072265625,303.1499938964844,285.1499938964844,0.0,-0.0,291.1570129394531,0.0,0.0,7.81792332418263e-05,297.5594177246094,303.1499938964844,285.1499938964844,0.0,-0.0,291.15692138671875,0.0,0.0,0.0001058483394444,297.6708679199219,303.1499938964844,285.1499938964844,0.0,-0.0,291.1565856933594,0.0,0.0,0.0005020985845476,291.1696472167969,294.1499938964844,286.119140625,285.7127990722656,289.013671875,286.1444091796875,291.0724792480469,0.0,0.0,0.0,0.0,1.0,1.0,-0.0010711102513596,1.4179405205538842e-08,0.0010710961651057,-0.0361834578216075,0.0,0.0,0.0,-0.0118421465158462,60.0,-3.636798620223999,-0.0,-7.822187342299004e-08,0.0,293.1499938964844,293.1499938964844,293.1499938964844,293.1499938964844,293.1499938964844,293.1499938964844,278.1499938964844,0.0,18000.0,313.1499938964844,0.0,18000.0,0.0,0.0,0.0,0.0,0.0,0.0,0.0,0.0,0.0,0.0,-0.0,-0.0,0.0,0.0,0.0,0.0,0.0,-0.0,0.0,0.0,0.0,0.0,0.0,0.0,0.0,0.0,0.0,4.0,0.0,0.0
11907600,297.3627014160156,303.1499938964844,285.1499938964844,0.0,-0.0,291.1564636230469,0.0,0.0,0.0001005160520435,297.647216796875,303.1499938964844,285.1499938964844,0.0,-0.0,291.15692138671875,0.0,0.0,0.0001058483248925,297.65924072265625,303.1499938964844,285.1499938964844,0.0,-0.0,291.1570129394531,0.0,0.0,7.81792332418263e-05,297.5594177246094,303.1499938964844,285.1499938964844,0.0,-0.0,291.15692138671875,0.0,0.0,0.0001058483394444,297.6708679199219,303.1499938964844,285.1499938964844,0.0,-0.0,291.1565856933594,0.0,0.0,0.0005020985845476,291.1696472167969,294.1499938964844,286.119140625,285.7127990722656,289.013671875,286.1444091796875,291.0724792480469,0.0,0.0,0.0,0.0,1.0,1.0,-0.0010711102513596,1.4179405205538842e-08,0.0010710961651057,-0.0361834578216075,0.0,0.0,0.0,-0.0118421465158462,60.0,-3.636798620223999,-0.0,-7.822187342299004e-08,0.0,293.1499938964844,293.1499938964844,293.1499938964844,293.1499938964844,293.1499938964844,293.1499938964844,278.1499938964844,0.0,18000.0,313.1499938964844,0.0,18000.0,0.0,0.0,0.0,0.0,0.0,0.0,0.0,0.0,0.0,0.0,-0.0,-0.0,0.0,0.0,0.0,0.0,0.0,-0.0,0.0,0.0,0.0,0.0,0.0,0.0,0.0,0.0,0.0,4.0,0.0,0.0
11907660,297.3697509765625,303.1499938964844,285.1499938964844,0.0,-0.0,291.15655517578125,0.0,0.0,0.0001006172315101,297.6427307128906,303.1499938964844,285.1499938964844,0.0,-0.0,291.156982421875,0.0,0.0,0.0001059548740158,297.6539611816406,303.1499938964844,285.1499938964844,0.0,-0.0,291.1570739746094,0.0,0.0,7.82579299993813e-05,297.5564270019531,303.1499938964844,285.1499938964844,0.0,-0.0,291.1570129394531,0.0,0.0,0.0001059548885677,297.6755676269531,303.1499938964844,285.1499938964844,0.0,-0.0,291.1566772460937,0.0,0.0,0.0005026040016673,291.1695251464844,294.1499938964844,286.1034851074219,285.7042541503906,288.9586181640625,286.1285400390625,291.0702209472656,0.0,0.0,0.0,0.0,1.0,1.0,-0.0010721868602558,1.4305296502925556e-08,0.0010721725411713,-0.0365127064287662,0.0,0.0,0.0,-0.0119045553728938,60.0,-3.650529623031616,-0.0,-7.837918758468734e-08,0.0,293.1499938964844,293.1499938964844,293.1499938964844,293.1499938964844,293.1499938964844,293.1499938964844,278.1499938964844,0.0,18000.0,313.1499938964844,0.0,18000.0,0.0,0.0,0.0,0.0,0.0,0.0,0.0,0.0,0.0,0.0,-0.0,-0.0,0.0,0.0,0.0,0.0,0.0,-0.0,0.0,0.0,0.0,0.0,0.0,0.0,0.0,0.0,0.0,4.0,0.0,0.0
11907720,297.3697509765625,303.1499938964844,285.1499938964844,0.0,-0.0,291.15655517578125,0.0,0.0,0.0001006172315101,297.6427307128906,303.1499938964844,285.1499938964844,0.0,-0.0,291.156982421875,0.0,0.0,0.0001059548740158,297.6539611816406,303.1499938964844,285.1499938964844,0.0,-0.0,291.1570739746094,0.0,0.0,7.82579299993813e-05,297.5564270019531,303.1499938964844,285.1499938964844,0.0,-0.0,291.1570129394531,0.0,0.0,0.0001059548885677,297.6755676269531,303.1499938964844,285.1499938964844,0.0,-0.0,291.1566772460937,0.0,0.0,0.0005026040016673,291.1695251464844,294.1499938964844,286.1034851074219,285.7042541503906,288.9586181640625,286.1285400390625,291.0702209472656,0.0,0.0,0.0,0.0,1.0,1.0,-0.0010721868602558,1.4305296502925556e-08,0.0010721725411713,-0.0365127064287662,0.0,0.0,0.0,-0.0119045553728938,60.0,-3.650529623031616,-0.0,-7.837918758468734e-08,0.0,293.1499938964844,293.1499938964844,293.1499938964844,293.1499938964844,293.1499938964844,293.1499938964844,278.1499938964844,0.0,18000.0,313.1499938964844,0.0,18000.0,0.0,0.0,0.0,0.0,0.0,0.0,0.0,0.0,0.0,0.0,-0.0,-0.0,0.0,0.0,0.0,0.0,0.0,-0.0,0.0,0.0,0.0,0.0,0.0,0.0,0.0,0.0,0.0,4.0,0.0,0.0
11907780,297.3753356933594,303.1499938964844,285.1499938964844,0.0,-0.0,291.1566162109375,0.0,0.0,0.0001006933671305,297.6382141113281,303.1499938964844,285.1499938964844,0.0,-0.0,291.15704345703125,0.0,0.0,0.0001060350477928,297.6474609375,303.1499938964844,285.1499938964844,0.0,-0.0,291.1571350097656,0.0,0.0,7.831714901840314e-05,297.5548095703125,303.1499938964844,285.1499938964844,0.0,-0.0,291.1570739746094,0.0,0.0,0.0001060350623447,297.67938232421875,303.1499938964844,285.1499938964844,0.0,-0.0,291.15673828125,0.0,0.0,0.0005029843305237,291.1693725585937,294.1499938964844,286.0876770019531,285.69488525390625,288.9042358398437,286.1126403808594,291.06793212890625,0.0,0.0,0.0,0.0,1.0,1.0,-0.0010729966452345,1.4399975434287173e-08,0.0010729822097346,-0.0367603190243244,0.0,0.0,0.0,-0.0119514921680092,60.0,-3.663667917251587,-0.0,-7.84976066370291e-08,0.0,293.1499938964844,293.1499938964844,293.1499938964844,293.1499938964844,293.1499938964844,293.1499938964844,278.1499938964844,0.0,18000.0,313.1499938964844,0.0,18000.0,0.0,0.0,0.0,0.0,0.0,0.0,0.0,0.0,0.0,0.0,-0.0,-0.0,0.0,0.0,0.0,0.0,0.0,-0.0,0.0,0.0,0.0,0.0,0.0,0.0,0.0,0.0,0.0,4.0,0.0,0.0
11907840,297.3753356933594,303.1499938964844,285.1499938964844,0.0,-0.0,291.1566162109375,0.0,0.0,0.0001006933671305,297.6382141113281,303.1499938964844,285.1499938964844,0.0,-0.0,291.15704345703125,0.0,0.0,0.0001060350477928,297.6474609375,303.1499938964844,285.1499938964844,0.0,-0.0,291.1571350097656,0.0,0.0,7.831714901840314e-05,297.5548095703125,303.1499938964844,285.1499938964844,0.0,-0.0,291.1570739746094,0.0,0.0,0.0001060350623447,297.67938232421875,303.1499938964844,285.1499938964844,0.0,-0.0,291.15673828125,0.0,0.0,0.0005029843305237,291.1693725585937,294.1499938964844,286.0876770019531,285.69488525390625,288.9042358398437,286.1126403808594,291.06793212890625,0.0,0.0,0.0,0.0,1.0,1.0,-0.0010729966452345,1.4399975434287173e-08,0.0010729822097346,-0.0367603190243244,0.0,0.0,0.0,-0.0119514921680092,60.0,-3.663667917251587,-0.0,-7.84976066370291e-08,0.0,293.1499938964844,293.1499938964844,293.1499938964844,293.1499938964844,293.1499938964844,293.1499938964844,278.1499938964844,0.0,18000.0,313.1499938964844,0.0,18000.0,0.0,0.0,0.0,0.0,0.0,0.0,0.0,0.0,0.0,0.0,-0.0,-0.0,0.0,0.0,0.0,0.0,0.0,-0.0,0.0,0.0,0.0,0.0,0.0,0.0,0.0,0.0,0.0,4.0,0.0,0.0
11907900,297.3776550292969,303.1499938964844,285.1499938964844,0.0,-0.0,291.1566467285156,0.0,0.0,0.0001007212413242,297.6360168457031,303.1499938964844,285.1499938964844,0.0,-0.0,291.1570739746094,0.0,0.0,0.0001060643990058,297.6440124511719,303.1499938964844,285.1499938964844,0.0,-0.0,291.1571655273437,0.0,0.0,7.83388240961358e-05,297.5543212890625,303.1499938964844,285.1499938964844,0.0,-0.0,291.1571044921875,0.0,0.0,0.0001060644135577,297.6809997558594,303.1499938964844,285.1499938964844,0.0,-0.0,291.1567687988281,0.0,0.0,0.0005031235632486,291.1692810058594,294.1499938964844,286.0796813964844,285.6898803710937,288.8773193359375,286.10467529296875,291.0667724609375,0.0,0.0,0.0,0.0,1.0,1.0,-0.0010732928058132,1.4434611728120217e-08,0.0010732783703133,-0.0368508994579315,0.0,0.0,0.0,-0.0119686629623174,60.0,-3.6699397563934326,-0.0,-7.854094974391047e-08,0.0,293.1499938964844,293.1499938964844,293.1499938964844,293.1499938964844,293.1499938964844,293.1499938964844,278.1499938964844,0.0,18000.0,313.1499938964844,0.0,18000.0,0.0,0.0,0.0,0.0,0.0,0.0,0.0,0.0,0.0,0.0,-0.0,-0.0,0.0,0.0,0.0,0.0,0.0,-0.0,0.0,0.0,0.0,0.0,0.0,0.0,0.0,0.0,0.0,4.0,0.0,0.0
11907960,297.37969970703125,303.1499938964844,285.1499938964844,0.0,-0.0,291.1566467285156,0.0,0.0,0.0001007427781587,297.6339111328125,303.1499938964844,285.1499938964844,0.0,-0.0,291.1571044921875,0.0,0.0,0.0001060870708897,297.6405029296875,303.1499938964844,285.1499938964844,0.0,-0.0,291.1571655273437,0.0,0.0,7.835557335056365e-05,297.5539855957031,303.1499938964844,285.1499938964844,0.0,-0.0,291.1571044921875,0.0,0.0,0.0001060870854416,297.68243408203125,303.1499938964844,285.1499938964844,0.0,-0.0,291.15679931640625,0.0,0.0,0.000503231131006,291.169189453125,294.1499938964844,286.0716247558594,285.68463134765625,288.8505859375,286.0966796875,291.0655822753906,0.0,0.0,0.0,0.0,1.0,1.0,-0.0010735215619206,1.4461352115802129e-08,0.0010735071264207,-0.0369208306074142,0.0,0.0,0.0,-0.0119819194078445,60.0,-3.676010847091675,-0.0,-7.857441630676476e-08,0.0,293.1499938964844,293.1499938964844,293.1499938964844,293.1499938964844,293.1499938964844,293.1499938964844,278.1499938964844,0.0,18000.0,313.1499938964844,0.0,18000.0,0.0,0.0,0.0,0.0,0.0,0.0,0.0,0.0,0.0,0.0,-0.0,-0.0,0.0,0.0,0.0,0.0,0.0,-0.0,0.0,0.0,0.0,0.0,0.0,0.0,0.0,0.0,0.0,4.0,0.0,0.0
11908020,297.38299560546875,303.1499938964844,285.1499938964844,0.0,-0.0,291.1566772460937,0.0,0.0,0.0001007699975161,297.62994384765625,303.1499938964844,285.1499938964844,0.0,-0.0,291.1571044921875,0.0,0.0,0.0001061157381627,297.6337280273437,303.1499938964844,285.1499938964844,0.0,-0.0,291.1571960449219,0.0,0.0,7.837674638722092e-05,297.5535888671875,303.1499938964844,285.1499938964844,0.0,-0.0,291.1571350097656,0.0,0.0,0.0001061157527146,297.6847839355469,303.1499938964844,285.1499938964844,0.0,-0.0,291.15679931640625,0.0,0.0,0.0005033671041019,291.1689758300781,294.1499938964844,286.0553283691406,285.6734619140625,288.797607421875,286.08056640625,291.0632629394531,0.0,0.0,0.0,0.0,1.0,1.0,-0.0010738100390881,1.4495082467647082e-08,0.0010737956035882,-0.0370090417563915,0.0,0.0,0.0,-0.0119986413046717,60.0,-3.6876332759857178,-0.0,-7.861665096697834e-08,0.0,293.1499938964844,293.1499938964844,293.1499938964844,293.1499938964844,293.1499938964844,293.1499938964844,278.1499938964844,0.0,18000.0,313.1499938964844,0.0,18000.0,0.0,0.0,0.0,0.0,0.0,0.0,0.0,0.0,0.0,0.0,-0.0,-0.0,0.0,0.0,0.0,0.0,0.0,-0.0,0.0,0.0,0.0,0.0,0.0,0.0,0.0,0.0,0.0,4.0,0.0,0.0
11908080,297.38299560546875,303.1499938964844,285.1499938964844,0.0,-0.0,291.1566772460937,0.0,0.0,0.0001007699975161,297.62994384765625,303.1499938964844,285.1499938964844,0.0,-0.0,291.1571044921875,0.0,0.0,0.0001061157381627,297.6337280273437,303.1499938964844,285.1499938964844,0.0,-0.0,291.1571960449219,0.0,0.0,7.837674638722092e-05,297.5535888671875,303.1499938964844,285.1499938964844,0.0,-0.0,291.1571350097656,0.0,0.0,0.0001061157527146,297.6847839355469,303.1499938964844,285.1499938964844,0.0,-0.0,291.15679931640625,0.0,0.0,0.0005033671041019,291.1689758300781,294.1499938964844,286.0553283691406,285.6734619140625,288.797607421875,286.08056640625,291.0632629394531,0.0,0.0,0.0,0.0,1.0,1.0,-0.0010738100390881,1.4495082467647082e-08,0.0010737956035882,-0.0370090417563915,0.0,0.0,0.0,-0.0119986413046717,60.0,-3.6876332759857178,-0.0,-7.861665096697834e-08,0.0,293.1499938964844,293.1499938964844,293.1499938964844,293.1499938964844,293.1499938964844,293.1499938964844,278.1499938964844,0.0,18000.0,313.1499938964844,0.0,18000.0,0.0,0.0,0.0,0.0,0.0,0.0,0.0,0.0,0.0,0.0,-0.0,-0.0,0.0,0.0,0.0,0.0,0.0,-0.0,0.0,0.0,0.0,0.0,0.0,0.0,0.0,0.0,0.0,4.0,0.0,0.0
11908140,297.3847961425781,303.1499938964844,285.1499938964844,0.0,-0.0,291.1566772460937,0.0,0.0,0.0001007795872283,297.6273193359375,303.1499938964844,285.1499938964844,0.0,-0.0,291.1571044921875,0.0,0.0,0.0001061258371919,297.6291198730469,303.1499938964844,285.1499938964844,0.0,-0.0,291.1571960449219,0.0,0.0,7.838420424377546e-05,297.55340576171875,303.1499938964844,285.1499938964844,0.0,-0.0,291.1571350097656,0.0,0.0,0.0001061258517438,297.6861267089844,303.1499938964844,285.1499938964844,0.0,-0.0,291.15679931640625,0.0,0.0,0.0005034150090068,291.1688232421875,294.1499938964844,286.0434265136719,285.664794921875,288.7599182128906,286.06884765625,291.0615539550781,0.0,0.0,0.0,0.0,1.0,1.0,-0.0010739112040027,1.4506901457878033e-08,0.0010738966520875,-0.0370399504899978,0.0,0.0,0.0,-0.0120045002549886,60.0,-3.6956613063812256,-0.0,-7.863145157216422e-08,0.0,293.1499938964844,293.1499938964844,293.1499938964844,293.1499938964844,293.1499938964844,293.1499938964844,278.1499938964844,0.0,18000.0,313.1499938964844,0.0,18000.0,0.0,0.0,0.0,0.0,0.0,0.0,0.0,0.0,0.0,0.0,-0.0,-0.0,0.0,0.0,0.0,0.0,0.0,-0.0,0.0,0.0,0.0,0.0,0.0,0.0,0.0,0.0,0.0,4.0,0.0,0.0
11908200,297.3853759765625,303.1499938964844,285.1499938964844,0.0,-0.0,291.1566772460937,0.0,0.0,0.0001007819591904,297.6263427734375,303.1499938964844,285.1499938964844,0.0,-0.0,291.1571044921875,0.0,0.0,0.0001061283328454,297.62744140625,303.1499938964844,285.1499938964844,0.0,-0.0,291.1571960449219,0.0,0.0,7.838604506105185e-05,297.5533142089844,303.1499938964844,285.1499938964844,0.0,-0.0,291.1571350097656,0.0,0.0,0.0001061283473973,297.68658447265625,303.1499938964844,285.1499938964844,0.0,-0.0,291.15679931640625,0.0,0.0,0.000503426825162,291.16876220703125,294.1499938964844,286.0387268066406,285.6612548828125,288.7453308105469,286.0642395019531,291.0608825683594,0.0,0.0,0.0,0.0,1.0,1.0,-0.0010739360004663,1.4509804024953611e-08,0.0010739214485511,-0.0370475426316261,0.0,0.0,0.0,-0.012005940079689,60.0,-3.6987454891204834,-0.0,-7.863508244554397e-08,0.0,293.1499938964844,293.1499938964844,293.1499938964844,293.1499938964844,293.1499938964844,293.1499938964844,278.1499938964844,0.0,18000.0,313.1499938964844,0.0,18000.0,0.0,0.0,0.0,0.0,0.0,0.0,0.0,0.0,0.0,0.0,-0.0,-0.0,0.0,0.0,0.0,0.0,0.0,-0.0,0.0,0.0,0.0,0.0,0.0,0.0,0.0,0.0,0.0,4.0,0.0,0.0
11908260,297.38690185546875,303.1499938964844,285.1499938964844,0.0,-0.0,291.1566772460937,0.0,0.0,0.000100785633549,297.623046875,303.1499938964844,285.1499938964844,0.0,-0.0,291.1570739746094,0.0,0.0,0.0001061321963788,297.621826171875,303.1499938964844,285.1499938964844,0.0,-0.0,291.1571655273437,0.0,0.0,7.838890451239422e-05,297.5530090332031,303.1499938964844,285.1499938964844,0.0,-0.0,291.1571044921875,0.0,0.0,0.0001061322109308,297.6878356933594,303.1499938964844,285.1499938964844,0.0,-0.0,291.15679931640625,0.0,0.0,0.0005034451605752,291.1684875488281,294.1499938964844,286.02178955078125,285.64801025390625,288.6937255859375,286.0477294921875,291.0585021972656,0.0,0.0,0.0,0.0,1.0,1.0,-0.0010739736026152,1.4514196067239029e-08,0.0010739590507,-0.0370590277016162,0.0,0.0,0.0,-0.0120081175118684,60.0,-3.709629774093628,-0.0,-7.864058204631874e-08,0.0,293.1499938964844,293.1499938964844,293.1499938964844,293.1499938964844,293.1499938964844,293.1499938964844,278.1499938964844,0.0,18000.0,313.1499938964844,0.0,18000.0,0.0,0.0,0.0,0.0,0.0,0.0,0.0,0.0,0.0,0.0,-0.0,-0.0,0.0,0.0,0.0,0.0,0.0,-0.0,0.0,0.0,0.0,0.0,0.0,0.0,0.0,0.0,0.0,4.0,0.0,0.0
11908320,297.38690185546875,303.1499938964844,285.1499938964844,0.0,-0.0,291.1566772460937,0.0,0.0,0.000100785633549,297.623046875,303.1499938964844,285.1499938964844,0.0,-0.0,291.1570739746094,0.0,0.0,0.0001061321963788,297.621826171875,303.1499938964844,285.1499938964844,0.0,-0.0,291.1571655273437,0.0,0.0,7.838890451239422e-05,297.5530090332031,303.1499938964844,285.1499938964844,0.0,-0.0,291.1571044921875,0.0,0.0,0.0001061322109308,297.6878356933594,303.1499938964844,285.1499938964844,0.0,-0.0,291.15679931640625,0.0,0.0,0.0005034451605752,291.1684875488281,294.1499938964844,286.02178955078125,285.64801025390625,288.6937255859375,286.0477294921875,291.0585021972656,0.0,0.0,0.0,0.0,1.0,1.0,-0.0010739736026152,1.4514196067239029e-08,0.0010739590507,-0.0370590277016162,0.0,0.0,0.0,-0.0120081175118684,60.0,-3.709629774093628,-0.0,-7.864058204631874e-08,0.0,293.1499938964844,293.1499938964844,293.1499938964844,293.1499938964844,293.1499938964844,293.1499938964844,278.1499938964844,0.0,18000.0,313.1499938964844,0.0,18000.0,0.0,0.0,0.0,0.0,0.0,0.0,0.0,0.0,0.0,0.0,-0.0,-0.0,0.0,0.0,0.0,0.0,0.0,-0.0,0.0,0.0,0.0,0.0,0.0,0.0,0.0,0.0,0.0,4.0,0.0,0.0
11908380,297.38775634765625,303.1499938964844,285.1499938964844,0.0,-0.0,291.1566162109375,0.0,0.0,0.0001007860118988,297.6200256347656,303.1499938964844,285.1499938964844,0.0,-0.0,291.15704345703125,0.0,0.0,0.0001061326038325,297.6168518066406,303.1499938964844,285.1499938964844,0.0,-0.0,291.1571350097656,0.0,0.0,7.83892028266564e-05,297.55255126953125,303.1499938964844,285.1499938964844,0.0,-0.0,291.1570739746094,0.0,0.0,0.0001061326183844,297.6886901855469,303.1499938964844,285.1499938964844,0.0,-0.0,291.1567687988281,0.0,0.0,0.000503447081428,291.168212890625,294.1499938964844,286.0044860839844,285.6336669921875,288.64276123046875,286.0308837890625,291.0560913085937,0.0,0.0,0.0,0.0,1.0,1.0,-0.001073976047337,1.4514492718831208e-08,0.0010739616118371,-0.0370598025619983,0.0,0.0,0.0,-0.0120082637295126,60.0,-3.720533847808838,-0.0,-7.864095152854136e-08,0.0,293.1499938964844,293.1499938964844,293.1499938964844,293.1499938964844,293.1499938964844,293.1499938964844,278.1499938964844,0.0,18000.0,313.1499938964844,0.0,18000.0,0.0,0.0,0.0,0.0,0.0,0.0,0.0,0.0,0.0,0.0,-0.0,-0.0,0.0,0.0,0.0,0.0,0.0,-0.0,0.0,0.0,0.0,0.0,0.0,0.0,0.0,0.0,0.0,4.0,0.0,0.0
11908440,297.38775634765625,303.1499938964844,285.1499938964844,0.0,-0.0,291.1566162109375,0.0,0.0,0.0001007860118988,297.6200256347656,303.1499938964844,285.1499938964844,0.0,-0.0,291.15704345703125,0.0,0.0,0.0001061326038325,297.6168518066406,303.1499938964844,285.1499938964844,0.0,-0.0,291.1571350097656,0.0,0.0,7.83892028266564e-05,297.55255126953125,303.1499938964844,285.1499938964844,0.0,-0.0,291.1570739746094,0.0,0.0,0.0001061326183844,297.6886901855469,303.1499938964844,285.1499938964844,0.0,-0.0,291.1567687988281,0.0,0.0,0.000503447081428,291.168212890625,294.1499938964844,286.0044860839844,285.6336669921875,288.64276123046875,286.0308837890625,291.0560913085937,0.0,0.0,0.0,0.0,1.0,1.0,-0.001073976047337,1.4514492718831208e-08,0.0010739616118371,-0.0370598025619983,0.0,0.0,0.0,-0.0120082637295126,60.0,-3.720533847808838,-0.0,-7.864095152854136e-08,0.0,293.1499938964844,293.1499938964844,293.1499938964844,293.1499938964844,293.1499938964844,293.1499938964844,278.1499938964844,0.0,18000.0,313.1499938964844,0.0,18000.0,0.0,0.0,0.0,0.0,0.0,0.0,0.0,0.0,0.0,0.0,-0.0,-0.0,0.0,0.0,0.0,0.0,0.0,-0.0,0.0,0.0,0.0,0.0,0.0,0.0,0.0,0.0,0.0,4.0,0.0,0.0
11908500,297.387939453125,303.1499938964844,285.1499938964844,0.0,-0.0,291.1565856933594,0.0,0.0,0.0001007858591037,297.6185913085937,303.1499938964844,285.1499938964844,0.0,-0.0,291.1570129394531,0.0,0.0,0.0001061324364854,297.6146240234375,303.1499938964844,285.1499938964844,0.0,-0.0,291.1571044921875,0.0,0.0,7.838907913537696e-05,297.55224609375,303.1499938964844,285.1499938964844,0.0,-0.0,291.15704345703125,0.0,0.0,0.0001061324510374,297.68896484375,303.1499938964844,285.1499938964844,0.0,-0.0,291.15673828125,0.0,0.0,0.0005034463247284,291.1680603027344,294.1499938964844,285.9956970214844,285.6260681152344,288.6175231933594,286.0223693847656,291.0549011230469,0.0,0.0,0.0,0.0,1.0,1.0,-0.0010739737190306,1.4514210278093742e-08,0.0010739591671153,-0.0370590649545192,0.0,0.0,0.0,-0.0120081240311265,60.0,-3.726049900054932,-0.0,-7.864060336260081e-08,0.0,293.1499938964844,293.1499938964844,293.1499938964844,293.1499938964844,293.1499938964844,293.1499938964844,278.1499938964844,0.0,18000.0,313.1499938964844,0.0,18000.0,0.0,0.0,0.0,0.0,0.0,0.0,0.0,0.0,0.0,0.0,-0.0,-0.0,0.0,0.0,0.0,0.0,0.0,-0.0,0.0,0.0,0.0,0.0,0.0,0.0,0.0,0.0,0.0,4.0,0.0,0.0
11908560,297.38800048828125,303.1499938964844,285.1499938964844,0.0,-0.0,291.15655517578125,0.0,0.0,0.0001007857572403,297.6172180175781,303.1499938964844,285.1499938964844,0.0,-0.0,291.156982421875,0.0,0.0,0.0001061323273461,297.6125183105469,303.1499938964844,285.1499938964844,0.0,-0.0,291.15704345703125,0.0,0.0,7.83889990998432e-05,297.5518798828125,303.1499938964844,285.1499938964844,0.0,-0.0,291.156982421875,0.0,0.0,0.000106132341898,297.6891784667969,303.1499938964844,285.1499938964844,0.0,-0.0,291.1567077636719,0.0,0.0,0.0005034458008594,291.1679077148437,294.1499938964844,285.9867858886719,285.6181640625,288.5924377441406,286.01373291015625,291.0536804199219,0.0,0.0,0.0,0.0,1.0,1.0,-0.0010739718563854,1.4513993562559337e-08,0.0010739573044702,-0.0370584987103939,0.0,0.0,0.0,-0.0120080169290304,60.0,-3.7316296100616455,-0.0,-7.864033335636125e-08,0.0,293.1499938964844,293.1499938964844,293.1499938964844,293.1499938964844,293.1499938964844,293.1499938964844,278.1499938964844,0.0,18000.0,313.1499938964844,0.0,18000.0,0.0,0.0,0.0,0.0,0.0,0.0,0.0,0.0,0.0,0.0,-0.0,-0.0,0.0,0.0,0.0,0.0,0.0,-0.0,0.0,0.0,0.0,0.0,0.0,0.0,0.0,0.0,0.0,4.0,0.0,0.0
11908620,297.38775634765625,303.1499938964844,285.1499938964844,0.0,-0.0,291.156494140625,0.0,0.0,0.000100785982795,297.614501953125,303.1499938964844,285.1499938964844,0.0,-0.0,291.1568908691406,0.0,0.0,0.0001061325674527,297.6086730957031,303.1499938964844,285.1499938964844,0.0,-0.0,291.156982421875,0.0,0.0,7.838917372282594e-05,297.551025390625,303.1499938964844,285.1499938964844,0.0,-0.0,291.15692138671875,0.0,0.0,0.0001061325820046,297.6893615722656,303.1499938964844,285.1499938964844,0.0,-0.0,291.1566162109375,0.0,0.0,0.0005034469650126,291.1676025390625,294.1499938964844,285.9686279296875,285.6014099121094,288.542724609375,285.9962158203125,291.0512390136719,0.0,0.0,0.0,0.0,1.0,1.0,-0.001073972787708,1.45141001439697e-08,0.0010739582357928,-0.0370587781071662,0.0,0.0,0.0,-0.0120080700144171,60.0,-3.743016004562378,-0.0,-7.864046125405366e-08,0.0,293.1499938964844,293.1499938964844,293.1499938964844,293.1499938964844,293.1499938964844,293.1499938964844,278.1499938964844,0.0,18000.0,313.1499938964844,0.0,18000.0,0.0,0.0,0.0,0.0,0.0,0.0,0.0,0.0,0.0,0.0,-0.0,-0.0,0.0,0.0,0.0,0.0,0.0,-0.0,0.0,0.0,0.0,0.0,0.0,0.0,0.0,0.0,0.0,4.0,0.0,0.0
11908680,297.38775634765625,303.1499938964844,285.1499938964844,0.0,-0.0,291.156494140625,0.0,0.0,0.000100785982795,297.614501953125,303.1499938964844,285.1499938964844,0.0,-0.0,291.1568908691406,0.0,0.0,0.0001061325674527,297.6086730957031,303.1499938964844,285.1499938964844,0.0,-0.0,291.156982421875,0.0,0.0,7.838917372282594e-05,297.551025390625,303.1499938964844,285.1499938964844,0.0,-0.0,291.15692138671875,0.0,0.0,0.0001061325820046,297.6893615722656,303.1499938964844,285.1499938964844,0.0,-0.0,291.1566162109375,0.0,0.0,0.0005034469650126,291.1676025390625,294.1499938964844,285.9686279296875,285.6014099121094,288.542724609375,285.9962158203125,291.0512390136719,0.0,0.0,0.0,0.0,1.0,1.0,-0.001073972787708,1.45141001439697e-08,0.0010739582357928,-0.0370587781071662,0.0,0.0,0.0,-0.0120080700144171,60.0,-3.743016004562378,-0.0,-7.864046125405366e-08,0.0,293.1499938964844,293.1499938964844,293.1499938964844,293.1499938964844,293.1499938964844,293.1499938964844,278.1499938964844,0.0,18000.0,313.1499938964844,0.0,18000.0,0.0,0.0,0.0,0.0,0.0,0.0,0.0,0.0,0.0,0.0,-0.0,-0.0,0.0,0.0,0.0,0.0,0.0,-0.0,0.0,0.0,0.0,0.0,0.0,0.0,0.0,0.0,0.0,4.0,0.0,0.0
11908740,297.3871154785156,303.1499938964844,285.1499938964844,0.0,-0.0,291.1564025878906,0.0,0.0,0.0001007864557323,297.61187744140625,303.1499938964844,285.1499938964844,0.0,-0.0,291.15679931640625,0.0,0.0,0.0001061330622178,297.6051940917969,303.1499938964844,285.1499938964844,0.0,-0.0,291.1568603515625,0.0,0.0,7.838953752070665e-05,297.5499267578125,303.1499938964844,285.1499938964844,0.0,-0.0,291.15679931640625,0.0,0.0,0.0001061330767697,297.6893310546875,303.1499938964844,285.1499938964844,0.0,-0.0,291.1565246582031,0.0,0.0,0.0005034492933191,291.167236328125,294.1499938964844,285.95001220703125,285.5834045410156,288.4936218261719,285.9782409667969,291.0487976074219,0.0,0.0,0.0,0.0,1.0,1.0,-0.0010739762801676,1.45145149232917e-08,0.0010739617282524,-0.0370598621666431,0.0,0.0,0.0,-0.0120082758367061,60.0,-3.7547411918640137,-0.0,-7.864097995025079e-08,0.0,293.1499938964844,293.1499938964844,293.1499938964844,293.1499938964844,293.1499938964844,293.1499938964844,278.1499938964844,0.0,18000.0,313.1499938964844,0.0,18000.0,0.0,0.0,0.0,0.0,0.0,0.0,0.0,0.0,0.0,0.0,-0.0,-0.0,0.0,0.0,0.0,0.0,0.0,-0.0,0.0,0.0,0.0,0.0,0.0,0.0,0.0,0.0,0.0,4.0,0.0,0.0
11908800,297.3871154785156,303.1499938964844,285.1499938964844,0.0,-0.0,291.1564025878906,0.0,0.0,0.0001007864557323,297.61187744140625,303.1499938964844,285.1499938964844,0.0,-0.0,291.15679931640625,0.0,0.0,0.0001061330622178,297.6051940917969,303.1499938964844,285.1499938964844,0.0,-0.0,291.1568603515625,0.0,0.0,7.838953752070665e-05,297.5499267578125,303.1499938964844,285.1499938964844,0.0,-0.0,291.15679931640625,0.0,0.0,0.0001061330767697,297.6893310546875,303.1499938964844,285.1499938964844,0.0,-0.0,291.1565246582031,0.0,0.0,0.0005034492933191,291.167236328125,294.1499938964844,285.95001220703125,285.5834045410156,288.4936218261719,285.9782409667969,291.0487976074219,0.0,0.0,0.0,0.0,1.0,1.0,-0.0010739762801676,1.45145149232917e-08,0.0010739617282524,-0.0370598621666431,0.0,0.0,0.0,-0.0120082758367061,60.0,-3.7547411918640137,-0.0,-7.864097995025079e-08,0.0,293.1499938964844,293.1499938964844,293.1499938964844,293.1499938964844,293.1499938964844,293.1499938964844,278.1499938964844,0.0,18000.0,313.1499938964844,0.0,18000.0,0.0,0.0,0.0,0.0,0.0,0.0,0.0,0.0,0.0,0.0,-0.0,-0.0,0.0,0.0,0.0,0.0,0.0,-0.0,0.0,0.0,0.0,0.0,0.0,0.0,0.0,0.0,0.0,4.0,0.0,0.0
11908860,297.3861999511719,303.1499938964844,285.1499938964844,0.0,-0.0,291.1562805175781,0.0,0.0,0.00010077344632,297.6092834472656,303.1499938964844,285.1499938964844,0.0,-0.0,291.1566772460937,0.0,0.0,0.0001061193615896,297.6019897460937,303.1499938964844,285.1499938964844,0.0,-0.0,291.15673828125,0.0,0.0,7.837941666366532e-05,297.54864501953125,303.1499938964844,285.1499938964844,0.0,-0.0,291.1566772460937,0.0,0.0,0.0001061193761415,297.6890869140625,303.1499938964844,285.1499938964844,0.0,-0.0,291.1564025878906,0.0,0.0,0.0005033843335695,291.1668701171875,294.1499938964844,285.9309387207031,285.5637512207031,288.4450988769531,285.9598693847656,291.0463256835937,0.0,0.0,0.0,0.0,1.0,1.0,-0.0010738362325355,1.4498129807805073e-08,0.0010738217970356,-0.0370170101523399,0.0,0.0,0.0,-0.0120001528412103,60.0,-3.766600370407105,-0.0,-7.862046658146937e-08,0.0,293.1499938964844,293.1499938964844,293.1499938964844,293.1499938964844,293.1499938964844,293.1499938964844,278.1499938964844,0.0,18000.0,313.1499938964844,0.0,18000.0,0.0,0.0,0.0,0.0,0.0,0.0,0.0,0.0,0.0,0.0,-0.0,-0.0,0.0,0.0,0.0,0.0,0.0,-0.0,0.0,0.0,0.0,0.0,0.0,0.0,0.0,0.0,0.0,4.0,0.0,0.0
11908920,297.3861999511719,303.1499938964844,285.1499938964844,0.0,-0.0,291.1562805175781,0.0,0.0,0.00010077344632,297.6092834472656,303.1499938964844,285.1499938964844,0.0,-0.0,291.1566772460937,0.0,0.0,0.0001061193615896,297.6019897460937,303.1499938964844,285.1499938964844,0.0,-0.0,291.15673828125,0.0,0.0,7.837941666366532e-05,297.54864501953125,303.1499938964844,285.1499938964844,0.0,-0.0,291.1566772460937,0.0,0.0,0.0001061193761415,297.6890869140625,303.1499938964844,285.1499938964844,0.0,-0.0,291.1564025878906,0.0,0.0,0.0005033843335695,291.1668701171875,294.1499938964844,285.9309387207031,285.5637512207031,288.4450988769531,285.9598693847656,291.0463256835937,0.0,0.0,0.0,0.0,1.0,1.0,-0.0010738362325355,1.4498129807805073e-08,0.0010738217970356,-0.0370170101523399,0.0,0.0,0.0,-0.0120001528412103,60.0,-3.766600370407105,-0.0,-7.862046658146937e-08,0.0,293.1499938964844,293.1499938964844,293.1499938964844,293.1499938964844,293.1499938964844,293.1499938964844,278.1499938964844,0.0,18000.0,313.1499938964844,0.0,18000.0,0.0,0.0,0.0,0.0,0.0,0.0,0.0,0.0,0.0,0.0,-0.0,-0.0,0.0,0.0,0.0,0.0,0.0,-0.0,0.0,0.0,0.0,0.0,0.0,0.0,0.0,0.0,0.0,4.0,0.0,0.0
11908980,297.3851623535156,303.1499938964844,285.1499938964844,0.0,-0.0,291.1561279296875,0.0,0.0,0.0001007270257105,297.6067199707031,303.1499938964844,285.1499938964844,0.0,-0.0,291.1565246582031,0.0,0.0,0.0001060704817064,297.5990600585937,303.1499938964844,285.1499938964844,0.0,-0.0,291.1565856933594,0.0,0.0,7.834331336198375e-05,297.5472106933594,303.1499938964844,285.1499938964844,0.0,-0.0,291.15655517578125,0.0,0.0,0.0001060704962583,297.68865966796875,303.1499938964844,285.1499938964844,0.0,-0.0,291.15625,0.0,0.0,0.0005031524342484,291.1664733886719,294.1499938964844,285.9115295410156,285.542236328125,288.3971252441406,285.94110107421875,291.0438232421875,0.0,0.0,0.0,0.0,1.0,1.0,-0.0010733403032645,1.4440119322500776e-08,0.0010733258677646,-0.0368653014302253,0.0,0.0,0.0,-0.0119713954627513,60.0,-3.777841567993164,-0.0,-7.854784200844733e-08,0.0,293.1499938964844,293.1499938964844,293.1499938964844,293.1499938964844,293.1499938964844,293.1499938964844,278.1499938964844,0.0,18000.0,313.1499938964844,0.0,18000.0,0.0,0.0,0.0,0.0,0.0,0.0,0.0,0.0,0.0,0.0,-0.0,-0.0,0.0,0.0,0.0,0.0,0.0,-0.0,0.0,0.0,0.0,0.0,0.0,0.0,0.0,0.0,0.0,4.0,0.0,0.0
11909040,297.3851623535156,303.1499938964844,285.1499938964844,0.0,-0.0,291.1561279296875,0.0,0.0,0.0001007270257105,297.6067199707031,303.1499938964844,285.1499938964844,0.0,-0.0,291.1565246582031,0.0,0.0,0.0001060704817064,297.5990600585937,303.1499938964844,285.1499938964844,0.0,-0.0,291.1565856933594,0.0,0.0,7.834331336198375e-05,297.5472106933594,303.1499938964844,285.1499938964844,0.0,-0.0,291.15655517578125,0.0,0.0,0.0001060704962583,297.68865966796875,303.1499938964844,285.1499938964844,0.0,-0.0,291.15625,0.0,0.0,0.0005031524342484,291.1664733886719,294.1499938964844,285.9115295410156,285.542236328125,288.3971252441406,285.94110107421875,291.0438232421875,0.0,0.0,0.0,0.0,1.0,1.0,-0.0010733403032645,1.4440119322500776e-08,0.0010733258677646,-0.0368653014302253,0.0,0.0,0.0,-0.0119713954627513,60.0,-3.777841567993164,-0.0,-7.854784200844733e-08,0.0,293.1499938964844,293.1499938964844,293.1499938964844,293.1499938964844,293.1499938964844,293.1499938964844,278.1499938964844,0.0,18000.0,313.1499938964844,0.0,18000.0,0.0,0.0,0.0,0.0,0.0,0.0,0.0,0.0,0.0,0.0,-0.0,-0.0,0.0,0.0,0.0,0.0,0.0,-0.0,0.0,0.0,0.0,0.0,0.0,0.0,0.0,0.0,0.0,4.0,0.0,0.0
11909100,297.3846435546875,303.1499938964844,285.1499938964844,0.0,-0.0,291.15606689453125,0.0,0.0,0.0001006861639325,297.60546875,303.1499938964844,285.1499938964844,0.0,-0.0,291.1564636230469,0.0,0.0,0.000106027451693,297.59765625,303.1499938964844,285.1499938964844,0.0,-0.0,291.1565246582031,0.0,0.0,7.831153197912499e-05,297.5464782714844,303.1499938964844,285.1499938964844,0.0,-0.0,291.1564636230469,0.0,0.0,0.0001060274662449,297.6884155273437,303.1499938964844,285.1499938964844,0.0,-0.0,291.1561889648437,0.0,0.0,0.0005029482999816,291.166259765625,294.1499938964844,285.9017028808594,285.5307922363281,288.3733825683594,285.9316101074219,291.0425720214844,0.0,0.0,0.0,0.0,1.0,1.0,-0.0010729042114689,1.4389115676749498e-08,0.0010728898923844,-0.0367319174110889,0.0,0.0,0.0,-0.0119461109861731,60.0,-3.783014297485352,-0.0,-7.848402105992136e-08,0.0,293.1499938964844,293.1499938964844,293.1499938964844,293.1499938964844,293.1499938964844,293.1499938964844,278.1499938964844,0.0,18000.0,313.1499938964844,0.0,18000.0,0.0,0.0,0.0,0.0,0.0,0.0,0.0,0.0,0.0,0.0,-0.0,-0.0,0.0,0.0,0.0,0.0,0.0,-0.0,0.0,0.0,0.0,0.0,0.0,0.0,0.0,0.0,0.0,4.0,0.0,0.0
11909160,297.3841552734375,303.1499938964844,285.1499938964844,0.0,-0.0,291.1559753417969,0.0,0.0,0.0001006297316052,297.6042175292969,303.1499938964844,285.1499938964844,0.0,-0.0,291.1563720703125,0.0,0.0,0.0001059680289472,297.5963439941406,303.1499938964844,285.1499938964844,0.0,-0.0,291.15643310546875,0.0,0.0,7.826764340279624e-05,297.5457458496094,303.1499938964844,285.1499938964844,0.0,-0.0,291.1563720703125,0.0,0.0,0.0001059680362232,297.6881103515625,303.1499938964844,285.1499938964844,0.0,-0.0,291.1560974121094,0.0,0.0,0.0005026664584875,291.1660461425781,294.1499938964844,285.8918151855469,285.5189819335937,288.3497619628906,285.9220275878906,291.04132080078125,0.0,0.0,0.0,0.0,1.0,1.0,-0.0010723023442551,1.4318715102490389e-08,0.0010722880251705,-0.0365477986633777,0.0,0.0,0.0,-0.0119112115353345,60.0,-3.787762403488159,-0.0,-7.839596349867861e-08,0.0,293.1499938964844,293.1499938964844,293.1499938964844,293.1499938964844,293.1499938964844,293.1499938964844,278.1499938964844,0.0,18000.0,313.1499938964844,0.0,18000.0,0.0,0.0,0.0,0.0,0.0,0.0,0.0,0.0,0.0,0.0,-0.0,-0.0,0.0,0.0,0.0,0.0,0.0,-0.0,0.0,0.0,0.0,0.0,0.0,0.0,0.0,0.0,0.0,4.0,0.0,0.0
11909220,297.38336181640625,303.1499938964844,285.1499938964844,0.0,-0.0,291.1557922363281,0.0,0.0,0.0001004618316073,297.601806640625,303.1499938964844,285.1499938964844,0.0,-0.0,291.1561889648437,0.0,0.0,0.0001057912159012,297.5938720703125,303.1499938964844,285.1499938964844,0.0,-0.0,291.15625,0.0,0.0,7.813704723957926e-05,297.5442810058594,303.1499938964844,285.1499938964844,0.0,-0.0,291.1561889648437,0.0,0.0,0.0001057912304531,297.6875,303.1499938964844,285.1499938964844,0.0,-0.0,291.1559143066406,0.0,0.0,0.0005018277443014,291.16558837890625,294.1499938964844,285.8717956542969,285.4941101074219,288.3029479980469,285.9027709960937,291.038818359375,0.0,0.0,0.0,0.0,1.0,1.0,-0.0010705119930207,1.4109327040046082e-08,0.0010704979067668,-0.0360001698136329,0.0,0.0,0.0,-0.0118074100464582,60.0,-3.79561710357666,-0.0,-7.813437008508117e-08,0.0,293.1499938964844,293.1499938964844,293.1499938964844,293.1499938964844,293.1499938964844,293.1499938964844,278.1499938964844,0.0,18000.0,313.1499938964844,0.0,18000.0,0.0,0.0,0.0,0.0,0.0,0.0,0.0,0.0,0.0,0.0,-0.0,-0.0,0.0,0.0,0.0,0.0,0.0,-0.0,0.0,0.0,0.0,0.0,0.0,0.0,0.0,0.0,0.0,4.0,0.0,0.0
11909280,297.38336181640625,303.1499938964844,285.1499938964844,0.0,-0.0,291.1557922363281,0.0,0.0,0.0001004618316073,297.601806640625,303.1499938964844,285.1499938964844,0.0,-0.0,291.1561889648437,0.0,0.0,0.0001057912159012,297.5938720703125,303.1499938964844,285.1499938964844,0.0,-0.0,291.15625,0.0,0.0,7.813704723957926e-05,297.5442810058594,303.1499938964844,285.1499938964844,0.0,-0.0,291.1561889648437,0.0,0.0,0.0001057912304531,297.6875,303.1499938964844,285.1499938964844,0.0,-0.0,291.1559143066406,0.0,0.0,0.0005018277443014,291.16558837890625,294.1499938964844,285.8717956542969,285.4941101074219,288.3029479980469,285.9027709960937,291.038818359375,0.0,0.0,0.0,0.0,1.0,1.0,-0.0010705119930207,1.4109327040046082e-08,0.0010704979067668,-0.0360001698136329,0.0,0.0,0.0,-0.0118074100464582,60.0,-3.79561710357666,-0.0,-7.813437008508117e-08,0.0,293.1499938964844,293.1499938964844,293.1499938964844,293.1499938964844,293.1499938964844,293.1499938964844,278.1499938964844,0.0,18000.0,313.1499938964844,0.0,18000.0,0.0,0.0,0.0,0.0,0.0,0.0,0.0,0.0,0.0,0.0,-0.0,-0.0,0.0,0.0,0.0,0.0,0.0,-0.0,0.0,0.0,0.0,0.0,0.0,0.0,0.0,0.0,0.0,4.0,0.0,0.0
11909340,297.3830261230469,303.1499938964844,285.1499938964844,0.0,-0.0,291.1556396484375,0.0,0.0,0.0001002745484584,297.5999755859375,303.1499938964844,285.1499938964844,0.0,-0.0,291.1560363769531,0.0,0.0,0.0001055940010701,297.5921325683594,303.1499938964844,285.1499938964844,0.0,-0.0,291.1560974121094,0.0,0.0,7.799138984410092e-05,297.5431823730469,303.1499938964844,285.1499938964844,0.0,-0.0,291.1560363769531,0.0,0.0,0.000105594008346,297.6869812011719,303.1499938964844,285.1499938964844,0.0,-0.0,291.15576171875,0.0,0.0,0.0005008922307752,291.16522216796875,294.1499938964844,285.8556213378906,285.47314453125,288.2659606933594,285.88726806640625,291.03680419921875,0.0,0.0,0.0,0.0,1.0,1.0,-0.0010685154702514,1.3875828486220598e-08,0.0010685015004128,-0.0353894457221031,0.0,0.0,0.0,-0.0116916568949818,60.0,-3.80002760887146,-0.0,-7.784316125025725e-08,0.0,293.1499938964844,293.1499938964844,293.1499938964844,293.1499938964844,293.1499938964844,293.1499938964844,278.1499938964844,0.0,18000.0,313.1499938964844,0.0,18000.0,0.0,0.0,0.0,0.0,0.0,0.0,0.0,0.0,0.0,0.0,-0.0,-0.0,0.0,0.0,0.0,0.0,0.0,-0.0,0.0,0.0,0.0,0.0,0.0,0.0,0.0,0.0,0.0,4.0,0.0,0.0
11909400,297.3829650878906,303.1499938964844,285.1499938964844,0.0,-0.0,291.1556091308594,0.0,0.0,0.0001002223725663,297.5995178222656,303.1499938964844,285.1499938964844,0.0,-0.0,291.1559753417969,0.0,0.0,0.0001055390530382,297.5917358398437,303.1499938964844,285.1499938964844,0.0,-0.0,291.1560363769531,0.0,0.0,7.795080455252901e-05,297.5429077148437,303.1499938964844,285.1499938964844,0.0,-0.0,291.156005859375,0.0,0.0,0.0001055390675901,297.68682861328125,303.1499938964844,285.1499938964844,0.0,-0.0,291.1557312011719,0.0,0.0,0.0005006315768696,291.1651306152344,294.1499938964844,285.8515319824219,285.4677734375,288.2567443847656,285.8833923339844,291.0362854003906,0.0,0.0,0.0,0.0,1.0,1.0,-0.0010679592378437,1.381077918694018e-08,0.0010679453844204,-0.0352193005383014,0.0,0.0,0.0,-0.0116594089195132,60.0,-3.8008997440338135,-0.0,-7.776213095667117e-08,0.0,293.1499938964844,293.1499938964844,293.1499938964844,293.1499938964844,293.1499938964844,293.1499938964844,278.1499938964844,0.0,18000.0,313.1499938964844,0.0,18000.0,0.0,0.0,0.0,0.0,0.0,0.0,0.0,0.0,0.0,0.0,-0.0,-0.0,0.0,0.0,0.0,0.0,0.0,-0.0,0.0,0.0,0.0,0.0,0.0,0.0,0.0,0.0,0.0,4.0,0.0,0.0
11909460,297.3830261230469,303.1499938964844,285.1499938964844,0.0,-0.0,291.1553955078125,0.0,0.0,9.995098662329838e-05,297.59735107421875,303.1499938964844,285.1499938964844,0.0,-0.0,291.15576171875,0.0,0.0,0.000105253267975,297.58984375,303.1499938964844,285.1499938964844,0.0,-0.0,291.15582275390625,0.0,0.0,7.773972174618393e-05,297.5416259765625,303.1499938964844,285.1499938964844,0.0,-0.0,291.15576171875,0.0,0.0,0.0001052532825269,297.6861877441406,303.1499938964844,285.1499938964844,0.0,-0.0,291.155517578125,0.0,0.0,0.0004992759786546,291.1646423339844,294.1499938964844,285.8310546875,285.4400939941406,288.211181640625,285.8638916015625,291.03375244140625,0.0,0.0,0.0,0.0,1.0,1.0,-0.0010650659678503,1.347244982241591e-08,0.001065052463673,-0.0343343019485473,0.0,0.0,0.0,-0.0114916851744055,60.0,-3.8042304515838623,-0.0,-7.734136886483611e-08,0.0,293.1499938964844,293.1499938964844,293.1499938964844,293.1499938964844,293.1499938964844,293.1499938964844,278.1499938964844,0.0,18000.0,313.1499938964844,0.0,18000.0,0.0,0.0,0.0,0.0,0.0,0.0,0.0,0.0,0.0,0.0,-0.0,-0.0,0.0,0.0,0.0,0.0,0.0,-0.0,0.0,0.0,0.0,0.0,0.0,0.0,0.0,0.0,0.0,4.0,0.0,0.0
11909520,297.3830261230469,303.1499938964844,285.1499938964844,0.0,-0.0,291.1553955078125,0.0,0.0,9.995098662329838e-05,297.59735107421875,303.1499938964844,285.1499938964844,0.0,-0.0,291.15576171875,0.0,0.0,0.000105253267975,297.58984375,303.1499938964844,285.1499938964844,0.0,-0.0,291.15582275390625,0.0,0.0,7.773972174618393e-05,297.5416259765625,303.1499938964844,285.1499938964844,0.0,-0.0,291.15576171875,0.0,0.0,0.0001052532825269,297.6861877441406,303.1499938964844,285.1499938964844,0.0,-0.0,291.155517578125,0.0,0.0,0.0004992759786546,291.1646423339844,294.1499938964844,285.8310546875,285.4400939941406,288.211181640625,285.8638916015625,291.03375244140625,0.0,0.0,0.0,0.0,1.0,1.0,-0.0010650659678503,1.347244982241591e-08,0.001065052463673,-0.0343343019485473,0.0,0.0,0.0,-0.0114916851744055,60.0,-3.8042304515838623,-0.0,-7.734136886483611e-08,0.0,293.1499938964844,293.1499938964844,293.1499938964844,293.1499938964844,293.1499938964844,293.1499938964844,278.1499938964844,0.0,18000.0,313.1499938964844,0.0,18000.0,0.0,0.0,0.0,0.0,0.0,0.0,0.0,0.0,0.0,0.0,-0.0,-0.0,0.0,0.0,0.0,0.0,0.0,-0.0,0.0,0.0,0.0,0.0,0.0,0.0,0.0,0.0,0.0,4.0,0.0,0.0
11909580,297.3833923339844,303.1499938964844,285.1499938964844,0.0,-0.0,291.1551513671875,0.0,0.0,9.966285870177673e-05,297.5953063964844,303.1499938964844,285.1499938964844,0.0,-0.0,291.155517578125,0.0,0.0,0.0001049498532665,297.5881652832031,303.1499938964844,285.1499938964844,0.0,-0.0,291.15557861328125,0.0,0.0,7.751562225166708e-05,297.5404357910156,303.1499938964844,285.1499938964844,0.0,-0.0,291.1555480957031,0.0,0.0,0.0001049498678185,297.685546875,303.1499938964844,285.1499938964844,0.0,-0.0,291.1552734375,0.0,0.0,0.0004978366778232,291.1641540527344,294.1499938964844,285.8103942871094,285.4112243652344,288.1661682128906,285.8443298339844,291.0311889648437,0.0,0.0,0.0,0.0,1.0,1.0,-0.0010619944659993,1.3113261587704985e-08,0.0010619814274832,-0.0333946533501148,0.0,0.0,0.0,-0.0113136218860745,60.0,-3.8068909645080566,-0.0,-7.689591541293339e-08,0.0,293.1499938964844,293.1499938964844,293.1499938964844,293.1499938964844,293.1499938964844,293.1499938964844,278.1499938964844,0.0,18000.0,313.1499938964844,0.0,18000.0,0.0,0.0,0.0,0.0,0.0,0.0,0.0,0.0,0.0,0.0,-0.0,-0.0,0.0,0.0,0.0,0.0,0.0,-0.0,0.0,0.0,0.0,0.0,0.0,0.0,0.0,0.0,0.0,4.0,0.0,0.0
11909640,297.3833923339844,303.1499938964844,285.1499938964844,0.0,-0.0,291.1551513671875,0.0,0.0,9.966285870177673e-05,297.5953063964844,303.1499938964844,285.1499938964844,0.0,-0.0,291.155517578125,0.0,0.0,0.0001049498532665,297.5881652832031,303.1499938964844,285.1499938964844,0.0,-0.0,291.15557861328125,0.0,0.0,7.751562225166708e-05,297.5404357910156,303.1499938964844,285.1499938964844,0.0,-0.0,291.1555480957031,0.0,0.0,0.0001049498678185,297.685546875,303.1499938964844,285.1499938964844,0.0,-0.0,291.1552734375,0.0,0.0,0.0004978366778232,291.1641540527344,294.1499938964844,285.8103942871094,285.4112243652344,288.1661682128906,285.8443298339844,291.0311889648437,0.0,0.0,0.0,0.0,1.0,1.0,-0.0010619944659993,1.3113261587704985e-08,0.0010619814274832,-0.0333946533501148,0.0,0.0,0.0,-0.0113136218860745,60.0,-3.8068909645080566,-0.0,-7.689591541293339e-08,0.0,293.1499938964844,293.1499938964844,293.1499938964844,293.1499938964844,293.1499938964844,293.1499938964844,278.1499938964844,0.0,18000.0,313.1499938964844,0.0,18000.0,0.0,0.0,0.0,0.0,0.0,0.0,0.0,0.0,0.0,0.0,-0.0,-0.0,0.0,0.0,0.0,0.0,0.0,-0.0,0.0,0.0,0.0,0.0,0.0,0.0,0.0,0.0,0.0,4.0,0.0,0.0
11909700,297.3836975097656,303.1499938964844,285.1499938964844,0.0,-0.0,291.155029296875,0.0,0.0,9.950242383638396e-05,297.5943298339844,303.1499938964844,285.1499938964844,0.0,-0.0,291.1553955078125,0.0,0.0,0.0001047809128067,297.58740234375,303.1499938964844,285.1499938964844,0.0,-0.0,291.15545654296875,0.0,0.0,7.739083957858384e-05,297.53985595703125,303.1499938964844,285.1499938964844,0.0,-0.0,291.1554260253906,0.0,0.0,0.0001047809200827,297.68524169921875,303.1499938964844,285.1499938964844,0.0,-0.0,291.1551513671875,0.0,0.0,0.0004970352747477,291.16387939453125,294.1499938964844,285.79998779296875,285.3963928222656,288.1438903808594,285.83453369140625,291.0299377441406,0.0,0.0,0.0,0.0,1.0,1.0,-0.0010602843249216,1.2913274005654785e-08,0.0010602714028209,-0.0328714437782764,0.0,0.0,0.0,-0.011214479804039,60.0,-3.80777645111084,-0.0,-7.664845469435022e-08,0.0,293.1499938964844,293.1499938964844,293.1499938964844,293.1499938964844,293.1499938964844,293.1499938964844,278.1499938964844,0.0,18000.0,313.1499938964844,0.0,18000.0,0.0,0.0,0.0,0.0,0.0,0.0,0.0,0.0,0.0,0.0,-0.0,-0.0,0.0,0.0,0.0,0.0,0.0,-0.0,0.0,0.0,0.0,0.0,0.0,0.0,0.0,0.0,0.0,4.0,0.0,0.0
11909760,297.38409423828125,303.1499938964844,285.1499938964844,0.0,-0.0,291.1549072265625,0.0,0.0,9.933178080245852e-05,297.5933837890625,303.1499938964844,285.1499938964844,0.0,-0.0,291.1552734375,0.0,0.0,0.0001046012112055,297.5867004394531,303.1499938964844,285.1499938964844,0.0,-0.0,291.15533447265625,0.0,0.0,7.725811883574352e-05,297.539306640625,303.1499938964844,285.1499938964844,0.0,-0.0,291.1552734375,0.0,0.0,0.0001046012257575,297.6849670410156,303.1499938964844,285.1499938964844,0.0,-0.0,291.155029296875,0.0,0.0,0.0004961828817613,291.1636047363281,294.1499938964844,285.78955078125,285.3812866210937,288.12176513671875,285.82470703125,291.0286560058594,0.0,0.0,0.0,0.0,1.0,1.0,-0.0010584654519334,1.2700562379563962e-08,0.0010584527626633,-0.0323149114847183,0.0,0.0,0.0,-0.0111090308055281,60.0,-3.8082852363586426,-0.0,-7.638568177981142e-08,0.0,293.1499938964844,293.1499938964844,293.1499938964844,293.1499938964844,293.1499938964844,293.1499938964844,278.1499938964844,0.0,18000.0,313.1499938964844,0.0,18000.0,0.0,0.0,0.0,0.0,0.0,0.0,0.0,0.0,0.0,0.0,-0.0,-0.0,0.0,0.0,0.0,0.0,0.0,-0.0,0.0,0.0,0.0,0.0,0.0,0.0,0.0,0.0,0.0,4.0,0.0,0.0
11909820,297.3851928710937,303.1499938964844,285.1499938964844,0.0,-0.0,291.1546325683594,0.0,0.0,9.89623149507679e-05,297.5915832519531,303.1499938964844,285.1499938964844,0.0,-0.0,291.1549987792969,0.0,0.0,0.000104212143924,297.5854187011719,303.1499938964844,285.1499938964844,0.0,-0.0,291.1550598144531,0.0,0.0,7.697075488977134e-05,297.5382995605469,303.1499938964844,285.1499938964844,0.0,-0.0,291.1549987792969,0.0,0.0,0.000104212158476,297.6844482421875,303.1499938964844,285.1499938964844,0.0,-0.0,291.1547546386719,0.0,0.0,0.0004943373496644,291.1630859375,294.1499938964844,285.7685852050781,285.35040283203125,288.07794189453125,285.8050842285156,291.02606201171875,0.0,0.0,0.0,0.0,1.0,1.0,-0.0010545272380113,1.2240034763522093e-08,0.0010545150144025,-0.031109906733036,0.0,0.0,0.0,-0.010880728252232,60.0,-3.808180093765259,-0.0,-7.581832051073435e-08,0.0,293.1499938964844,293.1499938964844,293.1499938964844,293.1499938964844,293.1499938964844,293.1499938964844,278.1499938964844,0.0,18000.0,313.1499938964844,0.0,18000.0,0.0,0.0,0.0,0.0,0.0,0.0,0.0,0.0,0.0,0.0,-0.0,-0.0,0.0,0.0,0.0,0.0,0.0,-0.0,0.0,0.0,0.0,0.0,0.0,0.0,0.0,0.0,0.0,4.0,0.0,0.0
11909880,297.3851928710937,303.1499938964844,285.1499938964844,0.0,-0.0,291.1546325683594,0.0,0.0,9.89623149507679e-05,297.5915832519531,303.1499938964844,285.1499938964844,0.0,-0.0,291.1549987792969,0.0,0.0,0.000104212143924,297.5854187011719,303.1499938964844,285.1499938964844,0.0,-0.0,291.1550598144531,0.0,0.0,7.697075488977134e-05,297.5382995605469,303.1499938964844,285.1499938964844,0.0,-0.0,291.1549987792969,0.0,0.0,0.000104212158476,297.6844482421875,303.1499938964844,285.1499938964844,0.0,-0.0,291.1547546386719,0.0,0.0,0.0004943373496644,291.1630859375,294.1499938964844,285.7685852050781,285.35040283203125,288.07794189453125,285.8050842285156,291.02606201171875,0.0,0.0,0.0,0.0,1.0,1.0,-0.0010545272380113,1.2240034763522093e-08,0.0010545150144025,-0.031109906733036,0.0,0.0,0.0,-0.010880728252232,60.0,-3.808180093765259,-0.0,-7.581832051073435e-08,0.0,293.1499938964844,293.1499938964844,293.1499938964844,293.1499938964844,293.1499938964844,293.1499938964844,278.1499938964844,0.0,18000.0,313.1499938964844,0.0,18000.0,0.0,0.0,0.0,0.0,0.0,0.0,0.0,0.0,0.0,0.0,-0.0,-0.0,0.0,0.0,0.0,0.0,0.0,-0.0,0.0,0.0,0.0,0.0,0.0,0.0,0.0,0.0,0.0,4.0,0.0,0.0
11909940,297.3866882324219,303.1499938964844,285.1499938964844,0.0,-0.0,291.15435791015625,0.0,0.0,9.85605365713127e-05,297.58990478515625,303.1499938964844,285.1499938964844,0.0,-0.0,291.1546936035156,0.0,0.0,0.0001037890542647,297.5843200683594,303.1499938964844,285.1499938964844,0.0,-0.0,291.1547546386719,0.0,0.0,7.665825978619978e-05,297.53741455078125,303.1499938964844,285.1499938964844,0.0,-0.0,291.1547241210937,0.0,0.0,0.0001037890688166,297.6840209960937,303.1499938964844,285.1499938964844,0.0,-0.0,291.1544494628906,0.0,0.0,0.0004923303495161,291.1625061035156,294.1499938964844,285.7475280761719,285.3186950683594,288.0346984863281,285.7855224609375,291.02349853515625,0.0,0.0,0.0,0.0,1.0,1.0,-0.0010502449003979,1.1739251348785729e-08,0.0010502331424504,-0.0297994203865528,0.0,0.0,0.0,-0.0106324702501297,60.0,-3.8066868782043457,-0.0,-7.520376499314807e-08,0.0,293.1499938964844,293.1499938964844,293.1499938964844,293.1499938964844,293.1499938964844,293.1499938964844,278.1499938964844,0.0,18000.0,313.1499938964844,0.0,18000.0,0.0,0.0,0.0,0.0,0.0,0.0,0.0,0.0,0.0,0.0,-0.0,-0.0,0.0,0.0,0.0,0.0,0.0,-0.0,0.0,0.0,0.0,0.0,0.0,0.0,0.0,0.0,0.0,4.0,0.0,0.0
11910000,297.3866882324219,303.1499938964844,285.1499938964844,0.0,-0.0,291.15435791015625,0.0,0.0,9.85605365713127e-05,297.58990478515625,303.1499938964844,285.1499938964844,0.0,-0.0,291.1546936035156,0.0,0.0,0.0001037890542647,297.5843200683594,303.1499938964844,285.1499938964844,0.0,-0.0,291.1547546386719,0.0,0.0,7.665825978619978e-05,297.53741455078125,303.1499938964844,285.1499938964844,0.0,-0.0,291.1547241210937,0.0,0.0,0.0001037890688166,297.6840209960937,303.1499938964844,285.1499938964844,0.0,-0.0,291.1544494628906,0.0,0.0,0.0004923303495161,291.1625061035156,294.1499938964844,285.7475280761719,285.3186950683594,288.0346984863281,285.7855224609375,291.02349853515625,0.0,0.0,0.0,0.0,1.0,1.0,-0.0010502449003979,1.1739251348785729e-08,0.0010502331424504,-0.0297994203865528,0.0,0.0,0.0,-0.0106324702501297,60.0,-3.8066868782043457,-0.0,-7.520376499314807e-08,0.0,293.1499938964844,293.1499938964844,293.1499938964844,293.1499938964844,293.1499938964844,293.1499938964844,278.1499938964844,0.0,18000.0,313.1499938964844,0.0,18000.0,0.0,0.0,0.0,0.0,0.0,0.0,0.0,0.0,0.0,0.0,-0.0,-0.0,0.0,0.0,0.0,0.0,0.0,-0.0,0.0,0.0,0.0,0.0,0.0,0.0,0.0,0.0,0.0,4.0,0.0,0.0
11910060,297.3886108398437,303.1499938964844,285.1499938964844,0.0,-0.0,291.154052734375,0.0,0.0,9.813416545512156e-05,297.5884094238281,303.1499938964844,285.1499938964844,0.0,-0.0,291.1543884277344,0.0,0.0,0.0001033400621963,297.5834350585937,303.1499938964844,285.1499938964844,0.0,-0.0,291.1544494628906,0.0,0.0,7.632663619006053e-05,297.53662109375,303.1499938964844,285.1499938964844,0.0,-0.0,291.1544189453125,0.0,0.0,0.0001033400694723,297.68365478515625,303.1499938964844,285.1499938964844,0.0,-0.0,291.1541442871094,0.0,0.0,0.0004902005312032,291.16192626953125,294.1499938964844,285.72637939453125,285.2863464355469,287.9920959472656,285.7660522460937,291.0209045410156,0.0,0.0,0.0,0.0,1.0,1.0,-0.0010457003954797,1.1207823114034454e-08,0.0010456891031935,-0.0284085720777511,0.0,0.0,0.0,-0.0103690195828676,60.0,-3.80402946472168,-0.0,-7.45543360380907e-08,0.0,293.1499938964844,293.1499938964844,293.1499938964844,293.1499938964844,293.1499938964844,293.1499938964844,278.1499938964844,0.0,18000.0,313.1499938964844,0.0,18000.0,0.0,0.0,0.0,0.0,0.0,0.0,0.0,0.0,0.0,0.0,-0.0,-0.0,0.0,0.0,0.0,0.0,0.0,-0.0,0.0,0.0,0.0,0.0,0.0,0.0,0.0,0.0,0.0,4.0,0.0,0.0
11910120,297.3886108398437,303.1499938964844,285.1499938964844,0.0,-0.0,291.154052734375,0.0,0.0,9.813416545512156e-05,297.5884094238281,303.1499938964844,285.1499938964844,0.0,-0.0,291.1543884277344,0.0,0.0,0.0001033400621963,297.5834350585937,303.1499938964844,285.1499938964844,0.0,-0.0,291.1544494628906,0.0,0.0,7.632663619006053e-05,297.53662109375,303.1499938964844,285.1499938964844,0.0,-0.0,291.1544189453125,0.0,0.0,0.0001033400694723,297.68365478515625,303.1499938964844,285.1499938964844,0.0,-0.0,291.1541442871094,0.0,0.0,0.0004902005312032,291.16192626953125,294.1499938964844,285.72637939453125,285.2863464355469,287.9920959472656,285.7660522460937,291.0209045410156,0.0,0.0,0.0,0.0,1.0,1.0,-0.0010457003954797,1.1207823114034454e-08,0.0010456891031935,-0.0284085720777511,0.0,0.0,0.0,-0.0103690195828676,60.0,-3.80402946472168,-0.0,-7.45543360380907e-08,0.0,293.1499938964844,293.1499938964844,293.1499938964844,293.1499938964844,293.1499938964844,293.1499938964844,278.1499938964844,0.0,18000.0,313.1499938964844,0.0,18000.0,0.0,0.0,0.0,0.0,0.0,0.0,0.0,0.0,0.0,0.0,-0.0,-0.0,0.0,0.0,0.0,0.0,0.0,-0.0,0.0,0.0,0.0,0.0,0.0,0.0,0.0,0.0,0.0,4.0,0.0,0.0
11910180,297.39093017578125,303.1499938964844,285.1499938964844,0.0,-0.0,291.1537170410156,0.0,0.0,9.769196913111956e-05,297.5870056152344,303.1499938964844,285.1499938964844,0.0,-0.0,291.1540832519531,0.0,0.0,0.000102874408185,297.58270263671875,303.1499938964844,285.1499938964844,0.0,-0.0,291.1541442871094,0.0,0.0,7.598270167363808e-05,297.53594970703125,303.1499938964844,285.1499938964844,0.0,-0.0,291.1540832519531,0.0,0.0,0.0001028744154609,297.68341064453125,303.1499938964844,285.1499938964844,0.0,-0.0,291.1538391113281,0.0,0.0,0.0004879916959907,291.16131591796875,294.1499938964844,285.7052001953125,285.2534484863281,287.9500427246094,285.7467346191406,291.0182800292969,0.0,0.0,0.0,0.0,1.0,1.0,-0.0010409873211756,1.0656690641042132e-08,0.001040976610966,-0.026965981349349,0.0,0.0,0.0,-0.0100958002731204,60.0,-3.800492286682129,-0.0,-7.38837968583539e-08,0.0,293.1499938964844,293.1499938964844,293.1499938964844,293.1499938964844,293.1499938964844,293.1499938964844,278.1499938964844,0.0,18000.0,313.1499938964844,0.0,18000.0,0.0,0.0,0.0,0.0,0.0,0.0,0.0,0.0,0.0,0.0,-0.0,-0.0,0.0,0.0,0.0,0.0,0.0,-0.0,0.0,0.0,0.0,0.0,0.0,0.0,0.0,0.0,0.0,4.0,0.0,0.0
11910240,297.39093017578125,303.1499938964844,285.1499938964844,0.0,-0.0,291.1537170410156,0.0,0.0,9.769196913111956e-05,297.5870056152344,303.1499938964844,285.1499938964844,0.0,-0.0,291.1540832519531,0.0,0.0,0.000102874408185,297.58270263671875,303.1499938964844,285.1499938964844,0.0,-0.0,291.1541442871094,0.0,0.0,7.598270167363808e-05,297.53594970703125,303.1499938964844,285.1499938964844,0.0,-0.0,291.1540832519531,0.0,0.0,0.0001028744154609,297.68341064453125,303.1499938964844,285.1499938964844,0.0,-0.0,291.1538391113281,0.0,0.0,0.0004879916959907,291.16131591796875,294.1499938964844,285.7052001953125,285.2534484863281,287.9500427246094,285.7467346191406,291.0182800292969,0.0,0.0,0.0,0.0,1.0,1.0,-0.0010409873211756,1.0656690641042132e-08,0.001040976610966,-0.026965981349349,0.0,0.0,0.0,-0.0100958002731204,60.0,-3.800492286682129,-0.0,-7.38837968583539e-08,0.0,293.1499938964844,293.1499938964844,293.1499938964844,293.1499938964844,293.1499938964844,293.1499938964844,278.1499938964844,0.0,18000.0,313.1499938964844,0.0,18000.0,0.0,0.0,0.0,0.0,0.0,0.0,0.0,0.0,0.0,0.0,-0.0,-0.0,0.0,0.0,0.0,0.0,0.0,-0.0,0.0,0.0,0.0,0.0,0.0,0.0,0.0,0.0,0.0,4.0,0.0,0.0
11910300,297.3922424316406,303.1499938964844,285.1499938964844,0.0,-0.0,291.153564453125,0.0,0.0,9.746784053277224e-05,297.5863647460937,303.1499938964844,285.1499938964844,0.0,-0.0,291.1539001464844,0.0,0.0,0.0001026383906719,297.5823669433594,303.1499938964844,285.1499938964844,0.0,-0.0,291.1539611816406,0.0,0.0,7.580837700515985e-05,297.5356140136719,303.1499938964844,285.1499938964844,0.0,-0.0,291.1539001464844,0.0,0.0,0.0001026383979478,297.6833190917969,303.1499938964844,285.1499938964844,0.0,-0.0,291.1536560058594,0.0,0.0,0.0004868721007369,291.1610107421875,294.1499938964844,285.6946105957031,285.23681640625,287.92926025390625,285.7371520996094,291.0169982910156,0.0,0.0,0.0,0.0,1.0,1.0,-0.0010385983623564,1.0377346981726989e-08,0.0010385880013927,-0.0262347366660833,0.0,0.0,0.0,-0.0099573172628879,60.0,-3.7984871864318848,-0.0,-7.354508113621705e-08,0.0,293.1499938964844,293.1499938964844,293.1499938964844,293.1499938964844,293.1499938964844,293.1499938964844,278.1499938964844,0.0,18000.0,313.1499938964844,0.0,18000.0,0.0,0.0,0.0,0.0,0.0,0.0,0.0,0.0,0.0,0.0,-0.0,-0.0,0.0,0.0,0.0,0.0,0.0,-0.0,0.0,0.0,0.0,0.0,0.0,0.0,0.0,0.0,0.0,4.0,0.0,0.0
11910360,297.3936462402344,303.1499938964844,285.1499938964844,0.0,-0.0,291.15338134765625,0.0,0.0,9.724339179228993e-05,297.58575439453125,303.1499938964844,285.1499938964844,0.0,-0.0,291.1537170410156,0.0,0.0,0.0001024020311888,297.58209228515625,303.1499938964844,285.1499938964844,0.0,-0.0,291.1537780761719,0.0,0.0,7.563380495412275e-05,297.53521728515625,303.1499938964844,285.1499938964844,0.0,-0.0,291.1537475585937,0.0,0.0,0.0001024020457407,297.6832275390625,303.1499938964844,285.1499938964844,0.0,-0.0,291.15350341796875,0.0,0.0,0.0004857509338762,291.16070556640625,294.1499938964844,285.6839904785156,285.2201232910156,287.9086303710937,285.72760009765625,291.01568603515625,0.0,0.0,0.0,0.0,1.0,1.0,-0.0010362061439082,1.0097608971193496e-08,0.0010361960157752,-0.0255024172365665,0.0,0.0,0.0,-0.0098186396062374,60.0,-3.7963955402374254,-0.0,-7.32066709474566e-08,0.0,293.1499938964844,293.1499938964844,293.1499938964844,293.1499938964844,293.1499938964844,293.1499938964844,278.1499938964844,0.0,18000.0,313.1499938964844,0.0,18000.0,0.0,0.0,0.0,0.0,0.0,0.0,0.0,0.0,0.0,0.0,-0.0,-0.0,0.0,0.0,0.0,0.0,0.0,-0.0,0.0,0.0,0.0,0.0,0.0,0.0,0.0,0.0,0.0,4.0,0.0,0.0
11910420,297.3966979980469,303.1499938964844,285.1499938964844,0.0,-0.0,291.1530456542969,0.0,0.0,9.679747745394708e-05,297.5845642089844,303.1499938964844,285.1499938964844,0.0,-0.0,291.15338134765625,0.0,0.0,0.0001019324627122,297.58160400390625,303.1499938964844,285.1499938964844,0.0,-0.0,291.1534423828125,0.0,0.0,7.528698915848508e-05,297.5328063964844,303.1499938964844,285.1499938964844,0.0,-0.0,291.15338134765625,0.0,0.0,0.0001019324772641,297.6831359863281,303.1499938964844,285.1499938964844,0.0,-0.0,291.15313720703125,0.0,0.0,0.0004835235304199,291.1600646972656,294.1499938964844,285.6628112792969,285.1865234375,287.86773681640625,285.7086486816406,291.0130615234375,0.0,0.0,0.0,0.0,1.0,1.0,-0.0010314534883946,9.541858858597152e-09,0.0010314439423382,-0.024047415703535,0.0,0.0,0.0,-0.0095431311056017,60.0,-3.792106866836548,-0.0,-7.253667178019897e-08,0.0,293.1499938964844,293.1499938964844,293.1499938964844,293.1499938964844,293.1499938964844,293.1499938964844,278.1499938964844,0.0,18000.0,313.1499938964844,0.0,18000.0,0.0,0.0,0.0,0.0,0.0,0.0,0.0,0.0,0.0,0.0,-0.0,-0.0,0.0,0.0,0.0,0.0,0.0,-0.0,0.0,0.0,0.0,0.0,0.0,0.0,0.0,0.0,0.0,4.0,0.0,0.0
11910480,297.3966979980469,303.1499938964844,285.1499938964844,0.0,-0.0,291.1530456542969,0.0,0.0,9.679747745394708e-05,297.5845642089844,303.1499938964844,285.1499938964844,0.0,-0.0,291.15338134765625,0.0,0.0,0.0001019324627122,297.58160400390625,303.1499938964844,285.1499938964844,0.0,-0.0,291.1534423828125,0.0,0.0,7.528698915848508e-05,297.5328063964844,303.1499938964844,285.1499938964844,0.0,-0.0,291.15338134765625,0.0,0.0,0.0001019324772641,297.6831359863281,303.1499938964844,285.1499938964844,0.0,-0.0,291.15313720703125,0.0,0.0,0.0004835235304199,291.1600646972656,294.1499938964844,285.6628112792969,285.1865234375,287.86773681640625,285.7086486816406,291.0130615234375,0.0,0.0,0.0,0.0,1.0,1.0,-0.0010314534883946,9.541858858597152e-09,0.0010314439423382,-0.024047415703535,0.0,0.0,0.0,-0.0095431311056017,60.0,-3.792106866836548,-0.0,-7.253667178019897e-08,0.0,293.1499938964844,293.1499938964844,293.1499938964844,293.1499938964844,293.1499938964844,293.1499938964844,278.1499938964844,0.0,18000.0,313.1499938964844,0.0,18000.0,0.0,0.0,0.0,0.0,0.0,0.0,0.0,0.0,0.0,0.0,-0.0,-0.0,0.0,0.0,0.0,0.0,0.0,-0.0,0.0,0.0,0.0,0.0,0.0,0.0,0.0,0.0,0.0,4.0,0.0,0.0
11910540,297.399658203125,303.1499938964844,285.1499938964844,0.0,-0.0,291.1527099609375,0.0,0.0,9.641433280194178e-05,297.5836486816406,303.1499938964844,285.1499938964844,0.0,-0.0,291.1530456542969,0.0,0.0,0.0001015289890347,297.5812683105469,303.1499938964844,285.1499938964844,0.0,-0.0,291.1531066894531,0.0,0.0,7.498898048652336e-05,297.5276794433594,303.1499938964844,285.1499938964844,0.0,-0.0,291.1530456542969,0.0,0.0,0.0001015290035866,297.6830139160156,303.1499938964844,285.1499938964844,0.0,-0.0,291.1528015136719,0.0,0.0,0.0004816096043214,291.15948486328125,294.1499938964844,285.6441955566406,285.1568298339844,287.83221435546875,285.6921691894531,291.0107421875,0.0,0.0,0.0,0.0,1.0,1.0,-0.0010273697553202,9.06433239578064e-09,0.0010273606749251,-0.0227970872074365,0.0,0.0,0.0,-0.009306401014328,60.0,-3.788416624069214,-0.0,-7.196343432269714e-08,0.0,293.1499938964844,293.1499938964844,293.1499938964844,293.1499938964844,293.1499938964844,293.1499938964844,278.1499938964844,0.0,18000.0,313.1499938964844,0.0,18000.0,0.0,0.0,0.0,0.0,0.0,0.0,0.0,0.0,0.0,0.0,-0.0,-0.0,0.0,0.0,0.0,0.0,0.0,-0.0,0.0,0.0,0.0,0.0,0.0,0.0,0.0,0.0,0.0,4.0,0.0,0.0
11910600,297.40008544921875,303.1499938964844,285.1499938964844,0.0,-0.0,291.1526794433594,0.0,0.0,9.636306640459225e-05,297.5835266113281,303.1499938964844,285.1499938964844,0.0,-0.0,291.1529846191406,0.0,0.0,0.0001014750014292,297.5812072753906,303.1499938964844,285.1499938964844,0.0,-0.0,291.1530456542969,0.0,0.0,7.494910823879763e-05,297.52685546875,303.1499938964844,285.1499938964844,0.0,-0.0,291.15301513671875,0.0,0.0,0.0001014750159811,297.6829833984375,303.1499938964844,285.1499938964844,0.0,-0.0,291.1527709960937,0.0,0.0,0.0004813535197172,291.1593933105469,294.1499938964844,285.64166259765625,285.1527709960937,287.827392578125,285.6899108886719,291.01043701171875,0.0,0.0,0.0,0.0,1.0,1.0,-0.0010268233017995,9.000436840267412e-09,0.0010268143378198,-0.0226297788321971,0.0,0.0,0.0,-0.0092747258022427,60.0,-3.787930965423584,-0.0,-7.188690887005579e-08,0.0,293.1499938964844,293.1499938964844,293.1499938964844,293.1499938964844,293.1499938964844,293.1499938964844,278.1499938964844,0.0,18000.0,313.1499938964844,0.0,18000.0,0.0,0.0,0.0,0.0,0.0,0.0,0.0,0.0,0.0,0.0,-0.0,-0.0,0.0,0.0,0.0,0.0,0.0,-0.0,0.0,0.0,0.0,0.0,0.0,0.0,0.0,0.0,0.0,4.0,0.0,0.0
11910660,297.4036865234375,303.1499938964844,285.1499938964844,0.0,-0.0,291.1522827148437,0.0,0.0,9.594750008545816e-05,297.58251953125,303.1499938964844,285.1499938964844,0.0,-0.0,291.152587890625,0.0,0.0,0.0001010373962344,297.58087158203125,303.1499938964844,285.1499938964844,0.0,-0.0,291.15264892578125,0.0,0.0,7.462588837370276e-05,297.5189514160156,303.1499938964844,285.1499938964844,0.0,-0.0,291.1526184082031,0.0,0.0,0.0001010374035104,297.6827087402344,303.1499938964844,285.1499938964844,0.0,-0.0,291.1523742675781,0.0,0.0,0.0004792776890099,291.1587219238281,294.1499938964844,285.62060546875,285.1190185546875,287.7875671386719,285.6714172363281,291.0077819824219,0.0,0.0,0.0,0.0,1.0,1.0,-0.00102239404805,8.482512470209258e-09,0.0010223855497315,-0.0212735421955585,0.0,0.0,0.0,-0.0090179676190018,60.0,-3.7841663360595694,-0.0,-7.126807588520023e-08,0.0,293.1499938964844,293.1499938964844,293.1499938964844,293.1499938964844,293.1499938964844,293.1499938964844,278.1499938964844,0.0,18000.0,313.1499938964844,0.0,18000.0,0.0,0.0,0.0,0.0,0.0,0.0,0.0,0.0,0.0,0.0,-0.0,-0.0,0.0,0.0,0.0,0.0,0.0,-0.0,0.0,0.0,0.0,0.0,0.0,0.0,0.0,0.0,0.0,4.0,0.0,0.0
11910720,297.4036865234375,303.1499938964844,285.1499938964844,0.0,-0.0,291.1522827148437,0.0,0.0,9.594750008545816e-05,297.58251953125,303.1499938964844,285.1499938964844,0.0,-0.0,291.152587890625,0.0,0.0,0.0001010373962344,297.58087158203125,303.1499938964844,285.1499938964844,0.0,-0.0,291.15264892578125,0.0,0.0,7.462588837370276e-05,297.5189514160156,303.1499938964844,285.1499938964844,0.0,-0.0,291.1526184082031,0.0,0.0,0.0001010374035104,297.6827087402344,303.1499938964844,285.1499938964844,0.0,-0.0,291.1523742675781,0.0,0.0,0.0004792776890099,291.1587219238281,294.1499938964844,285.62060546875,285.1190185546875,287.7875671386719,285.6714172363281,291.0077819824219,0.0,0.0,0.0,0.0,1.0,1.0,-0.00102239404805,8.482512470209258e-09,0.0010223855497315,-0.0212735421955585,0.0,0.0,0.0,-0.0090179676190018,60.0,-3.7841663360595694,-0.0,-7.126807588520023e-08,0.0,293.1499938964844,293.1499938964844,293.1499938964844,293.1499938964844,293.1499938964844,293.1499938964844,278.1499938964844,0.0,18000.0,313.1499938964844,0.0,18000.0,0.0,0.0,0.0,0.0,0.0,0.0,0.0,0.0,0.0,0.0,-0.0,-0.0,0.0,0.0,0.0,0.0,0.0,-0.0,0.0,0.0,0.0,0.0,0.0,0.0,0.0,0.0,0.0,4.0,0.0,0.0
11910780,297.40740966796875,303.1499938964844,285.1499938964844,0.0,-0.0,291.1518859863281,0.0,0.0,9.555706492392346e-05,297.5815124511719,303.1499938964844,285.1499938964844,0.0,-0.0,291.1521911621094,0.0,0.0,0.0001006262464215,297.5805053710937,303.1499938964844,285.1499938964844,0.0,-0.0,291.1522521972656,0.0,0.0,7.43222190067172e-05,297.51007080078125,303.1499938964844,285.1499938964844,0.0,-0.0,291.1522216796875,0.0,0.0,0.0001006262609735,297.68231201171875,303.1499938964844,285.1499938964844,0.0,-0.0,291.1519775390625,0.0,0.0,0.0004773274122271,291.1580505371094,294.1499938964844,285.5996398925781,285.0853576660156,287.7482604980469,285.6531677246094,291.0051574707031,0.0,0.0,0.0,0.0,1.0,1.0,-0.0010182325495406,7.99590615940815e-09,0.0010182245168834,-0.0199992097914218,0.0,0.0,0.0,-0.0087767355144023,60.0,-3.7810792922973633,-0.0,-7.068909724239347e-08,0.0,293.1499938964844,293.1499938964844,293.1499938964844,293.1499938964844,293.1499938964844,293.1499938964844,278.1499938964844,0.0,18000.0,313.1499938964844,0.0,18000.0,0.0,0.0,0.0,0.0,0.0,0.0,0.0,0.0,0.0,0.0,-0.0,-0.0,0.0,0.0,0.0,0.0,0.0,-0.0,0.0,0.0,0.0,0.0,0.0,0.0,0.0,0.0,0.0,4.0,0.0,0.0
11910840,297.40740966796875,303.1499938964844,285.1499938964844,0.0,-0.0,291.1518859863281,0.0,0.0,9.555706492392346e-05,297.5815124511719,303.1499938964844,285.1499938964844,0.0,-0.0,291.1521911621094,0.0,0.0,0.0001006262464215,297.5805053710937,303.1499938964844,285.1499938964844,0.0,-0.0,291.1522521972656,0.0,0.0,7.43222190067172e-05,297.51007080078125,303.1499938964844,285.1499938964844,0.0,-0.0,291.1522216796875,0.0,0.0,0.0001006262609735,297.68231201171875,303.1499938964844,285.1499938964844,0.0,-0.0,291.1519775390625,0.0,0.0,0.0004773274122271,291.1580505371094,294.1499938964844,285.5996398925781,285.0853576660156,287.7482604980469,285.6531677246094,291.0051574707031,0.0,0.0,0.0,0.0,1.0,1.0,-0.0010182325495406,7.99590615940815e-09,0.0010182245168834,-0.0199992097914218,0.0,0.0,0.0,-0.0087767355144023,60.0,-3.7810792922973633,-0.0,-7.068909724239347e-08,0.0,293.1499938964844,293.1499938964844,293.1499938964844,293.1499938964844,293.1499938964844,293.1499938964844,278.1499938964844,0.0,18000.0,313.1499938964844,0.0,18000.0,0.0,0.0,0.0,0.0,0.0,0.0,0.0,0.0,0.0,0.0,-0.0,-0.0,0.0,0.0,0.0,0.0,0.0,-0.0,0.0,0.0,0.0,0.0,0.0,0.0,0.0,0.0,0.0,4.0,0.0,0.0
11910900,297.4093017578125,303.1499938964844,285.1499938964844,0.0,-0.0,291.15167236328125,0.0,0.0,9.537329606246205e-05,297.5809936523437,303.1499938964844,285.1499938964844,0.0,-0.0,291.1519775390625,0.0,0.0,0.0001004327277769,297.5802917480469,303.1499938964844,285.1499938964844,0.0,-0.0,291.15203857421875,0.0,0.0,7.417929009534419e-05,297.5054626464844,303.1499938964844,285.1499938964844,0.0,-0.0,291.1520080566406,0.0,0.0,0.0001004327423288,297.6820373535156,303.1499938964844,285.1499938964844,0.0,-0.0,291.1517639160156,0.0,0.0,0.0004764094483107,291.1576843261719,294.1499938964844,285.5892028808594,285.0686340332031,287.7287902832031,285.6441345214844,291.0038452148437,0.0,0.0,0.0,0.0,1.0,1.0,-0.0010162737453356,7.7668680376064e-09,0.001016265945509,-0.0193993654102087,0.0,0.0,0.0,-0.0086631914600729,60.0,-3.779872179031372,-0.0,-7.041739280566618e-08,0.0,293.1499938964844,293.1499938964844,293.1499938964844,293.1499938964844,293.1499938964844,293.1499938964844,278.1499938964844,0.0,18000.0,313.1499938964844,0.0,18000.0,0.0,0.0,0.0,0.0,0.0,0.0,0.0,0.0,0.0,0.0,-0.0,-0.0,0.0,0.0,0.0,0.0,0.0,-0.0,0.0,0.0,0.0,0.0,0.0,0.0,0.0,0.0,0.0,4.0,0.0,0.0
11910960,297.4111633300781,303.1499938964844,285.1499938964844,0.0,-0.0,291.1514587402344,0.0,0.0,9.519646846456452e-05,297.5804748535156,303.1499938964844,285.1499938964844,0.0,-0.0,291.1517639160156,0.0,0.0,0.0001002465214696,297.5800476074219,303.1499938964844,285.1499938964844,0.0,-0.0,291.1518249511719,0.0,0.0,7.404175266856328e-05,297.5008544921875,303.1499938964844,285.1499938964844,0.0,-0.0,291.1517944335937,0.0,0.0,0.0001002465287456,297.6817321777344,303.1499938964844,285.1499938964844,0.0,-0.0,291.15155029296875,0.0,0.0,0.0004755261470563,291.1573486328125,294.1499938964844,285.57879638671875,285.0519714355469,287.7094421386719,285.6351318359375,291.00250244140625,0.0,0.0,0.0,0.0,1.0,1.0,-0.0010143888648599,7.54647722089885e-09,0.0010143814142793,-0.0188221521675586,0.0,0.0,0.0,-0.0085539342835545,60.0,-3.778869152069092,-0.0,-7.015644598595827e-08,0.0,293.1499938964844,293.1499938964844,293.1499938964844,293.1499938964844,293.1499938964844,293.1499938964844,278.1499938964844,0.0,18000.0,313.1499938964844,0.0,18000.0,0.0,0.0,0.0,0.0,0.0,0.0,0.0,0.0,0.0,0.0,-0.0,-0.0,0.0,0.0,0.0,0.0,0.0,-0.0,0.0,0.0,0.0,0.0,0.0,0.0,0.0,0.0,0.0,4.0,0.0,0.0
11911020,297.41485595703125,303.1499938964844,285.1499938964844,0.0,-0.0,291.1510314941406,0.0,0.0,9.48691085795872e-05,297.579345703125,303.1499938964844,285.1499938964844,0.0,-0.0,291.1513366699219,0.0,0.0,9.990179387386888e-05,297.5794677734375,303.1499938964844,285.1499938964844,0.0,-0.0,291.1513977050781,0.0,0.0,7.378713780781254e-05,297.49176025390625,303.1499938964844,285.1499938964844,0.0,-0.0,291.1513671875,0.0,0.0,9.990180842578412e-05,297.6810607910156,303.1499938964844,285.1499938964844,0.0,-0.0,291.151123046875,0.0,0.0,0.0004738909192383,291.1566162109375,294.1499938964844,285.5581359863281,285.0189208984375,287.6710510253906,285.6173400878906,290.9998474121094,0.0,0.0,0.0,0.0,1.0,1.0,-0.0010108995484188,7.138472479795155e-09,0.0010108924470841,-0.017753517255187,0.0,0.0,0.0,-0.0083516677841544,60.0,-3.777677059173584,-0.0,-6.96746340622667e-08,0.0,293.1499938964844,293.1499938964844,293.1499938964844,293.1499938964844,293.1499938964844,293.1499938964844,278.1499938964844,0.0,18000.0,313.1499938964844,0.0,18000.0,0.0,0.0,0.0,0.0,0.0,0.0,0.0,0.0,0.0,0.0,-0.0,-0.0,0.0,0.0,0.0,0.0,0.0,-0.0,0.0,0.0,0.0,0.0,0.0,0.0,0.0,0.0,0.0,4.0,0.0,0.0
11911080,297.41485595703125,303.1499938964844,285.1499938964844,0.0,-0.0,291.1510314941406,0.0,0.0,9.48691085795872e-05,297.579345703125,303.1499938964844,285.1499938964844,0.0,-0.0,291.1513366699219,0.0,0.0,9.990179387386888e-05,297.5794677734375,303.1499938964844,285.1499938964844,0.0,-0.0,291.1513977050781,0.0,0.0,7.378713780781254e-05,297.49176025390625,303.1499938964844,285.1499938964844,0.0,-0.0,291.1513671875,0.0,0.0,9.990180842578412e-05,297.6810607910156,303.1499938964844,285.1499938964844,0.0,-0.0,291.151123046875,0.0,0.0,0.0004738909192383,291.1566162109375,294.1499938964844,285.5581359863281,285.0189208984375,287.6710510253906,285.6173400878906,290.9998474121094,0.0,0.0,0.0,0.0,1.0,1.0,-0.0010108995484188,7.138472479795155e-09,0.0010108924470841,-0.017753517255187,0.0,0.0,0.0,-0.0083516677841544,60.0,-3.777677059173584,-0.0,-6.96746340622667e-08,0.0,293.1499938964844,293.1499938964844,293.1499938964844,293.1499938964844,293.1499938964844,293.1499938964844,278.1499938964844,0.0,18000.0,313.1499938964844,0.0,18000.0,0.0,0.0,0.0,0.0,0.0,0.0,0.0,0.0,0.0,0.0,-0.0,-0.0,0.0,0.0,0.0,0.0,0.0,-0.0,0.0,0.0,0.0,0.0,0.0,0.0,0.0,0.0,0.0,4.0,0.0,0.0
11911140,297.4183959960937,303.1499938964844,285.1499938964844,0.0,-0.0,291.15057373046875,0.0,0.0,9.457679698243736e-05,297.578125,303.1499938964844,285.1499938964844,0.0,-0.0,291.15087890625,0.0,0.0,9.959397721104324e-05,297.5787353515625,303.1499938964844,285.1499938964844,0.0,-0.0,291.15093994140625,0.0,0.0,7.355978596024215e-05,297.4830017089844,303.1499938964844,285.1499938964844,0.0,-0.0,291.1509094238281,0.0,0.0,9.959398448700084e-05,297.6802673339844,303.1499938964844,285.1499938964844,0.0,-0.0,291.1506652832031,0.0,0.0,0.0004724307509604,291.1558837890625,294.1499938964844,285.53765869140625,284.9864196777344,287.63311767578125,285.5997314453125,290.9971923828125,0.0,0.0,0.0,0.0,1.0,1.0,-0.0010077836923301,6.7741385834096945e-09,0.0010077769402414,-0.0167992152273654,0.0,0.0,0.0,-0.0081710517406463,60.0,-3.777642965316773,-0.0,-6.924579309952605e-08,0.0,293.1499938964844,293.1499938964844,293.1499938964844,293.1499938964844,293.1499938964844,293.1499938964844,278.1499938964844,0.0,18000.0,313.1499938964844,0.0,18000.0,0.0,0.0,0.0,0.0,0.0,0.0,0.0,0.0,0.0,0.0,-0.0,-0.0,0.0,0.0,0.0,0.0,0.0,-0.0,0.0,0.0,0.0,0.0,0.0,0.0,0.0,0.0,0.0,4.0,0.0,0.0
11911200,297.4183959960937,303.1499938964844,285.1499938964844,0.0,-0.0,291.15057373046875,0.0,0.0,9.457679698243736e-05,297.578125,303.1499938964844,285.1499938964844,0.0,-0.0,291.15087890625,0.0,0.0,9.959397721104324e-05,297.5787353515625,303.1499938964844,285.1499938964844,0.0,-0.0,291.15093994140625,0.0,0.0,7.355978596024215e-05,297.4830017089844,303.1499938964844,285.1499938964844,0.0,-0.0,291.1509094238281,0.0,0.0,9.959398448700084e-05,297.6802673339844,303.1499938964844,285.1499938964844,0.0,-0.0,291.1506652832031,0.0,0.0,0.0004724307509604,291.1558837890625,294.1499938964844,285.53765869140625,284.9864196777344,287.63311767578125,285.5997314453125,290.9971923828125,0.0,0.0,0.0,0.0,1.0,1.0,-0.0010077836923301,6.7741385834096945e-09,0.0010077769402414,-0.0167992152273654,0.0,0.0,0.0,-0.0081710517406463,60.0,-3.777642965316773,-0.0,-6.924579309952605e-08,0.0,293.1499938964844,293.1499938964844,293.1499938964844,293.1499938964844,293.1499938964844,293.1499938964844,278.1499938964844,0.0,18000.0,313.1499938964844,0.0,18000.0,0.0,0.0,0.0,0.0,0.0,0.0,0.0,0.0,0.0,0.0,-0.0,-0.0,0.0,0.0,0.0,0.0,0.0,-0.0,0.0,0.0,0.0,0.0,0.0,0.0,0.0,0.0,0.0,4.0,0.0,0.0
11911260,297.4218139648437,303.1499938964844,285.1499938964844,0.0,-0.0,291.1501159667969,0.0,0.0,9.43201084737666e-05,297.5767822265625,303.1499938964844,285.1499938964844,0.0,-0.0,291.1504211425781,0.0,0.0,9.932366810971872e-05,297.57781982421875,303.1499938964844,285.1499938964844,0.0,-0.0,291.1504821777344,0.0,0.0,7.336014095926657e-05,297.4747619628906,303.1499938964844,285.1499938964844,0.0,-0.0,291.1504211425781,0.0,0.0,9.932368266163394e-05,297.6794128417969,303.1499938964844,285.1499938964844,0.0,-0.0,291.15020751953125,0.0,0.0,0.0004711485526058,291.1551208496094,294.1499938964844,285.51739501953125,284.9545288085937,287.5956115722656,285.5823059082031,290.9945373535156,0.0,0.0,0.0,0.0,1.0,1.0,-0.0010050473501905,6.454194956262427e-09,0.0010050409473478,-0.0159611459821462,0.0,0.0,0.0,-0.0080124409869313,60.0,-3.778796911239624,-0.0,-6.887029257995891e-08,0.0,293.1499938964844,293.1499938964844,293.1499938964844,293.1499938964844,293.1499938964844,293.1499938964844,278.1499938964844,0.0,18000.0,313.1499938964844,0.0,18000.0,0.0,0.0,0.0,0.0,0.0,0.0,0.0,0.0,0.0,0.0,-0.0,-0.0,0.0,0.0,0.0,0.0,0.0,-0.0,0.0,0.0,0.0,0.0,0.0,0.0,0.0,0.0,0.0,4.0,0.0,0.0
11911320,297.4218139648437,303.1499938964844,285.1499938964844,0.0,-0.0,291.1501159667969,0.0,0.0,9.43201084737666e-05,297.5767822265625,303.1499938964844,285.1499938964844,0.0,-0.0,291.1504211425781,0.0,0.0,9.932366810971872e-05,297.57781982421875,303.1499938964844,285.1499938964844,0.0,-0.0,291.1504821777344,0.0,0.0,7.336014095926657e-05,297.4747619628906,303.1499938964844,285.1499938964844,0.0,-0.0,291.1504211425781,0.0,0.0,9.932368266163394e-05,297.6794128417969,303.1499938964844,285.1499938964844,0.0,-0.0,291.15020751953125,0.0,0.0,0.0004711485526058,291.1551208496094,294.1499938964844,285.51739501953125,284.9545288085937,287.5956115722656,285.5823059082031,290.9945373535156,0.0,0.0,0.0,0.0,1.0,1.0,-0.0010050473501905,6.454194956262427e-09,0.0010050409473478,-0.0159611459821462,0.0,0.0,0.0,-0.0080124409869313,60.0,-3.778796911239624,-0.0,-6.887029257995891e-08,0.0,293.1499938964844,293.1499938964844,293.1499938964844,293.1499938964844,293.1499938964844,293.1499938964844,278.1499938964844,0.0,18000.0,313.1499938964844,0.0,18000.0,0.0,0.0,0.0,0.0,0.0,0.0,0.0,0.0,0.0,0.0,-0.0,-0.0,0.0,0.0,0.0,0.0,0.0,-0.0,0.0,0.0,0.0,0.0,0.0,0.0,0.0,0.0,0.0,4.0,0.0,0.0
11911380,297.42498779296875,303.1499938964844,285.1499938964844,0.0,-0.0,291.149658203125,0.0,0.0,9.409847552888095e-05,297.5752868652344,303.1499938964844,285.1499938964844,0.0,-0.0,291.1499328613281,0.0,0.0,9.909027721732856e-05,297.57672119140625,303.1499938964844,285.1499938964844,0.0,-0.0,291.1499938964844,0.0,0.0,7.318775169551373e-05,297.4670715332031,303.1499938964844,285.1499938964844,0.0,-0.0,291.14996337890625,0.0,0.0,9.909028449328616e-05,297.678466796875,303.1499938964844,285.1499938964844,0.0,-0.0,291.1497497558594,0.0,0.0,0.0004700414137914,291.15435791015625,294.1499938964844,285.4974060058594,284.92340087890625,287.5585021972656,285.5650329589844,290.99188232421875,0.0,0.0,0.0,0.0,1.0,1.0,-0.0010026845848187,6.1779275029039135e-09,0.0010026784148067,-0.0152374561876058,0.0,0.0,0.0,-0.0078754825517535,60.0,-3.781134605407715,-0.0,-6.8546874842923e-08,0.0,293.1499938964844,293.1499938964844,293.1499938964844,293.1499938964844,293.1499938964844,293.1499938964844,278.1499938964844,0.0,18000.0,313.1499938964844,0.0,18000.0,0.0,0.0,0.0,0.0,0.0,0.0,0.0,0.0,0.0,0.0,-0.0,-0.0,0.0,0.0,0.0,0.0,0.0,-0.0,0.0,0.0,0.0,0.0,0.0,0.0,0.0,0.0,0.0,4.0,0.0,0.0
11911440,297.42498779296875,303.1499938964844,285.1499938964844,0.0,-0.0,291.149658203125,0.0,0.0,9.409847552888095e-05,297.5752868652344,303.1499938964844,285.1499938964844,0.0,-0.0,291.1499328613281,0.0,0.0,9.909027721732856e-05,297.57672119140625,303.1499938964844,285.1499938964844,0.0,-0.0,291.1499938964844,0.0,0.0,7.318775169551373e-05,297.4670715332031,303.1499938964844,285.1499938964844,0.0,-0.0,291.14996337890625,0.0,0.0,9.909028449328616e-05,297.678466796875,303.1499938964844,285.1499938964844,0.0,-0.0,291.1497497558594,0.0,0.0,0.0004700414137914,291.15435791015625,294.1499938964844,285.4974060058594,284.92340087890625,287.5585021972656,285.5650329589844,290.99188232421875,0.0,0.0,0.0,0.0,1.0,1.0,-0.0010026845848187,6.1779275029039135e-09,0.0010026784148067,-0.0152374561876058,0.0,0.0,0.0,-0.0078754825517535,60.0,-3.781134605407715,-0.0,-6.8546874842923e-08,0.0,293.1499938964844,293.1499938964844,293.1499938964844,293.1499938964844,293.1499938964844,293.1499938964844,278.1499938964844,0.0,18000.0,313.1499938964844,0.0,18000.0,0.0,0.0,0.0,0.0,0.0,0.0,0.0,0.0,0.0,0.0,-0.0,-0.0,0.0,0.0,0.0,0.0,0.0,-0.0,0.0,0.0,0.0,0.0,0.0,0.0,0.0,0.0,0.0,4.0,0.0,0.0
11911500,297.42645263671875,303.1499938964844,285.1499938964844,0.0,-0.0,291.1493835449219,0.0,0.0,9.400046110386028e-05,297.5744934082031,303.1499938964844,285.1499938964844,0.0,-0.0,291.1496887207031,0.0,0.0,9.898706775857136e-05,297.5760803222656,303.1499938964844,285.1499938964844,0.0,-0.0,291.1497497558594,0.0,0.0,7.311152148758993e-05,297.4634704589844,303.1499938964844,285.1499938964844,0.0,-0.0,291.14971923828125,0.0,0.0,9.898707503452896e-05,297.677978515625,303.1499938964844,285.1499938964844,0.0,-0.0,291.14947509765625,0.0,0.0,0.0004695518291555,291.1539611816406,294.1499938964844,285.48748779296875,284.9081726074219,287.5400695800781,285.55645751953125,290.99053955078125,0.0,0.0,0.0,0.0,1.0,1.0,-0.0010016397573053,6.055753232203642e-09,0.0010016337037086,-0.0149174109101295,0.0,0.0,0.0,-0.0078149149194359,60.0,-3.782749891281128,-0.0,-6.8404091280172e-08,0.0,293.1499938964844,293.1499938964844,293.1499938964844,293.1499938964844,293.1499938964844,293.1499938964844,278.1499938964844,0.0,18000.0,313.1499938964844,0.0,18000.0,0.0,0.0,0.0,0.0,0.0,0.0,0.0,0.0,0.0,0.0,-0.0,-0.0,0.0,0.0,0.0,0.0,0.0,-0.0,0.0,0.0,0.0,0.0,0.0,0.0,0.0,0.0,0.0,4.0,0.0,0.0
11911560,297.4278564453125,303.1499938964844,285.1499938964844,0.0,-0.0,291.1491394042969,0.0,0.0,9.391071216668934e-05,297.5736694335937,303.1499938964844,285.1499938964844,0.0,-0.0,291.1494445800781,0.0,0.0,9.889255306916311e-05,297.5754089355469,303.1499938964844,285.1499938964844,0.0,-0.0,291.1495056152344,0.0,0.0,7.304171595023945e-05,297.4600524902344,303.1499938964844,285.1499938964844,0.0,-0.0,291.1494445800781,0.0,0.0,9.889256034512071e-05,297.677490234375,303.1499938964844,285.1499938964844,0.0,-0.0,291.14923095703125,0.0,0.0,0.0004691035137511,291.153564453125,294.1499938964844,285.4776916503906,284.8931884765625,287.52178955078125,285.5478820800781,290.9892272949219,0.0,0.0,0.0,0.0,1.0,1.0,-0.0010006828233599,5.943866732138758e-09,0.0010006768861785,-0.014624310657382,0.0,0.0,0.0,-0.0077594476751983,60.0,-3.784645795822144,-0.0,-6.827346510362986e-08,0.0,293.1499938964844,293.1499938964844,293.1499938964844,293.1499938964844,293.1499938964844,293.1499938964844,278.1499938964844,0.0,18000.0,313.1499938964844,0.0,18000.0,0.0,0.0,0.0,0.0,0.0,0.0,0.0,0.0,0.0,0.0,-0.0,-0.0,0.0,0.0,0.0,0.0,0.0,-0.0,0.0,0.0,0.0,0.0,0.0,0.0,0.0,0.0,0.0,4.0,0.0,0.0
11911620,297.4304504394531,303.1499938964844,285.1499938964844,0.0,-0.0,291.1486511230469,0.0,0.0,9.37535587581806e-05,297.5719299316406,303.1499938964844,285.1499938964844,0.0,-0.0,291.14892578125,0.0,0.0,9.872706141322853e-05,297.573974609375,303.1499938964844,285.1499938964844,0.0,-0.0,291.14898681640625,0.0,0.0,7.291947986232117e-05,297.4535827636719,303.1499938964844,285.1499938964844,0.0,-0.0,291.1489562988281,0.0,0.0,9.872706868918613e-05,297.67645263671875,303.1499938964844,285.1499938964844,0.0,-0.0,291.14874267578125,0.0,0.0,0.0004683184961322,291.1527709960937,294.1499938964844,285.458251953125,284.8639831542969,287.48541259765625,285.5308532714844,290.9865417480469,0.0,0.0,0.0,0.0,1.0,1.0,-0.0009990072576329,5.747948783607626e-09,0.0009990014368668,-0.0141110708937048,0.0,0.0,0.0,-0.0076623223721981,60.0,-3.7891476154327393,-0.0,-6.8045025614083e-08,0.0,293.1499938964844,293.1499938964844,293.1499938964844,293.1499938964844,293.1499938964844,293.1499938964844,278.1499938964844,0.0,18000.0,313.1499938964844,0.0,18000.0,0.0,0.0,0.0,0.0,0.0,0.0,0.0,0.0,0.0,0.0,-0.0,-0.0,0.0,0.0,0.0,0.0,0.0,-0.0,0.0,0.0,0.0,0.0,0.0,0.0,0.0,0.0,0.0,4.0,0.0,0.0
11911680,297.4304504394531,303.1499938964844,285.1499938964844,0.0,-0.0,291.1486511230469,0.0,0.0,9.37535587581806e-05,297.5719299316406,303.1499938964844,285.1499938964844,0.0,-0.0,291.14892578125,0.0,0.0,9.872706141322853e-05,297.573974609375,303.1499938964844,285.1499938964844,0.0,-0.0,291.14898681640625,0.0,0.0,7.291947986232117e-05,297.4535827636719,303.1499938964844,285.1499938964844,0.0,-0.0,291.1489562988281,0.0,0.0,9.872706868918613e-05,297.67645263671875,303.1499938964844,285.1499938964844,0.0,-0.0,291.14874267578125,0.0,0.0,0.0004683184961322,291.1527709960937,294.1499938964844,285.458251953125,284.8639831542969,287.48541259765625,285.5308532714844,290.9865417480469,0.0,0.0,0.0,0.0,1.0,1.0,-0.0009990072576329,5.747948783607626e-09,0.0009990014368668,-0.0141110708937048,0.0,0.0,0.0,-0.0076623223721981,60.0,-3.7891476154327393,-0.0,-6.8045025614083e-08,0.0,293.1499938964844,293.1499938964844,293.1499938964844,293.1499938964844,293.1499938964844,293.1499938964844,278.1499938964844,0.0,18000.0,313.1499938964844,0.0,18000.0,0.0,0.0,0.0,0.0,0.0,0.0,0.0,0.0,0.0,0.0,-0.0,-0.0,0.0,0.0,0.0,0.0,0.0,-0.0,0.0,0.0,0.0,0.0,0.0,0.0,0.0,0.0,0.0,4.0,0.0,0.0
11911740,297.4325866699219,303.1499938964844,285.1499938964844,0.0,-0.0,291.14813232421875,0.0,0.0,9.362996934214608e-05,297.5701599121094,303.1499938964844,285.1499938964844,0.0,-0.0,291.1484375,0.0,0.0,9.85969163593836e-05,297.57244873046875,303.1499938964844,285.1499938964844,0.0,-0.0,291.14849853515625,0.0,0.0,7.282335718628019e-05,297.4479675292969,303.1499938964844,285.1499938964844,0.0,-0.0,291.1484375,0.0,0.0,9.859692363534124e-05,297.6754150390625,303.1499938964844,285.1499938964844,0.0,-0.0,291.1482238769531,0.0,0.0,0.0004677011456806,291.1520080566406,294.1499938964844,285.43994140625,284.8370361328125,287.4508361816406,285.5145568847656,290.9839782714844,0.0,0.0,0.0,0.0,1.0,1.0,-0.0009976894361898,5.5938640386443694e-09,0.0009976838482543,-0.0137074124068021,0.0,0.0,0.0,-0.0075859352946281,60.0,-3.794397592544556,-0.0,-6.786563488958566e-08,0.0,293.1499938964844,293.1499938964844,293.1499938964844,293.1499938964844,293.1499938964844,293.1499938964844,278.1499938964844,0.0,18000.0,313.1499938964844,0.0,18000.0,0.0,0.0,0.0,0.0,0.0,0.0,0.0,0.0,0.0,0.0,-0.0,-0.0,0.0,0.0,0.0,0.0,0.0,-0.0,0.0,0.0,0.0,0.0,0.0,0.0,0.0,0.0,0.0,4.0,0.0,0.0
11911800,297.4326477050781,303.1499938964844,285.1499938964844,0.0,-0.0,291.14813232421875,0.0,0.0,9.362535638501868e-05,297.570068359375,303.1499938964844,285.1499938964844,0.0,-0.0,291.1484069824219,0.0,0.0,9.859205601969734e-05,297.5723876953125,303.1499938964844,285.1499938964844,0.0,-0.0,291.1484680175781,0.0,0.0,7.28197701391764e-05,297.44775390625,303.1499938964844,285.1499938964844,0.0,-0.0,291.1484069824219,0.0,0.0,9.859206329565497e-05,297.6753845214844,303.1499938964844,285.1499938964844,0.0,-0.0,291.148193359375,0.0,0.0,0.0004676780954468,291.1519470214844,294.1499938964844,285.439208984375,284.8359375,287.44940185546875,285.5138854980469,290.98388671875,0.0,0.0,0.0,0.0,1.0,1.0,-0.0009976401925086,5.5881086424847134e-09,0.0009976346045732,-0.0136923352256417,0.0,0.0,0.0,-0.0075830821879208,60.0,-3.79463267326355,-0.0,-6.785893447158743e-08,0.0,293.1499938964844,293.1499938964844,293.1499938964844,293.1499938964844,293.1499938964844,293.1499938964844,278.1499938964844,0.0,18000.0,313.1499938964844,0.0,18000.0,0.0,0.0,0.0,0.0,0.0,0.0,0.0,0.0,0.0,0.0,-0.0,-0.0,0.0,0.0,0.0,0.0,0.0,-0.0,0.0,0.0,0.0,0.0,0.0,0.0,0.0,0.0,0.0,4.0,0.0,0.0
11911860,297.4344177246094,303.1499938964844,285.1499938964844,0.0,-0.0,291.1475830078125,0.0,0.0,9.352288179798052e-05,297.568115234375,303.1499938964844,285.1499938964844,0.0,-0.0,291.1478576660156,0.0,0.0,9.848414629232138e-05,297.57061767578125,303.1499938964844,285.1499938964844,0.0,-0.0,291.1479187011719,0.0,0.0,7.274006929947063e-05,297.4425048828125,303.1499938964844,285.1499938964844,0.0,-0.0,291.1478881835937,0.0,0.0,9.84841608442366e-05,297.6742553710937,303.1499938964844,285.1499938964844,0.0,-0.0,291.1476745605469,0.0,0.0,0.0004671662463806,291.151123046875,294.1499938964844,285.4205017089844,284.8092041015625,287.41375732421875,285.4969482421875,290.981201171875,0.0,0.0,0.0,0.0,1.0,1.0,-0.0009965472854673,5.460329077777715e-09,0.0009965418139472,-0.0133575834333896,0.0,0.0,0.0,-0.0075197359547019,60.0,-3.800953149795532,-0.0,-6.771035288011262e-08,0.0,293.1499938964844,293.1499938964844,293.1499938964844,293.1499938964844,293.1499938964844,293.1499938964844,278.1499938964844,0.0,18000.0,313.1499938964844,0.0,18000.0,0.0,0.0,0.0,0.0,0.0,0.0,0.0,0.0,0.0,0.0,-0.0,-0.0,0.0,0.0,0.0,0.0,0.0,-0.0,0.0,0.0,0.0,0.0,0.0,0.0,0.0,0.0,0.0,4.0,0.0,0.0
11911920,297.4344177246094,303.1499938964844,285.1499938964844,0.0,-0.0,291.1475830078125,0.0,0.0,9.352288179798052e-05,297.568115234375,303.1499938964844,285.1499938964844,0.0,-0.0,291.1478576660156,0.0,0.0,9.848414629232138e-05,297.57061767578125,303.1499938964844,285.1499938964844,0.0,-0.0,291.1479187011719,0.0,0.0,7.274006929947063e-05,297.4425048828125,303.1499938964844,285.1499938964844,0.0,-0.0,291.1478881835937,0.0,0.0,9.84841608442366e-05,297.6742553710937,303.1499938964844,285.1499938964844,0.0,-0.0,291.1476745605469,0.0,0.0,0.0004671662463806,291.151123046875,294.1499938964844,285.4205017089844,284.8092041015625,287.41375732421875,285.4969482421875,290.981201171875,0.0,0.0,0.0,0.0,1.0,1.0,-0.0009965472854673,5.460329077777715e-09,0.0009965418139472,-0.0133575834333896,0.0,0.0,0.0,-0.0075197359547019,60.0,-3.800953149795532,-0.0,-6.771035288011262e-08,0.0,293.1499938964844,293.1499938964844,293.1499938964844,293.1499938964844,293.1499938964844,293.1499938964844,278.1499938964844,0.0,18000.0,313.1499938964844,0.0,18000.0,0.0,0.0,0.0,0.0,0.0,0.0,0.0,0.0,0.0,0.0,-0.0,-0.0,0.0,0.0,0.0,0.0,0.0,-0.0,0.0,0.0,0.0,0.0,0.0,0.0,0.0,0.0,0.0,4.0,0.0,0.0
11911980,297.4356994628906,303.1499938964844,285.1499938964844,0.0,-0.0,291.14703369140625,0.0,0.0,9.344338468508796e-05,297.5660400390625,303.1499938964844,285.1499938964844,0.0,-0.0,291.1473083496094,0.0,0.0,9.84004291240126e-05,297.5687561035156,303.1499938964844,285.1499938964844,0.0,-0.0,291.1473693847656,0.0,0.0,7.26782382116653e-05,297.4378356933594,303.1499938964844,285.1499938964844,0.0,-0.0,291.1473083496094,0.0,0.0,9.84004363999702e-05,297.6731262207031,303.1499938964844,285.1499938964844,0.0,-0.0,291.1471252441406,0.0,0.0,0.000466769124614,291.1502685546875,294.1499938964844,285.4021911621094,284.7838439941406,287.3784484863281,285.4801025390625,290.978515625,0.0,0.0,0.0,0.0,1.0,1.0,-0.0009956991998478,5.3611706185563435e-09,0.000995693844743,-0.0130978096276521,0.0,0.0,0.0,-0.0074705784209072,60.0,-3.807982683181762,-0.0,-6.759516679721855e-08,0.0,293.1499938964844,293.1499938964844,293.1499938964844,293.1499938964844,293.1499938964844,293.1499938964844,278.1499938964844,0.0,18000.0,313.1499938964844,0.0,18000.0,0.0,0.0,0.0,0.0,0.0,0.0,0.0,0.0,0.0,0.0,-0.0,-0.0,0.0,0.0,0.0,0.0,0.0,-0.0,0.0,0.0,0.0,0.0,0.0,0.0,0.0,0.0,0.0,4.0,0.0,0.0
11912040,297.4356994628906,303.1499938964844,285.1499938964844,0.0,-0.0,291.14703369140625,0.0,0.0,9.344338468508796e-05,297.5660400390625,303.1499938964844,285.1499938964844,0.0,-0.0,291.1473083496094,0.0,0.0,9.84004291240126e-05,297.5687561035156,303.1499938964844,285.1499938964844,0.0,-0.0,291.1473693847656,0.0,0.0,7.26782382116653e-05,297.4378356933594,303.1499938964844,285.1499938964844,0.0,-0.0,291.1473083496094,0.0,0.0,9.84004363999702e-05,297.6731262207031,303.1499938964844,285.1499938964844,0.0,-0.0,291.1471252441406,0.0,0.0,0.000466769124614,291.1502685546875,294.1499938964844,285.4021911621094,284.7838439941406,287.3784484863281,285.4801025390625,290.978515625,0.0,0.0,0.0,0.0,1.0,1.0,-0.0009956991998478,5.3611706185563435e-09,0.000995693844743,-0.0130978096276521,0.0,0.0,0.0,-0.0074705784209072,60.0,-3.807982683181762,-0.0,-6.759516679721855e-08,0.0,293.1499938964844,293.1499938964844,293.1499938964844,293.1499938964844,293.1499938964844,293.1499938964844,278.1499938964844,0.0,18000.0,313.1499938964844,0.0,18000.0,0.0,0.0,0.0,0.0,0.0,0.0,0.0,0.0,0.0,0.0,-0.0,-0.0,0.0,0.0,0.0,0.0,0.0,-0.0,0.0,0.0,0.0,0.0,0.0,0.0,0.0,0.0,0.0,4.0,0.0,0.0
11912100,297.4361267089844,303.1499938964844,285.1499938964844,0.0,-0.0,291.1467590332031,0.0,0.0,9.341155964648352e-05,297.56494140625,303.1499938964844,285.1499938964844,0.0,-0.0,291.14703369140625,0.0,0.0,9.836691606324166e-05,297.5677795410156,303.1499938964844,285.1499938964844,0.0,-0.0,291.1470642089844,0.0,0.0,7.265348540386185e-05,297.4356994628906,303.1499938964844,285.1499938964844,0.0,-0.0,291.14703369140625,0.0,0.0,9.836692333919927e-05,297.67254638671875,303.1499938964844,285.1499938964844,0.0,-0.0,291.1468200683594,0.0,0.0,0.0004666101303882,291.1498413085937,294.1499938964844,285.3932189941406,284.7717590332031,287.36090087890625,285.4716796875,290.9771728515625,0.0,0.0,0.0,0.0,1.0,1.0,-0.0009953596163541,5.321466378660489e-09,0.0009953543776646,-0.0129937920719385,0.0,0.0,0.0,-0.007450895383954,60.0,-3.811734437942505,-0.0,-6.75490738899498e-08,0.0,293.1499938964844,293.1499938964844,293.1499938964844,293.1499938964844,293.1499938964844,293.1499938964844,278.1499938964844,0.0,18000.0,313.1499938964844,0.0,18000.0,0.0,0.0,0.0,0.0,0.0,0.0,0.0,0.0,0.0,0.0,-0.0,-0.0,0.0,0.0,0.0,0.0,0.0,-0.0,0.0,0.0,0.0,0.0,0.0,0.0,0.0,0.0,0.0,4.0,0.0,0.0
11912160,297.4364013671875,303.1499938964844,285.1499938964844,0.0,-0.0,291.1464538574219,0.0,0.0,9.33847768465057e-05,297.5638427734375,303.1499938964844,285.1499938964844,0.0,-0.0,291.146728515625,0.0,0.0,9.833871445152909e-05,297.5667419433594,303.1499938964844,285.1499938964844,0.0,-0.0,291.14678955078125,0.0,0.0,7.263265433721244e-05,297.4337463378906,303.1499938964844,285.1499938964844,0.0,-0.0,291.1467590332031,0.0,0.0,9.83387217274867e-05,297.6719665527344,303.1499938964844,285.1499938964844,0.0,-0.0,291.14654541015625,0.0,0.0,0.0004664763691835,291.1494140625,294.1499938964844,285.38433837890625,284.76007080078125,287.3434753417969,285.4632568359375,290.975830078125,0.0,0.0,0.0,0.0,1.0,1.0,-0.000995073816739,5.288048221530062e-09,0.0009950684616342,-0.0129062430933117,0.0,0.0,0.0,-0.0074343280866742,60.0,-3.815624952316284,-0.0,-6.751029246743201e-08,0.0,293.1499938964844,293.1499938964844,293.1499938964844,293.1499938964844,293.1499938964844,293.1499938964844,278.1499938964844,0.0,18000.0,313.1499938964844,0.0,18000.0,0.0,0.0,0.0,0.0,0.0,0.0,0.0,0.0,0.0,0.0,-0.0,-0.0,0.0,0.0,0.0,0.0,0.0,-0.0,0.0,0.0,0.0,0.0,0.0,0.0,0.0,0.0,0.0,4.0,0.0,0.0
11912220,297.4365539550781,303.1499938964844,285.1499938964844,0.0,-0.0,291.1458740234375,0.0,0.0,9.33445116970688e-05,297.56158447265625,303.1499938964844,285.1499938964844,0.0,-0.0,291.1461486816406,0.0,0.0,9.829631017055362e-05,297.56463623046875,303.1499938964844,285.1499938964844,0.0,-0.0,291.1462097167969,0.0,0.0,7.260133133968338e-05,297.4301452636719,303.1499938964844,285.1499938964844,0.0,-0.0,291.1461486816406,0.0,0.0,9.829632472246884e-05,297.6707458496094,303.1499938964844,285.1499938964844,0.0,-0.0,291.1459655761719,0.0,0.0,0.0004662752326112,291.1485290527344,294.1499938964844,285.3669128417969,284.7379455566406,287.3088073730469,285.4465026855469,290.97314453125,0.0,0.0,0.0,0.0,1.0,1.0,-0.0009946438949555,5.237778211153454e-09,0.000994638656266,-0.0127745438367128,0.0,0.0,0.0,-0.0074094068259,60.0,-3.823727369308472,-0.0,-6.745196401425346e-08,0.0,293.1499938964844,293.1499938964844,293.1499938964844,293.1499938964844,293.1499938964844,293.1499938964844,278.1499938964844,0.0,18000.0,313.1499938964844,0.0,18000.0,0.0,0.0,0.0,0.0,0.0,0.0,0.0,0.0,0.0,0.0,-0.0,-0.0,0.0,0.0,0.0,0.0,0.0,-0.0,0.0,0.0,0.0,0.0,0.0,0.0,0.0,0.0,0.0,4.0,0.0,0.0
11912280,297.4365539550781,303.1499938964844,285.1499938964844,0.0,-0.0,291.1458740234375,0.0,0.0,9.33445116970688e-05,297.56158447265625,303.1499938964844,285.1499938964844,0.0,-0.0,291.1461486816406,0.0,0.0,9.829631017055362e-05,297.56463623046875,303.1499938964844,285.1499938964844,0.0,-0.0,291.1462097167969,0.0,0.0,7.260133133968338e-05,297.4301452636719,303.1499938964844,285.1499938964844,0.0,-0.0,291.1461486816406,0.0,0.0,9.829632472246884e-05,297.6707458496094,303.1499938964844,285.1499938964844,0.0,-0.0,291.1459655761719,0.0,0.0,0.0004662752326112,291.1485290527344,294.1499938964844,285.3669128417969,284.7379455566406,287.3088073730469,285.4465026855469,290.97314453125,0.0,0.0,0.0,0.0,1.0,1.0,-0.0009946438949555,5.237778211153454e-09,0.000994638656266,-0.0127745438367128,0.0,0.0,0.0,-0.0074094068259,60.0,-3.823727369308472,-0.0,-6.745196401425346e-08,0.0,293.1499938964844,293.1499938964844,293.1499938964844,293.1499938964844,293.1499938964844,293.1499938964844,278.1499938964844,0.0,18000.0,313.1499938964844,0.0,18000.0,0.0,0.0,0.0,0.0,0.0,0.0,0.0,0.0,0.0,0.0,-0.0,-0.0,0.0,0.0,0.0,0.0,0.0,-0.0,0.0,0.0,0.0,0.0,0.0,0.0,0.0,0.0,0.0,4.0,0.0,0.0
11912340,297.43603515625,303.1499938964844,285.1499938964844,0.0,-0.0,291.145263671875,0.0,0.0,9.332271292805672e-05,297.55926513671875,303.1499938964844,285.1499938964844,0.0,-0.0,291.1455383300781,0.0,0.0,9.827335452428088e-05,297.5624389648437,303.1499938964844,285.1499938964844,0.0,-0.0,291.1455993652344,0.0,0.0,7.258437835844234e-05,297.4271240234375,303.1499938964844,285.1499938964844,0.0,-0.0,291.14556884765625,0.0,0.0,9.827336180023848e-05,297.66949462890625,303.1499938964844,285.1499938964844,0.0,-0.0,291.1453552246094,0.0,0.0,0.0004661663260776,291.1476135253906,294.1499938964844,285.3500061035156,284.7176208496094,287.2744445800781,285.4297790527344,290.970458984375,0.0,0.0,0.0,0.0,1.0,1.0,-0.0009944107150658,5.210517795006808e-09,0.0009944054763764,-0.0127031253650784,0.0,0.0,0.0,-0.0073958924040198,60.0,-3.8322768211364746,-0.0,-6.74203519679395e-08,0.0,293.1499938964844,293.1499938964844,293.1499938964844,293.1499938964844,293.1499938964844,293.1499938964844,278.1499938964844,0.0,18000.0,313.1499938964844,0.0,18000.0,0.0,0.0,0.0,0.0,0.0,0.0,0.0,0.0,0.0,0.0,-0.0,-0.0,0.0,0.0,0.0,0.0,0.0,-0.0,0.0,0.0,0.0,0.0,0.0,0.0,0.0,0.0,0.0,4.0,0.0,0.0
11912400,297.43603515625,303.1499938964844,285.1499938964844,0.0,-0.0,291.145263671875,0.0,0.0,9.332271292805672e-05,297.55926513671875,303.1499938964844,285.1499938964844,0.0,-0.0,291.1455383300781,0.0,0.0,9.827335452428088e-05,297.5624389648437,303.1499938964844,285.1499938964844,0.0,-0.0,291.1455993652344,0.0,0.0,7.258437835844234e-05,297.4271240234375,303.1499938964844,285.1499938964844,0.0,-0.0,291.14556884765625,0.0,0.0,9.827336180023848e-05,297.66949462890625,303.1499938964844,285.1499938964844,0.0,-0.0,291.1453552246094,0.0,0.0,0.0004661663260776,291.1476135253906,294.1499938964844,285.3500061035156,284.7176208496094,287.2744445800781,285.4297790527344,290.970458984375,0.0,0.0,0.0,0.0,1.0,1.0,-0.0009944107150658,5.210517795006808e-09,0.0009944054763764,-0.0127031253650784,0.0,0.0,0.0,-0.0073958924040198,60.0,-3.8322768211364746,-0.0,-6.74203519679395e-08,0.0,293.1499938964844,293.1499938964844,293.1499938964844,293.1499938964844,293.1499938964844,293.1499938964844,278.1499938964844,0.0,18000.0,313.1499938964844,0.0,18000.0,0.0,0.0,0.0,0.0,0.0,0.0,0.0,0.0,0.0,0.0,-0.0,-0.0,0.0,0.0,0.0,0.0,0.0,-0.0,0.0,0.0,0.0,0.0,0.0,0.0,0.0,0.0,0.0,4.0,0.0,0.0
11912460,297.43487548828125,303.1499938964844,285.1499938964844,0.0,-0.0,291.1446533203125,0.0,0.0,9.331286855740473e-05,297.5568542480469,303.1499938964844,285.1499938964844,0.0,-0.0,291.1449279785156,0.0,0.0,9.826299356063828e-05,297.5601501464844,303.1499938964844,285.1499938964844,0.0,-0.0,291.1449890136719,0.0,0.0,7.257672405103222e-05,297.4245910644531,303.1499938964844,285.1499938964844,0.0,-0.0,291.1449279785156,0.0,0.0,9.826300083659588e-05,297.668212890625,303.1499938964844,285.1499938964844,0.0,-0.0,291.1447448730469,0.0,0.0,0.000466117169708,291.1466979980469,294.1499938964844,285.3348999023437,284.69976806640625,287.2404479980469,285.4132385253906,290.9677734375,0.0,0.0,0.0,0.0,1.0,1.0,-0.0009943048935383,5.198157904118261e-09,0.0009942997712641,-0.0126707451418042,0.0,0.0,0.0,-0.0073897652328014,60.0,-3.840773820877075,-0.0,-6.740602032095921e-08,0.0,293.1499938964844,293.1499938964844,293.1499938964844,293.1499938964844,293.1499938964844,293.1499938964844,278.1499938964844,0.0,18000.0,313.1499938964844,0.0,18000.0,0.0,0.0,0.0,0.0,0.0,0.0,0.0,0.0,0.0,0.0,-0.0,-0.0,0.0,0.0,0.0,0.0,0.0,-0.0,0.0,0.0,0.0,0.0,0.0,0.0,0.0,0.0,0.0,4.0,0.0,0.0
11912520,297.43487548828125,303.1499938964844,285.1499938964844,0.0,-0.0,291.1446533203125,0.0,0.0,9.331286855740473e-05,297.5568542480469,303.1499938964844,285.1499938964844,0.0,-0.0,291.1449279785156,0.0,0.0,9.826299356063828e-05,297.5601501464844,303.1499938964844,285.1499938964844,0.0,-0.0,291.1449890136719,0.0,0.0,7.257672405103222e-05,297.4245910644531,303.1499938964844,285.1499938964844,0.0,-0.0,291.1449279785156,0.0,0.0,9.826300083659588e-05,297.668212890625,303.1499938964844,285.1499938964844,0.0,-0.0,291.1447448730469,0.0,0.0,0.000466117169708,291.1466979980469,294.1499938964844,285.3348999023437,284.69976806640625,287.2404479980469,285.4132385253906,290.9677734375,0.0,0.0,0.0,0.0,1.0,1.0,-0.0009943048935383,5.198157904118261e-09,0.0009942997712641,-0.0126707451418042,0.0,0.0,0.0,-0.0073897652328014,60.0,-3.840773820877075,-0.0,-6.740602032095921e-08,0.0,293.1499938964844,293.1499938964844,293.1499938964844,293.1499938964844,293.1499938964844,293.1499938964844,278.1499938964844,0.0,18000.0,313.1499938964844,0.0,18000.0,0.0,0.0,0.0,0.0,0.0,0.0,0.0,0.0,0.0,0.0,-0.0,-0.0,0.0,0.0,0.0,0.0,0.0,-0.0,0.0,0.0,0.0,0.0,0.0,0.0,0.0,0.0,0.0,4.0,0.0,0.0
11912580,297.4332275390625,303.1499938964844,285.1499938964844,0.0,-0.0,291.14404296875,0.0,0.0,9.330819739261642e-05,297.55438232421875,303.1499938964844,285.1499938964844,0.0,-0.0,291.144287109375,0.0,0.0,9.825806773733348e-05,297.5577697753906,303.1499938964844,285.1499938964844,0.0,-0.0,291.14434814453125,0.0,0.0,7.257308607222512e-05,297.4223937988281,303.1499938964844,285.1499938964844,0.0,-0.0,291.1443176269531,0.0,0.0,9.825807501329108e-05,297.6668701171875,303.1499938964844,285.1499938964844,0.0,-0.0,291.14410400390625,0.0,0.0,0.0004660937993321,291.1457824707031,294.1499938964844,285.32275390625,284.6847839355469,287.206787109375,285.3973083496094,290.9650573730469,0.0,0.0,0.0,0.0,1.0,1.0,-0.0009942542528733,5.1922333099696524e-09,0.0009942490141838,-0.0126552237197756,0.0,0.0,0.0,-0.0073868278414011,60.0,-3.847928524017334,-0.0,-6.739914937270441e-08,0.0,293.1499938964844,293.1499938964844,293.1499938964844,293.1499938964844,293.1499938964844,293.1499938964844,278.1499938964844,0.0,18000.0,313.1499938964844,0.0,18000.0,0.0,0.0,0.0,0.0,0.0,0.0,0.0,0.0,0.0,0.0,-0.0,-0.0,0.0,0.0,0.0,0.0,0.0,-0.0,0.0,0.0,0.0,0.0,0.0,0.0,0.0,0.0,0.0,4.0,0.0,0.0
11912640,297.4332275390625,303.1499938964844,285.1499938964844,0.0,-0.0,291.14404296875,0.0,0.0,9.330819739261642e-05,297.55438232421875,303.1499938964844,285.1499938964844,0.0,-0.0,291.144287109375,0.0,0.0,9.825806773733348e-05,297.5577697753906,303.1499938964844,285.1499938964844,0.0,-0.0,291.14434814453125,0.0,0.0,7.257308607222512e-05,297.4223937988281,303.1499938964844,285.1499938964844,0.0,-0.0,291.1443176269531,0.0,0.0,9.825807501329108e-05,297.6668701171875,303.1499938964844,285.1499938964844,0.0,-0.0,291.14410400390625,0.0,0.0,0.0004660937993321,291.1457824707031,294.1499938964844,285.32275390625,284.6847839355469,287.206787109375,285.3973083496094,290.9650573730469,0.0,0.0,0.0,0.0,1.0,1.0,-0.0009942542528733,5.1922333099696524e-09,0.0009942490141838,-0.0126552237197756,0.0,0.0,0.0,-0.0073868278414011,60.0,-3.847928524017334,-0.0,-6.739914937270441e-08,0.0,293.1499938964844,293.1499938964844,293.1499938964844,293.1499938964844,293.1499938964844,293.1499938964844,278.1499938964844,0.0,18000.0,313.1499938964844,0.0,18000.0,0.0,0.0,0.0,0.0,0.0,0.0,0.0,0.0,0.0,0.0,-0.0,-0.0,0.0,0.0,0.0,0.0,0.0,-0.0,0.0,0.0,0.0,0.0,0.0,0.0,0.0,0.0,0.0,4.0,0.0,0.0
11912700,297.4322814941406,303.1499938964844,285.1499938964844,0.0,-0.0,291.1437072753906,0.0,0.0,9.330774628324434e-05,297.5531311035156,303.1499938964844,285.1499938964844,0.0,-0.0,291.1439819335937,0.0,0.0,9.825759480008855e-05,297.5565795898437,303.1499938964844,285.1499938964844,0.0,-0.0,291.1440124511719,0.0,0.0,7.257273682625964e-05,297.42138671875,303.1499938964844,285.1499938964844,0.0,-0.0,291.1439819335937,0.0,0.0,9.825760935200378e-05,297.66619873046875,303.1499938964844,285.1499938964844,0.0,-0.0,291.143798828125,0.0,0.0,0.000466091587441,291.1452941894531,294.1499938964844,285.3177185058594,284.6783142089844,287.1900939941406,285.38970947265625,290.9637145996094,0.0,0.0,0.0,0.0,1.0,1.0,-0.0009942491305992,5.1916320131795154e-09,0.0009942438919097,-0.012653648853302,0.0,0.0,0.0,-0.0073865298181772,60.0,-3.8508505821228014,-0.0,-6.739845304082337e-08,0.0,293.1499938964844,293.1499938964844,293.1499938964844,293.1499938964844,293.1499938964844,293.1499938964844,278.1499938964844,0.0,18000.0,313.1499938964844,0.0,18000.0,0.0,0.0,0.0,0.0,0.0,0.0,0.0,0.0,0.0,0.0,-0.0,-0.0,0.0,0.0,0.0,0.0,0.0,-0.0,0.0,0.0,0.0,0.0,0.0,0.0,0.0,0.0,0.0,4.0,0.0,0.0
11912760,297.4312744140625,303.1499938964844,285.1499938964844,0.0,-0.0,291.14337158203125,0.0,0.0,9.33084957068786e-05,297.5518798828125,303.1499938964844,285.1499938964844,0.0,-0.0,291.1436462402344,0.0,0.0,9.825838060351089e-05,297.55535888671875,303.1499938964844,285.1499938964844,0.0,-0.0,291.1436767578125,0.0,0.0,7.257331890286878e-05,297.42041015625,303.1499938964844,285.1499938964844,0.0,-0.0,291.1436462402344,0.0,0.0,9.825839515542611e-05,297.6654968261719,303.1499938964844,285.1499938964844,0.0,-0.0,291.1434631347656,0.0,0.0,0.0004660953127313,291.1448059082031,294.1499938964844,285.3133544921875,284.6724853515625,287.1735534667969,285.38238525390625,290.9623718261719,0.0,0.0,0.0,0.0,1.0,1.0,-0.0009942565811797,5.192513974350277e-09,0.0009942514589056,-0.0126559594646096,0.0,0.0,0.0,-0.007386967074126,60.0,-3.853373050689697,-0.0,-6.739947622236286e-08,0.0,293.1499938964844,293.1499938964844,293.1499938964844,293.1499938964844,293.1499938964844,293.1499938964844,278.1499938964844,0.0,18000.0,313.1499938964844,0.0,18000.0,0.0,0.0,0.0,0.0,0.0,0.0,0.0,0.0,0.0,0.0,-0.0,-0.0,0.0,0.0,0.0,0.0,0.0,-0.0,0.0,0.0,0.0,0.0,0.0,0.0,0.0,0.0,0.0,4.0,0.0,0.0
11912820,297.4290771484375,303.1499938964844,285.1499938964844,0.0,-0.0,291.1427307128906,0.0,0.0,9.331355249742046e-05,297.5493469238281,303.1499938964844,285.1499938964844,0.0,-0.0,291.1429748535156,0.0,0.0,9.826370660448448e-05,297.55291748046875,303.1499938964844,285.1499938964844,0.0,-0.0,291.1430358886719,0.0,0.0,7.257724791998044e-05,297.4186096191406,303.1499938964844,285.1499938964844,0.0,-0.0,291.1429748535156,0.0,0.0,9.826371388044208e-05,297.6640625,303.1499938964844,285.1499938964844,0.0,-0.0,291.1427917480469,0.0,0.0,0.0004661205457523,291.14385986328125,294.1499938964844,285.3065185546875,284.6627502441406,287.1407470703125,285.3687744140625,290.95965576171875,0.0,0.0,0.0,0.0,1.0,1.0,-0.0009943096665665,5.198717900611882e-09,0.000994304427877,-0.0126722119748592,0.0,0.0,0.0,-0.0073900423012673,60.0,-3.857267618179321,-0.0,-6.740666691484877e-08,0.0,293.1499938964844,293.1499938964844,293.1499938964844,293.1499938964844,293.1499938964844,293.1499938964844,278.1499938964844,0.0,18000.0,313.1499938964844,0.0,18000.0,0.0,0.0,0.0,0.0,0.0,0.0,0.0,0.0,0.0,0.0,-0.0,-0.0,0.0,0.0,0.0,0.0,0.0,-0.0,0.0,0.0,0.0,0.0,0.0,0.0,0.0,0.0,0.0,4.0,0.0,0.0
11912880,297.4290771484375,303.1499938964844,285.1499938964844,0.0,-0.0,291.1427307128906,0.0,0.0,9.331355249742046e-05,297.5493469238281,303.1499938964844,285.1499938964844,0.0,-0.0,291.1429748535156,0.0,0.0,9.826370660448448e-05,297.55291748046875,303.1499938964844,285.1499938964844,0.0,-0.0,291.1430358886719,0.0,0.0,7.257724791998044e-05,297.4186096191406,303.1499938964844,285.1499938964844,0.0,-0.0,291.1429748535156,0.0,0.0,9.826371388044208e-05,297.6640625,303.1499938964844,285.1499938964844,0.0,-0.0,291.1427917480469,0.0,0.0,0.0004661205457523,291.14385986328125,294.1499938964844,285.3065185546875,284.6627502441406,287.1407470703125,285.3687744140625,290.95965576171875,0.0,0.0,0.0,0.0,1.0,1.0,-0.0009943096665665,5.198717900611882e-09,0.000994304427877,-0.0126722119748592,0.0,0.0,0.0,-0.0073900423012673,60.0,-3.857267618179321,-0.0,-6.740666691484877e-08,0.0,293.1499938964844,293.1499938964844,293.1499938964844,293.1499938964844,293.1499938964844,293.1499938964844,278.1499938964844,0.0,18000.0,313.1499938964844,0.0,18000.0,0.0,0.0,0.0,0.0,0.0,0.0,0.0,0.0,0.0,0.0,-0.0,-0.0,0.0,0.0,0.0,0.0,0.0,-0.0,0.0,0.0,0.0,0.0,0.0,0.0,0.0,0.0,0.0,4.0,0.0,0.0
11912940,297.4266967773437,303.1499938964844,285.1499938964844,0.0,-0.0,291.1420288085937,0.0,0.0,9.332322952104732e-05,297.5467834472656,303.1499938964844,285.1499938964844,0.0,-0.0,291.1423034667969,0.0,0.0,9.827389294514433e-05,297.5504150390625,303.1499938964844,285.1499938964844,0.0,-0.0,291.142333984375,0.0,0.0,7.258477853611112e-05,297.4168701171875,303.1499938964844,285.1499938964844,0.0,-0.0,291.1423034667969,0.0,0.0,9.827390022110194e-05,297.66259765625,303.1499938964844,285.1499938964844,0.0,-0.0,291.1421203613281,0.0,0.0,0.0004661688872147,291.1428527832031,294.1499938964844,285.30206298828125,284.6553649902344,287.1083984375,285.35662841796875,290.9569702148437,0.0,0.0,0.0,0.0,1.0,1.0,-0.0009944119956344,5.2106798875684035e-09,0.0009944067569449,-0.012703550979495,0.0,0.0,0.0,-0.0073959724977612,60.0,-3.859652757644653,-0.0,-6.74205367090508e-08,0.0,293.1499938964844,293.1499938964844,293.1499938964844,293.1499938964844,293.1499938964844,293.1499938964844,278.1499938964844,0.0,18000.0,313.1499938964844,0.0,18000.0,0.0,0.0,0.0,0.0,0.0,0.0,0.0,0.0,0.0,0.0,-0.0,-0.0,0.0,0.0,0.0,0.0,0.0,-0.0,0.0,0.0,0.0,0.0,0.0,0.0,0.0,0.0,0.0,4.0,0.0,0.0
11913000,297.4266967773437,303.1499938964844,285.1499938964844,0.0,-0.0,291.1420288085937,0.0,0.0,9.332322952104732e-05,297.5467834472656,303.1499938964844,285.1499938964844,0.0,-0.0,291.1423034667969,0.0,0.0,9.827389294514433e-05,297.5504150390625,303.1499938964844,285.1499938964844,0.0,-0.0,291.142333984375,0.0,0.0,7.258477853611112e-05,297.4168701171875,303.1499938964844,285.1499938964844,0.0,-0.0,291.1423034667969,0.0,0.0,9.827390022110194e-05,297.66259765625,303.1499938964844,285.1499938964844,0.0,-0.0,291.1421203613281,0.0,0.0,0.0004661688872147,291.1428527832031,294.1499938964844,285.30206298828125,284.6553649902344,287.1083984375,285.35662841796875,290.9569702148437,0.0,0.0,0.0,0.0,1.0,1.0,-0.0009944119956344,5.2106798875684035e-09,0.0009944067569449,-0.012703550979495,0.0,0.0,0.0,-0.0073959724977612,60.0,-3.859652757644653,-0.0,-6.74205367090508e-08,0.0,293.1499938964844,293.1499938964844,293.1499938964844,293.1499938964844,293.1499938964844,293.1499938964844,278.1499938964844,0.0,18000.0,313.1499938964844,0.0,18000.0,0.0,0.0,0.0,0.0,0.0,0.0,0.0,0.0,0.0,0.0,-0.0,-0.0,0.0,0.0,0.0,0.0,0.0,-0.0,0.0,0.0,0.0,0.0,0.0,0.0,0.0,0.0,0.0,4.0,0.0,0.0
11913060,297.4241638183594,303.1499938964844,285.1499938964844,0.0,-0.0,291.141357421875,0.0,0.0,9.333735215477644e-05,297.5442199707031,303.1499938964844,285.1499938964844,0.0,-0.0,291.1416015625,0.0,0.0,9.828877227846532e-05,297.54791259765625,303.1499938964844,285.1499938964844,0.0,-0.0,291.1416320800781,0.0,0.0,7.259576523210853e-05,297.4152526855469,303.1499938964844,285.1499938964844,0.0,-0.0,291.1416015625,0.0,0.0,9.828877955442294e-05,297.6611022949219,303.1499938964844,285.1499938964844,0.0,-0.0,291.14141845703125,0.0,0.0,0.0004662394640035,291.141845703125,294.1499938964844,285.2997131347656,284.650146484375,287.0765991210937,285.3461303710937,290.9542541503906,0.0,0.0,0.0,0.0,1.0,1.0,-0.0009945617057383,5.228190769202001e-09,0.0009945564670488,-0.012749426998198,0.0,0.0,0.0,-0.0074046533554792,60.0,-3.860684633255005,-0.0,-6.744084402043883e-08,0.0,293.1499938964844,293.1499938964844,293.1499938964844,293.1499938964844,293.1499938964844,293.1499938964844,278.1499938964844,0.0,18000.0,313.1499938964844,0.0,18000.0,0.0,0.0,0.0,0.0,0.0,0.0,0.0,0.0,0.0,0.0,-0.0,-0.0,0.0,0.0,0.0,0.0,0.0,-0.0,0.0,0.0,0.0,0.0,0.0,0.0,0.0,0.0,0.0,4.0,0.0,0.0
11913120,297.4241638183594,303.1499938964844,285.1499938964844,0.0,-0.0,291.141357421875,0.0,0.0,9.333735215477644e-05,297.5442199707031,303.1499938964844,285.1499938964844,0.0,-0.0,291.1416015625,0.0,0.0,9.828877227846532e-05,297.54791259765625,303.1499938964844,285.1499938964844,0.0,-0.0,291.1416320800781,0.0,0.0,7.259576523210853e-05,297.4152526855469,303.1499938964844,285.1499938964844,0.0,-0.0,291.1416015625,0.0,0.0,9.828877955442294e-05,297.6611022949219,303.1499938964844,285.1499938964844,0.0,-0.0,291.14141845703125,0.0,0.0,0.0004662394640035,291.141845703125,294.1499938964844,285.2997131347656,284.650146484375,287.0765991210937,285.3461303710937,290.9542541503906,0.0,0.0,0.0,0.0,1.0,1.0,-0.0009945617057383,5.228190769202001e-09,0.0009945564670488,-0.012749426998198,0.0,0.0,0.0,-0.0074046533554792,60.0,-3.860684633255005,-0.0,-6.744084402043883e-08,0.0,293.1499938964844,293.1499938964844,293.1499938964844,293.1499938964844,293.1499938964844,293.1499938964844,278.1499938964844,0.0,18000.0,313.1499938964844,0.0,18000.0,0.0,0.0,0.0,0.0,0.0,0.0,0.0,0.0,0.0,0.0,-0.0,-0.0,0.0,0.0,0.0,0.0,0.0,-0.0,0.0,0.0,0.0,0.0,0.0,0.0,0.0,0.0,0.0,4.0,0.0,0.0
11913180,297.42144775390625,303.1499938964844,285.1499938964844,0.0,-0.0,291.140625,0.0,0.0,9.335577487945557e-05,297.5416564941406,303.1499938964844,285.1499938964844,0.0,-0.0,291.1408996582031,0.0,0.0,9.830816998146474e-05,297.54541015625,303.1499938964844,285.1499938964844,0.0,-0.0,291.14093017578125,0.0,0.0,7.261009159265086e-05,297.4136962890625,303.1499938964844,285.1499938964844,0.0,-0.0,291.1408996582031,0.0,0.0,9.830817725742236e-05,297.6595458984375,303.1499938964844,285.1499938964844,0.0,-0.0,291.1407165527344,0.0,0.0,0.0004663314903154,291.1408386230469,294.1499938964844,285.29931640625,284.6469116210937,287.0452880859375,285.3373107910156,290.9515380859375,0.0,0.0,0.0,0.0,1.0,1.0,-0.0009947572834789,5.251056034438761e-09,0.0009947520447894,-0.0128093296661973,0.0,0.0,0.0,-0.0074159884825348,60.0,-3.860498189926148,-0.0,-6.746736858076474e-08,0.0,293.1499938964844,293.1499938964844,293.1499938964844,293.1499938964844,293.1499938964844,293.1499938964844,278.1499938964844,0.0,18000.0,313.1499938964844,0.0,18000.0,0.0,0.0,0.0,0.0,0.0,0.0,0.0,0.0,0.0,0.0,-0.0,-0.0,0.0,0.0,0.0,0.0,0.0,-0.0,0.0,0.0,0.0,0.0,0.0,0.0,0.0,0.0,0.0,4.0,0.0,0.0
11913240,297.42144775390625,303.1499938964844,285.1499938964844,0.0,-0.0,291.140625,0.0,0.0,9.335577487945557e-05,297.5416564941406,303.1499938964844,285.1499938964844,0.0,-0.0,291.1408996582031,0.0,0.0,9.830816998146474e-05,297.54541015625,303.1499938964844,285.1499938964844,0.0,-0.0,291.14093017578125,0.0,0.0,7.261009159265086e-05,297.4136962890625,303.1499938964844,285.1499938964844,0.0,-0.0,291.1408996582031,0.0,0.0,9.830817725742236e-05,297.6595458984375,303.1499938964844,285.1499938964844,0.0,-0.0,291.1407165527344,0.0,0.0,0.0004663314903154,291.1408386230469,294.1499938964844,285.29931640625,284.6469116210937,287.0452880859375,285.3373107910156,290.9515380859375,0.0,0.0,0.0,0.0,1.0,1.0,-0.0009947572834789,5.251056034438761e-09,0.0009947520447894,-0.0128093296661973,0.0,0.0,0.0,-0.0074159884825348,60.0,-3.860498189926148,-0.0,-6.746736858076474e-08,0.0,293.1499938964844,293.1499938964844,293.1499938964844,293.1499938964844,293.1499938964844,293.1499938964844,278.1499938964844,0.0,18000.0,313.1499938964844,0.0,18000.0,0.0,0.0,0.0,0.0,0.0,0.0,0.0,0.0,0.0,0.0,-0.0,-0.0,0.0,0.0,0.0,0.0,0.0,-0.0,0.0,0.0,0.0,0.0,0.0,0.0,0.0,0.0,0.0,4.0,0.0,0.0
11913300,297.4200439453125,303.1499938964844,285.1499938964844,0.0,-0.0,291.1402893066406,0.0,0.0,9.3366572400555e-05,297.5403747558594,303.1499938964844,285.1499938964844,0.0,-0.0,291.1405334472656,0.0,0.0,9.83195350272581e-05,297.5441589355469,303.1499938964844,285.1499938964844,0.0,-0.0,291.1405639648437,0.0,0.0,7.261848804773763e-05,297.4129638671875,303.1499938964844,285.1499938964844,0.0,-0.0,291.1405334472656,0.0,0.0,9.831954230321573e-05,297.65875244140625,303.1499938964844,285.1499938964844,0.0,-0.0,291.1403503417969,0.0,0.0,0.0004663854197133,291.14031982421875,294.1499938964844,285.2997741699219,284.64599609375,287.0298767089844,285.3335876464844,290.9501953125,0.0,0.0,0.0,0.0,1.0,1.0,-0.0009948718361556,5.264459090881246e-09,0.0009948665974661,-0.012844443321228,0.0,0.0,0.0,-0.0074226330034434,60.0,-3.859974384307861,-0.0,-6.748291525582317e-08,0.0,293.1499938964844,293.1499938964844,293.1499938964844,293.1499938964844,293.1499938964844,293.1499938964844,278.1499938964844,0.0,18000.0,313.1499938964844,0.0,18000.0,0.0,0.0,0.0,0.0,0.0,0.0,0.0,0.0,0.0,0.0,-0.0,-0.0,0.0,0.0,0.0,0.0,0.0,-0.0,0.0,0.0,0.0,0.0,0.0,0.0,0.0,0.0,0.0,4.0,0.0,0.0
11913360,297.41864013671875,303.1499938964844,285.1499938964844,0.0,-0.0,291.1399230957031,0.0,0.0,9.337834489997476e-05,297.5390930175781,303.1499938964844,285.1499938964844,0.0,-0.0,291.1401672363281,0.0,0.0,9.833193325903268e-05,297.5428771972656,303.1499938964844,285.1499938964844,0.0,-0.0,291.14019775390625,0.0,0.0,7.262764120241627e-05,297.4122314453125,303.1499938964844,285.1499938964844,0.0,-0.0,291.1401672363281,0.0,0.0,9.833194053499028e-05,297.657958984375,303.1499938964844,285.1499938964844,0.0,-0.0,291.1399841308594,0.0,0.0,0.0004664442094508,291.1398010253906,294.1499938964844,285.3006591796875,284.6455078125,287.0145874023437,285.3302917480469,290.9488220214844,0.0,0.0,0.0,0.0,1.0,1.0,-0.0009949968662112,5.279078951758721e-09,0.0009949916275218,-0.0128827448934316,0.0,0.0,0.0,-0.0074298805557191,60.0,-3.859209060668945,-0.0,-6.749988301635312e-08,0.0,293.1499938964844,293.1499938964844,293.1499938964844,293.1499938964844,293.1499938964844,293.1499938964844,278.1499938964844,0.0,18000.0,313.1499938964844,0.0,18000.0,0.0,0.0,0.0,0.0,0.0,0.0,0.0,0.0,0.0,0.0,-0.0,-0.0,0.0,0.0,0.0,0.0,0.0,-0.0,0.0,0.0,0.0,0.0,0.0,0.0,0.0,0.0,0.0,4.0,0.0,0.0
11913420,297.41571044921875,303.1499938964844,285.1499938964844,0.0,-0.0,291.13916015625,0.0,0.0,9.34048293856904e-05,297.5364990234375,303.1499938964844,285.1499938964844,0.0,-0.0,291.139404296875,0.0,0.0,9.835982928052545e-05,297.54034423828125,303.1499938964844,285.1499938964844,0.0,-0.0,291.13946533203125,0.0,0.0,7.264824671437964e-05,297.4107971191406,303.1499938964844,285.1499938964844,0.0,-0.0,291.1394348144531,0.0,0.0,9.835983655648306e-05,297.6563415527344,303.1499938964844,285.1499938964844,0.0,-0.0,291.1392517089844,0.0,0.0,0.0004665765154641,291.1387634277344,294.1499938964844,285.3034973144531,284.645751953125,286.98443603515625,285.324951171875,290.94610595703125,0.0,0.0,0.0,0.0,1.0,1.0,-0.0009952783584594,5.311996176260436e-09,0.0009952731197699,-0.0129689825698733,0.0,0.0,0.0,-0.0074461991898715,60.0,-3.857001781463623,-0.0,-6.75380817938276e-08,0.0,293.1499938964844,293.1499938964844,293.1499938964844,293.1499938964844,293.1499938964844,293.1499938964844,278.1499938964844,0.0,18000.0,313.1499938964844,0.0,18000.0,0.0,0.0,0.0,0.0,0.0,0.0,0.0,0.0,0.0,0.0,-0.0,-0.0,0.0,0.0,0.0,0.0,0.0,-0.0,0.0,0.0,0.0,0.0,0.0,0.0,0.0,0.0,0.0,4.0,0.0,0.0
11913480,297.41571044921875,303.1499938964844,285.1499938964844,0.0,-0.0,291.13916015625,0.0,0.0,9.34048293856904e-05,297.5364990234375,303.1499938964844,285.1499938964844,0.0,-0.0,291.139404296875,0.0,0.0,9.835982928052545e-05,297.54034423828125,303.1499938964844,285.1499938964844,0.0,-0.0,291.13946533203125,0.0,0.0,7.264824671437964e-05,297.4107971191406,303.1499938964844,285.1499938964844,0.0,-0.0,291.1394348144531,0.0,0.0,9.835983655648306e-05,297.6563415527344,303.1499938964844,285.1499938964844,0.0,-0.0,291.1392517089844,0.0,0.0,0.0004665765154641,291.1387634277344,294.1499938964844,285.3034973144531,284.645751953125,286.98443603515625,285.324951171875,290.94610595703125,0.0,0.0,0.0,0.0,1.0,1.0,-0.0009952783584594,5.311996176260436e-09,0.0009952731197699,-0.0129689825698733,0.0,0.0,0.0,-0.0074461991898715,60.0,-3.857001781463623,-0.0,-6.75380817938276e-08,0.0,293.1499938964844,293.1499938964844,293.1499938964844,293.1499938964844,293.1499938964844,293.1499938964844,278.1499938964844,0.0,18000.0,313.1499938964844,0.0,18000.0,0.0,0.0,0.0,0.0,0.0,0.0,0.0,0.0,0.0,0.0,-0.0,-0.0,0.0,0.0,0.0,0.0,0.0,-0.0,0.0,0.0,0.0,0.0,0.0,0.0,0.0,0.0,0.0,4.0,0.0,0.0
11913540,297.4126892089844,303.1499938964844,285.1499938964844,0.0,-0.0,291.138427734375,0.0,0.0,9.343506098957732e-05,297.533935546875,303.1499938964844,285.1499938964844,0.0,-0.0,291.138671875,0.0,0.0,9.83916615950875e-05,297.5378112792969,303.1499938964844,285.1499938964844,0.0,-0.0,291.1387023925781,0.0,0.0,7.267175533343107e-05,297.4093933105469,303.1499938964844,285.1499938964844,0.0,-0.0,291.138671875,0.0,0.0,9.839166887104513e-05,297.6546630859375,303.1499938964844,285.1499938964844,0.0,-0.0,291.13848876953125,0.0,0.0,0.0004667275352403,291.1376953125,294.1499938964844,285.30767822265625,284.6474304199219,286.954833984375,285.3212890625,290.9433898925781,0.0,0.0,0.0,0.0,1.0,1.0,-0.000995599781163,5.349575449287158e-09,0.0009955944260582,-0.0130674326792359,0.0,0.0,0.0,-0.0074648289009928,60.0,-3.853958129882813,-0.0,-6.758170911780327e-08,0.0,293.1499938964844,293.1499938964844,293.1499938964844,293.1499938964844,293.1499938964844,293.1499938964844,278.1499938964844,0.0,18000.0,313.1499938964844,0.0,18000.0,0.0,0.0,0.0,0.0,0.0,0.0,0.0,0.0,0.0,0.0,-0.0,-0.0,0.0,0.0,0.0,0.0,0.0,-0.0,0.0,0.0,0.0,0.0,0.0,0.0,0.0,0.0,0.0,4.0,0.0,0.0
11913600,297.4126892089844,303.1499938964844,285.1499938964844,0.0,-0.0,291.138427734375,0.0,0.0,9.343506098957732e-05,297.533935546875,303.1499938964844,285.1499938964844,0.0,-0.0,291.138671875,0.0,0.0,9.83916615950875e-05,297.5378112792969,303.1499938964844,285.1499938964844,0.0,-0.0,291.1387023925781,0.0,0.0,7.267175533343107e-05,297.4093933105469,303.1499938964844,285.1499938964844,0.0,-0.0,291.138671875,0.0,0.0,9.839166887104513e-05,297.6546630859375,303.1499938964844,285.1499938964844,0.0,-0.0,291.13848876953125,0.0,0.0,0.0004667275352403,291.1376953125,294.1499938964844,285.30767822265625,284.6474304199219,286.954833984375,285.3212890625,290.9433898925781,0.0,0.0,0.0,0.0,1.0,1.0,-0.000995599781163,5.349575449287158e-09,0.0009955944260582,-0.0130674326792359,0.0,0.0,0.0,-0.0074648289009928,60.0,-3.853958129882813,-0.0,-6.758170911780327e-08,0.0,293.1499938964844,293.1499938964844,293.1499938964844,293.1499938964844,293.1499938964844,293.1499938964844,278.1499938964844,0.0,18000.0,313.1499938964844,0.0,18000.0,0.0,0.0,0.0,0.0,0.0,0.0,0.0,0.0,0.0,0.0,-0.0,-0.0,0.0,0.0,0.0,0.0,0.0,-0.0,0.0,0.0,0.0,0.0,0.0,0.0,0.0,0.0,0.0,4.0,0.0,0.0
11913660,297.4095764160156,303.1499938964844,285.1499938964844,0.0,-0.0,291.1376342773437,0.0,0.0,9.346878505311906e-05,297.5313415527344,303.1499938964844,285.1499938964844,0.0,-0.0,291.13787841796875,0.0,0.0,9.842716826824471e-05,297.5352478027344,303.1499938964844,285.1499938964844,0.0,-0.0,291.137939453125,0.0,0.0,7.26979851606302e-05,297.4080810546875,303.1499938964844,285.1499938964844,0.0,-0.0,291.1379089355469,0.0,0.0,9.842717554420231e-05,297.6529846191406,303.1499938964844,285.1499938964844,0.0,-0.0,291.1377258300781,0.0,0.0,0.0004668959591072,291.1365966796875,294.1499938964844,285.3129577636719,284.65045166015625,286.9258728027344,285.3192138671875,290.9406433105469,0.0,0.0,0.0,0.0,1.0,1.0,-0.0009959583403542,5.391501023410683e-09,0.0009959528688341,-0.0131772691383957,0.0,0.0,0.0,-0.0074856127612292,60.0,-3.850222587585449,-0.0,-6.763039550605755e-08,0.0,293.1499938964844,293.1499938964844,293.1499938964844,293.1499938964844,293.1499938964844,293.1499938964844,278.1499938964844,0.0,18000.0,313.1499938964844,0.0,18000.0,0.0,0.0,0.0,0.0,0.0,0.0,0.0,0.0,0.0,0.0,-0.0,-0.0,0.0,0.0,0.0,0.0,0.0,-0.0,0.0,0.0,0.0,0.0,0.0,0.0,0.0,0.0,0.0,4.0,0.0,0.0
11913720,297.4095764160156,303.1499938964844,285.1499938964844,0.0,-0.0,291.1376342773437,0.0,0.0,9.346878505311906e-05,297.5313415527344,303.1499938964844,285.1499938964844,0.0,-0.0,291.13787841796875,0.0,0.0,9.842716826824471e-05,297.5352478027344,303.1499938964844,285.1499938964844,0.0,-0.0,291.137939453125,0.0,0.0,7.26979851606302e-05,297.4080810546875,303.1499938964844,285.1499938964844,0.0,-0.0,291.1379089355469,0.0,0.0,9.842717554420231e-05,297.6529846191406,303.1499938964844,285.1499938964844,0.0,-0.0,291.1377258300781,0.0,0.0,0.0004668959591072,291.1365966796875,294.1499938964844,285.3129577636719,284.65045166015625,286.9258728027344,285.3192138671875,290.9406433105469,0.0,0.0,0.0,0.0,1.0,1.0,-0.0009959583403542,5.391501023410683e-09,0.0009959528688341,-0.0131772691383957,0.0,0.0,0.0,-0.0074856127612292,60.0,-3.850222587585449,-0.0,-6.763039550605755e-08,0.0,293.1499938964844,293.1499938964844,293.1499938964844,293.1499938964844,293.1499938964844,293.1499938964844,278.1499938964844,0.0,18000.0,313.1499938964844,0.0,18000.0,0.0,0.0,0.0,0.0,0.0,0.0,0.0,0.0,0.0,0.0,-0.0,-0.0,0.0,0.0,0.0,0.0,0.0,-0.0,0.0,0.0,0.0,0.0,0.0,0.0,0.0,0.0,0.0,4.0,0.0,0.0
11913780,297.4066162109375,303.1499938964844,285.1499938964844,0.0,-0.0,291.1369323730469,0.0,0.0,9.350293112220244e-05,297.5289611816406,303.1499938964844,285.1499938964844,0.0,-0.0,291.1371459960937,0.0,0.0,9.8463126050774e-05,297.5328674316406,303.1499938964844,285.1499938964844,0.0,-0.0,291.13720703125,0.0,0.0,7.272454240592197e-05,297.4068603515625,303.1499938964844,285.1499938964844,0.0,-0.0,291.1371765136719,0.0,0.0,9.846313332673162e-05,297.6513977050781,303.1499938964844,285.1499938964844,0.0,-0.0,291.1369934082031,0.0,0.0,0.0004670665366575,291.1355895996094,294.1499938964844,285.31866455078125,284.6542053222656,286.8995361328125,285.31866455078125,290.9381408691406,0.0,0.0,0.0,0.0,1.0,1.0,-0.000996321439743,5.433967498191805e-09,0.0009963160846382,-0.0132885230705142,0.0,0.0,0.0,-0.0075066653080284,60.0,-3.846250534057617,-0.0,-6.7679721382774e-08,0.0,293.1499938964844,293.1499938964844,293.1499938964844,293.1499938964844,293.1499938964844,293.1499938964844,278.1499938964844,0.0,18000.0,313.1499938964844,0.0,18000.0,0.0,0.0,0.0,0.0,0.0,0.0,0.0,0.0,0.0,0.0,-0.0,-0.0,0.0,0.0,0.0,0.0,0.0,-0.0,0.0,0.0,0.0,0.0,0.0,0.0,0.0,0.0,0.0,4.0,0.0,0.0
11913840,297.4064025878906,303.1499938964844,285.1499938964844,0.0,-0.0,291.1368713378906,0.0,0.0,9.350571053801104e-05,297.5287780761719,303.1499938964844,285.1499938964844,0.0,-0.0,291.1370849609375,0.0,0.0,9.846605826169252e-05,297.5326843261719,303.1499938964844,285.1499938964844,0.0,-0.0,291.1371459960937,0.0,0.0,7.272670336533338e-05,297.4067687988281,303.1499938964844,285.1499938964844,0.0,-0.0,291.1371154785156,0.0,0.0,9.846606553765014e-05,297.6512756347656,303.1499938964844,285.1499938964844,0.0,-0.0,291.1369323730469,0.0,0.0,0.0004670804482884,291.135498046875,294.1499938964844,285.31915283203125,284.654541015625,286.8974914550781,285.3186950683594,290.9379272460937,0.0,0.0,0.0,0.0,1.0,1.0,-0.0009963510092347,5.437426953136537e-09,0.0009963456541299,-0.0132975857704877,0.0,0.0,0.0,-0.0075083803385496,60.0,-3.845921516418457,-0.0,-6.768374305465842e-08,0.0,293.1499938964844,293.1499938964844,293.1499938964844,293.1499938964844,293.1499938964844,293.1499938964844,278.1499938964844,0.0,18000.0,313.1499938964844,0.0,18000.0,0.0,0.0,0.0,0.0,0.0,0.0,0.0,0.0,0.0,0.0,-0.0,-0.0,0.0,0.0,0.0,0.0,0.0,-0.0,0.0,0.0,0.0,0.0,0.0,0.0,0.0,0.0,0.0,4.0,0.0,0.0
11913900,297.40478515625,303.1499938964844,285.1499938964844,0.0,-0.0,291.136474609375,0.0,0.0,9.352527558803558e-05,297.5274658203125,303.1499938964844,285.1499938964844,0.0,-0.0,291.1366882324219,0.0,0.0,9.848665649769828e-05,297.5314025878906,303.1499938964844,285.1499938964844,0.0,-0.0,291.1367492675781,0.0,0.0,7.274191739270464e-05,297.4061584472656,303.1499938964844,285.1499938964844,0.0,-0.0,291.13671875,0.0,0.0,9.848666377365588e-05,297.650390625,303.1499938964844,285.1499938964844,0.0,-0.0,291.13653564453125,0.0,0.0,0.0004671781498473,291.13494873046875,294.1499938964844,285.322509765625,284.6569519042969,286.883544921875,285.3189697265625,290.9365539550781,0.0,0.0,0.0,0.0,1.0,1.0,-0.0009965591598302,5.4617599332118524e-09,0.00099655368831,-0.013361332938075,0.0,0.0,0.0,-0.0075204432941973,60.0,-3.843597650527954,-0.0,-6.771202265554166e-08,0.0,293.1499938964844,293.1499938964844,293.1499938964844,293.1499938964844,293.1499938964844,293.1499938964844,278.1499938964844,0.0,18000.0,313.1499938964844,0.0,18000.0,0.0,0.0,0.0,0.0,0.0,0.0,0.0,0.0,0.0,0.0,-0.0,-0.0,0.0,0.0,0.0,0.0,0.0,-0.0,0.0,0.0,0.0,0.0,0.0,0.0,0.0,0.0,0.0,4.0,0.0,0.0
11913960,297.40313720703125,303.1499938964844,285.1499938964844,0.0,-0.0,291.13604736328125,0.0,0.0,9.3545502750203e-05,297.52618408203125,303.1499938964844,285.1499938964844,0.0,-0.0,291.13629150390625,0.0,0.0,9.85079605015926e-05,297.5301208496094,303.1499938964844,285.1499938964844,0.0,-0.0,291.1363220214844,0.0,0.0,7.275765528902411e-05,297.405517578125,303.1499938964844,285.1499938964844,0.0,-0.0,291.13629150390625,0.0,0.0,9.850796777755022e-05,297.6495056152344,303.1499938964844,285.1499938964844,0.0,-0.0,291.1361389160156,0.0,0.0,0.0004672792274504,291.1343688964844,294.1499938964844,285.3260192871094,284.6595764160156,286.8697509765625,285.319580078125,290.9352111816406,0.0,0.0,0.0,0.0,1.0,1.0,-0.0009967742953449,5.486924692377215e-09,0.0009967688238248,-0.0134272584691643,0.0,0.0,0.0,-0.0075329183600842,60.0,-3.84118390083313,-0.0,-6.774126859454557e-08,0.0,293.1499938964844,293.1499938964844,293.1499938964844,293.1499938964844,293.1499938964844,293.1499938964844,278.1499938964844,0.0,18000.0,313.1499938964844,0.0,18000.0,0.0,0.0,0.0,0.0,0.0,0.0,0.0,0.0,0.0,0.0,-0.0,-0.0,0.0,0.0,0.0,0.0,0.0,-0.0,0.0,0.0,0.0,0.0,0.0,0.0,0.0,0.0,0.0,4.0,0.0,0.0
11914020,297.3998718261719,303.1499938964844,285.1499938964844,0.0,-0.0,291.13525390625,0.0,0.0,9.358779061585663e-05,297.52362060546875,303.1499938964844,285.1499938964844,0.0,-0.0,291.1354675292969,0.0,0.0,9.85524820862338e-05,297.5275573730469,303.1499938964844,285.1499938964844,0.0,-0.0,291.135498046875,0.0,0.0,7.279054261744022e-05,297.404296875,303.1499938964844,285.1499938964844,0.0,-0.0,291.1354675292969,0.0,0.0,9.85524893621914e-05,297.6477355957031,303.1499938964844,285.1499938964844,0.0,-0.0,291.13531494140625,0.0,0.0,0.0004674904339481,291.1332397460937,294.1499938964844,285.3334045410156,284.6653747558594,286.84259033203125,285.3216857910156,290.9324645996094,0.0,0.0,0.0,0.0,1.0,1.0,-0.0009972241241484,5.539522174302647e-09,0.0009972186526283,-0.013565051369369,0.0,0.0,0.0,-0.0075589935295283,60.0,-3.836148023605346,-0.0,-6.780242500781243e-08,0.0,293.1499938964844,293.1499938964844,293.1499938964844,293.1499938964844,293.1499938964844,293.1499938964844,278.1499938964844,0.0,18000.0,313.1499938964844,0.0,18000.0,0.0,0.0,0.0,0.0,0.0,0.0,0.0,0.0,0.0,0.0,-0.0,-0.0,0.0,0.0,0.0,0.0,0.0,-0.0,0.0,0.0,0.0,0.0,0.0,0.0,0.0,0.0,0.0,4.0,0.0,0.0
11914080,297.3998718261719,303.1499938964844,285.1499938964844,0.0,-0.0,291.13525390625,0.0,0.0,9.358779061585663e-05,297.52362060546875,303.1499938964844,285.1499938964844,0.0,-0.0,291.1354675292969,0.0,0.0,9.85524820862338e-05,297.5275573730469,303.1499938964844,285.1499938964844,0.0,-0.0,291.135498046875,0.0,0.0,7.279054261744022e-05,297.404296875,303.1499938964844,285.1499938964844,0.0,-0.0,291.1354675292969,0.0,0.0,9.85524893621914e-05,297.6477355957031,303.1499938964844,285.1499938964844,0.0,-0.0,291.13531494140625,0.0,0.0,0.0004674904339481,291.1332397460937,294.1499938964844,285.3334045410156,284.6653747558594,286.84259033203125,285.3216857910156,290.9324645996094,0.0,0.0,0.0,0.0,1.0,1.0,-0.0009972241241484,5.539522174302647e-09,0.0009972186526283,-0.013565051369369,0.0,0.0,0.0,-0.0075589935295283,60.0,-3.836148023605346,-0.0,-6.780242500781243e-08,0.0,293.1499938964844,293.1499938964844,293.1499938964844,293.1499938964844,293.1499938964844,293.1499938964844,278.1499938964844,0.0,18000.0,313.1499938964844,0.0,18000.0,0.0,0.0,0.0,0.0,0.0,0.0,0.0,0.0,0.0,0.0,-0.0,-0.0,0.0,0.0,0.0,0.0,0.0,-0.0,0.0,0.0,0.0,0.0,0.0,0.0,0.0,0.0,0.0,4.0,0.0,0.0
11914140,297.39654541015625,303.1499938964844,285.1499938964844,0.0,-0.0,291.1343994140625,0.0,0.0,9.363215212943032e-05,297.5210266113281,303.1499938964844,285.1499938964844,0.0,-0.0,291.1346435546875,0.0,0.0,9.859920101007448e-05,297.52496337890625,303.1499938964844,285.1499938964844,0.0,-0.0,291.1346740722656,0.0,0.0,7.282504520844668e-05,297.4031066894531,303.1499938964844,285.1499938964844,0.0,-0.0,291.1346435546875,0.0,0.0,9.859920828603208e-05,297.6459045410156,303.1499938964844,285.1499938964844,0.0,-0.0,291.1344909667969,0.0,0.0,0.0004677120305132,291.132080078125,294.1499938964844,285.341064453125,284.6717834472656,286.8160095214844,285.32489013671875,290.9297180175781,0.0,0.0,0.0,0.0,1.0,1.0,-0.0009976961882784,5.594711360856763e-09,0.000997690600343,-0.01370963267982,0.0,0.0,0.0,-0.0075863529928028,60.0,-3.8309202194213854,-0.0,-6.786661543856098e-08,0.0,293.1499938964844,293.1499938964844,293.1499938964844,293.1499938964844,293.1499938964844,293.1499938964844,278.1499938964844,0.0,18000.0,313.1499938964844,0.0,18000.0,0.0,0.0,0.0,0.0,0.0,0.0,0.0,0.0,0.0,0.0,-0.0,-0.0,0.0,0.0,0.0,0.0,0.0,-0.0,0.0,0.0,0.0,0.0,0.0,0.0,0.0,0.0,0.0,4.0,0.0,0.0
11914200,297.39654541015625,303.1499938964844,285.1499938964844,0.0,-0.0,291.1343994140625,0.0,0.0,9.363215212943032e-05,297.5210266113281,303.1499938964844,285.1499938964844,0.0,-0.0,291.1346435546875,0.0,0.0,9.859920101007448e-05,297.52496337890625,303.1499938964844,285.1499938964844,0.0,-0.0,291.1346740722656,0.0,0.0,7.282504520844668e-05,297.4031066894531,303.1499938964844,285.1499938964844,0.0,-0.0,291.1346435546875,0.0,0.0,9.859920828603208e-05,297.6459045410156,303.1499938964844,285.1499938964844,0.0,-0.0,291.1344909667969,0.0,0.0,0.0004677120305132,291.132080078125,294.1499938964844,285.341064453125,284.6717834472656,286.8160095214844,285.32489013671875,290.9297180175781,0.0,0.0,0.0,0.0,1.0,1.0,-0.0009976961882784,5.594711360856763e-09,0.000997690600343,-0.01370963267982,0.0,0.0,0.0,-0.0075863529928028,60.0,-3.8309202194213854,-0.0,-6.786661543856098e-08,0.0,293.1499938964844,293.1499938964844,293.1499938964844,293.1499938964844,293.1499938964844,293.1499938964844,278.1499938964844,0.0,18000.0,313.1499938964844,0.0,18000.0,0.0,0.0,0.0,0.0,0.0,0.0,0.0,0.0,0.0,0.0,-0.0,-0.0,0.0,0.0,0.0,0.0,0.0,-0.0,0.0,0.0,0.0,0.0,0.0,0.0,0.0,0.0,0.0,4.0,0.0,0.0
11914260,297.3931884765625,303.1499938964844,285.1499938964844,0.0,-0.0,291.1335754394531,0.0,0.0,9.36781070777215e-05,297.5184631347656,303.1499938964844,285.1499938964844,0.0,-0.0,291.1337890625,0.0,0.0,9.86475934041664e-05,297.5223693847656,303.1499938964844,285.1499938964844,0.0,-0.0,291.1338195800781,0.0,0.0,7.286078471224755e-05,297.40191650390625,303.1499938964844,285.1499938964844,0.0,-0.0,291.1337890625,0.0,0.0,9.8647600680124e-05,297.6440734863281,303.1499938964844,285.1499938964844,0.0,-0.0,291.1336364746094,0.0,0.0,0.000467941572424,291.13092041015625,294.1499938964844,285.34881591796875,284.6785583496094,286.7900390625,285.3290710449219,290.927001953125,0.0,0.0,0.0,0.0,1.0,1.0,-0.0009981851326301,5.651890511160218e-09,0.0009981795446947,-0.0138594266027212,0.0,0.0,0.0,-0.0076146991923451,60.0,-3.82562780380249,-0.0,-6.79331648711923e-08,0.0,293.1499938964844,293.1499938964844,293.1499938964844,293.1499938964844,293.1499938964844,293.1499938964844,278.1499938964844,0.0,18000.0,313.1499938964844,0.0,18000.0,0.0,0.0,0.0,0.0,0.0,0.0,0.0,0.0,0.0,0.0,-0.0,-0.0,0.0,0.0,0.0,0.0,0.0,-0.0,0.0,0.0,0.0,0.0,0.0,0.0,0.0,0.0,0.0,4.0,0.0,0.0
11914320,297.3931884765625,303.1499938964844,285.1499938964844,0.0,-0.0,291.1335754394531,0.0,0.0,9.36781070777215e-05,297.5184631347656,303.1499938964844,285.1499938964844,0.0,-0.0,291.1337890625,0.0,0.0,9.86475934041664e-05,297.5223693847656,303.1499938964844,285.1499938964844,0.0,-0.0,291.1338195800781,0.0,0.0,7.286078471224755e-05,297.40191650390625,303.1499938964844,285.1499938964844,0.0,-0.0,291.1337890625,0.0,0.0,9.8647600680124e-05,297.6440734863281,303.1499938964844,285.1499938964844,0.0,-0.0,291.1336364746094,0.0,0.0,0.000467941572424,291.13092041015625,294.1499938964844,285.34881591796875,284.6785583496094,286.7900390625,285.3290710449219,290.927001953125,0.0,0.0,0.0,0.0,1.0,1.0,-0.0009981851326301,5.651890511160218e-09,0.0009981795446947,-0.0138594266027212,0.0,0.0,0.0,-0.0076146991923451,60.0,-3.82562780380249,-0.0,-6.79331648711923e-08,0.0,293.1499938964844,293.1499938964844,293.1499938964844,293.1499938964844,293.1499938964844,293.1499938964844,278.1499938964844,0.0,18000.0,313.1499938964844,0.0,18000.0,0.0,0.0,0.0,0.0,0.0,0.0,0.0,0.0,0.0,0.0,-0.0,-0.0,0.0,0.0,0.0,0.0,0.0,-0.0,0.0,0.0,0.0,0.0,0.0,0.0,0.0,0.0,0.0,4.0,0.0,0.0
11914380,297.3900756835937,303.1499938964844,285.1499938964844,0.0,-0.0,291.1327514648437,0.0,0.0,9.37217046157457e-05,297.5160522460937,303.1499938964844,285.1499938964844,0.0,-0.0,291.13299560546875,0.0,0.0,9.86935046967119e-05,297.5199584960937,303.1499938964844,285.1499938964844,0.0,-0.0,291.1330261230469,0.0,0.0,7.289469795068726e-05,297.4008178710937,303.1499938964844,285.1499938964844,0.0,-0.0,291.13299560546875,0.0,0.0,9.869351197266953e-05,297.642333984375,303.1499938964844,285.1499938964844,0.0,-0.0,291.1328430175781,0.0,0.0,0.0004681593563873,291.1298217773437,294.1499938964844,285.3558959960937,284.6850891113281,286.7664794921875,285.3336181640625,290.9244384765625,0.0,0.0,0.0,0.0,1.0,1.0,-0.0009986490476876,5.706136896321823e-09,0.0009986433433368,-0.0140015371143817,0.0,0.0,0.0,-0.0076415915973484,60.0,-3.820766687393189,-0.0,-6.799632501497399e-08,0.0,293.1499938964844,293.1499938964844,293.1499938964844,293.1499938964844,293.1499938964844,293.1499938964844,278.1499938964844,0.0,18000.0,313.1499938964844,0.0,18000.0,0.0,0.0,0.0,0.0,0.0,0.0,0.0,0.0,0.0,0.0,-0.0,-0.0,0.0,0.0,0.0,0.0,0.0,-0.0,0.0,0.0,0.0,0.0,0.0,0.0,0.0,0.0,0.0,4.0,0.0,0.0
11914440,297.38983154296875,303.1499938964844,285.1499938964844,0.0,-0.0,291.1326904296875,0.0,0.0,9.372513159178196e-05,297.515869140625,303.1499938964844,285.1499938964844,0.0,-0.0,291.1329040527344,0.0,0.0,9.869711357168852e-05,297.519775390625,303.1499938964844,285.1499938964844,0.0,-0.0,291.1329650878906,0.0,0.0,7.289736095117405e-05,297.4007263183594,303.1499938964844,285.1499938964844,0.0,-0.0,291.1329345703125,0.0,0.0,9.869712084764616e-05,297.6421813964844,303.1499938964844,285.1499938964844,0.0,-0.0,291.1327514648437,0.0,0.0,0.0004681764985434,291.1297302246094,294.1499938964844,285.3564453125,284.6855773925781,286.7646484375,285.333984375,290.9242553710937,0.0,0.0,0.0,0.0,1.0,1.0,-0.0009986854856833,5.710401929093223e-09,0.0009986797813326,-0.0140127101913094,0.0,0.0,0.0,-0.0076437056995928,60.0,-3.820391893386841,-0.0,-6.800129170869695e-08,0.0,293.1499938964844,293.1499938964844,293.1499938964844,293.1499938964844,293.1499938964844,293.1499938964844,278.1499938964844,0.0,18000.0,313.1499938964844,0.0,18000.0,0.0,0.0,0.0,0.0,0.0,0.0,0.0,0.0,0.0,0.0,-0.0,-0.0,0.0,0.0,0.0,0.0,0.0,-0.0,0.0,0.0,0.0,0.0,0.0,0.0,0.0,0.0,0.0,4.0,0.0,0.0
11914500,297.3881225585937,303.1499938964844,285.1499938964844,0.0,-0.0,291.1322631835937,0.0,0.0,9.374887304147704e-05,297.5145874023437,303.1499938964844,285.1499938964844,0.0,-0.0,291.1324768066406,0.0,0.0,9.872211376205088e-05,297.5184631347656,303.1499938964844,285.1499938964844,0.0,-0.0,291.13250732421875,0.0,0.0,7.291582733159885e-05,297.400146484375,303.1499938964844,285.1499938964844,0.0,-0.0,291.1324768066406,0.0,0.0,9.872212103800848e-05,297.6412353515625,303.1499938964844,285.1499938964844,0.0,-0.0,291.13232421875,0.0,0.0,0.0004682950675487,291.129150390625,294.1499938964844,285.3601379394531,284.68914794921875,286.7521667480469,285.3367004394531,290.9228820800781,0.0,0.0,0.0,0.0,1.0,1.0,-0.0009989381069317,5.73993874652956e-09,0.0009989324025809,-0.0140900881960988,0.0,0.0,0.0,-0.0076583484187722,60.0,-3.817835092544556,-0.0,-6.803569618796247e-08,0.0,293.1499938964844,293.1499938964844,293.1499938964844,293.1499938964844,293.1499938964844,293.1499938964844,278.1499938964844,0.0,18000.0,313.1499938964844,0.0,18000.0,0.0,0.0,0.0,0.0,0.0,0.0,0.0,0.0,0.0,0.0,-0.0,-0.0,0.0,0.0,0.0,0.0,0.0,-0.0,0.0,0.0,0.0,0.0,0.0,0.0,0.0,0.0,0.0,4.0,0.0,0.0
11914560,297.3864440917969,303.1499938964844,285.1499938964844,0.0,-0.0,291.1318054199219,0.0,0.0,9.37726508709602e-05,297.5132751464844,303.1499938964844,285.1499938964844,0.0,-0.0,291.1320495605469,0.0,0.0,9.874715760815889e-05,297.51715087890625,303.1499938964844,285.1499938964844,0.0,-0.0,291.132080078125,0.0,0.0,7.29343228158541e-05,297.3995361328125,303.1499938964844,285.1499938964844,0.0,-0.0,291.1320495605469,0.0,0.0,9.87471648841165e-05,297.6402587890625,303.1499938964844,285.1499938964844,0.0,-0.0,291.13189697265625,0.0,0.0,0.0004684138693846,291.1285400390625,294.1499938964844,285.3637084960937,284.6926574707031,286.7398376464844,285.3395080566406,290.9215087890625,0.0,0.0,0.0,0.0,1.0,1.0,-0.0009991911938413,5.769528410581871e-09,0.0009991853730753,-0.0141676040366292,0.0,0.0,0.0,-0.0076730176806449,60.0,-3.8153367042541504,-0.0,-6.807016461607418e-08,0.0,293.1499938964844,293.1499938964844,293.1499938964844,293.1499938964844,293.1499938964844,293.1499938964844,278.1499938964844,0.0,18000.0,313.1499938964844,0.0,18000.0,0.0,0.0,0.0,0.0,0.0,0.0,0.0,0.0,0.0,0.0,-0.0,-0.0,0.0,0.0,0.0,0.0,0.0,-0.0,0.0,0.0,0.0,0.0,0.0,0.0,0.0,0.0,0.0,4.0,0.0,0.0
11914620,297.383056640625,303.1499938964844,285.1499938964844,0.0,-0.0,291.13092041015625,0.0,0.0,9.382003918290138e-05,297.5106811523437,303.1499938964844,285.1499938964844,0.0,-0.0,291.1311340332031,0.0,0.0,9.879705612547696e-05,297.5145263671875,303.1499938964844,285.1499938964844,0.0,-0.0,291.13116455078125,0.0,0.0,7.297118281712756e-05,297.3983459472656,303.1499938964844,285.1499938964844,0.0,-0.0,291.1311340332031,0.0,0.0,9.879706340143456e-05,297.6383056640625,303.1499938964844,285.1499938964844,0.0,-0.0,291.1309814453125,0.0,0.0,0.0004686505708377,291.1273193359375,294.1499938964844,285.3704528808594,284.6996154785156,286.715576171875,285.3453674316406,290.91876220703125,0.0,0.0,0.0,0.0,1.0,1.0,-0.0009996955050155,5.828495019954971e-09,0.0009996896842494,-0.0143220769241452,0.0,0.0,0.0,-0.0077022495679557,60.0,-3.8105642795562735,-0.0,-6.813889541490425e-08,0.0,293.1499938964844,293.1499938964844,293.1499938964844,293.1499938964844,293.1499938964844,293.1499938964844,278.1499938964844,0.0,18000.0,313.1499938964844,0.0,18000.0,0.0,0.0,0.0,0.0,0.0,0.0,0.0,0.0,0.0,0.0,-0.0,-0.0,0.0,0.0,0.0,0.0,0.0,-0.0,0.0,0.0,0.0,0.0,0.0,0.0,0.0,0.0,0.0,4.0,0.0,0.0
11914680,297.383056640625,303.1499938964844,285.1499938964844,0.0,-0.0,291.13092041015625,0.0,0.0,9.382003918290138e-05,297.5106811523437,303.1499938964844,285.1499938964844,0.0,-0.0,291.1311340332031,0.0,0.0,9.879705612547696e-05,297.5145263671875,303.1499938964844,285.1499938964844,0.0,-0.0,291.13116455078125,0.0,0.0,7.297118281712756e-05,297.3983459472656,303.1499938964844,285.1499938964844,0.0,-0.0,291.1311340332031,0.0,0.0,9.879706340143456e-05,297.6383056640625,303.1499938964844,285.1499938964844,0.0,-0.0,291.1309814453125,0.0,0.0,0.0004686505708377,291.1273193359375,294.1499938964844,285.3704528808594,284.6996154785156,286.715576171875,285.3453674316406,290.91876220703125,0.0,0.0,0.0,0.0,1.0,1.0,-0.0009996955050155,5.828495019954971e-09,0.0009996896842494,-0.0143220769241452,0.0,0.0,0.0,-0.0077022495679557,60.0,-3.8105642795562735,-0.0,-6.813889541490425e-08,0.0,293.1499938964844,293.1499938964844,293.1499938964844,293.1499938964844,293.1499938964844,293.1499938964844,278.1499938964844,0.0,18000.0,313.1499938964844,0.0,18000.0,0.0,0.0,0.0,0.0,0.0,0.0,0.0,0.0,0.0,0.0,-0.0,-0.0,0.0,0.0,0.0,0.0,0.0,-0.0,0.0,0.0,0.0,0.0,0.0,0.0,0.0,0.0,0.0,4.0,0.0,0.0
11914740,297.3796691894531,303.1499938964844,285.1499938964844,0.0,-0.0,291.1300048828125,0.0,0.0,9.38666344154626e-05,297.5080871582031,303.1499938964844,285.1499938964844,0.0,-0.0,291.1302185058594,0.0,0.0,9.8846125183627e-05,297.51190185546875,303.1499938964844,285.1499938964844,0.0,-0.0,291.1302795410156,0.0,0.0,7.300741708604619e-05,297.3971252441406,303.1499938964844,285.1499938964844,0.0,-0.0,291.1302490234375,0.0,0.0,9.884613245958462e-05,297.63629150390625,303.1499938964844,285.1499938964844,0.0,-0.0,291.13006591796875,0.0,0.0,0.0004688833141699,291.1260986328125,294.1499938964844,285.37646484375,284.706298828125,286.6918334960937,285.35137939453125,290.9160461425781,0.0,0.0,0.0,0.0,1.0,1.0,-0.0010001913178712,5.886470866300897e-09,0.0010001853806897,-0.0144739542156457,0.0,0.0,0.0,-0.0077309911139309,60.0,-3.8062045574188232,-0.0,-6.820650355621184e-08,0.0,293.1499938964844,293.1499938964844,293.1499938964844,293.1499938964844,293.1499938964844,293.1499938964844,278.1499938964844,0.0,18000.0,313.1499938964844,0.0,18000.0,0.0,0.0,0.0,0.0,0.0,0.0,0.0,0.0,0.0,0.0,-0.0,-0.0,0.0,0.0,0.0,0.0,0.0,-0.0,0.0,0.0,0.0,0.0,0.0,0.0,0.0,0.0,0.0,4.0,0.0,0.0
11914800,297.3796691894531,303.1499938964844,285.1499938964844,0.0,-0.0,291.1300048828125,0.0,0.0,9.38666344154626e-05,297.5080871582031,303.1499938964844,285.1499938964844,0.0,-0.0,291.1302185058594,0.0,0.0,9.8846125183627e-05,297.51190185546875,303.1499938964844,285.1499938964844,0.0,-0.0,291.1302795410156,0.0,0.0,7.300741708604619e-05,297.3971252441406,303.1499938964844,285.1499938964844,0.0,-0.0,291.1302490234375,0.0,0.0,9.884613245958462e-05,297.63629150390625,303.1499938964844,285.1499938964844,0.0,-0.0,291.13006591796875,0.0,0.0,0.0004688833141699,291.1260986328125,294.1499938964844,285.37646484375,284.706298828125,286.6918334960937,285.35137939453125,290.9160461425781,0.0,0.0,0.0,0.0,1.0,1.0,-0.0010001913178712,5.886470866300897e-09,0.0010001853806897,-0.0144739542156457,0.0,0.0,0.0,-0.0077309911139309,60.0,-3.8062045574188232,-0.0,-6.820650355621184e-08,0.0,293.1499938964844,293.1499938964844,293.1499938964844,293.1499938964844,293.1499938964844,293.1499938964844,278.1499938964844,0.0,18000.0,313.1499938964844,0.0,18000.0,0.0,0.0,0.0,0.0,0.0,0.0,0.0,0.0,0.0,0.0,-0.0,-0.0,0.0,0.0,0.0,0.0,0.0,-0.0,0.0,0.0,0.0,0.0,0.0,0.0,0.0,0.0,0.0,4.0,0.0,0.0
11914860,297.3763122558594,303.1499938964844,285.1499938964844,0.0,-0.0,291.12908935546875,0.0,0.0,9.391173080075532e-05,297.5054626464844,303.1499938964844,285.1499938964844,0.0,-0.0,291.1293029785156,0.0,0.0,9.889360808301716e-05,297.5092468261719,303.1499938964844,285.1499938964844,0.0,-0.0,291.1293334960937,0.0,0.0,7.304249447770417e-05,297.3959045410156,303.1499938964844,285.1499938964844,0.0,-0.0,291.1293029785156,0.0,0.0,9.889361535897478e-05,297.6342163085937,303.1499938964844,285.1499938964844,0.0,-0.0,291.129150390625,0.0,0.0,0.0004691085778176,291.1248474121094,294.1499938964844,285.3815002441406,284.71246337890625,286.6685791015625,285.3573608398437,290.9132995605469,0.0,0.0,0.0,0.0,1.0,1.0,-0.0010006711818277,5.942578873430193e-09,0.0010006652446463,-0.0146209383383393,0.0,0.0,0.0,-0.0077588059939444,60.0,-3.802368402481079,-0.0,-6.827195875303006e-08,0.0,293.1499938964844,293.1499938964844,293.1499938964844,293.1499938964844,293.1499938964844,293.1499938964844,278.1499938964844,0.0,18000.0,313.1499938964844,0.0,18000.0,0.0,0.0,0.0,0.0,0.0,0.0,0.0,0.0,0.0,0.0,-0.0,-0.0,0.0,0.0,0.0,0.0,0.0,-0.0,0.0,0.0,0.0,0.0,0.0,0.0,0.0,0.0,0.0,4.0,0.0,0.0
11914920,297.3763122558594,303.1499938964844,285.1499938964844,0.0,-0.0,291.12908935546875,0.0,0.0,9.391173080075532e-05,297.5054626464844,303.1499938964844,285.1499938964844,0.0,-0.0,291.1293029785156,0.0,0.0,9.889360808301716e-05,297.5092468261719,303.1499938964844,285.1499938964844,0.0,-0.0,291.1293334960937,0.0,0.0,7.304249447770417e-05,297.3959045410156,303.1499938964844,285.1499938964844,0.0,-0.0,291.1293029785156,0.0,0.0,9.889361535897478e-05,297.6342163085937,303.1499938964844,285.1499938964844,0.0,-0.0,291.129150390625,0.0,0.0,0.0004691085778176,291.1248474121094,294.1499938964844,285.3815002441406,284.71246337890625,286.6685791015625,285.3573608398437,290.9132995605469,0.0,0.0,0.0,0.0,1.0,1.0,-0.0010006711818277,5.942578873430193e-09,0.0010006652446463,-0.0146209383383393,0.0,0.0,0.0,-0.0077588059939444,60.0,-3.802368402481079,-0.0,-6.827195875303006e-08,0.0,293.1499938964844,293.1499938964844,293.1499938964844,293.1499938964844,293.1499938964844,293.1499938964844,278.1499938964844,0.0,18000.0,313.1499938964844,0.0,18000.0,0.0,0.0,0.0,0.0,0.0,0.0,0.0,0.0,0.0,0.0,-0.0,-0.0,0.0,0.0,0.0,0.0,0.0,-0.0,0.0,0.0,0.0,0.0,0.0,0.0,0.0,0.0,0.0,4.0,0.0,0.0
11914980,297.3729553222656,303.1499938964844,285.1499938964844,0.0,-0.0,291.1281433105469,0.0,0.0,9.395458619110286e-05,297.5028381347656,303.1499938964844,285.1499938964844,0.0,-0.0,291.1283569335937,0.0,0.0,9.893874084809796e-05,297.5065612792969,303.1499938964844,285.1499938964844,0.0,-0.0,291.1283874511719,0.0,0.0,7.307582563953474e-05,297.39459228515625,303.1499938964844,285.1499938964844,0.0,-0.0,291.1283569335937,0.0,0.0,9.893874812405556e-05,297.632080078125,303.1499938964844,285.1499938964844,0.0,-0.0,291.1282043457031,0.0,0.0,0.0004693226655945,291.12359619140625,294.1499938964844,285.3853759765625,284.718017578125,286.64581298828125,285.363037109375,290.9105529785156,0.0,0.0,0.0,0.0,1.0,1.0,-0.0010011271806433,5.9959011089461e-09,0.0010011211270466,-0.014760622754693,0.0,0.0,0.0,-0.007785240188241,60.0,-3.7991693019866943,-0.0,-6.833420229668263e-08,0.0,293.1499938964844,293.1499938964844,293.1499938964844,293.1499938964844,293.1499938964844,293.1499938964844,278.1499938964844,0.0,18000.0,313.1499938964844,0.0,18000.0,0.0,0.0,0.0,0.0,0.0,0.0,0.0,0.0,0.0,0.0,-0.0,-0.0,0.0,0.0,0.0,0.0,0.0,-0.0,0.0,0.0,0.0,0.0,0.0,0.0,0.0,0.0,0.0,4.0,0.0,0.0
11915040,297.3729553222656,303.1499938964844,285.1499938964844,0.0,-0.0,291.1281433105469,0.0,0.0,9.395458619110286e-05,297.5028381347656,303.1499938964844,285.1499938964844,0.0,-0.0,291.1283569335937,0.0,0.0,9.893874084809796e-05,297.5065612792969,303.1499938964844,285.1499938964844,0.0,-0.0,291.1283874511719,0.0,0.0,7.307582563953474e-05,297.39459228515625,303.1499938964844,285.1499938964844,0.0,-0.0,291.1283569335937,0.0,0.0,9.893874812405556e-05,297.632080078125,303.1499938964844,285.1499938964844,0.0,-0.0,291.1282043457031,0.0,0.0,0.0004693226655945,291.12359619140625,294.1499938964844,285.3853759765625,284.718017578125,286.64581298828125,285.363037109375,290.9105529785156,0.0,0.0,0.0,0.0,1.0,1.0,-0.0010011271806433,5.9959011089461e-09,0.0010011211270466,-0.014760622754693,0.0,0.0,0.0,-0.007785240188241,60.0,-3.7991693019866943,-0.0,-6.833420229668263e-08,0.0,293.1499938964844,293.1499938964844,293.1499938964844,293.1499938964844,293.1499938964844,293.1499938964844,278.1499938964844,0.0,18000.0,313.1499938964844,0.0,18000.0,0.0,0.0,0.0,0.0,0.0,0.0,0.0,0.0,0.0,0.0,-0.0,-0.0,0.0,0.0,0.0,0.0,0.0,-0.0,0.0,0.0,0.0,0.0,0.0,0.0,0.0,0.0,0.0,4.0,0.0,0.0
11915100,297.37127685546875,303.1499938964844,285.1499938964844,0.0,-0.0,291.127685546875,0.0,0.0,9.39749224926345e-05,297.5014953613281,303.1499938964844,285.1499938964844,0.0,-0.0,291.1278686523437,0.0,0.0,9.896015399135648e-05,297.5052185058594,303.1499938964844,285.1499938964844,0.0,-0.0,291.1279296875,0.0,0.0,7.309164357138798e-05,297.3939208984375,303.1499938964844,285.1499938964844,0.0,-0.0,291.1278991699219,0.0,0.0,9.89601612673141e-05,297.6309814453125,303.1499938964844,285.1499938964844,0.0,-0.0,291.12774658203125,0.0,0.0,0.0004694242379628,291.1229553222656,294.1499938964844,285.3868408203125,284.7204895019531,286.6346130371094,285.3656921386719,290.9091796875,0.0,0.0,0.0,0.0,1.0,1.0,-0.0010013434803113,6.021196874428369e-09,0.0010013374267145,-0.0148268872871994,0.0,0.0,0.0,-0.0077977804467082,60.0,-3.7978553771972656,-0.0,-6.836373245278082e-08,0.0,293.1499938964844,293.1499938964844,293.1499938964844,293.1499938964844,293.1499938964844,293.1499938964844,278.1499938964844,0.0,18000.0,313.1499938964844,0.0,18000.0,0.0,0.0,0.0,0.0,0.0,0.0,0.0,0.0,0.0,0.0,-0.0,-0.0,0.0,0.0,0.0,0.0,0.0,-0.0,0.0,0.0,0.0,0.0,0.0,0.0,0.0,0.0,0.0,4.0,0.0,0.0
11915160,297.3695983886719,303.1499938964844,285.1499938964844,0.0,-0.0,291.127197265625,0.0,0.0,9.399443661095574e-05,297.50018310546875,303.1499938964844,285.1499938964844,0.0,-0.0,291.1274108886719,0.0,0.0,9.898070857161656e-05,297.5038452148437,303.1499938964844,285.1499938964844,0.0,-0.0,291.12744140625,0.0,0.0,7.310682121897116e-05,297.3932189941406,303.1499938964844,285.1499938964844,0.0,-0.0,291.1274108886719,0.0,0.0,9.898070857161656e-05,297.6298522949219,303.1499938964844,285.1499938964844,0.0,-0.0,291.12725830078125,0.0,0.0,0.0004695217357948,291.122314453125,294.1499938964844,285.3879089355469,284.72271728515625,286.62353515625,285.3681945800781,290.9078063964844,0.0,0.0,0.0,0.0,1.0,1.0,-0.0010015511652454,6.0454774519769225e-09,0.0010015451116487,-0.014890493825078,0.0,0.0,0.0,-0.0078098177909851,60.0,-3.796732902526856,-0.0,-6.839209021336502e-08,0.0,293.1499938964844,293.1499938964844,293.1499938964844,293.1499938964844,293.1499938964844,293.1499938964844,278.1499938964844,0.0,18000.0,313.1499938964844,0.0,18000.0,0.0,0.0,0.0,0.0,0.0,0.0,0.0,0.0,0.0,0.0,-0.0,-0.0,0.0,0.0,0.0,0.0,0.0,-0.0,0.0,0.0,0.0,0.0,0.0,0.0,0.0,0.0,0.0,4.0,0.0,0.0
11915220,297.3663024902344,303.1499938964844,285.1499938964844,0.0,-0.0,291.126220703125,0.0,0.0,9.40305253607221e-05,297.4974975585937,303.1499938964844,285.1499938964844,0.0,-0.0,291.1264343261719,0.0,0.0,9.901870362227784e-05,297.5011291503906,303.1499938964844,285.1499938964844,0.0,-0.0,291.12646484375,0.0,0.0,7.313488458748907e-05,297.39178466796875,303.1499938964844,285.1499938964844,0.0,-0.0,291.1264343261719,0.0,0.0,9.901871089823544e-05,297.62762451171875,303.1499938964844,285.1499938964844,0.0,-0.0,291.12628173828125,0.0,0.0,0.0004697019758168,291.1210021972656,294.1499938964844,285.38885498046875,284.7264099121094,286.60162353515625,285.3726501464844,290.9050598144531,0.0,0.0,0.0,0.0,1.0,1.0,-0.0010019349865615,6.090359772059628e-09,0.0010019289329648,-0.0150080667808651,0.0,0.0,0.0,-0.0078320680186152,60.0,-3.795133352279663,-0.0,-6.844452116183676e-08,0.0,293.1499938964844,293.1499938964844,293.1499938964844,293.1499938964844,293.1499938964844,293.1499938964844,278.1499938964844,0.0,18000.0,313.1499938964844,0.0,18000.0,0.0,0.0,0.0,0.0,0.0,0.0,0.0,0.0,0.0,0.0,-0.0,-0.0,0.0,0.0,0.0,0.0,0.0,-0.0,0.0,0.0,0.0,0.0,0.0,0.0,0.0,0.0,0.0,4.0,0.0,0.0
11915280,297.3663024902344,303.1499938964844,285.1499938964844,0.0,-0.0,291.126220703125,0.0,0.0,9.40305253607221e-05,297.4974975585937,303.1499938964844,285.1499938964844,0.0,-0.0,291.1264343261719,0.0,0.0,9.901870362227784e-05,297.5011291503906,303.1499938964844,285.1499938964844,0.0,-0.0,291.12646484375,0.0,0.0,7.313488458748907e-05,297.39178466796875,303.1499938964844,285.1499938964844,0.0,-0.0,291.1264343261719,0.0,0.0,9.901871089823544e-05,297.62762451171875,303.1499938964844,285.1499938964844,0.0,-0.0,291.12628173828125,0.0,0.0,0.0004697019758168,291.1210021972656,294.1499938964844,285.38885498046875,284.7264099121094,286.60162353515625,285.3726501464844,290.9050598144531,0.0,0.0,0.0,0.0,1.0,1.0,-0.0010019349865615,6.090359772059628e-09,0.0010019289329648,-0.0150080667808651,0.0,0.0,0.0,-0.0078320680186152,60.0,-3.795133352279663,-0.0,-6.844452116183676e-08,0.0,293.1499938964844,293.1499938964844,293.1499938964844,293.1499938964844,293.1499938964844,293.1499938964844,278.1499938964844,0.0,18000.0,313.1499938964844,0.0,18000.0,0.0,0.0,0.0,0.0,0.0,0.0,0.0,0.0,0.0,0.0,-0.0,-0.0,0.0,0.0,0.0,0.0,0.0,-0.0,0.0,0.0,0.0,0.0,0.0,0.0,0.0,0.0,0.0,4.0,0.0,0.0
11915340,297.363037109375,303.1499938964844,285.1499938964844,0.0,-0.0,291.125244140625,0.0,0.0,9.40620229812339e-05,297.49481201171875,303.1499938964844,285.1499938964844,0.0,-0.0,291.1254272460937,0.0,0.0,9.905187471304087e-05,297.4983825683594,303.1499938964844,285.1499938964844,0.0,-0.0,291.12548828125,0.0,0.0,7.315938273677602e-05,297.3902893066406,303.1499938964844,285.1499938964844,0.0,-0.0,291.1254577636719,0.0,0.0,9.90518819889985e-05,297.6253967285156,303.1499938964844,285.1499938964844,0.0,-0.0,291.12530517578125,0.0,0.0,0.0004698593111243,291.11968994140625,294.1499938964844,285.3880310058594,284.7289428710937,286.5801086425781,285.3761291503906,290.9023132324219,0.0,0.0,0.0,0.0,1.0,1.0,-0.0010022700298577,6.129533325349712e-09,0.0010022638598456,-0.0151106854900717,0.0,0.0,0.0,-0.0078514879569411,60.0,-3.794520378112793,-0.0,-6.849030143030177e-08,0.0,293.1499938964844,293.1499938964844,293.1499938964844,293.1499938964844,293.1499938964844,293.1499938964844,278.1499938964844,0.0,18000.0,313.1499938964844,0.0,18000.0,0.0,0.0,0.0,0.0,0.0,0.0,0.0,0.0,0.0,0.0,-0.0,-0.0,0.0,0.0,0.0,0.0,0.0,-0.0,0.0,0.0,0.0,0.0,0.0,0.0,0.0,0.0,0.0,4.0,0.0,0.0
11915400,297.363037109375,303.1499938964844,285.1499938964844,0.0,-0.0,291.125244140625,0.0,0.0,9.40620229812339e-05,297.49481201171875,303.1499938964844,285.1499938964844,0.0,-0.0,291.1254272460937,0.0,0.0,9.905187471304087e-05,297.4983825683594,303.1499938964844,285.1499938964844,0.0,-0.0,291.12548828125,0.0,0.0,7.315938273677602e-05,297.3902893066406,303.1499938964844,285.1499938964844,0.0,-0.0,291.1254577636719,0.0,0.0,9.90518819889985e-05,297.6253967285156,303.1499938964844,285.1499938964844,0.0,-0.0,291.12530517578125,0.0,0.0,0.0004698593111243,291.11968994140625,294.1499938964844,285.3880310058594,284.7289428710937,286.5801086425781,285.3761291503906,290.9023132324219,0.0,0.0,0.0,0.0,1.0,1.0,-0.0010022700298577,6.129533325349712e-09,0.0010022638598456,-0.0151106854900717,0.0,0.0,0.0,-0.0078514879569411,60.0,-3.794520378112793,-0.0,-6.849030143030177e-08,0.0,293.1499938964844,293.1499938964844,293.1499938964844,293.1499938964844,293.1499938964844,293.1499938964844,278.1499938964844,0.0,18000.0,313.1499938964844,0.0,18000.0,0.0,0.0,0.0,0.0,0.0,0.0,0.0,0.0,0.0,0.0,-0.0,-0.0,0.0,0.0,0.0,0.0,0.0,-0.0,0.0,0.0,0.0,0.0,0.0,0.0,0.0,0.0,0.0,4.0,0.0,0.0
11915460,297.35986328125,303.1499938964844,285.1499938964844,0.0,-0.0,291.1242370605469,0.0,0.0,9.408815822098404e-05,297.4920959472656,303.1499938964844,285.1499938964844,0.0,-0.0,291.1244506835937,0.0,0.0,9.907939238473772e-05,297.4956359863281,303.1499938964844,285.1499938964844,0.0,-0.0,291.1244812011719,0.0,0.0,7.317971176235005e-05,297.388671875,303.1499938964844,285.1499938964844,0.0,-0.0,291.1244506835937,0.0,0.0,9.907939966069534e-05,297.6231994628906,303.1499938964844,285.1499938964844,0.0,-0.0,291.1242980957031,0.0,0.0,0.0004699898709077,291.1183776855469,294.1499938964844,285.3852233886719,284.7301025390625,286.5589599609375,285.3784484863281,290.89959716796875,0.0,0.0,0.0,0.0,1.0,1.0,-0.0010025479132309,6.162026444656021e-09,0.0010025417432188,-0.0151958027854561,0.0,0.0,0.0,-0.0078675961121916,60.0,-3.7949914932250977,-0.0,-6.85282870449555e-08,0.0,293.1499938964844,293.1499938964844,293.1499938964844,293.1499938964844,293.1499938964844,293.1499938964844,278.1499938964844,0.0,18000.0,313.1499938964844,0.0,18000.0,0.0,0.0,0.0,0.0,0.0,0.0,0.0,0.0,0.0,0.0,-0.0,-0.0,0.0,0.0,0.0,0.0,0.0,-0.0,0.0,0.0,0.0,0.0,0.0,0.0,0.0,0.0,0.0,4.0,0.0,0.0
11915520,297.35986328125,303.1499938964844,285.1499938964844,0.0,-0.0,291.1242370605469,0.0,0.0,9.408815822098404e-05,297.4920959472656,303.1499938964844,285.1499938964844,0.0,-0.0,291.1244506835937,0.0,0.0,9.907939238473772e-05,297.4956359863281,303.1499938964844,285.1499938964844,0.0,-0.0,291.1244812011719,0.0,0.0,7.317971176235005e-05,297.388671875,303.1499938964844,285.1499938964844,0.0,-0.0,291.1244506835937,0.0,0.0,9.907939966069534e-05,297.6231994628906,303.1499938964844,285.1499938964844,0.0,-0.0,291.1242980957031,0.0,0.0,0.0004699898709077,291.1183776855469,294.1499938964844,285.3852233886719,284.7301025390625,286.5589599609375,285.3784484863281,290.89959716796875,0.0,0.0,0.0,0.0,1.0,1.0,-0.0010025479132309,6.162026444656021e-09,0.0010025417432188,-0.0151958027854561,0.0,0.0,0.0,-0.0078675961121916,60.0,-3.7949914932250977,-0.0,-6.85282870449555e-08,0.0,293.1499938964844,293.1499938964844,293.1499938964844,293.1499938964844,293.1499938964844,293.1499938964844,278.1499938964844,0.0,18000.0,313.1499938964844,0.0,18000.0,0.0,0.0,0.0,0.0,0.0,0.0,0.0,0.0,0.0,0.0,-0.0,-0.0,0.0,0.0,0.0,0.0,0.0,-0.0,0.0,0.0,0.0,0.0,0.0,0.0,0.0,0.0,0.0,4.0,0.0,0.0
11915580,297.3567810058594,303.1499938964844,285.1499938964844,0.0,-0.0,291.12322998046875,0.0,0.0,9.410815255250782e-05,297.4894104003906,303.1499938964844,285.1499938964844,0.0,-0.0,291.1234130859375,0.0,0.0,9.910044900607318e-05,297.4928894042969,303.1499938964844,285.1499938964844,0.0,-0.0,291.1234436035156,0.0,0.0,7.319526048377156e-05,297.3869934082031,303.1499938964844,285.1499938964844,0.0,-0.0,291.1234436035156,0.0,0.0,9.91004562820308e-05,297.6210021972656,303.1499938964844,285.1499938964844,0.0,-0.0,291.123291015625,0.0,0.0,0.00047008972615,291.1170349121094,294.1499938964844,285.3802185058594,284.729736328125,286.5380859375,285.3793334960937,290.8968505859375,0.0,0.0,0.0,0.0,1.0,1.0,-0.0010027603711932,6.186862133716886e-09,0.0010027542011812,-0.015260862186551,0.0,0.0,0.0,-0.007879908196628,60.0,-3.796659469604492,-0.0,-6.855732692656602e-08,0.0,293.1499938964844,293.1499938964844,293.1499938964844,293.1499938964844,293.1499938964844,293.1499938964844,278.1499938964844,0.0,18000.0,313.1499938964844,0.0,18000.0,0.0,0.0,0.0,0.0,0.0,0.0,0.0,0.0,0.0,0.0,-0.0,-0.0,0.0,0.0,0.0,0.0,0.0,-0.0,0.0,0.0,0.0,0.0,0.0,0.0,0.0,0.0,0.0,4.0,0.0,0.0
11915640,297.3567810058594,303.1499938964844,285.1499938964844,0.0,-0.0,291.12322998046875,0.0,0.0,9.410815255250782e-05,297.4894104003906,303.1499938964844,285.1499938964844,0.0,-0.0,291.1234130859375,0.0,0.0,9.910044900607318e-05,297.4928894042969,303.1499938964844,285.1499938964844,0.0,-0.0,291.1234436035156,0.0,0.0,7.319526048377156e-05,297.3869934082031,303.1499938964844,285.1499938964844,0.0,-0.0,291.1234436035156,0.0,0.0,9.91004562820308e-05,297.6210021972656,303.1499938964844,285.1499938964844,0.0,-0.0,291.123291015625,0.0,0.0,0.00047008972615,291.1170349121094,294.1499938964844,285.3802185058594,284.729736328125,286.5380859375,285.3793334960937,290.8968505859375,0.0,0.0,0.0,0.0,1.0,1.0,-0.0010027603711932,6.186862133716886e-09,0.0010027542011812,-0.015260862186551,0.0,0.0,0.0,-0.007879908196628,60.0,-3.796659469604492,-0.0,-6.855732692656602e-08,0.0,293.1499938964844,293.1499938964844,293.1499938964844,293.1499938964844,293.1499938964844,293.1499938964844,278.1499938964844,0.0,18000.0,313.1499938964844,0.0,18000.0,0.0,0.0,0.0,0.0,0.0,0.0,0.0,0.0,0.0,0.0,-0.0,-0.0,0.0,0.0,0.0,0.0,0.0,-0.0,0.0,0.0,0.0,0.0,0.0,0.0,0.0,0.0,0.0,4.0,0.0,0.0
11915700,297.35528564453125,303.1499938964844,285.1499938964844,0.0,-0.0,291.1227111816406,0.0,0.0,9.411556675331668e-05,297.488037109375,303.1499938964844,285.1499938964844,0.0,-0.0,291.1228942871094,0.0,0.0,9.91082561085932e-05,297.49151611328125,303.1499938964844,285.1499938964844,0.0,-0.0,291.1229553222656,0.0,0.0,7.320103031815961e-05,297.3861389160156,303.1499938964844,285.1499938964844,0.0,-0.0,291.1229248046875,0.0,0.0,9.91082633845508e-05,297.61993408203125,303.1499938964844,285.1499938964844,0.0,-0.0,291.1227722167969,0.0,0.0,0.0004701267753262,291.1163635253906,294.1499938964844,285.3768310546875,284.7289123535156,286.5277404785156,285.3791809082031,290.8954772949219,0.0,0.0,0.0,0.0,1.0,1.0,-0.0010028390679508,6.196064550323399e-09,0.0010028328979387,-0.0152849685400724,0.0,0.0,0.0,-0.0078844707459211,60.0,-3.797995567321777,-0.0,-6.856808454358544e-08,0.0,293.1499938964844,293.1499938964844,293.1499938964844,293.1499938964844,293.1499938964844,293.1499938964844,278.1499938964844,0.0,18000.0,313.1499938964844,0.0,18000.0,0.0,0.0,0.0,0.0,0.0,0.0,0.0,0.0,0.0,0.0,-0.0,-0.0,0.0,0.0,0.0,0.0,0.0,-0.0,0.0,0.0,0.0,0.0,0.0,0.0,0.0,0.0,0.0,4.0,0.0,0.0
11915760,297.35382080078125,303.1499938964844,285.1499938964844,0.0,-0.0,291.1221923828125,0.0,0.0,9.412123472429812e-05,297.4866943359375,303.1499938964844,285.1499938964844,0.0,-0.0,291.12237548828125,0.0,0.0,9.911422239383684e-05,297.4901428222656,303.1499938964844,285.1499938964844,0.0,-0.0,291.1224365234375,0.0,0.0,7.32054395484738e-05,297.3852233886719,303.1499938964844,285.1499938964844,0.0,-0.0,291.1224060058594,0.0,0.0,9.911422966979444e-05,297.61883544921875,303.1499938964844,285.1499938964844,0.0,-0.0,291.12225341796875,0.0,0.0,0.0004701550933532,291.1156921386719,294.1499938964844,285.372802734375,284.7276611328125,286.5174560546875,285.37860107421875,290.89410400390625,0.0,0.0,0.0,0.0,1.0,1.0,-0.0010028991382569,6.203090485712437e-09,0.0010028929682448,-0.0153033733367919,0.0,0.0,0.0,-0.0078879538923501,60.0,-3.799652576446533,-0.0,-6.857630552303817e-08,0.0,293.1499938964844,293.1499938964844,293.1499938964844,293.1499938964844,293.1499938964844,293.1499938964844,278.1499938964844,0.0,18000.0,313.1499938964844,0.0,18000.0,0.0,0.0,0.0,0.0,0.0,0.0,0.0,0.0,0.0,0.0,-0.0,-0.0,0.0,0.0,0.0,0.0,0.0,-0.0,0.0,0.0,0.0,0.0,0.0,0.0,0.0,0.0,0.0,4.0,0.0,0.0
11915820,297.3509521484375,303.1499938964844,285.1499938964844,0.0,-0.0,291.12115478515625,0.0,0.0,9.412669169250876e-05,297.4839782714844,303.1499938964844,285.1499938964844,0.0,-0.0,291.121337890625,0.0,0.0,9.911997040035204e-05,297.4874267578125,303.1499938964844,285.1499938964844,0.0,-0.0,291.1213684082031,0.0,0.0,7.320968143176287e-05,297.38336181640625,303.1499938964844,285.1499938964844,0.0,-0.0,291.121337890625,0.0,0.0,9.911997767630965e-05,297.6167297363281,303.1499938964844,285.1499938964844,0.0,-0.0,291.1212158203125,0.0,0.0,0.0004701823636423,291.11431884765625,294.1499938964844,285.3628234863281,284.72369384765625,286.4970397949219,285.3760681152344,290.891357421875,0.0,0.0,0.0,0.0,1.0,1.0,-0.0010029567638412,6.209822434044554e-09,0.0010029505938291,-0.0153210079297423,0.0,0.0,0.0,-0.007891290821135,60.0,-3.804031610488892,-0.0,-6.85841783365504e-08,0.0,293.1499938964844,293.1499938964844,293.1499938964844,293.1499938964844,293.1499938964844,293.1499938964844,278.1499938964844,0.0,18000.0,313.1499938964844,0.0,18000.0,0.0,0.0,0.0,0.0,0.0,0.0,0.0,0.0,0.0,0.0,-0.0,-0.0,0.0,0.0,0.0,0.0,0.0,-0.0,0.0,0.0,0.0,0.0,0.0,0.0,0.0,0.0,0.0,4.0,0.0,0.0
11915880,297.3509521484375,303.1499938964844,285.1499938964844,0.0,-0.0,291.12115478515625,0.0,0.0,9.412669169250876e-05,297.4839782714844,303.1499938964844,285.1499938964844,0.0,-0.0,291.121337890625,0.0,0.0,9.911997040035204e-05,297.4874267578125,303.1499938964844,285.1499938964844,0.0,-0.0,291.1213684082031,0.0,0.0,7.320968143176287e-05,297.38336181640625,303.1499938964844,285.1499938964844,0.0,-0.0,291.121337890625,0.0,0.0,9.911997767630965e-05,297.6167297363281,303.1499938964844,285.1499938964844,0.0,-0.0,291.1212158203125,0.0,0.0,0.0004701823636423,291.11431884765625,294.1499938964844,285.3628234863281,284.72369384765625,286.4970397949219,285.3760681152344,290.891357421875,0.0,0.0,0.0,0.0,1.0,1.0,-0.0010029567638412,6.209822434044554e-09,0.0010029505938291,-0.0153210079297423,0.0,0.0,0.0,-0.007891290821135,60.0,-3.804031610488892,-0.0,-6.85841783365504e-08,0.0,293.1499938964844,293.1499938964844,293.1499938964844,293.1499938964844,293.1499938964844,293.1499938964844,278.1499938964844,0.0,18000.0,313.1499938964844,0.0,18000.0,0.0,0.0,0.0,0.0,0.0,0.0,0.0,0.0,0.0,0.0,-0.0,-0.0,0.0,0.0,0.0,0.0,0.0,-0.0,0.0,0.0,0.0,0.0,0.0,0.0,0.0,0.0,0.0,4.0,0.0,0.0
11915940,297.3482360839844,303.1499938964844,285.1499938964844,0.0,-0.0,291.1200866699219,0.0,0.0,9.412383224116638e-05,297.4812927246094,303.1499938964844,285.1499938964844,0.0,-0.0,291.1202697753906,0.0,0.0,9.911696542985736e-05,297.4847412109375,303.1499938964844,285.1499938964844,0.0,-0.0,291.1203308105469,0.0,0.0,7.320746226469055e-05,297.3813781738281,303.1499938964844,285.1499938964844,0.0,-0.0,291.12030029296875,0.0,0.0,9.911696542985736e-05,297.6146240234375,303.1499938964844,285.1499938964844,0.0,-0.0,291.1201477050781,0.0,0.0,0.0004701680736616,291.1129150390625,294.1499938964844,285.3500061035156,284.7176208496094,286.476806640625,285.3715209960937,290.8886413574219,0.0,0.0,0.0,0.0,1.0,1.0,-0.0010029257973656,6.206193337021659e-09,0.0010029195109382,-0.0153115009889006,0.0,0.0,0.0,-0.0078894924372434,60.0,-3.809959888458252,-0.0,-6.857992929099056e-08,0.0,293.1499938964844,293.1499938964844,293.1499938964844,293.1499938964844,293.1499938964844,293.1499938964844,278.1499938964844,0.0,18000.0,313.1499938964844,0.0,18000.0,0.0,0.0,0.0,0.0,0.0,0.0,0.0,0.0,0.0,0.0,-0.0,-0.0,0.0,0.0,0.0,0.0,0.0,-0.0,0.0,0.0,0.0,0.0,0.0,0.0,0.0,0.0,0.0,4.0,0.0,0.0
11916000,297.3482360839844,303.1499938964844,285.1499938964844,0.0,-0.0,291.1200866699219,0.0,0.0,9.412383224116638e-05,297.4812927246094,303.1499938964844,285.1499938964844,0.0,-0.0,291.1202697753906,0.0,0.0,9.911696542985736e-05,297.4847412109375,303.1499938964844,285.1499938964844,0.0,-0.0,291.1203308105469,0.0,0.0,7.320746226469055e-05,297.3813781738281,303.1499938964844,285.1499938964844,0.0,-0.0,291.12030029296875,0.0,0.0,9.911696542985736e-05,297.6146240234375,303.1499938964844,285.1499938964844,0.0,-0.0,291.1201477050781,0.0,0.0,0.0004701680736616,291.1129150390625,294.1499938964844,285.3500061035156,284.7176208496094,286.476806640625,285.3715209960937,290.8886413574219,0.0,0.0,0.0,0.0,1.0,1.0,-0.0010029257973656,6.206193337021659e-09,0.0010029195109382,-0.0153115009889006,0.0,0.0,0.0,-0.0078894924372434,60.0,-3.809959888458252,-0.0,-6.857992929099056e-08,0.0,293.1499938964844,293.1499938964844,293.1499938964844,293.1499938964844,293.1499938964844,293.1499938964844,278.1499938964844,0.0,18000.0,313.1499938964844,0.0,18000.0,0.0,0.0,0.0,0.0,0.0,0.0,0.0,0.0,0.0,0.0,-0.0,-0.0,0.0,0.0,0.0,0.0,0.0,-0.0,0.0,0.0,0.0,0.0,0.0,0.0,0.0,0.0,0.0,4.0,0.0,0.0
11916060,297.3456726074219,303.1499938964844,285.1499938964844,0.0,-0.0,291.1190185546875,0.0,0.0,9.411203063791618e-05,297.4786071777344,303.1499938964844,285.1499938964844,0.0,-0.0,291.11920166015625,0.0,0.0,9.910453809425236e-05,297.4820556640625,303.1499938964844,285.1499938964844,0.0,-0.0,291.1192321777344,0.0,0.0,7.319828000618145e-05,297.3792724609375,303.1499938964844,285.1499938964844,0.0,-0.0,291.1192321777344,0.0,0.0,9.910453809425236e-05,297.6125793457031,303.1499938964844,285.1499938964844,0.0,-0.0,291.1190795898437,0.0,0.0,0.0004701091384049,291.11151123046875,294.1499938964844,285.3356018066406,284.7104797363281,286.4566650390625,285.3648986816406,290.8858947753906,0.0,0.0,0.0,0.0,1.0,1.0,-0.0010027994867414,6.191420265366787e-09,0.001002793200314,-0.0152728026732802,0.0,0.0,0.0,-0.0078821685165166,60.0,-3.817134141921997,-0.0,-6.856265599708422e-08,0.0,293.1499938964844,293.1499938964844,293.1499938964844,293.1499938964844,293.1499938964844,293.1499938964844,278.1499938964844,0.0,18000.0,313.1499938964844,0.0,18000.0,0.0,0.0,0.0,0.0,0.0,0.0,0.0,0.0,0.0,0.0,-0.0,-0.0,0.0,0.0,0.0,0.0,0.0,-0.0,0.0,0.0,0.0,0.0,0.0,0.0,0.0,0.0,0.0,4.0,0.0,0.0
11916120,297.3456726074219,303.1499938964844,285.1499938964844,0.0,-0.0,291.1190185546875,0.0,0.0,9.411203063791618e-05,297.4786071777344,303.1499938964844,285.1499938964844,0.0,-0.0,291.11920166015625,0.0,0.0,9.910453809425236e-05,297.4820556640625,303.1499938964844,285.1499938964844,0.0,-0.0,291.1192321777344,0.0,0.0,7.319828000618145e-05,297.3792724609375,303.1499938964844,285.1499938964844,0.0,-0.0,291.1192321777344,0.0,0.0,9.910453809425236e-05,297.6125793457031,303.1499938964844,285.1499938964844,0.0,-0.0,291.1190795898437,0.0,0.0,0.0004701091384049,291.11151123046875,294.1499938964844,285.3356018066406,284.7104797363281,286.4566650390625,285.3648986816406,290.8858947753906,0.0,0.0,0.0,0.0,1.0,1.0,-0.0010027994867414,6.191420265366787e-09,0.001002793200314,-0.0152728026732802,0.0,0.0,0.0,-0.0078821685165166,60.0,-3.817134141921997,-0.0,-6.856265599708422e-08,0.0,293.1499938964844,293.1499938964844,293.1499938964844,293.1499938964844,293.1499938964844,293.1499938964844,278.1499938964844,0.0,18000.0,313.1499938964844,0.0,18000.0,0.0,0.0,0.0,0.0,0.0,0.0,0.0,0.0,0.0,0.0,-0.0,-0.0,0.0,0.0,0.0,0.0,0.0,-0.0,0.0,0.0,0.0,0.0,0.0,0.0,0.0,0.0,0.0,4.0,0.0,0.0
11916180,297.34326171875,303.1499938964844,285.1499938964844,0.0,-0.0,291.1179504394531,0.0,0.0,9.409149060957134e-05,297.4759216308594,303.1499938964844,285.1499938964844,0.0,-0.0,291.1181335449219,0.0,0.0,9.908290667226538e-05,297.4794006347656,303.1499938964844,285.1499938964844,0.0,-0.0,291.1181640625,0.0,0.0,7.31823020032607e-05,297.37713623046875,303.1499938964844,285.1499938964844,0.0,-0.0,291.1181335449219,0.0,0.0,9.908290667226538e-05,297.61053466796875,303.1499938964844,285.1499938964844,0.0,-0.0,291.1180114746094,0.0,0.0,0.0004700065182987,291.110107421875,294.1499938964844,285.3209533691406,284.7032775878906,286.4366149902344,285.3565368652344,290.8831481933594,0.0,0.0,0.0,0.0,1.0,1.0,-0.0010025800438597,6.165759458554021e-09,0.0010025738738477,-0.0152055826038122,0.0,0.0,0.0,-0.00786944758147,60.0,-3.824535369873047,-0.0,-6.853264977735307e-08,0.0,293.1499938964844,293.1499938964844,293.1499938964844,293.1499938964844,293.1499938964844,293.1499938964844,278.1499938964844,0.0,18000.0,313.1499938964844,0.0,18000.0,0.0,0.0,0.0,0.0,0.0,0.0,0.0,0.0,0.0,0.0,-0.0,-0.0,0.0,0.0,0.0,0.0,0.0,-0.0,0.0,0.0,0.0,0.0,0.0,0.0,0.0,0.0,0.0,4.0,0.0,0.0
11916240,297.34326171875,303.1499938964844,285.1499938964844,0.0,-0.0,291.1179504394531,0.0,0.0,9.409149060957134e-05,297.4759216308594,303.1499938964844,285.1499938964844,0.0,-0.0,291.1181335449219,0.0,0.0,9.908290667226538e-05,297.4794006347656,303.1499938964844,285.1499938964844,0.0,-0.0,291.1181640625,0.0,0.0,7.31823020032607e-05,297.37713623046875,303.1499938964844,285.1499938964844,0.0,-0.0,291.1181335449219,0.0,0.0,9.908290667226538e-05,297.61053466796875,303.1499938964844,285.1499938964844,0.0,-0.0,291.1180114746094,0.0,0.0,0.0004700065182987,291.110107421875,294.1499938964844,285.3209533691406,284.7032775878906,286.4366149902344,285.3565368652344,290.8831481933594,0.0,0.0,0.0,0.0,1.0,1.0,-0.0010025800438597,6.165759458554021e-09,0.0010025738738477,-0.0152055826038122,0.0,0.0,0.0,-0.00786944758147,60.0,-3.824535369873047,-0.0,-6.853264977735307e-08,0.0,293.1499938964844,293.1499938964844,293.1499938964844,293.1499938964844,293.1499938964844,293.1499938964844,278.1499938964844,0.0,18000.0,313.1499938964844,0.0,18000.0,0.0,0.0,0.0,0.0,0.0,0.0,0.0,0.0,0.0,0.0,-0.0,-0.0,0.0,0.0,0.0,0.0,0.0,-0.0,0.0,0.0,0.0,0.0,0.0,0.0,0.0,0.0,0.0,4.0,0.0,0.0
11916300,297.3421325683594,303.1499938964844,285.1499938964844,0.0,-0.0,291.1174011230469,0.0,0.0,9.407810284756124e-05,297.4745788574219,303.1499938964844,285.1499938964844,0.0,-0.0,291.1175842285156,0.0,0.0,9.906880586640908e-05,297.47808837890625,303.1499938964844,285.1499938964844,0.0,-0.0,291.1176147460937,0.0,0.0,7.31718901079148e-05,297.3760681152344,303.1499938964844,285.1499938964844,0.0,-0.0,291.1175842285156,0.0,0.0,9.906881314236672e-05,297.60955810546875,303.1499938964844,285.1499938964844,0.0,-0.0,291.1174621582031,0.0,0.0,0.0004699396376963,291.1094055175781,294.1499938964844,285.31353759765625,284.6996765136719,286.4266357421875,285.351806640625,290.8818054199219,0.0,0.0,0.0,0.0,1.0,1.0,-0.0010024370858445,6.149045717052104e-09,0.0010024309158325,-0.0151618001982569,0.0,0.0,0.0,-0.0078611616045236,60.0,-3.828190326690674,-0.0,-6.851310985211968e-08,0.0,293.1499938964844,293.1499938964844,293.1499938964844,293.1499938964844,293.1499938964844,293.1499938964844,278.1499938964844,0.0,18000.0,313.1499938964844,0.0,18000.0,0.0,0.0,0.0,0.0,0.0,0.0,0.0,0.0,0.0,0.0,-0.0,-0.0,0.0,0.0,0.0,0.0,0.0,-0.0,0.0,0.0,0.0,0.0,0.0,0.0,0.0,0.0,0.0,4.0,0.0,0.0
11916360,297.3410339355469,303.1499938964844,285.1499938964844,0.0,-0.0,291.1168518066406,0.0,0.0,9.406285971635953e-05,297.4732360839844,303.1499938964844,285.1499938964844,0.0,-0.0,291.1170349121094,0.0,0.0,9.90527478279546e-05,297.4767761230469,303.1499938964844,285.1499938964844,0.0,-0.0,291.1170654296875,0.0,0.0,7.316003029700369e-05,297.3749694824219,303.1499938964844,285.1499938964844,0.0,-0.0,291.1170349121094,0.0,0.0,9.90527551039122e-05,297.6085510253906,303.1499938964844,285.1499938964844,0.0,-0.0,291.11688232421875,0.0,0.0,0.0004698635020758,291.1086730957031,294.1499938964844,285.3060607910156,284.696044921875,286.41668701171875,285.3467712402344,290.88043212890625,0.0,0.0,0.0,0.0,1.0,1.0,-0.0010022743372246,6.1300169384992395e-09,0.0010022682836279,-0.0151119520887732,0.0,0.0,0.0,-0.0078517282381653,60.0,-3.8318076133728014,-0.0,-6.849086275906302e-08,0.0,293.1499938964844,293.1499938964844,293.1499938964844,293.1499938964844,293.1499938964844,293.1499938964844,278.1499938964844,0.0,18000.0,313.1499938964844,0.0,18000.0,0.0,0.0,0.0,0.0,0.0,0.0,0.0,0.0,0.0,0.0,-0.0,-0.0,0.0,0.0,0.0,0.0,0.0,-0.0,0.0,0.0,0.0,0.0,0.0,0.0,0.0,0.0,0.0,4.0,0.0,0.0
11916420,297.3390197753906,303.1499938964844,285.1499938964844,0.0,-0.0,291.11572265625,0.0,0.0,9.402682189829648e-05,297.4705810546875,303.1499938964844,285.1499938964844,0.0,-0.0,291.11590576171875,0.0,0.0,9.901480370899662e-05,297.47418212890625,303.1499938964844,285.1499938964844,0.0,-0.0,291.1159362792969,0.0,0.0,7.313200330827385e-05,297.37286376953125,303.1499938964844,285.1499938964844,0.0,-0.0,291.11590576171875,0.0,0.0,9.901480370899662e-05,297.60662841796875,303.1499938964844,285.1499938964844,0.0,-0.0,291.11578369140625,0.0,0.0,0.0004696834657806,291.10723876953125,294.1499938964844,285.2909545898437,284.6888122558594,286.3968505859375,285.3359680175781,290.877685546875,0.0,0.0,0.0,0.0,1.0,1.0,-0.0010018898174166,6.0850506855558714e-09,0.0010018837638199,-0.0149941593408584,0.0,0.0,0.0,-0.0078294370323419,60.0,-3.838924884796143,-0.0,-6.843831812375356e-08,0.0,293.1499938964844,293.1499938964844,293.1499938964844,293.1499938964844,293.1499938964844,293.1499938964844,278.1499938964844,0.0,18000.0,313.1499938964844,0.0,18000.0,0.0,0.0,0.0,0.0,0.0,0.0,0.0,0.0,0.0,0.0,-0.0,-0.0,0.0,0.0,0.0,0.0,0.0,-0.0,0.0,0.0,0.0,0.0,0.0,0.0,0.0,0.0,0.0,4.0,0.0,0.0
11916480,297.3390197753906,303.1499938964844,285.1499938964844,0.0,-0.0,291.11572265625,0.0,0.0,9.402682189829648e-05,297.4705810546875,303.1499938964844,285.1499938964844,0.0,-0.0,291.11590576171875,0.0,0.0,9.901480370899662e-05,297.47418212890625,303.1499938964844,285.1499938964844,0.0,-0.0,291.1159362792969,0.0,0.0,7.313200330827385e-05,297.37286376953125,303.1499938964844,285.1499938964844,0.0,-0.0,291.11590576171875,0.0,0.0,9.901480370899662e-05,297.60662841796875,303.1499938964844,285.1499938964844,0.0,-0.0,291.11578369140625,0.0,0.0,0.0004696834657806,291.10723876953125,294.1499938964844,285.2909545898437,284.6888122558594,286.3968505859375,285.3359680175781,290.877685546875,0.0,0.0,0.0,0.0,1.0,1.0,-0.0010018898174166,6.0850506855558714e-09,0.0010018837638199,-0.0149941593408584,0.0,0.0,0.0,-0.0078294370323419,60.0,-3.838924884796143,-0.0,-6.843831812375356e-08,0.0,293.1499938964844,293.1499938964844,293.1499938964844,293.1499938964844,293.1499938964844,293.1499938964844,278.1499938964844,0.0,18000.0,313.1499938964844,0.0,18000.0,0.0,0.0,0.0,0.0,0.0,0.0,0.0,0.0,0.0,0.0,-0.0,-0.0,0.0,0.0,0.0,0.0,0.0,-0.0,0.0,0.0,0.0,0.0,0.0,0.0,0.0,0.0,0.0,4.0,0.0,0.0
11916540,297.337158203125,303.1499938964844,285.1499938964844,0.0,-0.0,291.1145935058594,0.0,0.0,9.398406109539792e-05,297.4679260253906,303.1499938964844,285.1499938964844,0.0,-0.0,291.1147766113281,0.0,0.0,9.896977280732244e-05,297.4716186523437,303.1499938964844,285.1499938964844,0.0,-0.0,291.11480712890625,0.0,0.0,7.309874490601942e-05,297.3707580566406,303.1499938964844,285.1499938964844,0.0,-0.0,291.1147766113281,0.0,0.0,9.896977280732244e-05,297.604736328125,303.1499938964844,285.1499938964844,0.0,-0.0,291.1146545410156,0.0,0.0,0.0004694698727689,291.1058044433594,294.1499938964844,285.2756652832031,284.6815185546875,286.3770751953125,285.3242492675781,290.8749389648437,0.0,0.0,0.0,0.0,1.0,1.0,-0.0010014335857704,6.031705801490261e-09,0.001001427648589,-0.0148544162511825,0.0,0.0,0.0,-0.0078029916621744,60.0,-3.8458948135375977,-0.0,-6.83760035258274e-08,0.0,293.1499938964844,293.1499938964844,293.1499938964844,293.1499938964844,293.1499938964844,293.1499938964844,278.1499938964844,0.0,18000.0,313.1499938964844,0.0,18000.0,0.0,0.0,0.0,0.0,0.0,0.0,0.0,0.0,0.0,0.0,-0.0,-0.0,0.0,0.0,0.0,0.0,0.0,-0.0,0.0,0.0,0.0,0.0,0.0,0.0,0.0,0.0,0.0,4.0,0.0,0.0
11916600,297.337158203125,303.1499938964844,285.1499938964844,0.0,-0.0,291.1145935058594,0.0,0.0,9.398406109539792e-05,297.4679260253906,303.1499938964844,285.1499938964844,0.0,-0.0,291.1147766113281,0.0,0.0,9.896977280732244e-05,297.4716186523437,303.1499938964844,285.1499938964844,0.0,-0.0,291.11480712890625,0.0,0.0,7.309874490601942e-05,297.3707580566406,303.1499938964844,285.1499938964844,0.0,-0.0,291.1147766113281,0.0,0.0,9.896977280732244e-05,297.604736328125,303.1499938964844,285.1499938964844,0.0,-0.0,291.1146545410156,0.0,0.0,0.0004694698727689,291.1058044433594,294.1499938964844,285.2756652832031,284.6815185546875,286.3770751953125,285.3242492675781,290.8749389648437,0.0,0.0,0.0,0.0,1.0,1.0,-0.0010014335857704,6.031705801490261e-09,0.001001427648589,-0.0148544162511825,0.0,0.0,0.0,-0.0078029916621744,60.0,-3.8458948135375977,-0.0,-6.83760035258274e-08,0.0,293.1499938964844,293.1499938964844,293.1499938964844,293.1499938964844,293.1499938964844,293.1499938964844,278.1499938964844,0.0,18000.0,313.1499938964844,0.0,18000.0,0.0,0.0,0.0,0.0,0.0,0.0,0.0,0.0,0.0,0.0,-0.0,-0.0,0.0,0.0,0.0,0.0,0.0,-0.0,0.0,0.0,0.0,0.0,0.0,0.0,0.0,0.0,0.0,4.0,0.0,0.0
11916660,297.33551025390625,303.1499938964844,285.1499938964844,0.0,-0.0,291.11346435546875,0.0,0.0,9.393527579959482e-05,297.46533203125,303.1499938964844,285.1499938964844,0.0,-0.0,291.1136474609375,0.0,0.0,9.89183972706087e-05,297.4690856933594,303.1499938964844,285.1499938964844,0.0,-0.0,291.1136779785156,0.0,0.0,7.306080078706145e-05,297.3687438964844,303.1499938964844,285.1499938964844,0.0,-0.0,291.1136474609375,0.0,0.0,9.891840454656632e-05,297.6029052734375,303.1499938964844,285.1499938964844,0.0,-0.0,291.113525390625,0.0,0.0,0.0004692261863965,291.1043395996094,294.1499938964844,285.2601318359375,284.6742248535156,286.357421875,285.3118591308594,290.8722229003906,0.0,0.0,0.0,0.0,1.0,1.0,-0.0010009133256971,5.970861138848704e-09,0.0010009073885157,-0.0146950259804725,0.0,0.0,0.0,-0.0077728284522891,60.0,-3.85273814201355,-0.0,-6.830497056853346e-08,0.0,293.1499938964844,293.1499938964844,293.1499938964844,293.1499938964844,293.1499938964844,293.1499938964844,278.1499938964844,0.0,18000.0,313.1499938964844,0.0,18000.0,0.0,0.0,0.0,0.0,0.0,0.0,0.0,0.0,0.0,0.0,-0.0,-0.0,0.0,0.0,0.0,0.0,0.0,-0.0,0.0,0.0,0.0,0.0,0.0,0.0,0.0,0.0,0.0,4.0,0.0,0.0
11916720,297.33551025390625,303.1499938964844,285.1499938964844,0.0,-0.0,291.11346435546875,0.0,0.0,9.393527579959482e-05,297.46533203125,303.1499938964844,285.1499938964844,0.0,-0.0,291.1136474609375,0.0,0.0,9.89183972706087e-05,297.4690856933594,303.1499938964844,285.1499938964844,0.0,-0.0,291.1136779785156,0.0,0.0,7.306080078706145e-05,297.3687438964844,303.1499938964844,285.1499938964844,0.0,-0.0,291.1136474609375,0.0,0.0,9.891840454656632e-05,297.6029052734375,303.1499938964844,285.1499938964844,0.0,-0.0,291.113525390625,0.0,0.0,0.0004692261863965,291.1043395996094,294.1499938964844,285.2601318359375,284.6742248535156,286.357421875,285.3118591308594,290.8722229003906,0.0,0.0,0.0,0.0,1.0,1.0,-0.0010009133256971,5.970861138848704e-09,0.0010009073885157,-0.0146950259804725,0.0,0.0,0.0,-0.0077728284522891,60.0,-3.85273814201355,-0.0,-6.830497056853346e-08,0.0,293.1499938964844,293.1499938964844,293.1499938964844,293.1499938964844,293.1499938964844,293.1499938964844,278.1499938964844,0.0,18000.0,313.1499938964844,0.0,18000.0,0.0,0.0,0.0,0.0,0.0,0.0,0.0,0.0,0.0,0.0,-0.0,-0.0,0.0,0.0,0.0,0.0,0.0,-0.0,0.0,0.0,0.0,0.0,0.0,0.0,0.0,0.0,0.0,4.0,0.0,0.0
11916780,297.3340148925781,303.1499938964844,285.1499938964844,0.0,-0.0,291.1123046875,0.0,0.0,9.388117905473337e-05,297.4627380371094,303.1499938964844,285.1499938964844,0.0,-0.0,291.11248779296875,0.0,0.0,9.886143379844724e-05,297.46661376953125,303.1499938964844,285.1499938964844,0.0,-0.0,291.1125183105469,0.0,0.0,7.301872392417863e-05,297.36676025390625,303.1499938964844,285.1499938964844,0.0,-0.0,291.11248779296875,0.0,0.0,9.886144107440488e-05,297.60113525390625,303.1499938964844,285.1499938964844,0.0,-0.0,291.11236572265625,0.0,0.0,0.0004689559573307,291.10284423828125,294.1499938964844,285.24444580078125,284.6668701171875,286.3378295898437,285.2989196777344,290.8694763183594,0.0,0.0,0.0,0.0,1.0,1.0,-0.0010003363713622,5.903397770623542e-09,0.0010003304341807,-0.0145182972773909,0.0,0.0,0.0,-0.0077393841929733,60.0,-3.8594753742218018,-0.0,-6.822624243341124e-08,0.0,293.1499938964844,293.1499938964844,293.1499938964844,293.1499938964844,293.1499938964844,293.1499938964844,278.1499938964844,0.0,18000.0,313.1499938964844,0.0,18000.0,0.0,0.0,0.0,0.0,0.0,0.0,0.0,0.0,0.0,0.0,-0.0,-0.0,0.0,0.0,0.0,0.0,0.0,-0.0,0.0,0.0,0.0,0.0,0.0,0.0,0.0,0.0,0.0,4.0,0.0,0.0
11916840,297.3340148925781,303.1499938964844,285.1499938964844,0.0,-0.0,291.1123046875,0.0,0.0,9.388117905473337e-05,297.4627380371094,303.1499938964844,285.1499938964844,0.0,-0.0,291.11248779296875,0.0,0.0,9.886143379844724e-05,297.46661376953125,303.1499938964844,285.1499938964844,0.0,-0.0,291.1125183105469,0.0,0.0,7.301872392417863e-05,297.36676025390625,303.1499938964844,285.1499938964844,0.0,-0.0,291.11248779296875,0.0,0.0,9.886144107440488e-05,297.60113525390625,303.1499938964844,285.1499938964844,0.0,-0.0,291.11236572265625,0.0,0.0,0.0004689559573307,291.10284423828125,294.1499938964844,285.24444580078125,284.6668701171875,286.3378295898437,285.2989196777344,290.8694763183594,0.0,0.0,0.0,0.0,1.0,1.0,-0.0010003363713622,5.903397770623542e-09,0.0010003304341807,-0.0145182972773909,0.0,0.0,0.0,-0.0077393841929733,60.0,-3.8594753742218018,-0.0,-6.822624243341124e-08,0.0,293.1499938964844,293.1499938964844,293.1499938964844,293.1499938964844,293.1499938964844,293.1499938964844,278.1499938964844,0.0,18000.0,313.1499938964844,0.0,18000.0,0.0,0.0,0.0,0.0,0.0,0.0,0.0,0.0,0.0,0.0,-0.0,-0.0,0.0,0.0,0.0,0.0,0.0,-0.0,0.0,0.0,0.0,0.0,0.0,0.0,0.0,0.0,0.0,4.0,0.0,0.0
11916900,297.3333435058594,303.1499938964844,285.1499938964844,0.0,-0.0,291.1117248535156,0.0,0.0,9.385233715875074e-05,297.4614562988281,303.1499938964844,285.1499938964844,0.0,-0.0,291.1119079589844,0.0,0.0,9.883105667540804e-05,297.46539306640625,303.1499938964844,285.1499938964844,0.0,-0.0,291.1119384765625,0.0,0.0,7.29962921468541e-05,297.3658142089844,303.1499938964844,285.1499938964844,0.0,-0.0,291.1119079589844,0.0,0.0,9.883106395136564e-05,297.60028076171875,303.1499938964844,285.1499938964844,0.0,-0.0,291.1117858886719,0.0,0.0,0.00046881189337,291.10211181640625,294.1499938964844,285.23651123046875,284.6632080078125,286.3280639648437,285.2922668457031,290.8681030273437,0.0,0.0,0.0,0.0,1.0,1.0,-0.0010000288020819,5.867427432804106e-09,0.0010000228649005,-0.0144240669906139,0.0,0.0,0.0,-0.0077215521596372,60.0,-3.862809419631958,-0.0,-6.818429199029198e-08,0.0,293.1499938964844,293.1499938964844,293.1499938964844,293.1499938964844,293.1499938964844,293.1499938964844,278.1499938964844,0.0,18000.0,313.1499938964844,0.0,18000.0,0.0,0.0,0.0,0.0,0.0,0.0,0.0,0.0,0.0,0.0,-0.0,-0.0,0.0,0.0,0.0,0.0,0.0,-0.0,0.0,0.0,0.0,0.0,0.0,0.0,0.0,0.0,0.0,4.0,0.0,0.0
11916960,297.33270263671875,303.1499938964844,285.1499938964844,0.0,-0.0,291.11114501953125,0.0,0.0,9.382246935274452e-05,297.460205078125,303.1499938964844,285.1499938964844,0.0,-0.0,291.111328125,0.0,0.0,9.879960998659952e-05,297.46417236328125,303.1499938964844,285.1499938964844,0.0,-0.0,291.1113586425781,0.0,0.0,7.297306001419201e-05,297.3648681640625,303.1499938964844,285.1499938964844,0.0,-0.0,291.111328125,0.0,0.0,9.879961726255716e-05,297.59942626953125,303.1499938964844,285.1499938964844,0.0,-0.0,291.1112060546875,0.0,0.0,0.000468662707135,291.1013488769531,294.1499938964844,285.2285461425781,284.6595458984375,286.3183288574219,285.2855224609375,290.8667297363281,0.0,0.0,0.0,0.0,1.0,1.0,-0.0009997102897614,5.830189664379759e-09,0.0009997044689953,-0.0143265165388584,0.0,0.0,0.0,-0.0077030914835631,60.0,-3.866126298904419,-0.0,-6.814087072370968e-08,0.0,293.1499938964844,293.1499938964844,293.1499938964844,293.1499938964844,293.1499938964844,293.1499938964844,278.1499938964844,0.0,18000.0,313.1499938964844,0.0,18000.0,0.0,0.0,0.0,0.0,0.0,0.0,0.0,0.0,0.0,0.0,-0.0,-0.0,0.0,0.0,0.0,0.0,0.0,-0.0,0.0,0.0,0.0,0.0,0.0,0.0,0.0,0.0,0.0,4.0,0.0,0.0
11917020,297.3315124511719,303.1499938964844,285.1499938964844,0.0,-0.0,291.1099548339844,0.0,0.0,9.37598742893897e-05,297.4576721191406,303.1499938964844,285.1499938964844,0.0,-0.0,291.1101379394531,0.0,0.0,9.873368981061505e-05,297.4617919921875,303.1499938964844,285.1499938964844,0.0,-0.0,291.11016845703125,0.0,0.0,7.292437658179551e-05,297.3630065917969,303.1499938964844,285.1499938964844,0.0,-0.0,291.1101379394531,0.0,0.0,9.873369708657263e-05,297.5977478027344,303.1499938964844,285.1499938964844,0.0,-0.0,291.1100158691406,0.0,0.0,0.0004683500155806,291.099853515625,294.1499938964844,285.21246337890625,284.65216064453125,286.29888916015625,285.2717590332031,290.8639831542969,0.0,0.0,0.0,0.0,1.0,1.0,-0.000999042764306,5.7521347684996735e-09,0.0009990370599552,-0.0141220381483435,0.0,0.0,0.0,-0.0076643964275717,60.0,-3.872715473175049,-0.0,-6.80498999372503e-08,0.0,293.1499938964844,293.1499938964844,293.1499938964844,293.1499938964844,293.1499938964844,293.1499938964844,278.1499938964844,0.0,18000.0,313.1499938964844,0.0,18000.0,0.0,0.0,0.0,0.0,0.0,0.0,0.0,0.0,0.0,0.0,-0.0,-0.0,0.0,0.0,0.0,0.0,0.0,-0.0,0.0,0.0,0.0,0.0,0.0,0.0,0.0,0.0,0.0,4.0,0.0,0.0
11917080,297.3315124511719,303.1499938964844,285.1499938964844,0.0,-0.0,291.1099548339844,0.0,0.0,9.37598742893897e-05,297.4576721191406,303.1499938964844,285.1499938964844,0.0,-0.0,291.1101379394531,0.0,0.0,9.873368981061505e-05,297.4617919921875,303.1499938964844,285.1499938964844,0.0,-0.0,291.11016845703125,0.0,0.0,7.292437658179551e-05,297.3630065917969,303.1499938964844,285.1499938964844,0.0,-0.0,291.1101379394531,0.0,0.0,9.873369708657263e-05,297.5977478027344,303.1499938964844,285.1499938964844,0.0,-0.0,291.1100158691406,0.0,0.0,0.0004683500155806,291.099853515625,294.1499938964844,285.21246337890625,284.65216064453125,286.29888916015625,285.2717590332031,290.8639831542969,0.0,0.0,0.0,0.0,1.0,1.0,-0.000999042764306,5.7521347684996735e-09,0.0009990370599552,-0.0141220381483435,0.0,0.0,0.0,-0.0076643964275717,60.0,-3.872715473175049,-0.0,-6.80498999372503e-08,0.0,293.1499938964844,293.1499938964844,293.1499938964844,293.1499938964844,293.1499938964844,293.1499938964844,278.1499938964844,0.0,18000.0,313.1499938964844,0.0,18000.0,0.0,0.0,0.0,0.0,0.0,0.0,0.0,0.0,0.0,0.0,-0.0,-0.0,0.0,0.0,0.0,0.0,0.0,-0.0,0.0,0.0,0.0,0.0,0.0,0.0,0.0,0.0,0.0,4.0,0.0,0.0
11917140,297.3304748535156,303.1499938964844,285.1499938964844,0.0,-0.0,291.1087646484375,0.0,0.0,9.36940632527694e-05,297.4552001953125,303.1499938964844,285.1499938964844,0.0,-0.0,291.10894775390625,0.0,0.0,9.866438631433994e-05,297.45947265625,303.1499938964844,285.1499938964844,0.0,-0.0,291.1089782714844,0.0,0.0,7.287319021997973e-05,297.3612060546875,303.1499938964844,285.1499938964844,0.0,-0.0,291.10894775390625,0.0,0.0,9.866439359029756e-05,297.5961608886719,303.1499938964844,285.1499938964844,0.0,-0.0,291.1088256835937,0.0,0.0,0.0004680212878156,291.09832763671875,294.1499938964844,285.1962280273437,284.644775390625,286.279541015625,285.2576904296875,290.8612670898437,0.0,0.0,0.0,0.0,1.0,1.0,-0.000998341012746,5.670079072928047e-09,0.0009983354248106,-0.0139070758596062,0.0,0.0,0.0,-0.0076237181201577,60.0,-3.879261255264282,-0.0,-6.795433904471794e-08,0.0,293.1499938964844,293.1499938964844,293.1499938964844,293.1499938964844,293.1499938964844,293.1499938964844,278.1499938964844,0.0,18000.0,313.1499938964844,0.0,18000.0,0.0,0.0,0.0,0.0,0.0,0.0,0.0,0.0,0.0,0.0,-0.0,-0.0,0.0,0.0,0.0,0.0,0.0,-0.0,0.0,0.0,0.0,0.0,0.0,0.0,0.0,0.0,0.0,4.0,0.0,0.0
11917200,297.3304748535156,303.1499938964844,285.1499938964844,0.0,-0.0,291.1087646484375,0.0,0.0,9.36940632527694e-05,297.4552001953125,303.1499938964844,285.1499938964844,0.0,-0.0,291.10894775390625,0.0,0.0,9.866438631433994e-05,297.45947265625,303.1499938964844,285.1499938964844,0.0,-0.0,291.1089782714844,0.0,0.0,7.287319021997973e-05,297.3612060546875,303.1499938964844,285.1499938964844,0.0,-0.0,291.10894775390625,0.0,0.0,9.866439359029756e-05,297.5961608886719,303.1499938964844,285.1499938964844,0.0,-0.0,291.1088256835937,0.0,0.0,0.0004680212878156,291.09832763671875,294.1499938964844,285.1962280273437,284.644775390625,286.279541015625,285.2576904296875,290.8612670898437,0.0,0.0,0.0,0.0,1.0,1.0,-0.000998341012746,5.670079072928047e-09,0.0009983354248106,-0.0139070758596062,0.0,0.0,0.0,-0.0076237181201577,60.0,-3.879261255264282,-0.0,-6.795433904471794e-08,0.0,293.1499938964844,293.1499938964844,293.1499938964844,293.1499938964844,293.1499938964844,293.1499938964844,278.1499938964844,0.0,18000.0,313.1499938964844,0.0,18000.0,0.0,0.0,0.0,0.0,0.0,0.0,0.0,0.0,0.0,0.0,-0.0,-0.0,0.0,0.0,0.0,0.0,0.0,-0.0,0.0,0.0,0.0,0.0,0.0,0.0,0.0,0.0,0.0,4.0,0.0,0.0
11917260,297.3295593261719,303.1499938964844,285.1499938964844,0.0,-0.0,291.1075744628906,0.0,0.0,9.3625727458857e-05,297.4527587890625,303.1499938964844,285.1499938964844,0.0,-0.0,291.10772705078125,0.0,0.0,9.859242709353566e-05,297.4571533203125,303.1499938964844,285.1499938964844,0.0,-0.0,291.1077575683594,0.0,0.0,7.282003934960812e-05,297.3594665527344,303.1499938964844,285.1499938964844,0.0,-0.0,291.1077575683594,0.0,0.0,9.859243436949328e-05,297.5946044921875,303.1499938964844,285.1499938964844,0.0,-0.0,291.1076354980469,0.0,0.0,0.0004676799289882,291.0968017578125,294.1499938964844,285.1798400878906,284.6373596191406,286.26025390625,285.2433776855469,290.8585205078125,0.0,0.0,0.0,0.0,1.0,1.0,-0.0009976123692467,5.584878781661473e-09,0.0009976067813113,-0.0136838741600513,0.0,0.0,0.0,-0.0075814803130924,60.0,-3.8857851028442383,-0.0,-6.785517570051526e-08,0.0,293.1499938964844,293.1499938964844,293.1499938964844,293.1499938964844,293.1499938964844,293.1499938964844,278.1499938964844,0.0,18000.0,313.1499938964844,0.0,18000.0,0.0,0.0,0.0,0.0,0.0,0.0,0.0,0.0,0.0,0.0,-0.0,-0.0,0.0,0.0,0.0,0.0,0.0,-0.0,0.0,0.0,0.0,0.0,0.0,0.0,0.0,0.0,0.0,4.0,0.0,0.0
11917320,297.3295593261719,303.1499938964844,285.1499938964844,0.0,-0.0,291.1075744628906,0.0,0.0,9.3625727458857e-05,297.4527587890625,303.1499938964844,285.1499938964844,0.0,-0.0,291.10772705078125,0.0,0.0,9.859242709353566e-05,297.4571533203125,303.1499938964844,285.1499938964844,0.0,-0.0,291.1077575683594,0.0,0.0,7.282003934960812e-05,297.3594665527344,303.1499938964844,285.1499938964844,0.0,-0.0,291.1077575683594,0.0,0.0,9.859243436949328e-05,297.5946044921875,303.1499938964844,285.1499938964844,0.0,-0.0,291.1076354980469,0.0,0.0,0.0004676799289882,291.0968017578125,294.1499938964844,285.1798400878906,284.6373596191406,286.26025390625,285.2433776855469,290.8585205078125,0.0,0.0,0.0,0.0,1.0,1.0,-0.0009976123692467,5.584878781661473e-09,0.0009976067813113,-0.0136838741600513,0.0,0.0,0.0,-0.0075814803130924,60.0,-3.8857851028442383,-0.0,-6.785517570051526e-08,0.0,293.1499938964844,293.1499938964844,293.1499938964844,293.1499938964844,293.1499938964844,293.1499938964844,278.1499938964844,0.0,18000.0,313.1499938964844,0.0,18000.0,0.0,0.0,0.0,0.0,0.0,0.0,0.0,0.0,0.0,0.0,-0.0,-0.0,0.0,0.0,0.0,0.0,0.0,-0.0,0.0,0.0,0.0,0.0,0.0,0.0,0.0,0.0,0.0,4.0,0.0,0.0
11917380,297.3287353515625,303.1499938964844,285.1499938964844,0.0,-0.0,291.1063537597656,0.0,0.0,9.355553629575296e-05,297.4503479003906,303.1499938964844,285.1499938964844,0.0,-0.0,291.1065368652344,0.0,0.0,9.85185179160908e-05,297.45489501953125,303.1499938964844,285.1499938964844,0.0,-0.0,291.1065673828125,0.0,0.0,7.27654478396289e-05,297.3577880859375,303.1499938964844,285.1499938964844,0.0,-0.0,291.1065368652344,0.0,0.0,9.85185179160908e-05,297.5931091308594,303.1499938964844,285.1499938964844,0.0,-0.0,291.1064147949219,0.0,0.0,0.0004673293151427,291.09527587890625,294.1499938964844,285.1632995605469,284.62994384765625,286.24102783203125,285.2288818359375,290.85577392578125,0.0,0.0,0.0,0.0,1.0,1.0,-0.000996864051558,5.497369226503679e-09,0.0009968585800379,-0.013454619795084,0.0,0.0,0.0,-0.007538097910583,60.0,-3.892307996749878,-0.0,-6.77534117698997e-08,0.0,293.1499938964844,293.1499938964844,293.1499938964844,293.1499938964844,293.1499938964844,293.1499938964844,278.1499938964844,0.0,18000.0,313.1499938964844,0.0,18000.0,0.0,0.0,0.0,0.0,0.0,0.0,0.0,0.0,0.0,0.0,-0.0,-0.0,0.0,0.0,0.0,0.0,0.0,-0.0,0.0,0.0,0.0,0.0,0.0,0.0,0.0,0.0,0.0,4.0,0.0,0.0
11917440,297.3287353515625,303.1499938964844,285.1499938964844,0.0,-0.0,291.1063537597656,0.0,0.0,9.355553629575296e-05,297.4503479003906,303.1499938964844,285.1499938964844,0.0,-0.0,291.1065368652344,0.0,0.0,9.85185179160908e-05,297.45489501953125,303.1499938964844,285.1499938964844,0.0,-0.0,291.1065673828125,0.0,0.0,7.27654478396289e-05,297.3577880859375,303.1499938964844,285.1499938964844,0.0,-0.0,291.1065368652344,0.0,0.0,9.85185179160908e-05,297.5931091308594,303.1499938964844,285.1499938964844,0.0,-0.0,291.1064147949219,0.0,0.0,0.0004673293151427,291.09527587890625,294.1499938964844,285.1632995605469,284.62994384765625,286.24102783203125,285.2288818359375,290.85577392578125,0.0,0.0,0.0,0.0,1.0,1.0,-0.000996864051558,5.497369226503679e-09,0.0009968585800379,-0.013454619795084,0.0,0.0,0.0,-0.007538097910583,60.0,-3.892307996749878,-0.0,-6.77534117698997e-08,0.0,293.1499938964844,293.1499938964844,293.1499938964844,293.1499938964844,293.1499938964844,293.1499938964844,278.1499938964844,0.0,18000.0,313.1499938964844,0.0,18000.0,0.0,0.0,0.0,0.0,0.0,0.0,0.0,0.0,0.0,0.0,-0.0,-0.0,0.0,0.0,0.0,0.0,0.0,-0.0,0.0,0.0,0.0,0.0,0.0,0.0,0.0,0.0,0.0,4.0,0.0,0.0
11917500,297.328369140625,303.1499938964844,285.1499938964844,0.0,-0.0,291.1057434082031,0.0,0.0,9.3519949587062e-05,297.4491577148437,303.1499938964844,285.1499938964844,0.0,-0.0,291.1058959960937,0.0,0.0,9.848103218246251e-05,297.45379638671875,303.1499938964844,285.1499938964844,0.0,-0.0,291.1059265136719,0.0,0.0,7.273776282090694e-05,297.3569641113281,303.1499938964844,285.1499938964844,0.0,-0.0,291.1059265136719,0.0,0.0,9.848103945842011e-05,297.5924072265625,303.1499938964844,285.1499938964844,0.0,-0.0,291.1058044433594,0.0,0.0,0.0004671515489462,291.094482421875,294.1499938964844,285.15496826171875,284.626220703125,286.2314147949219,285.2215270996094,290.8544006347656,0.0,0.0,0.0,0.0,1.0,1.0,-0.0009964845376089,5.452994500387831e-09,0.0009964790660887,-0.0133383683860301,0.0,0.0,0.0,-0.0075160996057093,60.0,-3.895575761795044,-0.0,-6.770183347271086e-08,0.0,293.1499938964844,293.1499938964844,293.1499938964844,293.1499938964844,293.1499938964844,293.1499938964844,278.1499938964844,0.0,18000.0,313.1499938964844,0.0,18000.0,0.0,0.0,0.0,0.0,0.0,0.0,0.0,0.0,0.0,0.0,-0.0,-0.0,0.0,0.0,0.0,0.0,0.0,-0.0,0.0,0.0,0.0,0.0,0.0,0.0,0.0,0.0,0.0,4.0,0.0,0.0
11917560,297.3280334472656,303.1499938964844,285.1499938964844,0.0,-0.0,291.1051330566406,0.0,0.0,9.34841445996426e-05,297.4479675292969,303.1499938964844,285.1499938964844,0.0,-0.0,291.10528564453125,0.0,0.0,9.844333544606344e-05,297.45269775390625,303.1499938964844,285.1499938964844,0.0,-0.0,291.1053161621094,0.0,0.0,7.270991773111746e-05,297.3561706542969,303.1499938964844,285.1499938964844,0.0,-0.0,291.10528564453125,0.0,0.0,9.844333544606344e-05,297.5916748046875,303.1499938964844,285.1499938964844,0.0,-0.0,291.1051940917969,0.0,0.0,0.0004669727059081,291.0937194824219,294.1499938964844,285.1466064453125,284.6224975585937,286.22186279296875,285.21417236328125,290.85302734375,0.0,0.0,0.0,0.0,1.0,1.0,-0.0009961028117686,5.408358205727381e-09,0.0009960973402485,-0.0132214315235614,0.0,0.0,0.0,-0.0074939713813364,60.0,-3.898850917816162,-0.0,-6.764997095842773e-08,0.0,293.1499938964844,293.1499938964844,293.1499938964844,293.1499938964844,293.1499938964844,293.1499938964844,278.1499938964844,0.0,18000.0,313.1499938964844,0.0,18000.0,0.0,0.0,0.0,0.0,0.0,0.0,0.0,0.0,0.0,0.0,-0.0,-0.0,0.0,0.0,0.0,0.0,0.0,-0.0,0.0,0.0,0.0,0.0,0.0,0.0,0.0,0.0,0.0,4.0,0.0,0.0
11917620,297.327392578125,303.1499938964844,285.1499938964844,0.0,-0.0,291.1038818359375,0.0,0.0,9.341218537883832e-05,297.4455871582031,303.1499938964844,285.1499938964844,0.0,-0.0,291.10406494140625,0.0,0.0,9.836755634751172e-05,297.45050048828125,303.1499938964844,285.1499938964844,0.0,-0.0,291.1040954589844,0.0,0.0,7.265395106514916e-05,297.3545837402344,303.1499938964844,285.1499938964844,0.0,-0.0,291.10406494140625,0.0,0.0,9.836756362346932e-05,297.5902709960937,303.1499938964844,285.1499938964844,0.0,-0.0,291.1039428710937,0.0,0.0,0.0004666132444981,291.0921630859375,294.1499938964844,285.1297912597656,284.6150817871094,286.2027282714844,285.1993103027344,290.85028076171875,0.0,0.0,0.0,0.0,1.0,1.0,-0.0009953356347978,5.31864863262399e-09,0.000995330279693,-0.0129864094778895,0.0,0.0,0.0,-0.0074494984000921,60.0,-3.9054324626922607,-0.0,-6.75458053933653e-08,0.0,293.1499938964844,293.1499938964844,293.1499938964844,293.1499938964844,293.1499938964844,293.1499938964844,278.1499938964844,0.0,18000.0,313.1499938964844,0.0,18000.0,0.0,0.0,0.0,0.0,0.0,0.0,0.0,0.0,0.0,0.0,-0.0,-0.0,0.0,0.0,0.0,0.0,0.0,-0.0,0.0,0.0,0.0,0.0,0.0,0.0,0.0,0.0,0.0,4.0,0.0,0.0
11917680,297.327392578125,303.1499938964844,285.1499938964844,0.0,-0.0,291.1038818359375,0.0,0.0,9.341218537883832e-05,297.4455871582031,303.1499938964844,285.1499938964844,0.0,-0.0,291.10406494140625,0.0,0.0,9.836755634751172e-05,297.45050048828125,303.1499938964844,285.1499938964844,0.0,-0.0,291.1040954589844,0.0,0.0,7.265395106514916e-05,297.3545837402344,303.1499938964844,285.1499938964844,0.0,-0.0,291.10406494140625,0.0,0.0,9.836756362346932e-05,297.5902709960937,303.1499938964844,285.1499938964844,0.0,-0.0,291.1039428710937,0.0,0.0,0.0004666132444981,291.0921630859375,294.1499938964844,285.1297912597656,284.6150817871094,286.2027282714844,285.1993103027344,290.85028076171875,0.0,0.0,0.0,0.0,1.0,1.0,-0.0009953356347978,5.31864863262399e-09,0.000995330279693,-0.0129864094778895,0.0,0.0,0.0,-0.0074494984000921,60.0,-3.9054324626922607,-0.0,-6.75458053933653e-08,0.0,293.1499938964844,293.1499938964844,293.1499938964844,293.1499938964844,293.1499938964844,293.1499938964844,278.1499938964844,0.0,18000.0,313.1499938964844,0.0,18000.0,0.0,0.0,0.0,0.0,0.0,0.0,0.0,0.0,0.0,0.0,-0.0,-0.0,0.0,0.0,0.0,0.0,0.0,-0.0,0.0,0.0,0.0,0.0,0.0,0.0,0.0,0.0,0.0,4.0,0.0,0.0
11917740,297.3267822265625,303.1499938964844,285.1499938964844,0.0,-0.0,291.1026611328125,0.0,0.0,9.334027708973736e-05,297.4432678222656,303.1499938964844,285.1499938964844,0.0,-0.0,291.1028137207031,0.0,0.0,9.829182818066327e-05,297.4483642578125,303.1499938964844,285.1499938964844,0.0,-0.0,291.10284423828125,0.0,0.0,7.259802077896893e-05,297.35302734375,303.1499938964844,285.1499938964844,0.0,-0.0,291.1028137207031,0.0,0.0,9.82918354566209e-05,297.58892822265625,303.1499938964844,285.1499938964844,0.0,-0.0,291.1026916503906,0.0,0.0,0.0004662540159188,291.090576171875,294.1499938964844,285.1128234863281,284.60760498046875,286.1836853027344,285.1843566894531,290.8475341796875,0.0,0.0,0.0,0.0,1.0,1.0,-0.0009945688070729,5.228991906136571e-09,0.0009945635683834,-0.0127515252679586,0.0,0.0,0.0,-0.0074050514958798,60.0,-3.912073373794556,-0.0,-6.744177483142266e-08,0.0,293.1499938964844,293.1499938964844,293.1499938964844,293.1499938964844,293.1499938964844,293.1499938964844,278.1499938964844,0.0,18000.0,313.1499938964844,0.0,18000.0,0.0,0.0,0.0,0.0,0.0,0.0,0.0,0.0,0.0,0.0,-0.0,-0.0,0.0,0.0,0.0,0.0,0.0,-0.0,0.0,0.0,0.0,0.0,0.0,0.0,0.0,0.0,0.0,4.0,0.0,0.0
11917800,297.3267822265625,303.1499938964844,285.1499938964844,0.0,-0.0,291.1026611328125,0.0,0.0,9.334027708973736e-05,297.4432678222656,303.1499938964844,285.1499938964844,0.0,-0.0,291.1028137207031,0.0,0.0,9.829182818066327e-05,297.4483642578125,303.1499938964844,285.1499938964844,0.0,-0.0,291.10284423828125,0.0,0.0,7.259802077896893e-05,297.35302734375,303.1499938964844,285.1499938964844,0.0,-0.0,291.1028137207031,0.0,0.0,9.82918354566209e-05,297.58892822265625,303.1499938964844,285.1499938964844,0.0,-0.0,291.1026916503906,0.0,0.0,0.0004662540159188,291.090576171875,294.1499938964844,285.1128234863281,284.60760498046875,286.1836853027344,285.1843566894531,290.8475341796875,0.0,0.0,0.0,0.0,1.0,1.0,-0.0009945688070729,5.228991906136571e-09,0.0009945635683834,-0.0127515252679586,0.0,0.0,0.0,-0.0074050514958798,60.0,-3.912073373794556,-0.0,-6.744177483142266e-08,0.0,293.1499938964844,293.1499938964844,293.1499938964844,293.1499938964844,293.1499938964844,293.1499938964844,278.1499938964844,0.0,18000.0,313.1499938964844,0.0,18000.0,0.0,0.0,0.0,0.0,0.0,0.0,0.0,0.0,0.0,0.0,-0.0,-0.0,0.0,0.0,0.0,0.0,0.0,-0.0,0.0,0.0,0.0,0.0,0.0,0.0,0.0,0.0,0.0,4.0,0.0,0.0
11917860,297.3262634277344,303.1499938964844,285.1499938964844,0.0,-0.0,291.10137939453125,0.0,0.0,9.32689945329912e-05,297.44097900390625,303.1499938964844,285.1499938964844,0.0,-0.0,291.1015319824219,0.0,0.0,9.821676940191536e-05,297.4462585449219,303.1499938964844,285.1499938964844,0.0,-0.0,291.1015625,0.0,0.0,7.254257798194885e-05,297.3515319824219,303.1499938964844,285.1499938964844,0.0,-0.0,291.1015319824219,0.0,0.0,9.8216776677873e-05,297.58758544921875,303.1499938964844,285.1499938964844,0.0,-0.0,291.1014404296875,0.0,0.0,0.0004658979887608,291.0889892578125,294.1499938964844,285.09576416015625,284.60015869140625,286.1646728515625,285.16925048828125,290.8447570800781,0.0,0.0,0.0,0.0,1.0,1.0,-0.000993808847852,5.140131431602413e-09,0.0009938037255778,-0.0125187244266271,0.0,0.0,0.0,-0.0073609999381005,60.0,-3.918792247772217,-0.0,-6.73387532401648e-08,0.0,293.1499938964844,293.1499938964844,293.1499938964844,293.1499938964844,293.1499938964844,293.1499938964844,278.1499938964844,0.0,18000.0,313.1499938964844,0.0,18000.0,0.0,0.0,0.0,0.0,0.0,0.0,0.0,0.0,0.0,0.0,-0.0,-0.0,0.0,0.0,0.0,0.0,0.0,-0.0,0.0,0.0,0.0,0.0,0.0,0.0,0.0,0.0,0.0,4.0,0.0,0.0
11917920,297.3262634277344,303.1499938964844,285.1499938964844,0.0,-0.0,291.10137939453125,0.0,0.0,9.32689945329912e-05,297.44097900390625,303.1499938964844,285.1499938964844,0.0,-0.0,291.1015319824219,0.0,0.0,9.821676940191536e-05,297.4462585449219,303.1499938964844,285.1499938964844,0.0,-0.0,291.1015625,0.0,0.0,7.254257798194885e-05,297.3515319824219,303.1499938964844,285.1499938964844,0.0,-0.0,291.1015319824219,0.0,0.0,9.8216776677873e-05,297.58758544921875,303.1499938964844,285.1499938964844,0.0,-0.0,291.1014404296875,0.0,0.0,0.0004658979887608,291.0889892578125,294.1499938964844,285.09576416015625,284.60015869140625,286.1646728515625,285.16925048828125,290.8447570800781,0.0,0.0,0.0,0.0,1.0,1.0,-0.000993808847852,5.140131431602413e-09,0.0009938037255778,-0.0125187244266271,0.0,0.0,0.0,-0.0073609999381005,60.0,-3.918792247772217,-0.0,-6.73387532401648e-08,0.0,293.1499938964844,293.1499938964844,293.1499938964844,293.1499938964844,293.1499938964844,293.1499938964844,278.1499938964844,0.0,18000.0,313.1499938964844,0.0,18000.0,0.0,0.0,0.0,0.0,0.0,0.0,0.0,0.0,0.0,0.0,-0.0,-0.0,0.0,0.0,0.0,0.0,0.0,-0.0,0.0,0.0,0.0,0.0,0.0,0.0,0.0,0.0,0.0,4.0,0.0,0.0
11917980,297.32574462890625,303.1499938964844,285.1499938964844,0.0,-0.0,291.10009765625,0.0,0.0,9.319893433712424e-05,297.4386901855469,303.1499938964844,285.1499938964844,0.0,-0.0,291.1002502441406,0.0,0.0,9.814299119170757e-05,297.44415283203125,303.1499938964844,285.1499938964844,0.0,-0.0,291.10028076171875,0.0,0.0,7.248808105941862e-05,297.3500366210937,303.1499938964844,285.1499938964844,0.0,-0.0,291.10028076171875,0.0,0.0,9.814299119170757e-05,297.5863037109375,303.1499938964844,285.1499938964844,0.0,-0.0,291.10015869140625,0.0,0.0,0.0004655479860957,291.08740234375,294.1499938964844,285.07861328125,284.5926818847656,286.1457214355469,285.1540832519531,290.8420104980469,0.0,0.0,0.0,0.0,1.0,1.0,-0.0009930618107318,5.052779972203325e-09,0.000993056804873,-0.0122898751869797,0.0,0.0,0.0,-0.0073176957666873,60.0,-3.925607204437256,-0.0,-6.72375506383105e-08,0.0,293.1499938964844,293.1499938964844,293.1499938964844,293.1499938964844,293.1499938964844,293.1499938964844,278.1499938964844,0.0,18000.0,313.1499938964844,0.0,18000.0,0.0,0.0,0.0,0.0,0.0,0.0,0.0,0.0,0.0,0.0,-0.0,-0.0,0.0,0.0,0.0,0.0,0.0,-0.0,0.0,0.0,0.0,0.0,0.0,0.0,0.0,0.0,0.0,4.0,0.0,0.0
11918040,297.32574462890625,303.1499938964844,285.1499938964844,0.0,-0.0,291.10009765625,0.0,0.0,9.319893433712424e-05,297.4386901855469,303.1499938964844,285.1499938964844,0.0,-0.0,291.1002502441406,0.0,0.0,9.814299119170757e-05,297.44415283203125,303.1499938964844,285.1499938964844,0.0,-0.0,291.10028076171875,0.0,0.0,7.248808105941862e-05,297.3500366210937,303.1499938964844,285.1499938964844,0.0,-0.0,291.10028076171875,0.0,0.0,9.814299119170757e-05,297.5863037109375,303.1499938964844,285.1499938964844,0.0,-0.0,291.10015869140625,0.0,0.0,0.0004655479860957,291.08740234375,294.1499938964844,285.07861328125,284.5926818847656,286.1457214355469,285.1540832519531,290.8420104980469,0.0,0.0,0.0,0.0,1.0,1.0,-0.0009930618107318,5.052779972203325e-09,0.000993056804873,-0.0122898751869797,0.0,0.0,0.0,-0.0073176957666873,60.0,-3.925607204437256,-0.0,-6.72375506383105e-08,0.0,293.1499938964844,293.1499938964844,293.1499938964844,293.1499938964844,293.1499938964844,293.1499938964844,278.1499938964844,0.0,18000.0,313.1499938964844,0.0,18000.0,0.0,0.0,0.0,0.0,0.0,0.0,0.0,0.0,0.0,0.0,-0.0,-0.0,0.0,0.0,0.0,0.0,0.0,-0.0,0.0,0.0,0.0,0.0,0.0,0.0,0.0,0.0,0.0,4.0,0.0,0.0
11918100,297.3254699707031,303.1499938964844,285.1499938964844,0.0,-0.0,291.0994567871094,0.0,0.0,9.316453360952436e-05,297.4375305175781,303.1499938964844,285.1499938964844,0.0,-0.0,291.099609375,0.0,0.0,9.810677147470416e-05,297.443115234375,303.1499938964844,285.1499938964844,0.0,-0.0,291.0996398925781,0.0,0.0,7.246133463922888e-05,297.34930419921875,303.1499938964844,285.1499938964844,0.0,-0.0,291.099609375,0.0,0.0,9.810677147470416e-05,297.5856628417969,303.1499938964844,285.1499938964844,0.0,-0.0,291.0995178222656,0.0,0.0,0.0004653761861845,291.0865783691406,294.1499938964844,285.07000732421875,284.5889587402344,286.1362609863281,285.1464233398437,290.84063720703125,0.0,0.0,0.0,0.0,1.0,1.0,-0.0009926951024681,5.009899162189413e-09,0.0009926900966092,-0.012177531607449,0.0,0.0,0.0,-0.0072964378632605,60.0,-3.9290578365325928,-0.0,-6.718790501736295e-08,0.0,293.1499938964844,293.1499938964844,293.1499938964844,293.1499938964844,293.1499938964844,293.1499938964844,278.1499938964844,0.0,18000.0,313.1499938964844,0.0,18000.0,0.0,0.0,0.0,0.0,0.0,0.0,0.0,0.0,0.0,0.0,-0.0,-0.0,0.0,0.0,0.0,0.0,0.0,-0.0,0.0,0.0,0.0,0.0,0.0,0.0,0.0,0.0,0.0,4.0,0.0,0.0
11918160,297.3252258300781,303.1499938964844,285.1499938964844,0.0,-0.0,291.09881591796875,0.0,0.0,9.313063492299988e-05,297.4364013671875,303.1499938964844,285.1499938964844,0.0,-0.0,291.0989685058594,0.0,0.0,9.807106835069136e-05,297.44207763671875,303.1499938964844,285.1499938964844,0.0,-0.0,291.0989990234375,0.0,0.0,7.243495929287747e-05,297.3485717773437,303.1499938964844,285.1499938964844,0.0,-0.0,291.0989685058594,0.0,0.0,9.807106835069136e-05,297.5850524902344,303.1499938964844,285.1499938964844,0.0,-0.0,291.098876953125,0.0,0.0,0.0004652068309951,291.0857849121094,294.1499938964844,285.0613708496094,284.585205078125,286.1268005371094,285.1387939453125,290.8392639160156,0.0,0.0,0.0,0.0,1.0,1.0,-0.0009923336328938,4.967629863017464e-09,0.000992328627035,-0.0120667899027466,0.0,0.0,0.0,-0.0072754831053316,60.0,-3.932537794113159,-0.0,-6.71389770445785e-08,0.0,293.1499938964844,293.1499938964844,293.1499938964844,293.1499938964844,293.1499938964844,293.1499938964844,278.1499938964844,0.0,18000.0,313.1499938964844,0.0,18000.0,0.0,0.0,0.0,0.0,0.0,0.0,0.0,0.0,0.0,0.0,-0.0,-0.0,0.0,0.0,0.0,0.0,0.0,-0.0,0.0,0.0,0.0,0.0,0.0,0.0,0.0,0.0,0.0,4.0,0.0,0.0
11918220,297.32470703125,303.1499938964844,285.1499938964844,0.0,-0.0,291.0975341796875,0.0,0.0,9.30646128836088e-05,297.43414306640625,303.1499938964844,285.1499938964844,0.0,-0.0,291.0976867675781,0.0,0.0,9.800154657568784e-05,297.44000244140625,303.1499938964844,285.1499938964844,0.0,-0.0,291.0976867675781,0.0,0.0,7.238361285999417e-05,297.3471374511719,303.1499938964844,285.1499938964844,0.0,-0.0,291.0976867675781,0.0,0.0,9.800154657568784e-05,297.58380126953125,303.1499938964844,285.1499938964844,0.0,-0.0,291.0975646972656,0.0,0.0,0.0004648770554922,291.08416748046875,294.1499938964844,285.04400634765625,284.5777282714844,286.10791015625,285.1234130859375,290.83648681640625,0.0,0.0,0.0,0.0,1.0,1.0,-0.0009916296694427,4.885324145220693e-09,0.0009916247799992,-0.0118511570617556,0.0,0.0,0.0,-0.0072346804663538,60.0,-3.939595699310303,-0.0,-6.704376431798664e-08,0.0,293.1499938964844,293.1499938964844,293.1499938964844,293.1499938964844,293.1499938964844,293.1499938964844,278.1499938964844,0.0,18000.0,313.1499938964844,0.0,18000.0,0.0,0.0,0.0,0.0,0.0,0.0,0.0,0.0,0.0,0.0,-0.0,-0.0,0.0,0.0,0.0,0.0,0.0,-0.0,0.0,0.0,0.0,0.0,0.0,0.0,0.0,0.0,0.0,4.0,0.0,0.0
11918280,297.32470703125,303.1499938964844,285.1499938964844,0.0,-0.0,291.0975341796875,0.0,0.0,9.30646128836088e-05,297.43414306640625,303.1499938964844,285.1499938964844,0.0,-0.0,291.0976867675781,0.0,0.0,9.800154657568784e-05,297.44000244140625,303.1499938964844,285.1499938964844,0.0,-0.0,291.0976867675781,0.0,0.0,7.238361285999417e-05,297.3471374511719,303.1499938964844,285.1499938964844,0.0,-0.0,291.0976867675781,0.0,0.0,9.800154657568784e-05,297.58380126953125,303.1499938964844,285.1499938964844,0.0,-0.0,291.0975646972656,0.0,0.0,0.0004648770554922,291.08416748046875,294.1499938964844,285.04400634765625,284.5777282714844,286.10791015625,285.1234130859375,290.83648681640625,0.0,0.0,0.0,0.0,1.0,1.0,-0.0009916296694427,4.885324145220693e-09,0.0009916247799992,-0.0118511570617556,0.0,0.0,0.0,-0.0072346804663538,60.0,-3.939595699310303,-0.0,-6.704376431798664e-08,0.0,293.1499938964844,293.1499938964844,293.1499938964844,293.1499938964844,293.1499938964844,293.1499938964844,278.1499938964844,0.0,18000.0,313.1499938964844,0.0,18000.0,0.0,0.0,0.0,0.0,0.0,0.0,0.0,0.0,0.0,0.0,-0.0,-0.0,0.0,0.0,0.0,0.0,0.0,-0.0,0.0,0.0,0.0,0.0,0.0,0.0,0.0,0.0,0.0,4.0,0.0,0.0
11918340,297.3241577148437,303.1499938964844,285.1499938964844,0.0,-0.0,291.0962219238281,0.0,0.0,9.300140663981438e-05,297.4319152832031,303.1499938964844,285.1499938964844,0.0,-0.0,291.09637451171875,0.0,0.0,9.793498611543328e-05,297.4379577636719,303.1499938964844,285.1499938964844,0.0,-0.0,291.09637451171875,0.0,0.0,7.233445649035275e-05,297.345703125,303.1499938964844,285.1499938964844,0.0,-0.0,291.09637451171875,0.0,0.0,9.793498611543328e-05,297.58258056640625,303.1499938964844,285.1499938964844,0.0,-0.0,291.09625244140625,0.0,0.0,0.0004645613080356,291.0825500488281,294.1499938964844,285.0265808105469,284.5702819824219,286.0890808105469,285.1079406738281,290.8337097167969,0.0,0.0,0.0,0.0,1.0,1.0,-0.0009909557411447,4.806520959022009e-09,0.0009909509681165,-0.0116446977481246,0.0,0.0,0.0,-0.0071956142783164,60.0,-3.9468026161193848,-0.0,-6.695266563383484e-08,0.0,293.1499938964844,293.1499938964844,293.1499938964844,293.1499938964844,293.1499938964844,293.1499938964844,278.1499938964844,0.0,18000.0,313.1499938964844,0.0,18000.0,0.0,0.0,0.0,0.0,0.0,0.0,0.0,0.0,0.0,0.0,-0.0,-0.0,0.0,0.0,0.0,0.0,0.0,-0.0,0.0,0.0,0.0,0.0,0.0,0.0,0.0,0.0,0.0,4.0,0.0,0.0
11918400,297.3241577148437,303.1499938964844,285.1499938964844,0.0,-0.0,291.0962219238281,0.0,0.0,9.300140663981438e-05,297.4319152832031,303.1499938964844,285.1499938964844,0.0,-0.0,291.09637451171875,0.0,0.0,9.793498611543328e-05,297.4379577636719,303.1499938964844,285.1499938964844,0.0,-0.0,291.09637451171875,0.0,0.0,7.233445649035275e-05,297.345703125,303.1499938964844,285.1499938964844,0.0,-0.0,291.09637451171875,0.0,0.0,9.793498611543328e-05,297.58258056640625,303.1499938964844,285.1499938964844,0.0,-0.0,291.09625244140625,0.0,0.0,0.0004645613080356,291.0825500488281,294.1499938964844,285.0265808105469,284.5702819824219,286.0890808105469,285.1079406738281,290.8337097167969,0.0,0.0,0.0,0.0,1.0,1.0,-0.0009909557411447,4.806520959022009e-09,0.0009909509681165,-0.0116446977481246,0.0,0.0,0.0,-0.0071956142783164,60.0,-3.9468026161193848,-0.0,-6.695266563383484e-08,0.0,293.1499938964844,293.1499938964844,293.1499938964844,293.1499938964844,293.1499938964844,293.1499938964844,278.1499938964844,0.0,18000.0,313.1499938964844,0.0,18000.0,0.0,0.0,0.0,0.0,0.0,0.0,0.0,0.0,0.0,0.0,-0.0,-0.0,0.0,0.0,0.0,0.0,0.0,-0.0,0.0,0.0,0.0,0.0,0.0,0.0,0.0,0.0,0.0,4.0,0.0,0.0
11918460,297.3235778808594,303.1499938964844,285.1499938964844,0.0,-0.0,291.09490966796875,0.0,0.0,9.29414964048192e-05,297.4296569824219,303.1499938964844,285.1499938964844,0.0,-0.0,291.09503173828125,0.0,0.0,9.787189628696068e-05,297.4359130859375,303.1499938964844,285.1499938964844,0.0,-0.0,291.0950622558594,0.0,0.0,7.22878539818339e-05,297.3442687988281,303.1499938964844,285.1499938964844,0.0,-0.0,291.09503173828125,0.0,0.0,9.78719035629183e-05,297.58135986328125,303.1499938964844,285.1499938964844,0.0,-0.0,291.0949401855469,0.0,0.0,0.0004642620624508,291.0809020996094,294.1499938964844,285.00909423828125,284.56280517578125,286.0702819824219,285.0924072265625,290.8309631347656,0.0,0.0,0.0,0.0,1.0,1.0,-0.0009903169702738,4.7318287066389075e-09,0.0009903121972456,-0.0114490082487463,0.0,0.0,0.0,-0.0071585858240723,60.0,-3.954172849655152,-0.0,-6.686637732400413e-08,0.0,293.1499938964844,293.1499938964844,293.1499938964844,293.1499938964844,293.1499938964844,293.1499938964844,278.1499938964844,0.0,18000.0,313.1499938964844,0.0,18000.0,0.0,0.0,0.0,0.0,0.0,0.0,0.0,0.0,0.0,0.0,-0.0,-0.0,0.0,0.0,0.0,0.0,0.0,-0.0,0.0,0.0,0.0,0.0,0.0,0.0,0.0,0.0,0.0,4.0,0.0,0.0
11918520,297.3235778808594,303.1499938964844,285.1499938964844,0.0,-0.0,291.09490966796875,0.0,0.0,9.29414964048192e-05,297.4296569824219,303.1499938964844,285.1499938964844,0.0,-0.0,291.09503173828125,0.0,0.0,9.787189628696068e-05,297.4359130859375,303.1499938964844,285.1499938964844,0.0,-0.0,291.0950622558594,0.0,0.0,7.22878539818339e-05,297.3442687988281,303.1499938964844,285.1499938964844,0.0,-0.0,291.09503173828125,0.0,0.0,9.78719035629183e-05,297.58135986328125,303.1499938964844,285.1499938964844,0.0,-0.0,291.0949401855469,0.0,0.0,0.0004642620624508,291.0809020996094,294.1499938964844,285.00909423828125,284.56280517578125,286.0702819824219,285.0924072265625,290.8309631347656,0.0,0.0,0.0,0.0,1.0,1.0,-0.0009903169702738,4.7318287066389075e-09,0.0009903121972456,-0.0114490082487463,0.0,0.0,0.0,-0.0071585858240723,60.0,-3.954172849655152,-0.0,-6.686637732400413e-08,0.0,293.1499938964844,293.1499938964844,293.1499938964844,293.1499938964844,293.1499938964844,293.1499938964844,278.1499938964844,0.0,18000.0,313.1499938964844,0.0,18000.0,0.0,0.0,0.0,0.0,0.0,0.0,0.0,0.0,0.0,0.0,-0.0,-0.0,0.0,0.0,0.0,0.0,0.0,-0.0,0.0,0.0,0.0,0.0,0.0,0.0,0.0,0.0,0.0,4.0,0.0,0.0
11918580,297.32293701171875,303.1499938964844,285.1499938964844,0.0,-0.0,291.09356689453125,0.0,0.0,9.288536966778338e-05,297.42742919921875,303.1499938964844,285.1499938964844,0.0,-0.0,291.0937194824219,0.0,0.0,9.781279368326068e-05,297.4338684082031,303.1499938964844,285.1499938964844,0.0,-0.0,291.0937194824219,0.0,0.0,7.22441982361488e-05,297.3428039550781,303.1499938964844,285.1499938964844,0.0,-0.0,291.0937194824219,0.0,0.0,9.781279368326068e-05,297.58013916015625,303.1499938964844,285.1499938964844,0.0,-0.0,291.0935974121094,0.0,0.0,0.0004639816761482,291.0792541503906,294.1499938964844,284.9915466308594,284.5553283691406,286.051513671875,285.0767822265625,290.82818603515625,0.0,0.0,0.0,0.0,1.0,1.0,-0.0009897184791043,4.6618464644154756e-09,0.0009897138224914,-0.0112656569108366,0.0,0.0,0.0,-0.007123892661184,60.0,-3.9617221355438232,-0.0,-6.678558150952085e-08,0.0,293.1499938964844,293.1499938964844,293.1499938964844,293.1499938964844,293.1499938964844,293.1499938964844,278.1499938964844,0.0,18000.0,313.1499938964844,0.0,18000.0,0.0,0.0,0.0,0.0,0.0,0.0,0.0,0.0,0.0,0.0,-0.0,-0.0,0.0,0.0,0.0,0.0,0.0,-0.0,0.0,0.0,0.0,0.0,0.0,0.0,0.0,0.0,0.0,4.0,0.0,0.0
11918640,297.32293701171875,303.1499938964844,285.1499938964844,0.0,-0.0,291.09356689453125,0.0,0.0,9.288536966778338e-05,297.42742919921875,303.1499938964844,285.1499938964844,0.0,-0.0,291.0937194824219,0.0,0.0,9.781279368326068e-05,297.4338684082031,303.1499938964844,285.1499938964844,0.0,-0.0,291.0937194824219,0.0,0.0,7.22441982361488e-05,297.3428039550781,303.1499938964844,285.1499938964844,0.0,-0.0,291.0937194824219,0.0,0.0,9.781279368326068e-05,297.58013916015625,303.1499938964844,285.1499938964844,0.0,-0.0,291.0935974121094,0.0,0.0,0.0004639816761482,291.0792541503906,294.1499938964844,284.9915466308594,284.5553283691406,286.051513671875,285.0767822265625,290.82818603515625,0.0,0.0,0.0,0.0,1.0,1.0,-0.0009897184791043,4.6618464644154756e-09,0.0009897138224914,-0.0112656569108366,0.0,0.0,0.0,-0.007123892661184,60.0,-3.9617221355438232,-0.0,-6.678558150952085e-08,0.0,293.1499938964844,293.1499938964844,293.1499938964844,293.1499938964844,293.1499938964844,293.1499938964844,278.1499938964844,0.0,18000.0,313.1499938964844,0.0,18000.0,0.0,0.0,0.0,0.0,0.0,0.0,0.0,0.0,0.0,0.0,-0.0,-0.0,0.0,0.0,0.0,0.0,0.0,-0.0,0.0,0.0,0.0,0.0,0.0,0.0,0.0,0.0,0.0,4.0,0.0,0.0
11918700,297.32257080078125,303.1499938964844,285.1499938964844,0.0,-0.0,291.0928955078125,0.0,0.0,9.285889245802537e-05,297.4263000488281,303.1499938964844,285.1499938964844,0.0,-0.0,291.0930480957031,0.0,0.0,9.778491221368311e-05,297.4328308105469,303.1499938964844,285.1499938964844,0.0,-0.0,291.0930480957031,0.0,0.0,7.222360727610067e-05,297.3420715332031,303.1499938964844,285.1499938964844,0.0,-0.0,291.0930480957031,0.0,0.0,9.778491948964074e-05,297.5795288085937,303.1499938964844,285.1499938964844,0.0,-0.0,291.0929260253906,0.0,0.0,0.0004638494283426,291.0783996582031,294.1499938964844,284.9827575683594,284.5516052246094,286.0421447753906,285.0689392089844,290.8267822265625,0.0,0.0,0.0,0.0,1.0,1.0,-0.0009894361719489,4.628834648912061e-09,0.000989431515336,-0.0111791659146547,0.0,0.0,0.0,-0.0071075269952416,60.0,-3.965571403503418,-0.0,-6.67474822080294e-08,0.0,293.1499938964844,293.1499938964844,293.1499938964844,293.1499938964844,293.1499938964844,293.1499938964844,278.1499938964844,0.0,18000.0,313.1499938964844,0.0,18000.0,0.0,0.0,0.0,0.0,0.0,0.0,0.0,0.0,0.0,0.0,-0.0,-0.0,0.0,0.0,0.0,0.0,0.0,-0.0,0.0,0.0,0.0,0.0,0.0,0.0,0.0,0.0,0.0,4.0,0.0,0.0
11918760,297.3222045898437,303.1499938964844,285.1499938964844,0.0,-0.0,291.0922241210937,0.0,0.0,9.283349208999424e-05,297.4252014160156,303.1499938964844,285.1499938964844,0.0,-0.0,291.09234619140625,0.0,0.0,9.77581657934934e-05,297.4317932128906,303.1499938964844,285.1499938964844,0.0,-0.0,291.0923767089844,0.0,0.0,7.220385305117816e-05,297.3413391113281,303.1499938964844,285.1499938964844,0.0,-0.0,291.0923767089844,0.0,0.0,9.77581657934934e-05,297.5789489746094,303.1499938964844,285.1499938964844,0.0,-0.0,291.0922546386719,0.0,0.0,0.0004637225356418,291.0775756835937,294.1499938964844,284.97393798828125,284.5478820800781,286.03277587890625,285.06109619140625,290.8254089355469,0.0,0.0,0.0,0.0,1.0,1.0,-0.000989165273495,4.597160874197925e-09,0.0009891606168821,-0.0110961813479661,0.0,0.0,0.0,-0.0070918248966336,60.0,-3.969468116760254,-0.0,-6.671093899512925e-08,0.0,293.1499938964844,293.1499938964844,293.1499938964844,293.1499938964844,293.1499938964844,293.1499938964844,278.1499938964844,0.0,18000.0,313.1499938964844,0.0,18000.0,0.0,0.0,0.0,0.0,0.0,0.0,0.0,0.0,0.0,0.0,-0.0,-0.0,0.0,0.0,0.0,0.0,0.0,-0.0,0.0,0.0,0.0,0.0,0.0,0.0,0.0,0.0,0.0,4.0,0.0,0.0
11918820,297.3213806152344,303.1499938964844,285.1499938964844,0.0,-0.0,291.0908508300781,0.0,0.0,9.278631478082389e-05,297.4229431152344,303.1499938964844,285.1499938964844,0.0,-0.0,291.09100341796875,0.0,0.0,9.770848555490376e-05,297.42974853515625,303.1499938964844,285.1499938964844,0.0,-0.0,291.0910339355469,0.0,0.0,7.216716039692983e-05,297.33984375,303.1499938964844,285.1499938964844,0.0,-0.0,291.09100341796875,0.0,0.0,9.770848555490376e-05,297.5777282714844,303.1499938964844,285.1499938964844,0.0,-0.0,291.0909118652344,0.0,0.0,0.0004634868819266,291.0758972167969,294.1499938964844,284.956298828125,284.5404357910156,286.0140991210937,285.0452880859375,290.8226318359375,0.0,0.0,0.0,0.0,1.0,1.0,-0.000988662126474,4.538333708836717e-09,0.0009886575862765,-0.0109420549124479,0.0,0.0,0.0,-0.0070626619271934,60.0,-3.977418184280396,-0.0,-6.664309637471888e-08,0.0,293.1499938964844,293.1499938964844,293.1499938964844,293.1499938964844,293.1499938964844,293.1499938964844,278.1499938964844,0.0,18000.0,313.1499938964844,0.0,18000.0,0.0,0.0,0.0,0.0,0.0,0.0,0.0,0.0,0.0,0.0,-0.0,-0.0,0.0,0.0,0.0,0.0,0.0,-0.0,0.0,0.0,0.0,0.0,0.0,0.0,0.0,0.0,0.0,4.0,0.0,0.0
11918880,297.3213806152344,303.1499938964844,285.1499938964844,0.0,-0.0,291.0908508300781,0.0,0.0,9.278631478082389e-05,297.4229431152344,303.1499938964844,285.1499938964844,0.0,-0.0,291.09100341796875,0.0,0.0,9.770848555490376e-05,297.42974853515625,303.1499938964844,285.1499938964844,0.0,-0.0,291.0910339355469,0.0,0.0,7.216716039692983e-05,297.33984375,303.1499938964844,285.1499938964844,0.0,-0.0,291.09100341796875,0.0,0.0,9.770848555490376e-05,297.5777282714844,303.1499938964844,285.1499938964844,0.0,-0.0,291.0909118652344,0.0,0.0,0.0004634868819266,291.0758972167969,294.1499938964844,284.956298828125,284.5404357910156,286.0140991210937,285.0452880859375,290.8226318359375,0.0,0.0,0.0,0.0,1.0,1.0,-0.000988662126474,4.538333708836717e-09,0.0009886575862765,-0.0109420549124479,0.0,0.0,0.0,-0.0070626619271934,60.0,-3.977418184280396,-0.0,-6.664309637471888e-08,0.0,293.1499938964844,293.1499938964844,293.1499938964844,293.1499938964844,293.1499938964844,293.1499938964844,278.1499938964844,0.0,18000.0,313.1499938964844,0.0,18000.0,0.0,0.0,0.0,0.0,0.0,0.0,0.0,0.0,0.0,0.0,-0.0,-0.0,0.0,0.0,0.0,0.0,0.0,-0.0,0.0,0.0,0.0,0.0,0.0,0.0,0.0,0.0,0.0,4.0,0.0,0.0
11918940,297.3204345703125,303.1499938964844,285.1499938964844,0.0,-0.0,291.0895080566406,0.0,0.0,9.27443034015596e-05,297.4206848144531,303.1499938964844,285.1499938964844,0.0,-0.0,291.0896301269531,0.0,0.0,9.76642404566519e-05,297.4276733398437,303.1499938964844,285.1499938964844,0.0,-0.0,291.08966064453125,0.0,0.0,7.213448407128453e-05,297.3383483886719,303.1499938964844,285.1499938964844,0.0,-0.0,291.0896301269531,0.0,0.0,9.766424773260952e-05,297.5765075683594,303.1499938964844,285.1499938964844,0.0,-0.0,291.08953857421875,0.0,0.0,0.000463277043309,291.07421875,294.1499938964844,284.9385986328125,284.5329895019531,285.99542236328125,285.0294189453125,290.81982421875,0.0,0.0,0.0,0.0,1.0,1.0,-0.0009882140439003,4.485942284304656e-09,0.0009882096201181,-0.0108047891408205,0.0,0.0,0.0,-0.0070366887375712,60.0,-3.985594272613525,-0.0,-6.658270734760664e-08,0.0,293.1499938964844,293.1499938964844,293.1499938964844,293.1499938964844,293.1499938964844,293.1499938964844,278.1499938964844,0.0,18000.0,313.1499938964844,0.0,18000.0,0.0,0.0,0.0,0.0,0.0,0.0,0.0,0.0,0.0,0.0,-0.0,-0.0,0.0,0.0,0.0,0.0,0.0,-0.0,0.0,0.0,0.0,0.0,0.0,0.0,0.0,0.0,0.0,4.0,0.0,0.0
11919000,297.3204345703125,303.1499938964844,285.1499938964844,0.0,-0.0,291.0895080566406,0.0,0.0,9.27443034015596e-05,297.4206848144531,303.1499938964844,285.1499938964844,0.0,-0.0,291.0896301269531,0.0,0.0,9.76642404566519e-05,297.4276733398437,303.1499938964844,285.1499938964844,0.0,-0.0,291.08966064453125,0.0,0.0,7.213448407128453e-05,297.3383483886719,303.1499938964844,285.1499938964844,0.0,-0.0,291.0896301269531,0.0,0.0,9.766424773260952e-05,297.5765075683594,303.1499938964844,285.1499938964844,0.0,-0.0,291.08953857421875,0.0,0.0,0.000463277043309,291.07421875,294.1499938964844,284.9385986328125,284.5329895019531,285.99542236328125,285.0294189453125,290.81982421875,0.0,0.0,0.0,0.0,1.0,1.0,-0.0009882140439003,4.485942284304656e-09,0.0009882096201181,-0.0108047891408205,0.0,0.0,0.0,-0.0070366887375712,60.0,-3.985594272613525,-0.0,-6.658270734760664e-08,0.0,293.1499938964844,293.1499938964844,293.1499938964844,293.1499938964844,293.1499938964844,293.1499938964844,278.1499938964844,0.0,18000.0,313.1499938964844,0.0,18000.0,0.0,0.0,0.0,0.0,0.0,0.0,0.0,0.0,0.0,0.0,-0.0,-0.0,0.0,0.0,0.0,0.0,0.0,-0.0,0.0,0.0,0.0,0.0,0.0,0.0,0.0,0.0,0.0,4.0,0.0,0.0
11919060,297.31939697265625,303.1499938964844,285.1499938964844,0.0,-0.0,291.088134765625,0.0,0.0,9.270790906157345e-05,297.4183959960937,303.1499938964844,285.1499938964844,0.0,-0.0,291.0882568359375,0.0,0.0,9.7625917987898e-05,297.4255676269531,303.1499938964844,285.1499938964844,0.0,-0.0,291.0882873535156,0.0,0.0,7.210617332020774e-05,297.3367614746094,303.1499938964844,285.1499938964844,0.0,-0.0,291.0882568359375,0.0,0.0,9.7625917987898e-05,297.57525634765625,303.1499938964844,285.1499938964844,0.0,-0.0,291.0881652832031,0.0,0.0,0.0004630952316801,291.0725402832031,294.1499938964844,284.9208984375,284.52557373046875,285.97674560546875,285.013427734375,290.8170471191406,0.0,0.0,0.0,0.0,1.0,1.0,-0.000987825798802,4.440548373452202e-09,0.0009878213750198,-0.0106858555227518,0.0,0.0,0.0,-0.0070141851902008,60.0,-3.994009733200073,-0.0,-6.653040429682734e-08,0.0,293.1499938964844,293.1499938964844,293.1499938964844,293.1499938964844,293.1499938964844,293.1499938964844,278.1499938964844,0.0,18000.0,313.1499938964844,0.0,18000.0,0.0,0.0,0.0,0.0,0.0,0.0,0.0,0.0,0.0,0.0,-0.0,-0.0,0.0,0.0,0.0,0.0,0.0,-0.0,0.0,0.0,0.0,0.0,0.0,0.0,0.0,0.0,0.0,4.0,0.0,0.0
11919120,297.31939697265625,303.1499938964844,285.1499938964844,0.0,-0.0,291.088134765625,0.0,0.0,9.270790906157345e-05,297.4183959960937,303.1499938964844,285.1499938964844,0.0,-0.0,291.0882568359375,0.0,0.0,9.7625917987898e-05,297.4255676269531,303.1499938964844,285.1499938964844,0.0,-0.0,291.0882873535156,0.0,0.0,7.210617332020774e-05,297.3367614746094,303.1499938964844,285.1499938964844,0.0,-0.0,291.0882568359375,0.0,0.0,9.7625917987898e-05,297.57525634765625,303.1499938964844,285.1499938964844,0.0,-0.0,291.0881652832031,0.0,0.0,0.0004630952316801,291.0725402832031,294.1499938964844,284.9208984375,284.52557373046875,285.97674560546875,285.013427734375,290.8170471191406,0.0,0.0,0.0,0.0,1.0,1.0,-0.000987825798802,4.440548373452202e-09,0.0009878213750198,-0.0106858555227518,0.0,0.0,0.0,-0.0070141851902008,60.0,-3.994009733200073,-0.0,-6.653040429682734e-08,0.0,293.1499938964844,293.1499938964844,293.1499938964844,293.1499938964844,293.1499938964844,293.1499938964844,278.1499938964844,0.0,18000.0,313.1499938964844,0.0,18000.0,0.0,0.0,0.0,0.0,0.0,0.0,0.0,0.0,0.0,0.0,-0.0,-0.0,0.0,0.0,0.0,0.0,0.0,-0.0,0.0,0.0,0.0,0.0,0.0,0.0,0.0,0.0,0.0,4.0,0.0,0.0
11919180,297.31817626953125,303.1499938964844,285.1499938964844,0.0,-0.0,291.08673095703125,0.0,0.0,9.267759014619514e-05,297.4161071777344,303.1499938964844,285.1499938964844,0.0,-0.0,291.0868530273437,0.0,0.0,9.759398380992934e-05,297.4234313964844,303.1499938964844,285.1499938964844,0.0,-0.0,291.0868835449219,0.0,0.0,7.208259194158018e-05,297.3351745605469,303.1499938964844,285.1499938964844,0.0,-0.0,291.0868835449219,0.0,0.0,9.759399108588696e-05,297.573974609375,303.1499938964844,285.1499938964844,0.0,-0.0,291.0867614746094,0.0,0.0,0.0004629437753465,291.0708312988281,294.1499938964844,284.9031677246094,284.5181884765625,285.9581298828125,284.997314453125,290.81427001953125,0.0,0.0,0.0,0.0,1.0,1.0,-0.0009875022806227,4.402723519092433e-09,0.0009874978568404,-0.0105867534875869,0.0,0.0,0.0,-0.0069954334758222,60.0,-4.002679347991943,-0.0,-6.648683381627053e-08,0.0,293.1499938964844,293.1499938964844,293.1499938964844,293.1499938964844,293.1499938964844,293.1499938964844,278.1499938964844,0.0,18000.0,313.1499938964844,0.0,18000.0,0.0,0.0,0.0,0.0,0.0,0.0,0.0,0.0,0.0,0.0,-0.0,-0.0,0.0,0.0,0.0,0.0,0.0,-0.0,0.0,0.0,0.0,0.0,0.0,0.0,0.0,0.0,0.0,4.0,0.0,0.0
11919240,297.31817626953125,303.1499938964844,285.1499938964844,0.0,-0.0,291.08673095703125,0.0,0.0,9.267759014619514e-05,297.4161071777344,303.1499938964844,285.1499938964844,0.0,-0.0,291.0868530273437,0.0,0.0,9.759398380992934e-05,297.4234313964844,303.1499938964844,285.1499938964844,0.0,-0.0,291.0868835449219,0.0,0.0,7.208259194158018e-05,297.3351745605469,303.1499938964844,285.1499938964844,0.0,-0.0,291.0868835449219,0.0,0.0,9.759399108588696e-05,297.573974609375,303.1499938964844,285.1499938964844,0.0,-0.0,291.0867614746094,0.0,0.0,0.0004629437753465,291.0708312988281,294.1499938964844,284.9031677246094,284.5181884765625,285.9581298828125,284.997314453125,290.81427001953125,0.0,0.0,0.0,0.0,1.0,1.0,-0.0009875022806227,4.402723519092433e-09,0.0009874978568404,-0.0105867534875869,0.0,0.0,0.0,-0.0069954334758222,60.0,-4.002679347991943,-0.0,-6.648683381627053e-08,0.0,293.1499938964844,293.1499938964844,293.1499938964844,293.1499938964844,293.1499938964844,293.1499938964844,278.1499938964844,0.0,18000.0,313.1499938964844,0.0,18000.0,0.0,0.0,0.0,0.0,0.0,0.0,0.0,0.0,0.0,0.0,-0.0,-0.0,0.0,0.0,0.0,0.0,0.0,-0.0,0.0,0.0,0.0,0.0,0.0,0.0,0.0,0.0,0.0,4.0,0.0,0.0
11919300,297.3175354003906,303.1499938964844,285.1499938964844,0.0,-0.0,291.0860290527344,0.0,0.0,9.266488632420078e-05,297.4149475097656,303.1499938964844,285.1499938964844,0.0,-0.0,291.086181640625,0.0,0.0,9.758061059983449e-05,297.42236328125,303.1499938964844,285.1499938964844,0.0,-0.0,291.086181640625,0.0,0.0,7.207271119114012e-05,297.3343505859375,303.1499938964844,285.1499938964844,0.0,-0.0,291.086181640625,0.0,0.0,9.758061787579209e-05,297.5733337402344,303.1499938964844,285.1499938964844,0.0,-0.0,291.0860900878906,0.0,0.0,0.0004628803289961,291.0699768066406,294.1499938964844,284.8943176269531,284.51446533203125,285.9488220214844,284.9892272949219,290.8128662109375,0.0,0.0,0.0,0.0,1.0,1.0,-0.0009873667731881,4.3868757515497245e-09,0.0009873623494058,-0.0105452323332428,0.0,0.0,0.0,-0.0069875768385827,60.0,-4.007118225097656,-0.0,-6.64685870788162e-08,0.0,293.1499938964844,293.1499938964844,293.1499938964844,293.1499938964844,293.1499938964844,293.1499938964844,278.1499938964844,0.0,18000.0,313.1499938964844,0.0,18000.0,0.0,0.0,0.0,0.0,0.0,0.0,0.0,0.0,0.0,0.0,-0.0,-0.0,0.0,0.0,0.0,0.0,0.0,-0.0,0.0,0.0,0.0,0.0,0.0,0.0,0.0,0.0,0.0,4.0,0.0,0.0
11919360,297.3168029785156,303.1499938964844,285.1499938964844,0.0,-0.0,291.0853271484375,0.0,0.0,9.2653812316712e-05,297.4137878417969,303.1499938964844,285.1499938964844,0.0,-0.0,291.0854797363281,0.0,0.0,9.756894723977894e-05,297.4212646484375,303.1499938964844,285.1499938964844,0.0,-0.0,291.0854797363281,0.0,0.0,7.206409645732492e-05,297.33349609375,303.1499938964844,285.1499938964844,0.0,-0.0,291.0854797363281,0.0,0.0,9.756895451573656e-05,297.5726928710937,303.1499938964844,285.1499938964844,0.0,-0.0,291.0853881835937,0.0,0.0,0.0004628250026144,291.069091796875,294.1499938964844,284.88543701171875,284.51080322265625,285.93951416015625,284.9810791015625,290.8114624023437,0.0,0.0,0.0,0.0,1.0,1.0,-0.0009872484952211,4.373051698536301e-09,0.0009872441878542,-0.0105090122669935,0.0,0.0,0.0,-0.0069807237014174,60.0,-4.011621952056885,-0.0,-6.645267092153517e-08,0.0,293.1499938964844,293.1499938964844,293.1499938964844,293.1499938964844,293.1499938964844,293.1499938964844,278.1499938964844,0.0,18000.0,313.1499938964844,0.0,18000.0,0.0,0.0,0.0,0.0,0.0,0.0,0.0,0.0,0.0,0.0,-0.0,-0.0,0.0,0.0,0.0,0.0,0.0,-0.0,0.0,0.0,0.0,0.0,0.0,0.0,0.0,0.0,0.0,4.0,0.0,0.0
11919420,297.3152770996094,303.1499938964844,285.1499938964844,0.0,-0.0,291.0839233398437,0.0,0.0,9.263706306228414e-05,297.41143798828125,303.1499938964844,285.1499938964844,0.0,-0.0,291.08404541015625,0.0,0.0,9.755131031852216e-05,297.4190673828125,303.1499938964844,285.1499938964844,0.0,-0.0,291.0840759277344,0.0,0.0,7.205107249319553e-05,297.331787109375,303.1499938964844,285.1499938964844,0.0,-0.0,291.08404541015625,0.0,0.0,9.755131759447976e-05,297.5713806152344,303.1499938964844,285.1499938964844,0.0,-0.0,291.0839538574219,0.0,0.0,0.0004627413291018,291.0673828125,294.1499938964844,284.8677062988281,284.50341796875,285.9209289550781,284.9647521972656,290.80865478515625,0.0,0.0,0.0,0.0,1.0,1.0,-0.0009870696812868,4.3521395376444624e-09,0.0009870652575045,-0.0104542216286063,0.0,0.0,0.0,-0.0069703566841781,60.0,-4.020845890045166,-0.0,-6.642859773364762e-08,0.0,293.1499938964844,293.1499938964844,293.1499938964844,293.1499938964844,293.1499938964844,293.1499938964844,278.1499938964844,0.0,18000.0,313.1499938964844,0.0,18000.0,0.0,0.0,0.0,0.0,0.0,0.0,0.0,0.0,0.0,0.0,-0.0,-0.0,0.0,0.0,0.0,0.0,0.0,-0.0,0.0,0.0,0.0,0.0,0.0,0.0,0.0,0.0,0.0,4.0,0.0,0.0
11919480,297.3152770996094,303.1499938964844,285.1499938964844,0.0,-0.0,291.0839233398437,0.0,0.0,9.263706306228414e-05,297.41143798828125,303.1499938964844,285.1499938964844,0.0,-0.0,291.08404541015625,0.0,0.0,9.755131031852216e-05,297.4190673828125,303.1499938964844,285.1499938964844,0.0,-0.0,291.0840759277344,0.0,0.0,7.205107249319553e-05,297.331787109375,303.1499938964844,285.1499938964844,0.0,-0.0,291.08404541015625,0.0,0.0,9.755131759447976e-05,297.5713806152344,303.1499938964844,285.1499938964844,0.0,-0.0,291.0839538574219,0.0,0.0,0.0004627413291018,291.0673828125,294.1499938964844,284.8677062988281,284.50341796875,285.9209289550781,284.9647521972656,290.80865478515625,0.0,0.0,0.0,0.0,1.0,1.0,-0.0009870696812868,4.3521395376444624e-09,0.0009870652575045,-0.0104542216286063,0.0,0.0,0.0,-0.0069703566841781,60.0,-4.020845890045166,-0.0,-6.642859773364762e-08,0.0,293.1499938964844,293.1499938964844,293.1499938964844,293.1499938964844,293.1499938964844,293.1499938964844,278.1499938964844,0.0,18000.0,313.1499938964844,0.0,18000.0,0.0,0.0,0.0,0.0,0.0,0.0,0.0,0.0,0.0,0.0,-0.0,-0.0,0.0,0.0,0.0,0.0,0.0,-0.0,0.0,0.0,0.0,0.0,0.0,0.0,0.0,0.0,0.0,4.0,0.0,0.0
11919540,297.31353759765625,303.1499938964844,285.1499938964844,0.0,-0.0,291.0824890136719,0.0,0.0,9.26278589759022e-05,297.4090270996094,303.1499938964844,285.1499938964844,0.0,-0.0,291.0826416015625,0.0,0.0,9.754161874298006e-05,297.41680908203125,303.1499938964844,285.1499938964844,0.0,-0.0,291.0826416015625,0.0,0.0,7.204391295090318e-05,297.3299865722656,303.1499938964844,285.1499938964844,0.0,-0.0,291.0826416015625,0.0,0.0,9.754161874298006e-05,297.57000732421875,303.1499938964844,285.1499938964844,0.0,-0.0,291.0825500488281,0.0,0.0,0.0004626953741535,291.0656433105469,294.1499938964844,284.8500061035156,284.4960632324219,285.9023742675781,284.9482421875,290.80584716796875,0.0,0.0,0.0,0.0,1.0,1.0,-0.0009869711939245,4.3406243044330495e-09,0.0009869667701423,-0.0104240514338016,0.0,0.0,0.0,-0.0069646476767957,60.0,-4.030376434326172,-0.0,-6.641533900619835e-08,0.0,293.1499938964844,293.1499938964844,293.1499938964844,293.1499938964844,293.1499938964844,293.1499938964844,278.1499938964844,0.0,18000.0,313.1499938964844,0.0,18000.0,0.0,0.0,0.0,0.0,0.0,0.0,0.0,0.0,0.0,0.0,-0.0,-0.0,0.0,0.0,0.0,0.0,0.0,-0.0,0.0,0.0,0.0,0.0,0.0,0.0,0.0,0.0,0.0,4.0,0.0,0.0
11919600,297.31353759765625,303.1499938964844,285.1499938964844,0.0,-0.0,291.0824890136719,0.0,0.0,9.26278589759022e-05,297.4090270996094,303.1499938964844,285.1499938964844,0.0,-0.0,291.0826416015625,0.0,0.0,9.754161874298006e-05,297.41680908203125,303.1499938964844,285.1499938964844,0.0,-0.0,291.0826416015625,0.0,0.0,7.204391295090318e-05,297.3299865722656,303.1499938964844,285.1499938964844,0.0,-0.0,291.0826416015625,0.0,0.0,9.754161874298006e-05,297.57000732421875,303.1499938964844,285.1499938964844,0.0,-0.0,291.0825500488281,0.0,0.0,0.0004626953741535,291.0656433105469,294.1499938964844,284.8500061035156,284.4960632324219,285.9023742675781,284.9482421875,290.80584716796875,0.0,0.0,0.0,0.0,1.0,1.0,-0.0009869711939245,4.3406243044330495e-09,0.0009869667701423,-0.0104240514338016,0.0,0.0,0.0,-0.0069646476767957,60.0,-4.030376434326172,-0.0,-6.641533900619835e-08,0.0,293.1499938964844,293.1499938964844,293.1499938964844,293.1499938964844,293.1499938964844,293.1499938964844,278.1499938964844,0.0,18000.0,313.1499938964844,0.0,18000.0,0.0,0.0,0.0,0.0,0.0,0.0,0.0,0.0,0.0,0.0,-0.0,-0.0,0.0,0.0,0.0,0.0,0.0,-0.0,0.0,0.0,0.0,0.0,0.0,0.0,0.0,0.0,0.0,4.0,0.0,0.0
11919660,297.3115539550781,303.1499938964844,285.1499938964844,0.0,-0.0,291.0810546875,0.0,0.0,9.26351494854316e-05,297.4066162109375,303.1499938964844,285.1499938964844,0.0,-0.0,291.0811767578125,0.0,0.0,9.754929487826304e-05,297.4145202636719,303.1499938964844,285.1499938964844,0.0,-0.0,291.0812072753906,0.0,0.0,7.204958819784224e-05,297.3280944824219,303.1499938964844,285.1499938964844,0.0,-0.0,291.0812072753906,0.0,0.0,9.754930215422064e-05,297.568603515625,303.1499938964844,285.1499938964844,0.0,-0.0,291.08111572265625,0.0,0.0,0.0004627317830454,291.0639038085937,294.1499938964844,284.83221435546875,284.48883056640625,285.8837890625,284.9315490722656,290.80303955078125,0.0,0.0,0.0,0.0,1.0,1.0,-0.0009870483772829,4.349666848924016e-09,0.000987044069916,-0.0104477433487772,0.0,0.0,0.0,-0.0069691301323473,60.0,-4.040408611297607,-0.0,-6.642574845727722e-08,0.0,293.1499938964844,293.1499938964844,293.1499938964844,293.1499938964844,293.1499938964844,293.1499938964844,278.1499938964844,0.0,18000.0,313.1499938964844,0.0,18000.0,0.0,0.0,0.0,0.0,0.0,0.0,0.0,0.0,0.0,0.0,-0.0,-0.0,0.0,0.0,0.0,0.0,0.0,-0.0,0.0,0.0,0.0,0.0,0.0,0.0,0.0,0.0,0.0,4.0,0.0,0.0
11919720,297.3115539550781,303.1499938964844,285.1499938964844,0.0,-0.0,291.0810546875,0.0,0.0,9.26351494854316e-05,297.4066162109375,303.1499938964844,285.1499938964844,0.0,-0.0,291.0811767578125,0.0,0.0,9.754929487826304e-05,297.4145202636719,303.1499938964844,285.1499938964844,0.0,-0.0,291.0812072753906,0.0,0.0,7.204958819784224e-05,297.3280944824219,303.1499938964844,285.1499938964844,0.0,-0.0,291.0812072753906,0.0,0.0,9.754930215422064e-05,297.568603515625,303.1499938964844,285.1499938964844,0.0,-0.0,291.08111572265625,0.0,0.0,0.0004627317830454,291.0639038085937,294.1499938964844,284.83221435546875,284.48883056640625,285.8837890625,284.9315490722656,290.80303955078125,0.0,0.0,0.0,0.0,1.0,1.0,-0.0009870483772829,4.349666848924016e-09,0.000987044069916,-0.0104477433487772,0.0,0.0,0.0,-0.0069691301323473,60.0,-4.040408611297607,-0.0,-6.642574845727722e-08,0.0,293.1499938964844,293.1499938964844,293.1499938964844,293.1499938964844,293.1499938964844,293.1499938964844,278.1499938964844,0.0,18000.0,313.1499938964844,0.0,18000.0,0.0,0.0,0.0,0.0,0.0,0.0,0.0,0.0,0.0,0.0,-0.0,-0.0,0.0,0.0,0.0,0.0,0.0,-0.0,0.0,0.0,0.0,0.0,0.0,0.0,0.0,0.0,0.0,4.0,0.0,0.0
11919780,297.3091125488281,303.1499938964844,285.1499938964844,0.0,-0.0,291.0796203613281,0.0,0.0,9.26666907616891e-05,297.40411376953125,303.1499938964844,285.1499938964844,0.0,-0.0,291.0797424316406,0.0,0.0,9.758250962477176e-05,297.4121398925781,303.1499938964844,285.1499938964844,0.0,-0.0,291.07977294921875,0.0,0.0,7.207411545095965e-05,297.3260498046875,303.1499938964844,285.1499938964844,0.0,-0.0,291.0797424316406,0.0,0.0,9.758250962477176e-05,297.567138671875,303.1499938964844,285.1499938964844,0.0,-0.0,291.07965087890625,0.0,0.0,0.0004628893220797,291.0621337890625,294.1499938964844,284.8142395019531,284.4817810058594,285.8652648925781,284.9145812988281,290.8002319335937,0.0,0.0,0.0,0.0,1.0,1.0,-0.0009873840026557,4.388913232844516e-09,0.0009873795788735,-0.0105505706742405,0.0,0.0,0.0,-0.0069885859265923,60.0,-4.051434516906738,-0.0,-6.647093186984422e-08,0.0,293.1499938964844,293.1499938964844,293.1499938964844,293.1499938964844,293.1499938964844,293.1499938964844,278.1499938964844,0.0,18000.0,313.1499938964844,0.0,18000.0,0.0,0.0,0.0,0.0,0.0,0.0,0.0,0.0,0.0,0.0,-0.0,-0.0,0.0,0.0,0.0,0.0,0.0,-0.0,0.0,0.0,0.0,0.0,0.0,0.0,0.0,0.0,0.0,4.0,0.0,0.0
11919840,297.3091125488281,303.1499938964844,285.1499938964844,0.0,-0.0,291.0796203613281,0.0,0.0,9.26666907616891e-05,297.40411376953125,303.1499938964844,285.1499938964844,0.0,-0.0,291.0797424316406,0.0,0.0,9.758250962477176e-05,297.4121398925781,303.1499938964844,285.1499938964844,0.0,-0.0,291.07977294921875,0.0,0.0,7.207411545095965e-05,297.3260498046875,303.1499938964844,285.1499938964844,0.0,-0.0,291.0797424316406,0.0,0.0,9.758250962477176e-05,297.567138671875,303.1499938964844,285.1499938964844,0.0,-0.0,291.07965087890625,0.0,0.0,0.0004628893220797,291.0621337890625,294.1499938964844,284.8142395019531,284.4817810058594,285.8652648925781,284.9145812988281,290.8002319335937,0.0,0.0,0.0,0.0,1.0,1.0,-0.0009873840026557,4.388913232844516e-09,0.0009873795788735,-0.0105505706742405,0.0,0.0,0.0,-0.0069885859265923,60.0,-4.051434516906738,-0.0,-6.647093186984422e-08,0.0,293.1499938964844,293.1499938964844,293.1499938964844,293.1499938964844,293.1499938964844,293.1499938964844,278.1499938964844,0.0,18000.0,313.1499938964844,0.0,18000.0,0.0,0.0,0.0,0.0,0.0,0.0,0.0,0.0,0.0,0.0,-0.0,-0.0,0.0,0.0,0.0,0.0,0.0,-0.0,0.0,0.0,0.0,0.0,0.0,0.0,0.0,0.0,0.0,4.0,0.0,0.0
11919900,297.30767822265625,303.1499938964844,285.1499938964844,0.0,-0.0,291.0788879394531,0.0,0.0,9.269119618693368e-05,297.40283203125,303.1499938964844,285.1499938964844,0.0,-0.0,291.0790100097656,0.0,0.0,9.760831017047168e-05,297.410888671875,303.1499938964844,285.1499938964844,0.0,-0.0,291.0790405273437,0.0,0.0,7.20931711839512e-05,297.324951171875,303.1499938964844,285.1499938964844,0.0,-0.0,291.0790100097656,0.0,0.0,9.760831744642928e-05,297.5663757324219,303.1499938964844,285.1499938964844,0.0,-0.0,291.07891845703125,0.0,0.0,0.0004630117327906,291.0612487792969,294.1499938964844,284.8052062988281,284.4783020019531,285.8559875488281,284.9059143066406,290.798828125,0.0,0.0,0.0,0.0,1.0,1.0,-0.0009876448893919,4.4194234938288446e-09,0.0009876404656097,-0.0106305079534649,0.0,0.0,0.0,-0.0070037110708653,60.0,-4.057382583618164,-0.0,-6.650606820812754e-08,0.0,293.1499938964844,293.1499938964844,293.1499938964844,293.1499938964844,293.1499938964844,293.1499938964844,278.1499938964844,0.0,18000.0,313.1499938964844,0.0,18000.0,0.0,0.0,0.0,0.0,0.0,0.0,0.0,0.0,0.0,0.0,-0.0,-0.0,0.0,0.0,0.0,0.0,0.0,-0.0,0.0,0.0,0.0,0.0,0.0,0.0,0.0,0.0,0.0,4.0,0.0,0.0
11919960,297.3060913085937,303.1499938964844,285.1499938964844,0.0,-0.0,291.0781555175781,0.0,0.0,9.272118040826172e-05,297.4015197753906,303.1499938964844,285.1499938964844,0.0,-0.0,291.0782775878906,0.0,0.0,9.763988782651722e-05,297.4096374511719,303.1499938964844,285.1499938964844,0.0,-0.0,291.07830810546875,0.0,0.0,7.211649790406227e-05,297.32379150390625,303.1499938964844,285.1499938964844,0.0,-0.0,291.0782775878906,0.0,0.0,9.763989510247484e-05,297.5655822753906,303.1499938964844,285.1499938964844,0.0,-0.0,291.07818603515625,0.0,0.0,0.0004631615302059,291.06036376953125,294.1499938964844,284.7961120605469,284.4748840332031,285.8467102050781,284.8971862792969,290.79742431640625,0.0,0.0,0.0,0.0,1.0,1.0,-0.0009879642166197,4.456760738236198e-09,0.0009879596764221,-0.01072833314538,0.0,0.0,0.0,-0.0070222206413745,60.0,-4.063597202301025,-0.0,-6.654908446535046e-08,0.0,293.1499938964844,293.1499938964844,293.1499938964844,293.1499938964844,293.1499938964844,293.1499938964844,278.1499938964844,0.0,18000.0,313.1499938964844,0.0,18000.0,0.0,0.0,0.0,0.0,0.0,0.0,0.0,0.0,0.0,0.0,-0.0,-0.0,0.0,0.0,0.0,0.0,0.0,-0.0,0.0,0.0,0.0,0.0,0.0,0.0,0.0,0.0,0.0,4.0,0.0,0.0
11920020,297.3025207519531,303.1499938964844,285.1499938964844,0.0,-0.0,291.0766906738281,0.0,0.0,9.279754158342256e-05,297.3988342285156,303.1499938964844,285.1499938964844,0.0,-0.0,291.0768127441406,0.0,0.0,9.772030171006918e-05,297.4070129394531,303.1499938964844,285.1499938964844,0.0,-0.0,291.07684326171875,0.0,0.0,7.217588427010924e-05,297.3213195800781,303.1499938964844,285.1499938964844,0.0,-0.0,291.0768127441406,0.0,0.0,9.772030171006918e-05,297.5639343261719,303.1499938964844,285.1499938964844,0.0,-0.0,291.07672119140625,0.0,0.0,0.0004635429650079,291.0585632324219,294.1499938964844,284.77783203125,284.46807861328125,285.8281555175781,284.8793029785156,290.7945861816406,0.0,0.0,0.0,0.0,1.0,1.0,-0.0009887773776426,4.5518531166521825e-09,0.0009887728374451,-0.0109774768352508,0.0,0.0,0.0,-0.0070693618617951,60.0,-4.076838493347168,-0.0,-6.665868568234147e-08,0.0,293.1499938964844,293.1499938964844,293.1499938964844,293.1499938964844,293.1499938964844,293.1499938964844,278.1499938964844,0.0,18000.0,313.1499938964844,0.0,18000.0,0.0,0.0,0.0,0.0,0.0,0.0,0.0,0.0,0.0,0.0,-0.0,-0.0,0.0,0.0,0.0,0.0,0.0,-0.0,0.0,0.0,0.0,0.0,0.0,0.0,0.0,0.0,0.0,4.0,0.0,0.0
11920080,297.3025207519531,303.1499938964844,285.1499938964844,0.0,-0.0,291.0766906738281,0.0,0.0,9.279754158342256e-05,297.3988342285156,303.1499938964844,285.1499938964844,0.0,-0.0,291.0768127441406,0.0,0.0,9.772030171006918e-05,297.4070129394531,303.1499938964844,285.1499938964844,0.0,-0.0,291.07684326171875,0.0,0.0,7.217588427010924e-05,297.3213195800781,303.1499938964844,285.1499938964844,0.0,-0.0,291.0768127441406,0.0,0.0,9.772030171006918e-05,297.5639343261719,303.1499938964844,285.1499938964844,0.0,-0.0,291.07672119140625,0.0,0.0,0.0004635429650079,291.0585632324219,294.1499938964844,284.77783203125,284.46807861328125,285.8281555175781,284.8793029785156,290.7945861816406,0.0,0.0,0.0,0.0,1.0,1.0,-0.0009887773776426,4.5518531166521825e-09,0.0009887728374451,-0.0109774768352508,0.0,0.0,0.0,-0.0070693618617951,60.0,-4.076838493347168,-0.0,-6.665868568234147e-08,0.0,293.1499938964844,293.1499938964844,293.1499938964844,293.1499938964844,293.1499938964844,293.1499938964844,278.1499938964844,0.0,18000.0,313.1499938964844,0.0,18000.0,0.0,0.0,0.0,0.0,0.0,0.0,0.0,0.0,0.0,0.0,-0.0,-0.0,0.0,0.0,0.0,0.0,0.0,-0.0,0.0,0.0,0.0,0.0,0.0,0.0,0.0,0.0,0.0,4.0,0.0,0.0
11920140,297.2983093261719,303.1499938964844,285.1499938964844,0.0,-0.0,291.0751953125,0.0,0.0,9.289485024055466e-05,297.39599609375,303.1499938964844,285.1499938964844,0.0,-0.0,291.0753173828125,0.0,0.0,9.782276902114972e-05,297.4042358398437,303.1499938964844,285.1499938964844,0.0,-0.0,291.0753479003906,0.0,0.0,7.225156878121197e-05,297.3186340332031,303.1499938964844,285.1499938964844,0.0,-0.0,291.0753173828125,0.0,0.0,9.782277629710734e-05,297.5621643066406,303.1499938964844,285.1499938964844,0.0,-0.0,291.07525634765625,0.0,0.0,0.0004640290280804,291.0567932128906,294.1499938964844,284.7593688964844,284.4613952636719,285.8095703125,284.8608703613281,290.7917785644531,0.0,0.0,0.0,0.0,1.0,1.0,-0.0009898137068375,4.6730481706447335e-09,0.0009898090502247,-0.0112950056791305,0.0,0.0,0.0,-0.0071294433437287,60.0,-4.091158390045166,-0.0,-6.679850628188434e-08,0.0,293.1499938964844,293.1499938964844,293.1499938964844,293.1499938964844,293.1499938964844,293.1499938964844,278.1499938964844,0.0,18000.0,313.1499938964844,0.0,18000.0,0.0,0.0,0.0,0.0,0.0,0.0,0.0,0.0,0.0,0.0,-0.0,-0.0,0.0,0.0,0.0,0.0,0.0,-0.0,0.0,0.0,0.0,0.0,0.0,0.0,0.0,0.0,0.0,4.0,0.0,0.0
11920200,297.2983093261719,303.1499938964844,285.1499938964844,0.0,-0.0,291.0751953125,0.0,0.0,9.289485024055466e-05,297.39599609375,303.1499938964844,285.1499938964844,0.0,-0.0,291.0753173828125,0.0,0.0,9.782276902114972e-05,297.4042358398437,303.1499938964844,285.1499938964844,0.0,-0.0,291.0753479003906,0.0,0.0,7.225156878121197e-05,297.3186340332031,303.1499938964844,285.1499938964844,0.0,-0.0,291.0753173828125,0.0,0.0,9.782277629710734e-05,297.5621643066406,303.1499938964844,285.1499938964844,0.0,-0.0,291.07525634765625,0.0,0.0,0.0004640290280804,291.0567932128906,294.1499938964844,284.7593688964844,284.4613952636719,285.8095703125,284.8608703613281,290.7917785644531,0.0,0.0,0.0,0.0,1.0,1.0,-0.0009898137068375,4.6730481706447335e-09,0.0009898090502247,-0.0112950056791305,0.0,0.0,0.0,-0.0071294433437287,60.0,-4.091158390045166,-0.0,-6.679850628188434e-08,0.0,293.1499938964844,293.1499938964844,293.1499938964844,293.1499938964844,293.1499938964844,293.1499938964844,278.1499938964844,0.0,18000.0,313.1499938964844,0.0,18000.0,0.0,0.0,0.0,0.0,0.0,0.0,0.0,0.0,0.0,0.0,-0.0,-0.0,0.0,0.0,0.0,0.0,0.0,-0.0,0.0,0.0,0.0,0.0,0.0,0.0,0.0,0.0,0.0,4.0,0.0,0.0
11920260,297.2958984375,303.1499938964844,285.1499938964844,0.0,-0.0,291.0744323730469,0.0,0.0,9.295346535509452e-05,297.3945007324219,303.1499938964844,285.1499938964844,0.0,-0.0,291.0745544433594,0.0,0.0,9.788449824554846e-05,297.4027099609375,303.1499938964844,285.1499938964844,0.0,-0.0,291.0745849609375,0.0,0.0,7.229715993162245e-05,297.317138671875,303.1499938964844,285.1499938964844,0.0,-0.0,291.0745544433594,0.0,0.0,9.788449824554846e-05,297.5611877441406,303.1499938964844,285.1499938964844,0.0,-0.0,291.074462890625,0.0,0.0,0.0004643218417186,291.05584716796875,294.1499938964844,284.7497253417969,284.4579162597656,285.7999267578125,284.8510437011719,290.790283203125,0.0,0.0,0.0,0.0,1.0,1.0,-0.0009904381586238,4.7460573249225035e-09,0.0009904333855956,-0.0114862872287631,0.0,0.0,0.0,-0.0071656368672847,60.0,-4.099028587341309,-0.0,-6.688281217748226e-08,0.0,293.1499938964844,293.1499938964844,293.1499938964844,293.1499938964844,293.1499938964844,293.1499938964844,278.1499938964844,0.0,18000.0,313.1499938964844,0.0,18000.0,0.0,0.0,0.0,0.0,0.0,0.0,0.0,0.0,0.0,0.0,-0.0,-0.0,0.0,0.0,0.0,0.0,0.0,-0.0,0.0,0.0,0.0,0.0,0.0,0.0,0.0,0.0,0.0,4.0,0.0,0.0
11920320,297.2935485839844,303.1499938964844,285.1499938964844,0.0,-0.0,291.0736999511719,0.0,0.0,9.301226964453237e-05,297.39306640625,303.1499938964844,285.1499938964844,0.0,-0.0,291.0738220214844,0.0,0.0,9.794641664484516e-05,297.4012756347656,303.1499938964844,285.1499938964844,0.0,-0.0,291.0738525390625,0.0,0.0,7.23428966011852e-05,297.3157043457031,303.1499938964844,285.1499938964844,0.0,-0.0,291.0738220214844,0.0,0.0,9.794642392080276e-05,297.5602722167969,303.1499938964844,285.1499938964844,0.0,-0.0,291.07373046875,0.0,0.0,0.0004646155866794,291.0549621582031,294.1499938964844,284.7407531738281,284.4547424316406,285.7909851074219,284.84185791015625,290.7889404296875,0.0,0.0,0.0,0.0,1.0,1.0,-0.0009910644730553,4.819300958303074e-09,0.0009910597000271,-0.0116781806573271,0.0,0.0,0.0,-0.0072019468061625,60.0,-4.106515884399414,-0.0,-6.696743781731129e-08,0.0,293.1499938964844,293.1499938964844,293.1499938964844,293.1499938964844,293.1499938964844,293.1499938964844,278.1499938964844,0.0,18000.0,313.1499938964844,0.0,18000.0,0.0,0.0,0.0,0.0,0.0,0.0,0.0,0.0,0.0,0.0,-0.0,-0.0,0.0,0.0,0.0,0.0,0.0,-0.0,0.0,0.0,0.0,0.0,0.0,0.0,0.0,0.0,0.0,4.0,0.0,0.0
11920380,297.28814697265625,303.1499938964844,285.1499938964844,0.0,-0.0,291.0722045898437,0.0,0.0,9.314901399193332e-05,297.3899841308594,303.1499938964844,285.1499938964844,0.0,-0.0,291.07232666015625,0.0,0.0,9.809041512198746e-05,297.398193359375,303.1499938964844,285.1499938964844,0.0,-0.0,291.07232666015625,0.0,0.0,7.244924927363172e-05,297.31256103515625,303.1499938964844,285.1499938964844,0.0,-0.0,291.07232666015625,0.0,0.0,9.809042239794508e-05,297.5581970214844,303.1499938964844,285.1499938964844,0.0,-0.0,291.0722351074219,0.0,0.0,0.0004652986244764,291.0531616210937,294.1499938964844,284.72198486328125,284.4481811523437,285.7723693847656,284.8222045898437,290.7861022949219,0.0,0.0,0.0,0.0,1.0,1.0,-0.000992521061562,4.989626933848967e-09,0.0009925160557031,-0.0121244210749864,0.0,0.0,0.0,-0.0072863847017288,60.0,-4.122879981994629,-0.0,-6.716443579080078e-08,0.0,293.1499938964844,293.1499938964844,293.1499938964844,293.1499938964844,293.1499938964844,293.1499938964844,278.1499938964844,0.0,18000.0,313.1499938964844,0.0,18000.0,0.0,0.0,0.0,0.0,0.0,0.0,0.0,0.0,0.0,0.0,-0.0,-0.0,0.0,0.0,0.0,0.0,0.0,-0.0,0.0,0.0,0.0,0.0,0.0,0.0,0.0,0.0,0.0,4.0,0.0,0.0
11920440,297.28814697265625,303.1499938964844,285.1499938964844,0.0,-0.0,291.0722045898437,0.0,0.0,9.314901399193332e-05,297.3899841308594,303.1499938964844,285.1499938964844,0.0,-0.0,291.07232666015625,0.0,0.0,9.809041512198746e-05,297.398193359375,303.1499938964844,285.1499938964844,0.0,-0.0,291.07232666015625,0.0,0.0,7.244924927363172e-05,297.31256103515625,303.1499938964844,285.1499938964844,0.0,-0.0,291.07232666015625,0.0,0.0,9.809042239794508e-05,297.5581970214844,303.1499938964844,285.1499938964844,0.0,-0.0,291.0722351074219,0.0,0.0,0.0004652986244764,291.0531616210937,294.1499938964844,284.72198486328125,284.4481811523437,285.7723693847656,284.8222045898437,290.7861022949219,0.0,0.0,0.0,0.0,1.0,1.0,-0.000992521061562,4.989626933848967e-09,0.0009925160557031,-0.0121244210749864,0.0,0.0,0.0,-0.0072863847017288,60.0,-4.122879981994629,-0.0,-6.716443579080078e-08,0.0,293.1499938964844,293.1499938964844,293.1499938964844,293.1499938964844,293.1499938964844,293.1499938964844,278.1499938964844,0.0,18000.0,313.1499938964844,0.0,18000.0,0.0,0.0,0.0,0.0,0.0,0.0,0.0,0.0,0.0,0.0,-0.0,-0.0,0.0,0.0,0.0,0.0,0.0,-0.0,0.0,0.0,0.0,0.0,0.0,0.0,0.0,0.0,0.0,4.0,0.0,0.0
11920500,297.2852478027344,303.1499938964844,285.1499938964844,0.0,-0.0,291.0714416503906,0.0,0.0,9.32244147406891e-05,297.3883972167969,303.1499938964844,285.1499938964844,0.0,-0.0,291.0715637207031,0.0,0.0,9.816981764743105e-05,297.3965759277344,303.1499938964844,285.1499938964844,0.0,-0.0,291.0715637207031,0.0,0.0,7.250790076795965e-05,297.3108825683594,303.1499938964844,285.1499938964844,0.0,-0.0,291.0715637207031,0.0,0.0,9.816982492338866e-05,297.55712890625,303.1499938964844,285.1499938964844,0.0,-0.0,291.07147216796875,0.0,0.0,0.0004656752862501,291.05224609375,294.1499938964844,284.7125244140625,284.44488525390625,285.7630310058594,284.8121337890625,290.78466796875,0.0,0.0,0.0,0.0,1.0,1.0,-0.0009933243272826,5.0835522458214655e-09,0.0009933192050084,-0.0123704951256513,0.0,0.0,0.0,-0.0073329475708305,60.0,-4.13144063949585,-0.0,-6.727319146193622e-08,0.0,293.1499938964844,293.1499938964844,293.1499938964844,293.1499938964844,293.1499938964844,293.1499938964844,278.1499938964844,0.0,18000.0,313.1499938964844,0.0,18000.0,0.0,0.0,0.0,0.0,0.0,0.0,0.0,0.0,0.0,0.0,-0.0,-0.0,0.0,0.0,0.0,0.0,0.0,-0.0,0.0,0.0,0.0,0.0,0.0,0.0,0.0,0.0,0.0,4.0,0.0,0.0
11920560,297.2822265625,303.1499938964844,285.1499938964844,0.0,-0.0,291.0706787109375,0.0,0.0,9.33042902033776e-05,297.3867492675781,303.1499938964844,285.1499938964844,0.0,-0.0,291.07080078125,0.0,0.0,9.8253927717451e-05,297.3948974609375,303.1499938964844,285.1499938964844,0.0,-0.0,291.07080078125,0.0,0.0,7.257002289406955e-05,297.3092041015625,303.1499938964844,285.1499938964844,0.0,-0.0,291.07080078125,0.0,0.0,9.825393499340862e-05,297.5559997558594,303.1499938964844,285.1499938964844,0.0,-0.0,291.0707092285156,0.0,0.0,0.0004660742706619,291.0513000488281,294.1499938964844,284.7030334472656,284.44158935546875,285.75372314453125,284.8019104003906,290.7832336425781,0.0,0.0,0.0,0.0,1.0,1.0,-0.0009941752068698,5.183044660128644e-09,0.0009941699681803,-0.0126311518251895,0.0,0.0,0.0,-0.0073822699487209,60.0,-4.140224933624268,-0.0,-6.738849833709537e-08,0.0,293.1499938964844,293.1499938964844,293.1499938964844,293.1499938964844,293.1499938964844,293.1499938964844,278.1499938964844,0.0,18000.0,313.1499938964844,0.0,18000.0,0.0,0.0,0.0,0.0,0.0,0.0,0.0,0.0,0.0,0.0,-0.0,-0.0,0.0,0.0,0.0,0.0,0.0,-0.0,0.0,0.0,0.0,0.0,0.0,0.0,0.0,0.0,0.0,4.0,0.0,0.0
11920620,297.2757873535156,303.1499938964844,285.1499938964844,0.0,-0.0,291.0691223144531,0.0,0.0,9.34772615437396e-05,297.3833923339844,303.1499938964844,285.1499938964844,0.0,-0.0,291.0692443847656,0.0,0.0,9.843607404036447e-05,297.3914489746094,303.1499938964844,285.1499938964844,0.0,-0.0,291.0692749023437,0.0,0.0,7.27045553503558e-05,297.3056640625,303.1499938964844,285.1499938964844,0.0,-0.0,291.0692443847656,0.0,0.0,9.843608131632207e-05,297.5536499023437,303.1499938964844,285.1499938964844,0.0,-0.0,291.0691833496094,0.0,0.0,0.0004669383051805,291.0494689941406,294.1499938964844,284.6839599609375,284.4350280761719,285.7350158691406,284.7810363769531,290.7803955078125,0.0,0.0,0.0,0.0,1.0,1.0,-0.0009960178285837,5.398510083409746e-09,0.0009960123570635,-0.0131956320255994,0.0,0.0,0.0,-0.0074890851974487,60.0,-4.15849494934082,-0.0,-6.763853122038199e-08,0.0,293.1499938964844,293.1499938964844,293.1499938964844,293.1499938964844,293.1499938964844,293.1499938964844,278.1499938964844,0.0,18000.0,313.1499938964844,0.0,18000.0,0.0,0.0,0.0,0.0,0.0,0.0,0.0,0.0,0.0,0.0,-0.0,-0.0,0.0,0.0,0.0,0.0,0.0,-0.0,0.0,0.0,0.0,0.0,0.0,0.0,0.0,0.0,0.0,4.0,0.0,0.0
11920680,297.2757873535156,303.1499938964844,285.1499938964844,0.0,-0.0,291.0691223144531,0.0,0.0,9.34772615437396e-05,297.3833923339844,303.1499938964844,285.1499938964844,0.0,-0.0,291.0692443847656,0.0,0.0,9.843607404036447e-05,297.3914489746094,303.1499938964844,285.1499938964844,0.0,-0.0,291.0692749023437,0.0,0.0,7.27045553503558e-05,297.3056640625,303.1499938964844,285.1499938964844,0.0,-0.0,291.0692443847656,0.0,0.0,9.843608131632207e-05,297.5536499023437,303.1499938964844,285.1499938964844,0.0,-0.0,291.0691833496094,0.0,0.0,0.0004669383051805,291.0494689941406,294.1499938964844,284.6839599609375,284.4350280761719,285.7350158691406,284.7810363769531,290.7803955078125,0.0,0.0,0.0,0.0,1.0,1.0,-0.0009960178285837,5.398510083409746e-09,0.0009960123570635,-0.0131956320255994,0.0,0.0,0.0,-0.0074890851974487,60.0,-4.15849494934082,-0.0,-6.763853122038199e-08,0.0,293.1499938964844,293.1499938964844,293.1499938964844,293.1499938964844,293.1499938964844,293.1499938964844,278.1499938964844,0.0,18000.0,313.1499938964844,0.0,18000.0,0.0,0.0,0.0,0.0,0.0,0.0,0.0,0.0,0.0,0.0,-0.0,-0.0,0.0,0.0,0.0,0.0,0.0,-0.0,0.0,0.0,0.0,0.0,0.0,0.0,0.0,0.0,0.0,4.0,0.0,0.0
11920740,297.2688293457031,303.1499938964844,285.1499938964844,0.0,-0.0,291.0675964355469,0.0,0.0,9.366701124235988e-05,297.3798828125,303.1499938964844,285.1499938964844,0.0,-0.0,291.06768798828125,0.0,0.0,9.86358936643228e-05,297.3878479003906,303.1499938964844,285.1499938964844,0.0,-0.0,291.0677185058594,0.0,0.0,7.28521408746019e-05,297.3019714355469,303.1499938964844,285.1499938964844,0.0,-0.0,291.0677185058594,0.0,0.0,9.86359009402804e-05,297.5511169433594,303.1499938964844,285.1499938964844,0.0,-0.0,291.067626953125,0.0,0.0,0.0004678861587308,291.047607421875,294.1499938964844,284.6647033691406,284.42840576171875,285.7162780761719,284.75958251953125,290.77752685546875,0.0,0.0,0.0,0.0,1.0,1.0,-0.0009980392642319,5.6348845589582205e-09,0.0009980335598811,-0.0138148767873644,0.0,0.0,0.0,-0.0076062660664319,60.0,-4.177691459655762,-0.0,-6.7913369150574e-08,0.0,293.1499938964844,293.1499938964844,293.1499938964844,293.1499938964844,293.1499938964844,293.1499938964844,278.1499938964844,0.0,18000.0,313.1499938964844,0.0,18000.0,0.0,0.0,0.0,0.0,0.0,0.0,0.0,0.0,0.0,0.0,-0.0,-0.0,0.0,0.0,0.0,0.0,0.0,-0.0,0.0,0.0,0.0,0.0,0.0,0.0,0.0,0.0,0.0,4.0,0.0,0.0
11920800,297.2688293457031,303.1499938964844,285.1499938964844,0.0,-0.0,291.0675964355469,0.0,0.0,9.366701124235988e-05,297.3798828125,303.1499938964844,285.1499938964844,0.0,-0.0,291.06768798828125,0.0,0.0,9.86358936643228e-05,297.3878479003906,303.1499938964844,285.1499938964844,0.0,-0.0,291.0677185058594,0.0,0.0,7.28521408746019e-05,297.3019714355469,303.1499938964844,285.1499938964844,0.0,-0.0,291.0677185058594,0.0,0.0,9.86359009402804e-05,297.5511169433594,303.1499938964844,285.1499938964844,0.0,-0.0,291.067626953125,0.0,0.0,0.0004678861587308,291.047607421875,294.1499938964844,284.6647033691406,284.42840576171875,285.7162780761719,284.75958251953125,290.77752685546875,0.0,0.0,0.0,0.0,1.0,1.0,-0.0009980392642319,5.6348845589582205e-09,0.0009980335598811,-0.0138148767873644,0.0,0.0,0.0,-0.0076062660664319,60.0,-4.177691459655762,-0.0,-6.7913369150574e-08,0.0,293.1499938964844,293.1499938964844,293.1499938964844,293.1499938964844,293.1499938964844,293.1499938964844,278.1499938964844,0.0,18000.0,313.1499938964844,0.0,18000.0,0.0,0.0,0.0,0.0,0.0,0.0,0.0,0.0,0.0,0.0,-0.0,-0.0,0.0,0.0,0.0,0.0,0.0,-0.0,0.0,0.0,0.0,0.0,0.0,0.0,0.0,0.0,0.0,4.0,0.0,0.0
11920860,297.261474609375,303.1499938964844,285.1499938964844,0.0,-0.0,291.0660095214844,0.0,0.0,9.387252066517247e-05,297.376220703125,303.1499938964844,285.1499938964844,0.0,-0.0,291.0661315917969,0.0,0.0,9.885230247164144e-05,297.3840637207031,303.1499938964844,285.1499938964844,0.0,-0.0,291.066162109375,0.0,0.0,7.301197911147028e-05,297.29815673828125,303.1499938964844,285.1499938964844,0.0,-0.0,291.0661315917969,0.0,0.0,9.885230247164144e-05,297.5484619140625,303.1499938964844,285.1499938964844,0.0,-0.0,291.0660400390625,0.0,0.0,0.0004689126799348,291.04571533203125,294.1499938964844,284.64532470703125,284.4217529296875,285.697509765625,284.7375793457031,290.774658203125,0.0,0.0,0.0,0.0,1.0,1.0,-0.0010002284543588,5.890882892600757e-09,0.0010002226335927,-0.0144855128601193,0.0,0.0,0.0,-0.0077331755310297,60.0,-4.1977643966674805,-0.0,-6.821164788561873e-08,0.0,293.1499938964844,293.1499938964844,293.1499938964844,293.1499938964844,293.1499938964844,293.1499938964844,278.1499938964844,0.0,18000.0,313.1499938964844,0.0,18000.0,0.0,0.0,0.0,0.0,0.0,0.0,0.0,0.0,0.0,0.0,-0.0,-0.0,0.0,0.0,0.0,0.0,0.0,-0.0,0.0,0.0,0.0,0.0,0.0,0.0,0.0,0.0,0.0,4.0,0.0,0.0
11920920,297.261474609375,303.1499938964844,285.1499938964844,0.0,-0.0,291.0660095214844,0.0,0.0,9.387252066517247e-05,297.376220703125,303.1499938964844,285.1499938964844,0.0,-0.0,291.0661315917969,0.0,0.0,9.885230247164144e-05,297.3840637207031,303.1499938964844,285.1499938964844,0.0,-0.0,291.066162109375,0.0,0.0,7.301197911147028e-05,297.29815673828125,303.1499938964844,285.1499938964844,0.0,-0.0,291.0661315917969,0.0,0.0,9.885230247164144e-05,297.5484619140625,303.1499938964844,285.1499938964844,0.0,-0.0,291.0660400390625,0.0,0.0,0.0004689126799348,291.04571533203125,294.1499938964844,284.64532470703125,284.4217529296875,285.697509765625,284.7375793457031,290.774658203125,0.0,0.0,0.0,0.0,1.0,1.0,-0.0010002284543588,5.890882892600757e-09,0.0010002226335927,-0.0144855128601193,0.0,0.0,0.0,-0.0077331755310297,60.0,-4.1977643966674805,-0.0,-6.821164788561873e-08,0.0,293.1499938964844,293.1499938964844,293.1499938964844,293.1499938964844,293.1499938964844,293.1499938964844,278.1499938964844,0.0,18000.0,313.1499938964844,0.0,18000.0,0.0,0.0,0.0,0.0,0.0,0.0,0.0,0.0,0.0,0.0,-0.0,-0.0,0.0,0.0,0.0,0.0,0.0,-0.0,0.0,0.0,0.0,0.0,0.0,0.0,0.0,0.0,0.0,4.0,0.0,0.0
11920980,297.2536926269531,303.1499938964844,285.1499938964844,0.0,-0.0,291.064453125,0.0,0.0,9.409258927917108e-05,297.3724365234375,303.1499938964844,285.1499938964844,0.0,-0.0,291.0645446777344,0.0,0.0,9.90840489976108e-05,297.3800964355469,303.1499938964844,285.1499938964844,0.0,-0.0,291.0645751953125,0.0,0.0,7.318314601434395e-05,297.2942199707031,303.1499938964844,285.1499938964844,0.0,-0.0,291.0645446777344,0.0,0.0,9.908405627356842e-05,297.5456848144531,303.1499938964844,285.1499938964844,0.0,-0.0,291.0644836425781,0.0,0.0,0.0004700119898188,291.0438232421875,294.1499938964844,284.6257629394531,284.4149780273437,285.6786804199219,284.7151184082031,290.77178955078125,0.0,0.0,0.0,0.0,1.0,1.0,-0.0010025730589404,6.165037369498805e-09,0.0010025668889284,-0.0152036910876631,0.0,0.0,0.0,-0.0078690852969884,60.0,-4.218669891357422,-0.0,-6.853180423149753e-08,0.0,293.1499938964844,293.1499938964844,293.1499938964844,293.1499938964844,293.1499938964844,293.1499938964844,278.1499938964844,0.0,18000.0,313.1499938964844,0.0,18000.0,0.0,0.0,0.0,0.0,0.0,0.0,0.0,0.0,0.0,0.0,-0.0,-0.0,0.0,0.0,0.0,0.0,0.0,-0.0,0.0,0.0,0.0,0.0,0.0,0.0,0.0,0.0,0.0,4.0,0.0,0.0
11921040,297.2536926269531,303.1499938964844,285.1499938964844,0.0,-0.0,291.064453125,0.0,0.0,9.409258927917108e-05,297.3724365234375,303.1499938964844,285.1499938964844,0.0,-0.0,291.0645446777344,0.0,0.0,9.90840489976108e-05,297.3800964355469,303.1499938964844,285.1499938964844,0.0,-0.0,291.0645751953125,0.0,0.0,7.318314601434395e-05,297.2942199707031,303.1499938964844,285.1499938964844,0.0,-0.0,291.0645446777344,0.0,0.0,9.908405627356842e-05,297.5456848144531,303.1499938964844,285.1499938964844,0.0,-0.0,291.0644836425781,0.0,0.0,0.0004700119898188,291.0438232421875,294.1499938964844,284.6257629394531,284.4149780273437,285.6786804199219,284.7151184082031,290.77178955078125,0.0,0.0,0.0,0.0,1.0,1.0,-0.0010025730589404,6.165037369498805e-09,0.0010025668889284,-0.0152036910876631,0.0,0.0,0.0,-0.0078690852969884,60.0,-4.218669891357422,-0.0,-6.853180423149753e-08,0.0,293.1499938964844,293.1499938964844,293.1499938964844,293.1499938964844,293.1499938964844,293.1499938964844,278.1499938964844,0.0,18000.0,313.1499938964844,0.0,18000.0,0.0,0.0,0.0,0.0,0.0,0.0,0.0,0.0,0.0,0.0,-0.0,-0.0,0.0,0.0,0.0,0.0,0.0,-0.0,0.0,0.0,0.0,0.0,0.0,0.0,0.0,0.0,0.0,4.0,0.0,0.0
11921100,297.2496643066406,303.1499938964844,285.1499938964844,0.0,-0.0,291.0636291503906,0.0,0.0,9.420767310075462e-05,297.3704833984375,303.1499938964844,285.1499938964844,0.0,-0.0,291.0637512207031,0.0,0.0,9.920523734763265e-05,297.3780517578125,303.1499938964844,285.1499938964844,0.0,-0.0,291.06378173828125,0.0,0.0,7.327265484491363e-05,297.2922058105469,303.1499938964844,285.1499938964844,0.0,-0.0,291.0637512207031,0.0,0.0,9.920523734763265e-05,297.5442199707031,303.1499938964844,285.1499938964844,0.0,-0.0,291.0636901855469,0.0,0.0,0.000470586848678,291.0428771972656,294.1499938964844,284.6159362792969,284.4115600585937,285.6692199707031,284.7037353515625,290.7703552246094,0.0,0.0,0.0,0.0,1.0,1.0,-0.0010037990286946,6.3083995804902315e-09,0.0010037927422672,-0.0155792357400059,0.0,0.0,0.0,-0.0079401563853025,60.0,-4.229418754577637,-0.0,-6.869952073884633e-08,0.0,293.1499938964844,293.1499938964844,293.1499938964844,293.1499938964844,293.1499938964844,293.1499938964844,278.1499938964844,0.0,18000.0,313.1499938964844,0.0,18000.0,0.0,0.0,0.0,0.0,0.0,0.0,0.0,0.0,0.0,0.0,-0.0,-0.0,0.0,0.0,0.0,0.0,0.0,-0.0,0.0,0.0,0.0,0.0,0.0,0.0,0.0,0.0,0.0,4.0,0.0,0.0
11921160,297.2455749511719,303.1499938964844,285.1499938964844,0.0,-0.0,291.0628356933594,0.0,0.0,9.432587103219704e-05,297.3684997558594,303.1499938964844,285.1499938964844,0.0,-0.0,291.0629577636719,0.0,0.0,9.932969987858088e-05,297.3759765625,303.1499938964844,285.1499938964844,0.0,-0.0,291.06298828125,0.0,0.0,7.336458656936884e-05,297.2901916503906,303.1499938964844,285.1499938964844,0.0,-0.0,291.0629577636719,0.0,0.0,9.932970715453848e-05,297.542724609375,303.1499938964844,285.1499938964844,0.0,-0.0,291.0628662109375,0.0,0.0,0.0004711772780865,291.0419311523437,294.1499938964844,284.6060791015625,284.4081115722656,285.6597595214844,284.6922607421875,290.7689208984375,0.0,0.0,0.0,0.0,1.0,1.0,-0.0010050582932308,6.455641798908118e-09,0.0010050517739728,-0.01596493832767,0.0,0.0,0.0,-0.0080131506547331,60.0,-4.240355014801025,-0.0,-6.887199077709738e-08,0.0,293.1499938964844,293.1499938964844,293.1499938964844,293.1499938964844,293.1499938964844,293.1499938964844,278.1499938964844,0.0,18000.0,313.1499938964844,0.0,18000.0,0.0,0.0,0.0,0.0,0.0,0.0,0.0,0.0,0.0,0.0,-0.0,-0.0,0.0,0.0,0.0,0.0,0.0,-0.0,0.0,0.0,0.0,0.0,0.0,0.0,0.0,0.0,0.0,4.0,0.0,0.0
11921220,297.2371826171875,303.1499938964844,285.1499938964844,0.0,-0.0,291.06121826171875,0.0,0.0,9.45707579376176e-05,297.36444091796875,303.1499938964844,285.1499938964844,0.0,-0.0,291.06134033203125,0.0,0.0,9.958758164430036e-05,297.3717346191406,303.1499938964844,285.1499938964844,0.0,-0.0,291.0613708496094,0.0,0.0,7.355505658779293e-05,297.2861328125,303.1499938964844,285.1499938964844,0.0,-0.0,291.06134033203125,0.0,0.0,9.9587588920258e-05,297.5396728515625,303.1499938964844,285.1499938964844,0.0,-0.0,291.061279296875,0.0,0.0,0.0004724005411844,291.0400085449219,294.1499938964844,284.5862121582031,284.4010925292969,285.64080810546875,284.6690673828125,290.7660217285156,0.0,0.0,0.0,0.0,1.0,1.0,-0.0010076672770082,6.760715098863557e-09,0.0010076605249196,-0.0167640559375286,0.0,0.0,0.0,-0.0081643881276249,60.0,-4.262754917144775,-0.0,-6.923001905079218e-08,0.0,293.1499938964844,293.1499938964844,293.1499938964844,293.1499938964844,293.1499938964844,293.1499938964844,278.1499938964844,0.0,18000.0,313.1499938964844,0.0,18000.0,0.0,0.0,0.0,0.0,0.0,0.0,0.0,0.0,0.0,0.0,-0.0,-0.0,0.0,0.0,0.0,0.0,0.0,-0.0,0.0,0.0,0.0,0.0,0.0,0.0,0.0,0.0,0.0,4.0,0.0,0.0
11921280,297.2371826171875,303.1499938964844,285.1499938964844,0.0,-0.0,291.06121826171875,0.0,0.0,9.45707579376176e-05,297.36444091796875,303.1499938964844,285.1499938964844,0.0,-0.0,291.06134033203125,0.0,0.0,9.958758164430036e-05,297.3717346191406,303.1499938964844,285.1499938964844,0.0,-0.0,291.0613708496094,0.0,0.0,7.355505658779293e-05,297.2861328125,303.1499938964844,285.1499938964844,0.0,-0.0,291.06134033203125,0.0,0.0,9.9587588920258e-05,297.5396728515625,303.1499938964844,285.1499938964844,0.0,-0.0,291.061279296875,0.0,0.0,0.0004724005411844,291.0400085449219,294.1499938964844,284.5862121582031,284.4010925292969,285.64080810546875,284.6690673828125,290.7660217285156,0.0,0.0,0.0,0.0,1.0,1.0,-0.0010076672770082,6.760715098863557e-09,0.0010076605249196,-0.0167640559375286,0.0,0.0,0.0,-0.0081643881276249,60.0,-4.262754917144775,-0.0,-6.923001905079218e-08,0.0,293.1499938964844,293.1499938964844,293.1499938964844,293.1499938964844,293.1499938964844,293.1499938964844,278.1499938964844,0.0,18000.0,313.1499938964844,0.0,18000.0,0.0,0.0,0.0,0.0,0.0,0.0,0.0,0.0,0.0,0.0,-0.0,-0.0,0.0,0.0,0.0,0.0,0.0,-0.0,0.0,0.0,0.0,0.0,0.0,0.0,0.0,0.0,0.0,4.0,0.0,0.0
11921340,297.22857666015625,303.1499938964844,285.1499938964844,0.0,-0.0,291.0596008300781,0.0,0.0,9.482548921369016e-05,297.3602600097656,303.1499938964844,285.1499938964844,0.0,-0.0,291.0597229003906,0.0,0.0,9.985582437366249e-05,297.3673400878906,303.1499938964844,285.1499938964844,0.0,-0.0,291.0597229003906,0.0,0.0,7.375317363766953e-05,297.2820739746094,303.1499938964844,285.1499938964844,0.0,-0.0,291.0597229003906,0.0,0.0,9.985583164962009e-05,297.5365295410156,303.1499938964844,285.1499938964844,0.0,-0.0,291.05963134765625,0.0,0.0,0.0004736729897558,291.0380554199219,294.1499938964844,284.56622314453125,284.3939208984375,285.6217956542969,284.6456298828125,290.7631225585937,0.0,0.0,0.0,0.0,1.0,1.0,-0.0010103810345754,7.078049701902955e-09,0.0010103739332407,-0.0175952576100826,0.0,0.0,0.0,-0.0083217052742838,60.0,-4.285800933837891,-0.0,-6.960342346928884e-08,0.0,293.1499938964844,293.1499938964844,293.1499938964844,293.1499938964844,293.1499938964844,293.1499938964844,278.1499938964844,0.0,18000.0,313.1499938964844,0.0,18000.0,0.0,0.0,0.0,0.0,0.0,0.0,0.0,0.0,0.0,0.0,-0.0,-0.0,0.0,0.0,0.0,0.0,0.0,-0.0,0.0,0.0,0.0,0.0,0.0,0.0,0.0,0.0,0.0,4.0,0.0,0.0
11921400,297.22857666015625,303.1499938964844,285.1499938964844,0.0,-0.0,291.0596008300781,0.0,0.0,9.482548921369016e-05,297.3602600097656,303.1499938964844,285.1499938964844,0.0,-0.0,291.0597229003906,0.0,0.0,9.985582437366249e-05,297.3673400878906,303.1499938964844,285.1499938964844,0.0,-0.0,291.0597229003906,0.0,0.0,7.375317363766953e-05,297.2820739746094,303.1499938964844,285.1499938964844,0.0,-0.0,291.0597229003906,0.0,0.0,9.985583164962009e-05,297.5365295410156,303.1499938964844,285.1499938964844,0.0,-0.0,291.05963134765625,0.0,0.0,0.0004736729897558,291.0380554199219,294.1499938964844,284.56622314453125,284.3939208984375,285.6217956542969,284.6456298828125,290.7631225585937,0.0,0.0,0.0,0.0,1.0,1.0,-0.0010103810345754,7.078049701902955e-09,0.0010103739332407,-0.0175952576100826,0.0,0.0,0.0,-0.0083217052742838,60.0,-4.285800933837891,-0.0,-6.960342346928884e-08,0.0,293.1499938964844,293.1499938964844,293.1499938964844,293.1499938964844,293.1499938964844,293.1499938964844,278.1499938964844,0.0,18000.0,313.1499938964844,0.0,18000.0,0.0,0.0,0.0,0.0,0.0,0.0,0.0,0.0,0.0,0.0,-0.0,-0.0,0.0,0.0,0.0,0.0,0.0,-0.0,0.0,0.0,0.0,0.0,0.0,0.0,0.0,0.0,0.0,4.0,0.0,0.0
11921460,297.22332763671875,303.1499938964844,285.1499938964844,0.0,-0.0,291.0586242675781,0.0,0.0,9.49821769609116e-05,297.3576965332031,303.1499938964844,285.1499938964844,0.0,-0.0,291.0587158203125,0.0,0.0,0.0001000208285404,297.3646545410156,303.1499938964844,285.1499938964844,0.0,-0.0,291.0587463378906,0.0,0.0,7.38750459277071e-05,297.2796325683594,303.1499938964844,285.1499938964844,0.0,-0.0,291.0587463378906,0.0,0.0,0.0001000208285404,297.5345764160156,303.1499938964844,285.1499938964844,0.0,-0.0,291.05865478515625,0.0,0.0,0.0004744556790683,291.0368957519531,294.1499938964844,284.5541687011719,284.3895263671875,285.6103210449219,284.6314697265625,290.7613830566406,0.0,0.0,0.0,0.0,1.0,1.0,-0.0010120504302904,7.27324955818176e-09,0.0010120430961251,-0.0181065313518047,0.0,0.0,0.0,-0.0084184734150767,60.0,-4.299907207489014,-0.0,-6.983361089396567e-08,0.0,293.1499938964844,293.1499938964844,293.1499938964844,293.1499938964844,293.1499938964844,293.1499938964844,278.1499938964844,0.0,18000.0,313.1499938964844,0.0,18000.0,0.0,0.0,0.0,0.0,0.0,0.0,0.0,0.0,0.0,0.0,-0.0,-0.0,0.0,0.0,0.0,0.0,0.0,-0.0,0.0,0.0,0.0,0.0,0.0,0.0,0.0,0.0,0.0,4.0,0.0,0.0
11921520,297.2198181152344,303.1499938964844,285.1499938964844,0.0,-0.0,291.0579528808594,0.0,0.0,9.508791845291852e-05,297.3559875488281,303.1499938964844,285.1499938964844,0.0,-0.0,291.0580749511719,0.0,0.0,0.0001001321797957,297.36285400390625,303.1499938964844,285.1499938964844,0.0,-0.0,291.0580749511719,0.0,0.0,7.395729335257784e-05,297.27801513671875,303.1499938964844,285.1499938964844,0.0,-0.0,291.0580749511719,0.0,0.0,0.0001001321797957,297.53326416015625,303.1499938964844,285.1499938964844,0.0,-0.0,291.0579833984375,0.0,0.0,0.0004749838844873,291.0361022949219,294.1499938964844,284.5461120605469,284.3865661621094,285.6026916503906,284.6220092773437,290.7602233886719,0.0,0.0,0.0,0.0,1.0,1.0,-0.0010131769813597,7.404980184588794e-09,0.0010131695307791,-0.0184515547007322,0.0,0.0,0.0,-0.0084837777540087,60.0,-4.309406280517578,-0.0,-6.998916290967827e-08,0.0,293.1499938964844,293.1499938964844,293.1499938964844,293.1499938964844,293.1499938964844,293.1499938964844,278.1499938964844,0.0,18000.0,313.1499938964844,0.0,18000.0,0.0,0.0,0.0,0.0,0.0,0.0,0.0,0.0,0.0,0.0,-0.0,-0.0,0.0,0.0,0.0,0.0,0.0,-0.0,0.0,0.0,0.0,0.0,0.0,0.0,0.0,0.0,0.0,4.0,0.0,0.0
11921580,297.21099853515625,303.1499938964844,285.1499938964844,0.0,-0.0,291.0563049316406,0.0,0.0,9.535570279695094e-05,297.35162353515625,303.1499938964844,285.1499938964844,0.0,-0.0,291.056396484375,0.0,0.0,0.0001004141595331,297.3582458496094,303.1499938964844,285.1499938964844,0.0,-0.0,291.0564270019531,0.0,0.0,7.416556036332622e-05,297.2740173339844,303.1499938964844,285.1499938964844,0.0,-0.0,291.0564270019531,0.0,0.0,0.000100414166809,297.5299377441406,303.1499938964844,285.1499938964844,0.0,-0.0,291.05633544921875,0.0,0.0,0.000476321496535,291.0341491699219,294.1499938964844,284.5258178710937,284.3789978027344,285.58349609375,284.59832763671875,290.7572937011719,0.0,0.0,0.0,0.0,1.0,1.0,-0.0010160298552364,7.738575114046853e-09,0.0010160220554098,-0.0193252675235271,0.0,0.0,0.0,-0.0086491554975509,60.0,-4.333472728729248,-0.0,-7.0383869399393e-08,0.0,293.1499938964844,293.1499938964844,293.1499938964844,293.1499938964844,293.1499938964844,293.1499938964844,278.1499938964844,0.0,18000.0,313.1499938964844,0.0,18000.0,0.0,0.0,0.0,0.0,0.0,0.0,0.0,0.0,0.0,0.0,-0.0,-0.0,0.0,0.0,0.0,0.0,0.0,-0.0,0.0,0.0,0.0,0.0,0.0,0.0,0.0,0.0,0.0,4.0,0.0,0.0
11921640,297.21099853515625,303.1499938964844,285.1499938964844,0.0,-0.0,291.0563049316406,0.0,0.0,9.535570279695094e-05,297.35162353515625,303.1499938964844,285.1499938964844,0.0,-0.0,291.056396484375,0.0,0.0,0.0001004141595331,297.3582458496094,303.1499938964844,285.1499938964844,0.0,-0.0,291.0564270019531,0.0,0.0,7.416556036332622e-05,297.2740173339844,303.1499938964844,285.1499938964844,0.0,-0.0,291.0564270019531,0.0,0.0,0.000100414166809,297.5299377441406,303.1499938964844,285.1499938964844,0.0,-0.0,291.05633544921875,0.0,0.0,0.000476321496535,291.0341491699219,294.1499938964844,284.5258178710937,284.3789978027344,285.58349609375,284.59832763671875,290.7572937011719,0.0,0.0,0.0,0.0,1.0,1.0,-0.0010160298552364,7.738575114046853e-09,0.0010160220554098,-0.0193252675235271,0.0,0.0,0.0,-0.0086491554975509,60.0,-4.333472728729248,-0.0,-7.0383869399393e-08,0.0,293.1499938964844,293.1499938964844,293.1499938964844,293.1499938964844,293.1499938964844,293.1499938964844,278.1499938964844,0.0,18000.0,313.1499938964844,0.0,18000.0,0.0,0.0,0.0,0.0,0.0,0.0,0.0,0.0,0.0,0.0,-0.0,-0.0,0.0,0.0,0.0,0.0,0.0,-0.0,0.0,0.0,0.0,0.0,0.0,0.0,0.0,0.0,0.0,4.0,0.0,0.0
11921700,297.2065734863281,303.1499938964844,285.1499938964844,0.0,-0.0,291.05548095703125,0.0,0.0,9.549074457027018e-05,297.3493957519531,303.1499938964844,285.1499938964844,0.0,-0.0,291.0555725097656,0.0,0.0,0.0001005563754006,297.3558959960937,303.1499938964844,285.1499938964844,0.0,-0.0,291.0556030273437,0.0,0.0,7.427060336340219e-05,297.27203369140625,303.1499938964844,285.1499938964844,0.0,-0.0,291.0555725097656,0.0,0.0,0.0001005563754006,297.5282592773437,303.1499938964844,285.1499938964844,0.0,-0.0,291.0555114746094,0.0,0.0,0.0004769960651174,291.0331420898437,294.1499938964844,284.515625,284.3751220703125,285.5738830566406,284.5864562988281,290.755859375,0.0,0.0,0.0,0.0,1.0,1.0,-0.0010174686321988,7.906816534841711e-09,0.0010174607159569,-0.0197658892720937,0.0,0.0,0.0,-0.0087325600907206,60.0,-4.34564733505249,-0.0,-7.05833471670303e-08,0.0,293.1499938964844,293.1499938964844,293.1499938964844,293.1499938964844,293.1499938964844,293.1499938964844,278.1499938964844,0.0,18000.0,313.1499938964844,0.0,18000.0,0.0,0.0,0.0,0.0,0.0,0.0,0.0,0.0,0.0,0.0,-0.0,-0.0,0.0,0.0,0.0,0.0,0.0,-0.0,0.0,0.0,0.0,0.0,0.0,0.0,0.0,0.0,0.0,4.0,0.0,0.0
11921760,297.2021789550781,303.1499938964844,285.1499938964844,0.0,-0.0,291.0546264648437,0.0,0.0,9.5626077381894e-05,297.34716796875,303.1499938964844,285.1499938964844,0.0,-0.0,291.05474853515625,0.0,0.0,0.0001006988823064,297.3535461425781,303.1499938964844,285.1499938964844,0.0,-0.0,291.05474853515625,0.0,0.0,7.437585736624897e-05,297.27008056640625,303.1499938964844,285.1499938964844,0.0,-0.0,291.05474853515625,0.0,0.0,0.0001006988895824,297.52655029296875,303.1499938964844,285.1499938964844,0.0,-0.0,291.0546569824219,0.0,0.0,0.0004776720888912,291.0321655273437,294.1499938964844,284.5054016113281,284.3711853027344,285.56427001953125,284.5745849609375,290.75439453125,0.0,0.0,0.0,0.0,1.0,1.0,-0.0010189104359596,8.075410562469187e-09,0.0010189022868871,-0.0202074237167835,0.0,0.0,0.0,-0.0088161388412117,60.0,-4.357890129089356,-0.0,-7.078352837197599e-08,0.0,293.1499938964844,293.1499938964844,293.1499938964844,293.1499938964844,293.1499938964844,293.1499938964844,278.1499938964844,0.0,18000.0,313.1499938964844,0.0,18000.0,0.0,0.0,0.0,0.0,0.0,0.0,0.0,0.0,0.0,0.0,-0.0,-0.0,0.0,0.0,0.0,0.0,0.0,-0.0,0.0,0.0,0.0,0.0,0.0,0.0,0.0,0.0,0.0,4.0,0.0,0.0
11921820,297.19342041015625,303.1499938964844,285.1499938964844,0.0,-0.0,291.0529479980469,0.0,0.0,9.589600085746496e-05,297.3426513671875,303.1499938964844,285.1499938964844,0.0,-0.0,291.05303955078125,0.0,0.0,0.0001009831248666,297.34881591796875,303.1499938964844,285.1499938964844,0.0,-0.0,291.0530700683594,0.0,0.0,7.458579784724861e-05,297.2662048339844,303.1499938964844,285.1499938964844,0.0,-0.0,291.05303955078125,0.0,0.0,0.0001009831321425,297.52313232421875,303.1499938964844,285.1499938964844,0.0,-0.0,291.052978515625,0.0,0.0,0.0004790204111486,291.0301513671875,294.1499938964844,284.4848327636719,284.3631286621094,285.544921875,284.5508728027344,290.7514343261719,0.0,0.0,0.0,0.0,1.0,1.0,-0.0010217861272394,8.411679353059753e-09,0.0010217777453362,-0.0210880506783723,0.0,0.0,0.0,-0.0089828418567776,60.0,-4.382513046264648,-0.0,-7.118364919733723e-08,0.0,293.1499938964844,293.1499938964844,293.1499938964844,293.1499938964844,293.1499938964844,293.1499938964844,278.1499938964844,0.0,18000.0,313.1499938964844,0.0,18000.0,0.0,0.0,0.0,0.0,0.0,0.0,0.0,0.0,0.0,0.0,-0.0,-0.0,0.0,0.0,0.0,0.0,0.0,-0.0,0.0,0.0,0.0,0.0,0.0,0.0,0.0,0.0,0.0,4.0,0.0,0.0
11921880,297.19342041015625,303.1499938964844,285.1499938964844,0.0,-0.0,291.0529479980469,0.0,0.0,9.589600085746496e-05,297.3426513671875,303.1499938964844,285.1499938964844,0.0,-0.0,291.05303955078125,0.0,0.0,0.0001009831248666,297.34881591796875,303.1499938964844,285.1499938964844,0.0,-0.0,291.0530700683594,0.0,0.0,7.458579784724861e-05,297.2662048339844,303.1499938964844,285.1499938964844,0.0,-0.0,291.05303955078125,0.0,0.0,0.0001009831321425,297.52313232421875,303.1499938964844,285.1499938964844,0.0,-0.0,291.052978515625,0.0,0.0,0.0004790204111486,291.0301513671875,294.1499938964844,284.4848327636719,284.3631286621094,285.544921875,284.5508728027344,290.7514343261719,0.0,0.0,0.0,0.0,1.0,1.0,-0.0010217861272394,8.411679353059753e-09,0.0010217777453362,-0.0210880506783723,0.0,0.0,0.0,-0.0089828418567776,60.0,-4.382513046264648,-0.0,-7.118364919733723e-08,0.0,293.1499938964844,293.1499938964844,293.1499938964844,293.1499938964844,293.1499938964844,293.1499938964844,278.1499938964844,0.0,18000.0,313.1499938964844,0.0,18000.0,0.0,0.0,0.0,0.0,0.0,0.0,0.0,0.0,0.0,0.0,-0.0,-0.0,0.0,0.0,0.0,0.0,0.0,-0.0,0.0,0.0,0.0,0.0,0.0,0.0,0.0,0.0,0.0,4.0,0.0,0.0
11921940,297.1848449707031,303.1499938964844,285.1499938964844,0.0,-0.0,291.0512390136719,0.0,0.0,9.616200986783952e-05,297.3381042480469,303.1499938964844,285.1499938964844,0.0,-0.0,291.05133056640625,0.0,0.0,0.0001012632492347,297.3440246582031,303.1499938964844,285.1499938964844,0.0,-0.0,291.0513610839844,0.0,0.0,7.479269697796553e-05,297.2624816894531,303.1499938964844,285.1499938964844,0.0,-0.0,291.05133056640625,0.0,0.0,0.0001012632492347,297.51971435546875,303.1499938964844,285.1499938964844,0.0,-0.0,291.05126953125,0.0,0.0,0.0004803491756319,291.02813720703125,294.1499938964844,284.4641418457031,284.3547668457031,285.5255432128906,284.5272521972656,290.7485046386719,0.0,0.0,0.0,0.0,1.0,1.0,-0.0010246202582493,8.743073820483005e-09,0.0010246114106848,-0.0219558645039796,0.0,0.0,0.0,-0.0091471280902624,60.0,-4.407203197479248,-0.0,-7.157907333521507e-08,0.0,293.1499938964844,293.1499938964844,293.1499938964844,293.1499938964844,293.1499938964844,293.1499938964844,278.1499938964844,0.0,18000.0,313.1499938964844,0.0,18000.0,0.0,0.0,0.0,0.0,0.0,0.0,0.0,0.0,0.0,0.0,-0.0,-0.0,0.0,0.0,0.0,0.0,0.0,-0.0,0.0,0.0,0.0,0.0,0.0,0.0,0.0,0.0,0.0,4.0,0.0,0.0
11922000,297.1848449707031,303.1499938964844,285.1499938964844,0.0,-0.0,291.0512390136719,0.0,0.0,9.616200986783952e-05,297.3381042480469,303.1499938964844,285.1499938964844,0.0,-0.0,291.05133056640625,0.0,0.0,0.0001012632492347,297.3440246582031,303.1499938964844,285.1499938964844,0.0,-0.0,291.0513610839844,0.0,0.0,7.479269697796553e-05,297.2624816894531,303.1499938964844,285.1499938964844,0.0,-0.0,291.05133056640625,0.0,0.0,0.0001012632492347,297.51971435546875,303.1499938964844,285.1499938964844,0.0,-0.0,291.05126953125,0.0,0.0,0.0004803491756319,291.02813720703125,294.1499938964844,284.4641418457031,284.3547668457031,285.5255432128906,284.5272521972656,290.7485046386719,0.0,0.0,0.0,0.0,1.0,1.0,-0.0010246202582493,8.743073820483005e-09,0.0010246114106848,-0.0219558645039796,0.0,0.0,0.0,-0.0091471280902624,60.0,-4.407203197479248,-0.0,-7.157907333521507e-08,0.0,293.1499938964844,293.1499938964844,293.1499938964844,293.1499938964844,293.1499938964844,293.1499938964844,278.1499938964844,0.0,18000.0,313.1499938964844,0.0,18000.0,0.0,0.0,0.0,0.0,0.0,0.0,0.0,0.0,0.0,0.0,-0.0,-0.0,0.0,0.0,0.0,0.0,0.0,-0.0,0.0,0.0,0.0,0.0,0.0,0.0,0.0,0.0,0.0,4.0,0.0,0.0
11922060,297.17645263671875,303.1499938964844,285.1499938964844,0.0,-0.0,291.04949951171875,0.0,0.0,9.642037184676155e-05,297.33355712890625,303.1499938964844,285.1499938964844,0.0,-0.0,291.04962158203125,0.0,0.0,0.0001015353118418,297.3392028808594,303.1499938964844,285.1499938964844,0.0,-0.0,291.04962158203125,0.0,0.0,7.499363709939644e-05,297.2588806152344,303.1499938964844,285.1499938964844,0.0,-0.0,291.04962158203125,0.0,0.0,0.0001015353118418,297.5162658691406,303.1499938964844,285.1499938964844,0.0,-0.0,291.0495300292969,0.0,0.0,0.0004816397267859,291.0260925292969,294.1499938964844,284.4433288574219,284.3460693359375,285.50604248046875,284.5036926269531,290.7455444335937,0.0,0.0,0.0,0.0,1.0,1.0,-0.0010273726657032,9.064931028035517e-09,0.0010273637017235,-0.0227986574172973,0.0,0.0,0.0,-0.0093066869303584,60.0,-4.431790828704834,-0.0,-7.196415907628761e-08,0.0,293.1499938964844,293.1499938964844,293.1499938964844,293.1499938964844,293.1499938964844,293.1499938964844,278.1499938964844,0.0,18000.0,313.1499938964844,0.0,18000.0,0.0,0.0,0.0,0.0,0.0,0.0,0.0,0.0,0.0,0.0,-0.0,-0.0,0.0,0.0,0.0,0.0,0.0,-0.0,0.0,0.0,0.0,0.0,0.0,0.0,0.0,0.0,0.0,4.0,0.0,0.0
11922120,297.17645263671875,303.1499938964844,285.1499938964844,0.0,-0.0,291.04949951171875,0.0,0.0,9.642037184676155e-05,297.33355712890625,303.1499938964844,285.1499938964844,0.0,-0.0,291.04962158203125,0.0,0.0,0.0001015353118418,297.3392028808594,303.1499938964844,285.1499938964844,0.0,-0.0,291.04962158203125,0.0,0.0,7.499363709939644e-05,297.2588806152344,303.1499938964844,285.1499938964844,0.0,-0.0,291.04962158203125,0.0,0.0,0.0001015353118418,297.5162658691406,303.1499938964844,285.1499938964844,0.0,-0.0,291.0495300292969,0.0,0.0,0.0004816397267859,291.0260925292969,294.1499938964844,284.4433288574219,284.3460693359375,285.50604248046875,284.5036926269531,290.7455444335937,0.0,0.0,0.0,0.0,1.0,1.0,-0.0010273726657032,9.064931028035517e-09,0.0010273637017235,-0.0227986574172973,0.0,0.0,0.0,-0.0093066869303584,60.0,-4.431790828704834,-0.0,-7.196415907628761e-08,0.0,293.1499938964844,293.1499938964844,293.1499938964844,293.1499938964844,293.1499938964844,293.1499938964844,278.1499938964844,0.0,18000.0,313.1499938964844,0.0,18000.0,0.0,0.0,0.0,0.0,0.0,0.0,0.0,0.0,0.0,0.0,-0.0,-0.0,0.0,0.0,0.0,0.0,0.0,-0.0,0.0,0.0,0.0,0.0,0.0,0.0,0.0,0.0,0.0,4.0,0.0,0.0
11922180,297.1683349609375,303.1499938964844,285.1499938964844,0.0,-0.0,291.0477600097656,0.0,0.0,9.6666939498391e-05,297.3289794921875,303.1499938964844,285.1499938964844,0.0,-0.0,291.0478820800781,0.0,0.0,0.0001017949616652,297.3344421386719,303.1499938964844,285.1499938964844,0.0,-0.0,291.0478820800781,0.0,0.0,7.518541679019108e-05,297.25543212890625,303.1499938964844,285.1499938964844,0.0,-0.0,291.0478820800781,0.0,0.0,0.0001017949616652,297.51287841796875,303.1499938964844,285.1499938964844,0.0,-0.0,291.0477905273437,0.0,0.0,0.0004828714008908,291.0240478515625,294.1499938964844,284.42236328125,284.3370666503906,285.4864807128906,284.48028564453125,290.7425842285156,0.0,0.0,0.0,0.0,1.0,1.0,-0.0010299996938556,9.372108422667225e-09,0.0010299902642145,-0.0236029662191867,0.0,0.0,0.0,-0.0094589684158563,60.0,-4.456089496612549,-0.0,-7.23326465390528e-08,0.0,293.1499938964844,293.1499938964844,293.1499938964844,293.1499938964844,293.1499938964844,293.1499938964844,278.1499938964844,0.0,18000.0,313.1499938964844,0.0,18000.0,0.0,0.0,0.0,0.0,0.0,0.0,0.0,0.0,0.0,0.0,-0.0,-0.0,0.0,0.0,0.0,0.0,0.0,-0.0,0.0,0.0,0.0,0.0,0.0,0.0,0.0,0.0,0.0,4.0,0.0,0.0
11922240,297.1683349609375,303.1499938964844,285.1499938964844,0.0,-0.0,291.0477600097656,0.0,0.0,9.6666939498391e-05,297.3289794921875,303.1499938964844,285.1499938964844,0.0,-0.0,291.0478820800781,0.0,0.0,0.0001017949616652,297.3344421386719,303.1499938964844,285.1499938964844,0.0,-0.0,291.0478820800781,0.0,0.0,7.518541679019108e-05,297.25543212890625,303.1499938964844,285.1499938964844,0.0,-0.0,291.0478820800781,0.0,0.0,0.0001017949616652,297.51287841796875,303.1499938964844,285.1499938964844,0.0,-0.0,291.0477905273437,0.0,0.0,0.0004828714008908,291.0240478515625,294.1499938964844,284.42236328125,284.3370666503906,285.4864807128906,284.48028564453125,290.7425842285156,0.0,0.0,0.0,0.0,1.0,1.0,-0.0010299996938556,9.372108422667225e-09,0.0010299902642145,-0.0236029662191867,0.0,0.0,0.0,-0.0094589684158563,60.0,-4.456089496612549,-0.0,-7.23326465390528e-08,0.0,293.1499938964844,293.1499938964844,293.1499938964844,293.1499938964844,293.1499938964844,293.1499938964844,278.1499938964844,0.0,18000.0,313.1499938964844,0.0,18000.0,0.0,0.0,0.0,0.0,0.0,0.0,0.0,0.0,0.0,0.0,-0.0,-0.0,0.0,0.0,0.0,0.0,0.0,-0.0,0.0,0.0,0.0,0.0,0.0,0.0,0.0,0.0,0.0,4.0,0.0,0.0
11922300,297.1643981933594,303.1499938964844,285.1499938964844,0.0,-0.0,291.0469055175781,0.0,0.0,9.67841042438522e-05,297.32672119140625,303.1499938964844,285.1499938964844,0.0,-0.0,291.0469970703125,0.0,0.0,0.0001019183400785,297.3320617675781,303.1499938964844,285.1499938964844,0.0,-0.0,291.0470275878906,0.0,0.0,7.527654088335112e-05,297.2537841796875,303.1499938964844,285.1499938964844,0.0,-0.0,291.0469970703125,0.0,0.0,0.0001019183400785,297.5111694335937,303.1499938964844,285.1499938964844,0.0,-0.0,291.04693603515625,0.0,0.0,0.0004834566498175,291.02301025390625,294.1499938964844,284.41180419921875,284.3324279785156,285.4766845703125,284.4686279296875,290.7410888671875,0.0,0.0,0.0,0.0,1.0,1.0,-0.0010312478989362,9.518066335090223e-09,0.0010312383528798,-0.0239851213991642,0.0,0.0,0.0,-0.0095313256606459,60.0,-4.468053340911865,-0.0,-7.250806532965727e-08,0.0,293.1499938964844,293.1499938964844,293.1499938964844,293.1499938964844,293.1499938964844,293.1499938964844,278.1499938964844,0.0,18000.0,313.1499938964844,0.0,18000.0,0.0,0.0,0.0,0.0,0.0,0.0,0.0,0.0,0.0,0.0,-0.0,-0.0,0.0,0.0,0.0,0.0,0.0,-0.0,0.0,0.0,0.0,0.0,0.0,0.0,0.0,0.0,0.0,4.0,0.0,0.0
11922360,297.1605834960937,303.1499938964844,285.1499938964844,0.0,-0.0,291.0460205078125,0.0,0.0,9.68969616224058e-05,297.324462890625,303.1499938964844,285.1499938964844,0.0,-0.0,291.0461120605469,0.0,0.0,0.0001020371782942,297.3296813964844,303.1499938964844,285.1499938964844,0.0,-0.0,291.046142578125,0.0,0.0,7.536431803600863e-05,297.2521667480469,303.1499938964844,285.1499938964844,0.0,-0.0,291.0461120605469,0.0,0.0,0.0001020371855702,297.509521484375,303.1499938964844,285.1499938964844,0.0,-0.0,291.0460510253906,0.0,0.0,0.0004840203910134,291.0220031738281,294.1499938964844,284.4012451171875,284.32769775390625,285.46685791015625,284.4570007324219,290.7395935058594,0.0,0.0,0.0,0.0,1.0,1.0,-0.0010324502363801,9.658661426215076e-09,0.0010324405739083,-0.0243532285094261,0.0,0.0,0.0,-0.0096010249108076,60.0,-4.479874134063721,-0.0,-7.267723844961439e-08,0.0,293.1499938964844,293.1499938964844,293.1499938964844,293.1499938964844,293.1499938964844,293.1499938964844,278.1499938964844,0.0,18000.0,313.1499938964844,0.0,18000.0,0.0,0.0,0.0,0.0,0.0,0.0,0.0,0.0,0.0,0.0,-0.0,-0.0,0.0,0.0,0.0,0.0,0.0,-0.0,0.0,0.0,0.0,0.0,0.0,0.0,0.0,0.0,0.0,4.0,0.0,0.0
11922420,297.1531982421875,303.1499938964844,285.1499938964844,0.0,-0.0,291.04425048828125,0.0,0.0,9.71062108874321e-05,297.3199768066406,303.1499938964844,285.1499938964844,0.0,-0.0,291.0443420410156,0.0,0.0,0.0001022575379465,297.32501220703125,303.1499938964844,285.1499938964844,0.0,-0.0,291.0443725585937,0.0,0.0,7.55270739318803e-05,297.2490539550781,303.1499938964844,285.1499938964844,0.0,-0.0,291.0443420410156,0.0,0.0,0.0001022575379465,297.5061950683594,303.1499938964844,285.1499938964844,0.0,-0.0,291.0442810058594,0.0,0.0,0.0004850656550843,291.0198974609375,294.1499938964844,284.3800354003906,284.3179626464844,285.4471435546875,284.4338684082031,290.7366027832031,0.0,0.0,0.0,0.0,1.0,1.0,-0.0010346797062084,9.919344456932322e-09,0.0010346696944907,-0.0250357259064912,0.0,0.0,0.0,-0.0097302570939064,60.0,-4.502964496612549,-0.0,-7.299143334194015e-08,0.0,293.1499938964844,293.1499938964844,293.1499938964844,293.1499938964844,293.1499938964844,293.1499938964844,278.1499938964844,0.0,18000.0,313.1499938964844,0.0,18000.0,0.0,0.0,0.0,0.0,0.0,0.0,0.0,0.0,0.0,0.0,-0.0,-0.0,0.0,0.0,0.0,0.0,0.0,-0.0,0.0,0.0,0.0,0.0,0.0,0.0,0.0,0.0,0.0,4.0,0.0,0.0
11922480,297.1531982421875,303.1499938964844,285.1499938964844,0.0,-0.0,291.04425048828125,0.0,0.0,9.71062108874321e-05,297.3199768066406,303.1499938964844,285.1499938964844,0.0,-0.0,291.0443420410156,0.0,0.0,0.0001022575379465,297.32501220703125,303.1499938964844,285.1499938964844,0.0,-0.0,291.0443725585937,0.0,0.0,7.55270739318803e-05,297.2490539550781,303.1499938964844,285.1499938964844,0.0,-0.0,291.0443420410156,0.0,0.0,0.0001022575379465,297.5061950683594,303.1499938964844,285.1499938964844,0.0,-0.0,291.0442810058594,0.0,0.0,0.0004850656550843,291.0198974609375,294.1499938964844,284.3800354003906,284.3179626464844,285.4471435546875,284.4338684082031,290.7366027832031,0.0,0.0,0.0,0.0,1.0,1.0,-0.0010346797062084,9.919344456932322e-09,0.0010346696944907,-0.0250357259064912,0.0,0.0,0.0,-0.0097302570939064,60.0,-4.502964496612549,-0.0,-7.299143334194015e-08,0.0,293.1499938964844,293.1499938964844,293.1499938964844,293.1499938964844,293.1499938964844,293.1499938964844,278.1499938964844,0.0,18000.0,313.1499938964844,0.0,18000.0,0.0,0.0,0.0,0.0,0.0,0.0,0.0,0.0,0.0,0.0,-0.0,-0.0,0.0,0.0,0.0,0.0,0.0,-0.0,0.0,0.0,0.0,0.0,0.0,0.0,0.0,0.0,0.0,4.0,0.0,0.0
11922540,297.1462707519531,303.1499938964844,285.1499938964844,0.0,-0.0,291.0424499511719,0.0,0.0,9.728921577334404e-05,297.3155517578125,303.1499938964844,285.1499938964844,0.0,-0.0,291.0425720214844,0.0,0.0,0.0001024502416839,297.3204650878906,303.1499938964844,285.1499938964844,0.0,-0.0,291.0425720214844,0.0,0.0,7.566940621472895e-05,297.24609375,303.1499938964844,285.1499938964844,0.0,-0.0,291.0425720214844,0.0,0.0,0.0001024502489599,297.50299072265625,303.1499938964844,285.1499938964844,0.0,-0.0,291.04248046875,0.0,0.0,0.0004859797772951,291.017822265625,294.1499938964844,284.3586730957031,284.30780029296875,285.4273681640625,284.4108581542969,290.73358154296875,0.0,0.0,0.0,0.0,1.0,1.0,-0.001036629313603,1.0147314988273592e-08,0.00103661918547,-0.0256325472146272,0.0,0.0,0.0,-0.0098432721570134,60.0,-4.525097370147705,-0.0,-7.326675444119246e-08,0.0,293.1499938964844,293.1499938964844,293.1499938964844,293.1499938964844,293.1499938964844,293.1499938964844,278.1499938964844,0.0,18000.0,313.1499938964844,0.0,18000.0,0.0,0.0,0.0,0.0,0.0,0.0,0.0,0.0,0.0,0.0,-0.0,-0.0,0.0,0.0,0.0,0.0,0.0,-0.0,0.0,0.0,0.0,0.0,0.0,0.0,0.0,0.0,0.0,4.0,0.0,0.0
11922600,297.1462707519531,303.1499938964844,285.1499938964844,0.0,-0.0,291.0424499511719,0.0,0.0,9.728921577334404e-05,297.3155517578125,303.1499938964844,285.1499938964844,0.0,-0.0,291.0425720214844,0.0,0.0,0.0001024502416839,297.3204650878906,303.1499938964844,285.1499938964844,0.0,-0.0,291.0425720214844,0.0,0.0,7.566940621472895e-05,297.24609375,303.1499938964844,285.1499938964844,0.0,-0.0,291.0425720214844,0.0,0.0,0.0001024502489599,297.50299072265625,303.1499938964844,285.1499938964844,0.0,-0.0,291.04248046875,0.0,0.0,0.0004859797772951,291.017822265625,294.1499938964844,284.3586730957031,284.30780029296875,285.4273681640625,284.4108581542969,290.73358154296875,0.0,0.0,0.0,0.0,1.0,1.0,-0.001036629313603,1.0147314988273592e-08,0.00103661918547,-0.0256325472146272,0.0,0.0,0.0,-0.0098432721570134,60.0,-4.525097370147705,-0.0,-7.326675444119246e-08,0.0,293.1499938964844,293.1499938964844,293.1499938964844,293.1499938964844,293.1499938964844,293.1499938964844,278.1499938964844,0.0,18000.0,313.1499938964844,0.0,18000.0,0.0,0.0,0.0,0.0,0.0,0.0,0.0,0.0,0.0,0.0,-0.0,-0.0,0.0,0.0,0.0,0.0,0.0,-0.0,0.0,0.0,0.0,0.0,0.0,0.0,0.0,0.0,0.0,4.0,0.0,0.0
11922660,297.141845703125,303.1499938964844,285.1499938964844,0.0,-0.0,291.0412292480469,0.0,0.0,9.739686356624588e-05,297.3125915527344,303.1499938964844,285.1499938964844,0.0,-0.0,291.04132080078125,0.0,0.0,0.0001025636011036,297.3174133300781,303.1499938964844,285.1499938964844,0.0,-0.0,291.0413513183594,0.0,0.0,7.575313065899536e-05,297.2441711425781,303.1499938964844,285.1499938964844,0.0,-0.0,291.0413513183594,0.0,0.0,0.0001025636011036,297.5008544921875,303.1499938964844,285.1499938964844,0.0,-0.0,291.041259765625,0.0,0.0,0.0004865174996666,291.0163879394531,294.1499938964844,284.34405517578125,284.3006286621094,285.41387939453125,284.39532470703125,290.7315368652344,0.0,0.0,0.0,0.0,1.0,1.0,-0.0010377761209383,1.0281413054258335e-08,0.00103776587639,-0.0259836018085479,0.0,0.0,0.0,-0.0099097499623894,60.0,-4.539522171020508,-0.0,-7.342894292605706e-08,0.0,293.1499938964844,293.1499938964844,293.1499938964844,293.1499938964844,293.1499938964844,293.1499938964844,278.1499938964844,0.0,18000.0,313.1499938964844,0.0,18000.0,0.0,0.0,0.0,0.0,0.0,0.0,0.0,0.0,0.0,0.0,-0.0,-0.0,0.0,0.0,0.0,0.0,0.0,-0.0,0.0,0.0,0.0,0.0,0.0,0.0,0.0,0.0,0.0,4.0,0.0,0.0
11922720,297.13983154296875,303.1499938964844,285.1499938964844,0.0,-0.0,291.0406799316406,0.0,0.0,9.744188719196244e-05,297.31121826171875,303.1499938964844,285.1499938964844,0.0,-0.0,291.040771484375,0.0,0.0,0.0001026110185193,297.3160095214844,303.1499938964844,285.1499938964844,0.0,-0.0,291.040771484375,0.0,0.0,7.578814984299242e-05,297.2433166503906,303.1499938964844,285.1499938964844,0.0,-0.0,291.040771484375,0.0,0.0,0.0001026110185193,297.4998474121094,303.1499938964844,285.1499938964844,0.0,-0.0,291.0406799316406,0.0,0.0,0.0004867424140684,291.0157165527344,294.1499938964844,284.3371887207031,284.29718017578125,285.4075012207031,284.3880310058594,290.7305603027344,0.0,0.0,0.0,0.0,1.0,1.0,-0.0010382558684796,1.0337503297819241e-08,0.0010382455075159,-0.026130435988307,0.0,0.0,0.0,-0.0099375564604997,60.0,-4.5460944175720215,-0.0,-7.349683528445895e-08,0.0,293.1499938964844,293.1499938964844,293.1499938964844,293.1499938964844,293.1499938964844,293.1499938964844,278.1499938964844,0.0,18000.0,313.1499938964844,0.0,18000.0,0.0,0.0,0.0,0.0,0.0,0.0,0.0,0.0,0.0,0.0,-0.0,-0.0,0.0,0.0,0.0,0.0,0.0,-0.0,0.0,0.0,0.0,0.0,0.0,0.0,0.0,0.0,0.0,4.0,0.0,0.0
11922780,297.13397216796875,303.1499938964844,285.1499938964844,0.0,-0.0,291.0388488769531,0.0,0.0,9.755654900800435e-05,297.3070373535156,303.1499938964844,285.1499938964844,0.0,-0.0,291.0389404296875,0.0,0.0,0.0001027317630359,297.31170654296875,303.1499938964844,285.1499938964844,0.0,-0.0,291.0389709472656,0.0,0.0,7.587733853142709e-05,297.2406616210937,303.1499938964844,285.1499938964844,0.0,-0.0,291.0389404296875,0.0,0.0,0.0001027317630359,297.4968566894531,303.1499938964844,285.1499938964844,0.0,-0.0,291.03887939453125,0.0,0.0,0.0004873152065556,291.0135803222656,294.1499938964844,284.3155822753906,284.2861328125,285.3876037597656,284.3653259277344,290.7275390625,0.0,0.0,0.0,0.0,1.0,1.0,-0.0010394774144515,1.0480333045848056e-08,0.0010394669370725,-0.0265043340623378,0.0,0.0,0.0,-0.0100083639845252,60.0,-4.565639972686768,-0.0,-7.366986665147125e-08,0.0,293.1499938964844,293.1499938964844,293.1499938964844,293.1499938964844,293.1499938964844,293.1499938964844,278.1499938964844,0.0,18000.0,313.1499938964844,0.0,18000.0,0.0,0.0,0.0,0.0,0.0,0.0,0.0,0.0,0.0,0.0,-0.0,-0.0,0.0,0.0,0.0,0.0,0.0,-0.0,0.0,0.0,0.0,0.0,0.0,0.0,0.0,0.0,0.0,4.0,0.0,0.0
11922840,297.13397216796875,303.1499938964844,285.1499938964844,0.0,-0.0,291.0388488769531,0.0,0.0,9.755654900800435e-05,297.3070373535156,303.1499938964844,285.1499938964844,0.0,-0.0,291.0389404296875,0.0,0.0,0.0001027317630359,297.31170654296875,303.1499938964844,285.1499938964844,0.0,-0.0,291.0389709472656,0.0,0.0,7.587733853142709e-05,297.2406616210937,303.1499938964844,285.1499938964844,0.0,-0.0,291.0389404296875,0.0,0.0,0.0001027317630359,297.4968566894531,303.1499938964844,285.1499938964844,0.0,-0.0,291.03887939453125,0.0,0.0,0.0004873152065556,291.0135803222656,294.1499938964844,284.3155822753906,284.2861328125,285.3876037597656,284.3653259277344,290.7275390625,0.0,0.0,0.0,0.0,1.0,1.0,-0.0010394774144515,1.0480333045848056e-08,0.0010394669370725,-0.0265043340623378,0.0,0.0,0.0,-0.0100083639845252,60.0,-4.565639972686768,-0.0,-7.366986665147125e-08,0.0,293.1499938964844,293.1499938964844,293.1499938964844,293.1499938964844,293.1499938964844,293.1499938964844,278.1499938964844,0.0,18000.0,313.1499938964844,0.0,18000.0,0.0,0.0,0.0,0.0,0.0,0.0,0.0,0.0,0.0,0.0,-0.0,-0.0,0.0,0.0,0.0,0.0,0.0,-0.0,0.0,0.0,0.0,0.0,0.0,0.0,0.0,0.0,0.0,4.0,0.0,0.0
11922900,297.1312561035156,303.1499938964844,285.1499938964844,0.0,-0.0,291.0379333496094,0.0,0.0,9.760019020177424e-05,297.30499267578125,303.1499938964844,285.1499938964844,0.0,-0.0,291.0380249023437,0.0,0.0,0.0001027777179842,297.3096618652344,303.1499938964844,285.1499938964844,0.0,-0.0,291.0380554199219,0.0,0.0,7.591128087369725e-05,297.2394104003906,303.1499938964844,285.1499938964844,0.0,-0.0,291.0380249023437,0.0,0.0,0.0001027777252602,297.4953918457031,303.1499938964844,285.1499938964844,0.0,-0.0,291.0379638671875,0.0,0.0,0.0004875331942457,291.01251220703125,294.1499938964844,284.3047180175781,284.2804260253906,285.3776550292969,284.3540344238281,290.7260131835937,0.0,0.0,0.0,0.0,1.0,1.0,-0.0010399423772469,1.0534689565133704e-08,0.0010399317834526,-0.0266466252505779,0.0,0.0,0.0,-0.0100353108718991,60.0,-4.574759483337402,-0.0,-7.3735769490213e-08,0.0,293.1499938964844,293.1499938964844,293.1499938964844,293.1499938964844,293.1499938964844,293.1499938964844,278.1499938964844,0.0,18000.0,313.1499938964844,0.0,18000.0,0.0,0.0,0.0,0.0,0.0,0.0,0.0,0.0,0.0,0.0,-0.0,-0.0,0.0,0.0,0.0,0.0,0.0,-0.0,0.0,0.0,0.0,0.0,0.0,0.0,0.0,0.0,0.0,4.0,0.0,0.0
11922960,297.12872314453125,303.1499938964844,285.1499938964844,0.0,-0.0,291.0370178222656,0.0,0.0,9.763230627868325e-05,297.302978515625,303.1499938964844,285.1499938964844,0.0,-0.0,291.037109375,0.0,0.0,0.0001028115366352,297.3076171875,303.1499938964844,285.1499938964844,0.0,-0.0,291.0371398925781,0.0,0.0,7.593625196022913e-05,297.2381896972656,303.1499938964844,285.1499938964844,0.0,-0.0,291.037109375,0.0,0.0,0.0001028115366352,297.49395751953125,303.1499938964844,285.1499938964844,0.0,-0.0,291.0370483398437,0.0,0.0,0.0004876936145592,291.0114440917969,294.1499938964844,284.2938232421875,284.27459716796875,285.36767578125,284.3427734375,290.7244873046875,0.0,0.0,0.0,0.0,1.0,1.0,-0.0010402844054624,1.057468157483754e-08,0.0010402738116681,-0.0267513114959001,0.0,0.0,0.0,-0.0100551368668675,60.0,-4.583458423614502,-0.0,-7.378427824278333e-08,0.0,293.1499938964844,293.1499938964844,293.1499938964844,293.1499938964844,293.1499938964844,293.1499938964844,278.1499938964844,0.0,18000.0,313.1499938964844,0.0,18000.0,0.0,0.0,0.0,0.0,0.0,0.0,0.0,0.0,0.0,0.0,-0.0,-0.0,0.0,0.0,0.0,0.0,0.0,-0.0,0.0,0.0,0.0,0.0,0.0,0.0,0.0,0.0,0.0,4.0,0.0,0.0
11923020,297.1241455078125,303.1499938964844,285.1499938964844,0.0,-0.0,291.0351867675781,0.0,0.0,9.76609589997679e-05,297.2991027832031,303.1499938964844,285.1499938964844,0.0,-0.0,291.0352783203125,0.0,0.0,0.0001028417027555,297.3037414550781,303.1499938964844,285.1499938964844,0.0,-0.0,291.0353088378906,0.0,0.0,7.595853821840137e-05,297.2358703613281,303.1499938964844,285.1499938964844,0.0,-0.0,291.0352783203125,0.0,0.0,0.0001028417100314,297.4912109375,303.1499938964844,285.1499938964844,0.0,-0.0,291.03521728515625,0.0,0.0,0.0004878367180936,291.0093078613281,294.1499938964844,284.27197265625,284.2625732421875,285.34765625,284.3204040527344,290.721435546875,0.0,0.0,0.0,0.0,1.0,1.0,-0.0010405895300209,1.061034371474534e-08,0.0010405789362266,-0.0268446635454893,0.0,0.0,0.0,-0.010072817094624,60.0,-4.599359035491943,-0.0,-7.382754318996376e-08,0.0,293.1499938964844,293.1499938964844,293.1499938964844,293.1499938964844,293.1499938964844,293.1499938964844,278.1499938964844,0.0,18000.0,313.1499938964844,0.0,18000.0,0.0,0.0,0.0,0.0,0.0,0.0,0.0,0.0,0.0,0.0,-0.0,-0.0,0.0,0.0,0.0,0.0,0.0,-0.0,0.0,0.0,0.0,0.0,0.0,0.0,0.0,0.0,0.0,4.0,0.0,0.0
11923080,297.1241455078125,303.1499938964844,285.1499938964844,0.0,-0.0,291.0351867675781,0.0,0.0,9.76609589997679e-05,297.2991027832031,303.1499938964844,285.1499938964844,0.0,-0.0,291.0352783203125,0.0,0.0,0.0001028417027555,297.3037414550781,303.1499938964844,285.1499938964844,0.0,-0.0,291.0353088378906,0.0,0.0,7.595853821840137e-05,297.2358703613281,303.1499938964844,285.1499938964844,0.0,-0.0,291.0352783203125,0.0,0.0,0.0001028417100314,297.4912109375,303.1499938964844,285.1499938964844,0.0,-0.0,291.03521728515625,0.0,0.0,0.0004878367180936,291.0093078613281,294.1499938964844,284.27197265625,284.2625732421875,285.34765625,284.3204040527344,290.721435546875,0.0,0.0,0.0,0.0,1.0,1.0,-0.0010405895300209,1.061034371474534e-08,0.0010405789362266,-0.0268446635454893,0.0,0.0,0.0,-0.010072817094624,60.0,-4.599359035491943,-0.0,-7.382754318996376e-08,0.0,293.1499938964844,293.1499938964844,293.1499938964844,293.1499938964844,293.1499938964844,293.1499938964844,278.1499938964844,0.0,18000.0,313.1499938964844,0.0,18000.0,0.0,0.0,0.0,0.0,0.0,0.0,0.0,0.0,0.0,0.0,-0.0,-0.0,0.0,0.0,0.0,0.0,0.0,-0.0,0.0,0.0,0.0,0.0,0.0,0.0,0.0,0.0,0.0,4.0,0.0,0.0
11923140,297.1202392578125,303.1499938964844,285.1499938964844,0.0,-0.0,291.0333557128906,0.0,0.0,9.76388473645784e-05,297.29541015625,303.1499938964844,285.1499938964844,0.0,-0.0,291.033447265625,0.0,0.0,0.0001028184196911,297.30010986328125,303.1499938964844,285.1499938964844,0.0,-0.0,291.033447265625,0.0,0.0,7.594133785460144e-05,297.23370361328125,303.1499938964844,285.1499938964844,0.0,-0.0,291.033447265625,0.0,0.0,0.0001028184196911,297.4886169433594,303.1499938964844,285.1499938964844,0.0,-0.0,291.03338623046875,0.0,0.0,0.000487726269057,291.0071716308594,294.1499938964844,284.25,284.25,285.32763671875,284.29815673828125,290.7183532714844,0.0,0.0,0.0,0.0,1.0,1.0,-0.0010403537889942,1.0582754228494196e-08,0.0010403431951999,-0.0267724432051181,0.0,0.0,0.0,-0.0100591406226158,60.0,-4.613199710845947,-0.0,-7.37940695216821e-08,0.0,293.1499938964844,293.1499938964844,293.1499938964844,293.1499938964844,293.1499938964844,293.1499938964844,278.1499938964844,0.0,18000.0,313.1499938964844,0.0,18000.0,0.0,0.0,0.0,0.0,0.0,0.0,0.0,0.0,0.0,0.0,-0.0,-0.0,0.0,0.0,0.0,0.0,0.0,-0.0,0.0,0.0,0.0,0.0,0.0,0.0,0.0,0.0,0.0,4.0,0.0,0.0
11923200,297.1202392578125,303.1499938964844,285.1499938964844,0.0,-0.0,291.0333557128906,0.0,0.0,9.76388473645784e-05,297.29541015625,303.1499938964844,285.1499938964844,0.0,-0.0,291.033447265625,0.0,0.0,0.0001028184196911,297.30010986328125,303.1499938964844,285.1499938964844,0.0,-0.0,291.033447265625,0.0,0.0,7.594133785460144e-05,297.23370361328125,303.1499938964844,285.1499938964844,0.0,-0.0,291.033447265625,0.0,0.0,0.0001028184196911,297.4886169433594,303.1499938964844,285.1499938964844,0.0,-0.0,291.03338623046875,0.0,0.0,0.000487726269057,291.0071716308594,294.1499938964844,284.25,284.25,285.32763671875,284.29815673828125,290.7183532714844,0.0,0.0,0.0,0.0,1.0,1.0,-0.0010403537889942,1.0582754228494196e-08,0.0010403431951999,-0.0267724432051181,0.0,0.0,0.0,-0.0100591406226158,60.0,-4.613199710845947,-0.0,-7.37940695216821e-08,0.0,293.1499938964844,293.1499938964844,293.1499938964844,293.1499938964844,293.1499938964844,293.1499938964844,278.1499938964844,0.0,18000.0,313.1499938964844,0.0,18000.0,0.0,0.0,0.0,0.0,0.0,0.0,0.0,0.0,0.0,0.0,-0.0,-0.0,0.0,0.0,0.0,0.0,0.0,-0.0,0.0,0.0,0.0,0.0,0.0,0.0,0.0,0.0,0.0,4.0,0.0,0.0
11923260,297.1171264648437,303.1499938964844,285.1499938964844,0.0,-0.0,291.031494140625,0.0,0.0,9.758120722835883e-05,297.2919616699219,303.1499938964844,285.1499938964844,0.0,-0.0,291.0315856933594,0.0,0.0,0.0001027577236527,297.2967834472656,303.1499938964844,285.1499938964844,0.0,-0.0,291.0315856933594,0.0,0.0,7.589651067974046e-05,297.23162841796875,303.1499938964844,285.1499938964844,0.0,-0.0,291.0315856933594,0.0,0.0,0.0001027577236527,297.4862365722656,303.1499938964844,285.1499938964844,0.0,-0.0,291.0315246582031,0.0,0.0,0.0004874383448623,291.0050048828125,294.1499938964844,284.223876953125,284.223876953125,285.3075561523437,284.275390625,290.7152709960937,0.0,0.0,0.0,0.0,1.0,1.0,-0.0010397393489256,1.0510901482518877e-08,0.0010397287551313,-0.0265843532979488,0.0,0.0,0.0,-0.0100235203281044,60.0,-4.626125812530518,-0.0,-7.37069285605685e-08,0.0,293.1499938964844,293.1499938964844,293.1499938964844,293.1499938964844,293.1499938964844,293.1499938964844,278.1499938964844,0.0,18000.0,313.1499938964844,0.0,18000.0,0.0,0.0,0.0,0.0,0.0,0.0,0.0,0.0,0.0,0.0,-0.0,-0.0,0.0,0.0,0.0,0.0,0.0,-0.0,0.0,0.0,0.0,0.0,0.0,0.0,0.0,0.0,0.0,4.0,0.0,0.0
11923320,297.1171264648437,303.1499938964844,285.1499938964844,0.0,-0.0,291.031494140625,0.0,0.0,9.758120722835883e-05,297.2919616699219,303.1499938964844,285.1499938964844,0.0,-0.0,291.0315856933594,0.0,0.0,0.0001027577236527,297.2967834472656,303.1499938964844,285.1499938964844,0.0,-0.0,291.0315856933594,0.0,0.0,7.589651067974046e-05,297.23162841796875,303.1499938964844,285.1499938964844,0.0,-0.0,291.0315856933594,0.0,0.0,0.0001027577236527,297.4862365722656,303.1499938964844,285.1499938964844,0.0,-0.0,291.0315246582031,0.0,0.0,0.0004874383448623,291.0050048828125,294.1499938964844,284.223876953125,284.223876953125,285.3075561523437,284.275390625,290.7152709960937,0.0,0.0,0.0,0.0,1.0,1.0,-0.0010397393489256,1.0510901482518877e-08,0.0010397287551313,-0.0265843532979488,0.0,0.0,0.0,-0.0100235203281044,60.0,-4.626125812530518,-0.0,-7.37069285605685e-08,0.0,293.1499938964844,293.1499938964844,293.1499938964844,293.1499938964844,293.1499938964844,293.1499938964844,278.1499938964844,0.0,18000.0,313.1499938964844,0.0,18000.0,0.0,0.0,0.0,0.0,0.0,0.0,0.0,0.0,0.0,0.0,-0.0,-0.0,0.0,0.0,0.0,0.0,0.0,-0.0,0.0,0.0,0.0,0.0,0.0,0.0,0.0,0.0,0.0,4.0,0.0,0.0
11923380,297.1145324707031,303.1499938964844,285.1499938964844,0.0,-0.0,291.0296325683594,0.0,0.0,9.75087023107335e-05,297.28875732421875,303.1499938964844,285.1499938964844,0.0,-0.0,291.0297241210937,0.0,0.0,0.0001026813770295,297.29376220703125,303.1499938964844,285.1499938964844,0.0,-0.0,291.0297241210937,0.0,0.0,7.584011473227292e-05,297.2295837402344,303.1499938964844,285.1499938964844,0.0,-0.0,291.0297241210937,0.0,0.0,0.0001026813770295,297.484130859375,303.1499938964844,285.1499938964844,0.0,-0.0,291.0296630859375,0.0,0.0,0.0004870761767961,291.0028381347656,294.1499938964844,284.18994140625,284.18994140625,285.2872619628906,284.2496643066406,290.7121887207031,0.0,0.0,0.0,0.0,1.0,1.0,-0.0010389665840193,1.0420531104671228e-08,0.0010389561066403,-0.0263477861881256,0.0,0.0,0.0,-0.0099787199869751,60.0,-4.642412662506104,-0.0,-7.359739839785109e-08,0.0,293.1499938964844,293.1499938964844,293.1499938964844,293.1499938964844,293.1499938964844,293.1499938964844,278.1499938964844,0.0,18000.0,313.1499938964844,0.0,18000.0,0.0,0.0,0.0,0.0,0.0,0.0,0.0,0.0,0.0,0.0,-0.0,-0.0,0.0,0.0,0.0,0.0,0.0,-0.0,0.0,0.0,0.0,0.0,0.0,0.0,0.0,0.0,0.0,4.0,0.0,0.0
11923440,297.1145324707031,303.1499938964844,285.1499938964844,0.0,-0.0,291.0296325683594,0.0,0.0,9.75087023107335e-05,297.28875732421875,303.1499938964844,285.1499938964844,0.0,-0.0,291.0297241210937,0.0,0.0,0.0001026813770295,297.29376220703125,303.1499938964844,285.1499938964844,0.0,-0.0,291.0297241210937,0.0,0.0,7.584011473227292e-05,297.2295837402344,303.1499938964844,285.1499938964844,0.0,-0.0,291.0297241210937,0.0,0.0,0.0001026813770295,297.484130859375,303.1499938964844,285.1499938964844,0.0,-0.0,291.0296630859375,0.0,0.0,0.0004870761767961,291.0028381347656,294.1499938964844,284.18994140625,284.18994140625,285.2872619628906,284.2496643066406,290.7121887207031,0.0,0.0,0.0,0.0,1.0,1.0,-0.0010389665840193,1.0420531104671228e-08,0.0010389561066403,-0.0263477861881256,0.0,0.0,0.0,-0.0099787199869751,60.0,-4.642412662506104,-0.0,-7.359739839785109e-08,0.0,293.1499938964844,293.1499938964844,293.1499938964844,293.1499938964844,293.1499938964844,293.1499938964844,278.1499938964844,0.0,18000.0,313.1499938964844,0.0,18000.0,0.0,0.0,0.0,0.0,0.0,0.0,0.0,0.0,0.0,0.0,-0.0,-0.0,0.0,0.0,0.0,0.0,0.0,-0.0,0.0,0.0,0.0,0.0,0.0,0.0,0.0,0.0,0.0,4.0,0.0,0.0
11923500,297.1133728027344,303.1499938964844,285.1499938964844,0.0,-0.0,291.0286865234375,0.0,0.0,9.74671056610532e-05,297.2872314453125,303.1499938964844,285.1499938964844,0.0,-0.0,291.0287780761719,0.0,0.0,0.0001026375684887,297.2923278808594,303.1499938964844,285.1499938964844,0.0,-0.0,291.0287780761719,0.0,0.0,7.580776582472026e-05,297.228515625,303.1499938964844,285.1499938964844,0.0,-0.0,291.0287780761719,0.0,0.0,0.0001026375684887,297.4831237792969,303.1499938964844,285.1499938964844,0.0,-0.0,291.0287170410156,0.0,0.0,0.0004868683754466,291.0017395019531,294.1499938964844,284.1702575683594,284.1702575683594,285.2770080566406,284.2352600097656,290.71063232421875,0.0,0.0,0.0,0.0,1.0,1.0,-0.0010385232744738,1.0368683689421232e-08,0.0010385127970948,-0.0262120608240365,0.0,0.0,0.0,-0.0099530173465609,60.0,-4.652101039886475,-0.0,-7.353459352543723e-08,0.0,293.1499938964844,293.1499938964844,293.1499938964844,293.1499938964844,293.1499938964844,293.1499938964844,278.1499938964844,0.0,18000.0,313.1499938964844,0.0,18000.0,0.0,0.0,0.0,0.0,0.0,0.0,0.0,0.0,0.0,0.0,-0.0,-0.0,0.0,0.0,0.0,0.0,0.0,-0.0,0.0,0.0,0.0,0.0,0.0,0.0,0.0,0.0,0.0,4.0,0.0,0.0
11923560,297.1122741699219,303.1499938964844,285.1499938964844,0.0,-0.0,291.0277404785156,0.0,0.0,9.742230031406508e-05,297.2857666015625,303.1499938964844,285.1499938964844,0.0,-0.0,291.02783203125,0.0,0.0,0.0001025903911795,297.2909240722656,303.1499938964844,285.1499938964844,0.0,-0.0,291.0278625488281,0.0,0.0,7.577291398774832e-05,297.2273864746094,303.1499938964844,285.1499938964844,0.0,-0.0,291.02783203125,0.0,0.0,0.0001025903911795,297.482177734375,303.1499938964844,285.1499938964844,0.0,-0.0,291.0277709960937,0.0,0.0,0.0004866445960942,291.0006408691406,294.1499938964844,284.1488647460937,284.1488647460937,285.26666259765625,284.2196350097656,290.7090759277344,0.0,0.0,0.0,0.0,1.0,1.0,-0.0010380457388237,1.0312846576709944e-08,0.00103803537786,-0.0260658878833055,0.0,0.0,0.0,-0.0099253365769982,60.0,-4.662879467010498,-0.0,-7.346698538412967e-08,0.0,293.1499938964844,293.1499938964844,293.1499938964844,293.1499938964844,293.1499938964844,293.1499938964844,278.1499938964844,0.0,18000.0,313.1499938964844,0.0,18000.0,0.0,0.0,0.0,0.0,0.0,0.0,0.0,0.0,0.0,0.0,-0.0,-0.0,0.0,0.0,0.0,0.0,0.0,-0.0,0.0,0.0,0.0,0.0,0.0,0.0,0.0,0.0,0.0,4.0,0.0,0.0
11923620,297.1101989746094,303.1499938964844,285.1499938964844,0.0,-0.0,291.02587890625,0.0,0.0,9.732375474413856e-05,297.2828674316406,303.1499938964844,285.1499938964844,0.0,-0.0,291.02593994140625,0.0,0.0,0.000102486614196,297.2882385253906,303.1499938964844,285.1499938964844,0.0,-0.0,291.0259704589844,0.0,0.0,7.569626905024052e-05,297.2249755859375,303.1499938964844,285.1499938964844,0.0,-0.0,291.0259704589844,0.0,0.0,0.000102486614196,297.4803771972656,303.1499938964844,285.1499938964844,0.0,-0.0,291.0259094238281,0.0,0.0,0.0004861523339059,290.9984741210937,294.1499938964844,284.1011962890625,284.1011962890625,285.2456359863281,284.1846618652344,290.7059326171875,0.0,0.0,0.0,0.0,1.0,1.0,-0.0010369954397901,1.0190024823941712e-08,0.0010369851952418,-0.0257443580776453,0.0,0.0,0.0,-0.0098644495010375,60.0,-4.687426090240479,-0.0,-7.331838958180016e-08,0.0,293.1499938964844,293.1499938964844,293.1499938964844,293.1499938964844,293.1499938964844,293.1499938964844,278.1499938964844,0.0,18000.0,313.1499938964844,0.0,18000.0,0.0,0.0,0.0,0.0,0.0,0.0,0.0,0.0,0.0,0.0,-0.0,-0.0,0.0,0.0,0.0,0.0,0.0,-0.0,0.0,0.0,0.0,0.0,0.0,0.0,0.0,0.0,0.0,4.0,0.0,0.0
11923680,297.1101989746094,303.1499938964844,285.1499938964844,0.0,-0.0,291.02587890625,0.0,0.0,9.732375474413856e-05,297.2828674316406,303.1499938964844,285.1499938964844,0.0,-0.0,291.02593994140625,0.0,0.0,0.000102486614196,297.2882385253906,303.1499938964844,285.1499938964844,0.0,-0.0,291.0259704589844,0.0,0.0,7.569626905024052e-05,297.2249755859375,303.1499938964844,285.1499938964844,0.0,-0.0,291.0259704589844,0.0,0.0,0.000102486614196,297.4803771972656,303.1499938964844,285.1499938964844,0.0,-0.0,291.0259094238281,0.0,0.0,0.0004861523339059,290.9984741210937,294.1499938964844,284.1011962890625,284.1011962890625,285.2456359863281,284.1846618652344,290.7059326171875,0.0,0.0,0.0,0.0,1.0,1.0,-0.0010369954397901,1.0190024823941712e-08,0.0010369851952418,-0.0257443580776453,0.0,0.0,0.0,-0.0098644495010375,60.0,-4.687426090240479,-0.0,-7.331838958180016e-08,0.0,293.1499938964844,293.1499938964844,293.1499938964844,293.1499938964844,293.1499938964844,293.1499938964844,278.1499938964844,0.0,18000.0,313.1499938964844,0.0,18000.0,0.0,0.0,0.0,0.0,0.0,0.0,0.0,0.0,0.0,0.0,-0.0,-0.0,0.0,0.0,0.0,0.0,0.0,-0.0,0.0,0.0,0.0,0.0,0.0,0.0,0.0,0.0,0.0,4.0,0.0,0.0
11923740,297.1083068847656,303.1499938964844,285.1499938964844,0.0,-0.0,291.02398681640625,0.0,0.0,9.721443348098546e-05,297.28009033203125,303.1499938964844,285.1499938964844,0.0,-0.0,291.0240478515625,0.0,0.0,0.0001023714939947,297.2856750488281,303.1499938964844,285.1499938964844,0.0,-0.0,291.0240783691406,0.0,0.0,7.561124220956117e-05,297.2222900390625,303.1499938964844,285.1499938964844,0.0,-0.0,291.0240478515625,0.0,0.0,0.0001023714939947,297.47869873046875,303.1499938964844,285.1499938964844,0.0,-0.0,291.0240173339844,0.0,0.0,0.0004856062296312,290.99627685546875,294.1499938964844,284.04754638671875,284.04754638671875,285.2240295410156,284.144287109375,290.7027893066406,0.0,0.0,0.0,0.0,1.0,1.0,-0.001035830238834,1.0053779142538133e-08,0.0010358202271163,-0.0253876745700836,0.0,0.0,0.0,-0.0097969062626361,60.0,-4.715962886810303,-0.0,-7.315372130278774e-08,0.0,293.1499938964844,293.1499938964844,293.1499938964844,293.1499938964844,293.1499938964844,293.1499938964844,278.1499938964844,0.0,18000.0,313.1499938964844,0.0,18000.0,0.0,0.0,0.0,0.0,0.0,0.0,0.0,0.0,0.0,0.0,-0.0,-0.0,0.0,0.0,0.0,0.0,0.0,-0.0,0.0,0.0,0.0,0.0,0.0,0.0,0.0,0.0,0.0,4.0,0.0,0.0
11923800,297.1083068847656,303.1499938964844,285.1499938964844,0.0,-0.0,291.02398681640625,0.0,0.0,9.721443348098546e-05,297.28009033203125,303.1499938964844,285.1499938964844,0.0,-0.0,291.0240478515625,0.0,0.0,0.0001023714939947,297.2856750488281,303.1499938964844,285.1499938964844,0.0,-0.0,291.0240783691406,0.0,0.0,7.561124220956117e-05,297.2222900390625,303.1499938964844,285.1499938964844,0.0,-0.0,291.0240478515625,0.0,0.0,0.0001023714939947,297.47869873046875,303.1499938964844,285.1499938964844,0.0,-0.0,291.0240173339844,0.0,0.0,0.0004856062296312,290.99627685546875,294.1499938964844,284.04754638671875,284.04754638671875,285.2240295410156,284.144287109375,290.7027893066406,0.0,0.0,0.0,0.0,1.0,1.0,-0.001035830238834,1.0053779142538133e-08,0.0010358202271163,-0.0253876745700836,0.0,0.0,0.0,-0.0097969062626361,60.0,-4.715962886810303,-0.0,-7.315372130278774e-08,0.0,293.1499938964844,293.1499938964844,293.1499938964844,293.1499938964844,293.1499938964844,293.1499938964844,278.1499938964844,0.0,18000.0,313.1499938964844,0.0,18000.0,0.0,0.0,0.0,0.0,0.0,0.0,0.0,0.0,0.0,0.0,-0.0,-0.0,0.0,0.0,0.0,0.0,0.0,-0.0,0.0,0.0,0.0,0.0,0.0,0.0,0.0,0.0,0.0,4.0,0.0,0.0
11923860,297.10693359375,303.1499938964844,285.1499938964844,0.0,-0.0,291.02252197265625,0.0,0.0,9.712541941553354e-05,297.27801513671875,303.1499938964844,285.1499938964844,0.0,-0.0,291.0226135253906,0.0,0.0,0.0001022777651087,297.2837829589844,303.1499938964844,285.1499938964844,0.0,-0.0,291.02264404296875,0.0,0.0,7.554201147286221e-05,297.2200622558594,303.1499938964844,285.1499938964844,0.0,-0.0,291.0226135253906,0.0,0.0,0.0001022777651087,297.4774475097656,303.1499938964844,285.1499938964844,0.0,-0.0,291.0225524902344,0.0,0.0,0.0004851616104133,290.9945983886719,294.1499938964844,284.003173828125,284.003173828125,285.2072448730469,284.1102600097656,290.7004089355469,0.0,0.0,0.0,0.0,1.0,1.0,-0.0010348816867917,9.942853651523365e-09,0.0010348717914894,-0.0250972714275121,0.0,0.0,0.0,-0.009741916321218,60.0,-4.739860534667969,-0.0,-7.301979820795168e-08,0.0,293.1499938964844,293.1499938964844,293.1499938964844,293.1499938964844,293.1499938964844,293.1499938964844,278.1499938964844,0.0,18000.0,313.1499938964844,0.0,18000.0,0.0,0.0,0.0,0.0,0.0,0.0,0.0,0.0,0.0,0.0,-0.0,-0.0,0.0,0.0,0.0,0.0,0.0,-0.0,0.0,0.0,0.0,0.0,0.0,0.0,0.0,0.0,0.0,4.0,0.0,0.0
11923920,297.10650634765625,303.1499938964844,285.1499938964844,0.0,-0.0,291.0220642089844,0.0,0.0,9.70963083091192e-05,297.2773742675781,303.1499938964844,285.1499938964844,0.0,-0.0,291.02215576171875,0.0,0.0,0.0001022471042233,297.283203125,303.1499938964844,285.1499938964844,0.0,-0.0,291.0221862792969,0.0,0.0,7.551936141680926e-05,297.2193298339844,303.1499938964844,285.1499938964844,0.0,-0.0,291.02215576171875,0.0,0.0,0.0001022471042233,297.4770812988281,303.1499938964844,285.1499938964844,0.0,-0.0,291.0220947265625,0.0,0.0,0.0004850161785725,290.9940795898437,294.1499938964844,283.98858642578125,283.98858642578125,285.2018737792969,284.0989990234375,290.6996459960937,0.0,0.0,0.0,0.0,1.0,1.0,-0.0010345714399591,9.906568898543357e-09,0.0010345615446567,-0.0250022765249013,0.0,0.0,0.0,-0.0097239287570118,60.0,-4.747750759124756,-0.0,-7.297601456457414e-08,0.0,293.1499938964844,293.1499938964844,293.1499938964844,293.1499938964844,293.1499938964844,293.1499938964844,278.1499938964844,0.0,18000.0,313.1499938964844,0.0,18000.0,0.0,0.0,0.0,0.0,0.0,0.0,0.0,0.0,0.0,0.0,-0.0,-0.0,0.0,0.0,0.0,0.0,0.0,-0.0,0.0,0.0,0.0,0.0,0.0,0.0,0.0,0.0,0.0,4.0,0.0,0.0
11923980,297.1047668457031,303.1499938964844,285.1499938964844,0.0,-0.0,291.0201721191406,0.0,0.0,9.696999768493696e-05,297.274658203125,303.1499938964844,285.1499938964844,0.0,-0.0,291.020263671875,0.0,0.0,0.0001021140924422,297.2807312011719,303.1499938964844,285.1499938964844,0.0,-0.0,291.020263671875,0.0,0.0,7.542112143710256e-05,297.2160339355469,303.1499938964844,285.1499938964844,0.0,-0.0,291.020263671875,0.0,0.0,0.0001021140924422,297.4754943847656,303.1499938964844,285.1499938964844,0.0,-0.0,291.02020263671875,0.0,0.0,0.000484385236632,290.99188232421875,294.1499938964844,283.92486572265625,283.92486572265625,285.1789245605469,284.0483703613281,290.69647216796875,0.0,0.0,0.0,0.0,1.0,1.0,-0.0010332253295928,9.74915970175516e-09,0.0010332155507057,-0.024590166285634,0.0,0.0,0.0,-0.0096458941698074,60.0,-4.782913684844971,-0.0,-7.278623570527999e-08,0.0,293.1499938964844,293.1499938964844,293.1499938964844,293.1499938964844,293.1499938964844,293.1499938964844,278.1499938964844,0.0,18000.0,313.1499938964844,0.0,18000.0,0.0,0.0,0.0,0.0,0.0,0.0,0.0,0.0,0.0,0.0,-0.0,-0.0,0.0,0.0,0.0,0.0,0.0,-0.0,0.0,0.0,0.0,0.0,0.0,0.0,0.0,0.0,0.0,4.0,0.0,0.0
11924040,297.1047668457031,303.1499938964844,285.1499938964844,0.0,-0.0,291.0201721191406,0.0,0.0,9.696999768493696e-05,297.274658203125,303.1499938964844,285.1499938964844,0.0,-0.0,291.020263671875,0.0,0.0,0.0001021140924422,297.2807312011719,303.1499938964844,285.1499938964844,0.0,-0.0,291.020263671875,0.0,0.0,7.542112143710256e-05,297.2160339355469,303.1499938964844,285.1499938964844,0.0,-0.0,291.020263671875,0.0,0.0,0.0001021140924422,297.4754943847656,303.1499938964844,285.1499938964844,0.0,-0.0,291.02020263671875,0.0,0.0,0.000484385236632,290.99188232421875,294.1499938964844,283.92486572265625,283.92486572265625,285.1789245605469,284.0483703613281,290.69647216796875,0.0,0.0,0.0,0.0,1.0,1.0,-0.0010332253295928,9.74915970175516e-09,0.0010332155507057,-0.024590166285634,0.0,0.0,0.0,-0.0096458941698074,60.0,-4.782913684844971,-0.0,-7.278623570527999e-08,0.0,293.1499938964844,293.1499938964844,293.1499938964844,293.1499938964844,293.1499938964844,293.1499938964844,278.1499938964844,0.0,18000.0,313.1499938964844,0.0,18000.0,0.0,0.0,0.0,0.0,0.0,0.0,0.0,0.0,0.0,0.0,-0.0,-0.0,0.0,0.0,0.0,0.0,0.0,-0.0,0.0,0.0,0.0,0.0,0.0,0.0,0.0,0.0,0.0,4.0,0.0,0.0
11924100,297.1039428710937,303.1499938964844,285.1499938964844,0.0,-0.0,291.01922607421875,0.0,0.0,9.6904652309604e-05,297.2733154296875,303.1499938964844,285.1499938964844,0.0,-0.0,291.019287109375,0.0,0.0,0.000102045283711,297.2795104980469,303.1499938964844,285.1499938964844,0.0,-0.0,291.0193176269531,0.0,0.0,7.537029887316748e-05,297.2142944335937,303.1499938964844,285.1499938964844,0.0,-0.0,291.019287109375,0.0,0.0,0.000102045283711,297.4747009277344,303.1499938964844,285.1499938964844,0.0,-0.0,291.01922607421875,0.0,0.0,0.0004840588371735,290.9907531738281,294.1499938964844,283.89141845703125,283.89141845703125,285.1672058105469,284.0215148925781,290.69488525390625,0.0,0.0,0.0,0.0,1.0,1.0,-0.0010325289331376,9.667729727880214e-09,0.0010325192706659,-0.0243769716471433,0.0,0.0,0.0,-0.0096055259928107,60.0,-4.801392555236816,-0.0,-7.268815238603565e-08,0.0,293.1499938964844,293.1499938964844,293.1499938964844,293.1499938964844,293.1499938964844,293.1499938964844,278.1499938964844,0.0,18000.0,313.1499938964844,0.0,18000.0,0.0,0.0,0.0,0.0,0.0,0.0,0.0,0.0,0.0,0.0,-0.0,-0.0,0.0,0.0,0.0,0.0,0.0,-0.0,0.0,0.0,0.0,0.0,0.0,0.0,0.0,0.0,0.0,4.0,0.0,0.0
11924160,297.1031188964844,303.1499938964844,285.1499938964844,0.0,-0.0,291.01824951171875,0.0,0.0,9.68376116361469e-05,297.2719421386719,303.1499938964844,285.1499938964844,0.0,-0.0,291.0183410644531,0.0,0.0,0.0001019746850943,297.2782897949219,303.1499938964844,285.1499938964844,0.0,-0.0,291.0183410644531,0.0,0.0,7.531815936090425e-05,297.21246337890625,303.1499938964844,285.1499938964844,0.0,-0.0,291.0183410644531,0.0,0.0,0.0001019746850943,297.47393798828125,303.1499938964844,285.1499938964844,0.0,-0.0,291.0182800292969,0.0,0.0,0.0004837239393964,290.9896545410156,294.1499938964844,283.85699462890625,283.85699462890625,285.1552429199219,283.9934387207031,290.6932983398437,0.0,0.0,0.0,0.0,1.0,1.0,-0.0010318144923076,9.584182336652702e-09,0.0010318049462512,-0.0241582281887531,0.0,0.0,0.0,-0.0095641082152724,60.0,-4.820571422576904,-0.0,-7.258758927264354e-08,0.0,293.1499938964844,293.1499938964844,293.1499938964844,293.1499938964844,293.1499938964844,293.1499938964844,278.1499938964844,0.0,18000.0,313.1499938964844,0.0,18000.0,0.0,0.0,0.0,0.0,0.0,0.0,0.0,0.0,0.0,0.0,-0.0,-0.0,0.0,0.0,0.0,0.0,0.0,-0.0,0.0,0.0,0.0,0.0,0.0,0.0,0.0,0.0,0.0,4.0,0.0,0.0
11924220,297.1014709472656,303.1499938964844,285.1499938964844,0.0,-0.0,291.0163269042969,0.0,0.0,9.669995779404415e-05,297.26922607421875,303.1499938964844,285.1499938964844,0.0,-0.0,291.01641845703125,0.0,0.0,0.0001018297261907,297.27587890625,303.1499938964844,285.1499938964844,0.0,-0.0,291.01641845703125,0.0,0.0,7.521109364461154e-05,297.2086181640625,303.1499938964844,285.1499938964844,0.0,-0.0,291.01641845703125,0.0,0.0,0.0001018297261907,297.4723815917969,303.1499938964844,285.1499938964844,0.0,-0.0,291.016357421875,0.0,0.0,0.000483036332298,290.9874572753906,294.1499938964844,283.7856140136719,283.7856140136719,285.1307983398437,283.9345397949219,290.6900939941406,0.0,0.0,0.0,0.0,1.0,1.0,-0.0010303475428372,9.412641333028661e-09,0.0010303381131961,-0.0237090904265642,0.0,0.0,0.0,-0.0094790682196617,60.0,-4.860482215881348,-0.0,-7.238133292730708e-08,0.0,293.1499938964844,293.1499938964844,293.1499938964844,293.1499938964844,293.1499938964844,293.1499938964844,278.1499938964844,0.0,18000.0,313.1499938964844,0.0,18000.0,0.0,0.0,0.0,0.0,0.0,0.0,0.0,0.0,0.0,0.0,-0.0,-0.0,0.0,0.0,0.0,0.0,0.0,-0.0,0.0,0.0,0.0,0.0,0.0,0.0,0.0,0.0,0.0,4.0,0.0,0.0
11924280,297.1014709472656,303.1499938964844,285.1499938964844,0.0,-0.0,291.0163269042969,0.0,0.0,9.669995779404415e-05,297.26922607421875,303.1499938964844,285.1499938964844,0.0,-0.0,291.01641845703125,0.0,0.0,0.0001018297261907,297.27587890625,303.1499938964844,285.1499938964844,0.0,-0.0,291.01641845703125,0.0,0.0,7.521109364461154e-05,297.2086181640625,303.1499938964844,285.1499938964844,0.0,-0.0,291.01641845703125,0.0,0.0,0.0001018297261907,297.4723815917969,303.1499938964844,285.1499938964844,0.0,-0.0,291.016357421875,0.0,0.0,0.000483036332298,290.9874572753906,294.1499938964844,283.7856140136719,283.7856140136719,285.1307983398437,283.9345397949219,290.6900939941406,0.0,0.0,0.0,0.0,1.0,1.0,-0.0010303475428372,9.412641333028661e-09,0.0010303381131961,-0.0237090904265642,0.0,0.0,0.0,-0.0094790682196617,60.0,-4.860482215881348,-0.0,-7.238133292730708e-08,0.0,293.1499938964844,293.1499938964844,293.1499938964844,293.1499938964844,293.1499938964844,293.1499938964844,278.1499938964844,0.0,18000.0,313.1499938964844,0.0,18000.0,0.0,0.0,0.0,0.0,0.0,0.0,0.0,0.0,0.0,0.0,-0.0,-0.0,0.0,0.0,0.0,0.0,0.0,-0.0,0.0,0.0,0.0,0.0,0.0,0.0,0.0,0.0,0.0,4.0,0.0,0.0
11924340,297.0998840332031,303.1499938964844,285.1499938964844,0.0,-0.0,291.014404296875,0.0,0.0,9.655802568886428e-05,297.2664794921875,303.1499938964844,285.1499938964844,0.0,-0.0,291.01446533203125,0.0,0.0,0.0001016802634694,297.2734069824219,303.1499938964844,285.1499938964844,0.0,-0.0,291.0144958496094,0.0,0.0,7.510069553973153e-05,297.2044982910156,303.1499938964844,285.1499938964844,0.0,-0.0,291.01446533203125,0.0,0.0,0.0001016802634694,297.4707946777344,303.1499938964844,285.1499938964844,0.0,-0.0,291.0144348144531,0.0,0.0,0.0004823273338843,290.9852294921875,294.1499938964844,283.7113037109375,283.7113037109375,285.1054077148437,283.87176513671875,290.6868896484375,0.0,0.0,0.0,0.0,1.0,1.0,-0.0010288349585607,9.235768594351157e-09,0.001028825645335,-0.0232459791004657,0.0,0.0,0.0,-0.0093913851305842,60.0,-4.902477264404297,-0.0,-7.216897301987046e-08,0.0,293.1499938964844,293.1499938964844,293.1499938964844,293.1499938964844,293.1499938964844,293.1499938964844,278.1499938964844,0.0,18000.0,313.1499938964844,0.0,18000.0,0.0,0.0,0.0,0.0,0.0,0.0,0.0,0.0,0.0,0.0,-0.0,-0.0,0.0,0.0,0.0,0.0,0.0,-0.0,0.0,0.0,0.0,0.0,0.0,0.0,0.0,0.0,0.0,4.0,0.0,0.0
11924400,297.0998840332031,303.1499938964844,285.1499938964844,0.0,-0.0,291.014404296875,0.0,0.0,9.655802568886428e-05,297.2664794921875,303.1499938964844,285.1499938964844,0.0,-0.0,291.01446533203125,0.0,0.0,0.0001016802634694,297.2734069824219,303.1499938964844,285.1499938964844,0.0,-0.0,291.0144958496094,0.0,0.0,7.510069553973153e-05,297.2044982910156,303.1499938964844,285.1499938964844,0.0,-0.0,291.01446533203125,0.0,0.0,0.0001016802634694,297.4707946777344,303.1499938964844,285.1499938964844,0.0,-0.0,291.0144348144531,0.0,0.0,0.0004823273338843,290.9852294921875,294.1499938964844,283.7113037109375,283.7113037109375,285.1054077148437,283.87176513671875,290.6868896484375,0.0,0.0,0.0,0.0,1.0,1.0,-0.0010288349585607,9.235768594351157e-09,0.001028825645335,-0.0232459791004657,0.0,0.0,0.0,-0.0093913851305842,60.0,-4.902477264404297,-0.0,-7.216897301987046e-08,0.0,293.1499938964844,293.1499938964844,293.1499938964844,293.1499938964844,293.1499938964844,293.1499938964844,278.1499938964844,0.0,18000.0,313.1499938964844,0.0,18000.0,0.0,0.0,0.0,0.0,0.0,0.0,0.0,0.0,0.0,0.0,-0.0,-0.0,0.0,0.0,0.0,0.0,0.0,-0.0,0.0,0.0,0.0,0.0,0.0,0.0,0.0,0.0,0.0,4.0,0.0,0.0
11924460,297.0982971191406,303.1499938964844,285.1499938964844,0.0,-0.0,291.012451171875,0.0,0.0,9.641340147936717e-05,297.2637023925781,303.1499938964844,285.1499938964844,0.0,-0.0,291.0125427246094,0.0,0.0,0.0001015279704006,297.2709045410156,303.1499938964844,285.1499938964844,0.0,-0.0,291.0125427246094,0.0,0.0,7.498821651097387e-05,297.2001647949219,303.1499938964844,285.1499938964844,0.0,-0.0,291.0125427246094,0.0,0.0,0.0001015279704006,297.4692077636719,303.1499938964844,285.1499938964844,0.0,-0.0,291.0124816894531,0.0,0.0,0.0004816049186047,290.9830017089844,294.1499938964844,283.6347045898437,283.6347045898437,285.0792236328125,283.80621337890625,290.68365478515625,0.0,0.0,0.0,0.0,1.0,1.0,-0.001027293736115,9.055547423031385e-09,0.0010272846557199,-0.0227740854024887,0.0,0.0,0.0,-0.0093020414933562,60.0,-4.94582462310791,-0.0,-7.195291829020789e-08,0.0,293.1499938964844,293.1499938964844,293.1499938964844,293.1499938964844,293.1499938964844,293.1499938964844,278.1499938964844,0.0,18000.0,313.1499938964844,0.0,18000.0,0.0,0.0,0.0,0.0,0.0,0.0,0.0,0.0,0.0,0.0,-0.0,-0.0,0.0,0.0,0.0,0.0,0.0,-0.0,0.0,0.0,0.0,0.0,0.0,0.0,0.0,0.0,0.0,4.0,0.0,0.0
11924520,297.0982971191406,303.1499938964844,285.1499938964844,0.0,-0.0,291.012451171875,0.0,0.0,9.641340147936717e-05,297.2637023925781,303.1499938964844,285.1499938964844,0.0,-0.0,291.0125427246094,0.0,0.0,0.0001015279704006,297.2709045410156,303.1499938964844,285.1499938964844,0.0,-0.0,291.0125427246094,0.0,0.0,7.498821651097387e-05,297.2001647949219,303.1499938964844,285.1499938964844,0.0,-0.0,291.0125427246094,0.0,0.0,0.0001015279704006,297.4692077636719,303.1499938964844,285.1499938964844,0.0,-0.0,291.0124816894531,0.0,0.0,0.0004816049186047,290.9830017089844,294.1499938964844,283.6347045898437,283.6347045898437,285.0792236328125,283.80621337890625,290.68365478515625,0.0,0.0,0.0,0.0,1.0,1.0,-0.001027293736115,9.055547423031385e-09,0.0010272846557199,-0.0227740854024887,0.0,0.0,0.0,-0.0093020414933562,60.0,-4.94582462310791,-0.0,-7.195291829020789e-08,0.0,293.1499938964844,293.1499938964844,293.1499938964844,293.1499938964844,293.1499938964844,293.1499938964844,278.1499938964844,0.0,18000.0,313.1499938964844,0.0,18000.0,0.0,0.0,0.0,0.0,0.0,0.0,0.0,0.0,0.0,0.0,-0.0,-0.0,0.0,0.0,0.0,0.0,0.0,-0.0,0.0,0.0,0.0,0.0,0.0,0.0,0.0,0.0,0.0,4.0,0.0,0.0
11924580,297.09674072265625,303.1499938964844,285.1499938964844,0.0,-0.0,291.0105285644531,0.0,0.0,9.62667108979076e-05,297.2608947753906,303.1499938964844,285.1499938964844,0.0,-0.0,291.0105895996094,0.0,0.0,0.0001013735018204,297.2684020996094,303.1499938964844,285.1499938964844,0.0,-0.0,291.0106201171875,0.0,0.0,7.487412221962586e-05,297.195556640625,303.1499938964844,285.1499938964844,0.0,-0.0,291.0105895996094,0.0,0.0,0.0001013735018204,297.46759033203125,303.1499938964844,285.1499938964844,0.0,-0.0,291.0105285644531,0.0,0.0,0.0004808722005691,290.9807434082031,294.1499938964844,283.556396484375,283.556396484375,285.0520324707031,283.73785400390625,290.680419921875,0.0,0.0,0.0,0.0,1.0,1.0,-0.0010257305111736,8.872754087008161e-09,0.0010257216636091,-0.0222954396158456,0.0,0.0,0.0,-0.0092114228755235,60.0,-4.990447044372559,-0.0,-7.173409954930321e-08,0.0,293.1499938964844,293.1499938964844,293.1499938964844,293.1499938964844,293.1499938964844,293.1499938964844,278.1499938964844,0.0,18000.0,313.1499938964844,0.0,18000.0,0.0,0.0,0.0,0.0,0.0,0.0,0.0,0.0,0.0,0.0,-0.0,-0.0,0.0,0.0,0.0,0.0,0.0,-0.0,0.0,0.0,0.0,0.0,0.0,0.0,0.0,0.0,0.0,4.0,0.0,0.0
11924640,297.09674072265625,303.1499938964844,285.1499938964844,0.0,-0.0,291.0105285644531,0.0,0.0,9.62667108979076e-05,297.2608947753906,303.1499938964844,285.1499938964844,0.0,-0.0,291.0105895996094,0.0,0.0,0.0001013735018204,297.2684020996094,303.1499938964844,285.1499938964844,0.0,-0.0,291.0106201171875,0.0,0.0,7.487412221962586e-05,297.195556640625,303.1499938964844,285.1499938964844,0.0,-0.0,291.0105895996094,0.0,0.0,0.0001013735018204,297.46759033203125,303.1499938964844,285.1499938964844,0.0,-0.0,291.0105285644531,0.0,0.0,0.0004808722005691,290.9807434082031,294.1499938964844,283.556396484375,283.556396484375,285.0520324707031,283.73785400390625,290.680419921875,0.0,0.0,0.0,0.0,1.0,1.0,-0.0010257305111736,8.872754087008161e-09,0.0010257216636091,-0.0222954396158456,0.0,0.0,0.0,-0.0092114228755235,60.0,-4.990447044372559,-0.0,-7.173409954930321e-08,0.0,293.1499938964844,293.1499938964844,293.1499938964844,293.1499938964844,293.1499938964844,293.1499938964844,278.1499938964844,0.0,18000.0,313.1499938964844,0.0,18000.0,0.0,0.0,0.0,0.0,0.0,0.0,0.0,0.0,0.0,0.0,-0.0,-0.0,0.0,0.0,0.0,0.0,0.0,-0.0,0.0,0.0,0.0,0.0,0.0,0.0,0.0,0.0,0.0,4.0,0.0,0.0
11924700,297.095947265625,303.1499938964844,285.1499938964844,0.0,-0.0,291.0095520019531,0.0,0.0,9.619302727514878e-05,297.25946044921875,303.1499938964844,285.1499938964844,0.0,-0.0,291.0096130371094,0.0,0.0,0.0001012959037325,297.2671203613281,303.1499938964844,285.1499938964844,0.0,-0.0,291.0096435546875,0.0,0.0,7.481681677745655e-05,297.1932067871094,303.1499938964844,285.1499938964844,0.0,-0.0,291.0096130371094,0.0,0.0,0.0001012959110084,297.4667663574219,303.1499938964844,285.1499938964844,0.0,-0.0,291.0095520019531,0.0,0.0,0.0004805041244253,290.9796447753906,294.1499938964844,283.51678466796875,283.51678466796875,285.0381164550781,283.70294189453125,290.6788024902344,0.0,0.0,0.0,0.0,1.0,1.0,-0.0010249452898278,8.780933313801143e-09,0.0010249364422634,-0.0220550037920475,0.0,0.0,0.0,-0.0091659035533666,60.0,-5.013034343719482,-0.0,-7.162431359120093e-08,0.0,293.1499938964844,293.1499938964844,293.1499938964844,293.1499938964844,293.1499938964844,293.1499938964844,278.1499938964844,0.0,18000.0,313.1499938964844,0.0,18000.0,0.0,0.0,0.0,0.0,0.0,0.0,0.0,0.0,0.0,0.0,-0.0,-0.0,0.0,0.0,0.0,0.0,0.0,-0.0,0.0,0.0,0.0,0.0,0.0,0.0,0.0,0.0,0.0,4.0,0.0,0.0
11924760,297.0951843261719,303.1499938964844,285.1499938964844,0.0,-0.0,291.0085754394531,0.0,0.0,9.611919813323766e-05,297.25799560546875,303.1499938964844,285.1499938964844,0.0,-0.0,291.0086364746094,0.0,0.0,0.0001012181528494,297.2658386230469,303.1499938964844,285.1499938964844,0.0,-0.0,291.0086669921875,0.0,0.0,7.47593876440078e-05,297.1907958984375,303.1499938964844,285.1499938964844,0.0,-0.0,291.0086364746094,0.0,0.0,0.0001012181601254,297.4659423828125,303.1499938964844,285.1499938964844,0.0,-0.0,291.0085754394531,0.0,0.0,0.0004801352915819,290.978515625,294.1499938964844,283.4769897460937,283.4769897460937,285.0240173339844,283.6676025390625,290.6771545410156,0.0,0.0,0.0,0.0,1.0,1.0,-0.0010241584386676,8.688925134947567e-09,0.0010241497075185,-0.0218140706419944,0.0,0.0,0.0,-0.0091202910989522,60.0,-5.035755634307861,-0.0,-7.151438552455147e-08,0.0,293.1499938964844,293.1499938964844,293.1499938964844,293.1499938964844,293.1499938964844,293.1499938964844,278.1499938964844,0.0,18000.0,313.1499938964844,0.0,18000.0,0.0,0.0,0.0,0.0,0.0,0.0,0.0,0.0,0.0,0.0,-0.0,-0.0,0.0,0.0,0.0,0.0,0.0,-0.0,0.0,0.0,0.0,0.0,0.0,0.0,0.0,0.0,0.0,4.0,0.0,0.0
11924820,297.0936279296875,303.1499938964844,285.1499938964844,0.0,-0.0,291.006591796875,0.0,0.0,9.597166354069486e-05,297.2550964355469,303.1499938964844,285.1499938964844,0.0,-0.0,291.0066833496094,0.0,0.0,0.0001010627966024,297.26324462890625,303.1499938964844,285.1499938964844,0.0,-0.0,291.0066833496094,0.0,0.0,7.464463851647452e-05,297.1858825683594,303.1499938964844,285.1499938964844,0.0,-0.0,291.0066833496094,0.0,0.0,0.0001010628038784,297.4642639160156,303.1499938964844,285.1499938964844,0.0,-0.0,291.0066223144531,0.0,0.0,0.0004793983534909,290.97625732421875,294.1499938964844,283.3971252441406,283.3971252441406,284.9951477050781,283.5959167480469,290.67388916015625,0.0,0.0,0.0,0.0,1.0,1.0,-0.0010225862497463,8.505083748389097e-09,0.0010225777514278,-0.021332649514079,0.0,0.0,0.0,-0.0090291528031229,60.0,-5.081441879272461,-0.0,-7.129498413860348e-08,0.0,293.1499938964844,293.1499938964844,293.1499938964844,293.1499938964844,293.1499938964844,293.1499938964844,278.1499938964844,0.0,18000.0,313.1499938964844,0.0,18000.0,0.0,0.0,0.0,0.0,0.0,0.0,0.0,0.0,0.0,0.0,-0.0,-0.0,0.0,0.0,0.0,0.0,0.0,-0.0,0.0,0.0,0.0,0.0,0.0,0.0,0.0,0.0,0.0,4.0,0.0,0.0
11924880,297.0936279296875,303.1499938964844,285.1499938964844,0.0,-0.0,291.006591796875,0.0,0.0,9.597166354069486e-05,297.2550964355469,303.1499938964844,285.1499938964844,0.0,-0.0,291.0066833496094,0.0,0.0,0.0001010627966024,297.26324462890625,303.1499938964844,285.1499938964844,0.0,-0.0,291.0066833496094,0.0,0.0,7.464463851647452e-05,297.1858825683594,303.1499938964844,285.1499938964844,0.0,-0.0,291.0066833496094,0.0,0.0,0.0001010628038784,297.4642639160156,303.1499938964844,285.1499938964844,0.0,-0.0,291.0066223144531,0.0,0.0,0.0004793983534909,290.97625732421875,294.1499938964844,283.3971252441406,283.3971252441406,284.9951477050781,283.5959167480469,290.67388916015625,0.0,0.0,0.0,0.0,1.0,1.0,-0.0010225862497463,8.505083748389097e-09,0.0010225777514278,-0.021332649514079,0.0,0.0,0.0,-0.0090291528031229,60.0,-5.081441879272461,-0.0,-7.129498413860348e-08,0.0,293.1499938964844,293.1499938964844,293.1499938964844,293.1499938964844,293.1499938964844,293.1499938964844,278.1499938964844,0.0,18000.0,313.1499938964844,0.0,18000.0,0.0,0.0,0.0,0.0,0.0,0.0,0.0,0.0,0.0,0.0,-0.0,-0.0,0.0,0.0,0.0,0.0,0.0,-0.0,0.0,0.0,0.0,0.0,0.0,0.0,0.0,0.0,0.0,4.0,0.0,0.0
11924940,297.0921325683594,303.1499938964844,285.1499938964844,0.0,-0.0,291.004638671875,0.0,0.0,9.582503116689622e-05,297.25213623046875,303.1499938964844,285.1499938964844,0.0,-0.0,291.00469970703125,0.0,0.0,0.00010090838623,297.2605895996094,303.1499938964844,285.1499938964844,0.0,-0.0,291.0047302246094,0.0,0.0,7.45305951568298e-05,297.18084716796875,303.1499938964844,285.1499938964844,0.0,-0.0,291.0047302246094,0.0,0.0,0.0001009083935059,297.4625549316406,303.1499938964844,285.1499938964844,0.0,-0.0,291.0046691894531,0.0,0.0,0.0004786658973898,290.9740295410156,294.1499938964844,283.3173522949219,283.3173522949219,284.96539306640625,283.5232238769531,290.67059326171875,0.0,0.0,0.0,0.0,1.0,1.0,-0.0010210236068814,8.322362354817871e-09,0.0010210153413936,-0.0208541508764028,0.0,0.0,0.0,-0.0089385705068707,60.0,-5.12714147567749,-0.0,-7.107725963351187e-08,0.0,293.1499938964844,293.1499938964844,293.1499938964844,293.1499938964844,293.1499938964844,293.1499938964844,278.1499938964844,0.0,18000.0,313.1499938964844,0.0,18000.0,0.0,0.0,0.0,0.0,0.0,0.0,0.0,0.0,0.0,0.0,-0.0,-0.0,0.0,0.0,0.0,0.0,0.0,-0.0,0.0,0.0,0.0,0.0,0.0,0.0,0.0,0.0,0.0,4.0,0.0,0.0
11925000,297.0921325683594,303.1499938964844,285.1499938964844,0.0,-0.0,291.004638671875,0.0,0.0,9.582503116689622e-05,297.25213623046875,303.1499938964844,285.1499938964844,0.0,-0.0,291.00469970703125,0.0,0.0,0.00010090838623,297.2605895996094,303.1499938964844,285.1499938964844,0.0,-0.0,291.0047302246094,0.0,0.0,7.45305951568298e-05,297.18084716796875,303.1499938964844,285.1499938964844,0.0,-0.0,291.0047302246094,0.0,0.0,0.0001009083935059,297.4625549316406,303.1499938964844,285.1499938964844,0.0,-0.0,291.0046691894531,0.0,0.0,0.0004786658973898,290.9740295410156,294.1499938964844,283.3173522949219,283.3173522949219,284.96539306640625,283.5232238769531,290.67059326171875,0.0,0.0,0.0,0.0,1.0,1.0,-0.0010210236068814,8.322362354817871e-09,0.0010210153413936,-0.0208541508764028,0.0,0.0,0.0,-0.0089385705068707,60.0,-5.12714147567749,-0.0,-7.107725963351187e-08,0.0,293.1499938964844,293.1499938964844,293.1499938964844,293.1499938964844,293.1499938964844,293.1499938964844,278.1499938964844,0.0,18000.0,313.1499938964844,0.0,18000.0,0.0,0.0,0.0,0.0,0.0,0.0,0.0,0.0,0.0,0.0,-0.0,-0.0,0.0,0.0,0.0,0.0,0.0,-0.0,0.0,0.0,0.0,0.0,0.0,0.0,0.0,0.0,0.0,4.0,0.0,0.0
11925060,297.0908508300781,303.1499938964844,285.1499938964844,0.0,-0.0,291.00299072265625,0.0,0.0,9.570318798068912e-05,297.2496032714844,303.1499938964844,285.1499938964844,0.0,-0.0,291.0030517578125,0.0,0.0,0.0001007800747174,297.2583312988281,303.1499938964844,285.1499938964844,0.0,-0.0,291.0030822753906,0.0,0.0,7.443582580890507e-05,297.1765441894531,303.1499938964844,285.1499938964844,0.0,-0.0,291.0030517578125,0.0,0.0,0.0001007800747174,297.46112060546875,303.1499938964844,285.1499938964844,0.0,-0.0,291.0030212402344,0.0,0.0,0.0004780572489835,290.9721374511719,294.1499938964844,283.2509155273437,283.2509155273437,284.9397277832031,283.4617614746094,290.6678161621094,0.0,0.0,0.0,0.0,1.0,1.0,-0.0010197251103818,8.170523813078034e-09,0.0010197169613093,-0.020456513389945,0.0,0.0,0.0,-0.0088632972911,60.0,-5.165235996246338,-0.0,-7.089658993209015e-08,0.0,293.1499938964844,293.1499938964844,293.1499938964844,293.1499938964844,293.1499938964844,293.1499938964844,278.1499938964844,0.0,18000.0,313.1499938964844,0.0,18000.0,0.0,0.0,0.0,0.0,0.0,0.0,0.0,0.0,0.0,0.0,-0.0,-0.0,0.0,0.0,0.0,0.0,0.0,-0.0,0.0,0.0,0.0,0.0,0.0,0.0,0.0,0.0,0.0,4.0,0.0,0.0
11925120,297.09063720703125,303.1499938964844,285.1499938964844,0.0,-0.0,291.0026550292969,0.0,0.0,9.568010864313692e-05,297.2491149902344,303.1499938964844,285.1499938964844,0.0,-0.0,291.00274658203125,0.0,0.0,0.000100755773019,297.2579040527344,303.1499938964844,285.1499938964844,0.0,-0.0,291.00274658203125,0.0,0.0,7.441787602147087e-05,297.1757202148437,303.1499938964844,285.1499938964844,0.0,-0.0,291.00274658203125,0.0,0.0,0.000100755780295,297.4608154296875,303.1499938964844,285.1499938964844,0.0,-0.0,291.002685546875,0.0,0.0,0.000477941968711,290.9717712402344,294.1499938964844,283.23834228515625,283.23834228515625,284.9347839355469,283.4500427246094,290.66729736328125,0.0,0.0,0.0,0.0,1.0,1.0,-0.0010194791248068,8.141768148561823e-09,0.0010194710921496,-0.0203812066465616,0.0,0.0,0.0,-0.0088490424677729,60.0,-5.172455787658691,-0.0,-7.086239861564536e-08,0.0,293.1499938964844,293.1499938964844,293.1499938964844,293.1499938964844,293.1499938964844,293.1499938964844,278.1499938964844,0.0,18000.0,313.1499938964844,0.0,18000.0,0.0,0.0,0.0,0.0,0.0,0.0,0.0,0.0,0.0,0.0,-0.0,-0.0,0.0,0.0,0.0,0.0,0.0,-0.0,0.0,0.0,0.0,0.0,0.0,0.0,0.0,0.0,0.0,4.0,0.0,0.0
11925180,297.0891418457031,303.1499938964844,285.1499938964844,0.0,-0.0,291.0007019042969,0.0,0.0,9.55376381170936e-05,297.24609375,303.1499938964844,285.1499938964844,0.0,-0.0,291.0007629394531,0.0,0.0,0.0001006057500489,297.25518798828125,303.1499938964844,285.1499938964844,0.0,-0.0,291.0007629394531,0.0,0.0,7.430707046296448e-05,297.1705017089844,303.1499938964844,285.1499938964844,0.0,-0.0,291.0007629394531,0.0,0.0,0.0001006057500489,297.4590759277344,303.1499938964844,285.1499938964844,0.0,-0.0,291.0007019042969,0.0,0.0,0.0004772303218487,290.9695129394531,294.1499938964844,283.1606750488281,283.1606750488281,284.90338134765625,283.3768920898437,290.6639404296875,0.0,0.0,0.0,0.0,1.0,1.0,-0.0010179609525948,7.964236381496903e-09,0.0010179529199376,-0.0199162680655717,0.0,0.0,0.0,-0.0087610315531492,60.0,-5.217001438140869,-0.0,-7.065149532081706e-08,0.0,293.1499938964844,293.1499938964844,293.1499938964844,293.1499938964844,293.1499938964844,293.1499938964844,278.1499938964844,0.0,18000.0,313.1499938964844,0.0,18000.0,0.0,0.0,0.0,0.0,0.0,0.0,0.0,0.0,0.0,0.0,-0.0,-0.0,0.0,0.0,0.0,0.0,0.0,-0.0,0.0,0.0,0.0,0.0,0.0,0.0,0.0,0.0,0.0,4.0,0.0,0.0
11925240,297.0891418457031,303.1499938964844,285.1499938964844,0.0,-0.0,291.0007019042969,0.0,0.0,9.55376381170936e-05,297.24609375,303.1499938964844,285.1499938964844,0.0,-0.0,291.0007629394531,0.0,0.0,0.0001006057500489,297.25518798828125,303.1499938964844,285.1499938964844,0.0,-0.0,291.0007629394531,0.0,0.0,7.430707046296448e-05,297.1705017089844,303.1499938964844,285.1499938964844,0.0,-0.0,291.0007629394531,0.0,0.0,0.0001006057500489,297.4590759277344,303.1499938964844,285.1499938964844,0.0,-0.0,291.0007019042969,0.0,0.0,0.0004772303218487,290.9695129394531,294.1499938964844,283.1606750488281,283.1606750488281,284.90338134765625,283.3768920898437,290.6639404296875,0.0,0.0,0.0,0.0,1.0,1.0,-0.0010179609525948,7.964236381496903e-09,0.0010179529199376,-0.0199162680655717,0.0,0.0,0.0,-0.0087610315531492,60.0,-5.217001438140869,-0.0,-7.065149532081706e-08,0.0,293.1499938964844,293.1499938964844,293.1499938964844,293.1499938964844,293.1499938964844,293.1499938964844,278.1499938964844,0.0,18000.0,313.1499938964844,0.0,18000.0,0.0,0.0,0.0,0.0,0.0,0.0,0.0,0.0,0.0,0.0,-0.0,-0.0,0.0,0.0,0.0,0.0,0.0,-0.0,0.0,0.0,0.0,0.0,0.0,0.0,0.0,0.0,0.0,4.0,0.0,0.0
11925300,297.08843994140625,303.1499938964844,285.1499938964844,0.0,-0.0,290.99969482421875,0.0,0.0,9.546768706059083e-05,297.2445373535156,303.1499938964844,285.1499938964844,0.0,-0.0,290.999755859375,0.0,0.0,0.0001005320809781,297.2538452148437,303.1499938964844,285.1499938964844,0.0,-0.0,290.9997863769531,0.0,0.0,7.425266085192561e-05,297.1679077148437,303.1499938964844,285.1499938964844,0.0,-0.0,290.999755859375,0.0,0.0,0.0001005320882541,297.45819091796875,303.1499938964844,285.1499938964844,0.0,-0.0,290.9997253417969,0.0,0.0,0.0004768808721564,290.9683837890625,294.1499938964844,283.1225280761719,283.1225280761719,284.8873291015625,283.3405456542969,290.6622619628906,0.0,0.0,0.0,0.0,1.0,1.0,-0.0010172154288738,7.877063445960175e-09,0.001017207512632,-0.0196879692375659,0.0,0.0,0.0,-0.0087178163230419,60.0,-5.238794803619385,-0.0,-7.054804740391776e-08,0.0,293.1499938964844,293.1499938964844,293.1499938964844,293.1499938964844,293.1499938964844,293.1499938964844,278.1499938964844,0.0,18000.0,313.1499938964844,0.0,18000.0,0.0,0.0,0.0,0.0,0.0,0.0,0.0,0.0,0.0,0.0,-0.0,-0.0,0.0,0.0,0.0,0.0,0.0,-0.0,0.0,0.0,0.0,0.0,0.0,0.0,0.0,0.0,0.0,4.0,0.0,0.0
11925360,297.08770751953125,303.1499938964844,285.1499938964844,0.0,-0.0,290.99871826171875,0.0,0.0,9.539830352878198e-05,297.2430114746094,303.1499938964844,285.1499938964844,0.0,-0.0,290.998779296875,0.0,0.0,0.0001004590230877,297.2524719238281,303.1499938964844,285.1499938964844,0.0,-0.0,290.998779296875,0.0,0.0,7.419869507430121e-05,297.165283203125,303.1499938964844,285.1499938964844,0.0,-0.0,290.998779296875,0.0,0.0,0.0001004590230877,297.457275390625,303.1499938964844,285.1499938964844,0.0,-0.0,290.99871826171875,0.0,0.0,0.0004765343037433,290.9672241210937,294.1499938964844,283.0849304199219,283.0849304199219,284.87115478515625,283.3043518066406,290.6605834960937,0.0,0.0,0.0,0.0,1.0,1.0,-0.0010164759587496,7.790606382229726e-09,0.0010164682753384,-0.0194615386426448,0.0,0.0,0.0,-0.0086749559268355,60.0,-5.260345935821533,-0.0,-7.044553029800228e-08,0.0,293.1499938964844,293.1499938964844,293.1499938964844,293.1499938964844,293.1499938964844,293.1499938964844,278.1499938964844,0.0,18000.0,313.1499938964844,0.0,18000.0,0.0,0.0,0.0,0.0,0.0,0.0,0.0,0.0,0.0,0.0,-0.0,-0.0,0.0,0.0,0.0,0.0,0.0,-0.0,0.0,0.0,0.0,0.0,0.0,0.0,0.0,0.0,0.0,4.0,0.0,0.0
11925420,297.0863037109375,303.1499938964844,285.1499938964844,0.0,-0.0,290.9967041015625,0.0,0.0,9.526294888928533e-05,297.2398986816406,303.1499938964844,285.1499938964844,0.0,-0.0,290.99676513671875,0.0,0.0,0.0001003164798021,297.24969482421875,303.1499938964844,285.1499938964844,0.0,-0.0,290.9967956542969,0.0,0.0,7.409341924358159e-05,297.1600646972656,303.1499938964844,285.1499938964844,0.0,-0.0,290.9967956542969,0.0,0.0,0.000100316487078,297.4555053710937,303.1499938964844,285.1499938964844,0.0,-0.0,290.9967346191406,0.0,0.0,0.0004758581635542,290.9649658203125,294.1499938964844,283.01177978515625,283.01177978515625,284.83819580078125,283.23291015625,290.6572265625,0.0,0.0,0.0,0.0,1.0,1.0,-0.0010150335729122,7.621935083079734e-09,0.0010150258895009,-0.0190197825431823,0.0,0.0,0.0,-0.0085913380607962,60.0,-5.302108287811279,-0.0,-7.02457327861339e-08,0.0,293.1499938964844,293.1499938964844,293.1499938964844,293.1499938964844,293.1499938964844,293.1499938964844,278.1499938964844,0.0,18000.0,313.1499938964844,0.0,18000.0,0.0,0.0,0.0,0.0,0.0,0.0,0.0,0.0,0.0,0.0,-0.0,-0.0,0.0,0.0,0.0,0.0,0.0,-0.0,0.0,0.0,0.0,0.0,0.0,0.0,0.0,0.0,0.0,4.0,0.0,0.0
11925480,297.0863037109375,303.1499938964844,285.1499938964844,0.0,-0.0,290.9967041015625,0.0,0.0,9.526294888928533e-05,297.2398986816406,303.1499938964844,285.1499938964844,0.0,-0.0,290.99676513671875,0.0,0.0,0.0001003164798021,297.24969482421875,303.1499938964844,285.1499938964844,0.0,-0.0,290.9967956542969,0.0,0.0,7.409341924358159e-05,297.1600646972656,303.1499938964844,285.1499938964844,0.0,-0.0,290.9967956542969,0.0,0.0,0.000100316487078,297.4555053710937,303.1499938964844,285.1499938964844,0.0,-0.0,290.9967346191406,0.0,0.0,0.0004758581635542,290.9649658203125,294.1499938964844,283.01177978515625,283.01177978515625,284.83819580078125,283.23291015625,290.6572265625,0.0,0.0,0.0,0.0,1.0,1.0,-0.0010150335729122,7.621935083079734e-09,0.0010150258895009,-0.0190197825431823,0.0,0.0,0.0,-0.0085913380607962,60.0,-5.302108287811279,-0.0,-7.02457327861339e-08,0.0,293.1499938964844,293.1499938964844,293.1499938964844,293.1499938964844,293.1499938964844,293.1499938964844,278.1499938964844,0.0,18000.0,313.1499938964844,0.0,18000.0,0.0,0.0,0.0,0.0,0.0,0.0,0.0,0.0,0.0,0.0,-0.0,-0.0,0.0,0.0,0.0,0.0,0.0,-0.0,0.0,0.0,0.0,0.0,0.0,0.0,0.0,0.0,0.0,4.0,0.0,0.0
11925540,297.0848999023437,303.1499938964844,285.1499938964844,0.0,-0.0,290.9947204589844,0.0,0.0,9.513144323136656e-05,297.2367858886719,303.1499938964844,285.1499938964844,0.0,-0.0,290.9947814941406,0.0,0.0,0.0001001780037768,297.2469177246094,303.1499938964844,285.1499938964844,0.0,-0.0,290.9947814941406,0.0,0.0,7.39911338314414e-05,297.1549072265625,303.1499938964844,285.1499938964844,0.0,-0.0,290.9947814941406,0.0,0.0,0.0001001780037768,297.4537048339844,303.1499938964844,285.1499938964844,0.0,-0.0,290.9947204589844,0.0,0.0,0.0004752012609969,290.9626770019531,294.1499938964844,282.9417724609375,282.9417724609375,284.8046875,283.1627502441406,290.65380859375,0.0,0.0,0.0,0.0,1.0,1.0,-0.001013632165268,7.458063500109802e-09,0.0010136247146874,-0.0185905862599611,0.0,0.0,0.0,-0.0085100997239351,60.0,-5.342287540435791,-0.0,-7.005189672781853e-08,0.0,293.1499938964844,293.1499938964844,293.1499938964844,293.1499938964844,293.1499938964844,293.1499938964844,278.1499938964844,0.0,18000.0,313.1499938964844,0.0,18000.0,0.0,0.0,0.0,0.0,0.0,0.0,0.0,0.0,0.0,0.0,-0.0,-0.0,0.0,0.0,0.0,0.0,0.0,-0.0,0.0,0.0,0.0,0.0,0.0,0.0,0.0,0.0,0.0,4.0,0.0,0.0
11925600,297.0848999023437,303.1499938964844,285.1499938964844,0.0,-0.0,290.9947204589844,0.0,0.0,9.513144323136656e-05,297.2367858886719,303.1499938964844,285.1499938964844,0.0,-0.0,290.9947814941406,0.0,0.0,0.0001001780037768,297.2469177246094,303.1499938964844,285.1499938964844,0.0,-0.0,290.9947814941406,0.0,0.0,7.39911338314414e-05,297.1549072265625,303.1499938964844,285.1499938964844,0.0,-0.0,290.9947814941406,0.0,0.0,0.0001001780037768,297.4537048339844,303.1499938964844,285.1499938964844,0.0,-0.0,290.9947204589844,0.0,0.0,0.0004752012609969,290.9626770019531,294.1499938964844,282.9417724609375,282.9417724609375,284.8046875,283.1627502441406,290.65380859375,0.0,0.0,0.0,0.0,1.0,1.0,-0.001013632165268,7.458063500109802e-09,0.0010136247146874,-0.0185905862599611,0.0,0.0,0.0,-0.0085100997239351,60.0,-5.342287540435791,-0.0,-7.005189672781853e-08,0.0,293.1499938964844,293.1499938964844,293.1499938964844,293.1499938964844,293.1499938964844,293.1499938964844,278.1499938964844,0.0,18000.0,313.1499938964844,0.0,18000.0,0.0,0.0,0.0,0.0,0.0,0.0,0.0,0.0,0.0,0.0,-0.0,-0.0,0.0,0.0,0.0,0.0,0.0,-0.0,0.0,0.0,0.0,0.0,0.0,0.0,0.0,0.0,0.0,4.0,0.0,0.0
11925660,297.08355712890625,303.1499938964844,285.1499938964844,0.0,-0.0,290.9927062988281,0.0,0.0,9.500483429292216e-05,297.2336730957031,303.1499938964844,285.1499938964844,0.0,-0.0,290.9927673339844,0.0,0.0,0.0001000446791294,297.244140625,303.1499938964844,285.1499938964844,0.0,-0.0,290.9927978515625,0.0,0.0,7.389266102109104e-05,297.1497802734375,303.1499938964844,285.1499938964844,0.0,-0.0,290.9927673339844,0.0,0.0,0.0001000446791294,297.4518737792969,303.1499938964844,285.1499938964844,0.0,-0.0,290.99273681640625,0.0,0.0,0.0004745688347611,290.9603881835937,294.1499938964844,282.87554931640625,282.87554931640625,284.7705993652344,283.0947265625,290.650390625,0.0,0.0,0.0,0.0,1.0,1.0,-0.001012282911688,7.300293258793998e-09,0.0010122755775228,-0.0181773621588945,0.0,0.0,0.0,-0.0084318863227963,60.0,-5.379926681518555,-0.0,-6.986552847365601e-08,0.0,293.1499938964844,293.1499938964844,293.1499938964844,293.1499938964844,293.1499938964844,293.1499938964844,278.1499938964844,0.0,18000.0,313.1499938964844,0.0,18000.0,0.0,0.0,0.0,0.0,0.0,0.0,0.0,0.0,0.0,0.0,-0.0,-0.0,0.0,0.0,0.0,0.0,0.0,-0.0,0.0,0.0,0.0,0.0,0.0,0.0,0.0,0.0,0.0,4.0,0.0,0.0
11925720,297.08355712890625,303.1499938964844,285.1499938964844,0.0,-0.0,290.9927062988281,0.0,0.0,9.500483429292216e-05,297.2336730957031,303.1499938964844,285.1499938964844,0.0,-0.0,290.9927673339844,0.0,0.0,0.0001000446791294,297.244140625,303.1499938964844,285.1499938964844,0.0,-0.0,290.9927978515625,0.0,0.0,7.389266102109104e-05,297.1497802734375,303.1499938964844,285.1499938964844,0.0,-0.0,290.9927673339844,0.0,0.0,0.0001000446791294,297.4518737792969,303.1499938964844,285.1499938964844,0.0,-0.0,290.99273681640625,0.0,0.0,0.0004745688347611,290.9603881835937,294.1499938964844,282.87554931640625,282.87554931640625,284.7705993652344,283.0947265625,290.650390625,0.0,0.0,0.0,0.0,1.0,1.0,-0.001012282911688,7.300293258793998e-09,0.0010122755775228,-0.0181773621588945,0.0,0.0,0.0,-0.0084318863227963,60.0,-5.379926681518555,-0.0,-6.986552847365601e-08,0.0,293.1499938964844,293.1499938964844,293.1499938964844,293.1499938964844,293.1499938964844,293.1499938964844,278.1499938964844,0.0,18000.0,313.1499938964844,0.0,18000.0,0.0,0.0,0.0,0.0,0.0,0.0,0.0,0.0,0.0,0.0,-0.0,-0.0,0.0,0.0,0.0,0.0,0.0,-0.0,0.0,0.0,0.0,0.0,0.0,0.0,0.0,0.0,0.0,4.0,0.0,0.0
11925780,297.082275390625,303.1499938964844,285.1499938964844,0.0,-0.0,290.9906921386719,0.0,0.0,9.488350769970566e-05,297.2305603027344,303.1499938964844,285.1499938964844,0.0,-0.0,290.9907531738281,0.0,0.0,9.991692058974876e-05,297.2413330078125,303.1499938964844,285.1499938964844,0.0,-0.0,290.99078369140625,0.0,0.0,7.37982991267927e-05,297.1448059082031,303.1499938964844,285.1499938964844,0.0,-0.0,290.9907531738281,0.0,0.0,9.991692058974876e-05,297.4500732421875,303.1499938964844,285.1499938964844,0.0,-0.0,290.99072265625,0.0,0.0,0.0004739628056995,290.9580993652344,294.1499938964844,282.813720703125,282.813720703125,284.7359924316406,283.029296875,290.6469421386719,0.0,0.0,0.0,0.0,1.0,1.0,-0.0010109898867085,7.149110636817113e-09,0.0010109827853739,-0.0177813824266195,0.0,0.0,0.0,-0.0083569390699267,60.0,-5.414872169494629,-0.0,-6.968717514155287e-08,0.0,293.1499938964844,293.1499938964844,293.1499938964844,293.1499938964844,293.1499938964844,293.1499938964844,278.1499938964844,0.0,18000.0,313.1499938964844,0.0,18000.0,0.0,0.0,0.0,0.0,0.0,0.0,0.0,0.0,0.0,0.0,-0.0,-0.0,0.0,0.0,0.0,0.0,0.0,-0.0,0.0,0.0,0.0,0.0,0.0,0.0,0.0,0.0,0.0,4.0,0.0,0.0
11925840,297.082275390625,303.1499938964844,285.1499938964844,0.0,-0.0,290.9906921386719,0.0,0.0,9.488350769970566e-05,297.2305603027344,303.1499938964844,285.1499938964844,0.0,-0.0,290.9907531738281,0.0,0.0,9.991692058974876e-05,297.2413330078125,303.1499938964844,285.1499938964844,0.0,-0.0,290.99078369140625,0.0,0.0,7.37982991267927e-05,297.1448059082031,303.1499938964844,285.1499938964844,0.0,-0.0,290.9907531738281,0.0,0.0,9.991692058974876e-05,297.4500732421875,303.1499938964844,285.1499938964844,0.0,-0.0,290.99072265625,0.0,0.0,0.0004739628056995,290.9580993652344,294.1499938964844,282.813720703125,282.813720703125,284.7359924316406,283.029296875,290.6469421386719,0.0,0.0,0.0,0.0,1.0,1.0,-0.0010109898867085,7.149110636817113e-09,0.0010109827853739,-0.0177813824266195,0.0,0.0,0.0,-0.0083569390699267,60.0,-5.414872169494629,-0.0,-6.968717514155287e-08,0.0,293.1499938964844,293.1499938964844,293.1499938964844,293.1499938964844,293.1499938964844,293.1499938964844,278.1499938964844,0.0,18000.0,313.1499938964844,0.0,18000.0,0.0,0.0,0.0,0.0,0.0,0.0,0.0,0.0,0.0,0.0,-0.0,-0.0,0.0,0.0,0.0,0.0,0.0,-0.0,0.0,0.0,0.0,0.0,0.0,0.0,0.0,0.0,0.0,4.0,0.0,0.0
11925900,297.0816345214844,303.1499938964844,285.1499938964844,0.0,-0.0,290.9896850585937,0.0,0.0,9.482476889388636e-05,297.22900390625,303.1499938964844,285.1499938964844,0.0,-0.0,290.98974609375,0.0,0.0,9.985506039811298e-05,297.2399597167969,303.1499938964844,285.1499938964844,0.0,-0.0,290.98974609375,0.0,0.0,7.375261338893324e-05,297.1423645019531,303.1499938964844,285.1499938964844,0.0,-0.0,290.98974609375,0.0,0.0,9.985506039811298e-05,297.4491882324219,303.1499938964844,285.1499938964844,0.0,-0.0,290.9897155761719,0.0,0.0,0.0004736693808808,290.9569702148437,294.1499938964844,282.7846374511719,282.7846374511719,284.71856689453125,282.9976501464844,290.6452331542969,0.0,0.0,0.0,0.0,1.0,1.0,-0.001010363921523,7.0759131887143675e-09,0.0010103568201884,-0.0175896603614091,0.0,0.0,0.0,-0.0083206519484519,60.0,-5.431286334991455,-0.0,-6.960090104257688e-08,0.0,293.1499938964844,293.1499938964844,293.1499938964844,293.1499938964844,293.1499938964844,293.1499938964844,278.1499938964844,0.0,18000.0,313.1499938964844,0.0,18000.0,0.0,0.0,0.0,0.0,0.0,0.0,0.0,0.0,0.0,0.0,-0.0,-0.0,0.0,0.0,0.0,0.0,0.0,-0.0,0.0,0.0,0.0,0.0,0.0,0.0,0.0,0.0,0.0,4.0,0.0,0.0
11925960,297.0810241699219,303.1499938964844,285.1499938964844,0.0,-0.0,290.9886779785156,0.0,0.0,9.476752893533558e-05,297.2274475097656,303.1499938964844,285.1499938964844,0.0,-0.0,290.9887390136719,0.0,0.0,9.979477908927949e-05,297.23858642578125,303.1499938964844,285.1499938964844,0.0,-0.0,290.9887390136719,0.0,0.0,7.370808452833444e-05,297.13995361328125,303.1499938964844,285.1499938964844,0.0,-0.0,290.9887390136719,0.0,0.0,9.979478636523707e-05,297.44830322265625,303.1499938964844,285.1499938964844,0.0,-0.0,290.9886779785156,0.0,0.0,0.0004733834357466,290.955810546875,294.1499938964844,282.7568664550781,282.7568664550781,284.7010192871094,282.9668273925781,290.6434936523437,0.0,0.0,0.0,0.0,1.0,1.0,-0.0010097539052367,7.004579583025361e-09,0.0010097469203174,-0.0174028165638446,0.0,0.0,0.0,-0.0082852886989712,60.0,-5.4468536376953125,-0.0,-6.951687936407326e-08,0.0,293.1499938964844,293.1499938964844,293.1499938964844,293.1499938964844,293.1499938964844,293.1499938964844,278.1499938964844,0.0,18000.0,313.1499938964844,0.0,18000.0,0.0,0.0,0.0,0.0,0.0,0.0,0.0,0.0,0.0,0.0,-0.0,-0.0,0.0,0.0,0.0,0.0,0.0,-0.0,0.0,0.0,0.0,0.0,0.0,0.0,0.0,0.0,0.0,4.0,0.0,0.0
11926020,297.079833984375,303.1499938964844,285.1499938964844,0.0,-0.0,290.98663330078125,0.0,0.0,9.465742914471777e-05,297.224365234375,303.1499938964844,285.1499938964844,0.0,-0.0,290.9866943359375,0.0,0.0,9.967884398065507e-05,297.23583984375,303.1499938964844,285.1499938964844,0.0,-0.0,290.9867248535156,0.0,0.0,7.362245378317311e-05,297.1352844238281,303.1499938964844,285.1499938964844,0.0,-0.0,290.9866943359375,0.0,0.0,9.967884398065507e-05,297.446533203125,303.1499938964844,285.1499938964844,0.0,-0.0,290.9866638183594,0.0,0.0,0.0004728334606625,290.9535217285156,294.1499938964844,282.7056579589844,282.7056579589844,284.665771484375,282.9077453613281,290.6399841308594,0.0,0.0,0.0,0.0,1.0,1.0,-0.001008580555208,6.8673831066234925e-09,0.001008573686704,-0.0170434564352035,0.0,0.0,0.0,-0.0082172742113471,60.0,-5.475430488586426,-0.0,-6.935542273822648e-08,0.0,293.1499938964844,293.1499938964844,293.1499938964844,293.1499938964844,293.1499938964844,293.1499938964844,278.1499938964844,0.0,18000.0,313.1499938964844,0.0,18000.0,0.0,0.0,0.0,0.0,0.0,0.0,0.0,0.0,0.0,0.0,-0.0,-0.0,0.0,0.0,0.0,0.0,0.0,-0.0,0.0,0.0,0.0,0.0,0.0,0.0,0.0,0.0,0.0,4.0,0.0,0.0
11926080,297.079833984375,303.1499938964844,285.1499938964844,0.0,-0.0,290.98663330078125,0.0,0.0,9.465742914471777e-05,297.224365234375,303.1499938964844,285.1499938964844,0.0,-0.0,290.9866943359375,0.0,0.0,9.967884398065507e-05,297.23583984375,303.1499938964844,285.1499938964844,0.0,-0.0,290.9867248535156,0.0,0.0,7.362245378317311e-05,297.1352844238281,303.1499938964844,285.1499938964844,0.0,-0.0,290.9866943359375,0.0,0.0,9.967884398065507e-05,297.446533203125,303.1499938964844,285.1499938964844,0.0,-0.0,290.9866638183594,0.0,0.0,0.0004728334606625,290.9535217285156,294.1499938964844,282.7056579589844,282.7056579589844,284.665771484375,282.9077453613281,290.6399841308594,0.0,0.0,0.0,0.0,1.0,1.0,-0.001008580555208,6.8673831066234925e-09,0.001008573686704,-0.0170434564352035,0.0,0.0,0.0,-0.0082172742113471,60.0,-5.475430488586426,-0.0,-6.935542273822648e-08,0.0,293.1499938964844,293.1499938964844,293.1499938964844,293.1499938964844,293.1499938964844,293.1499938964844,278.1499938964844,0.0,18000.0,313.1499938964844,0.0,18000.0,0.0,0.0,0.0,0.0,0.0,0.0,0.0,0.0,0.0,0.0,-0.0,-0.0,0.0,0.0,0.0,0.0,0.0,-0.0,0.0,0.0,0.0,0.0,0.0,0.0,0.0,0.0,0.0,4.0,0.0,0.0
11926140,297.07867431640625,303.1499938964844,285.1499938964844,0.0,-0.0,290.984619140625,0.0,0.0,9.455348481424151e-05,297.2213134765625,303.1499938964844,285.1499938964844,0.0,-0.0,290.98468017578125,0.0,0.0,9.95693844743073e-05,297.23309326171875,303.1499938964844,285.1499938964844,0.0,-0.0,290.98468017578125,0.0,0.0,7.354161061812192e-05,297.1307678222656,303.1499938964844,285.1499938964844,0.0,-0.0,290.98468017578125,0.0,0.0,9.956939175026493e-05,297.4447937011719,303.1499938964844,285.1499938964844,0.0,-0.0,290.984619140625,0.0,0.0,0.0004723142774309,290.9512023925781,294.1499938964844,282.6606140136719,282.6606140136719,284.6303405761719,282.8524169921875,290.636474609375,0.0,0.0,0.0,0.0,1.0,1.0,-0.0010074728634208,6.737857827232574e-09,0.0010074661113321,-0.0167041812092065,0.0,0.0,0.0,-0.008153062313795,60.0,-5.500279903411865,-0.0,-6.920316053538046e-08,0.0,293.1499938964844,293.1499938964844,293.1499938964844,293.1499938964844,293.1499938964844,293.1499938964844,278.1499938964844,0.0,18000.0,313.1499938964844,0.0,18000.0,0.0,0.0,0.0,0.0,0.0,0.0,0.0,0.0,0.0,0.0,-0.0,-0.0,0.0,0.0,0.0,0.0,0.0,-0.0,0.0,0.0,0.0,0.0,0.0,0.0,0.0,0.0,0.0,4.0,0.0,0.0
11926200,297.07867431640625,303.1499938964844,285.1499938964844,0.0,-0.0,290.984619140625,0.0,0.0,9.455348481424151e-05,297.2213134765625,303.1499938964844,285.1499938964844,0.0,-0.0,290.98468017578125,0.0,0.0,9.95693844743073e-05,297.23309326171875,303.1499938964844,285.1499938964844,0.0,-0.0,290.98468017578125,0.0,0.0,7.354161061812192e-05,297.1307678222656,303.1499938964844,285.1499938964844,0.0,-0.0,290.98468017578125,0.0,0.0,9.956939175026493e-05,297.4447937011719,303.1499938964844,285.1499938964844,0.0,-0.0,290.984619140625,0.0,0.0,0.0004723142774309,290.9512023925781,294.1499938964844,282.6606140136719,282.6606140136719,284.6303405761719,282.8524169921875,290.636474609375,0.0,0.0,0.0,0.0,1.0,1.0,-0.0010074728634208,6.737857827232574e-09,0.0010074661113321,-0.0167041812092065,0.0,0.0,0.0,-0.008153062313795,60.0,-5.500279903411865,-0.0,-6.920316053538046e-08,0.0,293.1499938964844,293.1499938964844,293.1499938964844,293.1499938964844,293.1499938964844,293.1499938964844,278.1499938964844,0.0,18000.0,313.1499938964844,0.0,18000.0,0.0,0.0,0.0,0.0,0.0,0.0,0.0,0.0,0.0,0.0,-0.0,-0.0,0.0,0.0,0.0,0.0,0.0,-0.0,0.0,0.0,0.0,0.0,0.0,0.0,0.0,0.0,0.0,4.0,0.0,0.0
11926260,297.07769775390625,303.1499938964844,285.1499938964844,0.0,-0.0,290.98272705078125,0.0,0.0,9.446293552173302e-05,297.21856689453125,303.1499938964844,285.1499938964844,0.0,-0.0,290.9827880859375,0.0,0.0,9.947403304977342e-05,297.23065185546875,303.1499938964844,285.1499938964844,0.0,-0.0,290.9827880859375,0.0,0.0,7.347118662437424e-05,297.1268615722656,303.1499938964844,285.1499938964844,0.0,-0.0,290.9827880859375,0.0,0.0,9.947403304977342e-05,297.4432067871094,303.1499938964844,285.1499938964844,0.0,-0.0,290.9827575683594,0.0,0.0,0.000471861945698,290.9490661621094,294.1499938964844,282.6252136230469,282.6252136230469,284.5976867675781,282.8056335449219,290.6332092285156,0.0,0.0,0.0,0.0,1.0,1.0,-0.0010065077804028,6.6250191999017716e-09,0.0010065012611448,-0.0164086110889911,0.0,0.0,0.0,-0.0080971233546733,60.0,-5.519258975982666,-0.0,-6.907065142058856e-08,0.0,293.1499938964844,293.1499938964844,293.1499938964844,293.1499938964844,293.1499938964844,293.1499938964844,278.1499938964844,0.0,18000.0,313.1499938964844,0.0,18000.0,0.0,0.0,0.0,0.0,0.0,0.0,0.0,0.0,0.0,0.0,-0.0,-0.0,0.0,0.0,0.0,0.0,0.0,-0.0,0.0,0.0,0.0,0.0,0.0,0.0,0.0,0.0,0.0,4.0,0.0,0.0
11926320,297.0776062011719,303.1499938964844,285.1499938964844,0.0,-0.0,290.9825744628906,0.0,0.0,9.445530304219574e-05,297.21832275390625,303.1499938964844,285.1499938964844,0.0,-0.0,290.9826354980469,0.0,0.0,9.946599311660977e-05,297.2304382324219,303.1499938964844,285.1499938964844,0.0,-0.0,290.9826354980469,0.0,0.0,7.346524944296107e-05,297.12652587890625,303.1499938964844,285.1499938964844,0.0,-0.0,290.9826354980469,0.0,0.0,9.946600039256737e-05,297.4430847167969,303.1499938964844,285.1499938964844,0.0,-0.0,290.9825744628906,0.0,0.0,0.0004718238196801,290.9488830566406,294.1499938964844,282.6224365234375,282.6224365234375,284.5948486328125,282.8017272949219,290.6329345703125,0.0,0.0,0.0,0.0,1.0,1.0,-0.0010064265225082,6.615506809026783e-09,0.0010064198868349,-0.0163836944848299,0.0,0.0,0.0,-0.0080924080684781,60.0,-5.520758628845215,-0.0,-6.905948879420978e-08,0.0,293.1499938964844,293.1499938964844,293.1499938964844,293.1499938964844,293.1499938964844,293.1499938964844,278.1499938964844,0.0,18000.0,313.1499938964844,0.0,18000.0,0.0,0.0,0.0,0.0,0.0,0.0,0.0,0.0,0.0,0.0,-0.0,-0.0,0.0,0.0,0.0,0.0,0.0,-0.0,0.0,0.0,0.0,0.0,0.0,0.0,0.0,0.0,0.0,4.0,0.0,0.0
11926380,297.0765686035156,303.1499938964844,285.1499938964844,0.0,-0.0,290.9804992675781,0.0,0.0,9.436364052817224e-05,297.2153625488281,303.1499938964844,285.1499938964844,0.0,-0.0,290.9805603027344,0.0,0.0,9.936946298694238e-05,297.2278137207031,303.1499938964844,285.1499938964844,0.0,-0.0,290.9805908203125,0.0,0.0,7.339395233429968e-05,297.1224975585937,303.1499938964844,285.1499938964844,0.0,-0.0,290.9805908203125,0.0,0.0,9.93694702629e-05,297.44140625,303.1499938964844,285.1499938964844,0.0,-0.0,290.98052978515625,0.0,0.0,0.0004713659291155,290.9465637207031,294.1499938964844,282.5916442871094,282.5916442871094,284.5594482421875,282.755859375,290.6293640136719,0.0,0.0,0.0,0.0,1.0,1.0,-0.0010054495651274,6.501275962023101e-09,0.0010054430458694,-0.0160844735801219,0.0,0.0,0.0,-0.0080357789993286,60.0,-5.536744594573975,-0.0,-6.892548753967277e-08,0.0,293.1499938964844,293.1499938964844,293.1499938964844,293.1499938964844,293.1499938964844,293.1499938964844,278.1499938964844,0.0,18000.0,313.1499938964844,0.0,18000.0,0.0,0.0,0.0,0.0,0.0,0.0,0.0,0.0,0.0,0.0,-0.0,-0.0,0.0,0.0,0.0,0.0,0.0,-0.0,0.0,0.0,0.0,0.0,0.0,0.0,0.0,0.0,0.0,4.0,0.0,0.0
11926440,297.0765686035156,303.1499938964844,285.1499938964844,0.0,-0.0,290.9804992675781,0.0,0.0,9.436364052817224e-05,297.2153625488281,303.1499938964844,285.1499938964844,0.0,-0.0,290.9805603027344,0.0,0.0,9.936946298694238e-05,297.2278137207031,303.1499938964844,285.1499938964844,0.0,-0.0,290.9805908203125,0.0,0.0,7.339395233429968e-05,297.1224975585937,303.1499938964844,285.1499938964844,0.0,-0.0,290.9805908203125,0.0,0.0,9.93694702629e-05,297.44140625,303.1499938964844,285.1499938964844,0.0,-0.0,290.98052978515625,0.0,0.0,0.0004713659291155,290.9465637207031,294.1499938964844,282.5916442871094,282.5916442871094,284.5594482421875,282.755859375,290.6293640136719,0.0,0.0,0.0,0.0,1.0,1.0,-0.0010054495651274,6.501275962023101e-09,0.0010054430458694,-0.0160844735801219,0.0,0.0,0.0,-0.0080357789993286,60.0,-5.536744594573975,-0.0,-6.892548753967277e-08,0.0,293.1499938964844,293.1499938964844,293.1499938964844,293.1499938964844,293.1499938964844,293.1499938964844,278.1499938964844,0.0,18000.0,313.1499938964844,0.0,18000.0,0.0,0.0,0.0,0.0,0.0,0.0,0.0,0.0,0.0,0.0,-0.0,-0.0,0.0,0.0,0.0,0.0,0.0,-0.0,0.0,0.0,0.0,0.0,0.0,0.0,0.0,0.0,0.0,4.0,0.0,0.0
11926500,297.0761108398437,303.1499938964844,285.1499938964844,0.0,-0.0,290.9794921875,0.0,0.0,9.43201594054699e-05,297.21392822265625,303.1499938964844,285.1499938964844,0.0,-0.0,290.97955322265625,0.0,0.0,9.932368266163394e-05,297.2265319824219,303.1499938964844,285.1499938964844,0.0,-0.0,290.97955322265625,0.0,0.0,7.336013368330896e-05,297.12060546875,303.1499938964844,285.1499938964844,0.0,-0.0,290.97955322265625,0.0,0.0,9.932368266163394e-05,297.4405822753906,303.1499938964844,285.1499938964844,0.0,-0.0,290.9794921875,0.0,0.0,0.0004711487272288,290.9454040527344,294.1499938964844,282.5792541503906,282.5792541503906,284.54180908203125,282.7349548339844,290.6275939941406,0.0,0.0,0.0,0.0,1.0,1.0,-0.0010049861157312,6.447093525707713e-09,0.0010049797128885,-0.0159425437450408,0.0,0.0,0.0,-0.0080089177936315,60.0,-5.542858600616455,-0.0,-6.886197212452316e-08,0.0,293.1499938964844,293.1499938964844,293.1499938964844,293.1499938964844,293.1499938964844,293.1499938964844,278.1499938964844,0.0,18000.0,313.1499938964844,0.0,18000.0,0.0,0.0,0.0,0.0,0.0,0.0,0.0,0.0,0.0,0.0,-0.0,-0.0,0.0,0.0,0.0,0.0,0.0,-0.0,0.0,0.0,0.0,0.0,0.0,0.0,0.0,0.0,0.0,4.0,0.0,0.0
11926560,297.0756225585937,303.1499938964844,285.1499938964844,0.0,-0.0,290.9784545898437,0.0,0.0,9.427833720110355e-05,297.2124938964844,303.1499938964844,285.1499938964844,0.0,-0.0,290.978515625,0.0,0.0,9.927964129019529e-05,297.2252502441406,303.1499938964844,285.1499938964844,0.0,-0.0,290.978515625,0.0,0.0,7.332760287681594e-05,297.1187744140625,303.1499938964844,285.1499938964844,0.0,-0.0,290.978515625,0.0,0.0,9.927964129019529e-05,297.4397888183594,303.1499938964844,285.1499938964844,0.0,-0.0,290.9784851074219,0.0,0.0,0.0004709398199338,290.9442443847656,294.1499938964844,282.56890869140625,282.56890869140625,284.5242614746094,282.7154541015625,290.62579345703125,0.0,0.0,0.0,0.0,1.0,1.0,-0.0010045404778793,6.394974327861291e-09,0.0010045340750366,-0.0158060174435377,0.0,0.0,0.0,-0.0079830801114439,60.0,-5.54768180847168,-0.0,-6.880090097638458e-08,0.0,293.1499938964844,293.1499938964844,293.1499938964844,293.1499938964844,293.1499938964844,293.1499938964844,278.1499938964844,0.0,18000.0,313.1499938964844,0.0,18000.0,0.0,0.0,0.0,0.0,0.0,0.0,0.0,0.0,0.0,0.0,-0.0,-0.0,0.0,0.0,0.0,0.0,0.0,-0.0,0.0,0.0,0.0,0.0,0.0,0.0,0.0,0.0,0.0,4.0,0.0,0.0
11926620,297.0747375488281,303.1499938964844,285.1499938964844,0.0,-0.0,290.97637939453125,0.0,0.0,9.419946582056582e-05,297.209716796875,303.1499938964844,285.1499938964844,0.0,-0.0,290.9764404296875,0.0,0.0,9.919657895807175e-05,297.2227783203125,303.1499938964844,285.1499938964844,0.0,-0.0,290.9764709472656,0.0,0.0,7.326625927817076e-05,297.1153564453125,303.1499938964844,285.1499938964844,0.0,-0.0,290.9764404296875,0.0,0.0,9.919657895807175e-05,297.438232421875,303.1499938964844,285.1499938964844,0.0,-0.0,290.9764099121094,0.0,0.0,0.0004705458413809,290.9419250488281,294.1499938964844,282.5548400878906,282.5548400878906,284.4894104003906,282.6806640625,290.6221618652344,0.0,0.0,0.0,0.0,1.0,1.0,-0.0010036998428404,6.296681842599128e-09,0.001003693556413,-0.0155485393479466,0.0,0.0,0.0,-0.0079343523830175,60.0,-5.5534186363220215,-0.0,-6.868580726404616e-08,0.0,293.1499938964844,293.1499938964844,293.1499938964844,293.1499938964844,293.1499938964844,293.1499938964844,278.1499938964844,0.0,18000.0,313.1499938964844,0.0,18000.0,0.0,0.0,0.0,0.0,0.0,0.0,0.0,0.0,0.0,0.0,-0.0,-0.0,0.0,0.0,0.0,0.0,0.0,-0.0,0.0,0.0,0.0,0.0,0.0,0.0,0.0,0.0,0.0,4.0,0.0,0.0
11926680,297.0747375488281,303.1499938964844,285.1499938964844,0.0,-0.0,290.97637939453125,0.0,0.0,9.419946582056582e-05,297.209716796875,303.1499938964844,285.1499938964844,0.0,-0.0,290.9764404296875,0.0,0.0,9.919657895807175e-05,297.2227783203125,303.1499938964844,285.1499938964844,0.0,-0.0,290.9764709472656,0.0,0.0,7.326625927817076e-05,297.1153564453125,303.1499938964844,285.1499938964844,0.0,-0.0,290.9764404296875,0.0,0.0,9.919657895807175e-05,297.438232421875,303.1499938964844,285.1499938964844,0.0,-0.0,290.9764099121094,0.0,0.0,0.0004705458413809,290.9419250488281,294.1499938964844,282.5548400878906,282.5548400878906,284.4894104003906,282.6806640625,290.6221618652344,0.0,0.0,0.0,0.0,1.0,1.0,-0.0010036998428404,6.296681842599128e-09,0.001003693556413,-0.0155485393479466,0.0,0.0,0.0,-0.0079343523830175,60.0,-5.5534186363220215,-0.0,-6.868580726404616e-08,0.0,293.1499938964844,293.1499938964844,293.1499938964844,293.1499938964844,293.1499938964844,293.1499938964844,278.1499938964844,0.0,18000.0,313.1499938964844,0.0,18000.0,0.0,0.0,0.0,0.0,0.0,0.0,0.0,0.0,0.0,0.0,-0.0,-0.0,0.0,0.0,0.0,0.0,0.0,-0.0,0.0,0.0,0.0,0.0,0.0,0.0,0.0,0.0,0.0,4.0,0.0,0.0
11926740,297.0739440917969,303.1499938964844,285.1499938964844,0.0,-0.0,290.97430419921875,0.0,0.0,9.412713552592322e-05,297.20703125,303.1499938964844,285.1499938964844,0.0,-0.0,290.974365234375,0.0,0.0,9.912042150972412e-05,297.22039794921875,303.1499938964844,285.1499938964844,0.0,-0.0,290.9743957519531,0.0,0.0,7.321000884985551e-05,297.1122436523437,303.1499938964844,285.1499938964844,0.0,-0.0,290.974365234375,0.0,0.0,9.912042150972412e-05,297.4367370605469,303.1499938964844,285.1499938964844,0.0,-0.0,290.9743347167969,0.0,0.0,0.0004701845464296,290.9395751953125,294.1499938964844,282.54998779296875,282.54998779296875,284.455078125,282.6522216796875,290.6185302734375,0.0,0.0,0.0,0.0,1.0,1.0,-0.0010029289405792,6.206549496567959e-09,0.0010029227705672,-0.0153124341741204,0.0,0.0,0.0,-0.0078896693885326,60.0,-5.553311347961426,-0.0,-6.858034851120466e-08,0.0,293.1499938964844,293.1499938964844,293.1499938964844,293.1499938964844,293.1499938964844,293.1499938964844,278.1499938964844,0.0,18000.0,313.1499938964844,0.0,18000.0,0.0,0.0,0.0,0.0,0.0,0.0,0.0,0.0,0.0,0.0,-0.0,-0.0,0.0,0.0,0.0,0.0,0.0,-0.0,0.0,0.0,0.0,0.0,0.0,0.0,0.0,0.0,0.0,4.0,0.0,0.0
11926800,297.0739440917969,303.1499938964844,285.1499938964844,0.0,-0.0,290.97430419921875,0.0,0.0,9.412713552592322e-05,297.20703125,303.1499938964844,285.1499938964844,0.0,-0.0,290.974365234375,0.0,0.0,9.912042150972412e-05,297.22039794921875,303.1499938964844,285.1499938964844,0.0,-0.0,290.9743957519531,0.0,0.0,7.321000884985551e-05,297.1122436523437,303.1499938964844,285.1499938964844,0.0,-0.0,290.974365234375,0.0,0.0,9.912042150972412e-05,297.4367370605469,303.1499938964844,285.1499938964844,0.0,-0.0,290.9743347167969,0.0,0.0,0.0004701845464296,290.9395751953125,294.1499938964844,282.54998779296875,282.54998779296875,284.455078125,282.6522216796875,290.6185302734375,0.0,0.0,0.0,0.0,1.0,1.0,-0.0010029289405792,6.206549496567959e-09,0.0010029227705672,-0.0153124341741204,0.0,0.0,0.0,-0.0078896693885326,60.0,-5.553311347961426,-0.0,-6.858034851120466e-08,0.0,293.1499938964844,293.1499938964844,293.1499938964844,293.1499938964844,293.1499938964844,293.1499938964844,278.1499938964844,0.0,18000.0,313.1499938964844,0.0,18000.0,0.0,0.0,0.0,0.0,0.0,0.0,0.0,0.0,0.0,0.0,-0.0,-0.0,0.0,0.0,0.0,0.0,0.0,-0.0,0.0,0.0,0.0,0.0,0.0,0.0,0.0,0.0,0.0,4.0,0.0,0.0
11926860,297.0731811523437,303.1499938964844,285.1499938964844,0.0,-0.0,290.97222900390625,0.0,0.0,9.406552999280392e-05,297.2044372558594,303.1499938964844,285.1499938964844,0.0,-0.0,290.9722900390625,0.0,0.0,9.905554179567844e-05,297.21807861328125,303.1499938964844,285.1499938964844,0.0,-0.0,290.9722900390625,0.0,0.0,7.31620893930085e-05,297.1095275878906,303.1499938964844,285.1499938964844,0.0,-0.0,290.9722900390625,0.0,0.0,9.905554179567844e-05,297.435302734375,303.1499938964844,285.1499938964844,0.0,-0.0,290.9722595214844,0.0,0.0,0.0004698768025264,290.9372253417969,294.1499938964844,282.54998779296875,282.5440368652344,284.4212951660156,282.6298828125,290.6148986816406,0.0,0.0,0.0,0.0,1.0,1.0,-0.0010022723581641,6.129770024898562e-09,0.0010022661881521,-0.0151113048195838,0.0,0.0,0.0,-0.0078516062349081,60.0,-5.548825740814209,-0.0,-6.849057854196873e-08,0.0,293.1499938964844,293.1499938964844,293.1499938964844,293.1499938964844,293.1499938964844,293.1499938964844,278.1499938964844,0.0,18000.0,313.1499938964844,0.0,18000.0,0.0,0.0,0.0,0.0,0.0,0.0,0.0,0.0,0.0,0.0,-0.0,-0.0,0.0,0.0,0.0,0.0,0.0,-0.0,0.0,0.0,0.0,0.0,0.0,0.0,0.0,0.0,0.0,4.0,0.0,0.0
11926920,297.0731811523437,303.1499938964844,285.1499938964844,0.0,-0.0,290.97222900390625,0.0,0.0,9.406552999280392e-05,297.2044372558594,303.1499938964844,285.1499938964844,0.0,-0.0,290.9722900390625,0.0,0.0,9.905554179567844e-05,297.21807861328125,303.1499938964844,285.1499938964844,0.0,-0.0,290.9722900390625,0.0,0.0,7.31620893930085e-05,297.1095275878906,303.1499938964844,285.1499938964844,0.0,-0.0,290.9722900390625,0.0,0.0,9.905554179567844e-05,297.435302734375,303.1499938964844,285.1499938964844,0.0,-0.0,290.9722595214844,0.0,0.0,0.0004698768025264,290.9372253417969,294.1499938964844,282.54998779296875,282.5440368652344,284.4212951660156,282.6298828125,290.6148986816406,0.0,0.0,0.0,0.0,1.0,1.0,-0.0010022723581641,6.129770024898562e-09,0.0010022661881521,-0.0151113048195838,0.0,0.0,0.0,-0.0078516062349081,60.0,-5.548825740814209,-0.0,-6.849057854196873e-08,0.0,293.1499938964844,293.1499938964844,293.1499938964844,293.1499938964844,293.1499938964844,293.1499938964844,278.1499938964844,0.0,18000.0,313.1499938964844,0.0,18000.0,0.0,0.0,0.0,0.0,0.0,0.0,0.0,0.0,0.0,0.0,-0.0,-0.0,0.0,0.0,0.0,0.0,0.0,-0.0,0.0,0.0,0.0,0.0,0.0,0.0,0.0,0.0,0.0,4.0,0.0,0.0
11926980,297.0723571777344,303.1499938964844,285.1499938964844,0.0,-0.0,290.9701538085937,0.0,0.0,9.401868737768382e-05,297.20196533203125,303.1499938964844,285.1499938964844,0.0,-0.0,290.97021484375,0.0,0.0,9.900621807901187e-05,297.21588134765625,303.1499938964844,285.1499938964844,0.0,-0.0,290.97021484375,0.0,0.0,7.312565867323428e-05,297.1072998046875,303.1499938964844,285.1499938964844,0.0,-0.0,290.97021484375,0.0,0.0,9.900621807901187e-05,297.4339294433594,303.1499938964844,285.1499938964844,0.0,-0.0,290.9701538085937,0.0,0.0,0.0004696428368333,290.93487548828125,294.1499938964844,282.54998779296875,282.5370788574219,284.3882141113281,282.6128845214844,290.6112060546875,0.0,0.0,0.0,0.0,1.0,1.0,-0.0010017730528488,6.071388725104043e-09,0.0010017668828368,-0.0149583704769611,0.0,0.0,0.0,-0.0078226644545793,60.0,-5.543431282043457,-0.0,-6.84223593339084e-08,0.0,293.1499938964844,293.1499938964844,293.1499938964844,293.1499938964844,293.1499938964844,293.1499938964844,278.1499938964844,0.0,18000.0,313.1499938964844,0.0,18000.0,0.0,0.0,0.0,0.0,0.0,0.0,0.0,0.0,0.0,0.0,-0.0,-0.0,0.0,0.0,0.0,0.0,0.0,-0.0,0.0,0.0,0.0,0.0,0.0,0.0,0.0,0.0,0.0,4.0,0.0,0.0
11927040,297.0723571777344,303.1499938964844,285.1499938964844,0.0,-0.0,290.9701538085937,0.0,0.0,9.401868737768382e-05,297.20196533203125,303.1499938964844,285.1499938964844,0.0,-0.0,290.97021484375,0.0,0.0,9.900621807901187e-05,297.21588134765625,303.1499938964844,285.1499938964844,0.0,-0.0,290.97021484375,0.0,0.0,7.312565867323428e-05,297.1072998046875,303.1499938964844,285.1499938964844,0.0,-0.0,290.97021484375,0.0,0.0,9.900621807901187e-05,297.4339294433594,303.1499938964844,285.1499938964844,0.0,-0.0,290.9701538085937,0.0,0.0,0.0004696428368333,290.93487548828125,294.1499938964844,282.54998779296875,282.5370788574219,284.3882141113281,282.6128845214844,290.6112060546875,0.0,0.0,0.0,0.0,1.0,1.0,-0.0010017730528488,6.071388725104043e-09,0.0010017668828368,-0.0149583704769611,0.0,0.0,0.0,-0.0078226644545793,60.0,-5.543431282043457,-0.0,-6.84223593339084e-08,0.0,293.1499938964844,293.1499938964844,293.1499938964844,293.1499938964844,293.1499938964844,293.1499938964844,278.1499938964844,0.0,18000.0,313.1499938964844,0.0,18000.0,0.0,0.0,0.0,0.0,0.0,0.0,0.0,0.0,0.0,0.0,-0.0,-0.0,0.0,0.0,0.0,0.0,0.0,-0.0,0.0,0.0,0.0,0.0,0.0,0.0,0.0,0.0,0.0,4.0,0.0,0.0
11927100,297.0718994140625,303.1499938964844,285.1499938964844,0.0,-0.0,290.9690856933594,0.0,0.0,9.399937698617578e-05,297.20074462890625,303.1499938964844,285.1499938964844,0.0,-0.0,290.9691467285156,0.0,0.0,9.898588177748024e-05,297.2147827148437,303.1499938964844,285.1499938964844,0.0,-0.0,290.9691772460937,0.0,0.0,7.3110633820761e-05,297.1063842773437,303.1499938964844,285.1499938964844,0.0,-0.0,290.9691467285156,0.0,0.0,9.898588177748024e-05,297.43328857421875,303.1499938964844,285.1499938964844,0.0,-0.0,290.9691162109375,0.0,0.0,0.0004695463576354,290.9336853027344,294.1499938964844,282.54998779296875,282.5332336425781,284.37188720703125,282.60577392578125,290.609375,0.0,0.0,0.0,0.0,1.0,1.0,-0.0010015671141445,6.04731731357333e-09,0.0010015610605478,-0.0148953115567564,0.0,0.0,0.0,-0.0078107304871082,60.0,-5.540850639343262,-0.0,-6.8394236052427e-08,0.0,293.1499938964844,293.1499938964844,293.1499938964844,293.1499938964844,293.1499938964844,293.1499938964844,278.1499938964844,0.0,18000.0,313.1499938964844,0.0,18000.0,0.0,0.0,0.0,0.0,0.0,0.0,0.0,0.0,0.0,0.0,-0.0,-0.0,0.0,0.0,0.0,0.0,0.0,-0.0,0.0,0.0,0.0,0.0,0.0,0.0,0.0,0.0,0.0,4.0,0.0,0.0
11927160,297.0714111328125,303.1499938964844,285.1499938964844,0.0,-0.0,290.9680480957031,0.0,0.0,9.398355905432254e-05,297.19952392578125,303.1499938964844,285.1499938964844,0.0,-0.0,290.9681091308594,0.0,0.0,9.896921983454376e-05,297.2137145996094,303.1499938964844,285.1499938964844,0.0,-0.0,290.9681091308594,0.0,0.0,7.309833017643541e-05,297.1055908203125,303.1499938964844,285.1499938964844,0.0,-0.0,290.9681091308594,0.0,0.0,9.896922711050138e-05,297.43267822265625,303.1499938964844,285.1499938964844,0.0,-0.0,290.9680480957031,0.0,0.0,0.0004694673407357,290.9324951171875,294.1499938964844,282.54998779296875,282.5291442871094,284.3556823730469,282.5995178222656,290.6075134277344,0.0,0.0,0.0,0.0,1.0,1.0,-0.0010013984283432,6.027600196745197e-09,0.0010013924911618,-0.0148436613380908,0.0,0.0,0.0,-0.0078009557910263,60.0,-5.538445949554443,-0.0,-6.837121446778839e-08,0.0,293.1499938964844,293.1499938964844,293.1499938964844,293.1499938964844,293.1499938964844,293.1499938964844,278.1499938964844,0.0,18000.0,313.1499938964844,0.0,18000.0,0.0,0.0,0.0,0.0,0.0,0.0,0.0,0.0,0.0,0.0,-0.0,-0.0,0.0,0.0,0.0,0.0,0.0,-0.0,0.0,0.0,0.0,0.0,0.0,0.0,0.0,0.0,0.0,4.0,0.0,0.0
11927220,297.07037353515625,303.1499938964844,285.1499938964844,0.0,-0.0,290.9659423828125,0.0,0.0,9.39597375690937e-05,297.1972045898437,303.1499938964844,285.1499938964844,0.0,-0.0,290.96600341796875,0.0,0.0,9.894413233269006e-05,297.21160888671875,303.1499938964844,285.1499938964844,0.0,-0.0,290.96600341796875,0.0,0.0,7.30798055883497e-05,297.10430908203125,303.1499938964844,285.1499938964844,0.0,-0.0,290.96600341796875,0.0,0.0,9.894413233269006e-05,297.43145751953125,303.1499938964844,285.1499938964844,0.0,-0.0,290.9659423828125,0.0,0.0,0.0004693483351729,290.9301147460937,294.1499938964844,282.54998779296875,282.5203552246094,284.32373046875,282.58892822265625,290.6037902832031,0.0,0.0,0.0,0.0,1.0,1.0,-0.001001144410111,5.997895957676746e-09,0.0010011383565142,-0.0147658474743366,0.0,0.0,0.0,-0.0077862301841378,60.0,-5.534084796905518,-0.0,-6.833652577142858e-08,0.0,293.1499938964844,293.1499938964844,293.1499938964844,293.1499938964844,293.1499938964844,293.1499938964844,278.1499938964844,0.0,18000.0,313.1499938964844,0.0,18000.0,0.0,0.0,0.0,0.0,0.0,0.0,0.0,0.0,0.0,0.0,-0.0,-0.0,0.0,0.0,0.0,0.0,0.0,-0.0,0.0,0.0,0.0,0.0,0.0,0.0,0.0,0.0,0.0,4.0,0.0,0.0
11927280,297.07037353515625,303.1499938964844,285.1499938964844,0.0,-0.0,290.9659423828125,0.0,0.0,9.39597375690937e-05,297.1972045898437,303.1499938964844,285.1499938964844,0.0,-0.0,290.96600341796875,0.0,0.0,9.894413233269006e-05,297.21160888671875,303.1499938964844,285.1499938964844,0.0,-0.0,290.96600341796875,0.0,0.0,7.30798055883497e-05,297.10430908203125,303.1499938964844,285.1499938964844,0.0,-0.0,290.96600341796875,0.0,0.0,9.894413233269006e-05,297.43145751953125,303.1499938964844,285.1499938964844,0.0,-0.0,290.9659423828125,0.0,0.0,0.0004693483351729,290.9301147460937,294.1499938964844,282.54998779296875,282.5203552246094,284.32373046875,282.58892822265625,290.6037902832031,0.0,0.0,0.0,0.0,1.0,1.0,-0.001001144410111,5.997895957676746e-09,0.0010011383565142,-0.0147658474743366,0.0,0.0,0.0,-0.0077862301841378,60.0,-5.534084796905518,-0.0,-6.833652577142858e-08,0.0,293.1499938964844,293.1499938964844,293.1499938964844,293.1499938964844,293.1499938964844,293.1499938964844,278.1499938964844,0.0,18000.0,313.1499938964844,0.0,18000.0,0.0,0.0,0.0,0.0,0.0,0.0,0.0,0.0,0.0,0.0,-0.0,-0.0,0.0,0.0,0.0,0.0,0.0,-0.0,0.0,0.0,0.0,0.0,0.0,0.0,0.0,0.0,0.0,4.0,0.0,0.0
11927340,297.06915283203125,303.1499938964844,285.1499938964844,0.0,-0.0,290.9638061523437,0.0,0.0,9.394646622240543e-05,297.1949157714844,303.1499938964844,285.1499938964844,0.0,-0.0,290.9638671875,0.0,0.0,9.893016249407084e-05,297.20953369140625,303.1499938964844,285.1499938964844,0.0,-0.0,290.9638977050781,0.0,0.0,7.306948828045279e-05,297.10357666015625,303.1499938964844,285.1499938964844,0.0,-0.0,290.9638671875,0.0,0.0,9.893016977002844e-05,297.4303283691406,303.1499938964844,285.1499938964844,0.0,-0.0,290.9638366699219,0.0,0.0,0.000469282065751,290.927734375,294.1499938964844,282.54998779296875,282.5107727050781,284.2923889160156,282.580810546875,290.6000671386719,0.0,0.0,0.0,0.0,1.0,1.0,-0.0010010028490796,5.981348749628523e-09,0.0010009969118982,-0.0147225009277462,0.0,0.0,0.0,-0.0077780270949006,60.0,-5.530392646789551,-0.0,-6.831721321987061e-08,0.0,293.1499938964844,293.1499938964844,293.1499938964844,293.1499938964844,293.1499938964844,293.1499938964844,278.1499938964844,0.0,18000.0,313.1499938964844,0.0,18000.0,0.0,0.0,0.0,0.0,0.0,0.0,0.0,0.0,0.0,0.0,-0.0,-0.0,0.0,0.0,0.0,0.0,0.0,-0.0,0.0,0.0,0.0,0.0,0.0,0.0,0.0,0.0,0.0,4.0,0.0,0.0
11927400,297.06915283203125,303.1499938964844,285.1499938964844,0.0,-0.0,290.9638061523437,0.0,0.0,9.394646622240543e-05,297.1949157714844,303.1499938964844,285.1499938964844,0.0,-0.0,290.9638671875,0.0,0.0,9.893016249407084e-05,297.20953369140625,303.1499938964844,285.1499938964844,0.0,-0.0,290.9638977050781,0.0,0.0,7.306948828045279e-05,297.10357666015625,303.1499938964844,285.1499938964844,0.0,-0.0,290.9638671875,0.0,0.0,9.893016977002844e-05,297.4303283691406,303.1499938964844,285.1499938964844,0.0,-0.0,290.9638366699219,0.0,0.0,0.000469282065751,290.927734375,294.1499938964844,282.54998779296875,282.5107727050781,284.2923889160156,282.580810546875,290.6000671386719,0.0,0.0,0.0,0.0,1.0,1.0,-0.0010010028490796,5.981348749628523e-09,0.0010009969118982,-0.0147225009277462,0.0,0.0,0.0,-0.0077780270949006,60.0,-5.530392646789551,-0.0,-6.831721321987061e-08,0.0,293.1499938964844,293.1499938964844,293.1499938964844,293.1499938964844,293.1499938964844,293.1499938964844,278.1499938964844,0.0,18000.0,313.1499938964844,0.0,18000.0,0.0,0.0,0.0,0.0,0.0,0.0,0.0,0.0,0.0,0.0,-0.0,-0.0,0.0,0.0,0.0,0.0,0.0,-0.0,0.0,0.0,0.0,0.0,0.0,0.0,0.0,0.0,0.0,4.0,0.0,0.0
11927460,297.06787109375,303.1499938964844,285.1499938964844,0.0,-0.0,290.9617004394531,0.0,0.0,9.394139487994836e-05,297.1926574707031,303.1499938964844,285.1499938964844,0.0,-0.0,290.9617614746094,0.0,0.0,9.892482194118202e-05,297.2074890136719,303.1499938964844,285.1499938964844,0.0,-0.0,290.9617614746094,0.0,0.0,7.306553743546829e-05,297.1032409667969,303.1499938964844,285.1499938964844,0.0,-0.0,290.9617614746094,0.0,0.0,9.892482921713965e-05,297.4292297363281,303.1499938964844,285.1499938964844,0.0,-0.0,290.9617004394531,0.0,0.0,0.0004692567454185,290.92535400390625,294.1499938964844,282.54998779296875,282.5004577636719,284.26153564453125,282.57421875,290.5963134765625,0.0,0.0,0.0,0.0,1.0,1.0,-0.0010009485995396,5.9750098202471236e-09,0.0010009426623582,-0.0147058945149183,0.0,0.0,0.0,-0.0077748843468725,60.0,-5.5271711349487305,-0.0,-6.830980936456399e-08,0.0,293.1499938964844,293.1499938964844,293.1499938964844,293.1499938964844,293.1499938964844,293.1499938964844,278.1499938964844,0.0,18000.0,313.1499938964844,0.0,18000.0,0.0,0.0,0.0,0.0,0.0,0.0,0.0,0.0,0.0,0.0,-0.0,-0.0,0.0,0.0,0.0,0.0,0.0,-0.0,0.0,0.0,0.0,0.0,0.0,0.0,0.0,0.0,0.0,4.0,0.0,0.0
11927520,297.06787109375,303.1499938964844,285.1499938964844,0.0,-0.0,290.9617004394531,0.0,0.0,9.394139487994836e-05,297.1926574707031,303.1499938964844,285.1499938964844,0.0,-0.0,290.9617614746094,0.0,0.0,9.892482194118202e-05,297.2074890136719,303.1499938964844,285.1499938964844,0.0,-0.0,290.9617614746094,0.0,0.0,7.306553743546829e-05,297.1032409667969,303.1499938964844,285.1499938964844,0.0,-0.0,290.9617614746094,0.0,0.0,9.892482921713965e-05,297.4292297363281,303.1499938964844,285.1499938964844,0.0,-0.0,290.9617004394531,0.0,0.0,0.0004692567454185,290.92535400390625,294.1499938964844,282.54998779296875,282.5004577636719,284.26153564453125,282.57421875,290.5963134765625,0.0,0.0,0.0,0.0,1.0,1.0,-0.0010009485995396,5.9750098202471236e-09,0.0010009426623582,-0.0147058945149183,0.0,0.0,0.0,-0.0077748843468725,60.0,-5.5271711349487305,-0.0,-6.830980936456399e-08,0.0,293.1499938964844,293.1499938964844,293.1499938964844,293.1499938964844,293.1499938964844,293.1499938964844,278.1499938964844,0.0,18000.0,313.1499938964844,0.0,18000.0,0.0,0.0,0.0,0.0,0.0,0.0,0.0,0.0,0.0,0.0,-0.0,-0.0,0.0,0.0,0.0,0.0,0.0,-0.0,0.0,0.0,0.0,0.0,0.0,0.0,0.0,0.0,0.0,4.0,0.0,0.0
11927580,297.0664367675781,303.1499938964844,285.1499938964844,0.0,-0.0,290.9595642089844,0.0,0.0,9.394473454449326e-05,297.19049072265625,303.1499938964844,285.1499938964844,0.0,-0.0,290.9595947265625,0.0,0.0,9.892833622870968e-05,297.2055053710937,303.1499938964844,285.1499938964844,0.0,-0.0,290.9596252441406,0.0,0.0,7.306813495233655e-05,297.1033630371094,303.1499938964844,285.1499938964844,0.0,-0.0,290.9596252441406,0.0,0.0,9.892833622870968e-05,297.42822265625,303.1499938964844,285.1499938964844,0.0,-0.0,290.9595642089844,0.0,0.0,0.0004692733928095,290.9229431152344,294.1499938964844,282.54998779296875,282.4894714355469,284.2312927246094,282.5691223144531,290.5925598144531,0.0,0.0,0.0,0.0,1.0,1.0,-0.0010009839897975,5.979142958523198e-09,0.0010009779362007,-0.0147167211398482,0.0,0.0,0.0,-0.0077769327908754,60.0,-5.524499893188477,-0.0,-6.83146339497398e-08,0.0,293.1499938964844,293.1499938964844,293.1499938964844,293.1499938964844,293.1499938964844,293.1499938964844,278.1499938964844,0.0,18000.0,313.1499938964844,0.0,18000.0,0.0,0.0,0.0,0.0,0.0,0.0,0.0,0.0,0.0,0.0,-0.0,-0.0,0.0,0.0,0.0,0.0,0.0,-0.0,0.0,0.0,0.0,0.0,0.0,0.0,0.0,0.0,0.0,4.0,0.0,0.0
11927640,297.0664367675781,303.1499938964844,285.1499938964844,0.0,-0.0,290.9595642089844,0.0,0.0,9.394473454449326e-05,297.19049072265625,303.1499938964844,285.1499938964844,0.0,-0.0,290.9595947265625,0.0,0.0,9.892833622870968e-05,297.2055053710937,303.1499938964844,285.1499938964844,0.0,-0.0,290.9596252441406,0.0,0.0,7.306813495233655e-05,297.1033630371094,303.1499938964844,285.1499938964844,0.0,-0.0,290.9596252441406,0.0,0.0,9.892833622870968e-05,297.42822265625,303.1499938964844,285.1499938964844,0.0,-0.0,290.9595642089844,0.0,0.0,0.0004692733928095,290.9229431152344,294.1499938964844,282.54998779296875,282.4894714355469,284.2312927246094,282.5691223144531,290.5925598144531,0.0,0.0,0.0,0.0,1.0,1.0,-0.0010009839897975,5.979142958523198e-09,0.0010009779362007,-0.0147167211398482,0.0,0.0,0.0,-0.0077769327908754,60.0,-5.524499893188477,-0.0,-6.83146339497398e-08,0.0,293.1499938964844,293.1499938964844,293.1499938964844,293.1499938964844,293.1499938964844,293.1499938964844,278.1499938964844,0.0,18000.0,313.1499938964844,0.0,18000.0,0.0,0.0,0.0,0.0,0.0,0.0,0.0,0.0,0.0,0.0,-0.0,-0.0,0.0,0.0,0.0,0.0,0.0,-0.0,0.0,0.0,0.0,0.0,0.0,0.0,0.0,0.0,0.0,4.0,0.0,0.0
11927700,297.0657043457031,303.1499938964844,285.1499938964844,0.0,-0.0,290.95849609375,0.0,0.0,9.394883818458766e-05,297.1893920898437,303.1499938964844,285.1499938964844,0.0,-0.0,290.9585266113281,0.0,0.0,9.893266542349012e-05,297.2044982910156,303.1499938964844,285.1499938964844,0.0,-0.0,290.95855712890625,0.0,0.0,7.307132909772918e-05,297.1035461425781,303.1499938964844,285.1499938964844,0.0,-0.0,290.9585266113281,0.0,0.0,9.893266542349012e-05,297.4277648925781,303.1499938964844,285.1499938964844,0.0,-0.0,290.95849609375,0.0,0.0,0.0004692939401138,290.9217529296875,294.1499938964844,282.54998779296875,282.4837646484375,284.21636962890625,282.5669860839844,290.5906677246094,0.0,0.0,0.0,0.0,1.0,1.0,-0.0010010276455432,5.984254425328572e-09,0.0010010215919464,-0.014730111695826,0.0,0.0,0.0,-0.0077794669196009,60.0,-5.52331018447876,-0.0,-6.83206025087202e-08,0.0,293.1499938964844,293.1499938964844,293.1499938964844,293.1499938964844,293.1499938964844,293.1499938964844,278.1499938964844,0.0,18000.0,313.1499938964844,0.0,18000.0,0.0,0.0,0.0,0.0,0.0,0.0,0.0,0.0,0.0,0.0,-0.0,-0.0,0.0,0.0,0.0,0.0,0.0,-0.0,0.0,0.0,0.0,0.0,0.0,0.0,0.0,0.0,0.0,4.0,0.0,0.0
11927760,297.06494140625,303.1499938964844,285.1499938964844,0.0,-0.0,290.9573974609375,0.0,0.0,9.395469533046708e-05,297.1883239746094,303.1499938964844,285.1499938964844,0.0,-0.0,290.9574584960937,0.0,0.0,9.893882815958932e-05,297.2035217285156,303.1499938964844,285.1499938964844,0.0,-0.0,290.9574584960937,0.0,0.0,7.307588384719566e-05,297.10382080078125,303.1499938964844,285.1499938964844,0.0,-0.0,290.9574584960937,0.0,0.0,9.893882815958932e-05,297.4272766113281,303.1499938964844,285.1499938964844,0.0,-0.0,290.9574279785156,0.0,0.0,0.0004693231603596,290.9205627441406,294.1499938964844,282.54998779296875,282.4779052734375,284.2015686035156,282.5650939941406,290.5887756347656,0.0,0.0,0.0,0.0,1.0,1.0,-0.0010010899277403,5.991535712013274e-09,0.0010010838741436,-0.0147491861134767,0.0,0.0,0.0,-0.0077830767259001,60.0,-5.522226333618164,-0.0,-6.832910059983989e-08,0.0,293.1499938964844,293.1499938964844,293.1499938964844,293.1499938964844,293.1499938964844,293.1499938964844,278.1499938964844,0.0,18000.0,313.1499938964844,0.0,18000.0,0.0,0.0,0.0,0.0,0.0,0.0,0.0,0.0,0.0,0.0,-0.0,-0.0,0.0,0.0,0.0,0.0,0.0,-0.0,0.0,0.0,0.0,0.0,0.0,0.0,0.0,0.0,0.0,4.0,0.0,0.0
11927820,297.0633850097656,303.1499938964844,285.1499938964844,0.0,-0.0,290.95526123046875,0.0,0.0,9.397057146998122e-05,297.1861877441406,303.1499938964844,285.1499938964844,0.0,-0.0,290.9552917480469,0.0,0.0,9.895554831018671e-05,297.2015686035156,303.1499938964844,285.1499938964844,0.0,-0.0,290.955322265625,0.0,0.0,7.308823114726692e-05,297.1046142578125,303.1499938964844,285.1499938964844,0.0,-0.0,290.9552917480469,0.0,0.0,9.895554831018671e-05,297.4263916015625,303.1499938964844,285.1499938964844,0.0,-0.0,290.95526123046875,0.0,0.0,0.0004694024974014,290.9181213378906,294.1499938964844,282.54998779296875,282.4658508300781,284.1723327636719,282.5618896484375,290.5849914550781,0.0,0.0,0.0,0.0,1.0,1.0,-0.0010012589627876,6.011300346386861e-09,0.0010012529091909,-0.0148009629920125,0.0,0.0,0.0,-0.0077928747050464,60.0,-5.520312786102295,-0.0,-6.835217902789736e-08,0.0,293.1499938964844,293.1499938964844,293.1499938964844,293.1499938964844,293.1499938964844,293.1499938964844,278.1499938964844,0.0,18000.0,313.1499938964844,0.0,18000.0,0.0,0.0,0.0,0.0,0.0,0.0,0.0,0.0,0.0,0.0,-0.0,-0.0,0.0,0.0,0.0,0.0,0.0,-0.0,0.0,0.0,0.0,0.0,0.0,0.0,0.0,0.0,0.0,4.0,0.0,0.0
11927880,297.0633850097656,303.1499938964844,285.1499938964844,0.0,-0.0,290.95526123046875,0.0,0.0,9.397057146998122e-05,297.1861877441406,303.1499938964844,285.1499938964844,0.0,-0.0,290.9552917480469,0.0,0.0,9.895554831018671e-05,297.2015686035156,303.1499938964844,285.1499938964844,0.0,-0.0,290.955322265625,0.0,0.0,7.308823114726692e-05,297.1046142578125,303.1499938964844,285.1499938964844,0.0,-0.0,290.9552917480469,0.0,0.0,9.895554831018671e-05,297.4263916015625,303.1499938964844,285.1499938964844,0.0,-0.0,290.95526123046875,0.0,0.0,0.0004694024974014,290.9181213378906,294.1499938964844,282.54998779296875,282.4658508300781,284.1723327636719,282.5618896484375,290.5849914550781,0.0,0.0,0.0,0.0,1.0,1.0,-0.0010012589627876,6.011300346386861e-09,0.0010012529091909,-0.0148009629920125,0.0,0.0,0.0,-0.0077928747050464,60.0,-5.520312786102295,-0.0,-6.835217902789736e-08,0.0,293.1499938964844,293.1499938964844,293.1499938964844,293.1499938964844,293.1499938964844,293.1499938964844,278.1499938964844,0.0,18000.0,313.1499938964844,0.0,18000.0,0.0,0.0,0.0,0.0,0.0,0.0,0.0,0.0,0.0,0.0,-0.0,-0.0,0.0,0.0,0.0,0.0,0.0,-0.0,0.0,0.0,0.0,0.0,0.0,0.0,0.0,0.0,0.0,4.0,0.0,0.0
11927940,297.0617980957031,303.1499938964844,285.1499938964844,0.0,-0.0,290.9530944824219,0.0,0.0,9.399140981258824e-05,297.1841125488281,303.1499938964844,285.1499938964844,0.0,-0.0,290.953125,0.0,0.0,9.897748532239348e-05,297.1996459960937,303.1499938964844,285.1499938964844,0.0,-0.0,290.9531555175781,0.0,0.0,7.310443470487371e-05,297.105712890625,303.1499938964844,285.1499938964844,0.0,-0.0,290.953125,0.0,0.0,9.897749259835108e-05,297.425537109375,303.1499938964844,285.1499938964844,0.0,-0.0,290.9530944824219,0.0,0.0,0.0004695065435953,290.91571044921875,294.1499938964844,282.54998779296875,282.4533386230469,284.1436767578125,282.55938720703125,290.5811767578125,0.0,0.0,0.0,0.0,1.0,1.0,-0.0010014807339757,6.037239153044993e-09,0.001001474680379,-0.0148689122870564,0.0,0.0,0.0,-0.0078057339414954,60.0,-5.518721580505371,-0.0,-6.838246946472283e-08,0.0,293.1499938964844,293.1499938964844,293.1499938964844,293.1499938964844,293.1499938964844,293.1499938964844,278.1499938964844,0.0,18000.0,313.1499938964844,0.0,18000.0,0.0,0.0,0.0,0.0,0.0,0.0,0.0,0.0,0.0,0.0,-0.0,-0.0,0.0,0.0,0.0,0.0,0.0,-0.0,0.0,0.0,0.0,0.0,0.0,0.0,0.0,0.0,0.0,4.0,0.0,0.0
11928000,297.0617980957031,303.1499938964844,285.1499938964844,0.0,-0.0,290.9530944824219,0.0,0.0,9.399140981258824e-05,297.1841125488281,303.1499938964844,285.1499938964844,0.0,-0.0,290.953125,0.0,0.0,9.897748532239348e-05,297.1996459960937,303.1499938964844,285.1499938964844,0.0,-0.0,290.9531555175781,0.0,0.0,7.310443470487371e-05,297.105712890625,303.1499938964844,285.1499938964844,0.0,-0.0,290.953125,0.0,0.0,9.897749259835108e-05,297.425537109375,303.1499938964844,285.1499938964844,0.0,-0.0,290.9530944824219,0.0,0.0,0.0004695065435953,290.91571044921875,294.1499938964844,282.54998779296875,282.4533386230469,284.1436767578125,282.55938720703125,290.5811767578125,0.0,0.0,0.0,0.0,1.0,1.0,-0.0010014807339757,6.037239153044993e-09,0.001001474680379,-0.0148689122870564,0.0,0.0,0.0,-0.0078057339414954,60.0,-5.518721580505371,-0.0,-6.838246946472283e-08,0.0,293.1499938964844,293.1499938964844,293.1499938964844,293.1499938964844,293.1499938964844,293.1499938964844,278.1499938964844,0.0,18000.0,313.1499938964844,0.0,18000.0,0.0,0.0,0.0,0.0,0.0,0.0,0.0,0.0,0.0,0.0,-0.0,-0.0,0.0,0.0,0.0,0.0,0.0,-0.0,0.0,0.0,0.0,0.0,0.0,0.0,0.0,0.0,0.0,4.0,0.0,0.0
11928060,297.0601806640625,303.1499938964844,285.1499938964844,0.0,-0.0,290.9508972167969,0.0,0.0,9.401563875144348e-05,297.1820373535156,303.1499938964844,285.1499938964844,0.0,-0.0,290.9509582519531,0.0,0.0,9.900300938170405e-05,297.19775390625,303.1499938964844,285.1499938964844,0.0,-0.0,290.9509582519531,0.0,0.0,7.312328671105206e-05,297.1070556640625,303.1499938964844,285.1499938964844,0.0,-0.0,290.9509582519531,0.0,0.0,9.900300938170405e-05,297.4247436523437,303.1499938964844,285.1499938964844,0.0,-0.0,290.950927734375,0.0,0.0,0.00046962761553,290.91326904296875,294.1499938964844,282.54998779296875,282.4404602050781,284.1154479980469,282.557373046875,290.5773620605469,0.0,0.0,0.0,0.0,1.0,1.0,-0.0010017388267442,6.067411906229836e-09,0.0010017326567322,-0.0149479517713189,0.0,0.0,0.0,-0.0078206919133663,60.0,-5.517348289489746,-0.0,-6.841771238441653e-08,0.0,293.1499938964844,293.1499938964844,293.1499938964844,293.1499938964844,293.1499938964844,293.1499938964844,278.1499938964844,0.0,18000.0,313.1499938964844,0.0,18000.0,0.0,0.0,0.0,0.0,0.0,0.0,0.0,0.0,0.0,0.0,-0.0,-0.0,0.0,0.0,0.0,0.0,0.0,-0.0,0.0,0.0,0.0,0.0,0.0,0.0,0.0,0.0,0.0,4.0,0.0,0.0
11928120,297.0601806640625,303.1499938964844,285.1499938964844,0.0,-0.0,290.9508972167969,0.0,0.0,9.401563875144348e-05,297.1820373535156,303.1499938964844,285.1499938964844,0.0,-0.0,290.9509582519531,0.0,0.0,9.900300938170405e-05,297.19775390625,303.1499938964844,285.1499938964844,0.0,-0.0,290.9509582519531,0.0,0.0,7.312328671105206e-05,297.1070556640625,303.1499938964844,285.1499938964844,0.0,-0.0,290.9509582519531,0.0,0.0,9.900300938170405e-05,297.4247436523437,303.1499938964844,285.1499938964844,0.0,-0.0,290.950927734375,0.0,0.0,0.00046962761553,290.91326904296875,294.1499938964844,282.54998779296875,282.4404602050781,284.1154479980469,282.557373046875,290.5773620605469,0.0,0.0,0.0,0.0,1.0,1.0,-0.0010017388267442,6.067411906229836e-09,0.0010017326567322,-0.0149479517713189,0.0,0.0,0.0,-0.0078206919133663,60.0,-5.517348289489746,-0.0,-6.841771238441653e-08,0.0,293.1499938964844,293.1499938964844,293.1499938964844,293.1499938964844,293.1499938964844,293.1499938964844,278.1499938964844,0.0,18000.0,313.1499938964844,0.0,18000.0,0.0,0.0,0.0,0.0,0.0,0.0,0.0,0.0,0.0,0.0,-0.0,-0.0,0.0,0.0,0.0,0.0,0.0,-0.0,0.0,0.0,0.0,0.0,0.0,0.0,0.0,0.0,0.0,4.0,0.0,0.0
11928180,297.0585632324219,303.1499938964844,285.1499938964844,0.0,-0.0,290.9486999511719,0.0,0.0,9.40424870350398e-05,297.17999267578125,303.1499938964844,285.1499938964844,0.0,-0.0,290.9487609863281,0.0,0.0,9.903127647703514e-05,297.19586181640625,303.1499938964844,285.1499938964844,0.0,-0.0,290.9487609863281,0.0,0.0,7.314416870940477e-05,297.108642578125,303.1499938964844,285.1499938964844,0.0,-0.0,290.9487609863281,0.0,0.0,9.903127647703514e-05,297.4239807128906,303.1499938964844,285.1499938964844,0.0,-0.0,290.94873046875,0.0,0.0,0.0004697617259807,290.9107971191406,294.1499938964844,282.54998779296875,282.4272766113281,284.0877990722656,282.5558166503906,290.5735168457031,0.0,0.0,0.0,0.0,1.0,1.0,-0.0010020246263593,6.100842497858139e-09,0.0010020185727626,-0.0150355277583003,0.0,0.0,0.0,-0.0078372647985816,60.0,-5.516164779663086,-0.0,-6.845677091860125e-08,0.0,293.1499938964844,293.1499938964844,293.1499938964844,293.1499938964844,293.1499938964844,293.1499938964844,278.1499938964844,0.0,18000.0,313.1499938964844,0.0,18000.0,0.0,0.0,0.0,0.0,0.0,0.0,0.0,0.0,0.0,0.0,-0.0,-0.0,0.0,0.0,0.0,0.0,0.0,-0.0,0.0,0.0,0.0,0.0,0.0,0.0,0.0,0.0,0.0,4.0,0.0,0.0
11928240,297.0585632324219,303.1499938964844,285.1499938964844,0.0,-0.0,290.9486999511719,0.0,0.0,9.40424870350398e-05,297.17999267578125,303.1499938964844,285.1499938964844,0.0,-0.0,290.9487609863281,0.0,0.0,9.903127647703514e-05,297.19586181640625,303.1499938964844,285.1499938964844,0.0,-0.0,290.9487609863281,0.0,0.0,7.314416870940477e-05,297.108642578125,303.1499938964844,285.1499938964844,0.0,-0.0,290.9487609863281,0.0,0.0,9.903127647703514e-05,297.4239807128906,303.1499938964844,285.1499938964844,0.0,-0.0,290.94873046875,0.0,0.0,0.0004697617259807,290.9107971191406,294.1499938964844,282.54998779296875,282.4272766113281,284.0877990722656,282.5558166503906,290.5735168457031,0.0,0.0,0.0,0.0,1.0,1.0,-0.0010020246263593,6.100842497858139e-09,0.0010020185727626,-0.0150355277583003,0.0,0.0,0.0,-0.0078372647985816,60.0,-5.516164779663086,-0.0,-6.845677091860125e-08,0.0,293.1499938964844,293.1499938964844,293.1499938964844,293.1499938964844,293.1499938964844,293.1499938964844,278.1499938964844,0.0,18000.0,313.1499938964844,0.0,18000.0,0.0,0.0,0.0,0.0,0.0,0.0,0.0,0.0,0.0,0.0,-0.0,-0.0,0.0,0.0,0.0,0.0,0.0,-0.0,0.0,0.0,0.0,0.0,0.0,0.0,0.0,0.0,0.0,4.0,0.0,0.0
11928300,297.0577697753906,303.1499938964844,285.1499938964844,0.0,-0.0,290.9476013183594,0.0,0.0,9.405636956216767e-05,297.1789855957031,303.1499938964844,285.1499938964844,0.0,-0.0,290.9476623535156,0.0,0.0,9.904589387588204e-05,297.1949462890625,303.1499938964844,285.1499938964844,0.0,-0.0,290.9476623535156,0.0,0.0,7.31549589545466e-05,297.1095275878906,303.1499938964844,285.1499938964844,0.0,-0.0,290.9476623535156,0.0,0.0,9.904589387588204e-05,297.4236145019531,303.1499938964844,285.1499938964844,0.0,-0.0,290.9476318359375,0.0,0.0,0.0004698310513049,290.9095764160156,294.1499938964844,282.54998779296875,282.42059326171875,284.0741271972656,282.55517578125,290.5716247558594,0.0,0.0,0.0,0.0,1.0,1.0,-0.001002172473818,6.118126005816293e-09,0.001002166303806,-0.0150808030739426,0.0,0.0,0.0,-0.007845832966268,60.0,-5.515610218048096,-0.0,-6.847697164857891e-08,0.0,293.1499938964844,293.1499938964844,293.1499938964844,293.1499938964844,293.1499938964844,293.1499938964844,278.1499938964844,0.0,18000.0,313.1499938964844,0.0,18000.0,0.0,0.0,0.0,0.0,0.0,0.0,0.0,0.0,0.0,0.0,-0.0,-0.0,0.0,0.0,0.0,0.0,0.0,-0.0,0.0,0.0,0.0,0.0,0.0,0.0,0.0,0.0,0.0,4.0,0.0,0.0
11928360,297.0569763183594,303.1499938964844,285.1499938964844,0.0,-0.0,290.9465026855469,0.0,0.0,9.407041943632066e-05,297.177978515625,303.1499938964844,285.1499938964844,0.0,-0.0,290.9465637207031,0.0,0.0,9.906069317366928e-05,297.19403076171875,303.1499938964844,285.1499938964844,0.0,-0.0,290.9465637207031,0.0,0.0,7.316589471884072e-05,297.11041259765625,303.1499938964844,285.1499938964844,0.0,-0.0,290.9465637207031,0.0,0.0,9.906069317366928e-05,297.4232482910156,303.1499938964844,285.1499938964844,0.0,-0.0,290.946533203125,0.0,0.0,0.0004699012497439,290.9083557128906,294.1499938964844,282.54998779296875,282.41387939453125,284.06060791015625,282.5545959472656,290.5697021484375,0.0,0.0,0.0,0.0,1.0,1.0,-0.0010023221839219,6.135626229308855e-09,0.0010023160139098,-0.0151266464963555,0.0,0.0,0.0,-0.0078545082360506,60.0,-5.515071868896484,-0.0,-6.84974210685141e-08,0.0,293.1499938964844,293.1499938964844,293.1499938964844,293.1499938964844,293.1499938964844,293.1499938964844,278.1499938964844,0.0,18000.0,313.1499938964844,0.0,18000.0,0.0,0.0,0.0,0.0,0.0,0.0,0.0,0.0,0.0,0.0,-0.0,-0.0,0.0,0.0,0.0,0.0,0.0,-0.0,0.0,0.0,0.0,0.0,0.0,0.0,0.0,0.0,0.0,4.0,0.0,0.0
11928420,297.0553894042969,303.1499938964844,285.1499938964844,0.0,-0.0,290.9443054199219,0.0,0.0,9.4098286353983e-05,297.17596435546875,303.1499938964844,285.1499938964844,0.0,-0.0,290.9443664550781,0.0,0.0,9.909002983476968e-05,297.19219970703125,303.1499938964844,285.1499938964844,0.0,-0.0,290.9443664550781,0.0,0.0,7.318756252061576e-05,297.1123352050781,303.1499938964844,285.1499938964844,0.0,-0.0,290.9443664550781,0.0,0.0,9.909002983476968e-05,297.4225769042969,303.1499938964844,285.1499938964844,0.0,-0.0,290.9443054199219,0.0,0.0,0.0004700404242612,290.9058837890625,294.1499938964844,282.54998779296875,282.4003295898437,284.03387451171875,282.5536193847656,290.5658569335937,0.0,0.0,0.0,0.0,1.0,1.0,-0.0010026188101619,6.1703189224715516e-09,0.0010026126401498,-0.0152175268158316,0.0,0.0,0.0,-0.007871706970036,60.0,-5.514004707336426,-0.0,-6.853797884787127e-08,0.0,293.1499938964844,293.1499938964844,293.1499938964844,293.1499938964844,293.1499938964844,293.1499938964844,278.1499938964844,0.0,18000.0,313.1499938964844,0.0,18000.0,0.0,0.0,0.0,0.0,0.0,0.0,0.0,0.0,0.0,0.0,-0.0,-0.0,0.0,0.0,0.0,0.0,0.0,-0.0,0.0,0.0,0.0,0.0,0.0,0.0,0.0,0.0,0.0,4.0,0.0,0.0
11928480,297.0553894042969,303.1499938964844,285.1499938964844,0.0,-0.0,290.9443054199219,0.0,0.0,9.4098286353983e-05,297.17596435546875,303.1499938964844,285.1499938964844,0.0,-0.0,290.9443664550781,0.0,0.0,9.909002983476968e-05,297.19219970703125,303.1499938964844,285.1499938964844,0.0,-0.0,290.9443664550781,0.0,0.0,7.318756252061576e-05,297.1123352050781,303.1499938964844,285.1499938964844,0.0,-0.0,290.9443664550781,0.0,0.0,9.909002983476968e-05,297.4225769042969,303.1499938964844,285.1499938964844,0.0,-0.0,290.9443054199219,0.0,0.0,0.0004700404242612,290.9058837890625,294.1499938964844,282.54998779296875,282.4003295898437,284.03387451171875,282.5536193847656,290.5658569335937,0.0,0.0,0.0,0.0,1.0,1.0,-0.0010026188101619,6.1703189224715516e-09,0.0010026126401498,-0.0152175268158316,0.0,0.0,0.0,-0.007871706970036,60.0,-5.514004707336426,-0.0,-6.853797884787127e-08,0.0,293.1499938964844,293.1499938964844,293.1499938964844,293.1499938964844,293.1499938964844,293.1499938964844,278.1499938964844,0.0,18000.0,313.1499938964844,0.0,18000.0,0.0,0.0,0.0,0.0,0.0,0.0,0.0,0.0,0.0,0.0,-0.0,-0.0,0.0,0.0,0.0,0.0,0.0,-0.0,0.0,0.0,0.0,0.0,0.0,0.0,0.0,0.0,0.0,4.0,0.0,0.0
11928540,297.05389404296875,303.1499938964844,285.1499938964844,0.0,-0.0,290.94207763671875,0.0,0.0,9.412496001459658e-05,297.17401123046875,303.1499938964844,285.1499938964844,0.0,-0.0,290.942138671875,0.0,0.0,9.911812958307564e-05,297.1903991699219,303.1499938964844,285.1499938964844,0.0,-0.0,290.942138671875,0.0,0.0,7.320831355173141e-05,297.1143493652344,303.1499938964844,285.1499938964844,0.0,-0.0,290.942138671875,0.0,0.0,9.911812958307564e-05,297.4219055175781,303.1499938964844,285.1499938964844,0.0,-0.0,290.9421081542969,0.0,0.0,0.0004701736907009,290.9034118652344,294.1499938964844,282.54998779296875,282.3866882324219,284.0075988769531,282.5528259277344,290.5619812011719,0.0,0.0,0.0,0.0,1.0,1.0,-0.0010029029799625,6.203540792171225e-09,0.0010028968099504,-0.0153045523911714,0.0,0.0,0.0,-0.0078881764784455,60.0,-5.512902736663818,-0.0,-6.857683132466263e-08,0.0,293.1499938964844,293.1499938964844,293.1499938964844,293.1499938964844,293.1499938964844,293.1499938964844,278.1499938964844,0.0,18000.0,313.1499938964844,0.0,18000.0,0.0,0.0,0.0,0.0,0.0,0.0,0.0,0.0,0.0,0.0,-0.0,-0.0,0.0,0.0,0.0,0.0,0.0,-0.0,0.0,0.0,0.0,0.0,0.0,0.0,0.0,0.0,0.0,4.0,0.0,0.0
11928600,297.05389404296875,303.1499938964844,285.1499938964844,0.0,-0.0,290.94207763671875,0.0,0.0,9.412496001459658e-05,297.17401123046875,303.1499938964844,285.1499938964844,0.0,-0.0,290.942138671875,0.0,0.0,9.911812958307564e-05,297.1903991699219,303.1499938964844,285.1499938964844,0.0,-0.0,290.942138671875,0.0,0.0,7.320831355173141e-05,297.1143493652344,303.1499938964844,285.1499938964844,0.0,-0.0,290.942138671875,0.0,0.0,9.911812958307564e-05,297.4219055175781,303.1499938964844,285.1499938964844,0.0,-0.0,290.9421081542969,0.0,0.0,0.0004701736907009,290.9034118652344,294.1499938964844,282.54998779296875,282.3866882324219,284.0075988769531,282.5528259277344,290.5619812011719,0.0,0.0,0.0,0.0,1.0,1.0,-0.0010029029799625,6.203540792171225e-09,0.0010028968099504,-0.0153045523911714,0.0,0.0,0.0,-0.0078881764784455,60.0,-5.512902736663818,-0.0,-6.857683132466263e-08,0.0,293.1499938964844,293.1499938964844,293.1499938964844,293.1499938964844,293.1499938964844,293.1499938964844,278.1499938964844,0.0,18000.0,313.1499938964844,0.0,18000.0,0.0,0.0,0.0,0.0,0.0,0.0,0.0,0.0,0.0,0.0,-0.0,-0.0,0.0,0.0,0.0,0.0,0.0,-0.0,0.0,0.0,0.0,0.0,0.0,0.0,0.0,0.0,0.0,4.0,0.0,0.0
11928660,297.05242919921875,303.1499938964844,285.1499938964844,0.0,-0.0,290.9398498535156,0.0,0.0,9.414883243152872e-05,297.17205810546875,303.1499938964844,285.1499938964844,0.0,-0.0,290.9399108886719,0.0,0.0,9.914326074067505e-05,297.1886291503906,303.1499938964844,285.1499938964844,0.0,-0.0,290.9399108886719,0.0,0.0,7.322687451960519e-05,297.1164855957031,303.1499938964844,285.1499938964844,0.0,-0.0,290.9399108886719,0.0,0.0,9.914326074067505e-05,297.4212951660156,303.1499938964844,285.1499938964844,0.0,-0.0,290.9398803710937,0.0,0.0,0.0004702928999904,290.9009094238281,294.1499938964844,282.54998779296875,282.3730773925781,283.9818115234375,282.5522155761719,290.5581359863281,0.0,0.0,0.0,0.0,1.0,1.0,-0.00100315711461,6.233259242094391e-09,0.001003150944598,-0.0153824025765061,0.0,0.0,0.0,-0.0079029090702533,60.0,-5.511668205261231,-0.0,-6.861159107529603e-08,0.0,293.1499938964844,293.1499938964844,293.1499938964844,293.1499938964844,293.1499938964844,293.1499938964844,278.1499938964844,0.0,18000.0,313.1499938964844,0.0,18000.0,0.0,0.0,0.0,0.0,0.0,0.0,0.0,0.0,0.0,0.0,-0.0,-0.0,0.0,0.0,0.0,0.0,0.0,-0.0,0.0,0.0,0.0,0.0,0.0,0.0,0.0,0.0,0.0,4.0,0.0,0.0
11928720,297.05242919921875,303.1499938964844,285.1499938964844,0.0,-0.0,290.9398498535156,0.0,0.0,9.414883243152872e-05,297.17205810546875,303.1499938964844,285.1499938964844,0.0,-0.0,290.9399108886719,0.0,0.0,9.914326074067505e-05,297.1886291503906,303.1499938964844,285.1499938964844,0.0,-0.0,290.9399108886719,0.0,0.0,7.322687451960519e-05,297.1164855957031,303.1499938964844,285.1499938964844,0.0,-0.0,290.9399108886719,0.0,0.0,9.914326074067505e-05,297.4212951660156,303.1499938964844,285.1499938964844,0.0,-0.0,290.9398803710937,0.0,0.0,0.0004702928999904,290.9009094238281,294.1499938964844,282.54998779296875,282.3730773925781,283.9818115234375,282.5522155761719,290.5581359863281,0.0,0.0,0.0,0.0,1.0,1.0,-0.00100315711461,6.233259242094391e-09,0.001003150944598,-0.0153824025765061,0.0,0.0,0.0,-0.0079029090702533,60.0,-5.511668205261231,-0.0,-6.861159107529603e-08,0.0,293.1499938964844,293.1499938964844,293.1499938964844,293.1499938964844,293.1499938964844,293.1499938964844,278.1499938964844,0.0,18000.0,313.1499938964844,0.0,18000.0,0.0,0.0,0.0,0.0,0.0,0.0,0.0,0.0,0.0,0.0,-0.0,-0.0,0.0,0.0,0.0,0.0,0.0,-0.0,0.0,0.0,0.0,0.0,0.0,0.0,0.0,0.0,0.0,4.0,0.0,0.0
11928780,297.0510559082031,303.1499938964844,285.1499938964844,0.0,-0.0,290.9376220703125,0.0,0.0,9.416951070306824e-05,297.170166015625,303.1499938964844,285.1499938964844,0.0,-0.0,290.9376525878906,0.0,0.0,9.916503768181428e-05,297.1869201660156,303.1499938964844,285.1499938964844,0.0,-0.0,290.93768310546875,0.0,0.0,7.324296166189015e-05,297.1186218261719,303.1499938964844,285.1499938964844,0.0,-0.0,290.9376525878906,0.0,0.0,9.91650449577719e-05,297.42071533203125,303.1499938964844,285.1499938964844,0.0,-0.0,290.9376220703125,0.0,0.0,0.0004703962185885,290.8984069824219,294.1499938964844,282.54998779296875,282.3594970703125,283.9564208984375,282.5517272949219,290.55426025390625,0.0,0.0,0.0,0.0,1.0,1.0,-0.0010033773723989,6.259011531284386e-09,0.0010033710859715,-0.0154498610645532,0.0,0.0,0.0,-0.0079156756401062,60.0,-5.510286808013916,-0.0,-6.864171808729226e-08,0.0,293.1499938964844,293.1499938964844,293.1499938964844,293.1499938964844,293.1499938964844,293.1499938964844,278.1499938964844,0.0,18000.0,313.1499938964844,0.0,18000.0,0.0,0.0,0.0,0.0,0.0,0.0,0.0,0.0,0.0,0.0,-0.0,-0.0,0.0,0.0,0.0,0.0,0.0,-0.0,0.0,0.0,0.0,0.0,0.0,0.0,0.0,0.0,0.0,4.0,0.0,0.0
11928840,297.0510559082031,303.1499938964844,285.1499938964844,0.0,-0.0,290.9376220703125,0.0,0.0,9.416951070306824e-05,297.170166015625,303.1499938964844,285.1499938964844,0.0,-0.0,290.9376525878906,0.0,0.0,9.916503768181428e-05,297.1869201660156,303.1499938964844,285.1499938964844,0.0,-0.0,290.93768310546875,0.0,0.0,7.324296166189015e-05,297.1186218261719,303.1499938964844,285.1499938964844,0.0,-0.0,290.9376525878906,0.0,0.0,9.91650449577719e-05,297.42071533203125,303.1499938964844,285.1499938964844,0.0,-0.0,290.9376220703125,0.0,0.0,0.0004703962185885,290.8984069824219,294.1499938964844,282.54998779296875,282.3594970703125,283.9564208984375,282.5517272949219,290.55426025390625,0.0,0.0,0.0,0.0,1.0,1.0,-0.0010033773723989,6.259011531284386e-09,0.0010033710859715,-0.0154498610645532,0.0,0.0,0.0,-0.0079156756401062,60.0,-5.510286808013916,-0.0,-6.864171808729226e-08,0.0,293.1499938964844,293.1499938964844,293.1499938964844,293.1499938964844,293.1499938964844,293.1499938964844,278.1499938964844,0.0,18000.0,313.1499938964844,0.0,18000.0,0.0,0.0,0.0,0.0,0.0,0.0,0.0,0.0,0.0,0.0,-0.0,-0.0,0.0,0.0,0.0,0.0,0.0,-0.0,0.0,0.0,0.0,0.0,0.0,0.0,0.0,0.0,0.0,4.0,0.0,0.0
11928900,297.0504150390625,303.1499938964844,285.1499938964844,0.0,-0.0,290.9364929199219,0.0,0.0,9.417799446964636e-05,297.1692199707031,303.1499938964844,285.1499938964844,0.0,-0.0,290.9365234375,0.0,0.0,9.91739725577645e-05,297.1860656738281,303.1499938964844,285.1499938964844,0.0,-0.0,290.9365539550781,0.0,0.0,7.324956095544621e-05,297.1197204589844,303.1499938964844,285.1499938964844,0.0,-0.0,290.9365234375,0.0,0.0,9.91739725577645e-05,297.4204406738281,303.1499938964844,285.1499938964844,0.0,-0.0,290.9364929199219,0.0,0.0,0.0004704385937657,290.89715576171875,294.1499938964844,282.54998779296875,282.3527526855469,283.94390869140625,282.551513671875,290.55230712890625,0.0,0.0,0.0,0.0,1.0,1.0,-0.0010034677106887,6.269568864070152e-09,0.0010034614242613,-0.0154775166884064,0.0,0.0,0.0,-0.0079209096729755,60.0,-5.509487628936768,-0.0,-6.865407442546714e-08,0.0,293.1499938964844,293.1499938964844,293.1499938964844,293.1499938964844,293.1499938964844,293.1499938964844,278.1499938964844,0.0,18000.0,313.1499938964844,0.0,18000.0,0.0,0.0,0.0,0.0,0.0,0.0,0.0,0.0,0.0,0.0,-0.0,-0.0,0.0,0.0,0.0,0.0,0.0,-0.0,0.0,0.0,0.0,0.0,0.0,0.0,0.0,0.0,0.0,4.0,0.0,0.0
11928960,297.0498046875,303.1499938964844,285.1499938964844,0.0,-0.0,290.93536376953125,0.0,0.0,9.418530680704862e-05,297.16827392578125,303.1499938964844,285.1499938964844,0.0,-0.0,290.9353942871094,0.0,0.0,9.91816705209203e-05,297.18524169921875,303.1499938964844,285.1499938964844,0.0,-0.0,290.9354248046875,0.0,0.0,7.325524347834289e-05,297.12078857421875,303.1499938964844,285.1499938964844,0.0,-0.0,290.9353942871094,0.0,0.0,9.91816705209203e-05,297.420166015625,303.1499938964844,285.1499938964844,0.0,-0.0,290.93536376953125,0.0,0.0,0.0004704750899691,290.8959045410156,294.1499938964844,282.54998779296875,282.3460693359375,283.9315185546875,282.55133056640625,290.5503845214844,0.0,0.0,0.0,0.0,1.0,1.0,-0.0010035454761236,6.27866647562314e-09,0.0010035391896963,-0.0155013483017683,0.0,0.0,0.0,-0.0079254200682044,60.0,-5.508626461029053,-0.0,-6.86647183556488e-08,0.0,293.1499938964844,293.1499938964844,293.1499938964844,293.1499938964844,293.1499938964844,293.1499938964844,278.1499938964844,0.0,18000.0,313.1499938964844,0.0,18000.0,0.0,0.0,0.0,0.0,0.0,0.0,0.0,0.0,0.0,0.0,-0.0,-0.0,0.0,0.0,0.0,0.0,0.0,-0.0,0.0,0.0,0.0,0.0,0.0,0.0,0.0,0.0,0.0,4.0,0.0,0.0
11929020,297.0486145019531,303.1499938964844,285.1499938964844,0.0,-0.0,290.93310546875,0.0,0.0,9.419577691005544e-05,297.1664428710937,303.1499938964844,285.1499938964844,0.0,-0.0,290.9331359863281,0.0,0.0,9.91926935967058e-05,297.18359375,303.1499938964844,285.1499938964844,0.0,-0.0,290.9331359863281,0.0,0.0,7.326338527491316e-05,297.1225280761719,303.1499938964844,285.1499938964844,0.0,-0.0,290.9331359863281,0.0,0.0,9.91926935967058e-05,297.41961669921875,303.1499938964844,285.1499938964844,0.0,-0.0,290.93310546875,0.0,0.0,0.0004705274186562,290.89337158203125,294.1499938964844,282.54998779296875,282.3328552246094,283.9070129394531,282.5510559082031,290.5465087890625,0.0,0.0,0.0,0.0,1.0,1.0,-0.0010036568855866,6.2916951648617214e-09,0.0010036505991593,-0.0155354775488376,0.0,0.0,0.0,-0.0079318787902593,60.0,-5.506693363189697,-0.0,-6.867996660275821e-08,0.0,293.1499938964844,293.1499938964844,293.1499938964844,293.1499938964844,293.1499938964844,293.1499938964844,278.1499938964844,0.0,18000.0,313.1499938964844,0.0,18000.0,0.0,0.0,0.0,0.0,0.0,0.0,0.0,0.0,0.0,0.0,-0.0,-0.0,0.0,0.0,0.0,0.0,0.0,-0.0,0.0,0.0,0.0,0.0,0.0,0.0,0.0,0.0,0.0,4.0,0.0,0.0
11929080,297.0486145019531,303.1499938964844,285.1499938964844,0.0,-0.0,290.93310546875,0.0,0.0,9.419577691005544e-05,297.1664428710937,303.1499938964844,285.1499938964844,0.0,-0.0,290.9331359863281,0.0,0.0,9.91926935967058e-05,297.18359375,303.1499938964844,285.1499938964844,0.0,-0.0,290.9331359863281,0.0,0.0,7.326338527491316e-05,297.1225280761719,303.1499938964844,285.1499938964844,0.0,-0.0,290.9331359863281,0.0,0.0,9.91926935967058e-05,297.41961669921875,303.1499938964844,285.1499938964844,0.0,-0.0,290.93310546875,0.0,0.0,0.0004705274186562,290.89337158203125,294.1499938964844,282.54998779296875,282.3328552246094,283.9070129394531,282.5510559082031,290.5465087890625,0.0,0.0,0.0,0.0,1.0,1.0,-0.0010036568855866,6.2916951648617214e-09,0.0010036505991593,-0.0155354775488376,0.0,0.0,0.0,-0.0079318787902593,60.0,-5.506693363189697,-0.0,-6.867996660275821e-08,0.0,293.1499938964844,293.1499938964844,293.1499938964844,293.1499938964844,293.1499938964844,293.1499938964844,278.1499938964844,0.0,18000.0,313.1499938964844,0.0,18000.0,0.0,0.0,0.0,0.0,0.0,0.0,0.0,0.0,0.0,0.0,-0.0,-0.0,0.0,0.0,0.0,0.0,0.0,-0.0,0.0,0.0,0.0,0.0,0.0,0.0,0.0,0.0,0.0,4.0,0.0,0.0
11929140,297.04754638671875,303.1499938964844,285.1499938964844,0.0,-0.0,290.9308166503906,0.0,0.0,9.420013520866632e-05,297.1646423339844,303.1499938964844,285.1499938964844,0.0,-0.0,290.9308776855469,0.0,0.0,9.919729200191796e-05,297.1819763183594,303.1499938964844,285.1499938964844,0.0,-0.0,290.9308776855469,0.0,0.0,7.326678314711899e-05,297.1229858398437,303.1499938964844,285.1499938964844,0.0,-0.0,290.9308776855469,0.0,0.0,9.919729200191796e-05,297.4190673828125,303.1499938964844,285.1499938964844,0.0,-0.0,290.93084716796875,0.0,0.0,0.0004705492174252,290.8908386230469,294.1499938964844,282.54998779296875,282.3199157714844,283.8829345703125,282.5508117675781,290.5426025390625,0.0,0.0,0.0,0.0,1.0,1.0,-0.0010037033353,6.297113941400312e-09,0.0010036969324573,-0.0155496718361973,0.0,0.0,0.0,-0.0079345656558871,60.0,-5.504427909851074,-0.0,-6.868631174938855e-08,0.0,293.1499938964844,293.1499938964844,293.1499938964844,293.1499938964844,293.1499938964844,293.1499938964844,278.1499938964844,0.0,18000.0,313.1499938964844,0.0,18000.0,0.0,0.0,0.0,0.0,0.0,0.0,0.0,0.0,0.0,0.0,-0.0,-0.0,0.0,0.0,0.0,0.0,0.0,-0.0,0.0,0.0,0.0,0.0,0.0,0.0,0.0,0.0,0.0,4.0,0.0,0.0
11929200,297.04754638671875,303.1499938964844,285.1499938964844,0.0,-0.0,290.9308166503906,0.0,0.0,9.420013520866632e-05,297.1646423339844,303.1499938964844,285.1499938964844,0.0,-0.0,290.9308776855469,0.0,0.0,9.919729200191796e-05,297.1819763183594,303.1499938964844,285.1499938964844,0.0,-0.0,290.9308776855469,0.0,0.0,7.326678314711899e-05,297.1229858398437,303.1499938964844,285.1499938964844,0.0,-0.0,290.9308776855469,0.0,0.0,9.919729200191796e-05,297.4190673828125,303.1499938964844,285.1499938964844,0.0,-0.0,290.93084716796875,0.0,0.0,0.0004705492174252,290.8908386230469,294.1499938964844,282.54998779296875,282.3199157714844,283.8829345703125,282.5508117675781,290.5426025390625,0.0,0.0,0.0,0.0,1.0,1.0,-0.0010037033353,6.297113941400312e-09,0.0010036969324573,-0.0155496718361973,0.0,0.0,0.0,-0.0079345656558871,60.0,-5.504427909851074,-0.0,-6.868631174938855e-08,0.0,293.1499938964844,293.1499938964844,293.1499938964844,293.1499938964844,293.1499938964844,293.1499938964844,278.1499938964844,0.0,18000.0,313.1499938964844,0.0,18000.0,0.0,0.0,0.0,0.0,0.0,0.0,0.0,0.0,0.0,0.0,-0.0,-0.0,0.0,0.0,0.0,0.0,0.0,-0.0,0.0,0.0,0.0,0.0,0.0,0.0,0.0,0.0,0.0,4.0,0.0,0.0
11929260,297.04656982421875,303.1499938964844,285.1499938964844,0.0,-0.0,290.92852783203125,0.0,0.0,9.419777779839932e-05,297.162841796875,303.1499938964844,285.1499938964844,0.0,-0.0,290.9285888671875,0.0,0.0,9.919480362441392e-05,297.180419921875,303.1499938964844,285.1499938964844,0.0,-0.0,290.9285888671875,0.0,0.0,7.326494960580021e-05,297.12261962890625,303.1499938964844,285.1499938964844,0.0,-0.0,290.9285888671875,0.0,0.0,9.919481090037152e-05,297.4184265136719,303.1499938964844,285.1499938964844,0.0,-0.0,290.9285583496094,0.0,0.0,0.0004705374303739,290.8883056640625,294.1499938964844,282.54998779296875,282.3073425292969,283.8592834472656,282.5506286621094,290.5387268066406,0.0,0.0,0.0,0.0,1.0,1.0,-0.0010036780731752,6.294159415887179e-09,0.0010036717867478,-0.0155419325456023,0.0,0.0,0.0,-0.0079331006854772,60.0,-5.501771926879883,-0.0,-6.86828514062654e-08,0.0,293.1499938964844,293.1499938964844,293.1499938964844,293.1499938964844,293.1499938964844,293.1499938964844,278.1499938964844,0.0,18000.0,313.1499938964844,0.0,18000.0,0.0,0.0,0.0,0.0,0.0,0.0,0.0,0.0,0.0,0.0,-0.0,-0.0,0.0,0.0,0.0,0.0,0.0,-0.0,0.0,0.0,0.0,0.0,0.0,0.0,0.0,0.0,0.0,4.0,0.0,0.0
11929320,297.04656982421875,303.1499938964844,285.1499938964844,0.0,-0.0,290.92852783203125,0.0,0.0,9.419777779839932e-05,297.162841796875,303.1499938964844,285.1499938964844,0.0,-0.0,290.9285888671875,0.0,0.0,9.919480362441392e-05,297.180419921875,303.1499938964844,285.1499938964844,0.0,-0.0,290.9285888671875,0.0,0.0,7.326494960580021e-05,297.12261962890625,303.1499938964844,285.1499938964844,0.0,-0.0,290.9285888671875,0.0,0.0,9.919481090037152e-05,297.4184265136719,303.1499938964844,285.1499938964844,0.0,-0.0,290.9285583496094,0.0,0.0,0.0004705374303739,290.8883056640625,294.1499938964844,282.54998779296875,282.3073425292969,283.8592834472656,282.5506286621094,290.5387268066406,0.0,0.0,0.0,0.0,1.0,1.0,-0.0010036780731752,6.294159415887179e-09,0.0010036717867478,-0.0155419325456023,0.0,0.0,0.0,-0.0079331006854772,60.0,-5.501771926879883,-0.0,-6.86828514062654e-08,0.0,293.1499938964844,293.1499938964844,293.1499938964844,293.1499938964844,293.1499938964844,293.1499938964844,278.1499938964844,0.0,18000.0,313.1499938964844,0.0,18000.0,0.0,0.0,0.0,0.0,0.0,0.0,0.0,0.0,0.0,0.0,-0.0,-0.0,0.0,0.0,0.0,0.0,0.0,-0.0,0.0,0.0,0.0,0.0,0.0,0.0,0.0,0.0,0.0,4.0,0.0,0.0
11929380,297.0456848144531,303.1499938964844,285.1499938964844,0.0,-0.0,290.9262390136719,0.0,0.0,9.418854460818692e-05,297.1610717773437,303.1499938964844,285.1499938964844,0.0,-0.0,290.9263000488281,0.0,0.0,9.918508294504136e-05,297.1788635253906,303.1499938964844,285.1499938964844,0.0,-0.0,290.9263000488281,0.0,0.0,7.325776823563501e-05,297.12176513671875,303.1499938964844,285.1499938964844,0.0,-0.0,290.9263000488281,0.0,0.0,9.918508294504136e-05,297.417724609375,303.1499938964844,285.1499938964844,0.0,-0.0,290.92626953125,0.0,0.0,0.0004704913008026,290.8857421875,294.1499938964844,282.54998779296875,282.29522705078125,283.8360900878906,282.5505065917969,290.5348205566406,0.0,0.0,0.0,0.0,1.0,1.0,-0.0010035794693976,6.2826366331592e-09,0.0010035731829702,-0.015511748380959,0.0,0.0,0.0,-0.0079273888841271,60.0,-5.498723983764648,-0.0,-6.866936530514067e-08,0.0,293.1499938964844,293.1499938964844,293.1499938964844,293.1499938964844,293.1499938964844,293.1499938964844,278.1499938964844,0.0,18000.0,313.1499938964844,0.0,18000.0,0.0,0.0,0.0,0.0,0.0,0.0,0.0,0.0,0.0,0.0,-0.0,-0.0,0.0,0.0,0.0,0.0,0.0,-0.0,0.0,0.0,0.0,0.0,0.0,0.0,0.0,0.0,0.0,4.0,0.0,0.0
11929440,297.0456848144531,303.1499938964844,285.1499938964844,0.0,-0.0,290.9262390136719,0.0,0.0,9.418854460818692e-05,297.1610717773437,303.1499938964844,285.1499938964844,0.0,-0.0,290.9263000488281,0.0,0.0,9.918508294504136e-05,297.1788635253906,303.1499938964844,285.1499938964844,0.0,-0.0,290.9263000488281,0.0,0.0,7.325776823563501e-05,297.12176513671875,303.1499938964844,285.1499938964844,0.0,-0.0,290.9263000488281,0.0,0.0,9.918508294504136e-05,297.417724609375,303.1499938964844,285.1499938964844,0.0,-0.0,290.92626953125,0.0,0.0,0.0004704913008026,290.8857421875,294.1499938964844,282.54998779296875,282.29522705078125,283.8360900878906,282.5505065917969,290.5348205566406,0.0,0.0,0.0,0.0,1.0,1.0,-0.0010035794693976,6.2826366331592e-09,0.0010035731829702,-0.015511748380959,0.0,0.0,0.0,-0.0079273888841271,60.0,-5.498723983764648,-0.0,-6.866936530514067e-08,0.0,293.1499938964844,293.1499938964844,293.1499938964844,293.1499938964844,293.1499938964844,293.1499938964844,278.1499938964844,0.0,18000.0,313.1499938964844,0.0,18000.0,0.0,0.0,0.0,0.0,0.0,0.0,0.0,0.0,0.0,0.0,-0.0,-0.0,0.0,0.0,0.0,0.0,0.0,-0.0,0.0,0.0,0.0,0.0,0.0,0.0,0.0,0.0,0.0,4.0,0.0,0.0
11929500,297.0452575683594,303.1499938964844,285.1499938964844,0.0,-0.0,290.9250793457031,0.0,0.0,9.418128320248798e-05,297.1601867675781,303.1499938964844,285.1499938964844,0.0,-0.0,290.9251403808594,0.0,0.0,9.917742863763124e-05,297.1780700683594,303.1499938964844,285.1499938964844,0.0,-0.0,290.9251403808594,0.0,0.0,7.325211481656879e-05,297.1212463378906,303.1499938964844,285.1499938964844,0.0,-0.0,290.9251403808594,0.0,0.0,9.917743591358884e-05,297.4173583984375,303.1499938964844,285.1499938964844,0.0,-0.0,290.92510986328125,0.0,0.0,0.000470455008326,290.88446044921875,294.1499938964844,282.54998779296875,282.2893371582031,283.8246459960937,282.5504455566406,290.5328674316406,0.0,0.0,0.0,0.0,1.0,1.0,-0.0010035020532086,6.2735776573674684e-09,0.0010034957667812,-0.0154880173504352,0.0,0.0,0.0,-0.0079228971153497,60.0,-5.497044086456299,-0.0,-6.865876400752313e-08,0.0,293.1499938964844,293.1499938964844,293.1499938964844,293.1499938964844,293.1499938964844,293.1499938964844,278.1499938964844,0.0,18000.0,313.1499938964844,0.0,18000.0,0.0,0.0,0.0,0.0,0.0,0.0,0.0,0.0,0.0,0.0,-0.0,-0.0,0.0,0.0,0.0,0.0,0.0,-0.0,0.0,0.0,0.0,0.0,0.0,0.0,0.0,0.0,0.0,4.0,0.0,0.0
11929560,297.0448608398437,303.1499938964844,285.1499938964844,0.0,-0.0,290.9239501953125,0.0,0.0,9.417223191121592e-05,297.1593017578125,303.1499938964844,285.1499938964844,0.0,-0.0,290.9239807128906,0.0,0.0,9.916790440911428e-05,297.17730712890625,303.1499938964844,285.1499938964844,0.0,-0.0,290.9239807128906,0.0,0.0,7.324507896555588e-05,297.1206359863281,303.1499938964844,285.1499938964844,0.0,-0.0,290.9239807128906,0.0,0.0,9.916790440911428e-05,297.4169921875,303.1499938964844,285.1499938964844,0.0,-0.0,290.9239501953125,0.0,0.0,0.0004704098100773,290.8831787109375,294.1499938964844,282.54998779296875,282.2835693359375,283.81329345703125,282.5503845214844,290.5309143066406,0.0,0.0,0.0,0.0,1.0,1.0,-0.0010034055449068,6.262296903258857e-09,0.0010033993748947,-0.0154584674164652,0.0,0.0,0.0,-0.0079173054546117,60.0,-5.49526309967041,-0.0,-6.864556212349271e-08,0.0,293.1499938964844,293.1499938964844,293.1499938964844,293.1499938964844,293.1499938964844,293.1499938964844,278.1499938964844,0.0,18000.0,313.1499938964844,0.0,18000.0,0.0,0.0,0.0,0.0,0.0,0.0,0.0,0.0,0.0,0.0,-0.0,-0.0,0.0,0.0,0.0,0.0,0.0,-0.0,0.0,0.0,0.0,0.0,0.0,0.0,0.0,0.0,0.0,4.0,0.0,0.0
11929620,297.0440979003906,303.1499938964844,285.1499938964844,0.0,-0.0,290.921630859375,0.0,0.0,9.41487742238678e-05,297.1575622558594,303.1499938964844,285.1499938964844,0.0,-0.0,290.9216613769531,0.0,0.0,9.914320253301412e-05,297.17578125,303.1499938964844,285.1499938964844,0.0,-0.0,290.92169189453125,0.0,0.0,7.32268308638595e-05,297.119384765625,303.1499938964844,285.1499938964844,0.0,-0.0,290.9216613769531,0.0,0.0,9.914320253301412e-05,297.41619873046875,303.1499938964844,285.1499938964844,0.0,-0.0,290.921630859375,0.0,0.0,0.0004702926380559,290.880615234375,294.1499938964844,282.54998779296875,282.27252197265625,283.7909240722656,282.55029296875,290.5270080566406,0.0,0.0,0.0,0.0,1.0,1.0,-0.0010031554847955,6.23305407287944e-09,0.0010031493147835,-0.0153818652033805,0.0,0.0,0.0,-0.0079028084874153,60.0,-5.491401195526123,-0.0,-6.861134949076586e-08,0.0,293.1499938964844,293.1499938964844,293.1499938964844,293.1499938964844,293.1499938964844,293.1499938964844,278.1499938964844,0.0,18000.0,313.1499938964844,0.0,18000.0,0.0,0.0,0.0,0.0,0.0,0.0,0.0,0.0,0.0,0.0,-0.0,-0.0,0.0,0.0,0.0,0.0,0.0,-0.0,0.0,0.0,0.0,0.0,0.0,0.0,0.0,0.0,0.0,4.0,0.0,0.0
11929680,297.0440979003906,303.1499938964844,285.1499938964844,0.0,-0.0,290.921630859375,0.0,0.0,9.41487742238678e-05,297.1575622558594,303.1499938964844,285.1499938964844,0.0,-0.0,290.9216613769531,0.0,0.0,9.914320253301412e-05,297.17578125,303.1499938964844,285.1499938964844,0.0,-0.0,290.92169189453125,0.0,0.0,7.32268308638595e-05,297.119384765625,303.1499938964844,285.1499938964844,0.0,-0.0,290.9216613769531,0.0,0.0,9.914320253301412e-05,297.41619873046875,303.1499938964844,285.1499938964844,0.0,-0.0,290.921630859375,0.0,0.0,0.0004702926380559,290.880615234375,294.1499938964844,282.54998779296875,282.27252197265625,283.7909240722656,282.55029296875,290.5270080566406,0.0,0.0,0.0,0.0,1.0,1.0,-0.0010031554847955,6.23305407287944e-09,0.0010031493147835,-0.0153818652033805,0.0,0.0,0.0,-0.0079028084874153,60.0,-5.491401195526123,-0.0,-6.861134949076586e-08,0.0,293.1499938964844,293.1499938964844,293.1499938964844,293.1499938964844,293.1499938964844,293.1499938964844,278.1499938964844,0.0,18000.0,313.1499938964844,0.0,18000.0,0.0,0.0,0.0,0.0,0.0,0.0,0.0,0.0,0.0,0.0,-0.0,-0.0,0.0,0.0,0.0,0.0,0.0,-0.0,0.0,0.0,0.0,0.0,0.0,0.0,0.0,0.0,0.0,4.0,0.0,0.0
11929740,297.04345703125,303.1499938964844,285.1499938964844,0.0,-0.0,290.9193115234375,0.0,0.0,9.4118295237422e-05,297.15582275390625,303.1499938964844,285.1499938964844,0.0,-0.0,290.9193420410156,0.0,0.0,9.911110100802034e-05,297.1742553710937,303.1499938964844,285.1499938964844,0.0,-0.0,290.9193420410156,0.0,0.0,7.32031257939525e-05,297.1180114746094,303.1499938964844,285.1499938964844,0.0,-0.0,290.9193420410156,0.0,0.0,9.911110100802034e-05,297.4154052734375,303.1499938964844,285.1499938964844,0.0,-0.0,290.9193115234375,0.0,0.0,0.000470140366815,290.8780212402344,294.1499938964844,282.54998779296875,282.2621154785156,283.7689514160156,282.5502319335937,290.5231018066406,0.0,0.0,0.0,0.0,1.0,1.0,-0.0010028306860476,6.195060908709138e-09,0.0010028243996202,-0.0152823394164443,0.0,0.0,0.0,-0.0078839734196662,60.0,-5.487125396728516,-0.0,-6.856691214807142e-08,0.0,293.1499938964844,293.1499938964844,293.1499938964844,293.1499938964844,293.1499938964844,293.1499938964844,278.1499938964844,0.0,18000.0,313.1499938964844,0.0,18000.0,0.0,0.0,0.0,0.0,0.0,0.0,0.0,0.0,0.0,0.0,-0.0,-0.0,0.0,0.0,0.0,0.0,0.0,-0.0,0.0,0.0,0.0,0.0,0.0,0.0,0.0,0.0,0.0,4.0,0.0,0.0
11929800,297.04345703125,303.1499938964844,285.1499938964844,0.0,-0.0,290.9193115234375,0.0,0.0,9.4118295237422e-05,297.15582275390625,303.1499938964844,285.1499938964844,0.0,-0.0,290.9193420410156,0.0,0.0,9.911110100802034e-05,297.1742553710937,303.1499938964844,285.1499938964844,0.0,-0.0,290.9193420410156,0.0,0.0,7.32031257939525e-05,297.1180114746094,303.1499938964844,285.1499938964844,0.0,-0.0,290.9193420410156,0.0,0.0,9.911110100802034e-05,297.4154052734375,303.1499938964844,285.1499938964844,0.0,-0.0,290.9193115234375,0.0,0.0,0.000470140366815,290.8780212402344,294.1499938964844,282.54998779296875,282.2621154785156,283.7689514160156,282.5502319335937,290.5231018066406,0.0,0.0,0.0,0.0,1.0,1.0,-0.0010028306860476,6.195060908709138e-09,0.0010028243996202,-0.0152823394164443,0.0,0.0,0.0,-0.0078839734196662,60.0,-5.487125396728516,-0.0,-6.856691214807142e-08,0.0,293.1499938964844,293.1499938964844,293.1499938964844,293.1499938964844,293.1499938964844,293.1499938964844,278.1499938964844,0.0,18000.0,313.1499938964844,0.0,18000.0,0.0,0.0,0.0,0.0,0.0,0.0,0.0,0.0,0.0,0.0,-0.0,-0.0,0.0,0.0,0.0,0.0,0.0,-0.0,0.0,0.0,0.0,0.0,0.0,0.0,0.0,0.0,0.0,4.0,0.0,0.0
11929860,297.0429077148437,303.1499938964844,285.1499938964844,0.0,-0.0,290.9169616699219,0.0,0.0,9.408083133166656e-05,297.15411376953125,303.1499938964844,285.1499938964844,0.0,-0.0,290.9170227050781,0.0,0.0,9.907165076583624e-05,297.1727600097656,303.1499938964844,285.1499938964844,0.0,-0.0,290.9170227050781,0.0,0.0,7.317398558370769e-05,297.1166381835937,303.1499938964844,285.1499938964844,0.0,-0.0,290.9170227050781,0.0,0.0,9.907165076583624e-05,297.4145812988281,303.1499938964844,285.1499938964844,0.0,-0.0,290.9169921875,0.0,0.0,0.0004699532291851,290.8754577636719,294.1499938964844,282.54998779296875,282.2524719238281,283.74737548828125,282.5501708984375,290.5191955566406,0.0,0.0,0.0,0.0,1.0,1.0,-0.0010024313814938,6.1483689250962925e-09,0.0010024252114817,-0.0151600260287523,0.0,0.0,0.0,-0.0078608263283967,60.0,-5.482438087463379,-0.0,-6.8512321149683e-08,0.0,293.1499938964844,293.1499938964844,293.1499938964844,293.1499938964844,293.1499938964844,293.1499938964844,278.1499938964844,0.0,18000.0,313.1499938964844,0.0,18000.0,0.0,0.0,0.0,0.0,0.0,0.0,0.0,0.0,0.0,0.0,-0.0,-0.0,0.0,0.0,0.0,0.0,0.0,-0.0,0.0,0.0,0.0,0.0,0.0,0.0,0.0,0.0,0.0,4.0,0.0,0.0
11929920,297.0429077148437,303.1499938964844,285.1499938964844,0.0,-0.0,290.9169616699219,0.0,0.0,9.408083133166656e-05,297.15411376953125,303.1499938964844,285.1499938964844,0.0,-0.0,290.9170227050781,0.0,0.0,9.907165076583624e-05,297.1727600097656,303.1499938964844,285.1499938964844,0.0,-0.0,290.9170227050781,0.0,0.0,7.317398558370769e-05,297.1166381835937,303.1499938964844,285.1499938964844,0.0,-0.0,290.9170227050781,0.0,0.0,9.907165076583624e-05,297.4145812988281,303.1499938964844,285.1499938964844,0.0,-0.0,290.9169921875,0.0,0.0,0.0004699532291851,290.8754577636719,294.1499938964844,282.54998779296875,282.2524719238281,283.74737548828125,282.5501708984375,290.5191955566406,0.0,0.0,0.0,0.0,1.0,1.0,-0.0010024313814938,6.1483689250962925e-09,0.0010024252114817,-0.0151600260287523,0.0,0.0,0.0,-0.0078608263283967,60.0,-5.482438087463379,-0.0,-6.8512321149683e-08,0.0,293.1499938964844,293.1499938964844,293.1499938964844,293.1499938964844,293.1499938964844,293.1499938964844,278.1499938964844,0.0,18000.0,313.1499938964844,0.0,18000.0,0.0,0.0,0.0,0.0,0.0,0.0,0.0,0.0,0.0,0.0,-0.0,-0.0,0.0,0.0,0.0,0.0,0.0,-0.0,0.0,0.0,0.0,0.0,0.0,0.0,0.0,0.0,0.0,4.0,0.0,0.0
11929980,297.0424194335937,303.1499938964844,285.1499938964844,0.0,-0.0,290.9146423339844,0.0,0.0,9.403659350937232e-05,297.1524353027344,303.1499938964844,285.1499938964844,0.0,-0.0,290.9146728515625,0.0,0.0,9.902507008519024e-05,297.1712951660156,303.1499938964844,285.1499938964844,0.0,-0.0,290.9146728515625,0.0,0.0,7.313958485610783e-05,297.1152038574219,303.1499938964844,285.1499938964844,0.0,-0.0,290.9146728515625,0.0,0.0,9.902507008519024e-05,297.41375732421875,303.1499938964844,285.1499938964844,0.0,-0.0,290.9146423339844,0.0,0.0,0.0004697322729043,290.8728332519531,294.1499938964844,282.54998779296875,282.2435913085937,283.7261657714844,282.5501403808594,290.5152893066406,0.0,0.0,0.0,0.0,1.0,1.0,-0.0010019598994404,6.093244131477604e-09,0.0010019538458436,-0.015015622600913,0.0,0.0,0.0,-0.0078334985300898,60.0,-5.477376461029053,-0.0,-6.844788913440425e-08,0.0,293.1499938964844,293.1499938964844,293.1499938964844,293.1499938964844,293.1499938964844,293.1499938964844,278.1499938964844,0.0,18000.0,313.1499938964844,0.0,18000.0,0.0,0.0,0.0,0.0,0.0,0.0,0.0,0.0,0.0,0.0,-0.0,-0.0,0.0,0.0,0.0,0.0,0.0,-0.0,0.0,0.0,0.0,0.0,0.0,0.0,0.0,0.0,0.0,4.0,0.0,0.0
11930040,297.0424194335937,303.1499938964844,285.1499938964844,0.0,-0.0,290.9146423339844,0.0,0.0,9.403659350937232e-05,297.1524353027344,303.1499938964844,285.1499938964844,0.0,-0.0,290.9146728515625,0.0,0.0,9.902507008519024e-05,297.1712951660156,303.1499938964844,285.1499938964844,0.0,-0.0,290.9146728515625,0.0,0.0,7.313958485610783e-05,297.1152038574219,303.1499938964844,285.1499938964844,0.0,-0.0,290.9146728515625,0.0,0.0,9.902507008519024e-05,297.41375732421875,303.1499938964844,285.1499938964844,0.0,-0.0,290.9146423339844,0.0,0.0,0.0004697322729043,290.8728332519531,294.1499938964844,282.54998779296875,282.2435913085937,283.7261657714844,282.5501403808594,290.5152893066406,0.0,0.0,0.0,0.0,1.0,1.0,-0.0010019598994404,6.093244131477604e-09,0.0010019538458436,-0.015015622600913,0.0,0.0,0.0,-0.0078334985300898,60.0,-5.477376461029053,-0.0,-6.844788913440425e-08,0.0,293.1499938964844,293.1499938964844,293.1499938964844,293.1499938964844,293.1499938964844,293.1499938964844,278.1499938964844,0.0,18000.0,313.1499938964844,0.0,18000.0,0.0,0.0,0.0,0.0,0.0,0.0,0.0,0.0,0.0,0.0,-0.0,-0.0,0.0,0.0,0.0,0.0,0.0,-0.0,0.0,0.0,0.0,0.0,0.0,0.0,0.0,0.0,0.0,4.0,0.0,0.0
11930100,297.042236328125,303.1499938964844,285.1499938964844,0.0,-0.0,290.9134521484375,0.0,0.0,9.401229181094096e-05,297.151611328125,303.1499938964844,285.1499938964844,0.0,-0.0,290.9134826660156,0.0,0.0,9.899947326630354e-05,297.17059326171875,303.1499938964844,285.1499938964844,0.0,-0.0,290.9135131835937,0.0,0.0,7.312067464226857e-05,297.114501953125,303.1499938964844,285.1499938964844,0.0,-0.0,290.9135131835937,0.0,0.0,9.899947326630354e-05,297.4133605957031,303.1499938964844,285.1499938964844,0.0,-0.0,290.9134826660156,0.0,0.0,0.0004696108517237,290.8715515136719,294.1499938964844,282.54998779296875,282.2394714355469,283.7156982421875,282.5501403808594,290.5133361816406,0.0,0.0,0.0,0.0,1.0,1.0,-0.0010017008753493,6.062951918295312e-09,0.0010016948217526,-0.0149362683296203,0.0,0.0,0.0,-0.0078184818848967,60.0,-5.474688053131104,-0.0,-6.84125041061634e-08,0.0,293.1499938964844,293.1499938964844,293.1499938964844,293.1499938964844,293.1499938964844,293.1499938964844,278.1499938964844,0.0,18000.0,313.1499938964844,0.0,18000.0,0.0,0.0,0.0,0.0,0.0,0.0,0.0,0.0,0.0,0.0,-0.0,-0.0,0.0,0.0,0.0,0.0,0.0,-0.0,0.0,0.0,0.0,0.0,0.0,0.0,0.0,0.0,0.0,4.0,0.0,0.0
11930160,297.04205322265625,303.1499938964844,285.1499938964844,0.0,-0.0,290.91229248046875,0.0,0.0,9.398602560395376e-05,297.1507873535156,303.1499938964844,285.1499938964844,0.0,-0.0,290.9123229980469,0.0,0.0,9.897182462736964e-05,297.1698913574219,303.1499938964844,285.1499938964844,0.0,-0.0,290.9123229980469,0.0,0.0,7.310025102924556e-05,297.1138000488281,303.1499938964844,285.1499938964844,0.0,-0.0,290.9123229980469,0.0,0.0,9.897182462736964e-05,297.4129638671875,303.1499938964844,285.1499938964844,0.0,-0.0,290.91229248046875,0.0,0.0,0.0004694796807598,290.8702392578125,294.1499938964844,282.54998779296875,282.235595703125,283.7053527832031,282.55010986328125,290.5113830566406,0.0,0.0,0.0,0.0,1.0,1.0,-0.0010014210129156,6.030226540332251e-09,0.0010014149593189,-0.0148505410179495,0.0,0.0,0.0,-0.0078022582456469,60.0,-5.471899509429932,-0.0,-6.83742769069795e-08,0.0,293.1499938964844,293.1499938964844,293.1499938964844,293.1499938964844,293.1499938964844,293.1499938964844,278.1499938964844,0.0,18000.0,313.1499938964844,0.0,18000.0,0.0,0.0,0.0,0.0,0.0,0.0,0.0,0.0,0.0,0.0,-0.0,-0.0,0.0,0.0,0.0,0.0,0.0,-0.0,0.0,0.0,0.0,0.0,0.0,0.0,0.0,0.0,0.0,4.0,0.0,0.0
11930220,297.04180908203125,303.1499938964844,285.1499938964844,0.0,-0.0,290.909912109375,0.0,0.0,9.392901847604662e-05,297.1491394042969,303.1499938964844,285.1499938964844,0.0,-0.0,290.90997314453125,0.0,0.0,9.8911790701095e-05,297.1684875488281,303.1499938964844,285.1499938964844,0.0,-0.0,290.90997314453125,0.0,0.0,7.305591134354472e-05,297.11236572265625,303.1499938964844,285.1499938964844,0.0,-0.0,290.90997314453125,0.0,0.0,9.8911790701095e-05,297.4121398925781,303.1499938964844,285.1499938964844,0.0,-0.0,290.9099426269531,0.0,0.0,0.0004691948997788,290.8676147460937,294.1499938964844,282.54998779296875,282.2285461425781,283.6849060058594,282.5500793457031,290.5074462890625,0.0,0.0,0.0,0.0,1.0,1.0,-0.001000813441351,5.959182480808067e-09,0.0010008075041696,-0.014664432965219,0.0,0.0,0.0,-0.007767038885504,60.0,-5.466089725494385,-0.0,-6.829133525343424e-08,0.0,293.1499938964844,293.1499938964844,293.1499938964844,293.1499938964844,293.1499938964844,293.1499938964844,278.1499938964844,0.0,18000.0,313.1499938964844,0.0,18000.0,0.0,0.0,0.0,0.0,0.0,0.0,0.0,0.0,0.0,0.0,-0.0,-0.0,0.0,0.0,0.0,0.0,0.0,-0.0,0.0,0.0,0.0,0.0,0.0,0.0,0.0,0.0,0.0,4.0,0.0,0.0
11930280,297.04180908203125,303.1499938964844,285.1499938964844,0.0,-0.0,290.909912109375,0.0,0.0,9.392901847604662e-05,297.1491394042969,303.1499938964844,285.1499938964844,0.0,-0.0,290.90997314453125,0.0,0.0,9.8911790701095e-05,297.1684875488281,303.1499938964844,285.1499938964844,0.0,-0.0,290.90997314453125,0.0,0.0,7.305591134354472e-05,297.11236572265625,303.1499938964844,285.1499938964844,0.0,-0.0,290.90997314453125,0.0,0.0,9.8911790701095e-05,297.4121398925781,303.1499938964844,285.1499938964844,0.0,-0.0,290.9099426269531,0.0,0.0,0.0004691948997788,290.8676147460937,294.1499938964844,282.54998779296875,282.2285461425781,283.6849060058594,282.5500793457031,290.5074462890625,0.0,0.0,0.0,0.0,1.0,1.0,-0.001000813441351,5.959182480808067e-09,0.0010008075041696,-0.014664432965219,0.0,0.0,0.0,-0.007767038885504,60.0,-5.466089725494385,-0.0,-6.829133525343424e-08,0.0,293.1499938964844,293.1499938964844,293.1499938964844,293.1499938964844,293.1499938964844,293.1499938964844,278.1499938964844,0.0,18000.0,313.1499938964844,0.0,18000.0,0.0,0.0,0.0,0.0,0.0,0.0,0.0,0.0,0.0,0.0,-0.0,-0.0,0.0,0.0,0.0,0.0,0.0,-0.0,0.0,0.0,0.0,0.0,0.0,0.0,0.0,0.0,0.0,4.0,0.0,0.0
11930340,297.0416259765625,303.1499938964844,285.1499938964844,0.0,-0.0,290.9075622558594,0.0,0.0,9.38659577514045e-05,297.1475524902344,303.1499938964844,285.1499938964844,0.0,-0.0,290.9075927734375,0.0,0.0,9.884538303595036e-05,297.1671142578125,303.1499938964844,285.1499938964844,0.0,-0.0,290.9075927734375,0.0,0.0,7.300686411326751e-05,297.1109924316406,303.1499938964844,285.1499938964844,0.0,-0.0,290.9075927734375,0.0,0.0,9.884538303595036e-05,297.411376953125,303.1499938964844,285.1499938964844,0.0,-0.0,290.9075622558594,0.0,0.0,0.0004688799090217,290.864990234375,294.1499938964844,282.54998779296875,282.2225341796875,283.66485595703125,282.5500793457031,290.5035400390625,0.0,0.0,0.0,0.0,1.0,1.0,-0.0010001413756981,5.8806013392143094e-09,0.001000135554932,-0.0144585780799388,0.0,0.0,0.0,-0.0077280830591917,60.0,-5.459910392761231,-0.0,-6.81996539242391e-08,0.0,293.1499938964844,293.1499938964844,293.1499938964844,293.1499938964844,293.1499938964844,293.1499938964844,278.1499938964844,0.0,18000.0,313.1499938964844,0.0,18000.0,0.0,0.0,0.0,0.0,0.0,0.0,0.0,0.0,0.0,0.0,-0.0,-0.0,0.0,0.0,0.0,0.0,0.0,-0.0,0.0,0.0,0.0,0.0,0.0,0.0,0.0,0.0,0.0,4.0,0.0,0.0
11930400,297.0416259765625,303.1499938964844,285.1499938964844,0.0,-0.0,290.9075622558594,0.0,0.0,9.38659577514045e-05,297.1475524902344,303.1499938964844,285.1499938964844,0.0,-0.0,290.9075927734375,0.0,0.0,9.884538303595036e-05,297.1671142578125,303.1499938964844,285.1499938964844,0.0,-0.0,290.9075927734375,0.0,0.0,7.300686411326751e-05,297.1109924316406,303.1499938964844,285.1499938964844,0.0,-0.0,290.9075927734375,0.0,0.0,9.884538303595036e-05,297.411376953125,303.1499938964844,285.1499938964844,0.0,-0.0,290.9075622558594,0.0,0.0,0.0004688799090217,290.864990234375,294.1499938964844,282.54998779296875,282.2225341796875,283.66485595703125,282.5500793457031,290.5035400390625,0.0,0.0,0.0,0.0,1.0,1.0,-0.0010001413756981,5.8806013392143094e-09,0.001000135554932,-0.0144585780799388,0.0,0.0,0.0,-0.0077280830591917,60.0,-5.459910392761231,-0.0,-6.81996539242391e-08,0.0,293.1499938964844,293.1499938964844,293.1499938964844,293.1499938964844,293.1499938964844,293.1499938964844,278.1499938964844,0.0,18000.0,313.1499938964844,0.0,18000.0,0.0,0.0,0.0,0.0,0.0,0.0,0.0,0.0,0.0,0.0,-0.0,-0.0,0.0,0.0,0.0,0.0,0.0,-0.0,0.0,0.0,0.0,0.0,0.0,0.0,0.0,0.0,0.0,4.0,0.0,0.0
11930460,297.0417785644531,303.1499938964844,285.1499938964844,0.0,-0.0,290.9051818847656,0.0,0.0,9.375897207064554e-05,297.1460266113281,303.1499938964844,285.1499938964844,0.0,-0.0,290.9052124023437,0.0,0.0,9.873271483229472e-05,297.16583251953125,303.1499938964844,285.1499938964844,0.0,-0.0,290.9052124023437,0.0,0.0,7.29236489860341e-05,297.1096496582031,303.1499938964844,285.1499938964844,0.0,-0.0,290.9052124023437,0.0,0.0,9.873271483229472e-05,297.4106140136719,303.1499938964844,285.1499938964844,0.0,-0.0,290.9051818847656,0.0,0.0,0.0004683454753831,290.86236572265625,294.1499938964844,282.54998779296875,282.2172241210937,283.6451721191406,282.550048828125,290.4996032714844,0.0,0.0,0.0,0.0,1.0,1.0,-0.0009990016696974,5.747288867041789e-09,0.0009989958489313,-0.0141093423590064,0.0,0.0,0.0,-0.0076619954779744,60.0,-5.452392101287842,-0.0,-6.804425822792838e-08,0.0,293.1499938964844,293.1499938964844,293.1499938964844,293.1499938964844,293.1499938964844,293.1499938964844,278.1499938964844,0.0,18000.0,313.1499938964844,0.0,18000.0,0.0,0.0,0.0,0.0,0.0,0.0,0.0,0.0,0.0,0.0,-0.0,-0.0,0.0,0.0,0.0,0.0,0.0,-0.0,0.0,0.0,0.0,0.0,0.0,0.0,0.0,0.0,0.0,4.0,0.0,0.0
11930520,297.0417785644531,303.1499938964844,285.1499938964844,0.0,-0.0,290.9051818847656,0.0,0.0,9.375897207064554e-05,297.1460266113281,303.1499938964844,285.1499938964844,0.0,-0.0,290.9052124023437,0.0,0.0,9.873271483229472e-05,297.16583251953125,303.1499938964844,285.1499938964844,0.0,-0.0,290.9052124023437,0.0,0.0,7.29236489860341e-05,297.1096496582031,303.1499938964844,285.1499938964844,0.0,-0.0,290.9052124023437,0.0,0.0,9.873271483229472e-05,297.4106140136719,303.1499938964844,285.1499938964844,0.0,-0.0,290.9051818847656,0.0,0.0,0.0004683454753831,290.86236572265625,294.1499938964844,282.54998779296875,282.2172241210937,283.6451721191406,282.550048828125,290.4996032714844,0.0,0.0,0.0,0.0,1.0,1.0,-0.0009990016696974,5.747288867041789e-09,0.0009989958489313,-0.0141093423590064,0.0,0.0,0.0,-0.0076619954779744,60.0,-5.452392101287842,-0.0,-6.804425822792838e-08,0.0,293.1499938964844,293.1499938964844,293.1499938964844,293.1499938964844,293.1499938964844,293.1499938964844,278.1499938964844,0.0,18000.0,313.1499938964844,0.0,18000.0,0.0,0.0,0.0,0.0,0.0,0.0,0.0,0.0,0.0,0.0,-0.0,-0.0,0.0,0.0,0.0,0.0,0.0,-0.0,0.0,0.0,0.0,0.0,0.0,0.0,0.0,0.0,0.0,4.0,0.0,0.0
11930580,297.0428466796875,303.1499938964844,285.1499938964844,0.0,-0.0,290.9028015136719,0.0,0.0,9.358235547551884e-05,297.1446533203125,303.1499938964844,285.1499938964844,0.0,-0.0,290.90283203125,0.0,0.0,9.85467340797186e-05,297.1647644042969,303.1499938964844,285.1499938964844,0.0,-0.0,290.90283203125,0.0,0.0,7.278627890627831e-05,297.10845947265625,303.1499938964844,285.1499938964844,0.0,-0.0,290.90283203125,0.0,0.0,9.85467340797186e-05,297.4099426269531,303.1499938964844,285.1499938964844,0.0,-0.0,290.9028015136719,0.0,0.0,0.0004674632509704,290.8597412109375,294.1499938964844,282.54998779296875,282.2122802734375,283.6258544921875,282.550048828125,290.4956970214844,0.0,0.0,0.0,0.0,1.0,1.0,-0.0009971198160201,5.527230673152417e-09,0.0009971142280846,-0.0135328499600291,0.0,0.0,0.0,-0.0075529036112129,60.0,-5.441445350646973,-0.0,-6.778812888796892e-08,0.0,293.1499938964844,293.1499938964844,293.1499938964844,293.1499938964844,293.1499938964844,293.1499938964844,278.1499938964844,0.0,18000.0,313.1499938964844,0.0,18000.0,0.0,0.0,0.0,0.0,0.0,0.0,0.0,0.0,0.0,0.0,-0.0,-0.0,0.0,0.0,0.0,0.0,0.0,-0.0,0.0,0.0,0.0,0.0,0.0,0.0,0.0,0.0,0.0,4.0,0.0,0.0
11930640,297.0428466796875,303.1499938964844,285.1499938964844,0.0,-0.0,290.9028015136719,0.0,0.0,9.358235547551884e-05,297.1446533203125,303.1499938964844,285.1499938964844,0.0,-0.0,290.90283203125,0.0,0.0,9.85467340797186e-05,297.1647644042969,303.1499938964844,285.1499938964844,0.0,-0.0,290.90283203125,0.0,0.0,7.278627890627831e-05,297.10845947265625,303.1499938964844,285.1499938964844,0.0,-0.0,290.90283203125,0.0,0.0,9.85467340797186e-05,297.4099426269531,303.1499938964844,285.1499938964844,0.0,-0.0,290.9028015136719,0.0,0.0,0.0004674632509704,290.8597412109375,294.1499938964844,282.54998779296875,282.2122802734375,283.6258544921875,282.550048828125,290.4956970214844,0.0,0.0,0.0,0.0,1.0,1.0,-0.0009971198160201,5.527230673152417e-09,0.0009971142280846,-0.0135328499600291,0.0,0.0,0.0,-0.0075529036112129,60.0,-5.441445350646973,-0.0,-6.778812888796892e-08,0.0,293.1499938964844,293.1499938964844,293.1499938964844,293.1499938964844,293.1499938964844,293.1499938964844,278.1499938964844,0.0,18000.0,313.1499938964844,0.0,18000.0,0.0,0.0,0.0,0.0,0.0,0.0,0.0,0.0,0.0,0.0,-0.0,-0.0,0.0,0.0,0.0,0.0,0.0,-0.0,0.0,0.0,0.0,0.0,0.0,0.0,0.0,0.0,0.0,4.0,0.0,0.0
11930700,297.04376220703125,303.1499938964844,285.1499938964844,0.0,-0.0,290.901611328125,0.0,0.0,9.34705458348617e-05,297.14404296875,303.1499938964844,285.1499938964844,0.0,-0.0,290.9016418457031,0.0,0.0,9.842898725764826e-05,297.1643371582031,303.1499938964844,285.1499938964844,0.0,-0.0,290.9016418457031,0.0,0.0,7.269931666087359e-05,297.10791015625,303.1499938964844,285.1499938964844,0.0,-0.0,290.9016418457031,0.0,0.0,9.842899453360587e-05,297.40966796875,303.1499938964844,285.1499938964844,0.0,-0.0,290.901611328125,0.0,0.0,0.0004669047193601,290.8583984375,294.1499938964844,282.54998779296875,282.2099609375,283.6163330078125,282.550048828125,290.4937438964844,0.0,0.0,0.0,0.0,1.0,1.0,-0.0009959285380318,5.387920332111662e-09,0.0009959230665117,-0.0131678879261016,0.0,0.0,0.0,-0.0074838418513536,60.0,-5.434626579284668,-0.0,-6.762623172562598e-08,0.0,293.1499938964844,293.1499938964844,293.1499938964844,293.1499938964844,293.1499938964844,293.1499938964844,278.1499938964844,0.0,18000.0,313.1499938964844,0.0,18000.0,0.0,0.0,0.0,0.0,0.0,0.0,0.0,0.0,0.0,0.0,-0.0,-0.0,0.0,0.0,0.0,0.0,0.0,-0.0,0.0,0.0,0.0,0.0,0.0,0.0,0.0,0.0,0.0,4.0,0.0,0.0
11930760,297.0450134277344,303.1499938964844,285.1499938964844,0.0,-0.0,290.900390625,0.0,0.0,9.334397327620536e-05,297.1434936523437,303.1499938964844,285.1499938964844,0.0,-0.0,290.90045166015625,0.0,0.0,9.829570626607163e-05,297.1639709472656,303.1499938964844,285.1499938964844,0.0,-0.0,290.90045166015625,0.0,0.0,7.260087295435369e-05,297.1074523925781,303.1499938964844,285.1499938964844,0.0,-0.0,290.90045166015625,0.0,0.0,9.829570626607163e-05,297.4093933105469,303.1499938964844,285.1499938964844,0.0,-0.0,290.9004211425781,0.0,0.0,0.0004662724677473,290.8570861816406,294.1499938964844,282.54998779296875,282.20770263671875,283.6069030761719,282.550048828125,290.4917907714844,0.0,0.0,0.0,0.0,1.0,1.0,-0.0009945799829438,5.230217592355757e-09,0.0009945747442543,-0.0127547355368733,0.0,0.0,0.0,-0.0074056624434888,60.0,-5.426945209503174,-0.0,-6.744319591689418e-08,0.0,293.1499938964844,293.1499938964844,293.1499938964844,293.1499938964844,293.1499938964844,293.1499938964844,278.1499938964844,0.0,18000.0,313.1499938964844,0.0,18000.0,0.0,0.0,0.0,0.0,0.0,0.0,0.0,0.0,0.0,0.0,-0.0,-0.0,0.0,0.0,0.0,0.0,0.0,-0.0,0.0,0.0,0.0,0.0,0.0,0.0,0.0,0.0,0.0,4.0,0.0,0.0
11930820,297.0483703613281,303.1499938964844,285.1499938964844,0.0,-0.0,290.89801025390625,0.0,0.0,9.305708226747812e-05,297.142578125,303.1499938964844,285.1499938964844,0.0,-0.0,290.8980407714844,0.0,0.0,9.799359395401552e-05,297.1634826660156,303.1499938964844,285.1499938964844,0.0,-0.0,290.8980712890625,0.0,0.0,7.237773388624191e-05,297.1066589355469,303.1499938964844,285.1499938964844,0.0,-0.0,290.8980407714844,0.0,0.0,9.799359395401552e-05,297.4090270996094,303.1499938964844,285.1499938964844,0.0,-0.0,290.89801025390625,0.0,0.0,0.0004648393951356,290.8544311523437,294.1499938964844,282.54998779296875,282.2034912109375,283.5883483886719,282.5500183105469,290.48785400390625,0.0,0.0,0.0,0.0,1.0,1.0,-0.0009915231494233,4.872771963704281e-09,0.0009915182599797,-0.0118182701990008,0.0,0.0,0.0,-0.0072284615598618,60.0,-5.409302234649658,-0.0,-6.702924792989506e-08,0.0,293.1499938964844,293.1499938964844,293.1499938964844,293.1499938964844,293.1499938964844,293.1499938964844,278.1499938964844,0.0,18000.0,313.1499938964844,0.0,18000.0,0.0,0.0,0.0,0.0,0.0,0.0,0.0,0.0,0.0,0.0,-0.0,-0.0,0.0,0.0,0.0,0.0,0.0,-0.0,0.0,0.0,0.0,0.0,0.0,0.0,0.0,0.0,0.0,4.0,0.0,0.0
11930880,297.0483703613281,303.1499938964844,285.1499938964844,0.0,-0.0,290.89801025390625,0.0,0.0,9.305708226747812e-05,297.142578125,303.1499938964844,285.1499938964844,0.0,-0.0,290.8980407714844,0.0,0.0,9.799359395401552e-05,297.1634826660156,303.1499938964844,285.1499938964844,0.0,-0.0,290.8980712890625,0.0,0.0,7.237773388624191e-05,297.1066589355469,303.1499938964844,285.1499938964844,0.0,-0.0,290.8980407714844,0.0,0.0,9.799359395401552e-05,297.4090270996094,303.1499938964844,285.1499938964844,0.0,-0.0,290.89801025390625,0.0,0.0,0.0004648393951356,290.8544311523437,294.1499938964844,282.54998779296875,282.2034912109375,283.5883483886719,282.5500183105469,290.48785400390625,0.0,0.0,0.0,0.0,1.0,1.0,-0.0009915231494233,4.872771963704281e-09,0.0009915182599797,-0.0118182701990008,0.0,0.0,0.0,-0.0072284615598618,60.0,-5.409302234649658,-0.0,-6.702924792989506e-08,0.0,293.1499938964844,293.1499938964844,293.1499938964844,293.1499938964844,293.1499938964844,293.1499938964844,278.1499938964844,0.0,18000.0,313.1499938964844,0.0,18000.0,0.0,0.0,0.0,0.0,0.0,0.0,0.0,0.0,0.0,0.0,-0.0,-0.0,0.0,0.0,0.0,0.0,0.0,-0.0,0.0,0.0,0.0,0.0,0.0,0.0,0.0,0.0,0.0,4.0,0.0,0.0
11930940,297.0530700683594,303.1499938964844,285.1499938964844,0.0,-0.0,290.8956298828125,0.0,0.0,9.27327200770378e-05,297.1419372558594,303.1499938964844,285.1499938964844,0.0,-0.0,290.8956604003906,0.0,0.0,9.76520313997753e-05,297.163330078125,303.1499938964844,285.1499938964844,0.0,-0.0,290.8956604003906,0.0,0.0,7.212545460788533e-05,297.1061706542969,303.1499938964844,285.1499938964844,0.0,-0.0,290.8956604003906,0.0,0.0,9.76520313997753e-05,297.4089050292969,303.1499938964844,285.1499938964844,0.0,-0.0,290.8956298828125,0.0,0.0,0.0004632191557902,290.851806640625,294.1499938964844,282.54998779296875,282.1996459960937,283.5701599121094,282.5500183105469,290.48394775390625,0.0,0.0,0.0,0.0,1.0,1.0,-0.0009880670113489,4.468645453670206e-09,0.0009880625875666,-0.0107594700530171,0.0,0.0,0.0,-0.0070281187072396,60.0,-5.3889689445495605,-0.0,-6.656277662386857e-08,0.0,293.1499938964844,293.1499938964844,293.1499938964844,293.1499938964844,293.1499938964844,293.1499938964844,278.1499938964844,0.0,18000.0,313.1499938964844,0.0,18000.0,0.0,0.0,0.0,0.0,0.0,0.0,0.0,0.0,0.0,0.0,-0.0,-0.0,0.0,0.0,0.0,0.0,0.0,-0.0,0.0,0.0,0.0,0.0,0.0,0.0,0.0,0.0,0.0,4.0,0.0,0.0
11931000,297.0530700683594,303.1499938964844,285.1499938964844,0.0,-0.0,290.8956298828125,0.0,0.0,9.27327200770378e-05,297.1419372558594,303.1499938964844,285.1499938964844,0.0,-0.0,290.8956604003906,0.0,0.0,9.76520313997753e-05,297.163330078125,303.1499938964844,285.1499938964844,0.0,-0.0,290.8956604003906,0.0,0.0,7.212545460788533e-05,297.1061706542969,303.1499938964844,285.1499938964844,0.0,-0.0,290.8956604003906,0.0,0.0,9.76520313997753e-05,297.4089050292969,303.1499938964844,285.1499938964844,0.0,-0.0,290.8956298828125,0.0,0.0,0.0004632191557902,290.851806640625,294.1499938964844,282.54998779296875,282.1996459960937,283.5701599121094,282.5500183105469,290.48394775390625,0.0,0.0,0.0,0.0,1.0,1.0,-0.0009880670113489,4.468645453670206e-09,0.0009880625875666,-0.0107594700530171,0.0,0.0,0.0,-0.0070281187072396,60.0,-5.3889689445495605,-0.0,-6.656277662386857e-08,0.0,293.1499938964844,293.1499938964844,293.1499938964844,293.1499938964844,293.1499938964844,293.1499938964844,278.1499938964844,0.0,18000.0,313.1499938964844,0.0,18000.0,0.0,0.0,0.0,0.0,0.0,0.0,0.0,0.0,0.0,0.0,-0.0,-0.0,0.0,0.0,0.0,0.0,0.0,-0.0,0.0,0.0,0.0,0.0,0.0,0.0,0.0,0.0,0.0,4.0,0.0,0.0
11931060,297.058837890625,303.1499938964844,285.1499938964844,0.0,-0.0,290.8932189941406,0.0,0.0,9.238472557626665e-05,297.1415710449219,303.1499938964844,285.1499938964844,0.0,-0.0,290.89324951171875,0.0,0.0,9.728557051857932e-05,297.1634826660156,303.1499938964844,285.1499938964844,0.0,-0.0,290.8932800292969,0.0,0.0,7.185479626059532e-05,297.1058044433594,303.1499938964844,285.1499938964844,0.0,-0.0,290.89324951171875,0.0,0.0,9.728557779453696e-05,297.40899658203125,303.1499938964844,285.1499938964844,0.0,-0.0,290.89324951171875,0.0,0.0,0.0004614808422047,290.8491516113281,294.1499938964844,282.54998779296875,282.1961669921875,283.5523681640625,282.5500183105469,290.4800109863281,0.0,0.0,0.0,0.0,1.0,1.0,-0.0009843591833487,4.035074940844652e-09,0.0009843551088124,-0.0096234874799847,0.0,0.0,0.0,-0.0068131792359054,60.0,-5.366917133331299,-0.0,-6.606412483733949e-08,0.0,293.1499938964844,293.1499938964844,293.1499938964844,293.1499938964844,293.1499938964844,293.1499938964844,278.1499938964844,0.0,18000.0,313.1499938964844,0.0,18000.0,0.0,0.0,0.0,0.0,0.0,0.0,0.0,0.0,0.0,0.0,-0.0,-0.0,0.0,0.0,0.0,0.0,0.0,-0.0,0.0,0.0,0.0,0.0,0.0,0.0,0.0,0.0,0.0,4.0,0.0,0.0
11931120,297.058837890625,303.1499938964844,285.1499938964844,0.0,-0.0,290.8932189941406,0.0,0.0,9.238472557626665e-05,297.1415710449219,303.1499938964844,285.1499938964844,0.0,-0.0,290.89324951171875,0.0,0.0,9.728557051857932e-05,297.1634826660156,303.1499938964844,285.1499938964844,0.0,-0.0,290.8932800292969,0.0,0.0,7.185479626059532e-05,297.1058044433594,303.1499938964844,285.1499938964844,0.0,-0.0,290.89324951171875,0.0,0.0,9.728557779453696e-05,297.40899658203125,303.1499938964844,285.1499938964844,0.0,-0.0,290.89324951171875,0.0,0.0,0.0004614808422047,290.8491516113281,294.1499938964844,282.54998779296875,282.1961669921875,283.5523681640625,282.5500183105469,290.4800109863281,0.0,0.0,0.0,0.0,1.0,1.0,-0.0009843591833487,4.035074940844652e-09,0.0009843551088124,-0.0096234874799847,0.0,0.0,0.0,-0.0068131792359054,60.0,-5.366917133331299,-0.0,-6.606412483733949e-08,0.0,293.1499938964844,293.1499938964844,293.1499938964844,293.1499938964844,293.1499938964844,293.1499938964844,278.1499938964844,0.0,18000.0,313.1499938964844,0.0,18000.0,0.0,0.0,0.0,0.0,0.0,0.0,0.0,0.0,0.0,0.0,-0.0,-0.0,0.0,0.0,0.0,0.0,0.0,-0.0,0.0,0.0,0.0,0.0,0.0,0.0,0.0,0.0,0.0,4.0,0.0,0.0
11931180,297.06561279296875,303.1499938964844,285.1499938964844,0.0,-0.0,290.8908386230469,0.0,0.0,9.202660294249654e-05,297.1414489746094,303.1499938964844,285.1499938964844,0.0,-0.0,290.890869140625,0.0,0.0,9.69084576354362e-05,297.1639404296875,303.1499938964844,285.1499938964844,0.0,-0.0,290.890869140625,0.0,0.0,7.157625805120915e-05,297.1040954589844,303.1499938964844,285.1499938964844,0.0,-0.0,290.890869140625,0.0,0.0,9.69084576354362e-05,297.4093017578125,303.1499938964844,285.1499938964844,0.0,-0.0,290.8908386230469,0.0,0.0,0.0004596919752657,290.84649658203125,294.1499938964844,282.54998779296875,282.19305419921875,283.5349426269531,282.5500183105469,290.4761047363281,0.0,0.0,0.0,0.0,1.0,1.0,-0.0009805432055145,3.588887853567257e-09,0.0009805397130548,-0.0084544112905859,0.0,0.0,0.0,-0.0065919845364987,60.0,-5.343870639801025,-0.0,-6.555291776066953e-08,0.0,293.1499938964844,293.1499938964844,293.1499938964844,293.1499938964844,293.1499938964844,293.1499938964844,278.1499938964844,0.0,18000.0,313.1499938964844,0.0,18000.0,0.0,0.0,0.0,0.0,0.0,0.0,0.0,0.0,0.0,0.0,-0.0,-0.0,0.0,0.0,0.0,0.0,0.0,-0.0,0.0,0.0,0.0,0.0,0.0,0.0,0.0,0.0,0.0,4.0,0.0,0.0
11931240,297.06561279296875,303.1499938964844,285.1499938964844,0.0,-0.0,290.8908386230469,0.0,0.0,9.202660294249654e-05,297.1414489746094,303.1499938964844,285.1499938964844,0.0,-0.0,290.890869140625,0.0,0.0,9.69084576354362e-05,297.1639404296875,303.1499938964844,285.1499938964844,0.0,-0.0,290.890869140625,0.0,0.0,7.157625805120915e-05,297.1040954589844,303.1499938964844,285.1499938964844,0.0,-0.0,290.890869140625,0.0,0.0,9.69084576354362e-05,297.4093017578125,303.1499938964844,285.1499938964844,0.0,-0.0,290.8908386230469,0.0,0.0,0.0004596919752657,290.84649658203125,294.1499938964844,282.54998779296875,282.19305419921875,283.5349426269531,282.5500183105469,290.4761047363281,0.0,0.0,0.0,0.0,1.0,1.0,-0.0009805432055145,3.588887853567257e-09,0.0009805397130548,-0.0084544112905859,0.0,0.0,0.0,-0.0065919845364987,60.0,-5.343870639801025,-0.0,-6.555291776066953e-08,0.0,293.1499938964844,293.1499938964844,293.1499938964844,293.1499938964844,293.1499938964844,293.1499938964844,278.1499938964844,0.0,18000.0,313.1499938964844,0.0,18000.0,0.0,0.0,0.0,0.0,0.0,0.0,0.0,0.0,0.0,0.0,-0.0,-0.0,0.0,0.0,0.0,0.0,0.0,-0.0,0.0,0.0,0.0,0.0,0.0,0.0,0.0,0.0,0.0,4.0,0.0,0.0
11931300,297.0693054199219,303.1499938964844,285.1499938964844,0.0,-0.0,290.8896179199219,0.0,0.0,9.184827649733052e-05,297.1414794921875,303.1499938964844,285.1499938964844,0.0,-0.0,290.8896789550781,0.0,0.0,9.672065789345652e-05,297.1642761230469,303.1499938964844,285.1499938964844,0.0,-0.0,290.8896789550781,0.0,0.0,7.143754919525236e-05,297.1026916503906,303.1499938964844,285.1499938964844,0.0,-0.0,290.8896789550781,0.0,0.0,9.672066516941412e-05,297.4095153808594,303.1499938964844,285.1499938964844,0.0,-0.0,290.8896484375,0.0,0.0,0.0004588011652231,290.8451843261719,294.1499938964844,282.54998779296875,282.191650390625,283.5263671875,282.5500183105469,290.4741516113281,0.0,0.0,0.0,0.0,1.0,1.0,-0.0009786430746316,3.3667024723627037e-09,0.0009786396985873,-0.0078722387552261,0.0,0.0,0.0,-0.006481837015599,60.0,-5.332218170166016,-0.0,-6.529909057917396e-08,0.0,293.1499938964844,293.1499938964844,293.1499938964844,293.1499938964844,293.1499938964844,293.1499938964844,278.1499938964844,0.0,18000.0,313.1499938964844,0.0,18000.0,0.0,0.0,0.0,0.0,0.0,0.0,0.0,0.0,0.0,0.0,-0.0,-0.0,0.0,0.0,0.0,0.0,0.0,-0.0,0.0,0.0,0.0,0.0,0.0,0.0,0.0,0.0,0.0,4.0,0.0,0.0
11931360,297.0731506347656,303.1499938964844,285.1499938964844,0.0,-0.0,290.888427734375,0.0,0.0,9.167250391328707e-05,297.1415405273437,303.1499938964844,285.1499938964844,0.0,-0.0,290.8884582519531,0.0,0.0,9.65355648077093e-05,297.1646423339844,303.1499938964844,285.1499938964844,0.0,-0.0,290.88848876953125,0.0,0.0,7.130084122763947e-05,297.10113525390625,303.1499938964844,285.1499938964844,0.0,-0.0,290.8884582519531,0.0,0.0,9.65355648077093e-05,297.4097595214844,303.1499938964844,285.1499938964844,0.0,-0.0,290.8884582519531,0.0,0.0,0.000457923131762,290.8438720703125,294.1499938964844,282.54998779296875,282.1903076171875,283.5179138183594,282.5500183105469,290.4721984863281,0.0,0.0,0.0,0.0,1.0,1.0,-0.0009767700685188,3.147708538264737e-09,0.0009767669253051,-0.0072984215803444,0.0,0.0,0.0,-0.0063732718117535,60.0,-5.320620536804199,-0.0,-6.504939875640049e-08,0.0,293.1499938964844,293.1499938964844,293.1499938964844,293.1499938964844,293.1499938964844,293.1499938964844,278.1499938964844,0.0,18000.0,313.1499938964844,0.0,18000.0,0.0,0.0,0.0,0.0,0.0,0.0,0.0,0.0,0.0,0.0,-0.0,-0.0,0.0,0.0,0.0,0.0,0.0,-0.0,0.0,0.0,0.0,0.0,0.0,0.0,0.0,0.0,0.0,4.0,0.0,0.0
11931420,297.0812072753906,303.1499938964844,285.1499938964844,0.0,-0.0,290.88604736328125,0.0,0.0,9.133598359767348e-05,297.1417541503906,303.1499938964844,285.1499938964844,0.0,-0.0,290.8860778808594,0.0,0.0,9.61811892921105e-05,297.1654968261719,303.1499938964844,285.1499938964844,0.0,-0.0,290.8860778808594,0.0,0.0,7.103910320438445e-05,297.097900390625,303.1499938964844,285.1499938964844,0.0,-0.0,290.8860778808594,0.0,0.0,9.61811892921105e-05,297.4102783203125,303.1499938964844,285.1499938964844,0.0,-0.0,290.88604736328125,0.0,0.0,0.0004562421527225,290.8412170410156,294.1499938964844,282.54998779296875,282.1879272460937,283.501220703125,282.5500183105469,290.4682922363281,0.0,0.0,0.0,0.0,1.0,1.0,-0.0009731843601912,2.728435699594911e-09,0.0009731816244311,-0.006199805997312,0.0,0.0,0.0,-0.0061654197052121,60.0,-5.2979736328125,-0.0,-6.457268142412431e-08,0.0,293.1499938964844,293.1499938964844,293.1499938964844,293.1499938964844,293.1499938964844,293.1499938964844,278.1499938964844,0.0,18000.0,313.1499938964844,0.0,18000.0,0.0,0.0,0.0,0.0,0.0,0.0,0.0,0.0,0.0,0.0,-0.0,-0.0,0.0,0.0,0.0,0.0,0.0,-0.0,0.0,0.0,0.0,0.0,0.0,0.0,0.0,0.0,0.0,4.0,0.0,0.0
11931480,297.0812072753906,303.1499938964844,285.1499938964844,0.0,-0.0,290.88604736328125,0.0,0.0,9.133598359767348e-05,297.1417541503906,303.1499938964844,285.1499938964844,0.0,-0.0,290.8860778808594,0.0,0.0,9.61811892921105e-05,297.1654968261719,303.1499938964844,285.1499938964844,0.0,-0.0,290.8860778808594,0.0,0.0,7.103910320438445e-05,297.097900390625,303.1499938964844,285.1499938964844,0.0,-0.0,290.8860778808594,0.0,0.0,9.61811892921105e-05,297.4102783203125,303.1499938964844,285.1499938964844,0.0,-0.0,290.88604736328125,0.0,0.0,0.0004562421527225,290.8412170410156,294.1499938964844,282.54998779296875,282.1879272460937,283.501220703125,282.5500183105469,290.4682922363281,0.0,0.0,0.0,0.0,1.0,1.0,-0.0009731843601912,2.728435699594911e-09,0.0009731816244311,-0.006199805997312,0.0,0.0,0.0,-0.0061654197052121,60.0,-5.2979736328125,-0.0,-6.457268142412431e-08,0.0,293.1499938964844,293.1499938964844,293.1499938964844,293.1499938964844,293.1499938964844,293.1499938964844,278.1499938964844,0.0,18000.0,313.1499938964844,0.0,18000.0,0.0,0.0,0.0,0.0,0.0,0.0,0.0,0.0,0.0,0.0,-0.0,-0.0,0.0,0.0,0.0,0.0,0.0,-0.0,0.0,0.0,0.0,0.0,0.0,0.0,0.0,0.0,0.0,4.0,0.0,0.0
11931540,297.0895080566406,303.1499938964844,285.1499938964844,0.0,-0.0,290.8836364746094,0.0,0.0,9.102985495701432e-05,297.14208984375,303.1499938964844,285.1499938964844,0.0,-0.0,290.8836669921875,0.0,0.0,9.58588279900141e-05,297.1664123535156,303.1499938964844,285.1499938964844,0.0,-0.0,290.8836669921875,0.0,0.0,7.080100476741791e-05,297.0950012207031,303.1499938964844,285.1499938964844,0.0,-0.0,290.8836669921875,0.0,0.0,9.58588279900141e-05,297.4108581542969,303.1499938964844,285.1499938964844,0.0,-0.0,290.8836364746094,0.0,0.0,0.0004547129792626,290.83856201171875,294.1499938964844,282.54998779296875,282.1859130859375,283.48486328125,282.5500183105469,290.4643859863281,0.0,0.0,0.0,0.0,1.0,1.0,-0.0009699223446659,2.347033678518073e-09,0.0009699200163595,-0.0052004028111696,0.0,0.0,0.0,-0.0059763411991298,60.0,-5.276715278625488,-0.0,-6.414054354308973e-08,0.0,293.1499938964844,293.1499938964844,293.1499938964844,293.1499938964844,293.1499938964844,293.1499938964844,278.1499938964844,0.0,18000.0,313.1499938964844,0.0,18000.0,0.0,0.0,0.0,0.0,0.0,0.0,0.0,0.0,0.0,0.0,-0.0,-0.0,0.0,0.0,0.0,0.0,0.0,-0.0,0.0,0.0,0.0,0.0,0.0,0.0,0.0,0.0,0.0,4.0,0.0,0.0
11931600,297.0895080566406,303.1499938964844,285.1499938964844,0.0,-0.0,290.8836364746094,0.0,0.0,9.102985495701432e-05,297.14208984375,303.1499938964844,285.1499938964844,0.0,-0.0,290.8836669921875,0.0,0.0,9.58588279900141e-05,297.1664123535156,303.1499938964844,285.1499938964844,0.0,-0.0,290.8836669921875,0.0,0.0,7.080100476741791e-05,297.0950012207031,303.1499938964844,285.1499938964844,0.0,-0.0,290.8836669921875,0.0,0.0,9.58588279900141e-05,297.4108581542969,303.1499938964844,285.1499938964844,0.0,-0.0,290.8836364746094,0.0,0.0,0.0004547129792626,290.83856201171875,294.1499938964844,282.54998779296875,282.1859130859375,283.48486328125,282.5500183105469,290.4643859863281,0.0,0.0,0.0,0.0,1.0,1.0,-0.0009699223446659,2.347033678518073e-09,0.0009699200163595,-0.0052004028111696,0.0,0.0,0.0,-0.0059763411991298,60.0,-5.276715278625488,-0.0,-6.414054354308973e-08,0.0,293.1499938964844,293.1499938964844,293.1499938964844,293.1499938964844,293.1499938964844,293.1499938964844,278.1499938964844,0.0,18000.0,313.1499938964844,0.0,18000.0,0.0,0.0,0.0,0.0,0.0,0.0,0.0,0.0,0.0,0.0,-0.0,-0.0,0.0,0.0,0.0,0.0,0.0,-0.0,0.0,0.0,0.0,0.0,0.0,0.0,0.0,0.0,0.0,4.0,0.0,0.0
11931660,297.0978088378906,303.1499938964844,285.1499938964844,0.0,-0.0,290.8812255859375,0.0,0.0,9.076402056962252e-05,297.1424560546875,303.1499938964844,285.1499938964844,0.0,-0.0,290.8812866210937,0.0,0.0,9.5578892796766e-05,297.1673889160156,303.1499938964844,285.1499938964844,0.0,-0.0,290.8812866210937,0.0,0.0,7.059424387989566e-05,297.0927429199219,303.1499938964844,285.1499938964844,0.0,-0.0,290.8812866210937,0.0,0.0,9.5578892796766e-05,297.4115600585937,303.1499938964844,285.1499938964844,0.0,-0.0,290.8812561035156,0.0,0.0,0.0004533850878942,290.8359375,294.1499938964844,282.54998779296875,282.18426513671875,283.4688720703125,282.5500183105469,290.4604797363281,0.0,0.0,0.0,0.0,1.0,1.0,-0.0009670896688476,2.015830613544267e-09,0.0009670876315794,-0.0043325256556272,0.0,0.0,0.0,-0.0058121480979025,60.0,-5.257500648498535,-0.0,-6.376645700356677e-08,0.0,293.1499938964844,293.1499938964844,293.1499938964844,293.1499938964844,293.1499938964844,293.1499938964844,278.1499938964844,0.0,18000.0,313.1499938964844,0.0,18000.0,0.0,0.0,0.0,0.0,0.0,0.0,0.0,0.0,0.0,0.0,-0.0,-0.0,0.0,0.0,0.0,0.0,0.0,-0.0,0.0,0.0,0.0,0.0,0.0,0.0,0.0,0.0,0.0,4.0,0.0,0.0
11931720,297.0978088378906,303.1499938964844,285.1499938964844,0.0,-0.0,290.8812255859375,0.0,0.0,9.076402056962252e-05,297.1424560546875,303.1499938964844,285.1499938964844,0.0,-0.0,290.8812866210937,0.0,0.0,9.5578892796766e-05,297.1673889160156,303.1499938964844,285.1499938964844,0.0,-0.0,290.8812866210937,0.0,0.0,7.059424387989566e-05,297.0927429199219,303.1499938964844,285.1499938964844,0.0,-0.0,290.8812866210937,0.0,0.0,9.5578892796766e-05,297.4115600585937,303.1499938964844,285.1499938964844,0.0,-0.0,290.8812561035156,0.0,0.0,0.0004533850878942,290.8359375,294.1499938964844,282.54998779296875,282.18426513671875,283.4688720703125,282.5500183105469,290.4604797363281,0.0,0.0,0.0,0.0,1.0,1.0,-0.0009670896688476,2.015830613544267e-09,0.0009670876315794,-0.0043325256556272,0.0,0.0,0.0,-0.0058121480979025,60.0,-5.257500648498535,-0.0,-6.376645700356677e-08,0.0,293.1499938964844,293.1499938964844,293.1499938964844,293.1499938964844,293.1499938964844,293.1499938964844,278.1499938964844,0.0,18000.0,313.1499938964844,0.0,18000.0,0.0,0.0,0.0,0.0,0.0,0.0,0.0,0.0,0.0,0.0,-0.0,-0.0,0.0,0.0,0.0,0.0,0.0,-0.0,0.0,0.0,0.0,0.0,0.0,0.0,0.0,0.0,0.0,4.0,0.0,0.0
11931780,297.1058654785156,303.1499938964844,285.1499938964844,0.0,-0.0,290.8788452148437,0.0,0.0,9.054438851308078e-05,297.142822265625,303.1499938964844,285.1499938964844,0.0,-0.0,290.8788757324219,0.0,0.0,9.534761193208396e-05,297.1683044433594,303.1499938964844,285.1499938964844,0.0,-0.0,290.8788757324219,0.0,0.0,7.042341894702986e-05,297.09136962890625,303.1499938964844,285.1499938964844,0.0,-0.0,290.8788757324219,0.0,0.0,9.534761193208396e-05,297.412353515625,303.1499938964844,285.1499938964844,0.0,-0.0,290.8788452148437,0.0,0.0,0.0004522879899013,290.8332824707031,294.1499938964844,282.54998779296875,282.1829833984375,283.45318603515625,282.5500183105469,290.45660400390625,0.0,0.0,0.0,0.0,1.0,1.0,-0.0009647493134252,1.742195165910232e-09,0.0009647475671954,-0.0036154903937131,0.0,0.0,0.0,-0.0056764939799904,60.0,-5.240809440612793,-0.0,-6.345821645936668e-08,0.0,293.1499938964844,293.1499938964844,293.1499938964844,293.1499938964844,293.1499938964844,293.1499938964844,278.1499938964844,0.0,18000.0,313.1499938964844,0.0,18000.0,0.0,0.0,0.0,0.0,0.0,0.0,0.0,0.0,0.0,0.0,-0.0,-0.0,0.0,0.0,0.0,0.0,0.0,-0.0,0.0,0.0,0.0,0.0,0.0,0.0,0.0,0.0,0.0,4.0,0.0,0.0
11931840,297.1058654785156,303.1499938964844,285.1499938964844,0.0,-0.0,290.8788452148437,0.0,0.0,9.054438851308078e-05,297.142822265625,303.1499938964844,285.1499938964844,0.0,-0.0,290.8788757324219,0.0,0.0,9.534761193208396e-05,297.1683044433594,303.1499938964844,285.1499938964844,0.0,-0.0,290.8788757324219,0.0,0.0,7.042341894702986e-05,297.09136962890625,303.1499938964844,285.1499938964844,0.0,-0.0,290.8788757324219,0.0,0.0,9.534761193208396e-05,297.412353515625,303.1499938964844,285.1499938964844,0.0,-0.0,290.8788452148437,0.0,0.0,0.0004522879899013,290.8332824707031,294.1499938964844,282.54998779296875,282.1829833984375,283.45318603515625,282.5500183105469,290.45660400390625,0.0,0.0,0.0,0.0,1.0,1.0,-0.0009647493134252,1.742195165910232e-09,0.0009647475671954,-0.0036154903937131,0.0,0.0,0.0,-0.0056764939799904,60.0,-5.240809440612793,-0.0,-6.345821645936668e-08,0.0,293.1499938964844,293.1499938964844,293.1499938964844,293.1499938964844,293.1499938964844,293.1499938964844,278.1499938964844,0.0,18000.0,313.1499938964844,0.0,18000.0,0.0,0.0,0.0,0.0,0.0,0.0,0.0,0.0,0.0,0.0,-0.0,-0.0,0.0,0.0,0.0,0.0,0.0,-0.0,0.0,0.0,0.0,0.0,0.0,0.0,0.0,0.0,0.0,4.0,0.0,0.0
11931900,297.1097412109375,303.1499938964844,285.1499938964844,0.0,-0.0,290.87762451171875,0.0,0.0,9.04509870451875e-05,297.1430053710937,303.1499938964844,285.1499938964844,0.0,-0.0,290.8776550292969,0.0,0.0,9.524924826109782e-05,297.16876220703125,303.1499938964844,285.1499938964844,0.0,-0.0,290.877685546875,0.0,0.0,7.035076851025224e-05,297.09100341796875,303.1499938964844,285.1499938964844,0.0,-0.0,290.8776550292969,0.0,0.0,9.524924826109782e-05,297.41278076171875,303.1499938964844,285.1499938964844,0.0,-0.0,290.8776550292969,0.0,0.0,0.0004518213972914,290.8319396972656,294.1499938964844,282.54998779296875,282.1824951171875,283.4454650878906,282.5500183105469,290.45465087890625,0.0,0.0,0.0,0.0,1.0,1.0,-0.0009637539624236,1.625819034956066e-09,0.0009637523326091,-0.0033105362672358,0.0,0.0,0.0,-0.0056188008747994,60.0,-5.233405113220215,-0.0,-6.332734869829437e-08,0.0,293.1499938964844,293.1499938964844,293.1499938964844,293.1499938964844,293.1499938964844,293.1499938964844,278.1499938964844,0.0,18000.0,313.1499938964844,0.0,18000.0,0.0,0.0,0.0,0.0,0.0,0.0,0.0,0.0,0.0,0.0,-0.0,-0.0,0.0,0.0,0.0,0.0,0.0,-0.0,0.0,0.0,0.0,0.0,0.0,0.0,0.0,0.0,0.0,4.0,0.0,0.0
11931960,297.11346435546875,303.1499938964844,285.1499938964844,0.0,-0.0,290.8764343261719,0.0,0.0,9.036907431436704e-05,297.1431884765625,303.1499938964844,285.1499938964844,0.0,-0.0,290.87646484375,0.0,0.0,9.516299178358167e-05,297.1692199707031,303.1499938964844,285.1499938964844,0.0,-0.0,290.87646484375,0.0,0.0,7.028706750134006e-05,297.09088134765625,303.1499938964844,285.1499938964844,0.0,-0.0,290.87646484375,0.0,0.0,9.516299178358167e-05,297.4132080078125,303.1499938964844,285.1499938964844,0.0,-0.0,290.8764343261719,0.0,0.0,0.0004514122556429,290.83062744140625,294.1499938964844,282.54998779296875,282.1820678710937,283.43780517578125,282.5500183105469,290.45269775390625,0.0,0.0,0.0,0.0,1.0,1.0,-0.0009628810803405,1.523766890443312e-09,0.0009628795087337,-0.0030431160703301,0.0,0.0,0.0,-0.0055682086385786,60.0,-5.226670265197754,-0.0,-6.321270262787948e-08,0.0,293.1499938964844,293.1499938964844,293.1499938964844,293.1499938964844,293.1499938964844,293.1499938964844,278.1499938964844,0.0,18000.0,313.1499938964844,0.0,18000.0,0.0,0.0,0.0,0.0,0.0,0.0,0.0,0.0,0.0,0.0,-0.0,-0.0,0.0,0.0,0.0,0.0,0.0,-0.0,0.0,0.0,0.0,0.0,0.0,0.0,0.0,0.0,0.0,4.0,0.0,0.0
11932020,297.1204833984375,303.1499938964844,285.1499938964844,0.0,-0.0,290.8740234375,0.0,0.0,9.023237362271176e-05,297.1435546875,303.1499938964844,285.1499938964844,0.0,-0.0,290.8740539550781,0.0,0.0,9.501904423814268e-05,297.1700439453125,303.1499938964844,285.1499938964844,0.0,-0.0,290.8740539550781,0.0,0.0,7.0180743932724e-05,297.0911865234375,303.1499938964844,285.1499938964844,0.0,-0.0,290.8740539550781,0.0,0.0,9.501904423814268e-05,297.41412353515625,303.1499938964844,285.1499938964844,0.0,-0.0,290.8740234375,0.0,0.0,0.0004507294215727,290.8279724121094,294.1499938964844,282.54998779296875,282.1815185546875,283.4226989746094,282.5500183105469,290.4488220214844,0.0,0.0,0.0,0.0,1.0,1.0,-0.0009614243172109,1.3534504628154311e-09,0.0009614229784347,-0.002596812788397,0.0,0.0,0.0,-0.0054837744683027,60.0,-5.214857578277588,-0.0,-6.302159505366944e-08,0.0,293.1499938964844,293.1499938964844,293.1499938964844,293.1499938964844,293.1499938964844,293.1499938964844,278.1499938964844,0.0,18000.0,313.1499938964844,0.0,18000.0,0.0,0.0,0.0,0.0,0.0,0.0,0.0,0.0,0.0,0.0,-0.0,-0.0,0.0,0.0,0.0,0.0,0.0,-0.0,0.0,0.0,0.0,0.0,0.0,0.0,0.0,0.0,0.0,4.0,0.0,0.0
11932080,297.1204833984375,303.1499938964844,285.1499938964844,0.0,-0.0,290.8740234375,0.0,0.0,9.023237362271176e-05,297.1435546875,303.1499938964844,285.1499938964844,0.0,-0.0,290.8740539550781,0.0,0.0,9.501904423814268e-05,297.1700439453125,303.1499938964844,285.1499938964844,0.0,-0.0,290.8740539550781,0.0,0.0,7.0180743932724e-05,297.0911865234375,303.1499938964844,285.1499938964844,0.0,-0.0,290.8740539550781,0.0,0.0,9.501904423814268e-05,297.41412353515625,303.1499938964844,285.1499938964844,0.0,-0.0,290.8740234375,0.0,0.0,0.0004507294215727,290.8279724121094,294.1499938964844,282.54998779296875,282.1815185546875,283.4226989746094,282.5500183105469,290.4488220214844,0.0,0.0,0.0,0.0,1.0,1.0,-0.0009614243172109,1.3534504628154311e-09,0.0009614229784347,-0.002596812788397,0.0,0.0,0.0,-0.0054837744683027,60.0,-5.214857578277588,-0.0,-6.302159505366944e-08,0.0,293.1499938964844,293.1499938964844,293.1499938964844,293.1499938964844,293.1499938964844,293.1499938964844,278.1499938964844,0.0,18000.0,313.1499938964844,0.0,18000.0,0.0,0.0,0.0,0.0,0.0,0.0,0.0,0.0,0.0,0.0,-0.0,-0.0,0.0,0.0,0.0,0.0,0.0,-0.0,0.0,0.0,0.0,0.0,0.0,0.0,0.0,0.0,0.0,4.0,0.0,0.0
11932140,297.126708984375,303.1499938964844,285.1499938964844,0.0,-0.0,290.87158203125,0.0,0.0,9.012479858938605e-05,297.1438903808594,303.1499938964844,285.1499938964844,0.0,-0.0,290.8716125488281,0.0,0.0,9.490575757808983e-05,297.1708068847656,303.1499938964844,285.1499938964844,0.0,-0.0,290.87164306640625,0.0,0.0,7.009707042016089e-05,297.0923156738281,303.1499938964844,285.1499938964844,0.0,-0.0,290.87164306640625,0.0,0.0,9.490575757808983e-05,297.4150695800781,303.1499938964844,285.1499938964844,0.0,-0.0,290.8716125488281,0.0,0.0,0.0004501920193433,290.8252868652344,294.1499938964844,282.54998779296875,282.18133544921875,283.4078674316406,282.5500183105469,290.4449462890625,0.0,0.0,0.0,0.0,1.0,1.0,-0.0009602779173292,1.2194093512718496e-09,0.0009602766949683,-0.0022455658763647,0.0,0.0,0.0,-0.0054173241369426,60.0,-5.205198764801025,-0.0,-6.287139342475713e-08,0.0,293.1499938964844,293.1499938964844,293.1499938964844,293.1499938964844,293.1499938964844,293.1499938964844,278.1499938964844,0.0,18000.0,313.1499938964844,0.0,18000.0,0.0,0.0,0.0,0.0,0.0,0.0,0.0,0.0,0.0,0.0,-0.0,-0.0,0.0,0.0,0.0,0.0,0.0,-0.0,0.0,0.0,0.0,0.0,0.0,0.0,0.0,0.0,0.0,4.0,0.0,0.0
11932200,297.126708984375,303.1499938964844,285.1499938964844,0.0,-0.0,290.87158203125,0.0,0.0,9.012479858938605e-05,297.1438903808594,303.1499938964844,285.1499938964844,0.0,-0.0,290.8716125488281,0.0,0.0,9.490575757808983e-05,297.1708068847656,303.1499938964844,285.1499938964844,0.0,-0.0,290.87164306640625,0.0,0.0,7.009707042016089e-05,297.0923156738281,303.1499938964844,285.1499938964844,0.0,-0.0,290.87164306640625,0.0,0.0,9.490575757808983e-05,297.4150695800781,303.1499938964844,285.1499938964844,0.0,-0.0,290.8716125488281,0.0,0.0,0.0004501920193433,290.8252868652344,294.1499938964844,282.54998779296875,282.18133544921875,283.4078674316406,282.5500183105469,290.4449462890625,0.0,0.0,0.0,0.0,1.0,1.0,-0.0009602779173292,1.2194093512718496e-09,0.0009602766949683,-0.0022455658763647,0.0,0.0,0.0,-0.0054173241369426,60.0,-5.205198764801025,-0.0,-6.287139342475713e-08,0.0,293.1499938964844,293.1499938964844,293.1499938964844,293.1499938964844,293.1499938964844,293.1499938964844,278.1499938964844,0.0,18000.0,313.1499938964844,0.0,18000.0,0.0,0.0,0.0,0.0,0.0,0.0,0.0,0.0,0.0,0.0,-0.0,-0.0,0.0,0.0,0.0,0.0,0.0,-0.0,0.0,0.0,0.0,0.0,0.0,0.0,0.0,0.0,0.0,4.0,0.0,0.0
11932260,297.1321716308594,303.1499938964844,285.1499938964844,0.0,-0.0,290.8691711425781,0.0,0.0,9.0034183813259e-05,297.1442565917969,303.1499938964844,285.1499938964844,0.0,-0.0,290.86920166015625,0.0,0.0,9.481033339397982e-05,297.1715393066406,303.1499938964844,285.1499938964844,0.0,-0.0,290.86920166015625,0.0,0.0,7.002659549470991e-05,297.0940856933594,303.1499938964844,285.1499938964844,0.0,-0.0,290.86920166015625,0.0,0.0,9.481034066993745e-05,297.41607666015625,303.1499938964844,285.1499938964844,0.0,-0.0,290.8691711425781,0.0,0.0,0.0004497393965721,290.8226318359375,294.1499938964844,282.54998779296875,282.1815185546875,283.393310546875,282.5500183105469,290.4410705566406,0.0,0.0,0.0,0.0,1.0,1.0,-0.0009593107970431,1.106510216786205e-09,0.0009593096910975,-0.0019497211324051,0.0,0.0,0.0,-0.0053613469935953,60.0,-5.196822166442871,-0.0,-6.274502339920218e-08,0.0,293.1499938964844,293.1499938964844,293.1499938964844,293.1499938964844,293.1499938964844,293.1499938964844,278.1499938964844,0.0,18000.0,313.1499938964844,0.0,18000.0,0.0,0.0,0.0,0.0,0.0,0.0,0.0,0.0,0.0,0.0,-0.0,-0.0,0.0,0.0,0.0,0.0,0.0,-0.0,0.0,0.0,0.0,0.0,0.0,0.0,0.0,0.0,0.0,4.0,0.0,0.0
11932320,297.1321716308594,303.1499938964844,285.1499938964844,0.0,-0.0,290.8691711425781,0.0,0.0,9.0034183813259e-05,297.1442565917969,303.1499938964844,285.1499938964844,0.0,-0.0,290.86920166015625,0.0,0.0,9.481033339397982e-05,297.1715393066406,303.1499938964844,285.1499938964844,0.0,-0.0,290.86920166015625,0.0,0.0,7.002659549470991e-05,297.0940856933594,303.1499938964844,285.1499938964844,0.0,-0.0,290.86920166015625,0.0,0.0,9.481034066993745e-05,297.41607666015625,303.1499938964844,285.1499938964844,0.0,-0.0,290.8691711425781,0.0,0.0,0.0004497393965721,290.8226318359375,294.1499938964844,282.54998779296875,282.1815185546875,283.393310546875,282.5500183105469,290.4410705566406,0.0,0.0,0.0,0.0,1.0,1.0,-0.0009593107970431,1.106510216786205e-09,0.0009593096910975,-0.0019497211324051,0.0,0.0,0.0,-0.0053613469935953,60.0,-5.196822166442871,-0.0,-6.274502339920218e-08,0.0,293.1499938964844,293.1499938964844,293.1499938964844,293.1499938964844,293.1499938964844,293.1499938964844,278.1499938964844,0.0,18000.0,313.1499938964844,0.0,18000.0,0.0,0.0,0.0,0.0,0.0,0.0,0.0,0.0,0.0,0.0,-0.0,-0.0,0.0,0.0,0.0,0.0,0.0,-0.0,0.0,0.0,0.0,0.0,0.0,0.0,0.0,0.0,0.0,4.0,0.0,0.0
11932380,297.1368713378906,303.1499938964844,285.1499938964844,0.0,-0.0,290.8673400878906,0.0,0.0,3.983472925028764e-05,297.1446228027344,303.1499938964844,285.1499938964844,0.0,-0.0,290.86737060546875,0.0,0.0,4.1947889258153737e-05,297.1722106933594,303.1499938964844,285.1499938964844,0.0,-0.0,290.86737060546875,0.0,0.0,3.0982570024207234e-05,297.0963134765625,303.1499938964844,285.1499938964844,0.0,-0.0,290.86737060546875,0.0,0.0,4.1947889258153737e-05,297.41705322265625,303.1499938964844,285.1499938964844,0.0,-0.0,290.86737060546875,0.0,0.0,0.0001989827142097,290.8205261230469,294.1499938964844,282.54998779296875,282.1820678710937,283.3802185058594,282.5500183105469,290.4372253417969,0.0,0.0,0.0,0.0,1.0,1.0,-0.0008337565232068,9.408381851372383e-10,0.0008337555918842,-0.0016397222643718,0.0,0.0,0.0,-0.0046338005922734,60.0,-4.702717304229736,-0.0,-1.228253676544e-08,0.0,293.1499938964844,293.1499938964844,293.1499938964844,293.1499938964844,293.1499938964844,293.1499938964844,278.1499938964844,0.0,18000.0,313.1499938964844,0.0,18000.0,0.0,0.0,0.0,0.0,0.0,0.0,0.0,0.0,0.0,0.0,-0.0,-0.0,0.0,0.0,0.0,0.0,0.0,-0.0,0.0,0.0,0.0,0.0,0.0,0.0,0.0,0.0,0.0,4.0,0.0,0.0
11932440,297.1368713378906,303.1499938964844,285.1499938964844,0.0,-0.0,290.8673400878906,0.0,0.0,3.983472925028764e-05,297.1446228027344,303.1499938964844,285.1499938964844,0.0,-0.0,290.86737060546875,0.0,0.0,4.1947889258153737e-05,297.1722106933594,303.1499938964844,285.1499938964844,0.0,-0.0,290.86737060546875,0.0,0.0,3.0982570024207234e-05,297.0963134765625,303.1499938964844,285.1499938964844,0.0,-0.0,290.86737060546875,0.0,0.0,4.1947889258153737e-05,297.41705322265625,303.1499938964844,285.1499938964844,0.0,-0.0,290.86737060546875,0.0,0.0,0.0001989827142097,290.8205261230469,294.1499938964844,282.54998779296875,282.1820678710937,283.3802185058594,282.5500183105469,290.4372253417969,0.0,0.0,0.0,0.0,1.0,1.0,-0.0008337565232068,9.408381851372383e-10,0.0008337555918842,-0.0016397222643718,0.0,0.0,0.0,-0.0046338005922734,60.0,-4.702717304229736,-0.0,-1.228253676544e-08,0.0,293.1499938964844,293.1499938964844,293.1499938964844,293.1499938964844,293.1499938964844,293.1499938964844,278.1499938964844,0.0,18000.0,313.1499938964844,0.0,18000.0,0.0,0.0,0.0,0.0,0.0,0.0,0.0,0.0,0.0,0.0,-0.0,-0.0,0.0,0.0,0.0,0.0,0.0,-0.0,0.0,0.0,0.0,0.0,0.0,0.0,0.0,0.0,0.0,4.0,0.0,0.0
11932500,297.1388854980469,303.1499938964844,285.1499938964844,0.0,-0.0,290.8673095703125,0.0,0.0,4.385735155665316e-05,297.1448059082031,303.1499938964844,285.1499938964844,0.0,-0.0,290.8673400878906,0.0,0.0,4.618390448740684e-05,297.17254638671875,303.1499938964844,285.1499938964844,0.0,-0.0,290.8673400878906,0.0,0.0,3.411127545405179e-05,297.0975341796875,303.1499938964844,285.1499938964844,0.0,-0.0,290.8673095703125,0.0,0.0,4.618390448740684e-05,297.4175720214844,303.1499938964844,285.1499938964844,0.0,-0.0,290.8673400878906,0.0,0.0,0.0002190765517298,290.82037353515625,294.1499938964844,282.54998779296875,282.1824951171875,283.3724670410156,282.5551452636719,290.4353332519531,0.0,0.0,0.0,0.0,1.0,1.0,-0.0007151215686462,8.326928035984335e-10,0.000715120753739,-0.0014740413753315,0.0,0.0,0.0,-0.0039902287535369,60.0,-3.882272720336914,-0.0,-1.4888437149807032e-08,0.0,293.1499938964844,293.1499938964844,293.1499938964844,293.1499938964844,293.1499938964844,293.1499938964844,278.1499938964844,0.0,18000.0,313.1499938964844,0.0,18000.0,0.0,0.0,0.0,0.0,0.0,0.0,0.0,0.0,0.0,0.0,-0.0,-0.0,0.0,0.0,0.0,0.0,0.0,-0.0,0.0,0.0,0.0,0.0,0.0,0.0,0.0,0.0,0.0,4.0,0.0,0.0
11932560,297.14068603515625,303.1499938964844,285.1499938964844,0.0,-0.0,290.86944580078125,0.0,0.0,4.244023512001149e-05,297.1449890136719,303.1499938964844,285.1499938964844,0.0,-0.0,290.8694763183594,0.0,0.0,4.469161285669543e-05,297.1728820800781,303.1499938964844,285.1499938964844,0.0,-0.0,290.8695068359375,0.0,0.0,3.300907337688841e-05,297.09881591796875,303.1499938964844,285.1499938964844,0.0,-0.0,290.86944580078125,0.0,0.0,4.469161649467424e-05,297.4180603027344,303.1499938964844,285.1499938964844,0.0,-0.0,290.8695983886719,0.0,0.0,0.0002119977725669,290.8237609863281,294.1499938964844,282.54998779296875,282.1829833984375,283.3789978027344,282.5621032714844,290.4334716796875,0.0,0.0,0.0,0.0,1.0,1.0,-0.0006226670811884,7.363284426631367e-10,0.0006226663244888,-0.0013131528394296,0.0,0.0,0.0,-0.0034812716767191,60.0,-3.562489748001098,-0.0,-1.3941832577302192e-08,0.0,293.1499938964844,293.1499938964844,293.1499938964844,293.1499938964844,293.1499938964844,293.1499938964844,278.1499938964844,0.0,18000.0,313.1499938964844,0.0,18000.0,0.0,0.0,0.0,0.0,0.0,0.0,0.0,0.0,0.0,0.0,-0.0,-0.0,0.0,0.0,0.0,0.0,0.0,-0.0,0.0,0.0,0.0,0.0,0.0,0.0,0.0,0.0,0.0,4.0,0.0,0.0
11932620,297.143798828125,303.1499938964844,285.1499938964844,0.0,-0.0,290.8710632324219,0.0,0.0,2.727731407503597e-05,297.1454162597656,303.1499938964844,285.1499938964844,0.0,-0.0,290.87109375,0.0,0.0,2.872432742151432e-05,297.1735534667969,303.1499938964844,285.1499938964844,0.0,-0.0,290.8711242675781,0.0,0.0,2.121569013979752e-05,297.1015625,303.1499938964844,285.1499938964844,0.0,-0.0,290.8710632324219,0.0,0.0,2.872432742151432e-05,297.4190368652344,303.1499938964844,285.1499938964844,0.0,-0.0,290.8713684082031,0.0,0.0,0.0001362558396067,290.8263244628906,294.1499938964844,282.54998779296875,282.18426513671875,283.3807678222656,282.5741271972656,290.4296875,0.0,0.0,0.0,0.0,1.0,1.0,-0.0005058896495029,5.791105373020853e-10,0.0005058890674263,-0.0010166020365431,0.0,0.0,0.0,-0.0028166472911834,60.0,-2.9744176864624023,-0.0,-5.7592703939235435e-09,0.0,293.1499938964844,293.1499938964844,293.1499938964844,293.1499938964844,293.1499938964844,293.1499938964844,278.1499938964844,0.0,18000.0,313.1499938964844,0.0,18000.0,0.0,0.0,0.0,0.0,0.0,0.0,0.0,0.0,0.0,0.0,-0.0,-0.0,0.0,0.0,0.0,0.0,0.0,-0.0,0.0,0.0,0.0,0.0,0.0,0.0,0.0,0.0,0.0,4.0,0.0,0.0
11932680,297.143798828125,303.1499938964844,285.1499938964844,0.0,-0.0,290.8710632324219,0.0,0.0,2.727731407503597e-05,297.1454162597656,303.1499938964844,285.1499938964844,0.0,-0.0,290.87109375,0.0,0.0,2.872432742151432e-05,297.1735534667969,303.1499938964844,285.1499938964844,0.0,-0.0,290.8711242675781,0.0,0.0,2.121569013979752e-05,297.1015625,303.1499938964844,285.1499938964844,0.0,-0.0,290.8710632324219,0.0,0.0,2.872432742151432e-05,297.4190368652344,303.1499938964844,285.1499938964844,0.0,-0.0,290.8713684082031,0.0,0.0,0.0001362558396067,290.8263244628906,294.1499938964844,282.54998779296875,282.18426513671875,283.3807678222656,282.5741271972656,290.4296875,0.0,0.0,0.0,0.0,1.0,1.0,-0.0005058896495029,5.791105373020853e-10,0.0005058890674263,-0.0010166020365431,0.0,0.0,0.0,-0.0028166472911834,60.0,-2.9744176864624023,-0.0,-5.7592703939235435e-09,0.0,293.1499938964844,293.1499938964844,293.1499938964844,293.1499938964844,293.1499938964844,293.1499938964844,278.1499938964844,0.0,18000.0,313.1499938964844,0.0,18000.0,0.0,0.0,0.0,0.0,0.0,0.0,0.0,0.0,0.0,0.0,-0.0,-0.0,0.0,0.0,0.0,0.0,0.0,-0.0,0.0,0.0,0.0,0.0,0.0,0.0,0.0,0.0,0.0,4.0,0.0,0.0
11932740,297.1461486816406,303.1499938964844,285.1499938964844,0.0,-0.0,290.876708984375,0.0,0.0,2.9336068109842017e-05,297.1458740234375,303.1499938964844,285.1499938964844,0.0,-0.0,290.8767395019531,0.0,0.0,3.0892293580109254e-05,297.1742553710937,303.1499938964844,285.1499938964844,0.0,-0.0,290.8768005371094,0.0,0.0,2.2816942873760127e-05,297.10430908203125,303.1499938964844,285.1499938964844,0.0,-0.0,290.87664794921875,0.0,0.0,3.0892293580109254e-05,297.4199523925781,303.1499938964844,285.1499938964844,0.0,-0.0,290.87725830078125,0.0,0.0,0.0001465397363062,290.8324584960937,294.1499938964844,282.54998779296875,282.1859130859375,283.3890075683594,282.588623046875,290.4259948730469,0.0,0.0,0.0,0.0,1.0,1.0,-0.0003125782532151,3.909565171600349e-10,0.0003125778748653,-0.0007152535254135,0.0,0.0,0.0,-0.0017606655601412,60.0,-2.139236688613892,-0.0,-6.661438511912365e-09,0.0,293.1499938964844,293.1499938964844,293.1499938964844,293.1499938964844,293.1499938964844,293.1499938964844,278.1499938964844,0.0,18000.0,313.1499938964844,0.0,18000.0,0.0,0.0,0.0,0.0,0.0,0.0,0.0,0.0,0.0,0.0,-0.0,-0.0,0.0,0.0,0.0,0.0,0.0,-0.0,0.0,0.0,0.0,0.0,0.0,0.0,0.0,0.0,0.0,4.0,0.0,0.0
11932800,297.1461486816406,303.1499938964844,285.1499938964844,0.0,-0.0,290.876708984375,0.0,0.0,2.9336068109842017e-05,297.1458740234375,303.1499938964844,285.1499938964844,0.0,-0.0,290.8767395019531,0.0,0.0,3.0892293580109254e-05,297.1742553710937,303.1499938964844,285.1499938964844,0.0,-0.0,290.8768005371094,0.0,0.0,2.2816942873760127e-05,297.10430908203125,303.1499938964844,285.1499938964844,0.0,-0.0,290.87664794921875,0.0,0.0,3.0892293580109254e-05,297.4199523925781,303.1499938964844,285.1499938964844,0.0,-0.0,290.87725830078125,0.0,0.0,0.0001465397363062,290.8324584960937,294.1499938964844,282.54998779296875,282.1859130859375,283.3890075683594,282.588623046875,290.4259948730469,0.0,0.0,0.0,0.0,1.0,1.0,-0.0003125782532151,3.909565171600349e-10,0.0003125778748653,-0.0007152535254135,0.0,0.0,0.0,-0.0017606655601412,60.0,-2.139236688613892,-0.0,-6.661438511912365e-09,0.0,293.1499938964844,293.1499938964844,293.1499938964844,293.1499938964844,293.1499938964844,293.1499938964844,278.1499938964844,0.0,18000.0,313.1499938964844,0.0,18000.0,0.0,0.0,0.0,0.0,0.0,0.0,0.0,0.0,0.0,0.0,-0.0,-0.0,0.0,0.0,0.0,0.0,0.0,-0.0,0.0,0.0,0.0,0.0,0.0,0.0,0.0,0.0,0.0,4.0,0.0,0.0
11932860,297.1477966308594,303.1499938964844,285.1499938964844,0.0,-0.0,290.87890625,0.0,0.0,1.9834382328554057e-05,297.1463623046875,303.1499938964844,285.1499938964844,0.0,-0.0,290.8789367675781,0.0,0.0,2.088656219711993e-05,297.1749572753906,303.1499938964844,285.1499938964844,0.0,-0.0,290.8790283203125,0.0,0.0,1.5426743630087003e-05,297.1069641113281,303.1499938964844,285.1499938964844,0.0,-0.0,290.8788452148437,0.0,0.0,2.088656219711993e-05,297.4208068847656,303.1499938964844,285.1499938964844,0.0,-0.0,290.87957763671875,0.0,0.0,9.907685307553038e-05,290.8346252441406,294.1499938964844,282.54998779296875,282.1879272460937,283.39117431640625,282.5976867675781,290.4223327636719,0.0,0.0,0.0,0.0,1.0,1.0,-0.0002103119622915,2.633025464326977e-10,0.0002103117003571,-0.0004819152527488,0.0,0.0,0.0,-0.0011847841087728,60.0,-1.4549391269683838,-0.0,-3.045100172016646e-09,0.0,293.1499938964844,293.1499938964844,293.1499938964844,293.1499938964844,293.1499938964844,293.1499938964844,278.1499938964844,0.0,18000.0,313.1499938964844,0.0,18000.0,0.0,0.0,0.0,0.0,0.0,0.0,0.0,0.0,0.0,0.0,-0.0,-0.0,0.0,0.0,0.0,0.0,0.0,-0.0,0.0,0.0,0.0,0.0,0.0,0.0,0.0,0.0,0.0,4.0,0.0,0.0
11932920,297.1477966308594,303.1499938964844,285.1499938964844,0.0,-0.0,290.87890625,0.0,0.0,1.9834382328554057e-05,297.1463623046875,303.1499938964844,285.1499938964844,0.0,-0.0,290.8789367675781,0.0,0.0,2.088656219711993e-05,297.1749572753906,303.1499938964844,285.1499938964844,0.0,-0.0,290.8790283203125,0.0,0.0,1.5426743630087003e-05,297.1069641113281,303.1499938964844,285.1499938964844,0.0,-0.0,290.8788452148437,0.0,0.0,2.088656219711993e-05,297.4208068847656,303.1499938964844,285.1499938964844,0.0,-0.0,290.87957763671875,0.0,0.0,9.907685307553038e-05,290.8346252441406,294.1499938964844,282.54998779296875,282.1879272460937,283.39117431640625,282.5976867675781,290.4223327636719,0.0,0.0,0.0,0.0,1.0,1.0,-0.0002103119622915,2.633025464326977e-10,0.0002103117003571,-0.0004819152527488,0.0,0.0,0.0,-0.0011847841087728,60.0,-1.4549391269683838,-0.0,-3.045100172016646e-09,0.0,293.1499938964844,293.1499938964844,293.1499938964844,293.1499938964844,293.1499938964844,293.1499938964844,278.1499938964844,0.0,18000.0,313.1499938964844,0.0,18000.0,0.0,0.0,0.0,0.0,0.0,0.0,0.0,0.0,0.0,0.0,-0.0,-0.0,0.0,0.0,0.0,0.0,0.0,-0.0,0.0,0.0,0.0,0.0,0.0,0.0,0.0,0.0,0.0,4.0,0.0,0.0
11932980,297.1490783691406,303.1499938964844,285.1499938964844,0.0,-0.0,290.8799743652344,0.0,0.0,1.2354242244327908e-05,297.1468811035156,303.1499938964844,285.1499938964844,0.0,-0.0,290.8800048828125,0.0,0.0,1.3009612302994356e-05,297.1756286621094,303.1499938964844,285.1499938964844,0.0,-0.0,290.8800964355469,0.0,0.0,9.608856089471374e-06,297.109375,303.1499938964844,285.1499938964844,0.0,-0.0,290.8799133300781,0.0,0.0,1.3009612302994356e-05,297.42156982421875,303.1499938964844,285.1499938964844,0.0,-0.0,290.88067626953125,0.0,0.0,6.17119949311018e-05,290.8358459472656,294.1499938964844,282.54998779296875,282.1903076171875,283.392822265625,282.6043395996094,290.41876220703125,0.0,0.0,0.0,0.0,1.0,1.0,-0.0001316361012868,1.64643382261076e-10,0.0001316359412157,-0.0003012143133673,0.0,0.0,0.0,-0.0007414684514515,60.0,-0.956271767616272,-0.0,-1.181398534555455e-09,0.0,293.1499938964844,293.1499938964844,293.1499938964844,293.1499938964844,293.1499938964844,293.1499938964844,278.1499938964844,0.0,18000.0,313.1499938964844,0.0,18000.0,0.0,0.0,0.0,0.0,0.0,0.0,0.0,0.0,0.0,0.0,-0.0,-0.0,0.0,0.0,0.0,0.0,0.0,-0.0,0.0,0.0,0.0,0.0,0.0,0.0,0.0,0.0,0.0,4.0,0.0,0.0
11933040,297.1490783691406,303.1499938964844,285.1499938964844,0.0,-0.0,290.8799743652344,0.0,0.0,1.2354242244327908e-05,297.1468811035156,303.1499938964844,285.1499938964844,0.0,-0.0,290.8800048828125,0.0,0.0,1.3009612302994356e-05,297.1756286621094,303.1499938964844,285.1499938964844,0.0,-0.0,290.8800964355469,0.0,0.0,9.608856089471374e-06,297.109375,303.1499938964844,285.1499938964844,0.0,-0.0,290.8799133300781,0.0,0.0,1.3009612302994356e-05,297.42156982421875,303.1499938964844,285.1499938964844,0.0,-0.0,290.88067626953125,0.0,0.0,6.17119949311018e-05,290.8358459472656,294.1499938964844,282.54998779296875,282.1903076171875,283.392822265625,282.6043395996094,290.41876220703125,0.0,0.0,0.0,0.0,1.0,1.0,-0.0001316361012868,1.64643382261076e-10,0.0001316359412157,-0.0003012143133673,0.0,0.0,0.0,-0.0007414684514515,60.0,-0.956271767616272,-0.0,-1.181398534555455e-09,0.0,293.1499938964844,293.1499938964844,293.1499938964844,293.1499938964844,293.1499938964844,293.1499938964844,278.1499938964844,0.0,18000.0,313.1499938964844,0.0,18000.0,0.0,0.0,0.0,0.0,0.0,0.0,0.0,0.0,0.0,0.0,-0.0,-0.0,0.0,0.0,0.0,0.0,0.0,-0.0,0.0,0.0,0.0,0.0,0.0,0.0,0.0,0.0,0.0,4.0,0.0,0.0
11933100,297.1496276855469,303.1499938964844,285.1499938964844,0.0,-0.0,290.8802490234375,0.0,0.0,9.433891136723103e-06,297.1471252441406,303.1499938964844,285.1499938964844,0.0,-0.0,290.8802795410156,0.0,0.0,9.934342415363062e-06,297.17596435546875,303.1499938964844,285.1499938964844,0.0,-0.0,290.88037109375,0.0,0.0,7.337471743085189e-06,297.1104736328125,303.1499938964844,285.1499938964844,0.0,-0.0,290.88018798828125,0.0,0.0,9.934342415363062e-06,297.4219055175781,303.1499938964844,285.1499938964844,0.0,-0.0,290.8809814453125,0.0,0.0,4.712424197350629e-05,290.8362121582031,294.1499938964844,282.54998779296875,282.191650390625,283.3933410644531,282.6063232421875,290.4170227050781,0.0,0.0,0.0,0.0,1.0,1.0,-0.0001005195226753,1.2572436147717522e-10,0.000100519398984,-0.0002300121559528,0.0,0.0,0.0,-0.0005661975592374,60.0,-0.7528089880943298,-0.0,-6.888837278395952e-10,0.0,293.1499938964844,293.1499938964844,293.1499938964844,293.1499938964844,293.1499938964844,293.1499938964844,278.1499938964844,0.0,18000.0,313.1499938964844,0.0,18000.0,0.0,0.0,0.0,0.0,0.0,0.0,0.0,0.0,0.0,0.0,-0.0,-0.0,0.0,0.0,0.0,0.0,0.0,-0.0,0.0,0.0,0.0,0.0,0.0,0.0,0.0,0.0,0.0,4.0,0.0,0.0
11933160,297.150146484375,303.1499938964844,285.1499938964844,0.0,-0.0,290.8804016113281,0.0,0.0,7.05592810845701e-06,297.1473388671875,303.1499938964844,285.1499938964844,0.0,-0.0,290.8804626464844,0.0,0.0,7.430232471961062e-06,297.17626953125,303.1499938964844,285.1499938964844,0.0,-0.0,290.8805236816406,0.0,0.0,5.487944690685254e-06,297.1114807128906,303.1499938964844,285.1499938964844,0.0,-0.0,290.8803405761719,0.0,0.0,7.430232926708413e-06,297.4222412109375,303.1499938964844,285.1499938964844,0.0,-0.0,290.8811340332031,0.0,0.0,3.524582280078903e-05,290.83642578125,294.1499938964844,282.54998779296875,282.19305419921875,283.39361572265625,282.6075744628906,290.4153137207031,0.0,0.0,0.0,0.0,1.0,1.0,-7.518196798628196e-05,9.40335170840356e-11,7.518187339883298e-05,-0.0001720339059829,0.0,0.0,0.0,-0.0004234783991705,60.0,-0.5817348957061768,-0.0,-3.8536521196341766e-10,0.0,293.1499938964844,293.1499938964844,293.1499938964844,293.1499938964844,293.1499938964844,293.1499938964844,278.1499938964844,0.0,18000.0,313.1499938964844,0.0,18000.0,0.0,0.0,0.0,0.0,0.0,0.0,0.0,0.0,0.0,0.0,-0.0,-0.0,0.0,0.0,0.0,0.0,0.0,-0.0,0.0,0.0,0.0,0.0,0.0,0.0,0.0,0.0,0.0,4.0,0.0,0.0
11933220,297.1510314941406,303.1499938964844,285.1499938964844,0.0,-0.0,290.8805236816406,0.0,0.0,3.576257313397946e-06,297.14776611328125,303.1499938964844,285.1499938964844,0.0,-0.0,290.88055419921875,0.0,0.0,3.7659715417248654e-06,297.1768798828125,303.1499938964844,285.1499938964844,0.0,-0.0,290.880615234375,0.0,0.0,2.7815337944048224e-06,297.1132202148437,303.1499938964844,285.1499938964844,0.0,-0.0,290.88043212890625,0.0,0.0,3.7659715417248654e-06,297.4228515625,303.1499938964844,285.1499938964844,0.0,-0.0,290.8812561035156,0.0,0.0,1.7864145775092766e-05,290.8365783691406,294.1499938964844,282.54998779296875,282.1961669921875,283.3938293457031,282.608642578125,290.4119873046875,0.0,0.0,0.0,0.0,1.0,1.0,-3.810576163232327e-05,4.766059075178575e-11,3.810571433859877e-05,-8.719474863028154e-05,0.0,0.0,0.0,-0.000214638756006,60.0,-0.3253595530986786,-0.0,-9.899692871018215e-11,0.0,293.1499938964844,293.1499938964844,293.1499938964844,293.1499938964844,293.1499938964844,293.1499938964844,278.1499938964844,0.0,18000.0,313.1499938964844,0.0,18000.0,0.0,0.0,0.0,0.0,0.0,0.0,0.0,0.0,0.0,0.0,-0.0,-0.0,0.0,0.0,0.0,0.0,0.0,-0.0,0.0,0.0,0.0,0.0,0.0,0.0,0.0,0.0,0.0,4.0,0.0,0.0
11933280,297.1510314941406,303.1499938964844,285.1499938964844,0.0,-0.0,290.8805236816406,0.0,0.0,3.576257313397946e-06,297.14776611328125,303.1499938964844,285.1499938964844,0.0,-0.0,290.88055419921875,0.0,0.0,3.7659715417248654e-06,297.1768798828125,303.1499938964844,285.1499938964844,0.0,-0.0,290.880615234375,0.0,0.0,2.7815337944048224e-06,297.1132202148437,303.1499938964844,285.1499938964844,0.0,-0.0,290.88043212890625,0.0,0.0,3.7659715417248654e-06,297.4228515625,303.1499938964844,285.1499938964844,0.0,-0.0,290.8812561035156,0.0,0.0,1.7864145775092766e-05,290.8365783691406,294.1499938964844,282.54998779296875,282.1961669921875,283.3938293457031,282.608642578125,290.4119873046875,0.0,0.0,0.0,0.0,1.0,1.0,-3.810576163232327e-05,4.766059075178575e-11,3.810571433859877e-05,-8.719474863028154e-05,0.0,0.0,0.0,-0.000214638756006,60.0,-0.3253595530986786,-0.0,-9.899692871018215e-11,0.0,293.1499938964844,293.1499938964844,293.1499938964844,293.1499938964844,293.1499938964844,293.1499938964844,278.1499938964844,0.0,18000.0,313.1499938964844,0.0,18000.0,0.0,0.0,0.0,0.0,0.0,0.0,0.0,0.0,0.0,0.0,-0.0,-0.0,0.0,0.0,0.0,0.0,0.0,-0.0,0.0,0.0,0.0,0.0,0.0,0.0,0.0,0.0,0.0,4.0,0.0,0.0
11933340,297.1518249511719,303.1499938964844,285.1499938964844,0.0,-0.0,290.8804931640625,0.0,0.0,1.5219161468849052e-06,297.1481628417969,303.1499938964844,285.1499938964844,0.0,-0.0,290.8805236816406,0.0,0.0,1.6026510820665862e-06,297.1773681640625,303.1499938964844,285.1499938964844,0.0,-0.0,290.880615234375,0.0,0.0,1.183712697638839e-06,297.1146240234375,303.1499938964844,285.1499938964844,0.0,-0.0,290.88043212890625,0.0,0.0,1.6026510820665862e-06,297.4233703613281,303.1499938964844,285.1499938964844,0.0,-0.0,290.8812255859375,0.0,0.0,7.602286586916307e-06,290.8365478515625,294.1499938964844,282.54998779296875,282.1996459960937,283.39385986328125,282.6088562011719,290.40875244140625,0.0,0.0,0.0,0.0,1.0,1.0,-1.6216445146710612e-05,2.0282591578491e-11,1.6216425137827173e-05,-3.710688179126009e-05,0.0,0.0,0.0,-9.134253195952624e-05,60.0,-0.1579088270664215,-0.0,-1.792856661742004e-11,0.0,293.1499938964844,293.1499938964844,293.1499938964844,293.1499938964844,293.1499938964844,293.1499938964844,278.1499938964844,0.0,18000.0,313.1499938964844,0.0,18000.0,0.0,0.0,0.0,0.0,0.0,0.0,0.0,0.0,0.0,0.0,-0.0,-0.0,0.0,0.0,0.0,0.0,0.0,-0.0,0.0,0.0,0.0,0.0,0.0,0.0,0.0,0.0,0.0,4.0,0.0,0.0
11933400,297.1518249511719,303.1499938964844,285.1499938964844,0.0,-0.0,290.8804931640625,0.0,0.0,1.5219161468849052e-06,297.1481628417969,303.1499938964844,285.1499938964844,0.0,-0.0,290.8805236816406,0.0,0.0,1.6026510820665862e-06,297.1773681640625,303.1499938964844,285.1499938964844,0.0,-0.0,290.880615234375,0.0,0.0,1.183712697638839e-06,297.1146240234375,303.1499938964844,285.1499938964844,0.0,-0.0,290.88043212890625,0.0,0.0,1.6026510820665862e-06,297.4233703613281,303.1499938964844,285.1499938964844,0.0,-0.0,290.8812255859375,0.0,0.0,7.602286586916307e-06,290.8365478515625,294.1499938964844,282.54998779296875,282.1996459960937,283.39385986328125,282.6088562011719,290.40875244140625,0.0,0.0,0.0,0.0,1.0,1.0,-1.6216445146710612e-05,2.0282591578491e-11,1.6216425137827173e-05,-3.710688179126009e-05,0.0,0.0,0.0,-9.134253195952624e-05,60.0,-0.1579088270664215,-0.0,-1.792856661742004e-11,0.0,293.1499938964844,293.1499938964844,293.1499938964844,293.1499938964844,293.1499938964844,293.1499938964844,278.1499938964844,0.0,18000.0,313.1499938964844,0.0,18000.0,0.0,0.0,0.0,0.0,0.0,0.0,0.0,0.0,0.0,0.0,-0.0,-0.0,0.0,0.0,0.0,0.0,0.0,-0.0,0.0,0.0,0.0,0.0,0.0,0.0,0.0,0.0,0.0,4.0,0.0,0.0
11933460,297.1524963378906,303.1499938964844,285.1499938964844,0.0,-0.0,290.8804626464844,0.0,0.0,4.880310484622896e-07,297.1484680175781,303.1499938964844,285.1499938964844,0.0,-0.0,290.8804931640625,0.0,0.0,5.139202698956069e-07,297.17779541015625,303.1499938964844,285.1499938964844,0.0,-0.0,290.88055419921875,0.0,0.0,3.795797454131389e-07,297.1156616210937,303.1499938964844,285.1499938964844,0.0,-0.0,290.88037109375,0.0,0.0,5.139202698956069e-07,297.4237976074219,303.1499938964844,285.1499938964844,0.0,-0.0,290.8811950683594,0.0,0.0,2.4378161924687447e-06,290.83648681640625,294.1499938964844,282.54998779296875,282.2034912109375,283.3938293457031,282.6088562011719,290.4056701660156,0.0,0.0,0.0,0.0,1.0,1.0,-5.20015555594e-06,6.5040373260771825e-12,5.200148734729737e-06,-1.1899096534762066e-05,0.0,0.0,0.0,-2.929095353465528e-05,60.0,-0.0619435310363769,-0.0,-1.843567833115234e-12,0.0,293.1499938964844,293.1499938964844,293.1499938964844,293.1499938964844,293.1499938964844,293.1499938964844,278.1499938964844,0.0,18000.0,313.1499938964844,0.0,18000.0,0.0,0.0,0.0,0.0,0.0,0.0,0.0,0.0,0.0,0.0,-0.0,-0.0,0.0,0.0,0.0,0.0,0.0,-0.0,0.0,0.0,0.0,0.0,0.0,0.0,0.0,0.0,0.0,4.0,0.0,0.0
11933520,297.1524963378906,303.1499938964844,285.1499938964844,0.0,-0.0,290.8804626464844,0.0,0.0,4.880310484622896e-07,297.1484680175781,303.1499938964844,285.1499938964844,0.0,-0.0,290.8804931640625,0.0,0.0,5.139202698956069e-07,297.17779541015625,303.1499938964844,285.1499938964844,0.0,-0.0,290.88055419921875,0.0,0.0,3.795797454131389e-07,297.1156616210937,303.1499938964844,285.1499938964844,0.0,-0.0,290.88037109375,0.0,0.0,5.139202698956069e-07,297.4237976074219,303.1499938964844,285.1499938964844,0.0,-0.0,290.8811950683594,0.0,0.0,2.4378161924687447e-06,290.83648681640625,294.1499938964844,282.54998779296875,282.2034912109375,283.3938293457031,282.6088562011719,290.4056701660156,0.0,0.0,0.0,0.0,1.0,1.0,-5.20015555594e-06,6.5040373260771825e-12,5.200148734729737e-06,-1.1899096534762066e-05,0.0,0.0,0.0,-2.929095353465528e-05,60.0,-0.0619435310363769,-0.0,-1.843567833115234e-12,0.0,293.1499938964844,293.1499938964844,293.1499938964844,293.1499938964844,293.1499938964844,293.1499938964844,278.1499938964844,0.0,18000.0,313.1499938964844,0.0,18000.0,0.0,0.0,0.0,0.0,0.0,0.0,0.0,0.0,0.0,0.0,-0.0,-0.0,0.0,0.0,0.0,0.0,0.0,-0.0,0.0,0.0,0.0,0.0,0.0,0.0,0.0,0.0,0.0,4.0,0.0,0.0
11933580,297.15301513671875,303.1499938964844,285.1499938964844,0.0,-0.0,290.8804626464844,0.0,0.0,8.92105660454945e-08,297.148681640625,303.1499938964844,285.1499938964844,0.0,-0.0,290.8804931640625,0.0,0.0,9.394302935561428e-08,297.1781311035156,303.1499938964844,285.1499938964844,0.0,-0.0,290.88055419921875,0.0,0.0,6.93860044975736e-08,297.11639404296875,303.1499938964844,285.1499938964844,0.0,-0.0,290.88037109375,0.0,0.0,9.394302935561428e-08,297.42413330078125,303.1499938964844,285.1499938964844,0.0,-0.0,290.8811950683594,0.0,0.0,4.456252611362288e-07,290.83648681640625,294.1499938964844,282.54998779296875,282.20770263671875,283.3938293457031,282.6088562011719,290.4027709960937,0.0,0.0,0.0,0.0,1.0,1.0,-9.506463811703724e-07,1.188987059849711e-12,9.506451874585764e-07,-2.175240297219716e-06,0.0,0.0,0.0,-5.354711902327836e-06,60.0,-0.0209156982600688,-0.0,-6.160228035144434e-14,0.0,293.1499938964844,293.1499938964844,293.1499938964844,293.1499938964844,293.1499938964844,293.1499938964844,278.1499938964844,0.0,18000.0,313.1499938964844,0.0,18000.0,0.0,0.0,0.0,0.0,0.0,0.0,0.0,0.0,0.0,0.0,-0.0,-0.0,0.0,0.0,0.0,0.0,0.0,-0.0,0.0,0.0,0.0,0.0,0.0,0.0,0.0,0.0,0.0,4.0,0.0,0.0
11933640,297.15301513671875,303.1499938964844,285.1499938964844,0.0,-0.0,290.8804626464844,0.0,0.0,8.92105660454945e-08,297.148681640625,303.1499938964844,285.1499938964844,0.0,-0.0,290.8804931640625,0.0,0.0,9.394302935561428e-08,297.1781311035156,303.1499938964844,285.1499938964844,0.0,-0.0,290.88055419921875,0.0,0.0,6.93860044975736e-08,297.11639404296875,303.1499938964844,285.1499938964844,0.0,-0.0,290.88037109375,0.0,0.0,9.394302935561428e-08,297.42413330078125,303.1499938964844,285.1499938964844,0.0,-0.0,290.8811950683594,0.0,0.0,4.456252611362288e-07,290.83648681640625,294.1499938964844,282.54998779296875,282.20770263671875,283.3938293457031,282.6088562011719,290.4027709960937,0.0,0.0,0.0,0.0,1.0,1.0,-9.506463811703724e-07,1.188987059849711e-12,9.506451874585764e-07,-2.175240297219716e-06,0.0,0.0,0.0,-5.354711902327836e-06,60.0,-0.0209156982600688,-0.0,-6.160228035144434e-14,0.0,293.1499938964844,293.1499938964844,293.1499938964844,293.1499938964844,293.1499938964844,293.1499938964844,278.1499938964844,0.0,18000.0,313.1499938964844,0.0,18000.0,0.0,0.0,0.0,0.0,0.0,0.0,0.0,0.0,0.0,0.0,-0.0,-0.0,0.0,0.0,0.0,0.0,0.0,-0.0,0.0,0.0,0.0,0.0,0.0,0.0,0.0,0.0,0.0,4.0,0.0,0.0
11933700,297.1532287597656,303.1499938964844,285.1499938964844,0.0,-0.0,290.8804626464844,0.0,0.0,1.9447620402957e-08,297.14874267578125,303.1499938964844,285.1499938964844,0.0,-0.0,290.8804931640625,0.0,0.0,2.0479280493646e-08,297.1782531738281,303.1499938964844,285.1499938964844,0.0,-0.0,290.88055419921875,0.0,0.0,1.5125927177450652e-08,297.1166687011719,303.1499938964844,285.1499938964844,0.0,-0.0,290.88037109375,0.0,0.0,2.0479280493646e-08,297.4242858886719,303.1499938964844,285.1499938964844,0.0,-0.0,290.8811950683594,0.0,0.0,9.714489124235116e-08,290.83648681640625,294.1499938964844,282.54998779296875,282.2099609375,283.3938293457031,282.6088562011719,290.4013366699219,0.0,0.0,0.0,0.0,1.0,1.0,-2.0716548476684693e-07,2.591178682211093e-13,2.071652289714621e-07,-4.740777228562365e-07,0.0,0.0,0.0,-1.1669180821627378e-06,60.0,-0.0106587437912821,-0.0,-2.927501296256683e-15,0.0,293.1499938964844,293.1499938964844,293.1499938964844,293.1499938964844,293.1499938964844,293.1499938964844,278.1499938964844,0.0,18000.0,313.1499938964844,0.0,18000.0,0.0,0.0,0.0,0.0,0.0,0.0,0.0,0.0,0.0,0.0,-0.0,-0.0,0.0,0.0,0.0,0.0,0.0,-0.0,0.0,0.0,0.0,0.0,0.0,0.0,0.0,0.0,0.0,4.0,0.0,0.0
11933760,297.1534118652344,303.1499938964844,285.1499938964844,0.0,-0.0,290.8804626464844,0.0,0.0,8.903557058292931e-11,297.1487731933594,303.1499938964844,285.1499938964844,0.0,-0.0,290.8804931640625,0.0,0.0,9.375874382433479e-11,297.1783447265625,303.1499938964844,285.1499938964844,0.0,-0.0,290.88055419921875,0.0,0.0,6.924989054413189e-11,297.11688232421875,303.1499938964844,285.1499938964844,0.0,-0.0,290.88037109375,0.0,0.0,9.375874382433479e-11,297.4244079589844,303.1499938964844,285.1499938964844,0.0,-0.0,290.8811950683594,0.0,0.0,4.4475109706176847e-10,290.83648681640625,294.1499938964844,282.54998779296875,282.2122802734375,283.3938293457031,282.6088562011719,290.3999938964844,0.0,0.0,0.0,0.0,1.0,1.0,-9.701687231356e-10,1.2012062216215302e-15,9.701675018902731e-10,-2.205352345185929e-09,0.0,0.0,0.0,-5.4569682106375694e-09,60.0,-0.0050015202723443,-0.0,-6.136083298820326e-20,0.0,293.1499938964844,293.1499938964844,293.1499938964844,293.1499938964844,293.1499938964844,293.1499938964844,278.1499938964844,0.0,18000.0,313.1499938964844,0.0,18000.0,0.0,0.0,0.0,0.0,0.0,0.0,0.0,0.0,0.0,0.0,-0.0,-0.0,0.0,0.0,0.0,0.0,0.0,-0.0,0.0,0.0,0.0,0.0,0.0,0.0,0.0,0.0,0.0,4.0,0.0,0.0
11933820,297.1536560058594,303.1499938964844,285.1499938964844,0.0,-0.0,290.8804626464844,0.0,0.0,-5.935704705528622e-11,297.14874267578125,303.1499938964844,285.1499938964844,0.0,-0.0,290.8804931640625,0.0,0.0,-6.250583384215247e-11,297.17840576171875,303.1499938964844,285.1499938964844,0.0,-0.0,290.88055419921875,0.0,0.0,-4.6166594852570235e-11,297.1171264648437,303.1499938964844,285.1499938964844,0.0,-0.0,290.88037109375,0.0,0.0,-6.250583384215247e-11,297.4245910644531,303.1499938964844,285.1499938964844,0.0,-0.0,290.8811950683594,0.0,0.0,-2.965007406263709e-10,290.83648681640625,294.1499938964844,282.54998779296875,282.2172241210937,283.3938293457031,282.6088562011719,290.3973388671875,0.0,0.0,0.0,0.0,1.0,1.0,6.145307041016679e-10,-7.797240564358886e-16,-6.145299269455503e-10,1.4178512808271642e-09,0.0,0.0,0.0,3.4633558243513103e-09,60.0,-0.0006982857012189,-0.0,-2.727148240514842e-20,0.0,293.1499938964844,293.1499938964844,293.1499938964844,293.1499938964844,293.1499938964844,293.1499938964844,278.1499938964844,0.0,18000.0,313.1499938964844,0.0,18000.0,0.0,0.0,0.0,0.0,0.0,0.0,0.0,0.0,0.0,0.0,-0.0,-0.0,0.0,0.0,0.0,0.0,0.0,-0.0,0.0,0.0,0.0,0.0,0.0,0.0,0.0,0.0,0.0,4.0,0.0,0.0
11933880,297.1536560058594,303.1499938964844,285.1499938964844,0.0,-0.0,290.8804626464844,0.0,0.0,-5.935704705528622e-11,297.14874267578125,303.1499938964844,285.1499938964844,0.0,-0.0,290.8804931640625,0.0,0.0,-6.250583384215247e-11,297.17840576171875,303.1499938964844,285.1499938964844,0.0,-0.0,290.88055419921875,0.0,0.0,-4.6166594852570235e-11,297.1171264648437,303.1499938964844,285.1499938964844,0.0,-0.0,290.88037109375,0.0,0.0,-6.250583384215247e-11,297.4245910644531,303.1499938964844,285.1499938964844,0.0,-0.0,290.8811950683594,0.0,0.0,-2.965007406263709e-10,290.83648681640625,294.1499938964844,282.54998779296875,282.2172241210937,283.3938293457031,282.6088562011719,290.3973388671875,0.0,0.0,0.0,0.0,1.0,1.0,6.145307041016679e-10,-7.797240564358886e-16,-6.145299269455503e-10,1.4178512808271642e-09,0.0,0.0,0.0,3.4633558243513103e-09,60.0,-0.0006982857012189,-0.0,-2.727148240514842e-20,0.0,293.1499938964844,293.1499938964844,293.1499938964844,293.1499938964844,293.1499938964844,293.1499938964844,278.1499938964844,0.0,18000.0,313.1499938964844,0.0,18000.0,0.0,0.0,0.0,0.0,0.0,0.0,0.0,0.0,0.0,0.0,-0.0,-0.0,0.0,0.0,0.0,0.0,0.0,-0.0,0.0,0.0,0.0,0.0,0.0,0.0,0.0,0.0,0.0,4.0,0.0,0.0
11933940,297.1537475585937,303.1499938964844,285.1499938964844,0.0,-0.0,290.8804626464844,0.0,0.0,3.606963838720389e-09,297.1485595703125,303.1499938964844,285.1499938964844,0.0,-0.0,290.8804931640625,0.0,0.0,3.7983070022562515e-09,297.1783142089844,303.1499938964844,285.1499938964844,0.0,-0.0,290.88055419921875,0.0,0.0,2.805416565720975e-09,297.1171264648437,303.1499938964844,285.1499938964844,0.0,-0.0,290.88037109375,0.0,0.0,3.7983070022562515e-09,297.4246520996094,303.1499938964844,285.1499938964844,0.0,-0.0,290.8811950683594,0.0,0.0,1.8017532354974722e-08,290.83648681640625,294.1499938964844,282.54998779296875,282.2225341796875,283.3938293457031,282.6088562011719,290.3948669433594,0.0,0.0,0.0,0.0,1.0,1.0,-3.84331251268577e-08,4.8062916087375854e-14,3.8433078941579886e-08,-8.794269490408625e-08,0.0,0.0,0.0,-2.164742909371853e-07,60.0,-4.384567364468239e-05,-0.0,-1.007042434074313e-16,0.0,293.1499938964844,293.1499938964844,293.1499938964844,293.1499938964844,293.1499938964844,293.1499938964844,278.1499938964844,0.0,18000.0,313.1499938964844,0.0,18000.0,0.0,0.0,0.0,0.0,0.0,0.0,0.0,0.0,0.0,0.0,-0.0,-0.0,0.0,0.0,0.0,0.0,0.0,-0.0,0.0,0.0,0.0,0.0,0.0,0.0,0.0,0.0,0.0,4.0,0.0,0.0
11934000,297.1537475585937,303.1499938964844,285.1499938964844,0.0,-0.0,290.8804626464844,0.0,0.0,3.606963838720389e-09,297.1485595703125,303.1499938964844,285.1499938964844,0.0,-0.0,290.8804931640625,0.0,0.0,3.7983070022562515e-09,297.1783142089844,303.1499938964844,285.1499938964844,0.0,-0.0,290.88055419921875,0.0,0.0,2.805416565720975e-09,297.1171264648437,303.1499938964844,285.1499938964844,0.0,-0.0,290.88037109375,0.0,0.0,3.7983070022562515e-09,297.4246520996094,303.1499938964844,285.1499938964844,0.0,-0.0,290.8811950683594,0.0,0.0,1.8017532354974722e-08,290.83648681640625,294.1499938964844,282.54998779296875,282.2225341796875,283.3938293457031,282.6088562011719,290.3948669433594,0.0,0.0,0.0,0.0,1.0,1.0,-3.84331251268577e-08,4.8062916087375854e-14,3.8433078941579886e-08,-8.794269490408625e-08,0.0,0.0,0.0,-2.164742909371853e-07,60.0,-4.384567364468239e-05,-0.0,-1.007042434074313e-16,0.0,293.1499938964844,293.1499938964844,293.1499938964844,293.1499938964844,293.1499938964844,293.1499938964844,278.1499938964844,0.0,18000.0,313.1499938964844,0.0,18000.0,0.0,0.0,0.0,0.0,0.0,0.0,0.0,0.0,0.0,0.0,-0.0,-0.0,0.0,0.0,0.0,0.0,0.0,-0.0,0.0,0.0,0.0,0.0,0.0,0.0,0.0,0.0,0.0,4.0,0.0,0.0
11934060,297.1536560058594,303.1499938964844,285.1499938964844,0.0,-0.0,290.88043212890625,0.0,0.0,5.3006353084583686e-08,297.1482238769531,303.1499938964844,285.1499938964844,0.0,-0.0,290.8804626464844,0.0,0.0,5.5818244248939664e-08,297.1780700683594,303.1499938964844,285.1499938964844,0.0,-0.0,290.88055419921875,0.0,0.0,4.1227167457691394e-08,297.116943359375,303.1499938964844,285.1499938964844,0.0,-0.0,290.88037109375,0.0,0.0,5.581824780165334e-08,297.4246520996094,303.1499938964844,285.1499938964844,0.0,-0.0,290.88116455078125,0.0,0.0,2.647777250786021e-07,290.8364562988281,294.1499938964844,282.5531616210937,282.2316589355469,283.3938293457031,282.6088256835937,290.3925476074219,0.0,0.0,0.0,0.0,1.0,1.0,-5.647538614539371e-07,7.063662263613601e-13,5.647531793329108e-07,-1.2923134136144654e-06,0.0,0.0,0.0,-3.181106876581908e-06,60.0,-0.0007018177420832,-0.0,-2.174803678887515e-14,0.0,293.1499938964844,293.1499938964844,293.1499938964844,293.1499938964844,293.1499938964844,293.1499938964844,278.1499938964844,0.0,18000.0,313.1499938964844,0.0,18000.0,0.0,0.0,0.0,0.0,0.0,0.0,0.0,0.0,0.0,0.0,-0.0,-0.0,0.0,0.0,0.0,0.0,0.0,-0.0,0.0,0.0,0.0,0.0,0.0,0.0,0.0,0.0,0.0,4.0,0.0,0.0
11934120,297.1536560058594,303.1499938964844,285.1499938964844,0.0,-0.0,290.88043212890625,0.0,0.0,5.3006353084583686e-08,297.1482238769531,303.1499938964844,285.1499938964844,0.0,-0.0,290.8804626464844,0.0,0.0,5.5818244248939664e-08,297.1780700683594,303.1499938964844,285.1499938964844,0.0,-0.0,290.88055419921875,0.0,0.0,4.1227167457691394e-08,297.116943359375,303.1499938964844,285.1499938964844,0.0,-0.0,290.88037109375,0.0,0.0,5.581824780165334e-08,297.4246520996094,303.1499938964844,285.1499938964844,0.0,-0.0,290.88116455078125,0.0,0.0,2.647777250786021e-07,290.8364562988281,294.1499938964844,282.5531616210937,282.2316589355469,283.3938293457031,282.6088256835937,290.3925476074219,0.0,0.0,0.0,0.0,1.0,1.0,-5.647538614539371e-07,7.063662263613601e-13,5.647531793329108e-07,-1.2923134136144654e-06,0.0,0.0,0.0,-3.181106876581908e-06,60.0,-0.0007018177420832,-0.0,-2.174803678887515e-14,0.0,293.1499938964844,293.1499938964844,293.1499938964844,293.1499938964844,293.1499938964844,293.1499938964844,278.1499938964844,0.0,18000.0,313.1499938964844,0.0,18000.0,0.0,0.0,0.0,0.0,0.0,0.0,0.0,0.0,0.0,0.0,-0.0,-0.0,0.0,0.0,0.0,0.0,0.0,-0.0,0.0,0.0,0.0,0.0,0.0,0.0,0.0,0.0,0.0,4.0,0.0,0.0
11934180,297.1534118652344,303.1499938964844,285.1499938964844,0.0,-0.0,290.88043212890625,0.0,0.0,3.35701969333968e-07,297.147705078125,303.1499938964844,285.1499938964844,0.0,-0.0,290.8804931640625,0.0,0.0,3.5351035876374226e-07,297.1776428222656,303.1499938964844,285.1499938964844,0.0,-0.0,290.88055419921875,0.0,0.0,2.611015474940359e-07,297.1165771484375,303.1499938964844,285.1499938964844,0.0,-0.0,290.88037109375,0.0,0.0,3.5351035876374226e-07,297.424560546875,303.1499938964844,285.1499938964844,0.0,-0.0,290.88116455078125,0.0,0.0,1.6769008652772754e-06,290.8364562988281,294.1499938964844,282.5623474121094,282.2478332519531,283.3938293457031,282.6088562011719,290.3903503417969,0.0,0.0,0.0,0.0,1.0,1.0,-3.5767502595263068e-06,4.473649315578365e-12,3.576745712052798e-06,-8.184573744074441e-06,0.0,0.0,0.0,-2.014683559536934e-05,60.0,-0.0106233553960919,-0.0,-8.723122051079727e-13,0.0,293.1499938964844,293.1499938964844,293.1499938964844,293.1499938964844,293.1499938964844,293.1499938964844,278.1499938964844,0.0,18000.0,313.1499938964844,0.0,18000.0,0.0,0.0,0.0,0.0,0.0,0.0,0.0,0.0,0.0,0.0,-0.0,-0.0,0.0,0.0,0.0,0.0,0.0,-0.0,0.0,0.0,0.0,0.0,0.0,0.0,0.0,0.0,0.0,4.0,0.0,0.0
11934240,297.1534118652344,303.1499938964844,285.1499938964844,0.0,-0.0,290.88043212890625,0.0,0.0,3.35701969333968e-07,297.147705078125,303.1499938964844,285.1499938964844,0.0,-0.0,290.8804931640625,0.0,0.0,3.5351035876374226e-07,297.1776428222656,303.1499938964844,285.1499938964844,0.0,-0.0,290.88055419921875,0.0,0.0,2.611015474940359e-07,297.1165771484375,303.1499938964844,285.1499938964844,0.0,-0.0,290.88037109375,0.0,0.0,3.5351035876374226e-07,297.424560546875,303.1499938964844,285.1499938964844,0.0,-0.0,290.88116455078125,0.0,0.0,1.6769008652772754e-06,290.8364562988281,294.1499938964844,282.5623474121094,282.2478332519531,283.3938293457031,282.6088562011719,290.3903503417969,0.0,0.0,0.0,0.0,1.0,1.0,-3.5767502595263068e-06,4.473649315578365e-12,3.576745712052798e-06,-8.184573744074441e-06,0.0,0.0,0.0,-2.014683559536934e-05,60.0,-0.0106233553960919,-0.0,-8.723122051079727e-13,0.0,293.1499938964844,293.1499938964844,293.1499938964844,293.1499938964844,293.1499938964844,293.1499938964844,278.1499938964844,0.0,18000.0,313.1499938964844,0.0,18000.0,0.0,0.0,0.0,0.0,0.0,0.0,0.0,0.0,0.0,0.0,-0.0,-0.0,0.0,0.0,0.0,0.0,0.0,-0.0,0.0,0.0,0.0,0.0,0.0,0.0,0.0,0.0,0.0,4.0,0.0,0.0
11934300,297.1531982421875,303.1499938964844,285.1499938964844,0.0,-0.0,290.88043212890625,0.0,0.0,6.258770781641942e-07,297.1473693847656,303.1499938964844,285.1499938964844,0.0,-0.0,290.8804626464844,0.0,0.0,6.590786938431847e-07,297.1773681640625,303.1499938964844,285.1499938964844,0.0,-0.0,290.88055419921875,0.0,0.0,4.867932830165955e-07,297.11627197265625,303.1499938964844,285.1499938964844,0.0,-0.0,290.88037109375,0.0,0.0,6.590787506866036e-07,297.4244689941406,303.1499938964844,285.1499938964844,0.0,-0.0,290.88116455078125,0.0,0.0,3.126385536234011e-06,290.8364562988281,294.1499938964844,282.5691223144531,282.2583923339844,283.3938293457031,282.6088562011719,290.3893127441406,0.0,0.0,0.0,0.0,1.0,1.0,-6.668514288321603e-06,8.340683178842399e-12,6.668506102869287e-06,-1.525931293144822e-05,0.0,0.0,0.0,-3.75618546968326e-05,60.0,-0.0212349407374858,-0.0,-3.03209128811599e-12,0.0,293.1499938964844,293.1499938964844,293.1499938964844,293.1499938964844,293.1499938964844,293.1499938964844,278.1499938964844,0.0,18000.0,313.1499938964844,0.0,18000.0,0.0,0.0,0.0,0.0,0.0,0.0,0.0,0.0,0.0,0.0,-0.0,-0.0,0.0,0.0,0.0,0.0,0.0,-0.0,0.0,0.0,0.0,0.0,0.0,0.0,0.0,0.0,0.0,4.0,0.0,0.0
11934360,297.1529541015625,303.1499938964844,285.1499938964844,0.0,-0.0,290.88043212890625,0.0,0.0,1.0548521913733566e-06,297.14697265625,303.1499938964844,285.1499938964844,0.0,-0.0,290.8804626464844,0.0,0.0,1.110810217141989e-06,297.1770324707031,303.1499938964844,285.1499938964844,0.0,-0.0,290.88055419921875,0.0,0.0,8.204406753975491e-07,297.1159362792969,303.1499938964844,285.1499938964844,0.0,-0.0,290.8803405761719,0.0,0.0,1.110810217141989e-06,297.4243469238281,303.1499938964844,285.1499938964844,0.0,-0.0,290.88116455078125,0.0,0.0,5.269205303193303e-06,290.8364562988281,294.1499938964844,282.5772399902344,282.2705383300781,283.3938293457031,282.6088562011719,290.3882751464844,0.0,0.0,0.0,0.0,1.0,1.0,-1.1239148989261594e-05,1.4057456587668328e-11,1.1239134437346364e-05,-2.571809818618931e-05,0.0,0.0,0.0,-6.330695759970695e-05,60.0,-0.0380667261779308,-0.0,-8.612861292223162e-12,0.0,293.1499938964844,293.1499938964844,293.1499938964844,293.1499938964844,293.1499938964844,293.1499938964844,278.1499938964844,0.0,18000.0,313.1499938964844,0.0,18000.0,0.0,0.0,0.0,0.0,0.0,0.0,0.0,0.0,0.0,0.0,-0.0,-0.0,0.0,0.0,0.0,0.0,0.0,-0.0,0.0,0.0,0.0,0.0,0.0,0.0,0.0,0.0,0.0,4.0,0.0,0.0
11934420,297.1523132324219,303.1499938964844,285.1499938964844,0.0,-0.0,290.88043212890625,0.0,0.0,2.4274972929561045e-06,297.1460876464844,303.1499938964844,285.1499938964844,0.0,-0.0,290.8804626464844,0.0,0.0,2.556271510911756e-06,297.1762390136719,303.1499938964844,285.1499938964844,0.0,-0.0,290.88055419921875,0.0,0.0,1.888053475340712e-06,297.1150207519531,303.1499938964844,285.1499938964844,0.0,-0.0,290.8803405761719,0.0,0.0,2.556271510911756e-06,297.424072265625,303.1499938964844,285.1499938964844,0.0,-0.0,290.88116455078125,0.0,0.0,1.2125851753808092e-05,290.83642578125,294.1499938964844,282.5974426269531,282.2994079589844,283.3938293457031,282.6090087890625,290.3863525390625,0.0,0.0,0.0,0.0,1.0,1.0,-2.586441587482113e-05,3.235003237511691e-11,2.586438313301187e-05,-5.918443639529869e-05,0.0,0.0,0.0,-0.0001456869504181,60.0,-0.0952810570597648,-0.0,-4.5612267435268805e-11,0.0,293.1499938964844,293.1499938964844,293.1499938964844,293.1499938964844,293.1499938964844,293.1499938964844,278.1499938964844,0.0,18000.0,313.1499938964844,0.0,18000.0,0.0,0.0,0.0,0.0,0.0,0.0,0.0,0.0,0.0,0.0,-0.0,-0.0,0.0,0.0,0.0,0.0,0.0,-0.0,0.0,0.0,0.0,0.0,0.0,0.0,0.0,0.0,0.0,4.0,0.0,0.0
11934480,297.1523132324219,303.1499938964844,285.1499938964844,0.0,-0.0,290.88043212890625,0.0,0.0,2.4274972929561045e-06,297.1460876464844,303.1499938964844,285.1499938964844,0.0,-0.0,290.8804626464844,0.0,0.0,2.556271510911756e-06,297.1762390136719,303.1499938964844,285.1499938964844,0.0,-0.0,290.88055419921875,0.0,0.0,1.888053475340712e-06,297.1150207519531,303.1499938964844,285.1499938964844,0.0,-0.0,290.8803405761719,0.0,0.0,2.556271510911756e-06,297.424072265625,303.1499938964844,285.1499938964844,0.0,-0.0,290.88116455078125,0.0,0.0,1.2125851753808092e-05,290.83642578125,294.1499938964844,282.5974426269531,282.2994079589844,283.3938293457031,282.6090087890625,290.3863525390625,0.0,0.0,0.0,0.0,1.0,1.0,-2.586441587482113e-05,3.235003237511691e-11,2.586438313301187e-05,-5.918443639529869e-05,0.0,0.0,0.0,-0.0001456869504181,60.0,-0.0952810570597648,-0.0,-4.5612267435268805e-11,0.0,293.1499938964844,293.1499938964844,293.1499938964844,293.1499938964844,293.1499938964844,293.1499938964844,278.1499938964844,0.0,18000.0,313.1499938964844,0.0,18000.0,0.0,0.0,0.0,0.0,0.0,0.0,0.0,0.0,0.0,0.0,-0.0,-0.0,0.0,0.0,0.0,0.0,0.0,-0.0,0.0,0.0,0.0,0.0,0.0,0.0,0.0,0.0,0.0,4.0,0.0,0.0
11934540,297.1514892578125,303.1499938964844,285.1499938964844,0.0,-0.0,290.8804931640625,0.0,0.0,4.724533937405795e-06,297.1449890136719,303.1499938964844,285.1499938964844,0.0,-0.0,290.8805236816406,0.0,0.0,4.975162028131308e-06,297.17529296875,303.1499938964844,285.1499938964844,0.0,-0.0,290.8805847167969,0.0,0.0,3.6746378100360735e-06,297.11383056640625,303.1499938964844,285.1499938964844,0.0,-0.0,290.8804016113281,0.0,0.0,4.975162028131308e-06,297.42364501953125,303.1499938964844,285.1499938964844,0.0,-0.0,290.8812255859375,0.0,0.0,2.3600025087944232e-05,290.8365173339844,294.1499938964844,282.62255859375,282.3339538574219,283.3939819335937,282.60968017578125,290.384521484375,0.0,0.0,0.0,0.0,1.0,1.0,-5.033894922235049e-05,6.296162896601841e-11,5.0338883738731965e-05,-0.0001151883625425,0.0,0.0,0.0,-0.0002835450577549,60.0,-0.1967317312955856,-0.0,-1.7277550223848692e-10,0.0,293.1499938964844,293.1499938964844,293.1499938964844,293.1499938964844,293.1499938964844,293.1499938964844,278.1499938964844,0.0,18000.0,313.1499938964844,0.0,18000.0,0.0,0.0,0.0,0.0,0.0,0.0,0.0,0.0,0.0,0.0,-0.0,-0.0,0.0,0.0,0.0,0.0,0.0,-0.0,0.0,0.0,0.0,0.0,0.0,0.0,0.0,0.0,0.0,4.0,0.0,0.0
11934600,297.1514892578125,303.1499938964844,285.1499938964844,0.0,-0.0,290.8804931640625,0.0,0.0,4.724533937405795e-06,297.1449890136719,303.1499938964844,285.1499938964844,0.0,-0.0,290.8805236816406,0.0,0.0,4.975162028131308e-06,297.17529296875,303.1499938964844,285.1499938964844,0.0,-0.0,290.8805847167969,0.0,0.0,3.6746378100360735e-06,297.11383056640625,303.1499938964844,285.1499938964844,0.0,-0.0,290.8804016113281,0.0,0.0,4.975162028131308e-06,297.42364501953125,303.1499938964844,285.1499938964844,0.0,-0.0,290.8812255859375,0.0,0.0,2.3600025087944232e-05,290.8365173339844,294.1499938964844,282.62255859375,282.3339538574219,283.3939819335937,282.60968017578125,290.384521484375,0.0,0.0,0.0,0.0,1.0,1.0,-5.033894922235049e-05,6.296162896601841e-11,5.0338883738731965e-05,-0.0001151883625425,0.0,0.0,0.0,-0.0002835450577549,60.0,-0.1967317312955856,-0.0,-1.7277550223848692e-10,0.0,293.1499938964844,293.1499938964844,293.1499938964844,293.1499938964844,293.1499938964844,293.1499938964844,278.1499938964844,0.0,18000.0,313.1499938964844,0.0,18000.0,0.0,0.0,0.0,0.0,0.0,0.0,0.0,0.0,0.0,0.0,-0.0,-0.0,0.0,0.0,0.0,0.0,0.0,-0.0,0.0,0.0,0.0,0.0,0.0,0.0,0.0,0.0,0.0,4.0,0.0,0.0
11934660,297.1504821777344,303.1499938964844,285.1499938964844,0.0,-0.0,290.8807373046875,0.0,0.0,8.255159627879038e-06,297.14373779296875,303.1499938964844,285.1499938964844,0.0,-0.0,290.8807678222656,0.0,0.0,8.693080417288002e-06,297.17413330078125,303.1499938964844,285.1499938964844,0.0,-0.0,290.880859375,0.0,0.0,6.420680165319936e-06,297.1122741699219,303.1499938964844,285.1499938964844,0.0,-0.0,290.8806457519531,0.0,0.0,8.693081326782703e-06,297.4231262207031,303.1499938964844,285.1499938964844,0.0,-0.0,290.8814697265625,0.0,0.0,4.123623148188926e-05,290.8368530273437,294.1499938964844,282.6522216796875,282.3737487792969,283.3944702148437,282.6116943359375,290.3828430175781,0.0,0.0,0.0,0.0,1.0,1.0,-8.795726898824796e-05,1.1001280442179959e-10,8.795715984888375e-05,-0.0002012685436056,0.0,0.0,0.0,-0.0004954384057782,60.0,-0.3588072061538696,-0.0,-5.274911063501975e-10,0.0,293.1499938964844,293.1499938964844,293.1499938964844,293.1499938964844,293.1499938964844,293.1499938964844,278.1499938964844,0.0,18000.0,313.1499938964844,0.0,18000.0,0.0,0.0,0.0,0.0,0.0,0.0,0.0,0.0,0.0,0.0,-0.0,-0.0,0.0,0.0,0.0,0.0,0.0,-0.0,0.0,0.0,0.0,0.0,0.0,0.0,0.0,0.0,0.0,4.0,0.0,0.0
11934720,297.1504821777344,303.1499938964844,285.1499938964844,0.0,-0.0,290.8807373046875,0.0,0.0,8.255159627879038e-06,297.14373779296875,303.1499938964844,285.1499938964844,0.0,-0.0,290.8807678222656,0.0,0.0,8.693080417288002e-06,297.17413330078125,303.1499938964844,285.1499938964844,0.0,-0.0,290.880859375,0.0,0.0,6.420680165319936e-06,297.1122741699219,303.1499938964844,285.1499938964844,0.0,-0.0,290.8806457519531,0.0,0.0,8.693081326782703e-06,297.4231262207031,303.1499938964844,285.1499938964844,0.0,-0.0,290.8814697265625,0.0,0.0,4.123623148188926e-05,290.8368530273437,294.1499938964844,282.6522216796875,282.3737487792969,283.3944702148437,282.6116943359375,290.3828430175781,0.0,0.0,0.0,0.0,1.0,1.0,-8.795726898824796e-05,1.1001280442179959e-10,8.795715984888375e-05,-0.0002012685436056,0.0,0.0,0.0,-0.0004954384057782,60.0,-0.3588072061538696,-0.0,-5.274911063501975e-10,0.0,293.1499938964844,293.1499938964844,293.1499938964844,293.1499938964844,293.1499938964844,293.1499938964844,278.1499938964844,0.0,18000.0,313.1499938964844,0.0,18000.0,0.0,0.0,0.0,0.0,0.0,0.0,0.0,0.0,0.0,0.0,-0.0,-0.0,0.0,0.0,0.0,0.0,0.0,-0.0,0.0,0.0,0.0,0.0,0.0,0.0,0.0,0.0,0.0,4.0,0.0,0.0
11934780,297.1492919921875,303.1499938964844,285.1499938964844,0.0,-0.0,290.88134765625,0.0,0.0,1.3304680578585248e-05,297.14227294921875,303.1499938964844,285.1499938964844,0.0,-0.0,290.88140869140625,0.0,0.0,1.4010470295033883e-05,297.1728210449219,303.1499938964844,285.1499938964844,0.0,-0.0,290.8814697265625,0.0,0.0,1.0348086107114796e-05,297.1103515625,303.1499938964844,285.1499938964844,0.0,-0.0,290.8812866210937,0.0,0.0,1.4010470295033883e-05,297.4224853515625,303.1499938964844,285.1499938964844,0.0,-0.0,290.88214111328125,0.0,0.0,6.645963730989024e-05,290.837646484375,294.1499938964844,282.68603515625,282.4183654785156,283.3955993652344,282.61627197265625,290.3812255859375,0.0,0.0,0.0,0.0,1.0,1.0,-0.0001417592720827,1.7730582280162108e-10,0.0001417590974597,-0.0003243810206186,0.0,0.0,0.0,-0.0007984899566508,60.0,-0.5968796610832214,-0.0,-1.3701657586295823e-09,0.0,293.1499938964844,293.1499938964844,293.1499938964844,293.1499938964844,293.1499938964844,293.1499938964844,278.1499938964844,0.0,18000.0,313.1499938964844,0.0,18000.0,0.0,0.0,0.0,0.0,0.0,0.0,0.0,0.0,0.0,0.0,-0.0,-0.0,0.0,0.0,0.0,0.0,0.0,-0.0,0.0,0.0,0.0,0.0,0.0,0.0,0.0,0.0,0.0,4.0,0.0,0.0
11934840,297.1492919921875,303.1499938964844,285.1499938964844,0.0,-0.0,290.88134765625,0.0,0.0,1.3304680578585248e-05,297.14227294921875,303.1499938964844,285.1499938964844,0.0,-0.0,290.88140869140625,0.0,0.0,1.4010470295033883e-05,297.1728210449219,303.1499938964844,285.1499938964844,0.0,-0.0,290.8814697265625,0.0,0.0,1.0348086107114796e-05,297.1103515625,303.1499938964844,285.1499938964844,0.0,-0.0,290.8812866210937,0.0,0.0,1.4010470295033883e-05,297.4224853515625,303.1499938964844,285.1499938964844,0.0,-0.0,290.88214111328125,0.0,0.0,6.645963730989024e-05,290.837646484375,294.1499938964844,282.68603515625,282.4183654785156,283.3955993652344,282.61627197265625,290.3812255859375,0.0,0.0,0.0,0.0,1.0,1.0,-0.0001417592720827,1.7730582280162108e-10,0.0001417590974597,-0.0003243810206186,0.0,0.0,0.0,-0.0007984899566508,60.0,-0.5968796610832214,-0.0,-1.3701657586295823e-09,0.0,293.1499938964844,293.1499938964844,293.1499938964844,293.1499938964844,293.1499938964844,293.1499938964844,278.1499938964844,0.0,18000.0,313.1499938964844,0.0,18000.0,0.0,0.0,0.0,0.0,0.0,0.0,0.0,0.0,0.0,0.0,-0.0,-0.0,0.0,0.0,0.0,0.0,0.0,-0.0,0.0,0.0,0.0,0.0,0.0,0.0,0.0,0.0,0.0,4.0,0.0,0.0
11934900,297.14862060546875,303.1499938964844,285.1499938964844,0.0,-0.0,290.8819274902344,0.0,0.0,1.6468582543893717e-05,297.1415100097656,303.1499938964844,285.1499938964844,0.0,-0.0,290.8819580078125,0.0,0.0,1.7342210412607528e-05,297.1720886230469,303.1499938964844,285.1499938964844,0.0,-0.0,290.8820495605469,0.0,0.0,1.2808897736249492e-05,297.1092529296875,303.1499938964844,285.1499938964844,0.0,-0.0,290.8818359375,0.0,0.0,1.7342210412607528e-05,297.422119140625,303.1499938964844,285.1499938964844,0.0,-0.0,290.8827514648437,0.0,0.0,8.226397767430171e-05,290.8383178710937,294.1499938964844,282.70440673828125,282.4423217773437,283.39654541015625,282.6198425292969,290.3804626464844,0.0,0.0,0.0,0.0,1.0,1.0,-0.0001754703116603,2.1946996997534995e-10,0.0001754700933815,-0.0004015202866867,0.0,0.0,0.0,-0.0009883748134598,60.0,-0.7460814118385315,-0.0,-2.099310059122672e-09,0.0,293.1499938964844,293.1499938964844,293.1499938964844,293.1499938964844,293.1499938964844,293.1499938964844,278.1499938964844,0.0,18000.0,313.1499938964844,0.0,18000.0,0.0,0.0,0.0,0.0,0.0,0.0,0.0,0.0,0.0,0.0,-0.0,-0.0,0.0,0.0,0.0,0.0,0.0,-0.0,0.0,0.0,0.0,0.0,0.0,0.0,0.0,0.0,0.0,4.0,0.0,0.0
11934960,297.1479187011719,303.1499938964844,285.1499938964844,0.0,-0.0,290.8827209472656,0.0,0.0,2.0109036995563656e-05,297.1406555175781,303.1499938964844,285.1499938964844,0.0,-0.0,290.8827819824219,0.0,0.0,2.117578696925193e-05,297.1713562011719,303.1499938964844,285.1499938964844,0.0,-0.0,290.88287353515625,0.0,0.0,1.5640363926650025e-05,297.1080017089844,303.1499938964844,285.1499938964844,0.0,-0.0,290.88262939453125,0.0,0.0,2.117578696925193e-05,297.4217224121094,303.1499938964844,285.1499938964844,0.0,-0.0,290.8835754394531,0.0,0.0,0.0001004488076432,290.8392333984375,294.1499938964844,282.7236633300781,282.46734619140625,283.397705078125,282.62420654296875,290.3797302246094,0.0,0.0,0.0,0.0,1.0,1.0,-0.0002142589801223,2.6798502306135674e-10,0.0002142587181879,-0.0004902784712612,0.0,0.0,0.0,-0.0012068606447428,60.0,-0.9198102951049804,-0.0,-3.130017578456545e-09,0.0,293.1499938964844,293.1499938964844,293.1499938964844,293.1499938964844,293.1499938964844,293.1499938964844,278.1499938964844,0.0,18000.0,313.1499938964844,0.0,18000.0,0.0,0.0,0.0,0.0,0.0,0.0,0.0,0.0,0.0,0.0,-0.0,-0.0,0.0,0.0,0.0,0.0,0.0,-0.0,0.0,0.0,0.0,0.0,0.0,0.0,0.0,0.0,0.0,4.0,0.0,0.0
11935020,297.1463623046875,303.1499938964844,285.1499938964844,0.0,-0.0,290.8849792480469,0.0,0.0,2.885492176574189e-05,297.138916015625,303.1499938964844,285.1499938964844,0.0,-0.0,290.885009765625,0.0,0.0,3.0385624995687976e-05,297.1697082519531,303.1499938964844,285.1499938964844,0.0,-0.0,290.8851318359375,0.0,0.0,2.244271854578983e-05,297.1052551269531,303.1499938964844,285.1499938964844,0.0,-0.0,290.8848876953125,0.0,0.0,3.0385624995687976e-05,297.4208374023437,303.1499938964844,285.1499938964844,0.0,-0.0,290.88592529296875,0.0,0.0,0.0001441363128833,290.8414001464844,294.1499938964844,282.7647399902344,282.520263671875,283.4002990722656,282.6339416503906,290.3782958984375,0.0,0.0,0.0,0.0,1.0,1.0,-0.0003074454725719,3.8453826234352556e-10,0.0003074450942222,-0.0007035125163383,0.0,0.0,0.0,-0.0017317548627033,60.0,-1.3387908935546875,-0.0,-6.444719424791856e-09,0.0,293.1499938964844,293.1499938964844,293.1499938964844,293.1499938964844,293.1499938964844,293.1499938964844,278.1499938964844,0.0,18000.0,313.1499938964844,0.0,18000.0,0.0,0.0,0.0,0.0,0.0,0.0,0.0,0.0,0.0,0.0,-0.0,-0.0,0.0,0.0,0.0,0.0,0.0,-0.0,0.0,0.0,0.0,0.0,0.0,0.0,0.0,0.0,0.0,4.0,0.0,0.0
11935080,297.1463623046875,303.1499938964844,285.1499938964844,0.0,-0.0,290.8849792480469,0.0,0.0,2.885492176574189e-05,297.138916015625,303.1499938964844,285.1499938964844,0.0,-0.0,290.885009765625,0.0,0.0,3.0385624995687976e-05,297.1697082519531,303.1499938964844,285.1499938964844,0.0,-0.0,290.8851318359375,0.0,0.0,2.244271854578983e-05,297.1052551269531,303.1499938964844,285.1499938964844,0.0,-0.0,290.8848876953125,0.0,0.0,3.0385624995687976e-05,297.4208374023437,303.1499938964844,285.1499938964844,0.0,-0.0,290.88592529296875,0.0,0.0,0.0001441363128833,290.8414001464844,294.1499938964844,282.7647399902344,282.520263671875,283.4002990722656,282.6339416503906,290.3782958984375,0.0,0.0,0.0,0.0,1.0,1.0,-0.0003074454725719,3.8453826234352556e-10,0.0003074450942222,-0.0007035125163383,0.0,0.0,0.0,-0.0017317548627033,60.0,-1.3387908935546875,-0.0,-6.444719424791856e-09,0.0,293.1499938964844,293.1499938964844,293.1499938964844,293.1499938964844,293.1499938964844,293.1499938964844,278.1499938964844,0.0,18000.0,313.1499938964844,0.0,18000.0,0.0,0.0,0.0,0.0,0.0,0.0,0.0,0.0,0.0,0.0,-0.0,-0.0,0.0,0.0,0.0,0.0,0.0,-0.0,0.0,0.0,0.0,0.0,0.0,0.0,0.0,0.0,0.0,4.0,0.0,0.0
11935140,297.1446533203125,303.1499938964844,285.1499938964844,0.0,-0.0,290.8881225585937,0.0,0.0,3.9442613342544064e-05,297.1369934082031,303.1499938964844,285.1499938964844,0.0,-0.0,290.8881530761719,0.0,0.0,4.153497138759121e-05,297.1679077148437,303.1499938964844,285.1499938964844,0.0,-0.0,290.8882751464844,0.0,0.0,3.067759098485112e-05,297.10205078125,303.1499938964844,285.1499938964844,0.0,-0.0,290.88800048828125,0.0,0.0,4.153497138759121e-05,297.4198303222656,303.1499938964844,285.1499938964844,0.0,-0.0,290.88922119140625,0.0,0.0,0.000197024011868,290.8433837890625,294.1499938964844,282.808837890625,282.57666015625,283.40203857421875,282.6413269042969,290.376953125,0.0,0.0,0.0,0.0,1.0,1.0,-0.0004195896035525,5.249690127051565e-10,0.0004195890796836,-0.0009605631930753,0.0,0.0,0.0,-0.0023635355755686,60.0,-1.858949899673462,-0.0,-1.2041914132510101e-08,0.0,293.1499938964844,293.1499938964844,293.1499938964844,293.1499938964844,293.1499938964844,293.1499938964844,278.1499938964844,0.0,18000.0,313.1499938964844,0.0,18000.0,0.0,0.0,0.0,0.0,0.0,0.0,0.0,0.0,0.0,0.0,-0.0,-0.0,0.0,0.0,0.0,0.0,0.0,-0.0,0.0,0.0,0.0,0.0,0.0,0.0,0.0,0.0,0.0,4.0,0.0,0.0
11935200,297.1446533203125,303.1499938964844,285.1499938964844,0.0,-0.0,290.8881225585937,0.0,0.0,3.9442613342544064e-05,297.1369934082031,303.1499938964844,285.1499938964844,0.0,-0.0,290.8881530761719,0.0,0.0,4.153497138759121e-05,297.1679077148437,303.1499938964844,285.1499938964844,0.0,-0.0,290.8882751464844,0.0,0.0,3.067759098485112e-05,297.10205078125,303.1499938964844,285.1499938964844,0.0,-0.0,290.88800048828125,0.0,0.0,4.153497138759121e-05,297.4198303222656,303.1499938964844,285.1499938964844,0.0,-0.0,290.88922119140625,0.0,0.0,0.000197024011868,290.8433837890625,294.1499938964844,282.808837890625,282.57666015625,283.40203857421875,282.6413269042969,290.376953125,0.0,0.0,0.0,0.0,1.0,1.0,-0.0004195896035525,5.249690127051565e-10,0.0004195890796836,-0.0009605631930753,0.0,0.0,0.0,-0.0023635355755686,60.0,-1.858949899673462,-0.0,-1.2041914132510101e-08,0.0,293.1499938964844,293.1499938964844,293.1499938964844,293.1499938964844,293.1499938964844,293.1499938964844,278.1499938964844,0.0,18000.0,313.1499938964844,0.0,18000.0,0.0,0.0,0.0,0.0,0.0,0.0,0.0,0.0,0.0,0.0,-0.0,-0.0,0.0,0.0,0.0,0.0,0.0,-0.0,0.0,0.0,0.0,0.0,0.0,0.0,0.0,0.0,0.0,4.0,0.0,0.0
11935260,297.1427917480469,303.1499938964844,285.1499938964844,0.0,-0.0,290.8893127441406,0.0,0.0,4.4903496018378064e-05,297.13494873046875,303.1499938964844,285.1499938964844,0.0,-0.0,290.8893127441406,0.0,0.0,4.7285546315833926e-05,297.166015625,303.1499938964844,285.1499938964844,0.0,-0.0,290.88946533203125,0.0,0.0,3.492494215606712e-05,297.09844970703125,303.1499938964844,285.1499938964844,0.0,-0.0,290.88916015625,0.0,0.0,4.7285546315833926e-05,297.4186706542969,303.1499938964844,285.1499938964844,0.0,-0.0,290.8905029296875,0.0,0.0,0.0002243022609036,290.8433532714844,294.1499938964844,282.8555908203125,282.6361083984375,283.39996337890625,282.64532470703125,290.3756408691406,0.0,0.0,0.0,0.0,1.0,1.0,-0.0005810740403831,7.012084246582614e-10,0.0005810733418911,-0.0012624147348105,0.0,0.0,0.0,-0.0032573537901043,60.0,-2.546511173248291,-0.0,-1.5607179548737804e-08,0.0,293.1499938964844,293.1499938964844,293.1499938964844,293.1499938964844,293.1499938964844,293.1499938964844,278.1499938964844,0.0,18000.0,313.1499938964844,0.0,18000.0,0.0,0.0,0.0,0.0,0.0,0.0,0.0,0.0,0.0,0.0,-0.0,-0.0,0.0,0.0,0.0,0.0,0.0,-0.0,0.0,0.0,0.0,0.0,0.0,0.0,0.0,0.0,0.0,4.0,0.0,0.0
11935320,297.1427917480469,303.1499938964844,285.1499938964844,0.0,-0.0,290.8893127441406,0.0,0.0,4.4903496018378064e-05,297.13494873046875,303.1499938964844,285.1499938964844,0.0,-0.0,290.8893127441406,0.0,0.0,4.7285546315833926e-05,297.166015625,303.1499938964844,285.1499938964844,0.0,-0.0,290.88946533203125,0.0,0.0,3.492494215606712e-05,297.09844970703125,303.1499938964844,285.1499938964844,0.0,-0.0,290.88916015625,0.0,0.0,4.7285546315833926e-05,297.4186706542969,303.1499938964844,285.1499938964844,0.0,-0.0,290.8905029296875,0.0,0.0,0.0002243022609036,290.8433532714844,294.1499938964844,282.8555908203125,282.6361083984375,283.39996337890625,282.64532470703125,290.3756408691406,0.0,0.0,0.0,0.0,1.0,1.0,-0.0005810740403831,7.012084246582614e-10,0.0005810733418911,-0.0012624147348105,0.0,0.0,0.0,-0.0032573537901043,60.0,-2.546511173248291,-0.0,-1.5607179548737804e-08,0.0,293.1499938964844,293.1499938964844,293.1499938964844,293.1499938964844,293.1499938964844,293.1499938964844,278.1499938964844,0.0,18000.0,313.1499938964844,0.0,18000.0,0.0,0.0,0.0,0.0,0.0,0.0,0.0,0.0,0.0,0.0,-0.0,-0.0,0.0,0.0,0.0,0.0,0.0,-0.0,0.0,0.0,0.0,0.0,0.0,0.0,0.0,0.0,0.0,4.0,0.0,0.0
11935380,297.1405944824219,303.1499938964844,285.1499938964844,0.0,-0.0,290.8897399902344,0.0,0.0,9.003172453958541e-05,297.1327819824219,303.1499938964844,285.1499938964844,0.0,-0.0,290.8897399902344,0.0,0.0,9.480774315306915e-05,297.1639709472656,303.1499938964844,285.1499938964844,0.0,-0.0,290.889892578125,0.0,0.0,7.002467464189976e-05,297.0944519042969,303.1499938964844,285.1499938964844,0.0,-0.0,290.8895568847656,0.0,0.0,9.480774315306915e-05,297.4173889160156,303.1499938964844,285.1499938964844,0.0,-0.0,290.8909912109375,0.0,0.0,0.0004497271147556,290.8425598144531,294.1499938964844,282.9046325683594,282.6981811523437,283.39453125,282.64898681640625,290.3743591308594,0.0,0.0,0.0,0.0,1.0,1.0,-0.0007370707462541,8.808359597267668e-10,0.0007370698731392,-0.0015786610310897,0.0,0.0,0.0,-0.0041420687921345,60.0,-3.2576913833618164,-0.0,-6.274154884522434e-08,0.0,293.1499938964844,293.1499938964844,293.1499938964844,293.1499938964844,293.1499938964844,293.1499938964844,278.1499938964844,0.0,18000.0,313.1499938964844,0.0,18000.0,0.0,0.0,0.0,0.0,0.0,0.0,0.0,0.0,0.0,0.0,-0.0,-0.0,0.0,0.0,0.0,0.0,0.0,-0.0,0.0,0.0,0.0,0.0,0.0,0.0,0.0,0.0,0.0,4.0,0.0,0.0
11935440,297.1405944824219,303.1499938964844,285.1499938964844,0.0,-0.0,290.8897399902344,0.0,0.0,9.003172453958541e-05,297.1327819824219,303.1499938964844,285.1499938964844,0.0,-0.0,290.8897399902344,0.0,0.0,9.480774315306915e-05,297.1639709472656,303.1499938964844,285.1499938964844,0.0,-0.0,290.889892578125,0.0,0.0,7.002467464189976e-05,297.0944519042969,303.1499938964844,285.1499938964844,0.0,-0.0,290.8895568847656,0.0,0.0,9.480774315306915e-05,297.4173889160156,303.1499938964844,285.1499938964844,0.0,-0.0,290.8909912109375,0.0,0.0,0.0004497271147556,290.8425598144531,294.1499938964844,282.9046325683594,282.6981811523437,283.39453125,282.64898681640625,290.3743591308594,0.0,0.0,0.0,0.0,1.0,1.0,-0.0007370707462541,8.808359597267668e-10,0.0007370698731392,-0.0015786610310897,0.0,0.0,0.0,-0.0041420687921345,60.0,-3.2576913833618164,-0.0,-6.274154884522434e-08,0.0,293.1499938964844,293.1499938964844,293.1499938964844,293.1499938964844,293.1499938964844,293.1499938964844,278.1499938964844,0.0,18000.0,313.1499938964844,0.0,18000.0,0.0,0.0,0.0,0.0,0.0,0.0,0.0,0.0,0.0,0.0,-0.0,-0.0,0.0,0.0,0.0,0.0,0.0,-0.0,0.0,0.0,0.0,0.0,0.0,0.0,0.0,0.0,0.0,4.0,0.0,0.0
11935500,297.1392517089844,303.1499938964844,285.1499938964844,0.0,-0.0,290.88897705078125,0.0,0.0,6.160457996884361e-05,297.1316833496094,303.1499938964844,285.1499938964844,0.0,-0.0,290.8890075683594,0.0,0.0,6.487259088316932e-05,297.1629333496094,303.1499938964844,285.1499938964844,0.0,-0.0,290.88916015625,0.0,0.0,4.791467290488072e-05,297.09234619140625,303.1499938964844,285.1499938964844,0.0,-0.0,290.8888244628906,0.0,0.0,6.487259088316932e-05,297.41668701171875,303.1499938964844,285.1499938964844,0.0,-0.0,290.8902587890625,0.0,0.0,0.0003077276051044,290.8417053222656,294.1499938964844,282.9299011230469,282.73004150390625,283.3910522460937,282.6510925292969,290.37371826171875,0.0,0.0,0.0,0.0,1.0,1.0,-0.0008702221675775,9.974747694485584e-10,0.0008702211780473,-0.0017521545523777,0.0,0.0,0.0,-0.0048520322889089,60.0,-3.788581371307373,-0.0,-2.9375819110555312e-08,0.0,293.1499938964844,293.1499938964844,293.1499938964844,293.1499938964844,293.1499938964844,293.1499938964844,278.1499938964844,0.0,18000.0,313.1499938964844,0.0,18000.0,0.0,0.0,0.0,0.0,0.0,0.0,0.0,0.0,0.0,0.0,-0.0,-0.0,0.0,0.0,0.0,0.0,0.0,-0.0,0.0,0.0,0.0,0.0,0.0,0.0,0.0,0.0,0.0,4.0,0.0,0.0
11935560,297.1376953125,303.1499938964844,285.1499938964844,0.0,-0.0,290.8897399902344,0.0,0.0,9.003798186313361e-05,297.1305236816406,303.1499938964844,285.1499938964844,0.0,-0.0,290.8897705078125,0.0,0.0,9.481433517066762e-05,297.1618347167969,303.1499938964844,285.1499938964844,0.0,-0.0,290.8899230957031,0.0,0.0,7.002954953350127e-05,297.0901794433594,303.1499938964844,285.1499938964844,0.0,-0.0,290.8895874023437,0.0,0.0,9.481434244662525e-05,297.4159545898437,303.1499938964844,285.1499938964844,0.0,-0.0,290.89111328125,0.0,0.0,0.0004497583722695,290.84381103515625,294.1499938964844,282.9555969238281,282.76239013671875,283.3871154785156,282.6539611816406,290.37310791015625,0.0,0.0,0.0,0.0,1.0,1.0,-0.0009217903716489,1.073576560983724e-09,0.0009217892657034,-0.0019006584770977,0.0,0.0,0.0,-0.0051578362472355,60.0,-4.229956150054932,-0.0,-6.275026720459209e-08,0.0,293.1499938964844,293.1499938964844,293.1499938964844,293.1499938964844,293.1499938964844,293.1499938964844,278.1499938964844,0.0,18000.0,313.1499938964844,0.0,18000.0,0.0,0.0,0.0,0.0,0.0,0.0,0.0,0.0,0.0,0.0,-0.0,-0.0,0.0,0.0,0.0,0.0,0.0,-0.0,0.0,0.0,0.0,0.0,0.0,0.0,0.0,0.0,0.0,4.0,0.0,0.0
11935620,297.1340637207031,303.1499938964844,285.1499938964844,0.0,-0.0,290.8865051269531,0.0,0.0,9.010326175484806e-05,297.1282043457031,303.1499938964844,285.1499938964844,0.0,-0.0,290.88653564453125,0.0,0.0,9.488307841820642e-05,297.1596069335937,303.1499938964844,285.1499938964844,0.0,-0.0,290.8866577148437,0.0,0.0,7.008032116573304e-05,297.08563232421875,303.1499938964844,285.1499938964844,0.0,-0.0,290.8863525390625,0.0,0.0,9.488308569416404e-05,297.41436767578125,303.1499938964844,285.1499938964844,0.0,-0.0,290.8878479003906,0.0,0.0,0.0004500844806898,290.8399353027344,294.1499938964844,283.0080871582031,282.8283386230469,283.3802795410156,282.6604309082031,290.3717956542969,0.0,0.0,0.0,0.0,1.0,1.0,-0.000958350545261,1.1908187769194e-09,0.0009583493229001,-0.0021723287645727,0.0,0.0,0.0,-0.0053946911357343,60.0,-4.769659996032715,-0.0,-6.28412806236156e-08,0.0,293.1499938964844,293.1499938964844,293.1499938964844,293.1499938964844,293.1499938964844,293.1499938964844,278.1499938964844,0.0,18000.0,313.1499938964844,0.0,18000.0,0.0,0.0,0.0,0.0,0.0,0.0,0.0,0.0,0.0,0.0,-0.0,-0.0,0.0,0.0,0.0,0.0,0.0,-0.0,0.0,0.0,0.0,0.0,0.0,0.0,0.0,0.0,0.0,4.0,0.0,0.0
11935680,297.1340637207031,303.1499938964844,285.1499938964844,0.0,-0.0,290.8865051269531,0.0,0.0,9.010326175484806e-05,297.1282043457031,303.1499938964844,285.1499938964844,0.0,-0.0,290.88653564453125,0.0,0.0,9.488307841820642e-05,297.1596069335937,303.1499938964844,285.1499938964844,0.0,-0.0,290.8866577148437,0.0,0.0,7.008032116573304e-05,297.08563232421875,303.1499938964844,285.1499938964844,0.0,-0.0,290.8863525390625,0.0,0.0,9.488308569416404e-05,297.41436767578125,303.1499938964844,285.1499938964844,0.0,-0.0,290.8878479003906,0.0,0.0,0.0004500844806898,290.8399353027344,294.1499938964844,283.0080871582031,282.8283386230469,283.3802795410156,282.6604309082031,290.3717956542969,0.0,0.0,0.0,0.0,1.0,1.0,-0.000958350545261,1.1908187769194e-09,0.0009583493229001,-0.0021723287645727,0.0,0.0,0.0,-0.0053946911357343,60.0,-4.769659996032715,-0.0,-6.28412806236156e-08,0.0,293.1499938964844,293.1499938964844,293.1499938964844,293.1499938964844,293.1499938964844,293.1499938964844,278.1499938964844,0.0,18000.0,313.1499938964844,0.0,18000.0,0.0,0.0,0.0,0.0,0.0,0.0,0.0,0.0,0.0,0.0,-0.0,-0.0,0.0,0.0,0.0,0.0,0.0,-0.0,0.0,0.0,0.0,0.0,0.0,0.0,0.0,0.0,0.0,4.0,0.0,0.0
11935740,297.129638671875,303.1499938964844,285.1499938964844,0.0,-0.0,290.8836364746094,0.0,0.0,9.019021672429516e-05,297.1257629394531,303.1499938964844,285.1499938964844,0.0,-0.0,290.8836669921875,0.0,0.0,9.497464634478092e-05,297.1572265625,303.1499938964844,285.1499938964844,0.0,-0.0,290.8837890625,0.0,0.0,7.014795119175687e-05,297.0809631347656,303.1499938964844,285.1499938964844,0.0,-0.0,290.88348388671875,0.0,0.0,9.497464634478092e-05,297.41265869140625,303.1499938964844,285.1499938964844,0.0,-0.0,290.88494873046875,0.0,0.0,0.0004505188262555,290.836669921875,294.1499938964844,283.061767578125,282.8955383300781,283.3744506835937,282.6695861816406,290.3704528808594,0.0,0.0,0.0,0.0,1.0,1.0,-0.0009445688920095,1.2844066921147144e-09,0.000944567611441,-0.0024321526288986,0.0,0.0,0.0,-0.0053677889518439,60.0,-4.817220687866211,-0.0,-6.296262000660138e-08,0.0,293.1499938964844,293.1499938964844,293.1499938964844,293.1499938964844,293.1499938964844,293.1499938964844,278.1499938964844,0.0,18000.0,313.1499938964844,0.0,18000.0,0.0,0.0,0.0,0.0,0.0,0.0,0.0,0.0,0.0,0.0,-0.0,-0.0,0.0,0.0,0.0,0.0,0.0,-0.0,0.0,0.0,0.0,0.0,0.0,0.0,0.0,0.0,0.0,4.0,0.0,0.0
11935800,297.129638671875,303.1499938964844,285.1499938964844,0.0,-0.0,290.8836364746094,0.0,0.0,9.019021672429516e-05,297.1257629394531,303.1499938964844,285.1499938964844,0.0,-0.0,290.8836669921875,0.0,0.0,9.497464634478092e-05,297.1572265625,303.1499938964844,285.1499938964844,0.0,-0.0,290.8837890625,0.0,0.0,7.014795119175687e-05,297.0809631347656,303.1499938964844,285.1499938964844,0.0,-0.0,290.88348388671875,0.0,0.0,9.497464634478092e-05,297.41265869140625,303.1499938964844,285.1499938964844,0.0,-0.0,290.88494873046875,0.0,0.0,0.0004505188262555,290.836669921875,294.1499938964844,283.061767578125,282.8955383300781,283.3744506835937,282.6695861816406,290.3704528808594,0.0,0.0,0.0,0.0,1.0,1.0,-0.0009445688920095,1.2844066921147144e-09,0.000944567611441,-0.0024321526288986,0.0,0.0,0.0,-0.0053677889518439,60.0,-4.817220687866211,-0.0,-6.296262000660138e-08,0.0,293.1499938964844,293.1499938964844,293.1499938964844,293.1499938964844,293.1499938964844,293.1499938964844,278.1499938964844,0.0,18000.0,313.1499938964844,0.0,18000.0,0.0,0.0,0.0,0.0,0.0,0.0,0.0,0.0,0.0,0.0,-0.0,-0.0,0.0,0.0,0.0,0.0,0.0,-0.0,0.0,0.0,0.0,0.0,0.0,0.0,0.0,0.0,0.0,4.0,0.0,0.0
11935860,297.12451171875,303.1499938964844,285.1499938964844,0.0,-0.0,290.8808898925781,0.0,0.0,9.029553621076047e-05,297.1232604980469,303.1499938964844,285.1499938964844,0.0,-0.0,290.8808898925781,0.0,0.0,9.508555376669392e-05,297.15478515625,303.1499938964844,285.1499938964844,0.0,-0.0,290.88104248046875,0.0,0.0,7.022987119853497e-05,297.0762939453125,303.1499938964844,285.1499938964844,0.0,-0.0,290.8807373046875,0.0,0.0,9.508555376669392e-05,297.41082763671875,303.1499938964844,285.1499938964844,0.0,-0.0,290.8821716308594,0.0,0.0,0.0004510449070949,290.8334655761719,294.1499938964844,283.1162109375,282.9635925292969,283.36962890625,282.6816101074219,290.3690795898437,0.0,0.0,0.0,0.0,1.0,1.0,-0.0009017311967909,1.371581292985979e-09,0.0009017298580147,-0.0027041712310165,0.0,0.0,0.0,-0.0051919305697083,60.0,-4.893943309783936,-0.0,-6.310974498546784e-08,0.0,293.1499938964844,293.1499938964844,293.1499938964844,293.1499938964844,293.1499938964844,293.1499938964844,278.1499938964844,0.0,18000.0,313.1499938964844,0.0,18000.0,0.0,0.0,0.0,0.0,0.0,0.0,0.0,0.0,0.0,0.0,-0.0,-0.0,0.0,0.0,0.0,0.0,0.0,-0.0,0.0,0.0,0.0,0.0,0.0,0.0,0.0,0.0,0.0,4.0,0.0,0.0
11935920,297.12451171875,303.1499938964844,285.1499938964844,0.0,-0.0,290.8808898925781,0.0,0.0,9.029553621076047e-05,297.1232604980469,303.1499938964844,285.1499938964844,0.0,-0.0,290.8808898925781,0.0,0.0,9.508555376669392e-05,297.15478515625,303.1499938964844,285.1499938964844,0.0,-0.0,290.88104248046875,0.0,0.0,7.022987119853497e-05,297.0762939453125,303.1499938964844,285.1499938964844,0.0,-0.0,290.8807373046875,0.0,0.0,9.508555376669392e-05,297.41082763671875,303.1499938964844,285.1499938964844,0.0,-0.0,290.8821716308594,0.0,0.0,0.0004510449070949,290.8334655761719,294.1499938964844,283.1162109375,282.9635925292969,283.36962890625,282.6816101074219,290.3690795898437,0.0,0.0,0.0,0.0,1.0,1.0,-0.0009017311967909,1.371581292985979e-09,0.0009017298580147,-0.0027041712310165,0.0,0.0,0.0,-0.0051919305697083,60.0,-4.893943309783936,-0.0,-6.310974498546784e-08,0.0,293.1499938964844,293.1499938964844,293.1499938964844,293.1499938964844,293.1499938964844,293.1499938964844,278.1499938964844,0.0,18000.0,313.1499938964844,0.0,18000.0,0.0,0.0,0.0,0.0,0.0,0.0,0.0,0.0,0.0,0.0,-0.0,-0.0,0.0,0.0,0.0,0.0,0.0,-0.0,0.0,0.0,0.0,0.0,0.0,0.0,0.0,0.0,0.0,4.0,0.0,0.0
11935980,297.12115478515625,303.1499938964844,285.1499938964844,0.0,-0.0,290.8862609863281,0.0,0.0,9.051038068719208e-05,297.1218566894531,303.1499938964844,285.1499938964844,0.0,-0.0,290.88629150390625,0.0,0.0,9.531179966870695e-05,297.1533203125,303.1499938964844,285.1499938964844,0.0,-0.0,290.8864440917969,0.0,0.0,7.03969708411023e-05,297.07354736328125,303.1499938964844,285.1499938964844,0.0,-0.0,290.88604736328125,0.0,0.0,9.531179966870695e-05,297.4097900390625,303.1499938964844,285.1499938964844,0.0,-0.0,290.8877868652344,0.0,0.0,0.000452118110843,290.8410949707031,294.1499938964844,283.1469116210937,283.0018920898437,283.4536437988281,282.78497314453125,290.368408203125,0.0,0.0,0.0,0.0,1.0,1.0,-0.0006458551506511,1.380666470041092e-09,0.0006458537536673,-0.0029839293565601,0.0,0.0,0.0,-0.0039098728448152,60.0,-4.624070644378662,-0.0,-6.34104182495321e-08,0.0,293.1499938964844,293.1499938964844,293.1499938964844,293.1499938964844,293.1499938964844,293.1499938964844,278.1499938964844,0.0,18000.0,313.1499938964844,0.0,18000.0,0.0,0.0,0.0,0.0,0.0,0.0,0.0,0.0,0.0,0.0,-0.0,-0.0,0.0,0.0,0.0,0.0,0.0,-0.0,0.0,0.0,0.0,0.0,0.0,0.0,0.0,0.0,0.0,4.0,0.0,0.0
11936040,297.11846923828125,303.1499938964844,285.1499938964844,0.0,-0.0,290.8856201171875,0.0,0.0,9.041422163136303e-05,297.1207275390625,303.1499938964844,285.1499938964844,0.0,-0.0,290.8856201171875,0.0,0.0,9.521053289063276e-05,297.1521911621094,303.1499938964844,285.1499938964844,0.0,-0.0,290.88580322265625,0.0,0.0,7.03221739968285e-05,297.07159423828125,303.1499938964844,285.1499938964844,0.0,-0.0,290.8854064941406,0.0,0.0,9.521053289063276e-05,297.4089050292969,303.1499938964844,285.1499938964844,0.0,-0.0,290.8871459960937,0.0,0.0,0.0004516377521213,290.8406066894531,294.1499938964844,283.17108154296875,283.0320129394531,283.4517822265625,282.7910461425781,290.3677062988281,0.0,0.0,0.0,0.0,1.0,1.0,-0.0007977709174156,1.4140427717634907e-09,0.000797769462224,-0.0029197609983384,0.0,0.0,0.0,-0.0046885926276445,60.0,-4.356998443603516,-0.0,-6.327574908482347e-08,0.0,293.1499938964844,293.1499938964844,293.1499938964844,293.1499938964844,293.1499938964844,293.1499938964844,278.1499938964844,0.0,18000.0,313.1499938964844,0.0,18000.0,0.0,0.0,0.0,0.0,0.0,0.0,0.0,0.0,0.0,0.0,-0.0,-0.0,0.0,0.0,0.0,0.0,0.0,-0.0,0.0,0.0,0.0,0.0,0.0,0.0,0.0,0.0,0.0,4.0,0.0,0.0
11936100,297.11529541015625,303.1499938964844,285.1499938964844,0.0,-0.0,290.8843078613281,0.0,0.0,9.043804311659188e-05,297.1194152832031,303.1499938964844,285.1499938964844,0.0,-0.0,290.8843078613281,0.0,0.0,9.523562039248644e-05,297.15087890625,303.1499938964844,285.1499938964844,0.0,-0.0,290.8844909667969,0.0,0.0,7.034070586087182e-05,297.0694274902344,303.1499938964844,285.1499938964844,0.0,-0.0,290.88409423828125,0.0,0.0,9.523562039248644e-05,297.4078369140625,303.1499938964844,285.1499938964844,0.0,-0.0,290.8858337402344,0.0,0.0,0.0004517567867878,290.83917236328125,294.1499938964844,283.1985168457031,283.0661926269531,283.4494934082031,282.7987060546875,290.366943359375,0.0,0.0,0.0,0.0,1.0,1.0,-0.0009561385959386,1.6020919035852899e-09,0.0009561370243318,-0.0032557733356952,0.0,0.0,0.0,-0.0055697793141007,60.0,-4.626041412353516,-0.0,-6.330910196084005e-08,0.0,293.1499938964844,293.1499938964844,293.1499938964844,293.1499938964844,293.1499938964844,293.1499938964844,278.1499938964844,0.0,18000.0,313.1499938964844,0.0,18000.0,0.0,0.0,0.0,0.0,0.0,0.0,0.0,0.0,0.0,0.0,-0.0,-0.0,0.0,0.0,0.0,0.0,0.0,-0.0,0.0,0.0,0.0,0.0,0.0,0.0,0.0,0.0,0.0,4.0,0.0,0.0
11936160,297.11187744140625,303.1499938964844,285.1499938964844,0.0,-0.0,290.88287353515625,0.0,0.0,9.050134394783528e-05,297.1181030273437,303.1499938964844,285.1499938964844,0.0,-0.0,290.8829040527344,0.0,0.0,9.530227544019e-05,297.1495056152344,303.1499938964844,285.1499938964844,0.0,-0.0,290.883056640625,0.0,0.0,7.0389942266047e-05,297.0673217773437,303.1499938964844,285.1499938964844,0.0,-0.0,290.8826904296875,0.0,0.0,9.53022827161476e-05,297.4067687988281,303.1499938964844,285.1499938964844,0.0,-0.0,290.8843994140625,0.0,0.0,0.0004520729708019,290.8375244140625,294.1499938964844,283.2259521484375,283.100341796875,283.4474792480469,282.8075256347656,290.3661499023437,0.0,0.0,0.0,0.0,1.0,1.0,-0.0009642884833738,1.688434836388808e-09,0.0009642867953516,-0.0034746169112622,0.0,0.0,0.0,-0.0056498371995985,60.0,-4.689758777618408,-0.0,-6.339774927255348e-08,0.0,293.1499938964844,293.1499938964844,293.1499938964844,293.1499938964844,293.1499938964844,293.1499938964844,278.1499938964844,0.0,18000.0,313.1499938964844,0.0,18000.0,0.0,0.0,0.0,0.0,0.0,0.0,0.0,0.0,0.0,0.0,-0.0,-0.0,0.0,0.0,0.0,0.0,0.0,-0.0,0.0,0.0,0.0,0.0,0.0,0.0,0.0,0.0,0.0,4.0,0.0,0.0
11936220,297.1044921875,303.1499938964844,285.1499938964844,0.0,-0.0,290.8800354003906,0.0,0.0,9.065752237802371e-05,297.1153869628906,303.1499938964844,285.1499938964844,0.0,-0.0,290.88006591796875,0.0,0.0,9.5466741186101e-05,297.14666748046875,303.1499938964844,285.1499938964844,0.0,-0.0,290.8802185058594,0.0,0.0,7.051140710245818e-05,297.0633239746094,303.1499938964844,285.1499938964844,0.0,-0.0,290.8798522949219,0.0,0.0,9.5466741186101e-05,297.404541015625,303.1499938964844,285.1499938964844,0.0,-0.0,290.8815612792969,0.0,0.0,0.0004528530989773,290.8342590332031,294.1499938964844,283.2804870605469,283.16815185546875,283.44415283203125,282.8290710449219,290.3645324707031,0.0,0.0,0.0,0.0,1.0,1.0,-0.000965952349361,1.88299886794141e-09,0.0009659504285082,-0.0039844550192356,0.0,0.0,0.0,-0.0057462910190224,60.0,-4.706088542938232,-0.0,-6.36167314382874e-08,0.0,293.1499938964844,293.1499938964844,293.1499938964844,293.1499938964844,293.1499938964844,293.1499938964844,278.1499938964844,0.0,18000.0,313.1499938964844,0.0,18000.0,0.0,0.0,0.0,0.0,0.0,0.0,0.0,0.0,0.0,0.0,-0.0,-0.0,0.0,0.0,0.0,0.0,0.0,-0.0,0.0,0.0,0.0,0.0,0.0,0.0,0.0,0.0,0.0,4.0,0.0,0.0
11936280,297.1044921875,303.1499938964844,285.1499938964844,0.0,-0.0,290.8800354003906,0.0,0.0,9.065752237802371e-05,297.1153869628906,303.1499938964844,285.1499938964844,0.0,-0.0,290.88006591796875,0.0,0.0,9.5466741186101e-05,297.14666748046875,303.1499938964844,285.1499938964844,0.0,-0.0,290.8802185058594,0.0,0.0,7.051140710245818e-05,297.0633239746094,303.1499938964844,285.1499938964844,0.0,-0.0,290.8798522949219,0.0,0.0,9.5466741186101e-05,297.404541015625,303.1499938964844,285.1499938964844,0.0,-0.0,290.8815612792969,0.0,0.0,0.0004528530989773,290.8342590332031,294.1499938964844,283.2804870605469,283.16815185546875,283.44415283203125,282.8290710449219,290.3645324707031,0.0,0.0,0.0,0.0,1.0,1.0,-0.000965952349361,1.88299886794141e-09,0.0009659504285082,-0.0039844550192356,0.0,0.0,0.0,-0.0057462910190224,60.0,-4.706088542938232,-0.0,-6.36167314382874e-08,0.0,293.1499938964844,293.1499938964844,293.1499938964844,293.1499938964844,293.1499938964844,293.1499938964844,278.1499938964844,0.0,18000.0,313.1499938964844,0.0,18000.0,0.0,0.0,0.0,0.0,0.0,0.0,0.0,0.0,0.0,0.0,-0.0,-0.0,0.0,0.0,0.0,0.0,0.0,-0.0,0.0,0.0,0.0,0.0,0.0,0.0,0.0,0.0,0.0,4.0,0.0,0.0
11936340,297.09637451171875,303.1499938964844,285.1499938964844,0.0,-0.0,290.877197265625,0.0,0.0,9.084672637982294e-05,297.112548828125,303.1499938964844,285.1499938964844,0.0,-0.0,290.877197265625,0.0,0.0,9.56659860094078e-05,297.1437072753906,303.1499938964844,285.1499938964844,0.0,-0.0,290.8773803710937,0.0,0.0,7.065857062116265e-05,297.0597229003906,303.1499938964844,285.1499938964844,0.0,-0.0,290.8769836425781,0.0,0.0,9.56659860094078e-05,297.4021911621094,303.1499938964844,285.1499938964844,0.0,-0.0,290.878662109375,0.0,0.0,0.0004537982458714,290.8309936523437,294.1499938964844,283.3343200683594,283.2350158691406,283.4418640136719,282.8569030761719,290.3628234863281,0.0,0.0,0.0,0.0,1.0,1.0,-0.0009679681388661,2.1187154253254903e-09,0.0009679660433903,-0.0046021253801882,0.0,0.0,0.0,-0.0058631459251046,60.0,-4.683650493621826,-0.0,-6.388254547573524e-08,0.0,293.1499938964844,293.1499938964844,293.1499938964844,293.1499938964844,293.1499938964844,293.1499938964844,278.1499938964844,0.0,18000.0,313.1499938964844,0.0,18000.0,0.0,0.0,0.0,0.0,0.0,0.0,0.0,0.0,0.0,0.0,-0.0,-0.0,0.0,0.0,0.0,0.0,0.0,-0.0,0.0,0.0,0.0,0.0,0.0,0.0,0.0,0.0,0.0,4.0,0.0,0.0
11936400,297.09637451171875,303.1499938964844,285.1499938964844,0.0,-0.0,290.877197265625,0.0,0.0,9.084672637982294e-05,297.112548828125,303.1499938964844,285.1499938964844,0.0,-0.0,290.877197265625,0.0,0.0,9.56659860094078e-05,297.1437072753906,303.1499938964844,285.1499938964844,0.0,-0.0,290.8773803710937,0.0,0.0,7.065857062116265e-05,297.0597229003906,303.1499938964844,285.1499938964844,0.0,-0.0,290.8769836425781,0.0,0.0,9.56659860094078e-05,297.4021911621094,303.1499938964844,285.1499938964844,0.0,-0.0,290.878662109375,0.0,0.0,0.0004537982458714,290.8309936523437,294.1499938964844,283.3343200683594,283.2350158691406,283.4418640136719,282.8569030761719,290.3628234863281,0.0,0.0,0.0,0.0,1.0,1.0,-0.0009679681388661,2.1187154253254903e-09,0.0009679660433903,-0.0046021253801882,0.0,0.0,0.0,-0.0058631459251046,60.0,-4.683650493621826,-0.0,-6.388254547573524e-08,0.0,293.1499938964844,293.1499938964844,293.1499938964844,293.1499938964844,293.1499938964844,293.1499938964844,278.1499938964844,0.0,18000.0,313.1499938964844,0.0,18000.0,0.0,0.0,0.0,0.0,0.0,0.0,0.0,0.0,0.0,0.0,-0.0,-0.0,0.0,0.0,0.0,0.0,0.0,-0.0,0.0,0.0,0.0,0.0,0.0,0.0,0.0,0.0,0.0,4.0,0.0,0.0
11936460,297.087646484375,303.1499938964844,285.1499938964844,0.0,-0.0,290.8742980957031,0.0,0.0,9.106864308705552e-05,297.1096496582031,303.1499938964844,285.1499938964844,0.0,-0.0,290.87432861328125,0.0,0.0,9.589967521606012e-05,297.1405639648437,303.1499938964844,285.1499938964844,0.0,-0.0,290.8744812011719,0.0,0.0,7.083117088768631e-05,297.0565795898437,303.1499938964844,285.1499938964844,0.0,-0.0,290.8741149902344,0.0,0.0,9.589967521606012e-05,297.3997802734375,303.1499938964844,285.1499938964844,0.0,-0.0,290.8757629394531,0.0,0.0,0.000454906723462,290.8276672363281,294.1499938964844,283.38702392578125,283.3004150390625,283.4405212402344,282.89208984375,290.3610534667969,0.0,0.0,0.0,0.0,1.0,1.0,-0.0009703324758447,2.395178055891733e-09,0.0009703300893306,-0.0053265602327883,0.0,0.0,0.0,-0.0060002002865076,60.0,-4.658267021179199,-0.0,-6.41950137492131e-08,0.0,293.1499938964844,293.1499938964844,293.1499938964844,293.1499938964844,293.1499938964844,293.1499938964844,278.1499938964844,0.0,18000.0,313.1499938964844,0.0,18000.0,0.0,0.0,0.0,0.0,0.0,0.0,0.0,0.0,0.0,0.0,-0.0,-0.0,0.0,0.0,0.0,0.0,0.0,-0.0,0.0,0.0,0.0,0.0,0.0,0.0,0.0,0.0,0.0,4.0,0.0,0.0
11936520,297.087646484375,303.1499938964844,285.1499938964844,0.0,-0.0,290.8742980957031,0.0,0.0,9.106864308705552e-05,297.1096496582031,303.1499938964844,285.1499938964844,0.0,-0.0,290.87432861328125,0.0,0.0,9.589967521606012e-05,297.1405639648437,303.1499938964844,285.1499938964844,0.0,-0.0,290.8744812011719,0.0,0.0,7.083117088768631e-05,297.0565795898437,303.1499938964844,285.1499938964844,0.0,-0.0,290.8741149902344,0.0,0.0,9.589967521606012e-05,297.3997802734375,303.1499938964844,285.1499938964844,0.0,-0.0,290.8757629394531,0.0,0.0,0.000454906723462,290.8276672363281,294.1499938964844,283.38702392578125,283.3004150390625,283.4405212402344,282.89208984375,290.3610534667969,0.0,0.0,0.0,0.0,1.0,1.0,-0.0009703324758447,2.395178055891733e-09,0.0009703300893306,-0.0053265602327883,0.0,0.0,0.0,-0.0060002002865076,60.0,-4.658267021179199,-0.0,-6.41950137492131e-08,0.0,293.1499938964844,293.1499938964844,293.1499938964844,293.1499938964844,293.1499938964844,293.1499938964844,278.1499938964844,0.0,18000.0,313.1499938964844,0.0,18000.0,0.0,0.0,0.0,0.0,0.0,0.0,0.0,0.0,0.0,0.0,-0.0,-0.0,0.0,0.0,0.0,0.0,0.0,-0.0,0.0,0.0,0.0,0.0,0.0,0.0,0.0,0.0,0.0,4.0,0.0,0.0
11936580,297.0784606933594,303.1499938964844,285.1499938964844,0.0,-0.0,290.87139892578125,0.0,0.0,9.1319227067288e-05,297.10662841796875,303.1499938964844,285.1499938964844,0.0,-0.0,290.8714294433594,0.0,0.0,9.616355237085372e-05,297.13726806640625,303.1499938964844,285.1499938964844,0.0,-0.0,290.87158203125,0.0,0.0,7.102607196429744e-05,297.053955078125,303.1499938964844,285.1499938964844,0.0,-0.0,290.8712158203125,0.0,0.0,9.616355237085372e-05,297.39727783203125,303.1499938964844,285.1499938964844,0.0,-0.0,290.87286376953125,0.0,0.0,0.0004561584792099,290.8243408203125,294.1499938964844,283.43829345703125,283.3639831542969,283.44012451171875,282.9353942871094,290.3591613769531,0.0,0.0,0.0,0.0,1.0,1.0,-0.0009730022866278,2.7073641106767354e-09,0.0009729996090754,-0.0061445934697985,0.0,0.0,0.0,-0.0061549642123281,60.0,-4.634610176086426,-0.0,-6.454876455563864e-08,0.0,293.1499938964844,293.1499938964844,293.1499938964844,293.1499938964844,293.1499938964844,293.1499938964844,278.1499938964844,0.0,18000.0,313.1499938964844,0.0,18000.0,0.0,0.0,0.0,0.0,0.0,0.0,0.0,0.0,0.0,0.0,-0.0,-0.0,0.0,0.0,0.0,0.0,0.0,-0.0,0.0,0.0,0.0,0.0,0.0,0.0,0.0,0.0,0.0,4.0,0.0,0.0
11936640,297.0784606933594,303.1499938964844,285.1499938964844,0.0,-0.0,290.87139892578125,0.0,0.0,9.1319227067288e-05,297.10662841796875,303.1499938964844,285.1499938964844,0.0,-0.0,290.8714294433594,0.0,0.0,9.616355237085372e-05,297.13726806640625,303.1499938964844,285.1499938964844,0.0,-0.0,290.87158203125,0.0,0.0,7.102607196429744e-05,297.053955078125,303.1499938964844,285.1499938964844,0.0,-0.0,290.8712158203125,0.0,0.0,9.616355237085372e-05,297.39727783203125,303.1499938964844,285.1499938964844,0.0,-0.0,290.87286376953125,0.0,0.0,0.0004561584792099,290.8243408203125,294.1499938964844,283.43829345703125,283.3639831542969,283.44012451171875,282.9353942871094,290.3591613769531,0.0,0.0,0.0,0.0,1.0,1.0,-0.0009730022866278,2.7073641106767354e-09,0.0009729996090754,-0.0061445934697985,0.0,0.0,0.0,-0.0061549642123281,60.0,-4.634610176086426,-0.0,-6.454876455563864e-08,0.0,293.1499938964844,293.1499938964844,293.1499938964844,293.1499938964844,293.1499938964844,293.1499938964844,278.1499938964844,0.0,18000.0,313.1499938964844,0.0,18000.0,0.0,0.0,0.0,0.0,0.0,0.0,0.0,0.0,0.0,0.0,-0.0,-0.0,0.0,0.0,0.0,0.0,0.0,-0.0,0.0,0.0,0.0,0.0,0.0,0.0,0.0,0.0,0.0,4.0,0.0,0.0
11936700,297.0737609863281,303.1499938964844,285.1499938964844,0.0,-0.0,290.8699645996094,0.0,0.0,9.145357762463392e-05,297.1051025390625,303.1499938964844,285.1499938964844,0.0,-0.0,290.8699645996094,0.0,0.0,9.63050260907039e-05,297.1355895996094,303.1499938964844,285.1499938964844,0.0,-0.0,290.8701171875,0.0,0.0,7.113056926755235e-05,297.0528259277344,303.1499938964844,285.1499938964844,0.0,-0.0,290.8697509765625,0.0,0.0,9.63050260907039e-05,297.39599609375,303.1499938964844,285.1499938964844,0.0,-0.0,290.87139892578125,0.0,0.0,0.0004568295844364,290.8226623535156,294.1499938964844,283.4632263183594,283.3948974609375,283.4402770996094,282.960205078125,290.3581848144531,0.0,0.0,0.0,0.0,1.0,1.0,-0.000974433729425,2.874741111824619e-09,0.0009744308772496,-0.0065831723622977,0.0,0.0,0.0,-0.0062379403971135,60.0,-4.623589038848877,-0.0,-6.473883473745445e-08,0.0,293.1499938964844,293.1499938964844,293.1499938964844,293.1499938964844,293.1499938964844,293.1499938964844,278.1499938964844,0.0,18000.0,313.1499938964844,0.0,18000.0,0.0,0.0,0.0,0.0,0.0,0.0,0.0,0.0,0.0,0.0,-0.0,-0.0,0.0,0.0,0.0,0.0,0.0,-0.0,0.0,0.0,0.0,0.0,0.0,0.0,0.0,0.0,0.0,4.0,0.0,0.0
11936760,297.0690002441406,303.1499938964844,285.1499938964844,0.0,-0.0,290.8684997558594,0.0,0.0,9.159189357887954e-05,297.1035461425781,303.1499938964844,285.1499938964844,0.0,-0.0,290.8684997558594,0.0,0.0,9.645067621022464e-05,297.1338806152344,303.1499938964844,285.1499938964844,0.0,-0.0,290.86865234375,0.0,0.0,7.123814430087805e-05,297.05181884765625,303.1499938964844,285.1499938964844,0.0,-0.0,290.8683166503906,0.0,0.0,9.645067621022464e-05,297.3947448730469,303.1499938964844,285.1499938964844,0.0,-0.0,290.86993408203125,0.0,0.0,0.0004575204802677,290.8210144042969,294.1499938964844,283.4876708984375,283.4251708984375,283.4406433105469,282.9867248535156,290.357177734375,0.0,0.0,0.0,0.0,1.0,1.0,-0.0009759073145687,3.047053720450776e-09,0.0009759042877703,-0.0070346812717616,0.0,0.0,0.0,-0.0063233631663024,60.0,-4.613010406494141,-0.0,-6.493479531854973e-08,0.0,293.1499938964844,293.1499938964844,293.1499938964844,293.1499938964844,293.1499938964844,293.1499938964844,278.1499938964844,0.0,18000.0,313.1499938964844,0.0,18000.0,0.0,0.0,0.0,0.0,0.0,0.0,0.0,0.0,0.0,0.0,-0.0,-0.0,0.0,0.0,0.0,0.0,0.0,-0.0,0.0,0.0,0.0,0.0,0.0,0.0,0.0,0.0,0.0,4.0,0.0,0.0
11936820,297.0594177246094,303.1499938964844,285.1499938964844,0.0,-0.0,290.86553955078125,0.0,0.0,9.187700197799133e-05,297.1003723144531,303.1499938964844,285.1499938964844,0.0,-0.0,290.8655700683594,0.0,0.0,9.67509113252163e-05,297.1304016113281,303.1499938964844,285.1499938964844,0.0,-0.0,290.86572265625,0.0,0.0,7.145989366108552e-05,297.0501403808594,303.1499938964844,285.1499938964844,0.0,-0.0,290.8653564453125,0.0,0.0,9.67509113252163e-05,297.39215087890625,303.1499938964844,285.1499938964844,0.0,-0.0,290.8669738769531,0.0,0.0,0.0004589446471072,290.817626953125,294.1499938964844,283.53485107421875,283.4836120605469,283.4419250488281,283.0451354980469,290.3551330566406,0.0,0.0,0.0,0.0,1.0,1.0,-0.0009789450559765,3.402249149075942e-09,0.0009789416799321,-0.007965381257236,0.0,0.0,0.0,-0.0064994492568075,60.0,-4.593310356140137,-0.0,-6.53396696748132e-08,0.0,293.1499938964844,293.1499938964844,293.1499938964844,293.1499938964844,293.1499938964844,293.1499938964844,278.1499938964844,0.0,18000.0,313.1499938964844,0.0,18000.0,0.0,0.0,0.0,0.0,0.0,0.0,0.0,0.0,0.0,0.0,-0.0,-0.0,0.0,0.0,0.0,0.0,0.0,-0.0,0.0,0.0,0.0,0.0,0.0,0.0,0.0,0.0,0.0,4.0,0.0,0.0
11936880,297.0594177246094,303.1499938964844,285.1499938964844,0.0,-0.0,290.86553955078125,0.0,0.0,9.187700197799133e-05,297.1003723144531,303.1499938964844,285.1499938964844,0.0,-0.0,290.8655700683594,0.0,0.0,9.67509113252163e-05,297.1304016113281,303.1499938964844,285.1499938964844,0.0,-0.0,290.86572265625,0.0,0.0,7.145989366108552e-05,297.0501403808594,303.1499938964844,285.1499938964844,0.0,-0.0,290.8653564453125,0.0,0.0,9.67509113252163e-05,297.39215087890625,303.1499938964844,285.1499938964844,0.0,-0.0,290.8669738769531,0.0,0.0,0.0004589446471072,290.817626953125,294.1499938964844,283.53485107421875,283.4836120605469,283.4419250488281,283.0451354980469,290.3551330566406,0.0,0.0,0.0,0.0,1.0,1.0,-0.0009789450559765,3.402249149075942e-09,0.0009789416799321,-0.007965381257236,0.0,0.0,0.0,-0.0064994492568075,60.0,-4.593310356140137,-0.0,-6.53396696748132e-08,0.0,293.1499938964844,293.1499938964844,293.1499938964844,293.1499938964844,293.1499938964844,293.1499938964844,278.1499938964844,0.0,18000.0,313.1499938964844,0.0,18000.0,0.0,0.0,0.0,0.0,0.0,0.0,0.0,0.0,0.0,0.0,-0.0,-0.0,0.0,0.0,0.0,0.0,0.0,-0.0,0.0,0.0,0.0,0.0,0.0,0.0,0.0,0.0,0.0,4.0,0.0,0.0
11936940,297.0499267578125,303.1499938964844,285.1499938964844,0.0,-0.0,290.8625793457031,0.0,0.0,9.216507896780968e-05,297.0971984863281,303.1499938964844,285.1499938964844,0.0,-0.0,290.86260986328125,0.0,0.0,9.705426782602444e-05,297.1268920898437,303.1499938964844,285.1499938964844,0.0,-0.0,290.8627624511719,0.0,0.0,7.16839567758143e-05,297.0488586425781,303.1499938964844,285.1499938964844,0.0,-0.0,290.8623962402344,0.0,0.0,9.705427510198206e-05,297.3895874023437,303.1499938964844,285.1499938964844,0.0,-0.0,290.8639831542969,0.0,0.0,0.0004603836569003,290.8142395019531,294.1499938964844,283.57940673828125,283.5387878417969,283.4440612792969,283.1098327636719,290.3529663085937,0.0,0.0,0.0,0.0,1.0,1.0,-0.0009820144623517,3.761149613978887e-09,0.0009820107370615,-0.0089057693257927,0.0,0.0,0.0,-0.0066773723810911,60.0,-4.575458526611328,-0.0,-6.575004363185144e-08,0.0,293.1499938964844,293.1499938964844,293.1499938964844,293.1499938964844,293.1499938964844,293.1499938964844,278.1499938964844,0.0,18000.0,313.1499938964844,0.0,18000.0,0.0,0.0,0.0,0.0,0.0,0.0,0.0,0.0,0.0,0.0,-0.0,-0.0,0.0,0.0,0.0,0.0,0.0,-0.0,0.0,0.0,0.0,0.0,0.0,0.0,0.0,0.0,0.0,4.0,0.0,0.0
11937000,297.0499267578125,303.1499938964844,285.1499938964844,0.0,-0.0,290.8625793457031,0.0,0.0,9.216507896780968e-05,297.0971984863281,303.1499938964844,285.1499938964844,0.0,-0.0,290.86260986328125,0.0,0.0,9.705426782602444e-05,297.1268920898437,303.1499938964844,285.1499938964844,0.0,-0.0,290.8627624511719,0.0,0.0,7.16839567758143e-05,297.0488586425781,303.1499938964844,285.1499938964844,0.0,-0.0,290.8623962402344,0.0,0.0,9.705427510198206e-05,297.3895874023437,303.1499938964844,285.1499938964844,0.0,-0.0,290.8639831542969,0.0,0.0,0.0004603836569003,290.8142395019531,294.1499938964844,283.57940673828125,283.5387878417969,283.4440612792969,283.1098327636719,290.3529663085937,0.0,0.0,0.0,0.0,1.0,1.0,-0.0009820144623517,3.761149613978887e-09,0.0009820107370615,-0.0089057693257927,0.0,0.0,0.0,-0.0066773723810911,60.0,-4.575458526611328,-0.0,-6.575004363185144e-08,0.0,293.1499938964844,293.1499938964844,293.1499938964844,293.1499938964844,293.1499938964844,293.1499938964844,278.1499938964844,0.0,18000.0,313.1499938964844,0.0,18000.0,0.0,0.0,0.0,0.0,0.0,0.0,0.0,0.0,0.0,0.0,-0.0,-0.0,0.0,0.0,0.0,0.0,0.0,-0.0,0.0,0.0,0.0,0.0,0.0,0.0,0.0,0.0,0.0,4.0,0.0,0.0
11937060,297.0406799316406,303.1499938964844,285.1499938964844,0.0,-0.0,290.8595886230469,0.0,0.0,9.244561806553976e-05,297.0940246582031,303.1499938964844,285.1499938964844,0.0,-0.0,290.859619140625,0.0,0.0,9.734969353303312e-05,297.1234130859375,303.1499938964844,285.1499938964844,0.0,-0.0,290.8597717285156,0.0,0.0,7.190215546870604e-05,297.0478515625,303.1499938964844,285.1499938964844,0.0,-0.0,290.8594055175781,0.0,0.0,9.734969353303312e-05,297.3870544433594,303.1499938964844,285.1499938964844,0.0,-0.0,290.8609924316406,0.0,0.0,0.0004617850063368,290.8108215332031,294.1499938964844,283.6210021972656,283.5902404785156,283.44683837890625,283.178466796875,290.35076904296875,0.0,0.0,0.0,0.0,1.0,1.0,-0.000985003542155,4.110657592093503e-09,0.0009849994676187,-0.0098215248435735,0.0,0.0,0.0,-0.0068506388925015,60.0,-4.559006214141846,-0.0,-6.615091763251257e-08,0.0,293.1499938964844,293.1499938964844,293.1499938964844,293.1499938964844,293.1499938964844,293.1499938964844,278.1499938964844,0.0,18000.0,313.1499938964844,0.0,18000.0,0.0,0.0,0.0,0.0,0.0,0.0,0.0,0.0,0.0,0.0,-0.0,-0.0,0.0,0.0,0.0,0.0,0.0,-0.0,0.0,0.0,0.0,0.0,0.0,0.0,0.0,0.0,0.0,4.0,0.0,0.0
11937120,297.0406799316406,303.1499938964844,285.1499938964844,0.0,-0.0,290.8595886230469,0.0,0.0,9.244561806553976e-05,297.0940246582031,303.1499938964844,285.1499938964844,0.0,-0.0,290.859619140625,0.0,0.0,9.734969353303312e-05,297.1234130859375,303.1499938964844,285.1499938964844,0.0,-0.0,290.8597717285156,0.0,0.0,7.190215546870604e-05,297.0478515625,303.1499938964844,285.1499938964844,0.0,-0.0,290.8594055175781,0.0,0.0,9.734969353303312e-05,297.3870544433594,303.1499938964844,285.1499938964844,0.0,-0.0,290.8609924316406,0.0,0.0,0.0004617850063368,290.8108215332031,294.1499938964844,283.6210021972656,283.5902404785156,283.44683837890625,283.178466796875,290.35076904296875,0.0,0.0,0.0,0.0,1.0,1.0,-0.000985003542155,4.110657592093503e-09,0.0009849994676187,-0.0098215248435735,0.0,0.0,0.0,-0.0068506388925015,60.0,-4.559006214141846,-0.0,-6.615091763251257e-08,0.0,293.1499938964844,293.1499938964844,293.1499938964844,293.1499938964844,293.1499938964844,293.1499938964844,278.1499938964844,0.0,18000.0,313.1499938964844,0.0,18000.0,0.0,0.0,0.0,0.0,0.0,0.0,0.0,0.0,0.0,0.0,-0.0,-0.0,0.0,0.0,0.0,0.0,0.0,-0.0,0.0,0.0,0.0,0.0,0.0,0.0,0.0,0.0,0.0,4.0,0.0,0.0
11937180,297.0350036621094,303.1499938964844,285.1499938964844,0.0,-0.0,290.857666015625,0.0,0.0,9.261562809115276e-05,297.0920104980469,303.1499938964844,285.1499938964844,0.0,-0.0,290.8576965332031,0.0,0.0,9.752872574608772e-05,297.1212158203125,303.1499938964844,285.1499938964844,0.0,-0.0,290.8578491210937,0.0,0.0,7.20343814464286e-05,297.0472717285156,303.1499938964844,285.1499938964844,0.0,-0.0,290.8575134277344,0.0,0.0,9.752872574608772e-05,297.38543701171875,303.1499938964844,285.1499938964844,0.0,-0.0,290.8590393066406,0.0,0.0,0.0004626342561095,290.80865478515625,294.1499938964844,283.6458740234375,283.6210327148437,283.448974609375,283.2236633300781,290.34930419921875,0.0,0.0,0.0,0.0,1.0,1.0,-0.0009868150809779,4.322462832107021e-09,0.0009868106571957,-0.0103764692321419,0.0,0.0,0.0,-0.0069556403905153,60.0,-4.549224376678467,-0.0,-6.639444194433963e-08,0.0,293.1499938964844,293.1499938964844,293.1499938964844,293.1499938964844,293.1499938964844,293.1499938964844,278.1499938964844,0.0,18000.0,313.1499938964844,0.0,18000.0,0.0,0.0,0.0,0.0,0.0,0.0,0.0,0.0,0.0,0.0,-0.0,-0.0,0.0,0.0,0.0,0.0,0.0,-0.0,0.0,0.0,0.0,0.0,0.0,0.0,0.0,0.0,0.0,4.0,0.0,0.0
11937240,297.0318908691406,303.1499938964844,285.1499938964844,0.0,-0.0,290.8565979003906,0.0,0.0,9.270750160794704e-05,297.0909118652344,303.1499938964844,285.1499938964844,0.0,-0.0,290.8565979003906,0.0,0.0,9.762547415448351e-05,297.1199951171875,303.1499938964844,285.1499938964844,0.0,-0.0,290.85675048828125,0.0,0.0,7.210583862615749e-05,297.04693603515625,303.1499938964844,285.1499938964844,0.0,-0.0,290.8564147949219,0.0,0.0,9.762547415448351e-05,297.384521484375,303.1499938964844,285.1499938964844,0.0,-0.0,290.85797119140625,0.0,0.0,0.000463093194412,290.8074035644531,294.1499938964844,283.6592102050781,283.6375732421875,283.4502868652344,283.2491760253906,290.3484802246094,0.0,0.0,0.0,0.0,1.0,1.0,-0.0009877939010038,4.436924605499826e-09,0.0009877894772216,-0.0106763625517487,0.0,0.0,0.0,-0.0070123840123414,60.0,-4.543885707855225,-0.0,-6.652623341096843e-08,0.0,293.1499938964844,293.1499938964844,293.1499938964844,293.1499938964844,293.1499938964844,293.1499938964844,278.1499938964844,0.0,18000.0,313.1499938964844,0.0,18000.0,0.0,0.0,0.0,0.0,0.0,0.0,0.0,0.0,0.0,0.0,-0.0,-0.0,0.0,0.0,0.0,0.0,0.0,-0.0,0.0,0.0,0.0,0.0,0.0,0.0,0.0,0.0,0.0,4.0,0.0,0.0
11937300,297.0277404785156,303.1499938964844,285.1499938964844,0.0,-0.0,290.8550720214844,0.0,0.0,9.28273584577255e-05,297.08935546875,303.1499938964844,285.1499938964844,0.0,-0.0,290.8551025390625,0.0,0.0,9.775168291525917e-05,297.1183166503906,303.1499938964844,285.1499938964844,0.0,-0.0,290.8552551269531,0.0,0.0,7.219905819511041e-05,297.0464782714844,303.1499938964844,285.1499938964844,0.0,-0.0,290.8549194335937,0.0,0.0,9.775168291525917e-05,297.38330078125,303.1499938964844,285.1499938964844,0.0,-0.0,290.8564453125,0.0,0.0,0.0004636918893083,290.8056945800781,294.1499938964844,283.6769714355469,283.6595153808594,283.4522399902344,283.2845153808594,290.3472900390625,0.0,0.0,0.0,0.0,1.0,1.0,-0.0009890709770843,4.586243385062971e-09,0.0009890664368867,-0.0110675785690546,0.0,0.0,0.0,-0.0070864083245396,60.0,-4.536742687225342,-0.0,-6.66983481778516e-08,0.0,293.1499938964844,293.1499938964844,293.1499938964844,293.1499938964844,293.1499938964844,293.1499938964844,278.1499938964844,0.0,18000.0,313.1499938964844,0.0,18000.0,0.0,0.0,0.0,0.0,0.0,0.0,0.0,0.0,0.0,0.0,-0.0,-0.0,0.0,0.0,0.0,0.0,0.0,-0.0,0.0,0.0,0.0,0.0,0.0,0.0,0.0,0.0,0.0,4.0,0.0,0.0
11937360,297.0237121582031,303.1499938964844,285.1499938964844,0.0,-0.0,290.85357666015625,0.0,0.0,9.29398520383984e-05,297.0878601074219,303.1499938964844,285.1499938964844,0.0,-0.0,290.85357666015625,0.0,0.0,9.787014278117569e-05,297.1166687011719,303.1499938964844,285.1499938964844,0.0,-0.0,290.8537292480469,0.0,0.0,7.228655886137858e-05,297.04595947265625,303.1499938964844,285.1499938964844,0.0,-0.0,290.8533935546875,0.0,0.0,9.787014278117569e-05,297.382080078125,303.1499938964844,285.1499938964844,0.0,-0.0,290.8549194335937,0.0,0.0,0.0004642538260668,290.803955078125,294.1499938964844,283.6937255859375,283.6802673339844,283.454345703125,283.3195495605469,290.3460998535156,0.0,0.0,0.0,0.0,1.0,1.0,-0.0009902695892378,4.726392166531923e-09,0.0009902649326249,-0.0114347655326128,0.0,0.0,0.0,-0.0071558863855898,60.0,-4.529794216156006,-0.0,-6.686009612622001e-08,0.0,293.1499938964844,293.1499938964844,293.1499938964844,293.1499938964844,293.1499938964844,293.1499938964844,278.1499938964844,0.0,18000.0,313.1499938964844,0.0,18000.0,0.0,0.0,0.0,0.0,0.0,0.0,0.0,0.0,0.0,0.0,-0.0,-0.0,0.0,0.0,0.0,0.0,0.0,-0.0,0.0,0.0,0.0,0.0,0.0,0.0,0.0,0.0,0.0,4.0,0.0,0.0
11937420,297.0163269042969,303.1499938964844,285.1499938964844,0.0,-0.0,290.8505249023437,0.0,0.0,9.31311515159905e-05,297.0849304199219,303.1499938964844,285.1499938964844,0.0,-0.0,290.8505554199219,0.0,0.0,9.807159221963956e-05,297.113525390625,303.1499938964844,285.1499938964844,0.0,-0.0,290.8506774902344,0.0,0.0,7.243534491863102e-05,297.04461669921875,303.1499938964844,285.1499938964844,0.0,-0.0,290.8503723144531,0.0,0.0,9.807159221963956e-05,297.37969970703125,303.1499938964844,285.1499938964844,0.0,-0.0,290.85186767578125,0.0,0.0,0.0004652093630284,290.8005065917969,294.1499938964844,283.7240905761719,283.7178955078125,283.4588928222656,283.38739013671875,290.3436889648437,0.0,0.0,0.0,0.0,1.0,1.0,-0.0009923079051077,4.964714861444008e-09,0.0009923030156642,-0.0120591539889574,0.0,0.0,0.0,-0.0072740339674055,60.0,-4.51646614074707,-0.0,-6.713560196658366e-08,0.0,293.1499938964844,293.1499938964844,293.1499938964844,293.1499938964844,293.1499938964844,293.1499938964844,278.1499938964844,0.0,18000.0,313.1499938964844,0.0,18000.0,0.0,0.0,0.0,0.0,0.0,0.0,0.0,0.0,0.0,0.0,-0.0,-0.0,0.0,0.0,0.0,0.0,0.0,-0.0,0.0,0.0,0.0,0.0,0.0,0.0,0.0,0.0,0.0,4.0,0.0,0.0
11937480,297.0163269042969,303.1499938964844,285.1499938964844,0.0,-0.0,290.8505249023437,0.0,0.0,9.31311515159905e-05,297.0849304199219,303.1499938964844,285.1499938964844,0.0,-0.0,290.8505554199219,0.0,0.0,9.807159221963956e-05,297.113525390625,303.1499938964844,285.1499938964844,0.0,-0.0,290.8506774902344,0.0,0.0,7.243534491863102e-05,297.04461669921875,303.1499938964844,285.1499938964844,0.0,-0.0,290.8503723144531,0.0,0.0,9.807159221963956e-05,297.37969970703125,303.1499938964844,285.1499938964844,0.0,-0.0,290.85186767578125,0.0,0.0,0.0004652093630284,290.8005065917969,294.1499938964844,283.7240905761719,283.7178955078125,283.4588928222656,283.38739013671875,290.3436889648437,0.0,0.0,0.0,0.0,1.0,1.0,-0.0009923079051077,4.964714861444008e-09,0.0009923030156642,-0.0120591539889574,0.0,0.0,0.0,-0.0072740339674055,60.0,-4.51646614074707,-0.0,-6.713560196658366e-08,0.0,293.1499938964844,293.1499938964844,293.1499938964844,293.1499938964844,293.1499938964844,293.1499938964844,278.1499938964844,0.0,18000.0,313.1499938964844,0.0,18000.0,0.0,0.0,0.0,0.0,0.0,0.0,0.0,0.0,0.0,0.0,-0.0,-0.0,0.0,0.0,0.0,0.0,0.0,-0.0,0.0,0.0,0.0,0.0,0.0,0.0,0.0,0.0,0.0,4.0,0.0,0.0
11937540,297.00982666015625,303.1499938964844,285.1499938964844,0.0,-0.0,290.84747314453125,0.0,0.0,9.327257430413738e-05,297.0821533203125,303.1499938964844,285.1499938964844,0.0,-0.0,290.8475036621094,0.0,0.0,9.822051652008668e-05,297.110595703125,303.1499938964844,285.1499938964844,0.0,-0.0,290.8476257324219,0.0,0.0,7.254533556988463e-05,297.042724609375,303.1499938964844,285.1499938964844,0.0,-0.0,290.8472900390625,0.0,0.0,9.822051652008668e-05,297.3774108886719,303.1499938964844,285.1499938964844,0.0,-0.0,290.8487854003906,0.0,0.0,0.000465915800305,290.7970275878906,294.1499938964844,283.75,283.75,283.4638366699219,283.45086669921875,290.3411865234375,0.0,0.0,0.0,0.0,1.0,1.0,-0.0009938149014487,5.140901038203083e-09,0.0009938097791746,-0.0125207407400012,0.0,0.0,0.0,-0.0073613780550658,60.0,-4.503696441650391,-0.0,-6.73396414185845e-08,0.0,293.1499938964844,293.1499938964844,293.1499938964844,293.1499938964844,293.1499938964844,293.1499938964844,278.1499938964844,0.0,18000.0,313.1499938964844,0.0,18000.0,0.0,0.0,0.0,0.0,0.0,0.0,0.0,0.0,0.0,0.0,-0.0,-0.0,0.0,0.0,0.0,0.0,0.0,-0.0,0.0,0.0,0.0,0.0,0.0,0.0,0.0,0.0,0.0,4.0,0.0,0.0
11937600,297.00982666015625,303.1499938964844,285.1499938964844,0.0,-0.0,290.84747314453125,0.0,0.0,9.327257430413738e-05,297.0821533203125,303.1499938964844,285.1499938964844,0.0,-0.0,290.8475036621094,0.0,0.0,9.822051652008668e-05,297.110595703125,303.1499938964844,285.1499938964844,0.0,-0.0,290.8476257324219,0.0,0.0,7.254533556988463e-05,297.042724609375,303.1499938964844,285.1499938964844,0.0,-0.0,290.8472900390625,0.0,0.0,9.822051652008668e-05,297.3774108886719,303.1499938964844,285.1499938964844,0.0,-0.0,290.8487854003906,0.0,0.0,0.000465915800305,290.7970275878906,294.1499938964844,283.75,283.75,283.4638366699219,283.45086669921875,290.3411865234375,0.0,0.0,0.0,0.0,1.0,1.0,-0.0009938149014487,5.140901038203083e-09,0.0009938097791746,-0.0125207407400012,0.0,0.0,0.0,-0.0073613780550658,60.0,-4.503696441650391,-0.0,-6.73396414185845e-08,0.0,293.1499938964844,293.1499938964844,293.1499938964844,293.1499938964844,293.1499938964844,293.1499938964844,278.1499938964844,0.0,18000.0,313.1499938964844,0.0,18000.0,0.0,0.0,0.0,0.0,0.0,0.0,0.0,0.0,0.0,0.0,-0.0,-0.0,0.0,0.0,0.0,0.0,0.0,-0.0,0.0,0.0,0.0,0.0,0.0,0.0,0.0,0.0,0.0,4.0,0.0,0.0
11937660,297.004150390625,303.1499938964844,285.1499938964844,0.0,-0.0,290.84442138671875,0.0,0.0,9.338372183265164e-05,297.0795593261719,303.1499938964844,285.1499938964844,0.0,-0.0,290.84442138671875,0.0,0.0,9.833756485022604e-05,297.1078491210937,303.1499938964844,285.1499938964844,0.0,-0.0,290.8445739746094,0.0,0.0,7.263178849825636e-05,297.0402526855469,303.1499938964844,285.1499938964844,0.0,-0.0,290.84423828125,0.0,0.0,9.833756485022604e-05,297.37518310546875,303.1499938964844,285.1499938964844,0.0,-0.0,290.845703125,0.0,0.0,0.0004664710431825,290.7935485839844,294.1499938964844,283.77362060546875,283.77362060546875,283.4691162109375,283.5094299316406,290.3386535644531,0.0,0.0,0.0,0.0,1.0,1.0,-0.0009949990781024,5.27937427108327e-09,0.0009949938394129,-0.0128835188224911,0.0,0.0,0.0,-0.0074300253763794,60.0,-4.491195201873779,-0.0,-6.75002240768663e-08,0.0,293.1499938964844,293.1499938964844,293.1499938964844,293.1499938964844,293.1499938964844,293.1499938964844,278.1499938964844,0.0,18000.0,313.1499938964844,0.0,18000.0,0.0,0.0,0.0,0.0,0.0,0.0,0.0,0.0,0.0,0.0,-0.0,-0.0,0.0,0.0,0.0,0.0,0.0,-0.0,0.0,0.0,0.0,0.0,0.0,0.0,0.0,0.0,0.0,4.0,0.0,0.0
11937720,297.004150390625,303.1499938964844,285.1499938964844,0.0,-0.0,290.84442138671875,0.0,0.0,9.338372183265164e-05,297.0795593261719,303.1499938964844,285.1499938964844,0.0,-0.0,290.84442138671875,0.0,0.0,9.833756485022604e-05,297.1078491210937,303.1499938964844,285.1499938964844,0.0,-0.0,290.8445739746094,0.0,0.0,7.263178849825636e-05,297.0402526855469,303.1499938964844,285.1499938964844,0.0,-0.0,290.84423828125,0.0,0.0,9.833756485022604e-05,297.37518310546875,303.1499938964844,285.1499938964844,0.0,-0.0,290.845703125,0.0,0.0,0.0004664710431825,290.7935485839844,294.1499938964844,283.77362060546875,283.77362060546875,283.4691162109375,283.5094299316406,290.3386535644531,0.0,0.0,0.0,0.0,1.0,1.0,-0.0009949990781024,5.27937427108327e-09,0.0009949938394129,-0.0128835188224911,0.0,0.0,0.0,-0.0074300253763794,60.0,-4.491195201873779,-0.0,-6.75002240768663e-08,0.0,293.1499938964844,293.1499938964844,293.1499938964844,293.1499938964844,293.1499938964844,293.1499938964844,278.1499938964844,0.0,18000.0,313.1499938964844,0.0,18000.0,0.0,0.0,0.0,0.0,0.0,0.0,0.0,0.0,0.0,0.0,-0.0,-0.0,0.0,0.0,0.0,0.0,0.0,-0.0,0.0,0.0,0.0,0.0,0.0,0.0,0.0,0.0,0.0,4.0,0.0,0.0
11937780,296.99908447265625,303.1499938964844,285.1499938964844,0.0,-0.0,290.8413391113281,0.0,0.0,9.349625906907022e-05,297.0770874023437,303.1499938964844,285.1499938964844,0.0,-0.0,290.8413391113281,0.0,0.0,9.845606837188824e-05,297.10528564453125,303.1499938964844,285.1499938964844,0.0,-0.0,290.84149169921875,0.0,0.0,7.271931826835498e-05,297.0372619628906,303.1499938964844,285.1499938964844,0.0,-0.0,290.8411560058594,0.0,0.0,9.845606837188824e-05,297.373046875,303.1499938964844,285.1499938964844,0.0,-0.0,290.84259033203125,0.0,0.0,0.0004670331836678,290.7900695800781,294.1499938964844,283.79736328125,283.79736328125,283.4747314453125,283.5625305175781,290.3360595703125,0.0,0.0,0.0,0.0,1.0,1.0,-0.0009961981559172,5.419569681919256e-09,0.0009961926843971,-0.0132508045062422,0.0,0.0,0.0,-0.007499526720494,60.0,-4.478672981262207,-0.0,-6.766299520677421e-08,0.0,293.1499938964844,293.1499938964844,293.1499938964844,293.1499938964844,293.1499938964844,293.1499938964844,278.1499938964844,0.0,18000.0,313.1499938964844,0.0,18000.0,0.0,0.0,0.0,0.0,0.0,0.0,0.0,0.0,0.0,0.0,-0.0,-0.0,0.0,0.0,0.0,0.0,0.0,-0.0,0.0,0.0,0.0,0.0,0.0,0.0,0.0,0.0,0.0,4.0,0.0,0.0
11937840,296.99908447265625,303.1499938964844,285.1499938964844,0.0,-0.0,290.8413391113281,0.0,0.0,9.349625906907022e-05,297.0770874023437,303.1499938964844,285.1499938964844,0.0,-0.0,290.8413391113281,0.0,0.0,9.845606837188824e-05,297.10528564453125,303.1499938964844,285.1499938964844,0.0,-0.0,290.84149169921875,0.0,0.0,7.271931826835498e-05,297.0372619628906,303.1499938964844,285.1499938964844,0.0,-0.0,290.8411560058594,0.0,0.0,9.845606837188824e-05,297.373046875,303.1499938964844,285.1499938964844,0.0,-0.0,290.84259033203125,0.0,0.0,0.0004670331836678,290.7900695800781,294.1499938964844,283.79736328125,283.79736328125,283.4747314453125,283.5625305175781,290.3360595703125,0.0,0.0,0.0,0.0,1.0,1.0,-0.0009961981559172,5.419569681919256e-09,0.0009961926843971,-0.0132508045062422,0.0,0.0,0.0,-0.007499526720494,60.0,-4.478672981262207,-0.0,-6.766299520677421e-08,0.0,293.1499938964844,293.1499938964844,293.1499938964844,293.1499938964844,293.1499938964844,293.1499938964844,278.1499938964844,0.0,18000.0,313.1499938964844,0.0,18000.0,0.0,0.0,0.0,0.0,0.0,0.0,0.0,0.0,0.0,0.0,-0.0,-0.0,0.0,0.0,0.0,0.0,0.0,-0.0,0.0,0.0,0.0,0.0,0.0,0.0,0.0,0.0,0.0,4.0,0.0,0.0
11937900,296.99664306640625,303.1499938964844,285.1499938964844,0.0,-0.0,290.8397827148437,0.0,0.0,9.355276415590195e-05,297.0758972167969,303.1499938964844,285.1499938964844,0.0,-0.0,290.8397827148437,0.0,0.0,9.851556387729944e-05,297.1040344238281,303.1499938964844,285.1499938964844,0.0,-0.0,290.8399353027344,0.0,0.0,7.276326505234465e-05,297.0356750488281,303.1499938964844,285.1499938964844,0.0,-0.0,290.839599609375,0.0,0.0,9.851556387729944e-05,297.3720092773437,303.1499938964844,285.1499938964844,0.0,-0.0,290.841064453125,0.0,0.0,0.0004673154035117,290.7882995605469,294.1499938964844,283.80926513671875,283.80926513671875,283.4776611328125,283.5873107910156,290.3347473144531,0.0,0.0,0.0,0.0,1.0,1.0,-0.0009968001395463,5.489961374394171e-09,0.0009967946680262,-0.0134352147579193,0.0,0.0,0.0,-0.0075344229117035,60.0,-4.472376346588135,-0.0,-6.774479999194227e-08,0.0,293.1499938964844,293.1499938964844,293.1499938964844,293.1499938964844,293.1499938964844,293.1499938964844,278.1499938964844,0.0,18000.0,313.1499938964844,0.0,18000.0,0.0,0.0,0.0,0.0,0.0,0.0,0.0,0.0,0.0,0.0,-0.0,-0.0,0.0,0.0,0.0,0.0,0.0,-0.0,0.0,0.0,0.0,0.0,0.0,0.0,0.0,0.0,0.0,4.0,0.0,0.0
11937960,296.9942932128906,303.1499938964844,285.1499938964844,0.0,-0.0,290.8382263183594,0.0,0.0,9.360937838209792e-05,297.0747375488281,303.1499938964844,285.1499938964844,0.0,-0.0,290.8382568359375,0.0,0.0,9.857519034994766e-05,297.10284423828125,303.1499938964844,285.1499938964844,0.0,-0.0,290.83837890625,0.0,0.0,7.280729914782569e-05,297.0340270996094,303.1499938964844,285.1499938964844,0.0,-0.0,290.83807373046875,0.0,0.0,9.857519034994766e-05,297.3710021972656,303.1499938964844,285.1499938964844,0.0,-0.0,290.8394775390625,0.0,0.0,0.0004675982345361,290.7865600585937,294.1499938964844,283.8211669921875,283.8211669921875,283.480712890625,283.611083984375,290.3334045410156,0.0,0.0,0.0,0.0,1.0,1.0,-0.0009974032873287,5.560498728129914e-09,0.0009973978158086,-0.0136200049892067,0.0,0.0,0.0,-0.0075693912804126,60.0,-4.46605920791626,-0.0,-6.782681793993106e-08,0.0,293.1499938964844,293.1499938964844,293.1499938964844,293.1499938964844,293.1499938964844,293.1499938964844,278.1499938964844,0.0,18000.0,313.1499938964844,0.0,18000.0,0.0,0.0,0.0,0.0,0.0,0.0,0.0,0.0,0.0,0.0,-0.0,-0.0,0.0,0.0,0.0,0.0,0.0,-0.0,0.0,0.0,0.0,0.0,0.0,0.0,0.0,0.0,0.0,4.0,0.0,0.0
11938020,296.9896240234375,303.1499938964844,285.1499938964844,0.0,-0.0,290.8351135253906,0.0,0.0,9.372281783726066e-05,297.07244873046875,303.1499938964844,285.1499938964844,0.0,-0.0,290.83514404296875,0.0,0.0,9.869464702205732e-05,297.1004638671875,303.1499938964844,285.1499938964844,0.0,-0.0,290.83526611328125,0.0,0.0,7.289552740985528e-05,297.0306701660156,303.1499938964844,285.1499938964844,0.0,-0.0,290.8349609375,0.0,0.0,9.869464702205732e-05,297.36895751953125,303.1499938964844,285.1499938964844,0.0,-0.0,290.8363647460937,0.0,0.0,0.0004681648861151,290.7830505371094,294.1499938964844,283.8450012207031,283.8450012207031,283.48699951171875,283.65594482421875,290.3307189941406,0.0,0.0,0.0,0.0,1.0,1.0,-0.0009986119111999,5.701822569648129e-09,0.0009986062068492,-0.0139902345836162,0.0,0.0,0.0,-0.0076394514180719,60.0,-4.453376293182373,-0.0,-6.799130147783218e-08,0.0,293.1499938964844,293.1499938964844,293.1499938964844,293.1499938964844,293.1499938964844,293.1499938964844,278.1499938964844,0.0,18000.0,313.1499938964844,0.0,18000.0,0.0,0.0,0.0,0.0,0.0,0.0,0.0,0.0,0.0,0.0,-0.0,-0.0,0.0,0.0,0.0,0.0,0.0,-0.0,0.0,0.0,0.0,0.0,0.0,0.0,0.0,0.0,0.0,4.0,0.0,0.0
11938080,296.9896240234375,303.1499938964844,285.1499938964844,0.0,-0.0,290.8351135253906,0.0,0.0,9.372281783726066e-05,297.07244873046875,303.1499938964844,285.1499938964844,0.0,-0.0,290.83514404296875,0.0,0.0,9.869464702205732e-05,297.1004638671875,303.1499938964844,285.1499938964844,0.0,-0.0,290.83526611328125,0.0,0.0,7.289552740985528e-05,297.0306701660156,303.1499938964844,285.1499938964844,0.0,-0.0,290.8349609375,0.0,0.0,9.869464702205732e-05,297.36895751953125,303.1499938964844,285.1499938964844,0.0,-0.0,290.8363647460937,0.0,0.0,0.0004681648861151,290.7830505371094,294.1499938964844,283.8450012207031,283.8450012207031,283.48699951171875,283.65594482421875,290.3307189941406,0.0,0.0,0.0,0.0,1.0,1.0,-0.0009986119111999,5.701822569648129e-09,0.0009986062068492,-0.0139902345836162,0.0,0.0,0.0,-0.0076394514180719,60.0,-4.453376293182373,-0.0,-6.799130147783218e-08,0.0,293.1499938964844,293.1499938964844,293.1499938964844,293.1499938964844,293.1499938964844,293.1499938964844,278.1499938964844,0.0,18000.0,313.1499938964844,0.0,18000.0,0.0,0.0,0.0,0.0,0.0,0.0,0.0,0.0,0.0,0.0,-0.0,-0.0,0.0,0.0,0.0,0.0,0.0,-0.0,0.0,0.0,0.0,0.0,0.0,0.0,0.0,0.0,0.0,4.0,0.0,0.0
11938140,296.985107421875,303.1499938964844,285.1499938964844,0.0,-0.0,290.8320007324219,0.0,0.0,9.38362572924234e-05,297.0702514648437,303.1499938964844,285.1499938964844,0.0,-0.0,290.8320007324219,0.0,0.0,9.8814103694167e-05,297.09814453125,303.1499938964844,285.1499938964844,0.0,-0.0,290.8321533203125,0.0,0.0,7.298376294784248e-05,297.0271911621094,303.1499938964844,285.1499938964844,0.0,-0.0,290.83184814453125,0.0,0.0,9.8814103694167e-05,297.3669738769531,303.1499938964844,285.1499938964844,0.0,-0.0,290.8332214355469,0.0,0.0,0.0004687315376941,290.7795104980469,294.1499938964844,283.8687438964844,283.8687438964844,283.4936218261719,283.6976013183594,290.3280029296875,0.0,0.0,0.0,0.0,1.0,1.0,-0.0009998205350711,5.843143746631085e-09,0.0009998147143051,-0.0143604520708322,0.0,0.0,0.0,-0.0077095106244087,60.0,-4.4406514167785645,-0.0,-6.815597686227194e-08,0.0,293.1499938964844,293.1499938964844,293.1499938964844,293.1499938964844,293.1499938964844,293.1499938964844,278.1499938964844,0.0,18000.0,313.1499938964844,0.0,18000.0,0.0,0.0,0.0,0.0,0.0,0.0,0.0,0.0,0.0,0.0,-0.0,-0.0,0.0,0.0,0.0,0.0,0.0,-0.0,0.0,0.0,0.0,0.0,0.0,0.0,0.0,0.0,0.0,4.0,0.0,0.0
11938200,296.985107421875,303.1499938964844,285.1499938964844,0.0,-0.0,290.8320007324219,0.0,0.0,9.38362572924234e-05,297.0702514648437,303.1499938964844,285.1499938964844,0.0,-0.0,290.8320007324219,0.0,0.0,9.8814103694167e-05,297.09814453125,303.1499938964844,285.1499938964844,0.0,-0.0,290.8321533203125,0.0,0.0,7.298376294784248e-05,297.0271911621094,303.1499938964844,285.1499938964844,0.0,-0.0,290.83184814453125,0.0,0.0,9.8814103694167e-05,297.3669738769531,303.1499938964844,285.1499938964844,0.0,-0.0,290.8332214355469,0.0,0.0,0.0004687315376941,290.7795104980469,294.1499938964844,283.8687438964844,283.8687438964844,283.4936218261719,283.6976013183594,290.3280029296875,0.0,0.0,0.0,0.0,1.0,1.0,-0.0009998205350711,5.843143746631085e-09,0.0009998147143051,-0.0143604520708322,0.0,0.0,0.0,-0.0077095106244087,60.0,-4.4406514167785645,-0.0,-6.815597686227194e-08,0.0,293.1499938964844,293.1499938964844,293.1499938964844,293.1499938964844,293.1499938964844,293.1499938964844,278.1499938964844,0.0,18000.0,313.1499938964844,0.0,18000.0,0.0,0.0,0.0,0.0,0.0,0.0,0.0,0.0,0.0,0.0,-0.0,-0.0,0.0,0.0,0.0,0.0,0.0,-0.0,0.0,0.0,0.0,0.0,0.0,0.0,0.0,0.0,0.0,4.0,0.0,0.0
11938260,296.98065185546875,303.1499938964844,285.1499938964844,0.0,-0.0,290.828857421875,0.0,0.0,9.394938388140872e-05,297.0680847167969,303.1499938964844,285.1499938964844,0.0,-0.0,290.8288879394531,0.0,0.0,9.89332256722264e-05,297.09588623046875,303.1499938964844,285.1499938964844,0.0,-0.0,290.8290100097656,0.0,0.0,7.307174382731318e-05,297.0236511230469,303.1499938964844,285.1499938964844,0.0,-0.0,290.8287048339844,0.0,0.0,9.89332256722264e-05,297.3650207519531,303.1499938964844,285.1499938964844,0.0,-0.0,290.830078125,0.0,0.0,0.0004692966176662,290.7759704589844,294.1499938964844,283.8923645019531,283.8923645019531,283.50054931640625,283.7365417480469,290.32525634765625,0.0,0.0,0.0,0.0,1.0,1.0,-0.001001025782898,5.984074125109373e-09,0.0010010198457166,-0.0147296404466032,0.0,0.0,0.0,-0.0077793761156499,60.0,-4.427914142608643,-0.0,-6.832038934589947e-08,0.0,293.1499938964844,293.1499938964844,293.1499938964844,293.1499938964844,293.1499938964844,293.1499938964844,278.1499938964844,0.0,18000.0,313.1499938964844,0.0,18000.0,0.0,0.0,0.0,0.0,0.0,0.0,0.0,0.0,0.0,0.0,-0.0,-0.0,0.0,0.0,0.0,0.0,0.0,-0.0,0.0,0.0,0.0,0.0,0.0,0.0,0.0,0.0,0.0,4.0,0.0,0.0
11938320,296.98065185546875,303.1499938964844,285.1499938964844,0.0,-0.0,290.828857421875,0.0,0.0,9.394938388140872e-05,297.0680847167969,303.1499938964844,285.1499938964844,0.0,-0.0,290.8288879394531,0.0,0.0,9.89332256722264e-05,297.09588623046875,303.1499938964844,285.1499938964844,0.0,-0.0,290.8290100097656,0.0,0.0,7.307174382731318e-05,297.0236511230469,303.1499938964844,285.1499938964844,0.0,-0.0,290.8287048339844,0.0,0.0,9.89332256722264e-05,297.3650207519531,303.1499938964844,285.1499938964844,0.0,-0.0,290.830078125,0.0,0.0,0.0004692966176662,290.7759704589844,294.1499938964844,283.8923645019531,283.8923645019531,283.50054931640625,283.7365417480469,290.32525634765625,0.0,0.0,0.0,0.0,1.0,1.0,-0.001001025782898,5.984074125109373e-09,0.0010010198457166,-0.0147296404466032,0.0,0.0,0.0,-0.0077793761156499,60.0,-4.427914142608643,-0.0,-6.832038934589947e-08,0.0,293.1499938964844,293.1499938964844,293.1499938964844,293.1499938964844,293.1499938964844,293.1499938964844,278.1499938964844,0.0,18000.0,313.1499938964844,0.0,18000.0,0.0,0.0,0.0,0.0,0.0,0.0,0.0,0.0,0.0,0.0,-0.0,-0.0,0.0,0.0,0.0,0.0,0.0,-0.0,0.0,0.0,0.0,0.0,0.0,0.0,0.0,0.0,0.0,4.0,0.0,0.0
11938380,296.9774780273437,303.1499938964844,285.1499938964844,0.0,-0.0,290.8265991210937,0.0,0.0,9.403043804923072e-05,297.0665588378906,303.1499938964844,285.1499938964844,0.0,-0.0,290.8266296386719,0.0,0.0,9.9018587206956e-05,297.09429931640625,303.1499938964844,285.1499938964844,0.0,-0.0,290.8267517089844,0.0,0.0,7.313479000004008e-05,297.0210876464844,303.1499938964844,285.1499938964844,0.0,-0.0,290.8264465332031,0.0,0.0,9.9018587206956e-05,297.3636169433594,303.1499938964844,285.1499938964844,0.0,-0.0,290.82781982421875,0.0,0.0,0.0004697015101555,290.7734375,294.1499938964844,283.90924072265625,283.90924072265625,283.5057373046875,283.7630615234375,290.3232421875,0.0,0.0,0.0,0.0,1.0,1.0,-0.0010018894681707,6.085058235072438e-09,0.0010018832981586,-0.0149941788986325,0.0,0.0,0.0,-0.0078294379636645,60.0,-4.418753623962402,-0.0,-6.843832522918093e-08,0.0,293.1499938964844,293.1499938964844,293.1499938964844,293.1499938964844,293.1499938964844,293.1499938964844,278.1499938964844,0.0,18000.0,313.1499938964844,0.0,18000.0,0.0,0.0,0.0,0.0,0.0,0.0,0.0,0.0,0.0,0.0,-0.0,-0.0,0.0,0.0,0.0,0.0,0.0,-0.0,0.0,0.0,0.0,0.0,0.0,0.0,0.0,0.0,0.0,4.0,0.0,0.0
11938440,296.97625732421875,303.1499938964844,285.1499938964844,0.0,-0.0,290.8257141113281,0.0,0.0,9.406183380633593e-05,297.0659484863281,303.1499938964844,285.1499938964844,0.0,-0.0,290.82574462890625,0.0,0.0,9.905164188239723e-05,297.0936889648437,303.1499938964844,285.1499938964844,0.0,-0.0,290.82586669921875,0.0,0.0,7.315920811379328e-05,297.02008056640625,303.1499938964844,285.1499938964844,0.0,-0.0,290.8255615234375,0.0,0.0,9.905164915835484e-05,297.3630676269531,303.1499938964844,285.1499938964844,0.0,-0.0,290.8269348144531,0.0,0.0,0.0004698583506979,290.7724304199219,294.1499938964844,283.915771484375,283.915771484375,283.5077819824219,283.7731018066406,290.32244873046875,0.0,0.0,0.0,0.0,1.0,1.0,-0.0010022239293903,6.124169171783933e-09,0.0010022177593782,-0.0150966336950659,0.0,0.0,0.0,-0.0078488271683454,60.0,-4.415196895599365,-0.0,-6.848403444337239e-08,0.0,293.1499938964844,293.1499938964844,293.1499938964844,293.1499938964844,293.1499938964844,293.1499938964844,278.1499938964844,0.0,18000.0,313.1499938964844,0.0,18000.0,0.0,0.0,0.0,0.0,0.0,0.0,0.0,0.0,0.0,0.0,-0.0,-0.0,0.0,0.0,0.0,0.0,0.0,-0.0,0.0,0.0,0.0,0.0,0.0,0.0,0.0,0.0,0.0,4.0,0.0,0.0
11938500,296.9740905761719,303.1499938964844,285.1499938964844,0.0,-0.0,290.8241577148437,0.0,0.0,9.41177349886857e-05,297.0649108886719,303.1499938964844,285.1499938964844,0.0,-0.0,290.8241577148437,0.0,0.0,9.91105116554536e-05,297.09259033203125,303.1499938964844,285.1499938964844,0.0,-0.0,290.82427978515625,0.0,0.0,7.320268196053803e-05,297.01824951171875,303.1499938964844,285.1499938964844,0.0,-0.0,290.823974609375,0.0,0.0,9.91105116554536e-05,297.36212158203125,303.1499938964844,285.1499938964844,0.0,-0.0,290.8253479003906,0.0,0.0,0.0004701375728473,290.7706604003906,294.1499938964844,283.9273986816406,283.9273986816406,283.5115051269531,283.79058837890625,290.321044921875,0.0,0.0,0.0,0.0,1.0,1.0,-0.0010028195101767,6.193808133048151e-09,0.0010028132237493,-0.0152790583670139,0.0,0.0,0.0,-0.0078833503648638,60.0,-4.408853530883789,-0.0,-6.856544843003577e-08,0.0,293.1499938964844,293.1499938964844,293.1499938964844,293.1499938964844,293.1499938964844,293.1499938964844,278.1499938964844,0.0,18000.0,313.1499938964844,0.0,18000.0,0.0,0.0,0.0,0.0,0.0,0.0,0.0,0.0,0.0,0.0,-0.0,-0.0,0.0,0.0,0.0,0.0,0.0,-0.0,0.0,0.0,0.0,0.0,0.0,0.0,0.0,0.0,0.0,4.0,0.0,0.0
11938560,296.9719543457031,303.1499938964844,285.1499938964844,0.0,-0.0,290.82257080078125,0.0,0.0,9.41732942010276e-05,297.0638732910156,303.1499938964844,285.1499938964844,0.0,-0.0,290.82257080078125,0.0,0.0,9.916901763062924e-05,297.09149169921875,303.1499938964844,285.1499938964844,0.0,-0.0,290.8227233886719,0.0,0.0,7.324590114876628e-05,297.01641845703125,303.1499938964844,285.1499938964844,0.0,-0.0,290.8224182128906,0.0,0.0,9.916901763062924e-05,297.36114501953125,303.1499938964844,285.1499938964844,0.0,-0.0,290.8237609863281,0.0,0.0,0.0004704151069745,290.7688903808594,294.1499938964844,283.9389343261719,283.9389343261719,283.5152893066406,283.8075866699219,290.3196105957031,0.0,0.0,0.0,0.0,1.0,1.0,-0.0010034114820882,6.2630296504551106e-09,0.0010034051956608,-0.0154603878036141,0.0,0.0,0.0,-0.0079176668077707,60.0,-4.402527809143066,-0.0,-6.864642188020299e-08,0.0,293.1499938964844,293.1499938964844,293.1499938964844,293.1499938964844,293.1499938964844,293.1499938964844,278.1499938964844,0.0,18000.0,313.1499938964844,0.0,18000.0,0.0,0.0,0.0,0.0,0.0,0.0,0.0,0.0,0.0,0.0,-0.0,-0.0,0.0,0.0,0.0,0.0,0.0,-0.0,0.0,0.0,0.0,0.0,0.0,0.0,0.0,0.0,0.0,4.0,0.0,0.0
11938620,296.9677124023437,303.1499938964844,285.1499938964844,0.0,-0.0,290.81939697265625,0.0,0.0,9.428332123206928e-05,297.0618591308594,303.1499938964844,285.1499938964844,0.0,-0.0,290.8194274902344,0.0,0.0,9.92848799796775e-05,297.08935546875,303.1499938964844,285.1499938964844,0.0,-0.0,290.8195495605469,0.0,0.0,7.333147368626669e-05,297.01275634765625,303.1499938964844,285.1499938964844,0.0,-0.0,290.8192443847656,0.0,0.0,9.92848799796775e-05,297.3592529296875,303.1499938964844,285.1499938964844,0.0,-0.0,290.820556640625,0.0,0.0,0.0004709647328127,290.7653503417969,294.1499938964844,283.9617614746094,283.9617614746094,283.5230712890625,283.8402709960937,290.3167724609375,0.0,0.0,0.0,0.0,1.0,1.0,-0.0010045836679637,6.40010133778901e-09,0.001004577265121,-0.0158194489777088,0.0,0.0,0.0,-0.0079856188967823,60.0,-4.3899431228637695,-0.0,-6.880691216792911e-08,0.0,293.1499938964844,293.1499938964844,293.1499938964844,293.1499938964844,293.1499938964844,293.1499938964844,278.1499938964844,0.0,18000.0,313.1499938964844,0.0,18000.0,0.0,0.0,0.0,0.0,0.0,0.0,0.0,0.0,0.0,0.0,-0.0,-0.0,0.0,0.0,0.0,0.0,0.0,-0.0,0.0,0.0,0.0,0.0,0.0,0.0,0.0,0.0,0.0,4.0,0.0,0.0
11938680,296.9677124023437,303.1499938964844,285.1499938964844,0.0,-0.0,290.81939697265625,0.0,0.0,9.428332123206928e-05,297.0618591308594,303.1499938964844,285.1499938964844,0.0,-0.0,290.8194274902344,0.0,0.0,9.92848799796775e-05,297.08935546875,303.1499938964844,285.1499938964844,0.0,-0.0,290.8195495605469,0.0,0.0,7.333147368626669e-05,297.01275634765625,303.1499938964844,285.1499938964844,0.0,-0.0,290.8192443847656,0.0,0.0,9.92848799796775e-05,297.3592529296875,303.1499938964844,285.1499938964844,0.0,-0.0,290.820556640625,0.0,0.0,0.0004709647328127,290.7653503417969,294.1499938964844,283.9617614746094,283.9617614746094,283.5230712890625,283.8402709960937,290.3167724609375,0.0,0.0,0.0,0.0,1.0,1.0,-0.0010045836679637,6.40010133778901e-09,0.001004577265121,-0.0158194489777088,0.0,0.0,0.0,-0.0079856188967823,60.0,-4.3899431228637695,-0.0,-6.880691216792911e-08,0.0,293.1499938964844,293.1499938964844,293.1499938964844,293.1499938964844,293.1499938964844,293.1499938964844,278.1499938964844,0.0,18000.0,313.1499938964844,0.0,18000.0,0.0,0.0,0.0,0.0,0.0,0.0,0.0,0.0,0.0,0.0,-0.0,-0.0,0.0,0.0,0.0,0.0,0.0,-0.0,0.0,0.0,0.0,0.0,0.0,0.0,0.0,0.0,0.0,4.0,0.0,0.0
11938740,296.9635925292969,303.1499938964844,285.1499938964844,0.0,-0.0,290.81622314453125,0.0,0.0,9.43916238611564e-05,297.0598449707031,303.1499938964844,285.1499938964844,0.0,-0.0,290.81622314453125,0.0,0.0,9.93989233393222e-05,297.0872802734375,303.1499938964844,285.1499938964844,0.0,-0.0,290.8163757324219,0.0,0.0,7.341570744756609e-05,297.00909423828125,303.1499938964844,285.1499938964844,0.0,-0.0,290.8160705566406,0.0,0.0,9.93989233393222e-05,297.3573608398437,303.1499938964844,285.1499938964844,0.0,-0.0,290.8173828125,0.0,0.0,0.0004715056857094,290.76177978515625,294.1499938964844,283.98419189453125,283.98419189453125,283.5311584472656,283.871337890625,290.3139038085937,0.0,0.0,0.0,0.0,1.0,1.0,-0.0010057375766336,6.535020968811977e-09,0.0010057310573756,-0.016172869130969,0.0,0.0,0.0,-0.0080525046214461,60.0,-4.377471446990967,-0.0,-6.896505766462725e-08,0.0,293.1499938964844,293.1499938964844,293.1499938964844,293.1499938964844,293.1499938964844,293.1499938964844,278.1499938964844,0.0,18000.0,313.1499938964844,0.0,18000.0,0.0,0.0,0.0,0.0,0.0,0.0,0.0,0.0,0.0,0.0,-0.0,-0.0,0.0,0.0,0.0,0.0,0.0,-0.0,0.0,0.0,0.0,0.0,0.0,0.0,0.0,0.0,0.0,4.0,0.0,0.0
11938800,296.9635925292969,303.1499938964844,285.1499938964844,0.0,-0.0,290.81622314453125,0.0,0.0,9.43916238611564e-05,297.0598449707031,303.1499938964844,285.1499938964844,0.0,-0.0,290.81622314453125,0.0,0.0,9.93989233393222e-05,297.0872802734375,303.1499938964844,285.1499938964844,0.0,-0.0,290.8163757324219,0.0,0.0,7.341570744756609e-05,297.00909423828125,303.1499938964844,285.1499938964844,0.0,-0.0,290.8160705566406,0.0,0.0,9.93989233393222e-05,297.3573608398437,303.1499938964844,285.1499938964844,0.0,-0.0,290.8173828125,0.0,0.0,0.0004715056857094,290.76177978515625,294.1499938964844,283.98419189453125,283.98419189453125,283.5311584472656,283.871337890625,290.3139038085937,0.0,0.0,0.0,0.0,1.0,1.0,-0.0010057375766336,6.535020968811977e-09,0.0010057310573756,-0.016172869130969,0.0,0.0,0.0,-0.0080525046214461,60.0,-4.377471446990967,-0.0,-6.896505766462725e-08,0.0,293.1499938964844,293.1499938964844,293.1499938964844,293.1499938964844,293.1499938964844,293.1499938964844,278.1499938964844,0.0,18000.0,313.1499938964844,0.0,18000.0,0.0,0.0,0.0,0.0,0.0,0.0,0.0,0.0,0.0,0.0,-0.0,-0.0,0.0,0.0,0.0,0.0,0.0,-0.0,0.0,0.0,0.0,0.0,0.0,0.0,0.0,0.0,0.0,4.0,0.0,0.0
11938860,296.9596252441406,303.1499938964844,285.1499938964844,0.0,-0.0,290.8130187988281,0.0,0.0,9.449778008274734e-05,297.0578918457031,303.1499938964844,285.1499938964844,0.0,-0.0,290.81304931640625,0.0,0.0,9.951071842806414e-05,297.085205078125,303.1499938964844,285.1499938964844,0.0,-0.0,290.81317138671875,0.0,0.0,7.349827501457185e-05,297.00543212890625,303.1499938964844,285.1499938964844,0.0,-0.0,290.8128967285156,0.0,0.0,9.951071842806414e-05,297.3554992675781,303.1499938964844,285.1499938964844,0.0,-0.0,290.8141784667969,0.0,0.0,0.0004720359866041,290.7582092285156,294.1499938964844,284.0061950683594,284.0061950683594,283.5394592285156,283.90093994140625,290.3110046386719,0.0,0.0,0.0,0.0,1.0,1.0,-0.0010068686679005,6.667277396843474e-09,0.0010068619158118,-0.0165193043649196,0.0,0.0,0.0,-0.008118069730699,60.0,-4.365144729614258,-0.0,-6.912026151439933e-08,0.0,293.1499938964844,293.1499938964844,293.1499938964844,293.1499938964844,293.1499938964844,293.1499938964844,278.1499938964844,0.0,18000.0,313.1499938964844,0.0,18000.0,0.0,0.0,0.0,0.0,0.0,0.0,0.0,0.0,0.0,0.0,-0.0,-0.0,0.0,0.0,0.0,0.0,0.0,-0.0,0.0,0.0,0.0,0.0,0.0,0.0,0.0,0.0,0.0,4.0,0.0,0.0
11938920,296.9596252441406,303.1499938964844,285.1499938964844,0.0,-0.0,290.8130187988281,0.0,0.0,9.449778008274734e-05,297.0578918457031,303.1499938964844,285.1499938964844,0.0,-0.0,290.81304931640625,0.0,0.0,9.951071842806414e-05,297.085205078125,303.1499938964844,285.1499938964844,0.0,-0.0,290.81317138671875,0.0,0.0,7.349827501457185e-05,297.00543212890625,303.1499938964844,285.1499938964844,0.0,-0.0,290.8128967285156,0.0,0.0,9.951071842806414e-05,297.3554992675781,303.1499938964844,285.1499938964844,0.0,-0.0,290.8141784667969,0.0,0.0,0.0004720359866041,290.7582092285156,294.1499938964844,284.0061950683594,284.0061950683594,283.5394592285156,283.90093994140625,290.3110046386719,0.0,0.0,0.0,0.0,1.0,1.0,-0.0010068686679005,6.667277396843474e-09,0.0010068619158118,-0.0165193043649196,0.0,0.0,0.0,-0.008118069730699,60.0,-4.365144729614258,-0.0,-6.912026151439933e-08,0.0,293.1499938964844,293.1499938964844,293.1499938964844,293.1499938964844,293.1499938964844,293.1499938964844,278.1499938964844,0.0,18000.0,313.1499938964844,0.0,18000.0,0.0,0.0,0.0,0.0,0.0,0.0,0.0,0.0,0.0,0.0,-0.0,-0.0,0.0,0.0,0.0,0.0,0.0,-0.0,0.0,0.0,0.0,0.0,0.0,0.0,0.0,0.0,0.0,4.0,0.0,0.0
11938980,296.9558410644531,303.1499938964844,285.1499938964844,0.0,-0.0,290.8098449707031,0.0,0.0,9.460146247874944e-05,297.05596923828125,303.1499938964844,285.1499938964844,0.0,-0.0,290.8098449707031,0.0,0.0,9.961990144802256e-05,297.08319091796875,303.1499938964844,285.1499938964844,0.0,-0.0,290.8099670410156,0.0,0.0,7.357892172876745e-05,297.0018005371094,303.1499938964844,285.1499938964844,0.0,-0.0,290.8096923828125,0.0,0.0,9.961990144802256e-05,297.3536682128906,303.1499938964844,285.1499938964844,0.0,-0.0,290.8109741210937,0.0,0.0,0.0004725539183709,290.754638671875,294.1499938964844,284.02764892578125,284.02764892578125,283.54803466796875,283.92919921875,290.3080749511719,0.0,0.0,0.0,0.0,1.0,1.0,-0.0010079733328893,6.796448293044932e-09,0.0010079664643853,-0.0168576538562774,0.0,0.0,0.0,-0.0081821056082844,60.0,-4.352991580963135,-0.0,-6.927201923190296e-08,0.0,293.1499938964844,293.1499938964844,293.1499938964844,293.1499938964844,293.1499938964844,293.1499938964844,278.1499938964844,0.0,18000.0,313.1499938964844,0.0,18000.0,0.0,0.0,0.0,0.0,0.0,0.0,0.0,0.0,0.0,0.0,-0.0,-0.0,0.0,0.0,0.0,0.0,0.0,-0.0,0.0,0.0,0.0,0.0,0.0,0.0,0.0,0.0,0.0,4.0,0.0,0.0
11939040,296.9558410644531,303.1499938964844,285.1499938964844,0.0,-0.0,290.8098449707031,0.0,0.0,9.460146247874944e-05,297.05596923828125,303.1499938964844,285.1499938964844,0.0,-0.0,290.8098449707031,0.0,0.0,9.961990144802256e-05,297.08319091796875,303.1499938964844,285.1499938964844,0.0,-0.0,290.8099670410156,0.0,0.0,7.357892172876745e-05,297.0018005371094,303.1499938964844,285.1499938964844,0.0,-0.0,290.8096923828125,0.0,0.0,9.961990144802256e-05,297.3536682128906,303.1499938964844,285.1499938964844,0.0,-0.0,290.8109741210937,0.0,0.0,0.0004725539183709,290.754638671875,294.1499938964844,284.02764892578125,284.02764892578125,283.54803466796875,283.92919921875,290.3080749511719,0.0,0.0,0.0,0.0,1.0,1.0,-0.0010079733328893,6.796448293044932e-09,0.0010079664643853,-0.0168576538562774,0.0,0.0,0.0,-0.0081821056082844,60.0,-4.352991580963135,-0.0,-6.927201923190296e-08,0.0,293.1499938964844,293.1499938964844,293.1499938964844,293.1499938964844,293.1499938964844,293.1499938964844,278.1499938964844,0.0,18000.0,313.1499938964844,0.0,18000.0,0.0,0.0,0.0,0.0,0.0,0.0,0.0,0.0,0.0,0.0,-0.0,-0.0,0.0,0.0,0.0,0.0,0.0,-0.0,0.0,0.0,0.0,0.0,0.0,0.0,0.0,0.0,0.0,4.0,0.0,0.0
11939100,296.9540100097656,303.1499938964844,285.1499938964844,0.0,-0.0,290.8082275390625,0.0,0.0,9.46522704907693e-05,297.0550231933594,303.1499938964844,285.1499938964844,0.0,-0.0,290.8082580566406,0.0,0.0,9.967340156435966e-05,297.0821838378906,303.1499938964844,285.1499938964844,0.0,-0.0,290.8083801269531,0.0,0.0,7.361843745457008e-05,296.9999694824219,303.1499938964844,285.1499938964844,0.0,-0.0,290.8080749511719,0.0,0.0,9.967340156435966e-05,297.352783203125,303.1499938964844,285.1499938964844,0.0,-0.0,290.8093566894531,0.0,0.0,0.0004728077037725,290.7528381347656,294.1499938964844,284.03814697265625,284.03814697265625,283.5523986816406,283.94287109375,290.3066101074219,0.0,0.0,0.0,0.0,1.0,1.0,-0.0010085145477205,6.859741663589602e-09,0.0010085076792165,-0.0170234404504299,0.0,0.0,0.0,-0.0082134827971458,60.0,-4.346992015838623,-0.0,-6.934643437261911e-08,0.0,293.1499938964844,293.1499938964844,293.1499938964844,293.1499938964844,293.1499938964844,293.1499938964844,278.1499938964844,0.0,18000.0,313.1499938964844,0.0,18000.0,0.0,0.0,0.0,0.0,0.0,0.0,0.0,0.0,0.0,0.0,-0.0,-0.0,0.0,0.0,0.0,0.0,0.0,-0.0,0.0,0.0,0.0,0.0,0.0,0.0,0.0,0.0,0.0,4.0,0.0,0.0
11939160,296.95220947265625,303.1499938964844,285.1499938964844,0.0,-0.0,290.806640625,0.0,0.0,9.470226359553636e-05,297.0540771484375,303.1499938964844,285.1499938964844,0.0,-0.0,290.806640625,0.0,0.0,9.97260503936559e-05,297.0812072753906,303.1499938964844,285.1499938964844,0.0,-0.0,290.8067626953125,0.0,0.0,7.365732017206028e-05,296.9981689453125,303.1499938964844,285.1499938964844,0.0,-0.0,290.8064880371094,0.0,0.0,9.97260503936559e-05,297.35186767578125,303.1499938964844,285.1499938964844,0.0,-0.0,290.8077392578125,0.0,0.0,0.0004730574437417,290.75103759765625,294.1499938964844,284.04852294921875,284.04852294921875,283.5568542480469,283.95623779296875,290.3051452636719,0.0,0.0,0.0,0.0,1.0,1.0,-0.0010090472642332,6.922027395717123e-09,0.0010090402793139,-0.0171865876764059,0.0,0.0,0.0,-0.0082443607971072,60.0,-4.3410491943359375,-0.0,-6.94197055395307e-08,0.0,293.1499938964844,293.1499938964844,293.1499938964844,293.1499938964844,293.1499938964844,293.1499938964844,278.1499938964844,0.0,18000.0,313.1499938964844,0.0,18000.0,0.0,0.0,0.0,0.0,0.0,0.0,0.0,0.0,0.0,0.0,-0.0,-0.0,0.0,0.0,0.0,0.0,0.0,-0.0,0.0,0.0,0.0,0.0,0.0,0.0,0.0,0.0,0.0,4.0,0.0,0.0
11939220,296.94879150390625,303.1499938964844,285.1499938964844,0.0,-0.0,290.80340576171875,0.0,0.0,9.47997541516088e-05,297.05224609375,303.1499938964844,285.1499938964844,0.0,-0.0,290.8034362792969,0.0,0.0,9.982871415559202e-05,297.07928466796875,303.1499938964844,285.1499938964844,0.0,-0.0,290.8035583496094,0.0,0.0,7.37331502023153e-05,296.99462890625,303.1499938964844,285.1499938964844,0.0,-0.0,290.8032531738281,0.0,0.0,9.982871415559202e-05,297.35009765625,303.1499938964844,285.1499938964844,0.0,-0.0,290.80450439453125,0.0,0.0,0.0004735444090329,290.7474670410156,294.1499938964844,284.0687255859375,284.0687255859375,283.5658569335937,283.9820861816406,290.3022155761719,0.0,0.0,0.0,0.0,1.0,1.0,-0.0010100859217345,7.043483130075856e-09,0.0010100789368152,-0.0175047162920236,0.0,0.0,0.0,-0.0083045708015561,60.0,-4.329345703125,-0.0,-6.956270226510243e-08,0.0,293.1499938964844,293.1499938964844,293.1499938964844,293.1499938964844,293.1499938964844,293.1499938964844,278.1499938964844,0.0,18000.0,313.1499938964844,0.0,18000.0,0.0,0.0,0.0,0.0,0.0,0.0,0.0,0.0,0.0,0.0,-0.0,-0.0,0.0,0.0,0.0,0.0,0.0,-0.0,0.0,0.0,0.0,0.0,0.0,0.0,0.0,0.0,0.0,4.0,0.0,0.0
11939280,296.94879150390625,303.1499938964844,285.1499938964844,0.0,-0.0,290.80340576171875,0.0,0.0,9.47997541516088e-05,297.05224609375,303.1499938964844,285.1499938964844,0.0,-0.0,290.8034362792969,0.0,0.0,9.982871415559202e-05,297.07928466796875,303.1499938964844,285.1499938964844,0.0,-0.0,290.8035583496094,0.0,0.0,7.37331502023153e-05,296.99462890625,303.1499938964844,285.1499938964844,0.0,-0.0,290.8032531738281,0.0,0.0,9.982871415559202e-05,297.35009765625,303.1499938964844,285.1499938964844,0.0,-0.0,290.80450439453125,0.0,0.0,0.0004735444090329,290.7474670410156,294.1499938964844,284.0687255859375,284.0687255859375,283.5658569335937,283.9820861816406,290.3022155761719,0.0,0.0,0.0,0.0,1.0,1.0,-0.0010100859217345,7.043483130075856e-09,0.0010100789368152,-0.0175047162920236,0.0,0.0,0.0,-0.0083045708015561,60.0,-4.329345703125,-0.0,-6.956270226510243e-08,0.0,293.1499938964844,293.1499938964844,293.1499938964844,293.1499938964844,293.1499938964844,293.1499938964844,278.1499938964844,0.0,18000.0,313.1499938964844,0.0,18000.0,0.0,0.0,0.0,0.0,0.0,0.0,0.0,0.0,0.0,0.0,-0.0,-0.0,0.0,0.0,0.0,0.0,0.0,-0.0,0.0,0.0,0.0,0.0,0.0,0.0,0.0,0.0,0.0,4.0,0.0,0.0
11939340,296.9455871582031,303.1499938964844,285.1499938964844,0.0,-0.0,290.8001708984375,0.0,0.0,9.489375952398404e-05,297.0504455566406,303.1499938964844,285.1499938964844,0.0,-0.0,290.8002014160156,0.0,0.0,9.992769628297538e-05,297.077392578125,303.1499938964844,285.1499938964844,0.0,-0.0,290.8003234863281,0.0,0.0,7.380625902442262e-05,296.9911193847656,303.1499938964844,285.1499938964844,0.0,-0.0,290.800048828125,0.0,0.0,9.992769628297538e-05,297.348388671875,303.1499938964844,285.1499938964844,0.0,-0.0,290.80126953125,0.0,0.0,0.0004740139702335,290.7438659667969,294.1499938964844,284.0882263183594,284.0882263183594,283.5750732421875,284.00689697265625,290.2992248535156,0.0,0.0,0.0,0.0,1.0,1.0,-0.0010110874427482,7.160587678356478e-09,0.0010110803414136,-0.0178114436566829,0.0,0.0,0.0,-0.0083626247942447,60.0,-4.317904472351074,-0.0,-6.97007109806691e-08,0.0,293.1499938964844,293.1499938964844,293.1499938964844,293.1499938964844,293.1499938964844,293.1499938964844,278.1499938964844,0.0,18000.0,313.1499938964844,0.0,18000.0,0.0,0.0,0.0,0.0,0.0,0.0,0.0,0.0,0.0,0.0,-0.0,-0.0,0.0,0.0,0.0,0.0,0.0,-0.0,0.0,0.0,0.0,0.0,0.0,0.0,0.0,0.0,0.0,4.0,0.0,0.0
11939400,296.9455871582031,303.1499938964844,285.1499938964844,0.0,-0.0,290.8001708984375,0.0,0.0,9.489375952398404e-05,297.0504455566406,303.1499938964844,285.1499938964844,0.0,-0.0,290.8002014160156,0.0,0.0,9.992769628297538e-05,297.077392578125,303.1499938964844,285.1499938964844,0.0,-0.0,290.8003234863281,0.0,0.0,7.380625902442262e-05,296.9911193847656,303.1499938964844,285.1499938964844,0.0,-0.0,290.800048828125,0.0,0.0,9.992769628297538e-05,297.348388671875,303.1499938964844,285.1499938964844,0.0,-0.0,290.80126953125,0.0,0.0,0.0004740139702335,290.7438659667969,294.1499938964844,284.0882263183594,284.0882263183594,283.5750732421875,284.00689697265625,290.2992248535156,0.0,0.0,0.0,0.0,1.0,1.0,-0.0010110874427482,7.160587678356478e-09,0.0010110803414136,-0.0178114436566829,0.0,0.0,0.0,-0.0083626247942447,60.0,-4.317904472351074,-0.0,-6.97007109806691e-08,0.0,293.1499938964844,293.1499938964844,293.1499938964844,293.1499938964844,293.1499938964844,293.1499938964844,278.1499938964844,0.0,18000.0,313.1499938964844,0.0,18000.0,0.0,0.0,0.0,0.0,0.0,0.0,0.0,0.0,0.0,0.0,-0.0,-0.0,0.0,0.0,0.0,0.0,0.0,-0.0,0.0,0.0,0.0,0.0,0.0,0.0,0.0,0.0,0.0,4.0,0.0,0.0
11939460,296.942626953125,303.1499938964844,285.1499938964844,0.0,-0.0,290.79693603515625,0.0,0.0,9.498365398030728e-05,297.0486755371094,303.1499938964844,285.1499938964844,0.0,-0.0,290.7969665527344,0.0,0.0,0.0001000223637674,297.0755310058594,303.1499938964844,285.1499938964844,0.0,-0.0,290.7970886230469,0.0,0.0,7.387618097709492e-05,296.9876708984375,303.1499938964844,285.1499938964844,0.0,-0.0,290.7968139648437,0.0,0.0,0.0001000223637674,297.3467102050781,303.1499938964844,285.1499938964844,0.0,-0.0,290.79803466796875,0.0,0.0,0.0004744630132336,290.7402648925781,294.1499938964844,284.1069641113281,284.1069641113281,283.58447265625,284.0305480957031,290.2962646484375,0.0,0.0,0.0,0.0,1.0,1.0,-0.0010120451916009,7.272582092099355e-09,0.0010120379738509,-0.0181047823280096,0.0,0.0,0.0,-0.0084181455895304,60.0,-4.306784152984619,-0.0,-6.9832822191529e-08,0.0,293.1499938964844,293.1499938964844,293.1499938964844,293.1499938964844,293.1499938964844,293.1499938964844,278.1499938964844,0.0,18000.0,313.1499938964844,0.0,18000.0,0.0,0.0,0.0,0.0,0.0,0.0,0.0,0.0,0.0,0.0,-0.0,-0.0,0.0,0.0,0.0,0.0,0.0,-0.0,0.0,0.0,0.0,0.0,0.0,0.0,0.0,0.0,0.0,4.0,0.0,0.0
11939520,296.942626953125,303.1499938964844,285.1499938964844,0.0,-0.0,290.79693603515625,0.0,0.0,9.498365398030728e-05,297.0486755371094,303.1499938964844,285.1499938964844,0.0,-0.0,290.7969665527344,0.0,0.0,0.0001000223637674,297.0755310058594,303.1499938964844,285.1499938964844,0.0,-0.0,290.7970886230469,0.0,0.0,7.387618097709492e-05,296.9876708984375,303.1499938964844,285.1499938964844,0.0,-0.0,290.7968139648437,0.0,0.0,0.0001000223637674,297.3467102050781,303.1499938964844,285.1499938964844,0.0,-0.0,290.79803466796875,0.0,0.0,0.0004744630132336,290.7402648925781,294.1499938964844,284.1069641113281,284.1069641113281,283.58447265625,284.0305480957031,290.2962646484375,0.0,0.0,0.0,0.0,1.0,1.0,-0.0010120451916009,7.272582092099355e-09,0.0010120379738509,-0.0181047823280096,0.0,0.0,0.0,-0.0084181455895304,60.0,-4.306784152984619,-0.0,-6.9832822191529e-08,0.0,293.1499938964844,293.1499938964844,293.1499938964844,293.1499938964844,293.1499938964844,293.1499938964844,278.1499938964844,0.0,18000.0,313.1499938964844,0.0,18000.0,0.0,0.0,0.0,0.0,0.0,0.0,0.0,0.0,0.0,0.0,-0.0,-0.0,0.0,0.0,0.0,0.0,0.0,-0.0,0.0,0.0,0.0,0.0,0.0,0.0,0.0,0.0,0.0,4.0,0.0,0.0
11939580,296.9404602050781,303.1499938964844,285.1499938964844,0.0,-0.0,290.7943420410156,0.0,0.0,9.505257185082884e-05,297.0473022460937,303.1499938964844,285.1499938964844,0.0,-0.0,290.7943725585937,0.0,0.0,0.0001000949341687,297.0740966796875,303.1499938964844,285.1499938964844,0.0,-0.0,290.79449462890625,0.0,0.0,7.3929775680881e-05,296.9849853515625,303.1499938964844,285.1499938964844,0.0,-0.0,290.7942199707031,0.0,0.0,0.0001000949341687,297.34539794921875,303.1499938964844,285.1499938964844,0.0,-0.0,290.79541015625,0.0,0.0,0.0004748072533402,290.73736572265625,294.1499938964844,284.1213073730469,284.1213073730469,283.59210205078125,284.0487365722656,290.2938842773437,0.0,0.0,0.0,0.0,1.0,1.0,-0.001012779539451,7.358437414950458e-09,0.0010127720888704,-0.0183296520262956,0.0,0.0,0.0,-0.0084607079625129,60.0,-4.2981157302856445,-0.0,-6.993418111278515e-08,0.0,293.1499938964844,293.1499938964844,293.1499938964844,293.1499938964844,293.1499938964844,293.1499938964844,278.1499938964844,0.0,18000.0,313.1499938964844,0.0,18000.0,0.0,0.0,0.0,0.0,0.0,0.0,0.0,0.0,0.0,0.0,-0.0,-0.0,0.0,0.0,0.0,0.0,0.0,-0.0,0.0,0.0,0.0,0.0,0.0,0.0,0.0,0.0,0.0,4.0,0.0,0.0
11939640,296.93994140625,303.1499938964844,285.1499938964844,0.0,-0.0,290.793701171875,0.0,0.0,9.50693793129176e-05,297.0469665527344,303.1499938964844,285.1499938964844,0.0,-0.0,290.793701171875,0.0,0.0,0.0001001126365736,297.0737609863281,303.1499938964844,285.1499938964844,0.0,-0.0,290.7938232421875,0.0,0.0,7.394285057671368e-05,296.9843444824219,303.1499938964844,285.1499938964844,0.0,-0.0,290.7935485839844,0.0,0.0,0.0001001126365736,297.3450622558594,303.1499938964844,285.1499938964844,0.0,-0.0,290.7947692871094,0.0,0.0,0.0004748912178911,290.7366638183594,294.1499938964844,284.12481689453125,284.12481689453125,283.5940246582031,284.0531921386719,290.29327392578125,0.0,0.0,0.0,0.0,1.0,1.0,-0.0010129585862159,7.379377553462518e-09,0.0010129511356353,-0.0183844976127147,0.0,0.0,0.0,-0.0084710884839296,60.0,-4.29597806930542,-0.0,-6.995891510541696e-08,0.0,293.1499938964844,293.1499938964844,293.1499938964844,293.1499938964844,293.1499938964844,293.1499938964844,278.1499938964844,0.0,18000.0,313.1499938964844,0.0,18000.0,0.0,0.0,0.0,0.0,0.0,0.0,0.0,0.0,0.0,0.0,-0.0,-0.0,0.0,0.0,0.0,0.0,0.0,-0.0,0.0,0.0,0.0,0.0,0.0,0.0,0.0,0.0,0.0,4.0,0.0,0.0
11939700,296.938720703125,303.1499938964844,285.1499938964844,0.0,-0.0,290.7920837402344,0.0,0.0,9.511041571386158e-05,297.046142578125,303.1499938964844,285.1499938964844,0.0,-0.0,290.7920837402344,0.0,0.0,0.0001001558557618,297.0728759765625,303.1499938964844,285.1499938964844,0.0,-0.0,290.7922058105469,0.0,0.0,7.397477747872472e-05,296.9826965332031,303.1499938964844,285.1499938964844,0.0,-0.0,290.7919311523437,0.0,0.0,0.0001001558557618,297.3442687988281,303.1499938964844,285.1499938964844,0.0,-0.0,290.7931213378906,0.0,0.0,0.0004750962543766,290.73486328125,294.1499938964844,284.1334228515625,284.1334228515625,283.5988464355469,284.0640869140625,290.2917785644531,0.0,0.0,0.0,0.0,1.0,1.0,-0.0010133958421647,7.430507320549395e-09,0.0010133883915841,-0.0185184143483638,0.0,0.0,0.0,-0.0084964362904429,60.0,-4.290728569030762,-0.0,-7.00193254488113e-08,0.0,293.1499938964844,293.1499938964844,293.1499938964844,293.1499938964844,293.1499938964844,293.1499938964844,278.1499938964844,0.0,18000.0,313.1499938964844,0.0,18000.0,0.0,0.0,0.0,0.0,0.0,0.0,0.0,0.0,0.0,0.0,-0.0,-0.0,0.0,0.0,0.0,0.0,0.0,-0.0,0.0,0.0,0.0,0.0,0.0,0.0,0.0,0.0,0.0,4.0,0.0,0.0
11939760,296.93756103515625,303.1499938964844,285.1499938964844,0.0,-0.0,290.7904357910156,0.0,0.0,9.515029523754492e-05,297.0453186035156,303.1499938964844,285.1499938964844,0.0,-0.0,290.7904663085937,0.0,0.0,0.0001001978525891,297.072021484375,303.1499938964844,285.1499938964844,0.0,-0.0,290.79058837890625,0.0,0.0,7.400579488603398e-05,296.9810791015625,303.1499938964844,285.1499938964844,0.0,-0.0,290.7903137207031,0.0,0.0,0.0001001978525891,297.343505859375,303.1499938964844,285.1499938964844,0.0,-0.0,290.79150390625,0.0,0.0,0.0004752954409923,290.7330627441406,294.1499938964844,284.1417541503906,284.1417541503906,283.6037292480469,284.0746765136719,290.290283203125,0.0,0.0,0.0,0.0,1.0,1.0,-0.0010138207580894,7.480189800901371e-09,0.0010138131910935,-0.0186485387384891,0.0,0.0,0.0,-0.0085210660472512,60.0,-4.285572052001953,-0.0,-7.007805180592186e-08,0.0,293.1499938964844,293.1499938964844,293.1499938964844,293.1499938964844,293.1499938964844,293.1499938964844,278.1499938964844,0.0,18000.0,313.1499938964844,0.0,18000.0,0.0,0.0,0.0,0.0,0.0,0.0,0.0,0.0,0.0,0.0,-0.0,-0.0,0.0,0.0,0.0,0.0,0.0,-0.0,0.0,0.0,0.0,0.0,0.0,0.0,0.0,0.0,0.0,4.0,0.0,0.0
11939820,296.935302734375,303.1499938964844,285.1499938964844,0.0,-0.0,290.7872009277344,0.0,0.0,9.522637992631644e-05,297.043701171875,303.1499938964844,285.1499938964844,0.0,-0.0,290.7872009277344,0.0,0.0,0.0001002779681584,297.07037353515625,303.1499938964844,285.1499938964844,0.0,-0.0,290.7873229980469,0.0,0.0,7.406496297335252e-05,296.97784423828125,303.1499938964844,285.1499938964844,0.0,-0.0,290.7870483398437,0.0,0.0,0.0001002779681584,297.34197998046875,303.1499938964844,285.1499938964844,0.0,-0.0,290.7882080078125,0.0,0.0,0.0004756754788104,290.7294311523437,294.1499938964844,284.1577453613281,284.1577453613281,283.6135559082031,284.0951232910156,290.2872619628906,0.0,0.0,0.0,0.0,1.0,1.0,-0.0010146312415599,7.57497087278125e-09,0.001014623674564,-0.0188967809081077,0.0,0.0,0.0,-0.0085680531337857,60.0,-4.2755513191223145,-0.0,-7.019015413334273e-08,0.0,293.1499938964844,293.1499938964844,293.1499938964844,293.1499938964844,293.1499938964844,293.1499938964844,278.1499938964844,0.0,18000.0,313.1499938964844,0.0,18000.0,0.0,0.0,0.0,0.0,0.0,0.0,0.0,0.0,0.0,0.0,-0.0,-0.0,0.0,0.0,0.0,0.0,0.0,-0.0,0.0,0.0,0.0,0.0,0.0,0.0,0.0,0.0,0.0,4.0,0.0,0.0
11939880,296.935302734375,303.1499938964844,285.1499938964844,0.0,-0.0,290.7872009277344,0.0,0.0,9.522637992631644e-05,297.043701171875,303.1499938964844,285.1499938964844,0.0,-0.0,290.7872009277344,0.0,0.0,0.0001002779681584,297.07037353515625,303.1499938964844,285.1499938964844,0.0,-0.0,290.7873229980469,0.0,0.0,7.406496297335252e-05,296.97784423828125,303.1499938964844,285.1499938964844,0.0,-0.0,290.7870483398437,0.0,0.0,0.0001002779681584,297.34197998046875,303.1499938964844,285.1499938964844,0.0,-0.0,290.7882080078125,0.0,0.0,0.0004756754788104,290.7294311523437,294.1499938964844,284.1577453613281,284.1577453613281,283.6135559082031,284.0951232910156,290.2872619628906,0.0,0.0,0.0,0.0,1.0,1.0,-0.0010146312415599,7.57497087278125e-09,0.001014623674564,-0.0188967809081077,0.0,0.0,0.0,-0.0085680531337857,60.0,-4.2755513191223145,-0.0,-7.019015413334273e-08,0.0,293.1499938964844,293.1499938964844,293.1499938964844,293.1499938964844,293.1499938964844,293.1499938964844,278.1499938964844,0.0,18000.0,313.1499938964844,0.0,18000.0,0.0,0.0,0.0,0.0,0.0,0.0,0.0,0.0,0.0,0.0,-0.0,-0.0,0.0,0.0,0.0,0.0,0.0,-0.0,0.0,0.0,0.0,0.0,0.0,0.0,0.0,0.0,0.0,4.0,0.0,0.0
11939940,296.9331359863281,303.1499938964844,285.1499938964844,0.0,-0.0,290.783935546875,0.0,0.0,9.529706585453825e-05,297.04217529296875,303.1499938964844,285.1499938964844,0.0,-0.0,290.783935546875,0.0,0.0,0.0001003524084808,297.0687866210937,303.1499938964844,285.1499938964844,0.0,-0.0,290.7840576171875,0.0,0.0,7.41199473850429e-05,296.9746398925781,303.1499938964844,285.1499938964844,0.0,-0.0,290.7837829589844,0.0,0.0,0.0001003524084808,297.34051513671875,303.1499938964844,285.1499938964844,0.0,-0.0,290.7849426269531,0.0,0.0,0.0004760285955853,290.725830078125,294.1499938964844,284.17266845703125,284.17266845703125,283.6234741210937,284.1143798828125,290.2842712402344,0.0,0.0,0.0,0.0,1.0,1.0,-0.0010153844486922,7.663035539451357e-09,0.0010153767652809,-0.0191274266690015,0.0,0.0,0.0,-0.0086117098107934,60.0,-4.266004085540772,-0.0,-7.029439075267875e-08,0.0,293.1499938964844,293.1499938964844,293.1499938964844,293.1499938964844,293.1499938964844,293.1499938964844,278.1499938964844,0.0,18000.0,313.1499938964844,0.0,18000.0,0.0,0.0,0.0,0.0,0.0,0.0,0.0,0.0,0.0,0.0,-0.0,-0.0,0.0,0.0,0.0,0.0,0.0,-0.0,0.0,0.0,0.0,0.0,0.0,0.0,0.0,0.0,0.0,4.0,0.0,0.0
11940000,296.9331359863281,303.1499938964844,285.1499938964844,0.0,-0.0,290.783935546875,0.0,0.0,9.529706585453825e-05,297.04217529296875,303.1499938964844,285.1499938964844,0.0,-0.0,290.783935546875,0.0,0.0,0.0001003524084808,297.0687866210937,303.1499938964844,285.1499938964844,0.0,-0.0,290.7840576171875,0.0,0.0,7.41199473850429e-05,296.9746398925781,303.1499938964844,285.1499938964844,0.0,-0.0,290.7837829589844,0.0,0.0,0.0001003524084808,297.34051513671875,303.1499938964844,285.1499938964844,0.0,-0.0,290.7849426269531,0.0,0.0,0.0004760285955853,290.725830078125,294.1499938964844,284.17266845703125,284.17266845703125,283.6234741210937,284.1143798828125,290.2842712402344,0.0,0.0,0.0,0.0,1.0,1.0,-0.0010153844486922,7.663035539451357e-09,0.0010153767652809,-0.0191274266690015,0.0,0.0,0.0,-0.0086117098107934,60.0,-4.266004085540772,-0.0,-7.029439075267875e-08,0.0,293.1499938964844,293.1499938964844,293.1499938964844,293.1499938964844,293.1499938964844,293.1499938964844,278.1499938964844,0.0,18000.0,313.1499938964844,0.0,18000.0,0.0,0.0,0.0,0.0,0.0,0.0,0.0,0.0,0.0,0.0,-0.0,-0.0,0.0,0.0,0.0,0.0,0.0,-0.0,0.0,0.0,0.0,0.0,0.0,0.0,0.0,0.0,0.0,4.0,0.0,0.0
11940060,296.9309997558594,303.1499938964844,285.1499938964844,0.0,-0.0,290.7806396484375,0.0,0.0,9.5362302090507e-05,297.0407409667969,303.1499938964844,285.1499938964844,0.0,-0.0,290.7806701660156,0.0,0.0,0.0001004211007966,297.0672607421875,303.1499938964844,285.1499938964844,0.0,-0.0,290.78076171875,0.0,0.0,7.417068263748661e-05,296.97137451171875,303.1499938964844,285.1499938964844,0.0,-0.0,290.780517578125,0.0,0.0,0.0001004211007966,297.339111328125,303.1499938964844,285.1499938964844,0.0,-0.0,290.7816467285156,0.0,0.0,0.0004763544420711,290.7221984863281,294.1499938964844,284.1864624023437,284.1864624023437,283.6335144042969,284.1324462890625,290.28125,0.0,0.0,0.0,0.0,1.0,1.0,-0.0010160794481635,7.74430031214024e-09,0.0010160716483369,-0.0193402636796236,0.0,0.0,0.0,-0.0086519969627261,60.0,-4.256937503814697,-0.0,-7.039065508251954e-08,0.0,293.1499938964844,293.1499938964844,293.1499938964844,293.1499938964844,293.1499938964844,293.1499938964844,278.1499938964844,0.0,18000.0,313.1499938964844,0.0,18000.0,0.0,0.0,0.0,0.0,0.0,0.0,0.0,0.0,0.0,0.0,-0.0,-0.0,0.0,0.0,0.0,0.0,0.0,-0.0,0.0,0.0,0.0,0.0,0.0,0.0,0.0,0.0,0.0,4.0,0.0,0.0
11940120,296.9309997558594,303.1499938964844,285.1499938964844,0.0,-0.0,290.7806396484375,0.0,0.0,9.5362302090507e-05,297.0407409667969,303.1499938964844,285.1499938964844,0.0,-0.0,290.7806701660156,0.0,0.0,0.0001004211007966,297.0672607421875,303.1499938964844,285.1499938964844,0.0,-0.0,290.78076171875,0.0,0.0,7.417068263748661e-05,296.97137451171875,303.1499938964844,285.1499938964844,0.0,-0.0,290.780517578125,0.0,0.0,0.0001004211007966,297.339111328125,303.1499938964844,285.1499938964844,0.0,-0.0,290.7816467285156,0.0,0.0,0.0004763544420711,290.7221984863281,294.1499938964844,284.1864624023437,284.1864624023437,283.6335144042969,284.1324462890625,290.28125,0.0,0.0,0.0,0.0,1.0,1.0,-0.0010160794481635,7.74430031214024e-09,0.0010160716483369,-0.0193402636796236,0.0,0.0,0.0,-0.0086519969627261,60.0,-4.256937503814697,-0.0,-7.039065508251954e-08,0.0,293.1499938964844,293.1499938964844,293.1499938964844,293.1499938964844,293.1499938964844,293.1499938964844,278.1499938964844,0.0,18000.0,313.1499938964844,0.0,18000.0,0.0,0.0,0.0,0.0,0.0,0.0,0.0,0.0,0.0,0.0,-0.0,-0.0,0.0,0.0,0.0,0.0,0.0,-0.0,0.0,0.0,0.0,0.0,0.0,0.0,0.0,0.0,0.0,4.0,0.0,0.0
11940180,296.9289245605469,303.1499938964844,285.1499938964844,0.0,-0.0,290.7773742675781,0.0,0.0,9.54216520767659e-05,297.0393371582031,303.1499938964844,285.1499938964844,0.0,-0.0,290.7773742675781,0.0,0.0,0.0001004836012725,297.0658264160156,303.1499938964844,285.1499938964844,0.0,-0.0,290.7774963378906,0.0,0.0,7.42168485885486e-05,296.9681091308594,303.1499938964844,285.1499938964844,0.0,-0.0,290.7772216796875,0.0,0.0,0.0001004836012725,297.33770751953125,303.1499938964844,285.1499938964844,0.0,-0.0,290.7783508300781,0.0,0.0,0.000476650922792,290.71856689453125,294.1499938964844,284.1990966796875,284.1990966796875,283.6435852050781,284.1492919921875,290.2782287597656,0.0,0.0,0.0,0.0,1.0,1.0,-0.0010167118161916,7.818239389223436e-09,0.0010167038999497,-0.0195339098572731,0.0,0.0,0.0,-0.0086886519566178,60.0,-4.24838399887085,-0.0,-7.047828631812082e-08,0.0,293.1499938964844,293.1499938964844,293.1499938964844,293.1499938964844,293.1499938964844,293.1499938964844,278.1499938964844,0.0,18000.0,313.1499938964844,0.0,18000.0,0.0,0.0,0.0,0.0,0.0,0.0,0.0,0.0,0.0,0.0,-0.0,-0.0,0.0,0.0,0.0,0.0,0.0,-0.0,0.0,0.0,0.0,0.0,0.0,0.0,0.0,0.0,0.0,4.0,0.0,0.0
11940240,296.9289245605469,303.1499938964844,285.1499938964844,0.0,-0.0,290.7773742675781,0.0,0.0,9.54216520767659e-05,297.0393371582031,303.1499938964844,285.1499938964844,0.0,-0.0,290.7773742675781,0.0,0.0,0.0001004836012725,297.0658264160156,303.1499938964844,285.1499938964844,0.0,-0.0,290.7774963378906,0.0,0.0,7.42168485885486e-05,296.9681091308594,303.1499938964844,285.1499938964844,0.0,-0.0,290.7772216796875,0.0,0.0,0.0001004836012725,297.33770751953125,303.1499938964844,285.1499938964844,0.0,-0.0,290.7783508300781,0.0,0.0,0.000476650922792,290.71856689453125,294.1499938964844,284.1990966796875,284.1990966796875,283.6435852050781,284.1492919921875,290.2782287597656,0.0,0.0,0.0,0.0,1.0,1.0,-0.0010167118161916,7.818239389223436e-09,0.0010167038999497,-0.0195339098572731,0.0,0.0,0.0,-0.0086886519566178,60.0,-4.24838399887085,-0.0,-7.047828631812082e-08,0.0,293.1499938964844,293.1499938964844,293.1499938964844,293.1499938964844,293.1499938964844,293.1499938964844,278.1499938964844,0.0,18000.0,313.1499938964844,0.0,18000.0,0.0,0.0,0.0,0.0,0.0,0.0,0.0,0.0,0.0,0.0,-0.0,-0.0,0.0,0.0,0.0,0.0,0.0,-0.0,0.0,0.0,0.0,0.0,0.0,0.0,0.0,0.0,0.0,4.0,0.0,0.0
11940300,296.92791748046875,303.1499938964844,285.1499938964844,0.0,-0.0,290.7757263183594,0.0,0.0,9.544937347527592e-05,297.0386962890625,303.1499938964844,285.1499938964844,0.0,-0.0,290.7757263183594,0.0,0.0,0.0001005127851385,297.0651550292969,303.1499938964844,285.1499938964844,0.0,-0.0,290.7758483886719,0.0,0.0,7.423840725095943e-05,296.9664611816406,303.1499938964844,285.1499938964844,0.0,-0.0,290.7756042480469,0.0,0.0,0.0001005127924145,297.3370056152344,303.1499938964844,285.1499938964844,0.0,-0.0,290.7767028808594,0.0,0.0,0.0004767893697135,290.7167663574219,294.1499938964844,284.2049560546875,284.2049560546875,283.6486511230469,284.1572265625,290.2767028808594,0.0,0.0,0.0,0.0,1.0,1.0,-0.0010170070454478,7.852769989824537e-09,0.0010169992456212,-0.0196243431419134,0.0,0.0,0.0,-0.0087057696655392,60.0,-4.244323253631592,-0.0,-7.051923489598266e-08,0.0,293.1499938964844,293.1499938964844,293.1499938964844,293.1499938964844,293.1499938964844,293.1499938964844,278.1499938964844,0.0,18000.0,313.1499938964844,0.0,18000.0,0.0,0.0,0.0,0.0,0.0,0.0,0.0,0.0,0.0,0.0,-0.0,-0.0,0.0,0.0,0.0,0.0,0.0,-0.0,0.0,0.0,0.0,0.0,0.0,0.0,0.0,0.0,0.0,4.0,0.0,0.0
11940360,296.92694091796875,303.1499938964844,285.1499938964844,0.0,-0.0,290.7740783691406,0.0,0.0,9.54754141275771e-05,297.0380249023437,303.1499938964844,285.1499938964844,0.0,-0.0,290.7740783691406,0.0,0.0,0.0001005402082228,297.0644836425781,303.1499938964844,285.1499938964844,0.0,-0.0,290.7742004394531,0.0,0.0,7.42586562409997e-05,296.96484375,303.1499938964844,285.1499938964844,0.0,-0.0,290.7739562988281,0.0,0.0,0.0001005402082228,297.3363342285156,303.1499938964844,285.1499938964844,0.0,-0.0,290.7750549316406,0.0,0.0,0.0004769194638356,290.7149658203125,294.1499938964844,284.21051025390625,284.21051025390625,283.6536865234375,284.16485595703125,290.2751770019531,0.0,0.0,0.0,0.0,1.0,1.0,-0.0010172844631597,7.885208930247245e-09,0.0010172766633331,-0.0197093021124601,0.0,0.0,0.0,-0.0087218517437577,60.0,-4.240405082702637,-0.0,-7.055771078512407e-08,0.0,293.1499938964844,293.1499938964844,293.1499938964844,293.1499938964844,293.1499938964844,293.1499938964844,278.1499938964844,0.0,18000.0,313.1499938964844,0.0,18000.0,0.0,0.0,0.0,0.0,0.0,0.0,0.0,0.0,0.0,0.0,-0.0,-0.0,0.0,0.0,0.0,0.0,0.0,-0.0,0.0,0.0,0.0,0.0,0.0,0.0,0.0,0.0,0.0,4.0,0.0,0.0
11940420,296.925048828125,303.1499938964844,285.1499938964844,0.0,-0.0,290.7707824707031,0.0,0.0,9.552251867717132e-05,297.03680419921875,303.1499938964844,285.1499938964844,0.0,-0.0,290.7707824707031,0.0,0.0,0.0001005898157018,297.0632019042969,303.1499938964844,285.1499938964844,0.0,-0.0,290.7709045410156,0.0,0.0,7.429529796354473e-05,296.9615478515625,303.1499938964844,285.1499938964844,0.0,-0.0,290.7706604003906,0.0,0.0,0.0001005898157018,297.33502197265625,303.1499938964844,285.1499938964844,0.0,-0.0,290.7717590332031,0.0,0.0,0.0004771547683048,290.7113342285156,294.1499938964844,284.2205810546875,284.2205810546875,283.663818359375,284.1790771484375,290.27215576171875,0.0,0.0,0.0,0.0,1.0,1.0,-0.0010177863296121,7.943892654793672e-09,0.0010177784133702,-0.0198629908263683,0.0,0.0,0.0,-0.0087509434670209,60.0,-4.233047962188721,-0.0,-7.062735107865592e-08,0.0,293.1499938964844,293.1499938964844,293.1499938964844,293.1499938964844,293.1499938964844,293.1499938964844,278.1499938964844,0.0,18000.0,313.1499938964844,0.0,18000.0,0.0,0.0,0.0,0.0,0.0,0.0,0.0,0.0,0.0,0.0,-0.0,-0.0,0.0,0.0,0.0,0.0,0.0,-0.0,0.0,0.0,0.0,0.0,0.0,0.0,0.0,0.0,0.0,4.0,0.0,0.0
11940480,296.925048828125,303.1499938964844,285.1499938964844,0.0,-0.0,290.7707824707031,0.0,0.0,9.552251867717132e-05,297.03680419921875,303.1499938964844,285.1499938964844,0.0,-0.0,290.7707824707031,0.0,0.0,0.0001005898157018,297.0632019042969,303.1499938964844,285.1499938964844,0.0,-0.0,290.7709045410156,0.0,0.0,7.429529796354473e-05,296.9615478515625,303.1499938964844,285.1499938964844,0.0,-0.0,290.7706604003906,0.0,0.0,0.0001005898157018,297.33502197265625,303.1499938964844,285.1499938964844,0.0,-0.0,290.7717590332031,0.0,0.0,0.0004771547683048,290.7113342285156,294.1499938964844,284.2205810546875,284.2205810546875,283.663818359375,284.1790771484375,290.27215576171875,0.0,0.0,0.0,0.0,1.0,1.0,-0.0010177863296121,7.943892654793672e-09,0.0010177784133702,-0.0198629908263683,0.0,0.0,0.0,-0.0087509434670209,60.0,-4.233047962188721,-0.0,-7.062735107865592e-08,0.0,293.1499938964844,293.1499938964844,293.1499938964844,293.1499938964844,293.1499938964844,293.1499938964844,278.1499938964844,0.0,18000.0,313.1499938964844,0.0,18000.0,0.0,0.0,0.0,0.0,0.0,0.0,0.0,0.0,0.0,0.0,-0.0,-0.0,0.0,0.0,0.0,0.0,0.0,-0.0,0.0,0.0,0.0,0.0,0.0,0.0,0.0,0.0,0.0,4.0,0.0,0.0
11940540,296.9232482910156,303.1499938964844,285.1499938964844,0.0,-0.0,290.7674865722656,0.0,0.0,9.556389704812318e-05,297.0356140136719,303.1499938964844,285.1499938964844,0.0,-0.0,290.7674865722656,0.0,0.0,0.0001006333914119,297.0619812011719,303.1499938964844,285.1499938964844,0.0,-0.0,290.7676086425781,0.0,0.0,7.432747952407226e-05,296.9582824707031,303.1499938964844,285.1499938964844,0.0,-0.0,290.7673645019531,0.0,0.0,0.0001006333914119,297.3337097167969,303.1499938964844,285.1499938964844,0.0,-0.0,290.7684326171875,0.0,0.0,0.0004773614637088,290.70770263671875,294.1499938964844,284.22930908203125,284.22930908203125,283.6739501953125,284.1920471191406,290.2691345214844,0.0,0.0,0.0,0.0,1.0,1.0,-0.0010182271944358,7.995437201202549e-09,0.0010182191617786,-0.0199979823082685,0.0,0.0,0.0,-0.0087764970958232,60.0,-4.226284027099609,-0.0,-7.068853591363222e-08,0.0,293.1499938964844,293.1499938964844,293.1499938964844,293.1499938964844,293.1499938964844,293.1499938964844,278.1499938964844,0.0,18000.0,313.1499938964844,0.0,18000.0,0.0,0.0,0.0,0.0,0.0,0.0,0.0,0.0,0.0,0.0,-0.0,-0.0,0.0,0.0,0.0,0.0,0.0,-0.0,0.0,0.0,0.0,0.0,0.0,0.0,0.0,0.0,0.0,4.0,0.0,0.0
11940600,296.9232482910156,303.1499938964844,285.1499938964844,0.0,-0.0,290.7674865722656,0.0,0.0,9.556389704812318e-05,297.0356140136719,303.1499938964844,285.1499938964844,0.0,-0.0,290.7674865722656,0.0,0.0,0.0001006333914119,297.0619812011719,303.1499938964844,285.1499938964844,0.0,-0.0,290.7676086425781,0.0,0.0,7.432747952407226e-05,296.9582824707031,303.1499938964844,285.1499938964844,0.0,-0.0,290.7673645019531,0.0,0.0,0.0001006333914119,297.3337097167969,303.1499938964844,285.1499938964844,0.0,-0.0,290.7684326171875,0.0,0.0,0.0004773614637088,290.70770263671875,294.1499938964844,284.22930908203125,284.22930908203125,283.6739501953125,284.1920471191406,290.2691345214844,0.0,0.0,0.0,0.0,1.0,1.0,-0.0010182271944358,7.995437201202549e-09,0.0010182191617786,-0.0199979823082685,0.0,0.0,0.0,-0.0087764970958232,60.0,-4.226284027099609,-0.0,-7.068853591363222e-08,0.0,293.1499938964844,293.1499938964844,293.1499938964844,293.1499938964844,293.1499938964844,293.1499938964844,278.1499938964844,0.0,18000.0,313.1499938964844,0.0,18000.0,0.0,0.0,0.0,0.0,0.0,0.0,0.0,0.0,0.0,0.0,-0.0,-0.0,0.0,0.0,0.0,0.0,0.0,-0.0,0.0,0.0,0.0,0.0,0.0,0.0,0.0,0.0,0.0,4.0,0.0,0.0
11940660,296.9216003417969,303.1499938964844,285.1499938964844,0.0,-0.0,290.76416015625,0.0,0.0,9.559847239870578e-05,297.0345153808594,303.1499938964844,285.1499938964844,0.0,-0.0,290.7641906738281,0.0,0.0,0.0001006698003038,297.0608215332031,303.1499938964844,285.1499938964844,0.0,-0.0,290.7642822265625,0.0,0.0,7.435437146341428e-05,296.955078125,303.1499938964844,285.1499938964844,0.0,-0.0,290.7640380859375,0.0,0.0,0.0001006698003038,297.3324584960937,303.1499938964844,285.1499938964844,0.0,-0.0,290.7651062011719,0.0,0.0,0.0004775341658387,290.7040710449219,294.1499938964844,284.236572265625,284.236572265625,283.6840209960937,284.20361328125,290.2660827636719,0.0,0.0,0.0,0.0,1.0,1.0,-0.0010185955325141,8.038507637309067e-09,0.0010185874998569,-0.0201107803732156,0.0,0.0,0.0,-0.0087978485971689,60.0,-4.220235347747803,-0.0,-7.073968788517959e-08,0.0,293.1499938964844,293.1499938964844,293.1499938964844,293.1499938964844,293.1499938964844,293.1499938964844,278.1499938964844,0.0,18000.0,313.1499938964844,0.0,18000.0,0.0,0.0,0.0,0.0,0.0,0.0,0.0,0.0,0.0,0.0,-0.0,-0.0,0.0,0.0,0.0,0.0,0.0,-0.0,0.0,0.0,0.0,0.0,0.0,0.0,0.0,0.0,0.0,4.0,0.0,0.0
11940720,296.9216003417969,303.1499938964844,285.1499938964844,0.0,-0.0,290.76416015625,0.0,0.0,9.559847239870578e-05,297.0345153808594,303.1499938964844,285.1499938964844,0.0,-0.0,290.7641906738281,0.0,0.0,0.0001006698003038,297.0608215332031,303.1499938964844,285.1499938964844,0.0,-0.0,290.7642822265625,0.0,0.0,7.435437146341428e-05,296.955078125,303.1499938964844,285.1499938964844,0.0,-0.0,290.7640380859375,0.0,0.0,0.0001006698003038,297.3324584960937,303.1499938964844,285.1499938964844,0.0,-0.0,290.7651062011719,0.0,0.0,0.0004775341658387,290.7040710449219,294.1499938964844,284.236572265625,284.236572265625,283.6840209960937,284.20361328125,290.2660827636719,0.0,0.0,0.0,0.0,1.0,1.0,-0.0010185955325141,8.038507637309067e-09,0.0010185874998569,-0.0201107803732156,0.0,0.0,0.0,-0.0087978485971689,60.0,-4.220235347747803,-0.0,-7.073968788517959e-08,0.0,293.1499938964844,293.1499938964844,293.1499938964844,293.1499938964844,293.1499938964844,293.1499938964844,278.1499938964844,0.0,18000.0,313.1499938964844,0.0,18000.0,0.0,0.0,0.0,0.0,0.0,0.0,0.0,0.0,0.0,0.0,-0.0,-0.0,0.0,0.0,0.0,0.0,0.0,-0.0,0.0,0.0,0.0,0.0,0.0,0.0,0.0,0.0,0.0,4.0,0.0,0.0
11940780,296.92022705078125,303.1499938964844,285.1499938964844,0.0,-0.0,290.7612609863281,0.0,0.0,9.562384366290644e-05,297.0335998535156,303.1499938964844,285.1499938964844,0.0,-0.0,290.7612609863281,0.0,0.0,0.0001006965176202,297.05987548828125,303.1499938964844,285.1499938964844,0.0,-0.0,290.7613830566406,0.0,0.0,7.437410386046395e-05,296.9522705078125,303.1499938964844,285.1499938964844,0.0,-0.0,290.7611389160156,0.0,0.0,0.0001006965176202,297.33135986328125,303.1499938964844,285.1499938964844,0.0,-0.0,290.76220703125,0.0,0.0,0.0004776609130203,290.70086669921875,294.1499938964844,284.2417297363281,284.2417297363281,283.6928100585937,284.2126159667969,290.263427734375,0.0,0.0,0.0,0.0,1.0,1.0,-0.0010188658488914,8.070109913660417e-09,0.0010188576998189,-0.0201935414224863,0.0,0.0,0.0,-0.0088135153055191,60.0,-4.215517520904541,-0.0,-7.077723296333718e-08,0.0,293.1499938964844,293.1499938964844,293.1499938964844,293.1499938964844,293.1499938964844,293.1499938964844,278.1499938964844,0.0,18000.0,313.1499938964844,0.0,18000.0,0.0,0.0,0.0,0.0,0.0,0.0,0.0,0.0,0.0,0.0,-0.0,-0.0,0.0,0.0,0.0,0.0,0.0,-0.0,0.0,0.0,0.0,0.0,0.0,0.0,0.0,0.0,0.0,4.0,0.0,0.0
11940840,296.9200744628906,303.1499938964844,285.1499938964844,0.0,-0.0,290.7608642578125,0.0,0.0,9.562704508425668e-05,297.0334777832031,303.1499938964844,285.1499938964844,0.0,-0.0,290.7608642578125,0.0,0.0,0.0001006998863886,297.0597229003906,303.1499938964844,285.1499938964844,0.0,-0.0,290.760986328125,0.0,0.0,7.4376592237968e-05,296.9518737792969,303.1499938964844,285.1499938964844,0.0,-0.0,290.7607421875,0.0,0.0,0.0001006998863886,297.3312072753906,303.1499938964844,285.1499938964844,0.0,-0.0,290.76177978515625,0.0,0.0,0.0004776768910232,290.700439453125,294.1499938964844,284.2423400878906,284.2423400878906,283.69403076171875,284.2137756347656,290.2630615234375,0.0,0.0,0.0,0.0,1.0,1.0,-0.0010188999585807,8.074100499300131e-09,0.0010188919259235,-0.0202039945870637,0.0,0.0,0.0,-0.0088154934346675,60.0,-4.214900970458984,-0.0,-7.07819722833847e-08,0.0,293.1499938964844,293.1499938964844,293.1499938964844,293.1499938964844,293.1499938964844,293.1499938964844,278.1499938964844,0.0,18000.0,313.1499938964844,0.0,18000.0,0.0,0.0,0.0,0.0,0.0,0.0,0.0,0.0,0.0,0.0,-0.0,-0.0,0.0,0.0,0.0,0.0,0.0,-0.0,0.0,0.0,0.0,0.0,0.0,0.0,0.0,0.0,0.0,4.0,0.0,0.0
11940900,296.9193725585937,303.1499938964844,285.1499938964844,0.0,-0.0,290.7592163085937,0.0,0.0,9.563873027218506e-05,297.0329895019531,303.1499938964844,285.1499938964844,0.0,-0.0,290.7592163085937,0.0,0.0,0.0001007121900329,297.0592346191406,303.1499938964844,285.1499938964844,0.0,-0.0,290.7593078613281,0.0,0.0,7.438567990902811e-05,296.9502868652344,303.1499938964844,285.1499938964844,0.0,-0.0,290.75909423828125,0.0,0.0,0.0001007121900329,297.33062744140625,303.1499938964844,285.1499938964844,0.0,-0.0,290.7601318359375,0.0,0.0,0.0004777352442033,290.6986083984375,294.1499938964844,284.2446594238281,284.2446594238281,283.698974609375,284.2182922363281,290.26153564453125,0.0,0.0,0.0,0.0,1.0,1.0,-0.0010190244065597,8.088651526350077e-09,0.0010190162574872,-0.0202421005815267,0.0,0.0,0.0,-0.0088227074593305,60.0,-4.212536811828613,-0.0,-7.079926689357309e-08,0.0,293.1499938964844,293.1499938964844,293.1499938964844,293.1499938964844,293.1499938964844,293.1499938964844,278.1499938964844,0.0,18000.0,313.1499938964844,0.0,18000.0,0.0,0.0,0.0,0.0,0.0,0.0,0.0,0.0,0.0,0.0,-0.0,-0.0,0.0,0.0,0.0,0.0,0.0,-0.0,0.0,0.0,0.0,0.0,0.0,0.0,0.0,0.0,0.0,4.0,0.0,0.0
11940960,296.918701171875,303.1499938964844,285.1499938964844,0.0,-0.0,290.7575378417969,0.0,0.0,9.564883657731116e-05,297.0325012207031,303.1499938964844,285.1499938964844,0.0,-0.0,290.757568359375,0.0,0.0,0.0001007228347589,297.0587158203125,303.1499938964844,285.1499938964844,0.0,-0.0,290.7576599121094,0.0,0.0,7.439354521920905e-05,296.94873046875,303.1499938964844,285.1499938964844,0.0,-0.0,290.7574157714844,0.0,0.0,0.0001007228347589,297.3300476074219,303.1499938964844,285.1499938964844,0.0,-0.0,290.7584533691406,0.0,0.0,0.000477785768453,290.6968078613281,294.1499938964844,284.2465515136719,284.2465515136719,283.70391845703125,284.222412109375,290.260009765625,0.0,0.0,0.0,0.0,1.0,1.0,-0.0010191320907324,8.101244119984585e-09,0.0010191240580752,-0.0202750787138938,0.0,0.0,0.0,-0.0088289501145482,60.0,-4.210372924804688,-0.0,-7.081423092358818e-08,0.0,293.1499938964844,293.1499938964844,293.1499938964844,293.1499938964844,293.1499938964844,293.1499938964844,278.1499938964844,0.0,18000.0,313.1499938964844,0.0,18000.0,0.0,0.0,0.0,0.0,0.0,0.0,0.0,0.0,0.0,0.0,-0.0,-0.0,0.0,0.0,0.0,0.0,0.0,-0.0,0.0,0.0,0.0,0.0,0.0,0.0,0.0,0.0,0.0,4.0,0.0,0.0
11941020,296.91748046875,303.1499938964844,285.1499938964844,0.0,-0.0,290.75421142578125,0.0,0.0,9.566397056914866e-05,297.0315856933594,303.1499938964844,285.1499938964844,0.0,-0.0,290.7542419433594,0.0,0.0,0.0001007387691061,297.0577697753906,303.1499938964844,285.1499938964844,0.0,-0.0,290.7543334960937,0.0,0.0,7.440531044267118e-05,296.9456787109375,303.1499938964844,285.1499938964844,0.0,-0.0,290.7541198730469,0.0,0.0,0.0001007387691061,297.3288879394531,303.1499938964844,285.1499938964844,0.0,-0.0,290.755126953125,0.0,0.0,0.0004778613511007,290.69317626953125,294.1499938964844,284.2491149902344,284.2491149902344,283.7137145996094,284.22955322265625,290.2569580078125,0.0,0.0,0.0,0.0,1.0,1.0,-0.0010192933259531,8.120086825158523e-09,0.0010192851768806,-0.0203244276344776,0.0,0.0,0.0,-0.0088382912799716,60.0,-4.206661224365234,-0.0,-7.083662723061934e-08,0.0,293.1499938964844,293.1499938964844,293.1499938964844,293.1499938964844,293.1499938964844,293.1499938964844,278.1499938964844,0.0,18000.0,313.1499938964844,0.0,18000.0,0.0,0.0,0.0,0.0,0.0,0.0,0.0,0.0,0.0,0.0,-0.0,-0.0,0.0,0.0,0.0,0.0,0.0,-0.0,0.0,0.0,0.0,0.0,0.0,0.0,0.0,0.0,0.0,4.0,0.0,0.0
11941080,296.91748046875,303.1499938964844,285.1499938964844,0.0,-0.0,290.75421142578125,0.0,0.0,9.566397056914866e-05,297.0315856933594,303.1499938964844,285.1499938964844,0.0,-0.0,290.7542419433594,0.0,0.0,0.0001007387691061,297.0577697753906,303.1499938964844,285.1499938964844,0.0,-0.0,290.7543334960937,0.0,0.0,7.440531044267118e-05,296.9456787109375,303.1499938964844,285.1499938964844,0.0,-0.0,290.7541198730469,0.0,0.0,0.0001007387691061,297.3288879394531,303.1499938964844,285.1499938964844,0.0,-0.0,290.755126953125,0.0,0.0,0.0004778613511007,290.69317626953125,294.1499938964844,284.2491149902344,284.2491149902344,283.7137145996094,284.22955322265625,290.2569580078125,0.0,0.0,0.0,0.0,1.0,1.0,-0.0010192933259531,8.120086825158523e-09,0.0010192851768806,-0.0203244276344776,0.0,0.0,0.0,-0.0088382912799716,60.0,-4.206661224365234,-0.0,-7.083662723061934e-08,0.0,293.1499938964844,293.1499938964844,293.1499938964844,293.1499938964844,293.1499938964844,293.1499938964844,278.1499938964844,0.0,18000.0,313.1499938964844,0.0,18000.0,0.0,0.0,0.0,0.0,0.0,0.0,0.0,0.0,0.0,0.0,-0.0,-0.0,0.0,0.0,0.0,0.0,0.0,-0.0,0.0,0.0,0.0,0.0,0.0,0.0,0.0,0.0,0.0,4.0,0.0,0.0
11941140,296.9164733886719,303.1499938964844,285.1499938964844,0.0,-0.0,290.7509155273437,0.0,0.0,9.567323286319152e-05,297.03076171875,303.1499938964844,285.1499938964844,0.0,-0.0,290.7509155273437,0.0,0.0,0.0001007485188893,297.0569152832031,303.1499938964844,285.1499938964844,0.0,-0.0,290.7510070800781,0.0,0.0,7.441251364070922e-05,296.94268798828125,303.1499938964844,285.1499938964844,0.0,-0.0,290.75079345703125,0.0,0.0,0.0001007485261652,297.3277893066406,303.1499938964844,285.1499938964844,0.0,-0.0,290.7518005371094,0.0,0.0,0.0004779075970873,290.6895446777344,294.1499938964844,284.25,284.25,283.7233581542969,284.2351379394531,290.2539367675781,0.0,0.0,0.0,0.0,1.0,1.0,-0.0010193919297307,8.131618933759912e-09,0.0010193837806582,-0.020354626700282,0.0,0.0,0.0,-0.0088440077379345,60.0,-4.20380973815918,-0.0,-7.085033359999215e-08,0.0,293.1499938964844,293.1499938964844,293.1499938964844,293.1499938964844,293.1499938964844,293.1499938964844,278.1499938964844,0.0,18000.0,313.1499938964844,0.0,18000.0,0.0,0.0,0.0,0.0,0.0,0.0,0.0,0.0,0.0,0.0,-0.0,-0.0,0.0,0.0,0.0,0.0,0.0,-0.0,0.0,0.0,0.0,0.0,0.0,0.0,0.0,0.0,0.0,4.0,0.0,0.0
11941200,296.9164733886719,303.1499938964844,285.1499938964844,0.0,-0.0,290.7509155273437,0.0,0.0,9.567323286319152e-05,297.03076171875,303.1499938964844,285.1499938964844,0.0,-0.0,290.7509155273437,0.0,0.0,0.0001007485188893,297.0569152832031,303.1499938964844,285.1499938964844,0.0,-0.0,290.7510070800781,0.0,0.0,7.441251364070922e-05,296.94268798828125,303.1499938964844,285.1499938964844,0.0,-0.0,290.75079345703125,0.0,0.0,0.0001007485261652,297.3277893066406,303.1499938964844,285.1499938964844,0.0,-0.0,290.7518005371094,0.0,0.0,0.0004779075970873,290.6895446777344,294.1499938964844,284.25,284.25,283.7233581542969,284.2351379394531,290.2539367675781,0.0,0.0,0.0,0.0,1.0,1.0,-0.0010193919297307,8.131618933759912e-09,0.0010193837806582,-0.020354626700282,0.0,0.0,0.0,-0.0088440077379345,60.0,-4.20380973815918,-0.0,-7.085033359999215e-08,0.0,293.1499938964844,293.1499938964844,293.1499938964844,293.1499938964844,293.1499938964844,293.1499938964844,278.1499938964844,0.0,18000.0,313.1499938964844,0.0,18000.0,0.0,0.0,0.0,0.0,0.0,0.0,0.0,0.0,0.0,0.0,-0.0,-0.0,0.0,0.0,0.0,0.0,0.0,-0.0,0.0,0.0,0.0,0.0,0.0,0.0,0.0,0.0,0.0,4.0,0.0,0.0
11941260,296.9156188964844,303.1499938964844,285.1499938964844,0.0,-0.0,290.7475891113281,0.0,0.0,9.567649976816028e-05,297.0299987792969,303.1499938964844,285.1499938964844,0.0,-0.0,290.7475891113281,0.0,0.0,0.0001007519604172,297.0560913085937,303.1499938964844,285.1499938964844,0.0,-0.0,290.7476806640625,0.0,0.0,7.441506022587419e-05,296.93975830078125,303.1499938964844,285.1499938964844,0.0,-0.0,290.7474670410156,0.0,0.0,0.0001007519676932,297.3267517089844,303.1499938964844,285.1499938964844,0.0,-0.0,290.7484741210937,0.0,0.0,0.0004779239243362,290.6859130859375,294.1499938964844,284.25,284.24365234375,283.7328186035156,284.2392578125,290.2508850097656,0.0,0.0,0.0,0.0,1.0,1.0,-0.0010194267379119,8.135683238208458e-09,0.0010194185888394,-0.0203652698546648,0.0,0.0,0.0,-0.008846023119986,60.0,-4.201560497283936,-0.0,-7.085516529059532e-08,0.0,293.1499938964844,293.1499938964844,293.1499938964844,293.1499938964844,293.1499938964844,293.1499938964844,278.1499938964844,0.0,18000.0,313.1499938964844,0.0,18000.0,0.0,0.0,0.0,0.0,0.0,0.0,0.0,0.0,0.0,0.0,-0.0,-0.0,0.0,0.0,0.0,0.0,0.0,-0.0,0.0,0.0,0.0,0.0,0.0,0.0,0.0,0.0,0.0,4.0,0.0,0.0
11941320,296.9156188964844,303.1499938964844,285.1499938964844,0.0,-0.0,290.7475891113281,0.0,0.0,9.567649976816028e-05,297.0299987792969,303.1499938964844,285.1499938964844,0.0,-0.0,290.7475891113281,0.0,0.0,0.0001007519604172,297.0560913085937,303.1499938964844,285.1499938964844,0.0,-0.0,290.7476806640625,0.0,0.0,7.441506022587419e-05,296.93975830078125,303.1499938964844,285.1499938964844,0.0,-0.0,290.7474670410156,0.0,0.0,0.0001007519676932,297.3267517089844,303.1499938964844,285.1499938964844,0.0,-0.0,290.7484741210937,0.0,0.0,0.0004779239243362,290.6859130859375,294.1499938964844,284.25,284.24365234375,283.7328186035156,284.2392578125,290.2508850097656,0.0,0.0,0.0,0.0,1.0,1.0,-0.0010194267379119,8.135683238208458e-09,0.0010194185888394,-0.0203652698546648,0.0,0.0,0.0,-0.008846023119986,60.0,-4.201560497283936,-0.0,-7.085516529059532e-08,0.0,293.1499938964844,293.1499938964844,293.1499938964844,293.1499938964844,293.1499938964844,293.1499938964844,278.1499938964844,0.0,18000.0,313.1499938964844,0.0,18000.0,0.0,0.0,0.0,0.0,0.0,0.0,0.0,0.0,0.0,0.0,-0.0,-0.0,0.0,0.0,0.0,0.0,0.0,-0.0,0.0,0.0,0.0,0.0,0.0,0.0,0.0,0.0,0.0,4.0,0.0,0.0
11941380,296.9149780273437,303.1499938964844,285.1499938964844,0.0,-0.0,290.7442321777344,0.0,0.0,9.567510278429836e-05,297.029296875,303.1499938964844,285.1499938964844,0.0,-0.0,290.7442626953125,0.0,0.0,0.0001007504906738,297.05535888671875,303.1499938964844,285.1499938964844,0.0,-0.0,290.7443542480469,0.0,0.0,7.441396883223206e-05,296.9369506835937,303.1499938964844,285.1499938964844,0.0,-0.0,290.744140625,0.0,0.0,0.0001007504906738,297.32574462890625,303.1499938964844,285.1499938964844,0.0,-0.0,290.7451171875,0.0,0.0,0.0004779169394169,290.6822814941406,294.1499938964844,284.25,284.2362060546875,283.7421264648437,284.24224853515625,290.24786376953125,0.0,0.0,0.0,0.0,1.0,1.0,-0.0010194117203354,8.133932638543229e-09,0.0010194035712629,-0.0203606858849525,0.0,0.0,0.0,-0.0088451551273465,60.0,-4.199392318725586,-0.0,-7.085308340037956e-08,0.0,293.1499938964844,293.1499938964844,293.1499938964844,293.1499938964844,293.1499938964844,293.1499938964844,278.1499938964844,0.0,18000.0,313.1499938964844,0.0,18000.0,0.0,0.0,0.0,0.0,0.0,0.0,0.0,0.0,0.0,0.0,-0.0,-0.0,0.0,0.0,0.0,0.0,0.0,-0.0,0.0,0.0,0.0,0.0,0.0,0.0,0.0,0.0,0.0,4.0,0.0,0.0
11941440,296.9149780273437,303.1499938964844,285.1499938964844,0.0,-0.0,290.7442321777344,0.0,0.0,9.567510278429836e-05,297.029296875,303.1499938964844,285.1499938964844,0.0,-0.0,290.7442626953125,0.0,0.0,0.0001007504906738,297.05535888671875,303.1499938964844,285.1499938964844,0.0,-0.0,290.7443542480469,0.0,0.0,7.441396883223206e-05,296.9369506835937,303.1499938964844,285.1499938964844,0.0,-0.0,290.744140625,0.0,0.0,0.0001007504906738,297.32574462890625,303.1499938964844,285.1499938964844,0.0,-0.0,290.7451171875,0.0,0.0,0.0004779169394169,290.6822814941406,294.1499938964844,284.25,284.2362060546875,283.7421264648437,284.24224853515625,290.24786376953125,0.0,0.0,0.0,0.0,1.0,1.0,-0.0010194117203354,8.133932638543229e-09,0.0010194035712629,-0.0203606858849525,0.0,0.0,0.0,-0.0088451551273465,60.0,-4.199392318725586,-0.0,-7.085308340037956e-08,0.0,293.1499938964844,293.1499938964844,293.1499938964844,293.1499938964844,293.1499938964844,293.1499938964844,278.1499938964844,0.0,18000.0,313.1499938964844,0.0,18000.0,0.0,0.0,0.0,0.0,0.0,0.0,0.0,0.0,0.0,0.0,-0.0,-0.0,0.0,0.0,0.0,0.0,0.0,-0.0,0.0,0.0,0.0,0.0,0.0,0.0,0.0,0.0,0.0,4.0,0.0,0.0
11941500,296.9147033691406,303.1499938964844,285.1499938964844,0.0,-0.0,290.7425842285156,0.0,0.0,9.567264351062477e-05,297.0289611816406,303.1499938964844,285.1499938964844,0.0,-0.0,290.7425842285156,0.0,0.0,0.0001007479004329,297.0550537109375,303.1499938964844,285.1499938964844,0.0,-0.0,290.74267578125,0.0,0.0,7.441206253133714e-05,296.9355773925781,303.1499938964844,285.1499938964844,0.0,-0.0,290.7424621582031,0.0,0.0,0.0001007479077088,297.3252868652344,303.1499938964844,285.1499938964844,0.0,-0.0,290.7434387207031,0.0,0.0,0.0004779046576004,290.6804504394531,294.1499938964844,284.25,284.2320556640625,283.7467346191406,284.243408203125,290.246337890625,0.0,0.0,0.0,0.0,1.0,1.0,-0.001019385526888,8.130868422995263e-09,0.0010193773778155,-0.0203526616096496,0.0,0.0,0.0,-0.0088436361402273,60.0,-4.1982526779174805,-0.0,-7.08494383161451e-08,0.0,293.1499938964844,293.1499938964844,293.1499938964844,293.1499938964844,293.1499938964844,293.1499938964844,278.1499938964844,0.0,18000.0,313.1499938964844,0.0,18000.0,0.0,0.0,0.0,0.0,0.0,0.0,0.0,0.0,0.0,0.0,-0.0,-0.0,0.0,0.0,0.0,0.0,0.0,-0.0,0.0,0.0,0.0,0.0,0.0,0.0,0.0,0.0,0.0,4.0,0.0,0.0
11941560,296.9144897460937,303.1499938964844,285.1499938964844,0.0,-0.0,290.74090576171875,0.0,0.0,9.566905646352096e-05,297.0286560058594,303.1499938964844,285.1499938964844,0.0,-0.0,290.7409362792969,0.0,0.0,0.0001007441314868,297.0547180175781,303.1499938964844,285.1499938964844,0.0,-0.0,290.74102783203125,0.0,0.0,7.44092685636133e-05,296.9342346191406,303.1499938964844,285.1499938964844,0.0,-0.0,290.74078369140625,0.0,0.0,0.0001007441314868,297.3248291015625,303.1499938964844,285.1499938964844,0.0,-0.0,290.7417907714844,0.0,0.0,0.0004778867587447,290.6786499023437,294.1499938964844,284.25,284.2276916503906,283.75128173828125,284.244384765625,290.24481201171875,0.0,0.0,0.0,0.0,1.0,1.0,-0.0010193473426625,8.126399997365752e-09,0.0010193391935899,-0.020340958610177,0.0,0.0,0.0,-0.0088414214551448,60.0,-4.197070121765137,-0.0,-7.084413056190898e-08,0.0,293.1499938964844,293.1499938964844,293.1499938964844,293.1499938964844,293.1499938964844,293.1499938964844,278.1499938964844,0.0,18000.0,313.1499938964844,0.0,18000.0,0.0,0.0,0.0,0.0,0.0,0.0,0.0,0.0,0.0,0.0,-0.0,-0.0,0.0,0.0,0.0,0.0,0.0,-0.0,0.0,0.0,0.0,0.0,0.0,0.0,0.0,0.0,0.0,4.0,0.0,0.0
11941620,296.9140930175781,303.1499938964844,285.1499938964844,0.0,-0.0,290.7375793457031,0.0,0.0,9.565882646711545e-05,297.0281066894531,303.1499938964844,285.1499938964844,0.0,-0.0,290.7375793457031,0.0,0.0,0.0001007333557936,297.0541381835937,303.1499938964844,285.1499938964844,0.0,-0.0,290.7376708984375,0.0,0.0,7.440131594194099e-05,296.9315490722656,303.1499938964844,285.1499938964844,0.0,-0.0,290.7374572753906,0.0,0.0,0.0001007333557936,297.3239440917969,303.1499938964844,285.1499938964844,0.0,-0.0,290.7384338378906,0.0,0.0,0.0004778356524184,290.6750183105469,294.1499938964844,284.25,284.2182312011719,283.76025390625,284.2459716796875,290.2417907714844,0.0,0.0,0.0,0.0,1.0,1.0,-0.0010192382615059,8.113643978902019e-09,0.0010192301124334,-0.0203075520694255,0.0,0.0,0.0,-0.0088350977748632,60.0,-4.194572925567627,-0.0,-7.082896757992786e-08,0.0,293.1499938964844,293.1499938964844,293.1499938964844,293.1499938964844,293.1499938964844,293.1499938964844,278.1499938964844,0.0,18000.0,313.1499938964844,0.0,18000.0,0.0,0.0,0.0,0.0,0.0,0.0,0.0,0.0,0.0,0.0,-0.0,-0.0,0.0,0.0,0.0,0.0,0.0,-0.0,0.0,0.0,0.0,0.0,0.0,0.0,0.0,0.0,0.0,4.0,0.0,0.0
11941680,296.9140930175781,303.1499938964844,285.1499938964844,0.0,-0.0,290.7375793457031,0.0,0.0,9.565882646711545e-05,297.0281066894531,303.1499938964844,285.1499938964844,0.0,-0.0,290.7375793457031,0.0,0.0,0.0001007333557936,297.0541381835937,303.1499938964844,285.1499938964844,0.0,-0.0,290.7376708984375,0.0,0.0,7.440131594194099e-05,296.9315490722656,303.1499938964844,285.1499938964844,0.0,-0.0,290.7374572753906,0.0,0.0,0.0001007333557936,297.3239440917969,303.1499938964844,285.1499938964844,0.0,-0.0,290.7384338378906,0.0,0.0,0.0004778356524184,290.6750183105469,294.1499938964844,284.25,284.2182312011719,283.76025390625,284.2459716796875,290.2417907714844,0.0,0.0,0.0,0.0,1.0,1.0,-0.0010192382615059,8.113643978902019e-09,0.0010192301124334,-0.0203075520694255,0.0,0.0,0.0,-0.0088350977748632,60.0,-4.194572925567627,-0.0,-7.082896757992786e-08,0.0,293.1499938964844,293.1499938964844,293.1499938964844,293.1499938964844,293.1499938964844,293.1499938964844,278.1499938964844,0.0,18000.0,313.1499938964844,0.0,18000.0,0.0,0.0,0.0,0.0,0.0,0.0,0.0,0.0,0.0,0.0,-0.0,-0.0,0.0,0.0,0.0,0.0,0.0,-0.0,0.0,0.0,0.0,0.0,0.0,0.0,0.0,0.0,0.0,4.0,0.0,0.0
11941740,296.91375732421875,303.1499938964844,285.1499938964844,0.0,-0.0,290.7342224121094,0.0,0.0,9.564453648636118e-05,297.0276184082031,303.1499938964844,285.1499938964844,0.0,-0.0,290.7342529296875,0.0,0.0,0.0001007183018373,297.0536499023437,303.1499938964844,285.1499938964844,0.0,-0.0,290.7343444824219,0.0,0.0,7.439019827870652e-05,296.9289245605469,303.1499938964844,285.1499938964844,0.0,-0.0,290.734130859375,0.0,0.0,0.0001007183018373,297.3230895996094,303.1499938964844,285.1499938964844,0.0,-0.0,290.7350769042969,0.0,0.0,0.0004777642607223,290.67138671875,294.1499938964844,284.25,284.2078857421875,283.76904296875,284.2470703125,290.2387390136719,0.0,0.0,0.0,0.0,1.0,1.0,-0.0010190858738496,8.095828007981254e-09,0.0010190778411924,-0.0202608946710824,0.0,0.0,0.0,-0.0088262651115655,60.0,-4.191882133483887,-0.0,-7.08077934064022e-08,0.0,293.1499938964844,293.1499938964844,293.1499938964844,293.1499938964844,293.1499938964844,293.1499938964844,278.1499938964844,0.0,18000.0,313.1499938964844,0.0,18000.0,0.0,0.0,0.0,0.0,0.0,0.0,0.0,0.0,0.0,0.0,-0.0,-0.0,0.0,0.0,0.0,0.0,0.0,-0.0,0.0,0.0,0.0,0.0,0.0,0.0,0.0,0.0,0.0,4.0,0.0,0.0
11941800,296.91375732421875,303.1499938964844,285.1499938964844,0.0,-0.0,290.7342224121094,0.0,0.0,9.564453648636118e-05,297.0276184082031,303.1499938964844,285.1499938964844,0.0,-0.0,290.7342529296875,0.0,0.0,0.0001007183018373,297.0536499023437,303.1499938964844,285.1499938964844,0.0,-0.0,290.7343444824219,0.0,0.0,7.439019827870652e-05,296.9289245605469,303.1499938964844,285.1499938964844,0.0,-0.0,290.734130859375,0.0,0.0,0.0001007183018373,297.3230895996094,303.1499938964844,285.1499938964844,0.0,-0.0,290.7350769042969,0.0,0.0,0.0004777642607223,290.67138671875,294.1499938964844,284.25,284.2078857421875,283.76904296875,284.2470703125,290.2387390136719,0.0,0.0,0.0,0.0,1.0,1.0,-0.0010190858738496,8.095828007981254e-09,0.0010190778411924,-0.0202608946710824,0.0,0.0,0.0,-0.0088262651115655,60.0,-4.191882133483887,-0.0,-7.08077934064022e-08,0.0,293.1499938964844,293.1499938964844,293.1499938964844,293.1499938964844,293.1499938964844,293.1499938964844,278.1499938964844,0.0,18000.0,313.1499938964844,0.0,18000.0,0.0,0.0,0.0,0.0,0.0,0.0,0.0,0.0,0.0,0.0,-0.0,-0.0,0.0,0.0,0.0,0.0,0.0,-0.0,0.0,0.0,0.0,0.0,0.0,0.0,0.0,0.0,0.0,4.0,0.0,0.0
11941860,296.9135131835937,303.1499938964844,285.1499938964844,0.0,-0.0,290.7308959960937,0.0,0.0,9.562685590935872e-05,297.0272216796875,303.1499938964844,285.1499938964844,0.0,-0.0,290.7308959960937,0.0,0.0,0.0001006996899377,297.05322265625,303.1499938964844,285.1499938964844,0.0,-0.0,290.7309875488281,0.0,0.0,7.437644671881571e-05,296.9263610839844,303.1499938964844,285.1499938964844,0.0,-0.0,290.73077392578125,0.0,0.0,0.0001006996899377,297.3222961425781,303.1499938964844,285.1499938964844,0.0,-0.0,290.7317199707031,0.0,0.0,0.0004776759597007,290.66778564453125,294.1499938964844,284.25,284.1967163085937,283.7777099609375,284.24786376953125,290.2357177734375,0.0,0.0,0.0,0.0,1.0,1.0,-0.0010188975138589,8.073800294994271e-09,0.0010188894812017,-0.0202032066881656,0.0,0.0,0.0,-0.0088153453543782,60.0,-4.1890411376953125,-0.0,-7.07816170120168e-08,0.0,293.1499938964844,293.1499938964844,293.1499938964844,293.1499938964844,293.1499938964844,293.1499938964844,278.1499938964844,0.0,18000.0,313.1499938964844,0.0,18000.0,0.0,0.0,0.0,0.0,0.0,0.0,0.0,0.0,0.0,0.0,-0.0,-0.0,0.0,0.0,0.0,0.0,0.0,-0.0,0.0,0.0,0.0,0.0,0.0,0.0,0.0,0.0,0.0,4.0,0.0,0.0
11941920,296.9135131835937,303.1499938964844,285.1499938964844,0.0,-0.0,290.7308959960937,0.0,0.0,9.562685590935872e-05,297.0272216796875,303.1499938964844,285.1499938964844,0.0,-0.0,290.7308959960937,0.0,0.0,0.0001006996899377,297.05322265625,303.1499938964844,285.1499938964844,0.0,-0.0,290.7309875488281,0.0,0.0,7.437644671881571e-05,296.9263610839844,303.1499938964844,285.1499938964844,0.0,-0.0,290.73077392578125,0.0,0.0,0.0001006996899377,297.3222961425781,303.1499938964844,285.1499938964844,0.0,-0.0,290.7317199707031,0.0,0.0,0.0004776759597007,290.66778564453125,294.1499938964844,284.25,284.1967163085937,283.7777099609375,284.24786376953125,290.2357177734375,0.0,0.0,0.0,0.0,1.0,1.0,-0.0010188975138589,8.073800294994271e-09,0.0010188894812017,-0.0202032066881656,0.0,0.0,0.0,-0.0088153453543782,60.0,-4.1890411376953125,-0.0,-7.07816170120168e-08,0.0,293.1499938964844,293.1499938964844,293.1499938964844,293.1499938964844,293.1499938964844,293.1499938964844,278.1499938964844,0.0,18000.0,313.1499938964844,0.0,18000.0,0.0,0.0,0.0,0.0,0.0,0.0,0.0,0.0,0.0,0.0,-0.0,-0.0,0.0,0.0,0.0,0.0,0.0,-0.0,0.0,0.0,0.0,0.0,0.0,0.0,0.0,0.0,0.0,4.0,0.0,0.0
11941980,296.913330078125,303.1499938964844,285.1499938964844,0.0,-0.0,290.7276916503906,0.0,0.0,9.560654143569992e-05,297.02691650390625,303.1499938964844,285.1499938964844,0.0,-0.0,290.7276916503906,0.0,0.0,0.0001006782913464,297.0528869628906,303.1499938964844,285.1499938964844,0.0,-0.0,290.727783203125,0.0,0.0,7.436064333887771e-05,296.9239196777344,303.1499938964844,285.1499938964844,0.0,-0.0,290.7275695800781,0.0,0.0,0.0001006782986223,297.3215637207031,303.1499938964844,285.1499938964844,0.0,-0.0,290.728515625,0.0,0.0,0.0004775744746439,290.664306640625,294.1499938964844,284.25,284.1853332519531,283.7858581542969,284.2484436035156,290.2328186035156,0.0,0.0,0.0,0.0,1.0,1.0,-0.0010186809813603,8.04847921642704e-09,0.0010186729487031,-0.0201368927955627,0.0,0.0,0.0,-0.0088027929887175,60.0,-4.186156272888184,-0.0,-7.075153263258471e-08,0.0,293.1499938964844,293.1499938964844,293.1499938964844,293.1499938964844,293.1499938964844,293.1499938964844,278.1499938964844,0.0,18000.0,313.1499938964844,0.0,18000.0,0.0,0.0,0.0,0.0,0.0,0.0,0.0,0.0,0.0,0.0,-0.0,-0.0,0.0,0.0,0.0,0.0,0.0,-0.0,0.0,0.0,0.0,0.0,0.0,0.0,0.0,0.0,0.0,4.0,0.0,0.0
11942040,296.913330078125,303.1499938964844,285.1499938964844,0.0,-0.0,290.7275695800781,0.0,0.0,9.560563194099814e-05,297.0268859863281,303.1499938964844,285.1499938964844,0.0,-0.0,290.7275695800781,0.0,0.0,0.0001006773381959,297.0528869628906,303.1499938964844,285.1499938964844,0.0,-0.0,290.7276611328125,0.0,0.0,7.435993757098913e-05,296.923828125,303.1499938964844,285.1499938964844,0.0,-0.0,290.7274475097656,0.0,0.0,0.0001006773381959,297.321533203125,303.1499938964844,285.1499938964844,0.0,-0.0,290.7283935546875,0.0,0.0,0.0004775699344463,290.6641540527344,294.1499938964844,284.25,284.1848449707031,283.78619384765625,284.2484436035156,290.2326965332031,0.0,0.0,0.0,0.0,1.0,1.0,-0.0010186713188886,8.047346788941923e-09,0.0010186632862314,-0.0201339293271303,0.0,0.0,0.0,-0.008802231401205,60.0,-4.186033248901367,-0.0,-7.075018970681414e-08,0.0,293.1499938964844,293.1499938964844,293.1499938964844,293.1499938964844,293.1499938964844,293.1499938964844,278.1499938964844,0.0,18000.0,313.1499938964844,0.0,18000.0,0.0,0.0,0.0,0.0,0.0,0.0,0.0,0.0,0.0,0.0,-0.0,-0.0,0.0,0.0,0.0,0.0,0.0,-0.0,0.0,0.0,0.0,0.0,0.0,0.0,0.0,0.0,0.0,4.0,0.0,0.0
11942100,296.91326904296875,303.1499938964844,285.1499938964844,0.0,-0.0,290.72589111328125,0.0,0.0,9.55940195126459e-05,297.0267639160156,303.1499938964844,285.1499938964844,0.0,-0.0,290.72589111328125,0.0,0.0,0.0001006651145871,297.052734375,303.1499938964844,285.1499938964844,0.0,-0.0,290.7259826660156,0.0,0.0,7.435090810758993e-05,296.922607421875,303.1499938964844,285.1499938964844,0.0,-0.0,290.72576904296875,0.0,0.0,0.0001006651145871,297.3211669921875,303.1499938964844,285.1499938964844,0.0,-0.0,290.7267150878906,0.0,0.0,0.0004775119305122,290.662353515625,294.1499938964844,284.25,284.1786804199219,283.7903747558594,284.2486877441406,290.2311706542969,0.0,0.0,0.0,0.0,1.0,1.0,-0.0010185475694015,8.032878362485008e-09,0.0010185395367443,-0.0200960375368595,0.0,0.0,0.0,-0.0087950592860579,60.0,-4.184480667114258,-0.0,-7.07330016780361e-08,0.0,293.1499938964844,293.1499938964844,293.1499938964844,293.1499938964844,293.1499938964844,293.1499938964844,278.1499938964844,0.0,18000.0,313.1499938964844,0.0,18000.0,0.0,0.0,0.0,0.0,0.0,0.0,0.0,0.0,0.0,0.0,-0.0,-0.0,0.0,0.0,0.0,0.0,0.0,-0.0,0.0,0.0,0.0,0.0,0.0,0.0,0.0,0.0,0.0,4.0,0.0,0.0
11942160,296.9132385253906,303.1499938964844,285.1499938964844,0.0,-0.0,290.7242126464844,0.0,0.0,9.55815485212952e-05,297.0266418457031,303.1499938964844,285.1499938964844,0.0,-0.0,290.7242126464844,0.0,0.0,0.0001006519742077,297.0526123046875,303.1499938964844,285.1499938964844,0.0,-0.0,290.72430419921875,0.0,0.0,7.434120198013261e-05,296.92138671875,303.1499938964844,285.1499938964844,0.0,-0.0,290.72412109375,0.0,0.0,0.0001006519742077,297.3208312988281,303.1499938964844,285.1499938964844,0.0,-0.0,290.7250366210937,0.0,0.0,0.0004774496192112,290.6605224609375,294.1499938964844,284.25,284.17236328125,283.79449462890625,284.2488708496094,290.2296447753906,0.0,0.0,0.0,0.0,1.0,1.0,-0.001018414623104,8.017329911069737e-09,0.0010184065904468,-0.020055316388607,0.0,0.0,0.0,-0.0087873507291078,60.0,-4.182893753051758,-0.0,-7.071453467233368e-08,0.0,293.1499938964844,293.1499938964844,293.1499938964844,293.1499938964844,293.1499938964844,293.1499938964844,278.1499938964844,0.0,18000.0,313.1499938964844,0.0,18000.0,0.0,0.0,0.0,0.0,0.0,0.0,0.0,0.0,0.0,0.0,-0.0,-0.0,0.0,0.0,0.0,0.0,0.0,-0.0,0.0,0.0,0.0,0.0,0.0,0.0,0.0,0.0,0.0,4.0,0.0,0.0
11942220,296.91326904296875,303.1499938964844,285.1499938964844,0.0,-0.0,290.7208557128906,0.0,0.0,9.555427823215724e-05,297.0264587402344,303.1499938964844,285.1499938964844,0.0,-0.0,290.72088623046875,0.0,0.0,0.0001006232632789,297.05242919921875,303.1499938964844,285.1499938964844,0.0,-0.0,290.7209777832031,0.0,0.0,7.431999983964488e-05,296.91900634765625,303.1499938964844,285.1499938964844,0.0,-0.0,290.72076416015625,0.0,0.0,0.0001006232632789,297.3201599121094,303.1499938964844,285.1499938964844,0.0,-0.0,290.7216796875,0.0,0.0,0.0004773134132847,290.65692138671875,294.1499938964844,284.25,284.1593017578125,283.8026733398437,284.2491760253906,290.22662353515625,0.0,0.0,0.0,0.0,1.0,1.0,-0.0010181240504607,7.983354421980948e-09,0.0010181161342188,-0.0199663378298282,0.0,0.0,0.0,-0.0087705077603459,60.0,-4.179612636566162,-0.0,-7.067419005579725e-08,0.0,293.1499938964844,293.1499938964844,293.1499938964844,293.1499938964844,293.1499938964844,293.1499938964844,278.1499938964844,0.0,18000.0,313.1499938964844,0.0,18000.0,0.0,0.0,0.0,0.0,0.0,0.0,0.0,0.0,0.0,0.0,-0.0,-0.0,0.0,0.0,0.0,0.0,0.0,-0.0,0.0,0.0,0.0,0.0,0.0,0.0,0.0,0.0,0.0,4.0,0.0,0.0
11942280,296.91326904296875,303.1499938964844,285.1499938964844,0.0,-0.0,290.7208557128906,0.0,0.0,9.555427823215724e-05,297.0264587402344,303.1499938964844,285.1499938964844,0.0,-0.0,290.72088623046875,0.0,0.0,0.0001006232632789,297.05242919921875,303.1499938964844,285.1499938964844,0.0,-0.0,290.7209777832031,0.0,0.0,7.431999983964488e-05,296.91900634765625,303.1499938964844,285.1499938964844,0.0,-0.0,290.72076416015625,0.0,0.0,0.0001006232632789,297.3201599121094,303.1499938964844,285.1499938964844,0.0,-0.0,290.7216796875,0.0,0.0,0.0004773134132847,290.65692138671875,294.1499938964844,284.25,284.1593017578125,283.8026733398437,284.2491760253906,290.22662353515625,0.0,0.0,0.0,0.0,1.0,1.0,-0.0010181240504607,7.983354421980948e-09,0.0010181161342188,-0.0199663378298282,0.0,0.0,0.0,-0.0087705077603459,60.0,-4.179612636566162,-0.0,-7.067419005579725e-08,0.0,293.1499938964844,293.1499938964844,293.1499938964844,293.1499938964844,293.1499938964844,293.1499938964844,278.1499938964844,0.0,18000.0,313.1499938964844,0.0,18000.0,0.0,0.0,0.0,0.0,0.0,0.0,0.0,0.0,0.0,0.0,-0.0,-0.0,0.0,0.0,0.0,0.0,0.0,-0.0,0.0,0.0,0.0,0.0,0.0,0.0,0.0,0.0,0.0,4.0,0.0,0.0
11942340,296.9133605957031,303.1499938964844,285.1499938964844,0.0,-0.0,290.717529296875,0.0,0.0,9.552489791531116e-05,297.0263671875,303.1499938964844,285.1499938964844,0.0,-0.0,290.717529296875,0.0,0.0,0.0001005923186312,297.0522766113281,303.1499938964844,285.1499938964844,0.0,-0.0,290.7176208496094,0.0,0.0,7.429714605677873e-05,296.9166564941406,303.1499938964844,285.1499938964844,0.0,-0.0,290.7174072265625,0.0,0.0,0.0001005923186312,297.31951904296875,303.1499938964844,285.1499938964844,0.0,-0.0,290.71832275390625,0.0,0.0,0.0004771666426677,290.6533203125,294.1499938964844,284.25,284.1457824707031,283.8106994628906,284.2493896484375,290.2236022949219,0.0,0.0,0.0,0.0,1.0,1.0,-0.001017810893245,7.946735713915132e-09,0.0010178029770031,-0.0198704376816749,0.0,0.0,0.0,-0.0087523544207215,60.0,-4.1762309074401855,-0.0,-7.063071905122342e-08,0.0,293.1499938964844,293.1499938964844,293.1499938964844,293.1499938964844,293.1499938964844,293.1499938964844,278.1499938964844,0.0,18000.0,313.1499938964844,0.0,18000.0,0.0,0.0,0.0,0.0,0.0,0.0,0.0,0.0,0.0,0.0,-0.0,-0.0,0.0,0.0,0.0,0.0,0.0,-0.0,0.0,0.0,0.0,0.0,0.0,0.0,0.0,0.0,0.0,4.0,0.0,0.0
11942400,296.9133605957031,303.1499938964844,285.1499938964844,0.0,-0.0,290.717529296875,0.0,0.0,9.552489791531116e-05,297.0263671875,303.1499938964844,285.1499938964844,0.0,-0.0,290.717529296875,0.0,0.0,0.0001005923186312,297.0522766113281,303.1499938964844,285.1499938964844,0.0,-0.0,290.7176208496094,0.0,0.0,7.429714605677873e-05,296.9166564941406,303.1499938964844,285.1499938964844,0.0,-0.0,290.7174072265625,0.0,0.0,0.0001005923186312,297.31951904296875,303.1499938964844,285.1499938964844,0.0,-0.0,290.71832275390625,0.0,0.0,0.0004771666426677,290.6533203125,294.1499938964844,284.25,284.1457824707031,283.8106994628906,284.2493896484375,290.2236022949219,0.0,0.0,0.0,0.0,1.0,1.0,-0.001017810893245,7.946735713915132e-09,0.0010178029770031,-0.0198704376816749,0.0,0.0,0.0,-0.0087523544207215,60.0,-4.1762309074401855,-0.0,-7.063071905122342e-08,0.0,293.1499938964844,293.1499938964844,293.1499938964844,293.1499938964844,293.1499938964844,293.1499938964844,278.1499938964844,0.0,18000.0,313.1499938964844,0.0,18000.0,0.0,0.0,0.0,0.0,0.0,0.0,0.0,0.0,0.0,0.0,-0.0,-0.0,0.0,0.0,0.0,0.0,0.0,-0.0,0.0,0.0,0.0,0.0,0.0,0.0,0.0,0.0,0.0,4.0,0.0,0.0
11942460,296.9135437011719,303.1499938964844,285.1499938964844,0.0,-0.0,290.71417236328125,0.0,0.0,9.549278911435977e-05,297.0263061523437,303.1499938964844,285.1499938964844,0.0,-0.0,290.71417236328125,0.0,0.0,0.0001005585072562,297.05224609375,303.1499938964844,285.1499938964844,0.0,-0.0,290.7142639160156,0.0,0.0,7.427216769428924e-05,296.9144287109375,303.1499938964844,285.1499938964844,0.0,-0.0,290.7140808105469,0.0,0.0,0.0001005585072562,297.3189392089844,303.1499938964844,285.1499938964844,0.0,-0.0,290.7149658203125,0.0,0.0,0.000477006251458,290.6496887207031,294.1499938964844,284.25,284.1318359375,283.8185729980469,284.2495422363281,290.2205810546875,0.0,0.0,0.0,0.0,1.0,1.0,-0.0010174687486141,7.906724164286061e-09,0.0010174608323723,-0.0197656471282243,0.0,0.0,0.0,-0.0087325191125273,60.0,-4.172729015350342,-0.0,-7.058324058561993e-08,0.0,293.1499938964844,293.1499938964844,293.1499938964844,293.1499938964844,293.1499938964844,293.1499938964844,278.1499938964844,0.0,18000.0,313.1499938964844,0.0,18000.0,0.0,0.0,0.0,0.0,0.0,0.0,0.0,0.0,0.0,0.0,-0.0,-0.0,0.0,0.0,0.0,0.0,0.0,-0.0,0.0,0.0,0.0,0.0,0.0,0.0,0.0,0.0,0.0,4.0,0.0,0.0
11942520,296.9135437011719,303.1499938964844,285.1499938964844,0.0,-0.0,290.71417236328125,0.0,0.0,9.549278911435977e-05,297.0263061523437,303.1499938964844,285.1499938964844,0.0,-0.0,290.71417236328125,0.0,0.0,0.0001005585072562,297.05224609375,303.1499938964844,285.1499938964844,0.0,-0.0,290.7142639160156,0.0,0.0,7.427216769428924e-05,296.9144287109375,303.1499938964844,285.1499938964844,0.0,-0.0,290.7140808105469,0.0,0.0,0.0001005585072562,297.3189392089844,303.1499938964844,285.1499938964844,0.0,-0.0,290.7149658203125,0.0,0.0,0.000477006251458,290.6496887207031,294.1499938964844,284.25,284.1318359375,283.8185729980469,284.2495422363281,290.2205810546875,0.0,0.0,0.0,0.0,1.0,1.0,-0.0010174687486141,7.906724164286061e-09,0.0010174608323723,-0.0197656471282243,0.0,0.0,0.0,-0.0087325191125273,60.0,-4.172729015350342,-0.0,-7.058324058561993e-08,0.0,293.1499938964844,293.1499938964844,293.1499938964844,293.1499938964844,293.1499938964844,293.1499938964844,278.1499938964844,0.0,18000.0,313.1499938964844,0.0,18000.0,0.0,0.0,0.0,0.0,0.0,0.0,0.0,0.0,0.0,0.0,-0.0,-0.0,0.0,0.0,0.0,0.0,0.0,-0.0,0.0,0.0,0.0,0.0,0.0,0.0,0.0,0.0,0.0,4.0,0.0,0.0
11942580,296.9138488769531,303.1499938964844,285.1499938964844,0.0,-0.0,290.7108154296875,0.0,0.0,9.54588540480472e-05,297.0263366699219,303.1499938964844,285.1499938964844,0.0,-0.0,290.7108459472656,0.0,0.0,0.0001005227750283,297.05224609375,303.1499938964844,285.1499938964844,0.0,-0.0,290.7109375,0.0,0.0,7.42457777960226e-05,296.9122314453125,303.1499938964844,285.1499938964844,0.0,-0.0,290.7107238769531,0.0,0.0,0.0001005227750283,297.3183898925781,303.1499938964844,285.1499938964844,0.0,-0.0,290.71160888671875,0.0,0.0,0.0004768367507494,290.6460876464844,294.1499938964844,284.25,284.1176147460937,283.8262939453125,284.2496643066406,290.2175598144531,0.0,0.0,0.0,0.0,1.0,1.0,-0.0010171071626245,7.864445095151495e-09,0.001017099362798,-0.0196549203246831,0.0,0.0,0.0,-0.0087115596979856,60.0,-4.1691412925720215,-0.0,-7.053308337390264e-08,0.0,293.1499938964844,293.1499938964844,293.1499938964844,293.1499938964844,293.1499938964844,293.1499938964844,278.1499938964844,0.0,18000.0,313.1499938964844,0.0,18000.0,0.0,0.0,0.0,0.0,0.0,0.0,0.0,0.0,0.0,0.0,-0.0,-0.0,0.0,0.0,0.0,0.0,0.0,-0.0,0.0,0.0,0.0,0.0,0.0,0.0,0.0,0.0,0.0,4.0,0.0,0.0
11942640,296.9138488769531,303.1499938964844,285.1499938964844,0.0,-0.0,290.7108154296875,0.0,0.0,9.54588540480472e-05,297.0263366699219,303.1499938964844,285.1499938964844,0.0,-0.0,290.7108459472656,0.0,0.0,0.0001005227750283,297.05224609375,303.1499938964844,285.1499938964844,0.0,-0.0,290.7109375,0.0,0.0,7.42457777960226e-05,296.9122314453125,303.1499938964844,285.1499938964844,0.0,-0.0,290.7107238769531,0.0,0.0,0.0001005227750283,297.3183898925781,303.1499938964844,285.1499938964844,0.0,-0.0,290.71160888671875,0.0,0.0,0.0004768367507494,290.6460876464844,294.1499938964844,284.25,284.1176147460937,283.8262939453125,284.2496643066406,290.2175598144531,0.0,0.0,0.0,0.0,1.0,1.0,-0.0010171071626245,7.864445095151495e-09,0.001017099362798,-0.0196549203246831,0.0,0.0,0.0,-0.0087115596979856,60.0,-4.1691412925720215,-0.0,-7.053308337390264e-08,0.0,293.1499938964844,293.1499938964844,293.1499938964844,293.1499938964844,293.1499938964844,293.1499938964844,278.1499938964844,0.0,18000.0,313.1499938964844,0.0,18000.0,0.0,0.0,0.0,0.0,0.0,0.0,0.0,0.0,0.0,0.0,-0.0,-0.0,0.0,0.0,0.0,0.0,0.0,-0.0,0.0,0.0,0.0,0.0,0.0,0.0,0.0,0.0,0.0,4.0,0.0,0.0
11942700,296.9140319824219,303.1499938964844,285.1499938964844,0.0,-0.0,290.70916748046875,0.0,0.0,9.544107888359576e-05,297.0263977050781,303.1499938964844,285.1499938964844,0.0,-0.0,290.70916748046875,0.0,0.0,0.0001005040539894,297.0522766113281,303.1499938964844,285.1499938964844,0.0,-0.0,290.7092590332031,0.0,0.0,7.423195347655565e-05,296.9111633300781,303.1499938964844,285.1499938964844,0.0,-0.0,290.70904541015625,0.0,0.0,0.0001005040539894,297.3181457519531,303.1499938964844,285.1499938964844,0.0,-0.0,290.7099304199219,0.0,0.0,0.0004767479549627,290.644287109375,294.1499938964844,284.25,284.11041259765625,283.8301086425781,284.2497253417969,290.2160339355469,0.0,0.0,0.0,0.0,1.0,1.0,-0.0010169177548959,7.842293037185755e-09,0.0010169099550694,-0.0195969063788652,0.0,0.0,0.0,-0.0087005775421857,60.0,-4.167312145233154,-0.0,-7.050681460896159e-08,0.0,293.1499938964844,293.1499938964844,293.1499938964844,293.1499938964844,293.1499938964844,293.1499938964844,278.1499938964844,0.0,18000.0,313.1499938964844,0.0,18000.0,0.0,0.0,0.0,0.0,0.0,0.0,0.0,0.0,0.0,0.0,-0.0,-0.0,0.0,0.0,0.0,0.0,0.0,-0.0,0.0,0.0,0.0,0.0,0.0,0.0,0.0,0.0,0.0,4.0,0.0,0.0
11942760,296.91424560546875,303.1499938964844,285.1499938964844,0.0,-0.0,290.7074890136719,0.0,0.0,9.5422838057857e-05,297.0264587402344,303.1499938964844,285.1499938964844,0.0,-0.0,290.7074890136719,0.0,0.0,0.0001004848527372,297.05230712890625,303.1499938964844,285.1499938964844,0.0,-0.0,290.70758056640625,0.0,0.0,7.421776535920799e-05,296.9101257324219,303.1499938964844,285.1499938964844,0.0,-0.0,290.7073974609375,0.0,0.0,0.0001004848527372,297.31787109375,303.1499938964844,285.1499938964844,0.0,-0.0,290.708251953125,0.0,0.0,0.0004766568599734,290.6424865722656,294.1499938964844,284.25,284.1031799316406,283.8338928222656,284.249755859375,290.21453857421875,0.0,0.0,0.0,0.0,1.0,1.0,-0.0010167233413085,7.819565439604048e-09,0.0010167155414819,-0.0195373818278312,0.0,0.0,0.0,-0.008689310401678,60.0,-4.165462017059326,-0.0,-7.04798637229942e-08,0.0,293.1499938964844,293.1499938964844,293.1499938964844,293.1499938964844,293.1499938964844,293.1499938964844,278.1499938964844,0.0,18000.0,313.1499938964844,0.0,18000.0,0.0,0.0,0.0,0.0,0.0,0.0,0.0,0.0,0.0,0.0,-0.0,-0.0,0.0,0.0,0.0,0.0,0.0,-0.0,0.0,0.0,0.0,0.0,0.0,0.0,0.0,0.0,0.0,4.0,0.0,0.0
11942820,296.91473388671875,303.1499938964844,285.1499938964844,0.0,-0.0,290.7041320800781,0.0,0.0,9.53849230427295e-05,297.0266418457031,303.1499938964844,285.1499938964844,0.0,-0.0,290.7041320800781,0.0,0.0,0.0001004449222818,297.052490234375,303.1499938964844,285.1499938964844,0.0,-0.0,290.7042236328125,0.0,0.0,7.41882759029977e-05,296.9080810546875,303.1499938964844,285.1499938964844,0.0,-0.0,290.7040405273437,0.0,0.0,0.0001004449222818,297.3174133300781,303.1499938964844,285.1499938964844,0.0,-0.0,290.70489501953125,0.0,0.0,0.0004764674522448,290.6388854980469,294.1499938964844,284.25,284.08856201171875,283.8413391113281,284.24981689453125,290.2115173339844,0.0,0.0,0.0,0.0,1.0,1.0,-0.0010163193801417,7.77231790038968e-09,0.0010163115803152,-0.0194136407226324,0.0,0.0,0.0,-0.008665888570249,60.0,-4.161695957183838,-0.0,-7.042385163913424e-08,0.0,293.1499938964844,293.1499938964844,293.1499938964844,293.1499938964844,293.1499938964844,293.1499938964844,278.1499938964844,0.0,18000.0,313.1499938964844,0.0,18000.0,0.0,0.0,0.0,0.0,0.0,0.0,0.0,0.0,0.0,0.0,-0.0,-0.0,0.0,0.0,0.0,0.0,0.0,-0.0,0.0,0.0,0.0,0.0,0.0,0.0,0.0,0.0,0.0,4.0,0.0,0.0
11942880,296.91473388671875,303.1499938964844,285.1499938964844,0.0,-0.0,290.7041320800781,0.0,0.0,9.53849230427295e-05,297.0266418457031,303.1499938964844,285.1499938964844,0.0,-0.0,290.7041320800781,0.0,0.0,0.0001004449222818,297.052490234375,303.1499938964844,285.1499938964844,0.0,-0.0,290.7042236328125,0.0,0.0,7.41882759029977e-05,296.9080810546875,303.1499938964844,285.1499938964844,0.0,-0.0,290.7040405273437,0.0,0.0,0.0001004449222818,297.3174133300781,303.1499938964844,285.1499938964844,0.0,-0.0,290.70489501953125,0.0,0.0,0.0004764674522448,290.6388854980469,294.1499938964844,284.25,284.08856201171875,283.8413391113281,284.24981689453125,290.2115173339844,0.0,0.0,0.0,0.0,1.0,1.0,-0.0010163193801417,7.77231790038968e-09,0.0010163115803152,-0.0194136407226324,0.0,0.0,0.0,-0.008665888570249,60.0,-4.161695957183838,-0.0,-7.042385163913424e-08,0.0,293.1499938964844,293.1499938964844,293.1499938964844,293.1499938964844,293.1499938964844,293.1499938964844,278.1499938964844,0.0,18000.0,313.1499938964844,0.0,18000.0,0.0,0.0,0.0,0.0,0.0,0.0,0.0,0.0,0.0,0.0,-0.0,-0.0,0.0,0.0,0.0,0.0,0.0,-0.0,0.0,0.0,0.0,0.0,0.0,0.0,0.0,0.0,0.0,4.0,0.0,0.0
11942940,296.9153137207031,303.1499938964844,285.1499938964844,0.0,-0.0,290.7007751464844,0.0,0.0,9.534577111480758e-05,297.02685546875,303.1499938964844,285.1499938964844,0.0,-0.0,290.7008056640625,0.0,0.0,0.00010040368943,297.0526733398437,303.1499938964844,285.1499938964844,0.0,-0.0,290.70086669921875,0.0,0.0,7.415782602038234e-05,296.9060974121094,303.1499938964844,285.1499938964844,0.0,-0.0,290.70068359375,0.0,0.0,0.00010040368943,297.3169860839844,303.1499938964844,285.1499938964844,0.0,-0.0,290.7015380859375,0.0,0.0,0.0004762718745041,290.6352844238281,294.1499938964844,284.25,284.07391357421875,283.8486633300781,284.2498779296875,290.20849609375,0.0,0.0,0.0,0.0,1.0,1.0,-0.0010159021476283,7.723528483438713e-09,0.0010158943478018,-0.01928586140275,0.0,0.0,0.0,-0.0086417011916637,60.0,-4.157873153686523,-0.0,-7.03660418821528e-08,0.0,293.1499938964844,293.1499938964844,293.1499938964844,293.1499938964844,293.1499938964844,293.1499938964844,278.1499938964844,0.0,18000.0,313.1499938964844,0.0,18000.0,0.0,0.0,0.0,0.0,0.0,0.0,0.0,0.0,0.0,0.0,-0.0,-0.0,0.0,0.0,0.0,0.0,0.0,-0.0,0.0,0.0,0.0,0.0,0.0,0.0,0.0,0.0,0.0,4.0,0.0,0.0
11943000,296.9153137207031,303.1499938964844,285.1499938964844,0.0,-0.0,290.7007751464844,0.0,0.0,9.534577111480758e-05,297.02685546875,303.1499938964844,285.1499938964844,0.0,-0.0,290.7008056640625,0.0,0.0,0.00010040368943,297.0526733398437,303.1499938964844,285.1499938964844,0.0,-0.0,290.70086669921875,0.0,0.0,7.415782602038234e-05,296.9060974121094,303.1499938964844,285.1499938964844,0.0,-0.0,290.70068359375,0.0,0.0,0.00010040368943,297.3169860839844,303.1499938964844,285.1499938964844,0.0,-0.0,290.7015380859375,0.0,0.0,0.0004762718745041,290.6352844238281,294.1499938964844,284.25,284.07391357421875,283.8486633300781,284.2498779296875,290.20849609375,0.0,0.0,0.0,0.0,1.0,1.0,-0.0010159021476283,7.723528483438713e-09,0.0010158943478018,-0.01928586140275,0.0,0.0,0.0,-0.0086417011916637,60.0,-4.157873153686523,-0.0,-7.03660418821528e-08,0.0,293.1499938964844,293.1499938964844,293.1499938964844,293.1499938964844,293.1499938964844,293.1499938964844,278.1499938964844,0.0,18000.0,313.1499938964844,0.0,18000.0,0.0,0.0,0.0,0.0,0.0,0.0,0.0,0.0,0.0,0.0,-0.0,-0.0,0.0,0.0,0.0,0.0,0.0,-0.0,0.0,0.0,0.0,0.0,0.0,0.0,0.0,0.0,0.0,4.0,0.0,0.0
11943060,296.916015625,303.1499938964844,285.1499938964844,0.0,-0.0,290.69744873046875,0.0,0.0,9.530493116471916e-05,297.0271911621094,303.1499938964844,285.1499938964844,0.0,-0.0,290.69744873046875,0.0,0.0,0.0001003606812446,297.052978515625,303.1499938964844,285.1499938964844,0.0,-0.0,290.6975402832031,0.0,0.0,7.412605918943882e-05,296.9042053222656,303.1499938964844,285.1499938964844,0.0,-0.0,290.6973571777344,0.0,0.0,0.0001003606812446,297.3166198730469,303.1499938964844,285.1499938964844,0.0,-0.0,290.6981811523437,0.0,0.0,0.0004760678566526,290.6317138671875,294.1499938964844,284.25,284.05926513671875,283.8558349609375,284.2499084472656,290.2054748535156,0.0,0.0,0.0,0.0,1.0,1.0,-0.00101546687074,7.672638524525155e-09,0.0010154591873288,-0.0191525779664516,0.0,0.0,0.0,-0.0086164725944399,60.0,-4.153977870941162,-0.0,-7.030576654187827e-08,0.0,293.1499938964844,293.1499938964844,293.1499938964844,293.1499938964844,293.1499938964844,293.1499938964844,278.1499938964844,0.0,18000.0,313.1499938964844,0.0,18000.0,0.0,0.0,0.0,0.0,0.0,0.0,0.0,0.0,0.0,0.0,-0.0,-0.0,0.0,0.0,0.0,0.0,0.0,-0.0,0.0,0.0,0.0,0.0,0.0,0.0,0.0,0.0,0.0,4.0,0.0,0.0
11943120,296.916015625,303.1499938964844,285.1499938964844,0.0,-0.0,290.69744873046875,0.0,0.0,9.530493116471916e-05,297.0271911621094,303.1499938964844,285.1499938964844,0.0,-0.0,290.69744873046875,0.0,0.0,0.0001003606812446,297.052978515625,303.1499938964844,285.1499938964844,0.0,-0.0,290.6975402832031,0.0,0.0,7.412605918943882e-05,296.9042053222656,303.1499938964844,285.1499938964844,0.0,-0.0,290.6973571777344,0.0,0.0,0.0001003606812446,297.3166198730469,303.1499938964844,285.1499938964844,0.0,-0.0,290.6981811523437,0.0,0.0,0.0004760678566526,290.6317138671875,294.1499938964844,284.25,284.05926513671875,283.8558349609375,284.2499084472656,290.2054748535156,0.0,0.0,0.0,0.0,1.0,1.0,-0.00101546687074,7.672638524525155e-09,0.0010154591873288,-0.0191525779664516,0.0,0.0,0.0,-0.0086164725944399,60.0,-4.153977870941162,-0.0,-7.030576654187827e-08,0.0,293.1499938964844,293.1499938964844,293.1499938964844,293.1499938964844,293.1499938964844,293.1499938964844,278.1499938964844,0.0,18000.0,313.1499938964844,0.0,18000.0,0.0,0.0,0.0,0.0,0.0,0.0,0.0,0.0,0.0,0.0,-0.0,-0.0,0.0,0.0,0.0,0.0,0.0,-0.0,0.0,0.0,0.0,0.0,0.0,0.0,0.0,0.0,0.0,4.0,0.0,0.0
11943180,296.9167785644531,303.1499938964844,285.1499938964844,0.0,-0.0,290.694091796875,0.0,0.0,9.526307258056475e-05,297.0275573730469,303.1499938964844,285.1499938964844,0.0,-0.0,290.694091796875,0.0,0.0,0.0001003166034934,297.0533142089844,303.1499938964844,285.1499938964844,0.0,-0.0,290.6941833496094,0.0,0.0,7.409350655507296e-05,296.90234375,303.1499938964844,285.1499938964844,0.0,-0.0,290.6940002441406,0.0,0.0,0.0001003166107693,297.3162841796875,303.1499938964844,285.1499938964844,0.0,-0.0,290.69482421875,0.0,0.0,0.0004758587747346,290.62811279296875,294.1499938964844,284.25,284.0447082519531,283.8628845214844,284.2499389648437,290.20245361328125,0.0,0.0,0.0,0.0,1.0,1.0,-0.0010150208836421,7.620486464077203e-09,0.0010150133166462,-0.0190159883350133,0.0,0.0,0.0,-0.0085906190797686,60.0,-4.150036811828613,-0.0,-7.02440203781407e-08,0.0,293.1499938964844,293.1499938964844,293.1499938964844,293.1499938964844,293.1499938964844,293.1499938964844,278.1499938964844,0.0,18000.0,313.1499938964844,0.0,18000.0,0.0,0.0,0.0,0.0,0.0,0.0,0.0,0.0,0.0,0.0,-0.0,-0.0,0.0,0.0,0.0,0.0,0.0,-0.0,0.0,0.0,0.0,0.0,0.0,0.0,0.0,0.0,0.0,4.0,0.0,0.0
11943240,296.9167785644531,303.1499938964844,285.1499938964844,0.0,-0.0,290.694091796875,0.0,0.0,9.526307258056475e-05,297.0275573730469,303.1499938964844,285.1499938964844,0.0,-0.0,290.694091796875,0.0,0.0,0.0001003166034934,297.0533142089844,303.1499938964844,285.1499938964844,0.0,-0.0,290.6941833496094,0.0,0.0,7.409350655507296e-05,296.90234375,303.1499938964844,285.1499938964844,0.0,-0.0,290.6940002441406,0.0,0.0,0.0001003166107693,297.3162841796875,303.1499938964844,285.1499938964844,0.0,-0.0,290.69482421875,0.0,0.0,0.0004758587747346,290.62811279296875,294.1499938964844,284.25,284.0447082519531,283.8628845214844,284.2499389648437,290.20245361328125,0.0,0.0,0.0,0.0,1.0,1.0,-0.0010150208836421,7.620486464077203e-09,0.0010150133166462,-0.0190159883350133,0.0,0.0,0.0,-0.0085906190797686,60.0,-4.150036811828613,-0.0,-7.02440203781407e-08,0.0,293.1499938964844,293.1499938964844,293.1499938964844,293.1499938964844,293.1499938964844,293.1499938964844,278.1499938964844,0.0,18000.0,313.1499938964844,0.0,18000.0,0.0,0.0,0.0,0.0,0.0,0.0,0.0,0.0,0.0,0.0,-0.0,-0.0,0.0,0.0,0.0,0.0,0.0,-0.0,0.0,0.0,0.0,0.0,0.0,0.0,0.0,0.0,0.0,4.0,0.0,0.0
11943300,296.91717529296875,303.1499938964844,285.1499938964844,0.0,-0.0,290.6924133300781,0.0,0.0,9.524168854113668e-05,297.0277709960937,303.1499938964844,285.1499938964844,0.0,-0.0,290.6924133300781,0.0,0.0,0.0001002940916805,297.0534973144531,303.1499938964844,285.1499938964844,0.0,-0.0,290.6925048828125,0.0,0.0,7.407687371596694e-05,296.9014587402344,303.1499938964844,285.1499938964844,0.0,-0.0,290.6923217773437,0.0,0.0,0.0001002940916805,297.3161315917969,303.1499938964844,285.1499938964844,0.0,-0.0,290.6931457519531,0.0,0.0,0.0004757519636768,290.6263427734375,294.1499938964844,284.25,284.0375061035156,283.8663635253906,284.2499389648437,290.2009582519531,0.0,0.0,0.0,0.0,1.0,1.0,-0.0010147930588573,7.593843776021458e-09,0.0010147854918614,-0.0189462080597877,0.0,0.0,0.0,-0.0085774110630154,60.0,-4.148046016693115,-0.0,-7.021248649152767e-08,0.0,293.1499938964844,293.1499938964844,293.1499938964844,293.1499938964844,293.1499938964844,293.1499938964844,278.1499938964844,0.0,18000.0,313.1499938964844,0.0,18000.0,0.0,0.0,0.0,0.0,0.0,0.0,0.0,0.0,0.0,0.0,-0.0,-0.0,0.0,0.0,0.0,0.0,0.0,-0.0,0.0,0.0,0.0,0.0,0.0,0.0,0.0,0.0,0.0,4.0,0.0,0.0
11943360,296.9176330566406,303.1499938964844,285.1499938964844,0.0,-0.0,290.69073486328125,0.0,0.0,9.522004256723449e-05,297.0279846191406,303.1499938964844,285.1499938964844,0.0,-0.0,290.6907653808594,0.0,0.0,0.0001002712888293,297.0537109375,303.1499938964844,285.1499938964844,0.0,-0.0,290.6908264160156,0.0,0.0,7.406003715004772e-05,296.90057373046875,303.1499938964844,285.1499938964844,0.0,-0.0,290.6906433105469,0.0,0.0,0.0001002712961053,297.31597900390625,303.1499938964844,285.1499938964844,0.0,-0.0,290.69146728515625,0.0,0.0,0.0004756438429467,290.6245422363281,294.1499938964844,284.25,284.0303649902344,283.86981201171875,284.2499389648437,290.1994323730469,0.0,0.0,0.0,0.0,1.0,1.0,-0.0010145623236894,7.566867132879906e-09,0.0010145547566935,-0.0188755542039871,0.0,0.0,0.0,-0.0085640372708439,60.0,-4.1460442543029785,-0.0,-7.018056891183734e-08,0.0,293.1499938964844,293.1499938964844,293.1499938964844,293.1499938964844,293.1499938964844,293.1499938964844,278.1499938964844,0.0,18000.0,313.1499938964844,0.0,18000.0,0.0,0.0,0.0,0.0,0.0,0.0,0.0,0.0,0.0,0.0,-0.0,-0.0,0.0,0.0,0.0,0.0,0.0,-0.0,0.0,0.0,0.0,0.0,0.0,0.0,0.0,0.0,0.0,4.0,0.0,0.0
11943420,296.9185791015625,303.1499938964844,285.1499938964844,0.0,-0.0,290.6874084472656,0.0,0.0,9.51759866438806e-05,297.02850341796875,303.1499938964844,285.1499938964844,0.0,-0.0,290.6874084472656,0.0,0.0,0.0001002248973236,297.05419921875,303.1499938964844,285.1499938964844,0.0,-0.0,290.6874694824219,0.0,0.0,7.402576738968492e-05,296.8988647460937,303.1499938964844,285.1499938964844,0.0,-0.0,290.68731689453125,0.0,0.0,0.0001002248973236,297.31573486328125,303.1499938964844,285.1499938964844,0.0,-0.0,290.6881103515625,0.0,0.0,0.0004754237597808,290.6209716796875,294.1499938964844,284.25,284.0162658691406,283.8766174316406,284.2499694824219,290.1964416503906,0.0,0.0,0.0,0.0,1.0,1.0,-0.0010140929371118,7.51197237747192e-09,0.0010140853701159,-0.0187317822128534,0.0,0.0,0.0,-0.0085368240252137,60.0,-4.1420087814331055,-0.0,-7.011563241121621e-08,0.0,293.1499938964844,293.1499938964844,293.1499938964844,293.1499938964844,293.1499938964844,293.1499938964844,278.1499938964844,0.0,18000.0,313.1499938964844,0.0,18000.0,0.0,0.0,0.0,0.0,0.0,0.0,0.0,0.0,0.0,0.0,-0.0,-0.0,0.0,0.0,0.0,0.0,0.0,-0.0,0.0,0.0,0.0,0.0,0.0,0.0,0.0,0.0,0.0,4.0,0.0,0.0
11943480,296.9185791015625,303.1499938964844,285.1499938964844,0.0,-0.0,290.6874084472656,0.0,0.0,9.51759866438806e-05,297.02850341796875,303.1499938964844,285.1499938964844,0.0,-0.0,290.6874084472656,0.0,0.0,0.0001002248973236,297.05419921875,303.1499938964844,285.1499938964844,0.0,-0.0,290.6874694824219,0.0,0.0,7.402576738968492e-05,296.8988647460937,303.1499938964844,285.1499938964844,0.0,-0.0,290.68731689453125,0.0,0.0,0.0001002248973236,297.31573486328125,303.1499938964844,285.1499938964844,0.0,-0.0,290.6881103515625,0.0,0.0,0.0004754237597808,290.6209716796875,294.1499938964844,284.25,284.0162658691406,283.8766174316406,284.2499694824219,290.1964416503906,0.0,0.0,0.0,0.0,1.0,1.0,-0.0010140929371118,7.51197237747192e-09,0.0010140853701159,-0.0187317822128534,0.0,0.0,0.0,-0.0085368240252137,60.0,-4.1420087814331055,-0.0,-7.011563241121621e-08,0.0,293.1499938964844,293.1499938964844,293.1499938964844,293.1499938964844,293.1499938964844,293.1499938964844,278.1499938964844,0.0,18000.0,313.1499938964844,0.0,18000.0,0.0,0.0,0.0,0.0,0.0,0.0,0.0,0.0,0.0,0.0,-0.0,-0.0,0.0,0.0,0.0,0.0,0.0,-0.0,0.0,0.0,0.0,0.0,0.0,0.0,0.0,0.0,0.0,4.0,0.0,0.0
11943540,296.91961669921875,303.1499938964844,285.1499938964844,0.0,-0.0,290.6840515136719,0.0,0.0,9.51312540564686e-05,297.0290832519531,303.1499938964844,285.1499938964844,0.0,-0.0,290.6840515136719,0.0,0.0,0.000100177792774,297.05474853515625,303.1499938964844,285.1499938964844,0.0,-0.0,290.68414306640625,0.0,0.0,7.399097376037389e-05,296.8971862792969,303.1499938964844,285.1499938964844,0.0,-0.0,290.6839599609375,0.0,0.0,0.000100177792774,297.3155212402344,303.1499938964844,285.1499938964844,0.0,-0.0,290.68475341796875,0.0,0.0,0.0004752003005705,290.6174011230469,294.1499938964844,284.25,284.0025329589844,283.8832702636719,284.2499694824219,290.19342041015625,0.0,0.0,0.0,0.0,1.0,1.0,-0.0010136162163689,7.45623029985154e-09,0.0010136087657883,-0.0185857862234115,0.0,0.0,0.0,-0.0085091898217797,60.0,-4.137942790985107,-0.0,-7.004972957247446e-08,0.0,293.1499938964844,293.1499938964844,293.1499938964844,293.1499938964844,293.1499938964844,293.1499938964844,278.1499938964844,0.0,18000.0,313.1499938964844,0.0,18000.0,0.0,0.0,0.0,0.0,0.0,0.0,0.0,0.0,0.0,0.0,-0.0,-0.0,0.0,0.0,0.0,0.0,0.0,-0.0,0.0,0.0,0.0,0.0,0.0,0.0,0.0,0.0,0.0,4.0,0.0,0.0
11943600,296.91961669921875,303.1499938964844,285.1499938964844,0.0,-0.0,290.6840515136719,0.0,0.0,9.51312540564686e-05,297.0290832519531,303.1499938964844,285.1499938964844,0.0,-0.0,290.6840515136719,0.0,0.0,0.000100177792774,297.05474853515625,303.1499938964844,285.1499938964844,0.0,-0.0,290.68414306640625,0.0,0.0,7.399097376037389e-05,296.8971862792969,303.1499938964844,285.1499938964844,0.0,-0.0,290.6839599609375,0.0,0.0,0.000100177792774,297.3155212402344,303.1499938964844,285.1499938964844,0.0,-0.0,290.68475341796875,0.0,0.0,0.0004752003005705,290.6174011230469,294.1499938964844,284.25,284.0025329589844,283.8832702636719,284.2499694824219,290.19342041015625,0.0,0.0,0.0,0.0,1.0,1.0,-0.0010136162163689,7.45623029985154e-09,0.0010136087657883,-0.0185857862234115,0.0,0.0,0.0,-0.0085091898217797,60.0,-4.137942790985107,-0.0,-7.004972957247446e-08,0.0,293.1499938964844,293.1499938964844,293.1499938964844,293.1499938964844,293.1499938964844,293.1499938964844,278.1499938964844,0.0,18000.0,313.1499938964844,0.0,18000.0,0.0,0.0,0.0,0.0,0.0,0.0,0.0,0.0,0.0,0.0,-0.0,-0.0,0.0,0.0,0.0,0.0,0.0,-0.0,0.0,0.0,0.0,0.0,0.0,0.0,0.0,0.0,0.0,4.0,0.0,0.0
11943660,296.9207458496094,303.1499938964844,285.1499938964844,0.0,-0.0,290.6806945800781,0.0,0.0,9.50857502175495e-05,297.0297546386719,303.1499938964844,285.1499938964844,0.0,-0.0,290.68072509765625,0.0,0.0,0.0001001298805931,297.05535888671875,303.1499938964844,285.1499938964844,0.0,-0.0,290.6807861328125,0.0,0.0,7.395559077849612e-05,296.8955993652344,303.1499938964844,285.1499938964844,0.0,-0.0,290.6806030273437,0.0,0.0,0.0001001298805931,297.3153381347656,303.1499938964844,285.1499938964844,0.0,-0.0,290.681396484375,0.0,0.0,0.0004749730287585,290.61383056640625,294.1499938964844,284.25,283.9892578125,283.88983154296875,284.2499694824219,290.1904296875,0.0,0.0,0.0,0.0,1.0,1.0,-0.0010131313465535,7.399537427232872e-09,0.0010131240123882,-0.0184372998774051,0.0,0.0,0.0,-0.0084810853004455,60.0,-4.133847236633301,-0.0,-6.998273249791964e-08,0.0,293.1499938964844,293.1499938964844,293.1499938964844,293.1499938964844,293.1499938964844,293.1499938964844,278.1499938964844,0.0,18000.0,313.1499938964844,0.0,18000.0,0.0,0.0,0.0,0.0,0.0,0.0,0.0,0.0,0.0,0.0,-0.0,-0.0,0.0,0.0,0.0,0.0,0.0,-0.0,0.0,0.0,0.0,0.0,0.0,0.0,0.0,0.0,0.0,4.0,0.0,0.0
11943720,296.9207458496094,303.1499938964844,285.1499938964844,0.0,-0.0,290.6806945800781,0.0,0.0,9.50857502175495e-05,297.0297546386719,303.1499938964844,285.1499938964844,0.0,-0.0,290.68072509765625,0.0,0.0,0.0001001298805931,297.05535888671875,303.1499938964844,285.1499938964844,0.0,-0.0,290.6807861328125,0.0,0.0,7.395559077849612e-05,296.8955993652344,303.1499938964844,285.1499938964844,0.0,-0.0,290.6806030273437,0.0,0.0,0.0001001298805931,297.3153381347656,303.1499938964844,285.1499938964844,0.0,-0.0,290.681396484375,0.0,0.0,0.0004749730287585,290.61383056640625,294.1499938964844,284.25,283.9892578125,283.88983154296875,284.2499694824219,290.1904296875,0.0,0.0,0.0,0.0,1.0,1.0,-0.0010131313465535,7.399537427232872e-09,0.0010131240123882,-0.0184372998774051,0.0,0.0,0.0,-0.0084810853004455,60.0,-4.133847236633301,-0.0,-6.998273249791964e-08,0.0,293.1499938964844,293.1499938964844,293.1499938964844,293.1499938964844,293.1499938964844,293.1499938964844,278.1499938964844,0.0,18000.0,313.1499938964844,0.0,18000.0,0.0,0.0,0.0,0.0,0.0,0.0,0.0,0.0,0.0,0.0,-0.0,-0.0,0.0,0.0,0.0,0.0,0.0,-0.0,0.0,0.0,0.0,0.0,0.0,0.0,0.0,0.0,0.0,4.0,0.0,0.0
11943780,296.9219665527344,303.1499938964844,285.1499938964844,0.0,-0.0,290.6773681640625,0.0,0.0,9.503979526925832e-05,297.03045654296875,303.1499938964844,285.1499938964844,0.0,-0.0,290.6773681640625,0.0,0.0,0.0001000814809231,297.0560302734375,303.1499938964844,285.1499938964844,0.0,-0.0,290.67742919921875,0.0,0.0,7.391984399873763e-05,296.8940734863281,303.1499938964844,285.1499938964844,0.0,-0.0,290.6772766113281,0.0,0.0,0.0001000814809231,297.3152160644531,303.1499938964844,285.1499938964844,0.0,-0.0,290.67803955078125,0.0,0.0,0.0004747434577438,290.6102600097656,294.1499938964844,284.25,283.9764709472656,283.896240234375,284.2499694824219,290.1874084472656,0.0,0.0,0.0,0.0,1.0,1.0,-0.0010126415872946,7.342273011801126e-09,0.0010126342531293,-0.0182873141020536,0.0,0.0,0.0,-0.0084526967257261,60.0,-4.129732131958008,-0.0,-6.991509593490265e-08,0.0,293.1499938964844,293.1499938964844,293.1499938964844,293.1499938964844,293.1499938964844,293.1499938964844,278.1499938964844,0.0,18000.0,313.1499938964844,0.0,18000.0,0.0,0.0,0.0,0.0,0.0,0.0,0.0,0.0,0.0,0.0,-0.0,-0.0,0.0,0.0,0.0,0.0,0.0,-0.0,0.0,0.0,0.0,0.0,0.0,0.0,0.0,0.0,0.0,4.0,0.0,0.0
11943840,296.9219665527344,303.1499938964844,285.1499938964844,0.0,-0.0,290.6773681640625,0.0,0.0,9.503979526925832e-05,297.03045654296875,303.1499938964844,285.1499938964844,0.0,-0.0,290.6773681640625,0.0,0.0,0.0001000814809231,297.0560302734375,303.1499938964844,285.1499938964844,0.0,-0.0,290.67742919921875,0.0,0.0,7.391984399873763e-05,296.8940734863281,303.1499938964844,285.1499938964844,0.0,-0.0,290.6772766113281,0.0,0.0,0.0001000814809231,297.3152160644531,303.1499938964844,285.1499938964844,0.0,-0.0,290.67803955078125,0.0,0.0,0.0004747434577438,290.6102600097656,294.1499938964844,284.25,283.9764709472656,283.896240234375,284.2499694824219,290.1874084472656,0.0,0.0,0.0,0.0,1.0,1.0,-0.0010126415872946,7.342273011801126e-09,0.0010126342531293,-0.0182873141020536,0.0,0.0,0.0,-0.0084526967257261,60.0,-4.129732131958008,-0.0,-6.991509593490265e-08,0.0,293.1499938964844,293.1499938964844,293.1499938964844,293.1499938964844,293.1499938964844,293.1499938964844,278.1499938964844,0.0,18000.0,313.1499938964844,0.0,18000.0,0.0,0.0,0.0,0.0,0.0,0.0,0.0,0.0,0.0,0.0,-0.0,-0.0,0.0,0.0,0.0,0.0,0.0,-0.0,0.0,0.0,0.0,0.0,0.0,0.0,0.0,0.0,0.0,4.0,0.0,0.0
11943900,296.922607421875,303.1499938964844,285.1499938964844,0.0,-0.0,290.6756896972656,0.0,0.0,9.50166504480876e-05,297.0308532714844,303.1499938964844,285.1499938964844,0.0,-0.0,290.6756896972656,0.0,0.0,0.000100057113741,297.0563659667969,303.1499938964844,285.1499938964844,0.0,-0.0,290.67578125,0.0,0.0,7.390184327960014e-05,296.893310546875,303.1499938964844,285.1499938964844,0.0,-0.0,290.67559814453125,0.0,0.0,0.000100057113741,297.3151550292969,303.1499938964844,285.1499938964844,0.0,-0.0,290.6763610839844,0.0,0.0,0.0004746278573293,290.60845947265625,294.1499938964844,284.25,283.9703063964844,283.8994140625,284.25,290.1859130859375,0.0,0.0,0.0,0.0,1.0,1.0,-0.001012395019643,7.313436078959512e-09,0.0010123876854777,-0.0182117857038974,0.0,0.0,0.0,-0.0084384009242057,60.0,-4.127668380737305,-0.0,-6.988104672700501e-08,0.0,293.1499938964844,293.1499938964844,293.1499938964844,293.1499938964844,293.1499938964844,293.1499938964844,278.1499938964844,0.0,18000.0,313.1499938964844,0.0,18000.0,0.0,0.0,0.0,0.0,0.0,0.0,0.0,0.0,0.0,0.0,-0.0,-0.0,0.0,0.0,0.0,0.0,0.0,-0.0,0.0,0.0,0.0,0.0,0.0,0.0,0.0,0.0,0.0,4.0,0.0,0.0
11943960,296.9232788085937,303.1499938964844,285.1499938964844,0.0,-0.0,290.67401123046875,0.0,0.0,9.499343286734074e-05,297.03125,303.1499938964844,285.1499938964844,0.0,-0.0,290.67401123046875,0.0,0.0,0.0001000326665234,297.0567626953125,303.1499938964844,285.1499938964844,0.0,-0.0,290.6741027832031,0.0,0.0,7.388378435280174e-05,296.892578125,303.1499938964844,285.1499938964844,0.0,-0.0,290.6739196777344,0.0,0.0,0.0001000326665234,297.3150939941406,303.1499938964844,285.1499938964844,0.0,-0.0,290.6746826171875,0.0,0.0,0.0004745118785649,290.606689453125,294.1499938964844,284.25,283.9642944335937,283.9025573730469,284.25,290.1844177246094,0.0,0.0,0.0,0.0,1.0,1.0,-0.0010121476370841,7.284508107829879e-09,0.0010121403029188,-0.0181360188871622,0.0,0.0,0.0,-0.0084240604192018,60.0,-4.1256022453308105,-0.0,-6.984689804312438e-08,0.0,293.1499938964844,293.1499938964844,293.1499938964844,293.1499938964844,293.1499938964844,293.1499938964844,278.1499938964844,0.0,18000.0,313.1499938964844,0.0,18000.0,0.0,0.0,0.0,0.0,0.0,0.0,0.0,0.0,0.0,0.0,-0.0,-0.0,0.0,0.0,0.0,0.0,0.0,-0.0,0.0,0.0,0.0,0.0,0.0,0.0,0.0,0.0,0.0,4.0,0.0,0.0
11944020,296.9246520996094,303.1499938964844,285.1499938964844,0.0,-0.0,290.6706848144531,0.0,0.0,9.49468885664828e-05,297.0320739746094,303.1499938964844,285.1499938964844,0.0,-0.0,290.6706848144531,0.0,0.0,9.998364839702845e-05,297.0575561523437,303.1499938964844,285.1499938964844,0.0,-0.0,290.6707458496094,0.0,0.0,7.384758646367118e-05,296.8911437988281,303.1499938964844,285.1499938964844,0.0,-0.0,290.67059326171875,0.0,0.0,9.998364839702845e-05,297.3150329589844,303.1499938964844,285.1499938964844,0.0,-0.0,290.6713256835937,0.0,0.0,0.0004742793971672,290.6031494140625,294.1499938964844,284.25,283.95281982421875,283.90875244140625,284.25,290.181396484375,0.0,0.0,0.0,0.0,1.0,1.0,-0.0010116517078131,7.226514497915559e-09,0.0010116444900631,-0.0179841201752424,0.0,0.0,0.0,-0.0083953104913234,60.0,-4.121466159820557,-0.0,-6.977845856681597e-08,0.0,293.1499938964844,293.1499938964844,293.1499938964844,293.1499938964844,293.1499938964844,293.1499938964844,278.1499938964844,0.0,18000.0,313.1499938964844,0.0,18000.0,0.0,0.0,0.0,0.0,0.0,0.0,0.0,0.0,0.0,0.0,-0.0,-0.0,0.0,0.0,0.0,0.0,0.0,-0.0,0.0,0.0,0.0,0.0,0.0,0.0,0.0,0.0,0.0,4.0,0.0,0.0
11944080,296.9246520996094,303.1499938964844,285.1499938964844,0.0,-0.0,290.6706848144531,0.0,0.0,9.49468885664828e-05,297.0320739746094,303.1499938964844,285.1499938964844,0.0,-0.0,290.6706848144531,0.0,0.0,9.998364839702845e-05,297.0575561523437,303.1499938964844,285.1499938964844,0.0,-0.0,290.6707458496094,0.0,0.0,7.384758646367118e-05,296.8911437988281,303.1499938964844,285.1499938964844,0.0,-0.0,290.67059326171875,0.0,0.0,9.998364839702845e-05,297.3150329589844,303.1499938964844,285.1499938964844,0.0,-0.0,290.6713256835937,0.0,0.0,0.0004742793971672,290.6031494140625,294.1499938964844,284.25,283.95281982421875,283.90875244140625,284.25,290.181396484375,0.0,0.0,0.0,0.0,1.0,1.0,-0.0010116517078131,7.226514497915559e-09,0.0010116444900631,-0.0179841201752424,0.0,0.0,0.0,-0.0083953104913234,60.0,-4.121466159820557,-0.0,-6.977845856681597e-08,0.0,293.1499938964844,293.1499938964844,293.1499938964844,293.1499938964844,293.1499938964844,293.1499938964844,278.1499938964844,0.0,18000.0,313.1499938964844,0.0,18000.0,0.0,0.0,0.0,0.0,0.0,0.0,0.0,0.0,0.0,0.0,-0.0,-0.0,0.0,0.0,0.0,0.0,0.0,-0.0,0.0,0.0,0.0,0.0,0.0,0.0,0.0,0.0,0.0,4.0,0.0,0.0
11944140,296.92608642578125,303.1499938964844,285.1499938964844,0.0,-0.0,290.6673278808594,0.0,0.0,9.490033698966728e-05,297.0329895019531,303.1499938964844,285.1499938964844,0.0,-0.0,290.6673278808594,0.0,0.0,9.993462299462408e-05,297.05841064453125,303.1499938964844,285.1499938964844,0.0,-0.0,290.6674194335937,0.0,0.0,7.381137402262539e-05,296.8897399902344,303.1499938964844,285.1499938964844,0.0,-0.0,290.667236328125,0.0,0.0,9.993462299462408e-05,297.31500244140625,303.1499938964844,285.1499938964844,0.0,-0.0,290.6679992675781,0.0,0.0,0.000474046828458,290.5995788574219,294.1499938964844,284.25,283.94207763671875,283.9148254394531,284.25,290.17840576171875,0.0,0.0,0.0,0.0,1.0,1.0,-0.0010111555457115,7.1685035685220555e-09,0.0010111484443768,-0.017832176759839,0.0,0.0,0.0,-0.0083665512502193,60.0,-4.117331027984619,-0.0,-6.971004040678963e-08,0.0,293.1499938964844,293.1499938964844,293.1499938964844,293.1499938964844,293.1499938964844,293.1499938964844,278.1499938964844,0.0,18000.0,313.1499938964844,0.0,18000.0,0.0,0.0,0.0,0.0,0.0,0.0,0.0,0.0,0.0,0.0,-0.0,-0.0,0.0,0.0,0.0,0.0,0.0,-0.0,0.0,0.0,0.0,0.0,0.0,0.0,0.0,0.0,0.0,4.0,0.0,0.0
11944200,296.92608642578125,303.1499938964844,285.1499938964844,0.0,-0.0,290.6673278808594,0.0,0.0,9.490033698966728e-05,297.0329895019531,303.1499938964844,285.1499938964844,0.0,-0.0,290.6673278808594,0.0,0.0,9.993462299462408e-05,297.05841064453125,303.1499938964844,285.1499938964844,0.0,-0.0,290.6674194335937,0.0,0.0,7.381137402262539e-05,296.8897399902344,303.1499938964844,285.1499938964844,0.0,-0.0,290.667236328125,0.0,0.0,9.993462299462408e-05,297.31500244140625,303.1499938964844,285.1499938964844,0.0,-0.0,290.6679992675781,0.0,0.0,0.000474046828458,290.5995788574219,294.1499938964844,284.25,283.94207763671875,283.9148254394531,284.25,290.17840576171875,0.0,0.0,0.0,0.0,1.0,1.0,-0.0010111555457115,7.1685035685220555e-09,0.0010111484443768,-0.017832176759839,0.0,0.0,0.0,-0.0083665512502193,60.0,-4.117331027984619,-0.0,-6.971004040678963e-08,0.0,293.1499938964844,293.1499938964844,293.1499938964844,293.1499938964844,293.1499938964844,293.1499938964844,278.1499938964844,0.0,18000.0,313.1499938964844,0.0,18000.0,0.0,0.0,0.0,0.0,0.0,0.0,0.0,0.0,0.0,0.0,-0.0,-0.0,0.0,0.0,0.0,0.0,0.0,-0.0,0.0,0.0,0.0,0.0,0.0,0.0,0.0,0.0,0.0,4.0,0.0,0.0
11944260,296.9275817871094,303.1499938964844,285.1499938964844,0.0,-0.0,290.6640014648437,0.0,0.0,9.485399641562252e-05,297.0339660644531,303.1499938964844,285.1499938964844,0.0,-0.0,290.6640014648437,0.0,0.0,9.988583042286336e-05,297.0592956542969,303.1499938964844,285.1499938964844,0.0,-0.0,290.6640625,0.0,0.0,7.377533620456234e-05,296.88836669921875,303.1499938964844,285.1499938964844,0.0,-0.0,290.6639099121094,0.0,0.0,9.988583042286336e-05,297.3150329589844,303.1499938964844,285.1499938964844,0.0,-0.0,290.6646423339844,0.0,0.0,0.0004738153656944,290.5960388183594,294.1499938964844,284.25,283.9322204589844,283.9207763671875,284.25,290.1754150390625,0.0,0.0,0.0,0.0,1.0,1.0,-0.0010106618283316,7.110768862617078e-09,0.001010654726997,-0.0176809560507535,0.0,0.0,0.0,-0.0083379298448562,60.0,-4.113206386566162,-0.0,-6.964197751813117e-08,0.0,293.1499938964844,293.1499938964844,293.1499938964844,293.1499938964844,293.1499938964844,293.1499938964844,278.1499938964844,0.0,18000.0,313.1499938964844,0.0,18000.0,0.0,0.0,0.0,0.0,0.0,0.0,0.0,0.0,0.0,0.0,-0.0,-0.0,0.0,0.0,0.0,0.0,0.0,-0.0,0.0,0.0,0.0,0.0,0.0,0.0,0.0,0.0,0.0,4.0,0.0,0.0
11944320,296.9275817871094,303.1499938964844,285.1499938964844,0.0,-0.0,290.6640014648437,0.0,0.0,9.485399641562252e-05,297.0339660644531,303.1499938964844,285.1499938964844,0.0,-0.0,290.6640014648437,0.0,0.0,9.988583042286336e-05,297.0592956542969,303.1499938964844,285.1499938964844,0.0,-0.0,290.6640625,0.0,0.0,7.377533620456234e-05,296.88836669921875,303.1499938964844,285.1499938964844,0.0,-0.0,290.6639099121094,0.0,0.0,9.988583042286336e-05,297.3150329589844,303.1499938964844,285.1499938964844,0.0,-0.0,290.6646423339844,0.0,0.0,0.0004738153656944,290.5960388183594,294.1499938964844,284.25,283.9322204589844,283.9207763671875,284.25,290.1754150390625,0.0,0.0,0.0,0.0,1.0,1.0,-0.0010106618283316,7.110768862617078e-09,0.001010654726997,-0.0176809560507535,0.0,0.0,0.0,-0.0083379298448562,60.0,-4.113206386566162,-0.0,-6.964197751813117e-08,0.0,293.1499938964844,293.1499938964844,293.1499938964844,293.1499938964844,293.1499938964844,293.1499938964844,278.1499938964844,0.0,18000.0,313.1499938964844,0.0,18000.0,0.0,0.0,0.0,0.0,0.0,0.0,0.0,0.0,0.0,0.0,-0.0,-0.0,0.0,0.0,0.0,0.0,0.0,-0.0,0.0,0.0,0.0,0.0,0.0,0.0,0.0,0.0,0.0,4.0,0.0,0.0
11944380,296.9291687011719,303.1499938964844,285.1499938964844,0.0,-0.0,290.66064453125,0.0,0.0,9.480815788265318e-05,297.0350036621094,303.1499938964844,285.1499938964844,0.0,-0.0,290.66064453125,0.0,0.0,9.983756172005088e-05,297.0602722167969,303.1499938964844,285.1499938964844,0.0,-0.0,290.6607360839844,0.0,0.0,7.373968401225284e-05,296.8870544433594,303.1499938964844,285.1499938964844,0.0,-0.0,290.6605529785156,0.0,0.0,9.983756172005088e-05,297.3150634765625,303.1499938964844,285.1499938964844,0.0,-0.0,290.6612854003906,0.0,0.0,0.0004735864058602,290.5924987792969,294.1499938964844,284.25,283.9233093261719,283.9266357421875,284.25,290.17242431640625,0.0,0.0,0.0,0.0,1.0,1.0,-0.0010101733496412,7.053654105249052e-09,0.0010101663647219,-0.0175313577055931,0.0,0.0,0.0,-0.0083096157759428,60.0,-4.109103202819824,-0.0,-6.957468201562733e-08,0.0,293.1499938964844,293.1499938964844,293.1499938964844,293.1499938964844,293.1499938964844,293.1499938964844,278.1499938964844,0.0,18000.0,313.1499938964844,0.0,18000.0,0.0,0.0,0.0,0.0,0.0,0.0,0.0,0.0,0.0,0.0,-0.0,-0.0,0.0,0.0,0.0,0.0,0.0,-0.0,0.0,0.0,0.0,0.0,0.0,0.0,0.0,0.0,0.0,4.0,0.0,0.0
11944440,296.9291687011719,303.1499938964844,285.1499938964844,0.0,-0.0,290.66064453125,0.0,0.0,9.480815788265318e-05,297.0350036621094,303.1499938964844,285.1499938964844,0.0,-0.0,290.66064453125,0.0,0.0,9.983756172005088e-05,297.0602722167969,303.1499938964844,285.1499938964844,0.0,-0.0,290.6607360839844,0.0,0.0,7.373968401225284e-05,296.8870544433594,303.1499938964844,285.1499938964844,0.0,-0.0,290.6605529785156,0.0,0.0,9.983756172005088e-05,297.3150634765625,303.1499938964844,285.1499938964844,0.0,-0.0,290.6612854003906,0.0,0.0,0.0004735864058602,290.5924987792969,294.1499938964844,284.25,283.9233093261719,283.9266357421875,284.25,290.17242431640625,0.0,0.0,0.0,0.0,1.0,1.0,-0.0010101733496412,7.053654105249052e-09,0.0010101663647219,-0.0175313577055931,0.0,0.0,0.0,-0.0083096157759428,60.0,-4.109103202819824,-0.0,-6.957468201562733e-08,0.0,293.1499938964844,293.1499938964844,293.1499938964844,293.1499938964844,293.1499938964844,293.1499938964844,278.1499938964844,0.0,18000.0,313.1499938964844,0.0,18000.0,0.0,0.0,0.0,0.0,0.0,0.0,0.0,0.0,0.0,0.0,-0.0,-0.0,0.0,0.0,0.0,0.0,0.0,-0.0,0.0,0.0,0.0,0.0,0.0,0.0,0.0,0.0,0.0,4.0,0.0,0.0
11944500,296.9299621582031,303.1499938964844,285.1499938964844,0.0,-0.0,290.6589660644531,0.0,0.0,9.478548599872738e-05,297.0355224609375,303.1499938964844,285.1499938964844,0.0,-0.0,290.65899658203125,0.0,0.0,9.981368202716112e-05,297.0607604980469,303.1499938964844,285.1499938964844,0.0,-0.0,290.6590576171875,0.0,0.0,7.372204709099606e-05,296.8863830566406,303.1499938964844,285.1499938964844,0.0,-0.0,290.6589050292969,0.0,0.0,9.981368930311874e-05,297.3150939941406,303.1499938964844,285.1499938964844,0.0,-0.0,290.6596069335937,0.0,0.0,0.0004734731337521,290.5907287597656,294.1499938964844,284.25,283.9192199707031,283.9295349121094,284.25,290.1709289550781,0.0,0.0,0.0,0.0,1.0,1.0,-0.0010099317878484,7.025404258342861e-09,0.0010099248029291,-0.0174573622643947,0.0,0.0,0.0,-0.0082956105470657,60.0,-4.107062816619873,-0.0,-6.95414072993117e-08,0.0,293.1499938964844,293.1499938964844,293.1499938964844,293.1499938964844,293.1499938964844,293.1499938964844,278.1499938964844,0.0,18000.0,313.1499938964844,0.0,18000.0,0.0,0.0,0.0,0.0,0.0,0.0,0.0,0.0,0.0,0.0,-0.0,-0.0,0.0,0.0,0.0,0.0,0.0,-0.0,0.0,0.0,0.0,0.0,0.0,0.0,0.0,0.0,0.0,4.0,0.0,0.0
11944560,296.9307861328125,303.1499938964844,285.1499938964844,0.0,-0.0,290.6573181152344,0.0,0.0,9.476311970502138e-05,297.0360717773437,303.1499938964844,285.1499938964844,0.0,-0.0,290.6573181152344,0.0,0.0,9.9790129752364e-05,297.061279296875,303.1499938964844,285.1499938964844,0.0,-0.0,290.6573791503906,0.0,0.0,7.370465027634054e-05,296.8857421875,303.1499938964844,285.1499938964844,0.0,-0.0,290.6572265625,0.0,0.0,9.9790129752364e-05,297.31512451171875,303.1499938964844,285.1499938964844,0.0,-0.0,290.6579284667969,0.0,0.0,0.0004733614041469,290.5889587402344,294.1499938964844,284.25,283.9154052734375,283.9324035644531,284.25,290.16943359375,0.0,0.0,0.0,0.0,1.0,1.0,-0.0010096933692693,6.99753233135425e-09,0.00100968638435,-0.0173843577504158,0.0,0.0,0.0,-0.0082817934453487,60.0,-4.105034351348877,-0.0,-6.950858022491957e-08,0.0,293.1499938964844,293.1499938964844,293.1499938964844,293.1499938964844,293.1499938964844,293.1499938964844,278.1499938964844,0.0,18000.0,313.1499938964844,0.0,18000.0,0.0,0.0,0.0,0.0,0.0,0.0,0.0,0.0,0.0,0.0,-0.0,-0.0,0.0,0.0,0.0,0.0,0.0,-0.0,0.0,0.0,0.0,0.0,0.0,0.0,0.0,0.0,0.0,4.0,0.0,0.0
11944620,296.9324645996094,303.1499938964844,285.1499938964844,0.0,-0.0,290.6539611816406,0.0,0.0,9.47194203035906e-05,297.0372009277344,303.1499938964844,285.1499938964844,0.0,-0.0,290.65399169921875,0.0,0.0,9.974411659641191e-05,297.0623474121094,303.1499938964844,285.1499938964844,0.0,-0.0,290.654052734375,0.0,0.0,7.36706642783247e-05,296.88446044921875,303.1499938964844,285.1499938964844,0.0,-0.0,290.6539001464844,0.0,0.0,9.974411659641191e-05,297.31524658203125,303.1499938964844,285.1499938964844,0.0,-0.0,290.65460205078125,0.0,0.0,0.0004731431254185,290.5854187011719,294.1499938964844,284.25,283.9085998535156,283.93804931640625,284.25,290.1664428710937,0.0,0.0,0.0,0.0,1.0,1.0,-0.001009227707982,6.943083441512954e-09,0.001009220839478,-0.0172417405992746,0.0,0.0,0.0,-0.0082548009231686,60.0,-4.101020812988281,-0.0,-6.944448927015402e-08,0.0,293.1499938964844,293.1499938964844,293.1499938964844,293.1499938964844,293.1499938964844,293.1499938964844,278.1499938964844,0.0,18000.0,313.1499938964844,0.0,18000.0,0.0,0.0,0.0,0.0,0.0,0.0,0.0,0.0,0.0,0.0,-0.0,-0.0,0.0,0.0,0.0,0.0,0.0,-0.0,0.0,0.0,0.0,0.0,0.0,0.0,0.0,0.0,0.0,4.0,0.0,0.0
11944680,296.9324645996094,303.1499938964844,285.1499938964844,0.0,-0.0,290.6539611816406,0.0,0.0,9.47194203035906e-05,297.0372009277344,303.1499938964844,285.1499938964844,0.0,-0.0,290.65399169921875,0.0,0.0,9.974411659641191e-05,297.0623474121094,303.1499938964844,285.1499938964844,0.0,-0.0,290.654052734375,0.0,0.0,7.36706642783247e-05,296.88446044921875,303.1499938964844,285.1499938964844,0.0,-0.0,290.6539001464844,0.0,0.0,9.974411659641191e-05,297.31524658203125,303.1499938964844,285.1499938964844,0.0,-0.0,290.65460205078125,0.0,0.0,0.0004731431254185,290.5854187011719,294.1499938964844,284.25,283.9085998535156,283.93804931640625,284.25,290.1664428710937,0.0,0.0,0.0,0.0,1.0,1.0,-0.001009227707982,6.943083441512954e-09,0.001009220839478,-0.0172417405992746,0.0,0.0,0.0,-0.0082548009231686,60.0,-4.101020812988281,-0.0,-6.944448927015402e-08,0.0,293.1499938964844,293.1499938964844,293.1499938964844,293.1499938964844,293.1499938964844,293.1499938964844,278.1499938964844,0.0,18000.0,313.1499938964844,0.0,18000.0,0.0,0.0,0.0,0.0,0.0,0.0,0.0,0.0,0.0,0.0,-0.0,-0.0,0.0,0.0,0.0,0.0,0.0,-0.0,0.0,0.0,0.0,0.0,0.0,0.0,0.0,0.0,0.0,4.0,0.0,0.0
11944740,296.93414306640625,297.1499938964844,293.1499938964844,0.0,-0.0,290.650634765625,0.0,0.050000000745058,9.46771542658098e-05,297.03839111328125,297.1499938964844,293.1499938964844,0.0,-0.0,290.650634765625,0.0,0.050000000745058,9.969960228772834e-05,297.0634460449219,297.1499938964844,293.1499938964844,0.0,-0.0,290.6507263183594,0.0,0.050000000745058,7.36377842258662e-05,296.8832092285156,297.1499938964844,293.1499938964844,0.0,-0.0,290.6505432128906,0.0,0.050000000745058,9.969960228772834e-05,297.3153686523437,297.1499938964844,293.1499938964844,0.0,-0.0,290.6512451171875,0.0,0.050000000745058,0.0004729319771286,290.5819091796875,291.1499938964844,284.25,283.9029846191406,283.943603515625,284.25,290.1634521484375,1.0,0.1000000014901161,0.0,0.0,1.0,1.0,-0.0010087772971019,6.8904166816707865e-09,0.0010087704285979,-0.0171037893742322,0.0,0.0,0.0,-0.0082286922261118,60.0,-4.097066879272461,-0.0,-6.938251573274101e-08,1.0,293.1499938964844,293.1499938964844,293.1499938964844,293.1499938964844,293.1499938964844,293.1499938964844,278.1499938964844,0.0,18000.0,313.1499938964844,0.0,18000.0,0.0,0.0,0.0,0.0,0.0,0.0,0.0,0.0,0.0,0.0,-0.0,-0.0,0.0,0.0,0.0,0.0,0.0,-0.0,0.0,0.0,0.0,0.0,0.0,0.0,0.0,0.0,0.0,4.0,0.0,0.0
11944800,296.93414306640625,297.1499938964844,293.1499938964844,0.0,-0.0,290.650634765625,0.0,0.050000000745058,9.46771542658098e-05,297.03839111328125,297.1499938964844,293.1499938964844,0.0,-0.0,290.650634765625,0.0,0.050000000745058,9.969960228772834e-05,297.0634460449219,297.1499938964844,293.1499938964844,0.0,-0.0,290.6507263183594,0.0,0.050000000745058,7.36377842258662e-05,296.8832092285156,297.1499938964844,293.1499938964844,0.0,-0.0,290.6505432128906,0.0,0.050000000745058,9.969960228772834e-05,297.3153686523437,297.1499938964844,293.1499938964844,0.0,-0.0,290.6512451171875,0.0,0.050000000745058,0.0004729319771286,290.5819091796875,291.1499938964844,284.25,283.9029846191406,283.943603515625,284.25,290.1634521484375,1.0,0.1000000014901161,0.0,0.0,1.0,1.0,-0.0010087772971019,6.8904166816707865e-09,0.0010087704285979,-0.0171037893742322,0.0,0.0,0.0,-0.0082286922261118,60.0,-4.097066879272461,-0.0,-6.938251573274101e-08,1.0,293.1499938964844,293.1499938964844,293.1499938964844,293.1499938964844,293.1499938964844,293.1499938964844,278.1499938964844,0.0,18000.0,313.1499938964844,0.0,18000.0,0.0,0.0,0.0,0.0,0.0,0.0,0.0,0.0,0.0,0.0,-0.0,-0.0,0.0,0.0,0.0,0.0,0.0,-0.0,0.0,0.0,0.0,0.0,0.0,0.0,0.0,0.0,0.0,4.0,0.0,0.0
11944860,296.9398193359375,297.1499938964844,293.1499938964844,0.0,-0.0,290.322265625,0.6343262791633606,0.050000000745058,0.0408388152718544,297.02752685546875,297.1499938964844,293.1499938964844,0.0,-0.0,290.322265625,0.6343262791633606,0.050000000745058,0.0430052392184734,297.0513610839844,297.1499938964844,293.1499938964844,0.0,-0.0,290.322265625,0.6343262791633606,0.050000000745058,0.0317635238170623,296.8956298828125,297.1499938964844,293.1499938964844,0.0,-0.0,290.3222351074219,0.6343262791633606,0.050000000745058,0.0430052392184734,297.3006286621094,297.1499938964844,293.1499938964844,0.0,-0.0,290.3223876953125,0.6343262791633606,0.050000000745058,0.203998327255249,290.2662048339844,291.1499938964844,284.25,283.9006042480469,292.5804138183594,294.6091003417969,290.1834716796875,1.0,0.1096860393881797,0.010517107322812,0.010517107322812,1.0,1.0,-0.4318776726722717,7.453094212905853e-07,0.431876927614212,-0.1165167242288589,0.0,0.0,0.0,10.28302001953125,60.0,406.7443237304688,-0.0,12.278524398803713,1.0,293.1499938964844,293.1499938964844,293.1499938964844,293.1499938964844,293.1499938964844,293.1499938964844,278.1499938964844,0.0,18000.0,313.1499938964844,0.0,18000.0,0.0,0.0,0.0,0.0,0.0,0.0,0.0,0.0,0.0,0.0,-0.0,-0.0,0.0,0.0,0.0,0.0,0.0,-0.0,0.0,0.0,0.0,0.0,0.0,0.0,0.0,0.0,0.0,4.0,0.0,0.0
11944920,296.9394226074219,297.1499938964844,293.1499938964844,0.0,-0.0,290.36309814453125,0.6326004862785339,0.050000000745058,0.0452311858534812,297.0023193359375,297.1499938964844,293.1499938964844,0.0,-0.0,290.36309814453125,0.6326004862785339,0.050000000745058,0.0476306192576885,297.0231018066406,297.1499938964844,293.1499938964844,0.0,-0.0,290.36309814453125,0.6326004862785339,0.050000000745058,0.0351798124611377,296.8990783691406,297.1499938964844,293.1499938964844,0.0,-0.0,290.36309814453125,0.6326004862785339,0.050000000745058,0.0476306192576885,297.2733459472656,297.1499938964844,293.1499938964844,0.0,-0.0,290.36309814453125,0.6326004862785339,0.050000000745058,0.2259391397237777,290.3855285644531,291.1499938964844,284.25,283.89849853515625,293.7214050292969,297.1535339355469,290.6119079589844,1.0,0.121090367436409,0.0210342146456241,0.0210342146456241,1.0,1.0,-0.4819453656673431,2.8413510335667524e-06,0.4819425046443939,-0.1309901922941208,0.0,0.0,0.0,12.503283500671388,60.0,892.5056762695312,-0.0,16.678691864013672,1.0,293.1499938964844,293.1499938964844,293.1499938964844,293.1499938964844,293.1499938964844,293.1499938964844,278.1499938964844,0.0,18000.0,313.1499938964844,0.0,18000.0,0.0,0.0,0.0,0.0,0.0,0.0,0.0,0.0,0.0,0.0,-0.0,-0.0,0.0,0.0,0.0,0.0,0.0,-0.0,0.0,0.0,0.0,0.0,0.0,0.0,0.0,0.0,0.0,4.0,0.0,0.0
11944980,296.9326477050781,297.1499938964844,293.1499938964844,0.0,-0.0,291.13458251953125,0.5718399286270142,0.050000000745058,0.0456758067011833,296.9652709960937,297.1499938964844,293.1499938964844,0.0,-0.0,291.13458251953125,0.5718399286270142,0.050000000745058,0.0480988249182701,296.9828186035156,297.1499938964844,293.1499938964844,0.0,-0.0,291.13458251953125,0.5718399286270142,0.050000000745058,0.0355256274342536,296.8980712890625,297.1499938964844,293.1499938964844,0.0,-0.0,291.13458251953125,0.5718399286270142,0.050000000745058,0.0480988249182701,297.23516845703125,297.1499938964844,293.1499938964844,0.0,-0.0,291.13458251953125,0.5718399286270142,0.050000000745058,0.2281601130962371,291.1665344238281,291.1499938964844,284.25,283.8949279785156,293.7269897460937,297.2398986816406,291.3108825683594,1.0,0.1406006813049316,0.0420684292912483,0.0420684292912483,1.0,1.0,-0.4866852760314941,2.565209251770284e-05,0.4866596162319183,-0.1316791921854019,0.0,0.0,0.0,20.0149040222168,60.0,880.645751953125,-0.0,23.18798828125,1.0,293.1499938964844,293.1499938964844,293.1499938964844,293.1499938964844,293.1499938964844,293.1499938964844,278.1499938964844,0.0,18000.0,313.1499938964844,0.0,18000.0,0.0,0.0,0.0,0.0,0.0,0.0,0.0,0.0,0.0,0.0,-0.0,-0.0,0.0,0.0,0.0,0.0,0.0,-0.0,0.0,0.0,0.0,0.0,0.0,0.0,0.0,0.0,0.0,4.0,0.0,0.0
11945040,296.9326477050781,297.1499938964844,293.1499938964844,0.0,-0.0,291.13458251953125,0.5718399286270142,0.050000000745058,0.0456758067011833,296.9652709960937,297.1499938964844,293.1499938964844,0.0,-0.0,291.13458251953125,0.5718399286270142,0.050000000745058,0.0480988249182701,296.9828186035156,297.1499938964844,293.1499938964844,0.0,-0.0,291.13458251953125,0.5718399286270142,0.050000000745058,0.0355256274342536,296.8980712890625,297.1499938964844,293.1499938964844,0.0,-0.0,291.13458251953125,0.5718399286270142,0.050000000745058,0.0480988249182701,297.23516845703125,297.1499938964844,293.1499938964844,0.0,-0.0,291.13458251953125,0.5718399286270142,0.050000000745058,0.2281601130962371,291.1665344238281,291.1499938964844,284.25,283.8949279785156,293.7269897460937,297.2398986816406,291.3108825683594,1.0,0.1406006813049316,0.0420684292912483,0.0420684292912483,1.0,1.0,-0.4866852760314941,2.565209251770284e-05,0.4866596162319183,-0.1316791921854019,0.0,0.0,0.0,20.0149040222168,60.0,880.645751953125,-0.0,23.18798828125,1.0,293.1499938964844,293.1499938964844,293.1499938964844,293.1499938964844,293.1499938964844,293.1499938964844,278.1499938964844,0.0,18000.0,313.1499938964844,0.0,18000.0,0.0,0.0,0.0,0.0,0.0,0.0,0.0,0.0,0.0,0.0,-0.0,-0.0,0.0,0.0,0.0,0.0,0.0,-0.0,0.0,0.0,0.0,0.0,0.0,0.0,0.0,0.0,0.0,4.0,0.0,0.0
11945100,296.9295654296875,297.1499938964844,293.1499938964844,0.0,-0.0,291.4093322753906,0.549941897392273,0.050000000745058,0.0458129495382308,296.952880859375,297.1499938964844,293.1499938964844,0.0,-0.0,291.4093322753906,0.549941897392273,0.050000000745058,0.0482432432472705,296.96978759765625,297.1499938964844,293.1499938964844,0.0,-0.0,291.4093322753906,0.549941897392273,0.050000000745058,0.0356322936713695,296.896728515625,297.1499938964844,293.1499938964844,0.0,-0.0,291.4093322753906,0.549941897392273,0.050000000745058,0.0482432432472705,297.2227478027344,297.1499938964844,293.1499938964844,0.0,-0.0,291.4093322753906,0.549941897392273,0.050000000745058,0.2288451641798019,291.43511962890625,291.1499938964844,284.25,283.8934631347656,293.7247314453125,297.2264404296875,291.55926513671875,1.0,0.1490086913108825,0.0525855347514152,0.0525855347514152,1.0,1.0,-0.4881466329097748,6.849686178611591e-05,0.4880781471729278,-0.1317503452301025,0.0,0.0,0.0,23.68204498291016,60.0,799.551513671875,-0.0,26.341901779174805,1.0,293.1499938964844,293.1499938964844,293.1499938964844,293.1499938964844,293.1499938964844,293.1499938964844,278.1499938964844,0.0,18000.0,313.1499938964844,0.0,18000.0,0.0,0.0,0.0,0.0,0.0,0.0,0.0,0.0,0.0,0.0,-0.0,-0.0,0.0,0.0,0.0,0.0,0.0,-0.0,0.0,0.0,0.0,0.0,0.0,0.0,0.0,0.0,0.0,4.0,0.0,0.0
11945160,296.9271850585937,297.1499938964844,293.1499938964844,0.0,-0.0,291.6502380371094,0.5330192446708679,0.050000000745058,0.0459442920982837,296.94354248046875,297.1499938964844,293.1499938964844,0.0,-0.0,291.6502380371094,0.5330192446708679,0.050000000745058,0.0483815521001815,296.96014404296875,297.1499938964844,293.1499938964844,0.0,-0.0,291.6502380371094,0.5330192446708679,0.050000000745058,0.0357344485819339,296.8955078125,297.1499938964844,293.1499938964844,0.0,-0.0,291.6502380371094,0.5330192446708679,0.050000000745058,0.0483815521001815,297.21343994140625,297.1499938964844,293.1499938964844,0.0,-0.0,291.6502380371094,0.5330192446708679,0.050000000745058,0.2295012474060058,291.6732482910156,291.1499938964844,284.25,283.8922119140625,293.7222900390625,297.2161865234375,291.7866516113281,1.0,0.1565757989883422,0.2420684248208999,0.2420684248208999,0.9973303079605104,1.0,-0.4895464181900024,0.0309042930603027,0.4586421251296997,-0.1011498719453811,0.0,0.0,0.0,27.200702667236328,60.0,720.4962768554688,-0.0,29.375049591064453,1.0,293.1499938964844,293.1499938964844,293.1499938964844,293.1499938964844,293.1499938964844,293.1499938964844,278.1499938964844,0.0,18000.0,313.1499938964844,0.0,18000.0,0.0,0.0,0.0,0.0,0.0,0.0,0.0,0.0,0.0,0.0,-0.0,-0.0,0.0,0.0,0.0,0.0,0.0,-0.0,0.0,0.0,0.0,0.0,0.0,0.0,0.0,0.0,0.0,4.0,0.0,0.0
11945220,296.92510986328125,297.1499938964844,293.1499938964844,0.0,-0.0,292.071044921875,0.509952962398529,0.050000000745058,0.0461841970682144,296.931884765625,297.1499938964844,293.1499938964844,0.0,-0.0,292.071044921875,0.509952962398529,0.050000000745058,0.0486341826617717,296.9486389160156,297.1499938964844,293.1499938964844,0.0,-0.0,292.071044921875,0.509952962398529,0.050000000745058,0.0359210409224033,296.8941955566406,297.1499938964844,293.1499938964844,0.0,-0.0,292.071044921875,0.509952962398529,0.050000000745058,0.0486341826617717,297.2018737792969,297.1499938964844,293.1499938964844,0.0,-0.0,292.071044921875,0.509952962398529,0.050000000745058,0.2306996285915374,292.0897521972656,291.1499938964844,284.25,283.89031982421875,292.75518798828125,297.2032470703125,292.1700744628906,1.0,0.1693971455097198,0.6210342049598694,0.6210342049598694,0.9919909238815308,1.0,-0.4921028912067413,0.1818958520889282,0.3102070689201355,0.049069557338953,0.0,0.0,0.0,33.640838623046875,60.0,446.0054321289063,-0.0,34.94084930419922,1.0,293.1499938964844,293.1499938964844,293.1499938964844,293.1499938964844,293.1499938964844,293.1499938964844,278.1499938964844,0.0,18000.0,313.1499938964844,0.0,18000.0,0.0,0.0,0.0,0.0,0.0,0.0,0.0,0.0,0.0,0.0,-0.0,-0.0,0.0,0.0,0.0,0.0,0.0,-0.0,0.0,0.0,0.0,0.0,0.0,0.0,0.0,0.0,0.0,4.0,0.0,0.0
11945280,296.92510986328125,297.1499938964844,293.1499938964844,0.0,-0.0,292.071044921875,0.509952962398529,0.050000000745058,0.0461841970682144,296.931884765625,297.1499938964844,293.1499938964844,0.0,-0.0,292.071044921875,0.509952962398529,0.050000000745058,0.0486341826617717,296.9486389160156,297.1499938964844,293.1499938964844,0.0,-0.0,292.071044921875,0.509952962398529,0.050000000745058,0.0359210409224033,296.8941955566406,297.1499938964844,293.1499938964844,0.0,-0.0,292.071044921875,0.509952962398529,0.050000000745058,0.0486341826617717,297.2018737792969,297.1499938964844,293.1499938964844,0.0,-0.0,292.071044921875,0.509952962398529,0.050000000745058,0.2306996285915374,292.0897521972656,291.1499938964844,284.25,283.89031982421875,292.75518798828125,297.2032470703125,292.1700744628906,1.0,0.1693971455097198,0.6210342049598694,0.6210342049598694,0.9919909238815308,1.0,-0.4921028912067413,0.1818958520889282,0.3102070689201355,0.049069557338953,0.0,0.0,0.0,33.640838623046875,60.0,446.0054321289063,-0.0,34.94084930419922,1.0,293.1499938964844,293.1499938964844,293.1499938964844,293.1499938964844,293.1499938964844,293.1499938964844,278.1499938964844,0.0,18000.0,313.1499938964844,0.0,18000.0,0.0,0.0,0.0,0.0,0.0,0.0,0.0,0.0,0.0,0.0,-0.0,-0.0,0.0,0.0,0.0,0.0,0.0,-0.0,0.0,0.0,0.0,0.0,0.0,0.0,0.0,0.0,0.0,4.0,0.0,0.0
11945340,296.9243469238281,297.1499938964844,293.1499938964844,0.0,-0.0,292.1263732910156,0.4957718253135681,0.050000000745058,0.0463879406452178,296.92547607421875,297.1499938964844,293.1499938964844,0.0,-0.0,292.1263732910156,0.4957718253135681,0.050000000745058,0.048848733305931,296.9425048828125,297.1499938964844,293.1499938964844,0.0,-0.0,292.1263732910156,0.4957718253135681,0.050000000745058,0.0360795073211193,296.8934020996094,297.1499938964844,293.1499938964844,0.0,-0.0,292.1263732910156,0.4957718253135681,0.050000000745058,0.048848733305931,297.1953430175781,297.1499938964844,293.1499938964844,0.0,-0.0,292.1263732910156,0.4957718253135681,0.050000000745058,0.231717362999916,292.12017822265625,291.1499938964844,284.25,283.8891296386719,291.688720703125,297.1962890625,292.0834045410156,1.0,0.179552674293518,1.0,1.0,0.9866514801979064,1.0,-0.494273841381073,0.2112092226743698,0.2830646336078644,0.0783265307545661,0.0,0.0,0.0,39.099029541015625,60.0,-70.69344329833984,-0.0,39.73479843139648,1.0,293.1499938964844,293.1499938964844,293.1499938964844,293.1499938964844,293.1499938964844,293.1499938964844,278.1499938964844,0.0,18000.0,313.1499938964844,0.0,18000.0,0.0,0.0,0.0,0.0,0.0,0.0,0.0,0.0,0.0,0.0,-0.0,-0.0,0.0,0.0,0.0,0.0,0.0,-0.0,0.0,0.0,0.0,0.0,0.0,0.0,0.0,0.0,0.0,4.0,0.0,0.0
11945400,296.9243469238281,297.1499938964844,293.1499938964844,0.0,-0.0,292.1263732910156,0.4957718253135681,0.050000000745058,0.0463879406452178,296.92547607421875,297.1499938964844,293.1499938964844,0.0,-0.0,292.1263732910156,0.4957718253135681,0.050000000745058,0.048848733305931,296.9425048828125,297.1499938964844,293.1499938964844,0.0,-0.0,292.1263732910156,0.4957718253135681,0.050000000745058,0.0360795073211193,296.8934020996094,297.1499938964844,293.1499938964844,0.0,-0.0,292.1263732910156,0.4957718253135681,0.050000000745058,0.048848733305931,297.1953430175781,297.1499938964844,293.1499938964844,0.0,-0.0,292.1263732910156,0.4957718253135681,0.050000000745058,0.231717362999916,292.12017822265625,291.1499938964844,284.25,283.8891296386719,291.688720703125,297.1962890625,292.0834045410156,1.0,0.179552674293518,1.0,1.0,0.9866514801979064,1.0,-0.494273841381073,0.2112092226743698,0.2830646336078644,0.0783265307545661,0.0,0.0,0.0,39.099029541015625,60.0,-70.69344329833984,-0.0,39.73479843139648,1.0,293.1499938964844,293.1499938964844,293.1499938964844,293.1499938964844,293.1499938964844,293.1499938964844,278.1499938964844,0.0,18000.0,313.1499938964844,0.0,18000.0,0.0,0.0,0.0,0.0,0.0,0.0,0.0,0.0,0.0,0.0,-0.0,-0.0,0.0,0.0,0.0,0.0,0.0,-0.0,0.0,0.0,0.0,0.0,0.0,0.0,0.0,0.0,0.0,4.0,0.0,0.0
11945460,296.9217224121094,297.1499938964844,293.1499938964844,0.0,-0.0,292.0243225097656,0.4860787689685821,0.050000000745058,0.0465563610196113,296.92010498046875,297.1499938964844,293.1499938964844,0.0,-0.0,292.0243225097656,0.4860787689685821,0.050000000745058,0.0490260906517505,296.9371032714844,297.1499938964844,293.1499938964844,0.0,-0.0,292.0243225097656,0.4860787689685821,0.050000000745058,0.0362105034291744,296.89111328125,297.1499938964844,293.1499938964844,0.0,-0.0,292.0243225097656,0.4860787689685821,0.050000000745058,0.0490260906517505,297.18951416015625,297.1499938964844,293.1499938964844,0.0,-0.0,292.0243225097656,0.4860787689685821,0.050000000745058,0.2325586676597595,292.0210876464844,291.1499938964844,284.25,283.8886108398437,291.65313720703125,297.1903686523437,292.0077514648437,1.0,0.187510997056961,1.0,1.0,0.9489120841026306,1.0,-0.4960685968399048,0.2125579118728637,0.283510684967041,0.0798889473080635,0.0,0.0,0.0,43.6096305847168,48.0,-121.90775299072266,-0.0,43.73484420776367,1.0,293.1499938964844,293.1499938964844,293.1499938964844,293.1499938964844,293.1499938964844,293.1499938964844,278.1499938964844,0.0,18000.0,313.1499938964844,0.0,18000.0,0.0,0.0,0.0,0.0,0.0,0.0,0.0,0.0,0.0,0.0,-0.0,-0.0,0.0,0.0,0.0,0.0,0.0,-0.0,0.0,0.0,0.0,0.0,0.0,0.0,0.0,0.0,0.0,4.0,0.0,0.0
11945520,296.9217224121094,297.1499938964844,293.1499938964844,0.0,-0.0,292.0243225097656,0.4860787689685821,0.050000000745058,0.0465563610196113,296.92010498046875,297.1499938964844,293.1499938964844,0.0,-0.0,292.0243225097656,0.4860787689685821,0.050000000745058,0.0490260906517505,296.9371032714844,297.1499938964844,293.1499938964844,0.0,-0.0,292.0243225097656,0.4860787689685821,0.050000000745058,0.0362105034291744,296.89111328125,297.1499938964844,293.1499938964844,0.0,-0.0,292.0243225097656,0.4860787689685821,0.050000000745058,0.0490260906517505,297.18951416015625,297.1499938964844,293.1499938964844,0.0,-0.0,292.0243225097656,0.4860787689685821,0.050000000745058,0.2325586676597595,292.0210876464844,291.1499938964844,284.25,283.8886108398437,291.65313720703125,297.1903686523437,292.0077514648437,1.0,0.187510997056961,1.0,1.0,0.9489120841026306,1.0,-0.4960685968399048,0.2125579118728637,0.283510684967041,0.0798889473080635,0.0,0.0,0.0,43.6096305847168,48.0,-121.90775299072266,-0.0,43.73484420776367,1.0,293.1499938964844,293.1499938964844,293.1499938964844,293.1499938964844,293.1499938964844,293.1499938964844,278.1499938964844,0.0,18000.0,313.1499938964844,0.0,18000.0,0.0,0.0,0.0,0.0,0.0,0.0,0.0,0.0,0.0,0.0,-0.0,-0.0,0.0,0.0,0.0,0.0,0.0,-0.0,0.0,0.0,0.0,0.0,0.0,0.0,0.0,0.0,0.0,4.0,0.0,0.0
11945580,296.9190979003906,297.1499938964844,293.1499938964844,0.0,-0.0,291.9730224609375,0.4838065803050995,0.050000000745058,0.0465981736779212,296.9158630371094,297.1499938964844,293.1499938964844,0.0,-0.0,291.9730224609375,0.4838065803050995,0.050000000745058,0.0490701235830783,296.9327697753906,297.1499938964844,293.1499938964844,0.0,-0.0,291.9730224609375,0.4838065803050995,0.050000000745058,0.0362430252134799,296.8886108398437,297.1499938964844,293.1499938964844,0.0,-0.0,291.9730224609375,0.4838065803050995,0.050000000745058,0.0490701235830783,297.1846008300781,297.1499938964844,293.1499938964844,0.0,-0.0,291.9730224609375,0.4838065803050995,0.050000000745058,0.2327675372362136,291.9705505371094,291.1499938964844,284.25,283.8887023925781,291.6335144042969,297.185302734375,291.9576110839844,1.0,0.1889549046754837,1.0,1.0,0.91117262840271,1.0,-0.4965144991874695,0.2134167701005935,0.2830977141857147,0.0813657343387603,0.0,0.0,0.0,44.73528671264648,36.0,-115.67150115966795,-0.0,44.737300872802734,1.0,293.1499938964844,293.1499938964844,293.1499938964844,293.1499938964844,293.1499938964844,293.1499938964844,278.1499938964844,0.0,18000.0,313.1499938964844,0.0,18000.0,0.0,0.0,0.0,0.0,0.0,0.0,0.0,0.0,0.0,0.0,-0.0,-0.0,0.0,0.0,0.0,0.0,0.0,-0.0,0.0,0.0,0.0,0.0,0.0,0.0,0.0,0.0,0.0,4.0,0.0,0.0
11945640,296.9190979003906,297.1499938964844,293.1499938964844,0.0,-0.0,291.9730224609375,0.4838065803050995,0.050000000745058,0.0465981736779212,296.9158630371094,297.1499938964844,293.1499938964844,0.0,-0.0,291.9730224609375,0.4838065803050995,0.050000000745058,0.0490701235830783,296.9327697753906,297.1499938964844,293.1499938964844,0.0,-0.0,291.9730224609375,0.4838065803050995,0.050000000745058,0.0362430252134799,296.8886108398437,297.1499938964844,293.1499938964844,0.0,-0.0,291.9730224609375,0.4838065803050995,0.050000000745058,0.0490701235830783,297.1846008300781,297.1499938964844,293.1499938964844,0.0,-0.0,291.9730224609375,0.4838065803050995,0.050000000745058,0.2327675372362136,291.9705505371094,291.1499938964844,284.25,283.8887023925781,291.6335144042969,297.185302734375,291.9576110839844,1.0,0.1889549046754837,1.0,1.0,0.91117262840271,1.0,-0.4965144991874695,0.2134167701005935,0.2830977141857147,0.0813657343387603,0.0,0.0,0.0,44.73528671264648,36.0,-115.67150115966795,-0.0,44.737300872802734,1.0,293.1499938964844,293.1499938964844,293.1499938964844,293.1499938964844,293.1499938964844,293.1499938964844,278.1499938964844,0.0,18000.0,313.1499938964844,0.0,18000.0,0.0,0.0,0.0,0.0,0.0,0.0,0.0,0.0,0.0,0.0,-0.0,-0.0,0.0,0.0,0.0,0.0,0.0,-0.0,0.0,0.0,0.0,0.0,0.0,0.0,0.0,0.0,0.0,4.0,0.0,0.0
11945700,296.91796875,297.1499938964844,293.1499938964844,0.0,-0.0,291.94647216796875,0.4850313067436218,0.050000000745058,0.0465755686163902,296.9141540527344,297.1499938964844,293.1499938964844,0.0,-0.0,291.94647216796875,0.4850313067436218,0.050000000745058,0.0490463189780712,296.93096923828125,297.1499938964844,293.1499938964844,0.0,-0.0,291.94647216796875,0.4850313067436218,0.050000000745058,0.0362254418432712,296.887451171875,297.1499938964844,293.1499938964844,0.0,-0.0,291.94647216796875,0.4850313067436218,0.050000000745058,0.0490463189780712,297.18243408203125,297.1499938964844,293.1499938964844,0.0,-0.0,291.94647216796875,0.4850313067436218,0.050000000745058,0.2326546162366867,291.94384765625,291.1499938964844,284.25,283.8889465332031,291.621337890625,297.1830749511719,291.9301452636719,1.0,0.1877611875534057,1.0,1.0,0.892302930355072,1.0,-0.4962737262248993,0.2137485742568969,0.2825251519680023,0.0821443349123001,0.0,0.0,0.0,44.1347770690918,36.0,-110.78631591796876,-0.0,44.20206069946289,1.0,293.1499938964844,293.1499938964844,293.1499938964844,293.1499938964844,293.1499938964844,293.1499938964844,278.1499938964844,0.0,18000.0,313.1499938964844,0.0,18000.0,0.0,0.0,0.0,0.0,0.0,0.0,0.0,0.0,0.0,0.0,-0.0,-0.0,0.0,0.0,0.0,0.0,0.0,-0.0,0.0,0.0,0.0,0.0,0.0,0.0,0.0,0.0,0.0,4.0,0.0,0.0
11945760,296.9169616699219,297.1499938964844,293.1499938964844,0.0,-0.0,291.9185791015625,0.4875468313694,0.050000000745058,0.0465296618640422,296.9126281738281,297.1499938964844,293.1499938964844,0.0,-0.0,291.9185791015625,0.4875468313694,0.050000000745058,0.0489979721605777,296.9293518066406,297.1499938964844,293.1499938964844,0.0,-0.0,291.9185791015625,0.4875468313694,0.050000000745058,0.0361897349357605,296.8863525390625,297.1499938964844,293.1499938964844,0.0,-0.0,291.9185791015625,0.4875468313694,0.050000000745058,0.0489979721605777,297.1804504394531,297.1499938964844,293.1499938964844,0.0,-0.0,291.9185791015625,0.4875468313694,0.050000000745058,0.2324252873659134,291.91583251953125,291.1499938964844,284.25,283.88934326171875,291.6082458496094,297.1810607910156,291.90167236328125,1.0,0.1854824721813202,1.0,1.0,0.8750860095024109,1.0,-0.4957846701145172,0.2140011936426162,0.2817834615707397,0.0829198211431503,0.0,0.0,0.0,42.91126251220703,25.0,-105.64939880371094,-0.0,43.11319351196289,1.0,293.1499938964844,293.1499938964844,293.1499938964844,293.1499938964844,293.1499938964844,293.1499938964844,278.1499938964844,0.0,18000.0,313.1499938964844,0.0,18000.0,0.0,0.0,0.0,0.0,0.0,0.0,0.0,0.0,0.0,0.0,-0.0,-0.0,0.0,0.0,0.0,0.0,0.0,-0.0,0.0,0.0,0.0,0.0,0.0,0.0,0.0,0.0,0.0,4.0,0.0,0.0
11945820,296.915283203125,297.1499938964844,293.1499938964844,0.0,-0.0,291.861083984375,0.4957336485385895,0.050000000745058,0.0463885441422462,296.9100952148437,297.1499938964844,293.1499938964844,0.0,-0.0,291.861083984375,0.4957336485385895,0.050000000745058,0.0488493703305721,296.9266662597656,297.1499938964844,293.1499938964844,0.0,-0.0,291.861083984375,0.4957336485385895,0.050000000745058,0.0360799767076969,296.8843994140625,297.1499938964844,293.1499938964844,0.0,-0.0,291.861083984375,0.4957336485385895,0.050000000745058,0.0488493703305721,297.1769714355469,297.1499938964844,293.1499938964844,0.0,-0.0,291.861083984375,0.4957336485385895,0.050000000745058,0.2317203879356384,291.8582763671875,291.1499938964844,284.25,283.8904113769531,291.57647705078125,297.177490234375,291.8438720703125,1.0,0.1785198599100113,1.0,1.0,0.8406522274017334,1.0,-0.4942811727523803,0.2145316451787948,0.2797495126724243,0.084663525223732,0.0,0.0,0.0,39.14627456665039,25.0,-95.9405746459961,-0.0,39.77570343017578,1.0,293.1499938964844,293.1499938964844,293.1499938964844,293.1499938964844,293.1499938964844,293.1499938964844,278.1499938964844,0.0,18000.0,313.1499938964844,0.0,18000.0,0.0,0.0,0.0,0.0,0.0,0.0,0.0,0.0,0.0,0.0,-0.0,-0.0,0.0,0.0,0.0,0.0,0.0,-0.0,0.0,0.0,0.0,0.0,0.0,0.0,0.0,0.0,0.0,4.0,0.0,0.0
11945880,296.915283203125,297.1499938964844,293.1499938964844,0.0,-0.0,291.861083984375,0.4957336485385895,0.050000000745058,0.0463885441422462,296.9100952148437,297.1499938964844,293.1499938964844,0.0,-0.0,291.861083984375,0.4957336485385895,0.050000000745058,0.0488493703305721,296.9266662597656,297.1499938964844,293.1499938964844,0.0,-0.0,291.861083984375,0.4957336485385895,0.050000000745058,0.0360799767076969,296.8843994140625,297.1499938964844,293.1499938964844,0.0,-0.0,291.861083984375,0.4957336485385895,0.050000000745058,0.0488493703305721,297.1769714355469,297.1499938964844,293.1499938964844,0.0,-0.0,291.861083984375,0.4957336485385895,0.050000000745058,0.2317203879356384,291.8582763671875,291.1499938964844,284.25,283.8904113769531,291.57647705078125,297.177490234375,291.8438720703125,1.0,0.1785198599100113,1.0,1.0,0.8406522274017334,1.0,-0.4942811727523803,0.2145316451787948,0.2797495126724243,0.084663525223732,0.0,0.0,0.0,39.14627456665039,25.0,-95.9405746459961,-0.0,39.77570343017578,1.0,293.1499938964844,293.1499938964844,293.1499938964844,293.1499938964844,293.1499938964844,293.1499938964844,278.1499938964844,0.0,18000.0,313.1499938964844,0.0,18000.0,0.0,0.0,0.0,0.0,0.0,0.0,0.0,0.0,0.0,0.0,-0.0,-0.0,0.0,0.0,0.0,0.0,0.0,-0.0,0.0,0.0,0.0,0.0,0.0,0.0,0.0,0.0,0.0,4.0,0.0,0.0
11945940,296.9140625,297.1499938964844,293.1499938964844,0.0,-0.0,291.8031616210937,0.5031235814094543,0.050000000745058,0.0462757349014282,296.9081115722656,297.1499938964844,293.1499938964844,0.0,-0.0,291.8031616210937,0.5031235814094543,0.050000000745058,0.0487305782735347,296.92449951171875,297.1499938964844,293.1499938964844,0.0,-0.0,291.8031616210937,0.5031235814094543,0.050000000745058,0.0359922386705875,296.8827514648437,297.1499938964844,293.1499938964844,0.0,-0.0,291.8031616210937,0.5031235814094543,0.050000000745058,0.0487305782735347,297.1739807128906,297.1499938964844,293.1499938964844,0.0,-0.0,291.8031616210937,0.5031235814094543,0.050000000745058,0.2311568707227707,291.8003234863281,291.1499938964844,284.25,283.89190673828125,291.53326416015625,297.1744384765625,291.7857971191406,1.0,0.1731336265802383,1.0,1.0,0.8062184453010559,1.0,-0.4930788278579712,0.2156522721052169,0.2774265706539154,0.0869486704468727,0.0,0.0,0.0,36.13860321044922,25.0,-89.35667419433594,-0.0,37.123661041259766,1.0,293.1499938964844,293.1499938964844,293.1499938964844,293.1499938964844,293.1499938964844,293.1499938964844,278.1499938964844,0.0,18000.0,313.1499938964844,0.0,18000.0,0.0,0.0,0.0,0.0,0.0,0.0,0.0,0.0,0.0,0.0,-0.0,-0.0,0.0,0.0,0.0,0.0,0.0,-0.0,0.0,0.0,0.0,0.0,0.0,0.0,0.0,0.0,0.0,4.0,0.0,0.0
11946000,296.9140625,297.1499938964844,293.1499938964844,0.0,-0.0,291.8031616210937,0.5031235814094543,0.050000000745058,0.0462757349014282,296.9081115722656,297.1499938964844,293.1499938964844,0.0,-0.0,291.8031616210937,0.5031235814094543,0.050000000745058,0.0487305782735347,296.92449951171875,297.1499938964844,293.1499938964844,0.0,-0.0,291.8031616210937,0.5031235814094543,0.050000000745058,0.0359922386705875,296.8827514648437,297.1499938964844,293.1499938964844,0.0,-0.0,291.8031616210937,0.5031235814094543,0.050000000745058,0.0487305782735347,297.1739807128906,297.1499938964844,293.1499938964844,0.0,-0.0,291.8031616210937,0.5031235814094543,0.050000000745058,0.2311568707227707,291.8003234863281,291.1499938964844,284.25,283.89190673828125,291.53326416015625,297.1744384765625,291.7857971191406,1.0,0.1731336265802383,1.0,1.0,0.8062184453010559,1.0,-0.4930788278579712,0.2156522721052169,0.2774265706539154,0.0869486704468727,0.0,0.0,0.0,36.13860321044922,25.0,-89.35667419433594,-0.0,37.123661041259766,1.0,293.1499938964844,293.1499938964844,293.1499938964844,293.1499938964844,293.1499938964844,293.1499938964844,278.1499938964844,0.0,18000.0,313.1499938964844,0.0,18000.0,0.0,0.0,0.0,0.0,0.0,0.0,0.0,0.0,0.0,0.0,-0.0,-0.0,0.0,0.0,0.0,0.0,0.0,-0.0,0.0,0.0,0.0,0.0,0.0,0.0,0.0,0.0,0.0,4.0,0.0,0.0
11946060,296.9130859375,297.1499938964844,293.1499938964844,0.0,-0.0,291.7447509765625,0.5094539523124695,0.050000000745058,0.0461904741823673,296.906494140625,297.1499938964844,293.1499938964844,0.0,-0.0,291.7447509765625,0.5094539523124695,0.050000000745058,0.0486407950520515,296.92266845703125,297.1499938964844,293.1499938964844,0.0,-0.0,291.7447509765625,0.5094539523124695,0.050000000745058,0.0359259247779846,296.88134765625,297.1499938964844,293.1499938964844,0.0,-0.0,291.7447509765625,0.5094539523124695,0.050000000745058,0.0486407950520515,297.1713256835937,297.1499938964844,293.1499938964844,0.0,-0.0,291.7447509765625,0.5094539523124695,0.050000000745058,0.2307309806346893,291.7419128417969,291.1499938964844,284.25,283.89373779296875,291.4844055175781,297.1717224121094,291.7273254394531,1.0,0.1688306778669357,1.0,1.0,0.7773627638816833,1.0,-0.4921704530715942,0.2170767039060592,0.2750937342643738,0.0894921496510505,0.0,0.0,0.0,33.86794662475586,25.0,-85.38765716552734,-0.0,35.12979507446289,1.0,293.1499938964844,293.1499938964844,293.1499938964844,293.1499938964844,293.1499938964844,293.1499938964844,278.1499938964844,0.0,18000.0,313.1499938964844,0.0,18000.0,0.0,0.0,0.0,0.0,0.0,0.0,0.0,0.0,0.0,0.0,-0.0,-0.0,0.0,0.0,0.0,0.0,0.0,-0.0,0.0,0.0,0.0,0.0,0.0,0.0,0.0,0.0,0.0,4.0,0.0,0.0
11946120,296.9130859375,297.1499938964844,293.1499938964844,0.0,-0.0,291.7447509765625,0.5094539523124695,0.050000000745058,0.0461904741823673,296.906494140625,297.1499938964844,293.1499938964844,0.0,-0.0,291.7447509765625,0.5094539523124695,0.050000000745058,0.0486407950520515,296.92266845703125,297.1499938964844,293.1499938964844,0.0,-0.0,291.7447509765625,0.5094539523124695,0.050000000745058,0.0359259247779846,296.88134765625,297.1499938964844,293.1499938964844,0.0,-0.0,291.7447509765625,0.5094539523124695,0.050000000745058,0.0486407950520515,297.1713256835937,297.1499938964844,293.1499938964844,0.0,-0.0,291.7447509765625,0.5094539523124695,0.050000000745058,0.2307309806346893,291.7419128417969,291.1499938964844,284.25,283.89373779296875,291.4844055175781,297.1717224121094,291.7273254394531,1.0,0.1688306778669357,1.0,1.0,0.7773627638816833,1.0,-0.4921704530715942,0.2170767039060592,0.2750937342643738,0.0894921496510505,0.0,0.0,0.0,33.86794662475586,25.0,-85.38765716552734,-0.0,35.12979507446289,1.0,293.1499938964844,293.1499938964844,293.1499938964844,293.1499938964844,293.1499938964844,293.1499938964844,278.1499938964844,0.0,18000.0,313.1499938964844,0.0,18000.0,0.0,0.0,0.0,0.0,0.0,0.0,0.0,0.0,0.0,0.0,-0.0,-0.0,0.0,0.0,0.0,0.0,0.0,-0.0,0.0,0.0,0.0,0.0,0.0,0.0,0.0,0.0,0.0,4.0,0.0,0.0
11946180,296.9122619628906,297.1499938964844,293.1499938964844,0.0,-0.0,291.6861267089844,0.514972448348999,0.050000000745058,0.0461238026618957,296.9051208496094,297.1499938964844,293.1499938964844,0.0,-0.0,291.6861267089844,0.514972448348999,0.050000000745058,0.0485705882310867,296.92108154296875,297.1499938964844,293.1499938964844,0.0,-0.0,291.6861267089844,0.514972448348999,0.050000000745058,0.03587406873703,296.88006591796875,297.1499938964844,293.1499938964844,0.0,-0.0,291.6861267089844,0.514972448348999,0.050000000745058,0.0485705882310867,297.1689147949219,297.1499938964844,293.1499938964844,0.0,-0.0,291.6861267089844,0.514972448348999,0.050000000745058,0.230397954583168,291.6832580566406,291.1499938964844,284.25,283.89581298828125,291.4223022460937,297.1692810058594,291.6683044433594,1.0,0.1653859317302703,1.0,1.0,0.7485071420669556,1.0,-0.4914600551128387,0.2191443443298339,0.2723157107830047,0.0926512777805328,0.0,0.0,0.0,32.094757080078125,25.0,-84.84455108642578,-0.0,33.577789306640625,1.0,293.1499938964844,293.1499938964844,293.1499938964844,293.1499938964844,293.1499938964844,293.1499938964844,278.1499938964844,0.0,18000.0,313.1499938964844,0.0,18000.0,0.0,0.0,0.0,0.0,0.0,0.0,0.0,0.0,0.0,0.0,-0.0,-0.0,0.0,0.0,0.0,0.0,0.0,-0.0,0.0,0.0,0.0,0.0,0.0,0.0,0.0,0.0,0.0,4.0,0.0,0.0
11946240,296.9122619628906,297.1499938964844,293.1499938964844,0.0,-0.0,291.6861267089844,0.514972448348999,0.050000000745058,0.0461238026618957,296.9051208496094,297.1499938964844,293.1499938964844,0.0,-0.0,291.6861267089844,0.514972448348999,0.050000000745058,0.0485705882310867,296.92108154296875,297.1499938964844,293.1499938964844,0.0,-0.0,291.6861267089844,0.514972448348999,0.050000000745058,0.03587406873703,296.88006591796875,297.1499938964844,293.1499938964844,0.0,-0.0,291.6861267089844,0.514972448348999,0.050000000745058,0.0485705882310867,297.1689147949219,297.1499938964844,293.1499938964844,0.0,-0.0,291.6861267089844,0.514972448348999,0.050000000745058,0.230397954583168,291.6832580566406,291.1499938964844,284.25,283.89581298828125,291.4223022460937,297.1692810058594,291.6683044433594,1.0,0.1653859317302703,1.0,1.0,0.7485071420669556,1.0,-0.4914600551128387,0.2191443443298339,0.2723157107830047,0.0926512777805328,0.0,0.0,0.0,32.094757080078125,25.0,-84.84455108642578,-0.0,33.577789306640625,1.0,293.1499938964844,293.1499938964844,293.1499938964844,293.1499938964844,293.1499938964844,293.1499938964844,278.1499938964844,0.0,18000.0,313.1499938964844,0.0,18000.0,0.0,0.0,0.0,0.0,0.0,0.0,0.0,0.0,0.0,0.0,-0.0,-0.0,0.0,0.0,0.0,0.0,0.0,-0.0,0.0,0.0,0.0,0.0,0.0,0.0,0.0,0.0,0.0,4.0,0.0,0.0
11946300,296.91192626953125,297.1499938964844,293.1499938964844,0.0,-0.0,291.65606689453125,0.5174440145492554,0.050000000745058,0.0460959933698177,296.9045104980469,297.1499938964844,293.1499938964844,0.0,-0.0,291.65606689453125,0.5174440145492554,0.050000000745058,0.0485412999987602,296.9203491210937,297.1499938964844,293.1499938964844,0.0,-0.0,291.65606689453125,0.5174440145492554,0.050000000745058,0.0358524397015571,296.8794860839844,297.1499938964844,293.1499938964844,0.0,-0.0,291.65606689453125,0.5174440145492554,0.050000000745058,0.0485412999987602,297.1677551269531,297.1499938964844,293.1499938964844,0.0,-0.0,291.65606689453125,0.5174440145492554,0.050000000745058,0.2302590310573578,291.6531066894531,291.1499938964844,284.25,283.8969421386719,291.384521484375,297.1680908203125,291.6376953125,1.0,0.1639275699853897,1.0,1.0,0.7340793013572693,1.0,-0.4911637306213379,0.2204674333333969,0.2706962823867798,0.0945119932293891,0.0,0.0,0.0,31.35600852966309,25.0,-86.41213989257812,-0.0,32.93251419067383,1.0,293.1499938964844,293.1499938964844,293.1499938964844,293.1499938964844,293.1499938964844,293.1499938964844,278.1499938964844,0.0,18000.0,313.1499938964844,0.0,18000.0,0.0,0.0,0.0,0.0,0.0,0.0,0.0,0.0,0.0,0.0,-0.0,-0.0,0.0,0.0,0.0,0.0,0.0,-0.0,0.0,0.0,0.0,0.0,0.0,0.0,0.0,0.0,0.0,4.0,0.0,0.0
11946360,296.9115600585937,297.1499938964844,293.1499938964844,0.0,-0.0,291.625,0.5197345614433289,0.050000000745058,0.0460712499916553,296.9039001464844,297.1499938964844,293.1499938964844,0.0,-0.0,291.625,0.5197345614433289,0.050000000745058,0.0485152415931224,296.9196472167969,297.1499938964844,293.1499938964844,0.0,-0.0,291.625,0.5197345614433289,0.050000000745058,0.0358331948518753,296.87890625,297.1499938964844,293.1499938964844,0.0,-0.0,291.625,0.5197345614433289,0.050000000745058,0.0485152415931224,297.1666259765625,297.1499938964844,293.1499938964844,0.0,-0.0,291.625,0.5197345614433289,0.050000000745058,0.2301354259252548,291.6219482421875,291.1499938964844,284.25,283.8981018066406,291.348876953125,297.1669616699219,291.60601806640625,1.0,0.1626190394163131,1.0,1.0,0.7227491736412048,1.0,-0.4909000694751739,0.2216310799121856,0.2692689895629883,0.0962103605270385,0.0,0.0,0.0,30.699256896972656,25.0,-88.22602844238281,-0.0,32.35947799682617,1.0,293.1499938964844,293.1499938964844,293.1499938964844,293.1499938964844,293.1499938964844,293.1499938964844,278.1499938964844,0.0,18000.0,313.1499938964844,0.0,18000.0,0.0,0.0,0.0,0.0,0.0,0.0,0.0,0.0,0.0,0.0,-0.0,-0.0,0.0,0.0,0.0,0.0,0.0,-0.0,0.0,0.0,0.0,0.0,0.0,0.0,0.0,0.0,0.0,4.0,0.0,0.0
11946420,296.910888671875,297.1499938964844,293.1499938964844,0.0,-0.0,291.560791015625,0.5238074064254761,0.050000000745058,0.0460294969379901,296.9027709960937,297.1499938964844,293.1499938964844,0.0,-0.0,291.560791015625,0.5238074064254761,0.050000000745058,0.04847127571702,296.9182434082031,297.1499938964844,293.1499938964844,0.0,-0.0,291.560791015625,0.5238074064254761,0.050000000745058,0.0358007177710533,296.876708984375,297.1499938964844,293.1499938964844,0.0,-0.0,291.560791015625,0.5238074064254761,0.050000000745058,0.04847127571702,297.16436767578125,297.1499938964844,293.1499938964844,0.0,-0.0,291.560791015625,0.5238074064254761,0.050000000745058,0.2299268692731857,291.5576171875,291.1499938964844,284.25,283.9005126953125,291.27166748046875,297.1647033691406,291.5411376953125,1.0,0.1603883355855941,1.0,1.0,0.7000889182090759,1.0,-0.4904552102088928,0.2243852168321609,0.2660699784755707,0.10002201795578,0.0,0.0,0.0,29.59283447265625,25.0,-91.69904327392578,-0.0,31.3955078125,1.0,293.1499938964844,293.1499938964844,293.1499938964844,293.1499938964844,293.1499938964844,293.1499938964844,278.1499938964844,0.0,18000.0,313.1499938964844,0.0,18000.0,0.0,0.0,0.0,0.0,0.0,0.0,0.0,0.0,0.0,0.0,-0.0,-0.0,0.0,0.0,0.0,0.0,0.0,-0.0,0.0,0.0,0.0,0.0,0.0,0.0,0.0,0.0,0.0,4.0,0.0,0.0
11946480,296.910888671875,297.1499938964844,293.1499938964844,0.0,-0.0,291.560791015625,0.5238074064254761,0.050000000745058,0.0460294969379901,296.9027709960937,297.1499938964844,293.1499938964844,0.0,-0.0,291.560791015625,0.5238074064254761,0.050000000745058,0.04847127571702,296.9182434082031,297.1499938964844,293.1499938964844,0.0,-0.0,291.560791015625,0.5238074064254761,0.050000000745058,0.0358007177710533,296.876708984375,297.1499938964844,293.1499938964844,0.0,-0.0,291.560791015625,0.5238074064254761,0.050000000745058,0.04847127571702,297.16436767578125,297.1499938964844,293.1499938964844,0.0,-0.0,291.560791015625,0.5238074064254761,0.050000000745058,0.2299268692731857,291.5576171875,291.1499938964844,284.25,283.9005126953125,291.27166748046875,297.1647033691406,291.5411376953125,1.0,0.1603883355855941,1.0,1.0,0.7000889182090759,1.0,-0.4904552102088928,0.2243852168321609,0.2660699784755707,0.10002201795578,0.0,0.0,0.0,29.59283447265625,25.0,-91.69904327392578,-0.0,31.3955078125,1.0,293.1499938964844,293.1499938964844,293.1499938964844,293.1499938964844,293.1499938964844,293.1499938964844,278.1499938964844,0.0,18000.0,313.1499938964844,0.0,18000.0,0.0,0.0,0.0,0.0,0.0,0.0,0.0,0.0,0.0,0.0,-0.0,-0.0,0.0,0.0,0.0,0.0,0.0,-0.0,0.0,0.0,0.0,0.0,0.0,0.0,0.0,0.0,0.0,4.0,0.0,0.0
11946540,296.9101257324219,297.1499938964844,293.1499938964844,0.0,-0.0,291.4930419921875,0.5272618532180786,0.050000000745058,0.0459961369633674,296.90167236328125,297.1499938964844,293.1499938964844,0.0,-0.0,291.4930419921875,0.5272618532180786,0.050000000745058,0.0484361462295055,296.9168701171875,297.1499938964844,293.1499938964844,0.0,-0.0,291.4930419921875,0.5272618532180786,0.050000000745058,0.0357747711241245,296.8721618652344,297.1499938964844,293.1499938964844,0.0,-0.0,291.4930419921875,0.5272618532180786,0.050000000745058,0.0484361462295055,297.1620483398437,297.1499938964844,293.1499938964844,0.0,-0.0,291.4930419921875,0.5272618532180786,0.050000000745058,0.2297602295875549,291.4896240234375,291.1499938964844,284.25,283.9029846191406,291.1767272949219,297.16241455078125,291.4716491699219,1.0,0.1585861295461654,1.0,1.0,0.677428662776947,1.0,-0.4900997579097748,0.2278635501861572,0.2622362077236175,0.1045415252447128,0.0,0.0,0.0,28.71099853515625,25.0,-98.97588348388672,-0.0,30.628549575805664,1.0,293.1499938964844,293.1499938964844,293.1499938964844,293.1499938964844,293.1499938964844,293.1499938964844,278.1499938964844,0.0,18000.0,313.1499938964844,0.0,18000.0,0.0,0.0,0.0,0.0,0.0,0.0,0.0,0.0,0.0,0.0,-0.0,-0.0,0.0,0.0,0.0,0.0,0.0,-0.0,0.0,0.0,0.0,0.0,0.0,0.0,0.0,0.0,0.0,4.0,0.0,0.0
11946600,296.9101257324219,297.1499938964844,293.1499938964844,0.0,-0.0,291.4930419921875,0.5272618532180786,0.050000000745058,0.0459961369633674,296.90167236328125,297.1499938964844,293.1499938964844,0.0,-0.0,291.4930419921875,0.5272618532180786,0.050000000745058,0.0484361462295055,296.9168701171875,297.1499938964844,293.1499938964844,0.0,-0.0,291.4930419921875,0.5272618532180786,0.050000000745058,0.0357747711241245,296.8721618652344,297.1499938964844,293.1499938964844,0.0,-0.0,291.4930419921875,0.5272618532180786,0.050000000745058,0.0484361462295055,297.1620483398437,297.1499938964844,293.1499938964844,0.0,-0.0,291.4930419921875,0.5272618532180786,0.050000000745058,0.2297602295875549,291.4896240234375,291.1499938964844,284.25,283.9029846191406,291.1767272949219,297.16241455078125,291.4716491699219,1.0,0.1585861295461654,1.0,1.0,0.677428662776947,1.0,-0.4900997579097748,0.2278635501861572,0.2622362077236175,0.1045415252447128,0.0,0.0,0.0,28.71099853515625,25.0,-98.97588348388672,-0.0,30.628549575805664,1.0,293.1499938964844,293.1499938964844,293.1499938964844,293.1499938964844,293.1499938964844,293.1499938964844,278.1499938964844,0.0,18000.0,313.1499938964844,0.0,18000.0,0.0,0.0,0.0,0.0,0.0,0.0,0.0,0.0,0.0,0.0,-0.0,-0.0,0.0,0.0,0.0,0.0,0.0,-0.0,0.0,0.0,0.0,0.0,0.0,0.0,0.0,0.0,0.0,4.0,0.0,0.0
11946660,296.9092712402344,297.1499938964844,293.1499938964844,0.0,-0.0,291.41949462890625,0.5301728248596191,0.050000000745058,0.0459693484008312,296.9004821777344,297.1499938964844,293.1499938964844,0.0,-0.0,291.41949462890625,0.5301728248596191,0.050000000745058,0.0484079346060752,296.9154052734375,297.1499938964844,293.1499938964844,0.0,-0.0,291.41949462890625,0.5301728248596191,0.050000000745058,0.0357539355754852,296.8662109375,297.1499938964844,293.1499938964844,0.0,-0.0,291.41949462890625,0.5301728248596191,0.050000000745058,0.0484079346060752,297.15948486328125,297.1499938964844,293.1499938964844,0.0,-0.0,291.41949462890625,0.5301728248596191,0.050000000745058,0.2296264022588729,291.41583251953125,291.1499938964844,284.25,283.90545654296875,291.09283447265625,297.159912109375,291.39703369140625,1.0,0.1571265757083892,1.0,1.0,0.6613173484802246,1.0,-0.4898143410682678,0.2307752072811126,0.2590391337871551,0.108482651412487,0.0,0.0,0.0,28.00486183166504,25.0,-104.17837524414062,-0.0,30.01513862609864,1.0,293.1499938964844,293.1499938964844,293.1499938964844,293.1499938964844,293.1499938964844,293.1499938964844,278.1499938964844,0.0,18000.0,313.1499938964844,0.0,18000.0,0.0,0.0,0.0,0.0,0.0,0.0,0.0,0.0,0.0,0.0,-0.0,-0.0,0.0,0.0,0.0,0.0,0.0,-0.0,0.0,0.0,0.0,0.0,0.0,0.0,0.0,0.0,0.0,4.0,0.0,0.0
11946720,296.9092712402344,297.1499938964844,293.1499938964844,0.0,-0.0,291.41949462890625,0.5301728248596191,0.050000000745058,0.0459693484008312,296.9004821777344,297.1499938964844,293.1499938964844,0.0,-0.0,291.41949462890625,0.5301728248596191,0.050000000745058,0.0484079346060752,296.9154052734375,297.1499938964844,293.1499938964844,0.0,-0.0,291.41949462890625,0.5301728248596191,0.050000000745058,0.0357539355754852,296.8662109375,297.1499938964844,293.1499938964844,0.0,-0.0,291.41949462890625,0.5301728248596191,0.050000000745058,0.0484079346060752,297.15948486328125,297.1499938964844,293.1499938964844,0.0,-0.0,291.41949462890625,0.5301728248596191,0.050000000745058,0.2296264022588729,291.41583251953125,291.1499938964844,284.25,283.90545654296875,291.09283447265625,297.159912109375,291.39703369140625,1.0,0.1571265757083892,1.0,1.0,0.6613173484802246,1.0,-0.4898143410682678,0.2307752072811126,0.2590391337871551,0.108482651412487,0.0,0.0,0.0,28.00486183166504,25.0,-104.17837524414062,-0.0,30.01513862609864,1.0,293.1499938964844,293.1499938964844,293.1499938964844,293.1499938964844,293.1499938964844,293.1499938964844,278.1499938964844,0.0,18000.0,313.1499938964844,0.0,18000.0,0.0,0.0,0.0,0.0,0.0,0.0,0.0,0.0,0.0,0.0,-0.0,-0.0,0.0,0.0,0.0,0.0,0.0,-0.0,0.0,0.0,0.0,0.0,0.0,0.0,0.0,0.0,0.0,4.0,0.0,0.0
11946780,296.9081420898437,297.1499938964844,293.1499938964844,0.0,-0.0,291.3439025878906,0.5326144099235535,0.050000000745058,0.0459477379918098,296.8992004394531,297.1499938964844,293.1499938964844,0.0,-0.0,291.3439025878906,0.5326144099235535,0.050000000745058,0.0483851805329322,296.913818359375,297.1499938964844,293.1499938964844,0.0,-0.0,291.3439025878906,0.5326144099235535,0.050000000745058,0.0357371270656585,296.85943603515625,297.1499938964844,293.1499938964844,0.0,-0.0,291.3439025878906,0.5326144099235535,0.050000000745058,0.0483851805329322,297.15673828125,297.1499938964844,293.1499938964844,0.0,-0.0,291.3439025878906,0.5326144099235535,0.050000000745058,0.2295184582471847,291.34014892578125,291.1499938964844,284.25,283.90789794921875,291.0011901855469,297.1571655273437,291.32061767578125,1.0,0.1559427082538604,1.0,1.0,0.6452059745788574,1.0,-0.4895841181278229,0.2341445088386535,0.2554396092891693,0.1128617078065872,0.0,0.0,0.0,27.43722152709961,25.0,-108.55479431152344,-0.0,29.52263259887696,1.0,293.1499938964844,293.1499938964844,293.1499938964844,293.1499938964844,293.1499938964844,293.1499938964844,278.1499938964844,0.0,18000.0,313.1499938964844,0.0,18000.0,0.0,0.0,0.0,0.0,0.0,0.0,0.0,0.0,0.0,0.0,-0.0,-0.0,0.0,0.0,0.0,0.0,0.0,-0.0,0.0,0.0,0.0,0.0,0.0,0.0,0.0,0.0,0.0,4.0,0.0,0.0
11946840,296.9081420898437,297.1499938964844,293.1499938964844,0.0,-0.0,291.3439025878906,0.5326144099235535,0.050000000745058,0.0459477379918098,296.8992004394531,297.1499938964844,293.1499938964844,0.0,-0.0,291.3439025878906,0.5326144099235535,0.050000000745058,0.0483851805329322,296.913818359375,297.1499938964844,293.1499938964844,0.0,-0.0,291.3439025878906,0.5326144099235535,0.050000000745058,0.0357371270656585,296.85943603515625,297.1499938964844,293.1499938964844,0.0,-0.0,291.3439025878906,0.5326144099235535,0.050000000745058,0.0483851805329322,297.15673828125,297.1499938964844,293.1499938964844,0.0,-0.0,291.3439025878906,0.5326144099235535,0.050000000745058,0.2295184582471847,291.34014892578125,291.1499938964844,284.25,283.90789794921875,291.0011901855469,297.1571655273437,291.32061767578125,1.0,0.1559427082538604,1.0,1.0,0.6452059745788574,1.0,-0.4895841181278229,0.2341445088386535,0.2554396092891693,0.1128617078065872,0.0,0.0,0.0,27.43722152709961,25.0,-108.55479431152344,-0.0,29.52263259887696,1.0,293.1499938964844,293.1499938964844,293.1499938964844,293.1499938964844,293.1499938964844,293.1499938964844,278.1499938964844,0.0,18000.0,313.1499938964844,0.0,18000.0,0.0,0.0,0.0,0.0,0.0,0.0,0.0,0.0,0.0,0.0,-0.0,-0.0,0.0,0.0,0.0,0.0,0.0,-0.0,0.0,0.0,0.0,0.0,0.0,0.0,0.0,0.0,0.0,4.0,0.0,0.0
11946900,296.90740966796875,297.1499938964844,293.1499938964844,0.0,-0.0,291.3047180175781,0.5336806178092957,0.050000000745058,0.045938529074192,296.8985290527344,297.1499938964844,293.1499938964844,0.0,-0.0,291.3047180175781,0.5336806178092957,0.050000000745058,0.0483754836022853,296.9129638671875,297.1499938964844,293.1499938964844,0.0,-0.0,291.3047180175781,0.5336806178092957,0.050000000745058,0.0357299670577049,296.8558349609375,297.1499938964844,293.1499938964844,0.0,-0.0,291.3047180175781,0.5336806178092957,0.050000000745058,0.0483754836022853,297.1552734375,297.1499938964844,293.1499938964844,0.0,-0.0,291.3047180175781,0.5336806178092957,0.050000000745058,0.2294724732637405,291.30084228515625,291.1499938964844,284.25,283.9090576171875,290.9502258300781,297.1557312011719,291.2806701660156,1.0,0.1554371118545532,1.0,1.0,0.6371503472328186,1.0,-0.4894860386848449,0.2360327094793319,0.2534533441066742,0.115245945751667,0.0,0.0,0.0,27.19617080688477,25.0,-111.82994079589844,-0.0,29.31366920471192,1.0,293.1499938964844,293.1499938964844,293.1499938964844,293.1499938964844,293.1499938964844,293.1499938964844,278.1499938964844,0.0,18000.0,313.1499938964844,0.0,18000.0,0.0,0.0,0.0,0.0,0.0,0.0,0.0,0.0,0.0,0.0,-0.0,-0.0,0.0,0.0,0.0,0.0,0.0,-0.0,0.0,0.0,0.0,0.0,0.0,0.0,0.0,0.0,0.0,4.0,0.0,0.0
11946960,296.9065856933594,297.1499938964844,293.1499938964844,0.0,-0.0,291.2642517089844,0.5346536040306091,0.050000000745058,0.0459302477538585,296.8978271484375,297.1499938964844,293.1499938964844,0.0,-0.0,291.2642517089844,0.5346536040306091,0.050000000745058,0.0483667626976966,296.9120483398437,297.1499938964844,293.1499938964844,0.0,-0.0,291.2642517089844,0.5346536040306091,0.050000000745058,0.0357235260307788,296.8521423339844,297.1499938964844,293.1499938964844,0.0,-0.0,291.2642517089844,0.5346536040306091,0.050000000745058,0.0483667626976966,297.1537780761719,297.1499938964844,293.1499938964844,0.0,-0.0,291.2642517089844,0.5346536040306091,0.050000000745058,0.2294310927391052,291.26025390625,291.1499938964844,284.25,283.91015625,290.91455078125,297.1542358398437,291.2396850585937,1.0,0.1549811214208603,1.0,1.0,0.632766604423523,1.0,-0.489397794008255,0.2371054291725158,0.2522923648357391,0.1168124750256538,0.0,0.0,0.0,26.979637145996094,25.0,-113.03406524658205,-0.0,29.12592124938965,1.0,293.1499938964844,293.1499938964844,293.1499938964844,293.1499938964844,293.1499938964844,293.1499938964844,278.1499938964844,0.0,18000.0,313.1499938964844,0.0,18000.0,0.0,0.0,0.0,0.0,0.0,0.0,0.0,0.0,0.0,0.0,-0.0,-0.0,0.0,0.0,0.0,0.0,0.0,-0.0,0.0,0.0,0.0,0.0,0.0,0.0,0.0,0.0,0.0,4.0,0.0,0.0
11947020,296.90484619140625,297.1499938964844,293.1499938964844,0.0,-0.0,291.1849670410156,0.5363515615463257,0.050000000745058,0.0459160506725311,296.89630126953125,297.1499938964844,293.1499938964844,0.0,-0.0,291.1849670410156,0.5363515615463257,0.050000000745058,0.0483518131077289,296.91015625,297.1499938964844,293.1499938964844,0.0,-0.0,291.1849670410156,0.5363515615463257,0.050000000745058,0.0357124842703342,296.84454345703125,297.1499938964844,293.1499938964844,0.0,-0.0,291.1849670410156,0.5363515615463257,0.050000000745058,0.0483518131077289,297.1506042480469,297.1499938964844,293.1499938964844,0.0,-0.0,291.1849670410156,0.5363515615463257,0.050000000745058,0.2293601930141449,291.18121337890625,291.1499938964844,284.25,283.9122619628906,290.8544006347656,297.1510925292969,291.1621398925781,1.0,0.1541990786790847,1.0,1.0,0.6239991188049316,1.0,-0.4892465770244598,0.2392721474170684,0.2499744445085525,0.1199454292654991,0.0,0.0,0.0,26.60986328125,25.0,-108.06230926513672,-0.0,28.80546188354492,1.0,293.1499938964844,293.1499938964844,293.1499938964844,293.1499938964844,293.1499938964844,293.1499938964844,278.1499938964844,0.0,18000.0,313.1499938964844,0.0,18000.0,0.0,0.0,0.0,0.0,0.0,0.0,0.0,0.0,0.0,0.0,-0.0,-0.0,0.0,0.0,0.0,0.0,0.0,-0.0,0.0,0.0,0.0,0.0,0.0,0.0,0.0,0.0,0.0,4.0,0.0,0.0
11947080,296.90484619140625,297.1499938964844,293.1499938964844,0.0,-0.0,291.1849670410156,0.5363515615463257,0.050000000745058,0.0459160506725311,296.89630126953125,297.1499938964844,293.1499938964844,0.0,-0.0,291.1849670410156,0.5363515615463257,0.050000000745058,0.0483518131077289,296.91015625,297.1499938964844,293.1499938964844,0.0,-0.0,291.1849670410156,0.5363515615463257,0.050000000745058,0.0357124842703342,296.84454345703125,297.1499938964844,293.1499938964844,0.0,-0.0,291.1849670410156,0.5363515615463257,0.050000000745058,0.0483518131077289,297.1506042480469,297.1499938964844,293.1499938964844,0.0,-0.0,291.1849670410156,0.5363515615463257,0.050000000745058,0.2293601930141449,291.18121337890625,291.1499938964844,284.25,283.9122619628906,290.8544006347656,297.1510925292969,291.1621398925781,1.0,0.1541990786790847,1.0,1.0,0.6239991188049316,1.0,-0.4892465770244598,0.2392721474170684,0.2499744445085525,0.1199454292654991,0.0,0.0,0.0,26.60986328125,25.0,-108.06230926513672,-0.0,28.80546188354492,1.0,293.1499938964844,293.1499938964844,293.1499938964844,293.1499938964844,293.1499938964844,293.1499938964844,278.1499938964844,0.0,18000.0,313.1499938964844,0.0,18000.0,0.0,0.0,0.0,0.0,0.0,0.0,0.0,0.0,0.0,0.0,-0.0,-0.0,0.0,0.0,0.0,0.0,0.0,-0.0,0.0,0.0,0.0,0.0,0.0,0.0,0.0,0.0,0.0,4.0,0.0,0.0
11947140,296.9030456542969,297.1499938964844,293.1499938964844,0.0,-0.0,291.11004638671875,0.537763774394989,0.050000000745058,0.0459044873714447,296.8947448730469,297.1499938964844,293.1499938964844,0.0,-0.0,291.11004638671875,0.537763774394989,0.050000000745058,0.0483396388590335,296.908203125,297.1499938964844,293.1499938964844,0.0,-0.0,291.11004638671875,0.537763774394989,0.050000000745058,0.0357034914195537,296.8367919921875,297.1499938964844,293.1499938964844,0.0,-0.0,291.11004638671875,0.537763774394989,0.050000000745058,0.0483396388590335,297.1473083496094,297.1499938964844,293.1499938964844,0.0,-0.0,291.11004638671875,0.537763774394989,0.050000000745058,0.2293024212121963,291.1064147949219,291.1499938964844,284.25,283.9140625,290.7892150878906,297.1478271484375,291.0878295898437,1.0,0.1535623371601104,1.0,1.0,0.6152316331863403,1.0,-0.4891234040260315,0.2416418343782425,0.247481569647789,0.1232472136616706,0.0,0.0,0.0,26.310226440429688,25.0,-104.15824127197266,-0.0,28.545970916748047,1.0,293.1499938964844,293.1499938964844,293.1499938964844,293.1499938964844,293.1499938964844,293.1499938964844,278.1499938964844,0.0,18000.0,313.1499938964844,0.0,18000.0,0.0,0.0,0.0,0.0,0.0,0.0,0.0,0.0,0.0,0.0,-0.0,-0.0,0.0,0.0,0.0,0.0,0.0,-0.0,0.0,0.0,0.0,0.0,0.0,0.0,0.0,0.0,0.0,4.0,0.0,0.0
11947200,296.9030456542969,297.1499938964844,293.1499938964844,0.0,-0.0,291.11004638671875,0.537763774394989,0.050000000745058,0.0459044873714447,296.8947448730469,297.1499938964844,293.1499938964844,0.0,-0.0,291.11004638671875,0.537763774394989,0.050000000745058,0.0483396388590335,296.908203125,297.1499938964844,293.1499938964844,0.0,-0.0,291.11004638671875,0.537763774394989,0.050000000745058,0.0357034914195537,296.8367919921875,297.1499938964844,293.1499938964844,0.0,-0.0,291.11004638671875,0.537763774394989,0.050000000745058,0.0483396388590335,297.1473083496094,297.1499938964844,293.1499938964844,0.0,-0.0,291.11004638671875,0.537763774394989,0.050000000745058,0.2293024212121963,291.1064147949219,291.1499938964844,284.25,283.9140625,290.7892150878906,297.1478271484375,291.0878295898437,1.0,0.1535623371601104,1.0,1.0,0.6152316331863403,1.0,-0.4891234040260315,0.2416418343782425,0.247481569647789,0.1232472136616706,0.0,0.0,0.0,26.310226440429688,25.0,-104.15824127197266,-0.0,28.545970916748047,1.0,293.1499938964844,293.1499938964844,293.1499938964844,293.1499938964844,293.1499938964844,293.1499938964844,278.1499938964844,0.0,18000.0,313.1499938964844,0.0,18000.0,0.0,0.0,0.0,0.0,0.0,0.0,0.0,0.0,0.0,0.0,-0.0,-0.0,0.0,0.0,0.0,0.0,0.0,-0.0,0.0,0.0,0.0,0.0,0.0,0.0,0.0,0.0,0.0,4.0,0.0,0.0
11947260,296.9013671875,297.1499938964844,293.1499938964844,0.0,-0.0,291.0386657714844,0.5389328598976135,0.050000000745058,0.0458950772881507,296.8931579589844,297.1499938964844,293.1499938964844,0.0,-0.0,291.0386657714844,0.5389328598976135,0.050000000745058,0.0483297258615493,296.9062194824219,297.1499938964844,293.1499938964844,0.0,-0.0,291.0386657714844,0.5389328598976135,0.050000000745058,0.0356961712241172,296.8289794921875,297.1499938964844,293.1499938964844,0.0,-0.0,291.0386657714844,0.5389328598976135,0.050000000745058,0.0483297258615493,297.1439819335937,297.1499938964844,293.1499938964844,0.0,-0.0,291.0386657714844,0.5389328598976135,0.050000000745058,0.2292554080486297,291.0353698730469,291.1499938964844,284.25,283.9155578613281,290.7739562988281,297.1445007324219,291.0194091796875,1.0,0.1530436426401138,1.0,1.0,0.6139334440231323,1.0,-0.4890231788158417,0.2418393790721893,0.2471837997436523,0.1243472471833229,0.0,0.0,0.0,26.0675048828125,25.0,-90.95149230957033,-0.0,28.33555603027344,1.0,293.1499938964844,293.1499938964844,293.1499938964844,293.1499938964844,293.1499938964844,293.1499938964844,278.1499938964844,0.0,18000.0,313.1499938964844,0.0,18000.0,0.0,0.0,0.0,0.0,0.0,0.0,0.0,0.0,0.0,0.0,-0.0,-0.0,0.0,0.0,0.0,0.0,0.0,-0.0,0.0,0.0,0.0,0.0,0.0,0.0,0.0,0.0,0.0,4.0,0.0,0.0
11947320,296.9013671875,297.1499938964844,293.1499938964844,0.0,-0.0,291.0386657714844,0.5389328598976135,0.050000000745058,0.0458950772881507,296.8931579589844,297.1499938964844,293.1499938964844,0.0,-0.0,291.0386657714844,0.5389328598976135,0.050000000745058,0.0483297258615493,296.9062194824219,297.1499938964844,293.1499938964844,0.0,-0.0,291.0386657714844,0.5389328598976135,0.050000000745058,0.0356961712241172,296.8289794921875,297.1499938964844,293.1499938964844,0.0,-0.0,291.0386657714844,0.5389328598976135,0.050000000745058,0.0483297258615493,297.1439819335937,297.1499938964844,293.1499938964844,0.0,-0.0,291.0386657714844,0.5389328598976135,0.050000000745058,0.2292554080486297,291.0353698730469,291.1499938964844,284.25,283.9155578613281,290.7739562988281,297.1445007324219,291.0194091796875,1.0,0.1530436426401138,1.0,1.0,0.6139334440231323,1.0,-0.4890231788158417,0.2418393790721893,0.2471837997436523,0.1243472471833229,0.0,0.0,0.0,26.0675048828125,25.0,-90.95149230957033,-0.0,28.33555603027344,1.0,293.1499938964844,293.1499938964844,293.1499938964844,293.1499938964844,293.1499938964844,293.1499938964844,278.1499938964844,0.0,18000.0,313.1499938964844,0.0,18000.0,0.0,0.0,0.0,0.0,0.0,0.0,0.0,0.0,0.0,0.0,-0.0,-0.0,0.0,0.0,0.0,0.0,0.0,-0.0,0.0,0.0,0.0,0.0,0.0,0.0,0.0,0.0,0.0,4.0,0.0,0.0
11947380,296.8999328613281,297.1499938964844,293.1499938964844,0.0,-0.0,290.9805908203125,0.5399016737937927,0.050000000745058,0.0458873845636844,296.89166259765625,297.1499938964844,293.1499938964844,0.0,-0.0,290.9805908203125,0.5399016737937927,0.050000000745058,0.0483216270804405,296.9043273925781,297.1499938964844,293.1499938964844,0.0,-0.0,290.9805908203125,0.5399016737937927,0.050000000745058,0.0356901884078979,296.8213195800781,297.1499938964844,293.1499938964844,0.0,-0.0,290.9805908203125,0.5399016737937927,0.050000000745058,0.0483216270804405,297.1407165527344,297.1499938964844,293.1499938964844,0.0,-0.0,290.9805908203125,0.5399016737937927,0.050000000745058,0.229216992855072,290.9779663085937,291.1499938964844,284.25,283.9166259765625,290.76739501953125,297.1412048339844,290.96514892578125,1.0,0.1526207774877548,1.0,1.0,0.6126352548599243,1.0,-0.4889412224292755,0.2419863641262054,0.24695485830307,0.1253503412008285,0.0,0.0,0.0,25.87030982971192,25.0,-73.71357727050781,-0.0,28.164627075195312,1.0,293.1499938964844,293.1499938964844,293.1499938964844,293.1499938964844,293.1499938964844,293.1499938964844,278.1499938964844,0.0,18000.0,313.1499938964844,0.0,18000.0,0.0,0.0,0.0,0.0,0.0,0.0,0.0,0.0,0.0,0.0,-0.0,-0.0,0.0,0.0,0.0,0.0,0.0,-0.0,0.0,0.0,0.0,0.0,0.0,0.0,0.0,0.0,0.0,4.0,0.0,0.0
11947440,296.8999328613281,297.1499938964844,293.1499938964844,0.0,-0.0,290.9805908203125,0.5399016737937927,0.050000000745058,0.0458873845636844,296.89166259765625,297.1499938964844,293.1499938964844,0.0,-0.0,290.9805908203125,0.5399016737937927,0.050000000745058,0.0483216270804405,296.9043273925781,297.1499938964844,293.1499938964844,0.0,-0.0,290.9805908203125,0.5399016737937927,0.050000000745058,0.0356901884078979,296.8213195800781,297.1499938964844,293.1499938964844,0.0,-0.0,290.9805908203125,0.5399016737937927,0.050000000745058,0.0483216270804405,297.1407165527344,297.1499938964844,293.1499938964844,0.0,-0.0,290.9805908203125,0.5399016737937927,0.050000000745058,0.229216992855072,290.9779663085937,291.1499938964844,284.25,283.9166259765625,290.76739501953125,297.1412048339844,290.96514892578125,1.0,0.1526207774877548,1.0,1.0,0.6126352548599243,1.0,-0.4889412224292755,0.2419863641262054,0.24695485830307,0.1253503412008285,0.0,0.0,0.0,25.87030982971192,25.0,-73.71357727050781,-0.0,28.164627075195312,1.0,293.1499938964844,293.1499938964844,293.1499938964844,293.1499938964844,293.1499938964844,293.1499938964844,278.1499938964844,0.0,18000.0,313.1499938964844,0.0,18000.0,0.0,0.0,0.0,0.0,0.0,0.0,0.0,0.0,0.0,0.0,-0.0,-0.0,0.0,0.0,0.0,0.0,0.0,-0.0,0.0,0.0,0.0,0.0,0.0,0.0,0.0,0.0,0.0,4.0,0.0,0.0
11947500,296.8993530273437,297.1499938964844,293.1499938964844,0.0,-0.0,290.9557800292969,0.5403215289115906,0.050000000745058,0.0458840802311897,296.8909606933594,297.1499938964844,293.1499938964844,0.0,-0.0,290.9557800292969,0.5403215289115906,0.050000000745058,0.0483181439340114,296.9034423828125,297.1499938964844,293.1499938964844,0.0,-0.0,290.9557800292969,0.5403215289115906,0.050000000745058,0.035687617957592,296.8175964355469,297.1499938964844,293.1499938964844,0.0,-0.0,290.9557800292969,0.5403215289115906,0.050000000745058,0.0483181439340114,297.13916015625,297.1499938964844,293.1499938964844,0.0,-0.0,290.9557800292969,0.5403215289115906,0.050000000745058,0.2292004823684692,290.9533996582031,291.1499938964844,284.25,283.9170227050781,290.7639465332031,297.1396179199219,290.94171142578125,1.0,0.15243960916996,1.0,1.0,0.6119861006736755,1.0,-0.4889060258865356,0.2420695573091507,0.2468364834785461,0.1258419305086136,0.0,0.0,0.0,25.786020278930664,25.0,-66.2630386352539,-0.0,28.091571807861328,1.0,293.1499938964844,293.1499938964844,293.1499938964844,293.1499938964844,293.1499938964844,293.1499938964844,278.1499938964844,0.0,18000.0,313.1499938964844,0.0,18000.0,0.0,0.0,0.0,0.0,0.0,0.0,0.0,0.0,0.0,0.0,-0.0,-0.0,0.0,0.0,0.0,0.0,0.0,-0.0,0.0,0.0,0.0,0.0,0.0,0.0,0.0,0.0,0.0,4.0,0.0,0.0
11947560,296.8988647460937,297.1499938964844,293.1499938964844,0.0,-0.0,290.9332580566406,0.5407024025917053,0.050000000745058,0.0458810962736606,296.89031982421875,297.1499938964844,293.1499938964844,0.0,-0.0,290.9332580566406,0.5407024025917053,0.050000000745058,0.0483150035142898,296.9026184082031,297.1499938964844,293.1499938964844,0.0,-0.0,290.9332580566406,0.5407024025917053,0.050000000745058,0.035685297101736,296.8139343261719,297.1499938964844,293.1499938964844,0.0,-0.0,290.9332580566406,0.5407024025917053,0.050000000745058,0.0483150035142898,297.1376342773437,297.1499938964844,293.1499938964844,0.0,-0.0,290.9332580566406,0.5407024025917053,0.050000000745058,0.2291855812072754,290.9311218261719,291.1499938964844,284.25,283.9172668457031,290.7782897949219,297.1380920410156,290.9208984375,1.0,0.1522758454084396,1.0,1.0,0.6142895817756653,1.0,-0.4888742566108703,0.2412632554769516,0.2476110160350799,0.1254339963197708,0.0,0.0,0.0,25.7100830078125,25.0,-56.9347038269043,-0.0,28.025619506835938,1.0,293.1499938964844,293.1499938964844,293.1499938964844,293.1499938964844,293.1499938964844,293.1499938964844,278.1499938964844,0.0,18000.0,313.1499938964844,0.0,18000.0,0.0,0.0,0.0,0.0,0.0,0.0,0.0,0.0,0.0,0.0,-0.0,-0.0,0.0,0.0,0.0,0.0,0.0,-0.0,0.0,0.0,0.0,0.0,0.0,0.0,0.0,0.0,0.0,4.0,0.0,0.0
11947620,296.8982849121094,297.1499938964844,293.1499938964844,0.0,-0.0,290.9003601074219,0.5413632392883301,0.050000000745058,0.0458759553730487,296.88922119140625,297.1499938964844,293.1499938964844,0.0,-0.0,290.9003601074219,0.5413632392883301,0.050000000745058,0.0483095906674861,296.9011535644531,297.1499938964844,293.1499938964844,0.0,-0.0,290.9003601074219,0.5413632392883301,0.050000000745058,0.0356812998652458,296.806884765625,297.1499938964844,293.1499938964844,0.0,-0.0,290.9003601074219,0.5413632392883301,0.050000000745058,0.0483095906674861,297.134765625,297.1499938964844,293.1499938964844,0.0,-0.0,290.9003601074219,0.5413632392883301,0.050000000745058,0.2291598916053772,290.89910888671875,291.1499938964844,284.25,283.9173583984375,290.82061767578125,297.1351928710937,290.89361572265625,1.0,0.1519942730665207,1.0,1.0,0.618896484375,1.0,-0.4888195097446441,0.2395809292793274,0.2492385953664779,0.124502494931221,0.0,0.0,0.0,25.579805374145508,25.0,-32.96761703491211,-0.0,27.912425994873047,1.0,293.1499938964844,293.1499938964844,293.1499938964844,293.1499938964844,293.1499938964844,293.1499938964844,278.1499938964844,0.0,18000.0,313.1499938964844,0.0,18000.0,0.0,0.0,0.0,0.0,0.0,0.0,0.0,0.0,0.0,0.0,-0.0,-0.0,0.0,0.0,0.0,0.0,0.0,-0.0,0.0,0.0,0.0,0.0,0.0,0.0,0.0,0.0,0.0,4.0,0.0,0.0
11947680,296.8982849121094,297.1499938964844,293.1499938964844,0.0,-0.0,290.9003601074219,0.5413632392883301,0.050000000745058,0.0458759553730487,296.88922119140625,297.1499938964844,293.1499938964844,0.0,-0.0,290.9003601074219,0.5413632392883301,0.050000000745058,0.0483095906674861,296.9011535644531,297.1499938964844,293.1499938964844,0.0,-0.0,290.9003601074219,0.5413632392883301,0.050000000745058,0.0356812998652458,296.806884765625,297.1499938964844,293.1499938964844,0.0,-0.0,290.9003601074219,0.5413632392883301,0.050000000745058,0.0483095906674861,297.134765625,297.1499938964844,293.1499938964844,0.0,-0.0,290.9003601074219,0.5413632392883301,0.050000000745058,0.2291598916053772,290.89910888671875,291.1499938964844,284.25,283.9173583984375,290.82061767578125,297.1351928710937,290.89361572265625,1.0,0.1519942730665207,1.0,1.0,0.618896484375,1.0,-0.4888195097446441,0.2395809292793274,0.2492385953664779,0.124502494931221,0.0,0.0,0.0,25.579805374145508,25.0,-32.96761703491211,-0.0,27.912425994873047,1.0,293.1499938964844,293.1499938964844,293.1499938964844,293.1499938964844,293.1499938964844,293.1499938964844,278.1499938964844,0.0,18000.0,313.1499938964844,0.0,18000.0,0.0,0.0,0.0,0.0,0.0,0.0,0.0,0.0,0.0,0.0,-0.0,-0.0,0.0,0.0,0.0,0.0,0.0,-0.0,0.0,0.0,0.0,0.0,0.0,0.0,0.0,0.0,0.0,4.0,0.0,0.0
11947740,296.8981018066406,297.1499938964844,293.1499938964844,0.0,-0.0,290.8838806152344,0.5419090986251831,0.050000000745058,0.0458717383444309,296.8884582519531,297.1499938964844,293.1499938964844,0.0,-0.0,290.8838806152344,0.5419090986251831,0.050000000745058,0.0483051501214504,296.9000549316406,297.1499938964844,293.1499938964844,0.0,-0.0,290.8838806152344,0.5419090986251831,0.050000000745058,0.0356780216097831,296.8003234863281,297.1499938964844,293.1499938964844,0.0,-0.0,290.8838806152344,0.5419090986251831,0.050000000745058,0.0483051501214504,297.1322631835937,297.1499938964844,293.1499938964844,0.0,-0.0,290.8838806152344,0.5419090986251831,0.050000000745058,0.2291388362646103,290.8833312988281,291.1499938964844,284.25,283.9168395996094,290.8613586425781,297.13262939453125,290.881103515625,1.0,0.151764303445816,1.0,1.0,0.6235034465789795,1.0,-0.4887746274471283,0.2379704266786575,0.2508042156696319,0.1235757023096084,0.0,0.0,0.0,25.47364997863769,25.0,-12.948966979980469,-0.0,27.82015037536621,1.0,293.1499938964844,293.1499938964844,293.1499938964844,293.1499938964844,293.1499938964844,293.1499938964844,278.1499938964844,0.0,18000.0,313.1499938964844,0.0,18000.0,0.0,0.0,0.0,0.0,0.0,0.0,0.0,0.0,0.0,0.0,-0.0,-0.0,0.0,0.0,0.0,0.0,0.0,-0.0,0.0,0.0,0.0,0.0,0.0,0.0,0.0,0.0,0.0,4.0,0.0,0.0
11947800,296.8981018066406,297.1499938964844,293.1499938964844,0.0,-0.0,290.8838806152344,0.5419090986251831,0.050000000745058,0.0458717383444309,296.8884582519531,297.1499938964844,293.1499938964844,0.0,-0.0,290.8838806152344,0.5419090986251831,0.050000000745058,0.0483051501214504,296.9000549316406,297.1499938964844,293.1499938964844,0.0,-0.0,290.8838806152344,0.5419090986251831,0.050000000745058,0.0356780216097831,296.8003234863281,297.1499938964844,293.1499938964844,0.0,-0.0,290.8838806152344,0.5419090986251831,0.050000000745058,0.0483051501214504,297.1322631835937,297.1499938964844,293.1499938964844,0.0,-0.0,290.8838806152344,0.5419090986251831,0.050000000745058,0.2291388362646103,290.8833312988281,291.1499938964844,284.25,283.9168395996094,290.8613586425781,297.13262939453125,290.881103515625,1.0,0.151764303445816,1.0,1.0,0.6235034465789795,1.0,-0.4887746274471283,0.2379704266786575,0.2508042156696319,0.1235757023096084,0.0,0.0,0.0,25.47364997863769,25.0,-12.948966979980469,-0.0,27.82015037536621,1.0,293.1499938964844,293.1499938964844,293.1499938964844,293.1499938964844,293.1499938964844,293.1499938964844,278.1499938964844,0.0,18000.0,313.1499938964844,0.0,18000.0,0.0,0.0,0.0,0.0,0.0,0.0,0.0,0.0,0.0,0.0,-0.0,-0.0,0.0,0.0,0.0,0.0,0.0,-0.0,0.0,0.0,0.0,0.0,0.0,0.0,0.0,0.0,0.0,4.0,0.0,0.0
11947860,296.8981628417969,297.1499938964844,293.1499938964844,0.0,-0.0,290.8798522949219,0.5423587560653687,0.050000000745058,0.0458682887256145,296.8880310058594,297.1499938964844,293.1499938964844,0.0,-0.0,290.8798522949219,0.5423587560653687,0.050000000745058,0.0483015179634094,296.8993530273437,297.1499938964844,293.1499938964844,0.0,-0.0,290.8798522949219,0.5423587560653687,0.050000000745058,0.0356753356754779,296.7943115234375,297.1499938964844,293.1499938964844,0.0,-0.0,290.8798522949219,0.5423587560653687,0.050000000745058,0.0483015179634094,297.1301574707031,297.1499938964844,293.1499938964844,0.0,-0.0,290.8798522949219,0.5423587560653687,0.050000000745058,0.229121595621109,290.8799133300781,291.1499938964844,284.25,283.9156494140625,290.9181213378906,297.13043212890625,290.88104248046875,1.0,0.1515761613845825,1.0,1.0,0.6308358907699585,1.0,-0.4887378811836242,0.2356779128313064,0.253059983253479,0.1218969672918319,0.0,0.0,0.0,25.387126922607425,25.0,6.246736526489258,-0.0,27.744787216186523,1.0,293.1499938964844,293.1499938964844,293.1499938964844,293.1499938964844,293.1499938964844,293.1499938964844,278.1499938964844,0.0,18000.0,313.1499938964844,0.0,18000.0,0.0,0.0,0.0,0.0,0.0,0.0,0.0,0.0,0.0,0.0,-0.0,-0.0,0.0,0.0,0.0,0.0,0.0,-0.0,0.0,0.0,0.0,0.0,0.0,0.0,0.0,0.0,0.0,4.0,0.0,0.0
11947920,296.8981628417969,297.1499938964844,293.1499938964844,0.0,-0.0,290.8798522949219,0.5423587560653687,0.050000000745058,0.0458682887256145,296.8880310058594,297.1499938964844,293.1499938964844,0.0,-0.0,290.8798522949219,0.5423587560653687,0.050000000745058,0.0483015179634094,296.8993530273437,297.1499938964844,293.1499938964844,0.0,-0.0,290.8798522949219,0.5423587560653687,0.050000000745058,0.0356753356754779,296.7943115234375,297.1499938964844,293.1499938964844,0.0,-0.0,290.8798522949219,0.5423587560653687,0.050000000745058,0.0483015179634094,297.1301574707031,297.1499938964844,293.1499938964844,0.0,-0.0,290.8798522949219,0.5423587560653687,0.050000000745058,0.229121595621109,290.8799133300781,291.1499938964844,284.25,283.9156494140625,290.9181213378906,297.13043212890625,290.88104248046875,1.0,0.1515761613845825,1.0,1.0,0.6308358907699585,1.0,-0.4887378811836242,0.2356779128313064,0.253059983253479,0.1218969672918319,0.0,0.0,0.0,25.387126922607425,25.0,6.246736526489258,-0.0,27.744787216186523,1.0,293.1499938964844,293.1499938964844,293.1499938964844,293.1499938964844,293.1499938964844,293.1499938964844,278.1499938964844,0.0,18000.0,313.1499938964844,0.0,18000.0,0.0,0.0,0.0,0.0,0.0,0.0,0.0,0.0,0.0,0.0,-0.0,-0.0,0.0,0.0,0.0,0.0,0.0,-0.0,0.0,0.0,0.0,0.0,0.0,0.0,0.0,0.0,0.0,4.0,0.0,0.0
11947980,296.8985900878906,297.1499938964844,293.1499938964844,0.0,-0.0,290.88922119140625,0.5427285432815552,0.050000000745058,0.0458654649555683,296.8879699707031,297.1499938964844,293.1499938964844,0.0,-0.0,290.88922119140625,0.5427285432815552,0.050000000745058,0.0482985414564609,296.8990478515625,297.1499938964844,293.1499938964844,0.0,-0.0,290.88922119140625,0.5427285432815552,0.050000000745058,0.0356731377542018,296.7889099121094,297.1499938964844,293.1499938964844,0.0,-0.0,290.88922119140625,0.5427285432815552,0.050000000745058,0.0482985414564609,297.12841796875,297.1499938964844,293.1499938964844,0.0,-0.0,290.88922119140625,0.5427285432815552,0.050000000745058,0.2291074991226196,290.889892578125,291.1499938964844,284.25,283.91375732421875,290.9745178222656,297.128662109375,290.8939514160156,1.0,0.1514224708080291,1.0,1.0,0.6381683349609375,1.0,-0.4887078106403351,0.2335022389888763,0.2552055716514587,0.1202556788921356,0.0,0.0,0.0,25.316591262817383,25.0,22.82035255432129,-0.0,27.68330192565918,1.0,293.1499938964844,293.1499938964844,293.1499938964844,293.1499938964844,293.1499938964844,293.1499938964844,278.1499938964844,0.0,18000.0,313.1499938964844,0.0,18000.0,0.0,0.0,0.0,0.0,0.0,0.0,0.0,0.0,0.0,0.0,-0.0,-0.0,0.0,0.0,0.0,0.0,0.0,-0.0,0.0,0.0,0.0,0.0,0.0,0.0,0.0,0.0,0.0,4.0,0.0,0.0
11948040,296.8985900878906,297.1499938964844,293.1499938964844,0.0,-0.0,290.88922119140625,0.5427285432815552,0.050000000745058,0.0458654649555683,296.8879699707031,297.1499938964844,293.1499938964844,0.0,-0.0,290.88922119140625,0.5427285432815552,0.050000000745058,0.0482985414564609,296.8990478515625,297.1499938964844,293.1499938964844,0.0,-0.0,290.88922119140625,0.5427285432815552,0.050000000745058,0.0356731377542018,296.7889099121094,297.1499938964844,293.1499938964844,0.0,-0.0,290.88922119140625,0.5427285432815552,0.050000000745058,0.0482985414564609,297.12841796875,297.1499938964844,293.1499938964844,0.0,-0.0,290.88922119140625,0.5427285432815552,0.050000000745058,0.2291074991226196,290.889892578125,291.1499938964844,284.25,283.91375732421875,290.9745178222656,297.128662109375,290.8939514160156,1.0,0.1514224708080291,1.0,1.0,0.6381683349609375,1.0,-0.4887078106403351,0.2335022389888763,0.2552055716514587,0.1202556788921356,0.0,0.0,0.0,25.316591262817383,25.0,22.82035255432129,-0.0,27.68330192565918,1.0,293.1499938964844,293.1499938964844,293.1499938964844,293.1499938964844,293.1499938964844,293.1499938964844,278.1499938964844,0.0,18000.0,313.1499938964844,0.0,18000.0,0.0,0.0,0.0,0.0,0.0,0.0,0.0,0.0,0.0,0.0,-0.0,-0.0,0.0,0.0,0.0,0.0,0.0,-0.0,0.0,0.0,0.0,0.0,0.0,0.0,0.0,0.0,0.0,4.0,0.0,0.0
11948100,296.89898681640625,297.1499938964844,293.1499938964844,0.0,-0.0,290.8978881835937,0.542887806892395,0.050000000745058,0.0458642542362213,296.8881225585937,297.1499938964844,293.1499938964844,0.0,-0.0,290.8978881835937,0.542887806892395,0.050000000745058,0.0482972674071788,296.8990478515625,297.1499938964844,293.1499938964844,0.0,-0.0,290.8978881835937,0.542887806892395,0.050000000745058,0.0356721952557563,296.7864685058594,297.1499938964844,293.1499938964844,0.0,-0.0,290.8978881835937,0.542887806892395,0.050000000745058,0.0482972674071788,297.1277160644531,297.1499938964844,293.1499938964844,0.0,-0.0,290.8978881835937,0.542887806892395,0.050000000745058,0.2291014343500137,290.8988037109375,291.1499938964844,284.25,283.9125061035156,291.00146484375,297.1279296875,290.9039306640625,1.0,0.1513565331697464,1.0,1.0,0.641834557056427,1.0,-0.4886949062347412,0.2324668020009994,0.2562281191349029,0.1194560080766677,0.0,0.0,0.0,25.28637313842773,25.0,29.394079208374023,-0.0,27.656946182250977,1.0,293.1499938964844,293.1499938964844,293.1499938964844,293.1499938964844,293.1499938964844,293.1499938964844,278.1499938964844,0.0,18000.0,313.1499938964844,0.0,18000.0,0.0,0.0,0.0,0.0,0.0,0.0,0.0,0.0,0.0,0.0,-0.0,-0.0,0.0,0.0,0.0,0.0,0.0,-0.0,0.0,0.0,0.0,0.0,0.0,0.0,0.0,0.0,0.0,4.0,0.0,0.0
11948160,296.8994445800781,297.1499938964844,293.1499938964844,0.0,-0.0,290.9085998535156,0.5430322885513306,0.050000000745058,0.0458631552755832,296.8883361816406,297.1499938964844,293.1499938964844,0.0,-0.0,290.9085998535156,0.5430322885513306,0.050000000745058,0.048296108841896,296.899169921875,297.1499938964844,293.1499938964844,0.0,-0.0,290.9085998535156,0.5430322885513306,0.050000000745058,0.035671342164278,296.7841491699219,297.1499938964844,293.1499938964844,0.0,-0.0,290.9085998535156,0.5430322885513306,0.050000000745058,0.048296108841896,297.1271057128906,297.1499938964844,293.1499938964844,0.0,-0.0,290.9085998535156,0.5430322885513306,0.050000000745058,0.2290959507226944,290.9096984863281,291.1499938964844,284.25,283.9110412597656,291.0262145996094,297.1272888183594,290.915771484375,1.0,0.1512967646121978,1.0,1.0,0.6452142596244812,1.0,-0.4886832237243652,0.2315332144498825,0.2571500241756439,0.118736132979393,0.0,0.0,0.0,25.25899887084961,25.0,34.77168273925781,-0.0,27.63306999206543,1.0,293.1499938964844,293.1499938964844,293.1499938964844,293.1499938964844,293.1499938964844,293.1499938964844,278.1499938964844,0.0,18000.0,313.1499938964844,0.0,18000.0,0.0,0.0,0.0,0.0,0.0,0.0,0.0,0.0,0.0,0.0,-0.0,-0.0,0.0,0.0,0.0,0.0,0.0,-0.0,0.0,0.0,0.0,0.0,0.0,0.0,0.0,0.0,0.0,4.0,0.0,0.0
11948220,296.9007263183594,297.1499938964844,293.1499938964844,0.0,-0.0,290.9347229003906,0.5432808995246887,0.050000000745058,0.0458612702786922,296.8890380859375,297.1499938964844,293.1499938964844,0.0,-0.0,290.9347229003906,0.5432808995246887,0.050000000745058,0.0482941269874572,296.899658203125,297.1499938964844,293.1499938964844,0.0,-0.0,290.9347229003906,0.5432808995246887,0.050000000745058,0.0356698781251907,296.7800598144531,297.1499938964844,293.1499938964844,0.0,-0.0,290.9347229003906,0.5432808995246887,0.050000000745058,0.0482941269874572,297.126220703125,297.1499938964844,293.1499938964844,0.0,-0.0,290.9347229003906,0.5432808995246887,0.050000000745058,0.229086548089981,290.93609619140625,291.1499938964844,284.25,283.9075012207031,291.0723876953125,297.1263122558594,290.94342041015625,1.0,0.1511938720941543,1.0,1.0,0.6519736051559448,1.0,-0.4886631667613983,0.229764387011528,0.2588987648487091,0.1173273473978042,0.0,0.0,0.0,25.211923599243164,25.0,42.34470748901367,-0.0,27.591997146606445,1.0,293.1499938964844,293.1499938964844,293.1499938964844,293.1499938964844,293.1499938964844,293.1499938964844,278.1499938964844,0.0,18000.0,313.1499938964844,0.0,18000.0,0.0,0.0,0.0,0.0,0.0,0.0,0.0,0.0,0.0,0.0,-0.0,-0.0,0.0,0.0,0.0,0.0,0.0,-0.0,0.0,0.0,0.0,0.0,0.0,0.0,0.0,0.0,0.0,4.0,0.0,0.0
11948280,296.9007263183594,297.1499938964844,293.1499938964844,0.0,-0.0,290.9347229003906,0.5432808995246887,0.050000000745058,0.0458612702786922,296.8890380859375,297.1499938964844,293.1499938964844,0.0,-0.0,290.9347229003906,0.5432808995246887,0.050000000745058,0.0482941269874572,296.899658203125,297.1499938964844,293.1499938964844,0.0,-0.0,290.9347229003906,0.5432808995246887,0.050000000745058,0.0356698781251907,296.7800598144531,297.1499938964844,293.1499938964844,0.0,-0.0,290.9347229003906,0.5432808995246887,0.050000000745058,0.0482941269874572,297.126220703125,297.1499938964844,293.1499938964844,0.0,-0.0,290.9347229003906,0.5432808995246887,0.050000000745058,0.229086548089981,290.93609619140625,291.1499938964844,284.25,283.9075012207031,291.0723876953125,297.1263122558594,290.94342041015625,1.0,0.1511938720941543,1.0,1.0,0.6519736051559448,1.0,-0.4886631667613983,0.229764387011528,0.2588987648487091,0.1173273473978042,0.0,0.0,0.0,25.211923599243164,25.0,42.34470748901367,-0.0,27.591997146606445,1.0,293.1499938964844,293.1499938964844,293.1499938964844,293.1499938964844,293.1499938964844,293.1499938964844,278.1499938964844,0.0,18000.0,313.1499938964844,0.0,18000.0,0.0,0.0,0.0,0.0,0.0,0.0,0.0,0.0,0.0,0.0,-0.0,-0.0,0.0,0.0,0.0,0.0,0.0,-0.0,0.0,0.0,0.0,0.0,0.0,0.0,0.0,0.0,0.0,4.0,0.0,0.0
11948340,296.9023132324219,297.1499938964844,293.1499938964844,0.0,-0.0,290.9652709960937,0.5434830784797668,0.050000000745058,0.0458597429096698,296.8900451660156,297.1499938964844,293.1499938964844,0.0,-0.0,290.9652709960937,0.5434830784797668,0.050000000745058,0.0482925176620483,296.9004821777344,297.1499938964844,293.1499938964844,0.0,-0.0,290.9652709960937,0.5434830784797668,0.050000000745058,0.0356686897575855,296.7765808105469,297.1499938964844,293.1499938964844,0.0,-0.0,290.9652709960937,0.5434830784797668,0.050000000745058,0.0482925176620483,297.1256408691406,297.1499938964844,293.1499938964844,0.0,-0.0,290.9652709960937,0.5434830784797668,0.050000000745058,0.2290789037942886,290.96685791015625,291.1499938964844,284.25,283.9029846191406,291.1157531738281,297.1257019042969,290.9750671386719,1.0,0.1511096507310867,1.0,1.0,0.6587329506874084,1.0,-0.4886468946933746,0.2281116843223571,0.2605352103710174,0.1159415394067764,0.0,0.0,0.0,25.173452377319336,25.0,47.194766998291016,-0.0,27.558408737182617,1.0,293.1499938964844,293.1499938964844,293.1499938964844,293.1499938964844,293.1499938964844,293.1499938964844,278.1499938964844,0.0,18000.0,313.1499938964844,0.0,18000.0,0.0,0.0,0.0,0.0,0.0,0.0,0.0,0.0,0.0,0.0,-0.0,-0.0,0.0,0.0,0.0,0.0,0.0,-0.0,0.0,0.0,0.0,0.0,0.0,0.0,0.0,0.0,0.0,4.0,0.0,0.0
11948400,296.9023132324219,297.1499938964844,293.1499938964844,0.0,-0.0,290.9652709960937,0.5434830784797668,0.050000000745058,0.0458597429096698,296.8900451660156,297.1499938964844,293.1499938964844,0.0,-0.0,290.9652709960937,0.5434830784797668,0.050000000745058,0.0482925176620483,296.9004821777344,297.1499938964844,293.1499938964844,0.0,-0.0,290.9652709960937,0.5434830784797668,0.050000000745058,0.0356686897575855,296.7765808105469,297.1499938964844,293.1499938964844,0.0,-0.0,290.9652709960937,0.5434830784797668,0.050000000745058,0.0482925176620483,297.1256408691406,297.1499938964844,293.1499938964844,0.0,-0.0,290.9652709960937,0.5434830784797668,0.050000000745058,0.2290789037942886,290.96685791015625,291.1499938964844,284.25,283.9029846191406,291.1157531738281,297.1257019042969,290.9750671386719,1.0,0.1511096507310867,1.0,1.0,0.6587329506874084,1.0,-0.4886468946933746,0.2281116843223571,0.2605352103710174,0.1159415394067764,0.0,0.0,0.0,25.173452377319336,25.0,47.194766998291016,-0.0,27.558408737182617,1.0,293.1499938964844,293.1499938964844,293.1499938964844,293.1499938964844,293.1499938964844,293.1499938964844,278.1499938964844,0.0,18000.0,313.1499938964844,0.0,18000.0,0.0,0.0,0.0,0.0,0.0,0.0,0.0,0.0,0.0,0.0,-0.0,-0.0,0.0,0.0,0.0,0.0,0.0,-0.0,0.0,0.0,0.0,0.0,0.0,0.0,0.0,0.0,0.0,4.0,0.0,0.0
11948460,296.9042358398437,297.1499938964844,293.1499938964844,0.0,-0.0,290.9983215332031,0.5436437129974365,0.050000000745058,0.0458585321903228,296.891357421875,297.1499938964844,293.1499938964844,0.0,-0.0,290.9983215332031,0.5436437129974365,0.050000000745058,0.0482912436127662,296.901611328125,297.1499938964844,293.1499938964844,0.0,-0.0,290.9983215332031,0.5436437129974365,0.050000000745058,0.03566774725914,296.7738342285156,297.1499938964844,293.1499938964844,0.0,-0.0,290.9983215332031,0.5436437129974365,0.050000000745058,0.0482912436127662,297.1253967285156,297.1499938964844,293.1499938964844,0.0,-0.0,290.9983215332031,0.5436437129974365,0.050000000745058,0.2290728688240051,290.9999389648437,291.1499938964844,284.25,283.8976135253906,291.1432189941406,297.1254272460937,291.00811767578125,1.0,0.1510406881570816,1.0,1.0,0.662900447845459,1.0,-0.4886339902877807,0.227134495973587,0.2614994943141937,0.1150632202625274,0.0,0.0,0.0,25.14188003540039,25.0,47.27799224853516,-0.0,27.53094291687012,1.0,293.1499938964844,293.1499938964844,293.1499938964844,293.1499938964844,293.1499938964844,293.1499938964844,278.1499938964844,0.0,18000.0,313.1499938964844,0.0,18000.0,0.0,0.0,0.0,0.0,0.0,0.0,0.0,0.0,0.0,0.0,-0.0,-0.0,0.0,0.0,0.0,0.0,0.0,-0.0,0.0,0.0,0.0,0.0,0.0,0.0,0.0,0.0,0.0,4.0,0.0,0.0
11948520,296.9042358398437,297.1499938964844,293.1499938964844,0.0,-0.0,290.9983215332031,0.5436437129974365,0.050000000745058,0.0458585321903228,296.891357421875,297.1499938964844,293.1499938964844,0.0,-0.0,290.9983215332031,0.5436437129974365,0.050000000745058,0.0482912436127662,296.901611328125,297.1499938964844,293.1499938964844,0.0,-0.0,290.9983215332031,0.5436437129974365,0.050000000745058,0.03566774725914,296.7738342285156,297.1499938964844,293.1499938964844,0.0,-0.0,290.9983215332031,0.5436437129974365,0.050000000745058,0.0482912436127662,297.1253967285156,297.1499938964844,293.1499938964844,0.0,-0.0,290.9983215332031,0.5436437129974365,0.050000000745058,0.2290728688240051,290.9999389648437,291.1499938964844,284.25,283.8976135253906,291.1432189941406,297.1254272460937,291.00811767578125,1.0,0.1510406881570816,1.0,1.0,0.662900447845459,1.0,-0.4886339902877807,0.227134495973587,0.2614994943141937,0.1150632202625274,0.0,0.0,0.0,25.14188003540039,25.0,47.27799224853516,-0.0,27.53094291687012,1.0,293.1499938964844,293.1499938964844,293.1499938964844,293.1499938964844,293.1499938964844,293.1499938964844,278.1499938964844,0.0,18000.0,313.1499938964844,0.0,18000.0,0.0,0.0,0.0,0.0,0.0,0.0,0.0,0.0,0.0,0.0,-0.0,-0.0,0.0,0.0,0.0,0.0,0.0,-0.0,0.0,0.0,0.0,0.0,0.0,0.0,0.0,0.0,0.0,4.0,0.0,0.0
11948580,296.9063720703125,297.1499938964844,293.1499938964844,0.0,-0.0,291.030029296875,0.5437651872634888,0.050000000745058,0.0458576194941997,296.89288330078125,297.1499938964844,293.1499938964844,0.0,-0.0,291.030029296875,0.5437651872634888,0.050000000745058,0.0482902787625789,296.9029541015625,297.1499938964844,293.1499938964844,0.0,-0.0,291.030029296875,0.5437651872634888,0.050000000745058,0.035667035728693,296.7723388671875,297.1499938964844,293.1499938964844,0.0,-0.0,291.030029296875,0.5437651872634888,0.050000000745058,0.0482902787625789,297.1253967285156,297.1499938964844,293.1499938964844,0.0,-0.0,291.030029296875,0.5437651872634888,0.050000000745058,0.2290682941675186,291.03155517578125,291.1499938964844,284.25,283.8915100097656,291.1661071777344,297.1253967285156,291.039306640625,1.0,0.150984302163124,1.0,1.0,0.6670679450035095,1.0,-0.48862424492836,0.2262720316648483,0.2623522281646728,0.1140809655189514,0.0,0.0,0.0,25.116056442260746,25.0,44.70269775390625,-0.0,27.50853729248047,1.0,293.1499938964844,293.1499938964844,293.1499938964844,293.1499938964844,293.1499938964844,293.1499938964844,278.1499938964844,0.0,18000.0,313.1499938964844,0.0,18000.0,0.0,0.0,0.0,0.0,0.0,0.0,0.0,0.0,0.0,0.0,-0.0,-0.0,0.0,0.0,0.0,0.0,0.0,-0.0,0.0,0.0,0.0,0.0,0.0,0.0,0.0,0.0,0.0,4.0,0.0,0.0
11948640,296.9063720703125,297.1499938964844,293.1499938964844,0.0,-0.0,291.030029296875,0.5437651872634888,0.050000000745058,0.0458576194941997,296.89288330078125,297.1499938964844,293.1499938964844,0.0,-0.0,291.030029296875,0.5437651872634888,0.050000000745058,0.0482902787625789,296.9029541015625,297.1499938964844,293.1499938964844,0.0,-0.0,291.030029296875,0.5437651872634888,0.050000000745058,0.035667035728693,296.7723388671875,297.1499938964844,293.1499938964844,0.0,-0.0,291.030029296875,0.5437651872634888,0.050000000745058,0.0482902787625789,297.1253967285156,297.1499938964844,293.1499938964844,0.0,-0.0,291.030029296875,0.5437651872634888,0.050000000745058,0.2290682941675186,291.03155517578125,291.1499938964844,284.25,283.8915100097656,291.1661071777344,297.1253967285156,291.039306640625,1.0,0.150984302163124,1.0,1.0,0.6670679450035095,1.0,-0.48862424492836,0.2262720316648483,0.2623522281646728,0.1140809655189514,0.0,0.0,0.0,25.116056442260746,25.0,44.70269775390625,-0.0,27.50853729248047,1.0,293.1499938964844,293.1499938964844,293.1499938964844,293.1499938964844,293.1499938964844,293.1499938964844,278.1499938964844,0.0,18000.0,313.1499938964844,0.0,18000.0,0.0,0.0,0.0,0.0,0.0,0.0,0.0,0.0,0.0,0.0,-0.0,-0.0,0.0,0.0,0.0,0.0,0.0,-0.0,0.0,0.0,0.0,0.0,0.0,0.0,0.0,0.0,0.0,4.0,0.0,0.0
11948700,296.9075012207031,297.1499938964844,293.1499938964844,0.0,-0.0,291.0452880859375,0.5438132286071777,0.050000000745058,0.0458572581410408,296.8937072753906,297.1499938964844,293.1499938964844,0.0,-0.0,291.0452880859375,0.5438132286071777,0.050000000745058,0.0482899025082588,296.9037170410156,297.1499938964844,293.1499938964844,0.0,-0.0,291.0452880859375,0.5438132286071777,0.050000000745058,0.0356667563319206,296.77215576171875,297.1499938964844,293.1499938964844,0.0,-0.0,291.0452880859375,0.5438132286071777,0.050000000745058,0.0482899025082588,297.1255187988281,297.1499938964844,293.1499938964844,0.0,-0.0,291.0452880859375,0.5438132286071777,0.050000000745058,0.2290664911270141,291.0467834472656,291.1499938964844,284.25,283.88818359375,291.1767272949219,297.12548828125,291.0543212890625,1.0,0.1509601026773452,1.0,1.0,0.6691517233848572,1.0,-0.488620400428772,0.2258744239807129,0.2627459764480591,0.113548956811428,0.0,0.0,0.0,25.10496711730957,25.0,43.236572265625,-0.0,27.49894142150879,1.0,293.1499938964844,293.1499938964844,293.1499938964844,293.1499938964844,293.1499938964844,293.1499938964844,278.1499938964844,0.0,18000.0,313.1499938964844,0.0,18000.0,0.0,0.0,0.0,0.0,0.0,0.0,0.0,0.0,0.0,0.0,-0.0,-0.0,0.0,0.0,0.0,0.0,0.0,-0.0,0.0,0.0,0.0,0.0,0.0,0.0,0.0,0.0,0.0,4.0,0.0,0.0
11948760,296.90869140625,297.1499938964844,293.1499938964844,0.0,-0.0,291.0600891113281,0.5438541769981384,0.050000000745058,0.0458569526672363,296.8945617675781,297.1499938964844,293.1499938964844,0.0,-0.0,291.0600891113281,0.5438541769981384,0.050000000745058,0.0482895784080028,296.9045104980469,297.1499938964844,293.1499938964844,0.0,-0.0,291.0600891113281,0.5438541769981384,0.050000000745058,0.0356665179133415,296.7723388671875,297.1499938964844,293.1499938964844,0.0,-0.0,291.0600891113281,0.5438541769981384,0.050000000745058,0.0482895784080028,297.12567138671875,297.1499938964844,293.1499938964844,0.0,-0.0,291.0600891113281,0.5438541769981384,0.050000000745058,0.2290649712085724,291.0615539550781,291.1499938964844,284.25,283.8847045898437,291.1810302734375,297.1256103515625,291.0687561035156,1.0,0.1509382128715515,1.0,1.0,0.6697187423706055,1.0,-0.4886171221733093,0.2257891148328781,0.2628280222415924,0.1132813021540641,0.0,0.0,0.0,25.094879150390625,25.0,40.86080551147461,-0.0,27.490270614624023,1.0,293.1499938964844,293.1499938964844,293.1499938964844,293.1499938964844,293.1499938964844,293.1499938964844,278.1499938964844,0.0,18000.0,313.1499938964844,0.0,18000.0,0.0,0.0,0.0,0.0,0.0,0.0,0.0,0.0,0.0,0.0,-0.0,-0.0,0.0,0.0,0.0,0.0,0.0,-0.0,0.0,0.0,0.0,0.0,0.0,0.0,0.0,0.0,0.0,4.0,0.0,0.0
11948820,296.9111633300781,297.1499938964844,293.1499938964844,0.0,-0.0,291.08642578125,0.5439156293869019,0.050000000745058,0.0458564907312393,296.8964233398437,297.1499938964844,293.1499938964844,0.0,-0.0,291.08642578125,0.5439156293869019,0.050000000745058,0.048289094120264,296.9061584472656,297.1499938964844,293.1499938964844,0.0,-0.0,291.08642578125,0.5439156293869019,0.050000000745058,0.0356661602854728,296.7738647460937,297.1499938964844,293.1499938964844,0.0,-0.0,291.08642578125,0.5439156293869019,0.050000000745058,0.048289094120264,297.1261901855469,297.1499938964844,293.1499938964844,0.0,-0.0,291.08642578125,0.5439156293869019,0.050000000745058,0.2290626764297485,291.0876159667969,291.1499938964844,284.25,283.8772888183594,291.1836853027344,297.1260986328125,291.0934143066406,1.0,0.1509005576372146,1.0,1.0,0.670852780342102,1.0,-0.4886122047901153,0.2257000505924224,0.2629121541976928,0.1126944199204444,0.0,0.0,0.0,25.077491760253903,25.0,33.6205940246582,-0.0,27.475399017333984,1.0,293.1499938964844,293.1499938964844,293.1499938964844,293.1499938964844,293.1499938964844,293.1499938964844,278.1499938964844,0.0,18000.0,313.1499938964844,0.0,18000.0,0.0,0.0,0.0,0.0,0.0,0.0,0.0,0.0,0.0,0.0,-0.0,-0.0,0.0,0.0,0.0,0.0,0.0,-0.0,0.0,0.0,0.0,0.0,0.0,0.0,0.0,0.0,0.0,4.0,0.0,0.0
11948880,296.9111633300781,297.1499938964844,293.1499938964844,0.0,-0.0,291.08642578125,0.5439156293869019,0.050000000745058,0.0458564907312393,296.8964233398437,297.1499938964844,293.1499938964844,0.0,-0.0,291.08642578125,0.5439156293869019,0.050000000745058,0.048289094120264,296.9061584472656,297.1499938964844,293.1499938964844,0.0,-0.0,291.08642578125,0.5439156293869019,0.050000000745058,0.0356661602854728,296.7738647460937,297.1499938964844,293.1499938964844,0.0,-0.0,291.08642578125,0.5439156293869019,0.050000000745058,0.048289094120264,297.1261901855469,297.1499938964844,293.1499938964844,0.0,-0.0,291.08642578125,0.5439156293869019,0.050000000745058,0.2290626764297485,291.0876159667969,291.1499938964844,284.25,283.8772888183594,291.1836853027344,297.1260986328125,291.0934143066406,1.0,0.1509005576372146,1.0,1.0,0.670852780342102,1.0,-0.4886122047901153,0.2257000505924224,0.2629121541976928,0.1126944199204444,0.0,0.0,0.0,25.077491760253903,25.0,33.6205940246582,-0.0,27.475399017333984,1.0,293.1499938964844,293.1499938964844,293.1499938964844,293.1499938964844,293.1499938964844,293.1499938964844,278.1499938964844,0.0,18000.0,313.1499938964844,0.0,18000.0,0.0,0.0,0.0,0.0,0.0,0.0,0.0,0.0,0.0,0.0,-0.0,-0.0,0.0,0.0,0.0,0.0,0.0,-0.0,0.0,0.0,0.0,0.0,0.0,0.0,0.0,0.0,0.0,4.0,0.0,0.0
11948940,296.9136962890625,297.1499938964844,293.1499938964844,0.0,-0.0,291.1076965332031,0.5439530611038208,0.050000000745058,0.0458562150597572,296.8983459472656,297.1499938964844,293.1499938964844,0.0,-0.0,291.1076965332031,0.5439530611038208,0.050000000745058,0.0482887998223304,296.907958984375,297.1499938964844,293.1499938964844,0.0,-0.0,291.1076965332031,0.5439530611038208,0.050000000745058,0.0356659442186355,296.7769470214844,297.1499938964844,293.1499938964844,0.0,-0.0,291.1076965332031,0.5439530611038208,0.050000000745058,0.0482887998223304,297.1268615722656,297.1499938964844,293.1499938964844,0.0,-0.0,291.1076965332031,0.5439530611038208,0.050000000745058,0.2290612906217575,291.108642578125,291.1499938964844,284.25,283.8692932128906,291.1851501464844,297.12677001953125,291.1133728027344,1.0,0.1508698314428329,1.0,1.0,0.6719867587089539,1.0,-0.4886092245578766,0.2256634682416916,0.2629457414150238,0.1119912713766098,0.0,0.0,0.0,25.0632553100586,25.0,26.90921974182129,-0.0,27.46331214904785,1.0,293.1499938964844,293.1499938964844,293.1499938964844,293.1499938964844,293.1499938964844,293.1499938964844,278.1499938964844,0.0,18000.0,313.1499938964844,0.0,18000.0,0.0,0.0,0.0,0.0,0.0,0.0,0.0,0.0,0.0,0.0,-0.0,-0.0,0.0,0.0,0.0,0.0,0.0,-0.0,0.0,0.0,0.0,0.0,0.0,0.0,0.0,0.0,0.0,4.0,0.0,0.0
11949000,296.9136962890625,297.1499938964844,293.1499938964844,0.0,-0.0,291.1076965332031,0.5439530611038208,0.050000000745058,0.0458562150597572,296.8983459472656,297.1499938964844,293.1499938964844,0.0,-0.0,291.1076965332031,0.5439530611038208,0.050000000745058,0.0482887998223304,296.907958984375,297.1499938964844,293.1499938964844,0.0,-0.0,291.1076965332031,0.5439530611038208,0.050000000745058,0.0356659442186355,296.7769470214844,297.1499938964844,293.1499938964844,0.0,-0.0,291.1076965332031,0.5439530611038208,0.050000000745058,0.0482887998223304,297.1268615722656,297.1499938964844,293.1499938964844,0.0,-0.0,291.1076965332031,0.5439530611038208,0.050000000745058,0.2290612906217575,291.108642578125,291.1499938964844,284.25,283.8692932128906,291.1851501464844,297.12677001953125,291.1133728027344,1.0,0.1508698314428329,1.0,1.0,0.6719867587089539,1.0,-0.4886092245578766,0.2256634682416916,0.2629457414150238,0.1119912713766098,0.0,0.0,0.0,25.0632553100586,25.0,26.90921974182129,-0.0,27.46331214904785,1.0,293.1499938964844,293.1499938964844,293.1499938964844,293.1499938964844,293.1499938964844,293.1499938964844,278.1499938964844,0.0,18000.0,313.1499938964844,0.0,18000.0,0.0,0.0,0.0,0.0,0.0,0.0,0.0,0.0,0.0,0.0,-0.0,-0.0,0.0,0.0,0.0,0.0,0.0,-0.0,0.0,0.0,0.0,0.0,0.0,0.0,0.0,0.0,0.0,4.0,0.0,0.0
11949060,296.91632080078125,297.1499938964844,293.1499938964844,0.0,-0.0,291.12451171875,0.5439702868461609,0.050000000745058,0.045856088399887,296.900390625,297.1499938964844,293.1499938964844,0.0,-0.0,291.12451171875,0.5439702868461609,0.050000000745058,0.04828866943717,296.9098205566406,297.1499938964844,293.1499938964844,0.0,-0.0,291.12451171875,0.5439702868461609,0.050000000745058,0.0356658473610878,296.78143310546875,297.1499938964844,293.1499938964844,0.0,-0.0,291.12451171875,0.5439702868461609,0.050000000745058,0.04828866943717,297.12774658203125,297.1499938964844,293.1499938964844,0.0,-0.0,291.12451171875,0.5439702868461609,0.050000000745058,0.2290606498718261,291.1252136230469,291.1499938964844,284.25,283.8607788085937,291.1747131347656,297.12762451171875,291.1285400390625,1.0,0.1508447825908661,1.0,1.0,0.6707696914672852,1.0,-0.4886078536510467,0.2261363118886947,0.2624715268611908,0.1116347908973693,0.0,0.0,0.0,25.0515193939209,25.0,18.926136016845703,-0.0,27.45351791381836,1.0,293.1499938964844,293.1499938964844,293.1499938964844,293.1499938964844,293.1499938964844,293.1499938964844,278.1499938964844,0.0,18000.0,313.1499938964844,0.0,18000.0,0.0,0.0,0.0,0.0,0.0,0.0,0.0,0.0,0.0,0.0,-0.0,-0.0,0.0,0.0,0.0,0.0,0.0,-0.0,0.0,0.0,0.0,0.0,0.0,0.0,0.0,0.0,0.0,4.0,0.0,0.0
11949120,296.91632080078125,297.1499938964844,293.1499938964844,0.0,-0.0,291.12451171875,0.5439702868461609,0.050000000745058,0.045856088399887,296.900390625,297.1499938964844,293.1499938964844,0.0,-0.0,291.12451171875,0.5439702868461609,0.050000000745058,0.04828866943717,296.9098205566406,297.1499938964844,293.1499938964844,0.0,-0.0,291.12451171875,0.5439702868461609,0.050000000745058,0.0356658473610878,296.78143310546875,297.1499938964844,293.1499938964844,0.0,-0.0,291.12451171875,0.5439702868461609,0.050000000745058,0.04828866943717,297.12774658203125,297.1499938964844,293.1499938964844,0.0,-0.0,291.12451171875,0.5439702868461609,0.050000000745058,0.2290606498718261,291.1252136230469,291.1499938964844,284.25,283.8607788085937,291.1747131347656,297.12762451171875,291.1285400390625,1.0,0.1508447825908661,1.0,1.0,0.6707696914672852,1.0,-0.4886078536510467,0.2261363118886947,0.2624715268611908,0.1116347908973693,0.0,0.0,0.0,25.0515193939209,25.0,18.926136016845703,-0.0,27.45351791381836,1.0,293.1499938964844,293.1499938964844,293.1499938964844,293.1499938964844,293.1499938964844,293.1499938964844,278.1499938964844,0.0,18000.0,313.1499938964844,0.0,18000.0,0.0,0.0,0.0,0.0,0.0,0.0,0.0,0.0,0.0,0.0,-0.0,-0.0,0.0,0.0,0.0,0.0,0.0,-0.0,0.0,0.0,0.0,0.0,0.0,0.0,0.0,0.0,0.0,4.0,0.0,0.0
11949180,296.91900634765625,297.1499938964844,293.1499938964844,0.0,-0.0,291.1352233886719,0.5439693331718445,0.050000000745058,0.0458560995757579,296.9024658203125,297.1499938964844,293.1499938964844,0.0,-0.0,291.1352233886719,0.5439693331718445,0.050000000745058,0.0482886806130409,296.9117431640625,297.1499938964844,293.1499938964844,0.0,-0.0,291.1352233886719,0.5439693331718445,0.050000000745058,0.0356658548116683,296.7873229980469,297.1499938964844,293.1499938964844,0.0,-0.0,291.1352233886719,0.5439693331718445,0.050000000745058,0.0482886806130409,297.1287841796875,297.1499938964844,293.1499938964844,0.0,-0.0,291.1352233886719,0.5439693331718445,0.050000000745058,0.2290607094764709,291.1356201171875,291.1499938964844,284.25,283.8517761230469,291.1612854003906,297.12860107421875,291.1374816894531,1.0,0.1508244574069976,1.0,1.0,0.6695526838302612,1.0,-0.4886079132556915,0.2266716361045837,0.2619362771511078,0.1111876368522644,0.0,0.0,0.0,25.04191780090332,25.0,10.795507431030272,-0.0,27.44562721252441,1.0,293.1499938964844,293.1499938964844,293.1499938964844,293.1499938964844,293.1499938964844,293.1499938964844,278.1499938964844,0.0,18000.0,313.1499938964844,0.0,18000.0,0.0,0.0,0.0,0.0,0.0,0.0,0.0,0.0,0.0,0.0,-0.0,-0.0,0.0,0.0,0.0,0.0,0.0,-0.0,0.0,0.0,0.0,0.0,0.0,0.0,0.0,0.0,0.0,4.0,0.0,0.0
11949240,296.91900634765625,297.1499938964844,293.1499938964844,0.0,-0.0,291.1352233886719,0.5439693331718445,0.050000000745058,0.0458560995757579,296.9024658203125,297.1499938964844,293.1499938964844,0.0,-0.0,291.1352233886719,0.5439693331718445,0.050000000745058,0.0482886806130409,296.9117431640625,297.1499938964844,293.1499938964844,0.0,-0.0,291.1352233886719,0.5439693331718445,0.050000000745058,0.0356658548116683,296.7873229980469,297.1499938964844,293.1499938964844,0.0,-0.0,291.1352233886719,0.5439693331718445,0.050000000745058,0.0482886806130409,297.1287841796875,297.1499938964844,293.1499938964844,0.0,-0.0,291.1352233886719,0.5439693331718445,0.050000000745058,0.2290607094764709,291.1356201171875,291.1499938964844,284.25,283.8517761230469,291.1612854003906,297.12860107421875,291.1374816894531,1.0,0.1508244574069976,1.0,1.0,0.6695526838302612,1.0,-0.4886079132556915,0.2266716361045837,0.2619362771511078,0.1111876368522644,0.0,0.0,0.0,25.04191780090332,25.0,10.795507431030272,-0.0,27.44562721252441,1.0,293.1499938964844,293.1499938964844,293.1499938964844,293.1499938964844,293.1499938964844,293.1499938964844,278.1499938964844,0.0,18000.0,313.1499938964844,0.0,18000.0,0.0,0.0,0.0,0.0,0.0,0.0,0.0,0.0,0.0,0.0,-0.0,-0.0,0.0,0.0,0.0,0.0,0.0,-0.0,0.0,0.0,0.0,0.0,0.0,0.0,0.0,0.0,0.0,4.0,0.0,0.0
11949300,296.9203186035156,297.1499938964844,293.1499938964844,0.0,-0.0,291.1385192871094,0.5439627766609192,0.050000000745058,0.0458561517298221,296.9035339355469,297.1499938964844,293.1499938964844,0.0,-0.0,291.1385192871094,0.5439627766609192,0.050000000745058,0.0482887364923954,296.9127197265625,297.1499938964844,293.1499938964844,0.0,-0.0,291.1385192871094,0.5439627766609192,0.050000000745058,0.0356658957898616,296.7907409667969,297.1499938964844,293.1499938964844,0.0,-0.0,291.1385192871094,0.5439627766609192,0.050000000745058,0.0482887364923954,297.1293334960937,297.1499938964844,293.1499938964844,0.0,-0.0,291.1385192871094,0.5439627766609192,0.050000000745058,0.2290609776973724,291.1388244628906,291.1499938964844,284.25,283.8471374511719,291.1541442871094,297.1291809082031,291.1401062011719,1.0,0.1508157849311828,1.0,1.0,0.6689441204071045,1.0,-0.4886084496974945,0.226956158876419,0.2616522908210754,0.1109262183308601,0.0,0.0,0.0,25.03779983520508,25.0,7.223796367645264,-0.0,27.442291259765625,1.0,293.1499938964844,293.1499938964844,293.1499938964844,293.1499938964844,293.1499938964844,293.1499938964844,278.1499938964844,0.0,18000.0,313.1499938964844,0.0,18000.0,0.0,0.0,0.0,0.0,0.0,0.0,0.0,0.0,0.0,0.0,-0.0,-0.0,0.0,0.0,0.0,0.0,0.0,-0.0,0.0,0.0,0.0,0.0,0.0,0.0,0.0,0.0,0.0,4.0,0.0,0.0
11949360,296.9216613769531,297.1499938964844,293.1499938964844,0.0,-0.0,291.1407165527344,0.5439527630805969,0.050000000745058,0.0458562299609184,296.90460205078125,297.1499938964844,293.1499938964844,0.0,-0.0,291.1407165527344,0.5439527630805969,0.050000000745058,0.0482888184487819,296.9137268066406,297.1499938964844,293.1499938964844,0.0,-0.0,291.1407165527344,0.5439527630805969,0.050000000745058,0.0356659553945064,296.7944641113281,297.1499938964844,293.1499938964844,0.0,-0.0,291.1407165527344,0.5439527630805969,0.050000000745058,0.0482888184487819,297.1299133300781,297.1499938964844,293.1499938964844,0.0,-0.0,291.1407165527344,0.5439527630805969,0.050000000745058,0.2290613651275634,291.1408996582031,291.1499938964844,284.25,283.8423767089844,291.1444702148437,297.1297302246094,291.1415710449219,1.0,0.1508079618215561,1.0,1.0,0.6677446365356445,1.0,-0.488609254360199,0.2273663729429245,0.2612428665161133,0.1107553243637085,0.0,0.0,0.0,25.03403091430664,25.0,3.6061136722564697,-0.0,27.43928909301757,1.0,293.1499938964844,293.1499938964844,293.1499938964844,293.1499938964844,293.1499938964844,293.1499938964844,278.1499938964844,0.0,18000.0,313.1499938964844,0.0,18000.0,0.0,0.0,0.0,0.0,0.0,0.0,0.0,0.0,0.0,0.0,-0.0,-0.0,0.0,0.0,0.0,0.0,0.0,-0.0,0.0,0.0,0.0,0.0,0.0,0.0,0.0,0.0,0.0,4.0,0.0,0.0
11949420,296.92437744140625,297.1499938964844,293.1499938964844,0.0,-0.0,291.14117431640625,0.5439229011535645,0.050000000745058,0.0458564572036266,296.90673828125,297.1499938964844,293.1499938964844,0.0,-0.0,291.14117431640625,0.5439229011535645,0.050000000745058,0.0482890605926513,296.91571044921875,297.1499938964844,293.1499938964844,0.0,-0.0,291.14117431640625,0.5439229011535645,0.050000000745058,0.0356661342084407,296.802734375,297.1499938964844,293.1499938964844,0.0,-0.0,291.14117431640625,0.5439229011535645,0.050000000745058,0.0482890605926513,297.13116455078125,297.1499938964844,293.1499938964844,0.0,-0.0,291.14117431640625,0.5439229011535645,0.050000000745058,0.2290625125169754,291.1410827636719,291.1499938964844,284.25,283.8326110839844,291.122314453125,297.1309814453125,291.140380859375,1.0,0.1507945954799652,1.0,1.0,0.6653456091880798,1.0,-0.48861163854599,0.228237435221672,0.2603741884231567,0.1103666052222251,0.0,0.0,0.0,25.027530670166016,25.0,-3.821889162063599,-0.0,27.434221267700195,1.0,293.1499938964844,293.1499938964844,293.1499938964844,293.1499938964844,293.1499938964844,293.1499938964844,278.1499938964844,0.0,18000.0,313.1499938964844,0.0,18000.0,0.0,0.0,0.0,0.0,0.0,0.0,0.0,0.0,0.0,0.0,-0.0,-0.0,0.0,0.0,0.0,0.0,0.0,-0.0,0.0,0.0,0.0,0.0,0.0,0.0,0.0,0.0,0.0,4.0,0.0,0.0
11949480,296.92437744140625,297.1499938964844,293.1499938964844,0.0,-0.0,291.14117431640625,0.5439229011535645,0.050000000745058,0.0458564572036266,296.90673828125,297.1499938964844,293.1499938964844,0.0,-0.0,291.14117431640625,0.5439229011535645,0.050000000745058,0.0482890605926513,296.91571044921875,297.1499938964844,293.1499938964844,0.0,-0.0,291.14117431640625,0.5439229011535645,0.050000000745058,0.0356661342084407,296.802734375,297.1499938964844,293.1499938964844,0.0,-0.0,291.14117431640625,0.5439229011535645,0.050000000745058,0.0482890605926513,297.13116455078125,297.1499938964844,293.1499938964844,0.0,-0.0,291.14117431640625,0.5439229011535645,0.050000000745058,0.2290625125169754,291.1410827636719,291.1499938964844,284.25,283.8326110839844,291.122314453125,297.1309814453125,291.140380859375,1.0,0.1507945954799652,1.0,1.0,0.6653456091880798,1.0,-0.48861163854599,0.228237435221672,0.2603741884231567,0.1103666052222251,0.0,0.0,0.0,25.027530670166016,25.0,-3.821889162063599,-0.0,27.434221267700195,1.0,293.1499938964844,293.1499938964844,293.1499938964844,293.1499938964844,293.1499938964844,293.1499938964844,278.1499938964844,0.0,18000.0,313.1499938964844,0.0,18000.0,0.0,0.0,0.0,0.0,0.0,0.0,0.0,0.0,0.0,0.0,-0.0,-0.0,0.0,0.0,0.0,0.0,0.0,-0.0,0.0,0.0,0.0,0.0,0.0,0.0,0.0,0.0,0.0,4.0,0.0,0.0
11949540,296.92706298828125,297.1499938964844,293.1499938964844,0.0,-0.0,291.1365661621094,0.5438814759254456,0.050000000745058,0.045856773853302,296.9089050292969,297.1499938964844,293.1499938964844,0.0,-0.0,291.1365661621094,0.5438814759254456,0.050000000745058,0.0482893921434879,296.9177551269531,297.1499938964844,293.1499938964844,0.0,-0.0,291.1365661621094,0.5438814759254456,0.050000000745058,0.0356663800776004,296.81207275390625,297.1499938964844,293.1499938964844,0.0,-0.0,291.1365661621094,0.5438814759254456,0.050000000745058,0.0482893921434879,297.13250732421875,297.1499938964844,293.1499938964844,0.0,-0.0,291.1365661621094,0.5438814759254456,0.050000000745058,0.2290640920400619,291.1362609863281,291.1499938964844,284.25,283.8225402832031,291.09912109375,297.1322937011719,291.13446044921875,1.0,0.1507838368415832,1.0,1.0,0.6629465818405151,1.0,-0.488614946603775,0.2291512787342071,0.2594636678695678,0.1099041998386383,0.0,0.0,0.0,25.022205352783203,25.0,-10.179777145385742,-0.0,27.43021011352539,1.0,293.1499938964844,293.1499938964844,293.1499938964844,293.1499938964844,293.1499938964844,293.1499938964844,278.1499938964844,0.0,18000.0,313.1499938964844,0.0,18000.0,0.0,0.0,0.0,0.0,0.0,0.0,0.0,0.0,0.0,0.0,-0.0,-0.0,0.0,0.0,0.0,0.0,0.0,-0.0,0.0,0.0,0.0,0.0,0.0,0.0,0.0,0.0,0.0,4.0,0.0,0.0
11949600,296.92706298828125,297.1499938964844,293.1499938964844,0.0,-0.0,291.1365661621094,0.5438814759254456,0.050000000745058,0.045856773853302,296.9089050292969,297.1499938964844,293.1499938964844,0.0,-0.0,291.1365661621094,0.5438814759254456,0.050000000745058,0.0482893921434879,296.9177551269531,297.1499938964844,293.1499938964844,0.0,-0.0,291.1365661621094,0.5438814759254456,0.050000000745058,0.0356663800776004,296.81207275390625,297.1499938964844,293.1499938964844,0.0,-0.0,291.1365661621094,0.5438814759254456,0.050000000745058,0.0482893921434879,297.13250732421875,297.1499938964844,293.1499938964844,0.0,-0.0,291.1365661621094,0.5438814759254456,0.050000000745058,0.2290640920400619,291.1362609863281,291.1499938964844,284.25,283.8225402832031,291.09912109375,297.1322937011719,291.13446044921875,1.0,0.1507838368415832,1.0,1.0,0.6629465818405151,1.0,-0.488614946603775,0.2291512787342071,0.2594636678695678,0.1099041998386383,0.0,0.0,0.0,25.022205352783203,25.0,-10.179777145385742,-0.0,27.43021011352539,1.0,293.1499938964844,293.1499938964844,293.1499938964844,293.1499938964844,293.1499938964844,293.1499938964844,278.1499938964844,0.0,18000.0,313.1499938964844,0.0,18000.0,0.0,0.0,0.0,0.0,0.0,0.0,0.0,0.0,0.0,0.0,-0.0,-0.0,0.0,0.0,0.0,0.0,0.0,-0.0,0.0,0.0,0.0,0.0,0.0,0.0,0.0,0.0,0.0,4.0,0.0,0.0
11949660,296.92974853515625,297.1499938964844,293.1499938964844,0.0,-0.0,291.1279296875,0.5438306331634521,0.050000000745058,0.0458571650087833,296.9111022949219,297.1499938964844,293.1499938964844,0.0,-0.0,291.1279296875,0.5438306331634521,0.050000000745058,0.0482898019254207,296.9197692871094,297.1499938964844,293.1499938964844,0.0,-0.0,291.1279296875,0.5438306331634521,0.050000000745058,0.0356666818261146,296.8222961425781,297.1499938964844,293.1499938964844,0.0,-0.0,291.1279296875,0.5438306331634521,0.050000000745058,0.0482898019254207,297.1338806152344,297.1499938964844,293.1499938964844,0.0,-0.0,291.1279296875,0.5438306331634521,0.050000000745058,0.2290660291910171,291.12744140625,291.1499938964844,284.25,283.8122253417969,291.0749816894531,297.1336669921875,291.12469482421875,1.0,0.1507751941680908,1.0,1.0,0.660555362701416,1.0,-0.4886189997196197,0.2301004379987716,0.2585185766220093,0.1093800440430641,0.0,0.0,0.0,25.01782417297364,25.0,-15.481547355651855,-0.0,27.42705535888672,1.0,293.1499938964844,293.1499938964844,293.1499938964844,293.1499938964844,293.1499938964844,293.1499938964844,278.1499938964844,0.0,18000.0,313.1499938964844,0.0,18000.0,0.0,0.0,0.0,0.0,0.0,0.0,0.0,0.0,0.0,0.0,-0.0,-0.0,0.0,0.0,0.0,0.0,0.0,-0.0,0.0,0.0,0.0,0.0,0.0,0.0,0.0,0.0,0.0,4.0,0.0,0.0
11949720,296.92974853515625,297.1499938964844,293.1499938964844,0.0,-0.0,291.1279296875,0.5438306331634521,0.050000000745058,0.0458571650087833,296.9111022949219,297.1499938964844,293.1499938964844,0.0,-0.0,291.1279296875,0.5438306331634521,0.050000000745058,0.0482898019254207,296.9197692871094,297.1499938964844,293.1499938964844,0.0,-0.0,291.1279296875,0.5438306331634521,0.050000000745058,0.0356666818261146,296.8222961425781,297.1499938964844,293.1499938964844,0.0,-0.0,291.1279296875,0.5438306331634521,0.050000000745058,0.0482898019254207,297.1338806152344,297.1499938964844,293.1499938964844,0.0,-0.0,291.1279296875,0.5438306331634521,0.050000000745058,0.2290660291910171,291.12744140625,291.1499938964844,284.25,283.8122253417969,291.0749816894531,297.1336669921875,291.12469482421875,1.0,0.1507751941680908,1.0,1.0,0.660555362701416,1.0,-0.4886189997196197,0.2301004379987716,0.2585185766220093,0.1093800440430641,0.0,0.0,0.0,25.01782417297364,25.0,-15.481547355651855,-0.0,27.42705535888672,1.0,293.1499938964844,293.1499938964844,293.1499938964844,293.1499938964844,293.1499938964844,293.1499938964844,278.1499938964844,0.0,18000.0,313.1499938964844,0.0,18000.0,0.0,0.0,0.0,0.0,0.0,0.0,0.0,0.0,0.0,0.0,-0.0,-0.0,0.0,0.0,0.0,0.0,0.0,-0.0,0.0,0.0,0.0,0.0,0.0,0.0,0.0,0.0,0.0,4.0,0.0,0.0
11949780,296.9324645996094,297.1499938964844,293.1499938964844,0.0,-0.0,291.1158447265625,0.5437723994255066,0.050000000745058,0.0458576083183288,296.9133605957031,297.1499938964844,293.1499938964844,0.0,-0.0,291.1158447265625,0.5437723994255066,0.050000000745058,0.0482902713119983,296.9218444824219,297.1499938964844,293.1499938964844,0.0,-0.0,291.1158447265625,0.5437723994255066,0.050000000745058,0.0356670282781124,296.8333435058594,297.1499938964844,293.1499938964844,0.0,-0.0,291.1158447265625,0.5437723994255066,0.050000000745058,0.0482902713119983,297.1353454589844,297.1499938964844,293.1499938964844,0.0,-0.0,291.1158447265625,0.5437723994255066,0.050000000745058,0.229068249464035,291.1151733398437,291.1499938964844,284.25,283.8016967773437,291.050048828125,297.1351013183594,291.1116638183594,1.0,0.150768294930458,1.0,1.0,0.6581642031669617,1.0,-0.4886236786842346,0.2310798019170761,0.2575438916683197,0.1088117212057113,0.0,0.0,0.0,25.01422882080078,25.0,-19.872817993164062,-0.0,27.424606323242188,1.0,293.1499938964844,293.1499938964844,293.1499938964844,293.1499938964844,293.1499938964844,293.1499938964844,278.1499938964844,0.0,18000.0,313.1499938964844,0.0,18000.0,0.0,0.0,0.0,0.0,0.0,0.0,0.0,0.0,0.0,0.0,-0.0,-0.0,0.0,0.0,0.0,0.0,0.0,-0.0,0.0,0.0,0.0,0.0,0.0,0.0,0.0,0.0,0.0,4.0,0.0,0.0
11949840,296.9324645996094,297.1499938964844,293.1499938964844,0.0,-0.0,291.1158447265625,0.5437723994255066,0.050000000745058,0.0458576083183288,296.9133605957031,297.1499938964844,293.1499938964844,0.0,-0.0,291.1158447265625,0.5437723994255066,0.050000000745058,0.0482902713119983,296.9218444824219,297.1499938964844,293.1499938964844,0.0,-0.0,291.1158447265625,0.5437723994255066,0.050000000745058,0.0356670282781124,296.8333435058594,297.1499938964844,293.1499938964844,0.0,-0.0,291.1158447265625,0.5437723994255066,0.050000000745058,0.0482902713119983,297.1353454589844,297.1499938964844,293.1499938964844,0.0,-0.0,291.1158447265625,0.5437723994255066,0.050000000745058,0.229068249464035,291.1151733398437,291.1499938964844,284.25,283.8016967773437,291.050048828125,297.1351013183594,291.1116638183594,1.0,0.150768294930458,1.0,1.0,0.6581642031669617,1.0,-0.4886236786842346,0.2310798019170761,0.2575438916683197,0.1088117212057113,0.0,0.0,0.0,25.01422882080078,25.0,-19.872817993164062,-0.0,27.424606323242188,1.0,293.1499938964844,293.1499938964844,293.1499938964844,293.1499938964844,293.1499938964844,293.1499938964844,278.1499938964844,0.0,18000.0,313.1499938964844,0.0,18000.0,0.0,0.0,0.0,0.0,0.0,0.0,0.0,0.0,0.0,0.0,-0.0,-0.0,0.0,0.0,0.0,0.0,0.0,-0.0,0.0,0.0,0.0,0.0,0.0,0.0,0.0,0.0,0.0,4.0,0.0,0.0
11949900,296.9338073730469,297.1499938964844,293.1499938964844,0.0,-0.0,291.1086730957031,0.5437410473823547,0.050000000745058,0.0458578467369079,296.9144897460937,297.1499938964844,293.1499938964844,0.0,-0.0,291.1086730957031,0.5437410473823547,0.050000000745058,0.0482905209064483,296.9228820800781,297.1499938964844,293.1499938964844,0.0,-0.0,291.1086730957031,0.5437410473823547,0.050000000745058,0.0356672145426273,296.839111328125,297.1499938964844,293.1499938964844,0.0,-0.0,291.1086730957031,0.5437410473823547,0.050000000745058,0.0482905209064483,297.1360778808594,297.1499938964844,293.1499938964844,0.0,-0.0,291.1086730957031,0.5437410473823547,0.050000000745058,0.2290694415569305,291.1079406738281,291.1499938964844,284.25,283.79638671875,291.037353515625,297.1358642578125,291.1040954589844,1.0,0.1507653892040252,1.0,1.0,0.6569685935974121,1.0,-0.4886261820793152,0.2315785586833953,0.2570476233959198,0.1085165068507194,0.0,0.0,0.0,25.01268196105957,25.0,-21.767702102661133,-0.0,27.4236068725586,1.0,293.1499938964844,293.1499938964844,293.1499938964844,293.1499938964844,293.1499938964844,293.1499938964844,278.1499938964844,0.0,18000.0,313.1499938964844,0.0,18000.0,0.0,0.0,0.0,0.0,0.0,0.0,0.0,0.0,0.0,0.0,-0.0,-0.0,0.0,0.0,0.0,0.0,0.0,-0.0,0.0,0.0,0.0,0.0,0.0,0.0,0.0,0.0,0.0,4.0,0.0,0.0
11949960,296.9351806640625,297.1499938964844,293.1499938964844,0.0,-0.0,291.1008605957031,0.5437084436416626,0.050000000745058,0.0458580963313579,296.9156188964844,297.1499938964844,293.1499938964844,0.0,-0.0,291.1008605957031,0.5437084436416626,0.050000000745058,0.0482907854020595,296.9239196777344,297.1499938964844,293.1499938964844,0.0,-0.0,291.1008605957031,0.5437084436416626,0.050000000745058,0.0356674082577228,296.84503173828125,297.1499938964844,293.1499938964844,0.0,-0.0,291.1008605957031,0.5437084436416626,0.050000000745058,0.0482907854020595,297.1368408203125,297.1499938964844,293.1499938964844,0.0,-0.0,291.1008605957031,0.5437084436416626,0.050000000745058,0.2290706932544708,291.1000671386719,291.1499938964844,284.25,283.791015625,291.0264587402344,297.1365966796875,291.095947265625,1.0,0.1507628113031387,1.0,1.0,0.656231701374054,1.0,-0.4886288046836853,0.2319842875003814,0.2566445171833038,0.1081196740269661,0.0,0.0,0.0,25.01129531860352,25.0,-23.20307350158692,-0.0,27.42273330688477,1.0,293.1499938964844,293.1499938964844,293.1499938964844,293.1499938964844,293.1499938964844,293.1499938964844,278.1499938964844,0.0,18000.0,313.1499938964844,0.0,18000.0,0.0,0.0,0.0,0.0,0.0,0.0,0.0,0.0,0.0,0.0,-0.0,-0.0,0.0,0.0,0.0,0.0,0.0,-0.0,0.0,0.0,0.0,0.0,0.0,0.0,0.0,0.0,0.0,4.0,0.0,0.0
11950020,296.9379272460937,297.1499938964844,293.1499938964844,0.0,-0.0,291.0841369628906,0.5436407923698425,0.050000000745058,0.0458586141467094,296.9179382324219,297.1499938964844,293.1499938964844,0.0,-0.0,291.0841369628906,0.5436407923698425,0.050000000745058,0.0482913292944431,296.926025390625,297.1499938964844,293.1499938964844,0.0,-0.0,291.0841369628906,0.5436407923698425,0.050000000745058,0.035667810589075,296.85723876953125,297.1499938964844,293.1499938964844,0.0,-0.0,291.0841369628906,0.5436407923698425,0.050000000745058,0.0482913292944431,297.13836669921875,297.1499938964844,293.1499938964844,0.0,-0.0,291.0841369628906,0.5436407923698425,0.050000000745058,0.2290732711553573,291.08331298828125,291.1499938964844,284.25,283.7802734375,291.00616455078125,297.1381225585937,291.0789794921875,1.0,0.1507584899663925,1.0,1.0,0.6547579765319824,1.0,-0.4886342287063598,0.2327888011932373,0.2558454275131225,0.1073051169514656,0.0,0.0,0.0,25.008907318115234,25.0,-24.707595825195312,-0.0,27.42132568359375,1.0,293.1499938964844,293.1499938964844,293.1499938964844,293.1499938964844,293.1499938964844,293.1499938964844,278.1499938964844,0.0,18000.0,313.1499938964844,0.0,18000.0,0.0,0.0,0.0,0.0,0.0,0.0,0.0,0.0,0.0,0.0,-0.0,-0.0,0.0,0.0,0.0,0.0,0.0,-0.0,0.0,0.0,0.0,0.0,0.0,0.0,0.0,0.0,0.0,4.0,0.0,0.0
11950080,296.9379272460937,297.1499938964844,293.1499938964844,0.0,-0.0,291.0841369628906,0.5436407923698425,0.050000000745058,0.0458586141467094,296.9179382324219,297.1499938964844,293.1499938964844,0.0,-0.0,291.0841369628906,0.5436407923698425,0.050000000745058,0.0482913292944431,296.926025390625,297.1499938964844,293.1499938964844,0.0,-0.0,291.0841369628906,0.5436407923698425,0.050000000745058,0.035667810589075,296.85723876953125,297.1499938964844,293.1499938964844,0.0,-0.0,291.0841369628906,0.5436407923698425,0.050000000745058,0.0482913292944431,297.13836669921875,297.1499938964844,293.1499938964844,0.0,-0.0,291.0841369628906,0.5436407923698425,0.050000000745058,0.2290732711553573,291.08331298828125,291.1499938964844,284.25,283.7802734375,291.00616455078125,297.1381225585937,291.0789794921875,1.0,0.1507584899663925,1.0,1.0,0.6547579765319824,1.0,-0.4886342287063598,0.2327888011932373,0.2558454275131225,0.1073051169514656,0.0,0.0,0.0,25.008907318115234,25.0,-24.707595825195312,-0.0,27.42132568359375,1.0,293.1499938964844,293.1499938964844,293.1499938964844,293.1499938964844,293.1499938964844,293.1499938964844,278.1499938964844,0.0,18000.0,313.1499938964844,0.0,18000.0,0.0,0.0,0.0,0.0,0.0,0.0,0.0,0.0,0.0,0.0,-0.0,-0.0,0.0,0.0,0.0,0.0,0.0,-0.0,0.0,0.0,0.0,0.0,0.0,0.0,0.0,0.0,0.0,4.0,0.0,0.0
11950140,296.9407043457031,297.1499938964844,293.1499938964844,0.0,-0.0,291.0666198730469,0.5435712933540344,0.050000000745058,0.0458591431379318,296.9203186035156,297.1499938964844,293.1499938964844,0.0,-0.0,291.0666198730469,0.5435712933540344,0.050000000745058,0.0482918880879879,296.9281616210937,297.1499938964844,293.1499938964844,0.0,-0.0,291.0666198730469,0.5435712933540344,0.050000000745058,0.0356682240962982,296.8698425292969,297.1499938964844,293.1499938964844,0.0,-0.0,291.0666198730469,0.5435712933540344,0.050000000745058,0.0482918880879879,297.1399230957031,297.1499938964844,293.1499938964844,0.0,-0.0,291.0666198730469,0.5435712933540344,0.050000000745058,0.2290759235620498,291.06573486328125,291.1499938964844,284.25,283.7694702148437,290.9857788085937,297.1396789550781,291.0611877441406,1.0,0.1507551074028015,1.0,1.0,0.6532841920852661,1.0,-0.4886398017406463,0.2335952073335647,0.2550445795059204,0.1064954996109008,0.0,0.0,0.0,25.006956100463867,25.0,-25.713058471679688,-0.0,27.42029190063477,1.0,293.1499938964844,293.1499938964844,293.1499938964844,293.1499938964844,293.1499938964844,293.1499938964844,278.1499938964844,0.0,18000.0,313.1499938964844,0.0,18000.0,0.0,0.0,0.0,0.0,0.0,0.0,0.0,0.0,0.0,0.0,-0.0,-0.0,0.0,0.0,0.0,0.0,0.0,-0.0,0.0,0.0,0.0,0.0,0.0,0.0,0.0,0.0,0.0,4.0,0.0,0.0
11950200,296.9407043457031,297.1499938964844,293.1499938964844,0.0,-0.0,291.0666198730469,0.5435712933540344,0.050000000745058,0.0458591431379318,296.9203186035156,297.1499938964844,293.1499938964844,0.0,-0.0,291.0666198730469,0.5435712933540344,0.050000000745058,0.0482918880879879,296.9281616210937,297.1499938964844,293.1499938964844,0.0,-0.0,291.0666198730469,0.5435712933540344,0.050000000745058,0.0356682240962982,296.8698425292969,297.1499938964844,293.1499938964844,0.0,-0.0,291.0666198730469,0.5435712933540344,0.050000000745058,0.0482918880879879,297.1399230957031,297.1499938964844,293.1499938964844,0.0,-0.0,291.0666198730469,0.5435712933540344,0.050000000745058,0.2290759235620498,291.06573486328125,291.1499938964844,284.25,283.7694702148437,290.9857788085937,297.1396789550781,291.0611877441406,1.0,0.1507551074028015,1.0,1.0,0.6532841920852661,1.0,-0.4886398017406463,0.2335952073335647,0.2550445795059204,0.1064954996109008,0.0,0.0,0.0,25.006956100463867,25.0,-25.713058471679688,-0.0,27.42029190063477,1.0,293.1499938964844,293.1499938964844,293.1499938964844,293.1499938964844,293.1499938964844,293.1499938964844,278.1499938964844,0.0,18000.0,313.1499938964844,0.0,18000.0,0.0,0.0,0.0,0.0,0.0,0.0,0.0,0.0,0.0,0.0,-0.0,-0.0,0.0,0.0,0.0,0.0,0.0,-0.0,0.0,0.0,0.0,0.0,0.0,0.0,0.0,0.0,0.0,4.0,0.0,0.0
11950260,296.9435119628906,297.1499938964844,293.1499938964844,0.0,-0.0,291.048583984375,0.5435011386871338,0.050000000745058,0.0458596795797348,296.9227600097656,297.1499938964844,293.1499938964844,0.0,-0.0,291.048583984375,0.5435011386871338,0.050000000745058,0.0482924506068229,296.93035888671875,297.1499938964844,293.1499938964844,0.0,-0.0,291.048583984375,0.5435011386871338,0.050000000745058,0.0356686413288116,296.88067626953125,297.1499938964844,293.1499938964844,0.0,-0.0,291.048583984375,0.5435011386871338,0.050000000745058,0.0482924506068229,297.1415100097656,297.1499938964844,293.1499938964844,0.0,-0.0,291.048583984375,0.5435011386871338,0.050000000745058,0.2290785908699035,291.0477294921875,291.1499938964844,284.25,283.7586669921875,290.9728088378906,297.1412658691406,291.0433349609375,1.0,0.1507524847984314,1.0,1.0,0.6532003283500671,1.0,-0.4886454343795776,0.2340827286243438,0.2545627057552337,0.1053963154554367,0.0,0.0,0.0,25.00541114807129,25.0,-24.9228458404541,-0.0,27.419551849365234,1.0,293.1499938964844,293.1499938964844,293.1499938964844,293.1499938964844,293.1499938964844,293.1499938964844,278.1499938964844,0.0,18000.0,313.1499938964844,0.0,18000.0,0.0,0.0,0.0,0.0,0.0,0.0,0.0,0.0,0.0,0.0,-0.0,-0.0,0.0,0.0,0.0,0.0,0.0,-0.0,0.0,0.0,0.0,0.0,0.0,0.0,0.0,0.0,0.0,4.0,0.0,0.0
11950320,296.9435119628906,297.1499938964844,293.1499938964844,0.0,-0.0,291.048583984375,0.5435011386871338,0.050000000745058,0.0458596795797348,296.9227600097656,297.1499938964844,293.1499938964844,0.0,-0.0,291.048583984375,0.5435011386871338,0.050000000745058,0.0482924506068229,296.93035888671875,297.1499938964844,293.1499938964844,0.0,-0.0,291.048583984375,0.5435011386871338,0.050000000745058,0.0356686413288116,296.88067626953125,297.1499938964844,293.1499938964844,0.0,-0.0,291.048583984375,0.5435011386871338,0.050000000745058,0.0482924506068229,297.1415100097656,297.1499938964844,293.1499938964844,0.0,-0.0,291.048583984375,0.5435011386871338,0.050000000745058,0.2290785908699035,291.0477294921875,291.1499938964844,284.25,283.7586669921875,290.9728088378906,297.1412658691406,291.0433349609375,1.0,0.1507524847984314,1.0,1.0,0.6532003283500671,1.0,-0.4886454343795776,0.2340827286243438,0.2545627057552337,0.1053963154554367,0.0,0.0,0.0,25.00541114807129,25.0,-24.9228458404541,-0.0,27.419551849365234,1.0,293.1499938964844,293.1499938964844,293.1499938964844,293.1499938964844,293.1499938964844,293.1499938964844,278.1499938964844,0.0,18000.0,313.1499938964844,0.0,18000.0,0.0,0.0,0.0,0.0,0.0,0.0,0.0,0.0,0.0,0.0,-0.0,-0.0,0.0,0.0,0.0,0.0,0.0,-0.0,0.0,0.0,0.0,0.0,0.0,0.0,0.0,0.0,0.0,4.0,0.0,0.0
11950380,296.9463806152344,297.1499938964844,293.1499938964844,0.0,-0.0,291.03173828125,0.5434321165084839,0.050000000745058,0.0458602085709571,296.92529296875,297.1499938964844,293.1499938964844,0.0,-0.0,291.03173828125,0.5434321165084839,0.050000000745058,0.0482930056750774,296.9325866699219,297.1499938964844,293.1499938964844,0.0,-0.0,291.03173828125,0.5434321165084839,0.050000000745058,0.0356690511107444,296.8878479003906,297.1499938964844,293.1499938964844,0.0,-0.0,291.03173828125,0.5434321165084839,0.050000000745058,0.0482930056750774,297.1429138183594,297.1499938964844,293.1499938964844,0.0,-0.0,291.03173828125,0.5434321165084839,0.050000000745058,0.2290812283754348,291.03094482421875,291.1499938964844,284.25,283.7479553222656,290.9613952636719,297.1427001953125,291.0268859863281,1.0,0.1507504731416702,1.0,1.0,0.6531164646148682,1.0,-0.4886509776115417,0.2345452159643173,0.2541057765483856,0.1043226197361946,0.0,0.0,0.0,25.004159927368164,25.0,-23.16674995422364,-0.0,27.419044494628903,1.0,293.1499938964844,293.1499938964844,293.1499938964844,293.1499938964844,293.1499938964844,293.1499938964844,278.1499938964844,0.0,18000.0,313.1499938964844,0.0,18000.0,0.0,0.0,0.0,0.0,0.0,0.0,0.0,0.0,0.0,0.0,-0.0,-0.0,0.0,0.0,0.0,0.0,0.0,-0.0,0.0,0.0,0.0,0.0,0.0,0.0,0.0,0.0,0.0,4.0,0.0,0.0
11950440,296.9463806152344,297.1499938964844,293.1499938964844,0.0,-0.0,291.03173828125,0.5434321165084839,0.050000000745058,0.0458602085709571,296.92529296875,297.1499938964844,293.1499938964844,0.0,-0.0,291.03173828125,0.5434321165084839,0.050000000745058,0.0482930056750774,296.9325866699219,297.1499938964844,293.1499938964844,0.0,-0.0,291.03173828125,0.5434321165084839,0.050000000745058,0.0356690511107444,296.8878479003906,297.1499938964844,293.1499938964844,0.0,-0.0,291.03173828125,0.5434321165084839,0.050000000745058,0.0482930056750774,297.1429138183594,297.1499938964844,293.1499938964844,0.0,-0.0,291.03173828125,0.5434321165084839,0.050000000745058,0.2290812283754348,291.03094482421875,291.1499938964844,284.25,283.7479553222656,290.9613952636719,297.1427001953125,291.0268859863281,1.0,0.1507504731416702,1.0,1.0,0.6531164646148682,1.0,-0.4886509776115417,0.2345452159643173,0.2541057765483856,0.1043226197361946,0.0,0.0,0.0,25.004159927368164,25.0,-23.16674995422364,-0.0,27.419044494628903,1.0,293.1499938964844,293.1499938964844,293.1499938964844,293.1499938964844,293.1499938964844,293.1499938964844,278.1499938964844,0.0,18000.0,313.1499938964844,0.0,18000.0,0.0,0.0,0.0,0.0,0.0,0.0,0.0,0.0,0.0,0.0,-0.0,-0.0,0.0,0.0,0.0,0.0,0.0,-0.0,0.0,0.0,0.0,0.0,0.0,0.0,0.0,0.0,0.0,4.0,0.0,0.0
11950500,296.94781494140625,297.1499938964844,293.1499938964844,0.0,-0.0,291.02374267578125,0.5433984398841858,0.050000000745058,0.0458604656159877,296.9265441894531,297.1499938964844,293.1499938964844,0.0,-0.0,291.02374267578125,0.5433984398841858,0.050000000745058,0.0482932776212692,296.9337158203125,297.1499938964844,293.1499938964844,0.0,-0.0,291.02374267578125,0.5433984398841858,0.050000000745058,0.0356692485511302,296.8905639648437,297.1499938964844,293.1499938964844,0.0,-0.0,291.02374267578125,0.5433984398841858,0.050000000745058,0.0482932776212692,297.1435546875,297.1499938964844,293.1499938964844,0.0,-0.0,291.02374267578125,0.5433984398841858,0.050000000745058,0.2290825098752975,291.0229797363281,291.1499938964844,284.25,283.7426452636719,290.9558410644531,297.14337158203125,291.0190124511719,1.0,0.1507496535778045,1.0,1.0,0.6530745625495911,1.0,-0.488653689622879,0.2347691804170608,0.2538845241069793,0.1038036048412323,0.0,0.0,0.0,25.00362968444824,25.0,-22.348552703857425,-0.0,27.41886329650879,1.0,293.1499938964844,293.1499938964844,293.1499938964844,293.1499938964844,293.1499938964844,293.1499938964844,278.1499938964844,0.0,18000.0,313.1499938964844,0.0,18000.0,0.0,0.0,0.0,0.0,0.0,0.0,0.0,0.0,0.0,0.0,-0.0,-0.0,0.0,0.0,0.0,0.0,0.0,-0.0,0.0,0.0,0.0,0.0,0.0,0.0,0.0,0.0,0.0,4.0,0.0,0.0
11950560,296.9492492675781,297.1499938964844,293.1499938964844,0.0,-0.0,291.0159912109375,0.5433652997016907,0.050000000745058,0.045860718935728,296.9278259277344,297.1499938964844,293.1499938964844,0.0,-0.0,291.0159912109375,0.5433652997016907,0.050000000745058,0.0482935458421707,296.934814453125,297.1499938964844,293.1499938964844,0.0,-0.0,291.0159912109375,0.5433652997016907,0.050000000745058,0.0356694459915161,296.8929443359375,297.1499938964844,293.1499938964844,0.0,-0.0,291.0159912109375,0.5433652997016907,0.050000000745058,0.0482935458421707,297.1441650390625,297.1499938964844,293.1499938964844,0.0,-0.0,291.0159912109375,0.5433652997016907,0.050000000745058,0.2290837913751602,291.0152282714844,291.1499938964844,284.25,283.7373962402344,290.953369140625,297.1439819335937,291.011474609375,1.0,0.1507489383220672,1.0,1.0,0.6537309288978577,1.0,-0.4886563718318939,0.234836533665657,0.2538198232650757,0.1031483933329582,0.0,0.0,0.0,25.003173828125,25.0,-21.129806518554688,-0.0,27.41871833801269,1.0,293.1499938964844,293.1499938964844,293.1499938964844,293.1499938964844,293.1499938964844,293.1499938964844,278.1499938964844,0.0,18000.0,313.1499938964844,0.0,18000.0,0.0,0.0,0.0,0.0,0.0,0.0,0.0,0.0,0.0,0.0,-0.0,-0.0,0.0,0.0,0.0,0.0,0.0,-0.0,0.0,0.0,0.0,0.0,0.0,0.0,0.0,0.0,0.0,4.0,0.0,0.0
11950620,296.9521179199219,297.1499938964844,293.1499938964844,0.0,-0.0,291.0021667480469,0.5433015823364258,0.050000000745058,0.0458612069487571,296.9303894042969,297.1499938964844,293.1499938964844,0.0,-0.0,291.0021667480469,0.5433015823364258,0.050000000745058,0.0482940599322319,296.9370422363281,297.1499938964844,293.1499938964844,0.0,-0.0,291.0021667480469,0.5433015823364258,0.050000000745058,0.0356698259711265,296.89697265625,297.1499938964844,293.1499938964844,0.0,-0.0,291.0021667480469,0.5433015823364258,0.050000000745058,0.0482940599322319,297.14520263671875,297.1499938964844,293.1499938964844,0.0,-0.0,291.0021667480469,0.5433015823364258,0.050000000745058,0.2290862202644348,291.0015563964844,291.1499938964844,284.25,283.7269897460937,290.95135498046875,297.1450500488281,290.9985046386719,1.0,0.1507477760314941,1.0,1.0,0.6550437211990356,1.0,-0.4886614978313446,0.2349345386028289,0.2537269592285156,0.1018677577376365,0.0,0.0,0.0,25.00240707397461,25.0,-17.497976303100586,-0.0,27.418519973754883,1.0,293.1499938964844,293.1499938964844,293.1499938964844,293.1499938964844,293.1499938964844,293.1499938964844,278.1499938964844,0.0,18000.0,313.1499938964844,0.0,18000.0,0.0,0.0,0.0,0.0,0.0,0.0,0.0,0.0,0.0,0.0,-0.0,-0.0,0.0,0.0,0.0,0.0,0.0,-0.0,0.0,0.0,0.0,0.0,0.0,0.0,0.0,0.0,0.0,4.0,0.0,0.0
11950680,296.9521179199219,297.1499938964844,293.1499938964844,0.0,-0.0,291.0021667480469,0.5433015823364258,0.050000000745058,0.0458612069487571,296.9303894042969,297.1499938964844,293.1499938964844,0.0,-0.0,291.0021667480469,0.5433015823364258,0.050000000745058,0.0482940599322319,296.9370422363281,297.1499938964844,293.1499938964844,0.0,-0.0,291.0021667480469,0.5433015823364258,0.050000000745058,0.0356698259711265,296.89697265625,297.1499938964844,293.1499938964844,0.0,-0.0,291.0021667480469,0.5433015823364258,0.050000000745058,0.0482940599322319,297.14520263671875,297.1499938964844,293.1499938964844,0.0,-0.0,291.0021667480469,0.5433015823364258,0.050000000745058,0.2290862202644348,291.0015563964844,291.1499938964844,284.25,283.7269897460937,290.95135498046875,297.1450500488281,290.9985046386719,1.0,0.1507477760314941,1.0,1.0,0.6550437211990356,1.0,-0.4886614978313446,0.2349345386028289,0.2537269592285156,0.1018677577376365,0.0,0.0,0.0,25.00240707397461,25.0,-17.497976303100586,-0.0,27.418519973754883,1.0,293.1499938964844,293.1499938964844,293.1499938964844,293.1499938964844,293.1499938964844,293.1499938964844,278.1499938964844,0.0,18000.0,313.1499938964844,0.0,18000.0,0.0,0.0,0.0,0.0,0.0,0.0,0.0,0.0,0.0,0.0,-0.0,-0.0,0.0,0.0,0.0,0.0,0.0,-0.0,0.0,0.0,0.0,0.0,0.0,0.0,0.0,0.0,0.0,4.0,0.0,0.0
11950740,296.9549865722656,297.1499938964844,293.1499938964844,0.0,-0.0,290.9909362792969,0.5432420969009399,0.050000000745058,0.0458616614341735,296.9329833984375,297.1499938964844,293.1499938964844,0.0,-0.0,290.9909362792969,0.5432420969009399,0.050000000745058,0.0482945367693901,296.9392395019531,297.1499938964844,293.1499938964844,0.0,-0.0,290.9909362792969,0.5432420969009399,0.050000000745058,0.0356701798737049,296.9004211425781,297.1499938964844,293.1499938964844,0.0,-0.0,290.9909362792969,0.5432420969009399,0.050000000745058,0.0482945367693901,297.1461486816406,297.1499938964844,293.1499938964844,0.0,-0.0,290.9909362792969,0.5432420969009399,0.050000000745058,0.2290885001420974,290.9904479980469,291.1499938964844,284.25,283.716796875,290.9499206542969,297.14599609375,290.9879150390625,1.0,0.1507468968629837,1.0,1.0,0.6563565135002136,1.0,-0.488666296005249,0.2350080162286758,0.253658264875412,0.1006613224744796,0.0,0.0,0.0,25.00179481506348,25.0,-14.177577018737791,-0.0,27.418420791625977,1.0,293.1499938964844,293.1499938964844,293.1499938964844,293.1499938964844,293.1499938964844,293.1499938964844,278.1499938964844,0.0,18000.0,313.1499938964844,0.0,18000.0,0.0,0.0,0.0,0.0,0.0,0.0,0.0,0.0,0.0,0.0,-0.0,-0.0,0.0,0.0,0.0,0.0,0.0,-0.0,0.0,0.0,0.0,0.0,0.0,0.0,0.0,0.0,0.0,4.0,0.0,0.0
11950800,296.9549865722656,297.1499938964844,293.1499938964844,0.0,-0.0,290.9909362792969,0.5432420969009399,0.050000000745058,0.0458616614341735,296.9329833984375,297.1499938964844,293.1499938964844,0.0,-0.0,290.9909362792969,0.5432420969009399,0.050000000745058,0.0482945367693901,296.9392395019531,297.1499938964844,293.1499938964844,0.0,-0.0,290.9909362792969,0.5432420969009399,0.050000000745058,0.0356701798737049,296.9004211425781,297.1499938964844,293.1499938964844,0.0,-0.0,290.9909362792969,0.5432420969009399,0.050000000745058,0.0482945367693901,297.1461486816406,297.1499938964844,293.1499938964844,0.0,-0.0,290.9909362792969,0.5432420969009399,0.050000000745058,0.2290885001420974,290.9904479980469,291.1499938964844,284.25,283.716796875,290.9499206542969,297.14599609375,290.9879150390625,1.0,0.1507468968629837,1.0,1.0,0.6563565135002136,1.0,-0.488666296005249,0.2350080162286758,0.253658264875412,0.1006613224744796,0.0,0.0,0.0,25.00179481506348,25.0,-14.177577018737791,-0.0,27.418420791625977,1.0,293.1499938964844,293.1499938964844,293.1499938964844,293.1499938964844,293.1499938964844,293.1499938964844,278.1499938964844,0.0,18000.0,313.1499938964844,0.0,18000.0,0.0,0.0,0.0,0.0,0.0,0.0,0.0,0.0,0.0,0.0,-0.0,-0.0,0.0,0.0,0.0,0.0,0.0,-0.0,0.0,0.0,0.0,0.0,0.0,0.0,0.0,0.0,0.0,4.0,0.0,0.0
11950860,296.9579162597656,297.1499938964844,293.1499938964844,0.0,-0.0,290.98193359375,0.5431869626045227,0.050000000745058,0.0458620823919773,296.9356384277344,297.1499938964844,293.1499938964844,0.0,-0.0,290.98193359375,0.5431869626045227,0.050000000745058,0.0482949838042259,296.9414367675781,297.1499938964844,293.1499938964844,0.0,-0.0,290.98193359375,0.5431869626045227,0.050000000745058,0.0356705114245414,296.903564453125,297.1499938964844,293.1499938964844,0.0,-0.0,290.98193359375,0.5431869626045227,0.050000000745058,0.0482949838042259,297.1470031738281,297.1499938964844,293.1499938964844,0.0,-0.0,290.98193359375,0.5431869626045227,0.050000000745058,0.2290906012058258,290.9815368652344,291.1499938964844,284.25,283.7069396972656,290.9542236328125,297.1468505859375,290.979736328125,1.0,0.1507462412118911,1.0,1.0,0.6586926579475403,1.0,-0.4886707365512848,0.2348352670669555,0.2538354694843292,0.0993174910545349,0.0,0.0,0.0,25.001344680786133,25.0,-10.279539108276367,-0.0,27.41839027404785,1.0,293.1499938964844,293.1499938964844,293.1499938964844,293.1499938964844,293.1499938964844,293.1499938964844,278.1499938964844,0.0,18000.0,313.1499938964844,0.0,18000.0,0.0,0.0,0.0,0.0,0.0,0.0,0.0,0.0,0.0,0.0,-0.0,-0.0,0.0,0.0,0.0,0.0,0.0,-0.0,0.0,0.0,0.0,0.0,0.0,0.0,0.0,0.0,0.0,4.0,0.0,0.0
11950920,296.9579162597656,297.1499938964844,293.1499938964844,0.0,-0.0,290.98193359375,0.5431869626045227,0.050000000745058,0.0458620823919773,296.9356384277344,297.1499938964844,293.1499938964844,0.0,-0.0,290.98193359375,0.5431869626045227,0.050000000745058,0.0482949838042259,296.9414367675781,297.1499938964844,293.1499938964844,0.0,-0.0,290.98193359375,0.5431869626045227,0.050000000745058,0.0356705114245414,296.903564453125,297.1499938964844,293.1499938964844,0.0,-0.0,290.98193359375,0.5431869626045227,0.050000000745058,0.0482949838042259,297.1470031738281,297.1499938964844,293.1499938964844,0.0,-0.0,290.98193359375,0.5431869626045227,0.050000000745058,0.2290906012058258,290.9815368652344,291.1499938964844,284.25,283.7069396972656,290.9542236328125,297.1468505859375,290.979736328125,1.0,0.1507462412118911,1.0,1.0,0.6586926579475403,1.0,-0.4886707365512848,0.2348352670669555,0.2538354694843292,0.0993174910545349,0.0,0.0,0.0,25.001344680786133,25.0,-10.279539108276367,-0.0,27.41839027404785,1.0,293.1499938964844,293.1499938964844,293.1499938964844,293.1499938964844,293.1499938964844,293.1499938964844,278.1499938964844,0.0,18000.0,313.1499938964844,0.0,18000.0,0.0,0.0,0.0,0.0,0.0,0.0,0.0,0.0,0.0,0.0,-0.0,-0.0,0.0,0.0,0.0,0.0,0.0,-0.0,0.0,0.0,0.0,0.0,0.0,0.0,0.0,0.0,0.0,4.0,0.0,0.0
11950980,296.9608764648437,297.1499938964844,293.1499938964844,0.0,-0.0,290.9759216308594,0.5431369543075562,0.050000000745058,0.045862466096878,296.9383544921875,297.1499938964844,293.1499938964844,0.0,-0.0,290.9759216308594,0.5431369543075562,0.050000000745058,0.0482953861355781,296.9436950683594,297.1499938964844,293.1499938964844,0.0,-0.0,290.9759216308594,0.5431369543075562,0.050000000745058,0.0356708094477653,296.9065246582031,297.1499938964844,293.1499938964844,0.0,-0.0,290.9759216308594,0.5431369543075562,0.050000000745058,0.0482953861355781,297.1478271484375,297.1499938964844,293.1499938964844,0.0,-0.0,290.9759216308594,0.5431369543075562,0.050000000745058,0.2290925234556198,290.9756774902344,291.1499938964844,284.25,283.6973876953125,290.9599609375,297.147705078125,290.9745788574219,1.0,0.1507457643747329,1.0,1.0,0.6610287427902222,1.0,-0.4886747598648071,0.2346331626176834,0.2540416121482849,0.0980585291981697,0.0,0.0,0.0,25.000995635986328,25.0,-6.307516098022461,-0.0,27.41840553283692,1.0,293.1499938964844,293.1499938964844,293.1499938964844,293.1499938964844,293.1499938964844,293.1499938964844,278.1499938964844,0.0,18000.0,313.1499938964844,0.0,18000.0,0.0,0.0,0.0,0.0,0.0,0.0,0.0,0.0,0.0,0.0,-0.0,-0.0,0.0,0.0,0.0,0.0,0.0,-0.0,0.0,0.0,0.0,0.0,0.0,0.0,0.0,0.0,0.0,4.0,0.0,0.0
11951040,296.9608764648437,297.1499938964844,293.1499938964844,0.0,-0.0,290.9759216308594,0.5431369543075562,0.050000000745058,0.045862466096878,296.9383544921875,297.1499938964844,293.1499938964844,0.0,-0.0,290.9759216308594,0.5431369543075562,0.050000000745058,0.0482953861355781,296.9436950683594,297.1499938964844,293.1499938964844,0.0,-0.0,290.9759216308594,0.5431369543075562,0.050000000745058,0.0356708094477653,296.9065246582031,297.1499938964844,293.1499938964844,0.0,-0.0,290.9759216308594,0.5431369543075562,0.050000000745058,0.0482953861355781,297.1478271484375,297.1499938964844,293.1499938964844,0.0,-0.0,290.9759216308594,0.5431369543075562,0.050000000745058,0.2290925234556198,290.9756774902344,291.1499938964844,284.25,283.6973876953125,290.9599609375,297.147705078125,290.9745788574219,1.0,0.1507457643747329,1.0,1.0,0.6610287427902222,1.0,-0.4886747598648071,0.2346331626176834,0.2540416121482849,0.0980585291981697,0.0,0.0,0.0,25.000995635986328,25.0,-6.307516098022461,-0.0,27.41840553283692,1.0,293.1499938964844,293.1499938964844,293.1499938964844,293.1499938964844,293.1499938964844,293.1499938964844,278.1499938964844,0.0,18000.0,313.1499938964844,0.0,18000.0,0.0,0.0,0.0,0.0,0.0,0.0,0.0,0.0,0.0,0.0,-0.0,-0.0,0.0,0.0,0.0,0.0,0.0,-0.0,0.0,0.0,0.0,0.0,0.0,0.0,0.0,0.0,0.0,4.0,0.0,0.0
11951100,296.96240234375,297.1499938964844,293.1499938964844,0.0,-0.0,290.97393798828125,0.5431140065193176,0.050000000745058,0.0458626449108123,296.9397277832031,297.1499938964844,293.1499938964844,0.0,-0.0,290.97393798828125,0.5431140065193176,0.050000000745058,0.048295572400093,296.9448547363281,297.1499938964844,293.1499938964844,0.0,-0.0,290.97393798828125,0.5431140065193176,0.050000000745058,0.035670943558216,296.90802001953125,297.1499938964844,293.1499938964844,0.0,-0.0,290.97393798828125,0.5431140065193176,0.050000000745058,0.048295572400093,297.14825439453125,297.1499938964844,293.1499938964844,0.0,-0.0,290.97393798828125,0.5431140065193176,0.050000000745058,0.2290934026241302,290.9737548828125,291.1499938964844,284.25,283.6927795410156,290.96307373046875,297.14813232421875,290.97296142578125,1.0,0.1507455855607986,1.0,1.0,0.6621968150138855,1.0,-0.4886766076087951,0.2345233857631683,0.2541532218456268,0.0974643528461456,0.0,0.0,0.0,25.0008544921875,25.0,-4.567201614379883,-0.0,27.41842460632324,1.0,293.1499938964844,293.1499938964844,293.1499938964844,293.1499938964844,293.1499938964844,293.1499938964844,278.1499938964844,0.0,18000.0,313.1499938964844,0.0,18000.0,0.0,0.0,0.0,0.0,0.0,0.0,0.0,0.0,0.0,0.0,-0.0,-0.0,0.0,0.0,0.0,0.0,0.0,-0.0,0.0,0.0,0.0,0.0,0.0,0.0,0.0,0.0,0.0,4.0,0.0,0.0
11951160,296.96392822265625,297.1499938964844,293.1499938964844,0.0,-0.0,290.9725036621094,0.5430923104286194,0.050000000745058,0.0458628088235855,296.9411315917969,297.1499938964844,293.1499938964844,0.0,-0.0,290.9725036621094,0.5430923104286194,0.050000000745058,0.0482957474887371,296.9460144042969,297.1499938964844,293.1499938964844,0.0,-0.0,290.9725036621094,0.5430923104286194,0.050000000745058,0.0356710739433765,296.90948486328125,297.1499938964844,293.1499938964844,0.0,-0.0,290.9725036621094,0.5430923104286194,0.050000000745058,0.0482957474887371,297.148681640625,297.1499938964844,293.1499938964844,0.0,-0.0,290.9725036621094,0.5430923104286194,0.050000000745058,0.2290942370891571,290.97235107421875,291.1499938964844,284.25,283.6882629394531,290.9672546386719,297.1485595703125,290.9718322753906,1.0,0.1507454067468643,1.0,1.0,0.6636019349098206,1.0,-0.488678365945816,0.2343607544898986,0.2543176114559173,0.0968472734093666,0.0,0.0,0.0,25.0007381439209,25.0,-2.821315050125122,-0.0,27.41844940185547,1.0,293.1499938964844,293.1499938964844,293.1499938964844,293.1499938964844,293.1499938964844,293.1499938964844,278.1499938964844,0.0,18000.0,313.1499938964844,0.0,18000.0,0.0,0.0,0.0,0.0,0.0,0.0,0.0,0.0,0.0,0.0,-0.0,-0.0,0.0,0.0,0.0,0.0,0.0,-0.0,0.0,0.0,0.0,0.0,0.0,0.0,0.0,0.0,0.0,4.0,0.0,0.0
11951220,296.967041015625,297.1499938964844,293.1499938964844,0.0,-0.0,290.9714660644531,0.5430530905723572,0.050000000745058,0.0458631105720996,296.9440002441406,297.1499938964844,293.1499938964844,0.0,-0.0,290.9714660644531,0.5430530905723572,0.050000000745058,0.0482960641384124,296.9483947753906,297.1499938964844,293.1499938964844,0.0,-0.0,290.9714660644531,0.5430530905723572,0.050000000745058,0.0356713086366653,296.91241455078125,297.1499938964844,293.1499938964844,0.0,-0.0,290.9714660644531,0.5430530905723572,0.050000000745058,0.0482960641384124,297.1495666503906,297.1499938964844,293.1499938964844,0.0,-0.0,290.9714660644531,0.5430530905723572,0.050000000745058,0.2290957421064376,290.9714660644531,291.1499938964844,284.25,283.6795654296875,290.97686767578125,297.1494140625,290.9715881347656,1.0,0.150745153427124,1.0,1.0,0.6664121150970459,1.0,-0.4886815249919891,0.2340140342712402,0.2546674907207489,0.0956815034151077,0.0,0.0,0.0,25.00055313110352,25.0,0.6832543611526489,-0.0,27.41850471496582,1.0,293.1499938964844,293.1499938964844,293.1499938964844,293.1499938964844,293.1499938964844,293.1499938964844,278.1499938964844,0.0,18000.0,313.1499938964844,0.0,18000.0,0.0,0.0,0.0,0.0,0.0,0.0,0.0,0.0,0.0,0.0,-0.0,-0.0,0.0,0.0,0.0,0.0,0.0,-0.0,0.0,0.0,0.0,0.0,0.0,0.0,0.0,0.0,0.0,4.0,0.0,0.0
11951280,296.967041015625,297.1499938964844,293.1499938964844,0.0,-0.0,290.9714660644531,0.5430530905723572,0.050000000745058,0.0458631105720996,296.9440002441406,297.1499938964844,293.1499938964844,0.0,-0.0,290.9714660644531,0.5430530905723572,0.050000000745058,0.0482960641384124,296.9483947753906,297.1499938964844,293.1499938964844,0.0,-0.0,290.9714660644531,0.5430530905723572,0.050000000745058,0.0356713086366653,296.91241455078125,297.1499938964844,293.1499938964844,0.0,-0.0,290.9714660644531,0.5430530905723572,0.050000000745058,0.0482960641384124,297.1495666503906,297.1499938964844,293.1499938964844,0.0,-0.0,290.9714660644531,0.5430530905723572,0.050000000745058,0.2290957421064376,290.9714660644531,291.1499938964844,284.25,283.6795654296875,290.97686767578125,297.1494140625,290.9715881347656,1.0,0.150745153427124,1.0,1.0,0.6664121150970459,1.0,-0.4886815249919891,0.2340140342712402,0.2546674907207489,0.0956815034151077,0.0,0.0,0.0,25.00055313110352,25.0,0.6832543611526489,-0.0,27.41850471496582,1.0,293.1499938964844,293.1499938964844,293.1499938964844,293.1499938964844,293.1499938964844,293.1499938964844,278.1499938964844,0.0,18000.0,313.1499938964844,0.0,18000.0,0.0,0.0,0.0,0.0,0.0,0.0,0.0,0.0,0.0,0.0,-0.0,-0.0,0.0,0.0,0.0,0.0,0.0,-0.0,0.0,0.0,0.0,0.0,0.0,0.0,0.0,0.0,0.0,4.0,0.0,0.0
11951340,296.97027587890625,297.1499938964844,293.1499938964844,0.0,-0.0,290.97283935546875,0.5430194735527039,0.050000000745058,0.0458633676171302,296.94696044921875,297.1499938964844,293.1499938964844,0.0,-0.0,290.97283935546875,0.5430194735527039,0.050000000745058,0.0482963360846042,296.95086669921875,297.1499938964844,293.1499938964844,0.0,-0.0,290.97283935546875,0.5430194735527039,0.050000000745058,0.0356715098023414,296.9153747558594,297.1499938964844,293.1499938964844,0.0,-0.0,290.97283935546875,0.5430194735527039,0.050000000745058,0.0482963360846042,297.1505126953125,297.1499938964844,293.1499938964844,0.0,-0.0,290.97283935546875,0.5430194735527039,0.050000000745058,0.2290970236063003,290.9729309082031,291.1499938964844,284.25,283.67138671875,290.9870300292969,297.1503601074219,290.9735717773437,1.0,0.1507449448108673,1.0,1.0,0.6692222952842712,1.0,-0.4886842668056488,0.233646735548973,0.2550375163555145,0.0946151316165924,0.0,0.0,0.0,25.00041961669922,25.0,3.6801819801330566,-0.0,27.418561935424805,1.0,293.1499938964844,293.1499938964844,293.1499938964844,293.1499938964844,293.1499938964844,293.1499938964844,278.1499938964844,0.0,18000.0,313.1499938964844,0.0,18000.0,0.0,0.0,0.0,0.0,0.0,0.0,0.0,0.0,0.0,0.0,-0.0,-0.0,0.0,0.0,0.0,0.0,0.0,-0.0,0.0,0.0,0.0,0.0,0.0,0.0,0.0,0.0,0.0,4.0,0.0,0.0
11951400,296.97027587890625,297.1499938964844,293.1499938964844,0.0,-0.0,290.97283935546875,0.5430194735527039,0.050000000745058,0.0458633676171302,296.94696044921875,297.1499938964844,293.1499938964844,0.0,-0.0,290.97283935546875,0.5430194735527039,0.050000000745058,0.0482963360846042,296.95086669921875,297.1499938964844,293.1499938964844,0.0,-0.0,290.97283935546875,0.5430194735527039,0.050000000745058,0.0356715098023414,296.9153747558594,297.1499938964844,293.1499938964844,0.0,-0.0,290.97283935546875,0.5430194735527039,0.050000000745058,0.0482963360846042,297.1505126953125,297.1499938964844,293.1499938964844,0.0,-0.0,290.97283935546875,0.5430194735527039,0.050000000745058,0.2290970236063003,290.9729309082031,291.1499938964844,284.25,283.67138671875,290.9870300292969,297.1503601074219,290.9735717773437,1.0,0.1507449448108673,1.0,1.0,0.6692222952842712,1.0,-0.4886842668056488,0.233646735548973,0.2550375163555145,0.0946151316165924,0.0,0.0,0.0,25.00041961669922,25.0,3.6801819801330566,-0.0,27.418561935424805,1.0,293.1499938964844,293.1499938964844,293.1499938964844,293.1499938964844,293.1499938964844,293.1499938964844,278.1499938964844,0.0,18000.0,313.1499938964844,0.0,18000.0,0.0,0.0,0.0,0.0,0.0,0.0,0.0,0.0,0.0,0.0,-0.0,-0.0,0.0,0.0,0.0,0.0,0.0,-0.0,0.0,0.0,0.0,0.0,0.0,0.0,0.0,0.0,0.0,4.0,0.0,0.0
11951460,296.9735717773437,297.1499938964844,293.1499938964844,0.0,-0.0,290.9761047363281,0.5429915189743042,0.050000000745058,0.0458635836839675,296.9500427246094,297.1499938964844,293.1499938964844,0.0,-0.0,290.9761047363281,0.5429915189743042,0.050000000745058,0.0482965633273124,296.95343017578125,297.1499938964844,293.1499938964844,0.0,-0.0,290.9761047363281,0.5429915189743042,0.050000000745058,0.0356716774404048,296.9183654785156,297.1499938964844,293.1499938964844,0.0,-0.0,290.9761047363281,0.5429915189743042,0.050000000745058,0.0482965633273124,297.1515197753906,297.1499938964844,293.1499938964844,0.0,-0.0,290.9761047363281,0.5429915189743042,0.050000000745058,0.2290980964899063,290.9762878417969,291.1499938964844,284.25,283.6637878417969,290.9974365234375,297.1513366699219,290.97735595703125,1.0,0.1507447957992553,1.0,1.0,0.6719598770141602,1.0,-0.4886865019798279,0.2332721799612045,0.2554143369197845,0.093661293387413,0.0,0.0,0.0,25.00032615661621,25.0,6.1480913162231445,-0.0,27.418615341186523,1.0,293.1499938964844,293.1499938964844,293.1499938964844,293.1499938964844,293.1499938964844,293.1499938964844,278.1499938964844,0.0,18000.0,313.1499938964844,0.0,18000.0,0.0,0.0,0.0,0.0,0.0,0.0,0.0,0.0,0.0,0.0,-0.0,-0.0,0.0,0.0,0.0,0.0,0.0,-0.0,0.0,0.0,0.0,0.0,0.0,0.0,0.0,0.0,0.0,4.0,0.0,0.0
11951520,296.9735717773437,297.1499938964844,293.1499938964844,0.0,-0.0,290.9761047363281,0.5429915189743042,0.050000000745058,0.0458635836839675,296.9500427246094,297.1499938964844,293.1499938964844,0.0,-0.0,290.9761047363281,0.5429915189743042,0.050000000745058,0.0482965633273124,296.95343017578125,297.1499938964844,293.1499938964844,0.0,-0.0,290.9761047363281,0.5429915189743042,0.050000000745058,0.0356716774404048,296.9183654785156,297.1499938964844,293.1499938964844,0.0,-0.0,290.9761047363281,0.5429915189743042,0.050000000745058,0.0482965633273124,297.1515197753906,297.1499938964844,293.1499938964844,0.0,-0.0,290.9761047363281,0.5429915189743042,0.050000000745058,0.2290980964899063,290.9762878417969,291.1499938964844,284.25,283.6637878417969,290.9974365234375,297.1513366699219,290.97735595703125,1.0,0.1507447957992553,1.0,1.0,0.6719598770141602,1.0,-0.4886865019798279,0.2332721799612045,0.2554143369197845,0.093661293387413,0.0,0.0,0.0,25.00032615661621,25.0,6.1480913162231445,-0.0,27.418615341186523,1.0,293.1499938964844,293.1499938964844,293.1499938964844,293.1499938964844,293.1499938964844,293.1499938964844,278.1499938964844,0.0,18000.0,313.1499938964844,0.0,18000.0,0.0,0.0,0.0,0.0,0.0,0.0,0.0,0.0,0.0,0.0,-0.0,-0.0,0.0,0.0,0.0,0.0,0.0,-0.0,0.0,0.0,0.0,0.0,0.0,0.0,0.0,0.0,0.0,4.0,0.0,0.0
11951580,296.9769897460937,297.1499938964844,293.1499938964844,0.0,-0.0,290.9809875488281,0.5429691672325134,0.050000000745058,0.0458637550473213,296.95318603515625,297.1499938964844,293.1499938964844,0.0,-0.0,290.9809875488281,0.5429691672325134,0.050000000745058,0.0482967421412467,296.9560852050781,297.1499938964844,293.1499938964844,0.0,-0.0,290.9809875488281,0.5429691672325134,0.050000000745058,0.0356718115508556,296.92144775390625,297.1499938964844,293.1499938964844,0.0,-0.0,290.9809875488281,0.5429691672325134,0.050000000745058,0.0482967421412467,297.152587890625,297.1499938964844,293.1499938964844,0.0,-0.0,290.9809875488281,0.5429691672325134,0.050000000745058,0.2290989607572555,290.98126220703125,291.1499938964844,284.25,283.6567687988281,291.0083923339844,297.15240478515625,290.9826965332031,1.0,0.1507446616888046,1.0,1.0,0.6746973991394043,1.0,-0.4886883199214935,0.2328758984804153,0.255812406539917,0.0928054526448249,0.0,0.0,0.0,25.0002670288086,25.0,8.207887649536133,-0.0,27.41865539550781,1.0,293.1499938964844,293.1499938964844,293.1499938964844,293.1499938964844,293.1499938964844,293.1499938964844,278.1499938964844,0.0,18000.0,313.1499938964844,0.0,18000.0,0.0,0.0,0.0,0.0,0.0,0.0,0.0,0.0,0.0,0.0,-0.0,-0.0,0.0,0.0,0.0,0.0,0.0,-0.0,0.0,0.0,0.0,0.0,0.0,0.0,0.0,0.0,0.0,4.0,0.0,0.0
11951640,296.9769897460937,297.1499938964844,293.1499938964844,0.0,-0.0,290.9809875488281,0.5429691672325134,0.050000000745058,0.0458637550473213,296.95318603515625,297.1499938964844,293.1499938964844,0.0,-0.0,290.9809875488281,0.5429691672325134,0.050000000745058,0.0482967421412467,296.9560852050781,297.1499938964844,293.1499938964844,0.0,-0.0,290.9809875488281,0.5429691672325134,0.050000000745058,0.0356718115508556,296.92144775390625,297.1499938964844,293.1499938964844,0.0,-0.0,290.9809875488281,0.5429691672325134,0.050000000745058,0.0482967421412467,297.152587890625,297.1499938964844,293.1499938964844,0.0,-0.0,290.9809875488281,0.5429691672325134,0.050000000745058,0.2290989607572555,290.98126220703125,291.1499938964844,284.25,283.6567687988281,291.0083923339844,297.15240478515625,290.9826965332031,1.0,0.1507446616888046,1.0,1.0,0.6746973991394043,1.0,-0.4886883199214935,0.2328758984804153,0.255812406539917,0.0928054526448249,0.0,0.0,0.0,25.0002670288086,25.0,8.207887649536133,-0.0,27.41865539550781,1.0,293.1499938964844,293.1499938964844,293.1499938964844,293.1499938964844,293.1499938964844,293.1499938964844,278.1499938964844,0.0,18000.0,313.1499938964844,0.0,18000.0,0.0,0.0,0.0,0.0,0.0,0.0,0.0,0.0,0.0,0.0,-0.0,-0.0,0.0,0.0,0.0,0.0,0.0,-0.0,0.0,0.0,0.0,0.0,0.0,0.0,0.0,0.0,0.0,4.0,0.0,0.0
11951700,296.9787292480469,297.1499938964844,293.1499938964844,0.0,-0.0,290.98394775390625,0.5429601669311523,0.050000000745058,0.0458638258278369,296.9548034667969,297.1499938964844,293.1499938964844,0.0,-0.0,290.98394775390625,0.5429601669311523,0.050000000745058,0.0482968166470527,296.9574279785156,297.1499938964844,293.1499938964844,0.0,-0.0,290.98394775390625,0.5429601669311523,0.050000000745058,0.0356718637049198,296.9229736328125,297.1499938964844,293.1499938964844,0.0,-0.0,290.98394775390625,0.5429601669311523,0.050000000745058,0.0482968166470527,297.15313720703125,297.1499938964844,293.1499938964844,0.0,-0.0,290.98394775390625,0.5429601669311523,0.050000000745058,0.229099303483963,290.9842529296875,291.1499938964844,284.25,283.6535339355469,291.0141296386719,297.1529541015625,290.9858703613281,1.0,0.1507446020841598,1.0,1.0,0.6760662198066711,1.0,-0.4886890649795532,0.2326692342758178,0.2560198307037353,0.0924140736460685,0.0,0.0,0.0,25.0002498626709,25.0,9.13198947906494,-0.0,27.418670654296875,1.0,293.1499938964844,293.1499938964844,293.1499938964844,293.1499938964844,293.1499938964844,293.1499938964844,278.1499938964844,0.0,18000.0,313.1499938964844,0.0,18000.0,0.0,0.0,0.0,0.0,0.0,0.0,0.0,0.0,0.0,0.0,-0.0,-0.0,0.0,0.0,0.0,0.0,0.0,-0.0,0.0,0.0,0.0,0.0,0.0,0.0,0.0,0.0,0.0,4.0,0.0,0.0
11951760,296.98046875,297.1499938964844,293.1499938964844,0.0,-0.0,290.9872436523437,0.5429525971412659,0.050000000745058,0.0458638854324817,296.9564514160156,297.1499938964844,293.1499938964844,0.0,-0.0,290.9872436523437,0.5429525971412659,0.050000000745058,0.0482968762516975,296.95880126953125,297.1499938964844,293.1499938964844,0.0,-0.0,290.9872436523437,0.5429525971412659,0.050000000745058,0.0356719084084034,296.924560546875,297.1499938964844,293.1499938964844,0.0,-0.0,290.9872436523437,0.5429525971412659,0.050000000745058,0.0482968762516975,297.1537170410156,297.1499938964844,293.1499938964844,0.0,-0.0,290.9872436523437,0.5429525971412659,0.050000000745058,0.2290996015071869,290.9875793457031,291.1499938964844,284.25,283.65045166015625,291.0191650390625,297.1535339355469,290.98931884765625,1.0,0.150744542479515,1.0,1.0,0.6771975159645081,1.0,-0.488689661026001,0.2324984520673751,0.256191223859787,0.0920886695384979,0.0,0.0,0.0,25.000232696533203,25.0,9.86555290222168,-0.0,27.41868019104004,1.0,293.1499938964844,293.1499938964844,293.1499938964844,293.1499938964844,293.1499938964844,293.1499938964844,278.1499938964844,0.0,18000.0,313.1499938964844,0.0,18000.0,0.0,0.0,0.0,0.0,0.0,0.0,0.0,0.0,0.0,0.0,-0.0,-0.0,0.0,0.0,0.0,0.0,0.0,-0.0,0.0,0.0,0.0,0.0,0.0,0.0,0.0,0.0,0.0,4.0,0.0,0.0
11951820,296.9840393066406,297.1499938964844,293.1499938964844,0.0,-0.0,290.99444580078125,0.5429418683052063,0.050000000745058,0.0458639673888683,296.95977783203125,297.1499938964844,293.1499938964844,0.0,-0.0,290.99444580078125,0.5429418683052063,0.050000000745058,0.0482969656586647,296.96160888671875,297.1499938964844,293.1499938964844,0.0,-0.0,290.99444580078125,0.5429418683052063,0.050000000745058,0.0356719754636287,296.9277038574219,297.1499938964844,293.1499938964844,0.0,-0.0,290.99444580078125,0.5429418683052063,0.050000000745058,0.0482969656586647,297.1549072265625,297.1499938964844,293.1499938964844,0.0,-0.0,290.99444580078125,0.5429418683052063,0.050000000745058,0.2291000038385391,290.99481201171875,291.1499938964844,284.25,283.6448669433594,291.0291442871094,297.1547241210937,290.9967346191406,1.0,0.1507444381713867,1.0,1.0,0.6794601678848267,1.0,-0.4886905252933502,0.2321417182683944,0.2565488219261169,0.091514952480793,0.0,0.0,0.0,25.000215530395508,25.0,10.865965843200684,-0.0,27.418684005737305,1.0,293.1499938964844,293.1499938964844,293.1499938964844,293.1499938964844,293.1499938964844,293.1499938964844,278.1499938964844,0.0,18000.0,313.1499938964844,0.0,18000.0,0.0,0.0,0.0,0.0,0.0,0.0,0.0,0.0,0.0,0.0,-0.0,-0.0,0.0,0.0,0.0,0.0,0.0,-0.0,0.0,0.0,0.0,0.0,0.0,0.0,0.0,0.0,0.0,4.0,0.0,0.0
11951880,296.9840393066406,297.1499938964844,293.1499938964844,0.0,-0.0,290.99444580078125,0.5429418683052063,0.050000000745058,0.0458639673888683,296.95977783203125,297.1499938964844,293.1499938964844,0.0,-0.0,290.99444580078125,0.5429418683052063,0.050000000745058,0.0482969656586647,296.96160888671875,297.1499938964844,293.1499938964844,0.0,-0.0,290.99444580078125,0.5429418683052063,0.050000000745058,0.0356719754636287,296.9277038574219,297.1499938964844,293.1499938964844,0.0,-0.0,290.99444580078125,0.5429418683052063,0.050000000745058,0.0482969656586647,297.1549072265625,297.1499938964844,293.1499938964844,0.0,-0.0,290.99444580078125,0.5429418683052063,0.050000000745058,0.2291000038385391,290.99481201171875,291.1499938964844,284.25,283.6448669433594,291.0291442871094,297.1547241210937,290.9967346191406,1.0,0.1507444381713867,1.0,1.0,0.6794601678848267,1.0,-0.4886905252933502,0.2321417182683944,0.2565488219261169,0.091514952480793,0.0,0.0,0.0,25.000215530395508,25.0,10.865965843200684,-0.0,27.418684005737305,1.0,293.1499938964844,293.1499938964844,293.1499938964844,293.1499938964844,293.1499938964844,293.1499938964844,278.1499938964844,0.0,18000.0,313.1499938964844,0.0,18000.0,0.0,0.0,0.0,0.0,0.0,0.0,0.0,0.0,0.0,0.0,-0.0,-0.0,0.0,0.0,0.0,0.0,0.0,-0.0,0.0,0.0,0.0,0.0,0.0,0.0,0.0,0.0,0.0,4.0,0.0,0.0
11951940,296.9876708984375,297.1499938964844,293.1499938964844,0.0,-0.0,291.0023193359375,0.5429370999336243,0.050000000745058,0.0458640046417713,296.9631652832031,297.1499938964844,293.1499938964844,0.0,-0.0,291.0023193359375,0.5429370999336243,0.050000000745058,0.0482970029115676,296.9644775390625,297.1499938964844,293.1499938964844,0.0,-0.0,291.0023193359375,0.5429370999336243,0.050000000745058,0.0356720015406608,296.930908203125,297.1499938964844,293.1499938964844,0.0,-0.0,291.0023193359375,0.5429370999336243,0.050000000745058,0.0482970029115676,297.1561584472656,297.1499938964844,293.1499938964844,0.0,-0.0,291.0023193359375,0.5429370999336243,0.050000000745058,0.2291001975536346,291.0027160644531,291.1499938964844,284.25,283.6400451660156,291.0399169921875,297.1559753417969,291.0048217773437,1.0,0.1507443338632583,1.0,1.0,0.6817228198051453,1.0,-0.4886909127235412,0.2317558526992797,0.2569350600242615,0.0910383984446525,0.0,0.0,0.0,25.00022315979004,25.0,11.788771629333496,-0.0,27.41866111755371,1.0,293.1499938964844,293.1499938964844,293.1499938964844,293.1499938964844,293.1499938964844,293.1499938964844,278.1499938964844,0.0,18000.0,313.1499938964844,0.0,18000.0,0.0,0.0,0.0,0.0,0.0,0.0,0.0,0.0,0.0,0.0,-0.0,-0.0,0.0,0.0,0.0,0.0,0.0,-0.0,0.0,0.0,0.0,0.0,0.0,0.0,0.0,0.0,0.0,4.0,0.0,0.0
11952000,296.9876708984375,297.1499938964844,293.1499938964844,0.0,-0.0,291.0023193359375,0.5429370999336243,0.050000000745058,0.0458640046417713,296.9631652832031,297.1499938964844,293.1499938964844,0.0,-0.0,291.0023193359375,0.5429370999336243,0.050000000745058,0.0482970029115676,296.9644775390625,297.1499938964844,293.1499938964844,0.0,-0.0,291.0023193359375,0.5429370999336243,0.050000000745058,0.0356720015406608,296.930908203125,297.1499938964844,293.1499938964844,0.0,-0.0,291.0023193359375,0.5429370999336243,0.050000000745058,0.0482970029115676,297.1561584472656,297.1499938964844,293.1499938964844,0.0,-0.0,291.0023193359375,0.5429370999336243,0.050000000745058,0.2291001975536346,291.0027160644531,291.1499938964844,284.25,283.6400451660156,291.0399169921875,297.1559753417969,291.0048217773437,1.0,0.1507443338632583,1.0,1.0,0.6817228198051453,1.0,-0.4886909127235412,0.2317558526992797,0.2569350600242615,0.0910383984446525,0.0,0.0,0.0,25.00022315979004,25.0,11.788771629333496,-0.0,27.41866111755371,1.0,293.1499938964844,293.1499938964844,293.1499938964844,293.1499938964844,293.1499938964844,293.1499938964844,278.1499938964844,0.0,18000.0,313.1499938964844,0.0,18000.0,0.0,0.0,0.0,0.0,0.0,0.0,0.0,0.0,0.0,0.0,-0.0,-0.0,0.0,0.0,0.0,0.0,0.0,-0.0,0.0,0.0,0.0,0.0,0.0,0.0,0.0,0.0,0.0,4.0,0.0,0.0
11952060,296.9949951171875,297.1499938964844,293.1499938964844,0.0,-0.0,291.0108642578125,0.5429361462593079,0.050000000745058,0.0458640083670616,296.9703369140625,297.1499938964844,293.1499938964844,0.0,-0.0,291.0108642578125,0.5429361462593079,0.050000000745058,0.0482970103621482,296.9710693359375,297.1499938964844,293.1499938964844,0.0,-0.0,291.0108642578125,0.5429361462593079,0.050000000745058,0.0356720089912414,296.93780517578125,297.1499938964844,293.1499938964844,0.0,-0.0,291.0108642578125,0.5429361462593079,0.050000000745058,0.0482970103621482,297.1612243652344,297.1499938964844,293.1499938964844,0.0,-0.0,291.0108642578125,0.5429361462593079,0.050000000745058,0.229100227355957,291.0113220214844,291.1499938964844,284.2541809082031,283.64019775390625,291.051513671875,297.1600341796875,291.0135498046875,1.0,0.15074422955513,1.0,1.0,0.6832862496376038,1.0,-0.4886910021305084,0.2314755767583847,0.2572154104709625,0.0907436683773994,0.0,0.0,0.0,25.000221252441406,25.0,12.66411304473877,-0.0,27.41862297058105,1.0,293.1499938964844,293.1499938964844,293.1499938964844,293.1499938964844,293.1499938964844,293.1499938964844,278.1499938964844,0.0,18000.0,313.1499938964844,0.0,18000.0,0.0,0.0,0.0,0.0,0.0,0.0,0.0,0.0,0.0,0.0,-0.0,-0.0,0.0,0.0,0.0,0.0,0.0,-0.0,0.0,0.0,0.0,0.0,0.0,0.0,0.0,0.0,0.0,4.0,0.0,0.0
11952120,296.9949951171875,297.1499938964844,293.1499938964844,0.0,-0.0,291.0108642578125,0.5429361462593079,0.050000000745058,0.0458640083670616,296.9703369140625,297.1499938964844,293.1499938964844,0.0,-0.0,291.0108642578125,0.5429361462593079,0.050000000745058,0.0482970103621482,296.9710693359375,297.1499938964844,293.1499938964844,0.0,-0.0,291.0108642578125,0.5429361462593079,0.050000000745058,0.0356720089912414,296.93780517578125,297.1499938964844,293.1499938964844,0.0,-0.0,291.0108642578125,0.5429361462593079,0.050000000745058,0.0482970103621482,297.1612243652344,297.1499938964844,293.1499938964844,0.0,-0.0,291.0108642578125,0.5429361462593079,0.050000000745058,0.229100227355957,291.0113220214844,291.1499938964844,284.2541809082031,283.64019775390625,291.051513671875,297.1600341796875,291.0135498046875,1.0,0.15074422955513,1.0,1.0,0.6832862496376038,1.0,-0.4886910021305084,0.2314755767583847,0.2572154104709625,0.0907436683773994,0.0,0.0,0.0,25.000221252441406,25.0,12.66411304473877,-0.0,27.41862297058105,1.0,293.1499938964844,293.1499938964844,293.1499938964844,293.1499938964844,293.1499938964844,293.1499938964844,278.1499938964844,0.0,18000.0,313.1499938964844,0.0,18000.0,0.0,0.0,0.0,0.0,0.0,0.0,0.0,0.0,0.0,0.0,-0.0,-0.0,0.0,0.0,0.0,0.0,0.0,-0.0,0.0,0.0,0.0,0.0,0.0,0.0,0.0,0.0,0.0,4.0,0.0,0.0
11952180,297.0083312988281,297.1499938964844,293.1499938964844,0.0,-0.0,291.0204772949219,0.5429360866546631,0.050000000745058,0.0458640120923519,296.9835510253906,297.1499938964844,293.1499938964844,0.0,-0.0,291.0204772949219,0.5429360866546631,0.050000000745058,0.0482970103621482,296.9837341308594,297.1499938964844,293.1499938964844,0.0,-0.0,291.0204772949219,0.5429360866546631,0.050000000745058,0.0356720089912414,296.9508056640625,297.1499938964844,293.1499938964844,0.0,-0.0,291.0204772949219,0.5429360866546631,0.050000000745058,0.0482970103621482,297.1726379394531,297.1499938964844,293.1499938964844,0.0,-0.0,291.0204772949219,0.5429360866546631,0.050000000745058,0.229100227355957,291.0209655761719,291.1499938964844,284.2664489746094,283.6490478515625,291.0698547363281,297.1705322265625,291.023681640625,1.0,0.1507441252470016,1.0,1.0,0.6848496794700623,1.0,-0.4886910021305084,0.2311977446079254,0.257493257522583,0.0904692485928535,0.0,0.0,0.0,25.00022315979004,25.0,14.916457176208496,-0.0,27.41858291625977,1.0,293.1499938964844,293.1499938964844,293.1499938964844,293.1499938964844,293.1499938964844,293.1499938964844,278.1499938964844,0.0,18000.0,313.1499938964844,0.0,18000.0,0.0,0.0,0.0,0.0,0.0,0.0,0.0,0.0,0.0,0.0,-0.0,-0.0,0.0,0.0,0.0,0.0,0.0,-0.0,0.0,0.0,0.0,0.0,0.0,0.0,0.0,0.0,0.0,4.0,0.0,0.0
11952240,297.0083312988281,297.1499938964844,293.1499938964844,0.0,-0.0,291.0204772949219,0.5429360866546631,0.050000000745058,0.0458640120923519,296.9835510253906,297.1499938964844,293.1499938964844,0.0,-0.0,291.0204772949219,0.5429360866546631,0.050000000745058,0.0482970103621482,296.9837341308594,297.1499938964844,293.1499938964844,0.0,-0.0,291.0204772949219,0.5429360866546631,0.050000000745058,0.0356720089912414,296.9508056640625,297.1499938964844,293.1499938964844,0.0,-0.0,291.0204772949219,0.5429360866546631,0.050000000745058,0.0482970103621482,297.1726379394531,297.1499938964844,293.1499938964844,0.0,-0.0,291.0204772949219,0.5429360866546631,0.050000000745058,0.229100227355957,291.0209655761719,291.1499938964844,284.2664489746094,283.6490478515625,291.0698547363281,297.1705322265625,291.023681640625,1.0,0.1507441252470016,1.0,1.0,0.6848496794700623,1.0,-0.4886910021305084,0.2311977446079254,0.257493257522583,0.0904692485928535,0.0,0.0,0.0,25.00022315979004,25.0,14.916457176208496,-0.0,27.41858291625977,1.0,293.1499938964844,293.1499938964844,293.1499938964844,293.1499938964844,293.1499938964844,293.1499938964844,278.1499938964844,0.0,18000.0,313.1499938964844,0.0,18000.0,0.0,0.0,0.0,0.0,0.0,0.0,0.0,0.0,0.0,0.0,-0.0,-0.0,0.0,0.0,0.0,0.0,0.0,-0.0,0.0,0.0,0.0,0.0,0.0,0.0,0.0,0.0,0.0,4.0,0.0,0.0
11952300,297.0167541503906,297.1499938964844,293.1499938964844,0.0,-0.0,291.02606201171875,0.5429363250732422,0.050000000745058,0.0458640083670616,296.991943359375,297.1499938964844,293.1499938964844,0.0,-0.0,291.02606201171875,0.5429363250732422,0.050000000745058,0.0482970103621482,296.9918518066406,297.1499938964844,293.1499938964844,0.0,-0.0,291.02606201171875,0.5429363250732422,0.050000000745058,0.0356720052659511,296.9590759277344,297.1499938964844,293.1499938964844,0.0,-0.0,291.02606201171875,0.5429363250732422,0.050000000745058,0.0482970103621482,297.1802673339844,297.1499938964844,293.1499938964844,0.0,-0.0,291.02606201171875,0.5429363250732422,0.050000000745058,0.2291002124547958,291.0266418457031,291.1499938964844,284.27545166015625,283.65655517578125,291.0814514160156,297.1777648925781,291.0296936035156,1.0,0.1507440656423568,1.0,1.0,0.6856313943862915,1.0,-0.488690972328186,0.2310582399368286,0.2576327323913574,0.0903379917144775,0.0,0.0,0.0,25.000225067138672,25.0,16.623998641967773,-0.0,27.41856002807617,1.0,293.1499938964844,293.1499938964844,293.1499938964844,293.1499938964844,293.1499938964844,293.1499938964844,278.1499938964844,0.0,18000.0,313.1499938964844,0.0,18000.0,0.0,0.0,0.0,0.0,0.0,0.0,0.0,0.0,0.0,0.0,-0.0,-0.0,0.0,0.0,0.0,0.0,0.0,-0.0,0.0,0.0,0.0,0.0,0.0,0.0,0.0,0.0,0.0,4.0,0.0,0.0
11952360,297.0260925292969,297.1499938964844,293.1499938964844,0.0,-0.0,291.0323486328125,0.5429369211196899,0.050000000745058,0.0458640046417713,297.0013122558594,297.1499938964844,293.1499938964844,0.0,-0.0,291.0323486328125,0.5429369211196899,0.050000000745058,0.0482970066368579,297.0009460449219,297.1499938964844,293.1499938964844,0.0,-0.0,291.0323486328125,0.5429369211196899,0.050000000745058,0.0356720015406608,296.9682922363281,297.1499938964844,293.1499938964844,0.0,-0.0,291.0323486328125,0.5429369211196899,0.050000000745058,0.0482970066368579,297.18896484375,297.1499938964844,293.1499938964844,0.0,-0.0,291.0323486328125,0.5429369211196899,0.050000000745058,0.2291001975536346,291.0329895019531,291.1499938964844,284.2862854003906,283.66607666015625,291.0931701660156,297.18609619140625,291.0364074707031,1.0,0.1507440060377121,1.0,1.0,0.6860010027885437,1.0,-0.4886909425258636,0.230985626578331,0.2577053010463714,0.0902774110436439,0.0,0.0,0.0,25.000215530395508,25.0,18.42461585998535,-0.0,27.41853713989257,1.0,293.1499938964844,293.1499938964844,293.1499938964844,293.1499938964844,293.1499938964844,293.1499938964844,278.1499938964844,0.0,18000.0,313.1499938964844,0.0,18000.0,0.0,0.0,0.0,0.0,0.0,0.0,0.0,0.0,0.0,0.0,-0.0,-0.0,0.0,0.0,0.0,0.0,0.0,-0.0,0.0,0.0,0.0,0.0,0.0,0.0,0.0,0.0,0.0,4.0,0.0,0.0
11952420,297.0472717285156,297.1499938964844,293.1499938964844,0.0,-0.0,291.0468139648437,0.5429385900497437,0.050000000745058,0.0458639897406101,297.02252197265625,297.1499938964844,293.1499938964844,0.0,-0.0,291.0468139648437,0.5429385900497437,0.050000000745058,0.0482969917356967,297.0216064453125,297.1499938964844,293.1499938964844,0.0,-0.0,291.0468139648437,0.5429385900497437,0.050000000745058,0.0356719940900802,296.9892883300781,297.1499938964844,293.1499938964844,0.0,-0.0,291.0468139648437,0.5429385900497437,0.050000000745058,0.0482969917356967,297.20904541015625,297.1499938964844,293.1499938964844,0.0,-0.0,291.0468139648437,0.5429385900497437,0.050000000745058,0.2291001379489898,291.0475769042969,291.1499938964844,284.313232421875,283.6907958984375,291.1195373535156,297.20562744140625,291.0516052246094,1.0,0.1507439166307449,1.0,1.0,0.6867401003837585,1.0,-0.4886907935142517,0.2308467179536819,0.2578440904617309,0.0901740789413452,0.0,0.0,0.0,25.00020217895508,25.0,22.09036064147949,-0.0,27.418493270874023,1.0,293.1499938964844,293.1499938964844,293.1499938964844,293.1499938964844,293.1499938964844,293.1499938964844,278.1499938964844,0.0,18000.0,313.1499938964844,0.0,18000.0,0.0,0.0,0.0,0.0,0.0,0.0,0.0,0.0,0.0,0.0,-0.0,-0.0,0.0,0.0,0.0,0.0,0.0,-0.0,0.0,0.0,0.0,0.0,0.0,0.0,0.0,0.0,0.0,4.0,0.0,0.0
11952480,297.0472717285156,297.1499938964844,293.1499938964844,0.0,-0.0,291.0468139648437,0.5429385900497437,0.050000000745058,0.0458639897406101,297.02252197265625,297.1499938964844,293.1499938964844,0.0,-0.0,291.0468139648437,0.5429385900497437,0.050000000745058,0.0482969917356967,297.0216064453125,297.1499938964844,293.1499938964844,0.0,-0.0,291.0468139648437,0.5429385900497437,0.050000000745058,0.0356719940900802,296.9892883300781,297.1499938964844,293.1499938964844,0.0,-0.0,291.0468139648437,0.5429385900497437,0.050000000745058,0.0482969917356967,297.20904541015625,297.1499938964844,293.1499938964844,0.0,-0.0,291.0468139648437,0.5429385900497437,0.050000000745058,0.2291001379489898,291.0475769042969,291.1499938964844,284.313232421875,283.6907958984375,291.1195373535156,297.20562744140625,291.0516052246094,1.0,0.1507439166307449,1.0,1.0,0.6867401003837585,1.0,-0.4886907935142517,0.2308467179536819,0.2578440904617309,0.0901740789413452,0.0,0.0,0.0,25.00020217895508,25.0,22.09036064147949,-0.0,27.418493270874023,1.0,293.1499938964844,293.1499938964844,293.1499938964844,293.1499938964844,293.1499938964844,293.1499938964844,278.1499938964844,0.0,18000.0,313.1499938964844,0.0,18000.0,0.0,0.0,0.0,0.0,0.0,0.0,0.0,0.0,0.0,0.0,-0.0,-0.0,0.0,0.0,0.0,0.0,0.0,-0.0,0.0,0.0,0.0,0.0,0.0,0.0,0.0,0.0,0.0,4.0,0.0,0.0
11952540,297.0711364746094,297.1499938964844,293.1499938964844,0.0,-0.0,291.0640563964844,0.5429409146308899,0.050000000745058,0.0458639748394489,297.0464782714844,297.1499938964844,293.1499938964844,0.0,-0.0,291.0640563964844,0.5429409146308899,0.050000000745058,0.0482969731092453,297.04510498046875,297.1499938964844,293.1499938964844,0.0,-0.0,291.0640563964844,0.5429409146308899,0.050000000745058,0.035671979188919,297.0130615234375,297.1499938964844,293.1499938964844,0.0,-0.0,291.0640563964844,0.5429409146308899,0.050000000745058,0.0482969731092453,297.232177734375,297.1499938964844,293.1499938964844,0.0,-0.0,291.0640563964844,0.5429409146308899,0.050000000745058,0.2291000485420227,291.06494140625,291.1499938964844,284.3468322753906,283.72265625,291.1507873535156,297.22833251953125,291.0697631835937,1.0,0.1507438123226165,1.0,1.0,0.6874792575836182,1.0,-0.4886906147003174,0.230704516172409,0.2579860985279083,0.0900813564658165,0.0,0.0,0.0,25.00019264221192,25.0,26.408292770385746,-0.0,27.41844749450684,1.0,293.1499938964844,293.1499938964844,293.1499938964844,293.1499938964844,293.1499938964844,293.1499938964844,278.1499938964844,0.0,18000.0,313.1499938964844,0.0,18000.0,0.0,0.0,0.0,0.0,0.0,0.0,0.0,0.0,0.0,0.0,-0.0,-0.0,0.0,0.0,0.0,0.0,0.0,-0.0,0.0,0.0,0.0,0.0,0.0,0.0,0.0,0.0,0.0,4.0,0.0,0.0
11952600,297.0711364746094,297.1499938964844,293.1499938964844,0.0,-0.0,291.0640563964844,0.5429409146308899,0.050000000745058,0.0458639748394489,297.0464782714844,297.1499938964844,293.1499938964844,0.0,-0.0,291.0640563964844,0.5429409146308899,0.050000000745058,0.0482969731092453,297.04510498046875,297.1499938964844,293.1499938964844,0.0,-0.0,291.0640563964844,0.5429409146308899,0.050000000745058,0.035671979188919,297.0130615234375,297.1499938964844,293.1499938964844,0.0,-0.0,291.0640563964844,0.5429409146308899,0.050000000745058,0.0482969731092453,297.232177734375,297.1499938964844,293.1499938964844,0.0,-0.0,291.0640563964844,0.5429409146308899,0.050000000745058,0.2291000485420227,291.06494140625,291.1499938964844,284.3468322753906,283.72265625,291.1507873535156,297.22833251953125,291.0697631835937,1.0,0.1507438123226165,1.0,1.0,0.6874792575836182,1.0,-0.4886906147003174,0.230704516172409,0.2579860985279083,0.0900813564658165,0.0,0.0,0.0,25.00019264221192,25.0,26.408292770385746,-0.0,27.41844749450684,1.0,293.1499938964844,293.1499938964844,293.1499938964844,293.1499938964844,293.1499938964844,293.1499938964844,278.1499938964844,0.0,18000.0,313.1499938964844,0.0,18000.0,0.0,0.0,0.0,0.0,0.0,0.0,0.0,0.0,0.0,0.0,-0.0,-0.0,0.0,0.0,0.0,0.0,0.0,-0.0,0.0,0.0,0.0,0.0,0.0,0.0,0.0,0.0,0.0,4.0,0.0,0.0
11952660,297.0972595214844,297.1499938964844,293.1499938964844,0.0,-0.0,291.0843200683594,0.542944073677063,0.050000000745058,0.0458639487624168,297.07275390625,297.1499938964844,293.1499938964844,0.0,-0.0,291.0843200683594,0.542944073677063,0.050000000745058,0.0482969470322132,297.0708923339844,297.1499938964844,293.1499938964844,0.0,-0.0,291.0843200683594,0.542944073677063,0.050000000745058,0.0356719605624675,297.0391540527344,297.1499938964844,293.1499938964844,0.0,-0.0,291.0843200683594,0.542944073677063,0.050000000745058,0.0482969470322132,297.2578430175781,297.1499938964844,293.1499938964844,0.0,-0.0,291.0843200683594,0.542944073677063,0.050000000745058,0.2290999293327331,291.0853576660156,291.1499938964844,284.3865966796875,283.7611083984375,291.1817321777344,297.25360107421875,291.0908203125,1.0,0.1507437378168106,1.0,1.0,0.6870144605636597,1.0,-0.4886903464794159,0.2307600378990173,0.2579303085803985,0.0901974663138389,0.0,0.0,0.0,25.00015640258789,25.0,30.20781135559082,-0.0,27.41840553283692,1.0,293.1499938964844,293.1499938964844,293.1499938964844,293.1499938964844,293.1499938964844,293.1499938964844,278.1499938964844,0.0,18000.0,313.1499938964844,0.0,18000.0,0.0,0.0,0.0,0.0,0.0,0.0,0.0,0.0,0.0,0.0,-0.0,-0.0,0.0,0.0,0.0,0.0,0.0,-0.0,0.0,0.0,0.0,0.0,0.0,0.0,0.0,0.0,0.0,4.0,0.0,0.0
11952720,297.0972595214844,297.1499938964844,293.1499938964844,0.0,-0.0,291.0843200683594,0.542944073677063,0.050000000745058,0.0458639487624168,297.07275390625,297.1499938964844,293.1499938964844,0.0,-0.0,291.0843200683594,0.542944073677063,0.050000000745058,0.0482969470322132,297.0708923339844,297.1499938964844,293.1499938964844,0.0,-0.0,291.0843200683594,0.542944073677063,0.050000000745058,0.0356719605624675,297.0391540527344,297.1499938964844,293.1499938964844,0.0,-0.0,291.0843200683594,0.542944073677063,0.050000000745058,0.0482969470322132,297.2578430175781,297.1499938964844,293.1499938964844,0.0,-0.0,291.0843200683594,0.542944073677063,0.050000000745058,0.2290999293327331,291.0853576660156,291.1499938964844,284.3865966796875,283.7611083984375,291.1817321777344,297.25360107421875,291.0908203125,1.0,0.1507437378168106,1.0,1.0,0.6870144605636597,1.0,-0.4886903464794159,0.2307600378990173,0.2579303085803985,0.0901974663138389,0.0,0.0,0.0,25.00015640258789,25.0,30.20781135559082,-0.0,27.41840553283692,1.0,293.1499938964844,293.1499938964844,293.1499938964844,293.1499938964844,293.1499938964844,293.1499938964844,278.1499938964844,0.0,18000.0,313.1499938964844,0.0,18000.0,0.0,0.0,0.0,0.0,0.0,0.0,0.0,0.0,0.0,0.0,-0.0,-0.0,0.0,0.0,0.0,0.0,0.0,-0.0,0.0,0.0,0.0,0.0,0.0,0.0,0.0,0.0,0.0,4.0,0.0,0.0
11952780,297.12530517578125,297.1499938964844,293.1499938964844,0.0,-0.0,291.1069641113281,0.5429477095603943,0.050000000745058,0.0458639226853847,297.1009826660156,297.1499938964844,293.1499938964844,0.0,-0.0,291.1069641113281,0.5429477095603943,0.050000000745058,0.0482969172298908,297.09869384765625,297.1499938964844,293.1499938964844,0.0,-0.0,291.1069641113281,0.5429477095603943,0.050000000745058,0.0356719382107257,297.0672302246094,297.1499938964844,293.1499938964844,0.0,-0.0,291.1069641113281,0.5429477095603943,0.050000000745058,0.0482969172298908,297.2856750488281,297.1499938964844,293.1499938964844,0.0,-0.0,291.1069641113281,0.5429477095603943,0.050000000745058,0.2290997803211212,291.1081237792969,291.1499938964844,284.4320373535156,283.8056945800781,291.2158203125,297.2810974121094,291.1141967773437,1.0,0.1507436782121658,1.0,1.0,0.6865496635437012,1.0,-0.488690048456192,0.2308195680379867,0.2578704953193664,0.0903276354074478,0.0,0.0,0.0,25.0001277923584,25.0,33.791019439697266,-0.0,27.41836738586425,1.0,293.1499938964844,293.1499938964844,293.1499938964844,293.1499938964844,293.1499938964844,293.1499938964844,278.1499938964844,0.0,18000.0,313.1499938964844,0.0,18000.0,0.0,0.0,0.0,0.0,0.0,0.0,0.0,0.0,0.0,0.0,-0.0,-0.0,0.0,0.0,0.0,0.0,0.0,-0.0,0.0,0.0,0.0,0.0,0.0,0.0,0.0,0.0,0.0,4.0,0.0,0.0
11952840,297.12530517578125,297.1499938964844,293.1499938964844,0.0,-0.0,291.1069641113281,0.5429477095603943,0.050000000745058,0.0458639226853847,297.1009826660156,297.1499938964844,293.1499938964844,0.0,-0.0,291.1069641113281,0.5429477095603943,0.050000000745058,0.0482969172298908,297.09869384765625,297.1499938964844,293.1499938964844,0.0,-0.0,291.1069641113281,0.5429477095603943,0.050000000745058,0.0356719382107257,297.0672302246094,297.1499938964844,293.1499938964844,0.0,-0.0,291.1069641113281,0.5429477095603943,0.050000000745058,0.0482969172298908,297.2856750488281,297.1499938964844,293.1499938964844,0.0,-0.0,291.1069641113281,0.5429477095603943,0.050000000745058,0.2290997803211212,291.1081237792969,291.1499938964844,284.4320373535156,283.8056945800781,291.2158203125,297.2810974121094,291.1141967773437,1.0,0.1507436782121658,1.0,1.0,0.6865496635437012,1.0,-0.488690048456192,0.2308195680379867,0.2578704953193664,0.0903276354074478,0.0,0.0,0.0,25.0001277923584,25.0,33.791019439697266,-0.0,27.41836738586425,1.0,293.1499938964844,293.1499938964844,293.1499938964844,293.1499938964844,293.1499938964844,293.1499938964844,278.1499938964844,0.0,18000.0,313.1499938964844,0.0,18000.0,0.0,0.0,0.0,0.0,0.0,0.0,0.0,0.0,0.0,0.0,-0.0,-0.0,0.0,0.0,0.0,0.0,0.0,-0.0,0.0,0.0,0.0,0.0,0.0,0.0,0.0,0.0,0.0,4.0,0.0,0.0
11952900,297.1399841308594,297.1499938964844,293.1499938964844,0.0,-0.0,291.1192626953125,0.5429496169090271,0.050000000745058,0.0458639077842235,297.11578369140625,297.1499938964844,293.1499938964844,0.0,-0.0,291.1192626953125,0.5429496169090271,0.050000000745058,0.0482969023287296,297.1133117675781,297.1499938964844,293.1499938964844,0.0,-0.0,291.1192626953125,0.5429496169090271,0.050000000745058,0.0356719270348548,297.0819396972656,297.1499938964844,293.1499938964844,0.0,-0.0,291.1192626953125,0.5429496169090271,0.050000000745058,0.0482969023287296,297.30035400390625,297.1499938964844,293.1499938964844,0.0,-0.0,291.1192626953125,0.5429496169090271,0.050000000745058,0.2290997058153152,291.1204833984375,291.1499938964844,284.45672607421875,283.8301086425781,291.2342224121094,297.29559326171875,291.1269226074219,1.0,0.1507436484098434,1.0,1.0,0.6863173246383667,1.0,-0.4886898994445801,0.2308485209941864,0.2578413784503937,0.0903950706124305,0.0,0.0,0.0,25.0001163482666,25.0,35.70571517944336,-0.0,27.41834831237793,1.0,293.1499938964844,293.1499938964844,293.1499938964844,293.1499938964844,293.1499938964844,293.1499938964844,278.1499938964844,0.0,18000.0,313.1499938964844,0.0,18000.0,0.0,0.0,0.0,0.0,0.0,0.0,0.0,0.0,0.0,0.0,-0.0,-0.0,0.0,0.0,0.0,0.0,0.0,-0.0,0.0,0.0,0.0,0.0,0.0,0.0,0.0,0.0,0.0,4.0,0.0,0.0
11952960,297.1550598144531,297.1499938964844,293.1499938964844,0.0,-0.0,291.1322326660156,0.5429518222808838,0.050000000745058,0.045863889157772,297.1310119628906,297.1499938964844,293.1499938964844,0.0,-0.0,291.1322326660156,0.5429518222808838,0.050000000745058,0.0482968837022781,297.1283264160156,297.1499938964844,293.1499938964844,0.0,-0.0,291.1322326660156,0.5429518222808838,0.050000000745058,0.0356719158589839,297.0970764160156,297.1499938964844,293.1499938964844,0.0,-0.0,291.1322326660156,0.5429518222808838,0.050000000745058,0.0482968837022781,297.3154602050781,297.1499938964844,293.1499938964844,0.0,-0.0,291.1322326660156,0.5429518222808838,0.050000000745058,0.2290996313095092,291.133544921875,291.1499938964844,284.482666015625,283.8558349609375,291.2507629394531,297.3105773925781,291.1402893066406,1.0,0.1507436335086822,1.0,1.0,0.6852366924285889,1.0,-0.4886897206306457,0.2310158908367157,0.25767382979393,0.0906020477414131,0.0,0.0,0.0,25.000083923339844,25.0,37.27971267700195,-0.0,27.418333053588867,1.0,293.1499938964844,293.1499938964844,293.1499938964844,293.1499938964844,293.1499938964844,293.1499938964844,278.1499938964844,0.0,18000.0,313.1499938964844,0.0,18000.0,0.0,0.0,0.0,0.0,0.0,0.0,0.0,0.0,0.0,0.0,-0.0,-0.0,0.0,0.0,0.0,0.0,0.0,-0.0,0.0,0.0,0.0,0.0,0.0,0.0,0.0,0.0,0.0,4.0,0.0,0.0
11953020,297.1864318847656,297.1499938964844,293.1499938964844,0.0,-0.0,291.1594543457031,0.5429564714431763,0.050000000745058,0.0458638556301593,297.16265869140625,297.1499938964844,293.1499938964844,0.0,-0.0,291.1594543457031,0.5429564714431763,0.050000000745058,0.0482968464493751,297.1596069335937,297.1499938964844,293.1499938964844,0.0,-0.0,291.1594543457031,0.5429564714431763,0.050000000745058,0.0356718860566616,297.1286315917969,297.1499938964844,293.1499938964844,0.0,-0.0,291.1594543457031,0.5429564714431763,0.050000000745058,0.0482968464493751,297.3470764160156,297.1499938964844,293.1499938964844,0.0,-0.0,291.1594543457031,0.5429564714431763,0.050000000745058,0.2290994524955749,291.16082763671875,291.1499938964844,284.5380249023437,283.9110107421875,291.2837829589844,297.3418884277344,291.1678466796875,1.0,0.150743618607521,1.0,1.0,0.6830754280090332,1.0,-0.4886893630027771,0.2313733845949173,0.2573159635066986,0.0910429805517196,0.0,0.0,0.0,25.00002670288086,25.0,39.31011962890625,-0.0,27.41830825805664,1.0,293.1499938964844,293.1499938964844,293.1499938964844,293.1499938964844,293.1499938964844,293.1499938964844,278.1499938964844,0.0,18000.0,313.1499938964844,0.0,18000.0,0.0,0.0,0.0,0.0,0.0,0.0,0.0,0.0,0.0,0.0,-0.0,-0.0,0.0,0.0,0.0,0.0,0.0,-0.0,0.0,0.0,0.0,0.0,0.0,0.0,0.0,0.0,0.0,4.0,0.0,0.0
11953080,297.1864318847656,297.1499938964844,293.1499938964844,0.0,-0.0,291.1594543457031,0.5429564714431763,0.050000000745058,0.0458638556301593,297.16265869140625,297.1499938964844,293.1499938964844,0.0,-0.0,291.1594543457031,0.5429564714431763,0.050000000745058,0.0482968464493751,297.1596069335937,297.1499938964844,293.1499938964844,0.0,-0.0,291.1594543457031,0.5429564714431763,0.050000000745058,0.0356718860566616,297.1286315917969,297.1499938964844,293.1499938964844,0.0,-0.0,291.1594543457031,0.5429564714431763,0.050000000745058,0.0482968464493751,297.3470764160156,297.1499938964844,293.1499938964844,0.0,-0.0,291.1594543457031,0.5429564714431763,0.050000000745058,0.2290994524955749,291.16082763671875,291.1499938964844,284.5380249023437,283.9110107421875,291.2837829589844,297.3418884277344,291.1678466796875,1.0,0.150743618607521,1.0,1.0,0.6830754280090332,1.0,-0.4886893630027771,0.2313733845949173,0.2573159635066986,0.0910429805517196,0.0,0.0,0.0,25.00002670288086,25.0,39.31011962890625,-0.0,27.41830825805664,1.0,293.1499938964844,293.1499938964844,293.1499938964844,293.1499938964844,293.1499938964844,293.1499938964844,278.1499938964844,0.0,18000.0,313.1499938964844,0.0,18000.0,0.0,0.0,0.0,0.0,0.0,0.0,0.0,0.0,0.0,0.0,-0.0,-0.0,0.0,0.0,0.0,0.0,0.0,-0.0,0.0,0.0,0.0,0.0,0.0,0.0,0.0,0.0,0.0,4.0,0.0,0.0
11953140,297.2193298339844,297.1499938964844,293.1499938964844,0.0,-0.0,291.18804931640625,0.5429612994194031,0.050000000745058,0.0458638183772563,297.1958923339844,297.1499938964844,293.1499938964844,0.0,-0.0,291.18804931640625,0.5429612994194031,0.050000000745058,0.0482968091964721,297.1925354003906,297.1499938964844,293.1499938964844,0.0,-0.0,291.18804931640625,0.5429612994194031,0.050000000745058,0.0356718562543392,297.1617736816406,297.1499938964844,293.1499938964844,0.0,-0.0,291.18804931640625,0.5429612994194031,0.050000000745058,0.0482968091964721,297.3804626464844,297.1499938964844,293.1499938964844,0.0,-0.0,291.18804931640625,0.5429612994194031,0.050000000745058,0.2290992587804794,291.1894836425781,291.1499938964844,284.59765625,283.9707336425781,291.3197021484375,297.375,291.19696044921875,1.0,0.1507436335086822,1.0,1.0,0.6809142231941223,1.0,-0.488688975572586,0.2317367494106292,0.2569521963596344,0.091493897140026,0.0,0.0,0.0,24.99997901916504,25.0,41.548954010009766,-0.0,27.41829299926757,1.0,293.1499938964844,293.1499938964844,293.1499938964844,293.1499938964844,293.1499938964844,293.1499938964844,278.1499938964844,0.0,18000.0,313.1499938964844,0.0,18000.0,0.0,0.0,0.0,0.0,0.0,0.0,0.0,0.0,0.0,0.0,-0.0,-0.0,0.0,0.0,0.0,0.0,0.0,-0.0,0.0,0.0,0.0,0.0,0.0,0.0,0.0,0.0,0.0,4.0,0.0,0.0
11953200,297.2193298339844,297.1499938964844,293.1499938964844,0.0,-0.0,291.18804931640625,0.5429612994194031,0.050000000745058,0.0458638183772563,297.1958923339844,297.1499938964844,293.1499938964844,0.0,-0.0,291.18804931640625,0.5429612994194031,0.050000000745058,0.0482968091964721,297.1925354003906,297.1499938964844,293.1499938964844,0.0,-0.0,291.18804931640625,0.5429612994194031,0.050000000745058,0.0356718562543392,297.1617736816406,297.1499938964844,293.1499938964844,0.0,-0.0,291.18804931640625,0.5429612994194031,0.050000000745058,0.0482968091964721,297.3804626464844,297.1499938964844,293.1499938964844,0.0,-0.0,291.18804931640625,0.5429612994194031,0.050000000745058,0.2290992587804794,291.1894836425781,291.1499938964844,284.59765625,283.9707336425781,291.3197021484375,297.375,291.19696044921875,1.0,0.1507436335086822,1.0,1.0,0.6809142231941223,1.0,-0.488688975572586,0.2317367494106292,0.2569521963596344,0.091493897140026,0.0,0.0,0.0,24.99997901916504,25.0,41.548954010009766,-0.0,27.41829299926757,1.0,293.1499938964844,293.1499938964844,293.1499938964844,293.1499938964844,293.1499938964844,293.1499938964844,278.1499938964844,0.0,18000.0,313.1499938964844,0.0,18000.0,0.0,0.0,0.0,0.0,0.0,0.0,0.0,0.0,0.0,0.0,-0.0,-0.0,0.0,0.0,0.0,0.0,0.0,-0.0,0.0,0.0,0.0,0.0,0.0,0.0,0.0,0.0,0.0,4.0,0.0,0.0
11953260,297.25,297.1499938964844,293.1499938964844,0.0,-0.0,291.21490478515625,0.5429660677909851,0.050000000745058,0.0458637811243534,297.2269592285156,297.1499938964844,293.1499938964844,0.0,-0.0,291.21490478515625,0.5429660677909851,0.050000000745058,0.0482967682182788,297.22332763671875,297.1499938964844,293.1499938964844,0.0,-0.0,291.21490478515625,0.5429660677909851,0.050000000745058,0.0356718301773071,297.1927795410156,297.1499938964844,293.1499938964844,0.0,-0.0,291.21490478515625,0.5429660677909851,0.050000000745058,0.0482967682182788,297.4118347167969,297.1499938964844,293.1499938964844,0.0,-0.0,291.21490478515625,0.5429660677909851,0.050000000745058,0.2290990799665451,291.21636962890625,291.1499938964844,284.6541748046875,284.02752685546875,291.3465881347656,297.4061279296875,291.2239685058594,1.0,0.150743693113327,1.0,1.0,0.6771436333656311,1.0,-0.4886885583400726,0.2323973327875137,0.2562912404537201,0.0922331288456916,0.0,0.0,0.0,24.99989128112793,25.0,42.33145904541016,-0.0,27.418291091918945,1.0,293.1499938964844,293.1499938964844,293.1499938964844,293.1499938964844,293.1499938964844,293.1499938964844,278.1499938964844,0.0,18000.0,313.1499938964844,0.0,18000.0,0.0,0.0,0.0,0.0,0.0,0.0,0.0,0.0,0.0,0.0,-0.0,-0.0,0.0,0.0,0.0,0.0,0.0,-0.0,0.0,0.0,0.0,0.0,0.0,0.0,0.0,0.0,0.0,4.0,0.0,0.0
11953320,297.25372314453125,297.1499938964844,293.1499938964844,0.0,-0.0,291.2181091308594,0.5429666638374329,0.050000000745058,0.0458637773990631,297.230712890625,297.1499938964844,293.1499938964844,0.0,-0.0,291.2181091308594,0.5429666638374329,0.050000000745058,0.0482967644929885,297.22705078125,297.1499938964844,293.1499938964844,0.0,-0.0,291.2181091308594,0.5429666638374329,0.050000000745058,0.0356718264520168,297.1965637207031,297.1499938964844,293.1499938964844,0.0,-0.0,291.2181091308594,0.5429666638374329,0.050000000745058,0.0482967644929885,297.4156799316406,297.1499938964844,293.1499938964844,0.0,-0.0,291.2181091308594,0.5429666638374329,0.050000000745058,0.2290990650653839,291.2195739746094,291.1499938964844,284.6610717773437,284.0344543457031,291.3497009277344,297.409912109375,291.2271728515625,1.0,0.150743693113327,1.0,1.0,0.6766964793205261,1.0,-0.4886885285377502,0.2324785590171814,0.2562099695205688,0.0923237353563308,0.0,0.0,0.0,24.99988174438477,25.0,42.32065963745117,-0.0,27.418291091918945,1.0,293.1499938964844,293.1499938964844,293.1499938964844,293.1499938964844,293.1499938964844,293.1499938964844,278.1499938964844,0.0,18000.0,313.1499938964844,0.0,18000.0,0.0,0.0,0.0,0.0,0.0,0.0,0.0,0.0,0.0,0.0,-0.0,-0.0,0.0,0.0,0.0,0.0,0.0,-0.0,0.0,0.0,0.0,0.0,0.0,0.0,0.0,0.0,0.0,4.0,0.0,0.0
11953380,297.2727355957031,297.1499938964844,293.1499938964844,0.0,-0.0,291.234130859375,0.5429695248603821,0.050000000745058,0.0458637550473213,297.25,297.1499938964844,293.1499938964844,0.0,-0.0,291.234130859375,0.5429695248603821,0.050000000745058,0.0482967421412467,297.2462158203125,297.1499938964844,293.1499938964844,0.0,-0.0,291.234130859375,0.5429695248603821,0.050000000745058,0.0356718078255653,297.2158203125,297.1499938964844,293.1499938964844,0.0,-0.0,291.234130859375,0.5429695248603821,0.050000000745058,0.0482967421412467,297.4352722167969,297.1499938964844,293.1499938964844,0.0,-0.0,291.234130859375,0.5429695248603821,0.050000000745058,0.2290989458560943,291.2356262207031,291.1499938964844,284.6963195800781,284.0699768066406,291.36578369140625,297.4293518066406,291.2431640625,1.0,0.1507437378168106,1.0,1.0,0.6744425296783447,1.0,-0.4886882901191711,0.2328927516937255,0.2557955384254455,0.0927852019667625,0.0,0.0,0.0,24.99983596801757,25.0,42.30575942993164,-0.0,27.418296813964844,1.0,293.1499938964844,293.1499938964844,293.1499938964844,293.1499938964844,293.1499938964844,293.1499938964844,278.1499938964844,0.0,18000.0,313.1499938964844,0.0,18000.0,0.0,0.0,0.0,0.0,0.0,0.0,0.0,0.0,0.0,0.0,-0.0,-0.0,0.0,0.0,0.0,0.0,0.0,-0.0,0.0,0.0,0.0,0.0,0.0,0.0,0.0,0.0,0.0,4.0,0.0,0.0
11953440,297.2896728515625,297.1499938964844,293.1499938964844,0.0,-0.0,291.24810791015625,0.5429720282554626,0.050000000745058,0.0458637364208698,297.2671813964844,297.1499938964844,293.1499938964844,0.0,-0.0,291.24810791015625,0.5429720282554626,0.050000000745058,0.048296719789505,297.2633056640625,297.1499938964844,293.1499938964844,0.0,-0.0,291.24810791015625,0.5429720282554626,0.050000000745058,0.0356717929244041,297.2330322265625,297.1499938964844,293.1499938964844,0.0,-0.0,291.24810791015625,0.5429720282554626,0.050000000745058,0.048296719789505,297.45281982421875,297.1499938964844,293.1499938964844,0.0,-0.0,291.24810791015625,0.5429720282554626,0.050000000745058,0.2290988564491272,291.24957275390625,291.1499938964844,284.727783203125,284.1016540527344,291.3802490234375,297.4467468261719,291.2571716308594,1.0,0.1507437974214553,1.0,1.0,0.6724787354469299,1.0,-0.4886880815029144,0.2332603186368942,0.2554277777671814,0.093193843960762,0.0,0.0,0.0,24.999799728393555,25.0,42.39421463012695,-0.0,27.418306350708008,1.0,293.1499938964844,293.1499938964844,293.1499938964844,293.1499938964844,293.1499938964844,293.1499938964844,278.1499938964844,0.0,18000.0,313.1499938964844,0.0,18000.0,0.0,0.0,0.0,0.0,0.0,0.0,0.0,0.0,0.0,0.0,-0.0,-0.0,0.0,0.0,0.0,0.0,0.0,-0.0,0.0,0.0,0.0,0.0,0.0,0.0,0.0,0.0,0.0,4.0,0.0,0.0
11953500,297.30828857421875,297.1499938964844,293.1499938964844,0.0,-0.0,291.26318359375,0.5429746508598328,0.050000000745058,0.045863714069128,297.2860717773437,297.1499938964844,293.1499938964844,0.0,-0.0,291.26318359375,0.5429746508598328,0.050000000745058,0.0482967011630535,297.2821044921875,297.1499938964844,293.1499938964844,0.0,-0.0,291.26318359375,0.5429746508598328,0.050000000745058,0.0356717780232429,297.2519836425781,297.1499938964844,293.1499938964844,0.0,-0.0,291.26318359375,0.5429746508598328,0.050000000745058,0.0482967011630535,297.47222900390625,297.1499938964844,293.1499938964844,0.0,-0.0,291.26318359375,0.5429746508598328,0.050000000745058,0.2290987521409988,291.2646789550781,291.1499938964844,284.76220703125,284.1363830566406,291.396240234375,297.4659729003906,291.2723083496094,1.0,0.1507438570261001,1.0,1.0,0.6703698635101318,1.0,-0.4886878728866577,0.2336621284484863,0.2550257444381714,0.0936394333839416,0.0,0.0,0.0,24.9997615814209,25.0,42.60188293457031,-0.0,27.41831970214844,1.0,293.1499938964844,293.1499938964844,293.1499938964844,293.1499938964844,293.1499938964844,293.1499938964844,278.1499938964844,0.0,18000.0,313.1499938964844,0.0,18000.0,0.0,0.0,0.0,0.0,0.0,0.0,0.0,0.0,0.0,0.0,-0.0,-0.0,0.0,0.0,0.0,0.0,0.0,-0.0,0.0,0.0,0.0,0.0,0.0,0.0,0.0,0.0,0.0,4.0,0.0,0.0
11953560,297.32733154296875,297.1499938964844,293.1499938964844,0.0,-0.0,291.27838134765625,0.5429775714874268,0.050000000745058,0.0458636917173862,297.3054504394531,297.1499938964844,293.1499938964844,0.0,-0.0,291.27838134765625,0.5429775714874268,0.050000000745058,0.0482966750860214,297.3014221191406,297.1499938964844,293.1499938964844,0.0,-0.0,291.27838134765625,0.5429775714874268,0.050000000745058,0.0356717593967914,297.2714233398437,297.1499938964844,293.1499938964844,0.0,-0.0,291.27838134765625,0.5429775714874268,0.050000000745058,0.0482966750860214,297.4922180175781,297.1499938964844,293.1499938964844,0.0,-0.0,291.27838134765625,0.5429775714874268,0.050000000745058,0.2290986329317093,291.2798767089844,291.1499938964844,284.7973022460937,284.1718139648437,291.4086608886719,297.4857482910156,291.2875366210937,1.0,0.1507439464330673,1.0,1.0,0.6671690344810486,1.0,-0.4886876344680786,0.2342788577079773,0.2544087767601013,0.0942984893918037,0.0,0.0,0.0,24.99969291687012,25.0,42.323280334472656,-0.0,27.41833877563477,1.0,293.1499938964844,293.1499938964844,293.1499938964844,293.1499938964844,293.1499938964844,293.1499938964844,278.1499938964844,0.0,18000.0,313.1499938964844,0.0,18000.0,0.0,0.0,0.0,0.0,0.0,0.0,0.0,0.0,0.0,0.0,-0.0,-0.0,0.0,0.0,0.0,0.0,0.0,-0.0,0.0,0.0,0.0,0.0,0.0,0.0,0.0,0.0,0.0,4.0,0.0,0.0
11953620,297.36688232421875,297.1499938964844,293.1499938964844,0.0,-0.0,291.30792236328125,0.54298335313797,0.050000000745058,0.0458636470139026,297.34576416015625,297.1499938964844,293.1499938964844,0.0,-0.0,291.30792236328125,0.54298335313797,0.050000000745058,0.0482966303825378,297.3417053222656,297.1499938964844,293.1499938964844,0.0,-0.0,291.30792236328125,0.54298335313797,0.050000000745058,0.0356717258691787,297.3121032714844,297.1499938964844,293.1499938964844,0.0,-0.0,291.30792236328125,0.54298335313797,0.050000000745058,0.0482966303825378,297.5343933105469,297.1499938964844,293.1499938964844,0.0,-0.0,291.30792236328125,0.54298335313797,0.050000000745058,0.2290984243154525,291.309326171875,291.1499938964844,284.8691711425781,284.244384765625,291.4307861328125,297.5274353027344,291.31646728515625,1.0,0.150744155049324,1.0,1.0,0.6607674360275269,1.0,-0.4886871874332428,0.2355931550264358,0.2530940175056457,0.0956949517130851,0.0,0.0,0.0,24.99956321716309,25.0,40.178688049316406,-0.0,27.41839599609375,1.0,293.1499938964844,293.1499938964844,293.1499938964844,293.1499938964844,293.1499938964844,293.1499938964844,278.1499938964844,0.0,18000.0,313.1499938964844,0.0,18000.0,0.0,0.0,0.0,0.0,0.0,0.0,0.0,0.0,0.0,0.0,-0.0,-0.0,0.0,0.0,0.0,0.0,0.0,-0.0,0.0,0.0,0.0,0.0,0.0,0.0,0.0,0.0,0.0,4.0,0.0,0.0
11953680,297.36688232421875,297.1499938964844,293.1499938964844,0.0,-0.0,291.30792236328125,0.54298335313797,0.050000000745058,0.0458636470139026,297.34576416015625,297.1499938964844,293.1499938964844,0.0,-0.0,291.30792236328125,0.54298335313797,0.050000000745058,0.0482966303825378,297.3417053222656,297.1499938964844,293.1499938964844,0.0,-0.0,291.30792236328125,0.54298335313797,0.050000000745058,0.0356717258691787,297.3121032714844,297.1499938964844,293.1499938964844,0.0,-0.0,291.30792236328125,0.54298335313797,0.050000000745058,0.0482966303825378,297.5343933105469,297.1499938964844,293.1499938964844,0.0,-0.0,291.30792236328125,0.54298335313797,0.050000000745058,0.2290984243154525,291.309326171875,291.1499938964844,284.8691711425781,284.244384765625,291.4307861328125,297.5274353027344,291.31646728515625,1.0,0.150744155049324,1.0,1.0,0.6607674360275269,1.0,-0.4886871874332428,0.2355931550264358,0.2530940175056457,0.0956949517130851,0.0,0.0,0.0,24.99956321716309,25.0,40.178688049316406,-0.0,27.41839599609375,1.0,293.1499938964844,293.1499938964844,293.1499938964844,293.1499938964844,293.1499938964844,293.1499938964844,278.1499938964844,0.0,18000.0,313.1499938964844,0.0,18000.0,0.0,0.0,0.0,0.0,0.0,0.0,0.0,0.0,0.0,0.0,-0.0,-0.0,0.0,0.0,0.0,0.0,0.0,-0.0,0.0,0.0,0.0,0.0,0.0,0.0,0.0,0.0,0.0,4.0,0.0,0.0
11953740,297.4089050292969,297.1499938964844,293.1499938964844,0.0,-0.0,291.3358459472656,0.5429888963699341,0.050000000745058,0.0458636060357093,297.3887634277344,297.1499938964844,293.1499938964844,0.0,-0.0,291.3358459472656,0.5429888963699341,0.050000000745058,0.0482965856790542,297.3848571777344,297.1499938964844,293.1499938964844,0.0,-0.0,291.3358459472656,0.5429888963699341,0.050000000745058,0.035671692341566,297.35528564453125,297.1499938964844,293.1499938964844,0.0,-0.0,291.3358459472656,0.5429888963699341,0.050000000745058,0.0482965856790542,297.58056640625,297.1499938964844,293.1499938964844,0.0,-0.0,291.3358459472656,0.5429888963699341,0.050000000745058,0.2290982007980346,291.3371887207031,291.1499938964844,284.94293212890625,284.3188781738281,291.4541320800781,297.57293701171875,291.3440856933594,1.0,0.1507444232702255,1.0,1.0,0.6543658375740051,1.0,-0.488686740398407,0.2369813174009323,0.2517054080963135,0.0971610993146896,0.0,0.0,0.0,24.99944496154785,25.0,38.466941833496094,-0.0,27.41847419738769,1.0,293.1499938964844,293.1499938964844,293.1499938964844,293.1499938964844,293.1499938964844,293.1499938964844,278.1499938964844,0.0,18000.0,313.1499938964844,0.0,18000.0,0.0,0.0,0.0,0.0,0.0,0.0,0.0,0.0,0.0,0.0,-0.0,-0.0,0.0,0.0,0.0,0.0,0.0,-0.0,0.0,0.0,0.0,0.0,0.0,0.0,0.0,0.0,0.0,4.0,0.0,0.0
11953800,297.4089050292969,297.1499938964844,293.1499938964844,0.0,-0.0,291.3358459472656,0.5429888963699341,0.050000000745058,0.0458636060357093,297.3887634277344,297.1499938964844,293.1499938964844,0.0,-0.0,291.3358459472656,0.5429888963699341,0.050000000745058,0.0482965856790542,297.3848571777344,297.1499938964844,293.1499938964844,0.0,-0.0,291.3358459472656,0.5429888963699341,0.050000000745058,0.035671692341566,297.35528564453125,297.1499938964844,293.1499938964844,0.0,-0.0,291.3358459472656,0.5429888963699341,0.050000000745058,0.0482965856790542,297.58056640625,297.1499938964844,293.1499938964844,0.0,-0.0,291.3358459472656,0.5429888963699341,0.050000000745058,0.2290982007980346,291.3371887207031,291.1499938964844,284.94293212890625,284.3188781738281,291.4541320800781,297.57293701171875,291.3440856933594,1.0,0.1507444232702255,1.0,1.0,0.6543658375740051,1.0,-0.488686740398407,0.2369813174009323,0.2517054080963135,0.0971610993146896,0.0,0.0,0.0,24.99944496154785,25.0,38.466941833496094,-0.0,27.41847419738769,1.0,293.1499938964844,293.1499938964844,293.1499938964844,293.1499938964844,293.1499938964844,293.1499938964844,278.1499938964844,0.0,18000.0,313.1499938964844,0.0,18000.0,0.0,0.0,0.0,0.0,0.0,0.0,0.0,0.0,0.0,0.0,-0.0,-0.0,0.0,0.0,0.0,0.0,0.0,-0.0,0.0,0.0,0.0,0.0,0.0,0.0,0.0,0.0,0.0,4.0,0.0,0.0
11953860,297.4534912109375,297.1499938964844,293.1499938964844,0.0,-0.0,291.3625183105469,0.5429948568344116,0.050000000745058,0.0458635613322258,297.4341125488281,297.1499938964844,293.1499938964844,0.0,-0.0,291.3625183105469,0.5429948568344116,0.050000000745058,0.0482965372502803,297.43048095703125,297.1499938964844,293.1499938964844,0.0,-0.0,291.3625183105469,0.5429948568344116,0.050000000745058,0.0356716588139534,297.4007263183594,297.1499938964844,293.1499938964844,0.0,-0.0,291.3625183105469,0.5429948568344116,0.050000000745058,0.0482965372502803,297.6291198730469,297.1499938964844,293.1499938964844,0.0,-0.0,291.3625183105469,0.5429948568344116,0.050000000745058,0.2290979772806167,291.3638000488281,291.1499938964844,285.0180969238281,284.3947448730469,291.4670104980469,297.62127685546875,291.3700561523437,1.0,0.1507447808980941,1.0,1.0,0.6459240913391113,1.0,-0.4886862337589264,0.2389220744371414,0.2497641742229461,0.0991724282503128,0.0,0.0,0.0,24.999265670776367,25.0,35.04431915283203,-0.0,27.4185848236084,1.0,293.1499938964844,293.1499938964844,293.1499938964844,293.1499938964844,293.1499938964844,293.1499938964844,278.1499938964844,0.0,18000.0,313.1499938964844,0.0,18000.0,0.0,0.0,0.0,0.0,0.0,0.0,0.0,0.0,0.0,0.0,-0.0,-0.0,0.0,0.0,0.0,0.0,0.0,-0.0,0.0,0.0,0.0,0.0,0.0,0.0,0.0,0.0,0.0,4.0,0.0,0.0
11953920,297.4534912109375,297.1499938964844,293.1499938964844,0.0,-0.0,291.3625183105469,0.5429948568344116,0.050000000745058,0.0458635613322258,297.4341125488281,297.1499938964844,293.1499938964844,0.0,-0.0,291.3625183105469,0.5429948568344116,0.050000000745058,0.0482965372502803,297.43048095703125,297.1499938964844,293.1499938964844,0.0,-0.0,291.3625183105469,0.5429948568344116,0.050000000745058,0.0356716588139534,297.4007263183594,297.1499938964844,293.1499938964844,0.0,-0.0,291.3625183105469,0.5429948568344116,0.050000000745058,0.0482965372502803,297.6291198730469,297.1499938964844,293.1499938964844,0.0,-0.0,291.3625183105469,0.5429948568344116,0.050000000745058,0.2290979772806167,291.3638000488281,291.1499938964844,285.0180969238281,284.3947448730469,291.4670104980469,297.62127685546875,291.3700561523437,1.0,0.1507447808980941,1.0,1.0,0.6459240913391113,1.0,-0.4886862337589264,0.2389220744371414,0.2497641742229461,0.0991724282503128,0.0,0.0,0.0,24.999265670776367,25.0,35.04431915283203,-0.0,27.4185848236084,1.0,293.1499938964844,293.1499938964844,293.1499938964844,293.1499938964844,293.1499938964844,293.1499938964844,278.1499938964844,0.0,18000.0,313.1499938964844,0.0,18000.0,0.0,0.0,0.0,0.0,0.0,0.0,0.0,0.0,0.0,0.0,-0.0,-0.0,0.0,0.0,0.0,0.0,0.0,-0.0,0.0,0.0,0.0,0.0,0.0,0.0,0.0,0.0,0.0,4.0,0.0,0.0
11953980,297.4913330078125,297.1499938964844,293.1499938964844,0.0,-0.0,291.3819885253906,0.5429996252059937,0.050000000745058,0.0458635240793228,297.4727783203125,297.1499938964844,293.1499938964844,0.0,-0.0,291.3819885253906,0.5429996252059937,0.050000000745058,0.0482964999973773,297.4694519042969,297.1499938964844,293.1499938964844,0.0,-0.0,291.3819885253906,0.5429996252059937,0.050000000745058,0.035671629011631,297.4395446777344,297.1499938964844,293.1499938964844,0.0,-0.0,291.3819885253906,0.5429996252059937,0.050000000745058,0.0482964999973773,297.6693725585937,297.1499938964844,293.1499938964844,0.0,-0.0,291.3819885253906,0.5429996252059937,0.050000000745058,0.2290977984666824,291.38311767578125,291.1499938964844,285.0805358886719,284.4577331542969,291.4742431640625,297.6615295410156,291.3886108398437,1.0,0.1507451385259628,1.0,1.0,0.6389864087104797,1.0,-0.4886858463287353,0.2406350672245025,0.2480507940053939,0.1009386554360389,0.0,0.0,0.0,24.999122619628903,25.0,31.164560317993164,-0.0,27.418701171875,1.0,293.1499938964844,293.1499938964844,293.1499938964844,293.1499938964844,293.1499938964844,293.1499938964844,278.1499938964844,0.0,18000.0,313.1499938964844,0.0,18000.0,0.0,0.0,0.0,0.0,0.0,0.0,0.0,0.0,0.0,0.0,-0.0,-0.0,0.0,0.0,0.0,0.0,0.0,-0.0,0.0,0.0,0.0,0.0,0.0,0.0,0.0,0.0,0.0,4.0,0.0,0.0
11954040,297.4996337890625,297.1499938964844,293.1499938964844,0.0,-0.0,291.3858947753906,0.5440300703048706,0.050000000745058,0.0458557531237602,297.4813232421875,297.1499938964844,293.1499938964844,0.0,-0.0,291.3858947753906,0.5440300703048706,0.050000000745058,0.0482883155345916,297.4780578613281,297.1499938964844,293.1499938964844,0.0,-0.0,291.3858947753906,0.5440300703048706,0.050000000745058,0.0356655865907669,297.4481811523437,297.1499938964844,293.1499938964844,0.0,-0.0,291.3858947753906,0.5440300703048706,0.050000000745058,0.0482883155345916,297.6781005859375,297.1499938964844,293.1499938964844,0.0,-0.0,291.3858947753906,0.5479159951210022,0.1450242847204208,0.2330191731452942,291.3869934082031,291.1499938964844,285.0941467285156,284.471435546875,291.47509765625,297.6702575683594,291.3922424316406,1.0,0.1507904231548309,1.0,1.0,0.6374822854995728,1.0,-0.4932760298252105,0.2435179054737091,0.2497581094503402,0.1017423197627067,0.0,0.0,0.0,24.81642341613769,43.0,30.31292152404785,-0.0,27.65373992919922,1.0,293.1499938964844,293.1499938964844,293.1499938964844,293.1499938964844,293.1499938964844,293.1499938964844,278.1499938964844,0.0,18000.0,313.1499938964844,0.0,18000.0,0.0,0.0,0.0,0.0,0.0,0.0,0.0,0.0,0.0,0.0,-0.0,-0.0,0.0,0.0,0.0,0.0,0.0,-0.0,0.0,0.0,0.0,0.0,0.0,0.0,0.0,0.0,0.0,4.0,0.0,0.0
11954100,297.5244445800781,297.1499938964844,293.1499938964844,0.0,-0.0,291.398193359375,0.6989160180091858,0.050000000745058,0.0452374294400215,297.5071105957031,297.1499938964844,293.1499938964844,0.0,-0.0,291.3981628417969,0.6989160180091858,0.050000000745058,0.047637190669775,297.50341796875,297.1499938964844,293.1499938964844,0.0,-0.0,291.3981628417969,0.6989160180091858,0.050000000745058,0.0351846665143966,297.4745788574219,297.1499938964844,293.1499938964844,0.0,-0.0,291.3981628417969,0.6989160180091858,0.050000000745058,0.047637190669775,297.67779541015625,297.1499938964844,293.1499938964844,0.0,-0.0,291.40057373046875,0.9265376329421996,0.1483616083860397,0.527689516544342,291.4008483886719,291.1499938964844,285.13238525390625,284.50994873046875,291.5107727050781,297.6797180175781,291.4093017578125,1.0,0.1597876995801925,1.0,1.0,0.6332613825798035,1.0,-0.8441008925437927,0.4153856039047241,0.4287152588367462,0.1938584446907043,0.0,0.0,0.0,11.389554023742676,43.0,45.18755340576172,-0.0,50.50922775268555,1.0,293.1499938964844,293.1499938964844,293.1499938964844,293.1499938964844,293.1499938964844,293.1499938964844,278.1499938964844,0.0,18000.0,313.1499938964844,0.0,18000.0,0.0,0.0,0.0,0.0,0.0,0.0,0.0,0.0,0.0,0.0,-0.0,-0.0,0.0,0.0,0.0,0.0,0.0,-0.0,0.0,0.0,0.0,0.0,0.0,0.0,0.0,0.0,0.0,4.0,0.0,0.0
11954160,297.5429077148437,297.1499938964844,293.1499938964844,0.0,-0.0,291.4237670898437,0.6849126815795898,0.050000000745058,0.0452611818909645,297.52801513671875,297.1499938964844,293.1499938964844,0.0,-0.0,291.4237670898437,0.6849126815795898,0.050000000745058,0.0476622059941291,297.5222473144531,297.1499938964844,293.1499938964844,0.0,-0.0,291.4237670898437,0.6849126815795898,0.050000000745058,0.035203143954277,297.49578857421875,297.1499938964844,293.1499938964844,0.0,-0.0,291.4237670898437,0.6849126815795898,0.050000000745058,0.0476622059941291,297.6670227050781,297.1499938964844,293.1499938964844,0.0,-0.0,291.4286804199219,0.9302995800971984,0.1506457477807998,0.5646987557411194,291.4288635253906,291.04998779296875,285.170654296875,284.5484924316406,291.5055236816406,297.6688232421875,291.43475341796875,1.0,0.1681726425886154,1.0,1.0,0.6299474835395813,1.0,-0.8886216878890991,0.4384777843952179,0.4501439034938812,0.2083183974027633,0.0,0.0,0.0,12.50318717956543,46.0,46.91214370727539,-0.0,58.74655532836914,1.0,293.1499938964844,293.1499938964844,293.1499938964844,293.1499938964844,293.1499938964844,293.1499938964844,278.1499938964844,0.0,18000.0,313.1499938964844,0.0,18000.0,0.0,0.0,0.0,0.0,0.0,0.0,0.0,0.0,0.0,0.0,-0.0,-0.0,0.0,0.0,0.0,0.0,0.0,-0.0,0.0,0.0,0.0,0.0,0.0,0.0,0.0,0.0,0.0,4.0,0.0,0.0
11954220,297.5721435546875,297.1499938964844,293.1499938964844,0.0,-0.0,291.4535827636719,0.6778119802474976,0.050000000745058,0.0452742427587509,297.5646057128906,297.1499938964844,293.1499938964844,0.0,-0.0,291.4535827636719,0.6778119802474976,0.050000000745058,0.0476759560406208,297.5512084960937,297.1499938964844,293.1499938964844,0.0,-0.0,291.4535827636719,0.6778119802474976,0.050000000745058,0.0352132990956306,297.53131103515625,297.1499938964844,293.1499938964844,0.0,-0.0,291.4535827636719,0.6778119802474976,0.050000000745058,0.0476759560406208,297.64617919921875,297.1499938964844,293.1499938964844,0.0,-0.0,291.455810546875,0.9670659899711608,0.1550820022821426,0.6464714407920837,291.4558410644531,290.95001220703125,285.24713134765625,284.62530517578125,291.49884033203125,297.6477966308594,291.4584655761719,1.0,0.1837906390428543,1.0,1.0,0.6233196258544922,1.0,-0.9868242740631104,0.4896533191204071,0.4971709847450256,0.2410646229982376,0.0,0.0,0.0,13.982813835144045,34.0,31.716737747192383,-0.0,78.03492736816406,1.0,293.1499938964844,293.1499938964844,293.1499938964844,293.1499938964844,293.1499938964844,293.1499938964844,278.1499938964844,0.0,18000.0,313.1499938964844,0.0,18000.0,0.0,0.0,0.0,0.0,0.0,0.0,0.0,0.0,0.0,0.0,-0.0,-0.0,0.0,0.0,0.0,0.0,0.0,-0.0,0.0,0.0,0.0,0.0,0.0,0.0,0.0,0.0,0.0,4.0,0.0,0.0
11954280,297.5721435546875,297.1499938964844,293.1499938964844,0.0,-0.0,291.4535827636719,0.6778119802474976,0.050000000745058,0.0452742427587509,297.5646057128906,297.1499938964844,293.1499938964844,0.0,-0.0,291.4535827636719,0.6778119802474976,0.050000000745058,0.0476759560406208,297.5512084960937,297.1499938964844,293.1499938964844,0.0,-0.0,291.4535827636719,0.6778119802474976,0.050000000745058,0.0352132990956306,297.53131103515625,297.1499938964844,293.1499938964844,0.0,-0.0,291.4535827636719,0.6778119802474976,0.050000000745058,0.0476759560406208,297.64617919921875,297.1499938964844,293.1499938964844,0.0,-0.0,291.455810546875,0.9670659899711608,0.1550820022821426,0.6464714407920837,291.4558410644531,290.95001220703125,285.24713134765625,284.62530517578125,291.49884033203125,297.6477966308594,291.4584655761719,1.0,0.1837906390428543,1.0,1.0,0.6233196258544922,1.0,-0.9868242740631104,0.4896533191204071,0.4971709847450256,0.2410646229982376,0.0,0.0,0.0,13.982813835144045,34.0,31.716737747192383,-0.0,78.03492736816406,1.0,293.1499938964844,293.1499938964844,293.1499938964844,293.1499938964844,293.1499938964844,293.1499938964844,278.1499938964844,0.0,18000.0,313.1499938964844,0.0,18000.0,0.0,0.0,0.0,0.0,0.0,0.0,0.0,0.0,0.0,0.0,-0.0,-0.0,0.0,0.0,0.0,0.0,0.0,-0.0,0.0,0.0,0.0,0.0,0.0,0.0,0.0,0.0,0.0,4.0,0.0,0.0
11954340,297.59735107421875,297.1499938964844,293.1499938964844,0.0,-0.0,291.46783447265625,0.671894907951355,0.050000000745058,0.0452860035002231,297.5976867675781,297.1499938964844,293.1499938964844,0.0,-0.0,291.46783447265625,0.671894907951355,0.050000000745058,0.0476883426308631,297.5743408203125,297.1499938964844,293.1499938964844,0.0,-0.0,291.46783447265625,0.671894907951355,0.050000000745058,0.0352224484086036,297.56121826171875,297.1499938964844,293.1499938964844,0.0,-0.0,291.46783447265625,0.671894907951355,0.050000000745058,0.0476883426308631,297.6259155273437,297.1499938964844,293.1499938964844,0.0,-0.0,291.46881103515625,0.9819461107254028,0.1593100875616073,0.6960916519165039,291.46881103515625,290.8500061035156,285.3231201171875,284.701416015625,291.48553466796875,297.6272277832031,291.4696960449219,1.0,0.1930129826068878,1.0,1.0,0.6166917681694031,1.0,-1.0464640855789185,0.5227240324020386,0.5237401127815247,0.2630992531776428,0.0,0.0,0.0,15.039129257202148,25.0,15.838215827941896,-0.0,91.83039855957033,1.0,293.1499938964844,293.1499938964844,293.1499938964844,293.1499938964844,293.1499938964844,293.1499938964844,278.1499938964844,0.0,18000.0,313.1499938964844,0.0,18000.0,0.0,0.0,0.0,0.0,0.0,0.0,0.0,0.0,0.0,0.0,-0.0,-0.0,0.0,0.0,0.0,0.0,0.0,-0.0,0.0,0.0,0.0,0.0,0.0,0.0,0.0,0.0,0.0,4.0,0.0,0.0
11954400,297.59735107421875,297.1499938964844,293.1499938964844,0.0,-0.0,291.46783447265625,0.671894907951355,0.050000000745058,0.0452860035002231,297.5976867675781,297.1499938964844,293.1499938964844,0.0,-0.0,291.46783447265625,0.671894907951355,0.050000000745058,0.0476883426308631,297.5743408203125,297.1499938964844,293.1499938964844,0.0,-0.0,291.46783447265625,0.671894907951355,0.050000000745058,0.0352224484086036,297.56121826171875,297.1499938964844,293.1499938964844,0.0,-0.0,291.46783447265625,0.671894907951355,0.050000000745058,0.0476883426308631,297.6259155273437,297.1499938964844,293.1499938964844,0.0,-0.0,291.46881103515625,0.9819461107254028,0.1593100875616073,0.6960916519165039,291.46881103515625,290.8500061035156,285.3231201171875,284.701416015625,291.48553466796875,297.6272277832031,291.4696960449219,1.0,0.1930129826068878,1.0,1.0,0.6166917681694031,1.0,-1.0464640855789185,0.5227240324020386,0.5237401127815247,0.2630992531776428,0.0,0.0,0.0,15.039129257202148,25.0,15.838215827941896,-0.0,91.83039855957033,1.0,293.1499938964844,293.1499938964844,293.1499938964844,293.1499938964844,293.1499938964844,293.1499938964844,278.1499938964844,0.0,18000.0,313.1499938964844,0.0,18000.0,0.0,0.0,0.0,0.0,0.0,0.0,0.0,0.0,0.0,0.0,-0.0,-0.0,0.0,0.0,0.0,0.0,0.0,-0.0,0.0,0.0,0.0,0.0,0.0,0.0,0.0,0.0,0.0,4.0,0.0,0.0
11954460,297.62432861328125,297.1499938964844,293.1499938964844,0.0,-0.0,291.4604797363281,0.666520357131958,0.050000000745058,0.0452976003289222,297.6316833496094,297.1499938964844,293.1499938964844,0.0,-0.0,291.4604797363281,0.666520357131958,0.050000000745058,0.0477005541324615,297.59747314453125,297.1499938964844,293.1499938964844,0.0,-0.0,291.4604797363281,0.666520357131958,0.050000000745058,0.0352314673364162,297.590087890625,297.1499938964844,293.1499938964844,0.0,-0.0,291.4604797363281,0.666520357131958,0.050000000745058,0.0477005541324615,297.6107482910156,297.1499938964844,293.1499938964844,0.0,-0.0,291.4573974609375,0.9844196438789368,0.1637944132089615,0.7186790108680725,291.4573974609375,290.75,285.3981018066406,284.7762756347656,291.4060974121094,297.6123046875,291.4535522460937,1.0,0.1975342184305191,1.0,1.0,0.6005986928939819,1.0,-1.073619365692139,0.5462632179260254,0.5273561477661133,0.2815659940242767,0.0,0.0,0.0,15.701213836669922,25.0,-22.85733985900879,-0.0,98.93502807617188,1.0,293.1499938964844,293.1499938964844,293.1499938964844,293.1499938964844,293.1499938964844,293.1499938964844,278.1499938964844,0.0,18000.0,313.1499938964844,0.0,18000.0,0.0,0.0,0.0,0.0,0.0,0.0,0.0,0.0,0.0,0.0,-0.0,-0.0,0.0,0.0,0.0,0.0,0.0,-0.0,0.0,0.0,0.0,0.0,0.0,0.0,0.0,0.0,0.0,4.0,0.0,0.0
11954520,297.62432861328125,297.1499938964844,293.1499938964844,0.0,-0.0,291.4604797363281,0.666520357131958,0.050000000745058,0.0452976003289222,297.6316833496094,297.1499938964844,293.1499938964844,0.0,-0.0,291.4604797363281,0.666520357131958,0.050000000745058,0.0477005541324615,297.59747314453125,297.1499938964844,293.1499938964844,0.0,-0.0,291.4604797363281,0.666520357131958,0.050000000745058,0.0352314673364162,297.590087890625,297.1499938964844,293.1499938964844,0.0,-0.0,291.4604797363281,0.666520357131958,0.050000000745058,0.0477005541324615,297.6107482910156,297.1499938964844,293.1499938964844,0.0,-0.0,291.4573974609375,0.9844196438789368,0.1637944132089615,0.7186790108680725,291.4573974609375,290.75,285.3981018066406,284.7762756347656,291.4060974121094,297.6123046875,291.4535522460937,1.0,0.1975342184305191,1.0,1.0,0.6005986928939819,1.0,-1.073619365692139,0.5462632179260254,0.5273561477661133,0.2815659940242767,0.0,0.0,0.0,15.701213836669922,25.0,-22.85733985900879,-0.0,98.93502807617188,1.0,293.1499938964844,293.1499938964844,293.1499938964844,293.1499938964844,293.1499938964844,293.1499938964844,278.1499938964844,0.0,18000.0,313.1499938964844,0.0,18000.0,0.0,0.0,0.0,0.0,0.0,0.0,0.0,0.0,0.0,0.0,-0.0,-0.0,0.0,0.0,0.0,0.0,0.0,-0.0,0.0,0.0,0.0,0.0,0.0,0.0,0.0,0.0,0.0,4.0,0.0,0.0
11954580,297.6351318359375,297.1499938964844,293.1499938964844,0.0,-0.0,291.4400329589844,0.7917511463165283,0.1404117941856384,0.0764701068401336,297.6499938964844,297.1499938964844,293.1499938964844,0.0,-0.0,291.44140625,0.6643456220626831,0.050000000745058,0.0477057434618473,297.6109619140625,297.1499938964844,293.1499938964844,0.0,-0.0,291.44140625,0.6643456220626831,0.050000000745058,0.0352353006601333,297.6059875488281,297.1499938964844,293.1499938964844,0.0,-0.0,291.44140625,0.6643456220626831,0.050000000745058,0.0477057434618473,297.6056823730469,297.1499938964844,293.1499938964844,0.0,-0.0,291.436767578125,0.9729081392288208,0.1663474291563034,0.69774329662323,291.43670654296875,290.75,285.4367370605469,284.8147277832031,291.364501953125,297.6195678710937,291.4317626953125,1.0,0.1997955590486526,1.0,1.0,0.5921844244003296,1.0,-1.0859134197235107,0.5583349466323853,0.5275784730911255,0.2912222743034363,0.0,0.0,0.0,15.993119239807127,25.0,-42.172760009765625,-0.0,102.24674224853516,1.0,293.1499938964844,293.1499938964844,293.1499938964844,293.1499938964844,293.1499938964844,293.1499938964844,278.1499938964844,0.0,18000.0,313.1499938964844,0.0,18000.0,0.0,0.0,0.0,0.0,0.0,0.0,0.0,0.0,0.0,0.0,-0.0,-0.0,0.0,0.0,0.0,0.0,0.0,-0.0,0.0,0.0,0.0,0.0,0.0,0.0,0.0,0.0,0.0,4.0,0.0,0.0
11954640,297.5921325683594,297.1499938964844,293.1499938964844,0.0,-0.0,291.4144897460937,0.927009344100952,0.1391469687223434,0.1230322122573852,297.66326904296875,297.1499938964844,293.1499938964844,0.0,-0.0,291.41778564453125,0.7987773418426514,0.1435422748327255,0.0831507220864296,297.6234436035156,297.1499938964844,293.1499938964844,0.0,-0.0,291.4190979003906,0.7249394655227661,0.1380964964628219,0.0456516481935977,297.6211853027344,297.1499938964844,293.1499938964844,0.0,-0.0,291.4195556640625,0.6629108190536499,0.050000000745058,0.0477092191576957,297.610107421875,297.1499938964844,293.1499938964844,0.0,-0.0,291.4143371582031,0.9274079203605652,0.1695298850536346,0.6152495741844177,291.4139404296875,290.6499938964844,285.4716186523437,284.84930419921875,291.3231506347656,297.62457275390625,291.4080505371094,1.0,0.2018015533685684,1.0,1.0,0.5845056772232056,1.0,-1.0978389978408811,0.570063591003418,0.5277754068374634,0.3006485402584076,0.0,0.0,0.0,16.23939323425293,45.0,-57.15632247924805,-0.0,105.45433044433594,1.0,293.1499938964844,293.1499938964844,293.1499938964844,293.1499938964844,293.1499938964844,293.1499938964844,278.1499938964844,0.0,18000.0,313.1499938964844,0.0,18000.0,0.0,0.0,0.0,0.0,0.0,0.0,0.0,0.0,0.0,0.0,-0.0,-0.0,0.0,0.0,0.0,0.0,0.0,-0.0,0.0,0.0,0.0,0.0,0.0,0.0,0.0,0.0,0.0,4.0,0.0,0.0
11954700,297.5430908203125,297.1499938964844,293.1499938964844,0.0,-0.0,291.38507080078125,0.9508841037750244,0.1371208131313324,0.1242609396576881,297.63946533203125,297.1499938964844,293.1499938964844,0.0,-0.0,291.3850402832031,0.9588069319725036,0.1444664150476455,0.1339072734117508,297.5975341796875,297.1499938964844,293.1499938964844,0.0,-0.0,291.3851013183594,0.940227508544922,0.138573944568634,0.0937876403331756,297.6380310058594,297.1499938964844,293.1499938964844,0.0,-0.0,291.3912658691406,0.6760368943214417,0.050000000745058,0.0476787947118282,297.6293029785156,297.1499938964844,293.1499938964844,0.0,-0.0,291.3854064941406,0.9028939008712769,0.1743248999118805,0.5413351058959961,291.3842468261719,290.6499938964844,285.5076904296875,284.885009765625,291.27783203125,297.62823486328125,291.377197265625,1.0,0.2076978236436844,1.0,1.0,0.5764591097831726,1.0,-1.140971064567566,0.5992465615272522,0.5417245030403137,0.3184817135334015,0.0,0.0,0.0,15.999881744384766,45.0,-72.59618377685547,-0.0,114.2037353515625,1.0,293.1499938964844,293.1499938964844,293.1499938964844,293.1499938964844,293.1499938964844,293.1499938964844,278.1499938964844,0.0,18000.0,313.1499938964844,0.0,18000.0,0.0,0.0,0.0,0.0,0.0,0.0,0.0,0.0,0.0,0.0,-0.0,-0.0,0.0,0.0,0.0,0.0,0.0,-0.0,0.0,0.0,0.0,0.0,0.0,0.0,0.0,0.0,0.0,4.0,0.0,0.0
11954760,297.5086669921875,297.1499938964844,293.1499938964844,0.0,-0.0,291.3490600585937,0.9568695425987244,0.1362234801054,0.1230590939521789,297.61016845703125,297.1499938964844,293.1499938964844,0.0,-0.0,291.34881591796875,0.974867045879364,0.1446891278028488,0.1370080560445785,297.56103515625,297.1499938964844,293.1499938964844,0.0,-0.0,291.3490295410156,0.9602721929550172,0.1378224641084671,0.0966822803020477,297.6315612792969,297.1499938964844,293.1499938964844,0.0,-0.0,291.3497009277344,0.936773955821991,0.1411281526088714,0.1224103718996048,297.6524963378906,297.1499938964844,293.1499938964844,0.0,-0.0,291.3499755859375,0.8956210017204285,0.1796339899301529,0.5146191716194153,291.3479919433594,290.1499938964844,285.5431823730469,284.9200439453125,291.2214660644531,297.64947509765625,291.34002685546875,1.0,0.2158316969871521,1.0,1.0,0.565900444984436,1.0,-1.192611575126648,0.6343183517456055,0.5582932233810425,0.3462915420532226,0.0,0.0,0.0,16.430768966674805,65.0,-90.29295349121094,-0.0,129.6493682861328,1.0,293.1499938964844,293.1499938964844,293.1499938964844,293.1499938964844,293.1499938964844,293.1499938964844,278.1499938964844,0.0,18000.0,313.1499938964844,0.0,18000.0,0.0,0.0,0.0,0.0,0.0,0.0,0.0,0.0,0.0,0.0,-0.0,-0.0,0.0,0.0,0.0,0.0,0.0,-0.0,0.0,0.0,0.0,0.0,0.0,0.0,0.0,0.0,0.0,4.0,0.0,0.0
11954820,297.47833251953125,297.1499938964844,293.1499938964844,0.0,-0.0,291.2519226074219,0.9269132614135742,0.1376533657312393,0.1235066652297973,297.5694580078125,297.1499938964844,293.1499938964844,0.0,-0.0,291.25152587890625,0.949044406414032,0.1463652849197387,0.1383230984210968,297.5196533203125,297.1499938964844,293.1499938964844,0.0,-0.0,291.2518615722656,0.9301792979240416,0.138792797923088,0.0969318002462387,297.5776062011719,297.1499938964844,293.1499938964844,0.0,-0.0,291.251708984375,0.938267707824707,0.1417386680841446,0.13420470058918,297.6845703125,297.1499938964844,293.1499938964844,0.0,-0.0,291.25213623046875,0.920231282711029,0.1892879009246826,0.6055652499198914,291.2498779296875,289.6499938964844,285.61236572265625,284.9879150390625,291.08807373046875,297.6836853027344,291.23956298828125,1.0,0.2381086349487304,1.0,1.0,0.5447831153869629,1.0,-1.31833016872406,0.7214633226394653,0.5968668460845947,0.4086246192455292,0.0,0.0,0.0,19.482086181640625,85.0,-131.56277465820312,-0.0,173.79974365234375,1.0,293.1499938964844,293.1499938964844,293.1499938964844,293.1499938964844,293.1499938964844,293.1499938964844,278.1499938964844,0.0,18000.0,313.1499938964844,0.0,18000.0,0.0,0.0,0.0,0.0,0.0,0.0,0.0,0.0,0.0,0.0,-0.0,-0.0,0.0,0.0,0.0,0.0,0.0,-0.0,0.0,0.0,0.0,0.0,0.0,0.0,0.0,0.0,0.0,4.0,0.0,0.0
11954880,297.47833251953125,297.1499938964844,293.1499938964844,0.0,-0.0,291.2519226074219,0.9269132614135742,0.1376533657312393,0.1235066652297973,297.5694580078125,297.1499938964844,293.1499938964844,0.0,-0.0,291.25152587890625,0.949044406414032,0.1463652849197387,0.1383230984210968,297.5196533203125,297.1499938964844,293.1499938964844,0.0,-0.0,291.2518615722656,0.9301792979240416,0.138792797923088,0.0969318002462387,297.5776062011719,297.1499938964844,293.1499938964844,0.0,-0.0,291.251708984375,0.938267707824707,0.1417386680841446,0.13420470058918,297.6845703125,297.1499938964844,293.1499938964844,0.0,-0.0,291.25213623046875,0.920231282711029,0.1892879009246826,0.6055652499198914,291.2498779296875,289.6499938964844,285.61236572265625,284.9879150390625,291.08807373046875,297.6836853027344,291.23956298828125,1.0,0.2381086349487304,1.0,1.0,0.5447831153869629,1.0,-1.31833016872406,0.7214633226394653,0.5968668460845947,0.4086246192455292,0.0,0.0,0.0,19.482086181640625,85.0,-131.56277465820312,-0.0,173.79974365234375,1.0,293.1499938964844,293.1499938964844,293.1499938964844,293.1499938964844,293.1499938964844,293.1499938964844,278.1499938964844,0.0,18000.0,313.1499938964844,0.0,18000.0,0.0,0.0,0.0,0.0,0.0,0.0,0.0,0.0,0.0,0.0,-0.0,-0.0,0.0,0.0,0.0,0.0,0.0,-0.0,0.0,0.0,0.0,0.0,0.0,0.0,0.0,0.0,0.0,4.0,0.0,0.0
11954940,297.46923828125,297.1499938964844,293.1499938964844,0.0,-0.0,291.12030029296875,0.8973491787910461,0.1408818960189819,0.1262369006872177,297.5484924316406,297.1499938964844,293.1499938964844,0.0,-0.0,291.11981201171875,0.9167975187301636,0.1495387405157089,0.1410928070545196,297.504150390625,297.1499938964844,293.1499938964844,0.0,-0.0,291.1202392578125,0.8995537757873535,0.1418901085853576,0.0988878011703491,297.5467224121094,297.1499938964844,293.1499938964844,0.0,-0.0,291.1201171875,0.9045815467834472,0.1440074145793914,0.1360663920640945,297.6812438964844,297.1499938964844,293.1499938964844,0.0,-0.0,291.119140625,0.9510200619697572,0.1957570910453796,0.73640376329422,291.1171264648437,289.1499938964844,285.6786499023437,285.0523986816406,290.93243408203125,297.6821594238281,291.1054992675781,1.0,0.2678864896297455,1.0,1.0,0.523665726184845,1.0,-1.486558437347412,0.83709716796875,0.6494612097740173,0.4902678728103637,0.0,0.0,0.0,24.10078811645508,105.0,-174.5618133544922,-0.0,247.51632690429688,1.0,293.1499938964844,293.1499938964844,293.1499938964844,293.1499938964844,293.1499938964844,293.1499938964844,278.1499938964844,0.0,18000.0,313.1499938964844,0.0,18000.0,0.0,0.0,0.0,0.0,0.0,0.0,0.0,0.0,0.0,0.0,-0.0,-0.0,0.0,0.0,0.0,0.0,0.0,-0.0,0.0,0.0,0.0,0.0,0.0,0.0,0.0,0.0,0.0,4.0,0.0,0.0
11955000,297.46923828125,297.1499938964844,293.1499938964844,0.0,-0.0,291.12030029296875,0.8973491787910461,0.1408818960189819,0.1262369006872177,297.5484924316406,297.1499938964844,293.1499938964844,0.0,-0.0,291.11981201171875,0.9167975187301636,0.1495387405157089,0.1410928070545196,297.504150390625,297.1499938964844,293.1499938964844,0.0,-0.0,291.1202392578125,0.8995537757873535,0.1418901085853576,0.0988878011703491,297.5467224121094,297.1499938964844,293.1499938964844,0.0,-0.0,291.1201171875,0.9045815467834472,0.1440074145793914,0.1360663920640945,297.6812438964844,297.1499938964844,293.1499938964844,0.0,-0.0,291.119140625,0.9510200619697572,0.1957570910453796,0.73640376329422,291.1171264648437,289.1499938964844,285.6786499023437,285.0523986816406,290.93243408203125,297.6821594238281,291.1054992675781,1.0,0.2678864896297455,1.0,1.0,0.523665726184845,1.0,-1.486558437347412,0.83709716796875,0.6494612097740173,0.4902678728103637,0.0,0.0,0.0,24.10078811645508,105.0,-174.5618133544922,-0.0,247.51632690429688,1.0,293.1499938964844,293.1499938964844,293.1499938964844,293.1499938964844,293.1499938964844,293.1499938964844,278.1499938964844,0.0,18000.0,313.1499938964844,0.0,18000.0,0.0,0.0,0.0,0.0,0.0,0.0,0.0,0.0,0.0,0.0,-0.0,-0.0,0.0,0.0,0.0,0.0,0.0,-0.0,0.0,0.0,0.0,0.0,0.0,0.0,0.0,0.0,0.0,4.0,0.0,0.0
11955060,297.45831298828125,297.1499938964844,293.1499938964844,0.0,-0.0,290.86553955078125,0.857387900352478,0.1438307911157608,0.1292040944099426,297.5342102050781,297.1499938964844,293.1499938964844,0.0,-0.0,290.8643493652344,0.8750220537185669,0.1531425565481186,0.1446290165185928,297.4915466308594,297.1499938964844,293.1499938964844,0.0,-0.0,290.8653869628906,0.8596854209899902,0.1451079845428466,0.1013142690062522,297.525634765625,297.1499938964844,293.1499938964844,0.0,-0.0,290.8651428222656,0.8632160425186157,0.1468928754329681,0.1388833075761795,297.64288330078125,297.1499938964844,293.1499938964844,0.0,-0.0,290.8598937988281,0.9625147581100464,0.1986394524574279,0.8921393156051636,290.85675048828125,288.6499938964844,285.7415466308594,285.1129455566406,290.4863586425781,297.6453857421875,290.8311462402344,1.0,0.3042893707752228,1.0,1.0,0.4754570722579956,1.0,-1.6876637935638428,1.017878770828247,0.6697850227355957,0.6304706335067749,0.0,0.0,0.0,31.39929962158203,125.0,-357.6137390136719,-0.0,363.2443237304688,1.0,293.1499938964844,293.1499938964844,293.1499938964844,293.1499938964844,293.1499938964844,293.1499938964844,278.1499938964844,0.0,18000.0,313.1499938964844,0.0,18000.0,0.0,0.0,0.0,0.0,0.0,0.0,0.0,0.0,0.0,0.0,-0.0,-0.0,0.0,0.0,0.0,0.0,0.0,-0.0,0.0,0.0,0.0,0.0,0.0,0.0,0.0,0.0,0.0,4.0,0.0,0.0
11955120,297.45831298828125,297.1499938964844,293.1499938964844,0.0,-0.0,290.86553955078125,0.857387900352478,0.1438307911157608,0.1292040944099426,297.5342102050781,297.1499938964844,293.1499938964844,0.0,-0.0,290.8643493652344,0.8750220537185669,0.1531425565481186,0.1446290165185928,297.4915466308594,297.1499938964844,293.1499938964844,0.0,-0.0,290.8653869628906,0.8596854209899902,0.1451079845428466,0.1013142690062522,297.525634765625,297.1499938964844,293.1499938964844,0.0,-0.0,290.8651428222656,0.8632160425186157,0.1468928754329681,0.1388833075761795,297.64288330078125,297.1499938964844,293.1499938964844,0.0,-0.0,290.8598937988281,0.9625147581100464,0.1986394524574279,0.8921393156051636,290.85675048828125,288.6499938964844,285.7415466308594,285.1129455566406,290.4863586425781,297.6453857421875,290.8311462402344,1.0,0.3042893707752228,1.0,1.0,0.4754570722579956,1.0,-1.6876637935638428,1.017878770828247,0.6697850227355957,0.6304706335067749,0.0,0.0,0.0,31.39929962158203,125.0,-357.6137390136719,-0.0,363.2443237304688,1.0,293.1499938964844,293.1499938964844,293.1499938964844,293.1499938964844,293.1499938964844,293.1499938964844,278.1499938964844,0.0,18000.0,313.1499938964844,0.0,18000.0,0.0,0.0,0.0,0.0,0.0,0.0,0.0,0.0,0.0,0.0,-0.0,-0.0,0.0,0.0,0.0,0.0,0.0,-0.0,0.0,0.0,0.0,0.0,0.0,0.0,0.0,0.0,0.0,4.0,0.0,0.0
11955180,297.4307556152344,297.1499938964844,293.1499938964844,0.0,-0.0,290.45489501953125,0.7152381539344788,0.1449560225009918,0.1316401213407516,297.5126037597656,297.1499938964844,293.1499938964844,0.0,-0.0,290.45318603515625,0.7307789325714111,0.1558236926794052,0.1484662741422653,297.4660339355469,297.1499938964844,293.1499938964844,0.0,-0.0,290.4546203613281,0.717931866645813,0.1468566209077835,0.1035872176289558,297.4994506835937,297.1499938964844,293.1499938964844,0.0,-0.0,290.4542541503906,0.7209986448287964,0.1490015089511871,0.1421497017145156,297.5866394042969,297.1499938964844,293.1499938964844,0.0,-0.0,290.44781494140625,0.7921293377876282,0.1991812586784362,0.9009181261062622,290.4436950683594,288.1499938964844,285.8006286621094,285.1690673828125,289.9256591796875,297.5889892578125,290.4101257324219,1.0,0.3366008400917053,1.0,1.0,0.4272483587265014,1.0,-1.7124332189559937,1.116360068321228,0.5960731506347656,0.7236783504486084,0.0,0.0,0.0,58.78759002685547,113.0,-539.2131958007812,-0.0,456.7120971679688,1.0,293.1499938964844,293.1499938964844,293.1499938964844,293.1499938964844,293.1499938964844,293.1499938964844,278.1499938964844,0.0,18000.0,313.1499938964844,0.0,18000.0,0.0,0.0,0.0,0.0,0.0,0.0,0.0,0.0,0.0,0.0,-0.0,-0.0,0.0,0.0,0.0,0.0,0.0,-0.0,0.0,0.0,0.0,0.0,0.0,0.0,0.0,0.0,0.0,4.0,0.0,0.0
11955240,297.4307556152344,297.1499938964844,293.1499938964844,0.0,-0.0,290.45489501953125,0.7152381539344788,0.1449560225009918,0.1316401213407516,297.5126037597656,297.1499938964844,293.1499938964844,0.0,-0.0,290.45318603515625,0.7307789325714111,0.1558236926794052,0.1484662741422653,297.4660339355469,297.1499938964844,293.1499938964844,0.0,-0.0,290.4546203613281,0.717931866645813,0.1468566209077835,0.1035872176289558,297.4994506835937,297.1499938964844,293.1499938964844,0.0,-0.0,290.4542541503906,0.7209986448287964,0.1490015089511871,0.1421497017145156,297.5866394042969,297.1499938964844,293.1499938964844,0.0,-0.0,290.44781494140625,0.7921293377876282,0.1991812586784362,0.9009181261062622,290.4436950683594,288.1499938964844,285.8006286621094,285.1690673828125,289.9256591796875,297.5889892578125,290.4101257324219,1.0,0.3366008400917053,1.0,1.0,0.4272483587265014,1.0,-1.7124332189559937,1.116360068321228,0.5960731506347656,0.7236783504486084,0.0,0.0,0.0,58.78759002685547,113.0,-539.2131958007812,-0.0,456.7120971679688,1.0,293.1499938964844,293.1499938964844,293.1499938964844,293.1499938964844,293.1499938964844,293.1499938964844,278.1499938964844,0.0,18000.0,313.1499938964844,0.0,18000.0,0.0,0.0,0.0,0.0,0.0,0.0,0.0,0.0,0.0,0.0,-0.0,-0.0,0.0,0.0,0.0,0.0,0.0,-0.0,0.0,0.0,0.0,0.0,0.0,0.0,0.0,0.0,0.0,4.0,0.0,0.0
11955300,297.413330078125,297.1499938964844,293.1499938964844,0.0,-0.0,290.21221923828125,0.6889453530311584,0.1450259238481521,0.1322064250707626,297.4999389648437,297.1499938964844,293.1499938964844,0.0,-0.0,290.210205078125,0.7073047161102295,0.1568794399499893,0.1499389857053756,297.4502868652344,297.1499938964844,293.1499938964844,0.0,-0.0,290.2118225097656,0.6924099922180176,0.1473158597946167,0.1042851060628891,297.485107421875,297.1499938964844,293.1499938964844,0.0,-0.0,290.2113952636719,0.6961990594863892,0.1498071700334549,0.1433756500482559,297.5588073730469,297.1499938964844,293.1499938964844,0.0,-0.0,290.2045593261719,0.7634494304656982,0.1992133557796478,0.9032901525497437,290.2000427246094,288.1499938964844,285.8285522460937,285.1952819824219,289.62744140625,297.5611572265625,290.163818359375,1.0,0.3468315601348877,1.0,1.0,0.4031440317630768,1.0,-1.7200440168380735,1.1663559675216677,0.5536880493164062,0.7720237374305725,0.0,0.0,0.0,68.7352066040039,113.0,-612.3414306640625,-0.0,490.4872741699219,1.0,293.1499938964844,293.1499938964844,293.1499938964844,293.1499938964844,293.1499938964844,293.1499938964844,278.1499938964844,0.0,18000.0,313.1499938964844,0.0,18000.0,0.0,0.0,0.0,0.0,0.0,0.0,0.0,0.0,0.0,0.0,-0.0,-0.0,0.0,0.0,0.0,0.0,0.0,-0.0,0.0,0.0,0.0,0.0,0.0,0.0,0.0,0.0,0.0,4.0,0.0,0.0
11955360,297.3945007324219,297.1499938964844,293.1499938964844,0.0,-0.0,289.9437561035156,0.6729722023010254,0.1448456346988678,0.1324251443147659,297.48638916015625,297.1499938964844,293.1499938964844,0.0,-0.0,289.9412841796875,0.6924972534179688,0.1577658206224441,0.1511391103267669,297.43328857421875,297.1499938964844,293.1499938964844,0.0,-0.0,289.9432373046875,0.676963210105896,0.1475489288568496,0.1047355160117149,297.4701538085937,297.1499938964844,293.1499938964844,0.0,-0.0,289.94268798828125,0.6812499165534973,0.1504615694284439,0.1443480104207992,297.5308837890625,297.1499938964844,293.1499938964844,0.0,-0.0,289.9349975585937,0.7471297383308411,0.199062243103981,0.904364287853241,289.9297790527344,287.6499938964844,285.8553771972656,285.22021484375,289.2698059082031,297.5332336425781,289.8876037597656,1.0,0.3542108535766601,1.0,1.0,0.3745230734348297,1.0,-1.7247490882873535,1.22432279586792,0.5004262924194336,0.8288984298706055,0.0,0.0,0.0,75.94791412353516,101.0,-697.7149047851562,-0.0,514.677001953125,1.0,293.1499938964844,293.1499938964844,293.1499938964844,293.1499938964844,293.1499938964844,293.1499938964844,278.1499938964844,0.0,18000.0,313.1499938964844,0.0,18000.0,0.0,0.0,0.0,0.0,0.0,0.0,0.0,0.0,0.0,0.0,-0.0,-0.0,0.0,0.0,0.0,0.0,0.0,-0.0,0.0,0.0,0.0,0.0,0.0,0.0,0.0,0.0,0.0,4.0,0.0,0.0
11955420,297.3531799316406,297.1499938964844,293.1499938964844,0.0,-0.0,289.3147277832031,0.6562158465385437,0.1437606662511825,0.1319821029901504,297.4564208984375,297.1499938964844,293.1499938964844,0.0,-0.0,289.3114013671875,0.6782221794128418,0.1589940786361694,0.1528043448925018,297.3956604003906,297.1499938964844,293.1499938964844,0.0,-0.0,289.3139038085937,0.6612730622291565,0.1473277658224105,0.1049879640340805,297.4381103515625,297.1499938964844,293.1499938964844,0.0,-0.0,289.3130798339844,0.6668004989624023,0.1512722074985504,0.1456045806407928,297.4740600585937,297.1499938964844,293.1499938964844,0.0,-0.0,289.3047180175781,0.7307103872299194,0.1981316059827804,0.9027329683303832,289.2987976074219,287.1499938964844,285.90533447265625,285.26580810546875,288.538330078125,297.4765014648437,289.2520446777344,1.0,0.3620346486568451,1.0,1.0,0.3172811865806579,1.0,-1.7260767221450806,1.3370578289031982,0.3890189230442047,0.9411174654960632,0.0,0.0,0.0,84.36209106445312,89.0,-841.0051879882812,-0.0,540.4241943359375,1.0,293.1499938964844,293.1499938964844,293.1499938964844,293.1499938964844,293.1499938964844,293.1499938964844,278.1499938964844,0.0,18000.0,313.1499938964844,0.0,18000.0,0.0,0.0,0.0,0.0,0.0,0.0,0.0,0.0,0.0,0.0,-0.0,-0.0,0.0,0.0,0.0,0.0,0.0,-0.0,0.0,0.0,0.0,0.0,0.0,0.0,0.0,0.0,0.0,4.0,0.0,0.0
11955480,297.3531799316406,297.1499938964844,293.1499938964844,0.0,-0.0,289.3147277832031,0.6562158465385437,0.1437606662511825,0.1319821029901504,297.4564208984375,297.1499938964844,293.1499938964844,0.0,-0.0,289.3114013671875,0.6782221794128418,0.1589940786361694,0.1528043448925018,297.3956604003906,297.1499938964844,293.1499938964844,0.0,-0.0,289.3139038085937,0.6612730622291565,0.1473277658224105,0.1049879640340805,297.4381103515625,297.1499938964844,293.1499938964844,0.0,-0.0,289.3130798339844,0.6668004989624023,0.1512722074985504,0.1456045806407928,297.4740600585937,297.1499938964844,293.1499938964844,0.0,-0.0,289.3047180175781,0.7307103872299194,0.1981316059827804,0.9027329683303832,289.2987976074219,287.1499938964844,285.90533447265625,285.26580810546875,288.538330078125,297.4765014648437,289.2520446777344,1.0,0.3620346486568451,1.0,1.0,0.3172811865806579,1.0,-1.7260767221450806,1.3370578289031982,0.3890189230442047,0.9411174654960632,0.0,0.0,0.0,84.36209106445312,89.0,-841.0051879882812,-0.0,540.4241943359375,1.0,293.1499938964844,293.1499938964844,293.1499938964844,293.1499938964844,293.1499938964844,293.1499938964844,278.1499938964844,0.0,18000.0,313.1499938964844,0.0,18000.0,0.0,0.0,0.0,0.0,0.0,0.0,0.0,0.0,0.0,0.0,-0.0,-0.0,0.0,0.0,0.0,0.0,0.0,-0.0,0.0,0.0,0.0,0.0,0.0,0.0,0.0,0.0,0.0,4.0,0.0,0.0
11955540,297.3098449707031,297.1499938964844,293.1499938964844,0.0,-0.0,288.65850830078125,0.6497910022735596,0.1419421732425689,0.1305827498435974,297.4240417480469,297.1499938964844,293.1499938964844,0.0,-0.0,288.6546325683594,0.6750026345252991,0.1595950275659561,0.1536104679107666,297.3553161621094,297.1499938964844,293.1499938964844,0.0,-0.0,288.657470703125,0.6560108661651611,0.1463529914617538,0.1044941842555999,297.4045715332031,297.1499938964844,293.1499938964844,0.0,-0.0,288.6563720703125,0.6632019281387329,0.1515227854251861,0.1460577249526977,297.41680908203125,297.1499938964844,293.1499938964844,0.0,-0.0,288.6483764648437,0.724925696849823,0.196432426571846,0.8963919281959534,288.64239501953125,287.25,285.95001220703125,285.3053894042969,287.8588562011719,297.4192199707031,288.5960388183594,1.0,0.3629581332206726,1.0,1.0,0.2600392997264862,1.0,-1.7177077531814575,1.4351369142532349,0.2825708389282226,1.0406888723373413,0.0,0.0,0.0,86.67015075683594,77.0,-892.3335571289062,-0.0,541.9135131835938,1.0,293.1499938964844,293.1499938964844,293.1499938964844,293.1499938964844,293.1499938964844,293.1499938964844,278.1499938964844,0.0,18000.0,313.1499938964844,0.0,18000.0,0.0,0.0,0.0,0.0,0.0,0.0,0.0,0.0,0.0,0.0,-0.0,-0.0,0.0,0.0,0.0,0.0,0.0,-0.0,0.0,0.0,0.0,0.0,0.0,0.0,0.0,0.0,0.0,4.0,0.0,0.0
11955600,297.3098449707031,297.1499938964844,293.1499938964844,0.0,-0.0,288.65850830078125,0.6497910022735596,0.1419421732425689,0.1305827498435974,297.4240417480469,297.1499938964844,293.1499938964844,0.0,-0.0,288.6546325683594,0.6750026345252991,0.1595950275659561,0.1536104679107666,297.3553161621094,297.1499938964844,293.1499938964844,0.0,-0.0,288.657470703125,0.6560108661651611,0.1463529914617538,0.1044941842555999,297.4045715332031,297.1499938964844,293.1499938964844,0.0,-0.0,288.6563720703125,0.6632019281387329,0.1515227854251861,0.1460577249526977,297.41680908203125,297.1499938964844,293.1499938964844,0.0,-0.0,288.6483764648437,0.724925696849823,0.196432426571846,0.8963919281959534,288.64239501953125,287.25,285.95001220703125,285.3053894042969,287.8588562011719,297.4192199707031,288.5960388183594,1.0,0.3629581332206726,1.0,1.0,0.2600392997264862,1.0,-1.7177077531814575,1.4351369142532349,0.2825708389282226,1.0406888723373413,0.0,0.0,0.0,86.67015075683594,77.0,-892.3335571289062,-0.0,541.9135131835938,1.0,293.1499938964844,293.1499938964844,293.1499938964844,293.1499938964844,293.1499938964844,293.1499938964844,278.1499938964844,0.0,18000.0,313.1499938964844,0.0,18000.0,0.0,0.0,0.0,0.0,0.0,0.0,0.0,0.0,0.0,0.0,-0.0,-0.0,0.0,0.0,0.0,0.0,0.0,-0.0,0.0,0.0,0.0,0.0,0.0,0.0,0.0,0.0,0.0,4.0,0.0,0.0
11955660,297.26617431640625,297.1499938964844,293.1499938964844,0.0,-0.0,288.0679931640625,0.6488487124443054,0.1395407021045684,0.1285043358802795,297.3875732421875,297.1499938964844,293.1499938964844,0.0,-0.0,288.0643005371094,0.6777295470237732,0.1593760699033737,0.1535694301128387,297.313720703125,297.1499938964844,293.1499938964844,0.0,-0.0,288.06695556640625,0.6563520431518555,0.1447377949953079,0.1034417301416397,297.3686218261719,297.1499938964844,293.1499938964844,0.0,-0.0,288.0657653808594,0.6654729247093201,0.1511077582836151,0.1457962393760681,297.3588256835937,297.1499938964844,293.1499938964844,0.0,-0.0,288.0593566894531,0.7249013781547546,0.1939380466938018,0.8859065771102905,288.0543212890625,287.3500061035156,285.9911804199219,285.3408508300781,287.3633728027344,297.3615417480469,288.01580810546875,1.0,0.3590206205844879,1.0,1.0,0.2113057523965835,1.0,-1.7010016441345217,1.4980586767196655,0.2029430121183395,1.1069252490997314,0.0,0.0,0.0,84.80046081542969,65.0,-815.306640625,-0.0,525.8309936523438,1.0,293.1499938964844,293.1499938964844,293.1499938964844,293.1499938964844,293.1499938964844,293.1499938964844,278.1499938964844,0.0,18000.0,313.1499938964844,0.0,18000.0,0.0,0.0,0.0,0.0,0.0,0.0,0.0,0.0,0.0,0.0,-0.0,-0.0,0.0,0.0,0.0,0.0,0.0,-0.0,0.0,0.0,0.0,0.0,0.0,0.0,0.0,0.0,0.0,4.0,0.0,0.0
11955720,297.26617431640625,297.1499938964844,293.1499938964844,0.0,-0.0,288.0679931640625,0.6488487124443054,0.1395407021045684,0.1285043358802795,297.3875732421875,297.1499938964844,293.1499938964844,0.0,-0.0,288.0643005371094,0.6777295470237732,0.1593760699033737,0.1535694301128387,297.313720703125,297.1499938964844,293.1499938964844,0.0,-0.0,288.06695556640625,0.6563520431518555,0.1447377949953079,0.1034417301416397,297.3686218261719,297.1499938964844,293.1499938964844,0.0,-0.0,288.0657653808594,0.6654729247093201,0.1511077582836151,0.1457962393760681,297.3588256835937,297.1499938964844,293.1499938964844,0.0,-0.0,288.0593566894531,0.7249013781547546,0.1939380466938018,0.8859065771102905,288.0543212890625,287.3500061035156,285.9911804199219,285.3408508300781,287.3633728027344,297.3615417480469,288.01580810546875,1.0,0.3590206205844879,1.0,1.0,0.2113057523965835,1.0,-1.7010016441345217,1.4980586767196655,0.2029430121183395,1.1069252490997314,0.0,0.0,0.0,84.80046081542969,65.0,-815.306640625,-0.0,525.8309936523438,1.0,293.1499938964844,293.1499938964844,293.1499938964844,293.1499938964844,293.1499938964844,293.1499938964844,278.1499938964844,0.0,18000.0,313.1499938964844,0.0,18000.0,0.0,0.0,0.0,0.0,0.0,0.0,0.0,0.0,0.0,0.0,-0.0,-0.0,0.0,0.0,0.0,0.0,0.0,-0.0,0.0,0.0,0.0,0.0,0.0,0.0,0.0,0.0,0.0,4.0,0.0,0.0
11955780,297.2250366210937,297.1499938964844,293.1499938964844,0.0,-0.0,287.5794677734375,0.6517276167869568,0.1368372291326522,0.1259602159261703,297.34918212890625,297.1499938964844,293.1499938964844,0.0,-0.0,287.57598876953125,0.6844083666801453,0.1584921926259994,0.1526902765035629,297.2738037109375,297.1499938964844,293.1499938964844,0.0,-0.0,287.57843017578125,0.6606327891349792,0.1427617967128753,0.1019759699702262,297.3309020996094,297.1499938964844,293.1499938964844,0.0,-0.0,287.5772705078125,0.6715939044952393,0.1500563770532608,0.1447586417198181,297.3030700683594,297.1499938964844,293.1499938964844,0.0,-0.0,287.57208251953125,0.7288392782211304,0.1909276098012924,0.872024416923523,287.5678405761719,287.45001220703125,286.03106689453125,285.37457275390625,286.9775085449219,297.313720703125,287.53564453125,1.0,0.3515540659427643,1.0,1.0,0.1625722050666809,1.0,-1.6772217750549316,1.5383299589157104,0.1388918906450271,1.1519994735717771,0.0,0.0,0.0,80.1100082397461,53.0,-697.252197265625,-0.0,497.5185852050781,1.0,293.1499938964844,293.1499938964844,293.1499938964844,293.1499938964844,293.1499938964844,293.1499938964844,278.1499938964844,0.0,18000.0,313.1499938964844,0.0,18000.0,0.0,0.0,0.0,0.0,0.0,0.0,0.0,0.0,0.0,0.0,-0.0,-0.0,0.0,0.0,0.0,0.0,0.0,-0.0,0.0,0.0,0.0,0.0,0.0,0.0,0.0,0.0,0.0,4.0,0.0,0.0
11955840,297.2250366210937,297.1499938964844,293.1499938964844,0.0,-0.0,287.5794677734375,0.6517276167869568,0.1368372291326522,0.1259602159261703,297.34918212890625,297.1499938964844,293.1499938964844,0.0,-0.0,287.57598876953125,0.6844083666801453,0.1584921926259994,0.1526902765035629,297.2738037109375,297.1499938964844,293.1499938964844,0.0,-0.0,287.57843017578125,0.6606327891349792,0.1427617967128753,0.1019759699702262,297.3309020996094,297.1499938964844,293.1499938964844,0.0,-0.0,287.5772705078125,0.6715939044952393,0.1500563770532608,0.1447586417198181,297.3030700683594,297.1499938964844,293.1499938964844,0.0,-0.0,287.57208251953125,0.7288392782211304,0.1909276098012924,0.872024416923523,287.5678405761719,287.45001220703125,286.03106689453125,285.37457275390625,286.9775085449219,297.313720703125,287.53564453125,1.0,0.3515540659427643,1.0,1.0,0.1625722050666809,1.0,-1.6772217750549316,1.5383299589157104,0.1388918906450271,1.1519994735717771,0.0,0.0,0.0,80.1100082397461,53.0,-697.252197265625,-0.0,497.5185852050781,1.0,293.1499938964844,293.1499938964844,293.1499938964844,293.1499938964844,293.1499938964844,293.1499938964844,278.1499938964844,0.0,18000.0,313.1499938964844,0.0,18000.0,0.0,0.0,0.0,0.0,0.0,0.0,0.0,0.0,0.0,0.0,-0.0,-0.0,0.0,0.0,0.0,0.0,0.0,-0.0,0.0,0.0,0.0,0.0,0.0,0.0,0.0,0.0,0.0,4.0,0.0,0.0
11955900,297.2064819335937,297.1499938964844,293.1499938964844,0.0,-0.0,287.3560485839844,0.6548137664794922,0.1354910135269165,0.1246323436498642,297.3307189941406,297.1499938964844,293.1499938964844,0.0,-0.0,287.35211181640625,0.6894724369049072,0.1579430401325225,0.1520818918943405,297.25567626953125,297.1499938964844,293.1499938964844,0.0,-0.0,287.3548583984375,0.6645120978355408,0.1417675763368606,0.1011930257081985,297.3128356933594,297.1499938964844,293.1499938964844,0.0,-0.0,287.353515625,0.6763321757316589,0.1494255810976028,0.1440719366073608,297.2774353027344,297.1499938964844,293.1499938964844,0.0,-0.0,287.34796142578125,0.7324633598327637,0.1893800348043441,0.8645704388618469,287.3432006835937,287.45001220703125,286.050537109375,285.3908386230469,286.6929931640625,297.2928161621094,287.305419921875,1.0,0.3468317091464996,1.0,1.0,0.1382054388523101,1.0,-1.6641829013824463,1.572690486907959,0.0914923101663589,1.1889127492904663,0.0,0.0,0.0,76.91315460205078,53.0,-688.6625366210938,-0.0,480.5477600097656,1.0,293.1499938964844,293.1499938964844,293.1499938964844,293.1499938964844,293.1499938964844,293.1499938964844,278.1499938964844,0.0,18000.0,313.1499938964844,0.0,18000.0,0.0,0.0,0.0,0.0,0.0,0.0,0.0,0.0,0.0,0.0,-0.0,-0.0,0.0,0.0,0.0,0.0,0.0,-0.0,0.0,0.0,0.0,0.0,0.0,0.0,0.0,0.0,0.0,4.0,0.0,0.0
11955960,297.1890563964844,297.1499938964844,293.1499938964844,0.0,-0.0,287.1225280761719,0.6589686870574951,0.1341369748115539,0.1232952699065208,297.312744140625,297.1499938964844,293.1499938964844,0.0,-0.0,287.1194763183594,0.6956159472465515,0.1573215276002884,0.1513975709676742,297.23858642578125,297.1499938964844,293.1499938964844,0.0,-0.0,287.12158203125,0.6695125699043274,0.1407573372125625,0.1003955155611038,297.2951965332031,297.1499938964844,293.1499938964844,0.0,-0.0,287.1205139160156,0.6821508407592773,0.1487265974283218,0.143312320113182,297.2530517578125,297.1499938964844,293.1499938964844,0.0,-0.0,287.1165771484375,0.7371277213096619,0.1877911537885666,0.856922447681427,287.11334228515625,287.54998779296875,286.0697326660156,285.4066772460937,286.6619873046875,297.2732849121094,287.09161376953125,1.0,0.3415773212909698,1.0,1.0,0.138517752289772,1.0,-1.650704860687256,1.5633472204208374,0.0873576924204826,1.1824020147323608,0.0,0.0,0.0,73.3131332397461,41.0,-602.4371948242188,-0.0,462.337646484375,1.0,293.1499938964844,293.1499938964844,293.1499938964844,293.1499938964844,293.1499938964844,293.1499938964844,278.1499938964844,0.0,18000.0,313.1499938964844,0.0,18000.0,0.0,0.0,0.0,0.0,0.0,0.0,0.0,0.0,0.0,0.0,-0.0,-0.0,0.0,0.0,0.0,0.0,0.0,-0.0,0.0,0.0,0.0,0.0,0.0,0.0,0.0,0.0,0.0,4.0,0.0,0.0
11956020,297.162841796875,297.1499938964844,293.1499938964844,0.0,-0.0,286.935546875,0.672244131565094,0.131962776184082,0.12086021900177,297.2829895019531,297.1499938964844,293.1499938964844,0.0,-0.0,286.9343566894531,0.7125268578529358,0.1563572287559509,0.1500613391399383,297.2123413085937,297.1499938964844,293.1499938964844,0.0,-0.0,286.9351501464844,0.6845932602882385,0.1392078846693039,0.0989555865526199,297.2660217285156,297.1499938964844,293.1499938964844,0.0,-0.0,286.93475341796875,0.6986055970191956,0.1475977897644043,0.1418244242668151,297.2132263183594,297.1499938964844,293.1499938964844,0.0,-0.0,286.9333190917969,0.7512685656547546,0.1850459277629852,0.8423621654510498,286.9320678710937,287.6499938964844,286.1072998046875,285.4372863769531,286.6981811523437,297.2423400878906,286.9229736328125,1.0,0.3298362493515014,1.0,1.0,0.1391423791646957,1.0,-1.6251775026321411,1.5388429164886477,0.0863345712423324,1.163201093673706,0.0,0.0,0.0,64.92940521240234,29.0,-321.3597412109375,-0.0,424.2401428222656,1.0,293.1499938964844,293.1499938964844,293.1499938964844,293.1499938964844,293.1499938964844,293.1499938964844,278.1499938964844,0.0,18000.0,313.1499938964844,0.0,18000.0,0.0,0.0,0.0,0.0,0.0,0.0,0.0,0.0,0.0,0.0,-0.0,-0.0,0.0,0.0,0.0,0.0,0.0,-0.0,0.0,0.0,0.0,0.0,0.0,0.0,0.0,0.0,0.0,4.0,0.0,0.0
11956080,297.162841796875,297.1499938964844,293.1499938964844,0.0,-0.0,286.935546875,0.672244131565094,0.131962776184082,0.12086021900177,297.2829895019531,297.1499938964844,293.1499938964844,0.0,-0.0,286.9343566894531,0.7125268578529358,0.1563572287559509,0.1500613391399383,297.2123413085937,297.1499938964844,293.1499938964844,0.0,-0.0,286.9351501464844,0.6845932602882385,0.1392078846693039,0.0989555865526199,297.2660217285156,297.1499938964844,293.1499938964844,0.0,-0.0,286.93475341796875,0.6986055970191956,0.1475977897644043,0.1418244242668151,297.2132263183594,297.1499938964844,293.1499938964844,0.0,-0.0,286.9333190917969,0.7512685656547546,0.1850459277629852,0.8423621654510498,286.9320678710937,287.6499938964844,286.1072998046875,285.4372863769531,286.6981811523437,297.2423400878906,286.9229736328125,1.0,0.3298362493515014,1.0,1.0,0.1391423791646957,1.0,-1.6251775026321411,1.5388429164886477,0.0863345712423324,1.163201093673706,0.0,0.0,0.0,64.92940521240234,29.0,-321.3597412109375,-0.0,424.2401428222656,1.0,293.1499938964844,293.1499938964844,293.1499938964844,293.1499938964844,293.1499938964844,293.1499938964844,278.1499938964844,0.0,18000.0,313.1499938964844,0.0,18000.0,0.0,0.0,0.0,0.0,0.0,0.0,0.0,0.0,0.0,0.0,-0.0,-0.0,0.0,0.0,0.0,0.0,0.0,-0.0,0.0,0.0,0.0,0.0,0.0,0.0,0.0,0.0,0.0,4.0,0.0,0.0
11956140,297.14874267578125,297.1499938964844,293.1499938964844,0.0,-0.0,286.8490905761719,0.6960002183914185,0.1306838095188141,0.1191638931632042,297.2631225585937,297.1499938964844,293.1499938964844,0.0,-0.0,286.8485107421875,0.7367013692855835,0.1560195088386535,0.1492193788290023,297.1970520019531,297.1499938964844,293.1499938964844,0.0,-0.0,286.848876953125,0.7098599672317505,0.1384374350309372,0.0980122610926628,297.2464599609375,297.1499938964844,293.1499938964844,0.0,-0.0,286.84869384765625,0.723624587059021,0.1470768898725509,0.140813261270523,297.1865234375,297.1499938964844,293.1499938964844,0.0,-0.0,286.8480529785156,0.7761547565460205,0.18312868475914,0.8310803771018982,286.84747314453125,287.75,286.14385986328125,285.46649169921875,286.73565673828125,297.2236328125,286.8433837890625,1.0,0.3170453608036041,1.0,1.0,0.1397670060396194,1.0,-1.6062345504760742,1.5203403234481812,0.0858942046761512,1.148609280586243,0.0,0.0,0.0,55.13277816772461,25.0,-158.39901733398438,-0.0,386.9008483886719,1.0,293.1499938964844,293.1499938964844,293.1499938964844,293.1499938964844,293.1499938964844,293.1499938964844,278.1499938964844,0.0,18000.0,313.1499938964844,0.0,18000.0,0.0,0.0,0.0,0.0,0.0,0.0,0.0,0.0,0.0,0.0,-0.0,-0.0,0.0,0.0,0.0,0.0,0.0,-0.0,0.0,0.0,0.0,0.0,0.0,0.0,0.0,0.0,0.0,4.0,0.0,0.0
11956200,297.14874267578125,297.1499938964844,293.1499938964844,0.0,-0.0,286.8490905761719,0.6960002183914185,0.1306838095188141,0.1191638931632042,297.2631225585937,297.1499938964844,293.1499938964844,0.0,-0.0,286.8485107421875,0.7367013692855835,0.1560195088386535,0.1492193788290023,297.1970520019531,297.1499938964844,293.1499938964844,0.0,-0.0,286.848876953125,0.7098599672317505,0.1384374350309372,0.0980122610926628,297.2464599609375,297.1499938964844,293.1499938964844,0.0,-0.0,286.84869384765625,0.723624587059021,0.1470768898725509,0.140813261270523,297.1865234375,297.1499938964844,293.1499938964844,0.0,-0.0,286.8480529785156,0.7761547565460205,0.18312868475914,0.8310803771018982,286.84747314453125,287.75,286.14385986328125,285.46649169921875,286.73565673828125,297.2236328125,286.8433837890625,1.0,0.3170453608036041,1.0,1.0,0.1397670060396194,1.0,-1.6062345504760742,1.5203403234481812,0.0858942046761512,1.148609280586243,0.0,0.0,0.0,55.13277816772461,25.0,-158.39901733398438,-0.0,386.9008483886719,1.0,293.1499938964844,293.1499938964844,293.1499938964844,293.1499938964844,293.1499938964844,293.1499938964844,278.1499938964844,0.0,18000.0,313.1499938964844,0.0,18000.0,0.0,0.0,0.0,0.0,0.0,0.0,0.0,0.0,0.0,0.0,-0.0,-0.0,0.0,0.0,0.0,0.0,0.0,-0.0,0.0,0.0,0.0,0.0,0.0,0.0,0.0,0.0,0.0,4.0,0.0,0.0
11956260,297.144775390625,297.1499938964844,293.1499938964844,0.0,-0.0,286.932373046875,0.7237601280212402,0.1302560120820999,0.1182547956705093,297.2525329589844,297.1499938964844,293.1499938964844,0.0,-0.0,286.9342346191406,0.7662245631217957,0.1563682556152343,0.149034783244133,297.1907958984375,297.1499938964844,293.1499938964844,0.0,-0.0,286.9330444335937,0.7371440529823303,0.1383903920650482,0.0975968539714813,297.2359619140625,297.1499938964844,293.1499938964844,0.0,-0.0,286.93365478515625,0.751455545425415,0.1472238600254058,0.1404436528682708,297.1716003417969,297.1499938964844,293.1499938964844,0.0,-0.0,286.9355773925781,0.8071773648262024,0.1820651143789291,0.8236789703369141,286.9374694824219,287.8500061035156,286.1795654296875,285.49444580078125,287.0845642089844,297.2150573730469,286.9510803222656,1.0,0.3065289258956909,1.0,1.0,0.1691535413265228,1.0,-1.5950877666473389,1.4632282257080078,0.1318595111370086,1.0939481258392334,0.0,0.0,0.0,46.67633056640625,25.0,99.4036865234375,-0.0,357.9280700683594,1.0,293.1499938964844,293.1499938964844,293.1499938964844,293.1499938964844,293.1499938964844,293.1499938964844,278.1499938964844,0.0,18000.0,313.1499938964844,0.0,18000.0,0.0,0.0,0.0,0.0,0.0,0.0,0.0,0.0,0.0,0.0,-0.0,-0.0,0.0,0.0,0.0,0.0,0.0,-0.0,0.0,0.0,0.0,0.0,0.0,0.0,0.0,0.0,0.0,4.0,0.0,0.0
11956320,297.144775390625,297.1499938964844,293.1499938964844,0.0,-0.0,286.932373046875,0.7237601280212402,0.1302560120820999,0.1182547956705093,297.2525329589844,297.1499938964844,293.1499938964844,0.0,-0.0,286.9342346191406,0.7662245631217957,0.1563682556152343,0.149034783244133,297.1907958984375,297.1499938964844,293.1499938964844,0.0,-0.0,286.9330444335937,0.7371440529823303,0.1383903920650482,0.0975968539714813,297.2359619140625,297.1499938964844,293.1499938964844,0.0,-0.0,286.93365478515625,0.751455545425415,0.1472238600254058,0.1404436528682708,297.1716003417969,297.1499938964844,293.1499938964844,0.0,-0.0,286.9355773925781,0.8071773648262024,0.1820651143789291,0.8236789703369141,286.9374694824219,287.8500061035156,286.1795654296875,285.49444580078125,287.0845642089844,297.2150573730469,286.9510803222656,1.0,0.3065289258956909,1.0,1.0,0.1691535413265228,1.0,-1.5950877666473389,1.4632282257080078,0.1318595111370086,1.0939481258392334,0.0,0.0,0.0,46.67633056640625,25.0,99.4036865234375,-0.0,357.9280700683594,1.0,293.1499938964844,293.1499938964844,293.1499938964844,293.1499938964844,293.1499938964844,293.1499938964844,278.1499938964844,0.0,18000.0,313.1499938964844,0.0,18000.0,0.0,0.0,0.0,0.0,0.0,0.0,0.0,0.0,0.0,0.0,-0.0,-0.0,0.0,0.0,0.0,0.0,0.0,-0.0,0.0,0.0,0.0,0.0,0.0,0.0,0.0,0.0,0.0,4.0,0.0,0.0
11956380,297.15069580078125,297.1499938964844,293.1499938964844,0.0,-0.0,287.1049499511719,0.7526736855506897,0.1307829022407531,0.1182906851172447,297.2516174316406,297.1499938964844,293.1499938964844,0.0,-0.0,287.1069641113281,0.8008020520210266,0.1575642675161361,0.1497204750776291,297.1934814453125,297.1499938964844,293.1499938964844,0.0,-0.0,287.10565185546875,0.7680070400238037,0.1391718983650207,0.0978198945522308,297.23486328125,297.1499938964844,293.1499938964844,0.0,-0.0,287.1063537597656,0.7843348979949951,0.1481921970844268,0.1409196257591247,297.16845703125,297.1499938964844,293.1499938964844,0.0,-0.0,287.1083068847656,0.8389022350311279,0.1820105463266372,0.8211631774902344,287.1103210449219,287.95001220703125,286.2144775390625,285.521240234375,287.3377685546875,297.2159423828125,287.12530517578125,1.0,0.2992119193077087,1.0,1.0,0.1985400766134262,1.0,-1.5937674045562744,1.4298276901245115,0.1639397293329239,1.0608956813812256,0.0,0.0,0.0,40.15143966674805,25.0,211.2918395996093,-0.0,339.4949035644531,1.0,293.1499938964844,293.1499938964844,293.1499938964844,293.1499938964844,293.1499938964844,293.1499938964844,278.1499938964844,0.0,18000.0,313.1499938964844,0.0,18000.0,0.0,0.0,0.0,0.0,0.0,0.0,0.0,0.0,0.0,0.0,-0.0,-0.0,0.0,0.0,0.0,0.0,0.0,-0.0,0.0,0.0,0.0,0.0,0.0,0.0,0.0,0.0,0.0,4.0,0.0,0.0
11956440,297.15069580078125,297.1499938964844,293.1499938964844,0.0,-0.0,287.1049499511719,0.7526736855506897,0.1307829022407531,0.1182906851172447,297.2516174316406,297.1499938964844,293.1499938964844,0.0,-0.0,287.1069641113281,0.8008020520210266,0.1575642675161361,0.1497204750776291,297.1934814453125,297.1499938964844,293.1499938964844,0.0,-0.0,287.10565185546875,0.7680070400238037,0.1391718983650207,0.0978198945522308,297.23486328125,297.1499938964844,293.1499938964844,0.0,-0.0,287.1063537597656,0.7843348979949951,0.1481921970844268,0.1409196257591247,297.16845703125,297.1499938964844,293.1499938964844,0.0,-0.0,287.1083068847656,0.8389022350311279,0.1820105463266372,0.8211631774902344,287.1103210449219,287.95001220703125,286.2144775390625,285.521240234375,287.3377685546875,297.2159423828125,287.12530517578125,1.0,0.2992119193077087,1.0,1.0,0.1985400766134262,1.0,-1.5937674045562744,1.4298276901245115,0.1639397293329239,1.0608956813812256,0.0,0.0,0.0,40.15143966674805,25.0,211.2918395996093,-0.0,339.4949035644531,1.0,293.1499938964844,293.1499938964844,293.1499938964844,293.1499938964844,293.1499938964844,293.1499938964844,278.1499938964844,0.0,18000.0,313.1499938964844,0.0,18000.0,0.0,0.0,0.0,0.0,0.0,0.0,0.0,0.0,0.0,0.0,-0.0,-0.0,0.0,0.0,0.0,0.0,0.0,-0.0,0.0,0.0,0.0,0.0,0.0,0.0,0.0,0.0,0.0,4.0,0.0,0.0
11956500,297.1559753417969,297.1499938964844,293.1499938964844,0.0,-0.0,287.20751953125,0.7692626118659973,0.1313049644231796,0.1185804530978202,297.2536926269531,297.1499938964844,293.1499938964844,0.0,-0.0,287.2098083496094,0.8189103007316589,0.1584106534719467,0.1503352373838424,297.197021484375,297.1499938964844,293.1499938964844,0.0,-0.0,287.2083435058594,0.7856113314628601,0.1397949755191803,0.0981221944093704,297.2367858886719,297.1499938964844,293.1499938964844,0.0,-0.0,287.2091064453125,0.802644670009613,0.1489184945821762,0.1414229422807693,297.1699523925781,297.1499938964844,293.1499938964844,0.0,-0.0,287.2113342285156,0.8562829494476318,0.1822734922170639,0.8214043378829956,287.213623046875,287.95001220703125,286.2316589355469,285.53424072265625,287.4788818359375,297.2182006835937,287.23065185546875,1.0,0.2965101897716522,1.0,1.0,0.2132333368062973,1.0,-1.596108078956604,1.4136247634887695,0.182483285665512,1.0442572832107544,0.0,0.0,0.0,37.45840072631836,25.0,254.78250122070312,-0.0,333.3262634277344,1.0,293.1499938964844,293.1499938964844,293.1499938964844,293.1499938964844,293.1499938964844,293.1499938964844,278.1499938964844,0.0,18000.0,313.1499938964844,0.0,18000.0,0.0,0.0,0.0,0.0,0.0,0.0,0.0,0.0,0.0,0.0,-0.0,-0.0,0.0,0.0,0.0,0.0,0.0,-0.0,0.0,0.0,0.0,0.0,0.0,0.0,0.0,0.0,0.0,4.0,0.0,0.0
11956560,297.1625061035156,297.1499938964844,293.1499938964844,0.0,-0.0,287.3212280273437,0.7876126766204834,0.1319832503795623,0.1190254166722297,297.25714111328125,297.1499938964844,293.1499938964844,0.0,-0.0,287.3236999511719,0.837164044380188,0.1594058275222778,0.1511061042547226,297.2017517089844,297.1499938964844,293.1499938964844,0.0,-0.0,287.3221130371094,0.8046380877494812,0.1405559033155441,0.0985321551561355,297.24005126953125,297.1499938964844,293.1499938964844,0.0,-0.0,287.32293701171875,0.8212577104568481,0.1497897356748581,0.142078697681427,297.173095703125,297.1499938964844,293.1499938964844,0.0,-0.0,287.32525634765625,0.8755883574485779,0.1827074885368347,0.8224940896034241,287.3277282714844,288.04998779296875,286.24871826171875,285.5469970703125,287.61431884765625,297.2215881347656,287.3455810546875,1.0,0.2943545877933502,1.0,1.0,0.2260332405567169,1.0,-1.6001536846160889,1.399827241897583,0.2003263682126999,1.0296659469604492,0.0,0.0,0.0,35.05975341796875,25.0,287.4981994628906,-0.0,328.7888488769531,1.0,293.1499938964844,293.1499938964844,293.1499938964844,293.1499938964844,293.1499938964844,293.1499938964844,278.1499938964844,0.0,18000.0,313.1499938964844,0.0,18000.0,0.0,0.0,0.0,0.0,0.0,0.0,0.0,0.0,0.0,0.0,-0.0,-0.0,0.0,0.0,0.0,0.0,0.0,-0.0,0.0,0.0,0.0,0.0,0.0,0.0,0.0,0.0,0.0,4.0,0.0,0.0
11956620,297.1781921386719,297.1499938964844,293.1499938964844,0.0,-0.0,287.5668334960937,0.827747642993927,0.1337274760007858,0.1203144639730453,297.26727294921875,297.1499938964844,293.1499938964844,0.0,-0.0,287.56964111328125,0.8801085948944092,0.1617872714996338,0.1530626118183136,297.2138977050781,297.1499938964844,293.1499938964844,0.0,-0.0,287.5678405761719,0.8441721200942993,0.142438068985939,0.0996364429593086,297.2497863769531,297.1499938964844,293.1499938964844,0.0,-0.0,287.5687866210937,0.8618344068527222,0.1519133001565933,0.1437951028347015,297.1831970214844,297.1499938964844,293.1499938964844,0.0,-0.0,287.5712890625,0.9217002987861632,0.184018462896347,0.8268980979919434,287.5740661621094,288.1499938964844,286.2823791503906,285.57183837890625,287.9025573730469,297.23150634765625,287.5942077636719,1.0,0.2914670407772064,1.0,1.0,0.2516330480575561,1.0,-1.6127207279205322,1.372789740562439,0.239930972456932,1.0001201629638672,0.0,0.0,0.0,30.99433898925781,25.0,336.8671264648437,-0.0,323.85992431640625,1.0,293.1499938964844,293.1499938964844,293.1499938964844,293.1499938964844,293.1499938964844,293.1499938964844,278.1499938964844,0.0,18000.0,313.1499938964844,0.0,18000.0,0.0,0.0,0.0,0.0,0.0,0.0,0.0,0.0,0.0,0.0,-0.0,-0.0,0.0,0.0,0.0,0.0,0.0,-0.0,0.0,0.0,0.0,0.0,0.0,0.0,0.0,0.0,0.0,4.0,0.0,0.0
11956680,297.1781921386719,297.1499938964844,293.1499938964844,0.0,-0.0,287.5668334960937,0.827747642993927,0.1337274760007858,0.1203144639730453,297.26727294921875,297.1499938964844,293.1499938964844,0.0,-0.0,287.56964111328125,0.8801085948944092,0.1617872714996338,0.1530626118183136,297.2138977050781,297.1499938964844,293.1499938964844,0.0,-0.0,287.5678405761719,0.8441721200942993,0.142438068985939,0.0996364429593086,297.2497863769531,297.1499938964844,293.1499938964844,0.0,-0.0,287.5687866210937,0.8618344068527222,0.1519133001565933,0.1437951028347015,297.1831970214844,297.1499938964844,293.1499938964844,0.0,-0.0,287.5712890625,0.9217002987861632,0.184018462896347,0.8268980979919434,287.5740661621094,288.1499938964844,286.2823791503906,285.57183837890625,287.9025573730469,297.23150634765625,287.5942077636719,1.0,0.2914670407772064,1.0,1.0,0.2516330480575561,1.0,-1.6127207279205322,1.372789740562439,0.239930972456932,1.0001201629638672,0.0,0.0,0.0,30.99433898925781,25.0,336.8671264648437,-0.0,323.85992431640625,1.0,293.1499938964844,293.1499938964844,293.1499938964844,293.1499938964844,293.1499938964844,293.1499938964844,278.1499938964844,0.0,18000.0,313.1499938964844,0.0,18000.0,0.0,0.0,0.0,0.0,0.0,0.0,0.0,0.0,0.0,0.0,-0.0,-0.0,0.0,0.0,0.0,0.0,0.0,-0.0,0.0,0.0,0.0,0.0,0.0,0.0,0.0,0.0,0.0,4.0,0.0,0.0
11956740,297.19635009765625,297.1499938964844,293.1499938964844,0.0,-0.0,287.8446350097656,0.875580906867981,0.135923147201538,0.1220476180315017,297.28082275390625,297.1499938964844,293.1499938964844,0.0,-0.0,287.8477478027344,0.938068151473999,0.1646411418914795,0.1555027365684509,297.22882080078125,297.1499938964844,293.1499938964844,0.0,-0.0,287.8457336425781,0.8945459723472595,0.1447576731443405,0.1010723635554313,297.2628479003906,297.1499938964844,293.1499938964844,0.0,-0.0,287.8468017578125,0.9153884053230286,0.1544959992170334,0.1459827870130539,297.1972045898437,297.1499938964844,293.1499938964844,0.0,-0.0,287.8494873046875,0.9789177179336548,0.1858556419610977,0.8338549137115479,287.8525695800781,288.25,286.31561279296875,285.5959167480469,288.21734619140625,297.2445678710937,287.8748474121094,1.0,0.290179044008255,1.0,1.0,0.277232825756073,1.0,-1.6304309368133545,1.3453418016433716,0.2850891351699829,0.9690936803817748,0.0,0.0,0.0,27.69489097595215,25.0,381.3975830078125,-0.0,323.5259704589844,1.0,293.1499938964844,293.1499938964844,293.1499938964844,293.1499938964844,293.1499938964844,293.1499938964844,278.1499938964844,0.0,18000.0,313.1499938964844,0.0,18000.0,0.0,0.0,0.0,0.0,0.0,0.0,0.0,0.0,0.0,0.0,-0.0,-0.0,0.0,0.0,0.0,0.0,0.0,-0.0,0.0,0.0,0.0,0.0,0.0,0.0,0.0,0.0,0.0,4.0,0.0,0.0
11956800,297.19635009765625,297.1499938964844,293.1499938964844,0.0,-0.0,287.8446350097656,0.875580906867981,0.135923147201538,0.1220476180315017,297.28082275390625,297.1499938964844,293.1499938964844,0.0,-0.0,287.8477478027344,0.938068151473999,0.1646411418914795,0.1555027365684509,297.22882080078125,297.1499938964844,293.1499938964844,0.0,-0.0,287.8457336425781,0.8945459723472595,0.1447576731443405,0.1010723635554313,297.2628479003906,297.1499938964844,293.1499938964844,0.0,-0.0,287.8468017578125,0.9153884053230286,0.1544959992170334,0.1459827870130539,297.1972045898437,297.1499938964844,293.1499938964844,0.0,-0.0,287.8494873046875,0.9789177179336548,0.1858556419610977,0.8338549137115479,287.8525695800781,288.25,286.31561279296875,285.5959167480469,288.21734619140625,297.2445678710937,287.8748474121094,1.0,0.290179044008255,1.0,1.0,0.277232825756073,1.0,-1.6304309368133545,1.3453418016433716,0.2850891351699829,0.9690936803817748,0.0,0.0,0.0,27.69489097595215,25.0,381.3975830078125,-0.0,323.5259704589844,1.0,293.1499938964844,293.1499938964844,293.1499938964844,293.1499938964844,293.1499938964844,293.1499938964844,278.1499938964844,0.0,18000.0,313.1499938964844,0.0,18000.0,0.0,0.0,0.0,0.0,0.0,0.0,0.0,0.0,0.0,0.0,-0.0,-0.0,0.0,0.0,0.0,0.0,0.0,-0.0,0.0,0.0,0.0,0.0,0.0,0.0,0.0,0.0,0.0,4.0,0.0,0.0
11956860,297.2154541015625,297.1499938964844,293.1499938964844,0.0,-0.0,288.1054382324219,0.894582986831665,0.1384465098381042,0.1242261976003646,297.2962951660156,297.1499938964844,293.1499938964844,0.0,-0.0,288.1078186035156,0.9604167342185974,0.1678676158189773,0.158443346619606,297.2452087402344,297.1499938964844,293.1499938964844,0.0,-0.0,288.10626220703125,0.9146957993507384,0.147417202591896,0.1028557866811752,297.2777709960937,297.1499938964844,293.1499938964844,0.0,-0.0,288.1070861816406,0.9381243586540222,0.1574384570121765,0.1486584991216659,297.2157897949219,297.1499938964844,293.1499938964844,0.0,-0.0,288.1088562011719,0.9887579083442688,0.1883294284343719,0.8254290819168091,288.111328125,288.3500061035156,286.3484802246094,285.6192932128906,288.4181213378906,297.259765625,288.1282043457031,1.0,0.2894018888473511,1.0,1.0,0.2913890182971954,1.0,-1.6317936182022097,1.3216172456741333,0.3101763725280761,0.9453174471855164,0.0,0.0,0.0,26.88196182250977,28.0,348.724365234375,-0.0,321.9163513183594,1.0,293.1499938964844,293.1499938964844,293.1499938964844,293.1499938964844,293.1499938964844,293.1499938964844,278.1499938964844,0.0,18000.0,313.1499938964844,0.0,18000.0,0.0,0.0,0.0,0.0,0.0,0.0,0.0,0.0,0.0,0.0,-0.0,-0.0,0.0,0.0,0.0,0.0,0.0,-0.0,0.0,0.0,0.0,0.0,0.0,0.0,0.0,0.0,0.0,4.0,0.0,0.0
11956920,297.2154541015625,297.1499938964844,293.1499938964844,0.0,-0.0,288.1054382324219,0.894582986831665,0.1384465098381042,0.1242261976003646,297.2962951660156,297.1499938964844,293.1499938964844,0.0,-0.0,288.1078186035156,0.9604167342185974,0.1678676158189773,0.158443346619606,297.2452087402344,297.1499938964844,293.1499938964844,0.0,-0.0,288.10626220703125,0.9146957993507384,0.147417202591896,0.1028557866811752,297.2777709960937,297.1499938964844,293.1499938964844,0.0,-0.0,288.1070861816406,0.9381243586540222,0.1574384570121765,0.1486584991216659,297.2157897949219,297.1499938964844,293.1499938964844,0.0,-0.0,288.1088562011719,0.9887579083442688,0.1883294284343719,0.8254290819168091,288.111328125,288.3500061035156,286.3484802246094,285.6192932128906,288.4181213378906,297.259765625,288.1282043457031,1.0,0.2894018888473511,1.0,1.0,0.2913890182971954,1.0,-1.6317936182022097,1.3216172456741333,0.3101763725280761,0.9453174471855164,0.0,0.0,0.0,26.88196182250977,28.0,348.724365234375,-0.0,321.9163513183594,1.0,293.1499938964844,293.1499938964844,293.1499938964844,293.1499938964844,293.1499938964844,293.1499938964844,278.1499938964844,0.0,18000.0,313.1499938964844,0.0,18000.0,0.0,0.0,0.0,0.0,0.0,0.0,0.0,0.0,0.0,0.0,-0.0,-0.0,0.0,0.0,0.0,0.0,0.0,-0.0,0.0,0.0,0.0,0.0,0.0,0.0,0.0,0.0,0.0,4.0,0.0,0.0
11956980,297.2333374023437,297.1499938964844,293.1499938964844,0.0,-0.0,288.3241271972656,0.8965479731559753,0.1410907655954361,0.1265830993652343,297.31231689453125,297.1499938964844,293.1499938964844,0.0,-0.0,288.3263854980469,0.9630014300346376,0.1713429242372512,0.16167514026165,297.26153564453125,297.1499938964844,293.1499938964844,0.0,-0.0,288.3249206542969,0.9169813394546508,0.1502763330936432,0.1048232689499855,297.2931823730469,297.1499938964844,293.1499938964844,0.0,-0.0,288.32568359375,0.9407430291175842,0.1606163829565048,0.1516137272119522,297.2410583496094,297.1499938964844,293.1499938964844,0.0,-0.0,288.3270263671875,0.9819265604019164,0.1917190104722976,0.8153839111328125,288.3295288085937,288.45001220703125,286.3811340332031,285.6421203613281,288.6136169433594,297.27496337890625,288.345703125,1.0,0.2898498475551605,1.0,1.0,0.3055451810359955,1.0,-1.6323832273483276,1.2971631288528442,0.335220068693161,0.9206984639167786,0.0,0.0,0.0,27.10574150085449,31.0,315.4452514648437,-0.0,322.78875732421875,1.0,293.1499938964844,293.1499938964844,293.1499938964844,293.1499938964844,293.1499938964844,293.1499938964844,278.1499938964844,0.0,18000.0,313.1499938964844,0.0,18000.0,0.0,0.0,0.0,0.0,0.0,0.0,0.0,0.0,0.0,0.0,-0.0,-0.0,0.0,0.0,0.0,0.0,0.0,-0.0,0.0,0.0,0.0,0.0,0.0,0.0,0.0,0.0,0.0,4.0,0.0,0.0
11957040,297.2333374023437,297.1499938964844,293.1499938964844,0.0,-0.0,288.3241271972656,0.8965479731559753,0.1410907655954361,0.1265830993652343,297.31231689453125,297.1499938964844,293.1499938964844,0.0,-0.0,288.3263854980469,0.9630014300346376,0.1713429242372512,0.16167514026165,297.26153564453125,297.1499938964844,293.1499938964844,0.0,-0.0,288.3249206542969,0.9169813394546508,0.1502763330936432,0.1048232689499855,297.2931823730469,297.1499938964844,293.1499938964844,0.0,-0.0,288.32568359375,0.9407430291175842,0.1606163829565048,0.1516137272119522,297.2410583496094,297.1499938964844,293.1499938964844,0.0,-0.0,288.3270263671875,0.9819265604019164,0.1917190104722976,0.8153839111328125,288.3295288085937,288.45001220703125,286.3811340332031,285.6421203613281,288.6136169433594,297.27496337890625,288.345703125,1.0,0.2898498475551605,1.0,1.0,0.3055451810359955,1.0,-1.6323832273483276,1.2971631288528442,0.335220068693161,0.9206984639167786,0.0,0.0,0.0,27.10574150085449,31.0,315.4452514648437,-0.0,322.78875732421875,1.0,293.1499938964844,293.1499938964844,293.1499938964844,293.1499938964844,293.1499938964844,293.1499938964844,278.1499938964844,0.0,18000.0,313.1499938964844,0.0,18000.0,0.0,0.0,0.0,0.0,0.0,0.0,0.0,0.0,0.0,0.0,-0.0,-0.0,0.0,0.0,0.0,0.0,0.0,-0.0,0.0,0.0,0.0,0.0,0.0,0.0,0.0,0.0,0.0,4.0,0.0,0.0
11957100,297.24188232421875,297.1499938964844,293.1499938964844,0.0,-0.0,288.4311218261719,0.8971470594406128,0.142455443739891,0.1277996003627777,297.3204650878906,297.1499938964844,293.1499938964844,0.0,-0.0,288.433349609375,0.9639424681663512,0.1731708347797393,0.163378819823265,297.26959228515625,297.1499938964844,293.1499938964844,0.0,-0.0,288.431884765625,0.9177536368370056,0.1517740935087204,0.1058570817112922,297.30096435546875,297.1499938964844,293.1499938964844,0.0,-0.0,288.4326477050781,0.9416798949241638,0.1622884422540664,0.1531729698181152,297.2548828125,297.1499938964844,293.1499938964844,0.0,-0.0,288.433837890625,0.9786809086799622,0.1936521232128143,0.8125011324882507,288.4363708496094,288.45001220703125,286.3973693847656,285.6533508300781,288.71453857421875,297.2832336425781,288.4524230957031,1.0,0.2905476987361908,1.0,1.0,0.3126232922077179,1.0,-1.6355390548706057,1.2866960763931274,0.3488428592681885,0.9095651507377625,0.0,0.0,0.0,27.30398941040039,31.0,306.8122253417969,-0.0,324.9056091308594,1.0,293.1499938964844,293.1499938964844,293.1499938964844,293.1499938964844,293.1499938964844,293.1499938964844,278.1499938964844,0.0,18000.0,313.1499938964844,0.0,18000.0,0.0,0.0,0.0,0.0,0.0,0.0,0.0,0.0,0.0,0.0,-0.0,-0.0,0.0,0.0,0.0,0.0,0.0,-0.0,0.0,0.0,0.0,0.0,0.0,0.0,0.0,0.0,0.0,4.0,0.0,0.0
11957160,297.2501220703125,297.1499938964844,293.1499938964844,0.0,-0.0,288.52801513671875,0.8976048231124878,0.1438478976488113,0.1290432810783386,297.32861328125,297.1499938964844,293.1499938964844,0.0,-0.0,288.5296936035156,0.964759886264801,0.1750494390726089,0.1651361882686615,297.2774658203125,297.1499938964844,293.1499938964844,0.0,-0.0,288.5285949707031,0.918385922908783,0.1533068418502807,0.106919951736927,297.3087158203125,297.1499938964844,293.1499938964844,0.0,-0.0,288.5291748046875,0.9424837231636048,0.1640062779188156,0.1547811627388,297.2689208984375,297.1499938964844,293.1499938964844,0.0,-0.0,288.52996826171875,0.9756267070770264,0.1956964880228042,0.8108590245246887,288.5318603515625,288.54998779296875,286.41363525390625,285.6644897460937,288.74810791015625,297.2919006347656,288.5428161621094,1.0,0.2915420830249786,1.0,1.0,0.3131157159805298,1.0,-1.6403753757476809,1.288455367088318,0.3519200086593628,0.910271167755127,0.0,0.0,0.0,27.55269432067871,34.0,269.98681640625,-0.0,328.03765869140625,1.0,293.1499938964844,293.1499938964844,293.1499938964844,293.1499938964844,293.1499938964844,293.1499938964844,278.1499938964844,0.0,18000.0,313.1499938964844,0.0,18000.0,0.0,0.0,0.0,0.0,0.0,0.0,0.0,0.0,0.0,0.0,-0.0,-0.0,0.0,0.0,0.0,0.0,0.0,-0.0,0.0,0.0,0.0,0.0,0.0,0.0,0.0,0.0,0.0,4.0,0.0,0.0
11957220,297.2645568847656,297.1499938964844,293.1499938964844,0.0,-0.0,288.6461181640625,0.89823317527771,0.1465835869312286,0.1315312087535858,297.3432312011719,297.1499938964844,293.1499938964844,0.0,-0.0,288.64715576171875,0.96615332365036,0.178798109292984,0.1686994284391403,297.2911682128906,297.1499938964844,293.1499938964844,0.0,-0.0,288.646484375,0.9193199276924132,0.1563131511211395,0.1090467944741249,297.3226013183594,297.1499938964844,293.1499938964844,0.0,-0.0,288.6468505859375,0.9438256025314332,0.1674263924360275,0.1580367982387542,297.295166015625,297.1499938964844,293.1499938964844,0.0,-0.0,288.647216796875,0.970725417137146,0.1998651474714279,0.8117986917495728,288.6484680175781,288.6499938964844,286.44610595703125,285.68658447265625,288.7967834472656,297.3087158203125,288.6558532714844,1.0,0.2943901121616363,1.0,1.0,0.3141005933284759,1.0,-1.6552269458770752,1.2971233129501345,0.3581035435199737,0.9157437682151794,0.0,0.0,0.0,28.17804908752441,37.0,183.72802734375,-0.0,337.3779602050781,1.0,293.1499938964844,293.1499938964844,293.1499938964844,293.1499938964844,293.1499938964844,293.1499938964844,278.1499938964844,0.0,18000.0,313.1499938964844,0.0,18000.0,0.0,0.0,0.0,0.0,0.0,0.0,0.0,0.0,0.0,0.0,-0.0,-0.0,0.0,0.0,0.0,0.0,0.0,-0.0,0.0,0.0,0.0,0.0,0.0,0.0,0.0,0.0,0.0,4.0,0.0,0.0
11957280,297.2645568847656,297.1499938964844,293.1499938964844,0.0,-0.0,288.6461181640625,0.89823317527771,0.1465835869312286,0.1315312087535858,297.3432312011719,297.1499938964844,293.1499938964844,0.0,-0.0,288.64715576171875,0.96615332365036,0.178798109292984,0.1686994284391403,297.2911682128906,297.1499938964844,293.1499938964844,0.0,-0.0,288.646484375,0.9193199276924132,0.1563131511211395,0.1090467944741249,297.3226013183594,297.1499938964844,293.1499938964844,0.0,-0.0,288.6468505859375,0.9438256025314332,0.1674263924360275,0.1580367982387542,297.295166015625,297.1499938964844,293.1499938964844,0.0,-0.0,288.647216796875,0.970725417137146,0.1998651474714279,0.8117986917495728,288.6484680175781,288.6499938964844,286.44610595703125,285.68658447265625,288.7967834472656,297.3087158203125,288.6558532714844,1.0,0.2943901121616363,1.0,1.0,0.3141005933284759,1.0,-1.6552269458770752,1.2971233129501345,0.3581035435199737,0.9157437682151794,0.0,0.0,0.0,28.17804908752441,37.0,183.72802734375,-0.0,337.3779602050781,1.0,293.1499938964844,293.1499938964844,293.1499938964844,293.1499938964844,293.1499938964844,293.1499938964844,278.1499938964844,0.0,18000.0,313.1499938964844,0.0,18000.0,0.0,0.0,0.0,0.0,0.0,0.0,0.0,0.0,0.0,0.0,-0.0,-0.0,0.0,0.0,0.0,0.0,0.0,-0.0,0.0,0.0,0.0,0.0,0.0,0.0,0.0,0.0,0.0,4.0,0.0,0.0
11957340,297.27606201171875,297.1499938964844,293.1499938964844,0.0,-0.0,288.73516845703125,0.8986988663673401,0.149202823638916,0.1339194774627685,297.3550720214844,297.1499938964844,293.1499938964844,0.0,-0.0,288.7359924316406,0.9674293398857116,0.1824466288089752,0.1721842139959335,297.3016662597656,297.1499938964844,293.1499938964844,0.0,-0.0,288.7354736328125,0.920011043548584,0.1591690778732299,0.1110753417015075,297.3337097167969,297.1499938964844,293.1499938964844,0.0,-0.0,288.7357482910156,0.9450297355651855,0.1707407236099243,0.1612079441547393,297.31671142578125,297.1499938964844,293.1499938964844,0.0,-0.0,288.73602294921875,0.9681962728500366,0.2038951218128204,0.8187268376350403,288.73699951171875,288.75,286.4786682128906,285.7084350585937,288.84881591796875,297.3246765136719,288.7429504394531,1.0,0.2983262240886688,1.0,1.0,0.3150854706764221,1.0,-1.6768351793289185,1.3104779720306396,0.366357147693634,0.9244786500930786,0.0,0.0,0.0,28.946752548217773,55.0,135.3343048095703,-0.0,350.8452453613281,1.0,293.1499938964844,293.1499938964844,293.1499938964844,293.1499938964844,293.1499938964844,293.1499938964844,278.1499938964844,0.0,18000.0,313.1499938964844,0.0,18000.0,0.0,0.0,0.0,0.0,0.0,0.0,0.0,0.0,0.0,0.0,-0.0,-0.0,0.0,0.0,0.0,0.0,0.0,-0.0,0.0,0.0,0.0,0.0,0.0,0.0,0.0,0.0,0.0,4.0,0.0,0.0
11957400,297.27606201171875,297.1499938964844,293.1499938964844,0.0,-0.0,288.73516845703125,0.8986988663673401,0.149202823638916,0.1339194774627685,297.3550720214844,297.1499938964844,293.1499938964844,0.0,-0.0,288.7359924316406,0.9674293398857116,0.1824466288089752,0.1721842139959335,297.3016662597656,297.1499938964844,293.1499938964844,0.0,-0.0,288.7354736328125,0.920011043548584,0.1591690778732299,0.1110753417015075,297.3337097167969,297.1499938964844,293.1499938964844,0.0,-0.0,288.7357482910156,0.9450297355651855,0.1707407236099243,0.1612079441547393,297.31671142578125,297.1499938964844,293.1499938964844,0.0,-0.0,288.73602294921875,0.9681962728500366,0.2038951218128204,0.8187268376350403,288.73699951171875,288.75,286.4786682128906,285.7084350585937,288.84881591796875,297.3246765136719,288.7429504394531,1.0,0.2983262240886688,1.0,1.0,0.3150854706764221,1.0,-1.6768351793289185,1.3104779720306396,0.366357147693634,0.9244786500930786,0.0,0.0,0.0,28.946752548217773,55.0,135.3343048095703,-0.0,350.8452453613281,1.0,293.1499938964844,293.1499938964844,293.1499938964844,293.1499938964844,293.1499938964844,293.1499938964844,278.1499938964844,0.0,18000.0,313.1499938964844,0.0,18000.0,0.0,0.0,0.0,0.0,0.0,0.0,0.0,0.0,0.0,0.0,-0.0,-0.0,0.0,0.0,0.0,0.0,0.0,-0.0,0.0,0.0,0.0,0.0,0.0,0.0,0.0,0.0,0.0,4.0,0.0,0.0
11957460,297.2856140136719,297.1499938964844,293.1499938964844,0.0,-0.0,288.8097839355469,0.8980545997619629,0.1517676264047622,0.136244848370552,297.36474609375,297.1499938964844,293.1499938964844,0.0,-0.0,288.8105163574219,0.9675297141075134,0.1860294193029403,0.1755948066711425,297.3102722167969,297.1499938964844,293.1499938964844,0.0,-0.0,288.8100280761719,0.9193877577781676,0.1619638055562973,0.1130416244268417,297.3428039550781,297.1499938964844,293.1499938964844,0.0,-0.0,288.810302734375,0.9449299573898317,0.1739910840988159,0.1643036156892776,297.3287048339844,297.1499938964844,293.1499938964844,0.0,-0.0,288.8106384277344,0.9785057306289672,0.2072396129369735,0.8631355166435242,288.8114929199219,288.8500061035156,286.51141357421875,285.730224609375,288.9072570800781,297.335693359375,288.81707763671875,1.0,0.3102123141288757,1.0,1.0,0.3148026764392853,1.0,-1.7430707216262815,1.357257604598999,0.3858131468296051,0.956825077533722,0.0,0.0,0.0,30.74007034301757,58.0,111.54470825195312,-0.0,392.5090026855469,1.0,293.1499938964844,293.1499938964844,293.1499938964844,293.1499938964844,293.1499938964844,293.1499938964844,278.1499938964844,0.0,18000.0,313.1499938964844,0.0,18000.0,0.0,0.0,0.0,0.0,0.0,0.0,0.0,0.0,0.0,0.0,-0.0,-0.0,0.0,0.0,0.0,0.0,0.0,-0.0,0.0,0.0,0.0,0.0,0.0,0.0,0.0,0.0,0.0,4.0,0.0,0.0
11957520,297.2856140136719,297.1499938964844,293.1499938964844,0.0,-0.0,288.8097839355469,0.8980545997619629,0.1517676264047622,0.136244848370552,297.36474609375,297.1499938964844,293.1499938964844,0.0,-0.0,288.8105163574219,0.9675297141075134,0.1860294193029403,0.1755948066711425,297.3102722167969,297.1499938964844,293.1499938964844,0.0,-0.0,288.8100280761719,0.9193877577781676,0.1619638055562973,0.1130416244268417,297.3428039550781,297.1499938964844,293.1499938964844,0.0,-0.0,288.810302734375,0.9449299573898317,0.1739910840988159,0.1643036156892776,297.3287048339844,297.1499938964844,293.1499938964844,0.0,-0.0,288.8106384277344,0.9785057306289672,0.2072396129369735,0.8631355166435242,288.8114929199219,288.8500061035156,286.51141357421875,285.730224609375,288.9072570800781,297.335693359375,288.81707763671875,1.0,0.3102123141288757,1.0,1.0,0.3148026764392853,1.0,-1.7430707216262815,1.357257604598999,0.3858131468296051,0.956825077533722,0.0,0.0,0.0,30.74007034301757,58.0,111.54470825195312,-0.0,392.5090026855469,1.0,293.1499938964844,293.1499938964844,293.1499938964844,293.1499938964844,293.1499938964844,293.1499938964844,278.1499938964844,0.0,18000.0,313.1499938964844,0.0,18000.0,0.0,0.0,0.0,0.0,0.0,0.0,0.0,0.0,0.0,0.0,-0.0,-0.0,0.0,0.0,0.0,0.0,0.0,-0.0,0.0,0.0,0.0,0.0,0.0,0.0,0.0,0.0,0.0,4.0,0.0,0.0
11957580,297.2923889160156,297.1499938964844,293.1499938964844,0.0,-0.0,288.8827209472656,0.8985947966575623,0.1541761457920074,0.13845856487751,297.3717041015625,297.1499938964844,293.1499938964844,0.0,-0.0,288.8834228515625,0.9688714146614076,0.189456820487976,0.1788860261440277,297.31695556640625,297.1499938964844,293.1499938964844,0.0,-0.0,288.8829650878906,0.920251727104187,0.1646729558706283,0.1149565801024437,297.3494873046875,297.1499938964844,293.1499938964844,0.0,-0.0,288.8832092285156,0.9462456703186036,0.1771148592233657,0.167300134897232,297.32403564453125,297.1499938964844,293.1499938964844,0.0,-0.0,288.8836364746094,0.9907385110855104,0.2090429663658142,0.9149152040481568,288.88433837890625,288.95001220703125,286.5444641113281,285.7520446777344,288.9676208496094,297.3363342285156,288.8892822265625,1.0,0.3225420117378235,1.0,1.0,0.3145199120044708,1.0,-1.8177664279937744,1.409673810005188,0.4080926477909088,0.9934542179107666,0.0,0.0,0.0,32.71524429321289,61.0,101.17096710205078,-0.0,442.9620971679688,1.0,293.1499938964844,293.1499938964844,293.1499938964844,293.1499938964844,293.1499938964844,293.1499938964844,278.1499938964844,0.0,18000.0,313.1499938964844,0.0,18000.0,0.0,0.0,0.0,0.0,0.0,0.0,0.0,0.0,0.0,0.0,-0.0,-0.0,0.0,0.0,0.0,0.0,0.0,-0.0,0.0,0.0,0.0,0.0,0.0,0.0,0.0,0.0,0.0,4.0,0.0,0.0
11957640,297.2923889160156,297.1499938964844,293.1499938964844,0.0,-0.0,288.8827209472656,0.8985947966575623,0.1541761457920074,0.13845856487751,297.3717041015625,297.1499938964844,293.1499938964844,0.0,-0.0,288.8834228515625,0.9688714146614076,0.189456820487976,0.1788860261440277,297.31695556640625,297.1499938964844,293.1499938964844,0.0,-0.0,288.8829650878906,0.920251727104187,0.1646729558706283,0.1149565801024437,297.3494873046875,297.1499938964844,293.1499938964844,0.0,-0.0,288.8832092285156,0.9462456703186036,0.1771148592233657,0.167300134897232,297.32403564453125,297.1499938964844,293.1499938964844,0.0,-0.0,288.8836364746094,0.9907385110855104,0.2090429663658142,0.9149152040481568,288.88433837890625,288.95001220703125,286.5444641113281,285.7520446777344,288.9676208496094,297.3363342285156,288.8892822265625,1.0,0.3225420117378235,1.0,1.0,0.3145199120044708,1.0,-1.8177664279937744,1.409673810005188,0.4080926477909088,0.9934542179107666,0.0,0.0,0.0,32.71524429321289,61.0,101.17096710205078,-0.0,442.9620971679688,1.0,293.1499938964844,293.1499938964844,293.1499938964844,293.1499938964844,293.1499938964844,293.1499938964844,278.1499938964844,0.0,18000.0,313.1499938964844,0.0,18000.0,0.0,0.0,0.0,0.0,0.0,0.0,0.0,0.0,0.0,0.0,-0.0,-0.0,0.0,0.0,0.0,0.0,0.0,-0.0,0.0,0.0,0.0,0.0,0.0,0.0,0.0,0.0,0.0,4.0,0.0,0.0
11957700,297.2948303222656,297.1499938964844,293.1499938964844,0.0,-0.0,288.91668701171875,0.8974884152412415,0.1553183048963546,0.1395097374916076,297.3741149902344,297.1499938964844,293.1499938964844,0.0,-0.0,288.9173583984375,0.9681246280670166,0.1910969763994217,0.1804680526256561,297.3197326660156,297.1499938964844,293.1499938964844,0.0,-0.0,288.9169006347656,0.919183075428009,0.1660030782222747,0.1158962324261665,297.3519592285156,297.1499938964844,293.1499938964844,0.0,-0.0,288.9171447753906,0.945350170135498,0.1786194443702697,0.1687492728233337,297.3169250488281,297.1499938964844,293.1499938964844,0.0,-0.0,288.9176330566406,0.9951062202453612,0.2094489336013794,0.9411497116088868,288.91827392578125,288.95001220703125,286.5611267089844,285.76300048828125,288.9968566894531,297.33502197265625,288.9229736328125,1.0,0.3288638591766357,1.0,1.0,0.3143785297870636,1.0,-1.8548696041107176,1.435611605644226,0.4192579984664917,1.0115183591842651,0.0,0.0,0.0,33.81843185424805,61.0,96.99972534179688,-0.0,469.9870300292969,1.0,293.1499938964844,293.1499938964844,293.1499938964844,293.1499938964844,293.1499938964844,293.1499938964844,278.1499938964844,0.0,18000.0,313.1499938964844,0.0,18000.0,0.0,0.0,0.0,0.0,0.0,0.0,0.0,0.0,0.0,0.0,-0.0,-0.0,0.0,0.0,0.0,0.0,0.0,-0.0,0.0,0.0,0.0,0.0,0.0,0.0,0.0,0.0,0.0,4.0,0.0,0.0
11957760,297.2962951660156,297.1499938964844,293.1499938964844,0.0,-0.0,288.9505310058594,0.855814516544342,0.1563797742128372,0.1406397670507431,297.37530517578125,297.1499938964844,293.1499938964844,0.0,-0.0,288.951171875,0.9191825985908508,0.192634642124176,0.1821181625127792,297.3216247558594,297.1499938964844,293.1499938964844,0.0,-0.0,288.95074462890625,0.8749688863754272,0.1672635227441787,0.1169111281633377,297.3533020019531,297.1499938964844,293.1499938964844,0.0,-0.0,288.95098876953125,0.8970690965652466,0.1800306588411331,0.1702762097120285,297.30889892578125,297.1499938964844,293.1499938964844,0.0,-0.0,288.951416015625,0.9506980180740356,0.2097178250551223,0.9432555437088012,288.9520568847656,289.04998779296875,286.5779113769531,285.77398681640625,289.02801513671875,297.3341064453125,288.9565124511719,1.0,0.334181934595108,1.0,1.0,0.3156110346317291,1.0,-1.865019679069519,1.4402389526367188,0.4247806966304779,1.0143026113510132,0.0,0.0,0.0,37.86824798583984,64.0,94.53736877441406,-0.0,489.10455322265625,1.0,293.1499938964844,293.1499938964844,293.1499938964844,293.1499938964844,293.1499938964844,293.1499938964844,278.1499938964844,0.0,18000.0,313.1499938964844,0.0,18000.0,0.0,0.0,0.0,0.0,0.0,0.0,0.0,0.0,0.0,0.0,-0.0,-0.0,0.0,0.0,0.0,0.0,0.0,-0.0,0.0,0.0,0.0,0.0,0.0,0.0,0.0,0.0,0.0,4.0,0.0,0.0
11957820,297.2989196777344,297.1499938964844,293.1499938964844,0.0,-0.0,289.0162353515625,0.8106071949005127,0.1584967672824859,0.1427872776985168,297.3763732910156,297.1499938964844,293.1499938964844,0.0,-0.0,289.0168762207031,0.8663119673728943,0.195597231388092,0.1852099746465683,297.3242492675781,297.1499938964844,293.1499938964844,0.0,-0.0,289.0164489746094,0.8280985951423645,0.1697031557559967,0.1188258826732635,297.35467529296875,297.1499938964844,293.1499938964844,0.0,-0.0,289.0166931152344,0.8474209308624268,0.1827469170093536,0.1731351763010025,297.2976379394531,297.1499938964844,293.1499938964844,0.0,-0.0,289.01708984375,0.8889089822769165,0.2105827778577804,0.9479101896286012,289.0177307128906,289.1499938964844,286.6118469238281,285.7962341308594,289.0911865234375,297.3338623046875,289.0220642089844,1.0,0.3433981835842132,1.0,1.0,0.3180760741233825,1.0,-1.881866693496704,1.4467694759368896,0.4350973069667816,1.0171548128128052,0.0,0.0,0.0,44.94272232055664,67.0,91.78113555908205,-0.0,523.1472778320312,1.0,293.1499938964844,293.1499938964844,293.1499938964844,293.1499938964844,293.1499938964844,293.1499938964844,278.1499938964844,0.0,18000.0,313.1499938964844,0.0,18000.0,0.0,0.0,0.0,0.0,0.0,0.0,0.0,0.0,0.0,0.0,-0.0,-0.0,0.0,0.0,0.0,0.0,0.0,-0.0,0.0,0.0,0.0,0.0,0.0,0.0,0.0,0.0,0.0,4.0,0.0,0.0
11957880,297.2989196777344,297.1499938964844,293.1499938964844,0.0,-0.0,289.0162353515625,0.8106071949005127,0.1584967672824859,0.1427872776985168,297.3763732910156,297.1499938964844,293.1499938964844,0.0,-0.0,289.0168762207031,0.8663119673728943,0.195597231388092,0.1852099746465683,297.3242492675781,297.1499938964844,293.1499938964844,0.0,-0.0,289.0164489746094,0.8280985951423645,0.1697031557559967,0.1188258826732635,297.35467529296875,297.1499938964844,293.1499938964844,0.0,-0.0,289.0166931152344,0.8474209308624268,0.1827469170093536,0.1731351763010025,297.2976379394531,297.1499938964844,293.1499938964844,0.0,-0.0,289.01708984375,0.8889089822769165,0.2105827778577804,0.9479101896286012,289.0177307128906,289.1499938964844,286.6118469238281,285.7962341308594,289.0911865234375,297.3338623046875,289.0220642089844,1.0,0.3433981835842132,1.0,1.0,0.3180760741233825,1.0,-1.881866693496704,1.4467694759368896,0.4350973069667816,1.0171548128128052,0.0,0.0,0.0,44.94272232055664,67.0,91.78113555908205,-0.0,523.1472778320312,1.0,293.1499938964844,293.1499938964844,293.1499938964844,293.1499938964844,293.1499938964844,293.1499938964844,278.1499938964844,0.0,18000.0,313.1499938964844,0.0,18000.0,0.0,0.0,0.0,0.0,0.0,0.0,0.0,0.0,0.0,0.0,-0.0,-0.0,0.0,0.0,0.0,0.0,0.0,-0.0,0.0,0.0,0.0,0.0,0.0,0.0,0.0,0.0,0.0,4.0,0.0,0.0
11957940,297.3017272949219,297.1499938964844,293.1499938964844,0.0,-0.0,289.0816650390625,0.7850174307823181,0.16066974401474,0.144917830824852,297.3769226074219,297.1499938964844,293.1499938964844,0.0,-0.0,289.0823059082031,0.8405765295028687,0.1985201239585876,0.1881780326366424,297.3260192871094,297.1499938964844,293.1499938964844,0.0,-0.0,289.0818786621094,0.8035500645637512,0.172090858221054,0.1206498891115188,297.3554077148437,297.1499938964844,293.1499938964844,0.0,-0.0,289.08209228515625,0.823020339012146,0.1854128837585449,0.175864964723587,297.2909240722656,297.1499938964844,293.1499938964844,0.0,-0.0,289.0824584960937,0.8587176203727722,0.2117683440446853,0.953870952129364,289.0830993652344,289.25,286.6464538574219,285.81884765625,289.1556396484375,297.3349914550781,289.0874328613281,1.0,0.3513511717319488,1.0,1.0,0.320541113615036,1.0,-1.9006143808364868,1.454496145248413,0.4461183547973633,1.020779371261597,0.0,0.0,0.0,50.601318359375,55.0,91.0754623413086,-0.0,554.3360595703125,1.0,293.1499938964844,293.1499938964844,293.1499938964844,293.1499938964844,293.1499938964844,293.1499938964844,278.1499938964844,0.0,18000.0,313.1499938964844,0.0,18000.0,0.0,0.0,0.0,0.0,0.0,0.0,0.0,0.0,0.0,0.0,-0.0,-0.0,0.0,0.0,0.0,0.0,0.0,-0.0,0.0,0.0,0.0,0.0,0.0,0.0,0.0,0.0,0.0,4.0,0.0,0.0
11958000,297.3017272949219,297.1499938964844,293.1499938964844,0.0,-0.0,289.0816650390625,0.7850174307823181,0.16066974401474,0.144917830824852,297.3769226074219,297.1499938964844,293.1499938964844,0.0,-0.0,289.0823059082031,0.8405765295028687,0.1985201239585876,0.1881780326366424,297.3260192871094,297.1499938964844,293.1499938964844,0.0,-0.0,289.0818786621094,0.8035500645637512,0.172090858221054,0.1206498891115188,297.3554077148437,297.1499938964844,293.1499938964844,0.0,-0.0,289.08209228515625,0.823020339012146,0.1854128837585449,0.175864964723587,297.2909240722656,297.1499938964844,293.1499938964844,0.0,-0.0,289.0824584960937,0.8587176203727722,0.2117683440446853,0.953870952129364,289.0830993652344,289.25,286.6464538574219,285.81884765625,289.1556396484375,297.3349914550781,289.0874328613281,1.0,0.3513511717319488,1.0,1.0,0.320541113615036,1.0,-1.9006143808364868,1.454496145248413,0.4461183547973633,1.020779371261597,0.0,0.0,0.0,50.601318359375,55.0,91.0754623413086,-0.0,554.3360595703125,1.0,293.1499938964844,293.1499938964844,293.1499938964844,293.1499938964844,293.1499938964844,293.1499938964844,278.1499938964844,0.0,18000.0,313.1499938964844,0.0,18000.0,0.0,0.0,0.0,0.0,0.0,0.0,0.0,0.0,0.0,0.0,-0.0,-0.0,0.0,0.0,0.0,0.0,0.0,-0.0,0.0,0.0,0.0,0.0,0.0,0.0,0.0,0.0,0.0,4.0,0.0,0.0
11958060,297.30517578125,297.1499938964844,293.1499938964844,0.0,-0.0,289.1611022949219,0.7908411026000977,0.1629376262426376,0.146907240152359,297.3778991699219,297.1499938964844,293.1499938964844,0.0,-0.0,289.1619567871094,0.8466094136238098,0.2014936357736587,0.1909459233283996,297.32781982421875,297.1499938964844,293.1499938964844,0.0,-0.0,289.1614074707031,0.8094319701194763,0.1745031476020813,0.1223084479570388,297.3563537597656,297.1499938964844,293.1499938964844,0.0,-0.0,289.1617126464844,0.8286986947059631,0.1881110519170761,0.1783785223960876,297.2873840332031,297.1499938964844,293.1499938964844,0.0,-0.0,289.16217041015625,0.8627539873123169,0.2131927907466888,0.9598849415779114,289.1630554199219,289.3500061035156,286.6817626953125,285.84197998046875,289.25518798828125,297.3367614746094,289.1689147949219,1.0,0.3532634079456329,1.0,1.0,0.3261910080909729,1.0,-1.9185596704483032,1.455059289932251,0.4635004699230194,1.0174479484558103,0.0,0.0,0.0,50.61181640625,43.0,110.61640167236328,-0.0,567.0680541992188,1.0,293.1499938964844,293.1499938964844,293.1499938964844,293.1499938964844,293.1499938964844,293.1499938964844,278.1499938964844,0.0,18000.0,313.1499938964844,0.0,18000.0,0.0,0.0,0.0,0.0,0.0,0.0,0.0,0.0,0.0,0.0,-0.0,-0.0,0.0,0.0,0.0,0.0,0.0,-0.0,0.0,0.0,0.0,0.0,0.0,0.0,0.0,0.0,0.0,4.0,0.0,0.0
11958120,297.30517578125,297.1499938964844,293.1499938964844,0.0,-0.0,289.1611022949219,0.7908411026000977,0.1629376262426376,0.146907240152359,297.3778991699219,297.1499938964844,293.1499938964844,0.0,-0.0,289.1619567871094,0.8466094136238098,0.2014936357736587,0.1909459233283996,297.32781982421875,297.1499938964844,293.1499938964844,0.0,-0.0,289.1614074707031,0.8094319701194763,0.1745031476020813,0.1223084479570388,297.3563537597656,297.1499938964844,293.1499938964844,0.0,-0.0,289.1617126464844,0.8286986947059631,0.1881110519170761,0.1783785223960876,297.2873840332031,297.1499938964844,293.1499938964844,0.0,-0.0,289.16217041015625,0.8627539873123169,0.2131927907466888,0.9598849415779114,289.1630554199219,289.3500061035156,286.6817626953125,285.84197998046875,289.25518798828125,297.3367614746094,289.1689147949219,1.0,0.3532634079456329,1.0,1.0,0.3261910080909729,1.0,-1.9185596704483032,1.455059289932251,0.4635004699230194,1.0174479484558103,0.0,0.0,0.0,50.61181640625,43.0,110.61640167236328,-0.0,567.0680541992188,1.0,293.1499938964844,293.1499938964844,293.1499938964844,293.1499938964844,293.1499938964844,293.1499938964844,278.1499938964844,0.0,18000.0,313.1499938964844,0.0,18000.0,0.0,0.0,0.0,0.0,0.0,0.0,0.0,0.0,0.0,0.0,-0.0,-0.0,0.0,0.0,0.0,0.0,0.0,-0.0,0.0,0.0,0.0,0.0,0.0,0.0,0.0,0.0,0.0,4.0,0.0,0.0
11958180,297.31011962890625,297.1499938964844,293.1499938964844,0.0,-0.0,289.2545471191406,0.8206677436828613,0.1654025912284851,0.1488930135965347,297.3804016113281,297.1499938964844,293.1499938964844,0.0,-0.0,289.2554626464844,0.878507137298584,0.2046302855014801,0.1936783045530319,297.3307189941406,297.1499938964844,293.1499938964844,0.0,-0.0,289.2548522949219,0.8381729125976562,0.1770465821027755,0.1239219456911087,297.3585205078125,297.1499938964844,293.1499938964844,0.0,-0.0,289.25518798828125,0.8585676550865173,0.1909415870904922,0.1808331161737442,297.286865234375,297.1499938964844,293.1499938964844,0.0,-0.0,289.25567626953125,0.8937894701957703,0.2148758172988891,0.9662532806396484,289.2566223144531,289.45001220703125,286.7178955078125,285.8657531738281,289.3575439453125,297.3397521972656,289.2628173828125,1.0,0.3514764308929443,1.0,1.0,0.3318409025669098,1.0,-1.936757445335388,1.4553378820419312,0.4814194738864898,1.013759732246399,0.0,0.0,0.0,46.39602279663086,31.0,125.70691680908205,-0.0,566.2564086914062,1.0,293.1499938964844,293.1499938964844,293.1499938964844,293.1499938964844,293.1499938964844,293.1499938964844,278.1499938964844,0.0,18000.0,313.1499938964844,0.0,18000.0,0.0,0.0,0.0,0.0,0.0,0.0,0.0,0.0,0.0,0.0,-0.0,-0.0,0.0,0.0,0.0,0.0,0.0,-0.0,0.0,0.0,0.0,0.0,0.0,0.0,0.0,0.0,0.0,4.0,0.0,0.0
11958240,297.31011962890625,297.1499938964844,293.1499938964844,0.0,-0.0,289.2545471191406,0.8206677436828613,0.1654025912284851,0.1488930135965347,297.3804016113281,297.1499938964844,293.1499938964844,0.0,-0.0,289.2554626464844,0.878507137298584,0.2046302855014801,0.1936783045530319,297.3307189941406,297.1499938964844,293.1499938964844,0.0,-0.0,289.2548522949219,0.8381729125976562,0.1770465821027755,0.1239219456911087,297.3585205078125,297.1499938964844,293.1499938964844,0.0,-0.0,289.25518798828125,0.8585676550865173,0.1909415870904922,0.1808331161737442,297.286865234375,297.1499938964844,293.1499938964844,0.0,-0.0,289.25567626953125,0.8937894701957703,0.2148758172988891,0.9662532806396484,289.2566223144531,289.45001220703125,286.7178955078125,285.8657531738281,289.3575439453125,297.3397521972656,289.2628173828125,1.0,0.3514764308929443,1.0,1.0,0.3318409025669098,1.0,-1.936757445335388,1.4553378820419312,0.4814194738864898,1.013759732246399,0.0,0.0,0.0,46.39602279663086,31.0,125.70691680908205,-0.0,566.2564086914062,1.0,293.1499938964844,293.1499938964844,293.1499938964844,293.1499938964844,293.1499938964844,293.1499938964844,278.1499938964844,0.0,18000.0,313.1499938964844,0.0,18000.0,0.0,0.0,0.0,0.0,0.0,0.0,0.0,0.0,0.0,0.0,-0.0,-0.0,0.0,0.0,0.0,0.0,0.0,-0.0,0.0,0.0,0.0,0.0,0.0,0.0,0.0,0.0,0.0,4.0,0.0,0.0
11958300,297.3133544921875,297.1499938964844,293.1499938964844,0.0,-0.0,289.30328369140625,0.8451245427131653,0.1667353808879852,0.1499263346195221,297.3822937011719,297.1499938964844,293.1499938964844,0.0,-0.0,289.3042297363281,0.9074297547340392,0.2062766402959823,0.1950695514678955,297.3324584960937,297.1499938964844,293.1499938964844,0.0,-0.0,289.3035888671875,0.8638375401496887,0.1783630102872848,0.1247297972440719,297.3599548339844,297.1499938964844,293.1499938964844,0.0,-0.0,289.3039245605469,0.8860592246055603,0.1924026161432266,0.1820626109838485,297.2875061035156,297.1499938964844,293.1499938964844,0.0,-0.0,289.3044128417969,0.9236653447151184,0.2158048748970031,0.9696359634399414,289.30535888671875,289.45001220703125,286.736328125,285.8778991699219,289.40899658203125,297.3417053222656,289.3116760253906,1.0,0.3496150970458984,1.0,1.0,0.3346658647060394,1.0,-1.9461772441864007,1.455604910850525,0.4905722737312317,1.0119731426239014,0.0,0.0,0.0,43.18216323852539,31.0,130.68746948242188,-0.0,562.4007568359375,1.0,293.1499938964844,293.1499938964844,293.1499938964844,293.1499938964844,293.1499938964844,293.1499938964844,278.1499938964844,0.0,18000.0,313.1499938964844,0.0,18000.0,0.0,0.0,0.0,0.0,0.0,0.0,0.0,0.0,0.0,0.0,-0.0,-0.0,0.0,0.0,0.0,0.0,0.0,-0.0,0.0,0.0,0.0,0.0,0.0,0.0,0.0,0.0,0.0,4.0,0.0,0.0
11958360,297.31707763671875,297.1499938964844,293.1499938964844,0.0,-0.0,289.353271484375,0.8829273581504822,0.1681364923715591,0.1510015428066253,297.3846435546875,297.1499938964844,293.1499938964844,0.0,-0.0,289.3542175292969,0.9542181491851808,0.2079772800207138,0.1964897662401199,297.3343811035156,297.1499938964844,293.1499938964844,0.0,-0.0,289.35357666015625,0.9033480882644652,0.1797073185443878,0.1255401521921157,297.361572265625,297.1499938964844,293.1499938964844,0.0,-0.0,289.3539123535156,0.929434061050415,0.193892240524292,0.1832962483167648,297.28863525390625,297.1499938964844,293.1499938964844,0.0,-0.0,289.3544006347656,0.9685477018356324,0.2167863547801971,0.9731561541557312,289.3554077148437,289.54998779296875,286.7549743652344,285.8902282714844,289.46221923828125,297.3439636230469,289.36187744140625,1.0,0.3472822308540344,1.0,1.0,0.3376415073871612,1.0,-1.955855250358581,1.4556827545166016,0.50017249584198,1.009942650794983,0.0,0.0,0.0,39.408912658691406,34.0,135.31202697753906,-0.0,556.8231201171875,1.0,293.1499938964844,293.1499938964844,293.1499938964844,293.1499938964844,293.1499938964844,293.1499938964844,278.1499938964844,0.0,18000.0,313.1499938964844,0.0,18000.0,0.0,0.0,0.0,0.0,0.0,0.0,0.0,0.0,0.0,0.0,-0.0,-0.0,0.0,0.0,0.0,0.0,0.0,-0.0,0.0,0.0,0.0,0.0,0.0,0.0,0.0,0.0,0.0,4.0,0.0,0.0
11958420,297.3251037597656,297.1499938964844,293.1499938964844,0.0,-0.0,289.4560241699219,0.9183498024940492,0.1710650324821472,0.1535046249628067,297.3900146484375,297.1499938964844,293.1499938964844,0.0,-0.0,289.4569396972656,0.988472044467926,0.2114946693181991,0.1996795684099197,297.3384094238281,297.1499938964844,293.1499938964844,0.0,-0.0,289.4563293457031,0.9416496753692628,0.1824526339769363,0.1273727715015411,297.3651123046875,297.1499938964844,293.1499938964844,0.0,-0.0,289.4566650390625,0.9676130414009094,0.1969309449195861,0.1860525608062744,297.2930908203125,297.1499938964844,293.1499938964844,0.0,-0.0,289.45703125,0.9938956499099731,0.2189881354570388,0.9671369194984436,289.4580383300781,289.6499938964844,286.7931213378906,285.91558837890625,289.5639343261719,297.34912109375,289.46417236328125,1.0,0.3460744023323059,1.0,1.0,0.3435927629470825,1.0,-1.9611788988113403,1.4463287591934204,0.5148501992225647,0.9996235370635986,0.0,0.0,0.0,37.10387802124024,52.0,139.25955200195312,-0.0,552.8846435546875,1.0,293.1499938964844,293.1499938964844,293.1499938964844,293.1499938964844,293.1499938964844,293.1499938964844,278.1499938964844,0.0,18000.0,313.1499938964844,0.0,18000.0,0.0,0.0,0.0,0.0,0.0,0.0,0.0,0.0,0.0,0.0,-0.0,-0.0,0.0,0.0,0.0,0.0,0.0,-0.0,0.0,0.0,0.0,0.0,0.0,0.0,0.0,0.0,0.0,4.0,0.0,0.0
11958480,297.3251037597656,297.1499938964844,293.1499938964844,0.0,-0.0,289.4560241699219,0.9183498024940492,0.1710650324821472,0.1535046249628067,297.3900146484375,297.1499938964844,293.1499938964844,0.0,-0.0,289.4569396972656,0.988472044467926,0.2114946693181991,0.1996795684099197,297.3384094238281,297.1499938964844,293.1499938964844,0.0,-0.0,289.4563293457031,0.9416496753692628,0.1824526339769363,0.1273727715015411,297.3651123046875,297.1499938964844,293.1499938964844,0.0,-0.0,289.4566650390625,0.9676130414009094,0.1969309449195861,0.1860525608062744,297.2930908203125,297.1499938964844,293.1499938964844,0.0,-0.0,289.45703125,0.9938956499099731,0.2189881354570388,0.9671369194984436,289.4580383300781,289.6499938964844,286.7931213378906,285.91558837890625,289.5639343261719,297.34912109375,289.46417236328125,1.0,0.3460744023323059,1.0,1.0,0.3435927629470825,1.0,-1.9611788988113403,1.4463287591934204,0.5148501992225647,0.9996235370635986,0.0,0.0,0.0,37.10387802124024,52.0,139.25955200195312,-0.0,552.8846435546875,1.0,293.1499938964844,293.1499938964844,293.1499938964844,293.1499938964844,293.1499938964844,293.1499938964844,278.1499938964844,0.0,18000.0,313.1499938964844,0.0,18000.0,0.0,0.0,0.0,0.0,0.0,0.0,0.0,0.0,0.0,0.0,-0.0,-0.0,0.0,0.0,0.0,0.0,0.0,-0.0,0.0,0.0,0.0,0.0,0.0,0.0,0.0,0.0,0.0,4.0,0.0,0.0
11958540,297.333984375,297.1499938964844,293.1499938964844,0.0,-0.0,289.5589904785156,0.9202629923820496,0.1741822808980941,0.1562591344118118,297.39697265625,297.1499938964844,293.1499938964844,0.0,-0.0,289.5599975585937,0.989770770072937,0.2152372300624847,0.2031571716070175,297.34356689453125,297.1499938964844,293.1499938964844,0.0,-0.0,289.559326171875,0.942784070968628,0.1853588819503784,0.1293703615665435,297.369873046875,297.1499938964844,293.1499938964844,0.0,-0.0,289.5596923828125,0.9687382578849792,0.2001369446516037,0.1890375167131424,297.301025390625,297.1499938964844,293.1499938964844,0.0,-0.0,289.5600891113281,0.9955084323883056,0.2216078042984008,0.9855430126190186,289.56121826171875,289.75,286.8323974609375,285.9419250488281,289.6763916015625,297.3538818359375,289.5682983398437,1.0,0.3528403043746948,1.0,1.0,0.3495440185070038,1.0,-1.9965028762817385,1.4566550254821775,0.5398477911949158,1.0017517805099487,0.0,0.0,0.0,38.26691436767578,70.0,146.33799743652344,-0.0,582.7319946289062,1.0,293.1499938964844,293.1499938964844,293.1499938964844,293.1499938964844,293.1499938964844,293.1499938964844,278.1499938964844,0.0,18000.0,313.1499938964844,0.0,18000.0,0.0,0.0,0.0,0.0,0.0,0.0,0.0,0.0,0.0,0.0,-0.0,-0.0,0.0,0.0,0.0,0.0,0.0,-0.0,0.0,0.0,0.0,0.0,0.0,0.0,0.0,0.0,0.0,4.0,0.0,0.0
11958600,297.333984375,297.1499938964844,293.1499938964844,0.0,-0.0,289.5589904785156,0.9202629923820496,0.1741822808980941,0.1562591344118118,297.39697265625,297.1499938964844,293.1499938964844,0.0,-0.0,289.5599975585937,0.989770770072937,0.2152372300624847,0.2031571716070175,297.34356689453125,297.1499938964844,293.1499938964844,0.0,-0.0,289.559326171875,0.942784070968628,0.1853588819503784,0.1293703615665435,297.369873046875,297.1499938964844,293.1499938964844,0.0,-0.0,289.5596923828125,0.9687382578849792,0.2001369446516037,0.1890375167131424,297.301025390625,297.1499938964844,293.1499938964844,0.0,-0.0,289.5600891113281,0.9955084323883056,0.2216078042984008,0.9855430126190186,289.56121826171875,289.75,286.8323974609375,285.9419250488281,289.6763916015625,297.3538818359375,289.5682983398437,1.0,0.3528403043746948,1.0,1.0,0.3495440185070038,1.0,-1.9965028762817385,1.4566550254821775,0.5398477911949158,1.0017517805099487,0.0,0.0,0.0,38.26691436767578,70.0,146.33799743652344,-0.0,582.7319946289062,1.0,293.1499938964844,293.1499938964844,293.1499938964844,293.1499938964844,293.1499938964844,293.1499938964844,278.1499938964844,0.0,18000.0,313.1499938964844,0.0,18000.0,0.0,0.0,0.0,0.0,0.0,0.0,0.0,0.0,0.0,0.0,-0.0,-0.0,0.0,0.0,0.0,0.0,0.0,-0.0,0.0,0.0,0.0,0.0,0.0,0.0,0.0,0.0,0.0,4.0,0.0,0.0
11958660,297.3427429199219,297.1499938964844,293.1499938964844,0.0,-0.0,289.67645263671875,0.8619598746299744,0.1774021983146667,0.1593599915504455,297.4042053222656,297.1499938964844,293.1499938964844,0.0,-0.0,289.6774597167969,0.9281505346298218,0.2191004306077957,0.2070237398147583,297.34881591796875,297.1499938964844,293.1499938964844,0.0,-0.0,289.6767578125,0.8795289397239685,0.188342660665512,0.1316217333078384,297.3748474121094,297.1499938964844,293.1499938964844,0.0,-0.0,289.6771240234375,0.9028894305229188,0.2034277766942978,0.1923725754022598,297.3045654296875,297.1499938964844,293.1499938964844,0.0,-0.0,289.67755126953125,0.9366010427474976,0.223881259560585,1.0052242279052734,289.6786804199219,289.8500061035156,286.8729553222656,285.9693298339844,289.8008117675781,297.3600769042969,289.6859436035156,1.0,0.3651049137115478,1.0,1.0,0.3563562631607055,1.0,-2.0352487564086914,1.4668558835983276,0.5683929920196533,1.003765106201172,0.0,0.0,0.0,45.4352912902832,88.0,158.47767639160156,-0.0,636.9470825195312,1.0,293.1499938964844,293.1499938964844,293.1499938964844,293.1499938964844,293.1499938964844,293.1499938964844,278.1499938964844,0.0,18000.0,313.1499938964844,0.0,18000.0,0.0,0.0,0.0,0.0,0.0,0.0,0.0,0.0,0.0,0.0,-0.0,-0.0,0.0,0.0,0.0,0.0,0.0,-0.0,0.0,0.0,0.0,0.0,0.0,0.0,0.0,0.0,0.0,4.0,0.0,0.0
11958720,297.3427429199219,297.1499938964844,293.1499938964844,0.0,-0.0,289.67645263671875,0.8619598746299744,0.1774021983146667,0.1593599915504455,297.4042053222656,297.1499938964844,293.1499938964844,0.0,-0.0,289.6774597167969,0.9281505346298218,0.2191004306077957,0.2070237398147583,297.34881591796875,297.1499938964844,293.1499938964844,0.0,-0.0,289.6767578125,0.8795289397239685,0.188342660665512,0.1316217333078384,297.3748474121094,297.1499938964844,293.1499938964844,0.0,-0.0,289.6771240234375,0.9028894305229188,0.2034277766942978,0.1923725754022598,297.3045654296875,297.1499938964844,293.1499938964844,0.0,-0.0,289.67755126953125,0.9366010427474976,0.223881259560585,1.0052242279052734,289.6786804199219,289.8500061035156,286.8729553222656,285.9693298339844,289.8008117675781,297.3600769042969,289.6859436035156,1.0,0.3651049137115478,1.0,1.0,0.3563562631607055,1.0,-2.0352487564086914,1.4668558835983276,0.5683929920196533,1.003765106201172,0.0,0.0,0.0,45.4352912902832,88.0,158.47767639160156,-0.0,636.9470825195312,1.0,293.1499938964844,293.1499938964844,293.1499938964844,293.1499938964844,293.1499938964844,293.1499938964844,278.1499938964844,0.0,18000.0,313.1499938964844,0.0,18000.0,0.0,0.0,0.0,0.0,0.0,0.0,0.0,0.0,0.0,0.0,-0.0,-0.0,0.0,0.0,0.0,0.0,0.0,-0.0,0.0,0.0,0.0,0.0,0.0,0.0,0.0,0.0,0.0,4.0,0.0,0.0
11958780,297.3509521484375,297.1499938964844,293.1499938964844,0.0,-0.0,289.7977294921875,0.8041083216667175,0.1806733906269073,0.1626988053321838,297.4112243652344,297.1499938964844,293.1499938964844,0.0,-0.0,289.7987670898437,0.8596186637878418,0.2230317145586013,0.2111547142267227,297.3537292480469,297.1499938964844,293.1499938964844,0.0,-0.0,289.79803466796875,0.8193695545196533,0.1913588792085647,0.1340429037809372,297.379638671875,297.1499938964844,293.1499938964844,0.0,-0.0,289.79840087890625,0.8391963839530945,0.2067589461803436,0.1959451586008072,297.3080749511719,297.1499938964844,293.1499938964844,0.0,-0.0,289.798828125,0.8641341924667358,0.2261923849582672,1.0176211595535278,289.8000183105469,289.95001220703125,286.9148864746094,285.9979553222656,289.9218444824219,297.3663635253906,289.80731201171875,1.0,0.3801923990249634,1.0,1.0,0.3631684780120849,1.0,-2.06630539894104,1.4716635942459106,0.594641923904419,1.0018391609191897,0.0,0.0,0.0,57.30673599243164,91.0,165.22476196289062,-0.0,703.3978881835938,1.0,293.1499938964844,293.1499938964844,293.1499938964844,293.1499938964844,293.1499938964844,293.1499938964844,278.1499938964844,0.0,18000.0,313.1499938964844,0.0,18000.0,0.0,0.0,0.0,0.0,0.0,0.0,0.0,0.0,0.0,0.0,-0.0,-0.0,0.0,0.0,0.0,0.0,0.0,-0.0,0.0,0.0,0.0,0.0,0.0,0.0,0.0,0.0,0.0,4.0,0.0,0.0
11958840,297.3509521484375,297.1499938964844,293.1499938964844,0.0,-0.0,289.7977294921875,0.8041083216667175,0.1806733906269073,0.1626988053321838,297.4112243652344,297.1499938964844,293.1499938964844,0.0,-0.0,289.7987670898437,0.8596186637878418,0.2230317145586013,0.2111547142267227,297.3537292480469,297.1499938964844,293.1499938964844,0.0,-0.0,289.79803466796875,0.8193695545196533,0.1913588792085647,0.1340429037809372,297.379638671875,297.1499938964844,293.1499938964844,0.0,-0.0,289.79840087890625,0.8391963839530945,0.2067589461803436,0.1959451586008072,297.3080749511719,297.1499938964844,293.1499938964844,0.0,-0.0,289.798828125,0.8641341924667358,0.2261923849582672,1.0176211595535278,289.8000183105469,289.95001220703125,286.9148864746094,285.9979553222656,289.9218444824219,297.3663635253906,289.80731201171875,1.0,0.3801923990249634,1.0,1.0,0.3631684780120849,1.0,-2.06630539894104,1.4716635942459106,0.594641923904419,1.0018391609191897,0.0,0.0,0.0,57.30673599243164,91.0,165.22476196289062,-0.0,703.3978881835938,1.0,293.1499938964844,293.1499938964844,293.1499938964844,293.1499938964844,293.1499938964844,293.1499938964844,278.1499938964844,0.0,18000.0,313.1499938964844,0.0,18000.0,0.0,0.0,0.0,0.0,0.0,0.0,0.0,0.0,0.0,0.0,-0.0,-0.0,0.0,0.0,0.0,0.0,0.0,-0.0,0.0,0.0,0.0,0.0,0.0,0.0,0.0,0.0,0.0,4.0,0.0,0.0
11958900,297.3549194335937,297.1499938964844,293.1499938964844,0.0,-0.0,289.85821533203125,0.7870481014251709,0.1823362708091735,0.1643515527248382,297.4147644042969,297.1499938964844,293.1499938964844,0.0,-0.0,289.8592529296875,0.842328667640686,0.2250322252511978,0.2132097482681274,297.3561706542969,297.1499938964844,293.1499938964844,0.0,-0.0,289.8585205078125,0.802406370639801,0.1928899735212326,0.1352371722459793,297.38201904296875,297.1499938964844,293.1499938964844,0.0,-0.0,289.8589172363281,0.8227109909057617,0.2084489315748214,0.1977112889289856,297.31011962890625,297.1499938964844,293.1499938964844,0.0,-0.0,289.8593139648437,0.8455978631973267,0.2273946702480316,1.0237830877304075,289.8604736328125,289.95001220703125,286.9364013671875,286.0127868652344,289.9820251464844,297.3694152832031,289.86773681640625,1.0,0.3863788545131683,1.0,1.0,0.3665745854377746,1.0,-2.081714868545532,1.473876714706421,0.6078380942344666,1.000712275505066,0.0,0.0,0.0,62.28120803833008,91.0,166.55105590820312,-0.0,733.8405151367188,1.0,293.1499938964844,293.1499938964844,293.1499938964844,293.1499938964844,293.1499938964844,293.1499938964844,278.1499938964844,0.0,18000.0,313.1499938964844,0.0,18000.0,0.0,0.0,0.0,0.0,0.0,0.0,0.0,0.0,0.0,0.0,-0.0,-0.0,0.0,0.0,0.0,0.0,0.0,-0.0,0.0,0.0,0.0,0.0,0.0,0.0,0.0,0.0,0.0,4.0,0.0,0.0
11958960,297.35888671875,297.1499938964844,293.1499938964844,0.0,-0.0,289.916259765625,0.7754900455474854,0.1840235441923141,0.1659956872463226,297.4183349609375,297.1499938964844,293.1499938964844,0.0,-0.0,289.91717529296875,0.8308608531951904,0.2270609140396118,0.2152595967054367,297.3586730957031,297.1499938964844,293.1499938964844,0.0,-0.0,289.9165344238281,0.7902225852012634,0.1944423466920852,0.1364226043224334,297.3844909667969,297.1499938964844,293.1499938964844,0.0,-0.0,289.9168701171875,0.8111729621887207,0.2101600021123886,0.1994655579328537,297.3123474121094,297.1499938964844,293.1499938964844,0.0,-0.0,289.917236328125,0.8330927491188049,0.2286271899938583,1.0299391746520996,289.91827392578125,290.04998779296875,286.95831298828125,286.0279235839844,290.0304260253906,297.3725280761719,289.9246520996094,1.0,0.3920144438743591,1.0,1.0,0.368812084197998,1.0,-2.097075223922729,1.4784603118896484,0.6186148524284363,1.001947283744812,0.0,0.0,0.0,66.49317169189453,79.0,160.98199462890625,-0.0,761.953857421875,1.0,293.1499938964844,293.1499938964844,293.1499938964844,293.1499938964844,293.1499938964844,293.1499938964844,278.1499938964844,0.0,18000.0,313.1499938964844,0.0,18000.0,0.0,0.0,0.0,0.0,0.0,0.0,0.0,0.0,0.0,0.0,-0.0,-0.0,0.0,0.0,0.0,0.0,0.0,-0.0,0.0,0.0,0.0,0.0,0.0,0.0,0.0,0.0,0.0,4.0,0.0,0.0
11959020,297.3665771484375,297.1499938964844,293.1499938964844,0.0,-0.0,290.01922607421875,0.7764450907707214,0.187450036406517,0.1690929234027862,297.42547607421875,297.1499938964844,293.1499938964844,0.0,-0.0,290.0200500488281,0.8316735029220581,0.2311822026968002,0.2191696912050247,297.3636779785156,297.1499938964844,293.1499938964844,0.0,-0.0,290.0194396972656,0.7905659079551697,0.1975928246974945,0.1386401504278183,297.3893737792969,297.1499938964844,293.1499938964844,0.0,-0.0,290.019775390625,0.8115835189819336,0.2136267721652984,0.2027657926082611,297.31695556640625,297.1499938964844,293.1499938964844,0.0,-0.0,290.02008056640625,0.8320963382720947,0.2311502546072006,1.041346311569214,290.0210266113281,290.1499938964844,287.0032958984375,286.059326171875,290.12335205078125,297.3786315917969,290.02691650390625,1.0,0.3969143629074096,1.0,1.0,0.3732870519161224,1.0,-2.1258203983306885,1.4865659475326538,0.6392542719841003,1.0038113594055176,0.0,0.0,0.0,68.40733337402344,67.0,147.0091552734375,-0.0,794.0030517578125,1.0,293.1499938964844,293.1499938964844,293.1499938964844,293.1499938964844,293.1499938964844,293.1499938964844,278.1499938964844,0.0,18000.0,313.1499938964844,0.0,18000.0,0.0,0.0,0.0,0.0,0.0,0.0,0.0,0.0,0.0,0.0,-0.0,-0.0,0.0,0.0,0.0,0.0,0.0,-0.0,0.0,0.0,0.0,0.0,0.0,0.0,0.0,0.0,0.0,4.0,0.0,0.0
11959080,297.3665771484375,297.1499938964844,293.1499938964844,0.0,-0.0,290.01922607421875,0.7764450907707214,0.187450036406517,0.1690929234027862,297.42547607421875,297.1499938964844,293.1499938964844,0.0,-0.0,290.0200500488281,0.8316735029220581,0.2311822026968002,0.2191696912050247,297.3636779785156,297.1499938964844,293.1499938964844,0.0,-0.0,290.0194396972656,0.7905659079551697,0.1975928246974945,0.1386401504278183,297.3893737792969,297.1499938964844,293.1499938964844,0.0,-0.0,290.019775390625,0.8115835189819336,0.2136267721652984,0.2027657926082611,297.31695556640625,297.1499938964844,293.1499938964844,0.0,-0.0,290.02008056640625,0.8320963382720947,0.2311502546072006,1.041346311569214,290.0210266113281,290.1499938964844,287.0032958984375,286.059326171875,290.12335205078125,297.3786315917969,290.02691650390625,1.0,0.3969143629074096,1.0,1.0,0.3732870519161224,1.0,-2.1258203983306885,1.4865659475326538,0.6392542719841003,1.0038113594055176,0.0,0.0,0.0,68.40733337402344,67.0,147.0091552734375,-0.0,794.0030517578125,1.0,293.1499938964844,293.1499938964844,293.1499938964844,293.1499938964844,293.1499938964844,293.1499938964844,278.1499938964844,0.0,18000.0,313.1499938964844,0.0,18000.0,0.0,0.0,0.0,0.0,0.0,0.0,0.0,0.0,0.0,0.0,-0.0,-0.0,0.0,0.0,0.0,0.0,0.0,-0.0,0.0,0.0,0.0,0.0,0.0,0.0,0.0,0.0,0.0,4.0,0.0,0.0
11959140,297.3743591308594,297.1499938964844,293.1499938964844,0.0,-0.0,290.1176452636719,0.7955411076545715,0.1909815371036529,0.1720820367336273,297.4327697753906,297.1499938964844,293.1499938964844,0.0,-0.0,290.1184387207031,0.8504648208618164,0.2354114949703216,0.2229731231927871,297.3688049316406,297.1499938964844,293.1499938964844,0.0,-0.0,290.11785888671875,0.8093252182006836,0.2008169442415237,0.1407597512006759,297.39434814453125,297.1499938964844,293.1499938964844,0.0,-0.0,290.1181640625,0.8293995261192322,0.2171631604433059,0.2059299945831298,297.32177734375,297.1499938964844,293.1499938964844,0.0,-0.0,290.118408203125,0.8490311503410339,0.2337541431188583,1.0521596670150757,290.1193542480469,290.25,287.04998779296875,286.09228515625,290.2158508300781,297.3848571777344,290.125,1.0,0.3976184725761413,1.0,1.0,0.3777620196342468,1.0,-2.1533122062683105,1.4937183856964111,0.659593939781189,1.004976749420166,0.0,0.0,0.0,65.2381820678711,55.0,139.048583984375,-0.0,807.053466796875,1.0,293.1499938964844,293.1499938964844,293.1499938964844,293.1499938964844,293.1499938964844,293.1499938964844,278.1499938964844,0.0,18000.0,313.1499938964844,0.0,18000.0,0.0,0.0,0.0,0.0,0.0,0.0,0.0,0.0,0.0,0.0,-0.0,-0.0,0.0,0.0,0.0,0.0,0.0,-0.0,0.0,0.0,0.0,0.0,0.0,0.0,0.0,0.0,0.0,4.0,0.0,0.0
11959200,297.3743591308594,297.1499938964844,293.1499938964844,0.0,-0.0,290.1176452636719,0.7955411076545715,0.1909815371036529,0.1720820367336273,297.4327697753906,297.1499938964844,293.1499938964844,0.0,-0.0,290.1184387207031,0.8504648208618164,0.2354114949703216,0.2229731231927871,297.3688049316406,297.1499938964844,293.1499938964844,0.0,-0.0,290.11785888671875,0.8093252182006836,0.2008169442415237,0.1407597512006759,297.39434814453125,297.1499938964844,293.1499938964844,0.0,-0.0,290.1181640625,0.8293995261192322,0.2171631604433059,0.2059299945831298,297.32177734375,297.1499938964844,293.1499938964844,0.0,-0.0,290.118408203125,0.8490311503410339,0.2337541431188583,1.0521596670150757,290.1193542480469,290.25,287.04998779296875,286.09228515625,290.2158508300781,297.3848571777344,290.125,1.0,0.3976184725761413,1.0,1.0,0.3777620196342468,1.0,-2.1533122062683105,1.4937183856964111,0.659593939781189,1.004976749420166,0.0,0.0,0.0,65.2381820678711,55.0,139.048583984375,-0.0,807.053466796875,1.0,293.1499938964844,293.1499938964844,293.1499938964844,293.1499938964844,293.1499938964844,293.1499938964844,278.1499938964844,0.0,18000.0,313.1499938964844,0.0,18000.0,0.0,0.0,0.0,0.0,0.0,0.0,0.0,0.0,0.0,0.0,-0.0,-0.0,0.0,0.0,0.0,0.0,0.0,-0.0,0.0,0.0,0.0,0.0,0.0,0.0,0.0,0.0,0.0,4.0,0.0,0.0
11959260,297.38287353515625,297.1499938964844,293.1499938964844,0.0,-0.0,290.2161865234375,0.8307188153266907,0.1946837157011032,0.175090029835701,297.440673828125,297.1499938964844,293.1499938964844,0.0,-0.0,290.21697998046875,0.8890189528465271,0.2397931367158889,0.2267819344997406,297.3739318847656,297.1499938964844,293.1499938964844,0.0,-0.0,290.21636962890625,0.8432279825210571,0.2041077315807342,0.1428308486938476,297.3993530273437,297.1499938964844,293.1499938964844,0.0,-0.0,290.2166748046875,0.8648144006729126,0.2207627147436142,0.2090250700712204,297.326904296875,297.1499938964844,293.1499938964844,0.0,-0.0,290.2169189453125,0.8853241801261902,0.2364473044872284,1.0627487897872925,290.2178955078125,290.3500061035156,287.0979919433594,286.1261291503906,290.3136901855469,297.3915100097656,290.2235717773437,1.0,0.3956552147865295,1.0,1.0,0.3827885687351227,1.0,-2.1804230213165283,1.4992629289627075,0.6811600923538208,1.004606008529663,0.0,0.0,0.0,58.81465148925781,43.0,137.9585418701172,-0.0,807.9224853515625,1.0,293.1499938964844,293.1499938964844,293.1499938964844,293.1499938964844,293.1499938964844,293.1499938964844,278.1499938964844,0.0,18000.0,313.1499938964844,0.0,18000.0,0.0,0.0,0.0,0.0,0.0,0.0,0.0,0.0,0.0,0.0,-0.0,-0.0,0.0,0.0,0.0,0.0,0.0,-0.0,0.0,0.0,0.0,0.0,0.0,0.0,0.0,0.0,0.0,4.0,0.0,0.0
11959320,297.38287353515625,297.1499938964844,293.1499938964844,0.0,-0.0,290.2161865234375,0.8307188153266907,0.1946837157011032,0.175090029835701,297.440673828125,297.1499938964844,293.1499938964844,0.0,-0.0,290.21697998046875,0.8890189528465271,0.2397931367158889,0.2267819344997406,297.3739318847656,297.1499938964844,293.1499938964844,0.0,-0.0,290.21636962890625,0.8432279825210571,0.2041077315807342,0.1428308486938476,297.3993530273437,297.1499938964844,293.1499938964844,0.0,-0.0,290.2166748046875,0.8648144006729126,0.2207627147436142,0.2090250700712204,297.326904296875,297.1499938964844,293.1499938964844,0.0,-0.0,290.2169189453125,0.8853241801261902,0.2364473044872284,1.0627487897872925,290.2178955078125,290.3500061035156,287.0979919433594,286.1261291503906,290.3136901855469,297.3915100097656,290.2235717773437,1.0,0.3956552147865295,1.0,1.0,0.3827885687351227,1.0,-2.1804230213165283,1.4992629289627075,0.6811600923538208,1.004606008529663,0.0,0.0,0.0,58.81465148925781,43.0,137.9585418701172,-0.0,807.9224853515625,1.0,293.1499938964844,293.1499938964844,293.1499938964844,293.1499938964844,293.1499938964844,293.1499938964844,278.1499938964844,0.0,18000.0,313.1499938964844,0.0,18000.0,0.0,0.0,0.0,0.0,0.0,0.0,0.0,0.0,0.0,0.0,-0.0,-0.0,0.0,0.0,0.0,0.0,0.0,-0.0,0.0,0.0,0.0,0.0,0.0,0.0,0.0,0.0,0.0,4.0,0.0,0.0
11959380,297.391845703125,297.1499938964844,293.1499938964844,0.0,-0.0,290.31524658203125,0.8942012786865234,0.1985426396131515,0.1781647205352783,297.4491271972656,297.1499938964844,293.1499938964844,0.0,-0.0,290.3160095214844,0.964933216571808,0.2443305999040603,0.2306541800498962,297.3793029785156,297.1499938964844,293.1499938964844,0.0,-0.0,290.3154296875,0.9081898331642152,0.207489013671875,0.1448977440595626,297.404541015625,297.1499938964844,293.1499938964844,0.0,-0.0,290.31573486328125,0.935815691947937,0.2244482338428497,0.2121102809906005,297.3323669433594,297.1499938964844,293.1499938964844,0.0,-0.0,290.3159484863281,0.958579957485199,0.2392424345016479,1.0733798742294312,290.31689453125,290.45001220703125,287.1467590332031,286.1600646972656,290.41119384765625,297.3985900878906,290.322509765625,1.0,0.3920480906963348,1.0,1.0,0.3878151178359985,1.0,-2.20772385597229,1.5047478675842283,0.7029760479927063,1.0041121244430542,0.0,0.0,0.0,50.2514533996582,46.0,137.57167053222656,-0.0,800.872314453125,1.0,293.1499938964844,293.1499938964844,293.1499938964844,293.1499938964844,293.1499938964844,293.1499938964844,278.1499938964844,0.0,18000.0,313.1499938964844,0.0,18000.0,0.0,0.0,0.0,0.0,0.0,0.0,0.0,0.0,0.0,0.0,-0.0,-0.0,0.0,0.0,0.0,0.0,0.0,-0.0,0.0,0.0,0.0,0.0,0.0,0.0,0.0,0.0,0.0,4.0,0.0,0.0
11959440,297.391845703125,297.1499938964844,293.1499938964844,0.0,-0.0,290.31524658203125,0.8942012786865234,0.1985426396131515,0.1781647205352783,297.4491271972656,297.1499938964844,293.1499938964844,0.0,-0.0,290.3160095214844,0.964933216571808,0.2443305999040603,0.2306541800498962,297.3793029785156,297.1499938964844,293.1499938964844,0.0,-0.0,290.3154296875,0.9081898331642152,0.207489013671875,0.1448977440595626,297.404541015625,297.1499938964844,293.1499938964844,0.0,-0.0,290.31573486328125,0.935815691947937,0.2244482338428497,0.2121102809906005,297.3323669433594,297.1499938964844,293.1499938964844,0.0,-0.0,290.3159484863281,0.958579957485199,0.2392424345016479,1.0733798742294312,290.31689453125,290.45001220703125,287.1467590332031,286.1600646972656,290.41119384765625,297.3985900878906,290.322509765625,1.0,0.3920480906963348,1.0,1.0,0.3878151178359985,1.0,-2.20772385597229,1.5047478675842283,0.7029760479927063,1.0041121244430542,0.0,0.0,0.0,50.2514533996582,46.0,137.57167053222656,-0.0,800.872314453125,1.0,293.1499938964844,293.1499938964844,293.1499938964844,293.1499938964844,293.1499938964844,293.1499938964844,278.1499938964844,0.0,18000.0,313.1499938964844,0.0,18000.0,0.0,0.0,0.0,0.0,0.0,0.0,0.0,0.0,0.0,0.0,-0.0,-0.0,0.0,0.0,0.0,0.0,0.0,-0.0,0.0,0.0,0.0,0.0,0.0,0.0,0.0,0.0,0.0,4.0,0.0,0.0
11959500,297.3963623046875,297.1499938964844,293.1499938964844,0.0,-0.0,290.3645935058594,0.9304158687591552,0.2005187422037124,0.1798000484704971,297.4534912109375,297.1499938964844,293.1499938964844,0.0,-0.0,290.3653564453125,0.9958069324493408,0.2466550171375274,0.2326976656913757,297.382080078125,297.1499938964844,293.1499938964844,0.0,-0.0,290.3647766113281,0.9459112882614136,0.2092147767543792,0.1459968835115432,297.4072265625,297.1499938964844,293.1499938964844,0.0,-0.0,290.36505126953125,0.9721000790596008,0.2263249456882476,0.2137403935194015,297.335205078125,297.1499938964844,293.1499938964844,0.0,-0.0,290.3652648925781,0.9900376796722412,0.2406765818595886,1.0791263580322266,290.3662109375,290.45001220703125,287.17144775390625,286.17706298828125,290.4598388671875,297.4022521972656,290.3717956542969,1.0,0.391909509897232,1.0,1.0,0.3903284072875976,1.0,-2.222038507461548,1.507853388786316,0.7141851782798767,1.004080057144165,0.0,0.0,0.0,47.39234161376953,46.0,137.35537719726562,-0.0,803.35693359375,1.0,293.1499938964844,293.1499938964844,293.1499938964844,293.1499938964844,293.1499938964844,293.1499938964844,278.1499938964844,0.0,18000.0,313.1499938964844,0.0,18000.0,0.0,0.0,0.0,0.0,0.0,0.0,0.0,0.0,0.0,0.0,-0.0,-0.0,0.0,0.0,0.0,0.0,0.0,-0.0,0.0,0.0,0.0,0.0,0.0,0.0,0.0,0.0,0.0,4.0,0.0,0.0
11959560,297.4005126953125,297.1499938964844,293.1499938964844,0.0,-0.0,290.41278076171875,0.9401540756225586,0.2024865895509719,0.1815499067306518,297.4608459472656,297.1499938964844,293.1499938964844,0.0,-0.0,290.4133605957031,0.9926156401634216,0.2492960691452026,0.2258289456367492,297.38458251953125,297.1499938964844,293.1499938964844,0.0,-0.0,290.4129333496094,0.9547688364982604,0.210930123925209,0.147182211279869,297.40966796875,297.1499938964844,293.1499938964844,0.0,-0.0,290.4132080078125,0.9797587394714355,0.2281915247440338,0.2154870778322219,297.3378295898437,297.1499938964844,293.1499938964844,0.0,-0.0,290.41339111328125,0.9959202408790588,0.2421061247587204,1.0854332447052002,290.41424560546875,290.54998779296875,287.1963195800781,286.194091796875,290.5021057128906,297.40673828125,290.41925048828125,1.0,0.3919331133365631,1.0,1.0,0.3924434781074524,1.0,-2.2245657444000244,1.504451036453247,0.7201148271560669,1.0003993511199951,0.0,0.0,0.0,46.96531295776367,66.0,133.64096069335938,-0.0,804.9386596679688,1.0,293.1499938964844,293.1499938964844,293.1499938964844,293.1499938964844,293.1499938964844,293.1499938964844,278.1499938964844,0.0,18000.0,313.1499938964844,0.0,18000.0,0.0,0.0,0.0,0.0,0.0,0.0,0.0,0.0,0.0,0.0,-0.0,-0.0,0.0,0.0,0.0,0.0,0.0,-0.0,0.0,0.0,0.0,0.0,0.0,0.0,0.0,0.0,0.0,4.0,0.0,0.0
11959620,297.4089050292969,297.1499938964844,293.1499938964844,0.0,-0.0,290.5039367675781,0.9363418221473694,0.2065118849277496,0.1851629167795181,297.4780578613281,297.1499938964844,293.1499938964844,0.0,-0.0,290.50457763671875,0.995918035507202,0.2549932301044464,0.2358543574810028,297.3900451660156,297.1499938964844,293.1499938964844,0.0,-0.0,290.50408935546875,0.950012505054474,0.2144546061754226,0.1496415138244629,297.4150085449219,297.1499938964844,293.1499938964844,0.0,-0.0,290.5043640136719,0.9757036566734314,0.232021689414978,0.219102531671524,297.34356689453125,297.1499938964844,293.1499938964844,0.0,-0.0,290.5045471191406,0.9913346767425536,0.2450668066740036,1.0986993312835691,290.50543212890625,290.6499938964844,287.24664306640625,286.22821044921875,290.593994140625,297.4179992675781,290.5107727050781,1.0,0.4003629088401794,1.0,1.0,0.3966736793518066,1.0,-2.266997814178467,1.520979642868042,0.7460182309150696,1.006977677345276,0.0,0.0,0.0,49.082889556884766,86.0,130.59768676757812,-0.0,852.0172729492188,1.0,293.1499938964844,293.1499938964844,293.1499938964844,293.1499938964844,293.1499938964844,293.1499938964844,278.1499938964844,0.0,18000.0,313.1499938964844,0.0,18000.0,0.0,0.0,0.0,0.0,0.0,0.0,0.0,0.0,0.0,0.0,-0.0,-0.0,0.0,0.0,0.0,0.0,0.0,-0.0,0.0,0.0,0.0,0.0,0.0,0.0,0.0,0.0,0.0,4.0,0.0,0.0
11959680,297.4089050292969,297.1499938964844,293.1499938964844,0.0,-0.0,290.5039367675781,0.9363418221473694,0.2065118849277496,0.1851629167795181,297.4780578613281,297.1499938964844,293.1499938964844,0.0,-0.0,290.50457763671875,0.995918035507202,0.2549932301044464,0.2358543574810028,297.3900451660156,297.1499938964844,293.1499938964844,0.0,-0.0,290.50408935546875,0.950012505054474,0.2144546061754226,0.1496415138244629,297.4150085449219,297.1499938964844,293.1499938964844,0.0,-0.0,290.5043640136719,0.9757036566734314,0.232021689414978,0.219102531671524,297.34356689453125,297.1499938964844,293.1499938964844,0.0,-0.0,290.5045471191406,0.9913346767425536,0.2450668066740036,1.0986993312835691,290.50543212890625,290.6499938964844,287.24664306640625,286.22821044921875,290.593994140625,297.4179992675781,290.5107727050781,1.0,0.4003629088401794,1.0,1.0,0.3966736793518066,1.0,-2.266997814178467,1.520979642868042,0.7460182309150696,1.006977677345276,0.0,0.0,0.0,49.082889556884766,86.0,130.59768676757812,-0.0,852.0172729492188,1.0,293.1499938964844,293.1499938964844,293.1499938964844,293.1499938964844,293.1499938964844,293.1499938964844,278.1499938964844,0.0,18000.0,313.1499938964844,0.0,18000.0,0.0,0.0,0.0,0.0,0.0,0.0,0.0,0.0,0.0,0.0,-0.0,-0.0,0.0,0.0,0.0,0.0,0.0,-0.0,0.0,0.0,0.0,0.0,0.0,0.0,0.0,0.0,0.0,4.0,0.0,0.0
11959740,297.4162292480469,297.1499938964844,293.1499938964844,0.0,-0.0,290.5977478027344,0.8733129501342773,0.2105348110198974,0.1890860050916671,297.4799499511719,297.1499938964844,293.1499938964844,0.0,-0.0,290.5984191894531,0.9414372444152832,0.2593393623828888,0.2450578957796096,297.3948669433594,297.1499938964844,293.1499938964844,0.0,-0.0,290.5978698730469,0.883838415145874,0.2179847508668899,0.152347132563591,297.4197692871094,297.1499938964844,293.1499938964844,0.0,-0.0,290.59814453125,0.9080588221549988,0.2358620911836624,0.2230556607246399,297.3485107421875,297.1499938964844,293.1499938964844,0.0,-0.0,290.5982971191406,0.925892174243927,0.2480212897062301,1.113497614860535,290.5991516113281,290.75,287.29766845703125,286.2624206542969,290.68310546875,297.4216003417969,290.60406494140625,1.0,0.4140884578227997,1.0,1.0,0.4009038507938385,1.0,-2.3084192276000977,1.5365694761276243,0.7718498110771179,1.013652205467224,0.0,0.0,0.0,58.56108474731445,106.0,128.79995727539062,-0.0,929.8046264648438,1.0,293.1499938964844,293.1499938964844,293.1499938964844,293.1499938964844,293.1499938964844,293.1499938964844,278.1499938964844,0.0,18000.0,313.1499938964844,0.0,18000.0,0.0,0.0,0.0,0.0,0.0,0.0,0.0,0.0,0.0,0.0,-0.0,-0.0,0.0,0.0,0.0,0.0,0.0,-0.0,0.0,0.0,0.0,0.0,0.0,0.0,0.0,0.0,0.0,4.0,0.0,0.0
11959800,297.4162292480469,297.1499938964844,293.1499938964844,0.0,-0.0,290.5977478027344,0.8733129501342773,0.2105348110198974,0.1890860050916671,297.4799499511719,297.1499938964844,293.1499938964844,0.0,-0.0,290.5984191894531,0.9414372444152832,0.2593393623828888,0.2450578957796096,297.3948669433594,297.1499938964844,293.1499938964844,0.0,-0.0,290.5978698730469,0.883838415145874,0.2179847508668899,0.152347132563591,297.4197692871094,297.1499938964844,293.1499938964844,0.0,-0.0,290.59814453125,0.9080588221549988,0.2358620911836624,0.2230556607246399,297.3485107421875,297.1499938964844,293.1499938964844,0.0,-0.0,290.5982971191406,0.925892174243927,0.2480212897062301,1.113497614860535,290.5991516113281,290.75,287.29766845703125,286.2624206542969,290.68310546875,297.4216003417969,290.60406494140625,1.0,0.4140884578227997,1.0,1.0,0.4009038507938385,1.0,-2.3084192276000977,1.5365694761276243,0.7718498110771179,1.013652205467224,0.0,0.0,0.0,58.56108474731445,106.0,128.79995727539062,-0.0,929.8046264648438,1.0,293.1499938964844,293.1499938964844,293.1499938964844,293.1499938964844,293.1499938964844,293.1499938964844,278.1499938964844,0.0,18000.0,313.1499938964844,0.0,18000.0,0.0,0.0,0.0,0.0,0.0,0.0,0.0,0.0,0.0,0.0,-0.0,-0.0,0.0,0.0,0.0,0.0,0.0,-0.0,0.0,0.0,0.0,0.0,0.0,0.0,0.0,0.0,0.0,4.0,0.0,0.0
11959860,297.4225158691406,297.1499938964844,293.1499938964844,0.0,-0.0,290.6961669921875,0.82000333070755,0.2145429402589798,0.1931552141904831,297.4839782714844,297.1499938964844,293.1499938964844,0.0,-0.0,290.6968994140625,0.8760343790054321,0.2639250457286834,0.2498198896646499,297.3990173339844,297.1499938964844,293.1499938964844,0.0,-0.0,290.6962890625,0.8283093571662903,0.2215076237916946,0.155172660946846,297.42388916015625,297.1499938964844,293.1499938964844,0.0,-0.0,290.69659423828125,0.8489410877227783,0.2396984249353408,0.2271748781204223,297.3526916503906,297.1499938964844,293.1499938964844,0.0,-0.0,290.6967468261719,0.861941397190094,0.2509606182575226,1.1290302276611328,290.6977233886719,290.8500061035156,287.3494567871094,286.29669189453125,290.7880859375,297.42547607421875,290.7032470703125,1.0,0.4305147230625152,1.0,1.0,0.4070439636707306,1.0,-2.346027135848999,1.5453962087631226,0.8006308674812317,1.0141422748565674,0.0,0.0,0.0,72.5816650390625,109.0,136.88201904296875,-0.0,1024.3555908203125,1.0,293.1499938964844,293.1499938964844,293.1499938964844,293.1499938964844,293.1499938964844,293.1499938964844,278.1499938964844,0.0,18000.0,313.1499938964844,0.0,18000.0,0.0,0.0,0.0,0.0,0.0,0.0,0.0,0.0,0.0,0.0,-0.0,-0.0,0.0,0.0,0.0,0.0,0.0,-0.0,0.0,0.0,0.0,0.0,0.0,0.0,0.0,0.0,0.0,4.0,0.0,0.0
11959920,297.4225158691406,297.1499938964844,293.1499938964844,0.0,-0.0,290.6961669921875,0.82000333070755,0.2145429402589798,0.1931552141904831,297.4839782714844,297.1499938964844,293.1499938964844,0.0,-0.0,290.6968994140625,0.8760343790054321,0.2639250457286834,0.2498198896646499,297.3990173339844,297.1499938964844,293.1499938964844,0.0,-0.0,290.6962890625,0.8283093571662903,0.2215076237916946,0.155172660946846,297.42388916015625,297.1499938964844,293.1499938964844,0.0,-0.0,290.69659423828125,0.8489410877227783,0.2396984249353408,0.2271748781204223,297.3526916503906,297.1499938964844,293.1499938964844,0.0,-0.0,290.6967468261719,0.861941397190094,0.2509606182575226,1.1290302276611328,290.6977233886719,290.8500061035156,287.3494567871094,286.29669189453125,290.7880859375,297.42547607421875,290.7032470703125,1.0,0.4305147230625152,1.0,1.0,0.4070439636707306,1.0,-2.346027135848999,1.5453962087631226,0.8006308674812317,1.0141422748565674,0.0,0.0,0.0,72.5816650390625,109.0,136.88201904296875,-0.0,1024.3555908203125,1.0,293.1499938964844,293.1499938964844,293.1499938964844,293.1499938964844,293.1499938964844,293.1499938964844,278.1499938964844,0.0,18000.0,313.1499938964844,0.0,18000.0,0.0,0.0,0.0,0.0,0.0,0.0,0.0,0.0,0.0,0.0,-0.0,-0.0,0.0,0.0,0.0,0.0,0.0,-0.0,0.0,0.0,0.0,0.0,0.0,0.0,0.0,0.0,0.0,4.0,0.0,0.0
11959980,297.4285888671875,297.1499938964844,293.1499938964844,0.0,-0.0,290.7998352050781,0.79526686668396,0.218611940741539,0.1971274763345718,297.4896545410156,297.1499938964844,293.1499938964844,0.0,-0.0,290.8005676269531,0.849370002746582,0.2687311172485351,0.2546614408493042,297.4032287597656,297.1499938964844,293.1499938964844,0.0,-0.0,290.7999572753906,0.8033693432807922,0.2250868380069732,0.1579216122627258,297.42803955078125,297.1499938964844,293.1499938964844,0.0,-0.0,290.8002624511719,0.8239582180976868,0.2435884624719619,0.2311892658472061,297.3568420410156,297.1499938964844,293.1499938964844,0.0,-0.0,290.8003845214844,0.8348677158355713,0.253948450088501,1.1440376043319702,290.8013610839844,290.95001220703125,287.4018859863281,286.3310546875,290.8924865722656,297.4301452636719,290.8068542480469,1.0,0.4430632293224334,1.0,1.0,0.4131840765476227,1.0,-2.3827691078186035,1.5534038543701172,0.8293653130531311,1.0140243768692017,0.0,0.0,0.0,82.9378433227539,97.0,141.95632934570312,-0.0,1105.997802734375,1.0,293.1499938964844,293.1499938964844,293.1499938964844,293.1499938964844,293.1499938964844,293.1499938964844,278.1499938964844,0.0,18000.0,313.1499938964844,0.0,18000.0,0.0,0.0,0.0,0.0,0.0,0.0,0.0,0.0,0.0,0.0,-0.0,-0.0,0.0,0.0,0.0,0.0,0.0,-0.0,0.0,0.0,0.0,0.0,0.0,0.0,0.0,0.0,0.0,4.0,0.0,0.0
11960040,297.4285888671875,297.1499938964844,293.1499938964844,0.0,-0.0,290.7998352050781,0.79526686668396,0.218611940741539,0.1971274763345718,297.4896545410156,297.1499938964844,293.1499938964844,0.0,-0.0,290.8005676269531,0.849370002746582,0.2687311172485351,0.2546614408493042,297.4032287597656,297.1499938964844,293.1499938964844,0.0,-0.0,290.7999572753906,0.8033693432807922,0.2250868380069732,0.1579216122627258,297.42803955078125,297.1499938964844,293.1499938964844,0.0,-0.0,290.8002624511719,0.8239582180976868,0.2435884624719619,0.2311892658472061,297.3568420410156,297.1499938964844,293.1499938964844,0.0,-0.0,290.8003845214844,0.8348677158355713,0.253948450088501,1.1440376043319702,290.8013610839844,290.95001220703125,287.4018859863281,286.3310546875,290.8924865722656,297.4301452636719,290.8068542480469,1.0,0.4430632293224334,1.0,1.0,0.4131840765476227,1.0,-2.3827691078186035,1.5534038543701172,0.8293653130531311,1.0140243768692017,0.0,0.0,0.0,82.9378433227539,97.0,141.95632934570312,-0.0,1105.997802734375,1.0,293.1499938964844,293.1499938964844,293.1499938964844,293.1499938964844,293.1499938964844,293.1499938964844,278.1499938964844,0.0,18000.0,313.1499938964844,0.0,18000.0,0.0,0.0,0.0,0.0,0.0,0.0,0.0,0.0,0.0,0.0,-0.0,-0.0,0.0,0.0,0.0,0.0,0.0,-0.0,0.0,0.0,0.0,0.0,0.0,0.0,0.0,0.0,0.0,4.0,0.0,0.0
11960100,297.4317321777344,297.1499938964844,293.1499938964844,0.0,-0.0,290.8517761230469,0.7938060760498047,0.2206834256649017,0.1990221291780471,297.4929504394531,297.1499938964844,293.1499938964844,0.0,-0.0,290.8525085449219,0.847821056842804,0.2712055444717407,0.2570244073867798,297.40545654296875,297.1499938964844,293.1499938964844,0.0,-0.0,290.8518981933594,0.8015239834785461,0.2269100397825241,0.1592228859663009,297.43023681640625,297.1499938964844,293.1499938964844,0.0,-0.0,290.8521728515625,0.8222372531890869,0.2455646246671676,0.2330954074859619,297.3590393066406,297.1499938964844,293.1499938964844,0.0,-0.0,290.8523254394531,0.8325788974761963,0.2554724216461181,1.1510564088821411,290.853271484375,290.95001220703125,287.4283752441406,286.3482360839844,290.9439392089844,297.4327697753906,290.85870361328125,1.0,0.4464665353298187,1.0,1.0,0.4162541329860687,1.0,-2.4001708030700684,1.556774616241455,0.8433960676193237,1.0135561227798462,0.0,0.0,0.0,84.86636352539062,97.0,142.93663024902344,-0.0,1133.327880859375,1.0,293.1499938964844,293.1499938964844,293.1499938964844,293.1499938964844,293.1499938964844,293.1499938964844,278.1499938964844,0.0,18000.0,313.1499938964844,0.0,18000.0,0.0,0.0,0.0,0.0,0.0,0.0,0.0,0.0,0.0,0.0,-0.0,-0.0,0.0,0.0,0.0,0.0,0.0,-0.0,0.0,0.0,0.0,0.0,0.0,0.0,0.0,0.0,0.0,4.0,0.0,0.0
11960160,297.4349670410156,297.1499938964844,293.1499938964844,0.0,-0.0,290.9023742675781,0.7975980043411255,0.2227866649627685,0.2008748203516006,297.4965209960937,297.1499938964844,293.1499938964844,0.0,-0.0,290.9030456542969,0.8515576124191284,0.2737265825271606,0.2593595087528229,297.4078369140625,297.1499938964844,293.1499938964844,0.0,-0.0,290.9024658203125,0.8049725294113159,0.2287623733282089,0.1604896783828735,297.4325561523437,297.1499938964844,293.1499938964844,0.0,-0.0,290.9027404785156,0.8254573941230774,0.2475676834583282,0.2349528968334198,297.361328125,297.1499938964844,293.1499938964844,0.0,-0.0,290.9028625488281,0.8353087902069092,0.2570228576660156,1.157842040061951,290.9037475585937,291.04998779296875,287.4550170898437,286.3654479980469,290.9906616210937,297.43560791015625,290.9088134765625,1.0,0.4486290514469147,1.0,1.0,0.4188225865364074,1.0,-2.417107343673706,1.560935139656067,0.8561721444129944,1.0139586925506592,0.0,0.0,0.0,84.96562957763672,85.0,140.65530395507812,-0.0,1152.9578857421875,1.0,293.1499938964844,293.1499938964844,293.1499938964844,293.1499938964844,293.1499938964844,293.1499938964844,278.1499938964844,0.0,18000.0,313.1499938964844,0.0,18000.0,0.0,0.0,0.0,0.0,0.0,0.0,0.0,0.0,0.0,0.0,-0.0,-0.0,0.0,0.0,0.0,0.0,0.0,-0.0,0.0,0.0,0.0,0.0,0.0,0.0,0.0,0.0,0.0,4.0,0.0,0.0
11960220,297.441650390625,297.1499938964844,293.1499938964844,0.0,-0.0,290.9980773925781,0.8162749409675598,0.227072536945343,0.2045177221298217,297.5041198730469,297.1499938964844,293.1499938964844,0.0,-0.0,290.99871826171875,0.8711994290351868,0.2788858711719513,0.2640016078948974,297.4129333496094,297.1499938964844,293.1499938964844,0.0,-0.0,290.9981689453125,0.8225163221359253,0.2325446754693985,0.1629720330238342,297.4375,297.1499938964844,293.1499938964844,0.0,-0.0,290.9984130859375,0.842848539352417,0.2516456842422485,0.2385926395654678,297.3662109375,297.1499938964844,293.1499938964844,0.0,-0.0,290.99853515625,0.8521057367324829,0.26019486784935,1.1710530519485474,290.9993896484375,291.1499938964844,287.5087890625,286.3998718261719,291.0820617675781,297.4416809082031,291.0042419433594,1.0,0.4501959979534149,1.0,1.0,0.4239594340324402,1.0,-2.450287342071533,1.568926453590393,0.8813608884811401,1.014575719833374,0.0,0.0,0.0,81.46483612060547,73.0,134.78683471679688,-0.0,1176.69091796875,1.0,293.1499938964844,293.1499938964844,293.1499938964844,293.1499938964844,293.1499938964844,293.1499938964844,278.1499938964844,0.0,18000.0,313.1499938964844,0.0,18000.0,0.0,0.0,0.0,0.0,0.0,0.0,0.0,0.0,0.0,0.0,-0.0,-0.0,0.0,0.0,0.0,0.0,0.0,-0.0,0.0,0.0,0.0,0.0,0.0,0.0,0.0,0.0,0.0,4.0,0.0,0.0
11960280,297.441650390625,297.1499938964844,293.1499938964844,0.0,-0.0,290.9980773925781,0.8162749409675598,0.227072536945343,0.2045177221298217,297.5041198730469,297.1499938964844,293.1499938964844,0.0,-0.0,290.99871826171875,0.8711994290351868,0.2788858711719513,0.2640016078948974,297.4129333496094,297.1499938964844,293.1499938964844,0.0,-0.0,290.9981689453125,0.8225163221359253,0.2325446754693985,0.1629720330238342,297.4375,297.1499938964844,293.1499938964844,0.0,-0.0,290.9984130859375,0.842848539352417,0.2516456842422485,0.2385926395654678,297.3662109375,297.1499938964844,293.1499938964844,0.0,-0.0,290.99853515625,0.8521057367324829,0.26019486784935,1.1710530519485474,290.9993896484375,291.1499938964844,287.5087890625,286.3998718261719,291.0820617675781,297.4416809082031,291.0042419433594,1.0,0.4501959979534149,1.0,1.0,0.4239594340324402,1.0,-2.450287342071533,1.568926453590393,0.8813608884811401,1.014575719833374,0.0,0.0,0.0,81.46483612060547,73.0,134.78683471679688,-0.0,1176.69091796875,1.0,293.1499938964844,293.1499938964844,293.1499938964844,293.1499938964844,293.1499938964844,293.1499938964844,278.1499938964844,0.0,18000.0,313.1499938964844,0.0,18000.0,0.0,0.0,0.0,0.0,0.0,0.0,0.0,0.0,0.0,0.0,-0.0,-0.0,0.0,0.0,0.0,0.0,0.0,-0.0,0.0,0.0,0.0,0.0,0.0,0.0,0.0,0.0,0.0,4.0,0.0,0.0
11960340,297.448486328125,297.1499938964844,293.1499938964844,0.0,-0.0,291.09149169921875,0.8481698036193848,0.2314584255218505,0.2081233859062194,297.5121765136719,297.1499938964844,293.1499938964844,0.0,-0.0,291.09210205078125,0.9085222482681274,0.2841881215572357,0.268646627664566,297.4183959960937,297.1499938964844,293.1499938964844,0.0,-0.0,291.091552734375,0.8541367053985596,0.2364284098148346,0.1654257625341415,297.4427490234375,297.1499938964844,293.1499938964844,0.0,-0.0,291.091796875,0.8766409158706665,0.2558200657367706,0.2421879768371582,297.3714294433594,297.1499938964844,293.1499938964844,0.0,-0.0,291.0918884277344,0.8857012987136841,0.2634608447551727,1.1840455532073977,291.0927429199219,291.1499938964844,287.5632019042969,286.4343566894531,291.1722106933594,297.4481201171875,291.097412109375,1.0,0.4493273496627807,1.0,1.0,0.4290963113307953,1.0,-2.483076333999634,1.5766125917434692,0.906463623046875,1.0149602890014648,0.0,0.0,0.0,74.56324005126953,61.0,130.88845825195312,-0.0,1186.095458984375,1.0,293.1499938964844,293.1499938964844,293.1499938964844,293.1499938964844,293.1499938964844,293.1499938964844,278.1499938964844,0.0,18000.0,313.1499938964844,0.0,18000.0,0.0,0.0,0.0,0.0,0.0,0.0,0.0,0.0,0.0,0.0,-0.0,-0.0,0.0,0.0,0.0,0.0,0.0,-0.0,0.0,0.0,0.0,0.0,0.0,0.0,0.0,0.0,0.0,4.0,0.0,0.0
11960400,297.448486328125,297.1499938964844,293.1499938964844,0.0,-0.0,291.09149169921875,0.8481698036193848,0.2314584255218505,0.2081233859062194,297.5121765136719,297.1499938964844,293.1499938964844,0.0,-0.0,291.09210205078125,0.9085222482681274,0.2841881215572357,0.268646627664566,297.4183959960937,297.1499938964844,293.1499938964844,0.0,-0.0,291.091552734375,0.8541367053985596,0.2364284098148346,0.1654257625341415,297.4427490234375,297.1499938964844,293.1499938964844,0.0,-0.0,291.091796875,0.8766409158706665,0.2558200657367706,0.2421879768371582,297.3714294433594,297.1499938964844,293.1499938964844,0.0,-0.0,291.0918884277344,0.8857012987136841,0.2634608447551727,1.1840455532073977,291.0927429199219,291.1499938964844,287.5632019042969,286.4343566894531,291.1722106933594,297.4481201171875,291.097412109375,1.0,0.4493273496627807,1.0,1.0,0.4290963113307953,1.0,-2.483076333999634,1.5766125917434692,0.906463623046875,1.0149602890014648,0.0,0.0,0.0,74.56324005126953,61.0,130.88845825195312,-0.0,1186.095458984375,1.0,293.1499938964844,293.1499938964844,293.1499938964844,293.1499938964844,293.1499938964844,293.1499938964844,278.1499938964844,0.0,18000.0,313.1499938964844,0.0,18000.0,0.0,0.0,0.0,0.0,0.0,0.0,0.0,0.0,0.0,0.0,-0.0,-0.0,0.0,0.0,0.0,0.0,0.0,-0.0,0.0,0.0,0.0,0.0,0.0,0.0,0.0,0.0,0.0,4.0,0.0,0.0
11960460,297.4554748535156,297.1499938964844,293.1499938964844,0.0,-0.0,291.18280029296875,0.9048647284507751,0.2359494268894195,0.2117391973733902,297.5206298828125,297.1499938964844,293.1499938964844,0.0,-0.0,291.1833801269531,0.974884569644928,0.2896332144737243,0.2733387053012848,297.42401123046875,297.1499938964844,293.1499938964844,0.0,-0.0,291.182861328125,0.9112064838409424,0.2403975278139114,0.167881354689598,297.4481811523437,297.1499938964844,293.1499938964844,0.0,-0.0,291.18310546875,0.9391034245491028,0.2600785493850708,0.2457834780216217,297.3768920898437,297.1499938964844,293.1499938964844,0.0,-0.0,291.18316650390625,0.9485058188438416,0.2668188214302063,1.197050929069519,291.1839904785156,291.1499938964844,287.6181945800781,286.4688415527344,291.2606201171875,297.45477294921875,291.18853759765625,1.0,0.4470488429069519,1.0,1.0,0.4341643154621124,1.0,-2.515952587127685,1.5844453573226929,0.9315072298049928,1.0154610872268677,0.0,0.0,0.0,65.53955841064453,49.0,127.68742370605467,-0.0,1186.6455078125,1.0,293.1499938964844,293.1499938964844,293.1499938964844,293.1499938964844,293.1499938964844,293.1499938964844,278.1499938964844,0.0,18000.0,313.1499938964844,0.0,18000.0,0.0,0.0,0.0,0.0,0.0,0.0,0.0,0.0,0.0,0.0,-0.0,-0.0,0.0,0.0,0.0,0.0,0.0,-0.0,0.0,0.0,0.0,0.0,0.0,0.0,0.0,0.0,0.0,4.0,0.0,0.0
11960520,297.4554748535156,297.1499938964844,293.1499938964844,0.0,-0.0,291.18280029296875,0.9048647284507751,0.2359494268894195,0.2117391973733902,297.5206298828125,297.1499938964844,293.1499938964844,0.0,-0.0,291.1833801269531,0.974884569644928,0.2896332144737243,0.2733387053012848,297.42401123046875,297.1499938964844,293.1499938964844,0.0,-0.0,291.182861328125,0.9112064838409424,0.2403975278139114,0.167881354689598,297.4481811523437,297.1499938964844,293.1499938964844,0.0,-0.0,291.18310546875,0.9391034245491028,0.2600785493850708,0.2457834780216217,297.3768920898437,297.1499938964844,293.1499938964844,0.0,-0.0,291.18316650390625,0.9485058188438416,0.2668188214302063,1.197050929069519,291.1839904785156,291.1499938964844,287.6181945800781,286.4688415527344,291.2606201171875,297.45477294921875,291.18853759765625,1.0,0.4470488429069519,1.0,1.0,0.4341643154621124,1.0,-2.515952587127685,1.5844453573226929,0.9315072298049928,1.0154610872268677,0.0,0.0,0.0,65.53955841064453,49.0,127.68742370605467,-0.0,1186.6455078125,1.0,293.1499938964844,293.1499938964844,293.1499938964844,293.1499938964844,293.1499938964844,293.1499938964844,278.1499938964844,0.0,18000.0,313.1499938964844,0.0,18000.0,0.0,0.0,0.0,0.0,0.0,0.0,0.0,0.0,0.0,0.0,-0.0,-0.0,0.0,0.0,0.0,0.0,0.0,-0.0,0.0,0.0,0.0,0.0,0.0,0.0,0.0,0.0,0.0,4.0,0.0,0.0
11960580,297.4620056152344,297.1499938964844,293.1499938964844,0.0,-0.0,291.27215576171875,0.9663869142532348,0.2404816299676895,0.215556725859642,297.5381164550781,297.1499938964844,293.1499938964844,0.0,-0.0,291.2724914550781,0.9986189007759094,0.296067863702774,0.2545629739761352,297.4286804199219,297.1499938964844,293.1499938964844,0.0,-0.0,291.272216796875,0.9716393351554872,0.2443425506353378,0.170451819896698,297.45269775390625,297.1499938964844,293.1499938964844,0.0,-0.0,291.2724304199219,0.9937341809272766,0.2643152177333832,0.2495363056659698,297.3818054199219,297.1499938964844,293.1499938964844,0.0,-0.0,291.2724914550781,0.9987221956253052,0.2701931893825531,1.2080634832382202,291.27325439453125,291.1499938964844,287.6737976074219,286.5033874511719,291.3453063964844,297.4638671875,291.2773742675781,1.0,0.4424113929271698,1.0,1.0,0.4392323195934295,1.0,-2.51897406578064,1.5744850635528564,0.9444891214370728,1.00555157661438,0.0,0.0,0.0,59.11751556396485,69.0,123.64698028564452,-0.0,1162.5751953125,1.0,293.1499938964844,293.1499938964844,293.1499938964844,293.1499938964844,293.1499938964844,293.1499938964844,278.1499938964844,0.0,18000.0,313.1499938964844,0.0,18000.0,0.0,0.0,0.0,0.0,0.0,0.0,0.0,0.0,0.0,0.0,-0.0,-0.0,0.0,0.0,0.0,0.0,0.0,-0.0,0.0,0.0,0.0,0.0,0.0,0.0,0.0,0.0,0.0,4.0,0.0,0.0
11960640,297.4620056152344,297.1499938964844,293.1499938964844,0.0,-0.0,291.27215576171875,0.9663869142532348,0.2404816299676895,0.215556725859642,297.5381164550781,297.1499938964844,293.1499938964844,0.0,-0.0,291.2724914550781,0.9986189007759094,0.296067863702774,0.2545629739761352,297.4286804199219,297.1499938964844,293.1499938964844,0.0,-0.0,291.272216796875,0.9716393351554872,0.2443425506353378,0.170451819896698,297.45269775390625,297.1499938964844,293.1499938964844,0.0,-0.0,291.2724304199219,0.9937341809272766,0.2643152177333832,0.2495363056659698,297.3818054199219,297.1499938964844,293.1499938964844,0.0,-0.0,291.2724914550781,0.9987221956253052,0.2701931893825531,1.2080634832382202,291.27325439453125,291.1499938964844,287.6737976074219,286.5033874511719,291.3453063964844,297.4638671875,291.2773742675781,1.0,0.4424113929271698,1.0,1.0,0.4392323195934295,1.0,-2.51897406578064,1.5744850635528564,0.9444891214370728,1.00555157661438,0.0,0.0,0.0,59.11751556396485,69.0,123.64698028564452,-0.0,1162.5751953125,1.0,293.1499938964844,293.1499938964844,293.1499938964844,293.1499938964844,293.1499938964844,293.1499938964844,278.1499938964844,0.0,18000.0,313.1499938964844,0.0,18000.0,0.0,0.0,0.0,0.0,0.0,0.0,0.0,0.0,0.0,0.0,-0.0,-0.0,0.0,0.0,0.0,0.0,0.0,-0.0,0.0,0.0,0.0,0.0,0.0,0.0,0.0,0.0,0.0,4.0,0.0,0.0
11960700,297.4652709960937,297.1499938964844,293.1499938964844,0.0,-0.0,291.31427001953125,0.9698004722595216,0.2427786141633987,0.2175881713628769,297.5543518066406,297.1499938964844,293.1499938964844,0.0,-0.0,291.3145446777344,0.9985724687576294,0.3001209199428558,0.2541815340518951,297.43096923828125,297.1499938964844,293.1499938964844,0.0,-0.0,291.3143005371094,0.9745097160339355,0.2463340163230896,0.1718209385871887,297.4549560546875,297.1499938964844,293.1499938964844,0.0,-0.0,291.31451416015625,0.9960380792617798,0.2664532959461212,0.2515269517898559,297.3854675292969,297.1499938964844,293.1499938964844,0.0,-0.0,291.3145446777344,0.9986273050308228,0.2720202207565307,1.206006407737732,291.3153076171875,291.1499938964844,287.7017822265625,286.5206298828125,291.3883361816406,297.4725036621094,291.3196105957031,1.0,0.4436153173446655,1.0,1.0,0.4417663216590881,1.0,-2.522310256958008,1.5707862377166748,0.951524019241333,1.0004976987838743,0.0,0.0,0.0,59.15376663208008,69.0,121.68489837646484,-0.0,1166.7684326171875,1.0,293.1499938964844,293.1499938964844,293.1499938964844,293.1499938964844,293.1499938964844,293.1499938964844,278.1499938964844,0.0,18000.0,313.1499938964844,0.0,18000.0,0.0,0.0,0.0,0.0,0.0,0.0,0.0,0.0,0.0,0.0,-0.0,-0.0,0.0,0.0,0.0,0.0,0.0,-0.0,0.0,0.0,0.0,0.0,0.0,0.0,0.0,0.0,0.0,4.0,0.0,0.0
11960760,297.46875,297.1499938964844,293.1499938964844,0.0,-0.0,291.3479309082031,0.9710400700569152,0.2451167702674865,0.2196739166975021,297.5686340332031,297.1499938964844,293.1499938964844,0.0,-0.0,291.3480529785156,0.9987657070159912,0.3040871918201446,0.2558170855045318,297.4335632324219,297.1499938964844,293.1499938964844,0.0,-0.0,291.3479309082031,0.9752901196479796,0.2483654171228408,0.1732293367385864,297.4574890136719,297.1499938964844,293.1499938964844,0.0,-0.0,291.3480529785156,0.9966487288475036,0.2686330676078796,0.2535716593265533,297.3897705078125,297.1499938964844,293.1499938964844,0.0,-0.0,291.3480529785156,0.9987843036651612,0.2739321291446686,1.2135813236236572,291.34844970703125,291.1499938964844,287.7299499511719,286.53790283203125,291.399169921875,297.4799499511719,291.3505859375,1.0,0.4469648599624634,1.0,1.0,0.4399821162223816,1.0,-2.540064811706543,1.5847327709197998,0.9553321599960328,1.0101988315582275,0.0,0.0,0.0,59.92974090576172,89.0,101.14225769042967,-0.0,1191.3489990234375,1.0,293.1499938964844,293.1499938964844,293.1499938964844,293.1499938964844,293.1499938964844,293.1499938964844,278.1499938964844,0.0,18000.0,313.1499938964844,0.0,18000.0,0.0,0.0,0.0,0.0,0.0,0.0,0.0,0.0,0.0,0.0,-0.0,-0.0,0.0,0.0,0.0,0.0,0.0,-0.0,0.0,0.0,0.0,0.0,0.0,0.0,0.0,0.0,0.0,4.0,0.0,0.0
11960820,297.4739074707031,297.1499938964844,293.1499938964844,0.0,-0.0,291.38201904296875,0.9628468751907348,0.2496805638074875,0.2238596826791763,297.5873718261719,297.1499938964844,293.1499938964844,0.0,-0.0,291.3821105957031,0.9990000128746032,0.3113050460815429,0.2685399055480957,297.4374694824219,297.1499938964844,293.1499938964844,0.0,-0.0,291.38201904296875,0.9665054678916932,0.2523566484451294,0.1760753840208053,297.4614562988281,297.1499938964844,293.1499938964844,0.0,-0.0,291.382080078125,0.9894850850105286,0.2729344964027405,0.2577108740806579,297.39453125,297.1499938964844,293.1499938964844,0.0,-0.0,291.3821105957031,0.9939480423927308,0.2774597108364105,1.2437386512756348,291.3823547363281,291.1499938964844,287.78662109375,286.57244873046875,291.4152526855469,297.4898986816406,291.384033203125,1.0,0.4594621360301971,1.0,1.0,0.4364137351512909,1.0,-2.6058437824249268,1.6319222450256348,0.9739214777946472,1.0424052476882937,0.0,0.0,0.0,63.78170394897461,109.0,61.948184967041016,-0.0,1289.2119140625,1.0,293.1499938964844,293.1499938964844,293.1499938964844,293.1499938964844,293.1499938964844,293.1499938964844,278.1499938964844,0.0,18000.0,313.1499938964844,0.0,18000.0,0.0,0.0,0.0,0.0,0.0,0.0,0.0,0.0,0.0,0.0,-0.0,-0.0,0.0,0.0,0.0,0.0,0.0,-0.0,0.0,0.0,0.0,0.0,0.0,0.0,0.0,0.0,0.0,4.0,0.0,0.0
11960880,297.4739074707031,297.1499938964844,293.1499938964844,0.0,-0.0,291.38201904296875,0.9628468751907348,0.2496805638074875,0.2238596826791763,297.5873718261719,297.1499938964844,293.1499938964844,0.0,-0.0,291.3821105957031,0.9990000128746032,0.3113050460815429,0.2685399055480957,297.4374694824219,297.1499938964844,293.1499938964844,0.0,-0.0,291.38201904296875,0.9665054678916932,0.2523566484451294,0.1760753840208053,297.4614562988281,297.1499938964844,293.1499938964844,0.0,-0.0,291.382080078125,0.9894850850105286,0.2729344964027405,0.2577108740806579,297.39453125,297.1499938964844,293.1499938964844,0.0,-0.0,291.3821105957031,0.9939480423927308,0.2774597108364105,1.2437386512756348,291.3823547363281,291.1499938964844,287.78662109375,286.57244873046875,291.4152526855469,297.4898986816406,291.384033203125,1.0,0.4594621360301971,1.0,1.0,0.4364137351512909,1.0,-2.6058437824249268,1.6319222450256348,0.9739214777946472,1.0424052476882937,0.0,0.0,0.0,63.78170394897461,109.0,61.948184967041016,-0.0,1289.2119140625,1.0,293.1499938964844,293.1499938964844,293.1499938964844,293.1499938964844,293.1499938964844,293.1499938964844,278.1499938964844,0.0,18000.0,313.1499938964844,0.0,18000.0,0.0,0.0,0.0,0.0,0.0,0.0,0.0,0.0,0.0,0.0,-0.0,-0.0,0.0,0.0,0.0,0.0,0.0,-0.0,0.0,0.0,0.0,0.0,0.0,0.0,0.0,0.0,0.0,4.0,0.0,0.0
11960940,297.4754943847656,297.1499938964844,293.1499938964844,0.0,-0.0,291.40704345703125,0.9064621925354004,0.2539477944374084,0.2280682027339935,297.57647705078125,297.1499938964844,293.1499938964844,0.0,-0.0,291.4071960449219,0.9804792404174804,0.3157699406147003,0.2985260188579559,297.4385681152344,297.1499938964844,293.1499938964844,0.0,-0.0,291.4070739746094,0.9094182252883912,0.2561122477054596,0.1789820790290832,297.4627380371094,297.1499938964844,293.1499938964844,0.0,-0.0,291.4071044921875,0.9370673298835754,0.2770124673843384,0.2619456350803375,297.3950500488281,297.1499938964844,293.1499938964844,0.0,-0.0,291.4071350097656,0.942003071308136,0.2806142568588257,1.2597196102142334,291.4073181152344,291.1499938964844,287.8438415527344,286.60699462890625,291.4276123046875,297.48663330078125,291.4083557128906,1.0,0.4767481982707977,1.0,1.0,0.4328453242778778,1.0,-2.673888683319092,1.680715560913086,0.9931732416152954,1.0762947797775269,0.0,0.0,0.0,74.49673461914062,129.0,40.56833267211914,-0.0,1426.950927734375,1.0,293.1499938964844,293.1499938964844,293.1499938964844,293.1499938964844,293.1499938964844,293.1499938964844,278.1499938964844,0.0,18000.0,313.1499938964844,0.0,18000.0,0.0,0.0,0.0,0.0,0.0,0.0,0.0,0.0,0.0,0.0,-0.0,-0.0,0.0,0.0,0.0,0.0,0.0,-0.0,0.0,0.0,0.0,0.0,0.0,0.0,0.0,0.0,0.0,4.0,0.0,0.0
11961000,297.4754943847656,297.1499938964844,293.1499938964844,0.0,-0.0,291.40704345703125,0.9064621925354004,0.2539477944374084,0.2280682027339935,297.57647705078125,297.1499938964844,293.1499938964844,0.0,-0.0,291.4071960449219,0.9804792404174804,0.3157699406147003,0.2985260188579559,297.4385681152344,297.1499938964844,293.1499938964844,0.0,-0.0,291.4070739746094,0.9094182252883912,0.2561122477054596,0.1789820790290832,297.4627380371094,297.1499938964844,293.1499938964844,0.0,-0.0,291.4071044921875,0.9370673298835754,0.2770124673843384,0.2619456350803375,297.3950500488281,297.1499938964844,293.1499938964844,0.0,-0.0,291.4071350097656,0.942003071308136,0.2806142568588257,1.2597196102142334,291.4073181152344,291.1499938964844,287.8438415527344,286.60699462890625,291.4276123046875,297.48663330078125,291.4083557128906,1.0,0.4767481982707977,1.0,1.0,0.4328453242778778,1.0,-2.673888683319092,1.680715560913086,0.9931732416152954,1.0762947797775269,0.0,0.0,0.0,74.49673461914062,129.0,40.56833267211914,-0.0,1426.950927734375,1.0,293.1499938964844,293.1499938964844,293.1499938964844,293.1499938964844,293.1499938964844,293.1499938964844,278.1499938964844,0.0,18000.0,313.1499938964844,0.0,18000.0,0.0,0.0,0.0,0.0,0.0,0.0,0.0,0.0,0.0,0.0,-0.0,-0.0,0.0,0.0,0.0,0.0,0.0,-0.0,0.0,0.0,0.0,0.0,0.0,0.0,0.0,0.0,0.0,4.0,0.0,0.0
11961060,297.4729919433594,297.1499938964844,293.1499938964844,0.0,-0.0,291.4073486328125,0.8422799110412598,0.257822036743164,0.2322494387626648,297.5623779296875,297.1499938964844,293.1499938964844,0.0,-0.0,291.4073181152344,0.904657244682312,0.3197361826896667,0.3028005361557007,297.4361877441406,297.1499938964844,293.1499938964844,0.0,-0.0,291.4073486328125,0.844149112701416,0.2595294415950775,0.1819054931402206,297.4606018066406,297.1499938964844,293.1499938964844,0.0,-0.0,291.4073486328125,0.8658071756362915,0.2807589471340179,0.2662104964256286,297.3920288085937,297.1499938964844,293.1499938964844,0.0,-0.0,291.4073486328125,0.8687663674354553,0.2834137976169586,1.2757484912872314,291.4072570800781,291.1499938964844,287.90155029296875,286.6415100097656,291.40789794921875,297.4780578613281,291.4069519042969,1.0,0.4945490658283233,1.0,1.0,0.4260279536247253,1.0,-2.71195125579834,1.7197422981262207,0.9922088384628296,1.1067743301391602,0.0,0.0,0.0,92.65219116210938,147.0,7.572525501251221,-0.0,1562.9764404296875,1.0,293.1499938964844,293.1499938964844,293.1499938964844,293.1499938964844,293.1499938964844,293.1499938964844,278.1499938964844,0.0,18000.0,313.1499938964844,0.0,18000.0,0.0,0.0,0.0,0.0,0.0,0.0,0.0,0.0,0.0,0.0,-0.0,-0.0,0.0,0.0,0.0,0.0,0.0,-0.0,0.0,0.0,0.0,0.0,0.0,0.0,0.0,0.0,0.0,4.0,0.0,0.0
11961120,297.4729919433594,297.1499938964844,293.1499938964844,0.0,-0.0,291.4073486328125,0.8422799110412598,0.257822036743164,0.2322494387626648,297.5623779296875,297.1499938964844,293.1499938964844,0.0,-0.0,291.4073181152344,0.904657244682312,0.3197361826896667,0.3028005361557007,297.4361877441406,297.1499938964844,293.1499938964844,0.0,-0.0,291.4073486328125,0.844149112701416,0.2595294415950775,0.1819054931402206,297.4606018066406,297.1499938964844,293.1499938964844,0.0,-0.0,291.4073486328125,0.8658071756362915,0.2807589471340179,0.2662104964256286,297.3920288085937,297.1499938964844,293.1499938964844,0.0,-0.0,291.4073486328125,0.8687663674354553,0.2834137976169586,1.2757484912872314,291.4072570800781,291.1499938964844,287.90155029296875,286.6415100097656,291.40789794921875,297.4780578613281,291.4069519042969,1.0,0.4945490658283233,1.0,1.0,0.4260279536247253,1.0,-2.71195125579834,1.7197422981262207,0.9922088384628296,1.1067743301391602,0.0,0.0,0.0,92.65219116210938,147.0,7.572525501251221,-0.0,1562.9764404296875,1.0,293.1499938964844,293.1499938964844,293.1499938964844,293.1499938964844,293.1499938964844,293.1499938964844,278.1499938964844,0.0,18000.0,313.1499938964844,0.0,18000.0,0.0,0.0,0.0,0.0,0.0,0.0,0.0,0.0,0.0,0.0,-0.0,-0.0,0.0,0.0,0.0,0.0,0.0,-0.0,0.0,0.0,0.0,0.0,0.0,0.0,0.0,0.0,0.0,4.0,0.0,0.0
11961180,297.4674987792969,297.1499938964844,293.1499938964844,0.0,-0.0,291.3948669433594,0.8033201694488525,0.2613572776317596,0.2361372858285904,297.553466796875,297.1499938964844,293.1499938964844,0.0,-0.0,291.394775390625,0.8597544431686401,0.3240523934364319,0.3074919879436493,297.4312744140625,297.1499938964844,293.1499938964844,0.0,-0.0,291.3948669433594,0.8047796487808228,0.262660264968872,0.1846393793821334,297.4559326171875,297.1499938964844,293.1499938964844,0.0,-0.0,291.39483642578125,0.8251975774765015,0.2842220067977905,0.2702231407165527,297.3863220214844,297.1499938964844,293.1499938964844,0.0,-0.0,291.39483642578125,0.8269222974777222,0.2859042286872864,1.2904648780822754,291.39471435546875,291.1499938964844,287.9597473144531,286.676025390625,291.38751220703125,297.4706420898437,291.3941650390625,1.0,0.5119345784187317,1.0,1.0,0.4192105829715729,1.0,-2.7480556964874268,1.7583882808685305,0.9896674752235411,1.1373134851455688,0.0,0.0,0.0,111.37920379638672,135.0,-10.957907676696776,-0.0,1702.5030517578125,1.0,293.1499938964844,293.1499938964844,293.1499938964844,293.1499938964844,293.1499938964844,293.1499938964844,278.1499938964844,0.0,18000.0,313.1499938964844,0.0,18000.0,0.0,0.0,0.0,0.0,0.0,0.0,0.0,0.0,0.0,0.0,-0.0,-0.0,0.0,0.0,0.0,0.0,0.0,-0.0,0.0,0.0,0.0,0.0,0.0,0.0,0.0,0.0,0.0,4.0,0.0,0.0
11961240,297.4674987792969,297.1499938964844,293.1499938964844,0.0,-0.0,291.3948669433594,0.8033201694488525,0.2613572776317596,0.2361372858285904,297.553466796875,297.1499938964844,293.1499938964844,0.0,-0.0,291.394775390625,0.8597544431686401,0.3240523934364319,0.3074919879436493,297.4312744140625,297.1499938964844,293.1499938964844,0.0,-0.0,291.3948669433594,0.8047796487808228,0.262660264968872,0.1846393793821334,297.4559326171875,297.1499938964844,293.1499938964844,0.0,-0.0,291.39483642578125,0.8251975774765015,0.2842220067977905,0.2702231407165527,297.3863220214844,297.1499938964844,293.1499938964844,0.0,-0.0,291.39483642578125,0.8269222974777222,0.2859042286872864,1.2904648780822754,291.39471435546875,291.1499938964844,287.9597473144531,286.676025390625,291.38751220703125,297.4706420898437,291.3941650390625,1.0,0.5119345784187317,1.0,1.0,0.4192105829715729,1.0,-2.7480556964874268,1.7583882808685305,0.9896674752235411,1.1373134851455688,0.0,0.0,0.0,111.37920379638672,135.0,-10.957907676696776,-0.0,1702.5030517578125,1.0,293.1499938964844,293.1499938964844,293.1499938964844,293.1499938964844,293.1499938964844,293.1499938964844,278.1499938964844,0.0,18000.0,313.1499938964844,0.0,18000.0,0.0,0.0,0.0,0.0,0.0,0.0,0.0,0.0,0.0,0.0,-0.0,-0.0,0.0,0.0,0.0,0.0,0.0,-0.0,0.0,0.0,0.0,0.0,0.0,0.0,0.0,0.0,0.0,4.0,0.0,0.0
11961300,297.4639587402344,297.1499938964844,293.1499938964844,0.0,-0.0,291.3870544433594,0.7961392402648926,0.263021856546402,0.2378140836954116,297.5498046875,297.1499938964844,293.1499938964844,0.0,-0.0,291.3869323730469,0.8524690866470337,0.3262480199337005,0.309717983007431,297.4281616210937,297.1499938964844,293.1499938964844,0.0,-0.0,291.3870544433594,0.7973823547363281,0.2641356885433197,0.1858093291521072,297.452880859375,297.1499938964844,293.1499938964844,0.0,-0.0,291.3869934082031,0.8183020949363708,0.2858619093894958,0.2719621956348419,297.3827209472656,297.1499938964844,293.1499938964844,0.0,-0.0,291.3869934082031,0.8195846080780029,0.2870478928089142,1.2965121269226074,291.3868713378906,291.1499938964844,287.989013671875,286.6932678222656,291.3772888183594,297.4669494628906,291.38623046875,1.0,0.5165704488754272,1.0,1.0,0.4158018827438354,1.0,-2.7635152339935303,1.7763322591781616,0.987182915210724,1.1518394947052002,0.0,0.0,0.0,116.20286560058594,135.0,-16.239959716796875,-0.0,1748.279541015625,1.0,293.1499938964844,293.1499938964844,293.1499938964844,293.1499938964844,293.1499938964844,293.1499938964844,278.1499938964844,0.0,18000.0,313.1499938964844,0.0,18000.0,0.0,0.0,0.0,0.0,0.0,0.0,0.0,0.0,0.0,0.0,-0.0,-0.0,0.0,0.0,0.0,0.0,0.0,-0.0,0.0,0.0,0.0,0.0,0.0,0.0,0.0,0.0,0.0,4.0,0.0,0.0
11961360,297.4602355957031,297.1499938964844,293.1499938964844,0.0,-0.0,291.3788146972656,0.7946051955223083,0.2646434307098388,0.2393437325954437,297.5464782714844,297.1499938964844,293.1499938964844,0.0,-0.0,291.3786926269531,0.8510462641716003,0.3284542262554168,0.3118516802787781,297.42486572265625,297.1499938964844,293.1499938964844,0.0,-0.0,291.3788146972656,0.7956480979919434,0.2655726075172424,0.1868688911199569,297.4496154785156,297.1499938964844,293.1499938964844,0.0,-0.0,291.3787536621094,0.8166975975036621,0.2874600887298584,0.2735494375228882,297.3788757324219,297.1499938964844,293.1499938964844,0.0,-0.0,291.3787536621094,0.8175348043441772,0.2881430685520172,1.3018090724945068,291.3786315917969,291.1499938964844,288.0184020996094,286.71051025390625,291.36834716796875,297.46337890625,291.3780212402344,1.0,0.5196064710617065,1.0,1.0,0.4125608503818512,1.0,-2.7774667739868164,1.7930858135223389,0.984380841255188,1.1654702425003052,0.0,0.0,0.0,118.32581329345705,123.0,-19.191749572753903,-0.0,1779.4486083984375,1.0,293.1499938964844,293.1499938964844,293.1499938964844,293.1499938964844,293.1499938964844,293.1499938964844,278.1499938964844,0.0,18000.0,313.1499938964844,0.0,18000.0,0.0,0.0,0.0,0.0,0.0,0.0,0.0,0.0,0.0,0.0,-0.0,-0.0,0.0,0.0,0.0,0.0,0.0,-0.0,0.0,0.0,0.0,0.0,0.0,0.0,0.0,0.0,0.0,4.0,0.0,0.0
11961420,297.4526062011719,297.1499938964844,293.1499938964844,0.0,-0.0,291.36248779296875,0.8013923168182373,0.2678000032901764,0.2421250790357589,297.5406188964844,297.1499938964844,293.1499938964844,0.0,-0.0,291.3623962402344,0.8583571910858154,0.3328821063041687,0.315942108631134,297.4181213378906,297.1499938964844,293.1499938964844,0.0,-0.0,291.36248779296875,0.8020638227462769,0.2683718502521515,0.1887804716825485,297.44287109375,297.1499938964844,293.1499938964844,0.0,-0.0,291.3624267578125,0.8228034973144531,0.290571391582489,0.276433378458023,297.370849609375,297.1499938964844,293.1499938964844,0.0,-0.0,291.3624267578125,0.8227364420890808,0.2902294397354126,1.310938000679016,291.3623046875,291.1499938964844,288.0774841308594,286.7449645996094,291.3509521484375,297.4565734863281,291.3616638183594,1.0,0.522083580493927,1.0,1.0,0.4060787856578827,1.0,-2.8024630546569824,1.825080394744873,0.9773827195167542,1.1918491125106812,0.0,0.0,0.0,117.47930145263672,111.0,-21.890180587768555,-0.0,1813.802001953125,1.0,293.1499938964844,293.1499938964844,293.1499938964844,293.1499938964844,293.1499938964844,293.1499938964844,278.1499938964844,0.0,18000.0,313.1499938964844,0.0,18000.0,0.0,0.0,0.0,0.0,0.0,0.0,0.0,0.0,0.0,0.0,-0.0,-0.0,0.0,0.0,0.0,0.0,0.0,-0.0,0.0,0.0,0.0,0.0,0.0,0.0,0.0,0.0,0.0,4.0,0.0,0.0
11961480,297.4526062011719,297.1499938964844,293.1499938964844,0.0,-0.0,291.36248779296875,0.8013923168182373,0.2678000032901764,0.2421250790357589,297.5406188964844,297.1499938964844,293.1499938964844,0.0,-0.0,291.3623962402344,0.8583571910858154,0.3328821063041687,0.315942108631134,297.4181213378906,297.1499938964844,293.1499938964844,0.0,-0.0,291.36248779296875,0.8020638227462769,0.2683718502521515,0.1887804716825485,297.44287109375,297.1499938964844,293.1499938964844,0.0,-0.0,291.3624267578125,0.8228034973144531,0.290571391582489,0.276433378458023,297.370849609375,297.1499938964844,293.1499938964844,0.0,-0.0,291.3624267578125,0.8227364420890808,0.2902294397354126,1.310938000679016,291.3623046875,291.1499938964844,288.0774841308594,286.7449645996094,291.3509521484375,297.4565734863281,291.3616638183594,1.0,0.522083580493927,1.0,1.0,0.4060787856578827,1.0,-2.8024630546569824,1.825080394744873,0.9773827195167542,1.1918491125106812,0.0,0.0,0.0,117.47930145263672,111.0,-21.890180587768555,-0.0,1813.802001953125,1.0,293.1499938964844,293.1499938964844,293.1499938964844,293.1499938964844,293.1499938964844,293.1499938964844,278.1499938964844,0.0,18000.0,313.1499938964844,0.0,18000.0,0.0,0.0,0.0,0.0,0.0,0.0,0.0,0.0,0.0,0.0,-0.0,-0.0,0.0,0.0,0.0,0.0,0.0,-0.0,0.0,0.0,0.0,0.0,0.0,0.0,0.0,0.0,0.0,4.0,0.0,0.0
11961540,297.445068359375,297.1499938964844,293.1499938964844,0.0,-0.0,291.3457946777344,0.8173847794532776,0.2708708047866821,0.2446565628051757,297.5354919433594,297.1499938964844,293.1499938964844,0.0,-0.0,291.345703125,0.8762211203575134,0.3373101651668548,0.3198629915714264,297.4115905761719,297.1499938964844,293.1499938964844,0.0,-0.0,291.3457946777344,0.8176862597465515,0.2711051702499389,0.1905106306076049,297.43621826171875,297.1499938964844,293.1499938964844,0.0,-0.0,291.34576416015625,0.8380138874053955,0.2936046123504638,0.2790596485137939,297.36285400390625,297.1499938964844,293.1499938964844,0.0,-0.0,291.34576416015625,0.8370203971862793,0.2922150492668152,1.3187404870986938,291.3456420898437,291.1499938964844,288.1369934082031,286.77935791015625,291.3340148925781,297.4502258300781,291.344970703125,1.0,0.5214104652404785,1.0,1.0,0.3995967507362366,1.0,-2.8248331546783447,1.855853080749512,0.968980073928833,1.217574954032898,0.0,0.0,0.0,112.11065673828124,99.0,-22.86727905273437,-0.0,1822.795654296875,1.0,293.1499938964844,293.1499938964844,293.1499938964844,293.1499938964844,293.1499938964844,293.1499938964844,278.1499938964844,0.0,18000.0,313.1499938964844,0.0,18000.0,0.0,0.0,0.0,0.0,0.0,0.0,0.0,0.0,0.0,0.0,-0.0,-0.0,0.0,0.0,0.0,0.0,0.0,-0.0,0.0,0.0,0.0,0.0,0.0,0.0,0.0,0.0,0.0,4.0,0.0,0.0
11961600,297.445068359375,297.1499938964844,293.1499938964844,0.0,-0.0,291.3457946777344,0.8173847794532776,0.2708708047866821,0.2446565628051757,297.5354919433594,297.1499938964844,293.1499938964844,0.0,-0.0,291.345703125,0.8762211203575134,0.3373101651668548,0.3198629915714264,297.4115905761719,297.1499938964844,293.1499938964844,0.0,-0.0,291.3457946777344,0.8176862597465515,0.2711051702499389,0.1905106306076049,297.43621826171875,297.1499938964844,293.1499938964844,0.0,-0.0,291.34576416015625,0.8380138874053955,0.2936046123504638,0.2790596485137939,297.36285400390625,297.1499938964844,293.1499938964844,0.0,-0.0,291.34576416015625,0.8370203971862793,0.2922150492668152,1.3187404870986938,291.3456420898437,291.1499938964844,288.1369934082031,286.77935791015625,291.3340148925781,297.4502258300781,291.344970703125,1.0,0.5214104652404785,1.0,1.0,0.3995967507362366,1.0,-2.8248331546783447,1.855853080749512,0.968980073928833,1.217574954032898,0.0,0.0,0.0,112.11065673828124,99.0,-22.86727905273437,-0.0,1822.795654296875,1.0,293.1499938964844,293.1499938964844,293.1499938964844,293.1499938964844,293.1499938964844,293.1499938964844,278.1499938964844,0.0,18000.0,313.1499938964844,0.0,18000.0,0.0,0.0,0.0,0.0,0.0,0.0,0.0,0.0,0.0,0.0,-0.0,-0.0,0.0,0.0,0.0,0.0,0.0,-0.0,0.0,0.0,0.0,0.0,0.0,0.0,0.0,0.0,0.0,4.0,0.0,0.0
11961660,297.43798828125,297.1499938964844,293.1499938964844,0.0,-0.0,291.33599853515625,0.8406252264976501,0.2738895118236542,0.247031420469284,297.5310363769531,297.1499938964844,293.1499938964844,0.0,-0.0,291.3359680175781,0.9042582511901855,0.3417409062385559,0.3236766159534454,297.40557861328125,297.1499938964844,293.1499938964844,0.0,-0.0,291.33599853515625,0.8406234979629517,0.2738078832626343,0.192134290933609,297.4299621582031,297.1499938964844,293.1499938964844,0.0,-0.0,291.33599853515625,0.8623717427253723,0.2965970635414123,0.2815318703651428,297.3552551269531,297.1499938964844,293.1499938964844,0.0,-0.0,291.33599853515625,0.8602880239486694,0.2941403687000274,1.3257219791412354,291.3359375,291.1499938964844,288.1968688964844,286.813720703125,291.3299560546875,297.4444885253906,291.3357238769531,1.0,0.5188694000244141,1.0,1.0,0.3945949375629425,1.0,-2.845585584640503,1.882137417793274,0.9634482860565186,1.2391691207885742,0.0,0.0,0.0,104.03766632080078,87.0,-14.730199813842772,-0.0,1816.19287109375,1.0,293.1499938964844,293.1499938964844,293.1499938964844,293.1499938964844,293.1499938964844,293.1499938964844,278.1499938964844,0.0,18000.0,313.1499938964844,0.0,18000.0,0.0,0.0,0.0,0.0,0.0,0.0,0.0,0.0,0.0,0.0,-0.0,-0.0,0.0,0.0,0.0,0.0,0.0,-0.0,0.0,0.0,0.0,0.0,0.0,0.0,0.0,0.0,0.0,4.0,0.0,0.0
11961720,297.43798828125,297.1499938964844,293.1499938964844,0.0,-0.0,291.33599853515625,0.8406252264976501,0.2738895118236542,0.247031420469284,297.5310363769531,297.1499938964844,293.1499938964844,0.0,-0.0,291.3359680175781,0.9042582511901855,0.3417409062385559,0.3236766159534454,297.40557861328125,297.1499938964844,293.1499938964844,0.0,-0.0,291.33599853515625,0.8406234979629517,0.2738078832626343,0.192134290933609,297.4299621582031,297.1499938964844,293.1499938964844,0.0,-0.0,291.33599853515625,0.8623717427253723,0.2965970635414123,0.2815318703651428,297.3552551269531,297.1499938964844,293.1499938964844,0.0,-0.0,291.33599853515625,0.8602880239486694,0.2941403687000274,1.3257219791412354,291.3359375,291.1499938964844,288.1968688964844,286.813720703125,291.3299560546875,297.4444885253906,291.3357238769531,1.0,0.5188694000244141,1.0,1.0,0.3945949375629425,1.0,-2.845585584640503,1.882137417793274,0.9634482860565186,1.2391691207885742,0.0,0.0,0.0,104.03766632080078,87.0,-14.730199813842772,-0.0,1816.19287109375,1.0,293.1499938964844,293.1499938964844,293.1499938964844,293.1499938964844,293.1499938964844,293.1499938964844,278.1499938964844,0.0,18000.0,313.1499938964844,0.0,18000.0,0.0,0.0,0.0,0.0,0.0,0.0,0.0,0.0,0.0,0.0,-0.0,-0.0,0.0,0.0,0.0,0.0,0.0,-0.0,0.0,0.0,0.0,0.0,0.0,0.0,0.0,0.0,0.0,4.0,0.0,0.0
11961780,297.43170166015625,297.1499938964844,293.1499938964844,0.0,-0.0,291.3309326171875,0.8755649924278259,0.2768986225128174,0.2493315041065216,297.5274658203125,297.1499938964844,293.1499938964844,0.0,-0.0,291.3309020996094,0.9488587975502014,0.3462030589580536,0.3274516761302948,297.4004211425781,297.1499938964844,293.1499938964844,0.0,-0.0,291.3309326171875,0.8752429485321045,0.2765218317508697,0.1937137842178344,297.424560546875,297.1499938964844,293.1499938964844,0.0,-0.0,291.3309020996094,0.8993172645568848,0.2995921373367309,0.2839354872703552,297.3484802246094,297.1499938964844,293.1499938964844,0.0,-0.0,291.3309020996094,0.8959632515907288,0.2960522770881653,1.3323025703430176,291.33087158203125,291.1499938964844,288.25714111328125,286.8480224609375,291.3274230957031,297.43963623046875,291.3307800292969,1.0,0.515238881111145,1.0,1.0,0.3895931243896484,1.0,-2.865584373474121,1.9080647230148315,0.9575196504592896,1.2605639696121216,0.0,0.0,0.0,94.31888580322266,75.0,-9.035577774047852,-0.0,1800.214599609375,1.0,293.1499938964844,293.1499938964844,293.1499938964844,293.1499938964844,293.1499938964844,293.1499938964844,278.1499938964844,0.0,18000.0,313.1499938964844,0.0,18000.0,0.0,0.0,0.0,0.0,0.0,0.0,0.0,0.0,0.0,0.0,-0.0,-0.0,0.0,0.0,0.0,0.0,0.0,-0.0,0.0,0.0,0.0,0.0,0.0,0.0,0.0,0.0,0.0,4.0,0.0,0.0
11961840,297.43170166015625,297.1499938964844,293.1499938964844,0.0,-0.0,291.3309326171875,0.8755649924278259,0.2768986225128174,0.2493315041065216,297.5274658203125,297.1499938964844,293.1499938964844,0.0,-0.0,291.3309020996094,0.9488587975502014,0.3462030589580536,0.3274516761302948,297.4004211425781,297.1499938964844,293.1499938964844,0.0,-0.0,291.3309326171875,0.8752429485321045,0.2765218317508697,0.1937137842178344,297.424560546875,297.1499938964844,293.1499938964844,0.0,-0.0,291.3309020996094,0.8993172645568848,0.2995921373367309,0.2839354872703552,297.3484802246094,297.1499938964844,293.1499938964844,0.0,-0.0,291.3309020996094,0.8959632515907288,0.2960522770881653,1.3323025703430176,291.33087158203125,291.1499938964844,288.25714111328125,286.8480224609375,291.3274230957031,297.43963623046875,291.3307800292969,1.0,0.515238881111145,1.0,1.0,0.3895931243896484,1.0,-2.865584373474121,1.9080647230148315,0.9575196504592896,1.2605639696121216,0.0,0.0,0.0,94.31888580322266,75.0,-9.035577774047852,-0.0,1800.214599609375,1.0,293.1499938964844,293.1499938964844,293.1499938964844,293.1499938964844,293.1499938964844,293.1499938964844,278.1499938964844,0.0,18000.0,313.1499938964844,0.0,18000.0,0.0,0.0,0.0,0.0,0.0,0.0,0.0,0.0,0.0,0.0,-0.0,-0.0,0.0,0.0,0.0,0.0,0.0,-0.0,0.0,0.0,0.0,0.0,0.0,0.0,0.0,0.0,0.0,4.0,0.0,0.0
11961900,297.4288024902344,297.1499938964844,293.1499938964844,0.0,-0.0,291.3291320800781,0.8996624946594238,0.2783977389335632,0.2504627406597137,297.52593994140625,297.1499938964844,293.1499938964844,0.0,-0.0,291.3291015625,0.9754048585891724,0.3484438955783844,0.3293336033821106,297.39813232421875,297.1499938964844,293.1499938964844,0.0,-0.0,291.3291320800781,0.8991718292236328,0.2778833210468292,0.1944953948259353,297.422119140625,297.1499938964844,293.1499938964844,0.0,-0.0,291.3291015625,0.9260208606719972,0.3010920584201813,0.2851240038871765,297.34539794921875,297.1499938964844,293.1499938964844,0.0,-0.0,291.3291015625,0.921476662158966,0.2970055937767029,1.3355064392089844,291.3291015625,291.1499938964844,288.28741455078125,286.8651733398437,291.32647705078125,297.4374694824219,291.3290100097656,1.0,0.5131711363792419,1.0,1.0,0.3870922327041626,1.0,-2.875424861907959,1.9210155010223389,0.9544094800949096,1.2712819576263428,0.0,0.0,0.0,89.06546020507812,75.0,-7.144508361816406,-0.0,1789.9432373046875,1.0,293.1499938964844,293.1499938964844,293.1499938964844,293.1499938964844,293.1499938964844,293.1499938964844,278.1499938964844,0.0,18000.0,313.1499938964844,0.0,18000.0,0.0,0.0,0.0,0.0,0.0,0.0,0.0,0.0,0.0,0.0,-0.0,-0.0,0.0,0.0,0.0,0.0,0.0,-0.0,0.0,0.0,0.0,0.0,0.0,0.0,0.0,0.0,0.0,4.0,0.0,0.0
11961960,297.4259948730469,297.1499938964844,293.1499938964844,0.0,-0.0,291.324951171875,0.931011199951172,0.2798857390880584,0.2515909373760223,297.52459716796875,297.1499938964844,293.1499938964844,0.0,-0.0,291.3248596191406,0.9990000128746032,0.35069140791893,0.3303847014904022,297.3959655761719,297.1499938964844,293.1499938964844,0.0,-0.0,291.324951171875,0.930265724658966,0.2792415618896484,0.1952795684337616,297.4197998046875,297.1499938964844,293.1499938964844,0.0,-0.0,291.3249206542969,0.9584646821022034,0.3025879859924316,0.2863149642944336,297.3424072265625,297.1499938964844,293.1499938964844,0.0,-0.0,291.3249206542969,0.953536868095398,0.2979519069194793,1.3387084007263184,291.3247985839844,291.1499938964844,288.3177490234375,286.8822937011719,291.3172912597656,297.4353942871094,291.32421875,1.0,0.5109396576881409,1.0,1.0,0.3835211396217346,1.0,-2.884092330932617,1.9360148906707764,0.948077380657196,1.2844780683517456,0.0,0.0,0.0,83.82855224609375,93.0,-11.134324073791504,-0.0,1777.9534912109375,1.0,293.1499938964844,293.1499938964844,293.1499938964844,293.1499938964844,293.1499938964844,293.1499938964844,278.1499938964844,0.0,18000.0,313.1499938964844,0.0,18000.0,0.0,0.0,0.0,0.0,0.0,0.0,0.0,0.0,0.0,0.0,-0.0,-0.0,0.0,0.0,0.0,0.0,0.0,-0.0,0.0,0.0,0.0,0.0,0.0,0.0,0.0,0.0,0.0,4.0,0.0,0.0
11962020,297.4197998046875,297.1499938964844,293.1499938964844,0.0,-0.0,291.3079833984375,0.9336559176445008,0.2827567160129547,0.2541931867599487,297.5256042480469,297.1499938964844,293.1499938964844,0.0,-0.0,291.3078918457031,0.9990000128746032,0.3555406928062439,0.3318086266517639,297.3913879394531,297.1499938964844,293.1499938964844,0.0,-0.0,291.3079833984375,0.9326205253601074,0.2818940877914428,0.1971414536237716,297.4150085449219,297.1499938964844,293.1499938964844,0.0,-0.0,291.3079528808594,0.9607070088386536,0.3055196702480316,0.2890957593917846,297.3363952636719,297.1499938964844,293.1499938964844,0.0,-0.0,291.3079528808594,0.9546270966529846,0.2997776865959167,1.3469703197479248,291.30780029296875,291.1499938964844,288.3786926269531,286.9164733886719,291.2979736328125,297.4325561523437,291.3072204589844,1.0,0.515204668045044,1.0,1.0,0.3763789236545563,1.0,-2.904614210128784,1.9687721729278564,0.9358421564102172,1.312199950218201,0.0,0.0,0.0,84.77399444580078,111.0,-19.61278343200684,-0.0,1814.97705078125,1.0,293.1499938964844,293.1499938964844,293.1499938964844,293.1499938964844,293.1499938964844,293.1499938964844,278.1499938964844,0.0,18000.0,313.1499938964844,0.0,18000.0,0.0,0.0,0.0,0.0,0.0,0.0,0.0,0.0,0.0,0.0,-0.0,-0.0,0.0,0.0,0.0,0.0,0.0,-0.0,0.0,0.0,0.0,0.0,0.0,0.0,0.0,0.0,0.0,4.0,0.0,0.0
11962080,297.4197998046875,297.1499938964844,293.1499938964844,0.0,-0.0,291.3079833984375,0.9336559176445008,0.2827567160129547,0.2541931867599487,297.5256042480469,297.1499938964844,293.1499938964844,0.0,-0.0,291.3078918457031,0.9990000128746032,0.3555406928062439,0.3318086266517639,297.3913879394531,297.1499938964844,293.1499938964844,0.0,-0.0,291.3079833984375,0.9326205253601074,0.2818940877914428,0.1971414536237716,297.4150085449219,297.1499938964844,293.1499938964844,0.0,-0.0,291.3079528808594,0.9607070088386536,0.3055196702480316,0.2890957593917846,297.3363952636719,297.1499938964844,293.1499938964844,0.0,-0.0,291.3079528808594,0.9546270966529846,0.2997776865959167,1.3469703197479248,291.30780029296875,291.1499938964844,288.3786926269531,286.9164733886719,291.2979736328125,297.4325561523437,291.3072204589844,1.0,0.515204668045044,1.0,1.0,0.3763789236545563,1.0,-2.904614210128784,1.9687721729278564,0.9358421564102172,1.312199950218201,0.0,0.0,0.0,84.77399444580078,111.0,-19.61278343200684,-0.0,1814.97705078125,1.0,293.1499938964844,293.1499938964844,293.1499938964844,293.1499938964844,293.1499938964844,293.1499938964844,278.1499938964844,0.0,18000.0,313.1499938964844,0.0,18000.0,0.0,0.0,0.0,0.0,0.0,0.0,0.0,0.0,0.0,0.0,-0.0,-0.0,0.0,0.0,0.0,0.0,0.0,-0.0,0.0,0.0,0.0,0.0,0.0,0.0,0.0,0.0,0.0,4.0,0.0,0.0
11962140,297.41290283203125,297.1499938964844,293.1499938964844,0.0,-0.0,291.2914428710937,0.9028338193893432,0.2854739129543304,0.2569067478179931,297.5201721191406,297.1499938964844,293.1499938964844,0.0,-0.0,291.29132080078125,0.9804478883743286,0.3597514629364013,0.3400954604148865,297.38641357421875,297.1499938964844,293.1499938964844,0.0,-0.0,291.2914428710937,0.9017645120620728,0.284446507692337,0.1991283297538757,297.4098815917969,297.1499938964844,293.1499938964844,0.0,-0.0,291.2914123535156,0.9292184710502625,0.3083578050136566,0.2920519709587097,297.3300170898437,297.1499938964844,293.1499938964844,0.0,-0.0,291.2914123535156,0.9215034246444702,0.3014950156211853,1.3560117483139038,291.291259765625,291.1499938964844,288.43994140625,286.9505920410156,291.2801818847656,297.4268798828125,291.29058837890625,1.0,0.5245696902275085,1.0,1.0,0.3692367076873779,1.0,-2.935004711151123,2.008122444152832,0.9268823862075806,1.3446561098098757,0.0,0.0,0.0,92.42173767089844,129.0,-22.376840591430664,-0.0,1901.8641357421875,1.0,293.1499938964844,293.1499938964844,293.1499938964844,293.1499938964844,293.1499938964844,293.1499938964844,278.1499938964844,0.0,18000.0,313.1499938964844,0.0,18000.0,0.0,0.0,0.0,0.0,0.0,0.0,0.0,0.0,0.0,0.0,-0.0,-0.0,0.0,0.0,0.0,0.0,0.0,-0.0,0.0,0.0,0.0,0.0,0.0,0.0,0.0,0.0,0.0,4.0,0.0,0.0
11962200,297.41290283203125,297.1499938964844,293.1499938964844,0.0,-0.0,291.2914428710937,0.9028338193893432,0.2854739129543304,0.2569067478179931,297.5201721191406,297.1499938964844,293.1499938964844,0.0,-0.0,291.29132080078125,0.9804478883743286,0.3597514629364013,0.3400954604148865,297.38641357421875,297.1499938964844,293.1499938964844,0.0,-0.0,291.2914428710937,0.9017645120620728,0.284446507692337,0.1991283297538757,297.4098815917969,297.1499938964844,293.1499938964844,0.0,-0.0,291.2914123535156,0.9292184710502625,0.3083578050136566,0.2920519709587097,297.3300170898437,297.1499938964844,293.1499938964844,0.0,-0.0,291.2914123535156,0.9215034246444702,0.3014950156211853,1.3560117483139038,291.291259765625,291.1499938964844,288.43994140625,286.9505920410156,291.2801818847656,297.4268798828125,291.29058837890625,1.0,0.5245696902275085,1.0,1.0,0.3692367076873779,1.0,-2.935004711151123,2.008122444152832,0.9268823862075806,1.3446561098098757,0.0,0.0,0.0,92.42173767089844,129.0,-22.376840591430664,-0.0,1901.8641357421875,1.0,293.1499938964844,293.1499938964844,293.1499938964844,293.1499938964844,293.1499938964844,293.1499938964844,278.1499938964844,0.0,18000.0,313.1499938964844,0.0,18000.0,0.0,0.0,0.0,0.0,0.0,0.0,0.0,0.0,0.0,0.0,-0.0,-0.0,0.0,0.0,0.0,0.0,0.0,-0.0,0.0,0.0,0.0,0.0,0.0,0.0,0.0,0.0,0.0,4.0,0.0,0.0
11962260,297.4051208496094,297.1499938964844,293.1499938964844,0.0,-0.0,291.2796936035156,0.8633425831794739,0.2880171835422516,0.2596551775932312,297.5143737792969,297.1499938964844,293.1499938964844,0.0,-0.0,291.2796325683594,0.937439501285553,0.3638515770435333,0.344415009021759,297.3807373046875,297.1499938964844,293.1499938964844,0.0,-0.0,291.2796936035156,0.8622369766235352,0.2868679463863373,0.2011744827032089,297.4041442871094,297.1499938964844,293.1499938964844,0.0,-0.0,291.2796630859375,0.8858538269996643,0.3110686838626861,0.2950928807258606,297.3229675292969,297.1499938964844,293.1499938964844,0.0,-0.0,291.2796936035156,0.8783615231513977,0.3030608892440796,1.365351915359497,291.27960205078125,291.1499938964844,288.50146484375,286.984619140625,291.2727355957031,297.4203491210937,291.2793273925781,1.0,0.5362730026245117,1.0,1.0,0.3633652925491333,1.0,-2.960479974746704,2.041228771209717,0.919251024723053,1.372097730636597,0.0,0.0,0.0,105.23516845703124,147.0,-16.76131820678711,-0.0,2008.79443359375,1.0,293.1499938964844,293.1499938964844,293.1499938964844,293.1499938964844,293.1499938964844,293.1499938964844,278.1499938964844,0.0,18000.0,313.1499938964844,0.0,18000.0,0.0,0.0,0.0,0.0,0.0,0.0,0.0,0.0,0.0,0.0,-0.0,-0.0,0.0,0.0,0.0,0.0,0.0,-0.0,0.0,0.0,0.0,0.0,0.0,0.0,0.0,0.0,0.0,4.0,0.0,0.0
11962320,297.4051208496094,297.1499938964844,293.1499938964844,0.0,-0.0,291.2796936035156,0.8633425831794739,0.2880171835422516,0.2596551775932312,297.5143737792969,297.1499938964844,293.1499938964844,0.0,-0.0,291.2796325683594,0.937439501285553,0.3638515770435333,0.344415009021759,297.3807373046875,297.1499938964844,293.1499938964844,0.0,-0.0,291.2796936035156,0.8622369766235352,0.2868679463863373,0.2011744827032089,297.4041442871094,297.1499938964844,293.1499938964844,0.0,-0.0,291.2796630859375,0.8858538269996643,0.3110686838626861,0.2950928807258606,297.3229675292969,297.1499938964844,293.1499938964844,0.0,-0.0,291.2796936035156,0.8783615231513977,0.3030608892440796,1.365351915359497,291.27960205078125,291.1499938964844,288.50146484375,286.984619140625,291.2727355957031,297.4203491210937,291.2793273925781,1.0,0.5362730026245117,1.0,1.0,0.3633652925491333,1.0,-2.960479974746704,2.041228771209717,0.919251024723053,1.372097730636597,0.0,0.0,0.0,105.23516845703124,147.0,-16.76131820678711,-0.0,2008.79443359375,1.0,293.1499938964844,293.1499938964844,293.1499938964844,293.1499938964844,293.1499938964844,293.1499938964844,278.1499938964844,0.0,18000.0,313.1499938964844,0.0,18000.0,0.0,0.0,0.0,0.0,0.0,0.0,0.0,0.0,0.0,0.0,-0.0,-0.0,0.0,0.0,0.0,0.0,0.0,-0.0,0.0,0.0,0.0,0.0,0.0,0.0,0.0,0.0,0.0,4.0,0.0,0.0
11962380,297.39727783203125,297.1499938964844,293.1499938964844,0.0,-0.0,291.27178955078125,0.8308521509170532,0.2904520034790039,0.2623865008354187,297.5093078613281,297.1499938964844,293.1499938964844,0.0,-0.0,291.2717590332031,0.8971742987632751,0.3679532408714294,0.3488319516181946,297.37506103515625,297.1499938964844,293.1499938964844,0.0,-0.0,291.27178955078125,0.8297787308692932,0.2892138063907623,0.2032312452793121,297.3984069824219,297.1499938964844,293.1499938964844,0.0,-0.0,291.27178955078125,0.8510692119598389,0.3137041628360748,0.2981489300727844,297.3158569335937,297.1499938964844,293.1499938964844,0.0,-0.0,291.27178955078125,0.8433634638786316,0.3045291006565094,1.3746616840362549,291.271728515625,291.1499938964844,288.5632629394531,287.0185546875,291.2667236328125,297.41412353515625,291.27154541015625,1.0,0.5493032336235046,1.0,1.0,0.3574938774108886,1.0,-2.9864091873168945,2.074836015701294,0.9115732312202454,1.3998252153396606,0.0,0.0,0.0,120.46282958984376,150.0,-12.472384452819824,-0.0,2130.358642578125,1.0,293.1499938964844,293.1499938964844,293.1499938964844,293.1499938964844,293.1499938964844,293.1499938964844,278.1499938964844,0.0,18000.0,313.1499938964844,0.0,18000.0,0.0,0.0,0.0,0.0,0.0,0.0,0.0,0.0,0.0,0.0,-0.0,-0.0,0.0,0.0,0.0,0.0,0.0,-0.0,0.0,0.0,0.0,0.0,0.0,0.0,0.0,0.0,0.0,4.0,0.0,0.0
11962440,297.39727783203125,297.1499938964844,293.1499938964844,0.0,-0.0,291.27178955078125,0.8308521509170532,0.2904520034790039,0.2623865008354187,297.5093078613281,297.1499938964844,293.1499938964844,0.0,-0.0,291.2717590332031,0.8971742987632751,0.3679532408714294,0.3488319516181946,297.37506103515625,297.1499938964844,293.1499938964844,0.0,-0.0,291.27178955078125,0.8297787308692932,0.2892138063907623,0.2032312452793121,297.3984069824219,297.1499938964844,293.1499938964844,0.0,-0.0,291.27178955078125,0.8510692119598389,0.3137041628360748,0.2981489300727844,297.3158569335937,297.1499938964844,293.1499938964844,0.0,-0.0,291.27178955078125,0.8433634638786316,0.3045291006565094,1.3746616840362549,291.271728515625,291.1499938964844,288.5632629394531,287.0185546875,291.2667236328125,297.41412353515625,291.27154541015625,1.0,0.5493032336235046,1.0,1.0,0.3574938774108886,1.0,-2.9864091873168945,2.074836015701294,0.9115732312202454,1.3998252153396606,0.0,0.0,0.0,120.46282958984376,150.0,-12.472384452819824,-0.0,2130.358642578125,1.0,293.1499938964844,293.1499938964844,293.1499938964844,293.1499938964844,293.1499938964844,293.1499938964844,278.1499938964844,0.0,18000.0,313.1499938964844,0.0,18000.0,0.0,0.0,0.0,0.0,0.0,0.0,0.0,0.0,0.0,0.0,-0.0,-0.0,0.0,0.0,0.0,0.0,0.0,-0.0,0.0,0.0,0.0,0.0,0.0,0.0,0.0,0.0,0.0,4.0,0.0,0.0
11962500,297.39337158203125,297.1499938964844,293.1499938964844,0.0,-0.0,291.2684631347656,0.8215648531913757,0.291634052991867,0.2636508643627167,297.5069274902344,297.1499938964844,293.1499938964844,0.0,-0.0,291.2684326171875,0.8865063190460205,0.3699952960014343,0.3509624004364013,297.37225341796875,297.1499938964844,293.1499938964844,0.0,-0.0,291.2684631347656,0.8204696178436279,0.2903626263141632,0.2041889876127243,297.3955383300781,297.1499938964844,293.1499938964844,0.0,-0.0,291.2684631347656,0.841299831867218,0.3149973154067993,0.2995811402797699,297.31231689453125,297.1499938964844,293.1499938964844,0.0,-0.0,291.2684631347656,0.8333746790885925,0.3052312135696411,1.3788282871246338,291.2684020996094,291.1499938964844,288.59423828125,287.0354919433594,291.263916015625,297.4111328125,291.2682189941406,1.0,0.554175853729248,1.0,1.0,0.3545581698417663,1.0,-2.9983747005462646,2.0911011695861816,0.907273530960083,1.4134083986282349,0.0,0.0,0.0,126.225341796875,150.0,-11.012442588806152,-0.0,2180.680908203125,1.0,293.1499938964844,293.1499938964844,293.1499938964844,293.1499938964844,293.1499938964844,293.1499938964844,278.1499938964844,0.0,18000.0,313.1499938964844,0.0,18000.0,0.0,0.0,0.0,0.0,0.0,0.0,0.0,0.0,0.0,0.0,-0.0,-0.0,0.0,0.0,0.0,0.0,0.0,-0.0,0.0,0.0,0.0,0.0,0.0,0.0,0.0,0.0,0.0,4.0,0.0,0.0
11962560,297.3895568847656,297.1499938964844,293.1499938964844,0.0,-0.0,291.266845703125,0.8149486184120178,0.2928033471107483,0.2648575901985168,297.50469970703125,297.1499938964844,293.1499938964844,0.0,-0.0,291.266845703125,0.8791913986206055,0.3720365166664123,0.3530453145503998,297.3695373535156,297.1499938964844,293.1499938964844,0.0,-0.0,291.266845703125,0.8138141632080078,0.2915045022964477,0.205106496810913,297.3927917480469,297.1499938964844,293.1499938964844,0.0,-0.0,291.266845703125,0.8345628976821899,0.3162823915481567,0.3009580969810486,297.3088684082031,297.1499938964844,293.1499938964844,0.0,-0.0,291.266845703125,0.8263089060783386,0.3059204816818237,1.3827111721038818,291.266845703125,291.1499938964844,288.6252746582031,287.05242919921875,291.2655639648437,297.40826416015625,291.2669677734375,1.0,0.5584439635276794,1.0,1.0,0.3521799445152282,1.0,-3.009755849838257,2.105532169342041,0.904223620891571,1.4252700805664062,0.0,0.0,0.0,130.86441040039062,138.0,-7.001269340515137,-0.0,2224.576904296875,1.0,293.1499938964844,293.1499938964844,293.1499938964844,293.1499938964844,293.1499938964844,293.1499938964844,278.1499938964844,0.0,18000.0,313.1499938964844,0.0,18000.0,0.0,0.0,0.0,0.0,0.0,0.0,0.0,0.0,0.0,0.0,-0.0,-0.0,0.0,0.0,0.0,0.0,0.0,-0.0,0.0,0.0,0.0,0.0,0.0,0.0,0.0,0.0,0.0,4.0,0.0,0.0
11962620,297.3827819824219,297.1499938964844,293.1499938964844,0.0,-0.0,291.2687683105469,0.8166999816894531,0.2951496839523315,0.2669554650783539,297.5009460449219,297.1499938964844,293.1499938964844,0.0,-0.0,291.2687683105469,0.8821083903312683,0.3761484920978546,0.3569040298461914,297.3648376464844,297.1499938964844,293.1499938964844,0.0,-0.0,291.2687683105469,0.8155394792556763,0.2938063442707062,0.2067048996686935,297.387939453125,297.1499938964844,293.1499938964844,0.0,-0.0,291.2687683105469,0.8363631367683411,0.3188642263412475,0.3033866584300995,297.3026123046875,297.1499938964844,293.1499938964844,0.0,-0.0,291.2687683105469,0.8271575570106506,0.3072979748249054,1.3888741731643677,291.268798828125,291.1499938964844,288.6875305175781,287.086181640625,291.27008056640625,297.4033508300781,291.2689819335937,1.0,0.5611340403556824,1.0,1.0,0.3474234938621521,1.0,-3.029170513153076,2.1321494579315186,0.8970210552215576,1.4475306272506714,0.0,0.0,0.0,131.80776977539062,126.0,-0.0050903744995594,-0.0,2264.177490234375,1.0,293.1499938964844,293.1499938964844,293.1499938964844,293.1499938964844,293.1499938964844,293.1499938964844,278.1499938964844,0.0,18000.0,313.1499938964844,0.0,18000.0,0.0,0.0,0.0,0.0,0.0,0.0,0.0,0.0,0.0,0.0,-0.0,-0.0,0.0,0.0,0.0,0.0,0.0,-0.0,0.0,0.0,0.0,0.0,0.0,0.0,0.0,0.0,0.0,4.0,0.0,0.0
11962680,297.3827819824219,297.1499938964844,293.1499938964844,0.0,-0.0,291.2687683105469,0.8166999816894531,0.2951496839523315,0.2669554650783539,297.5009460449219,297.1499938964844,293.1499938964844,0.0,-0.0,291.2687683105469,0.8821083903312683,0.3761484920978546,0.3569040298461914,297.3648376464844,297.1499938964844,293.1499938964844,0.0,-0.0,291.2687683105469,0.8155394792556763,0.2938063442707062,0.2067048996686935,297.387939453125,297.1499938964844,293.1499938964844,0.0,-0.0,291.2687683105469,0.8363631367683411,0.3188642263412475,0.3033866584300995,297.3026123046875,297.1499938964844,293.1499938964844,0.0,-0.0,291.2687683105469,0.8271575570106506,0.3072979748249054,1.3888741731643677,291.268798828125,291.1499938964844,288.6875305175781,287.086181640625,291.27008056640625,297.4033508300781,291.2689819335937,1.0,0.5611340403556824,1.0,1.0,0.3474234938621521,1.0,-3.029170513153076,2.1321494579315186,0.8970210552215576,1.4475306272506714,0.0,0.0,0.0,131.80776977539062,126.0,-0.0050903744995594,-0.0,2264.177490234375,1.0,293.1499938964844,293.1499938964844,293.1499938964844,293.1499938964844,293.1499938964844,293.1499938964844,278.1499938964844,0.0,18000.0,313.1499938964844,0.0,18000.0,0.0,0.0,0.0,0.0,0.0,0.0,0.0,0.0,0.0,0.0,-0.0,-0.0,0.0,0.0,0.0,0.0,0.0,-0.0,0.0,0.0,0.0,0.0,0.0,0.0,0.0,0.0,0.0,4.0,0.0,0.0
11962740,297.3772277832031,297.1499938964844,293.1499938964844,0.0,-0.0,291.2724609375,0.8287026882171631,0.2975330650806427,0.2688725590705871,297.498291015625,297.1499938964844,293.1499938964844,0.0,-0.0,291.2724914550781,0.897300660610199,0.3803216516971588,0.3605951964855194,297.3612365722656,297.1499938964844,293.1499938964844,0.0,-0.0,291.2724609375,0.8275319337844849,0.2961619794368744,0.2081732898950576,297.3841247558594,297.1499938964844,293.1499938964844,0.0,-0.0,291.2724609375,0.8488872051239014,0.3214916288852691,0.3056310415267944,297.2974548339844,297.1499938964844,293.1499938964844,0.0,-0.0,291.2724609375,0.8383971452713013,0.308708131313324,1.394100785255432,291.27252197265625,291.1499938964844,288.75,287.119873046875,291.2753601074219,297.3996276855469,291.27276611328125,1.0,0.5604477524757385,1.0,1.0,0.3426670432090759,1.0,-3.0466604232788086,2.157686233520508,0.8889741897583008,1.4691059589385986,0.0,0.0,0.0,127.07179260253906,114.0,3.844576358795166,-0.0,2271.222900390625,1.0,293.1499938964844,293.1499938964844,293.1499938964844,293.1499938964844,293.1499938964844,293.1499938964844,278.1499938964844,0.0,18000.0,313.1499938964844,0.0,18000.0,0.0,0.0,0.0,0.0,0.0,0.0,0.0,0.0,0.0,0.0,-0.0,-0.0,0.0,0.0,0.0,0.0,0.0,-0.0,0.0,0.0,0.0,0.0,0.0,0.0,0.0,0.0,0.0,4.0,0.0,0.0
11962800,297.3772277832031,297.1499938964844,293.1499938964844,0.0,-0.0,291.2724609375,0.8287026882171631,0.2975330650806427,0.2688725590705871,297.498291015625,297.1499938964844,293.1499938964844,0.0,-0.0,291.2724914550781,0.897300660610199,0.3803216516971588,0.3605951964855194,297.3612365722656,297.1499938964844,293.1499938964844,0.0,-0.0,291.2724609375,0.8275319337844849,0.2961619794368744,0.2081732898950576,297.3841247558594,297.1499938964844,293.1499938964844,0.0,-0.0,291.2724609375,0.8488872051239014,0.3214916288852691,0.3056310415267944,297.2974548339844,297.1499938964844,293.1499938964844,0.0,-0.0,291.2724609375,0.8383971452713013,0.308708131313324,1.394100785255432,291.27252197265625,291.1499938964844,288.75,287.119873046875,291.2753601074219,297.3996276855469,291.27276611328125,1.0,0.5604477524757385,1.0,1.0,0.3426670432090759,1.0,-3.0466604232788086,2.157686233520508,0.8889741897583008,1.4691059589385986,0.0,0.0,0.0,127.07179260253906,114.0,3.844576358795166,-0.0,2271.222900390625,1.0,293.1499938964844,293.1499938964844,293.1499938964844,293.1499938964844,293.1499938964844,293.1499938964844,278.1499938964844,0.0,18000.0,313.1499938964844,0.0,18000.0,0.0,0.0,0.0,0.0,0.0,0.0,0.0,0.0,0.0,0.0,-0.0,-0.0,0.0,0.0,0.0,0.0,0.0,-0.0,0.0,0.0,0.0,0.0,0.0,0.0,0.0,0.0,0.0,4.0,0.0,0.0
11962860,297.3726501464844,297.1499938964844,293.1499938964844,0.0,-0.0,291.27752685546875,0.8488561511039734,0.2999463975429535,0.2707007527351379,297.4965209960937,297.1499938964844,293.1499938964844,0.0,-0.0,291.2775573730469,0.9238545298576356,0.384553462266922,0.3642182946205139,297.3586120605469,297.1499938964844,293.1499938964844,0.0,-0.0,291.27752685546875,0.8476165533065796,0.2985714375972748,0.2095880508422851,297.3812866210937,297.1499938964844,293.1499938964844,0.0,-0.0,291.2775573730469,0.8705558776855469,0.3241672813892364,0.3077968955039978,297.2933349609375,297.1499938964844,293.1499938964844,0.0,-0.0,291.27752685546875,0.8582683205604553,0.3101569414138794,1.3989096879959106,291.277587890625,291.1499938964844,288.81353759765625,287.15185546875,291.2815856933594,297.3968505859375,291.27789306640625,1.0,0.5578303933143616,1.0,1.0,0.337851732969284,1.0,-3.063300371170044,2.182992935180664,0.8803076148033142,1.4906351566314695,0.0,0.0,0.0,119.15857696533205,102.0,6.365698337554932,-0.0,2260.1611328125,1.0,293.1499938964844,293.1499938964844,293.1499938964844,293.1499938964844,293.1499938964844,293.1499938964844,278.1499938964844,0.0,18000.0,313.1499938964844,0.0,18000.0,0.0,0.0,0.0,0.0,0.0,0.0,0.0,0.0,0.0,0.0,-0.0,-0.0,0.0,0.0,0.0,0.0,0.0,-0.0,0.0,0.0,0.0,0.0,0.0,0.0,0.0,0.0,0.0,4.0,0.0,0.0
11962920,297.3726501464844,297.1499938964844,293.1499938964844,0.0,-0.0,291.27752685546875,0.8488561511039734,0.2999463975429535,0.2707007527351379,297.4965209960937,297.1499938964844,293.1499938964844,0.0,-0.0,291.2775573730469,0.9238545298576356,0.384553462266922,0.3642182946205139,297.3586120605469,297.1499938964844,293.1499938964844,0.0,-0.0,291.27752685546875,0.8476165533065796,0.2985714375972748,0.2095880508422851,297.3812866210937,297.1499938964844,293.1499938964844,0.0,-0.0,291.2775573730469,0.8705558776855469,0.3241672813892364,0.3077968955039978,297.2933349609375,297.1499938964844,293.1499938964844,0.0,-0.0,291.27752685546875,0.8582683205604553,0.3101569414138794,1.3989096879959106,291.277587890625,291.1499938964844,288.81353759765625,287.15185546875,291.2815856933594,297.3968505859375,291.27789306640625,1.0,0.5578303933143616,1.0,1.0,0.337851732969284,1.0,-3.063300371170044,2.182992935180664,0.8803076148033142,1.4906351566314695,0.0,0.0,0.0,119.15857696533205,102.0,6.365698337554932,-0.0,2260.1611328125,1.0,293.1499938964844,293.1499938964844,293.1499938964844,293.1499938964844,293.1499938964844,293.1499938964844,278.1499938964844,0.0,18000.0,313.1499938964844,0.0,18000.0,0.0,0.0,0.0,0.0,0.0,0.0,0.0,0.0,0.0,0.0,-0.0,-0.0,0.0,0.0,0.0,0.0,0.0,-0.0,0.0,0.0,0.0,0.0,0.0,0.0,0.0,0.0,0.0,4.0,0.0,0.0
11962980,297.3688659667969,297.1499938964844,293.1499938964844,0.0,-0.0,291.2845153808594,0.8792498707771301,0.3023809492588043,0.2724818587303161,297.4954833984375,297.1499938964844,293.1499938964844,0.0,-0.0,291.2845458984375,0.9624775648117064,0.388838529586792,0.3678210377693176,297.3568115234375,297.1499938964844,293.1499938964844,0.0,-0.0,291.2845153808594,0.8779152631759644,0.3010295033454895,0.2109848111867904,297.3792419433594,297.1499938964844,293.1499938964844,0.0,-0.0,291.2845153808594,0.9027864933013916,0.3268878161907196,0.3099344968795776,297.29010009765625,297.1499938964844,293.1499938964844,0.0,-0.0,291.2845153808594,0.8885174989700317,0.3116425275802612,1.4035476446151731,291.2845764160156,291.1499938964844,288.87890625,287.18072509765625,291.28985595703125,297.39483642578125,291.28497314453125,1.0,0.5541410446166992,1.0,1.0,0.3330364227294922,1.0,-3.079597949981689,2.208228826522827,0.8713693022727966,1.5121691226959229,0.0,0.0,0.0,109.43408966064452,90.0,9.02972412109375,-0.0,2238.80517578125,1.0,293.1499938964844,293.1499938964844,293.1499938964844,293.1499938964844,293.1499938964844,293.1499938964844,278.1499938964844,0.0,18000.0,313.1499938964844,0.0,18000.0,0.0,0.0,0.0,0.0,0.0,0.0,0.0,0.0,0.0,0.0,-0.0,-0.0,0.0,0.0,0.0,0.0,0.0,-0.0,0.0,0.0,0.0,0.0,0.0,0.0,0.0,0.0,0.0,4.0,0.0,0.0
11963040,297.3688659667969,297.1499938964844,293.1499938964844,0.0,-0.0,291.2845153808594,0.8792498707771301,0.3023809492588043,0.2724818587303161,297.4954833984375,297.1499938964844,293.1499938964844,0.0,-0.0,291.2845458984375,0.9624775648117064,0.388838529586792,0.3678210377693176,297.3568115234375,297.1499938964844,293.1499938964844,0.0,-0.0,291.2845153808594,0.8779152631759644,0.3010295033454895,0.2109848111867904,297.3792419433594,297.1499938964844,293.1499938964844,0.0,-0.0,291.2845153808594,0.9027864933013916,0.3268878161907196,0.3099344968795776,297.29010009765625,297.1499938964844,293.1499938964844,0.0,-0.0,291.2845153808594,0.8885174989700317,0.3116425275802612,1.4035476446151731,291.2845764160156,291.1499938964844,288.87890625,287.18072509765625,291.28985595703125,297.39483642578125,291.28497314453125,1.0,0.5541410446166992,1.0,1.0,0.3330364227294922,1.0,-3.079597949981689,2.208228826522827,0.8713693022727966,1.5121691226959229,0.0,0.0,0.0,109.43408966064452,90.0,9.02972412109375,-0.0,2238.80517578125,1.0,293.1499938964844,293.1499938964844,293.1499938964844,293.1499938964844,293.1499938964844,293.1499938964844,278.1499938964844,0.0,18000.0,313.1499938964844,0.0,18000.0,0.0,0.0,0.0,0.0,0.0,0.0,0.0,0.0,0.0,0.0,-0.0,-0.0,0.0,0.0,0.0,0.0,0.0,-0.0,0.0,0.0,0.0,0.0,0.0,0.0,0.0,0.0,0.0,4.0,0.0,0.0
11963100,297.3672180175781,297.1499938964844,293.1499938964844,0.0,-0.0,291.28875732421875,0.8995420932769775,0.3036047518253326,0.2733628153800964,297.4952392578125,297.1499938964844,293.1499938964844,0.0,-0.0,291.288818359375,0.9834677577018738,0.3910000622272491,0.3696238100528717,297.3561706542969,297.1499938964844,293.1499938964844,0.0,-0.0,291.28875732421875,0.8981842398643494,0.3022756278514862,0.2116830050945282,297.3784484863281,297.1499938964844,293.1499938964844,0.0,-0.0,291.28875732421875,0.925658643245697,0.3282641768455505,0.3110019564628601,297.28875732421875,297.1499938964844,293.1499938964844,0.0,-0.0,291.28875732421875,0.9087916016578674,0.3123984038829803,1.4058473110198977,291.288818359375,291.1499938964844,288.9122619628906,287.1940612792969,291.2947692871094,297.39410400390625,291.28924560546875,1.0,0.5520572662353516,1.0,1.0,0.3306287825107574,1.0,-3.087711811065674,2.2208774089813232,0.8668344616889954,1.5229748487472534,0.0,0.0,0.0,104.15188598632812,90.0,10.402231216430664,-0.0,2225.754150390625,1.0,293.1499938964844,293.1499938964844,293.1499938964844,293.1499938964844,293.1499938964844,293.1499938964844,278.1499938964844,0.0,18000.0,313.1499938964844,0.0,18000.0,0.0,0.0,0.0,0.0,0.0,0.0,0.0,0.0,0.0,0.0,-0.0,-0.0,0.0,0.0,0.0,0.0,0.0,-0.0,0.0,0.0,0.0,0.0,0.0,0.0,0.0,0.0,0.0,4.0,0.0,0.0
11963160,297.3656005859375,297.1499938964844,293.1499938964844,0.0,-0.0,291.2928466796875,0.9230379462242126,0.3048235177993774,0.2742618322372436,297.49530029296875,297.1499938964844,293.1499938964844,0.0,-0.0,291.2928771972656,0.9990000128746032,0.3931944370269775,0.3686674535274505,297.3555603027344,297.1499938964844,293.1499938964844,0.0,-0.0,291.2928466796875,0.9214991927146912,0.3035239279270172,0.2124001383781433,297.37774658203125,297.1499938964844,293.1499938964844,0.0,-0.0,291.2928466796875,0.95085346698761,0.3296422064304352,0.312094509601593,297.2875061035156,297.1499938964844,293.1499938964844,0.0,-0.0,291.2928466796875,0.9329901337623596,0.313154011964798,1.408257246017456,291.2929077148437,291.1499938964844,288.946044921875,287.2066955566406,291.29754638671875,297.3934020996094,291.293212890625,1.0,0.549721896648407,1.0,1.0,0.3279033303260803,1.0,-3.093008518218994,2.232536792755127,0.8604716658592224,1.533735275268555,0.0,0.0,0.0,99.19734191894533,93.0,10.24443817138672,-0.0,2209.054931640625,1.0,293.1499938964844,293.1499938964844,293.1499938964844,293.1499938964844,293.1499938964844,293.1499938964844,278.1499938964844,0.0,18000.0,313.1499938964844,0.0,18000.0,0.0,0.0,0.0,0.0,0.0,0.0,0.0,0.0,0.0,0.0,-0.0,-0.0,0.0,0.0,0.0,0.0,0.0,-0.0,0.0,0.0,0.0,0.0,0.0,0.0,0.0,0.0,0.0,4.0,0.0,0.0
11963220,297.3620300292969,297.1499938964844,293.1499938964844,0.0,-0.0,291.2982788085937,0.9393653273582458,0.3071916997432709,0.276295393705368,297.5067138671875,297.1499938964844,293.1499938964844,0.0,-0.0,291.2983093261719,0.9990000128746032,0.3987102806568146,0.3550043702125549,297.3541259765625,297.1499938964844,293.1499938964844,0.0,-0.0,291.2982788085937,0.9379196166992188,0.3059803247451782,0.2140360474586486,297.3760986328125,297.1499938964844,293.1499938964844,0.0,-0.0,291.2982788085937,0.9662373065948486,0.3323594629764557,0.3145531117916107,297.28485107421875,297.1499938964844,293.1499938964844,0.0,-0.0,291.2982788085937,0.9480965733528136,0.3146272301673889,1.4143638610839844,291.29833984375,291.1499938964844,289.0147705078125,287.2298889160156,291.3027038574219,297.3959350585937,291.298583984375,1.0,0.5481182336807251,1.0,1.0,0.3224524557590484,1.0,-3.091014862060547,2.247732400894165,0.8432824015617371,1.5491822957992554,0.0,0.0,0.0,96.4704132080078,96.0,8.575257301330566,-0.0,2191.357177734375,1.0,293.1499938964844,293.1499938964844,293.1499938964844,293.1499938964844,293.1499938964844,293.1499938964844,278.1499938964844,0.0,18000.0,313.1499938964844,0.0,18000.0,0.0,0.0,0.0,0.0,0.0,0.0,0.0,0.0,0.0,0.0,-0.0,-0.0,0.0,0.0,0.0,0.0,0.0,-0.0,0.0,0.0,0.0,0.0,0.0,0.0,0.0,0.0,0.0,4.0,0.0,0.0
11963280,297.3620300292969,297.1499938964844,293.1499938964844,0.0,-0.0,291.2982788085937,0.9393653273582458,0.3071916997432709,0.276295393705368,297.5067138671875,297.1499938964844,293.1499938964844,0.0,-0.0,291.2983093261719,0.9990000128746032,0.3987102806568146,0.3550043702125549,297.3541259765625,297.1499938964844,293.1499938964844,0.0,-0.0,291.2982788085937,0.9379196166992188,0.3059803247451782,0.2140360474586486,297.3760986328125,297.1499938964844,293.1499938964844,0.0,-0.0,291.2982788085937,0.9662373065948486,0.3323594629764557,0.3145531117916107,297.28485107421875,297.1499938964844,293.1499938964844,0.0,-0.0,291.2982788085937,0.9480965733528136,0.3146272301673889,1.4143638610839844,291.29833984375,291.1499938964844,289.0147705078125,287.2298889160156,291.3027038574219,297.3959350585937,291.298583984375,1.0,0.5481182336807251,1.0,1.0,0.3224524557590484,1.0,-3.091014862060547,2.247732400894165,0.8432824015617371,1.5491822957992554,0.0,0.0,0.0,96.4704132080078,96.0,8.575257301330566,-0.0,2191.357177734375,1.0,293.1499938964844,293.1499938964844,293.1499938964844,293.1499938964844,293.1499938964844,293.1499938964844,278.1499938964844,0.0,18000.0,313.1499938964844,0.0,18000.0,0.0,0.0,0.0,0.0,0.0,0.0,0.0,0.0,0.0,0.0,-0.0,-0.0,0.0,0.0,0.0,0.0,0.0,-0.0,0.0,0.0,0.0,0.0,0.0,0.0,0.0,0.0,0.0,4.0,0.0,0.0
11963340,297.35870361328125,297.1499938964844,293.1499938964844,0.0,-0.0,291.30596923828125,0.9493628740310668,0.3095389306545257,0.2783465981483459,297.5249328613281,297.1499938964844,293.1499938964844,0.0,-0.0,291.3059997558594,0.9990000128746032,0.4050731360912323,0.3477347791194916,297.35302734375,297.1499938964844,293.1499938964844,0.0,-0.0,291.30596923828125,0.9480953812599182,0.3084540069103241,0.2157129496335983,297.3748474121094,297.1499938964844,293.1499938964844,0.0,-0.0,291.3059997558594,0.975223958492279,0.3350957632064819,0.3170690536499023,297.2828674316406,297.1499938964844,293.1499938964844,0.0,-0.0,291.30596923828125,0.9568418860435486,0.3161319494247436,1.420789122581482,291.3060607910156,291.1499938964844,289.08502197265625,287.2505187988281,291.3118896484375,297.402099609375,291.30645751953125,1.0,0.5484796762466431,1.0,1.0,0.3170015811920166,1.0,-3.0974984169006348,2.268648386001587,0.8288502097129822,1.5685020685195925,0.0,0.0,0.0,95.37223815917967,114.0,10.59831714630127,-0.0,2197.35498046875,1.0,293.1499938964844,293.1499938964844,293.1499938964844,293.1499938964844,293.1499938964844,293.1499938964844,278.1499938964844,0.0,18000.0,313.1499938964844,0.0,18000.0,0.0,0.0,0.0,0.0,0.0,0.0,0.0,0.0,0.0,0.0,-0.0,-0.0,0.0,0.0,0.0,0.0,0.0,-0.0,0.0,0.0,0.0,0.0,0.0,0.0,0.0,0.0,0.0,4.0,0.0,0.0
11963400,297.35870361328125,297.1499938964844,293.1499938964844,0.0,-0.0,291.30596923828125,0.9493628740310668,0.3095389306545257,0.2783465981483459,297.5249328613281,297.1499938964844,293.1499938964844,0.0,-0.0,291.3059997558594,0.9990000128746032,0.4050731360912323,0.3477347791194916,297.35302734375,297.1499938964844,293.1499938964844,0.0,-0.0,291.30596923828125,0.9480953812599182,0.3084540069103241,0.2157129496335983,297.3748474121094,297.1499938964844,293.1499938964844,0.0,-0.0,291.3059997558594,0.975223958492279,0.3350957632064819,0.3170690536499023,297.2828674316406,297.1499938964844,293.1499938964844,0.0,-0.0,291.30596923828125,0.9568418860435486,0.3161319494247436,1.420789122581482,291.3060607910156,291.1499938964844,289.08502197265625,287.2505187988281,291.3118896484375,297.402099609375,291.30645751953125,1.0,0.5484796762466431,1.0,1.0,0.3170015811920166,1.0,-3.0974984169006348,2.268648386001587,0.8288502097129822,1.5685020685195925,0.0,0.0,0.0,95.37223815917967,114.0,10.59831714630127,-0.0,2197.35498046875,1.0,293.1499938964844,293.1499938964844,293.1499938964844,293.1499938964844,293.1499938964844,293.1499938964844,278.1499938964844,0.0,18000.0,313.1499938964844,0.0,18000.0,0.0,0.0,0.0,0.0,0.0,0.0,0.0,0.0,0.0,0.0,-0.0,-0.0,0.0,0.0,0.0,0.0,0.0,-0.0,0.0,0.0,0.0,0.0,0.0,0.0,0.0,0.0,0.0,4.0,0.0,0.0
11963460,297.35595703125,297.1499938964844,293.1499938964844,0.0,-0.0,291.31365966796875,0.9390007257461548,0.3119057118892669,0.2805470824241638,297.53515625,297.1499938964844,293.1499938964844,0.0,-0.0,291.313720703125,0.9990000128746032,0.4108794331550598,0.3608324229717254,297.3526306152344,297.1499938964844,293.1499938964844,0.0,-0.0,291.31365966796875,0.9378894567489624,0.3109854757785797,0.2175316661596298,297.37432861328125,297.1499938964844,293.1499938964844,0.0,-0.0,291.3136901855469,0.9662988781929016,0.3378917276859283,0.3197780251502991,297.28173828125,297.1499938964844,293.1499938964844,0.0,-0.0,291.3136901855469,0.945773184299469,0.3177013695240021,1.428170680999756,291.3137512207031,291.141845703125,289.1565856933594,287.268798828125,291.32061767578125,297.40643310546875,291.3142395019531,1.0,0.5559114813804626,1.0,1.0,0.3108364343643188,1.0,-3.1301703453063965,2.309574842453003,0.8205955624580383,1.6015965938568115,0.0,0.0,0.0,99.17938995361328,132.0,11.193950653076172,-0.0,2277.42919921875,1.0,293.1499938964844,293.1499938964844,293.1499938964844,293.1499938964844,293.1499938964844,293.1499938964844,278.1499938964844,0.0,18000.0,313.1499938964844,0.0,18000.0,0.0,0.0,0.0,0.0,0.0,0.0,0.0,0.0,0.0,0.0,-0.0,-0.0,0.0,0.0,0.0,0.0,0.0,-0.0,0.0,0.0,0.0,0.0,0.0,0.0,0.0,0.0,0.0,4.0,0.0,0.0
11963520,297.35595703125,297.1499938964844,293.1499938964844,0.0,-0.0,291.31365966796875,0.9390007257461548,0.3119057118892669,0.2805470824241638,297.53515625,297.1499938964844,293.1499938964844,0.0,-0.0,291.313720703125,0.9990000128746032,0.4108794331550598,0.3608324229717254,297.3526306152344,297.1499938964844,293.1499938964844,0.0,-0.0,291.31365966796875,0.9378894567489624,0.3109854757785797,0.2175316661596298,297.37432861328125,297.1499938964844,293.1499938964844,0.0,-0.0,291.3136901855469,0.9662988781929016,0.3378917276859283,0.3197780251502991,297.28173828125,297.1499938964844,293.1499938964844,0.0,-0.0,291.3136901855469,0.945773184299469,0.3177013695240021,1.428170680999756,291.3137512207031,291.141845703125,289.1565856933594,287.268798828125,291.32061767578125,297.40643310546875,291.3142395019531,1.0,0.5559114813804626,1.0,1.0,0.3108364343643188,1.0,-3.1301703453063965,2.309574842453003,0.8205955624580383,1.6015965938568115,0.0,0.0,0.0,99.17938995361328,132.0,11.193950653076172,-0.0,2277.42919921875,1.0,293.1499938964844,293.1499938964844,293.1499938964844,293.1499938964844,293.1499938964844,293.1499938964844,278.1499938964844,0.0,18000.0,313.1499938964844,0.0,18000.0,0.0,0.0,0.0,0.0,0.0,0.0,0.0,0.0,0.0,0.0,-0.0,-0.0,0.0,0.0,0.0,0.0,0.0,-0.0,0.0,0.0,0.0,0.0,0.0,0.0,0.0,0.0,0.0,4.0,0.0,0.0
11963580,297.3532409667969,297.1499938964844,293.1499938964844,0.0,-0.0,291.3233337402344,0.9145297408103944,0.3142397701740265,0.2828530669212341,297.5235900878906,297.1499938964844,293.1499938964844,0.0,-0.0,291.3233947753906,0.9990000128746032,0.4146066308021545,0.3894519805908203,297.35235595703125,297.1499938964844,293.1499938964844,0.0,-0.0,291.3233337402344,0.913685977458954,0.3135254979133606,0.2194613218307495,297.3740234375,297.1499938964844,293.1499938964844,0.0,-0.0,291.3233642578125,0.9431958794593812,0.3407000005245209,0.3226402699947357,297.2806091308594,297.1499938964844,293.1499938964844,0.0,-0.0,291.3233337402344,0.9202835559844972,0.319254994392395,1.4361993074417114,291.32342529296875,291.0515441894531,289.2294006347656,287.2848815917969,291.3316650390625,297.4017028808594,291.3240661621094,1.0,0.5681948661804199,1.0,1.0,0.3046712875366211,1.0,-3.182687520980835,2.3644189834594727,0.8182685375213623,1.64441978931427,0.0,0.0,0.0,107.11174011230467,150.0,13.246807098388672,-0.0,2419.26416015625,1.0,293.1499938964844,293.1499938964844,293.1499938964844,293.1499938964844,293.1499938964844,293.1499938964844,278.1499938964844,0.0,18000.0,313.1499938964844,0.0,18000.0,0.0,0.0,0.0,0.0,0.0,0.0,0.0,0.0,0.0,0.0,-0.0,-0.0,0.0,0.0,0.0,0.0,0.0,-0.0,0.0,0.0,0.0,0.0,0.0,0.0,0.0,0.0,0.0,4.0,0.0,0.0
11963640,297.3532409667969,297.1499938964844,293.1499938964844,0.0,-0.0,291.3233337402344,0.9145297408103944,0.3142397701740265,0.2828530669212341,297.5235900878906,297.1499938964844,293.1499938964844,0.0,-0.0,291.3233947753906,0.9990000128746032,0.4146066308021545,0.3894519805908203,297.35235595703125,297.1499938964844,293.1499938964844,0.0,-0.0,291.3233337402344,0.913685977458954,0.3135254979133606,0.2194613218307495,297.3740234375,297.1499938964844,293.1499938964844,0.0,-0.0,291.3233642578125,0.9431958794593812,0.3407000005245209,0.3226402699947357,297.2806091308594,297.1499938964844,293.1499938964844,0.0,-0.0,291.3233337402344,0.9202835559844972,0.319254994392395,1.4361993074417114,291.32342529296875,291.0515441894531,289.2294006347656,287.2848815917969,291.3316650390625,297.4017028808594,291.3240661621094,1.0,0.5681948661804199,1.0,1.0,0.3046712875366211,1.0,-3.182687520980835,2.3644189834594727,0.8182685375213623,1.64441978931427,0.0,0.0,0.0,107.11174011230467,150.0,13.246807098388672,-0.0,2419.26416015625,1.0,293.1499938964844,293.1499938964844,293.1499938964844,293.1499938964844,293.1499938964844,293.1499938964844,278.1499938964844,0.0,18000.0,313.1499938964844,0.0,18000.0,0.0,0.0,0.0,0.0,0.0,0.0,0.0,0.0,0.0,0.0,-0.0,-0.0,0.0,0.0,0.0,0.0,0.0,-0.0,0.0,0.0,0.0,0.0,0.0,0.0,0.0,0.0,0.0,4.0,0.0,0.0
11963700,297.351318359375,297.1499938964844,293.1499938964844,0.0,-0.0,291.3290405273437,0.8900758624076843,0.3153373599052429,0.2841332852840423,297.51251220703125,297.1499938964844,293.1499938964844,0.0,-0.0,291.3291015625,0.9816154837608336,0.4158853590488434,0.3936377465724945,297.3516845703125,297.1499938964844,293.1499938964844,0.0,-0.0,291.3290405273437,0.8894437551498413,0.3147401213645935,0.2205351591110229,297.3733215332031,297.1499938964844,293.1499938964844,0.0,-0.0,291.3290710449219,0.9157541394233704,0.3420502245426178,0.3242203891277313,297.2793273925781,297.1499938964844,293.1499938964844,0.0,-0.0,291.3290710449219,0.8946884870529175,0.3199570775032043,1.4408388137817385,291.3291320800781,291.0058898925781,289.2662353515625,287.29217529296875,291.3356628417969,297.3958740234375,291.3295593261719,1.0,0.5747597813606262,1.0,1.0,0.3015887141227722,1.0,-3.197614908218384,2.384140491485596,0.8134744763374329,1.6614060401916504,0.0,0.0,0.0,114.94159698486328,150.0,13.478031158447266,-0.0,2491.14697265625,1.0,293.1499938964844,293.1499938964844,293.1499938964844,293.1499938964844,293.1499938964844,293.1499938964844,278.1499938964844,0.0,18000.0,313.1499938964844,0.0,18000.0,0.0,0.0,0.0,0.0,0.0,0.0,0.0,0.0,0.0,0.0,-0.0,-0.0,0.0,0.0,0.0,0.0,0.0,-0.0,0.0,0.0,0.0,0.0,0.0,0.0,0.0,0.0,0.0,4.0,0.0,0.0
11963760,297.3490295410156,297.1499938964844,293.1499938964844,0.0,-0.0,291.32623291015625,0.8687092661857605,0.3163889646530151,0.2853860259056091,297.5048217773437,297.1499938964844,293.1499938964844,0.0,-0.0,291.3261108398437,0.9591404795646667,0.4174235165119171,0.3952770829200744,297.3506774902344,297.1499938964844,293.1499938964844,0.0,-0.0,291.32623291015625,0.8682209849357605,0.3159206807613373,0.2215945422649383,297.372314453125,297.1499938964844,293.1499938964844,0.0,-0.0,291.326171875,0.8928772211074829,0.3433680236339569,0.3257821500301361,297.2776794433594,297.1499938964844,293.1499938964844,0.0,-0.0,291.32623291015625,0.8727390170097351,0.3206150829792022,1.4453293085098269,291.3260498046875,290.9598999023437,289.3033142089844,287.29901123046875,291.3219299316406,297.3913269042969,291.32537841796875,1.0,0.5813665390014648,1.0,1.0,0.2960014343261719,1.0,-3.210160493850708,2.409711599349976,0.8004488945007324,1.6839599609375,0.0,0.0,0.0,123.30159759521484,168.0,0.029983589425683,-0.0,2561.187255859375,1.0,293.1499938964844,293.1499938964844,293.1499938964844,293.1499938964844,293.1499938964844,293.1499938964844,278.1499938964844,0.0,18000.0,313.1499938964844,0.0,18000.0,0.0,0.0,0.0,0.0,0.0,0.0,0.0,0.0,0.0,0.0,-0.0,-0.0,0.0,0.0,0.0,0.0,0.0,-0.0,0.0,0.0,0.0,0.0,0.0,0.0,0.0,0.0,0.0,4.0,0.0,0.0
11963820,297.3428039550781,297.1499938964844,293.1499938964844,0.0,-0.0,291.3044738769531,0.8351563811302185,0.3182792961597442,0.2877552807331085,297.4945373535156,297.1499938964844,293.1499938964844,0.0,-0.0,291.3043212890625,0.916336476802826,0.4208714067935943,0.3990626931190491,297.3473205566406,297.1499938964844,293.1499938964844,0.0,-0.0,291.3044738769531,0.8349601030349731,0.3181216716766357,0.2236413061618805,297.3690185546875,297.1499938964844,293.1499938964844,0.0,-0.0,291.3044128417969,0.8572348356246948,0.3458514511585235,0.3288152515888214,297.27301025390625,297.1499938964844,293.1499938964844,0.0,-0.0,291.3044738769531,0.8381249308586121,0.3217612504959106,1.4537787437438965,291.30426025390625,290.8670349121094,289.3782043457031,287.3113708496094,291.29302978515625,297.38385009765625,291.303466796875,1.0,0.5946447849273682,1.0,1.0,0.2848268449306488,1.0,-3.2338309288024902,2.4610724449157715,0.7727583050727844,1.7299319505691528,0.0,0.0,0.0,140.8404083251953,171.0,-21.44407844543457,-0.0,2705.321044921875,1.0,293.1499938964844,293.1499938964844,293.1499938964844,293.1499938964844,293.1499938964844,293.1499938964844,278.1499938964844,0.0,18000.0,313.1499938964844,0.0,18000.0,0.0,0.0,0.0,0.0,0.0,0.0,0.0,0.0,0.0,0.0,-0.0,-0.0,0.0,0.0,0.0,0.0,0.0,-0.0,0.0,0.0,0.0,0.0,0.0,0.0,0.0,0.0,0.0,4.0,0.0,0.0
11963880,297.3428039550781,297.1499938964844,293.1499938964844,0.0,-0.0,291.3044738769531,0.8351563811302185,0.3182792961597442,0.2877552807331085,297.4945373535156,297.1499938964844,293.1499938964844,0.0,-0.0,291.3043212890625,0.916336476802826,0.4208714067935943,0.3990626931190491,297.3473205566406,297.1499938964844,293.1499938964844,0.0,-0.0,291.3044738769531,0.8349601030349731,0.3181216716766357,0.2236413061618805,297.3690185546875,297.1499938964844,293.1499938964844,0.0,-0.0,291.3044128417969,0.8572348356246948,0.3458514511585235,0.3288152515888214,297.27301025390625,297.1499938964844,293.1499938964844,0.0,-0.0,291.3044738769531,0.8381249308586121,0.3217612504959106,1.4537787437438965,291.30426025390625,290.8670349121094,289.3782043457031,287.3113708496094,291.29302978515625,297.38385009765625,291.303466796875,1.0,0.5946447849273682,1.0,1.0,0.2848268449306488,1.0,-3.2338309288024902,2.4610724449157715,0.7727583050727844,1.7299319505691528,0.0,0.0,0.0,140.8404083251953,171.0,-21.44407844543457,-0.0,2705.321044921875,1.0,293.1499938964844,293.1499938964844,293.1499938964844,293.1499938964844,293.1499938964844,293.1499938964844,278.1499938964844,0.0,18000.0,313.1499938964844,0.0,18000.0,0.0,0.0,0.0,0.0,0.0,0.0,0.0,0.0,0.0,0.0,-0.0,-0.0,0.0,0.0,0.0,0.0,0.0,-0.0,0.0,0.0,0.0,0.0,0.0,0.0,0.0,0.0,0.0,4.0,0.0,0.0
11963940,297.33514404296875,297.1499938964844,293.1499938964844,0.0,-0.0,291.2807006835937,0.8190672397613525,0.3199464380741119,0.2896875441074371,297.4872131347656,297.1499938964844,293.1499938964844,0.0,-0.0,291.2805480957031,0.896908700466156,0.4244906902313232,0.4028545916080475,297.3426208496094,297.1499938964844,293.1499938964844,0.0,-0.0,291.2807006835937,0.8191510438919067,0.3201462626457214,0.2253858596086502,297.36444091796875,297.1499938964844,293.1499938964844,0.0,-0.0,291.2806396484375,0.84055095911026,0.3481607735157013,0.3314439654350281,297.2670288085937,297.1499938964844,293.1499938964844,0.0,-0.0,291.2807006835937,0.8213965892791748,0.3227148354053497,1.4602224826812744,291.2804870605469,290.77313232421875,289.45391845703125,287.3221740722656,291.26666259765625,297.3771057128906,291.2796630859375,1.0,0.6034950613975525,1.0,1.0,0.2736522853374481,1.0,-3.253726959228516,2.5100200176239014,0.743707001209259,1.7743850946426392,0.0,0.0,0.0,152.4059295654297,159.0,-29.71795463562012,-0.0,2810.459716796875,1.0,293.1499938964844,293.1499938964844,293.1499938964844,293.1499938964844,293.1499938964844,293.1499938964844,278.1499938964844,0.0,18000.0,313.1499938964844,0.0,18000.0,0.0,0.0,0.0,0.0,0.0,0.0,0.0,0.0,0.0,0.0,-0.0,-0.0,0.0,0.0,0.0,0.0,0.0,-0.0,0.0,0.0,0.0,0.0,0.0,0.0,0.0,0.0,0.0,4.0,0.0,0.0
11964000,297.33514404296875,297.1499938964844,293.1499938964844,0.0,-0.0,291.2807006835937,0.8190672397613525,0.3199464380741119,0.2896875441074371,297.4872131347656,297.1499938964844,293.1499938964844,0.0,-0.0,291.2805480957031,0.896908700466156,0.4244906902313232,0.4028545916080475,297.3426208496094,297.1499938964844,293.1499938964844,0.0,-0.0,291.2807006835937,0.8191510438919067,0.3201462626457214,0.2253858596086502,297.36444091796875,297.1499938964844,293.1499938964844,0.0,-0.0,291.2806396484375,0.84055095911026,0.3481607735157013,0.3314439654350281,297.2670288085937,297.1499938964844,293.1499938964844,0.0,-0.0,291.2807006835937,0.8213965892791748,0.3227148354053497,1.4602224826812744,291.2804870605469,290.77313232421875,289.45391845703125,287.3221740722656,291.26666259765625,297.3771057128906,291.2796630859375,1.0,0.6034950613975525,1.0,1.0,0.2736522853374481,1.0,-3.253726959228516,2.5100200176239014,0.743707001209259,1.7743850946426392,0.0,0.0,0.0,152.4059295654297,159.0,-29.71795463562012,-0.0,2810.459716796875,1.0,293.1499938964844,293.1499938964844,293.1499938964844,293.1499938964844,293.1499938964844,293.1499938964844,278.1499938964844,0.0,18000.0,313.1499938964844,0.0,18000.0,0.0,0.0,0.0,0.0,0.0,0.0,0.0,0.0,0.0,0.0,-0.0,-0.0,0.0,0.0,0.0,0.0,0.0,-0.0,0.0,0.0,0.0,0.0,0.0,0.0,0.0,0.0,0.0,4.0,0.0,0.0
11964060,297.3260803222656,297.1499938964844,293.1499938964844,0.0,-0.0,291.22119140625,0.8192461729049683,0.3213754892349243,0.2910596430301666,297.48016357421875,297.1499938964844,293.1499938964844,0.0,-0.0,291.2207336425781,0.8982638120651245,0.4280511736869812,0.4062623977661133,297.33660888671875,297.1499938964844,293.1499938964844,0.0,-0.0,291.22119140625,0.8196364045143127,0.3219801187515259,0.226723313331604,297.3584899902344,297.1499938964844,293.1499938964844,0.0,-0.0,291.2210388183594,0.8411385416984558,0.3502785563468933,0.3335202634334564,297.2597961425781,297.1499938964844,293.1499938964844,0.0,-0.0,291.22119140625,0.8210217356681824,0.323464572429657,1.463980197906494,291.2205505371094,290.6783447265625,289.5303649902344,287.3316345214844,291.1817321777344,297.3699645996094,291.2178039550781,1.0,0.6057203412055969,1.0,1.0,0.2539457678794861,1.0,-3.2681071758270264,2.580817699432373,0.6872894763946533,1.8418594598770144,0.0,0.0,0.0,153.7386474609375,147.0,-74.07138061523438,-0.0,2848.261962890625,1.0,293.1499938964844,293.1499938964844,293.1499938964844,293.1499938964844,293.1499938964844,293.1499938964844,278.1499938964844,0.0,18000.0,313.1499938964844,0.0,18000.0,0.0,0.0,0.0,0.0,0.0,0.0,0.0,0.0,0.0,0.0,-0.0,-0.0,0.0,0.0,0.0,0.0,0.0,-0.0,0.0,0.0,0.0,0.0,0.0,0.0,0.0,0.0,0.0,4.0,0.0,0.0
11964120,297.3260803222656,297.1499938964844,293.1499938964844,0.0,-0.0,291.22119140625,0.8192461729049683,0.3213754892349243,0.2910596430301666,297.48016357421875,297.1499938964844,293.1499938964844,0.0,-0.0,291.2207336425781,0.8982638120651245,0.4280511736869812,0.4062623977661133,297.33660888671875,297.1499938964844,293.1499938964844,0.0,-0.0,291.22119140625,0.8196364045143127,0.3219801187515259,0.226723313331604,297.3584899902344,297.1499938964844,293.1499938964844,0.0,-0.0,291.2210388183594,0.8411385416984558,0.3502785563468933,0.3335202634334564,297.2597961425781,297.1499938964844,293.1499938964844,0.0,-0.0,291.22119140625,0.8210217356681824,0.323464572429657,1.463980197906494,291.2205505371094,290.6783447265625,289.5303649902344,287.3316345214844,291.1817321777344,297.3699645996094,291.2178039550781,1.0,0.6057203412055969,1.0,1.0,0.2539457678794861,1.0,-3.2681071758270264,2.580817699432373,0.6872894763946533,1.8418594598770144,0.0,0.0,0.0,153.7386474609375,147.0,-74.07138061523438,-0.0,2848.261962890625,1.0,293.1499938964844,293.1499938964844,293.1499938964844,293.1499938964844,293.1499938964844,293.1499938964844,278.1499938964844,0.0,18000.0,313.1499938964844,0.0,18000.0,0.0,0.0,0.0,0.0,0.0,0.0,0.0,0.0,0.0,0.0,-0.0,-0.0,0.0,0.0,0.0,0.0,0.0,-0.0,0.0,0.0,0.0,0.0,0.0,0.0,0.0,0.0,0.0,4.0,0.0,0.0
11964180,297.3145751953125,297.1499938964844,293.1499938964844,0.0,-0.0,291.1451110839844,0.8275983333587646,0.3224422335624695,0.2919074296951294,297.47137451171875,297.1499938964844,293.1499938964844,0.0,-0.0,291.1446228027344,0.9100089073181152,0.4313417971134186,0.4092239439487457,297.32843017578125,297.1499938964844,293.1499938964844,0.0,-0.0,291.1451110839844,0.828345537185669,0.3235173523426056,0.227699801325798,297.35040283203125,297.1499938964844,293.1499938964844,0.0,-0.0,291.1449584960937,0.8504146933555603,0.3521002829074859,0.335109531879425,297.2504272460937,297.1499938964844,293.1499938964844,0.0,-0.0,291.1451110839844,0.8288735747337341,0.3239073753356933,1.465384840965271,291.1444702148437,290.5827941894531,289.607421875,287.3399658203125,291.0986022949219,297.36083984375,291.1416015625,1.0,0.6043920516967773,1.0,1.0,0.2342392802238464,1.0,-3.2774689197540283,2.6481692790985107,0.6292996406555176,1.9069786071777344,0.0,0.0,0.0,149.3868408203125,135.0,-96.57306671142578,-0.0,2843.988525390625,1.0,293.1499938964844,293.1499938964844,293.1499938964844,293.1499938964844,293.1499938964844,293.1499938964844,278.1499938964844,0.0,18000.0,313.1499938964844,0.0,18000.0,0.0,0.0,0.0,0.0,0.0,0.0,0.0,0.0,0.0,0.0,-0.0,-0.0,0.0,0.0,0.0,0.0,0.0,-0.0,0.0,0.0,0.0,0.0,0.0,0.0,0.0,0.0,0.0,4.0,0.0,0.0
11964240,297.3145751953125,297.1499938964844,293.1499938964844,0.0,-0.0,291.1451110839844,0.8275983333587646,0.3224422335624695,0.2919074296951294,297.47137451171875,297.1499938964844,293.1499938964844,0.0,-0.0,291.1446228027344,0.9100089073181152,0.4313417971134186,0.4092239439487457,297.32843017578125,297.1499938964844,293.1499938964844,0.0,-0.0,291.1451110839844,0.828345537185669,0.3235173523426056,0.227699801325798,297.35040283203125,297.1499938964844,293.1499938964844,0.0,-0.0,291.1449584960937,0.8504146933555603,0.3521002829074859,0.335109531879425,297.2504272460937,297.1499938964844,293.1499938964844,0.0,-0.0,291.1451110839844,0.8288735747337341,0.3239073753356933,1.465384840965271,291.1444702148437,290.5827941894531,289.607421875,287.3399658203125,291.0986022949219,297.36083984375,291.1416015625,1.0,0.6043920516967773,1.0,1.0,0.2342392802238464,1.0,-3.2774689197540283,2.6481692790985107,0.6292996406555176,1.9069786071777344,0.0,0.0,0.0,149.3868408203125,135.0,-96.57306671142578,-0.0,2843.988525390625,1.0,293.1499938964844,293.1499938964844,293.1499938964844,293.1499938964844,293.1499938964844,293.1499938964844,278.1499938964844,0.0,18000.0,313.1499938964844,0.0,18000.0,0.0,0.0,0.0,0.0,0.0,0.0,0.0,0.0,0.0,0.0,-0.0,-0.0,0.0,0.0,0.0,0.0,0.0,-0.0,0.0,0.0,0.0,0.0,0.0,0.0,0.0,0.0,0.0,4.0,0.0,0.0
11964300,297.3083801269531,297.1499938964844,293.1499938964844,0.0,-0.0,291.1068725585937,0.8339052200317383,0.3228759169578552,0.2921871244907379,297.4665222167969,297.1499938964844,293.1499938964844,0.0,-0.0,291.1063842773437,0.9192800521850586,0.4329030513763428,0.4105722904205322,297.3238830566406,297.1499938964844,293.1499938964844,0.0,-0.0,291.1068725585937,0.8348562121391296,0.3242013454437256,0.228088229894638,297.3458557128906,297.1499938964844,293.1499938964844,0.0,-0.0,291.106689453125,0.8574694395065308,0.3529242873191833,0.335767537355423,297.2452392578125,297.1499938964844,293.1499938964844,0.0,-0.0,291.1068725585937,0.8349515199661255,0.3240351378917694,1.4654115438461304,291.106201171875,290.5348205566406,289.6461181640625,287.34381103515625,291.0593566894531,297.3558654785156,291.1033935546875,1.0,0.6028606295585632,1.0,1.0,0.2243860363960266,1.0,-3.280719518661499,2.680361032485962,0.6003586649894714,1.9383658170700075,0.0,0.0,0.0,145.94598388671875,135.0,-100.96387481689452,-0.0,2831.75341796875,1.0,293.1499938964844,293.1499938964844,293.1499938964844,293.1499938964844,293.1499938964844,293.1499938964844,278.1499938964844,0.0,18000.0,313.1499938964844,0.0,18000.0,0.0,0.0,0.0,0.0,0.0,0.0,0.0,0.0,0.0,0.0,-0.0,-0.0,0.0,0.0,0.0,0.0,0.0,-0.0,0.0,0.0,0.0,0.0,0.0,0.0,0.0,0.0,0.0,4.0,0.0,0.0
11964360,297.302001953125,297.1499938964844,293.1499938964844,0.0,-0.0,291.0653991699219,0.8415808081626892,0.3232543170452118,0.2923952639102936,297.4615173339844,297.1499938964844,293.1499938964844,0.0,-0.0,291.0648193359375,0.9306449294090272,0.4344142973423004,0.4118517339229584,297.31915283203125,297.1499938964844,293.1499938964844,0.0,-0.0,291.0653991699219,0.8427595496177673,0.3248381316661834,0.2284266799688339,297.34112548828125,297.1499938964844,293.1499938964844,0.0,-0.0,291.0652160644531,0.8660852313041687,0.3536992073059082,0.3363561332225799,297.2398376464844,297.1499938964844,293.1499938964844,0.0,-0.0,291.0653991699219,0.842402458190918,0.32410928606987,1.465087652206421,291.06463623046875,290.4866943359375,289.6849060058594,287.3474426269531,291.0119934082031,297.3507385253906,291.061279296875,1.0,0.6009208559989929,1.0,1.0,0.212957888841629,1.0,-3.283236026763916,2.71597957611084,0.5672566294670105,1.973323106765747,0.0,0.0,0.0,141.924072265625,123.0,-109.48143768310548,-0.0,2814.728759765625,1.0,293.1499938964844,293.1499938964844,293.1499938964844,293.1499938964844,293.1499938964844,293.1499938964844,278.1499938964844,0.0,18000.0,313.1499938964844,0.0,18000.0,0.0,0.0,0.0,0.0,0.0,0.0,0.0,0.0,0.0,0.0,-0.0,-0.0,0.0,0.0,0.0,0.0,0.0,-0.0,0.0,0.0,0.0,0.0,0.0,0.0,0.0,0.0,0.0,4.0,0.0,0.0
11964420,297.28857421875,297.1499938964844,293.1499938964844,0.0,-0.0,290.9771423339844,0.8613195419311523,0.3238180875778198,0.2926027178764343,297.4506225585937,297.1499938964844,293.1499938964844,0.0,-0.0,290.9765930175781,0.9578313827514648,0.4372574687004089,0.4142045080661773,297.3089904785156,297.1499938964844,293.1499938964844,0.0,-0.0,290.9771423339844,0.8630463480949402,0.3259488046169281,0.2289614528417587,297.33087158203125,297.1499938964844,293.1499938964844,0.0,-0.0,290.9769592285156,0.8880531787872314,0.355082243680954,0.3373369872570038,297.22833251953125,297.1499938964844,293.1499938964844,0.0,-0.0,290.9771423339844,0.861678421497345,0.3240793645381927,1.4634548425674438,290.9764099121094,290.3901672363281,289.76275634765625,287.354248046875,290.9223937988281,297.3397216796875,290.97320556640625,1.0,0.5961211919784546,1.0,1.0,0.1901015937328338,1.0,-3.2861785888671875,2.784262657165528,0.5019158720970154,2.0407543182373047,0.0,0.0,0.0,132.71380615234375,111.0,-118.0192413330078,-0.0,2769.69873046875,1.0,293.1499938964844,293.1499938964844,293.1499938964844,293.1499938964844,293.1499938964844,293.1499938964844,278.1499938964844,0.0,18000.0,313.1499938964844,0.0,18000.0,0.0,0.0,0.0,0.0,0.0,0.0,0.0,0.0,0.0,0.0,-0.0,-0.0,0.0,0.0,0.0,0.0,0.0,-0.0,0.0,0.0,0.0,0.0,0.0,0.0,0.0,0.0,0.0,4.0,0.0,0.0
11964480,297.28857421875,297.1499938964844,293.1499938964844,0.0,-0.0,290.9771423339844,0.8613195419311523,0.3238180875778198,0.2926027178764343,297.4506225585937,297.1499938964844,293.1499938964844,0.0,-0.0,290.9765930175781,0.9578313827514648,0.4372574687004089,0.4142045080661773,297.3089904785156,297.1499938964844,293.1499938964844,0.0,-0.0,290.9771423339844,0.8630463480949402,0.3259488046169281,0.2289614528417587,297.33087158203125,297.1499938964844,293.1499938964844,0.0,-0.0,290.9769592285156,0.8880531787872314,0.355082243680954,0.3373369872570038,297.22833251953125,297.1499938964844,293.1499938964844,0.0,-0.0,290.9771423339844,0.861678421497345,0.3240793645381927,1.4634548425674438,290.9764099121094,290.3901672363281,289.76275634765625,287.354248046875,290.9223937988281,297.3397216796875,290.97320556640625,1.0,0.5961211919784546,1.0,1.0,0.1901015937328338,1.0,-3.2861785888671875,2.784262657165528,0.5019158720970154,2.0407543182373047,0.0,0.0,0.0,132.71380615234375,111.0,-118.0192413330078,-0.0,2769.69873046875,1.0,293.1499938964844,293.1499938964844,293.1499938964844,293.1499938964844,293.1499938964844,293.1499938964844,278.1499938964844,0.0,18000.0,313.1499938964844,0.0,18000.0,0.0,0.0,0.0,0.0,0.0,0.0,0.0,0.0,0.0,0.0,-0.0,-0.0,0.0,0.0,0.0,0.0,0.0,-0.0,0.0,0.0,0.0,0.0,0.0,0.0,0.0,0.0,0.0,4.0,0.0,0.0
11964540,297.2751159667969,297.1499938964844,293.1499938964844,0.0,-0.0,290.895263671875,0.8883283138275146,0.324205219745636,0.2925970256328583,297.4395446777344,297.1499938964844,293.1499938964844,0.0,-0.0,290.8947448730469,0.9874842166900636,0.4399418234825134,0.4163502156734466,297.298583984375,297.1499938964844,293.1499938964844,0.0,-0.0,290.895263671875,0.8906978368759155,0.3269073963165283,0.2293506413698196,297.3203430175781,297.1499938964844,293.1499938964844,0.0,-0.0,290.89508056640625,0.9181695580482484,0.3563051521778106,0.3381140828132629,297.2165222167969,297.1499938964844,293.1499938964844,0.0,-0.0,290.895263671875,0.8881621360778809,0.3238735496997833,1.460784912109375,290.89459228515625,290.2933959960937,289.8408203125,287.36065673828125,290.8436279296875,297.3285827636719,290.8916931152344,1.0,0.5904687643051147,1.0,1.0,0.1672452986240387,1.0,-3.286947965621948,2.847550392150879,0.4393976032733917,2.103670120239258,0.0,0.0,0.0,122.51222229003906,99.0,-113.9821548461914,-0.0,2714.52001953125,1.0,293.1499938964844,293.1499938964844,293.1499938964844,293.1499938964844,293.1499938964844,293.1499938964844,278.1499938964844,0.0,18000.0,313.1499938964844,0.0,18000.0,0.0,0.0,0.0,0.0,0.0,0.0,0.0,0.0,0.0,0.0,-0.0,-0.0,0.0,0.0,0.0,0.0,0.0,-0.0,0.0,0.0,0.0,0.0,0.0,0.0,0.0,0.0,0.0,4.0,0.0,0.0
11964600,297.2751159667969,297.1499938964844,293.1499938964844,0.0,-0.0,290.895263671875,0.8883283138275146,0.324205219745636,0.2925970256328583,297.4395446777344,297.1499938964844,293.1499938964844,0.0,-0.0,290.8947448730469,0.9874842166900636,0.4399418234825134,0.4163502156734466,297.298583984375,297.1499938964844,293.1499938964844,0.0,-0.0,290.895263671875,0.8906978368759155,0.3269073963165283,0.2293506413698196,297.3203430175781,297.1499938964844,293.1499938964844,0.0,-0.0,290.89508056640625,0.9181695580482484,0.3563051521778106,0.3381140828132629,297.2165222167969,297.1499938964844,293.1499938964844,0.0,-0.0,290.895263671875,0.8881621360778809,0.3238735496997833,1.460784912109375,290.89459228515625,290.2933959960937,289.8408203125,287.36065673828125,290.8436279296875,297.3285827636719,290.8916931152344,1.0,0.5904687643051147,1.0,1.0,0.1672452986240387,1.0,-3.286947965621948,2.847550392150879,0.4393976032733917,2.103670120239258,0.0,0.0,0.0,122.51222229003906,99.0,-113.9821548461914,-0.0,2714.52001953125,1.0,293.1499938964844,293.1499938964844,293.1499938964844,293.1499938964844,293.1499938964844,293.1499938964844,278.1499938964844,0.0,18000.0,313.1499938964844,0.0,18000.0,0.0,0.0,0.0,0.0,0.0,0.0,0.0,0.0,0.0,0.0,-0.0,-0.0,0.0,0.0,0.0,0.0,0.0,-0.0,0.0,0.0,0.0,0.0,0.0,0.0,0.0,0.0,0.0,4.0,0.0,0.0
11964660,297.2606811523437,297.1499938964844,293.1499938964844,0.0,-0.0,290.7744140625,0.9137325286865234,0.3243333101272583,0.2925263345241546,297.4324951171875,297.1499938964844,293.1499938964844,0.0,-0.0,290.77325439453125,0.9990000128746032,0.4428787529468536,0.4037351906299591,297.2872314453125,297.1499938964844,293.1499938964844,0.0,-0.0,290.7743530273437,0.9170666933059692,0.3276431262493133,0.229706585407257,297.3088684082031,297.1499938964844,293.1499938964844,0.0,-0.0,290.7739562988281,0.9478334188461304,0.3573014140129089,0.3388400077819824,297.2038269042969,297.1499938964844,293.1499938964844,0.0,-0.0,290.7744140625,0.912927269935608,0.3234345316886902,1.4578191041946411,290.7727966308594,290.1965026855469,289.9189453125,287.366943359375,290.67315673828125,297.3179016113281,290.765380859375,1.0,0.5832661390304565,1.0,1.0,0.1433659344911575,1.0,-3.269464492797852,2.938443183898926,0.3310213387012481,2.198542833328247,0.0,0.0,0.0,114.24989318847656,87.0,-175.2536163330078,-0.0,2633.2373046875,1.0,293.1499938964844,293.1499938964844,293.1499938964844,293.1499938964844,293.1499938964844,293.1499938964844,278.1499938964844,0.0,18000.0,313.1499938964844,0.0,18000.0,0.0,0.0,0.0,0.0,0.0,0.0,0.0,0.0,0.0,0.0,-0.0,-0.0,0.0,0.0,0.0,0.0,0.0,-0.0,0.0,0.0,0.0,0.0,0.0,0.0,0.0,0.0,0.0,4.0,0.0,0.0
11964720,297.2606811523437,297.1499938964844,293.1499938964844,0.0,-0.0,290.7744140625,0.9137325286865234,0.3243333101272583,0.2925263345241546,297.4324951171875,297.1499938964844,293.1499938964844,0.0,-0.0,290.77325439453125,0.9990000128746032,0.4428787529468536,0.4037351906299591,297.2872314453125,297.1499938964844,293.1499938964844,0.0,-0.0,290.7743530273437,0.9170666933059692,0.3276431262493133,0.229706585407257,297.3088684082031,297.1499938964844,293.1499938964844,0.0,-0.0,290.7739562988281,0.9478334188461304,0.3573014140129089,0.3388400077819824,297.2038269042969,297.1499938964844,293.1499938964844,0.0,-0.0,290.7744140625,0.912927269935608,0.3234345316886902,1.4578191041946411,290.7727966308594,290.1965026855469,289.9189453125,287.366943359375,290.67315673828125,297.3179016113281,290.765380859375,1.0,0.5832661390304565,1.0,1.0,0.1433659344911575,1.0,-3.269464492797852,2.938443183898926,0.3310213387012481,2.198542833328247,0.0,0.0,0.0,114.24989318847656,87.0,-175.2536163330078,-0.0,2633.2373046875,1.0,293.1499938964844,293.1499938964844,293.1499938964844,293.1499938964844,293.1499938964844,293.1499938964844,278.1499938964844,0.0,18000.0,313.1499938964844,0.0,18000.0,0.0,0.0,0.0,0.0,0.0,0.0,0.0,0.0,0.0,0.0,-0.0,-0.0,0.0,0.0,0.0,0.0,0.0,-0.0,0.0,0.0,0.0,0.0,0.0,0.0,0.0,0.0,0.0,4.0,0.0,0.0
11964780,297.23883056640625,297.1499938964844,293.1499938964844,0.0,-0.0,290.5387878417969,0.938100814819336,0.3235293924808502,0.2918434739112854,297.44146728515625,297.1499938964844,293.1499938964844,0.0,-0.0,290.5375671386719,0.9990000128746032,0.4473555982112884,0.3762999773025512,297.2696228027344,297.1499938964844,293.1499938964844,0.0,-0.0,290.5386962890625,0.9423295259475708,0.3276058137416839,0.2296758443117141,297.2913513183594,297.1499938964844,293.1499938964844,0.0,-0.0,290.5381774902344,0.971563458442688,0.3575462996959686,0.3390583097934723,297.18572998046875,297.1499938964844,293.1499938964844,0.0,-0.0,290.5387878417969,0.9368017315864564,0.322289377450943,1.4525816440582275,290.5366516113281,290.09967041015625,289.9970397949219,287.3733215332031,290.3898620605469,297.3100280761719,290.5268249511719,1.0,0.5735070109367371,1.0,1.0,0.1194865703582763,1.0,-3.2296013832092285,3.058313369750977,0.1712880134582519,2.3268747329711914,0.0,0.0,0.0,106.9413070678711,105.0,-290.1188659667969,-0.0,2514.009521484375,1.0,293.1499938964844,293.1499938964844,293.1499938964844,293.1499938964844,293.1499938964844,293.1499938964844,278.1499938964844,0.0,18000.0,313.1499938964844,0.0,18000.0,0.0,0.0,0.0,0.0,0.0,0.0,0.0,0.0,0.0,0.0,-0.0,-0.0,0.0,0.0,0.0,0.0,0.0,-0.0,0.0,0.0,0.0,0.0,0.0,0.0,0.0,0.0,0.0,4.0,0.0,0.0
11964840,297.23883056640625,297.1499938964844,293.1499938964844,0.0,-0.0,290.5387878417969,0.938100814819336,0.3235293924808502,0.2918434739112854,297.44146728515625,297.1499938964844,293.1499938964844,0.0,-0.0,290.5375671386719,0.9990000128746032,0.4473555982112884,0.3762999773025512,297.2696228027344,297.1499938964844,293.1499938964844,0.0,-0.0,290.5386962890625,0.9423295259475708,0.3276058137416839,0.2296758443117141,297.2913513183594,297.1499938964844,293.1499938964844,0.0,-0.0,290.5381774902344,0.971563458442688,0.3575462996959686,0.3390583097934723,297.18572998046875,297.1499938964844,293.1499938964844,0.0,-0.0,290.5387878417969,0.9368017315864564,0.322289377450943,1.4525816440582275,290.5366516113281,290.09967041015625,289.9970397949219,287.3733215332031,290.3898620605469,297.3100280761719,290.5268249511719,1.0,0.5735070109367371,1.0,1.0,0.1194865703582763,1.0,-3.2296013832092285,3.058313369750977,0.1712880134582519,2.3268747329711914,0.0,0.0,0.0,106.9413070678711,105.0,-290.1188659667969,-0.0,2514.009521484375,1.0,293.1499938964844,293.1499938964844,293.1499938964844,293.1499938964844,293.1499938964844,293.1499938964844,278.1499938964844,0.0,18000.0,313.1499938964844,0.0,18000.0,0.0,0.0,0.0,0.0,0.0,0.0,0.0,0.0,0.0,0.0,-0.0,-0.0,0.0,0.0,0.0,0.0,0.0,-0.0,0.0,0.0,0.0,0.0,0.0,0.0,0.0,0.0,0.0,4.0,0.0,0.0
11964900,297.2255554199219,297.1499938964844,293.1499938964844,0.0,-0.0,290.41796875,0.940360188484192,0.3227883577346802,0.2912426292896271,297.4472045898437,297.1499938964844,293.1499938964844,0.0,-0.0,290.4169616699219,0.9990000128746032,0.4497663080692291,0.3731760680675506,297.25885009765625,297.1499938964844,293.1499938964844,0.0,-0.0,290.4179077148437,0.9450355768203736,0.3273042142391205,0.2295031249523162,297.2806396484375,297.1499938964844,293.1499938964844,0.0,-0.0,290.4174499511719,0.9740517735481262,0.3573900461196899,0.3389609754085541,297.1749572753906,297.1499938964844,293.1499938964844,0.0,-0.0,290.4179992675781,0.9389383792877196,0.3214579224586487,1.4490796327590942,290.4161376953125,290.05133056640625,290.0360107421875,287.37664794921875,290.275390625,297.306396484375,290.40777587890625,1.0,0.572358250617981,1.0,1.0,0.1075468882918357,1.0,-3.220545768737793,3.1160430908203125,0.1045026108622551,2.385849714279175,0.0,0.0,0.0,105.95465850830078,105.0,-304.9241638183594,-0.0,2491.287353515625,1.0,293.1499938964844,293.1499938964844,293.1499938964844,293.1499938964844,293.1499938964844,293.1499938964844,278.1499938964844,0.0,18000.0,313.1499938964844,0.0,18000.0,0.0,0.0,0.0,0.0,0.0,0.0,0.0,0.0,0.0,0.0,-0.0,-0.0,0.0,0.0,0.0,0.0,0.0,-0.0,0.0,0.0,0.0,0.0,0.0,0.0,0.0,0.0,0.0,4.0,0.0,0.0
11964960,297.21221923828125,297.1499938964844,293.1499938964844,0.0,-0.0,290.3331604003906,0.9355546832084656,0.3219596147537231,0.2905634045600891,297.44696044921875,297.1499938964844,293.1499938964844,0.0,-0.0,290.33251953125,0.9990000128746032,0.451627254486084,0.3772995769977569,297.2478942871094,297.1499938964844,293.1499938964844,0.0,-0.0,290.3330993652344,0.9407657384872437,0.326919823884964,0.2292837649583816,297.26971435546875,297.1499938964844,293.1499938964844,0.0,-0.0,290.33282470703125,0.9704931378364564,0.3571459949016571,0.3387990891933441,297.1639709472656,297.1499938964844,293.1499938964844,0.0,-0.0,290.3331604003906,0.9340242743492126,0.3205374479293823,1.4452996253967283,290.33209228515625,290.0030822753906,290.074951171875,287.3800964355469,290.2275390625,297.3006286621094,290.3274230957031,1.0,0.5729541778564453,1.0,1.0,0.0989516451954841,1.0,-3.219670534133911,3.1522340774536133,0.0674362853169441,2.42191219329834,0.0,0.0,0.0,106.7674331665039,123.0,-261.1237487792969,-0.0,2494.33642578125,1.0,293.1499938964844,293.1499938964844,293.1499938964844,293.1499938964844,293.1499938964844,293.1499938964844,278.1499938964844,0.0,18000.0,313.1499938964844,0.0,18000.0,0.0,0.0,0.0,0.0,0.0,0.0,0.0,0.0,0.0,0.0,-0.0,-0.0,0.0,0.0,0.0,0.0,0.0,-0.0,0.0,0.0,0.0,0.0,0.0,0.0,0.0,0.0,0.0,4.0,0.0,0.0
11965020,297.1916198730469,297.1499938964844,293.1499938964844,0.0,-0.0,290.2555236816406,0.9149154424667358,0.3206286430358886,0.2894356250762939,297.4291381835937,297.1499938964844,293.1499938964844,0.0,-0.0,290.2552490234375,0.9990000128746032,0.4534849524497986,0.3981086611747741,297.2306213378906,297.1499938964844,293.1499938964844,0.0,-0.0,290.2554931640625,0.9208963513374328,0.3263638317584991,0.2289668321609497,297.25213623046875,297.1499938964844,293.1499938964844,0.0,-0.0,290.2554016113281,0.9525019526481628,0.3568297922611236,0.3386058509349823,297.145751953125,297.1499938964844,293.1499938964844,0.0,-0.0,290.2555236816406,0.9131406545639038,0.3188603818416595,1.4383949041366575,290.2551574707031,289.9100036621094,290.1499938964844,287.38726806640625,290.20513916015625,297.2845458984375,290.2537841796875,1.0,0.5782458186149597,1.0,1.0,0.0823281705379486,1.0,-3.2343978881835938,3.2093160152435303,0.025081880390644,2.475217580795288,0.0,0.0,0.0,111.73670196533205,123.0,-145.8713836669922,-0.0,2551.188720703125,1.0,293.1499938964844,293.1499938964844,293.1499938964844,293.1499938964844,293.1499938964844,293.1499938964844,278.1499938964844,0.0,18000.0,313.1499938964844,0.0,18000.0,0.0,0.0,0.0,0.0,0.0,0.0,0.0,0.0,0.0,0.0,-0.0,-0.0,0.0,0.0,0.0,0.0,0.0,-0.0,0.0,0.0,0.0,0.0,0.0,0.0,0.0,0.0,0.0,4.0,0.0,0.0
11965080,297.1910705566406,297.1499938964844,293.1499938964844,0.0,-0.0,290.2542724609375,0.9140611886978148,0.3205930292606354,0.2894065678119659,297.4281616210937,297.1499938964844,293.1499938964844,0.0,-0.0,290.2540283203125,0.9990000128746032,0.4535072743892669,0.3990498781204223,297.2301330566406,297.1499938964844,293.1499938964844,0.0,-0.0,290.2542419433594,0.9200472831726074,0.3263523876667022,0.2289618104696273,297.25164794921875,297.1499938964844,293.1499938964844,0.0,-0.0,290.254150390625,0.9516820907592772,0.3568258285522461,0.3386064171791076,297.1452331542969,297.1499938964844,293.1499938964844,0.0,-0.0,290.2542724609375,0.9122805595397948,0.3188084959983825,1.4381871223449707,290.2539367675781,289.9068298339844,290.1525573730469,287.38751220703125,290.20562744140625,297.28387451171875,290.2526550292969,1.0,0.5785096287727356,1.0,1.0,0.0817611441016197,1.0,-3.235238790512085,3.211076736450196,0.0241619292646646,2.4767770767211914,0.0,0.0,0.0,111.97391510009766,126.0,-142.06109619140625,-0.0,2554.180419921875,1.0,293.1499938964844,293.1499938964844,293.1499938964844,293.1499938964844,293.1499938964844,293.1499938964844,278.1499938964844,0.0,18000.0,313.1499938964844,0.0,18000.0,0.0,0.0,0.0,0.0,0.0,0.0,0.0,0.0,0.0,0.0,-0.0,-0.0,0.0,0.0,0.0,0.0,0.0,-0.0,0.0,0.0,0.0,0.0,0.0,0.0,0.0,0.0,0.0,4.0,0.0,0.0
11965140,297.1782531738281,297.1499938964844,293.1499938964844,0.0,-0.0,290.2488098144531,0.8985509872436523,0.3198080658912658,0.2887140214443207,297.3960266113281,297.1499938964844,293.1499938964844,0.0,-0.0,290.2489318847656,0.9990000128746032,0.4537748992443084,0.4175977408885956,297.2190246582031,297.1499938964844,293.1499938964844,0.0,-0.0,290.2488098144531,0.9045202732086182,0.32623490691185,0.2289099544286728,297.2399597167969,297.1499938964844,293.1499938964844,0.0,-0.0,290.24884033203125,0.9356459379196168,0.3569206297397613,0.3387431800365448,297.1320495605469,297.1499938964844,293.1499938964844,0.0,-0.0,290.2488098144531,0.8964194059371948,0.3174071907997131,1.4322532415390017,290.2489929199219,289.8111267089844,290.229736328125,287.3959045410156,290.24371337890625,297.263916015625,290.2498474121094,1.0,0.5830013751983643,1.0,1.0,0.0645706430077552,1.0,-3.2496910095214844,3.2427988052368164,0.0068921293132007,2.5053484439849854,0.0,0.0,0.0,116.673828125,129.0,-39.55746078491211,-0.0,2609.28076171875,1.0,293.1499938964844,293.1499938964844,293.1499938964844,293.1499938964844,293.1499938964844,293.1499938964844,278.1499938964844,0.0,18000.0,313.1499938964844,0.0,18000.0,0.0,0.0,0.0,0.0,0.0,0.0,0.0,0.0,0.0,0.0,-0.0,-0.0,0.0,0.0,0.0,0.0,0.0,-0.0,0.0,0.0,0.0,0.0,0.0,0.0,0.0,0.0,0.0,4.0,0.0,0.0
11965200,297.1782531738281,297.1499938964844,293.1499938964844,0.0,-0.0,290.2488098144531,0.8985509872436523,0.3198080658912658,0.2887140214443207,297.3960266113281,297.1499938964844,293.1499938964844,0.0,-0.0,290.2489318847656,0.9990000128746032,0.4537748992443084,0.4175977408885956,297.2190246582031,297.1499938964844,293.1499938964844,0.0,-0.0,290.2488098144531,0.9045202732086182,0.32623490691185,0.2289099544286728,297.2399597167969,297.1499938964844,293.1499938964844,0.0,-0.0,290.24884033203125,0.9356459379196168,0.3569206297397613,0.3387431800365448,297.1320495605469,297.1499938964844,293.1499938964844,0.0,-0.0,290.2488098144531,0.8964194059371948,0.3174071907997131,1.4322532415390017,290.2489929199219,289.8111267089844,290.229736328125,287.3959045410156,290.24371337890625,297.263916015625,290.2498474121094,1.0,0.5830013751983643,1.0,1.0,0.0645706430077552,1.0,-3.2496910095214844,3.2427988052368164,0.0068921293132007,2.5053484439849854,0.0,0.0,0.0,116.673828125,129.0,-39.55746078491211,-0.0,2609.28076171875,1.0,293.1499938964844,293.1499938964844,293.1499938964844,293.1499938964844,293.1499938964844,293.1499938964844,278.1499938964844,0.0,18000.0,313.1499938964844,0.0,18000.0,0.0,0.0,0.0,0.0,0.0,0.0,0.0,0.0,0.0,0.0,-0.0,-0.0,0.0,0.0,0.0,0.0,0.0,-0.0,0.0,0.0,0.0,0.0,0.0,0.0,0.0,0.0,0.0,4.0,0.0,0.0
11965260,297.1733093261719,297.1499938964844,293.1499938964844,0.0,-0.0,290.2872314453125,0.8864166140556335,0.3196577429771423,0.2885823547840118,297.3685302734375,297.1499938964844,293.1499938964844,0.0,-0.0,290.2876281738281,0.997732639312744,0.4540967941284179,0.4301309883594513,297.214599609375,297.1499938964844,293.1499938964844,0.0,-0.0,290.2872619628906,0.8928223848342896,0.3266524374485016,0.2292171716690063,297.2348022460937,297.1499938964844,293.1499938964844,0.0,-0.0,290.287353515625,0.9221386313438416,0.357531726360321,0.3393441140651703,297.1250915527344,297.1499938964844,293.1499938964844,0.0,-0.0,290.2872009277344,0.883613109588623,0.3164685368537903,1.4282318353652954,290.2876892089844,289.7160949707031,290.3063659667969,287.4055480957031,290.3091125488281,297.249267578125,290.2896728515625,1.0,0.5869618654251099,1.0,1.0,0.0491574145853519,1.0,-3.2609925270080566,3.2591402530670166,0.0018521555466577,2.51932144165039,0.0,0.0,0.0,120.97920989990234,132.0,29.80060386657715,-0.0,2656.03515625,1.0,293.1499938964844,293.1499938964844,293.1499938964844,293.1499938964844,293.1499938964844,293.1499938964844,278.1499938964844,0.0,18000.0,313.1499938964844,0.0,18000.0,0.0,0.0,0.0,0.0,0.0,0.0,0.0,0.0,0.0,0.0,-0.0,-0.0,0.0,0.0,0.0,0.0,0.0,-0.0,0.0,0.0,0.0,0.0,0.0,0.0,0.0,0.0,0.0,4.0,0.0,0.0
11965320,297.1733093261719,297.1499938964844,293.1499938964844,0.0,-0.0,290.2872314453125,0.8864166140556335,0.3196577429771423,0.2885823547840118,297.3685302734375,297.1499938964844,293.1499938964844,0.0,-0.0,290.2876281738281,0.997732639312744,0.4540967941284179,0.4301309883594513,297.214599609375,297.1499938964844,293.1499938964844,0.0,-0.0,290.2872619628906,0.8928223848342896,0.3266524374485016,0.2292171716690063,297.2348022460937,297.1499938964844,293.1499938964844,0.0,-0.0,290.287353515625,0.9221386313438416,0.357531726360321,0.3393441140651703,297.1250915527344,297.1499938964844,293.1499938964844,0.0,-0.0,290.2872009277344,0.883613109588623,0.3164685368537903,1.4282318353652954,290.2876892089844,289.7160949707031,290.3063659667969,287.4055480957031,290.3091125488281,297.249267578125,290.2896728515625,1.0,0.5869618654251099,1.0,1.0,0.0491574145853519,1.0,-3.2609925270080566,3.2591402530670166,0.0018521555466577,2.51932144165039,0.0,0.0,0.0,120.97920989990234,132.0,29.80060386657715,-0.0,2656.03515625,1.0,293.1499938964844,293.1499938964844,293.1499938964844,293.1499938964844,293.1499938964844,293.1499938964844,278.1499938964844,0.0,18000.0,313.1499938964844,0.0,18000.0,0.0,0.0,0.0,0.0,0.0,0.0,0.0,0.0,0.0,0.0,-0.0,-0.0,0.0,0.0,0.0,0.0,0.0,-0.0,0.0,0.0,0.0,0.0,0.0,0.0,0.0,0.0,0.0,4.0,0.0,0.0
11965380,297.1737976074219,297.1499938964844,293.1499938964844,0.0,-0.0,290.345947265625,0.8733636736869812,0.3199981451034546,0.288958340883255,297.3569641113281,297.1499938964844,293.1499938964844,0.0,-0.0,290.346435546875,0.9869884848594666,0.4556735455989837,0.4314294755458832,297.2150573730469,297.1499938964844,293.1499938964844,0.0,-0.0,290.34600830078125,0.8800727725028992,0.3275139629840851,0.2298774719238281,297.234619140625,297.1499938964844,293.1499938964844,0.0,-0.0,290.3461303710937,0.9076756834983826,0.3585827052593231,0.3404160439968109,297.123291015625,297.1499938964844,293.1499938964844,0.0,-0.0,290.345947265625,0.8698799014091492,0.3159640729427337,1.4263662099838257,290.3465270996094,289.6219177246094,290.38232421875,287.416748046875,290.3819274902344,297.2439270019531,290.3489685058594,1.0,0.5899112820625305,1.0,1.0,0.0337441936135292,1.0,-3.2627243995666504,3.262304306030273,0.0004200753755867,2.5220401287078857,0.0,0.0,0.0,125.7947998046875,135.0,68.10542297363281,-0.0,2686.48974609375,1.0,293.1499938964844,293.1499938964844,293.1499938964844,293.1499938964844,293.1499938964844,293.1499938964844,278.1499938964844,0.0,18000.0,313.1499938964844,0.0,18000.0,0.0,0.0,0.0,0.0,0.0,0.0,0.0,0.0,0.0,0.0,-0.0,-0.0,0.0,0.0,0.0,0.0,0.0,-0.0,0.0,0.0,0.0,0.0,0.0,0.0,0.0,0.0,0.0,4.0,0.0,0.0
11965440,297.1737976074219,297.1499938964844,293.1499938964844,0.0,-0.0,290.345947265625,0.8733636736869812,0.3199981451034546,0.288958340883255,297.3569641113281,297.1499938964844,293.1499938964844,0.0,-0.0,290.346435546875,0.9869884848594666,0.4556735455989837,0.4314294755458832,297.2150573730469,297.1499938964844,293.1499938964844,0.0,-0.0,290.34600830078125,0.8800727725028992,0.3275139629840851,0.2298774719238281,297.234619140625,297.1499938964844,293.1499938964844,0.0,-0.0,290.3461303710937,0.9076756834983826,0.3585827052593231,0.3404160439968109,297.123291015625,297.1499938964844,293.1499938964844,0.0,-0.0,290.345947265625,0.8698799014091492,0.3159640729427337,1.4263662099838257,290.3465270996094,289.6219177246094,290.38232421875,287.416748046875,290.3819274902344,297.2439270019531,290.3489685058594,1.0,0.5899112820625305,1.0,1.0,0.0337441936135292,1.0,-3.2627243995666504,3.262304306030273,0.0004200753755867,2.5220401287078857,0.0,0.0,0.0,125.7947998046875,135.0,68.10542297363281,-0.0,2686.48974609375,1.0,293.1499938964844,293.1499938964844,293.1499938964844,293.1499938964844,293.1499938964844,293.1499938964844,278.1499938964844,0.0,18000.0,313.1499938964844,0.0,18000.0,0.0,0.0,0.0,0.0,0.0,0.0,0.0,0.0,0.0,0.0,-0.0,-0.0,0.0,0.0,0.0,0.0,0.0,-0.0,0.0,0.0,0.0,0.0,0.0,0.0,0.0,0.0,0.0,4.0,0.0,0.0
11965500,297.17559814453125,297.1499938964844,293.1499938964844,0.0,-0.0,290.3790588378906,0.8692096471786499,0.3203241527080536,0.2892695367336273,297.35626220703125,297.1499938964844,293.1499938964844,0.0,-0.0,290.37957763671875,0.9834691882133484,0.45691579580307,0.4325397610664367,297.216796875,297.1499938964844,293.1499938964844,0.0,-0.0,290.37908935546875,0.8760712742805481,0.3280963897705078,0.2302979975938797,297.2360534667969,297.1499938964844,293.1499938964844,0.0,-0.0,290.3792419433594,0.903394341468811,0.3592604398727417,0.3410744071006775,297.12408447265625,297.1499938964844,293.1499938964844,0.0,-0.0,290.3790283203125,0.8653907179832458,0.315873771905899,1.4260451793670654,290.3796691894531,289.5752258300781,290.41998291015625,287.4230041503906,290.4190979003906,297.2444763183594,290.3822326660156,1.0,0.5913022756576538,1.0,1.0,0.0260375794023275,1.0,-3.265342712402344,3.2651546001434326,0.0001881456264527,2.524272918701172,0.0,0.0,0.0,127.61626434326172,135.0,79.4065170288086,-0.0,2702.0068359375,1.0,293.1499938964844,293.1499938964844,293.1499938964844,293.1499938964844,293.1499938964844,293.1499938964844,278.1499938964844,0.0,18000.0,313.1499938964844,0.0,18000.0,0.0,0.0,0.0,0.0,0.0,0.0,0.0,0.0,0.0,0.0,-0.0,-0.0,0.0,0.0,0.0,0.0,0.0,-0.0,0.0,0.0,0.0,0.0,0.0,0.0,0.0,0.0,0.0,4.0,0.0,0.0
11965560,297.1781005859375,297.1499938964844,293.1499938964844,0.0,-0.0,290.41357421875,0.8659523725509644,0.3207310140132904,0.2896502912044525,297.3575439453125,297.1499938964844,293.1499938964844,0.0,-0.0,290.4140930175781,0.9807460308074952,0.4583461284637451,0.4338503181934356,297.2192687988281,297.1499938964844,293.1499938964844,0.0,-0.0,290.4136047363281,0.8729719519615173,0.3287615776062011,0.2307728230953216,297.23828125,297.1499938964844,293.1499938964844,0.0,-0.0,290.41375732421875,0.900169312953949,0.3600217401981354,0.3418068587779999,297.12579345703125,297.1499938964844,293.1499938964844,0.0,-0.0,290.4135437011719,0.861808717250824,0.3158754706382751,1.4261118173599243,290.4141845703125,289.5287475585937,290.4574584960937,287.4297790527344,290.4563903808594,297.24627685546875,290.4168395996094,1.0,0.5926982164382935,1.0,1.0,0.020830063149333,1.0,-3.268906354904175,3.26880145072937,0.0001050341888912,2.5270936489105225,0.0,0.0,0.0,129.2155303955078,138.0,87.26995086669922,-0.0,2718.25390625,1.0,293.1499938964844,293.1499938964844,293.1499938964844,293.1499938964844,293.1499938964844,293.1499938964844,278.1499938964844,0.0,18000.0,313.1499938964844,0.0,18000.0,0.0,0.0,0.0,0.0,0.0,0.0,0.0,0.0,0.0,0.0,-0.0,-0.0,0.0,0.0,0.0,0.0,0.0,-0.0,0.0,0.0,0.0,0.0,0.0,0.0,0.0,0.0,0.0,4.0,0.0,0.0
11965620,297.1845397949219,297.1499938964844,293.1499938964844,0.0,-0.0,290.4847717285156,0.8610759377479553,0.3217387795448303,0.2905836999416351,297.3637084960937,297.1499938964844,293.1499938964844,0.0,-0.0,290.4853210449219,0.9768320918083192,0.4615960419178009,0.4368778467178345,297.2257995605469,297.1499938964844,293.1499938964844,0.0,-0.0,290.4848022460937,0.8684300780296326,0.3302994966506958,0.2318636626005172,297.2443542480469,297.1499938964844,293.1499938964844,0.0,-0.0,290.4849853515625,0.8954190015792847,0.3617549836635589,0.3434654474258423,297.1311950683594,297.1499938964844,293.1499938964844,0.0,-0.0,290.4847412109375,0.8563233017921448,0.31611368060112,1.4272762537002563,290.4853820800781,289.436767578125,290.5316467285156,287.44500732421875,290.53045654296875,297.2523803710937,290.4881286621094,1.0,0.5955946445465088,1.0,1.0,0.0104150315746665,1.0,-3.2783727645874023,3.278340578079224,3.205525354132988e-05,2.534463405609131,0.0,0.0,0.0,132.03564453125,141.0,95.94656372070312,-0.0,2753.583251953125,1.0,293.1499938964844,293.1499938964844,293.1499938964844,293.1499938964844,293.1499938964844,293.1499938964844,278.1499938964844,0.0,18000.0,313.1499938964844,0.0,18000.0,0.0,0.0,0.0,0.0,0.0,0.0,0.0,0.0,0.0,0.0,-0.0,-0.0,0.0,0.0,0.0,0.0,0.0,-0.0,0.0,0.0,0.0,0.0,0.0,0.0,0.0,0.0,0.0,4.0,0.0,0.0
11965680,297.1845397949219,297.1499938964844,293.1499938964844,0.0,-0.0,290.4847717285156,0.8610759377479553,0.3217387795448303,0.2905836999416351,297.3637084960937,297.1499938964844,293.1499938964844,0.0,-0.0,290.4853210449219,0.9768320918083192,0.4615960419178009,0.4368778467178345,297.2257995605469,297.1499938964844,293.1499938964844,0.0,-0.0,290.4848022460937,0.8684300780296326,0.3302994966506958,0.2318636626005172,297.2443542480469,297.1499938964844,293.1499938964844,0.0,-0.0,290.4849853515625,0.8954190015792847,0.3617549836635589,0.3434654474258423,297.1311950683594,297.1499938964844,293.1499938964844,0.0,-0.0,290.4847412109375,0.8563233017921448,0.31611368060112,1.4272762537002563,290.4853820800781,289.436767578125,290.5316467285156,287.44500732421875,290.53045654296875,297.2523803710937,290.4881286621094,1.0,0.5955946445465088,1.0,1.0,0.0104150315746665,1.0,-3.2783727645874023,3.278340578079224,3.205525354132988e-05,2.534463405609131,0.0,0.0,0.0,132.03564453125,141.0,95.94656372070312,-0.0,2753.583251953125,1.0,293.1499938964844,293.1499938964844,293.1499938964844,293.1499938964844,293.1499938964844,293.1499938964844,278.1499938964844,0.0,18000.0,313.1499938964844,0.0,18000.0,0.0,0.0,0.0,0.0,0.0,0.0,0.0,0.0,0.0,0.0,-0.0,-0.0,0.0,0.0,0.0,0.0,0.0,-0.0,0.0,0.0,0.0,0.0,0.0,0.0,0.0,0.0,0.0,4.0,0.0,0.0
11965740,297.192138671875,297.1499938964844,293.1499938964844,0.0,-0.0,290.5569763183594,0.857394278049469,0.3229455649852752,0.291696697473526,297.3724975585937,297.1499938964844,293.1499938964844,0.0,-0.0,290.5575561523437,0.9740638732910156,0.4651924669742584,0.4402600228786468,297.23370361328125,297.1499938964844,293.1499938964844,0.0,-0.0,290.5570373535156,0.8651050329208374,0.3320601284503937,0.2331096529960632,297.2518920898437,297.1499938964844,293.1499938964844,0.0,-0.0,290.55718994140625,0.891914963722229,0.3637123703956604,0.3453364670276642,297.13836669921875,297.1499938964844,293.1499938964844,0.0,-0.0,290.55694580078125,0.8520887494087219,0.3166020512580871,1.429574966430664,290.5576171875,289.3460693359375,290.6047668457031,287.4627380371094,290.60357666015625,297.2603454589844,290.56036376953125,1.0,0.5986951589584351,1.0,1.0,0.0,1.0,-3.29028844833374,3.2902793884277344,9.086118552659173e-06,2.5436882972717285,0.0,0.0,0.0,134.63705444335938,144.0,99.27831268310548,-0.0,2793.001220703125,1.0,293.1499938964844,293.1499938964844,293.1499938964844,293.1499938964844,293.1499938964844,293.1499938964844,278.1499938964844,0.0,18000.0,313.1499938964844,0.0,18000.0,0.0,0.0,0.0,0.0,0.0,0.0,0.0,0.0,0.0,0.0,-0.0,-0.0,0.0,0.0,0.0,0.0,0.0,-0.0,0.0,0.0,0.0,0.0,0.0,0.0,0.0,0.0,0.0,4.0,0.0,0.0
11965800,297.192138671875,297.1499938964844,293.1499938964844,0.0,-0.0,290.5569763183594,0.857394278049469,0.3229455649852752,0.291696697473526,297.3724975585937,297.1499938964844,293.1499938964844,0.0,-0.0,290.5575561523437,0.9740638732910156,0.4651924669742584,0.4402600228786468,297.23370361328125,297.1499938964844,293.1499938964844,0.0,-0.0,290.5570373535156,0.8651050329208374,0.3320601284503937,0.2331096529960632,297.2518920898437,297.1499938964844,293.1499938964844,0.0,-0.0,290.55718994140625,0.891914963722229,0.3637123703956604,0.3453364670276642,297.13836669921875,297.1499938964844,293.1499938964844,0.0,-0.0,290.55694580078125,0.8520887494087219,0.3166020512580871,1.429574966430664,290.5576171875,289.3460693359375,290.6047668457031,287.4627380371094,290.60357666015625,297.2603454589844,290.56036376953125,1.0,0.5986951589584351,1.0,1.0,0.0,1.0,-3.29028844833374,3.2902793884277344,9.086118552659173e-06,2.5436882972717285,0.0,0.0,0.0,134.63705444335938,144.0,99.27831268310548,-0.0,2793.001220703125,1.0,293.1499938964844,293.1499938964844,293.1499938964844,293.1499938964844,293.1499938964844,293.1499938964844,278.1499938964844,0.0,18000.0,313.1499938964844,0.0,18000.0,0.0,0.0,0.0,0.0,0.0,0.0,0.0,0.0,0.0,0.0,-0.0,-0.0,0.0,0.0,0.0,0.0,0.0,-0.0,0.0,0.0,0.0,0.0,0.0,0.0,0.0,0.0,0.0,4.0,0.0,0.0
11965860,297.2003479003906,297.1499938964844,293.1499938964844,0.0,-0.0,290.6290283203125,0.8543288111686707,0.3243117034435272,0.2929541170597076,297.38250732421875,297.1499938964844,293.1499938964844,0.0,-0.0,290.6296081542969,0.9718762040138244,0.4690258204936981,0.4438791573047638,297.242431640625,297.1499938964844,293.1499938964844,0.0,-0.0,290.62908935546875,0.862412691116333,0.3340044915676117,0.234484925866127,297.2602233886719,297.1499938964844,293.1499938964844,0.0,-0.0,290.6292419433594,0.8890501260757446,0.3658456802368164,0.3473773300647735,297.14654541015625,297.1499938964844,293.1499938964844,0.0,-0.0,290.6289978027344,0.8485146760940552,0.3172841966152191,1.4327691793441772,290.6296691894531,289.2568664550781,290.6767272949219,287.4833068847656,290.675537109375,297.2692565917969,290.63238525390625,1.0,0.602016806602478,1.0,1.0,0.0,1.0,-3.304100275039673,3.304091453552246,8.783425073488615e-06,2.554363250732422,0.0,0.0,0.0,137.19044494628906,147.0,99.98838806152344,-0.0,2836.421142578125,1.0,293.1499938964844,293.1499938964844,293.1499938964844,293.1499938964844,293.1499938964844,293.1499938964844,278.1499938964844,0.0,18000.0,313.1499938964844,0.0,18000.0,0.0,0.0,0.0,0.0,0.0,0.0,0.0,0.0,0.0,0.0,-0.0,-0.0,0.0,0.0,0.0,0.0,0.0,-0.0,0.0,0.0,0.0,0.0,0.0,0.0,0.0,0.0,0.0,4.0,0.0,0.0
11965920,297.2003479003906,297.1499938964844,293.1499938964844,0.0,-0.0,290.6290283203125,0.8543288111686707,0.3243117034435272,0.2929541170597076,297.38250732421875,297.1499938964844,293.1499938964844,0.0,-0.0,290.6296081542969,0.9718762040138244,0.4690258204936981,0.4438791573047638,297.242431640625,297.1499938964844,293.1499938964844,0.0,-0.0,290.62908935546875,0.862412691116333,0.3340044915676117,0.234484925866127,297.2602233886719,297.1499938964844,293.1499938964844,0.0,-0.0,290.6292419433594,0.8890501260757446,0.3658456802368164,0.3473773300647735,297.14654541015625,297.1499938964844,293.1499938964844,0.0,-0.0,290.6289978027344,0.8485146760940552,0.3172841966152191,1.4327691793441772,290.6296691894531,289.2568664550781,290.6767272949219,287.4833068847656,290.675537109375,297.2692565917969,290.63238525390625,1.0,0.602016806602478,1.0,1.0,0.0,1.0,-3.304100275039673,3.304091453552246,8.783425073488615e-06,2.554363250732422,0.0,0.0,0.0,137.19044494628906,147.0,99.98838806152344,-0.0,2836.421142578125,1.0,293.1499938964844,293.1499938964844,293.1499938964844,293.1499938964844,293.1499938964844,293.1499938964844,278.1499938964844,0.0,18000.0,313.1499938964844,0.0,18000.0,0.0,0.0,0.0,0.0,0.0,0.0,0.0,0.0,0.0,0.0,-0.0,-0.0,0.0,0.0,0.0,0.0,0.0,-0.0,0.0,0.0,0.0,0.0,0.0,0.0,0.0,0.0,0.0,4.0,0.0,0.0
11965980,297.2088317871094,297.1499938964844,293.1499938964844,0.0,-0.0,290.7003173828125,0.8516349196434021,0.3258096575736999,0.2943337559700012,297.3930969238281,297.1499938964844,293.1499938964844,0.0,-0.0,290.70086669921875,0.9700241088867188,0.4730433523654938,0.4476792514324188,297.25164794921875,297.1499938964844,293.1499938964844,0.0,-0.0,290.7003479003906,0.8601058125495911,0.336107462644577,0.2359731048345565,297.2689208984375,297.1499938964844,293.1499938964844,0.0,-0.0,290.70050048828125,0.8865647315979004,0.3681245744228363,0.3495594561100006,297.1552734375,297.1499938964844,293.1499938964844,0.0,-0.0,290.70025634765625,0.8453456163406372,0.3181238770484924,1.4366942644119265,290.700927734375,289.1693115234375,290.7473449707031,287.50701904296875,290.7461853027344,297.2785949707031,290.7035827636719,1.0,0.6055485606193542,1.0,1.0,0.0,1.0,-3.3194618225097656,3.319453001022339,8.865221388987266e-06,2.566239595413208,0.0,0.0,0.0,139.76376342773438,150.0,99.33769989013672,-0.0,2883.60107421875,1.0,293.1499938964844,293.1499938964844,293.1499938964844,293.1499938964844,293.1499938964844,293.1499938964844,278.1499938964844,0.0,18000.0,313.1499938964844,0.0,18000.0,0.0,0.0,0.0,0.0,0.0,0.0,0.0,0.0,0.0,0.0,-0.0,-0.0,0.0,0.0,0.0,0.0,0.0,-0.0,0.0,0.0,0.0,0.0,0.0,0.0,0.0,0.0,0.0,4.0,0.0,0.0
11966040,297.2088317871094,297.1499938964844,293.1499938964844,0.0,-0.0,290.7003173828125,0.8516349196434021,0.3258096575736999,0.2943337559700012,297.3930969238281,297.1499938964844,293.1499938964844,0.0,-0.0,290.70086669921875,0.9700241088867188,0.4730433523654938,0.4476792514324188,297.25164794921875,297.1499938964844,293.1499938964844,0.0,-0.0,290.7003479003906,0.8601058125495911,0.336107462644577,0.2359731048345565,297.2689208984375,297.1499938964844,293.1499938964844,0.0,-0.0,290.70050048828125,0.8865647315979004,0.3681245744228363,0.3495594561100006,297.1552734375,297.1499938964844,293.1499938964844,0.0,-0.0,290.70025634765625,0.8453456163406372,0.3181238770484924,1.4366942644119265,290.700927734375,289.1693115234375,290.7473449707031,287.50701904296875,290.7461853027344,297.2785949707031,290.7035827636719,1.0,0.6055485606193542,1.0,1.0,0.0,1.0,-3.3194618225097656,3.319453001022339,8.865221388987266e-06,2.566239595413208,0.0,0.0,0.0,139.76376342773438,150.0,99.33769989013672,-0.0,2883.60107421875,1.0,293.1499938964844,293.1499938964844,293.1499938964844,293.1499938964844,293.1499938964844,293.1499938964844,278.1499938964844,0.0,18000.0,313.1499938964844,0.0,18000.0,0.0,0.0,0.0,0.0,0.0,0.0,0.0,0.0,0.0,0.0,-0.0,-0.0,0.0,0.0,0.0,0.0,0.0,-0.0,0.0,0.0,0.0,0.0,0.0,0.0,0.0,0.0,0.0,4.0,0.0,0.0
11966100,297.2131042480469,297.1499938964844,293.1499938964844,0.0,-0.0,290.73553466796875,0.8503884077072144,0.3266001343727112,0.295062243938446,297.3984680175781,297.1499938964844,293.1499938964844,0.0,-0.0,290.736083984375,0.969187319278717,0.4751113057136535,0.4496367573738098,297.2563171386719,297.1499938964844,293.1499938964844,0.0,-0.0,290.7355651855469,0.8590589165687561,0.3372121453285217,0.2367550879716873,297.2733459472656,297.1499938964844,293.1499938964844,0.0,-0.0,290.7357177734375,0.8854250907897949,0.3693117499351501,0.3506968021392822,297.15972900390625,297.1499938964844,293.1499938964844,0.0,-0.0,290.7354736328125,0.8438733220100403,0.3185946345329284,1.4388927221298218,290.7361145019531,289.1261901855469,290.7821044921875,287.5201721191406,290.7809753417969,297.2833251953125,290.73876953125,1.0,0.607386589050293,1.0,1.0,0.0,1.0,-3.327643156051636,3.327634334564209,8.908977179089561e-06,2.5725653171539307,0.0,0.0,0.0,141.0662078857422,150.0,98.7136459350586,-0.0,2908.50830078125,1.0,293.1499938964844,293.1499938964844,293.1499938964844,293.1499938964844,293.1499938964844,293.1499938964844,278.1499938964844,0.0,18000.0,313.1499938964844,0.0,18000.0,0.0,0.0,0.0,0.0,0.0,0.0,0.0,0.0,0.0,0.0,-0.0,-0.0,0.0,0.0,0.0,0.0,0.0,-0.0,0.0,0.0,0.0,0.0,0.0,0.0,0.0,0.0,0.0,4.0,0.0,0.0
11966160,297.2173156738281,297.1499938964844,293.1499938964844,0.0,-0.0,290.7704162597656,0.8491983413696289,0.3274160325527191,0.2958138585090637,297.40386962890625,297.1499938964844,293.1499938964844,0.0,-0.0,290.7709655761719,0.9684005975723268,0.477214902639389,0.4516286849975586,297.26104736328125,297.1499938964844,293.1499938964844,0.0,-0.0,290.7704772949219,0.8580723404884338,0.3383494615554809,0.2375603020191192,297.2777709960937,297.1499938964844,293.1499938964844,0.0,-0.0,290.7705993652344,0.8843432664871216,0.3705277442932129,0.3518620133399963,297.1641845703125,297.1499938964844,293.1499938964844,0.0,-0.0,290.7703552246094,0.8424642086029053,0.3190956711769104,1.4412312507629397,290.77099609375,289.0835266113281,290.8164978027344,287.53424072265625,290.8153686523437,297.2880859375,290.77362060546875,1.0,0.6092685461044312,1.0,1.0,0.0,1.0,-3.3361239433288574,3.3361151218414307,8.9544482761994e-06,2.57912278175354,0.0,0.0,0.0,142.38040161132812,153.0,97.9560546875,-0.0,2934.2421875,1.0,293.1499938964844,293.1499938964844,293.1499938964844,293.1499938964844,293.1499938964844,293.1499938964844,278.1499938964844,0.0,18000.0,313.1499938964844,0.0,18000.0,0.0,0.0,0.0,0.0,0.0,0.0,0.0,0.0,0.0,0.0,-0.0,-0.0,0.0,0.0,0.0,0.0,0.0,-0.0,0.0,0.0,0.0,0.0,0.0,0.0,0.0,0.0,0.0,4.0,0.0,0.0
11966220,297.2220458984375,297.1499938964844,293.1499938964844,0.0,-0.0,290.80908203125,0.8479273915290833,0.3283587694168091,0.2966817319393158,297.409912109375,297.1499938964844,293.1499938964844,0.0,-0.0,290.8096008300781,0.9675743579864502,0.4796105027198791,0.4538975358009338,297.266357421875,297.1499938964844,293.1499938964844,0.0,-0.0,290.80914306640625,0.8570331931114197,0.3396596908569336,0.2384879887104034,297.28271484375,297.1499938964844,293.1499938964844,0.0,-0.0,290.80926513671875,0.8831945657730103,0.3719215095043182,0.3531977534294128,297.169189453125,297.1499938964844,293.1499938964844,0.0,-0.0,290.8090209960937,0.8409544825553894,0.3196898102760315,1.4440028667449951,290.8096618652344,289.0363464355469,290.85455322265625,287.5511474609375,290.8534545898437,297.2934265136719,290.812255859375,1.0,0.6114246249198914,1.0,1.0,0.0,1.0,-3.3459508419036865,3.3459417819976807,9.00728082342539e-06,2.586720943450928,0.0,0.0,0.0,143.865966796875,153.0,96.98247528076172,-0.0,2964.0,1.0,293.1499938964844,293.1499938964844,293.1499938964844,293.1499938964844,293.1499938964844,293.1499938964844,278.1499938964844,0.0,18000.0,313.1499938964844,0.0,18000.0,0.0,0.0,0.0,0.0,0.0,0.0,0.0,0.0,0.0,0.0,-0.0,-0.0,0.0,0.0,0.0,0.0,0.0,-0.0,0.0,0.0,0.0,0.0,0.0,0.0,0.0,0.0,0.0,4.0,0.0,0.0
11966280,297.2257385253906,297.1499938964844,293.1499938964844,0.0,-0.0,290.839111328125,0.846972644329071,0.3291200399398803,0.2973822653293609,297.41461181640625,297.1499938964844,293.1499938964844,0.0,-0.0,290.83966064453125,0.9669642448425292,0.4815203845500946,0.4557066261768341,297.2705078125,297.1499938964844,293.1499938964844,0.0,-0.0,290.83917236328125,0.8562629222869873,0.3407148122787475,0.2392350286245346,297.2865600585937,297.1499938964844,293.1499938964844,0.0,-0.0,290.8393249511719,0.8823362588882446,0.3730387091636657,0.3542685508728027,297.1731262207031,297.1499938964844,293.1499938964844,0.0,-0.0,290.8390808105469,0.8398157358169556,0.320179283618927,1.446284532546997,290.8396911621094,288.99969482421875,290.88409423828125,287.5653076171875,290.88299560546875,297.297607421875,290.8422546386719,1.0,0.6131517887115479,1.0,1.0,0.0,1.0,-3.353898763656616,3.3538897037506104,9.050125299836507e-06,2.5928661823272705,0.0,0.0,0.0,145.04269409179688,156.0,96.1437530517578,-0.0,2988.044677734375,1.0,293.1499938964844,293.1499938964844,293.1499938964844,293.1499938964844,293.1499938964844,293.1499938964844,278.1499938964844,0.0,18000.0,313.1499938964844,0.0,18000.0,0.0,0.0,0.0,0.0,0.0,0.0,0.0,0.0,0.0,0.0,-0.0,-0.0,0.0,0.0,0.0,0.0,0.0,-0.0,0.0,0.0,0.0,0.0,0.0,0.0,0.0,0.0,0.0,4.0,0.0,0.0
11966340,297.2339782714844,297.1499938964844,293.1499938964844,0.0,-0.0,290.90625,0.8449405431747437,0.3309158086776733,0.2990337014198303,297.4252319335937,297.1499938964844,293.1499938964844,0.0,-0.0,290.9067687988281,0.9657028913497924,0.4859482944011688,0.459901213645935,297.2799072265625,297.1499938964844,293.1499938964844,0.0,-0.0,290.90631103515625,0.8546568155288696,0.3431940972805023,0.2409901916980743,297.29522705078125,297.1499938964844,293.1499938964844,0.0,-0.0,290.9064636230469,0.880524218082428,0.3756473362445831,0.3567686676979065,297.181884765625,297.1499938964844,293.1499938964844,0.0,-0.0,290.9062194824219,0.837374746799469,0.3213618397712707,1.451791763305664,290.9068298339844,288.9179992675781,290.95001220703125,287.6005249023437,290.9489440917969,297.3070068359375,290.9093017578125,1.0,0.6171794533729553,1.0,1.0,0.0,1.0,-3.3726694583892822,3.3726603984832764,9.151711310551036e-06,2.6073784828186035,0.0,0.0,0.0,147.74612426757812,159.0,94.03780364990234,-0.0,3044.81494140625,1.0,293.1499938964844,293.1499938964844,293.1499938964844,293.1499938964844,293.1499938964844,293.1499938964844,278.1499938964844,0.0,18000.0,313.1499938964844,0.0,18000.0,0.0,0.0,0.0,0.0,0.0,0.0,0.0,0.0,0.0,0.0,-0.0,-0.0,0.0,0.0,0.0,0.0,0.0,-0.0,0.0,0.0,0.0,0.0,0.0,0.0,0.0,0.0,0.0,4.0,0.0,0.0
11966400,297.2339782714844,297.1499938964844,293.1499938964844,0.0,-0.0,290.90625,0.8449405431747437,0.3309158086776733,0.2990337014198303,297.4252319335937,297.1499938964844,293.1499938964844,0.0,-0.0,290.9067687988281,0.9657028913497924,0.4859482944011688,0.459901213645935,297.2799072265625,297.1499938964844,293.1499938964844,0.0,-0.0,290.90631103515625,0.8546568155288696,0.3431940972805023,0.2409901916980743,297.29522705078125,297.1499938964844,293.1499938964844,0.0,-0.0,290.9064636230469,0.880524218082428,0.3756473362445831,0.3567686676979065,297.181884765625,297.1499938964844,293.1499938964844,0.0,-0.0,290.9062194824219,0.837374746799469,0.3213618397712707,1.451791763305664,290.9068298339844,288.9179992675781,290.95001220703125,287.6005249023437,290.9489440917969,297.3070068359375,290.9093017578125,1.0,0.6171794533729553,1.0,1.0,0.0,1.0,-3.3726694583892822,3.3726603984832764,9.151711310551036e-06,2.6073784828186035,0.0,0.0,0.0,147.74612426757812,159.0,94.03780364990234,-0.0,3044.81494140625,1.0,293.1499938964844,293.1499938964844,293.1499938964844,293.1499938964844,293.1499938964844,293.1499938964844,278.1499938964844,0.0,18000.0,313.1499938964844,0.0,18000.0,0.0,0.0,0.0,0.0,0.0,0.0,0.0,0.0,0.0,0.0,-0.0,-0.0,0.0,0.0,0.0,0.0,0.0,-0.0,0.0,0.0,0.0,0.0,0.0,0.0,0.0,0.0,0.0,4.0,0.0,0.0
11966460,297.22027587890625,297.1499938964844,293.1499938964844,0.0,-0.0,290.9721374511719,0.8366086483001709,0.3305768370628357,0.299321711063385,297.41339111328125,297.1499938964844,293.1499938964844,0.0,-0.0,290.97265625,0.9569324851036072,0.4882194995880127,0.4626673758029938,297.2665405273437,297.1499938964844,293.1499938964844,0.0,-0.0,290.9721984863281,0.8465433120727539,0.3434720635414123,0.241664171218872,297.28076171875,297.1499938964844,293.1499938964844,0.0,-0.0,290.97235107421875,0.8717558979988098,0.3760084807872772,0.3577739298343658,297.1665344238281,297.1499938964844,293.1499938964844,0.0,-0.0,290.9721069335937,0.8286374807357788,0.320198118686676,1.449924111366272,290.9726867675781,288.8382263183594,291.0143127441406,287.6392517089844,291.0132751464844,297.294921875,290.9750366210937,1.0,0.6202836036682129,1.0,1.0,0.0,1.0,-3.37613844871521,3.376129150390625,9.171216333925258e-06,2.6103148460388184,0.0,0.0,0.0,152.75120544433594,162.0,91.93305206298828,-0.0,3081.318359375,1.0,293.1499938964844,293.1499938964844,293.1499938964844,293.1499938964844,293.1499938964844,293.1499938964844,278.1499938964844,0.0,18000.0,313.1499938964844,0.0,18000.0,0.0,0.0,0.0,0.0,0.0,0.0,0.0,0.0,0.0,0.0,-0.0,-0.0,0.0,0.0,0.0,0.0,0.0,-0.0,0.0,0.0,0.0,0.0,0.0,0.0,0.0,0.0,0.0,4.0,0.0,0.0
11966520,297.22027587890625,297.1499938964844,293.1499938964844,0.0,-0.0,290.9721374511719,0.8366086483001709,0.3305768370628357,0.299321711063385,297.41339111328125,297.1499938964844,293.1499938964844,0.0,-0.0,290.97265625,0.9569324851036072,0.4882194995880127,0.4626673758029938,297.2665405273437,297.1499938964844,293.1499938964844,0.0,-0.0,290.9721984863281,0.8465433120727539,0.3434720635414123,0.241664171218872,297.28076171875,297.1499938964844,293.1499938964844,0.0,-0.0,290.97235107421875,0.8717558979988098,0.3760084807872772,0.3577739298343658,297.1665344238281,297.1499938964844,293.1499938964844,0.0,-0.0,290.9721069335937,0.8286374807357788,0.320198118686676,1.449924111366272,290.9726867675781,288.8382263183594,291.0143127441406,287.6392517089844,291.0132751464844,297.294921875,290.9750366210937,1.0,0.6202836036682129,1.0,1.0,0.0,1.0,-3.37613844871521,3.376129150390625,9.171216333925258e-06,2.6103148460388184,0.0,0.0,0.0,152.75120544433594,162.0,91.93305206298828,-0.0,3081.318359375,1.0,293.1499938964844,293.1499938964844,293.1499938964844,293.1499938964844,293.1499938964844,293.1499938964844,278.1499938964844,0.0,18000.0,313.1499938964844,0.0,18000.0,0.0,0.0,0.0,0.0,0.0,0.0,0.0,0.0,0.0,0.0,-0.0,-0.0,0.0,0.0,0.0,0.0,0.0,-0.0,0.0,0.0,0.0,0.0,0.0,0.0,0.0,0.0,0.0,4.0,0.0,0.0
11966580,297.2177734375,297.1499938964844,293.1499938964844,0.0,-0.0,291.03594970703125,0.8310671448707581,0.3312062621116638,0.299834668636322,297.41168212890625,297.1499938964844,293.1499938964844,0.0,-0.0,291.0364685058594,0.9511702060699464,0.4913755357265472,0.4655912518501282,297.2633361816406,297.1499938964844,293.1499938964844,0.0,-0.0,291.0360107421875,0.8412241339683533,0.3446166217327118,0.2424330711364746,297.2761535644531,297.1499938964844,293.1499938964844,0.0,-0.0,291.0361633300781,0.8659346699714661,0.3771905601024627,0.358857125043869,297.1603088378906,297.1499938964844,293.1499938964844,0.0,-0.0,291.0359191894531,0.822376012802124,0.3197711110115051,1.4479360580444336,291.0364990234375,288.7601928710937,291.0772705078125,287.6802978515625,291.07623291015625,297.2928466796875,291.038818359375,1.0,0.6228817105293274,1.0,1.0,0.0,1.0,-3.380100965499878,3.380091667175293,9.192453944706358e-06,2.6132633686065674,0.0,0.0,0.0,156.5568389892578,165.0,89.6668472290039,-0.0,3112.10400390625,1.0,293.1499938964844,293.1499938964844,293.1499938964844,293.1499938964844,293.1499938964844,293.1499938964844,278.1499938964844,0.0,18000.0,313.1499938964844,0.0,18000.0,0.0,0.0,0.0,0.0,0.0,0.0,0.0,0.0,0.0,0.0,-0.0,-0.0,0.0,0.0,0.0,0.0,0.0,-0.0,0.0,0.0,0.0,0.0,0.0,0.0,0.0,0.0,0.0,4.0,0.0,0.0
11966640,297.2177734375,297.1499938964844,293.1499938964844,0.0,-0.0,291.03594970703125,0.8310671448707581,0.3312062621116638,0.299834668636322,297.41168212890625,297.1499938964844,293.1499938964844,0.0,-0.0,291.0364685058594,0.9511702060699464,0.4913755357265472,0.4655912518501282,297.2633361816406,297.1499938964844,293.1499938964844,0.0,-0.0,291.0360107421875,0.8412241339683533,0.3446166217327118,0.2424330711364746,297.2761535644531,297.1499938964844,293.1499938964844,0.0,-0.0,291.0361633300781,0.8659346699714661,0.3771905601024627,0.358857125043869,297.1603088378906,297.1499938964844,293.1499938964844,0.0,-0.0,291.0359191894531,0.822376012802124,0.3197711110115051,1.4479360580444336,291.0364990234375,288.7601928710937,291.0772705078125,287.6802978515625,291.07623291015625,297.2928466796875,291.038818359375,1.0,0.6228817105293274,1.0,1.0,0.0,1.0,-3.380100965499878,3.380091667175293,9.192453944706358e-06,2.6132633686065674,0.0,0.0,0.0,156.5568389892578,165.0,89.6668472290039,-0.0,3112.10400390625,1.0,293.1499938964844,293.1499938964844,293.1499938964844,293.1499938964844,293.1499938964844,293.1499938964844,278.1499938964844,0.0,18000.0,313.1499938964844,0.0,18000.0,0.0,0.0,0.0,0.0,0.0,0.0,0.0,0.0,0.0,0.0,-0.0,-0.0,0.0,0.0,0.0,0.0,0.0,-0.0,0.0,0.0,0.0,0.0,0.0,0.0,0.0,0.0,0.0,4.0,0.0,0.0
11966700,297.2188415527344,297.1499938964844,293.1499938964844,0.0,-0.0,291.0673522949219,0.82943195104599,0.3317377865314483,0.3003025352954864,297.4130249023437,297.1499938964844,293.1499938964844,0.0,-0.0,291.0678405761719,0.9496610164642334,0.4931651353836059,0.4672608971595764,297.2640380859375,297.1499938964844,293.1499938964844,0.0,-0.0,291.0674133300781,0.8397201299667358,0.3454028964042663,0.2429721504449844,297.2761535644531,297.1499938964844,293.1499938964844,0.0,-0.0,291.0675354003906,0.8642562627792358,0.377989113330841,0.359599620103836,297.1595764160156,297.1499938964844,293.1499938964844,0.0,-0.0,291.0672912597656,0.8203352689743042,0.3197639286518097,1.4478594064712524,291.06787109375,288.7218322753906,291.1081848144531,287.7016296386719,291.107177734375,297.2940673828125,291.0701599121094,1.0,0.6242198944091797,1.0,1.0,0.0,1.0,-3.38411808013916,3.384108781814575,9.214199963025749e-06,2.6163246631622314,0.0,0.0,0.0,158.02044677734375,165.0,88.62770080566406,-0.0,3129.5478515625,1.0,293.1499938964844,293.1499938964844,293.1499938964844,293.1499938964844,293.1499938964844,293.1499938964844,278.1499938964844,0.0,18000.0,313.1499938964844,0.0,18000.0,0.0,0.0,0.0,0.0,0.0,0.0,0.0,0.0,0.0,0.0,-0.0,-0.0,0.0,0.0,0.0,0.0,0.0,-0.0,0.0,0.0,0.0,0.0,0.0,0.0,0.0,0.0,0.0,4.0,0.0,0.0
11966760,297.2206726074219,297.1499938964844,293.1499938964844,0.0,-0.0,291.098388671875,0.8281843066215515,0.3323563039302826,0.3008570671081543,297.4152526855469,297.1499938964844,293.1499938964844,0.0,-0.0,291.098876953125,0.9486358165740968,0.4950513243675232,0.4690269231796264,297.2657165527344,297.1499938964844,293.1499938964844,0.0,-0.0,291.09844970703125,0.8386181592941284,0.3462882041931152,0.24358431994915,297.2771301269531,297.1499938964844,293.1499938964844,0.0,-0.0,291.0985717773437,0.8630059361457825,0.3788840472698211,0.360438197851181,297.1599426269531,297.1499938964844,293.1499938964844,0.0,-0.0,291.09832763671875,0.8186843991279602,0.3198591470718384,1.4482581615447998,291.0989074707031,288.6839599609375,291.1387634277344,287.7234191894531,291.13775634765625,297.2961730957031,291.1011962890625,1.0,0.6256182789802551,1.0,1.0,0.0,1.0,-3.3891310691833496,3.389122009277344,9.241419320460407e-06,2.6201627254486084,0.0,0.0,0.0,159.34938049316406,168.0,87.6095962524414,-0.0,3148.4921875,1.0,293.1499938964844,293.1499938964844,293.1499938964844,293.1499938964844,293.1499938964844,293.1499938964844,278.1499938964844,0.0,18000.0,313.1499938964844,0.0,18000.0,0.0,0.0,0.0,0.0,0.0,0.0,0.0,0.0,0.0,0.0,-0.0,-0.0,0.0,0.0,0.0,0.0,0.0,-0.0,0.0,0.0,0.0,0.0,0.0,0.0,0.0,0.0,0.0,4.0,0.0,0.0
11966820,297.2258605957031,297.1499938964844,293.1499938964844,0.0,-0.0,291.1593933105469,0.8263212442398071,0.3337748348712921,0.3021428883075714,297.4214782714844,297.1499938964844,293.1499938964844,0.0,-0.0,291.1598815917969,0.9473814964294434,0.4990389943122864,0.4727741181850433,297.2709045410156,297.1499938964844,293.1499938964844,0.0,-0.0,291.1594543457031,0.8370856046676636,0.348281055688858,0.2449733018875122,297.2810363769531,297.1499938964844,293.1499938964844,0.0,-0.0,291.1595764160156,0.8612143993377686,0.3808874189853668,0.3623302280902862,297.16290283203125,297.1499938964844,293.1499938964844,0.0,-0.0,291.1593322753906,0.8160485029220581,0.3202840685844421,1.4501663446426392,291.1598815917969,288.60955810546875,291.19873046875,287.76837158203125,291.1977844238281,297.3020935058594,291.162109375,1.0,0.6286218762397766,1.0,1.0,0.0,1.0,-3.4014222621917725,3.4014129638671875,9.308405424235389e-06,2.629602432250977,0.0,0.0,0.0,161.8378143310547,171.0,85.56986999511719,-0.0,3190.689208984375,1.0,293.1499938964844,293.1499938964844,293.1499938964844,293.1499938964844,293.1499938964844,293.1499938964844,278.1499938964844,0.0,18000.0,313.1499938964844,0.0,18000.0,0.0,0.0,0.0,0.0,0.0,0.0,0.0,0.0,0.0,0.0,-0.0,-0.0,0.0,0.0,0.0,0.0,0.0,-0.0,0.0,0.0,0.0,0.0,0.0,0.0,0.0,0.0,0.0,4.0,0.0,0.0
11966880,297.2258605957031,297.1499938964844,293.1499938964844,0.0,-0.0,291.1593933105469,0.8263212442398071,0.3337748348712921,0.3021428883075714,297.4214782714844,297.1499938964844,293.1499938964844,0.0,-0.0,291.1598815917969,0.9473814964294434,0.4990389943122864,0.4727741181850433,297.2709045410156,297.1499938964844,293.1499938964844,0.0,-0.0,291.1594543457031,0.8370856046676636,0.348281055688858,0.2449733018875122,297.2810363769531,297.1499938964844,293.1499938964844,0.0,-0.0,291.1595764160156,0.8612143993377686,0.3808874189853668,0.3623302280902862,297.16290283203125,297.1499938964844,293.1499938964844,0.0,-0.0,291.1593322753906,0.8160485029220581,0.3202840685844421,1.4501663446426392,291.1598815917969,288.60955810546875,291.19873046875,287.76837158203125,291.1977844238281,297.3020935058594,291.162109375,1.0,0.6286218762397766,1.0,1.0,0.0,1.0,-3.4014222621917725,3.4014129638671875,9.308405424235389e-06,2.629602432250977,0.0,0.0,0.0,161.8378143310547,171.0,85.56986999511719,-0.0,3190.689208984375,1.0,293.1499938964844,293.1499938964844,293.1499938964844,293.1499938964844,293.1499938964844,293.1499938964844,278.1499938964844,0.0,18000.0,313.1499938964844,0.0,18000.0,0.0,0.0,0.0,0.0,0.0,0.0,0.0,0.0,0.0,0.0,-0.0,-0.0,0.0,0.0,0.0,0.0,0.0,-0.0,0.0,0.0,0.0,0.0,0.0,0.0,0.0,0.0,0.0,4.0,0.0,0.0
11966940,297.2320251464844,297.1499938964844,293.1499938964844,0.0,-0.0,291.2189025878906,0.8248633742332458,0.3353602886199951,0.3035911321640014,297.4289855957031,297.1499938964844,293.1499938964844,0.0,-0.0,291.2193908691406,0.946631133556366,0.5032394528388977,0.4767343401908874,297.27764892578125,297.1499938964844,293.1499938964844,0.0,-0.0,291.2189636230469,0.8360002636909485,0.3504946827888489,0.2465262115001678,297.2864685058594,297.1499938964844,293.1499938964844,0.0,-0.0,291.2190856933594,0.8598853945732117,0.3830966055393219,0.3644309937953949,297.16778564453125,297.1499938964844,293.1499938964844,0.0,-0.0,291.2188415527344,0.8138657212257385,0.3209401369094848,1.453184723854065,291.2193908691406,288.537109375,291.2571716308594,287.8148193359375,291.2562561035156,297.30926513671875,291.2215576171875,1.0,0.6318964958190918,1.0,1.0,0.0,1.0,-3.415949583053589,3.415940284729004,9.387948921357747e-06,2.64078140258789,0.0,0.0,0.0,164.2924346923828,174.0,83.48080444335938,-0.0,3238.09033203125,1.0,293.1499938964844,293.1499938964844,293.1499938964844,293.1499938964844,293.1499938964844,293.1499938964844,278.1499938964844,0.0,18000.0,313.1499938964844,0.0,18000.0,0.0,0.0,0.0,0.0,0.0,0.0,0.0,0.0,0.0,0.0,-0.0,-0.0,0.0,0.0,0.0,0.0,0.0,-0.0,0.0,0.0,0.0,0.0,0.0,0.0,0.0,0.0,0.0,4.0,0.0,0.0
11967000,297.2320251464844,297.1499938964844,293.1499938964844,0.0,-0.0,291.2189025878906,0.8248633742332458,0.3353602886199951,0.3035911321640014,297.4289855957031,297.1499938964844,293.1499938964844,0.0,-0.0,291.2193908691406,0.946631133556366,0.5032394528388977,0.4767343401908874,297.27764892578125,297.1499938964844,293.1499938964844,0.0,-0.0,291.2189636230469,0.8360002636909485,0.3504946827888489,0.2465262115001678,297.2864685058594,297.1499938964844,293.1499938964844,0.0,-0.0,291.2190856933594,0.8598853945732117,0.3830966055393219,0.3644309937953949,297.16778564453125,297.1499938964844,293.1499938964844,0.0,-0.0,291.2188415527344,0.8138657212257385,0.3209401369094848,1.453184723854065,291.2193908691406,288.537109375,291.2571716308594,287.8148193359375,291.2562561035156,297.30926513671875,291.2215576171875,1.0,0.6318964958190918,1.0,1.0,0.0,1.0,-3.415949583053589,3.415940284729004,9.387948921357747e-06,2.64078140258789,0.0,0.0,0.0,164.2924346923828,174.0,83.48080444335938,-0.0,3238.09033203125,1.0,293.1499938964844,293.1499938964844,293.1499938964844,293.1499938964844,293.1499938964844,293.1499938964844,278.1499938964844,0.0,18000.0,313.1499938964844,0.0,18000.0,0.0,0.0,0.0,0.0,0.0,0.0,0.0,0.0,0.0,0.0,-0.0,-0.0,0.0,0.0,0.0,0.0,0.0,-0.0,0.0,0.0,0.0,0.0,0.0,0.0,0.0,0.0,0.0,4.0,0.0,0.0
11967060,297.2385559082031,297.1499938964844,293.1499938964844,0.0,-0.0,291.27685546875,0.8235724568367004,0.3370619118213653,0.3051517903804779,297.4371337890625,297.1499938964844,293.1499938964844,0.0,-0.0,291.27734375,0.9460786581039428,0.5075984597206116,0.4808529019355774,297.2851867675781,297.1499938964844,293.1499938964844,0.0,-0.0,291.27691650390625,0.8351155519485474,0.3528740406036377,0.2482018172740936,297.29266357421875,297.1499938964844,293.1499938964844,0.0,-0.0,291.27703857421875,0.8587526082992554,0.3854524791240692,0.3666807413101196,297.1736755371094,297.1499938964844,293.1499938964844,0.0,-0.0,291.2767944335937,0.8118866086006165,0.3217616677284241,1.4570033550262451,291.27734375,288.4666442871094,291.3139953613281,287.86248779296875,291.3131103515625,297.3169860839844,291.2794494628906,1.0,0.6354081630706787,1.0,1.0,0.0,1.0,-3.432092905044556,3.432083368301392,9.47676471696468e-06,2.653214454650879,0.0,0.0,0.0,166.8082733154297,177.0,81.32023620605469,-0.0,3289.958984375,1.0,293.1499938964844,293.1499938964844,293.1499938964844,293.1499938964844,293.1499938964844,293.1499938964844,278.1499938964844,0.0,18000.0,313.1499938964844,0.0,18000.0,0.0,0.0,0.0,0.0,0.0,0.0,0.0,0.0,0.0,0.0,-0.0,-0.0,0.0,0.0,0.0,0.0,0.0,-0.0,0.0,0.0,0.0,0.0,0.0,0.0,0.0,0.0,0.0,4.0,0.0,0.0
11967120,297.2385559082031,297.1499938964844,293.1499938964844,0.0,-0.0,291.27685546875,0.8235724568367004,0.3370619118213653,0.3051517903804779,297.4371337890625,297.1499938964844,293.1499938964844,0.0,-0.0,291.27734375,0.9460786581039428,0.5075984597206116,0.4808529019355774,297.2851867675781,297.1499938964844,293.1499938964844,0.0,-0.0,291.27691650390625,0.8351155519485474,0.3528740406036377,0.2482018172740936,297.29266357421875,297.1499938964844,293.1499938964844,0.0,-0.0,291.27703857421875,0.8587526082992554,0.3854524791240692,0.3666807413101196,297.1736755371094,297.1499938964844,293.1499938964844,0.0,-0.0,291.2767944335937,0.8118866086006165,0.3217616677284241,1.4570033550262451,291.27734375,288.4666442871094,291.3139953613281,287.86248779296875,291.3131103515625,297.3169860839844,291.2794494628906,1.0,0.6354081630706787,1.0,1.0,0.0,1.0,-3.432092905044556,3.432083368301392,9.47676471696468e-06,2.653214454650879,0.0,0.0,0.0,166.8082733154297,177.0,81.32023620605469,-0.0,3289.958984375,1.0,293.1499938964844,293.1499938964844,293.1499938964844,293.1499938964844,293.1499938964844,293.1499938964844,278.1499938964844,0.0,18000.0,313.1499938964844,0.0,18000.0,0.0,0.0,0.0,0.0,0.0,0.0,0.0,0.0,0.0,0.0,-0.0,-0.0,0.0,0.0,0.0,0.0,0.0,-0.0,0.0,0.0,0.0,0.0,0.0,0.0,0.0,0.0,0.0,4.0,0.0,0.0
11967180,297.2451477050781,297.1499938964844,293.1499938964844,0.0,-0.0,291.33319091796875,0.8223662376403809,0.33885258436203,0.3067978024482727,297.44549560546875,297.1499938964844,293.1499938964844,0.0,-0.0,291.3336486816406,0.9456193447113036,0.512084424495697,0.4850972294807434,297.2930908203125,297.1499938964844,293.1499938964844,0.0,-0.0,291.333251953125,0.8343440294265747,0.3553874790668487,0.2499757707118988,297.2991638183594,297.1499938964844,293.1499938964844,0.0,-0.0,291.3333740234375,0.8577216267585754,0.3879199922084808,0.369043231010437,297.1800537109375,297.1499938964844,293.1499938964844,0.0,-0.0,291.3331298828125,0.8100157380104065,0.3227073550224304,1.461420655250549,291.3336486816406,288.39825439453125,291.3691711425781,287.9111022949219,291.3682861328125,297.3249206542969,291.335693359375,1.0,0.639115571975708,1.0,1.0,0.0,1.0,-3.4494645595550537,3.4494550228118896,9.57282190938713e-06,2.6665992736816406,0.0,0.0,0.0,169.40638732910156,180.0,79.07911682128906,-0.0,3345.634521484375,1.0,293.1499938964844,293.1499938964844,293.1499938964844,293.1499938964844,293.1499938964844,293.1499938964844,278.1499938964844,0.0,18000.0,313.1499938964844,0.0,18000.0,0.0,0.0,0.0,0.0,0.0,0.0,0.0,0.0,0.0,0.0,-0.0,-0.0,0.0,0.0,0.0,0.0,0.0,-0.0,0.0,0.0,0.0,0.0,0.0,0.0,0.0,0.0,0.0,4.0,0.0,0.0
11967240,297.2451477050781,297.1499938964844,293.1499938964844,0.0,-0.0,291.33319091796875,0.8223662376403809,0.33885258436203,0.3067978024482727,297.44549560546875,297.1499938964844,293.1499938964844,0.0,-0.0,291.3336486816406,0.9456193447113036,0.512084424495697,0.4850972294807434,297.2930908203125,297.1499938964844,293.1499938964844,0.0,-0.0,291.333251953125,0.8343440294265747,0.3553874790668487,0.2499757707118988,297.2991638183594,297.1499938964844,293.1499938964844,0.0,-0.0,291.3333740234375,0.8577216267585754,0.3879199922084808,0.369043231010437,297.1800537109375,297.1499938964844,293.1499938964844,0.0,-0.0,291.3331298828125,0.8100157380104065,0.3227073550224304,1.461420655250549,291.3336486816406,288.39825439453125,291.3691711425781,287.9111022949219,291.3682861328125,297.3249206542969,291.335693359375,1.0,0.639115571975708,1.0,1.0,0.0,1.0,-3.4494645595550537,3.4494550228118896,9.57282190938713e-06,2.6665992736816406,0.0,0.0,0.0,169.40638732910156,180.0,79.07911682128906,-0.0,3345.634521484375,1.0,293.1499938964844,293.1499938964844,293.1499938964844,293.1499938964844,293.1499938964844,293.1499938964844,278.1499938964844,0.0,18000.0,313.1499938964844,0.0,18000.0,0.0,0.0,0.0,0.0,0.0,0.0,0.0,0.0,0.0,0.0,-0.0,-0.0,0.0,0.0,0.0,0.0,0.0,-0.0,0.0,0.0,0.0,0.0,0.0,0.0,0.0,0.0,0.0,4.0,0.0,0.0
11967300,297.2484130859375,297.1499938964844,293.1499938964844,0.0,-0.0,291.3607482910156,0.8217873573303223,0.3397763669490814,0.3076477348804474,297.44970703125,297.1499938964844,293.1499938964844,0.0,-0.0,291.3612060546875,0.9454153180122375,0.5143688321113586,0.4872600436210632,297.2970886230469,297.1499938964844,293.1499938964844,0.0,-0.0,291.3608093261719,0.8339920043945312,0.3566884994506836,0.2508949041366577,297.3024597167969,297.1499938964844,293.1499938964844,0.0,-0.0,291.36090087890625,0.8572348356246948,0.3891888260841369,0.370259553194046,297.1833190917969,297.1499938964844,293.1499938964844,0.0,-0.0,291.3606872558594,0.8091099858283997,0.323218435049057,1.4638123512268066,291.3612060546875,288.3648376464844,291.3960876464844,287.9356994628906,291.3952331542969,297.3288879394531,291.3631896972656,1.0,0.6410313248634338,1.0,1.0,0.0,1.0,-3.4585328102111816,3.4585232734680176,9.623160622140858e-06,2.6735873222351074,0.0,0.0,0.0,170.7349395751953,180.0,77.92994689941406,-0.0,3374.7392578125,1.0,293.1499938964844,293.1499938964844,293.1499938964844,293.1499938964844,293.1499938964844,293.1499938964844,278.1499938964844,0.0,18000.0,313.1499938964844,0.0,18000.0,0.0,0.0,0.0,0.0,0.0,0.0,0.0,0.0,0.0,0.0,-0.0,-0.0,0.0,0.0,0.0,0.0,0.0,-0.0,0.0,0.0,0.0,0.0,0.0,0.0,0.0,0.0,0.0,4.0,0.0,0.0
11967360,297.25164794921875,297.1499938964844,293.1499938964844,0.0,-0.0,291.3878479003906,0.82122403383255,0.3407170176506042,0.3085135817527771,297.4538879394531,297.1499938964844,293.1499938964844,0.0,-0.0,291.3883056640625,0.9452283382415771,0.5166782736778259,0.4894472062587738,297.3011474609375,297.1499938964844,293.1499938964844,0.0,-0.0,291.3879089355469,0.8336616158485413,0.3580165505409241,0.2518335580825805,297.3057556152344,297.1499938964844,293.1499938964844,0.0,-0.0,291.3880310058594,0.8567662239074707,0.3904782235622406,0.3714962303638458,297.18658447265625,297.1499938964844,293.1499938964844,0.0,-0.0,291.3877868652344,0.8082221746444702,0.3237514495849609,1.4663081169128418,291.3883056640625,288.3319702148437,291.422607421875,287.9603881835937,291.4217529296875,297.33282470703125,291.3902893066406,1.0,0.6429827809333801,1.0,1.0,0.0,1.0,-3.467823028564453,3.467813491821289,9.674869943410158e-06,2.6807472705841064,0.0,0.0,0.0,172.08074951171875,183.0,76.76165771484375,-0.0,3404.611328125,1.0,293.1499938964844,293.1499938964844,293.1499938964844,293.1499938964844,293.1499938964844,293.1499938964844,278.1499938964844,0.0,18000.0,313.1499938964844,0.0,18000.0,0.0,0.0,0.0,0.0,0.0,0.0,0.0,0.0,0.0,0.0,-0.0,-0.0,0.0,0.0,0.0,0.0,0.0,-0.0,0.0,0.0,0.0,0.0,0.0,0.0,0.0,0.0,0.0,4.0,0.0,0.0
11967420,297.2557067871094,297.1499938964844,293.1499938964844,0.0,-0.0,291.42193603515625,0.8205263018608093,0.3419435918331146,0.309642881155014,297.4591979980469,297.1499938964844,293.1499938964844,0.0,-0.0,291.42236328125,0.9450146555900574,0.51966792345047,0.4922793507575989,297.3063049316406,297.1499938964844,293.1499938964844,0.0,-0.0,291.4219970703125,0.8332701921463013,0.3597533702850342,0.2530614137649536,297.3099365234375,297.1499938964844,293.1499938964844,0.0,-0.0,291.4220886230469,0.8561930656433105,0.3921558260917663,0.3731059432029724,297.1907653808594,297.1499938964844,293.1499938964844,0.0,-0.0,291.421875,0.8071111440658569,0.324462354183197,1.4696378707885742,291.42236328125,288.2907409667969,291.45587158203125,287.9921264648437,291.4550476074219,297.3378601074219,291.4242858886719,1.0,0.6455265283584595,1.0,1.0,0.0,1.0,-3.4800057411193848,3.4799959659576416,9.742889233166352e-06,2.690136671066284,0.0,0.0,0.0,173.82533264160156,183.0,75.23267364501953,-0.0,3443.885986328125,1.0,293.1499938964844,293.1499938964844,293.1499938964844,293.1499938964844,293.1499938964844,293.1499938964844,278.1499938964844,0.0,18000.0,313.1499938964844,0.0,18000.0,0.0,0.0,0.0,0.0,0.0,0.0,0.0,0.0,0.0,0.0,-0.0,-0.0,0.0,0.0,0.0,0.0,0.0,-0.0,0.0,0.0,0.0,0.0,0.0,0.0,0.0,0.0,0.0,4.0,0.0,0.0
11967480,297.2579650878906,297.1499938964844,293.1499938964844,0.0,-0.0,291.4407653808594,0.8201457858085632,0.3426437377929687,0.3102876543998718,297.462158203125,297.1499938964844,293.1499938964844,0.0,-0.0,291.4411926269531,0.9449080228805542,0.5213650465011597,0.4938873052597046,297.3091735839844,297.1499938964844,293.1499938964844,0.0,-0.0,291.4408264160156,0.8330658078193665,0.3607473969459533,0.253764271736145,297.3122863769531,297.1499938964844,293.1499938964844,0.0,-0.0,291.4409484863281,0.8558841347694397,0.3931117057800293,0.3740233778953552,297.1930847167969,297.1499938964844,293.1499938964844,0.0,-0.0,291.4407043457031,0.8064988255500793,0.324874997138977,1.471570611000061,291.4411926269531,288.2679443359375,291.4742431640625,288.010009765625,291.47344970703125,297.34063720703125,291.443115234375,1.0,0.6469774842262268,1.0,1.0,0.0,1.0,-3.4869887828826904,3.486979007720948,9.781985681911465e-06,2.695518970489502,0.0,0.0,0.0,174.8159637451172,186.0,74.35372924804688,-0.0,3466.456298828125,1.0,293.1499938964844,293.1499938964844,293.1499938964844,293.1499938964844,293.1499938964844,293.1499938964844,278.1499938964844,0.0,18000.0,313.1499938964844,0.0,18000.0,0.0,0.0,0.0,0.0,0.0,0.0,0.0,0.0,0.0,0.0,-0.0,-0.0,0.0,0.0,0.0,0.0,0.0,-0.0,0.0,0.0,0.0,0.0,0.0,0.0,0.0,0.0,0.0,4.0,0.0,0.0
11967540,297.2639465332031,297.1499938964844,293.1499938964844,0.0,-0.0,291.49188232421875,0.8191325664520264,0.344618558883667,0.3121098279953003,297.47027587890625,297.1499938964844,293.1499938964844,0.0,-0.0,291.4923095703125,0.9446675181388856,0.5261431932449341,0.4984112977981567,297.317138671875,297.1499938964844,293.1499938964844,0.0,-0.0,291.491943359375,0.832558274269104,0.3635700643062591,0.2557609677314758,297.31854248046875,297.1499938964844,293.1499938964844,0.0,-0.0,291.4920349121094,0.8550756573677063,0.395804762840271,0.376611977815628,297.199462890625,297.1499938964844,293.1499938964844,0.0,-0.0,291.4918212890625,0.8048481345176697,0.3260664641857147,1.477150321006775,291.4923095703125,288.2061462402344,291.5240783691406,288.0597229003906,291.5233154296875,297.3482666015625,291.494140625,1.0,0.6510777473449707,1.0,1.0,0.0,1.0,-3.5068488121032715,3.506838798522949,9.893607057165354e-06,2.7108266353607178,0.0,0.0,0.0,177.5991973876953,189.0,71.86627197265625,-0.0,3530.89501953125,1.0,293.1499938964844,293.1499938964844,293.1499938964844,293.1499938964844,293.1499938964844,293.1499938964844,278.1499938964844,0.0,18000.0,313.1499938964844,0.0,18000.0,0.0,0.0,0.0,0.0,0.0,0.0,0.0,0.0,0.0,0.0,-0.0,-0.0,0.0,0.0,0.0,0.0,0.0,-0.0,0.0,0.0,0.0,0.0,0.0,0.0,0.0,0.0,0.0,4.0,0.0,0.0
11967600,297.2639465332031,297.1499938964844,293.1499938964844,0.0,-0.0,291.49188232421875,0.8191325664520264,0.344618558883667,0.3121098279953003,297.47027587890625,297.1499938964844,293.1499938964844,0.0,-0.0,291.4923095703125,0.9446675181388856,0.5261431932449341,0.4984112977981567,297.317138671875,297.1499938964844,293.1499938964844,0.0,-0.0,291.491943359375,0.832558274269104,0.3635700643062591,0.2557609677314758,297.31854248046875,297.1499938964844,293.1499938964844,0.0,-0.0,291.4920349121094,0.8550756573677063,0.395804762840271,0.376611977815628,297.199462890625,297.1499938964844,293.1499938964844,0.0,-0.0,291.4918212890625,0.8048481345176697,0.3260664641857147,1.477150321006775,291.4923095703125,288.2061462402344,291.5240783691406,288.0597229003906,291.5233154296875,297.3482666015625,291.494140625,1.0,0.6510777473449707,1.0,1.0,0.0,1.0,-3.5068488121032715,3.506838798522949,9.893607057165354e-06,2.7108266353607178,0.0,0.0,0.0,177.5991973876953,189.0,71.86627197265625,-0.0,3530.89501953125,1.0,293.1499938964844,293.1499938964844,293.1499938964844,293.1499938964844,293.1499938964844,293.1499938964844,278.1499938964844,0.0,18000.0,313.1499938964844,0.0,18000.0,0.0,0.0,0.0,0.0,0.0,0.0,0.0,0.0,0.0,0.0,-0.0,-0.0,0.0,0.0,0.0,0.0,0.0,-0.0,0.0,0.0,0.0,0.0,0.0,0.0,0.0,0.0,0.0,4.0,0.0,0.0
11967660,297.2693176269531,297.1499938964844,293.1499938964844,0.0,-0.0,291.5411376953125,0.8181623220443726,0.3466066420078277,0.3139507174491882,297.4784851074219,297.1499938964844,293.1499938964844,0.0,-0.0,291.5415344238281,0.944521427154541,0.5310332179069519,0.5030359625816345,297.3248596191406,297.1499938964844,293.1499938964844,0.0,-0.0,291.54119873046875,0.8321305513381958,0.3664713501930237,0.2578141391277313,297.3243103027344,297.1499938964844,293.1499938964844,0.0,-0.0,291.5412902832031,0.8543202877044678,0.398523598909378,0.3792318403720855,297.2055969238281,297.1499938964844,293.1499938964844,0.0,-0.0,291.54107666015625,0.8032820820808411,0.3273164331912994,1.483001470565796,291.5415344238281,288.1466979980469,291.572021484375,288.1091613769531,291.5712890625,297.3555908203125,291.5433044433594,1.0,0.6552636027336121,1.0,1.0,0.0,1.0,-3.527285099029541,3.5272750854492188,1.0009131983679254e-05,2.726579427719116,0.0,0.0,0.0,180.422592163086,192.0,69.29698944091797,-0.0,3597.659423828125,1.0,293.1499938964844,293.1499938964844,293.1499938964844,293.1499938964844,293.1499938964844,293.1499938964844,278.1499938964844,0.0,18000.0,313.1499938964844,0.0,18000.0,0.0,0.0,0.0,0.0,0.0,0.0,0.0,0.0,0.0,0.0,-0.0,-0.0,0.0,0.0,0.0,0.0,0.0,-0.0,0.0,0.0,0.0,0.0,0.0,0.0,0.0,0.0,0.0,4.0,0.0,0.0
11967720,297.2693176269531,297.1499938964844,293.1499938964844,0.0,-0.0,291.5411376953125,0.8181623220443726,0.3466066420078277,0.3139507174491882,297.4784851074219,297.1499938964844,293.1499938964844,0.0,-0.0,291.5415344238281,0.944521427154541,0.5310332179069519,0.5030359625816345,297.3248596191406,297.1499938964844,293.1499938964844,0.0,-0.0,291.54119873046875,0.8321305513381958,0.3664713501930237,0.2578141391277313,297.3243103027344,297.1499938964844,293.1499938964844,0.0,-0.0,291.5412902832031,0.8543202877044678,0.398523598909378,0.3792318403720855,297.2055969238281,297.1499938964844,293.1499938964844,0.0,-0.0,291.54107666015625,0.8032820820808411,0.3273164331912994,1.483001470565796,291.5415344238281,288.1466979980469,291.572021484375,288.1091613769531,291.5712890625,297.3555908203125,291.5433044433594,1.0,0.6552636027336121,1.0,1.0,0.0,1.0,-3.527285099029541,3.5272750854492188,1.0009131983679254e-05,2.726579427719116,0.0,0.0,0.0,180.422592163086,192.0,69.29698944091797,-0.0,3597.659423828125,1.0,293.1499938964844,293.1499938964844,293.1499938964844,293.1499938964844,293.1499938964844,293.1499938964844,278.1499938964844,0.0,18000.0,313.1499938964844,0.0,18000.0,0.0,0.0,0.0,0.0,0.0,0.0,0.0,0.0,0.0,0.0,-0.0,-0.0,0.0,0.0,0.0,0.0,0.0,-0.0,0.0,0.0,0.0,0.0,0.0,0.0,0.0,0.0,0.0,4.0,0.0,0.0
11967780,297.2742004394531,297.1499938964844,293.1499938964844,0.0,-0.0,291.5884704589844,0.8172399401664734,0.3486157655715942,0.3158063888549804,297.486572265625,297.1499938964844,293.1499938964844,0.0,-0.0,291.5888671875,0.9444740414619446,0.5360143780708313,0.5077524781227112,297.3323974609375,297.1499938964844,293.1499938964844,0.0,-0.0,291.5885314941406,0.8317875862121582,0.3694514334201813,0.2599214315414428,297.32965087890625,297.1499938964844,293.1499938964844,0.0,-0.0,291.588623046875,0.8536219000816345,0.4012724459171295,0.3818765580654144,297.21148681640625,297.1499938964844,293.1499938964844,0.0,-0.0,291.5884094238281,0.8018066883087158,0.3286178112030029,1.4890894889831543,291.5888671875,288.0896911621094,291.6180114746094,288.1580810546875,291.6173095703125,297.3626708984375,291.5905456542969,1.0,0.6595207452774048,1.0,1.0,0.0,1.0,-3.5482304096221924,3.54822039604187,1.0128229405381717e-05,2.742724895477295,0.0,0.0,0.0,183.27584838867188,195.0,66.65222930908203,-0.0,3666.578125,1.0,293.1499938964844,293.1499938964844,293.1499938964844,293.1499938964844,293.1499938964844,293.1499938964844,278.1499938964844,0.0,18000.0,313.1499938964844,0.0,18000.0,0.0,0.0,0.0,0.0,0.0,0.0,0.0,0.0,0.0,0.0,-0.0,-0.0,0.0,0.0,0.0,0.0,0.0,-0.0,0.0,0.0,0.0,0.0,0.0,0.0,0.0,0.0,0.0,4.0,0.0,0.0
11967840,297.2742004394531,297.1499938964844,293.1499938964844,0.0,-0.0,291.5884704589844,0.8172399401664734,0.3486157655715942,0.3158063888549804,297.486572265625,297.1499938964844,293.1499938964844,0.0,-0.0,291.5888671875,0.9444740414619446,0.5360143780708313,0.5077524781227112,297.3323974609375,297.1499938964844,293.1499938964844,0.0,-0.0,291.5885314941406,0.8317875862121582,0.3694514334201813,0.2599214315414428,297.32965087890625,297.1499938964844,293.1499938964844,0.0,-0.0,291.588623046875,0.8536219000816345,0.4012724459171295,0.3818765580654144,297.21148681640625,297.1499938964844,293.1499938964844,0.0,-0.0,291.5884094238281,0.8018066883087158,0.3286178112030029,1.4890894889831543,291.5888671875,288.0896911621094,291.6180114746094,288.1580810546875,291.6173095703125,297.3626708984375,291.5905456542969,1.0,0.6595207452774048,1.0,1.0,0.0,1.0,-3.5482304096221924,3.54822039604187,1.0128229405381717e-05,2.742724895477295,0.0,0.0,0.0,183.27584838867188,195.0,66.65222930908203,-0.0,3666.578125,1.0,293.1499938964844,293.1499938964844,293.1499938964844,293.1499938964844,293.1499938964844,293.1499938964844,278.1499938964844,0.0,18000.0,313.1499938964844,0.0,18000.0,0.0,0.0,0.0,0.0,0.0,0.0,0.0,0.0,0.0,0.0,-0.0,-0.0,0.0,0.0,0.0,0.0,0.0,-0.0,0.0,0.0,0.0,0.0,0.0,0.0,0.0,0.0,0.0,4.0,0.0,0.0
11967900,297.27655029296875,297.1499938964844,293.1499938964844,0.0,-0.0,291.6114196777344,0.8168023824691772,0.3496314883232116,0.316743403673172,297.4905090332031,297.1499938964844,293.1499938964844,0.0,-0.0,291.6117858886719,0.9444853067398072,0.5385321974754333,0.5101374983787537,297.33612060546875,297.1499938964844,293.1499938964844,0.0,-0.0,291.6114807128906,0.8316500782966614,0.3709706962108612,0.2609953582286834,297.3321838378906,297.1499938964844,293.1499938964844,0.0,-0.0,291.6115417480469,0.8532987833023071,0.4026605784893036,0.3832111358642578,297.2143249511719,297.1499938964844,293.1499938964844,0.0,-0.0,291.6113586425781,0.8011037707328796,0.3292857110500335,1.492212414741516,291.6117858886719,288.0621032714844,291.6402587890625,288.1822509765625,291.6395874023437,297.3660888671875,291.6134033203125,1.0,0.6616727709770203,1.0,1.0,0.0,1.0,-3.55888032913208,3.558870315551758,1.0189057320530992e-05,2.750934362411499,0.0,0.0,0.0,184.710678100586,195.0,65.29766845703125,-0.0,3701.81005859375,1.0,293.1499938964844,293.1499938964844,293.1499938964844,293.1499938964844,293.1499938964844,293.1499938964844,278.1499938964844,0.0,18000.0,313.1499938964844,0.0,18000.0,0.0,0.0,0.0,0.0,0.0,0.0,0.0,0.0,0.0,0.0,-0.0,-0.0,0.0,0.0,0.0,0.0,0.0,-0.0,0.0,0.0,0.0,0.0,0.0,0.0,0.0,0.0,0.0,4.0,0.0,0.0
11967960,297.27880859375,297.1499938964844,293.1499938964844,0.0,-0.0,291.63385009765625,0.8163816928863525,0.3506551682949066,0.3176873922348022,297.4943542480469,297.1499938964844,293.1499938964844,0.0,-0.0,291.6341857910156,0.9445189833641052,0.5410662889480591,0.5125381946563721,297.3397521972656,297.1499938964844,293.1499938964844,0.0,-0.0,291.6339111328125,0.8315354585647583,0.3725091814994812,0.2620826661586761,297.33465576171875,297.1499938964844,293.1499938964844,0.0,-0.0,291.63397216796875,0.8529940247535706,0.4040583074092865,0.3845545351505279,297.2170715332031,297.1499938964844,293.1499938964844,0.0,-0.0,291.6337585449219,0.8004238605499268,0.329964280128479,1.495383858680725,291.6341857910156,288.0351257324219,291.6619873046875,288.2061462402344,291.6613464355469,297.36944580078125,291.63580322265625,1.0,0.6638392210006714,1.0,1.0,0.0,1.0,-3.569643020629883,3.569632768630981,1.0250713785353582e-05,2.759230852127075,0.0,0.0,0.0,186.1500701904297,198.0,63.92911148071289,-0.0,3737.5458984375,1.0,293.1499938964844,293.1499938964844,293.1499938964844,293.1499938964844,293.1499938964844,293.1499938964844,278.1499938964844,0.0,18000.0,313.1499938964844,0.0,18000.0,0.0,0.0,0.0,0.0,0.0,0.0,0.0,0.0,0.0,0.0,-0.0,-0.0,0.0,0.0,0.0,0.0,0.0,-0.0,0.0,0.0,0.0,0.0,0.0,0.0,0.0,0.0,0.0,4.0,0.0,0.0
11968020,297.2831115722656,297.1499938964844,293.1499938964844,0.0,-0.0,291.6771545410156,0.8155892491340637,0.3527249693870544,0.3195952773094177,297.5017395019531,297.1499938964844,293.1499938964844,0.0,-0.0,291.6775207519531,0.94464772939682,0.5461777448654175,0.5173807740211487,297.346923828125,297.1499938964844,293.1499938964844,0.0,-0.0,291.6772155761719,0.8313707113265991,0.375639796257019,0.2642948627471924,297.33941650390625,297.1499938964844,293.1499938964844,0.0,-0.0,291.67730712890625,0.8524371981620789,0.4068808853626251,0.3872666656970978,297.22235107421875,297.1499938964844,293.1499938964844,0.0,-0.0,291.6770935058594,0.799128532409668,0.3313497602939605,1.5018563270568848,291.677490234375,287.9831237792969,291.70391845703125,288.2530517578125,291.70330810546875,297.3759155273437,291.67901611328125,1.0,0.6682103872299194,1.0,1.0,0.0,1.0,-3.5914738178253174,3.591463327407837,1.0376349564467093e-05,2.776060104370117,0.0,0.0,0.0,189.04116821289065,201.0,61.119361877441406,-0.0,3810.4619140625,1.0,293.1499938964844,293.1499938964844,293.1499938964844,293.1499938964844,293.1499938964844,293.1499938964844,278.1499938964844,0.0,18000.0,313.1499938964844,0.0,18000.0,0.0,0.0,0.0,0.0,0.0,0.0,0.0,0.0,0.0,0.0,-0.0,-0.0,0.0,0.0,0.0,0.0,0.0,-0.0,0.0,0.0,0.0,0.0,0.0,0.0,0.0,0.0,0.0,4.0,0.0,0.0
11968080,297.2831115722656,297.1499938964844,293.1499938964844,0.0,-0.0,291.6771545410156,0.8155892491340637,0.3527249693870544,0.3195952773094177,297.5017395019531,297.1499938964844,293.1499938964844,0.0,-0.0,291.6775207519531,0.94464772939682,0.5461777448654175,0.5173807740211487,297.346923828125,297.1499938964844,293.1499938964844,0.0,-0.0,291.6772155761719,0.8313707113265991,0.375639796257019,0.2642948627471924,297.33941650390625,297.1499938964844,293.1499938964844,0.0,-0.0,291.67730712890625,0.8524371981620789,0.4068808853626251,0.3872666656970978,297.22235107421875,297.1499938964844,293.1499938964844,0.0,-0.0,291.6770935058594,0.799128532409668,0.3313497602939605,1.5018563270568848,291.677490234375,287.9831237792969,291.70391845703125,288.2530517578125,291.70330810546875,297.3759155273437,291.67901611328125,1.0,0.6682103872299194,1.0,1.0,0.0,1.0,-3.5914738178253174,3.591463327407837,1.0376349564467093e-05,2.776060104370117,0.0,0.0,0.0,189.04116821289065,201.0,61.119361877441406,-0.0,3810.4619140625,1.0,293.1499938964844,293.1499938964844,293.1499938964844,293.1499938964844,293.1499938964844,293.1499938964844,278.1499938964844,0.0,18000.0,313.1499938964844,0.0,18000.0,0.0,0.0,0.0,0.0,0.0,0.0,0.0,0.0,0.0,0.0,-0.0,-0.0,0.0,0.0,0.0,0.0,0.0,-0.0,0.0,0.0,0.0,0.0,0.0,0.0,0.0,0.0,0.0,4.0,0.0,0.0
11968140,297.28717041015625,297.1499938964844,293.1499938964844,0.0,-0.0,291.7184143066406,0.8148584961891174,0.3548221588134765,0.3215279579162597,297.5086975097656,297.1499938964844,293.1499938964844,0.0,-0.0,291.7187194824219,0.9448514580726624,0.5513415336608887,0.5222730040550232,297.3538513183594,297.1499938964844,293.1499938964844,0.0,-0.0,291.71844482421875,0.8312864303588867,0.3788377046585083,0.2665543556213379,297.34393310546875,297.1499938964844,293.1499938964844,0.0,-0.0,291.7185363769531,0.8519465923309326,0.4097371697425842,0.3900106847286224,297.227294921875,297.1499938964844,293.1499938964844,0.0,-0.0,291.7183532714844,0.7979133129119873,0.3327689170837402,1.5084829330444336,291.7187194824219,287.9337463378906,291.7437438964844,288.29852294921875,291.7431640625,297.382080078125,291.7201538085937,1.0,0.6726270914077759,1.0,1.0,0.0,1.0,-3.613675594329834,3.6136651039123535,1.0504910278541502e-05,2.793176412582397,0.0,0.0,0.0,191.94744873046875,204.0,58.23125457763672,-0.0,3885.2412109375,1.0,293.1499938964844,293.1499938964844,293.1499938964844,293.1499938964844,293.1499938964844,293.1499938964844,278.1499938964844,0.0,18000.0,313.1499938964844,0.0,18000.0,0.0,0.0,0.0,0.0,0.0,0.0,0.0,0.0,0.0,0.0,-0.0,-0.0,0.0,0.0,0.0,0.0,0.0,-0.0,0.0,0.0,0.0,0.0,0.0,0.0,0.0,0.0,0.0,4.0,0.0,0.0
11968200,297.28717041015625,297.1499938964844,293.1499938964844,0.0,-0.0,291.7184143066406,0.8148584961891174,0.3548221588134765,0.3215279579162597,297.5086975097656,297.1499938964844,293.1499938964844,0.0,-0.0,291.7187194824219,0.9448514580726624,0.5513415336608887,0.5222730040550232,297.3538513183594,297.1499938964844,293.1499938964844,0.0,-0.0,291.71844482421875,0.8312864303588867,0.3788377046585083,0.2665543556213379,297.34393310546875,297.1499938964844,293.1499938964844,0.0,-0.0,291.7185363769531,0.8519465923309326,0.4097371697425842,0.3900106847286224,297.227294921875,297.1499938964844,293.1499938964844,0.0,-0.0,291.7183532714844,0.7979133129119873,0.3327689170837402,1.5084829330444336,291.7187194824219,287.9337463378906,291.7437438964844,288.29852294921875,291.7431640625,297.382080078125,291.7201538085937,1.0,0.6726270914077759,1.0,1.0,0.0,1.0,-3.613675594329834,3.6136651039123535,1.0504910278541502e-05,2.793176412582397,0.0,0.0,0.0,191.94744873046875,204.0,58.23125457763672,-0.0,3885.2412109375,1.0,293.1499938964844,293.1499938964844,293.1499938964844,293.1499938964844,293.1499938964844,293.1499938964844,278.1499938964844,0.0,18000.0,313.1499938964844,0.0,18000.0,0.0,0.0,0.0,0.0,0.0,0.0,0.0,0.0,0.0,0.0,-0.0,-0.0,0.0,0.0,0.0,0.0,0.0,-0.0,0.0,0.0,0.0,0.0,0.0,0.0,0.0,0.0,0.0,4.0,0.0,0.0
11968260,297.2909545898437,297.1499938964844,293.1499938964844,0.0,-0.0,291.7574768066406,0.814182698726654,0.3569423258304596,0.3234817683696747,297.5152893066406,297.1499938964844,293.1499938964844,0.0,-0.0,291.7578125,0.9451203942298888,0.5565511584281921,0.5272086262702942,297.36053466796875,297.1499938964844,293.1499938964844,0.0,-0.0,291.7575378417969,0.8312733769416809,0.3820955753326416,0.2688563764095306,297.3481750488281,297.1499938964844,293.1499938964844,0.0,-0.0,291.7575988769531,0.8515149354934692,0.41262286901474,0.3927828371524811,297.23193359375,297.1499938964844,293.1499938964844,0.0,-0.0,291.7574462890625,0.7967694997787476,0.3342163264751434,1.5152398347854614,291.7577819824219,287.8870544433594,291.7814025878906,288.3421936035156,291.7808532714844,297.38787841796875,291.7591552734375,1.0,0.6770822405815125,1.0,1.0,0.0,1.0,-3.636197566986084,3.636187076568604,1.0636136721586809e-05,2.8105409145355225,0.0,0.0,0.0,194.8682403564453,207.0,55.2633056640625,-0.0,3961.78759765625,1.0,293.1499938964844,293.1499938964844,293.1499938964844,293.1499938964844,293.1499938964844,293.1499938964844,278.1499938964844,0.0,18000.0,313.1499938964844,0.0,18000.0,0.0,0.0,0.0,0.0,0.0,0.0,0.0,0.0,0.0,0.0,-0.0,-0.0,0.0,0.0,0.0,0.0,0.0,-0.0,0.0,0.0,0.0,0.0,0.0,0.0,0.0,0.0,0.0,4.0,0.0,0.0
11968320,297.2909545898437,297.1499938964844,293.1499938964844,0.0,-0.0,291.7574768066406,0.814182698726654,0.3569423258304596,0.3234817683696747,297.5152893066406,297.1499938964844,293.1499938964844,0.0,-0.0,291.7578125,0.9451203942298888,0.5565511584281921,0.5272086262702942,297.36053466796875,297.1499938964844,293.1499938964844,0.0,-0.0,291.7575378417969,0.8312733769416809,0.3820955753326416,0.2688563764095306,297.3481750488281,297.1499938964844,293.1499938964844,0.0,-0.0,291.7575988769531,0.8515149354934692,0.41262286901474,0.3927828371524811,297.23193359375,297.1499938964844,293.1499938964844,0.0,-0.0,291.7574462890625,0.7967694997787476,0.3342163264751434,1.5152398347854614,291.7577819824219,287.8870544433594,291.7814025878906,288.3421936035156,291.7808532714844,297.38787841796875,291.7591552734375,1.0,0.6770822405815125,1.0,1.0,0.0,1.0,-3.636197566986084,3.636187076568604,1.0636136721586809e-05,2.8105409145355225,0.0,0.0,0.0,194.8682403564453,207.0,55.2633056640625,-0.0,3961.78759765625,1.0,293.1499938964844,293.1499938964844,293.1499938964844,293.1499938964844,293.1499938964844,293.1499938964844,278.1499938964844,0.0,18000.0,313.1499938964844,0.0,18000.0,0.0,0.0,0.0,0.0,0.0,0.0,0.0,0.0,0.0,0.0,-0.0,-0.0,0.0,0.0,0.0,0.0,0.0,-0.0,0.0,0.0,0.0,0.0,0.0,0.0,0.0,0.0,0.0,4.0,0.0,0.0
11968380,297.29443359375,297.1499938964844,293.1499938964844,0.0,-0.0,291.7943725585937,0.8135542869567871,0.3590805828571319,0.325452446937561,297.5214233398437,297.1499938964844,293.1499938964844,0.0,-0.0,291.794677734375,0.9454444646835328,0.5618006587028503,0.5321820974349976,297.3668518066406,297.1499938964844,293.1499938964844,0.0,-0.0,291.79443359375,0.8313207030296326,0.385403960943222,0.2711949646472931,297.35211181640625,297.1499938964844,293.1499938964844,0.0,-0.0,291.79449462890625,0.8511341214179993,0.4155330955982208,0.3955787122249603,297.2361755371094,297.1499938964844,293.1499938964844,0.0,-0.0,291.7943115234375,0.7956878542900085,0.3356867432594299,1.522103786468506,291.7946472167969,287.8431091308594,291.8168334960937,288.3838195800781,291.8163452148437,297.393310546875,291.7959289550781,1.0,0.68156898021698,1.0,1.0,0.0,1.0,-3.658987522125244,3.658976793289185,1.0769758773676584e-05,2.8281140327453613,0.0,0.0,0.0,197.80343627929688,210.0,52.21759796142578,-0.0,4040.0009765625,1.0,293.1499938964844,293.1499938964844,293.1499938964844,293.1499938964844,293.1499938964844,293.1499938964844,278.1499938964844,0.0,18000.0,313.1499938964844,0.0,18000.0,0.0,0.0,0.0,0.0,0.0,0.0,0.0,0.0,0.0,0.0,-0.0,-0.0,0.0,0.0,0.0,0.0,0.0,-0.0,0.0,0.0,0.0,0.0,0.0,0.0,0.0,0.0,0.0,4.0,0.0,0.0
11968440,297.29443359375,297.1499938964844,293.1499938964844,0.0,-0.0,291.7943725585937,0.8135542869567871,0.3590805828571319,0.325452446937561,297.5214233398437,297.1499938964844,293.1499938964844,0.0,-0.0,291.794677734375,0.9454444646835328,0.5618006587028503,0.5321820974349976,297.3668518066406,297.1499938964844,293.1499938964844,0.0,-0.0,291.79443359375,0.8313207030296326,0.385403960943222,0.2711949646472931,297.35211181640625,297.1499938964844,293.1499938964844,0.0,-0.0,291.79449462890625,0.8511341214179993,0.4155330955982208,0.3955787122249603,297.2361755371094,297.1499938964844,293.1499938964844,0.0,-0.0,291.7943115234375,0.7956878542900085,0.3356867432594299,1.522103786468506,291.7946472167969,287.8431091308594,291.8168334960937,288.3838195800781,291.8163452148437,297.393310546875,291.7959289550781,1.0,0.68156898021698,1.0,1.0,0.0,1.0,-3.658987522125244,3.658976793289185,1.0769758773676584e-05,2.8281140327453613,0.0,0.0,0.0,197.80343627929688,210.0,52.21759796142578,-0.0,4040.0009765625,1.0,293.1499938964844,293.1499938964844,293.1499938964844,293.1499938964844,293.1499938964844,293.1499938964844,278.1499938964844,0.0,18000.0,313.1499938964844,0.0,18000.0,0.0,0.0,0.0,0.0,0.0,0.0,0.0,0.0,0.0,0.0,-0.0,-0.0,0.0,0.0,0.0,0.0,0.0,-0.0,0.0,0.0,0.0,0.0,0.0,0.0,0.0,0.0,0.0,4.0,0.0,0.0
11968500,297.2960510253906,297.1499938964844,293.1499938964844,0.0,-0.0,291.8119812011719,0.8132553696632385,0.3601549565792084,0.3264428079128265,297.5243225097656,297.1499938964844,293.1499938964844,0.0,-0.0,291.812255859375,0.945624053478241,0.5644386410713196,0.534681499004364,297.369873046875,297.1499938964844,293.1499938964844,0.0,-0.0,291.81201171875,0.831363320350647,0.387074202299118,0.2723757028579712,297.3539733886719,297.1499938964844,293.1499938964844,0.0,-0.0,291.81207275390625,0.8509601950645447,0.4169959723949432,0.3969842493534088,297.2381896972656,297.1499938964844,293.1499938964844,0.0,-0.0,291.8119201660156,0.7951675653457642,0.3364290297031402,1.5255690813064575,291.8122253417969,287.8222045898437,291.8337097167969,288.4037475585937,291.8332214355469,297.3958740234375,291.8134765625,1.0,0.6838220953941345,1.0,1.0,0.0,1.0,-3.670467138290405,3.670456171035767,1.083738334273221e-05,2.836966753005981,0.0,0.0,0.0,199.27651977539065,210.0,50.669715881347656,-0.0,4079.701416015625,1.0,293.1499938964844,293.1499938964844,293.1499938964844,293.1499938964844,293.1499938964844,293.1499938964844,278.1499938964844,0.0,18000.0,313.1499938964844,0.0,18000.0,0.0,0.0,0.0,0.0,0.0,0.0,0.0,0.0,0.0,0.0,-0.0,-0.0,0.0,0.0,0.0,0.0,0.0,-0.0,0.0,0.0,0.0,0.0,0.0,0.0,0.0,0.0,0.0,4.0,0.0,0.0
11968560,297.2975769042969,297.1499938964844,293.1499938964844,0.0,-0.0,291.8289794921875,0.8129658699035645,0.3612319529056549,0.3274357616901397,297.527099609375,297.1499938964844,293.1499938964844,0.0,-0.0,291.82928466796875,0.945814609527588,0.5670844912528992,0.5371883511543274,297.3728332519531,297.1499938964844,293.1499938964844,0.0,-0.0,291.8290405273437,0.831419050693512,0.3887583613395691,0.2735648453235626,297.3557434082031,297.1499938964844,293.1499938964844,0.0,-0.0,291.8291015625,0.8507965207099915,0.4184630811214447,0.3983939886093139,297.2400817871094,297.1499938964844,293.1499938964844,0.0,-0.0,291.8289489746094,0.7946600317955017,0.3371750712394714,1.529052495956421,291.8292541503906,287.802001953125,291.8500061035156,288.4230651855469,291.8495178222656,297.3983459472656,291.8304443359375,1.0,0.6860806345939636,1.0,1.0,0.0,1.0,-3.681995868682861,3.681984901428223,1.090551359084202e-05,2.845857858657837,0.0,0.0,0.0,200.7528839111328,213.0,49.10696792602539,-0.0,4119.78076171875,1.0,293.1499938964844,293.1499938964844,293.1499938964844,293.1499938964844,293.1499938964844,293.1499938964844,278.1499938964844,0.0,18000.0,313.1499938964844,0.0,18000.0,0.0,0.0,0.0,0.0,0.0,0.0,0.0,0.0,0.0,0.0,-0.0,-0.0,0.0,0.0,0.0,0.0,0.0,-0.0,0.0,0.0,0.0,0.0,0.0,0.0,0.0,0.0,0.0,4.0,0.0,0.0
11968620,297.2991027832031,297.1499938964844,293.1499938964844,0.0,-0.0,291.8460693359375,0.812674343585968,0.3623533844947815,0.3284698128700256,297.5299072265625,297.1499938964844,293.1499938964844,0.0,-0.0,291.8463439941406,0.946023404598236,0.5698419213294983,0.5398009419441223,297.3758850097656,297.1499938964844,293.1499938964844,0.0,-0.0,291.8461303710937,0.831492006778717,0.3905244171619415,0.2748111188411712,297.3575134277344,297.1499938964844,293.1499938964844,0.0,-0.0,291.84619140625,0.8506366014480591,0.4199917614459991,0.3998629748821258,297.2419738769531,297.1499938964844,293.1499938964844,0.0,-0.0,291.8460388183594,0.7941452860832214,0.3379538059234619,1.532688856124878,291.8463439941406,287.7817687988281,291.8663024902344,288.4424133300781,291.8658752441406,297.4008483886719,291.84747314453125,1.0,0.688433051109314,1.0,1.0,0.0,1.0,-3.694025754928589,3.69401478767395,1.097683434636565e-05,2.855135917663574,0.9774599671363832,0.9774599671363832,0.0,202.29055786132807,213.0,47.45250701904297,-0.0,4161.828125,1.0,293.1499938964844,293.1499938964844,293.1499938964844,293.1499938964844,293.1499938964844,293.1499938964844,283.1499938964844,0.0,18000.0,313.1499938964844,0.0,18000.0,1.0,0.0,0.0,0.0,1.0,0.0,1.0,0.0,0.0,0.0,-0.0,-0.0,0.0,0.0,0.0,0.0,0.0,-0.0,3.293310146545991e-05,0.0,0.0,0.0,0.0,0.0,0.2000000029802322,1.0,0.0,3.0,1.0,0.0
11968680,297.3028259277344,297.1499938964844,293.1499938964844,0.0,-0.0,291.87811279296875,0.8126381039619446,0.3636216223239898,0.3295020461082458,297.5348205566406,297.1499938964844,293.1499938964844,0.0,-0.0,291.86944580078125,0.9465012550354004,0.5726330280303955,0.5423027873039246,297.3806457519531,297.1499938964844,293.1499938964844,0.0,-0.0,291.87646484375,0.8317810893058777,0.3923648297786712,0.2760209739208221,297.3609313964844,297.1499938964844,293.1499938964844,0.0,-0.0,291.8749694824219,0.8507109880447388,0.4215883314609527,0.4012836813926697,297.24517822265625,297.1499938964844,293.1499938964844,0.0,-0.0,291.87969970703125,0.7938924431800842,0.3388267457485199,1.5362918376922607,291.8700561523437,287.7637634277344,291.8808288574219,288.4595947265625,291.8804016113281,297.4053955078125,291.8284912109375,1.0,0.6906446814537048,1.0,1.0,0.0,1.0,-3.705772876739502,3.7057619094848633,1.1046536201320125e-05,2.86413836479187,1.0,1.0,0.0,203.5981903076172,216.0,721.4213256835938,-0.0,4201.90625,1.0,290.91192626953125,291.9488525390625,293.69146728515625,294.7915954589844,293.1499938964844,293.1499938964844,283.1499938964844,1474.5224609375,19080.0,313.1499938964844,0.0,18000.0,1.0,0.0,0.0,0.0,1.0,0.2252498120069503,1.0,0.0,0.0,0.8048038482666016,0.8048079609870911,5.4892627332492345e-08,4.242859840393066,4.242849826812744,9.980939466913696e-06,0.0,0.0,-0.0,5572.36865234375,0.0,16.53281021118164,1892.123291015625,0.0,0.0,0.2000000029802322,1.0,0.0,3.0,1.0,0.0
11968740,297.1905517578125,297.1499938964844,293.1499938964844,0.0,-0.0,289.22564697265625,0.7971110343933105,0.3544335961341858,0.326141357421875,297.4219665527344,297.1499938964844,293.1499938964844,0.0,-0.0,289.2010498046875,0.9291460514068604,0.5663280487060547,0.5415821075439453,297.2889709472656,297.1499938964844,293.1499938964844,0.0,-0.0,289.2204284667969,0.8187653422355652,0.3862121403217315,0.2749926447868347,297.2725524902344,297.1499938964844,293.1499938964844,0.0,-0.0,289.2161865234375,0.8371102213859558,0.4155067503452301,0.3997491300106048,297.17095947265625,297.1499938964844,293.1499938964844,0.0,-0.0,289.230224609375,0.7794836163520813,0.3326892554759979,1.5261849164962769,289.20281982421875,287.728515625,291.9092712402344,288.4931335449219,291.90887451171875,297.3033752441406,289.1060485839844,1.0,0.6925488114356995,1.0,1.0,0.0,1.0,-3.685782194137573,3.685771226882935,1.0932873919955456e-05,2.8504984378814697,1.0,1.0,0.0,213.79928588867188,204.0,12010.9462890625,-0.0,4211.91748046875,1.0,285.8993530273437,289.0418395996094,293.6170349121094,295.99755859375,293.1499938964844,293.1499938964844,283.1499938964844,3795.407470703125,20160.0,313.1499938964844,0.0,18000.0,1.0,0.0,0.0,0.0,1.0,0.7090215682983398,1.0,0.0,0.0,1.2976350784301758,1.297637939453125,1.1238278574410289e-07,4.265904426574707,4.265894412994385,9.786098416952882e-06,0.0,0.0,-0.0,5584.31689453125,0.0,66.88522338867188,1895.4344482421875,0.0,1682.6640625,0.3300390541553497,1.0,0.0,3.0,1.0,0.0
11968800,297.1905517578125,297.1499938964844,293.1499938964844,0.0,-0.0,289.22564697265625,0.7971110343933105,0.3544335961341858,0.326141357421875,297.4219665527344,297.1499938964844,293.1499938964844,0.0,-0.0,289.2010498046875,0.9291460514068604,0.5663280487060547,0.5415821075439453,297.2889709472656,297.1499938964844,293.1499938964844,0.0,-0.0,289.2204284667969,0.8187653422355652,0.3862121403217315,0.2749926447868347,297.2725524902344,297.1499938964844,293.1499938964844,0.0,-0.0,289.2161865234375,0.8371102213859558,0.4155067503452301,0.3997491300106048,297.17095947265625,297.1499938964844,293.1499938964844,0.0,-0.0,289.230224609375,0.7794836163520813,0.3326892554759979,1.5261849164962769,289.20281982421875,287.728515625,291.9092712402344,288.4931335449219,291.90887451171875,297.3033752441406,289.1060485839844,1.0,0.6925488114356995,1.0,1.0,0.0,1.0,-3.685782194137573,3.685771226882935,1.0932873919955456e-05,2.8504984378814697,1.0,1.0,0.0,213.79928588867188,204.0,12010.9462890625,-0.0,4211.91748046875,1.0,285.8993530273437,289.0418395996094,293.6170349121094,295.99755859375,293.1499938964844,293.1499938964844,283.1499938964844,3795.407470703125,20160.0,313.1499938964844,0.0,18000.0,1.0,0.0,0.0,0.0,1.0,0.7090215682983398,1.0,0.0,0.0,1.2976350784301758,1.297637939453125,1.1238278574410289e-07,4.265904426574707,4.265894412994385,9.786098416952882e-06,0.0,0.0,-0.0,5584.31689453125,0.0,66.88522338867188,1895.4344482421875,0.0,1682.6640625,0.3300390541553497,1.0,0.0,3.0,1.0,0.0
11968860,297.04998779296875,297.1499938964844,293.1499938964844,0.0,-0.0,287.81378173828125,0.7747493982315063,0.3408841490745544,0.3165069222450256,297.27947998046875,297.1499938964844,293.1499938964844,0.0,-0.0,287.7967834472656,0.9050185680389404,0.5542269945144653,0.5328976511955261,297.16973876953125,297.1499938964844,293.1499938964844,0.0,-0.0,287.809814453125,0.7988947629928589,0.3754597902297973,0.2692831158638,297.15673828125,297.1499938964844,293.1499938964844,0.0,-0.0,287.8068542480469,0.8184765577316284,0.4049766361713409,0.3922342360019684,297.0690612792969,297.1499938964844,293.1499938964844,0.0,-0.0,287.8165588378906,0.7600392699241638,0.3228113949298858,1.4928752183914185,287.7980651855469,287.71014404296875,291.924072265625,288.5104064941406,291.9236755371094,297.1754455566406,287.7383728027344,1.0,0.6867300271987915,1.0,1.0,0.0,1.0,-3.6078522205352783,3.607841730117798,1.047834211931331e-05,2.791259765625,0.9876182079315186,0.9876182079315186,0.0,223.96823120117188,204.0,16647.458984375,-0.0,4067.295654296875,1.0,284.3752746582031,287.3646545410156,292.77850341796875,295.1281433105469,293.1499938964844,293.1499938964844,283.1499938964844,5704.7197265625,20160.0,313.1499938964844,0.0,18000.0,1.0,0.0,0.0,0.0,1.0,0.8131309747695923,1.0,0.0,0.0,1.5810644626617432,1.581068754196167,1.667993245746402e-07,4.265923976898193,4.265913963317871,9.785931069927756e-06,0.0,0.0,-0.0,5134.7177734375,0.0,121.20783996582033,1895.43701171875,0.0,2592.055908203125,0.3964205384254455,1.0,0.0,3.0,1.0,0.0
11968920,296.94061279296875,297.1499938964844,293.1499938964844,0.0,-0.0,287.2145080566406,0.7573245167732239,0.3296186029911041,0.306898683309555,297.16680908203125,297.1499938964844,293.1499938964844,0.0,-0.0,287.20489501953125,0.8881719708442688,0.5439246892929077,0.5238304734230042,297.07421875,297.1499938964844,293.1499938964844,0.0,-0.0,287.2121276855469,0.7826693654060364,0.3662230670452118,0.2633202672004699,297.06201171875,297.1499938964844,293.1499938964844,0.0,-0.0,287.2104797363281,0.8030433654785156,0.3957468569278717,0.3842647075653076,296.9826354980469,297.1499938964844,293.1499938964844,0.0,-0.0,287.2158508300781,0.7450466156005859,0.3139033317565918,1.4569846391677856,287.2056884765625,287.6962890625,291.93524169921875,288.5233459472656,291.93487548828125,297.0736083984375,287.1712951660156,1.0,0.6792733669281006,1.0,1.0,0.0,1.0,-3.5254673957824707,3.5254573822021484,1.0005556760006584e-05,2.727628469467163,0.9785677194595336,0.9785677194595336,0.0,230.7544708251953,192.0,19204.3125,-0.0,3895.94287109375,1.0,283.7336120605469,286.55133056640625,292.1921081542969,294.3184509277344,293.1499938964844,293.1499938964844,283.1499938964844,7253.369140625,21240.0,313.1499938964844,0.0,18000.0,1.0,0.0,0.0,0.0,1.0,0.8376961946487427,1.0,0.0,0.0,1.7705799341201782,1.7705854177474976,2.091821187377719e-07,4.265924453735352,4.265914440155029,9.78592834144365e-06,0.0,0.0,-0.0,4847.6171875,0.0,170.5867462158203,1895.4371337890625,0.0,2820.198486328125,0.4454769194126129,1.0,0.0,3.0,1.0,0.0
11968980,296.83135986328125,297.1499938964844,293.1499938964844,0.0,-0.0,286.7832336425781,0.7411510348320007,0.3173344135284424,0.2953114509582519,297.04998779296875,297.1499938964844,293.1499938964844,0.0,-0.0,286.7774353027344,0.8730133175849915,0.5325108766555786,0.5126743316650391,296.9743347167969,297.1499938964844,293.1499938964844,0.0,-0.0,286.78173828125,0.7675089240074158,0.3558188378810882,0.2558660209178924,296.960205078125,297.1499938964844,293.1499938964844,0.0,-0.0,286.78076171875,0.787765383720398,0.3850686550140381,0.3740530014038086,296.88604736328125,297.1499938964844,293.1499938964844,0.0,-0.0,286.783935546875,0.7307292819023132,0.303176075220108,1.4092363119125366,286.7779846191406,287.6794738769531,291.94879150390625,288.5387878417969,291.94842529296875,296.9652709960937,286.75701904296875,1.0,0.6677061915397644,1.0,1.0,0.0,1.0,-3.419402837753296,3.419393539428711,9.411294740857556e-06,2.6450865268707275,0.9677125811576844,0.9677125811576844,0.0,234.68614196777344,192.0,21287.830078125,-0.0,3656.715576171875,1.0,283.3505249023437,285.9903259277344,291.6815185546875,293.55157470703125,293.1499938964844,293.1499938964844,283.1499938964844,9450.6728515625,21240.0,313.1499938964844,0.0,18000.0,1.0,0.0,0.0,0.0,1.0,0.828191339969635,1.0,0.0,0.0,2.004234313964844,2.0042412281036377,2.680342845451378e-07,4.265924453735352,4.265914440155029,9.78592834144365e-06,0.0,0.0,-0.0,4652.9169921875,0.0,248.06884765625,1895.4371337890625,0.0,2731.615234375,0.4997361898422241,1.0,0.0,3.0,1.0,0.0
11969040,296.77056884765625,297.1499938964844,293.1499938964844,0.0,-0.0,286.5780639648437,0.7332215309143066,0.3096214532852173,0.2877191305160522,296.9818420410156,297.1499938964844,293.1499938964844,0.0,-0.0,286.5740966796875,0.8662505149841309,0.5252874493598938,0.5052600502967834,296.9159240722656,297.1499938964844,293.1499938964844,0.0,-0.0,286.5769958496094,0.760277271270752,0.3491313755512237,0.250822514295578,296.8988342285156,297.1499938964844,293.1499938964844,0.0,-0.0,286.5763244628906,0.7803179621696472,0.3780130743980407,0.3669538497924804,296.82574462890625,297.1499938964844,293.1499938964844,0.0,-0.0,286.5785217285156,0.7232184410095215,0.2958142459392547,1.3747020959854126,286.57452392578125,287.66717529296875,291.958740234375,288.5499267578125,291.9583740234375,296.9018249511719,286.5603332519531,1.0,0.6580745577812195,1.0,1.0,0.0,1.0,-3.3451876640319824,3.345178604125977,9.005893844005186e-06,2.587175846099853,0.9593204259872437,0.9593204259872437,0.0,234.04188537597656,180.0,22153.537109375,-0.0,3477.05908203125,1.0,283.2308044433594,285.7467041015625,291.4573669433594,293.186767578125,293.1499938964844,293.1499938964844,283.1499938964844,11031.5615234375,22320.0,313.1499938964844,0.0,18000.0,1.0,0.0,0.0,0.0,1.0,0.8059142827987671,1.0,0.0,0.0,2.150714159011841,2.1507222652435303,3.0864464406477055e-07,4.265924453735352,4.265914440155029,9.78592834144365e-06,0.0,0.0,-0.0,4575.3056640625,0.0,307.1883544921875,1895.4371337890625,0.0,2525.6201171875,0.5383217334747314,1.0,0.0,3.0,1.0,0.0
11969100,296.7215881347656,297.1499938964844,293.1499938964844,0.0,-0.0,286.4122619628906,0.7277708053588867,0.3023986220359802,0.2804827988147735,296.924072265625,297.1499938964844,293.1499938964844,0.0,-0.0,286.4093017578125,0.8625515699386597,0.5185407400131226,0.4981668293476105,296.8667297363281,297.1499938964844,293.1499938964844,0.0,-0.0,286.41143798828125,0.7556995749473572,0.3428090810775757,0.2459256201982498,296.8454895019531,297.1499938964844,293.1499938964844,0.0,-0.0,286.41094970703125,0.7755112051963806,0.3711762428283691,0.3598904907703399,296.7718505859375,297.1499938964844,293.1499938964844,0.0,-0.0,286.41259765625,0.7175647616386414,0.2884619235992431,1.3392101526260376,286.4096374511719,287.6537780761719,291.96954345703125,288.5617370605469,291.9691772460937,296.8480834960937,286.3991394042969,1.0,0.6469290256500244,1.0,1.0,0.0,1.0,-3.270858764648437,3.27085018157959,8.608710231783334e-06,2.5291340351104736,0.9494784474372864,0.9494784474372864,0.0,230.33267211914065,180.0,22855.103515625,-0.0,3286.596435546875,1.0,283.1763610839844,285.5687866210937,291.3398742675781,292.9747009277344,293.1499938964844,293.1499938964844,283.1499938964844,12990.779296875,22320.0,313.1499938964844,0.0,18000.0,1.0,0.0,0.0,0.0,1.0,0.7761971354484558,1.0,0.0,0.0,2.314460515975952,2.314469814300537,3.57431559905308e-07,4.265924453735352,4.265914440155029,9.78592834144365e-06,0.0,0.0,-0.0,4549.3330078125,0.0,383.8525085449219,1895.4371337890625,0.0,2256.064453125,0.5756343007087708,1.0,0.0,3.0,1.0,0.0
11969160,296.689208984375,297.1499938964844,293.1499938964844,0.0,-0.0,286.2987365722656,0.7250947952270508,0.2965004444122314,0.2745126187801361,296.8832397460937,297.1499938964844,293.1499938964844,0.0,-0.0,286.2965393066406,0.8619356155395508,0.513094425201416,0.4923453032970428,296.8325500488281,297.1499938964844,293.1499938964844,0.0,-0.0,286.298095703125,0.7539615035057068,0.3376529216766357,0.2418551295995712,296.8069763183594,297.1499938964844,293.1499938964844,0.0,-0.0,286.2977600097656,0.7736089825630188,0.3654605150222778,0.3538768887519836,296.7320251464844,297.1499938964844,293.1499938964844,0.0,-0.0,286.2989807128906,0.7143444418907166,0.2821522653102875,1.308136820793152,286.2968139648437,287.6412048339844,291.97967529296875,288.57257080078125,291.9793395996094,296.810546875,286.28912353515625,1.0,0.6360127329826355,1.0,1.0,0.0,1.0,-3.207162618637085,3.2071542739868164,8.275463187601417e-06,2.479392766952514,0.9394931793212892,0.9394931793212892,0.0,224.5301971435547,168.0,23214.18359375,-0.0,3114.76171875,1.0,283.157958984375,285.4524841308594,291.3211364746094,292.9035339355469,293.1499938964844,293.1499938964844,283.1499938964844,14697.6728515625,23400.0,313.1499938964844,0.0,18000.0,1.0,0.0,0.0,0.0,1.0,0.7489787340164185,1.0,0.0,0.0,2.4396588802337646,2.439669370651245,3.971472892771999e-07,4.265924453735352,4.265914440155029,9.78592834144365e-06,0.0,0.0,-0.0,4548.99755859375,0.0,450.8929138183594,1895.4371337890625,0.0,2016.62255859375,0.6091469526290894,1.0,0.0,3.0,1.0,0.0
11969220,296.6568298339844,297.1499938964844,293.1499938964844,0.0,-0.0,286.1395874023437,0.7250393033027649,0.2873472869396209,0.2652086615562439,296.8358154296875,297.1499938964844,293.1499938964844,0.0,-0.0,286.13818359375,0.8665345907211304,0.5048686861991882,0.4834573268890381,296.79510498046875,297.1499938964844,293.1499938964844,0.0,-0.0,286.1391906738281,0.7558944821357727,0.3298041820526123,0.2355662584304809,296.7615051269531,297.1499938964844,293.1499938964844,0.0,-0.0,286.13897705078125,0.7753896713256836,0.3564704358577728,0.3442980945110321,296.6842041015625,297.1499938964844,293.1499938964844,0.0,-0.0,286.1397705078125,0.7130618691444397,0.2719732522964477,1.2572535276412964,286.1383972167969,287.61846923828125,291.9979858398437,288.5909423828125,291.9977111816406,296.7687683105469,286.13348388671875,1.0,0.6154947876930237,1.0,1.0,0.0,1.0,-3.104994535446167,3.1049866676330566,7.754788384772837e-06,2.399653911590576,0.9187524914741516,0.9187524914741516,0.0,209.8563842773437,156.0,23617.458984375,-0.0,2822.734619140625,1.0,283.150634765625,285.2934265136719,291.4211730957031,292.974853515625,293.1499938964844,293.1499938964844,283.1499938964844,18033.615234375,24480.0,313.1499938964844,0.0,18000.0,1.0,0.0,0.0,0.0,1.0,0.7133363485336304,1.0,0.0,0.0,2.6474571228027344,2.647469520568848,4.676825824390108e-07,4.265924453735352,4.265914440155029,9.78592834144365e-06,0.0,0.0,-0.0,4587.21728515625,0.0,580.137451171875,1895.4371337890625,0.0,1717.5484619140625,0.6605449914932251,1.0,0.0,3.0,1.0,0.0
11969280,296.6568298339844,297.1499938964844,293.1499938964844,0.0,-0.0,286.1395874023437,0.7250393033027649,0.2873472869396209,0.2652086615562439,296.8358154296875,297.1499938964844,293.1499938964844,0.0,-0.0,286.13818359375,0.8665345907211304,0.5048686861991882,0.4834573268890381,296.79510498046875,297.1499938964844,293.1499938964844,0.0,-0.0,286.1391906738281,0.7558944821357727,0.3298041820526123,0.2355662584304809,296.7615051269531,297.1499938964844,293.1499938964844,0.0,-0.0,286.13897705078125,0.7753896713256836,0.3564704358577728,0.3442980945110321,296.6842041015625,297.1499938964844,293.1499938964844,0.0,-0.0,286.1397705078125,0.7130618691444397,0.2719732522964477,1.2572535276412964,286.1383972167969,287.61846923828125,291.9979858398437,288.5909423828125,291.9977111816406,296.7687683105469,286.13348388671875,1.0,0.6154947876930237,1.0,1.0,0.0,1.0,-3.104994535446167,3.1049866676330566,7.754788384772837e-06,2.399653911590576,0.9187524914741516,0.9187524914741516,0.0,209.8563842773437,156.0,23617.458984375,-0.0,2822.734619140625,1.0,283.150634765625,285.2934265136719,291.4211730957031,292.974853515625,293.1499938964844,293.1499938964844,283.1499938964844,18033.615234375,24480.0,313.1499938964844,0.0,18000.0,1.0,0.0,0.0,0.0,1.0,0.7133363485336304,1.0,0.0,0.0,2.6474571228027344,2.647469520568848,4.676825824390108e-07,4.265924453735352,4.265914440155029,9.78592834144365e-06,0.0,0.0,-0.0,4587.21728515625,0.0,580.137451171875,1895.4371337890625,0.0,1717.5484619140625,0.6605449914932251,1.0,0.0,3.0,1.0,0.0
11969340,296.6493835449219,297.1499938964844,293.1499938964844,0.0,-0.0,286.0364685058594,0.7289625406265259,0.2803250849246979,0.258060097694397,296.8155212402344,297.1499938964844,293.1499938964844,0.0,-0.0,286.0355224609375,0.8756353259086609,0.4988120496273041,0.4768681824207306,296.7827453613281,297.1499938964844,293.1499938964844,0.0,-0.0,286.03619384765625,0.7620552778244019,0.3240375518798828,0.2308888733386993,296.7422790527344,297.1499938964844,293.1499938964844,0.0,-0.0,286.0360412597656,0.7815072536468506,0.3495803773403168,0.3369080722332001,296.6643981933594,297.1499938964844,293.1499938964844,0.0,-0.0,286.03662109375,0.7159882187843323,0.2640432715415954,1.2172846794128418,286.0356750488281,287.5990600585937,292.013671875,288.6047668457031,292.0133972167969,296.752685546875,286.0323791503906,1.0,0.5969098210334778,1.0,1.0,0.0,1.0,-3.02589750289917,3.0258901119232178,7.363456006714841e-06,2.337984561920166,0.8972889184951782,0.8972889184951782,0.0,194.0975799560547,144.0,23753.564453125,-0.0,2585.20263671875,1.0,283.1500549316406,285.1930847167969,291.54315185546875,293.1079406738281,293.1499938964844,293.1499938964844,283.1499938964844,20973.15625,25560.0,313.1499938964844,0.0,18000.0,1.0,0.0,0.0,0.0,1.0,0.7015484571456909,1.0,0.0,0.0,2.7873902320861816,2.7874042987823486,5.184285782888765e-07,4.265924453735352,4.265914440155029,9.78592834144365e-06,0.0,0.0,-0.0,4623.04296875,0.0,682.6919555664062,1895.4371337890625,0.0,1622.99462890625,0.6958187818527222,1.0,0.0,3.0,1.0,0.0
11969400,296.6493835449219,297.1499938964844,293.1499938964844,0.0,-0.0,286.0364685058594,0.7289625406265259,0.2803250849246979,0.258060097694397,296.8155212402344,297.1499938964844,293.1499938964844,0.0,-0.0,286.0355224609375,0.8756353259086609,0.4988120496273041,0.4768681824207306,296.7827453613281,297.1499938964844,293.1499938964844,0.0,-0.0,286.03619384765625,0.7620552778244019,0.3240375518798828,0.2308888733386993,296.7422790527344,297.1499938964844,293.1499938964844,0.0,-0.0,286.0360412597656,0.7815072536468506,0.3495803773403168,0.3369080722332001,296.6643981933594,297.1499938964844,293.1499938964844,0.0,-0.0,286.03662109375,0.7159882187843323,0.2640432715415954,1.2172846794128418,286.0356750488281,287.5990600585937,292.013671875,288.6047668457031,292.0133972167969,296.752685546875,286.0323791503906,1.0,0.5969098210334778,1.0,1.0,0.0,1.0,-3.02589750289917,3.0258901119232178,7.363456006714841e-06,2.337984561920166,0.8972889184951782,0.8972889184951782,0.0,194.0975799560547,144.0,23753.564453125,-0.0,2585.20263671875,1.0,283.1500549316406,285.1930847167969,291.54315185546875,293.1079406738281,293.1499938964844,293.1499938964844,283.1499938964844,20973.15625,25560.0,313.1499938964844,0.0,18000.0,1.0,0.0,0.0,0.0,1.0,0.7015484571456909,1.0,0.0,0.0,2.7873902320861816,2.7874042987823486,5.184285782888765e-07,4.265924453735352,4.265914440155029,9.78592834144365e-06,0.0,0.0,-0.0,4623.04296875,0.0,682.6919555664062,1895.4371337890625,0.0,1622.99462890625,0.6958187818527222,1.0,0.0,3.0,1.0,0.0
11969460,296.6550598144531,297.1499938964844,293.1499938964844,0.0,-0.0,285.96697998046875,0.7351105809211731,0.2745493948459625,0.2521784603595733,296.8097839355469,297.1499938964844,293.1499938964844,0.0,-0.0,285.96630859375,0.8874005079269409,0.4939849972724914,0.471598356962204,296.7841186523437,297.1499938964844,293.1499938964844,0.0,-0.0,285.9667663574219,0.7707812190055847,0.3195123076438904,0.2271858900785446,296.73760986328125,297.1499938964844,293.1499938964844,0.0,-0.0,285.9666748046875,0.7901504039764404,0.3439331650733948,0.3308438658714294,296.6609191894531,297.1499938964844,293.1499938964844,0.0,-0.0,285.9670715332031,0.7212256193161011,0.257527619600296,1.1843910217285156,285.9664306640625,287.5830383300781,292.0265808105469,288.6137390136719,292.0263977050781,296.7501220703125,285.9640808105469,1.0,0.5799940228462219,1.0,1.0,0.0,1.0,-2.9611949920654297,2.961188077926636,7.050979093037313e-06,2.287583589553833,0.8753357529640198,0.8753357529640198,0.0,178.7361297607422,132.0,23748.912109375,-0.0,2386.47509765625,1.0,283.1499938964844,285.1297607421875,291.61248779296875,293.1927185058594,293.1499938964844,293.1499938964844,283.1499938964844,23538.966796875,24480.0,313.1499938964844,0.0,18000.0,1.0,0.0,0.0,0.0,1.0,0.7022269368171692,1.0,0.0,0.0,2.872464418411255,2.8724794387817383,5.505574449671258e-07,4.265924453735352,4.265914440155029,9.78592834144365e-06,0.0,0.0,-0.0,4639.17138671875,0.0,754.58349609375,1895.4371337890625,0.0,1628.3717041015625,0.7121647596359253,1.0,0.0,3.0,1.0,0.0
11969520,296.6550598144531,297.1499938964844,293.1499938964844,0.0,-0.0,285.96697998046875,0.7351105809211731,0.2745493948459625,0.2521784603595733,296.8097839355469,297.1499938964844,293.1499938964844,0.0,-0.0,285.96630859375,0.8874005079269409,0.4939849972724914,0.471598356962204,296.7841186523437,297.1499938964844,293.1499938964844,0.0,-0.0,285.9667663574219,0.7707812190055847,0.3195123076438904,0.2271858900785446,296.73760986328125,297.1499938964844,293.1499938964844,0.0,-0.0,285.9666748046875,0.7901504039764404,0.3439331650733948,0.3308438658714294,296.6609191894531,297.1499938964844,293.1499938964844,0.0,-0.0,285.9670715332031,0.7212256193161011,0.257527619600296,1.1843910217285156,285.9664306640625,287.5830383300781,292.0265808105469,288.6137390136719,292.0263977050781,296.7501220703125,285.9640808105469,1.0,0.5799940228462219,1.0,1.0,0.0,1.0,-2.9611949920654297,2.961188077926636,7.050979093037313e-06,2.287583589553833,0.8753357529640198,0.8753357529640198,0.0,178.7361297607422,132.0,23748.912109375,-0.0,2386.47509765625,1.0,283.1499938964844,285.1297607421875,291.61248779296875,293.1927185058594,293.1499938964844,293.1499938964844,283.1499938964844,23538.966796875,24480.0,313.1499938964844,0.0,18000.0,1.0,0.0,0.0,0.0,1.0,0.7022269368171692,1.0,0.0,0.0,2.872464418411255,2.8724794387817383,5.505574449671258e-07,4.265924453735352,4.265914440155029,9.78592834144365e-06,0.0,0.0,-0.0,4639.17138671875,0.0,754.58349609375,1895.4371337890625,0.0,1628.3717041015625,0.7121647596359253,1.0,0.0,3.0,1.0,0.0
11969580,296.6683044433594,297.1499938964844,293.1499938964844,0.0,-0.0,285.94171142578125,0.7430329322814941,0.2696164846420288,0.2471233159303665,296.81317138671875,297.1499938964844,293.1499938964844,0.0,-0.0,285.94146728515625,0.9013062715530396,0.4900114834308624,0.4671966135501861,296.7939147949219,297.1499938964844,293.1499938964844,0.0,-0.0,285.9416198730469,0.7816254496574402,0.3158654272556305,0.2241451293230056,296.74188232421875,297.1499938964844,293.1499938964844,0.0,-0.0,285.94158935546875,0.8007566332817078,0.3391348719596863,0.3256547152996063,296.6674499511719,297.1499938964844,293.1499938964844,0.0,-0.0,285.9417419433594,0.7281190752983093,0.2519852221012115,1.1562761068344116,285.9414978027344,287.5704345703125,292.0367431640625,288.61749267578125,292.0365905761719,296.75634765625,285.94061279296875,1.0,0.564372718334198,1.0,1.0,0.0,1.0,-2.906130075454712,2.906123399734497,6.790428415115457e-06,2.2447104454040527,0.8535195589065552,0.8535195589065552,0.0,164.07852172851562,120.0,23456.640625,-0.0,2215.560791015625,1.0,283.1499938964844,285.11480712890625,291.6264343261719,293.2039794921875,293.1499938964844,293.1499938964844,283.1499938964844,24725.279296875,23400.0,313.1499938964844,0.0,18000.0,1.0,0.0,0.0,0.0,1.0,0.7046375870704651,1.0,0.0,0.0,2.85449481010437,2.854509830474853,5.436906462819024e-07,4.265924453735352,4.265914440155029,9.78592834144365e-06,0.0,0.0,-0.0,4626.04052734375,0.0,749.1698608398438,1895.4371337890625,0.0,1647.542724609375,0.7089794278144836,1.0,0.0,3.0,1.0,0.0
11969640,296.6683044433594,297.1499938964844,293.1499938964844,0.0,-0.0,285.94171142578125,0.7430329322814941,0.2696164846420288,0.2471233159303665,296.81317138671875,297.1499938964844,293.1499938964844,0.0,-0.0,285.94146728515625,0.9013062715530396,0.4900114834308624,0.4671966135501861,296.7939147949219,297.1499938964844,293.1499938964844,0.0,-0.0,285.9416198730469,0.7816254496574402,0.3158654272556305,0.2241451293230056,296.74188232421875,297.1499938964844,293.1499938964844,0.0,-0.0,285.94158935546875,0.8007566332817078,0.3391348719596863,0.3256547152996063,296.6674499511719,297.1499938964844,293.1499938964844,0.0,-0.0,285.9417419433594,0.7281190752983093,0.2519852221012115,1.1562761068344116,285.9414978027344,287.5704345703125,292.0367431640625,288.61749267578125,292.0365905761719,296.75634765625,285.94061279296875,1.0,0.564372718334198,1.0,1.0,0.0,1.0,-2.906130075454712,2.906123399734497,6.790428415115457e-06,2.2447104454040527,0.8535195589065552,0.8535195589065552,0.0,164.07852172851562,120.0,23456.640625,-0.0,2215.560791015625,1.0,283.1499938964844,285.11480712890625,291.6264343261719,293.2039794921875,293.1499938964844,293.1499938964844,283.1499938964844,24725.279296875,23400.0,313.1499938964844,0.0,18000.0,1.0,0.0,0.0,0.0,1.0,0.7046375870704651,1.0,0.0,0.0,2.85449481010437,2.854509830474853,5.436906462819024e-07,4.265924453735352,4.265914440155029,9.78592834144365e-06,0.0,0.0,-0.0,4626.04052734375,0.0,749.1698608398438,1895.4371337890625,0.0,1647.542724609375,0.7089794278144836,1.0,0.0,3.0,1.0,0.0
11969700,296.67681884765625,297.1499938964844,293.1499938964844,0.0,-0.0,285.94244384765625,0.7477229833602905,0.267402321100235,0.2448397874832153,296.8173217773437,297.1499938964844,293.1499938964844,0.0,-0.0,285.9424743652344,0.9093276858329772,0.4882840812206268,0.4652576446533203,296.8010559082031,297.1499938964844,293.1499938964844,0.0,-0.0,285.9424743652344,0.787875235080719,0.3143101036548614,0.2228253334760666,296.746337890625,297.1499938964844,293.1499938964844,0.0,-0.0,285.9424743652344,0.8067941069602966,0.3369874656200409,0.3233173787593841,296.6732482910156,297.1499938964844,293.1499938964844,0.0,-0.0,285.94244384765625,0.7322060465812683,0.2494990229606628,1.1436070203781128,285.9424743652344,287.5654602050781,292.040771484375,288.6173400878906,292.0406494140625,296.76177978515625,285.9423828125,1.0,0.5569495558738708,1.0,1.0,0.0,1.0,-2.881427049636841,2.881420373916626,6.675147233181633e-06,2.22548246383667,0.8427568078041077,0.8427568078041077,0.0,156.99098205566406,120.0,23220.490234375,-0.0,2138.262451171875,1.0,283.1499938964844,285.12030029296875,291.6201477050781,293.1885986328125,293.1499938964844,293.1499938964844,283.1499938964844,24863.7421875,23400.0,313.1499938964844,0.0,18000.0,1.0,0.0,0.0,0.0,1.0,0.7046573758125305,1.0,0.0,0.0,2.8155574798583984,2.815572500228882,5.289591626933543e-07,4.265924453735352,4.265914440155029,9.78592834144365e-06,0.0,0.0,-0.0,4611.45263671875,0.0,723.5942993164062,1895.4371337890625,0.0,1647.7003173828125,0.7030117511749268,1.0,0.0,3.0,1.0,0.0
11969760,296.6862487792969,297.1499938964844,293.1499938964844,0.0,-0.0,285.9441223144531,0.7529797554016113,0.2653300762176513,0.2426977008581161,296.8226623535156,297.1499938964844,293.1499938964844,0.0,-0.0,285.9441833496094,0.9185779094696044,0.4867020845413208,0.4634713232517242,296.8092956542969,297.1499938964844,293.1499938964844,0.0,-0.0,285.94415283203125,0.7947251200675964,0.3129072785377502,0.2216225862503051,296.751953125,297.1499938964844,293.1499938964844,0.0,-0.0,285.94415283203125,0.8131570219993591,0.3349804878234863,0.3211269974708557,296.6802978515625,297.1499938964844,293.1499938964844,0.0,-0.0,285.944091796875,0.7367883920669556,0.2471713572740554,1.1317198276519775,285.9441833496094,287.56134033203125,292.0440673828125,288.6157531738281,292.0439758300781,296.76837158203125,285.9442443847656,1.0,0.5497423410415649,1.0,1.0,0.0,1.0,-2.8583357334136963,2.858329057693481,6.56828979117563e-06,2.207513332366944,0.8320333957672119,0.8320333957672119,0.0,150.04086303710938,108.0,23002.703125,-0.0,2065.515625,1.0,283.1499938964844,285.1256408691406,291.6098937988281,293.1676025390625,293.1499938964844,293.1499938964844,283.1499938964844,25111.935546875,22320.0,313.1499938964844,0.0,18000.0,1.0,0.0,0.0,0.0,1.0,0.7036389708518982,1.0,0.0,0.0,2.7811317443847656,2.78114652633667,5.161031140232808e-07,4.265924453735352,4.265914440155029,9.78592834144365e-06,0.0,0.0,-0.0,4597.6171875,0.0,702.2354125976562,1895.4371337890625,0.0,1639.588623046875,0.6926880478858948,1.0,0.0,3.0,1.0,0.0
11969820,296.7026672363281,297.1499938964844,293.1499938964844,0.0,-0.0,285.9610595703125,0.7627257108688354,0.2622726261615753,0.2395152896642685,296.83319091796875,297.1499938964844,293.1499938964844,0.0,-0.0,285.9613342285156,0.9354676008224488,0.4844359457492828,0.4608759880065918,296.8241882324219,297.1499938964844,293.1499938964844,0.0,-0.0,285.9611511230469,0.8069888353347778,0.3109427094459533,0.2199040353298187,296.7627258300781,297.1499938964844,293.1499938964844,0.0,-0.0,285.961181640625,0.8240907192230225,0.3320225477218628,0.3178766667842865,296.6935119628906,297.1499938964844,293.1499938964844,0.0,-0.0,285.9610290527344,0.7453168034553528,0.2437307238578796,1.1140607595443726,285.9613037109375,287.5566711425781,292.0478515625,288.6101989746094,292.0477905273437,296.7807312011719,285.9619445800781,1.0,0.5385827422142029,1.0,1.0,0.0,1.0,-2.824190139770508,2.824183702468872,6.411872618627967e-06,2.180948495864868,0.8151931166648865,0.8151931166648865,0.0,139.1774444580078,108.0,22557.3046875,-0.0,1957.092529296875,1.0,283.1499938964844,285.1496887207031,291.58868408203125,293.1217956542969,293.1499938964844,293.1499938964844,283.1499938964844,24945.70703125,22320.0,313.1499938964844,0.0,18000.0,1.0,0.0,0.0,0.0,1.0,0.6998685002326965,1.0,0.0,0.0,2.692866325378418,2.692880392074585,4.838635732085095e-07,4.265924453735352,4.265914440155029,9.78592834144365e-06,0.0,0.0,-0.0,4569.17529296875,0.0,645.21533203125,1895.4371337890625,0.0,1609.715576171875,0.6755601167678833,1.0,0.0,3.0,1.0,0.0
11969880,296.7069396972656,297.1499938964844,293.1499938964844,0.0,-0.0,285.9647827148437,0.7654569745063782,0.2615509033203125,0.2387629598379135,296.8360900878906,297.1499938964844,293.1499938964844,0.0,-0.0,285.9650573730469,0.940013825893402,0.4839124679565429,0.4602735340595245,296.828125,297.1499938964844,293.1499938964844,0.0,-0.0,285.9648742675781,0.8102498650550842,0.3104985058307647,0.2195108979940414,296.7656555175781,297.1499938964844,293.1499938964844,0.0,-0.0,285.96490478515625,0.8270390629768372,0.3313248753547668,0.317108541727066,296.69708251953125,297.1499938964844,293.1499938964844,0.0,-0.0,285.9647521972656,0.7477206587791443,0.2429180890321731,1.1098819971084597,285.9649963378906,287.55584716796875,292.04852294921875,288.6081848144531,292.0484619140625,296.7840881347656,285.9656982421875,1.0,0.5358552932739258,1.0,1.0,0.0,1.0,-2.8161427974700928,2.816136360168457,6.3752872847544495e-06,2.174689769744873,0.811005175113678,0.811005175113678,0.0,136.50425720214844,96.0,22462.541015625,-0.0,1931.3486328125,1.0,283.1499938964844,285.1554870605469,291.58349609375,293.11041259765625,293.1499938964844,293.1499938964844,283.1499938964844,24948.634765625,21240.0,313.1499938964844,0.0,18000.0,1.0,0.0,0.0,0.0,1.0,0.6986204981803894,1.0,0.0,0.0,2.6728672981262207,2.672881364822388,4.7670332037341723e-07,4.265924453735352,4.265914440155029,9.78592834144365e-06,0.0,0.0,-0.0,4562.7119140625,0.0,632.985107421875,1895.4371337890625,0.0,1599.883544921875,0.6681736707687378,1.0,0.0,3.0,1.0,0.0
11969940,296.7290954589844,297.1499938964844,293.1499938964844,0.0,-0.0,285.9967956542969,0.7811999917030334,0.258181482553482,0.2352218180894851,296.8519287109375,297.1499938964844,293.1499938964844,0.0,-0.0,285.9972229003906,0.963955283164978,0.4815376996994018,0.4574947655200958,296.8490600585937,297.1499938964844,293.1499938964844,0.0,-0.0,285.9969482421875,0.8276229500770569,0.3085407316684723,0.2177340537309646,296.78155517578125,297.1499938964844,293.1499938964844,0.0,-0.0,285.9970092773437,0.8437113761901855,0.328066736459732,0.3134932219982147,296.71612548828125,297.1499938964844,293.1499938964844,0.0,-0.0,285.9967346191406,0.7617578506469727,0.2391111403703689,1.0901912450790403,285.99713134765625,287.5539855957031,292.04998779296875,288.5945129394531,292.0500183105469,296.80206298828125,285.998291015625,1.0,0.5225235819816589,1.0,1.0,0.0,1.0,-2.7783970832824707,2.778390884399414,6.205096724443138e-06,2.145340204238892,0.790485680103302,0.790485680103302,0.0,123.35735321044922,84.0,21857.853515625,-0.0,1809.53662109375,1.0,283.1499938964844,285.2000732421875,291.5566101074219,293.048095703125,293.1499938964844,293.1499938964844,283.1499938964844,24417.21875,20160.0,313.1499938964844,0.0,18000.0,1.0,0.0,0.0,0.0,1.0,0.6908987760543823,1.0,0.0,0.0,2.543520212173462,2.5435330867767334,4.3168179786334804e-07,4.265924453735352,4.265914440155029,9.78592834144365e-06,0.0,0.0,-0.0,4525.58154296875,0.0,554.979248046875,1895.4371337890625,0.0,1539.6812744140625,0.6387012004852295,1.0,0.0,3.0,1.0,0.0
11970000,296.7290954589844,297.1499938964844,293.1499938964844,0.0,-0.0,285.9967956542969,0.7811999917030334,0.258181482553482,0.2352218180894851,296.8519287109375,297.1499938964844,293.1499938964844,0.0,-0.0,285.9972229003906,0.963955283164978,0.4815376996994018,0.4574947655200958,296.8490600585937,297.1499938964844,293.1499938964844,0.0,-0.0,285.9969482421875,0.8276229500770569,0.3085407316684723,0.2177340537309646,296.78155517578125,297.1499938964844,293.1499938964844,0.0,-0.0,285.9970092773437,0.8437113761901855,0.328066736459732,0.3134932219982147,296.71612548828125,297.1499938964844,293.1499938964844,0.0,-0.0,285.9967346191406,0.7617578506469727,0.2391111403703689,1.0901912450790403,285.99713134765625,287.5539855957031,292.04998779296875,288.5945129394531,292.0500183105469,296.80206298828125,285.998291015625,1.0,0.5225235819816589,1.0,1.0,0.0,1.0,-2.7783970832824707,2.778390884399414,6.205096724443138e-06,2.145340204238892,0.790485680103302,0.790485680103302,0.0,123.35735321044922,84.0,21857.853515625,-0.0,1809.53662109375,1.0,283.1499938964844,285.2000732421875,291.5566101074219,293.048095703125,293.1499938964844,293.1499938964844,283.1499938964844,24417.21875,20160.0,313.1499938964844,0.0,18000.0,1.0,0.0,0.0,0.0,1.0,0.6908987760543823,1.0,0.0,0.0,2.543520212173462,2.5435330867767334,4.3168179786334804e-07,4.265924453735352,4.265914440155029,9.78592834144365e-06,0.0,0.0,-0.0,4525.58154296875,0.0,554.979248046875,1895.4371337890625,0.0,1539.6812744140625,0.6387012004852295,1.0,0.0,3.0,1.0,0.0
11970060,296.7936096191406,297.1499938964844,293.1499938964844,0.0,-0.0,286.0515441894531,0.8155286312103271,0.2594234347343445,0.2348427921533584,296.9114685058594,297.1499938964844,293.1499938964844,0.0,-0.0,286.05242919921875,0.9990000128746032,0.4838280379772186,0.4567029476165771,296.9140930175781,297.1499938964844,293.1499938964844,0.0,-0.0,286.0518493652344,0.8632688522338867,0.3113477528095245,0.2184847593307495,296.84246826171875,297.1499938964844,293.1499938964844,0.0,-0.0,286.05194091796875,0.8801055550575256,0.3296010196208954,0.3132950663566589,296.7823181152344,297.1499938964844,293.1499938964844,0.0,-0.0,286.0514221191406,0.7950572967529297,0.2403466999530792,1.087532877922058,286.05224609375,287.5564270019531,292.04803466796875,288.5754089355469,292.0481262207031,296.862060546875,286.05474853515625,1.0,0.5113553404808044,1.0,1.0,0.0,1.0,-2.7748072147369385,2.774801015853882,6.188336101331515e-06,2.1422266960144043,0.7707651257514954,0.7707651257514954,0.0,106.81062316894533,72.0,21336.943359375,-0.0,1725.5263671875,1.0,283.1499938964844,285.2660217285156,291.5307922363281,292.987548828125,293.1499938964844,293.1499938964844,283.1499938964844,23627.44921875,19080.0,313.1499938964844,0.0,18000.0,1.0,0.0,0.0,0.0,1.0,0.6818008422851562,1.0,0.0,0.0,2.4027099609375,2.402721643447876,3.85208636544121e-07,4.265924453735352,4.265914440155029,9.78592834144365e-06,0.0,0.0,-0.0,4492.3046875,0.0,476.87298583984375,1895.4371337890625,0.0,1470.1956787109375,0.606513261795044,1.0,0.0,3.0,1.0,0.0
11970120,296.7936096191406,297.1499938964844,293.1499938964844,0.0,-0.0,286.0515441894531,0.8155286312103271,0.2594234347343445,0.2348427921533584,296.9114685058594,297.1499938964844,293.1499938964844,0.0,-0.0,286.05242919921875,0.9990000128746032,0.4838280379772186,0.4567029476165771,296.9140930175781,297.1499938964844,293.1499938964844,0.0,-0.0,286.0518493652344,0.8632688522338867,0.3113477528095245,0.2184847593307495,296.84246826171875,297.1499938964844,293.1499938964844,0.0,-0.0,286.05194091796875,0.8801055550575256,0.3296010196208954,0.3132950663566589,296.7823181152344,297.1499938964844,293.1499938964844,0.0,-0.0,286.0514221191406,0.7950572967529297,0.2403466999530792,1.087532877922058,286.05224609375,287.5564270019531,292.04803466796875,288.5754089355469,292.0481262207031,296.862060546875,286.05474853515625,1.0,0.5113553404808044,1.0,1.0,0.0,1.0,-2.7748072147369385,2.774801015853882,6.188336101331515e-06,2.1422266960144043,0.7707651257514954,0.7707651257514954,0.0,106.81062316894533,72.0,21336.943359375,-0.0,1725.5263671875,1.0,283.1499938964844,285.2660217285156,291.5307922363281,292.987548828125,293.1499938964844,293.1499938964844,283.1499938964844,23627.44921875,19080.0,313.1499938964844,0.0,18000.0,1.0,0.0,0.0,0.0,1.0,0.6818008422851562,1.0,0.0,0.0,2.4027099609375,2.402721643447876,3.85208636544121e-07,4.265924453735352,4.265914440155029,9.78592834144365e-06,0.0,0.0,-0.0,4492.3046875,0.0,476.87298583984375,1895.4371337890625,0.0,1470.1956787109375,0.606513261795044,1.0,0.0,3.0,1.0,0.0
11970180,296.8324279785156,297.1499938964844,293.1499938964844,0.0,-0.0,286.0986022949219,0.835405170917511,0.2588591873645782,0.2343656867742538,296.9804992675781,297.1499938964844,293.1499938964844,0.0,-0.0,286.0990295410156,0.9990000128746032,0.4877619743347168,0.4224076271057129,296.9557189941406,297.1499938964844,293.1499938964844,0.0,-0.0,286.0987854003906,0.8878352046012878,0.3125958144664764,0.2193403095006942,296.8804626464844,297.1499938964844,293.1499938964844,0.0,-0.0,286.09881591796875,0.904285728931427,0.3295721411705017,0.313263475894928,296.8266906738281,297.1499938964844,293.1499938964844,0.0,-0.0,286.0985107421875,0.8162205219268799,0.2402023077011108,1.0867403745651243,286.0989685058594,287.5634765625,292.0423583984375,288.5519104003906,292.0425109863281,296.9141540527344,286.1003112792969,1.0,0.4991110563278198,1.0,1.0,0.0,1.0,-2.7328760623931885,2.732870101928711,6.0032452893210575e-06,2.1101016998291016,0.7515491843223572,0.7515491843223572,0.0,97.1144027709961,60.0,20604.73828125,-0.0,1618.208984375,1.0,283.1499938964844,285.3268737792969,291.50457763671875,292.923583984375,293.1499938964844,293.1499938964844,283.1499938964844,22678.072265625,18000.0,313.1499938964844,0.0,18000.0,1.0,0.0,0.0,0.0,1.0,0.6723883152008057,1.0,0.0,0.0,2.2568461894989014,2.256856918334961,3.3985784853030054e-07,4.265924453735352,4.265914440155029,9.78592834144365e-06,0.0,0.0,-0.0,4451.03369140625,0.0,403.6654052734375,1895.4371337890625,0.0,1400.034912109375,0.5731192827224731,1.0,0.0,3.0,1.0,0.0
11970240,296.8324279785156,297.1499938964844,293.1499938964844,0.0,-0.0,286.0986022949219,0.835405170917511,0.2588591873645782,0.2343656867742538,296.9804992675781,297.1499938964844,293.1499938964844,0.0,-0.0,286.0990295410156,0.9990000128746032,0.4877619743347168,0.4224076271057129,296.9557189941406,297.1499938964844,293.1499938964844,0.0,-0.0,286.0987854003906,0.8878352046012878,0.3125958144664764,0.2193403095006942,296.8804626464844,297.1499938964844,293.1499938964844,0.0,-0.0,286.09881591796875,0.904285728931427,0.3295721411705017,0.313263475894928,296.8266906738281,297.1499938964844,293.1499938964844,0.0,-0.0,286.0985107421875,0.8162205219268799,0.2402023077011108,1.0867403745651243,286.0989685058594,287.5634765625,292.0423583984375,288.5519104003906,292.0425109863281,296.9141540527344,286.1003112792969,1.0,0.4991110563278198,1.0,1.0,0.0,1.0,-2.7328760623931885,2.732870101928711,6.0032452893210575e-06,2.1101016998291016,0.7515491843223572,0.7515491843223572,0.0,97.1144027709961,60.0,20604.73828125,-0.0,1618.208984375,1.0,283.1499938964844,285.3268737792969,291.50457763671875,292.923583984375,293.1499938964844,293.1499938964844,283.1499938964844,22678.072265625,18000.0,313.1499938964844,0.0,18000.0,1.0,0.0,0.0,0.0,1.0,0.6723883152008057,1.0,0.0,0.0,2.2568461894989014,2.256856918334961,3.3985784853030054e-07,4.265924453735352,4.265914440155029,9.78592834144365e-06,0.0,0.0,-0.0,4451.03369140625,0.0,403.6654052734375,1895.4371337890625,0.0,1400.034912109375,0.5731192827224731,1.0,0.0,3.0,1.0,0.0
11970300,296.84698486328125,297.1499938964844,293.1499938964844,0.0,-0.0,286.1225280761719,0.845971405506134,0.2582794725894928,0.2337695360183715,297.0256652832031,297.1499938964844,293.1499938964844,0.0,-0.0,286.123046875,0.9990000128746032,0.4911199510097503,0.404880940914154,296.9719543457031,297.1499938964844,293.1499938964844,0.0,-0.0,286.12274169921875,0.9011114239692688,0.3129589259624481,0.2195272445678711,296.8946838378906,297.1499938964844,293.1499938964844,0.0,-0.0,286.122802734375,0.918205499649048,0.3292627036571502,0.3128959834575653,296.843994140625,297.1499938964844,293.1499938964844,0.0,-0.0,286.1224060058594,0.8266580104827881,0.2398554682731628,1.084803342819214,286.1230163574219,287.5686340332031,292.0382080078125,288.53863525390625,292.03839111328125,296.9439392089844,286.12469482421875,1.0,0.4925302565097809,1.0,1.0,0.0,1.0,-2.708397150039673,2.708391189575196,5.8961268223356456e-06,2.091174602508545,0.7421011328697205,0.7421011328697205,0.0,92.3548355102539,60.0,20179.005859375,-0.0,1561.1539306640625,1.0,283.1499938964844,285.3603515625,291.4875183105469,292.88360595703125,293.1499938964844,293.1499938964844,283.1499938964844,22015.751953125,18000.0,313.1499938964844,0.0,18000.0,1.0,0.0,0.0,0.0,1.0,0.6671067476272583,1.0,0.0,0.0,2.1756863594055176,2.175696611404419,3.158536969749548e-07,4.265924453735352,4.265914440155029,9.78592834144365e-06,0.0,0.0,-0.0,4425.94775390625,0.0,365.8529968261719,1895.4371337890625,0.0,1361.4691162109375,0.5571630001068115,1.0,0.0,3.0,1.0,0.0
11970360,296.8598022460937,297.1499938964844,293.1499938964844,0.0,-0.0,286.14068603515625,0.8578219413757324,0.257617712020874,0.2330718785524368,297.074951171875,297.1499938964844,293.1499938964844,0.0,-0.0,286.1410827636719,0.9990000128746032,0.4951717555522918,0.386681854724884,296.9863586425781,297.1499938964844,293.1499938964844,0.0,-0.0,286.140869140625,0.9164909720420836,0.3132472336292267,0.219643622636795,296.906982421875,297.1499938964844,293.1499938964844,0.0,-0.0,286.1408996582031,0.9341932535171508,0.3288524448871612,0.3124084174633026,296.8592529296875,297.1499938964844,293.1499938964844,0.0,-0.0,286.1405944824219,0.837994396686554,0.2394169867038726,1.082334280014038,286.1410522460937,287.5748291015625,292.033203125,288.5243835449219,292.033447265625,296.9756164550781,286.142333984375,1.0,0.4856556951999664,1.0,1.0,0.0,1.0,-2.6822781562805176,2.682272434234619,5.7828206081467215e-06,2.070943832397461,0.732664167881012,0.732664167881012,0.0,87.56846618652344,63.0,19792.4140625,-0.0,1502.5697021484375,1.0,283.1499938964844,285.3871459960937,291.46923828125,292.8432922363281,293.1499938964844,293.1499938964844,283.1499938964844,21635.1328125,18000.0,313.1499938964844,0.0,18000.0,1.0,0.0,0.0,0.0,1.0,0.6613838076591492,1.0,0.0,0.0,2.109160900115967,2.10917067527771,2.96833462698487e-07,4.265924453735352,4.265914440155029,9.78592834144365e-06,0.0,0.0,-0.0,4403.38623046875,0.0,337.3952331542969,1895.4371337890625,0.0,1320.3548583984375,0.5423206090927124,1.0,0.0,3.0,1.0,0.0
11970420,296.8821716308594,297.1499938964844,293.1499938964844,0.0,-0.0,286.1757507324219,0.8742389678955078,0.2562138438224792,0.2316592037677765,297.171142578125,297.1499938964844,293.1499938964844,0.0,-0.0,286.1761474609375,0.9990000128746032,0.5039849877357483,0.3630808889865875,297.0118103027344,297.1499938964844,293.1499938964844,0.0,-0.0,286.17596435546875,0.939510703086853,0.3137573897838592,0.2198742032051086,296.9278564453125,297.1499938964844,293.1499938964844,0.0,-0.0,286.176025390625,0.955336570739746,0.3278956115245819,0.3113622367382049,296.88592529296875,297.1499938964844,293.1499938964844,0.0,-0.0,286.1756896972656,0.8537122011184692,0.2384404093027115,1.0772172212600708,286.1761779785156,287.59014892578125,292.0208435058594,288.4931640625,292.0211486816406,297.0391540527344,286.1777648925781,1.0,0.4767734408378601,1.0,1.0,0.0,1.0,-2.6450679302215576,2.645062208175659,5.622626304102596e-06,2.041795253753662,0.7139409184455872,0.7139409184455872,0.0,81.50667572021484,81.0,19101.28125,-0.0,1424.363525390625,1.0,283.1499938964844,285.4390869140625,291.4328918457031,292.76416015625,293.1499938964844,293.1499938964844,283.1499938964844,21103.447265625,18000.0,313.1499938964844,0.0,18000.0,1.0,0.0,0.0,0.0,1.0,0.649236798286438,1.0,0.0,0.0,1.988842248916626,1.9888511896133425,2.639332308262965e-07,4.265924453735352,4.265914440155029,9.78592834144365e-06,0.0,0.0,-0.0,4361.69873046875,0.0,290.494140625,1895.4371337890625,0.0,1235.5029296875,0.5158898830413818,1.0,0.0,3.0,1.0,0.0
11970480,296.8821716308594,297.1499938964844,293.1499938964844,0.0,-0.0,286.1757507324219,0.8742389678955078,0.2562138438224792,0.2316592037677765,297.171142578125,297.1499938964844,293.1499938964844,0.0,-0.0,286.1761474609375,0.9990000128746032,0.5039849877357483,0.3630808889865875,297.0118103027344,297.1499938964844,293.1499938964844,0.0,-0.0,286.17596435546875,0.939510703086853,0.3137573897838592,0.2198742032051086,296.9278564453125,297.1499938964844,293.1499938964844,0.0,-0.0,286.176025390625,0.955336570739746,0.3278956115245819,0.3113622367382049,296.88592529296875,297.1499938964844,293.1499938964844,0.0,-0.0,286.1756896972656,0.8537122011184692,0.2384404093027115,1.0772172212600708,286.1761779785156,287.59014892578125,292.0208435058594,288.4931640625,292.0211486816406,297.0391540527344,286.1777648925781,1.0,0.4767734408378601,1.0,1.0,0.0,1.0,-2.6450679302215576,2.645062208175659,5.622626304102596e-06,2.041795253753662,0.7139409184455872,0.7139409184455872,0.0,81.50667572021484,81.0,19101.28125,-0.0,1424.363525390625,1.0,283.1499938964844,285.4390869140625,291.4328918457031,292.76416015625,293.1499938964844,293.1499938964844,283.1499938964844,21103.447265625,18000.0,313.1499938964844,0.0,18000.0,1.0,0.0,0.0,0.0,1.0,0.649236798286438,1.0,0.0,0.0,1.988842248916626,1.9888511896133425,2.639332308262965e-07,4.265924453735352,4.265914440155029,9.78592834144365e-06,0.0,0.0,-0.0,4361.69873046875,0.0,290.494140625,1895.4371337890625,0.0,1235.5029296875,0.5158898830413818,1.0,0.0,3.0,1.0,0.0
11970540,296.90240478515625,297.1499938964844,293.1499938964844,0.0,-0.0,286.221923828125,0.8715076446533203,0.2548739016056061,0.2304436117410659,297.2370300292969,297.1499938964844,293.1499938964844,0.0,-0.0,286.2225036621094,0.9990000128746032,0.5109774470329285,0.3645429909229278,297.0348815917969,297.1499938964844,293.1499938964844,0.0,-0.0,286.22222900390625,0.938709557056427,0.3143454194068908,0.220269039273262,296.94610595703125,297.1499938964844,293.1499938964844,0.0,-0.0,286.2222900390625,0.9529479742050172,0.3269329071044922,0.3104562759399414,296.9093322753906,297.1499938964844,293.1499938964844,0.0,-0.0,286.2217712402344,0.8514896035194397,0.2374702095985412,1.0728896856307983,286.2225036621094,287.6091003417969,292.00555419921875,288.4585266113281,292.00592041015625,297.0885314941406,286.2250671386719,1.0,0.4767330586910248,1.0,1.0,0.0,1.0,-2.6395132541656494,2.63950777053833,5.59804584554513e-06,2.037024974822998,0.695618748664856,0.695618748664856,0.0,81.57495880126953,99.0,18546.970703125,-0.0,1417.2596435546875,1.0,283.1499938964844,285.4988708496094,291.39990234375,292.6943054199219,293.1499938964844,293.1499938964844,283.1499938964844,20756.44921875,18000.0,313.1499938964844,0.0,18000.0,1.0,0.0,0.0,0.0,1.0,0.6373866200447083,1.0,0.0,0.0,1.880409240722656,1.8804175853729248,2.3593813125444285e-07,4.265924453735352,4.265914440155029,9.78592834144365e-06,0.0,0.0,-0.0,4327.109375,0.0,252.8143768310547,1895.4371337890625,0.0,1156.0379638671875,0.4925245344638824,1.0,0.0,3.0,1.0,0.0
11970600,296.90240478515625,297.1499938964844,293.1499938964844,0.0,-0.0,286.221923828125,0.8715076446533203,0.2548739016056061,0.2304436117410659,297.2370300292969,297.1499938964844,293.1499938964844,0.0,-0.0,286.2225036621094,0.9990000128746032,0.5109774470329285,0.3645429909229278,297.0348815917969,297.1499938964844,293.1499938964844,0.0,-0.0,286.22222900390625,0.938709557056427,0.3143454194068908,0.220269039273262,296.94610595703125,297.1499938964844,293.1499938964844,0.0,-0.0,286.2222900390625,0.9529479742050172,0.3269329071044922,0.3104562759399414,296.9093322753906,297.1499938964844,293.1499938964844,0.0,-0.0,286.2217712402344,0.8514896035194397,0.2374702095985412,1.0728896856307983,286.2225036621094,287.6091003417969,292.00555419921875,288.4585266113281,292.00592041015625,297.0885314941406,286.2250671386719,1.0,0.4767330586910248,1.0,1.0,0.0,1.0,-2.6395132541656494,2.63950777053833,5.59804584554513e-06,2.037024974822998,0.695618748664856,0.695618748664856,0.0,81.57495880126953,99.0,18546.970703125,-0.0,1417.2596435546875,1.0,283.1499938964844,285.4988708496094,291.39990234375,292.6943054199219,293.1499938964844,293.1499938964844,283.1499938964844,20756.44921875,18000.0,313.1499938964844,0.0,18000.0,1.0,0.0,0.0,0.0,1.0,0.6373866200447083,1.0,0.0,0.0,1.880409240722656,1.8804175853729248,2.3593813125444285e-07,4.265924453735352,4.265914440155029,9.78592834144365e-06,0.0,0.0,-0.0,4327.109375,0.0,252.8143768310547,1895.4371337890625,0.0,1156.0379638671875,0.4925245344638824,1.0,0.0,3.0,1.0,0.0
11970660,296.92156982421875,297.1499938964844,293.1499938964844,0.0,-0.0,286.2808837890625,0.854629635810852,0.2536791265010834,0.2294932752847671,297.2548217773437,297.1499938964844,293.1499938964844,0.0,-0.0,286.2816467285156,0.9990000128746032,0.5139302611351013,0.3851140141487121,297.0565795898437,297.1499938964844,293.1499938964844,0.0,-0.0,286.2812805175781,0.919902205467224,0.3150887787342071,0.2208757400512695,296.96295166015625,297.1499938964844,293.1499938964844,0.0,-0.0,286.2813415527344,0.9325929880142212,0.326059341430664,0.3097699582576751,296.929931640625,297.1499938964844,293.1499938964844,0.0,-0.0,286.2807312011719,0.8359009027481079,0.2365139275789261,1.069373369216919,286.2816162109375,287.6313781738281,291.98760986328125,288.4208679199219,291.9880065917969,297.1104431152344,286.28466796875,1.0,0.4830696880817413,1.0,1.0,0.0,1.0,-2.65874981880188,2.658744096755981,5.679562491422985e-06,2.051688432693481,0.6778618693351746,0.6778618693351746,0.0,86.36326599121094,117.0,18086.056640625,-0.0,1464.8251953125,1.0,283.1499938964844,285.5678100585937,291.3699951171875,292.6347045898437,293.1499938964844,293.1499938964844,283.1499938964844,20503.806640625,18000.0,313.1499938964844,0.0,18000.0,1.0,0.0,0.0,0.0,1.0,0.6271506547927856,1.0,0.0,0.0,1.7804951667785645,1.7805030345916748,2.1153147145014373e-07,4.265924453735352,4.265914440155029,9.78592834144365e-06,0.0,0.0,-0.0,4298.15380859375,0.0,221.5330047607422,1895.4371337890625,0.0,1090.17041015625,0.471358060836792,1.0,0.0,3.0,1.0,0.0
11970720,296.92156982421875,297.1499938964844,293.1499938964844,0.0,-0.0,286.2808837890625,0.854629635810852,0.2536791265010834,0.2294932752847671,297.2548217773437,297.1499938964844,293.1499938964844,0.0,-0.0,286.2816467285156,0.9990000128746032,0.5139302611351013,0.3851140141487121,297.0565795898437,297.1499938964844,293.1499938964844,0.0,-0.0,286.2812805175781,0.919902205467224,0.3150887787342071,0.2208757400512695,296.96295166015625,297.1499938964844,293.1499938964844,0.0,-0.0,286.2813415527344,0.9325929880142212,0.326059341430664,0.3097699582576751,296.929931640625,297.1499938964844,293.1499938964844,0.0,-0.0,286.2807312011719,0.8359009027481079,0.2365139275789261,1.069373369216919,286.2816162109375,287.6313781738281,291.98760986328125,288.4208679199219,291.9880065917969,297.1104431152344,286.28466796875,1.0,0.4830696880817413,1.0,1.0,0.0,1.0,-2.65874981880188,2.658744096755981,5.679562491422985e-06,2.051688432693481,0.6778618693351746,0.6778618693351746,0.0,86.36326599121094,117.0,18086.056640625,-0.0,1464.8251953125,1.0,283.1499938964844,285.5678100585937,291.3699951171875,292.6347045898437,293.1499938964844,293.1499938964844,283.1499938964844,20503.806640625,18000.0,313.1499938964844,0.0,18000.0,1.0,0.0,0.0,0.0,1.0,0.6271506547927856,1.0,0.0,0.0,1.7804951667785645,1.7805030345916748,2.1153147145014373e-07,4.265924453735352,4.265914440155029,9.78592834144365e-06,0.0,0.0,-0.0,4298.15380859375,0.0,221.5330047607422,1895.4371337890625,0.0,1090.17041015625,0.471358060836792,1.0,0.0,3.0,1.0,0.0
11970780,296.9397277832031,297.1499938964844,293.1499938964844,0.0,-0.0,286.3486328125,0.8315765857696533,0.2526277899742126,0.2287853211164474,297.2301025390625,297.1499938964844,293.1499938964844,0.0,-0.0,286.349609375,0.9990000128746032,0.5127915143966675,0.418471097946167,297.07720947265625,297.1499938964844,293.1499938964844,0.0,-0.0,286.3490905761719,0.893945038318634,0.3159977793693542,0.2216843068599701,296.9788818359375,297.1499938964844,293.1499938964844,0.0,-0.0,286.3491516113281,0.9032352566719056,0.3253058791160583,0.3093093335628509,296.9478454589844,297.1499938964844,293.1499938964844,0.0,-0.0,286.34844970703125,0.8137346506118774,0.2355432957410812,1.066381812095642,286.3494873046875,287.6566162109375,291.9672546386719,288.3804931640625,291.9677124023437,297.1068115234375,286.3529052734375,1.0,0.4940335750579834,1.0,1.0,0.0,1.0,-2.694793939590454,2.694787979125977,5.834508101543179e-06,2.0794591903686523,0.6607113480567932,0.6607113480567932,0.0,94.8033676147461,135.0,17724.810546875,-0.0,1553.2598876953125,1.0,283.1499938964844,285.6483764648437,291.3390197753906,292.5799560546875,293.1499938964844,293.1499938964844,283.1499938964844,20300.056640625,18000.0,313.1499938964844,0.0,18000.0,1.0,0.0,0.0,0.0,1.0,0.6188482642173767,1.0,0.0,0.0,1.6873246431350708,1.687332034111023,1.8997248218965979e-07,4.265924453735352,4.265914440155029,9.78592834144365e-06,0.0,0.0,-0.0,4273.40185546875,0.0,195.06686401367188,1895.4371337890625,0.0,1038.7161865234375,0.4519314467906952,1.0,0.0,3.0,1.0,0.0
11970840,296.9397277832031,297.1499938964844,293.1499938964844,0.0,-0.0,286.3486328125,0.8315765857696533,0.2526277899742126,0.2287853211164474,297.2301025390625,297.1499938964844,293.1499938964844,0.0,-0.0,286.349609375,0.9990000128746032,0.5127915143966675,0.418471097946167,297.07720947265625,297.1499938964844,293.1499938964844,0.0,-0.0,286.3490905761719,0.893945038318634,0.3159977793693542,0.2216843068599701,296.9788818359375,297.1499938964844,293.1499938964844,0.0,-0.0,286.3491516113281,0.9032352566719056,0.3253058791160583,0.3093093335628509,296.9478454589844,297.1499938964844,293.1499938964844,0.0,-0.0,286.34844970703125,0.8137346506118774,0.2355432957410812,1.066381812095642,286.3494873046875,287.6566162109375,291.9672546386719,288.3804931640625,291.9677124023437,297.1068115234375,286.3529052734375,1.0,0.4940335750579834,1.0,1.0,0.0,1.0,-2.694793939590454,2.694787979125977,5.834508101543179e-06,2.0794591903686523,0.6607113480567932,0.6607113480567932,0.0,94.8033676147461,135.0,17724.810546875,-0.0,1553.2598876953125,1.0,283.1499938964844,285.6483764648437,291.3390197753906,292.5799560546875,293.1499938964844,293.1499938964844,283.1499938964844,20300.056640625,18000.0,313.1499938964844,0.0,18000.0,1.0,0.0,0.0,0.0,1.0,0.6188482642173767,1.0,0.0,0.0,1.6873246431350708,1.687332034111023,1.8997248218965979e-07,4.265924453735352,4.265914440155029,9.78592834144365e-06,0.0,0.0,-0.0,4273.40185546875,0.0,195.06686401367188,1895.4371337890625,0.0,1038.7161865234375,0.4519314467906952,1.0,0.0,3.0,1.0,0.0
11970900,296.9484558105469,297.1499938964844,293.1499938964844,0.0,-0.0,286.3847045898437,0.8193069696426392,0.2521539032459259,0.2285152673721313,297.2048645019531,297.1499938964844,293.1499938964844,0.0,-0.0,286.38580322265625,0.9990000128746032,0.510824978351593,0.4384126961231231,297.087158203125,297.1499938964844,293.1499938964844,0.0,-0.0,286.3851928710937,0.8804623484611511,0.3165142238140106,0.2221604734659195,296.9866027832031,297.1499938964844,293.1499938964844,0.0,-0.0,286.38525390625,0.8887641429901123,0.3249787390232086,0.3091635107994079,296.95587158203125,297.1499938964844,293.1499938964844,0.0,-0.0,286.3845520019531,0.8008143901824951,0.2350510209798813,1.0650371313095093,286.3855895996094,287.6702575683594,291.95623779296875,288.359375,291.95672607421875,297.0976257324219,286.3890991210937,1.0,0.5007951259613037,1.0,1.0,0.0,1.0,-2.717209815979004,2.7172038555145264,5.932015028520254e-06,2.096774339675904,0.6523732542991638,0.6523732542991638,0.0,100.17476654052734,135.0,17572.609375,-0.0,1609.9571533203125,1.0,283.1499938964844,285.6933288574219,291.3230895996094,292.5545959472656,293.1499938964844,293.1499938964844,283.1499938964844,20208.267578125,18000.0,313.1499938964844,0.0,18000.0,1.0,0.0,0.0,0.0,1.0,0.6154825091362,1.0,0.0,0.0,1.643017292022705,1.643024444580078,1.8012653413279622e-07,4.265924453735352,4.265914440155029,9.78592834144365e-06,0.0,0.0,-0.0,4262.447265625,0.0,183.33447265625,1895.4371337890625,0.0,1018.375244140625,0.4427991509437561,1.0,0.0,3.0,1.0,0.0
11970960,296.9569396972656,297.1499938964844,293.1499938964844,0.0,-0.0,286.4214782714844,0.8064826130867004,0.2517103254795074,0.2282953858375549,297.1727905273437,297.1499938964844,293.1499938964844,0.0,-0.0,286.4226379394531,0.9990000128746032,0.5080238580703735,0.4598448276519775,297.09686279296875,297.1499938964844,293.1499938964844,0.0,-0.0,286.4219970703125,0.8670780062675476,0.3170687258243561,0.2226807177066803,296.9941101074219,297.1499938964844,293.1499938964844,0.0,-0.0,286.4220275878906,0.8743422627449036,0.3246828913688659,0.3090705573558807,296.9633178710937,297.1499938964844,293.1499938964844,0.0,-0.0,286.4213256835937,0.7874886393547058,0.2345556169748306,1.0637820959091189,286.42242431640625,287.6845092773437,291.9447631835937,288.33770751953125,291.9452514648437,297.0848083496094,286.4259033203125,1.0,0.508198618888855,1.0,1.0,0.0,1.0,-2.7417032718658447,2.741697072982788,6.039521849743323e-06,2.115713119506836,0.6441866755485535,0.6441866755485535,0.0,106.20777893066406,138.0,17423.322265625,-0.0,1673.684326171875,1.0,283.1499938964844,285.73907470703125,291.3062438964844,292.529052734375,293.1499938964844,293.1499938964844,283.1499938964844,20121.208984375,18000.0,313.1499938964844,0.0,18000.0,1.0,0.0,0.0,0.0,1.0,0.612587034702301,1.0,0.0,0.0,1.600122094154358,1.600129008293152,1.7084396120026213e-07,4.265924453735352,4.265914440155029,9.78592834144365e-06,0.0,0.0,-0.0,4251.44873046875,0.0,172.4771270751953,1895.4371337890625,0.0,1001.120361328125,0.4340265393257141,1.0,0.0,3.0,1.0,0.0
11971020,296.970458984375,297.1499938964844,293.1499938964844,0.0,-0.0,286.47802734375,0.7848052978515625,0.2509207129478454,0.2279583066701889,297.1135559082031,297.1499938964844,293.1499938964844,0.0,-0.0,286.47869873046875,0.9900631308555604,0.5023043155670166,0.4776465892791748,297.112548828125,297.1499938964844,293.1499938964844,0.0,-0.0,286.4783020019531,0.8464409112930298,0.318056046962738,0.223648801445961,297.0061340332031,297.1499938964844,293.1499938964844,0.0,-0.0,286.47833251953125,0.8519394397735596,0.324157178401947,0.308962732553482,296.97467041015625,297.1499938964844,293.1499938964844,0.0,-0.0,286.4779357910156,0.7663722634315491,0.2336193472146988,1.0615193843841553,286.4785461425781,287.7109680175781,291.92340087890625,288.29833984375,291.9239196777344,297.06024169921875,286.4803466796875,1.0,0.5171862244606018,1.0,1.0,0.0,1.0,-2.761467695236206,2.7614614963531494,6.128205313871149e-06,2.131567478179932,0.6299756169319153,0.6299756169319153,0.0,116.50294494628906,138.0,17080.341796875,-0.0,1751.1497802734375,1.0,283.1499938964844,285.8124389648437,291.2725830078125,292.4796447753906,293.1499938964844,293.1499938964844,283.1499938964844,19982.484375,18000.0,313.1499938964844,0.0,18000.0,1.0,0.0,0.0,0.0,1.0,0.6081969738006592,1.0,0.0,0.0,1.5276654958724976,1.5276721715927124,1.5572199174584966e-07,4.265924453735352,4.265914440155029,9.78592834144365e-06,0.0,0.0,-0.0,4228.89599609375,0.0,155.23460388183594,1895.4371337890625,0.0,975.3958129882812,0.4193826019763946,1.0,0.0,3.0,1.0,0.0
11971080,296.9720764160156,297.1499938964844,293.1499938964844,0.0,-0.0,286.4830322265625,0.7811720967292786,0.2508024573326111,0.2279249131679535,297.1080322265625,297.1499938964844,293.1499938964844,0.0,-0.0,286.4837341308594,0.986099362373352,0.5017203688621521,0.4770363271236419,297.11444091796875,297.1499938964844,293.1499938964844,0.0,-0.0,286.4833374023437,0.8430029153823853,0.3181827962398529,0.2237922698259353,297.007568359375,297.1499938964844,293.1499938964844,0.0,-0.0,286.4833374023437,0.848260223865509,0.3240761756896972,0.3089620471000671,296.9760131835937,297.1499938964844,293.1499938964844,0.0,-0.0,286.4829406738281,0.762894868850708,0.2334803342819214,1.0612573623657229,286.48358154296875,287.7146911621094,291.92041015625,288.2928466796875,291.9209289550781,297.0582275390625,286.4853210449219,1.0,0.5180440545082092,1.0,1.0,0.0,1.0,-2.759740114212036,2.7597339153289795,6.121196292951936e-06,2.130539894104004,0.6280219554901123,0.6280219554901123,0.0,118.25337982177734,126.0,17019.6796875,-0.0,1757.29638671875,1.0,283.1499938964844,285.8202819824219,291.2673645019531,292.4718017578125,293.1499938964844,293.1499938964844,283.1499938964844,19966.91796875,18000.0,313.1499938964844,0.0,18000.0,1.0,0.0,0.0,0.0,1.0,0.6076077222824097,1.0,0.0,0.0,1.5179972648620603,1.5180039405822754,1.5375718476207117e-07,4.265924453735352,4.265914440155029,9.78592834144365e-06,0.0,0.0,-0.0,4225.01513671875,0.0,153.04200744628906,1895.4371337890625,0.0,971.9832763671876,0.4174511432647705,1.0,0.0,3.0,1.0,0.0
11971140,296.9849548339844,297.1499938964844,293.1499938964844,0.0,-0.0,286.5209350585937,0.7714735269546509,0.249853640794754,0.2272435873746872,297.0860900878906,297.1499938964844,293.1499938964844,0.0,-0.0,286.52154541015625,0.9742567539215088,0.4989292025566101,0.4737491011619568,297.1298522949219,297.1499938964844,293.1499938964844,0.0,-0.0,286.52117919921875,0.8351319432258606,0.3192948997020721,0.2246904969215393,297.0190124511719,297.1499938964844,293.1499938964844,0.0,-0.0,286.5212097167969,0.838831901550293,0.3234316408634186,0.308535635471344,296.9868469238281,297.1499938964844,293.1499938964844,0.0,-0.0,286.5208435058594,0.7535281777381897,0.232375368475914,1.057125210762024,286.5213928222656,287.74688720703125,291.8944396972656,288.24627685546875,291.8949890136719,297.05487060546875,286.5230407714844,1.0,0.5192739367485046,1.0,1.0,0.0,1.0,-2.750979423522949,2.7509732246398926,6.0820020735263824e-06,2.1235928535461426,0.6117231845855713,0.6117231845855713,0.0,122.67668151855467,114.0,16512.41796875,-0.0,1764.5914306640625,1.0,283.1499938964844,285.8828125,291.2164306640625,292.3948974609375,293.1499938964844,293.1499938964844,283.1499938964844,19852.828125,18000.0,313.1499938964844,0.0,18000.0,1.0,0.0,0.0,0.0,1.0,0.6017975807189941,1.0,0.0,0.0,1.4389567375183103,1.4389630556106567,1.3816209332162546e-07,4.265924453735352,4.265914440155029,9.78592834144365e-06,0.0,0.0,-0.0,4189.82763671875,0.0,135.99606323242188,1895.4371337890625,0.0,938.8560180664062,0.4018642008304596,1.0,0.0,3.0,1.0,0.0
11971200,296.9849548339844,297.1499938964844,293.1499938964844,0.0,-0.0,286.5209350585937,0.7714735269546509,0.249853640794754,0.2272435873746872,297.0860900878906,297.1499938964844,293.1499938964844,0.0,-0.0,286.52154541015625,0.9742567539215088,0.4989292025566101,0.4737491011619568,297.1298522949219,297.1499938964844,293.1499938964844,0.0,-0.0,286.52117919921875,0.8351319432258606,0.3192948997020721,0.2246904969215393,297.0190124511719,297.1499938964844,293.1499938964844,0.0,-0.0,286.5212097167969,0.838831901550293,0.3234316408634186,0.308535635471344,296.9868469238281,297.1499938964844,293.1499938964844,0.0,-0.0,286.5208435058594,0.7535281777381897,0.232375368475914,1.057125210762024,286.5213928222656,287.74688720703125,291.8944396972656,288.24627685546875,291.8949890136719,297.05487060546875,286.5230407714844,1.0,0.5192739367485046,1.0,1.0,0.0,1.0,-2.750979423522949,2.7509732246398926,6.0820020735263824e-06,2.1235928535461426,0.6117231845855713,0.6117231845855713,0.0,122.67668151855467,114.0,16512.41796875,-0.0,1764.5914306640625,1.0,283.1499938964844,285.8828125,291.2164306640625,292.3948974609375,293.1499938964844,293.1499938964844,283.1499938964844,19852.828125,18000.0,313.1499938964844,0.0,18000.0,1.0,0.0,0.0,0.0,1.0,0.6017975807189941,1.0,0.0,0.0,1.4389567375183103,1.4389630556106567,1.3816209332162546e-07,4.265924453735352,4.265914440155029,9.78592834144365e-06,0.0,0.0,-0.0,4189.82763671875,0.0,135.99606323242188,1895.4371337890625,0.0,938.8560180664062,0.4018642008304596,1.0,0.0,3.0,1.0,0.0
11971260,296.9976501464844,297.1499938964844,293.1499938964844,0.0,-0.0,286.5587158203125,0.7749638557434082,0.2490506917238235,0.2263959795236587,297.08551025390625,297.1499938964844,293.1499938964844,0.0,-0.0,286.559326171875,0.9785970449447632,0.4980500936508178,0.472493052482605,297.1450500488281,297.1499938964844,293.1499938964844,0.0,-0.0,286.5589904785156,0.8405462503433228,0.3205776810646057,0.2254776209592819,297.03009033203125,297.1499938964844,293.1499938964844,0.0,-0.0,286.5589904785156,0.8428246974945068,0.3228935599327087,0.3079038858413696,296.99786376953125,297.1499938964844,293.1499938964844,0.0,-0.0,286.5586242675781,0.7565804719924927,0.2314236015081405,1.0522199869155884,286.5591735839844,287.7807312011719,291.8671569824219,288.1982421875,291.86773681640625,297.062255859375,286.56085205078125,1.0,0.5161802172660828,1.0,1.0,0.0,1.0,-2.7427420616149902,2.7427361011505127,6.045526788511779e-06,2.1171841621398926,0.5954635143280029,0.5954635143280029,0.0,119.93296813964844,102.0,16003.7451171875,-0.0,1739.3619384765625,1.0,283.1499938964844,285.9461975097656,291.15948486328125,292.3083801269531,293.1499938964844,293.1499938964844,283.1499938964844,19748.697265625,18000.0,313.1499938964844,0.0,18000.0,1.0,0.0,0.0,0.0,1.0,0.5940462350845337,1.0,0.0,0.0,1.36275053024292,1.3627564907073977,1.2391564041536185e-07,4.265924453735352,4.265914440155029,9.78592834144365e-06,0.0,0.0,-0.0,4153.2529296875,0.0,120.94097900390624,1895.4371337890625,0.0,896.1908569335938,0.3871515691280365,1.0,0.0,3.0,1.0,0.0
11971320,296.9976501464844,297.1499938964844,293.1499938964844,0.0,-0.0,286.5587158203125,0.7749638557434082,0.2490506917238235,0.2263959795236587,297.08551025390625,297.1499938964844,293.1499938964844,0.0,-0.0,286.559326171875,0.9785970449447632,0.4980500936508178,0.472493052482605,297.1450500488281,297.1499938964844,293.1499938964844,0.0,-0.0,286.5589904785156,0.8405462503433228,0.3205776810646057,0.2254776209592819,297.03009033203125,297.1499938964844,293.1499938964844,0.0,-0.0,286.5589904785156,0.8428246974945068,0.3228935599327087,0.3079038858413696,296.99786376953125,297.1499938964844,293.1499938964844,0.0,-0.0,286.5586242675781,0.7565804719924927,0.2314236015081405,1.0522199869155884,286.5591735839844,287.7807312011719,291.8671569824219,288.1982421875,291.86773681640625,297.062255859375,286.56085205078125,1.0,0.5161802172660828,1.0,1.0,0.0,1.0,-2.7427420616149902,2.7427361011505127,6.045526788511779e-06,2.1171841621398926,0.5954635143280029,0.5954635143280029,0.0,119.93296813964844,102.0,16003.7451171875,-0.0,1739.3619384765625,1.0,283.1499938964844,285.9461975097656,291.15948486328125,292.3083801269531,293.1499938964844,293.1499938964844,283.1499938964844,19748.697265625,18000.0,313.1499938964844,0.0,18000.0,1.0,0.0,0.0,0.0,1.0,0.5940462350845337,1.0,0.0,0.0,1.36275053024292,1.3627564907073977,1.2391564041536185e-07,4.265924453735352,4.265914440155029,9.78592834144365e-06,0.0,0.0,-0.0,4153.2529296875,0.0,120.94097900390624,1895.4371337890625,0.0,896.1908569335938,0.3871515691280365,1.0,0.0,3.0,1.0,0.0
11971380,297.0104675292969,297.1499938964844,293.1499938964844,0.0,-0.0,286.596923828125,0.786897599697113,0.2484198957681656,0.2255488634109497,297.0926818847656,297.1499938964844,293.1499938964844,0.0,-0.0,286.5975341796875,0.9917659163475036,0.497955709695816,0.4720047414302826,297.1603698730469,297.1499938964844,293.1499938964844,0.0,-0.0,286.5971984863281,0.8547070622444153,0.3220691084861755,0.2262879163026809,297.0411071777344,297.1499938964844,293.1499938964844,0.0,-0.0,286.5971984863281,0.8554902672767639,0.3224938511848449,0.3072377741336822,297.0092163085937,297.1499938964844,293.1499938964844,0.0,-0.0,286.5968017578125,0.7676394581794739,0.2306469082832336,1.047330617904663,286.597412109375,287.8158874511719,291.8388061523437,288.1491394042969,291.8393859863281,297.0732421875,286.5990905761719,1.0,0.5106202960014343,1.0,1.0,0.0,1.0,-2.735433578491211,2.7354276180267334,6.0132542785140686e-06,2.111496686935425,0.5792381167411804,0.5792381167411804,0.0,113.1690444946289,90.0,15495.125,-0.0,1696.90478515625,1.0,283.1499938964844,286.0109558105469,291.1033020019531,292.2211608886719,293.1499938964844,293.1499938964844,283.1499938964844,19647.822265625,18000.0,313.1499938964844,0.0,18000.0,1.0,0.0,0.0,0.0,1.0,0.5848273038864136,1.0,0.0,0.0,1.289298415184021,1.2893041372299194,1.1091756846326465e-07,4.265924453735352,4.265914440155029,9.78592834144365e-06,0.0,0.0,-0.0,4117.1357421875,0.0,107.62825775146484,1895.4371337890625,0.0,847.8051147460938,0.3732820749282837,1.0,0.0,3.0,1.0,0.0
11971440,297.0104675292969,297.1499938964844,293.1499938964844,0.0,-0.0,286.596923828125,0.786897599697113,0.2484198957681656,0.2255488634109497,297.0926818847656,297.1499938964844,293.1499938964844,0.0,-0.0,286.5975341796875,0.9917659163475036,0.497955709695816,0.4720047414302826,297.1603698730469,297.1499938964844,293.1499938964844,0.0,-0.0,286.5971984863281,0.8547070622444153,0.3220691084861755,0.2262879163026809,297.0411071777344,297.1499938964844,293.1499938964844,0.0,-0.0,286.5971984863281,0.8554902672767639,0.3224938511848449,0.3072377741336822,297.0092163085937,297.1499938964844,293.1499938964844,0.0,-0.0,286.5968017578125,0.7676394581794739,0.2306469082832336,1.047330617904663,286.597412109375,287.8158874511719,291.8388061523437,288.1491394042969,291.8393859863281,297.0732421875,286.5990905761719,1.0,0.5106202960014343,1.0,1.0,0.0,1.0,-2.735433578491211,2.7354276180267334,6.0132542785140686e-06,2.111496686935425,0.5792381167411804,0.5792381167411804,0.0,113.1690444946289,90.0,15495.125,-0.0,1696.90478515625,1.0,283.1499938964844,286.0109558105469,291.1033020019531,292.2211608886719,293.1499938964844,293.1499938964844,283.1499938964844,19647.822265625,18000.0,313.1499938964844,0.0,18000.0,1.0,0.0,0.0,0.0,1.0,0.5848273038864136,1.0,0.0,0.0,1.289298415184021,1.2893041372299194,1.1091756846326465e-07,4.265924453735352,4.265914440155029,9.78592834144365e-06,0.0,0.0,-0.0,4117.1357421875,0.0,107.62825775146484,1895.4371337890625,0.0,847.8051147460938,0.3732820749282837,1.0,0.0,3.0,1.0,0.0
11971500,297.0168762207031,297.1499938964844,293.1499938964844,0.0,-0.0,286.6181030273437,0.7953484654426575,0.2481667399406433,0.2251520305871963,297.0975952148437,297.1499938964844,293.1499938964844,0.0,-0.0,286.61895751953125,0.9990000128746032,0.4980745613574981,0.4712155163288116,297.1680908203125,297.1499938964844,293.1499938964844,0.0,-0.0,286.6184997558594,0.8645599484443665,0.3228940665721893,0.2267249524593353,297.046630859375,297.1499938964844,293.1499938964844,0.0,-0.0,286.6184997558594,0.8645187616348267,0.3223471641540527,0.3069232702255249,297.0149841308594,297.1499938964844,293.1499938964844,0.0,-0.0,286.61798095703125,0.7756187319755554,0.2303216755390167,1.045025110244751,286.6187744140625,287.8338623046875,291.8243103027344,288.124267578125,291.8249206542969,297.07928466796875,286.6210632324219,1.0,0.5072327852249146,1.0,1.0,0.0,1.0,-2.731411933898926,2.731405973434448,5.99576196691487e-06,2.10847544670105,0.5711675882339478,0.5711675882339478,0.0,108.97201538085938,90.0,15262.7578125,-0.0,1671.406494140625,1.0,283.1499938964844,286.0450439453125,291.0761413574219,292.178466796875,293.1499938964844,293.1499938964844,283.1499938964844,19596.96875,18000.0,313.1499938964844,0.0,18000.0,1.0,0.0,0.0,0.0,1.0,0.5798873901367188,1.0,0.0,0.0,1.2536386251449585,1.2536441087722778,1.0486683521548913e-07,4.265924453735352,4.265914440155029,9.78592834144365e-06,0.0,0.0,-0.0,4099.6962890625,0.0,101.56621551513672,1895.4371337890625,0.0,822.9036865234375,0.3666650056838989,1.0,0.0,3.0,1.0,0.0
11971560,297.0230712890625,297.1499938964844,293.1499938964844,0.0,-0.0,286.6399841308594,0.8014014959335327,0.2479304522275924,0.2248314768075943,297.10772705078125,297.1499938964844,293.1499938964844,0.0,-0.0,286.640625,0.9990000128746032,0.4987337291240692,0.4613180160522461,297.1756286621094,297.1499938964844,293.1499938964844,0.0,-0.0,286.6402893066406,0.8720440864562988,0.3237491250038147,0.2272300273180008,297.05194091796875,297.1499938964844,293.1499938964844,0.0,-0.0,286.6402893066406,0.8711212277412415,0.3222135305404663,0.306684672832489,297.0205383300781,297.1499938964844,293.1499938964844,0.0,-0.0,286.639892578125,0.781360924243927,0.2300121933221817,1.0430963039398191,286.6404724121094,287.85205078125,291.80963134765625,288.0992736816406,291.8102722167969,297.0870056152344,286.6420593261719,1.0,0.5030595660209656,1.0,1.0,0.0,1.0,-2.7171707153320312,2.7171647548675537,5.933693500992376e-06,2.097619771957397,0.563129723072052,0.563129723072052,0.0,105.72366333007812,78.0,15012.7119140625,-0.0,1635.5384521484375,1.0,283.1499938964844,286.0809020996094,291.0498962402344,292.1373596191406,293.1499938964844,293.1499938964844,283.1499938964844,19543.615234375,18000.0,313.1499938964844,0.0,18000.0,1.0,0.0,0.0,0.0,1.0,0.5748812556266785,1.0,0.0,0.0,1.218816876411438,1.218822360038757,9.912207588058665e-08,4.265924453735352,4.265914440155029,9.78592834144365e-06,0.0,0.0,-0.0,4082.970947265625,0.0,95.8845443725586,1895.4371337890625,0.0,798.3792114257812,0.360272079706192,1.0,0.0,3.0,1.0,0.0
11971620,297.03497314453125,297.1499938964844,293.1499938964844,0.0,-0.0,286.6757507324219,0.8161655068397522,0.2475295215845108,0.2242209166288375,297.1534423828125,297.1499938964844,293.1499938964844,0.0,-0.0,286.67626953125,0.9990000128746032,0.5028039813041687,0.4354393482208252,297.1904296875,297.1499938964844,293.1499938964844,0.0,-0.0,286.676025390625,0.8907691836357117,0.3255750238895416,0.2282938808202743,297.062255859375,297.1499938964844,293.1499938964844,0.0,-0.0,286.6759948730469,0.8879386186599731,0.3220155239105224,0.3062349855899811,297.0315246582031,297.1499938964844,293.1499938964844,0.0,-0.0,286.6756591796875,0.7960188388824463,0.2294878661632537,1.0394527912139893,286.6761779785156,287.88885498046875,291.77996826171875,288.0489501953125,291.78057861328125,297.1135559082031,286.6775817871094,1.0,0.4931231439113617,1.0,1.0,0.0,1.0,-2.6816647052764893,2.681658983230591,5.779527782578953e-06,2.070159435272217,0.5469575524330139,0.5469575524330139,0.0,98.24819946289062,66.0,14493.9365234375,-0.0,1550.5504150390625,1.0,283.1499938964844,286.1463317871094,290.9984130859375,292.0552978515625,293.1499938964844,293.1499938964844,283.1499938964844,19445.2734375,18000.0,313.1499938964844,0.0,18000.0,1.0,0.0,0.0,0.0,1.0,0.5647732019424438,1.0,0.0,0.0,1.1510639190673828,1.151069164276123,8.840815723942796e-08,4.265924453735352,4.265914440155029,9.78592834144365e-06,0.0,0.0,-0.0,4048.355224609375,0.0,85.519775390625,1895.4371337890625,0.0,750.982421875,0.3480971455574035,1.0,0.0,3.0,1.0,0.0
11971680,297.03497314453125,297.1499938964844,293.1499938964844,0.0,-0.0,286.6757507324219,0.8161655068397522,0.2475295215845108,0.2242209166288375,297.1534423828125,297.1499938964844,293.1499938964844,0.0,-0.0,286.67626953125,0.9990000128746032,0.5028039813041687,0.4354393482208252,297.1904296875,297.1499938964844,293.1499938964844,0.0,-0.0,286.676025390625,0.8907691836357117,0.3255750238895416,0.2282938808202743,297.062255859375,297.1499938964844,293.1499938964844,0.0,-0.0,286.6759948730469,0.8879386186599731,0.3220155239105224,0.3062349855899811,297.0315246582031,297.1499938964844,293.1499938964844,0.0,-0.0,286.6756591796875,0.7960188388824463,0.2294878661632537,1.0394527912139893,286.6761779785156,287.88885498046875,291.77996826171875,288.0489501953125,291.78057861328125,297.1135559082031,286.6775817871094,1.0,0.4931231439113617,1.0,1.0,0.0,1.0,-2.6816647052764893,2.681658983230591,5.779527782578953e-06,2.070159435272217,0.5469575524330139,0.5469575524330139,0.0,98.24819946289062,66.0,14493.9365234375,-0.0,1550.5504150390625,1.0,283.1499938964844,286.1463317871094,290.9984130859375,292.0552978515625,293.1499938964844,293.1499938964844,283.1499938964844,19445.2734375,18000.0,313.1499938964844,0.0,18000.0,1.0,0.0,0.0,0.0,1.0,0.5647732019424438,1.0,0.0,0.0,1.1510639190673828,1.151069164276123,8.840815723942796e-08,4.265924453735352,4.265914440155029,9.78592834144365e-06,0.0,0.0,-0.0,4048.355224609375,0.0,85.519775390625,1895.4371337890625,0.0,750.982421875,0.3480971455574035,1.0,0.0,3.0,1.0,0.0
11971740,297.0462646484375,297.1499938964844,293.1499938964844,0.0,-0.0,286.70831298828125,0.8349050879478455,0.2472174316644668,0.2236593663692474,297.2240295410156,297.1499938964844,293.1499938964844,0.0,-0.0,286.708740234375,0.9990000128746032,0.5099841952323914,0.4038846492767334,297.20489501953125,297.1499938964844,293.1499938964844,0.0,-0.0,286.70855712890625,0.9165267944335938,0.3275529444217682,0.2294386327266693,297.0721130371094,297.1499938964844,293.1499938964844,0.0,-0.0,286.70855712890625,0.9111394882202148,0.3219037353992462,0.3058343529701233,297.0425720214844,297.1499938964844,293.1499938964844,0.0,-0.0,286.7082214355469,0.8155154585838318,0.229107528924942,1.036266565322876,286.70867919921875,287.9259948730469,291.75,287.9984741210937,291.7506408691406,297.1551818847656,286.7099914550781,1.0,0.481526643037796,1.0,1.0,0.0,1.0,-2.640141248703003,2.640135765075684,5.601742941507837e-06,2.038012981414795,0.5306985378265381,0.5306985378265381,0.0,89.70118713378906,69.0,13962.326171875,-0.0,1454.6439208984375,1.0,283.1499938964844,286.2095947265625,290.9461975097656,291.9718322753906,293.1499938964844,293.1499938964844,283.1499938964844,19349.681640625,18000.0,313.1499938964844,0.0,18000.0,1.0,0.0,0.0,0.0,1.0,0.5543265342712402,1.0,0.0,0.0,1.085850477218628,1.085855484008789,7.867440388054092e-08,4.265924453735352,4.265914440155029,9.78592834144365e-06,0.0,0.0,-0.0,4013.26025390625,0.0,76.35462188720703,1895.4371337890625,0.0,704.8704833984375,0.3367199301719665,1.0,0.0,3.0,1.0,0.0
11971800,297.0462646484375,297.1499938964844,293.1499938964844,0.0,-0.0,286.70831298828125,0.8349050879478455,0.2472174316644668,0.2236593663692474,297.2240295410156,297.1499938964844,293.1499938964844,0.0,-0.0,286.708740234375,0.9990000128746032,0.5099841952323914,0.4038846492767334,297.20489501953125,297.1499938964844,293.1499938964844,0.0,-0.0,286.70855712890625,0.9165267944335938,0.3275529444217682,0.2294386327266693,297.0721130371094,297.1499938964844,293.1499938964844,0.0,-0.0,286.70855712890625,0.9111394882202148,0.3219037353992462,0.3058343529701233,297.0425720214844,297.1499938964844,293.1499938964844,0.0,-0.0,286.7082214355469,0.8155154585838318,0.229107528924942,1.036266565322876,286.70867919921875,287.9259948730469,291.75,287.9984741210937,291.7506408691406,297.1551818847656,286.7099914550781,1.0,0.481526643037796,1.0,1.0,0.0,1.0,-2.640141248703003,2.640135765075684,5.601742941507837e-06,2.038012981414795,0.5306985378265381,0.5306985378265381,0.0,89.70118713378906,69.0,13962.326171875,-0.0,1454.6439208984375,1.0,283.1499938964844,286.2095947265625,290.9461975097656,291.9718322753906,293.1499938964844,293.1499938964844,283.1499938964844,19349.681640625,18000.0,313.1499938964844,0.0,18000.0,1.0,0.0,0.0,0.0,1.0,0.5543265342712402,1.0,0.0,0.0,1.085850477218628,1.085855484008789,7.867440388054092e-08,4.265924453735352,4.265914440155029,9.78592834144365e-06,0.0,0.0,-0.0,4013.26025390625,0.0,76.35462188720703,1895.4371337890625,0.0,704.8704833984375,0.3367199301719665,1.0,0.0,3.0,1.0,0.0
11971860,297.0574035644531,297.1499938964844,293.1499938964844,0.0,-0.0,286.7470092773437,0.8493025898933411,0.2470330744981765,0.2232912927865982,297.3021545410156,297.1499938964844,293.1499938964844,0.0,-0.0,286.7475891113281,0.9990000128746032,0.5188483595848083,0.3820174932479858,297.21954345703125,297.1499938964844,293.1499938964844,0.0,-0.0,286.7474060058594,0.9386391043663024,0.3297330141067505,0.2307825833559036,297.0820007324219,297.1499938964844,293.1499938964844,0.0,-0.0,286.74737548828125,0.9306509494781494,0.3219205737113952,0.3056364059448242,297.0543212890625,297.1499938964844,293.1499938964844,0.0,-0.0,286.7469177246094,0.8293683528900146,0.2289364784955978,1.034389615058899,286.74755859375,287.963134765625,291.72003173828125,287.9482421875,291.720703125,297.2045593261719,286.7496032714844,1.0,0.4742776453495025,1.0,1.0,0.0,1.0,-2.612522840499878,2.6125173568725586,5.484405846800655e-06,2.0163238048553467,0.5144851207733154,0.5144851207733154,0.0,84.13047790527344,72.0,13471.787109375,-0.0,1392.918701171875,1.0,283.1499938964844,286.2785339355469,290.8939514160156,291.8885803222656,293.1499938964844,293.1499938964844,283.1499938964844,19250.263671875,18000.0,313.1499938964844,0.0,18000.0,1.0,0.0,0.0,0.0,1.0,0.5434504747390747,1.0,0.0,0.0,1.0234159231185913,1.0234206914901731,6.988721423795141e-08,4.265924453735352,4.265914440155029,9.78592834144365e-06,0.0,0.0,-0.0,3979.48486328125,0.0,68.27727508544922,1895.4371337890625,0.0,659.8209838867188,0.3261550962924957,1.0,0.0,3.0,1.0,0.0
11971920,297.0574035644531,297.1499938964844,293.1499938964844,0.0,-0.0,286.7470092773437,0.8493025898933411,0.2470330744981765,0.2232912927865982,297.3021545410156,297.1499938964844,293.1499938964844,0.0,-0.0,286.7475891113281,0.9990000128746032,0.5188483595848083,0.3820174932479858,297.21954345703125,297.1499938964844,293.1499938964844,0.0,-0.0,286.7474060058594,0.9386391043663024,0.3297330141067505,0.2307825833559036,297.0820007324219,297.1499938964844,293.1499938964844,0.0,-0.0,286.74737548828125,0.9306509494781494,0.3219205737113952,0.3056364059448242,297.0543212890625,297.1499938964844,293.1499938964844,0.0,-0.0,286.7469177246094,0.8293683528900146,0.2289364784955978,1.034389615058899,286.74755859375,287.963134765625,291.72003173828125,287.9482421875,291.720703125,297.2045593261719,286.7496032714844,1.0,0.4742776453495025,1.0,1.0,0.0,1.0,-2.612522840499878,2.6125173568725586,5.484405846800655e-06,2.0163238048553467,0.5144851207733154,0.5144851207733154,0.0,84.13047790527344,72.0,13471.787109375,-0.0,1392.918701171875,1.0,283.1499938964844,286.2785339355469,290.8939514160156,291.8885803222656,293.1499938964844,293.1499938964844,283.1499938964844,19250.263671875,18000.0,313.1499938964844,0.0,18000.0,1.0,0.0,0.0,0.0,1.0,0.5434504747390747,1.0,0.0,0.0,1.0234159231185913,1.0234206914901731,6.988721423795141e-08,4.265924453735352,4.265914440155029,9.78592834144365e-06,0.0,0.0,-0.0,3979.48486328125,0.0,68.27727508544922,1895.4371337890625,0.0,659.8209838867188,0.3261550962924957,1.0,0.0,3.0,1.0,0.0
11971980,297.0684509277344,297.1499938964844,293.1499938964844,0.0,-0.0,286.7958679199219,0.8591424226760864,0.2469805628061294,0.2231134474277496,297.3675231933594,297.1499938964844,293.1499938964844,0.0,-0.0,286.7964782714844,0.9990000128746032,0.5274142026901245,0.368430346250534,297.2344970703125,297.1499938964844,293.1499938964844,0.0,-0.0,286.7962951660156,0.953819453716278,0.3321298360824585,0.2323322147130966,297.0920104980469,297.1499938964844,293.1499938964844,0.0,-0.0,286.7962646484375,0.9437147378921508,0.3220725953578949,0.3056416809558868,297.0665283203125,297.1499938964844,293.1499938964844,0.0,-0.0,286.79571533203125,0.8386406898498535,0.2289604991674423,1.0337830781936646,286.7964782714844,287.9999694824219,291.6903686523437,287.89849853515625,291.6910095214844,297.2490539550781,286.7989196777344,1.0,0.4700252711772918,1.0,1.0,0.0,1.0,-2.5971128940582275,2.597107410430908,5.419548415375175e-06,2.0042574405670166,0.4985121190547943,0.4985121190547943,0.0,80.86600494384766,90.0,13022.4130859375,-0.0,1358.3133544921875,1.0,283.1499938964844,286.3565673828125,290.8444519042969,291.810302734375,293.1499938964844,293.1499938964844,283.1499938964844,19144.001953125,18000.0,313.1499938964844,0.0,18000.0,1.0,0.0,0.0,0.0,1.0,0.5326055884361267,1.0,0.0,0.0,0.9644590020179749,0.9644636511802672,6.206703062616725e-08,4.265924453735352,4.265914440155029,9.78592834144365e-06,0.0,0.0,-0.0,3948.578369140625,0.0,61.2352294921875,1895.4371337890625,0.0,617.7551879882812,0.3164735734462738,1.0,0.0,3.0,1.0,0.0
11972040,297.0684509277344,297.1499938964844,293.1499938964844,0.0,-0.0,286.7958679199219,0.8591424226760864,0.2469805628061294,0.2231134474277496,297.3675231933594,297.1499938964844,293.1499938964844,0.0,-0.0,286.7964782714844,0.9990000128746032,0.5274142026901245,0.368430346250534,297.2344970703125,297.1499938964844,293.1499938964844,0.0,-0.0,286.7962951660156,0.953819453716278,0.3321298360824585,0.2323322147130966,297.0920104980469,297.1499938964844,293.1499938964844,0.0,-0.0,286.7962646484375,0.9437147378921508,0.3220725953578949,0.3056416809558868,297.0665283203125,297.1499938964844,293.1499938964844,0.0,-0.0,286.79571533203125,0.8386406898498535,0.2289604991674423,1.0337830781936646,286.7964782714844,287.9999694824219,291.6903686523437,287.89849853515625,291.6910095214844,297.2490539550781,286.7989196777344,1.0,0.4700252711772918,1.0,1.0,0.0,1.0,-2.5971128940582275,2.597107410430908,5.419548415375175e-06,2.0042574405670166,0.4985121190547943,0.4985121190547943,0.0,80.86600494384766,90.0,13022.4130859375,-0.0,1358.3133544921875,1.0,283.1499938964844,286.3565673828125,290.8444519042969,291.810302734375,293.1499938964844,293.1499938964844,283.1499938964844,19144.001953125,18000.0,313.1499938964844,0.0,18000.0,1.0,0.0,0.0,0.0,1.0,0.5326055884361267,1.0,0.0,0.0,0.9644590020179749,0.9644636511802672,6.206703062616725e-08,4.265924453735352,4.265914440155029,9.78592834144365e-06,0.0,0.0,-0.0,3948.578369140625,0.0,61.2352294921875,1895.4371337890625,0.0,617.7551879882812,0.3164735734462738,1.0,0.0,3.0,1.0,0.0
11972100,297.0740966796875,297.1499938964844,293.1499938964844,0.0,-0.0,286.8249206542969,0.8582878708839417,0.247017964720726,0.2231324911117553,297.392333984375,297.1499938964844,293.1499938964844,0.0,-0.0,286.8257141113281,0.9990000128746032,0.5312327146530151,0.3695794939994812,297.24224853515625,297.1499938964844,293.1499938964844,0.0,-0.0,286.8254699707031,0.9540497064590454,0.3334232270717621,0.2332125157117843,297.09716796875,297.1499938964844,293.1499938964844,0.0,-0.0,286.8254089355469,0.9427383542060852,0.3222129642963409,0.3057581186294555,297.07281494140625,297.1499938964844,293.1499938964844,0.0,-0.0,286.8247375488281,0.8378995656967163,0.2290485054254531,1.034091591835022,286.82568359375,288.01812744140625,291.6756896972656,287.8739318847656,291.67633056640625,297.26788330078125,286.828857421875,1.0,0.4710779190063476,1.0,1.0,0.0,1.0,-2.600062370300293,2.6000568866729736,5.431336830952205e-06,2.006272554397583,0.4906684458255768,0.4906684458255768,0.0,81.18244171142578,90.0,12825.62109375,-0.0,1363.5526123046875,1.0,283.1499938964844,286.3993530273437,290.8208923339844,291.7733154296875,293.1499938964844,293.1499938964844,283.1499938964844,19089.40234375,18000.0,313.1499938964844,0.0,18000.0,1.0,0.0,0.0,0.0,1.0,0.5273492932319641,1.0,0.0,0.0,0.9364022016525269,0.9364067316055298,5.8508408784518906e-08,4.265924453735352,4.265914440155029,9.78592834144365e-06,0.0,0.0,-0.0,3934.28271484375,0.0,58.075592041015625,1895.4371337890625,0.0,598.3468017578125,0.3119714260101318,1.0,0.0,3.0,1.0,0.0
11972160,297.079833984375,297.1499938964844,293.1499938964844,0.0,-0.0,286.8596496582031,0.8536838889122009,0.247100368142128,0.2232323288917541,297.4073181152344,297.1499938964844,293.1499938964844,0.0,-0.0,286.8605651855469,0.9990000128746032,0.5342429876327515,0.3758849799633026,297.2501220703125,297.1499938964844,293.1499938964844,0.0,-0.0,286.8602905273437,0.9495916962623596,0.3347827494144439,0.2341701835393905,297.1025085449219,297.1499938964844,293.1499938964844,0.0,-0.0,286.8601989746094,0.9368931651115416,0.3224007487297058,0.3059609532356262,297.0791015625,297.1499938964844,293.1499938964844,0.0,-0.0,286.8594665527344,0.833659827709198,0.2291769534349441,1.0348103046417236,286.86053466796875,288.0361022949219,291.66119384765625,287.8495788574219,291.6618347167969,297.2812194824219,286.8641052246094,1.0,0.4737699925899505,1.0,1.0,0.0,1.0,-2.6100058555603027,2.6100003719329834,5.472765678860014e-06,2.0138497352600098,0.4829984307289123,0.4829984307289123,0.0,82.77726745605469,108.0,12648.8759765625,-0.0,1383.61328125,1.0,283.1499938964844,286.4469299316406,290.7983093261719,291.73846435546875,293.1499938964844,293.1499938964844,283.1499938964844,19032.294921875,18000.0,313.1499938964844,0.0,18000.0,1.0,0.0,0.0,0.0,1.0,0.5223050713539124,1.0,0.0,0.0,0.9095095992088318,0.90951406955719,5.519605039694397e-08,4.265924453735352,4.265914440155029,9.78592834144365e-06,0.0,0.0,-0.0,3921.2412109375,0.0,55.15450286865234,1895.4371337890625,0.0,580.3013916015625,0.307710587978363,1.0,0.0,3.0,1.0,0.0
11972220,297.0917053222656,297.1499938964844,293.1499938964844,0.0,-0.0,286.9640808105469,0.8384177684783936,0.247444674372673,0.2236469388008117,297.4093017578125,297.1499938964844,293.1499938964844,0.0,-0.0,286.9657592773437,0.9990000128746032,0.5376051068305969,0.3984830379486084,297.26629638671875,297.1499938964844,293.1499938964844,0.0,-0.0,286.9651794433594,0.9318009614944458,0.3376328945159912,0.2362205386161804,297.1136474609375,297.1499938964844,293.1499938964844,0.0,-0.0,286.96502685546875,0.9166434407234192,0.3229494988918304,0.306588739156723,297.0911865234375,297.1499938964844,293.1499938964844,0.0,-0.0,286.9637451171875,0.8192008137702942,0.2295368611812591,1.0370898246765137,286.9656066894531,288.06988525390625,291.63397216796875,287.8037414550781,291.6345520019531,297.2909851074219,286.9715270996094,1.0,0.4827575087547302,1.0,1.0,0.0,1.0,-2.6435985565185547,2.643593072891236,5.6143926485674456e-06,2.0396933555603027,0.4693049788475036,0.4693049788475036,0.0,88.61864471435547,108.0,12415.90625,-0.0,1454.4805908203125,1.0,283.1499938964844,286.55255126953125,290.7584533691406,291.6789855957031,293.1499938964844,293.1499938964844,283.1499938964844,18906.822265625,18000.0,313.1499938964844,0.0,18000.0,1.0,0.0,0.0,0.0,1.0,0.5135745406150818,1.0,0.0,0.0,0.862173855304718,0.8621782064437866,4.9600163976037954e-08,4.265924453735352,4.265914440155029,9.78592834144365e-06,0.0,0.0,-0.0,3900.40283203125,0.0,50.23622894287109,1895.4371337890625,0.0,550.3658447265625,0.300285130739212,1.0,0.0,3.0,1.0,0.0
11972280,297.0922241210937,297.1499938964844,293.1499938964844,0.0,-0.0,286.96905517578125,0.8376681804656982,0.2474662065505981,0.2236722856760025,297.40869140625,297.1499938964844,293.1499938964844,0.0,-0.0,286.97076416015625,0.9990000128746032,0.5376789569854736,0.3996656239032745,297.2670288085937,297.1499938964844,293.1499938964844,0.0,-0.0,286.9701538085937,0.9308695197105408,0.3377601504325866,0.2363132387399673,297.1141662597656,297.1499938964844,293.1499938964844,0.0,-0.0,286.97003173828125,0.9156455993652344,0.3229794800281524,0.3066233396530151,297.0917053222656,297.1499938964844,293.1499938964844,0.0,-0.0,286.96875,0.8184680342674255,0.2295558303594589,1.0372124910354614,286.9705810546875,288.0712585449219,291.6328430175781,287.8018493652344,291.6334533691406,297.2909851074219,286.9765930175781,1.0,0.4832246005535126,1.0,1.0,0.0,1.0,-2.6453499794006348,2.6453442573547363,5.621832315227948e-06,2.041043996810913,0.4687650799751282,0.4687650799751282,0.0,88.93218231201172,126.0,12407.609375,-0.0,1458.2620849609375,1.0,283.1499938964844,286.5573425292969,290.7569274902344,291.6767578125,293.1499938964844,293.1499938964844,283.1499938964844,18901.296875,18000.0,313.1499938964844,0.0,18000.0,1.0,0.0,0.0,0.0,1.0,0.5132489204406738,1.0,0.0,0.0,0.8603417277336121,0.8603460788726807,4.938959463629544e-08,4.265924453735352,4.265914440155029,9.78592834144365e-06,0.0,0.0,-0.0,3899.670654296875,0.0,50.05144500732422,1895.4371337890625,0.0,549.2802734375,0.2999991178512573,1.0,0.0,3.0,1.0,0.0
11972340,297.106201171875,297.1499938964844,293.1499938964844,0.0,-0.0,287.09747314453125,0.8173909783363342,0.2481504082679748,0.2245020717382431,297.3783874511719,297.1499938964844,293.1499938964844,0.0,-0.0,287.0994567871094,0.9990000128746032,0.5379117727279663,0.4339256882667541,297.2855529785156,297.1499938964844,293.1499938964844,0.0,-0.0,287.0986328125,0.9057897329330444,0.3411192893981933,0.2388050109148025,297.12762451171875,297.1499938964844,293.1499938964844,0.0,-0.0,287.0984802246094,0.8904549479484558,0.3238873779773712,0.307700365781784,297.1044006347656,297.1499938964844,293.1499938964844,0.0,-0.0,287.0971374511719,0.7973544001579285,0.2301044464111328,1.0409122705459597,287.09912109375,288.1051025390625,291.6055603027344,287.7555847167969,291.6061096191406,297.2821655273437,287.1052551269531,1.0,0.4968182742595672,1.0,1.0,0.0,1.0,-2.696238279342652,2.696232557296753,5.840303401782876e-06,2.0803534984588623,0.4559783041477203,0.4559783041477203,0.0,98.36637878417967,144.0,12219.8916015625,-0.0,1571.680908203125,1.0,283.1499938964844,286.6789245605469,290.72119140625,291.6271057128906,293.1499938964844,293.1499938964844,283.1499938964844,18767.689453125,18000.0,313.1499938964844,0.0,18000.0,1.0,0.0,0.0,0.0,1.0,0.506338894367218,1.0,0.0,0.0,0.8178187608718872,0.8178229928016663,4.4628016837577895e-08,4.265924453735352,4.265914440155029,9.78592834144365e-06,0.0,0.0,-0.0,3883.171142578125,0.0,45.89112091064453,1895.4371337890625,0.0,526.7537841796875,0.2934236228466034,1.0,0.0,3.0,1.0,0.0
11972400,297.106201171875,297.1499938964844,293.1499938964844,0.0,-0.0,287.09747314453125,0.8173909783363342,0.2481504082679748,0.2245020717382431,297.3783874511719,297.1499938964844,293.1499938964844,0.0,-0.0,287.0994567871094,0.9990000128746032,0.5379117727279663,0.4339256882667541,297.2855529785156,297.1499938964844,293.1499938964844,0.0,-0.0,287.0986328125,0.9057897329330444,0.3411192893981933,0.2388050109148025,297.12762451171875,297.1499938964844,293.1499938964844,0.0,-0.0,287.0984802246094,0.8904549479484558,0.3238873779773712,0.307700365781784,297.1044006347656,297.1499938964844,293.1499938964844,0.0,-0.0,287.0971374511719,0.7973544001579285,0.2301044464111328,1.0409122705459597,287.09912109375,288.1051025390625,291.6055603027344,287.7555847167969,291.6061096191406,297.2821655273437,287.1052551269531,1.0,0.4968182742595672,1.0,1.0,0.0,1.0,-2.696238279342652,2.696232557296753,5.840303401782876e-06,2.0803534984588623,0.4559783041477203,0.4559783041477203,0.0,98.36637878417967,144.0,12219.8916015625,-0.0,1571.680908203125,1.0,283.1499938964844,286.6789245605469,290.72119140625,291.6271057128906,293.1499938964844,293.1499938964844,283.1499938964844,18767.689453125,18000.0,313.1499938964844,0.0,18000.0,1.0,0.0,0.0,0.0,1.0,0.506338894367218,1.0,0.0,0.0,0.8178187608718872,0.8178229928016663,4.4628016837577895e-08,4.265924453735352,4.265914440155029,9.78592834144365e-06,0.0,0.0,-0.0,3883.171142578125,0.0,45.89112091064453,1895.4371337890625,0.0,526.7537841796875,0.2934236228466034,1.0,0.0,3.0,1.0,0.0
11972460,297.1204528808594,297.1499938964844,293.1499938964844,0.0,-0.0,287.2267761230469,0.7944936156272888,0.2490382939577102,0.2256242334842682,297.3241577148437,297.1499938964844,293.1499938964844,0.0,-0.0,287.2289123535156,0.9990000128746032,0.5353284478187561,0.4747755527496338,297.3043212890625,297.1499938964844,293.1499938964844,0.0,-0.0,287.2279663085937,0.8816783428192139,0.3447386920452118,0.2415636777877807,297.1417236328125,297.1499938964844,293.1499938964844,0.0,-0.0,287.227783203125,0.8650597333908081,0.3250326812267303,0.3091127574443817,297.1164245605469,297.1499938964844,293.1499938964844,0.0,-0.0,287.2264709472656,0.7743739485740662,0.2307462096214294,1.0455336570739746,287.2284545898437,288.1372985839844,291.57958984375,287.7110900878906,291.58013916015625,297.2601013183594,287.234375,1.0,0.5132550597190857,1.0,1.0,0.0,1.0,-2.7572360038757324,2.757230043411255,6.107840818003751e-06,2.1275556087493896,0.4445106089115143,0.4445106089115143,0.0,110.49674987792967,147.0,12066.0712890625,-0.0,1716.8377685546875,1.0,283.1499938964844,286.7983703613281,290.687255859375,291.5831604003906,293.1499938964844,293.1499938964844,283.1499938964844,18648.052734375,18000.0,313.1499938964844,0.0,18000.0,1.0,0.0,0.0,0.0,1.0,0.5016055703163147,1.0,0.0,0.0,0.7812138199806213,0.7812179923057556,4.072239434549375e-08,4.265924453735352,4.265914440155029,9.78592834144365e-06,0.0,0.0,-0.0,3868.72216796875,0.0,42.50728988647461,1895.4371337890625,0.0,511.8717346191406,0.2878685593605041,1.0,0.0,3.0,1.0,0.0
11972520,297.1204528808594,297.1499938964844,293.1499938964844,0.0,-0.0,287.2267761230469,0.7944936156272888,0.2490382939577102,0.2256242334842682,297.3241577148437,297.1499938964844,293.1499938964844,0.0,-0.0,287.2289123535156,0.9990000128746032,0.5353284478187561,0.4747755527496338,297.3043212890625,297.1499938964844,293.1499938964844,0.0,-0.0,287.2279663085937,0.8816783428192139,0.3447386920452118,0.2415636777877807,297.1417236328125,297.1499938964844,293.1499938964844,0.0,-0.0,287.227783203125,0.8650597333908081,0.3250326812267303,0.3091127574443817,297.1164245605469,297.1499938964844,293.1499938964844,0.0,-0.0,287.2264709472656,0.7743739485740662,0.2307462096214294,1.0455336570739746,287.2284545898437,288.1372985839844,291.57958984375,287.7110900878906,291.58013916015625,297.2601013183594,287.234375,1.0,0.5132550597190857,1.0,1.0,0.0,1.0,-2.7572360038757324,2.757230043411255,6.107840818003751e-06,2.1275556087493896,0.4445106089115143,0.4445106089115143,0.0,110.49674987792967,147.0,12066.0712890625,-0.0,1716.8377685546875,1.0,283.1499938964844,286.7983703613281,290.687255859375,291.5831604003906,293.1499938964844,293.1499938964844,283.1499938964844,18648.052734375,18000.0,313.1499938964844,0.0,18000.0,1.0,0.0,0.0,0.0,1.0,0.5016055703163147,1.0,0.0,0.0,0.7812138199806213,0.7812179923057556,4.072239434549375e-08,4.265924453735352,4.265914440155029,9.78592834144365e-06,0.0,0.0,-0.0,3868.72216796875,0.0,42.50728988647461,1895.4371337890625,0.0,511.8717346191406,0.2878685593605041,1.0,0.0,3.0,1.0,0.0
11972580,297.1335754394531,297.1499938964844,293.1499938964844,0.0,-0.0,287.34307861328125,0.7778813242912292,0.2499973177909851,0.2267971932888031,297.2618713378906,297.1499938964844,293.1499938964844,0.0,-0.0,287.34490966796875,0.9984652996063232,0.5312134623527527,0.5043389201164246,297.32196044921875,297.1499938964844,293.1499938964844,0.0,-0.0,287.34405517578125,0.8653961420059204,0.3484822511672973,0.244399145245552,297.15509033203125,297.1499938964844,293.1499938964844,0.0,-0.0,287.3439025878906,0.8476875424385071,0.3262834250926971,0.3106119632720947,297.12701416015625,297.1499938964844,293.1499938964844,0.0,-0.0,287.3428039550781,0.7583745121955872,0.2313958704471588,1.0500602722167969,287.3444519042969,288.1675109863281,291.55523681640625,287.6687316894531,291.55572509765625,297.2340087890625,287.3490600585937,1.0,0.5259360671043396,1.0,1.0,0.0,1.0,-2.804767370223999,2.804760932922364,6.321598448266741e-06,2.164856195449829,0.434133380651474,0.434133380651474,0.0,120.9079360961914,150.0,11898.603515625,-0.0,1838.77734375,1.0,283.1499938964844,286.9063415527344,290.6520080566406,291.5397033691406,293.1499938964844,293.1499938964844,283.1499938964844,18548.80859375,18000.0,313.1499938964844,0.0,18000.0,1.0,0.0,0.0,0.0,1.0,0.4983355104923248,1.0,0.0,0.0,0.7496140599250793,0.7496181130409241,3.749461541247001e-08,4.265924453735352,4.265914440155029,9.78592834144365e-06,0.0,0.0,-0.0,3854.231201171875,0.0,39.738059997558594,1895.4371337890625,0.0,501.843017578125,0.2831748127937317,1.0,0.0,3.0,1.0,0.0
11972640,297.1335754394531,297.1499938964844,293.1499938964844,0.0,-0.0,287.34307861328125,0.7778813242912292,0.2499973177909851,0.2267971932888031,297.2618713378906,297.1499938964844,293.1499938964844,0.0,-0.0,287.34490966796875,0.9984652996063232,0.5312134623527527,0.5043389201164246,297.32196044921875,297.1499938964844,293.1499938964844,0.0,-0.0,287.34405517578125,0.8653961420059204,0.3484822511672973,0.244399145245552,297.15509033203125,297.1499938964844,293.1499938964844,0.0,-0.0,287.3439025878906,0.8476875424385071,0.3262834250926971,0.3106119632720947,297.12701416015625,297.1499938964844,293.1499938964844,0.0,-0.0,287.3428039550781,0.7583745121955872,0.2313958704471588,1.0500602722167969,287.3444519042969,288.1675109863281,291.55523681640625,287.6687316894531,291.55572509765625,297.2340087890625,287.3490600585937,1.0,0.5259360671043396,1.0,1.0,0.0,1.0,-2.804767370223999,2.804760932922364,6.321598448266741e-06,2.164856195449829,0.434133380651474,0.434133380651474,0.0,120.9079360961914,150.0,11898.603515625,-0.0,1838.77734375,1.0,283.1499938964844,286.9063415527344,290.6520080566406,291.5397033691406,293.1499938964844,293.1499938964844,283.1499938964844,18548.80859375,18000.0,313.1499938964844,0.0,18000.0,1.0,0.0,0.0,0.0,1.0,0.4983355104923248,1.0,0.0,0.0,0.7496140599250793,0.7496181130409241,3.749461541247001e-08,4.265924453735352,4.265914440155029,9.78592834144365e-06,0.0,0.0,-0.0,3854.231201171875,0.0,39.738059997558594,1895.4371337890625,0.0,501.843017578125,0.2831748127937317,1.0,0.0,3.0,1.0,0.0
11972700,297.1390380859375,297.1499938964844,293.1499938964844,0.0,-0.0,287.38671875,0.7675076127052307,0.2504283189773559,0.2274350970983505,297.2407531738281,297.1499938964844,293.1499938964844,0.0,-0.0,287.3880615234375,0.9868841767311096,0.5298436284065247,0.5029453635215759,297.32965087890625,297.1499938964844,293.1499938964844,0.0,-0.0,287.387451171875,0.8550252318382263,0.3503267467021942,0.2458712309598922,297.1607666015625,297.1499938964844,293.1499938964844,0.0,-0.0,287.3873291015625,0.8370274305343628,0.326874166727066,0.3114281594753265,297.1313781738281,297.1499938964844,293.1499938964844,0.0,-0.0,287.38653564453125,0.748576283454895,0.231678232550621,1.052555799484253,287.3877258300781,288.1817626953125,291.54376220703125,287.6484375,291.5442199707031,297.22662353515625,287.39111328125,1.0,0.5305058360099792,1.0,1.0,0.0,1.0,-2.809720277786255,2.809713840484619,6.344492248899769e-06,2.16892957687378,0.4291379451751709,0.4291379451751709,0.0,127.23041534423828,150.0,11781.31640625,-0.0,1876.7230224609373,1.0,283.1499938964844,286.9499816894531,290.6331481933594,291.5162353515625,293.1499938964844,293.1499938964844,283.1499938964844,18510.5859375,18000.0,313.1499938964844,0.0,18000.0,1.0,0.0,0.0,0.0,1.0,0.4968931376934051,1.0,0.0,0.0,0.7351279258728027,0.7351319789886475,3.605946474749544e-08,4.265924453735352,4.265914440155029,9.78592834144365e-06,0.0,0.0,-0.0,3845.469482421875,0.0,38.52280044555664,1895.4371337890625,0.0,497.4838562011719,0.2810777425765991,1.0,0.0,3.0,1.0,0.0
11972760,297.1439208984375,297.1499938964844,293.1499938964844,0.0,-0.0,287.4241638183594,0.7601138949394226,0.2508392333984375,0.2279951423406601,297.2300720214844,297.1499938964844,293.1499938964844,0.0,-0.0,287.4254150390625,0.9774829149246216,0.5293663740158081,0.5022954344749451,297.3367919921875,297.1499938964844,293.1499938964844,0.0,-0.0,287.4248352050781,0.8479083180427551,0.3521672189235687,0.2472936362028122,297.1659851074219,297.1499938964844,293.1499938964844,0.0,-0.0,287.4247131347656,0.8294318318367004,0.3274540603160858,0.3121720552444458,297.1354675292969,297.1499938964844,293.1499938964844,0.0,-0.0,287.4239807128906,0.7416163086891174,0.2319617420434951,1.054736852645874,287.42510986328125,288.19537353515625,291.5327453613281,287.6287841796875,291.533203125,297.2249755859375,287.4283447265625,1.0,0.5343543887138367,1.0,1.0,0.0,1.0,-2.814836025238037,2.8148298263549805,6.367644346028101e-06,2.172891139984131,0.4242419898509979,0.4242419898509979,0.0,132.32093811035156,138.0,11666.923828125,-0.0,1909.218994140625,1.0,283.1499938964844,286.9870910644531,290.6129455566406,291.4901733398437,293.1499938964844,293.1499938964844,283.1499938964844,18479.38671875,18000.0,313.1499938964844,0.0,18000.0,1.0,0.0,0.0,0.0,1.0,0.4952987432479858,1.0,0.0,0.0,0.7212241291999817,0.7212281227111816,3.4708349971879215e-08,4.265924453735352,4.265914440155029,9.78592834144365e-06,0.0,0.0,-0.0,3819.86376953125,0.0,37.388954162597656,1895.4371337890625,0.0,492.7104797363281,0.2791040539741516,1.0,0.0,3.0,1.0,0.0
11972820,297.15283203125,297.1499938964844,293.1499938964844,0.0,-0.0,287.4949035644531,0.7590743899345398,0.2516654133796692,0.2287741303443908,297.2245788574219,297.1499938964844,293.1499938964844,0.0,-0.0,287.4960632324219,0.9752417802810668,0.5298084020614624,0.5023570656776428,297.35028076171875,297.1499938964844,293.1499938964844,0.0,-0.0,287.4955444335937,0.8487066030502319,0.3558991253376007,0.2499059736728668,297.17547607421875,297.1499938964844,293.1499938964844,0.0,-0.0,287.49542236328125,0.8284196853637695,0.3286205530166626,0.3133117258548736,297.143310546875,297.1499938964844,293.1499938964844,0.0,-0.0,287.4947204589844,0.7404921054840088,0.2325727492570877,1.0576146841049194,287.49578857421875,288.2206115722656,291.51239013671875,287.5915832519531,291.5127868652344,297.2290954589844,287.4988098144531,1.0,0.536033034324646,1.0,1.0,0.0,1.0,-2.823816537857056,2.82381010055542,6.408494755305583e-06,2.179893970489502,0.4148831069469452,0.4148831069469452,0.0,133.87986755371094,126.0,11447.2646484375,-0.0,1931.0164794921875,1.0,283.1499938964844,287.0561218261719,290.56903076171875,291.4312744140625,293.1499938964844,293.1499938964844,283.1499938964844,18425.58984375,18000.0,313.1499938964844,0.0,18000.0,1.0,0.0,0.0,0.0,1.0,0.4908718168735504,1.0,0.0,0.0,0.6953907012939453,0.6953946352005005,3.226645262088823e-08,4.265924453735352,4.265914440155029,9.78592834144365e-06,0.0,0.0,-0.0,3744.296142578125,0.0,35.349239349365234,1895.4371337890625,0.0,479.7021789550781,0.2754894495010376,1.0,0.0,3.0,1.0,0.0
11972880,297.15283203125,297.1499938964844,293.1499938964844,0.0,-0.0,287.4949035644531,0.7590743899345398,0.2516654133796692,0.2287741303443908,297.2245788574219,297.1499938964844,293.1499938964844,0.0,-0.0,287.4960632324219,0.9752417802810668,0.5298084020614624,0.5023570656776428,297.35028076171875,297.1499938964844,293.1499938964844,0.0,-0.0,287.4955444335937,0.8487066030502319,0.3558991253376007,0.2499059736728668,297.17547607421875,297.1499938964844,293.1499938964844,0.0,-0.0,287.49542236328125,0.8284196853637695,0.3286205530166626,0.3133117258548736,297.143310546875,297.1499938964844,293.1499938964844,0.0,-0.0,287.4947204589844,0.7404921054840088,0.2325727492570877,1.0576146841049194,287.49578857421875,288.2206115722656,291.51239013671875,287.5915832519531,291.5127868652344,297.2290954589844,287.4988098144531,1.0,0.536033034324646,1.0,1.0,0.0,1.0,-2.823816537857056,2.82381010055542,6.408494755305583e-06,2.179893970489502,0.4148831069469452,0.4148831069469452,0.0,133.87986755371094,126.0,11447.2646484375,-0.0,1931.0164794921875,1.0,283.1499938964844,287.0561218261719,290.56903076171875,291.4312744140625,293.1499938964844,293.1499938964844,283.1499938964844,18425.58984375,18000.0,313.1499938964844,0.0,18000.0,1.0,0.0,0.0,0.0,1.0,0.4908718168735504,1.0,0.0,0.0,0.6953907012939453,0.6953946352005005,3.226645262088823e-08,4.265924453735352,4.265914440155029,9.78592834144365e-06,0.0,0.0,-0.0,3744.296142578125,0.0,35.349239349365234,1895.4371337890625,0.0,479.7021789550781,0.2754894495010376,1.0,0.0,3.0,1.0,0.0
11972940,297.161376953125,297.1499938964844,293.1499938964844,0.0,-0.0,287.5614929199219,0.7673336863517761,0.2525683343410492,0.2293846309185028,297.2286071777344,297.1499938964844,293.1499938964844,0.0,-0.0,287.5625915527344,0.984516143798828,0.5311554074287415,0.5032680034637451,297.3634033203125,297.1499938964844,293.1499938964844,0.0,-0.0,287.5621032714844,0.8598303198814392,0.3597663044929504,0.2524281442165375,297.1844177246094,297.1499938964844,293.1499938964844,0.0,-0.0,287.5619812011719,0.8369882702827454,0.3298497200012207,0.3142636716365814,297.15118408203125,297.1499938964844,293.1499938964844,0.0,-0.0,287.5613098144531,0.748012900352478,0.2332853227853775,1.059791922569275,287.56231689453125,288.2428894042969,291.49444580078125,287.55743408203125,291.4947814941406,297.23712158203125,287.565185546875,1.0,0.5341727137565613,1.0,1.0,0.0,1.0,-2.832437515258789,2.8324310779571533,6.447787654906279e-06,2.186596393585205,0.4061056077480316,0.4061056077480316,0.0,129.48086547851562,114.0,11241.9736328125,-0.0,1923.5867919921875,1.0,283.1499938964844,287.12066650390625,290.52703857421875,291.372802734375,293.1499938964844,293.1499938964844,283.1499938964844,18380.025390625,18000.0,313.1499938964844,0.0,18000.0,1.0,0.0,0.0,0.0,1.0,0.4847609102725982,1.0,0.0,0.0,0.6719987392425537,0.6720026731491089,3.0132166983776194e-08,4.265924453735352,4.265914440155029,9.78592834144365e-06,0.0,0.0,-0.0,3673.048828125,0.0,33.57249450683594,1895.4371337890625,0.0,462.32220458984375,0.2722640037536621,1.0,0.0,3.0,1.0,0.0
11973000,297.161376953125,297.1499938964844,293.1499938964844,0.0,-0.0,287.5614929199219,0.7673336863517761,0.2525683343410492,0.2293846309185028,297.2286071777344,297.1499938964844,293.1499938964844,0.0,-0.0,287.5625915527344,0.984516143798828,0.5311554074287415,0.5032680034637451,297.3634033203125,297.1499938964844,293.1499938964844,0.0,-0.0,287.5621032714844,0.8598303198814392,0.3597663044929504,0.2524281442165375,297.1844177246094,297.1499938964844,293.1499938964844,0.0,-0.0,287.5619812011719,0.8369882702827454,0.3298497200012207,0.3142636716365814,297.15118408203125,297.1499938964844,293.1499938964844,0.0,-0.0,287.5613098144531,0.748012900352478,0.2332853227853775,1.059791922569275,287.56231689453125,288.2428894042969,291.49444580078125,287.55743408203125,291.4947814941406,297.23712158203125,287.565185546875,1.0,0.5341727137565613,1.0,1.0,0.0,1.0,-2.832437515258789,2.8324310779571533,6.447787654906279e-06,2.186596393585205,0.4061056077480316,0.4061056077480316,0.0,129.48086547851562,114.0,11241.9736328125,-0.0,1923.5867919921875,1.0,283.1499938964844,287.12066650390625,290.52703857421875,291.372802734375,293.1499938964844,293.1499938964844,283.1499938964844,18380.025390625,18000.0,313.1499938964844,0.0,18000.0,1.0,0.0,0.0,0.0,1.0,0.4847609102725982,1.0,0.0,0.0,0.6719987392425537,0.6720026731491089,3.0132166983776194e-08,4.265924453735352,4.265914440155029,9.78592834144365e-06,0.0,0.0,-0.0,3673.048828125,0.0,33.57249450683594,1895.4371337890625,0.0,462.32220458984375,0.2722640037536621,1.0,0.0,3.0,1.0,0.0
11973060,297.16973876953125,297.1499938964844,293.1499938964844,0.0,-0.0,287.624755859375,0.7824219465255737,0.2535607516765594,0.2299538701772689,297.2361145019531,297.1499938964844,293.1499938964844,0.0,-0.0,287.62579345703125,0.9990000128746032,0.5329092741012573,0.5041589140892029,297.3763427734375,297.1499938964844,293.1499938964844,0.0,-0.0,287.6253356933594,0.8787693381309509,0.3637822866439819,0.2549588978290558,297.1929931640625,297.1499938964844,293.1499938964844,0.0,-0.0,287.6252136230469,0.8525599241256714,0.3311570286750793,0.3151599466800689,297.1590881347656,297.1499938964844,293.1499938964844,0.0,-0.0,287.62457275390625,0.7619786858558655,0.2341030538082122,1.0618393421173096,287.62554931640625,288.2618408203125,291.4791564941406,287.5266418457031,291.4794311523437,297.2463684082031,287.6282043457031,1.0,0.5302650332450867,1.0,1.0,0.0,1.0,-2.840759992599488,2.840753555297852,6.485953690571478e-06,2.19312071800232,0.3979197144508362,0.3979197144508362,0.0,121.8301010131836,102.0,11051.9970703125,-0.0,1899.87841796875,1.0,283.1499938964844,287.18145751953125,290.4918518066406,291.32135009765625,293.1499938964844,293.1499938964844,283.1499938964844,18340.197265625,18000.0,313.1499938964844,0.0,18000.0,1.0,0.0,0.0,0.0,1.0,0.477735310792923,1.0,0.0,0.0,0.6508616805076599,0.6508655548095703,2.8266423868217323e-08,4.265924453735352,4.265914440155029,9.78592834144365e-06,0.0,0.0,-0.0,3607.83203125,0.0,32.02037811279297,1895.4371337890625,0.0,443.1351623535156,0.269378513097763,1.0,0.0,3.0,1.0,0.0
11973120,297.16973876953125,297.1499938964844,293.1499938964844,0.0,-0.0,287.624755859375,0.7824219465255737,0.2535607516765594,0.2299538701772689,297.2361145019531,297.1499938964844,293.1499938964844,0.0,-0.0,287.62579345703125,0.9990000128746032,0.5329092741012573,0.5041589140892029,297.3763427734375,297.1499938964844,293.1499938964844,0.0,-0.0,287.6253356933594,0.8787693381309509,0.3637822866439819,0.2549588978290558,297.1929931640625,297.1499938964844,293.1499938964844,0.0,-0.0,287.6252136230469,0.8525599241256714,0.3311570286750793,0.3151599466800689,297.1590881347656,297.1499938964844,293.1499938964844,0.0,-0.0,287.62457275390625,0.7619786858558655,0.2341030538082122,1.0618393421173096,287.62554931640625,288.2618408203125,291.4791564941406,287.5266418457031,291.4794311523437,297.2463684082031,287.6282043457031,1.0,0.5302650332450867,1.0,1.0,0.0,1.0,-2.840759992599488,2.840753555297852,6.485953690571478e-06,2.19312071800232,0.3979197144508362,0.3979197144508362,0.0,121.8301010131836,102.0,11051.9970703125,-0.0,1899.87841796875,1.0,283.1499938964844,287.18145751953125,290.4918518066406,291.32135009765625,293.1499938964844,293.1499938964844,283.1499938964844,18340.197265625,18000.0,313.1499938964844,0.0,18000.0,1.0,0.0,0.0,0.0,1.0,0.477735310792923,1.0,0.0,0.0,0.6508616805076599,0.6508655548095703,2.8266423868217323e-08,4.265924453735352,4.265914440155029,9.78592834144365e-06,0.0,0.0,-0.0,3607.83203125,0.0,32.02037811279297,1895.4371337890625,0.0,443.1351623535156,0.269378513097763,1.0,0.0,3.0,1.0,0.0
11973180,297.1767578125,297.1499938964844,293.1499938964844,0.0,-0.0,287.6718139648437,0.7953920960426331,0.2545249760150909,0.230613112449646,297.26025390625,297.1499938964844,293.1499938964844,0.0,-0.0,287.67242431640625,0.9990000128746032,0.5364145636558533,0.4836786389350891,297.38800048828125,297.1499938964844,293.1499938964844,0.0,-0.0,287.67218017578125,0.8955894112586975,0.3678315281867981,0.257602334022522,297.20025634765625,297.1499938964844,293.1499938964844,0.0,-0.0,287.6720886230469,0.8661937117576599,0.3324390351772308,0.3161499202251434,297.166015625,297.1499938964844,293.1499938964844,0.0,-0.0,287.67169189453125,0.7742002010345459,0.2349207550287246,1.0644330978393557,287.6723022460937,288.27716064453125,291.466796875,287.4995422363281,291.467041015625,297.2605285644531,287.67388916015625,1.0,0.5237228274345398,1.0,1.0,0.0,1.0,-2.824376583099365,2.824370145797729,6.411987669707742e-06,2.1807594299316406,0.390086829662323,0.390086829662323,0.0,115.32508850097656,90.0,10835.5029296875,-0.0,1842.588623046875,1.0,283.1499938964844,287.2315368652344,290.4637451171875,291.2772827148437,293.1499938964844,293.1499938964844,283.1499938964844,18308.94921875,18000.0,313.1499938964844,0.0,18000.0,1.0,0.0,0.0,0.0,1.0,0.4705480933189392,1.0,0.0,0.0,0.6314383149147034,0.631442129611969,2.6604512370909106e-08,4.265924453735352,4.265914440155029,9.78592834144365e-06,0.0,0.0,-0.0,3540.49658203125,0.0,30.642562866210938,1895.4371337890625,0.0,424.3447570800781,0.2667691111564636,1.0,0.0,3.0,1.0,0.0
11973240,297.1767578125,297.1499938964844,293.1499938964844,0.0,-0.0,287.6718139648437,0.7953920960426331,0.2545249760150909,0.230613112449646,297.26025390625,297.1499938964844,293.1499938964844,0.0,-0.0,287.67242431640625,0.9990000128746032,0.5364145636558533,0.4836786389350891,297.38800048828125,297.1499938964844,293.1499938964844,0.0,-0.0,287.67218017578125,0.8955894112586975,0.3678315281867981,0.257602334022522,297.20025634765625,297.1499938964844,293.1499938964844,0.0,-0.0,287.6720886230469,0.8661937117576599,0.3324390351772308,0.3161499202251434,297.166015625,297.1499938964844,293.1499938964844,0.0,-0.0,287.67169189453125,0.7742002010345459,0.2349207550287246,1.0644330978393557,287.6723022460937,288.27716064453125,291.466796875,287.4995422363281,291.467041015625,297.2605285644531,287.67388916015625,1.0,0.5237228274345398,1.0,1.0,0.0,1.0,-2.824376583099365,2.824370145797729,6.411987669707742e-06,2.1807594299316406,0.390086829662323,0.390086829662323,0.0,115.32508850097656,90.0,10835.5029296875,-0.0,1842.588623046875,1.0,283.1499938964844,287.2315368652344,290.4637451171875,291.2772827148437,293.1499938964844,293.1499938964844,283.1499938964844,18308.94921875,18000.0,313.1499938964844,0.0,18000.0,1.0,0.0,0.0,0.0,1.0,0.4705480933189392,1.0,0.0,0.0,0.6314383149147034,0.631442129611969,2.6604512370909106e-08,4.265924453735352,4.265914440155029,9.78592834144365e-06,0.0,0.0,-0.0,3540.49658203125,0.0,30.642562866210938,1895.4371337890625,0.0,424.3447570800781,0.2667691111564636,1.0,0.0,3.0,1.0,0.0
11973300,297.17974853515625,297.1499938964844,293.1499938964844,0.0,-0.0,287.6901550292969,0.8032701015472412,0.254988431930542,0.2309084385633468,297.283203125,297.1499938964844,293.1499938964844,0.0,-0.0,287.6907043457031,0.9990000128746032,0.5393645763397217,0.4705759882926941,297.393310546875,297.1499938964844,293.1499938964844,0.0,-0.0,287.69049072265625,0.905713140964508,0.3698605298995971,0.258913516998291,297.2033996582031,297.1499938964844,293.1499938964844,0.0,-0.0,287.6904296875,0.874650239944458,0.3330654799938202,0.3166128098964691,297.1691589355469,297.1499938964844,293.1499938964844,0.0,-0.0,287.6900634765625,0.7817642688751221,0.2353310883045196,1.0656394958496094,287.6905822753906,288.2833557128906,291.4617919921875,287.48748779296875,291.4620056152344,297.2720642089844,287.6920166015625,1.0,0.519650399684906,1.0,1.0,0.0,1.0,-2.812657356262207,2.812650918960572,6.358911832649028e-06,2.171722173690796,0.386257141828537,0.386257141828537,0.0,111.54519653320312,90.0,10726.2275390625,-0.0,1806.1009521484373,1.0,283.1499938964844,287.2518920898437,290.4512939453125,291.2565002441406,293.1499938964844,293.1499938964844,283.1499938964844,18295.708984375,18000.0,313.1499938964844,0.0,18000.0,1.0,0.0,0.0,0.0,1.0,0.46690833568573,1.0,0.0,0.0,0.6221575140953064,0.622161328792572,2.5828203575883893e-08,4.265924453735352,4.265914440155029,9.78592834144365e-06,0.0,0.0,-0.0,3504.423828125,0.0,29.9998779296875,1895.4371337890625,0.0,415.1382751464844,0.2655468583106994,1.0,0.0,3.0,1.0,0.0
11973360,297.1824645996094,297.1499938964844,293.1499938964844,0.0,-0.0,287.7069091796875,0.812006413936615,0.255443662405014,0.2311868369579315,297.3116149902344,297.1499938964844,293.1499938964844,0.0,-0.0,287.7073974609375,0.9990000128746032,0.5429988503456116,0.4561711549758911,297.3983459472656,297.1499938964844,293.1499938964844,0.0,-0.0,287.70721435546875,0.91799134016037,0.371896892786026,0.2602222561836242,297.2062683105469,297.1499938964844,293.1499938964844,0.0,-0.0,287.7071533203125,0.8843685984611511,0.333684891462326,0.3170596063137054,297.1721496582031,297.1499938964844,293.1499938964844,0.0,-0.0,287.7068176269531,0.7904317378997803,0.2357478141784668,1.066824436187744,287.7073059082031,288.2885131835937,291.4576416015625,287.4764709472656,291.4577941894531,297.2869567871094,287.7085876464844,1.0,0.5151435732841492,1.0,1.0,0.0,1.0,-2.7992162704467773,2.7992100715637207,6.298289918049704e-06,2.1613478660583496,0.3824986517429352,0.3824986517429352,0.0,107.47667694091795,93.0,10617.6123046875,-0.0,1765.94287109375,1.0,283.1499938964844,287.2708435058594,290.4396667480469,291.23651123046875,293.1499938964844,293.1499938964844,283.1499938964844,18283.05078125,18000.0,313.1499938964844,0.0,18000.0,1.0,0.0,0.0,0.0,1.0,0.4631980359554291,1.0,0.0,0.0,0.613175630569458,0.6131794452667236,2.50878375851471e-08,4.265924453735352,4.265914440155029,9.78592834144365e-06,0.0,0.0,-0.0,3468.478759765625,0.0,29.38614654541016,1895.4371337890625,0.0,405.9596252441406,0.2643769085407257,1.0,0.0,3.0,1.0,0.0
11973420,297.187744140625,297.1499938964844,293.1499938964844,0.0,-0.0,287.7452392578125,0.823374330997467,0.2563892304897308,0.2318578064441681,297.3721008300781,297.1499938964844,293.1499938964844,0.0,-0.0,287.745849609375,0.9990000128746032,0.5511810183525085,0.4378349184989929,297.4083557128906,297.1499938964844,293.1499938964844,0.0,-0.0,287.7456970214844,0.9365313053131104,0.3760562539100647,0.2629624605178833,297.2118225097656,297.1499938964844,293.1499938964844,0.0,-0.0,287.7455749511719,0.8978847861289978,0.3349615633487701,0.3180761337280273,297.1784362792969,297.1499938964844,293.1499938964844,0.0,-0.0,287.7451171875,0.802448034286499,0.2366648316383361,1.0699787139892578,287.74578857421875,288.2955627441406,291.45196533203125,287.45770263671875,291.4520568847656,297.3224182128906,287.7476806640625,1.0,0.5105892419815063,1.0,1.0,0.0,1.0,-2.7862701416015625,2.786263942718506,6.239559297682717e-06,2.151071071624756,0.3753584325313568,0.3753584325313568,0.0,102.6017074584961,96.0,10433.4736328125,-0.0,1723.0772705078125,1.0,283.1499938964844,287.3100891113281,290.419677734375,291.20025634765625,293.1499938964844,293.1499938964844,283.1499938964844,18256.41015625,18000.0,313.1499938964844,0.0,18000.0,1.0,0.0,0.0,0.0,1.0,0.4555833637714386,1.0,0.0,0.0,0.5963037014007568,0.5963074564933777,2.3726215658825825e-08,4.265924453735352,4.265914440155029,9.78592834144365e-06,0.0,0.0,-0.0,3402.879638671875,0.0,28.25076675415039,1895.4371337890625,0.0,387.7485656738281,0.2621997594833374,1.0,0.0,3.0,1.0,0.0
11973480,297.187744140625,297.1499938964844,293.1499938964844,0.0,-0.0,287.7452392578125,0.823374330997467,0.2563892304897308,0.2318578064441681,297.3721008300781,297.1499938964844,293.1499938964844,0.0,-0.0,287.745849609375,0.9990000128746032,0.5511810183525085,0.4378349184989929,297.4083557128906,297.1499938964844,293.1499938964844,0.0,-0.0,287.7456970214844,0.9365313053131104,0.3760562539100647,0.2629624605178833,297.2118225097656,297.1499938964844,293.1499938964844,0.0,-0.0,287.7455749511719,0.8978847861289978,0.3349615633487701,0.3180761337280273,297.1784362792969,297.1499938964844,293.1499938964844,0.0,-0.0,287.7451171875,0.802448034286499,0.2366648316383361,1.0699787139892578,287.74578857421875,288.2955627441406,291.45196533203125,287.45770263671875,291.4520568847656,297.3224182128906,287.7476806640625,1.0,0.5105892419815063,1.0,1.0,0.0,1.0,-2.7862701416015625,2.786263942718506,6.239559297682717e-06,2.151071071624756,0.3753584325313568,0.3753584325313568,0.0,102.6017074584961,96.0,10433.4736328125,-0.0,1723.0772705078125,1.0,283.1499938964844,287.3100891113281,290.419677734375,291.20025634765625,293.1499938964844,293.1499938964844,283.1499938964844,18256.41015625,18000.0,313.1499938964844,0.0,18000.0,1.0,0.0,0.0,0.0,1.0,0.4555833637714386,1.0,0.0,0.0,0.5963037014007568,0.5963074564933777,2.3726215658825825e-08,4.265924453735352,4.265914440155029,9.78592834144365e-06,0.0,0.0,-0.0,3402.879638671875,0.0,28.25076675415039,1895.4371337890625,0.0,387.7485656738281,0.2621997594833374,1.0,0.0,3.0,1.0,0.0
11973540,297.1929931640625,297.1499938964844,293.1499938964844,0.0,-0.0,287.7915344238281,0.8306706547737122,0.2573992013931274,0.2326528131961822,297.42218017578125,297.1499938964844,293.1499938964844,0.0,-0.0,287.7922058105469,0.9990000128746032,0.5590823292732239,0.4270395040512085,297.4183959960937,297.1499938964844,293.1499938964844,0.0,-0.0,287.7920227050781,0.9493374824523926,0.380347192287445,0.2658458948135376,297.2172546386719,297.1499938964844,293.1499938964844,0.0,-0.0,287.7919006347656,0.9068365097045898,0.3362964987754822,0.3192193806171417,297.1849365234375,297.1499938964844,293.1499938964844,0.0,-0.0,287.7914123535156,0.810257077217102,0.2376846820116043,1.0739619731903076,287.7921142578125,288.2980041503906,291.45001220703125,287.44354248046875,291.45001220703125,297.3543395996094,287.79425048828125,1.0,0.5087022185325623,1.0,1.0,0.0,1.0,-2.783869981765747,2.783863544464112,6.228619895409793e-06,2.1491286754608154,0.3688978552818298,0.3688978552818298,0.0,100.0127410888672,99.0,10284.0146484375,-0.0,1707.1749267578125,1.0,283.1499938964844,287.3547668457031,290.4065856933594,291.1729736328125,293.1499938964844,293.1499938964844,283.1499938964844,18226.720703125,18000.0,313.1499938964844,0.0,18000.0,1.0,0.0,0.0,0.0,1.0,0.4481461346149444,1.0,0.0,0.0,0.5812743902206421,0.5812781453132629,2.2545290079278857e-08,4.265924453735352,4.265914440155029,9.78592834144365e-06,0.0,0.0,-0.0,3351.225830078125,0.0,27.254932403564453,1895.4371337890625,0.0,370.7335815429688,0.2602686882019043,1.0,0.0,3.0,1.0,0.0
11973600,297.1929931640625,297.1499938964844,293.1499938964844,0.0,-0.0,287.7915344238281,0.8306706547737122,0.2573992013931274,0.2326528131961822,297.42218017578125,297.1499938964844,293.1499938964844,0.0,-0.0,287.7922058105469,0.9990000128746032,0.5590823292732239,0.4270395040512085,297.4183959960937,297.1499938964844,293.1499938964844,0.0,-0.0,287.7920227050781,0.9493374824523926,0.380347192287445,0.2658458948135376,297.2172546386719,297.1499938964844,293.1499938964844,0.0,-0.0,287.7919006347656,0.9068365097045898,0.3362964987754822,0.3192193806171417,297.1849365234375,297.1499938964844,293.1499938964844,0.0,-0.0,287.7914123535156,0.810257077217102,0.2376846820116043,1.0739619731903076,287.7921142578125,288.2980041503906,291.45001220703125,287.44354248046875,291.45001220703125,297.3543395996094,287.79425048828125,1.0,0.5087022185325623,1.0,1.0,0.0,1.0,-2.783869981765747,2.783863544464112,6.228619895409793e-06,2.1491286754608154,0.3688978552818298,0.3688978552818298,0.0,100.0127410888672,99.0,10284.0146484375,-0.0,1707.1749267578125,1.0,283.1499938964844,287.3547668457031,290.4065856933594,291.1729736328125,293.1499938964844,293.1499938964844,283.1499938964844,18226.720703125,18000.0,313.1499938964844,0.0,18000.0,1.0,0.0,0.0,0.0,1.0,0.4481461346149444,1.0,0.0,0.0,0.5812743902206421,0.5812781453132629,2.2545290079278857e-08,4.265924453735352,4.265914440155029,9.78592834144365e-06,0.0,0.0,-0.0,3351.225830078125,0.0,27.254932403564453,1895.4371337890625,0.0,370.7335815429688,0.2602686882019043,1.0,0.0,3.0,1.0,0.0
11973660,297.1981811523437,297.1499938964844,293.1499938964844,0.0,-0.0,287.8408508300781,0.8350548148155212,0.2584706544876098,0.2335513979196548,297.4593505859375,297.1499938964844,293.1499938964844,0.0,-0.0,287.84149169921875,0.9990000128746032,0.5663104057312012,0.4215055406093597,297.428466796875,297.1499938964844,293.1499938964844,0.0,-0.0,287.84136962890625,0.9577279090881348,0.3847669661045074,0.2688558399677276,297.2226257324219,297.1499938964844,293.1499938964844,0.0,-0.0,287.8412170410156,0.912516713142395,0.3376926481723785,0.3204687237739563,297.1914367675781,297.1499938964844,293.1499938964844,0.0,-0.0,287.8406982421875,0.814814031124115,0.2387849539518356,1.0785655975341797,287.8414306640625,288.2980041503906,291.45001220703125,287.43212890625,291.45001220703125,297.379638671875,287.8436584472656,1.0,0.5087898373603821,1.0,1.0,0.0,1.0,-2.7889437675476074,2.788937568664551,6.251273589441553e-06,2.15301251411438,0.3631418347358703,0.3631418347358703,0.0,98.94292449951172,117.0,10162.52734375,-0.0,1709.7239990234375,1.0,283.1499938964844,287.4010314941406,290.4004211425781,291.155517578125,293.1499938964844,293.1499938964844,283.1499938964844,18197.037109375,18000.0,313.1499938964844,0.0,18000.0,1.0,0.0,0.0,0.0,1.0,0.4417377412319183,1.0,0.0,0.0,0.5681168437004089,0.5681205987930298,2.15361879440934e-08,4.265924453735352,4.265914440155029,9.78592834144365e-06,0.0,0.0,-0.0,3310.743896484375,0.0,26.39615631103516,1895.4371337890625,0.0,356.6462707519531,0.2585879564285278,1.0,0.0,3.0,1.0,0.0
11973720,297.1981811523437,297.1499938964844,293.1499938964844,0.0,-0.0,287.8408508300781,0.8350548148155212,0.2584706544876098,0.2335513979196548,297.4593505859375,297.1499938964844,293.1499938964844,0.0,-0.0,287.84149169921875,0.9990000128746032,0.5663104057312012,0.4215055406093597,297.428466796875,297.1499938964844,293.1499938964844,0.0,-0.0,287.84136962890625,0.9577279090881348,0.3847669661045074,0.2688558399677276,297.2226257324219,297.1499938964844,293.1499938964844,0.0,-0.0,287.8412170410156,0.912516713142395,0.3376926481723785,0.3204687237739563,297.1914367675781,297.1499938964844,293.1499938964844,0.0,-0.0,287.8406982421875,0.814814031124115,0.2387849539518356,1.0785655975341797,287.8414306640625,288.2980041503906,291.45001220703125,287.43212890625,291.45001220703125,297.379638671875,287.8436584472656,1.0,0.5087898373603821,1.0,1.0,0.0,1.0,-2.7889437675476074,2.788937568664551,6.251273589441553e-06,2.15301251411438,0.3631418347358703,0.3631418347358703,0.0,98.94292449951172,117.0,10162.52734375,-0.0,1709.7239990234375,1.0,283.1499938964844,287.4010314941406,290.4004211425781,291.155517578125,293.1499938964844,293.1499938964844,283.1499938964844,18197.037109375,18000.0,313.1499938964844,0.0,18000.0,1.0,0.0,0.0,0.0,1.0,0.4417377412319183,1.0,0.0,0.0,0.5681168437004089,0.5681205987930298,2.15361879440934e-08,4.265924453735352,4.265914440155029,9.78592834144365e-06,0.0,0.0,-0.0,3310.743896484375,0.0,26.39615631103516,1895.4371337890625,0.0,356.6462707519531,0.2585879564285278,1.0,0.0,3.0,1.0,0.0
11973780,297.20367431640625,297.1499938964844,293.1499938964844,0.0,-0.0,287.8988952636719,0.8286723494529724,0.2596355378627777,0.2346750050783157,297.47625732421875,297.1499938964844,293.1499938964844,0.0,-0.0,287.8997802734375,0.9990000128746032,0.5719740986824036,0.4341033697128296,297.4388427734375,297.1499938964844,293.1499938964844,0.0,-0.0,287.8995666503906,0.9517123699188232,0.3893477916717529,0.2720860540866852,297.2283630371094,297.1499938964844,293.1499938964844,0.0,-0.0,287.8993530273437,0.9043089747428894,0.3391920328140259,0.321960985660553,297.1980285644531,297.1499938964844,293.1499938964844,0.0,-0.0,287.8987121582031,0.8084338307380676,0.2399767935276031,1.084317922592163,287.899658203125,288.2980041503906,291.45001220703125,287.4212951660156,291.45001220703125,297.3946838378906,287.90264892578125,1.0,0.5158776044845581,1.0,1.0,0.0,1.0,-2.8179924488067627,2.817986011505127,6.381616458384087e-06,2.1751835346221924,0.3582005798816681,0.3582005798816681,0.0,102.89064025878906,135.0,10089.9150390625,-0.0,1772.833984375,1.0,283.1499938964844,287.45068359375,290.39764404296875,291.1448669433594,293.1499938964844,293.1499938964844,283.1499938964844,18167.09375,18000.0,313.1499938964844,0.0,18000.0,1.0,0.0,0.0,0.0,1.0,0.4369881153106689,1.0,0.0,0.0,0.556876003742218,0.5568796992301941,2.069238291824149e-08,4.265924453735352,4.265914440155029,9.78592834144365e-06,0.0,0.0,-0.0,3282.764892578125,0.0,25.669906616210938,1895.4371337890625,0.0,346.528564453125,0.2571514248847961,1.0,0.0,3.0,1.0,0.0
11973840,297.20367431640625,297.1499938964844,293.1499938964844,0.0,-0.0,287.8988952636719,0.8286723494529724,0.2596355378627777,0.2346750050783157,297.47625732421875,297.1499938964844,293.1499938964844,0.0,-0.0,287.8997802734375,0.9990000128746032,0.5719740986824036,0.4341033697128296,297.4388427734375,297.1499938964844,293.1499938964844,0.0,-0.0,287.8995666503906,0.9517123699188232,0.3893477916717529,0.2720860540866852,297.2283630371094,297.1499938964844,293.1499938964844,0.0,-0.0,287.8993530273437,0.9043089747428894,0.3391920328140259,0.321960985660553,297.1980285644531,297.1499938964844,293.1499938964844,0.0,-0.0,287.8987121582031,0.8084338307380676,0.2399767935276031,1.084317922592163,287.899658203125,288.2980041503906,291.45001220703125,287.4212951660156,291.45001220703125,297.3946838378906,287.90264892578125,1.0,0.5158776044845581,1.0,1.0,0.0,1.0,-2.8179924488067627,2.817986011505127,6.381616458384087e-06,2.1751835346221924,0.3582005798816681,0.3582005798816681,0.0,102.89064025878906,135.0,10089.9150390625,-0.0,1772.833984375,1.0,283.1499938964844,287.45068359375,290.39764404296875,291.1448669433594,293.1499938964844,293.1499938964844,283.1499938964844,18167.09375,18000.0,313.1499938964844,0.0,18000.0,1.0,0.0,0.0,0.0,1.0,0.4369881153106689,1.0,0.0,0.0,0.556876003742218,0.5568796992301941,2.069238291824149e-08,4.265924453735352,4.265914440155029,9.78592834144365e-06,0.0,0.0,-0.0,3282.764892578125,0.0,25.669906616210938,1895.4371337890625,0.0,346.528564453125,0.2571514248847961,1.0,0.0,3.0,1.0,0.0
11973900,297.2064819335937,297.1499938964844,293.1499938964844,0.0,-0.0,287.9322204589844,0.822487473487854,0.2602511346340179,0.2353188842535019,297.4729309082031,297.1499938964844,293.1499938964844,0.0,-0.0,287.93316650390625,0.9990000128746032,0.5737171769142151,0.4459098875522613,297.44415283203125,297.1499938964844,293.1499938964844,0.0,-0.0,287.93292236328125,0.9444494843482972,0.391698271036148,0.2737831473350525,297.2313537597656,297.1499938964844,293.1499938964844,0.0,-0.0,287.9327087402344,0.8967942595481873,0.3399818241596222,0.3227988481521606,297.201171875,297.1499938964844,293.1499938964844,0.0,-0.0,287.9320373535156,0.8019035458564758,0.2405897080898285,1.087555170059204,287.9330444335937,288.2980041503906,291.45001220703125,287.41607666015625,291.45001220703125,297.3957214355469,287.9361572265625,1.0,0.521316409111023,1.0,1.0,0.0,1.0,-2.839885711669922,2.839879035949707,6.481142463599099e-06,2.1920745372772217,0.3561015427112579,0.3561015427112579,0.0,106.48796081542967,135.0,10070.107421875,-0.0,1824.20361328125,1.0,283.1499938964844,287.478271484375,290.39697265625,291.1418151855469,293.1499938964844,293.1499938964844,283.1499938964844,18151.35546875,18000.0,313.1499938964844,0.0,18000.0,1.0,0.0,0.0,0.0,1.0,0.4353048503398895,1.0,0.0,0.0,0.5520956516265869,0.552099347114563,2.0338648099027523e-08,4.265924453735352,4.265914440155029,9.78592834144365e-06,0.0,0.0,-0.0,3275.36328125,0.0,25.36119079589844,1895.4371337890625,0.0,343.006103515625,0.2565319836139679,1.0,0.0,3.0,1.0,0.0
11973960,297.2092590332031,297.1499938964844,293.1499938964844,0.0,-0.0,287.9667663574219,0.8149826526641846,0.2608832418918609,0.2360069453716278,297.4621887207031,297.1499938964844,293.1499938964844,0.0,-0.0,287.9678039550781,0.9990000128746032,0.5747114419937134,0.4604194462299347,297.449462890625,297.1499938964844,293.1499938964844,0.0,-0.0,287.967529296875,0.9352210164070128,0.3940820395946502,0.2755264043807983,297.234375,297.1499938964844,293.1499938964844,0.0,-0.0,287.96728515625,0.8878310918807983,0.3407948017120361,0.3236885666847229,297.2041015625,297.1499938964844,293.1499938964844,0.0,-0.0,287.96661376953125,0.7939907312393188,0.241202563047409,1.0909466743469238,287.9676208496094,288.2980041503906,291.45001220703125,287.4109802246094,291.45001220703125,297.39263916015625,287.9708251953125,1.0,0.5277519226074219,1.0,1.0,0.0,1.0,-2.8653860092163086,2.8653793334960938,6.598106665478554e-06,2.211779832839966,0.354246586561203,0.354246586561203,0.0,110.96800994873048,153.0,10059.1533203125,-0.0,1886.385986328125,1.0,283.1499938964844,287.50653076171875,290.39654541015625,291.13995361328125,293.1499938964844,293.1499938964844,283.1499938964844,18135.6953125,18000.0,313.1499938964844,0.0,18000.0,1.0,0.0,0.0,0.0,1.0,0.4340998530387878,1.0,0.0,0.0,0.5478624105453491,0.5478661060333252,2.0027950853318544e-08,4.265924453735352,4.265914440155029,9.78592834144365e-06,0.0,0.0,-0.0,3271.427490234375,0.0,25.08766365051269,1895.4371337890625,0.0,340.5043334960937,0.2559780478477478,1.0,0.0,3.0,1.0,0.0
11974020,297.214599609375,297.1499938964844,293.1499938964844,0.0,-0.0,288.0368347167969,0.7968716025352478,0.2621757686138153,0.2374862730503082,297.4217834472656,297.1499938964844,293.1499938964844,0.0,-0.0,288.03790283203125,0.9990000128746032,0.5745903253555298,0.4954042732715606,297.4598083496094,297.1499938964844,293.1499938964844,0.0,-0.0,288.0375671386719,0.9136652946472168,0.3989235460758209,0.2791253328323364,297.2403869628906,297.1499938964844,293.1499938964844,0.0,-0.0,288.0373229980469,0.8677843809127808,0.3424737751483917,0.3255980610847473,297.20916748046875,297.1499938964844,293.1499938964844,0.0,-0.0,288.0366516113281,0.7760664224624634,0.242403969168663,1.098013162612915,288.0376892089844,288.2980041503906,291.45001220703125,287.4011535644531,291.45001220703125,297.3759460449219,288.04083251953125,1.0,0.5428966283798218,1.0,1.0,0.0,1.0,-2.9243195056915283,2.9243125915527344,6.872568974358728e-06,2.257384777069092,0.351245105266571,0.351245105266571,0.0,122.1733627319336,156.0,10059.3369140625,-0.0,2038.3101806640625,1.0,283.1499938964844,287.5629272460937,290.39569091796875,291.1386108398437,293.1499938964844,293.1499938964844,283.1499938964844,18105.486328125,18000.0,313.1499938964844,0.0,18000.0,1.0,0.0,0.0,0.0,1.0,0.4330234229564667,1.0,0.0,0.0,0.5409647226333618,0.5409683585166931,1.9526812167214306e-08,4.265924453735352,4.265914440155029,9.78592834144365e-06,0.0,0.0,-0.0,3271.96533203125,0.0,24.64039802551269,1895.4371337890625,0.0,338.28326416015625,0.2550587356090545,1.0,0.0,3.0,1.0,0.0
11974080,297.214599609375,297.1499938964844,293.1499938964844,0.0,-0.0,288.0368347167969,0.7968716025352478,0.2621757686138153,0.2374862730503082,297.4217834472656,297.1499938964844,293.1499938964844,0.0,-0.0,288.03790283203125,0.9990000128746032,0.5745903253555298,0.4954042732715606,297.4598083496094,297.1499938964844,293.1499938964844,0.0,-0.0,288.0375671386719,0.9136652946472168,0.3989235460758209,0.2791253328323364,297.2403869628906,297.1499938964844,293.1499938964844,0.0,-0.0,288.0373229980469,0.8677843809127808,0.3424737751483917,0.3255980610847473,297.20916748046875,297.1499938964844,293.1499938964844,0.0,-0.0,288.0366516113281,0.7760664224624634,0.242403969168663,1.098013162612915,288.0376892089844,288.2980041503906,291.45001220703125,287.4011535644531,291.45001220703125,297.3759460449219,288.04083251953125,1.0,0.5428966283798218,1.0,1.0,0.0,1.0,-2.9243195056915283,2.9243125915527344,6.872568974358728e-06,2.257384777069092,0.351245105266571,0.351245105266571,0.0,122.1733627319336,156.0,10059.3369140625,-0.0,2038.3101806640625,1.0,283.1499938964844,287.5629272460937,290.39569091796875,291.1386108398437,293.1499938964844,293.1499938964844,283.1499938964844,18105.486328125,18000.0,313.1499938964844,0.0,18000.0,1.0,0.0,0.0,0.0,1.0,0.4330234229564667,1.0,0.0,0.0,0.5409647226333618,0.5409683585166931,1.9526812167214306e-08,4.265924453735352,4.265914440155029,9.78592834144365e-06,0.0,0.0,-0.0,3271.96533203125,0.0,24.64039802551269,1895.4371337890625,0.0,338.28326416015625,0.2550587356090545,1.0,0.0,3.0,1.0,0.0
11974140,297.2188720703125,297.1499938964844,293.1499938964844,0.0,-0.0,288.0970458984375,0.7840158343315125,0.2634268701076507,0.2388941943645477,297.3692626953125,297.1499938964844,293.1499938964844,0.0,-0.0,288.097900390625,0.9990000128746032,0.5727089643478394,0.5225445628166199,297.46893310546875,297.1499938964844,293.1499938964844,0.0,-0.0,288.0975952148437,0.9004356861114502,0.4037753939628601,0.2827069461345672,297.2455749511719,297.1499938964844,293.1499938964844,0.0,-0.0,288.097412109375,0.854253351688385,0.3441450595855713,0.327464759349823,297.2126770019531,297.1499938964844,293.1499938964844,0.0,-0.0,288.0968933105469,0.7637859582901001,0.2435088455677032,1.1044458150863647,288.0976867675781,288.2980041503906,291.45001220703125,287.3918151855469,291.45001220703125,297.352294921875,288.1000061035156,1.0,0.5547536611557007,1.0,1.0,0.0,1.0,-2.9729366302490234,2.9729294776916504,7.103999450919218e-06,2.295353889465332,0.3489950001239776,0.3489950001239776,0.0,131.4815216064453,159.0,10060.0751953125,-0.0,2168.290771484375,1.0,283.1499938964844,287.6129150390625,290.3934631347656,291.1380615234375,293.1499938964844,293.1499938964844,283.1499938964844,18079.86328125,18000.0,313.1499938964844,0.0,18000.0,1.0,0.0,0.0,0.0,1.0,0.4333985447883606,1.0,0.0,0.0,0.535829484462738,0.5358331799507141,1.9157848640816155e-08,4.265924453735352,4.265914440155029,9.78592834144365e-06,0.0,0.0,-0.0,3277.484375,0.0,24.30695533752441,1895.4371337890625,0.0,339.05584716796875,0.2543630003929138,1.0,0.0,3.0,1.0,0.0
11974200,297.2188720703125,297.1499938964844,293.1499938964844,0.0,-0.0,288.0970458984375,0.7840158343315125,0.2634268701076507,0.2388941943645477,297.3692626953125,297.1499938964844,293.1499938964844,0.0,-0.0,288.097900390625,0.9990000128746032,0.5727089643478394,0.5225445628166199,297.46893310546875,297.1499938964844,293.1499938964844,0.0,-0.0,288.0975952148437,0.9004356861114502,0.4037753939628601,0.2827069461345672,297.2455749511719,297.1499938964844,293.1499938964844,0.0,-0.0,288.097412109375,0.854253351688385,0.3441450595855713,0.327464759349823,297.2126770019531,297.1499938964844,293.1499938964844,0.0,-0.0,288.0968933105469,0.7637859582901001,0.2435088455677032,1.1044458150863647,288.0976867675781,288.2980041503906,291.45001220703125,287.3918151855469,291.45001220703125,297.352294921875,288.1000061035156,1.0,0.5547536611557007,1.0,1.0,0.0,1.0,-2.9729366302490234,2.9729294776916504,7.103999450919218e-06,2.295353889465332,0.3489950001239776,0.3489950001239776,0.0,131.4815216064453,159.0,10060.0751953125,-0.0,2168.290771484375,1.0,283.1499938964844,287.6129150390625,290.3934631347656,291.1380615234375,293.1499938964844,293.1499938964844,283.1499938964844,18079.86328125,18000.0,313.1499938964844,0.0,18000.0,1.0,0.0,0.0,0.0,1.0,0.4333985447883606,1.0,0.0,0.0,0.535829484462738,0.5358331799507141,1.9157848640816155e-08,4.265924453735352,4.265914440155029,9.78592834144365e-06,0.0,0.0,-0.0,3277.484375,0.0,24.30695533752441,1895.4371337890625,0.0,339.05584716796875,0.2543630003929138,1.0,0.0,3.0,1.0,0.0
11974260,297.22186279296875,297.1499938964844,293.1499938964844,0.0,-0.0,288.1431579589844,0.7743768692016602,0.2646037638187408,0.2402023524045944,297.3215026855469,297.1499938964844,293.1499938964844,0.0,-0.0,288.143798828125,0.998397171497345,0.570637583732605,0.5411500930786133,297.4765930175781,297.1499938964844,293.1499938964844,0.0,-0.0,288.1435852050781,0.8913943767547607,0.4085936546325683,0.2862404584884643,297.2496337890625,297.1499938964844,293.1499938964844,0.0,-0.0,288.1434326171875,0.8443253040313721,0.3457671701908111,0.3292528986930847,297.21490478515625,297.1499938964844,293.1499938964844,0.0,-0.0,288.14306640625,0.7546840310096741,0.2445315420627594,1.1102890968322754,288.1436462402344,288.2980041503906,291.45001220703125,287.3829040527344,291.45001220703125,297.3327941894531,288.1452941894531,1.0,0.5643383860588074,1.0,1.0,0.0,1.0,-3.010536432266236,3.0105292797088623,7.285822903213557e-06,2.3248085975646973,0.3472574353218078,0.3472574353218078,0.0,139.36007690429688,162.0,10058.89453125,-0.0,2274.864990234375,1.0,283.1499938964844,287.6513061523437,290.3880615234375,291.134521484375,293.1499938964844,293.1499938964844,283.1499938964844,18060.609375,18000.0,313.1499938964844,0.0,18000.0,1.0,0.0,0.0,0.0,1.0,0.4344906508922577,1.0,0.0,0.0,0.5319030284881592,0.5319066643714905,1.8878106189390564e-08,4.265924453735352,4.265914440155029,9.78592834144365e-06,0.0,0.0,-0.0,3280.9541015625,0.0,24.05410957336425,1895.4371337890625,0.0,341.3138732910156,0.2538349032402038,1.0,0.0,3.0,1.0,0.0
11974320,297.22186279296875,297.1499938964844,293.1499938964844,0.0,-0.0,288.1431579589844,0.7743768692016602,0.2646037638187408,0.2402023524045944,297.3215026855469,297.1499938964844,293.1499938964844,0.0,-0.0,288.143798828125,0.998397171497345,0.570637583732605,0.5411500930786133,297.4765930175781,297.1499938964844,293.1499938964844,0.0,-0.0,288.1435852050781,0.8913943767547607,0.4085936546325683,0.2862404584884643,297.2496337890625,297.1499938964844,293.1499938964844,0.0,-0.0,288.1434326171875,0.8443253040313721,0.3457671701908111,0.3292528986930847,297.21490478515625,297.1499938964844,293.1499938964844,0.0,-0.0,288.14306640625,0.7546840310096741,0.2445315420627594,1.1102890968322754,288.1436462402344,288.2980041503906,291.45001220703125,287.3829040527344,291.45001220703125,297.3327941894531,288.1452941894531,1.0,0.5643383860588074,1.0,1.0,0.0,1.0,-3.010536432266236,3.0105292797088623,7.285822903213557e-06,2.3248085975646973,0.3472574353218078,0.3472574353218078,0.0,139.36007690429688,162.0,10058.89453125,-0.0,2274.864990234375,1.0,283.1499938964844,287.6513061523437,290.3880615234375,291.134521484375,293.1499938964844,293.1499938964844,283.1499938964844,18060.609375,18000.0,313.1499938964844,0.0,18000.0,1.0,0.0,0.0,0.0,1.0,0.4344906508922577,1.0,0.0,0.0,0.5319030284881592,0.5319066643714905,1.8878106189390564e-08,4.265924453735352,4.265914440155029,9.78592834144365e-06,0.0,0.0,-0.0,3280.9541015625,0.0,24.05410957336425,1895.4371337890625,0.0,341.3138732910156,0.2538349032402038,1.0,0.0,3.0,1.0,0.0
11974380,297.222900390625,297.1499938964844,293.1499938964844,0.0,-0.0,288.1694030761719,0.763377845287323,0.2656221985816955,0.2414473742246627,297.2945251464844,297.1499938964844,293.1499938964844,0.0,-0.0,288.1697692871094,0.9857743382453918,0.5700494050979614,0.5404620170593262,297.482177734375,297.1499938964844,293.1499938964844,0.0,-0.0,288.1696472167969,0.8805955052375793,0.413296490907669,0.2897552251815796,297.2518005371094,297.1499938964844,293.1499938964844,0.0,-0.0,288.1695861816406,0.8331019282341003,0.3472514450550079,0.3309955596923828,297.2156677246094,297.1499938964844,293.1499938964844,0.0,-0.0,288.1693725585937,0.7444267868995667,0.2454304248094558,1.1159237623214722,288.169677734375,288.2980041503906,291.45001220703125,287.3743591308594,291.45001220703125,297.3242492675781,288.1706237792969,1.0,0.5710813403129578,1.0,1.0,0.0,1.0,-3.024091482162476,3.0240843296051025,7.352003649430117e-06,2.335456132888794,0.3457357585430145,0.3457357585430145,0.0,147.8826141357422,165.0,10034.8232421875,-0.0,2343.43017578125,1.0,283.1499938964844,287.6759948730469,290.3792419433594,291.1264953613281,293.1499938964844,293.1499938964844,283.1499938964844,18048.87890625,18000.0,313.1499938964844,0.0,18000.0,1.0,0.0,0.0,0.0,1.0,0.4355240166187286,1.0,0.0,0.0,0.5286344289779663,0.5286380648612976,1.86467996599049e-08,4.265924453735352,4.265914440155029,9.78592834144365e-06,0.0,0.0,-0.0,3277.851806640625,0.0,23.849422454833984,1895.4371337890625,0.0,343.4629211425781,0.2534163892269134,1.0,0.0,3.0,1.0,0.0
11974440,297.222900390625,297.1499938964844,293.1499938964844,0.0,-0.0,288.1694030761719,0.763377845287323,0.2656221985816955,0.2414473742246627,297.2945251464844,297.1499938964844,293.1499938964844,0.0,-0.0,288.1697692871094,0.9857743382453918,0.5700494050979614,0.5404620170593262,297.482177734375,297.1499938964844,293.1499938964844,0.0,-0.0,288.1696472167969,0.8805955052375793,0.413296490907669,0.2897552251815796,297.2518005371094,297.1499938964844,293.1499938964844,0.0,-0.0,288.1695861816406,0.8331019282341003,0.3472514450550079,0.3309955596923828,297.2156677246094,297.1499938964844,293.1499938964844,0.0,-0.0,288.1693725585937,0.7444267868995667,0.2454304248094558,1.1159237623214722,288.169677734375,288.2980041503906,291.45001220703125,287.3743591308594,291.45001220703125,297.3242492675781,288.1706237792969,1.0,0.5710813403129578,1.0,1.0,0.0,1.0,-3.024091482162476,3.0240843296051025,7.352003649430117e-06,2.335456132888794,0.3457357585430145,0.3457357585430145,0.0,147.8826141357422,165.0,10034.8232421875,-0.0,2343.43017578125,1.0,283.1499938964844,287.6759948730469,290.3792419433594,291.1264953613281,293.1499938964844,293.1499938964844,283.1499938964844,18048.87890625,18000.0,313.1499938964844,0.0,18000.0,1.0,0.0,0.0,0.0,1.0,0.4355240166187286,1.0,0.0,0.0,0.5286344289779663,0.5286380648612976,1.86467996599049e-08,4.265924453735352,4.265914440155029,9.78592834144365e-06,0.0,0.0,-0.0,3277.851806640625,0.0,23.849422454833984,1895.4371337890625,0.0,343.4629211425781,0.2534163892269134,1.0,0.0,3.0,1.0,0.0
11974500,297.2230834960937,297.1499938964844,293.1499938964844,0.0,-0.0,288.1800842285156,0.7597705125808716,0.2660997807979584,0.2419924587011337,297.2881164550781,297.1499938964844,293.1499938964844,0.0,-0.0,288.1804504394531,0.9812127947807312,0.5703330636024475,0.5407001972198486,297.4845275878906,297.1499938964844,293.1499938964844,0.0,-0.0,288.1803283691406,0.8773918151855469,0.4156316220760345,0.2914631366729736,297.25250244140625,297.1499938964844,293.1499938964844,0.0,-0.0,288.18023681640625,0.8294294476509094,0.3479639589786529,0.3317896723747253,297.2158508300781,297.1499938964844,293.1499938964844,0.0,-0.0,288.1800537109375,0.7410776019096375,0.245863452553749,1.1184296607971191,288.18035888671875,288.2980041503906,291.45001220703125,287.3702392578125,291.45001220703125,297.3228759765625,288.1812438964844,1.0,0.5738734006881714,1.0,1.0,0.0,1.0,-3.031053304672241,3.031045913696289,7.385959179373458e-06,2.340860843658448,0.3450600504875183,0.3450600504875183,0.0,151.11244201660156,165.0,10025.94140625,-0.0,2372.8603515625,1.0,283.1499938964844,287.6851501464844,290.37371826171875,291.12078857421875,293.1499938964844,293.1499938964844,283.1499938964844,18044.4375,18000.0,313.1499938964844,0.0,18000.0,1.0,0.0,0.0,0.0,1.0,0.4358034133911133,1.0,0.0,0.0,0.5271817445755005,0.5271853804588318,1.8544458413316534e-08,4.265924453735352,4.265914440155029,9.78592834144365e-06,0.0,0.0,-0.0,3274.875,0.0,23.75960159301757,1895.4371337890625,0.0,344.0460510253906,0.25323486328125,1.0,0.0,3.0,1.0,0.0
11974560,297.2231140136719,297.1499938964844,293.1499938964844,0.0,-0.0,288.19024658203125,0.7568972110748291,0.2665656208992004,0.2425078302621841,297.2840270996094,297.1499938964844,293.1499938964844,0.0,-0.0,288.1905517578125,0.9774421453475952,0.5708041787147522,0.5411528944969177,297.4867248535156,297.1499938964844,293.1499938964844,0.0,-0.0,288.1904602050781,0.8750452995300293,0.4179655611515045,0.2931551337242126,297.25299072265625,297.1499938964844,293.1499938964844,0.0,-0.0,288.1903686523437,0.8264978528022766,0.3486630618572235,0.3325516581535339,297.2159423828125,297.1499938964844,293.1499938964844,0.0,-0.0,288.190185546875,0.738411009311676,0.2462901622056961,1.120818257331848,288.19049072265625,288.2980041503906,291.45001220703125,287.3661804199219,291.45001220703125,297.322265625,288.1913452148437,1.0,0.5764069557189941,1.0,1.0,0.0,1.0,-3.038038730621338,3.0380313396453857,7.4201066126988735e-06,2.346283197402954,0.3444470167160034,0.3444470167160034,0.0,153.90231323242188,168.0,10018.5478515625,-0.0,2400.182373046875,1.0,283.1499938964844,287.6937255859375,290.36798095703125,291.1146545410156,293.1499938964844,293.1499938964844,283.1499938964844,18040.349609375,18000.0,313.1499938964844,0.0,18000.0,1.0,0.0,0.0,0.0,1.0,0.435894101858139,1.0,0.0,0.0,0.5258642435073853,0.5258679389953613,1.8451887129344868e-08,4.265924453735352,4.265914440155029,9.78592834144365e-06,0.0,0.0,-0.0,3272.247314453125,0.0,23.67823600769043,1895.4371337890625,0.0,344.2354736328125,0.253070205450058,1.0,0.0,3.0,1.0,0.0
11974620,297.2229309082031,297.1499938964844,293.1499938964844,0.0,-0.0,288.20904541015625,0.7525333762168884,0.267474502325058,0.2434817254543304,297.2792053222656,297.1499938964844,293.1499938964844,0.0,-0.0,288.2093505859375,0.9714654088020324,0.5720105171203613,0.5423691272735596,297.49078369140625,297.1499938964844,293.1499938964844,0.0,-0.0,288.2092590332031,0.8719713687896729,0.4226425588130951,0.2965166568756103,297.2536315917969,297.1499938964844,293.1499938964844,0.0,-0.0,288.2091979980469,0.8220213651657104,0.3500325679779053,0.3340104818344116,297.216064453125,297.1499938964844,293.1499938964844,0.0,-0.0,288.2090148925781,0.7343581318855286,0.2471369057893753,1.125381588935852,288.20928955078125,288.2980041503906,291.45001220703125,287.3583068847656,291.45001220703125,297.3221435546875,288.2100524902344,1.0,0.5809468626976013,1.0,1.0,0.0,1.0,-3.051952600479126,3.051945209503174,7.488343271688791e-06,2.35707688331604,0.3433938920497894,0.3433938920497894,0.0,158.60821533203125,171.0,10007.6318359375,-0.0,2450.5244140625,1.0,283.1499938964844,287.7094421386719,290.35723876953125,291.10284423828125,293.1499938964844,293.1499938964844,283.1499938964844,18033.00390625,18000.0,313.1499938964844,0.0,18000.0,1.0,0.0,0.0,0.0,1.0,0.4356565475463867,1.0,0.0,0.0,0.52359938621521,0.5236030220985413,1.8293286885295856e-08,4.265924453735352,4.265914440155029,9.78592834144365e-06,0.0,0.0,-0.0,3268.283447265625,0.0,23.53837776184082,1895.4371337890625,0.0,343.7393798828125,0.252786248922348,1.0,0.0,3.0,1.0,0.0
11974680,297.2229309082031,297.1499938964844,293.1499938964844,0.0,-0.0,288.20904541015625,0.7525333762168884,0.267474502325058,0.2434817254543304,297.2792053222656,297.1499938964844,293.1499938964844,0.0,-0.0,288.2093505859375,0.9714654088020324,0.5720105171203613,0.5423691272735596,297.49078369140625,297.1499938964844,293.1499938964844,0.0,-0.0,288.2092590332031,0.8719713687896729,0.4226425588130951,0.2965166568756103,297.2536315917969,297.1499938964844,293.1499938964844,0.0,-0.0,288.2091979980469,0.8220213651657104,0.3500325679779053,0.3340104818344116,297.216064453125,297.1499938964844,293.1499938964844,0.0,-0.0,288.2090148925781,0.7343581318855286,0.2471369057893753,1.125381588935852,288.20928955078125,288.2980041503906,291.45001220703125,287.3583068847656,291.45001220703125,297.3221435546875,288.2100524902344,1.0,0.5809468626976013,1.0,1.0,0.0,1.0,-3.051952600479126,3.051945209503174,7.488343271688791e-06,2.35707688331604,0.3433938920497894,0.3433938920497894,0.0,158.60821533203125,171.0,10007.6318359375,-0.0,2450.5244140625,1.0,283.1499938964844,287.7094421386719,290.35723876953125,291.10284423828125,293.1499938964844,293.1499938964844,283.1499938964844,18033.00390625,18000.0,313.1499938964844,0.0,18000.0,1.0,0.0,0.0,0.0,1.0,0.4356565475463867,1.0,0.0,0.0,0.52359938621521,0.5236030220985413,1.8293286885295856e-08,4.265924453735352,4.265914440155029,9.78592834144365e-06,0.0,0.0,-0.0,3268.283447265625,0.0,23.53837776184082,1895.4371337890625,0.0,343.7393798828125,0.252786248922348,1.0,0.0,3.0,1.0,0.0
11974740,297.2225341796875,297.1499938964844,293.1499938964844,0.0,-0.0,288.2260131835937,0.7492753267288208,0.2683592736721039,0.2444053441286087,297.2763366699219,297.1499938964844,293.1499938964844,0.0,-0.0,288.22625732421875,0.9667757749557496,0.5733543038368225,0.5437368154525757,297.4945068359375,297.1499938964844,293.1499938964844,0.0,-0.0,288.2261962890625,0.8701972961425781,0.4273392260074615,0.2998690605163574,297.25390625,297.1499938964844,293.1499938964844,0.0,-0.0,288.2261047363281,0.8186501264572144,0.3513725399971008,0.3354104459285736,297.2160949707031,297.1499938964844,293.1499938964844,0.0,-0.0,288.2259521484375,0.7313310503959656,0.2479787468910217,1.1297868490219116,288.2261962890625,288.2980041503906,291.45001220703125,287.3506774902344,291.45001220703125,297.3226013183594,288.2268981933594,1.0,0.5850298404693604,1.0,1.0,0.0,1.0,-3.0657167434692383,3.065709352493286,7.556125638075173e-06,2.3677432537078857,0.3425537645816803,0.3425537645816803,0.0,162.58160400390625,174.0,10001.4052734375,-0.0,2497.180419921875,1.0,283.1499938964844,287.7234191894531,290.3484191894531,291.0930480957031,293.1499938964844,293.1499938964844,283.1499938964844,18026.59375,18000.0,313.1499938964844,0.0,18000.0,1.0,0.0,0.0,0.0,1.0,0.4351745843887329,1.0,0.0,0.0,0.5217854380607605,0.5217890739440918,1.8166756987625376e-08,4.265924453735352,4.265914440155029,9.78592834144365e-06,0.0,0.0,-0.0,3266.004150390625,0.0,23.426130294799805,1895.4371337890625,0.0,342.7348937988281,0.2525568306446075,1.0,0.0,3.0,1.0,0.0
11974800,297.2225341796875,297.1499938964844,293.1499938964844,0.0,-0.0,288.2260131835937,0.7492753267288208,0.2683592736721039,0.2444053441286087,297.2763366699219,297.1499938964844,293.1499938964844,0.0,-0.0,288.22625732421875,0.9667757749557496,0.5733543038368225,0.5437368154525757,297.4945068359375,297.1499938964844,293.1499938964844,0.0,-0.0,288.2261962890625,0.8701972961425781,0.4273392260074615,0.2998690605163574,297.25390625,297.1499938964844,293.1499938964844,0.0,-0.0,288.2261047363281,0.8186501264572144,0.3513725399971008,0.3354104459285736,297.2160949707031,297.1499938964844,293.1499938964844,0.0,-0.0,288.2259521484375,0.7313310503959656,0.2479787468910217,1.1297868490219116,288.2261962890625,288.2980041503906,291.45001220703125,287.3506774902344,291.45001220703125,297.3226013183594,288.2268981933594,1.0,0.5850298404693604,1.0,1.0,0.0,1.0,-3.0657167434692383,3.065709352493286,7.556125638075173e-06,2.3677432537078857,0.3425537645816803,0.3425537645816803,0.0,162.58160400390625,174.0,10001.4052734375,-0.0,2497.180419921875,1.0,283.1499938964844,287.7234191894531,290.3484191894531,291.0930480957031,293.1499938964844,293.1499938964844,283.1499938964844,18026.59375,18000.0,313.1499938964844,0.0,18000.0,1.0,0.0,0.0,0.0,1.0,0.4351745843887329,1.0,0.0,0.0,0.5217854380607605,0.5217890739440918,1.8166756987625376e-08,4.265924453735352,4.265914440155029,9.78592834144365e-06,0.0,0.0,-0.0,3266.004150390625,0.0,23.426130294799805,1895.4371337890625,0.0,342.7348937988281,0.2525568306446075,1.0,0.0,3.0,1.0,0.0
11974860,297.22198486328125,297.1499938964844,293.1499938964844,0.0,-0.0,288.2412414550781,0.7466135621070862,0.2692200541496277,0.2452928870916366,297.274169921875,297.1499938964844,293.1499938964844,0.0,-0.0,288.241455078125,0.9627894163131714,0.574735701084137,0.545141875743866,297.4979858398437,297.1499938964844,293.1499938964844,0.0,-0.0,288.24139404296875,0.8691247701644897,0.4320555329322815,0.3032234907150268,297.2538757324219,297.1499938964844,293.1499938964844,0.0,-0.0,288.2413330078125,0.8158700466156006,0.3526872992515564,0.3367702960968017,297.2160339355469,297.1499938964844,293.1499938964844,0.0,-0.0,288.2411804199219,0.7288539409637451,0.2488095909357071,1.1340749263763428,288.24139404296875,288.2980041503906,291.45001220703125,287.34332275390625,291.45001220703125,297.32330322265625,288.2420349121094,1.0,0.5888440012931824,1.0,1.0,0.0,1.0,-3.079296112060547,3.079288482666016,7.62326453696005e-06,2.378253221511841,0.3419051766395569,0.3419051766395569,0.0,166.15150451660156,177.0,9999.3623046875,-0.0,2541.75146484375,1.0,283.1499938964844,287.7357788085937,290.3414306640625,291.0854797363281,293.1499938964844,293.1499938964844,283.1499938964844,18020.9609375,18000.0,313.1499938964844,0.0,18000.0,1.0,0.0,0.0,0.0,1.0,0.4347784221172333,1.0,0.0,0.0,0.5203728079795837,0.520376443862915,1.8068522678049703e-08,4.265924453735352,4.265914440155029,9.78592834144365e-06,0.0,0.0,-0.0,3265.226318359375,0.0,23.338233947753903,1895.4371337890625,0.0,341.9111633300781,0.2523754835128784,1.0,0.0,3.0,1.0,0.0
11974920,297.22198486328125,297.1499938964844,293.1499938964844,0.0,-0.0,288.2412414550781,0.7466135621070862,0.2692200541496277,0.2452928870916366,297.274169921875,297.1499938964844,293.1499938964844,0.0,-0.0,288.241455078125,0.9627894163131714,0.574735701084137,0.545141875743866,297.4979858398437,297.1499938964844,293.1499938964844,0.0,-0.0,288.24139404296875,0.8691247701644897,0.4320555329322815,0.3032234907150268,297.2538757324219,297.1499938964844,293.1499938964844,0.0,-0.0,288.2413330078125,0.8158700466156006,0.3526872992515564,0.3367702960968017,297.2160339355469,297.1499938964844,293.1499938964844,0.0,-0.0,288.2411804199219,0.7288539409637451,0.2488095909357071,1.1340749263763428,288.24139404296875,288.2980041503906,291.45001220703125,287.34332275390625,291.45001220703125,297.32330322265625,288.2420349121094,1.0,0.5888440012931824,1.0,1.0,0.0,1.0,-3.079296112060547,3.079288482666016,7.62326453696005e-06,2.378253221511841,0.3419051766395569,0.3419051766395569,0.0,166.15150451660156,177.0,9999.3623046875,-0.0,2541.75146484375,1.0,283.1499938964844,287.7357788085937,290.3414306640625,291.0854797363281,293.1499938964844,293.1499938964844,283.1499938964844,18020.9609375,18000.0,313.1499938964844,0.0,18000.0,1.0,0.0,0.0,0.0,1.0,0.4347784221172333,1.0,0.0,0.0,0.5203728079795837,0.520376443862915,1.8068522678049703e-08,4.265924453735352,4.265914440155029,9.78592834144365e-06,0.0,0.0,-0.0,3265.226318359375,0.0,23.338233947753903,1895.4371337890625,0.0,341.9111633300781,0.2523754835128784,1.0,0.0,3.0,1.0,0.0
11974980,297.2212219238281,297.1499938964844,293.1499938964844,0.0,-0.0,288.2548828125,0.74428391456604,0.2700547575950622,0.2461495250463485,297.272216796875,297.1499938964844,293.1499938964844,0.0,-0.0,288.2550964355469,0.9591867327690125,0.5761088728904724,0.546539306640625,297.5011901855469,297.1499938964844,293.1499938964844,0.0,-0.0,288.2550354003906,0.868441641330719,0.4367886781692505,0.3065835237503052,297.2536315917969,297.1499938964844,293.1499938964844,0.0,-0.0,288.2549743652344,0.8134118914604187,0.3539775609970093,0.3380985558032989,297.2158203125,297.1499938964844,293.1499938964844,0.0,-0.0,288.2548522949219,0.7266796827316284,0.2496253997087478,1.1382595300674438,288.2550354003906,288.2980041503906,291.45001220703125,287.3361511230469,291.45001220703125,297.32403564453125,288.255615234375,1.0,0.5924932360649109,1.0,1.0,0.0,1.0,-3.0926735401153564,3.092665910720825,7.689663107157685e-06,2.388592481613159,0.3414286077022552,0.3414286077022552,0.0,169.50070190429688,180.0,10001.0634765625,-0.0,2585.13037109375,1.0,283.1499938964844,287.7467041015625,290.3354187011719,291.0794372558594,293.1499938964844,293.1499938964844,283.1499938964844,18015.986328125,18000.0,313.1499938964844,0.0,18000.0,1.0,0.0,0.0,0.0,1.0,0.4346349239349365,1.0,0.0,0.0,0.519317626953125,0.5193212628364563,1.7995319012698022e-08,4.265924453735352,4.265914440155029,9.78592834144365e-06,0.0,0.0,-0.0,3265.720947265625,0.0,23.27188301086425,1895.4371337890625,0.0,341.6132202148437,0.2522365748882293,1.0,0.0,3.0,1.0,0.0
11975040,297.2212219238281,297.1499938964844,293.1499938964844,0.0,-0.0,288.2548828125,0.74428391456604,0.2700547575950622,0.2461495250463485,297.272216796875,297.1499938964844,293.1499938964844,0.0,-0.0,288.2550964355469,0.9591867327690125,0.5761088728904724,0.546539306640625,297.5011901855469,297.1499938964844,293.1499938964844,0.0,-0.0,288.2550354003906,0.868441641330719,0.4367886781692505,0.3065835237503052,297.2536315917969,297.1499938964844,293.1499938964844,0.0,-0.0,288.2549743652344,0.8134118914604187,0.3539775609970093,0.3380985558032989,297.2158203125,297.1499938964844,293.1499938964844,0.0,-0.0,288.2548522949219,0.7266796827316284,0.2496253997087478,1.1382595300674438,288.2550354003906,288.2980041503906,291.45001220703125,287.3361511230469,291.45001220703125,297.32403564453125,288.255615234375,1.0,0.5924932360649109,1.0,1.0,0.0,1.0,-3.0926735401153564,3.092665910720825,7.689663107157685e-06,2.388592481613159,0.3414286077022552,0.3414286077022552,0.0,169.50070190429688,180.0,10001.0634765625,-0.0,2585.13037109375,1.0,283.1499938964844,287.7467041015625,290.3354187011719,291.0794372558594,293.1499938964844,293.1499938964844,283.1499938964844,18015.986328125,18000.0,313.1499938964844,0.0,18000.0,1.0,0.0,0.0,0.0,1.0,0.4346349239349365,1.0,0.0,0.0,0.519317626953125,0.5193212628364563,1.7995319012698022e-08,4.265924453735352,4.265914440155029,9.78592834144365e-06,0.0,0.0,-0.0,3265.720947265625,0.0,23.27188301086425,1895.4371337890625,0.0,341.6132202148437,0.2522365748882293,1.0,0.0,3.0,1.0,0.0
11975100,297.22076416015625,297.1499938964844,293.1499938964844,0.0,-0.0,288.2611694335937,0.7431978583335876,0.2704617977142334,0.2465669959783554,297.2712097167969,297.1499938964844,293.1499938964844,0.0,-0.0,288.2613525390625,0.9574722647666932,0.5767854452133179,0.5472283959388733,297.502685546875,297.1499938964844,293.1499938964844,0.0,-0.0,288.2613220214844,0.8681917786598206,0.4391607642173767,0.3082660138607025,297.25341796875,297.1499938964844,293.1499938964844,0.0,-0.0,288.2612609863281,0.8122560381889343,0.3546134531497955,0.3387521505355835,297.2156677246094,297.1499938964844,293.1499938964844,0.0,-0.0,288.2611389160156,0.7256630659103394,0.2500268518924713,1.1403151750564575,288.2613220214844,288.2980041503906,291.45001220703125,287.3326110839844,291.45001220703125,297.3243713378906,288.2618408203125,1.0,0.5942748188972473,1.0,1.0,0.0,1.0,-3.0992839336395264,3.099276304244995,7.722565896983724e-06,2.3936960697174072,0.341249018907547,0.341249018907547,0.0,171.12550354003906,180.0,10003.1884765625,-0.0,2606.533935546875,1.0,283.1499938964844,287.75164794921875,290.3325500488281,291.0766906738281,293.1499938964844,293.1499938964844,283.1499938964844,18013.720703125,18000.0,313.1499938964844,0.0,18000.0,1.0,0.0,0.0,0.0,1.0,0.4346661865711212,1.0,0.0,0.0,0.5189114212989807,0.518915057182312,1.7967179744005083e-08,4.265924453735352,4.265914440155029,9.78592834144365e-06,0.0,0.0,-0.0,3266.378173828125,0.0,23.245994567871094,1895.4371337890625,0.0,341.6781311035156,0.2521815001964569,1.0,0.0,3.0,1.0,0.0
11975160,297.22027587890625,297.1499938964844,293.1499938964844,0.0,-0.0,288.2671203613281,0.742148756980896,0.2708617150783539,0.2469774335622787,297.27020263671875,297.1499938964844,293.1499938964844,0.0,-0.0,288.2673034667969,0.9557960629463196,0.5774531364440918,0.547909140586853,297.5041198730469,297.1499938964844,293.1499938964844,0.0,-0.0,288.2672424316406,0.8679845333099365,0.4415360987186432,0.3099502623081207,297.253173828125,297.1499938964844,293.1499938964844,0.0,-0.0,288.2672119140625,0.811132550239563,0.3552430272102356,0.3393990993499756,297.2154846191406,297.1499938964844,293.1499938964844,0.0,-0.0,288.26708984375,0.7246787548065186,0.2504236996173858,1.142346978187561,288.26727294921875,288.2980041503906,291.45001220703125,287.3291320800781,291.45001220703125,297.32470703125,288.26776123046875,1.0,0.5960341691970825,1.0,1.0,0.0,1.0,-3.105841398239136,3.1058335304260254,7.755264050501864e-06,2.398754835128784,0.3411056101322174,0.3411056101322174,0.0,172.72865295410156,183.0,10006.0966796875,-0.0,2627.802490234375,1.0,283.1499938964844,287.7562866210937,290.3296813964844,291.0740661621094,293.1499938964844,293.1499938964844,283.1499938964844,18011.583984375,18000.0,313.1499938964844,0.0,18000.0,1.0,0.0,0.0,0.0,1.0,0.434758186340332,1.0,0.0,0.0,0.5185797810554504,0.5185834169387817,1.794422388456951e-08,4.265924453735352,4.265914440155029,9.78592834144365e-06,0.0,0.0,-0.0,3267.27783203125,0.0,23.22456932067871,1895.4371337890625,0.0,341.8691101074219,0.2521351873874664,1.0,0.0,3.0,1.0,0.0
11975220,297.2191772460937,297.1499938964844,293.1499938964844,0.0,-0.0,288.2780456542969,0.7401328086853027,0.2716394960880279,0.2477772384881973,297.26806640625,297.1499938964844,293.1499938964844,0.0,-0.0,288.2782287597656,0.9525232911109924,0.5787578225135803,0.5492414236068726,297.5068054199219,297.1499938964844,293.1499938964844,0.0,-0.0,288.2781677246094,0.8676643371582031,0.4462958872318268,0.313323825597763,297.25250244140625,297.1499938964844,293.1499938964844,0.0,-0.0,288.27813720703125,0.8089514970779419,0.3564826846122741,0.3406732380390167,297.2149963378906,297.1499938964844,293.1499938964844,0.0,-0.0,288.27801513671875,0.7227792143821716,0.2512025833129883,1.1463383436203003,288.2781677246094,288.2980041503906,291.45001220703125,287.3222045898437,291.45001220703125,297.3252868652344,288.27862548828125,1.0,0.5994977355003357,1.0,1.0,0.0,1.0,-3.118791580200196,3.118783712387085,7.82001643528929e-06,2.408733606338501,0.3409206569194793,0.3409206569194793,0.0,175.8908233642578,186.0,10014.1171875,-0.0,2670.02734375,1.0,283.1499938964844,287.7646789550781,290.32379150390625,291.06884765625,293.1499938964844,293.1499938964844,283.1499938964844,18007.681640625,18000.0,313.1499938964844,0.0,18000.0,1.0,0.0,0.0,0.0,1.0,0.4350868463516235,1.0,0.0,0.0,0.5181259512901306,0.5181295871734619,1.791282855378995e-08,4.265924453735352,4.265914440155029,9.78592834144365e-06,0.0,0.0,-0.0,3269.7421875,0.0,23.194223403930664,1895.4371337890625,0.0,342.5522766113281,0.2520672380924225,1.0,0.0,3.0,1.0,0.0
11975280,297.2191772460937,297.1499938964844,293.1499938964844,0.0,-0.0,288.2780456542969,0.7401328086853027,0.2716394960880279,0.2477772384881973,297.26806640625,297.1499938964844,293.1499938964844,0.0,-0.0,288.2782287597656,0.9525232911109924,0.5787578225135803,0.5492414236068726,297.5068054199219,297.1499938964844,293.1499938964844,0.0,-0.0,288.2781677246094,0.8676643371582031,0.4462958872318268,0.313323825597763,297.25250244140625,297.1499938964844,293.1499938964844,0.0,-0.0,288.27813720703125,0.8089514970779419,0.3564826846122741,0.3406732380390167,297.2149963378906,297.1499938964844,293.1499938964844,0.0,-0.0,288.27801513671875,0.7227792143821716,0.2512025833129883,1.1463383436203003,288.2781677246094,288.2980041503906,291.45001220703125,287.3222045898437,291.45001220703125,297.3252868652344,288.27862548828125,1.0,0.5994977355003357,1.0,1.0,0.0,1.0,-3.118791580200196,3.118783712387085,7.82001643528929e-06,2.408733606338501,0.3409206569194793,0.3409206569194793,0.0,175.8908233642578,186.0,10014.1171875,-0.0,2670.02734375,1.0,283.1499938964844,287.7646789550781,290.32379150390625,291.06884765625,293.1499938964844,293.1499938964844,283.1499938964844,18007.681640625,18000.0,313.1499938964844,0.0,18000.0,1.0,0.0,0.0,0.0,1.0,0.4350868463516235,1.0,0.0,0.0,0.5181259512901306,0.5181295871734619,1.791282855378995e-08,4.265924453735352,4.265914440155029,9.78592834144365e-06,0.0,0.0,-0.0,3269.7421875,0.0,23.194223403930664,1895.4371337890625,0.0,342.5522766113281,0.2520672380924225,1.0,0.0,3.0,1.0,0.0
11975340,297.2179260253906,297.1499938964844,293.1499938964844,0.0,-0.0,288.287841796875,0.7381964325904846,0.2723881900310516,0.2485500574111938,297.2657470703125,297.1499938964844,293.1499938964844,0.0,-0.0,288.2879638671875,0.9493206143379213,0.5800190567970276,0.5505329370498657,297.50927734375,297.1499938964844,293.1499938964844,0.0,-0.0,288.2879333496094,0.8674335479736328,0.4510666728019714,0.3167040646076202,297.2516784667969,297.1499938964844,293.1499938964844,0.0,-0.0,288.28790283203125,0.8068241477012634,0.3576964735984802,0.3419220745563507,297.21435546875,297.1499938964844,293.1499938964844,0.0,-0.0,288.2878112792969,0.720941960811615,0.2519614994525909,1.1502360105514526,288.2879333496094,288.2980041503906,291.45001220703125,287.3153991699219,291.45001220703125,297.3257751464844,288.2883605957031,1.0,0.6029013991355896,1.0,1.0,0.0,1.0,-3.1315252780914307,3.1315174102783203,7.883912076067645e-06,2.4185307025909424,0.340856522321701,0.340856522321701,0.0,179.01712036132812,189.0,10024.7431640625,-0.0,2711.95068359375,1.0,283.1499938964844,287.77203369140625,290.3176574707031,291.0635681152344,293.1499938964844,293.1499938964844,283.1499938964844,18004.2109375,18000.0,313.1499938964844,0.0,18000.0,1.0,0.0,0.0,0.0,1.0,0.4355479776859283,1.0,0.0,0.0,0.517920196056366,0.5179238319396973,1.7898603488220033e-08,4.265924453735352,4.265914440155029,9.78592834144365e-06,0.0,0.0,-0.0,3272.984375,0.0,23.17866516113281,1895.4371337890625,0.0,343.51287841796875,0.2520284056663513,1.0,0.0,3.0,1.0,0.0
11975400,297.2179260253906,297.1499938964844,293.1499938964844,0.0,-0.0,288.287841796875,0.7381964325904846,0.2723881900310516,0.2485500574111938,297.2657470703125,297.1499938964844,293.1499938964844,0.0,-0.0,288.2879638671875,0.9493206143379213,0.5800190567970276,0.5505329370498657,297.50927734375,297.1499938964844,293.1499938964844,0.0,-0.0,288.2879333496094,0.8674335479736328,0.4510666728019714,0.3167040646076202,297.2516784667969,297.1499938964844,293.1499938964844,0.0,-0.0,288.28790283203125,0.8068241477012634,0.3576964735984802,0.3419220745563507,297.21435546875,297.1499938964844,293.1499938964844,0.0,-0.0,288.2878112792969,0.720941960811615,0.2519614994525909,1.1502360105514526,288.2879333496094,288.2980041503906,291.45001220703125,287.3153991699219,291.45001220703125,297.3257751464844,288.2883605957031,1.0,0.6029013991355896,1.0,1.0,0.0,1.0,-3.1315252780914307,3.1315174102783203,7.883912076067645e-06,2.4185307025909424,0.340856522321701,0.340856522321701,0.0,179.01712036132812,189.0,10024.7431640625,-0.0,2711.95068359375,1.0,283.1499938964844,287.77203369140625,290.3176574707031,291.0635681152344,293.1499938964844,293.1499938964844,283.1499938964844,18004.2109375,18000.0,313.1499938964844,0.0,18000.0,1.0,0.0,0.0,0.0,1.0,0.4355479776859283,1.0,0.0,0.0,0.517920196056366,0.5179238319396973,1.7898603488220033e-08,4.265924453735352,4.265914440155029,9.78592834144365e-06,0.0,0.0,-0.0,3272.984375,0.0,23.17866516113281,1895.4371337890625,0.0,343.51287841796875,0.2520284056663513,1.0,0.0,3.0,1.0,0.0
11975460,297.2165222167969,297.1499938964844,293.1499938964844,0.0,-0.0,288.2965393066406,0.7363168597221375,0.2731072008609772,0.2492958605289459,297.2632751464844,297.1499938964844,293.1499938964844,0.0,-0.0,288.2966613769531,0.946163296699524,0.5812335014343262,0.5517805814743042,297.51153564453125,297.1499938964844,293.1499938964844,0.0,-0.0,288.296630859375,0.8672664761543274,0.4558477103710174,0.3200908601284027,297.25067138671875,297.1499938964844,293.1499938964844,0.0,-0.0,288.2966003417969,0.8047269582748413,0.3588835000991821,0.3431452810764313,297.2135925292969,297.1499938964844,293.1499938964844,0.0,-0.0,288.2965393066406,0.719143807888031,0.2526995241641998,1.1540385484695437,288.296630859375,288.2980041503906,291.45001220703125,287.30859375,291.45001220703125,297.326171875,288.2970275878906,1.0,0.6062535047531128,1.0,1.0,0.0,1.0,-3.144036769866944,3.144028902053833,7.94691004557535e-06,2.4281423091888428,0.3409018516540527,0.3409018516540527,0.0,182.1231689453125,192.0,10037.7236328125,-0.0,2753.630859375,1.0,283.1499938964844,287.77838134765625,290.3113098144531,291.0582580566406,293.1499938964844,293.1499938964844,283.1499938964844,18001.12890625,18000.0,313.1499938964844,0.0,18000.0,1.0,0.0,0.0,0.0,1.0,0.4360944330692291,1.0,0.0,0.0,0.5179388523101807,0.517942488193512,1.7899894899642277e-08,4.265924453735352,4.265914440155029,9.78592834144365e-06,0.0,0.0,-0.0,3276.93017578125,0.0,23.176469802856445,1895.4371337890625,0.0,344.6543884277344,0.2520159184932709,1.0,0.0,3.0,1.0,0.0
11975520,297.2165222167969,297.1499938964844,293.1499938964844,0.0,-0.0,288.2965393066406,0.7363168597221375,0.2731072008609772,0.2492958605289459,297.2632751464844,297.1499938964844,293.1499938964844,0.0,-0.0,288.2966613769531,0.946163296699524,0.5812335014343262,0.5517805814743042,297.51153564453125,297.1499938964844,293.1499938964844,0.0,-0.0,288.296630859375,0.8672664761543274,0.4558477103710174,0.3200908601284027,297.25067138671875,297.1499938964844,293.1499938964844,0.0,-0.0,288.2966003417969,0.8047269582748413,0.3588835000991821,0.3431452810764313,297.2135925292969,297.1499938964844,293.1499938964844,0.0,-0.0,288.2965393066406,0.719143807888031,0.2526995241641998,1.1540385484695437,288.296630859375,288.2980041503906,291.45001220703125,287.30859375,291.45001220703125,297.326171875,288.2970275878906,1.0,0.6062535047531128,1.0,1.0,0.0,1.0,-3.144036769866944,3.144028902053833,7.94691004557535e-06,2.4281423091888428,0.3409018516540527,0.3409018516540527,0.0,182.1231689453125,192.0,10037.7236328125,-0.0,2753.630859375,1.0,283.1499938964844,287.77838134765625,290.3113098144531,291.0582580566406,293.1499938964844,293.1499938964844,283.1499938964844,18001.12890625,18000.0,313.1499938964844,0.0,18000.0,1.0,0.0,0.0,0.0,1.0,0.4360944330692291,1.0,0.0,0.0,0.5179388523101807,0.517942488193512,1.7899894899642277e-08,4.265924453735352,4.265914440155029,9.78592834144365e-06,0.0,0.0,-0.0,3276.93017578125,0.0,23.176469802856445,1895.4371337890625,0.0,344.6543884277344,0.2520159184932709,1.0,0.0,3.0,1.0,0.0
11975580,297.21502685546875,297.1499938964844,293.1499938964844,0.0,-0.0,288.3043212890625,0.7344809770584106,0.2737971246242523,0.2500154674053192,297.2606506347656,297.1499938964844,293.1499938964844,0.0,-0.0,288.3044128417969,0.9430394768714904,0.5824005007743835,0.5529839992523193,297.5136108398437,297.1499938964844,293.1499938964844,0.0,-0.0,288.30438232421875,0.8671479821205139,0.4606383442878723,0.323483943939209,297.2495422363281,297.1499938964844,293.1499938964844,0.0,-0.0,288.3043518066406,0.8026730418205261,0.360043853521347,0.344343364238739,297.2127380371094,297.1499938964844,293.1499938964844,0.0,-0.0,288.3042907714844,0.7173703908920288,0.2534167468547821,1.157747745513916,288.3044128417969,288.2980041503906,291.45001220703125,287.30181884765625,291.45001220703125,297.3264465332031,288.3047180175781,1.0,0.609559953212738,1.0,1.0,0.0,1.0,-3.1563286781311035,3.156320571899414,8.009013981791213e-06,2.4375720024108887,0.3410430550575256,0.3410430550575256,0.0,185.2181701660156,195.0,10052.7578125,-0.0,2795.109619140625,1.0,283.1499938964844,287.7839050292969,290.3048400878906,291.0529479980469,293.1499938964844,293.1499938964844,283.1499938964844,17998.384765625,18000.0,313.1499938964844,0.0,18000.0,1.0,0.0,0.0,0.0,1.0,0.43670254945755,1.0,0.0,0.0,0.5181542038917542,0.5181578397750854,1.791478076995645e-08,4.265924453735352,4.265914440155029,9.78592834144365e-06,0.0,0.0,-0.0,3281.49462890625,0.0,23.185977935791016,1895.4371337890625,0.0,345.9286804199219,0.2520264983177185,1.0,0.0,3.0,1.0,0.0
11975640,297.21502685546875,297.1499938964844,293.1499938964844,0.0,-0.0,288.3043212890625,0.7344809770584106,0.2737971246242523,0.2500154674053192,297.2606506347656,297.1499938964844,293.1499938964844,0.0,-0.0,288.3044128417969,0.9430394768714904,0.5824005007743835,0.5529839992523193,297.5136108398437,297.1499938964844,293.1499938964844,0.0,-0.0,288.30438232421875,0.8671479821205139,0.4606383442878723,0.323483943939209,297.2495422363281,297.1499938964844,293.1499938964844,0.0,-0.0,288.3043518066406,0.8026730418205261,0.360043853521347,0.344343364238739,297.2127380371094,297.1499938964844,293.1499938964844,0.0,-0.0,288.3042907714844,0.7173703908920288,0.2534167468547821,1.157747745513916,288.3044128417969,288.2980041503906,291.45001220703125,287.30181884765625,291.45001220703125,297.3264465332031,288.3047180175781,1.0,0.609559953212738,1.0,1.0,0.0,1.0,-3.1563286781311035,3.156320571899414,8.009013981791213e-06,2.4375720024108887,0.3410430550575256,0.3410430550575256,0.0,185.2181701660156,195.0,10052.7578125,-0.0,2795.109619140625,1.0,283.1499938964844,287.7839050292969,290.3048400878906,291.0529479980469,293.1499938964844,293.1499938964844,283.1499938964844,17998.384765625,18000.0,313.1499938964844,0.0,18000.0,1.0,0.0,0.0,0.0,1.0,0.43670254945755,1.0,0.0,0.0,0.5181542038917542,0.5181578397750854,1.791478076995645e-08,4.265924453735352,4.265914440155029,9.78592834144365e-06,0.0,0.0,-0.0,3281.49462890625,0.0,23.185977935791016,1895.4371337890625,0.0,345.9286804199219,0.2520264983177185,1.0,0.0,3.0,1.0,0.0
11975700,297.2142333984375,297.1499938964844,293.1499938964844,0.0,-0.0,288.307861328125,0.7335764765739441,0.2741308212280273,0.250365138053894,297.25927734375,297.1499938964844,293.1499938964844,0.0,-0.0,288.3079528808594,0.9414882659912108,0.582965075969696,0.5535681247711182,297.5145874023437,297.1499938964844,293.1499938964844,0.0,-0.0,288.30792236328125,0.8671044111251831,0.4630372822284698,0.3251829147338867,297.2489318847656,297.1499938964844,293.1499938964844,0.0,-0.0,288.3078918457031,0.8016622066497803,0.3606135547161102,0.3449325561523437,297.2122497558594,297.1499938964844,293.1499938964844,0.0,-0.0,288.3078308105469,0.7164896726608276,0.2537672221660614,1.159565806388855,288.30792236328125,288.2980041503906,291.45001220703125,287.2984313964844,291.45001220703125,297.3265686035156,288.3082580566406,1.0,0.6111963987350464,1.0,1.0,0.0,1.0,-3.162388563156128,3.1623806953430176,8.03970942797605e-06,2.442216396331787,0.3411476612091064,0.3411476612091064,0.0,186.76272583007807,195.0,10061.001953125,-0.0,2815.7685546875,1.0,283.1499938964844,287.7863464355469,290.3016052246094,291.05029296875,293.1499938964844,293.1499938964844,283.1499938964844,17997.1328125,18000.0,313.1499938964844,0.0,18000.0,1.0,0.0,0.0,0.0,1.0,0.4370286464691162,1.0,0.0,0.0,0.5183316469192505,0.5183352828025818,1.7927053619359867e-08,4.265924453735352,4.265914440155029,9.78592834144365e-06,0.0,0.0,-0.0,3283.996337890625,0.0,23.194887161254883,1895.4371337890625,0.0,346.6137390136719,0.2520399689674377,1.0,0.0,3.0,1.0,0.0
11975760,297.21343994140625,297.1499938964844,293.1499938964844,0.0,-0.0,288.3111877441406,0.7326800227165222,0.2744574844837188,0.2507085800170898,297.25787353515625,297.1499938964844,293.1499938964844,0.0,-0.0,288.311279296875,0.9399439692497252,0.5835177302360535,0.5541410446166992,297.5155029296875,297.1499938964844,293.1499938964844,0.0,-0.0,288.311279296875,0.8670699000358582,0.4654383659362793,0.3268833458423614,297.248291015625,297.1499938964844,293.1499938964844,0.0,-0.0,288.31121826171875,0.8006612658500671,0.3611766695976257,0.3455155789852142,297.2117614746094,297.1499938964844,293.1499938964844,0.0,-0.0,288.3111572265625,0.7156116962432861,0.25411257147789,1.1613612174987793,288.311279296875,288.2980041503906,291.45001220703125,287.2950134277344,291.45001220703125,297.32666015625,288.3115539550781,1.0,0.6128225922584534,1.0,1.0,0.0,1.0,-3.1683948040008545,3.168386697769165,8.070182957453653e-06,2.4468164443969727,0.3412718474864959,0.3412718474864959,0.0,188.3062438964844,198.0,10069.662109375,-0.0,2836.3837890625,1.0,283.1499938964844,287.7886047363281,290.29833984375,291.0476989746094,293.1499938964844,293.1499938964844,283.1499938964844,17995.951171875,18000.0,313.1499938964844,0.0,18000.0,1.0,0.0,0.0,0.0,1.0,0.4373687505722046,1.0,0.0,0.0,0.5185494422912598,0.5185530781745911,1.79421224544285e-08,4.265924453735352,4.265914440155029,9.78592834144365e-06,0.0,0.0,-0.0,3286.6240234375,0.0,23.20619773864746,1895.4371337890625,0.0,347.3295593261719,0.2520581781864166,1.0,0.0,3.0,1.0,0.0
11975820,297.2117614746094,297.1499938964844,293.1499938964844,0.0,-0.0,288.3172912597656,0.7309086322784424,0.2750897407531738,0.2513765394687652,297.25494384765625,297.1499938964844,293.1499938964844,0.0,-0.0,288.3173828125,0.9368762373924256,0.5845863819122314,0.5552528500556946,297.51727294921875,297.1499938964844,293.1499938964844,0.0,-0.0,288.3173522949219,0.867026150226593,0.4702470600605011,0.3302886188030243,297.2469177246094,297.1499938964844,293.1499938964844,0.0,-0.0,288.3173217773437,0.7986869812011719,0.362282782793045,0.3466628193855285,297.210693359375,297.1499938964844,293.1499938964844,0.0,-0.0,288.3172607421875,0.7138606309890747,0.2547877728939056,1.1648831367492676,288.3173522949219,288.2980041503906,291.45001220703125,287.2881164550781,291.45001220703125,297.3267517089844,288.317626953125,1.0,0.6160444617271423,1.0,1.0,0.0,1.0,-3.180243015289306,3.180234909057617,8.130449714371935e-06,2.4558842182159424,0.341575413942337,0.341575413942337,0.0,191.39064025878903,201.0,10088.150390625,-0.0,2877.47607421875,1.0,283.1499938964844,287.7926025390625,290.2917175292969,291.04248046875,293.1499938964844,293.1499938964844,283.1499938964844,17993.78515625,18000.0,313.1499938964844,0.0,18000.0,1.0,0.0,0.0,0.0,1.0,0.438092827796936,1.0,0.0,0.0,0.519098699092865,0.5191023349761963,1.7980154254360062e-08,4.265924453735352,4.265914440155029,9.78592834144365e-06,0.0,0.0,-0.0,3292.22998046875,0.0,23.235605239868164,1895.4371337890625,0.0,348.8580627441406,0.2521080374717712,1.0,0.0,3.0,1.0,0.0
11975880,297.2117614746094,297.1499938964844,293.1499938964844,0.0,-0.0,288.3172912597656,0.7309086322784424,0.2750897407531738,0.2513765394687652,297.25494384765625,297.1499938964844,293.1499938964844,0.0,-0.0,288.3173828125,0.9368762373924256,0.5845863819122314,0.5552528500556946,297.51727294921875,297.1499938964844,293.1499938964844,0.0,-0.0,288.3173522949219,0.867026150226593,0.4702470600605011,0.3302886188030243,297.2469177246094,297.1499938964844,293.1499938964844,0.0,-0.0,288.3173217773437,0.7986869812011719,0.362282782793045,0.3466628193855285,297.210693359375,297.1499938964844,293.1499938964844,0.0,-0.0,288.3172607421875,0.7138606309890747,0.2547877728939056,1.1648831367492676,288.3173522949219,288.2980041503906,291.45001220703125,287.2881164550781,291.45001220703125,297.3267517089844,288.317626953125,1.0,0.6160444617271423,1.0,1.0,0.0,1.0,-3.180243015289306,3.180234909057617,8.130449714371935e-06,2.4558842182159424,0.341575413942337,0.341575413942337,0.0,191.39064025878903,201.0,10088.150390625,-0.0,2877.47607421875,1.0,283.1499938964844,287.7926025390625,290.2917175292969,291.04248046875,293.1499938964844,293.1499938964844,283.1499938964844,17993.78515625,18000.0,313.1499938964844,0.0,18000.0,1.0,0.0,0.0,0.0,1.0,0.438092827796936,1.0,0.0,0.0,0.519098699092865,0.5191023349761963,1.7980154254360062e-08,4.265924453735352,4.265914440155029,9.78592834144365e-06,0.0,0.0,-0.0,3292.22998046875,0.0,23.235605239868164,1895.4371337890625,0.0,348.8580627441406,0.2521080374717712,1.0,0.0,3.0,1.0,0.0
11975940,297.21002197265625,297.1499938964844,293.1499938964844,0.0,-0.0,288.3227233886719,0.729163646697998,0.2756954133510589,0.2520208060741424,297.2519226074219,297.1499938964844,293.1499938964844,0.0,-0.0,288.3227844238281,0.9338391423225404,0.5856080055236816,0.55632084608078,297.5188903808594,297.1499938964844,293.1499938964844,0.0,-0.0,288.3227844238281,0.8670135140419006,0.475064218044281,0.3336995244026184,297.2454833984375,297.1499938964844,293.1499938964844,0.0,-0.0,288.32275390625,0.7967483997344971,0.3633632659912109,0.3477861285209656,297.2095947265625,297.1499938964844,293.1499938964844,0.0,-0.0,288.3226928710937,0.712112307548523,0.2554433345794678,1.168317794799805,288.3227844238281,288.2980041503906,291.45001220703125,287.2811279296875,291.45001220703125,297.3268127441406,288.322998046875,1.0,0.619227945804596,1.0,1.0,0.0,1.0,-3.1918838024139404,3.191875457763672,8.189857908291742e-06,2.464784622192383,0.3419431447982788,0.3419431447982788,0.0,194.4727935791016,204.0,10107.9912109375,-0.0,2918.40283203125,1.0,283.1499938964844,287.7959899902344,290.2850341796875,291.0372619628906,293.1499938964844,293.1499938964844,283.1499938964844,17991.8515625,18000.0,313.1499938964844,0.0,18000.0,1.0,0.0,0.0,0.0,1.0,0.4388746619224548,1.0,0.0,0.0,0.5197808146476746,0.5197844505310059,1.8027433767997536e-08,4.265924453735352,4.265914440155029,9.78592834144365e-06,0.0,0.0,-0.0,3298.236083984375,0.0,23.272953033447266,1895.4371337890625,0.0,350.5153503417969,0.2521735429763794,1.0,0.0,3.0,1.0,0.0
11976000,297.21002197265625,297.1499938964844,293.1499938964844,0.0,-0.0,288.3227233886719,0.729163646697998,0.2756954133510589,0.2520208060741424,297.2519226074219,297.1499938964844,293.1499938964844,0.0,-0.0,288.3227844238281,0.9338391423225404,0.5856080055236816,0.55632084608078,297.5188903808594,297.1499938964844,293.1499938964844,0.0,-0.0,288.3227844238281,0.8670135140419006,0.475064218044281,0.3336995244026184,297.2454833984375,297.1499938964844,293.1499938964844,0.0,-0.0,288.32275390625,0.7967483997344971,0.3633632659912109,0.3477861285209656,297.2095947265625,297.1499938964844,293.1499938964844,0.0,-0.0,288.3226928710937,0.712112307548523,0.2554433345794678,1.168317794799805,288.3227844238281,288.2980041503906,291.45001220703125,287.2811279296875,291.45001220703125,297.3268127441406,288.322998046875,1.0,0.619227945804596,1.0,1.0,0.0,1.0,-3.1918838024139404,3.191875457763672,8.189857908291742e-06,2.464784622192383,0.3419431447982788,0.3419431447982788,0.0,194.4727935791016,204.0,10107.9912109375,-0.0,2918.40283203125,1.0,283.1499938964844,287.7959899902344,290.2850341796875,291.0372619628906,293.1499938964844,293.1499938964844,283.1499938964844,17991.8515625,18000.0,313.1499938964844,0.0,18000.0,1.0,0.0,0.0,0.0,1.0,0.4388746619224548,1.0,0.0,0.0,0.5197808146476746,0.5197844505310059,1.8027433767997536e-08,4.265924453735352,4.265914440155029,9.78592834144365e-06,0.0,0.0,-0.0,3298.236083984375,0.0,23.272953033447266,1895.4371337890625,0.0,350.5153503417969,0.2521735429763794,1.0,0.0,3.0,1.0,0.0
11976060,297.2082214355469,297.1499938964844,293.1499938964844,0.0,-0.0,288.3274841308594,0.727440595626831,0.2762738168239593,0.2526407241821289,297.248779296875,297.1499938964844,293.1499938964844,0.0,-0.0,288.3275451660156,0.930834710597992,0.5865802764892578,0.5573428273200989,297.5203857421875,297.1499938964844,293.1499938964844,0.0,-0.0,288.3275451660156,0.8670302033424377,0.4798899888992309,0.3371163010597229,297.24395751953125,297.1499938964844,293.1499938964844,0.0,-0.0,288.3275146484375,0.7948428392410278,0.3644170761108398,0.3488844931125641,297.2084045410156,297.1499938964844,293.1499938964844,0.0,-0.0,288.3274841308594,0.710361123085022,0.2560786008834839,1.171662449836731,288.3275451660156,288.2980041503906,291.45001220703125,287.2739562988281,291.45001220703125,297.3267822265625,288.3277587890625,1.0,0.6223723292350769,1.0,1.0,0.0,1.0,-3.203308582305908,3.2033004760742188,8.248360245488584e-06,2.4735143184661865,0.3423702716827392,0.3423702716827392,0.0,197.55259704589844,207.0,10129.076171875,-0.0,2959.135986328125,1.0,283.1499938964844,287.7987976074219,290.2781677246094,291.0320129394531,293.1499938964844,293.1499938964844,283.1499938964844,17990.134765625,18000.0,313.1499938964844,0.0,18000.0,1.0,0.0,0.0,0.0,1.0,0.4397147297859192,1.0,0.0,0.0,0.520586371421814,0.5205900073051453,1.808335881037237e-08,4.265924453735352,4.265914440155029,9.78592834144365e-06,0.0,0.0,-0.0,3304.600341796875,0.0,23.31770896911621,1895.4371337890625,0.0,352.3041076660156,0.2522537112236023,1.0,0.0,3.0,1.0,0.0
11976120,297.2082214355469,297.1499938964844,293.1499938964844,0.0,-0.0,288.3274841308594,0.727440595626831,0.2762738168239593,0.2526407241821289,297.248779296875,297.1499938964844,293.1499938964844,0.0,-0.0,288.3275451660156,0.930834710597992,0.5865802764892578,0.5573428273200989,297.5203857421875,297.1499938964844,293.1499938964844,0.0,-0.0,288.3275451660156,0.8670302033424377,0.4798899888992309,0.3371163010597229,297.24395751953125,297.1499938964844,293.1499938964844,0.0,-0.0,288.3275146484375,0.7948428392410278,0.3644170761108398,0.3488844931125641,297.2084045410156,297.1499938964844,293.1499938964844,0.0,-0.0,288.3274841308594,0.710361123085022,0.2560786008834839,1.171662449836731,288.3275451660156,288.2980041503906,291.45001220703125,287.2739562988281,291.45001220703125,297.3267822265625,288.3277587890625,1.0,0.6223723292350769,1.0,1.0,0.0,1.0,-3.203308582305908,3.2033004760742188,8.248360245488584e-06,2.4735143184661865,0.3423702716827392,0.3423702716827392,0.0,197.55259704589844,207.0,10129.076171875,-0.0,2959.135986328125,1.0,283.1499938964844,287.7987976074219,290.2781677246094,291.0320129394531,293.1499938964844,293.1499938964844,283.1499938964844,17990.134765625,18000.0,313.1499938964844,0.0,18000.0,1.0,0.0,0.0,0.0,1.0,0.4397147297859192,1.0,0.0,0.0,0.520586371421814,0.5205900073051453,1.808335881037237e-08,4.265924453735352,4.265914440155029,9.78592834144365e-06,0.0,0.0,-0.0,3304.600341796875,0.0,23.31770896911621,1895.4371337890625,0.0,352.3041076660156,0.2522537112236023,1.0,0.0,3.0,1.0,0.0
11976180,297.2063903808594,297.1499938964844,293.1499938964844,0.0,-0.0,288.3316650390625,0.7257360219955444,0.276825338602066,0.2532366514205932,297.2455444335937,297.1499938964844,293.1499938964844,0.0,-0.0,288.33172607421875,0.9278660416603088,0.5875025987625122,0.5583183169364929,297.52178955078125,297.1499938964844,293.1499938964844,0.0,-0.0,288.33172607421875,0.8670740723609924,0.4847239553928375,0.3405387103557586,297.2423400878906,297.1499938964844,293.1499938964844,0.0,-0.0,288.3316955566406,0.7929685115814209,0.365444153547287,0.3499578237533569,297.2071838378906,297.1499938964844,293.1499938964844,0.0,-0.0,288.3316650390625,0.7086020112037659,0.2566937208175659,1.1749175786972046,288.3316955566406,288.2980041503906,291.45001220703125,287.2666015625,291.45001220703125,297.3266906738281,288.3319091796875,1.0,0.6254780888557434,1.0,1.0,0.0,1.0,-3.214518070220948,3.2145097255706787,8.30595126899425e-06,2.4820752143859863,0.3428500592708587,0.3428500592708587,0.0,200.63038635253903,210.0,10151.2529296875,-0.0,2999.66650390625,1.0,283.1499938964844,287.80108642578125,290.2710876464844,291.026611328125,293.1499938964844,293.1499938964844,283.1499938964844,17988.6171875,18000.0,313.1499938964844,0.0,18000.0,1.0,0.0,0.0,0.0,1.0,0.4406084716320038,1.0,0.0,0.0,0.5215021967887878,0.5215058326721191,1.81470376503512e-08,4.265924453735352,4.265914440155029,9.78592834144365e-06,0.0,0.0,-0.0,3311.27001953125,0.0,23.36910057067871,1895.4371337890625,0.0,354.2163391113281,0.2523470222949981,1.0,0.0,3.0,1.0,0.0
11976240,297.2063903808594,297.1499938964844,293.1499938964844,0.0,-0.0,288.3316650390625,0.7257360219955444,0.276825338602066,0.2532366514205932,297.2455444335937,297.1499938964844,293.1499938964844,0.0,-0.0,288.33172607421875,0.9278660416603088,0.5875025987625122,0.5583183169364929,297.52178955078125,297.1499938964844,293.1499938964844,0.0,-0.0,288.33172607421875,0.8670740723609924,0.4847239553928375,0.3405387103557586,297.2423400878906,297.1499938964844,293.1499938964844,0.0,-0.0,288.3316955566406,0.7929685115814209,0.365444153547287,0.3499578237533569,297.2071838378906,297.1499938964844,293.1499938964844,0.0,-0.0,288.3316650390625,0.7086020112037659,0.2566937208175659,1.1749175786972046,288.3316955566406,288.2980041503906,291.45001220703125,287.2666015625,291.45001220703125,297.3266906738281,288.3319091796875,1.0,0.6254780888557434,1.0,1.0,0.0,1.0,-3.214518070220948,3.2145097255706787,8.30595126899425e-06,2.4820752143859863,0.3428500592708587,0.3428500592708587,0.0,200.63038635253903,210.0,10151.2529296875,-0.0,2999.66650390625,1.0,283.1499938964844,287.80108642578125,290.2710876464844,291.026611328125,293.1499938964844,293.1499938964844,283.1499938964844,17988.6171875,18000.0,313.1499938964844,0.0,18000.0,1.0,0.0,0.0,0.0,1.0,0.4406084716320038,1.0,0.0,0.0,0.5215021967887878,0.5215058326721191,1.81470376503512e-08,4.265924453735352,4.265914440155029,9.78592834144365e-06,0.0,0.0,-0.0,3311.27001953125,0.0,23.36910057067871,1895.4371337890625,0.0,354.2163391113281,0.2523470222949981,1.0,0.0,3.0,1.0,0.0
11976300,297.2054748535156,297.1499938964844,293.1499938964844,0.0,-0.0,288.33355712890625,0.7248895764350891,0.2770910263061523,0.2535256147384643,297.243896484375,297.1499938964844,293.1499938964844,0.0,-0.0,288.3335876464844,0.9263961911201476,0.587944746017456,0.5587882995605469,297.5224609375,297.1499938964844,293.1499938964844,0.0,-0.0,288.3335876464844,0.8671057224273682,0.4871439635753631,0.3422519266605377,297.24151611328125,297.1499938964844,293.1499938964844,0.0,-0.0,288.33355712890625,0.79204261302948,0.3659475445747375,0.3504850268363952,297.20654296875,297.1499938964844,293.1499938964844,0.0,-0.0,288.3335266113281,0.7077201008796692,0.2569937109947204,1.176511526107788,288.3335876464844,288.2980041503906,291.45001220703125,287.2628479003906,291.45001220703125,297.3266296386719,288.3337707519531,1.0,0.6270164847373962,1.0,1.0,0.0,1.0,-3.220041036605835,3.220032930374145,8.334400263265707e-06,2.486292600631714,0.3431078195571899,0.3431078195571899,0.0,202.16848754882807,210.0,10162.7080078125,-0.0,3019.850830078125,1.0,283.1499938964844,287.80206298828125,290.2674255371094,291.0238647460937,293.1499938964844,293.1499938964844,283.1499938964844,17987.9296875,18000.0,313.1499938964844,0.0,18000.0,1.0,0.0,0.0,0.0,1.0,0.4410736560821533,1.0,0.0,0.0,0.5219977498054504,0.5220013856887817,1.8181543381956544e-08,4.265924453735352,4.265914440155029,9.78592834144365e-06,0.0,0.0,-0.0,3314.7041015625,0.0,23.39707565307617,1895.4371337890625,0.0,355.2154235839844,0.2523981630802154,1.0,0.0,3.0,1.0,0.0
11976360,297.2045288085937,297.1499938964844,293.1499938964844,0.0,-0.0,288.3353271484375,0.7240468859672546,0.2773507833480835,0.2538093030452728,297.2422180175781,297.1499938964844,293.1499938964844,0.0,-0.0,288.3353576660156,0.92493736743927,0.588375449180603,0.5592476725578308,297.5231018066406,297.1499938964844,293.1499938964844,0.0,-0.0,288.3353576660156,0.8671432733535767,0.4895656108856201,0.3439663350582123,297.2406921386719,297.1499938964844,293.1499938964844,0.0,-0.0,288.3353271484375,0.7911243438720703,0.3664448857307434,0.3510065674781799,297.2059326171875,297.1499938964844,293.1499938964844,0.0,-0.0,288.3352966308594,0.7068434357643127,0.2572892010211944,1.178085446357727,288.3353576660156,288.2980041503906,291.45001220703125,287.259033203125,291.45001220703125,297.3265380859375,288.33551025390625,1.0,0.6285462379455566,1.0,1.0,0.0,1.0,-3.2255160808563232,3.225507497787476,8.36264734971337e-06,2.4904727935791016,0.3433753550052643,0.3433753550052643,0.0,203.7064666748047,213.0,10174.361328125,-0.0,3039.994140625,1.0,283.1499938964844,287.80291748046875,290.26373291015625,291.02105712890625,293.1499938964844,293.1499938964844,283.1499938964844,17987.27734375,18000.0,313.1499938964844,0.0,18000.0,1.0,0.0,0.0,0.0,1.0,0.4415495693683624,1.0,0.0,0.0,0.5225141048431396,0.522517740726471,1.821752881880912e-08,4.265924453735352,4.265914440155029,9.78592834144365e-06,0.0,0.0,-0.0,3318.190185546875,0.0,23.426313400268555,1895.4371337890625,0.0,356.2402648925781,0.2524518370628357,1.0,0.0,3.0,1.0,0.0
11976420,297.2026672363281,297.1499938964844,293.1499938964844,0.0,-0.0,288.3385009765625,0.7223702073097229,0.2778511345386505,0.2543596029281616,297.2388610839844,297.1499938964844,293.1499938964844,0.0,-0.0,288.3385314941406,0.9220533967018129,0.5891994833946228,0.5601314902305603,297.5242919921875,297.1499938964844,293.1499938964844,0.0,-0.0,288.3385314941406,0.8672360181808472,0.494414359331131,0.3473987877368927,297.2389831542969,297.1499938964844,293.1499938964844,0.0,-0.0,288.3385009765625,0.7893093824386597,0.3674199283123016,0.3520312905311584,297.2046203613281,297.1499938964844,293.1499938964844,0.0,-0.0,288.3384704589844,0.7051060795783997,0.2578656673431396,1.181169033050537,288.3385314941406,288.2980041503906,291.45001220703125,287.2511901855469,291.45001220703125,297.32635498046875,288.33868408203125,1.0,0.6315777897834778,1.0,1.0,0.0,1.0,-3.2363078594207764,3.2362992763519287,8.418467587034684e-06,2.498713254928589,0.3439395427703857,0.3439395427703857,0.0,206.7811584472656,216.0,10198.25390625,-0.0,3080.121337890625,1.0,283.1499938964844,287.8043212890625,290.256103515625,291.0152282714844,293.1499938964844,293.1499938964844,283.1499938964844,17986.09375,18000.0,313.1499938964844,0.0,18000.0,1.0,0.0,0.0,0.0,1.0,0.4425321519374847,1.0,0.0,0.0,0.5236089825630188,0.5236126184463501,1.829395834818116e-08,4.265924453735352,4.265914440155029,9.78592834144365e-06,0.0,0.0,-0.0,3325.310546875,0.0,23.48858642578125,1895.4371337890625,0.0,358.36492919921875,0.2525666952133178,1.0,0.0,3.0,1.0,0.0
11976480,297.2026672363281,297.1499938964844,293.1499938964844,0.0,-0.0,288.3385009765625,0.7223702073097229,0.2778511345386505,0.2543596029281616,297.2388610839844,297.1499938964844,293.1499938964844,0.0,-0.0,288.3385314941406,0.9220533967018129,0.5891994833946228,0.5601314902305603,297.5242919921875,297.1499938964844,293.1499938964844,0.0,-0.0,288.3385314941406,0.8672360181808472,0.494414359331131,0.3473987877368927,297.2389831542969,297.1499938964844,293.1499938964844,0.0,-0.0,288.3385009765625,0.7893093824386597,0.3674199283123016,0.3520312905311584,297.2046203613281,297.1499938964844,293.1499938964844,0.0,-0.0,288.3384704589844,0.7051060795783997,0.2578656673431396,1.181169033050537,288.3385314941406,288.2980041503906,291.45001220703125,287.2511901855469,291.45001220703125,297.32635498046875,288.33868408203125,1.0,0.6315777897834778,1.0,1.0,0.0,1.0,-3.2363078594207764,3.2362992763519287,8.418467587034684e-06,2.498713254928589,0.3439395427703857,0.3439395427703857,0.0,206.7811584472656,216.0,10198.25390625,-0.0,3080.121337890625,1.0,283.1499938964844,287.8043212890625,290.256103515625,291.0152282714844,293.1499938964844,293.1499938964844,283.1499938964844,17986.09375,18000.0,313.1499938964844,0.0,18000.0,1.0,0.0,0.0,0.0,1.0,0.4425321519374847,1.0,0.0,0.0,0.5236089825630188,0.5236126184463501,1.829395834818116e-08,4.265924453735352,4.265914440155029,9.78592834144365e-06,0.0,0.0,-0.0,3325.310546875,0.0,23.48858642578125,1895.4371337890625,0.0,358.36492919921875,0.2525666952133178,1.0,0.0,3.0,1.0,0.0
11976540,297.2008056640625,297.1499938964844,293.1499938964844,0.0,-0.0,288.3412475585937,0.7207035422325134,0.2783276736736297,0.2548885941505432,297.2354431152344,297.1499938964844,293.1499938964844,0.0,-0.0,288.3412780761719,0.919219970703125,0.5899761915206909,0.560971200466156,297.5254211425781,297.1499938964844,293.1499938964844,0.0,-0.0,288.3412780761719,0.8673509359359741,0.4992696940898895,0.3508356809616089,297.2372436523437,297.1499938964844,293.1499938964844,0.0,-0.0,288.3412780761719,0.7875232100486755,0.3683702051639557,0.3530328571796417,297.20330810546875,297.1499938964844,293.1499938964844,0.0,-0.0,288.3412475585937,0.7033902406692505,0.2584239244461059,1.1841719150543213,288.3412780761719,288.2980041503906,291.45001220703125,287.2430419921875,291.45001220703125,297.3261413574219,288.3414001464844,1.0,0.6345741152763367,1.0,1.0,0.0,1.0,-3.246901512145996,3.2468929290771484,8.473450179735664e-06,2.5068044662475586,0.344536691904068,0.344536691904068,0.0,209.85464477539065,219.0,10222.798828125,-0.0,3120.0556640625,1.0,283.1499938964844,287.80535888671875,290.2481384277344,291.0091552734375,293.1499938964844,293.1499938964844,283.1499938964844,17985.048828125,18000.0,313.1499938964844,0.0,18000.0,1.0,0.0,0.0,0.0,1.0,0.4435519576072693,1.0,0.0,0.0,0.5247750282287598,0.5247786641120911,1.8375526877889573e-08,4.265924453735352,4.265914440155029,9.78592834144365e-06,0.0,0.0,-0.0,3332.58642578125,0.0,23.55522918701172,1895.4371337890625,0.0,360.5824279785156,0.2526902258396148,1.0,0.0,3.0,1.0,0.0
11976600,297.2008056640625,297.1499938964844,293.1499938964844,0.0,-0.0,288.3412475585937,0.7207035422325134,0.2783276736736297,0.2548885941505432,297.2354431152344,297.1499938964844,293.1499938964844,0.0,-0.0,288.3412780761719,0.919219970703125,0.5899761915206909,0.560971200466156,297.5254211425781,297.1499938964844,293.1499938964844,0.0,-0.0,288.3412780761719,0.8673509359359741,0.4992696940898895,0.3508356809616089,297.2372436523437,297.1499938964844,293.1499938964844,0.0,-0.0,288.3412780761719,0.7875232100486755,0.3683702051639557,0.3530328571796417,297.20330810546875,297.1499938964844,293.1499938964844,0.0,-0.0,288.3412475585937,0.7033902406692505,0.2584239244461059,1.1841719150543213,288.3412780761719,288.2980041503906,291.45001220703125,287.2430419921875,291.45001220703125,297.3261413574219,288.3414001464844,1.0,0.6345741152763367,1.0,1.0,0.0,1.0,-3.246901512145996,3.2468929290771484,8.473450179735664e-06,2.5068044662475586,0.344536691904068,0.344536691904068,0.0,209.85464477539065,219.0,10222.798828125,-0.0,3120.0556640625,1.0,283.1499938964844,287.80535888671875,290.2481384277344,291.0091552734375,293.1499938964844,293.1499938964844,283.1499938964844,17985.048828125,18000.0,313.1499938964844,0.0,18000.0,1.0,0.0,0.0,0.0,1.0,0.4435519576072693,1.0,0.0,0.0,0.5247750282287598,0.5247786641120911,1.8375526877889573e-08,4.265924453735352,4.265914440155029,9.78592834144365e-06,0.0,0.0,-0.0,3332.58642578125,0.0,23.55522918701172,1895.4371337890625,0.0,360.5824279785156,0.2526902258396148,1.0,0.0,3.0,1.0,0.0
11976660,297.1989440917969,297.1499938964844,293.1499938964844,0.0,-0.0,288.3436279296875,0.7190436124801636,0.2787805795669555,0.2553965151309967,297.2319641113281,297.1499938964844,293.1499938964844,0.0,-0.0,288.3436584472656,0.9164420366287231,0.5907049775123596,0.5617660880088806,297.5264587402344,297.1499938964844,293.1499938964844,0.0,-0.0,288.3436584472656,0.8674870729446411,0.5041313767433167,0.3542768657207489,297.2354736328125,297.1499938964844,293.1499938964844,0.0,-0.0,288.3436279296875,0.7857649922370911,0.3692955672740936,0.3540111184120178,297.2019958496094,297.1499938964844,293.1499938964844,0.0,-0.0,288.3436279296875,0.7016953825950623,0.2589640617370605,1.18709397315979,288.3436584472656,288.2980041503906,291.45001220703125,287.23455810546875,291.45001220703125,297.32586669921875,288.3437805175781,1.0,0.6375352740287781,1.0,1.0,0.0,1.0,-3.257296323776245,3.257287740707397,8.527583304385189e-06,2.5147476196289062,0.3451627194881439,0.3451627194881439,0.0,212.9265594482422,222.0,10247.900390625,-0.0,3159.783935546875,1.0,283.1499938964844,287.8060607910156,290.23980712890625,291.0027770996094,293.1499938964844,293.1499938964844,283.1499938964844,17984.1328125,18000.0,313.1499938964844,0.0,18000.0,1.0,0.0,0.0,0.0,1.0,0.4446056485176086,1.0,0.0,0.0,0.5260043144226074,0.5260079503059387,1.846171571173728e-08,4.265924453735352,4.265914440155029,9.78592834144365e-06,0.0,0.0,-0.0,3339.983154296875,0.0,23.62579345703125,1895.4371337890625,0.0,362.88720703125,0.2528215646743774,1.0,0.0,3.0,1.0,0.0
11976720,297.1989440917969,297.1499938964844,293.1499938964844,0.0,-0.0,288.3436279296875,0.7190436124801636,0.2787805795669555,0.2553965151309967,297.2319641113281,297.1499938964844,293.1499938964844,0.0,-0.0,288.3436584472656,0.9164420366287231,0.5907049775123596,0.5617660880088806,297.5264587402344,297.1499938964844,293.1499938964844,0.0,-0.0,288.3436584472656,0.8674870729446411,0.5041313767433167,0.3542768657207489,297.2354736328125,297.1499938964844,293.1499938964844,0.0,-0.0,288.3436279296875,0.7857649922370911,0.3692955672740936,0.3540111184120178,297.2019958496094,297.1499938964844,293.1499938964844,0.0,-0.0,288.3436279296875,0.7016953825950623,0.2589640617370605,1.18709397315979,288.3436584472656,288.2980041503906,291.45001220703125,287.23455810546875,291.45001220703125,297.32586669921875,288.3437805175781,1.0,0.6375352740287781,1.0,1.0,0.0,1.0,-3.257296323776245,3.257287740707397,8.527583304385189e-06,2.5147476196289062,0.3451627194881439,0.3451627194881439,0.0,212.9265594482422,222.0,10247.900390625,-0.0,3159.783935546875,1.0,283.1499938964844,287.8060607910156,290.23980712890625,291.0027770996094,293.1499938964844,293.1499938964844,283.1499938964844,17984.1328125,18000.0,313.1499938964844,0.0,18000.0,1.0,0.0,0.0,0.0,1.0,0.4446056485176086,1.0,0.0,0.0,0.5260043144226074,0.5260079503059387,1.846171571173728e-08,4.265924453735352,4.265914440155029,9.78592834144365e-06,0.0,0.0,-0.0,3339.983154296875,0.0,23.62579345703125,1895.4371337890625,0.0,362.88720703125,0.2528215646743774,1.0,0.0,3.0,1.0,0.0
11976780,297.19708251953125,297.1499938964844,293.1499938964844,0.0,-0.0,288.3456420898437,0.717387318611145,0.2792108058929443,0.2558841705322265,297.2284545898437,297.1499938964844,293.1499938964844,0.0,-0.0,288.3456726074219,0.9137256741523744,0.5913867354393005,0.5625171065330505,297.5274353027344,297.1499938964844,293.1499938964844,0.0,-0.0,288.3456726074219,0.8676431179046631,0.5089988112449646,0.3577219545841217,297.23370361328125,297.1499938964844,293.1499938964844,0.0,-0.0,288.3456420898437,0.7840340733528137,0.3701967597007751,0.3549667000770569,297.2006530761719,297.1499938964844,293.1499938964844,0.0,-0.0,288.3456420898437,0.7000213861465454,0.2594866156578064,1.189938187599182,288.3456726074219,288.2980041503906,291.45001220703125,287.2256774902344,291.45001220703125,297.3255615234375,288.34576416015625,1.0,0.6404622197151184,1.0,1.0,0.0,1.0,-3.2674977779388428,3.267489194869995,8.580890607845504e-06,2.5225484371185303,0.3458130657672882,0.3458130657672882,0.0,215.9970550537109,225.0,10273.458984375,-0.0,3199.309326171875,1.0,283.1499938964844,287.8064880371094,290.2310791015625,290.9960327148437,293.1499938964844,293.1499938964844,283.1499938964844,17983.330078125,18000.0,313.1499938964844,0.0,18000.0,1.0,0.0,0.0,0.0,1.0,0.445690244436264,1.0,0.0,0.0,0.5272877216339111,0.5272913575172424,1.855191911204201e-08,4.265924453735352,4.265914440155029,9.78592834144365e-06,0.0,0.0,-0.0,3347.465087890625,0.0,23.69974899291992,1895.4371337890625,0.0,365.2740173339844,0.2529596984386444,1.0,0.0,3.0,1.0,0.0
11976840,297.19708251953125,297.1499938964844,293.1499938964844,0.0,-0.0,288.3456420898437,0.717387318611145,0.2792108058929443,0.2558841705322265,297.2284545898437,297.1499938964844,293.1499938964844,0.0,-0.0,288.3456726074219,0.9137256741523744,0.5913867354393005,0.5625171065330505,297.5274353027344,297.1499938964844,293.1499938964844,0.0,-0.0,288.3456726074219,0.8676431179046631,0.5089988112449646,0.3577219545841217,297.23370361328125,297.1499938964844,293.1499938964844,0.0,-0.0,288.3456420898437,0.7840340733528137,0.3701967597007751,0.3549667000770569,297.2006530761719,297.1499938964844,293.1499938964844,0.0,-0.0,288.3456420898437,0.7000213861465454,0.2594866156578064,1.189938187599182,288.3456726074219,288.2980041503906,291.45001220703125,287.2256774902344,291.45001220703125,297.3255615234375,288.34576416015625,1.0,0.6404622197151184,1.0,1.0,0.0,1.0,-3.2674977779388428,3.267489194869995,8.580890607845504e-06,2.5225484371185303,0.3458130657672882,0.3458130657672882,0.0,215.9970550537109,225.0,10273.458984375,-0.0,3199.309326171875,1.0,283.1499938964844,287.8064880371094,290.2310791015625,290.9960327148437,293.1499938964844,293.1499938964844,283.1499938964844,17983.330078125,18000.0,313.1499938964844,0.0,18000.0,1.0,0.0,0.0,0.0,1.0,0.445690244436264,1.0,0.0,0.0,0.5272877216339111,0.5272913575172424,1.855191911204201e-08,4.265924453735352,4.265914440155029,9.78592834144365e-06,0.0,0.0,-0.0,3347.465087890625,0.0,23.69974899291992,1895.4371337890625,0.0,365.2740173339844,0.2529596984386444,1.0,0.0,3.0,1.0,0.0
11976900,297.1961364746094,297.1499938964844,293.1499938964844,0.0,-0.0,288.3465270996094,0.7165593504905701,0.2794172763824463,0.2561202943325043,297.2267150878906,297.1499938964844,293.1499938964844,0.0,-0.0,288.3465576171875,0.9123920798301696,0.5917094349861145,0.5628756284713745,297.52789306640625,297.1499938964844,293.1499938964844,0.0,-0.0,288.3465576171875,0.8677284121513367,0.5114346742630005,0.3594459295272827,297.2327880859375,297.1499938964844,293.1499938964844,0.0,-0.0,288.3465576171875,0.783178448677063,0.3706380426883697,0.3554357588291168,297.1999816894531,297.1499938964844,293.1499938964844,0.0,-0.0,288.3465270996094,0.6991919279098511,0.2597411870956421,1.1913304328918457,288.3465576171875,288.2980041503906,291.45001220703125,287.2210693359375,291.45001220703125,297.3254089355469,288.3466491699219,1.0,0.6419126391410828,1.0,1.0,0.0,1.0,-3.272524356842041,3.2725155353546143,8.607223207945935e-06,2.5263941287994385,0.3461464643478393,0.3461464643478393,0.0,217.53155517578125,225.0,10286.3857421875,-0.0,3218.98779296875,1.0,283.1499938964844,287.8065795898437,290.2265625,290.99249267578125,293.1499938964844,293.1499938964844,283.1499938964844,17982.97265625,18000.0,313.1499938964844,0.0,18000.0,1.0,0.0,0.0,0.0,1.0,0.4462430477142334,1.0,0.0,0.0,0.5279480218887329,0.5279516577720642,1.85984099232428e-08,4.265924453735352,4.265914440155029,9.78592834144365e-06,0.0,0.0,-0.0,3351.228759765625,0.0,23.737903594970703,1895.4371337890625,0.0,366.4962158203125,0.2530310750007629,1.0,0.0,3.0,1.0,0.0
11976960,297.1952209472656,297.1499938964844,293.1499938964844,0.0,-0.0,288.34735107421875,0.7157312631607056,0.2796185910701751,0.2563517987728119,297.2249450683594,297.1499938964844,293.1499938964844,0.0,-0.0,288.3473815917969,0.9110764265060424,0.5920210480690002,0.5632238388061523,297.5283203125,297.1499938964844,293.1499938964844,0.0,-0.0,288.3473815917969,0.8678181171417236,0.5138716697692871,0.3611707091331482,297.2319030761719,297.1499938964844,293.1499938964844,0.0,-0.0,288.34735107421875,0.7823295593261719,0.3710737228393554,0.3558995723724365,297.1993103027344,297.1499938964844,293.1499938964844,0.0,-0.0,288.34735107421875,0.6983676552772522,0.2599917352199554,1.1927047967910769,288.3473815917969,288.2980041503906,291.45001220703125,287.21636962890625,291.45001220703125,297.32525634765625,288.34747314453125,1.0,0.6433550715446472,1.0,1.0,0.0,1.0,-3.277506113052368,3.2774972915649414,8.633365723653696e-06,2.530207633972168,0.3464842736721039,0.3464842736721039,0.0,219.0658569335937,228.0,10299.390625,-0.0,3238.620849609375,1.0,283.1499938964844,287.806640625,290.221923828125,290.9888610839844,293.1499938964844,293.1499938964844,283.1499938964844,17982.634765625,18000.0,313.1499938964844,0.0,18000.0,1.0,0.0,0.0,0.0,1.0,0.4468027353286743,1.0,0.0,0.0,0.5286185145378113,0.5286221504211426,1.864568055509608e-08,4.265924453735352,4.265914440155029,9.78592834144365e-06,0.0,0.0,-0.0,3355.001708984375,0.0,23.776710510253903,1895.4371337890625,0.0,367.7376403808594,0.2531037926673889,1.0,0.0,3.0,1.0,0.0
11977020,297.1933898925781,297.1499938964844,293.1499938964844,0.0,-0.0,288.3487854003906,0.7140718102455139,0.2800042629241943,0.2567996680736542,297.2214050292969,297.1499938964844,293.1499938964844,0.0,-0.0,288.3487854003906,0.9085001349449158,0.5926076769828796,0.5638859272003174,297.5291748046875,297.1499938964844,293.1499938964844,0.0,-0.0,288.3487854003906,0.8680106997489929,0.5187492966651917,0.3646226823329925,297.2301025390625,297.1499938964844,293.1499938964844,0.0,-0.0,288.3487854003906,0.7806505560874939,0.3719264566898346,0.3568097651004791,297.1979675292969,297.1499938964844,293.1499938964844,0.0,-0.0,288.3487854003906,0.6967335939407349,0.2604794800281524,1.1953941583633425,288.3487854003906,288.2980041503906,291.45001220703125,287.20660400390625,291.45001220703125,297.3249206542969,288.348876953125,1.0,0.6462140083312988,1.0,1.0,0.0,1.0,-3.287320613861084,3.287311792373657,8.685000466357451e-06,2.537726402282715,0.3471728563308716,0.3471728563308716,0.0,222.1329040527344,231.0,10325.615234375,-0.0,3277.708251953125,1.0,283.1499938964844,287.8065490722656,290.2122802734375,290.9812316894531,293.1499938964844,293.1499938964844,283.1499938964844,17982.0390625,18000.0,313.1499938964844,0.0,18000.0,1.0,0.0,0.0,0.0,1.0,0.4479398131370544,1.0,0.0,0.0,0.5299897789955139,0.5299934148788452,1.8742539964478052e-08,4.265924453735352,4.265914440155029,9.78592834144365e-06,0.0,0.0,-0.0,3362.56201171875,0.0,23.856279373168945,1895.4371337890625,0.0,370.27197265625,0.2532531321048736,1.0,0.0,3.0,1.0,0.0
11977080,297.1933898925781,297.1499938964844,293.1499938964844,0.0,-0.0,288.3487854003906,0.7140718102455139,0.2800042629241943,0.2567996680736542,297.2214050292969,297.1499938964844,293.1499938964844,0.0,-0.0,288.3487854003906,0.9085001349449158,0.5926076769828796,0.5638859272003174,297.5291748046875,297.1499938964844,293.1499938964844,0.0,-0.0,288.3487854003906,0.8680106997489929,0.5187492966651917,0.3646226823329925,297.2301025390625,297.1499938964844,293.1499938964844,0.0,-0.0,288.3487854003906,0.7806505560874939,0.3719264566898346,0.3568097651004791,297.1979675292969,297.1499938964844,293.1499938964844,0.0,-0.0,288.3487854003906,0.6967335939407349,0.2604794800281524,1.1953941583633425,288.3487854003906,288.2980041503906,291.45001220703125,287.20660400390625,291.45001220703125,297.3249206542969,288.348876953125,1.0,0.6462140083312988,1.0,1.0,0.0,1.0,-3.287320613861084,3.287311792373657,8.685000466357451e-06,2.537726402282715,0.3471728563308716,0.3471728563308716,0.0,222.1329040527344,231.0,10325.615234375,-0.0,3277.708251953125,1.0,283.1499938964844,287.8065490722656,290.2122802734375,290.9812316894531,293.1499938964844,293.1499938964844,283.1499938964844,17982.0390625,18000.0,313.1499938964844,0.0,18000.0,1.0,0.0,0.0,0.0,1.0,0.4479398131370544,1.0,0.0,0.0,0.5299897789955139,0.5299934148788452,1.8742539964478052e-08,4.265924453735352,4.265914440155029,9.78592834144365e-06,0.0,0.0,-0.0,3362.56201171875,0.0,23.856279373168945,1895.4371337890625,0.0,370.27197265625,0.2532531321048736,1.0,0.0,3.0,1.0,0.0
11977140,297.19158935546875,297.1499938964844,293.1499938964844,0.0,-0.0,288.3499450683594,0.7124063968658447,0.2803696990013122,0.2572294473648071,297.2178649902344,297.1499938964844,293.1499938964844,0.0,-0.0,288.3499755859375,0.906004786491394,0.5931496024131775,0.5645062327384949,297.5299377441406,297.1499938964844,293.1499938964844,0.0,-0.0,288.3499755859375,0.8682196736335754,0.52363121509552,0.3680774271488189,297.2283020019531,297.1499938964844,293.1499938964844,0.0,-0.0,288.3499450683594,0.7789970636367798,0.3727567195892334,0.357698917388916,297.1966552734375,297.1499938964844,293.1499938964844,0.0,-0.0,288.3499450683594,0.6951196193695068,0.2609512209892273,1.1980124711990356,288.3499755859375,288.2980041503906,291.45001220703125,287.1963195800781,291.45001220703125,297.3245544433594,288.3500366210937,1.0,0.6490413546562195,1.0,1.0,0.0,1.0,-3.2969558238983154,3.2969470024108887,8.735863957554102e-06,2.545116662979126,0.3478748500347137,0.3478748500347137,0.0,225.19888305664065,234.0,10352.046875,-0.0,3316.59814453125,1.0,283.1499938964844,287.8062438964844,290.2021179199219,290.97314453125,293.1499938964844,293.1499938964844,283.1499938964844,17981.5234375,18000.0,313.1499938964844,0.0,18000.0,1.0,0.0,0.0,0.0,1.0,0.4491018056869507,1.0,0.0,0.0,0.5313934087753296,0.5313970446586609,1.8841946669567733e-08,4.265924453735352,4.265914440155029,9.78592834144365e-06,0.0,0.0,-0.0,3370.117919921875,0.0,23.93797492980957,1895.4371337890625,0.0,372.8790283203125,0.2534067630767822,1.0,0.0,3.0,1.0,0.0
11977200,297.19158935546875,297.1499938964844,293.1499938964844,0.0,-0.0,288.3499450683594,0.7124063968658447,0.2803696990013122,0.2572294473648071,297.2178649902344,297.1499938964844,293.1499938964844,0.0,-0.0,288.3499755859375,0.906004786491394,0.5931496024131775,0.5645062327384949,297.5299377441406,297.1499938964844,293.1499938964844,0.0,-0.0,288.3499755859375,0.8682196736335754,0.52363121509552,0.3680774271488189,297.2283020019531,297.1499938964844,293.1499938964844,0.0,-0.0,288.3499450683594,0.7789970636367798,0.3727567195892334,0.357698917388916,297.1966552734375,297.1499938964844,293.1499938964844,0.0,-0.0,288.3499450683594,0.6951196193695068,0.2609512209892273,1.1980124711990356,288.3499755859375,288.2980041503906,291.45001220703125,287.1963195800781,291.45001220703125,297.3245544433594,288.3500366210937,1.0,0.6490413546562195,1.0,1.0,0.0,1.0,-3.2969558238983154,3.2969470024108887,8.735863957554102e-06,2.545116662979126,0.3478748500347137,0.3478748500347137,0.0,225.19888305664065,234.0,10352.046875,-0.0,3316.59814453125,1.0,283.1499938964844,287.8062438964844,290.2021179199219,290.97314453125,293.1499938964844,293.1499938964844,283.1499938964844,17981.5234375,18000.0,313.1499938964844,0.0,18000.0,1.0,0.0,0.0,0.0,1.0,0.4491018056869507,1.0,0.0,0.0,0.5313934087753296,0.5313970446586609,1.8841946669567733e-08,4.265924453735352,4.265914440155029,9.78592834144365e-06,0.0,0.0,-0.0,3370.117919921875,0.0,23.93797492980957,1895.4371337890625,0.0,372.8790283203125,0.2534067630767822,1.0,0.0,3.0,1.0,0.0
11977260,297.1898193359375,297.1499938964844,293.1499938964844,0.0,-0.0,288.3509216308594,0.7107332348823547,0.2807166278362274,0.2576425969600677,297.2143249511719,297.1499938964844,293.1499938964844,0.0,-0.0,288.3509216308594,0.903599739074707,0.5936497449874878,0.5650874376296997,297.5306701660156,297.1499938964844,293.1499938964844,0.0,-0.0,288.3509216308594,0.868445098400116,0.5285171270370483,0.3715347349643707,297.2265014648437,297.1499938964844,293.1499938964844,0.0,-0.0,288.3509216308594,0.7773703932762146,0.3735661506652832,0.3585684299468994,297.1953430175781,297.1499938964844,293.1499938964844,0.0,-0.0,288.35089111328125,0.6935270428657532,0.2614081501960754,1.2005645036697388,288.3509216308594,288.2980041503906,291.45001220703125,287.184326171875,291.45001220703125,297.3241882324219,288.3509826660156,1.0,0.6518388986587524,1.0,1.0,0.0,1.0,-3.3064239025115967,3.30641508102417,8.786055332166143e-06,2.5524041652679443,0.3485871851444244,0.3485871851444244,0.0,228.2639312744141,237.0,10378.6220703125,-0.0,3355.31103515625,1.0,283.1499938964844,287.8057861328125,290.1910705566406,290.9643249511719,293.1499938964844,293.1499938964844,283.1499938964844,17981.078125,18000.0,313.1499938964844,0.0,18000.0,1.0,0.0,0.0,0.0,1.0,0.4504323005676269,1.0,0.0,0.0,0.5328231453895569,0.5328267812728882,1.8943476121080494e-08,4.265924453735352,4.265914440155029,9.78592834144365e-06,0.0,0.0,-0.0,3377.606689453125,0.0,24.02143096923828,1895.4371337890625,0.0,375.8857421875,0.2535639405250549,1.0,0.0,3.0,1.0,0.0
11977320,297.1898193359375,297.1499938964844,293.1499938964844,0.0,-0.0,288.3509216308594,0.7107332348823547,0.2807166278362274,0.2576425969600677,297.2143249511719,297.1499938964844,293.1499938964844,0.0,-0.0,288.3509216308594,0.903599739074707,0.5936497449874878,0.5650874376296997,297.5306701660156,297.1499938964844,293.1499938964844,0.0,-0.0,288.3509216308594,0.868445098400116,0.5285171270370483,0.3715347349643707,297.2265014648437,297.1499938964844,293.1499938964844,0.0,-0.0,288.3509216308594,0.7773703932762146,0.3735661506652832,0.3585684299468994,297.1953430175781,297.1499938964844,293.1499938964844,0.0,-0.0,288.35089111328125,0.6935270428657532,0.2614081501960754,1.2005645036697388,288.3509216308594,288.2980041503906,291.45001220703125,287.184326171875,291.45001220703125,297.3241882324219,288.3509826660156,1.0,0.6518388986587524,1.0,1.0,0.0,1.0,-3.3064239025115967,3.30641508102417,8.786055332166143e-06,2.5524041652679443,0.3485871851444244,0.3485871851444244,0.0,228.2639312744141,237.0,10378.6220703125,-0.0,3355.31103515625,1.0,283.1499938964844,287.8057861328125,290.1910705566406,290.9643249511719,293.1499938964844,293.1499938964844,283.1499938964844,17981.078125,18000.0,313.1499938964844,0.0,18000.0,1.0,0.0,0.0,0.0,1.0,0.4504323005676269,1.0,0.0,0.0,0.5328231453895569,0.5328267812728882,1.8943476121080494e-08,4.265924453735352,4.265914440155029,9.78592834144365e-06,0.0,0.0,-0.0,3377.606689453125,0.0,24.02143096923828,1895.4371337890625,0.0,375.8857421875,0.2535639405250549,1.0,0.0,3.0,1.0,0.0
11977380,297.1880798339844,297.1499938964844,293.1499938964844,0.0,-0.0,288.3516540527344,0.7090492248535156,0.2810448110103607,0.2580388486385345,297.2107849121094,297.1499938964844,293.1499938964844,0.0,-0.0,288.3516540527344,0.9012760519981384,0.5941060781478882,0.5656275153160095,297.5313415527344,297.1499938964844,293.1499938964844,0.0,-0.0,288.3516540527344,0.8686878085136414,0.5334073901176453,0.3749947249889374,297.2247314453125,297.1499938964844,293.1499938964844,0.0,-0.0,288.3516540527344,0.7757701277732849,0.3743537962436676,0.3594174683094024,297.19403076171875,297.1499938964844,293.1499938964844,0.0,-0.0,288.3516540527344,0.6919558644294739,0.2618497312068939,1.2030479907989502,288.3516540527344,288.2980041503906,291.45001220703125,287.1695861816406,291.45001220703125,297.32379150390625,288.3517150878906,1.0,0.6546056270599365,1.0,1.0,0.0,1.0,-3.315718650817871,3.3157098293304443,8.835581866151188e-06,2.5596024990081787,0.3493080735206604,0.3493080735206604,0.0,231.3270874023437,240.0,10405.2900390625,-0.0,3393.818603515625,1.0,283.1499938964844,287.8051452636719,290.177734375,290.9535827636719,293.1499938964844,293.1499938964844,283.1499938964844,17980.705078125,18000.0,313.1499938964844,0.0,18000.0,1.0,0.0,0.0,0.0,1.0,0.4520717263221741,1.0,0.0,0.0,0.5342755913734436,0.5342792272567749,1.9046892063556697e-08,4.265924453735352,4.265914440155029,9.78592834144365e-06,0.0,0.0,-0.0,3384.853271484375,0.0,24.1064567565918,1895.4371337890625,0.0,379.6226501464844,0.2537242770195007,1.0,0.0,3.0,1.0,0.0
11977440,297.1880798339844,297.1499938964844,293.1499938964844,0.0,-0.0,288.3516540527344,0.7090492248535156,0.2810448110103607,0.2580388486385345,297.2107849121094,297.1499938964844,293.1499938964844,0.0,-0.0,288.3516540527344,0.9012760519981384,0.5941060781478882,0.5656275153160095,297.5313415527344,297.1499938964844,293.1499938964844,0.0,-0.0,288.3516540527344,0.8686878085136414,0.5334073901176453,0.3749947249889374,297.2247314453125,297.1499938964844,293.1499938964844,0.0,-0.0,288.3516540527344,0.7757701277732849,0.3743537962436676,0.3594174683094024,297.19403076171875,297.1499938964844,293.1499938964844,0.0,-0.0,288.3516540527344,0.6919558644294739,0.2618497312068939,1.2030479907989502,288.3516540527344,288.2980041503906,291.45001220703125,287.1695861816406,291.45001220703125,297.32379150390625,288.3517150878906,1.0,0.6546056270599365,1.0,1.0,0.0,1.0,-3.315718650817871,3.3157098293304443,8.835581866151188e-06,2.5596024990081787,0.3493080735206604,0.3493080735206604,0.0,231.3270874023437,240.0,10405.2900390625,-0.0,3393.818603515625,1.0,283.1499938964844,287.8051452636719,290.177734375,290.9535827636719,293.1499938964844,293.1499938964844,283.1499938964844,17980.705078125,18000.0,313.1499938964844,0.0,18000.0,1.0,0.0,0.0,0.0,1.0,0.4520717263221741,1.0,0.0,0.0,0.5342755913734436,0.5342792272567749,1.9046892063556697e-08,4.265924453735352,4.265914440155029,9.78592834144365e-06,0.0,0.0,-0.0,3384.853271484375,0.0,24.1064567565918,1895.4371337890625,0.0,379.6226501464844,0.2537242770195007,1.0,0.0,3.0,1.0,0.0
11977500,297.1872253417969,297.1499938964844,293.1499938964844,0.0,-0.0,288.3519592285156,0.708202064037323,0.281202107667923,0.2582308053970337,297.2090148925781,297.1499938964844,293.1499938964844,0.0,-0.0,288.3519592285156,0.9001255631446838,0.5943177938461304,0.5658820867538452,297.5316467285156,297.1499938964844,293.1499938964844,0.0,-0.0,288.3519592285156,0.8688153624534607,0.5358542203903198,0.3767257332801819,297.22381591796875,297.1499938964844,293.1499938964844,0.0,-0.0,288.3519592285156,0.7749796509742737,0.3747394979000091,0.3598343431949615,297.1933898925781,297.1499938964844,293.1499938964844,0.0,-0.0,288.3519592285156,0.6911782026290894,0.2620648443698883,1.2042641639709473,288.3519592285156,288.2980041503906,291.45001220703125,287.1612548828125,291.45001220703125,297.3235778808594,288.3520202636719,1.0,0.6559776067733765,1.0,1.0,0.0,1.0,-3.3203015327453613,3.3202927112579346,8.860094567353372e-06,2.5631680488586426,0.3496710360050201,0.3496710360050201,0.0,232.8579559326172,240.0,10418.642578125,-0.0,3412.994140625,1.0,283.1499938964844,287.80474853515625,290.1699523925781,290.9471435546875,293.1499938964844,293.1499938964844,283.1499938964844,17980.544921875,18000.0,313.1499938964844,0.0,18000.0,1.0,0.0,0.0,0.0,1.0,0.452974796295166,1.0,0.0,0.0,0.5350089073181152,0.5350125432014465,1.9099212877904392e-08,4.265924453735352,4.265914440155029,9.78592834144365e-06,0.0,0.0,-0.0,3388.350830078125,0.0,24.149477005004883,1895.4371337890625,0.0,381.6964111328125,0.2538054883480072,1.0,0.0,3.0,1.0,0.0
11977560,297.1864013671875,297.1499938964844,293.1499938964844,0.0,-0.0,288.35223388671875,0.7073562145233154,0.2813550233840942,0.2584188878536224,297.207275390625,297.1499938964844,293.1499938964844,0.0,-0.0,288.35223388671875,0.898980975151062,0.5945187211036682,0.5661266446113586,297.531982421875,297.1499938964844,293.1499938964844,0.0,-0.0,288.35223388671875,0.86894690990448,0.5383020639419556,0.3784574866294861,297.2229309082031,297.1499938964844,293.1499938964844,0.0,-0.0,288.35223388671875,0.7741954326629639,0.3751199245452881,0.3602462410926819,297.1927490234375,297.1499938964844,293.1499938964844,0.0,-0.0,288.35223388671875,0.6904056668281555,0.262276291847229,1.2054641246795654,288.35223388671875,288.2980041503906,291.45001220703125,287.1523132324219,291.45001220703125,297.3233642578125,288.352294921875,1.0,0.6573421359062195,1.0,1.0,0.0,1.0,-3.324842929840088,3.324834108352661,8.884446287993342e-06,2.566711664199829,0.3500352501869201,0.3500352501869201,0.0,234.38839721679688,243.0,10431.9990234375,-0.0,3432.120361328125,1.0,283.1499938964844,287.8043518066406,290.1614074707031,290.93994140625,293.1499938964844,293.1499938964844,283.1499938964844,17980.400390625,18000.0,313.1499938964844,0.0,18000.0,1.0,0.0,0.0,0.0,1.0,0.4539064466953277,1.0,0.0,0.0,0.5357460975646973,0.5357497334480286,1.9151883634549453e-08,4.265924453735352,4.265914440155029,9.78592834144365e-06,0.0,0.0,-0.0,3391.75927734375,0.0,24.19278335571289,1895.4371337890625,0.0,383.8473205566406,0.2538872957229614,1.0,0.0,3.0,1.0,0.0
11977620,297.18475341796875,297.1499938964844,293.1499938964844,0.0,-0.0,288.3526306152344,0.705676794052124,0.2816483676433563,0.258783757686615,297.2037658691406,297.1499938964844,293.1499938964844,0.0,-0.0,288.3526306152344,0.8967094421386719,0.5948890447616577,0.5665861964225769,297.5325622558594,297.1499938964844,293.1499938964844,0.0,-0.0,288.3526306152344,0.8692213296890259,0.5432010889053345,0.3819229900836944,297.22119140625,297.1499938964844,293.1499938964844,0.0,-0.0,288.3526306152344,0.7726455330848694,0.3758652210235595,0.361055463552475,297.19146728515625,297.1499938964844,293.1499938964844,0.0,-0.0,288.3526306152344,0.6888760328292847,0.2626886069774627,1.207816481590271,288.3526306152344,288.2980041503906,291.45001220703125,287.1328125,291.45001220703125,297.3229675292969,288.3526611328125,1.0,0.6600497961044312,1.0,1.0,0.0,1.0,-3.3338043689727783,3.333795547485352,8.932675882533658e-06,2.573734998703003,0.3507665395736694,0.3507665395736694,0.0,237.4482879638672,246.0,10458.701171875,-0.0,3470.228515625,1.0,283.1499938964844,287.8034362792969,290.1422119140625,290.9233703613281,293.1499938964844,293.1499938964844,283.1499938964844,17980.150390625,18000.0,313.1499938964844,0.0,18000.0,1.0,0.0,0.0,0.0,1.0,0.4557898640632629,1.0,0.0,0.0,0.5372300744056702,0.5372337102890015,1.9258131089827657e-08,4.265924453735352,4.265914440155029,9.78592834144365e-06,0.0,0.0,-0.0,3398.320068359375,0.0,24.280134201049805,1895.4371337890625,0.0,388.2316284179688,0.2540524303913116,1.0,0.0,3.0,1.0,0.0
11977680,297.18475341796875,297.1499938964844,293.1499938964844,0.0,-0.0,288.3526306152344,0.705676794052124,0.2816483676433563,0.258783757686615,297.2037658691406,297.1499938964844,293.1499938964844,0.0,-0.0,288.3526306152344,0.8967094421386719,0.5948890447616577,0.5665861964225769,297.5325622558594,297.1499938964844,293.1499938964844,0.0,-0.0,288.3526306152344,0.8692213296890259,0.5432010889053345,0.3819229900836944,297.22119140625,297.1499938964844,293.1499938964844,0.0,-0.0,288.3526306152344,0.7726455330848694,0.3758652210235595,0.361055463552475,297.19146728515625,297.1499938964844,293.1499938964844,0.0,-0.0,288.3526306152344,0.6888760328292847,0.2626886069774627,1.207816481590271,288.3526306152344,288.2980041503906,291.45001220703125,287.1328125,291.45001220703125,297.3229675292969,288.3526611328125,1.0,0.6600497961044312,1.0,1.0,0.0,1.0,-3.3338043689727783,3.333795547485352,8.932675882533658e-06,2.573734998703003,0.3507665395736694,0.3507665395736694,0.0,237.4482879638672,246.0,10458.701171875,-0.0,3470.228515625,1.0,283.1499938964844,287.8034362792969,290.1422119140625,290.9233703613281,293.1499938964844,293.1499938964844,283.1499938964844,17980.150390625,18000.0,313.1499938964844,0.0,18000.0,1.0,0.0,0.0,0.0,1.0,0.4557898640632629,1.0,0.0,0.0,0.5372300744056702,0.5372337102890015,1.9258131089827657e-08,4.265924453735352,4.265914440155029,9.78592834144365e-06,0.0,0.0,-0.0,3398.320068359375,0.0,24.280134201049805,1895.4371337890625,0.0,388.2316284179688,0.2540524303913116,1.0,0.0,3.0,1.0,0.0
11977740,297.1831359863281,297.1499938964844,293.1499938964844,0.0,-0.0,288.3528747558594,0.7040138244628906,0.2819254696369171,0.2591340541839599,297.2002868652344,297.1499938964844,293.1499938964844,0.0,-0.0,288.3528747558594,0.8944610357284546,0.5952173471450806,0.5670064091682434,297.5331420898437,297.1499938964844,293.1499938964844,0.0,-0.0,288.3528747558594,0.8695104122161865,0.5481045842170715,0.3853912949562073,297.2194519042969,297.1499938964844,293.1499938964844,0.0,-0.0,288.3528747558594,0.7711197137832642,0.3765899240970611,0.3618453443050384,297.1902160644531,297.1499938964844,293.1499938964844,0.0,-0.0,288.3528747558594,0.6873667240142822,0.2630869746208191,1.210106611251831,288.3528747558594,288.2980041503906,291.45001220703125,287.111328125,291.45001220703125,297.322509765625,288.3529357910156,1.0,0.6627291440963745,1.0,1.0,0.0,1.0,-3.342606782913208,3.342597723007202,8.980276106740348e-06,2.580671787261963,0.3515001833438873,0.3515001833438873,0.0,240.50669860839844,249.0,10485.357421875,-0.0,3508.143310546875,1.0,283.1499938964844,287.80242919921875,290.1205139160156,290.9041442871094,293.1499938964844,293.1499938964844,283.1499938964844,17979.953125,18000.0,313.1499938964844,0.0,18000.0,1.0,0.0,0.0,0.0,1.0,0.4576255679130554,1.0,0.0,0.0,0.5387240052223206,0.5387276411056519,1.9365383963076965e-08,4.265924453735352,4.265914440155029,9.78592834144365e-06,0.0,0.0,-0.0,3404.567138671875,0.0,24.36829948425293,1895.4371337890625,0.0,392.5520629882813,0.2542192637920379,1.0,0.0,3.0,1.0,0.0
11977800,297.1831359863281,297.1499938964844,293.1499938964844,0.0,-0.0,288.3528747558594,0.7040138244628906,0.2819254696369171,0.2591340541839599,297.2002868652344,297.1499938964844,293.1499938964844,0.0,-0.0,288.3528747558594,0.8944610357284546,0.5952173471450806,0.5670064091682434,297.5331420898437,297.1499938964844,293.1499938964844,0.0,-0.0,288.3528747558594,0.8695104122161865,0.5481045842170715,0.3853912949562073,297.2194519042969,297.1499938964844,293.1499938964844,0.0,-0.0,288.3528747558594,0.7711197137832642,0.3765899240970611,0.3618453443050384,297.1902160644531,297.1499938964844,293.1499938964844,0.0,-0.0,288.3528747558594,0.6873667240142822,0.2630869746208191,1.210106611251831,288.3528747558594,288.2980041503906,291.45001220703125,287.111328125,291.45001220703125,297.322509765625,288.3529357910156,1.0,0.6627291440963745,1.0,1.0,0.0,1.0,-3.342606782913208,3.342597723007202,8.980276106740348e-06,2.580671787261963,0.3515001833438873,0.3515001833438873,0.0,240.50669860839844,249.0,10485.357421875,-0.0,3508.143310546875,1.0,283.1499938964844,287.80242919921875,290.1205139160156,290.9041442871094,293.1499938964844,293.1499938964844,283.1499938964844,17979.953125,18000.0,313.1499938964844,0.0,18000.0,1.0,0.0,0.0,0.0,1.0,0.4576255679130554,1.0,0.0,0.0,0.5387240052223206,0.5387276411056519,1.9365383963076965e-08,4.265924453735352,4.265914440155029,9.78592834144365e-06,0.0,0.0,-0.0,3404.567138671875,0.0,24.36829948425293,1895.4371337890625,0.0,392.5520629882813,0.2542192637920379,1.0,0.0,3.0,1.0,0.0
11977860,297.1815795898437,297.1499938964844,293.1499938964844,0.0,-0.0,288.3529968261719,0.7023669481277466,0.2821867167949676,0.2594701945781708,297.19683837890625,297.1499938964844,293.1499938964844,0.0,-0.0,288.3529968261719,0.8922351002693176,0.595504105091095,0.5673877000808716,297.5336608886719,297.1499938964844,293.1499938964844,0.0,-0.0,288.3529968261719,0.8698131442070007,0.5530123114585876,0.3888623118400574,297.2177124023437,297.1499938964844,293.1499938964844,0.0,-0.0,288.3529968261719,0.7696169018745422,0.37729412317276,0.3626160025596618,297.1889953613281,297.1499938964844,293.1499938964844,0.0,-0.0,288.3529968261719,0.6858771443367004,0.2634717226028442,1.2123358249664309,288.3529968261719,288.2980041503906,291.45001220703125,287.088134765625,291.45001220703125,297.32208251953125,288.3530578613281,1.0,0.6653807163238525,1.0,1.0,0.0,1.0,-3.3512520790100098,3.351243019104004,9.027244232129306e-06,2.5875210762023926,0.3522345721721649,0.3522345721721649,0.0,243.5636749267578,252.0,10511.9296875,-0.0,3545.86376953125,1.0,283.1499938964844,287.8013000488281,290.09686279296875,290.8828125,293.1499938964844,293.1499938964844,283.1499938964844,17979.802734375,18000.0,313.1499938964844,0.0,18000.0,1.0,0.0,0.0,0.0,1.0,0.4593686163425445,1.0,0.0,0.0,0.5402244925498962,0.5402281284332275,1.9473409551551413e-08,4.265924453735352,4.265914440155029,9.78592834144365e-06,0.0,0.0,-0.0,3410.547119140625,0.0,24.457080841064453,1895.4371337890625,0.0,396.6981201171875,0.2543874084949493,1.0,0.0,3.0,1.0,0.0
11977920,297.1815795898437,297.1499938964844,293.1499938964844,0.0,-0.0,288.3529968261719,0.7023669481277466,0.2821867167949676,0.2594701945781708,297.19683837890625,297.1499938964844,293.1499938964844,0.0,-0.0,288.3529968261719,0.8922351002693176,0.595504105091095,0.5673877000808716,297.5336608886719,297.1499938964844,293.1499938964844,0.0,-0.0,288.3529968261719,0.8698131442070007,0.5530123114585876,0.3888623118400574,297.2177124023437,297.1499938964844,293.1499938964844,0.0,-0.0,288.3529968261719,0.7696169018745422,0.37729412317276,0.3626160025596618,297.1889953613281,297.1499938964844,293.1499938964844,0.0,-0.0,288.3529968261719,0.6858771443367004,0.2634717226028442,1.2123358249664309,288.3529968261719,288.2980041503906,291.45001220703125,287.088134765625,291.45001220703125,297.32208251953125,288.3530578613281,1.0,0.6653807163238525,1.0,1.0,0.0,1.0,-3.3512520790100098,3.351243019104004,9.027244232129306e-06,2.5875210762023926,0.3522345721721649,0.3522345721721649,0.0,243.5636749267578,252.0,10511.9296875,-0.0,3545.86376953125,1.0,283.1499938964844,287.8013000488281,290.09686279296875,290.8828125,293.1499938964844,293.1499938964844,283.1499938964844,17979.802734375,18000.0,313.1499938964844,0.0,18000.0,1.0,0.0,0.0,0.0,1.0,0.4593686163425445,1.0,0.0,0.0,0.5402244925498962,0.5402281284332275,1.9473409551551413e-08,4.265924453735352,4.265914440155029,9.78592834144365e-06,0.0,0.0,-0.0,3410.547119140625,0.0,24.457080841064453,1895.4371337890625,0.0,396.6981201171875,0.2543874084949493,1.0,0.0,3.0,1.0,0.0
11977980,297.1800537109375,297.1499938964844,293.1499938964844,0.0,-0.0,288.35302734375,0.7007360458374023,0.2824326157569885,0.2597925961017608,297.19342041015625,297.1499938964844,293.1499938964844,0.0,-0.0,288.35302734375,0.8900312185287476,0.5957502126693726,0.5677307844161987,297.5341796875,297.1499938964844,293.1499938964844,0.0,-0.0,288.35302734375,0.8701285123825073,0.5579237937927246,0.3923357129096985,297.21600341796875,297.1499938964844,293.1499938964844,0.0,-0.0,288.35302734375,0.7681363224983215,0.3779780268669128,0.3633676171302795,297.1877746582031,297.1499938964844,293.1499938964844,0.0,-0.0,288.35302734375,0.6844068765640259,0.2638432085514068,1.214505910873413,288.35302734375,288.2980041503906,291.45001220703125,287.0634460449219,291.45001220703125,297.3216247558594,288.3530578613281,1.0,0.6680051684379578,1.0,1.0,0.0,1.0,-3.359744071960449,3.359735012054444,9.073583896679338e-06,2.5942816734313965,0.3529683351516723,0.3529683351516723,0.0,246.6193084716797,255.0,10538.3857421875,-0.0,3583.391357421875,1.0,283.1499938964844,287.80010986328125,290.0717163085937,290.85986328125,293.1499938964844,293.1499938964844,283.1499938964844,17979.6953125,18000.0,313.1499938964844,0.0,18000.0,1.0,0.0,0.0,0.0,1.0,0.4610182642936706,1.0,0.0,0.0,0.5417285561561584,0.5417321920394897,1.958199469243027e-08,4.265924453735352,4.265914440155029,9.78592834144365e-06,0.0,0.0,-0.0,3416.302001953125,0.0,24.54629707336425,1895.4371337890625,0.0,400.6618041992188,0.2545564770698547,1.0,0.0,3.0,1.0,0.0
11978040,297.1800537109375,297.1499938964844,293.1499938964844,0.0,-0.0,288.35302734375,0.7007360458374023,0.2824326157569885,0.2597925961017608,297.19342041015625,297.1499938964844,293.1499938964844,0.0,-0.0,288.35302734375,0.8900312185287476,0.5957502126693726,0.5677307844161987,297.5341796875,297.1499938964844,293.1499938964844,0.0,-0.0,288.35302734375,0.8701285123825073,0.5579237937927246,0.3923357129096985,297.21600341796875,297.1499938964844,293.1499938964844,0.0,-0.0,288.35302734375,0.7681363224983215,0.3779780268669128,0.3633676171302795,297.1877746582031,297.1499938964844,293.1499938964844,0.0,-0.0,288.35302734375,0.6844068765640259,0.2638432085514068,1.214505910873413,288.35302734375,288.2980041503906,291.45001220703125,287.0634460449219,291.45001220703125,297.3216247558594,288.3530578613281,1.0,0.6680051684379578,1.0,1.0,0.0,1.0,-3.359744071960449,3.359735012054444,9.073583896679338e-06,2.5942816734313965,0.3529683351516723,0.3529683351516723,0.0,246.6193084716797,255.0,10538.3857421875,-0.0,3583.391357421875,1.0,283.1499938964844,287.80010986328125,290.0717163085937,290.85986328125,293.1499938964844,293.1499938964844,283.1499938964844,17979.6953125,18000.0,313.1499938964844,0.0,18000.0,1.0,0.0,0.0,0.0,1.0,0.4610182642936706,1.0,0.0,0.0,0.5417285561561584,0.5417321920394897,1.958199469243027e-08,4.265924453735352,4.265914440155029,9.78592834144365e-06,0.0,0.0,-0.0,3416.302001953125,0.0,24.54629707336425,1895.4371337890625,0.0,400.6618041992188,0.2545564770698547,1.0,0.0,3.0,1.0,0.0
11978100,297.1793212890625,297.1499938964844,293.1499938964844,0.0,-0.0,288.3529968261719,0.6999264359474182,0.2825498282909393,0.2599486410617828,297.19171142578125,297.1499938964844,293.1499938964844,0.0,-0.0,288.3529968261719,0.8889374136924744,0.5958581566810608,0.567888081073761,297.534423828125,297.1499938964844,293.1499938964844,0.0,-0.0,288.3529968261719,0.8702906370162964,0.5603808760643005,0.3940732479095459,297.21514892578125,297.1499938964844,293.1499938964844,0.0,-0.0,288.3529968261719,0.7674040198326111,0.3783122599124908,0.3637361824512481,297.18719482421875,297.1499938964844,293.1499938964844,0.0,-0.0,288.3529968261719,0.6836788058280945,0.2640239894390106,1.2155689001083374,288.3529968261719,288.2980041503906,291.45001220703125,287.0506286621094,291.45001220703125,297.3214111328125,288.3529968261719,1.0,0.6693072319030762,1.0,1.0,0.0,1.0,-3.363932609558105,3.3639235496521,9.096514077100435e-06,2.5976274013519287,0.3533345460891723,0.3533345460891723,0.0,248.14654541015625,255.0,10551.5595703125,-0.0,3602.08056640625,1.0,283.1499938964844,287.79949951171875,290.0586853027344,290.8478698730469,293.1499938964844,293.1499938964844,283.1499938964844,17979.65625,18000.0,313.1499938964844,0.0,18000.0,1.0,0.0,0.0,0.0,1.0,0.4618114233016968,1.0,0.0,0.0,0.5424810647964478,0.542484700679779,1.963643470048737e-08,4.265924453735352,4.265914440155029,9.78592834144365e-06,0.0,0.0,-0.0,3419.103515625,0.0,24.59101676940918,1895.4371337890625,0.0,402.5815124511719,0.2546412944793701,1.0,0.0,3.0,1.0,0.0
11978160,297.1785888671875,297.1499938964844,293.1499938964844,0.0,-0.0,288.3529357910156,0.6991206407546997,0.2826632857322693,0.2601013779640198,297.1900329589844,297.1499938964844,293.1499938964844,0.0,-0.0,288.3529357910156,0.8878490924835205,0.595956563949585,0.5680363774299622,297.53466796875,297.1499938964844,293.1499938964844,0.0,-0.0,288.3529357910156,0.8704556226730347,0.5628385543823242,0.3958112895488739,297.2142944335937,297.1499938964844,293.1499938964844,0.0,-0.0,288.3529357910156,0.7666769027709961,0.3786414563655853,0.3641000688076019,297.18658447265625,297.1499938964844,293.1499938964844,0.0,-0.0,288.3529357910156,0.6829553842544556,0.2642016112804413,1.2166177034378052,288.3529357910156,288.2980041503906,291.45001220703125,287.0375671386719,291.45001220703125,297.3211669921875,288.3529663085937,1.0,0.6706027984619141,1.0,1.0,0.0,1.0,-3.368084192276001,3.368075132369995,9.119287824432831e-06,2.6009507179260254,0.3537001311779022,0.3537001311779022,0.0,249.67349243164065,258.0,10564.693359375,-0.0,3620.722412109375,1.0,283.1499938964844,287.7988586425781,290.0454406738281,290.83563232421875,293.1499938964844,293.1499938964844,283.1499938964844,17979.626953125,18000.0,313.1499938964844,0.0,18000.0,1.0,0.0,0.0,0.0,1.0,0.4625874757766723,1.0,0.0,0.0,0.5432334542274475,0.5432370901107788,1.9690940433747528e-08,4.265924453735352,4.265914440155029,9.78592834144365e-06,0.0,0.0,-0.0,3421.859375,0.0,24.63578224182129,1895.4371337890625,0.0,404.4687194824219,0.2547262012958526,1.0,0.0,3.0,1.0,0.0
11978220,297.1771545410156,297.1499938964844,293.1499938964844,0.0,-0.0,288.3527526855469,0.6975207328796387,0.2828791737556457,0.2603970170021057,297.1867370605469,297.1499938964844,293.1499938964844,0.0,-0.0,288.3527526855469,0.8856897354125977,0.5961267948150635,0.5683074593544006,297.5350952148437,297.1499938964844,293.1499938964844,0.0,-0.0,288.3527526855469,0.8707934617996216,0.5677558183670044,0.3992883861064911,297.2126159667969,297.1499938964844,293.1499938964844,0.0,-0.0,288.3527526855469,0.7652381062507629,0.3792847990989685,0.36481374502182,297.1854553222656,297.1499938964844,293.1499938964844,0.0,-0.0,288.3527526855469,0.6815226078033447,0.2645474672317505,1.2186734676361084,288.3527526855469,288.2980041503906,291.45001220703125,287.0107116699219,291.45001220703125,297.3207092285156,288.3527526855469,1.0,0.6731746196746826,1.0,1.0,0.0,1.0,-3.376278877258301,3.376269817352295,9.164375114778522e-06,2.607529401779175,0.3544288575649261,0.3544288575649261,0.0,252.7262725830078,261.0,10590.83203125,-0.0,3657.8662109375,1.0,283.1499938964844,287.7975158691406,290.0182800292969,290.8104858398437,293.1499938964844,293.1499938964844,283.1499938964844,17979.591796875,18000.0,313.1499938964844,0.0,18000.0,1.0,0.0,0.0,0.0,1.0,0.4640951454639435,1.0,0.0,0.0,0.5447366833686829,0.5447403788566589,1.980007091617608e-08,4.265924453735352,4.265914440155029,9.78592834144365e-06,0.0,0.0,-0.0,3427.243896484375,0.0,24.725385665893555,1895.4371337890625,0.0,408.16015625,0.2548962533473968,1.0,0.0,3.0,1.0,0.0
11978280,297.1771545410156,297.1499938964844,293.1499938964844,0.0,-0.0,288.3527526855469,0.6975207328796387,0.2828791737556457,0.2603970170021057,297.1867370605469,297.1499938964844,293.1499938964844,0.0,-0.0,288.3527526855469,0.8856897354125977,0.5961267948150635,0.5683074593544006,297.5350952148437,297.1499938964844,293.1499938964844,0.0,-0.0,288.3527526855469,0.8707934617996216,0.5677558183670044,0.3992883861064911,297.2126159667969,297.1499938964844,293.1499938964844,0.0,-0.0,288.3527526855469,0.7652381062507629,0.3792847990989685,0.36481374502182,297.1854553222656,297.1499938964844,293.1499938964844,0.0,-0.0,288.3527526855469,0.6815226078033447,0.2645474672317505,1.2186734676361084,288.3527526855469,288.2980041503906,291.45001220703125,287.0107116699219,291.45001220703125,297.3207092285156,288.3527526855469,1.0,0.6731746196746826,1.0,1.0,0.0,1.0,-3.376278877258301,3.376269817352295,9.164375114778522e-06,2.607529401779175,0.3544288575649261,0.3544288575649261,0.0,252.7262725830078,261.0,10590.83203125,-0.0,3657.8662109375,1.0,283.1499938964844,287.7975158691406,290.0182800292969,290.8104858398437,293.1499938964844,293.1499938964844,283.1499938964844,17979.591796875,18000.0,313.1499938964844,0.0,18000.0,1.0,0.0,0.0,0.0,1.0,0.4640951454639435,1.0,0.0,0.0,0.5447366833686829,0.5447403788566589,1.980007091617608e-08,4.265924453735352,4.265914440155029,9.78592834144365e-06,0.0,0.0,-0.0,3427.243896484375,0.0,24.725385665893555,1895.4371337890625,0.0,408.16015625,0.2548962533473968,1.0,0.0,3.0,1.0,0.0
11978340,297.1757507324219,297.1499938964844,293.1499938964844,0.0,-0.0,288.3524780273437,0.6959355473518372,0.2830804586410522,0.260679692029953,297.1834411621094,297.1499938964844,293.1499938964844,0.0,-0.0,288.3524780273437,0.8835515975952148,0.5962573885917664,0.5685433149337769,297.5354919433594,297.1499938964844,293.1499938964844,0.0,-0.0,288.3524780273437,0.871140718460083,0.5726748704910278,0.4027666747570038,297.2109375,297.1499938964844,293.1499938964844,0.0,-0.0,288.3524780273437,0.7638188004493713,0.3799081146717071,0.3655087053775787,297.1842956542969,297.1499938964844,293.1499938964844,0.0,-0.0,288.3524780273437,0.680107831954956,0.2648811042308807,1.220674991607666,288.3524780273437,288.2980041503906,291.45001220703125,286.9831848144531,291.45001220703125,297.3202514648437,288.3525085449219,1.0,0.6757210493087769,1.0,1.0,0.0,1.0,-3.3843295574188232,3.3843202590942383,9.208835763274692e-06,2.6140143871307373,0.3551535904407501,0.3551535904407501,0.0,255.778076171875,264.0,10616.775390625,-0.0,3694.8212890625,1.0,283.1499938964844,287.796142578125,289.9904479980469,290.7845764160156,293.1499938964844,293.1499938964844,283.1499938964844,17979.587890625,18000.0,313.1499938964844,0.0,18000.0,1.0,0.0,0.0,0.0,1.0,0.4655474424362182,1.0,0.0,0.0,0.5462362170219421,0.5462398529052734,1.9909229820314067e-08,4.265924453735352,4.265914440155029,9.78592834144365e-06,0.0,0.0,-0.0,3432.4716796875,0.0,24.814979553222656,1895.4371337890625,0.0,411.7477416992188,0.2550663352012634,1.0,0.0,3.0,1.0,0.0
11978400,297.1757507324219,297.1499938964844,293.1499938964844,0.0,-0.0,288.3524780273437,0.6959355473518372,0.2830804586410522,0.260679692029953,297.1834411621094,297.1499938964844,293.1499938964844,0.0,-0.0,288.3524780273437,0.8835515975952148,0.5962573885917664,0.5685433149337769,297.5354919433594,297.1499938964844,293.1499938964844,0.0,-0.0,288.3524780273437,0.871140718460083,0.5726748704910278,0.4027666747570038,297.2109375,297.1499938964844,293.1499938964844,0.0,-0.0,288.3524780273437,0.7638188004493713,0.3799081146717071,0.3655087053775787,297.1842956542969,297.1499938964844,293.1499938964844,0.0,-0.0,288.3524780273437,0.680107831954956,0.2648811042308807,1.220674991607666,288.3524780273437,288.2980041503906,291.45001220703125,286.9831848144531,291.45001220703125,297.3202514648437,288.3525085449219,1.0,0.6757210493087769,1.0,1.0,0.0,1.0,-3.3843295574188232,3.3843202590942383,9.208835763274692e-06,2.6140143871307373,0.3551535904407501,0.3551535904407501,0.0,255.778076171875,264.0,10616.775390625,-0.0,3694.8212890625,1.0,283.1499938964844,287.796142578125,289.9904479980469,290.7845764160156,293.1499938964844,293.1499938964844,283.1499938964844,17979.587890625,18000.0,313.1499938964844,0.0,18000.0,1.0,0.0,0.0,0.0,1.0,0.4655474424362182,1.0,0.0,0.0,0.5462362170219421,0.5462398529052734,1.9909229820314067e-08,4.265924453735352,4.265914440155029,9.78592834144365e-06,0.0,0.0,-0.0,3432.4716796875,0.0,24.814979553222656,1895.4371337890625,0.0,411.7477416992188,0.2550663352012634,1.0,0.0,3.0,1.0,0.0
11978460,297.17437744140625,297.1499938964844,293.1499938964844,0.0,-0.0,288.3521728515625,0.6943639516830444,0.2832674086093902,0.2609497606754303,297.1801147460937,297.1499938964844,293.1499938964844,0.0,-0.0,288.3521423339844,0.8814297914505005,0.5963427424430847,0.5687380433082581,297.5358581542969,297.1499938964844,293.1499938964844,0.0,-0.0,288.3521423339844,0.8714951276779175,0.5775949358940125,0.4062455594539642,297.20928955078125,297.1499938964844,293.1499938964844,0.0,-0.0,288.3521423339844,0.7624173760414124,0.380511611700058,0.3661852478981018,297.1831970214844,297.1499938964844,293.1499938964844,0.0,-0.0,288.3521728515625,0.6787098050117493,0.2652028501033783,1.2226240634918213,288.3521423339844,288.2980041503906,291.45001220703125,286.9552001953125,291.45001220703125,297.3197631835937,288.3521728515625,1.0,0.6782423257827759,1.0,1.0,0.0,1.0,-3.392230987548828,3.3922219276428223,9.252626114175657e-06,2.6203978061676025,0.3558733761310577,0.3558733761310577,0.0,258.8300170898437,267.0,10642.49609375,-0.0,3731.57666015625,1.0,283.1499938964844,287.7947082519531,289.9621887207031,290.7581481933594,293.1499938964844,293.1499938964844,283.1499938964844,17979.611328125,18000.0,313.1499938964844,0.0,18000.0,1.0,0.0,0.0,0.0,1.0,0.4669420421123504,1.0,0.0,0.0,0.5477300882339478,0.547733724117279,2.001827503761433e-08,4.265924453735352,4.265914440155029,9.78592834144365e-06,0.0,0.0,-0.0,3437.56005859375,0.0,24.904441833496094,1895.4371337890625,0.0,415.22259521484375,0.2552362978458404,1.0,0.0,3.0,1.0,0.0
11978520,297.17437744140625,297.1499938964844,293.1499938964844,0.0,-0.0,288.3521728515625,0.6943639516830444,0.2832674086093902,0.2609497606754303,297.1801147460937,297.1499938964844,293.1499938964844,0.0,-0.0,288.3521423339844,0.8814297914505005,0.5963427424430847,0.5687380433082581,297.5358581542969,297.1499938964844,293.1499938964844,0.0,-0.0,288.3521423339844,0.8714951276779175,0.5775949358940125,0.4062455594539642,297.20928955078125,297.1499938964844,293.1499938964844,0.0,-0.0,288.3521423339844,0.7624173760414124,0.380511611700058,0.3661852478981018,297.1831970214844,297.1499938964844,293.1499938964844,0.0,-0.0,288.3521728515625,0.6787098050117493,0.2652028501033783,1.2226240634918213,288.3521423339844,288.2980041503906,291.45001220703125,286.9552001953125,291.45001220703125,297.3197631835937,288.3521728515625,1.0,0.6782423257827759,1.0,1.0,0.0,1.0,-3.392230987548828,3.3922219276428223,9.252626114175657e-06,2.6203978061676025,0.3558733761310577,0.3558733761310577,0.0,258.8300170898437,267.0,10642.49609375,-0.0,3731.57666015625,1.0,283.1499938964844,287.7947082519531,289.9621887207031,290.7581481933594,293.1499938964844,293.1499938964844,283.1499938964844,17979.611328125,18000.0,313.1499938964844,0.0,18000.0,1.0,0.0,0.0,0.0,1.0,0.4669420421123504,1.0,0.0,0.0,0.5477300882339478,0.547733724117279,2.001827503761433e-08,4.265924453735352,4.265914440155029,9.78592834144365e-06,0.0,0.0,-0.0,3437.56005859375,0.0,24.904441833496094,1895.4371337890625,0.0,415.22259521484375,0.2552362978458404,1.0,0.0,3.0,1.0,0.0
11978580,297.17303466796875,297.1499938964844,293.1499938964844,0.0,-0.0,288.3517761230469,0.6928051710128784,0.2834396958351135,0.2612068951129913,297.1767578125,297.1499938964844,293.1499938964844,0.0,-0.0,288.35174560546875,0.8793221712112427,0.5963810682296753,0.5688889622688293,297.53619384765625,297.1499938964844,293.1499938964844,0.0,-0.0,288.35174560546875,0.871855616569519,0.582514762878418,0.4097243547439575,297.2076416015625,297.1499938964844,293.1499938964844,0.0,-0.0,288.35174560546875,0.7610325813293457,0.3810949027538299,0.3668430149555206,297.1820983886719,297.1499938964844,293.1499938964844,0.0,-0.0,288.3517761230469,0.6773278713226318,0.2655125856399536,1.2245204448699951,288.35174560546875,288.2980041503906,291.45001220703125,286.92706298828125,291.45001220703125,297.3192749023437,288.3517761230469,1.0,0.6807377934455872,1.0,1.0,0.0,1.0,-3.3999786376953125,3.3999693393707275,9.295703421230428e-06,2.62667179107666,0.356587290763855,0.356587290763855,0.0,261.8819274902344,270.0,10667.96484375,-0.0,3768.112548828125,1.0,283.1499938964844,287.7932434082031,289.9337158203125,290.7314453125,293.1499938964844,293.1499938964844,283.1499938964844,17979.6640625,18000.0,313.1499938964844,0.0,18000.0,1.0,0.0,0.0,0.0,1.0,0.468269795179367,1.0,0.0,0.0,0.5492161512374878,0.5492197871208191,2.0127046695961333e-08,4.265924453735352,4.265914440155029,9.78592834144365e-06,0.0,0.0,-0.0,3442.526123046875,0.0,24.99364471435547,1895.4371337890625,0.0,418.5581970214844,0.2554058134555816,1.0,0.0,3.0,1.0,0.0
11978640,297.17303466796875,297.1499938964844,293.1499938964844,0.0,-0.0,288.3517761230469,0.6928051710128784,0.2834396958351135,0.2612068951129913,297.1767578125,297.1499938964844,293.1499938964844,0.0,-0.0,288.35174560546875,0.8793221712112427,0.5963810682296753,0.5688889622688293,297.53619384765625,297.1499938964844,293.1499938964844,0.0,-0.0,288.35174560546875,0.871855616569519,0.582514762878418,0.4097243547439575,297.2076416015625,297.1499938964844,293.1499938964844,0.0,-0.0,288.35174560546875,0.7610325813293457,0.3810949027538299,0.3668430149555206,297.1820983886719,297.1499938964844,293.1499938964844,0.0,-0.0,288.3517761230469,0.6773278713226318,0.2655125856399536,1.2245204448699951,288.35174560546875,288.2980041503906,291.45001220703125,286.92706298828125,291.45001220703125,297.3192749023437,288.3517761230469,1.0,0.6807377934455872,1.0,1.0,0.0,1.0,-3.3999786376953125,3.3999693393707275,9.295703421230428e-06,2.62667179107666,0.356587290763855,0.356587290763855,0.0,261.8819274902344,270.0,10667.96484375,-0.0,3768.112548828125,1.0,283.1499938964844,287.7932434082031,289.9337158203125,290.7314453125,293.1499938964844,293.1499938964844,283.1499938964844,17979.6640625,18000.0,313.1499938964844,0.0,18000.0,1.0,0.0,0.0,0.0,1.0,0.468269795179367,1.0,0.0,0.0,0.5492161512374878,0.5492197871208191,2.0127046695961333e-08,4.265924453735352,4.265914440155029,9.78592834144365e-06,0.0,0.0,-0.0,3442.526123046875,0.0,24.99364471435547,1895.4371337890625,0.0,418.5581970214844,0.2554058134555816,1.0,0.0,3.0,1.0,0.0
11978700,297.17236328125,297.1499938964844,293.1499938964844,0.0,-0.0,288.3515319824219,0.6920304894447327,0.283520370721817,0.2613306641578674,297.175048828125,297.1499938964844,293.1499938964844,0.0,-0.0,288.3515319824219,0.8782737255096436,0.596382737159729,0.5689482092857361,297.53631591796875,297.1499938964844,293.1499938964844,0.0,-0.0,288.3515319824219,0.8720378279685974,0.5849743485450745,0.4114634692668915,297.2068176269531,297.1499938964844,293.1499938964844,0.0,-0.0,288.3515319824219,0.7603462934494019,0.3813790380954742,0.3671649098396301,297.1815795898437,297.1499938964844,293.1499938964844,0.0,-0.0,288.3515319824219,0.6766428351402283,0.2656630873680115,1.2254493236541748,288.3515319824219,288.2980041503906,291.45001220703125,286.9130249023437,291.45001220703125,297.31903076171875,288.3515319824219,1.0,0.6819759607315063,1.0,1.0,0.0,1.0,-3.403795003890991,3.4037857055664062,9.316971954831388e-06,2.629766702651977,0.3569417893886566,0.3569417893886566,0.0,263.4078369140625,270.0,10680.599609375,-0.0,3786.297119140625,1.0,283.1499938964844,287.7925109863281,289.91949462890625,290.7180480957031,293.1499938964844,293.1499938964844,283.1499938964844,17979.69921875,18000.0,313.1499938964844,0.0,18000.0,1.0,0.0,0.0,0.0,1.0,0.4689061641693115,1.0,0.0,0.0,0.5499557256698608,0.5499594211578369,2.018129130476609e-08,4.265924453735352,4.265914440155029,9.78592834144365e-06,0.0,0.0,-0.0,3444.970703125,0.0,25.03811836242676,1895.4371337890625,0.0,420.16644287109375,0.2554903626441955,1.0,0.0,3.0,1.0,0.0
11978760,297.1717224121094,297.1499938964844,293.1499938964844,0.0,-0.0,288.351318359375,0.6912588477134705,0.2835972905158996,0.2614511549472809,297.17333984375,297.1499938964844,293.1499938964844,0.0,-0.0,288.3512878417969,0.8772286772727966,0.5963728427886963,0.5689965486526489,297.53643798828125,297.1499938964844,293.1499938964844,0.0,-0.0,288.3512878417969,0.8722211718559265,0.5874333381652832,0.4132022857666015,297.2060241699219,297.1499938964844,293.1499938964844,0.0,-0.0,288.3512878417969,0.7596639394760132,0.3816580474376678,0.36748206615448,297.1810607910156,297.1499938964844,293.1499938964844,0.0,-0.0,288.351318359375,0.6759617328643799,0.2658106386661529,1.226365327835083,288.3512878417969,288.2980041503906,291.45001220703125,286.8990173339844,291.45001220703125,297.3187866210937,288.351318359375,1.0,0.6832077503204346,1.0,1.0,0.0,1.0,-3.4075729846954346,3.4075636863708496,9.338055861007888e-06,2.632832765579224,0.3572945594787597,0.3572945594787597,0.0,264.9336853027344,273.0,10693.1630859375,-0.0,3804.424072265625,1.0,283.1499938964844,287.791748046875,289.9053039550781,290.7046813964844,293.1499938964844,293.1499938964844,283.1499938964844,17979.7421875,18000.0,313.1499938964844,0.0,18000.0,1.0,0.0,0.0,0.0,1.0,0.4695229530334472,1.0,0.0,0.0,0.5506927371025085,0.5506963729858398,2.0235416897662617e-08,4.265924453735352,4.265914440155029,9.78592834144365e-06,0.0,0.0,-0.0,3447.393798828125,0.0,25.08248519897461,1895.4371337890625,0.0,421.7311706542969,0.2555747032165527,1.0,0.0,3.0,1.0,0.0
11978820,297.1704406738281,297.1499938964844,293.1499938964844,0.0,-0.0,288.3507995605469,0.6897249221801758,0.2837406396865845,0.26168292760849,297.169921875,297.1499938964844,293.1499938964844,0.0,-0.0,288.3507995605469,0.8751499056816101,0.5963203310966492,0.5690627694129944,297.5366516113281,297.1499938964844,293.1499938964844,0.0,-0.0,288.3507995605469,0.8725908398628235,0.5923494100570679,0.4166785478591919,297.2043762207031,297.1499938964844,293.1499938964844,0.0,-0.0,288.3507995605469,0.7583111524581909,0.382201611995697,0.36810302734375,297.17999267578125,297.1499938964844,293.1499938964844,0.0,-0.0,288.3507995605469,0.6746113896369934,0.2660975754261017,1.2281614542007446,288.3507995605469,288.2980041503906,291.45001220703125,286.871337890625,291.45001220703125,297.3182983398437,288.3507995605469,1.0,0.685653030872345,1.0,1.0,0.0,1.0,-3.415020227432251,3.415010929107666,9.379700713907368e-06,2.6388816833496094,0.357994794845581,0.357994794845581,0.0,267.9853820800781,276.0,10718.0830078125,-0.0,3840.520263671875,1.0,283.1499938964844,287.79022216796875,289.8772277832031,290.6781616210937,293.1499938964844,293.1499938964844,283.1499938964844,17979.83984375,18000.0,313.1499938964844,0.0,18000.0,1.0,0.0,0.0,0.0,1.0,0.4706961512565613,1.0,0.0,0.0,0.552158772945404,0.5521624088287354,2.0343298601233083e-08,4.265924453735352,4.265914440155029,9.78592834144365e-06,0.0,0.0,-0.0,3452.191650390625,0.0,25.170883178710938,1895.4371337890625,0.0,424.7236022949219,0.2557428479194641,1.0,0.0,3.0,1.0,0.0
11978880,297.1704406738281,297.1499938964844,293.1499938964844,0.0,-0.0,288.3507995605469,0.6897249221801758,0.2837406396865845,0.26168292760849,297.169921875,297.1499938964844,293.1499938964844,0.0,-0.0,288.3507995605469,0.8751499056816101,0.5963203310966492,0.5690627694129944,297.5366516113281,297.1499938964844,293.1499938964844,0.0,-0.0,288.3507995605469,0.8725908398628235,0.5923494100570679,0.4166785478591919,297.2043762207031,297.1499938964844,293.1499938964844,0.0,-0.0,288.3507995605469,0.7583111524581909,0.382201611995697,0.36810302734375,297.17999267578125,297.1499938964844,293.1499938964844,0.0,-0.0,288.3507995605469,0.6746113896369934,0.2660975754261017,1.2281614542007446,288.3507995605469,288.2980041503906,291.45001220703125,286.871337890625,291.45001220703125,297.3182983398437,288.3507995605469,1.0,0.685653030872345,1.0,1.0,0.0,1.0,-3.415020227432251,3.415010929107666,9.379700713907368e-06,2.6388816833496094,0.357994794845581,0.357994794845581,0.0,267.9853820800781,276.0,10718.0830078125,-0.0,3840.520263671875,1.0,283.1499938964844,287.79022216796875,289.8772277832031,290.6781616210937,293.1499938964844,293.1499938964844,283.1499938964844,17979.83984375,18000.0,313.1499938964844,0.0,18000.0,1.0,0.0,0.0,0.0,1.0,0.4706961512565613,1.0,0.0,0.0,0.552158772945404,0.5521624088287354,2.0343298601233083e-08,4.265924453735352,4.265914440155029,9.78592834144365e-06,0.0,0.0,-0.0,3452.191650390625,0.0,25.170883178710938,1895.4371337890625,0.0,424.7236022949219,0.2557428479194641,1.0,0.0,3.0,1.0,0.0
11978940,297.1691589355469,297.1499938964844,293.1499938964844,0.0,-0.0,288.3502502441406,0.6882028579711914,0.2838693261146545,0.2619018256664276,297.1664733886719,297.1499938964844,293.1499938964844,0.0,-0.0,288.3502197265625,0.8730853796005249,0.5962232351303101,0.5690873265266418,297.53680419921875,297.1499938964844,293.1499938964844,0.0,-0.0,288.3502197265625,0.8729636669158936,0.5972616672515869,0.4201522469520569,297.2027587890625,297.1499938964844,293.1499938964844,0.0,-0.0,288.3502197265625,0.7569733262062073,0.3827252089977264,0.3687054216861725,297.1789855957031,297.1499938964844,293.1499938964844,0.0,-0.0,288.3502502441406,0.6732765436172485,0.2663733959197998,1.2299087047576904,288.3502197265625,288.2980041503906,291.45001220703125,286.8442687988281,291.45001220703125,297.3178100585937,288.3502502441406,1.0,0.688073456287384,1.0,1.0,0.0,1.0,-3.4223179817199707,3.4223086833953857,9.420610695087817e-06,2.644813299179077,0.3586872816085815,0.3586872816085815,0.0,271.0366516113281,279.0,10742.7041015625,-0.0,3876.386962890625,1.0,283.1499938964844,287.7886962890625,289.8497314453125,290.65216064453125,293.1499938964844,293.1499938964844,283.1499938964844,17979.95703125,18000.0,313.1499938964844,0.0,18000.0,1.0,0.0,0.0,0.0,1.0,0.471781462430954,1.0,0.0,0.0,0.5536126494407654,0.5536163449287415,2.045057279076445e-08,4.265924453735352,4.265914440155029,9.78592834144365e-06,0.0,0.0,-0.0,3456.94580078125,0.0,25.25874900817871,1895.4371337890625,0.0,427.5109252929688,0.2559100091457367,1.0,0.0,3.0,1.0,0.0
11979000,297.1691589355469,297.1499938964844,293.1499938964844,0.0,-0.0,288.3502502441406,0.6882028579711914,0.2838693261146545,0.2619018256664276,297.1664733886719,297.1499938964844,293.1499938964844,0.0,-0.0,288.3502197265625,0.8730853796005249,0.5962232351303101,0.5690873265266418,297.53680419921875,297.1499938964844,293.1499938964844,0.0,-0.0,288.3502197265625,0.8729636669158936,0.5972616672515869,0.4201522469520569,297.2027587890625,297.1499938964844,293.1499938964844,0.0,-0.0,288.3502197265625,0.7569733262062073,0.3827252089977264,0.3687054216861725,297.1789855957031,297.1499938964844,293.1499938964844,0.0,-0.0,288.3502502441406,0.6732765436172485,0.2663733959197998,1.2299087047576904,288.3502197265625,288.2980041503906,291.45001220703125,286.8442687988281,291.45001220703125,297.3178100585937,288.3502502441406,1.0,0.688073456287384,1.0,1.0,0.0,1.0,-3.4223179817199707,3.4223086833953857,9.420610695087817e-06,2.644813299179077,0.3586872816085815,0.3586872816085815,0.0,271.0366516113281,279.0,10742.7041015625,-0.0,3876.386962890625,1.0,283.1499938964844,287.7886962890625,289.8497314453125,290.65216064453125,293.1499938964844,293.1499938964844,283.1499938964844,17979.95703125,18000.0,313.1499938964844,0.0,18000.0,1.0,0.0,0.0,0.0,1.0,0.471781462430954,1.0,0.0,0.0,0.5536126494407654,0.5536163449287415,2.045057279076445e-08,4.265924453735352,4.265914440155029,9.78592834144365e-06,0.0,0.0,-0.0,3456.94580078125,0.0,25.25874900817871,1895.4371337890625,0.0,427.5109252929688,0.2559100091457367,1.0,0.0,3.0,1.0,0.0
11979060,297.1678771972656,297.1499938964844,293.1499938964844,0.0,-0.0,288.3496398925781,0.6866919994354248,0.2839830815792084,0.2621076703071594,297.1630554199219,297.1499938964844,293.1499938964844,0.0,-0.0,288.3496398925781,0.8710349202156067,0.5960819721221924,0.5690707564353943,297.536865234375,297.1499938964844,293.1499938964844,0.0,-0.0,288.3496398925781,0.873338520526886,0.6021685004234314,0.4236223101615906,297.2011413574219,297.1499938964844,293.1499938964844,0.0,-0.0,288.3496398925781,0.7556496858596802,0.3832285702228546,0.3692891001701355,297.177978515625,297.1499938964844,293.1499938964844,0.0,-0.0,288.3496398925781,0.6719567775726318,0.2666382491588592,1.2316080331802368,288.3496398925781,288.2980041503906,291.45001220703125,286.818115234375,291.45001220703125,297.3172912597656,288.3496398925781,1.0,0.690468966960907,1.0,1.0,0.0,1.0,-3.4294657707214355,3.4294564723968506,9.460767614655197e-06,2.6506235599517822,0.3593714535236358,0.3593714535236358,0.0,274.0875244140625,282.0,10767.01171875,-0.0,3912.016845703125,1.0,283.1499938964844,287.787109375,289.8230895996094,290.6268920898437,293.1499938964844,293.1499938964844,283.1499938964844,17980.095703125,18000.0,313.1499938964844,0.0,18000.0,1.0,0.0,0.0,0.0,1.0,0.4727743268013,1.0,0.0,0.0,0.5550531148910522,0.5550568103790283,2.055713466120324e-08,4.265924453735352,4.265914440155029,9.78592834144365e-06,0.0,0.0,-0.0,3461.68408203125,0.0,25.345991134643555,1895.4371337890625,0.0,430.07708740234375,0.2560760378837585,1.0,0.0,3.0,1.0,0.0
11979120,297.1678771972656,297.1499938964844,293.1499938964844,0.0,-0.0,288.3496398925781,0.6866919994354248,0.2839830815792084,0.2621076703071594,297.1630554199219,297.1499938964844,293.1499938964844,0.0,-0.0,288.3496398925781,0.8710349202156067,0.5960819721221924,0.5690707564353943,297.536865234375,297.1499938964844,293.1499938964844,0.0,-0.0,288.3496398925781,0.873338520526886,0.6021685004234314,0.4236223101615906,297.2011413574219,297.1499938964844,293.1499938964844,0.0,-0.0,288.3496398925781,0.7556496858596802,0.3832285702228546,0.3692891001701355,297.177978515625,297.1499938964844,293.1499938964844,0.0,-0.0,288.3496398925781,0.6719567775726318,0.2666382491588592,1.2316080331802368,288.3496398925781,288.2980041503906,291.45001220703125,286.818115234375,291.45001220703125,297.3172912597656,288.3496398925781,1.0,0.690468966960907,1.0,1.0,0.0,1.0,-3.4294657707214355,3.4294564723968506,9.460767614655197e-06,2.6506235599517822,0.3593714535236358,0.3593714535236358,0.0,274.0875244140625,282.0,10767.01171875,-0.0,3912.016845703125,1.0,283.1499938964844,287.787109375,289.8230895996094,290.6268920898437,293.1499938964844,293.1499938964844,283.1499938964844,17980.095703125,18000.0,313.1499938964844,0.0,18000.0,1.0,0.0,0.0,0.0,1.0,0.4727743268013,1.0,0.0,0.0,0.5550531148910522,0.5550568103790283,2.055713466120324e-08,4.265924453735352,4.265914440155029,9.78592834144365e-06,0.0,0.0,-0.0,3461.68408203125,0.0,25.345991134643555,1895.4371337890625,0.0,430.07708740234375,0.2560760378837585,1.0,0.0,3.0,1.0,0.0
11979180,297.1666259765625,297.1499938964844,293.1499938964844,0.0,-0.0,288.3489990234375,0.6851921081542969,0.2840819060802459,0.2623004019260406,297.1596069335937,297.1499938964844,293.1499938964844,0.0,-0.0,288.3489990234375,0.8689984679222107,0.5958976149559021,0.5690138936042786,297.536865234375,297.1499938964844,293.1499938964844,0.0,-0.0,288.3489990234375,0.8737144470214844,0.6070685982704163,0.4270877838134765,297.19952392578125,297.1499938964844,293.1499938964844,0.0,-0.0,288.3489990234375,0.7543396353721619,0.3837117850780487,0.3698540925979614,297.177001953125,297.1499938964844,293.1499938964844,0.0,-0.0,288.3489990234375,0.6706517934799194,0.2668924331665039,1.2332605123519895,288.3489990234375,288.2980041503906,291.45001220703125,286.7930908203125,291.45001220703125,297.3167724609375,288.3489990234375,1.0,0.6928399801254272,1.0,1.0,0.0,1.0,-3.4364655017852783,3.4364559650421143,9.500167834630702e-06,2.65631103515625,0.3600469529628753,0.3600469529628753,0.0,277.13800048828125,285.0,10790.9951171875,-0.0,3947.408447265625,1.0,283.1499938964844,287.7855529785156,289.7975769042969,290.6026916503906,293.1499938964844,293.1499938964844,283.1499938964844,17980.25,18000.0,313.1499938964844,0.0,18000.0,1.0,0.0,0.0,0.0,1.0,0.473670482635498,1.0,0.0,0.0,0.5564791560173035,0.5564827919006348,2.0662898947421133e-08,4.265924453735352,4.265914440155029,9.78592834144365e-06,0.0,0.0,-0.0,3466.434814453125,0.0,25.432546615600582,1895.4371337890625,0.0,432.40667724609375,0.2562408149242401,1.0,0.0,3.0,1.0,0.0
11979240,297.1666259765625,297.1499938964844,293.1499938964844,0.0,-0.0,288.3489990234375,0.6851921081542969,0.2840819060802459,0.2623004019260406,297.1596069335937,297.1499938964844,293.1499938964844,0.0,-0.0,288.3489990234375,0.8689984679222107,0.5958976149559021,0.5690138936042786,297.536865234375,297.1499938964844,293.1499938964844,0.0,-0.0,288.3489990234375,0.8737144470214844,0.6070685982704163,0.4270877838134765,297.19952392578125,297.1499938964844,293.1499938964844,0.0,-0.0,288.3489990234375,0.7543396353721619,0.3837117850780487,0.3698540925979614,297.177001953125,297.1499938964844,293.1499938964844,0.0,-0.0,288.3489990234375,0.6706517934799194,0.2668924331665039,1.2332605123519895,288.3489990234375,288.2980041503906,291.45001220703125,286.7930908203125,291.45001220703125,297.3167724609375,288.3489990234375,1.0,0.6928399801254272,1.0,1.0,0.0,1.0,-3.4364655017852783,3.4364559650421143,9.500167834630702e-06,2.65631103515625,0.3600469529628753,0.3600469529628753,0.0,277.13800048828125,285.0,10790.9951171875,-0.0,3947.408447265625,1.0,283.1499938964844,287.7855529785156,289.7975769042969,290.6026916503906,293.1499938964844,293.1499938964844,283.1499938964844,17980.25,18000.0,313.1499938964844,0.0,18000.0,1.0,0.0,0.0,0.0,1.0,0.473670482635498,1.0,0.0,0.0,0.5564791560173035,0.5564827919006348,2.0662898947421133e-08,4.265924453735352,4.265914440155029,9.78592834144365e-06,0.0,0.0,-0.0,3466.434814453125,0.0,25.432546615600582,1895.4371337890625,0.0,432.40667724609375,0.2562408149242401,1.0,0.0,3.0,1.0,0.0
11979300,297.166015625,297.1499938964844,293.1499938964844,0.0,-0.0,288.3486633300781,0.6844459772109985,0.2841255366802215,0.2623916864395141,297.15789794921875,297.1499938964844,293.1499938964844,0.0,-0.0,288.3486633300781,0.8679853677749634,0.5957890748977661,0.5689701437950134,297.5368347167969,297.1499938964844,293.1499938964844,0.0,-0.0,288.3486633300781,0.873902440071106,0.6095157265663147,0.4288184940814972,297.1986999511719,297.1499938964844,293.1499938964844,0.0,-0.0,288.3486633300781,0.7536893486976624,0.3839456140995025,0.3701293766498565,297.176513671875,297.1499938964844,293.1499938964844,0.0,-0.0,288.3486633300781,0.6700047254562378,0.2670154869556427,1.2340691089630127,288.3486633300781,288.2980041503906,291.45001220703125,286.7810974121094,291.45001220703125,297.3165283203125,288.3486633300781,1.0,0.6940160989761353,1.0,1.0,0.0,1.0,-3.439908266067505,3.439898729324341,9.51957372308243e-06,2.659106731414795,0.3603812158107757,0.3603812158107757,0.0,278.6629638671875,285.0,10802.8583984375,-0.0,3965.0087890625,1.0,283.1499938964844,287.7847595214844,289.78533935546875,290.5910949707031,293.1499938964844,293.1499938964844,283.1499938964844,17980.333984375,18000.0,313.1499938964844,0.0,18000.0,1.0,0.0,0.0,0.0,1.0,0.4740815758705139,1.0,0.0,0.0,0.5571862459182739,0.55718994140625,2.0715443582730583e-08,4.265924453735352,4.265914440155029,9.78592834144365e-06,0.0,0.0,-0.0,3468.824462890625,0.0,25.475536346435547,1895.4371337890625,0.0,433.4795837402344,0.2563226521015167,1.0,0.0,3.0,1.0,0.0
11979360,297.1653747558594,297.1499938964844,293.1499938964844,0.0,-0.0,288.34832763671875,0.6837025880813599,0.2841655313968658,0.2624798119068146,297.1561889648437,297.1499938964844,293.1499938964844,0.0,-0.0,288.34832763671875,0.8669759631156921,0.5956704616546631,0.5689169764518738,297.5367736816406,297.1499938964844,293.1499938964844,0.0,-0.0,288.34832763671875,0.8740905523300171,0.611960768699646,0.430547833442688,297.1979064941406,297.1499938964844,293.1499938964844,0.0,-0.0,288.34832763671875,0.7530423998832703,0.3841746151447296,0.3704001605510711,297.176025390625,297.1499938964844,293.1499938964844,0.0,-0.0,288.34832763671875,0.669361412525177,0.2671360671520233,1.234866738319397,288.34832763671875,288.2980041503906,291.45001220703125,286.7695007324219,291.45001220703125,297.3162536621094,288.34832763671875,1.0,0.6951864361763,1.0,1.0,0.0,1.0,-3.4433157444000244,3.4433062076568604,9.5387949841097e-06,2.661872148513794,0.360713243484497,0.360713243484497,0.0,280.1878967285156,288.0,10814.6396484375,-0.0,3982.55224609375,1.0,283.1499938964844,287.7839660644531,289.77349853515625,290.579833984375,293.1499938964844,293.1499938964844,283.1499938964844,17980.419921875,18000.0,313.1499938964844,0.0,18000.0,1.0,0.0,0.0,0.0,1.0,0.4744666516780853,1.0,0.0,0.0,0.5578895211219788,0.5578932166099548,2.07677697261488e-08,4.265924453735352,4.265914440155029,9.78592834144365e-06,0.0,0.0,-0.0,3471.2275390625,0.0,25.51833724975586,1895.4371337890625,0.0,434.4870910644531,0.256404161453247,1.0,0.0,3.0,1.0,0.0
11979420,297.1641540527344,297.1499938964844,293.1499938964844,0.0,-0.0,288.34765625,0.6822235584259033,0.284234344959259,0.2626462280750274,297.1527709960937,297.1499938964844,293.1499938964844,0.0,-0.0,288.3476257324219,0.8649680018424988,0.5954025983810425,0.5687820911407471,297.53662109375,297.1499938964844,293.1499938964844,0.0,-0.0,288.3476257324219,0.8744661211967468,0.6168439984321594,0.4340017437934875,297.1962890625,297.1499938964844,293.1499938964844,0.0,-0.0,288.3476257324219,0.7517579197883606,0.3846176862716675,0.3709279298782348,297.1750793457031,297.1499938964844,293.1499938964844,0.0,-0.0,288.34765625,0.6680855751037598,0.2673696279525757,1.2364290952682495,288.3476257324219,288.2980041503906,291.45001220703125,286.7475891113281,291.45001220703125,297.31573486328125,288.3476257324219,1.0,0.6975092887878418,1.0,1.0,0.0,1.0,-3.4500226974487305,3.4500131607055664,9.576668162480928e-06,2.667309284210205,0.3613702356815338,0.3613702356815338,0.0,283.23736572265625,291.0,10837.9482421875,-0.0,4017.4580078125,1.0,283.1499938964844,287.7823791503906,289.75103759765625,290.5585021972656,293.1499938964844,293.1499938964844,283.1499938964844,17980.603515625,18000.0,313.1499938964844,0.0,18000.0,1.0,0.0,0.0,0.0,1.0,0.4751566052436828,1.0,0.0,0.0,0.5592839121818542,0.5592875480651855,2.0871711470249465e-08,4.265924453735352,4.265914440155029,9.78592834144365e-06,0.0,0.0,-0.0,3476.091796875,0.0,25.603328704833984,1895.4371337890625,0.0,436.298095703125,0.2565660178661346,1.0,0.0,3.0,1.0,0.0
11979480,297.1641540527344,297.1499938964844,293.1499938964844,0.0,-0.0,288.34765625,0.6822235584259033,0.284234344959259,0.2626462280750274,297.1527709960937,297.1499938964844,293.1499938964844,0.0,-0.0,288.3476257324219,0.8649680018424988,0.5954025983810425,0.5687820911407471,297.53662109375,297.1499938964844,293.1499938964844,0.0,-0.0,288.3476257324219,0.8744661211967468,0.6168439984321594,0.4340017437934875,297.1962890625,297.1499938964844,293.1499938964844,0.0,-0.0,288.3476257324219,0.7517579197883606,0.3846176862716675,0.3709279298782348,297.1750793457031,297.1499938964844,293.1499938964844,0.0,-0.0,288.34765625,0.6680855751037598,0.2673696279525757,1.2364290952682495,288.3476257324219,288.2980041503906,291.45001220703125,286.7475891113281,291.45001220703125,297.31573486328125,288.3476257324219,1.0,0.6975092887878418,1.0,1.0,0.0,1.0,-3.4500226974487305,3.4500131607055664,9.576668162480928e-06,2.667309284210205,0.3613702356815338,0.3613702356815338,0.0,283.23736572265625,291.0,10837.9482421875,-0.0,4017.4580078125,1.0,283.1499938964844,287.7823791503906,289.75103759765625,290.5585021972656,293.1499938964844,293.1499938964844,283.1499938964844,17980.603515625,18000.0,313.1499938964844,0.0,18000.0,1.0,0.0,0.0,0.0,1.0,0.4751566052436828,1.0,0.0,0.0,0.5592839121818542,0.5592875480651855,2.0871711470249465e-08,4.265924453735352,4.265914440155029,9.78592834144365e-06,0.0,0.0,-0.0,3476.091796875,0.0,25.603328704833984,1895.4371337890625,0.0,436.298095703125,0.2565660178661346,1.0,0.0,3.0,1.0,0.0
11979540,297.16290283203125,297.1499938964844,293.1499938964844,0.0,-0.0,288.346923828125,0.6807547211647034,0.2842881083488464,0.2627994418144226,297.1493835449219,297.1499938964844,293.1499938964844,0.0,-0.0,288.346923828125,0.8629744052886963,0.5950943827629089,0.5686094760894775,297.536376953125,297.1499938964844,293.1499938964844,0.0,-0.0,288.346923828125,0.8748406171798706,0.6217172145843506,0.4374487996101379,297.1946716308594,297.1499938964844,293.1499938964844,0.0,-0.0,288.346923828125,0.7504855394363403,0.3850408494472503,0.3714372217655182,297.1741638183594,297.1499938964844,293.1499938964844,0.0,-0.0,288.346923828125,0.6668241024017334,0.2675932347774505,1.237947702407837,288.346923828125,288.2980041503906,291.45001220703125,286.7276611328125,291.45001220703125,297.3152160644531,288.346923828125,1.0,0.6998083591461182,1.0,1.0,0.0,1.0,-3.45658540725708,3.456575870513916,9.61377372732386e-06,2.6726198196411133,0.3620176017284393,0.3620176017284393,0.0,286.28619384765625,294.0,10860.908203125,-0.0,4052.11669921875,1.0,283.1499938964844,287.78076171875,289.7305603027344,290.5390625,293.1499938964844,293.1499938964844,283.1499938964844,17980.798828125,18000.0,313.1499938964844,0.0,18000.0,1.0,0.0,0.0,0.0,1.0,0.4757357537746429,1.0,0.0,0.0,0.560661256313324,0.5606648921966553,2.097464069095168e-08,4.265924453735352,4.265914440155029,9.78592834144365e-06,0.0,0.0,-0.0,3481.05908203125,0.0,25.687456130981445,1895.4371337890625,0.0,437.8242492675781,0.2567262947559356,1.0,0.0,3.0,1.0,0.0
11979600,297.16290283203125,297.1499938964844,293.1499938964844,0.0,-0.0,288.346923828125,0.6807547211647034,0.2842881083488464,0.2627994418144226,297.1493835449219,297.1499938964844,293.1499938964844,0.0,-0.0,288.346923828125,0.8629744052886963,0.5950943827629089,0.5686094760894775,297.536376953125,297.1499938964844,293.1499938964844,0.0,-0.0,288.346923828125,0.8748406171798706,0.6217172145843506,0.4374487996101379,297.1946716308594,297.1499938964844,293.1499938964844,0.0,-0.0,288.346923828125,0.7504855394363403,0.3850408494472503,0.3714372217655182,297.1741638183594,297.1499938964844,293.1499938964844,0.0,-0.0,288.346923828125,0.6668241024017334,0.2675932347774505,1.237947702407837,288.346923828125,288.2980041503906,291.45001220703125,286.7276611328125,291.45001220703125,297.3152160644531,288.346923828125,1.0,0.6998083591461182,1.0,1.0,0.0,1.0,-3.45658540725708,3.456575870513916,9.61377372732386e-06,2.6726198196411133,0.3620176017284393,0.3620176017284393,0.0,286.28619384765625,294.0,10860.908203125,-0.0,4052.11669921875,1.0,283.1499938964844,287.78076171875,289.7305603027344,290.5390625,293.1499938964844,293.1499938964844,283.1499938964844,17980.798828125,18000.0,313.1499938964844,0.0,18000.0,1.0,0.0,0.0,0.0,1.0,0.4757357537746429,1.0,0.0,0.0,0.560661256313324,0.5606648921966553,2.097464069095168e-08,4.265924453735352,4.265914440155029,9.78592834144365e-06,0.0,0.0,-0.0,3481.05908203125,0.0,25.687456130981445,1895.4371337890625,0.0,437.8242492675781,0.2567262947559356,1.0,0.0,3.0,1.0,0.0
11979660,297.16168212890625,297.1499938964844,293.1499938964844,0.0,-0.0,288.34619140625,0.6792957782745361,0.2843267619609833,0.2629393935203552,297.1460266113281,297.1499938964844,293.1499938964844,0.0,-0.0,288.34619140625,0.8609952926635742,0.5947467684745789,0.5684000253677368,297.5360717773437,297.1499938964844,293.1499938964844,0.0,-0.0,288.34619140625,0.8752132058143616,0.6265789270401001,0.4408880770206451,297.1930847167969,297.1499938964844,293.1499938964844,0.0,-0.0,288.34619140625,0.7492247819900513,0.3854441940784454,0.3719280958175659,297.1732482910156,297.1499938964844,293.1499938964844,0.0,-0.0,288.34619140625,0.6655768156051636,0.267807126045227,1.2394239902496338,288.34619140625,288.2980041503906,291.45001220703125,286.7099609375,291.45001220703125,297.314697265625,288.34619140625,1.0,0.7020840644836426,1.0,1.0,0.0,1.0,-3.463005542755127,3.462995767593384,9.650110769143794e-06,2.677803039550781,0.3626550436019897,0.3626550436019897,0.0,289.3343505859375,297.0,10883.5126953125,-0.0,4086.526611328125,1.0,283.1499938964844,287.7791748046875,289.7122802734375,290.521728515625,293.1499938964844,293.1499938964844,283.1499938964844,17981.005859375,18000.0,313.1499938964844,0.0,18000.0,1.0,0.0,0.0,0.0,1.0,0.4762004315853119,1.0,0.0,0.0,0.5620209574699402,0.5620245933532715,2.1076496992122884e-08,4.265924453735352,4.265914440155029,9.78592834144365e-06,0.0,0.0,-0.0,3486.161376953125,0.0,25.77067375183105,1895.4371337890625,0.0,439.05267333984375,0.2568848431110382,1.0,0.0,3.0,1.0,0.0
11979720,297.16168212890625,297.1499938964844,293.1499938964844,0.0,-0.0,288.34619140625,0.6792957782745361,0.2843267619609833,0.2629393935203552,297.1460266113281,297.1499938964844,293.1499938964844,0.0,-0.0,288.34619140625,0.8609952926635742,0.5947467684745789,0.5684000253677368,297.5360717773437,297.1499938964844,293.1499938964844,0.0,-0.0,288.34619140625,0.8752132058143616,0.6265789270401001,0.4408880770206451,297.1930847167969,297.1499938964844,293.1499938964844,0.0,-0.0,288.34619140625,0.7492247819900513,0.3854441940784454,0.3719280958175659,297.1732482910156,297.1499938964844,293.1499938964844,0.0,-0.0,288.34619140625,0.6655768156051636,0.267807126045227,1.2394239902496338,288.34619140625,288.2980041503906,291.45001220703125,286.7099609375,291.45001220703125,297.314697265625,288.34619140625,1.0,0.7020840644836426,1.0,1.0,0.0,1.0,-3.463005542755127,3.462995767593384,9.650110769143794e-06,2.677803039550781,0.3626550436019897,0.3626550436019897,0.0,289.3343505859375,297.0,10883.5126953125,-0.0,4086.526611328125,1.0,283.1499938964844,287.7791748046875,289.7122802734375,290.521728515625,293.1499938964844,293.1499938964844,283.1499938964844,17981.005859375,18000.0,313.1499938964844,0.0,18000.0,1.0,0.0,0.0,0.0,1.0,0.4762004315853119,1.0,0.0,0.0,0.5620209574699402,0.5620245933532715,2.1076496992122884e-08,4.265924453735352,4.265914440155029,9.78592834144365e-06,0.0,0.0,-0.0,3486.161376953125,0.0,25.77067375183105,1895.4371337890625,0.0,439.05267333984375,0.2568848431110382,1.0,0.0,3.0,1.0,0.0
11979780,297.1604309082031,297.1499938964844,293.1499938964844,0.0,-0.0,288.3454284667969,0.6778448224067688,0.2843493521213531,0.2630657851696014,297.1427001953125,297.1499938964844,293.1499938964844,0.0,-0.0,288.3454284667969,0.8590285181999207,0.5943577885627747,0.5681535005569458,297.5353698730469,297.1499938964844,293.1499938964844,0.0,-0.0,288.3454284667969,0.8755759000778198,0.6314008831977844,0.444310188293457,297.19146728515625,297.1499938964844,293.1499938964844,0.0,-0.0,288.3454284667969,0.747973620891571,0.3858269155025482,0.3724004030227661,297.17236328125,297.1499938964844,293.1499938964844,0.0,-0.0,288.3454284667969,0.6643422245979309,0.2680113017559051,1.240858793258667,288.3454284667969,288.2980041503906,291.45001220703125,286.6947631835937,291.45001220703125,297.3139953613281,288.3454284667969,1.0,0.7043359279632568,1.0,1.0,0.0,1.0,-3.469271659851074,3.469261884689331,9.685609256848691e-06,2.682849645614624,0.3632822930812835,0.3632822930812835,0.0,292.3837585449219,300.0,10905.7451171875,-0.0,4120.66455078125,1.0,283.1499938964844,287.777587890625,289.69647216796875,290.5068054199219,293.1499938964844,293.1499938964844,283.1499938964844,17981.224609375,18000.0,313.1499938964844,0.0,18000.0,1.0,0.0,0.0,0.0,1.0,0.4765475690364837,1.0,0.0,0.0,0.5633623003959656,0.5633659362792969,2.117722353034424e-08,4.265924453735352,4.265914440155029,9.78592834144365e-06,0.0,0.0,-0.0,3491.42919921875,0.0,25.852935791015625,1895.4371337890625,0.0,439.97265625,0.2570416033267975,1.0,0.0,3.0,1.0,0.0
11979840,297.1604309082031,297.1499938964844,293.1499938964844,0.0,-0.0,288.3454284667969,0.6778448224067688,0.2843493521213531,0.2630657851696014,297.1427001953125,297.1499938964844,293.1499938964844,0.0,-0.0,288.3454284667969,0.8590285181999207,0.5943577885627747,0.5681535005569458,297.5353698730469,297.1499938964844,293.1499938964844,0.0,-0.0,288.3454284667969,0.8755759000778198,0.6314008831977844,0.444310188293457,297.19146728515625,297.1499938964844,293.1499938964844,0.0,-0.0,288.3454284667969,0.747973620891571,0.3858269155025482,0.3724004030227661,297.17236328125,297.1499938964844,293.1499938964844,0.0,-0.0,288.3454284667969,0.6643422245979309,0.2680113017559051,1.240858793258667,288.3454284667969,288.2980041503906,291.45001220703125,286.6947631835937,291.45001220703125,297.3139953613281,288.3454284667969,1.0,0.7043359279632568,1.0,1.0,0.0,1.0,-3.469271659851074,3.469261884689331,9.685609256848691e-06,2.682849645614624,0.3632822930812835,0.3632822930812835,0.0,292.3837585449219,300.0,10905.7451171875,-0.0,4120.66455078125,1.0,283.1499938964844,287.777587890625,289.69647216796875,290.5068054199219,293.1499938964844,293.1499938964844,283.1499938964844,17981.224609375,18000.0,313.1499938964844,0.0,18000.0,1.0,0.0,0.0,0.0,1.0,0.4765475690364837,1.0,0.0,0.0,0.5633623003959656,0.5633659362792969,2.117722353034424e-08,4.265924453735352,4.265914440155029,9.78592834144365e-06,0.0,0.0,-0.0,3491.42919921875,0.0,25.852935791015625,1895.4371337890625,0.0,439.97265625,0.2570416033267975,1.0,0.0,3.0,1.0,0.0
11979900,297.1597900390625,297.1499938964844,293.1499938964844,0.0,-0.0,288.34503173828125,0.677117645740509,0.2843527495861053,0.2631228566169739,297.1409912109375,297.1499938964844,293.1499938964844,0.0,-0.0,288.34503173828125,0.8580434918403625,0.5941423773765564,0.5680127143859863,297.5344543457031,297.1499938964844,293.1499938964844,0.0,-0.0,288.34503173828125,0.8757320046424866,0.6337506771087646,0.4459894895553589,297.1906433105469,297.1499938964844,293.1499938964844,0.0,-0.0,288.34503173828125,0.7473471164703369,0.3860087394714355,0.3726285398006439,297.1719055175781,297.1499938964844,293.1499938964844,0.0,-0.0,288.34503173828125,0.6637258529663086,0.2681089043617248,1.2415597438812256,288.34503173828125,288.2980041503906,291.45001220703125,286.68817138671875,291.45001220703125,297.3133544921875,288.34503173828125,1.0,0.7054505944252014,1.0,1.0,0.0,1.0,-3.472308874130249,3.472299098968506,9.702830539026763e-06,2.6852927207946777,0.363591730594635,0.363591730594635,0.0,293.91387939453125,300.0,10916.6728515625,-0.0,4137.560546875,1.0,283.1499938964844,287.7767944335937,289.6896057128906,290.5003356933594,293.1499938964844,293.1499938964844,283.1499938964844,17981.33984375,18000.0,313.1499938964844,0.0,18000.0,1.0,0.0,0.0,0.0,1.0,0.4766773879528045,1.0,0.0,0.0,0.5640254020690918,0.5640290975570679,2.1227108959465123e-08,4.265924453735352,4.265914440155029,9.78592834144365e-06,0.0,0.0,-0.0,3494.12939453125,0.0,25.89366912841797,1895.4371337890625,0.0,440.3171691894531,0.2571192681789398,1.0,0.0,3.0,1.0,0.0
11979960,297.1591491699219,297.1499938964844,293.1499938964844,0.0,-0.0,288.3446044921875,0.6763882040977478,0.2843506634235382,0.2631753087043762,297.13922119140625,297.1499938964844,293.1499938964844,0.0,-0.0,288.3446044921875,0.8570559024810791,0.5939130783081055,0.567858874797821,297.5332336425781,297.1499938964844,293.1499938964844,0.0,-0.0,288.3446044921875,0.8758657574653625,0.6360660791397095,0.4476402103900909,297.1898193359375,297.1499938964844,293.1499938964844,0.0,-0.0,288.3446044921875,0.7467190027236938,0.386183887720108,0.3728507757186889,297.17144775390625,297.1499938964844,293.1499938964844,0.0,-0.0,288.3446044921875,0.6631090044975281,0.2682029902935028,1.242247223854065,288.3446044921875,288.2980041503906,291.45001220703125,286.68231201171875,291.45001220703125,297.31256103515625,288.3446044921875,1.0,0.7065562605857849,1.0,1.0,0.0,1.0,-3.475267171859741,3.475257396697998,9.719610716274474e-06,2.687669515609741,0.3638980984687805,0.3638980984687805,0.0,295.44805908203125,303.0,10927.451171875,-0.0,4154.3037109375,1.0,283.1499938964844,287.7760009765625,289.6834716796875,290.4945983886719,293.1499938964844,293.1499938964844,283.1499938964844,17981.466796875,18000.0,313.1499938964844,0.0,18000.0,1.0,0.0,0.0,0.0,1.0,0.4767771065235138,1.0,0.0,0.0,0.5646829605102539,0.56468665599823,2.1276630235433923e-08,4.265924453735352,4.265914440155029,9.78592834144365e-06,0.0,0.0,-0.0,3496.86767578125,0.0,25.93410873413086,1895.4371337890625,0.0,440.5820007324219,0.2571963667869568,1.0,0.0,3.0,1.0,0.0
11980020,297.1578369140625,297.1499938964844,293.1499938964844,0.0,-0.0,288.3437194824219,0.6749307513237,0.2843318283557892,0.2632670402526855,297.1357116699219,297.1499938964844,293.1499938964844,0.0,-0.0,288.3436889648437,0.8550845384597778,0.5934197902679443,0.567517101764679,297.53057861328125,297.1499938964844,293.1499938964844,0.0,-0.0,288.3436889648437,0.8761035203933716,0.6406514644622803,0.450897067785263,297.1881103515625,297.1499938964844,293.1499938964844,0.0,-0.0,288.3437194824219,0.7454655766487122,0.3865160346031189,0.3732781112194061,297.1705322265625,297.1499938964844,293.1499938964844,0.0,-0.0,288.3437194824219,0.6618803143501282,0.2683808803558349,1.2435778379440308,288.3436889648437,288.2980041503906,291.45001220703125,286.67291259765625,291.45001220703125,297.31085205078125,288.3436889648437,1.0,0.7087421417236328,1.0,1.0,0.0,1.0,-3.480998992919922,3.4809892177581787,9.75213697529398e-06,2.6922638416290283,0.3645013272762298,0.3645013272762298,0.0,298.5177917480469,306.0,10948.619140625,-0.0,4187.396484375,1.0,283.1499938964844,287.7743225097656,289.6734313964844,290.4852294921875,293.1499938964844,293.1499938964844,283.1499938964844,17981.74609375,18000.0,313.1499938964844,0.0,18000.0,1.0,0.0,0.0,0.0,1.0,0.4768775999546051,1.0,0.0,0.0,0.5659804344177246,0.5659841299057007,2.1374516379069064e-08,4.265924453735352,4.265914440155029,9.78592834144365e-06,0.0,0.0,-0.0,3502.468017578125,0.0,26.01404190063477,1895.4371337890625,0.0,440.84906005859375,0.2573488354682922,1.0,0.0,3.0,1.0,0.0
11980080,297.1578369140625,297.1499938964844,293.1499938964844,0.0,-0.0,288.3437194824219,0.6749307513237,0.2843318283557892,0.2632670402526855,297.1357116699219,297.1499938964844,293.1499938964844,0.0,-0.0,288.3436889648437,0.8550845384597778,0.5934197902679443,0.567517101764679,297.53057861328125,297.1499938964844,293.1499938964844,0.0,-0.0,288.3436889648437,0.8761035203933716,0.6406514644622803,0.450897067785263,297.1881103515625,297.1499938964844,293.1499938964844,0.0,-0.0,288.3437194824219,0.7454655766487122,0.3865160346031189,0.3732781112194061,297.1705322265625,297.1499938964844,293.1499938964844,0.0,-0.0,288.3437194824219,0.6618803143501282,0.2683808803558349,1.2435778379440308,288.3436889648437,288.2980041503906,291.45001220703125,286.67291259765625,291.45001220703125,297.31085205078125,288.3436889648437,1.0,0.7087421417236328,1.0,1.0,0.0,1.0,-3.480998992919922,3.4809892177581787,9.75213697529398e-06,2.6922638416290283,0.3645013272762298,0.3645013272762298,0.0,298.5177917480469,306.0,10948.619140625,-0.0,4187.396484375,1.0,283.1499938964844,287.7743225097656,289.6734313964844,290.4852294921875,293.1499938964844,293.1499938964844,283.1499938964844,17981.74609375,18000.0,313.1499938964844,0.0,18000.0,1.0,0.0,0.0,0.0,1.0,0.4768775999546051,1.0,0.0,0.0,0.5659804344177246,0.5659841299057007,2.1374516379069064e-08,4.265924453735352,4.265914440155029,9.78592834144365e-06,0.0,0.0,-0.0,3502.468017578125,0.0,26.01404190063477,1895.4371337890625,0.0,440.84906005859375,0.2573488354682922,1.0,0.0,3.0,1.0,0.0
11980140,297.156494140625,297.1499938964844,293.1499938964844,0.0,-0.0,288.3427734375,0.6734814047813416,0.2842946052551269,0.2633421123027801,297.1322326660156,297.1499938964844,293.1499938964844,0.0,-0.0,288.3427734375,0.8531270623207092,0.5928854942321777,0.5671355128288269,297.5279846191406,297.1499938964844,293.1499938964844,0.0,-0.0,288.3427734375,0.8763299584388733,0.6452059745788574,0.4541271030902862,297.1864013671875,297.1499938964844,293.1499938964844,0.0,-0.0,288.3427734375,0.7442214488983154,0.3868251144886017,0.3736835420131683,297.1695861816406,297.1499938964844,293.1499938964844,0.0,-0.0,288.3427734375,0.6606637835502625,0.2685463428497314,1.24485182762146,288.3427734375,288.2980041503906,291.45001220703125,286.6668395996094,291.45001220703125,297.3092041015625,288.3427429199219,1.0,0.7108966708183289,1.0,1.0,0.0,1.0,-3.486536264419556,3.4865264892578125,9.783565474208444e-06,2.696685791015625,0.3650917708873749,0.3650917708873749,0.0,301.5818176269531,309.0,10969.30859375,-0.0,4220.04736328125,1.0,283.1499938964844,287.7726745605469,289.6666564941406,290.47906494140625,293.1499938964844,293.1499938964844,283.1499938964844,17982.046875,18000.0,313.1499938964844,0.0,18000.0,1.0,0.0,0.0,0.0,1.0,0.4768411219120025,1.0,0.0,0.0,0.567253589630127,0.567257285118103,2.14707878143372e-08,4.265924453735352,4.265914440155029,9.78592834144365e-06,0.0,0.0,-0.0,3508.284912109375,0.0,26.0926456451416,1895.4371337890625,0.0,440.7521362304688,0.2574988305568695,1.0,0.0,3.0,1.0,0.0
11980200,297.156494140625,297.1499938964844,293.1499938964844,0.0,-0.0,288.3427734375,0.6734814047813416,0.2842946052551269,0.2633421123027801,297.1322326660156,297.1499938964844,293.1499938964844,0.0,-0.0,288.3427734375,0.8531270623207092,0.5928854942321777,0.5671355128288269,297.5279846191406,297.1499938964844,293.1499938964844,0.0,-0.0,288.3427734375,0.8763299584388733,0.6452059745788574,0.4541271030902862,297.1864013671875,297.1499938964844,293.1499938964844,0.0,-0.0,288.3427734375,0.7442214488983154,0.3868251144886017,0.3736835420131683,297.1695861816406,297.1499938964844,293.1499938964844,0.0,-0.0,288.3427734375,0.6606637835502625,0.2685463428497314,1.24485182762146,288.3427734375,288.2980041503906,291.45001220703125,286.6668395996094,291.45001220703125,297.3092041015625,288.3427429199219,1.0,0.7108966708183289,1.0,1.0,0.0,1.0,-3.486536264419556,3.4865264892578125,9.783565474208444e-06,2.696685791015625,0.3650917708873749,0.3650917708873749,0.0,301.5818176269531,309.0,10969.30859375,-0.0,4220.04736328125,1.0,283.1499938964844,287.7726745605469,289.6666564941406,290.47906494140625,293.1499938964844,293.1499938964844,283.1499938964844,17982.046875,18000.0,313.1499938964844,0.0,18000.0,1.0,0.0,0.0,0.0,1.0,0.4768411219120025,1.0,0.0,0.0,0.567253589630127,0.567257285118103,2.14707878143372e-08,4.265924453735352,4.265914440155029,9.78592834144365e-06,0.0,0.0,-0.0,3508.284912109375,0.0,26.0926456451416,1895.4371337890625,0.0,440.7521362304688,0.2574988305568695,1.0,0.0,3.0,1.0,0.0
11980260,297.1551208496094,297.1499938964844,293.1499938964844,0.0,-0.0,288.3418273925781,0.6720420122146606,0.2842399477958679,0.2634015381336212,297.1288452148437,297.1499938964844,293.1499938964844,0.0,-0.0,288.3418273925781,0.8511864542961121,0.592314600944519,0.5667189955711365,297.52545166015625,297.1499938964844,293.1499938964844,0.0,-0.0,288.3418273925781,0.8765531778335571,0.6497377753257751,0.4573407173156738,297.1846923828125,297.1499938964844,293.1499938964844,0.0,-0.0,288.3418273925781,0.7429878115653992,0.3871122300624847,0.3740682601928711,297.1686706542969,297.1499938964844,293.1499938964844,0.0,-0.0,288.3418273925781,0.6594613790512085,0.2687010467052459,1.2460763454437256,288.3418273925781,288.2980041503906,291.45001220703125,286.664306640625,291.45001220703125,297.3076477050781,288.341796875,1.0,0.7130231857299805,1.0,1.0,0.0,1.0,-3.491908311843872,3.491898536682129,9.814058103074784e-06,2.700958490371704,0.3656695485115051,0.3656695485115051,0.0,304.63946533203125,312.0,10989.5458984375,-0.0,4252.3232421875,1.0,283.1499938964844,287.7710266113281,289.6634216308594,290.47637939453125,293.1499938964844,293.1499938964844,283.1499938964844,17982.35546875,18000.0,313.1499938964844,0.0,18000.0,1.0,0.0,0.0,0.0,1.0,0.476663589477539,1.0,0.0,0.0,0.5685023069381714,0.5685060024261475,2.1565419672242573e-08,4.265924453735352,4.265914440155029,9.78592834144365e-06,0.0,0.0,-0.0,3514.368896484375,0.0,26.16988754272461,1895.4371337890625,0.0,440.2805480957031,0.2576462626457214,1.0,0.0,3.0,1.0,0.0
11980320,297.1551208496094,297.1499938964844,293.1499938964844,0.0,-0.0,288.3418273925781,0.6720420122146606,0.2842399477958679,0.2634015381336212,297.1288452148437,297.1499938964844,293.1499938964844,0.0,-0.0,288.3418273925781,0.8511864542961121,0.592314600944519,0.5667189955711365,297.52545166015625,297.1499938964844,293.1499938964844,0.0,-0.0,288.3418273925781,0.8765531778335571,0.6497377753257751,0.4573407173156738,297.1846923828125,297.1499938964844,293.1499938964844,0.0,-0.0,288.3418273925781,0.7429878115653992,0.3871122300624847,0.3740682601928711,297.1686706542969,297.1499938964844,293.1499938964844,0.0,-0.0,288.3418273925781,0.6594613790512085,0.2687010467052459,1.2460763454437256,288.3418273925781,288.2980041503906,291.45001220703125,286.664306640625,291.45001220703125,297.3076477050781,288.341796875,1.0,0.7130231857299805,1.0,1.0,0.0,1.0,-3.491908311843872,3.491898536682129,9.814058103074784e-06,2.700958490371704,0.3656695485115051,0.3656695485115051,0.0,304.63946533203125,312.0,10989.5458984375,-0.0,4252.3232421875,1.0,283.1499938964844,287.7710266113281,289.6634216308594,290.47637939453125,293.1499938964844,293.1499938964844,283.1499938964844,17982.35546875,18000.0,313.1499938964844,0.0,18000.0,1.0,0.0,0.0,0.0,1.0,0.476663589477539,1.0,0.0,0.0,0.5685023069381714,0.5685060024261475,2.1565419672242573e-08,4.265924453735352,4.265914440155029,9.78592834144365e-06,0.0,0.0,-0.0,3514.368896484375,0.0,26.16988754272461,1895.4371337890625,0.0,440.2805480957031,0.2576462626457214,1.0,0.0,3.0,1.0,0.0
11980380,297.1537780761719,297.1499938964844,293.1499938964844,0.0,-0.0,288.34088134765625,0.6706122159957886,0.284168392419815,0.2634458839893341,297.1255187988281,297.1499938964844,293.1499938964844,0.0,-0.0,288.34088134765625,0.8492625951766968,0.5917093753814697,0.5662699937820435,297.52301025390625,297.1499938964844,293.1499938964844,0.0,-0.0,288.34088134765625,0.8767725825309753,0.6542458534240723,0.4605381488800049,297.1829833984375,297.1499938964844,293.1499938964844,0.0,-0.0,288.34088134765625,0.7417640089988708,0.3873780071735382,0.3744329512119293,297.16778564453125,297.1499938964844,293.1499938964844,0.0,-0.0,288.34088134765625,0.6582732200622559,0.2688461244106293,1.2472574710845947,288.34088134765625,288.2980041503906,291.45001220703125,286.6656494140625,291.45001220703125,297.30615234375,288.3408508300781,1.0,0.7151240110397339,1.0,1.0,0.0,1.0,-3.4971275329589844,3.497117757797241,9.843676707532724e-06,2.7050907611846924,0.3662347197532654,0.3662347197532654,0.0,307.6923217773437,300.0,11009.341796875,-0.0,4284.2587890625,1.0,283.1499938964844,287.7693786621094,289.6640319824219,290.4774475097656,293.1499938964844,293.1499938964844,283.1499938964844,17982.669921875,18000.0,313.1499938964844,0.0,18000.0,1.0,0.0,0.0,0.0,1.0,0.4763431549072265,1.0,0.0,0.0,0.5697264671325684,0.5697301626205444,2.1658394189216785e-08,4.265924453735352,4.265914440155029,9.78592834144365e-06,0.0,0.0,-0.0,3520.761962890625,0.0,26.245752334594727,1895.4371337890625,0.0,439.4306335449219,0.2577910721302032,1.0,0.0,3.0,1.0,0.0
11980440,297.1537780761719,297.1499938964844,293.1499938964844,0.0,-0.0,288.34088134765625,0.6706122159957886,0.284168392419815,0.2634458839893341,297.1255187988281,297.1499938964844,293.1499938964844,0.0,-0.0,288.34088134765625,0.8492625951766968,0.5917093753814697,0.5662699937820435,297.52301025390625,297.1499938964844,293.1499938964844,0.0,-0.0,288.34088134765625,0.8767725825309753,0.6542458534240723,0.4605381488800049,297.1829833984375,297.1499938964844,293.1499938964844,0.0,-0.0,288.34088134765625,0.7417640089988708,0.3873780071735382,0.3744329512119293,297.16778564453125,297.1499938964844,293.1499938964844,0.0,-0.0,288.34088134765625,0.6582732200622559,0.2688461244106293,1.2472574710845947,288.34088134765625,288.2980041503906,291.45001220703125,286.6656494140625,291.45001220703125,297.30615234375,288.3408508300781,1.0,0.7151240110397339,1.0,1.0,0.0,1.0,-3.4971275329589844,3.497117757797241,9.843676707532724e-06,2.7050907611846924,0.3662347197532654,0.3662347197532654,0.0,307.6923217773437,300.0,11009.341796875,-0.0,4284.2587890625,1.0,283.1499938964844,287.7693786621094,289.6640319824219,290.4774475097656,293.1499938964844,293.1499938964844,283.1499938964844,17982.669921875,18000.0,313.1499938964844,0.0,18000.0,1.0,0.0,0.0,0.0,1.0,0.4763431549072265,1.0,0.0,0.0,0.5697264671325684,0.5697301626205444,2.1658394189216785e-08,4.265924453735352,4.265914440155029,9.78592834144365e-06,0.0,0.0,-0.0,3520.761962890625,0.0,26.245752334594727,1895.4371337890625,0.0,439.4306335449219,0.2577910721302032,1.0,0.0,3.0,1.0,0.0
11980500,297.15313720703125,297.1499938964844,293.1499938964844,0.0,-0.0,288.3401184082031,0.6712532639503479,0.2841284275054931,0.2633587419986725,297.1238708496094,297.1499938964844,293.1499938964844,0.0,-0.0,288.340087890625,0.8499298095703125,0.5913944840431213,0.5659241676330566,297.5218200683594,297.1499938964844,293.1499938964844,0.0,-0.0,288.340087890625,0.8786574602127075,0.6564910411834717,0.4620494544506073,297.18212890625,297.1499938964844,293.1499938964844,0.0,-0.0,288.3401184082031,0.7425146102905273,0.3875032067298889,0.3744980990886688,297.1673278808594,297.1499938964844,293.1499938964844,0.0,-0.0,288.3401184082031,0.6589687466621399,0.2689155042171478,1.2473117113113403,288.340087890625,288.2980041503906,291.45001220703125,286.6678466796875,291.45001220703125,297.30548095703125,288.34002685546875,1.0,0.7144076824188232,1.0,1.0,0.0,1.0,-3.4985721111297607,3.4985623359680176,9.852033144852612e-06,2.706289768218994,0.3665079474449157,0.3665079474449157,0.0,306.3866882324219,300.0,11017.8232421875,-0.0,4280.26123046875,1.0,283.1499938964844,287.7684631347656,289.6658630371094,290.4794311523437,293.1499938964844,293.1499938964844,283.1499938964844,17982.89453125,18000.0,313.1499938964844,0.0,18000.0,1.0,0.0,0.0,0.0,1.0,0.4761259257793426,1.0,0.0,0.0,0.5703252553939819,0.570328950881958,2.1703943531292683e-08,4.265924453735352,4.265914440155029,9.78592834144365e-06,0.0,0.0,-0.0,3523.98681640625,0.0,26.28298759460449,1895.4371337890625,0.0,438.8554992675781,0.2578622698783874,1.0,0.0,3.0,1.0,0.0
11980560,297.1526184082031,297.1499938964844,293.1499938964844,0.0,-0.0,288.3388671875,0.6726135015487671,0.284096360206604,0.2632210254669189,297.1223449707031,297.1499938964844,293.1499938964844,0.0,-0.0,288.3388366699219,0.8514554500579834,0.5910778045654297,0.5655174851417542,297.52069091796875,297.1499938964844,293.1499938964844,0.0,-0.0,288.3388366699219,0.8814874291419983,0.658736526966095,0.463517427444458,297.1813659667969,297.1499938964844,293.1499938964844,0.0,-0.0,288.3388366699219,0.7439864873886108,0.3876307010650635,0.3745056986808777,297.1669921875,297.1499938964844,293.1499938964844,0.0,-0.0,288.3388671875,0.6603491902351379,0.2689912021160126,1.2471084594726562,288.3388366699219,288.2980041503906,291.45001220703125,286.67108154296875,291.45001220703125,297.304931640625,288.3387451171875,1.0,0.7131019830703735,1.0,1.0,0.0,1.0,-3.499448776245117,3.499439001083374,9.857086297415664e-06,2.707010269165039,0.3667675852775574,0.3667675852775574,0.0,303.6216125488281,288.0,11025.419921875,-0.0,4266.04638671875,1.0,283.1499938964844,287.7672424316406,289.6687316894531,290.482421875,293.1499938964844,293.1499938964844,283.1499938964844,17983.322265625,18000.0,313.1499938964844,0.0,18000.0,1.0,0.0,0.0,0.0,1.0,0.4758692383766174,1.0,0.0,0.0,0.5708984732627869,0.5709021687507629,2.17475957242641e-08,4.265924453735352,4.265914440155029,9.78592834144365e-06,0.0,0.0,-0.0,3526.939208984375,0.0,26.31891441345215,1895.4371337890625,0.0,438.1767578125,0.2579314708709717,1.0,0.0,3.0,1.0,0.0
11980620,297.15191650390625,297.1499938964844,293.1499938964844,0.0,-0.0,288.3359680175781,0.6766749620437622,0.2840582728385925,0.2628787755966186,297.1195373535156,297.1499938964844,293.1499938964844,0.0,-0.0,288.3359069824219,0.8560985922813416,0.5904430747032166,0.5646075010299683,297.5187072753906,297.1499938964844,293.1499938964844,0.0,-0.0,288.3359069824219,0.8889054656028748,0.6632301807403564,0.4663850963115692,297.1800842285156,297.1499938964844,293.1499938964844,0.0,-0.0,288.3359375,0.74828040599823,0.3878971934318542,0.3744361102581024,297.1666259765625,297.1499938964844,293.1499938964844,0.0,-0.0,288.3359680175781,0.6644018888473511,0.2691684067249298,1.2463600635528564,288.3359069824219,288.2980041503906,291.45001220703125,286.680908203125,291.45001220703125,297.3041687011719,288.3358154296875,1.0,0.7092599272727966,1.0,1.0,0.0,1.0,-3.5004093647003174,3.500399351119995,9.862646948022302e-06,2.707807779312134,0.367253690958023,0.367253690958023,0.0,295.6604919433594,276.0,11039.140625,-0.0,4220.986328125,1.0,283.1499938964844,287.764404296875,289.6775817871094,290.4913024902344,293.1499938964844,293.1499938964844,283.1499938964844,17984.392578125,18000.0,313.1499938964844,0.0,18000.0,1.0,0.0,0.0,0.0,1.0,0.4752060174942016,1.0,0.0,0.0,0.5719771385192871,0.5719808340072632,2.1829853480426212e-08,4.265924453735352,4.265914440155029,9.78592834144365e-06,0.0,0.0,-0.0,3532.4716796875,0.0,26.386903762817383,1895.4371337890625,0.0,436.4281311035156,0.2580630481243133,1.0,0.0,3.0,1.0,0.0
11980680,297.15191650390625,297.1499938964844,293.1499938964844,0.0,-0.0,288.3359680175781,0.6766749620437622,0.2840582728385925,0.2628787755966186,297.1195373535156,297.1499938964844,293.1499938964844,0.0,-0.0,288.3359069824219,0.8560985922813416,0.5904430747032166,0.5646075010299683,297.5187072753906,297.1499938964844,293.1499938964844,0.0,-0.0,288.3359069824219,0.8889054656028748,0.6632301807403564,0.4663850963115692,297.1800842285156,297.1499938964844,293.1499938964844,0.0,-0.0,288.3359375,0.74828040599823,0.3878971934318542,0.3744361102581024,297.1666259765625,297.1499938964844,293.1499938964844,0.0,-0.0,288.3359680175781,0.6644018888473511,0.2691684067249298,1.2463600635528564,288.3359069824219,288.2980041503906,291.45001220703125,286.680908203125,291.45001220703125,297.3041687011719,288.3358154296875,1.0,0.7092599272727966,1.0,1.0,0.0,1.0,-3.5004093647003174,3.500399351119995,9.862646948022302e-06,2.707807779312134,0.367253690958023,0.367253690958023,0.0,295.6604919433594,276.0,11039.140625,-0.0,4220.986328125,1.0,283.1499938964844,287.764404296875,289.6775817871094,290.4913024902344,293.1499938964844,293.1499938964844,283.1499938964844,17984.392578125,18000.0,313.1499938964844,0.0,18000.0,1.0,0.0,0.0,0.0,1.0,0.4752060174942016,1.0,0.0,0.0,0.5719771385192871,0.5719808340072632,2.1829853480426212e-08,4.265924453735352,4.265914440155029,9.78592834144365e-06,0.0,0.0,-0.0,3532.4716796875,0.0,26.386903762817383,1895.4371337890625,0.0,436.4281311035156,0.2580630481243133,1.0,0.0,3.0,1.0,0.0
11980740,297.1517028808594,297.1499938964844,293.1499938964844,0.0,-0.0,288.3343811035156,0.6793288588523865,0.2840509712696075,0.2626814842224121,297.11822509765625,297.1499938964844,293.1499938964844,0.0,-0.0,288.3343200683594,0.8591607213020325,0.5901125073432922,0.5641010999679565,297.5177917480469,297.1499938964844,293.1499938964844,0.0,-0.0,288.3343200683594,0.8934712409973145,0.6655675172805786,0.4678526818752289,297.1795349121094,297.1499938964844,293.1499938964844,0.0,-0.0,288.3343505859375,0.7510684728622437,0.3880418241024017,0.37437304854393,297.1665954589844,297.1499938964844,293.1499938964844,0.0,-0.0,288.3343811035156,0.6670408844947815,0.2692747712135315,1.2458791732788086,288.3343505859375,288.2980041503906,291.45001220703125,286.68780517578125,291.45001220703125,297.3039245605469,288.334228515625,1.0,0.7068340182304382,1.0,1.0,0.0,1.0,-3.50067400932312,3.500664234161377,9.864180356089491e-06,2.7080278396606445,0.3674897849559784,0.3674897849559784,0.0,290.6797180175781,276.0,11045.6474609375,-0.0,4191.9052734375,1.0,283.1499938964844,287.76287841796875,289.6839294433594,290.4975891113281,293.1499938964844,293.1499938964844,283.1499938964844,17984.994140625,18000.0,313.1499938964844,0.0,18000.0,1.0,0.0,0.0,0.0,1.0,0.4747732877731323,1.0,0.0,0.0,0.5725030303001404,0.5725067257881165,2.187001157949453e-08,4.265924453735352,4.265914440155029,9.78592834144365e-06,0.0,0.0,-0.0,3535.298583984375,0.0,26.42017936706543,1895.4371337890625,0.0,435.291015625,0.2581276595592499,1.0,0.0,3.0,1.0,0.0
11980800,297.151611328125,297.1499938964844,293.1499938964844,0.0,-0.0,288.3329467773437,0.6820287704467773,0.2840502560138702,0.2624939084053039,297.1170654296875,297.1499938964844,293.1499938964844,0.0,-0.0,288.3328857421875,0.8622915744781494,0.5898067355155945,0.5636212825775146,297.5169677734375,297.1499938964844,293.1499938964844,0.0,-0.0,288.3328857421875,0.898009717464447,0.6677242517471313,0.4691983759403229,297.1790771484375,297.1499938964844,293.1499938964844,0.0,-0.0,288.3329162597656,0.7539069056510925,0.388178288936615,0.3743059337139129,297.1666259765625,297.1499938964844,293.1499938964844,0.0,-0.0,288.3329467773437,0.6697282791137695,0.2693808376789093,1.2454148530960083,288.3328857421875,288.2980041503906,291.45001220703125,286.6953430175781,291.45001220703125,297.30377197265625,288.3327941894531,1.0,0.704436719417572,1.0,1.0,0.0,1.0,-3.500850915908813,3.500840902328491,9.865196261671372e-06,2.7081716060638428,0.3676984906196594,0.3676984906196594,0.0,285.7760009765625,264.0,11051.35546875,-0.0,4163.0517578125,1.0,283.1499938964844,287.761474609375,289.6908874511719,290.50445556640625,293.1499938964844,293.1499938964844,283.1499938964844,17985.55078125,18000.0,313.1499938964844,0.0,18000.0,1.0,0.0,0.0,0.0,1.0,0.4743167161941528,1.0,0.0,0.0,0.5729686617851257,0.5729723572731018,2.19056044414856e-08,4.265924453735352,4.265914440155029,9.78592834144365e-06,0.0,0.0,-0.0,3537.928466796875,0.0,26.44969749450684,1895.4371337890625,0.0,434.0945129394531,0.2581849992275238,1.0,0.0,3.0,1.0,0.0
11980860,297.15155029296875,297.1499938964844,293.1499938964844,0.0,-0.0,288.32989501953125,0.6883367896080017,0.2840641438961029,0.262093722820282,297.1148681640625,297.1499938964844,293.1499938964844,0.0,-0.0,288.3298645019531,0.8696662783622742,0.5891662240028381,0.5625933408737183,297.5154113769531,297.1499938964844,293.1499938964844,0.0,-0.0,288.329833984375,0.9085280895233154,0.6722121238708496,0.4719798266887665,297.1783142089844,297.1499938964844,293.1499938964844,0.0,-0.0,288.3298645019531,0.7605730295181274,0.3884695172309875,0.3741477727890014,297.1669616699219,297.1499938964844,293.1499938964844,0.0,-0.0,288.32989501953125,0.6760289669036865,0.2696241736412048,1.2444299459457395,288.3298645019531,288.2986145019531,291.4494934082031,286.7117614746094,291.44952392578125,297.3036193847656,288.3297424316406,1.0,0.6990935206413269,1.0,1.0,0.0,1.0,-3.50110387802124,3.501094102859497,9.866617801890245e-06,2.7083656787872314,0.3680917620658874,0.3680917620658874,0.0,274.8988037109375,252.0,11061.5751953125,-0.0,4098.6806640625,1.0,283.1499938964844,287.7585754394531,289.7081604003906,290.521728515625,293.1499938964844,293.1499938964844,283.1499938964844,17986.919921875,18000.0,313.1499938964844,0.0,18000.0,1.0,0.0,0.0,0.0,1.0,0.4735490083694458,1.0,0.0,0.0,0.5738602876663208,0.5738639831542969,2.197383253133012e-08,4.265924453735352,4.265914440155029,9.78592834144365e-06,0.0,0.0,-0.0,3543.259765625,0.0,26.50662040710449,1895.4371337890625,0.0,432.0901794433594,0.2582961916923523,1.0,0.0,3.0,1.0,0.0
11980920,297.15155029296875,297.1499938964844,293.1499938964844,0.0,-0.0,288.32989501953125,0.6883367896080017,0.2840641438961029,0.262093722820282,297.1148681640625,297.1499938964844,293.1499938964844,0.0,-0.0,288.3298645019531,0.8696662783622742,0.5891662240028381,0.5625933408737183,297.5154113769531,297.1499938964844,293.1499938964844,0.0,-0.0,288.329833984375,0.9085280895233154,0.6722121238708496,0.4719798266887665,297.1783142089844,297.1499938964844,293.1499938964844,0.0,-0.0,288.3298645019531,0.7605730295181274,0.3884695172309875,0.3741477727890014,297.1669616699219,297.1499938964844,293.1499938964844,0.0,-0.0,288.32989501953125,0.6760289669036865,0.2696241736412048,1.2444299459457395,288.3298645019531,288.2986145019531,291.4494934082031,286.7117614746094,291.44952392578125,297.3036193847656,288.3297424316406,1.0,0.6990935206413269,1.0,1.0,0.0,1.0,-3.50110387802124,3.501094102859497,9.866617801890245e-06,2.7083656787872314,0.3680917620658874,0.3680917620658874,0.0,274.8988037109375,252.0,11061.5751953125,-0.0,4098.6806640625,1.0,283.1499938964844,287.7585754394531,289.7081604003906,290.521728515625,293.1499938964844,293.1499938964844,283.1499938964844,17986.919921875,18000.0,313.1499938964844,0.0,18000.0,1.0,0.0,0.0,0.0,1.0,0.4735490083694458,1.0,0.0,0.0,0.5738602876663208,0.5738639831542969,2.197383253133012e-08,4.265924453735352,4.265914440155029,9.78592834144365e-06,0.0,0.0,-0.0,3543.259765625,0.0,26.50662040710449,1895.4371337890625,0.0,432.0901794433594,0.2582961916923523,1.0,0.0,3.0,1.0,0.0
11980980,297.151611328125,297.1499938964844,293.1499938964844,0.0,-0.0,288.3266906738281,0.6954368352890015,0.2840917706489563,0.2616885602474212,297.11285400390625,297.1499938964844,293.1499938964844,0.0,-0.0,288.3266296386719,0.8780696988105774,0.5885167717933655,0.56153804063797,297.51385498046875,297.1499938964844,293.1499938964844,0.0,-0.0,288.3266296386719,0.9210635423660278,0.6766846776008606,0.4747370779514313,297.1777038574219,297.1499938964844,293.1499938964844,0.0,-0.0,288.32666015625,0.7681658267974854,0.3887646496295929,0.3739747107028961,297.16748046875,297.1499938964844,293.1499938964844,0.0,-0.0,288.3266906738281,0.6831672191619873,0.2698921263217926,1.2434675693511963,288.3266296386719,288.3005065917969,291.4479675292969,286.7272644042969,291.4480285644531,297.3036193847656,288.3265380859375,1.0,0.6934633851051331,1.0,1.0,0.0,1.0,-3.501297950744629,3.5012881755828857,9.867663720797282e-06,2.708498239517212,0.3684063255786896,0.3684063255786896,0.0,263.50732421875,240.0,11068.5498046875,-0.0,4031.07421875,1.0,283.1499938964844,287.75555419921875,289.72625732421875,290.5404968261719,293.1499938964844,293.1499938964844,283.1499938964844,17988.85546875,18000.0,313.1499938964844,0.0,18000.0,1.0,0.0,0.0,0.0,1.0,0.4733487963676452,1.0,0.0,0.0,0.5745972394943237,0.5746009349822998,2.203030469161149e-08,4.265924453735352,4.265914440155029,9.78592834144365e-06,0.0,0.0,-0.0,3547.63671875,0.0,26.554672241210938,1895.4371337890625,0.0,431.5690002441406,0.2583918571472168,1.0,0.0,3.0,1.0,0.0
11981040,297.151611328125,297.1499938964844,293.1499938964844,0.0,-0.0,288.3266906738281,0.6954368352890015,0.2840917706489563,0.2616885602474212,297.11285400390625,297.1499938964844,293.1499938964844,0.0,-0.0,288.3266296386719,0.8780696988105774,0.5885167717933655,0.56153804063797,297.51385498046875,297.1499938964844,293.1499938964844,0.0,-0.0,288.3266296386719,0.9210635423660278,0.6766846776008606,0.4747370779514313,297.1777038574219,297.1499938964844,293.1499938964844,0.0,-0.0,288.32666015625,0.7681658267974854,0.3887646496295929,0.3739747107028961,297.16748046875,297.1499938964844,293.1499938964844,0.0,-0.0,288.3266906738281,0.6831672191619873,0.2698921263217926,1.2434675693511963,288.3266296386719,288.3005065917969,291.4479675292969,286.7272644042969,291.4480285644531,297.3036193847656,288.3265380859375,1.0,0.6934633851051331,1.0,1.0,0.0,1.0,-3.501297950744629,3.5012881755828857,9.867663720797282e-06,2.708498239517212,0.3684063255786896,0.3684063255786896,0.0,263.50732421875,240.0,11068.5498046875,-0.0,4031.07421875,1.0,283.1499938964844,287.75555419921875,289.72625732421875,290.5404968261719,293.1499938964844,293.1499938964844,283.1499938964844,17988.85546875,18000.0,313.1499938964844,0.0,18000.0,1.0,0.0,0.0,0.0,1.0,0.4733487963676452,1.0,0.0,0.0,0.5745972394943237,0.5746009349822998,2.203030469161149e-08,4.265924453735352,4.265914440155029,9.78592834144365e-06,0.0,0.0,-0.0,3547.63671875,0.0,26.554672241210938,1895.4371337890625,0.0,431.5690002441406,0.2583918571472168,1.0,0.0,3.0,1.0,0.0
11981100,297.15167236328125,297.1499938964844,293.1499938964844,0.0,-0.0,288.3250427246094,0.699258029460907,0.2841088473796844,0.2614853084087372,297.1119079589844,297.1499938964844,293.1499938964844,0.0,-0.0,288.32501220703125,0.8826395273208618,0.588187575340271,0.5610021352767944,297.5130920410156,297.1499938964844,293.1499938964844,0.0,-0.0,288.32501220703125,0.9279293417930604,0.6789131164550781,0.4761074185371399,297.17742919921875,297.1499938964844,293.1499938964844,0.0,-0.0,288.3250427246094,0.7722991704940796,0.3889120519161224,0.3738841712474823,297.16778564453125,297.1499938964844,293.1499938964844,0.0,-0.0,288.3250732421875,0.6870302557945251,0.270033448934555,1.2430014610290527,288.32501220703125,288.30194091796875,291.4468078613281,286.73468017578125,291.4468688964844,297.3036193847656,288.32489013671875,1.0,0.6905814409255981,1.0,1.0,0.0,1.0,-3.501387596130371,3.501377820968628,9.868130291579291e-06,2.7085533142089844,0.3685284554958343,0.3685284554958343,0.0,257.7034912109375,240.0,11070.68359375,-0.0,3996.60302734375,1.0,283.1499938964844,287.7539978027344,289.7347717285156,290.54949951171875,293.1499938964844,293.1499938964844,283.1499938964844,17990.03515625,18000.0,313.1499938964844,0.0,18000.0,1.0,0.0,0.0,0.0,1.0,0.4734214246273041,1.0,0.0,0.0,0.5748945474624634,0.5748982429504395,2.205310956071571e-08,4.265924453735352,4.265914440155029,9.78592834144365e-06,0.0,0.0,-0.0,3549.309814453125,0.0,26.57454299926757,1895.4371337890625,0.0,431.7579650878906,0.2584322988986969,1.0,0.0,3.0,1.0,0.0
11981160,297.1517639160156,297.1499938964844,293.1499938964844,0.0,-0.0,288.32342529296875,0.7032527923583984,0.284127414226532,0.2612819671630859,297.1109924316406,297.1499938964844,293.1499938964844,0.0,-0.0,288.3233947753906,0.8874532580375671,0.5878552198410034,0.560461699962616,297.5122985839844,297.1499938964844,293.1499938964844,0.0,-0.0,288.3233642578125,0.9350767731666564,0.6811356544494629,0.4774726033210754,297.1771545410156,297.1499938964844,293.1499938964844,0.0,-0.0,288.3233947753906,0.7766579389572144,0.3890587985515594,0.3737915158271789,297.1681213378906,297.1499938964844,293.1499938964844,0.0,-0.0,288.32342529296875,0.6910842657089233,0.2701787948608398,1.2425464391708374,288.3233947753906,288.3036804199219,291.4454040527344,286.74188232421875,291.4454650878906,297.3036193847656,288.3232727050781,1.0,0.68766850233078,1.0,1.0,0.0,1.0,-3.501476287841797,3.5014662742614746,9.86858140095137e-06,2.708604335784912,0.3686248958110809,0.3686248958110809,0.0,251.8560791015625,228.0,11071.8623046875,-0.0,3961.866943359375,1.0,283.1499938964844,287.75250244140625,289.7427673339844,290.55792236328125,293.1499938964844,293.1499938964844,283.1499938964844,17991.345703125,18000.0,313.1499938964844,0.0,18000.0,1.0,0.0,0.0,0.0,1.0,0.4735579788684845,1.0,0.0,0.0,0.5751396417617798,0.5751433372497559,2.2071915850574442e-08,4.265924453735352,4.265914440155029,9.78592834144365e-06,0.0,0.0,-0.0,3550.604248046875,0.0,26.591327667236328,1895.4371337890625,0.0,432.113525390625,0.2584671676158905,1.0,0.0,3.0,1.0,0.0
11981220,297.1519470214844,297.1499938964844,293.1499938964844,0.0,-0.0,288.3202514648437,0.7117007374763489,0.2841679751873016,0.2608755528926849,297.1092224121094,297.1499938964844,293.1499938964844,0.0,-0.0,288.3201904296875,0.8978304862976074,0.5871809124946594,0.5593685507774353,297.5107116699219,297.1499938964844,293.1499938964844,0.0,-0.0,288.3201904296875,0.9498989582061768,0.685562252998352,0.4801878333091736,297.1766357421875,297.1499938964844,293.1499938964844,0.0,-0.0,288.3202209472656,0.7860720157623291,0.389349490404129,0.3736005425453186,297.1688232421875,297.1499938964844,293.1499938964844,0.0,-0.0,288.3202514648437,0.6997676491737366,0.2704799473285675,1.24167001247406,288.3202209472656,288.30816650390625,291.4418029785156,286.7555847167969,291.44189453125,297.3036193847656,288.3200988769531,1.0,0.6817721128463745,1.0,1.0,0.0,1.0,-3.5016543865203857,3.5016446113586426,9.869465429801494e-06,2.708698034286499,0.3687342405319214,0.3687342405319214,0.0,240.0774383544922,216.0,11071.1640625,-0.0,3891.890625,1.0,283.1499938964844,287.74951171875,289.7571105957031,290.5729675292969,293.1499938964844,293.1499938964844,283.1499938964844,17994.345703125,18000.0,313.1499938964844,0.0,18000.0,1.0,0.0,0.0,0.0,1.0,0.4738821983337402,1.0,0.0,0.0,0.5754576325416565,0.5754613280296326,2.209633365168884e-08,4.265924453735352,4.265914440155029,9.78592834144365e-06,0.0,0.0,-0.0,3551.984619140625,0.0,26.614652633666992,1895.4371337890625,0.0,432.95892333984375,0.2585183382034302,1.0,0.0,3.0,1.0,0.0
11981280,297.1519470214844,297.1499938964844,293.1499938964844,0.0,-0.0,288.3202514648437,0.7117007374763489,0.2841679751873016,0.2608755528926849,297.1092224121094,297.1499938964844,293.1499938964844,0.0,-0.0,288.3201904296875,0.8978304862976074,0.5871809124946594,0.5593685507774353,297.5107116699219,297.1499938964844,293.1499938964844,0.0,-0.0,288.3201904296875,0.9498989582061768,0.685562252998352,0.4801878333091736,297.1766357421875,297.1499938964844,293.1499938964844,0.0,-0.0,288.3202209472656,0.7860720157623291,0.389349490404129,0.3736005425453186,297.1688232421875,297.1499938964844,293.1499938964844,0.0,-0.0,288.3202514648437,0.6997676491737366,0.2704799473285675,1.24167001247406,288.3202209472656,288.30816650390625,291.4418029785156,286.7555847167969,291.44189453125,297.3036193847656,288.3200988769531,1.0,0.6817721128463745,1.0,1.0,0.0,1.0,-3.5016543865203857,3.5016446113586426,9.869465429801494e-06,2.708698034286499,0.3687342405319214,0.3687342405319214,0.0,240.0774383544922,216.0,11071.1640625,-0.0,3891.890625,1.0,283.1499938964844,287.74951171875,289.7571105957031,290.5729675292969,293.1499938964844,293.1499938964844,283.1499938964844,17994.345703125,18000.0,313.1499938964844,0.0,18000.0,1.0,0.0,0.0,0.0,1.0,0.4738821983337402,1.0,0.0,0.0,0.5754576325416565,0.5754613280296326,2.209633365168884e-08,4.265924453735352,4.265914440155029,9.78592834144365e-06,0.0,0.0,-0.0,3551.984619140625,0.0,26.614652633666992,1895.4371337890625,0.0,432.95892333984375,0.2585183382034302,1.0,0.0,3.0,1.0,0.0
11981340,297.1521301269531,297.1499938964844,293.1499938964844,0.0,-0.0,288.3172607421875,0.7203572392463684,0.2842121720314026,0.2604700922966003,297.1075439453125,297.1499938964844,293.1499938964844,0.0,-0.0,288.31719970703125,0.9095196723937988,0.5864940285682678,0.5582608580589294,297.509033203125,297.1499938964844,293.1499938964844,0.0,-0.0,288.31719970703125,0.9649513363838196,0.6899617910385132,0.4828824698925018,297.1761169433594,297.1499938964844,293.1499938964844,0.0,-0.0,288.3172302246094,0.7964665293693542,0.3896354734897613,0.3734026849269867,297.1695861816406,297.1499938964844,293.1499938964844,0.0,-0.0,288.3172607421875,0.7092353701591492,0.2707936465740204,1.2408390045166016,288.31719970703125,288.3139038085937,291.4371643066406,286.76837158203125,291.437255859375,297.3035888671875,288.3171081542969,1.0,0.6758029460906982,1.0,1.0,0.0,1.0,-3.501837968826294,3.501827955245972,9.870348549156915e-06,2.708784580230713,0.3687184751033783,0.3687184751033783,0.0,228.23065185546875,204.0,11066.029296875,-0.0,3821.512451171875,1.0,283.1499938964844,287.7467346191406,289.7694091796875,290.5855407714844,293.1499938964844,293.1499938964844,283.1499938964844,17997.826171875,18000.0,313.1499938964844,0.0,18000.0,1.0,0.0,0.0,0.0,1.0,0.4740997850894928,1.0,0.0,0.0,0.5755153298377991,0.5755190253257751,2.2100763885646305e-08,4.265924453735352,4.265914440155029,9.78592834144365e-06,0.0,0.0,-0.0,3551.656494140625,0.0,26.62234687805176,1895.4371337890625,0.0,433.5271606445313,0.2585409879684448,1.0,0.0,3.0,1.0,0.0
11981400,297.1521301269531,297.1499938964844,293.1499938964844,0.0,-0.0,288.3172607421875,0.7203572392463684,0.2842121720314026,0.2604700922966003,297.1075439453125,297.1499938964844,293.1499938964844,0.0,-0.0,288.31719970703125,0.9095196723937988,0.5864940285682678,0.5582608580589294,297.509033203125,297.1499938964844,293.1499938964844,0.0,-0.0,288.31719970703125,0.9649513363838196,0.6899617910385132,0.4828824698925018,297.1761169433594,297.1499938964844,293.1499938964844,0.0,-0.0,288.3172302246094,0.7964665293693542,0.3896354734897613,0.3734026849269867,297.1695861816406,297.1499938964844,293.1499938964844,0.0,-0.0,288.3172607421875,0.7092353701591492,0.2707936465740204,1.2408390045166016,288.31719970703125,288.3139038085937,291.4371643066406,286.76837158203125,291.437255859375,297.3035888671875,288.3171081542969,1.0,0.6758029460906982,1.0,1.0,0.0,1.0,-3.501837968826294,3.501827955245972,9.870348549156915e-06,2.708784580230713,0.3687184751033783,0.3687184751033783,0.0,228.23065185546875,204.0,11066.029296875,-0.0,3821.512451171875,1.0,283.1499938964844,287.7467346191406,289.7694091796875,290.5855407714844,293.1499938964844,293.1499938964844,283.1499938964844,17997.826171875,18000.0,313.1499938964844,0.0,18000.0,1.0,0.0,0.0,0.0,1.0,0.4740997850894928,1.0,0.0,0.0,0.5755153298377991,0.5755190253257751,2.2100763885646305e-08,4.265924453735352,4.265914440155029,9.78592834144365e-06,0.0,0.0,-0.0,3551.656494140625,0.0,26.62234687805176,1895.4371337890625,0.0,433.5271606445313,0.2585409879684448,1.0,0.0,3.0,1.0,0.0
11981460,297.15234375,297.1499938964844,293.1499938964844,0.0,-0.0,288.31451416015625,0.7295110821723938,0.2842595875263214,0.2600662410259247,297.10595703125,297.1499938964844,293.1499938964844,0.0,-0.0,288.3144836425781,0.9235708117485046,0.5857955813407898,0.5571406483650208,297.5072937011719,297.1499938964844,293.1499938964844,0.0,-0.0,288.3144836425781,0.9797303676605223,0.6943328976631165,0.4855564534664154,297.1756286621094,297.1499938964844,293.1499938964844,0.0,-0.0,288.31451416015625,0.8078900575637817,0.3899165093898773,0.3731988072395324,297.1703186035156,297.1499938964844,293.1499938964844,0.0,-0.0,288.3145446777344,0.7190294861793518,0.2711187303066253,1.2400532960891724,288.3144836425781,288.32098388671875,291.43145751953125,286.7802429199219,291.4315795898437,297.3034973144531,288.3143920898437,1.0,0.6697772741317749,1.0,1.0,0.0,1.0,-3.502030611038208,3.502020835876465,9.871258043858688e-06,2.708868741989136,0.3685643970966339,0.3685643970966339,0.0,216.3483123779297,192.0,11056.1025390625,-0.0,3750.9375,1.0,283.1499938964844,287.7442321777344,289.7802429199219,290.5960998535156,293.1499938964844,293.1499938964844,283.1499938964844,18001.744140625,18000.0,313.1499938964844,0.0,18000.0,1.0,0.0,0.0,0.0,1.0,0.4741007387638092,1.0,0.0,0.0,0.5752829313278198,0.5752866268157959,2.2082915052124008e-08,4.265924453735352,4.265914440155029,9.78592834144365e-06,0.0,0.0,-0.0,3549.574951171875,0.0,26.61250114440918,1895.4371337890625,0.0,433.5296936035156,0.2585313618183136,1.0,0.0,3.0,1.0,0.0
11981520,297.15234375,297.1499938964844,293.1499938964844,0.0,-0.0,288.31451416015625,0.7295110821723938,0.2842595875263214,0.2600662410259247,297.10595703125,297.1499938964844,293.1499938964844,0.0,-0.0,288.3144836425781,0.9235708117485046,0.5857955813407898,0.5571406483650208,297.5072937011719,297.1499938964844,293.1499938964844,0.0,-0.0,288.3144836425781,0.9797303676605223,0.6943328976631165,0.4855564534664154,297.1756286621094,297.1499938964844,293.1499938964844,0.0,-0.0,288.31451416015625,0.8078900575637817,0.3899165093898773,0.3731988072395324,297.1703186035156,297.1499938964844,293.1499938964844,0.0,-0.0,288.3145446777344,0.7190294861793518,0.2711187303066253,1.2400532960891724,288.3144836425781,288.32098388671875,291.43145751953125,286.7802429199219,291.4315795898437,297.3034973144531,288.3143920898437,1.0,0.6697772741317749,1.0,1.0,0.0,1.0,-3.502030611038208,3.502020835876465,9.871258043858688e-06,2.708868741989136,0.3685643970966339,0.3685643970966339,0.0,216.3483123779297,192.0,11056.1025390625,-0.0,3750.9375,1.0,283.1499938964844,287.7442321777344,289.7802429199219,290.5960998535156,293.1499938964844,293.1499938964844,283.1499938964844,18001.744140625,18000.0,313.1499938964844,0.0,18000.0,1.0,0.0,0.0,0.0,1.0,0.4741007387638092,1.0,0.0,0.0,0.5752829313278198,0.5752866268157959,2.2082915052124008e-08,4.265924453735352,4.265914440155029,9.78592834144365e-06,0.0,0.0,-0.0,3549.574951171875,0.0,26.61250114440918,1895.4371337890625,0.0,433.5296936035156,0.2585313618183136,1.0,0.0,3.0,1.0,0.0
11981580,297.1525573730469,297.1499938964844,293.1499938964844,0.0,-0.0,288.3121643066406,0.7396554946899414,0.2843104600906372,0.2596646547317505,297.1044616699219,297.1499938964844,293.1499938964844,0.0,-0.0,288.3121337890625,0.9395315647125244,0.5850867629051208,0.5560096502304077,297.5054931640625,297.1499938964844,293.1499938964844,0.0,-0.0,288.3121337890625,0.993804097175598,0.6986749172210693,0.4882095754146576,297.1751403808594,297.1499938964844,293.1499938964844,0.0,-0.0,288.3121643066406,0.819853663444519,0.3901928067207336,0.3729895949363708,297.1711120605469,297.1499938964844,293.1499938964844,0.0,-0.0,288.3121643066406,0.729308009147644,0.2714549303054809,1.239313721656799,288.3121337890625,288.32940673828125,291.4246826171875,286.7911376953125,291.4248046875,297.3033752441406,288.31207275390625,1.0,0.6637041568756104,1.0,1.0,0.0,1.0,-3.50223708152771,3.502227306365967,9.87222301773727e-06,2.7089555263519287,0.3682595491409302,0.3682595491409302,0.0,204.4465789794922,180.0,11041.052734375,-0.0,3680.27294921875,1.0,283.1499938964844,287.7420959472656,289.7900085449219,290.6051330566406,293.1499938964844,293.1499938964844,283.1499938964844,18006.056640625,18000.0,313.1499938964844,0.0,18000.0,1.0,0.0,0.0,0.0,1.0,0.473866730928421,1.0,0.0,0.0,0.5747328400611877,0.5747365355491638,2.2040705260906186e-08,4.265924453735352,4.265914440155029,9.78592834144365e-06,0.0,0.0,-0.0,3545.6865234375,0.0,26.58336639404297,1895.4371337890625,0.0,432.9184875488281,0.2584861218929291,1.0,0.0,3.0,1.0,0.0
11981640,297.1525573730469,297.1499938964844,293.1499938964844,0.0,-0.0,288.3121643066406,0.7396554946899414,0.2843104600906372,0.2596646547317505,297.1044616699219,297.1499938964844,293.1499938964844,0.0,-0.0,288.3121337890625,0.9395315647125244,0.5850867629051208,0.5560096502304077,297.5054931640625,297.1499938964844,293.1499938964844,0.0,-0.0,288.3121337890625,0.993804097175598,0.6986749172210693,0.4882095754146576,297.1751403808594,297.1499938964844,293.1499938964844,0.0,-0.0,288.3121643066406,0.819853663444519,0.3901928067207336,0.3729895949363708,297.1711120605469,297.1499938964844,293.1499938964844,0.0,-0.0,288.3121643066406,0.729308009147644,0.2714549303054809,1.239313721656799,288.3121337890625,288.32940673828125,291.4246826171875,286.7911376953125,291.4248046875,297.3033752441406,288.31207275390625,1.0,0.6637041568756104,1.0,1.0,0.0,1.0,-3.50223708152771,3.502227306365967,9.87222301773727e-06,2.7089555263519287,0.3682595491409302,0.3682595491409302,0.0,204.4465789794922,180.0,11041.052734375,-0.0,3680.27294921875,1.0,283.1499938964844,287.7420959472656,289.7900085449219,290.6051330566406,293.1499938964844,293.1499938964844,283.1499938964844,18006.056640625,18000.0,313.1499938964844,0.0,18000.0,1.0,0.0,0.0,0.0,1.0,0.473866730928421,1.0,0.0,0.0,0.5747328400611877,0.5747365355491638,2.2040705260906186e-08,4.265924453735352,4.265914440155029,9.78592834144365e-06,0.0,0.0,-0.0,3545.6865234375,0.0,26.58336639404297,1895.4371337890625,0.0,432.9184875488281,0.2584861218929291,1.0,0.0,3.0,1.0,0.0
11981700,297.1526184082031,297.1499938964844,293.1499938964844,0.0,-0.0,288.3110046386719,0.7450039982795715,0.2843333184719085,0.2594738900661468,297.1037292480469,297.1499938964844,293.1499938964844,0.0,-0.0,288.3109741210937,0.947627067565918,0.5847247838973999,0.5554500222206116,297.5049133300781,297.1499938964844,293.1499938964844,0.0,-0.0,288.3109741210937,0.9990000128746032,0.7008695602416992,0.4884079992771148,297.17486572265625,297.1499938964844,293.1499938964844,0.0,-0.0,288.3110046386719,0.8258686065673828,0.3903252780437469,0.3728926479816437,297.17144775390625,297.1499938964844,293.1499938964844,0.0,-0.0,288.3110046386719,0.7346007823944092,0.2716235518455505,1.2390071153640747,288.3109741210937,288.3341064453125,291.4208679199219,286.7962341308594,291.4210205078125,297.3033447265625,288.31085205078125,1.0,0.6605831980705261,1.0,1.0,0.0,1.0,-3.501164436340332,3.5011544227600098,9.866419532045256e-06,2.70821475982666,0.368043303489685,0.368043303489685,0.0,198.7075653076172,180.0,11030.4130859375,-0.0,3643.2412109375,1.0,283.1499938964844,287.7411193847656,289.7945556640625,290.609130859375,293.1499938964844,293.1499938964844,283.1499938964844,18008.384765625,18000.0,313.1499938964844,0.0,18000.0,1.0,0.0,0.0,0.0,1.0,0.4736655652523041,1.0,0.0,0.0,0.5743256211280823,0.5743293762207031,2.2009485789453723e-08,4.265924453735352,4.265914440155029,9.78592834144365e-06,0.0,0.0,-0.0,3542.965576171875,0.0,26.560791015625,1895.4371337890625,0.0,432.3938598632813,0.2584486901760101,1.0,0.0,3.0,1.0,0.0
11981760,297.1522827148437,297.1499938964844,293.1499938964844,0.0,-0.0,288.3066711425781,0.7489494681358337,0.2843175828456878,0.2593306005001068,297.10260009765625,297.1499938964844,293.1499938964844,0.0,-0.0,288.3064880371094,0.9533106684684752,0.584321916103363,0.5549393892288208,297.5099792480469,297.1499938964844,293.1499938964844,0.0,-0.0,288.30645751953125,0.9990000128746032,0.7036105990409851,0.4807794690132141,297.1742248535156,297.1499938964844,293.1499938964844,0.0,-0.0,288.3065795898437,0.8302555084228516,0.3904193937778473,0.3728452622890472,297.1714782714844,297.1499938964844,293.1499938964844,0.0,-0.0,288.3066711425781,0.7385130524635315,0.2717607617378235,1.2389544248580933,288.3064880371094,288.3391418457031,291.41680908203125,286.8011169433594,291.4169616699219,297.30523681640625,288.30596923828125,1.0,0.6569035053253174,1.0,1.0,0.0,1.0,-3.4910452365875244,3.491035223007202,9.809908078750595e-06,2.700548887252808,0.3677329421043396,0.3677329421043396,0.0,194.28347778320312,183.0,11007.3193359375,-0.0,3592.16064453125,1.0,283.1499938964844,287.7389831542969,289.7988586425781,290.6127014160156,293.1499938964844,293.1499938964844,283.1499938964844,18011.677734375,18000.0,313.1499938964844,0.0,18000.0,1.0,0.0,0.0,0.0,1.0,0.473415732383728,1.0,0.0,0.0,0.5737748742103577,0.5737785696983337,2.196729198544745e-08,4.265924453735352,4.265914440155029,9.78592834144365e-06,0.0,0.0,-0.0,3538.46728515625,0.0,26.53043937683105,1895.4371337890625,0.0,431.74310302734375,0.2583983242511749,1.0,0.0,3.0,1.0,0.0
11981820,297.1515808105469,297.1499938964844,293.1499938964844,0.0,-0.0,288.2980651855469,0.7528978586196899,0.28427454829216,0.2591532468795776,297.1003112792969,297.1499938964844,293.1499938964844,0.0,-0.0,288.2979736328125,0.9585735201835632,0.5834880471229553,0.5540187358856201,297.53192138671875,297.1499938964844,293.1499938964844,0.0,-0.0,288.2979736328125,0.9990000128746032,0.7103935480117798,0.4726473987102508,297.17291259765625,297.1499938964844,293.1499938964844,0.0,-0.0,288.2980041503906,0.8346905708312988,0.3905931413173675,0.372864156961441,297.1718444824219,297.1499938964844,293.1499938964844,0.0,-0.0,288.2980651855469,0.7425745725631714,0.2720686793327331,1.23957097530365,288.2979736328125,288.3502502441406,291.4078674316406,286.8100891113281,291.40802001953125,297.31640625,288.2977905273437,1.0,0.653664767742157,1.0,1.0,0.0,1.0,-3.480673789978028,3.480664014816284,9.75077273324132e-06,2.692181348800659,0.366896778345108,0.366896778345108,0.0,189.97964477539065,186.0,10966.4501953125,-0.0,3541.45849609375,1.0,283.1499938964844,287.7325439453125,289.8059997558594,290.6172180175781,293.1499938964844,293.1499938964844,283.1499938964844,18019.68359375,18000.0,313.1499938964844,0.0,18000.0,1.0,0.0,0.0,0.0,1.0,0.4726144969463348,1.0,0.0,0.0,0.5721473097801208,0.5721510052680969,2.1842842201635904e-08,4.265924453735352,4.265914440155029,9.78592834144365e-06,0.0,0.0,-0.0,3524.298095703125,0.0,26.438831329345703,1895.4371337890625,0.0,429.6629638671875,0.2582436501979828,1.0,0.0,3.0,1.0,0.0
11981880,297.1515808105469,297.1499938964844,293.1499938964844,0.0,-0.0,288.2980651855469,0.7528978586196899,0.28427454829216,0.2591532468795776,297.1003112792969,297.1499938964844,293.1499938964844,0.0,-0.0,288.2979736328125,0.9585735201835632,0.5834880471229553,0.5540187358856201,297.53192138671875,297.1499938964844,293.1499938964844,0.0,-0.0,288.2979736328125,0.9990000128746032,0.7103935480117798,0.4726473987102508,297.17291259765625,297.1499938964844,293.1499938964844,0.0,-0.0,288.2980041503906,0.8346905708312988,0.3905931413173675,0.372864156961441,297.1718444824219,297.1499938964844,293.1499938964844,0.0,-0.0,288.2980651855469,0.7425745725631714,0.2720686793327331,1.23957097530365,288.2979736328125,288.3502502441406,291.4078674316406,286.8100891113281,291.40802001953125,297.31640625,288.2977905273437,1.0,0.653664767742157,1.0,1.0,0.0,1.0,-3.480673789978028,3.480664014816284,9.75077273324132e-06,2.692181348800659,0.366896778345108,0.366896778345108,0.0,189.97964477539065,186.0,10966.4501953125,-0.0,3541.45849609375,1.0,283.1499938964844,287.7325439453125,289.8059997558594,290.6172180175781,293.1499938964844,293.1499938964844,283.1499938964844,18019.68359375,18000.0,313.1499938964844,0.0,18000.0,1.0,0.0,0.0,0.0,1.0,0.4726144969463348,1.0,0.0,0.0,0.5721473097801208,0.5721510052680969,2.1842842201635904e-08,4.265924453735352,4.265914440155029,9.78592834144365e-06,0.0,0.0,-0.0,3524.298095703125,0.0,26.438831329345703,1895.4371337890625,0.0,429.6629638671875,0.2582436501979828,1.0,0.0,3.0,1.0,0.0
11981940,297.1511535644531,297.1499938964844,293.1499938964844,0.0,-0.0,288.2959899902344,0.7540000677108765,0.2842444777488708,0.2590885162353515,297.0989685058594,297.1499938964844,293.1499938964844,0.0,-0.0,288.29595947265625,0.9598671197891236,0.5829798579216003,0.5535039901733398,297.54315185546875,297.1499938964844,293.1499938964844,0.0,-0.0,288.29595947265625,0.9990000128746032,0.7144076228141785,0.4703964591026306,297.172119140625,297.1499938964844,293.1499938964844,0.0,-0.0,288.29595947265625,0.8359727263450623,0.3906890153884887,0.3729157745838165,297.1721496582031,297.1499938964844,293.1499938964844,0.0,-0.0,288.2959899902344,0.7438176870346069,0.2722666561603546,1.240248203277588,288.29595947265625,288.3575744628906,291.4019775390625,286.8150329589844,291.4021301269531,297.3224792480469,288.2958679199219,1.0,0.6527997255325317,1.0,1.0,0.0,1.0,-3.4781413078308105,3.4781315326690674,9.736291758599693e-06,2.690112829208374,0.3663156628608703,0.3663156628608703,0.0,188.81491088867188,186.0,10942.9013671875,-0.0,3528.44189453125,1.0,283.1499938964844,287.7308044433594,289.8096618652344,290.6190185546875,293.1499938964844,293.1499938964844,283.1499938964844,18023.55078125,18000.0,313.1499938964844,0.0,18000.0,1.0,0.0,0.0,0.0,1.0,0.4719155728816986,1.0,0.0,0.0,0.5709808468818665,0.5709845423698425,2.1753871592977706e-08,4.265924453735352,4.265914440155029,9.78592834144365e-06,0.0,0.0,-0.0,3516.188232421875,0.0,26.37109375,1895.4371337890625,0.0,427.8566589355469,0.2581245005130768,1.0,0.0,3.0,1.0,0.0
11982000,297.15087890625,297.1499938964844,293.1499938964844,0.0,-0.0,288.2954406738281,0.7543626427650452,0.2842236161231994,0.2590573132038116,297.09814453125,297.1499938964844,293.1499938964844,0.0,-0.0,288.2954406738281,0.9602043628692628,0.5826408863067627,0.5531731843948364,297.54913330078125,297.1499938964844,293.1499938964844,0.0,-0.0,288.2954406738281,0.9990000128746032,0.7169817686080933,0.4696424305438995,297.1716003417969,297.1499938964844,293.1499938964844,0.0,-0.0,288.2954406738281,0.8364244103431702,0.3907510638236999,0.3729613721370697,297.1723937988281,297.1499938964844,293.1499938964844,0.0,-0.0,288.2954406738281,0.7442939877510071,0.2724006772041321,1.2407782077789309,288.2954406738281,288.3627014160156,291.3977966308594,286.818115234375,291.39801025390625,297.3258056640625,288.29541015625,1.0,0.652554452419281,1.0,1.0,0.0,1.0,-3.4774887561798096,3.4774789810180664,9.732462785905229e-06,2.6895430088043213,0.3658963143825531,0.3658963143825531,0.0,188.4332275390625,189.0,10927.06640625,-0.0,3524.607421875,1.0,283.1499938964844,287.7303161621094,289.8120422363281,290.6201477050781,293.1499938964844,293.1499938964844,283.1499938964844,18025.88671875,18000.0,313.1499938964844,0.0,18000.0,1.0,0.0,0.0,0.0,1.0,0.471387505531311,1.0,0.0,0.0,0.570131242275238,0.5701349377632141,2.1689178453243585e-08,4.265924453735352,4.265914440155029,9.78592834144365e-06,0.0,0.0,-0.0,3510.8583984375,0.0,26.32124900817871,1895.4371337890625,0.0,426.4970703125,0.2580356299877167,1.0,0.0,3.0,1.0,0.0
11982060,297.15020751953125,297.1499938964844,293.1499938964844,0.0,-0.0,288.2963256835937,0.7542495131492615,0.2841681540012359,0.2590111196041107,297.0963134765625,297.1499938964844,293.1499938964844,0.0,-0.0,288.2963562011719,0.9596301317214966,0.581796407699585,0.5523837208747864,297.55877685546875,297.1499938964844,293.1499938964844,0.0,-0.0,288.2963562011719,0.9990000128746032,0.7230229377746582,0.4697760343551636,297.17041015625,297.1499938964844,293.1499938964844,0.0,-0.0,288.2963256835937,0.8364522457122803,0.390902578830719,0.3731071352958679,297.1728820800781,297.1499938964844,293.1499938964844,0.0,-0.0,288.2963256835937,0.7445122003555298,0.272734671831131,1.2422854900360107,288.2963562011719,288.3765563964844,291.3866577148437,286.8251647949219,291.3868408203125,297.3313903808594,288.29644775390625,1.0,0.6528310179710388,1.0,1.0,0.0,1.0,-3.478628396987915,3.478618621826172,9.73846181295812e-06,2.690284252166748,0.3647386729717254,0.3647386729717254,0.0,188.53912353515625,192.0,10886.291015625,-0.0,3527.982421875,1.0,283.1499938964844,287.73095703125,289.81805419921875,290.6229553222656,293.1499938964844,293.1499938964844,283.1499938964844,18031.111328125,18000.0,313.1499938964844,0.0,18000.0,1.0,0.0,0.0,0.0,1.0,0.4699485898017883,1.0,0.0,0.0,0.567766547203064,0.56777024269104,2.1509638514771723e-08,4.265924453735352,4.265914440155029,9.78592834144365e-06,0.0,0.0,-0.0,3497.466552734375,0.0,26.181316375732425,1895.4371337890625,0.0,422.81439208984375,0.2577830553054809,1.0,0.0,3.0,1.0,0.0
11982120,297.15020751953125,297.1499938964844,293.1499938964844,0.0,-0.0,288.2963256835937,0.7542495131492615,0.2841681540012359,0.2590111196041107,297.0963134765625,297.1499938964844,293.1499938964844,0.0,-0.0,288.2963562011719,0.9596301317214966,0.581796407699585,0.5523837208747864,297.55877685546875,297.1499938964844,293.1499938964844,0.0,-0.0,288.2963562011719,0.9990000128746032,0.7230229377746582,0.4697760343551636,297.17041015625,297.1499938964844,293.1499938964844,0.0,-0.0,288.2963256835937,0.8364522457122803,0.390902578830719,0.3731071352958679,297.1728820800781,297.1499938964844,293.1499938964844,0.0,-0.0,288.2963256835937,0.7445122003555298,0.272734671831131,1.2422854900360107,288.2963562011719,288.3765563964844,291.3866577148437,286.8251647949219,291.3868408203125,297.3313903808594,288.29644775390625,1.0,0.6528310179710388,1.0,1.0,0.0,1.0,-3.478628396987915,3.478618621826172,9.73846181295812e-06,2.690284252166748,0.3647386729717254,0.3647386729717254,0.0,188.53912353515625,192.0,10886.291015625,-0.0,3527.982421875,1.0,283.1499938964844,287.73095703125,289.81805419921875,290.6229553222656,293.1499938964844,293.1499938964844,283.1499938964844,18031.111328125,18000.0,313.1499938964844,0.0,18000.0,1.0,0.0,0.0,0.0,1.0,0.4699485898017883,1.0,0.0,0.0,0.567766547203064,0.56777024269104,2.1509638514771723e-08,4.265924453735352,4.265914440155029,9.78592834144365e-06,0.0,0.0,-0.0,3497.466552734375,0.0,26.181316375732425,1895.4371337890625,0.0,422.81439208984375,0.2577830553054809,1.0,0.0,3.0,1.0,0.0
11982180,297.1495666503906,297.1499938964844,293.1499938964844,0.0,-0.0,288.2994689941406,0.7531175017356873,0.2841043472290039,0.2589930593967438,297.0947265625,297.1499938964844,293.1499938964844,0.0,-0.0,288.2995300292969,0.9576293230056764,0.5809566378593445,0.5516349673271179,297.562255859375,297.1499938964844,293.1499938964844,0.0,-0.0,288.299560546875,0.9990000128746032,0.7285563349723816,0.4719287455081939,297.1693115234375,297.1499938964844,293.1499938964844,0.0,-0.0,288.2995300292969,0.8353821635246277,0.3910508155822754,0.3732857704162597,297.1731872558594,297.1499938964844,293.1499938964844,0.0,-0.0,288.2994689941406,0.743749737739563,0.2730574607849121,1.2439274787902832,288.2995300292969,288.39178466796875,291.3743591308594,286.8312072753906,291.37457275390625,297.33367919921875,288.2996826171875,1.0,0.6539888978004456,1.0,1.0,0.0,1.0,-3.482482433319092,3.4824726581573486,9.759736713021994e-06,2.693148136138916,0.3634259700775146,0.3634259700775146,0.0,189.7046661376953,195.0,10842.6923828125,-0.0,3544.20068359375,1.0,283.1499938964844,287.7334899902344,289.8238830566406,290.62554931640625,293.1499938964844,293.1499938964844,283.1499938964844,18035.8125,18000.0,313.1499938964844,0.0,18000.0,1.0,0.0,0.0,0.0,1.0,0.4684741199016571,1.0,0.0,0.0,0.5650713443756104,0.5650750398635864,2.1305909925217748e-08,4.265924453735352,4.265914440155029,9.78592834144365e-06,0.0,0.0,-0.0,3483.44921875,0.0,26.020875930786133,1895.4371337890625,0.0,419.0739135742188,0.2574904561042785,1.0,0.0,3.0,1.0,0.0
11982240,297.1495666503906,297.1499938964844,293.1499938964844,0.0,-0.0,288.2994689941406,0.7531175017356873,0.2841043472290039,0.2589930593967438,297.0947265625,297.1499938964844,293.1499938964844,0.0,-0.0,288.2995300292969,0.9576293230056764,0.5809566378593445,0.5516349673271179,297.562255859375,297.1499938964844,293.1499938964844,0.0,-0.0,288.299560546875,0.9990000128746032,0.7285563349723816,0.4719287455081939,297.1693115234375,297.1499938964844,293.1499938964844,0.0,-0.0,288.2995300292969,0.8353821635246277,0.3910508155822754,0.3732857704162597,297.1731872558594,297.1499938964844,293.1499938964844,0.0,-0.0,288.2994689941406,0.743749737739563,0.2730574607849121,1.2439274787902832,288.2995300292969,288.39178466796875,291.3743591308594,286.8312072753906,291.37457275390625,297.33367919921875,288.2996826171875,1.0,0.6539888978004456,1.0,1.0,0.0,1.0,-3.482482433319092,3.4824726581573486,9.759736713021994e-06,2.693148136138916,0.3634259700775146,0.3634259700775146,0.0,189.7046661376953,195.0,10842.6923828125,-0.0,3544.20068359375,1.0,283.1499938964844,287.7334899902344,289.8238830566406,290.62554931640625,293.1499938964844,293.1499938964844,283.1499938964844,18035.8125,18000.0,313.1499938964844,0.0,18000.0,1.0,0.0,0.0,0.0,1.0,0.4684741199016571,1.0,0.0,0.0,0.5650713443756104,0.5650750398635864,2.1305909925217748e-08,4.265924453735352,4.265914440155029,9.78592834144365e-06,0.0,0.0,-0.0,3483.44921875,0.0,26.020875930786133,1895.4371337890625,0.0,419.0739135742188,0.2574904561042785,1.0,0.0,3.0,1.0,0.0
11982300,297.14923095703125,297.1499938964844,293.1499938964844,0.0,-0.0,288.3016967773437,0.7522915005683899,0.2840681076049804,0.258989542722702,297.0940246582031,297.1499938964844,293.1499938964844,0.0,-0.0,288.3017578125,0.95625239610672,0.5805379152297974,0.551271378993988,297.56219482421875,297.1499938964844,293.1499938964844,0.0,-0.0,288.3017578125,0.9990000128746032,0.7311636209487915,0.47352996468544,297.1688232421875,297.1499938964844,293.1499938964844,0.0,-0.0,288.3017272949219,0.8345672488212585,0.3911238610744476,0.3733836114406585,297.1732788085937,297.1499938964844,293.1499938964844,0.0,-0.0,288.3016662597656,0.7431156039237976,0.2732128202915191,1.2447686195373535,288.3017578125,288.3999328613281,291.3677978515625,286.8338623046875,291.3680419921875,297.3338623046875,288.30194091796875,1.0,0.6547946333885193,1.0,1.0,0.0,1.0,-3.485095500946045,3.4850857257843018,9.774248610483482e-06,2.695117235183716,0.3627095222473144,0.3627095222473144,0.0,190.5650177001953,195.0,10819.474609375,-0.0,3555.63232421875,1.0,283.1499938964844,287.7352600097656,289.8265686035156,290.6265869140625,293.1499938964844,293.1499938964844,283.1499938964844,18038.068359375,18000.0,313.1499938964844,0.0,18000.0,1.0,0.0,0.0,0.0,1.0,0.4677454829216003,1.0,0.0,0.0,0.5635989308357239,0.5636026263237,2.1195019073161347e-08,4.265924453735352,4.265914440155029,9.78592834144365e-06,0.0,0.0,-0.0,3476.0283203125,0.0,25.933094024658203,1895.4371337890625,0.0,417.2378540039063,0.2573296427726745,1.0,0.0,3.0,1.0,0.0
11982360,297.1488647460937,297.1499938964844,293.1499938964844,0.0,-0.0,288.30419921875,0.7513484358787537,0.2840287983417511,0.2589876651763916,297.0933837890625,297.1499938964844,293.1499938964844,0.0,-0.0,288.30426025390625,0.9546970725059508,0.5801194310188293,0.5509126782417297,297.5613098144531,297.1499938964844,293.1499938964844,0.0,-0.0,288.3042907714844,0.9990000128746032,0.7336851358413696,0.4753752648830414,297.1683349609375,297.1499938964844,293.1499938964844,0.0,-0.0,288.3042297363281,0.8336262106895447,0.3911961913108825,0.3734853565692901,297.1733093261719,297.1499938964844,293.1499938964844,0.0,-0.0,288.30419921875,0.7423666715621948,0.2733641266822815,1.2456133365631104,288.30426025390625,288.4084167480469,291.3609619140625,286.83624267578125,291.3611755371094,297.33355712890625,288.3044738769531,1.0,0.6557051539421082,1.0,1.0,0.0,1.0,-3.4880189895629883,3.488009214401245,9.790522199182304e-06,2.6973297595977783,0.3619531691074371,0.3619531691074371,0.0,191.5563507080078,198.0,10795.1865234375,-0.0,3568.612060546875,1.0,283.1499938964844,287.7373046875,289.8289794921875,290.6273498535156,293.1499938964844,293.1499938964844,283.1499938964844,18040.296875,18000.0,313.1499938964844,0.0,18000.0,1.0,0.0,0.0,0.0,1.0,0.4670215845108032,1.0,0.0,0.0,0.5620455741882324,0.5620492100715637,2.107834440323586e-08,4.265924453735352,4.265914440155029,9.78592834144365e-06,0.0,0.0,-0.0,3468.27099609375,0.0,25.84048843383789,1895.4371337890625,0.0,415.4216613769531,0.2571596801280975,1.0,0.0,3.0,1.0,0.0
11982420,297.1481628417969,297.1499938964844,293.1499938964844,0.0,-0.0,288.3099365234375,0.7492174506187439,0.2839407920837402,0.2589853405952453,297.0921936035156,297.1499938964844,293.1499938964844,0.0,-0.0,288.3100280761719,0.9511876106262208,0.5792821645736694,0.5502055883407593,297.5574951171875,297.1499938964844,293.1499938964844,0.0,-0.0,288.31005859375,0.9990000128746032,0.7385103702545166,0.4796018302440643,297.1674499511719,297.1499938964844,293.1499938964844,0.0,-0.0,288.3099975585937,0.8314784169197083,0.3913385272026062,0.3736969232559204,297.1732788085937,297.1499938964844,293.1499938964844,0.0,-0.0,288.3099365234375,0.7406256198883057,0.2736552357673645,1.2472985982894895,288.3100280761719,288.4264831542969,291.3464050292969,286.8402709960937,291.3466491699219,297.3318176269531,288.3102722167969,1.0,0.6577553153038025,1.0,1.0,0.0,1.0,-3.494530200958252,3.494520425796509,9.826868335949255e-06,2.702276468276977,0.3603162169456482,0.3603162169456482,0.0,193.83267211914065,201.0,10743.0283203125,-0.0,3598.001220703125,1.0,283.1499938964844,287.7420349121094,289.8329467773437,290.6278076171875,293.1499938964844,293.1499938964844,283.1499938964844,18044.759765625,18000.0,313.1499938964844,0.0,18000.0,1.0,0.0,0.0,0.0,1.0,0.4655592143535614,1.0,0.0,0.0,0.5586900115013123,0.5586937069892883,2.0827409130674823e-08,4.265924453735352,4.265914440155029,9.78592834144365e-06,0.0,0.0,-0.0,3451.56787109375,0.0,25.64067268371582,1895.4371337890625,0.0,411.7769775390625,0.2567922174930572,1.0,0.0,3.0,1.0,0.0
11982480,297.1481628417969,297.1499938964844,293.1499938964844,0.0,-0.0,288.3099365234375,0.7492174506187439,0.2839407920837402,0.2589853405952453,297.0921936035156,297.1499938964844,293.1499938964844,0.0,-0.0,288.3100280761719,0.9511876106262208,0.5792821645736694,0.5502055883407593,297.5574951171875,297.1499938964844,293.1499938964844,0.0,-0.0,288.31005859375,0.9990000128746032,0.7385103702545166,0.4796018302440643,297.1674499511719,297.1499938964844,293.1499938964844,0.0,-0.0,288.3099975585937,0.8314784169197083,0.3913385272026062,0.3736969232559204,297.1732788085937,297.1499938964844,293.1499938964844,0.0,-0.0,288.3099365234375,0.7406256198883057,0.2736552357673645,1.2472985982894895,288.3100280761719,288.4264831542969,291.3464050292969,286.8402709960937,291.3466491699219,297.3318176269531,288.3102722167969,1.0,0.6577553153038025,1.0,1.0,0.0,1.0,-3.494530200958252,3.494520425796509,9.826868335949255e-06,2.702276468276977,0.3603162169456482,0.3603162169456482,0.0,193.83267211914065,201.0,10743.0283203125,-0.0,3598.001220703125,1.0,283.1499938964844,287.7420349121094,289.8329467773437,290.6278076171875,293.1499938964844,293.1499938964844,283.1499938964844,18044.759765625,18000.0,313.1499938964844,0.0,18000.0,1.0,0.0,0.0,0.0,1.0,0.4655592143535614,1.0,0.0,0.0,0.5586900115013123,0.5586937069892883,2.0827409130674823e-08,4.265924453735352,4.265914440155029,9.78592834144365e-06,0.0,0.0,-0.0,3451.56787109375,0.0,25.64067268371582,1895.4371337890625,0.0,411.7769775390625,0.2567922174930572,1.0,0.0,3.0,1.0,0.0
11982540,297.1473999023437,297.1499938964844,293.1499938964844,0.0,-0.0,288.3165283203125,0.7468794584274292,0.2838407754898071,0.2589814066886902,297.0911560058594,297.1499938964844,293.1499938964844,0.0,-0.0,288.3166198730469,0.9473029375076294,0.5784434676170349,0.5495072603225708,297.5517578125,297.1499938964844,293.1499938964844,0.0,-0.0,288.316650390625,0.9990000128746032,0.7430889010429382,0.4843232333660126,297.1666564941406,297.1499938964844,293.1499938964844,0.0,-0.0,288.31658935546875,0.8291012048721313,0.3914777338504791,0.3739153742790222,297.173095703125,297.1499938964844,293.1499938964844,0.0,-0.0,288.3165283203125,0.7386749982833862,0.2739326953887939,1.248966932296753,288.3166198730469,288.4459533691406,291.3306884765625,286.8432922363281,291.3309631347656,297.3289489746094,288.31689453125,1.0,0.6600165963172913,1.0,1.0,0.0,1.0,-3.501633644104004,3.5016238689422607,9.866641448752487e-06,2.7076895236968994,0.3585023581981659,0.3585023581981659,0.0,196.3900909423828,204.0,10685.5517578125,-0.0,3630.622802734375,1.0,283.1499938964844,287.7474975585937,289.8355407714844,290.6265563964844,293.1499938964844,293.1499938964844,283.1499938964844,18049.30078125,18000.0,313.1499938964844,0.0,18000.0,1.0,0.0,0.0,0.0,1.0,0.4640148282051086,1.0,0.0,0.0,0.5549851059913635,0.5549888014793396,2.0552096913206697e-08,4.265924453735352,4.265914440155029,9.78592834144365e-06,0.0,0.0,-0.0,3433.043701171875,0.0,25.42060852050781,1895.4371337890625,0.0,407.962646484375,0.2563868165016174,1.0,0.0,3.0,1.0,0.0
11982600,297.1473999023437,297.1499938964844,293.1499938964844,0.0,-0.0,288.3165283203125,0.7468794584274292,0.2838407754898071,0.2589814066886902,297.0911560058594,297.1499938964844,293.1499938964844,0.0,-0.0,288.3166198730469,0.9473029375076294,0.5784434676170349,0.5495072603225708,297.5517578125,297.1499938964844,293.1499938964844,0.0,-0.0,288.316650390625,0.9990000128746032,0.7430889010429382,0.4843232333660126,297.1666564941406,297.1499938964844,293.1499938964844,0.0,-0.0,288.31658935546875,0.8291012048721313,0.3914777338504791,0.3739153742790222,297.173095703125,297.1499938964844,293.1499938964844,0.0,-0.0,288.3165283203125,0.7386749982833862,0.2739326953887939,1.248966932296753,288.3166198730469,288.4459533691406,291.3306884765625,286.8432922363281,291.3309631347656,297.3289489746094,288.31689453125,1.0,0.6600165963172913,1.0,1.0,0.0,1.0,-3.501633644104004,3.5016238689422607,9.866641448752487e-06,2.7076895236968994,0.3585023581981659,0.3585023581981659,0.0,196.3900909423828,204.0,10685.5517578125,-0.0,3630.622802734375,1.0,283.1499938964844,287.7474975585937,289.8355407714844,290.6265563964844,293.1499938964844,293.1499938964844,283.1499938964844,18049.30078125,18000.0,313.1499938964844,0.0,18000.0,1.0,0.0,0.0,0.0,1.0,0.4640148282051086,1.0,0.0,0.0,0.5549851059913635,0.5549888014793396,2.0552096913206697e-08,4.265924453735352,4.265914440155029,9.78592834144365e-06,0.0,0.0,-0.0,3433.043701171875,0.0,25.42060852050781,1895.4371337890625,0.0,407.962646484375,0.2563868165016174,1.0,0.0,3.0,1.0,0.0
11982660,297.1466369628906,297.1499938964844,293.1499938964844,0.0,-0.0,288.32379150390625,0.7444432377815247,0.2837302386760711,0.2589736878871918,297.0902099609375,297.1499938964844,293.1499938964844,0.0,-0.0,288.3238830566406,0.9431957602500916,0.5776028633117676,0.5488134026527405,297.54473876953125,297.1499938964844,293.1499938964844,0.0,-0.0,288.32391357421875,0.9990000128746032,0.7474663257598877,0.4893348217010498,297.1659240722656,297.1499938964844,293.1499938964844,0.0,-0.0,288.3238525390625,0.8266071081161499,0.3916143178939819,0.3741375207901001,297.1728515625,297.1499938964844,293.1499938964844,0.0,-0.0,288.32379150390625,0.736619234085083,0.2741995751857757,1.2506144046783447,288.3238830566406,288.4668884277344,291.3138122558594,286.8452453613281,291.3141174316406,297.32537841796875,288.3241882324219,1.0,0.6624023914337158,1.0,1.0,0.0,1.0,-3.509066581726074,3.509056806564331,9.908372703648638e-06,2.713363647460937,0.3565013408660888,0.3565013408660888,0.0,199.1250457763672,207.0,10622.27734375,-0.0,3665.24267578125,1.0,283.1499938964844,287.7535705566406,289.8367919921875,290.6235046386719,293.1499938964844,293.1499938964844,283.1499938964844,18053.9609375,18000.0,313.1499938964844,0.0,18000.0,1.0,0.0,0.0,0.0,1.0,0.4623215794563293,1.0,0.0,0.0,0.5509172677993774,0.5509209632873535,2.0251921029057485e-08,4.265924453735352,4.265914440155029,9.78592834144365e-06,0.0,0.0,-0.0,3412.520751953125,0.0,25.17981338500977,1895.4371337890625,0.0,403.8211059570313,0.2559427618980407,1.0,0.0,3.0,1.0,0.0
11982720,297.1466369628906,297.1499938964844,293.1499938964844,0.0,-0.0,288.32379150390625,0.7444432377815247,0.2837302386760711,0.2589736878871918,297.0902099609375,297.1499938964844,293.1499938964844,0.0,-0.0,288.3238830566406,0.9431957602500916,0.5776028633117676,0.5488134026527405,297.54473876953125,297.1499938964844,293.1499938964844,0.0,-0.0,288.32391357421875,0.9990000128746032,0.7474663257598877,0.4893348217010498,297.1659240722656,297.1499938964844,293.1499938964844,0.0,-0.0,288.3238525390625,0.8266071081161499,0.3916143178939819,0.3741375207901001,297.1728515625,297.1499938964844,293.1499938964844,0.0,-0.0,288.32379150390625,0.736619234085083,0.2741995751857757,1.2506144046783447,288.3238830566406,288.4668884277344,291.3138122558594,286.8452453613281,291.3141174316406,297.32537841796875,288.3241882324219,1.0,0.6624023914337158,1.0,1.0,0.0,1.0,-3.509066581726074,3.509056806564331,9.908372703648638e-06,2.713363647460937,0.3565013408660888,0.3565013408660888,0.0,199.1250457763672,207.0,10622.27734375,-0.0,3665.24267578125,1.0,283.1499938964844,287.7535705566406,289.8367919921875,290.6235046386719,293.1499938964844,293.1499938964844,283.1499938964844,18053.9609375,18000.0,313.1499938964844,0.0,18000.0,1.0,0.0,0.0,0.0,1.0,0.4623215794563293,1.0,0.0,0.0,0.5509172677993774,0.5509209632873535,2.0251921029057485e-08,4.265924453735352,4.265914440155029,9.78592834144365e-06,0.0,0.0,-0.0,3412.520751953125,0.0,25.17981338500977,1895.4371337890625,0.0,403.8211059570313,0.2559427618980407,1.0,0.0,3.0,1.0,0.0
11982780,297.1458740234375,297.1499938964844,293.1499938964844,0.0,-0.0,288.3316650390625,0.7419745326042175,0.2836109399795532,0.25896155834198,297.0893859863281,297.1499938964844,293.1499938964844,0.0,-0.0,288.331787109375,0.9389693140983582,0.576760470867157,0.5481218099594116,297.53692626953125,297.1499938964844,293.1499938964844,0.0,-0.0,288.3318176269531,0.9990000128746032,0.7516718506813049,0.4945085942745209,297.1652526855469,297.1499938964844,293.1499938964844,0.0,-0.0,288.33172607421875,0.8240624070167542,0.3917490541934967,0.3743617534637451,297.17254638671875,297.1499938964844,293.1499938964844,0.0,-0.0,288.3316650390625,0.7345219850540161,0.2744588255882263,1.2522436380386353,288.331787109375,288.4892578125,291.2957763671875,286.8461608886719,291.29608154296875,297.32135009765625,288.33209228515625,1.0,0.6648597121238708,1.0,1.0,0.0,1.0,-3.5166730880737305,3.516663074493408,9.9511880762293e-06,2.719176769256592,0.3543013334274292,0.3543013334274292,0.0,201.9724273681641,210.0,10552.7900390625,-0.0,3701.1044921875,1.0,283.1499938964844,287.7602233886719,289.83673095703125,290.61871337890625,293.1499938964844,293.1499938964844,283.1499938964844,18058.75,18000.0,313.1499938964844,0.0,18000.0,1.0,0.0,0.0,0.0,1.0,0.4604337215423584,1.0,0.0,0.0,0.5464698672294617,0.5464735627174377,1.9926266858760755e-08,4.265924453735352,4.265914440155029,9.78592834144365e-06,0.0,0.0,-0.0,3389.8583984375,0.0,24.91763496398925,1895.4371337890625,0.0,399.25286865234375,0.2554588615894317,1.0,0.0,3.0,1.0,0.0
11982840,297.1458740234375,297.1499938964844,293.1499938964844,0.0,-0.0,288.3316650390625,0.7419745326042175,0.2836109399795532,0.25896155834198,297.0893859863281,297.1499938964844,293.1499938964844,0.0,-0.0,288.331787109375,0.9389693140983582,0.576760470867157,0.5481218099594116,297.53692626953125,297.1499938964844,293.1499938964844,0.0,-0.0,288.3318176269531,0.9990000128746032,0.7516718506813049,0.4945085942745209,297.1652526855469,297.1499938964844,293.1499938964844,0.0,-0.0,288.33172607421875,0.8240624070167542,0.3917490541934967,0.3743617534637451,297.17254638671875,297.1499938964844,293.1499938964844,0.0,-0.0,288.3316650390625,0.7345219850540161,0.2744588255882263,1.2522436380386353,288.331787109375,288.4892578125,291.2957763671875,286.8461608886719,291.29608154296875,297.32135009765625,288.33209228515625,1.0,0.6648597121238708,1.0,1.0,0.0,1.0,-3.5166730880737305,3.516663074493408,9.9511880762293e-06,2.719176769256592,0.3543013334274292,0.3543013334274292,0.0,201.9724273681641,210.0,10552.7900390625,-0.0,3701.1044921875,1.0,283.1499938964844,287.7602233886719,289.83673095703125,290.61871337890625,293.1499938964844,293.1499938964844,283.1499938964844,18058.75,18000.0,313.1499938964844,0.0,18000.0,1.0,0.0,0.0,0.0,1.0,0.4604337215423584,1.0,0.0,0.0,0.5464698672294617,0.5464735627174377,1.9926266858760755e-08,4.265924453735352,4.265914440155029,9.78592834144365e-06,0.0,0.0,-0.0,3389.8583984375,0.0,24.91763496398925,1895.4371337890625,0.0,399.25286865234375,0.2554588615894317,1.0,0.0,3.0,1.0,0.0
11982900,297.1455078125,297.1499938964844,293.1499938964844,0.0,-0.0,288.3358459472656,0.7407408356666565,0.2835485339164734,0.2589538693428039,297.0889892578125,297.1499938964844,293.1499938964844,0.0,-0.0,288.3359680175781,0.9368346333503724,0.5763389468193054,0.5477765798568726,297.5328063964844,297.1499938964844,293.1499938964844,0.0,-0.0,288.33599853515625,0.9990000128746032,0.7537155151367188,0.4971301257610321,297.1649780273437,297.1499938964844,293.1499938964844,0.0,-0.0,288.3359069824219,0.8227837085723877,0.3918161392211914,0.3744744956493377,297.1723937988281,297.1499938964844,293.1499938964844,0.0,-0.0,288.3358459472656,0.7334702610969543,0.2745864391326904,1.253053069114685,288.3359680175781,288.5009765625,291.28631591796875,286.8462219238281,291.28662109375,297.3192138671875,288.3362731933594,1.0,0.6661044955253601,1.0,1.0,0.0,1.0,-3.5205111503601074,3.5205013751983643,9.97283132164739e-06,2.722111463546753,0.3531214594841003,0.3531214594841003,0.0,203.42486572265625,210.0,10515.564453125,-0.0,3719.349365234375,1.0,283.1499938964844,287.7637634277344,289.8362731933594,290.6156616210937,293.1499938964844,293.1499938964844,283.1499938964844,18061.197265625,18000.0,313.1499938964844,0.0,18000.0,1.0,0.0,0.0,0.0,1.0,0.4594060182571411,1.0,0.0,0.0,0.5440956950187683,0.5440993905067444,1.9753500168917533e-08,4.265924453735352,4.265914440155029,9.78592834144365e-06,0.0,0.0,-0.0,3377.672119140625,0.0,24.77815628051757,1895.4371337890625,0.0,396.78753662109375,0.2552013099193573,1.0,0.0,3.0,1.0,0.0
11982960,297.1451416015625,297.1499938964844,293.1499938964844,0.0,-0.0,288.3401794433594,0.7395129799842834,0.2834846377372741,0.2589452266693115,297.0886535644531,297.1499938964844,293.1499938964844,0.0,-0.0,288.3403015136719,0.9346969723701476,0.5759181380271912,0.5474321246147156,297.528564453125,297.1499938964844,293.1499938964844,0.0,-0.0,288.34033203125,0.9990000128746032,0.7557238936424255,0.4997632503509521,297.1646728515625,297.1499938964844,293.1499938964844,0.0,-0.0,288.3402404785156,0.8215059041976929,0.3918832242488861,0.3745877146720886,297.1722412109375,297.1499938964844,293.1499938964844,0.0,-0.0,288.3401794433594,0.7324216365814209,0.2747132182121277,1.253860354423523,288.3403015136719,288.5130920410156,291.27655029296875,286.8460388183594,291.2768859863281,297.31695556640625,288.34063720703125,1.0,0.6673555970191956,1.0,1.0,0.0,1.0,-3.5243611335754395,3.524351119995117,9.99456642603036e-06,2.7250561714172363,0.3518888056278229,0.3518888056278229,0.0,204.89051818847656,213.0,10476.7041015625,-0.0,3737.739990234375,1.0,283.1499938964844,287.7674560546875,289.83551025390625,290.6121826171875,293.1499938964844,293.1499938964844,283.1499938964844,18063.65625,18000.0,313.1499938964844,0.0,18000.0,1.0,0.0,0.0,0.0,1.0,0.4583238959312439,1.0,0.0,0.0,0.5416240096092224,0.5416277050971985,1.9574438070435466e-08,4.265924453735352,4.265914440155029,9.78592834144365e-06,0.0,0.0,-0.0,3364.931396484375,0.0,24.63330268859864,1895.4371337890625,0.0,394.2079772949219,0.2549337744712829,1.0,0.0,3.0,1.0,0.0
11983020,297.1444702148437,297.1499938964844,293.1499938964844,0.0,-0.0,288.34930419921875,0.7370831370353699,0.2833532392978668,0.2589254677295685,297.0880432128906,297.1499938964844,293.1499938964844,0.0,-0.0,288.34942626953125,0.9304361343383788,0.5750789046287537,0.546746551990509,297.5199279785156,297.1499938964844,293.1499938964844,0.0,-0.0,288.3494567871094,0.9990000128746032,0.7596397399902344,0.5050438642501831,297.1641845703125,297.1499938964844,293.1499938964844,0.0,-0.0,288.349365234375,0.8189606070518494,0.3920182585716247,0.3748156726360321,297.1719665527344,297.1499938964844,293.1499938964844,0.0,-0.0,288.3492736816406,0.7303422093391418,0.2749653458595276,1.2554717063903809,288.34942626953125,288.53839111328125,291.2561340332031,286.8448181152344,291.2564697265625,297.3123779296875,288.3497619628906,1.0,0.6698689460754395,1.0,1.0,0.0,1.0,-3.532077074050904,3.532067060470581,1.0038205800810829e-05,2.73095965385437,0.3492572605609894,0.3492572605609894,0.0,207.8507843017578,216.0,10393.8544921875,-0.0,3774.850341796875,1.0,283.1499938964844,287.7752685546875,289.83319091796875,290.60406494140625,293.1499938964844,293.1499938964844,283.1499938964844,18068.638671875,18000.0,313.1499938964844,0.0,18000.0,1.0,0.0,0.0,0.0,1.0,0.4559909403324127,1.0,0.0,0.0,0.5363767147064209,0.536380410194397,1.9196997769199697e-08,4.265924453735352,4.265914440155029,9.78592834144365e-06,0.0,0.0,-0.0,3337.70458984375,0.0,24.32701873779297,1895.4371337890625,0.0,388.70263671875,0.2543678283691406,1.0,0.0,3.0,1.0,0.0
11983080,297.1444702148437,297.1499938964844,293.1499938964844,0.0,-0.0,288.34930419921875,0.7370831370353699,0.2833532392978668,0.2589254677295685,297.0880432128906,297.1499938964844,293.1499938964844,0.0,-0.0,288.34942626953125,0.9304361343383788,0.5750789046287537,0.546746551990509,297.5199279785156,297.1499938964844,293.1499938964844,0.0,-0.0,288.3494567871094,0.9990000128746032,0.7596397399902344,0.5050438642501831,297.1641845703125,297.1499938964844,293.1499938964844,0.0,-0.0,288.349365234375,0.8189606070518494,0.3920182585716247,0.3748156726360321,297.1719665527344,297.1499938964844,293.1499938964844,0.0,-0.0,288.3492736816406,0.7303422093391418,0.2749653458595276,1.2554717063903809,288.34942626953125,288.53839111328125,291.2561340332031,286.8448181152344,291.2564697265625,297.3123779296875,288.3497619628906,1.0,0.6698689460754395,1.0,1.0,0.0,1.0,-3.532077074050904,3.532067060470581,1.0038205800810829e-05,2.73095965385437,0.3492572605609894,0.3492572605609894,0.0,207.8507843017578,216.0,10393.8544921875,-0.0,3774.850341796875,1.0,283.1499938964844,287.7752685546875,289.83319091796875,290.60406494140625,293.1499938964844,293.1499938964844,283.1499938964844,18068.638671875,18000.0,313.1499938964844,0.0,18000.0,1.0,0.0,0.0,0.0,1.0,0.4559909403324127,1.0,0.0,0.0,0.5363767147064209,0.536380410194397,1.9196997769199697e-08,4.265924453735352,4.265914440155029,9.78592834144365e-06,0.0,0.0,-0.0,3337.70458984375,0.0,24.32701873779297,1895.4371337890625,0.0,388.70263671875,0.2543678283691406,1.0,0.0,3.0,1.0,0.0
11983140,297.1440124511719,297.1499938964844,293.1499938964844,0.0,-0.0,288.3558654785156,0.735454797744751,0.2832617163658142,0.2589103877544403,297.0876770019531,297.1499938964844,293.1499938964844,0.0,-0.0,288.3559875488281,0.927565336227417,0.574509859085083,0.5462824702262878,297.513916015625,297.1499938964844,293.1499938964844,0.0,-0.0,288.35601806640625,0.9990000128746032,0.7622271180152893,0.5086334943771362,297.16387939453125,297.1499938964844,293.1499938964844,0.0,-0.0,288.3559265136719,0.8172412514686584,0.3921113908290863,0.3749722838401794,297.1717834472656,297.1499938964844,293.1499938964844,0.0,-0.0,288.3558349609375,0.7289460897445679,0.2751366198062897,1.2565679550170898,288.3559875488281,288.55645751953125,291.2415466308594,286.8433837890625,291.2419128417969,297.3092041015625,288.3563537597656,1.0,0.671582043170929,1.0,1.0,0.0,1.0,-3.537326097488404,3.537315845489502,1.0067947187053504e-05,2.734976530075073,0.3473333716392517,0.3473333716392517,0.0,209.8794403076172,216.0,10333.4365234375,-0.0,3800.27099609375,1.0,283.1499938964844,287.78094482421875,289.8309326171875,290.5975952148437,293.1499938964844,293.1499938964844,283.1499938964844,18072.064453125,18000.0,313.1499938964844,0.0,18000.0,1.0,0.0,0.0,0.0,1.0,0.4542684555053711,1.0,0.0,0.0,0.5325658321380615,0.5325694680213928,1.892518142199151e-08,4.265924453735352,4.265914440155029,9.78592834144365e-06,0.0,0.0,-0.0,3317.7939453125,0.0,24.10564041137696,1895.4371337890625,0.0,384.6862487792969,0.2539586424827575,1.0,0.0,3.0,1.0,0.0
11983200,297.1438293457031,297.1499938964844,293.1499938964844,0.0,-0.0,288.3590393066406,0.7346961498260498,0.2832181751728058,0.2589029967784881,297.0875244140625,297.1499938964844,293.1499938964844,0.0,-0.0,288.35919189453125,0.9262256026268004,0.5742424726486206,0.5460646152496338,297.5110778808594,297.1499938964844,293.1499938964844,0.0,-0.0,288.3592224121094,0.9990000128746032,0.7634258270263672,0.5103197693824768,297.16375732421875,297.1499938964844,293.1499938964844,0.0,-0.0,288.359130859375,0.8164359927177429,0.3921557068824768,0.3750465214252472,297.17169189453125,297.1499938964844,293.1499938964844,0.0,-0.0,288.3590393066406,0.7282950282096863,0.2752173542976379,1.257084608078003,288.3591613769531,288.5652160644531,291.2344970703125,286.842529296875,291.2348937988281,297.3077087402344,288.35955810546875,1.0,0.6723883152008057,1.0,1.0,0.0,1.0,-3.539794445037842,3.5397841930389404,1.0081949767482e-05,2.736865520477295,0.3463916778564453,0.3463916778564453,0.0,210.8370513916016,219.0,10303.900390625,-0.0,3812.271728515625,1.0,283.1499938964844,287.78369140625,289.8297119140625,290.5942687988281,293.1499938964844,293.1499938964844,283.1499938964844,18073.673828125,18000.0,313.1499938964844,0.0,18000.0,1.0,0.0,0.0,0.0,1.0,0.4534232914447784,1.0,0.0,0.0,0.5307086706161499,0.5307123064994812,1.8793420153429e-08,4.265924453735352,4.265914440155029,9.78592834144365e-06,0.0,0.0,-0.0,3308.0546875,0.0,23.99807929992676,1895.4371337890625,0.0,382.73040771484375,0.2537597715854645,1.0,0.0,3.0,1.0,0.0
11983260,297.14324951171875,297.1499938964844,293.1499938964844,0.0,-0.0,288.3694763183594,0.7323575019836426,0.283080905675888,0.2588787674903869,297.0871276855469,297.1499938964844,293.1499938964844,0.0,-0.0,288.36962890625,0.9220972061157228,0.5734094977378845,0.5453862547874451,297.5021057128906,297.1499938964844,293.1499938964844,0.0,-0.0,288.3696594238281,0.9990000128746032,0.7670891284942627,0.5155709385871887,297.1634521484375,297.1499938964844,293.1499938964844,0.0,-0.0,288.3695373535156,0.8139356970787048,0.3922972977161407,0.3752813935279846,297.1714782714844,297.1499938964844,293.1499938964844,0.0,-0.0,288.36944580078125,0.7262861728668213,0.2754710912704468,1.258705973625183,288.3695983886719,288.593505859375,291.211669921875,286.8391418457031,291.2120666503906,297.3030090332031,288.3699951171875,1.0,0.6749065518379211,1.0,1.0,0.0,1.0,-3.547498941421509,3.5474889278411865,1.0125721018994229e-05,2.742762804031372,0.3432820737361908,0.3432820737361908,0.0,213.83837890625,222.0,10206.6513671875,-0.0,3849.9052734375,1.0,283.1499938964844,287.792724609375,289.8251342773437,290.58282470703125,293.1499938964844,293.1499938964844,283.1499938964844,18078.71484375,18000.0,313.1499938964844,0.0,18000.0,1.0,0.0,0.0,0.0,1.0,0.4506161212921142,1.0,0.0,0.0,0.524613082408905,0.5246167182922363,1.836418483947e-08,4.265924453735352,4.265914440155029,9.78592834144365e-06,0.0,0.0,-0.0,3275.93115234375,0.0,23.64653778076172,1895.4371337890625,0.0,376.3029174804688,0.2531097531318664,1.0,0.0,3.0,1.0,0.0
11983320,297.14324951171875,297.1499938964844,293.1499938964844,0.0,-0.0,288.3694763183594,0.7323575019836426,0.283080905675888,0.2588787674903869,297.0871276855469,297.1499938964844,293.1499938964844,0.0,-0.0,288.36962890625,0.9220972061157228,0.5734094977378845,0.5453862547874451,297.5021057128906,297.1499938964844,293.1499938964844,0.0,-0.0,288.3696594238281,0.9990000128746032,0.7670891284942627,0.5155709385871887,297.1634521484375,297.1499938964844,293.1499938964844,0.0,-0.0,288.3695373535156,0.8139356970787048,0.3922972977161407,0.3752813935279846,297.1714782714844,297.1499938964844,293.1499938964844,0.0,-0.0,288.36944580078125,0.7262861728668213,0.2754710912704468,1.258705973625183,288.3695983886719,288.593505859375,291.211669921875,286.8391418457031,291.2120666503906,297.3030090332031,288.3699951171875,1.0,0.6749065518379211,1.0,1.0,0.0,1.0,-3.547498941421509,3.5474889278411865,1.0125721018994229e-05,2.742762804031372,0.3432820737361908,0.3432820737361908,0.0,213.83837890625,222.0,10206.6513671875,-0.0,3849.9052734375,1.0,283.1499938964844,287.792724609375,289.8251342773437,290.58282470703125,293.1499938964844,293.1499938964844,283.1499938964844,18078.71484375,18000.0,313.1499938964844,0.0,18000.0,1.0,0.0,0.0,0.0,1.0,0.4506161212921142,1.0,0.0,0.0,0.524613082408905,0.5246167182922363,1.836418483947e-08,4.265924453735352,4.265914440155029,9.78592834144365e-06,0.0,0.0,-0.0,3275.93115234375,0.0,23.64653778076172,1895.4371337890625,0.0,376.3029174804688,0.2531097531318664,1.0,0.0,3.0,1.0,0.0
11983380,297.1427307128906,297.1499938964844,293.1499938964844,0.0,-0.0,288.3805847167969,0.7300685048103333,0.2829426825046539,0.2588537335395813,297.0868225097656,297.1499938964844,293.1499938964844,0.0,-0.0,288.3807373046875,0.9180780053138732,0.5725811123847961,0.5447121858596802,297.4931030273437,297.1499938964844,293.1499938964844,0.0,-0.0,288.3807678222656,0.9990000128746032,0.7706342339515686,0.5207849740982056,297.1632080078125,297.1499938964844,293.1499938964844,0.0,-0.0,288.38067626953125,0.8114594221115112,0.3924447298049927,0.375521719455719,297.1713562011719,297.1499938964844,293.1499938964844,0.0,-0.0,288.38055419921875,0.724317729473114,0.2757281959056854,1.2603421211242676,288.3807373046875,288.62335205078125,291.1876220703125,286.8346862792969,291.18804931640625,297.29833984375,288.38116455078125,1.0,0.677419900894165,1.0,1.0,0.0,1.0,-3.555187463760376,3.5551772117614746,1.0169496817979962e-05,2.748648405075073,0.3399176001548767,0.3399176001548767,0.0,216.8478546142578,225.0,10101.923828125,-0.0,3887.699951171875,1.0,283.1499938964844,287.80242919921875,289.8194274902344,290.5697021484375,293.1499938964844,293.1499938964844,283.1499938964844,18083.71875,18000.0,313.1499938964844,0.0,18000.0,1.0,0.0,0.0,0.0,1.0,0.4475615918636322,1.0,0.0,0.0,0.5180831551551819,0.5180867910385132,1.790986736693867e-08,4.265924453735352,4.265914440155029,9.78592834144365e-06,0.0,0.0,-0.0,3241.2763671875,0.0,23.27250289916992,1895.4371337890625,0.0,369.42718505859375,0.2524179816246032,1.0,0.0,3.0,1.0,0.0
11983440,297.1427307128906,297.1499938964844,293.1499938964844,0.0,-0.0,288.3805847167969,0.7300685048103333,0.2829426825046539,0.2588537335395813,297.0868225097656,297.1499938964844,293.1499938964844,0.0,-0.0,288.3807373046875,0.9180780053138732,0.5725811123847961,0.5447121858596802,297.4931030273437,297.1499938964844,293.1499938964844,0.0,-0.0,288.3807678222656,0.9990000128746032,0.7706342339515686,0.5207849740982056,297.1632080078125,297.1499938964844,293.1499938964844,0.0,-0.0,288.38067626953125,0.8114594221115112,0.3924447298049927,0.375521719455719,297.1713562011719,297.1499938964844,293.1499938964844,0.0,-0.0,288.38055419921875,0.724317729473114,0.2757281959056854,1.2603421211242676,288.3807373046875,288.62335205078125,291.1876220703125,286.8346862792969,291.18804931640625,297.29833984375,288.38116455078125,1.0,0.677419900894165,1.0,1.0,0.0,1.0,-3.555187463760376,3.5551772117614746,1.0169496817979962e-05,2.748648405075073,0.3399176001548767,0.3399176001548767,0.0,216.8478546142578,225.0,10101.923828125,-0.0,3887.699951171875,1.0,283.1499938964844,287.80242919921875,289.8194274902344,290.5697021484375,293.1499938964844,293.1499938964844,283.1499938964844,18083.71875,18000.0,313.1499938964844,0.0,18000.0,1.0,0.0,0.0,0.0,1.0,0.4475615918636322,1.0,0.0,0.0,0.5180831551551819,0.5180867910385132,1.790986736693867e-08,4.265924453735352,4.265914440155029,9.78592834144365e-06,0.0,0.0,-0.0,3241.2763671875,0.0,23.27250289916992,1895.4371337890625,0.0,369.42718505859375,0.2524179816246032,1.0,0.0,3.0,1.0,0.0
11983500,297.1424865722656,297.1499938964844,293.1499938964844,0.0,-0.0,288.38641357421875,0.7289422750473022,0.2828736007213592,0.2588411569595337,297.0867004394531,297.1499938964844,293.1499938964844,0.0,-0.0,288.3865966796875,0.9161169528961182,0.5721690654754639,0.5443770885467529,297.48858642578125,297.1499938964844,293.1499938964844,0.0,-0.0,288.3866271972656,0.9990000128746032,0.7723622918128967,0.5233753323554993,297.16314697265625,297.1499938964844,293.1499938964844,0.0,-0.0,288.3865051269531,0.8102296590805054,0.3925212323665619,0.3756443858146667,297.1712951660156,297.1499938964844,293.1499938964844,0.0,-0.0,288.38641357421875,0.7233487367630005,0.2758585512638092,1.2611678838729858,288.3865661621094,288.6388244628906,291.1751403808594,286.83203125,291.1755676269531,297.2960205078125,288.3869934082031,1.0,0.6786741018295288,1.0,1.0,0.0,1.0,-3.5590262413024902,3.559015989303589,1.019139017444104e-05,2.751587390899658,0.3381341397762298,0.3381341397762298,0.0,218.3541259765625,225.0,10046.64453125,-0.0,3906.650146484375,1.0,283.1499938964844,287.8075256347656,289.8161315917969,290.5624694824219,293.1499938964844,293.1499938964844,283.1499938964844,18086.208984375,18000.0,313.1499938964844,0.0,18000.0,1.0,0.0,0.0,0.0,1.0,0.4459351301193237,1.0,0.0,0.0,0.5146492123603821,0.5146528482437134,1.7673237096005323e-08,4.265924453735352,4.265914440155029,9.78592834144365e-06,0.0,0.0,-0.0,3222.95947265625,0.0,23.076881408691406,1895.4371337890625,0.0,365.8149719238281,0.2520561814308166,1.0,0.0,3.0,1.0,0.0
11983560,297.14227294921875,297.1499938964844,293.1499938964844,0.0,-0.0,288.3924255371094,0.7278276681900024,0.2828045785427093,0.258828729391098,297.08660888671875,297.1499938964844,293.1499938964844,0.0,-0.0,288.3926086425781,0.9141916036605836,0.571758508682251,0.5440434217453003,297.4840393066406,297.1499938964844,293.1499938964844,0.0,-0.0,288.39263916015625,0.9990000128746032,0.7740591168403625,0.5259541273117065,297.1630859375,297.1499938964844,293.1499938964844,0.0,-0.0,288.3925170898437,0.8090044856071472,0.3925994336605072,0.3757687509059906,297.1712646484375,297.1499938964844,293.1499938964844,0.0,-0.0,288.3924255371094,0.7223895192146301,0.2759902477264404,1.2619993686676023,288.392578125,288.6546936035156,291.162353515625,286.8290710449219,291.16278076171875,297.2936706542969,288.3930358886719,1.0,0.6799265742301941,1.0,1.0,0.0,1.0,-3.562862157821656,3.562851905822754,1.021328989736503e-05,2.7545244693756104,0.3362849950790405,0.3362849950790405,0.0,219.8610992431641,228.0,9989.49609375,-0.0,3925.634765625,1.0,283.1499938964844,287.8127746582031,289.81256103515625,290.5548095703125,293.1499938964844,293.1499938964844,283.1499938964844,18088.650390625,18000.0,313.1499938964844,0.0,18000.0,1.0,0.0,0.0,0.0,1.0,0.4442460238933563,1.0,0.0,0.0,0.5111094117164612,0.5111130475997925,1.7430958010322684e-08,4.265924453735352,4.265914440155029,9.78592834144365e-06,0.0,0.0,-0.0,3204.019775390625,0.0,22.8759765625,1895.4371337890625,0.0,362.0990295410156,0.2516845464706421,1.0,0.0,3.0,1.0,0.0
11983620,297.1418762207031,297.1499938964844,293.1499938964844,0.0,-0.0,288.4049987792969,0.7256297469139099,0.2826657593250274,0.258803516626358,297.0864562988281,297.1499938964844,293.1499938964844,0.0,-0.0,288.4051818847656,0.9104567766189576,0.5709409713745117,0.5433798432350159,297.47430419921875,297.1499938964844,293.1499938964844,0.0,-0.0,288.4052124023437,0.9990000128746032,0.7773004770278931,0.5310772061347961,297.1629943847656,297.1499938964844,293.1499938964844,0.0,-0.0,288.40509033203125,0.8065619468688965,0.3927558064460754,0.3760195076465606,297.1712341308594,297.1499938964844,293.1499938964844,0.0,-0.0,288.40496826171875,0.7204981446266174,0.2762576639652252,1.263680934906006,288.4051513671875,288.6875915527344,291.13580322265625,286.8223876953125,291.1362609863281,297.2886962890625,288.4056396484375,1.0,0.6824256777763367,1.0,1.0,0.0,1.0,-3.5705208778381348,3.5705106258392334,1.025709480018122e-05,2.7603909969329834,0.3323796987533569,0.3323796987533569,0.0,222.87673950195312,231.0,9869.3740234375,-0.0,3963.696044921875,1.0,283.1499938964844,287.82379150390625,289.80450439453125,290.5382080078125,293.1499938964844,293.1499938964844,283.1499938964844,18093.447265625,18000.0,313.1499938964844,0.0,18000.0,1.0,0.0,0.0,0.0,1.0,0.4406696259975433,1.0,0.0,0.0,0.5037018656730652,0.5037054419517517,1.6929359247797038e-08,4.265924453735352,4.265914440155029,9.78592834144365e-06,0.0,0.0,-0.0,3164.18505859375,0.0,22.45807266235352,1895.4371337890625,0.0,354.3475646972656,0.2509116232395172,1.0,0.0,3.0,1.0,0.0
11983680,297.1418762207031,297.1499938964844,293.1499938964844,0.0,-0.0,288.4049987792969,0.7256297469139099,0.2826657593250274,0.258803516626358,297.0864562988281,297.1499938964844,293.1499938964844,0.0,-0.0,288.4051818847656,0.9104567766189576,0.5709409713745117,0.5433798432350159,297.47430419921875,297.1499938964844,293.1499938964844,0.0,-0.0,288.4052124023437,0.9990000128746032,0.7773004770278931,0.5310772061347961,297.1629943847656,297.1499938964844,293.1499938964844,0.0,-0.0,288.40509033203125,0.8065619468688965,0.3927558064460754,0.3760195076465606,297.1712341308594,297.1499938964844,293.1499938964844,0.0,-0.0,288.40496826171875,0.7204981446266174,0.2762576639652252,1.263680934906006,288.4051513671875,288.6875915527344,291.13580322265625,286.8223876953125,291.1362609863281,297.2886962890625,288.4056396484375,1.0,0.6824256777763367,1.0,1.0,0.0,1.0,-3.5705208778381348,3.5705106258392334,1.025709480018122e-05,2.7603909969329834,0.3323796987533569,0.3323796987533569,0.0,222.87673950195312,231.0,9869.3740234375,-0.0,3963.696044921875,1.0,283.1499938964844,287.82379150390625,289.80450439453125,290.5382080078125,293.1499938964844,293.1499938964844,283.1499938964844,18093.447265625,18000.0,313.1499938964844,0.0,18000.0,1.0,0.0,0.0,0.0,1.0,0.4406696259975433,1.0,0.0,0.0,0.5037018656730652,0.5037054419517517,1.6929359247797038e-08,4.265924453735352,4.265914440155029,9.78592834144365e-06,0.0,0.0,-0.0,3164.18505859375,0.0,22.45807266235352,1895.4371337890625,0.0,354.3475646972656,0.2509116232395172,1.0,0.0,3.0,1.0,0.0
11983740,297.1415100097656,297.1499938964844,293.1499938964844,0.0,-0.0,288.4183044433594,0.7234668731689453,0.2825251817703247,0.2587769031524658,297.0863647460937,297.1499938964844,293.1499938964844,0.0,-0.0,288.4184875488281,0.9068896770477296,0.5701277852058411,0.542720377445221,297.4635925292969,297.1499938964844,293.1499938964844,0.0,-0.0,288.4185485839844,0.9990000128746032,0.7803224921226501,0.536156415939331,297.1628723144531,297.1499938964844,293.1499938964844,0.0,-0.0,288.4183959960937,0.80412757396698,0.3929086923599243,0.3762674033641815,297.1712646484375,297.1499938964844,293.1499938964844,0.0,-0.0,288.41827392578125,0.7186378836631775,0.2765296995639801,1.2653844356536863,288.4184875488281,288.7220458984375,291.1080322265625,286.8145446777344,291.1084899902344,297.28326416015625,288.4189758300781,1.0,0.6849160194396973,1.0,1.0,0.0,1.0,-3.578153371810913,3.578143119812012,1.030085149977822e-05,2.76624059677124,0.3281885683536529,0.3281885683536529,0.0,225.89483642578125,234.0,9741.30859375,-0.0,4001.8564453125,1.0,283.1499938964844,287.8354797363281,289.7952880859375,290.5198669433594,293.1499938964844,293.1499938964844,283.1499938964844,18097.67578125,18000.0,313.1499938964844,0.0,18000.0,1.0,0.0,0.0,0.0,1.0,0.4368198215961456,1.0,0.0,0.0,0.4958498477935791,0.4959180057048797,1.6405666158902932e-08,4.265924453735352,4.265914440155029,9.78592834144365e-06,0.0,0.0,-0.0,3121.797119140625,0.0,22.021484375,1895.4371337890625,0.0,346.17486572265625,0.2501016557216644,1.0,0.0,3.0,1.0,0.0
11983800,297.1415100097656,297.1499938964844,293.1499938964844,0.0,-0.0,288.4183044433594,0.7234668731689453,0.2825251817703247,0.2587769031524658,297.0863647460937,297.1499938964844,293.1499938964844,0.0,-0.0,288.4184875488281,0.9068896770477296,0.5701277852058411,0.542720377445221,297.4635925292969,297.1499938964844,293.1499938964844,0.0,-0.0,288.4185485839844,0.9990000128746032,0.7803224921226501,0.536156415939331,297.1628723144531,297.1499938964844,293.1499938964844,0.0,-0.0,288.4183959960937,0.80412757396698,0.3929086923599243,0.3762674033641815,297.1712646484375,297.1499938964844,293.1499938964844,0.0,-0.0,288.41827392578125,0.7186378836631775,0.2765296995639801,1.2653844356536863,288.4184875488281,288.7220458984375,291.1080322265625,286.8145446777344,291.1084899902344,297.28326416015625,288.4189758300781,1.0,0.6849160194396973,1.0,1.0,0.0,1.0,-3.578153371810913,3.578143119812012,1.030085149977822e-05,2.76624059677124,0.3281885683536529,0.3281885683536529,0.0,225.89483642578125,234.0,9741.30859375,-0.0,4001.8564453125,1.0,283.1499938964844,287.8354797363281,289.7952880859375,290.5198669433594,293.1499938964844,293.1499938964844,283.1499938964844,18097.67578125,18000.0,313.1499938964844,0.0,18000.0,1.0,0.0,0.0,0.0,1.0,0.4368198215961456,1.0,0.0,0.0,0.4958498477935791,0.4959180057048797,1.6405666158902932e-08,4.265924453735352,4.265914440155029,9.78592834144365e-06,0.0,0.0,-0.0,3121.797119140625,0.0,22.021484375,1895.4371337890625,0.0,346.17486572265625,0.2501016557216644,1.0,0.0,3.0,1.0,0.0
11983860,297.14117431640625,297.1499938964844,293.1499938964844,0.0,-0.0,288.4325866699219,0.7213359475135803,0.2823854088783264,0.2587502002716064,297.0863647460937,297.1499938964844,293.1499938964844,0.0,-0.0,288.4328308105469,0.9035120606422424,0.5693219900131226,0.5420668125152588,297.4527587890625,297.1499938964844,293.1499938964844,0.0,-0.0,288.432861328125,0.9990000128746032,0.7831955552101135,0.54118812084198,297.1628112792969,297.1499938964844,293.1499938964844,0.0,-0.0,288.4327087402344,0.8017417192459106,0.3930650055408478,0.3765164315700531,297.1713562011719,297.1499938964844,293.1499938964844,0.0,-0.0,288.4325866699219,0.7168062925338745,0.2768076360225677,1.2671115398406982,288.43280029296875,288.758056640625,291.0790100097656,286.8055419921875,291.0794677734375,297.27783203125,288.433349609375,1.0,0.687397301197052,1.0,1.0,0.0,1.0,-3.585765600204468,3.5857553482055664,1.0344598194933496e-05,2.7720797061920166,0.3237073719501495,0.3237073719501495,0.0,228.9131774902344,237.0,9603.9345703125,-0.0,4040.116943359375,1.0,283.1499938964844,287.8479919433594,289.7850036621094,290.4999389648437,293.1499938964844,293.1499938964844,283.1499938964844,18092.458984375,18000.0,313.1499938964844,0.0,18000.0,1.0,0.0,0.0,0.0,1.0,0.4327073991298675,1.0,0.0,0.0,0.4874470829963684,0.4893882274627685,1.5854350721156152e-08,4.265924453735352,4.265914440155029,9.78592834144365e-06,0.0,0.0,-0.0,3077.708740234375,0.0,21.63519287109375,1895.4371337890625,0.0,337.6336364746094,0.2493130564689636,1.0,0.0,3.0,1.0,0.0
11983920,297.14117431640625,297.1499938964844,293.1499938964844,0.0,-0.0,288.4325866699219,0.7213359475135803,0.2823854088783264,0.2587502002716064,297.0863647460937,297.1499938964844,293.1499938964844,0.0,-0.0,288.4328308105469,0.9035120606422424,0.5693219900131226,0.5420668125152588,297.4527587890625,297.1499938964844,293.1499938964844,0.0,-0.0,288.432861328125,0.9990000128746032,0.7831955552101135,0.54118812084198,297.1628112792969,297.1499938964844,293.1499938964844,0.0,-0.0,288.4327087402344,0.8017417192459106,0.3930650055408478,0.3765164315700531,297.1713562011719,297.1499938964844,293.1499938964844,0.0,-0.0,288.4325866699219,0.7168062925338745,0.2768076360225677,1.2671115398406982,288.43280029296875,288.758056640625,291.0790100097656,286.8055419921875,291.0794677734375,297.27783203125,288.433349609375,1.0,0.687397301197052,1.0,1.0,0.0,1.0,-3.585765600204468,3.5857553482055664,1.0344598194933496e-05,2.7720797061920166,0.3237073719501495,0.3237073719501495,0.0,228.9131774902344,237.0,9603.9345703125,-0.0,4040.116943359375,1.0,283.1499938964844,287.8479919433594,289.7850036621094,290.4999389648437,293.1499938964844,293.1499938964844,283.1499938964844,18092.458984375,18000.0,313.1499938964844,0.0,18000.0,1.0,0.0,0.0,0.0,1.0,0.4327073991298675,1.0,0.0,0.0,0.4874470829963684,0.4893882274627685,1.5854350721156152e-08,4.265924453735352,4.265914440155029,9.78592834144365e-06,0.0,0.0,-0.0,3077.708740234375,0.0,21.63519287109375,1895.4371337890625,0.0,337.6336364746094,0.2493130564689636,1.0,0.0,3.0,1.0,0.0
11983980,297.1409606933594,297.1499938964844,293.1499938964844,0.0,-0.0,288.4483642578125,0.7192263603210449,0.2822509109973907,0.2587275803089142,297.0865173339844,297.1499938964844,293.1499938964844,0.0,-0.0,288.4485778808594,0.9002888798713684,0.5685291886329651,0.5414245128631592,297.4421691894531,297.1499938964844,293.1499938964844,0.0,-0.0,288.4486389160156,0.9990000128746032,0.7859563827514648,0.5460979342460632,297.1628723144531,297.1499938964844,293.1499938964844,0.0,-0.0,288.448486328125,0.7994042634963989,0.3932327926158905,0.3767748773097992,297.1715393066406,297.1499938964844,293.1499938964844,0.0,-0.0,288.4483337402344,0.7149943113327026,0.2770957052707672,1.2688807249069214,288.4485778808594,288.7956237792969,291.0486755371094,286.79541015625,291.0491943359375,297.2726135253906,288.4491577148437,1.0,0.6898670792579651,1.0,1.0,0.0,1.0,-3.593311786651612,3.59330153465271,1.0388087503088173e-05,2.777878999710083,0.3189338445663452,0.3189338445663452,0.0,231.9398803710937,240.0,9455.93359375,-0.0,4078.4072265625,1.0,283.1499938964844,287.8617248535156,289.773681640625,290.47857666015625,293.1499938964844,293.1499938964844,283.1499938964844,18069.9375,18000.0,313.1499938964844,0.0,18000.0,1.0,0.0,0.0,0.0,1.0,0.4283606112003326,1.0,0.0,0.0,0.4784162938594818,0.4871951043605804,1.5272334508154017e-08,4.265924453735352,4.265914440155029,9.78592834144365e-06,0.0,0.0,-0.0,3031.215576171875,0.0,21.43642807006836,1895.4371337890625,0.0,328.8087158203125,0.2486918419599533,1.0,0.0,3.0,1.0,0.0
11984040,297.1409606933594,297.1499938964844,293.1499938964844,0.0,-0.0,288.4483642578125,0.7192263603210449,0.2822509109973907,0.2587275803089142,297.0865173339844,297.1499938964844,293.1499938964844,0.0,-0.0,288.4485778808594,0.9002888798713684,0.5685291886329651,0.5414245128631592,297.4421691894531,297.1499938964844,293.1499938964844,0.0,-0.0,288.4486389160156,0.9990000128746032,0.7859563827514648,0.5460979342460632,297.1628723144531,297.1499938964844,293.1499938964844,0.0,-0.0,288.448486328125,0.7994042634963989,0.3932327926158905,0.3767748773097992,297.1715393066406,297.1499938964844,293.1499938964844,0.0,-0.0,288.4483337402344,0.7149943113327026,0.2770957052707672,1.2688807249069214,288.4485778808594,288.7956237792969,291.0486755371094,286.79541015625,291.0491943359375,297.2726135253906,288.4491577148437,1.0,0.6898670792579651,1.0,1.0,0.0,1.0,-3.593311786651612,3.59330153465271,1.0388087503088173e-05,2.777878999710083,0.3189338445663452,0.3189338445663452,0.0,231.9398803710937,240.0,9455.93359375,-0.0,4078.4072265625,1.0,283.1499938964844,287.8617248535156,289.773681640625,290.47857666015625,293.1499938964844,293.1499938964844,283.1499938964844,18069.9375,18000.0,313.1499938964844,0.0,18000.0,1.0,0.0,0.0,0.0,1.0,0.4283606112003326,1.0,0.0,0.0,0.4784162938594818,0.4871951043605804,1.5272334508154017e-08,4.265924453735352,4.265914440155029,9.78592834144365e-06,0.0,0.0,-0.0,3031.215576171875,0.0,21.43642807006836,1895.4371337890625,0.0,328.8087158203125,0.2486918419599533,1.0,0.0,3.0,1.0,0.0
11984100,297.140869140625,297.1499938964844,293.1499938964844,0.0,-0.0,288.45654296875,0.7181522846221924,0.2821857035160064,0.258719801902771,297.08660888671875,297.1499938964844,293.1499938964844,0.0,-0.0,288.456787109375,0.8986654877662659,0.5681380033493042,0.5411099791526794,297.4371337890625,297.1499938964844,293.1499938964844,0.0,-0.0,288.45684814453125,0.9990000128746032,0.7873126864433289,0.548336386680603,297.1629638671875,297.1499938964844,293.1499938964844,0.0,-0.0,288.4566955566406,0.7982231974601746,0.3933218121528625,0.3769105076789856,297.1716613769531,297.1499938964844,293.1499938964844,0.0,-0.0,288.45654296875,0.7140685319900513,0.2772440016269684,1.269792079925537,288.456787109375,288.8150329589844,291.0330505371094,286.7898864746094,291.0335388183594,297.2701416015625,288.4573669433594,1.0,0.6910861134529114,1.0,1.0,0.0,1.0,-3.596877098083496,3.596866607666016,1.0408686648588628e-05,2.7806265354156494,0.3164334297180176,0.3164334297180176,0.0,233.48280334472656,240.0,9378.58203125,-0.0,4097.2431640625,1.0,283.1499938964844,287.8689880371094,289.7675170898437,290.4671325683594,293.1499938964844,293.1499938964844,283.1499938964844,18057.265625,18000.0,313.1499938964844,0.0,18000.0,1.0,0.0,0.0,0.0,1.0,0.4260923862457275,1.0,0.0,0.0,0.4737387597560882,0.4876154661178589,1.4975155337992874e-08,4.265924453735352,4.265914440155029,9.78592834144365e-06,0.0,0.0,-0.0,3006.517333984375,0.0,21.40702247619629,1895.4371337890625,0.0,324.2834167480469,0.2484627813100814,1.0,0.0,3.0,1.0,0.0
11984160,297.14080810546875,297.1499938964844,293.1499938964844,0.0,-0.0,288.4647216796875,0.7170475125312805,0.2821207046508789,0.258714497089386,297.08673095703125,297.1499938964844,293.1499938964844,0.0,-0.0,288.4649658203125,0.8970112204551697,0.5677487850189209,0.5407999157905579,297.4324645996094,297.1499938964844,293.1499938964844,0.0,-0.0,288.46502685546875,0.9990000128746032,0.7886737585067749,0.5502986907958984,297.1630554199219,297.1499938964844,293.1499938964844,0.0,-0.0,288.4648742675781,0.797014594078064,0.3934133350849151,0.3770508766174316,297.1717834472656,297.1499938964844,293.1499938964844,0.0,-0.0,288.4647216796875,0.7131118774414062,0.2773945927619934,1.270723819732666,288.4649658203125,288.8348083496094,291.01708984375,286.7840881347656,291.0176086425781,297.2678527832031,288.4655456542969,1.0,0.69228196144104,1.0,1.0,0.0,1.0,-3.600149154663086,3.600138902664185,1.0427625056763644e-05,2.7831528186798096,0.3138510286808014,0.3138510286808014,0.0,235.0603179931641,243.0,9299.4140625,-0.0,4115.55322265625,1.0,283.1499938964844,287.8763122558594,289.760986328125,290.455078125,293.1499938964844,293.1499938964844,283.1499938964844,18047.22265625,18000.0,313.1499938964844,0.0,18000.0,1.0,0.0,0.0,0.0,1.0,0.4237442314624786,1.0,0.0,0.0,0.4689942300319671,0.4885160624980926,1.4676702519977882e-08,4.265924453735352,4.265914440155029,9.78592834144365e-06,0.0,0.0,-0.0,2980.840576171875,0.0,21.40268325805664,1895.4371337890625,0.0,319.65435791015625,0.2482743263244629,1.0,0.0,3.0,1.0,0.0
11984220,297.1406555175781,297.1499938964844,293.1499938964844,0.0,-0.0,288.480712890625,0.7147346138954163,0.2819876074790954,0.258708119392395,297.08697509765625,297.1499938964844,293.1499938964844,0.0,-0.0,288.4809265136719,0.893605649471283,0.5669713616371155,0.5401887893676758,297.4248962402344,297.1499938964844,293.1499938964844,0.0,-0.0,288.4809875488281,0.9984366297721864,0.7914808988571167,0.5532028079032898,297.16326904296875,297.1499938964844,293.1499938964844,0.0,-0.0,288.4808349609375,0.7945104837417603,0.3936003744602203,0.3773427307605743,297.1720886230469,297.1499938964844,293.1499938964844,0.0,-0.0,288.480712890625,0.7110968828201294,0.2777008414268493,1.272641897201538,288.4809265136719,288.8756103515625,290.98419189453125,286.7716064453125,290.9847412109375,297.2640686035156,288.4814758300781,1.0,0.6945708990097046,1.0,1.0,0.0,1.0,-3.605561017990112,3.605550527572632,1.0459005352458917e-05,2.787339210510254,0.3084230720996856,0.3084230720996856,0.0,238.3140869140625,246.0,9135.7626953125,-0.0,4149.87451171875,1.0,283.1499938964844,287.89080810546875,289.7467041015625,290.42926025390625,293.1499938964844,293.1499938964844,283.1499938964844,18037.419921875,18000.0,313.1499938964844,0.0,18000.0,1.0,0.0,0.0,0.0,1.0,0.4187670052051544,1.0,0.0,0.0,0.4593150317668915,0.490530401468277,1.4077151000435606e-08,4.265924453735352,4.265914440155029,9.78592834144365e-06,0.0,0.0,-0.0,2927.056884765625,0.0,21.413475036621094,1895.4371337890625,0.0,310.0226135253906,0.247957170009613,1.0,0.0,3.0,1.0,0.0
11984280,297.1406555175781,297.1499938964844,293.1499938964844,0.0,-0.0,288.480712890625,0.7147346138954163,0.2819876074790954,0.258708119392395,297.08697509765625,297.1499938964844,293.1499938964844,0.0,-0.0,288.4809265136719,0.893605649471283,0.5669713616371155,0.5401887893676758,297.4248962402344,297.1499938964844,293.1499938964844,0.0,-0.0,288.4809875488281,0.9984366297721864,0.7914808988571167,0.5532028079032898,297.16326904296875,297.1499938964844,293.1499938964844,0.0,-0.0,288.4808349609375,0.7945104837417603,0.3936003744602203,0.3773427307605743,297.1720886230469,297.1499938964844,293.1499938964844,0.0,-0.0,288.480712890625,0.7110968828201294,0.2777008414268493,1.272641897201538,288.4809265136719,288.8756103515625,290.98419189453125,286.7716064453125,290.9847412109375,297.2640686035156,288.4814758300781,1.0,0.6945708990097046,1.0,1.0,0.0,1.0,-3.605561017990112,3.605550527572632,1.0459005352458917e-05,2.787339210510254,0.3084230720996856,0.3084230720996856,0.0,238.3140869140625,246.0,9135.7626953125,-0.0,4149.87451171875,1.0,283.1499938964844,287.89080810546875,289.7467041015625,290.42926025390625,293.1499938964844,293.1499938964844,283.1499938964844,18037.419921875,18000.0,313.1499938964844,0.0,18000.0,1.0,0.0,0.0,0.0,1.0,0.4187670052051544,1.0,0.0,0.0,0.4593150317668915,0.490530401468277,1.4077151000435606e-08,4.265924453735352,4.265914440155029,9.78592834144365e-06,0.0,0.0,-0.0,2927.056884765625,0.0,21.413475036621094,1895.4371337890625,0.0,310.0226135253906,0.247957170009613,1.0,0.0,3.0,1.0,0.0
11984340,297.1405029296875,297.1499938964844,293.1499938964844,0.0,-0.0,288.4926147460937,0.7129577398300171,0.2818838357925415,0.258701741695404,297.0871276855469,297.1499938964844,293.1499938964844,0.0,-0.0,288.49285888671875,0.8910388946533203,0.5663803815841675,0.5397254228591919,297.4208068847656,297.1499938964844,293.1499938964844,0.0,-0.0,288.492919921875,0.9973395466804504,0.7937173247337341,0.5548327565193176,297.1634521484375,297.1499938964844,293.1499938964844,0.0,-0.0,288.4927673339844,0.7926244735717773,0.3937455117702484,0.3775684833526611,297.17236328125,297.1499938964844,293.1499938964844,0.0,-0.0,288.4926147460937,0.7095525860786438,0.2779393196105957,1.274127960205078,288.4928283691406,288.9076843261719,290.95831298828125,286.7613220214844,290.9588928222656,297.2619934082031,288.4933776855469,1.0,0.6962242126464844,1.0,1.0,0.0,1.0,-3.6090166568756095,3.60900616645813,1.0479051525180694e-05,2.790006399154663,0.304052323102951,0.304052323102951,0.0,240.78494262695312,246.0,9006.5625,-0.0,4174.26611328125,1.0,283.1499938964844,287.9016418457031,289.73492431640625,290.408203125,293.1499938964844,293.1499938964844,283.1499938964844,18036.966796875,18000.0,313.1499938964844,0.0,18000.0,1.0,0.0,0.0,0.0,1.0,0.4147171080112457,1.0,0.0,0.0,0.4517524242401123,0.4917041063308716,1.3617407645938329e-08,4.265924453735352,4.265914440155029,9.78592834144365e-06,0.0,0.0,-0.0,2884.254638671875,0.0,21.41087913513184,1895.4371337890625,0.0,302.35791015625,0.2477243691682815,1.0,0.0,3.0,1.0,0.0
11984400,297.1404724121094,297.1499938964844,293.1499938964844,0.0,-0.0,288.4964294433594,0.7124088406562805,0.2818511426448822,0.2586989998817444,297.0871887207031,297.1499938964844,293.1499938964844,0.0,-0.0,288.49664306640625,0.8902535438537598,0.5661942362785339,0.5395786762237549,297.4197082519531,297.1499938964844,293.1499938964844,0.0,-0.0,288.4967346191406,0.997006058692932,0.7944343090057373,0.5553432703018188,297.1635131835937,297.1499938964844,293.1499938964844,0.0,-0.0,288.4965515136719,0.7920507192611694,0.3937923312187195,0.3776398599147796,297.1724548339844,297.1499938964844,293.1499938964844,0.0,-0.0,288.4964294433594,0.7090790271759033,0.2780162096023559,1.274600386619568,288.49664306640625,288.9179992675781,290.95001220703125,286.7579345703125,290.9505615234375,297.2614440917969,288.4971923828125,1.0,0.6967377066612244,1.0,1.0,0.0,1.0,-3.61010479927063,3.610094308853149,1.0485367056389803e-05,2.790846109390259,0.3026273250579834,0.3026273250579834,0.0,241.548568725586,249.0,8964.884765625,-0.0,4181.8671875,1.0,283.1499938964844,287.90509033203125,289.7310791015625,290.4013061523437,293.1499938964844,293.1499938964844,283.1499938964844,18037.47265625,18000.0,313.1499938964844,0.0,18000.0,1.0,0.0,0.0,0.0,1.0,0.4133904278278351,1.0,0.0,0.0,0.4493201971054077,0.4919948577880859,1.3471171733669962e-08,4.265924453735352,4.265914440155029,9.78592834144365e-06,0.0,0.0,-0.0,2870.42578125,0.0,21.406747817993164,1895.4371337890625,0.0,299.8792724609375,0.247648224234581,1.0,0.0,3.0,1.0,0.0
11984460,297.1385192871094,297.1499938964844,293.1499938964844,0.0,-0.0,288.5120544433594,0.709936797618866,0.2815369665622711,0.2585963904857635,297.08563232421875,297.1499938964844,293.1499938964844,0.0,-0.0,288.51226806640625,0.8868541121482849,0.5652439594268799,0.538874626159668,297.41387939453125,297.1499938964844,293.1499938964844,0.0,-0.0,288.5123291015625,0.9955081939697266,0.7972638010978699,0.5574242472648621,297.1619567871094,297.1499938964844,293.1499938964844,0.0,-0.0,288.5121765136719,0.7895222902297974,0.3938110172748565,0.3778445124626159,297.17095947265625,297.1499938964844,293.1499938964844,0.0,-0.0,288.5120544433594,0.7069300413131714,0.2781549990177154,1.2761212587356567,288.51226806640625,288.9635314941406,290.9132995605469,286.7420349121094,290.9139099121094,297.2576904296875,288.5127868652344,1.0,0.6987898945808411,1.0,1.0,0.0,1.0,-3.6137168407440186,3.613706350326538,1.05064491435769e-05,2.793670177459717,0.2964155077934265,0.2964155077934265,0.0,244.81314086914065,252.0,8783.857421875,-0.0,4211.630859375,1.0,283.1499938964844,287.9193725585937,289.71392822265625,290.3713073730469,293.1499938964844,293.1499938964844,283.1499938964844,18041.58203125,18000.0,313.1499938964844,0.0,18000.0,1.0,0.0,0.0,0.0,1.0,0.4077472388744354,1.0,0.0,0.0,0.4389010667800903,0.4927929639816284,1.2853657693767673e-08,4.265924453735352,4.265914440155029,9.78592834144365e-06,0.0,0.0,-0.0,2810.755126953125,0.0,21.37076759338379,1895.4371337890625,0.0,289.50494384765625,0.2473083436489105,1.0,0.0,3.0,1.0,0.0
11984520,297.1385192871094,297.1499938964844,293.1499938964844,0.0,-0.0,288.5120544433594,0.709936797618866,0.2815369665622711,0.2585963904857635,297.08563232421875,297.1499938964844,293.1499938964844,0.0,-0.0,288.51226806640625,0.8868541121482849,0.5652439594268799,0.538874626159668,297.41387939453125,297.1499938964844,293.1499938964844,0.0,-0.0,288.5123291015625,0.9955081939697266,0.7972638010978699,0.5574242472648621,297.1619567871094,297.1499938964844,293.1499938964844,0.0,-0.0,288.5121765136719,0.7895222902297974,0.3938110172748565,0.3778445124626159,297.17095947265625,297.1499938964844,293.1499938964844,0.0,-0.0,288.5120544433594,0.7069300413131714,0.2781549990177154,1.2761212587356567,288.51226806640625,288.9635314941406,290.9132995605469,286.7420349121094,290.9139099121094,297.2576904296875,288.5127868652344,1.0,0.6987898945808411,1.0,1.0,0.0,1.0,-3.6137168407440186,3.613706350326538,1.05064491435769e-05,2.793670177459717,0.2964155077934265,0.2964155077934265,0.0,244.81314086914065,252.0,8783.857421875,-0.0,4211.630859375,1.0,283.1499938964844,287.9193725585937,289.71392822265625,290.3713073730469,293.1499938964844,293.1499938964844,283.1499938964844,18041.58203125,18000.0,313.1499938964844,0.0,18000.0,1.0,0.0,0.0,0.0,1.0,0.4077472388744354,1.0,0.0,0.0,0.4389010667800903,0.4927929639816284,1.2853657693767673e-08,4.265924453735352,4.265914440155029,9.78592834144365e-06,0.0,0.0,-0.0,2810.755126953125,0.0,21.37076759338379,1895.4371337890625,0.0,289.50494384765625,0.2473083436489105,1.0,0.0,3.0,1.0,0.0
11984580,297.1343078613281,297.1499938964844,293.1499938964844,0.0,-0.0,288.5263977050781,0.7069759368896484,0.2809635400772095,0.2582624554634094,297.0817565917969,297.1499938964844,293.1499938964844,0.0,-0.0,288.526611328125,0.8830910921096802,0.5640372037887573,0.5379323959350586,297.4062194824219,297.1499938964844,293.1499938964844,0.0,-0.0,288.5266418457031,0.9936897158622742,0.7998296022415161,0.5593314170837402,297.15802001953125,297.1499938964844,293.1499938964844,0.0,-0.0,288.5265197753906,0.7866043448448181,0.3935641646385193,0.3778027892112732,297.1668395996094,297.1499938964844,293.1499938964844,0.0,-0.0,288.5263977050781,0.7043246030807495,0.2780020236968994,1.276375651359558,288.5265808105469,289.0134582519531,290.8730163574219,286.7229309082031,290.8736877441406,297.2518615722656,288.5270690917969,1.0,0.7006043195724487,1.0,1.0,0.0,1.0,-3.614734649658203,3.614724159240722,1.05124499896192e-05,2.7944860458374023,0.2896878123283386,0.2896878123283386,0.0,248.28257751464844,255.0,8588.0126953125,-0.0,4235.76708984375,1.0,283.1499938964844,287.932861328125,289.6940002441406,290.3379821777344,293.1499938964844,293.1499938964844,283.1499938964844,18046.4375,18000.0,313.1499938964844,0.0,18000.0,1.0,0.0,0.0,0.0,1.0,0.4019649028778076,1.0,0.0,0.0,0.427892118692398,0.4931129813194275,1.2216928801933593e-08,4.265924453735352,4.265914440155029,9.78592834144365e-06,0.0,0.0,-0.0,2746.474609375,0.0,21.310237884521484,1895.4371337890625,0.0,279.1418151855469,0.2469274401664734,1.0,0.0,3.0,1.0,0.0
11984640,297.1343078613281,297.1499938964844,293.1499938964844,0.0,-0.0,288.5263977050781,0.7069759368896484,0.2809635400772095,0.2582624554634094,297.0817565917969,297.1499938964844,293.1499938964844,0.0,-0.0,288.526611328125,0.8830910921096802,0.5640372037887573,0.5379323959350586,297.4062194824219,297.1499938964844,293.1499938964844,0.0,-0.0,288.5266418457031,0.9936897158622742,0.7998296022415161,0.5593314170837402,297.15802001953125,297.1499938964844,293.1499938964844,0.0,-0.0,288.5265197753906,0.7866043448448181,0.3935641646385193,0.3778027892112732,297.1668395996094,297.1499938964844,293.1499938964844,0.0,-0.0,288.5263977050781,0.7043246030807495,0.2780020236968994,1.276375651359558,288.5265808105469,289.0134582519531,290.8730163574219,286.7229309082031,290.8736877441406,297.2518615722656,288.5270690917969,1.0,0.7006043195724487,1.0,1.0,0.0,1.0,-3.614734649658203,3.614724159240722,1.05124499896192e-05,2.7944860458374023,0.2896878123283386,0.2896878123283386,0.0,248.28257751464844,255.0,8588.0126953125,-0.0,4235.76708984375,1.0,283.1499938964844,287.932861328125,289.6940002441406,290.3379821777344,293.1499938964844,293.1499938964844,283.1499938964844,18046.4375,18000.0,313.1499938964844,0.0,18000.0,1.0,0.0,0.0,0.0,1.0,0.4019649028778076,1.0,0.0,0.0,0.427892118692398,0.4931129813194275,1.2216928801933593e-08,4.265924453735352,4.265914440155029,9.78592834144365e-06,0.0,0.0,-0.0,2746.474609375,0.0,21.310237884521484,1895.4371337890625,0.0,279.1418151855469,0.2469274401664734,1.0,0.0,3.0,1.0,0.0
11984700,297.1317138671875,297.1499938964844,293.1499938964844,0.0,-0.0,288.5332336425781,0.7054088115692139,0.2806108295917511,0.2580310702323913,297.079345703125,297.1499938964844,293.1499938964844,0.0,-0.0,288.533447265625,0.8811613321304321,0.5633673667907715,0.5373937487602234,297.4019775390625,297.1499938964844,293.1499938964844,0.0,-0.0,288.5334777832031,0.9927211999893188,0.8010363578796387,0.560230016708374,297.1555480957031,297.1499938964844,293.1499938964844,0.0,-0.0,288.5333557128906,0.7850822806358337,0.3933716416358948,0.3777112662792206,297.1641540527344,297.1499938964844,293.1499938964844,0.0,-0.0,288.5332336425781,0.7029293775558472,0.2778445482254028,1.2761141061782837,288.5334167480469,289.0399780273437,290.85162353515625,286.7122497558594,290.8523254394531,297.2485046386719,288.53387451171875,1.0,0.7014183402061462,1.0,1.0,0.0,1.0,-3.614465951919556,3.614455223083496,1.0510910215089098e-05,2.794286727905273,0.2861093580722809,0.2861093580722809,0.0,250.0295867919922,255.0,8484.5322265625,-0.0,4245.8310546875,1.0,283.1499938964844,287.9393310546875,289.68267822265625,290.319580078125,293.1499938964844,293.1499938964844,283.1499938964844,18048.68359375,18000.0,313.1499938964844,0.0,18000.0,1.0,0.0,0.0,0.0,1.0,0.3989711701869964,1.0,0.0,0.0,0.4221414923667907,0.4931551516056061,1.1890757711796596e-08,4.265924453735352,4.265914440155029,9.78592834144365e-06,0.0,0.0,-0.0,2712.398193359375,0.0,21.27312660217285,1895.4371337890625,0.0,273.87506103515625,0.2467225641012191,1.0,0.0,3.0,1.0,0.0
11984760,297.12896728515625,297.1499938964844,293.1499938964844,0.0,-0.0,288.5399780273437,0.7038178443908691,0.2802247107028961,0.2577673196792602,297.07672119140625,297.1499938964844,293.1499938964844,0.0,-0.0,288.5401916503906,0.8792291283607483,0.5626634359359741,0.5368208885192871,297.3976135253906,297.1499938964844,293.1499938964844,0.0,-0.0,288.54022216796875,0.991734504699707,0.8022006750106812,0.561098039150238,297.15289306640625,297.1499938964844,293.1499938964844,0.0,-0.0,288.54010009765625,0.7835474610328674,0.3931441307067871,0.377584159374237,297.16119384765625,297.1499938964844,293.1499938964844,0.0,-0.0,288.5399780273437,0.7015025615692139,0.2776449024677276,1.2756496667861938,288.5401611328125,289.0675354003906,290.82940673828125,286.70086669921875,290.83013916015625,297.2449645996094,288.5406188964844,1.0,0.7021760940551758,1.0,1.0,0.0,1.0,-3.613792896270752,3.613782405853272,1.05070121207973e-05,2.793771982192993,0.2823816835880279,0.2823816835880279,0.0,251.7661590576172,258.0,8377.4443359375,-0.0,4254.74609375,1.0,283.1499938964844,287.9457397460937,289.6703491210937,290.2999572753906,293.1499938964844,293.1499938964844,283.1499938964844,18050.689453125,18000.0,313.1499938964844,0.0,18000.0,1.0,0.0,0.0,0.0,1.0,0.3958712816238403,1.0,0.0,0.0,0.4162264168262481,0.4931491613388061,1.1559864177002057e-08,4.265924453735352,4.265914440155029,9.78592834144365e-06,0.0,0.0,-0.0,2677.077392578125,0.0,21.23281478881836,1895.4371337890625,0.0,268.4881286621094,0.2465095818042755,1.0,0.0,3.0,1.0,0.0
11984820,297.1231689453125,297.1499938964844,293.1499938964844,0.0,-0.0,288.55340576171875,0.7006023526191711,0.2793700098991394,0.2571605741977691,297.0711669921875,297.1499938964844,293.1499938964844,0.0,-0.0,288.5536193847656,0.875392735004425,0.5611709356307983,0.5355901718139648,297.3885192871094,297.1499938964844,293.1499938964844,0.0,-0.0,288.5536499023437,0.9897319078445436,0.8044165968894958,0.5627532601356506,297.1471862792969,297.1499938964844,293.1499938964844,0.0,-0.0,288.55352783203125,0.7804765701293945,0.3926033973693847,0.3772431313991546,297.15484619140625,297.1499938964844,293.1499938964844,0.0,-0.0,288.55340576171875,0.6985960602760315,0.2771415710449219,1.2742204666137695,288.5535888671875,289.1254272460937,290.78271484375,286.676025390625,290.7834777832031,297.2375793457031,288.5540466308594,1.0,0.7035419940948486,1.0,1.0,0.0,1.0,-3.611445426940918,3.6114349365234375,1.049338243319653e-05,2.7919626235961914,0.2744591236114502,0.2744591236114502,0.0,255.1908416748047,261.0,8152.72265625,-0.0,4269.57666015625,1.0,283.1499938964844,287.9584655761719,289.64288330078125,290.25701904296875,293.1499938964844,293.1499938964844,283.1499938964844,18054.052734375,18000.0,313.1499938964844,0.0,18000.0,1.0,0.0,0.0,0.0,1.0,0.38925302028656,1.0,0.0,0.0,0.403907835483551,0.4930325448513031,1.0885742973698598e-08,4.265924453735352,4.265914440155029,9.78592834144365e-06,0.0,0.0,-0.0,2602.826171875,0.0,21.14473533630371,1895.4371337890625,0.0,257.1971435546875,0.2460629642009735,1.0,0.0,3.0,1.0,0.0
11984880,297.1231689453125,297.1499938964844,293.1499938964844,0.0,-0.0,288.55340576171875,0.7006023526191711,0.2793700098991394,0.2571605741977691,297.0711669921875,297.1499938964844,293.1499938964844,0.0,-0.0,288.5536193847656,0.875392735004425,0.5611709356307983,0.5355901718139648,297.3885192871094,297.1499938964844,293.1499938964844,0.0,-0.0,288.5536499023437,0.9897319078445436,0.8044165968894958,0.5627532601356506,297.1471862792969,297.1499938964844,293.1499938964844,0.0,-0.0,288.55352783203125,0.7804765701293945,0.3926033973693847,0.3772431313991546,297.15484619140625,297.1499938964844,293.1499938964844,0.0,-0.0,288.55340576171875,0.6985960602760315,0.2771415710449219,1.2742204666137695,288.5535888671875,289.1254272460937,290.78271484375,286.676025390625,290.7834777832031,297.2375793457031,288.5540466308594,1.0,0.7035419940948486,1.0,1.0,0.0,1.0,-3.611445426940918,3.6114349365234375,1.049338243319653e-05,2.7919626235961914,0.2744591236114502,0.2744591236114502,0.0,255.1908416748047,261.0,8152.72265625,-0.0,4269.57666015625,1.0,283.1499938964844,287.9584655761719,289.64288330078125,290.25701904296875,293.1499938964844,293.1499938964844,283.1499938964844,18054.052734375,18000.0,313.1499938964844,0.0,18000.0,1.0,0.0,0.0,0.0,1.0,0.38925302028656,1.0,0.0,0.0,0.403907835483551,0.4930325448513031,1.0885742973698598e-08,4.265924453735352,4.265914440155029,9.78592834144365e-06,0.0,0.0,-0.0,2602.826171875,0.0,21.14473533630371,1895.4371337890625,0.0,257.1971435546875,0.2460629642009735,1.0,0.0,3.0,1.0,0.0
11984940,297.1171875,297.1499938964844,293.1499938964844,0.0,-0.0,288.5670471191406,0.6973705291748047,0.2784228026866913,0.2564657926559448,297.0653381347656,297.1499938964844,293.1499938964844,0.0,-0.0,288.5672607421875,0.871616542339325,0.5595824122428894,0.5342642068862915,297.3792419433594,297.1499938964844,293.1499938964844,0.0,-0.0,288.5673217773437,0.9877068400382996,0.8064965605735779,0.5643114447593689,297.1412658691406,297.1499938964844,293.1499938964844,0.0,-0.0,288.5671691894531,0.7774299383163452,0.3919669687747955,0.376806378364563,297.14813232421875,297.1499938964844,293.1499938964844,0.0,-0.0,288.5670471191406,0.6956531405448914,0.2765232026576996,1.272242307662964,288.5672607421875,289.1868896484375,290.733154296875,286.6485900878906,290.7339782714844,297.2299499511719,288.56768798828125,1.0,0.7047349214553833,1.0,1.0,0.0,1.0,-3.607985019683838,3.607974529266357,1.0473279871803244e-05,2.7892866134643555,0.2658751606941223,0.2658751606941223,0.0,258.5458984375,264.0,7914.31787109375,-0.0,4280.9658203125,1.0,283.1499938964844,287.9713439941406,289.612060546875,290.2095031738281,293.1499938964844,293.1499938964844,283.1499938964844,18056.693359375,18000.0,313.1499938964844,0.0,18000.0,1.0,0.0,0.0,0.0,1.0,0.3819462954998016,1.0,0.0,0.0,0.3909439742565155,0.492816299200058,1.0199666888865977e-08,4.265924453735352,4.265914440155029,9.78592834144365e-06,0.0,0.0,-0.0,2523.950927734375,0.0,21.04903984069824,1895.4371337890625,0.0,245.02975463867188,0.2455934137105941,1.0,0.0,3.0,1.0,0.0
11985000,297.1171875,297.1499938964844,293.1499938964844,0.0,-0.0,288.5670471191406,0.6973705291748047,0.2784228026866913,0.2564657926559448,297.0653381347656,297.1499938964844,293.1499938964844,0.0,-0.0,288.5672607421875,0.871616542339325,0.5595824122428894,0.5342642068862915,297.3792419433594,297.1499938964844,293.1499938964844,0.0,-0.0,288.5673217773437,0.9877068400382996,0.8064965605735779,0.5643114447593689,297.1412658691406,297.1499938964844,293.1499938964844,0.0,-0.0,288.5671691894531,0.7774299383163452,0.3919669687747955,0.376806378364563,297.14813232421875,297.1499938964844,293.1499938964844,0.0,-0.0,288.5670471191406,0.6956531405448914,0.2765232026576996,1.272242307662964,288.5672607421875,289.1868896484375,290.733154296875,286.6485900878906,290.7339782714844,297.2299499511719,288.56768798828125,1.0,0.7047349214553833,1.0,1.0,0.0,1.0,-3.607985019683838,3.607974529266357,1.0473279871803244e-05,2.7892866134643555,0.2658751606941223,0.2658751606941223,0.0,258.5458984375,264.0,7914.31787109375,-0.0,4280.9658203125,1.0,283.1499938964844,287.9713439941406,289.612060546875,290.2095031738281,293.1499938964844,293.1499938964844,283.1499938964844,18056.693359375,18000.0,313.1499938964844,0.0,18000.0,1.0,0.0,0.0,0.0,1.0,0.3819462954998016,1.0,0.0,0.0,0.3909439742565155,0.492816299200058,1.0199666888865977e-08,4.265924453735352,4.265914440155029,9.78592834144365e-06,0.0,0.0,-0.0,2523.950927734375,0.0,21.04903984069824,1895.4371337890625,0.0,245.02975463867188,0.2455934137105941,1.0,0.0,3.0,1.0,0.0
11985060,297.1111755371094,297.1499938964844,293.1499938964844,0.0,-0.0,288.58111572265625,0.6941362619400024,0.2773977518081665,0.255698025226593,297.0594482421875,297.1499938964844,293.1499938964844,0.0,-0.0,288.5813293457031,0.8679068088531494,0.5579119920730591,0.5328583121299744,297.3699035644531,297.1499938964844,293.1499938964844,0.0,-0.0,288.5813903808594,0.9856632351875304,0.8084534406661987,0.5657827258110046,297.1352844238281,297.1499938964844,293.1499938964844,0.0,-0.0,288.58123779296875,0.7744175791740417,0.391249805688858,0.3762902915477752,297.141357421875,297.1499938964844,293.1499938964844,0.0,-0.0,288.58111572265625,0.6926930546760559,0.2758104503154754,1.2698194980621338,288.5813293457031,289.2515869140625,290.68096923828125,286.6188049316406,290.68182373046875,297.2222900390625,288.581787109375,1.0,0.7057847380638123,1.0,1.0,0.0,1.0,-3.603605270385742,3.603595018386841,1.0447856766404584e-05,2.7858963012695312,0.2565956711769104,0.2565956711769104,0.0,261.8407897949219,267.0,7663.18798828125,-0.0,4289.49072265625,1.0,283.1499938964844,287.98468017578125,289.5785522460937,290.1581420898437,293.1499938964844,293.1499938964844,283.1499938964844,18058.681640625,18000.0,313.1499938964844,0.0,18000.0,1.0,0.0,0.0,0.0,1.0,0.373887151479721,1.0,0.0,0.0,0.3773694038391113,0.4925349056720733,9.52293532918702e-09,4.265924453735352,4.265914440155029,9.78592834144365e-06,0.0,0.0,-0.0,2440.83447265625,0.0,20.94803237915039,1895.4371337890625,0.0,231.9183349609375,0.2451064735651016,1.0,0.0,3.0,1.0,0.0
11985120,297.1111755371094,297.1499938964844,293.1499938964844,0.0,-0.0,288.58111572265625,0.6941362619400024,0.2773977518081665,0.255698025226593,297.0594482421875,297.1499938964844,293.1499938964844,0.0,-0.0,288.5813293457031,0.8679068088531494,0.5579119920730591,0.5328583121299744,297.3699035644531,297.1499938964844,293.1499938964844,0.0,-0.0,288.5813903808594,0.9856632351875304,0.8084534406661987,0.5657827258110046,297.1352844238281,297.1499938964844,293.1499938964844,0.0,-0.0,288.58123779296875,0.7744175791740417,0.391249805688858,0.3762902915477752,297.141357421875,297.1499938964844,293.1499938964844,0.0,-0.0,288.58111572265625,0.6926930546760559,0.2758104503154754,1.2698194980621338,288.5813293457031,289.2515869140625,290.68096923828125,286.6188049316406,290.68182373046875,297.2222900390625,288.581787109375,1.0,0.7057847380638123,1.0,1.0,0.0,1.0,-3.603605270385742,3.603595018386841,1.0447856766404584e-05,2.7858963012695312,0.2565956711769104,0.2565956711769104,0.0,261.8407897949219,267.0,7663.18798828125,-0.0,4289.49072265625,1.0,283.1499938964844,287.98468017578125,289.5785522460937,290.1581420898437,293.1499938964844,293.1499938964844,283.1499938964844,18058.681640625,18000.0,313.1499938964844,0.0,18000.0,1.0,0.0,0.0,0.0,1.0,0.373887151479721,1.0,0.0,0.0,0.3773694038391113,0.4925349056720733,9.52293532918702e-09,4.265924453735352,4.265914440155029,9.78592834144365e-06,0.0,0.0,-0.0,2440.83447265625,0.0,20.94803237915039,1895.4371337890625,0.0,231.9183349609375,0.2451064735651016,1.0,0.0,3.0,1.0,0.0
11985180,297.1052551269531,297.1499938964844,293.1499938964844,0.0,-0.0,288.5956115722656,0.6909027099609375,0.2763038873672485,0.2548668682575226,297.0535583496094,297.1499938964844,293.1499938964844,0.0,-0.0,288.5958251953125,0.8642597794532776,0.5561681985855103,0.5313819050788879,297.360595703125,297.1499938964844,293.1499938964844,0.0,-0.0,288.5959167480469,0.9835970997810364,0.8102953433990479,0.5671737790107727,297.1293334960937,297.1499938964844,293.1499938964844,0.0,-0.0,288.5957336425781,0.7714387774467468,0.3904606401920318,0.3757047653198242,297.1346130371094,297.1499938964844,293.1499938964844,0.0,-0.0,288.5956115722656,0.6897228360176086,0.2750165462493896,1.2670207023620603,288.5958251953125,289.3192443847656,290.6264038085937,286.5868225097656,290.6272888183594,297.2146301269531,288.5963134765625,1.0,0.7067146301269531,1.0,1.0,0.0,1.0,-3.598432302474976,3.598421812057495,1.0417860721645413e-05,2.781889677047729,0.2465944290161132,0.2465944290161132,0.0,265.08990478515625,270.0,7400.65576171875,-0.0,4295.576171875,1.0,283.1499938964844,287.9986572265625,289.5429077148437,290.1036376953125,293.1499938964844,293.1499938964844,283.1499938964844,18060.08203125,18000.0,313.1499938964844,0.0,18000.0,1.0,0.0,0.0,0.0,1.0,0.365094780921936,1.0,0.0,0.0,0.3632384538650512,0.4922093152999878,8.876719803652122e-09,4.265924453735352,4.265914440155029,9.78592834144365e-06,0.0,0.0,-0.0,2353.966552734375,0.0,20.84346389770508,1895.4371337890625,0.0,217.91265869140625,0.2446073144674301,1.0,0.0,3.0,1.0,0.0
11985240,297.1052551269531,297.1499938964844,293.1499938964844,0.0,-0.0,288.5956115722656,0.6909027099609375,0.2763038873672485,0.2548668682575226,297.0535583496094,297.1499938964844,293.1499938964844,0.0,-0.0,288.5958251953125,0.8642597794532776,0.5561681985855103,0.5313819050788879,297.360595703125,297.1499938964844,293.1499938964844,0.0,-0.0,288.5959167480469,0.9835970997810364,0.8102953433990479,0.5671737790107727,297.1293334960937,297.1499938964844,293.1499938964844,0.0,-0.0,288.5957336425781,0.7714387774467468,0.3904606401920318,0.3757047653198242,297.1346130371094,297.1499938964844,293.1499938964844,0.0,-0.0,288.5956115722656,0.6897228360176086,0.2750165462493896,1.2670207023620603,288.5958251953125,289.3192443847656,290.6264038085937,286.5868225097656,290.6272888183594,297.2146301269531,288.5963134765625,1.0,0.7067146301269531,1.0,1.0,0.0,1.0,-3.598432302474976,3.598421812057495,1.0417860721645413e-05,2.781889677047729,0.2465944290161132,0.2465944290161132,0.0,265.08990478515625,270.0,7400.65576171875,-0.0,4295.576171875,1.0,283.1499938964844,287.9986572265625,289.5429077148437,290.1036376953125,293.1499938964844,293.1499938964844,283.1499938964844,18060.08203125,18000.0,313.1499938964844,0.0,18000.0,1.0,0.0,0.0,0.0,1.0,0.365094780921936,1.0,0.0,0.0,0.3632384538650512,0.4922093152999878,8.876719803652122e-09,4.265924453735352,4.265914440155029,9.78592834144365e-06,0.0,0.0,-0.0,2353.966552734375,0.0,20.84346389770508,1895.4371337890625,0.0,217.91265869140625,0.2446073144674301,1.0,0.0,3.0,1.0,0.0
11985300,297.1023254394531,297.1499938964844,293.1499938964844,0.0,-0.0,288.60302734375,0.6892858147621155,0.2757324874401092,0.2544289827346802,297.0506286621094,297.1499938964844,293.1499938964844,0.0,-0.0,288.6032409667969,0.8624576926231384,0.5552699565887451,0.5306186676025391,297.3559875488281,297.1499938964844,293.1499938964844,0.0,-0.0,288.60333251953125,0.982553482055664,0.8111740350723267,0.5678399801254272,297.1264038085937,297.1499938964844,293.1499938964844,0.0,-0.0,288.6031494140625,0.7699605226516724,0.3900401592254638,0.3753873407840729,297.1312561035156,297.1499938964844,293.1499938964844,0.0,-0.0,288.60302734375,0.6882341504096985,0.2745913565158844,1.2654920816421509,288.6032409667969,289.3541259765625,290.5982971191406,286.5700988769531,290.59918212890625,297.2108154296875,288.6037292480469,1.0,0.7071391940116882,1.0,1.0,0.0,1.0,-3.5955681800842285,3.595557689666748,1.0401271538285071e-05,2.779671192169189,0.2413113713264465,0.2413113713264465,0.0,266.7012023925781,270.0,7265.49755859375,-0.0,4297.78369140625,1.0,283.1499938964844,288.0059814453125,289.5244140625,290.0753479003906,293.1499938964844,293.1499938964844,283.1499938964844,18060.591796875,18000.0,313.1499938964844,0.0,18000.0,1.0,0.0,0.0,0.0,1.0,0.3604339361190796,1.0,0.0,0.0,0.355978399515152,0.4920338988304138,8.56771631418951e-09,4.265924453735352,4.265914440155029,9.78592834144365e-06,0.0,0.0,-0.0,2309.2548828125,0.0,20.79022216796875,1895.4371337890625,0.0,210.58786010742188,0.2443543970584869,1.0,0.0,3.0,1.0,0.0
11985360,297.09942626953125,297.1499938964844,293.1499938964844,0.0,-0.0,288.6105651855469,0.6876684427261353,0.2751451730728149,0.2539767920970917,297.0477294921875,297.1499938964844,293.1499938964844,0.0,-0.0,288.6107788085937,0.8606685996055603,0.5543543696403503,0.5298391580581665,297.3513488769531,297.1499938964844,293.1499938964844,0.0,-0.0,288.61083984375,0.981501579284668,0.8120244145393372,0.5684868097305298,297.1234741210937,297.1499938964844,293.1499938964844,0.0,-0.0,288.6106872558594,0.7684887647628784,0.3896026313304901,0.3750538825988769,297.1279602050781,297.1499938964844,293.1499938964844,0.0,-0.0,288.6105651855469,0.6867429614067078,0.2741481065750122,1.2638815641403198,288.6107788085937,289.3896179199219,290.5696716308594,286.55291748046875,290.5705871582031,297.20703125,288.6112670898437,1.0,0.7075387239456177,1.0,1.0,0.0,1.0,-3.592526197433472,3.592515707015991,1.0383665539848153e-05,2.7773144245147705,0.2358326762914657,0.2358326762914657,0.0,268.30548095703125,273.0,7127.93896484375,-0.0,4299.46435546875,1.0,283.1499938964844,288.0135803222656,289.5055236816406,290.04644775390625,293.1499938964844,293.1499938964844,283.1499938964844,18060.990234375,18000.0,313.1499938964844,0.0,18000.0,1.0,0.0,0.0,0.0,1.0,0.3556039929389953,1.0,0.0,0.0,0.3485958576202392,0.4918522834777832,8.268337126082771e-09,4.265924453735352,4.265914440155029,9.78592834144365e-06,0.0,0.0,-0.0,2263.764404296875,0.0,20.73653984069824,1895.4371337890625,0.0,203.0535430908203,0.2440998554229736,1.0,0.0,3.0,1.0,0.0
11985420,297.0937194824219,297.1499938964844,293.1499938964844,0.0,-0.0,288.6258239746094,0.6844329833984375,0.2739254534244537,0.2530319988727569,297.0419616699219,297.1499938964844,293.1499938964844,0.0,-0.0,288.62603759765625,0.8571274876594543,0.5524736642837524,0.5282338857650757,297.3421936035156,297.1499938964844,293.1499938964844,0.0,-0.0,288.6260986328125,0.9793711304664612,0.813643753528595,0.5697245001792908,297.11767578125,297.1499938964844,293.1499938964844,0.0,-0.0,288.6259460449219,0.7655638456344604,0.3886788189411163,0.3743411898612976,297.1214904785156,297.1499938964844,293.1499938964844,0.0,-0.0,288.6258239746094,0.6837547421455383,0.2732110321521759,1.2604329586029053,288.62603759765625,289.4623413085937,290.5110168457031,286.5172119140625,290.511962890625,297.19952392578125,288.62652587890625,1.0,0.7082695364952087,1.0,1.0,0.0,1.0,-3.585942029953003,3.5859317779541016,1.0345609553041868e-05,2.772213697433472,0.2242922931909561,0.2242922931909561,0.0,271.49835205078125,276.0,6846.7822265625,-0.0,4301.373046875,1.0,283.1499938964844,288.0298156738281,289.4667053222656,289.9870910644531,293.1499938964844,293.1499938964844,283.1499938964844,18061.38671875,18000.0,313.1499938964844,0.0,18000.0,1.0,0.0,0.0,0.0,1.0,0.3454901874065399,1.0,0.0,0.0,0.333522230386734,0.4914814531803131,7.698599979732991e-09,4.265924453735352,4.265914440155029,9.78592834144365e-06,0.0,0.0,-0.0,2170.84423828125,0.0,20.628700256347656,1895.4371337890625,0.0,187.4034576416016,0.2435884326696396,1.0,0.0,3.0,1.0,0.0
11985480,297.0937194824219,297.1499938964844,293.1499938964844,0.0,-0.0,288.6258239746094,0.6844329833984375,0.2739254534244537,0.2530319988727569,297.0419616699219,297.1499938964844,293.1499938964844,0.0,-0.0,288.62603759765625,0.8571274876594543,0.5524736642837524,0.5282338857650757,297.3421936035156,297.1499938964844,293.1499938964844,0.0,-0.0,288.6260986328125,0.9793711304664612,0.813643753528595,0.5697245001792908,297.11767578125,297.1499938964844,293.1499938964844,0.0,-0.0,288.6259460449219,0.7655638456344604,0.3886788189411163,0.3743411898612976,297.1214904785156,297.1499938964844,293.1499938964844,0.0,-0.0,288.6258239746094,0.6837547421455383,0.2732110321521759,1.2604329586029053,288.62603759765625,289.4623413085937,290.5110168457031,286.5172119140625,290.511962890625,297.19952392578125,288.62652587890625,1.0,0.7082695364952087,1.0,1.0,0.0,1.0,-3.585942029953003,3.5859317779541016,1.0345609553041868e-05,2.772213697433472,0.2242922931909561,0.2242922931909561,0.0,271.49835205078125,276.0,6846.7822265625,-0.0,4301.373046875,1.0,283.1499938964844,288.0298156738281,289.4667053222656,289.9870910644531,293.1499938964844,293.1499938964844,283.1499938964844,18061.38671875,18000.0,313.1499938964844,0.0,18000.0,1.0,0.0,0.0,0.0,1.0,0.3454901874065399,1.0,0.0,0.0,0.333522230386734,0.4914814531803131,7.698599979732991e-09,4.265924453735352,4.265914440155029,9.78592834144365e-06,0.0,0.0,-0.0,2170.84423828125,0.0,20.628700256347656,1895.4371337890625,0.0,187.4034576416016,0.2435884326696396,1.0,0.0,3.0,1.0,0.0
11985540,297.0890197753906,297.1499938964844,293.1499938964844,0.0,-0.0,288.63873291015625,0.6817131638526917,0.2728543877601623,0.2521970868110657,297.03717041015625,297.1499938964844,293.1499938964844,0.0,-0.0,288.6389465332031,0.8541874289512634,0.5508422255516052,0.5268375873565674,297.33453369140625,297.1499938964844,293.1499938964844,0.0,-0.0,288.6390380859375,0.977550446987152,0.8149184584617615,0.5707058906555176,297.1128845214844,297.1499938964844,293.1499938964844,0.0,-0.0,288.63885498046875,0.7631232142448425,0.3878518342971802,0.3736952245235443,297.1161499023437,297.1499938964844,293.1499938964844,0.0,-0.0,288.63873291015625,0.6812376976013184,0.2723725736141205,1.2573072910308838,288.6389465332031,289.5250549316406,290.4604187011719,286.48602294921875,290.4613952636719,297.1932678222656,288.6394348144531,1.0,0.7088162899017334,1.0,1.0,0.0,1.0,-3.579901695251465,3.5798914432525635,1.031075771606993e-05,2.767534017562866,0.2139752656221389,0.2139752656221389,0.0,274.1684265136719,276.0,6605.318359375,-0.0,4301.52392578125,1.0,283.1499938964844,288.0446472167969,289.43310546875,289.9357604980469,293.1499938964844,293.1499938964844,283.1499938964844,18061.3828125,18000.0,313.1499938964844,0.0,18000.0,1.0,0.0,0.0,0.0,1.0,0.3365547657012939,1.0,0.0,0.0,0.3205787539482116,0.4911665320396423,7.247682898281482e-09,4.265924453735352,4.265914440155029,9.78592834144365e-06,0.0,0.0,-0.0,2091.068115234375,0.0,20.53815460205078,1895.4371337890625,0.0,173.6387939453125,0.2431584745645523,1.0,0.0,3.0,1.0,0.0
11985600,297.088134765625,297.1499938964844,293.1499938964844,0.0,-0.0,288.64117431640625,0.6811949610710144,0.2726456820964813,0.252033919095993,297.0362548828125,297.1499938964844,293.1499938964844,0.0,-0.0,288.64141845703125,0.8536307215690613,0.5505262017250061,0.5265668034553528,297.33306884765625,297.1499938964844,293.1499938964844,0.0,-0.0,288.6414794921875,0.977200210094452,0.8151524662971497,0.5708869099617004,297.1119689941406,297.1499938964844,293.1499938964844,0.0,-0.0,288.6413269042969,0.7626599073410034,0.3876890838146209,0.3735674023628235,297.1151428222656,297.1499938964844,293.1499938964844,0.0,-0.0,288.64117431640625,0.6807576417922974,0.2722077667713165,1.256689429283142,288.6413879394531,289.53717041015625,290.45068359375,286.4799499511719,290.45166015625,297.19207763671875,288.64190673828125,1.0,0.7089139819145203,1.0,1.0,0.0,1.0,-3.578700542449951,3.5786900520324707,1.0303833732905332e-05,2.766603469848633,0.2119456976652145,0.2119456976652145,0.0,274.6761779785156,279.0,6558.89306640625,-0.0,4301.41064453125,1.0,283.1499938964844,288.047607421875,289.4266357421875,289.92584228515625,293.1499938964844,293.1499938964844,283.1499938964844,18061.345703125,18000.0,313.1499938964844,0.0,18000.0,1.0,0.0,0.0,0.0,1.0,0.3348119854927063,1.0,0.0,0.0,0.3180902600288391,0.4911070764064789,7.164528081915478e-09,4.265924453735352,4.265914440155029,9.78592834144365e-06,0.0,0.0,-0.0,2075.7373046875,0.0,20.52098846435547,1895.4371337890625,0.0,170.9531707763672,0.2430767714977264,1.0,0.0,3.0,1.0,0.0
11985660,297.0826416015625,297.1499938964844,293.1499938964844,0.0,-0.0,288.656494140625,0.6779535412788391,0.2713060677051544,0.2509831488132477,297.0306091308594,297.1499938964844,293.1499938964844,0.0,-0.0,288.6567077636719,0.8501731157302856,0.5485112071037292,0.5248376131057739,297.323974609375,297.1499938964844,293.1499938964844,0.0,-0.0,288.6567687988281,0.9749837517738342,0.8165488839149475,0.5719731450080872,297.1062927246094,297.1499938964844,293.1499938964844,0.0,-0.0,288.6566162109375,0.759773313999176,0.3866326212882995,0.3727320432662964,297.1089782714844,297.1499938964844,293.1499938964844,0.0,-0.0,288.656494140625,0.6777514815330505,0.2711396515369415,1.2526590824127195,288.6567077636719,289.6138000488281,290.3888854980469,286.4413452148437,290.3898620605469,297.1846923828125,288.6571960449219,1.0,0.7094764113426208,1.0,1.0,0.0,1.0,-3.570810079574585,3.570799827575684,1.025841265800409e-05,2.760490894317627,0.1987686604261398,0.1987686604261398,0.0,277.8446655273437,282.0,6266.0966796875,-0.0,4299.64208984375,1.0,283.1499938964844,288.0673522949219,289.38543701171875,289.863037109375,293.1499938964844,293.1499938964844,283.1499938964844,18060.880859375,18000.0,313.1499938964844,0.0,18000.0,1.0,0.0,0.0,0.0,1.0,0.3236225545406341,1.0,0.0,0.0,0.302382081747055,0.4907428026199341,6.662570495308273e-09,4.265924453735352,4.265914440155029,9.78592834144365e-06,0.0,0.0,-0.0,1979.03564453125,0.0,20.414531707763672,1895.4371337890625,0.0,153.64089965820312,0.2425684630870819,1.0,0.0,3.0,1.0,0.0
11985720,297.0826416015625,297.1499938964844,293.1499938964844,0.0,-0.0,288.656494140625,0.6779535412788391,0.2713060677051544,0.2509831488132477,297.0306091308594,297.1499938964844,293.1499938964844,0.0,-0.0,288.6567077636719,0.8501731157302856,0.5485112071037292,0.5248376131057739,297.323974609375,297.1499938964844,293.1499938964844,0.0,-0.0,288.6567687988281,0.9749837517738342,0.8165488839149475,0.5719731450080872,297.1062927246094,297.1499938964844,293.1499938964844,0.0,-0.0,288.6566162109375,0.759773313999176,0.3866326212882995,0.3727320432662964,297.1089782714844,297.1499938964844,293.1499938964844,0.0,-0.0,288.656494140625,0.6777514815330505,0.2711396515369415,1.2526590824127195,288.6567077636719,289.6138000488281,290.3888854980469,286.4413452148437,290.3898620605469,297.1846923828125,288.6571960449219,1.0,0.7094764113426208,1.0,1.0,0.0,1.0,-3.570810079574585,3.570799827575684,1.025841265800409e-05,2.760490894317627,0.1987686604261398,0.1987686604261398,0.0,277.8446655273437,282.0,6266.0966796875,-0.0,4299.64208984375,1.0,283.1499938964844,288.0673522949219,289.38543701171875,289.863037109375,293.1499938964844,293.1499938964844,283.1499938964844,18060.880859375,18000.0,313.1499938964844,0.0,18000.0,1.0,0.0,0.0,0.0,1.0,0.3236225545406341,1.0,0.0,0.0,0.302382081747055,0.4907428026199341,6.662570495308273e-09,4.265924453735352,4.265914440155029,9.78592834144365e-06,0.0,0.0,-0.0,1979.03564453125,0.0,20.414531707763672,1895.4371337890625,0.0,153.64089965820312,0.2425684630870819,1.0,0.0,3.0,1.0,0.0
11985780,297.0772705078125,297.1499938964844,293.1499938964844,0.0,-0.0,288.6714782714844,0.6747082471847534,0.2699059844017029,0.2498794645071029,297.02496337890625,297.1499938964844,293.1499938964844,0.0,-0.0,288.67169189453125,0.8467495441436768,0.5464270114898682,0.5230450630187988,297.3148803710937,297.1499938964844,293.1499938964844,0.0,-0.0,288.6717834472656,0.9727174043655396,0.8178301453590393,0.572981595993042,297.1006774902344,297.1499938964844,293.1499938964844,0.0,-0.0,288.6716003417969,0.7569007873535156,0.385507583618164,0.3718338012695312,297.1029357910156,297.1499938964844,293.1499938964844,0.0,-0.0,288.6714782714844,0.6747360229492188,0.2700069844722748,1.248345136642456,288.67169189453125,289.69195556640625,290.32586669921875,286.4015808105469,290.3268737792969,297.1773376464844,288.6721496582031,1.0,0.7099593877792358,1.0,1.0,0.0,1.0,-3.562269449234009,3.5622594356536865,1.0209362699242774e-05,2.753875255584717,0.1847373247146606,0.1847373247146606,0.0,281.0079650878906,270.0,5970.263671875,-0.0,4296.0986328125,1.0,283.1499938964844,288.0894470214844,289.3433837890625,289.7989807128906,293.1499938964844,293.1499938964844,283.1499938964844,18060.009765625,18000.0,313.1499938964844,0.0,18000.0,1.0,0.0,0.0,0.0,1.0,0.3119719922542572,1.0,0.0,0.0,0.2864835560321808,0.4904017150402069,6.1893965508375e-09,4.265924453735352,4.265914440155029,9.78592834144365e-06,0.0,0.0,-0.0,1881.336181640625,0.0,20.310375213623047,1895.4371337890625,0.0,135.35728454589844,0.2420668751001358,1.0,0.0,3.0,1.0,0.0
11985840,297.0772705078125,297.1499938964844,293.1499938964844,0.0,-0.0,288.6714782714844,0.6747082471847534,0.2699059844017029,0.2498794645071029,297.02496337890625,297.1499938964844,293.1499938964844,0.0,-0.0,288.67169189453125,0.8467495441436768,0.5464270114898682,0.5230450630187988,297.3148803710937,297.1499938964844,293.1499938964844,0.0,-0.0,288.6717834472656,0.9727174043655396,0.8178301453590393,0.572981595993042,297.1006774902344,297.1499938964844,293.1499938964844,0.0,-0.0,288.6716003417969,0.7569007873535156,0.385507583618164,0.3718338012695312,297.1029357910156,297.1499938964844,293.1499938964844,0.0,-0.0,288.6714782714844,0.6747360229492188,0.2700069844722748,1.248345136642456,288.67169189453125,289.69195556640625,290.32586669921875,286.4015808105469,290.3268737792969,297.1773376464844,288.6721496582031,1.0,0.7099593877792358,1.0,1.0,0.0,1.0,-3.562269449234009,3.5622594356536865,1.0209362699242774e-05,2.753875255584717,0.1847373247146606,0.1847373247146606,0.0,281.0079650878906,270.0,5970.263671875,-0.0,4296.0986328125,1.0,283.1499938964844,288.0894470214844,289.3433837890625,289.7989807128906,293.1499938964844,293.1499938964844,283.1499938964844,18060.009765625,18000.0,313.1499938964844,0.0,18000.0,1.0,0.0,0.0,0.0,1.0,0.3119719922542572,1.0,0.0,0.0,0.2864835560321808,0.4904017150402069,6.1893965508375e-09,4.265924453735352,4.265914440155029,9.78592834144365e-06,0.0,0.0,-0.0,1881.336181640625,0.0,20.310375213623047,1895.4371337890625,0.0,135.35728454589844,0.2420668751001358,1.0,0.0,3.0,1.0,0.0
11985900,297.0746154785156,297.1499938964844,293.1499938964844,0.0,-0.0,288.6786193847656,0.6746534109115601,0.2691850364208221,0.2492043823003769,297.02215576171875,297.1499938964844,293.1499938964844,0.0,-0.0,288.6788024902344,0.8468862771987915,0.5453584790229797,0.5220154523849487,297.3103332519531,297.1499938964844,293.1499938964844,0.0,-0.0,288.67889404296875,0.9736923575401306,0.818427562713623,0.5733758211135864,297.09783935546875,297.1499938964844,293.1499938964844,0.0,-0.0,288.6787414550781,0.7571251392364502,0.3849190175533294,0.3712514638900757,297.0999755859375,297.1499938964844,293.1499938964844,0.0,-0.0,288.6786193847656,0.6747943758964539,0.2694166600704193,1.2455639839172363,288.6788024902344,289.7314758300781,290.2939453125,286.38134765625,290.29498291015625,297.1736755371094,288.6792297363281,1.0,0.7084091901779175,1.0,1.0,0.0,1.0,-3.5566508769989014,3.556640625,1.0177280273637734e-05,2.7495667934417725,0.1773954629898071,0.1773954629898071,0.0,279.7717590332031,270.0,5821.42626953125,-0.0,4273.6123046875,1.0,283.1499938964844,288.1014404296875,289.32208251953125,289.7665710449219,293.1499938964844,293.1499938964844,283.1499938964844,18059.427734375,18000.0,313.1499938964844,0.0,18000.0,1.0,0.0,0.0,0.0,1.0,0.3059920370578766,1.0,0.0,0.0,0.2784935534000397,0.4902435541152954,5.962792481994938e-09,4.265924453735352,4.265914440155029,9.78592834144365e-06,0.0,0.0,-0.0,1832.302978515625,0.0,20.259471893310547,1895.4371337890625,0.0,125.81033325195312,0.2418196499347686,1.0,0.0,3.0,1.0,0.0
11985960,297.07208251953125,297.1499938964844,293.1499938964844,0.0,-0.0,288.6852722167969,0.6754129528999329,0.2684605717658996,0.2484688758850097,297.0194091796875,297.1499938964844,293.1499938964844,0.0,-0.0,288.6854858398437,0.8479803204536438,0.5442786812782288,0.5209163427352905,297.30584716796875,297.1499938964844,293.1499938964844,0.0,-0.0,288.685546875,0.9757410287857056,0.8190017342567444,0.5737109184265137,297.0951232910156,297.1499938964844,293.1499938964844,0.0,-0.0,288.6853942871094,0.7582113742828369,0.3843200206756592,0.3706000447273254,297.0971069335937,297.1499938964844,293.1499938964844,0.0,-0.0,288.6852722167969,0.6756649017333984,0.268818199634552,1.242463231086731,288.6854553222656,289.77130126953125,290.2618408203125,286.3608703613281,290.26287841796875,297.17010498046875,288.6858825683594,1.0,0.7062490582466125,1.0,1.0,0.0,1.0,-3.550334453582764,3.5503244400024414,1.0141165148525031e-05,2.744684219360352,0.1698218435049057,0.1698218435049057,0.0,277.08233642578125,258.0,5672.23046875,-0.0,4240.5322265625,1.0,283.1499938964844,288.1141052246094,289.3006286621094,289.7339782714844,293.1499938964844,293.1499938964844,283.1499938964844,18058.810546875,18000.0,313.1499938964844,0.0,18000.0,1.0,0.0,0.0,0.0,1.0,0.2999142408370971,1.0,0.0,0.0,0.2704795897006988,0.4900916814804077,5.742110786854937e-09,4.265924453735352,4.265914440155029,9.78592834144365e-06,0.0,0.0,-0.0,1783.145751953125,0.0,20.209321975708008,1895.4371337890625,0.0,115.9599380493164,0.2415750175714492,1.0,0.0,3.0,1.0,0.0
11986020,297.0674743652344,297.1499938964844,293.1499938964844,0.0,-0.0,288.69775390625,0.6784095168113708,0.2670041918754577,0.2469020634889602,297.0141296386719,297.1499938964844,293.1499938964844,0.0,-0.0,288.69793701171875,0.8519114851951599,0.5420889854431152,0.5185959339141846,297.2970275878906,297.1499938964844,293.1499938964844,0.0,-0.0,288.697998046875,0.9815778136253356,0.820082426071167,0.5742658376693726,297.08990478515625,297.1499938964844,293.1499938964844,0.0,-0.0,288.6978759765625,0.7619576454162598,0.383095383644104,0.3691779375076294,297.0917358398437,297.1499938964844,293.1499938964844,0.0,-0.0,288.69775390625,0.6788787841796875,0.2676040828227997,1.235732913017273,288.69793701171875,289.8515930175781,290.19708251953125,286.3194274902344,290.1981506347656,297.1632080078125,288.69830322265625,1.0,0.7006324529647827,1.0,1.0,0.0,1.0,-3.536520481109619,3.536510467529297,1.0062367437058128e-05,2.733992338180542,0.1539844870567321,0.1539844870567321,0.0,269.2806701660156,246.0,5374.49169921875,-0.0,4156.966796875,1.0,283.1499938964844,288.1415405273437,289.28619384765625,289.68511962890625,293.1499938964844,293.1499938964844,283.1499938964844,18057.287109375,18000.0,313.1499938964844,0.0,18000.0,1.0,0.0,0.0,0.0,1.0,0.2920593321323395,1.0,0.0,0.0,0.2544430494308471,0.4898248314857483,5.31805532943963e-09,4.265924453735352,4.265914440155029,9.78592834144365e-06,0.0,0.0,-0.0,1686.5076904296875,0.0,20.11216735839844,1895.4371337890625,0.0,89.24797821044922,0.2410952299833297,1.0,0.0,3.0,1.0,0.0
11986080,297.0674743652344,297.1499938964844,293.1499938964844,0.0,-0.0,288.69775390625,0.6784095168113708,0.2670041918754577,0.2469020634889602,297.0141296386719,297.1499938964844,293.1499938964844,0.0,-0.0,288.69793701171875,0.8519114851951599,0.5420889854431152,0.5185959339141846,297.2970275878906,297.1499938964844,293.1499938964844,0.0,-0.0,288.697998046875,0.9815778136253356,0.820082426071167,0.5742658376693726,297.08990478515625,297.1499938964844,293.1499938964844,0.0,-0.0,288.6978759765625,0.7619576454162598,0.383095383644104,0.3691779375076294,297.0917358398437,297.1499938964844,293.1499938964844,0.0,-0.0,288.69775390625,0.6788787841796875,0.2676040828227997,1.235732913017273,288.69793701171875,289.8515930175781,290.19708251953125,286.3194274902344,290.1981506347656,297.1632080078125,288.69830322265625,1.0,0.7006324529647827,1.0,1.0,0.0,1.0,-3.536520481109619,3.536510467529297,1.0062367437058128e-05,2.733992338180542,0.1539844870567321,0.1539844870567321,0.0,269.2806701660156,246.0,5374.49169921875,-0.0,4156.966796875,1.0,283.1499938964844,288.1415405273437,289.28619384765625,289.68511962890625,293.1499938964844,293.1499938964844,283.1499938964844,18057.287109375,18000.0,313.1499938964844,0.0,18000.0,1.0,0.0,0.0,0.0,1.0,0.2920593321323395,1.0,0.0,0.0,0.2544430494308471,0.4898248314857483,5.31805532943963e-09,4.265924453735352,4.265914440155029,9.78592834144365e-06,0.0,0.0,-0.0,1686.5076904296875,0.0,20.11216735839844,1895.4371337890625,0.0,89.24797821044922,0.2410952299833297,1.0,0.0,3.0,1.0,0.0
11986140,297.0643920898437,297.1499938964844,293.1499938964844,0.0,-0.0,288.7061462402344,0.681450605392456,0.26594278216362,0.2457178831100464,297.0104675292969,297.1499938964844,293.1499938964844,0.0,-0.0,288.706298828125,0.8558034300804138,0.5404808521270752,0.5168482661247253,297.290771484375,297.1499938964844,293.1499938964844,0.0,-0.0,288.70635986328125,0.9866197109222412,0.8208036422729492,0.5745914578437805,297.0863037109375,297.1499938964844,293.1499938964844,0.0,-0.0,288.70623779296875,0.7656144499778748,0.3821873068809509,0.3680817186832428,297.088134765625,297.1499938964844,293.1499938964844,0.0,-0.0,288.7061462402344,0.6820763945579529,0.2667128443717956,1.2305833101272583,288.706298828125,289.9100036621094,290.1499938964844,286.2891845703125,290.15106201171875,297.15838623046875,288.7066345214844,1.0,0.6958847045898438,1.0,1.0,0.0,1.0,-3.525872707366944,3.525862693786621,1.0001826922234612e-05,2.725746154785156,0.1419696062803268,0.1419696062803268,0.0,262.4063720703125,246.0,5160.88525390625,-0.0,4087.7861328125,1.0,283.1499938964844,288.1634826660156,289.2802429199219,289.6675109863281,293.1499938964844,293.1499938964844,283.1499938964844,18055.97265625,18000.0,313.1499938964844,0.0,18000.0,1.0,0.0,0.0,0.0,1.0,0.2917380630970001,1.0,0.0,0.0,0.2429020404815673,0.4896678924560547,5.02554486914164e-09,4.265924453735352,4.265914440155029,9.78592834144365e-06,0.0,0.0,-0.0,1617.2364501953125,0.0,20.045026779174805,1895.4371337890625,0.0,87.29190063476562,0.2407580465078354,1.0,0.0,3.0,1.0,0.0
11986200,297.0632629394531,297.1499938964844,293.1499938964844,0.0,-0.0,288.709228515625,0.6827749609947205,0.2655309438705444,0.2452530115842819,297.0090637207031,297.1499938964844,293.1499938964844,0.0,-0.0,288.7093811035156,0.857491135597229,0.5398550033569336,0.5161625742912292,297.28839111328125,297.1499938964844,293.1499938964844,0.0,-0.0,288.7094421386719,0.9886625409126282,0.8210670948028564,0.5747023224830627,297.0849304199219,297.1499938964844,293.1499938964844,0.0,-0.0,288.7093200683594,0.7671929001808167,0.3818316161632538,0.3676474392414093,297.0868225097656,297.1499938964844,293.1499938964844,0.0,-0.0,288.709228515625,0.6834612488746643,0.2663659453392029,1.2285525798797607,288.7093811035156,289.9325561523437,290.1318054199219,286.2774658203125,290.13287353515625,297.15655517578125,288.709716796875,1.0,0.6939509510993958,1.0,1.0,0.0,1.0,-3.521656990051269,3.521646976470948,9.977906302083284e-06,2.722480773925781,0.1372114270925521,0.1372114270925521,0.0,259.5817565917969,234.0,5079.0888671875,-0.0,4059.885009765625,1.0,283.1499938964844,288.1724853515625,289.2718505859375,289.65582275390625,293.1499938964844,293.1499938964844,283.1499938964844,18055.43359375,18000.0,313.1499938964844,0.0,18000.0,1.0,0.0,0.0,0.0,1.0,0.2916783690452575,1.0,0.0,0.0,0.2384750097990036,0.4896159470081329,4.915840179364751e-09,4.265924453735352,4.265914440155029,9.78592834144365e-06,0.0,0.0,-0.0,1590.339111328125,0.0,20.01990509033203,1895.4371337890625,0.0,86.92597961425781,0.2406305372714996,1.0,0.0,3.0,1.0,0.0
11986260,297.0592956542969,297.1499938964844,293.1499938964844,0.0,-0.0,288.7196655273437,0.6881189346313477,0.2640306949615478,0.2435465008020401,297.0041198730469,297.1499938964844,293.1499938964844,0.0,-0.0,288.7198181152344,0.8643046617507935,0.537569522857666,0.5136452913284302,297.27978515625,297.1499938964844,293.1499938964844,0.0,-0.0,288.7198791503906,0.9962153434753418,0.821947455406189,0.5750409960746765,297.08013916015625,297.1499938964844,293.1499938964844,0.0,-0.0,288.7197570800781,0.7735338807106018,0.380521297454834,0.3660376369953155,297.0821838378906,297.1499938964844,293.1499938964844,0.0,-0.0,288.7196655273437,0.6890255808830261,0.2650977373123169,1.221068024635315,288.7198181152344,290.0138244628906,290.0662536621094,286.23516845703125,290.0673217773437,297.1500244140625,288.7200927734375,1.0,0.6866533160209656,1.0,1.0,0.0,1.0,-3.506044387817383,3.50603461265564,9.889564353215974e-06,2.710386276245117,0.1194837540388107,0.1194837540388107,0.0,248.9014587402344,222.0,4787.57666015625,-0.0,3955.787841796875,1.0,283.1499938964844,288.2073669433594,289.2297668457031,289.5964050292969,293.1499938964844,293.1499938964844,283.1499938964844,18053.271484375,18000.0,313.1499938964844,0.0,18000.0,1.0,0.0,0.0,0.0,1.0,0.2907548546791076,1.0,0.0,0.0,0.2226686030626297,0.4894763231277466,4.534264075317651e-09,4.265924453735352,4.265914440155029,9.78592834144365e-06,0.0,0.0,-0.0,1493.7701416015625,0.0,19.933311462402344,1895.4371337890625,0.0,81.20513153076172,0.240183413028717,1.0,0.0,3.0,1.0,0.0
11986320,297.0592956542969,297.1499938964844,293.1499938964844,0.0,-0.0,288.7196655273437,0.6881189346313477,0.2640306949615478,0.2435465008020401,297.0041198730469,297.1499938964844,293.1499938964844,0.0,-0.0,288.7198181152344,0.8643046617507935,0.537569522857666,0.5136452913284302,297.27978515625,297.1499938964844,293.1499938964844,0.0,-0.0,288.7198791503906,0.9962153434753418,0.821947455406189,0.5750409960746765,297.08013916015625,297.1499938964844,293.1499938964844,0.0,-0.0,288.7197570800781,0.7735338807106018,0.380521297454834,0.3660376369953155,297.0821838378906,297.1499938964844,293.1499938964844,0.0,-0.0,288.7196655273437,0.6890255808830261,0.2650977373123169,1.221068024635315,288.7198181152344,290.0138244628906,290.0662536621094,286.23516845703125,290.0673217773437,297.1500244140625,288.7200927734375,1.0,0.6866533160209656,1.0,1.0,0.0,1.0,-3.506044387817383,3.50603461265564,9.889564353215974e-06,2.710386276245117,0.1194837540388107,0.1194837540388107,0.0,248.9014587402344,222.0,4787.57666015625,-0.0,3955.787841796875,1.0,283.1499938964844,288.2073669433594,289.2297668457031,289.5964050292969,293.1499938964844,293.1499938964844,283.1499938964844,18053.271484375,18000.0,313.1499938964844,0.0,18000.0,1.0,0.0,0.0,0.0,1.0,0.2907548546791076,1.0,0.0,0.0,0.2226686030626297,0.4894763231277466,4.534264075317651e-09,4.265924453735352,4.265914440155029,9.78592834144365e-06,0.0,0.0,-0.0,1493.7701416015625,0.0,19.933311462402344,1895.4371337890625,0.0,81.20513153076172,0.240183413028717,1.0,0.0,3.0,1.0,0.0
11986380,297.05517578125,297.1499938964844,293.1499938964844,0.0,-0.0,288.7279968261719,0.6931169033050537,0.2624641954898834,0.2418354302644729,296.9989318847656,297.1499938964844,293.1499938964844,0.0,-0.0,288.72808837890625,0.870800793170929,0.5351957678794861,0.5111030340194702,297.2749938964844,297.1499938964844,293.1499938964844,0.0,-0.0,288.7281188964844,0.9990000128746032,0.8230928182601929,0.5684593319892883,297.0750732421875,297.1499938964844,293.1499938964844,0.0,-0.0,288.7280578613281,0.7795675992965698,0.3791238367557525,0.3644049167633056,297.0775146484375,297.1499938964844,293.1499938964844,0.0,-0.0,288.7279968261719,0.6942472457885742,0.2637654542922973,1.2135605812072754,288.72808837890625,290.0951843261719,290.0006408691406,286.1927490234375,290.0017395019531,297.1448669433594,288.7281188964844,1.0,0.67851322889328,1.0,1.0,0.0,1.0,-3.482038736343384,3.4820289611816406,9.75523107626941e-06,2.6920604705810547,0.1007663384079933,0.1007663384079933,0.0,238.8860626220703,210.0,4499.158203125,-0.0,3835.496826171875,1.0,283.1499938964844,288.2464294433594,289.1856994628906,289.5302734375,293.1499938964844,293.1499938964844,283.1499938964844,18050.94140625,18000.0,313.1499938964844,0.0,18000.0,1.0,0.0,0.0,0.0,1.0,0.2893122434616089,1.0,0.0,0.0,0.2071054875850677,0.4894057810306549,4.172229672860794e-09,4.265924453735352,4.265914440155029,9.78592834144365e-06,0.0,0.0,-0.0,1398.6624755859375,0.0,19.85267639160156,1895.4371337890625,0.0,72.22064208984375,0.2397556602954864,1.0,0.0,3.0,1.0,0.0
11986440,297.05517578125,297.1499938964844,293.1499938964844,0.0,-0.0,288.7279968261719,0.6931169033050537,0.2624641954898834,0.2418354302644729,296.9989318847656,297.1499938964844,293.1499938964844,0.0,-0.0,288.72808837890625,0.870800793170929,0.5351957678794861,0.5111030340194702,297.2749938964844,297.1499938964844,293.1499938964844,0.0,-0.0,288.7281188964844,0.9990000128746032,0.8230928182601929,0.5684593319892883,297.0750732421875,297.1499938964844,293.1499938964844,0.0,-0.0,288.7280578613281,0.7795675992965698,0.3791238367557525,0.3644049167633056,297.0775146484375,297.1499938964844,293.1499938964844,0.0,-0.0,288.7279968261719,0.6942472457885742,0.2637654542922973,1.2135605812072754,288.72808837890625,290.0951843261719,290.0006408691406,286.1927490234375,290.0017395019531,297.1448669433594,288.7281188964844,1.0,0.67851322889328,1.0,1.0,0.0,1.0,-3.482038736343384,3.4820289611816406,9.75523107626941e-06,2.6920604705810547,0.1007663384079933,0.1007663384079933,0.0,238.8860626220703,210.0,4499.158203125,-0.0,3835.496826171875,1.0,283.1499938964844,288.2464294433594,289.1856994628906,289.5302734375,293.1499938964844,293.1499938964844,283.1499938964844,18050.94140625,18000.0,313.1499938964844,0.0,18000.0,1.0,0.0,0.0,0.0,1.0,0.2893122434616089,1.0,0.0,0.0,0.2071054875850677,0.4894057810306549,4.172229672860794e-09,4.265924453735352,4.265914440155029,9.78592834144365e-06,0.0,0.0,-0.0,1398.6624755859375,0.0,19.85267639160156,1895.4371337890625,0.0,72.22064208984375,0.2397556602954864,1.0,0.0,3.0,1.0,0.0
11986500,297.05291748046875,297.1499938964844,293.1499938964844,0.0,-0.0,288.7300720214844,0.6953734755516052,0.2616422176361084,0.2409615516662597,296.99609375,297.1499938964844,293.1499938964844,0.0,-0.0,288.7301025390625,0.8738018870353699,0.533961296081543,0.5098056197166443,297.27947998046875,297.1499938964844,293.1499938964844,0.0,-0.0,288.7301330566406,0.9990000128746032,0.8243231177330017,0.5612554550170898,297.072265625,297.1499938964844,293.1499938964844,0.0,-0.0,288.7301025390625,0.7823466062545776,0.3783733546733856,0.3635595738887787,297.0751037597656,297.1499938964844,293.1499938964844,0.0,-0.0,288.7300720214844,0.6966211795806885,0.2630681097507477,1.2097376585006714,288.7301025390625,290.13580322265625,289.9678955078125,286.1715393066406,289.968994140625,297.14532470703125,288.7301025390625,1.0,0.6739380359649658,1.0,1.0,0.0,1.0,-3.4651474952697754,3.465137958526612,9.66071274888236e-06,2.678963184356689,0.0910059809684753,0.0910059809684753,0.0,234.11227416992188,210.0,4355.9013671875,-0.0,3765.236083984375,1.0,283.1499938964844,288.2671813964844,289.16436767578125,289.49786376953125,293.1499938964844,293.1499938964844,283.1499938964844,18049.80859375,18000.0,313.1499938964844,0.0,18000.0,1.0,0.0,0.0,0.0,1.0,0.288585364818573,1.0,0.0,0.0,0.1994234472513198,0.4893884360790252,3.9979077826046705e-09,4.265924453735352,4.265914440155029,9.78592834144365e-06,0.0,0.0,-0.0,1351.6202392578125,0.0,19.81430053710937,1895.4371337890625,0.0,67.7461166381836,0.239548921585083,1.0,0.0,3.0,1.0,0.0
11986560,297.0506591796875,297.1499938964844,293.1499938964844,0.0,-0.0,288.731689453125,0.6978436708450317,0.2608050405979156,0.2400646209716797,296.99322509765625,297.1499938964844,293.1499938964844,0.0,-0.0,288.73175048828125,0.8770901560783386,0.53270423412323,0.5084775686264038,297.287353515625,297.1499938964844,293.1499938964844,0.0,-0.0,288.73175048828125,0.9990000128746032,0.825916051864624,0.5536143183708191,297.0693664550781,297.1499938964844,293.1499938964844,0.0,-0.0,288.7317199707031,0.7853713035583496,0.3775949478149414,0.3626791536808014,297.07275390625,297.1499938964844,293.1499938964844,0.0,-0.0,288.731689453125,0.6992160677909851,0.2623627781867981,1.205830454826355,288.7317199707031,290.1763000488281,289.93524169921875,286.150390625,289.9363098144531,297.14752197265625,288.731689453125,1.0,0.6691413521766663,1.0,1.0,0.0,1.0,-3.4475231170654297,3.4475135803222656,9.562642844684888e-06,2.6653196811676025,0.0809803754091262,0.0809803754091262,0.0,229.1234436035156,198.0,4214.63330078125,-0.0,3692.541015625,1.0,283.1499938964844,288.2886657714844,289.1432189941406,289.4658203125,293.1499938964844,293.1499938964844,283.1499938964844,18048.607421875,18000.0,313.1499938964844,0.0,18000.0,1.0,0.0,0.0,0.0,1.0,0.2878676354885101,1.0,0.0,0.0,0.1918243467807769,0.4893909096717834,3.828038330766503e-09,4.265924453735352,4.265914440155029,9.78592834144365e-06,0.0,0.0,-0.0,1304.9718017578125,0.0,19.77751350402832,1895.4371337890625,0.0,63.38903427124024,0.2393472641706466,1.0,0.0,3.0,1.0,0.0
11986620,297.04620361328125,297.1499938964844,293.1499938964844,0.0,-0.0,288.7339782714844,0.7033721208572388,0.2590938508510589,0.2382204085588455,296.9874572753906,297.1499938964844,293.1499938964844,0.0,-0.0,288.7340087890625,0.8844720721244812,0.5301322340965271,0.5057487487792969,297.30908203125,297.1499938964844,293.1499938964844,0.0,-0.0,288.7340087890625,0.9990000128746032,0.829853355884552,0.5372548699378967,297.0633544921875,297.1499938964844,293.1499938964844,0.0,-0.0,288.7339782714844,0.7921018004417419,0.3759655058383941,0.3608310520648956,297.0683288574219,297.1499938964844,293.1499938964844,0.0,-0.0,288.7339782714844,0.7050143480300903,0.2609350383281708,1.1978553533554075,288.7340087890625,290.25689697265625,289.8702392578125,286.1083679199219,289.8713073730469,297.15509033203125,288.7339172363281,1.0,0.659030556678772,1.0,1.0,0.0,1.0,-3.41053318977356,3.4105236530303955,9.358413990412371e-06,2.636674642562866,0.0601482018828392,0.0601482018828392,0.0,218.6825408935547,186.0,3937.956787109375,-0.0,3542.332763671875,1.0,283.1499938964844,288.3343811035156,289.1011657714844,289.4023742675781,293.1499938964844,293.1499938964844,283.1499938964844,18045.962890625,18000.0,313.1499938964844,0.0,18000.0,1.0,0.0,0.0,0.0,1.0,0.2864323258399963,1.0,0.0,0.0,0.1769373267889022,0.4894637763500213,3.501974488173687e-09,4.265924453735352,4.265914440155029,9.78592834144365e-06,0.0,0.0,-0.0,1213.3267822265625,0.0,19.709192276000977,1895.4371337890625,0.0,54.89595413208008,0.2389604449272155,1.0,0.0,3.0,1.0,0.0
11986680,297.04620361328125,297.1499938964844,293.1499938964844,0.0,-0.0,288.7339782714844,0.7033721208572388,0.2590938508510589,0.2382204085588455,296.9874572753906,297.1499938964844,293.1499938964844,0.0,-0.0,288.7340087890625,0.8844720721244812,0.5301322340965271,0.5057487487792969,297.30908203125,297.1499938964844,293.1499938964844,0.0,-0.0,288.7340087890625,0.9990000128746032,0.829853355884552,0.5372548699378967,297.0633544921875,297.1499938964844,293.1499938964844,0.0,-0.0,288.7339782714844,0.7921018004417419,0.3759655058383941,0.3608310520648956,297.0683288574219,297.1499938964844,293.1499938964844,0.0,-0.0,288.7339782714844,0.7050143480300903,0.2609350383281708,1.1978553533554075,288.7340087890625,290.25689697265625,289.8702392578125,286.1083679199219,289.8713073730469,297.15509033203125,288.7339172363281,1.0,0.659030556678772,1.0,1.0,0.0,1.0,-3.41053318977356,3.4105236530303955,9.358413990412371e-06,2.636674642562866,0.0601482018828392,0.0601482018828392,0.0,218.6825408935547,186.0,3937.956787109375,-0.0,3542.332763671875,1.0,283.1499938964844,288.3343811035156,289.1011657714844,289.4023742675781,293.1499938964844,293.1499938964844,283.1499938964844,18045.962890625,18000.0,313.1499938964844,0.0,18000.0,1.0,0.0,0.0,0.0,1.0,0.2864323258399963,1.0,0.0,0.0,0.1769373267889022,0.4894637763500213,3.501974488173687e-09,4.265924453735352,4.265914440155029,9.78592834144365e-06,0.0,0.0,-0.0,1213.3267822265625,0.0,19.709192276000977,1895.4371337890625,0.0,54.89595413208008,0.2389604449272155,1.0,0.0,3.0,1.0,0.0
11986740,297.0422058105469,297.1499938964844,293.1499938964844,0.0,-0.0,288.7352600097656,0.7091041207313538,0.2574816942214966,0.2364767789840698,296.982177734375,297.1499938964844,293.1499938964844,0.0,-0.0,288.7352905273437,0.8921782970428467,0.5277054309844971,0.5031670331954956,297.3334350585937,297.1499938964844,293.1499938964844,0.0,-0.0,288.7352905273437,0.9990000128746032,0.8341634273529053,0.5211463570594788,297.0577697753906,297.1499938964844,293.1499938964844,0.0,-0.0,288.7352600097656,0.7990584373474121,0.3743903338909149,0.3590443730354309,297.0645751953125,297.1499938964844,293.1499938964844,0.0,-0.0,288.7352600097656,0.7109813094139099,0.2596052587032318,1.1903830766677856,288.7352905273437,290.3303527832031,289.8110046386719,286.07012939453125,289.8121032714844,297.1645202636719,288.73516845703125,1.0,0.6492394804954529,1.0,1.0,0.0,1.0,-3.3748223781585693,3.3748130798339844,9.163319191429764e-06,2.6090126037597656,0.0400586798787117,0.0400586798787117,0.0,208.70822143554688,186.0,3690.485107421875,-0.0,3400.7255859375,1.0,283.1499938964844,288.37994384765625,289.0628662109375,289.3448486328125,293.1499938964844,293.1499938964844,283.1499938964844,18043.3671875,18000.0,313.1499938964844,0.0,18000.0,1.0,0.0,0.0,0.0,1.0,0.2850956916809082,1.0,0.0,0.0,0.1636658459901809,0.4896083176136017,3.2179772180285227e-09,4.265924453735352,4.265914440155029,9.78592834144365e-06,0.0,0.0,-0.0,1131.3111572265625,0.0,19.65262031555176,1895.4371337890625,0.0,47.27002334594727,0.238625168800354,1.0,0.0,3.0,1.0,0.0
11986800,297.0418701171875,297.1499938964844,293.1499938964844,0.0,-0.0,288.7353515625,0.7096251845359802,0.2573399543762207,0.2363233864307403,296.9817199707031,297.1499938964844,293.1499938964844,0.0,-0.0,288.7353515625,0.8928890228271484,0.5274918675422668,0.502939760684967,297.335693359375,297.1499938964844,293.1499938964844,0.0,-0.0,288.7353820800781,0.9990000128746032,0.8345649838447571,0.5197040438652039,297.0572814941406,297.1499938964844,293.1499938964844,0.0,-0.0,288.7353515625,0.7996969819068909,0.3742501735687256,0.3588856160640716,297.06427001953125,297.1499938964844,293.1499938964844,0.0,-0.0,288.7353515625,0.711516261100769,0.259488970041275,1.1897284984588623,288.7353515625,290.3367004394531,289.8058776855469,286.0668334960937,289.8069763183594,297.1654357910156,288.7352600097656,1.0,0.648369550704956,1.0,1.0,0.0,1.0,-3.3716518878936768,3.371642589569092,9.146096999756992e-06,2.6065566539764404,0.0382704101502895,0.0382704101502895,0.0,207.82958984375,189.0,3669.30126953125,-0.0,3388.32470703125,1.0,283.1499938964844,288.3840637207031,289.0595703125,289.3398742675781,293.1499938964844,293.1499938964844,283.1499938964844,18043.134765625,18000.0,313.1499938964844,0.0,18000.0,1.0,0.0,0.0,0.0,1.0,0.2849786877632141,1.0,0.0,0.0,0.1625334322452545,0.4896244406700134,3.1940095013283103e-09,4.265924453735352,4.265914440155029,9.78592834144365e-06,0.0,0.0,-0.0,1124.29443359375,0.0,19.64799118041992,1895.4371337890625,0.0,46.6156005859375,0.2385969907045364,1.0,0.0,3.0,1.0,0.0
11986860,297.0379333496094,297.1499938964844,293.1499938964844,0.0,-0.0,288.73809814453125,0.7120786309242249,0.2555713355541229,0.2345756888389587,296.97637939453125,297.1499938964844,293.1499938964844,0.0,-0.0,288.7381591796875,0.896652340888977,0.5248205065727234,0.5002679824829102,297.35772705078125,297.1499938964844,293.1499938964844,0.0,-0.0,288.7381896972656,0.9990000128746032,0.8391624689102173,0.5106521844863892,297.05145263671875,297.1499938964844,293.1499938964844,0.0,-0.0,288.7381286621094,0.8031231164932251,0.3724870085716247,0.35706228017807,297.060791015625,297.1499938964844,293.1499938964844,0.0,-0.0,288.73809814453125,0.7142310738563538,0.2580514848232269,1.1824543476104736,288.7381591796875,290.4153747558594,289.742431640625,286.0260009765625,289.7434997558594,297.1746520996094,288.7382507324219,1.0,0.6422125697135925,1.0,1.0,0.0,1.0,-3.344487428665161,3.3444786071777344,8.998513294500299e-06,2.585247755050659,0.0153956217691302,0.0153956217691302,0.0,202.0257568359375,192.0,3411.78955078125,-0.0,3292.81396484375,1.0,283.1499938964844,288.4376220703125,289.0186767578125,289.2786560058594,293.1499938964844,293.1499938964844,283.1499938964844,18040.080078125,18000.0,313.1499938964844,0.0,18000.0,1.0,0.0,0.0,0.0,1.0,0.2835091948509216,1.0,0.0,0.0,0.1487098634243011,0.4898818433284759,2.9044935345723392e-09,4.265924453735352,4.265914440155029,9.78592834144365e-06,0.0,0.0,-0.0,1038.374755859375,0.0,19.59443092346192,1895.4371337890625,0.0,38.573768615722656,0.2382585406303405,1.0,0.0,3.0,1.0,0.0
11986920,297.0379333496094,297.1499938964844,293.1499938964844,0.0,-0.0,288.73809814453125,0.7120786309242249,0.2555713355541229,0.2345756888389587,296.97637939453125,297.1499938964844,293.1499938964844,0.0,-0.0,288.7381591796875,0.896652340888977,0.5248205065727234,0.5002679824829102,297.35772705078125,297.1499938964844,293.1499938964844,0.0,-0.0,288.7381896972656,0.9990000128746032,0.8391624689102173,0.5106521844863892,297.05145263671875,297.1499938964844,293.1499938964844,0.0,-0.0,288.7381286621094,0.8031231164932251,0.3724870085716247,0.35706228017807,297.060791015625,297.1499938964844,293.1499938964844,0.0,-0.0,288.73809814453125,0.7142310738563538,0.2580514848232269,1.1824543476104736,288.7381591796875,290.4153747558594,289.742431640625,286.0260009765625,289.7434997558594,297.1746520996094,288.7382507324219,1.0,0.6422125697135925,1.0,1.0,0.0,1.0,-3.344487428665161,3.3444786071777344,8.998513294500299e-06,2.585247755050659,0.0153956217691302,0.0153956217691302,0.0,202.0257568359375,192.0,3411.78955078125,-0.0,3292.81396484375,1.0,283.1499938964844,288.4376220703125,289.0186767578125,289.2786560058594,293.1499938964844,293.1499938964844,283.1499938964844,18040.080078125,18000.0,313.1499938964844,0.0,18000.0,1.0,0.0,0.0,0.0,1.0,0.2835091948509216,1.0,0.0,0.0,0.1487098634243011,0.4898818433284759,2.9044935345723392e-09,4.265924453735352,4.265914440155029,9.78592834144365e-06,0.0,0.0,-0.0,1038.374755859375,0.0,19.59443092346192,1895.4371337890625,0.0,38.573768615722656,0.2382585406303405,1.0,0.0,3.0,1.0,0.0
11986980,297.0389099121094,297.1499938964844,293.1499938964844,0.0,-0.0,288.9869384765625,0.7121844291687012,0.2542326152324676,0.2330746352672577,296.97784423828125,297.1499938964844,293.1499938964844,0.0,-0.0,288.9950866699219,0.8973143696784973,0.5227423906326294,0.4979147911071777,297.3757019042969,297.1499938964844,293.1499938964844,0.0,-0.0,288.9972229003906,0.9990000128746032,0.8435925841331482,0.5071597695350647,297.05059814453125,297.1499938964844,293.1499938964844,0.0,-0.0,288.9919128417969,0.8037856221199036,0.3711316585540771,0.3554757237434387,297.06085205078125,297.1499938964844,293.1499938964844,0.0,-0.0,288.9870910644531,0.7145971655845642,0.2569141983985901,1.1762028932571411,288.9945983886719,290.49267578125,289.6801147460937,285.9861145019531,289.68115234375,297.18487548828125,289.0127258300781,1.0,0.638653576374054,1.0,1.0,0.0,1.0,-3.3262135982513428,3.326204776763916,8.899975910026114e-06,2.570939540863037,5.551115123125783e-17,5.551115123125783e-17,0.0,199.4621124267578,195.0,2064.20751953125,-0.0,3236.958740234375,1.0,283.1498107910156,288.5101013183594,288.9271545410156,289.04669189453125,293.1499938964844,293.1499938964844,283.1499938964844,18512.796875,18000.0,313.1499938964844,0.0,18000.0,1.0,0.0,0.0,0.0,1.0,0.2746558487415313,1.0,0.0,0.0,0.000162444950547,0.4280107617378235,3.080437597710595e-12,4.265924453735352,4.265914440155029,9.78592834144365e-06,0.0,0.0,-0.0,40.183738708496094,0.0,16.814634323120117,1895.4371337890625,0.0,1.7983191013336182,0.2335903644561767,1.0,0.0,3.0,1.0,0.0
11987040,297.0389099121094,297.1499938964844,293.1499938964844,0.0,-0.0,288.9869384765625,0.7121844291687012,0.2542326152324676,0.2330746352672577,296.97784423828125,297.1499938964844,293.1499938964844,0.0,-0.0,288.9950866699219,0.8973143696784973,0.5227423906326294,0.4979147911071777,297.3757019042969,297.1499938964844,293.1499938964844,0.0,-0.0,288.9972229003906,0.9990000128746032,0.8435925841331482,0.5071597695350647,297.05059814453125,297.1499938964844,293.1499938964844,0.0,-0.0,288.9919128417969,0.8037856221199036,0.3711316585540771,0.3554757237434387,297.06085205078125,297.1499938964844,293.1499938964844,0.0,-0.0,288.9870910644531,0.7145971655845642,0.2569141983985901,1.1762028932571411,288.9945983886719,290.49267578125,289.6801147460937,285.9861145019531,289.68115234375,297.18487548828125,289.0127258300781,1.0,0.638653576374054,1.0,1.0,0.0,1.0,-3.3262135982513428,3.326204776763916,8.899975910026114e-06,2.570939540863037,5.551115123125783e-17,5.551115123125783e-17,0.0,199.4621124267578,195.0,2064.20751953125,-0.0,3236.958740234375,1.0,283.1498107910156,288.5101013183594,288.9271545410156,289.04669189453125,293.1499938964844,293.1499938964844,283.1499938964844,18512.796875,18000.0,313.1499938964844,0.0,18000.0,1.0,0.0,0.0,0.0,1.0,0.2746558487415313,1.0,0.0,0.0,0.000162444950547,0.4280107617378235,3.080437597710595e-12,4.265924453735352,4.265914440155029,9.78592834144365e-06,0.0,0.0,-0.0,40.183738708496094,0.0,16.814634323120117,1895.4371337890625,0.0,1.7983191013336182,0.2335903644561767,1.0,0.0,3.0,1.0,0.0
11987100,297.0472717285156,297.1499938964844,293.1499938964844,0.0,-0.0,289.19500732421875,0.7127475738525391,0.2543498873710632,0.2329110354185104,296.9891357421875,297.1499938964844,293.1499938964844,0.0,-0.0,289.20050048828125,0.8980435132980347,0.5227599143981934,0.497564822435379,297.3965148925781,297.1499938964844,293.1499938964844,0.0,-0.0,289.201904296875,0.9990000128746032,0.8470621109008789,0.5056068301200867,297.0583190917969,297.1499938964844,293.1499938964844,0.0,-0.0,289.1983642578125,0.8044936060905457,0.3712591826915741,0.3553004264831543,297.0671081542969,297.1499938964844,293.1499938964844,0.0,-0.0,289.1950988769531,0.7151285409927368,0.2569610476493835,1.175270915031433,289.2001647949219,290.5307006835937,289.6494445800781,285.9665832519531,289.6504821777344,297.20123291015625,289.2121276855469,1.0,0.6377307176589966,1.0,1.0,0.0,1.0,-3.322386741638184,3.322377920150757,8.879174856701866e-06,2.567852735519409,5.551115123125783e-17,5.551115123125783e-17,0.0,198.5144958496093,195.0,1358.169677734375,-0.0,3223.008544921875,1.0,283.1494445800781,288.50994873046875,288.79229736328125,288.8736572265625,293.1499938964844,293.1499938964844,283.1499938964844,18152.666015625,18000.0,313.1499938964844,0.0,18000.0,1.0,0.0,0.0,0.0,1.0,0.2518402338027954,1.0,0.0,0.0,1.623943717277143e-05,0.4568156898021698,3.079478404048597e-13,4.265924453735352,4.265914440155029,9.78592834144365e-06,0.0,0.0,-0.0,0.3410609066486358,0.0,17.693344116210938,1895.4371337890625,0.0,0.0,0.2333418279886245,1.0,0.0,3.0,1.0,0.0
11987160,297.0570678710937,297.1499938964844,293.1499938964844,0.0,-0.0,289.3267822265625,0.7136227488517761,0.2546606957912445,0.2330897152423858,297.0023498535156,297.1499938964844,293.1499938964844,0.0,-0.0,289.3301696777344,0.8990290760993958,0.5230377316474915,0.4976946413516998,297.4183349609375,297.1499938964844,293.1499938964844,0.0,-0.0,289.3310241699219,0.9990000128746032,0.8507669568061829,0.5041272044181824,297.0679931640625,297.1499938964844,293.1499938964844,0.0,-0.0,289.328857421875,0.8054699897766113,0.371628075838089,0.3555197119712829,297.07525634765625,297.1499938964844,293.1499938964844,0.0,-0.0,289.32684326171875,0.7159352898597717,0.2572365403175354,1.1759033203125,289.3299560546875,290.5682678222656,289.619140625,285.9473571777344,289.62017822265625,297.2193298339844,289.3373107910156,1.0,0.6373384594917297,1.0,1.0,0.0067707849666476,1.0,-3.3219964504241943,3.321977138519287,1.9403843907639384e-05,2.567467212677002,5.551115123125783e-17,5.551115123125783e-17,0.0,197.76055908203125,198.0,884.6643676757812,-0.0,3217.86474609375,1.0,283.1493835449219,288.5099182128906,288.64715576171875,288.7237854003906,293.1499938964844,293.1499938964844,283.1499938964844,18000.23828125,18000.0,313.1499938964844,0.0,18000.0,1.0,0.0,0.0,0.0,1.0,0.2154820412397384,1.0,0.0,0.0,1.59861574502429e-05,0.4721302986145019,3.03144906095912e-13,4.265924453735352,4.265914440155029,9.78592834144365e-06,0.0,0.0,-0.0,0.1276855766773224,0.0,18.187950134277344,1895.4371337890625,0.0,0.0,0.2334877997636795,1.0,0.0,3.0,1.0,0.0
11987220,297.0721740722656,297.1499938964844,293.1499938964844,0.0,-0.0,289.449462890625,0.7144882678985596,0.2550227344036102,0.2334999293088913,297.0227966308594,297.1499938964844,293.1499938964844,0.0,-0.0,289.4504699707031,0.8998260498046875,0.5232523679733276,0.4980205297470093,297.449462890625,297.1499938964844,293.1499938964844,0.0,-0.0,289.4507141113281,0.9990000128746032,0.8573405742645264,0.5031583309173584,297.0838317871094,297.1499938964844,293.1499938964844,0.0,-0.0,289.4500732421875,0.8064643740653992,0.3722026348114013,0.3561248481273651,297.0899658203125,297.1499938964844,293.1499938964844,0.0,-0.0,289.4494934082031,0.7168709635734558,0.257784366607666,1.1784007549285889,289.4504089355469,290.64190673828125,289.55975341796875,285.9099426269531,289.5609436035156,297.24591064453125,289.4525756835937,1.0,0.6376839280128479,1.0,1.0,0.0203123558312654,1.0,-3.325444459915161,3.325350284576416,9.416673856321722e-05,2.570032835006714,5.551115123125783e-17,5.551115123125783e-17,0.0,197.43289184570312,201.0,353.7147216796875,-0.0,3223.730224609375,1.0,283.1492614746094,288.5098571777344,288.3763732910156,288.4459228515625,293.1499938964844,293.1499938964844,283.1499938964844,17923.046875,18000.0,313.1499938964844,0.0,18000.0,1.0,0.0,0.0,0.0,1.0,0.1083590611815452,1.0,0.0,0.0,1.591748332430143e-05,0.4889059960842132,3.018426437614852e-13,4.265924453735352,4.265914440155029,9.78592834144365e-06,0.0,0.0,-0.0,0.1286033391952514,0.0,18.81430435180664,1895.4371337890625,0.0,0.0,0.2341485768556594,1.0,0.0,3.0,1.0,0.0
11987280,297.0721740722656,297.1499938964844,293.1499938964844,0.0,-0.0,289.449462890625,0.7144882678985596,0.2550227344036102,0.2334999293088913,297.0227966308594,297.1499938964844,293.1499938964844,0.0,-0.0,289.4504699707031,0.8998260498046875,0.5232523679733276,0.4980205297470093,297.449462890625,297.1499938964844,293.1499938964844,0.0,-0.0,289.4507141113281,0.9990000128746032,0.8573405742645264,0.5031583309173584,297.0838317871094,297.1499938964844,293.1499938964844,0.0,-0.0,289.4500732421875,0.8064643740653992,0.3722026348114013,0.3561248481273651,297.0899658203125,297.1499938964844,293.1499938964844,0.0,-0.0,289.4494934082031,0.7168709635734558,0.257784366607666,1.1784007549285889,289.4504089355469,290.64190673828125,289.55975341796875,285.9099426269531,289.5609436035156,297.24591064453125,289.4525756835937,1.0,0.6376839280128479,1.0,1.0,0.0203123558312654,1.0,-3.325444459915161,3.325350284576416,9.416673856321722e-05,2.570032835006714,5.551115123125783e-17,5.551115123125783e-17,0.0,197.43289184570312,201.0,353.7147216796875,-0.0,3223.730224609375,1.0,283.1492614746094,288.5098571777344,288.3763732910156,288.4459228515625,293.1499938964844,293.1499938964844,283.1499938964844,17923.046875,18000.0,313.1499938964844,0.0,18000.0,1.0,0.0,0.0,0.0,1.0,0.1083590611815452,1.0,0.0,0.0,1.591748332430143e-05,0.4889059960842132,3.018426437614852e-13,4.265924453735352,4.265914440155029,9.78592834144365e-06,0.0,0.0,-0.0,0.1286033391952514,0.0,18.81430435180664,1895.4371337890625,0.0,0.0,0.2341485768556594,1.0,0.0,3.0,1.0,0.0
11987340,297.07830810546875,297.1499938964844,293.1499938964844,0.0,-0.0,289.4737243652344,0.71333247423172,0.2546676695346832,0.2333946973085403,297.0314025878906,297.1499938964844,293.1499938964844,0.0,-0.0,289.47369384765625,0.8981960415840149,0.5225227475166321,0.4976148009300232,297.4587097167969,297.1499938964844,293.1499938964844,0.0,-0.0,289.4736633300781,0.9990000128746032,0.8620927929878235,0.5054077506065369,297.0906677246094,297.1499938964844,293.1499938964844,0.0,-0.0,289.47369384765625,0.8053191900253296,0.3720675706863403,0.3562276065349579,297.0979919433594,297.1499938964844,293.1499938964844,0.0,-0.0,289.4737243652344,0.7160626649856567,0.2578449547290802,1.1795378923416138,289.47369384765625,290.7132873535156,289.502197265625,285.87408447265625,289.5040588378906,297.2546081542969,289.4735412597656,1.0,0.638859212398529,1.0,1.0,0.0338539257645607,1.0,-3.3290281295776367,3.3286261558532715,0.0004021257045678,2.572539091110229,5.551115123125783e-17,5.551115123125783e-17,0.0,198.70587158203125,204.0,115.8507308959961,-0.0,3238.999267578125,1.0,283.14910888671875,288.5097961425781,288.1301574707031,288.19342041015625,293.1499938964844,293.1499938964844,283.1499938964844,17940.525390625,18000.0,313.1499938964844,0.0,18000.0,1.0,0.0,0.0,0.0,1.0,0.0,1.0,0.0,0.0,1.593300657987129e-05,0.4958303570747375,3.02137004651315e-13,4.265924453735352,4.265914440155029,9.78592834144365e-06,0.0,0.0,-0.0,0.1284081190824508,0.0,19.12318229675293,1895.4371337890625,0.0,0.0,0.2346893101930618,1.0,0.0,3.0,1.0,0.0
11987400,297.07830810546875,297.1499938964844,293.1499938964844,0.0,-0.0,289.4737243652344,0.71333247423172,0.2546676695346832,0.2333946973085403,297.0314025878906,297.1499938964844,293.1499938964844,0.0,-0.0,289.47369384765625,0.8981960415840149,0.5225227475166321,0.4976148009300232,297.4587097167969,297.1499938964844,293.1499938964844,0.0,-0.0,289.4736633300781,0.9990000128746032,0.8620927929878235,0.5054077506065369,297.0906677246094,297.1499938964844,293.1499938964844,0.0,-0.0,289.47369384765625,0.8053191900253296,0.3720675706863403,0.3562276065349579,297.0979919433594,297.1499938964844,293.1499938964844,0.0,-0.0,289.4737243652344,0.7160626649856567,0.2578449547290802,1.1795378923416138,289.47369384765625,290.7132873535156,289.502197265625,285.87408447265625,289.5040588378906,297.2546081542969,289.4735412597656,1.0,0.638859212398529,1.0,1.0,0.0338539257645607,1.0,-3.3290281295776367,3.3286261558532715,0.0004021257045678,2.572539091110229,5.551115123125783e-17,5.551115123125783e-17,0.0,198.70587158203125,204.0,115.8507308959961,-0.0,3238.999267578125,1.0,283.14910888671875,288.5097961425781,288.1301574707031,288.19342041015625,293.1499938964844,293.1499938964844,283.1499938964844,17940.525390625,18000.0,313.1499938964844,0.0,18000.0,1.0,0.0,0.0,0.0,1.0,0.0,1.0,0.0,0.0,1.593300657987129e-05,0.4958303570747375,3.02137004651315e-13,4.265924453735352,4.265914440155029,9.78592834144365e-06,0.0,0.0,-0.0,0.1284081190824508,0.0,19.12318229675293,1895.4371337890625,0.0,0.0,0.2346893101930618,1.0,0.0,3.0,1.0,0.0
11987460,297.07733154296875,297.1499938964844,293.1499938964844,0.0,-0.0,289.47174072265625,0.7103878855705261,0.2536653876304626,0.2327158451080322,297.03076171875,297.1499938964844,293.1499938964844,0.0,-0.0,289.47222900390625,0.8945640921592712,0.5209627747535706,0.4964171350002289,297.4502258300781,297.1499938964844,293.1499938964844,0.0,-0.0,289.4723815917969,0.9990000128746032,0.8651584386825562,0.5101720094680786,297.0896911621094,297.1499938964844,293.1499938964844,0.0,-0.0,289.4720153808594,0.8023152947425842,0.3712230324745178,0.3556796610355377,297.0991516113281,297.1499938964844,293.1499938964844,0.0,-0.0,289.47174072265625,0.7136116623878479,0.2573112249374389,1.1782370805740356,289.4721984863281,290.7821044921875,289.4466857910156,285.8399963378906,289.49530029296875,297.2494506835937,289.4736022949219,1.0,0.6403002142906189,1.0,1.0,0.0812613144516944,1.0,-3.3302807807922363,3.308801651000977,0.0214791651815176,2.5525989532470703,5.551115123125783e-17,5.551115123125783e-17,0.0,201.1185760498047,207.0,40.57042694091797,-0.0,3255.345458984375,1.0,283.14898681640625,288.5097351074219,287.90594482421875,287.9635925292969,293.1499938964844,293.1499938964844,283.1499938964844,17966.3828125,18000.0,313.1499938964844,0.0,18000.0,1.0,0.0,0.0,0.0,1.0,0.0,1.0,0.0,0.0,1.5955969502101652e-05,0.4985316395759582,3.0257244734883963e-13,4.265924453735352,4.265914440155029,9.78592834144365e-06,0.0,0.0,-0.0,0.1274207830429077,0.0,19.263551712036133,1895.4371337890625,0.0,0.0,0.2350011467933654,1.0,0.0,3.0,1.0,0.0
11987520,297.07733154296875,297.1499938964844,293.1499938964844,0.0,-0.0,289.47174072265625,0.7103878855705261,0.2536653876304626,0.2327158451080322,297.03076171875,297.1499938964844,293.1499938964844,0.0,-0.0,289.47222900390625,0.8945640921592712,0.5209627747535706,0.4964171350002289,297.4502258300781,297.1499938964844,293.1499938964844,0.0,-0.0,289.4723815917969,0.9990000128746032,0.8651584386825562,0.5101720094680786,297.0896911621094,297.1499938964844,293.1499938964844,0.0,-0.0,289.4720153808594,0.8023152947425842,0.3712230324745178,0.3556796610355377,297.0991516113281,297.1499938964844,293.1499938964844,0.0,-0.0,289.47174072265625,0.7136116623878479,0.2573112249374389,1.1782370805740356,289.4721984863281,290.7821044921875,289.4466857910156,285.8399963378906,289.49530029296875,297.2494506835937,289.4736022949219,1.0,0.6403002142906189,1.0,1.0,0.0812613144516944,1.0,-3.3302807807922363,3.308801651000977,0.0214791651815176,2.5525989532470703,5.551115123125783e-17,5.551115123125783e-17,0.0,201.1185760498047,207.0,40.57042694091797,-0.0,3255.345458984375,1.0,283.14898681640625,288.5097351074219,287.90594482421875,287.9635925292969,293.1499938964844,293.1499938964844,283.1499938964844,17966.3828125,18000.0,313.1499938964844,0.0,18000.0,1.0,0.0,0.0,0.0,1.0,0.0,1.0,0.0,0.0,1.5955969502101652e-05,0.4985316395759582,3.0257244734883963e-13,4.265924453735352,4.265914440155029,9.78592834144365e-06,0.0,0.0,-0.0,0.1274207830429077,0.0,19.263551712036133,1895.4371337890625,0.0,0.0,0.2350011467933654,1.0,0.0,3.0,1.0,0.0
11987580,297.0782470703125,297.1499938964844,293.1499938964844,0.0,-0.0,289.6989440917969,0.7066702842712402,0.2528235912322998,0.2319104075431823,297.0330505371094,297.1499938964844,293.1499938964844,0.0,-0.0,289.7067565917969,0.8901849389076233,0.5196683406829834,0.4950797855854034,297.44317626953125,297.1499938964844,293.1499938964844,0.0,-0.0,289.7090148925781,0.9990000128746032,0.8682241439819336,0.5161237716674805,297.0900573730469,297.1499938964844,293.1499938964844,0.0,-0.0,289.7037353515625,0.7985607981681824,0.370481938123703,0.3549388945102691,297.1000366210937,297.1499938964844,293.1499938964844,0.0,-0.0,289.6991882324219,0.710345447063446,0.2567467093467712,1.175819993019104,289.70635986328125,290.8480834960937,289.3934936523437,285.8078918457031,289.9179382324219,297.2467041015625,289.7246398925781,1.0,0.6417701244354248,1.0,1.0,0.1286687105894088,1.0,-3.3310563564300537,3.10363507270813,0.227421298623085,2.3482065200805664,5.551115123125783e-17,5.551115123125783e-17,0.0,203.9716033935547,210.0,317.63824462890625,-0.0,3271.596435546875,1.0,283.1488342285156,288.5096740722656,287.70147705078125,287.7540588378906,293.1499938964844,293.1499938964844,283.1499938964844,17983.5078125,18000.0,313.1499938964844,0.0,18000.0,1.0,0.0,0.0,0.0,1.0,0.0,1.0,0.0,0.0,1.5971179891494103e-05,0.4995246827602386,3.0286089933682925e-13,4.265924453735352,4.265914440155029,9.78592834144365e-06,0.0,0.0,-0.0,0.1282553225755691,0.0,19.32306861877441,1895.4371337890625,0.0,0.0,0.2351557612419128,1.0,0.0,3.0,1.0,0.0
11987640,297.0782470703125,297.1499938964844,293.1499938964844,0.0,-0.0,289.6989440917969,0.7066702842712402,0.2528235912322998,0.2319104075431823,297.0330505371094,297.1499938964844,293.1499938964844,0.0,-0.0,289.7067565917969,0.8901849389076233,0.5196683406829834,0.4950797855854034,297.44317626953125,297.1499938964844,293.1499938964844,0.0,-0.0,289.7090148925781,0.9990000128746032,0.8682241439819336,0.5161237716674805,297.0900573730469,297.1499938964844,293.1499938964844,0.0,-0.0,289.7037353515625,0.7985607981681824,0.370481938123703,0.3549388945102691,297.1000366210937,297.1499938964844,293.1499938964844,0.0,-0.0,289.6991882324219,0.710345447063446,0.2567467093467712,1.175819993019104,289.70635986328125,290.8480834960937,289.3934936523437,285.8078918457031,289.9179382324219,297.2467041015625,289.7246398925781,1.0,0.6417701244354248,1.0,1.0,0.1286687105894088,1.0,-3.3310563564300537,3.10363507270813,0.227421298623085,2.3482065200805664,5.551115123125783e-17,5.551115123125783e-17,0.0,203.9716033935547,210.0,317.63824462890625,-0.0,3271.596435546875,1.0,283.1488342285156,288.5096740722656,287.70147705078125,287.7540588378906,293.1499938964844,293.1499938964844,283.1499938964844,17983.5078125,18000.0,313.1499938964844,0.0,18000.0,1.0,0.0,0.0,0.0,1.0,0.0,1.0,0.0,0.0,1.5971179891494103e-05,0.4995246827602386,3.0286089933682925e-13,4.265924453735352,4.265914440155029,9.78592834144365e-06,0.0,0.0,-0.0,0.1282553225755691,0.0,19.32306861877441,1895.4371337890625,0.0,0.0,0.2351557612419128,1.0,0.0,3.0,1.0,0.0
11987700,297.086181640625,297.1499938964844,293.1499938964844,0.0,-0.0,289.9750366210937,0.7056987285614014,0.2531456053256988,0.231957733631134,297.0443420410156,297.1499938964844,293.1499938964844,0.0,-0.0,289.9843444824219,0.8889190554618835,0.5200302004814148,0.4950626492500305,297.4544372558594,297.1499938964844,293.1499938964844,0.0,-0.0,289.98699951171875,0.9990000128746032,0.8711772561073303,0.5182526111602783,297.09783935546875,297.1499938964844,293.1499938964844,0.0,-0.0,289.98077392578125,0.7975094318389893,0.3708643913269043,0.355036973953247,297.1059875488281,297.1499938964844,293.1499938964844,0.0,-0.0,289.9753112792969,0.7094030380249023,0.2570115923881531,1.1761213541030884,289.9838562011719,290.8799133300781,289.3678283691406,285.7926330566406,290.2598571777344,297.25750732421875,290.0046081542969,1.0,0.6426516771316528,1.0,1.0,0.1523724049329757,1.0,-3.3341212272644043,2.95332670211792,0.380794495344162,2.1977343559265137,5.551115123125783e-17,5.551115123125783e-17,0.0,205.05792236328125,210.0,523.4864501953125,-0.0,3283.499755859375,1.0,283.1487731933594,288.5096435546875,287.60601806640625,287.65625,293.1499938964844,293.1499938964844,283.1499938964844,17988.8515625,18000.0,313.1499938964844,0.0,18000.0,1.0,0.0,0.0,0.0,1.0,0.0,1.0,0.0,0.0,1.597592381585855e-05,0.4997409284114837,3.0295086101209133e-13,4.265924453735352,4.265914440155029,9.78592834144365e-06,0.0,0.0,-0.0,0.131043866276741,0.0,19.33769416809082,1895.4371337890625,0.0,0.0,0.2351978570222854,1.0,0.0,3.0,1.0,0.0
11987760,297.0987854003906,297.1499938964844,293.1499938964844,0.0,-0.0,290.20733642578125,0.7058404088020325,0.2539767026901245,0.2325090169906616,297.06219482421875,297.1499938964844,293.1499938964844,0.0,-0.0,290.2130126953125,0.8888108730316162,0.5211122632026672,0.4957799911499023,297.4750366210937,297.1499938964844,293.1499938964844,0.0,-0.0,290.214599609375,0.9990000128746032,0.875125527381897,0.5191879272460938,297.1107482910156,297.1499938964844,293.1499938964844,0.0,-0.0,290.2108764648437,0.797520101070404,0.3718002438545227,0.3556916117668152,297.1161193847656,297.1499938964844,293.1499938964844,0.0,-0.0,290.20751953125,0.7094456553459167,0.2577281892299652,1.1784487962722778,290.2127380371094,290.9109191894531,289.3428039550781,285.7779541015625,290.43896484375,297.2744140625,290.22491455078125,1.0,0.64378422498703,1.0,1.0,0.1740597039461136,1.0,-3.3403477668762207,2.877220869064331,0.463126927614212,2.120429515838623,5.551115123125783e-17,5.551115123125783e-17,0.0,205.74026489257807,213.0,543.1814575195312,-0.0,3300.88037109375,1.0,283.1487121582031,288.5096130371094,287.5147705078125,287.56280517578125,293.1499938964844,293.1499938964844,283.1499938964844,17992.60546875,18000.0,313.1499938964844,0.0,18000.0,1.0,0.0,0.0,0.0,1.0,0.0,1.0,0.0,0.0,1.597925802343525e-05,0.4998644888401031,3.030140699987472e-13,4.265924453735352,4.265914440155029,9.78592834144365e-06,0.0,0.0,-0.0,0.1347845196723938,0.0,19.34677124023437,1895.4371337890625,0.0,0.0,0.2352255880832672,1.0,0.0,3.0,1.0,0.0
11987820,297.1236267089844,297.1499938964844,293.1499938964844,0.0,-0.0,290.50421142578125,0.707061231136322,0.2558502554893493,0.2341631799936294,297.09814453125,297.1499938964844,293.1499938964844,0.0,-0.0,290.50897216796875,0.8895685076713562,0.5236464142799377,0.4980953335762024,297.5158386230469,297.1499938964844,293.1499938964844,0.0,-0.0,290.5103454589844,0.9990000128746032,0.8833839893341064,0.5203176140785217,297.137451171875,297.1499938964844,293.1499938964844,0.0,-0.0,290.50714111328125,0.7984766960144043,0.3740116953849792,0.3577131927013397,297.138671875,297.1499938964844,293.1499938964844,0.0,-0.0,290.5043640136719,0.710540235042572,0.2595840394496918,1.1863261461257937,290.5087585449219,290.9703063964844,289.294921875,285.7504577636719,290.7052001953125,297.30780029296875,290.5196228027344,1.0,0.6467194557189941,1.0,1.0,0.2174343168735504,1.0,-3.3583765029907227,2.7656636238098145,0.5927127003669739,2.0052499771118164,5.551115123125783e-17,5.551115123125783e-17,0.0,207.02099609375,216.0,452.44964599609375,-0.0,3348.386962890625,1.0,283.1485595703125,288.50958251953125,287.3441467285156,287.3880615234375,293.1499938964844,293.1499938964844,283.1499938964844,17996.904296875,18000.0,313.1499938964844,0.0,18000.0,1.0,0.0,0.0,0.0,1.0,0.0,1.0,0.0,0.0,1.5983076082193293e-05,0.4999701380729675,3.030864947038692e-13,4.265924453735352,4.265914440155029,9.78592834144365e-06,0.0,0.0,-0.0,0.1410779505968094,0.0,19.35565185546875,1895.4371337890625,0.0,0.0,0.2352549731731414,1.0,0.0,3.0,1.0,0.0
11987880,297.1236267089844,297.1499938964844,293.1499938964844,0.0,-0.0,290.50421142578125,0.707061231136322,0.2558502554893493,0.2341631799936294,297.09814453125,297.1499938964844,293.1499938964844,0.0,-0.0,290.50897216796875,0.8895685076713562,0.5236464142799377,0.4980953335762024,297.5158386230469,297.1499938964844,293.1499938964844,0.0,-0.0,290.5103454589844,0.9990000128746032,0.8833839893341064,0.5203176140785217,297.137451171875,297.1499938964844,293.1499938964844,0.0,-0.0,290.50714111328125,0.7984766960144043,0.3740116953849792,0.3577131927013397,297.138671875,297.1499938964844,293.1499938964844,0.0,-0.0,290.5043640136719,0.710540235042572,0.2595840394496918,1.1863261461257937,290.5087585449219,290.9703063964844,289.294921875,285.7504577636719,290.7052001953125,297.30780029296875,290.5196228027344,1.0,0.6467194557189941,1.0,1.0,0.2174343168735504,1.0,-3.3583765029907227,2.7656636238098145,0.5927127003669739,2.0052499771118164,5.551115123125783e-17,5.551115123125783e-17,0.0,207.02099609375,216.0,452.44964599609375,-0.0,3348.386962890625,1.0,283.1485595703125,288.50958251953125,287.3441467285156,287.3880615234375,293.1499938964844,293.1499938964844,283.1499938964844,17996.904296875,18000.0,313.1499938964844,0.0,18000.0,1.0,0.0,0.0,0.0,1.0,0.0,1.0,0.0,0.0,1.5983076082193293e-05,0.4999701380729675,3.030864947038692e-13,4.265924453735352,4.265914440155029,9.78592834144365e-06,0.0,0.0,-0.0,0.1410779505968094,0.0,19.35565185546875,1895.4371337890625,0.0,0.0,0.2352549731731414,1.0,0.0,3.0,1.0,0.0
11987940,297.14697265625,297.1499938964844,293.1499938964844,0.0,-0.0,290.8048400878906,0.7081593871116638,0.2578820586204529,0.2359629273414611,297.1317749023437,297.1499938964844,293.1499938964844,0.0,-0.0,290.80975341796875,0.8901342153549194,0.5264008045196533,0.5006362199783325,297.553466796875,297.1499938964844,293.1499938964844,0.0,-0.0,290.8111572265625,0.9990000128746032,0.8918339014053345,0.522003173828125,297.1628112792969,297.1499938964844,293.1499938964844,0.0,-0.0,290.807861328125,0.7993009686470032,0.3764229416847229,0.3599531650543213,297.16131591796875,297.1499938964844,293.1499938964844,0.0,-0.0,290.80499267578125,0.7116672992706299,0.2617341876029968,1.195744514465332,290.8095092773437,291.0260009765625,289.25,285.7255554199219,291.00164794921875,297.3388366699219,290.8207397460937,1.0,0.6502768993377686,1.0,1.0,0.260808914899826,1.0,-3.379638195037842,2.64605975151062,0.7335785031318665,1.8813302516937256,5.551115123125783e-17,5.551115123125783e-17,0.0,208.7352600097656,219.0,431.61224365234375,-0.0,3406.286376953125,1.0,283.1484375,288.5095520019531,287.1881408691406,287.2283020019531,293.1499938964844,293.1499938964844,283.1499938964844,17998.78515625,18000.0,313.1499938964844,0.0,18000.0,1.0,0.0,0.0,0.0,1.0,0.0,1.0,0.0,0.0,1.5984745914465748e-05,0.4999983608722687,3.0311815340730575e-13,4.265924453735352,4.265914440155029,9.78592834144365e-06,0.0,0.0,-0.0,0.1464634090662002,0.0,19.358774185180664,1895.4371337890625,0.0,0.0,0.2352666556835174,1.0,0.0,3.0,1.0,0.0
11988000,297.14697265625,297.1499938964844,293.1499938964844,0.0,-0.0,290.8048400878906,0.7081593871116638,0.2578820586204529,0.2359629273414611,297.1317749023437,297.1499938964844,293.1499938964844,0.0,-0.0,290.80975341796875,0.8901342153549194,0.5264008045196533,0.5006362199783325,297.553466796875,297.1499938964844,293.1499938964844,0.0,-0.0,290.8111572265625,0.9990000128746032,0.8918339014053345,0.522003173828125,297.1628112792969,297.1499938964844,293.1499938964844,0.0,-0.0,290.807861328125,0.7993009686470032,0.3764229416847229,0.3599531650543213,297.16131591796875,297.1499938964844,293.1499938964844,0.0,-0.0,290.80499267578125,0.7116672992706299,0.2617341876029968,1.195744514465332,290.8095092773437,291.0260009765625,289.25,285.7255554199219,291.00164794921875,297.3388366699219,290.8207397460937,1.0,0.6502768993377686,1.0,1.0,0.260808914899826,1.0,-3.379638195037842,2.64605975151062,0.7335785031318665,1.8813302516937256,5.551115123125783e-17,5.551115123125783e-17,0.0,208.7352600097656,219.0,431.61224365234375,-0.0,3406.286376953125,1.0,283.1484375,288.5095520019531,287.1881408691406,287.2283020019531,293.1499938964844,293.1499938964844,283.1499938964844,17998.78515625,18000.0,313.1499938964844,0.0,18000.0,1.0,0.0,0.0,0.0,1.0,0.0,1.0,0.0,0.0,1.5984745914465748e-05,0.4999983608722687,3.0311815340730575e-13,4.265924453735352,4.265914440155029,9.78592834144365e-06,0.0,0.0,-0.0,0.1464634090662002,0.0,19.358774185180664,1895.4371337890625,0.0,0.0,0.2352666556835174,1.0,0.0,3.0,1.0,0.0
11988060,297.16632080078125,297.1499938964844,293.1499938964844,0.0,-0.0,290.9703063964844,0.7091197371482849,0.2598141133785248,0.2378261387348175,297.1600646972656,297.1499938964844,293.1499938964844,0.0,-0.0,290.9719543457031,0.8905273675918579,0.529050350189209,0.5032819509506226,297.583251953125,297.1499938964844,293.1499938964844,0.0,-0.0,290.9724426269531,0.9990000128746032,0.8999840617179871,0.524086594581604,297.1842346191406,297.1499938964844,293.1499938964844,0.0,-0.0,290.9713439941406,0.7999812364578247,0.3787673711776733,0.3622874617576599,297.1814880371094,297.1499938964844,293.1499938964844,0.0,-0.0,290.9703674316406,0.7127503156661987,0.2639296054840088,1.2059766054153442,290.9718933105469,291.07879638671875,289.2074279785156,285.70220947265625,291.0680236816406,297.3645324707031,290.97564697265625,1.0,0.6542987823486328,1.0,1.0,0.2709311842918396,1.0,-3.402679204940796,2.626582384109497,0.7760969400405884,1.8568161725997925,5.551115123125783e-17,5.551115123125783e-17,0.0,210.81277465820312,222.0,261.48095703125,-0.0,3471.824462890625,1.0,283.1483154296875,288.5094909667969,287.0453796386719,287.0821533203125,293.1499938964844,293.1499938964844,283.1499938964844,17999.55078125,18000.0,313.1499938964844,0.0,18000.0,1.0,0.0,0.0,0.0,1.0,0.0,1.0,0.0,0.0,1.5985426216502674e-05,0.5000033378601074,3.03131028308104e-13,4.265924453735352,4.265914440155029,9.78592834144365e-06,0.0,0.0,-0.0,0.1505310237407684,0.0,19.35976791381836,1895.4371337890625,0.0,0.0,0.2352709919214248,1.0,0.0,3.0,1.0,0.0
11988120,297.16632080078125,297.1499938964844,293.1499938964844,0.0,-0.0,290.9703063964844,0.7091197371482849,0.2598141133785248,0.2378261387348175,297.1600646972656,297.1499938964844,293.1499938964844,0.0,-0.0,290.9719543457031,0.8905273675918579,0.529050350189209,0.5032819509506226,297.583251953125,297.1499938964844,293.1499938964844,0.0,-0.0,290.9724426269531,0.9990000128746032,0.8999840617179871,0.524086594581604,297.1842346191406,297.1499938964844,293.1499938964844,0.0,-0.0,290.9713439941406,0.7999812364578247,0.3787673711776733,0.3622874617576599,297.1814880371094,297.1499938964844,293.1499938964844,0.0,-0.0,290.9703674316406,0.7127503156661987,0.2639296054840088,1.2059766054153442,290.9718933105469,291.07879638671875,289.2074279785156,285.70220947265625,291.0680236816406,297.3645324707031,290.97564697265625,1.0,0.6542987823486328,1.0,1.0,0.2709311842918396,1.0,-3.402679204940796,2.626582384109497,0.7760969400405884,1.8568161725997925,5.551115123125783e-17,5.551115123125783e-17,0.0,210.81277465820312,222.0,261.48095703125,-0.0,3471.824462890625,1.0,283.1483154296875,288.5094909667969,287.0453796386719,287.0821533203125,293.1499938964844,293.1499938964844,283.1499938964844,17999.55078125,18000.0,313.1499938964844,0.0,18000.0,1.0,0.0,0.0,0.0,1.0,0.0,1.0,0.0,0.0,1.5985426216502674e-05,0.5000033378601074,3.03131028308104e-13,4.265924453735352,4.265914440155029,9.78592834144365e-06,0.0,0.0,-0.0,0.1505310237407684,0.0,19.35976791381836,1895.4371337890625,0.0,0.0,0.2352709919214248,1.0,0.0,3.0,1.0,0.0
11988180,297.17578125,297.1499938964844,293.1499938964844,0.0,-0.0,291.0580444335937,0.7086747288703918,0.2609899640083313,0.2391121238470077,297.1755065917969,297.1499938964844,293.1499938964844,0.0,-0.0,291.0592346191406,0.8894685506820679,0.5307521820068359,0.5051612257957458,297.59503173828125,297.1499938964844,293.1499938964844,0.0,-0.0,291.0595703125,0.9990000128746032,0.9066805243492126,0.5278717279434204,297.1957702636719,297.1499938964844,293.1499938964844,0.0,-0.0,291.05877685546875,0.7993341684341431,0.3803770542144775,0.3640439510345459,297.1938171386719,297.1499938964844,293.1499938964844,0.0,-0.0,291.0580749511719,0.7126879692077637,0.2655869424343109,1.2143678665161133,291.0591735839844,291.1297912597656,289.1662902832031,285.6791687011719,291.1209716796875,297.3764343261719,291.0619506835937,1.0,0.6583855152130127,1.0,1.0,0.2810534238815307,1.0,-3.4232468605041504,2.608269453048706,0.8149774670600891,1.834077000617981,5.551115123125783e-17,5.551115123125783e-17,0.0,213.67529296875,225.0,161.00682067871094,-0.0,3536.87255859375,1.0,283.1481628417969,288.50946044921875,286.9145812988281,286.9482727050781,293.1499938964844,293.1499938964844,283.1499938964844,17999.845703125,18000.0,313.1499938964844,0.0,18000.0,1.0,0.0,0.0,0.0,1.0,0.0,1.0,0.0,0.0,1.5985688150976785e-05,0.5000028014183044,3.0313601563809744e-13,4.265924453735352,4.265914440155029,9.78592834144365e-06,0.0,0.0,-0.0,0.1524694412946701,0.0,19.360050201416016,1895.4371337890625,0.0,0.0,0.2352724969387054,1.0,0.0,3.0,1.0,0.0
11988240,297.17578125,297.1499938964844,293.1499938964844,0.0,-0.0,291.0580444335937,0.7086747288703918,0.2609899640083313,0.2391121238470077,297.1755065917969,297.1499938964844,293.1499938964844,0.0,-0.0,291.0592346191406,0.8894685506820679,0.5307521820068359,0.5051612257957458,297.59503173828125,297.1499938964844,293.1499938964844,0.0,-0.0,291.0595703125,0.9990000128746032,0.9066805243492126,0.5278717279434204,297.1957702636719,297.1499938964844,293.1499938964844,0.0,-0.0,291.05877685546875,0.7993341684341431,0.3803770542144775,0.3640439510345459,297.1938171386719,297.1499938964844,293.1499938964844,0.0,-0.0,291.0580749511719,0.7126879692077637,0.2655869424343109,1.2143678665161133,291.0591735839844,291.1297912597656,289.1662902832031,285.6791687011719,291.1209716796875,297.3764343261719,291.0619506835937,1.0,0.6583855152130127,1.0,1.0,0.2810534238815307,1.0,-3.4232468605041504,2.608269453048706,0.8149774670600891,1.834077000617981,5.551115123125783e-17,5.551115123125783e-17,0.0,213.67529296875,225.0,161.00682067871094,-0.0,3536.87255859375,1.0,283.1481628417969,288.50946044921875,286.9145812988281,286.9482727050781,293.1499938964844,293.1499938964844,283.1499938964844,17999.845703125,18000.0,313.1499938964844,0.0,18000.0,1.0,0.0,0.0,0.0,1.0,0.0,1.0,0.0,0.0,1.5985688150976785e-05,0.5000028014183044,3.0313601563809744e-13,4.265924453735352,4.265914440155029,9.78592834144365e-06,0.0,0.0,-0.0,0.1524694412946701,0.0,19.360050201416016,1895.4371337890625,0.0,0.0,0.2352724969387054,1.0,0.0,3.0,1.0,0.0
11988300,297.1779479980469,297.1499938964844,293.1499938964844,0.0,-0.0,291.09381103515625,0.7080123424530029,0.2613665163516998,0.2395505309104919,297.1797790527344,297.1499938964844,293.1499938964844,0.0,-0.0,291.0948791503906,0.8885006308555603,0.5313351154327393,0.505831241607666,297.5962829589844,297.1499938964844,293.1499938964844,0.0,-0.0,291.0951843261719,0.9990000128746032,0.9096213579177856,0.5302536487579346,297.19873046875,297.1499938964844,293.1499938964844,0.0,-0.0,291.094482421875,0.798596203327179,0.3809579610824585,0.3647032082080841,297.1974792480469,297.1499938964844,293.1499938964844,0.0,-0.0,291.0938415527344,0.7122728824615479,0.266225129365921,1.2177226543426514,291.0948486328125,291.1499938964844,289.146240234375,285.6677551269531,291.1470642089844,297.3782043457031,291.0973205566406,1.0,0.6603672504425049,1.0,1.0,0.2861145436763763,1.0,-3.432274341583252,2.5980796813964844,0.8341944813728333,1.8219540119171145,5.551115123125783e-17,5.551115123125783e-17,0.0,215.31121826171875,225.0,133.00376892089844,-0.0,3567.85302734375,1.0,283.1481018066406,288.50946044921875,286.8533020019531,286.8855895996094,293.1499938964844,293.1499938964844,283.1499938964844,17999.912109375,18000.0,313.1499938964844,0.0,18000.0,1.0,0.0,0.0,0.0,1.0,0.0,1.0,0.0,0.0,1.5985746358637698e-05,0.5000022053718567,3.0313712694532424e-13,4.265924453735352,4.265914440155029,9.78592834144365e-06,0.0,0.0,-0.0,0.1530526727437973,0.0,19.360092163085938,1895.4371337890625,0.0,0.0,0.2352727949619293,1.0,0.0,3.0,1.0,0.0
11988360,297.17889404296875,297.1499938964844,293.1499938964844,0.0,-0.0,291.11407470703125,0.707170844078064,0.2616367638111114,0.2398942857980728,297.1822509765625,297.1499938964844,293.1499938964844,0.0,-0.0,291.11431884765625,0.8873546719551086,0.5317686796188354,0.5063651204109192,297.59503173828125,297.1499938964844,293.1499938964844,0.0,-0.0,291.1143798828125,0.9990000128746032,0.91232830286026,0.5328170657157898,297.2001647949219,297.1499938964844,293.1499938964844,0.0,-0.0,291.1142272949219,0.7976824641227722,0.3814101815223694,0.3652454614639282,297.1997375488281,297.1499938964844,293.1499938964844,0.0,-0.0,291.11407470703125,0.7116802334785461,0.2667469084262848,1.2205815315246582,291.11431884765625,291.1499938964844,289.1264953613281,285.6564025878906,291.14276123046875,297.3778991699219,291.1148986816406,1.0,0.6622893810272217,1.0,1.0,0.2869277596473694,1.0,-3.4405057430267334,2.600285053253174,0.8402206301689148,1.8223577737808228,5.551115123125783e-17,5.551115123125783e-17,0.0,217.02053833007807,228.0,91.47508239746094,-0.0,3597.588623046875,1.0,283.1480407714844,288.5094299316406,286.7945251464844,286.8254699707031,293.1499938964844,293.1499938964844,283.1499938964844,17999.951171875,18000.0,313.1499938964844,0.0,18000.0,1.0,0.0,0.0,0.0,1.0,0.0,1.0,0.0,0.0,1.598578273842577e-05,0.5000016093254089,3.0313780457168205e-13,4.265924453735352,4.265914440155029,9.78592834144365e-06,0.0,0.0,-0.0,0.1534419357776641,0.0,19.360107421875,1895.4371337890625,0.0,0.0,0.2352729737758636,1.0,0.0,3.0,1.0,0.0
11988420,297.1762084960937,297.1499938964844,293.1499938964844,0.0,-0.0,291.1188049316406,0.7048343420028687,0.2617368996143341,0.2402277588844299,297.1809387207031,297.1499938964844,293.1499938964844,0.0,-0.0,291.1187744140625,0.8844200372695923,0.5320519804954529,0.5069288015365601,297.58380126953125,297.1499938964844,293.1499938964844,0.0,-0.0,291.1187438964844,0.9990000128746032,0.9168344736099244,0.5386011004447937,297.1979064941406,297.1499938964844,293.1499938964844,0.0,-0.0,291.1187744140625,0.7952246069908142,0.3818232417106628,0.3659054338932037,297.19940185546875,297.1499938964844,293.1499938964844,0.0,-0.0,291.1188049316406,0.7098436951637268,0.267350286245346,1.224502682685852,291.1187744140625,291.1499938964844,289.0879211425781,285.6339416503906,291.1264343261719,297.3704528808594,291.1186828613281,1.0,0.6658708453178406,1.0,1.0,0.2885541617870331,1.0,-3.454056739807129,2.6044139862060547,0.8496426343917847,1.8235539197921755,5.551115123125783e-17,5.551115123125783e-17,0.0,220.6777801513672,231.0,30.167028427124023,-0.0,3651.79638671875,1.0,283.1478881835937,288.5093994140625,286.68408203125,286.7125549316406,293.1499938964844,293.1499938964844,283.1499938964844,17999.986328125,18000.0,313.1499938964844,0.0,18000.0,1.0,0.0,0.0,0.0,1.0,0.0,1.0,0.0,0.0,1.598581366124563e-05,0.5000008344650269,3.031384008828769e-13,4.265924453735352,4.265914440155029,9.78592834144365e-06,0.0,0.0,-0.0,0.1534700691699981,0.0,19.36010932922364,1895.4371337890625,0.0,0.0,0.2352731078863144,1.0,0.0,3.0,1.0,0.0
11988480,297.1762084960937,297.1499938964844,293.1499938964844,0.0,-0.0,291.1188049316406,0.7048343420028687,0.2617368996143341,0.2402277588844299,297.1809387207031,297.1499938964844,293.1499938964844,0.0,-0.0,291.1187744140625,0.8844200372695923,0.5320519804954529,0.5069288015365601,297.58380126953125,297.1499938964844,293.1499938964844,0.0,-0.0,291.1187438964844,0.9990000128746032,0.9168344736099244,0.5386011004447937,297.1979064941406,297.1499938964844,293.1499938964844,0.0,-0.0,291.1187744140625,0.7952246069908142,0.3818232417106628,0.3659054338932037,297.19940185546875,297.1499938964844,293.1499938964844,0.0,-0.0,291.1188049316406,0.7098436951637268,0.267350286245346,1.224502682685852,291.1187744140625,291.1499938964844,289.0879211425781,285.6339416503906,291.1264343261719,297.3704528808594,291.1186828613281,1.0,0.6658708453178406,1.0,1.0,0.2885541617870331,1.0,-3.454056739807129,2.6044139862060547,0.8496426343917847,1.8235539197921755,5.551115123125783e-17,5.551115123125783e-17,0.0,220.6777801513672,231.0,30.167028427124023,-0.0,3651.79638671875,1.0,283.1478881835937,288.5093994140625,286.68408203125,286.7125549316406,293.1499938964844,293.1499938964844,283.1499938964844,17999.986328125,18000.0,313.1499938964844,0.0,18000.0,1.0,0.0,0.0,0.0,1.0,0.0,1.0,0.0,0.0,1.598581366124563e-05,0.5000008344650269,3.031384008828769e-13,4.265924453735352,4.265914440155029,9.78592834144365e-06,0.0,0.0,-0.0,0.1534700691699981,0.0,19.36010932922364,1895.4371337890625,0.0,0.0,0.2352731078863144,1.0,0.0,3.0,1.0,0.0
11988540,297.1691589355469,297.1499938964844,293.1499938964844,0.0,-0.0,291.1112670898437,0.7017792463302612,0.2613550126552582,0.2401136457920074,297.1737976074219,297.1499938964844,293.1499938964844,0.0,-0.0,291.111083984375,0.8808319568634033,0.5317223072052002,0.5068842172622681,297.5643920898437,297.1499938964844,293.1499938964844,0.0,-0.0,291.1110534667969,0.9990000128746032,0.9203674793243408,0.5450099110603333,297.190673828125,297.1499938964844,293.1499938964844,0.0,-0.0,291.11114501953125,0.7921018004417419,0.381698727607727,0.366039514541626,297.194091796875,297.1499938964844,293.1499938964844,0.0,-0.0,291.1112670898437,0.7072402238845825,0.2674400806427002,1.226085901260376,291.1111145019531,291.1499938964844,289.05047607421875,285.6117248535156,291.10894775390625,297.356689453125,291.1107177734375,1.0,0.6690307855606079,1.0,1.0,0.2901805639266968,1.0,-3.463644504547119,2.60574722290039,0.8578971028327942,1.822835922241211,5.551115123125783e-17,5.551115123125783e-17,0.0,224.52227783203125,234.0,0.9234291911125184,-0.0,3697.80615234375,1.0,283.14776611328125,288.5093688964844,286.58233642578125,286.6086120605469,293.1499938964844,293.1499938964844,283.1499938964844,17999.998046875,18000.0,313.1499938964844,0.0,18000.0,1.0,0.0,0.0,0.0,1.0,0.0,1.0,0.0,0.0,1.5985822756192647e-05,0.5000003576278687,3.0313856351320294e-13,4.265924453735352,4.265914440155029,9.78592834144365e-06,0.0,0.0,-0.0,0.152982011437416,0.0,19.3601016998291,1895.4371337890625,0.0,0.0,0.2352731376886367,1.0,0.0,3.0,1.0,0.0
11988600,297.1691589355469,297.1499938964844,293.1499938964844,0.0,-0.0,291.1112670898437,0.7017792463302612,0.2613550126552582,0.2401136457920074,297.1737976074219,297.1499938964844,293.1499938964844,0.0,-0.0,291.111083984375,0.8808319568634033,0.5317223072052002,0.5068842172622681,297.5643920898437,297.1499938964844,293.1499938964844,0.0,-0.0,291.1110534667969,0.9990000128746032,0.9203674793243408,0.5450099110603333,297.190673828125,297.1499938964844,293.1499938964844,0.0,-0.0,291.11114501953125,0.7921018004417419,0.381698727607727,0.366039514541626,297.194091796875,297.1499938964844,293.1499938964844,0.0,-0.0,291.1112670898437,0.7072402238845825,0.2674400806427002,1.226085901260376,291.1111145019531,291.1499938964844,289.05047607421875,285.6117248535156,291.10894775390625,297.356689453125,291.1107177734375,1.0,0.6690307855606079,1.0,1.0,0.2901805639266968,1.0,-3.463644504547119,2.60574722290039,0.8578971028327942,1.822835922241211,5.551115123125783e-17,5.551115123125783e-17,0.0,224.52227783203125,234.0,0.9234291911125184,-0.0,3697.80615234375,1.0,283.14776611328125,288.5093688964844,286.58233642578125,286.6086120605469,293.1499938964844,293.1499938964844,283.1499938964844,17999.998046875,18000.0,313.1499938964844,0.0,18000.0,1.0,0.0,0.0,0.0,1.0,0.0,1.0,0.0,0.0,1.5985822756192647e-05,0.5000003576278687,3.0313856351320294e-13,4.265924453735352,4.265914440155029,9.78592834144365e-06,0.0,0.0,-0.0,0.152982011437416,0.0,19.3601016998291,1895.4371337890625,0.0,0.0,0.2352731376886367,1.0,0.0,3.0,1.0,0.0
11988660,297.1593322753906,297.1499938964844,293.1499938964844,0.0,-0.0,291.09576416015625,0.6982897520065308,0.260604977607727,0.2396560758352279,297.16314697265625,297.1499938964844,293.1499938964844,0.0,-0.0,291.095458984375,0.8769139051437378,0.5309489369392395,0.5063988566398621,297.5398864746094,297.1499938964844,293.1499938964844,0.0,-0.0,291.0953674316406,0.9990000128746032,0.9231371879577636,0.551677942276001,297.1802673339844,297.1499938964844,293.1499938964844,0.0,-0.0,291.0955810546875,0.7886050343513489,0.3811635375022888,0.3657706975936889,297.1853942871094,297.1499938964844,293.1499938964844,0.0,-0.0,291.0957336425781,0.704155683517456,0.267119824886322,1.225767970085144,291.0954895019531,291.1499938964844,289.0140075683594,285.5897521972656,291.08721923828125,297.3390808105469,291.0948486328125,1.0,0.6717647910118103,1.0,1.0,0.2913275957107544,1.0,-3.4698288440704346,2.606218814849853,0.8636099100112915,1.822005033493042,5.551115123125783e-17,5.551115123125783e-17,0.0,228.3929748535156,237.0,-15.563695907592772,-0.0,3735.845947265625,1.0,283.1476135253906,288.50933837890625,286.4883728027344,286.5126342773437,293.1499938964844,293.1499938964844,283.1499938964844,18000.0,18000.0,313.1499938964844,0.0,18000.0,1.0,0.0,0.0,0.0,1.0,0.0,1.0,0.0,0.0,1.5985826394171454e-05,0.5000001788139343,3.031386177233114e-13,4.265924453735352,4.265914440155029,9.78592834144365e-06,0.0,0.0,-0.0,0.1522785276174545,0.0,19.360095977783203,1895.4371337890625,0.0,0.0,0.2352731376886367,1.0,0.0,3.0,1.0,0.0
11988720,297.1593322753906,297.1499938964844,293.1499938964844,0.0,-0.0,291.09576416015625,0.6982897520065308,0.260604977607727,0.2396560758352279,297.16314697265625,297.1499938964844,293.1499938964844,0.0,-0.0,291.095458984375,0.8769139051437378,0.5309489369392395,0.5063988566398621,297.5398864746094,297.1499938964844,293.1499938964844,0.0,-0.0,291.0953674316406,0.9990000128746032,0.9231371879577636,0.551677942276001,297.1802673339844,297.1499938964844,293.1499938964844,0.0,-0.0,291.0955810546875,0.7886050343513489,0.3811635375022888,0.3657706975936889,297.1853942871094,297.1499938964844,293.1499938964844,0.0,-0.0,291.0957336425781,0.704155683517456,0.267119824886322,1.225767970085144,291.0954895019531,291.1499938964844,289.0140075683594,285.5897521972656,291.08721923828125,297.3390808105469,291.0948486328125,1.0,0.6717647910118103,1.0,1.0,0.2913275957107544,1.0,-3.4698288440704346,2.606218814849853,0.8636099100112915,1.822005033493042,5.551115123125783e-17,5.551115123125783e-17,0.0,228.3929748535156,237.0,-15.563695907592772,-0.0,3735.845947265625,1.0,283.1476135253906,288.50933837890625,286.4883728027344,286.5126342773437,293.1499938964844,293.1499938964844,283.1499938964844,18000.0,18000.0,313.1499938964844,0.0,18000.0,1.0,0.0,0.0,0.0,1.0,0.0,1.0,0.0,0.0,1.5985826394171454e-05,0.5000001788139343,3.031386177233114e-13,4.265924453735352,4.265914440155029,9.78592834144365e-06,0.0,0.0,-0.0,0.1522785276174545,0.0,19.360095977783203,1895.4371337890625,0.0,0.0,0.2352731376886367,1.0,0.0,3.0,1.0,0.0
11988780,297.14776611328125,297.1499938964844,293.1499938964844,0.0,-0.0,291.0763244628906,0.6945144534111023,0.2595514059066772,0.2389151751995086,297.150390625,297.1499938964844,293.1499938964844,0.0,-0.0,291.07598876953125,0.8728302121162415,0.5298224091529846,0.5055654048919678,297.5118408203125,297.1499938964844,293.1499938964844,0.0,-0.0,291.0758972167969,0.9990000128746032,0.9252321720123292,0.5584256649017334,297.1678161621094,297.1499938964844,293.1499938964844,0.0,-0.0,291.0761108398437,0.7848818302154541,0.3802831768989563,0.365165501832962,297.1744384765625,297.1499938964844,293.1499938964844,0.0,-0.0,291.0762939453125,0.7007518410682678,0.2664594948291778,1.2238646745681765,291.07598876953125,291.1499938964844,288.9784240722656,285.5679931640625,291.06500244140625,297.3189392089844,291.0752868652344,1.0,0.674092173576355,1.0,1.0,0.2924746572971344,1.0,-3.4730377197265625,2.60465931892395,0.868378221988678,1.8198026418685915,5.551115123125783e-17,5.551115123125783e-17,0.0,232.2145233154297,240.0,-23.61571502685547,-0.0,3766.3720703125,1.0,283.1474914550781,288.5093078613281,286.4015197753906,286.4239807128906,293.1499938964844,293.1499938964844,283.1499938964844,18000.0,18000.0,313.1499938964844,0.0,18000.0,1.0,0.0,0.0,0.0,1.0,0.0,1.0,0.0,0.0,1.5985826394171454e-05,0.5000000596046448,3.031386177233114e-13,4.265924453735352,4.265914440155029,9.78592834144365e-06,0.0,0.0,-0.0,0.151477962732315,0.0,19.360092163085938,1895.4371337890625,0.0,0.0,0.2352731227874755,1.0,0.0,3.0,1.0,0.0
11988840,297.14776611328125,297.1499938964844,293.1499938964844,0.0,-0.0,291.0763244628906,0.6945144534111023,0.2595514059066772,0.2389151751995086,297.150390625,297.1499938964844,293.1499938964844,0.0,-0.0,291.07598876953125,0.8728302121162415,0.5298224091529846,0.5055654048919678,297.5118408203125,297.1499938964844,293.1499938964844,0.0,-0.0,291.0758972167969,0.9990000128746032,0.9252321720123292,0.5584256649017334,297.1678161621094,297.1499938964844,293.1499938964844,0.0,-0.0,291.0761108398437,0.7848818302154541,0.3802831768989563,0.365165501832962,297.1744384765625,297.1499938964844,293.1499938964844,0.0,-0.0,291.0762939453125,0.7007518410682678,0.2664594948291778,1.2238646745681765,291.07598876953125,291.1499938964844,288.9784240722656,285.5679931640625,291.06500244140625,297.3189392089844,291.0752868652344,1.0,0.674092173576355,1.0,1.0,0.2924746572971344,1.0,-3.4730377197265625,2.60465931892395,0.868378221988678,1.8198026418685915,5.551115123125783e-17,5.551115123125783e-17,0.0,232.2145233154297,240.0,-23.61571502685547,-0.0,3766.3720703125,1.0,283.1474914550781,288.5093078613281,286.4015197753906,286.4239807128906,293.1499938964844,293.1499938964844,283.1499938964844,18000.0,18000.0,313.1499938964844,0.0,18000.0,1.0,0.0,0.0,0.0,1.0,0.0,1.0,0.0,0.0,1.5985826394171454e-05,0.5000000596046448,3.031386177233114e-13,4.265924453735352,4.265914440155029,9.78592834144365e-06,0.0,0.0,-0.0,0.151477962732315,0.0,19.360092163085938,1895.4371337890625,0.0,0.0,0.2352731227874755,1.0,0.0,3.0,1.0,0.0
11988900,297.1416015625,297.1499938964844,293.1499938964844,0.0,-0.0,291.06591796875,0.6925539374351501,0.2589296400547027,0.2384556233882904,297.1435546875,297.1499938964844,293.1499938964844,0.0,-0.0,291.0655822753906,0.870760440826416,0.5291504859924316,0.5050415396690369,297.4969177246094,297.1499938964844,293.1499938964844,0.0,-0.0,291.06549072265625,0.9990000128746032,0.9260551929473876,0.5617949962615967,297.1610717773437,297.1499938964844,293.1499938964844,0.0,-0.0,291.06573486328125,0.7829671502113342,0.3797323703765869,0.3647545576095581,297.1684265136719,297.1499938964844,293.1499938964844,0.0,-0.0,291.06591796875,0.698965311050415,0.2660224437713623,1.222412347793579,291.06561279296875,291.1499938964844,288.9609375,285.55718994140625,291.0538635253906,297.3082275390625,291.0648803710937,1.0,0.6751163005828857,1.0,1.0,0.2930481731891632,1.0,-3.473667621612549,2.603199481964112,0.8704680800437927,1.818237066268921,5.551115123125783e-17,5.551115123125783e-17,0.0,234.0947265625,240.0,-25.83922004699707,-0.0,3779.064453125,1.0,283.1474304199219,288.50927734375,286.3605651855469,286.3821716308594,293.1499938964844,293.1499938964844,283.1499938964844,18000.0,18000.0,313.1499938964844,0.0,18000.0,1.0,0.0,0.0,0.0,1.0,0.0,1.0,0.0,0.0,1.5985826394171454e-05,0.5000000596046448,3.031386177233114e-13,4.265924453735352,4.265914440155029,9.78592834144365e-06,0.0,0.0,-0.0,0.1510666459798813,0.0,19.360092163085938,1895.4371337890625,0.0,0.0,0.2352731227874755,1.0,0.0,3.0,1.0,0.0
11988960,297.13531494140625,297.1499938964844,293.1499938964844,0.0,-0.0,291.05816650390625,0.6905593872070312,0.2582584619522095,0.2379473596811294,297.1365661621094,297.1499938964844,293.1499938964844,0.0,-0.0,291.0580139160156,0.8686841130256653,0.5284229516983032,0.5044596791267395,297.481689453125,297.1499938964844,293.1499938964844,0.0,-0.0,291.0579528808594,0.9990000128746032,0.9267566204071044,0.565154492855072,297.1541442871094,297.1499938964844,293.1499938964844,0.0,-0.0,291.0580749511719,0.7810299396514893,0.3791229128837585,0.3642834424972534,297.1622009277344,297.1499938964844,293.1499938964844,0.0,-0.0,291.05816650390625,0.6971373558044434,0.2655283510684967,1.2206844091415403,291.0580139160156,291.1499938964844,288.9436340332031,285.5464172363281,291.04986572265625,297.29736328125,291.05767822265625,1.0,0.6760588884353638,1.0,1.0,0.294614166021347,1.0,-3.4737534523010254,2.5982918739318848,0.8754615783691406,1.8133544921875,5.551115123125783e-17,5.551115123125783e-17,0.0,235.9536895751953,243.0,-22.128137588500977,-0.0,3790.266357421875,1.0,283.1473693847656,288.50927734375,286.321044921875,286.34185791015625,293.1499938964844,293.1499938964844,283.1499938964844,18000.0,18000.0,313.1499938964844,0.0,18000.0,1.0,0.0,0.0,0.0,1.0,0.0,1.0,0.0,0.0,1.5985826394171454e-05,0.5,3.031386177233114e-13,4.265924453735352,4.265914440155029,9.78592834144365e-06,0.0,0.0,-0.0,0.1506690680980682,0.0,19.360090255737305,1895.4371337890625,0.0,0.0,0.2352731227874755,1.0,0.0,3.0,1.0,0.0
11989020,297.1229248046875,297.1499938964844,293.1499938964844,0.0,-0.0,291.0495300292969,0.686550498008728,0.2568168938159942,0.236824557185173,297.12286376953125,297.1499938964844,293.1499938964844,0.0,-0.0,291.0494079589844,0.8645899891853333,0.526864230632782,0.5031762719154358,297.4514465332031,297.1499938964844,293.1499938964844,0.0,-0.0,291.04937744140625,0.9990000128746032,0.9278897643089294,0.5717525482177734,297.140380859375,297.1499938964844,293.1499938964844,0.0,-0.0,291.0494689941406,0.7771643996238708,0.3777803480625152,0.3632049560546875,297.1496887207031,297.1499938964844,293.1499938964844,0.0,-0.0,291.0495300292969,0.6934329867362976,0.2644127905368805,1.2165738344192505,291.0494079589844,291.1499938964844,288.90948486328125,285.5250244140625,291.043701171875,297.27587890625,291.04913330078125,1.0,0.6777229905128479,1.0,1.0,0.2977461516857147,1.0,-3.4725558757781982,2.5871055126190186,0.8854503035545349,1.8025152683258057,5.551115123125783e-17,5.551115123125783e-17,0.0,239.5731964111328,246.0,-14.54759407043457,-0.0,3808.68798828125,1.0,283.147216796875,288.5092468261719,286.24627685546875,286.265625,293.1499938964844,293.1499938964844,283.1499938964844,18000.0,18000.0,313.1499938964844,0.0,18000.0,1.0,0.0,0.0,0.0,1.0,0.0,1.0,0.0,0.0,1.5985826394171454e-05,0.5,3.031386177233114e-13,4.265924453735352,4.265914440155029,9.78592834144365e-06,0.0,0.0,-0.0,0.1500067561864853,0.0,19.360090255737305,1895.4371337890625,0.0,0.0,0.2352731227874755,1.0,0.0,3.0,1.0,0.0
11989080,297.1229248046875,297.1499938964844,293.1499938964844,0.0,-0.0,291.0495300292969,0.686550498008728,0.2568168938159942,0.236824557185173,297.12286376953125,297.1499938964844,293.1499938964844,0.0,-0.0,291.0494079589844,0.8645899891853333,0.526864230632782,0.5031762719154358,297.4514465332031,297.1499938964844,293.1499938964844,0.0,-0.0,291.04937744140625,0.9990000128746032,0.9278897643089294,0.5717525482177734,297.140380859375,297.1499938964844,293.1499938964844,0.0,-0.0,291.0494689941406,0.7771643996238708,0.3777803480625152,0.3632049560546875,297.1496887207031,297.1499938964844,293.1499938964844,0.0,-0.0,291.0495300292969,0.6934329867362976,0.2644127905368805,1.2165738344192505,291.0494079589844,291.1499938964844,288.90948486328125,285.5250244140625,291.043701171875,297.27587890625,291.04913330078125,1.0,0.6777229905128479,1.0,1.0,0.2977461516857147,1.0,-3.4725558757781982,2.5871055126190186,0.8854503035545349,1.8025152683258057,5.551115123125783e-17,5.551115123125783e-17,0.0,239.5731964111328,246.0,-14.54759407043457,-0.0,3808.68798828125,1.0,283.147216796875,288.5092468261719,286.24627685546875,286.265625,293.1499938964844,293.1499938964844,283.1499938964844,18000.0,18000.0,313.1499938964844,0.0,18000.0,1.0,0.0,0.0,0.0,1.0,0.0,1.0,0.0,0.0,1.5985826394171454e-05,0.5,3.031386177233114e-13,4.265924453735352,4.265914440155029,9.78592834144365e-06,0.0,0.0,-0.0,0.1500067561864853,0.0,19.360090255737305,1895.4371337890625,0.0,0.0,0.2352731227874755,1.0,0.0,3.0,1.0,0.0
11989140,297.1109313964844,297.1499938964844,293.1499938964844,0.0,-0.0,291.0425109863281,0.682551383972168,0.2552571296691894,0.2355918139219284,297.1096496582031,297.1499938964844,293.1499938964844,0.0,-0.0,291.0424194335937,0.860595703125,0.5251791477203369,0.5017713904380798,297.42156982421875,297.1499938964844,293.1499938964844,0.0,-0.0,291.0423583984375,0.9990000128746032,0.92867910861969,0.5781838297843933,297.1269226074219,297.1499938964844,293.1499938964844,0.0,-0.0,291.0424499511719,0.7733420729637146,0.3762932419776916,0.3619849681854248,297.1373291015625,297.1499938964844,293.1499938964844,0.0,-0.0,291.0425109863281,0.6897071003913879,0.2631556391716003,1.2117918729782104,291.0424194335937,291.1499938964844,288.8759155273437,285.5037841796875,291.0379638671875,297.2548217773437,291.04217529296875,1.0,0.6791453957557678,1.0,1.0,0.3008781671524048,1.0,-3.4699010848999023,2.5749170780181885,0.8949841260910034,1.790995955467224,5.551115123125783e-17,5.551115123125783e-17,0.0,243.0738677978516,249.0,-10.69601058959961,-0.0,3822.772705078125,1.0,283.1470947265625,288.5091857910156,286.1766967773437,286.1947021484375,293.1499938964844,293.1499938964844,283.1499938964844,18000.0,18000.0,313.1499938964844,0.0,18000.0,1.0,0.0,0.0,0.0,1.0,0.0,1.0,0.0,0.0,1.5985826394171454e-05,0.5,3.031386177233114e-13,4.265924453735352,4.265914440155029,9.78592834144365e-06,0.0,0.0,-0.0,0.1494556069374084,0.0,19.360090255737305,1895.4371337890625,0.0,0.0,0.2352731227874755,1.0,0.0,3.0,1.0,0.0
11989200,297.1109313964844,297.1499938964844,293.1499938964844,0.0,-0.0,291.0425109863281,0.682551383972168,0.2552571296691894,0.2355918139219284,297.1096496582031,297.1499938964844,293.1499938964844,0.0,-0.0,291.0424194335937,0.860595703125,0.5251791477203369,0.5017713904380798,297.42156982421875,297.1499938964844,293.1499938964844,0.0,-0.0,291.0423583984375,0.9990000128746032,0.92867910861969,0.5781838297843933,297.1269226074219,297.1499938964844,293.1499938964844,0.0,-0.0,291.0424499511719,0.7733420729637146,0.3762932419776916,0.3619849681854248,297.1373291015625,297.1499938964844,293.1499938964844,0.0,-0.0,291.0425109863281,0.6897071003913879,0.2631556391716003,1.2117918729782104,291.0424194335937,291.1499938964844,288.8759155273437,285.5037841796875,291.0379638671875,297.2548217773437,291.04217529296875,1.0,0.6791453957557678,1.0,1.0,0.3008781671524048,1.0,-3.4699010848999023,2.5749170780181885,0.8949841260910034,1.790995955467224,5.551115123125783e-17,5.551115123125783e-17,0.0,243.0738677978516,249.0,-10.69601058959961,-0.0,3822.772705078125,1.0,283.1470947265625,288.5091857910156,286.1766967773437,286.1947021484375,293.1499938964844,293.1499938964844,283.1499938964844,18000.0,18000.0,313.1499938964844,0.0,18000.0,1.0,0.0,0.0,0.0,1.0,0.0,1.0,0.0,0.0,1.5985826394171454e-05,0.5,3.031386177233114e-13,4.265924453735352,4.265914440155029,9.78592834144365e-06,0.0,0.0,-0.0,0.1494556069374084,0.0,19.360090255737305,1895.4371337890625,0.0,0.0,0.2352731227874755,1.0,0.0,3.0,1.0,0.0
11989260,297.0994567871094,297.1499938964844,293.1499938964844,0.0,-0.0,291.0417785644531,0.6785595417022705,0.2535980939865112,0.2342623472213745,297.09698486328125,297.1499938964844,293.1499938964844,0.0,-0.0,291.04180908203125,0.8566827178001404,0.5233849287033081,0.5002555251121521,297.3923034667969,297.1499938964844,293.1499938964844,0.0,-0.0,291.04180908203125,0.9990000128746032,0.929152488708496,0.5844900608062744,297.1139221191406,297.1499938964844,293.1499938964844,0.0,-0.0,291.0417785644531,0.769555389881134,0.3746817409992218,0.3606398999691009,297.1253662109375,297.1499938964844,293.1499938964844,0.0,-0.0,291.0417785644531,0.685964822769165,0.2617821991443634,1.206449270248413,291.04180908203125,291.1499938964844,288.8428039550781,285.482666015625,291.04150390625,297.2344055175781,291.0418395996094,1.0,0.6803689002990723,1.0,1.0,0.3051705658435821,1.0,-3.4660210609436035,2.558191299438477,0.9078298807144164,1.7752217054367063,5.551115123125783e-17,5.551115123125783e-17,0.0,246.48492431640625,252.0,-2.360654354095459,-0.0,3833.233642578125,1.0,283.1469421386719,288.5091552734375,286.1117858886719,286.12860107421875,293.1499938964844,293.1499938964844,283.1499938964844,18000.0,18000.0,313.1499938964844,0.0,18000.0,1.0,0.0,0.0,0.0,1.0,0.0,1.0,0.0,0.0,1.5985826394171454e-05,0.5,3.031386177233114e-13,4.265924453735352,4.265914440155029,9.78592834144365e-06,0.0,0.0,-0.0,0.1490117013454437,0.0,19.360090255737305,1895.4371337890625,0.0,0.0,0.2352731227874755,1.0,0.0,3.0,1.0,0.0
11989320,297.0994567871094,297.1499938964844,293.1499938964844,0.0,-0.0,291.0417785644531,0.6785595417022705,0.2535980939865112,0.2342623472213745,297.09698486328125,297.1499938964844,293.1499938964844,0.0,-0.0,291.04180908203125,0.8566827178001404,0.5233849287033081,0.5002555251121521,297.3923034667969,297.1499938964844,293.1499938964844,0.0,-0.0,291.04180908203125,0.9990000128746032,0.929152488708496,0.5844900608062744,297.1139221191406,297.1499938964844,293.1499938964844,0.0,-0.0,291.0417785644531,0.769555389881134,0.3746817409992218,0.3606398999691009,297.1253662109375,297.1499938964844,293.1499938964844,0.0,-0.0,291.0417785644531,0.685964822769165,0.2617821991443634,1.206449270248413,291.04180908203125,291.1499938964844,288.8428039550781,285.482666015625,291.04150390625,297.2344055175781,291.0418395996094,1.0,0.6803689002990723,1.0,1.0,0.3051705658435821,1.0,-3.4660210609436035,2.558191299438477,0.9078298807144164,1.7752217054367063,5.551115123125783e-17,5.551115123125783e-17,0.0,246.48492431640625,252.0,-2.360654354095459,-0.0,3833.233642578125,1.0,283.1469421386719,288.5091552734375,286.1117858886719,286.12860107421875,293.1499938964844,293.1499938964844,283.1499938964844,18000.0,18000.0,313.1499938964844,0.0,18000.0,1.0,0.0,0.0,0.0,1.0,0.0,1.0,0.0,0.0,1.5985826394171454e-05,0.5,3.031386177233114e-13,4.265924453735352,4.265914440155029,9.78592834144365e-06,0.0,0.0,-0.0,0.1490117013454437,0.0,19.360090255737305,1895.4371337890625,0.0,0.0,0.2352731227874755,1.0,0.0,3.0,1.0,0.0
11989380,297.08868408203125,297.1499938964844,293.1499938964844,0.0,-0.0,291.0445251464844,0.6746063828468323,0.2518638372421264,0.2328612655401229,297.08514404296875,297.1499938964844,293.1499938964844,0.0,-0.0,291.0445861816406,0.8528676629066467,0.5215078592300415,0.4986579716205597,297.3639831542969,297.1499938964844,293.1499938964844,0.0,-0.0,291.04461669921875,0.9990000128746032,0.929343581199646,0.5906630158424377,297.1015625,297.1499938964844,293.1499938964844,0.0,-0.0,291.0445556640625,0.7658260464668274,0.3729695677757263,0.3591955602169037,297.1140441894531,297.1499938964844,293.1499938964844,0.0,-0.0,291.0445251464844,0.6822372674942017,0.2603186368942261,1.2006754875183103,291.0445861816406,291.1499938964844,288.8099975585937,285.461669921875,291.0459289550781,297.21484375,291.0447082519531,1.0,0.6814303398132324,1.0,1.0,0.3094629943370819,1.0,-3.461158037185669,2.5406970977783203,0.9204609990119934,1.7588955163955688,5.551115123125783e-17,5.551115123125783e-17,0.0,249.81280517578125,240.0,2.514369487762451,-0.0,3840.733154296875,1.0,283.1468200683594,288.5091247558594,286.0511779785156,286.06689453125,293.1499938964844,293.1499938964844,283.1499938964844,18000.0,18000.0,313.1499938964844,0.0,18000.0,1.0,0.0,0.0,0.0,1.0,0.0,1.0,0.0,0.0,1.5985826394171454e-05,0.5,3.031386177233114e-13,4.265924453735352,4.265914440155029,9.78592834144365e-06,0.0,0.0,-0.0,0.148689717054367,0.0,19.360090255737305,1895.4371337890625,0.0,0.0,0.2352731227874755,1.0,0.0,3.0,1.0,0.0
11989440,297.08868408203125,297.1499938964844,293.1499938964844,0.0,-0.0,291.0445251464844,0.6746063828468323,0.2518638372421264,0.2328612655401229,297.08514404296875,297.1499938964844,293.1499938964844,0.0,-0.0,291.0445861816406,0.8528676629066467,0.5215078592300415,0.4986579716205597,297.3639831542969,297.1499938964844,293.1499938964844,0.0,-0.0,291.04461669921875,0.9990000128746032,0.929343581199646,0.5906630158424377,297.1015625,297.1499938964844,293.1499938964844,0.0,-0.0,291.0445556640625,0.7658260464668274,0.3729695677757263,0.3591955602169037,297.1140441894531,297.1499938964844,293.1499938964844,0.0,-0.0,291.0445251464844,0.6822372674942017,0.2603186368942261,1.2006754875183103,291.0445861816406,291.1499938964844,288.8099975585937,285.461669921875,291.0459289550781,297.21484375,291.0447082519531,1.0,0.6814303398132324,1.0,1.0,0.3094629943370819,1.0,-3.461158037185669,2.5406970977783203,0.9204609990119934,1.7588955163955688,5.551115123125783e-17,5.551115123125783e-17,0.0,249.81280517578125,240.0,2.514369487762451,-0.0,3840.733154296875,1.0,283.1468200683594,288.5091247558594,286.0511779785156,286.06689453125,293.1499938964844,293.1499938964844,283.1499938964844,18000.0,18000.0,313.1499938964844,0.0,18000.0,1.0,0.0,0.0,0.0,1.0,0.0,1.0,0.0,0.0,1.5985826394171454e-05,0.5,3.031386177233114e-13,4.265924453735352,4.265914440155029,9.78592834144365e-06,0.0,0.0,-0.0,0.148689717054367,0.0,19.360090255737305,1895.4371337890625,0.0,0.0,0.2352731227874755,1.0,0.0,3.0,1.0,0.0
11989500,297.0834045410156,297.1499938964844,293.1499938964844,0.0,-0.0,291.0465393066406,0.6739159822463989,0.2509563565254211,0.2320575416088104,297.07928466796875,297.1499938964844,293.1499938964844,0.0,-0.0,291.04656982421875,0.8525162935256958,0.5205236077308655,0.4977472722530365,297.3511962890625,297.1499938964844,293.1499938964844,0.0,-0.0,291.0466003417969,0.9990000128746032,0.9294400215148926,0.5903342366218567,297.095458984375,297.1499938964844,293.1499938964844,0.0,-0.0,291.04656982421875,0.7653713822364807,0.3720631003379822,0.3583562970161438,297.10845947265625,297.1499938964844,293.1499938964844,0.0,-0.0,291.0465393066406,0.6816805005073547,0.2595426142215729,1.1972558498382568,291.04656982421875,291.1499938964844,288.793701171875,285.451171875,291.0478820800781,297.2055969238281,291.046630859375,1.0,0.6799191236495972,1.0,1.0,0.3116092085838318,1.0,-3.453594446182251,2.528430223464966,0.9251644015312196,1.748552680015564,5.551115123125783e-17,5.551115123125783e-17,0.0,249.2850036621093,240.0,3.8638014793396,-0.0,3818.798095703125,1.0,283.1467590332031,288.5091247558594,286.02227783203125,286.0375061035156,293.1499938964844,293.1499938964844,283.1499938964844,18000.0,18000.0,313.1499938964844,0.0,18000.0,1.0,0.0,0.0,0.0,1.0,0.0,1.0,0.0,0.0,1.5985826394171454e-05,0.5,3.031386177233114e-13,4.265924453735352,4.265914440155029,9.78592834144365e-06,0.0,0.0,-0.0,0.1485547870397567,0.0,19.360090255737305,1895.4371337890625,0.0,0.0,0.2352731227874755,1.0,0.0,3.0,1.0,0.0
11989560,297.0782470703125,297.1499938964844,293.1499938964844,0.0,-0.0,291.0482482910156,0.6739561557769775,0.250029593706131,0.2311873584985733,297.07354736328125,297.1499938964844,293.1499938964844,0.0,-0.0,291.0483093261719,0.8530538082122803,0.5195130109786987,0.4967618584632873,297.3414611816406,297.1499938964844,293.1499938964844,0.0,-0.0,291.0483093261719,0.9990000128746032,0.9297589659690856,0.5880212187767029,297.0894470214844,297.1499938964844,293.1499938964844,0.0,-0.0,291.0482788085937,0.7657192349433899,0.3711280226707458,0.3574393689632416,297.10302734375,297.1499938964844,293.1499938964844,0.0,-0.0,291.0482482910156,0.6818690299987793,0.2587451338768005,1.1934922933578491,291.0483093261719,291.1499938964844,288.7774353027344,285.44073486328125,291.04962158203125,297.19793701171875,291.04833984375,1.0,0.6775716543197632,1.0,1.0,0.3137168884277344,1.0,-3.442956686019897,2.5142292976379395,0.928727388381958,1.7368357181549072,5.551115123125783e-17,5.551115123125783e-17,0.0,247.46450805664065,228.0,4.440961837768555,-0.0,3781.788818359375,1.0,283.14666748046875,288.50909423828125,285.99432373046875,286.0090637207031,293.1499938964844,293.1499938964844,283.1499938964844,18000.0,18000.0,313.1499938964844,0.0,18000.0,1.0,0.0,0.0,0.0,1.0,0.0,1.0,0.0,0.0,1.5985826394171454e-05,0.5,3.031386177233114e-13,4.265924453735352,4.265914440155029,9.78592834144365e-06,0.0,0.0,-0.0,0.1484295129776001,0.0,19.360090255737305,1895.4371337890625,0.0,0.0,0.2352731227874755,1.0,0.0,3.0,1.0,0.0
11989620,297.06854248046875,297.1499938964844,293.1499938964844,0.0,-0.0,291.05206298828125,0.6754910945892334,0.2481359392404556,0.2293248772621154,297.0625,297.1499938964844,293.1499938964844,0.0,-0.0,291.0521240234375,0.855903685092926,0.5174242854118347,0.4946395456790924,297.3304748535156,297.1499938964844,293.1499938964844,0.0,-0.0,291.0521545410156,0.9990000128746032,0.9310606122016908,0.5795395970344543,297.077880859375,297.1499938964844,293.1499938964844,0.0,-0.0,291.0520935058594,0.7680107355117798,0.3691863715648651,0.3554490208625793,297.0927734375,297.1499938964844,293.1499938964844,0.0,-0.0,291.05206298828125,0.6837358474731445,0.2571116089820862,1.185349464416504,291.0521240234375,291.1499938964844,288.7449645996094,285.4198608398437,291.0537414550781,297.18719482421875,291.0521545410156,1.0,0.6709420084953308,1.0,1.0,0.3179322481155395,1.0,-3.4157826900482178,2.481954336166382,0.9338284134864808,1.7108032703399658,5.551115123125783e-17,5.551115123125783e-17,0.0,241.37648010253903,231.0,5.483721256256104,-0.0,3679.8173828125,1.0,283.14654541015625,288.5090637207031,285.9409484863281,285.9548034667969,293.1499938964844,293.1499938964844,283.1499938964844,18000.0,18000.0,313.1499938964844,0.0,18000.0,1.0,0.0,0.0,0.0,1.0,0.0,1.0,0.0,0.0,1.5985826394171454e-05,0.5,3.031386177233114e-13,4.265924453735352,4.265914440155029,9.78592834144365e-06,0.0,0.0,-0.0,0.1482008099555969,0.0,19.360090255737305,1895.4371337890625,0.0,0.0,0.2352731227874755,1.0,0.0,3.0,1.0,0.0
11989680,297.06854248046875,297.1499938964844,293.1499938964844,0.0,-0.0,291.05206298828125,0.6754910945892334,0.2481359392404556,0.2293248772621154,297.0625,297.1499938964844,293.1499938964844,0.0,-0.0,291.0521240234375,0.855903685092926,0.5174242854118347,0.4946395456790924,297.3304748535156,297.1499938964844,293.1499938964844,0.0,-0.0,291.0521545410156,0.9990000128746032,0.9310606122016908,0.5795395970344543,297.077880859375,297.1499938964844,293.1499938964844,0.0,-0.0,291.0520935058594,0.7680107355117798,0.3691863715648651,0.3554490208625793,297.0927734375,297.1499938964844,293.1499938964844,0.0,-0.0,291.05206298828125,0.6837358474731445,0.2571116089820862,1.185349464416504,291.0521240234375,291.1499938964844,288.7449645996094,285.4198608398437,291.0537414550781,297.18719482421875,291.0521545410156,1.0,0.6709420084953308,1.0,1.0,0.3179322481155395,1.0,-3.4157826900482178,2.481954336166382,0.9338284134864808,1.7108032703399658,5.551115123125783e-17,5.551115123125783e-17,0.0,241.37648010253903,231.0,5.483721256256104,-0.0,3679.8173828125,1.0,283.14654541015625,288.5090637207031,285.9409484863281,285.9548034667969,293.1499938964844,293.1499938964844,283.1499938964844,18000.0,18000.0,313.1499938964844,0.0,18000.0,1.0,0.0,0.0,0.0,1.0,0.0,1.0,0.0,0.0,1.5985826394171454e-05,0.5,3.031386177233114e-13,4.265924453735352,4.265914440155029,9.78592834144365e-06,0.0,0.0,-0.0,0.1482008099555969,0.0,19.360090255737305,1895.4371337890625,0.0,0.0,0.2352731227874755,1.0,0.0,3.0,1.0,0.0
11989740,297.0598449707031,297.1499938964844,293.1499938964844,0.0,-0.0,291.0567932128906,0.6749539375305176,0.2462206184864044,0.2275499701499939,297.0522766113281,297.1499938964844,293.1499938964844,0.0,-0.0,291.056884765625,0.8562769889831543,0.5152778625488281,0.4925741255283355,297.3231811523437,297.1499938964844,293.1499938964844,0.0,-0.0,291.0569152832031,0.9990000128746032,0.9326115250587464,0.5763497352600098,297.067138671875,297.1499938964844,293.1499938964844,0.0,-0.0,291.05682373046875,0.7680253982543945,0.3671846985816955,0.3535128235816955,297.083740234375,297.1499938964844,293.1499938964844,0.0,-0.0,291.0567932128906,0.6835009455680847,0.2554693520069122,1.1776878833770752,291.056884765625,291.1499938964844,288.7124938964844,285.39898681640625,291.05963134765625,297.1794738769531,291.0570068359375,1.0,0.6673572659492493,1.0,1.0,0.3221476078033447,1.0,-3.3957672119140625,2.454735517501831,0.9410316944122314,1.6879314184188845,5.551115123125783e-17,5.551115123125783e-17,0.0,238.65005493164065,234.0,7.034968376159668,-0.0,3615.823974609375,1.0,283.1464233398437,288.509033203125,285.89068603515625,285.9037475585937,293.1499938964844,293.1499938964844,283.1499938964844,18000.0,18000.0,313.1499938964844,0.0,18000.0,1.0,0.0,0.0,0.0,1.0,0.0,1.0,0.0,0.0,1.5985826394171454e-05,0.5,3.031386177233114e-13,4.265924453735352,4.265914440155029,9.78592834144365e-06,0.0,0.0,-0.0,0.1480059176683426,0.0,19.360090255737305,1895.4371337890625,0.0,0.0,0.2352731227874755,1.0,0.0,3.0,1.0,0.0
11989800,297.0598449707031,297.1499938964844,293.1499938964844,0.0,-0.0,291.0567932128906,0.6749539375305176,0.2462206184864044,0.2275499701499939,297.0522766113281,297.1499938964844,293.1499938964844,0.0,-0.0,291.056884765625,0.8562769889831543,0.5152778625488281,0.4925741255283355,297.3231811523437,297.1499938964844,293.1499938964844,0.0,-0.0,291.0569152832031,0.9990000128746032,0.9326115250587464,0.5763497352600098,297.067138671875,297.1499938964844,293.1499938964844,0.0,-0.0,291.05682373046875,0.7680253982543945,0.3671846985816955,0.3535128235816955,297.083740234375,297.1499938964844,293.1499938964844,0.0,-0.0,291.0567932128906,0.6835009455680847,0.2554693520069122,1.1776878833770752,291.056884765625,291.1499938964844,288.7124938964844,285.39898681640625,291.05963134765625,297.1794738769531,291.0570068359375,1.0,0.6673572659492493,1.0,1.0,0.3221476078033447,1.0,-3.3957672119140625,2.454735517501831,0.9410316944122314,1.6879314184188845,5.551115123125783e-17,5.551115123125783e-17,0.0,238.65005493164065,234.0,7.034968376159668,-0.0,3615.823974609375,1.0,283.1464233398437,288.509033203125,285.89068603515625,285.9037475585937,293.1499938964844,293.1499938964844,283.1499938964844,18000.0,18000.0,313.1499938964844,0.0,18000.0,1.0,0.0,0.0,0.0,1.0,0.0,1.0,0.0,0.0,1.5985826394171454e-05,0.5,3.031386177233114e-13,4.265924453735352,4.265914440155029,9.78592834144365e-06,0.0,0.0,-0.0,0.1480059176683426,0.0,19.360090255737305,1895.4371337890625,0.0,0.0,0.2352731227874755,1.0,0.0,3.0,1.0,0.0
11989860,297.0514831542969,297.1499938964844,293.1499938964844,0.0,-0.0,291.0603942871094,0.6728997230529785,0.2442330420017242,0.2258036583662033,297.04229736328125,297.1499938964844,293.1499938964844,0.0,-0.0,291.0604553222656,0.8548440337181091,0.5130301117897034,0.4905102550983429,297.3106689453125,297.1499938964844,293.1499938964844,0.0,-0.0,291.0604858398437,0.9990000128746032,0.9335438013076782,0.5768886804580688,297.0567626953125,297.1499938964844,293.1499938964844,0.0,-0.0,291.0604248046875,0.7663780450820923,0.3650822639465332,0.3515777885913849,297.0752258300781,297.1499938964844,293.1499938964844,0.0,-0.0,291.0604248046875,0.6817307472229004,0.2537665367126465,1.1702295541763306,291.0604553222656,291.1499938964844,288.679931640625,285.3781433105469,291.0622863769531,297.1694641113281,291.0605163574219,1.0,0.665343165397644,1.0,1.0,0.3259319067001343,1.0,-3.3805317878723145,2.432192802429199,0.9483389854431152,1.6688097715377808,5.551115123125783e-17,5.551115123125783e-17,0.0,238.26451110839844,237.0,5.659514427185059,-0.0,3577.28662109375,1.0,283.1462707519531,288.5090026855469,285.84326171875,285.8555908203125,293.1499938964844,293.1499938964844,283.1499938964844,18000.0,18000.0,313.1499938964844,0.0,18000.0,1.0,0.0,0.0,0.0,1.0,0.0,1.0,0.0,0.0,1.5985826394171454e-05,0.5,3.031386177233114e-13,4.265924453735352,4.265914440155029,9.78592834144365e-06,0.0,0.0,-0.0,0.1478295624256134,0.0,19.360090255737305,1895.4371337890625,0.0,0.0,0.2352731227874755,1.0,0.0,3.0,1.0,0.0
11989920,297.0514831542969,297.1499938964844,293.1499938964844,0.0,-0.0,291.0603942871094,0.6728997230529785,0.2442330420017242,0.2258036583662033,297.04229736328125,297.1499938964844,293.1499938964844,0.0,-0.0,291.0604553222656,0.8548440337181091,0.5130301117897034,0.4905102550983429,297.3106689453125,297.1499938964844,293.1499938964844,0.0,-0.0,291.0604858398437,0.9990000128746032,0.9335438013076782,0.5768886804580688,297.0567626953125,297.1499938964844,293.1499938964844,0.0,-0.0,291.0604248046875,0.7663780450820923,0.3650822639465332,0.3515777885913849,297.0752258300781,297.1499938964844,293.1499938964844,0.0,-0.0,291.0604248046875,0.6817307472229004,0.2537665367126465,1.1702295541763306,291.0604553222656,291.1499938964844,288.679931640625,285.3781433105469,291.0622863769531,297.1694641113281,291.0605163574219,1.0,0.665343165397644,1.0,1.0,0.3259319067001343,1.0,-3.3805317878723145,2.432192802429199,0.9483389854431152,1.6688097715377808,5.551115123125783e-17,5.551115123125783e-17,0.0,238.26451110839844,237.0,5.659514427185059,-0.0,3577.28662109375,1.0,283.1462707519531,288.5090026855469,285.84326171875,285.8555908203125,293.1499938964844,293.1499938964844,283.1499938964844,18000.0,18000.0,313.1499938964844,0.0,18000.0,1.0,0.0,0.0,0.0,1.0,0.0,1.0,0.0,0.0,1.5985826394171454e-05,0.5,3.031386177233114e-13,4.265924453735352,4.265914440155029,9.78592834144365e-06,0.0,0.0,-0.0,0.1478295624256134,0.0,19.360090255737305,1895.4371337890625,0.0,0.0,0.2352731227874755,1.0,0.0,3.0,1.0,0.0
11989980,297.0431823730469,297.1499938964844,293.1499938964844,0.0,-0.0,291.0629272460937,0.6698905229568481,0.2421420514583587,0.2240163534879684,297.03228759765625,297.1499938964844,293.1499938964844,0.0,-0.0,291.0629577636719,0.852302610874176,0.5106492638587952,0.4883754849433899,297.2932434082031,297.1499938964844,293.1499938964844,0.0,-0.0,291.06298828125,0.9990000128746032,0.93381267786026,0.5796676874160767,297.0464172363281,297.1499938964844,293.1499938964844,0.0,-0.0,291.0629577636719,0.7637003064155579,0.3628507852554321,0.3495752513408661,297.0667724609375,297.1499938964844,293.1499938964844,0.0,-0.0,291.0629272460937,0.6789852380752563,0.251962274312973,1.16258704662323,291.0629577636719,291.1499938964844,288.6471252441406,285.3572998046875,291.0643920898437,297.1569519042969,291.0630187988281,1.0,0.6642909049987793,1.0,1.0,0.3297161757946014,1.0,-3.3675551414489746,2.4113028049468994,0.95625239610672,1.6508605480194092,5.551115123125783e-17,5.551115123125783e-17,0.0,239.25526428222656,240.0,4.467827320098877,-0.0,3552.265380859375,1.0,283.1461486816406,288.50897216796875,285.79840087890625,285.8100891113281,293.1499938964844,293.1499938964844,283.1499938964844,18000.0,18000.0,313.1499938964844,0.0,18000.0,1.0,0.0,0.0,0.0,1.0,0.0,1.0,0.0,0.0,1.5985826394171454e-05,0.5,3.031386177233114e-13,4.265924453735352,4.265914440155029,9.78592834144365e-06,0.0,0.0,-0.0,0.1476445645093917,0.0,19.360090255737305,1895.4371337890625,0.0,0.0,0.2352731227874755,1.0,0.0,3.0,1.0,0.0
11990040,297.0431823730469,297.1499938964844,293.1499938964844,0.0,-0.0,291.0629272460937,0.6698905229568481,0.2421420514583587,0.2240163534879684,297.03228759765625,297.1499938964844,293.1499938964844,0.0,-0.0,291.0629577636719,0.852302610874176,0.5106492638587952,0.4883754849433899,297.2932434082031,297.1499938964844,293.1499938964844,0.0,-0.0,291.06298828125,0.9990000128746032,0.93381267786026,0.5796676874160767,297.0464172363281,297.1499938964844,293.1499938964844,0.0,-0.0,291.0629577636719,0.7637003064155579,0.3628507852554321,0.3495752513408661,297.0667724609375,297.1499938964844,293.1499938964844,0.0,-0.0,291.0629272460937,0.6789852380752563,0.251962274312973,1.16258704662323,291.0629577636719,291.1499938964844,288.6471252441406,285.3572998046875,291.0643920898437,297.1569519042969,291.0630187988281,1.0,0.6642909049987793,1.0,1.0,0.3297161757946014,1.0,-3.3675551414489746,2.4113028049468994,0.95625239610672,1.6508605480194092,5.551115123125783e-17,5.551115123125783e-17,0.0,239.25526428222656,240.0,4.467827320098877,-0.0,3552.265380859375,1.0,283.1461486816406,288.50897216796875,285.79840087890625,285.8100891113281,293.1499938964844,293.1499938964844,283.1499938964844,18000.0,18000.0,313.1499938964844,0.0,18000.0,1.0,0.0,0.0,0.0,1.0,0.0,1.0,0.0,0.0,1.5985826394171454e-05,0.5,3.031386177233114e-13,4.265924453735352,4.265914440155029,9.78592834144365e-06,0.0,0.0,-0.0,0.1476445645093917,0.0,19.360090255737305,1895.4371337890625,0.0,0.0,0.2352731227874755,1.0,0.0,3.0,1.0,0.0
11990100,297.0390319824219,297.1499938964844,293.1499938964844,0.0,-0.0,291.06396484375,0.6681381464004517,0.2410556972026825,0.2230986207723617,297.0272521972656,297.1499938964844,293.1499938964844,0.0,-0.0,291.0639953613281,0.850750207901001,0.5094073414802551,0.4872727692127228,297.2830505371094,297.1499938964844,293.1499938964844,0.0,-0.0,291.06402587890625,0.9990000128746032,0.9337170124053956,0.581629753112793,297.0412292480469,297.1499938964844,293.1499938964844,0.0,-0.0,291.0639953613281,0.7620967030525208,0.3616842329502105,0.3485395014286041,297.0625305175781,297.1499938964844,293.1499938964844,0.0,-0.0,291.06396484375,0.677354633808136,0.2510173618793487,1.158639907836914,291.0639953613281,291.1499938964844,288.630615234375,285.3468322753906,291.06524658203125,297.14996337890625,291.06402587890625,1.0,0.6639918684959412,1.0,1.0,0.3316083252429962,1.0,-3.3614919185638428,2.401174068450928,0.960317850112915,1.6421130895614624,5.551115123125783e-17,5.551115123125783e-17,0.0,240.1000061035156,240.0,3.987967014312744,-0.0,3542.814697265625,1.0,283.1460876464844,288.5089416503906,285.7768859863281,285.78826904296875,293.1499938964844,293.1499938964844,283.1499938964844,18000.0,18000.0,313.1499938964844,0.0,18000.0,1.0,0.0,0.0,0.0,1.0,0.0,1.0,0.0,0.0,1.5985826394171454e-05,0.5,3.031386177233114e-13,4.265924453735352,4.265914440155029,9.78592834144365e-06,0.0,0.0,-0.0,0.1475510597229004,0.0,19.360090255737305,1895.4371337890625,0.0,0.0,0.2352731227874755,1.0,0.0,3.0,1.0,0.0
11990160,297.03485107421875,297.1499938964844,293.1499938964844,0.0,-0.0,291.0644226074219,0.666274905204773,0.2399433106184005,0.2221635729074478,297.0221862792969,297.1499938964844,293.1499938964844,0.0,-0.0,291.0644226074219,0.8490740656852722,0.5081326961517334,0.4861458241939544,297.2721252441406,297.1499938964844,293.1499938964844,0.0,-0.0,291.0644226074219,0.9990000128746032,0.933487832546234,0.5838490724563599,297.0360412597656,297.1499938964844,293.1499938964844,0.0,-0.0,291.0644226074219,0.7603752613067627,0.3604852259159088,0.3474796414375305,297.0582580566406,297.1499938964844,293.1499938964844,0.0,-0.0,291.0644226074219,0.6756060719490051,0.2500447332859039,1.1545993089675903,291.0644226074219,291.1499938964844,288.614013671875,285.3363647460937,291.0647277832031,297.142578125,291.0643615722656,1.0,0.6637868881225586,1.0,1.0,0.3333316147327423,1.0,-3.355546474456787,2.391650438308716,0.963896095752716,1.6339455842971802,5.551115123125783e-17,5.551115123125783e-17,0.0,241.1019592285156,243.0,2.658966064453125,-0.0,3534.5703125,1.0,283.14599609375,288.5089416503906,285.755859375,285.7669677734375,293.1499938964844,293.1499938964844,283.1499938964844,18000.0,18000.0,313.1499938964844,0.0,18000.0,1.0,0.0,0.0,0.0,1.0,0.0,1.0,0.0,0.0,1.5985826394171454e-05,0.5,3.031386177233114e-13,4.265924453735352,4.265914440155029,9.78592834144365e-06,0.0,0.0,-0.0,0.1474549621343612,0.0,19.360090255737305,1895.4371337890625,0.0,0.0,0.2352731227874755,1.0,0.0,3.0,1.0,0.0
11990220,297.02642822265625,297.1499938964844,293.1499938964844,0.0,-0.0,291.0635681152344,0.6622797250747681,0.2376300990581512,0.2202294170856475,297.01190185546875,297.1499938964844,293.1499938964844,0.0,-0.0,291.06353759765625,0.8454273343086243,0.5054712295532227,0.4838032722473144,297.248291015625,297.1499938964844,293.1499938964844,0.0,-0.0,291.06353759765625,0.9990000128746032,0.932618260383606,0.5889024138450623,297.0255432128906,297.1499938964844,293.1499938964844,0.0,-0.0,291.06353759765625,0.7566491365432739,0.3579771816730499,0.3452726602554321,297.04962158203125,297.1499938964844,293.1499938964844,0.0,-0.0,291.0635681152344,0.6718180775642395,0.2480059713125229,1.1461753845214844,291.06353759765625,291.1499938964844,288.5804138183594,285.3153686523437,291.0629272460937,297.1267395019531,291.0634460449219,1.0,0.6635708808898926,1.0,1.0,0.3367781937122345,1.0,-3.3436954021453857,2.3727548122406006,0.9709407687187196,1.6177597045898438,5.551115123125783e-17,5.551115123125783e-17,0.0,243.47879028320312,231.0,0.2074507772922516,-0.0,3520.3642578125,1.0,283.1458740234375,288.5088806152344,285.7153625488281,285.7259521484375,293.1499938964844,293.1499938964844,283.1499938964844,18000.0,18000.0,313.1499938964844,0.0,18000.0,1.0,0.0,0.0,0.0,1.0,0.0,1.0,0.0,0.0,1.5985826394171454e-05,0.5,3.031386177233114e-13,4.265924453735352,4.265914440155029,9.78592834144365e-06,0.0,0.0,-0.0,0.147241473197937,0.0,19.360090255737305,1895.4371337890625,0.0,0.0,0.2352731227874755,1.0,0.0,3.0,1.0,0.0
11990280,297.02642822265625,297.1499938964844,293.1499938964844,0.0,-0.0,291.0635681152344,0.6622797250747681,0.2376300990581512,0.2202294170856475,297.01190185546875,297.1499938964844,293.1499938964844,0.0,-0.0,291.06353759765625,0.8454273343086243,0.5054712295532227,0.4838032722473144,297.248291015625,297.1499938964844,293.1499938964844,0.0,-0.0,291.06353759765625,0.9990000128746032,0.932618260383606,0.5889024138450623,297.0255432128906,297.1499938964844,293.1499938964844,0.0,-0.0,291.06353759765625,0.7566491365432739,0.3579771816730499,0.3452726602554321,297.04962158203125,297.1499938964844,293.1499938964844,0.0,-0.0,291.0635681152344,0.6718180775642395,0.2480059713125229,1.1461753845214844,291.06353759765625,291.1499938964844,288.5804138183594,285.3153686523437,291.0629272460937,297.1267395019531,291.0634460449219,1.0,0.6635708808898926,1.0,1.0,0.3367781937122345,1.0,-3.3436954021453857,2.3727548122406006,0.9709407687187196,1.6177597045898438,5.551115123125783e-17,5.551115123125783e-17,0.0,243.47879028320312,231.0,0.2074507772922516,-0.0,3520.3642578125,1.0,283.1458740234375,288.5088806152344,285.7153625488281,285.7259521484375,293.1499938964844,293.1499938964844,283.1499938964844,18000.0,18000.0,313.1499938964844,0.0,18000.0,1.0,0.0,0.0,0.0,1.0,0.0,1.0,0.0,0.0,1.5985826394171454e-05,0.5,3.031386177233114e-13,4.265924453735352,4.265914440155029,9.78592834144365e-06,0.0,0.0,-0.0,0.147241473197937,0.0,19.360090255737305,1895.4371337890625,0.0,0.0,0.2352731227874755,1.0,0.0,3.0,1.0,0.0
11990340,297.0177307128906,297.1499938964844,293.1499938964844,0.0,-0.0,291.0617980957031,0.6611638069152832,0.2351844906806945,0.2180049419403076,297.0012512207031,297.1499938964844,293.1499938964844,0.0,-0.0,291.061767578125,0.8453474044799805,0.5026423335075378,0.4811259806156158,297.2276916503906,297.1499938964844,293.1499938964844,0.0,-0.0,291.0617370605469,0.9990000128746032,0.9317636489868164,0.5858173370361328,297.01470947265625,297.1499938964844,293.1499938964844,0.0,-0.0,291.061767578125,0.7561227083206177,0.3553026914596557,0.3427312076091766,297.0406494140625,297.1499938964844,293.1499938964844,0.0,-0.0,291.0617980957031,0.671006977558136,0.2458235621452331,1.136258602142334,291.061767578125,291.1499938964844,288.5462951660156,285.2942810058594,291.0598449707031,297.1119079589844,291.0615539550781,1.0,0.6586691737174988,1.0,1.0,0.3402248024940491,1.0,-3.319129467010498,2.345482587814331,0.973646879196167,1.596292495727539,5.551115123125783e-17,5.551115123125783e-17,0.0,240.631103515625,234.0,-1.711090922355652,-0.0,3447.134765625,1.0,283.1457214355469,288.50885009765625,285.6767272949219,285.68682861328125,293.1499938964844,293.1499938964844,283.1499938964844,18000.0,18000.0,313.1499938964844,0.0,18000.0,1.0,0.0,0.0,0.0,1.0,0.0,1.0,0.0,0.0,1.5985826394171454e-05,0.5,3.031386177233114e-13,4.265924453735352,4.265914440155029,9.78592834144365e-06,0.0,0.0,-0.0,0.147009015083313,0.0,19.360090255737305,1895.4371337890625,0.0,0.0,0.2352731227874755,1.0,0.0,3.0,1.0,0.0
11990400,297.0177307128906,297.1499938964844,293.1499938964844,0.0,-0.0,291.0617980957031,0.6611638069152832,0.2351844906806945,0.2180049419403076,297.0012512207031,297.1499938964844,293.1499938964844,0.0,-0.0,291.061767578125,0.8453474044799805,0.5026423335075378,0.4811259806156158,297.2276916503906,297.1499938964844,293.1499938964844,0.0,-0.0,291.0617370605469,0.9990000128746032,0.9317636489868164,0.5858173370361328,297.01470947265625,297.1499938964844,293.1499938964844,0.0,-0.0,291.061767578125,0.7561227083206177,0.3553026914596557,0.3427312076091766,297.0406494140625,297.1499938964844,293.1499938964844,0.0,-0.0,291.0617980957031,0.671006977558136,0.2458235621452331,1.136258602142334,291.061767578125,291.1499938964844,288.5462951660156,285.2942810058594,291.0598449707031,297.1119079589844,291.0615539550781,1.0,0.6586691737174988,1.0,1.0,0.3402248024940491,1.0,-3.319129467010498,2.345482587814331,0.973646879196167,1.596292495727539,5.551115123125783e-17,5.551115123125783e-17,0.0,240.631103515625,234.0,-1.711090922355652,-0.0,3447.134765625,1.0,283.1457214355469,288.50885009765625,285.6767272949219,285.68682861328125,293.1499938964844,293.1499938964844,283.1499938964844,18000.0,18000.0,313.1499938964844,0.0,18000.0,1.0,0.0,0.0,0.0,1.0,0.0,1.0,0.0,0.0,1.5985826394171454e-05,0.5,3.031386177233114e-13,4.265924453735352,4.265914440155029,9.78592834144365e-06,0.0,0.0,-0.0,0.147009015083313,0.0,19.360090255737305,1895.4371337890625,0.0,0.0,0.2352731227874755,1.0,0.0,3.0,1.0,0.0
11990460,297.0095520019531,297.1499938964844,293.1499938964844,0.0,-0.0,291.0595092773437,0.6587762832641602,0.2326798290014267,0.2157795280218124,296.9909362792969,297.1499938964844,293.1499938964844,0.0,-0.0,291.0594787597656,0.8437452912330627,0.4997129142284393,0.4784089624881744,297.2118530273437,297.1499938964844,293.1499938964844,0.0,-0.0,291.0594787597656,0.9990000128746032,0.9311450123786926,0.5859934091567993,297.0042419433594,297.1499938964844,293.1499938964844,0.0,-0.0,291.0594787597656,0.7541950941085815,0.3525291681289673,0.3401510417461395,297.0321350097656,297.1499938964844,293.1499938964844,0.0,-0.0,291.0595092773437,0.6688690185546875,0.243577241897583,1.126300811767578,291.0594787597656,291.1499938964844,288.5115051269531,285.2730407714844,291.0578918457031,297.1001281738281,291.059326171875,1.0,0.6559420824050903,1.0,1.0,0.3437168598175049,1.0,-3.2983062267303467,2.320744752883911,0.9775615930557252,1.5761150121688845,5.551115123125783e-17,5.551115123125783e-17,0.0,239.80926513671875,237.0,-2.124239444732666,-0.0,3394.778076171875,1.0,283.1455993652344,288.5088195800781,285.6397399902344,285.6494140625,293.1499938964844,293.1499938964844,283.1499938964844,18000.0,18000.0,313.1499938964844,0.0,18000.0,1.0,0.0,0.0,0.0,1.0,0.0,1.0,0.0,0.0,1.5985826394171454e-05,0.5,3.031386177233114e-13,4.265924453735352,4.265914440155029,9.78592834144365e-06,0.0,0.0,-0.0,0.1467698216438293,0.0,19.360090255737305,1895.4371337890625,0.0,0.0,0.2352731227874755,1.0,0.0,3.0,1.0,0.0
11990520,297.0095520019531,297.1499938964844,293.1499938964844,0.0,-0.0,291.0595092773437,0.6587762832641602,0.2326798290014267,0.2157795280218124,296.9909362792969,297.1499938964844,293.1499938964844,0.0,-0.0,291.0594787597656,0.8437452912330627,0.4997129142284393,0.4784089624881744,297.2118530273437,297.1499938964844,293.1499938964844,0.0,-0.0,291.0594787597656,0.9990000128746032,0.9311450123786926,0.5859934091567993,297.0042419433594,297.1499938964844,293.1499938964844,0.0,-0.0,291.0594787597656,0.7541950941085815,0.3525291681289673,0.3401510417461395,297.0321350097656,297.1499938964844,293.1499938964844,0.0,-0.0,291.0595092773437,0.6688690185546875,0.243577241897583,1.126300811767578,291.0594787597656,291.1499938964844,288.5115051269531,285.2730407714844,291.0578918457031,297.1001281738281,291.059326171875,1.0,0.6559420824050903,1.0,1.0,0.3437168598175049,1.0,-3.2983062267303467,2.320744752883911,0.9775615930557252,1.5761150121688845,5.551115123125783e-17,5.551115123125783e-17,0.0,239.80926513671875,237.0,-2.124239444732666,-0.0,3394.778076171875,1.0,283.1455993652344,288.5088195800781,285.6397399902344,285.6494140625,293.1499938964844,293.1499938964844,283.1499938964844,18000.0,18000.0,313.1499938964844,0.0,18000.0,1.0,0.0,0.0,0.0,1.0,0.0,1.0,0.0,0.0,1.5985826394171454e-05,0.5,3.031386177233114e-13,4.265924453735352,4.265914440155029,9.78592834144365e-06,0.0,0.0,-0.0,0.1467698216438293,0.0,19.360090255737305,1895.4371337890625,0.0,0.0,0.2352731227874755,1.0,0.0,3.0,1.0,0.0
11990580,297.0015869140625,297.1499938964844,293.1499938964844,0.0,-0.0,291.05731201171875,0.6554072499275208,0.2300927489995956,0.2135443389415741,296.98077392578125,297.1499938964844,293.1499938964844,0.0,-0.0,291.0572814941406,0.84095299243927,0.4966669678688049,0.4756480753421783,297.1927185058594,297.1499938964844,293.1499938964844,0.0,-0.0,291.0572509765625,0.9990000128746032,0.9299921989440918,0.588744580745697,296.99395751953125,297.1499938964844,293.1499938964844,0.0,-0.0,291.05731201171875,0.751177191734314,0.3496399223804474,0.3375279009342193,297.0238952636719,297.1499938964844,293.1499938964844,0.0,-0.0,291.05731201171875,0.6657024025917053,0.2412485480308532,1.1162958145141602,291.0572814941406,291.1499938964844,288.4759216308594,285.2516174316406,291.05548095703125,297.0869445800781,291.05712890625,1.0,0.6542232632637024,1.0,1.0,0.3472089469432831,1.0,-3.280418872833252,2.298039436340332,0.98237943649292,1.5574424266815186,5.551115123125783e-17,5.551115123125783e-17,0.0,240.61119079589844,225.0,-2.4793758392333984,-0.0,3358.67041015625,1.0,283.1454772949219,288.5087890625,285.6042785644531,285.6135559082031,293.1499938964844,293.1499938964844,283.1499938964844,18000.0,18000.0,313.1499938964844,0.0,18000.0,1.0,0.0,0.0,0.0,1.0,0.0,1.0,0.0,0.0,1.5985826394171454e-05,0.5,3.031386177233114e-13,4.265924453735352,4.265914440155029,9.78592834144365e-06,0.0,0.0,-0.0,0.1465384066104889,0.0,19.360090255737305,1895.4371337890625,0.0,0.0,0.2352731227874755,1.0,0.0,3.0,1.0,0.0
11990640,297.0015869140625,297.1499938964844,293.1499938964844,0.0,-0.0,291.05731201171875,0.6554072499275208,0.2300927489995956,0.2135443389415741,296.98077392578125,297.1499938964844,293.1499938964844,0.0,-0.0,291.0572814941406,0.84095299243927,0.4966669678688049,0.4756480753421783,297.1927185058594,297.1499938964844,293.1499938964844,0.0,-0.0,291.0572509765625,0.9990000128746032,0.9299921989440918,0.588744580745697,296.99395751953125,297.1499938964844,293.1499938964844,0.0,-0.0,291.05731201171875,0.751177191734314,0.3496399223804474,0.3375279009342193,297.0238952636719,297.1499938964844,293.1499938964844,0.0,-0.0,291.05731201171875,0.6657024025917053,0.2412485480308532,1.1162958145141602,291.0572814941406,291.1499938964844,288.4759216308594,285.2516174316406,291.05548095703125,297.0869445800781,291.05712890625,1.0,0.6542232632637024,1.0,1.0,0.3472089469432831,1.0,-3.280418872833252,2.298039436340332,0.98237943649292,1.5574424266815186,5.551115123125783e-17,5.551115123125783e-17,0.0,240.61119079589844,225.0,-2.4793758392333984,-0.0,3358.67041015625,1.0,283.1454772949219,288.5087890625,285.6042785644531,285.6135559082031,293.1499938964844,293.1499938964844,283.1499938964844,18000.0,18000.0,313.1499938964844,0.0,18000.0,1.0,0.0,0.0,0.0,1.0,0.0,1.0,0.0,0.0,1.5985826394171454e-05,0.5,3.031386177233114e-13,4.265924453735352,4.265914440155029,9.78592834144365e-06,0.0,0.0,-0.0,0.1465384066104889,0.0,19.360090255737305,1895.4371337890625,0.0,0.0,0.2352731227874755,1.0,0.0,3.0,1.0,0.0
11990700,296.9975280761719,297.1499938964844,293.1499938964844,0.0,-0.0,291.0561828613281,0.6546685695648193,0.2287534177303314,0.212332397699356,296.9755859375,297.1499938964844,293.1499938964844,0.0,-0.0,291.0561218261719,0.8407434821128845,0.4950855374336242,0.474157303571701,297.1829528808594,297.1499938964844,293.1499938964844,0.0,-0.0,291.0560913085937,0.9990000128746032,0.9293037056922911,0.5873629450798035,296.9887084960937,297.1499938964844,293.1499938964844,0.0,-0.0,291.0561218261719,0.7507256269454956,0.3481368720531463,0.3361058235168457,297.0196838378906,297.1499938964844,293.1499938964844,0.0,-0.0,291.05615234375,0.6651082634925842,0.2400362342596054,1.1108168363571167,291.0561218261719,291.1499938964844,288.45782470703125,285.2408447265625,291.0536499023437,297.0800170898437,291.0558776855469,1.0,0.6516067981719971,1.0,1.0,0.348954975605011,1.0,-3.267223596572876,2.2839159965515137,0.9833075404167176,1.5464723110198977,5.551115123125783e-17,5.551115123125783e-17,0.0,239.2518005371093,225.0,-2.9025356769561768,-0.0,3321.35693359375,1.0,283.1453857421875,288.5087890625,285.5870666503906,285.5961608886719,293.1499938964844,293.1499938964844,283.1499938964844,18000.0,18000.0,313.1499938964844,0.0,18000.0,1.0,0.0,0.0,0.0,1.0,0.0,1.0,0.0,0.0,1.5985826394171454e-05,0.5,3.031386177233114e-13,4.265924453735352,4.265914440155029,9.78592834144365e-06,0.0,0.0,-0.0,0.146422877907753,0.0,19.360090255737305,1895.4371337890625,0.0,0.0,0.2352731227874755,1.0,0.0,3.0,1.0,0.0
11990760,296.9934997558594,297.1499938964844,293.1499938964844,0.0,-0.0,291.0548095703125,0.6544982194900513,0.2273921072483062,0.2110579013824463,296.97039794921875,297.1499938964844,293.1499938964844,0.0,-0.0,291.0547790527344,0.8412588238716125,0.4934715330600738,0.4725920557975769,297.1754150390625,297.1499938964844,293.1499938964844,0.0,-0.0,291.0547790527344,0.9990000128746032,0.9287723898887634,0.5842887163162231,296.9834899902344,297.1499938964844,293.1499938964844,0.0,-0.0,291.0547790527344,0.7509146332740784,0.346601277589798,0.3346089422702789,297.0155029296875,297.1499938964844,293.1499938964844,0.0,-0.0,291.0548095703125,0.6651105880737305,0.2387990206480026,1.1050138473510742,291.0547790527344,291.1499938964844,288.439453125,285.2300109863281,291.052490234375,297.0741882324219,291.0545959472656,1.0,0.6482778191566467,1.0,1.0,0.3508217632770538,1.0,-3.251338720321656,2.2677419185638428,0.9835966229438782,1.5339373350143433,5.551115123125783e-17,5.551115123125783e-17,0.0,236.8032989501953,228.0,-2.9228744506835938,-0.0,3272.293212890625,1.0,283.14532470703125,288.5087585449219,285.57012939453125,285.5790710449219,293.1499938964844,293.1499938964844,283.1499938964844,18000.0,18000.0,313.1499938964844,0.0,18000.0,1.0,0.0,0.0,0.0,1.0,0.0,1.0,0.0,0.0,1.5985826394171454e-05,0.5,3.031386177233114e-13,4.265924453735352,4.265914440155029,9.78592834144365e-06,0.0,0.0,-0.0,0.1463062018156051,0.0,19.360090255737305,1895.4371337890625,0.0,0.0,0.2352731227874755,1.0,0.0,3.0,1.0,0.0
11990820,296.9859619140625,297.1499938964844,293.1499938964844,0.0,-0.0,291.0528564453125,0.6521750688552856,0.2246471047401428,0.2085957825183868,296.9604797363281,297.1499938964844,293.1499938964844,0.0,-0.0,291.0528259277344,0.8398334980010986,0.4901919960975647,0.4695238173007965,297.1618957519531,297.1499938964844,293.1499938964844,0.0,-0.0,291.05279541015625,0.9990000128746032,0.9277278780937196,0.5836250185966492,296.9734802246094,297.1499938964844,293.1499938964844,0.0,-0.0,291.0528259277344,0.7490741610527039,0.343478798866272,0.3316777944564819,297.0076599121094,297.1499938964844,293.1499938964844,0.0,-0.0,291.0528564453125,0.6630310416221619,0.2363003343343734,1.093821406364441,291.0528259277344,291.1499938964844,288.4020080566406,285.20819091796875,291.0511474609375,297.06402587890625,291.0526733398437,1.0,0.6448019742965698,1.0,1.0,0.3545553684234619,1.0,-3.226893424987793,2.240309238433838,0.9865842461586,1.5118690729141235,5.551115123125783e-17,5.551115123125783e-17,0.0,235.36471557617188,231.0,-2.208116292953491,-0.0,3210.438232421875,1.0,283.14520263671875,288.5087280273437,285.5372009277344,285.5458068847656,293.1499938964844,293.1499938964844,283.1499938964844,18000.0,18000.0,313.1499938964844,0.0,18000.0,1.0,0.0,0.0,0.0,1.0,0.0,1.0,0.0,0.0,1.5985826394171454e-05,0.5,3.031386177233114e-13,4.265924453735352,4.265914440155029,9.78592834144365e-06,0.0,0.0,-0.0,0.1460852324962616,0.0,19.360090255737305,1895.4371337890625,0.0,0.0,0.2352731227874755,1.0,0.0,3.0,1.0,0.0
11990880,296.9859619140625,297.1499938964844,293.1499938964844,0.0,-0.0,291.0528564453125,0.6521750688552856,0.2246471047401428,0.2085957825183868,296.9604797363281,297.1499938964844,293.1499938964844,0.0,-0.0,291.0528259277344,0.8398334980010986,0.4901919960975647,0.4695238173007965,297.1618957519531,297.1499938964844,293.1499938964844,0.0,-0.0,291.05279541015625,0.9990000128746032,0.9277278780937196,0.5836250185966492,296.9734802246094,297.1499938964844,293.1499938964844,0.0,-0.0,291.0528259277344,0.7490741610527039,0.343478798866272,0.3316777944564819,297.0076599121094,297.1499938964844,293.1499938964844,0.0,-0.0,291.0528564453125,0.6630310416221619,0.2363003343343734,1.093821406364441,291.0528259277344,291.1499938964844,288.4020080566406,285.20819091796875,291.0511474609375,297.06402587890625,291.0526733398437,1.0,0.6448019742965698,1.0,1.0,0.3545553684234619,1.0,-3.226893424987793,2.240309238433838,0.9865842461586,1.5118690729141235,5.551115123125783e-17,5.551115123125783e-17,0.0,235.36471557617188,231.0,-2.208116292953491,-0.0,3210.438232421875,1.0,283.14520263671875,288.5087280273437,285.5372009277344,285.5458068847656,293.1499938964844,293.1499938964844,283.1499938964844,18000.0,18000.0,313.1499938964844,0.0,18000.0,1.0,0.0,0.0,0.0,1.0,0.0,1.0,0.0,0.0,1.5985826394171454e-05,0.5,3.031386177233114e-13,4.265924453735352,4.265914440155029,9.78592834144365e-06,0.0,0.0,-0.0,0.1460852324962616,0.0,19.360090255737305,1895.4371337890625,0.0,0.0,0.2352731227874755,1.0,0.0,3.0,1.0,0.0
11990940,296.9786682128906,297.1499938964844,293.1499938964844,0.0,-0.0,291.0509338378906,0.6487835645675659,0.2218298465013504,0.2061411589384079,296.9507751464844,297.1499938964844,293.1499938964844,0.0,-0.0,291.0508728027344,0.837077260017395,0.4868077039718628,0.4664314687252044,297.14434814453125,297.1499938964844,293.1499938964844,0.0,-0.0,291.0508728027344,0.9990000128746032,0.9261032342910768,0.5858808159828186,296.9637145996094,297.1499938964844,293.1499938964844,0.0,-0.0,291.0509033203125,0.7460288405418396,0.3402522504329681,0.3287230730056762,297.0000915527344,297.1499938964844,293.1499938964844,0.0,-0.0,291.0509338378906,0.6598221659660339,0.2337297201156616,1.0826679468154907,291.0508728027344,291.1499938964844,288.3634338378906,285.1861267089844,291.0491027832031,297.0520935058594,291.0507202148437,1.0,0.6425274610519409,1.0,1.0,0.35828897356987,1.0,-3.2059695720672607,2.2153048515319824,0.9906647205352784,1.4915715456008911,5.551115123125783e-17,5.551115123125783e-17,0.0,235.7637481689453,219.0,-2.2507126331329346,-0.0,3167.021728515625,1.0,283.1450500488281,288.5086975097656,285.5053100585937,285.513671875,293.1499938964844,293.1499938964844,283.1499938964844,18000.0,18000.0,313.1499938964844,0.0,18000.0,1.0,0.0,0.0,0.0,1.0,0.0,1.0,0.0,0.0,1.5985826394171454e-05,0.5,3.031386177233114e-13,4.265924453735352,4.265914440155029,9.78592834144365e-06,0.0,0.0,-0.0,0.1458771973848343,0.0,19.360090255737305,1895.4371337890625,0.0,0.0,0.2352731227874755,1.0,0.0,3.0,1.0,0.0
11991000,296.9786682128906,297.1499938964844,293.1499938964844,0.0,-0.0,291.0509338378906,0.6487835645675659,0.2218298465013504,0.2061411589384079,296.9507751464844,297.1499938964844,293.1499938964844,0.0,-0.0,291.0508728027344,0.837077260017395,0.4868077039718628,0.4664314687252044,297.14434814453125,297.1499938964844,293.1499938964844,0.0,-0.0,291.0508728027344,0.9990000128746032,0.9261032342910768,0.5858808159828186,296.9637145996094,297.1499938964844,293.1499938964844,0.0,-0.0,291.0509033203125,0.7460288405418396,0.3402522504329681,0.3287230730056762,297.0000915527344,297.1499938964844,293.1499938964844,0.0,-0.0,291.0509338378906,0.6598221659660339,0.2337297201156616,1.0826679468154907,291.0508728027344,291.1499938964844,288.3634338378906,285.1861267089844,291.0491027832031,297.0520935058594,291.0507202148437,1.0,0.6425274610519409,1.0,1.0,0.35828897356987,1.0,-3.2059695720672607,2.2153048515319824,0.9906647205352784,1.4915715456008911,5.551115123125783e-17,5.551115123125783e-17,0.0,235.7637481689453,219.0,-2.2507126331329346,-0.0,3167.021728515625,1.0,283.1450500488281,288.5086975097656,285.5053100585937,285.513671875,293.1499938964844,293.1499938964844,283.1499938964844,18000.0,18000.0,313.1499938964844,0.0,18000.0,1.0,0.0,0.0,0.0,1.0,0.0,1.0,0.0,0.0,1.5985826394171454e-05,0.5,3.031386177233114e-13,4.265924453735352,4.265914440155029,9.78592834144365e-06,0.0,0.0,-0.0,0.1458771973848343,0.0,19.360090255737305,1895.4371337890625,0.0,0.0,0.2352731227874755,1.0,0.0,3.0,1.0,0.0
11991060,296.97125244140625,297.1499938964844,293.1499938964844,0.0,-0.0,291.0491638183594,0.6477014422416687,0.2189082354307174,0.2034490406513214,296.94091796875,297.1499938964844,293.1499938964844,0.0,-0.0,291.0491027832031,0.8372936248779297,0.4832846522331238,0.4630596041679382,297.1280517578125,297.1499938964844,293.1499938964844,0.0,-0.0,291.0491027832031,0.9990000128746032,0.9243715405464172,0.5811660289764404,296.9538879394531,297.1499938964844,293.1499938964844,0.0,-0.0,291.04913330078125,0.7456050515174866,0.3368955552577972,0.3254929482936859,296.9923400878906,297.1499938964844,293.1499938964844,0.0,-0.0,291.04913330078125,0.6590548753738403,0.2310476750135421,1.0703078508377075,291.0491027832031,291.1499938964844,288.3236389160156,285.1637268066406,291.0469055175781,297.0398864746094,291.04888916015625,1.0,0.6361339688301086,1.0,1.0,0.3622400164604187,1.0,-3.1742823123931885,2.182831048965454,0.9914510846138,1.4664640426635742,5.551115123125783e-17,5.551115123125783e-17,0.0,231.73976135253903,222.0,-2.267773389816284,-0.0,3077.082763671875,1.0,283.1449279785156,288.5086669921875,285.4743347167969,285.4824523925781,293.1499938964844,293.1499938964844,283.1499938964844,18000.0,18000.0,313.1499938964844,0.0,18000.0,1.0,0.0,0.0,0.0,1.0,0.0,1.0,0.0,0.0,1.5985826394171454e-05,0.5,3.031386177233114e-13,4.265924453735352,4.265914440155029,9.78592834144365e-06,0.0,0.0,-0.0,0.1456722766160965,0.0,19.360090255737305,1895.4371337890625,0.0,0.0,0.2352731227874755,1.0,0.0,3.0,1.0,0.0
11991120,296.97125244140625,297.1499938964844,293.1499938964844,0.0,-0.0,291.0491638183594,0.6477014422416687,0.2189082354307174,0.2034490406513214,296.94091796875,297.1499938964844,293.1499938964844,0.0,-0.0,291.0491027832031,0.8372936248779297,0.4832846522331238,0.4630596041679382,297.1280517578125,297.1499938964844,293.1499938964844,0.0,-0.0,291.0491027832031,0.9990000128746032,0.9243715405464172,0.5811660289764404,296.9538879394531,297.1499938964844,293.1499938964844,0.0,-0.0,291.04913330078125,0.7456050515174866,0.3368955552577972,0.3254929482936859,296.9923400878906,297.1499938964844,293.1499938964844,0.0,-0.0,291.04913330078125,0.6590548753738403,0.2310476750135421,1.0703078508377075,291.0491027832031,291.1499938964844,288.3236389160156,285.1637268066406,291.0469055175781,297.0398864746094,291.04888916015625,1.0,0.6361339688301086,1.0,1.0,0.3622400164604187,1.0,-3.1742823123931885,2.182831048965454,0.9914510846138,1.4664640426635742,5.551115123125783e-17,5.551115123125783e-17,0.0,231.73976135253903,222.0,-2.267773389816284,-0.0,3077.082763671875,1.0,283.1449279785156,288.5086669921875,285.4743347167969,285.4824523925781,293.1499938964844,293.1499938964844,283.1499938964844,18000.0,18000.0,313.1499938964844,0.0,18000.0,1.0,0.0,0.0,0.0,1.0,0.0,1.0,0.0,0.0,1.5985826394171454e-05,0.5,3.031386177233114e-13,4.265924453735352,4.265914440155029,9.78592834144365e-06,0.0,0.0,-0.0,0.1456722766160965,0.0,19.360090255737305,1895.4371337890625,0.0,0.0,0.2352731227874755,1.0,0.0,3.0,1.0,0.0
11991180,296.9643859863281,297.1499938964844,293.1499938964844,0.0,-0.0,291.0469665527344,0.6452165246009827,0.2159462571144104,0.2007883042097091,296.9314880371094,297.1499938964844,293.1499938964844,0.0,-0.0,291.04693603515625,0.83575040102005,0.4796817004680633,0.4596836566925049,297.1151733398437,297.1499938964844,293.1499938964844,0.0,-0.0,291.0469055175781,0.9990000128746032,0.922793447971344,0.5803390145301819,296.94464111328125,297.1499938964844,293.1499938964844,0.0,-0.0,291.04693603515625,0.7436040639877319,0.3334752321243286,0.322273701429367,296.9851379394531,297.1499938964844,293.1499938964844,0.0,-0.0,291.0469665527344,0.6567981243133545,0.2283205986022949,1.0580724477767944,291.04693603515625,291.1499938964844,288.2825012207031,285.1410522460937,291.0450744628906,297.0299377441406,291.0467529296875,1.0,0.632283627986908,1.0,1.0,0.366191029548645,1.0,-3.147433996200561,2.15372633934021,0.9937077164649964,1.443263292312622,5.551115123125783e-17,5.551115123125783e-17,0.0,230.13612365722656,225.0,-2.252891063690185,-0.0,3011.801513671875,1.0,283.144775390625,288.5086364746094,285.44415283203125,285.4520874023437,293.1499938964844,293.1499938964844,283.1499938964844,18000.0,18000.0,313.1499938964844,0.0,18000.0,1.0,0.0,0.0,0.0,1.0,0.0,1.0,0.0,0.0,1.5985826394171454e-05,0.5,3.031386177233114e-13,4.265924453735352,4.265914440155029,9.78592834144365e-06,0.0,0.0,-0.0,0.1454707831144333,0.0,19.360090255737305,1895.4371337890625,0.0,0.0,0.2352731227874755,1.0,0.0,3.0,1.0,0.0
11991240,296.9643859863281,297.1499938964844,293.1499938964844,0.0,-0.0,291.0469665527344,0.6452165246009827,0.2159462571144104,0.2007883042097091,296.9314880371094,297.1499938964844,293.1499938964844,0.0,-0.0,291.04693603515625,0.83575040102005,0.4796817004680633,0.4596836566925049,297.1151733398437,297.1499938964844,293.1499938964844,0.0,-0.0,291.0469055175781,0.9990000128746032,0.922793447971344,0.5803390145301819,296.94464111328125,297.1499938964844,293.1499938964844,0.0,-0.0,291.04693603515625,0.7436040639877319,0.3334752321243286,0.322273701429367,296.9851379394531,297.1499938964844,293.1499938964844,0.0,-0.0,291.0469665527344,0.6567981243133545,0.2283205986022949,1.0580724477767944,291.04693603515625,291.1499938964844,288.2825012207031,285.1410522460937,291.0450744628906,297.0299377441406,291.0467529296875,1.0,0.632283627986908,1.0,1.0,0.366191029548645,1.0,-3.147433996200561,2.15372633934021,0.9937077164649964,1.443263292312622,5.551115123125783e-17,5.551115123125783e-17,0.0,230.13612365722656,225.0,-2.252891063690185,-0.0,3011.801513671875,1.0,283.144775390625,288.5086364746094,285.44415283203125,285.4520874023437,293.1499938964844,293.1499938964844,283.1499938964844,18000.0,18000.0,313.1499938964844,0.0,18000.0,1.0,0.0,0.0,0.0,1.0,0.0,1.0,0.0,0.0,1.5985826394171454e-05,0.5,3.031386177233114e-13,4.265924453735352,4.265914440155029,9.78592834144365e-06,0.0,0.0,-0.0,0.1454707831144333,0.0,19.360090255737305,1895.4371337890625,0.0,0.0,0.2352731227874755,1.0,0.0,3.0,1.0,0.0
11991300,296.96099853515625,297.1499938964844,293.1499938964844,0.0,-0.0,291.0458679199219,0.6435368657112122,0.2144400775432586,0.1994660794734954,296.9268493652344,297.1499938964844,293.1499938964844,0.0,-0.0,291.0458374023437,0.8344192504882812,0.4778423309326172,0.4579916298389435,297.1071472167969,297.1499938964844,293.1499938964844,0.0,-0.0,291.0458068847656,0.9990000128746032,0.9217838048934937,0.5811612010002136,296.94012451171875,297.1499938964844,293.1499938964844,0.0,-0.0,291.0458374023437,0.7421058416366577,0.3317317962646484,0.3206648826599121,296.9816589355469,297.1499938964844,293.1499938964844,0.0,-0.0,291.0458679199219,0.6552051305770874,0.2269324511289596,1.051997184753418,291.0458374023437,291.1499938964844,288.26141357421875,285.1295471191406,291.0438537597656,297.0243225097656,291.045654296875,1.0,0.6308656930923462,1.0,1.0,0.3681665360927582,1.0,-3.1355583667755127,2.140230894088745,0.9953277111053468,1.4324344396591189,5.551115123125783e-17,5.551115123125783e-17,0.0,230.1089324951172,225.0,-2.410572290420532,-0.0,2986.8662109375,1.0,283.14471435546875,288.50860595703125,285.4293518066406,285.43719482421875,293.1499938964844,293.1499938964844,283.1499938964844,18000.0,18000.0,313.1499938964844,0.0,18000.0,1.0,0.0,0.0,0.0,1.0,0.0,1.0,0.0,0.0,1.5985826394171454e-05,0.5,3.031386177233114e-13,4.265924453735352,4.265914440155029,9.78592834144365e-06,0.0,0.0,-0.0,0.1453718245029449,0.0,19.360090255737305,1895.4371337890625,0.0,0.0,0.2352731227874755,1.0,0.0,3.0,1.0,0.0
11991360,296.9576721191406,297.1499938964844,293.1499938964844,0.0,-0.0,291.0447998046875,0.6416642069816589,0.2129139751195907,0.1981381326913833,296.9222412109375,297.1499938964844,293.1499938964844,0.0,-0.0,291.0447692871094,0.8328395485877991,0.4759749472141266,0.4562858939170837,297.09796142578125,297.1499938964844,293.1499938964844,0.0,-0.0,291.0447692871094,0.9990000128746032,0.9206095337867736,0.5825269818305969,296.9356384277344,297.1499938964844,293.1499938964844,0.0,-0.0,291.0447998046875,0.7403866648674011,0.3299625515937805,0.3190447390079498,296.9781494140625,297.1499938964844,293.1499938964844,0.0,-0.0,291.0447998046875,0.65340656042099,0.2255240976810455,1.045893669128418,291.0447692871094,291.1499938964844,288.23992919921875,285.11798095703125,291.04302978515625,297.0181579589844,291.04461669921875,1.0,0.6296969652175903,1.0,1.0,0.3702374994754791,1.0,-3.1242659091949463,2.1268885135650635,0.9973773956298828,1.421634554862976,5.551115123125783e-17,5.551115123125783e-17,0.0,230.4188232421875,213.0,-2.2939772605896,-0.0,2965.08447265625,1.0,283.1446533203125,288.50860595703125,285.4147033691406,285.4224548339844,293.1499938964844,293.1499938964844,283.1499938964844,18000.0,18000.0,313.1499938964844,0.0,18000.0,1.0,0.0,0.0,0.0,1.0,0.0,1.0,0.0,0.0,1.5985826394171454e-05,0.5,3.031386177233114e-13,4.265924453735352,4.265914440155029,9.78592834144365e-06,0.0,0.0,-0.0,0.1452732384204864,0.0,19.360090255737305,1895.4371337890625,0.0,0.0,0.2352731227874755,1.0,0.0,3.0,1.0,0.0
11991420,296.9508056640625,297.1499938964844,293.1499938964844,0.0,-0.0,291.0426940917969,0.6403251886367798,0.2097834050655365,0.195257306098938,296.9128112792969,297.1499938964844,293.1499938964844,0.0,-0.0,291.04266357421875,0.8328555822372437,0.4721350967884063,0.4526153802871704,297.08172607421875,297.1499938964844,293.1499938964844,0.0,-0.0,291.0426330566406,0.9990000128746032,0.9182976484298706,0.57780522108078,296.926513671875,297.1499938964844,293.1499938964844,0.0,-0.0,291.04266357421875,0.7397214770317078,0.3263219594955444,0.3155483603477478,296.97100830078125,297.1499938964844,293.1499938964844,0.0,-0.0,291.0426940917969,0.652376651763916,0.2226220220327377,1.0325425863265991,291.04266357421875,291.1499938964844,288.19580078125,285.0945129394531,291.0399780273437,297.006591796875,291.0423889160156,1.0,0.623005747795105,1.0,1.0,0.3743793666362762,1.0,-3.09047532081604,2.0931458473205566,0.997329592704773,1.395720362663269,5.551115123125783e-17,5.551115123125783e-17,0.0,226.3549346923828,216.0,-2.827234268188477,-0.0,2874.355224609375,1.0,283.14453125,288.508544921875,285.3858337402344,285.3934326171875,293.1499938964844,293.1499938964844,283.1499938964844,18000.0,18000.0,313.1499938964844,0.0,18000.0,1.0,0.0,0.0,0.0,1.0,0.0,1.0,0.0,0.0,1.5985826394171454e-05,0.5,3.031386177233114e-13,4.265924453735352,4.265914440155029,9.78592834144365e-06,0.0,0.0,-0.0,0.1450771540403366,0.0,19.360090255737305,1895.4371337890625,0.0,0.0,0.2352731227874755,1.0,0.0,3.0,1.0,0.0
11991480,296.9508056640625,297.1499938964844,293.1499938964844,0.0,-0.0,291.0426940917969,0.6403251886367798,0.2097834050655365,0.195257306098938,296.9128112792969,297.1499938964844,293.1499938964844,0.0,-0.0,291.04266357421875,0.8328555822372437,0.4721350967884063,0.4526153802871704,297.08172607421875,297.1499938964844,293.1499938964844,0.0,-0.0,291.0426330566406,0.9990000128746032,0.9182976484298706,0.57780522108078,296.926513671875,297.1499938964844,293.1499938964844,0.0,-0.0,291.04266357421875,0.7397214770317078,0.3263219594955444,0.3155483603477478,296.97100830078125,297.1499938964844,293.1499938964844,0.0,-0.0,291.0426940917969,0.652376651763916,0.2226220220327377,1.0325425863265991,291.04266357421875,291.1499938964844,288.19580078125,285.0945129394531,291.0399780273437,297.006591796875,291.0423889160156,1.0,0.623005747795105,1.0,1.0,0.3743793666362762,1.0,-3.09047532081604,2.0931458473205566,0.997329592704773,1.395720362663269,5.551115123125783e-17,5.551115123125783e-17,0.0,226.3549346923828,216.0,-2.827234268188477,-0.0,2874.355224609375,1.0,283.14453125,288.508544921875,285.3858337402344,285.3934326171875,293.1499938964844,293.1499938964844,283.1499938964844,18000.0,18000.0,313.1499938964844,0.0,18000.0,1.0,0.0,0.0,0.0,1.0,0.0,1.0,0.0,0.0,1.5985826394171454e-05,0.5,3.031386177233114e-13,4.265924453735352,4.265914440155029,9.78592834144365e-06,0.0,0.0,-0.0,0.1450771540403366,0.0,19.360090255737305,1895.4371337890625,0.0,0.0,0.2352731227874755,1.0,0.0,3.0,1.0,0.0
11991540,296.9444580078125,303.1499938964844,285.1499938964844,0.0,-0.0,291.03961181640625,0.6376245021820068,0.0,0.1924102455377578,296.9037780761719,303.1499938964844,285.1499938964844,0.0,-0.0,291.03955078125,0.8311164975166321,0.0,0.448941558599472,297.0687866210937,303.1499938964844,285.1499938964844,0.0,-0.0,291.0395202636719,0.9990000128746032,0.0,0.5769777894020081,296.9178161621094,303.1499938964844,285.1499938964844,0.0,-0.0,291.03955078125,0.7374926805496216,0.0,0.3120545446872711,296.9643249511719,303.1499938964844,285.1499938964844,0.0,-0.0,291.03961181640625,0.6498939990997314,0.0,1.0193251371383667,291.03955078125,294.1499938964844,288.1499938964844,285.0706481933594,291.0369567871094,296.99713134765625,291.039306640625,0.0,0.0,1.0,1.0,0.3785212635993957,1.0,-3.0615367889404297,2.062788724899292,0.998748242855072,1.3717389106750488,0.0,0.0,0.0,224.70016479492188,60.0,-3.3646481037139893,-0.0,2807.552001953125,0.0,283.1443786621094,288.5085144042969,285.35748291015625,285.3649597167969,293.1499938964844,293.1499938964844,278.1499938964844,18000.0,18000.0,313.1499938964844,0.0,18000.0,0.0,0.0,0.0,0.0,0.0,0.0,0.0,0.0,0.0,1.5985826394171454e-05,0.5,3.031386177233114e-13,4.265924453735352,4.265914440155029,9.78592834144365e-06,0.0,0.0,-0.0,0.0,0.0,19.360090255737305,1895.4371337890625,0.0,0.0,0.0,0.0,0.0,4.0,0.0,0.0
11991600,296.9444580078125,303.1499938964844,285.1499938964844,0.0,-0.0,291.03961181640625,0.6376245021820068,0.0,0.1924102455377578,296.9037780761719,303.1499938964844,285.1499938964844,0.0,-0.0,291.03955078125,0.8311164975166321,0.0,0.448941558599472,297.0687866210937,303.1499938964844,285.1499938964844,0.0,-0.0,291.0395202636719,0.9990000128746032,0.0,0.5769777894020081,296.9178161621094,303.1499938964844,285.1499938964844,0.0,-0.0,291.03955078125,0.7374926805496216,0.0,0.3120545446872711,296.9643249511719,303.1499938964844,285.1499938964844,0.0,-0.0,291.03961181640625,0.6498939990997314,0.0,1.0193251371383667,291.03955078125,294.1499938964844,288.1499938964844,285.0706481933594,291.0369567871094,296.99713134765625,291.039306640625,0.0,0.0,1.0,1.0,0.3785212635993957,1.0,-3.0615367889404297,2.062788724899292,0.998748242855072,1.3717389106750488,0.0,0.0,0.0,224.70016479492188,60.0,-3.3646481037139893,-0.0,2807.552001953125,0.0,283.1443786621094,288.5085144042969,285.35748291015625,285.3649597167969,293.1499938964844,293.1499938964844,278.1499938964844,18000.0,18000.0,313.1499938964844,0.0,18000.0,0.0,0.0,0.0,0.0,0.0,0.0,0.0,0.0,0.0,1.5985826394171454e-05,0.5,3.031386177233114e-13,4.265924453735352,4.265914440155029,9.78592834144365e-06,0.0,0.0,-0.0,0.0,0.0,19.360090255737305,1895.4371337890625,0.0,0.0,0.0,0.0,0.0,4.0,0.0,0.0
11991660,297.1151123046875,303.1499938964844,285.1499938964844,0.0,-0.0,291.1870422363281,0.0,0.0,0.0013019032776355,297.25,303.1499938964844,285.1499938964844,0.0,-0.0,291.1918334960937,0.0,0.0,0.0007862080237828,297.7220764160156,303.1499938964844,285.1499938964844,0.0,-0.0,291.1923828125,0.0,0.0,0.0005806908011436,297.10662841796875,303.1499938964844,285.1499938964844,0.0,-0.0,291.19024658203125,0.0,0.0,0.0007862067432142,297.1271667480469,303.1499938964844,285.1499938964844,0.0,-0.0,291.1871032714844,0.0,0.0,0.0068837101571261,291.2120056152344,294.1499938964844,288.1061706542969,285.04754638671875,290.5498046875,295.8341064453125,291.1217041015625,0.0,0.0,0.6336273550987244,0.6336273550987244,0.6062141060829163,1.0,-0.0087041389197111,0.0084238741546869,0.0002802649396471,-0.0108567494899034,0.0,0.0,0.0,-0.046235155314207,60.0,5.22511100769043,-0.0,-1.0499863492441364e-05,0.0,283.1443786621094,288.5085144042969,285.35308837890625,285.36309814453125,293.1499938964844,293.1499938964844,278.1499938964844,0.0,18000.0,313.1499938964844,0.0,18000.0,0.0,0.0,0.0,0.0,0.0,0.0,0.0,0.0,0.0,-1.132206066672944e-23,-8.48015249475256e-23,-4.923113738765162e-27,1.5828641997322794e-17,1.5824418413115102e-17,4.224513574194531e-21,0.0,0.0,-0.0,0.0,0.0,2.2592966984493307e-39,0.0,0.0,0.0,0.0,0.0,0.0,4.0,0.0,0.0
11991720,297.13287353515625,303.1499938964844,285.1499938964844,0.0,-0.0,291.1881408691406,0.0,0.0,0.0007717343396507,297.2796325683594,303.1499938964844,285.1499938964844,0.0,-0.0,291.1929626464844,0.0,0.0,0.000761907082051,297.7637939453125,303.1499938964844,285.1499938964844,0.0,-0.0,291.1935729980469,0.0,0.0,0.0005627421778626,297.125244140625,303.1499938964844,285.1499938964844,0.0,-0.0,291.1913452148437,0.0,0.0,0.0012142462655901,297.14654541015625,303.1499938964844,285.1499938964844,0.0,-0.0,291.188232421875,0.0,0.0,0.0040687979198992,291.2133178710937,294.1499938964844,288.1020202636719,285.0453186035156,290.5185241699219,295.71051025390625,291.1176452636719,0.0,0.0,0.6000000238418579,0.6000000238418579,0.6271127462387085,1.0,-0.008767046034336,0.0081346118822693,0.0006324343266896,-0.0110803693532943,0.0,0.0,0.0,-0.04653100669384,60.0,1.65377676486969,-0.0,-5.349251296138391e-06,0.0,283.1443786621094,288.5085144042969,285.35308837890625,285.36309814453125,293.1499938964844,293.1499938964844,278.1499938964844,0.0,18000.0,313.1499938964844,0.0,18000.0,0.0,0.0,0.0,0.0,0.0,0.0,0.0,0.0,0.0,-8.457963247577561e-26,-3.0964821846755657e-25,-1.136198037348875e-28,5.66660492219758e-18,5.662587719552715e-18,4.017240611161426e-21,0.0,0.0,-0.0,0.0,0.0,6.305843089461677e-44,0.0,0.0,0.0,0.0,0.0,0.0,4.0,0.0,0.0
11991780,297.2280578613281,303.1499938964844,285.1499938964844,0.0,-0.0,291.1891784667969,0.0,0.0,0.000115093520435,297.4313049316406,303.1499938964844,285.1499938964844,0.0,-0.0,291.1943664550781,0.0,0.0,0.0001482493244111,297.9571533203125,303.1499938964844,285.1499938964844,0.0,-0.0,291.1957397460937,0.0,0.0,0.0001436736201867,297.2236022949219,303.1499938964844,285.1499938964844,0.0,-0.0,291.19244384765625,0.0,0.0,0.0001331962703261,297.2533569335937,303.1499938964844,285.1499938964844,0.0,-0.0,291.1893310546875,0.0,0.0,0.0005813043680973,291.2143249511719,294.1499938964844,288.0771179199219,285.0317687988281,290.4312744140625,294.79052734375,291.1036071777344,0.0,0.0,0.4000000059604645,0.4000000059604645,0.7514085173606873,1.0,-0.0013460868503898,0.0030361614190042,-0.0016900745686143,-0.0149338459596037,0.0,0.0,0.0,-0.0090615022927522,60.0,-5.158307552337647,-0.0,-1.235530646681582e-07,0.0,283.1443786621094,288.5085144042969,285.35308837890625,285.36309814453125,293.1499938964844,293.1499938964844,278.1499938964844,0.0,18000.0,313.1499938964844,0.0,18000.0,0.0,0.0,0.0,0.0,0.0,0.0,0.0,0.0,0.0,-2.381920851842204e-37,-3.368419500391829e-37,-7.201523920850042e-38,-1.9356254131526726e-20,-1.575559185504595e-20,-3.600663084274344e-21,0.0,0.0,-0.0,0.0,0.0,0.0,-0.0,0.0,0.0,0.0,0.0,0.0,4.0,0.0,0.0
11991840,297.3086853027344,303.1499938964844,285.1499938964844,0.0,-0.0,291.1895446777344,0.0,0.0,9.527325892122462e-05,297.5491638183594,303.1499938964844,285.1499938964844,0.0,-0.0,291.1947021484375,0.0,0.0,0.0001008472972898,298.08697509765625,303.1499938964844,285.1499938964844,0.0,-0.0,291.19610595703125,0.0,0.0,7.514188473578542e-05,297.3049011230469,303.1499938964844,285.1499938964844,0.0,-0.0,291.1927795410156,0.0,0.0,0.0001005579906632,297.34625244140625,303.1499938964844,285.1499938964844,0.0,-0.0,291.1896667480469,0.0,0.0,0.0004760321171488,291.2145690917969,294.1499938964844,288.0516052246094,285.0177001953125,290.4080810546875,293.8544616699219,291.09832763671875,0.0,0.0,0.2000000029802322,0.2000000029802322,0.8757042288780212,1.0,-0.001017706352286,0.0007575868512503,0.0002601195301394,-0.0170914530754089,0.0,0.0,0.0,-0.0081445518881082,60.0,-3.47882080078125,-0.0,-7.06124581029144e-08,0.0,283.1443786621094,288.5085144042969,285.35308837890625,285.36309814453125,293.1499938964844,293.1499938964844,278.1499938964844,0.0,18000.0,313.1499938964844,0.0,18000.0,0.0,0.0,0.0,0.0,0.0,0.0,0.0,0.0,0.0,-8.407790785948902e-45,-9.809089250273721e-45,-5.605193857299268e-45,-6.448794163413953e-21,-3.291269060456277e-21,-3.1575249010092844e-21,0.0,0.0,-0.0,0.0,0.0,0.0,-0.0,0.0,0.0,0.0,0.0,0.0,4.0,0.0,0.0
11991900,297.3779602050781,303.1499938964844,285.1499938964844,0.0,-0.0,291.1898498535156,0.0,0.0,9.487602801527828e-05,297.64227294921875,303.1499938964844,285.1499938964844,0.0,-0.0,291.19500732421875,0.0,0.0,9.991206752602012e-05,298.179443359375,303.1499938964844,285.1499938964844,0.0,-0.0,291.1963806152344,0.0,0.0,7.379797898465768e-05,297.3733825683594,303.1499938964844,285.1499938964844,0.0,-0.0,291.1930847167969,0.0,0.0,9.99104231595993e-05,297.4264831542969,303.1499938964844,285.1499938964844,0.0,-0.0,291.19000244140625,0.0,0.0,0.0004739257565233,291.2148132324219,294.1499938964844,288.0255126953125,285.0030517578125,290.3867492675781,293.0427551269531,291.09619140625,0.0,0.0,0.0,0.0,1.0,1.0,-0.0010112721938639,3.397957826223319e-08,0.00101123820059,-0.0178248602896928,0.0,0.0,0.0,-0.0083661116659641,60.0,-2.614830493927002,-0.0,-6.971062305183295e-08,0.0,283.1443786621094,288.5085144042969,285.35308837890625,285.36309814453125,293.1499938964844,293.1499938964844,278.1499938964844,0.0,18000.0,313.1499938964844,0.0,18000.0,0.0,0.0,0.0,0.0,0.0,0.0,0.0,0.0,0.0,0.0,0.0,0.0,-6.543886814321306e-21,-3.2722501667677007e-21,-3.2716366475536053e-21,0.0,0.0,-0.0,0.0,0.0,0.0,-0.0,0.0,0.0,0.0,0.0,0.0,4.0,0.0,0.0
11991960,297.4377746582031,303.1499938964844,285.1499938964844,0.0,-0.0,291.190185546875,0.0,0.0,9.486800263402984e-05,297.7170104980469,303.1499938964844,285.1499938964844,0.0,-0.0,291.1952819824219,0.0,0.0,9.99013427644968e-05,298.2489624023437,303.1499938964844,285.1499938964844,0.0,-0.0,291.1966552734375,0.0,0.0,7.378718146355823e-05,297.4316101074219,303.1499938964844,285.1499938964844,0.0,-0.0,291.193359375,0.0,0.0,9.990096441470088e-05,297.4956970214844,303.1499938964844,285.1499938964844,0.0,-0.0,291.1903076171875,0.0,0.0,0.0004738851566798,291.21502685546875,294.1499938964844,287.9989013671875,284.9879455566406,290.3653869628906,292.34130859375,291.0951538085937,0.0,0.0,0.0,0.0,1.0,1.0,-0.0010110625298693,7.1581425231670445e-09,0.0010110553121194,-0.0178035348653793,0.0,0.0,0.0,-0.0083611328154802,60.0,-2.3119075298309326,-0.0,-6.969722932126389e-08,0.0,283.1443786621094,288.5085144042969,285.35308837890625,285.36309814453125,293.1499938964844,293.1499938964844,278.1499938964844,0.0,18000.0,313.1499938964844,0.0,18000.0,0.0,0.0,0.0,0.0,0.0,0.0,0.0,0.0,0.0,-0.0,-0.0,-0.0,-6.544314541015005e-21,-3.2721637328560378e-21,-3.2721510101073584e-21,0.0,0.0,-0.0,0.0,0.0,0.0,-0.0,0.0,0.0,0.0,0.0,0.0,4.0,0.0,0.0
11992020,297.5345153808594,303.1499938964844,285.1499938964844,0.0,-0.0,291.1907653808594,0.0,0.0,9.48547458392568e-05,297.82830810546875,303.1499938964844,285.1499938964844,0.0,-0.0,291.1958312988281,0.0,0.0,9.988732199417429e-05,298.348388671875,303.1499938964844,285.1499938964844,0.0,-0.0,291.1971740722656,0.0,0.0,7.377676229225472e-05,297.52459716796875,303.1499938964844,285.1499938964844,0.0,-0.0,291.1939392089844,0.0,0.0,9.98869727482088e-05,297.6074523925781,303.1499938964844,285.1499938964844,0.0,-0.0,291.19091796875,0.0,0.0,0.0004738189163617,291.2154541015625,294.1499938964844,287.9441223144531,284.95623779296875,290.322509765625,291.208740234375,291.09393310546875,0.0,0.0,0.0,0.0,1.0,1.0,-0.0010109178256243,7.140711577591219e-09,0.0010109106078743,-0.0177593827247619,0.0,0.0,0.0,-0.0083527732640504,60.0,-2.1866931915283203,-0.0,-6.967727017581637e-08,0.0,283.1443786621094,288.5085144042969,285.35308837890625,285.36309814453125,293.1499938964844,293.1499938964844,278.1499938964844,0.0,18000.0,313.1499938964844,0.0,18000.0,0.0,0.0,0.0,0.0,0.0,0.0,0.0,0.0,0.0,-0.0,-0.0,-0.0,-6.544323426744241e-21,-3.2721617133721204e-21,-3.2721617133721204e-21,0.0,0.0,-0.0,0.0,0.0,0.0,-0.0,0.0,0.0,0.0,0.0,0.0,4.0,0.0,0.0
11992080,297.5345153808594,303.1499938964844,285.1499938964844,0.0,-0.0,291.1907653808594,0.0,0.0,9.48547458392568e-05,297.82830810546875,303.1499938964844,285.1499938964844,0.0,-0.0,291.1958312988281,0.0,0.0,9.988732199417429e-05,298.348388671875,303.1499938964844,285.1499938964844,0.0,-0.0,291.1971740722656,0.0,0.0,7.377676229225472e-05,297.52459716796875,303.1499938964844,285.1499938964844,0.0,-0.0,291.1939392089844,0.0,0.0,9.98869727482088e-05,297.6074523925781,303.1499938964844,285.1499938964844,0.0,-0.0,291.19091796875,0.0,0.0,0.0004738189163617,291.2154541015625,294.1499938964844,287.9441223144531,284.95623779296875,290.322509765625,291.208740234375,291.09393310546875,0.0,0.0,0.0,0.0,1.0,1.0,-0.0010109178256243,7.140711577591219e-09,0.0010109106078743,-0.0177593827247619,0.0,0.0,0.0,-0.0083527732640504,60.0,-2.1866931915283203,-0.0,-6.967727017581637e-08,0.0,283.1443786621094,288.5085144042969,285.35308837890625,285.36309814453125,293.1499938964844,293.1499938964844,278.1499938964844,0.0,18000.0,313.1499938964844,0.0,18000.0,0.0,0.0,0.0,0.0,0.0,0.0,0.0,0.0,0.0,-0.0,-0.0,-0.0,-6.544323426744241e-21,-3.2721617133721204e-21,-3.2721617133721204e-21,0.0,0.0,-0.0,0.0,0.0,0.0,-0.0,0.0,0.0,0.0,0.0,0.0,4.0,0.0,0.0
11992140,297.60791015625,303.1499938964844,285.1499938964844,0.0,-0.0,291.1913452148437,0.0,0.0,9.48407905525528e-05,297.90582275390625,303.1499938964844,285.1499938964844,0.0,-0.0,291.1963195800781,0.0,0.0,9.9872617283836e-05,298.4172058105469,303.1499938964844,285.1499938964844,0.0,-0.0,291.1976623535156,0.0,0.0,7.376589928753674e-05,297.5942687988281,303.1499938964844,285.1499938964844,0.0,-0.0,291.1944580078125,0.0,0.0,9.987227531382814e-05,297.6925964355469,303.1499938964844,285.1499938964844,0.0,-0.0,291.19146728515625,0.0,0.0,0.0004737492126878,291.2158203125,294.1499938964844,287.88751220703125,284.9227600097656,290.2794189453125,290.3574523925781,291.0928039550781,0.0,0.0,0.0,0.0,1.0,1.0,-0.0010107659036293,7.122954226446154e-09,0.0010107588022947,-0.0177128724753856,0.0,0.0,0.0,-0.0083439704030752,60.0,-2.204874277114868,-0.0,-6.965634469224824e-08,0.0,283.1443786621094,288.5085144042969,285.35308837890625,285.36309814453125,293.1499938964844,293.1499938964844,278.1499938964844,0.0,18000.0,313.1499938964844,0.0,18000.0,0.0,0.0,0.0,0.0,0.0,0.0,0.0,0.0,0.0,0.0,0.0,0.0,-6.544322618950674e-21,-3.272161309475337e-21,-3.272161107526945e-21,0.0,0.0,-0.0,0.0,0.0,0.0,-0.0,0.0,0.0,0.0,0.0,0.0,4.0,0.0,0.0
11992200,297.60791015625,303.1499938964844,285.1499938964844,0.0,-0.0,291.1913452148437,0.0,0.0,9.48407905525528e-05,297.90582275390625,303.1499938964844,285.1499938964844,0.0,-0.0,291.1963195800781,0.0,0.0,9.9872617283836e-05,298.4172058105469,303.1499938964844,285.1499938964844,0.0,-0.0,291.1976623535156,0.0,0.0,7.376589928753674e-05,297.5942687988281,303.1499938964844,285.1499938964844,0.0,-0.0,291.1944580078125,0.0,0.0,9.987227531382814e-05,297.6925964355469,303.1499938964844,285.1499938964844,0.0,-0.0,291.19146728515625,0.0,0.0,0.0004737492126878,291.2158203125,294.1499938964844,287.88751220703125,284.9227600097656,290.2794189453125,290.3574523925781,291.0928039550781,0.0,0.0,0.0,0.0,1.0,1.0,-0.0010107659036293,7.122954226446154e-09,0.0010107588022947,-0.0177128724753856,0.0,0.0,0.0,-0.0083439704030752,60.0,-2.204874277114868,-0.0,-6.965634469224824e-08,0.0,283.1443786621094,288.5085144042969,285.35308837890625,285.36309814453125,293.1499938964844,293.1499938964844,278.1499938964844,0.0,18000.0,313.1499938964844,0.0,18000.0,0.0,0.0,0.0,0.0,0.0,0.0,0.0,0.0,0.0,0.0,0.0,0.0,-6.544322618950674e-21,-3.272161309475337e-21,-3.272161107526945e-21,0.0,0.0,-0.0,0.0,0.0,0.0,-0.0,0.0,0.0,0.0,0.0,0.0,4.0,0.0,0.0
11992260,297.66436767578125,303.1499938964844,285.1499938964844,0.0,-0.0,291.1918640136719,0.0,0.0,9.482610767008735e-05,297.962158203125,303.1499938964844,285.1499938964844,0.0,-0.0,291.19677734375,0.0,0.0,9.985714859794824e-05,298.4682922363281,303.1499938964844,285.1499938964844,0.0,-0.0,291.1981201171875,0.0,0.0,7.375446875812486e-05,297.6476745605469,303.1499938964844,285.1499938964844,0.0,-0.0,291.1949462890625,0.0,0.0,9.98568066279404e-05,297.75927734375,303.1499938964844,285.1499938964844,0.0,-0.0,291.1919860839844,0.0,0.0,0.000473675871035,291.21612548828125,294.1499938964844,287.8291931152344,284.8876953125,290.236083984375,289.71295166015625,291.0915832519531,0.0,0.0,0.0,0.0,1.0,1.0,-0.0010106062982231,7.104288712866946e-09,0.0010105991968885,-0.0176639836281538,0.0,0.0,0.0,-0.0083347167819738,60.0,-2.241064548492432,-0.0,-6.963433918372175e-08,0.0,283.1443786621094,288.5085144042969,285.35308837890625,285.36309814453125,293.1499938964844,293.1499938964844,278.1499938964844,0.0,18000.0,313.1499938964844,0.0,18000.0,0.0,0.0,0.0,0.0,0.0,0.0,0.0,0.0,0.0,-0.0,-0.0,-0.0,-6.544322618950674e-21,-3.272161309475337e-21,-3.272161107526945e-21,0.0,0.0,-0.0,0.0,0.0,0.0,-0.0,0.0,0.0,0.0,0.0,0.0,4.0,0.0,0.0
11992320,297.66436767578125,303.1499938964844,285.1499938964844,0.0,-0.0,291.1918640136719,0.0,0.0,9.482610767008735e-05,297.962158203125,303.1499938964844,285.1499938964844,0.0,-0.0,291.19677734375,0.0,0.0,9.985714859794824e-05,298.4682922363281,303.1499938964844,285.1499938964844,0.0,-0.0,291.1981201171875,0.0,0.0,7.375446875812486e-05,297.6476745605469,303.1499938964844,285.1499938964844,0.0,-0.0,291.1949462890625,0.0,0.0,9.98568066279404e-05,297.75927734375,303.1499938964844,285.1499938964844,0.0,-0.0,291.1919860839844,0.0,0.0,0.000473675871035,291.21612548828125,294.1499938964844,287.8291931152344,284.8876953125,290.236083984375,289.71295166015625,291.0915832519531,0.0,0.0,0.0,0.0,1.0,1.0,-0.0010106062982231,7.104288712866946e-09,0.0010105991968885,-0.0176639836281538,0.0,0.0,0.0,-0.0083347167819738,60.0,-2.241064548492432,-0.0,-6.963433918372175e-08,0.0,283.1443786621094,288.5085144042969,285.35308837890625,285.36309814453125,293.1499938964844,293.1499938964844,278.1499938964844,0.0,18000.0,313.1499938964844,0.0,18000.0,0.0,0.0,0.0,0.0,0.0,0.0,0.0,0.0,0.0,-0.0,-0.0,-0.0,-6.544322618950674e-21,-3.272161309475337e-21,-3.272161107526945e-21,0.0,0.0,-0.0,0.0,0.0,0.0,-0.0,0.0,0.0,0.0,0.0,0.0,4.0,0.0,0.0
11992380,297.6950988769531,303.1499938964844,285.1499938964844,0.0,-0.0,291.19219970703125,0.0,0.0,9.481588494963944e-05,297.99169921875,303.1499938964844,285.1499938964844,0.0,-0.0,291.19708251953125,0.0,0.0,9.984638018067926e-05,298.4957580566406,303.1499938964844,285.1499938964844,0.0,-0.0,291.1983947753906,0.0,0.0,7.374650886049494e-05,297.6766662597656,303.1499938964844,285.1499938964844,0.0,-0.0,291.1952514648437,0.0,0.0,9.98460382106714e-05,297.79644775390625,303.1499938964844,285.1499938964844,0.0,-0.0,291.1923217773437,0.0,0.0,0.0004736247938126,291.21630859375,294.1499938964844,287.7894592285156,284.8634948730469,290.2070007324219,289.3702087402344,291.0907287597656,0.0,0.0,0.0,0.0,1.0,1.0,-0.0010104953544214,7.091309317530658e-09,0.0010104882530868,-0.01762998662889,0.0,0.0,0.0,-0.0083282822743058,60.0,-2.267139196395874,-0.0,-6.961904830404819e-08,0.0,283.1443786621094,288.5085144042969,285.35308837890625,285.36309814453125,293.1499938964844,293.1499938964844,278.1499938964844,0.0,18000.0,313.1499938964844,0.0,18000.0,0.0,0.0,0.0,0.0,0.0,0.0,0.0,0.0,0.0,-0.0,-0.0,-0.0,-6.544322618950674e-21,-3.272161309475337e-21,-3.272161107526945e-21,0.0,0.0,-0.0,0.0,0.0,0.0,-0.0,0.0,0.0,0.0,0.0,0.0,4.0,0.0,0.0
11992440,297.708740234375,303.1499938964844,285.1499938964844,0.0,-0.0,291.1923828125,0.0,0.0,9.481066808803008e-05,298.0046081542969,303.1499938964844,285.1499938964844,0.0,-0.0,291.1972351074219,0.0,0.0,9.984087955672294e-05,298.5079040527344,303.1499938964844,285.1499938964844,0.0,-0.0,291.19854736328125,0.0,0.0,7.374244887614623e-05,297.68951416015625,303.1499938964844,285.1499938964844,0.0,-0.0,291.1954040527344,0.0,0.0,9.984054486267269e-05,297.81329345703125,303.1499938964844,285.1499938964844,0.0,-0.0,291.1925048828125,0.0,0.0,0.0004735987458843,291.2164001464844,294.1499938964844,287.7694396972656,284.8512268066406,290.1924743652344,289.2207946777344,291.0902709960937,0.0,0.0,0.0,0.0,1.0,1.0,-0.0010104386601597,7.084690167857843e-09,0.001010431558825,-0.0176126491278409,0.0,0.0,0.0,-0.0083250012248754,60.0,-2.280361652374268,-0.0,-6.961124654480956e-08,0.0,283.1443786621094,288.5085144042969,285.35308837890625,285.36309814453125,293.1499938964844,293.1499938964844,278.1499938964844,0.0,18000.0,313.1499938964844,0.0,18000.0,0.0,0.0,0.0,0.0,0.0,0.0,0.0,0.0,0.0,0.0,0.0,0.0,-6.544322618950674e-21,-3.272161309475337e-21,-3.272161107526945e-21,0.0,0.0,-0.0,0.0,0.0,0.0,-0.0,0.0,0.0,0.0,0.0,0.0,4.0,0.0,0.0
11992500,297.72760009765625,303.1499938964844,285.1499938964844,0.0,-0.0,291.1925964355469,0.0,0.0,9.480265725869684e-05,298.02215576171875,303.1499938964844,285.1499938964844,0.0,-0.0,291.1974182128906,0.0,0.0,9.983243944589049e-05,298.5246887207031,303.1499938964844,285.1499938964844,0.0,-0.0,291.19873046875,0.0,0.0,7.373621338047087e-05,297.7071533203125,303.1499938964844,285.1499938964844,0.0,-0.0,291.19561767578125,0.0,0.0,9.983211202779783e-05,297.83697509765625,303.1499938964844,285.1499938964844,0.0,-0.0,291.1927185058594,0.0,0.0,0.0004735587281174,291.2165222167969,294.1499938964844,287.73907470703125,284.83251953125,290.1705627441406,289.0186767578125,291.0895690917969,0.0,0.0,0.0,0.0,1.0,1.0,-0.0010103518143296,7.074529850825684e-09,0.0010103447129949,-0.0175860356539487,0.0,0.0,0.0,-0.0083199637010693,60.0,-2.300468921661377,-0.0,-6.9599273899712e-08,0.0,283.1443786621094,288.5085144042969,285.35308837890625,285.36309814453125,293.1499938964844,293.1499938964844,278.1499938964844,0.0,18000.0,313.1499938964844,0.0,18000.0,0.0,0.0,0.0,0.0,0.0,0.0,0.0,0.0,0.0,-0.0,-0.0,-0.0,-6.544322618950674e-21,-3.272161309475337e-21,-3.272161107526945e-21,0.0,0.0,-0.0,0.0,0.0,0.0,-0.0,0.0,0.0,0.0,0.0,0.0,4.0,0.0,0.0
11992560,297.74468994140625,303.1499938964844,285.1499938964844,0.0,-0.0,291.1928405761719,0.0,0.0,9.479444997850806e-05,298.0377197265625,303.1499938964844,285.1499938964844,0.0,-0.0,291.1976318359375,0.0,0.0,9.982379560824484e-05,298.53985595703125,303.1499938964844,285.1499938964844,0.0,-0.0,291.19891357421875,0.0,0.0,7.372982508968562e-05,297.7230529785156,303.1499938964844,285.1499938964844,0.0,-0.0,291.1958312988281,0.0,0.0,9.982346091419458e-05,297.85858154296875,303.1499938964844,285.1499938964844,0.0,-0.0,291.1929626464844,0.0,0.0,0.0004735177208203,291.2166442871094,294.1499938964844,287.7084045410156,284.8135070800781,290.1485595703125,288.8404541015625,291.0888671875,0.0,0.0,0.0,0.0,1.0,1.0,-0.0010102627566084,7.064121732014428e-09,0.0010102557716891,-0.0175587758421897,0.0,0.0,0.0,-0.0083148041740059,60.0,-2.3207950592041016,-0.0,-6.958700993209277e-08,0.0,283.1443786621094,288.5085144042969,285.35308837890625,285.36309814453125,293.1499938964844,293.1499938964844,278.1499938964844,0.0,18000.0,313.1499938964844,0.0,18000.0,0.0,0.0,0.0,0.0,0.0,0.0,0.0,0.0,0.0,0.0,0.0,0.0,-6.544322618950674e-21,-3.272161309475337e-21,-3.272161107526945e-21,0.0,0.0,-0.0,0.0,0.0,0.0,-0.0,0.0,0.0,0.0,0.0,0.0,4.0,0.0,0.0
11992620,297.7742919921875,303.1499938964844,285.1499938964844,0.0,-0.0,291.1932678222656,0.0,0.0,9.477741696173324e-05,298.0639953613281,303.1499938964844,285.1499938964844,0.0,-0.0,291.197998046875,0.0,0.0,9.980584582081065e-05,298.5660400390625,303.1499938964844,285.1499938964844,0.0,-0.0,291.19927978515625,0.0,0.0,7.371656101895496e-05,297.7503967285156,303.1499938964844,285.1499938964844,0.0,-0.0,291.1962280273437,0.0,0.0,9.9805518402718e-05,297.8960876464844,303.1499938964844,285.1499938964844,0.0,-0.0,291.1933898925781,0.0,0.0,0.0004734326503239,291.2168273925781,294.1499938964844,287.64630126953125,284.7747497558594,290.1043395996094,288.5426940917969,291.0873718261719,0.0,0.0,0.0,0.0,1.0,1.0,-0.0010100782383233,7.042542105040184e-09,0.001010071253404,-0.0175022520124912,0.0,0.0,0.0,-0.0083041070029139,60.0,-2.3619935512542725,-0.0,-6.956159381843463e-08,0.0,283.1443786621094,288.5085144042969,285.35308837890625,285.36309814453125,293.1499938964844,293.1499938964844,278.1499938964844,0.0,18000.0,313.1499938964844,0.0,18000.0,0.0,0.0,0.0,0.0,0.0,0.0,0.0,0.0,0.0,-0.0,-0.0,-0.0,-6.544322618950674e-21,-3.272161309475337e-21,-3.272161107526945e-21,0.0,0.0,-0.0,0.0,0.0,0.0,-0.0,0.0,0.0,0.0,0.0,0.0,4.0,0.0,0.0
11992680,297.7742919921875,303.1499938964844,285.1499938964844,0.0,-0.0,291.1932678222656,0.0,0.0,9.477741696173324e-05,298.0639953613281,303.1499938964844,285.1499938964844,0.0,-0.0,291.197998046875,0.0,0.0,9.980584582081065e-05,298.5660400390625,303.1499938964844,285.1499938964844,0.0,-0.0,291.19927978515625,0.0,0.0,7.371656101895496e-05,297.7503967285156,303.1499938964844,285.1499938964844,0.0,-0.0,291.1962280273437,0.0,0.0,9.9805518402718e-05,297.8960876464844,303.1499938964844,285.1499938964844,0.0,-0.0,291.1933898925781,0.0,0.0,0.0004734326503239,291.2168273925781,294.1499938964844,287.64630126953125,284.7747497558594,290.1043395996094,288.5426940917969,291.0873718261719,0.0,0.0,0.0,0.0,1.0,1.0,-0.0010100782383233,7.042542105040184e-09,0.001010071253404,-0.0175022520124912,0.0,0.0,0.0,-0.0083041070029139,60.0,-2.3619935512542725,-0.0,-6.956159381843463e-08,0.0,283.1443786621094,288.5085144042969,285.35308837890625,285.36309814453125,293.1499938964844,293.1499938964844,278.1499938964844,0.0,18000.0,313.1499938964844,0.0,18000.0,0.0,0.0,0.0,0.0,0.0,0.0,0.0,0.0,0.0,-0.0,-0.0,-0.0,-6.544322618950674e-21,-3.272161309475337e-21,-3.272161107526945e-21,0.0,0.0,-0.0,0.0,0.0,0.0,-0.0,0.0,0.0,0.0,0.0,0.0,4.0,0.0,0.0
11992740,297.79864501953125,303.1499938964844,285.1499938964844,0.0,-0.0,291.19366455078125,0.0,0.0,9.47595326579176e-05,298.0849914550781,303.1499938964844,285.1499938964844,0.0,-0.0,291.1983337402344,0.0,0.0,9.978700836654752e-05,298.5873107910156,303.1499938964844,285.1499938964844,0.0,-0.0,291.1996154785156,0.0,0.0,7.370264211203903e-05,297.7727355957031,303.1499938964844,285.1499938964844,0.0,-0.0,291.19659423828125,0.0,0.0,9.978668094845489e-05,297.926513671875,303.1499938964844,285.1499938964844,0.0,-0.0,291.1937866210937,0.0,0.0,0.0004733433015644,291.21697998046875,294.1499938964844,287.5833435058594,284.735107421875,290.059814453125,288.3057861328125,291.0858459472656,0.0,0.0,0.0,0.0,1.0,1.0,-0.0010098847560584,7.019909986638595e-09,0.0010098776547238,-0.0174429714679718,0.0,0.0,0.0,-0.0082928864285349,60.0,-2.403794288635254,-0.0,-6.953493425498891e-08,0.0,283.1443786621094,288.5085144042969,285.35308837890625,285.36309814453125,293.1499938964844,293.1499938964844,278.1499938964844,0.0,18000.0,313.1499938964844,0.0,18000.0,0.0,0.0,0.0,0.0,0.0,0.0,0.0,0.0,0.0,-0.0,-0.0,-0.0,-6.544322618950674e-21,-3.272161309475337e-21,-3.272161107526945e-21,0.0,0.0,-0.0,0.0,0.0,0.0,-0.0,0.0,0.0,0.0,0.0,0.0,4.0,0.0,0.0
11992800,297.79864501953125,303.1499938964844,285.1499938964844,0.0,-0.0,291.19366455078125,0.0,0.0,9.47595326579176e-05,298.0849914550781,303.1499938964844,285.1499938964844,0.0,-0.0,291.1983337402344,0.0,0.0,9.978700836654752e-05,298.5873107910156,303.1499938964844,285.1499938964844,0.0,-0.0,291.1996154785156,0.0,0.0,7.370264211203903e-05,297.7727355957031,303.1499938964844,285.1499938964844,0.0,-0.0,291.19659423828125,0.0,0.0,9.978668094845489e-05,297.926513671875,303.1499938964844,285.1499938964844,0.0,-0.0,291.1937866210937,0.0,0.0,0.0004733433015644,291.21697998046875,294.1499938964844,287.5833435058594,284.735107421875,290.059814453125,288.3057861328125,291.0858459472656,0.0,0.0,0.0,0.0,1.0,1.0,-0.0010098847560584,7.019909986638595e-09,0.0010098776547238,-0.0174429714679718,0.0,0.0,0.0,-0.0082928864285349,60.0,-2.403794288635254,-0.0,-6.953493425498891e-08,0.0,283.1443786621094,288.5085144042969,285.35308837890625,285.36309814453125,293.1499938964844,293.1499938964844,278.1499938964844,0.0,18000.0,313.1499938964844,0.0,18000.0,0.0,0.0,0.0,0.0,0.0,0.0,0.0,0.0,0.0,-0.0,-0.0,-0.0,-6.544322618950674e-21,-3.272161309475337e-21,-3.272161107526945e-21,0.0,0.0,-0.0,0.0,0.0,0.0,-0.0,0.0,0.0,0.0,0.0,0.0,4.0,0.0,0.0
11992860,297.8183898925781,303.1499938964844,285.1499938964844,0.0,-0.0,291.19403076171875,0.0,0.0,9.47407679632306e-05,298.1017150878906,303.1499938964844,285.1499938964844,0.0,-0.0,291.1986694335937,0.0,0.0,9.97672395897098e-05,298.604248046875,303.1499938964844,285.1499938964844,0.0,-0.0,291.19989013671875,0.0,0.0,7.368803926510736e-05,297.7908935546875,303.1499938964844,285.1499938964844,0.0,-0.0,291.1969299316406,0.0,0.0,9.976691944757476e-05,297.9507751464844,303.1499938964844,285.1499938964844,0.0,-0.0,291.19415283203125,0.0,0.0,0.0004732496163342,291.21710205078125,294.1499938964844,287.51971435546875,284.6947937011719,290.01495361328125,288.11376953125,291.08428955078125,0.0,0.0,0.0,0.0,1.0,1.0,-0.0010096818441525,6.996189405583664e-09,0.0010096748592332,-0.017380841076374,0.0,0.0,0.0,-0.0082811275497078,60.0,-2.4460606575012207,-0.0,-6.950700282004618e-08,0.0,283.1443786621094,288.5085144042969,285.35308837890625,285.36309814453125,293.1499938964844,293.1499938964844,278.1499938964844,0.0,18000.0,313.1499938964844,0.0,18000.0,0.0,0.0,0.0,0.0,0.0,0.0,0.0,0.0,0.0,0.0,0.0,0.0,-6.544322618950674e-21,-3.272161309475337e-21,-3.272161107526945e-21,0.0,0.0,-0.0,0.0,0.0,0.0,-0.0,0.0,0.0,0.0,0.0,0.0,4.0,0.0,0.0
11992920,297.8183898925781,303.1499938964844,285.1499938964844,0.0,-0.0,291.19403076171875,0.0,0.0,9.47407679632306e-05,298.1017150878906,303.1499938964844,285.1499938964844,0.0,-0.0,291.1986694335937,0.0,0.0,9.97672395897098e-05,298.604248046875,303.1499938964844,285.1499938964844,0.0,-0.0,291.19989013671875,0.0,0.0,7.368803926510736e-05,297.7908935546875,303.1499938964844,285.1499938964844,0.0,-0.0,291.1969299316406,0.0,0.0,9.976691944757476e-05,297.9507751464844,303.1499938964844,285.1499938964844,0.0,-0.0,291.19415283203125,0.0,0.0,0.0004732496163342,291.21710205078125,294.1499938964844,287.51971435546875,284.6947937011719,290.01495361328125,288.11376953125,291.08428955078125,0.0,0.0,0.0,0.0,1.0,1.0,-0.0010096818441525,6.996189405583664e-09,0.0010096748592332,-0.017380841076374,0.0,0.0,0.0,-0.0082811275497078,60.0,-2.4460606575012207,-0.0,-6.950700282004618e-08,0.0,283.1443786621094,288.5085144042969,285.35308837890625,285.36309814453125,293.1499938964844,293.1499938964844,278.1499938964844,0.0,18000.0,313.1499938964844,0.0,18000.0,0.0,0.0,0.0,0.0,0.0,0.0,0.0,0.0,0.0,0.0,0.0,0.0,-6.544322618950674e-21,-3.272161309475337e-21,-3.272161107526945e-21,0.0,0.0,-0.0,0.0,0.0,0.0,-0.0,0.0,0.0,0.0,0.0,0.0,4.0,0.0,0.0
11992980,297.834228515625,303.1499938964844,285.1499938964844,0.0,-0.0,291.19439697265625,0.0,0.0,9.47211156017147e-05,298.1148681640625,303.1499938964844,285.1499938964844,0.0,-0.0,291.1989440917969,0.0,0.0,9.974653221433982e-05,298.61749267578125,303.1499938964844,285.1499938964844,0.0,-0.0,291.2001647949219,0.0,0.0,7.367274520220235e-05,297.8055114746094,303.1499938964844,285.1499938964844,0.0,-0.0,291.1972351074219,0.0,0.0,9.97462193481624e-05,297.97003173828125,303.1499938964844,285.1499938964844,0.0,-0.0,291.1944885253906,0.0,0.0,0.0004731514200102,291.2171630859375,294.1499938964844,287.4555969238281,284.6539611816406,289.9697570800781,287.9548645019531,291.0826721191406,0.0,0.0,0.0,0.0,1.0,1.0,-0.0010094695026054,6.971356825147268e-09,0.0010094625176861,-0.0173157975077629,0.0,0.0,0.0,-0.0082688173279166,60.0,-2.488658905029297,-0.0,-6.947776398646965e-08,0.0,283.1443786621094,288.5085144042969,285.35308837890625,285.36309814453125,293.1499938964844,293.1499938964844,278.1499938964844,0.0,18000.0,313.1499938964844,0.0,18000.0,0.0,0.0,0.0,0.0,0.0,0.0,0.0,0.0,0.0,0.0,0.0,0.0,-6.544322618950674e-21,-3.272161309475337e-21,-3.272161107526945e-21,0.0,0.0,-0.0,0.0,0.0,0.0,-0.0,0.0,0.0,0.0,0.0,0.0,4.0,0.0,0.0
11993040,297.834228515625,303.1499938964844,285.1499938964844,0.0,-0.0,291.19439697265625,0.0,0.0,9.47211156017147e-05,298.1148681640625,303.1499938964844,285.1499938964844,0.0,-0.0,291.1989440917969,0.0,0.0,9.974653221433982e-05,298.61749267578125,303.1499938964844,285.1499938964844,0.0,-0.0,291.2001647949219,0.0,0.0,7.367274520220235e-05,297.8055114746094,303.1499938964844,285.1499938964844,0.0,-0.0,291.1972351074219,0.0,0.0,9.97462193481624e-05,297.97003173828125,303.1499938964844,285.1499938964844,0.0,-0.0,291.1944885253906,0.0,0.0,0.0004731514200102,291.2171630859375,294.1499938964844,287.4555969238281,284.6539611816406,289.9697570800781,287.9548645019531,291.0826721191406,0.0,0.0,0.0,0.0,1.0,1.0,-0.0010094695026054,6.971356825147268e-09,0.0010094625176861,-0.0173157975077629,0.0,0.0,0.0,-0.0082688173279166,60.0,-2.488658905029297,-0.0,-6.947776398646965e-08,0.0,283.1443786621094,288.5085144042969,285.35308837890625,285.36309814453125,293.1499938964844,293.1499938964844,278.1499938964844,0.0,18000.0,313.1499938964844,0.0,18000.0,0.0,0.0,0.0,0.0,0.0,0.0,0.0,0.0,0.0,0.0,0.0,0.0,-6.544322618950674e-21,-3.272161309475337e-21,-3.272161107526945e-21,0.0,0.0,-0.0,0.0,0.0,0.0,-0.0,0.0,0.0,0.0,0.0,0.0,4.0,0.0,0.0
11993100,297.8409118652344,303.1499938964844,285.1499938964844,0.0,-0.0,291.1945495605469,0.0,0.0,9.471095108892769e-05,298.12030029296875,303.1499938964844,285.1499938964844,0.0,-0.0,291.1990661621094,0.0,0.0,9.973582200473174e-05,298.6229248046875,303.1499938964844,285.1499938964844,0.0,-0.0,291.2002868652344,0.0,0.0,7.366482896031812e-05,297.81170654296875,303.1499938964844,285.1499938964844,0.0,-0.0,291.1973571777344,0.0,0.0,9.973550913855432e-05,297.97808837890625,303.1499938964844,285.1499938964844,0.0,-0.0,291.1946716308594,0.0,0.0,0.0004731006338261,291.2171936035156,294.1499938964844,287.4234313964844,284.6333923339844,289.947021484375,287.885009765625,291.08184814453125,0.0,0.0,0.0,0.0,1.0,1.0,-0.001009359722957,6.958519982447342e-09,0.0010093527380377,-0.0172821730375289,0.0,0.0,0.0,-0.0082624536007642,60.0,-2.510040521621704,-0.0,-6.94626578479074e-08,0.0,283.1443786621094,288.5085144042969,285.35308837890625,285.36309814453125,293.1499938964844,293.1499938964844,278.1499938964844,0.0,18000.0,313.1499938964844,0.0,18000.0,0.0,0.0,0.0,0.0,0.0,0.0,0.0,0.0,0.0,0.0,0.0,0.0,-6.544322618950674e-21,-3.272161309475337e-21,-3.272161107526945e-21,0.0,0.0,-0.0,0.0,0.0,0.0,-0.0,0.0,0.0,0.0,0.0,0.0,4.0,0.0,0.0
11993160,297.84686279296875,303.1499938964844,285.1499938964844,0.0,-0.0,291.1947021484375,0.0,0.0,9.470055374549702e-05,298.1250915527344,303.1499938964844,285.1499938964844,0.0,-0.0,291.1991882324219,0.0,0.0,9.972487896448e-05,298.6276550292969,303.1499938964844,285.1499938964844,0.0,-0.0,291.2004089355469,0.0,0.0,7.365674537140876e-05,297.8172302246094,303.1499938964844,285.1499938964844,0.0,-0.0,291.197509765625,0.0,0.0,9.97245660983026e-05,297.9852294921875,303.1499938964844,285.1499938964844,0.0,-0.0,291.1947937011719,0.0,0.0,0.0004730487125925,291.2171936035156,294.1499938964844,287.3912353515625,284.6127624511719,289.9242248535156,287.82037353515625,291.0810241699219,0.0,0.0,0.0,0.0,1.0,1.0,-0.0010092474985867,6.9454038076344204e-09,0.0010092406300827,-0.0172478165477514,0.0,0.0,0.0,-0.0082559511065483,60.0,-2.531454086303711,-0.0,-6.944721775425934e-08,0.0,283.1443786621094,288.5085144042969,285.35308837890625,285.36309814453125,293.1499938964844,293.1499938964844,278.1499938964844,0.0,18000.0,313.1499938964844,0.0,18000.0,0.0,0.0,0.0,0.0,0.0,0.0,0.0,0.0,0.0,-0.0,-0.0,-0.0,-6.544322618950674e-21,-3.272161309475337e-21,-3.272161107526945e-21,0.0,0.0,-0.0,0.0,0.0,0.0,-0.0,0.0,0.0,0.0,0.0,0.0,4.0,0.0,0.0
11993220,297.8568725585937,303.1499938964844,285.1499938964844,0.0,-0.0,291.1949768066406,0.0,0.0,9.46791042224504e-05,298.1329345703125,303.1499938964844,285.1499938964844,0.0,-0.0,291.19940185546875,0.0,0.0,9.970227984013036e-05,298.6352844238281,303.1499938964844,285.1499938964844,0.0,-0.0,291.2006225585937,0.0,0.0,7.364004704868421e-05,297.8265075683594,303.1499938964844,285.1499938964844,0.0,-0.0,291.19775390625,0.0,0.0,9.970196697395296e-05,297.99725341796875,303.1499938964844,285.1499938964844,0.0,-0.0,291.1950988769531,0.0,0.0,0.0004729415522888,291.2171936035156,294.1499938964844,287.3268127441406,284.5714416503906,289.8783569335937,287.7039794921875,291.0793762207031,0.0,0.0,0.0,0.0,1.0,1.0,-0.0010090160649269,6.918340123007738e-09,0.0010090091964229,-0.0171769298613071,0.0,0.0,0.0,-0.0082425344735383,60.0,-2.574310302734375,-0.0,-6.941537122884256e-08,0.0,283.1443786621094,288.5085144042969,285.35308837890625,285.36309814453125,293.1499938964844,293.1499938964844,278.1499938964844,0.0,18000.0,313.1499938964844,0.0,18000.0,0.0,0.0,0.0,0.0,0.0,0.0,0.0,0.0,0.0,-0.0,-0.0,-0.0,-6.544322618950674e-21,-3.272161309475337e-21,-3.272161107526945e-21,0.0,0.0,-0.0,0.0,0.0,0.0,-0.0,0.0,0.0,0.0,0.0,0.0,4.0,0.0,0.0
11993280,297.8568725585937,303.1499938964844,285.1499938964844,0.0,-0.0,291.1949768066406,0.0,0.0,9.46791042224504e-05,298.1329345703125,303.1499938964844,285.1499938964844,0.0,-0.0,291.19940185546875,0.0,0.0,9.970227984013036e-05,298.6352844238281,303.1499938964844,285.1499938964844,0.0,-0.0,291.2006225585937,0.0,0.0,7.364004704868421e-05,297.8265075683594,303.1499938964844,285.1499938964844,0.0,-0.0,291.19775390625,0.0,0.0,9.970196697395296e-05,297.99725341796875,303.1499938964844,285.1499938964844,0.0,-0.0,291.1950988769531,0.0,0.0,0.0004729415522888,291.2171936035156,294.1499938964844,287.3268127441406,284.5714416503906,289.8783569335937,287.7039794921875,291.0793762207031,0.0,0.0,0.0,0.0,1.0,1.0,-0.0010090160649269,6.918340123007738e-09,0.0010090091964229,-0.0171769298613071,0.0,0.0,0.0,-0.0082425344735383,60.0,-2.574310302734375,-0.0,-6.941537122884256e-08,0.0,283.1443786621094,288.5085144042969,285.35308837890625,285.36309814453125,293.1499938964844,293.1499938964844,278.1499938964844,0.0,18000.0,313.1499938964844,0.0,18000.0,0.0,0.0,0.0,0.0,0.0,0.0,0.0,0.0,0.0,-0.0,-0.0,-0.0,-6.544322618950674e-21,-3.272161309475337e-21,-3.272161107526945e-21,0.0,0.0,-0.0,0.0,0.0,0.0,-0.0,0.0,0.0,0.0,0.0,0.0,4.0,0.0,0.0
11993340,297.8647766113281,303.1499938964844,285.1499938964844,0.0,-0.0,291.1952209472656,0.0,0.0,9.465678158449008e-05,298.13885498046875,303.1499938964844,285.1499938964844,0.0,-0.0,291.1996154785156,0.0,0.0,9.967876394512132e-05,298.64093017578125,303.1499938964844,285.1499938964844,0.0,-0.0,291.2008056640625,0.0,0.0,7.362267933785915e-05,297.8338623046875,303.1499938964844,285.1499938964844,0.0,-0.0,291.1979675292969,0.0,0.0,9.967845835490152e-05,298.0067749023437,303.1499938964844,285.1499938964844,0.0,-0.0,291.1953430175781,0.0,0.0,0.0004728300555143,291.2171630859375,294.1499938964844,287.26251220703125,284.5301818847656,289.8321838378906,287.6010437011719,291.07769775390625,0.0,0.0,0.0,0.0,1.0,1.0,-0.0010087754344567,6.890199077957959e-09,0.0010087685659527,-0.0171032194048166,0.0,0.0,0.0,-0.0082285832613706,60.0,-2.617091655731201,-0.0,-6.938225993735615e-08,0.0,283.1443786621094,288.5085144042969,285.35308837890625,285.36309814453125,293.1499938964844,293.1499938964844,278.1499938964844,0.0,18000.0,313.1499938964844,0.0,18000.0,0.0,0.0,0.0,0.0,0.0,0.0,0.0,0.0,0.0,-0.0,-0.0,-0.0,-6.544322618950674e-21,-3.272161309475337e-21,-3.272161107526945e-21,0.0,0.0,-0.0,0.0,0.0,0.0,-0.0,0.0,0.0,0.0,0.0,0.0,4.0,0.0,0.0
11993400,297.8647766113281,303.1499938964844,285.1499938964844,0.0,-0.0,291.1952209472656,0.0,0.0,9.465678158449008e-05,298.13885498046875,303.1499938964844,285.1499938964844,0.0,-0.0,291.1996154785156,0.0,0.0,9.967876394512132e-05,298.64093017578125,303.1499938964844,285.1499938964844,0.0,-0.0,291.2008056640625,0.0,0.0,7.362267933785915e-05,297.8338623046875,303.1499938964844,285.1499938964844,0.0,-0.0,291.1979675292969,0.0,0.0,9.967845835490152e-05,298.0067749023437,303.1499938964844,285.1499938964844,0.0,-0.0,291.1953430175781,0.0,0.0,0.0004728300555143,291.2171630859375,294.1499938964844,287.26251220703125,284.5301818847656,289.8321838378906,287.6010437011719,291.07769775390625,0.0,0.0,0.0,0.0,1.0,1.0,-0.0010087754344567,6.890199077957959e-09,0.0010087685659527,-0.0171032194048166,0.0,0.0,0.0,-0.0082285832613706,60.0,-2.617091655731201,-0.0,-6.938225993735615e-08,0.0,283.1443786621094,288.5085144042969,285.35308837890625,285.36309814453125,293.1499938964844,293.1499938964844,278.1499938964844,0.0,18000.0,313.1499938964844,0.0,18000.0,0.0,0.0,0.0,0.0,0.0,0.0,0.0,0.0,0.0,-0.0,-0.0,-0.0,-6.544322618950674e-21,-3.272161309475337e-21,-3.272161107526945e-21,0.0,0.0,-0.0,0.0,0.0,0.0,-0.0,0.0,0.0,0.0,0.0,0.0,4.0,0.0,0.0
11993460,297.8709411621094,303.1499938964844,285.1499938964844,0.0,-0.0,291.1954345703125,0.0,0.0,9.463363676331936e-05,298.1431884765625,303.1499938964844,285.1499938964844,0.0,-0.0,291.19976806640625,0.0,0.0,9.96543822111562e-05,298.6449279785156,303.1499938964844,285.1499938964844,0.0,-0.0,291.2009582519531,0.0,0.0,7.360466406680644e-05,297.8396301269531,303.1499938964844,285.1499938964844,0.0,-0.0,291.1981506347656,0.0,0.0,9.9654083896894e-05,298.0142517089844,303.1499938964844,285.1499938964844,0.0,-0.0,291.195556640625,0.0,0.0,0.0004727144550997,291.2170715332031,294.1499938964844,287.19854736328125,284.4891052246094,289.78570556640625,287.5082092285156,291.07598876953125,0.0,0.0,0.0,0.0,1.0,1.0,-0.0010085260728374,6.861036183636315e-09,0.0010085192043334,-0.0170268323272466,0.0,0.0,0.0,-0.0082141263410449,60.0,-2.6596624851226807,-0.0,-6.934795493407364e-08,0.0,283.1443786621094,288.5085144042969,285.35308837890625,285.36309814453125,293.1499938964844,293.1499938964844,278.1499938964844,0.0,18000.0,313.1499938964844,0.0,18000.0,0.0,0.0,0.0,0.0,0.0,0.0,0.0,0.0,0.0,-0.0,-0.0,-0.0,-6.544322618950674e-21,-3.272161309475337e-21,-3.272161107526945e-21,0.0,0.0,-0.0,0.0,0.0,0.0,-0.0,0.0,0.0,0.0,0.0,0.0,4.0,0.0,0.0
11993520,297.8709411621094,303.1499938964844,285.1499938964844,0.0,-0.0,291.1954345703125,0.0,0.0,9.463363676331936e-05,298.1431884765625,303.1499938964844,285.1499938964844,0.0,-0.0,291.19976806640625,0.0,0.0,9.96543822111562e-05,298.6449279785156,303.1499938964844,285.1499938964844,0.0,-0.0,291.2009582519531,0.0,0.0,7.360466406680644e-05,297.8396301269531,303.1499938964844,285.1499938964844,0.0,-0.0,291.1981506347656,0.0,0.0,9.9654083896894e-05,298.0142517089844,303.1499938964844,285.1499938964844,0.0,-0.0,291.195556640625,0.0,0.0,0.0004727144550997,291.2170715332031,294.1499938964844,287.19854736328125,284.4891052246094,289.78570556640625,287.5082092285156,291.07598876953125,0.0,0.0,0.0,0.0,1.0,1.0,-0.0010085260728374,6.861036183636315e-09,0.0010085192043334,-0.0170268323272466,0.0,0.0,0.0,-0.0082141263410449,60.0,-2.6596624851226807,-0.0,-6.934795493407364e-08,0.0,283.1443786621094,288.5085144042969,285.35308837890625,285.36309814453125,293.1499938964844,293.1499938964844,278.1499938964844,0.0,18000.0,313.1499938964844,0.0,18000.0,0.0,0.0,0.0,0.0,0.0,0.0,0.0,0.0,0.0,-0.0,-0.0,-0.0,-6.544322618950674e-21,-3.272161309475337e-21,-3.272161107526945e-21,0.0,0.0,-0.0,0.0,0.0,0.0,-0.0,0.0,0.0,0.0,0.0,0.0,4.0,0.0,0.0
11993580,297.87579345703125,303.1499938964844,285.1499938964844,0.0,-0.0,291.1956481933594,0.0,0.0,9.460972069064157e-05,298.146240234375,303.1499938964844,285.1499938964844,0.0,-0.0,291.1999206542969,0.0,0.0,9.962919284589589e-05,298.64764404296875,303.1499938964844,285.1499938964844,0.0,-0.0,291.2010803222656,0.0,0.0,7.358605944318697e-05,297.8441467285156,303.1499938964844,285.1499938964844,0.0,-0.0,291.19830322265625,0.0,0.0,9.96288945316337e-05,298.0201721191406,303.1499938964844,285.1499938964844,0.0,-0.0,291.1957397460937,0.0,0.0,0.0004725949838757,291.21697998046875,294.1499938964844,287.1351013183594,284.44842529296875,289.7389221191406,287.4230041503906,291.07427978515625,0.0,0.0,0.0,0.0,1.0,1.0,-0.0010082684457302,6.830919385691914e-09,0.0010082616936415,-0.0169479437172412,0.0,0.0,0.0,-0.0081991963088512,60.0,-2.7018868923187256,-0.0,-6.931254148412337e-08,0.0,283.1443786621094,288.5085144042969,285.35308837890625,285.36309814453125,293.1499938964844,293.1499938964844,278.1499938964844,0.0,18000.0,313.1499938964844,0.0,18000.0,0.0,0.0,0.0,0.0,0.0,0.0,0.0,0.0,0.0,-0.0,-0.0,-0.0,-6.544322618950674e-21,-3.272161309475337e-21,-3.272161107526945e-21,0.0,0.0,-0.0,0.0,0.0,0.0,-0.0,0.0,0.0,0.0,0.0,0.0,4.0,0.0,0.0
11993640,297.87579345703125,303.1499938964844,285.1499938964844,0.0,-0.0,291.1956481933594,0.0,0.0,9.460972069064157e-05,298.146240234375,303.1499938964844,285.1499938964844,0.0,-0.0,291.1999206542969,0.0,0.0,9.962919284589589e-05,298.64764404296875,303.1499938964844,285.1499938964844,0.0,-0.0,291.2010803222656,0.0,0.0,7.358605944318697e-05,297.8441467285156,303.1499938964844,285.1499938964844,0.0,-0.0,291.19830322265625,0.0,0.0,9.96288945316337e-05,298.0201721191406,303.1499938964844,285.1499938964844,0.0,-0.0,291.1957397460937,0.0,0.0,0.0004725949838757,291.21697998046875,294.1499938964844,287.1351013183594,284.44842529296875,289.7389221191406,287.4230041503906,291.07427978515625,0.0,0.0,0.0,0.0,1.0,1.0,-0.0010082684457302,6.830919385691914e-09,0.0010082616936415,-0.0169479437172412,0.0,0.0,0.0,-0.0081991963088512,60.0,-2.7018868923187256,-0.0,-6.931254148412337e-08,0.0,283.1443786621094,288.5085144042969,285.35308837890625,285.36309814453125,293.1499938964844,293.1499938964844,278.1499938964844,0.0,18000.0,313.1499938964844,0.0,18000.0,0.0,0.0,0.0,0.0,0.0,0.0,0.0,0.0,0.0,-0.0,-0.0,-0.0,-6.544322618950674e-21,-3.272161309475337e-21,-3.272161107526945e-21,0.0,0.0,-0.0,0.0,0.0,0.0,-0.0,0.0,0.0,0.0,0.0,0.0,4.0,0.0,0.0
11993700,297.8777770996094,303.1499938964844,285.1499938964844,0.0,-0.0,291.1957092285156,0.0,0.0,9.45974388741888e-05,298.1473693847656,303.1499938964844,285.1499938964844,0.0,-0.0,291.1999816894531,0.0,0.0,9.961625619325788e-05,298.6485900878906,303.1499938964844,285.1499938964844,0.0,-0.0,291.2011108398437,0.0,0.0,7.357649883488193e-05,297.8459777832031,303.1499938964844,285.1499938964844,0.0,-0.0,291.1983642578125,0.0,0.0,9.961595787899569e-05,298.02264404296875,303.1499938964844,285.1499938964844,0.0,-0.0,291.1958312988281,0.0,0.0,0.0004725336330011,291.2168884277344,294.1499938964844,287.1036376953125,284.4283142089844,289.7154235839844,287.3826904296875,291.07342529296875,0.0,0.0,0.0,0.0,1.0,1.0,-0.0010081361979246,6.815457531672564e-09,0.0010081294458359,-0.0169074442237615,0.0,0.0,0.0,-0.0081915315240621,60.0,-2.722825288772583,-0.0,-6.929436580094261e-08,0.0,283.1443786621094,288.5085144042969,285.35308837890625,285.36309814453125,293.1499938964844,293.1499938964844,278.1499938964844,0.0,18000.0,313.1499938964844,0.0,18000.0,0.0,0.0,0.0,0.0,0.0,0.0,0.0,0.0,0.0,0.0,0.0,0.0,-6.544322618950674e-21,-3.272161309475337e-21,-3.272161107526945e-21,0.0,0.0,-0.0,0.0,0.0,0.0,-0.0,0.0,0.0,0.0,0.0,0.0,4.0,0.0,0.0
11993760,297.8795166015625,303.1499938964844,285.1499938964844,0.0,-0.0,291.19580078125,0.0,0.0,9.458488057134672e-05,298.14825439453125,303.1499938964844,285.1499938964844,0.0,-0.0,291.20001220703125,0.0,0.0,9.960302850231528e-05,298.6492919921875,303.1499938964844,285.1499938964844,0.0,-0.0,291.201171875,0.0,0.0,7.356672722380608e-05,297.8475952148437,303.1499938964844,285.1499938964844,0.0,-0.0,291.19842529296875,0.0,0.0,9.960273746401072e-05,298.0248413085937,303.1499938964844,285.1499938964844,0.0,-0.0,291.1959228515625,0.0,0.0,0.0004724709142465,291.2168273925781,294.1499938964844,287.0723876953125,284.4083557128906,289.6918640136719,287.3436584472656,291.07257080078125,0.0,0.0,0.0,0.0,1.0,1.0,-0.0010080010397359,6.799653728961631e-09,0.0010079942876473,-0.016866048797965,0.0,0.0,0.0,-0.0081836963072419,60.0,-2.743624210357666,-0.0,-6.92757851084025e-08,0.0,283.1443786621094,288.5085144042969,285.35308837890625,285.36309814453125,293.1499938964844,293.1499938964844,278.1499938964844,0.0,18000.0,313.1499938964844,0.0,18000.0,0.0,0.0,0.0,0.0,0.0,0.0,0.0,0.0,0.0,-0.0,-0.0,-0.0,-6.544322618950674e-21,-3.272161309475337e-21,-3.272161107526945e-21,0.0,0.0,-0.0,0.0,0.0,0.0,-0.0,0.0,0.0,0.0,0.0,0.0,4.0,0.0,0.0
11993820,297.8824157714844,303.1499938964844,285.1499938964844,0.0,-0.0,291.1959228515625,0.0,0.0,9.455879626329988e-05,298.1494140625,303.1499938964844,285.1499938964844,0.0,-0.0,291.2001037597656,0.0,0.0,9.957555448636413e-05,298.6501159667969,303.1499938964844,285.1499938964844,0.0,-0.0,291.20123291015625,0.0,0.0,7.354643457802013e-05,297.8502502441406,303.1499938964844,285.1499938964844,0.0,-0.0,291.19854736328125,0.0,0.0,9.957526344805956e-05,298.0285339355469,303.1499938964844,285.1499938964844,0.0,-0.0,291.196044921875,0.0,0.0,0.0004723406455013,291.2166442871094,294.1499938964844,287.0106201171875,284.3690490722656,289.6445617675781,287.2688903808594,291.0708312988281,0.0,0.0,0.0,0.0,1.0,1.0,-0.0010077204788103,6.766843974048697e-09,0.0010077137267217,-0.0167801082134246,0.0,0.0,0.0,-0.0081674316897988,60.0,-2.7847299575805664,-0.0,-6.92372239541328e-08,0.0,283.1443786621094,288.5085144042969,285.35308837890625,285.36309814453125,293.1499938964844,293.1499938964844,278.1499938964844,0.0,18000.0,313.1499938964844,0.0,18000.0,0.0,0.0,0.0,0.0,0.0,0.0,0.0,0.0,0.0,-0.0,-0.0,-0.0,-6.544322618950674e-21,-3.272161309475337e-21,-3.272161107526945e-21,0.0,0.0,-0.0,0.0,0.0,0.0,-0.0,0.0,0.0,0.0,0.0,0.0,4.0,0.0,0.0
11993880,297.8824157714844,303.1499938964844,285.1499938964844,0.0,-0.0,291.1959228515625,0.0,0.0,9.455879626329988e-05,298.1494140625,303.1499938964844,285.1499938964844,0.0,-0.0,291.2001037597656,0.0,0.0,9.957555448636413e-05,298.6501159667969,303.1499938964844,285.1499938964844,0.0,-0.0,291.20123291015625,0.0,0.0,7.354643457802013e-05,297.8502502441406,303.1499938964844,285.1499938964844,0.0,-0.0,291.19854736328125,0.0,0.0,9.957526344805956e-05,298.0285339355469,303.1499938964844,285.1499938964844,0.0,-0.0,291.196044921875,0.0,0.0,0.0004723406455013,291.2166442871094,294.1499938964844,287.0106201171875,284.3690490722656,289.6445617675781,287.2688903808594,291.0708312988281,0.0,0.0,0.0,0.0,1.0,1.0,-0.0010077204788103,6.766843974048697e-09,0.0010077137267217,-0.0167801082134246,0.0,0.0,0.0,-0.0081674316897988,60.0,-2.7847299575805664,-0.0,-6.92372239541328e-08,0.0,283.1443786621094,288.5085144042969,285.35308837890625,285.36309814453125,293.1499938964844,293.1499938964844,278.1499938964844,0.0,18000.0,313.1499938964844,0.0,18000.0,0.0,0.0,0.0,0.0,0.0,0.0,0.0,0.0,0.0,-0.0,-0.0,-0.0,-6.544322618950674e-21,-3.272161309475337e-21,-3.272161107526945e-21,0.0,0.0,-0.0,0.0,0.0,0.0,-0.0,0.0,0.0,0.0,0.0,0.0,4.0,0.0,0.0
11993940,297.8846130371094,303.1499938964844,285.1499938964844,0.0,-0.0,291.196044921875,0.0,0.0,9.453127131564544e-05,298.14990234375,303.1499938964844,285.1499938964844,0.0,-0.0,291.2001647949219,0.0,0.0,9.95465597952716e-05,298.6502685546875,303.1499938964844,285.1499938964844,0.0,-0.0,291.2012634277344,0.0,0.0,7.352501415880397e-05,297.85223388671875,303.1499938964844,285.1499938964844,0.0,-0.0,291.1986083984375,0.0,0.0,9.954627603292464e-05,298.03143310546875,303.1499938964844,285.1499938964844,0.0,-0.0,291.1961669921875,0.0,0.0,0.0004722031590063,291.2164306640625,294.1499938964844,286.95001220703125,284.3306884765625,289.59698486328125,287.19781494140625,291.0690612792969,0.0,0.0,0.0,0.0,1.0,1.0,-0.0010074245510622,6.7322400987279715e-09,0.0010074177989736,-0.0166894681751728,0.0,0.0,0.0,-0.0081502767279744,60.0,-2.825057029724121,-0.0,-6.919655959336525e-08,0.0,283.1443786621094,288.5085144042969,285.35308837890625,285.36309814453125,293.1499938964844,293.1499938964844,278.1499938964844,0.0,18000.0,313.1499938964844,0.0,18000.0,0.0,0.0,0.0,0.0,0.0,0.0,0.0,0.0,0.0,-0.0,-0.0,-0.0,-6.544322618950674e-21,-3.272161309475337e-21,-3.272161107526945e-21,0.0,0.0,-0.0,0.0,0.0,0.0,-0.0,0.0,0.0,0.0,0.0,0.0,4.0,0.0,0.0
11994000,297.8846130371094,303.1499938964844,285.1499938964844,0.0,-0.0,291.196044921875,0.0,0.0,9.453127131564544e-05,298.14990234375,303.1499938964844,285.1499938964844,0.0,-0.0,291.2001647949219,0.0,0.0,9.95465597952716e-05,298.6502685546875,303.1499938964844,285.1499938964844,0.0,-0.0,291.2012634277344,0.0,0.0,7.352501415880397e-05,297.85223388671875,303.1499938964844,285.1499938964844,0.0,-0.0,291.1986083984375,0.0,0.0,9.954627603292464e-05,298.03143310546875,303.1499938964844,285.1499938964844,0.0,-0.0,291.1961669921875,0.0,0.0,0.0004722031590063,291.2164306640625,294.1499938964844,286.95001220703125,284.3306884765625,289.59698486328125,287.19781494140625,291.0690612792969,0.0,0.0,0.0,0.0,1.0,1.0,-0.0010074245510622,6.7322400987279715e-09,0.0010074177989736,-0.0166894681751728,0.0,0.0,0.0,-0.0081502767279744,60.0,-2.825057029724121,-0.0,-6.919655959336525e-08,0.0,283.1443786621094,288.5085144042969,285.35308837890625,285.36309814453125,293.1499938964844,293.1499938964844,278.1499938964844,0.0,18000.0,313.1499938964844,0.0,18000.0,0.0,0.0,0.0,0.0,0.0,0.0,0.0,0.0,0.0,-0.0,-0.0,-0.0,-6.544322618950674e-21,-3.272161309475337e-21,-3.272161107526945e-21,0.0,0.0,-0.0,0.0,0.0,0.0,-0.0,0.0,0.0,0.0,0.0,0.0,4.0,0.0,0.0
11994060,297.88623046875,303.1499938964844,285.1499938964844,0.0,-0.0,291.1961364746094,0.0,0.0,9.450223296880722e-05,298.1498413085937,303.1499938964844,285.1499938964844,0.0,-0.0,291.2001953125,0.0,0.0,9.951597166946158e-05,298.6498718261719,303.1499938964844,285.1499938964844,0.0,-0.0,291.2012939453125,0.0,0.0,7.350241503445432e-05,297.8536682128906,303.1499938964844,285.1499938964844,0.0,-0.0,291.1986694335937,0.0,0.0,9.951568790711462e-05,298.0337219238281,303.1499938964844,285.1499938964844,0.0,-0.0,291.1962280273437,0.0,0.0,0.0004720580764114,291.2161865234375,294.1499938964844,286.89068603515625,284.29345703125,289.5492248535156,287.1298217773437,291.0672912597656,0.0,0.0,0.0,0.0,1.0,1.0,-0.0010071125579997,6.695747956086961e-09,0.0010071058059111,-0.0165938809514045,0.0,0.0,0.0,-0.0081321857869625,60.0,-2.864462375640869,-0.0,-6.91536996555442e-08,0.0,283.1443786621094,288.5085144042969,285.35308837890625,285.36309814453125,293.1499938964844,293.1499938964844,278.1499938964844,0.0,18000.0,313.1499938964844,0.0,18000.0,0.0,0.0,0.0,0.0,0.0,0.0,0.0,0.0,0.0,-0.0,-0.0,-0.0,-6.544322618950674e-21,-3.272161309475337e-21,-3.272161107526945e-21,0.0,0.0,-0.0,0.0,0.0,0.0,-0.0,0.0,0.0,0.0,0.0,0.0,4.0,0.0,0.0
11994120,297.88623046875,303.1499938964844,285.1499938964844,0.0,-0.0,291.1961364746094,0.0,0.0,9.450223296880722e-05,298.1498413085937,303.1499938964844,285.1499938964844,0.0,-0.0,291.2001953125,0.0,0.0,9.951597166946158e-05,298.6498718261719,303.1499938964844,285.1499938964844,0.0,-0.0,291.2012939453125,0.0,0.0,7.350241503445432e-05,297.8536682128906,303.1499938964844,285.1499938964844,0.0,-0.0,291.1986694335937,0.0,0.0,9.951568790711462e-05,298.0337219238281,303.1499938964844,285.1499938964844,0.0,-0.0,291.1962280273437,0.0,0.0,0.0004720580764114,291.2161865234375,294.1499938964844,286.89068603515625,284.29345703125,289.5492248535156,287.1298217773437,291.0672912597656,0.0,0.0,0.0,0.0,1.0,1.0,-0.0010071125579997,6.695747956086961e-09,0.0010071058059111,-0.0165938809514045,0.0,0.0,0.0,-0.0081321857869625,60.0,-2.864462375640869,-0.0,-6.91536996555442e-08,0.0,283.1443786621094,288.5085144042969,285.35308837890625,285.36309814453125,293.1499938964844,293.1499938964844,278.1499938964844,0.0,18000.0,313.1499938964844,0.0,18000.0,0.0,0.0,0.0,0.0,0.0,0.0,0.0,0.0,0.0,-0.0,-0.0,-0.0,-6.544322618950674e-21,-3.272161309475337e-21,-3.272161107526945e-21,0.0,0.0,-0.0,0.0,0.0,0.0,-0.0,0.0,0.0,0.0,0.0,0.0,4.0,0.0,0.0
11994180,297.88739013671875,303.1499938964844,285.1499938964844,0.0,-0.0,291.1961975097656,0.0,0.0,9.447171032661572e-05,298.1492919921875,303.1499938964844,285.1499938964844,0.0,-0.0,291.2001953125,0.0,0.0,9.94838192127645e-05,298.6490173339844,303.1499938964844,285.1499938964844,0.0,-0.0,291.2012939453125,0.0,0.0,7.347867358475924e-05,297.85467529296875,303.1499938964844,285.1499938964844,0.0,-0.0,291.1986999511719,0.0,0.0,9.948354272637516e-05,298.0354919433594,303.1499938964844,285.1499938964844,0.0,-0.0,291.1962890625,0.0,0.0,0.0004719056014437,291.2159118652344,294.1499938964844,286.8329467773437,284.257568359375,289.50128173828125,287.0644836425781,291.0655212402344,0.0,0.0,0.0,0.0,1.0,1.0,-0.0010067847324535,6.6574186163848034e-09,0.0010067780967801,-0.0164934806525707,0.0,0.0,0.0,-0.0081131849437952,60.0,-2.902806043624878,-0.0,-6.91086867732338e-08,0.0,283.1443786621094,288.5085144042969,285.35308837890625,285.36309814453125,293.1499938964844,293.1499938964844,278.1499938964844,0.0,18000.0,313.1499938964844,0.0,18000.0,0.0,0.0,0.0,0.0,0.0,0.0,0.0,0.0,0.0,-0.0,-0.0,-0.0,-6.544322618950674e-21,-3.272161309475337e-21,-3.272161107526945e-21,0.0,0.0,-0.0,0.0,0.0,0.0,-0.0,0.0,0.0,0.0,0.0,0.0,4.0,0.0,0.0
11994240,297.88739013671875,303.1499938964844,285.1499938964844,0.0,-0.0,291.1961975097656,0.0,0.0,9.447171032661572e-05,298.1492919921875,303.1499938964844,285.1499938964844,0.0,-0.0,291.2001953125,0.0,0.0,9.94838192127645e-05,298.6490173339844,303.1499938964844,285.1499938964844,0.0,-0.0,291.2012939453125,0.0,0.0,7.347867358475924e-05,297.85467529296875,303.1499938964844,285.1499938964844,0.0,-0.0,291.1986999511719,0.0,0.0,9.948354272637516e-05,298.0354919433594,303.1499938964844,285.1499938964844,0.0,-0.0,291.1962890625,0.0,0.0,0.0004719056014437,291.2159118652344,294.1499938964844,286.8329467773437,284.257568359375,289.50128173828125,287.0644836425781,291.0655212402344,0.0,0.0,0.0,0.0,1.0,1.0,-0.0010067847324535,6.6574186163848034e-09,0.0010067780967801,-0.0164934806525707,0.0,0.0,0.0,-0.0081131849437952,60.0,-2.902806043624878,-0.0,-6.91086867732338e-08,0.0,283.1443786621094,288.5085144042969,285.35308837890625,285.36309814453125,293.1499938964844,293.1499938964844,278.1499938964844,0.0,18000.0,313.1499938964844,0.0,18000.0,0.0,0.0,0.0,0.0,0.0,0.0,0.0,0.0,0.0,-0.0,-0.0,-0.0,-6.544322618950674e-21,-3.272161309475337e-21,-3.272161107526945e-21,0.0,0.0,-0.0,0.0,0.0,0.0,-0.0,0.0,0.0,0.0,0.0,0.0,4.0,0.0,0.0
11994300,297.8878479003906,303.1499938964844,285.1499938964844,0.0,-0.0,291.1961975097656,0.0,0.0,9.445593605050816e-05,298.1488952636719,303.1499938964844,285.1499938964844,0.0,-0.0,291.2001953125,0.0,0.0,9.946720820153132e-05,298.6484680175781,303.1499938964844,285.1499938964844,0.0,-0.0,291.2012634277344,0.0,0.0,7.346639904426411e-05,297.85504150390625,303.1499938964844,285.1499938964844,0.0,-0.0,291.1986999511719,0.0,0.0,9.946693171514198e-05,298.0362243652344,303.1499938964844,285.1499938964844,0.0,-0.0,291.1963195800781,0.0,0.0,0.0004718268173746,291.2157592773437,294.1499938964844,286.8046875,284.2401733398437,289.4772644042969,287.0327453613281,291.0646057128906,0.0,0.0,0.0,0.0,1.0,1.0,-0.0010066153481602,6.637618010785218e-09,0.0010066087124869,-0.0164416134357452,0.0,0.0,0.0,-0.0081033678725361,60.0,-2.921536684036255,-0.0,-6.908544492034707e-08,0.0,283.1443786621094,288.5085144042969,285.35308837890625,285.36309814453125,293.1499938964844,293.1499938964844,278.1499938964844,0.0,18000.0,313.1499938964844,0.0,18000.0,0.0,0.0,0.0,0.0,0.0,0.0,0.0,0.0,0.0,0.0,0.0,0.0,-6.544322618950674e-21,-3.272161309475337e-21,-3.272161107526945e-21,0.0,0.0,-0.0,0.0,0.0,0.0,-0.0,0.0,0.0,0.0,0.0,0.0,4.0,0.0,0.0
11994360,297.8880615234375,303.1499938964844,285.1499938964844,0.0,-0.0,291.1962280273437,0.0,0.0,9.443985618418084e-05,298.1484069824219,303.1499938964844,285.1499938964844,0.0,-0.0,291.2001953125,0.0,0.0,9.945027704816312e-05,298.6477966308594,303.1499938964844,285.1499938964844,0.0,-0.0,291.2012634277344,0.0,0.0,7.345389167312533e-05,297.8553161621094,303.1499938964844,285.1499938964844,0.0,-0.0,291.1986999511719,0.0,0.0,9.945000056177378e-05,298.036865234375,303.1499938964844,285.1499938964844,0.0,-0.0,291.1963195800781,0.0,0.0,0.0004717465199064,291.2156066894531,294.1499938964844,286.7768859863281,284.2231750488281,289.4532165527344,287.0015869140625,291.063720703125,0.0,0.0,0.0,0.0,1.0,1.0,-0.0010064428206533,6.617435932554372e-09,0.0010064361849799,-0.0163887478411197,0.0,0.0,0.0,-0.0080933636054396,60.0,-2.939951181411743,-0.0,-6.906175542553683e-08,0.0,283.1443786621094,288.5085144042969,285.35308837890625,285.36309814453125,293.1499938964844,293.1499938964844,278.1499938964844,0.0,18000.0,313.1499938964844,0.0,18000.0,0.0,0.0,0.0,0.0,0.0,0.0,0.0,0.0,0.0,-0.0,-0.0,-0.0,-6.544322618950674e-21,-3.272161309475337e-21,-3.272161107526945e-21,0.0,0.0,-0.0,0.0,0.0,0.0,-0.0,0.0,0.0,0.0,0.0,0.0,4.0,0.0,0.0
11994420,297.8880615234375,303.1499938964844,285.1499938964844,0.0,-0.0,291.1962280273437,0.0,0.0,9.440691792406142e-05,298.1471862792969,303.1499938964844,285.1499938964844,0.0,-0.0,291.2001342773437,0.0,0.0,9.941557800630108e-05,298.6463317871094,303.1499938964844,285.1499938964844,0.0,-0.0,291.2012023925781,0.0,0.0,7.342825847445056e-05,297.85565185546875,303.1499938964844,285.1499938964844,0.0,-0.0,291.1986694335937,0.0,0.0,9.941530879586936e-05,298.0379638671875,303.1499938964844,285.1499938964844,0.0,-0.0,291.1963195800781,0.0,0.0,0.000471581966849,291.2152709960937,294.1499938964844,286.7228088378906,284.1905212402344,289.405029296875,286.94091796875,291.0618896484375,0.0,0.0,0.0,0.0,1.0,1.0,-0.0010060892673209,6.576098776633898e-09,0.0010060827480629,-0.0162804685533046,0.0,0.0,0.0,-0.0080728707835078,60.0,-2.975766897201538,-0.0,-6.90132466729665e-08,0.0,283.1443786621094,288.5085144042969,285.35308837890625,285.36309814453125,293.1499938964844,293.1499938964844,278.1499938964844,0.0,18000.0,313.1499938964844,0.0,18000.0,0.0,0.0,0.0,0.0,0.0,0.0,0.0,0.0,0.0,-0.0,-0.0,-0.0,-6.544322618950674e-21,-3.272161309475337e-21,-3.272161107526945e-21,0.0,0.0,-0.0,0.0,0.0,0.0,-0.0,0.0,0.0,0.0,0.0,0.0,4.0,0.0,0.0
11994480,297.8880615234375,303.1499938964844,285.1499938964844,0.0,-0.0,291.1962280273437,0.0,0.0,9.440691792406142e-05,298.1471862792969,303.1499938964844,285.1499938964844,0.0,-0.0,291.2001342773437,0.0,0.0,9.941557800630108e-05,298.6463317871094,303.1499938964844,285.1499938964844,0.0,-0.0,291.2012023925781,0.0,0.0,7.342825847445056e-05,297.85565185546875,303.1499938964844,285.1499938964844,0.0,-0.0,291.1986694335937,0.0,0.0,9.941530879586936e-05,298.0379638671875,303.1499938964844,285.1499938964844,0.0,-0.0,291.1963195800781,0.0,0.0,0.000471581966849,291.2152709960937,294.1499938964844,286.7228088378906,284.1905212402344,289.405029296875,286.94091796875,291.0618896484375,0.0,0.0,0.0,0.0,1.0,1.0,-0.0010060892673209,6.576098776633898e-09,0.0010060827480629,-0.0162804685533046,0.0,0.0,0.0,-0.0080728707835078,60.0,-2.975766897201538,-0.0,-6.90132466729665e-08,0.0,283.1443786621094,288.5085144042969,285.35308837890625,285.36309814453125,293.1499938964844,293.1499938964844,278.1499938964844,0.0,18000.0,313.1499938964844,0.0,18000.0,0.0,0.0,0.0,0.0,0.0,0.0,0.0,0.0,0.0,-0.0,-0.0,-0.0,-6.544322618950674e-21,-3.272161309475337e-21,-3.272161107526945e-21,0.0,0.0,-0.0,0.0,0.0,0.0,-0.0,0.0,0.0,0.0,0.0,0.0,4.0,0.0,0.0
11994540,297.8875732421875,303.1499938964844,285.1499938964844,0.0,-0.0,291.1961975097656,0.0,0.0,9.43732084124349e-05,298.1457214355469,303.1499938964844,285.1499938964844,0.0,-0.0,291.2000732421875,0.0,0.0,9.938007133314386e-05,298.6446228027344,303.1499938964844,285.1499938964844,0.0,-0.0,291.2011108398437,0.0,0.0,7.340202864725143e-05,297.8557434082031,303.1499938964844,285.1499938964844,0.0,-0.0,291.1986083984375,0.0,0.0,9.937980212271214e-05,298.038818359375,303.1499938964844,285.1499938964844,0.0,-0.0,291.1962890625,0.0,0.0,0.000471413572086,291.21490478515625,294.1499938964844,286.6708374023437,284.15972900390625,289.3567810058594,286.8824768066406,291.06005859375,0.0,0.0,0.0,0.0,1.0,1.0,-0.001005727564916,6.533804164376988e-09,0.0010057210456579,-0.0161696802824735,0.0,0.0,0.0,-0.0080519029870629,60.0,-3.010122060775757,-0.0,-6.896362947372836e-08,0.0,283.1443786621094,288.5085144042969,285.35308837890625,285.36309814453125,293.1499938964844,293.1499938964844,278.1499938964844,0.0,18000.0,313.1499938964844,0.0,18000.0,0.0,0.0,0.0,0.0,0.0,0.0,0.0,0.0,0.0,-0.0,-0.0,-0.0,-6.544322618950674e-21,-3.272161309475337e-21,-3.272161107526945e-21,0.0,0.0,-0.0,0.0,0.0,0.0,-0.0,0.0,0.0,0.0,0.0,0.0,4.0,0.0,0.0
11994600,297.8875732421875,303.1499938964844,285.1499938964844,0.0,-0.0,291.1961975097656,0.0,0.0,9.43732084124349e-05,298.1457214355469,303.1499938964844,285.1499938964844,0.0,-0.0,291.2000732421875,0.0,0.0,9.938007133314386e-05,298.6446228027344,303.1499938964844,285.1499938964844,0.0,-0.0,291.2011108398437,0.0,0.0,7.340202864725143e-05,297.8557434082031,303.1499938964844,285.1499938964844,0.0,-0.0,291.1986083984375,0.0,0.0,9.937980212271214e-05,298.038818359375,303.1499938964844,285.1499938964844,0.0,-0.0,291.1962890625,0.0,0.0,0.000471413572086,291.21490478515625,294.1499938964844,286.6708374023437,284.15972900390625,289.3567810058594,286.8824768066406,291.06005859375,0.0,0.0,0.0,0.0,1.0,1.0,-0.001005727564916,6.533804164376988e-09,0.0010057210456579,-0.0161696802824735,0.0,0.0,0.0,-0.0080519029870629,60.0,-3.010122060775757,-0.0,-6.896362947372836e-08,0.0,283.1443786621094,288.5085144042969,285.35308837890625,285.36309814453125,293.1499938964844,293.1499938964844,278.1499938964844,0.0,18000.0,313.1499938964844,0.0,18000.0,0.0,0.0,0.0,0.0,0.0,0.0,0.0,0.0,0.0,-0.0,-0.0,-0.0,-6.544322618950674e-21,-3.272161309475337e-21,-3.272161107526945e-21,0.0,0.0,-0.0,0.0,0.0,0.0,-0.0,0.0,0.0,0.0,0.0,0.0,4.0,0.0,0.0
11994660,297.88677978515625,303.1499938964844,285.1499938964844,0.0,-0.0,291.1961669921875,0.0,0.0,9.433910599909724e-05,298.14404296875,303.1499938964844,285.1499938964844,0.0,-0.0,291.1999816894531,0.0,0.0,9.934414993040264e-05,298.6427307128906,303.1499938964844,285.1499938964844,0.0,-0.0,291.2010192871094,0.0,0.0,7.337550050579011e-05,297.8556213378906,303.1499938964844,285.1499938964844,0.0,-0.0,291.19854736328125,0.0,0.0,9.934388799592853e-05,298.0394287109375,303.1499938964844,285.1499938964844,0.0,-0.0,291.1962585449219,0.0,0.0,0.0004712432273663,291.2145080566406,294.1499938964844,286.6211853027344,284.1309814453125,289.3084716796875,286.82623291015625,291.0582275390625,0.0,0.0,0.0,0.0,1.0,1.0,-0.0010053617879748,6.49102993577344e-09,0.0010053552687168,-0.0160576347261667,0.0,0.0,0.0,-0.008030698634684,60.0,-3.042890787124634,-0.0,-6.891347226201108e-08,0.0,283.1443786621094,288.5085144042969,285.35308837890625,285.36309814453125,293.1499938964844,293.1499938964844,278.1499938964844,0.0,18000.0,313.1499938964844,0.0,18000.0,0.0,0.0,0.0,0.0,0.0,0.0,0.0,0.0,0.0,-0.0,-0.0,-0.0,-6.544322618950674e-21,-3.272161309475337e-21,-3.272161107526945e-21,0.0,0.0,-0.0,0.0,0.0,0.0,-0.0,0.0,0.0,0.0,0.0,0.0,4.0,0.0,0.0
11994720,297.88677978515625,303.1499938964844,285.1499938964844,0.0,-0.0,291.1961669921875,0.0,0.0,9.433910599909724e-05,298.14404296875,303.1499938964844,285.1499938964844,0.0,-0.0,291.1999816894531,0.0,0.0,9.934414993040264e-05,298.6427307128906,303.1499938964844,285.1499938964844,0.0,-0.0,291.2010192871094,0.0,0.0,7.337550050579011e-05,297.8556213378906,303.1499938964844,285.1499938964844,0.0,-0.0,291.19854736328125,0.0,0.0,9.934388799592853e-05,298.0394287109375,303.1499938964844,285.1499938964844,0.0,-0.0,291.1962585449219,0.0,0.0,0.0004712432273663,291.2145080566406,294.1499938964844,286.6211853027344,284.1309814453125,289.3084716796875,286.82623291015625,291.0582275390625,0.0,0.0,0.0,0.0,1.0,1.0,-0.0010053617879748,6.49102993577344e-09,0.0010053552687168,-0.0160576347261667,0.0,0.0,0.0,-0.008030698634684,60.0,-3.042890787124634,-0.0,-6.891347226201108e-08,0.0,283.1443786621094,288.5085144042969,285.35308837890625,285.36309814453125,293.1499938964844,293.1499938964844,278.1499938964844,0.0,18000.0,313.1499938964844,0.0,18000.0,0.0,0.0,0.0,0.0,0.0,0.0,0.0,0.0,0.0,-0.0,-0.0,-0.0,-6.544322618950674e-21,-3.272161309475337e-21,-3.272161107526945e-21,0.0,0.0,-0.0,0.0,0.0,0.0,-0.0,0.0,0.0,0.0,0.0,0.0,4.0,0.0,0.0
11994780,297.8857421875,303.1499938964844,285.1499938964844,0.0,-0.0,291.19610595703125,0.0,0.0,9.430504724150524e-05,298.1421813964844,303.1499938964844,285.1499938964844,0.0,-0.0,291.1998596191406,0.0,0.0,9.930828673532233e-05,298.6406555175781,303.1499938964844,285.1499938964844,0.0,-0.0,291.20086669921875,0.0,0.0,7.334900146815926e-05,297.8553161621094,303.1499938964844,285.1499938964844,0.0,-0.0,291.1984558105469,0.0,0.0,9.930802480084822e-05,298.0398864746094,303.1499938964844,285.1499938964844,0.0,-0.0,291.1961975097656,0.0,0.0,0.0004710731154773,291.2140808105469,294.1499938964844,286.5740966796875,284.10455322265625,289.2602233886719,286.772216796875,291.0563659667969,0.0,0.0,0.0,0.0,1.0,1.0,-0.0010049964766949,6.4483161033024325e-09,0.0010049900738522,-0.0159457474946975,0.0,0.0,0.0,-0.008009523153305,60.0,-3.0739493370056152,-0.0,-6.88634074208494e-08,0.0,283.1443786621094,288.5085144042969,285.35308837890625,285.36309814453125,293.1499938964844,293.1499938964844,278.1499938964844,0.0,18000.0,313.1499938964844,0.0,18000.0,0.0,0.0,0.0,0.0,0.0,0.0,0.0,0.0,0.0,-0.0,-0.0,-0.0,-6.544322618950674e-21,-3.272161309475337e-21,-3.272161107526945e-21,0.0,0.0,-0.0,0.0,0.0,0.0,-0.0,0.0,0.0,0.0,0.0,0.0,4.0,0.0,0.0
11994840,297.8857421875,303.1499938964844,285.1499938964844,0.0,-0.0,291.19610595703125,0.0,0.0,9.430504724150524e-05,298.1421813964844,303.1499938964844,285.1499938964844,0.0,-0.0,291.1998596191406,0.0,0.0,9.930828673532233e-05,298.6406555175781,303.1499938964844,285.1499938964844,0.0,-0.0,291.20086669921875,0.0,0.0,7.334900146815926e-05,297.8553161621094,303.1499938964844,285.1499938964844,0.0,-0.0,291.1984558105469,0.0,0.0,9.930802480084822e-05,298.0398864746094,303.1499938964844,285.1499938964844,0.0,-0.0,291.1961975097656,0.0,0.0,0.0004710731154773,291.2140808105469,294.1499938964844,286.5740966796875,284.10455322265625,289.2602233886719,286.772216796875,291.0563659667969,0.0,0.0,0.0,0.0,1.0,1.0,-0.0010049964766949,6.4483161033024325e-09,0.0010049900738522,-0.0159457474946975,0.0,0.0,0.0,-0.008009523153305,60.0,-3.0739493370056152,-0.0,-6.88634074208494e-08,0.0,283.1443786621094,288.5085144042969,285.35308837890625,285.36309814453125,293.1499938964844,293.1499938964844,278.1499938964844,0.0,18000.0,313.1499938964844,0.0,18000.0,0.0,0.0,0.0,0.0,0.0,0.0,0.0,0.0,0.0,-0.0,-0.0,-0.0,-6.544322618950674e-21,-3.272161309475337e-21,-3.272161107526945e-21,0.0,0.0,-0.0,0.0,0.0,0.0,-0.0,0.0,0.0,0.0,0.0,0.0,4.0,0.0,0.0
11994900,297.8851623535156,303.1499938964844,285.1499938964844,0.0,-0.0,291.196044921875,0.0,0.0,9.428818157175556e-05,298.1412048339844,303.1499938964844,285.1499938964844,0.0,-0.0,291.1997985839844,0.0,0.0,9.929051884682848e-05,298.6395568847656,303.1499938964844,285.1499938964844,0.0,-0.0,291.2008056640625,0.0,0.0,7.333588291658089e-05,297.8551025390625,303.1499938964844,285.1499938964844,0.0,-0.0,291.1983947753906,0.0,0.0,9.9290264188312e-05,298.0400390625,303.1499938964844,285.1499938964844,0.0,-0.0,291.1961364746094,0.0,0.0,0.0004709888598881,291.2138366699219,294.1499938964844,286.55157470703125,284.0922241210937,289.236083984375,286.7460632324219,291.055419921875,0.0,0.0,0.0,0.0,1.0,1.0,-0.0010048155672848,6.427164134237273e-09,0.0010048091644421,-0.0158903393894433,0.0,0.0,0.0,-0.0079990373924374,60.0,-3.088797807693481,-0.0,-6.883861658479874e-08,0.0,283.1443786621094,288.5085144042969,285.35308837890625,285.36309814453125,293.1499938964844,293.1499938964844,278.1499938964844,0.0,18000.0,313.1499938964844,0.0,18000.0,0.0,0.0,0.0,0.0,0.0,0.0,0.0,0.0,0.0,0.0,0.0,0.0,-6.544322618950674e-21,-3.272161309475337e-21,-3.272161107526945e-21,0.0,0.0,-0.0,0.0,0.0,0.0,-0.0,0.0,0.0,0.0,0.0,0.0,4.0,0.0,0.0
11994960,297.884521484375,303.1499938964844,285.1499938964844,0.0,-0.0,291.19598388671875,0.0,0.0,9.427151235286146e-05,298.14019775390625,303.1499938964844,285.1499938964844,0.0,-0.0,291.1997375488281,0.0,0.0,9.927296196110548e-05,298.6384582519531,303.1499938964844,285.1499938964844,0.0,-0.0,291.2007141113281,0.0,0.0,7.33229098841548e-05,297.8548278808594,303.1499938964844,285.1499938964844,0.0,-0.0,291.1983337402344,0.0,0.0,9.927270730258896e-05,298.0401611328125,303.1499938964844,285.1499938964844,0.0,-0.0,291.19610595703125,0.0,0.0,0.0004709055938292,291.213623046875,294.1499938964844,286.5297241210937,284.0805358886719,289.2120056152344,286.7204895019531,291.0544738769531,0.0,0.0,0.0,0.0,1.0,1.0,-0.0010046367533504,6.406250641077804e-09,0.0010046303505077,-0.0158355571329593,0.0,0.0,0.0,-0.0079886699095368,60.0,-3.1031739711761475,-0.0,-6.881410996584236e-08,0.0,283.1443786621094,288.5085144042969,285.35308837890625,285.36309814453125,293.1499938964844,293.1499938964844,278.1499938964844,0.0,18000.0,313.1499938964844,0.0,18000.0,0.0,0.0,0.0,0.0,0.0,0.0,0.0,0.0,0.0,-0.0,-0.0,-0.0,-6.544322618950674e-21,-3.272161309475337e-21,-3.272161107526945e-21,0.0,0.0,-0.0,0.0,0.0,0.0,-0.0,0.0,0.0,0.0,0.0,0.0,4.0,0.0,0.0
11995020,297.88311767578125,303.1499938964844,285.1499938964844,0.0,-0.0,291.1958923339844,0.0,0.0,9.423898882232606e-05,298.1380615234375,303.1499938964844,285.1499938964844,0.0,-0.0,291.1995544433594,0.0,0.0,9.923870675265788e-05,298.6361389160156,303.1499938964844,285.1499938964844,0.0,-0.0,291.2005615234375,0.0,0.0,7.329760410357267e-05,297.85418701171875,303.1499938964844,285.1499938964844,0.0,-0.0,291.1981811523437,0.0,0.0,9.92384520941414e-05,298.0403137207031,303.1499938964844,285.1499938964844,0.0,-0.0,291.19598388671875,0.0,0.0,0.0004707431362476,291.213134765625,294.1499938964844,286.4883117675781,284.0591735839844,289.1639099121094,286.671142578125,291.0525817871094,0.0,0.0,0.0,0.0,1.0,1.0,-0.0010042878566309,6.365453941725718e-09,0.0010042814537882,-0.0157286897301673,0.0,0.0,0.0,-0.0079684443771839,60.0,-3.130451202392578,-0.0,-6.87663259668625e-08,0.0,283.1443786621094,288.5085144042969,285.35308837890625,285.36309814453125,293.1499938964844,293.1499938964844,278.1499938964844,0.0,18000.0,313.1499938964844,0.0,18000.0,0.0,0.0,0.0,0.0,0.0,0.0,0.0,0.0,0.0,-0.0,-0.0,-0.0,-6.544322618950674e-21,-3.272161309475337e-21,-3.272161107526945e-21,0.0,0.0,-0.0,0.0,0.0,0.0,-0.0,0.0,0.0,0.0,0.0,0.0,4.0,0.0,0.0
11995080,297.88311767578125,303.1499938964844,285.1499938964844,0.0,-0.0,291.1958923339844,0.0,0.0,9.423898882232606e-05,298.1380615234375,303.1499938964844,285.1499938964844,0.0,-0.0,291.1995544433594,0.0,0.0,9.923870675265788e-05,298.6361389160156,303.1499938964844,285.1499938964844,0.0,-0.0,291.2005615234375,0.0,0.0,7.329760410357267e-05,297.85418701171875,303.1499938964844,285.1499938964844,0.0,-0.0,291.1981811523437,0.0,0.0,9.92384520941414e-05,298.0403137207031,303.1499938964844,285.1499938964844,0.0,-0.0,291.19598388671875,0.0,0.0,0.0004707431362476,291.213134765625,294.1499938964844,286.4883117675781,284.0591735839844,289.1639099121094,286.671142578125,291.0525817871094,0.0,0.0,0.0,0.0,1.0,1.0,-0.0010042878566309,6.365453941725718e-09,0.0010042814537882,-0.0157286897301673,0.0,0.0,0.0,-0.0079684443771839,60.0,-3.130451202392578,-0.0,-6.87663259668625e-08,0.0,283.1443786621094,288.5085144042969,285.35308837890625,285.36309814453125,293.1499938964844,293.1499938964844,278.1499938964844,0.0,18000.0,313.1499938964844,0.0,18000.0,0.0,0.0,0.0,0.0,0.0,0.0,0.0,0.0,0.0,-0.0,-0.0,-0.0,-6.544322618950674e-21,-3.272161309475337e-21,-3.272161107526945e-21,0.0,0.0,-0.0,0.0,0.0,0.0,-0.0,0.0,0.0,0.0,0.0,0.0,4.0,0.0,0.0
11995140,297.881591796875,303.1499938964844,285.1499938964844,0.0,-0.0,291.1957397460937,0.0,0.0,9.420801507076249e-05,298.1358337402344,303.1499938964844,285.1499938964844,0.0,-0.0,291.1993713378906,0.0,0.0,9.92060886346735e-05,298.6337280273437,303.1499938964844,285.1499938964844,0.0,-0.0,291.2003479003906,0.0,0.0,7.327350613195449e-05,297.8534240722656,303.1499938964844,285.1499938964844,0.0,-0.0,291.197998046875,0.0,0.0,9.9205833976157e-05,298.04034423828125,303.1499938964844,285.1499938964844,0.0,-0.0,291.1958312988281,0.0,0.0,0.0004705884202849,291.212646484375,294.1499938964844,286.45001220703125,284.0406494140625,289.115966796875,286.62432861328125,291.0506591796875,0.0,0.0,0.0,0.0,1.0,1.0,-0.0010039554908871,6.326594803596208e-09,0.0010039492044597,-0.015626898035407,0.0,0.0,0.0,-0.0079491809010505,60.0,-3.155668973922729,-0.0,-6.872082281006442e-08,0.0,283.1443786621094,288.5085144042969,285.35308837890625,285.36309814453125,293.1499938964844,293.1499938964844,278.1499938964844,0.0,18000.0,313.1499938964844,0.0,18000.0,0.0,0.0,0.0,0.0,0.0,0.0,0.0,0.0,0.0,-0.0,-0.0,-0.0,-6.544322618950674e-21,-3.272161309475337e-21,-3.272161107526945e-21,0.0,0.0,-0.0,0.0,0.0,0.0,-0.0,0.0,0.0,0.0,0.0,0.0,4.0,0.0,0.0
11995200,297.881591796875,303.1499938964844,285.1499938964844,0.0,-0.0,291.1957397460937,0.0,0.0,9.420801507076249e-05,298.1358337402344,303.1499938964844,285.1499938964844,0.0,-0.0,291.1993713378906,0.0,0.0,9.92060886346735e-05,298.6337280273437,303.1499938964844,285.1499938964844,0.0,-0.0,291.2003479003906,0.0,0.0,7.327350613195449e-05,297.8534240722656,303.1499938964844,285.1499938964844,0.0,-0.0,291.197998046875,0.0,0.0,9.9205833976157e-05,298.04034423828125,303.1499938964844,285.1499938964844,0.0,-0.0,291.1958312988281,0.0,0.0,0.0004705884202849,291.212646484375,294.1499938964844,286.45001220703125,284.0406494140625,289.115966796875,286.62432861328125,291.0506591796875,0.0,0.0,0.0,0.0,1.0,1.0,-0.0010039554908871,6.326594803596208e-09,0.0010039492044597,-0.015626898035407,0.0,0.0,0.0,-0.0079491809010505,60.0,-3.155668973922729,-0.0,-6.872082281006442e-08,0.0,283.1443786621094,288.5085144042969,285.35308837890625,285.36309814453125,293.1499938964844,293.1499938964844,278.1499938964844,0.0,18000.0,313.1499938964844,0.0,18000.0,0.0,0.0,0.0,0.0,0.0,0.0,0.0,0.0,0.0,-0.0,-0.0,-0.0,-6.544322618950674e-21,-3.272161309475337e-21,-3.272161107526945e-21,0.0,0.0,-0.0,0.0,0.0,0.0,-0.0,0.0,0.0,0.0,0.0,0.0,4.0,0.0,0.0
11995260,297.8798828125,303.1499938964844,285.1499938964844,0.0,-0.0,291.1955871582031,0.0,0.0,9.418019908480346e-05,298.1335144042969,303.1499938964844,285.1499938964844,0.0,-0.0,291.1991577148437,0.0,0.0,9.91767883533612e-05,298.6311950683594,303.1499938964844,285.1499938964844,0.0,-0.0,291.2001342773437,0.0,0.0,7.325186743400991e-05,297.8524780273437,303.1499938964844,285.1499938964844,0.0,-0.0,291.19781494140625,0.0,0.0,9.917654097080232e-05,298.0402526855469,303.1499938964844,285.1499938964844,0.0,-0.0,291.1956787109375,0.0,0.0,0.0004704494785983,291.21209716796875,294.1499938964844,286.413330078125,284.0235595703125,289.0682373046875,286.5799255371094,291.0487365722656,0.0,0.0,0.0,0.0,1.0,1.0,-0.0010036567691713,6.2916702958659715e-09,0.0010036504827439,-0.0155354123562574,0.0,0.0,0.0,-0.0079318666830658,60.0,-3.1791679859161377,-0.0,-6.867993818104878e-08,0.0,283.1443786621094,288.5085144042969,285.35308837890625,285.36309814453125,293.1499938964844,293.1499938964844,278.1499938964844,0.0,18000.0,313.1499938964844,0.0,18000.0,0.0,0.0,0.0,0.0,0.0,0.0,0.0,0.0,0.0,-0.0,-0.0,-0.0,-6.544322618950674e-21,-3.272161309475337e-21,-3.272161107526945e-21,0.0,0.0,-0.0,0.0,0.0,0.0,-0.0,0.0,0.0,0.0,0.0,0.0,4.0,0.0,0.0
11995320,297.8798828125,303.1499938964844,285.1499938964844,0.0,-0.0,291.1955871582031,0.0,0.0,9.418019908480346e-05,298.1335144042969,303.1499938964844,285.1499938964844,0.0,-0.0,291.1991577148437,0.0,0.0,9.91767883533612e-05,298.6311950683594,303.1499938964844,285.1499938964844,0.0,-0.0,291.2001342773437,0.0,0.0,7.325186743400991e-05,297.8524780273437,303.1499938964844,285.1499938964844,0.0,-0.0,291.19781494140625,0.0,0.0,9.917654097080232e-05,298.0402526855469,303.1499938964844,285.1499938964844,0.0,-0.0,291.1956787109375,0.0,0.0,0.0004704494785983,291.21209716796875,294.1499938964844,286.413330078125,284.0235595703125,289.0682373046875,286.5799255371094,291.0487365722656,0.0,0.0,0.0,0.0,1.0,1.0,-0.0010036567691713,6.2916702958659715e-09,0.0010036504827439,-0.0155354123562574,0.0,0.0,0.0,-0.0079318666830658,60.0,-3.1791679859161377,-0.0,-6.867993818104878e-08,0.0,283.1443786621094,288.5085144042969,285.35308837890625,285.36309814453125,293.1499938964844,293.1499938964844,278.1499938964844,0.0,18000.0,313.1499938964844,0.0,18000.0,0.0,0.0,0.0,0.0,0.0,0.0,0.0,0.0,0.0,-0.0,-0.0,-0.0,-6.544322618950674e-21,-3.272161309475337e-21,-3.272161107526945e-21,0.0,0.0,-0.0,0.0,0.0,0.0,-0.0,0.0,0.0,0.0,0.0,0.0,4.0,0.0,0.0
11995380,297.8779602050781,303.1499938964844,285.1499938964844,0.0,-0.0,291.1954040527344,0.0,0.0,9.415709064342082e-05,298.1311340332031,303.1499938964844,285.1499938964844,0.0,-0.0,291.1989440917969,0.0,0.0,9.915245027514176e-05,298.6286315917969,303.1499938964844,285.1499938964844,0.0,-0.0,291.19989013671875,0.0,0.0,7.323388854274526e-05,297.8513488769531,303.1499938964844,285.1499938964844,0.0,-0.0,291.1976013183594,0.0,0.0,9.915220289258286e-05,298.0400695800781,303.1499938964844,285.1499938964844,0.0,-0.0,291.19549560546875,0.0,0.0,0.0004703340528067,291.2115478515625,294.1499938964844,286.3766784667969,284.00640869140625,289.0207214355469,286.5375366210937,291.0467834472656,0.0,0.0,0.0,0.0,1.0,1.0,-0.0010034083388745,6.262617979757579e-09,0.0010034020524471,-0.0154593084007501,0.0,0.0,0.0,-0.007917464710772,60.0,-3.2022438049316406,-0.0,-6.864593871114266e-08,0.0,283.1443786621094,288.5085144042969,285.35308837890625,285.36309814453125,293.1499938964844,293.1499938964844,278.1499938964844,0.0,18000.0,313.1499938964844,0.0,18000.0,0.0,0.0,0.0,0.0,0.0,0.0,0.0,0.0,0.0,-0.0,-0.0,-0.0,-6.544322618950674e-21,-3.272161309475337e-21,-3.272161107526945e-21,0.0,0.0,-0.0,0.0,0.0,0.0,-0.0,0.0,0.0,0.0,0.0,0.0,4.0,0.0,0.0
11995440,297.8779602050781,303.1499938964844,285.1499938964844,0.0,-0.0,291.1954040527344,0.0,0.0,9.415709064342082e-05,298.1311340332031,303.1499938964844,285.1499938964844,0.0,-0.0,291.1989440917969,0.0,0.0,9.915245027514176e-05,298.6286315917969,303.1499938964844,285.1499938964844,0.0,-0.0,291.19989013671875,0.0,0.0,7.323388854274526e-05,297.8513488769531,303.1499938964844,285.1499938964844,0.0,-0.0,291.1976013183594,0.0,0.0,9.915220289258286e-05,298.0400695800781,303.1499938964844,285.1499938964844,0.0,-0.0,291.19549560546875,0.0,0.0,0.0004703340528067,291.2115478515625,294.1499938964844,286.3766784667969,284.00640869140625,289.0207214355469,286.5375366210937,291.0467834472656,0.0,0.0,0.0,0.0,1.0,1.0,-0.0010034083388745,6.262617979757579e-09,0.0010034020524471,-0.0154593084007501,0.0,0.0,0.0,-0.007917464710772,60.0,-3.2022438049316406,-0.0,-6.864593871114266e-08,0.0,283.1443786621094,288.5085144042969,285.35308837890625,285.36309814453125,293.1499938964844,293.1499938964844,278.1499938964844,0.0,18000.0,313.1499938964844,0.0,18000.0,0.0,0.0,0.0,0.0,0.0,0.0,0.0,0.0,0.0,-0.0,-0.0,-0.0,-6.544322618950674e-21,-3.272161309475337e-21,-3.272161107526945e-21,0.0,0.0,-0.0,0.0,0.0,0.0,-0.0,0.0,0.0,0.0,0.0,0.0,4.0,0.0,0.0
11995500,297.8769226074219,303.1499938964844,285.1499938964844,0.0,-0.0,291.1952819824219,0.0,0.0,9.414729720447212e-05,298.12994384765625,303.1499938964844,285.1499938964844,0.0,-0.0,291.1988220214844,0.0,0.0,9.914213296724483e-05,298.6272888183594,303.1499938964844,285.1499938964844,0.0,-0.0,291.19976806640625,0.0,0.0,7.32262633391656e-05,297.8507080078125,303.1499938964844,285.1499938964844,0.0,-0.0,291.1974792480469,0.0,0.0,9.914189286064357e-05,298.0399475097656,303.1499938964844,285.1499938964844,0.0,-0.0,291.19537353515625,0.0,0.0,0.0004702851292677,291.21124267578125,294.1499938964844,286.3583374023437,283.9978332519531,288.9970397949219,286.5169372558594,291.0457763671875,0.0,0.0,0.0,0.0,1.0,1.0,-0.001003302866593,6.2502851783108335e-09,0.0010032965801656,-0.0154270026832818,0.0,0.0,0.0,-0.0079113505780696,60.0,-3.213812351226806,-0.0,-6.863150758817937e-08,0.0,283.1443786621094,288.5085144042969,285.35308837890625,285.36309814453125,293.1499938964844,293.1499938964844,278.1499938964844,0.0,18000.0,313.1499938964844,0.0,18000.0,0.0,0.0,0.0,0.0,0.0,0.0,0.0,0.0,0.0,0.0,0.0,0.0,-6.544322618950674e-21,-3.272161309475337e-21,-3.272161107526945e-21,0.0,0.0,-0.0,0.0,0.0,0.0,-0.0,0.0,0.0,0.0,0.0,0.0,4.0,0.0,0.0
11995560,297.87579345703125,303.1499938964844,285.1499938964844,0.0,-0.0,291.1951904296875,0.0,0.0,9.413866064278408e-05,298.1286926269531,303.1499938964844,285.1499938964844,0.0,-0.0,291.1986694335937,0.0,0.0,9.913303074426948e-05,298.6259460449219,303.1499938964844,285.1499938964844,0.0,-0.0,291.1996154785156,0.0,0.0,7.321954763028771e-05,297.8500366210937,303.1499938964844,285.1499938964844,0.0,-0.0,291.1973571777344,0.0,0.0,9.913279063766822e-05,298.039794921875,303.1499938964844,285.1499938964844,0.0,-0.0,291.1952819824219,0.0,0.0,0.0004702419973909,291.2109680175781,294.1499938964844,286.3399963378906,283.9892272949219,288.9734191894531,286.4966735839844,291.0447998046875,0.0,0.0,0.0,0.0,1.0,1.0,-0.0010032097343355,6.239396554974519e-09,0.0010032034479081,-0.0153984790667891,0.0,0.0,0.0,-0.0079059526324272,60.0,-3.225413084030152,-0.0,-6.86187675569272e-08,0.0,283.1443786621094,288.5085144042969,285.35308837890625,285.36309814453125,293.1499938964844,293.1499938964844,278.1499938964844,0.0,18000.0,313.1499938964844,0.0,18000.0,0.0,0.0,0.0,0.0,0.0,0.0,0.0,0.0,0.0,-0.0,-0.0,-0.0,-6.544322618950674e-21,-3.272161309475337e-21,-3.272161107526945e-21,0.0,0.0,-0.0,0.0,0.0,0.0,-0.0,0.0,0.0,0.0,0.0,0.0,4.0,0.0,0.0
11995620,297.8733825683594,303.1499938964844,285.1499938964844,0.0,-0.0,291.1949462890625,0.0,0.0,9.412479266757146e-05,298.1261901855469,303.1499938964844,285.1499938964844,0.0,-0.0,291.19842529296875,0.0,0.0,9.91184206213802e-05,298.6231994628906,303.1499938964844,285.1499938964844,0.0,-0.0,291.1993408203125,0.0,0.0,7.320875010918826e-05,297.84844970703125,303.1499938964844,285.1499938964844,0.0,-0.0,291.1971130371094,0.0,0.0,9.911818051477894e-05,298.03936767578125,303.1499938964844,285.1499938964844,0.0,-0.0,291.1950378417969,0.0,0.0,0.0004701727011706,291.2103576660156,294.1499938964844,286.3033447265625,283.9720153808594,288.9263000488281,286.45684814453125,291.0428161621094,0.0,0.0,0.0,0.0,1.0,1.0,-0.0010030596749857,6.22185813980991e-09,0.0010030535049736,-0.0153525369241833,0.0,0.0,0.0,-0.0078972578048706,60.0,-3.2487144470214844,-0.0,-6.85982541881458e-08,0.0,283.1443786621094,288.5085144042969,285.35308837890625,285.36309814453125,293.1499938964844,293.1499938964844,278.1499938964844,0.0,18000.0,313.1499938964844,0.0,18000.0,0.0,0.0,0.0,0.0,0.0,0.0,0.0,0.0,0.0,-0.0,-0.0,-0.0,-6.544322618950674e-21,-3.272161309475337e-21,-3.272161107526945e-21,0.0,0.0,-0.0,0.0,0.0,0.0,-0.0,0.0,0.0,0.0,0.0,0.0,4.0,0.0,0.0
11995680,297.8733825683594,303.1499938964844,285.1499938964844,0.0,-0.0,291.1949462890625,0.0,0.0,9.412479266757146e-05,298.1261901855469,303.1499938964844,285.1499938964844,0.0,-0.0,291.19842529296875,0.0,0.0,9.91184206213802e-05,298.6231994628906,303.1499938964844,285.1499938964844,0.0,-0.0,291.1993408203125,0.0,0.0,7.320875010918826e-05,297.84844970703125,303.1499938964844,285.1499938964844,0.0,-0.0,291.1971130371094,0.0,0.0,9.911818051477894e-05,298.03936767578125,303.1499938964844,285.1499938964844,0.0,-0.0,291.1950378417969,0.0,0.0,0.0004701727011706,291.2103576660156,294.1499938964844,286.3033447265625,283.9720153808594,288.9263000488281,286.45684814453125,291.0428161621094,0.0,0.0,0.0,0.0,1.0,1.0,-0.0010030596749857,6.22185813980991e-09,0.0010030535049736,-0.0153525369241833,0.0,0.0,0.0,-0.0078972578048706,60.0,-3.2487144470214844,-0.0,-6.85982541881458e-08,0.0,283.1443786621094,288.5085144042969,285.35308837890625,285.36309814453125,293.1499938964844,293.1499938964844,278.1499938964844,0.0,18000.0,313.1499938964844,0.0,18000.0,0.0,0.0,0.0,0.0,0.0,0.0,0.0,0.0,0.0,-0.0,-0.0,-0.0,-6.544322618950674e-21,-3.272161309475337e-21,-3.272161107526945e-21,0.0,0.0,-0.0,0.0,0.0,0.0,-0.0,0.0,0.0,0.0,0.0,0.0,4.0,0.0,0.0
11995740,297.8706970214844,303.1499938964844,285.1499938964844,0.0,-0.0,291.1947021484375,0.0,0.0,9.411528299096972e-05,298.1236267089844,303.1499938964844,285.1499938964844,0.0,-0.0,291.1981201171875,0.0,0.0,9.910840162774548e-05,298.6203918457031,303.1499938964844,285.1499938964844,0.0,-0.0,291.19903564453125,0.0,0.0,7.320135046029463e-05,297.8466796875,303.1499938964844,285.1499938964844,0.0,-0.0,291.19683837890625,0.0,0.0,9.910816879710184e-05,298.0388488769531,303.1499938964844,285.1499938964844,0.0,-0.0,291.1947937011719,0.0,0.0,0.0004701252328231,291.209716796875,294.1499938964844,286.26666259765625,283.9547119140625,288.8793640136719,286.4178466796875,291.0408020019531,0.0,0.0,0.0,0.0,1.0,1.0,-0.0010029562981799,6.209762926090434e-09,0.0010029500117525,-0.0153208523988723,0.0,0.0,0.0,-0.0078912619501352,60.0,-3.2721495628356934,-0.0,-6.858410728227683e-08,0.0,283.1443786621094,288.5085144042969,285.35308837890625,285.36309814453125,293.1499938964844,293.1499938964844,278.1499938964844,0.0,18000.0,313.1499938964844,0.0,18000.0,0.0,0.0,0.0,0.0,0.0,0.0,0.0,0.0,0.0,-0.0,-0.0,-0.0,-6.544322618950674e-21,-3.272161309475337e-21,-3.272161107526945e-21,0.0,0.0,-0.0,0.0,0.0,0.0,-0.0,0.0,0.0,0.0,0.0,0.0,4.0,0.0,0.0
11995800,297.8706970214844,303.1499938964844,285.1499938964844,0.0,-0.0,291.1947021484375,0.0,0.0,9.411528299096972e-05,298.1236267089844,303.1499938964844,285.1499938964844,0.0,-0.0,291.1981201171875,0.0,0.0,9.910840162774548e-05,298.6203918457031,303.1499938964844,285.1499938964844,0.0,-0.0,291.19903564453125,0.0,0.0,7.320135046029463e-05,297.8466796875,303.1499938964844,285.1499938964844,0.0,-0.0,291.19683837890625,0.0,0.0,9.910816879710184e-05,298.0388488769531,303.1499938964844,285.1499938964844,0.0,-0.0,291.1947937011719,0.0,0.0,0.0004701252328231,291.209716796875,294.1499938964844,286.26666259765625,283.9547119140625,288.8793640136719,286.4178466796875,291.0408020019531,0.0,0.0,0.0,0.0,1.0,1.0,-0.0010029562981799,6.209762926090434e-09,0.0010029500117525,-0.0153208523988723,0.0,0.0,0.0,-0.0078912619501352,60.0,-3.2721495628356934,-0.0,-6.858410728227683e-08,0.0,283.1443786621094,288.5085144042969,285.35308837890625,285.36309814453125,293.1499938964844,293.1499938964844,278.1499938964844,0.0,18000.0,313.1499938964844,0.0,18000.0,0.0,0.0,0.0,0.0,0.0,0.0,0.0,0.0,0.0,-0.0,-0.0,-0.0,-6.544322618950674e-21,-3.272161309475337e-21,-3.272161107526945e-21,0.0,0.0,-0.0,0.0,0.0,0.0,-0.0,0.0,0.0,0.0,0.0,0.0,4.0,0.0,0.0
11995860,297.8677673339844,303.1499938964844,285.1499938964844,0.0,-0.0,291.1944274902344,0.0,0.0,9.410986967850477e-05,298.1209716796875,303.1499938964844,285.1499938964844,0.0,-0.0,291.1977844238281,0.0,0.0,9.910269000101836e-05,298.6174621582031,303.1499938964844,285.1499938964844,0.0,-0.0,291.1986999511719,0.0,0.0,7.319713040487841e-05,297.8446655273437,303.1499938964844,285.1499938964844,0.0,-0.0,291.196533203125,0.0,0.0,9.91024644463323e-05,298.0382385253906,303.1499938964844,285.1499938964844,0.0,-0.0,291.19451904296875,0.0,0.0,0.0004700981662608,291.2090759277344,294.1499938964844,286.2300109863281,283.9373779296875,288.8326110839844,286.3794250488281,291.03875732421875,0.0,0.0,0.0,0.0,1.0,1.0,-0.0010028964607045,6.202767188767666e-09,0.0010028901742771,-0.015302525833249,0.0,0.0,0.0,-0.0078877937048673,60.0,-3.2957139015197754,-0.0,-6.857592182996086e-08,0.0,283.1443786621094,288.5085144042969,285.35308837890625,285.36309814453125,293.1499938964844,293.1499938964844,278.1499938964844,0.0,18000.0,313.1499938964844,0.0,18000.0,0.0,0.0,0.0,0.0,0.0,0.0,0.0,0.0,0.0,-0.0,-0.0,-0.0,-6.544322618950674e-21,-3.272161309475337e-21,-3.272161107526945e-21,0.0,0.0,-0.0,0.0,0.0,0.0,-0.0,0.0,0.0,0.0,0.0,0.0,4.0,0.0,0.0
11995920,297.8677673339844,303.1499938964844,285.1499938964844,0.0,-0.0,291.1944274902344,0.0,0.0,9.410986967850477e-05,298.1209716796875,303.1499938964844,285.1499938964844,0.0,-0.0,291.1977844238281,0.0,0.0,9.910269000101836e-05,298.6174621582031,303.1499938964844,285.1499938964844,0.0,-0.0,291.1986999511719,0.0,0.0,7.319713040487841e-05,297.8446655273437,303.1499938964844,285.1499938964844,0.0,-0.0,291.196533203125,0.0,0.0,9.91024644463323e-05,298.0382385253906,303.1499938964844,285.1499938964844,0.0,-0.0,291.19451904296875,0.0,0.0,0.0004700981662608,291.2090759277344,294.1499938964844,286.2300109863281,283.9373779296875,288.8326110839844,286.3794250488281,291.03875732421875,0.0,0.0,0.0,0.0,1.0,1.0,-0.0010028964607045,6.202767188767666e-09,0.0010028901742771,-0.015302525833249,0.0,0.0,0.0,-0.0078877937048673,60.0,-3.2957139015197754,-0.0,-6.857592182996086e-08,0.0,283.1443786621094,288.5085144042969,285.35308837890625,285.36309814453125,293.1499938964844,293.1499938964844,278.1499938964844,0.0,18000.0,313.1499938964844,0.0,18000.0,0.0,0.0,0.0,0.0,0.0,0.0,0.0,0.0,0.0,-0.0,-0.0,-0.0,-6.544322618950674e-21,-3.272161309475337e-21,-3.272161107526945e-21,0.0,0.0,-0.0,0.0,0.0,0.0,-0.0,0.0,0.0,0.0,0.0,0.0,4.0,0.0,0.0
11995980,297.86456298828125,303.1499938964844,285.1499938964844,0.0,-0.0,291.1941223144531,0.0,0.0,9.410821076016872e-05,298.1182556152344,303.1499938964844,285.1499938964844,0.0,-0.0,291.19744873046875,0.0,0.0,9.910094377119094e-05,298.6144714355469,303.1499938964844,285.1499938964844,0.0,-0.0,291.1983642578125,0.0,0.0,7.319583528442308e-05,297.8424377441406,303.1499938964844,285.1499938964844,0.0,-0.0,291.1962280273437,0.0,0.0,9.910071094054727e-05,298.0374755859375,303.1499938964844,285.1499938964844,0.0,-0.0,291.1942138671875,0.0,0.0,0.000470089900773,291.2083740234375,294.1499938964844,286.1933288574219,283.91998291015625,288.7860717773437,286.3414306640625,291.0367126464844,0.0,0.0,0.0,0.0,1.0,1.0,-0.0010028766700997,6.200460145322495e-09,0.0010028705000877,-0.0152964824810624,0.0,0.0,0.0,-0.0078866500407457,60.0,-3.3194003105163574,-0.0,-6.857322887299233e-08,0.0,283.1443786621094,288.5085144042969,285.35308837890625,285.36309814453125,293.1499938964844,293.1499938964844,278.1499938964844,0.0,18000.0,313.1499938964844,0.0,18000.0,0.0,0.0,0.0,0.0,0.0,0.0,0.0,0.0,0.0,-0.0,-0.0,-0.0,-6.544322618950674e-21,-3.272161309475337e-21,-3.272161107526945e-21,0.0,0.0,-0.0,0.0,0.0,0.0,-0.0,0.0,0.0,0.0,0.0,0.0,4.0,0.0,0.0
11996040,297.86456298828125,303.1499938964844,285.1499938964844,0.0,-0.0,291.1941223144531,0.0,0.0,9.410821076016872e-05,298.1182556152344,303.1499938964844,285.1499938964844,0.0,-0.0,291.19744873046875,0.0,0.0,9.910094377119094e-05,298.6144714355469,303.1499938964844,285.1499938964844,0.0,-0.0,291.1983642578125,0.0,0.0,7.319583528442308e-05,297.8424377441406,303.1499938964844,285.1499938964844,0.0,-0.0,291.1962280273437,0.0,0.0,9.910071094054727e-05,298.0374755859375,303.1499938964844,285.1499938964844,0.0,-0.0,291.1942138671875,0.0,0.0,0.000470089900773,291.2083740234375,294.1499938964844,286.1933288574219,283.91998291015625,288.7860717773437,286.3414306640625,291.0367126464844,0.0,0.0,0.0,0.0,1.0,1.0,-0.0010028766700997,6.200460145322495e-09,0.0010028705000877,-0.0152964824810624,0.0,0.0,0.0,-0.0078866500407457,60.0,-3.3194003105163574,-0.0,-6.857322887299233e-08,0.0,283.1443786621094,288.5085144042969,285.35308837890625,285.36309814453125,293.1499938964844,293.1499938964844,278.1499938964844,0.0,18000.0,313.1499938964844,0.0,18000.0,0.0,0.0,0.0,0.0,0.0,0.0,0.0,0.0,0.0,-0.0,-0.0,-0.0,-6.544322618950674e-21,-3.272161309475337e-21,-3.272161107526945e-21,0.0,0.0,-0.0,0.0,0.0,0.0,-0.0,0.0,0.0,0.0,0.0,0.0,4.0,0.0,0.0
11996100,297.8628845214844,303.1499938964844,285.1499938964844,0.0,-0.0,291.1939697265625,0.0,0.0,9.410867642145604e-05,298.11688232421875,303.1499938964844,285.1499938964844,0.0,-0.0,291.1972961425781,0.0,0.0,9.910143126035108e-05,298.6129455566406,303.1499938964844,285.1499938964844,0.0,-0.0,291.1981811523437,0.0,0.0,7.319619180634618e-05,297.8412475585937,303.1499938964844,285.1499938964844,0.0,-0.0,291.196044921875,0.0,0.0,9.910120570566504e-05,298.0370788574219,303.1499938964844,285.1499938964844,0.0,-0.0,291.1940612792969,0.0,0.0,0.0004700922290794,291.2080383300781,294.1499938964844,286.17498779296875,283.9112548828125,288.7628479003906,286.3225402832031,291.0356750488281,0.0,0.0,0.0,0.0,1.0,1.0,-0.0010028806282207,6.200920665833109e-09,0.0010028744582086,-0.0152976894751191,0.0,0.0,0.0,-0.0078868782147765,60.0,-3.331286907196045,-0.0,-6.857376178004415e-08,0.0,283.1443786621094,288.5085144042969,285.35308837890625,285.36309814453125,293.1499938964844,293.1499938964844,278.1499938964844,0.0,18000.0,313.1499938964844,0.0,18000.0,0.0,0.0,0.0,0.0,0.0,0.0,0.0,0.0,0.0,-0.0,-0.0,-0.0,-6.544322618950674e-21,-3.272161309475337e-21,-3.272161107526945e-21,0.0,0.0,-0.0,0.0,0.0,0.0,-0.0,0.0,0.0,0.0,0.0,0.0,4.0,0.0,0.0
11996160,297.8611145019531,303.1499938964844,285.1499938964844,0.0,-0.0,291.1938171386719,0.0,0.0,9.410994243808092e-05,298.115478515625,303.1499938964844,285.1499938964844,0.0,-0.0,291.1971130371094,0.0,0.0,9.910276276059447e-05,298.61138916015625,303.1499938964844,285.1499938964844,0.0,-0.0,291.197998046875,0.0,0.0,7.319717406062409e-05,297.84002685546875,303.1499938964844,285.1499938964844,0.0,-0.0,291.19586181640625,0.0,0.0,9.910253720590843e-05,298.03662109375,303.1499938964844,285.1499938964844,0.0,-0.0,291.19390869140625,0.0,0.0,0.0004700985446106,291.2076721191406,294.1499938964844,286.1566772460937,283.9025573730469,288.7396850585937,286.3037109375,291.0346374511719,0.0,0.0,0.0,0.0,1.0,1.0,-0.0010028930846601,6.202376834352208e-09,0.0010028869146481,-0.0153015041723847,0.0,0.0,0.0,-0.0078875999897718,60.0,-3.3431997299194336,-0.0,-6.857546708261e-08,0.0,283.1443786621094,288.5085144042969,285.35308837890625,285.36309814453125,293.1499938964844,293.1499938964844,278.1499938964844,0.0,18000.0,313.1499938964844,0.0,18000.0,0.0,0.0,0.0,0.0,0.0,0.0,0.0,0.0,0.0,-0.0,-0.0,-0.0,-6.544322618950674e-21,-3.272161309475337e-21,-3.272161107526945e-21,0.0,0.0,-0.0,0.0,0.0,0.0,-0.0,0.0,0.0,0.0,0.0,0.0,4.0,0.0,0.0
11996220,297.85748291015625,303.1499938964844,285.1499938964844,0.0,-0.0,291.1934814453125,0.0,0.0,9.411466453457253e-05,298.11260986328125,303.1499938964844,285.1499938964844,0.0,-0.0,291.1967163085937,0.0,0.0,9.910772496368736e-05,298.6082458496094,303.1499938964844,285.1499938964844,0.0,-0.0,291.1976013183594,0.0,0.0,7.320083386730403e-05,297.83740234375,303.1499938964844,285.1499938964844,0.0,-0.0,291.19549560546875,0.0,0.0,9.910749940900132e-05,298.0356750488281,303.1499938964844,285.1499938964844,0.0,-0.0,291.1935729980469,0.0,0.0,0.0004701221187133,291.2069396972656,294.1499938964844,286.1199951171875,283.8850402832031,288.6934509277344,286.2662353515625,291.0325622558594,0.0,0.0,0.0,0.0,1.0,1.0,-0.0010029412806034,6.208020764120192e-09,0.0010029351105913,-0.0153162889182567,0.0,0.0,0.0,-0.0078903976827859,60.0,-3.3670992851257324,-0.0,-6.85820680246252e-08,0.0,283.1443786621094,288.5085144042969,285.35308837890625,285.36309814453125,293.1499938964844,293.1499938964844,278.1499938964844,0.0,18000.0,313.1499938964844,0.0,18000.0,0.0,0.0,0.0,0.0,0.0,0.0,0.0,0.0,0.0,-0.0,-0.0,-0.0,-6.544322618950674e-21,-3.272161309475337e-21,-3.272161107526945e-21,0.0,0.0,-0.0,0.0,0.0,0.0,-0.0,0.0,0.0,0.0,0.0,0.0,4.0,0.0,0.0
11996280,297.85748291015625,303.1499938964844,285.1499938964844,0.0,-0.0,291.1934814453125,0.0,0.0,9.411466453457253e-05,298.11260986328125,303.1499938964844,285.1499938964844,0.0,-0.0,291.1967163085937,0.0,0.0,9.910772496368736e-05,298.6082458496094,303.1499938964844,285.1499938964844,0.0,-0.0,291.1976013183594,0.0,0.0,7.320083386730403e-05,297.83740234375,303.1499938964844,285.1499938964844,0.0,-0.0,291.19549560546875,0.0,0.0,9.910749940900132e-05,298.0356750488281,303.1499938964844,285.1499938964844,0.0,-0.0,291.1935729980469,0.0,0.0,0.0004701221187133,291.2069396972656,294.1499938964844,286.1199951171875,283.8850402832031,288.6934509277344,286.2662353515625,291.0325622558594,0.0,0.0,0.0,0.0,1.0,1.0,-0.0010029412806034,6.208020764120192e-09,0.0010029351105913,-0.0153162889182567,0.0,0.0,0.0,-0.0078903976827859,60.0,-3.3670992851257324,-0.0,-6.85820680246252e-08,0.0,283.1443786621094,288.5085144042969,285.35308837890625,285.36309814453125,293.1499938964844,293.1499938964844,278.1499938964844,0.0,18000.0,313.1499938964844,0.0,18000.0,0.0,0.0,0.0,0.0,0.0,0.0,0.0,0.0,0.0,-0.0,-0.0,-0.0,-6.544322618950674e-21,-3.272161309475337e-21,-3.272161107526945e-21,0.0,0.0,-0.0,0.0,0.0,0.0,-0.0,0.0,0.0,0.0,0.0,0.0,4.0,0.0,0.0
11996340,297.8536071777344,303.1499938964844,285.1499938964844,0.0,-0.0,291.193115234375,0.0,0.0,9.412194776814432e-05,298.1097106933594,303.1499938964844,285.1499938964844,0.0,-0.0,291.1963195800781,0.0,0.0,9.911539382301272e-05,298.6050109863281,303.1499938964844,285.1499938964844,0.0,-0.0,291.1972045898437,0.0,0.0,7.320649456232786e-05,297.8345947265625,303.1499938964844,285.1499938964844,0.0,-0.0,291.19512939453125,0.0,0.0,9.911517554428428e-05,298.0345764160156,303.1499938964844,285.1499938964844,0.0,-0.0,291.1932067871094,0.0,0.0,0.0004701585276052,291.2062072753906,294.1499938964844,286.0833435058594,283.86749267578125,288.6474304199219,286.2288818359375,291.03045654296875,0.0,0.0,0.0,0.0,1.0,1.0,-0.0010030169505625,6.216868353448035e-09,0.0010030107805505,-0.015339464880526,0.0,0.0,0.0,-0.0078947842121124,60.0,-3.391088962554932,-0.0,-6.859242063228521e-08,0.0,283.1443786621094,288.5085144042969,285.35308837890625,285.36309814453125,293.1499938964844,293.1499938964844,278.1499938964844,0.0,18000.0,313.1499938964844,0.0,18000.0,0.0,0.0,0.0,0.0,0.0,0.0,0.0,0.0,0.0,-0.0,-0.0,-0.0,-6.544322618950674e-21,-3.272161309475337e-21,-3.272161107526945e-21,0.0,0.0,-0.0,0.0,0.0,0.0,-0.0,0.0,0.0,0.0,0.0,0.0,4.0,0.0,0.0
11996400,297.8536071777344,303.1499938964844,285.1499938964844,0.0,-0.0,291.193115234375,0.0,0.0,9.412194776814432e-05,298.1097106933594,303.1499938964844,285.1499938964844,0.0,-0.0,291.1963195800781,0.0,0.0,9.911539382301272e-05,298.6050109863281,303.1499938964844,285.1499938964844,0.0,-0.0,291.1972045898437,0.0,0.0,7.320649456232786e-05,297.8345947265625,303.1499938964844,285.1499938964844,0.0,-0.0,291.19512939453125,0.0,0.0,9.911517554428428e-05,298.0345764160156,303.1499938964844,285.1499938964844,0.0,-0.0,291.1932067871094,0.0,0.0,0.0004701585276052,291.2062072753906,294.1499938964844,286.0833435058594,283.86749267578125,288.6474304199219,286.2288818359375,291.03045654296875,0.0,0.0,0.0,0.0,1.0,1.0,-0.0010030169505625,6.216868353448035e-09,0.0010030107805505,-0.015339464880526,0.0,0.0,0.0,-0.0078947842121124,60.0,-3.391088962554932,-0.0,-6.859242063228521e-08,0.0,283.1443786621094,288.5085144042969,285.35308837890625,285.36309814453125,293.1499938964844,293.1499938964844,278.1499938964844,0.0,18000.0,313.1499938964844,0.0,18000.0,0.0,0.0,0.0,0.0,0.0,0.0,0.0,0.0,0.0,-0.0,-0.0,-0.0,-6.544322618950674e-21,-3.272161309475337e-21,-3.272161107526945e-21,0.0,0.0,-0.0,0.0,0.0,0.0,-0.0,0.0,0.0,0.0,0.0,0.0,4.0,0.0,0.0
11996460,297.8513488769531,303.1499938964844,285.1499938964844,0.0,-0.0,291.1929016113281,0.0,0.0,9.412699000677094e-05,298.1080322265625,303.1499938964844,285.1499938964844,0.0,-0.0,291.19610595703125,0.0,0.0,9.912069799611344e-05,298.6031799316406,303.1499938964844,285.1499938964844,0.0,-0.0,291.19696044921875,0.0,0.0,7.32104163034819e-05,297.8329467773437,303.1499938964844,285.1499938964844,0.0,-0.0,291.1949157714844,0.0,0.0,9.912047971738502e-05,298.033935546875,303.1499938964844,285.1499938964844,0.0,-0.0,291.1929931640625,0.0,0.0,0.0004701837024185,291.2057800292969,294.1499938964844,286.06280517578125,283.857666015625,288.6217041015625,286.2080078125,291.0292663574219,0.0,0.0,0.0,0.0,1.0,1.0,-0.001003069570288,6.2230220976289274e-09,0.001003063400276,-0.0153555860742926,0.0,0.0,0.0,-0.0078978342935442,60.0,-3.404557466506958,-0.0,-6.859961843019846e-08,0.0,283.1443786621094,288.5085144042969,285.35308837890625,285.36309814453125,293.1499938964844,293.1499938964844,278.1499938964844,0.0,18000.0,313.1499938964844,0.0,18000.0,0.0,0.0,0.0,0.0,0.0,0.0,0.0,0.0,0.0,-0.0,-0.0,-0.0,-6.544322618950674e-21,-3.272161309475337e-21,-3.272161107526945e-21,0.0,0.0,-0.0,0.0,0.0,0.0,-0.0,0.0,0.0,0.0,0.0,0.0,4.0,0.0,0.0
11996520,297.8495483398437,303.1499938964844,285.1499938964844,0.0,-0.0,291.1927490234375,0.0,0.0,9.413137740921228e-05,298.1067199707031,303.1499938964844,285.1499938964844,0.0,-0.0,291.1959228515625,0.0,0.0,9.912531095324084e-05,298.6016845703125,303.1499938964844,285.1499938964844,0.0,-0.0,291.19677734375,0.0,0.0,7.321382145164534e-05,297.8316345214844,303.1499938964844,285.1499938964844,0.0,-0.0,291.1947326660156,0.0,0.0,9.912509995047004e-05,298.0334167480469,303.1499938964844,285.1499938964844,0.0,-0.0,291.1928405761719,0.0,0.0,0.0004702056176029,291.2054443359375,294.1499938964844,286.0466613769531,283.84991455078125,288.6015319824219,286.1916198730469,291.0283203125,0.0,0.0,0.0,0.0,1.0,1.0,-0.0010031154379248,6.228383142570237e-09,0.0010031092679128,-0.0153696285560727,0.0,0.0,0.0,-0.0079004922881722,60.0,-3.415154933929444,-0.0,-6.860588541712789e-08,0.0,283.1443786621094,288.5085144042969,285.35308837890625,285.36309814453125,293.1499938964844,293.1499938964844,278.1499938964844,0.0,18000.0,313.1499938964844,0.0,18000.0,0.0,0.0,0.0,0.0,0.0,0.0,0.0,0.0,0.0,-0.0,-0.0,-0.0,-6.544322618950674e-21,-3.272161309475337e-21,-3.272161107526945e-21,0.0,0.0,-0.0,0.0,0.0,0.0,-0.0,0.0,0.0,0.0,0.0,0.0,4.0,0.0,0.0
11996580,297.8453369140625,303.1499938964844,285.1499938964844,0.0,-0.0,291.1923522949219,0.0,0.0,9.4142509624362e-05,298.1036376953125,303.1499938964844,285.1499938964844,0.0,-0.0,291.1954650878906,0.0,0.0,9.913703252095728e-05,298.5982971191406,303.1499938964844,285.1499938964844,0.0,-0.0,291.1963195800781,0.0,0.0,7.322247256524861e-05,297.8284912109375,303.1499938964844,285.1499938964844,0.0,-0.0,291.1943054199219,0.0,0.0,9.913681424222888e-05,298.0321350097656,303.1499938964844,285.1499938964844,0.0,-0.0,291.1924133300781,0.0,0.0,0.000470261205919,291.20465087890625,294.1499938964844,286.010009765625,283.832275390625,288.5558166503906,286.1544189453125,291.02618408203125,0.0,0.0,0.0,0.0,1.0,1.0,-0.0010032320860773,6.242027339453671e-09,0.0010032259160652,-0.0154053699225187,0.0,0.0,0.0,-0.0079072564840316,60.0,-3.4392831325531006,-0.0,-6.86218513124004e-08,0.0,283.1443786621094,288.5085144042969,285.35308837890625,285.36309814453125,293.1499938964844,293.1499938964844,278.1499938964844,0.0,18000.0,313.1499938964844,0.0,18000.0,0.0,0.0,0.0,0.0,0.0,0.0,0.0,0.0,0.0,-0.0,-0.0,-0.0,-6.544322618950674e-21,-3.272161309475337e-21,-3.272161107526945e-21,0.0,0.0,-0.0,0.0,0.0,0.0,-0.0,0.0,0.0,0.0,0.0,0.0,4.0,0.0,0.0
11996640,297.8453369140625,303.1499938964844,285.1499938964844,0.0,-0.0,291.1923522949219,0.0,0.0,9.4142509624362e-05,298.1036376953125,303.1499938964844,285.1499938964844,0.0,-0.0,291.1954650878906,0.0,0.0,9.913703252095728e-05,298.5982971191406,303.1499938964844,285.1499938964844,0.0,-0.0,291.1963195800781,0.0,0.0,7.322247256524861e-05,297.8284912109375,303.1499938964844,285.1499938964844,0.0,-0.0,291.1943054199219,0.0,0.0,9.913681424222888e-05,298.0321350097656,303.1499938964844,285.1499938964844,0.0,-0.0,291.1924133300781,0.0,0.0,0.000470261205919,291.20465087890625,294.1499938964844,286.010009765625,283.832275390625,288.5558166503906,286.1544189453125,291.02618408203125,0.0,0.0,0.0,0.0,1.0,1.0,-0.0010032320860773,6.242027339453671e-09,0.0010032259160652,-0.0154053699225187,0.0,0.0,0.0,-0.0079072564840316,60.0,-3.4392831325531006,-0.0,-6.86218513124004e-08,0.0,283.1443786621094,288.5085144042969,285.35308837890625,285.36309814453125,293.1499938964844,293.1499938964844,278.1499938964844,0.0,18000.0,313.1499938964844,0.0,18000.0,0.0,0.0,0.0,0.0,0.0,0.0,0.0,0.0,0.0,-0.0,-0.0,-0.0,-6.544322618950674e-21,-3.272161309475337e-21,-3.272161107526945e-21,0.0,0.0,-0.0,0.0,0.0,0.0,-0.0,0.0,0.0,0.0,0.0,0.0,4.0,0.0,0.0
11996700,297.8431396484375,303.1499938964844,285.1499938964844,0.0,-0.0,291.192138671875,0.0,0.0,9.414858504896984e-05,298.1020812988281,303.1499938964844,285.1499938964844,0.0,-0.0,291.1952514648437,0.0,0.0,9.914342081174254e-05,298.5965881347656,303.1499938964844,285.1499938964844,0.0,-0.0,291.1960754394531,0.0,0.0,7.322719466174021e-05,297.8268737792969,303.1499938964844,285.1499938964844,0.0,-0.0,291.194091796875,0.0,0.0,9.914320980897172e-05,298.0314636230469,303.1499938964844,285.1499938964844,0.0,-0.0,291.1922302246094,0.0,0.0,0.0004702915612142,291.2042236328125,294.1499938964844,285.9916687011719,283.82342529296875,288.53302001953125,286.1358337402344,291.0251159667969,0.0,0.0,0.0,0.0,1.0,1.0,-0.0010032958816736,6.249480932751794e-09,0.0010032895952463,-0.0154248960316181,0.0,0.0,0.0,-0.0079109510406851,60.0,-3.451366424560547,-0.0,-6.863056967176817e-08,0.0,283.1443786621094,288.5085144042969,285.35308837890625,285.36309814453125,293.1499938964844,293.1499938964844,278.1499938964844,0.0,18000.0,313.1499938964844,0.0,18000.0,0.0,0.0,0.0,0.0,0.0,0.0,0.0,0.0,0.0,-0.0,-0.0,-0.0,-6.544322618950674e-21,-3.272161309475337e-21,-3.272161107526945e-21,0.0,0.0,-0.0,0.0,0.0,0.0,-0.0,0.0,0.0,0.0,0.0,0.0,4.0,0.0,0.0
11996760,297.8409423828125,303.1499938964844,285.1499938964844,0.0,-0.0,291.1919250488281,0.0,0.0,9.41549224080518e-05,298.1005249023437,303.1499938964844,285.1499938964844,0.0,-0.0,291.19500732421875,0.0,0.0,9.915009286487476e-05,298.5948486328125,303.1499938964844,285.1499938964844,0.0,-0.0,291.1958312988281,0.0,0.0,7.323212048504502e-05,297.8252258300781,303.1499938964844,285.1499938964844,0.0,-0.0,291.19384765625,0.0,0.0,9.914988186210394e-05,298.03076171875,303.1499938964844,285.1499938964844,0.0,-0.0,291.1920166015625,0.0,0.0,0.0004703232261817,291.2038269042969,294.1499938964844,285.97332763671875,283.8145751953125,288.51025390625,286.1172790527344,291.0240173339844,0.0,0.0,0.0,0.0,1.0,1.0,-0.0010033624712377,6.257267592957305e-09,0.0010033561848104,-0.0154452938586473,0.0,0.0,0.0,-0.0079148113727569,60.0,-3.4634597301483154,-0.0,-6.863967882964064e-08,0.0,283.1443786621094,288.5085144042969,285.35308837890625,285.36309814453125,293.1499938964844,293.1499938964844,278.1499938964844,0.0,18000.0,313.1499938964844,0.0,18000.0,0.0,0.0,0.0,0.0,0.0,0.0,0.0,0.0,0.0,-0.0,-0.0,-0.0,-6.544322618950674e-21,-3.272161309475337e-21,-3.272161107526945e-21,0.0,0.0,-0.0,0.0,0.0,0.0,-0.0,0.0,0.0,0.0,0.0,0.0,4.0,0.0,0.0
11996820,297.83642578125,303.1499938964844,285.1499938964844,0.0,-0.0,291.1914978027344,0.0,0.0,9.416819375474006e-05,298.0973205566406,303.1499938964844,285.1499938964844,0.0,-0.0,291.1945495605469,0.0,0.0,9.91640699794516e-05,298.59130859375,303.1499938964844,285.1499938964844,0.0,-0.0,291.19537353515625,0.0,0.0,7.324243779294193e-05,297.82183837890625,303.1499938964844,285.1499938964844,0.0,-0.0,291.1933898925781,0.0,0.0,9.91638589766808e-05,298.029296875,303.1499938964844,285.1499938964844,0.0,-0.0,291.1915588378906,0.0,0.0,0.0004703895247075,291.2030029296875,294.1499938964844,285.9366760253906,283.7968139648437,288.46484375,286.08013916015625,291.0218505859375,0.0,0.0,0.0,0.0,1.0,1.0,-0.0010035020532086,6.2735829864379874e-09,0.0010034957667812,-0.0154880313202738,0.0,0.0,0.0,-0.0079228999093174,60.0,-3.48766827583313,-0.0,-6.865877111295049e-08,0.0,283.1443786621094,288.5085144042969,285.35308837890625,285.36309814453125,293.1499938964844,293.1499938964844,278.1499938964844,0.0,18000.0,313.1499938964844,0.0,18000.0,0.0,0.0,0.0,0.0,0.0,0.0,0.0,0.0,0.0,-0.0,-0.0,-0.0,-6.544322618950674e-21,-3.272161309475337e-21,-3.272161107526945e-21,0.0,0.0,-0.0,0.0,0.0,0.0,-0.0,0.0,0.0,0.0,0.0,0.0,4.0,0.0,0.0
11996880,297.83642578125,303.1499938964844,285.1499938964844,0.0,-0.0,291.1914978027344,0.0,0.0,9.416819375474006e-05,298.0973205566406,303.1499938964844,285.1499938964844,0.0,-0.0,291.1945495605469,0.0,0.0,9.91640699794516e-05,298.59130859375,303.1499938964844,285.1499938964844,0.0,-0.0,291.19537353515625,0.0,0.0,7.324243779294193e-05,297.82183837890625,303.1499938964844,285.1499938964844,0.0,-0.0,291.1933898925781,0.0,0.0,9.91638589766808e-05,298.029296875,303.1499938964844,285.1499938964844,0.0,-0.0,291.1915588378906,0.0,0.0,0.0004703895247075,291.2030029296875,294.1499938964844,285.9366760253906,283.7968139648437,288.46484375,286.08013916015625,291.0218505859375,0.0,0.0,0.0,0.0,1.0,1.0,-0.0010035020532086,6.2735829864379874e-09,0.0010034957667812,-0.0154880313202738,0.0,0.0,0.0,-0.0079228999093174,60.0,-3.48766827583313,-0.0,-6.865877111295049e-08,0.0,283.1443786621094,288.5085144042969,285.35308837890625,285.36309814453125,293.1499938964844,293.1499938964844,278.1499938964844,0.0,18000.0,313.1499938964844,0.0,18000.0,0.0,0.0,0.0,0.0,0.0,0.0,0.0,0.0,0.0,-0.0,-0.0,-0.0,-6.544322618950674e-21,-3.272161309475337e-21,-3.272161107526945e-21,0.0,0.0,-0.0,0.0,0.0,0.0,-0.0,0.0,0.0,0.0,0.0,0.0,4.0,0.0,0.0
11996940,297.8318176269531,303.1499938964844,285.1499938964844,0.0,-0.0,291.1910400390625,0.0,0.0,9.418192348675802e-05,298.09405517578125,303.1499938964844,285.1499938964844,0.0,-0.0,291.19403076171875,0.0,0.0,9.917852003127337e-05,298.5877380371094,303.1499938964844,285.1499938964844,0.0,-0.0,291.1948547363281,0.0,0.0,7.325311162276193e-05,297.8183288574219,303.1499938964844,285.1499938964844,0.0,-0.0,291.1929016113281,0.0,0.0,9.917830902850255e-05,298.0277709960937,303.1499938964844,285.1499938964844,0.0,-0.0,291.19110107421875,0.0,0.0,0.0004704580933321,291.2021179199219,294.1499938964844,285.8999938964844,283.7790222167969,288.4195556640625,286.0429992675781,291.0196533203125,0.0,0.0,0.0,0.0,1.0,1.0,-0.0010036464082077,6.290470366820955e-09,0.0010036401217803,-0.0155322691425681,0.0,0.0,0.0,-0.0079312715679407,60.0,-3.511896133422852,-0.0,-6.867853841185936e-08,0.0,283.1443786621094,288.5085144042969,285.35308837890625,285.36309814453125,293.1499938964844,293.1499938964844,278.1499938964844,0.0,18000.0,313.1499938964844,0.0,18000.0,0.0,0.0,0.0,0.0,0.0,0.0,0.0,0.0,0.0,-0.0,-0.0,-0.0,-6.544322618950674e-21,-3.272161309475337e-21,-3.272161107526945e-21,0.0,0.0,-0.0,0.0,0.0,0.0,-0.0,0.0,0.0,0.0,0.0,0.0,4.0,0.0,0.0
11997000,297.8318176269531,303.1499938964844,285.1499938964844,0.0,-0.0,291.1910400390625,0.0,0.0,9.418192348675802e-05,298.09405517578125,303.1499938964844,285.1499938964844,0.0,-0.0,291.19403076171875,0.0,0.0,9.917852003127337e-05,298.5877380371094,303.1499938964844,285.1499938964844,0.0,-0.0,291.1948547363281,0.0,0.0,7.325311162276193e-05,297.8183288574219,303.1499938964844,285.1499938964844,0.0,-0.0,291.1929016113281,0.0,0.0,9.917830902850255e-05,298.0277709960937,303.1499938964844,285.1499938964844,0.0,-0.0,291.19110107421875,0.0,0.0,0.0004704580933321,291.2021179199219,294.1499938964844,285.8999938964844,283.7790222167969,288.4195556640625,286.0429992675781,291.0196533203125,0.0,0.0,0.0,0.0,1.0,1.0,-0.0010036464082077,6.290470366820955e-09,0.0010036401217803,-0.0155322691425681,0.0,0.0,0.0,-0.0079312715679407,60.0,-3.511896133422852,-0.0,-6.867853841185936e-08,0.0,283.1443786621094,288.5085144042969,285.35308837890625,285.36309814453125,293.1499938964844,293.1499938964844,278.1499938964844,0.0,18000.0,313.1499938964844,0.0,18000.0,0.0,0.0,0.0,0.0,0.0,0.0,0.0,0.0,0.0,-0.0,-0.0,-0.0,-6.544322618950674e-21,-3.272161309475337e-21,-3.272161107526945e-21,0.0,0.0,-0.0,0.0,0.0,0.0,-0.0,0.0,0.0,0.0,0.0,0.0,4.0,0.0,0.0
11997060,297.8271179199219,303.1499938964844,285.1499938964844,0.0,-0.0,291.1905517578125,0.0,0.0,9.419572597835212e-05,298.0907287597656,303.1499938964844,285.1499938964844,0.0,-0.0,291.1935119628906,0.0,0.0,9.919305011862888e-05,298.5840759277344,303.1499938964844,285.1499938964844,0.0,-0.0,291.1943359375,0.0,0.0,7.326384366024286e-05,297.8147277832031,303.1499938964844,285.1499938964844,0.0,-0.0,291.1924133300781,0.0,0.0,9.919284639181568e-05,298.0261535644531,303.1499938964844,285.1499938964844,0.0,-0.0,291.1906433105469,0.0,0.0,0.0004705270694103,291.2012634277344,294.1499938964844,285.86334228515625,283.7611694335937,288.3744506835937,286.005859375,291.0174255371094,0.0,0.0,0.0,0.0,1.0,1.0,-0.0010037916945293,6.3074558909193e-09,0.0010037854081019,-0.0155767621472477,0.0,0.0,0.0,-0.0079396916553378,60.0,-3.536128759384156,-0.0,-6.86984193976059e-08,0.0,283.1443786621094,288.5085144042969,285.35308837890625,285.36309814453125,293.1499938964844,293.1499938964844,278.1499938964844,0.0,18000.0,313.1499938964844,0.0,18000.0,0.0,0.0,0.0,0.0,0.0,0.0,0.0,0.0,0.0,-0.0,-0.0,-0.0,-6.544322618950674e-21,-3.272161309475337e-21,-3.272161107526945e-21,0.0,0.0,-0.0,0.0,0.0,0.0,-0.0,0.0,0.0,0.0,0.0,0.0,4.0,0.0,0.0
11997120,297.8271179199219,303.1499938964844,285.1499938964844,0.0,-0.0,291.1905517578125,0.0,0.0,9.419572597835212e-05,298.0907287597656,303.1499938964844,285.1499938964844,0.0,-0.0,291.1935119628906,0.0,0.0,9.919305011862888e-05,298.5840759277344,303.1499938964844,285.1499938964844,0.0,-0.0,291.1943359375,0.0,0.0,7.326384366024286e-05,297.8147277832031,303.1499938964844,285.1499938964844,0.0,-0.0,291.1924133300781,0.0,0.0,9.919284639181568e-05,298.0261535644531,303.1499938964844,285.1499938964844,0.0,-0.0,291.1906433105469,0.0,0.0,0.0004705270694103,291.2012634277344,294.1499938964844,285.86334228515625,283.7611694335937,288.3744506835937,286.005859375,291.0174255371094,0.0,0.0,0.0,0.0,1.0,1.0,-0.0010037916945293,6.3074558909193e-09,0.0010037854081019,-0.0155767621472477,0.0,0.0,0.0,-0.0079396916553378,60.0,-3.536128759384156,-0.0,-6.86984193976059e-08,0.0,283.1443786621094,288.5085144042969,285.35308837890625,285.36309814453125,293.1499938964844,293.1499938964844,278.1499938964844,0.0,18000.0,313.1499938964844,0.0,18000.0,0.0,0.0,0.0,0.0,0.0,0.0,0.0,0.0,0.0,-0.0,-0.0,-0.0,-6.544322618950674e-21,-3.272161309475337e-21,-3.272161107526945e-21,0.0,0.0,-0.0,0.0,0.0,0.0,-0.0,0.0,0.0,0.0,0.0,0.0,4.0,0.0,0.0
11997180,297.8223571777344,303.1499938964844,285.1499938964844,0.0,-0.0,291.1900634765625,0.0,0.0,9.420923743164168e-05,298.0873718261719,303.1499938964844,285.1499938964844,0.0,-0.0,291.1929931640625,0.0,0.0,9.920727461576462e-05,298.58038330078125,303.1499938964844,285.1499938964844,0.0,-0.0,291.1937866210937,0.0,0.0,7.327434286708012e-05,297.8110656738281,303.1499938964844,285.1499938964844,0.0,-0.0,291.19189453125,0.0,0.0,9.920707088895142e-05,298.02447509765625,303.1499938964844,285.1499938964844,0.0,-0.0,291.19012451171875,0.0,0.0,0.0004705945320893,291.2003479003906,294.1499938964844,285.82666015625,283.7432861328125,288.3294677734375,285.96875,291.01519775390625,0.0,0.0,0.0,0.0,1.0,1.0,-0.0010039338376373,6.324075041419519e-09,0.0010039274347946,-0.0156202968209981,0.0,0.0,0.0,-0.0079479310661554,60.0,-3.560352325439453,-0.0,-6.871787405771101e-08,0.0,283.1443786621094,288.5085144042969,285.35308837890625,285.36309814453125,293.1499938964844,293.1499938964844,278.1499938964844,0.0,18000.0,313.1499938964844,0.0,18000.0,0.0,0.0,0.0,0.0,0.0,0.0,0.0,0.0,0.0,-0.0,-0.0,-0.0,-6.544322618950674e-21,-3.272161309475337e-21,-3.272161107526945e-21,0.0,0.0,-0.0,0.0,0.0,0.0,-0.0,0.0,0.0,0.0,0.0,0.0,4.0,0.0,0.0
11997240,297.8223571777344,303.1499938964844,285.1499938964844,0.0,-0.0,291.1900634765625,0.0,0.0,9.420923743164168e-05,298.0873718261719,303.1499938964844,285.1499938964844,0.0,-0.0,291.1929931640625,0.0,0.0,9.920727461576462e-05,298.58038330078125,303.1499938964844,285.1499938964844,0.0,-0.0,291.1937866210937,0.0,0.0,7.327434286708012e-05,297.8110656738281,303.1499938964844,285.1499938964844,0.0,-0.0,291.19189453125,0.0,0.0,9.920707088895142e-05,298.02447509765625,303.1499938964844,285.1499938964844,0.0,-0.0,291.19012451171875,0.0,0.0,0.0004705945320893,291.2003479003906,294.1499938964844,285.82666015625,283.7432861328125,288.3294677734375,285.96875,291.01519775390625,0.0,0.0,0.0,0.0,1.0,1.0,-0.0010039338376373,6.324075041419519e-09,0.0010039274347946,-0.0156202968209981,0.0,0.0,0.0,-0.0079479310661554,60.0,-3.560352325439453,-0.0,-6.871787405771101e-08,0.0,283.1443786621094,288.5085144042969,285.35308837890625,285.36309814453125,293.1499938964844,293.1499938964844,278.1499938964844,0.0,18000.0,313.1499938964844,0.0,18000.0,0.0,0.0,0.0,0.0,0.0,0.0,0.0,0.0,0.0,-0.0,-0.0,-0.0,-6.544322618950674e-21,-3.272161309475337e-21,-3.272161107526945e-21,0.0,0.0,-0.0,0.0,0.0,0.0,-0.0,0.0,0.0,0.0,0.0,0.0,4.0,0.0,0.0
11997300,297.8199768066406,303.1499938964844,285.1499938964844,0.0,-0.0,291.1897888183594,0.0,0.0,9.42157712415792e-05,298.0856628417969,303.1499938964844,285.1499938964844,0.0,-0.0,291.1927185058594,0.0,0.0,9.921415039571002e-05,298.5785217285156,303.1499938964844,285.1499938964844,0.0,-0.0,291.1935119628906,0.0,0.0,7.327942148549482e-05,297.8092041015625,303.1499938964844,285.1499938964844,0.0,-0.0,291.1916198730469,0.0,0.0,9.921395394485444e-05,298.02362060546875,303.1499938964844,285.1499938964844,0.0,-0.0,291.1898803710937,0.0,0.0,0.000470627186587,291.19989013671875,294.1499938964844,285.8083190917969,283.7343139648437,288.3070373535156,285.9501953125,291.0140686035156,0.0,0.0,0.0,0.0,1.0,1.0,-0.0010040025226771,6.332113500207015e-09,0.0010039962362498,-0.0156413540244102,0.0,0.0,0.0,-0.0079519161954522,60.0,-3.572456121444702,-0.0,-6.872728164353249e-08,0.0,283.1443786621094,288.5085144042969,285.35308837890625,285.36309814453125,293.1499938964844,293.1499938964844,278.1499938964844,0.0,18000.0,313.1499938964844,0.0,18000.0,0.0,0.0,0.0,0.0,0.0,0.0,0.0,0.0,0.0,-0.0,-0.0,-0.0,-6.544322618950674e-21,-3.272161309475337e-21,-3.272161107526945e-21,0.0,0.0,-0.0,0.0,0.0,0.0,-0.0,0.0,0.0,0.0,0.0,0.0,4.0,0.0,0.0
11997360,297.8168029785156,303.1499938964844,285.1499938964844,0.0,-0.0,291.1895446777344,0.0,0.0,9.422210860066116e-05,298.0839233398437,303.1499938964844,285.1499938964844,0.0,-0.0,291.19244384765625,0.0,0.0,9.922082244884224e-05,298.5766296386719,303.1499938964844,285.1499938964844,0.0,-0.0,291.1932067871094,0.0,0.0,7.328434730879962e-05,297.8073425292969,303.1499938964844,285.1499938964844,0.0,-0.0,291.1913452148437,0.0,0.0,9.922062599798664e-05,298.0228271484375,303.1499938964844,285.1499938964844,0.0,-0.0,291.1896057128906,0.0,0.0,0.0004706588515546,291.1994323730469,294.1499938964844,285.7900085449219,283.725341796875,288.2846374511719,285.931640625,291.012939453125,0.0,0.0,0.0,0.0,1.0,1.0,-0.0010040691122412,6.339901936769365e-09,0.0010040628258138,-0.0156617555767297,0.0,0.0,0.0,-0.0079557765275239,60.0,-3.584553003311157,-0.0,-6.873640501225965e-08,0.0,283.1443786621094,288.5085144042969,285.35308837890625,285.36309814453125,293.1499938964844,293.1499938964844,278.1499938964844,0.0,18000.0,313.1499938964844,0.0,18000.0,0.0,0.0,0.0,0.0,0.0,0.0,0.0,0.0,0.0,-0.0,-0.0,-0.0,-6.544322618950674e-21,-3.272161309475337e-21,-3.272161107526945e-21,0.0,0.0,-0.0,0.0,0.0,0.0,-0.0,0.0,0.0,0.0,0.0,0.0,4.0,0.0,0.0
11997420,297.7776794433594,303.1499938964844,285.1499938964844,0.0,-0.0,291.1889953613281,0.0,0.0,9.423401206731796e-05,298.0806884765625,303.1499938964844,285.1499938964844,0.0,-0.0,291.1918640136719,0.0,0.0,9.923335164785384e-05,298.573974609375,303.1499938964844,285.1499938964844,0.0,-0.0,291.192626953125,0.0,0.0,7.329360232688487e-05,297.80419921875,303.1499938964844,285.1499938964844,0.0,-0.0,291.1907958984375,0.0,0.0,9.923315519699828e-05,298.0255432128906,303.1499938964844,285.1499938964844,0.0,-0.0,291.1890869140625,0.0,0.0,0.0004707183106802,291.1985168457031,294.1499938964844,285.7533264160156,283.70733642578125,288.2399597167969,285.89453125,291.0106811523437,0.0,0.0,0.0,0.0,1.0,1.0,-0.0010041942587122,6.354527570806567e-09,0.0010041878558695,-0.0157000683248043,0.0,0.0,0.0,-0.0079630278050899,60.0,-3.608717679977417,-0.0,-6.875352909219147e-08,0.0,283.1443786621094,288.5085144042969,285.35308837890625,285.36309814453125,293.1499938964844,293.1499938964844,278.1499938964844,0.0,18000.0,313.1499938964844,0.0,18000.0,0.0,0.0,0.0,0.0,0.0,0.0,0.0,0.0,0.0,-0.0,-0.0,-0.0,-6.544322618950674e-21,-3.272161309475337e-21,-3.272161107526945e-21,0.0,0.0,-0.0,0.0,0.0,0.0,-0.0,0.0,0.0,0.0,0.0,0.0,4.0,0.0,0.0
11997480,297.7776794433594,303.1499938964844,285.1499938964844,0.0,-0.0,291.1889953613281,0.0,0.0,9.423401206731796e-05,298.0806884765625,303.1499938964844,285.1499938964844,0.0,-0.0,291.1918640136719,0.0,0.0,9.923335164785384e-05,298.573974609375,303.1499938964844,285.1499938964844,0.0,-0.0,291.192626953125,0.0,0.0,7.329360232688487e-05,297.80419921875,303.1499938964844,285.1499938964844,0.0,-0.0,291.1907958984375,0.0,0.0,9.923315519699828e-05,298.0255432128906,303.1499938964844,285.1499938964844,0.0,-0.0,291.1890869140625,0.0,0.0,0.0004707183106802,291.1985168457031,294.1499938964844,285.7533264160156,283.70733642578125,288.2399597167969,285.89453125,291.0106811523437,0.0,0.0,0.0,0.0,1.0,1.0,-0.0010041942587122,6.354527570806567e-09,0.0010041878558695,-0.0157000683248043,0.0,0.0,0.0,-0.0079630278050899,60.0,-3.608717679977417,-0.0,-6.875352909219147e-08,0.0,283.1443786621094,288.5085144042969,285.35308837890625,285.36309814453125,293.1499938964844,293.1499938964844,278.1499938964844,0.0,18000.0,313.1499938964844,0.0,18000.0,0.0,0.0,0.0,0.0,0.0,0.0,0.0,0.0,0.0,-0.0,-0.0,-0.0,-6.544322618950674e-21,-3.272161309475337e-21,-3.272161107526945e-21,0.0,0.0,-0.0,0.0,0.0,0.0,-0.0,0.0,0.0,0.0,0.0,0.0,4.0,0.0,0.0
11997540,297.7549133300781,303.1499938964844,285.1499938964844,0.0,-0.0,291.1884460449219,0.0,0.0,9.424464224139228e-05,298.0775451660156,303.1499938964844,285.1499938964844,0.0,-0.0,291.1912841796875,0.0,0.0,9.924454207066448e-05,298.57177734375,303.1499938964844,285.1499938964844,0.0,-0.0,291.1920471191406,0.0,0.0,7.330186053877696e-05,297.801513671875,303.1499938964844,285.1499938964844,0.0,-0.0,291.1902160644531,0.0,0.0,9.92443528957665e-05,298.0260314941406,303.1499938964844,285.1499938964844,0.0,-0.0,291.18853759765625,0.0,0.0,0.0004707714251708,291.1975402832031,294.1499938964844,285.7166748046875,283.68927001953125,288.1954040527344,285.8574523925781,291.0083923339844,0.0,0.0,0.0,0.0,1.0,1.0,-0.0010043057845905,6.367566918186185e-09,0.0010042993817478,-0.0157342255115509,0.0,0.0,0.0,-0.0079694921150803,60.0,-3.63283371925354,-0.0,-6.876879865558294e-08,0.0,283.1443786621094,288.5085144042969,285.35308837890625,285.36309814453125,293.1499938964844,293.1499938964844,278.1499938964844,0.0,18000.0,313.1499938964844,0.0,18000.0,0.0,0.0,0.0,0.0,0.0,0.0,0.0,0.0,0.0,-0.0,-0.0,-0.0,-6.544322618950674e-21,-3.272161309475337e-21,-3.272161107526945e-21,0.0,0.0,-0.0,0.0,0.0,0.0,-0.0,0.0,0.0,0.0,0.0,0.0,4.0,0.0,0.0
11997600,297.7549133300781,303.1499938964844,285.1499938964844,0.0,-0.0,291.1884460449219,0.0,0.0,9.424464224139228e-05,298.0775451660156,303.1499938964844,285.1499938964844,0.0,-0.0,291.1912841796875,0.0,0.0,9.924454207066448e-05,298.57177734375,303.1499938964844,285.1499938964844,0.0,-0.0,291.1920471191406,0.0,0.0,7.330186053877696e-05,297.801513671875,303.1499938964844,285.1499938964844,0.0,-0.0,291.1902160644531,0.0,0.0,9.92443528957665e-05,298.0260314941406,303.1499938964844,285.1499938964844,0.0,-0.0,291.18853759765625,0.0,0.0,0.0004707714251708,291.1975402832031,294.1499938964844,285.7166748046875,283.68927001953125,288.1954040527344,285.8574523925781,291.0083923339844,0.0,0.0,0.0,0.0,1.0,1.0,-0.0010043057845905,6.367566918186185e-09,0.0010042993817478,-0.0157342255115509,0.0,0.0,0.0,-0.0079694921150803,60.0,-3.63283371925354,-0.0,-6.876879865558294e-08,0.0,283.1443786621094,288.5085144042969,285.35308837890625,285.36309814453125,293.1499938964844,293.1499938964844,278.1499938964844,0.0,18000.0,313.1499938964844,0.0,18000.0,0.0,0.0,0.0,0.0,0.0,0.0,0.0,0.0,0.0,-0.0,-0.0,-0.0,-6.544322618950674e-21,-3.272161309475337e-21,-3.272161107526945e-21,0.0,0.0,-0.0,0.0,0.0,0.0,-0.0,0.0,0.0,0.0,0.0,0.0,4.0,0.0,0.0
11997660,297.745849609375,303.1499938964844,285.1499938964844,0.0,-0.0,291.1880798339844,0.0,0.0,9.4250644906424e-05,298.0755310058594,303.1499938964844,285.1499938964844,0.0,-0.0,291.1908874511719,0.0,0.0,9.925085760187358e-05,298.5700988769531,303.1499938964844,285.1499938964844,0.0,-0.0,291.191650390625,0.0,0.0,7.330652442760766e-05,297.7997436523437,303.1499938964844,285.1499938964844,0.0,-0.0,291.1898498535156,0.0,0.0,9.9250661151018e-05,298.0256652832031,303.1499938964844,285.1499938964844,0.0,-0.0,291.18817138671875,0.0,0.0,0.0004708013730123,291.1969299316406,294.1499938964844,285.6932067871094,283.6777038574219,288.1669311523437,285.833740234375,291.00689697265625,0.0,0.0,0.0,0.0,1.0,1.0,-0.001004368532449,6.374909489181846e-09,0.0010043622460216,-0.0157534591853618,0.0,0.0,0.0,-0.0079731317237019,60.0,-3.648235559463501,-0.0,-6.8777403328113e-08,0.0,283.1443786621094,288.5085144042969,285.35308837890625,285.36309814453125,293.1499938964844,293.1499938964844,278.1499938964844,0.0,18000.0,313.1499938964844,0.0,18000.0,0.0,0.0,0.0,0.0,0.0,0.0,0.0,0.0,0.0,-0.0,-0.0,-0.0,-6.544322618950674e-21,-3.272161309475337e-21,-3.272161107526945e-21,0.0,0.0,-0.0,0.0,0.0,0.0,-0.0,0.0,0.0,0.0,0.0,0.0,4.0,0.0,0.0
11997720,297.7417297363281,303.1499938964844,285.1499938964844,0.0,-0.0,291.1878967285156,0.0,0.0,9.425370808457956e-05,298.0743713378906,303.1499938964844,285.1499938964844,0.0,-0.0,291.190673828125,0.0,0.0,9.925408085109666e-05,298.569091796875,303.1499938964844,285.1499938964844,0.0,-0.0,291.1914367675781,0.0,0.0,7.33089036657475e-05,297.7987060546875,303.1499938964844,285.1499938964844,0.0,-0.0,291.18963623046875,0.0,0.0,9.925389167619868e-05,298.0253601074219,303.1499938964844,285.1499938964844,0.0,-0.0,291.1879577636719,0.0,0.0,0.0004708166816271,291.1965637207031,294.1499938964844,285.67999267578125,283.6711730957031,288.1509704589844,285.8204040527344,291.0060729980469,0.0,0.0,0.0,0.0,1.0,1.0,-0.0010044005466625,6.378652717131672e-09,0.0010043941438198,-0.0157632641494274,0.0,0.0,0.0,-0.0079749869182705,60.0,-3.6568877696990967,-0.0,-6.878178737679266e-08,0.0,283.1443786621094,288.5085144042969,285.35308837890625,285.36309814453125,293.1499938964844,293.1499938964844,278.1499938964844,0.0,18000.0,313.1499938964844,0.0,18000.0,0.0,0.0,0.0,0.0,0.0,0.0,0.0,0.0,0.0,-0.0,-0.0,-0.0,-6.544322618950674e-21,-3.272161309475337e-21,-3.272161107526945e-21,0.0,0.0,-0.0,0.0,0.0,0.0,-0.0,0.0,0.0,0.0,0.0,0.0,4.0,0.0,0.0
11997780,297.7331237792969,303.1499938964844,285.1499938964844,0.0,-0.0,291.1872863769531,0.0,0.0,9.42609112826176e-05,298.071044921875,303.1499938964844,285.1499938964844,0.0,-0.0,291.1900634765625,0.0,0.0,9.926166239893064e-05,298.5659484863281,303.1499938964844,285.1499938964844,0.0,-0.0,291.1907958984375,0.0,0.0,7.33144988771528e-05,297.7956848144531,303.1499938964844,285.1499938964844,0.0,-0.0,291.18902587890625,0.0,0.0,9.926147322403268e-05,298.02410888671875,303.1499938964844,285.1499938964844,0.0,-0.0,291.1873779296875,0.0,0.0,0.0004708526539616,291.1955871582031,294.1499938964844,285.6433410644531,283.6530456542969,288.106689453125,285.78338623046875,291.0037536621094,0.0,0.0,0.0,0.0,1.0,1.0,-0.001004475634545,6.387425699472261e-09,0.0010044692317023,-0.0157862454652786,0.0,0.0,0.0,-0.007979336194694,60.0,-3.6808671951293945,-0.0,-6.879206182475174e-08,0.0,283.1443786621094,288.5085144042969,285.35308837890625,285.36309814453125,293.1499938964844,293.1499938964844,278.1499938964844,0.0,18000.0,313.1499938964844,0.0,18000.0,0.0,0.0,0.0,0.0,0.0,0.0,0.0,0.0,0.0,-0.0,-0.0,-0.0,-6.544322618950674e-21,-3.272161309475337e-21,-3.272161107526945e-21,0.0,0.0,-0.0,0.0,0.0,0.0,-0.0,0.0,0.0,0.0,0.0,0.0,4.0,0.0,0.0
11997840,297.7331237792969,303.1499938964844,285.1499938964844,0.0,-0.0,291.1872863769531,0.0,0.0,9.42609112826176e-05,298.071044921875,303.1499938964844,285.1499938964844,0.0,-0.0,291.1900634765625,0.0,0.0,9.926166239893064e-05,298.5659484863281,303.1499938964844,285.1499938964844,0.0,-0.0,291.1907958984375,0.0,0.0,7.33144988771528e-05,297.7956848144531,303.1499938964844,285.1499938964844,0.0,-0.0,291.18902587890625,0.0,0.0,9.926147322403268e-05,298.02410888671875,303.1499938964844,285.1499938964844,0.0,-0.0,291.1873779296875,0.0,0.0,0.0004708526539616,291.1955871582031,294.1499938964844,285.6433410644531,283.6530456542969,288.106689453125,285.78338623046875,291.0037536621094,0.0,0.0,0.0,0.0,1.0,1.0,-0.001004475634545,6.387425699472261e-09,0.0010044692317023,-0.0157862454652786,0.0,0.0,0.0,-0.007979336194694,60.0,-3.6808671951293945,-0.0,-6.879206182475174e-08,0.0,283.1443786621094,288.5085144042969,285.35308837890625,285.36309814453125,293.1499938964844,293.1499938964844,278.1499938964844,0.0,18000.0,313.1499938964844,0.0,18000.0,0.0,0.0,0.0,0.0,0.0,0.0,0.0,0.0,0.0,-0.0,-0.0,-0.0,-6.544322618950674e-21,-3.272161309475337e-21,-3.272161107526945e-21,0.0,0.0,-0.0,0.0,0.0,0.0,-0.0,0.0,0.0,0.0,0.0,0.0,4.0,0.0,0.0
11997900,297.7297058105469,303.1499938964844,285.1499938964844,0.0,-0.0,291.1869812011719,0.0,0.0,9.426369069842622e-05,298.0693359375,303.1499938964844,285.1499938964844,0.0,-0.0,291.1897277832031,0.0,0.0,9.926458733389154e-05,298.5642395019531,303.1499938964844,285.1499938964844,0.0,-0.0,291.1904602050781,0.0,0.0,7.331665983656421e-05,297.7940979003906,303.1499938964844,285.1499938964844,0.0,-0.0,291.1886901855469,0.0,0.0,9.926439815899356e-05,298.0233459472656,303.1499938964844,285.1499938964844,0.0,-0.0,291.18707275390625,0.0,0.0,0.0004708665655925,291.195068359375,294.1499938964844,285.625,283.6439514160156,288.0845947265625,285.764892578125,291.0025939941406,0.0,0.0,0.0,0.0,1.0,1.0,-0.0010045043891295,6.390793227950553e-09,0.0010044979862868,-0.0157950650900602,0.0,0.0,0.0,-0.0079810060560703,60.0,-3.6928231716156006,-0.0,-6.87960053369352e-08,0.0,283.1443786621094,288.5085144042969,285.35308837890625,285.36309814453125,293.1499938964844,293.1499938964844,278.1499938964844,0.0,18000.0,313.1499938964844,0.0,18000.0,0.0,0.0,0.0,0.0,0.0,0.0,0.0,0.0,0.0,-0.0,-0.0,-0.0,-6.544322618950674e-21,-3.272161309475337e-21,-3.272161107526945e-21,0.0,0.0,-0.0,0.0,0.0,0.0,-0.0,0.0,0.0,0.0,0.0,0.0,4.0,0.0,0.0
11997960,297.72662353515625,303.1499938964844,285.1499938964844,0.0,-0.0,291.1866760253906,0.0,0.0,9.426596807315946e-05,298.0675964355469,303.1499938964844,285.1499938964844,0.0,-0.0,291.1893920898437,0.0,0.0,9.92669811239466e-05,298.5625,303.1499938964844,285.1499938964844,0.0,-0.0,291.1901550292969,0.0,0.0,7.331842789426446e-05,297.79248046875,303.1499938964844,285.1499938964844,0.0,-0.0,291.1883850097656,0.0,0.0,9.926679194904864e-05,298.0225830078125,303.1499938964844,285.1499938964844,0.0,-0.0,291.186767578125,0.0,0.0,0.0004708779160864,291.1945495605469,294.1499938964844,285.6066589355469,283.63482666015625,288.0625305175781,285.74639892578125,291.0014038085937,0.0,0.0,0.0,0.0,1.0,1.0,-0.0010045277886092,6.3935274852156e-09,0.0010045213857665,-0.0158022288233041,0.0,0.0,0.0,-0.0079823620617389,60.0,-3.704758882522583,-0.0,-6.879920988467347e-08,0.0,283.1443786621094,288.5085144042969,285.35308837890625,285.36309814453125,293.1499938964844,293.1499938964844,278.1499938964844,0.0,18000.0,313.1499938964844,0.0,18000.0,0.0,0.0,0.0,0.0,0.0,0.0,0.0,0.0,0.0,-0.0,-0.0,-0.0,-6.544322618950674e-21,-3.272161309475337e-21,-3.272161107526945e-21,0.0,0.0,-0.0,0.0,0.0,0.0,-0.0,0.0,0.0,0.0,0.0,0.0,4.0,0.0,0.0
11998020,297.7210693359375,303.1499938964844,285.1499938964844,0.0,-0.0,291.1860656738281,0.0,0.0,9.426858014194296e-05,298.0640563964844,303.1499938964844,285.1499938964844,0.0,-0.0,291.1887512207031,0.0,0.0,9.926973143592475e-05,298.5588684082031,303.1499938964844,285.1499938964844,0.0,-0.0,291.1894836425781,0.0,0.0,7.332045788643882e-05,297.7891540527344,303.1499938964844,285.1499938964844,0.0,-0.0,291.187744140625,0.0,0.0,9.92695495369844e-05,298.0209350585937,303.1499938964844,285.1499938964844,0.0,-0.0,291.1861267089844,0.0,0.0,0.0004708910128101,291.19354248046875,294.1499938964844,285.57000732421875,283.6165771484375,288.0185241699219,285.70947265625,290.9990539550781,0.0,0.0,0.0,0.0,1.0,1.0,-0.0010045539820566,6.396593477120405e-09,0.0010045475792139,-0.0158102605491876,0.0,0.0,0.0,-0.0079838819801807,60.0,-3.728555202484131,-0.0,-6.880279812548906e-08,0.0,283.1443786621094,288.5085144042969,285.35308837890625,285.36309814453125,293.1499938964844,293.1499938964844,278.1499938964844,0.0,18000.0,313.1499938964844,0.0,18000.0,0.0,0.0,0.0,0.0,0.0,0.0,0.0,0.0,0.0,-0.0,-0.0,-0.0,-6.544322618950674e-21,-3.272161309475337e-21,-3.272161107526945e-21,0.0,0.0,-0.0,0.0,0.0,0.0,-0.0,0.0,0.0,0.0,0.0,0.0,4.0,0.0,0.0
11998080,297.7210693359375,303.1499938964844,285.1499938964844,0.0,-0.0,291.1860656738281,0.0,0.0,9.426858014194296e-05,298.0640563964844,303.1499938964844,285.1499938964844,0.0,-0.0,291.1887512207031,0.0,0.0,9.926973143592475e-05,298.5588684082031,303.1499938964844,285.1499938964844,0.0,-0.0,291.1894836425781,0.0,0.0,7.332045788643882e-05,297.7891540527344,303.1499938964844,285.1499938964844,0.0,-0.0,291.187744140625,0.0,0.0,9.92695495369844e-05,298.0209350585937,303.1499938964844,285.1499938964844,0.0,-0.0,291.1861267089844,0.0,0.0,0.0004708910128101,291.19354248046875,294.1499938964844,285.57000732421875,283.6165771484375,288.0185241699219,285.70947265625,290.9990539550781,0.0,0.0,0.0,0.0,1.0,1.0,-0.0010045539820566,6.396593477120405e-09,0.0010045475792139,-0.0158102605491876,0.0,0.0,0.0,-0.0079838819801807,60.0,-3.728555202484131,-0.0,-6.880279812548906e-08,0.0,283.1443786621094,288.5085144042969,285.35308837890625,285.36309814453125,293.1499938964844,293.1499938964844,278.1499938964844,0.0,18000.0,313.1499938964844,0.0,18000.0,0.0,0.0,0.0,0.0,0.0,0.0,0.0,0.0,0.0,-0.0,-0.0,-0.0,-6.544322618950674e-21,-3.272161309475337e-21,-3.272161107526945e-21,0.0,0.0,-0.0,0.0,0.0,0.0,-0.0,0.0,0.0,0.0,0.0,0.0,4.0,0.0,0.0
11998140,297.716064453125,303.1499938964844,285.1499938964844,0.0,-0.0,291.1854248046875,0.0,0.0,9.426845645066352e-05,298.0604248046875,303.1499938964844,285.1499938964844,0.0,-0.0,291.1880798339844,0.0,0.0,9.92695931927301e-05,298.5551452636719,303.1499938964844,285.1499938964844,0.0,-0.0,291.18878173828125,0.0,0.0,7.332035602303222e-05,297.78582763671875,303.1499938964844,285.1499938964844,0.0,-0.0,291.18707275390625,0.0,0.0,9.926941129378974e-05,298.01922607421875,303.1499938964844,285.1499938964844,0.0,-0.0,291.1854858398437,0.0,0.0,0.0004708903725259,291.1924743652344,294.1499938964844,285.5333251953125,283.5982971191406,287.974609375,285.672607421875,290.9966735839844,0.0,0.0,0.0,0.0,1.0,1.0,-0.0010045510716736,6.396240426198574e-09,0.0010045446688309,-0.0158093348145484,0.0,0.0,0.0,-0.0079837068915367,60.0,-3.752236843109131,-0.0,-6.880238601070232e-08,0.0,283.1443786621094,288.5085144042969,285.35308837890625,285.36309814453125,293.1499938964844,293.1499938964844,278.1499938964844,0.0,18000.0,313.1499938964844,0.0,18000.0,0.0,0.0,0.0,0.0,0.0,0.0,0.0,0.0,0.0,-0.0,-0.0,-0.0,-6.544322618950674e-21,-3.272161309475337e-21,-3.272161107526945e-21,0.0,0.0,-0.0,0.0,0.0,0.0,-0.0,0.0,0.0,0.0,0.0,0.0,4.0,0.0,0.0
11998200,297.716064453125,303.1499938964844,285.1499938964844,0.0,-0.0,291.1854248046875,0.0,0.0,9.426845645066352e-05,298.0604248046875,303.1499938964844,285.1499938964844,0.0,-0.0,291.1880798339844,0.0,0.0,9.92695931927301e-05,298.5551452636719,303.1499938964844,285.1499938964844,0.0,-0.0,291.18878173828125,0.0,0.0,7.332035602303222e-05,297.78582763671875,303.1499938964844,285.1499938964844,0.0,-0.0,291.18707275390625,0.0,0.0,9.926941129378974e-05,298.01922607421875,303.1499938964844,285.1499938964844,0.0,-0.0,291.1854858398437,0.0,0.0,0.0004708903725259,291.1924743652344,294.1499938964844,285.5333251953125,283.5982971191406,287.974609375,285.672607421875,290.9966735839844,0.0,0.0,0.0,0.0,1.0,1.0,-0.0010045510716736,6.396240426198574e-09,0.0010045446688309,-0.0158093348145484,0.0,0.0,0.0,-0.0079837068915367,60.0,-3.752236843109131,-0.0,-6.880238601070232e-08,0.0,283.1443786621094,288.5085144042969,285.35308837890625,285.36309814453125,293.1499938964844,293.1499938964844,278.1499938964844,0.0,18000.0,313.1499938964844,0.0,18000.0,0.0,0.0,0.0,0.0,0.0,0.0,0.0,0.0,0.0,-0.0,-0.0,-0.0,-6.544322618950674e-21,-3.272161309475337e-21,-3.272161107526945e-21,0.0,0.0,-0.0,0.0,0.0,0.0,-0.0,0.0,0.0,0.0,0.0,0.0,4.0,0.0,0.0
11998260,297.71142578125,303.1499938964844,285.1499938964844,0.0,-0.0,291.18475341796875,0.0,0.0,9.426524775335564e-05,298.0567321777344,303.1499938964844,285.1499938964844,0.0,-0.0,291.1873779296875,0.0,0.0,9.92662098724395e-05,298.5513610839844,303.1499938964844,285.1499938964844,0.0,-0.0,291.1880798339844,0.0,0.0,7.331785309361294e-05,297.7825012207031,303.1499938964844,285.1499938964844,0.0,-0.0,291.1864013671875,0.0,0.0,9.926602797349916e-05,298.0174865722656,303.1499938964844,285.1499938964844,0.0,-0.0,291.184814453125,0.0,0.0,0.0004708743363153,291.19140625,294.1499938964844,285.4966735839844,283.5799560546875,287.9308776855469,285.6357727050781,290.9942626953125,0.0,0.0,0.0,0.0,1.0,1.0,-0.0010045152157545,6.392049556325219e-09,0.0010045088129118,-0.0157983563840389,0.0,0.0,0.0,-0.0079816291108727,60.0,-3.775790214538574,-0.0,-6.879747616039823e-08,0.0,283.1443786621094,288.5085144042969,285.35308837890625,285.36309814453125,293.1499938964844,293.1499938964844,278.1499938964844,0.0,18000.0,313.1499938964844,0.0,18000.0,0.0,0.0,0.0,0.0,0.0,0.0,0.0,0.0,0.0,-0.0,-0.0,-0.0,-6.544322618950674e-21,-3.272161309475337e-21,-3.272161107526945e-21,0.0,0.0,-0.0,0.0,0.0,0.0,-0.0,0.0,0.0,0.0,0.0,0.0,4.0,0.0,0.0
11998320,297.71142578125,303.1499938964844,285.1499938964844,0.0,-0.0,291.18475341796875,0.0,0.0,9.426524775335564e-05,298.0567321777344,303.1499938964844,285.1499938964844,0.0,-0.0,291.1873779296875,0.0,0.0,9.92662098724395e-05,298.5513610839844,303.1499938964844,285.1499938964844,0.0,-0.0,291.1880798339844,0.0,0.0,7.331785309361294e-05,297.7825012207031,303.1499938964844,285.1499938964844,0.0,-0.0,291.1864013671875,0.0,0.0,9.926602797349916e-05,298.0174865722656,303.1499938964844,285.1499938964844,0.0,-0.0,291.184814453125,0.0,0.0,0.0004708743363153,291.19140625,294.1499938964844,285.4966735839844,283.5799560546875,287.9308776855469,285.6357727050781,290.9942626953125,0.0,0.0,0.0,0.0,1.0,1.0,-0.0010045152157545,6.392049556325219e-09,0.0010045088129118,-0.0157983563840389,0.0,0.0,0.0,-0.0079816291108727,60.0,-3.775790214538574,-0.0,-6.879747616039823e-08,0.0,283.1443786621094,288.5085144042969,285.35308837890625,285.36309814453125,293.1499938964844,293.1499938964844,278.1499938964844,0.0,18000.0,313.1499938964844,0.0,18000.0,0.0,0.0,0.0,0.0,0.0,0.0,0.0,0.0,0.0,-0.0,-0.0,-0.0,-6.544322618950674e-21,-3.272161309475337e-21,-3.272161107526945e-21,0.0,0.0,-0.0,0.0,0.0,0.0,-0.0,0.0,0.0,0.0,0.0,0.0,4.0,0.0,0.0
11998380,297.70703125,303.1499938964844,285.1499938964844,0.0,-0.0,291.18408203125,0.0,0.0,9.425858297618106e-05,298.0529479980469,303.1499938964844,285.1499938964844,0.0,-0.0,291.1866760253906,0.0,0.0,9.925918857334182e-05,298.54754638671875,303.1499938964844,285.1499938964844,0.0,-0.0,291.1873474121094,0.0,0.0,7.331266533583403e-05,297.7792663574219,303.1499938964844,285.1499938964844,0.0,-0.0,291.1856994628906,0.0,0.0,9.925900667440146e-05,298.0157165527344,303.1499938964844,285.1499938964844,0.0,-0.0,291.18414306640625,0.0,0.0,0.0004708410415332,291.1903381347656,294.1499938964844,285.4599914550781,283.5615539550781,287.8872375488281,285.5990295410156,290.9918518066406,0.0,0.0,0.0,0.0,1.0,1.0,-0.0010044425725936,6.383555017919207e-09,0.0010044361697509,-0.0157761052250862,0.0,0.0,0.0,-0.0079774176701903,60.0,-3.79919958114624,-0.0,-6.878752856209759e-08,0.0,283.1443786621094,288.5085144042969,285.35308837890625,285.36309814453125,293.1499938964844,293.1499938964844,278.1499938964844,0.0,18000.0,313.1499938964844,0.0,18000.0,0.0,0.0,0.0,0.0,0.0,0.0,0.0,0.0,0.0,-0.0,-0.0,-0.0,-6.544322618950674e-21,-3.272161309475337e-21,-3.272161107526945e-21,0.0,0.0,-0.0,0.0,0.0,0.0,-0.0,0.0,0.0,0.0,0.0,0.0,4.0,0.0,0.0
11998440,297.70703125,303.1499938964844,285.1499938964844,0.0,-0.0,291.18408203125,0.0,0.0,9.425858297618106e-05,298.0529479980469,303.1499938964844,285.1499938964844,0.0,-0.0,291.1866760253906,0.0,0.0,9.925918857334182e-05,298.54754638671875,303.1499938964844,285.1499938964844,0.0,-0.0,291.1873474121094,0.0,0.0,7.331266533583403e-05,297.7792663574219,303.1499938964844,285.1499938964844,0.0,-0.0,291.1856994628906,0.0,0.0,9.925900667440146e-05,298.0157165527344,303.1499938964844,285.1499938964844,0.0,-0.0,291.18414306640625,0.0,0.0,0.0004708410415332,291.1903381347656,294.1499938964844,285.4599914550781,283.5615539550781,287.8872375488281,285.5990295410156,290.9918518066406,0.0,0.0,0.0,0.0,1.0,1.0,-0.0010044425725936,6.383555017919207e-09,0.0010044361697509,-0.0157761052250862,0.0,0.0,0.0,-0.0079774176701903,60.0,-3.79919958114624,-0.0,-6.878752856209759e-08,0.0,283.1443786621094,288.5085144042969,285.35308837890625,285.36309814453125,293.1499938964844,293.1499938964844,278.1499938964844,0.0,18000.0,313.1499938964844,0.0,18000.0,0.0,0.0,0.0,0.0,0.0,0.0,0.0,0.0,0.0,-0.0,-0.0,-0.0,-6.544322618950674e-21,-3.272161309475337e-21,-3.272161107526945e-21,0.0,0.0,-0.0,0.0,0.0,0.0,-0.0,0.0,0.0,0.0,0.0,0.0,4.0,0.0,0.0
11998500,297.7049255371094,303.1499938964844,285.1499938964844,0.0,-0.0,291.1837158203125,0.0,0.0,9.425381722394376e-05,298.0510559082031,303.1499938964844,285.1499938964844,0.0,-0.0,291.1863098144531,0.0,0.0,9.925416816258804e-05,298.5456237792969,303.1499938964844,285.1499938964844,0.0,-0.0,291.1869812011719,0.0,0.0,7.330895459745079e-05,297.7776794433594,303.1499938964844,285.1499938964844,0.0,-0.0,291.1853332519531,0.0,0.0,9.925398626364768e-05,298.01483154296875,303.1499938964844,285.1499938964844,0.0,-0.0,291.1838073730469,0.0,0.0,0.0004708172345999,291.1897888183594,294.1499938964844,285.4416809082031,283.5523376464844,287.8654479980469,285.5806884765625,290.9906311035156,0.0,0.0,0.0,0.0,1.0,1.0,-0.0010043910006061,6.377522954181813e-09,0.0010043845977634,-0.0157603044062852,0.0,0.0,0.0,-0.0079744281247258,60.0,-3.810842752456665,-0.0,-6.878045866187676e-08,0.0,283.1443786621094,288.5085144042969,285.35308837890625,285.36309814453125,293.1499938964844,293.1499938964844,278.1499938964844,0.0,18000.0,313.1499938964844,0.0,18000.0,0.0,0.0,0.0,0.0,0.0,0.0,0.0,0.0,0.0,-0.0,-0.0,-0.0,-6.544322618950674e-21,-3.272161309475337e-21,-3.272161107526945e-21,0.0,0.0,-0.0,0.0,0.0,0.0,-0.0,0.0,0.0,0.0,0.0,0.0,4.0,0.0,0.0
11998560,297.702880859375,303.1499938964844,285.1499938964844,0.0,-0.0,291.1833801269531,0.0,0.0,9.424802556168288e-05,298.04913330078125,303.1499938964844,285.1499938964844,0.0,-0.0,291.1859436035156,0.0,0.0,9.924807091010734e-05,298.543701171875,303.1499938964844,285.1499938964844,0.0,-0.0,291.1866149902344,0.0,0.0,7.330445077968761e-05,297.776123046875,303.1499938964844,285.1499938964844,0.0,-0.0,291.1849670410156,0.0,0.0,9.9247889011167e-05,298.0139465332031,303.1499938964844,285.1499938964844,0.0,-0.0,291.1834411621094,0.0,0.0,0.0004707883344963,291.1892395019531,294.1499938964844,285.42333984375,283.5430908203125,287.8437194824219,285.5623779296875,290.9894104003906,0.0,0.0,0.0,0.0,1.0,1.0,-0.0010043284855782,6.37021635441215e-09,0.0010043220827355,-0.0157411638647317,0.0,0.0,0.0,-0.0079708052799105,60.0,-3.822443246841431,-0.0,-6.877190372733821e-08,0.0,283.1443786621094,288.5085144042969,285.35308837890625,285.36309814453125,293.1499938964844,293.1499938964844,278.1499938964844,0.0,18000.0,313.1499938964844,0.0,18000.0,0.0,0.0,0.0,0.0,0.0,0.0,0.0,0.0,0.0,-0.0,-0.0,-0.0,-6.544322618950674e-21,-3.272161309475337e-21,-3.272161107526945e-21,0.0,0.0,-0.0,0.0,0.0,0.0,-0.0,0.0,0.0,0.0,0.0,0.0,4.0,0.0,0.0
11998620,297.6990051269531,303.1499938964844,285.1499938964844,0.0,-0.0,291.18267822265625,0.0,0.0,9.423311712453142e-05,298.0452575683594,303.1499938964844,285.1499938964844,0.0,-0.0,291.1851806640625,0.0,0.0,9.923236211761832e-05,298.5398864746094,303.1499938964844,285.1499938964844,0.0,-0.0,291.1858825683594,0.0,0.0,7.329284562729299e-05,297.7731018066406,303.1499938964844,285.1499938964844,0.0,-0.0,291.1842346191406,0.0,0.0,9.923218749463558e-05,298.0121765136719,303.1499938964844,285.1499938964844,0.0,-0.0,291.1827392578125,0.0,0.0,0.0004707138286903,291.1881103515625,294.1499938964844,285.3866577148437,283.52459716796875,287.80035400390625,285.5258178710937,290.9869689941406,0.0,0.0,0.0,0.0,1.0,1.0,-0.0010041680652648,6.351451808939146e-09,0.0010041616624221,-0.0156920105218887,0.0,0.0,0.0,-0.0079615032300353,60.0,-3.845508813858032,-0.0,-6.874992664052115e-08,0.0,283.1443786621094,288.5085144042969,285.35308837890625,285.36309814453125,293.1499938964844,293.1499938964844,278.1499938964844,0.0,18000.0,313.1499938964844,0.0,18000.0,0.0,0.0,0.0,0.0,0.0,0.0,0.0,0.0,0.0,-0.0,-0.0,-0.0,-6.544322618950674e-21,-3.272161309475337e-21,-3.272161107526945e-21,0.0,0.0,-0.0,0.0,0.0,0.0,-0.0,0.0,0.0,0.0,0.0,0.0,4.0,0.0,0.0
11998680,297.6990051269531,303.1499938964844,285.1499938964844,0.0,-0.0,291.18267822265625,0.0,0.0,9.423311712453142e-05,298.0452575683594,303.1499938964844,285.1499938964844,0.0,-0.0,291.1851806640625,0.0,0.0,9.923236211761832e-05,298.5398864746094,303.1499938964844,285.1499938964844,0.0,-0.0,291.1858825683594,0.0,0.0,7.329284562729299e-05,297.7731018066406,303.1499938964844,285.1499938964844,0.0,-0.0,291.1842346191406,0.0,0.0,9.923218749463558e-05,298.0121765136719,303.1499938964844,285.1499938964844,0.0,-0.0,291.1827392578125,0.0,0.0,0.0004707138286903,291.1881103515625,294.1499938964844,285.3866577148437,283.52459716796875,287.80035400390625,285.5258178710937,290.9869689941406,0.0,0.0,0.0,0.0,1.0,1.0,-0.0010041680652648,6.351451808939146e-09,0.0010041616624221,-0.0156920105218887,0.0,0.0,0.0,-0.0079615032300353,60.0,-3.845508813858032,-0.0,-6.874992664052115e-08,0.0,283.1443786621094,288.5085144042969,285.35308837890625,285.36309814453125,293.1499938964844,293.1499938964844,278.1499938964844,0.0,18000.0,313.1499938964844,0.0,18000.0,0.0,0.0,0.0,0.0,0.0,0.0,0.0,0.0,0.0,-0.0,-0.0,-0.0,-6.544322618950674e-21,-3.272161309475337e-21,-3.272161107526945e-21,0.0,0.0,-0.0,0.0,0.0,0.0,-0.0,0.0,0.0,0.0,0.0,0.0,4.0,0.0,0.0
11998740,297.6954040527344,303.1499938964844,285.1499938964844,0.0,-0.0,291.18194580078125,0.0,0.0,9.42132537602447e-05,298.0413513183594,303.1499938964844,285.1499938964844,0.0,-0.0,291.1844177246094,0.0,0.0,9.921143646351992e-05,298.5360717773437,303.1499938964844,285.1499938964844,0.0,-0.0,291.1850891113281,0.0,0.0,7.327739149332047e-05,297.770263671875,303.1499938964844,285.1499938964844,0.0,-0.0,291.1835021972656,0.0,0.0,9.92112691164948e-05,298.0104675292969,303.1499938964844,285.1499938964844,0.0,-0.0,291.1820068359375,0.0,0.0,0.0004706146137323,291.1869812011719,294.1499938964844,285.3500061035156,283.5060729980469,287.7571105957031,285.4893493652344,290.9844970703125,0.0,0.0,0.0,0.0,1.0,1.0,-0.0010039547923952,6.3265170879844845e-09,0.0010039485059678,-0.0156266950070858,0.0,0.0,0.0,-0.0079491417855024,60.0,-3.868360757827759,-0.0,-6.872073043950877e-08,0.0,283.1443786621094,288.5085144042969,285.35308837890625,285.36309814453125,293.1499938964844,293.1499938964844,278.1499938964844,0.0,18000.0,313.1499938964844,0.0,18000.0,0.0,0.0,0.0,0.0,0.0,0.0,0.0,0.0,0.0,-0.0,-0.0,-0.0,-6.544322618950674e-21,-3.272161309475337e-21,-3.272161107526945e-21,0.0,0.0,-0.0,0.0,0.0,0.0,-0.0,0.0,0.0,0.0,0.0,0.0,4.0,0.0,0.0
11998800,297.6954040527344,303.1499938964844,285.1499938964844,0.0,-0.0,291.18194580078125,0.0,0.0,9.42132537602447e-05,298.0413513183594,303.1499938964844,285.1499938964844,0.0,-0.0,291.1844177246094,0.0,0.0,9.921143646351992e-05,298.5360717773437,303.1499938964844,285.1499938964844,0.0,-0.0,291.1850891113281,0.0,0.0,7.327739149332047e-05,297.770263671875,303.1499938964844,285.1499938964844,0.0,-0.0,291.1835021972656,0.0,0.0,9.92112691164948e-05,298.0104675292969,303.1499938964844,285.1499938964844,0.0,-0.0,291.1820068359375,0.0,0.0,0.0004706146137323,291.1869812011719,294.1499938964844,285.3500061035156,283.5060729980469,287.7571105957031,285.4893493652344,290.9844970703125,0.0,0.0,0.0,0.0,1.0,1.0,-0.0010039547923952,6.3265170879844845e-09,0.0010039485059678,-0.0156266950070858,0.0,0.0,0.0,-0.0079491417855024,60.0,-3.868360757827759,-0.0,-6.872073043950877e-08,0.0,283.1443786621094,288.5085144042969,285.35308837890625,285.36309814453125,293.1499938964844,293.1499938964844,278.1499938964844,0.0,18000.0,313.1499938964844,0.0,18000.0,0.0,0.0,0.0,0.0,0.0,0.0,0.0,0.0,0.0,-0.0,-0.0,-0.0,-6.544322618950674e-21,-3.272161309475337e-21,-3.272161107526945e-21,0.0,0.0,-0.0,0.0,0.0,0.0,-0.0,0.0,0.0,0.0,0.0,0.0,4.0,0.0,0.0
11998860,297.6929931640625,303.1499938964844,285.1499938964844,0.0,-0.0,291.181396484375,0.0,0.0,9.419558773515746e-05,298.0385437011719,303.1499938964844,285.1499938964844,0.0,-0.0,291.1838684082031,0.0,0.0,9.919283911585808e-05,298.5333251953125,303.1499938964844,285.1499938964844,0.0,-0.0,291.1845397949219,0.0,0.0,7.326364720938727e-05,297.7683410644531,303.1499938964844,285.1499938964844,0.0,-0.0,291.1829528808594,0.0,0.0,9.919267176883297e-05,298.0092468261719,303.1499938964844,285.1499938964844,0.0,-0.0,291.18145751953125,0.0,0.0,0.0004705264000222,291.1861572265625,294.1499938964844,285.3236083984375,283.492431640625,287.7260437011719,285.4631652832031,290.98272705078125,0.0,0.0,0.0,0.0,1.0,1.0,-0.0010037655010819,6.304382349497928e-09,0.0010037592146545,-0.0155687117949128,0.0,0.0,0.0,-0.0079381689429283,60.0,-3.8846709728240967,-0.0,-6.86948169459356e-08,0.0,283.1443786621094,288.5085144042969,285.35308837890625,285.36309814453125,293.1499938964844,293.1499938964844,278.1499938964844,0.0,18000.0,313.1499938964844,0.0,18000.0,0.0,0.0,0.0,0.0,0.0,0.0,0.0,0.0,0.0,-0.0,-0.0,-0.0,-6.544322618950674e-21,-3.272161309475337e-21,-3.272161107526945e-21,0.0,0.0,-0.0,0.0,0.0,0.0,-0.0,0.0,0.0,0.0,0.0,0.0,4.0,0.0,0.0
11998920,297.6921081542969,303.1499938964844,285.1499938964844,0.0,-0.0,291.1811828613281,0.0,0.0,9.418795525562018e-05,298.03741455078125,303.1499938964844,285.1499938964844,0.0,-0.0,291.18365478515625,0.0,0.0,9.91847919067368e-05,298.5322570800781,303.1499938964844,285.1499938964844,0.0,-0.0,291.184326171875,0.0,0.0,7.32577100279741e-05,297.7676086425781,303.1499938964844,285.1499938964844,0.0,-0.0,291.1827392578125,0.0,0.0,9.918462455971166e-05,298.0087890625,303.1499938964844,285.1499938964844,0.0,-0.0,291.1812438964844,0.0,0.0,0.0004704882449004,291.1858215332031,294.1499938964844,285.3133239746094,283.48699951171875,287.7139892578125,285.4530029296875,290.9820251464844,0.0,0.0,0.0,0.0,1.0,1.0,-0.0010036836611106,6.2948162238285485e-09,0.0010036773746833,-0.0155436526983976,0.0,0.0,0.0,-0.0079334266483783,60.0,-3.890981674194336,-0.0,-6.868361879242002e-08,0.0,283.1443786621094,288.5085144042969,285.35308837890625,285.36309814453125,293.1499938964844,293.1499938964844,278.1499938964844,0.0,18000.0,313.1499938964844,0.0,18000.0,0.0,0.0,0.0,0.0,0.0,0.0,0.0,0.0,0.0,-0.0,-0.0,-0.0,-6.544322618950674e-21,-3.272161309475337e-21,-3.272161107526945e-21,0.0,0.0,-0.0,0.0,0.0,0.0,-0.0,0.0,0.0,0.0,0.0,0.0,4.0,0.0,0.0
11998980,297.6891174316406,303.1499938964844,285.1499938964844,0.0,-0.0,291.180419921875,0.0,0.0,9.415714157512411e-05,298.033447265625,303.1499938964844,285.1499938964844,0.0,-0.0,291.182861328125,0.0,0.0,9.915234113577752e-05,298.5284729003906,303.1499938964844,285.1499938964844,0.0,-0.0,291.1835021972656,0.0,0.0,7.323373574763536e-05,297.76513671875,303.1499938964844,285.1499938964844,0.0,-0.0,291.18194580078125,0.0,0.0,9.91521737887524e-05,298.00714111328125,303.1499938964844,285.1499938964844,0.0,-0.0,291.18048095703125,0.0,0.0,0.0004703343147411,291.1846618652344,294.1499938964844,285.27667236328125,283.4669189453125,287.6709899902344,285.4167785644531,290.9795227050781,0.0,0.0,0.0,0.0,1.0,1.0,-0.0010033538565039,6.2562413027933425e-09,0.0010033475700765,-0.0154426051303744,0.0,0.0,0.0,-0.0079143038019537,60.0,-3.91334867477417,-0.0,-6.863847801241718e-08,0.0,283.1443786621094,288.5085144042969,285.35308837890625,285.36309814453125,293.1499938964844,293.1499938964844,278.1499938964844,0.0,18000.0,313.1499938964844,0.0,18000.0,0.0,0.0,0.0,0.0,0.0,0.0,0.0,0.0,0.0,-0.0,-0.0,-0.0,-6.544322618950674e-21,-3.272161309475337e-21,-3.272161107526945e-21,0.0,0.0,-0.0,0.0,0.0,0.0,-0.0,0.0,0.0,0.0,0.0,0.0,4.0,0.0,0.0
11999040,297.6891174316406,303.1499938964844,285.1499938964844,0.0,-0.0,291.180419921875,0.0,0.0,9.415714157512411e-05,298.033447265625,303.1499938964844,285.1499938964844,0.0,-0.0,291.182861328125,0.0,0.0,9.915234113577752e-05,298.5284729003906,303.1499938964844,285.1499938964844,0.0,-0.0,291.1835021972656,0.0,0.0,7.323373574763536e-05,297.76513671875,303.1499938964844,285.1499938964844,0.0,-0.0,291.18194580078125,0.0,0.0,9.91521737887524e-05,298.00714111328125,303.1499938964844,285.1499938964844,0.0,-0.0,291.18048095703125,0.0,0.0,0.0004703343147411,291.1846618652344,294.1499938964844,285.27667236328125,283.4669189453125,287.6709899902344,285.4167785644531,290.9795227050781,0.0,0.0,0.0,0.0,1.0,1.0,-0.0010033538565039,6.2562413027933425e-09,0.0010033475700765,-0.0154426051303744,0.0,0.0,0.0,-0.0079143038019537,60.0,-3.91334867477417,-0.0,-6.863847801241718e-08,0.0,283.1443786621094,288.5085144042969,285.35308837890625,285.36309814453125,293.1499938964844,293.1499938964844,278.1499938964844,0.0,18000.0,313.1499938964844,0.0,18000.0,0.0,0.0,0.0,0.0,0.0,0.0,0.0,0.0,0.0,-0.0,-0.0,-0.0,-6.544322618950674e-21,-3.272161309475337e-21,-3.272161107526945e-21,0.0,0.0,-0.0,0.0,0.0,0.0,-0.0,0.0,0.0,0.0,0.0,0.0,4.0,0.0,0.0
11999100,297.6877746582031,303.1499938964844,285.1499938964844,0.0,-0.0,291.1800537109375,0.0,0.0,9.41396356211044e-05,298.03143310546875,303.1499938964844,285.1499938964844,0.0,-0.0,291.1824645996094,0.0,0.0,9.91339038591832e-05,298.5265808105469,303.1499938964844,285.1499938964844,0.0,-0.0,291.18310546875,0.0,0.0,7.322011515498161e-05,297.76397705078125,303.1499938964844,285.1499938964844,0.0,-0.0,291.1815490722656,0.0,0.0,9.913373651215808e-05,298.00634765625,303.1499938964844,285.1499938964844,0.0,-0.0,291.1801147460937,0.0,0.0,0.0004702468868345,291.1840515136719,294.1499938964844,285.2583312988281,283.4565124511719,287.6495361328125,285.3987121582031,290.978271484375,0.0,0.0,0.0,0.0,1.0,1.0,-0.0010031665442511,6.234340599320376e-09,0.001003160374239,-0.0153852347284555,0.0,0.0,0.0,-0.0079034464433789,60.0,-3.924431562423706,-0.0,-6.861285584136567e-08,0.0,283.1443786621094,288.5085144042969,285.35308837890625,285.36309814453125,293.1499938964844,293.1499938964844,278.1499938964844,0.0,18000.0,313.1499938964844,0.0,18000.0,0.0,0.0,0.0,0.0,0.0,0.0,0.0,0.0,0.0,-0.0,-0.0,-0.0,-6.544322618950674e-21,-3.272161309475337e-21,-3.272161107526945e-21,0.0,0.0,-0.0,0.0,0.0,0.0,-0.0,0.0,0.0,0.0,0.0,0.0,4.0,0.0,0.0
11999160,297.6864929199219,303.1499938964844,285.1499938964844,0.0,-0.0,291.1796569824219,0.0,0.0,9.412074723513796e-05,298.0294494628906,303.1499938964844,285.1499938964844,0.0,-0.0,291.1820373535156,0.0,0.0,9.911401866702364e-05,298.52471923828125,303.1499938964844,285.1499938964844,0.0,-0.0,291.1827087402344,0.0,0.0,7.320542499655858e-05,297.76287841796875,303.1499938964844,285.1499938964844,0.0,-0.0,291.18115234375,0.0,0.0,9.91138513199985e-05,298.0055847167969,303.1499938964844,285.1499938964844,0.0,-0.0,291.1797180175781,0.0,0.0,0.0004701525322161,291.1834716796875,294.1499938964844,285.239990234375,283.4459228515625,287.62811279296875,285.3807067871094,290.9769897460937,0.0,0.0,0.0,0.0,1.0,1.0,-0.0010029645636677,6.210723046962131e-09,0.0010029583936557,-0.0153233669698238,0.0,0.0,0.0,-0.0078917378559708,60.0,-3.935450792312622,-0.0,-6.858522993979932e-08,0.0,283.1443786621094,288.5085144042969,285.35308837890625,285.36309814453125,293.1499938964844,293.1499938964844,278.1499938964844,0.0,18000.0,313.1499938964844,0.0,18000.0,0.0,0.0,0.0,0.0,0.0,0.0,0.0,0.0,0.0,-0.0,-0.0,-0.0,-6.544322618950674e-21,-3.272161309475337e-21,-3.272161107526945e-21,0.0,0.0,-0.0,0.0,0.0,0.0,-0.0,0.0,0.0,0.0,0.0,0.0,4.0,0.0,0.0
11999220,297.6841735839844,303.1499938964844,285.1499938964844,0.0,-0.0,291.1788635253906,0.0,0.0,9.407876495970412e-05,298.025390625,303.1499938964844,285.1499938964844,0.0,-0.0,291.18121337890625,0.0,0.0,9.906980267260224e-05,298.52099609375,303.1499938964844,285.1499938964844,0.0,-0.0,291.1818542480469,0.0,0.0,7.317277049878612e-05,297.7608337402344,303.1499938964844,285.1499938964844,0.0,-0.0,291.1803283691406,0.0,0.0,9.906963532557712e-05,298.0040588378906,303.1499938964844,285.1499938964844,0.0,-0.0,291.1789245605469,0.0,0.0,0.0004699428391177,291.1822814941406,294.1499938964844,285.2033386230469,283.4240417480469,287.5853881835937,285.3447570800781,290.9744567871094,0.0,0.0,0.0,0.0,1.0,1.0,-0.0010025157826021,6.158236587339161e-09,0.00100250961259,-0.0151858758181333,0.0,0.0,0.0,-0.0078657185658812,60.0,-3.9572951793670654,-0.0,-6.852385325828436e-08,0.0,283.1443786621094,288.5085144042969,285.35308837890625,285.36309814453125,293.1499938964844,293.1499938964844,278.1499938964844,0.0,18000.0,313.1499938964844,0.0,18000.0,0.0,0.0,0.0,0.0,0.0,0.0,0.0,0.0,0.0,-0.0,-0.0,-0.0,-6.544322618950674e-21,-3.272161309475337e-21,-3.272161107526945e-21,0.0,0.0,-0.0,0.0,0.0,0.0,-0.0,0.0,0.0,0.0,0.0,0.0,4.0,0.0,0.0
11999280,297.6841735839844,303.1499938964844,285.1499938964844,0.0,-0.0,291.1788635253906,0.0,0.0,9.407876495970412e-05,298.025390625,303.1499938964844,285.1499938964844,0.0,-0.0,291.18121337890625,0.0,0.0,9.906980267260224e-05,298.52099609375,303.1499938964844,285.1499938964844,0.0,-0.0,291.1818542480469,0.0,0.0,7.317277049878612e-05,297.7608337402344,303.1499938964844,285.1499938964844,0.0,-0.0,291.1803283691406,0.0,0.0,9.906963532557712e-05,298.0040588378906,303.1499938964844,285.1499938964844,0.0,-0.0,291.1789245605469,0.0,0.0,0.0004699428391177,291.1822814941406,294.1499938964844,285.2033386230469,283.4240417480469,287.5853881835937,285.3447570800781,290.9744567871094,0.0,0.0,0.0,0.0,1.0,1.0,-0.0010025157826021,6.158236587339161e-09,0.00100250961259,-0.0151858758181333,0.0,0.0,0.0,-0.0078657185658812,60.0,-3.9572951793670654,-0.0,-6.852385325828436e-08,0.0,283.1443786621094,288.5085144042969,285.35308837890625,285.36309814453125,293.1499938964844,293.1499938964844,278.1499938964844,0.0,18000.0,313.1499938964844,0.0,18000.0,0.0,0.0,0.0,0.0,0.0,0.0,0.0,0.0,0.0,-0.0,-0.0,-0.0,-6.544322618950674e-21,-3.272161309475337e-21,-3.272161107526945e-21,0.0,0.0,-0.0,0.0,0.0,0.0,-0.0,0.0,0.0,0.0,0.0,0.0,4.0,0.0,0.0
11999340,297.6821594238281,303.1499938964844,285.1499938964844,0.0,-0.0,291.17803955078125,0.0,0.0,9.40311438171193e-05,298.0213317871094,303.1499938964844,285.1499938964844,0.0,-0.0,291.1803894042969,0.0,0.0,9.901964949676768e-05,298.517333984375,303.1499938964844,285.1499938964844,0.0,-0.0,291.1810302734375,0.0,0.0,7.31357213226147e-05,297.75897216796875,303.1499938964844,285.1499938964844,0.0,-0.0,291.17950439453125,0.0,0.0,9.901948214974254e-05,298.00262451171875,303.1499938964844,285.1499938964844,0.0,-0.0,291.1781005859375,0.0,0.0,0.0004697049444075,291.1810607910156,294.1499938964844,285.1666564941406,283.4013671875,287.5427551269531,285.3090209960937,290.9718933105469,0.0,0.0,0.0,0.0,1.0,1.0,-0.0010020068148151,6.0987259686839934e-09,0.0010020007612183,-0.015029982663691,0.0,0.0,0.0,-0.0078362161293625,60.0,-3.978864192962648,-0.0,-6.84542982298808e-08,0.0,283.1443786621094,288.5085144042969,285.35308837890625,285.36309814453125,293.1499938964844,293.1499938964844,278.1499938964844,0.0,18000.0,313.1499938964844,0.0,18000.0,0.0,0.0,0.0,0.0,0.0,0.0,0.0,0.0,0.0,-0.0,-0.0,-0.0,-6.544322618950674e-21,-3.272161309475337e-21,-3.272161107526945e-21,0.0,0.0,-0.0,0.0,0.0,0.0,-0.0,0.0,0.0,0.0,0.0,0.0,4.0,0.0,0.0
11999400,297.6821594238281,303.1499938964844,285.1499938964844,0.0,-0.0,291.17803955078125,0.0,0.0,9.40311438171193e-05,298.0213317871094,303.1499938964844,285.1499938964844,0.0,-0.0,291.1803894042969,0.0,0.0,9.901964949676768e-05,298.517333984375,303.1499938964844,285.1499938964844,0.0,-0.0,291.1810302734375,0.0,0.0,7.31357213226147e-05,297.75897216796875,303.1499938964844,285.1499938964844,0.0,-0.0,291.17950439453125,0.0,0.0,9.901948214974254e-05,298.00262451171875,303.1499938964844,285.1499938964844,0.0,-0.0,291.1781005859375,0.0,0.0,0.0004697049444075,291.1810607910156,294.1499938964844,285.1666564941406,283.4013671875,287.5427551269531,285.3090209960937,290.9718933105469,0.0,0.0,0.0,0.0,1.0,1.0,-0.0010020068148151,6.0987259686839934e-09,0.0010020007612183,-0.015029982663691,0.0,0.0,0.0,-0.0078362161293625,60.0,-3.978864192962648,-0.0,-6.84542982298808e-08,0.0,283.1443786621094,288.5085144042969,285.35308837890625,285.36309814453125,293.1499938964844,293.1499938964844,278.1499938964844,0.0,18000.0,313.1499938964844,0.0,18000.0,0.0,0.0,0.0,0.0,0.0,0.0,0.0,0.0,0.0,-0.0,-0.0,-0.0,-6.544322618950674e-21,-3.272161309475337e-21,-3.272161107526945e-21,0.0,0.0,-0.0,0.0,0.0,0.0,-0.0,0.0,0.0,0.0,0.0,0.0,4.0,0.0,0.0
11999460,297.68048095703125,303.1499938964844,285.1499938964844,0.0,-0.0,291.1772155761719,0.0,0.0,9.397791291121392e-05,298.0172424316406,303.1499938964844,285.1499938964844,0.0,-0.0,291.1795349121094,0.0,0.0,9.89635882433504e-05,298.5137023925781,303.1499938964844,285.1499938964844,0.0,-0.0,291.1801452636719,0.0,0.0,7.309431384783238e-05,297.7572937011719,303.1499938964844,285.1499938964844,0.0,-0.0,291.1786499023437,0.0,0.0,9.896342817228287e-05,298.00128173828125,303.1499938964844,285.1499938964844,0.0,-0.0,291.1772766113281,0.0,0.0,0.0004694390518125,291.1798095703125,294.1499938964844,285.1300048828125,283.3779602050781,287.5002746582031,285.2734069824219,290.9693298339844,0.0,0.0,0.0,0.0,1.0,1.0,-0.0010014381259679,6.032231603114724e-09,0.0010014321887865,-0.0148557936772704,0.0,0.0,0.0,-0.0078032524324953,60.0,-4.000153541564941,-0.0,-6.837662169800751e-08,0.0,283.1443786621094,288.5085144042969,285.35308837890625,285.36309814453125,293.1499938964844,293.1499938964844,278.1499938964844,0.0,18000.0,313.1499938964844,0.0,18000.0,0.0,0.0,0.0,0.0,0.0,0.0,0.0,0.0,0.0,-0.0,-0.0,-0.0,-6.544322618950674e-21,-3.272161309475337e-21,-3.272161107526945e-21,0.0,0.0,-0.0,0.0,0.0,0.0,-0.0,0.0,0.0,0.0,0.0,0.0,4.0,0.0,0.0
11999520,297.68048095703125,303.1499938964844,285.1499938964844,0.0,-0.0,291.1772155761719,0.0,0.0,9.397791291121392e-05,298.0172424316406,303.1499938964844,285.1499938964844,0.0,-0.0,291.1795349121094,0.0,0.0,9.89635882433504e-05,298.5137023925781,303.1499938964844,285.1499938964844,0.0,-0.0,291.1801452636719,0.0,0.0,7.309431384783238e-05,297.7572937011719,303.1499938964844,285.1499938964844,0.0,-0.0,291.1786499023437,0.0,0.0,9.896342817228287e-05,298.00128173828125,303.1499938964844,285.1499938964844,0.0,-0.0,291.1772766113281,0.0,0.0,0.0004694390518125,291.1798095703125,294.1499938964844,285.1300048828125,283.3779602050781,287.5002746582031,285.2734069824219,290.9693298339844,0.0,0.0,0.0,0.0,1.0,1.0,-0.0010014381259679,6.032231603114724e-09,0.0010014321887865,-0.0148557936772704,0.0,0.0,0.0,-0.0078032524324953,60.0,-4.000153541564941,-0.0,-6.837662169800751e-08,0.0,283.1443786621094,288.5085144042969,285.35308837890625,285.36309814453125,293.1499938964844,293.1499938964844,278.1499938964844,0.0,18000.0,313.1499938964844,0.0,18000.0,0.0,0.0,0.0,0.0,0.0,0.0,0.0,0.0,0.0,-0.0,-0.0,-0.0,-6.544322618950674e-21,-3.272161309475337e-21,-3.272161107526945e-21,0.0,0.0,-0.0,0.0,0.0,0.0,-0.0,0.0,0.0,0.0,0.0,0.0,4.0,0.0,0.0
11999580,297.6791076660156,303.1499938964844,285.1499938964844,0.0,-0.0,291.1763610839844,0.0,0.0,9.39191595534794e-05,298.0131225585937,303.1499938964844,285.1499938964844,0.0,-0.0,291.1786499023437,0.0,0.0,9.890171349979936e-05,298.5101318359375,303.1499938964844,285.1499938964844,0.0,-0.0,291.17926025390625,0.0,0.0,7.30486135580577e-05,297.7557983398437,303.1499938964844,285.1499938964844,0.0,-0.0,291.17779541015625,0.0,0.0,9.890155342873186e-05,298.0,303.1499938964844,285.1499938964844,0.0,-0.0,291.1764221191406,0.0,0.0,0.0004691455687861,291.1785888671875,294.1499938964844,285.09332275390625,283.3538818359375,287.4579467773437,285.2380065917969,290.9667358398437,0.0,0.0,0.0,0.0,1.0,1.0,-0.0010008106473833,5.958856963417247e-09,0.0010008047102019,-0.0146635798737406,0.0,0.0,0.0,-0.0077668773010373,60.0,-4.021172523498535,-0.0,-6.829095866578427e-08,0.0,283.1443786621094,288.5085144042969,285.35308837890625,285.36309814453125,293.1499938964844,293.1499938964844,278.1499938964844,0.0,18000.0,313.1499938964844,0.0,18000.0,0.0,0.0,0.0,0.0,0.0,0.0,0.0,0.0,0.0,-0.0,-0.0,-0.0,-6.544322618950674e-21,-3.272161309475337e-21,-3.272161107526945e-21,0.0,0.0,-0.0,0.0,0.0,0.0,-0.0,0.0,0.0,0.0,0.0,0.0,4.0,0.0,0.0
11999640,297.6791076660156,303.1499938964844,285.1499938964844,0.0,-0.0,291.1763610839844,0.0,0.0,9.39191595534794e-05,298.0131225585937,303.1499938964844,285.1499938964844,0.0,-0.0,291.1786499023437,0.0,0.0,9.890171349979936e-05,298.5101318359375,303.1499938964844,285.1499938964844,0.0,-0.0,291.17926025390625,0.0,0.0,7.30486135580577e-05,297.7557983398437,303.1499938964844,285.1499938964844,0.0,-0.0,291.17779541015625,0.0,0.0,9.890155342873186e-05,298.0,303.1499938964844,285.1499938964844,0.0,-0.0,291.1764221191406,0.0,0.0,0.0004691455687861,291.1785888671875,294.1499938964844,285.09332275390625,283.3538818359375,287.4579467773437,285.2380065917969,290.9667358398437,0.0,0.0,0.0,0.0,1.0,1.0,-0.0010008106473833,5.958856963417247e-09,0.0010008047102019,-0.0146635798737406,0.0,0.0,0.0,-0.0077668773010373,60.0,-4.021172523498535,-0.0,-6.829095866578427e-08,0.0,283.1443786621094,288.5085144042969,285.35308837890625,285.36309814453125,293.1499938964844,293.1499938964844,278.1499938964844,0.0,18000.0,313.1499938964844,0.0,18000.0,0.0,0.0,0.0,0.0,0.0,0.0,0.0,0.0,0.0,-0.0,-0.0,-0.0,-6.544322618950674e-21,-3.272161309475337e-21,-3.272161107526945e-21,0.0,0.0,-0.0,0.0,0.0,0.0,-0.0,0.0,0.0,0.0,0.0,0.0,4.0,0.0,0.0
11999700,297.6785583496094,303.1499938964844,285.1499938964844,0.0,-0.0,291.17596435546875,0.0,0.0,9.388774196850136e-05,298.0110168457031,303.1499938964844,285.1499938964844,0.0,-0.0,291.17822265625,0.0,0.0,9.886862244457006e-05,298.50836181640625,303.1499938964844,285.1499938964844,0.0,-0.0,291.1788330078125,0.0,0.0,7.302417361643165e-05,297.755126953125,303.1499938964844,285.1499938964844,0.0,-0.0,291.1773681640625,0.0,0.0,9.886846964946017e-05,297.9993896484375,303.1499938964844,285.1499938964844,0.0,-0.0,291.1759948730469,0.0,0.0,0.0004689886118285,291.1779479980469,294.1499938964844,285.07501220703125,283.34161376953125,287.4367980957031,285.2203674316406,290.9654541015625,0.0,0.0,0.0,0.0,1.0,1.0,-0.0010004751384258,5.919627010797512e-09,0.0010004693176597,-0.0145608112215995,0.0,0.0,0.0,-0.0077474294230341,60.0,-4.031573295593262,-0.0,-6.824517839731925e-08,0.0,283.1443786621094,288.5085144042969,285.35308837890625,285.36309814453125,293.1499938964844,293.1499938964844,278.1499938964844,0.0,18000.0,313.1499938964844,0.0,18000.0,0.0,0.0,0.0,0.0,0.0,0.0,0.0,0.0,0.0,-0.0,-0.0,-0.0,-6.544322618950674e-21,-3.272161309475337e-21,-3.272161107526945e-21,0.0,0.0,-0.0,0.0,0.0,0.0,-0.0,0.0,0.0,0.0,0.0,0.0,4.0,0.0,0.0
11999760,297.67803955078125,303.1499938964844,285.1499938964844,0.0,-0.0,291.1755065917969,0.0,0.0,9.3855029263068e-05,298.0089416503906,303.1499938964844,285.1499938964844,0.0,-0.0,291.1777648925781,0.0,0.0,9.883417806122452e-05,298.506591796875,303.1499938964844,285.1499938964844,0.0,-0.0,291.1783752441406,0.0,0.0,7.299872959265485e-05,297.7544860839844,303.1499938964844,285.1499938964844,0.0,-0.0,291.17694091796875,0.0,0.0,9.883402526611462e-05,297.9988098144531,303.1499938964844,285.1499938964844,0.0,-0.0,291.1755676269531,0.0,0.0,0.0004688252229243,291.17730712890625,294.1499938964844,285.0566711425781,283.32916259765625,287.41571044921875,285.2027893066406,290.9641418457031,0.0,0.0,0.0,0.0,1.0,1.0,-0.0010001258924603,5.8787890111489105e-09,0.0010001200716942,-0.0144538301974534,0.0,0.0,0.0,-0.0077271843329072,60.0,-4.041907787322998,-0.0,-6.81975436123139e-08,0.0,283.1443786621094,288.5085144042969,285.35308837890625,285.36309814453125,293.1499938964844,293.1499938964844,278.1499938964844,0.0,18000.0,313.1499938964844,0.0,18000.0,0.0,0.0,0.0,0.0,0.0,0.0,0.0,0.0,0.0,-0.0,-0.0,-0.0,-6.544322618950674e-21,-3.272161309475337e-21,-3.272161107526945e-21,0.0,0.0,-0.0,0.0,0.0,0.0,-0.0,0.0,0.0,0.0,0.0,0.0,4.0,0.0,0.0
11999820,297.67724609375,303.1499938964844,285.1499938964844,0.0,-0.0,291.1746520996094,0.0,0.0,9.37857839744538e-05,298.0047607421875,303.1499938964844,285.1499938964844,0.0,-0.0,291.1768798828125,0.0,0.0,9.876125841401516e-05,298.5031433105469,303.1499938964844,285.1499938964844,0.0,-0.0,291.1774597167969,0.0,0.0,7.294487295439467e-05,297.7532958984375,303.1499938964844,285.1499938964844,0.0,-0.0,291.176025390625,0.0,0.0,9.876110561890528e-05,297.9976806640625,303.1499938964844,285.1499938964844,0.0,-0.0,291.1747131347656,0.0,0.0,0.0004684793530032,291.1760559082031,294.1499938964844,285.0199890136719,283.30389404296875,287.3736267089844,285.1677551269531,290.9615173339844,0.0,0.0,0.0,0.0,1.0,1.0,-0.000999386771582,5.792348822808435e-09,0.0009993809508159,-0.0142273856326937,0.0,0.0,0.0,-0.0076843323186039,60.0,-4.062379360198975,-0.0,-6.809676023067368e-08,0.0,283.1443786621094,288.5085144042969,285.35308837890625,285.36309814453125,293.1499938964844,293.1499938964844,278.1499938964844,0.0,18000.0,313.1499938964844,0.0,18000.0,0.0,0.0,0.0,0.0,0.0,0.0,0.0,0.0,0.0,-0.0,-0.0,-0.0,-6.544322618950674e-21,-3.272161309475337e-21,-3.272161107526945e-21,0.0,0.0,-0.0,0.0,0.0,0.0,-0.0,0.0,0.0,0.0,0.0,0.0,4.0,0.0,0.0
11999880,297.67724609375,303.1499938964844,285.1499938964844,0.0,-0.0,291.1746520996094,0.0,0.0,9.37857839744538e-05,298.0047607421875,303.1499938964844,285.1499938964844,0.0,-0.0,291.1768798828125,0.0,0.0,9.876125841401516e-05,298.5031433105469,303.1499938964844,285.1499938964844,0.0,-0.0,291.1774597167969,0.0,0.0,7.294487295439467e-05,297.7532958984375,303.1499938964844,285.1499938964844,0.0,-0.0,291.176025390625,0.0,0.0,9.876110561890528e-05,297.9976806640625,303.1499938964844,285.1499938964844,0.0,-0.0,291.1747131347656,0.0,0.0,0.0004684793530032,291.1760559082031,294.1499938964844,285.0199890136719,283.30389404296875,287.3736267089844,285.1677551269531,290.9615173339844,0.0,0.0,0.0,0.0,1.0,1.0,-0.000999386771582,5.792348822808435e-09,0.0009993809508159,-0.0142273856326937,0.0,0.0,0.0,-0.0076843323186039,60.0,-4.062379360198975,-0.0,-6.809676023067368e-08,0.0,283.1443786621094,288.5085144042969,285.35308837890625,285.36309814453125,293.1499938964844,293.1499938964844,278.1499938964844,0.0,18000.0,313.1499938964844,0.0,18000.0,0.0,0.0,0.0,0.0,0.0,0.0,0.0,0.0,0.0,-0.0,-0.0,-0.0,-6.544322618950674e-21,-3.272161309475337e-21,-3.272161107526945e-21,0.0,0.0,-0.0,0.0,0.0,0.0,-0.0,0.0,0.0,0.0,0.0,0.0,4.0,0.0,0.0
11999940,297.6767272949219,303.1499938964844,285.1499938964844,0.0,-0.0,291.1737670898437,0.0,0.0,9.371172927785663e-05,298.0005187988281,303.1499938964844,285.1499938964844,0.0,-0.0,291.17596435546875,0.0,0.0,9.868326742434874e-05,298.4997253417969,303.1499938964844,285.1499938964844,0.0,-0.0,291.1765441894531,0.0,0.0,7.288726919796318e-05,297.7522888183594,303.1499938964844,285.1499938964844,0.0,-0.0,291.1751403808594,0.0,0.0,9.868312190519646e-05,297.99664306640625,303.1499938964844,285.1499938964844,0.0,-0.0,291.173828125,0.0,0.0,0.0004681094142142,291.1747436523437,294.1499938964844,284.9833374023437,283.27813720703125,287.3316345214844,285.1329345703125,290.9588928222656,0.0,0.0,0.0,0.0,1.0,1.0,-0.0009985961951315,5.6999152064918235e-09,0.0009985904907807,-0.0139852371066808,0.0,0.0,0.0,-0.0076385089196264,60.0,-4.082584381103516,-0.0,-6.798907747906925e-08,0.0,283.1443786621094,288.5085144042969,285.35308837890625,285.36309814453125,293.1499938964844,293.1499938964844,278.1499938964844,0.0,18000.0,313.1499938964844,0.0,18000.0,0.0,0.0,0.0,0.0,0.0,0.0,0.0,0.0,0.0,-0.0,-0.0,-0.0,-6.544322618950674e-21,-3.272161309475337e-21,-3.272161107526945e-21,0.0,0.0,-0.0,0.0,0.0,0.0,-0.0,0.0,0.0,0.0,0.0,0.0,4.0,0.0,0.0
12000000,297.6767272949219,303.1499938964844,285.1499938964844,0.0,-0.0,291.1737670898437,0.0,0.0,9.371172927785663e-05,298.0005187988281,303.1499938964844,285.1499938964844,0.0,-0.0,291.17596435546875,0.0,0.0,9.868326742434874e-05,298.4997253417969,303.1499938964844,285.1499938964844,0.0,-0.0,291.1765441894531,0.0,0.0,7.288726919796318e-05,297.7522888183594,303.1499938964844,285.1499938964844,0.0,-0.0,291.1751403808594,0.0,0.0,9.868312190519646e-05,297.99664306640625,303.1499938964844,285.1499938964844,0.0,-0.0,291.173828125,0.0,0.0,0.0004681094142142,291.1747436523437,294.1499938964844,284.9833374023437,283.27813720703125,287.3316345214844,285.1329345703125,290.9588928222656,0.0,0.0,0.0,0.0,1.0,1.0,-0.0009985961951315,5.6999152064918235e-09,0.0009985904907807,-0.0139852371066808,0.0,0.0,0.0,-0.0076385089196264,60.0,-4.082584381103516,-0.0,-6.798907747906925e-08,0.0,283.1443786621094,288.5085144042969,285.35308837890625,285.36309814453125,293.1499938964844,293.1499938964844,278.1499938964844,0.0,18000.0,313.1499938964844,0.0,18000.0,0.0,0.0,0.0,0.0,0.0,0.0,0.0,0.0,0.0,-0.0,-0.0,-0.0,-6.544322618950674e-21,-3.272161309475337e-21,-3.272161107526945e-21,0.0,0.0,-0.0,0.0,0.0,0.0,-0.0,0.0,0.0,0.0,0.0,0.0,4.0,0.0,0.0
12000060,297.676513671875,303.1499938964844,285.1499938964844,0.0,-0.0,291.17303466796875,0.0,0.0,9.364930156152695e-05,297.9970703125,303.1499938964844,285.1499938964844,0.0,-0.0,291.1752014160156,0.0,0.0,9.86175291473046e-05,298.4970092773437,303.1499938964844,285.1499938964844,0.0,-0.0,291.1758117675781,0.0,0.0,7.283870945684612e-05,297.7515563964844,303.1499938964844,285.1499938964844,0.0,-0.0,291.1744079589844,0.0,0.0,9.86173763521947e-05,297.9958801269531,303.1499938964844,285.1499938964844,0.0,-0.0,291.173095703125,0.0,0.0,0.0004677975666709,291.1737060546875,294.1499938964844,284.9540100097656,283.2572021484375,287.29815673828125,285.105224609375,290.9567565917969,0.0,0.0,0.0,0.0,1.0,1.0,-0.0009979299502447,5.622001975069679e-09,0.0009979242458939,-0.0137811265885829,0.0,0.0,0.0,-0.0075998841784894,60.0,-4.098564624786377,-0.0,-6.789837669884946e-08,0.0,283.1443786621094,288.5085144042969,285.35308837890625,285.36309814453125,293.1499938964844,293.1499938964844,278.1499938964844,0.0,18000.0,313.1499938964844,0.0,18000.0,0.0,0.0,0.0,0.0,0.0,0.0,0.0,0.0,0.0,-0.0,-0.0,-0.0,-6.544322618950674e-21,-3.272161309475337e-21,-3.272161107526945e-21,0.0,0.0,-0.0,0.0,0.0,0.0,-0.0,0.0,0.0,0.0,0.0,0.0,4.0,0.0,0.0
12000120,297.676513671875,303.1499938964844,285.1499938964844,0.0,-0.0,291.1728515625,0.0,0.0,9.363327990286052e-05,297.9961853027344,303.1499938964844,285.1499938964844,0.0,-0.0,291.1750183105469,0.0,0.0,9.86006562015973e-05,298.496337890625,303.1499938964844,285.1499938964844,0.0,-0.0,291.1756286621094,0.0,0.0,7.282624574145302e-05,297.7513732910156,303.1499938964844,285.1499938964844,0.0,-0.0,291.1742248535156,0.0,0.0,9.86005034064874e-05,297.9956970214844,303.1499938964844,285.1499938964844,0.0,-0.0,291.17291259765625,0.0,0.0,0.0004677175602409,291.1734619140625,294.1499938964844,284.9466552734375,283.2519226074219,287.289794921875,285.09832763671875,290.95623779296875,0.0,0.0,0.0,0.0,1.0,1.0,-0.0009977589361369,5.602009078842229e-09,0.0009977533482015,-0.0137287499383091,0.0,0.0,0.0,-0.0075899725779891,60.0,-4.102537631988525,-0.0,-6.787510642425333e-08,0.0,283.1443786621094,288.5085144042969,285.35308837890625,285.36309814453125,293.1499938964844,293.1499938964844,278.1499938964844,0.0,18000.0,313.1499938964844,0.0,18000.0,0.0,0.0,0.0,0.0,0.0,0.0,0.0,0.0,0.0,-0.0,-0.0,-0.0,-6.544322618950674e-21,-3.272161309475337e-21,-3.272161107526945e-21,0.0,0.0,-0.0,0.0,0.0,0.0,-0.0,0.0,0.0,0.0,0.0,0.0,4.0,0.0,0.0
12000180,297.6771545410156,303.1499938964844,285.1499938964844,0.0,-0.0,291.17193603515625,0.0,0.0,9.35509306145832e-05,297.9913330078125,303.1499938964844,285.1499938964844,0.0,-0.0,291.174072265625,0.0,0.0,9.851393406279384e-05,298.4930419921875,303.1499938964844,285.1499938964844,0.0,-0.0,291.1746520996094,0.0,0.0,7.276219548657537e-05,297.7506103515625,303.1499938964844,285.1499938964844,0.0,-0.0,291.1732788085937,0.0,0.0,9.851378854364155e-05,297.9948425292969,303.1499938964844,285.1499938964844,0.0,-0.0,291.1719970703125,0.0,0.0,0.0004673062067013,291.1721496582031,294.1499938964844,284.9100036621094,283.225341796875,287.2480773925781,285.0639343261719,290.9535522460937,0.0,0.0,0.0,0.0,1.0,1.0,-0.0009968801168724,5.499249056128974e-09,0.0009968746453523,-0.0134595446288585,0.0,0.0,0.0,-0.0075390301644802,60.0,-4.122257709503174,-0.0,-6.775559313609848e-08,0.0,283.1443786621094,288.5085144042969,285.35308837890625,285.36309814453125,293.1499938964844,293.1499938964844,278.1499938964844,0.0,18000.0,313.1499938964844,0.0,18000.0,0.0,0.0,0.0,0.0,0.0,0.0,0.0,0.0,0.0,-0.0,-0.0,-0.0,-6.544322618950674e-21,-3.272161309475337e-21,-3.272161107526945e-21,0.0,0.0,-0.0,0.0,0.0,0.0,-0.0,0.0,0.0,0.0,0.0,0.0,4.0,0.0,0.0
12000240,297.6771545410156,303.1499938964844,285.1499938964844,0.0,-0.0,291.17193603515625,0.0,0.0,9.35509306145832e-05,297.9913330078125,303.1499938964844,285.1499938964844,0.0,-0.0,291.174072265625,0.0,0.0,9.851393406279384e-05,298.4930419921875,303.1499938964844,285.1499938964844,0.0,-0.0,291.1746520996094,0.0,0.0,7.276219548657537e-05,297.7506103515625,303.1499938964844,285.1499938964844,0.0,-0.0,291.1732788085937,0.0,0.0,9.851378854364155e-05,297.9948425292969,303.1499938964844,285.1499938964844,0.0,-0.0,291.1719970703125,0.0,0.0,0.0004673062067013,291.1721496582031,294.1499938964844,284.9100036621094,283.225341796875,287.2480773925781,285.0639343261719,290.9535522460937,0.0,0.0,0.0,0.0,1.0,1.0,-0.0009968801168724,5.499249056128974e-09,0.0009968746453523,-0.0134595446288585,0.0,0.0,0.0,-0.0075390301644802,60.0,-4.122257709503174,-0.0,-6.775559313609848e-08,0.0,283.1443786621094,288.5085144042969,285.35308837890625,285.36309814453125,293.1499938964844,293.1499938964844,278.1499938964844,0.0,18000.0,313.1499938964844,0.0,18000.0,0.0,0.0,0.0,0.0,0.0,0.0,0.0,0.0,0.0,-0.0,-0.0,-0.0,-6.544322618950674e-21,-3.272161309475337e-21,-3.272161107526945e-21,0.0,0.0,-0.0,0.0,0.0,0.0,-0.0,0.0,0.0,0.0,0.0,0.0,4.0,0.0,0.0
12000300,297.67779541015625,303.1499938964844,285.1499938964844,0.0,-0.0,291.1714782714844,0.0,0.0,9.350846812594682e-05,297.9886474609375,303.1499938964844,285.1499938964844,0.0,-0.0,291.1736145019531,0.0,0.0,9.846921602729708e-05,298.4914245605469,303.1499938964844,285.1499938964844,0.0,-0.0,291.1741943359375,0.0,0.0,7.272916263900697e-05,297.7502746582031,303.1499938964844,285.1499938964844,0.0,-0.0,291.1728210449219,0.0,0.0,9.84690705081448e-05,297.9944763183594,303.1499938964844,285.1499938964844,0.0,-0.0,291.1715393066406,0.0,0.0,0.0004670940979849,291.1714782714844,294.1499938964844,284.89166259765625,283.2119140625,287.2272644042969,285.0468444824219,290.95220947265625,0.0,0.0,0.0,0.0,1.0,1.0,-0.0009964270284399,5.446259887520455e-09,0.0009964215569198,-0.0133207254111766,0.0,0.0,0.0,-0.0075127612799406,60.0,-4.132033348083496,-0.0,-6.769401039719014e-08,0.0,283.1443786621094,288.5085144042969,285.35308837890625,285.36309814453125,293.1499938964844,293.1499938964844,278.1499938964844,0.0,18000.0,313.1499938964844,0.0,18000.0,0.0,0.0,0.0,0.0,0.0,0.0,0.0,0.0,0.0,-0.0,-0.0,-0.0,-6.544322618950674e-21,-3.272161309475337e-21,-3.272161107526945e-21,0.0,0.0,-0.0,0.0,0.0,0.0,-0.0,0.0,0.0,0.0,0.0,0.0,4.0,0.0,0.0
12000360,297.6786193847656,303.1499938964844,285.1499938964844,0.0,-0.0,291.1710205078125,0.0,0.0,9.346524893771856e-05,297.9858093261719,303.1499938964844,285.1499938964844,0.0,-0.0,291.1731262207031,0.0,0.0,9.842370491242036e-05,298.48980712890625,303.1499938964844,285.1499938964844,0.0,-0.0,291.1737060546875,0.0,0.0,7.269554771482944e-05,297.7499389648437,303.1499938964844,285.1499938964844,0.0,-0.0,291.1723327636719,0.0,0.0,9.842355939326808e-05,297.994140625,303.1499938964844,285.1499938964844,0.0,-0.0,291.1710510253906,0.0,0.0,0.0004668782057706,291.1708068847656,294.1499938964844,284.8733215332031,283.19842529296875,287.2065124511719,285.02978515625,290.95086669921875,0.0,0.0,0.0,0.0,1.0,1.0,-0.0009959657909348,5.3923350229467815e-09,0.00099596043583,-0.0131794540211558,0.0,0.0,0.0,-0.0074860285967588,60.0,-4.141759395599365,-0.0,-6.763136184417817e-08,0.0,283.1443786621094,288.5085144042969,285.35308837890625,285.36309814453125,293.1499938964844,293.1499938964844,278.1499938964844,0.0,18000.0,313.1499938964844,0.0,18000.0,0.0,0.0,0.0,0.0,0.0,0.0,0.0,0.0,0.0,-0.0,-0.0,-0.0,-6.544322618950674e-21,-3.272161309475337e-21,-3.272161107526945e-21,0.0,0.0,-0.0,0.0,0.0,0.0,-0.0,0.0,0.0,0.0,0.0,0.0,4.0,0.0,0.0
12000420,297.6805725097656,303.1499938964844,285.1499938964844,0.0,-0.0,291.1700744628906,0.0,0.0,9.337690426036716e-05,297.9798278808594,303.1499938964844,285.1499938964844,0.0,-0.0,291.1721496582031,0.0,0.0,9.83306672424078e-05,298.48663330078125,303.1499938964844,285.1499938964844,0.0,-0.0,291.1727294921875,0.0,0.0,7.262682629516348e-05,297.7493896484375,303.1499938964844,285.1499938964844,0.0,-0.0,291.17138671875,0.0,0.0,9.833052172325552e-05,297.9935302734375,303.1499938964844,285.1499938964844,0.0,-0.0,291.17010498046875,0.0,0.0,0.0004664368752855,291.1694641113281,294.1499938964844,284.836669921875,283.1712646484375,287.1650390625,284.995849609375,290.9481506347656,0.0,0.0,0.0,0.0,1.0,1.0,-0.0009950230596587,5.282101867010169e-09,0.0009950178209692,-0.0128906639292836,0.0,0.0,0.0,-0.0074313809163868,60.0,-4.161076068878174,-0.0,-6.750338599204042e-08,0.0,283.1443786621094,288.5085144042969,285.35308837890625,285.36309814453125,293.1499938964844,293.1499938964844,278.1499938964844,0.0,18000.0,313.1499938964844,0.0,18000.0,0.0,0.0,0.0,0.0,0.0,0.0,0.0,0.0,0.0,-0.0,-0.0,-0.0,-6.544322618950674e-21,-3.272161309475337e-21,-3.272161107526945e-21,0.0,0.0,-0.0,0.0,0.0,0.0,-0.0,0.0,0.0,0.0,0.0,0.0,4.0,0.0,0.0
12000480,297.6805725097656,303.1499938964844,285.1499938964844,0.0,-0.0,291.1700744628906,0.0,0.0,9.337690426036716e-05,297.9798278808594,303.1499938964844,285.1499938964844,0.0,-0.0,291.1721496582031,0.0,0.0,9.83306672424078e-05,298.48663330078125,303.1499938964844,285.1499938964844,0.0,-0.0,291.1727294921875,0.0,0.0,7.262682629516348e-05,297.7493896484375,303.1499938964844,285.1499938964844,0.0,-0.0,291.17138671875,0.0,0.0,9.833052172325552e-05,297.9935302734375,303.1499938964844,285.1499938964844,0.0,-0.0,291.17010498046875,0.0,0.0,0.0004664368752855,291.1694641113281,294.1499938964844,284.836669921875,283.1712646484375,287.1650390625,284.995849609375,290.9481506347656,0.0,0.0,0.0,0.0,1.0,1.0,-0.0009950230596587,5.282101867010169e-09,0.0009950178209692,-0.0128906639292836,0.0,0.0,0.0,-0.0074313809163868,60.0,-4.161076068878174,-0.0,-6.750338599204042e-08,0.0,283.1443786621094,288.5085144042969,285.35308837890625,285.36309814453125,293.1499938964844,293.1499938964844,278.1499938964844,0.0,18000.0,313.1499938964844,0.0,18000.0,0.0,0.0,0.0,0.0,0.0,0.0,0.0,0.0,0.0,-0.0,-0.0,-0.0,-6.544322618950674e-21,-3.272161309475337e-21,-3.272161107526945e-21,0.0,0.0,-0.0,0.0,0.0,0.0,-0.0,0.0,0.0,0.0,0.0,0.0,4.0,0.0,0.0
12000540,297.68280029296875,303.1499938964844,285.1499938964844,0.0,-0.0,291.1690979003906,0.0,0.0,9.32865441427566e-05,297.9735412597656,303.1499938964844,285.1499938964844,0.0,-0.0,291.1711730957031,0.0,0.0,9.823551226872952e-05,298.4835510253906,303.1499938964844,285.1499938964844,0.0,-0.0,291.1717224121094,0.0,0.0,7.255654782056808e-05,297.7489013671875,303.1499938964844,285.1499938964844,0.0,-0.0,291.17041015625,0.0,0.0,9.823536674957722e-05,297.9930114746094,303.1499938964844,285.1499938964844,0.0,-0.0,291.1691589355469,0.0,0.0,0.0004659855330828,291.1681213378906,294.1499938964844,284.79998779296875,283.14385986328125,287.1236877441406,284.9621276855469,290.9454345703125,0.0,0.0,0.0,0.0,1.0,1.0,-0.0009940590243786,5.169369821089731e-09,0.0009940537856891,-0.0125953238457441,0.0,0.0,0.0,-0.0073754945769906,60.0,-4.180233001708984,-0.0,-6.73726390232332e-08,0.0,283.1443786621094,288.5085144042969,285.35308837890625,285.36309814453125,293.1499938964844,293.1499938964844,278.1499938964844,0.0,18000.0,313.1499938964844,0.0,18000.0,0.0,0.0,0.0,0.0,0.0,0.0,0.0,0.0,0.0,-0.0,-0.0,-0.0,-6.544322618950674e-21,-3.272161309475337e-21,-3.272161107526945e-21,0.0,0.0,-0.0,0.0,0.0,0.0,-0.0,0.0,0.0,0.0,0.0,0.0,4.0,0.0,0.0
12000600,297.68280029296875,303.1499938964844,285.1499938964844,0.0,-0.0,291.1690979003906,0.0,0.0,9.32865441427566e-05,297.9735412597656,303.1499938964844,285.1499938964844,0.0,-0.0,291.1711730957031,0.0,0.0,9.823551226872952e-05,298.4835510253906,303.1499938964844,285.1499938964844,0.0,-0.0,291.1717224121094,0.0,0.0,7.255654782056808e-05,297.7489013671875,303.1499938964844,285.1499938964844,0.0,-0.0,291.17041015625,0.0,0.0,9.823536674957722e-05,297.9930114746094,303.1499938964844,285.1499938964844,0.0,-0.0,291.1691589355469,0.0,0.0,0.0004659855330828,291.1681213378906,294.1499938964844,284.79998779296875,283.14385986328125,287.1236877441406,284.9621276855469,290.9454345703125,0.0,0.0,0.0,0.0,1.0,1.0,-0.0009940590243786,5.169369821089731e-09,0.0009940537856891,-0.0125953238457441,0.0,0.0,0.0,-0.0073754945769906,60.0,-4.180233001708984,-0.0,-6.73726390232332e-08,0.0,283.1443786621094,288.5085144042969,285.35308837890625,285.36309814453125,293.1499938964844,293.1499938964844,278.1499938964844,0.0,18000.0,313.1499938964844,0.0,18000.0,0.0,0.0,0.0,0.0,0.0,0.0,0.0,0.0,0.0,-0.0,-0.0,-0.0,-6.544322618950674e-21,-3.272161309475337e-21,-3.272161107526945e-21,0.0,0.0,-0.0,0.0,0.0,0.0,-0.0,0.0,0.0,0.0,0.0,0.0,4.0,0.0,0.0
12000660,297.6851806640625,303.1499938964844,285.1499938964844,0.0,-0.0,291.1681213378906,0.0,0.0,9.319494711235166e-05,297.9671630859375,303.1499938964844,285.1499938964844,0.0,-0.0,291.170166015625,0.0,0.0,9.813904762268066e-05,298.48052978515625,303.1499938964844,285.1499938964844,0.0,-0.0,291.17071533203125,0.0,0.0,7.248529436765239e-05,297.7484741210937,303.1499938964844,285.1499938964844,0.0,-0.0,291.1694030761719,0.0,0.0,9.8138909379486e-05,297.9925842285156,303.1499938964844,285.1499938964844,0.0,-0.0,291.1681823730469,0.0,0.0,0.0004655279626604,291.166748046875,294.1499938964844,284.7633361816406,283.1163330078125,287.0824890136719,284.9286193847656,290.9427185058594,0.0,0.0,0.0,0.0,1.0,1.0,-0.0009930816013365,5.055087015648496e-09,0.0009930765954777,-0.0122959185391664,0.0,0.0,0.0,-0.0073188398964703,60.0,-4.199257373809815,-0.0,-6.724022227899695e-08,0.0,283.1443786621094,288.5085144042969,285.35308837890625,285.36309814453125,293.1499938964844,293.1499938964844,278.1499938964844,0.0,18000.0,313.1499938964844,0.0,18000.0,0.0,0.0,0.0,0.0,0.0,0.0,0.0,0.0,0.0,-0.0,-0.0,-0.0,-6.544322618950674e-21,-3.272161309475337e-21,-3.272161107526945e-21,0.0,0.0,-0.0,0.0,0.0,0.0,-0.0,0.0,0.0,0.0,0.0,0.0,4.0,0.0,0.0
12000720,297.6851806640625,303.1499938964844,285.1499938964844,0.0,-0.0,291.1681213378906,0.0,0.0,9.319494711235166e-05,297.9671630859375,303.1499938964844,285.1499938964844,0.0,-0.0,291.170166015625,0.0,0.0,9.813904762268066e-05,298.48052978515625,303.1499938964844,285.1499938964844,0.0,-0.0,291.17071533203125,0.0,0.0,7.248529436765239e-05,297.7484741210937,303.1499938964844,285.1499938964844,0.0,-0.0,291.1694030761719,0.0,0.0,9.8138909379486e-05,297.9925842285156,303.1499938964844,285.1499938964844,0.0,-0.0,291.1681823730469,0.0,0.0,0.0004655279626604,291.166748046875,294.1499938964844,284.7633361816406,283.1163330078125,287.0824890136719,284.9286193847656,290.9427185058594,0.0,0.0,0.0,0.0,1.0,1.0,-0.0009930816013365,5.055087015648496e-09,0.0009930765954777,-0.0122959185391664,0.0,0.0,0.0,-0.0073188398964703,60.0,-4.199257373809815,-0.0,-6.724022227899695e-08,0.0,283.1443786621094,288.5085144042969,285.35308837890625,285.36309814453125,293.1499938964844,293.1499938964844,278.1499938964844,0.0,18000.0,313.1499938964844,0.0,18000.0,0.0,0.0,0.0,0.0,0.0,0.0,0.0,0.0,0.0,-0.0,-0.0,-0.0,-6.544322618950674e-21,-3.272161309475337e-21,-3.272161107526945e-21,0.0,0.0,-0.0,0.0,0.0,0.0,-0.0,0.0,0.0,0.0,0.0,0.0,4.0,0.0,0.0
12000780,297.68756103515625,303.1499938964844,285.1499938964844,0.0,-0.0,291.1671447753906,0.0,0.0,9.310286259278656e-05,297.9608154296875,303.1499938964844,285.1499938964844,0.0,-0.0,291.1691589355469,0.0,0.0,9.804207365959884e-05,298.4775695800781,303.1499938964844,285.1499938964844,0.0,-0.0,291.1697082519531,0.0,0.0,7.241366984089836e-05,297.74810791015625,303.1499938964844,285.1499938964844,0.0,-0.0,291.1683959960937,0.0,0.0,9.804193541640416e-05,297.9922180175781,303.1499938964844,285.1499938964844,0.0,-0.0,291.1672058105469,0.0,0.0,0.00046506797662,291.16534423828125,294.1499938964844,284.7266540527344,283.0887145996094,287.0413818359375,284.8953552246094,290.93994140625,0.0,0.0,0.0,0.0,1.0,1.0,-0.0009920991724357,4.940206466130803e-09,0.0009920941665768,-0.0119949439540505,0.0,0.0,0.0,-0.0072618885897099,60.0,-4.218183994293213,-0.0,-6.710724420599945e-08,0.0,283.1443786621094,288.5085144042969,285.35308837890625,285.36309814453125,293.1499938964844,293.1499938964844,278.1499938964844,0.0,18000.0,313.1499938964844,0.0,18000.0,0.0,0.0,0.0,0.0,0.0,0.0,0.0,0.0,0.0,-0.0,-0.0,-0.0,-6.544322618950674e-21,-3.272161309475337e-21,-3.272161107526945e-21,0.0,0.0,-0.0,0.0,0.0,0.0,-0.0,0.0,0.0,0.0,0.0,0.0,4.0,0.0,0.0
12000840,297.68756103515625,303.1499938964844,285.1499938964844,0.0,-0.0,291.1671447753906,0.0,0.0,9.310286259278656e-05,297.9608154296875,303.1499938964844,285.1499938964844,0.0,-0.0,291.1691589355469,0.0,0.0,9.804207365959884e-05,298.4775695800781,303.1499938964844,285.1499938964844,0.0,-0.0,291.1697082519531,0.0,0.0,7.241366984089836e-05,297.74810791015625,303.1499938964844,285.1499938964844,0.0,-0.0,291.1683959960937,0.0,0.0,9.804193541640416e-05,297.9922180175781,303.1499938964844,285.1499938964844,0.0,-0.0,291.1672058105469,0.0,0.0,0.00046506797662,291.16534423828125,294.1499938964844,284.7266540527344,283.0887145996094,287.0413818359375,284.8953552246094,290.93994140625,0.0,0.0,0.0,0.0,1.0,1.0,-0.0009920991724357,4.940206466130803e-09,0.0009920941665768,-0.0119949439540505,0.0,0.0,0.0,-0.0072618885897099,60.0,-4.218183994293213,-0.0,-6.710724420599945e-08,0.0,283.1443786621094,288.5085144042969,285.35308837890625,285.36309814453125,293.1499938964844,293.1499938964844,278.1499938964844,0.0,18000.0,313.1499938964844,0.0,18000.0,0.0,0.0,0.0,0.0,0.0,0.0,0.0,0.0,0.0,-0.0,-0.0,-0.0,-6.544322618950674e-21,-3.272161309475337e-21,-3.272161107526945e-21,0.0,0.0,-0.0,0.0,0.0,0.0,-0.0,0.0,0.0,0.0,0.0,0.0,4.0,0.0,0.0
12000900,297.6886901855469,303.1499938964844,285.1499938964844,0.0,-0.0,291.1666564941406,0.0,0.0,9.305688581662253e-05,297.9577331542969,303.1499938964844,285.1499938964844,0.0,-0.0,291.16864013671875,0.0,0.0,9.799365216167644e-05,298.4761047363281,303.1499938964844,285.1499938964844,0.0,-0.0,291.169189453125,0.0,0.0,7.237790850922465e-05,297.7479553222656,303.1499938964844,285.1499938964844,0.0,-0.0,291.1679077148437,0.0,0.0,9.799352119443938e-05,297.9920349121094,303.1499938964844,285.1499938964844,0.0,-0.0,291.16668701171875,0.0,0.0,0.0004648383182939,291.1646728515625,294.1499938964844,284.7083435058594,283.07489013671875,287.0208740234375,284.8788146972656,290.9385681152344,0.0,0.0,0.0,0.0,1.0,1.0,-0.0009916085982695,4.882847903786569e-09,0.000991603708826,-0.0118446694687008,0.0,0.0,0.0,-0.0072334534488618,60.0,-4.227620601654053,-0.0,-6.704090083076153e-08,0.0,283.1443786621094,288.5085144042969,285.35308837890625,285.36309814453125,293.1499938964844,293.1499938964844,278.1499938964844,0.0,18000.0,313.1499938964844,0.0,18000.0,0.0,0.0,0.0,0.0,0.0,0.0,0.0,0.0,0.0,-0.0,-0.0,-0.0,-6.544322618950674e-21,-3.272161309475337e-21,-3.272161107526945e-21,0.0,0.0,-0.0,0.0,0.0,0.0,-0.0,0.0,0.0,0.0,0.0,0.0,4.0,0.0,0.0
12000960,297.6897888183594,303.1499938964844,285.1499938964844,0.0,-0.0,291.1661376953125,0.0,0.0,9.301108366344124e-05,297.9546813964844,303.1499938964844,285.1499938964844,0.0,-0.0,291.16815185546875,0.0,0.0,9.7945419838652e-05,298.4746398925781,303.1499938964844,285.1499938964844,0.0,-0.0,291.1686706542969,0.0,0.0,7.2342278144788e-05,297.7477722167969,303.1499938964844,285.1499938964844,0.0,-0.0,291.1673889160156,0.0,0.0,9.794528887141496e-05,297.99188232421875,303.1499938964844,285.1499938964844,0.0,-0.0,291.16619873046875,0.0,0.0,0.0004646095330826,291.1639709472656,294.1499938964844,284.69000244140625,283.0610656738281,287.0003967285156,284.8623046875,290.93719482421875,0.0,0.0,0.0,0.0,1.0,1.0,-0.0009911200031638,4.825708721512001e-09,0.0009911151137202,-0.0116949686780571,0.0,0.0,0.0,-0.0072051268070936,60.0,-4.237046718597412,-0.0,-6.697484167261791e-08,0.0,283.1443786621094,288.5085144042969,285.35308837890625,285.36309814453125,293.1499938964844,293.1499938964844,278.1499938964844,0.0,18000.0,313.1499938964844,0.0,18000.0,0.0,0.0,0.0,0.0,0.0,0.0,0.0,0.0,0.0,-0.0,-0.0,-0.0,-6.544322618950674e-21,-3.272161309475337e-21,-3.272161107526945e-21,0.0,0.0,-0.0,0.0,0.0,0.0,-0.0,0.0,0.0,0.0,0.0,0.0,4.0,0.0,0.0
12001020,297.6918640136719,303.1499938964844,285.1499938964844,0.0,-0.0,291.1651306152344,0.0,0.0,9.292038885178044e-05,297.94879150390625,303.1499938964844,285.1499938964844,0.0,-0.0,291.1670837402344,0.0,0.0,9.784991561900824e-05,298.47174072265625,303.1499938964844,285.1499938964844,0.0,-0.0,291.1676330566406,0.0,0.0,7.227173773571849e-05,297.7474060058594,303.1499938964844,285.1499938964844,0.0,-0.0,291.1663513183594,0.0,0.0,9.78497846517712e-05,297.99151611328125,303.1499938964844,285.1499938964844,0.0,-0.0,291.1651916503906,0.0,0.0,0.0004641565319616,291.1625671386719,294.1499938964844,284.6533203125,283.0334167480469,286.95953369140625,284.8294372558594,290.93438720703125,0.0,0.0,0.0,0.0,1.0,1.0,-0.0009901523590087,4.7125703339645505e-09,0.0009901477023959,-0.0113985510542988,0.0,0.0,0.0,-0.0071490393020212,60.0,-4.255884647369385,-0.0,-6.684413733637484e-08,0.0,283.1443786621094,288.5085144042969,285.35308837890625,285.36309814453125,293.1499938964844,293.1499938964844,278.1499938964844,0.0,18000.0,313.1499938964844,0.0,18000.0,0.0,0.0,0.0,0.0,0.0,0.0,0.0,0.0,0.0,-0.0,-0.0,-0.0,-6.544322618950674e-21,-3.272161309475337e-21,-3.272161107526945e-21,0.0,0.0,-0.0,0.0,0.0,0.0,-0.0,0.0,0.0,0.0,0.0,0.0,4.0,0.0,0.0
12001080,297.6918640136719,303.1499938964844,285.1499938964844,0.0,-0.0,291.1651306152344,0.0,0.0,9.292038885178044e-05,297.94879150390625,303.1499938964844,285.1499938964844,0.0,-0.0,291.1670837402344,0.0,0.0,9.784991561900824e-05,298.47174072265625,303.1499938964844,285.1499938964844,0.0,-0.0,291.1676330566406,0.0,0.0,7.227173773571849e-05,297.7474060058594,303.1499938964844,285.1499938964844,0.0,-0.0,291.1663513183594,0.0,0.0,9.78497846517712e-05,297.99151611328125,303.1499938964844,285.1499938964844,0.0,-0.0,291.1651916503906,0.0,0.0,0.0004641565319616,291.1625671386719,294.1499938964844,284.6533203125,283.0334167480469,286.95953369140625,284.8294372558594,290.93438720703125,0.0,0.0,0.0,0.0,1.0,1.0,-0.0009901523590087,4.7125703339645505e-09,0.0009901477023959,-0.0113985510542988,0.0,0.0,0.0,-0.0071490393020212,60.0,-4.255884647369385,-0.0,-6.684413733637484e-08,0.0,283.1443786621094,288.5085144042969,285.35308837890625,285.36309814453125,293.1499938964844,293.1499938964844,278.1499938964844,0.0,18000.0,313.1499938964844,0.0,18000.0,0.0,0.0,0.0,0.0,0.0,0.0,0.0,0.0,0.0,-0.0,-0.0,-0.0,-6.544322618950674e-21,-3.272161309475337e-21,-3.272161107526945e-21,0.0,0.0,-0.0,0.0,0.0,0.0,-0.0,0.0,0.0,0.0,0.0,0.0,4.0,0.0,0.0
12001140,297.6936950683594,303.1499938964844,285.1499938964844,0.0,-0.0,291.1640930175781,0.0,0.0,9.283157851314172e-05,297.9432373046875,303.1499938964844,285.1499938964844,0.0,-0.0,291.1660461425781,0.0,0.0,9.775639045983552e-05,298.4688415527344,303.1499938964844,285.1499938964844,0.0,-0.0,291.16656494140625,0.0,0.0,7.220265979412943e-05,297.7470397949219,303.1499938964844,285.1499938964844,0.0,-0.0,291.1653137207031,0.0,0.0,9.775625949259847e-05,297.9911499023437,303.1499938964844,285.1499938964844,0.0,-0.0,291.1641540527344,0.0,0.0,0.0004637129022739,291.1611328125,294.1499938964844,284.6166687011719,283.005859375,286.9187927246094,284.7967834472656,290.9316101074219,0.0,0.0,0.0,0.0,1.0,1.0,-0.0009892048547044,4.601773628820638e-09,0.0009892001980915,-0.0111082680523395,0.0,0.0,0.0,-0.0070941126905381,60.0,-4.27473258972168,-0.0,-6.67162609602201e-08,0.0,283.1443786621094,288.5085144042969,285.35308837890625,285.36309814453125,293.1499938964844,293.1499938964844,278.1499938964844,0.0,18000.0,313.1499938964844,0.0,18000.0,0.0,0.0,0.0,0.0,0.0,0.0,0.0,0.0,0.0,-0.0,-0.0,-0.0,-6.544322618950674e-21,-3.272161309475337e-21,-3.272161107526945e-21,0.0,0.0,-0.0,0.0,0.0,0.0,-0.0,0.0,0.0,0.0,0.0,0.0,4.0,0.0,0.0
12001200,297.6936950683594,303.1499938964844,285.1499938964844,0.0,-0.0,291.1640930175781,0.0,0.0,9.283157851314172e-05,297.9432373046875,303.1499938964844,285.1499938964844,0.0,-0.0,291.1660461425781,0.0,0.0,9.775639045983552e-05,298.4688415527344,303.1499938964844,285.1499938964844,0.0,-0.0,291.16656494140625,0.0,0.0,7.220265979412943e-05,297.7470397949219,303.1499938964844,285.1499938964844,0.0,-0.0,291.1653137207031,0.0,0.0,9.775625949259847e-05,297.9911499023437,303.1499938964844,285.1499938964844,0.0,-0.0,291.1641540527344,0.0,0.0,0.0004637129022739,291.1611328125,294.1499938964844,284.6166687011719,283.005859375,286.9187927246094,284.7967834472656,290.9316101074219,0.0,0.0,0.0,0.0,1.0,1.0,-0.0009892048547044,4.601773628820638e-09,0.0009892001980915,-0.0111082680523395,0.0,0.0,0.0,-0.0070941126905381,60.0,-4.27473258972168,-0.0,-6.67162609602201e-08,0.0,283.1443786621094,288.5085144042969,285.35308837890625,285.36309814453125,293.1499938964844,293.1499938964844,278.1499938964844,0.0,18000.0,313.1499938964844,0.0,18000.0,0.0,0.0,0.0,0.0,0.0,0.0,0.0,0.0,0.0,-0.0,-0.0,-0.0,-6.544322618950674e-21,-3.272161309475337e-21,-3.272161107526945e-21,0.0,0.0,-0.0,0.0,0.0,0.0,-0.0,0.0,0.0,0.0,0.0,0.0,4.0,0.0,0.0
12001260,297.6950988769531,303.1499938964844,285.1499938964844,0.0,-0.0,291.1631774902344,0.0,0.0,9.27555884118192e-05,297.9386291503906,303.1499938964844,285.1499938964844,0.0,-0.0,291.16510009765625,0.0,0.0,9.767636220203713e-05,298.46630859375,303.1499938964844,285.1499938964844,0.0,-0.0,291.1656188964844,0.0,0.0,7.21435499144718e-05,297.74664306640625,303.1499938964844,285.1499938964844,0.0,-0.0,291.1643981933594,0.0,0.0,9.767623123480008e-05,297.99078369140625,303.1499938964844,285.1499938964844,0.0,-0.0,291.1632385253906,0.0,0.0,0.0004633333010133,291.1598815917969,294.1499938964844,284.5844116210937,282.9817199707031,286.8830261230469,284.7681884765625,290.9291381835937,0.0,0.0,0.0,0.0,1.0,1.0,-0.0009883940219879,4.506969020212637e-09,0.0009883894817903,-0.0108598796650767,0.0,0.0,0.0,-0.0070471134968101,60.0,-4.291357517242432,-0.0,-6.66069439603234e-08,0.0,283.1443786621094,288.5085144042969,285.35308837890625,285.36309814453125,293.1499938964844,293.1499938964844,278.1499938964844,0.0,18000.0,313.1499938964844,0.0,18000.0,0.0,0.0,0.0,0.0,0.0,0.0,0.0,0.0,0.0,-0.0,-0.0,-0.0,-6.544322618950674e-21,-3.272161309475337e-21,-3.272161107526945e-21,0.0,0.0,-0.0,0.0,0.0,0.0,-0.0,0.0,0.0,0.0,0.0,0.0,4.0,0.0,0.0
12001320,297.6952514648437,303.1499938964844,285.1499938964844,0.0,-0.0,291.1630554199219,0.0,0.0,9.274540934711696e-05,297.9380187988281,303.1499938964844,285.1499938964844,0.0,-0.0,291.1649780273437,0.0,0.0,9.766564471647143e-05,298.4659729003906,303.1499938964844,285.1499938964844,0.0,-0.0,291.1654968261719,0.0,0.0,7.213563367258757e-05,297.74658203125,303.1499938964844,285.1499938964844,0.0,-0.0,291.1642761230469,0.0,0.0,9.766551374923438e-05,297.99072265625,303.1499938964844,285.1499938964844,0.0,-0.0,291.1631164550781,0.0,0.0,0.0004632824566215,291.1596984863281,294.1499938964844,284.5799865722656,282.9784240722656,286.8781433105469,284.7643127441406,290.92877197265625,0.0,0.0,0.0,0.0,1.0,1.0,-0.0009882854064926,4.494272509703023e-09,0.0009882809827104,-0.0108266146853566,0.0,0.0,0.0,-0.0070408191531896,60.0,-4.293628692626953,-0.0,-6.659230677996676e-08,0.0,283.1443786621094,288.5085144042969,285.35308837890625,285.36309814453125,293.1499938964844,293.1499938964844,278.1499938964844,0.0,18000.0,313.1499938964844,0.0,18000.0,0.0,0.0,0.0,0.0,0.0,0.0,0.0,0.0,0.0,-0.0,-0.0,-0.0,-6.544322618950674e-21,-3.272161309475337e-21,-3.272161107526945e-21,0.0,0.0,-0.0,0.0,0.0,0.0,-0.0,0.0,0.0,0.0,0.0,0.0,4.0,0.0,0.0
12001380,297.696533203125,303.1499938964844,285.1499938964844,0.0,-0.0,291.1620178222656,0.0,0.0,9.266262350138275e-05,297.93310546875,303.1499938964844,285.1499938964844,0.0,-0.0,291.1639099121094,0.0,0.0,9.75784714682959e-05,298.46307373046875,303.1499938964844,285.1499938964844,0.0,-0.0,291.1644287109375,0.0,0.0,7.207124144770205e-05,297.7460632324219,303.1499938964844,285.1499938964844,0.0,-0.0,291.1632080078125,0.0,0.0,9.757834050105885e-05,297.99029541015625,303.1499938964844,285.1499938964844,0.0,-0.0,291.1620483398437,0.0,0.0,0.0004628689493983,291.15826416015625,294.1499938964844,284.5433349609375,282.951171875,286.8376159667969,284.73199462890625,290.92596435546875,0.0,0.0,0.0,0.0,1.0,1.0,-0.0009874021634459,4.390992458525034e-09,0.0009873977396637,-0.0105560179799795,0.0,0.0,0.0,-0.0069896187633275,60.0,-4.3126091957092285,-0.0,-6.647332639886372e-08,0.0,283.1443786621094,288.5085144042969,285.35308837890625,285.36309814453125,293.1499938964844,293.1499938964844,278.1499938964844,0.0,18000.0,313.1499938964844,0.0,18000.0,0.0,0.0,0.0,0.0,0.0,0.0,0.0,0.0,0.0,-0.0,-0.0,-0.0,-6.544322618950674e-21,-3.272161309475337e-21,-3.272161107526945e-21,0.0,0.0,-0.0,0.0,0.0,0.0,-0.0,0.0,0.0,0.0,0.0,0.0,4.0,0.0,0.0
12001440,297.696533203125,303.1499938964844,285.1499938964844,0.0,-0.0,291.1620178222656,0.0,0.0,9.266262350138275e-05,297.93310546875,303.1499938964844,285.1499938964844,0.0,-0.0,291.1639099121094,0.0,0.0,9.75784714682959e-05,298.46307373046875,303.1499938964844,285.1499938964844,0.0,-0.0,291.1644287109375,0.0,0.0,7.207124144770205e-05,297.7460632324219,303.1499938964844,285.1499938964844,0.0,-0.0,291.1632080078125,0.0,0.0,9.757834050105885e-05,297.99029541015625,303.1499938964844,285.1499938964844,0.0,-0.0,291.1620483398437,0.0,0.0,0.0004628689493983,291.15826416015625,294.1499938964844,284.5433349609375,282.951171875,286.8376159667969,284.73199462890625,290.92596435546875,0.0,0.0,0.0,0.0,1.0,1.0,-0.0009874021634459,4.390992458525034e-09,0.0009873977396637,-0.0105560179799795,0.0,0.0,0.0,-0.0069896187633275,60.0,-4.3126091957092285,-0.0,-6.647332639886372e-08,0.0,283.1443786621094,288.5085144042969,285.35308837890625,285.36309814453125,293.1499938964844,293.1499938964844,278.1499938964844,0.0,18000.0,313.1499938964844,0.0,18000.0,0.0,0.0,0.0,0.0,0.0,0.0,0.0,0.0,0.0,-0.0,-0.0,-0.0,-6.544322618950674e-21,-3.272161309475337e-21,-3.272161107526945e-21,0.0,0.0,-0.0,0.0,0.0,0.0,-0.0,0.0,0.0,0.0,0.0,0.0,4.0,0.0,0.0
12001500,297.69708251953125,303.1499938964844,285.1499938964844,0.0,-0.0,291.1614685058594,0.0,0.0,9.262274397769944e-05,297.9307556152344,303.1499938964844,285.1499938964844,0.0,-0.0,291.1633605957031,0.0,0.0,9.753646736498922e-05,298.46160888671875,303.1499938964844,285.1499938964844,0.0,-0.0,291.16387939453125,0.0,0.0,7.204022404039279e-05,297.7457580566406,303.1499938964844,285.1499938964844,0.0,-0.0,291.16265869140625,0.0,0.0,9.753634367370978e-05,297.9900207519531,303.1499938964844,285.1499938964844,0.0,-0.0,291.1615295410156,0.0,0.0,0.000462669704575,291.15753173828125,294.1499938964844,284.5249938964844,282.9376525878906,286.8173828125,284.71588134765625,290.9245300292969,0.0,0.0,0.0,0.0,1.0,1.0,-0.0009869765490293,4.341232706650544e-09,0.0009869722416624,-0.0104256458580493,0.0,0.0,0.0,-0.0069649508222937,60.0,-4.322144508361816,-0.0,-6.641604244350674e-08,0.0,283.1443786621094,288.5085144042969,285.35308837890625,285.36309814453125,293.1499938964844,293.1499938964844,278.1499938964844,0.0,18000.0,313.1499938964844,0.0,18000.0,0.0,0.0,0.0,0.0,0.0,0.0,0.0,0.0,0.0,-0.0,-0.0,-0.0,-6.544322618950674e-21,-3.272161309475337e-21,-3.272161107526945e-21,0.0,0.0,-0.0,0.0,0.0,0.0,-0.0,0.0,0.0,0.0,0.0,0.0,4.0,0.0,0.0
12001560,297.6975402832031,303.1499938964844,285.1499938964844,0.0,-0.0,291.16094970703125,0.0,0.0,9.258395584765822e-05,297.928466796875,303.1499938964844,285.1499938964844,0.0,-0.0,291.1628112792969,0.0,0.0,9.74956201389432e-05,298.46014404296875,303.1499938964844,285.1499938964844,0.0,-0.0,291.163330078125,0.0,0.0,7.201005064416677e-05,297.74542236328125,303.1499938964844,285.1499938964844,0.0,-0.0,291.162109375,0.0,0.0,9.749548917170614e-05,297.9897766113281,303.1499938964844,285.1499938964844,0.0,-0.0,291.1609802246094,0.0,0.0,0.0004624759603757,291.15679931640625,294.1499938964844,284.50665283203125,282.9241943359375,286.79718017578125,284.6997985839844,290.9231262207031,0.0,0.0,0.0,0.0,1.0,1.0,-0.0009865626925602,4.2928349763826645e-09,0.0009865583851933,-0.0102988416329026,0.0,0.0,0.0,-0.0069409576244652,60.0,-4.331713676452637,-0.0,-6.636035010387786e-08,0.0,283.1443786621094,288.5085144042969,285.35308837890625,285.36309814453125,293.1499938964844,293.1499938964844,278.1499938964844,0.0,18000.0,313.1499938964844,0.0,18000.0,0.0,0.0,0.0,0.0,0.0,0.0,0.0,0.0,0.0,-0.0,-0.0,-0.0,-6.544322618950674e-21,-3.272161309475337e-21,-3.272161107526945e-21,0.0,0.0,-0.0,0.0,0.0,0.0,-0.0,0.0,0.0,0.0,0.0,0.0,4.0,0.0,0.0
12001620,297.6982116699219,303.1499938964844,285.1499938964844,0.0,-0.0,291.15985107421875,0.0,0.0,9.251004667021334e-05,297.924072265625,303.1499938964844,285.1499938964844,0.0,-0.0,291.1617126464844,0.0,0.0,9.741778922034428e-05,298.45721435546875,303.1499938964844,285.1499938964844,0.0,-0.0,291.1622009277344,0.0,0.0,7.19525633030571e-05,297.74468994140625,303.1499938964844,285.1499938964844,0.0,-0.0,291.1610107421875,0.0,0.0,9.741766552906483e-05,297.9891967773437,303.1499938964844,285.1499938964844,0.0,-0.0,291.159912109375,0.0,0.0,0.0004621067782863,291.15533447265625,294.1499938964844,284.4700012207031,282.8974914550781,286.7568359375,284.6676940917969,290.9202575683594,0.0,0.0,0.0,0.0,1.0,1.0,-0.0009857739787548,4.200620740135719e-09,0.0009857697878032,-0.010057233273983,0.0,0.0,0.0,-0.0068952427245676,60.0,-4.350971221923828,-0.0,-6.625429449513831e-08,0.0,283.1443786621094,288.5085144042969,285.35308837890625,285.36309814453125,293.1499938964844,293.1499938964844,278.1499938964844,0.0,18000.0,313.1499938964844,0.0,18000.0,0.0,0.0,0.0,0.0,0.0,0.0,0.0,0.0,0.0,-0.0,-0.0,-0.0,-6.544322618950674e-21,-3.272161309475337e-21,-3.272161107526945e-21,0.0,0.0,-0.0,0.0,0.0,0.0,-0.0,0.0,0.0,0.0,0.0,0.0,4.0,0.0,0.0
12001680,297.6982116699219,303.1499938964844,285.1499938964844,0.0,-0.0,291.15985107421875,0.0,0.0,9.251004667021334e-05,297.924072265625,303.1499938964844,285.1499938964844,0.0,-0.0,291.1617126464844,0.0,0.0,9.741778922034428e-05,298.45721435546875,303.1499938964844,285.1499938964844,0.0,-0.0,291.1622009277344,0.0,0.0,7.19525633030571e-05,297.74468994140625,303.1499938964844,285.1499938964844,0.0,-0.0,291.1610107421875,0.0,0.0,9.741766552906483e-05,297.9891967773437,303.1499938964844,285.1499938964844,0.0,-0.0,291.159912109375,0.0,0.0,0.0004621067782863,291.15533447265625,294.1499938964844,284.4700012207031,282.8974914550781,286.7568359375,284.6676940917969,290.9202575683594,0.0,0.0,0.0,0.0,1.0,1.0,-0.0009857739787548,4.200620740135719e-09,0.0009857697878032,-0.010057233273983,0.0,0.0,0.0,-0.0068952427245676,60.0,-4.350971221923828,-0.0,-6.625429449513831e-08,0.0,283.1443786621094,288.5085144042969,285.35308837890625,285.36309814453125,293.1499938964844,293.1499938964844,278.1499938964844,0.0,18000.0,313.1499938964844,0.0,18000.0,0.0,0.0,0.0,0.0,0.0,0.0,0.0,0.0,0.0,-0.0,-0.0,-0.0,-6.544322618950674e-21,-3.272161309475337e-21,-3.272161107526945e-21,0.0,0.0,-0.0,0.0,0.0,0.0,-0.0,0.0,0.0,0.0,0.0,0.0,4.0,0.0,0.0
12001740,297.6985778808594,303.1499938964844,285.1499938964844,0.0,-0.0,291.1587829589844,0.0,0.0,9.244158718502148e-05,297.9198913574219,303.1499938964844,285.1499938964844,0.0,-0.0,291.1605834960937,0.0,0.0,9.734569175634532e-05,298.4542541503906,303.1499938964844,285.1499938964844,0.0,-0.0,291.1610717773437,0.0,0.0,7.18993105692789e-05,297.7438049316406,303.1499938964844,285.1499938964844,0.0,-0.0,291.159912109375,0.0,0.0,9.734556806506588e-05,297.9885559082031,303.1499938964844,285.1499938964844,0.0,-0.0,291.1588134765625,0.0,0.0,0.0004617648082785,291.15386962890625,294.1499938964844,284.4333190917969,282.87115478515625,286.71661376953125,284.6356811523437,290.9173889160156,0.0,0.0,0.0,0.0,1.0,1.0,-0.000985043356195,4.115190410658442e-09,0.0009850392816588,-0.0098333992063999,0.0,0.0,0.0,-0.0068528912961483,60.0,-4.370423793792725,-0.0,-6.61561259107657e-08,0.0,283.1443786621094,288.5085144042969,285.35308837890625,285.36309814453125,293.1499938964844,293.1499938964844,278.1499938964844,0.0,18000.0,313.1499938964844,0.0,18000.0,0.0,0.0,0.0,0.0,0.0,0.0,0.0,0.0,0.0,-0.0,-0.0,-0.0,-6.544322618950674e-21,-3.272161309475337e-21,-3.272161107526945e-21,0.0,0.0,-0.0,0.0,0.0,0.0,-0.0,0.0,0.0,0.0,0.0,0.0,4.0,0.0,0.0
12001800,297.6985778808594,303.1499938964844,285.1499938964844,0.0,-0.0,291.1587829589844,0.0,0.0,9.244158718502148e-05,297.9198913574219,303.1499938964844,285.1499938964844,0.0,-0.0,291.1605834960937,0.0,0.0,9.734569175634532e-05,298.4542541503906,303.1499938964844,285.1499938964844,0.0,-0.0,291.1610717773437,0.0,0.0,7.18993105692789e-05,297.7438049316406,303.1499938964844,285.1499938964844,0.0,-0.0,291.159912109375,0.0,0.0,9.734556806506588e-05,297.9885559082031,303.1499938964844,285.1499938964844,0.0,-0.0,291.1588134765625,0.0,0.0,0.0004617648082785,291.15386962890625,294.1499938964844,284.4333190917969,282.87115478515625,286.71661376953125,284.6356811523437,290.9173889160156,0.0,0.0,0.0,0.0,1.0,1.0,-0.000985043356195,4.115190410658442e-09,0.0009850392816588,-0.0098333992063999,0.0,0.0,0.0,-0.0068528912961483,60.0,-4.370423793792725,-0.0,-6.61561259107657e-08,0.0,283.1443786621094,288.5085144042969,285.35308837890625,285.36309814453125,293.1499938964844,293.1499938964844,278.1499938964844,0.0,18000.0,313.1499938964844,0.0,18000.0,0.0,0.0,0.0,0.0,0.0,0.0,0.0,0.0,0.0,-0.0,-0.0,-0.0,-6.544322618950674e-21,-3.272161309475337e-21,-3.272161107526945e-21,0.0,0.0,-0.0,0.0,0.0,0.0,-0.0,0.0,0.0,0.0,0.0,0.0,4.0,0.0,0.0
12001860,297.6986694335937,303.1499938964844,285.1499938964844,0.0,-0.0,291.1576538085937,0.0,0.0,9.237918129656464e-05,297.91583251953125,303.1499938964844,285.1499938964844,0.0,-0.0,291.1594543457031,0.0,0.0,9.72799680312164e-05,298.4512939453125,303.1499938964844,285.1499938964844,0.0,-0.0,291.1599426269531,0.0,0.0,7.185076538007706e-05,297.7427978515625,303.1499938964844,285.1499938964844,0.0,-0.0,291.1587829589844,0.0,0.0,9.72798516158946e-05,297.98785400390625,303.1499938964844,285.1499938964844,0.0,-0.0,291.15771484375,0.0,0.0,0.0004614530771505,291.1523742675781,294.1499938964844,284.39666748046875,282.84521484375,286.67645263671875,284.60369873046875,290.9144897460937,0.0,0.0,0.0,0.0,1.0,1.0,-0.0009843773441389,4.037306933213358e-09,0.0009843732696026,-0.0096293361857533,0.0,0.0,0.0,-0.0068142809905111,60.0,-4.390103340148926,-0.0,-6.606668279118821e-08,0.0,283.1443786621094,288.5085144042969,285.35308837890625,285.36309814453125,293.1499938964844,293.1499938964844,278.1499938964844,0.0,18000.0,313.1499938964844,0.0,18000.0,0.0,0.0,0.0,0.0,0.0,0.0,0.0,0.0,0.0,-0.0,-0.0,-0.0,-6.544322618950674e-21,-3.272161309475337e-21,-3.272161107526945e-21,0.0,0.0,-0.0,0.0,0.0,0.0,-0.0,0.0,0.0,0.0,0.0,0.0,4.0,0.0,0.0
12001920,297.6986694335937,303.1499938964844,285.1499938964844,0.0,-0.0,291.1576538085937,0.0,0.0,9.237918129656464e-05,297.91583251953125,303.1499938964844,285.1499938964844,0.0,-0.0,291.1594543457031,0.0,0.0,9.72799680312164e-05,298.4512939453125,303.1499938964844,285.1499938964844,0.0,-0.0,291.1599426269531,0.0,0.0,7.185076538007706e-05,297.7427978515625,303.1499938964844,285.1499938964844,0.0,-0.0,291.1587829589844,0.0,0.0,9.72798516158946e-05,297.98785400390625,303.1499938964844,285.1499938964844,0.0,-0.0,291.15771484375,0.0,0.0,0.0004614530771505,291.1523742675781,294.1499938964844,284.39666748046875,282.84521484375,286.67645263671875,284.60369873046875,290.9144897460937,0.0,0.0,0.0,0.0,1.0,1.0,-0.0009843773441389,4.037306933213358e-09,0.0009843732696026,-0.0096293361857533,0.0,0.0,0.0,-0.0068142809905111,60.0,-4.390103340148926,-0.0,-6.606668279118821e-08,0.0,283.1443786621094,288.5085144042969,285.35308837890625,285.36309814453125,293.1499938964844,293.1499938964844,278.1499938964844,0.0,18000.0,313.1499938964844,0.0,18000.0,0.0,0.0,0.0,0.0,0.0,0.0,0.0,0.0,0.0,-0.0,-0.0,-0.0,-6.544322618950674e-21,-3.272161309475337e-21,-3.272161107526945e-21,0.0,0.0,-0.0,0.0,0.0,0.0,-0.0,0.0,0.0,0.0,0.0,0.0,4.0,0.0,0.0
12001980,297.6983947753906,303.1499938964844,285.1499938964844,0.0,-0.0,291.15655517578125,0.0,0.0,9.232341835740954e-05,297.91192626953125,303.1499938964844,285.1499938964844,0.0,-0.0,291.1583251953125,0.0,0.0,9.722125105326997e-05,298.44830322265625,303.1499938964844,285.1499938964844,0.0,-0.0,291.1588134765625,0.0,0.0,7.180739339673892e-05,297.7415771484375,303.1499938964844,285.1499938964844,0.0,-0.0,291.1576538085937,0.0,0.0,9.722112736199052e-05,297.987060546875,303.1499938964844,285.1499938964844,0.0,-0.0,291.1565856933594,0.0,0.0,0.0004611745243892,291.15087890625,294.1499938964844,284.3599853515625,282.8197326660156,286.6363830566406,284.5716857910156,290.9115905761719,0.0,0.0,0.0,0.0,1.0,1.0,-0.000983781996183,3.967705275442768e-09,0.0009837780380621,-0.0094469729810953,0.0,0.0,0.0,-0.0067797764204442,60.0,-4.410043716430664,-0.0,-6.598681068226142e-08,0.0,283.1443786621094,288.5085144042969,285.35308837890625,285.36309814453125,293.1499938964844,293.1499938964844,278.1499938964844,0.0,18000.0,313.1499938964844,0.0,18000.0,0.0,0.0,0.0,0.0,0.0,0.0,0.0,0.0,0.0,-0.0,-0.0,-0.0,-6.544322618950674e-21,-3.272161309475337e-21,-3.272161107526945e-21,0.0,0.0,-0.0,0.0,0.0,0.0,-0.0,0.0,0.0,0.0,0.0,0.0,4.0,0.0,0.0
12002040,297.6983947753906,303.1499938964844,285.1499938964844,0.0,-0.0,291.15655517578125,0.0,0.0,9.232341835740954e-05,297.91192626953125,303.1499938964844,285.1499938964844,0.0,-0.0,291.1583251953125,0.0,0.0,9.722125105326997e-05,298.44830322265625,303.1499938964844,285.1499938964844,0.0,-0.0,291.1588134765625,0.0,0.0,7.180739339673892e-05,297.7415771484375,303.1499938964844,285.1499938964844,0.0,-0.0,291.1576538085937,0.0,0.0,9.722112736199052e-05,297.987060546875,303.1499938964844,285.1499938964844,0.0,-0.0,291.1565856933594,0.0,0.0,0.0004611745243892,291.15087890625,294.1499938964844,284.3599853515625,282.8197326660156,286.6363830566406,284.5716857910156,290.9115905761719,0.0,0.0,0.0,0.0,1.0,1.0,-0.000983781996183,3.967705275442768e-09,0.0009837780380621,-0.0094469729810953,0.0,0.0,0.0,-0.0067797764204442,60.0,-4.410043716430664,-0.0,-6.598681068226142e-08,0.0,283.1443786621094,288.5085144042969,285.35308837890625,285.36309814453125,293.1499938964844,293.1499938964844,278.1499938964844,0.0,18000.0,313.1499938964844,0.0,18000.0,0.0,0.0,0.0,0.0,0.0,0.0,0.0,0.0,0.0,-0.0,-0.0,-0.0,-6.544322618950674e-21,-3.272161309475337e-21,-3.272161107526945e-21,0.0,0.0,-0.0,0.0,0.0,0.0,-0.0,0.0,0.0,0.0,0.0,0.0,4.0,0.0,0.0
12002100,297.6981201171875,303.1499938964844,285.1499938964844,0.0,-0.0,291.1559753417969,0.0,0.0,9.229823626810683e-05,297.9100341796875,303.1499938964844,285.1499938964844,0.0,-0.0,291.1577453613281,0.0,0.0,9.719473018776624e-05,298.44677734375,303.1499938964844,285.1499938964844,0.0,-0.0,291.1582336425781,0.0,0.0,7.178780651884153e-05,297.74090576171875,303.1499938964844,285.1499938964844,0.0,-0.0,291.1570739746094,0.0,0.0,9.71946064964868e-05,297.98663330078125,303.1499938964844,285.1499938964844,0.0,-0.0,291.156005859375,0.0,0.0,0.0004610487376339,291.1501159667969,294.1499938964844,284.3416748046875,282.80718994140625,286.61639404296875,284.5556640625,290.9101257324219,0.0,0.0,0.0,0.0,1.0,1.0,-0.0009835131932049,3.936268200277482e-09,0.000983509235084,-0.009364603087306,0.0,0.0,0.0,-0.0067641912028193,60.0,-4.420125484466553,-0.0,-6.595074353299425e-08,0.0,283.1443786621094,288.5085144042969,285.35308837890625,285.36309814453125,293.1499938964844,293.1499938964844,278.1499938964844,0.0,18000.0,313.1499938964844,0.0,18000.0,0.0,0.0,0.0,0.0,0.0,0.0,0.0,0.0,0.0,-0.0,-0.0,-0.0,-6.544322618950674e-21,-3.272161309475337e-21,-3.272161107526945e-21,0.0,0.0,-0.0,0.0,0.0,0.0,-0.0,0.0,0.0,0.0,0.0,0.0,4.0,0.0,0.0
12002160,297.6977844238281,303.1499938964844,285.1499938964844,0.0,-0.0,291.1553955078125,0.0,0.0,9.22748731682077e-05,297.9081420898437,303.1499938964844,285.1499938964844,0.0,-0.0,291.1571655273437,0.0,0.0,9.717012289911509e-05,298.4452209472656,303.1499938964844,285.1499938964844,0.0,-0.0,291.1576538085937,0.0,0.0,7.17696311767213e-05,297.7402038574219,303.1499938964844,285.1499938964844,0.0,-0.0,291.156494140625,0.0,0.0,9.717000648379326e-05,297.9861755371094,303.1499938964844,285.1499938964844,0.0,-0.0,291.15545654296875,0.0,0.0,0.0004609320312738,291.1493530273437,294.1499938964844,284.3233337402344,282.7947692871094,286.5964050292969,284.53961181640625,290.9086608886719,0.0,0.0,0.0,0.0,1.0,1.0,-0.0009832637151703,3.90709820052848e-09,0.0009832597570493,-0.0092881750315427,0.0,0.0,0.0,-0.0067497305572032,60.0,-4.430281162261963,-0.0,-6.591729118099465e-08,0.0,283.1443786621094,288.5085144042969,285.35308837890625,285.36309814453125,293.1499938964844,293.1499938964844,278.1499938964844,0.0,18000.0,313.1499938964844,0.0,18000.0,0.0,0.0,0.0,0.0,0.0,0.0,0.0,0.0,0.0,-0.0,-0.0,-0.0,-6.544322618950674e-21,-3.272161309475337e-21,-3.272161107526945e-21,0.0,0.0,-0.0,0.0,0.0,0.0,-0.0,0.0,0.0,0.0,0.0,0.0,4.0,0.0,0.0
12002220,297.69683837890625,303.1499938964844,285.1499938964844,0.0,-0.0,291.1542663574219,0.0,0.0,9.223407687386498e-05,297.90435791015625,303.1499938964844,285.1499938964844,0.0,-0.0,291.156005859375,0.0,0.0,9.712716564536096e-05,298.4421081542969,303.1499938964844,285.1499938964844,0.0,-0.0,291.1564636230469,0.0,0.0,7.173790072556585e-05,297.7386169433594,303.1499938964844,285.1499938964844,0.0,-0.0,291.15533447265625,0.0,0.0,9.712704923003912e-05,297.9852294921875,303.1499938964844,285.1499938964844,0.0,-0.0,291.154296875,0.0,0.0,0.0004607282753568,291.1478271484375,294.1499938964844,284.2866516113281,282.7703857421875,286.5565185546875,284.5074462890625,290.9057312011719,0.0,0.0,0.0,0.0,1.0,1.0,-0.0009828279726207,3.856149177750012e-09,0.0009828241309151,-0.0091546811163425,0.0,0.0,0.0,-0.0067244726233184,60.0,-4.450835704803467,-0.0,-6.585888456811517e-08,0.0,283.1443786621094,288.5085144042969,285.35308837890625,285.36309814453125,293.1499938964844,293.1499938964844,278.1499938964844,0.0,18000.0,313.1499938964844,0.0,18000.0,0.0,0.0,0.0,0.0,0.0,0.0,0.0,0.0,0.0,-0.0,-0.0,-0.0,-6.544322618950674e-21,-3.272161309475337e-21,-3.272161107526945e-21,0.0,0.0,-0.0,0.0,0.0,0.0,-0.0,0.0,0.0,0.0,0.0,0.0,4.0,0.0,0.0
12002280,297.69683837890625,303.1499938964844,285.1499938964844,0.0,-0.0,291.1542663574219,0.0,0.0,9.223407687386498e-05,297.90435791015625,303.1499938964844,285.1499938964844,0.0,-0.0,291.156005859375,0.0,0.0,9.712716564536096e-05,298.4421081542969,303.1499938964844,285.1499938964844,0.0,-0.0,291.1564636230469,0.0,0.0,7.173790072556585e-05,297.7386169433594,303.1499938964844,285.1499938964844,0.0,-0.0,291.15533447265625,0.0,0.0,9.712704923003912e-05,297.9852294921875,303.1499938964844,285.1499938964844,0.0,-0.0,291.154296875,0.0,0.0,0.0004607282753568,291.1478271484375,294.1499938964844,284.2866516113281,282.7703857421875,286.5565185546875,284.5074462890625,290.9057312011719,0.0,0.0,0.0,0.0,1.0,1.0,-0.0009828279726207,3.856149177750012e-09,0.0009828241309151,-0.0091546811163425,0.0,0.0,0.0,-0.0067244726233184,60.0,-4.450835704803467,-0.0,-6.585888456811517e-08,0.0,283.1443786621094,288.5085144042969,285.35308837890625,285.36309814453125,293.1499938964844,293.1499938964844,278.1499938964844,0.0,18000.0,313.1499938964844,0.0,18000.0,0.0,0.0,0.0,0.0,0.0,0.0,0.0,0.0,0.0,-0.0,-0.0,-0.0,-6.544322618950674e-21,-3.272161309475337e-21,-3.272161107526945e-21,0.0,0.0,-0.0,0.0,0.0,0.0,-0.0,0.0,0.0,0.0,0.0,0.0,4.0,0.0,0.0
12002340,297.69549560546875,303.1499938964844,285.1499938964844,0.0,-0.0,291.1531066894531,0.0,0.0,9.220157517120242e-05,297.9006652832031,303.1499938964844,285.1499938964844,0.0,-0.0,291.1548156738281,0.0,0.0,9.709293954074384e-05,298.4389038085937,303.1499938964844,285.1499938964844,0.0,-0.0,291.1552734375,0.0,0.0,7.171261677285656e-05,297.73681640625,303.1499938964844,285.1499938964844,0.0,-0.0,291.1541748046875,0.0,0.0,9.7092823125422e-05,297.9841613769531,303.1499938964844,285.1499938964844,0.0,-0.0,291.15313720703125,0.0,0.0,0.0004605659050866,291.14630126953125,294.1499938964844,284.25,282.74658203125,286.51666259765625,284.47509765625,290.9027709960937,0.0,0.0,0.0,0.0,1.0,1.0,-0.0009824805893003,3.815533666795545e-09,0.0009824767475947,-0.0090482616797089,0.0,0.0,0.0,-0.0067043374292552,60.0,-4.4717512130737305,-0.0,-6.58123440189229e-08,0.0,283.1443786621094,288.5085144042969,285.35308837890625,285.36309814453125,293.1499938964844,293.1499938964844,278.1499938964844,0.0,18000.0,313.1499938964844,0.0,18000.0,0.0,0.0,0.0,0.0,0.0,0.0,0.0,0.0,0.0,-0.0,-0.0,-0.0,-6.544322618950674e-21,-3.272161309475337e-21,-3.272161107526945e-21,0.0,0.0,-0.0,0.0,0.0,0.0,-0.0,0.0,0.0,0.0,0.0,0.0,4.0,0.0,0.0
12002400,297.69549560546875,303.1499938964844,285.1499938964844,0.0,-0.0,291.1531066894531,0.0,0.0,9.220157517120242e-05,297.9006652832031,303.1499938964844,285.1499938964844,0.0,-0.0,291.1548156738281,0.0,0.0,9.709293954074384e-05,298.4389038085937,303.1499938964844,285.1499938964844,0.0,-0.0,291.1552734375,0.0,0.0,7.171261677285656e-05,297.73681640625,303.1499938964844,285.1499938964844,0.0,-0.0,291.1541748046875,0.0,0.0,9.7092823125422e-05,297.9841613769531,303.1499938964844,285.1499938964844,0.0,-0.0,291.15313720703125,0.0,0.0,0.0004605659050866,291.14630126953125,294.1499938964844,284.25,282.74658203125,286.51666259765625,284.47509765625,290.9027709960937,0.0,0.0,0.0,0.0,1.0,1.0,-0.0009824805893003,3.815533666795545e-09,0.0009824767475947,-0.0090482616797089,0.0,0.0,0.0,-0.0067043374292552,60.0,-4.4717512130737305,-0.0,-6.58123440189229e-08,0.0,283.1443786621094,288.5085144042969,285.35308837890625,285.36309814453125,293.1499938964844,293.1499938964844,278.1499938964844,0.0,18000.0,313.1499938964844,0.0,18000.0,0.0,0.0,0.0,0.0,0.0,0.0,0.0,0.0,0.0,-0.0,-0.0,-0.0,-6.544322618950674e-21,-3.272161309475337e-21,-3.272161107526945e-21,0.0,0.0,-0.0,0.0,0.0,0.0,-0.0,0.0,0.0,0.0,0.0,0.0,4.0,0.0,0.0
12002460,297.6938781738281,303.1499938964844,285.1499938964844,0.0,-0.0,291.1519775390625,0.0,0.0,9.217655315296724e-05,297.8970947265625,303.1499938964844,285.1499938964844,0.0,-0.0,291.1536865234375,0.0,0.0,9.706657874630764e-05,298.43572998046875,303.1499938964844,285.1499938964844,0.0,-0.0,291.1541442871094,0.0,0.0,7.169315358623862e-05,297.73486328125,303.1499938964844,285.1499938964844,0.0,-0.0,291.1530456542969,0.0,0.0,9.70664623309858e-05,297.9830322265625,303.1499938964844,285.1499938964844,0.0,-0.0,291.1520080566406,0.0,0.0,0.0004604409041348,291.1448059082031,294.1499938964844,284.2148132324219,282.7247009277344,286.4784851074219,284.4438171386719,290.8999328613281,0.0,0.0,0.0,0.0,1.0,1.0,-0.0009822129504755,3.784237811998992e-09,0.0009822091087698,-0.0089662633836269,0.0,0.0,0.0,-0.006688822992146,60.0,-4.492156028747559,-0.0,-6.577649003247643e-08,0.0,283.1443786621094,288.5085144042969,285.35308837890625,285.36309814453125,293.1499938964844,293.1499938964844,278.1499938964844,0.0,18000.0,313.1499938964844,0.0,18000.0,0.0,0.0,0.0,0.0,0.0,0.0,0.0,0.0,0.0,-0.0,-0.0,-0.0,-6.544322618950674e-21,-3.272161309475337e-21,-3.272161107526945e-21,0.0,0.0,-0.0,0.0,0.0,0.0,-0.0,0.0,0.0,0.0,0.0,0.0,4.0,0.0,0.0
12002520,297.6938171386719,303.1499938964844,285.1499938964844,0.0,-0.0,291.15191650390625,0.0,0.0,9.217559272656216e-05,297.8969421386719,303.1499938964844,285.1499938964844,0.0,-0.0,291.15362548828125,0.0,0.0,9.706556738819928e-05,298.43560791015625,303.1499938964844,285.1499938964844,0.0,-0.0,291.1540832519531,0.0,0.0,7.169240416260436e-05,297.7347717285156,303.1499938964844,285.1499938964844,0.0,-0.0,291.1529846191406,0.0,0.0,9.706545824883506e-05,297.9830017089844,303.1499938964844,285.1499938964844,0.0,-0.0,291.1519775390625,0.0,0.0,0.0004604361311066,291.1447448730469,294.1499938964844,284.2133483886719,282.72381591796875,286.4768981933594,284.4425048828125,290.8998107910156,0.0,0.0,0.0,0.0,1.0,1.0,-0.0009822025895118,3.783039215221606e-09,0.0009821988642215,-0.0089631211012601,0.0,0.0,0.0,-0.0066882283426821,60.0,-4.493010997772217,-0.0,-6.577511868499641e-08,0.0,283.1443786621094,288.5085144042969,285.35308837890625,285.36309814453125,293.1499938964844,293.1499938964844,278.1499938964844,0.0,18000.0,313.1499938964844,0.0,18000.0,0.0,0.0,0.0,0.0,0.0,0.0,0.0,0.0,0.0,-0.0,-0.0,-0.0,-6.544322618950674e-21,-3.272161309475337e-21,-3.272161107526945e-21,0.0,0.0,-0.0,0.0,0.0,0.0,-0.0,0.0,0.0,0.0,0.0,0.0,4.0,0.0,0.0
12002580,297.6918029785156,303.1499938964844,285.1499938964844,0.0,-0.0,291.1507263183594,0.0,0.0,9.21537503018044e-05,297.89324951171875,303.1499938964844,285.1499938964844,0.0,-0.0,291.15240478515625,0.0,0.0,9.704256808618084e-05,298.4322509765625,303.1499938964844,285.1499938964844,0.0,-0.0,291.1528625488281,0.0,0.0,7.167541480157524e-05,297.7325134277344,303.1499938964844,285.1499938964844,0.0,-0.0,291.1517944335937,0.0,0.0,9.7042451670859e-05,297.9817199707031,303.1499938964844,285.1499938964844,0.0,-0.0,291.1507873535156,0.0,0.0,0.0004603270208463,291.1431579589844,294.1499938964844,284.1766662597656,282.70233154296875,286.43719482421875,284.40966796875,290.8968505859375,0.0,0.0,0.0,0.0,1.0,1.0,-0.0009819689439609,3.755708632979804e-09,0.0009819651022553,-0.008891511708498,0.0,0.0,0.0,-0.0066746799275279,60.0,-4.514505863189697,-0.0,-6.574381217205882e-08,0.0,283.1443786621094,288.5085144042969,285.35308837890625,285.36309814453125,293.1499938964844,293.1499938964844,278.1499938964844,0.0,18000.0,313.1499938964844,0.0,18000.0,0.0,0.0,0.0,0.0,0.0,0.0,0.0,0.0,0.0,-0.0,-0.0,-0.0,-6.544322618950674e-21,-3.272161309475337e-21,-3.272161107526945e-21,0.0,0.0,-0.0,0.0,0.0,0.0,-0.0,0.0,0.0,0.0,0.0,0.0,4.0,0.0,0.0
12002640,297.6918029785156,303.1499938964844,285.1499938964844,0.0,-0.0,291.1507263183594,0.0,0.0,9.21537503018044e-05,297.89324951171875,303.1499938964844,285.1499938964844,0.0,-0.0,291.15240478515625,0.0,0.0,9.704256808618084e-05,298.4322509765625,303.1499938964844,285.1499938964844,0.0,-0.0,291.1528625488281,0.0,0.0,7.167541480157524e-05,297.7325134277344,303.1499938964844,285.1499938964844,0.0,-0.0,291.1517944335937,0.0,0.0,9.7042451670859e-05,297.9817199707031,303.1499938964844,285.1499938964844,0.0,-0.0,291.1507873535156,0.0,0.0,0.0004603270208463,291.1431579589844,294.1499938964844,284.1766662597656,282.70233154296875,286.43719482421875,284.40966796875,290.8968505859375,0.0,0.0,0.0,0.0,1.0,1.0,-0.0009819689439609,3.755708632979804e-09,0.0009819651022553,-0.008891511708498,0.0,0.0,0.0,-0.0066746799275279,60.0,-4.514505863189697,-0.0,-6.574381217205882e-08,0.0,283.1443786621094,288.5085144042969,285.35308837890625,285.36309814453125,293.1499938964844,293.1499938964844,278.1499938964844,0.0,18000.0,313.1499938964844,0.0,18000.0,0.0,0.0,0.0,0.0,0.0,0.0,0.0,0.0,0.0,-0.0,-0.0,-0.0,-6.544322618950674e-21,-3.272161309475337e-21,-3.272161107526945e-21,0.0,0.0,-0.0,0.0,0.0,0.0,-0.0,0.0,0.0,0.0,0.0,0.0,4.0,0.0,0.0
12002700,297.6907043457031,303.1499938964844,285.1499938964844,0.0,-0.0,291.150146484375,0.0,0.0,9.21443206607364e-05,297.8913879394531,303.1499938964844,285.1499938964844,0.0,-0.0,291.1517944335937,0.0,0.0,9.703262912807986e-05,298.4305419921875,303.1499938964844,285.1499938964844,0.0,-0.0,291.1522521972656,0.0,0.0,7.166807336034253e-05,297.7312927246094,303.1499938964844,285.1499938964844,0.0,-0.0,291.15118408203125,0.0,0.0,9.703251998871564e-05,297.98101806640625,303.1499938964844,285.1499938964844,0.0,-0.0,291.1501770019531,0.0,0.0,0.0004602799017447,291.14239501953125,294.1499938964844,284.1583251953125,282.6920471191406,286.4173889160156,284.3931579589844,290.8953552246094,0.0,0.0,0.0,0.0,1.0,1.0,-0.0009818678954616,3.743895859997792e-09,0.0009818641701713,-0.0088605610653758,0.0,0.0,0.0,-0.0066688237711787,60.0,-4.525326728820801,-0.0,-6.573029054379731e-08,0.0,283.1443786621094,288.5085144042969,285.35308837890625,285.36309814453125,293.1499938964844,293.1499938964844,278.1499938964844,0.0,18000.0,313.1499938964844,0.0,18000.0,0.0,0.0,0.0,0.0,0.0,0.0,0.0,0.0,0.0,-0.0,-0.0,-0.0,-6.544322618950674e-21,-3.272161309475337e-21,-3.272161107526945e-21,0.0,0.0,-0.0,0.0,0.0,0.0,-0.0,0.0,0.0,0.0,0.0,0.0,4.0,0.0,0.0
12002760,297.6895446777344,303.1499938964844,285.1499938964844,0.0,-0.0,291.1495361328125,0.0,0.0,9.21357932384126e-05,297.8895263671875,303.1499938964844,285.1499938964844,0.0,-0.0,291.15118408203125,0.0,0.0,9.702365787234156e-05,298.4288024902344,303.1499938964844,285.1499938964844,0.0,-0.0,291.1516418457031,0.0,0.0,7.166144496295601e-05,297.7300109863281,303.1499938964844,285.1499938964844,0.0,-0.0,291.15057373046875,0.0,0.0,9.702354145701976e-05,297.9803161621094,303.1499938964844,285.1499938964844,0.0,-0.0,291.14959716796875,0.0,0.0,0.0004602373228408,291.1416015625,294.1499938964844,284.1400146484375,282.6820373535156,286.3975524902344,284.3765869140625,290.8938293457031,0.0,0.0,0.0,0.0,1.0,1.0,-0.0009817765094339,3.733219067214577e-09,0.0009817727841436,-0.0088325859978795,0.0,0.0,0.0,-0.0066635305993258,60.0,-4.536189556121826,-0.0,-6.571806210331489e-08,0.0,283.1443786621094,288.5085144042969,285.35308837890625,285.36309814453125,293.1499938964844,293.1499938964844,278.1499938964844,0.0,18000.0,313.1499938964844,0.0,18000.0,0.0,0.0,0.0,0.0,0.0,0.0,0.0,0.0,0.0,-0.0,-0.0,-0.0,-6.544322618950674e-21,-3.272161309475337e-21,-3.272161107526945e-21,0.0,0.0,-0.0,0.0,0.0,0.0,-0.0,0.0,0.0,0.0,0.0,0.0,4.0,0.0,0.0
12002820,297.68707275390625,303.1499938964844,285.1499938964844,0.0,-0.0,291.1483154296875,0.0,0.0,9.21214304980822e-05,297.88580322265625,303.1499938964844,285.1499938964844,0.0,-0.0,291.14996337890625,0.0,0.0,9.700852388050409e-05,298.42529296875,303.1499938964844,285.1499938964844,0.0,-0.0,291.150390625,0.0,0.0,7.165026909206063e-05,297.7272644042969,303.1499938964844,285.1499938964844,0.0,-0.0,291.1493530273437,0.0,0.0,9.700841474113986e-05,297.97882080078125,303.1499938964844,285.1499938964844,0.0,-0.0,291.1483764648437,0.0,0.0,0.0004601655527949,291.1400146484375,294.1499938964844,284.10333251953125,282.6628112792969,286.35797119140625,284.34326171875,290.8908386230469,0.0,0.0,0.0,0.0,1.0,1.0,-0.0009816224919632,3.7152045884170085e-09,0.0009816187666729,-0.0087853847071528,0.0,0.0,0.0,-0.0066545996814966,60.0,-4.558038234710693,-0.0,-6.569744215312312e-08,0.0,283.1443786621094,288.5085144042969,285.35308837890625,285.36309814453125,293.1499938964844,293.1499938964844,278.1499938964844,0.0,18000.0,313.1499938964844,0.0,18000.0,0.0,0.0,0.0,0.0,0.0,0.0,0.0,0.0,0.0,-0.0,-0.0,-0.0,-6.544322618950674e-21,-3.272161309475337e-21,-3.272161107526945e-21,0.0,0.0,-0.0,0.0,0.0,0.0,-0.0,0.0,0.0,0.0,0.0,0.0,4.0,0.0,0.0
12002880,297.68707275390625,303.1499938964844,285.1499938964844,0.0,-0.0,291.1483154296875,0.0,0.0,9.21214304980822e-05,297.88580322265625,303.1499938964844,285.1499938964844,0.0,-0.0,291.14996337890625,0.0,0.0,9.700852388050409e-05,298.42529296875,303.1499938964844,285.1499938964844,0.0,-0.0,291.150390625,0.0,0.0,7.165026909206063e-05,297.7272644042969,303.1499938964844,285.1499938964844,0.0,-0.0,291.1493530273437,0.0,0.0,9.700841474113986e-05,297.97882080078125,303.1499938964844,285.1499938964844,0.0,-0.0,291.1483764648437,0.0,0.0,0.0004601655527949,291.1400146484375,294.1499938964844,284.10333251953125,282.6628112792969,286.35797119140625,284.34326171875,290.8908386230469,0.0,0.0,0.0,0.0,1.0,1.0,-0.0009816224919632,3.7152045884170085e-09,0.0009816187666729,-0.0087853847071528,0.0,0.0,0.0,-0.0066545996814966,60.0,-4.558038234710693,-0.0,-6.569744215312312e-08,0.0,283.1443786621094,288.5085144042969,285.35308837890625,285.36309814453125,293.1499938964844,293.1499938964844,278.1499938964844,0.0,18000.0,313.1499938964844,0.0,18000.0,0.0,0.0,0.0,0.0,0.0,0.0,0.0,0.0,0.0,-0.0,-0.0,-0.0,-6.544322618950674e-21,-3.272161309475337e-21,-3.272161107526945e-21,0.0,0.0,-0.0,0.0,0.0,0.0,-0.0,0.0,0.0,0.0,0.0,0.0,4.0,0.0,0.0
12002940,297.68438720703125,303.1499938964844,285.1499938964844,0.0,-0.0,291.1470947265625,0.0,0.0,9.211040014633908e-05,297.8820495605469,303.1499938964844,285.1499938964844,0.0,-0.0,291.1487121582031,0.0,0.0,9.699691145215183e-05,298.42169189453125,303.1499938964844,285.1499938964844,0.0,-0.0,291.1491394042969,0.0,0.0,7.16416907380335e-05,297.7243347167969,303.1499938964844,285.1499938964844,0.0,-0.0,291.1481018066406,0.0,0.0,9.699680231278762e-05,297.97723388671875,303.1499938964844,285.1499938964844,0.0,-0.0,291.14715576171875,0.0,0.0,0.0004601104592438,291.1383972167969,294.1499938964844,284.0666809082031,282.6445617675781,286.3184509277344,284.30963134765625,290.8878173828125,0.0,0.0,0.0,0.0,1.0,1.0,-0.0009815039811655,3.70135455618481e-09,0.0009815002558752,-0.0087490957230329,0.0,0.0,0.0,-0.0066477339714765,60.0,-4.580048561096191,-0.0,-6.568158283926095e-08,0.0,283.1443786621094,288.5085144042969,285.35308837890625,285.36309814453125,293.1499938964844,293.1499938964844,278.1499938964844,0.0,18000.0,313.1499938964844,0.0,18000.0,0.0,0.0,0.0,0.0,0.0,0.0,0.0,0.0,0.0,-0.0,-0.0,-0.0,-6.544322618950674e-21,-3.272161309475337e-21,-3.272161107526945e-21,0.0,0.0,-0.0,0.0,0.0,0.0,-0.0,0.0,0.0,0.0,0.0,0.0,4.0,0.0,0.0
12003000,297.68438720703125,303.1499938964844,285.1499938964844,0.0,-0.0,291.1470947265625,0.0,0.0,9.211040014633908e-05,297.8820495605469,303.1499938964844,285.1499938964844,0.0,-0.0,291.1487121582031,0.0,0.0,9.699691145215183e-05,298.42169189453125,303.1499938964844,285.1499938964844,0.0,-0.0,291.1491394042969,0.0,0.0,7.16416907380335e-05,297.7243347167969,303.1499938964844,285.1499938964844,0.0,-0.0,291.1481018066406,0.0,0.0,9.699680231278762e-05,297.97723388671875,303.1499938964844,285.1499938964844,0.0,-0.0,291.14715576171875,0.0,0.0,0.0004601104592438,291.1383972167969,294.1499938964844,284.0666809082031,282.6445617675781,286.3184509277344,284.30963134765625,290.8878173828125,0.0,0.0,0.0,0.0,1.0,1.0,-0.0009815039811655,3.70135455618481e-09,0.0009815002558752,-0.0087490957230329,0.0,0.0,0.0,-0.0066477339714765,60.0,-4.580048561096191,-0.0,-6.568158283926095e-08,0.0,283.1443786621094,288.5085144042969,285.35308837890625,285.36309814453125,293.1499938964844,293.1499938964844,278.1499938964844,0.0,18000.0,313.1499938964844,0.0,18000.0,0.0,0.0,0.0,0.0,0.0,0.0,0.0,0.0,0.0,-0.0,-0.0,-0.0,-6.544322618950674e-21,-3.272161309475337e-21,-3.272161107526945e-21,0.0,0.0,-0.0,0.0,0.0,0.0,-0.0,0.0,0.0,0.0,0.0,0.0,4.0,0.0,0.0
12003060,297.6815185546875,303.1499938964844,285.1499938964844,0.0,-0.0,291.1458740234375,0.0,0.0,9.210244024870916e-05,297.8782653808594,303.1499938964844,285.1499938964844,0.0,-0.0,291.1474609375,0.0,0.0,9.698852227302268e-05,298.41802978515625,303.1499938964844,285.1499938964844,0.0,-0.0,291.1478881835937,0.0,0.0,7.163549162214622e-05,297.7211608886719,303.1499938964844,285.1499938964844,0.0,-0.0,291.1468505859375,0.0,0.0,9.698842040961608e-05,297.9755554199219,303.1499938964844,285.1499938964844,0.0,-0.0,291.1459045410156,0.0,0.0,0.0004600707034114,291.13677978515625,294.1499938964844,284.0299987792969,282.627197265625,286.27899169921875,284.2757568359375,290.884765625,0.0,0.0,0.0,0.0,1.0,1.0,-0.0009814182994887,3.691327243871001e-09,0.0009814145741984,-0.0087228221818804,0.0,0.0,0.0,-0.0066427625715732,60.0,-4.602206230163574,-0.0,-6.567010757407843e-08,0.0,283.1443786621094,288.5085144042969,285.35308837890625,285.36309814453125,293.1499938964844,293.1499938964844,278.1499938964844,0.0,18000.0,313.1499938964844,0.0,18000.0,0.0,0.0,0.0,0.0,0.0,0.0,0.0,0.0,0.0,-0.0,-0.0,-0.0,-6.544322618950674e-21,-3.272161309475337e-21,-3.272161107526945e-21,0.0,0.0,-0.0,0.0,0.0,0.0,-0.0,0.0,0.0,0.0,0.0,0.0,4.0,0.0,0.0
12003120,297.6815185546875,303.1499938964844,285.1499938964844,0.0,-0.0,291.1458740234375,0.0,0.0,9.210244024870916e-05,297.8782653808594,303.1499938964844,285.1499938964844,0.0,-0.0,291.1474609375,0.0,0.0,9.698852227302268e-05,298.41802978515625,303.1499938964844,285.1499938964844,0.0,-0.0,291.1478881835937,0.0,0.0,7.163549162214622e-05,297.7211608886719,303.1499938964844,285.1499938964844,0.0,-0.0,291.1468505859375,0.0,0.0,9.698842040961608e-05,297.9755554199219,303.1499938964844,285.1499938964844,0.0,-0.0,291.1459045410156,0.0,0.0,0.0004600707034114,291.13677978515625,294.1499938964844,284.0299987792969,282.627197265625,286.27899169921875,284.2757568359375,290.884765625,0.0,0.0,0.0,0.0,1.0,1.0,-0.0009814182994887,3.691327243871001e-09,0.0009814145741984,-0.0087228221818804,0.0,0.0,0.0,-0.0066427625715732,60.0,-4.602206230163574,-0.0,-6.567010757407843e-08,0.0,283.1443786621094,288.5085144042969,285.35308837890625,285.36309814453125,293.1499938964844,293.1499938964844,278.1499938964844,0.0,18000.0,313.1499938964844,0.0,18000.0,0.0,0.0,0.0,0.0,0.0,0.0,0.0,0.0,0.0,-0.0,-0.0,-0.0,-6.544322618950674e-21,-3.272161309475337e-21,-3.272161107526945e-21,0.0,0.0,-0.0,0.0,0.0,0.0,-0.0,0.0,0.0,0.0,0.0,0.0,4.0,0.0,0.0
12003180,297.6784973144531,303.1499938964844,285.1499938964844,0.0,-0.0,291.1446228027344,0.0,0.0,9.209728887071832e-05,297.8744812011719,303.1499938964844,285.1499938964844,0.0,-0.0,291.14617919921875,0.0,0.0,9.69830944086425e-05,298.414306640625,303.1499938964844,285.1499938964844,0.0,-0.0,291.1466064453125,0.0,0.0,7.16314825695008e-05,297.7178039550781,303.1499938964844,285.1499938964844,0.0,-0.0,291.1455993652344,0.0,0.0,9.698298526927827e-05,297.9737548828125,303.1499938964844,285.1499938964844,0.0,-0.0,291.1446533203125,0.0,0.0,0.0004600449756253,291.1351623535156,294.1499938964844,283.99334716796875,282.6106262207031,286.23956298828125,284.2416076660156,290.8817138671875,0.0,0.0,0.0,0.0,1.0,1.0,-0.0009813624201342,3.6847951356833164e-09,0.0009813586948439,-0.0087057072669267,0.0,0.0,0.0,-0.0066395243629813,60.0,-4.624500751495361,-0.0,-6.566263266449823e-08,0.0,283.1443786621094,288.5085144042969,285.35308837890625,285.36309814453125,293.1499938964844,293.1499938964844,278.1499938964844,0.0,18000.0,313.1499938964844,0.0,18000.0,0.0,0.0,0.0,0.0,0.0,0.0,0.0,0.0,0.0,-0.0,-0.0,-0.0,-6.544322618950674e-21,-3.272161309475337e-21,-3.272161107526945e-21,0.0,0.0,-0.0,0.0,0.0,0.0,-0.0,0.0,0.0,0.0,0.0,0.0,4.0,0.0,0.0
12003240,297.6784973144531,303.1499938964844,285.1499938964844,0.0,-0.0,291.1446228027344,0.0,0.0,9.209728887071832e-05,297.8744812011719,303.1499938964844,285.1499938964844,0.0,-0.0,291.14617919921875,0.0,0.0,9.69830944086425e-05,298.414306640625,303.1499938964844,285.1499938964844,0.0,-0.0,291.1466064453125,0.0,0.0,7.16314825695008e-05,297.7178039550781,303.1499938964844,285.1499938964844,0.0,-0.0,291.1455993652344,0.0,0.0,9.698298526927827e-05,297.9737548828125,303.1499938964844,285.1499938964844,0.0,-0.0,291.1446533203125,0.0,0.0,0.0004600449756253,291.1351623535156,294.1499938964844,283.99334716796875,282.6106262207031,286.23956298828125,284.2416076660156,290.8817138671875,0.0,0.0,0.0,0.0,1.0,1.0,-0.0009813624201342,3.6847951356833164e-09,0.0009813586948439,-0.0087057072669267,0.0,0.0,0.0,-0.0066395243629813,60.0,-4.624500751495361,-0.0,-6.566263266449823e-08,0.0,283.1443786621094,288.5085144042969,285.35308837890625,285.36309814453125,293.1499938964844,293.1499938964844,278.1499938964844,0.0,18000.0,313.1499938964844,0.0,18000.0,0.0,0.0,0.0,0.0,0.0,0.0,0.0,0.0,0.0,-0.0,-0.0,-0.0,-6.544322618950674e-21,-3.272161309475337e-21,-3.272161107526945e-21,0.0,0.0,-0.0,0.0,0.0,0.0,-0.0,0.0,0.0,0.0,0.0,0.0,4.0,0.0,0.0
12003300,297.6769104003906,303.1499938964844,285.1499938964844,0.0,-0.0,291.1439819335937,0.0,0.0,9.209569543600082e-05,297.87255859375,303.1499938964844,285.1499938964844,0.0,-0.0,291.1455383300781,0.0,0.0,9.698141366243362e-05,298.41241455078125,303.1499938964844,285.1499938964844,0.0,-0.0,291.1459655761719,0.0,0.0,7.163023838074878e-05,297.7160339355469,303.1499938964844,285.1499938964844,0.0,-0.0,291.1449584960937,0.0,0.0,9.69813045230694e-05,297.9728088378906,303.1499938964844,285.1499938964844,0.0,-0.0,291.1440124511719,0.0,0.0,0.0004600370011758,291.13433837890625,294.1499938964844,283.9750061035156,282.6025695800781,286.2198791503906,284.22442626953125,290.88018798828125,0.0,0.0,0.0,0.0,1.0,1.0,-0.0009813449578359,3.682752547362611e-09,0.0009813412325456,-0.0087003549560904,0.0,0.0,0.0,-0.0066385115496814,60.0,-4.635696887969971,-0.0,-6.566029497889758e-08,0.0,283.1443786621094,288.5085144042969,285.35308837890625,285.36309814453125,293.1499938964844,293.1499938964844,278.1499938964844,0.0,18000.0,313.1499938964844,0.0,18000.0,0.0,0.0,0.0,0.0,0.0,0.0,0.0,0.0,0.0,-0.0,-0.0,-0.0,-6.544322618950674e-21,-3.272161309475337e-21,-3.272161107526945e-21,0.0,0.0,-0.0,0.0,0.0,0.0,-0.0,0.0,0.0,0.0,0.0,0.0,4.0,0.0,0.0
12003360,297.67529296875,303.1499938964844,285.1499938964844,0.0,-0.0,291.1433410644531,0.0,0.0,9.209468407789244e-05,297.8706359863281,303.1499938964844,285.1499938964844,0.0,-0.0,291.1448974609375,0.0,0.0,9.698035137262195e-05,298.4104919433594,303.1499938964844,285.1499938964844,0.0,-0.0,291.14532470703125,0.0,0.0,7.162945257732645e-05,297.7142333984375,303.1499938964844,285.1499938964844,0.0,-0.0,291.1443176269531,0.0,0.0,9.698024950921535e-05,297.97186279296875,303.1499938964844,285.1499938964844,0.0,-0.0,291.14337158203125,0.0,0.0,0.0004600319662131,291.1335144042969,294.1499938964844,283.9566650390625,282.5946960449219,286.2001953125,284.2071838378906,290.878662109375,0.0,0.0,0.0,0.0,1.0,1.0,-0.0009813336655497,3.6814440385057882e-09,0.0009813300566747,-0.0086969267576932,0.0,0.0,0.0,-0.0066378628835082,60.0,-4.646921634674072,-0.0,-6.565879573372514e-08,0.0,283.1443786621094,288.5085144042969,285.35308837890625,285.36309814453125,293.1499938964844,293.1499938964844,278.1499938964844,0.0,18000.0,313.1499938964844,0.0,18000.0,0.0,0.0,0.0,0.0,0.0,0.0,0.0,0.0,0.0,-0.0,-0.0,-0.0,-6.544322618950674e-21,-3.272161309475337e-21,-3.272161107526945e-21,0.0,0.0,-0.0,0.0,0.0,0.0,-0.0,0.0,0.0,0.0,0.0,0.0,4.0,0.0,0.0
12003420,297.6719665527344,303.1499938964844,285.1499938964844,0.0,-0.0,291.1420593261719,0.0,0.0,9.209436393575744e-05,297.8667907714844,303.1499938964844,285.1499938964844,0.0,-0.0,291.14361572265625,0.0,0.0,9.698000940261407e-05,298.4066467285156,303.1499938964844,285.1499938964844,0.0,-0.0,291.1440124511719,0.0,0.0,7.162919791880995e-05,297.71051025390625,303.1499938964844,285.1499938964844,0.0,-0.0,291.1430358886719,0.0,0.0,9.697990753920747e-05,297.9698791503906,303.1499938964844,285.1499938964844,0.0,-0.0,291.14208984375,0.0,0.0,0.0004600303655024,291.1318664550781,294.1499938964844,283.9200134277344,282.5793762207031,286.1608581542969,284.1724853515625,290.8755798339844,0.0,0.0,0.0,0.0,1.0,1.0,-0.0009813293581828,3.6809375547619534e-09,0.0009813256328925,-0.0086955986917018,0.0,0.0,0.0,-0.0066376118920743,60.0,-4.669452667236328,-0.0,-6.565822019410916e-08,0.0,283.1443786621094,288.5085144042969,285.35308837890625,285.36309814453125,293.1499938964844,293.1499938964844,278.1499938964844,0.0,18000.0,313.1499938964844,0.0,18000.0,0.0,0.0,0.0,0.0,0.0,0.0,0.0,0.0,0.0,-0.0,-0.0,-0.0,-6.544322618950674e-21,-3.272161309475337e-21,-3.272161107526945e-21,0.0,0.0,-0.0,0.0,0.0,0.0,-0.0,0.0,0.0,0.0,0.0,0.0,4.0,0.0,0.0
12003480,297.6719665527344,303.1499938964844,285.1499938964844,0.0,-0.0,291.1420593261719,0.0,0.0,9.209436393575744e-05,297.8667907714844,303.1499938964844,285.1499938964844,0.0,-0.0,291.14361572265625,0.0,0.0,9.698000940261407e-05,298.4066467285156,303.1499938964844,285.1499938964844,0.0,-0.0,291.1440124511719,0.0,0.0,7.162919791880995e-05,297.71051025390625,303.1499938964844,285.1499938964844,0.0,-0.0,291.1430358886719,0.0,0.0,9.697990753920747e-05,297.9698791503906,303.1499938964844,285.1499938964844,0.0,-0.0,291.14208984375,0.0,0.0,0.0004600303655024,291.1318664550781,294.1499938964844,283.9200134277344,282.5793762207031,286.1608581542969,284.1724853515625,290.8755798339844,0.0,0.0,0.0,0.0,1.0,1.0,-0.0009813293581828,3.6809375547619534e-09,0.0009813256328925,-0.0086955986917018,0.0,0.0,0.0,-0.0066376118920743,60.0,-4.669452667236328,-0.0,-6.565822019410916e-08,0.0,283.1443786621094,288.5085144042969,285.35308837890625,285.36309814453125,293.1499938964844,293.1499938964844,278.1499938964844,0.0,18000.0,313.1499938964844,0.0,18000.0,0.0,0.0,0.0,0.0,0.0,0.0,0.0,0.0,0.0,-0.0,-0.0,-0.0,-6.544322618950674e-21,-3.272161309475337e-21,-3.272161107526945e-21,0.0,0.0,-0.0,0.0,0.0,0.0,-0.0,0.0,0.0,0.0,0.0,0.0,4.0,0.0,0.0
12003540,297.66851806640625,303.1499938964844,285.1499938964844,0.0,-0.0,291.1407775878906,0.0,0.0,9.20960956136696e-05,297.8628845214844,303.1499938964844,285.1499938964844,0.0,-0.0,291.1423034667969,0.0,0.0,9.698182839201765e-05,298.4027099609375,303.1499938964844,285.1499938964844,0.0,-0.0,291.1427001953125,0.0,0.0,7.163054397096857e-05,297.70660400390625,303.1499938964844,285.1499938964844,0.0,-0.0,291.1417236328125,0.0,0.0,9.698172652861103e-05,297.9678039550781,303.1499938964844,285.1499938964844,0.0,-0.0,291.14080810546875,0.0,0.0,0.0004600390093401,291.1302185058594,294.1499938964844,283.8833312988281,282.56451416015625,286.12158203125,284.13751220703125,290.8724670410156,0.0,0.0,0.0,0.0,1.0,1.0,-0.0009813469368964,3.6829883587330414e-09,0.0009813432116061,-0.0087009724229574,0.0,0.0,0.0,-0.0066386284306645,60.0,-4.692087650299072,-0.0,-6.566056498513717e-08,0.0,283.1443786621094,288.5085144042969,285.35308837890625,285.36309814453125,293.1499938964844,293.1499938964844,278.1499938964844,0.0,18000.0,313.1499938964844,0.0,18000.0,0.0,0.0,0.0,0.0,0.0,0.0,0.0,0.0,0.0,-0.0,-0.0,-0.0,-6.544322618950674e-21,-3.272161309475337e-21,-3.272161107526945e-21,0.0,0.0,-0.0,0.0,0.0,0.0,-0.0,0.0,0.0,0.0,0.0,0.0,4.0,0.0,0.0
12003600,297.66851806640625,303.1499938964844,285.1499938964844,0.0,-0.0,291.1407775878906,0.0,0.0,9.20960956136696e-05,297.8628845214844,303.1499938964844,285.1499938964844,0.0,-0.0,291.1423034667969,0.0,0.0,9.698182839201765e-05,298.4027099609375,303.1499938964844,285.1499938964844,0.0,-0.0,291.1427001953125,0.0,0.0,7.163054397096857e-05,297.70660400390625,303.1499938964844,285.1499938964844,0.0,-0.0,291.1417236328125,0.0,0.0,9.698172652861103e-05,297.9678039550781,303.1499938964844,285.1499938964844,0.0,-0.0,291.14080810546875,0.0,0.0,0.0004600390093401,291.1302185058594,294.1499938964844,283.8833312988281,282.56451416015625,286.12158203125,284.13751220703125,290.8724670410156,0.0,0.0,0.0,0.0,1.0,1.0,-0.0009813469368964,3.6829883587330414e-09,0.0009813432116061,-0.0087009724229574,0.0,0.0,0.0,-0.0066386284306645,60.0,-4.692087650299072,-0.0,-6.566056498513717e-08,0.0,283.1443786621094,288.5085144042969,285.35308837890625,285.36309814453125,293.1499938964844,293.1499938964844,278.1499938964844,0.0,18000.0,313.1499938964844,0.0,18000.0,0.0,0.0,0.0,0.0,0.0,0.0,0.0,0.0,0.0,-0.0,-0.0,-0.0,-6.544322618950674e-21,-3.272161309475337e-21,-3.272161107526945e-21,0.0,0.0,-0.0,0.0,0.0,0.0,-0.0,0.0,0.0,0.0,0.0,0.0,4.0,0.0,0.0
12003660,297.6649780273437,303.1499938964844,285.1499938964844,0.0,-0.0,291.13946533203125,0.0,0.0,9.20996317290701e-05,297.8589782714844,303.1499938964844,285.1499938964844,0.0,-0.0,291.1409606933594,0.0,0.0,9.698554640635848e-05,298.3987121582031,303.1499938964844,285.1499938964844,0.0,-0.0,291.141357421875,0.0,0.0,7.163328700698912e-05,297.7025451660156,303.1499938964844,285.1499938964844,0.0,-0.0,291.1404113769531,0.0,0.0,9.69854518189095e-05,297.9656677246094,303.1499938964844,285.1499938964844,0.0,-0.0,291.1394958496094,0.0,0.0,0.0004600566753651,291.1285400390625,294.1499938964844,283.8466796875,282.5500183105469,286.0823669433594,284.1023254394531,290.8693542480469,0.0,0.0,0.0,0.0,1.0,1.0,-0.0009813836077228,3.6872871422843904e-09,0.0009813799988478,-0.0087122367694973,0.0,0.0,0.0,-0.0066407597623765,60.0,-4.714813709259033,-0.0,-6.566548194086863e-08,0.0,283.1443786621094,288.5085144042969,285.35308837890625,285.36309814453125,293.1499938964844,293.1499938964844,278.1499938964844,0.0,18000.0,313.1499938964844,0.0,18000.0,0.0,0.0,0.0,0.0,0.0,0.0,0.0,0.0,0.0,-0.0,-0.0,-0.0,-6.544322618950674e-21,-3.272161309475337e-21,-3.272161107526945e-21,0.0,0.0,-0.0,0.0,0.0,0.0,-0.0,0.0,0.0,0.0,0.0,0.0,4.0,0.0,0.0
12003720,297.6649780273437,303.1499938964844,285.1499938964844,0.0,-0.0,291.13946533203125,0.0,0.0,9.20996317290701e-05,297.8589782714844,303.1499938964844,285.1499938964844,0.0,-0.0,291.1409606933594,0.0,0.0,9.698554640635848e-05,298.3987121582031,303.1499938964844,285.1499938964844,0.0,-0.0,291.141357421875,0.0,0.0,7.163328700698912e-05,297.7025451660156,303.1499938964844,285.1499938964844,0.0,-0.0,291.1404113769531,0.0,0.0,9.69854518189095e-05,297.9656677246094,303.1499938964844,285.1499938964844,0.0,-0.0,291.1394958496094,0.0,0.0,0.0004600566753651,291.1285400390625,294.1499938964844,283.8466796875,282.5500183105469,286.0823669433594,284.1023254394531,290.8693542480469,0.0,0.0,0.0,0.0,1.0,1.0,-0.0009813836077228,3.6872871422843904e-09,0.0009813799988478,-0.0087122367694973,0.0,0.0,0.0,-0.0066407597623765,60.0,-4.714813709259033,-0.0,-6.566548194086863e-08,0.0,283.1443786621094,288.5085144042969,285.35308837890625,285.36309814453125,293.1499938964844,293.1499938964844,278.1499938964844,0.0,18000.0,313.1499938964844,0.0,18000.0,0.0,0.0,0.0,0.0,0.0,0.0,0.0,0.0,0.0,-0.0,-0.0,-0.0,-6.544322618950674e-21,-3.272161309475337e-21,-3.272161107526945e-21,0.0,0.0,-0.0,0.0,0.0,0.0,-0.0,0.0,0.0,0.0,0.0,0.0,4.0,0.0,0.0
12003780,297.66131591796875,303.1499938964844,285.1499938964844,0.0,-0.0,291.1381530761719,0.0,0.0,9.210473217535764e-05,297.8550109863281,303.1499938964844,285.1499938964844,0.0,-0.0,291.1396179199219,0.0,0.0,9.699091606307776e-05,298.3946838378906,303.1499938964844,285.1499938964844,0.0,-0.0,291.1400146484375,0.0,0.0,7.163725240388885e-05,297.6983337402344,303.1499938964844,285.1499938964844,0.0,-0.0,291.1390686035156,0.0,0.0,9.699081419967116e-05,297.96343994140625,303.1499938964844,285.1499938964844,0.0,-0.0,291.13818359375,0.0,0.0,0.0004600821412168,291.1268310546875,294.1499938964844,283.8099975585937,282.5357971191406,286.04315185546875,284.0668640136719,290.8662414550781,0.0,0.0,0.0,0.0,1.0,1.0,-0.0009814371587708,3.693538808136054e-09,0.0009814334334805,-0.0087286159396171,0.0,0.0,0.0,-0.0066438587382435,60.0,-4.737619400024414,-0.0,-6.567263710621773e-08,0.0,283.1443786621094,288.5085144042969,285.35308837890625,285.36309814453125,293.1499938964844,293.1499938964844,278.1499938964844,0.0,18000.0,313.1499938964844,0.0,18000.0,0.0,0.0,0.0,0.0,0.0,0.0,0.0,0.0,0.0,-0.0,-0.0,-0.0,-6.544322618950674e-21,-3.272161309475337e-21,-3.272161107526945e-21,0.0,0.0,-0.0,0.0,0.0,0.0,-0.0,0.0,0.0,0.0,0.0,0.0,4.0,0.0,0.0
12003840,297.66131591796875,303.1499938964844,285.1499938964844,0.0,-0.0,291.1381530761719,0.0,0.0,9.210473217535764e-05,297.8550109863281,303.1499938964844,285.1499938964844,0.0,-0.0,291.1396179199219,0.0,0.0,9.699091606307776e-05,298.3946838378906,303.1499938964844,285.1499938964844,0.0,-0.0,291.1400146484375,0.0,0.0,7.163725240388885e-05,297.6983337402344,303.1499938964844,285.1499938964844,0.0,-0.0,291.1390686035156,0.0,0.0,9.699081419967116e-05,297.96343994140625,303.1499938964844,285.1499938964844,0.0,-0.0,291.13818359375,0.0,0.0,0.0004600821412168,291.1268310546875,294.1499938964844,283.8099975585937,282.5357971191406,286.04315185546875,284.0668640136719,290.8662414550781,0.0,0.0,0.0,0.0,1.0,1.0,-0.0009814371587708,3.693538808136054e-09,0.0009814334334805,-0.0087286159396171,0.0,0.0,0.0,-0.0066438587382435,60.0,-4.737619400024414,-0.0,-6.567263710621773e-08,0.0,283.1443786621094,288.5085144042969,285.35308837890625,285.36309814453125,293.1499938964844,293.1499938964844,278.1499938964844,0.0,18000.0,313.1499938964844,0.0,18000.0,0.0,0.0,0.0,0.0,0.0,0.0,0.0,0.0,0.0,-0.0,-0.0,-0.0,-6.544322618950674e-21,-3.272161309475337e-21,-3.272161107526945e-21,0.0,0.0,-0.0,0.0,0.0,0.0,-0.0,0.0,0.0,0.0,0.0,0.0,4.0,0.0,0.0
12003900,297.6594543457031,303.1499938964844,285.1499938964844,0.0,-0.0,291.1374816894531,0.0,0.0,9.210780262947084e-05,297.85302734375,303.1499938964844,285.1499938964844,0.0,-0.0,291.1389465332031,0.0,0.0,9.699414658825845e-05,298.39263916015625,303.1499938964844,285.1499938964844,0.0,-0.0,291.13934326171875,0.0,0.0,7.16396389179863e-05,297.6961669921875,303.1499938964844,285.1499938964844,0.0,-0.0,291.1383972167969,0.0,0.0,9.699405200080946e-05,297.9622802734375,303.1499938964844,285.1499938964844,0.0,-0.0,291.13751220703125,0.0,0.0,0.0004600974789354,291.1259765625,294.1499938964844,283.7916564941406,282.5287780761719,286.0235900878906,284.0490417480469,290.8646850585937,0.0,0.0,0.0,0.0,1.0,1.0,-0.000981469405815,3.697312900285965e-09,0.0009814656805247,-0.0087385056540369,0.0,0.0,0.0,-0.0066457297652959,60.0,-4.749049663543701,-0.0,-6.567695720605117e-08,0.0,283.1443786621094,288.5085144042969,285.35308837890625,285.36309814453125,293.1499938964844,293.1499938964844,278.1499938964844,0.0,18000.0,313.1499938964844,0.0,18000.0,0.0,0.0,0.0,0.0,0.0,0.0,0.0,0.0,0.0,-0.0,-0.0,-0.0,-6.544322618950674e-21,-3.272161309475337e-21,-3.272161107526945e-21,0.0,0.0,-0.0,0.0,0.0,0.0,-0.0,0.0,0.0,0.0,0.0,0.0,4.0,0.0,0.0
12003960,297.6575927734375,303.1499938964844,285.1499938964844,0.0,-0.0,291.1368103027344,0.0,0.0,9.211116412188858e-05,297.8510131835937,303.1499938964844,285.1499938964844,0.0,-0.0,291.1382751464844,0.0,0.0,9.699769725557417e-05,298.3905639648437,303.1499938964844,285.1499938964844,0.0,-0.0,291.138671875,0.0,0.0,7.164225826272741e-05,297.6940002441406,303.1499938964844,285.1499938964844,0.0,-0.0,291.1377258300781,0.0,0.0,9.699759539216755e-05,297.96112060546875,303.1499938964844,285.1499938964844,0.0,-0.0,291.1368408203125,0.0,0.0,0.0004601143009494,291.1251220703125,294.1499938964844,283.7733459472656,282.52178955078125,286.0040283203125,284.0311584472656,290.86309814453125,0.0,0.0,0.0,0.0,1.0,1.0,-0.0009815047960728,3.701458473059915e-09,0.0009815011871978,-0.0087493676692247,0.0,0.0,0.0,-0.0066477851942181,60.0,-4.760495185852051,-0.0,-6.568170363152603e-08,0.0,283.1443786621094,288.5085144042969,285.35308837890625,285.36309814453125,293.1499938964844,293.1499938964844,278.1499938964844,0.0,18000.0,313.1499938964844,0.0,18000.0,0.0,0.0,0.0,0.0,0.0,0.0,0.0,0.0,0.0,-0.0,-0.0,-0.0,-6.544322618950674e-21,-3.272161309475337e-21,-3.272161107526945e-21,0.0,0.0,-0.0,0.0,0.0,0.0,-0.0,0.0,0.0,0.0,0.0,0.0,4.0,0.0,0.0
12004020,297.65380859375,303.1499938964844,285.1499938964844,0.0,-0.0,291.1354675292969,0.0,0.0,9.211870201397689e-05,297.84698486328125,303.1499938964844,285.1499938964844,0.0,-0.0,291.13690185546875,0.0,0.0,9.700562804937364e-05,298.38641357421875,303.1499938964844,285.1499938964844,0.0,-0.0,291.1372985839844,0.0,0.0,7.164811540860683e-05,297.68951416015625,303.1499938964844,285.1499938964844,0.0,-0.0,291.1363830566406,0.0,0.0,9.700553346192464e-05,297.958740234375,303.1499938964844,285.1499938964844,0.0,-0.0,291.135498046875,0.0,0.0,0.0004601519613061,291.1234130859375,294.1499938964844,283.7366638183594,282.50787353515625,285.96490478515625,283.9952392578125,290.8599548339844,0.0,0.0,0.0,0.0,1.0,1.0,-0.0009815843077376,3.710748819329978e-09,0.0009815805824473,-0.0087737096473574,0.0,0.0,0.0,-0.0066523905843496,60.0,-4.783425331115723,-0.0,-6.569234045628036e-08,0.0,283.1443786621094,288.5085144042969,285.35308837890625,285.36309814453125,293.1499938964844,293.1499938964844,278.1499938964844,0.0,18000.0,313.1499938964844,0.0,18000.0,0.0,0.0,0.0,0.0,0.0,0.0,0.0,0.0,0.0,-0.0,-0.0,-0.0,-6.544322618950674e-21,-3.272161309475337e-21,-3.272161107526945e-21,0.0,0.0,-0.0,0.0,0.0,0.0,-0.0,0.0,0.0,0.0,0.0,0.0,4.0,0.0,0.0
12004080,297.65380859375,303.1499938964844,285.1499938964844,0.0,-0.0,291.1354675292969,0.0,0.0,9.211870201397689e-05,297.84698486328125,303.1499938964844,285.1499938964844,0.0,-0.0,291.13690185546875,0.0,0.0,9.700562804937364e-05,298.38641357421875,303.1499938964844,285.1499938964844,0.0,-0.0,291.1372985839844,0.0,0.0,7.164811540860683e-05,297.68951416015625,303.1499938964844,285.1499938964844,0.0,-0.0,291.1363830566406,0.0,0.0,9.700553346192464e-05,297.958740234375,303.1499938964844,285.1499938964844,0.0,-0.0,291.135498046875,0.0,0.0,0.0004601519613061,291.1234130859375,294.1499938964844,283.7366638183594,282.50787353515625,285.96490478515625,283.9952392578125,290.8599548339844,0.0,0.0,0.0,0.0,1.0,1.0,-0.0009815843077376,3.710748819329978e-09,0.0009815805824473,-0.0087737096473574,0.0,0.0,0.0,-0.0066523905843496,60.0,-4.783425331115723,-0.0,-6.569234045628036e-08,0.0,283.1443786621094,288.5085144042969,285.35308837890625,285.36309814453125,293.1499938964844,293.1499938964844,278.1499938964844,0.0,18000.0,313.1499938964844,0.0,18000.0,0.0,0.0,0.0,0.0,0.0,0.0,0.0,0.0,0.0,-0.0,-0.0,-0.0,-6.544322618950674e-21,-3.272161309475337e-21,-3.272161107526945e-21,0.0,0.0,-0.0,0.0,0.0,0.0,-0.0,0.0,0.0,0.0,0.0,0.0,4.0,0.0,0.0
12004140,297.64996337890625,303.1499938964844,285.1499938964844,0.0,-0.0,291.1341247558594,0.0,0.0,9.21271275728941e-05,297.8429260253906,303.1499938964844,285.1499938964844,0.0,-0.0,291.1355285644531,0.0,0.0,9.701449744170532e-05,298.3822326660156,303.1499938964844,285.1499938964844,0.0,-0.0,291.13592529296875,0.0,0.0,7.16546710464172e-05,297.6849060058594,303.1499938964844,285.1499938964844,0.0,-0.0,291.135009765625,0.0,0.0,9.701440285425632e-05,297.9562683105469,303.1499938964844,285.1499938964844,0.0,-0.0,291.1341552734375,0.0,0.0,0.0004601940454449,291.1217041015625,294.1499938964844,283.70001220703125,282.4939270019531,285.92584228515625,283.9591064453125,290.8567810058594,0.0,0.0,0.0,0.0,1.0,1.0,-0.0009816732490435,3.721146946134013e-09,0.0009816695237532,-0.0088009545579552,0.0,0.0,0.0,-0.0066575454548001,60.0,-4.806402683258057,-0.0,-6.570424204710434e-08,0.0,283.1443786621094,288.5085144042969,285.35308837890625,285.36309814453125,293.1499938964844,293.1499938964844,278.1499938964844,0.0,18000.0,313.1499938964844,0.0,18000.0,0.0,0.0,0.0,0.0,0.0,0.0,0.0,0.0,0.0,-0.0,-0.0,-0.0,-6.544322618950674e-21,-3.272161309475337e-21,-3.272161107526945e-21,0.0,0.0,-0.0,0.0,0.0,0.0,-0.0,0.0,0.0,0.0,0.0,0.0,4.0,0.0,0.0
12004200,297.64996337890625,303.1499938964844,285.1499938964844,0.0,-0.0,291.1341247558594,0.0,0.0,9.21271275728941e-05,297.8429260253906,303.1499938964844,285.1499938964844,0.0,-0.0,291.1355285644531,0.0,0.0,9.701449744170532e-05,298.3822326660156,303.1499938964844,285.1499938964844,0.0,-0.0,291.13592529296875,0.0,0.0,7.16546710464172e-05,297.6849060058594,303.1499938964844,285.1499938964844,0.0,-0.0,291.135009765625,0.0,0.0,9.701440285425632e-05,297.9562683105469,303.1499938964844,285.1499938964844,0.0,-0.0,291.1341552734375,0.0,0.0,0.0004601940454449,291.1217041015625,294.1499938964844,283.70001220703125,282.4939270019531,285.92584228515625,283.9591064453125,290.8567810058594,0.0,0.0,0.0,0.0,1.0,1.0,-0.0009816732490435,3.721146946134013e-09,0.0009816695237532,-0.0088009545579552,0.0,0.0,0.0,-0.0066575454548001,60.0,-4.806402683258057,-0.0,-6.570424204710434e-08,0.0,283.1443786621094,288.5085144042969,285.35308837890625,285.36309814453125,293.1499938964844,293.1499938964844,278.1499938964844,0.0,18000.0,313.1499938964844,0.0,18000.0,0.0,0.0,0.0,0.0,0.0,0.0,0.0,0.0,0.0,-0.0,-0.0,-0.0,-6.544322618950674e-21,-3.272161309475337e-21,-3.272161107526945e-21,0.0,0.0,-0.0,0.0,0.0,0.0,-0.0,0.0,0.0,0.0,0.0,0.0,4.0,0.0,0.0
12004260,297.6460876464844,303.1499938964844,285.1499938964844,0.0,-0.0,291.1327514648437,0.0,0.0,9.213622251991184e-05,297.8388671875,303.1499938964844,285.1499938964844,0.0,-0.0,291.1341552734375,0.0,0.0,9.702407260192558e-05,298.37799072265625,303.1499938964844,285.1499938964844,0.0,-0.0,291.134521484375,0.0,0.0,7.166173600126058e-05,297.6802062988281,303.1499938964844,285.1499938964844,0.0,-0.0,291.13360595703125,0.0,0.0,9.702397073851898e-05,297.9537353515625,303.1499938964844,285.1499938964844,0.0,-0.0,291.1327819824219,0.0,0.0,0.0004602394474204,291.1199645996094,294.1499938964844,283.663330078125,282.4798889160156,285.8868103027344,283.9227905273437,290.85357666015625,0.0,0.0,0.0,0.0,1.0,1.0,-0.000981769291684,3.732375297715862e-09,0.0009817655663937,-0.0088303750380873,0.0,0.0,0.0,-0.0066631119698286,60.0,-4.829415321350098,-0.0,-6.571709576519424e-08,0.0,283.1443786621094,288.5085144042969,285.35308837890625,285.36309814453125,293.1499938964844,293.1499938964844,278.1499938964844,0.0,18000.0,313.1499938964844,0.0,18000.0,0.0,0.0,0.0,0.0,0.0,0.0,0.0,0.0,0.0,-0.0,-0.0,-0.0,-6.544322618950674e-21,-3.272161309475337e-21,-3.272161107526945e-21,0.0,0.0,-0.0,0.0,0.0,0.0,-0.0,0.0,0.0,0.0,0.0,0.0,4.0,0.0,0.0
12004320,297.6460876464844,303.1499938964844,285.1499938964844,0.0,-0.0,291.1327514648437,0.0,0.0,9.213622251991184e-05,297.8388671875,303.1499938964844,285.1499938964844,0.0,-0.0,291.1341552734375,0.0,0.0,9.702407260192558e-05,298.37799072265625,303.1499938964844,285.1499938964844,0.0,-0.0,291.134521484375,0.0,0.0,7.166173600126058e-05,297.6802062988281,303.1499938964844,285.1499938964844,0.0,-0.0,291.13360595703125,0.0,0.0,9.702397073851898e-05,297.9537353515625,303.1499938964844,285.1499938964844,0.0,-0.0,291.1327819824219,0.0,0.0,0.0004602394474204,291.1199645996094,294.1499938964844,283.663330078125,282.4798889160156,285.8868103027344,283.9227905273437,290.85357666015625,0.0,0.0,0.0,0.0,1.0,1.0,-0.000981769291684,3.732375297715862e-09,0.0009817655663937,-0.0088303750380873,0.0,0.0,0.0,-0.0066631119698286,60.0,-4.829415321350098,-0.0,-6.571709576519424e-08,0.0,283.1443786621094,288.5085144042969,285.35308837890625,285.36309814453125,293.1499938964844,293.1499938964844,278.1499938964844,0.0,18000.0,313.1499938964844,0.0,18000.0,0.0,0.0,0.0,0.0,0.0,0.0,0.0,0.0,0.0,-0.0,-0.0,-0.0,-6.544322618950674e-21,-3.272161309475337e-21,-3.272161107526945e-21,0.0,0.0,-0.0,0.0,0.0,0.0,-0.0,0.0,0.0,0.0,0.0,0.0,4.0,0.0,0.0
12004380,297.6421813964844,303.1499938964844,285.1499938964844,0.0,-0.0,291.13134765625,0.0,0.0,9.214576130034402e-05,297.8347473144531,303.1499938964844,285.1499938964844,0.0,-0.0,291.1327514648437,0.0,0.0,9.703411342343315e-05,298.3736877441406,303.1499938964844,285.1499938964844,0.0,-0.0,291.13311767578125,0.0,0.0,7.166915020206943e-05,297.6754150390625,303.1499938964844,285.1499938964844,0.0,-0.0,291.1322326660156,0.0,0.0,9.703401883598416e-05,297.951171875,303.1499938964844,285.1499938964844,0.0,-0.0,291.1313781738281,0.0,0.0,0.0004602871194947,291.1181945800781,294.1499938964844,283.6266784667969,282.46563720703125,285.8478088378906,283.8863220214844,290.8503723144531,0.0,0.0,0.0,0.0,1.0,1.0,-0.0009818701073527,3.744165866237381e-09,0.0009818663820624,-0.0088612679392099,0.0,0.0,0.0,-0.0066689569503068,60.0,-4.852450847625732,-0.0,-6.57305960771737e-08,0.0,283.1443786621094,288.5085144042969,285.35308837890625,285.36309814453125,293.1499938964844,293.1499938964844,278.1499938964844,0.0,18000.0,313.1499938964844,0.0,18000.0,0.0,0.0,0.0,0.0,0.0,0.0,0.0,0.0,0.0,-0.0,-0.0,-0.0,-6.544322618950674e-21,-3.272161309475337e-21,-3.272161107526945e-21,0.0,0.0,-0.0,0.0,0.0,0.0,-0.0,0.0,0.0,0.0,0.0,0.0,4.0,0.0,0.0
12004440,297.6421813964844,303.1499938964844,285.1499938964844,0.0,-0.0,291.13134765625,0.0,0.0,9.214576130034402e-05,297.8347473144531,303.1499938964844,285.1499938964844,0.0,-0.0,291.1327514648437,0.0,0.0,9.703411342343315e-05,298.3736877441406,303.1499938964844,285.1499938964844,0.0,-0.0,291.13311767578125,0.0,0.0,7.166915020206943e-05,297.6754150390625,303.1499938964844,285.1499938964844,0.0,-0.0,291.1322326660156,0.0,0.0,9.703401883598416e-05,297.951171875,303.1499938964844,285.1499938964844,0.0,-0.0,291.1313781738281,0.0,0.0,0.0004602871194947,291.1181945800781,294.1499938964844,283.6266784667969,282.46563720703125,285.8478088378906,283.8863220214844,290.8503723144531,0.0,0.0,0.0,0.0,1.0,1.0,-0.0009818701073527,3.744165866237381e-09,0.0009818663820624,-0.0088612679392099,0.0,0.0,0.0,-0.0066689569503068,60.0,-4.852450847625732,-0.0,-6.57305960771737e-08,0.0,283.1443786621094,288.5085144042969,285.35308837890625,285.36309814453125,293.1499938964844,293.1499938964844,278.1499938964844,0.0,18000.0,313.1499938964844,0.0,18000.0,0.0,0.0,0.0,0.0,0.0,0.0,0.0,0.0,0.0,-0.0,-0.0,-0.0,-6.544322618950674e-21,-3.272161309475337e-21,-3.272161107526945e-21,0.0,0.0,-0.0,0.0,0.0,0.0,-0.0,0.0,0.0,0.0,0.0,0.0,4.0,0.0,0.0
12004500,297.6402282714844,303.1499938964844,285.1499938964844,0.0,-0.0,291.1306457519531,0.0,0.0,9.215063619194552e-05,297.8326721191406,303.1499938964844,285.1499938964844,0.0,-0.0,291.1320495605469,0.0,0.0,9.703924297355115e-05,298.3715209960937,303.1499938964844,285.1499938964844,0.0,-0.0,291.1324157714844,0.0,0.0,7.167294097598642e-05,297.6730041503906,303.1499938964844,285.1499938964844,0.0,-0.0,291.13153076171875,0.0,0.0,9.703914838610216e-05,297.9498291015625,303.1499938964844,285.1499938964844,0.0,-0.0,291.13067626953125,0.0,0.0,0.000460311450297,291.1173400878906,294.1499938964844,283.6083374023437,282.4584350585937,285.8283386230469,283.8680114746094,290.8487854003906,0.0,0.0,0.0,0.0,1.0,1.0,-0.0009819215629249,3.750190380458207e-09,0.0009819178376346,-0.008877052925527,0.0,0.0,0.0,-0.0066719432361423,60.0,-4.863974571228027,-0.0,-6.573749544713793e-08,0.0,283.1443786621094,288.5085144042969,285.35308837890625,285.36309814453125,293.1499938964844,293.1499938964844,278.1499938964844,0.0,18000.0,313.1499938964844,0.0,18000.0,0.0,0.0,0.0,0.0,0.0,0.0,0.0,0.0,0.0,-0.0,-0.0,-0.0,-6.544322618950674e-21,-3.272161309475337e-21,-3.272161107526945e-21,0.0,0.0,-0.0,0.0,0.0,0.0,-0.0,0.0,0.0,0.0,0.0,0.0,4.0,0.0,0.0
12004560,297.6382751464844,303.1499938964844,285.1499938964844,0.0,-0.0,291.12994384765625,0.0,0.0,9.215554018737748e-05,297.8305969238281,303.1499938964844,285.1499938964844,0.0,-0.0,291.1313171386719,0.0,0.0,9.704440890345722e-05,298.3693542480469,303.1499938964844,285.1499938964844,0.0,-0.0,291.1317138671875,0.0,0.0,7.167675357777625e-05,297.6705322265625,303.1499938964844,285.1499938964844,0.0,-0.0,291.1308288574219,0.0,0.0,9.704431431600824e-05,297.9485168457031,303.1499938964844,285.1499938964844,0.0,-0.0,291.1299743652344,0.0,0.0,0.0004603359557222,291.116455078125,294.1499938964844,283.5899963378906,282.4511413574219,285.808837890625,283.84967041015625,290.84716796875,0.0,0.0,0.0,0.0,1.0,1.0,-0.0009819734841585,3.7562544186187105e-09,0.0009819697588682,-0.0088929422199726,0.0,0.0,0.0,-0.0066749500110745,60.0,-4.875499248504639,-0.0,-6.574443744966629e-08,0.0,283.1443786621094,288.5085144042969,285.35308837890625,285.36309814453125,293.1499938964844,293.1499938964844,278.1499938964844,0.0,18000.0,313.1499938964844,0.0,18000.0,0.0,0.0,0.0,0.0,0.0,0.0,0.0,0.0,0.0,-0.0,-0.0,-0.0,-6.544322618950674e-21,-3.272161309475337e-21,-3.272161107526945e-21,0.0,0.0,-0.0,0.0,0.0,0.0,-0.0,0.0,0.0,0.0,0.0,0.0,4.0,0.0,0.0
12004620,297.6343688964844,303.1499938964844,285.1499938964844,0.0,-0.0,291.1285400390625,0.0,0.0,9.21653481782414e-05,297.8264465332031,303.1499938964844,285.1499938964844,0.0,-0.0,291.1299133300781,0.0,0.0,9.705473348731176e-05,298.3649597167969,303.1499938964844,285.1499938964844,0.0,-0.0,291.1302795410156,0.0,0.0,7.168437878135592e-05,297.66558837890625,303.1499938964844,285.1499938964844,0.0,-0.0,291.12939453125,0.0,0.0,9.705464617582038e-05,297.94580078125,303.1499938964844,285.1499938964844,0.0,-0.0,291.1285705566406,0.0,0.0,0.0004603849374689,291.1146545410156,294.1499938964844,283.5533447265625,282.43621826171875,285.7699279785156,283.8128662109375,290.84393310546875,0.0,0.0,0.0,0.0,1.0,1.0,-0.0009820772102102,3.768378942226036e-09,0.0009820733685046,-0.0089247105643153,0.0,0.0,0.0,-0.0066809603013098,60.0,-4.898547649383545,-0.0,-6.57583285601504e-08,0.0,283.1443786621094,288.5085144042969,285.35308837890625,285.36309814453125,293.1499938964844,293.1499938964844,278.1499938964844,0.0,18000.0,313.1499938964844,0.0,18000.0,0.0,0.0,0.0,0.0,0.0,0.0,0.0,0.0,0.0,-0.0,-0.0,-0.0,-6.544322618950674e-21,-3.272161309475337e-21,-3.272161107526945e-21,0.0,0.0,-0.0,0.0,0.0,0.0,-0.0,0.0,0.0,0.0,0.0,0.0,4.0,0.0,0.0
12004680,297.6343688964844,303.1499938964844,285.1499938964844,0.0,-0.0,291.1285400390625,0.0,0.0,9.21653481782414e-05,297.8264465332031,303.1499938964844,285.1499938964844,0.0,-0.0,291.1299133300781,0.0,0.0,9.705473348731176e-05,298.3649597167969,303.1499938964844,285.1499938964844,0.0,-0.0,291.1302795410156,0.0,0.0,7.168437878135592e-05,297.66558837890625,303.1499938964844,285.1499938964844,0.0,-0.0,291.12939453125,0.0,0.0,9.705464617582038e-05,297.94580078125,303.1499938964844,285.1499938964844,0.0,-0.0,291.1285705566406,0.0,0.0,0.0004603849374689,291.1146545410156,294.1499938964844,283.5533447265625,282.43621826171875,285.7699279785156,283.8128662109375,290.84393310546875,0.0,0.0,0.0,0.0,1.0,1.0,-0.0009820772102102,3.768378942226036e-09,0.0009820733685046,-0.0089247105643153,0.0,0.0,0.0,-0.0066809603013098,60.0,-4.898547649383545,-0.0,-6.57583285601504e-08,0.0,283.1443786621094,288.5085144042969,285.35308837890625,285.36309814453125,293.1499938964844,293.1499938964844,278.1499938964844,0.0,18000.0,313.1499938964844,0.0,18000.0,0.0,0.0,0.0,0.0,0.0,0.0,0.0,0.0,0.0,-0.0,-0.0,-0.0,-6.544322618950674e-21,-3.272161309475337e-21,-3.272161107526945e-21,0.0,0.0,-0.0,0.0,0.0,0.0,-0.0,0.0,0.0,0.0,0.0,0.0,4.0,0.0,0.0
12004740,297.6304931640625,303.1499938964844,285.1499938964844,0.0,-0.0,291.1271057128906,0.0,0.0,9.217497427016497e-05,297.822265625,303.1499938964844,285.1499938964844,0.0,-0.0,291.1284484863281,0.0,0.0,9.706486889626832e-05,298.3605651855469,303.1499938964844,285.1499938964844,0.0,-0.0,291.1288146972656,0.0,0.0,7.169186574174091e-05,297.6606140136719,303.1499938964844,285.1499938964844,0.0,-0.0,291.1279602050781,0.0,0.0,9.706478158477694e-05,297.9430236816406,303.1499938964844,285.1499938964844,0.0,-0.0,291.1271667480469,0.0,0.0,0.0004604330169968,291.1128845214844,294.1499938964844,283.51666259765625,282.4208374023437,285.7310485839844,283.7759704589844,290.8406677246094,0.0,0.0,0.0,0.0,1.0,1.0,-0.0009821789572015,3.7802783126039685e-09,0.0009821751154959,-0.0089558884501457,0.0,0.0,0.0,-0.0066868592984974,60.0,-4.921586036682129,-0.0,-6.577195676982228e-08,0.0,283.1443786621094,288.5085144042969,285.35308837890625,285.36309814453125,293.1499938964844,293.1499938964844,278.1499938964844,0.0,18000.0,313.1499938964844,0.0,18000.0,0.0,0.0,0.0,0.0,0.0,0.0,0.0,0.0,0.0,-0.0,-0.0,-0.0,-6.544322618950674e-21,-3.272161309475337e-21,-3.272161107526945e-21,0.0,0.0,-0.0,0.0,0.0,0.0,-0.0,0.0,0.0,0.0,0.0,0.0,4.0,0.0,0.0
12004800,297.6304931640625,303.1499938964844,285.1499938964844,0.0,-0.0,291.1271057128906,0.0,0.0,9.217497427016497e-05,297.822265625,303.1499938964844,285.1499938964844,0.0,-0.0,291.1284484863281,0.0,0.0,9.706486889626832e-05,298.3605651855469,303.1499938964844,285.1499938964844,0.0,-0.0,291.1288146972656,0.0,0.0,7.169186574174091e-05,297.6606140136719,303.1499938964844,285.1499938964844,0.0,-0.0,291.1279602050781,0.0,0.0,9.706478158477694e-05,297.9430236816406,303.1499938964844,285.1499938964844,0.0,-0.0,291.1271667480469,0.0,0.0,0.0004604330169968,291.1128845214844,294.1499938964844,283.51666259765625,282.4208374023437,285.7310485839844,283.7759704589844,290.8406677246094,0.0,0.0,0.0,0.0,1.0,1.0,-0.0009821789572015,3.7802783126039685e-09,0.0009821751154959,-0.0089558884501457,0.0,0.0,0.0,-0.0066868592984974,60.0,-4.921586036682129,-0.0,-6.577195676982228e-08,0.0,283.1443786621094,288.5085144042969,285.35308837890625,285.36309814453125,293.1499938964844,293.1499938964844,278.1499938964844,0.0,18000.0,313.1499938964844,0.0,18000.0,0.0,0.0,0.0,0.0,0.0,0.0,0.0,0.0,0.0,-0.0,-0.0,-0.0,-6.544322618950674e-21,-3.272161309475337e-21,-3.272161107526945e-21,0.0,0.0,-0.0,0.0,0.0,0.0,-0.0,0.0,0.0,0.0,0.0,0.0,4.0,0.0,0.0
12004860,297.6266174316406,303.1499938964844,285.1499938964844,0.0,-0.0,291.12567138671875,0.0,0.0,9.218420746037737e-05,297.81805419921875,303.1499938964844,285.1499938964844,0.0,-0.0,291.12701416015625,0.0,0.0,9.707458957564086e-05,298.3561096191406,303.1499938964844,285.1499938964844,0.0,-0.0,291.1273498535156,0.0,0.0,7.169904711190611e-05,297.65557861328125,303.1499938964844,285.1499938964844,0.0,-0.0,291.1264953613281,0.0,0.0,9.707450226414947e-05,297.9402160644531,303.1499938964844,285.1499938964844,0.0,-0.0,291.1257019042969,0.0,0.0,0.0004604791465681,291.111083984375,294.1499938964844,283.4800109863281,282.4049072265625,285.69219970703125,283.73895263671875,290.83740234375,0.0,0.0,0.0,0.0,1.0,1.0,-0.0009822765132412,3.791690961207905e-09,0.0009822727879509,-0.0089857913553714,0.0,0.0,0.0,-0.0066925170831382,60.0,-4.944602012634277,-0.0,-6.578502365073291e-08,0.0,283.1443786621094,288.5085144042969,285.35308837890625,285.36309814453125,293.1499938964844,293.1499938964844,278.1499938964844,0.0,18000.0,313.1499938964844,0.0,18000.0,0.0,0.0,0.0,0.0,0.0,0.0,0.0,0.0,0.0,-0.0,-0.0,-0.0,-6.544322618950674e-21,-3.272161309475337e-21,-3.272161107526945e-21,0.0,0.0,-0.0,0.0,0.0,0.0,-0.0,0.0,0.0,0.0,0.0,0.0,4.0,0.0,0.0
12004920,297.6266174316406,303.1499938964844,285.1499938964844,0.0,-0.0,291.12567138671875,0.0,0.0,9.218420746037737e-05,297.81805419921875,303.1499938964844,285.1499938964844,0.0,-0.0,291.12701416015625,0.0,0.0,9.707458957564086e-05,298.3561096191406,303.1499938964844,285.1499938964844,0.0,-0.0,291.1273498535156,0.0,0.0,7.169904711190611e-05,297.65557861328125,303.1499938964844,285.1499938964844,0.0,-0.0,291.1264953613281,0.0,0.0,9.707450226414947e-05,297.9402160644531,303.1499938964844,285.1499938964844,0.0,-0.0,291.1257019042969,0.0,0.0,0.0004604791465681,291.111083984375,294.1499938964844,283.4800109863281,282.4049072265625,285.69219970703125,283.73895263671875,290.83740234375,0.0,0.0,0.0,0.0,1.0,1.0,-0.0009822765132412,3.791690961207905e-09,0.0009822727879509,-0.0089857913553714,0.0,0.0,0.0,-0.0066925170831382,60.0,-4.944602012634277,-0.0,-6.578502365073291e-08,0.0,283.1443786621094,288.5085144042969,285.35308837890625,285.36309814453125,293.1499938964844,293.1499938964844,278.1499938964844,0.0,18000.0,313.1499938964844,0.0,18000.0,0.0,0.0,0.0,0.0,0.0,0.0,0.0,0.0,0.0,-0.0,-0.0,-0.0,-6.544322618950674e-21,-3.272161309475337e-21,-3.272161107526945e-21,0.0,0.0,-0.0,0.0,0.0,0.0,-0.0,0.0,0.0,0.0,0.0,0.0,4.0,0.0,0.0
12004980,297.622802734375,303.1499938964844,285.1499938964844,0.0,-0.0,291.1242370605469,0.0,0.0,9.21928367461078e-05,297.8138427734375,303.1499938964844,285.1499938964844,0.0,-0.0,291.12554931640625,0.0,0.0,9.708367724670096e-05,298.35162353515625,303.1499938964844,285.1499938964844,0.0,-0.0,291.1258850097656,0.0,0.0,7.170575554482639e-05,297.6505126953125,303.1499938964844,285.1499938964844,0.0,-0.0,291.12506103515625,0.0,0.0,9.70835899352096e-05,297.9373474121094,303.1499938964844,285.1499938964844,0.0,-0.0,291.124267578125,0.0,0.0,0.0004605222784448,291.1092529296875,294.1499938964844,283.4433288574219,282.3883361816406,285.65338134765625,283.7018737792969,290.8341369628906,0.0,0.0,0.0,0.0,1.0,1.0,-0.0009823676664382,3.802353099047195e-09,0.0009823639411479,-0.0090137273073196,0.0,0.0,0.0,-0.0066978028044104,60.0,-4.967584133148193,-0.0,-6.579723788036064e-08,0.0,283.1443786621094,288.5085144042969,285.35308837890625,285.36309814453125,293.1499938964844,293.1499938964844,278.1499938964844,0.0,18000.0,313.1499938964844,0.0,18000.0,0.0,0.0,0.0,0.0,0.0,0.0,0.0,0.0,0.0,-0.0,-0.0,-0.0,-6.544322618950674e-21,-3.272161309475337e-21,-3.272161107526945e-21,0.0,0.0,-0.0,0.0,0.0,0.0,-0.0,0.0,0.0,0.0,0.0,0.0,4.0,0.0,0.0
12005040,297.622802734375,303.1499938964844,285.1499938964844,0.0,-0.0,291.1242370605469,0.0,0.0,9.21928367461078e-05,297.8138427734375,303.1499938964844,285.1499938964844,0.0,-0.0,291.12554931640625,0.0,0.0,9.708367724670096e-05,298.35162353515625,303.1499938964844,285.1499938964844,0.0,-0.0,291.1258850097656,0.0,0.0,7.170575554482639e-05,297.6505126953125,303.1499938964844,285.1499938964844,0.0,-0.0,291.12506103515625,0.0,0.0,9.70835899352096e-05,297.9373474121094,303.1499938964844,285.1499938964844,0.0,-0.0,291.124267578125,0.0,0.0,0.0004605222784448,291.1092529296875,294.1499938964844,283.4433288574219,282.3883361816406,285.65338134765625,283.7018737792969,290.8341369628906,0.0,0.0,0.0,0.0,1.0,1.0,-0.0009823676664382,3.802353099047195e-09,0.0009823639411479,-0.0090137273073196,0.0,0.0,0.0,-0.0066978028044104,60.0,-4.967584133148193,-0.0,-6.579723788036064e-08,0.0,283.1443786621094,288.5085144042969,285.35308837890625,285.36309814453125,293.1499938964844,293.1499938964844,278.1499938964844,0.0,18000.0,313.1499938964844,0.0,18000.0,0.0,0.0,0.0,0.0,0.0,0.0,0.0,0.0,0.0,-0.0,-0.0,-0.0,-6.544322618950674e-21,-3.272161309475337e-21,-3.272161107526945e-21,0.0,0.0,-0.0,0.0,0.0,0.0,-0.0,0.0,0.0,0.0,0.0,0.0,4.0,0.0,0.0
12005100,297.62091064453125,303.1499938964844,285.1499938964844,0.0,-0.0,291.1235046386719,0.0,0.0,9.219685307471082e-05,297.8117370605469,303.1499938964844,285.1499938964844,0.0,-0.0,291.1247863769531,0.0,0.0,9.70879045780748e-05,298.349365234375,303.1499938964844,285.1499938964844,0.0,-0.0,291.1251525878906,0.0,0.0,7.170887693064287e-05,297.6479797363281,303.1499938964844,285.1499938964844,0.0,-0.0,291.1242980957031,0.0,0.0,9.708781726658344e-05,297.9359130859375,303.1499938964844,285.1499938964844,0.0,-0.0,291.12353515625,0.0,0.0,0.000460542330984,291.1083679199219,294.1499938964844,283.42498779296875,282.3797607421875,285.63397216796875,283.6833190917969,290.8324890136719,0.0,0.0,0.0,0.0,1.0,1.0,-0.0009824101580306,3.807313131432011e-09,0.000982406316325,-0.0090267239138484,0.0,0.0,0.0,-0.0067002619616687,60.0,-4.979057312011719,-0.0,-6.580292222224672e-08,0.0,283.1443786621094,288.5085144042969,285.35308837890625,285.36309814453125,293.1499938964844,293.1499938964844,278.1499938964844,0.0,18000.0,313.1499938964844,0.0,18000.0,0.0,0.0,0.0,0.0,0.0,0.0,0.0,0.0,0.0,-0.0,-0.0,-0.0,-6.544322618950674e-21,-3.272161309475337e-21,-3.272161107526945e-21,0.0,0.0,-0.0,0.0,0.0,0.0,-0.0,0.0,0.0,0.0,0.0,0.0,4.0,0.0,0.0
12005160,297.6190490722656,303.1499938964844,285.1499938964844,0.0,-0.0,291.1227722167969,0.0,0.0,9.22006438486278e-05,297.8096008300781,303.1499938964844,285.1499938964844,0.0,-0.0,291.1240539550781,0.0,0.0,9.70918918028474e-05,298.3471069335937,303.1499938964844,285.1499938964844,0.0,-0.0,291.1244201660156,0.0,0.0,7.171182369347662e-05,297.6454467773437,303.1499938964844,285.1499938964844,0.0,-0.0,291.1235656738281,0.0,0.0,9.709181176731364e-05,297.9344482421875,303.1499938964844,285.1499938964844,0.0,-0.0,291.122802734375,0.0,0.0,0.0004605612775776,291.1074523925781,294.1499938964844,283.4066772460937,282.3710021972656,285.6145935058594,283.66473388671875,290.8308410644531,0.0,0.0,0.0,0.0,1.0,1.0,-0.000982450088486,3.811989834900942e-09,0.0009824463631957,-0.0090389773249626,0.0,0.0,0.0,-0.0067025800235569,60.0,-4.990517616271973,-0.0,-6.580827971447435e-08,0.0,283.1443786621094,288.5085144042969,285.35308837890625,285.36309814453125,293.1499938964844,293.1499938964844,278.1499938964844,0.0,18000.0,313.1499938964844,0.0,18000.0,0.0,0.0,0.0,0.0,0.0,0.0,0.0,0.0,0.0,-0.0,-0.0,-0.0,-6.544322618950674e-21,-3.272161309475337e-21,-3.272161107526945e-21,0.0,0.0,-0.0,0.0,0.0,0.0,-0.0,0.0,0.0,0.0,0.0,0.0,4.0,0.0,0.0
12005220,297.6153259277344,303.1499938964844,285.1499938964844,0.0,-0.0,291.12127685546875,0.0,0.0,9.22074177651666e-05,297.80535888671875,303.1499938964844,285.1499938964844,0.0,-0.0,291.12255859375,0.0,0.0,9.70990295172669e-05,298.3425598144531,303.1499938964844,285.1499938964844,0.0,-0.0,291.1229248046875,0.0,0.0,7.171709148678929e-05,297.640380859375,303.1499938964844,285.1499938964844,0.0,-0.0,291.1221008300781,0.0,0.0,9.709894220577552e-05,297.9314880371094,303.1499938964844,285.1499938964844,0.0,-0.0,291.1213073730469,0.0,0.0,0.0004605950962286,291.1055908203125,294.1499938964844,283.3699951171875,282.35284423828125,285.5758361816406,283.6275634765625,290.8275146484375,0.0,0.0,0.0,0.0,1.0,1.0,-0.0009825215674936,3.820341820670592e-09,0.000982517725788,-0.0090608615428209,0.0,0.0,0.0,-0.0067067206837236,60.0,-5.013394355773926,-0.0,-6.581785072512504e-08,0.0,283.1443786621094,288.5085144042969,285.35308837890625,285.36309814453125,293.1499938964844,293.1499938964844,278.1499938964844,0.0,18000.0,313.1499938964844,0.0,18000.0,0.0,0.0,0.0,0.0,0.0,0.0,0.0,0.0,0.0,-0.0,-0.0,-0.0,-6.544322618950674e-21,-3.272161309475337e-21,-3.272161107526945e-21,0.0,0.0,-0.0,0.0,0.0,0.0,-0.0,0.0,0.0,0.0,0.0,0.0,4.0,0.0,0.0
12005280,297.6153259277344,303.1499938964844,285.1499938964844,0.0,-0.0,291.12127685546875,0.0,0.0,9.22074177651666e-05,297.80535888671875,303.1499938964844,285.1499938964844,0.0,-0.0,291.12255859375,0.0,0.0,9.70990295172669e-05,298.3425598144531,303.1499938964844,285.1499938964844,0.0,-0.0,291.1229248046875,0.0,0.0,7.171709148678929e-05,297.640380859375,303.1499938964844,285.1499938964844,0.0,-0.0,291.1221008300781,0.0,0.0,9.709894220577552e-05,297.9314880371094,303.1499938964844,285.1499938964844,0.0,-0.0,291.1213073730469,0.0,0.0,0.0004605950962286,291.1055908203125,294.1499938964844,283.3699951171875,282.35284423828125,285.5758361816406,283.6275634765625,290.8275146484375,0.0,0.0,0.0,0.0,1.0,1.0,-0.0009825215674936,3.820341820670592e-09,0.000982517725788,-0.0090608615428209,0.0,0.0,0.0,-0.0067067206837236,60.0,-5.013394355773926,-0.0,-6.581785072512504e-08,0.0,283.1443786621094,288.5085144042969,285.35308837890625,285.36309814453125,293.1499938964844,293.1499938964844,278.1499938964844,0.0,18000.0,313.1499938964844,0.0,18000.0,0.0,0.0,0.0,0.0,0.0,0.0,0.0,0.0,0.0,-0.0,-0.0,-0.0,-6.544322618950674e-21,-3.272161309475337e-21,-3.272161107526945e-21,0.0,0.0,-0.0,0.0,0.0,0.0,-0.0,0.0,0.0,0.0,0.0,0.0,4.0,0.0,0.0
12005340,297.6116943359375,303.1499938964844,285.1499938964844,0.0,-0.0,291.11981201171875,0.0,0.0,9.221291838912292e-05,297.80108642578125,303.1499938964844,285.1499938964844,0.0,-0.0,291.1210632324219,0.0,0.0,9.710481390357018e-05,298.3379821777344,303.1499938964844,285.1499938964844,0.0,-0.0,291.12139892578125,0.0,0.0,7.172136247390881e-05,297.63531494140625,303.1499938964844,285.1499938964844,0.0,-0.0,291.1205749511719,0.0,0.0,9.710473386803642e-05,297.9284973144531,303.1499938964844,285.1499938964844,0.0,-0.0,291.1198425292969,0.0,0.0,0.0004606225702445,291.103759765625,294.1499938964844,283.3333435058594,282.333740234375,285.537109375,283.5903625488281,290.8241882324219,0.0,0.0,0.0,0.0,1.0,1.0,-0.0009825794259086,3.827105299336608e-09,0.000982575584203,-0.0090785818174481,0.0,0.0,0.0,-0.0067100734449923,60.0,-5.036197662353516,-0.0,-6.582560274637217e-08,0.0,283.1443786621094,288.5085144042969,285.35308837890625,285.36309814453125,293.1499938964844,293.1499938964844,278.1499938964844,0.0,18000.0,313.1499938964844,0.0,18000.0,0.0,0.0,0.0,0.0,0.0,0.0,0.0,0.0,0.0,-0.0,-0.0,-0.0,-6.544322618950674e-21,-3.272161309475337e-21,-3.272161107526945e-21,0.0,0.0,-0.0,0.0,0.0,0.0,-0.0,0.0,0.0,0.0,0.0,0.0,4.0,0.0,0.0
12005400,297.6116943359375,303.1499938964844,285.1499938964844,0.0,-0.0,291.11981201171875,0.0,0.0,9.221291838912292e-05,297.80108642578125,303.1499938964844,285.1499938964844,0.0,-0.0,291.1210632324219,0.0,0.0,9.710481390357018e-05,298.3379821777344,303.1499938964844,285.1499938964844,0.0,-0.0,291.12139892578125,0.0,0.0,7.172136247390881e-05,297.63531494140625,303.1499938964844,285.1499938964844,0.0,-0.0,291.1205749511719,0.0,0.0,9.710473386803642e-05,297.9284973144531,303.1499938964844,285.1499938964844,0.0,-0.0,291.1198425292969,0.0,0.0,0.0004606225702445,291.103759765625,294.1499938964844,283.3333435058594,282.333740234375,285.537109375,283.5903625488281,290.8241882324219,0.0,0.0,0.0,0.0,1.0,1.0,-0.0009825794259086,3.827105299336608e-09,0.000982575584203,-0.0090785818174481,0.0,0.0,0.0,-0.0067100734449923,60.0,-5.036197662353516,-0.0,-6.582560274637217e-08,0.0,283.1443786621094,288.5085144042969,285.35308837890625,285.36309814453125,293.1499938964844,293.1499938964844,278.1499938964844,0.0,18000.0,313.1499938964844,0.0,18000.0,0.0,0.0,0.0,0.0,0.0,0.0,0.0,0.0,0.0,-0.0,-0.0,-0.0,-6.544322618950674e-21,-3.272161309475337e-21,-3.272161107526945e-21,0.0,0.0,-0.0,0.0,0.0,0.0,-0.0,0.0,0.0,0.0,0.0,0.0,4.0,0.0,0.0
12005460,297.608154296875,303.1499938964844,285.1499938964844,0.0,-0.0,291.1182861328125,0.0,0.0,9.22169056138955e-05,297.7968139648437,303.1499938964844,285.1499938964844,0.0,-0.0,291.1195373535156,0.0,0.0,9.710901213111356e-05,298.3334045410156,303.1499938964844,285.1499938964844,0.0,-0.0,291.119873046875,0.0,0.0,7.172446203185245e-05,297.6303100585937,303.1499938964844,285.1499938964844,0.0,-0.0,291.1190795898437,0.0,0.0,9.71089248196222e-05,297.92547607421875,303.1499938964844,285.1499938964844,0.0,-0.0,291.1183166503906,0.0,0.0,0.0004606424772646,291.1018981933594,294.1499938964844,283.2966613769531,282.31365966796875,285.4984436035156,283.5531921386719,290.82086181640625,0.0,0.0,0.0,0.0,1.0,1.0,-0.0009826211025938,3.8319827311283924e-09,0.0009826172608882,-0.009091361425817,0.0,0.0,0.0,-0.0067124916240572,60.0,-5.058913707733154,-0.0,-6.583118761227524e-08,0.0,283.1443786621094,288.5085144042969,285.35308837890625,285.36309814453125,293.1499938964844,293.1499938964844,278.1499938964844,0.0,18000.0,313.1499938964844,0.0,18000.0,0.0,0.0,0.0,0.0,0.0,0.0,0.0,0.0,0.0,-0.0,-0.0,-0.0,-6.544322618950674e-21,-3.272161309475337e-21,-3.272161107526945e-21,0.0,0.0,-0.0,0.0,0.0,0.0,-0.0,0.0,0.0,0.0,0.0,0.0,4.0,0.0,0.0
12005520,297.608154296875,303.1499938964844,285.1499938964844,0.0,-0.0,291.1182861328125,0.0,0.0,9.22169056138955e-05,297.7968139648437,303.1499938964844,285.1499938964844,0.0,-0.0,291.1195373535156,0.0,0.0,9.710901213111356e-05,298.3334045410156,303.1499938964844,285.1499938964844,0.0,-0.0,291.119873046875,0.0,0.0,7.172446203185245e-05,297.6303100585937,303.1499938964844,285.1499938964844,0.0,-0.0,291.1190795898437,0.0,0.0,9.71089248196222e-05,297.92547607421875,303.1499938964844,285.1499938964844,0.0,-0.0,291.1183166503906,0.0,0.0,0.0004606424772646,291.1018981933594,294.1499938964844,283.2966613769531,282.31365966796875,285.4984436035156,283.5531921386719,290.82086181640625,0.0,0.0,0.0,0.0,1.0,1.0,-0.0009826211025938,3.8319827311283924e-09,0.0009826172608882,-0.009091361425817,0.0,0.0,0.0,-0.0067124916240572,60.0,-5.058913707733154,-0.0,-6.583118761227524e-08,0.0,283.1443786621094,288.5085144042969,285.35308837890625,285.36309814453125,293.1499938964844,293.1499938964844,278.1499938964844,0.0,18000.0,313.1499938964844,0.0,18000.0,0.0,0.0,0.0,0.0,0.0,0.0,0.0,0.0,0.0,-0.0,-0.0,-0.0,-6.544322618950674e-21,-3.272161309475337e-21,-3.272161107526945e-21,0.0,0.0,-0.0,0.0,0.0,0.0,-0.0,0.0,0.0,0.0,0.0,0.0,4.0,0.0,0.0
12005580,297.60467529296875,303.1499938964844,285.1499938964844,0.0,-0.0,291.1167907714844,0.0,0.0,9.221911750501022e-05,297.79254150390625,303.1499938964844,285.1499938964844,0.0,-0.0,291.1180114746094,0.0,0.0,9.71113404375501e-05,298.32879638671875,303.1499938964844,285.1499938964844,0.0,-0.0,291.11834716796875,0.0,0.0,7.17261791578494e-05,297.6253662109375,303.1499938964844,285.1499938964844,0.0,-0.0,291.1175537109375,0.0,0.0,9.711125312605871e-05,297.92242431640625,303.1499938964844,285.1499938964844,0.0,-0.0,291.1168212890625,0.0,0.0,0.0004606535367202,291.1000061035156,294.1499938964844,283.260009765625,282.29248046875,285.45977783203125,283.5160217285156,290.8175048828125,0.0,0.0,0.0,0.0,1.0,1.0,-0.0009826440364122,3.8346539277256406e-09,0.0009826401947066,-0.0090983612462878,0.0,0.0,0.0,-0.0067138159647583,60.0,-5.0815277099609375,-0.0,-6.583425005146637e-08,0.0,283.1443786621094,288.5085144042969,285.35308837890625,285.36309814453125,293.1499938964844,293.1499938964844,278.1499938964844,0.0,18000.0,313.1499938964844,0.0,18000.0,0.0,0.0,0.0,0.0,0.0,0.0,0.0,0.0,0.0,-0.0,-0.0,-0.0,-6.544322618950674e-21,-3.272161309475337e-21,-3.272161107526945e-21,0.0,0.0,-0.0,0.0,0.0,0.0,-0.0,0.0,0.0,0.0,0.0,0.0,4.0,0.0,0.0
12005640,297.60467529296875,303.1499938964844,285.1499938964844,0.0,-0.0,291.1167907714844,0.0,0.0,9.221911750501022e-05,297.79254150390625,303.1499938964844,285.1499938964844,0.0,-0.0,291.1180114746094,0.0,0.0,9.71113404375501e-05,298.32879638671875,303.1499938964844,285.1499938964844,0.0,-0.0,291.11834716796875,0.0,0.0,7.17261791578494e-05,297.6253662109375,303.1499938964844,285.1499938964844,0.0,-0.0,291.1175537109375,0.0,0.0,9.711125312605871e-05,297.92242431640625,303.1499938964844,285.1499938964844,0.0,-0.0,291.1168212890625,0.0,0.0,0.0004606535367202,291.1000061035156,294.1499938964844,283.260009765625,282.29248046875,285.45977783203125,283.5160217285156,290.8175048828125,0.0,0.0,0.0,0.0,1.0,1.0,-0.0009826440364122,3.8346539277256406e-09,0.0009826401947066,-0.0090983612462878,0.0,0.0,0.0,-0.0067138159647583,60.0,-5.0815277099609375,-0.0,-6.583425005146637e-08,0.0,283.1443786621094,288.5085144042969,285.35308837890625,285.36309814453125,293.1499938964844,293.1499938964844,278.1499938964844,0.0,18000.0,313.1499938964844,0.0,18000.0,0.0,0.0,0.0,0.0,0.0,0.0,0.0,0.0,0.0,-0.0,-0.0,-0.0,-6.544322618950674e-21,-3.272161309475337e-21,-3.272161107526945e-21,0.0,0.0,-0.0,0.0,0.0,0.0,-0.0,0.0,0.0,0.0,0.0,0.0,4.0,0.0,0.0
12005700,297.6029968261719,303.1499938964844,285.1499938964844,0.0,-0.0,291.11602783203125,0.0,0.0,9.221945947501808e-05,297.7904052734375,303.1499938964844,285.1499938964844,0.0,-0.0,291.11724853515625,0.0,0.0,9.71117042354308e-05,298.32647705078125,303.1499938964844,285.1499938964844,0.0,-0.0,291.1175842285156,0.0,0.0,7.172644836828113e-05,297.6229248046875,303.1499938964844,285.1499938964844,0.0,-0.0,291.1167907714844,0.0,0.0,9.711161692393944e-05,297.9208679199219,303.1499938964844,285.1499938964844,0.0,-0.0,291.1160583496094,0.0,0.0,0.00046065528295,291.0990905761719,294.1499938964844,283.2416687011719,282.2814636230469,285.4404602050781,283.4974670410156,290.8157958984375,0.0,0.0,0.0,0.0,1.0,1.0,-0.0009826472960412,3.835043393962678e-09,0.0009826434543356,-0.009099381044507,0.0,0.0,0.0,-0.0067140092141926,60.0,-5.092789649963379,-0.0,-6.58346976933899e-08,0.0,283.1443786621094,288.5085144042969,285.35308837890625,285.36309814453125,293.1499938964844,293.1499938964844,278.1499938964844,0.0,18000.0,313.1499938964844,0.0,18000.0,0.0,0.0,0.0,0.0,0.0,0.0,0.0,0.0,0.0,-0.0,-0.0,-0.0,-6.544322618950674e-21,-3.272161309475337e-21,-3.272161107526945e-21,0.0,0.0,-0.0,0.0,0.0,0.0,-0.0,0.0,0.0,0.0,0.0,0.0,4.0,0.0,0.0
12005760,297.601318359375,303.1499938964844,285.1499938964844,0.0,-0.0,291.1152648925781,0.0,0.0,9.221927757607772e-05,297.78826904296875,303.1499938964844,285.1499938964844,0.0,-0.0,291.116455078125,0.0,0.0,9.711150778457522e-05,298.3241577148437,303.1499938964844,285.1499938964844,0.0,-0.0,291.1167907714844,0.0,0.0,7.172630284912884e-05,297.6204833984375,303.1499938964844,285.1499938964844,0.0,-0.0,291.1159973144531,0.0,0.0,9.711142047308384e-05,297.9193420410156,303.1499938964844,285.1499938964844,0.0,-0.0,291.11529541015625,0.0,0.0,0.0004606543225236,291.09814453125,294.1499938964844,283.22332763671875,282.2701110839844,285.4211730957031,283.4789123535156,290.8141174316406,0.0,0.0,0.0,0.0,1.0,1.0,-0.0009826449677348,3.834768058652571e-09,0.0009826411260291,-0.0090986602008342,0.0,0.0,0.0,-0.0067138727754354,60.0,-5.104021072387695,-0.0,-6.583438505458616e-08,0.0,283.1443786621094,288.5085144042969,285.35308837890625,285.36309814453125,293.1499938964844,293.1499938964844,278.1499938964844,0.0,18000.0,313.1499938964844,0.0,18000.0,0.0,0.0,0.0,0.0,0.0,0.0,0.0,0.0,0.0,-0.0,-0.0,-0.0,-6.544322618950674e-21,-3.272161309475337e-21,-3.272161107526945e-21,0.0,0.0,-0.0,0.0,0.0,0.0,-0.0,0.0,0.0,0.0,0.0,0.0,4.0,0.0,0.0
12005820,297.5980529785156,303.1499938964844,285.1499938964844,0.0,-0.0,291.1137084960937,0.0,0.0,9.221710206475108e-05,297.7839660644531,303.1499938964844,285.1499938964844,0.0,-0.0,291.1148986816406,0.0,0.0,9.710920858196914e-05,298.3194885253906,303.1499938964844,285.1499938964844,0.0,-0.0,291.115234375,0.0,0.0,7.172460755100474e-05,297.6156921386719,303.1499938964844,285.1499938964844,0.0,-0.0,291.1144714355469,0.0,0.0,9.71091285464354e-05,297.91619873046875,303.1499938964844,285.1499938964844,0.0,-0.0,291.1137390136719,0.0,0.0,0.0004606434667948,291.0962219238281,294.1499938964844,283.1866760253906,282.2464904785156,285.3825988769531,283.44189453125,290.81072998046875,0.0,0.0,0.0,0.0,1.0,1.0,-0.0009826211025938,3.8319742934334045e-09,0.0009826172608882,-0.0090913390740752,0.0,0.0,0.0,-0.0067124874331057,60.0,-5.126382350921631,-0.0,-6.58311805068479e-08,0.0,283.1443786621094,288.5085144042969,285.35308837890625,285.36309814453125,293.1499938964844,293.1499938964844,278.1499938964844,0.0,18000.0,313.1499938964844,0.0,18000.0,0.0,0.0,0.0,0.0,0.0,0.0,0.0,0.0,0.0,-0.0,-0.0,-0.0,-6.544322618950674e-21,-3.272161309475337e-21,-3.272161107526945e-21,0.0,0.0,-0.0,0.0,0.0,0.0,-0.0,0.0,0.0,0.0,0.0,0.0,4.0,0.0,0.0
12005880,297.5980529785156,303.1499938964844,285.1499938964844,0.0,-0.0,291.1137084960937,0.0,0.0,9.221710206475108e-05,297.7839660644531,303.1499938964844,285.1499938964844,0.0,-0.0,291.1148986816406,0.0,0.0,9.710920858196914e-05,298.3194885253906,303.1499938964844,285.1499938964844,0.0,-0.0,291.115234375,0.0,0.0,7.172460755100474e-05,297.6156921386719,303.1499938964844,285.1499938964844,0.0,-0.0,291.1144714355469,0.0,0.0,9.71091285464354e-05,297.91619873046875,303.1499938964844,285.1499938964844,0.0,-0.0,291.1137390136719,0.0,0.0,0.0004606434667948,291.0962219238281,294.1499938964844,283.1866760253906,282.2464904785156,285.3825988769531,283.44189453125,290.81072998046875,0.0,0.0,0.0,0.0,1.0,1.0,-0.0009826211025938,3.8319742934334045e-09,0.0009826172608882,-0.0090913390740752,0.0,0.0,0.0,-0.0067124874331057,60.0,-5.126382350921631,-0.0,-6.58311805068479e-08,0.0,283.1443786621094,288.5085144042969,285.35308837890625,285.36309814453125,293.1499938964844,293.1499938964844,278.1499938964844,0.0,18000.0,313.1499938964844,0.0,18000.0,0.0,0.0,0.0,0.0,0.0,0.0,0.0,0.0,0.0,-0.0,-0.0,-0.0,-6.544322618950674e-21,-3.272161309475337e-21,-3.272161107526945e-21,0.0,0.0,-0.0,0.0,0.0,0.0,-0.0,0.0,0.0,0.0,0.0,0.0,4.0,0.0,0.0
12005940,297.59490966796875,303.1499938964844,285.1499938964844,0.0,-0.0,291.1121520996094,0.0,0.0,9.221224900102244e-05,297.7796936035156,303.1499938964844,285.1499938964844,0.0,-0.0,291.11334228515625,0.0,0.0,9.7104100859724e-05,298.3148193359375,303.1499938964844,285.1499938964844,0.0,-0.0,291.1136474609375,0.0,0.0,7.172083132900298e-05,297.6109924316406,303.1499938964844,285.1499938964844,0.0,-0.0,291.1128845214844,0.0,0.0,9.710402082419024e-05,297.9130249023437,303.1499938964844,285.1499938964844,0.0,-0.0,291.1121826171875,0.0,0.0,0.0004606192524079,291.0943298339844,294.1499938964844,283.1499938964844,282.22149658203125,285.34405517578125,283.40496826171875,290.80731201171875,0.0,0.0,0.0,0.0,1.0,1.0,-0.000982568715699,3.825848082783523e-09,0.0009825648739933,-0.0090752877295017,0.0,0.0,0.0,-0.0067094503901898,60.0,-5.148586750030518,-0.0,-6.582416034461859e-08,0.0,283.1443786621094,288.5085144042969,285.35308837890625,285.36309814453125,293.1499938964844,293.1499938964844,278.1499938964844,0.0,18000.0,313.1499938964844,0.0,18000.0,0.0,0.0,0.0,0.0,0.0,0.0,0.0,0.0,0.0,-0.0,-0.0,-0.0,-6.544322618950674e-21,-3.272161309475337e-21,-3.272161107526945e-21,0.0,0.0,-0.0,0.0,0.0,0.0,-0.0,0.0,0.0,0.0,0.0,0.0,4.0,0.0,0.0
12006000,297.59490966796875,303.1499938964844,285.1499938964844,0.0,-0.0,291.1121520996094,0.0,0.0,9.221224900102244e-05,297.7796936035156,303.1499938964844,285.1499938964844,0.0,-0.0,291.11334228515625,0.0,0.0,9.7104100859724e-05,298.3148193359375,303.1499938964844,285.1499938964844,0.0,-0.0,291.1136474609375,0.0,0.0,7.172083132900298e-05,297.6109924316406,303.1499938964844,285.1499938964844,0.0,-0.0,291.1128845214844,0.0,0.0,9.710402082419024e-05,297.9130249023437,303.1499938964844,285.1499938964844,0.0,-0.0,291.1121826171875,0.0,0.0,0.0004606192524079,291.0943298339844,294.1499938964844,283.1499938964844,282.22149658203125,285.34405517578125,283.40496826171875,290.80731201171875,0.0,0.0,0.0,0.0,1.0,1.0,-0.000982568715699,3.825848082783523e-09,0.0009825648739933,-0.0090752877295017,0.0,0.0,0.0,-0.0067094503901898,60.0,-5.148586750030518,-0.0,-6.582416034461859e-08,0.0,283.1443786621094,288.5085144042969,285.35308837890625,285.36309814453125,293.1499938964844,293.1499938964844,278.1499938964844,0.0,18000.0,313.1499938964844,0.0,18000.0,0.0,0.0,0.0,0.0,0.0,0.0,0.0,0.0,0.0,-0.0,-0.0,-0.0,-6.544322618950674e-21,-3.272161309475337e-21,-3.272161107526945e-21,0.0,0.0,-0.0,0.0,0.0,0.0,-0.0,0.0,0.0,0.0,0.0,0.0,4.0,0.0,0.0
12006060,297.5918884277344,303.1499938964844,285.1499938964844,0.0,-0.0,291.110595703125,0.0,0.0,9.220599167747424e-05,297.7754211425781,303.1499938964844,285.1499938964844,0.0,-0.0,291.1117553710937,0.0,0.0,9.709750884212554e-05,298.31011962890625,303.1499938964844,285.1499938964844,0.0,-0.0,291.1120910644531,0.0,0.0,7.171596371335909e-05,297.6063842773437,303.1499938964844,285.1499938964844,0.0,-0.0,291.111328125,0.0,0.0,9.709742880659178e-05,297.9098205566406,303.1499938964844,285.1499938964844,0.0,-0.0,291.1106262207031,0.0,0.0,0.000460587994894,291.0924072265625,294.1499938964844,283.11334228515625,282.1949462890625,285.3055419921875,283.3681640625,290.80389404296875,0.0,0.0,0.0,0.0,1.0,1.0,-0.0009825013112276,3.817969052022363e-09,0.000982497469522,-0.0090546431019902,0.0,0.0,0.0,-0.0067055444233119,60.0,-5.170651435852051,-0.0,-6.581512934644709e-08,0.0,283.1443786621094,288.5085144042969,285.35308837890625,285.36309814453125,293.1499938964844,293.1499938964844,278.1499938964844,0.0,18000.0,313.1499938964844,0.0,18000.0,0.0,0.0,0.0,0.0,0.0,0.0,0.0,0.0,0.0,-0.0,-0.0,-0.0,-6.544322618950674e-21,-3.272161309475337e-21,-3.272161107526945e-21,0.0,0.0,-0.0,0.0,0.0,0.0,-0.0,0.0,0.0,0.0,0.0,0.0,4.0,0.0,0.0
12006120,297.5918884277344,303.1499938964844,285.1499938964844,0.0,-0.0,291.110595703125,0.0,0.0,9.220599167747424e-05,297.7754211425781,303.1499938964844,285.1499938964844,0.0,-0.0,291.1117553710937,0.0,0.0,9.709750884212554e-05,298.31011962890625,303.1499938964844,285.1499938964844,0.0,-0.0,291.1120910644531,0.0,0.0,7.171596371335909e-05,297.6063842773437,303.1499938964844,285.1499938964844,0.0,-0.0,291.111328125,0.0,0.0,9.709742880659178e-05,297.9098205566406,303.1499938964844,285.1499938964844,0.0,-0.0,291.1106262207031,0.0,0.0,0.000460587994894,291.0924072265625,294.1499938964844,283.11334228515625,282.1949462890625,285.3055419921875,283.3681640625,290.80389404296875,0.0,0.0,0.0,0.0,1.0,1.0,-0.0009825013112276,3.817969052022363e-09,0.000982497469522,-0.0090546431019902,0.0,0.0,0.0,-0.0067055444233119,60.0,-5.170651435852051,-0.0,-6.581512934644709e-08,0.0,283.1443786621094,288.5085144042969,285.35308837890625,285.36309814453125,293.1499938964844,293.1499938964844,278.1499938964844,0.0,18000.0,313.1499938964844,0.0,18000.0,0.0,0.0,0.0,0.0,0.0,0.0,0.0,0.0,0.0,-0.0,-0.0,-0.0,-6.544322618950674e-21,-3.272161309475337e-21,-3.272161107526945e-21,0.0,0.0,-0.0,0.0,0.0,0.0,-0.0,0.0,0.0,0.0,0.0,0.0,4.0,0.0,0.0
12006180,297.5890808105469,303.1499938964844,285.1499938964844,0.0,-0.0,291.1090087890625,0.0,0.0,9.22003309824504e-05,297.7711181640625,303.1499938964844,285.1499938964844,0.0,-0.0,291.11016845703125,0.0,0.0,9.709154983283952e-05,298.3053894042969,303.1499938964844,285.1499938964844,0.0,-0.0,291.1104736328125,0.0,0.0,7.17115617590025e-05,297.601806640625,303.1499938964844,285.1499938964844,0.0,-0.0,291.1097412109375,0.0,0.0,9.709146979730576e-05,297.9065246582031,303.1499938964844,285.1499938964844,0.0,-0.0,291.1090393066406,0.0,0.0,0.0004605597059708,291.0904541015625,294.1499938964844,283.07666015625,282.1667175292969,285.2670593261719,283.3314514160156,290.8004455566406,0.0,0.0,0.0,0.0,1.0,1.0,-0.000982440309599,3.810837423401381e-09,0.0009824364678934,-0.0090359579771757,0.0,0.0,0.0,-0.0067020091228187,60.0,-5.192676544189453,-0.0,-6.580695810498582e-08,0.0,283.1443786621094,288.5085144042969,285.35308837890625,285.36309814453125,293.1499938964844,293.1499938964844,278.1499938964844,0.0,18000.0,313.1499938964844,0.0,18000.0,0.0,0.0,0.0,0.0,0.0,0.0,0.0,0.0,0.0,-0.0,-0.0,-0.0,-6.544322618950674e-21,-3.272161309475337e-21,-3.272161107526945e-21,0.0,0.0,-0.0,0.0,0.0,0.0,-0.0,0.0,0.0,0.0,0.0,0.0,4.0,0.0,0.0
12006240,297.5890808105469,303.1499938964844,285.1499938964844,0.0,-0.0,291.1090087890625,0.0,0.0,9.22003309824504e-05,297.7711181640625,303.1499938964844,285.1499938964844,0.0,-0.0,291.11016845703125,0.0,0.0,9.709154983283952e-05,298.3053894042969,303.1499938964844,285.1499938964844,0.0,-0.0,291.1104736328125,0.0,0.0,7.17115617590025e-05,297.601806640625,303.1499938964844,285.1499938964844,0.0,-0.0,291.1097412109375,0.0,0.0,9.709146979730576e-05,297.9065246582031,303.1499938964844,285.1499938964844,0.0,-0.0,291.1090393066406,0.0,0.0,0.0004605597059708,291.0904541015625,294.1499938964844,283.07666015625,282.1667175292969,285.2670593261719,283.3314514160156,290.8004455566406,0.0,0.0,0.0,0.0,1.0,1.0,-0.000982440309599,3.810837423401381e-09,0.0009824364678934,-0.0090359579771757,0.0,0.0,0.0,-0.0067020091228187,60.0,-5.192676544189453,-0.0,-6.580695810498582e-08,0.0,283.1443786621094,288.5085144042969,285.35308837890625,285.36309814453125,293.1499938964844,293.1499938964844,278.1499938964844,0.0,18000.0,313.1499938964844,0.0,18000.0,0.0,0.0,0.0,0.0,0.0,0.0,0.0,0.0,0.0,-0.0,-0.0,-0.0,-6.544322618950674e-21,-3.272161309475337e-21,-3.272161107526945e-21,0.0,0.0,-0.0,0.0,0.0,0.0,-0.0,0.0,0.0,0.0,0.0,0.0,4.0,0.0,0.0
12006300,297.5877685546875,303.1499938964844,285.1499938964844,0.0,-0.0,291.10821533203125,0.0,0.0,9.219795902026816e-05,297.7689514160156,303.1499938964844,285.1499938964844,0.0,-0.0,291.109375,0.0,0.0,9.708904690342024e-05,298.3030090332031,303.1499938964844,285.1499938964844,0.0,-0.0,291.10968017578125,0.0,0.0,7.17097136657685e-05,297.5995178222656,303.1499938964844,285.1499938964844,0.0,-0.0,291.1089172363281,0.0,0.0,9.708896686788648e-05,297.9048767089844,303.1499938964844,285.1499938964844,0.0,-0.0,291.1082458496094,0.0,0.0,0.0004605478316079,291.0895080566406,294.1499938964844,283.0583190917969,282.1520080566406,285.2478332519531,283.3131103515625,290.7987365722656,0.0,0.0,0.0,0.0,1.0,1.0,-0.0009824146982282,3.807836712610424e-09,0.0009824108565226,-0.0090280957520008,0.0,0.0,0.0,-0.0067005213350057,60.0,-5.203697204589844,-0.0,-6.58035261835721e-08,0.0,283.1443786621094,288.5085144042969,285.35308837890625,285.36309814453125,293.1499938964844,293.1499938964844,278.1499938964844,0.0,18000.0,313.1499938964844,0.0,18000.0,0.0,0.0,0.0,0.0,0.0,0.0,0.0,0.0,0.0,-0.0,-0.0,-0.0,-6.544322618950674e-21,-3.272161309475337e-21,-3.272161107526945e-21,0.0,0.0,-0.0,0.0,0.0,0.0,-0.0,0.0,0.0,0.0,0.0,0.0,4.0,0.0,0.0
12006360,297.58648681640625,303.1499938964844,285.1499938964844,0.0,-0.0,291.107421875,0.0,0.0,9.219597995979711e-05,297.7668151855469,303.1499938964844,285.1499938964844,0.0,-0.0,291.1085510253906,0.0,0.0,9.708695870358496e-05,298.3006286621094,303.1499938964844,285.1499938964844,0.0,-0.0,291.1088562011719,0.0,0.0,7.17081711627543e-05,297.5972595214844,303.1499938964844,285.1499938964844,0.0,-0.0,291.1081237792969,0.0,0.0,9.70868786680512e-05,297.9032287597656,303.1499938964844,285.1499938964844,0.0,-0.0,291.1074523925781,0.0,0.0,0.0004605379654094,291.0885314941406,294.1499938964844,283.0400085449219,282.1369323730469,285.2286071777344,283.2947998046875,290.7969970703125,0.0,0.0,0.0,0.0,1.0,1.0,-0.0009823931613937,3.80533027311003e-09,0.0009823894361034,-0.0090215280652046,0.0,0.0,0.0,-0.0066992789506912,60.0,-5.214730262756348,-0.0,-6.580064848549227e-08,0.0,283.1443786621094,288.5085144042969,285.35308837890625,285.36309814453125,293.1499938964844,293.1499938964844,278.1499938964844,0.0,18000.0,313.1499938964844,0.0,18000.0,0.0,0.0,0.0,0.0,0.0,0.0,0.0,0.0,0.0,-0.0,-0.0,-0.0,-6.544322618950674e-21,-3.272161309475337e-21,-3.272161107526945e-21,0.0,0.0,-0.0,0.0,0.0,0.0,-0.0,0.0,0.0,0.0,0.0,0.0,4.0,0.0,0.0
12006420,297.5841369628906,303.1499938964844,285.1499938964844,0.0,-0.0,291.1058044433594,0.0,0.0,9.219349885825068e-05,297.7624816894531,303.1499938964844,285.1499938964844,0.0,-0.0,291.10693359375,0.0,0.0,9.708434663480148e-05,298.2958374023437,303.1499938964844,285.1499938964844,0.0,-0.0,291.10723876953125,0.0,0.0,7.170624303398654e-05,297.5926818847656,303.1499938964844,285.1499938964844,0.0,-0.0,291.10650634765625,0.0,0.0,9.708427387522534e-05,297.89990234375,303.1499938964844,285.1499938964844,0.0,-0.0,291.1058349609375,0.0,0.0,0.0004605255671776,291.0865478515625,294.1499938964844,283.0033264160156,282.1056823730469,285.190185546875,283.2582092285156,290.79351806640625,0.0,0.0,0.0,0.0,1.0,1.0,-0.000982366153039,3.802164361133009e-09,0.0009823623113334,-0.0090132327750325,0.0,0.0,0.0,-0.0066977096721529,60.0,-5.236850738525391,-0.0,-6.57970247175399e-08,0.0,283.1443786621094,288.5085144042969,285.35308837890625,285.36309814453125,293.1499938964844,293.1499938964844,278.1499938964844,0.0,18000.0,313.1499938964844,0.0,18000.0,0.0,0.0,0.0,0.0,0.0,0.0,0.0,0.0,0.0,-0.0,-0.0,-0.0,-6.544322618950674e-21,-3.272161309475337e-21,-3.272161107526945e-21,0.0,0.0,-0.0,0.0,0.0,0.0,-0.0,0.0,0.0,0.0,0.0,0.0,4.0,0.0,0.0
12006480,297.5841369628906,303.1499938964844,285.1499938964844,0.0,-0.0,291.1058044433594,0.0,0.0,9.219349885825068e-05,297.7624816894531,303.1499938964844,285.1499938964844,0.0,-0.0,291.10693359375,0.0,0.0,9.708434663480148e-05,298.2958374023437,303.1499938964844,285.1499938964844,0.0,-0.0,291.10723876953125,0.0,0.0,7.170624303398654e-05,297.5926818847656,303.1499938964844,285.1499938964844,0.0,-0.0,291.10650634765625,0.0,0.0,9.708427387522534e-05,297.89990234375,303.1499938964844,285.1499938964844,0.0,-0.0,291.1058349609375,0.0,0.0,0.0004605255671776,291.0865478515625,294.1499938964844,283.0033264160156,282.1056823730469,285.190185546875,283.2582092285156,290.79351806640625,0.0,0.0,0.0,0.0,1.0,1.0,-0.000982366153039,3.802164361133009e-09,0.0009823623113334,-0.0090132327750325,0.0,0.0,0.0,-0.0066977096721529,60.0,-5.236850738525391,-0.0,-6.57970247175399e-08,0.0,283.1443786621094,288.5085144042969,285.35308837890625,285.36309814453125,293.1499938964844,293.1499938964844,278.1499938964844,0.0,18000.0,313.1499938964844,0.0,18000.0,0.0,0.0,0.0,0.0,0.0,0.0,0.0,0.0,0.0,-0.0,-0.0,-0.0,-6.544322618950674e-21,-3.272161309475337e-21,-3.272161107526945e-21,0.0,0.0,-0.0,0.0,0.0,0.0,-0.0,0.0,0.0,0.0,0.0,0.0,4.0,0.0,0.0
12006540,297.5820007324219,303.1499938964844,285.1499938964844,0.0,-0.0,291.10418701171875,0.0,0.0,9.219333151122556e-05,297.7581481933594,303.1499938964844,285.1499938964844,0.0,-0.0,291.1053161621094,0.0,0.0,9.708416473586112e-05,298.29107666015625,303.1499938964844,285.1499938964844,0.0,-0.0,291.1056213378906,0.0,0.0,7.170610479079187e-05,297.588134765625,303.1499938964844,285.1499938964844,0.0,-0.0,291.1048889160156,0.0,0.0,9.708409197628498e-05,297.8966064453125,303.1499938964844,285.1499938964844,0.0,-0.0,291.1042175292969,0.0,0.0,0.0004605247231665,291.0845947265625,294.1499938964844,282.9666748046875,282.0731506347656,285.1518249511719,283.2216186523437,290.7900390625,0.0,0.0,0.0,0.0,1.0,1.0,-0.0009823637083172,3.801875259057397e-09,0.0009823598666116,-0.0090124756097793,0.0,0.0,0.0,-0.0066975662484765,60.0,-5.259072303771973,-0.0,-6.579669076245409e-08,0.0,283.1443786621094,288.5085144042969,285.35308837890625,285.36309814453125,293.1499938964844,293.1499938964844,278.1499938964844,0.0,18000.0,313.1499938964844,0.0,18000.0,0.0,0.0,0.0,0.0,0.0,0.0,0.0,0.0,0.0,-0.0,-0.0,-0.0,-6.544322618950674e-21,-3.272161309475337e-21,-3.272161107526945e-21,0.0,0.0,-0.0,0.0,0.0,0.0,-0.0,0.0,0.0,0.0,0.0,0.0,4.0,0.0,0.0
12006600,297.5820007324219,303.1499938964844,285.1499938964844,0.0,-0.0,291.10418701171875,0.0,0.0,9.219333151122556e-05,297.7581481933594,303.1499938964844,285.1499938964844,0.0,-0.0,291.1053161621094,0.0,0.0,9.708416473586112e-05,298.29107666015625,303.1499938964844,285.1499938964844,0.0,-0.0,291.1056213378906,0.0,0.0,7.170610479079187e-05,297.588134765625,303.1499938964844,285.1499938964844,0.0,-0.0,291.1048889160156,0.0,0.0,9.708409197628498e-05,297.8966064453125,303.1499938964844,285.1499938964844,0.0,-0.0,291.1042175292969,0.0,0.0,0.0004605247231665,291.0845947265625,294.1499938964844,282.9666748046875,282.0731506347656,285.1518249511719,283.2216186523437,290.7900390625,0.0,0.0,0.0,0.0,1.0,1.0,-0.0009823637083172,3.801875259057397e-09,0.0009823598666116,-0.0090124756097793,0.0,0.0,0.0,-0.0066975662484765,60.0,-5.259072303771973,-0.0,-6.579669076245409e-08,0.0,283.1443786621094,288.5085144042969,285.35308837890625,285.36309814453125,293.1499938964844,293.1499938964844,278.1499938964844,0.0,18000.0,313.1499938964844,0.0,18000.0,0.0,0.0,0.0,0.0,0.0,0.0,0.0,0.0,0.0,-0.0,-0.0,-0.0,-6.544322618950674e-21,-3.272161309475337e-21,-3.272161107526945e-21,0.0,0.0,-0.0,0.0,0.0,0.0,-0.0,0.0,0.0,0.0,0.0,0.0,4.0,0.0,0.0
12006660,297.5800476074219,303.1499938964844,285.1499938964844,0.0,-0.0,291.1025695800781,0.0,0.0,9.219565981766208e-05,297.7537841796875,303.1499938964844,285.1499938964844,0.0,-0.0,291.1036682128906,0.0,0.0,9.708662400953472e-05,298.28631591796875,303.1499938964844,285.1499938964844,0.0,-0.0,291.1039733886719,0.0,0.0,7.17079165042378e-05,297.5836181640625,303.1499938964844,285.1499938964844,0.0,-0.0,291.1032409667969,0.0,0.0,9.708654397400096e-05,297.89337158203125,303.1499938964844,285.1499938964844,0.0,-0.0,291.10260009765625,0.0,0.0,0.0004605363646987,291.0826110839844,294.1499938964844,282.92999267578125,282.0393981933594,285.11346435546875,283.1849975585937,290.7865295410156,0.0,0.0,0.0,0.0,1.0,1.0,-0.0009823878062888,3.804703663234932e-09,0.0009823840809985,-0.0090198861435055,0.0,0.0,0.0,-0.0066989683546125,60.0,-5.281414031982422,-0.0,-6.579993083732917e-08,0.0,283.1443786621094,288.5085144042969,285.35308837890625,285.36309814453125,293.1499938964844,293.1499938964844,278.1499938964844,0.0,18000.0,313.1499938964844,0.0,18000.0,0.0,0.0,0.0,0.0,0.0,0.0,0.0,0.0,0.0,-0.0,-0.0,-0.0,-6.544322618950674e-21,-3.272161309475337e-21,-3.272161107526945e-21,0.0,0.0,-0.0,0.0,0.0,0.0,-0.0,0.0,0.0,0.0,0.0,0.0,4.0,0.0,0.0
12006720,297.5800476074219,303.1499938964844,285.1499938964844,0.0,-0.0,291.1025695800781,0.0,0.0,9.219565981766208e-05,297.7537841796875,303.1499938964844,285.1499938964844,0.0,-0.0,291.1036682128906,0.0,0.0,9.708662400953472e-05,298.28631591796875,303.1499938964844,285.1499938964844,0.0,-0.0,291.1039733886719,0.0,0.0,7.17079165042378e-05,297.5836181640625,303.1499938964844,285.1499938964844,0.0,-0.0,291.1032409667969,0.0,0.0,9.708654397400096e-05,297.89337158203125,303.1499938964844,285.1499938964844,0.0,-0.0,291.10260009765625,0.0,0.0,0.0004605363646987,291.0826110839844,294.1499938964844,282.92999267578125,282.0393981933594,285.11346435546875,283.1849975585937,290.7865295410156,0.0,0.0,0.0,0.0,1.0,1.0,-0.0009823878062888,3.804703663234932e-09,0.0009823840809985,-0.0090198861435055,0.0,0.0,0.0,-0.0066989683546125,60.0,-5.281414031982422,-0.0,-6.579993083732917e-08,0.0,283.1443786621094,288.5085144042969,285.35308837890625,285.36309814453125,293.1499938964844,293.1499938964844,278.1499938964844,0.0,18000.0,313.1499938964844,0.0,18000.0,0.0,0.0,0.0,0.0,0.0,0.0,0.0,0.0,0.0,-0.0,-0.0,-0.0,-6.544322618950674e-21,-3.272161309475337e-21,-3.272161107526945e-21,0.0,0.0,-0.0,0.0,0.0,0.0,-0.0,0.0,0.0,0.0,0.0,0.0,4.0,0.0,0.0
12006780,297.5783386230469,303.1499938964844,285.1499938964844,0.0,-0.0,291.1009216308594,0.0,0.0,9.2200432845857e-05,297.7494506835937,303.1499938964844,285.1499938964844,0.0,-0.0,291.1020202636719,0.0,0.0,9.70916444202885e-05,298.2816162109375,303.1499938964844,285.1499938964844,0.0,-0.0,291.102294921875,0.0,0.0,7.171162724262103e-05,297.57916259765625,303.1499938964844,285.1499938964844,0.0,-0.0,291.1015930175781,0.0,0.0,9.709157166071236e-05,297.8902587890625,303.1499938964844,285.1499938964844,0.0,-0.0,291.1009521484375,0.0,0.0,0.0004605602007359,291.08062744140625,294.1499938964844,282.8933410644531,282.0045471191406,285.0751342773437,283.1483459472656,290.78302001953125,0.0,0.0,0.0,0.0,1.0,1.0,-0.0009824379812926,3.81057185805389e-09,0.0009824342560023,-0.0090352622792124,0.0,0.0,0.0,-0.0067018773406744,60.0,-5.303882598876953,-0.0,-6.58066596770368e-08,0.0,283.1443786621094,288.5085144042969,285.35308837890625,285.36309814453125,293.1499938964844,293.1499938964844,278.1499938964844,0.0,18000.0,313.1499938964844,0.0,18000.0,0.0,0.0,0.0,0.0,0.0,0.0,0.0,0.0,0.0,-0.0,-0.0,-0.0,-6.544322618950674e-21,-3.272161309475337e-21,-3.272161107526945e-21,0.0,0.0,-0.0,0.0,0.0,0.0,-0.0,0.0,0.0,0.0,0.0,0.0,4.0,0.0,0.0
12006840,297.5783386230469,303.1499938964844,285.1499938964844,0.0,-0.0,291.1009216308594,0.0,0.0,9.2200432845857e-05,297.7494506835937,303.1499938964844,285.1499938964844,0.0,-0.0,291.1020202636719,0.0,0.0,9.70916444202885e-05,298.2816162109375,303.1499938964844,285.1499938964844,0.0,-0.0,291.102294921875,0.0,0.0,7.171162724262103e-05,297.57916259765625,303.1499938964844,285.1499938964844,0.0,-0.0,291.1015930175781,0.0,0.0,9.709157166071236e-05,297.8902587890625,303.1499938964844,285.1499938964844,0.0,-0.0,291.1009521484375,0.0,0.0,0.0004605602007359,291.08062744140625,294.1499938964844,282.8933410644531,282.0045471191406,285.0751342773437,283.1483459472656,290.78302001953125,0.0,0.0,0.0,0.0,1.0,1.0,-0.0009824379812926,3.81057185805389e-09,0.0009824342560023,-0.0090352622792124,0.0,0.0,0.0,-0.0067018773406744,60.0,-5.303882598876953,-0.0,-6.58066596770368e-08,0.0,283.1443786621094,288.5085144042969,285.35308837890625,285.36309814453125,293.1499938964844,293.1499938964844,278.1499938964844,0.0,18000.0,313.1499938964844,0.0,18000.0,0.0,0.0,0.0,0.0,0.0,0.0,0.0,0.0,0.0,-0.0,-0.0,-0.0,-6.544322618950674e-21,-3.272161309475337e-21,-3.272161107526945e-21,0.0,0.0,-0.0,0.0,0.0,0.0,-0.0,0.0,0.0,0.0,0.0,0.0,4.0,0.0,0.0
12006900,297.5775451660156,303.1499938964844,285.1499938964844,0.0,-0.0,291.10009765625,0.0,0.0,9.220364154316484e-05,297.7472839355469,303.1499938964844,285.1499938964844,0.0,-0.0,291.1011657714844,0.0,0.0,9.70950277405791e-05,298.2792663574219,303.1499938964844,285.1499938964844,0.0,-0.0,291.1014709472656,0.0,0.0,7.17141228960827e-05,297.5769958496094,303.1499938964844,285.1499938964844,0.0,-0.0,291.10076904296875,0.0,0.0,9.709495498100296e-05,297.8887023925781,303.1499938964844,285.1499938964844,0.0,-0.0,291.1001281738281,0.0,0.0,0.0004605762660503,291.0796203613281,294.1499938964844,282.875,281.9867553710937,285.0559997558594,283.1299743652344,290.78125,0.0,0.0,0.0,0.0,1.0,1.0,-0.0009824718581512,3.814535354251802e-09,0.0009824681328609,-0.009045647457242,0.0,0.0,0.0,-0.0067038424313068,60.0,-5.315164089202881,-0.0,-6.581120004511831e-08,0.0,283.1443786621094,288.5085144042969,285.35308837890625,285.36309814453125,293.1499938964844,293.1499938964844,278.1499938964844,0.0,18000.0,313.1499938964844,0.0,18000.0,0.0,0.0,0.0,0.0,0.0,0.0,0.0,0.0,0.0,-0.0,-0.0,-0.0,-6.544322618950674e-21,-3.272161309475337e-21,-3.272161107526945e-21,0.0,0.0,-0.0,0.0,0.0,0.0,-0.0,0.0,0.0,0.0,0.0,0.0,4.0,0.0,0.0
12006960,297.5767822265625,303.1499938964844,285.1499938964844,0.0,-0.0,291.0992736816406,0.0,0.0,9.220730134984478e-05,297.7451171875,303.1499938964844,285.1499938964844,0.0,-0.0,291.100341796875,0.0,0.0,9.7098876722157e-05,298.2769470214844,303.1499938964844,285.1499938964844,0.0,-0.0,291.1006164550781,0.0,0.0,7.171696779550985e-05,297.5748291015625,303.1499938964844,285.1499938964844,0.0,-0.0,291.0999450683594,0.0,0.0,9.709880396258086e-05,297.88720703125,303.1499938964844,285.1499938964844,0.0,-0.0,291.0992736816406,0.0,0.0,0.0004605945432558,291.07861328125,294.1499938964844,282.8566589355469,281.9687194824219,285.036865234375,283.1116027832031,290.77947998046875,0.0,0.0,0.0,0.0,1.0,1.0,-0.0009825106244534,3.8190575146757055e-09,0.0009825067827478,-0.0090574957430362,0.0,0.0,0.0,-0.0067060841247439,60.0,-5.326471328735352,-0.0,-6.5816379901662e-08,0.0,283.1443786621094,288.5085144042969,285.35308837890625,285.36309814453125,293.1499938964844,293.1499938964844,278.1499938964844,0.0,18000.0,313.1499938964844,0.0,18000.0,0.0,0.0,0.0,0.0,0.0,0.0,0.0,0.0,0.0,-0.0,-0.0,-0.0,-6.544322618950674e-21,-3.272161309475337e-21,-3.272161107526945e-21,0.0,0.0,-0.0,0.0,0.0,0.0,-0.0,0.0,0.0,0.0,0.0,0.0,4.0,0.0,0.0
12007020,297.5754089355469,303.1499938964844,285.1499938964844,0.0,-0.0,291.0975952148437,0.0,0.0,9.221563959727064e-05,297.74078369140625,303.1499938964844,285.1499938964844,0.0,-0.0,291.0986633300781,0.0,0.0,9.710765880299732e-05,298.2723388671875,303.1499938964844,285.1499938964844,0.0,-0.0,291.09893798828125,0.0,0.0,7.172345067374408e-05,297.5705871582031,303.1499938964844,285.1499938964844,0.0,-0.0,291.0982666015625,0.0,0.0,9.710758604342118e-05,297.88427734375,303.1499938964844,285.1499938964844,0.0,-0.0,291.0976257324219,0.0,0.0,0.0004606361908372,291.0765991210937,294.1499938964844,282.82000732421875,281.9320373535156,284.9985656738281,283.0747375488281,290.7759094238281,0.0,0.0,0.0,0.0,1.0,1.0,-0.000982598750852,3.829374151109732e-09,0.0009825950255617,-0.0090845264494419,0.0,0.0,0.0,-0.0067111984826624,60.0,-5.349149227142334,-0.0,-6.582820333278505e-08,0.0,283.1443786621094,288.5085144042969,285.35308837890625,285.36309814453125,293.1499938964844,293.1499938964844,278.1499938964844,0.0,18000.0,313.1499938964844,0.0,18000.0,0.0,0.0,0.0,0.0,0.0,0.0,0.0,0.0,0.0,-0.0,-0.0,-0.0,-6.544322618950674e-21,-3.272161309475337e-21,-3.272161107526945e-21,0.0,0.0,-0.0,0.0,0.0,0.0,-0.0,0.0,0.0,0.0,0.0,0.0,4.0,0.0,0.0
12007080,297.5754089355469,303.1499938964844,285.1499938964844,0.0,-0.0,291.0975952148437,0.0,0.0,9.221563959727064e-05,297.74078369140625,303.1499938964844,285.1499938964844,0.0,-0.0,291.0986633300781,0.0,0.0,9.710765880299732e-05,298.2723388671875,303.1499938964844,285.1499938964844,0.0,-0.0,291.09893798828125,0.0,0.0,7.172345067374408e-05,297.5705871582031,303.1499938964844,285.1499938964844,0.0,-0.0,291.0982666015625,0.0,0.0,9.710758604342118e-05,297.88427734375,303.1499938964844,285.1499938964844,0.0,-0.0,291.0976257324219,0.0,0.0,0.0004606361908372,291.0765991210937,294.1499938964844,282.82000732421875,281.9320373535156,284.9985656738281,283.0747375488281,290.7759094238281,0.0,0.0,0.0,0.0,1.0,1.0,-0.000982598750852,3.829374151109732e-09,0.0009825950255617,-0.0090845264494419,0.0,0.0,0.0,-0.0067111984826624,60.0,-5.349149227142334,-0.0,-6.582820333278505e-08,0.0,283.1443786621094,288.5085144042969,285.35308837890625,285.36309814453125,293.1499938964844,293.1499938964844,278.1499938964844,0.0,18000.0,313.1499938964844,0.0,18000.0,0.0,0.0,0.0,0.0,0.0,0.0,0.0,0.0,0.0,-0.0,-0.0,-0.0,-6.544322618950674e-21,-3.272161309475337e-21,-3.272161107526945e-21,0.0,0.0,-0.0,0.0,0.0,0.0,-0.0,0.0,0.0,0.0,0.0,0.0,4.0,0.0,0.0
12007140,297.57421875,303.1499938964844,285.1499938964844,0.0,-0.0,291.0959167480469,0.0,0.0,9.222458174917848e-05,297.7364807128906,303.1499938964844,285.1499938964844,0.0,-0.0,291.0969543457031,0.0,0.0,9.711706661619246e-05,298.26776123046875,303.1499938964844,285.1499938964844,0.0,-0.0,291.09722900390625,0.0,0.0,7.173039921326563e-05,297.5664978027344,303.1499938964844,285.1499938964844,0.0,-0.0,291.0965576171875,0.0,0.0,9.711699385661632e-05,297.8814392089844,303.1499938964844,285.1499938964844,0.0,-0.0,291.095947265625,0.0,0.0,0.0004606808361131,291.0745544433594,294.1499938964844,282.7833251953125,281.8946228027344,284.9603271484375,283.0378112792969,290.7723388671875,0.0,0.0,0.0,0.0,1.0,1.0,-0.0009826933965086,3.840436857416307e-09,0.000982689554803,-0.0091135129332542,0.0,0.0,0.0,-0.006716682575643,60.0,-5.371881008148193,-0.0,-6.584087941519101e-08,0.0,283.1443786621094,288.5085144042969,285.35308837890625,285.36309814453125,293.1499938964844,293.1499938964844,278.1499938964844,0.0,18000.0,313.1499938964844,0.0,18000.0,0.0,0.0,0.0,0.0,0.0,0.0,0.0,0.0,0.0,-0.0,-0.0,-0.0,-6.544322618950674e-21,-3.272161309475337e-21,-3.272161107526945e-21,0.0,0.0,-0.0,0.0,0.0,0.0,-0.0,0.0,0.0,0.0,0.0,0.0,4.0,0.0,0.0
12007200,297.57421875,303.1499938964844,285.1499938964844,0.0,-0.0,291.0959167480469,0.0,0.0,9.222458174917848e-05,297.7364807128906,303.1499938964844,285.1499938964844,0.0,-0.0,291.0969543457031,0.0,0.0,9.711706661619246e-05,298.26776123046875,303.1499938964844,285.1499938964844,0.0,-0.0,291.09722900390625,0.0,0.0,7.173039921326563e-05,297.5664978027344,303.1499938964844,285.1499938964844,0.0,-0.0,291.0965576171875,0.0,0.0,9.711699385661632e-05,297.8814392089844,303.1499938964844,285.1499938964844,0.0,-0.0,291.095947265625,0.0,0.0,0.0004606808361131,291.0745544433594,294.1499938964844,282.7833251953125,281.8946228027344,284.9603271484375,283.0378112792969,290.7723388671875,0.0,0.0,0.0,0.0,1.0,1.0,-0.0009826933965086,3.840436857416307e-09,0.000982689554803,-0.0091135129332542,0.0,0.0,0.0,-0.006716682575643,60.0,-5.371881008148193,-0.0,-6.584087941519101e-08,0.0,283.1443786621094,288.5085144042969,285.35308837890625,285.36309814453125,293.1499938964844,293.1499938964844,278.1499938964844,0.0,18000.0,313.1499938964844,0.0,18000.0,0.0,0.0,0.0,0.0,0.0,0.0,0.0,0.0,0.0,-0.0,-0.0,-0.0,-6.544322618950674e-21,-3.272161309475337e-21,-3.272161107526945e-21,0.0,0.0,-0.0,0.0,0.0,0.0,-0.0,0.0,0.0,0.0,0.0,0.0,4.0,0.0,0.0
12007260,297.5731811523437,303.1499938964844,285.1499938964844,0.0,-0.0,291.0942077636719,0.0,0.0,9.223302186001092e-05,297.7322082519531,303.1499938964844,285.1499938964844,0.0,-0.0,291.0952453613281,0.0,0.0,9.7125957836397e-05,298.2632751464844,303.1499938964844,285.1499938964844,0.0,-0.0,291.09552001953125,0.0,0.0,7.173696212703362e-05,297.5625305175781,303.1499938964844,285.1499938964844,0.0,-0.0,291.0948486328125,0.0,0.0,9.712588507682084e-05,297.87872314453125,303.1499938964844,285.1499938964844,0.0,-0.0,291.09423828125,0.0,0.0,0.0004607230075635,291.072509765625,294.1499938964844,282.7466735839844,281.8565368652344,284.922119140625,283.00079345703125,290.7687683105469,0.0,0.0,0.0,0.0,1.0,1.0,-0.0009827828034758,3.8508822797211906e-09,0.0009827788453549,-0.0091408807784318,0.0,0.0,0.0,-0.0067218607291579,60.0,-5.394609928131104,-0.0,-6.585285206028857e-08,0.0,283.1443786621094,288.5085144042969,285.35308837890625,285.36309814453125,293.1499938964844,293.1499938964844,278.1499938964844,0.0,18000.0,313.1499938964844,0.0,18000.0,0.0,0.0,0.0,0.0,0.0,0.0,0.0,0.0,0.0,-0.0,-0.0,-0.0,-6.544322618950674e-21,-3.272161309475337e-21,-3.272161107526945e-21,0.0,0.0,-0.0,0.0,0.0,0.0,-0.0,0.0,0.0,0.0,0.0,0.0,4.0,0.0,0.0
12007320,297.5731811523437,303.1499938964844,285.1499938964844,0.0,-0.0,291.0942077636719,0.0,0.0,9.223302186001092e-05,297.7322082519531,303.1499938964844,285.1499938964844,0.0,-0.0,291.0952453613281,0.0,0.0,9.7125957836397e-05,298.2632751464844,303.1499938964844,285.1499938964844,0.0,-0.0,291.09552001953125,0.0,0.0,7.173696212703362e-05,297.5625305175781,303.1499938964844,285.1499938964844,0.0,-0.0,291.0948486328125,0.0,0.0,9.712588507682084e-05,297.87872314453125,303.1499938964844,285.1499938964844,0.0,-0.0,291.09423828125,0.0,0.0,0.0004607230075635,291.072509765625,294.1499938964844,282.7466735839844,281.8565368652344,284.922119140625,283.00079345703125,290.7687683105469,0.0,0.0,0.0,0.0,1.0,1.0,-0.0009827828034758,3.8508822797211906e-09,0.0009827788453549,-0.0091408807784318,0.0,0.0,0.0,-0.0067218607291579,60.0,-5.394609928131104,-0.0,-6.585285206028857e-08,0.0,283.1443786621094,288.5085144042969,285.35308837890625,285.36309814453125,293.1499938964844,293.1499938964844,278.1499938964844,0.0,18000.0,313.1499938964844,0.0,18000.0,0.0,0.0,0.0,0.0,0.0,0.0,0.0,0.0,0.0,-0.0,-0.0,-0.0,-6.544322618950674e-21,-3.272161309475337e-21,-3.272161107526945e-21,0.0,0.0,-0.0,0.0,0.0,0.0,-0.0,0.0,0.0,0.0,0.0,0.0,4.0,0.0,0.0
12007380,297.572265625,303.1499938964844,285.1499938964844,0.0,-0.0,291.0924987792969,0.0,0.0,9.22397375688888e-05,297.7279968261719,303.1499938964844,285.1499938964844,0.0,-0.0,291.0935363769531,0.0,0.0,9.713302279124036e-05,298.25885009765625,303.1499938964844,285.1499938964844,0.0,-0.0,291.09381103515625,0.0,0.0,7.17421862646006e-05,297.5587158203125,303.1499938964844,285.1499938964844,0.0,-0.0,291.0931396484375,0.0,0.0,9.713295730762184e-05,297.8760986328125,303.1499938964844,285.1499938964844,0.0,-0.0,291.092529296875,0.0,0.0,0.0004607565351761,291.0704650878906,294.1499938964844,282.7099914550781,281.81793212890625,284.8839111328125,282.9637145996094,290.7651672363281,0.0,0.0,0.0,0.0,1.0,1.0,-0.0009828537004068,3.859174757536721e-09,0.0009828498587012,-0.0091626085340976,0.0,0.0,0.0,-0.0067259720526635,60.0,-5.417269229888916,-0.0,-6.586235201666568e-08,0.0,283.1443786621094,288.5085144042969,285.35308837890625,285.36309814453125,293.1499938964844,293.1499938964844,278.1499938964844,0.0,18000.0,313.1499938964844,0.0,18000.0,0.0,0.0,0.0,0.0,0.0,0.0,0.0,0.0,0.0,-0.0,-0.0,-0.0,-6.544322618950674e-21,-3.272161309475337e-21,-3.272161107526945e-21,0.0,0.0,-0.0,0.0,0.0,0.0,-0.0,0.0,0.0,0.0,0.0,0.0,4.0,0.0,0.0
12007440,297.572265625,303.1499938964844,285.1499938964844,0.0,-0.0,291.0924987792969,0.0,0.0,9.22397375688888e-05,297.7279968261719,303.1499938964844,285.1499938964844,0.0,-0.0,291.0935363769531,0.0,0.0,9.713302279124036e-05,298.25885009765625,303.1499938964844,285.1499938964844,0.0,-0.0,291.09381103515625,0.0,0.0,7.17421862646006e-05,297.5587158203125,303.1499938964844,285.1499938964844,0.0,-0.0,291.0931396484375,0.0,0.0,9.713295730762184e-05,297.8760986328125,303.1499938964844,285.1499938964844,0.0,-0.0,291.092529296875,0.0,0.0,0.0004607565351761,291.0704650878906,294.1499938964844,282.7099914550781,281.81793212890625,284.8839111328125,282.9637145996094,290.7651672363281,0.0,0.0,0.0,0.0,1.0,1.0,-0.0009828537004068,3.859174757536721e-09,0.0009828498587012,-0.0091626085340976,0.0,0.0,0.0,-0.0067259720526635,60.0,-5.417269229888916,-0.0,-6.586235201666568e-08,0.0,283.1443786621094,288.5085144042969,285.35308837890625,285.36309814453125,293.1499938964844,293.1499938964844,278.1499938964844,0.0,18000.0,313.1499938964844,0.0,18000.0,0.0,0.0,0.0,0.0,0.0,0.0,0.0,0.0,0.0,-0.0,-0.0,-0.0,-6.544322618950674e-21,-3.272161309475337e-21,-3.272161107526945e-21,0.0,0.0,-0.0,0.0,0.0,0.0,-0.0,0.0,0.0,0.0,0.0,0.0,4.0,0.0,0.0
12007500,297.57183837890625,303.1499938964844,285.1499938964844,0.0,-0.0,291.0916442871094,0.0,0.0,9.224204404745252e-05,297.72589111328125,303.1499938964844,285.1499938964844,0.0,-0.0,291.0926513671875,0.0,0.0,9.71354529610835e-05,298.25665283203125,303.1499938964844,285.1499938964844,0.0,-0.0,291.0929260253906,0.0,0.0,7.17439761501737e-05,297.556884765625,303.1499938964844,285.1499938964844,0.0,-0.0,291.09228515625,0.0,0.0,9.713538747746496e-05,297.87481689453125,303.1499938964844,285.1499938964844,0.0,-0.0,291.0916748046875,0.0,0.0,0.0004607680893968,291.0694274902344,294.1499938964844,282.6916809082031,281.7984619140625,284.86480712890625,282.9451599121094,290.76336669921875,0.0,0.0,0.0,0.0,1.0,1.0,-0.0009828780312091,3.862016484390551e-09,0.0009828740730881,-0.0091700535267591,0.0,0.0,0.0,-0.0067273806780576,60.0,-5.428548812866211,-0.0,-6.586561340782282e-08,0.0,283.1443786621094,288.5085144042969,285.35308837890625,285.36309814453125,293.1499938964844,293.1499938964844,278.1499938964844,0.0,18000.0,313.1499938964844,0.0,18000.0,0.0,0.0,0.0,0.0,0.0,0.0,0.0,0.0,0.0,-0.0,-0.0,-0.0,-6.544322618950674e-21,-3.272161309475337e-21,-3.272161107526945e-21,0.0,0.0,-0.0,0.0,0.0,0.0,-0.0,0.0,0.0,0.0,0.0,0.0,4.0,0.0,0.0
12007560,297.57147216796875,303.1499938964844,285.1499938964844,0.0,-0.0,291.0907897949219,0.0,0.0,9.224344830727203e-05,297.72381591796875,303.1499938964844,285.1499938964844,0.0,-0.0,291.091796875,0.0,0.0,9.713692998047918e-05,298.2544860839844,303.1499938964844,285.1499938964844,0.0,-0.0,291.0920715332031,0.0,0.0,7.174506754381582e-05,297.5550842285156,303.1499938964844,285.1499938964844,0.0,-0.0,291.0914306640625,0.0,0.0,9.713686449686064e-05,297.87359619140625,303.1499938964844,285.1499938964844,0.0,-0.0,291.0908203125,0.0,0.0,0.0004607750743161,291.0683898925781,294.1499938964844,282.67333984375,281.7789306640625,284.8457336425781,282.9266052246094,290.76153564453125,0.0,0.0,0.0,0.0,1.0,1.0,-0.0009828925831243,3.863728892383733e-09,0.0009828887414187,-0.0091745406389236,0.0,0.0,0.0,-0.0067282295785844,60.0,-5.439781665802002,-0.0,-6.586757450577353e-08,0.0,283.1443786621094,288.5085144042969,285.35308837890625,285.36309814453125,293.1499938964844,293.1499938964844,278.1499938964844,0.0,18000.0,313.1499938964844,0.0,18000.0,0.0,0.0,0.0,0.0,0.0,0.0,0.0,0.0,0.0,-0.0,-0.0,-0.0,-6.544322618950674e-21,-3.272161309475337e-21,-3.272161107526945e-21,0.0,0.0,-0.0,0.0,0.0,0.0,-0.0,0.0,0.0,0.0,0.0,0.0,4.0,0.0,0.0
12007620,297.57080078125,303.1499938964844,285.1499938964844,0.0,-0.0,291.08905029296875,0.0,0.0,9.224293899023904e-05,297.7196960449219,303.1499938964844,285.1499938964844,0.0,-0.0,291.0900573730469,0.0,0.0,9.713639155961572e-05,298.2501525878906,303.1499938964844,285.1499938964844,0.0,-0.0,291.09033203125,0.0,0.0,7.174466736614704e-05,297.5516052246094,303.1499938964844,285.1499938964844,0.0,-0.0,291.08966064453125,0.0,0.0,9.71363260759972e-05,297.87115478515625,303.1499938964844,285.1499938964844,0.0,-0.0,291.0890808105469,0.0,0.0,0.0004607725422829,291.0663146972656,294.1499938964844,282.6366577148437,281.7395935058594,284.8075866699219,282.8895568847656,290.7579040527344,0.0,0.0,0.0,0.0,1.0,1.0,-0.0009828866459429,3.8630232346292814e-09,0.0009828828042373,-0.009172691963613,0.0,0.0,0.0,-0.0067278798669576,60.0,-5.4620747566223145,-0.0,-6.586676448705475e-08,0.0,283.1443786621094,288.5085144042969,285.35308837890625,285.36309814453125,293.1499938964844,293.1499938964844,278.1499938964844,0.0,18000.0,313.1499938964844,0.0,18000.0,0.0,0.0,0.0,0.0,0.0,0.0,0.0,0.0,0.0,-0.0,-0.0,-0.0,-6.544322618950674e-21,-3.272161309475337e-21,-3.272161107526945e-21,0.0,0.0,-0.0,0.0,0.0,0.0,-0.0,0.0,0.0,0.0,0.0,0.0,4.0,0.0,0.0
12007680,297.57080078125,303.1499938964844,285.1499938964844,0.0,-0.0,291.08905029296875,0.0,0.0,9.224293899023904e-05,297.7196960449219,303.1499938964844,285.1499938964844,0.0,-0.0,291.0900573730469,0.0,0.0,9.713639155961572e-05,298.2501525878906,303.1499938964844,285.1499938964844,0.0,-0.0,291.09033203125,0.0,0.0,7.174466736614704e-05,297.5516052246094,303.1499938964844,285.1499938964844,0.0,-0.0,291.08966064453125,0.0,0.0,9.71363260759972e-05,297.87115478515625,303.1499938964844,285.1499938964844,0.0,-0.0,291.0890808105469,0.0,0.0,0.0004607725422829,291.0663146972656,294.1499938964844,282.6366577148437,281.7395935058594,284.8075866699219,282.8895568847656,290.7579040527344,0.0,0.0,0.0,0.0,1.0,1.0,-0.0009828866459429,3.8630232346292814e-09,0.0009828828042373,-0.009172691963613,0.0,0.0,0.0,-0.0067278798669576,60.0,-5.4620747566223145,-0.0,-6.586676448705475e-08,0.0,283.1443786621094,288.5085144042969,285.35308837890625,285.36309814453125,293.1499938964844,293.1499938964844,278.1499938964844,0.0,18000.0,313.1499938964844,0.0,18000.0,0.0,0.0,0.0,0.0,0.0,0.0,0.0,0.0,0.0,-0.0,-0.0,-0.0,-6.544322618950674e-21,-3.272161309475337e-21,-3.272161107526945e-21,0.0,0.0,-0.0,0.0,0.0,0.0,-0.0,0.0,0.0,0.0,0.0,0.0,4.0,0.0,0.0
12007740,297.5702514648437,303.1499938964844,285.1499938964844,0.0,-0.0,291.0873107910156,0.0,0.0,9.223719098372384e-05,297.7156066894531,303.1499938964844,285.1499938964844,0.0,-0.0,291.0882873535156,0.0,0.0,9.713033796288072e-05,298.24591064453125,303.1499938964844,285.1499938964844,0.0,-0.0,291.08856201171875,0.0,0.0,7.174019992817193e-05,297.5483093261719,303.1499938964844,285.1499938964844,0.0,-0.0,291.0879211425781,0.0,0.0,9.71302724792622e-05,297.86883544921875,303.1499938964844,285.1499938964844,0.0,-0.0,291.0873413085937,0.0,0.0,0.0004607438459061,291.064208984375,294.1499938964844,282.6000061035156,281.7000732421875,284.7694702148437,282.85260009765625,290.7542724609375,0.0,0.0,0.0,0.0,1.0,1.0,-0.000982824829407,3.8557961268281815e-09,0.0009828209877014,-0.0091537563130259,0.0,0.0,0.0,-0.0067242970690131,60.0,-5.484078407287598,-0.0,-6.585847955875579e-08,0.0,283.1443786621094,288.5085144042969,285.35308837890625,285.36309814453125,293.1499938964844,293.1499938964844,278.1499938964844,0.0,18000.0,313.1499938964844,0.0,18000.0,0.0,0.0,0.0,0.0,0.0,0.0,0.0,0.0,0.0,-0.0,-0.0,-0.0,-6.544322618950674e-21,-3.272161309475337e-21,-3.272161107526945e-21,0.0,0.0,-0.0,0.0,0.0,0.0,-0.0,0.0,0.0,0.0,0.0,0.0,4.0,0.0,0.0
12007800,297.5702514648437,303.1499938964844,285.1499938964844,0.0,-0.0,291.0873107910156,0.0,0.0,9.223719098372384e-05,297.7156066894531,303.1499938964844,285.1499938964844,0.0,-0.0,291.0882873535156,0.0,0.0,9.713033796288072e-05,298.24591064453125,303.1499938964844,285.1499938964844,0.0,-0.0,291.08856201171875,0.0,0.0,7.174019992817193e-05,297.5483093261719,303.1499938964844,285.1499938964844,0.0,-0.0,291.0879211425781,0.0,0.0,9.71302724792622e-05,297.86883544921875,303.1499938964844,285.1499938964844,0.0,-0.0,291.0873413085937,0.0,0.0,0.0004607438459061,291.064208984375,294.1499938964844,282.6000061035156,281.7000732421875,284.7694702148437,282.85260009765625,290.7542724609375,0.0,0.0,0.0,0.0,1.0,1.0,-0.000982824829407,3.8557961268281815e-09,0.0009828209877014,-0.0091537563130259,0.0,0.0,0.0,-0.0067242970690131,60.0,-5.484078407287598,-0.0,-6.585847955875579e-08,0.0,283.1443786621094,288.5085144042969,285.35308837890625,285.36309814453125,293.1499938964844,293.1499938964844,278.1499938964844,0.0,18000.0,313.1499938964844,0.0,18000.0,0.0,0.0,0.0,0.0,0.0,0.0,0.0,0.0,0.0,-0.0,-0.0,-0.0,-6.544322618950674e-21,-3.272161309475337e-21,-3.272161107526945e-21,0.0,0.0,-0.0,0.0,0.0,0.0,-0.0,0.0,0.0,0.0,0.0,0.0,4.0,0.0,0.0
12007860,297.5697937011719,303.1499938964844,285.1499938964844,0.0,-0.0,291.0855407714844,0.0,0.0,9.222544031217694e-05,297.7116394042969,303.1499938964844,285.1499938964844,0.0,-0.0,291.0865173339844,0.0,0.0,9.7117961558979e-05,298.24169921875,303.1499938964844,285.1499938964844,0.0,-0.0,291.0867919921875,0.0,0.0,7.173106132540852e-05,297.545166015625,303.1499938964844,285.1499938964844,0.0,-0.0,291.0861511230469,0.0,0.0,9.711789607536048e-05,297.8666076660156,303.1499938964844,285.1499938964844,0.0,-0.0,291.0855712890625,0.0,0.0,0.00046068514348,291.0621032714844,294.1499938964844,282.5633239746094,281.6604919433594,284.7313537597656,282.8158264160156,290.7506103515625,0.0,0.0,0.0,0.0,1.0,1.0,-0.0009826991008594,3.841088780376367e-09,0.0009826952591538,-0.009115220978856,0.0,0.0,0.0,-0.0067170062102377,60.0,-5.505735397338867,-0.0,-6.584162548506356e-08,0.0,283.1443786621094,288.5085144042969,285.35308837890625,285.36309814453125,293.1499938964844,293.1499938964844,278.1499938964844,0.0,18000.0,313.1499938964844,0.0,18000.0,0.0,0.0,0.0,0.0,0.0,0.0,0.0,0.0,0.0,-0.0,-0.0,-0.0,-6.544322618950674e-21,-3.272161309475337e-21,-3.272161107526945e-21,0.0,0.0,-0.0,0.0,0.0,0.0,-0.0,0.0,0.0,0.0,0.0,0.0,4.0,0.0,0.0
12007920,297.5697937011719,303.1499938964844,285.1499938964844,0.0,-0.0,291.0855407714844,0.0,0.0,9.222544031217694e-05,297.7116394042969,303.1499938964844,285.1499938964844,0.0,-0.0,291.0865173339844,0.0,0.0,9.7117961558979e-05,298.24169921875,303.1499938964844,285.1499938964844,0.0,-0.0,291.0867919921875,0.0,0.0,7.173106132540852e-05,297.545166015625,303.1499938964844,285.1499938964844,0.0,-0.0,291.0861511230469,0.0,0.0,9.711789607536048e-05,297.8666076660156,303.1499938964844,285.1499938964844,0.0,-0.0,291.0855712890625,0.0,0.0,0.00046068514348,291.0621032714844,294.1499938964844,282.5633239746094,281.6604919433594,284.7313537597656,282.8158264160156,290.7506103515625,0.0,0.0,0.0,0.0,1.0,1.0,-0.0009826991008594,3.841088780376367e-09,0.0009826952591538,-0.009115220978856,0.0,0.0,0.0,-0.0067170062102377,60.0,-5.505735397338867,-0.0,-6.584162548506356e-08,0.0,283.1443786621094,288.5085144042969,285.35308837890625,285.36309814453125,293.1499938964844,293.1499938964844,278.1499938964844,0.0,18000.0,313.1499938964844,0.0,18000.0,0.0,0.0,0.0,0.0,0.0,0.0,0.0,0.0,0.0,-0.0,-0.0,-0.0,-6.544322618950674e-21,-3.272161309475337e-21,-3.272161107526945e-21,0.0,0.0,-0.0,0.0,0.0,0.0,-0.0,0.0,0.0,0.0,0.0,0.0,4.0,0.0,0.0
12007980,297.56842041015625,303.1499938964844,285.1499938964844,0.0,-0.0,291.0837707519531,0.0,0.0,9.220728679792956e-05,297.70770263671875,303.1499938964844,285.1499938964844,0.0,-0.0,291.0847473144531,0.0,0.0,9.709884761832654e-05,298.237548828125,303.1499938964844,285.1499938964844,0.0,-0.0,291.0849914550781,0.0,0.0,7.171693869167939e-05,297.54217529296875,303.1499938964844,285.1499938964844,0.0,-0.0,291.0843811035156,0.0,0.0,9.709878213470802e-05,297.8644104003906,303.1499938964844,285.1499938964844,0.0,-0.0,291.08380126953125,0.0,0.0,0.0004605944559443,291.0599975585937,294.1499938964844,282.52667236328125,281.62091064453125,284.6932983398437,282.7792358398437,290.7469177246094,0.0,0.0,0.0,0.0,1.0,1.0,-0.0009825050365179,3.818404259448016e-09,0.0009825013112276,-0.0090557839721441,0.0,0.0,0.0,-0.0067057604901492,60.0,-5.527008533477783,-0.0,-6.581563383178948e-08,0.0,283.1443786621094,288.5085144042969,285.35308837890625,285.36309814453125,293.1499938964844,293.1499938964844,278.1499938964844,0.0,18000.0,313.1499938964844,0.0,18000.0,0.0,0.0,0.0,0.0,0.0,0.0,0.0,0.0,0.0,-0.0,-0.0,-0.0,-6.544322618950674e-21,-3.272161309475337e-21,-3.272161107526945e-21,0.0,0.0,-0.0,0.0,0.0,0.0,-0.0,0.0,0.0,0.0,0.0,0.0,4.0,0.0,0.0
12008040,297.56842041015625,303.1499938964844,285.1499938964844,0.0,-0.0,291.0837707519531,0.0,0.0,9.220728679792956e-05,297.70770263671875,303.1499938964844,285.1499938964844,0.0,-0.0,291.0847473144531,0.0,0.0,9.709884761832654e-05,298.237548828125,303.1499938964844,285.1499938964844,0.0,-0.0,291.0849914550781,0.0,0.0,7.171693869167939e-05,297.54217529296875,303.1499938964844,285.1499938964844,0.0,-0.0,291.0843811035156,0.0,0.0,9.709878213470802e-05,297.8644104003906,303.1499938964844,285.1499938964844,0.0,-0.0,291.08380126953125,0.0,0.0,0.0004605944559443,291.0599975585937,294.1499938964844,282.52667236328125,281.62091064453125,284.6932983398437,282.7792358398437,290.7469177246094,0.0,0.0,0.0,0.0,1.0,1.0,-0.0009825050365179,3.818404259448016e-09,0.0009825013112276,-0.0090557839721441,0.0,0.0,0.0,-0.0067057604901492,60.0,-5.527008533477783,-0.0,-6.581563383178948e-08,0.0,283.1443786621094,288.5085144042969,285.35308837890625,285.36309814453125,293.1499938964844,293.1499938964844,278.1499938964844,0.0,18000.0,313.1499938964844,0.0,18000.0,0.0,0.0,0.0,0.0,0.0,0.0,0.0,0.0,0.0,-0.0,-0.0,-0.0,-6.544322618950674e-21,-3.272161309475337e-21,-3.272161107526945e-21,0.0,0.0,-0.0,0.0,0.0,0.0,-0.0,0.0,0.0,0.0,0.0,0.0,4.0,0.0,0.0
12008100,297.5673522949219,303.1499938964844,285.1499938964844,0.0,-0.0,291.0828857421875,0.0,0.0,9.219579806085676e-05,297.7057800292969,303.1499938964844,285.1499938964844,0.0,-0.0,291.0838317871094,0.0,0.0,9.708674042485654e-05,298.2355041503906,303.1499938964844,285.1499938964844,0.0,-0.0,291.0841064453125,0.0,0.0,7.170799653977156e-05,297.5407409667969,303.1499938964844,285.1499938964844,0.0,-0.0,291.08349609375,0.0,0.0,9.708668221719564e-05,297.86334228515625,303.1499938964844,285.1499938964844,0.0,-0.0,291.0829162597656,0.0,0.0,0.0004605370631907,291.0589294433594,294.1499938964844,282.5083312988281,281.6011657714844,284.6742858886719,282.76104736328125,290.7450866699219,0.0,0.0,0.0,0.0,1.0,1.0,-0.0009823823347687,3.8040526284532924e-09,0.0009823784930631,-0.0090181799605488,0.0,0.0,0.0,-0.0066986456513404,60.0,-5.5374932289123535,-0.0,-6.579918476745662e-08,0.0,283.1443786621094,288.5085144042969,285.35308837890625,285.36309814453125,293.1499938964844,293.1499938964844,278.1499938964844,0.0,18000.0,313.1499938964844,0.0,18000.0,0.0,0.0,0.0,0.0,0.0,0.0,0.0,0.0,0.0,-0.0,-0.0,-0.0,-6.544322618950674e-21,-3.272161309475337e-21,-3.272161107526945e-21,0.0,0.0,-0.0,0.0,0.0,0.0,-0.0,0.0,0.0,0.0,0.0,0.0,4.0,0.0,0.0
12008160,297.56610107421875,303.1499938964844,285.1499938964844,0.0,-0.0,291.0820007324219,0.0,0.0,9.21827377169393e-05,297.7038879394531,303.1499938964844,285.1499938964844,0.0,-0.0,291.0829467773437,0.0,0.0,9.707298886496574e-05,298.2334289550781,303.1499938964844,285.1499938964844,0.0,-0.0,291.08319091796875,0.0,0.0,7.169783930294216e-05,297.539306640625,303.1499938964844,285.1499938964844,0.0,-0.0,291.08258056640625,0.0,0.0,9.70729233813472e-05,297.8622436523437,303.1499938964844,285.1499938964844,0.0,-0.0,291.0820007324219,0.0,0.0,0.0004604718124028,291.057861328125,294.1499938964844,282.489990234375,281.5814514160156,284.6552734375,282.7429504394531,290.74322509765625,0.0,0.0,0.0,0.0,1.0,1.0,-0.0009822428692132,3.787745672667597e-09,0.0009822391439229,-0.0089754536747932,0.0,0.0,0.0,-0.0066905617713928,60.0,-5.547874450683594,-0.0,-6.578050459893349e-08,0.0,283.1443786621094,288.5085144042969,285.35308837890625,285.36309814453125,293.1499938964844,293.1499938964844,278.1499938964844,0.0,18000.0,313.1499938964844,0.0,18000.0,0.0,0.0,0.0,0.0,0.0,0.0,0.0,0.0,0.0,-0.0,-0.0,-0.0,-6.544322618950674e-21,-3.272161309475337e-21,-3.272161107526945e-21,0.0,0.0,-0.0,0.0,0.0,0.0,-0.0,0.0,0.0,0.0,0.0,0.0,4.0,0.0,0.0
12008220,297.5633850097656,303.1499938964844,285.1499938964844,0.0,-0.0,291.0802001953125,0.0,0.0,9.215217869495972e-05,297.7001037597656,303.1499938964844,285.1499938964844,0.0,-0.0,291.0811462402344,0.0,0.0,9.704081458039582e-05,298.2293395996094,303.1499938964844,285.1499938964844,0.0,-0.0,291.0813903808594,0.0,0.0,7.167406874941662e-05,297.5365905761719,303.1499938964844,285.1499938964844,0.0,-0.0,291.0807800292969,0.0,0.0,9.704074909677728e-05,297.86004638671875,303.1499938964844,285.1499938964844,0.0,-0.0,291.0802307128906,0.0,0.0,0.0004603191919159,291.05572509765625,294.1499938964844,282.4533386230469,281.542236328125,284.6172790527344,282.7070007324219,290.739501953125,0.0,0.0,0.0,0.0,1.0,1.0,-0.0009819167898967,3.749612620396192e-09,0.0009819130646064,-0.0088755385950207,0.0,0.0,0.0,-0.0066716577857732,60.0,-5.568347930908203,-0.0,-6.573683464239366e-08,0.0,283.1443786621094,288.5085144042969,285.35308837890625,285.36309814453125,293.1499938964844,293.1499938964844,278.1499938964844,0.0,18000.0,313.1499938964844,0.0,18000.0,0.0,0.0,0.0,0.0,0.0,0.0,0.0,0.0,0.0,-0.0,-0.0,-0.0,-6.544322618950674e-21,-3.272161309475337e-21,-3.272161107526945e-21,0.0,0.0,-0.0,0.0,0.0,0.0,-0.0,0.0,0.0,0.0,0.0,0.0,4.0,0.0,0.0
12008280,297.5633850097656,303.1499938964844,285.1499938964844,0.0,-0.0,291.0802001953125,0.0,0.0,9.215217869495972e-05,297.7001037597656,303.1499938964844,285.1499938964844,0.0,-0.0,291.0811462402344,0.0,0.0,9.704081458039582e-05,298.2293395996094,303.1499938964844,285.1499938964844,0.0,-0.0,291.0813903808594,0.0,0.0,7.167406874941662e-05,297.5365905761719,303.1499938964844,285.1499938964844,0.0,-0.0,291.0807800292969,0.0,0.0,9.704074909677728e-05,297.86004638671875,303.1499938964844,285.1499938964844,0.0,-0.0,291.0802307128906,0.0,0.0,0.0004603191919159,291.05572509765625,294.1499938964844,282.4533386230469,281.542236328125,284.6172790527344,282.7070007324219,290.739501953125,0.0,0.0,0.0,0.0,1.0,1.0,-0.0009819167898967,3.749612620396192e-09,0.0009819130646064,-0.0088755385950207,0.0,0.0,0.0,-0.0066716577857732,60.0,-5.568347930908203,-0.0,-6.573683464239366e-08,0.0,283.1443786621094,288.5085144042969,285.35308837890625,285.36309814453125,293.1499938964844,293.1499938964844,278.1499938964844,0.0,18000.0,313.1499938964844,0.0,18000.0,0.0,0.0,0.0,0.0,0.0,0.0,0.0,0.0,0.0,-0.0,-0.0,-0.0,-6.544322618950674e-21,-3.272161309475337e-21,-3.272161107526945e-21,0.0,0.0,-0.0,0.0,0.0,0.0,-0.0,0.0,0.0,0.0,0.0,0.0,4.0,0.0,0.0
12008340,297.5604858398437,303.1499938964844,285.1499938964844,0.0,-0.0,291.0783996582031,0.0,0.0,9.211634460370988e-05,297.6964111328125,303.1499938964844,285.1499938964844,0.0,-0.0,291.0793151855469,0.0,0.0,9.700307418825103e-05,298.2252197265625,303.1499938964844,285.1499938964844,0.0,-0.0,291.0795593261719,0.0,0.0,7.164619455579668e-05,297.533935546875,303.1499938964844,285.1499938964844,0.0,-0.0,291.0789794921875,0.0,0.0,9.700300870463252e-05,297.8578491210937,303.1499938964844,285.1499938964844,0.0,-0.0,291.0783996582031,0.0,0.0,0.0004601401742547,291.0535888671875,294.1499938964844,282.4166564941406,281.5033874511719,284.5793151855469,282.67138671875,290.7357788085937,0.0,0.0,0.0,0.0,1.0,1.0,-0.0009815343655645,3.7048970558117836e-09,0.0009815306402742,-0.0087583772838115,0.0,0.0,0.0,-0.0066494904458522,60.0,-5.588451385498047,-0.0,-6.568564003828214e-08,0.0,283.1443786621094,288.5085144042969,285.35308837890625,285.36309814453125,293.1499938964844,293.1499938964844,278.1499938964844,0.0,18000.0,313.1499938964844,0.0,18000.0,0.0,0.0,0.0,0.0,0.0,0.0,0.0,0.0,0.0,-0.0,-0.0,-0.0,-6.544322618950674e-21,-3.272161309475337e-21,-3.272161107526945e-21,0.0,0.0,-0.0,0.0,0.0,0.0,-0.0,0.0,0.0,0.0,0.0,0.0,4.0,0.0,0.0
12008400,297.5604858398437,303.1499938964844,285.1499938964844,0.0,-0.0,291.0783996582031,0.0,0.0,9.211634460370988e-05,297.6964111328125,303.1499938964844,285.1499938964844,0.0,-0.0,291.0793151855469,0.0,0.0,9.700307418825103e-05,298.2252197265625,303.1499938964844,285.1499938964844,0.0,-0.0,291.0795593261719,0.0,0.0,7.164619455579668e-05,297.533935546875,303.1499938964844,285.1499938964844,0.0,-0.0,291.0789794921875,0.0,0.0,9.700300870463252e-05,297.8578491210937,303.1499938964844,285.1499938964844,0.0,-0.0,291.0783996582031,0.0,0.0,0.0004601401742547,291.0535888671875,294.1499938964844,282.4166564941406,281.5033874511719,284.5793151855469,282.67138671875,290.7357788085937,0.0,0.0,0.0,0.0,1.0,1.0,-0.0009815343655645,3.7048970558117836e-09,0.0009815306402742,-0.0087583772838115,0.0,0.0,0.0,-0.0066494904458522,60.0,-5.588451385498047,-0.0,-6.568564003828214e-08,0.0,283.1443786621094,288.5085144042969,285.35308837890625,285.36309814453125,293.1499938964844,293.1499938964844,278.1499938964844,0.0,18000.0,313.1499938964844,0.0,18000.0,0.0,0.0,0.0,0.0,0.0,0.0,0.0,0.0,0.0,-0.0,-0.0,-0.0,-6.544322618950674e-21,-3.272161309475337e-21,-3.272161107526945e-21,0.0,0.0,-0.0,0.0,0.0,0.0,-0.0,0.0,0.0,0.0,0.0,0.0,4.0,0.0,0.0
12008460,297.5575561523437,303.1499938964844,285.1499938964844,0.0,-0.0,291.0765686035156,0.0,0.0,9.207622497342528e-05,297.6927490234375,303.1499938964844,285.1499938964844,0.0,-0.0,291.0774841308594,0.0,0.0,9.696082270238549e-05,298.2210998535156,303.1499938964844,285.1499938964844,0.0,-0.0,291.0777282714844,0.0,0.0,7.161499524954706e-05,297.5313720703125,303.1499938964844,285.1499938964844,0.0,-0.0,291.0771484375,0.0,0.0,9.696076449472456e-05,297.85565185546875,303.1499938964844,285.1499938964844,0.0,-0.0,291.0765991210937,0.0,0.0,0.000459939794382,291.0514221191406,294.1499938964844,282.3800048828125,281.4649658203125,284.5414123535156,282.6361999511719,290.7320251464844,0.0,0.0,0.0,0.0,1.0,1.0,-0.0009811064228415,3.6548506443523365e-09,0.0009811026975512,-0.0086272461339831,0.0,0.0,0.0,-0.0066246800124645,60.0,-5.608235359191895,-0.0,-6.562836318835252e-08,0.0,283.1443786621094,288.5085144042969,285.35308837890625,285.36309814453125,293.1499938964844,293.1499938964844,278.1499938964844,0.0,18000.0,313.1499938964844,0.0,18000.0,0.0,0.0,0.0,0.0,0.0,0.0,0.0,0.0,0.0,-0.0,-0.0,-0.0,-6.544322618950674e-21,-3.272161309475337e-21,-3.272161107526945e-21,0.0,0.0,-0.0,0.0,0.0,0.0,-0.0,0.0,0.0,0.0,0.0,0.0,4.0,0.0,0.0
12008520,297.5575561523437,303.1499938964844,285.1499938964844,0.0,-0.0,291.0765686035156,0.0,0.0,9.207622497342528e-05,297.6927490234375,303.1499938964844,285.1499938964844,0.0,-0.0,291.0774841308594,0.0,0.0,9.696082270238549e-05,298.2210998535156,303.1499938964844,285.1499938964844,0.0,-0.0,291.0777282714844,0.0,0.0,7.161499524954706e-05,297.5313720703125,303.1499938964844,285.1499938964844,0.0,-0.0,291.0771484375,0.0,0.0,9.696076449472456e-05,297.85565185546875,303.1499938964844,285.1499938964844,0.0,-0.0,291.0765991210937,0.0,0.0,0.000459939794382,291.0514221191406,294.1499938964844,282.3800048828125,281.4649658203125,284.5414123535156,282.6361999511719,290.7320251464844,0.0,0.0,0.0,0.0,1.0,1.0,-0.0009811064228415,3.6548506443523365e-09,0.0009811026975512,-0.0086272461339831,0.0,0.0,0.0,-0.0066246800124645,60.0,-5.608235359191895,-0.0,-6.562836318835252e-08,0.0,283.1443786621094,288.5085144042969,285.35308837890625,285.36309814453125,293.1499938964844,293.1499938964844,278.1499938964844,0.0,18000.0,313.1499938964844,0.0,18000.0,0.0,0.0,0.0,0.0,0.0,0.0,0.0,0.0,0.0,-0.0,-0.0,-0.0,-6.544322618950674e-21,-3.272161309475337e-21,-3.272161107526945e-21,0.0,0.0,-0.0,0.0,0.0,0.0,-0.0,0.0,0.0,0.0,0.0,0.0,4.0,0.0,0.0
12008580,297.5546264648437,303.1499938964844,285.1499938964844,0.0,-0.0,291.0747375488281,0.0,0.0,9.203298395732418e-05,297.68914794921875,303.1499938964844,285.1499938964844,0.0,-0.0,291.0756530761719,0.0,0.0,9.691528975963593e-05,298.2170104980469,303.1499938964844,285.1499938964844,0.0,-0.0,291.0758972167969,0.0,0.0,7.15813584974967e-05,297.5288391113281,303.1499938964844,285.1499938964844,0.0,-0.0,291.0753173828125,0.0,0.0,9.69152242760174e-05,297.8534240722656,303.1499938964844,285.1499938964844,0.0,-0.0,291.07476806640625,0.0,0.0,0.0004597237857524,291.0492553710937,294.1499938964844,282.34332275390625,281.4271240234375,284.5035400390625,282.60137939453125,290.728271484375,0.0,0.0,0.0,0.0,1.0,1.0,-0.0009806450689211,3.6009124571023676e-09,0.0009806414600461,-0.0084859188646078,0.0,0.0,0.0,-0.0065979408100247,60.0,-5.62776517868042,-0.0,-6.556666676260647e-08,0.0,283.1443786621094,288.5085144042969,285.35308837890625,285.36309814453125,293.1499938964844,293.1499938964844,278.1499938964844,0.0,18000.0,313.1499938964844,0.0,18000.0,0.0,0.0,0.0,0.0,0.0,0.0,0.0,0.0,0.0,-0.0,-0.0,-0.0,-6.544322618950674e-21,-3.272161309475337e-21,-3.272161107526945e-21,0.0,0.0,-0.0,0.0,0.0,0.0,-0.0,0.0,0.0,0.0,0.0,0.0,4.0,0.0,0.0
12008640,297.5546264648437,303.1499938964844,285.1499938964844,0.0,-0.0,291.0747375488281,0.0,0.0,9.203298395732418e-05,297.68914794921875,303.1499938964844,285.1499938964844,0.0,-0.0,291.0756530761719,0.0,0.0,9.691528975963593e-05,298.2170104980469,303.1499938964844,285.1499938964844,0.0,-0.0,291.0758972167969,0.0,0.0,7.15813584974967e-05,297.5288391113281,303.1499938964844,285.1499938964844,0.0,-0.0,291.0753173828125,0.0,0.0,9.69152242760174e-05,297.8534240722656,303.1499938964844,285.1499938964844,0.0,-0.0,291.07476806640625,0.0,0.0,0.0004597237857524,291.0492553710937,294.1499938964844,282.34332275390625,281.4271240234375,284.5035400390625,282.60137939453125,290.728271484375,0.0,0.0,0.0,0.0,1.0,1.0,-0.0009806450689211,3.6009124571023676e-09,0.0009806414600461,-0.0084859188646078,0.0,0.0,0.0,-0.0065979408100247,60.0,-5.62776517868042,-0.0,-6.556666676260647e-08,0.0,283.1443786621094,288.5085144042969,285.35308837890625,285.36309814453125,293.1499938964844,293.1499938964844,278.1499938964844,0.0,18000.0,313.1499938964844,0.0,18000.0,0.0,0.0,0.0,0.0,0.0,0.0,0.0,0.0,0.0,-0.0,-0.0,-0.0,-6.544322618950674e-21,-3.272161309475337e-21,-3.272161107526945e-21,0.0,0.0,-0.0,0.0,0.0,0.0,-0.0,0.0,0.0,0.0,0.0,0.0,4.0,0.0,0.0
12008700,297.5531616210937,303.1499938964844,285.1499938964844,0.0,-0.0,291.0738220214844,0.0,0.0,9.201056673191488e-05,297.6873474121094,303.1499938964844,285.1499938964844,0.0,-0.0,291.07470703125,0.0,0.0,9.68916792771779e-05,298.2149353027344,303.1499938964844,285.1499938964844,0.0,-0.0,291.074951171875,0.0,0.0,7.156392530305311e-05,297.5276184082031,303.1499938964844,285.1499938964844,0.0,-0.0,291.0743713378906,0.0,0.0,9.6891621069517e-05,297.8523254394531,303.1499938964844,285.1499938964844,0.0,-0.0,291.0738525390625,0.0,0.0,0.0004596118233166,291.04815673828125,294.1499938964844,282.32501220703125,281.408447265625,284.4845886230469,282.5841369628906,290.72637939453125,0.0,0.0,0.0,0.0,1.0,1.0,-0.0009804059518501,3.5729526004502077e-09,0.0009804024593904,-0.0084126582369208,0.0,0.0,0.0,-0.0065840799361467,60.0,-5.637454509735107,-0.0,-6.553469944492464e-08,0.0,283.1443786621094,288.5085144042969,285.35308837890625,285.36309814453125,293.1499938964844,293.1499938964844,278.1499938964844,0.0,18000.0,313.1499938964844,0.0,18000.0,0.0,0.0,0.0,0.0,0.0,0.0,0.0,0.0,0.0,-0.0,-0.0,-0.0,-6.544322618950674e-21,-3.272161309475337e-21,-3.272161107526945e-21,0.0,0.0,-0.0,0.0,0.0,0.0,-0.0,0.0,0.0,0.0,0.0,0.0,4.0,0.0,0.0
12008760,297.5517272949219,303.1499938964844,285.1499938964844,0.0,-0.0,291.0729064941406,0.0,0.0,9.198782208841294e-05,297.6855773925781,303.1499938964844,285.1499938964844,0.0,-0.0,291.07379150390625,0.0,0.0,9.6867726824712e-05,298.212890625,303.1499938964844,285.1499938964844,0.0,-0.0,291.07403564453125,0.0,0.0,7.154623017413542e-05,297.5263671875,303.1499938964844,285.1499938964844,0.0,-0.0,291.0734558105469,0.0,0.0,9.686766134109348e-05,297.8512268066406,303.1499938964844,285.1499938964844,0.0,-0.0,291.0729064941406,0.0,0.0,0.0004594981728587,291.04705810546875,294.1499938964844,282.3066711425781,281.38995361328125,284.4656982421875,282.5669860839844,290.7245178222656,0.0,0.0,0.0,0.0,1.0,1.0,-0.0009801633423194,3.544577520386838e-09,0.0009801597334444,-0.0083383107557892,0.0,0.0,0.0,-0.0065700132399797,60.0,-5.647104740142822,-0.0,-6.550225606360982e-08,0.0,283.1443786621094,288.5085144042969,285.35308837890625,285.36309814453125,293.1499938964844,293.1499938964844,278.1499938964844,0.0,18000.0,313.1499938964844,0.0,18000.0,0.0,0.0,0.0,0.0,0.0,0.0,0.0,0.0,0.0,-0.0,-0.0,-0.0,-6.544322618950674e-21,-3.272161309475337e-21,-3.272161107526945e-21,0.0,0.0,-0.0,0.0,0.0,0.0,-0.0,0.0,0.0,0.0,0.0,0.0,4.0,0.0,0.0
12008820,297.548828125,303.1499938964844,285.1499938964844,0.0,-0.0,291.071044921875,0.0,0.0,9.19418962439522e-05,297.6820068359375,303.1499938964844,285.1499938964844,0.0,-0.0,291.0719299316406,0.0,0.0,9.681937081040816e-05,298.20880126953125,303.1499938964844,285.1499938964844,0.0,-0.0,291.0721740722656,0.0,0.0,7.151051249820739e-05,297.5239562988281,303.1499938964844,285.1499938964844,0.0,-0.0,291.07159423828125,0.0,0.0,9.681930532678962e-05,297.8490600585937,303.1499938964844,285.1499938964844,0.0,-0.0,291.0710754394531,0.0,0.0,0.0004592688055709,291.0448608398437,294.1499938964844,282.2699890136719,281.353515625,284.4278869628906,282.5329284667969,290.720703125,0.0,0.0,0.0,0.0,1.0,1.0,-0.0009796734666451,3.487304667260105e-09,0.0009796699741855,-0.0081882439553737,0.0,0.0,0.0,-0.0065416204743087,60.0,-5.6663312911987305,-0.0,-6.543680797221897e-08,0.0,283.1443786621094,288.5085144042969,285.35308837890625,285.36309814453125,293.1499938964844,293.1499938964844,278.1499938964844,0.0,18000.0,313.1499938964844,0.0,18000.0,0.0,0.0,0.0,0.0,0.0,0.0,0.0,0.0,0.0,-0.0,-0.0,-0.0,-6.544322618950674e-21,-3.272161309475337e-21,-3.272161107526945e-21,0.0,0.0,-0.0,0.0,0.0,0.0,-0.0,0.0,0.0,0.0,0.0,0.0,4.0,0.0,0.0
12008880,297.548828125,303.1499938964844,285.1499938964844,0.0,-0.0,291.071044921875,0.0,0.0,9.19418962439522e-05,297.6820068359375,303.1499938964844,285.1499938964844,0.0,-0.0,291.0719299316406,0.0,0.0,9.681937081040816e-05,298.20880126953125,303.1499938964844,285.1499938964844,0.0,-0.0,291.0721740722656,0.0,0.0,7.151051249820739e-05,297.5239562988281,303.1499938964844,285.1499938964844,0.0,-0.0,291.07159423828125,0.0,0.0,9.681930532678962e-05,297.8490600585937,303.1499938964844,285.1499938964844,0.0,-0.0,291.0710754394531,0.0,0.0,0.0004592688055709,291.0448608398437,294.1499938964844,282.2699890136719,281.353515625,284.4278869628906,282.5329284667969,290.720703125,0.0,0.0,0.0,0.0,1.0,1.0,-0.0009796734666451,3.487304667260105e-09,0.0009796699741855,-0.0081882439553737,0.0,0.0,0.0,-0.0065416204743087,60.0,-5.6663312911987305,-0.0,-6.543680797221897e-08,0.0,283.1443786621094,288.5085144042969,285.35308837890625,285.36309814453125,293.1499938964844,293.1499938964844,278.1499938964844,0.0,18000.0,313.1499938964844,0.0,18000.0,0.0,0.0,0.0,0.0,0.0,0.0,0.0,0.0,0.0,-0.0,-0.0,-0.0,-6.544322618950674e-21,-3.272161309475337e-21,-3.272161107526945e-21,0.0,0.0,-0.0,0.0,0.0,0.0,-0.0,0.0,0.0,0.0,0.0,0.0,4.0,0.0,0.0
12008940,297.54595947265625,303.1499938964844,285.1499938964844,0.0,-0.0,291.0691833496094,0.0,0.0,9.189624688588084e-05,297.6784973144531,303.1499938964844,285.1499938964844,0.0,-0.0,291.0700378417969,0.0,0.0,9.677129128249362e-05,298.2047119140625,303.1499938964844,285.1499938964844,0.0,-0.0,291.0702819824219,0.0,0.0,7.147499854909256e-05,297.52154541015625,303.1499938964844,285.1499938964844,0.0,-0.0,291.0697021484375,0.0,0.0,9.677123307483272e-05,297.84686279296875,303.1499938964844,285.1499938964844,0.0,-0.0,291.0691833496094,0.0,0.0,0.0004590407479554,291.04266357421875,294.1499938964844,282.2333374023437,281.3179931640625,284.3901062011719,282.49920654296875,290.7169189453125,0.0,0.0,0.0,0.0,1.0,1.0,-0.0009791865013539,3.4303648810407594e-09,0.0009791831253096,-0.0080390498042106,0.0,0.0,0.0,-0.0065133925527334,60.0,-5.6855082511901855,-0.0,-6.537177199561485e-08,0.0,283.1443786621094,288.5085144042969,285.35308837890625,285.36309814453125,293.1499938964844,293.1499938964844,278.1499938964844,0.0,18000.0,313.1499938964844,0.0,18000.0,0.0,0.0,0.0,0.0,0.0,0.0,0.0,0.0,0.0,-0.0,-0.0,-0.0,-6.544322618950674e-21,-3.272161309475337e-21,-3.272161107526945e-21,0.0,0.0,-0.0,0.0,0.0,0.0,-0.0,0.0,0.0,0.0,0.0,0.0,4.0,0.0,0.0
12009000,297.54595947265625,303.1499938964844,285.1499938964844,0.0,-0.0,291.0691833496094,0.0,0.0,9.189624688588084e-05,297.6784973144531,303.1499938964844,285.1499938964844,0.0,-0.0,291.0700378417969,0.0,0.0,9.677129128249362e-05,298.2047119140625,303.1499938964844,285.1499938964844,0.0,-0.0,291.0702819824219,0.0,0.0,7.147499854909256e-05,297.52154541015625,303.1499938964844,285.1499938964844,0.0,-0.0,291.0697021484375,0.0,0.0,9.677123307483272e-05,297.84686279296875,303.1499938964844,285.1499938964844,0.0,-0.0,291.0691833496094,0.0,0.0,0.0004590407479554,291.04266357421875,294.1499938964844,282.2333374023437,281.3179931640625,284.3901062011719,282.49920654296875,290.7169189453125,0.0,0.0,0.0,0.0,1.0,1.0,-0.0009791865013539,3.4303648810407594e-09,0.0009791831253096,-0.0080390498042106,0.0,0.0,0.0,-0.0065133925527334,60.0,-5.6855082511901855,-0.0,-6.537177199561485e-08,0.0,283.1443786621094,288.5085144042969,285.35308837890625,285.36309814453125,293.1499938964844,293.1499938964844,278.1499938964844,0.0,18000.0,313.1499938964844,0.0,18000.0,0.0,0.0,0.0,0.0,0.0,0.0,0.0,0.0,0.0,-0.0,-0.0,-0.0,-6.544322618950674e-21,-3.272161309475337e-21,-3.272161107526945e-21,0.0,0.0,-0.0,0.0,0.0,0.0,-0.0,0.0,0.0,0.0,0.0,0.0,4.0,0.0,0.0
12009060,297.5430908203125,303.1499938964844,285.1499938964844,0.0,-0.0,291.0672912597656,0.0,0.0,9.185177623294294e-05,297.67498779296875,303.1499938964844,285.1499938964844,0.0,-0.0,291.0681457519531,0.0,0.0,9.672445594333112e-05,298.2006225585937,303.1499938964844,285.1499938964844,0.0,-0.0,291.0683898925781,0.0,0.0,7.144040864659473e-05,297.5191345214844,303.1499938964844,285.1499938964844,0.0,-0.0,291.0678405761719,0.0,0.0,9.67243977356702e-05,297.8447265625,303.1499938964844,285.1499938964844,0.0,-0.0,291.0673217773437,0.0,0.0,0.0004588185984175,291.0404357910156,294.1499938964844,282.1966552734375,281.2834167480469,284.3523864746094,282.4658203125,290.71307373046875,0.0,0.0,0.0,0.0,1.0,1.0,-0.0009787122253328,3.3748961403290423e-09,0.0009787088492885,-0.0078937094658613,0.0,0.0,0.0,-0.0064858943223953,60.0,-5.704698085784912,-0.0,-6.53084484270039e-08,0.0,283.1443786621094,288.5085144042969,285.35308837890625,285.36309814453125,293.1499938964844,293.1499938964844,278.1499938964844,0.0,18000.0,313.1499938964844,0.0,18000.0,0.0,0.0,0.0,0.0,0.0,0.0,0.0,0.0,0.0,-0.0,-0.0,-0.0,-6.544322618950674e-21,-3.272161309475337e-21,-3.272161107526945e-21,0.0,0.0,-0.0,0.0,0.0,0.0,-0.0,0.0,0.0,0.0,0.0,0.0,4.0,0.0,0.0
12009120,297.5430908203125,303.1499938964844,285.1499938964844,0.0,-0.0,291.0672912597656,0.0,0.0,9.185177623294294e-05,297.67498779296875,303.1499938964844,285.1499938964844,0.0,-0.0,291.0681457519531,0.0,0.0,9.672445594333112e-05,298.2006225585937,303.1499938964844,285.1499938964844,0.0,-0.0,291.0683898925781,0.0,0.0,7.144040864659473e-05,297.5191345214844,303.1499938964844,285.1499938964844,0.0,-0.0,291.0678405761719,0.0,0.0,9.67243977356702e-05,297.8447265625,303.1499938964844,285.1499938964844,0.0,-0.0,291.0673217773437,0.0,0.0,0.0004588185984175,291.0404357910156,294.1499938964844,282.1966552734375,281.2834167480469,284.3523864746094,282.4658203125,290.71307373046875,0.0,0.0,0.0,0.0,1.0,1.0,-0.0009787122253328,3.3748961403290423e-09,0.0009787088492885,-0.0078937094658613,0.0,0.0,0.0,-0.0064858943223953,60.0,-5.704698085784912,-0.0,-6.53084484270039e-08,0.0,283.1443786621094,288.5085144042969,285.35308837890625,285.36309814453125,293.1499938964844,293.1499938964844,278.1499938964844,0.0,18000.0,313.1499938964844,0.0,18000.0,0.0,0.0,0.0,0.0,0.0,0.0,0.0,0.0,0.0,-0.0,-0.0,-0.0,-6.544322618950674e-21,-3.272161309475337e-21,-3.272161107526945e-21,0.0,0.0,-0.0,0.0,0.0,0.0,-0.0,0.0,0.0,0.0,0.0,0.0,4.0,0.0,0.0
12009180,297.5401916503906,303.1499938964844,285.1499938964844,0.0,-0.0,291.0653991699219,0.0,0.0,9.180921915685758e-05,297.6714782714844,303.1499938964844,285.1499938964844,0.0,-0.0,291.0662536621094,0.0,0.0,9.667964332038537e-05,298.196533203125,303.1499938964844,285.1499938964844,0.0,-0.0,291.0664978027344,0.0,0.0,7.140731031540781e-05,297.5166931152344,303.1499938964844,285.1499938964844,0.0,-0.0,291.0659484863281,0.0,0.0,9.667958511272444e-05,297.84259033203125,303.1499938964844,285.1499938964844,0.0,-0.0,291.0654296875,0.0,0.0,0.0004586060240399,291.0382080078125,294.1499938964844,282.1600036621094,281.2499389648437,284.314697265625,282.43267822265625,290.709228515625,0.0,0.0,0.0,0.0,1.0,1.0,-0.0009782582055777,3.3218161554771086e-09,0.0009782548295333,-0.0077546280808746,0.0,0.0,0.0,-0.0064595802687108,60.0,-5.723954677581787,-0.0,-6.524787465878036e-08,0.0,283.1443786621094,288.5085144042969,285.35308837890625,285.36309814453125,293.1499938964844,293.1499938964844,278.1499938964844,0.0,18000.0,313.1499938964844,0.0,18000.0,0.0,0.0,0.0,0.0,0.0,0.0,0.0,0.0,0.0,-0.0,-0.0,-0.0,-6.544322618950674e-21,-3.272161309475337e-21,-3.272161107526945e-21,0.0,0.0,-0.0,0.0,0.0,0.0,-0.0,0.0,0.0,0.0,0.0,0.0,4.0,0.0,0.0
12009240,297.5401916503906,303.1499938964844,285.1499938964844,0.0,-0.0,291.0653991699219,0.0,0.0,9.180921915685758e-05,297.6714782714844,303.1499938964844,285.1499938964844,0.0,-0.0,291.0662536621094,0.0,0.0,9.667964332038537e-05,298.196533203125,303.1499938964844,285.1499938964844,0.0,-0.0,291.0664978027344,0.0,0.0,7.140731031540781e-05,297.5166931152344,303.1499938964844,285.1499938964844,0.0,-0.0,291.0659484863281,0.0,0.0,9.667958511272444e-05,297.84259033203125,303.1499938964844,285.1499938964844,0.0,-0.0,291.0654296875,0.0,0.0,0.0004586060240399,291.0382080078125,294.1499938964844,282.1600036621094,281.2499389648437,284.314697265625,282.43267822265625,290.709228515625,0.0,0.0,0.0,0.0,1.0,1.0,-0.0009782582055777,3.3218161554771086e-09,0.0009782548295333,-0.0077546280808746,0.0,0.0,0.0,-0.0064595802687108,60.0,-5.723954677581787,-0.0,-6.524787465878036e-08,0.0,283.1443786621094,288.5085144042969,285.35308837890625,285.36309814453125,293.1499938964844,293.1499938964844,278.1499938964844,0.0,18000.0,313.1499938964844,0.0,18000.0,0.0,0.0,0.0,0.0,0.0,0.0,0.0,0.0,0.0,-0.0,-0.0,-0.0,-6.544322618950674e-21,-3.272161309475337e-21,-3.272161107526945e-21,0.0,0.0,-0.0,0.0,0.0,0.0,-0.0,0.0,0.0,0.0,0.0,0.0,4.0,0.0,0.0
12009300,297.53875732421875,303.1499938964844,285.1499938964844,0.0,-0.0,291.064453125,0.0,0.0,9.178883919958024e-05,297.66973876953125,303.1499938964844,285.1499938964844,0.0,-0.0,291.0653076171875,0.0,0.0,9.665818652138114e-05,298.1944885253906,303.1499938964844,285.1499938964844,0.0,-0.0,291.0655212402344,0.0,0.0,7.139146327972412e-05,297.5154724121094,303.1499938964844,285.1499938964844,0.0,-0.0,291.0649719238281,0.0,0.0,9.665812831372024e-05,297.8415222167969,303.1499938964844,285.1499938964844,0.0,-0.0,291.0644836425781,0.0,0.0,0.0004585042479448,291.037109375,294.1499938964844,282.14166259765625,281.233642578125,284.2958679199219,282.41619873046875,290.7073059082031,0.0,0.0,0.0,0.0,1.0,1.0,-0.0009780408581718,3.296401818175808e-09,0.0009780375985428,-0.0076880357228219,0.0,0.0,0.0,-0.0064469813369214,60.0,-5.733622550964356,-0.0,-6.521888451516136e-08,0.0,283.1443786621094,288.5085144042969,285.35308837890625,285.36309814453125,293.1499938964844,293.1499938964844,278.1499938964844,0.0,18000.0,313.1499938964844,0.0,18000.0,0.0,0.0,0.0,0.0,0.0,0.0,0.0,0.0,0.0,-0.0,-0.0,-0.0,-6.544322618950674e-21,-3.272161309475337e-21,-3.272161107526945e-21,0.0,0.0,-0.0,0.0,0.0,0.0,-0.0,0.0,0.0,0.0,0.0,0.0,4.0,0.0,0.0
12009360,297.53729248046875,303.1499938964844,285.1499938964844,0.0,-0.0,291.0635070800781,0.0,0.0,9.176915045827629e-05,297.6679992675781,303.1499938964844,285.1499938964844,0.0,-0.0,291.0643310546875,0.0,0.0,9.663745004218072e-05,298.1924743652344,303.1499938964844,285.1499938964844,0.0,-0.0,291.0645751953125,0.0,0.0,7.137614738894626e-05,297.5142517089844,303.1499938964844,285.1499938964844,0.0,-0.0,291.06402587890625,0.0,0.0,9.66373918345198e-05,297.8404541015625,303.1499938964844,285.1499938964844,0.0,-0.0,291.0635070800781,0.0,0.0,0.0004584058769978,291.0359802246094,294.1499938964844,282.1233215332031,281.2176513671875,284.27703857421875,282.3997802734375,290.70538330078125,0.0,0.0,0.0,0.0,1.0,1.0,-0.0009778307285159,3.271839688068212e-09,0.0009778274688869,-0.0076236776076257,0.0,0.0,0.0,-0.0064348047599196,60.0,-5.743322372436523,-0.0,-6.519087492051767e-08,0.0,283.1443786621094,288.5085144042969,285.35308837890625,285.36309814453125,293.1499938964844,293.1499938964844,278.1499938964844,0.0,18000.0,313.1499938964844,0.0,18000.0,0.0,0.0,0.0,0.0,0.0,0.0,0.0,0.0,0.0,-0.0,-0.0,-0.0,-6.544322618950674e-21,-3.272161309475337e-21,-3.272161107526945e-21,0.0,0.0,-0.0,0.0,0.0,0.0,-0.0,0.0,0.0,0.0,0.0,0.0,4.0,0.0,0.0
12009420,297.53436279296875,303.1499938964844,285.1499938964844,0.0,-0.0,291.06158447265625,0.0,0.0,9.17319775908254e-05,297.6644897460937,303.1499938964844,285.1499938964844,0.0,-0.0,291.0624084472656,0.0,0.0,9.65983053902164e-05,298.1883850097656,303.1499938964844,285.1499938964844,0.0,-0.0,291.0626525878906,0.0,0.0,7.13472327333875e-05,297.5117492675781,303.1499938964844,285.1499938964844,0.0,-0.0,291.0621032714844,0.0,0.0,9.65982471825555e-05,297.8383178710937,303.1499938964844,285.1499938964844,0.0,-0.0,291.0616149902344,0.0,0.0,0.0004582201945595,291.0337219238281,294.1499938964844,282.086669921875,281.1866455078125,284.2394104003906,282.3670349121094,290.7015075683594,0.0,0.0,0.0,0.0,1.0,1.0,-0.0009774342179298,3.225469225043298e-09,0.0009774309583008,-0.0075021754018962,0.0,0.0,0.0,-0.0064118164591491,60.0,-5.762828350067139,-0.0,-6.513800343554976e-08,0.0,283.1443786621094,288.5085144042969,285.35308837890625,285.36309814453125,293.1499938964844,293.1499938964844,278.1499938964844,0.0,18000.0,313.1499938964844,0.0,18000.0,0.0,0.0,0.0,0.0,0.0,0.0,0.0,0.0,0.0,-0.0,-0.0,-0.0,-6.544322618950674e-21,-3.272161309475337e-21,-3.272161107526945e-21,0.0,0.0,-0.0,0.0,0.0,0.0,-0.0,0.0,0.0,0.0,0.0,0.0,4.0,0.0,0.0
12009480,297.53436279296875,303.1499938964844,285.1499938964844,0.0,-0.0,291.06158447265625,0.0,0.0,9.17319775908254e-05,297.6644897460937,303.1499938964844,285.1499938964844,0.0,-0.0,291.0624084472656,0.0,0.0,9.65983053902164e-05,298.1883850097656,303.1499938964844,285.1499938964844,0.0,-0.0,291.0626525878906,0.0,0.0,7.13472327333875e-05,297.5117492675781,303.1499938964844,285.1499938964844,0.0,-0.0,291.0621032714844,0.0,0.0,9.65982471825555e-05,297.8383178710937,303.1499938964844,285.1499938964844,0.0,-0.0,291.0616149902344,0.0,0.0,0.0004582201945595,291.0337219238281,294.1499938964844,282.086669921875,281.1866455078125,284.2394104003906,282.3670349121094,290.7015075683594,0.0,0.0,0.0,0.0,1.0,1.0,-0.0009774342179298,3.225469225043298e-09,0.0009774309583008,-0.0075021754018962,0.0,0.0,0.0,-0.0064118164591491,60.0,-5.762828350067139,-0.0,-6.513800343554976e-08,0.0,283.1443786621094,288.5085144042969,285.35308837890625,285.36309814453125,293.1499938964844,293.1499938964844,278.1499938964844,0.0,18000.0,313.1499938964844,0.0,18000.0,0.0,0.0,0.0,0.0,0.0,0.0,0.0,0.0,0.0,-0.0,-0.0,-0.0,-6.544322618950674e-21,-3.272161309475337e-21,-3.272161107526945e-21,0.0,0.0,-0.0,0.0,0.0,0.0,-0.0,0.0,0.0,0.0,0.0,0.0,4.0,0.0,0.0
12009540,297.5314025878906,303.1499938964844,285.1499938964844,0.0,-0.0,291.0596618652344,0.0,0.0,9.169824625132604e-05,297.6609802246094,303.1499938964844,285.1499938964844,0.0,-0.0,291.0604858398437,0.0,0.0,9.656277688918637e-05,298.184326171875,303.1499938964844,285.1499938964844,0.0,-0.0,291.0606994628906,0.0,0.0,7.132098835427314e-05,297.5091857910156,303.1499938964844,285.1499938964844,0.0,-0.0,291.0601806640625,0.0,0.0,9.656272595748304e-05,297.836181640625,303.1499938964844,285.1499938964844,0.0,-0.0,291.0596923828125,0.0,0.0,0.0004580516833811,291.0314636230469,294.1499938964844,282.04998779296875,281.1570129394531,284.20184326171875,282.3343811035156,290.6976318359375,0.0,0.0,0.0,0.0,1.0,1.0,-0.0009770742617547,3.183383556759622e-09,0.000977071118541,-0.007391900755465,0.0,0.0,0.0,-0.0063909529708325,60.0,-5.782510757446289,-0.0,-6.509004180088597e-08,0.0,283.1443786621094,288.5085144042969,285.35308837890625,285.36309814453125,293.1499938964844,293.1499938964844,278.1499938964844,0.0,18000.0,313.1499938964844,0.0,18000.0,0.0,0.0,0.0,0.0,0.0,0.0,0.0,0.0,0.0,-0.0,-0.0,-0.0,-6.544322618950674e-21,-3.272161309475337e-21,-3.272161107526945e-21,0.0,0.0,-0.0,0.0,0.0,0.0,-0.0,0.0,0.0,0.0,0.0,0.0,4.0,0.0,0.0
12009600,297.5314025878906,303.1499938964844,285.1499938964844,0.0,-0.0,291.0596618652344,0.0,0.0,9.169824625132604e-05,297.6609802246094,303.1499938964844,285.1499938964844,0.0,-0.0,291.0604858398437,0.0,0.0,9.656277688918637e-05,298.184326171875,303.1499938964844,285.1499938964844,0.0,-0.0,291.0606994628906,0.0,0.0,7.132098835427314e-05,297.5091857910156,303.1499938964844,285.1499938964844,0.0,-0.0,291.0601806640625,0.0,0.0,9.656272595748304e-05,297.836181640625,303.1499938964844,285.1499938964844,0.0,-0.0,291.0596923828125,0.0,0.0,0.0004580516833811,291.0314636230469,294.1499938964844,282.04998779296875,281.1570129394531,284.20184326171875,282.3343811035156,290.6976318359375,0.0,0.0,0.0,0.0,1.0,1.0,-0.0009770742617547,3.183383556759622e-09,0.000977071118541,-0.007391900755465,0.0,0.0,0.0,-0.0063909529708325,60.0,-5.782510757446289,-0.0,-6.509004180088597e-08,0.0,283.1443786621094,288.5085144042969,285.35308837890625,285.36309814453125,293.1499938964844,293.1499938964844,278.1499938964844,0.0,18000.0,313.1499938964844,0.0,18000.0,0.0,0.0,0.0,0.0,0.0,0.0,0.0,0.0,0.0,-0.0,-0.0,-0.0,-6.544322618950674e-21,-3.272161309475337e-21,-3.272161107526945e-21,0.0,0.0,-0.0,0.0,0.0,0.0,-0.0,0.0,0.0,0.0,0.0,0.0,4.0,0.0,0.0
12009660,297.5284118652344,303.1499938964844,285.1499938964844,0.0,-0.0,291.0577087402344,0.0,0.0,9.167459938907996e-05,297.657470703125,303.1499938964844,285.1499938964844,0.0,-0.0,291.0585327148437,0.0,0.0,9.653787856223062e-05,298.1802978515625,303.1499938964844,285.1499938964844,0.0,-0.0,291.0587463378906,0.0,0.0,7.130259473342448e-05,297.5065612792969,303.1499938964844,285.1499938964844,0.0,-0.0,291.0582275390625,0.0,0.0,9.65378203545697e-05,297.8341064453125,303.1499938964844,285.1499938964844,0.0,-0.0,291.0577392578125,0.0,0.0,0.0004579335800372,291.0292053222656,294.1499938964844,282.0133361816406,281.1287536621094,284.1642761230469,282.3017578125,290.6937255859375,0.0,0.0,0.0,0.0,1.0,1.0,-0.0009768217569217,3.153866279248518e-09,0.000976818613708,-0.0073145576752722,0.0,0.0,0.0,-0.0063763195648789,60.0,-5.8025431632995605,-0.0,-6.505641181320243e-08,0.0,283.1443786621094,288.5085144042969,285.35308837890625,285.36309814453125,293.1499938964844,293.1499938964844,278.1499938964844,0.0,18000.0,313.1499938964844,0.0,18000.0,0.0,0.0,0.0,0.0,0.0,0.0,0.0,0.0,0.0,-0.0,-0.0,-0.0,-6.544322618950674e-21,-3.272161309475337e-21,-3.272161107526945e-21,0.0,0.0,-0.0,0.0,0.0,0.0,-0.0,0.0,0.0,0.0,0.0,0.0,4.0,0.0,0.0
12009720,297.5284118652344,303.1499938964844,285.1499938964844,0.0,-0.0,291.0577087402344,0.0,0.0,9.167459938907996e-05,297.657470703125,303.1499938964844,285.1499938964844,0.0,-0.0,291.0585327148437,0.0,0.0,9.653787856223062e-05,298.1802978515625,303.1499938964844,285.1499938964844,0.0,-0.0,291.0587463378906,0.0,0.0,7.130259473342448e-05,297.5065612792969,303.1499938964844,285.1499938964844,0.0,-0.0,291.0582275390625,0.0,0.0,9.65378203545697e-05,297.8341064453125,303.1499938964844,285.1499938964844,0.0,-0.0,291.0577392578125,0.0,0.0,0.0004579335800372,291.0292053222656,294.1499938964844,282.0133361816406,281.1287536621094,284.1642761230469,282.3017578125,290.6937255859375,0.0,0.0,0.0,0.0,1.0,1.0,-0.0009768217569217,3.153866279248518e-09,0.000976818613708,-0.0073145576752722,0.0,0.0,0.0,-0.0063763195648789,60.0,-5.8025431632995605,-0.0,-6.505641181320243e-08,0.0,283.1443786621094,288.5085144042969,285.35308837890625,285.36309814453125,293.1499938964844,293.1499938964844,278.1499938964844,0.0,18000.0,313.1499938964844,0.0,18000.0,0.0,0.0,0.0,0.0,0.0,0.0,0.0,0.0,0.0,-0.0,-0.0,-0.0,-6.544322618950674e-21,-3.272161309475337e-21,-3.272161107526945e-21,0.0,0.0,-0.0,0.0,0.0,0.0,-0.0,0.0,0.0,0.0,0.0,0.0,4.0,0.0,0.0
12009780,297.5253601074219,303.1499938964844,285.1499938964844,0.0,-0.0,291.0557556152344,0.0,0.0,9.166780364466832e-05,297.65399169921875,303.1499938964844,285.1499938964844,0.0,-0.0,291.0565795898437,0.0,0.0,9.653072629589587e-05,298.17633056640625,303.1499938964844,285.1499938964844,0.0,-0.0,291.0567932128906,0.0,0.0,7.129731238819659e-05,297.50372314453125,303.1499938964844,285.1499938964844,0.0,-0.0,291.0562744140625,0.0,0.0,9.653066808823496e-05,297.83209228515625,303.1499938964844,285.1499938964844,0.0,-0.0,291.0557861328125,0.0,0.0,0.0004578996449708,291.02691650390625,294.1499938964844,281.9766540527344,281.1016845703125,284.1267395019531,282.2689514160156,290.6898193359375,0.0,0.0,0.0,0.0,1.0,1.0,-0.0009767488809302,3.1453482041143843e-09,0.0009767457377165,-0.0072922385297715,0.0,0.0,0.0,-0.0063720964826643,60.0,-5.823447227478027,-0.0,-6.50467129048593e-08,0.0,283.1443786621094,288.5085144042969,285.35308837890625,285.36309814453125,293.1499938964844,293.1499938964844,278.1499938964844,0.0,18000.0,313.1499938964844,0.0,18000.0,0.0,0.0,0.0,0.0,0.0,0.0,0.0,0.0,0.0,-0.0,-0.0,-0.0,-6.544322618950674e-21,-3.272161309475337e-21,-3.272161107526945e-21,0.0,0.0,-0.0,0.0,0.0,0.0,-0.0,0.0,0.0,0.0,0.0,0.0,4.0,0.0,0.0
12009840,297.5253601074219,303.1499938964844,285.1499938964844,0.0,-0.0,291.0557556152344,0.0,0.0,9.166780364466832e-05,297.65399169921875,303.1499938964844,285.1499938964844,0.0,-0.0,291.0565795898437,0.0,0.0,9.653072629589587e-05,298.17633056640625,303.1499938964844,285.1499938964844,0.0,-0.0,291.0567932128906,0.0,0.0,7.129731238819659e-05,297.50372314453125,303.1499938964844,285.1499938964844,0.0,-0.0,291.0562744140625,0.0,0.0,9.653066808823496e-05,297.83209228515625,303.1499938964844,285.1499938964844,0.0,-0.0,291.0557861328125,0.0,0.0,0.0004578996449708,291.02691650390625,294.1499938964844,281.9766540527344,281.1016845703125,284.1267395019531,282.2689514160156,290.6898193359375,0.0,0.0,0.0,0.0,1.0,1.0,-0.0009767488809302,3.1453482041143843e-09,0.0009767457377165,-0.0072922385297715,0.0,0.0,0.0,-0.0063720964826643,60.0,-5.823447227478027,-0.0,-6.50467129048593e-08,0.0,283.1443786621094,288.5085144042969,285.35308837890625,285.36309814453125,293.1499938964844,293.1499938964844,278.1499938964844,0.0,18000.0,313.1499938964844,0.0,18000.0,0.0,0.0,0.0,0.0,0.0,0.0,0.0,0.0,0.0,-0.0,-0.0,-0.0,-6.544322618950674e-21,-3.272161309475337e-21,-3.272161107526945e-21,0.0,0.0,-0.0,0.0,0.0,0.0,-0.0,0.0,0.0,0.0,0.0,0.0,4.0,0.0,0.0
12009900,297.5238037109375,303.1499938964844,285.1499938964844,0.0,-0.0,291.0547790527344,0.0,0.0,9.167028474621476e-05,297.6522521972656,303.1499938964844,285.1499938964844,0.0,-0.0,291.0555725097656,0.0,0.0,9.653333108872177e-05,298.17437744140625,303.1499938964844,285.1499938964844,0.0,-0.0,291.0557861328125,0.0,0.0,7.129924051696435e-05,297.502197265625,303.1499938964844,285.1499938964844,0.0,-0.0,291.0552978515625,0.0,0.0,9.653328015701844e-05,297.8310852050781,303.1499938964844,285.1499938964844,0.0,-0.0,291.0548095703125,0.0,0.0,0.0004579120432026,291.0257568359375,294.1499938964844,281.9583435058594,281.08856201171875,284.10797119140625,282.2523803710937,290.6878662109375,0.0,0.0,0.0,0.0,1.0,1.0,-0.0009767750743776,3.14841108739472e-09,0.0009767719311639,-0.007300263736397,0.0,0.0,0.0,-0.0063736150041222,60.0,-5.834277153015137,-0.0,-6.50502016696919e-08,0.0,283.1443786621094,288.5085144042969,285.35308837890625,285.36309814453125,293.1499938964844,293.1499938964844,278.1499938964844,0.0,18000.0,313.1499938964844,0.0,18000.0,0.0,0.0,0.0,0.0,0.0,0.0,0.0,0.0,0.0,-0.0,-0.0,-0.0,-6.544322618950674e-21,-3.272161309475337e-21,-3.272161107526945e-21,0.0,0.0,-0.0,0.0,0.0,0.0,-0.0,0.0,0.0,0.0,0.0,0.0,4.0,0.0,0.0
12009960,297.5221862792969,303.1499938964844,285.1499938964844,0.0,-0.0,291.0538024902344,0.0,0.0,9.167649841401726e-05,297.6504821777344,303.1499938964844,285.1499938964844,0.0,-0.0,291.0545959472656,0.0,0.0,9.65398721746169e-05,298.17242431640625,303.1499938964844,285.1499938964844,0.0,-0.0,291.0548095703125,0.0,0.0,7.130407175282016e-05,297.5005798339844,303.1499938964844,285.1499938964844,0.0,-0.0,291.0542907714844,0.0,0.0,9.65398212429136e-05,297.830078125,303.1499938964844,285.1499938964844,0.0,-0.0,291.0538330078125,0.0,0.0,0.0004579430387821,291.02459716796875,294.1499938964844,281.94000244140625,281.07568359375,284.0892028808594,282.2356872558594,290.6858825683594,0.0,0.0,0.0,0.0,1.0,1.0,-0.0009768409654498,3.156119809943902e-09,0.0009768378222361,-0.0073204631917178,0.0,0.0,0.0,-0.0063774362206459,60.0,-5.845351696014404,-0.0,-6.505897687247852e-08,0.0,283.1443786621094,288.5085144042969,285.35308837890625,285.36309814453125,293.1499938964844,293.1499938964844,278.1499938964844,0.0,18000.0,313.1499938964844,0.0,18000.0,0.0,0.0,0.0,0.0,0.0,0.0,0.0,0.0,0.0,-0.0,-0.0,-0.0,-6.544322618950674e-21,-3.272161309475337e-21,-3.272161107526945e-21,0.0,0.0,-0.0,0.0,0.0,0.0,-0.0,0.0,0.0,0.0,0.0,0.0,4.0,0.0,0.0
12010020,297.5188293457031,303.1499938964844,285.1499938964844,0.0,-0.0,291.05181884765625,0.0,0.0,9.169958502752706e-05,297.6468811035156,303.1499938964844,285.1499938964844,0.0,-0.0,291.0526123046875,0.0,0.0,9.65641884249635e-05,298.1684875488281,303.1499938964844,285.1499938964844,0.0,-0.0,291.0528259277344,0.0,0.0,7.132202881621197e-05,297.4970703125,303.1499938964844,285.1499938964844,0.0,-0.0,291.05230712890625,0.0,0.0,9.65641302173026e-05,297.8280639648437,303.1499938964844,285.1499938964844,0.0,-0.0,291.0518493652344,0.0,0.0,0.0004580583772622,291.0223083496094,294.1499938964844,281.9033203125,281.0506591796875,284.0516662597656,282.2018127441406,290.68194580078125,0.0,0.0,0.0,0.0,1.0,1.0,-0.0009770864853635,3.184833285985178e-09,0.0009770833421498,-0.0073956996202468,0.0,0.0,0.0,-0.0063916705548763,60.0,-5.868204116821289,-0.0,-6.509169736546029e-08,0.0,283.1443786621094,288.5085144042969,285.35308837890625,285.36309814453125,293.1499938964844,293.1499938964844,278.1499938964844,0.0,18000.0,313.1499938964844,0.0,18000.0,0.0,0.0,0.0,0.0,0.0,0.0,0.0,0.0,0.0,-0.0,-0.0,-0.0,-6.544322618950674e-21,-3.272161309475337e-21,-3.272161107526945e-21,0.0,0.0,-0.0,0.0,0.0,0.0,-0.0,0.0,0.0,0.0,0.0,0.0,4.0,0.0,0.0
12010080,297.5188293457031,303.1499938964844,285.1499938964844,0.0,-0.0,291.05181884765625,0.0,0.0,9.169958502752706e-05,297.6468811035156,303.1499938964844,285.1499938964844,0.0,-0.0,291.0526123046875,0.0,0.0,9.65641884249635e-05,298.1684875488281,303.1499938964844,285.1499938964844,0.0,-0.0,291.0528259277344,0.0,0.0,7.132202881621197e-05,297.4970703125,303.1499938964844,285.1499938964844,0.0,-0.0,291.05230712890625,0.0,0.0,9.65641302173026e-05,297.8280639648437,303.1499938964844,285.1499938964844,0.0,-0.0,291.0518493652344,0.0,0.0,0.0004580583772622,291.0223083496094,294.1499938964844,281.9033203125,281.0506591796875,284.0516662597656,282.2018127441406,290.68194580078125,0.0,0.0,0.0,0.0,1.0,1.0,-0.0009770864853635,3.184833285985178e-09,0.0009770833421498,-0.0073956996202468,0.0,0.0,0.0,-0.0063916705548763,60.0,-5.868204116821289,-0.0,-6.509169736546029e-08,0.0,283.1443786621094,288.5085144042969,285.35308837890625,285.36309814453125,293.1499938964844,293.1499938964844,278.1499938964844,0.0,18000.0,313.1499938964844,0.0,18000.0,0.0,0.0,0.0,0.0,0.0,0.0,0.0,0.0,0.0,-0.0,-0.0,-0.0,-6.544322618950674e-21,-3.272161309475337e-21,-3.272161107526945e-21,0.0,0.0,-0.0,0.0,0.0,0.0,-0.0,0.0,0.0,0.0,0.0,0.0,4.0,0.0,0.0
12010140,297.5152587890625,303.1499938964844,285.1499938964844,0.0,-0.0,291.0498352050781,0.0,0.0,9.17360812309198e-05,297.6432189941406,303.1499938964844,285.1499938964844,0.0,-0.0,291.05059814453125,0.0,0.0,9.6602612757124e-05,298.16455078125,303.1499938964844,285.1499938964844,0.0,-0.0,291.0508117675781,0.0,0.0,7.13504123268649e-05,297.4931640625,303.1499938964844,285.1499938964844,0.0,-0.0,291.0503234863281,0.0,0.0,9.660256182542072e-05,297.8260192871094,303.1499938964844,285.1499938964844,0.0,-0.0,291.04986572265625,0.0,0.0,0.0004582406836561,291.0199890136719,294.1499938964844,281.8666687011719,281.0265197753906,284.01416015625,282.1671447753906,290.677978515625,0.0,0.0,0.0,0.0,1.0,1.0,-0.0009774748468771,3.2302491792535193e-09,0.0009774715872481,-0.0075147007592022,0.0,0.0,0.0,-0.0064141852781176,60.0,-5.891958236694336,-0.0,-6.514345329833304e-08,0.0,283.1443786621094,288.5085144042969,285.35308837890625,285.36309814453125,293.1499938964844,293.1499938964844,278.1499938964844,0.0,18000.0,313.1499938964844,0.0,18000.0,0.0,0.0,0.0,0.0,0.0,0.0,0.0,0.0,0.0,-0.0,-0.0,-0.0,-6.544322618950674e-21,-3.272161309475337e-21,-3.272161107526945e-21,0.0,0.0,-0.0,0.0,0.0,0.0,-0.0,0.0,0.0,0.0,0.0,0.0,4.0,0.0,0.0
12010200,297.5152587890625,303.1499938964844,285.1499938964844,0.0,-0.0,291.0498352050781,0.0,0.0,9.17360812309198e-05,297.6432189941406,303.1499938964844,285.1499938964844,0.0,-0.0,291.05059814453125,0.0,0.0,9.6602612757124e-05,298.16455078125,303.1499938964844,285.1499938964844,0.0,-0.0,291.0508117675781,0.0,0.0,7.13504123268649e-05,297.4931640625,303.1499938964844,285.1499938964844,0.0,-0.0,291.0503234863281,0.0,0.0,9.660256182542072e-05,297.8260192871094,303.1499938964844,285.1499938964844,0.0,-0.0,291.04986572265625,0.0,0.0,0.0004582406836561,291.0199890136719,294.1499938964844,281.8666687011719,281.0265197753906,284.01416015625,282.1671447753906,290.677978515625,0.0,0.0,0.0,0.0,1.0,1.0,-0.0009774748468771,3.2302491792535193e-09,0.0009774715872481,-0.0075147007592022,0.0,0.0,0.0,-0.0064141852781176,60.0,-5.891958236694336,-0.0,-6.514345329833304e-08,0.0,283.1443786621094,288.5085144042969,285.35308837890625,285.36309814453125,293.1499938964844,293.1499938964844,278.1499938964844,0.0,18000.0,313.1499938964844,0.0,18000.0,0.0,0.0,0.0,0.0,0.0,0.0,0.0,0.0,0.0,-0.0,-0.0,-0.0,-6.544322618950674e-21,-3.272161309475337e-21,-3.272161107526945e-21,0.0,0.0,-0.0,0.0,0.0,0.0,-0.0,0.0,0.0,0.0,0.0,0.0,4.0,0.0,0.0
12010260,297.5115051269531,303.1499938964844,285.1499938964844,0.0,-0.0,291.0478210449219,0.0,0.0,9.178504842566326e-05,297.6394348144531,303.1499938964844,285.1499938964844,0.0,-0.0,291.0486145019531,0.0,0.0,9.665417746873572e-05,298.1605834960937,303.1499938964844,285.1499938964844,0.0,-0.0,291.0487976074219,0.0,0.0,7.138849468901753e-05,297.48883056640625,303.1499938964844,285.1499938964844,0.0,-0.0,291.0483093261719,0.0,0.0,9.665412653703244e-05,297.82391357421875,303.1499938964844,285.1499938964844,0.0,-0.0,291.0478515625,0.0,0.0,0.0004584853013511,291.01763916015625,294.1499938964844,281.8299865722656,281.00311279296875,283.9766540527344,282.13153076171875,290.67401123046875,0.0,0.0,0.0,0.0,1.0,1.0,-0.0009779961546882,3.291208194866612e-09,0.0009779928950592,-0.0076744277030229,0.0,0.0,0.0,-0.0064444048330187,60.0,-5.916556358337402,-0.0,-6.52129585887451e-08,0.0,283.1443786621094,288.5085144042969,285.35308837890625,285.36309814453125,293.1499938964844,293.1499938964844,278.1499938964844,0.0,18000.0,313.1499938964844,0.0,18000.0,0.0,0.0,0.0,0.0,0.0,0.0,0.0,0.0,0.0,-0.0,-0.0,-0.0,-6.544322618950674e-21,-3.272161309475337e-21,-3.272161107526945e-21,0.0,0.0,-0.0,0.0,0.0,0.0,-0.0,0.0,0.0,0.0,0.0,0.0,4.0,0.0,0.0
12010320,297.5115051269531,303.1499938964844,285.1499938964844,0.0,-0.0,291.0478210449219,0.0,0.0,9.178504842566326e-05,297.6394348144531,303.1499938964844,285.1499938964844,0.0,-0.0,291.0486145019531,0.0,0.0,9.665417746873572e-05,298.1605834960937,303.1499938964844,285.1499938964844,0.0,-0.0,291.0487976074219,0.0,0.0,7.138849468901753e-05,297.48883056640625,303.1499938964844,285.1499938964844,0.0,-0.0,291.0483093261719,0.0,0.0,9.665412653703244e-05,297.82391357421875,303.1499938964844,285.1499938964844,0.0,-0.0,291.0478515625,0.0,0.0,0.0004584853013511,291.01763916015625,294.1499938964844,281.8299865722656,281.00311279296875,283.9766540527344,282.13153076171875,290.67401123046875,0.0,0.0,0.0,0.0,1.0,1.0,-0.0009779961546882,3.291208194866612e-09,0.0009779928950592,-0.0076744277030229,0.0,0.0,0.0,-0.0064444048330187,60.0,-5.916556358337402,-0.0,-6.52129585887451e-08,0.0,283.1443786621094,288.5085144042969,285.35308837890625,285.36309814453125,293.1499938964844,293.1499938964844,278.1499938964844,0.0,18000.0,313.1499938964844,0.0,18000.0,0.0,0.0,0.0,0.0,0.0,0.0,0.0,0.0,0.0,-0.0,-0.0,-0.0,-6.544322618950674e-21,-3.272161309475337e-21,-3.272161107526945e-21,0.0,0.0,-0.0,0.0,0.0,0.0,-0.0,0.0,0.0,0.0,0.0,0.0,4.0,0.0,0.0
12010380,297.5076904296875,303.1499938964844,285.1499938964844,0.0,-0.0,291.0458068847656,0.0,0.0,9.18455989449285e-05,297.6355285644531,303.1499938964844,285.1499938964844,0.0,-0.0,291.04656982421875,0.0,0.0,9.671794396126644e-05,298.15655517578125,303.1499938964844,285.1499938964844,0.0,-0.0,291.0467834472656,0.0,0.0,7.143559196265414e-05,297.4839782714844,303.1499938964844,285.1499938964844,0.0,-0.0,291.0462951660156,0.0,0.0,9.671789302956312e-05,297.8217163085937,303.1499938964844,285.1499938964844,0.0,-0.0,291.0458374023437,0.0,0.0,0.0004587877483572,291.0152893066406,294.1499938964844,281.7933349609375,280.9803771972656,283.9391174316406,282.0948791503906,290.6700134277344,0.0,0.0,0.0,0.0,1.0,1.0,-0.0009786408627405,3.366595224818525e-09,0.0009786374866962,-0.0078719593584537,0.0,0.0,0.0,-0.0064817774109542,60.0,-5.941948413848877,-0.0,-6.529896978690887e-08,0.0,283.1443786621094,288.5085144042969,285.35308837890625,285.36309814453125,293.1499938964844,293.1499938964844,278.1499938964844,0.0,18000.0,313.1499938964844,0.0,18000.0,0.0,0.0,0.0,0.0,0.0,0.0,0.0,0.0,0.0,-0.0,-0.0,-0.0,-6.544322618950674e-21,-3.272161309475337e-21,-3.272161107526945e-21,0.0,0.0,-0.0,0.0,0.0,0.0,-0.0,0.0,0.0,0.0,0.0,0.0,4.0,0.0,0.0
12010440,297.5076904296875,303.1499938964844,285.1499938964844,0.0,-0.0,291.0458068847656,0.0,0.0,9.18455989449285e-05,297.6355285644531,303.1499938964844,285.1499938964844,0.0,-0.0,291.04656982421875,0.0,0.0,9.671794396126644e-05,298.15655517578125,303.1499938964844,285.1499938964844,0.0,-0.0,291.0467834472656,0.0,0.0,7.143559196265414e-05,297.4839782714844,303.1499938964844,285.1499938964844,0.0,-0.0,291.0462951660156,0.0,0.0,9.671789302956312e-05,297.8217163085937,303.1499938964844,285.1499938964844,0.0,-0.0,291.0458374023437,0.0,0.0,0.0004587877483572,291.0152893066406,294.1499938964844,281.7933349609375,280.9803771972656,283.9391174316406,282.0948791503906,290.6700134277344,0.0,0.0,0.0,0.0,1.0,1.0,-0.0009786408627405,3.366595224818525e-09,0.0009786374866962,-0.0078719593584537,0.0,0.0,0.0,-0.0064817774109542,60.0,-5.941948413848877,-0.0,-6.529896978690887e-08,0.0,283.1443786621094,288.5085144042969,285.35308837890625,285.36309814453125,293.1499938964844,293.1499938964844,278.1499938964844,0.0,18000.0,313.1499938964844,0.0,18000.0,0.0,0.0,0.0,0.0,0.0,0.0,0.0,0.0,0.0,-0.0,-0.0,-0.0,-6.544322618950674e-21,-3.272161309475337e-21,-3.272161107526945e-21,0.0,0.0,-0.0,0.0,0.0,0.0,-0.0,0.0,0.0,0.0,0.0,0.0,4.0,0.0,0.0
12010500,297.5058288574219,303.1499938964844,285.1499938964844,0.0,-0.0,291.0447998046875,0.0,0.0,9.187993418890984e-05,297.633544921875,303.1499938964844,285.1499938964844,0.0,-0.0,291.0455627441406,0.0,0.0,9.675409091869368e-05,298.154541015625,303.1499938964844,285.1499938964844,0.0,-0.0,291.0457458496094,0.0,0.0,7.14622947270982e-05,297.4813232421875,303.1499938964844,285.1499938964844,0.0,-0.0,291.0452575683594,0.0,0.0,9.6754047262948e-05,297.820556640625,303.1499938964844,285.1499938964844,0.0,-0.0,291.0448303222656,0.0,0.0,0.0004589592572301,291.0140991210937,294.1499938964844,281.7749938964844,280.96923828125,283.9203491210937,282.0761413574219,290.66802978515625,0.0,0.0,0.0,0.0,1.0,1.0,-0.0009790064068511,3.409343696247901e-09,0.0009790030308067,-0.0079839704558253,0.0,0.0,0.0,-0.0065029696561396,60.0,-5.954935550689697,-0.0,-6.534776986200086e-08,0.0,283.1443786621094,288.5085144042969,285.35308837890625,285.36309814453125,293.1499938964844,293.1499938964844,278.1499938964844,0.0,18000.0,313.1499938964844,0.0,18000.0,0.0,0.0,0.0,0.0,0.0,0.0,0.0,0.0,0.0,-0.0,-0.0,-0.0,-6.544322618950674e-21,-3.272161309475337e-21,-3.272161107526945e-21,0.0,0.0,-0.0,0.0,0.0,0.0,-0.0,0.0,0.0,0.0,0.0,0.0,4.0,0.0,0.0
12010560,297.5039367675781,303.1499938964844,285.1499938964844,0.0,-0.0,291.0437927246094,0.0,0.0,9.191683056997137e-05,297.63153076171875,303.1499938964844,285.1499938964844,0.0,-0.0,291.0445251464844,0.0,0.0,9.679294453235344e-05,298.1524658203125,303.1499938964844,285.1499938964844,0.0,-0.0,291.04473876953125,0.0,0.0,7.149099110392854e-05,297.4785461425781,303.1499938964844,285.1499938964844,0.0,-0.0,291.04425048828125,0.0,0.0,9.679290087660776e-05,297.81939697265625,303.1499938964844,285.1499938964844,0.0,-0.0,291.0437927246094,0.0,0.0,0.0004591435717884,291.0129089355469,294.1499938964844,281.75665283203125,280.9582214355469,283.9015808105469,282.05712890625,290.666015625,0.0,0.0,0.0,0.0,1.0,1.0,-0.0009793993085622,3.455287611586754e-09,0.0009793958161026,-0.0081043522804975,0.0,0.0,0.0,-0.0065257460810244,60.0,-5.968098163604736,-0.0,-6.54002363376094e-08,0.0,283.1443786621094,288.5085144042969,285.35308837890625,285.36309814453125,293.1499938964844,293.1499938964844,278.1499938964844,0.0,18000.0,313.1499938964844,0.0,18000.0,0.0,0.0,0.0,0.0,0.0,0.0,0.0,0.0,0.0,-0.0,-0.0,-0.0,-6.544322618950674e-21,-3.272161309475337e-21,-3.272161107526945e-21,0.0,0.0,-0.0,0.0,0.0,0.0,-0.0,0.0,0.0,0.0,0.0,0.0,4.0,0.0,0.0
12010620,297.5001220703125,303.1499938964844,285.1499938964844,0.0,-0.0,291.041748046875,0.0,0.0,9.199777559842914e-05,297.6273803710937,303.1499938964844,285.1499938964844,0.0,-0.0,291.04248046875,0.0,0.0,9.68781823758036e-05,298.1483459472656,303.1499938964844,285.1499938964844,0.0,-0.0,291.04266357421875,0.0,0.0,7.155394268920645e-05,297.4725952148437,303.1499938964844,285.1499938964844,0.0,-0.0,291.0422058105469,0.0,0.0,9.68781387200579e-05,297.8170166015625,303.1499938964844,285.1499938964844,0.0,-0.0,291.041748046875,0.0,0.0,0.0004595478822011,291.0105285644531,294.1499938964844,281.7200012207031,280.9364929199219,283.864013671875,282.01824951171875,290.6619873046875,0.0,0.0,0.0,0.0,1.0,1.0,-0.0009802613640204,3.556085426126287e-09,0.0009802577551454,-0.0083684641867876,0.0,0.0,0.0,-0.0065757157281041,60.0,-5.994916915893555,-0.0,-6.55154153150761e-08,0.0,283.1443786621094,288.5085144042969,285.35308837890625,285.36309814453125,293.1499938964844,293.1499938964844,278.1499938964844,0.0,18000.0,313.1499938964844,0.0,18000.0,0.0,0.0,0.0,0.0,0.0,0.0,0.0,0.0,0.0,-0.0,-0.0,-0.0,-6.544322618950674e-21,-3.272161309475337e-21,-3.272161107526945e-21,0.0,0.0,-0.0,0.0,0.0,0.0,-0.0,0.0,0.0,0.0,0.0,0.0,4.0,0.0,0.0
12010680,297.5001220703125,303.1499938964844,285.1499938964844,0.0,-0.0,291.041748046875,0.0,0.0,9.199777559842914e-05,297.6273803710937,303.1499938964844,285.1499938964844,0.0,-0.0,291.04248046875,0.0,0.0,9.68781823758036e-05,298.1483459472656,303.1499938964844,285.1499938964844,0.0,-0.0,291.04266357421875,0.0,0.0,7.155394268920645e-05,297.4725952148437,303.1499938964844,285.1499938964844,0.0,-0.0,291.0422058105469,0.0,0.0,9.68781387200579e-05,297.8170166015625,303.1499938964844,285.1499938964844,0.0,-0.0,291.041748046875,0.0,0.0,0.0004595478822011,291.0105285644531,294.1499938964844,281.7200012207031,280.9364929199219,283.864013671875,282.01824951171875,290.6619873046875,0.0,0.0,0.0,0.0,1.0,1.0,-0.0009802613640204,3.556085426126287e-09,0.0009802577551454,-0.0083684641867876,0.0,0.0,0.0,-0.0065757157281041,60.0,-5.994916915893555,-0.0,-6.55154153150761e-08,0.0,283.1443786621094,288.5085144042969,285.35308837890625,285.36309814453125,293.1499938964844,293.1499938964844,278.1499938964844,0.0,18000.0,313.1499938964844,0.0,18000.0,0.0,0.0,0.0,0.0,0.0,0.0,0.0,0.0,0.0,-0.0,-0.0,-0.0,-6.544322618950674e-21,-3.272161309475337e-21,-3.272161107526945e-21,0.0,0.0,-0.0,0.0,0.0,0.0,-0.0,0.0,0.0,0.0,0.0,0.0,4.0,0.0,0.0
12010740,297.4961853027344,303.1499938964844,285.1499938964844,0.0,-0.0,291.0396728515625,0.0,0.0,9.208749543176964e-05,297.6231384277344,303.1499938964844,285.1499938964844,0.0,-0.0,291.0404052734375,0.0,0.0,9.697266796138138e-05,298.1441345214844,303.1499938964844,285.1499938964844,0.0,-0.0,291.04058837890625,0.0,0.0,7.162372639868408e-05,297.4662170410156,303.1499938964844,285.1499938964844,0.0,-0.0,291.0401306152344,0.0,0.0,9.697261702967808e-05,297.81451416015625,303.1499938964844,285.1499938964844,0.0,-0.0,291.0397033691406,0.0,0.0,0.0004599960811901,291.0081481933594,294.1499938964844,281.6833190917969,280.91510009765625,283.8264465332031,281.9782409667969,290.657958984375,0.0,0.0,0.0,0.0,1.0,1.0,-0.0009812169009819,3.667821601993637e-09,0.0009812132921069,-0.0086612328886985,0.0,0.0,0.0,-0.0066311084665358,60.0,-6.022382736206055,-0.0,-6.564320642610255e-08,0.0,283.1443786621094,288.5085144042969,285.35308837890625,285.36309814453125,293.1499938964844,293.1499938964844,278.1499938964844,0.0,18000.0,313.1499938964844,0.0,18000.0,0.0,0.0,0.0,0.0,0.0,0.0,0.0,0.0,0.0,-0.0,-0.0,-0.0,-6.544322618950674e-21,-3.272161309475337e-21,-3.272161107526945e-21,0.0,0.0,-0.0,0.0,0.0,0.0,-0.0,0.0,0.0,0.0,0.0,0.0,4.0,0.0,0.0
12010800,297.4961853027344,303.1499938964844,285.1499938964844,0.0,-0.0,291.0396728515625,0.0,0.0,9.208749543176964e-05,297.6231384277344,303.1499938964844,285.1499938964844,0.0,-0.0,291.0404052734375,0.0,0.0,9.697266796138138e-05,298.1441345214844,303.1499938964844,285.1499938964844,0.0,-0.0,291.04058837890625,0.0,0.0,7.162372639868408e-05,297.4662170410156,303.1499938964844,285.1499938964844,0.0,-0.0,291.0401306152344,0.0,0.0,9.697261702967808e-05,297.81451416015625,303.1499938964844,285.1499938964844,0.0,-0.0,291.0397033691406,0.0,0.0,0.0004599960811901,291.0081481933594,294.1499938964844,281.6833190917969,280.91510009765625,283.8264465332031,281.9782409667969,290.657958984375,0.0,0.0,0.0,0.0,1.0,1.0,-0.0009812169009819,3.667821601993637e-09,0.0009812132921069,-0.0086612328886985,0.0,0.0,0.0,-0.0066311084665358,60.0,-6.022382736206055,-0.0,-6.564320642610255e-08,0.0,283.1443786621094,288.5085144042969,285.35308837890625,285.36309814453125,293.1499938964844,293.1499938964844,278.1499938964844,0.0,18000.0,313.1499938964844,0.0,18000.0,0.0,0.0,0.0,0.0,0.0,0.0,0.0,0.0,0.0,-0.0,-0.0,-0.0,-6.544322618950674e-21,-3.272161309475337e-21,-3.272161107526945e-21,0.0,0.0,-0.0,0.0,0.0,0.0,-0.0,0.0,0.0,0.0,0.0,0.0,4.0,0.0,0.0
12010860,297.4921264648437,303.1499938964844,285.1499938964844,0.0,-0.0,291.03759765625,0.0,0.0,9.218495688401164e-05,297.6187744140625,303.1499938964844,285.1499938964844,0.0,-0.0,291.038330078125,0.0,0.0,9.707529534352945e-05,298.13983154296875,303.1499938964844,285.1499938964844,0.0,-0.0,291.0385131835937,0.0,0.0,7.169952732510865e-05,297.4594421386719,303.1499938964844,285.1499938964844,0.0,-0.0,291.0380554199219,0.0,0.0,9.707524441182612e-05,297.8118896484375,303.1499938964844,285.1499938964844,0.0,-0.0,291.0376281738281,0.0,0.0,0.0004604829009622,291.0057373046875,294.1499938964844,281.64666748046875,280.8939514160156,283.7888488769531,281.9371337890625,290.6539001464844,0.0,0.0,0.0,0.0,1.0,1.0,-0.0009822548599913,3.7891960680269685e-09,0.000982251134701,-0.0089792544022202,0.0,0.0,0.0,-0.0066912788897752,60.0,-6.0504255294799805,-0.0,-6.578216726893515e-08,0.0,283.1443786621094,288.5085144042969,285.35308837890625,285.36309814453125,293.1499938964844,293.1499938964844,278.1499938964844,0.0,18000.0,313.1499938964844,0.0,18000.0,0.0,0.0,0.0,0.0,0.0,0.0,0.0,0.0,0.0,-0.0,-0.0,-0.0,-6.544322618950674e-21,-3.272161309475337e-21,-3.272161107526945e-21,0.0,0.0,-0.0,0.0,0.0,0.0,-0.0,0.0,0.0,0.0,0.0,0.0,4.0,0.0,0.0
12010920,297.4921264648437,303.1499938964844,285.1499938964844,0.0,-0.0,291.03759765625,0.0,0.0,9.218495688401164e-05,297.6187744140625,303.1499938964844,285.1499938964844,0.0,-0.0,291.038330078125,0.0,0.0,9.707529534352945e-05,298.13983154296875,303.1499938964844,285.1499938964844,0.0,-0.0,291.0385131835937,0.0,0.0,7.169952732510865e-05,297.4594421386719,303.1499938964844,285.1499938964844,0.0,-0.0,291.0380554199219,0.0,0.0,9.707524441182612e-05,297.8118896484375,303.1499938964844,285.1499938964844,0.0,-0.0,291.0376281738281,0.0,0.0,0.0004604829009622,291.0057373046875,294.1499938964844,281.64666748046875,280.8939514160156,283.7888488769531,281.9371337890625,290.6539001464844,0.0,0.0,0.0,0.0,1.0,1.0,-0.0009822548599913,3.7891960680269685e-09,0.000982251134701,-0.0089792544022202,0.0,0.0,0.0,-0.0066912788897752,60.0,-6.0504255294799805,-0.0,-6.578216726893515e-08,0.0,283.1443786621094,288.5085144042969,285.35308837890625,285.36309814453125,293.1499938964844,293.1499938964844,278.1499938964844,0.0,18000.0,313.1499938964844,0.0,18000.0,0.0,0.0,0.0,0.0,0.0,0.0,0.0,0.0,0.0,-0.0,-0.0,-0.0,-6.544322618950674e-21,-3.272161309475337e-21,-3.272161107526945e-21,0.0,0.0,-0.0,0.0,0.0,0.0,-0.0,0.0,0.0,0.0,0.0,0.0,4.0,0.0,0.0
12010980,297.48992919921875,303.1499938964844,285.1499938964844,0.0,-0.0,291.0365295410156,0.0,0.0,9.223843517247587e-05,297.6164245605469,303.1499938964844,285.1499938964844,0.0,-0.0,291.0372314453125,0.0,0.0,9.71316112554632e-05,298.1375732421875,303.1499938964844,285.1499938964844,0.0,-0.0,291.03741455078125,0.0,0.0,7.174111669883132e-05,297.45574951171875,303.1499938964844,285.1499938964844,0.0,-0.0,291.0369567871094,0.0,0.0,9.713156032375991e-05,297.8104858398437,303.1499938964844,285.1499938964844,0.0,-0.0,291.0365295410156,0.0,0.0,0.0004607500450219,291.0044860839844,294.1499938964844,281.6275939941406,280.88299560546875,283.769287109375,281.91534423828125,290.6517944335937,0.0,0.0,0.0,0.0,1.0,1.0,-0.000982824480161,3.8557992354526505e-09,0.0009828206384554,-0.0091537646949291,0.0,0.0,0.0,-0.0067242970690131,60.0,-6.065225124359131,-0.0,-6.585848666418316e-08,0.0,283.1443786621094,288.5085144042969,285.35308837890625,285.36309814453125,293.1499938964844,293.1499938964844,278.1499938964844,0.0,18000.0,313.1499938964844,0.0,18000.0,0.0,0.0,0.0,0.0,0.0,0.0,0.0,0.0,0.0,-0.0,-0.0,-0.0,-6.544322618950674e-21,-3.272161309475337e-21,-3.272161107526945e-21,0.0,0.0,-0.0,0.0,0.0,0.0,-0.0,0.0,0.0,0.0,0.0,0.0,4.0,0.0,0.0
12011040,297.4878845214844,303.1499938964844,285.1499938964844,0.0,-0.0,291.0355224609375,0.0,0.0,9.22890321817249e-05,297.6142883300781,303.1499938964844,285.1499938964844,0.0,-0.0,291.0362243652344,0.0,0.0,9.718489309307188e-05,298.1354675292969,303.1499938964844,285.1499938964844,0.0,-0.0,291.0364074707031,0.0,0.0,7.178047962952405e-05,297.4523010253906,303.1499938964844,285.1499938964844,0.0,-0.0,291.03594970703125,0.0,0.0,9.71848494373262e-05,297.8091735839844,303.1499938964844,285.1499938964844,0.0,-0.0,291.0355224609375,0.0,0.0,0.0004610028117895,291.0032958984375,294.1499938964844,281.6099853515625,280.8729248046875,283.751220703125,281.8950500488281,290.6498413085937,0.0,0.0,0.0,0.0,1.0,1.0,-0.0009833634831011,3.918820379311683e-09,0.0009833595249801,-0.0093188881874084,0.0,0.0,0.0,-0.0067555392161011,60.0,-6.078979015350342,-0.0,-6.593073464955523e-08,0.0,283.1443786621094,288.5085144042969,285.35308837890625,285.36309814453125,293.1499938964844,293.1499938964844,278.1499938964844,0.0,18000.0,313.1499938964844,0.0,18000.0,0.0,0.0,0.0,0.0,0.0,0.0,0.0,0.0,0.0,-0.0,-0.0,-0.0,-6.544322618950674e-21,-3.272161309475337e-21,-3.272161107526945e-21,0.0,0.0,-0.0,0.0,0.0,0.0,-0.0,0.0,0.0,0.0,0.0,0.0,4.0,0.0,0.0
12011100,297.4857177734375,303.1499938964844,285.1499938964844,0.0,-0.0,291.0344543457031,0.0,0.0,9.234326716978104e-05,297.61199951171875,303.1499938964844,285.1499938964844,0.0,-0.0,291.03515625,0.0,0.0,9.72420020843856e-05,298.1332702636719,303.1499938964844,285.1499938964844,0.0,-0.0,291.03533935546875,0.0,0.0,7.182265835581347e-05,297.4486083984375,303.1499938964844,285.1499938964844,0.0,-0.0,291.034912109375,0.0,0.0,9.724195842863992e-05,297.8077697753906,303.1499938964844,285.1499938964844,0.0,-0.0,291.03448486328125,0.0,0.0,0.0004612737102434,291.0021057128906,294.1499938964844,281.5916748046875,280.8624572753906,283.7323913574219,281.8736267089844,290.6477966308594,0.0,0.0,0.0,0.0,1.0,1.0,-0.000983941135928,3.986365015862248e-09,0.000983937177807,-0.0094958646222949,0.0,0.0,0.0,-0.0067890244536101,60.0,-6.093433380126953,-0.0,-6.600821933488987e-08,0.0,283.1443786621094,288.5085144042969,285.35308837890625,285.36309814453125,293.1499938964844,293.1499938964844,278.1499938964844,0.0,18000.0,313.1499938964844,0.0,18000.0,0.0,0.0,0.0,0.0,0.0,0.0,0.0,0.0,0.0,-0.0,-0.0,-0.0,-6.544322618950674e-21,-3.272161309475337e-21,-3.272161107526945e-21,0.0,0.0,-0.0,0.0,0.0,0.0,-0.0,0.0,0.0,0.0,0.0,0.0,4.0,0.0,0.0
12011160,297.4835205078125,303.1499938964844,285.1499938964844,0.0,-0.0,291.03338623046875,0.0,0.0,9.23985498957336e-05,297.60968017578125,303.1499938964844,285.1499938964844,0.0,-0.0,291.0340881347656,0.0,0.0,9.730021702125669e-05,298.13104248046875,303.1499938964844,285.1499938964844,0.0,-0.0,291.0343017578125,0.0,0.0,7.186565198935568e-05,297.4448547363281,303.1499938964844,285.1499938964844,0.0,-0.0,291.0338439941406,0.0,0.0,9.7300173365511e-05,297.80633544921875,303.1499938964844,285.1499938964844,0.0,-0.0,291.0334167480469,0.0,0.0,0.0004615498764906,291.0008544921875,294.1499938964844,281.5733337402344,280.8519592285156,283.71356201171875,281.8520202636719,290.645751953125,0.0,0.0,0.0,0.0,1.0,1.0,-0.0009845299646258,4.05522015967108e-09,0.0009845258900895,-0.0096762711182236,0.0,0.0,0.0,-0.0068231583572924,60.0,-6.107978343963623,-0.0,-6.608725300338848e-08,0.0,283.1443786621094,288.5085144042969,285.35308837890625,285.36309814453125,293.1499938964844,293.1499938964844,278.1499938964844,0.0,18000.0,313.1499938964844,0.0,18000.0,0.0,0.0,0.0,0.0,0.0,0.0,0.0,0.0,0.0,-0.0,-0.0,-0.0,-6.544322618950674e-21,-3.272161309475337e-21,-3.272161107526945e-21,0.0,0.0,-0.0,0.0,0.0,0.0,-0.0,0.0,0.0,0.0,0.0,0.0,4.0,0.0,0.0
12011220,297.4790344238281,303.1499938964844,285.1499938964844,0.0,-0.0,291.0312805175781,0.0,0.0,9.251214942196384e-05,297.60498046875,303.1499938964844,285.1499938964844,0.0,-0.0,291.031982421875,0.0,0.0,9.741984104039147e-05,298.12652587890625,303.1499938964844,285.1499938964844,0.0,-0.0,291.0321655273437,0.0,0.0,7.195400394266471e-05,297.4371337890625,303.1499938964844,285.1499938964844,0.0,-0.0,291.0317077636719,0.0,0.0,9.74197973846458e-05,297.80340576171875,303.1499938964844,285.1499938964844,0.0,-0.0,291.0312805175781,0.0,0.0,0.000462117313873,290.9984130859375,294.1499938964844,281.5366516113281,280.8309326171875,283.6759033203125,281.8082580566406,290.64166259765625,0.0,0.0,0.0,0.0,1.0,1.0,-0.0009857399854809,4.196702096948002e-09,0.0009857357945293,-0.0100469663739204,0.0,0.0,0.0,-0.0068932971917092,60.0,-6.1373209953308105,-0.0,-6.624978965419359e-08,0.0,283.1443786621094,288.5085144042969,285.35308837890625,285.36309814453125,293.1499938964844,293.1499938964844,278.1499938964844,0.0,18000.0,313.1499938964844,0.0,18000.0,0.0,0.0,0.0,0.0,0.0,0.0,0.0,0.0,0.0,-0.0,-0.0,-0.0,-6.544322618950674e-21,-3.272161309475337e-21,-3.272161107526945e-21,0.0,0.0,-0.0,0.0,0.0,0.0,-0.0,0.0,0.0,0.0,0.0,0.0,4.0,0.0,0.0
12011280,297.4790344238281,303.1499938964844,285.1499938964844,0.0,-0.0,291.0312805175781,0.0,0.0,9.251214942196384e-05,297.60498046875,303.1499938964844,285.1499938964844,0.0,-0.0,291.031982421875,0.0,0.0,9.741984104039147e-05,298.12652587890625,303.1499938964844,285.1499938964844,0.0,-0.0,291.0321655273437,0.0,0.0,7.195400394266471e-05,297.4371337890625,303.1499938964844,285.1499938964844,0.0,-0.0,291.0317077636719,0.0,0.0,9.74197973846458e-05,297.80340576171875,303.1499938964844,285.1499938964844,0.0,-0.0,291.0312805175781,0.0,0.0,0.000462117313873,290.9984130859375,294.1499938964844,281.5366516113281,280.8309326171875,283.6759033203125,281.8082580566406,290.64166259765625,0.0,0.0,0.0,0.0,1.0,1.0,-0.0009857399854809,4.196702096948002e-09,0.0009857357945293,-0.0100469663739204,0.0,0.0,0.0,-0.0068932971917092,60.0,-6.1373209953308105,-0.0,-6.624978965419359e-08,0.0,283.1443786621094,288.5085144042969,285.35308837890625,285.36309814453125,293.1499938964844,293.1499938964844,278.1499938964844,0.0,18000.0,313.1499938964844,0.0,18000.0,0.0,0.0,0.0,0.0,0.0,0.0,0.0,0.0,0.0,-0.0,-0.0,-0.0,-6.544322618950674e-21,-3.272161309475337e-21,-3.272161107526945e-21,0.0,0.0,-0.0,0.0,0.0,0.0,-0.0,0.0,0.0,0.0,0.0,0.0,4.0,0.0,0.0
12011340,297.4744567871094,303.1499938964844,285.1499938964844,0.0,-0.0,291.0291442871094,0.0,0.0,9.262845560442656e-05,297.6002197265625,303.1499938964844,285.1499938964844,0.0,-0.0,291.0298156738281,0.0,0.0,9.754231723491102e-05,298.1219787597656,303.1499938964844,285.1499938964844,0.0,-0.0,291.0299987792969,0.0,0.0,7.204446592368186e-05,297.42919921875,303.1499938964844,285.1499938964844,0.0,-0.0,291.0295715332031,0.0,0.0,9.754227357916534e-05,297.8003845214844,303.1499938964844,285.1499938964844,0.0,-0.0,291.0291442871094,0.0,0.0,0.0004626982845366,290.9959411621094,294.1499938964844,281.5,280.80975341796875,283.63818359375,281.763916015625,290.6375427246094,0.0,0.0,0.0,0.0,1.0,1.0,-0.0009869787609204,4.3415600003982036e-09,0.0009869744535535,-0.0104265036061406,0.0,0.0,0.0,-0.006965110078454,60.0,-6.166938781738281,-0.0,-6.641641903115669e-08,0.0,283.1443786621094,288.5085144042969,285.35308837890625,285.36309814453125,293.1499938964844,293.1499938964844,278.1499938964844,0.0,18000.0,313.1499938964844,0.0,18000.0,0.0,0.0,0.0,0.0,0.0,0.0,0.0,0.0,0.0,-0.0,-0.0,-0.0,-6.544322618950674e-21,-3.272161309475337e-21,-3.272161107526945e-21,0.0,0.0,-0.0,0.0,0.0,0.0,-0.0,0.0,0.0,0.0,0.0,0.0,4.0,0.0,0.0
12011400,297.4744567871094,303.1499938964844,285.1499938964844,0.0,-0.0,291.0291442871094,0.0,0.0,9.262845560442656e-05,297.6002197265625,303.1499938964844,285.1499938964844,0.0,-0.0,291.0298156738281,0.0,0.0,9.754231723491102e-05,298.1219787597656,303.1499938964844,285.1499938964844,0.0,-0.0,291.0299987792969,0.0,0.0,7.204446592368186e-05,297.42919921875,303.1499938964844,285.1499938964844,0.0,-0.0,291.0295715332031,0.0,0.0,9.754227357916534e-05,297.8003845214844,303.1499938964844,285.1499938964844,0.0,-0.0,291.0291442871094,0.0,0.0,0.0004626982845366,290.9959411621094,294.1499938964844,281.5,280.80975341796875,283.63818359375,281.763916015625,290.6375427246094,0.0,0.0,0.0,0.0,1.0,1.0,-0.0009869787609204,4.3415600003982036e-09,0.0009869744535535,-0.0104265036061406,0.0,0.0,0.0,-0.006965110078454,60.0,-6.166938781738281,-0.0,-6.641641903115669e-08,0.0,283.1443786621094,288.5085144042969,285.35308837890625,285.36309814453125,293.1499938964844,293.1499938964844,278.1499938964844,0.0,18000.0,313.1499938964844,0.0,18000.0,0.0,0.0,0.0,0.0,0.0,0.0,0.0,0.0,0.0,-0.0,-0.0,-0.0,-6.544322618950674e-21,-3.272161309475337e-21,-3.272161107526945e-21,0.0,0.0,-0.0,0.0,0.0,0.0,-0.0,0.0,0.0,0.0,0.0,0.0,4.0,0.0,0.0
12011460,297.46978759765625,303.1499938964844,285.1499938964844,0.0,-0.0,291.0269775390625,0.0,0.0,9.27459986996837e-05,297.5953674316406,303.1499938964844,285.1499938964844,0.0,-0.0,291.02764892578125,0.0,0.0,9.766609582584353e-05,298.1173400878906,303.1499938964844,285.1499938964844,0.0,-0.0,291.02783203125,0.0,0.0,7.213588833110407e-05,297.4211120605469,303.1499938964844,285.1499938964844,0.0,-0.0,291.02740478515625,0.0,0.0,9.76660448941402e-05,297.7972717285156,303.1499938964844,285.1499938964844,0.0,-0.0,291.0270080566406,0.0,0.0,0.0004632854252122,290.9934387207031,294.1499938964844,281.4633483886719,280.7882995605469,283.6004333496094,281.7191162109375,290.6333923339844,0.0,0.0,0.0,0.0,1.0,1.0,-0.0009882308077067,4.487959337495795e-09,0.0009882263839244,-0.0108100743964314,0.0,0.0,0.0,-0.0070376866497099,60.0,-6.196734428405762,-0.0,-6.658503082235256e-08,0.0,283.1443786621094,288.5085144042969,285.35308837890625,285.36309814453125,293.1499938964844,293.1499938964844,278.1499938964844,0.0,18000.0,313.1499938964844,0.0,18000.0,0.0,0.0,0.0,0.0,0.0,0.0,0.0,0.0,0.0,-0.0,-0.0,-0.0,-6.544322618950674e-21,-3.272161309475337e-21,-3.272161107526945e-21,0.0,0.0,-0.0,0.0,0.0,0.0,-0.0,0.0,0.0,0.0,0.0,0.0,4.0,0.0,0.0
12011520,297.46978759765625,303.1499938964844,285.1499938964844,0.0,-0.0,291.0269775390625,0.0,0.0,9.27459986996837e-05,297.5953674316406,303.1499938964844,285.1499938964844,0.0,-0.0,291.02764892578125,0.0,0.0,9.766609582584353e-05,298.1173400878906,303.1499938964844,285.1499938964844,0.0,-0.0,291.02783203125,0.0,0.0,7.213588833110407e-05,297.4211120605469,303.1499938964844,285.1499938964844,0.0,-0.0,291.02740478515625,0.0,0.0,9.76660448941402e-05,297.7972717285156,303.1499938964844,285.1499938964844,0.0,-0.0,291.0270080566406,0.0,0.0,0.0004632854252122,290.9934387207031,294.1499938964844,281.4633483886719,280.7882995605469,283.6004333496094,281.7191162109375,290.6333923339844,0.0,0.0,0.0,0.0,1.0,1.0,-0.0009882308077067,4.487959337495795e-09,0.0009882263839244,-0.0108100743964314,0.0,0.0,0.0,-0.0070376866497099,60.0,-6.196734428405762,-0.0,-6.658503082235256e-08,0.0,283.1443786621094,288.5085144042969,285.35308837890625,285.36309814453125,293.1499938964844,293.1499938964844,278.1499938964844,0.0,18000.0,313.1499938964844,0.0,18000.0,0.0,0.0,0.0,0.0,0.0,0.0,0.0,0.0,0.0,-0.0,-0.0,-0.0,-6.544322618950674e-21,-3.272161309475337e-21,-3.272161107526945e-21,0.0,0.0,-0.0,0.0,0.0,0.0,-0.0,0.0,0.0,0.0,0.0,0.0,4.0,0.0,0.0
12011580,297.46502685546875,303.1499938964844,285.1499938964844,0.0,-0.0,291.0248107910156,0.0,0.0,9.286338172387332e-05,297.5904541015625,303.1499938964844,285.1499938964844,0.0,-0.0,291.0254821777344,0.0,0.0,9.778969979379326e-05,298.1126403808594,303.1499938964844,285.1499938964844,0.0,-0.0,291.0256652832031,0.0,0.0,7.222717977128923e-05,297.41290283203125,303.1499938964844,285.1499938964844,0.0,-0.0,291.0252380371094,0.0,0.0,9.778965613804758e-05,297.7940979003906,303.1499938964844,285.1499938964844,0.0,-0.0,291.0248107910156,0.0,0.0,0.0004638717800844,290.9909362792969,294.1499938964844,281.4266662597656,280.7665100097656,283.56268310546875,281.6740417480469,290.6292419433594,0.0,0.0,0.0,0.0,1.0,1.0,-0.0009894812246784,4.634161498984213e-09,0.0009894765680655,-0.0111931227147579,0.0,0.0,0.0,-0.0071101654320955,60.0,-6.22661018371582,-0.0,-6.675362840269372e-08,0.0,283.1443786621094,288.5085144042969,285.35308837890625,285.36309814453125,293.1499938964844,293.1499938964844,278.1499938964844,0.0,18000.0,313.1499938964844,0.0,18000.0,0.0,0.0,0.0,0.0,0.0,0.0,0.0,0.0,0.0,-0.0,-0.0,-0.0,-6.544322618950674e-21,-3.272161309475337e-21,-3.272161107526945e-21,0.0,0.0,-0.0,0.0,0.0,0.0,-0.0,0.0,0.0,0.0,0.0,0.0,4.0,0.0,0.0
12011640,297.46502685546875,303.1499938964844,285.1499938964844,0.0,-0.0,291.0248107910156,0.0,0.0,9.286338172387332e-05,297.5904541015625,303.1499938964844,285.1499938964844,0.0,-0.0,291.0254821777344,0.0,0.0,9.778969979379326e-05,298.1126403808594,303.1499938964844,285.1499938964844,0.0,-0.0,291.0256652832031,0.0,0.0,7.222717977128923e-05,297.41290283203125,303.1499938964844,285.1499938964844,0.0,-0.0,291.0252380371094,0.0,0.0,9.778965613804758e-05,297.7940979003906,303.1499938964844,285.1499938964844,0.0,-0.0,291.0248107910156,0.0,0.0,0.0004638717800844,290.9909362792969,294.1499938964844,281.4266662597656,280.7665100097656,283.56268310546875,281.6740417480469,290.6292419433594,0.0,0.0,0.0,0.0,1.0,1.0,-0.0009894812246784,4.634161498984213e-09,0.0009894765680655,-0.0111931227147579,0.0,0.0,0.0,-0.0071101654320955,60.0,-6.22661018371582,-0.0,-6.675362840269372e-08,0.0,283.1443786621094,288.5085144042969,285.35308837890625,285.36309814453125,293.1499938964844,293.1499938964844,278.1499938964844,0.0,18000.0,313.1499938964844,0.0,18000.0,0.0,0.0,0.0,0.0,0.0,0.0,0.0,0.0,0.0,-0.0,-0.0,-0.0,-6.544322618950674e-21,-3.272161309475337e-21,-3.272161107526945e-21,0.0,0.0,-0.0,0.0,0.0,0.0,-0.0,0.0,0.0,0.0,0.0,0.0,4.0,0.0,0.0
12011700,297.462646484375,303.1499938964844,285.1499938964844,0.0,-0.0,291.0237121582031,0.0,0.0,9.292150934925304e-05,297.5879821777344,303.1499938964844,285.1499938964844,0.0,-0.0,291.0243835449219,0.0,0.0,9.78509124252014e-05,298.1102905273437,303.1499938964844,285.1499938964844,0.0,-0.0,291.0245666503906,0.0,0.0,7.227239257190377e-05,297.40875244140625,303.1499938964844,285.1499938964844,0.0,-0.0,291.0241394042969,0.0,0.0,9.78508687694557e-05,297.79248046875,303.1499938964844,285.1499938964844,0.0,-0.0,291.02374267578125,0.0,0.0,0.0004641621490009,290.9896850585937,294.1499938964844,281.4083251953125,280.75543212890625,283.5437927246094,281.6514892578125,290.6271667480469,0.0,0.0,0.0,0.0,1.0,1.0,-0.0009901003213599,4.706562695133698e-09,0.000990095664747,-0.0113828126341104,0.0,0.0,0.0,-0.0071460576727986,60.0,-6.24154806137085,-0.0,-6.683720243927382e-08,0.0,283.1443786621094,288.5085144042969,285.35308837890625,285.36309814453125,293.1499938964844,293.1499938964844,278.1499938964844,0.0,18000.0,313.1499938964844,0.0,18000.0,0.0,0.0,0.0,0.0,0.0,0.0,0.0,0.0,0.0,-0.0,-0.0,-0.0,-6.544322618950674e-21,-3.272161309475337e-21,-3.272161107526945e-21,0.0,0.0,-0.0,0.0,0.0,0.0,-0.0,0.0,0.0,0.0,0.0,0.0,4.0,0.0,0.0
12011760,297.4602355957031,303.1499938964844,285.1499938964844,0.0,-0.0,291.0226135253906,0.0,0.0,9.297896758653224e-05,297.58551025390625,303.1499938964844,285.1499938964844,0.0,-0.0,291.0232849121094,0.0,0.0,9.791141928872094e-05,298.10791015625,303.1499938964844,285.1499938964844,0.0,-0.0,291.0234680175781,0.0,0.0,7.231708150357008e-05,297.40460205078125,303.1499938964844,285.1499938964844,0.0,-0.0,291.0230407714844,0.0,0.0,9.791137563297524e-05,297.79083251953125,303.1499938964844,285.1499938964844,0.0,-0.0,291.02264404296875,0.0,0.0,0.0004644491709768,290.9884033203125,294.1499938964844,281.3900146484375,280.7442321777344,283.5248718261719,281.6288757324219,290.6250915527344,0.0,0.0,0.0,0.0,1.0,1.0,-0.0009907123167067,4.778124562676567e-09,0.0009907075436785,-0.0115703009068965,0.0,0.0,0.0,-0.0071815340779721,60.0,-6.256466388702393,-0.0,-6.691985277029745e-08,0.0,283.1443786621094,288.5085144042969,285.35308837890625,285.36309814453125,293.1499938964844,293.1499938964844,278.1499938964844,0.0,18000.0,313.1499938964844,0.0,18000.0,0.0,0.0,0.0,0.0,0.0,0.0,0.0,0.0,0.0,-0.0,-0.0,-0.0,-6.544322618950674e-21,-3.272161309475337e-21,-3.272161107526945e-21,0.0,0.0,-0.0,0.0,0.0,0.0,-0.0,0.0,0.0,0.0,0.0,0.0,4.0,0.0,0.0
12011820,297.4554138183594,303.1499938964844,285.1499938964844,0.0,-0.0,291.0204162597656,0.0,0.0,9.309106098953636e-05,297.5805358886719,303.1499938964844,285.1499938964844,0.0,-0.0,291.02105712890625,0.0,0.0,9.802946442505343e-05,298.1031494140625,303.1499938964844,285.1499938964844,0.0,-0.0,291.021240234375,0.0,0.0,7.240426930366084e-05,297.3963317871094,303.1499938964844,285.1499938964844,0.0,-0.0,291.02081298828125,0.0,0.0,9.802942076930776e-05,297.7875366210937,303.1499938964844,285.1499938964844,0.0,-0.0,291.0204162597656,0.0,0.0,0.0004650091286748,290.9858703613281,294.1499938964844,281.35333251953125,280.7214050292969,283.487060546875,281.5837707519531,290.6208801269531,0.0,0.0,0.0,0.0,1.0,1.0,-0.0009919063886627,4.9177426575397484e-09,0.0009919014992192,-0.0119360918179154,0.0,0.0,0.0,-0.007250749040395,60.0,-6.286190032958984,-0.0,-6.70812596581527e-08,0.0,283.1443786621094,288.5085144042969,285.35308837890625,285.36309814453125,293.1499938964844,293.1499938964844,278.1499938964844,0.0,18000.0,313.1499938964844,0.0,18000.0,0.0,0.0,0.0,0.0,0.0,0.0,0.0,0.0,0.0,-0.0,-0.0,-0.0,-6.544322618950674e-21,-3.272161309475337e-21,-3.272161107526945e-21,0.0,0.0,-0.0,0.0,0.0,0.0,-0.0,0.0,0.0,0.0,0.0,0.0,4.0,0.0,0.0
12011880,297.4554138183594,303.1499938964844,285.1499938964844,0.0,-0.0,291.0204162597656,0.0,0.0,9.309106098953636e-05,297.5805358886719,303.1499938964844,285.1499938964844,0.0,-0.0,291.02105712890625,0.0,0.0,9.802946442505343e-05,298.1031494140625,303.1499938964844,285.1499938964844,0.0,-0.0,291.021240234375,0.0,0.0,7.240426930366084e-05,297.3963317871094,303.1499938964844,285.1499938964844,0.0,-0.0,291.02081298828125,0.0,0.0,9.802942076930776e-05,297.7875366210937,303.1499938964844,285.1499938964844,0.0,-0.0,291.0204162597656,0.0,0.0,0.0004650091286748,290.9858703613281,294.1499938964844,281.35333251953125,280.7214050292969,283.487060546875,281.5837707519531,290.6208801269531,0.0,0.0,0.0,0.0,1.0,1.0,-0.0009919063886627,4.9177426575397484e-09,0.0009919014992192,-0.0119360918179154,0.0,0.0,0.0,-0.007250749040395,60.0,-6.286190032958984,-0.0,-6.70812596581527e-08,0.0,283.1443786621094,288.5085144042969,285.35308837890625,285.36309814453125,293.1499938964844,293.1499938964844,278.1499938964844,0.0,18000.0,313.1499938964844,0.0,18000.0,0.0,0.0,0.0,0.0,0.0,0.0,0.0,0.0,0.0,-0.0,-0.0,-0.0,-6.544322618950674e-21,-3.272161309475337e-21,-3.272161107526945e-21,0.0,0.0,-0.0,0.0,0.0,0.0,-0.0,0.0,0.0,0.0,0.0,0.0,4.0,0.0,0.0
12011940,297.4505920410156,303.1499938964844,285.1499938964844,0.0,-0.0,291.0181884765625,0.0,0.0,9.319841774413362e-05,297.5755615234375,303.1499938964844,285.1499938964844,0.0,-0.0,291.0188293457031,0.0,0.0,9.814251097850502e-05,298.0983581542969,303.1499938964844,285.1499938964844,0.0,-0.0,291.0190124511719,0.0,0.0,7.248776819324121e-05,297.3880615234375,303.1499938964844,285.1499938964844,0.0,-0.0,291.0185852050781,0.0,0.0,9.814246732275932e-05,297.78424072265625,303.1499938964844,285.1499938964844,0.0,-0.0,291.0182189941406,0.0,0.0,0.0004655453958548,290.9833374023437,294.1499938964844,281.3166809082031,280.6979675292969,283.44921875,281.53887939453125,290.6166687011719,0.0,0.0,0.0,0.0,1.0,1.0,-0.000993049936369,5.0514548100011325e-09,0.0009930449305102,-0.0122864032164216,0.0,0.0,0.0,-0.0073170359246432,60.0,-6.3156819343566895,-0.0,-6.723601586600125e-08,0.0,283.1443786621094,288.5085144042969,285.35308837890625,285.36309814453125,293.1499938964844,293.1499938964844,278.1499938964844,0.0,18000.0,313.1499938964844,0.0,18000.0,0.0,0.0,0.0,0.0,0.0,0.0,0.0,0.0,0.0,-0.0,-0.0,-0.0,-6.544322618950674e-21,-3.272161309475337e-21,-3.272161107526945e-21,0.0,0.0,-0.0,0.0,0.0,0.0,-0.0,0.0,0.0,0.0,0.0,0.0,4.0,0.0,0.0
12012000,297.4505920410156,303.1499938964844,285.1499938964844,0.0,-0.0,291.0181884765625,0.0,0.0,9.319841774413362e-05,297.5755615234375,303.1499938964844,285.1499938964844,0.0,-0.0,291.0188293457031,0.0,0.0,9.814251097850502e-05,298.0983581542969,303.1499938964844,285.1499938964844,0.0,-0.0,291.0190124511719,0.0,0.0,7.248776819324121e-05,297.3880615234375,303.1499938964844,285.1499938964844,0.0,-0.0,291.0185852050781,0.0,0.0,9.814246732275932e-05,297.78424072265625,303.1499938964844,285.1499938964844,0.0,-0.0,291.0182189941406,0.0,0.0,0.0004655453958548,290.9833374023437,294.1499938964844,281.3166809082031,280.6979675292969,283.44921875,281.53887939453125,290.6166687011719,0.0,0.0,0.0,0.0,1.0,1.0,-0.000993049936369,5.0514548100011325e-09,0.0009930449305102,-0.0122864032164216,0.0,0.0,0.0,-0.0073170359246432,60.0,-6.3156819343566895,-0.0,-6.723601586600125e-08,0.0,283.1443786621094,288.5085144042969,285.35308837890625,285.36309814453125,293.1499938964844,293.1499938964844,278.1499938964844,0.0,18000.0,313.1499938964844,0.0,18000.0,0.0,0.0,0.0,0.0,0.0,0.0,0.0,0.0,0.0,-0.0,-0.0,-0.0,-6.544322618950674e-21,-3.272161309475337e-21,-3.272161107526945e-21,0.0,0.0,-0.0,0.0,0.0,0.0,-0.0,0.0,0.0,0.0,0.0,0.0,4.0,0.0,0.0
12012060,297.44580078125,303.1499938964844,285.1499938964844,0.0,-0.0,291.0159606933594,0.0,0.0,9.329926979262382e-05,297.5705871582031,303.1499938964844,285.1499938964844,0.0,-0.0,291.0166015625,0.0,0.0,9.824871085584164e-05,298.0935363769531,303.1499938964844,285.1499938964844,0.0,-0.0,291.0167541503906,0.0,0.0,7.25662030163221e-05,297.3799133300781,303.1499938964844,285.1499938964844,0.0,-0.0,291.016357421875,0.0,0.0,9.824866720009597e-05,297.7808837890625,303.1499938964844,285.1499938964844,0.0,-0.0,291.0159606933594,0.0,0.0,0.0004660491249524,290.9807434082031,294.1499938964844,281.2799987792969,280.6737365722656,283.4113464355469,281.4942626953125,290.6124572753906,0.0,0.0,0.0,0.0,1.0,1.0,-0.0009941241005435,5.1770538966877674e-09,0.0009941189782693,-0.0126154562458395,0.0,0.0,0.0,-0.0073793013580143,60.0,-6.344836711883545,-0.0,-6.738154922913965e-08,0.0,283.1443786621094,288.5085144042969,285.35308837890625,285.36309814453125,293.1499938964844,293.1499938964844,278.1499938964844,0.0,18000.0,313.1499938964844,0.0,18000.0,0.0,0.0,0.0,0.0,0.0,0.0,0.0,0.0,0.0,-0.0,-0.0,-0.0,-6.544322618950674e-21,-3.272161309475337e-21,-3.272161107526945e-21,0.0,0.0,-0.0,0.0,0.0,0.0,-0.0,0.0,0.0,0.0,0.0,0.0,4.0,0.0,0.0
12012120,297.44580078125,303.1499938964844,285.1499938964844,0.0,-0.0,291.0159606933594,0.0,0.0,9.329926979262382e-05,297.5705871582031,303.1499938964844,285.1499938964844,0.0,-0.0,291.0166015625,0.0,0.0,9.824871085584164e-05,298.0935363769531,303.1499938964844,285.1499938964844,0.0,-0.0,291.0167541503906,0.0,0.0,7.25662030163221e-05,297.3799133300781,303.1499938964844,285.1499938964844,0.0,-0.0,291.016357421875,0.0,0.0,9.824866720009597e-05,297.7808837890625,303.1499938964844,285.1499938964844,0.0,-0.0,291.0159606933594,0.0,0.0,0.0004660491249524,290.9807434082031,294.1499938964844,281.2799987792969,280.6737365722656,283.4113464355469,281.4942626953125,290.6124572753906,0.0,0.0,0.0,0.0,1.0,1.0,-0.0009941241005435,5.1770538966877674e-09,0.0009941189782693,-0.0126154562458395,0.0,0.0,0.0,-0.0073793013580143,60.0,-6.344836711883545,-0.0,-6.738154922913965e-08,0.0,283.1443786621094,288.5085144042969,285.35308837890625,285.36309814453125,293.1499938964844,293.1499938964844,278.1499938964844,0.0,18000.0,313.1499938964844,0.0,18000.0,0.0,0.0,0.0,0.0,0.0,0.0,0.0,0.0,0.0,-0.0,-0.0,-0.0,-6.544322618950674e-21,-3.272161309475337e-21,-3.272161107526945e-21,0.0,0.0,-0.0,0.0,0.0,0.0,-0.0,0.0,0.0,0.0,0.0,0.0,4.0,0.0,0.0
12012180,297.44293212890625,303.1499938964844,285.1499938964844,0.0,-0.0,291.0146179199219,0.0,0.0,9.335607319371776e-05,297.5675964355469,303.1499938964844,285.1499938964844,0.0,-0.0,291.0152282714844,0.0,0.0,9.830852650338784e-05,298.09063720703125,303.1499938964844,285.1499938964844,0.0,-0.0,291.0154113769531,0.0,0.0,7.261038263095543e-05,297.3750915527344,303.1499938964844,285.1499938964844,0.0,-0.0,291.0150146484375,0.0,0.0,9.830848284764215e-05,297.77886962890625,303.1499938964844,285.1499938964844,0.0,-0.0,291.0146179199219,0.0,0.0,0.0004663328872993,290.9792175292969,294.1499938964844,281.25799560546875,280.6588134765625,283.3886108398437,281.4677124023437,290.60992431640625,0.0,0.0,0.0,0.0,1.0,1.0,-0.000994729110971,5.2478004164413505e-09,0.0009947238722816,-0.0128008006140589,0.0,0.0,0.0,-0.0074143731035292,60.0,-6.362105846405029,-0.0,-6.746359559883788e-08,0.0,283.1443786621094,288.5085144042969,285.35308837890625,285.36309814453125,293.1499938964844,293.1499938964844,278.1499938964844,0.0,18000.0,313.1499938964844,0.0,18000.0,0.0,0.0,0.0,0.0,0.0,0.0,0.0,0.0,0.0,-0.0,-0.0,-0.0,-6.544322618950674e-21,-3.272161309475337e-21,-3.272161107526945e-21,0.0,0.0,-0.0,0.0,0.0,0.0,-0.0,0.0,0.0,0.0,0.0,0.0,4.0,0.0,0.0
12012240,297.4410400390625,303.1499938964844,285.1499938964844,0.0,-0.0,291.0137023925781,0.0,0.0,9.339205280411988e-05,297.56561279296875,303.1499938964844,285.1499938964844,0.0,-0.0,291.01434326171875,0.0,0.0,9.834641241468488e-05,298.08868408203125,303.1499938964844,285.1499938964844,0.0,-0.0,291.0144958496094,0.0,0.0,7.263836596393958e-05,297.3719177246094,303.1499938964844,285.1499938964844,0.0,-0.0,291.0140991210937,0.0,0.0,9.83463687589392e-05,297.7775573730469,303.1499938964844,285.1499938964844,0.0,-0.0,291.01373291015625,0.0,0.0,0.0004665126034524,290.9781799316406,294.1499938964844,281.24334716796875,280.6487121582031,283.3734741210937,281.4500732421875,290.60821533203125,0.0,0.0,0.0,0.0,1.0,1.0,-0.0009951124666258,5.292611238161271e-09,0.000995107111521,-0.0129181975498795,0.0,0.0,0.0,-0.0074365884065628,60.0,-6.373524188995361,-0.0,-6.751558601081342e-08,0.0,283.1443786621094,288.5085144042969,285.35308837890625,285.36309814453125,293.1499938964844,293.1499938964844,278.1499938964844,0.0,18000.0,313.1499938964844,0.0,18000.0,0.0,0.0,0.0,0.0,0.0,0.0,0.0,0.0,0.0,-0.0,-0.0,-0.0,-6.544322618950674e-21,-3.272161309475337e-21,-3.272161107526945e-21,0.0,0.0,-0.0,0.0,0.0,0.0,-0.0,0.0,0.0,0.0,0.0,0.0,4.0,0.0,0.0
12012300,297.4386901855469,303.1499938964844,285.1499938964844,0.0,-0.0,291.0125732421875,0.0,0.0,9.34350464376621e-05,297.5631408691406,303.1499938964844,285.1499938964844,0.0,-0.0,291.01318359375,0.0,0.0,9.839169069891796e-05,298.0862731933594,303.1499938964844,285.1499938964844,0.0,-0.0,291.01336669921875,0.0,0.0,7.267180626513436e-05,297.36798095703125,303.1499938964844,285.1499938964844,0.0,-0.0,291.0129699707031,0.0,0.0,9.839164704317228e-05,297.77587890625,303.1499938964844,285.1499938964844,0.0,-0.0,291.0126037597656,0.0,0.0,0.0004667273897211,290.97686767578125,294.1499938964844,281.2250061035156,280.6358337402344,283.3545227050781,281.4281921386719,290.6060791015625,0.0,0.0,0.0,0.0,1.0,1.0,-0.0009955703280866,5.3461595150849925e-09,0.0009955649729818,-0.013058484531939,0.0,0.0,0.0,-0.0074631343595683,60.0,-6.387655735015869,-0.0,-6.757773718391037e-08,0.0,283.1443786621094,288.5085144042969,285.35308837890625,285.36309814453125,293.1499938964844,293.1499938964844,278.1499938964844,0.0,18000.0,313.1499938964844,0.0,18000.0,0.0,0.0,0.0,0.0,0.0,0.0,0.0,0.0,0.0,-0.0,-0.0,-0.0,-6.544322618950674e-21,-3.272161309475337e-21,-3.272161107526945e-21,0.0,0.0,-0.0,0.0,0.0,0.0,-0.0,0.0,0.0,0.0,0.0,0.0,4.0,0.0,0.0
12012360,297.4363708496094,303.1499938964844,285.1499938964844,0.0,-0.0,291.0114440917969,0.0,0.0,9.347534069092944e-05,297.5606994628906,303.1499938964844,285.1499938964844,0.0,-0.0,291.0120544433594,0.0,0.0,9.843412408372389e-05,298.0838623046875,303.1499938964844,285.1499938964844,0.0,-0.0,291.0122375488281,0.0,0.0,7.270314381457865e-05,297.3641357421875,303.1499938964844,285.1499938964844,0.0,-0.0,291.0118408203125,0.0,0.0,9.84340804279782e-05,297.77423095703125,303.1499938964844,285.1499938964844,0.0,-0.0,291.0114440917969,0.0,0.0,0.0004669286718126,290.9755554199219,294.1499938964844,281.2066650390625,280.6227111816406,283.3355712890625,281.40643310546875,290.6039428710937,0.0,0.0,0.0,0.0,1.0,1.0,-0.0009959995513781,5.396338043084371e-09,0.000995994079858,-0.0131899416446685,0.0,0.0,0.0,-0.0074880099855363,60.0,-6.401626586914063,-0.0,-6.763600879367004e-08,0.0,283.1443786621094,288.5085144042969,285.35308837890625,285.36309814453125,293.1499938964844,293.1499938964844,278.1499938964844,0.0,18000.0,313.1499938964844,0.0,18000.0,0.0,0.0,0.0,0.0,0.0,0.0,0.0,0.0,0.0,-0.0,-0.0,-0.0,-6.544322618950674e-21,-3.272161309475337e-21,-3.272161107526945e-21,0.0,0.0,-0.0,0.0,0.0,0.0,-0.0,0.0,0.0,0.0,0.0,0.0,4.0,0.0,0.0
12012420,297.4317932128906,303.1499938964844,285.1499938964844,0.0,-0.0,291.0091552734375,0.0,0.0,9.354797657579184e-05,297.55584716796875,303.1499938964844,285.1499938964844,0.0,-0.0,291.009765625,0.0,0.0,9.851060895016416e-05,298.0790405273437,303.1499938964844,285.1499938964844,0.0,-0.0,291.00994873046875,0.0,0.0,7.275963434949517e-05,297.35662841796875,303.1499938964844,285.1499938964844,0.0,-0.0,291.0095520019531,0.0,0.0,9.851056529441848e-05,297.7709350585937,303.1499938964844,285.1499938964844,0.0,-0.0,291.0091857910156,0.0,0.0,0.0004672914801631,290.97296142578125,294.1499938964844,281.1700134277344,280.595703125,283.29766845703125,281.36334228515625,290.59967041015625,0.0,0.0,0.0,0.0,1.0,1.0,-0.0009967731311917,5.4867874688113716e-09,0.0009967676596716,-0.0134268999099731,0.0,0.0,0.0,-0.0075328503735363,60.0,-6.429099082946777,-0.0,-6.774111227514369e-08,0.0,283.1443786621094,288.5085144042969,285.35308837890625,285.36309814453125,293.1499938964844,293.1499938964844,278.1499938964844,0.0,18000.0,313.1499938964844,0.0,18000.0,0.0,0.0,0.0,0.0,0.0,0.0,0.0,0.0,0.0,-0.0,-0.0,-0.0,-6.544322618950674e-21,-3.272161309475337e-21,-3.272161107526945e-21,0.0,0.0,-0.0,0.0,0.0,0.0,-0.0,0.0,0.0,0.0,0.0,0.0,4.0,0.0,0.0
12012480,297.4317932128906,303.1499938964844,285.1499938964844,0.0,-0.0,291.0091552734375,0.0,0.0,9.354797657579184e-05,297.55584716796875,303.1499938964844,285.1499938964844,0.0,-0.0,291.009765625,0.0,0.0,9.851060895016416e-05,298.0790405273437,303.1499938964844,285.1499938964844,0.0,-0.0,291.00994873046875,0.0,0.0,7.275963434949517e-05,297.35662841796875,303.1499938964844,285.1499938964844,0.0,-0.0,291.0095520019531,0.0,0.0,9.851056529441848e-05,297.7709350585937,303.1499938964844,285.1499938964844,0.0,-0.0,291.0091857910156,0.0,0.0,0.0004672914801631,290.97296142578125,294.1499938964844,281.1700134277344,280.595703125,283.29766845703125,281.36334228515625,290.59967041015625,0.0,0.0,0.0,0.0,1.0,1.0,-0.0009967731311917,5.4867874688113716e-09,0.0009967676596716,-0.0134268999099731,0.0,0.0,0.0,-0.0075328503735363,60.0,-6.429099082946777,-0.0,-6.774111227514369e-08,0.0,283.1443786621094,288.5085144042969,285.35308837890625,285.36309814453125,293.1499938964844,293.1499938964844,278.1499938964844,0.0,18000.0,313.1499938964844,0.0,18000.0,0.0,0.0,0.0,0.0,0.0,0.0,0.0,0.0,0.0,-0.0,-0.0,-0.0,-6.544322618950674e-21,-3.272161309475337e-21,-3.272161107526945e-21,0.0,0.0,-0.0,0.0,0.0,0.0,-0.0,0.0,0.0,0.0,0.0,0.0,4.0,0.0,0.0
12012540,297.4273376464844,303.1499938964844,285.1499938964844,0.0,-0.0,291.0068664550781,0.0,0.0,9.360747935716064e-05,297.5510559082031,303.1499938964844,285.1499938964844,0.0,-0.0,291.0074768066406,0.0,0.0,9.857326949713752e-05,298.0742492675781,303.1499938964844,285.1499938964844,0.0,-0.0,291.00762939453125,0.0,0.0,7.2805916715879e-05,297.3494873046875,303.1499938964844,285.1499938964844,0.0,-0.0,291.0072326660156,0.0,0.0,9.857322584139185e-05,297.7677001953125,303.1499938964844,285.1499938964844,0.0,-0.0,291.0068664550781,0.0,0.0,0.0004675887175835,290.9703063964844,294.1499938964844,281.1333312988281,280.56756591796875,283.259765625,281.3208923339844,290.5953674316406,0.0,0.0,0.0,0.0,1.0,1.0,-0.0009974067797884,5.560882421207225e-09,0.0009974011918529,-0.0136210098862648,0.0,0.0,0.0,-0.0075695822015404,60.0,-6.455739498138428,-0.0,-6.782726558185459e-08,0.0,283.1443786621094,288.5085144042969,285.35308837890625,285.36309814453125,293.1499938964844,293.1499938964844,278.1499938964844,0.0,18000.0,313.1499938964844,0.0,18000.0,0.0,0.0,0.0,0.0,0.0,0.0,0.0,0.0,0.0,-0.0,-0.0,-0.0,-6.544322618950674e-21,-3.272161309475337e-21,-3.272161107526945e-21,0.0,0.0,-0.0,0.0,0.0,0.0,-0.0,0.0,0.0,0.0,0.0,0.0,4.0,0.0,0.0
12012600,297.4273376464844,303.1499938964844,285.1499938964844,0.0,-0.0,291.0068664550781,0.0,0.0,9.360747935716064e-05,297.5510559082031,303.1499938964844,285.1499938964844,0.0,-0.0,291.0074768066406,0.0,0.0,9.857326949713752e-05,298.0742492675781,303.1499938964844,285.1499938964844,0.0,-0.0,291.00762939453125,0.0,0.0,7.2805916715879e-05,297.3494873046875,303.1499938964844,285.1499938964844,0.0,-0.0,291.0072326660156,0.0,0.0,9.857322584139185e-05,297.7677001953125,303.1499938964844,285.1499938964844,0.0,-0.0,291.0068664550781,0.0,0.0,0.0004675887175835,290.9703063964844,294.1499938964844,281.1333312988281,280.56756591796875,283.259765625,281.3208923339844,290.5953674316406,0.0,0.0,0.0,0.0,1.0,1.0,-0.0009974067797884,5.560882421207225e-09,0.0009974011918529,-0.0136210098862648,0.0,0.0,0.0,-0.0075695822015404,60.0,-6.455739498138428,-0.0,-6.782726558185459e-08,0.0,283.1443786621094,288.5085144042969,285.35308837890625,285.36309814453125,293.1499938964844,293.1499938964844,278.1499938964844,0.0,18000.0,313.1499938964844,0.0,18000.0,0.0,0.0,0.0,0.0,0.0,0.0,0.0,0.0,0.0,-0.0,-0.0,-0.0,-6.544322618950674e-21,-3.272161309475337e-21,-3.272161107526945e-21,0.0,0.0,-0.0,0.0,0.0,0.0,-0.0,0.0,0.0,0.0,0.0,0.0,4.0,0.0,0.0
12012660,297.4230041503906,303.1499938964844,285.1499938964844,0.0,-0.0,291.0045471191406,0.0,0.0,9.365392179461196e-05,297.5463562011719,303.1499938964844,285.1499938964844,0.0,-0.0,291.0051574707031,0.0,0.0,9.862217120826244e-05,298.0694580078125,303.1499938964844,285.1499938964844,0.0,-0.0,291.0053100585937,0.0,0.0,7.284204184543341e-05,297.3427429199219,303.1499938964844,285.1499938964844,0.0,-0.0,291.0049133300781,0.0,0.0,9.862213482847436e-05,297.7645263671875,303.1499938964844,285.1499938964844,0.0,-0.0,291.00457763671875,0.0,0.0,0.0004678207333199,290.9676818847656,294.1499938964844,281.0966796875,280.5382385253906,283.22186279296875,281.2790832519531,290.591064453125,0.0,0.0,0.0,0.0,1.0,1.0,-0.0009979013120755,5.618705944954172e-09,0.0009978957241401,-0.0137724922969937,0.0,0.0,0.0,-0.0075982483103871,60.0,-6.481535911560059,-0.0,-6.789453976807637e-08,0.0,283.1443786621094,288.5085144042969,285.35308837890625,285.36309814453125,293.1499938964844,293.1499938964844,278.1499938964844,0.0,18000.0,313.1499938964844,0.0,18000.0,0.0,0.0,0.0,0.0,0.0,0.0,0.0,0.0,0.0,-0.0,-0.0,-0.0,-6.544322618950674e-21,-3.272161309475337e-21,-3.272161107526945e-21,0.0,0.0,-0.0,0.0,0.0,0.0,-0.0,0.0,0.0,0.0,0.0,0.0,4.0,0.0,0.0
12012720,297.4230041503906,303.1499938964844,285.1499938964844,0.0,-0.0,291.0045471191406,0.0,0.0,9.365392179461196e-05,297.5463562011719,303.1499938964844,285.1499938964844,0.0,-0.0,291.0051574707031,0.0,0.0,9.862217120826244e-05,298.0694580078125,303.1499938964844,285.1499938964844,0.0,-0.0,291.0053100585937,0.0,0.0,7.284204184543341e-05,297.3427429199219,303.1499938964844,285.1499938964844,0.0,-0.0,291.0049133300781,0.0,0.0,9.862213482847436e-05,297.7645263671875,303.1499938964844,285.1499938964844,0.0,-0.0,291.00457763671875,0.0,0.0,0.0004678207333199,290.9676818847656,294.1499938964844,281.0966796875,280.5382385253906,283.22186279296875,281.2790832519531,290.591064453125,0.0,0.0,0.0,0.0,1.0,1.0,-0.0009979013120755,5.618705944954172e-09,0.0009978957241401,-0.0137724922969937,0.0,0.0,0.0,-0.0075982483103871,60.0,-6.481535911560059,-0.0,-6.789453976807637e-08,0.0,283.1443786621094,288.5085144042969,285.35308837890625,285.36309814453125,293.1499938964844,293.1499938964844,278.1499938964844,0.0,18000.0,313.1499938964844,0.0,18000.0,0.0,0.0,0.0,0.0,0.0,0.0,0.0,0.0,0.0,-0.0,-0.0,-0.0,-6.544322618950674e-21,-3.272161309475337e-21,-3.272161107526945e-21,0.0,0.0,-0.0,0.0,0.0,0.0,-0.0,0.0,0.0,0.0,0.0,0.0,4.0,0.0,0.0
12012780,297.4188537597656,303.1499938964844,285.1499938964844,0.0,-0.0,291.0022277832031,0.0,0.0,9.368541213916616e-05,297.541748046875,303.1499938964844,285.1499938964844,0.0,-0.0,291.0028076171875,0.0,0.0,9.865533502306788e-05,298.0647277832031,303.1499938964844,285.1499938964844,0.0,-0.0,291.0029602050781,0.0,0.0,7.286653271876276e-05,297.3363647460937,303.1499938964844,285.1499938964844,0.0,-0.0,291.0025939941406,0.0,0.0,9.86552913673222e-05,297.7614440917969,303.1499938964844,285.1499938964844,0.0,-0.0,291.0022277832031,0.0,0.0,0.0004679780104197,290.9649963378906,294.1499938964844,281.0599975585937,280.5075988769531,283.1839599609375,281.2379150390625,290.58673095703125,0.0,0.0,0.0,0.0,1.0,1.0,-0.0009982365882024,5.6578977059018615e-09,0.0009982308838516,-0.013875164091587,0.0,0.0,0.0,-0.0076176775619387,60.0,-6.506401538848877,-0.0,-6.794015661171215e-08,0.0,283.1443786621094,288.5085144042969,285.35308837890625,285.36309814453125,293.1499938964844,293.1499938964844,278.1499938964844,0.0,18000.0,313.1499938964844,0.0,18000.0,0.0,0.0,0.0,0.0,0.0,0.0,0.0,0.0,0.0,-0.0,-0.0,-0.0,-6.544322618950674e-21,-3.272161309475337e-21,-3.272161107526945e-21,0.0,0.0,-0.0,0.0,0.0,0.0,-0.0,0.0,0.0,0.0,0.0,0.0,4.0,0.0,0.0
12012840,297.4188537597656,303.1499938964844,285.1499938964844,0.0,-0.0,291.0022277832031,0.0,0.0,9.368541213916616e-05,297.541748046875,303.1499938964844,285.1499938964844,0.0,-0.0,291.0028076171875,0.0,0.0,9.865533502306788e-05,298.0647277832031,303.1499938964844,285.1499938964844,0.0,-0.0,291.0029602050781,0.0,0.0,7.286653271876276e-05,297.3363647460937,303.1499938964844,285.1499938964844,0.0,-0.0,291.0025939941406,0.0,0.0,9.86552913673222e-05,297.7614440917969,303.1499938964844,285.1499938964844,0.0,-0.0,291.0022277832031,0.0,0.0,0.0004679780104197,290.9649963378906,294.1499938964844,281.0599975585937,280.5075988769531,283.1839599609375,281.2379150390625,290.58673095703125,0.0,0.0,0.0,0.0,1.0,1.0,-0.0009982365882024,5.6578977059018615e-09,0.0009982308838516,-0.013875164091587,0.0,0.0,0.0,-0.0076176775619387,60.0,-6.506401538848877,-0.0,-6.794015661171215e-08,0.0,283.1443786621094,288.5085144042969,285.35308837890625,285.36309814453125,293.1499938964844,293.1499938964844,278.1499938964844,0.0,18000.0,313.1499938964844,0.0,18000.0,0.0,0.0,0.0,0.0,0.0,0.0,0.0,0.0,0.0,-0.0,-0.0,-0.0,-6.544322618950674e-21,-3.272161309475337e-21,-3.272161107526945e-21,0.0,0.0,-0.0,0.0,0.0,0.0,-0.0,0.0,0.0,0.0,0.0,0.0,4.0,0.0,0.0
12012900,297.4168395996094,303.1499938964844,285.1499938964844,0.0,-0.0,291.0010681152344,0.0,0.0,9.369460894959047e-05,297.5395202636719,303.1499938964844,285.1499938964844,0.0,-0.0,291.00164794921875,0.0,0.0,9.866501932265236e-05,298.0623779296875,303.1499938964844,285.1499938964844,0.0,-0.0,291.0018005371094,0.0,0.0,7.28736849850975e-05,297.3334045410156,303.1499938964844,285.1499938964844,0.0,-0.0,291.0014343261719,0.0,0.0,9.866497566690668e-05,297.7599182128906,303.1499938964844,285.1499938964844,0.0,-0.0,291.0010681152344,0.0,0.0,0.000468023965368,290.96368408203125,294.1499938964844,281.0416564941406,280.49176025390625,283.1650085449219,281.21759033203125,290.5845642089844,0.0,0.0,0.0,0.0,1.0,1.0,-0.0009983343770727,5.669332114877079e-09,0.0009983286727219,-0.0139051191508769,0.0,0.0,0.0,-0.0076233460567891,60.0,-6.518375396728516,-0.0,-6.795346507715294e-08,0.0,283.1443786621094,288.5085144042969,285.35308837890625,285.36309814453125,293.1499938964844,293.1499938964844,278.1499938964844,0.0,18000.0,313.1499938964844,0.0,18000.0,0.0,0.0,0.0,0.0,0.0,0.0,0.0,0.0,0.0,-0.0,-0.0,-0.0,-6.544322618950674e-21,-3.272161309475337e-21,-3.272161107526945e-21,0.0,0.0,-0.0,0.0,0.0,0.0,-0.0,0.0,0.0,0.0,0.0,0.0,4.0,0.0,0.0
12012960,297.4148864746094,303.1499938964844,285.1499938964844,0.0,-0.0,290.9998779296875,0.0,0.0,9.369960753247142e-05,297.53729248046875,303.1499938964844,285.1499938964844,0.0,-0.0,291.0004577636719,0.0,0.0,9.867027984000742e-05,298.06005859375,303.1499938964844,285.1499938964844,0.0,-0.0,291.0006103515625,0.0,0.0,7.287757034646347e-05,297.33056640625,303.1499938964844,285.1499938964844,0.0,-0.0,291.000244140625,0.0,0.0,9.867023618426174e-05,297.7584533691406,303.1499938964844,285.1499938964844,0.0,-0.0,290.9999084472656,0.0,0.0,0.0004680489073507,290.9623413085937,294.1499938964844,281.0233459472656,280.4755554199219,283.1460876464844,281.1974792480469,290.5823669433594,0.0,0.0,0.0,0.0,1.0,1.0,-0.0009983874624595,5.675534708871055e-09,0.0009983817581087,-0.0139213679358363,0.0,0.0,0.0,-0.0076264212839305,60.0,-6.530079364776611,-0.0,-6.796069129677562e-08,0.0,283.1443786621094,288.5085144042969,285.35308837890625,285.36309814453125,293.1499938964844,293.1499938964844,278.1499938964844,0.0,18000.0,313.1499938964844,0.0,18000.0,0.0,0.0,0.0,0.0,0.0,0.0,0.0,0.0,0.0,-0.0,-0.0,-0.0,-6.544322618950674e-21,-3.272161309475337e-21,-3.272161107526945e-21,0.0,0.0,-0.0,0.0,0.0,0.0,-0.0,0.0,0.0,0.0,0.0,0.0,4.0,0.0,0.0
12013020,297.4111328125,303.1499938964844,285.1499938964844,0.0,-0.0,290.9975280761719,0.0,0.0,9.369468170916662e-05,297.532958984375,303.1499938964844,285.1499938964844,0.0,-0.0,290.99810791015625,0.0,0.0,9.866509208222853e-05,298.0554504394531,303.1499938964844,285.1499938964844,0.0,-0.0,290.9982604980469,0.0,0.0,7.287374319275841e-05,297.3252868652344,303.1499938964844,285.1499938964844,0.0,-0.0,290.9978942871094,0.0,0.0,9.866505570244044e-05,297.7555847167969,303.1499938964844,285.1499938964844,0.0,-0.0,290.99755859375,0.0,0.0,0.0004680243437178,290.95965576171875,294.1499938964844,280.9866638183594,280.4420166015625,283.10821533203125,281.1577453613281,290.5780029296875,0.0,0.0,0.0,0.0,1.0,1.0,-0.0009983347263187,5.669364533389398e-09,0.0009983291383832,-0.0139052029699087,0.0,0.0,0.0,-0.0076233628205955,60.0,-6.552567481994629,-0.0,-6.795350060428973e-08,0.0,283.1443786621094,288.5085144042969,285.35308837890625,285.36309814453125,293.1499938964844,293.1499938964844,278.1499938964844,0.0,18000.0,313.1499938964844,0.0,18000.0,0.0,0.0,0.0,0.0,0.0,0.0,0.0,0.0,0.0,-0.0,-0.0,-0.0,-6.544322618950674e-21,-3.272161309475337e-21,-3.272161107526945e-21,0.0,0.0,-0.0,0.0,0.0,0.0,-0.0,0.0,0.0,0.0,0.0,0.0,4.0,0.0,0.0
12013080,297.4111328125,303.1499938964844,285.1499938964844,0.0,-0.0,290.9975280761719,0.0,0.0,9.369468170916662e-05,297.532958984375,303.1499938964844,285.1499938964844,0.0,-0.0,290.99810791015625,0.0,0.0,9.866509208222853e-05,298.0554504394531,303.1499938964844,285.1499938964844,0.0,-0.0,290.9982604980469,0.0,0.0,7.287374319275841e-05,297.3252868652344,303.1499938964844,285.1499938964844,0.0,-0.0,290.9978942871094,0.0,0.0,9.866505570244044e-05,297.7555847167969,303.1499938964844,285.1499938964844,0.0,-0.0,290.99755859375,0.0,0.0,0.0004680243437178,290.95965576171875,294.1499938964844,280.9866638183594,280.4420166015625,283.10821533203125,281.1577453613281,290.5780029296875,0.0,0.0,0.0,0.0,1.0,1.0,-0.0009983347263187,5.669364533389398e-09,0.0009983291383832,-0.0139052029699087,0.0,0.0,0.0,-0.0076233628205955,60.0,-6.552567481994629,-0.0,-6.795350060428973e-08,0.0,283.1443786621094,288.5085144042969,285.35308837890625,285.36309814453125,293.1499938964844,293.1499938964844,278.1499938964844,0.0,18000.0,313.1499938964844,0.0,18000.0,0.0,0.0,0.0,0.0,0.0,0.0,0.0,0.0,0.0,-0.0,-0.0,-0.0,-6.544322618950674e-21,-3.272161309475337e-21,-3.272161107526945e-21,0.0,0.0,-0.0,0.0,0.0,0.0,-0.0,0.0,0.0,0.0,0.0,0.0,4.0,0.0,0.0
12013140,297.4076232910156,303.1499938964844,285.1499938964844,0.0,-0.0,290.99517822265625,0.0,0.0,9.367126040160656e-05,297.52880859375,303.1499938964844,285.1499938964844,0.0,-0.0,290.9957275390625,0.0,0.0,9.864042658591644e-05,298.0509033203125,303.1499938964844,285.1499938964844,0.0,-0.0,290.9958801269531,0.0,0.0,7.285551691893488e-05,297.3206787109375,303.1499938964844,285.1499938964844,0.0,-0.0,290.9955139160156,0.0,0.0,9.864039020612836e-05,297.7528381347656,303.1499938964844,285.1499938964844,0.0,-0.0,290.99517822265625,0.0,0.0,0.0004679073172155,290.9569396972656,294.1499938964844,280.95001220703125,280.40692138671875,283.07037353515625,281.1187744140625,290.5736083984375,0.0,0.0,0.0,0.0,1.0,1.0,-0.000998084899038,5.640137690221536e-09,0.0009980791946873,-0.013828638009727,0.0,0.0,0.0,-0.0076088742353022,60.0,-6.573651313781738,-0.0,-6.791947981810156e-08,0.0,283.1443786621094,288.5085144042969,285.35308837890625,285.36309814453125,293.1499938964844,293.1499938964844,278.1499938964844,0.0,18000.0,313.1499938964844,0.0,18000.0,0.0,0.0,0.0,0.0,0.0,0.0,0.0,0.0,0.0,-0.0,-0.0,-0.0,-6.544322618950674e-21,-3.272161309475337e-21,-3.272161107526945e-21,0.0,0.0,-0.0,0.0,0.0,0.0,-0.0,0.0,0.0,0.0,0.0,0.0,4.0,0.0,0.0
12013200,297.4076232910156,303.1499938964844,285.1499938964844,0.0,-0.0,290.99517822265625,0.0,0.0,9.367126040160656e-05,297.52880859375,303.1499938964844,285.1499938964844,0.0,-0.0,290.9957275390625,0.0,0.0,9.864042658591644e-05,298.0509033203125,303.1499938964844,285.1499938964844,0.0,-0.0,290.9958801269531,0.0,0.0,7.285551691893488e-05,297.3206787109375,303.1499938964844,285.1499938964844,0.0,-0.0,290.9955139160156,0.0,0.0,9.864039020612836e-05,297.7528381347656,303.1499938964844,285.1499938964844,0.0,-0.0,290.99517822265625,0.0,0.0,0.0004679073172155,290.9569396972656,294.1499938964844,280.95001220703125,280.40692138671875,283.07037353515625,281.1187744140625,290.5736083984375,0.0,0.0,0.0,0.0,1.0,1.0,-0.000998084899038,5.640137690221536e-09,0.0009980791946873,-0.013828638009727,0.0,0.0,0.0,-0.0076088742353022,60.0,-6.573651313781738,-0.0,-6.791947981810156e-08,0.0,283.1443786621094,288.5085144042969,285.35308837890625,285.36309814453125,293.1499938964844,293.1499938964844,278.1499938964844,0.0,18000.0,313.1499938964844,0.0,18000.0,0.0,0.0,0.0,0.0,0.0,0.0,0.0,0.0,0.0,-0.0,-0.0,-0.0,-6.544322618950674e-21,-3.272161309475337e-21,-3.272161107526945e-21,0.0,0.0,-0.0,0.0,0.0,0.0,-0.0,0.0,0.0,0.0,0.0,0.0,4.0,0.0,0.0
12013260,297.4044189453125,303.1499938964844,285.1499938964844,0.0,-0.0,290.9927978515625,0.0,0.0,9.361441334476694e-05,297.5248718261719,303.1499938964844,285.1499938964844,0.0,-0.0,290.99334716796875,0.0,0.0,9.858056000666691e-05,298.04644775390625,303.1499938964844,285.1499938964844,0.0,-0.0,290.9934997558594,0.0,0.0,7.281130092451349e-05,297.3168640136719,303.1499938964844,285.1499938964844,0.0,-0.0,290.9931335449219,0.0,0.0,9.858052362687886e-05,297.7502746582031,303.1499938964844,285.1499938964844,0.0,-0.0,290.9927978515625,0.0,0.0,0.0004676233511418,290.9542541503906,294.1499938964844,280.9143981933594,280.3720092773437,283.0325927734375,281.0807800292969,290.5692138671875,0.0,0.0,0.0,0.0,1.0,1.0,-0.0009974789572879,5.569268157756824e-09,0.0009974733693525,-0.0136429779231548,0.0,0.0,0.0,-0.0075737414881587,60.0,-6.592535495758057,-0.0,-6.783702133361659e-08,0.0,283.1443786621094,288.5085144042969,285.35308837890625,285.36309814453125,293.1499938964844,293.1499938964844,278.1499938964844,0.0,18000.0,313.1499938964844,0.0,18000.0,0.0,0.0,0.0,0.0,0.0,0.0,0.0,0.0,0.0,-0.0,-0.0,-0.0,-6.544322618950674e-21,-3.272161309475337e-21,-3.272161107526945e-21,0.0,0.0,-0.0,0.0,0.0,0.0,-0.0,0.0,0.0,0.0,0.0,0.0,4.0,0.0,0.0
12013320,297.4044189453125,303.1499938964844,285.1499938964844,0.0,-0.0,290.9927978515625,0.0,0.0,9.361441334476694e-05,297.5248718261719,303.1499938964844,285.1499938964844,0.0,-0.0,290.99334716796875,0.0,0.0,9.858056000666691e-05,298.04644775390625,303.1499938964844,285.1499938964844,0.0,-0.0,290.9934997558594,0.0,0.0,7.281130092451349e-05,297.3168640136719,303.1499938964844,285.1499938964844,0.0,-0.0,290.9931335449219,0.0,0.0,9.858052362687886e-05,297.7502746582031,303.1499938964844,285.1499938964844,0.0,-0.0,290.9927978515625,0.0,0.0,0.0004676233511418,290.9542541503906,294.1499938964844,280.9143981933594,280.3720092773437,283.0325927734375,281.0807800292969,290.5692138671875,0.0,0.0,0.0,0.0,1.0,1.0,-0.0009974789572879,5.569268157756824e-09,0.0009974733693525,-0.0136429779231548,0.0,0.0,0.0,-0.0075737414881587,60.0,-6.592535495758057,-0.0,-6.783702133361659e-08,0.0,283.1443786621094,288.5085144042969,285.35308837890625,285.36309814453125,293.1499938964844,293.1499938964844,278.1499938964844,0.0,18000.0,313.1499938964844,0.0,18000.0,0.0,0.0,0.0,0.0,0.0,0.0,0.0,0.0,0.0,-0.0,-0.0,-0.0,-6.544322618950674e-21,-3.272161309475337e-21,-3.272161107526945e-21,0.0,0.0,-0.0,0.0,0.0,0.0,-0.0,0.0,0.0,0.0,0.0,0.0,4.0,0.0,0.0
12013380,297.4024658203125,303.1499938964844,285.1499938964844,0.0,-0.0,290.9911499023437,0.0,0.0,9.35523712541908e-05,297.5223388671875,303.1499938964844,285.1499938964844,0.0,-0.0,290.9917297363281,0.0,0.0,9.851522918324918e-05,298.0434875488281,303.1499938964844,285.1499938964844,0.0,-0.0,290.99188232421875,0.0,0.0,7.276304677361622e-05,297.3148193359375,303.1499938964844,285.1499938964844,0.0,-0.0,290.99151611328125,0.0,0.0,9.851518552750348e-05,297.7486267089844,303.1499938964844,285.1499938964844,0.0,-0.0,290.9911804199219,0.0,0.0,0.0004673134244512,290.952392578125,294.1499938964844,280.891357421875,280.34942626953125,283.0069580078125,281.0556945800781,290.5661926269531,0.0,0.0,0.0,0.0,1.0,1.0,-0.0009968177182599,5.491940680002472e-09,0.0009968122467398,-0.0134403994306921,0.0,0.0,0.0,-0.0075354073196649,60.0,-6.603351593017578,-0.0,-6.774710215040616e-08,0.0,283.1443786621094,288.5085144042969,285.35308837890625,285.36309814453125,293.1499938964844,293.1499938964844,278.1499938964844,0.0,18000.0,313.1499938964844,0.0,18000.0,0.0,0.0,0.0,0.0,0.0,0.0,0.0,0.0,0.0,-0.0,-0.0,-0.0,-6.544322618950674e-21,-3.272161309475337e-21,-3.272161107526945e-21,0.0,0.0,-0.0,0.0,0.0,0.0,-0.0,0.0,0.0,0.0,0.0,0.0,4.0,0.0,0.0
12013440,297.401611328125,303.1499938964844,285.1499938964844,0.0,-0.0,290.9903869628906,0.0,0.0,9.351624612463638e-05,297.52117919921875,303.1499938964844,285.1499938964844,0.0,-0.0,290.990966796875,0.0,0.0,9.847719047684222e-05,298.0421142578125,303.1499938964844,285.1499938964844,0.0,-0.0,290.9910888671875,0.0,0.0,7.273495430126786e-05,297.3140563964844,303.1499938964844,285.1499938964844,0.0,-0.0,290.9907531738281,0.0,0.0,9.847715409705415e-05,297.7478942871094,303.1499938964844,285.1499938964844,0.0,-0.0,290.99041748046875,0.0,0.0,0.0004671330098062,290.9515075683594,294.1499938964844,280.8808288574219,280.339111328125,282.9949035644531,281.044189453125,290.5647888183594,0.0,0.0,0.0,0.0,1.0,1.0,-0.0009964327327907,5.4469269095136505e-09,0.0009964273776859,-0.0133224725723266,0.0,0.0,0.0,-0.0075130923651158,60.0,-6.607726573944092,-0.0,-6.769478488877212e-08,0.0,283.1443786621094,288.5085144042969,285.35308837890625,285.36309814453125,293.1499938964844,293.1499938964844,278.1499938964844,0.0,18000.0,313.1499938964844,0.0,18000.0,0.0,0.0,0.0,0.0,0.0,0.0,0.0,0.0,0.0,-0.0,-0.0,-0.0,-6.544322618950674e-21,-3.272161309475337e-21,-3.272161107526945e-21,0.0,0.0,-0.0,0.0,0.0,0.0,-0.0,0.0,0.0,0.0,0.0,0.0,4.0,0.0,0.0
12013500,297.400390625,303.1499938964844,285.1499938964844,0.0,-0.0,290.9891967773437,0.0,0.0,9.345338912680744e-05,297.5194702148437,303.1499938964844,285.1499938964844,0.0,-0.0,290.98974609375,0.0,0.0,9.841099381446838e-05,298.0399780273437,303.1499938964844,285.1499938964844,0.0,-0.0,290.9898986816406,0.0,0.0,7.268605986610055e-05,297.31304931640625,303.1499938964844,285.1499938964844,0.0,-0.0,290.9895324707031,0.0,0.0,9.841095743468033e-05,297.7467956542969,303.1499938964844,285.1499938964844,0.0,-0.0,290.9892272949219,0.0,0.0,0.0004668190085794,290.9501647949219,294.1499938964844,280.8647766113281,280.3233947753906,282.9761047363281,281.02655029296875,290.56256103515625,0.0,0.0,0.0,0.0,1.0,1.0,-0.0009957628790289,5.3685869083608395e-09,0.0009957575239241,-0.0131172379478812,0.0,0.0,0.0,-0.0074742562137544,60.0,-6.613846302032471,-0.0,-6.760377857517599e-08,0.0,283.1443786621094,288.5085144042969,285.35308837890625,285.36309814453125,293.1499938964844,293.1499938964844,278.1499938964844,0.0,18000.0,313.1499938964844,0.0,18000.0,0.0,0.0,0.0,0.0,0.0,0.0,0.0,0.0,0.0,-0.0,-0.0,-0.0,-6.544322618950674e-21,-3.272161309475337e-21,-3.272161107526945e-21,0.0,0.0,-0.0,0.0,0.0,0.0,-0.0,0.0,0.0,0.0,0.0,0.0,4.0,0.0,0.0
12013560,297.3992614746094,303.1499938964844,285.1499938964844,0.0,-0.0,290.9880065917969,0.0,0.0,9.33808260015212e-05,297.517822265625,303.1499938964844,285.1499938964844,0.0,-0.0,290.9885559082031,0.0,0.0,9.833458170760424e-05,298.0378723144531,303.1499938964844,285.1499938964844,0.0,-0.0,290.9887084960937,0.0,0.0,7.262962026288733e-05,297.3123779296875,303.1499938964844,285.1499938964844,0.0,-0.0,290.98834228515625,0.0,0.0,9.833454532781616e-05,297.7457580566406,303.1499938964844,285.1499938964844,0.0,-0.0,290.9880065917969,0.0,0.0,0.0004664565494749,290.94879150390625,294.1499938964844,280.8492126464844,280.3081359863281,282.95733642578125,281.0093994140625,290.5603332519531,0.0,0.0,0.0,0.0,1.0,1.0,-0.0009949896484613,5.2781623516295895e-09,0.0009949844097718,-0.0128803430125117,0.0,0.0,0.0,-0.0074294293299317,60.0,-6.618917942047119,-0.0,-6.749881720224948e-08,0.0,283.1443786621094,288.5085144042969,285.35308837890625,285.36309814453125,293.1499938964844,293.1499938964844,278.1499938964844,0.0,18000.0,313.1499938964844,0.0,18000.0,0.0,0.0,0.0,0.0,0.0,0.0,0.0,0.0,0.0,-0.0,-0.0,-0.0,-6.544322618950674e-21,-3.272161309475337e-21,-3.272161107526945e-21,0.0,0.0,-0.0,0.0,0.0,0.0,-0.0,0.0,0.0,0.0,0.0,0.0,4.0,0.0,0.0
12013620,297.3973999023437,303.1499938964844,285.1499938964844,0.0,-0.0,290.985595703125,0.0,0.0,9.321070683654398e-05,297.5147705078125,303.1499938964844,285.1499938964844,0.0,-0.0,290.98614501953125,0.0,0.0,9.815544035518542e-05,298.0338134765625,303.1499938964844,285.1499938964844,0.0,-0.0,290.9862670898437,0.0,0.0,7.24973069736734e-05,297.3119201660156,303.1499938964844,285.1499938964844,0.0,-0.0,290.9859313964844,0.0,0.0,9.815540397539736e-05,297.7438659667969,303.1499938964844,285.1499938964844,0.0,-0.0,290.985595703125,0.0,0.0,0.0004656067758332,290.946044921875,294.1499938964844,280.8194274902344,280.2789611816406,282.91998291015625,280.97662353515625,290.5558776855469,0.0,0.0,0.0,0.0,1.0,1.0,-0.0009931767126545,5.066174146861613e-09,0.0009931717067956,-0.0123249664902687,0.0,0.0,0.0,-0.0073243379592895,60.0,-6.626243114471436,-0.0,-6.725306178623215e-08,0.0,283.1443786621094,288.5085144042969,285.35308837890625,285.36309814453125,293.1499938964844,293.1499938964844,278.1499938964844,0.0,18000.0,313.1499938964844,0.0,18000.0,0.0,0.0,0.0,0.0,0.0,0.0,0.0,0.0,0.0,-0.0,-0.0,-0.0,-6.544322618950674e-21,-3.272161309475337e-21,-3.272161107526945e-21,0.0,0.0,-0.0,0.0,0.0,0.0,-0.0,0.0,0.0,0.0,0.0,0.0,4.0,0.0,0.0
12013680,297.3973999023437,303.1499938964844,285.1499938964844,0.0,-0.0,290.985595703125,0.0,0.0,9.321070683654398e-05,297.5147705078125,303.1499938964844,285.1499938964844,0.0,-0.0,290.98614501953125,0.0,0.0,9.815544035518542e-05,298.0338134765625,303.1499938964844,285.1499938964844,0.0,-0.0,290.9862670898437,0.0,0.0,7.24973069736734e-05,297.3119201660156,303.1499938964844,285.1499938964844,0.0,-0.0,290.9859313964844,0.0,0.0,9.815540397539736e-05,297.7438659667969,303.1499938964844,285.1499938964844,0.0,-0.0,290.985595703125,0.0,0.0,0.0004656067758332,290.946044921875,294.1499938964844,280.8194274902344,280.2789611816406,282.91998291015625,280.97662353515625,290.5558776855469,0.0,0.0,0.0,0.0,1.0,1.0,-0.0009931767126545,5.066174146861613e-09,0.0009931717067956,-0.0123249664902687,0.0,0.0,0.0,-0.0073243379592895,60.0,-6.626243114471436,-0.0,-6.725306178623215e-08,0.0,283.1443786621094,288.5085144042969,285.35308837890625,285.36309814453125,293.1499938964844,293.1499938964844,278.1499938964844,0.0,18000.0,313.1499938964844,0.0,18000.0,0.0,0.0,0.0,0.0,0.0,0.0,0.0,0.0,0.0,-0.0,-0.0,-0.0,-6.544322618950674e-21,-3.272161309475337e-21,-3.272161107526945e-21,0.0,0.0,-0.0,0.0,0.0,0.0,-0.0,0.0,0.0,0.0,0.0,0.0,4.0,0.0,0.0
12013740,297.39605712890625,303.1499938964844,285.1499938964844,0.0,-0.0,290.9831848144531,0.0,0.0,9.301042155129836e-05,297.5121154785156,303.1499938964844,285.1499938964844,0.0,-0.0,290.98370361328125,0.0,0.0,9.794452489586548e-05,298.02996826171875,303.1499938964844,285.1499938964844,0.0,-0.0,290.9838562011719,0.0,0.0,7.234152872115374e-05,297.31268310546875,303.1499938964844,285.1499938964844,0.0,-0.0,290.9835205078125,0.0,0.0,9.79444885160774e-05,297.7423095703125,303.1499938964844,285.1499938964844,0.0,-0.0,290.9831848144531,0.0,0.0,0.0004646063025575,290.9432983398437,294.1499938964844,280.7913513183594,280.25146484375,282.8828430175781,280.9461975097656,290.5513916015625,0.0,0.0,0.0,0.0,1.0,1.0,-0.0009910423541441,4.816594234569038e-09,0.0009910375811159,-0.0116710886359214,0.0,0.0,0.0,-0.007200610358268,60.0,-6.629780292510986,-0.0,-6.696430432384659e-08,0.0,283.1443786621094,288.5085144042969,285.35308837890625,285.36309814453125,293.1499938964844,293.1499938964844,278.1499938964844,0.0,18000.0,313.1499938964844,0.0,18000.0,0.0,0.0,0.0,0.0,0.0,0.0,0.0,0.0,0.0,-0.0,-0.0,-0.0,-6.544322618950674e-21,-3.272161309475337e-21,-3.272161107526945e-21,0.0,0.0,-0.0,0.0,0.0,0.0,-0.0,0.0,0.0,0.0,0.0,0.0,4.0,0.0,0.0
12013800,297.39605712890625,303.1499938964844,285.1499938964844,0.0,-0.0,290.9831848144531,0.0,0.0,9.301042155129836e-05,297.5121154785156,303.1499938964844,285.1499938964844,0.0,-0.0,290.98370361328125,0.0,0.0,9.794452489586548e-05,298.02996826171875,303.1499938964844,285.1499938964844,0.0,-0.0,290.9838562011719,0.0,0.0,7.234152872115374e-05,297.31268310546875,303.1499938964844,285.1499938964844,0.0,-0.0,290.9835205078125,0.0,0.0,9.79444885160774e-05,297.7423095703125,303.1499938964844,285.1499938964844,0.0,-0.0,290.9831848144531,0.0,0.0,0.0004646063025575,290.9432983398437,294.1499938964844,280.7913513183594,280.25146484375,282.8828430175781,280.9461975097656,290.5513916015625,0.0,0.0,0.0,0.0,1.0,1.0,-0.0009910423541441,4.816594234569038e-09,0.0009910375811159,-0.0116710886359214,0.0,0.0,0.0,-0.007200610358268,60.0,-6.629780292510986,-0.0,-6.696430432384659e-08,0.0,283.1443786621094,288.5085144042969,285.35308837890625,285.36309814453125,293.1499938964844,293.1499938964844,278.1499938964844,0.0,18000.0,313.1499938964844,0.0,18000.0,0.0,0.0,0.0,0.0,0.0,0.0,0.0,0.0,0.0,-0.0,-0.0,-0.0,-6.544322618950674e-21,-3.272161309475337e-21,-3.272161107526945e-21,0.0,0.0,-0.0,0.0,0.0,0.0,-0.0,0.0,0.0,0.0,0.0,0.0,4.0,0.0,0.0
12013860,297.39520263671875,303.1499938964844,285.1499938964844,0.0,-0.0,290.9807434082031,0.0,0.0,9.27850924199447e-05,297.50982666015625,303.1499938964844,285.1499938964844,0.0,-0.0,290.9812927246094,0.0,0.0,9.770724136615172e-05,298.0263061523437,303.1499938964844,285.1499938964844,0.0,-0.0,290.9814147949219,0.0,0.0,7.21662727301009e-05,297.31463623046875,303.1499938964844,285.1499938964844,0.0,-0.0,290.9810791015625,0.0,0.0,9.770720498636364e-05,297.7410583496094,303.1499938964844,285.1499938964844,0.0,-0.0,290.98077392578125,0.0,0.0,0.0004634807410184,290.9405517578125,294.1499938964844,280.7649230957031,280.2255554199219,282.8459777832031,280.91815185546875,290.5469055175781,0.0,0.0,0.0,0.0,1.0,1.0,-0.0009886411717161,4.535820163908966e-09,0.0009886366315186,-0.0109354685992002,0.0,0.0,0.0,-0.0070614186115562,60.0,-6.630148410797119,-0.0,-6.664019736035699e-08,0.0,283.1443786621094,288.5085144042969,285.35308837890625,285.36309814453125,293.1499938964844,293.1499938964844,278.1499938964844,0.0,18000.0,313.1499938964844,0.0,18000.0,0.0,0.0,0.0,0.0,0.0,0.0,0.0,0.0,0.0,-0.0,-0.0,-0.0,-6.544322618950674e-21,-3.272161309475337e-21,-3.272161107526945e-21,0.0,0.0,-0.0,0.0,0.0,0.0,-0.0,0.0,0.0,0.0,0.0,0.0,4.0,0.0,0.0
12013920,297.39520263671875,303.1499938964844,285.1499938964844,0.0,-0.0,290.9807434082031,0.0,0.0,9.27850924199447e-05,297.50982666015625,303.1499938964844,285.1499938964844,0.0,-0.0,290.9812927246094,0.0,0.0,9.770724136615172e-05,298.0263061523437,303.1499938964844,285.1499938964844,0.0,-0.0,290.9814147949219,0.0,0.0,7.21662727301009e-05,297.31463623046875,303.1499938964844,285.1499938964844,0.0,-0.0,290.9810791015625,0.0,0.0,9.770720498636364e-05,297.7410583496094,303.1499938964844,285.1499938964844,0.0,-0.0,290.98077392578125,0.0,0.0,0.0004634807410184,290.9405517578125,294.1499938964844,280.7649230957031,280.2255554199219,282.8459777832031,280.91815185546875,290.5469055175781,0.0,0.0,0.0,0.0,1.0,1.0,-0.0009886411717161,4.535820163908966e-09,0.0009886366315186,-0.0109354685992002,0.0,0.0,0.0,-0.0070614186115562,60.0,-6.630148410797119,-0.0,-6.664019736035699e-08,0.0,283.1443786621094,288.5085144042969,285.35308837890625,285.36309814453125,293.1499938964844,293.1499938964844,278.1499938964844,0.0,18000.0,313.1499938964844,0.0,18000.0,0.0,0.0,0.0,0.0,0.0,0.0,0.0,0.0,0.0,-0.0,-0.0,-0.0,-6.544322618950674e-21,-3.272161309475337e-21,-3.272161107526945e-21,0.0,0.0,-0.0,0.0,0.0,0.0,-0.0,0.0,0.0,0.0,0.0,0.0,4.0,0.0,0.0
12013980,297.3948059082031,303.1499938964844,285.1499938964844,0.0,-0.0,290.97833251953125,0.0,0.0,9.254088217858224e-05,297.50787353515625,303.1499938964844,285.1499938964844,0.0,-0.0,290.9788513183594,0.0,0.0,9.745007992023602e-05,298.0228271484375,303.1499938964844,285.1499938964844,0.0,-0.0,290.9789733886719,0.0,0.0,7.197632658062503e-05,297.3175354003906,303.1499938964844,285.1499938964844,0.0,-0.0,290.9786376953125,0.0,0.0,9.745004354044796e-05,297.7401428222656,303.1499938964844,285.1499938964844,0.0,-0.0,290.97833251953125,0.0,0.0,0.0004622608539648,290.9377746582031,294.1499938964844,280.7400207519531,280.201171875,282.8093566894531,280.8922424316406,290.5423889160156,0.0,0.0,0.0,0.0,1.0,1.0,-0.0009860389400273,4.231523575981555e-09,0.0009860346326604,-0.0101382015272974,0.0,0.0,0.0,-0.0069105657748878,60.0,-6.627943992614746,-0.0,-6.628982873735367e-08,0.0,283.1443786621094,288.5085144042969,285.35308837890625,285.36309814453125,293.1499938964844,293.1499938964844,278.1499938964844,0.0,18000.0,313.1499938964844,0.0,18000.0,0.0,0.0,0.0,0.0,0.0,0.0,0.0,0.0,0.0,-0.0,-0.0,-0.0,-6.544322618950674e-21,-3.272161309475337e-21,-3.272161107526945e-21,0.0,0.0,-0.0,0.0,0.0,0.0,-0.0,0.0,0.0,0.0,0.0,0.0,4.0,0.0,0.0
12014040,297.3948059082031,303.1499938964844,285.1499938964844,0.0,-0.0,290.97833251953125,0.0,0.0,9.254088217858224e-05,297.50787353515625,303.1499938964844,285.1499938964844,0.0,-0.0,290.9788513183594,0.0,0.0,9.745007992023602e-05,298.0228271484375,303.1499938964844,285.1499938964844,0.0,-0.0,290.9789733886719,0.0,0.0,7.197632658062503e-05,297.3175354003906,303.1499938964844,285.1499938964844,0.0,-0.0,290.9786376953125,0.0,0.0,9.745004354044796e-05,297.7401428222656,303.1499938964844,285.1499938964844,0.0,-0.0,290.97833251953125,0.0,0.0,0.0004622608539648,290.9377746582031,294.1499938964844,280.7400207519531,280.201171875,282.8093566894531,280.8922424316406,290.5423889160156,0.0,0.0,0.0,0.0,1.0,1.0,-0.0009860389400273,4.231523575981555e-09,0.0009860346326604,-0.0101382015272974,0.0,0.0,0.0,-0.0069105657748878,60.0,-6.627943992614746,-0.0,-6.628982873735367e-08,0.0,283.1443786621094,288.5085144042969,285.35308837890625,285.36309814453125,293.1499938964844,293.1499938964844,278.1499938964844,0.0,18000.0,313.1499938964844,0.0,18000.0,0.0,0.0,0.0,0.0,0.0,0.0,0.0,0.0,0.0,-0.0,-0.0,-0.0,-6.544322618950674e-21,-3.272161309475337e-21,-3.272161107526945e-21,0.0,0.0,-0.0,0.0,0.0,0.0,-0.0,0.0,0.0,0.0,0.0,0.0,4.0,0.0,0.0
12014100,297.394775390625,303.1499938964844,285.1499938964844,0.0,-0.0,290.97711181640625,0.0,0.0,9.241292718797922e-05,297.5070495605469,303.1499938964844,285.1499938964844,0.0,-0.0,290.9776306152344,0.0,0.0,9.731533646117896e-05,298.0212097167969,303.1499938964844,285.1499938964844,0.0,-0.0,290.9777526855469,0.0,0.0,7.187680603237823e-05,297.31939697265625,303.1499938964844,285.1499938964844,0.0,-0.0,290.9774169921875,0.0,0.0,9.731530008139087e-05,297.73980712890625,303.1499938964844,285.1499938964844,0.0,-0.0,290.97711181640625,0.0,0.0,0.0004616217047441,290.9364013671875,294.1499938964844,280.7281188964844,280.1894836425781,282.79119873046875,280.8802795410156,290.5401306152344,0.0,0.0,0.0,0.0,1.0,1.0,-0.0009846753673627,4.0720866678611856e-09,0.0009846712928265,-0.0097204633057117,0.0,0.0,0.0,-0.006831525824964,60.0,-6.625817775726318,-0.0,-6.610661529293793e-08,0.0,283.1443786621094,288.5085144042969,285.35308837890625,285.36309814453125,293.1499938964844,293.1499938964844,278.1499938964844,0.0,18000.0,313.1499938964844,0.0,18000.0,0.0,0.0,0.0,0.0,0.0,0.0,0.0,0.0,0.0,-0.0,-0.0,-0.0,-6.544322618950674e-21,-3.272161309475337e-21,-3.272161107526945e-21,0.0,0.0,-0.0,0.0,0.0,0.0,-0.0,0.0,0.0,0.0,0.0,0.0,4.0,0.0,0.0
12014160,297.39483642578125,303.1499938964844,285.1499938964844,0.0,-0.0,290.97589111328125,0.0,0.0,9.228278941009194e-05,297.5062866210937,303.1499938964844,285.1499938964844,0.0,-0.0,290.9764099121094,0.0,0.0,9.71782937995158e-05,298.0196228027344,303.1499938964844,285.1499938964844,0.0,-0.0,290.9765319824219,0.0,0.0,7.177559018600732e-05,297.3214416503906,303.1499938964844,285.1499938964844,0.0,-0.0,290.9761962890625,0.0,0.0,9.717825741972774e-05,297.7395324707031,303.1499938964844,285.1499938964844,0.0,-0.0,290.97589111328125,0.0,0.0,0.000460971641587,290.9350280761719,294.1499938964844,280.716552734375,280.1781616210937,282.7731018066406,280.8688049316406,290.537841796875,0.0,0.0,0.0,0.0,1.0,1.0,-0.0009832886280491,3.909930157419694e-09,0.0009832846699282,-0.0092955939471721,0.0,0.0,0.0,-0.0067511382512748,60.0,-6.623270034790039,-0.0,-6.592053836129709e-08,0.0,283.1443786621094,288.5085144042969,285.35308837890625,285.36309814453125,293.1499938964844,293.1499938964844,278.1499938964844,0.0,18000.0,313.1499938964844,0.0,18000.0,0.0,0.0,0.0,0.0,0.0,0.0,0.0,0.0,0.0,-0.0,-0.0,-0.0,-6.544322618950674e-21,-3.272161309475337e-21,-3.272161107526945e-21,0.0,0.0,-0.0,0.0,0.0,0.0,-0.0,0.0,0.0,0.0,0.0,0.0,4.0,0.0,0.0
12014220,297.3952941894531,303.1499938964844,285.1499938964844,0.0,-0.0,290.97344970703125,0.0,0.0,9.201691864291206e-05,297.5050354003906,303.1499938964844,285.1499938964844,0.0,-0.0,290.97393798828125,0.0,0.0,9.689831495052204e-05,298.0166015625,303.1499938964844,285.1499938964844,0.0,-0.0,290.9740905761719,0.0,0.0,7.1568792918697e-05,297.3261108398437,303.1499938964844,285.1499938964844,0.0,-0.0,290.9737548828125,0.0,0.0,9.689827857073396e-05,297.7392272949219,303.1499938964844,285.1499938964844,0.0,-0.0,290.97344970703125,0.0,0.0,0.0004596435464918,290.9322509765625,294.1499938964844,280.69439697265625,280.15643310546875,282.7371826171875,280.84765625,290.5333251953125,0.0,0.0,0.0,0.0,1.0,1.0,-0.0009804553119465,3.578644491852856e-09,0.0009804518194869,-0.0084275715053081,0.0,0.0,0.0,-0.0065869051031768,60.0,-6.616843223571777,-0.0,-6.554120091095683e-08,0.0,283.1443786621094,288.5085144042969,285.35308837890625,285.36309814453125,293.1499938964844,293.1499938964844,278.1499938964844,0.0,18000.0,313.1499938964844,0.0,18000.0,0.0,0.0,0.0,0.0,0.0,0.0,0.0,0.0,0.0,-0.0,-0.0,-0.0,-6.544322618950674e-21,-3.272161309475337e-21,-3.272161107526945e-21,0.0,0.0,-0.0,0.0,0.0,0.0,-0.0,0.0,0.0,0.0,0.0,0.0,4.0,0.0,0.0
12014280,297.3952941894531,303.1499938964844,285.1499938964844,0.0,-0.0,290.97344970703125,0.0,0.0,9.201691864291206e-05,297.5050354003906,303.1499938964844,285.1499938964844,0.0,-0.0,290.97393798828125,0.0,0.0,9.689831495052204e-05,298.0166015625,303.1499938964844,285.1499938964844,0.0,-0.0,290.9740905761719,0.0,0.0,7.1568792918697e-05,297.3261108398437,303.1499938964844,285.1499938964844,0.0,-0.0,290.9737548828125,0.0,0.0,9.689827857073396e-05,297.7392272949219,303.1499938964844,285.1499938964844,0.0,-0.0,290.97344970703125,0.0,0.0,0.0004596435464918,290.9322509765625,294.1499938964844,280.69439697265625,280.15643310546875,282.7371826171875,280.84765625,290.5333251953125,0.0,0.0,0.0,0.0,1.0,1.0,-0.0009804553119465,3.578644491852856e-09,0.0009804518194869,-0.0084275715053081,0.0,0.0,0.0,-0.0065869051031768,60.0,-6.616843223571777,-0.0,-6.554120091095683e-08,0.0,283.1443786621094,288.5085144042969,285.35308837890625,285.36309814453125,293.1499938964844,293.1499938964844,278.1499938964844,0.0,18000.0,313.1499938964844,0.0,18000.0,0.0,0.0,0.0,0.0,0.0,0.0,0.0,0.0,0.0,-0.0,-0.0,-0.0,-6.544322618950674e-21,-3.272161309475337e-21,-3.272161107526945e-21,0.0,0.0,-0.0,0.0,0.0,0.0,-0.0,0.0,0.0,0.0,0.0,0.0,4.0,0.0,0.0
12014340,297.3960876464844,303.1499938964844,285.1499938964844,0.0,-0.0,290.9709777832031,0.0,0.0,9.174906881526113e-05,297.5040283203125,303.1499938964844,285.1499938964844,0.0,-0.0,290.97149658203125,0.0,0.0,9.66162551776506e-05,298.0138244628906,303.1499938964844,285.1499938964844,0.0,-0.0,290.9716186523437,0.0,0.0,7.13604677002877e-05,297.3314514160156,303.1499938964844,285.1499938964844,0.0,-0.0,290.9713134765625,0.0,0.0,9.661622607382014e-05,297.7392272949219,303.1499938964844,285.1499938964844,0.0,-0.0,290.97100830078125,0.0,0.0,0.0004583055851981,290.9294738769531,294.1499938964844,280.6734619140625,280.13592529296875,282.7016296386719,280.8287048339844,290.5287475585937,0.0,0.0,0.0,0.0,1.0,1.0,-0.0009776011575013,3.244905233401596e-09,0.0009775978978723,-0.0075531019829213,0.0,0.0,0.0,-0.0064214556477963,60.0,-6.609132766723633,-0.0,-6.516015815805076e-08,0.0,283.1443786621094,288.5085144042969,285.35308837890625,285.36309814453125,293.1499938964844,293.1499938964844,278.1499938964844,0.0,18000.0,313.1499938964844,0.0,18000.0,0.0,0.0,0.0,0.0,0.0,0.0,0.0,0.0,0.0,-0.0,-0.0,-0.0,-6.544322618950674e-21,-3.272161309475337e-21,-3.272161107526945e-21,0.0,0.0,-0.0,0.0,0.0,0.0,-0.0,0.0,0.0,0.0,0.0,0.0,4.0,0.0,0.0
12014400,297.3960876464844,303.1499938964844,285.1499938964844,0.0,-0.0,290.9709777832031,0.0,0.0,9.174906881526113e-05,297.5040283203125,303.1499938964844,285.1499938964844,0.0,-0.0,290.97149658203125,0.0,0.0,9.66162551776506e-05,298.0138244628906,303.1499938964844,285.1499938964844,0.0,-0.0,290.9716186523437,0.0,0.0,7.13604677002877e-05,297.3314514160156,303.1499938964844,285.1499938964844,0.0,-0.0,290.9713134765625,0.0,0.0,9.661622607382014e-05,297.7392272949219,303.1499938964844,285.1499938964844,0.0,-0.0,290.97100830078125,0.0,0.0,0.0004583055851981,290.9294738769531,294.1499938964844,280.6734619140625,280.13592529296875,282.7016296386719,280.8287048339844,290.5287475585937,0.0,0.0,0.0,0.0,1.0,1.0,-0.0009776011575013,3.244905233401596e-09,0.0009775978978723,-0.0075531019829213,0.0,0.0,0.0,-0.0064214556477963,60.0,-6.609132766723633,-0.0,-6.516015815805076e-08,0.0,283.1443786621094,288.5085144042969,285.35308837890625,285.36309814453125,293.1499938964844,293.1499938964844,278.1499938964844,0.0,18000.0,313.1499938964844,0.0,18000.0,0.0,0.0,0.0,0.0,0.0,0.0,0.0,0.0,0.0,-0.0,-0.0,-0.0,-6.544322618950674e-21,-3.272161309475337e-21,-3.272161107526945e-21,0.0,0.0,-0.0,0.0,0.0,0.0,-0.0,0.0,0.0,0.0,0.0,0.0,4.0,0.0,0.0
12014460,297.3970947265625,303.1499938964844,285.1499938964844,0.0,-0.0,290.9685363769531,0.0,0.0,9.148412209469824e-05,297.5032958984375,303.1499938964844,285.1499938964844,0.0,-0.0,290.9690246582031,0.0,0.0,9.633725858293474e-05,298.01123046875,303.1499938964844,285.1499938964844,0.0,-0.0,290.9691772460937,0.0,0.0,7.11543980287388e-05,297.3371887207031,303.1499938964844,285.1499938964844,0.0,-0.0,290.9688415527344,0.0,0.0,9.633722220314668e-05,297.7394104003906,303.1499938964844,285.1499938964844,0.0,-0.0,290.9685363769531,0.0,0.0,0.0004569821176119,290.9266967773437,294.1499938964844,280.65362548828125,280.1164855957031,282.6664123535156,280.81170654296875,290.5242004394531,0.0,0.0,0.0,0.0,1.0,1.0,-0.0009747777949087,2.91477753044944e-09,0.0009747748845256,-0.0066880783997476,0.0,0.0,0.0,-0.0062577966600656,60.0,-6.600622177124023,-0.0,-6.478433789425253e-08,0.0,283.1443786621094,288.5085144042969,285.35308837890625,285.36309814453125,293.1499938964844,293.1499938964844,278.1499938964844,0.0,18000.0,313.1499938964844,0.0,18000.0,0.0,0.0,0.0,0.0,0.0,0.0,0.0,0.0,0.0,-0.0,-0.0,-0.0,-6.544322618950674e-21,-3.272161309475337e-21,-3.272161107526945e-21,0.0,0.0,-0.0,0.0,0.0,0.0,-0.0,0.0,0.0,0.0,0.0,0.0,4.0,0.0,0.0
12014520,297.3970947265625,303.1499938964844,285.1499938964844,0.0,-0.0,290.9685363769531,0.0,0.0,9.148412209469824e-05,297.5032958984375,303.1499938964844,285.1499938964844,0.0,-0.0,290.9690246582031,0.0,0.0,9.633725858293474e-05,298.01123046875,303.1499938964844,285.1499938964844,0.0,-0.0,290.9691772460937,0.0,0.0,7.11543980287388e-05,297.3371887207031,303.1499938964844,285.1499938964844,0.0,-0.0,290.9688415527344,0.0,0.0,9.633722220314668e-05,297.7394104003906,303.1499938964844,285.1499938964844,0.0,-0.0,290.9685363769531,0.0,0.0,0.0004569821176119,290.9266967773437,294.1499938964844,280.65362548828125,280.1164855957031,282.6664123535156,280.81170654296875,290.5242004394531,0.0,0.0,0.0,0.0,1.0,1.0,-0.0009747777949087,2.91477753044944e-09,0.0009747748845256,-0.0066880783997476,0.0,0.0,0.0,-0.0062577966600656,60.0,-6.600622177124023,-0.0,-6.478433789425253e-08,0.0,283.1443786621094,288.5085144042969,285.35308837890625,285.36309814453125,293.1499938964844,293.1499938964844,278.1499938964844,0.0,18000.0,313.1499938964844,0.0,18000.0,0.0,0.0,0.0,0.0,0.0,0.0,0.0,0.0,0.0,-0.0,-0.0,-0.0,-6.544322618950674e-21,-3.272161309475337e-21,-3.272161107526945e-21,0.0,0.0,-0.0,0.0,0.0,0.0,-0.0,0.0,0.0,0.0,0.0,0.0,4.0,0.0,0.0
12014580,297.3980407714844,303.1499938964844,285.1499938964844,0.0,-0.0,290.9666748046875,0.0,0.0,9.12881369004026e-05,297.5028686523437,303.1499938964844,285.1499938964844,0.0,-0.0,290.9671630859375,0.0,0.0,9.61308687692508e-05,298.0093994140625,303.1499938964844,285.1499938964844,0.0,-0.0,290.96728515625,0.0,0.0,7.100195944076404e-05,297.341796875,303.1499938964844,285.1499938964844,0.0,-0.0,290.96697998046875,0.0,0.0,9.613083238946274e-05,297.7397155761719,303.1499938964844,285.1499938964844,0.0,-0.0,290.9666748046875,0.0,0.0,0.000456003122963,290.9245910644531,294.1499938964844,280.63922119140625,280.1023864746094,282.6399230957031,280.8002624511719,290.52069091796875,0.0,0.0,0.0,0.0,1.0,1.0,-0.0009726892458274,2.6705717637298676e-09,0.000972686568275,-0.0060481838881969,0.0,0.0,0.0,-0.0061367326416075,60.0,-6.593827724456787,-0.0,-6.450702727534009e-08,0.0,283.1443786621094,288.5085144042969,285.35308837890625,285.36309814453125,293.1499938964844,293.1499938964844,278.1499938964844,0.0,18000.0,313.1499938964844,0.0,18000.0,0.0,0.0,0.0,0.0,0.0,0.0,0.0,0.0,0.0,-0.0,-0.0,-0.0,-6.544322618950674e-21,-3.272161309475337e-21,-3.272161107526945e-21,0.0,0.0,-0.0,0.0,0.0,0.0,-0.0,0.0,0.0,0.0,0.0,0.0,4.0,0.0,0.0
12014640,297.3983764648437,303.1499938964844,285.1499938964844,0.0,-0.0,290.966064453125,0.0,0.0,9.122716437559576e-05,297.50274658203125,303.1499938964844,285.1499938964844,0.0,-0.0,290.966552734375,0.0,0.0,9.606666571926326e-05,298.00885009765625,303.1499938964844,285.1499938964844,0.0,-0.0,290.9667053222656,0.0,0.0,7.09545420249924e-05,297.34326171875,303.1499938964844,285.1499938964844,0.0,-0.0,290.96636962890625,0.0,0.0,9.606662933947518e-05,297.7398376464844,303.1499938964844,285.1499938964844,0.0,-0.0,290.9660949707031,0.0,0.0,0.0004556985513772,290.9239196777344,294.1499938964844,280.6347961425781,280.0980529785156,282.631591796875,280.7968139648437,290.51959228515625,0.0,0.0,0.0,0.0,1.0,1.0,-0.0009720395319163,2.594603198957656e-09,0.0009720369125716,-0.0058491211384534,0.0,0.0,0.0,-0.0060990718193352,60.0,-6.59166431427002,-0.0,-6.442088107405652e-08,0.0,283.1443786621094,288.5085144042969,285.35308837890625,285.36309814453125,293.1499938964844,293.1499938964844,278.1499938964844,0.0,18000.0,313.1499938964844,0.0,18000.0,0.0,0.0,0.0,0.0,0.0,0.0,0.0,0.0,0.0,-0.0,-0.0,-0.0,-6.544322618950674e-21,-3.272161309475337e-21,-3.272161107526945e-21,0.0,0.0,-0.0,0.0,0.0,0.0,-0.0,0.0,0.0,0.0,0.0,0.0,4.0,0.0,0.0
12014700,297.3990478515625,303.1499938964844,285.1499938964844,0.0,-0.0,290.96484375,0.0,0.0,9.110329847317188e-05,297.5025634765625,303.1499938964844,285.1499938964844,0.0,-0.0,290.96533203125,0.0,0.0,9.593622235115618e-05,298.0076904296875,303.1499938964844,285.1499938964844,0.0,-0.0,290.9654541015625,0.0,0.0,7.0858201070223e-05,297.34637451171875,303.1499938964844,285.1499938964844,0.0,-0.0,290.96514892578125,0.0,0.0,9.593619324732572e-05,297.7401123046875,303.1499938964844,285.1499938964844,0.0,-0.0,290.96484375,0.0,0.0,0.0004550798330456,290.9225158691406,294.1499938964844,280.625732421875,280.08917236328125,282.61431884765625,280.7901916503906,290.5173034667969,0.0,0.0,0.0,0.0,1.0,1.0,-0.0009707195567898,2.440263990877156e-09,0.000970717112068,-0.0054446998983621,0.0,0.0,0.0,-0.0060225585475564,60.0,-6.587169170379639,-0.0,-6.424603782306805e-08,0.0,283.1443786621094,288.5085144042969,285.35308837890625,285.36309814453125,293.1499938964844,293.1499938964844,278.1499938964844,0.0,18000.0,313.1499938964844,0.0,18000.0,0.0,0.0,0.0,0.0,0.0,0.0,0.0,0.0,0.0,-0.0,-0.0,-0.0,-6.544322618950674e-21,-3.272161309475337e-21,-3.272161107526945e-21,0.0,0.0,-0.0,0.0,0.0,0.0,-0.0,0.0,0.0,0.0,0.0,0.0,4.0,0.0,0.0
12014760,297.3997802734375,303.1499938964844,285.1499938964844,0.0,-0.0,290.9635925292969,0.0,0.0,9.09822847461328e-05,297.5023803710937,303.1499938964844,285.1499938964844,0.0,-0.0,290.9640808105469,0.0,0.0,9.580879122950137e-05,298.0066223144531,303.1499938964844,285.1499938964844,0.0,-0.0,290.9642028808594,0.0,0.0,7.076407928252593e-05,297.3495178222656,303.1499938964844,285.1499938964844,0.0,-0.0,290.9638977050781,0.0,0.0,9.580876212567092e-05,297.7404479980469,303.1499938964844,285.1499938964844,0.0,-0.0,290.963623046875,0.0,0.0,0.000454475346487,290.9211120605469,294.1499938964844,280.61688232421875,280.0804748535156,282.5971374511719,280.7839660644531,290.5150146484375,0.0,0.0,0.0,0.0,1.0,1.0,-0.0009694299078546,2.289480605099925e-09,0.0009694276377558,-0.0050495932810008,0.0,0.0,0.0,-0.0059478082694113,60.0,-6.582708358764648,-0.0,-6.407545782849411e-08,0.0,283.1443786621094,288.5085144042969,285.35308837890625,285.36309814453125,293.1499938964844,293.1499938964844,278.1499938964844,0.0,18000.0,313.1499938964844,0.0,18000.0,0.0,0.0,0.0,0.0,0.0,0.0,0.0,0.0,0.0,-0.0,-0.0,-0.0,-6.544322618950674e-21,-3.272161309475337e-21,-3.272161107526945e-21,0.0,0.0,-0.0,0.0,0.0,0.0,-0.0,0.0,0.0,0.0,0.0,0.0,4.0,0.0,0.0
12014820,297.4012756347656,303.1499938964844,285.1499938964844,0.0,-0.0,290.96112060546875,0.0,0.0,9.075470734387636e-05,297.50213623046875,303.1499938964844,285.1499938964844,0.0,-0.0,290.96160888671875,0.0,0.0,9.5569143013563e-05,298.0045471191406,303.1499938964844,285.1499938964844,0.0,-0.0,290.96173095703125,0.0,0.0,7.058706978568807e-05,297.355712890625,303.1499938964844,285.1499938964844,0.0,-0.0,290.96142578125,0.0,0.0,9.556911390973256e-05,297.7411804199219,303.1499938964844,285.1499938964844,0.0,-0.0,290.9611511230469,0.0,0.0,0.0004533385508693,290.9183044433594,294.1499938964844,280.5997619628906,280.0636901855469,282.56304931640625,280.7729187011719,290.5104064941406,0.0,0.0,0.0,0.0,1.0,1.0,-0.000967004802078,2.005916321934364e-09,0.0009670027648098,-0.0043065464124083,0.0,0.0,0.0,-0.0058072325773537,60.0,-6.574173927307129,-0.0,-6.375527306090589e-08,0.0,283.1443786621094,288.5085144042969,285.35308837890625,285.36309814453125,293.1499938964844,293.1499938964844,278.1499938964844,0.0,18000.0,313.1499938964844,0.0,18000.0,0.0,0.0,0.0,0.0,0.0,0.0,0.0,0.0,0.0,-0.0,-0.0,-0.0,-6.544322618950674e-21,-3.272161309475337e-21,-3.272161107526945e-21,0.0,0.0,-0.0,0.0,0.0,0.0,-0.0,0.0,0.0,0.0,0.0,0.0,4.0,0.0,0.0
12014880,297.4012756347656,303.1499938964844,285.1499938964844,0.0,-0.0,290.96112060546875,0.0,0.0,9.075470734387636e-05,297.50213623046875,303.1499938964844,285.1499938964844,0.0,-0.0,290.96160888671875,0.0,0.0,9.5569143013563e-05,298.0045471191406,303.1499938964844,285.1499938964844,0.0,-0.0,290.96173095703125,0.0,0.0,7.058706978568807e-05,297.355712890625,303.1499938964844,285.1499938964844,0.0,-0.0,290.96142578125,0.0,0.0,9.556911390973256e-05,297.7411804199219,303.1499938964844,285.1499938964844,0.0,-0.0,290.9611511230469,0.0,0.0,0.0004533385508693,290.9183044433594,294.1499938964844,280.5997619628906,280.0636901855469,282.56304931640625,280.7729187011719,290.5104064941406,0.0,0.0,0.0,0.0,1.0,1.0,-0.000967004802078,2.005916321934364e-09,0.0009670027648098,-0.0043065464124083,0.0,0.0,0.0,-0.0058072325773537,60.0,-6.574173927307129,-0.0,-6.375527306090589e-08,0.0,283.1443786621094,288.5085144042969,285.35308837890625,285.36309814453125,293.1499938964844,293.1499938964844,278.1499938964844,0.0,18000.0,313.1499938964844,0.0,18000.0,0.0,0.0,0.0,0.0,0.0,0.0,0.0,0.0,0.0,-0.0,-0.0,-0.0,-6.544322618950674e-21,-3.272161309475337e-21,-3.272161107526945e-21,0.0,0.0,-0.0,0.0,0.0,0.0,-0.0,0.0,0.0,0.0,0.0,0.0,4.0,0.0,0.0
12014940,297.4028015136719,303.1499938964844,285.1499938964844,0.0,-0.0,290.9586486816406,0.0,0.0,9.054734255187212e-05,297.5019836425781,303.1499938964844,285.1499938964844,0.0,-0.0,290.9591064453125,0.0,0.0,9.535077697364612e-05,298.0025939941406,303.1499938964844,285.1499938964844,0.0,-0.0,290.9592590332031,0.0,0.0,7.042578363325447e-05,297.3617553710937,303.1499938964844,285.1499938964844,0.0,-0.0,290.9589538574219,0.0,0.0,9.535074059385806e-05,297.74200439453125,303.1499938964844,285.1499938964844,0.0,-0.0,290.9586486816406,0.0,0.0,0.0004523027164395,290.91552734375,294.1499938964844,280.5833435058594,280.047607421875,282.5293884277344,280.7637939453125,290.5057983398437,0.0,0.0,0.0,0.0,1.0,1.0,-0.0009647949482314,1.7475338953687471e-09,0.0009647932020016,-0.0036294802557677,0.0,0.0,0.0,-0.0056791407987475,60.0,-6.566463470458984,-0.0,-6.346422054548384e-08,0.0,283.1443786621094,288.5085144042969,285.35308837890625,285.36309814453125,293.1499938964844,293.1499938964844,278.1499938964844,0.0,18000.0,313.1499938964844,0.0,18000.0,0.0,0.0,0.0,0.0,0.0,0.0,0.0,0.0,0.0,-0.0,-0.0,-0.0,-6.544322618950674e-21,-3.272161309475337e-21,-3.272161107526945e-21,0.0,0.0,-0.0,0.0,0.0,0.0,-0.0,0.0,0.0,0.0,0.0,0.0,4.0,0.0,0.0
12015000,297.4028015136719,303.1499938964844,285.1499938964844,0.0,-0.0,290.9586486816406,0.0,0.0,9.054734255187212e-05,297.5019836425781,303.1499938964844,285.1499938964844,0.0,-0.0,290.9591064453125,0.0,0.0,9.535077697364612e-05,298.0025939941406,303.1499938964844,285.1499938964844,0.0,-0.0,290.9592590332031,0.0,0.0,7.042578363325447e-05,297.3617553710937,303.1499938964844,285.1499938964844,0.0,-0.0,290.9589538574219,0.0,0.0,9.535074059385806e-05,297.74200439453125,303.1499938964844,285.1499938964844,0.0,-0.0,290.9586486816406,0.0,0.0,0.0004523027164395,290.91552734375,294.1499938964844,280.5833435058594,280.047607421875,282.5293884277344,280.7637939453125,290.5057983398437,0.0,0.0,0.0,0.0,1.0,1.0,-0.0009647949482314,1.7475338953687471e-09,0.0009647932020016,-0.0036294802557677,0.0,0.0,0.0,-0.0056791407987475,60.0,-6.566463470458984,-0.0,-6.346422054548384e-08,0.0,283.1443786621094,288.5085144042969,285.35308837890625,285.36309814453125,293.1499938964844,293.1499938964844,278.1499938964844,0.0,18000.0,313.1499938964844,0.0,18000.0,0.0,0.0,0.0,0.0,0.0,0.0,0.0,0.0,0.0,-0.0,-0.0,-0.0,-6.544322618950674e-21,-3.272161309475337e-21,-3.272161107526945e-21,0.0,0.0,-0.0,0.0,0.0,0.0,-0.0,0.0,0.0,0.0,0.0,0.0,4.0,0.0,0.0
12015060,297.404296875,303.1499938964844,285.1499938964844,0.0,-0.0,290.9561462402344,0.0,0.0,9.035858238348736e-05,297.5018615722656,303.1499938964844,285.1499938964844,0.0,-0.0,290.9566345214844,0.0,0.0,9.515199781162664e-05,298.0007629394531,303.1499938964844,285.1499938964844,0.0,-0.0,290.9567565917969,0.0,0.0,7.027896936051548e-05,297.3675231933594,303.1499938964844,285.1499938964844,0.0,-0.0,290.9564514160156,0.0,0.0,9.51519687077962e-05,297.74285888671875,303.1499938964844,285.1499938964844,0.0,-0.0,290.9561767578125,0.0,0.0,0.0004513598105404,290.9127197265625,294.1499938964844,280.5675048828125,280.0321044921875,282.4960632324219,280.7563171386719,290.5011901855469,0.0,0.0,0.0,0.0,1.0,1.0,-0.0009627833496779,1.5123319263565802e-09,0.0009627818362787,-0.0030131512321531,0.0,0.0,0.0,-0.0055625401437282,60.0,-6.559612274169922,-0.0,-6.31998631206443e-08,0.0,283.1443786621094,288.5085144042969,285.35308837890625,285.36309814453125,293.1499938964844,293.1499938964844,278.1499938964844,0.0,18000.0,313.1499938964844,0.0,18000.0,0.0,0.0,0.0,0.0,0.0,0.0,0.0,0.0,0.0,-0.0,-0.0,-0.0,-6.544322618950674e-21,-3.272161309475337e-21,-3.272161107526945e-21,0.0,0.0,-0.0,0.0,0.0,0.0,-0.0,0.0,0.0,0.0,0.0,0.0,4.0,0.0,0.0
12015120,297.404296875,303.1499938964844,285.1499938964844,0.0,-0.0,290.9561462402344,0.0,0.0,9.035858238348736e-05,297.5018615722656,303.1499938964844,285.1499938964844,0.0,-0.0,290.9566345214844,0.0,0.0,9.515199781162664e-05,298.0007629394531,303.1499938964844,285.1499938964844,0.0,-0.0,290.9567565917969,0.0,0.0,7.027896936051548e-05,297.3675231933594,303.1499938964844,285.1499938964844,0.0,-0.0,290.9564514160156,0.0,0.0,9.51519687077962e-05,297.74285888671875,303.1499938964844,285.1499938964844,0.0,-0.0,290.9561767578125,0.0,0.0,0.0004513598105404,290.9127197265625,294.1499938964844,280.5675048828125,280.0321044921875,282.4960632324219,280.7563171386719,290.5011901855469,0.0,0.0,0.0,0.0,1.0,1.0,-0.0009627833496779,1.5123319263565802e-09,0.0009627818362787,-0.0030131512321531,0.0,0.0,0.0,-0.0055625401437282,60.0,-6.559612274169922,-0.0,-6.31998631206443e-08,0.0,283.1443786621094,288.5085144042969,285.35308837890625,285.36309814453125,293.1499938964844,293.1499938964844,278.1499938964844,0.0,18000.0,313.1499938964844,0.0,18000.0,0.0,0.0,0.0,0.0,0.0,0.0,0.0,0.0,0.0,-0.0,-0.0,-0.0,-6.544322618950674e-21,-3.272161309475337e-21,-3.272161107526945e-21,0.0,0.0,-0.0,0.0,0.0,0.0,-0.0,0.0,0.0,0.0,0.0,0.0,4.0,0.0,0.0
12015180,297.4057312011719,303.1499938964844,285.1499938964844,0.0,-0.0,290.95367431640625,0.0,0.0,9.01900202734396e-05,297.5017395019531,303.1499938964844,285.1499938964844,0.0,-0.0,290.9541320800781,0.0,0.0,9.497449354967102e-05,297.9990234375,303.1499938964844,285.1499938964844,0.0,-0.0,290.9542541503906,0.0,0.0,7.01478638802655e-05,297.37286376953125,303.1499938964844,285.1499938964844,0.0,-0.0,290.9539489746094,0.0,0.0,9.497446444584055e-05,297.7437744140625,303.1499938964844,285.1499938964844,0.0,-0.0,290.95367431640625,0.0,0.0,0.0004505177785176,290.9098815917969,294.1499938964844,280.5521545410156,280.0170593261719,282.463134765625,280.7504577636719,290.4965515136719,0.0,0.0,0.0,0.0,1.0,1.0,-0.0009609869448468,1.3022926070860308e-09,0.0009609856642782,-0.0024627565871924,0.0,0.0,0.0,-0.0054584140889346,60.0,-6.5538105964660645,-0.0,-6.296424714946626e-08,0.0,283.1443786621094,288.5085144042969,285.35308837890625,285.36309814453125,293.1499938964844,293.1499938964844,278.1499938964844,0.0,18000.0,313.1499938964844,0.0,18000.0,0.0,0.0,0.0,0.0,0.0,0.0,0.0,0.0,0.0,-0.0,-0.0,-0.0,-6.544322618950674e-21,-3.272161309475337e-21,-3.272161107526945e-21,0.0,0.0,-0.0,0.0,0.0,0.0,-0.0,0.0,0.0,0.0,0.0,0.0,4.0,0.0,0.0
12015240,297.4057312011719,303.1499938964844,285.1499938964844,0.0,-0.0,290.95367431640625,0.0,0.0,9.01900202734396e-05,297.5017395019531,303.1499938964844,285.1499938964844,0.0,-0.0,290.9541320800781,0.0,0.0,9.497449354967102e-05,297.9990234375,303.1499938964844,285.1499938964844,0.0,-0.0,290.9542541503906,0.0,0.0,7.01478638802655e-05,297.37286376953125,303.1499938964844,285.1499938964844,0.0,-0.0,290.9539489746094,0.0,0.0,9.497446444584055e-05,297.7437744140625,303.1499938964844,285.1499938964844,0.0,-0.0,290.95367431640625,0.0,0.0,0.0004505177785176,290.9098815917969,294.1499938964844,280.5521545410156,280.0170593261719,282.463134765625,280.7504577636719,290.4965515136719,0.0,0.0,0.0,0.0,1.0,1.0,-0.0009609869448468,1.3022926070860308e-09,0.0009609856642782,-0.0024627565871924,0.0,0.0,0.0,-0.0054584140889346,60.0,-6.5538105964660645,-0.0,-6.296424714946626e-08,0.0,283.1443786621094,288.5085144042969,285.35308837890625,285.36309814453125,293.1499938964844,293.1499938964844,278.1499938964844,0.0,18000.0,313.1499938964844,0.0,18000.0,0.0,0.0,0.0,0.0,0.0,0.0,0.0,0.0,0.0,-0.0,-0.0,-0.0,-6.544322618950674e-21,-3.272161309475337e-21,-3.272161107526945e-21,0.0,0.0,-0.0,0.0,0.0,0.0,-0.0,0.0,0.0,0.0,0.0,0.0,4.0,0.0,0.0
12015300,297.4064025878906,303.1499938964844,285.1499938964844,0.0,-0.0,290.9524230957031,0.0,0.0,9.011332440422848e-05,297.5016784667969,303.1499938964844,285.1499938964844,0.0,-0.0,290.952880859375,0.0,0.0,9.48937304201536e-05,297.9981994628906,303.1499938964844,285.1499938964844,0.0,-0.0,290.9530029296875,0.0,0.0,7.008821557974443e-05,297.3753662109375,303.1499938964844,285.1499938964844,0.0,-0.0,290.95269775390625,0.0,0.0,9.489370131632312e-05,297.74420166015625,303.1499938964844,285.1499938964844,0.0,-0.0,290.9524230957031,0.0,0.0,0.0004501347139012,290.9084777832031,294.1499938964844,280.5446472167969,280.0096740722656,282.44677734375,280.74810791015625,290.4942321777344,0.0,0.0,0.0,0.0,1.0,1.0,-0.0009601696510799,1.2067302712637231e-09,0.000960168428719,-0.0022123409435153,0.0,0.0,0.0,-0.0054110395722091,60.0,-6.551336765289307,-0.0,-6.285719678089663e-08,0.0,283.1443786621094,288.5085144042969,285.35308837890625,285.36309814453125,293.1499938964844,293.1499938964844,278.1499938964844,0.0,18000.0,313.1499938964844,0.0,18000.0,0.0,0.0,0.0,0.0,0.0,0.0,0.0,0.0,0.0,-0.0,-0.0,-0.0,-6.544322618950674e-21,-3.272161309475337e-21,-3.272161107526945e-21,0.0,0.0,-0.0,0.0,0.0,0.0,-0.0,0.0,0.0,0.0,0.0,0.0,4.0,0.0,0.0
12015360,297.4070739746094,303.1499938964844,285.1499938964844,0.0,-0.0,290.9511413574219,0.0,0.0,9.004073217511177e-05,297.5016174316406,303.1499938964844,285.1499938964844,0.0,-0.0,290.9515991210937,0.0,0.0,9.481728920945898e-05,297.99737548828125,303.1499938964844,285.1499938964844,0.0,-0.0,290.95172119140625,0.0,0.0,7.003175414865837e-05,297.37774658203125,303.1499938964844,285.1499938964844,0.0,-0.0,290.9514465332031,0.0,0.0,9.481726010562852e-05,297.74462890625,303.1499938964844,285.1499938964844,0.0,-0.0,290.951171875,0.0,0.0,0.0004497721092775,290.9070739746094,294.1499938964844,280.5372009277344,280.0024108886719,282.4305114746094,280.74609375,290.4919128417969,0.0,0.0,0.0,0.0,1.0,1.0,-0.0009622712968848,1.1191587656611546e-09,0.0009622701909393,-0.001980013679713,0.0,0.0,0.0,-0.0053819548338651,60.0,-6.551305770874023,-0.0,-6.275595154647817e-08,0.0,283.1443786621094,288.5085144042969,285.35308837890625,285.36309814453125,293.1499938964844,293.1499938964844,278.1499938964844,0.0,18000.0,313.1499938964844,0.0,18000.0,0.0,0.0,0.0,0.0,0.0,0.0,0.0,0.0,0.0,-0.0,-0.0,-0.0,-6.544322618950674e-21,-3.272161309475337e-21,-3.272161107526945e-21,0.0,0.0,-0.0,0.0,0.0,0.0,-0.0,0.0,0.0,0.0,0.0,0.0,4.0,0.0,0.0
12015420,297.4081420898437,303.1499938964844,285.1499938964844,0.0,-0.0,290.9497375488281,0.0,0.0,4.5981021685292944e-05,297.5013732910156,303.1499938964844,285.1499938964844,0.0,-0.0,290.9501953125,0.0,0.0,4.842026100959629e-05,297.9957580566406,303.1499938964844,285.1499938964844,0.0,-0.0,290.9503479003906,0.0,0.0,3.576305243768729e-05,297.382080078125,303.1499938964844,285.1499938964844,0.0,-0.0,290.95001220703125,0.0,0.0,4.842024645768106e-05,297.7454833984375,303.1499938964844,285.1499938964844,0.0,-0.0,290.94976806640625,0.0,0.0,0.0002296847087563,290.9051818847656,294.1499938964844,280.52252197265625,279.9880065917969,282.4028015136719,280.7427062988281,290.4873046875,0.0,0.0,0.0,0.0,1.0,1.0,-0.0007138924556784,8.371013326957663e-10,0.0007138916407711,-0.0014868606813251,0.0,0.0,0.0,-0.0039869523607194,60.0,-5.641354084014893,-0.0,-1.6365673261020678e-08,0.0,283.1443786621094,288.5085144042969,285.35308837890625,285.36309814453125,293.1499938964844,293.1499938964844,278.1499938964844,0.0,18000.0,313.1499938964844,0.0,18000.0,0.0,0.0,0.0,0.0,0.0,0.0,0.0,0.0,0.0,-0.0,-0.0,-0.0,-6.544322618950674e-21,-3.272161309475337e-21,-3.272161107526945e-21,0.0,0.0,-0.0,0.0,0.0,0.0,-0.0,0.0,0.0,0.0,0.0,0.0,4.0,0.0,0.0
12015480,297.4081420898437,303.1499938964844,285.1499938964844,0.0,-0.0,290.9497375488281,0.0,0.0,4.5981021685292944e-05,297.5013732910156,303.1499938964844,285.1499938964844,0.0,-0.0,290.9501953125,0.0,0.0,4.842026100959629e-05,297.9957580566406,303.1499938964844,285.1499938964844,0.0,-0.0,290.9503479003906,0.0,0.0,3.576305243768729e-05,297.382080078125,303.1499938964844,285.1499938964844,0.0,-0.0,290.95001220703125,0.0,0.0,4.842024645768106e-05,297.7454833984375,303.1499938964844,285.1499938964844,0.0,-0.0,290.94976806640625,0.0,0.0,0.0002296847087563,290.9051818847656,294.1499938964844,280.52252197265625,279.9880065917969,282.4028015136719,280.7427062988281,290.4873046875,0.0,0.0,0.0,0.0,1.0,1.0,-0.0007138924556784,8.371013326957663e-10,0.0007138916407711,-0.0014868606813251,0.0,0.0,0.0,-0.0039869523607194,60.0,-5.641354084014893,-0.0,-1.6365673261020678e-08,0.0,283.1443786621094,288.5085144042969,285.35308837890625,285.36309814453125,293.1499938964844,293.1499938964844,278.1499938964844,0.0,18000.0,313.1499938964844,0.0,18000.0,0.0,0.0,0.0,0.0,0.0,0.0,0.0,0.0,0.0,-0.0,-0.0,-0.0,-6.544322618950674e-21,-3.272161309475337e-21,-3.272161107526945e-21,0.0,0.0,-0.0,0.0,0.0,0.0,-0.0,0.0,0.0,0.0,0.0,0.0,4.0,0.0,0.0
12015540,297.40887451171875,303.1499938964844,285.1499938964844,0.0,-0.0,290.9523620605469,0.0,0.0,4.360021921456792e-05,297.5009460449219,303.1499938964844,285.1499938964844,0.0,-0.0,290.9528503417969,0.0,0.0,4.591316246660426e-05,297.99420166015625,303.1499938964844,285.1499938964844,0.0,-0.0,290.95330810546875,0.0,0.0,3.3911317586898804e-05,297.3857421875,303.1499938964844,285.1499938964844,0.0,-0.0,290.9526062011719,0.0,0.0,4.591314791468904e-05,297.7462463378906,303.1499938964844,285.1499938964844,0.0,-0.0,290.9525756835937,0.0,0.0,0.0002177921269321,290.9060974121094,294.1499938964844,280.5080261230469,279.97381591796875,282.3905944824219,280.7430419921875,290.4827575683594,0.0,0.0,0.0,0.0,1.0,1.0,-0.0004643090942408,5.807989644779351e-10,0.0004643085121642,-0.0010626214789226,0.0,0.0,0.0,-0.0026153661310672,60.0,-3.9446730613708496,-0.0,-1.4714784946079362e-08,0.0,283.1443786621094,288.5085144042969,285.35308837890625,285.36309814453125,293.1499938964844,293.1499938964844,278.1499938964844,0.0,18000.0,313.1499938964844,0.0,18000.0,0.0,0.0,0.0,0.0,0.0,0.0,0.0,0.0,0.0,-0.0,-0.0,-0.0,-6.544322618950674e-21,-3.272161309475337e-21,-3.272161107526945e-21,0.0,0.0,-0.0,0.0,0.0,0.0,-0.0,0.0,0.0,0.0,0.0,0.0,4.0,0.0,0.0
12015600,297.40887451171875,303.1499938964844,285.1499938964844,0.0,-0.0,290.9523620605469,0.0,0.0,4.360021921456792e-05,297.5009460449219,303.1499938964844,285.1499938964844,0.0,-0.0,290.9528503417969,0.0,0.0,4.591316246660426e-05,297.99420166015625,303.1499938964844,285.1499938964844,0.0,-0.0,290.95330810546875,0.0,0.0,3.3911317586898804e-05,297.3857421875,303.1499938964844,285.1499938964844,0.0,-0.0,290.9526062011719,0.0,0.0,4.591314791468904e-05,297.7462463378906,303.1499938964844,285.1499938964844,0.0,-0.0,290.9525756835937,0.0,0.0,0.0002177921269321,290.9060974121094,294.1499938964844,280.5080261230469,279.97381591796875,282.3905944824219,280.7430419921875,290.4827575683594,0.0,0.0,0.0,0.0,1.0,1.0,-0.0004643090942408,5.807989644779351e-10,0.0004643085121642,-0.0010626214789226,0.0,0.0,0.0,-0.0026153661310672,60.0,-3.9446730613708496,-0.0,-1.4714784946079362e-08,0.0,283.1443786621094,288.5085144042969,285.35308837890625,285.36309814453125,293.1499938964844,293.1499938964844,278.1499938964844,0.0,18000.0,313.1499938964844,0.0,18000.0,0.0,0.0,0.0,0.0,0.0,0.0,0.0,0.0,0.0,-0.0,-0.0,-0.0,-6.544322618950674e-21,-3.272161309475337e-21,-3.272161107526945e-21,0.0,0.0,-0.0,0.0,0.0,0.0,-0.0,0.0,0.0,0.0,0.0,0.0,4.0,0.0,0.0
12015660,297.4094543457031,303.1499938964844,285.1499938964844,0.0,-0.0,290.9555969238281,0.0,0.0,3.0769442673772573e-05,297.5004577636719,303.1499938964844,285.1499938964844,0.0,-0.0,290.9561767578125,0.0,0.0,3.240172736695968e-05,297.99267578125,303.1499938964844,285.1499938964844,0.0,-0.0,290.9569091796875,0.0,0.0,2.3931814212119207e-05,297.3887634277344,303.1499938964844,285.1499938964844,0.0,-0.0,290.95587158203125,0.0,0.0,3.2401716453023255e-05,297.7469177246094,303.1499938964844,285.1499938964844,0.0,-0.0,290.9560241699219,0.0,0.0,0.000153699729708,290.90789794921875,294.1499938964844,280.4935913085937,279.9596862792969,282.3862609863281,280.747314453125,290.47821044921875,0.0,0.0,0.0,0.0,1.0,1.0,-0.0003206680703442,4.0286568525615957e-10,0.0003206676628906,-0.0007384730270132,0.0,0.0,0.0,-0.0018073315732181,60.0,-2.76140570640564,-0.0,-7.328511131277082e-09,0.0,283.1443786621094,288.5085144042969,285.35308837890625,285.36309814453125,293.1499938964844,293.1499938964844,278.1499938964844,0.0,18000.0,313.1499938964844,0.0,18000.0,0.0,0.0,0.0,0.0,0.0,0.0,0.0,0.0,0.0,-0.0,-0.0,-0.0,-6.544322618950674e-21,-3.272161309475337e-21,-3.272161107526945e-21,0.0,0.0,-0.0,0.0,0.0,0.0,-0.0,0.0,0.0,0.0,0.0,0.0,4.0,0.0,0.0
12015720,297.4094543457031,303.1499938964844,285.1499938964844,0.0,-0.0,290.9555969238281,0.0,0.0,3.0769442673772573e-05,297.5004577636719,303.1499938964844,285.1499938964844,0.0,-0.0,290.9561767578125,0.0,0.0,3.240172736695968e-05,297.99267578125,303.1499938964844,285.1499938964844,0.0,-0.0,290.9569091796875,0.0,0.0,2.3931814212119207e-05,297.3887634277344,303.1499938964844,285.1499938964844,0.0,-0.0,290.95587158203125,0.0,0.0,3.2401716453023255e-05,297.7469177246094,303.1499938964844,285.1499938964844,0.0,-0.0,290.9560241699219,0.0,0.0,0.000153699729708,290.90789794921875,294.1499938964844,280.4935913085937,279.9596862792969,282.3862609863281,280.747314453125,290.47821044921875,0.0,0.0,0.0,0.0,1.0,1.0,-0.0003206680703442,4.0286568525615957e-10,0.0003206676628906,-0.0007384730270132,0.0,0.0,0.0,-0.0018073315732181,60.0,-2.76140570640564,-0.0,-7.328511131277082e-09,0.0,283.1443786621094,288.5085144042969,285.35308837890625,285.36309814453125,293.1499938964844,293.1499938964844,278.1499938964844,0.0,18000.0,313.1499938964844,0.0,18000.0,0.0,0.0,0.0,0.0,0.0,0.0,0.0,0.0,0.0,-0.0,-0.0,-0.0,-6.544322618950674e-21,-3.272161309475337e-21,-3.272161107526945e-21,0.0,0.0,-0.0,0.0,0.0,0.0,-0.0,0.0,0.0,0.0,0.0,0.0,4.0,0.0,0.0
12015780,297.4097900390625,303.1499938964844,285.1499938964844,0.0,-0.0,290.95758056640625,0.0,0.0,2.1477702830452472e-05,297.4999389648437,303.1499938964844,285.1499938964844,0.0,-0.0,290.95819091796875,0.0,0.0,2.2617070499109104e-05,297.9913635253906,303.1499938964844,285.1499938964844,0.0,-0.0,290.9590759277344,0.0,0.0,1.6704896552255377e-05,297.3907775878906,303.1499938964844,285.1499938964844,0.0,-0.0,290.95782470703125,0.0,0.0,2.261706322315149e-05,297.7474060058594,303.1499938964844,285.1499938964844,0.0,-0.0,290.9581298828125,0.0,0.0,0.0001072855739039,290.90972900390625,294.1499938964844,280.4814758300781,279.9477844238281,282.3865966796875,280.7554016113281,290.4744567871094,0.0,0.0,0.0,0.0,1.0,1.0,-0.0002288504183525,2.862339532061497e-10,0.0002288501273142,-0.0005236638826318,0.0,0.0,0.0,-0.0012890493962913,60.0,-2.008797407150269,-0.0,-3.570689965926021e-09,0.0,283.1443786621094,288.5085144042969,285.35308837890625,285.36309814453125,293.1499938964844,293.1499938964844,278.1499938964844,0.0,18000.0,313.1499938964844,0.0,18000.0,0.0,0.0,0.0,0.0,0.0,0.0,0.0,0.0,0.0,-0.0,-0.0,-0.0,-6.544322618950674e-21,-3.272161309475337e-21,-3.272161107526945e-21,0.0,0.0,-0.0,0.0,0.0,0.0,-0.0,0.0,0.0,0.0,0.0,0.0,4.0,0.0,0.0
12015840,297.40985107421875,303.1499938964844,285.1499938964844,0.0,-0.0,290.9578857421875,0.0,0.0,2.0016621419927105e-05,297.4998474121094,303.1499938964844,285.1499938964844,0.0,-0.0,290.95849609375,0.0,0.0,2.107847831211984e-05,297.9911193847656,303.1499938964844,285.1499938964844,0.0,-0.0,290.9594116210937,0.0,0.0,1.5568499293294735e-05,297.39111328125,303.1499938964844,285.1499938964844,0.0,-0.0,290.9581298828125,0.0,0.0,2.107847285515163e-05,297.7474670410156,303.1499938964844,285.1499938964844,0.0,-0.0,290.9584350585937,0.0,0.0,9.99871626845561e-05,290.9100341796875,294.1499938964844,280.4791564941406,279.94549560546875,282.38677978515625,280.7569274902344,290.4737548828125,0.0,0.0,0.0,0.0,1.0,1.0,-0.0002132822701241,2.6676211239973213e-10,0.0002132820081897,-0.0004880402411799,0.0,0.0,0.0,-0.0012013582745566,60.0,-1.882919788360596,-0.0,-3.101401579996832e-09,0.0,283.1443786621094,288.5085144042969,285.35308837890625,285.36309814453125,293.1499938964844,293.1499938964844,278.1499938964844,0.0,18000.0,313.1499938964844,0.0,18000.0,0.0,0.0,0.0,0.0,0.0,0.0,0.0,0.0,0.0,-0.0,-0.0,-0.0,-6.544322618950674e-21,-3.272161309475337e-21,-3.272161107526945e-21,0.0,0.0,-0.0,0.0,0.0,0.0,-0.0,0.0,0.0,0.0,0.0,0.0,4.0,0.0,0.0
12015900,297.4100036621094,303.1499938964844,285.1499938964844,0.0,-0.0,290.9586181640625,0.0,0.0,1.5886744222370908e-05,297.49951171875,303.1499938964844,285.1499938964844,0.0,-0.0,290.959228515625,0.0,0.0,1.672951657383237e-05,297.9903259277344,303.1499938964844,285.1499938964844,0.0,-0.0,290.960205078125,0.0,0.0,1.2356369552435352e-05,297.3920593261719,303.1499938964844,285.1499938964844,0.0,-0.0,290.9588623046875,0.0,0.0,1.672951111686416e-05,297.7476806640625,303.1499938964844,285.1499938964844,0.0,-0.0,290.9591979980469,0.0,0.0,7.93575745774433e-05,290.9108581542969,294.1499938964844,280.47186279296875,279.9383850097656,282.387451171875,280.76123046875,290.4715576171875,0.0,0.0,0.0,0.0,1.0,1.0,-0.0001692775695119,2.117233333098767e-10,0.0001692773512331,-0.0003873469249811,0.0,0.0,0.0,-0.0009534921264275,60.0,-1.5281915664672852,-0.0,-1.953647688068827e-09,0.0,283.1443786621094,288.5085144042969,285.35308837890625,285.36309814453125,293.1499938964844,293.1499938964844,278.1499938964844,0.0,18000.0,313.1499938964844,0.0,18000.0,0.0,0.0,0.0,0.0,0.0,0.0,0.0,0.0,0.0,-0.0,-0.0,-0.0,-6.544322618950674e-21,-3.272161309475337e-21,-3.272161107526945e-21,0.0,0.0,-0.0,0.0,0.0,0.0,-0.0,0.0,0.0,0.0,0.0,0.0,4.0,0.0,0.0
12015960,297.4100952148437,303.1499938964844,285.1499938964844,0.0,-0.0,290.9591064453125,0.0,0.0,1.238041113538202e-05,297.4991455078125,303.1499938964844,285.1499938964844,0.0,-0.0,290.959716796875,0.0,0.0,1.303717726841569e-05,297.9895324707031,303.1499938964844,285.1499938964844,0.0,-0.0,290.9607238769531,0.0,0.0,9.629218766349368e-06,297.3928527832031,303.1499938964844,285.1499938964844,0.0,-0.0,290.9593505859375,0.0,0.0,1.3037173630436882e-05,297.74786376953125,303.1499938964844,285.1499938964844,0.0,-0.0,290.959716796875,0.0,0.0,6.184271478559822e-05,290.91143798828125,294.1499938964844,280.4645690917969,279.93121337890625,282.3880310058594,280.7644958496094,290.4693908691406,0.0,0.0,0.0,0.0,1.0,1.0,-0.0001319167931796,1.6499443478146247e-10,0.0001319166185567,-0.0003018565766979,0.0,0.0,0.0,-0.0007430494297295,60.0,-1.2216517925262451,-0.0,-1.186442166734025e-09,0.0,283.1443786621094,288.5085144042969,285.35308837890625,285.36309814453125,293.1499938964844,293.1499938964844,278.1499938964844,0.0,18000.0,313.1499938964844,0.0,18000.0,0.0,0.0,0.0,0.0,0.0,0.0,0.0,0.0,0.0,-0.0,-0.0,-0.0,-6.544322618950674e-21,-3.272161309475337e-21,-3.272161107526945e-21,0.0,0.0,-0.0,0.0,0.0,0.0,-0.0,0.0,0.0,0.0,0.0,0.0,4.0,0.0,0.0
12016020,297.41015625,303.1499938964844,285.1499938964844,0.0,-0.0,290.9595947265625,0.0,0.0,7.034800546534825e-06,297.49835205078125,303.1499938964844,285.1499938964844,0.0,-0.0,290.960205078125,0.0,0.0,7.4079880505451e-06,297.9879150390625,303.1499938964844,285.1499938964844,0.0,-0.0,290.9612731933594,0.0,0.0,5.47151694263448e-06,297.3939819335937,303.1499938964844,285.1499938964844,0.0,-0.0,290.9598388671875,0.0,0.0,7.407985776808346e-06,297.7481384277344,303.1499938964844,285.1499938964844,0.0,-0.0,290.9602355957031,0.0,0.0,3.51402850355953e-05,290.9120788574219,294.1499938964844,280.4497375488281,279.91668701171875,282.3887634277344,280.7682800292969,290.4651184082031,0.0,0.0,0.0,0.0,1.0,1.0,-7.495797763112932e-05,9.375336618155927e-11,7.495788304368034e-05,-0.000171521314769,0.0,0.0,0.0,-0.0004222166899126,60.0,-0.7364937663078308,-0.0,-3.8307162997242007e-10,0.0,283.1443786621094,288.5085144042969,285.35308837890625,285.36309814453125,293.1499938964844,293.1499938964844,278.1499938964844,0.0,18000.0,313.1499938964844,0.0,18000.0,0.0,0.0,0.0,0.0,0.0,0.0,0.0,0.0,0.0,-0.0,-0.0,-0.0,-6.544322618950674e-21,-3.272161309475337e-21,-3.272161107526945e-21,0.0,0.0,-0.0,0.0,0.0,0.0,-0.0,0.0,0.0,0.0,0.0,0.0,4.0,0.0,0.0
12016080,297.41015625,303.1499938964844,285.1499938964844,0.0,-0.0,290.9595947265625,0.0,0.0,7.034800546534825e-06,297.49835205078125,303.1499938964844,285.1499938964844,0.0,-0.0,290.960205078125,0.0,0.0,7.4079880505451e-06,297.9879150390625,303.1499938964844,285.1499938964844,0.0,-0.0,290.9612731933594,0.0,0.0,5.47151694263448e-06,297.3939819335937,303.1499938964844,285.1499938964844,0.0,-0.0,290.9598388671875,0.0,0.0,7.407985776808346e-06,297.7481384277344,303.1499938964844,285.1499938964844,0.0,-0.0,290.9602355957031,0.0,0.0,3.51402850355953e-05,290.9120788574219,294.1499938964844,280.4497375488281,279.91668701171875,282.3887634277344,280.7682800292969,290.4651184082031,0.0,0.0,0.0,0.0,1.0,1.0,-7.495797763112932e-05,9.375336618155927e-11,7.495788304368034e-05,-0.000171521314769,0.0,0.0,0.0,-0.0004222166899126,60.0,-0.7364937663078308,-0.0,-3.8307162997242007e-10,0.0,283.1443786621094,288.5085144042969,285.35308837890625,285.36309814453125,293.1499938964844,293.1499938964844,278.1499938964844,0.0,18000.0,313.1499938964844,0.0,18000.0,0.0,0.0,0.0,0.0,0.0,0.0,0.0,0.0,0.0,-0.0,-0.0,-0.0,-6.544322618950674e-21,-3.272161309475337e-21,-3.272161107526945e-21,0.0,0.0,-0.0,0.0,0.0,0.0,-0.0,0.0,0.0,0.0,0.0,0.0,4.0,0.0,0.0
12016140,297.4100341796875,303.1499938964844,285.1499938964844,0.0,-0.0,290.9597473144531,0.0,0.0,3.5625469081423944e-06,297.4974365234375,303.1499938964844,285.1499938964844,0.0,-0.0,290.9603576660156,0.0,0.0,3.751535814444651e-06,297.9862060546875,303.1499938964844,285.1499938964844,0.0,-0.0,290.96142578125,0.0,0.0,2.77087269751064e-06,297.3945617675781,303.1499938964844,285.1499938964844,0.0,-0.0,290.9599914550781,0.0,0.0,3.7515346775762737e-06,297.7482604980469,303.1499938964844,285.1499938964844,0.0,-0.0,290.9604187011719,0.0,0.0,1.779565900505986e-05,290.91229248046875,294.1499938964844,280.4345703125,279.9018249511719,282.3890380859375,280.7695617675781,290.4609680175781,0.0,0.0,0.0,0.0,1.0,1.0,-3.796020973823033e-05,4.7478531522981975e-11,3.796016244450584e-05,-8.686169167049229e-05,0.0,0.0,0.0,-0.000213818901102,60.0,-0.4096980094909668,-0.0,-9.824209501463343e-11,0.0,283.1443786621094,288.5085144042969,285.35308837890625,285.36309814453125,293.1499938964844,293.1499938964844,278.1499938964844,0.0,18000.0,313.1499938964844,0.0,18000.0,0.0,0.0,0.0,0.0,0.0,0.0,0.0,0.0,0.0,-0.0,-0.0,-0.0,-6.544322618950674e-21,-3.272161309475337e-21,-3.272161107526945e-21,0.0,0.0,-0.0,0.0,0.0,0.0,-0.0,0.0,0.0,0.0,0.0,0.0,4.0,0.0,0.0
12016200,297.4100341796875,303.1499938964844,285.1499938964844,0.0,-0.0,290.9597473144531,0.0,0.0,3.5625469081423944e-06,297.4974365234375,303.1499938964844,285.1499938964844,0.0,-0.0,290.9603576660156,0.0,0.0,3.751535814444651e-06,297.9862060546875,303.1499938964844,285.1499938964844,0.0,-0.0,290.96142578125,0.0,0.0,2.77087269751064e-06,297.3945617675781,303.1499938964844,285.1499938964844,0.0,-0.0,290.9599914550781,0.0,0.0,3.7515346775762737e-06,297.7482604980469,303.1499938964844,285.1499938964844,0.0,-0.0,290.9604187011719,0.0,0.0,1.779565900505986e-05,290.91229248046875,294.1499938964844,280.4345703125,279.9018249511719,282.3890380859375,280.7695617675781,290.4609680175781,0.0,0.0,0.0,0.0,1.0,1.0,-3.796020973823033e-05,4.7478531522981975e-11,3.796016244450584e-05,-8.686169167049229e-05,0.0,0.0,0.0,-0.000213818901102,60.0,-0.4096980094909668,-0.0,-9.824209501463343e-11,0.0,283.1443786621094,288.5085144042969,285.35308837890625,285.36309814453125,293.1499938964844,293.1499938964844,278.1499938964844,0.0,18000.0,313.1499938964844,0.0,18000.0,0.0,0.0,0.0,0.0,0.0,0.0,0.0,0.0,0.0,-0.0,-0.0,-0.0,-6.544322618950674e-21,-3.272161309475337e-21,-3.272161107526945e-21,0.0,0.0,-0.0,0.0,0.0,0.0,-0.0,0.0,0.0,0.0,0.0,0.0,4.0,0.0,0.0
12016260,297.4097595214844,303.1499938964844,285.1499938964844,0.0,-0.0,290.959716796875,0.0,0.0,1.545402597002976e-06,297.4964294433594,303.1499938964844,285.1499938964844,0.0,-0.0,290.9603271484375,0.0,0.0,1.62738433573395e-06,297.9844665527344,303.1499938964844,285.1499938964844,0.0,-0.0,290.9613952636719,0.0,0.0,1.2019810355923255e-06,297.3946533203125,303.1499938964844,285.1499938964844,0.0,-0.0,290.9599609375,0.0,0.0,1.6273838809865993e-06,297.74822998046875,303.1499938964844,285.1499938964844,0.0,-0.0,290.9603881835937,0.0,0.0,7.719605491729453e-06,290.9122314453125,294.1499938964844,280.4189453125,279.88653564453125,282.3890380859375,280.7698059082031,290.4569702148437,0.0,0.0,0.0,0.0,1.0,1.0,-1.646684540901333e-05,2.0595821922930743e-11,1.646682358114049e-05,-3.767991074710153e-05,0.0,0.0,0.0,-9.275299089495093e-05,60.0,-0.1981316804885864,-0.0,-1.8486713895815576e-11,0.0,283.1443786621094,288.5085144042969,285.35308837890625,285.36309814453125,293.1499938964844,293.1499938964844,278.1499938964844,0.0,18000.0,313.1499938964844,0.0,18000.0,0.0,0.0,0.0,0.0,0.0,0.0,0.0,0.0,0.0,-0.0,-0.0,-0.0,-6.544322618950674e-21,-3.272161309475337e-21,-3.272161107526945e-21,0.0,0.0,-0.0,0.0,0.0,0.0,-0.0,0.0,0.0,0.0,0.0,0.0,4.0,0.0,0.0
12016320,297.4097595214844,303.1499938964844,285.1499938964844,0.0,-0.0,290.959716796875,0.0,0.0,1.545402597002976e-06,297.4964294433594,303.1499938964844,285.1499938964844,0.0,-0.0,290.9603271484375,0.0,0.0,1.62738433573395e-06,297.9844665527344,303.1499938964844,285.1499938964844,0.0,-0.0,290.9613952636719,0.0,0.0,1.2019810355923255e-06,297.3946533203125,303.1499938964844,285.1499938964844,0.0,-0.0,290.9599609375,0.0,0.0,1.6273838809865993e-06,297.74822998046875,303.1499938964844,285.1499938964844,0.0,-0.0,290.9603881835937,0.0,0.0,7.719605491729453e-06,290.9122314453125,294.1499938964844,280.4189453125,279.88653564453125,282.3890380859375,280.7698059082031,290.4569702148437,0.0,0.0,0.0,0.0,1.0,1.0,-1.646684540901333e-05,2.0595821922930743e-11,1.646682358114049e-05,-3.767991074710153e-05,0.0,0.0,0.0,-9.275299089495093e-05,60.0,-0.1981316804885864,-0.0,-1.8486713895815576e-11,0.0,283.1443786621094,288.5085144042969,285.35308837890625,285.36309814453125,293.1499938964844,293.1499938964844,278.1499938964844,0.0,18000.0,313.1499938964844,0.0,18000.0,0.0,0.0,0.0,0.0,0.0,0.0,0.0,0.0,0.0,-0.0,-0.0,-0.0,-6.544322618950674e-21,-3.272161309475337e-21,-3.272161107526945e-21,0.0,0.0,-0.0,0.0,0.0,0.0,-0.0,0.0,0.0,0.0,0.0,0.0,4.0,0.0,0.0
12016380,297.4093017578125,303.1499938964844,285.1499938964844,0.0,-0.0,290.9596862792969,0.0,0.0,5.112048597766261e-07,297.49530029296875,303.1499938964844,285.1499938964844,0.0,-0.0,290.9603271484375,0.0,0.0,5.383236612033215e-07,297.98260498046875,303.1499938964844,285.1499938964844,0.0,-0.0,290.9613952636719,0.0,0.0,3.9760416825629363e-07,297.3943176269531,303.1499938964844,285.1499938964844,0.0,-0.0,290.9599304199219,0.0,0.0,5.38323490673065e-07,297.748046875,303.1499938964844,285.1499938964844,0.0,-0.0,290.9603576660156,0.0,0.0,2.5535739496262977e-06,290.9122314453125,294.1499938964844,280.4028015136719,279.8706970214844,282.3890075683594,280.76983642578125,290.4531555175781,0.0,0.0,0.0,0.0,1.0,1.0,-5.447169314720668e-06,6.812973796233024e-12,5.447162493510405e-06,-1.2464310202631168e-05,0.0,0.0,0.0,-3.068230580538511e-05,60.0,-0.0827362835407257,-0.0,-2.0228623463791617e-12,0.0,283.1443786621094,288.5085144042969,285.35308837890625,285.36309814453125,293.1499938964844,293.1499938964844,278.1499938964844,0.0,18000.0,313.1499938964844,0.0,18000.0,0.0,0.0,0.0,0.0,0.0,0.0,0.0,0.0,0.0,-0.0,-0.0,-0.0,-6.544322618950674e-21,-3.272161309475337e-21,-3.272161107526945e-21,0.0,0.0,-0.0,0.0,0.0,0.0,-0.0,0.0,0.0,0.0,0.0,0.0,4.0,0.0,0.0
12016440,297.4093017578125,303.1499938964844,285.1499938964844,0.0,-0.0,290.9596862792969,0.0,0.0,5.112048597766261e-07,297.49530029296875,303.1499938964844,285.1499938964844,0.0,-0.0,290.9603271484375,0.0,0.0,5.383236612033215e-07,297.98260498046875,303.1499938964844,285.1499938964844,0.0,-0.0,290.9613952636719,0.0,0.0,3.9760416825629363e-07,297.3943176269531,303.1499938964844,285.1499938964844,0.0,-0.0,290.9599304199219,0.0,0.0,5.38323490673065e-07,297.748046875,303.1499938964844,285.1499938964844,0.0,-0.0,290.9603576660156,0.0,0.0,2.5535739496262977e-06,290.9122314453125,294.1499938964844,280.4028015136719,279.8706970214844,282.3890075683594,280.76983642578125,290.4531555175781,0.0,0.0,0.0,0.0,1.0,1.0,-5.447169314720668e-06,6.812973796233024e-12,5.447162493510405e-06,-1.2464310202631168e-05,0.0,0.0,0.0,-3.068230580538511e-05,60.0,-0.0827362835407257,-0.0,-2.0228623463791617e-12,0.0,283.1443786621094,288.5085144042969,285.35308837890625,285.36309814453125,293.1499938964844,293.1499938964844,278.1499938964844,0.0,18000.0,313.1499938964844,0.0,18000.0,0.0,0.0,0.0,0.0,0.0,0.0,0.0,0.0,0.0,-0.0,-0.0,-0.0,-6.544322618950674e-21,-3.272161309475337e-21,-3.272161107526945e-21,0.0,0.0,-0.0,0.0,0.0,0.0,-0.0,0.0,0.0,0.0,0.0,0.0,4.0,0.0,0.0
12016500,297.4090270996094,303.1499938964844,285.1499938964844,0.0,-0.0,290.9596862792969,0.0,0.0,2.563720045145601e-07,297.4946594238281,303.1499938964844,285.1499938964844,0.0,-0.0,290.9603271484375,0.0,0.0,2.699722472243593e-07,297.9816589355469,303.1499938964844,285.1499938964844,0.0,-0.0,290.9613952636719,0.0,0.0,1.9940064532875112e-07,297.3940124511719,303.1499938964844,285.1499938964844,0.0,-0.0,290.9599304199219,0.0,0.0,2.69972161959231e-07,297.7479248046875,303.1499938964844,285.1499938964844,0.0,-0.0,290.9603576660156,0.0,0.0,1.2806311815438676e-06,290.9122009277344,294.1499938964844,280.3944702148437,279.862548828125,282.3890075683594,280.76983642578125,290.4513244628906,0.0,0.0,0.0,0.0,1.0,1.0,-2.731749418671825e-06,3.416699432060022e-12,2.7317460080666933e-06,-6.25086158834165e-06,0.0,0.0,0.0,-1.5387151506729424e-05,60.0,-0.0496463403105735,-0.0,-5.087654473059925e-13,0.0,283.1443786621094,288.5085144042969,285.35308837890625,285.36309814453125,293.1499938964844,293.1499938964844,278.1499938964844,0.0,18000.0,313.1499938964844,0.0,18000.0,0.0,0.0,0.0,0.0,0.0,0.0,0.0,0.0,0.0,-0.0,-0.0,-0.0,-6.544322618950674e-21,-3.272161309475337e-21,-3.272161107526945e-21,0.0,0.0,-0.0,0.0,0.0,0.0,-0.0,0.0,0.0,0.0,0.0,0.0,4.0,0.0,0.0
12016560,297.4087219238281,303.1499938964844,285.1499938964844,0.0,-0.0,290.9596862792969,0.0,0.0,1.0544860629124747e-07,297.4940185546875,303.1499938964844,285.1499938964844,0.0,-0.0,290.9602966308594,0.0,0.0,1.1104253161420274e-07,297.98065185546875,303.1499938964844,285.1499938964844,0.0,-0.0,290.9613647460937,0.0,0.0,8.201566714660657e-08,297.3936462402344,303.1499938964844,285.1499938964844,0.0,-0.0,290.9599304199219,0.0,0.0,1.1104249608706597e-07,297.7477722167969,303.1499938964844,285.1499938964844,0.0,-0.0,290.9603576660156,0.0,0.0,5.267376081974362e-07,290.9122009277344,294.1499938964844,280.385986328125,279.8542175292969,282.3890075683594,280.7698059082031,290.44952392578125,0.0,0.0,0.0,0.0,1.0,1.0,-1.1235131296416512e-06,1.4052297736891206e-12,1.1235116517127608e-06,-2.5709068722790107e-06,0.0,0.0,0.0,-6.328424206003547e-06,60.0,-0.027532672509551,-0.0,-8.607125293524574e-14,0.0,283.1443786621094,288.5085144042969,285.35308837890625,285.36309814453125,293.1499938964844,293.1499938964844,278.1499938964844,0.0,18000.0,313.1499938964844,0.0,18000.0,0.0,0.0,0.0,0.0,0.0,0.0,0.0,0.0,0.0,-0.0,-0.0,-0.0,-6.544322618950674e-21,-3.272161309475337e-21,-3.272161107526945e-21,0.0,0.0,-0.0,0.0,0.0,0.0,-0.0,0.0,0.0,0.0,0.0,0.0,4.0,0.0,0.0
12016620,297.407958984375,303.1499938964844,285.1499938964844,0.0,-0.0,290.9596862792969,0.0,0.0,6.832616250562751e-09,297.4926452636719,303.1499938964844,285.1499938964844,0.0,-0.0,290.9602966308594,0.0,0.0,7.195078310928693e-09,297.9786071777344,303.1499938964844,285.1499938964844,0.0,-0.0,290.9613647460937,0.0,0.0,5.314262363498301e-09,297.3926696777344,303.1499938964844,285.1499938964844,0.0,-0.0,290.9599304199219,0.0,0.0,7.195076090482644e-09,297.7473449707031,303.1499938964844,285.1499938964844,0.0,-0.0,290.9603576660156,0.0,0.0,3.413033056176573e-08,290.9122009277344,294.1499938964844,280.3684387207031,279.8370056152344,282.3890075683594,280.7698059082031,290.446044921875,0.0,0.0,0.0,0.0,1.0,1.0,-7.28126607896229e-08,9.105076989677361e-14,7.281256841906726e-08,-1.6660625590247946e-07,0.0,0.0,0.0,-4.101311787962914e-07,60.0,-0.0064759915694594,-0.0,-3.6136863396569774e-16,0.0,283.1443786621094,288.5085144042969,285.35308837890625,285.36309814453125,293.1499938964844,293.1499938964844,278.1499938964844,0.0,18000.0,313.1499938964844,0.0,18000.0,0.0,0.0,0.0,0.0,0.0,0.0,0.0,0.0,0.0,-0.0,-0.0,-0.0,-6.544322618950674e-21,-3.272161309475337e-21,-3.272161107526945e-21,0.0,0.0,-0.0,0.0,0.0,0.0,-0.0,0.0,0.0,0.0,0.0,0.0,4.0,0.0,0.0
12016680,297.407958984375,303.1499938964844,285.1499938964844,0.0,-0.0,290.9596862792969,0.0,0.0,6.832616250562751e-09,297.4926452636719,303.1499938964844,285.1499938964844,0.0,-0.0,290.9602966308594,0.0,0.0,7.195078310928693e-09,297.9786071777344,303.1499938964844,285.1499938964844,0.0,-0.0,290.9613647460937,0.0,0.0,5.314262363498301e-09,297.3926696777344,303.1499938964844,285.1499938964844,0.0,-0.0,290.9599304199219,0.0,0.0,7.195076090482644e-09,297.7473449707031,303.1499938964844,285.1499938964844,0.0,-0.0,290.9603576660156,0.0,0.0,3.413033056176573e-08,290.9122009277344,294.1499938964844,280.3684387207031,279.8370056152344,282.3890075683594,280.7698059082031,290.446044921875,0.0,0.0,0.0,0.0,1.0,1.0,-7.28126607896229e-08,9.105076989677361e-14,7.281256841906726e-08,-1.6660625590247946e-07,0.0,0.0,0.0,-4.101311787962914e-07,60.0,-0.0064759915694594,-0.0,-3.6136863396569774e-16,0.0,283.1443786621094,288.5085144042969,285.35308837890625,285.36309814453125,293.1499938964844,293.1499938964844,278.1499938964844,0.0,18000.0,313.1499938964844,0.0,18000.0,0.0,0.0,0.0,0.0,0.0,0.0,0.0,0.0,0.0,-0.0,-0.0,-0.0,-6.544322618950674e-21,-3.272161309475337e-21,-3.272161107526945e-21,0.0,0.0,-0.0,0.0,0.0,0.0,-0.0,0.0,0.0,0.0,0.0,0.0,4.0,0.0,0.0
12016740,297.40704345703125,303.1499938964844,285.1499938964844,0.0,-0.0,290.9596862792969,0.0,0.0,-1.5230495753471012e-09,297.4911193847656,303.1499938964844,285.1499938964844,0.0,-0.0,290.9602966308594,0.0,0.0,-1.6038456118749878e-09,297.9764404296875,303.1499938964844,285.1499938964844,0.0,-0.0,290.9613647460937,0.0,0.0,-1.184595310732561e-09,297.39141845703125,303.1499938964844,285.1499938964844,0.0,-0.0,290.9599304199219,0.0,0.0,-1.603845056763475e-09,297.746826171875,303.1499938964844,285.1499938964844,0.0,-0.0,290.9603576660156,0.0,0.0,-7.607948049326296e-09,290.9122009277344,294.1499938964844,280.3500061035156,279.8189392089844,282.3890075683594,280.7698059082031,290.4427795410156,0.0,0.0,0.0,0.0,1.0,1.0,1.6230071508971378e-08,-2.0284041983499763e-14,-1.6230051969046144e-08,3.713686425044217e-08,0.0,0.0,0.0,9.141513146460056e-08,60.0,-0.001062634284608,-0.0,-1.7955791536423333e-17,0.0,283.1443786621094,288.5085144042969,285.35308837890625,285.36309814453125,293.1499938964844,293.1499938964844,278.1499938964844,0.0,18000.0,313.1499938964844,0.0,18000.0,0.0,0.0,0.0,0.0,0.0,0.0,0.0,0.0,0.0,-0.0,-0.0,-0.0,-6.544322618950674e-21,-3.272161309475337e-21,-3.272161107526945e-21,0.0,0.0,-0.0,0.0,0.0,0.0,-0.0,0.0,0.0,0.0,0.0,0.0,4.0,0.0,0.0
12016800,297.40704345703125,303.1499938964844,285.1499938964844,0.0,-0.0,290.9596862792969,0.0,0.0,-1.5230495753471012e-09,297.4911193847656,303.1499938964844,285.1499938964844,0.0,-0.0,290.9602966308594,0.0,0.0,-1.6038456118749878e-09,297.9764404296875,303.1499938964844,285.1499938964844,0.0,-0.0,290.9613647460937,0.0,0.0,-1.184595310732561e-09,297.39141845703125,303.1499938964844,285.1499938964844,0.0,-0.0,290.9599304199219,0.0,0.0,-1.603845056763475e-09,297.746826171875,303.1499938964844,285.1499938964844,0.0,-0.0,290.9603576660156,0.0,0.0,-7.607948049326296e-09,290.9122009277344,294.1499938964844,280.3500061035156,279.8189392089844,282.3890075683594,280.7698059082031,290.4427795410156,0.0,0.0,0.0,0.0,1.0,1.0,1.6230071508971378e-08,-2.0284041983499763e-14,-1.6230051969046144e-08,3.713686425044217e-08,0.0,0.0,0.0,9.141513146460056e-08,60.0,-0.001062634284608,-0.0,-1.7955791536423333e-17,0.0,283.1443786621094,288.5085144042969,285.35308837890625,285.36309814453125,293.1499938964844,293.1499938964844,278.1499938964844,0.0,18000.0,313.1499938964844,0.0,18000.0,0.0,0.0,0.0,0.0,0.0,0.0,0.0,0.0,0.0,-0.0,-0.0,-0.0,-6.544322618950674e-21,-3.272161309475337e-21,-3.272161107526945e-21,0.0,0.0,-0.0,0.0,0.0,0.0,-0.0,0.0,0.0,0.0,0.0,0.0,4.0,0.0,0.0
12016860,297.40594482421875,303.1499938964844,285.1499938964844,0.0,-0.0,290.9596862792969,0.0,0.0,0.0,297.48944091796875,303.1499938964844,285.1499938964844,0.0,-0.0,290.9602966308594,0.0,0.0,0.0,297.97412109375,303.1499938964844,285.1499938964844,0.0,-0.0,290.9613647460937,0.0,0.0,0.0,297.3899841308594,303.1499938964844,285.1499938964844,0.0,-0.0,290.9599304199219,0.0,0.0,0.0,297.7461853027344,303.1499938964844,285.1499938964844,0.0,-0.0,290.9603576660156,0.0,0.0,0.0,290.9122009277344,294.1499938964844,280.3307189941406,279.800048828125,282.3890075683594,280.7698059082031,290.439697265625,0.0,0.0,0.0,0.0,1.0,1.0,-1.1996204810765798e-12,1.5993161603714688e-17,1.199604434884427e-12,-1.0360817022034283e-12,0.0,0.0,0.0,0.0,60.0,-6.849327473901212e-05,-0.0,-0.0,0.0,283.1443786621094,288.5085144042969,285.35308837890625,285.36309814453125,293.1499938964844,293.1499938964844,278.1499938964844,0.0,18000.0,313.1499938964844,0.0,18000.0,0.0,0.0,0.0,0.0,0.0,0.0,0.0,0.0,0.0,-0.0,-0.0,-0.0,-6.544322618950674e-21,-3.272161309475337e-21,-3.272161107526945e-21,0.0,0.0,-0.0,0.0,0.0,0.0,-0.0,0.0,0.0,0.0,0.0,0.0,4.0,0.0,0.0
12016920,297.40594482421875,303.1499938964844,285.1499938964844,0.0,-0.0,290.9596862792969,0.0,0.0,0.0,297.48944091796875,303.1499938964844,285.1499938964844,0.0,-0.0,290.9602966308594,0.0,0.0,0.0,297.97412109375,303.1499938964844,285.1499938964844,0.0,-0.0,290.9613647460937,0.0,0.0,0.0,297.3899841308594,303.1499938964844,285.1499938964844,0.0,-0.0,290.9599304199219,0.0,0.0,0.0,297.7461853027344,303.1499938964844,285.1499938964844,0.0,-0.0,290.9603576660156,0.0,0.0,0.0,290.9122009277344,294.1499938964844,280.3307189941406,279.800048828125,282.3890075683594,280.7698059082031,290.439697265625,0.0,0.0,0.0,0.0,1.0,1.0,-1.1996204810765798e-12,1.5993161603714688e-17,1.199604434884427e-12,-1.0360817022034283e-12,0.0,0.0,0.0,0.0,60.0,-6.849327473901212e-05,-0.0,-0.0,0.0,283.1443786621094,288.5085144042969,285.35308837890625,285.36309814453125,293.1499938964844,293.1499938964844,278.1499938964844,0.0,18000.0,313.1499938964844,0.0,18000.0,0.0,0.0,0.0,0.0,0.0,0.0,0.0,0.0,0.0,-0.0,-0.0,-0.0,-6.544322618950674e-21,-3.272161309475337e-21,-3.272161107526945e-21,0.0,0.0,-0.0,0.0,0.0,0.0,-0.0,0.0,0.0,0.0,0.0,0.0,4.0,0.0,0.0
12016980,297.4048156738281,303.1499938964844,285.1499938964844,0.0,-0.0,290.9596862792969,0.0,0.0,-2.558457189594937e-13,297.48779296875,303.1499938964844,285.1499938964844,0.0,-0.0,290.9602966308594,0.0,0.0,-2.694180328052104e-13,297.97186279296875,303.1499938964844,285.1499938964844,0.0,-0.0,290.9613647460937,0.0,0.0,-1.989913225516893e-13,297.3884582519531,303.1499938964844,285.1499938964844,0.0,-0.0,290.9599304199219,0.0,0.0,-2.694179514900475e-13,297.7455139160156,303.1499938964844,285.1499938964844,0.0,-0.0,290.9603576660156,0.0,0.0,-1.2780023350353333e-12,290.9122009277344,294.1499938964844,280.3123474121094,279.78204345703125,282.3890075683594,280.7698059082031,290.43701171875,0.0,0.0,0.0,0.0,1.0,1.0,-1.2552776743404714e-12,1.537474814288025e-17,1.2552622786696221e-12,6.453949787793567e-13,0.0,0.0,0.0,0.0,60.0,0.0001380086614517,-0.0,-5.066254552984657e-25,0.0,283.1443786621094,288.5085144042969,285.35308837890625,285.36309814453125,293.1499938964844,293.1499938964844,278.1499938964844,0.0,18000.0,313.1499938964844,0.0,18000.0,0.0,0.0,0.0,0.0,0.0,0.0,0.0,0.0,0.0,-0.0,-0.0,-0.0,-6.544322618950674e-21,-3.272161309475337e-21,-3.272161107526945e-21,0.0,0.0,-0.0,0.0,0.0,0.0,-0.0,0.0,0.0,0.0,0.0,0.0,4.0,0.0,0.0
12017040,297.4047241210937,303.1499938964844,285.1499938964844,0.0,-0.0,290.9596862792969,0.0,0.0,-2.558457189594937e-13,297.4876403808594,303.1499938964844,285.1499938964844,0.0,-0.0,290.9602966308594,0.0,0.0,-2.694180328052104e-13,297.9716796875,303.1499938964844,285.1499938964844,0.0,-0.0,290.9613647460937,0.0,0.0,-1.989913225516893e-13,297.3883056640625,303.1499938964844,285.1499938964844,0.0,-0.0,290.9599304199219,0.0,0.0,-2.694179514900475e-13,297.7454528808594,303.1499938964844,285.1499938964844,0.0,-0.0,290.9603576660156,0.0,0.0,-1.2780023350353333e-12,290.9122009277344,294.1499938964844,280.31072998046875,279.78045654296875,282.3890075683594,280.7698059082031,290.4367980957031,0.0,0.0,0.0,0.0,1.0,1.0,-1.2552776743404714e-12,1.537474814288025e-17,1.2552622786696221e-12,6.453949787793567e-13,0.0,0.0,0.0,0.0,60.0,0.0001469936687499,-0.0,-5.066788513209878e-25,0.0,283.1443786621094,288.5085144042969,285.35308837890625,285.36309814453125,293.1499938964844,293.1499938964844,278.1499938964844,0.0,18000.0,313.1499938964844,0.0,18000.0,0.0,0.0,0.0,0.0,0.0,0.0,0.0,0.0,0.0,-0.0,-0.0,-0.0,-6.544322618950674e-21,-3.272161309475337e-21,-3.272161107526945e-21,0.0,0.0,-0.0,0.0,0.0,0.0,-0.0,0.0,0.0,0.0,0.0,0.0,4.0,0.0,0.0
12017100,297.404052734375,303.1499938964844,285.1499938964844,0.0,-0.0,290.9596862792969,0.0,0.0,5.116914379189874e-13,297.4866638183594,303.1499938964844,285.1499938964844,0.0,-0.0,290.9602966308594,0.0,0.0,5.388360656104207e-13,297.97039794921875,303.1499938964844,285.1499938964844,0.0,-0.0,290.9613647460937,0.0,0.0,3.979826451033786e-13,297.3874206542969,303.1499938964844,285.1499938964844,0.0,-0.0,290.9599304199219,0.0,0.0,5.38835902980095e-13,297.7450561523437,303.1499938964844,285.1499938964844,0.0,-0.0,290.9603576660156,0.0,0.0,2.5560046700706666e-12,290.9122009277344,294.1499938964844,280.30047607421875,279.7704162597656,282.3890075683594,280.7698059082031,290.4354248046875,0.0,0.0,0.0,0.0,1.0,1.0,-1.0883040345646688e-12,-1.4935334912241052e-17,1.088318888134432e-12,-4.3990644460478726e-12,0.0,0.0,0.0,0.0,60.0,0.0001669784833211,-0.0,-2.0267154052839512e-24,0.0,283.1443786621094,288.5085144042969,285.35308837890625,285.36309814453125,293.1499938964844,293.1499938964844,278.1499938964844,0.0,18000.0,313.1499938964844,0.0,18000.0,0.0,0.0,0.0,0.0,0.0,0.0,0.0,0.0,0.0,-0.0,-0.0,-0.0,-6.544322618950674e-21,-3.272161309475337e-21,-3.272161107526945e-21,0.0,0.0,-0.0,0.0,0.0,0.0,-0.0,0.0,0.0,0.0,0.0,0.0,4.0,0.0,0.0
12017160,297.4033508300781,303.1499938964844,285.1499938964844,0.0,-0.0,290.9596862792969,0.0,0.0,2.558457189594937e-13,297.4856872558594,303.1499938964844,285.1499938964844,0.0,-0.0,290.9602966308594,0.0,0.0,2.694180328052104e-13,297.9690856933594,303.1499938964844,285.1499938964844,0.0,-0.0,290.9613647460937,0.0,0.0,1.989913225516893e-13,297.386474609375,303.1499938964844,285.1499938964844,0.0,-0.0,290.9599304199219,0.0,0.0,2.694179514900475e-13,297.74462890625,303.1499938964844,285.1499938964844,0.0,-0.0,290.9603576660156,0.0,0.0,1.2780023350353333e-12,290.9122009277344,294.1499938964844,280.29010009765625,279.76025390625,282.3890075683594,280.7698059082031,290.43408203125,0.0,0.0,0.0,0.0,1.0,1.0,1.5115428440154457e-12,1.395184197933388e-17,-1.5115568302234705e-12,1.6194223696405774e-12,0.0,0.0,0.0,1.4551915228366852e-11,60.0,0.0001725858601275,-0.0,-5.066788513209878e-25,0.0,283.1443786621094,288.5085144042969,285.35308837890625,285.36309814453125,293.1499938964844,293.1499938964844,278.1499938964844,0.0,18000.0,313.1499938964844,0.0,18000.0,0.0,0.0,0.0,0.0,0.0,0.0,0.0,0.0,0.0,-0.0,-0.0,-0.0,-6.544322618950674e-21,-3.272161309475337e-21,-3.272161107526945e-21,0.0,0.0,-0.0,0.0,0.0,0.0,-0.0,0.0,0.0,0.0,0.0,0.0,4.0,0.0,0.0
12017220,297.40185546875,303.1499938964844,285.1499938964844,0.0,-0.0,290.9596862792969,0.0,0.0,2.558457189594937e-13,297.4836120605469,303.1499938964844,285.1499938964844,0.0,-0.0,290.9602966308594,0.0,0.0,2.694180328052104e-13,297.9664001464844,303.1499938964844,285.1499938964844,0.0,-0.0,290.9613647460937,0.0,0.0,1.989913225516893e-13,297.3844909667969,303.1499938964844,285.1499938964844,0.0,-0.0,290.9599304199219,0.0,0.0,2.694179514900475e-13,297.74371337890625,303.1499938964844,285.1499938964844,0.0,-0.0,290.9603576660156,0.0,0.0,1.2780023350353333e-12,290.9122009277344,294.1499938964844,280.2689514160156,279.7395324707031,282.3890075683594,280.7698059082031,290.4315185546875,0.0,0.0,0.0,0.0,1.0,1.0,1.5115428440154457e-12,1.395184197933388e-17,-1.5115568302234705e-12,1.6194223696405774e-12,0.0,0.0,0.0,1.4551915228366852e-11,60.0,0.0001682644651737,-0.0,-5.066788513209878e-25,0.0,283.1443786621094,288.5085144042969,285.35308837890625,285.36309814453125,293.1499938964844,293.1499938964844,278.1499938964844,0.0,18000.0,313.1499938964844,0.0,18000.0,0.0,0.0,0.0,0.0,0.0,0.0,0.0,0.0,0.0,-0.0,-0.0,-0.0,-6.544322618950674e-21,-3.272161309475337e-21,-3.272161107526945e-21,0.0,0.0,-0.0,0.0,0.0,0.0,-0.0,0.0,0.0,0.0,0.0,0.0,4.0,0.0,0.0
12017280,297.40185546875,303.1499938964844,285.1499938964844,0.0,-0.0,290.9596862792969,0.0,0.0,2.558457189594937e-13,297.4836120605469,303.1499938964844,285.1499938964844,0.0,-0.0,290.9602966308594,0.0,0.0,2.694180328052104e-13,297.9664001464844,303.1499938964844,285.1499938964844,0.0,-0.0,290.9613647460937,0.0,0.0,1.989913225516893e-13,297.3844909667969,303.1499938964844,285.1499938964844,0.0,-0.0,290.9599304199219,0.0,0.0,2.694179514900475e-13,297.74371337890625,303.1499938964844,285.1499938964844,0.0,-0.0,290.9603576660156,0.0,0.0,1.2780023350353333e-12,290.9122009277344,294.1499938964844,280.2689514160156,279.7395324707031,282.3890075683594,280.7698059082031,290.4315185546875,0.0,0.0,0.0,0.0,1.0,1.0,1.5115428440154457e-12,1.395184197933388e-17,-1.5115568302234705e-12,1.6194223696405774e-12,0.0,0.0,0.0,1.4551915228366852e-11,60.0,0.0001682644651737,-0.0,-5.066788513209878e-25,0.0,283.1443786621094,288.5085144042969,285.35308837890625,285.36309814453125,293.1499938964844,293.1499938964844,278.1499938964844,0.0,18000.0,313.1499938964844,0.0,18000.0,0.0,0.0,0.0,0.0,0.0,0.0,0.0,0.0,0.0,-0.0,-0.0,-0.0,-6.544322618950674e-21,-3.272161309475337e-21,-3.272161107526945e-21,0.0,0.0,-0.0,0.0,0.0,0.0,-0.0,0.0,0.0,0.0,0.0,0.0,4.0,0.0,0.0
12017340,297.4002685546875,303.1499938964844,285.1499938964844,0.0,-0.0,290.9596862792969,0.0,0.0,0.0,297.4814758300781,303.1499938964844,285.1499938964844,0.0,-0.0,290.9602966308594,0.0,0.0,0.0,297.963623046875,303.1499938964844,285.1499938964844,0.0,-0.0,290.9613647460937,0.0,0.0,0.0,297.38238525390625,303.1499938964844,285.1499938964844,0.0,-0.0,290.9599304199219,0.0,0.0,0.0,297.74273681640625,303.1499938964844,285.1499938964844,0.0,-0.0,290.9603576660156,0.0,0.0,0.0,290.9122009277344,294.1499938964844,280.24737548828125,279.7183837890625,282.3890075683594,280.7698059082031,290.4291076660156,0.0,0.0,0.0,0.0,1.0,1.0,-1.1996204810765798e-12,1.5993161603714688e-17,1.199604434884427e-12,-1.0360817022034283e-12,0.0,0.0,0.0,0.0,60.0,0.0001573536428622,-0.0,-0.0,0.0,283.1443786621094,288.5085144042969,285.35308837890625,285.36309814453125,293.1499938964844,293.1499938964844,278.1499938964844,0.0,18000.0,313.1499938964844,0.0,18000.0,0.0,0.0,0.0,0.0,0.0,0.0,0.0,0.0,0.0,-0.0,-0.0,-0.0,-6.544322618950674e-21,-3.272161309475337e-21,-3.272161107526945e-21,0.0,0.0,-0.0,0.0,0.0,0.0,-0.0,0.0,0.0,0.0,0.0,0.0,4.0,0.0,0.0
12017400,297.4002685546875,303.1499938964844,285.1499938964844,0.0,-0.0,290.9596862792969,0.0,0.0,0.0,297.4814758300781,303.1499938964844,285.1499938964844,0.0,-0.0,290.9602966308594,0.0,0.0,0.0,297.963623046875,303.1499938964844,285.1499938964844,0.0,-0.0,290.9613647460937,0.0,0.0,0.0,297.38238525390625,303.1499938964844,285.1499938964844,0.0,-0.0,290.9599304199219,0.0,0.0,0.0,297.74273681640625,303.1499938964844,285.1499938964844,0.0,-0.0,290.9603576660156,0.0,0.0,0.0,290.9122009277344,294.1499938964844,280.24737548828125,279.7183837890625,282.3890075683594,280.7698059082031,290.4291076660156,0.0,0.0,0.0,0.0,1.0,1.0,-1.1996204810765798e-12,1.5993161603714688e-17,1.199604434884427e-12,-1.0360817022034283e-12,0.0,0.0,0.0,0.0,60.0,0.0001573536428622,-0.0,-0.0,0.0,283.1443786621094,288.5085144042969,285.35308837890625,285.36309814453125,293.1499938964844,293.1499938964844,278.1499938964844,0.0,18000.0,313.1499938964844,0.0,18000.0,0.0,0.0,0.0,0.0,0.0,0.0,0.0,0.0,0.0,-0.0,-0.0,-0.0,-6.544322618950674e-21,-3.272161309475337e-21,-3.272161107526945e-21,0.0,0.0,-0.0,0.0,0.0,0.0,-0.0,0.0,0.0,0.0,0.0,0.0,4.0,0.0,0.0
12017460,297.3985900878906,303.1499938964844,285.1499938964844,0.0,-0.0,290.9596862792969,0.0,0.0,2.558457189594937e-13,297.4792175292969,303.1499938964844,285.1499938964844,0.0,-0.0,290.9602966308594,0.0,0.0,2.694180328052104e-13,297.9607849121094,303.1499938964844,285.1499938964844,0.0,-0.0,290.9613647460937,0.0,0.0,1.989913225516893e-13,297.38018798828125,303.1499938964844,285.1499938964844,0.0,-0.0,290.9599304199219,0.0,0.0,2.694179514900475e-13,297.7416687011719,303.1499938964844,285.1499938964844,0.0,-0.0,290.9603576660156,0.0,0.0,1.2780023350353333e-12,290.9122009277344,294.1499938964844,280.2254638671875,279.6968994140625,282.3890075683594,280.7698059082031,290.4268798828125,0.0,0.0,0.0,0.0,1.0,1.0,1.5115428440154457e-12,1.395184197933388e-17,-1.5115568302234705e-12,1.6194223696405774e-12,0.0,0.0,0.0,1.4551915228366852e-11,60.0,0.0001460270577808,-0.0,-5.066788513209878e-25,0.0,283.1443786621094,288.5085144042969,285.35308837890625,285.36309814453125,293.1499938964844,293.1499938964844,278.1499938964844,0.0,18000.0,313.1499938964844,0.0,18000.0,0.0,0.0,0.0,0.0,0.0,0.0,0.0,0.0,0.0,-0.0,-0.0,-0.0,-6.544322618950674e-21,-3.272161309475337e-21,-3.272161107526945e-21,0.0,0.0,-0.0,0.0,0.0,0.0,-0.0,0.0,0.0,0.0,0.0,0.0,4.0,0.0,0.0
12017520,297.3985900878906,303.1499938964844,285.1499938964844,0.0,-0.0,290.9596862792969,0.0,0.0,2.558457189594937e-13,297.4792175292969,303.1499938964844,285.1499938964844,0.0,-0.0,290.9602966308594,0.0,0.0,2.694180328052104e-13,297.9607849121094,303.1499938964844,285.1499938964844,0.0,-0.0,290.9613647460937,0.0,0.0,1.989913225516893e-13,297.38018798828125,303.1499938964844,285.1499938964844,0.0,-0.0,290.9599304199219,0.0,0.0,2.694179514900475e-13,297.7416687011719,303.1499938964844,285.1499938964844,0.0,-0.0,290.9603576660156,0.0,0.0,1.2780023350353333e-12,290.9122009277344,294.1499938964844,280.2254638671875,279.6968994140625,282.3890075683594,280.7698059082031,290.4268798828125,0.0,0.0,0.0,0.0,1.0,1.0,1.5115428440154457e-12,1.395184197933388e-17,-1.5115568302234705e-12,1.6194223696405774e-12,0.0,0.0,0.0,1.4551915228366852e-11,60.0,0.0001460270577808,-0.0,-5.066788513209878e-25,0.0,283.1443786621094,288.5085144042969,285.35308837890625,285.36309814453125,293.1499938964844,293.1499938964844,278.1499938964844,0.0,18000.0,313.1499938964844,0.0,18000.0,0.0,0.0,0.0,0.0,0.0,0.0,0.0,0.0,0.0,-0.0,-0.0,-0.0,-6.544322618950674e-21,-3.272161309475337e-21,-3.272161107526945e-21,0.0,0.0,-0.0,0.0,0.0,0.0,-0.0,0.0,0.0,0.0,0.0,0.0,4.0,0.0,0.0
12017580,297.3968200683594,303.1499938964844,285.1499938964844,0.0,-0.0,290.9596862792969,0.0,0.0,2.558457189594937e-13,297.47686767578125,303.1499938964844,285.1499938964844,0.0,-0.0,290.9602966308594,0.0,0.0,2.694180328052104e-13,297.9578552246094,303.1499938964844,285.1499938964844,0.0,-0.0,290.9613647460937,0.0,0.0,1.989913225516893e-13,297.3778686523437,303.1499938964844,285.1499938964844,0.0,-0.0,290.9599304199219,0.0,0.0,2.694179514900475e-13,297.7405700683594,303.1499938964844,285.1499938964844,0.0,-0.0,290.9603576660156,0.0,0.0,1.2780023350353333e-12,290.9122009277344,294.1499938964844,280.20330810546875,279.6752014160156,282.3890075683594,280.7698059082031,290.4248046875,0.0,0.0,0.0,0.0,1.0,1.0,-1.1439612278285605e-12,-1.5553748373075497e-17,1.143976731919627e-12,-2.7175878734853054e-12,0.0,0.0,0.0,0.0,60.0,0.0001353510742774,-0.0,-5.066788513209878e-25,0.0,283.1443786621094,288.5085144042969,285.35308837890625,285.36309814453125,293.1499938964844,293.1499938964844,278.1499938964844,0.0,18000.0,313.1499938964844,0.0,18000.0,0.0,0.0,0.0,0.0,0.0,0.0,0.0,0.0,0.0,-0.0,-0.0,-0.0,-6.544322618950674e-21,-3.272161309475337e-21,-3.272161107526945e-21,0.0,0.0,-0.0,0.0,0.0,0.0,-0.0,0.0,0.0,0.0,0.0,0.0,4.0,0.0,0.0
12017640,297.3968200683594,303.1499938964844,285.1499938964844,0.0,-0.0,290.9596862792969,0.0,0.0,2.558457189594937e-13,297.47686767578125,303.1499938964844,285.1499938964844,0.0,-0.0,290.9602966308594,0.0,0.0,2.694180328052104e-13,297.9578552246094,303.1499938964844,285.1499938964844,0.0,-0.0,290.9613647460937,0.0,0.0,1.989913225516893e-13,297.3778686523437,303.1499938964844,285.1499938964844,0.0,-0.0,290.9599304199219,0.0,0.0,2.694179514900475e-13,297.7405700683594,303.1499938964844,285.1499938964844,0.0,-0.0,290.9603576660156,0.0,0.0,1.2780023350353333e-12,290.9122009277344,294.1499938964844,280.20330810546875,279.6752014160156,282.3890075683594,280.7698059082031,290.4248046875,0.0,0.0,0.0,0.0,1.0,1.0,-1.1439612278285605e-12,-1.5553748373075497e-17,1.143976731919627e-12,-2.7175878734853054e-12,0.0,0.0,0.0,0.0,60.0,0.0001353510742774,-0.0,-5.066788513209878e-25,0.0,283.1443786621094,288.5085144042969,285.35308837890625,285.36309814453125,293.1499938964844,293.1499938964844,278.1499938964844,0.0,18000.0,313.1499938964844,0.0,18000.0,0.0,0.0,0.0,0.0,0.0,0.0,0.0,0.0,0.0,-0.0,-0.0,-0.0,-6.544322618950674e-21,-3.272161309475337e-21,-3.272161107526945e-21,0.0,0.0,-0.0,0.0,0.0,0.0,-0.0,0.0,0.0,0.0,0.0,0.0,4.0,0.0,0.0
12017700,297.3959350585937,303.1499938964844,285.1499938964844,0.0,-0.0,290.9596862792969,0.0,0.0,0.0,297.4756774902344,303.1499938964844,285.1499938964844,0.0,-0.0,290.9602966308594,0.0,0.0,0.0,297.95635986328125,303.1499938964844,285.1499938964844,0.0,-0.0,290.9613647460937,0.0,0.0,0.0,297.3766784667969,303.1499938964844,285.1499938964844,0.0,-0.0,290.9599304199219,0.0,0.0,0.0,297.739990234375,303.1499938964844,285.1499938964844,0.0,-0.0,290.9603576660156,0.0,0.0,0.0,290.9122009277344,294.1499938964844,280.19219970703125,279.664306640625,282.3890075683594,280.7698059082031,290.4237976074219,0.0,0.0,0.0,0.0,1.0,1.0,-1.1996204810765798e-12,1.5993161603714688e-17,1.199604434884427e-12,-1.0360817022034283e-12,0.0,0.0,0.0,0.0,60.0,0.0001302891323575,-0.0,-0.0,0.0,283.1443786621094,288.5085144042969,285.35308837890625,285.36309814453125,293.1499938964844,293.1499938964844,278.1499938964844,0.0,18000.0,313.1499938964844,0.0,18000.0,0.0,0.0,0.0,0.0,0.0,0.0,0.0,0.0,0.0,-0.0,-0.0,-0.0,-6.544322618950674e-21,-3.272161309475337e-21,-3.272161107526945e-21,0.0,0.0,-0.0,0.0,0.0,0.0,-0.0,0.0,0.0,0.0,0.0,0.0,4.0,0.0,0.0
12017760,297.3949890136719,303.1499938964844,285.1499938964844,0.0,-0.0,290.9596862792969,0.0,0.0,2.558457189594937e-13,297.4744873046875,303.1499938964844,285.1499938964844,0.0,-0.0,290.9602966308594,0.0,0.0,2.694180328052104e-13,297.9548645019531,303.1499938964844,285.1499938964844,0.0,-0.0,290.9613647460937,0.0,0.0,1.989913225516893e-13,297.37548828125,303.1499938964844,285.1499938964844,0.0,-0.0,290.9599304199219,0.0,0.0,2.694179514900475e-13,297.7394104003906,303.1499938964844,285.1499938964844,0.0,-0.0,290.9603576660156,0.0,0.0,1.2780023350353333e-12,290.9122009277344,294.1499938964844,280.1810302734375,279.65338134765625,282.3890075683594,280.7698059082031,290.4228210449219,0.0,0.0,0.0,0.0,1.0,1.0,1.5115428440154457e-12,1.395184197933388e-17,-1.5115568302234705e-12,1.6194223696405774e-12,0.0,0.0,0.0,1.4551915228366852e-11,60.0,0.0001254186645383,-0.0,-5.066788513209878e-25,0.0,283.1443786621094,288.5085144042969,285.35308837890625,285.36309814453125,293.1499938964844,293.1499938964844,278.1499938964844,0.0,18000.0,313.1499938964844,0.0,18000.0,0.0,0.0,0.0,0.0,0.0,0.0,0.0,0.0,0.0,-0.0,-0.0,-0.0,-6.544322618950674e-21,-3.272161309475337e-21,-3.272161107526945e-21,0.0,0.0,-0.0,0.0,0.0,0.0,-0.0,0.0,0.0,0.0,0.0,0.0,4.0,0.0,0.0
12017820,297.3930969238281,303.1499938964844,285.1499938964844,0.0,-0.0,290.9596862792969,0.0,0.0,0.0,297.4720153808594,303.1499938964844,285.1499938964844,0.0,-0.0,290.9602966308594,0.0,0.0,0.0,297.9518127441406,303.1499938964844,285.1499938964844,0.0,-0.0,290.9613647460937,0.0,0.0,0.0,297.373046875,303.1499938964844,285.1499938964844,0.0,-0.0,290.9599304199219,0.0,0.0,0.0,297.7381896972656,303.1499938964844,285.1499938964844,0.0,-0.0,290.9603576660156,0.0,0.0,0.0,290.9122009277344,294.1499938964844,280.15869140625,279.6314697265625,282.3890075683594,280.7698059082031,290.4210205078125,0.0,0.0,0.0,0.0,1.0,1.0,1.455885650751554e-12,1.3333428518499436e-17,-1.4558989864382754e-12,3.3008990506233626e-12,0.0,0.0,0.0,1.4551915228366852e-11,60.0,0.0001163017805083,-0.0,-0.0,0.0,283.1443786621094,288.5085144042969,285.35308837890625,285.36309814453125,293.1499938964844,293.1499938964844,278.1499938964844,0.0,18000.0,313.1499938964844,0.0,18000.0,0.0,0.0,0.0,0.0,0.0,0.0,0.0,0.0,0.0,-0.0,-0.0,-0.0,-6.544322618950674e-21,-3.272161309475337e-21,-3.272161107526945e-21,0.0,0.0,-0.0,0.0,0.0,0.0,-0.0,0.0,0.0,0.0,0.0,0.0,4.0,0.0,0.0
12017880,297.3930969238281,303.1499938964844,285.1499938964844,0.0,-0.0,290.9596862792969,0.0,0.0,0.0,297.4720153808594,303.1499938964844,285.1499938964844,0.0,-0.0,290.9602966308594,0.0,0.0,0.0,297.9518127441406,303.1499938964844,285.1499938964844,0.0,-0.0,290.9613647460937,0.0,0.0,0.0,297.373046875,303.1499938964844,285.1499938964844,0.0,-0.0,290.9599304199219,0.0,0.0,0.0,297.7381896972656,303.1499938964844,285.1499938964844,0.0,-0.0,290.9603576660156,0.0,0.0,0.0,290.9122009277344,294.1499938964844,280.15869140625,279.6314697265625,282.3890075683594,280.7698059082031,290.4210205078125,0.0,0.0,0.0,0.0,1.0,1.0,1.455885650751554e-12,1.3333428518499436e-17,-1.4558989864382754e-12,3.3008990506233626e-12,0.0,0.0,0.0,1.4551915228366852e-11,60.0,0.0001163017805083,-0.0,-0.0,0.0,283.1443786621094,288.5085144042969,285.35308837890625,285.36309814453125,293.1499938964844,293.1499938964844,278.1499938964844,0.0,18000.0,313.1499938964844,0.0,18000.0,0.0,0.0,0.0,0.0,0.0,0.0,0.0,0.0,0.0,-0.0,-0.0,-0.0,-6.544322618950674e-21,-3.272161309475337e-21,-3.272161107526945e-21,0.0,0.0,-0.0,0.0,0.0,0.0,-0.0,0.0,0.0,0.0,0.0,0.0,4.0,0.0,0.0
12017940,297.3911437988281,303.1499938964844,285.1499938964844,0.0,-0.0,290.9596862792969,0.0,0.0,0.0,297.4695129394531,303.1499938964844,285.1499938964844,0.0,-0.0,290.9602966308594,0.0,0.0,0.0,297.9486999511719,303.1499938964844,285.1499938964844,0.0,-0.0,290.9613647460937,0.0,0.0,0.0,297.3705139160156,303.1499938964844,285.1499938964844,0.0,-0.0,290.9599304199219,0.0,0.0,0.0,297.7369079589844,303.1499938964844,285.1499938964844,0.0,-0.0,290.9603576660156,0.0,0.0,0.0,290.9122009277344,294.1499938964844,280.13641357421875,279.6096496582031,282.3890075683594,280.7698059082031,290.4193115234375,0.0,0.0,0.0,0.0,1.0,1.0,-3.855124552920586e-12,-1.3512427921514072e-17,3.8551379970275246e-12,-5.373091728488877e-12,0.0,0.0,0.0,-1.4551915228366852e-11,60.0,0.0001078863788279,-0.0,-0.0,0.0,283.1443786621094,288.5085144042969,285.35308837890625,285.36309814453125,293.1499938964844,293.1499938964844,278.1499938964844,0.0,18000.0,313.1499938964844,0.0,18000.0,0.0,0.0,0.0,0.0,0.0,0.0,0.0,0.0,0.0,-0.0,-0.0,-0.0,-6.544322618950674e-21,-3.272161309475337e-21,-3.272161107526945e-21,0.0,0.0,-0.0,0.0,0.0,0.0,-0.0,0.0,0.0,0.0,0.0,0.0,4.0,0.0,0.0
12018000,297.3911437988281,303.1499938964844,285.1499938964844,0.0,-0.0,290.9596862792969,0.0,0.0,0.0,297.4695129394531,303.1499938964844,285.1499938964844,0.0,-0.0,290.9602966308594,0.0,0.0,0.0,297.9486999511719,303.1499938964844,285.1499938964844,0.0,-0.0,290.9613647460937,0.0,0.0,0.0,297.3705139160156,303.1499938964844,285.1499938964844,0.0,-0.0,290.9599304199219,0.0,0.0,0.0,297.7369079589844,303.1499938964844,285.1499938964844,0.0,-0.0,290.9603576660156,0.0,0.0,0.0,290.9122009277344,294.1499938964844,280.13641357421875,279.6096496582031,282.3890075683594,280.7698059082031,290.4193115234375,0.0,0.0,0.0,0.0,1.0,1.0,-3.855124552920586e-12,-1.3512427921514072e-17,3.8551379970275246e-12,-5.373091728488877e-12,0.0,0.0,0.0,-1.4551915228366852e-11,60.0,0.0001078863788279,-0.0,-0.0,0.0,283.1443786621094,288.5085144042969,285.35308837890625,285.36309814453125,293.1499938964844,293.1499938964844,278.1499938964844,0.0,18000.0,313.1499938964844,0.0,18000.0,0.0,0.0,0.0,0.0,0.0,0.0,0.0,0.0,0.0,-0.0,-0.0,-0.0,-6.544322618950674e-21,-3.272161309475337e-21,-3.272161107526945e-21,0.0,0.0,-0.0,0.0,0.0,0.0,-0.0,0.0,0.0,0.0,0.0,0.0,4.0,0.0,0.0
12018060,297.38916015625,303.1499938964844,285.1499938964844,0.0,-0.0,290.9596862792969,0.0,0.0,2.558457189594937e-13,297.46697998046875,303.1499938964844,285.1499938964844,0.0,-0.0,290.9602966308594,0.0,0.0,2.694180328052104e-13,297.945556640625,303.1499938964844,285.1499938964844,0.0,-0.0,290.9613647460937,0.0,0.0,1.989913225516893e-13,297.3679504394531,303.1499938964844,285.1499938964844,0.0,-0.0,290.9599304199219,0.0,0.0,2.694179514900475e-13,297.7356262207031,303.1499938964844,285.1499938964844,0.0,-0.0,290.9603576660156,0.0,0.0,1.2780023350353333e-12,290.9122009277344,294.1499938964844,280.1142883300781,279.58795166015625,282.3890075683594,280.7698059082031,290.417724609375,0.0,0.0,0.0,0.0,1.0,1.0,1.5115428440154457e-12,1.395184197933388e-17,-1.5115568302234705e-12,1.6194223696405774e-12,0.0,0.0,0.0,1.4551915228366852e-11,60.0,0.0001001055643428,-0.0,-5.066788513209878e-25,0.0,283.1443786621094,288.5085144042969,285.35308837890625,285.36309814453125,293.1499938964844,293.1499938964844,278.1499938964844,0.0,18000.0,313.1499938964844,0.0,18000.0,0.0,0.0,0.0,0.0,0.0,0.0,0.0,0.0,0.0,-0.0,-0.0,-0.0,-6.544322618950674e-21,-3.272161309475337e-21,-3.272161107526945e-21,0.0,0.0,-0.0,0.0,0.0,0.0,-0.0,0.0,0.0,0.0,0.0,0.0,4.0,0.0,0.0
12018120,297.38916015625,303.1499938964844,285.1499938964844,0.0,-0.0,290.9596862792969,0.0,0.0,2.558457189594937e-13,297.46697998046875,303.1499938964844,285.1499938964844,0.0,-0.0,290.9602966308594,0.0,0.0,2.694180328052104e-13,297.945556640625,303.1499938964844,285.1499938964844,0.0,-0.0,290.9613647460937,0.0,0.0,1.989913225516893e-13,297.3679504394531,303.1499938964844,285.1499938964844,0.0,-0.0,290.9599304199219,0.0,0.0,2.694179514900475e-13,297.7356262207031,303.1499938964844,285.1499938964844,0.0,-0.0,290.9603576660156,0.0,0.0,1.2780023350353333e-12,290.9122009277344,294.1499938964844,280.1142883300781,279.58795166015625,282.3890075683594,280.7698059082031,290.417724609375,0.0,0.0,0.0,0.0,1.0,1.0,1.5115428440154457e-12,1.395184197933388e-17,-1.5115568302234705e-12,1.6194223696405774e-12,0.0,0.0,0.0,1.4551915228366852e-11,60.0,0.0001001055643428,-0.0,-5.066788513209878e-25,0.0,283.1443786621094,288.5085144042969,285.35308837890625,285.36309814453125,293.1499938964844,293.1499938964844,278.1499938964844,0.0,18000.0,313.1499938964844,0.0,18000.0,0.0,0.0,0.0,0.0,0.0,0.0,0.0,0.0,0.0,-0.0,-0.0,-0.0,-6.544322618950674e-21,-3.272161309475337e-21,-3.272161107526945e-21,0.0,0.0,-0.0,0.0,0.0,0.0,-0.0,0.0,0.0,0.0,0.0,0.0,4.0,0.0,0.0
12018180,297.3871459960937,303.1499938964844,285.1499938964844,0.0,-0.0,290.9596862792969,0.0,0.0,2.558457189594937e-13,297.4643859863281,303.1499938964844,285.1499938964844,0.0,-0.0,290.9602966308594,0.0,0.0,2.694180328052104e-13,297.9423828125,303.1499938964844,285.1499938964844,0.0,-0.0,290.9613647460937,0.0,0.0,1.989913225516893e-13,297.3653564453125,303.1499938964844,285.1499938964844,0.0,-0.0,290.9599304199219,0.0,0.0,2.694179514900475e-13,297.7342834472656,303.1499938964844,285.1499938964844,0.0,-0.0,290.9603576660156,0.0,0.0,1.2780023350353333e-12,290.9122009277344,294.1499938964844,280.0924072265625,279.5664978027344,282.3890075683594,280.7698059082031,290.416259765625,0.0,0.0,0.0,0.0,1.0,1.0,1.5115428440154457e-12,1.395184197933388e-17,-1.5115568302234705e-12,1.6194223696405774e-12,0.0,0.0,0.0,1.4551915228366852e-11,60.0,9.290596790378912e-05,-0.0,-5.066788513209878e-25,0.0,283.1443786621094,288.5085144042969,285.35308837890625,285.36309814453125,293.1499938964844,293.1499938964844,278.1499938964844,0.0,18000.0,313.1499938964844,0.0,18000.0,0.0,0.0,0.0,0.0,0.0,0.0,0.0,0.0,0.0,-0.0,-0.0,-0.0,-6.544322618950674e-21,-3.272161309475337e-21,-3.272161107526945e-21,0.0,0.0,-0.0,0.0,0.0,0.0,-0.0,0.0,0.0,0.0,0.0,0.0,4.0,0.0,0.0
12018240,297.3871459960937,303.1499938964844,285.1499938964844,0.0,-0.0,290.9596862792969,0.0,0.0,2.558457189594937e-13,297.4643859863281,303.1499938964844,285.1499938964844,0.0,-0.0,290.9602966308594,0.0,0.0,2.694180328052104e-13,297.9423828125,303.1499938964844,285.1499938964844,0.0,-0.0,290.9613647460937,0.0,0.0,1.989913225516893e-13,297.3653564453125,303.1499938964844,285.1499938964844,0.0,-0.0,290.9599304199219,0.0,0.0,2.694179514900475e-13,297.7342834472656,303.1499938964844,285.1499938964844,0.0,-0.0,290.9603576660156,0.0,0.0,1.2780023350353333e-12,290.9122009277344,294.1499938964844,280.0924072265625,279.5664978027344,282.3890075683594,280.7698059082031,290.416259765625,0.0,0.0,0.0,0.0,1.0,1.0,1.5115428440154457e-12,1.395184197933388e-17,-1.5115568302234705e-12,1.6194223696405774e-12,0.0,0.0,0.0,1.4551915228366852e-11,60.0,9.290596790378912e-05,-0.0,-5.066788513209878e-25,0.0,283.1443786621094,288.5085144042969,285.35308837890625,285.36309814453125,293.1499938964844,293.1499938964844,278.1499938964844,0.0,18000.0,313.1499938964844,0.0,18000.0,0.0,0.0,0.0,0.0,0.0,0.0,0.0,0.0,0.0,-0.0,-0.0,-0.0,-6.544322618950674e-21,-3.272161309475337e-21,-3.272161107526945e-21,0.0,0.0,-0.0,0.0,0.0,0.0,-0.0,0.0,0.0,0.0,0.0,0.0,4.0,0.0,0.0
12018300,297.3861083984375,303.1499938964844,285.1499938964844,0.0,-0.0,290.9596862792969,0.0,0.0,0.0,297.46307373046875,303.1499938964844,285.1499938964844,0.0,-0.0,290.9602966308594,0.0,0.0,0.0,297.9407958984375,303.1499938964844,285.1499938964844,0.0,-0.0,290.9613647460937,0.0,0.0,0.0,297.364013671875,303.1499938964844,285.1499938964844,0.0,-0.0,290.9599304199219,0.0,0.0,0.0,297.7336120605469,303.1499938964844,285.1499938964844,0.0,-0.0,290.9603576660156,0.0,0.0,0.0,290.9122009277344,294.1499938964844,280.0815734863281,279.555908203125,282.3890075683594,280.7698059082031,290.4155578613281,0.0,0.0,0.0,0.0,1.0,1.0,-1.1996204810765798e-12,1.5993161603714688e-17,1.199604434884427e-12,-1.0360817022034283e-12,0.0,0.0,0.0,0.0,60.0,8.949527546064928e-05,-0.0,-0.0,0.0,283.1443786621094,288.5085144042969,285.35308837890625,285.36309814453125,293.1499938964844,293.1499938964844,278.1499938964844,0.0,18000.0,313.1499938964844,0.0,18000.0,0.0,0.0,0.0,0.0,0.0,0.0,0.0,0.0,0.0,-0.0,-0.0,-0.0,-6.544322618950674e-21,-3.272161309475337e-21,-3.272161107526945e-21,0.0,0.0,-0.0,0.0,0.0,0.0,-0.0,0.0,0.0,0.0,0.0,0.0,4.0,0.0,0.0
12018360,297.38507080078125,303.1499938964844,285.1499938964844,0.0,-0.0,290.9596862792969,0.0,0.0,2.558457189594937e-13,297.4617919921875,303.1499938964844,285.1499938964844,0.0,-0.0,290.9602966308594,0.0,0.0,2.694180328052104e-13,297.9391784667969,303.1499938964844,285.1499938964844,0.0,-0.0,290.9613647460937,0.0,0.0,1.989913225516893e-13,297.3627014160156,303.1499938964844,285.1499938964844,0.0,-0.0,290.9599304199219,0.0,0.0,2.694179514900475e-13,297.73291015625,303.1499938964844,285.1499938964844,0.0,-0.0,290.9603576660156,0.0,0.0,1.2780023350353333e-12,290.9122009277344,294.1499938964844,280.07086181640625,279.5453796386719,282.3890075683594,280.7698059082031,290.41485595703125,0.0,0.0,0.0,0.0,1.0,1.0,1.5115428440154457e-12,1.395184197933388e-17,-1.5115568302234705e-12,1.6194223696405774e-12,0.0,0.0,0.0,1.4551915228366852e-11,60.0,8.621665620012209e-05,-0.0,-5.066788513209878e-25,0.0,283.1443786621094,288.5085144042969,285.35308837890625,285.36309814453125,293.1499938964844,293.1499938964844,278.1499938964844,0.0,18000.0,313.1499938964844,0.0,18000.0,0.0,0.0,0.0,0.0,0.0,0.0,0.0,0.0,0.0,-0.0,-0.0,-0.0,-6.544322618950674e-21,-3.272161309475337e-21,-3.272161107526945e-21,0.0,0.0,-0.0,0.0,0.0,0.0,-0.0,0.0,0.0,0.0,0.0,0.0,4.0,0.0,0.0
12018420,297.38299560546875,303.1499938964844,285.1499938964844,0.0,-0.0,290.9596862792969,0.0,0.0,0.0,297.4591369628906,303.1499938964844,285.1499938964844,0.0,-0.0,290.9602966308594,0.0,0.0,0.0,297.9359436035156,303.1499938964844,285.1499938964844,0.0,-0.0,290.9613647460937,0.0,0.0,0.0,297.3600158691406,303.1499938964844,285.1499938964844,0.0,-0.0,290.9599304199219,0.0,0.0,0.0,297.7315368652344,303.1499938964844,285.1499938964844,0.0,-0.0,290.9603576660156,0.0,0.0,0.0,290.9122009277344,294.1499938964844,280.0497436523437,279.5246887207031,282.3890075683594,280.7698059082031,290.4136047363281,0.0,0.0,0.0,0.0,1.0,1.0,1.455885650751554e-12,1.3333429345680049e-17,-1.4558989864382754e-12,3.3008990506233626e-12,0.0,0.0,0.0,1.4551915228366852e-11,60.0,8.005033305380493e-05,-0.0,-0.0,0.0,283.1443786621094,288.5085144042969,285.35308837890625,285.36309814453125,293.1499938964844,293.1499938964844,278.1499938964844,0.0,18000.0,313.1499938964844,0.0,18000.0,0.0,0.0,0.0,0.0,0.0,0.0,0.0,0.0,0.0,-0.0,-0.0,-0.0,-6.544322618950674e-21,-3.272161309475337e-21,-3.272161107526945e-21,0.0,0.0,-0.0,0.0,0.0,0.0,-0.0,0.0,0.0,0.0,0.0,0.0,4.0,0.0,0.0
12018480,297.38299560546875,303.1499938964844,285.1499938964844,0.0,-0.0,290.9596862792969,0.0,0.0,0.0,297.4591369628906,303.1499938964844,285.1499938964844,0.0,-0.0,290.9602966308594,0.0,0.0,0.0,297.9359436035156,303.1499938964844,285.1499938964844,0.0,-0.0,290.9613647460937,0.0,0.0,0.0,297.3600158691406,303.1499938964844,285.1499938964844,0.0,-0.0,290.9599304199219,0.0,0.0,0.0,297.7315368652344,303.1499938964844,285.1499938964844,0.0,-0.0,290.9603576660156,0.0,0.0,0.0,290.9122009277344,294.1499938964844,280.0497436523437,279.5246887207031,282.3890075683594,280.7698059082031,290.4136047363281,0.0,0.0,0.0,0.0,1.0,1.0,1.455885650751554e-12,1.3333429345680049e-17,-1.4558989864382754e-12,3.3008990506233626e-12,0.0,0.0,0.0,1.4551915228366852e-11,60.0,8.005033305380493e-05,-0.0,-0.0,0.0,283.1443786621094,288.5085144042969,285.35308837890625,285.36309814453125,293.1499938964844,293.1499938964844,278.1499938964844,0.0,18000.0,313.1499938964844,0.0,18000.0,0.0,0.0,0.0,0.0,0.0,0.0,0.0,0.0,0.0,-0.0,-0.0,-0.0,-6.544322618950674e-21,-3.272161309475337e-21,-3.272161107526945e-21,0.0,0.0,-0.0,0.0,0.0,0.0,-0.0,0.0,0.0,0.0,0.0,0.0,4.0,0.0,0.0
12018540,297.380859375,303.1499938964844,285.1499938964844,0.0,-0.0,290.9596862792969,0.0,0.0,2.558457189594937e-13,297.4564819335937,303.1499938964844,285.1499938964844,0.0,-0.0,290.9602966308594,0.0,0.0,2.694180328052104e-13,297.9327087402344,303.1499938964844,285.1499938964844,0.0,-0.0,290.9613647460937,0.0,0.0,1.989913225516893e-13,297.3573303222656,303.1499938964844,285.1499938964844,0.0,-0.0,290.9599304199219,0.0,0.0,2.694179514900475e-13,297.7301330566406,303.1499938964844,285.1499938964844,0.0,-0.0,290.9603576660156,0.0,0.0,1.2780023350353333e-12,290.9122009277344,294.1499938964844,280.0291748046875,279.5045471191406,282.3890075683594,280.7698059082031,290.41241455078125,0.0,0.0,0.0,0.0,1.0,1.0,1.5115428440154457e-12,1.3951843633695104e-17,-1.5115568302234705e-12,1.6194223696405774e-12,0.0,0.0,0.0,1.4551915228366852e-11,60.0,7.4332783697173e-05,-0.0,-5.066788513209878e-25,0.0,283.1443786621094,288.5085144042969,285.35308837890625,285.36309814453125,293.1499938964844,293.1499938964844,278.1499938964844,0.0,18000.0,313.1499938964844,0.0,18000.0,0.0,0.0,0.0,0.0,0.0,0.0,0.0,0.0,0.0,-0.0,-0.0,-0.0,-6.544322618950674e-21,-3.272161309475337e-21,-3.272161107526945e-21,0.0,0.0,-0.0,0.0,0.0,0.0,-0.0,0.0,0.0,0.0,0.0,0.0,4.0,0.0,0.0
12018600,297.380859375,303.1499938964844,285.1499938964844,0.0,-0.0,290.9596862792969,0.0,0.0,2.558457189594937e-13,297.4564819335937,303.1499938964844,285.1499938964844,0.0,-0.0,290.9602966308594,0.0,0.0,2.694180328052104e-13,297.9327087402344,303.1499938964844,285.1499938964844,0.0,-0.0,290.9613647460937,0.0,0.0,1.989913225516893e-13,297.3573303222656,303.1499938964844,285.1499938964844,0.0,-0.0,290.9599304199219,0.0,0.0,2.694179514900475e-13,297.7301330566406,303.1499938964844,285.1499938964844,0.0,-0.0,290.9603576660156,0.0,0.0,1.2780023350353333e-12,290.9122009277344,294.1499938964844,280.0291748046875,279.5045471191406,282.3890075683594,280.7698059082031,290.41241455078125,0.0,0.0,0.0,0.0,1.0,1.0,1.5115428440154457e-12,1.3951843633695104e-17,-1.5115568302234705e-12,1.6194223696405774e-12,0.0,0.0,0.0,1.4551915228366852e-11,60.0,7.4332783697173e-05,-0.0,-5.066788513209878e-25,0.0,283.1443786621094,288.5085144042969,285.35308837890625,285.36309814453125,293.1499938964844,293.1499938964844,278.1499938964844,0.0,18000.0,313.1499938964844,0.0,18000.0,0.0,0.0,0.0,0.0,0.0,0.0,0.0,0.0,0.0,-0.0,-0.0,-0.0,-6.544322618950674e-21,-3.272161309475337e-21,-3.272161107526945e-21,0.0,0.0,-0.0,0.0,0.0,0.0,-0.0,0.0,0.0,0.0,0.0,0.0,4.0,0.0,0.0
12018660,297.3787536621094,303.1499938964844,285.1499938964844,0.0,-0.0,290.9596862792969,0.0,0.0,0.0,297.4538269042969,303.1499938964844,285.1499938964844,0.0,-0.0,290.9602966308594,0.0,0.0,0.0,297.929443359375,303.1499938964844,285.1499938964844,0.0,-0.0,290.9613647460937,0.0,0.0,0.0,297.3546142578125,303.1499938964844,285.1499938964844,0.0,-0.0,290.9599304199219,0.0,0.0,0.0,297.72869873046875,303.1499938964844,285.1499938964844,0.0,-0.0,290.9603576660156,0.0,0.0,0.0,290.9122009277344,294.1499938964844,280.0092163085937,279.4849853515625,282.3890075683594,280.7698059082031,290.4112854003906,0.0,0.0,0.0,0.0,1.0,1.0,1.455885650751554e-12,1.333343017286066e-17,-1.4558989864382754e-12,3.3008990506233626e-12,0.0,0.0,0.0,1.4551915228366852e-11,60.0,6.904234032845125e-05,-0.0,-0.0,0.0,283.1443786621094,288.5085144042969,285.35308837890625,285.36309814453125,293.1499938964844,293.1499938964844,278.1499938964844,0.0,18000.0,313.1499938964844,0.0,18000.0,0.0,0.0,0.0,0.0,0.0,0.0,0.0,0.0,0.0,-0.0,-0.0,-0.0,-6.544322618950674e-21,-3.272161309475337e-21,-3.272161107526945e-21,0.0,0.0,-0.0,0.0,0.0,0.0,-0.0,0.0,0.0,0.0,0.0,0.0,4.0,0.0,0.0
12018720,297.3787536621094,303.1499938964844,285.1499938964844,0.0,-0.0,290.9596862792969,0.0,0.0,0.0,297.4538269042969,303.1499938964844,285.1499938964844,0.0,-0.0,290.9602966308594,0.0,0.0,0.0,297.929443359375,303.1499938964844,285.1499938964844,0.0,-0.0,290.9613647460937,0.0,0.0,0.0,297.3546142578125,303.1499938964844,285.1499938964844,0.0,-0.0,290.9599304199219,0.0,0.0,0.0,297.72869873046875,303.1499938964844,285.1499938964844,0.0,-0.0,290.9603576660156,0.0,0.0,0.0,290.9122009277344,294.1499938964844,280.0092163085937,279.4849853515625,282.3890075683594,280.7698059082031,290.4112854003906,0.0,0.0,0.0,0.0,1.0,1.0,1.455885650751554e-12,1.333343017286066e-17,-1.4558989864382754e-12,3.3008990506233626e-12,0.0,0.0,0.0,1.4551915228366852e-11,60.0,6.904234032845125e-05,-0.0,-0.0,0.0,283.1443786621094,288.5085144042969,285.35308837890625,285.36309814453125,293.1499938964844,293.1499938964844,278.1499938964844,0.0,18000.0,313.1499938964844,0.0,18000.0,0.0,0.0,0.0,0.0,0.0,0.0,0.0,0.0,0.0,-0.0,-0.0,-0.0,-6.544322618950674e-21,-3.272161309475337e-21,-3.272161107526945e-21,0.0,0.0,-0.0,0.0,0.0,0.0,-0.0,0.0,0.0,0.0,0.0,0.0,4.0,0.0,0.0
12018780,297.3765869140625,303.1499938964844,285.1499938964844,0.0,-0.0,290.9596862792969,0.0,0.0,5.116914379189874e-13,297.4511413574219,303.1499938964844,285.1499938964844,0.0,-0.0,290.9602966308594,0.0,0.0,5.388360656104207e-13,297.9261474609375,303.1499938964844,285.1499938964844,0.0,-0.0,290.9613647460937,0.0,0.0,3.979826451033786e-13,297.35186767578125,303.1499938964844,285.1499938964844,0.0,-0.0,290.9599304199219,0.0,0.0,5.38835902980095e-13,297.7272644042969,303.1499938964844,285.1499938964844,0.0,-0.0,290.9603576660156,0.0,0.0,2.5560046700706666e-12,290.9122009277344,294.1499938964844,279.989990234375,279.4661560058594,282.3890075683594,280.7698059082031,290.4102783203125,0.0,0.0,0.0,0.0,1.0,1.0,1.5672000372793369e-12,1.4570255440168323e-17,-1.5672146740086657e-12,-6.205422325078133e-14,0.0,0.0,0.0,1.4551915228366852e-11,60.0,6.413558730855584e-05,-0.0,-2.0267154052839512e-24,0.0,283.1443786621094,288.5085144042969,285.35308837890625,285.36309814453125,293.1499938964844,293.1499938964844,278.1499938964844,0.0,18000.0,313.1499938964844,0.0,18000.0,0.0,0.0,0.0,0.0,0.0,0.0,0.0,0.0,0.0,-0.0,-0.0,-0.0,-6.544322618950674e-21,-3.272161309475337e-21,-3.272161107526945e-21,0.0,0.0,-0.0,0.0,0.0,0.0,-0.0,0.0,0.0,0.0,0.0,0.0,4.0,0.0,0.0
12018840,297.3765869140625,303.1499938964844,285.1499938964844,0.0,-0.0,290.9596862792969,0.0,0.0,5.116914379189874e-13,297.4511413574219,303.1499938964844,285.1499938964844,0.0,-0.0,290.9602966308594,0.0,0.0,5.388360656104207e-13,297.9261474609375,303.1499938964844,285.1499938964844,0.0,-0.0,290.9613647460937,0.0,0.0,3.979826451033786e-13,297.35186767578125,303.1499938964844,285.1499938964844,0.0,-0.0,290.9599304199219,0.0,0.0,5.38835902980095e-13,297.7272644042969,303.1499938964844,285.1499938964844,0.0,-0.0,290.9603576660156,0.0,0.0,2.5560046700706666e-12,290.9122009277344,294.1499938964844,279.989990234375,279.4661560058594,282.3890075683594,280.7698059082031,290.4102783203125,0.0,0.0,0.0,0.0,1.0,1.0,1.5672000372793369e-12,1.4570255440168323e-17,-1.5672146740086657e-12,-6.205422325078133e-14,0.0,0.0,0.0,1.4551915228366852e-11,60.0,6.413558730855584e-05,-0.0,-2.0267154052839512e-24,0.0,283.1443786621094,288.5085144042969,285.35308837890625,285.36309814453125,293.1499938964844,293.1499938964844,278.1499938964844,0.0,18000.0,313.1499938964844,0.0,18000.0,0.0,0.0,0.0,0.0,0.0,0.0,0.0,0.0,0.0,-0.0,-0.0,-0.0,-6.544322618950674e-21,-3.272161309475337e-21,-3.272161107526945e-21,0.0,0.0,-0.0,0.0,0.0,0.0,-0.0,0.0,0.0,0.0,0.0,0.0,4.0,0.0,0.0
12018900,297.3755187988281,303.1499938964844,285.1499938964844,0.0,-0.0,290.9596862792969,0.0,0.0,0.0,297.4497985839844,303.1499938964844,285.1499938964844,0.0,-0.0,290.9602966308594,0.0,0.0,0.0,297.92449951171875,303.1499938964844,285.1499938964844,0.0,-0.0,290.9613647460937,0.0,0.0,0.0,297.3504943847656,303.1499938964844,285.1499938964844,0.0,-0.0,290.9599304199219,0.0,0.0,0.0,297.7265319824219,303.1499938964844,285.1499938964844,0.0,-0.0,290.9603576660156,0.0,0.0,0.0,290.9122009277344,294.1499938964844,279.9806823730469,279.45703125,282.3890075683594,280.7698059082031,290.4097900390625,0.0,0.0,0.0,0.0,1.0,1.0,-1.1996204810765798e-12,1.5993163258075916e-17,1.199604434884427e-12,-1.0360817022034283e-12,0.0,0.0,0.0,0.0,60.0,6.182117795106024e-05,-0.0,-0.0,0.0,283.1443786621094,288.5085144042969,285.35308837890625,285.36309814453125,293.1499938964844,293.1499938964844,278.1499938964844,0.0,18000.0,313.1499938964844,0.0,18000.0,0.0,0.0,0.0,0.0,0.0,0.0,0.0,0.0,0.0,-0.0,-0.0,-0.0,-6.544322618950674e-21,-3.272161309475337e-21,-3.272161107526945e-21,0.0,0.0,-0.0,0.0,0.0,0.0,-0.0,0.0,0.0,0.0,0.0,0.0,4.0,0.0,0.0
12018960,297.3744506835937,303.1499938964844,285.1499938964844,0.0,-0.0,290.9596862792969,0.0,0.0,0.0,297.4484558105469,303.1499938964844,285.1499938964844,0.0,-0.0,290.9602966308594,0.0,0.0,0.0,297.9228515625,303.1499938964844,285.1499938964844,0.0,-0.0,290.9613647460937,0.0,0.0,0.0,297.34912109375,303.1499938964844,285.1499938964844,0.0,-0.0,290.9599304199219,0.0,0.0,0.0,297.7257995605469,303.1499938964844,285.1499938964844,0.0,-0.0,290.9603576660156,0.0,0.0,0.0,290.9122009277344,294.1499938964844,279.9715881347656,279.4481201171875,282.3890075683594,280.7698059082031,290.4093017578125,0.0,0.0,0.0,0.0,1.0,1.0,-1.1996204810765798e-12,1.5993163258075916e-17,1.199604434884427e-12,-1.0360817022034283e-12,0.0,0.0,0.0,0.0,60.0,5.9594276535790414e-05,-0.0,-0.0,0.0,283.1443786621094,288.5085144042969,285.35308837890625,285.36309814453125,293.1499938964844,293.1499938964844,278.1499938964844,0.0,18000.0,313.1499938964844,0.0,18000.0,0.0,0.0,0.0,0.0,0.0,0.0,0.0,0.0,0.0,-0.0,-0.0,-0.0,-6.544322618950674e-21,-3.272161309475337e-21,-3.272161107526945e-21,0.0,0.0,-0.0,0.0,0.0,0.0,-0.0,0.0,0.0,0.0,0.0,0.0,4.0,0.0,0.0
12019020,297.3722839355469,303.1499938964844,285.1499938964844,0.0,-0.0,290.9596862792969,0.0,0.0,2.558457189594937e-13,297.4457397460937,303.1499938964844,285.1499938964844,0.0,-0.0,290.9602966308594,0.0,0.0,2.694180328052104e-13,297.9195556640625,303.1499938964844,285.1499938964844,0.0,-0.0,290.9613647460937,0.0,0.0,1.989913225516893e-13,297.34637451171875,303.1499938964844,285.1499938964844,0.0,-0.0,290.9599304199219,0.0,0.0,2.694179514900475e-13,297.724365234375,303.1499938964844,285.1499938964844,0.0,-0.0,290.9603576660156,0.0,0.0,1.2780023350353333e-12,290.9122009277344,294.1499938964844,279.9541320800781,279.4309997558594,282.3890075683594,280.7698059082031,290.4084167480469,0.0,0.0,0.0,0.0,1.0,1.0,1.5115428440154457e-12,1.3951843633695104e-17,-1.5115568302234705e-12,1.6194223696405774e-12,0.0,0.0,0.0,1.4551915228366852e-11,60.0,5.5370419431710616e-05,-0.0,-5.066788513209878e-25,0.0,283.1443786621094,288.5085144042969,285.35308837890625,285.36309814453125,293.1499938964844,293.1499938964844,278.1499938964844,0.0,18000.0,313.1499938964844,0.0,18000.0,0.0,0.0,0.0,0.0,0.0,0.0,0.0,0.0,0.0,-0.0,-0.0,-0.0,-6.544322618950674e-21,-3.272161309475337e-21,-3.272161107526945e-21,0.0,0.0,-0.0,0.0,0.0,0.0,-0.0,0.0,0.0,0.0,0.0,0.0,4.0,0.0,0.0
12019080,297.3722839355469,303.1499938964844,285.1499938964844,0.0,-0.0,290.9596862792969,0.0,0.0,2.558457189594937e-13,297.4457397460937,303.1499938964844,285.1499938964844,0.0,-0.0,290.9602966308594,0.0,0.0,2.694180328052104e-13,297.9195556640625,303.1499938964844,285.1499938964844,0.0,-0.0,290.9613647460937,0.0,0.0,1.989913225516893e-13,297.34637451171875,303.1499938964844,285.1499938964844,0.0,-0.0,290.9599304199219,0.0,0.0,2.694179514900475e-13,297.724365234375,303.1499938964844,285.1499938964844,0.0,-0.0,290.9603576660156,0.0,0.0,1.2780023350353333e-12,290.9122009277344,294.1499938964844,279.9541320800781,279.4309997558594,282.3890075683594,280.7698059082031,290.4084167480469,0.0,0.0,0.0,0.0,1.0,1.0,1.5115428440154457e-12,1.3951843633695104e-17,-1.5115568302234705e-12,1.6194223696405774e-12,0.0,0.0,0.0,1.4551915228366852e-11,60.0,5.5370419431710616e-05,-0.0,-5.066788513209878e-25,0.0,283.1443786621094,288.5085144042969,285.35308837890625,285.36309814453125,293.1499938964844,293.1499938964844,278.1499938964844,0.0,18000.0,313.1499938964844,0.0,18000.0,0.0,0.0,0.0,0.0,0.0,0.0,0.0,0.0,0.0,-0.0,-0.0,-0.0,-6.544322618950674e-21,-3.272161309475337e-21,-3.272161107526945e-21,0.0,0.0,-0.0,0.0,0.0,0.0,-0.0,0.0,0.0,0.0,0.0,0.0,4.0,0.0,0.0
12019140,297.3701171875,303.1499938964844,285.1499938964844,0.0,-0.0,290.9596862792969,0.0,0.0,2.558457189594937e-13,297.44305419921875,303.1499938964844,285.1499938964844,0.0,-0.0,290.9602966308594,0.0,0.0,2.694180328052104e-13,297.9162292480469,303.1499938964844,285.1499938964844,0.0,-0.0,290.9613647460937,0.0,0.0,1.989913225516893e-13,297.3436279296875,303.1499938964844,285.1499938964844,0.0,-0.0,290.9599304199219,0.0,0.0,2.694179514900475e-13,297.7228698730469,303.1499938964844,285.1499938964844,0.0,-0.0,290.9603576660156,0.0,0.0,1.2780023350353333e-12,290.9122009277344,294.1499938964844,279.9376525878906,279.41485595703125,282.3890075683594,280.7698059082031,290.4075927734375,0.0,0.0,0.0,0.0,1.0,1.0,1.5115428440154457e-12,1.3951843633695104e-17,-1.5115568302234705e-12,1.6194223696405774e-12,0.0,0.0,0.0,1.4551915228366852e-11,60.0,5.145055547473021e-05,-0.0,-5.066788513209878e-25,0.0,283.1443786621094,288.5085144042969,285.35308837890625,285.36309814453125,293.1499938964844,293.1499938964844,278.1499938964844,0.0,18000.0,313.1499938964844,0.0,18000.0,0.0,0.0,0.0,0.0,0.0,0.0,0.0,0.0,0.0,-0.0,-0.0,-0.0,-6.544322618950674e-21,-3.272161309475337e-21,-3.272161107526945e-21,0.0,0.0,-0.0,0.0,0.0,0.0,-0.0,0.0,0.0,0.0,0.0,0.0,4.0,0.0,0.0
12019200,297.3701171875,303.1499938964844,285.1499938964844,0.0,-0.0,290.9596862792969,0.0,0.0,2.558457189594937e-13,297.44305419921875,303.1499938964844,285.1499938964844,0.0,-0.0,290.9602966308594,0.0,0.0,2.694180328052104e-13,297.9162292480469,303.1499938964844,285.1499938964844,0.0,-0.0,290.9613647460937,0.0,0.0,1.989913225516893e-13,297.3436279296875,303.1499938964844,285.1499938964844,0.0,-0.0,290.9599304199219,0.0,0.0,2.694179514900475e-13,297.7228698730469,303.1499938964844,285.1499938964844,0.0,-0.0,290.9603576660156,0.0,0.0,1.2780023350353333e-12,290.9122009277344,294.1499938964844,279.9376525878906,279.41485595703125,282.3890075683594,280.7698059082031,290.4075927734375,0.0,0.0,0.0,0.0,1.0,1.0,1.5115428440154457e-12,1.3951843633695104e-17,-1.5115568302234705e-12,1.6194223696405774e-12,0.0,0.0,0.0,1.4551915228366852e-11,60.0,5.145055547473021e-05,-0.0,-5.066788513209878e-25,0.0,283.1443786621094,288.5085144042969,285.35308837890625,285.36309814453125,293.1499938964844,293.1499938964844,278.1499938964844,0.0,18000.0,313.1499938964844,0.0,18000.0,0.0,0.0,0.0,0.0,0.0,0.0,0.0,0.0,0.0,-0.0,-0.0,-0.0,-6.544322618950674e-21,-3.272161309475337e-21,-3.272161107526945e-21,0.0,0.0,-0.0,0.0,0.0,0.0,-0.0,0.0,0.0,0.0,0.0,0.0,4.0,0.0,0.0
12019260,297.367919921875,303.1499938964844,285.1499938964844,0.0,-0.0,290.9596862792969,0.0,0.0,0.0,297.4403381347656,303.1499938964844,285.1499938964844,0.0,-0.0,290.9602966308594,0.0,0.0,0.0,297.9129333496094,303.1499938964844,285.1499938964844,0.0,-0.0,290.9613647460937,0.0,0.0,0.0,297.3408508300781,303.1499938964844,285.1499938964844,0.0,-0.0,290.9599304199219,0.0,0.0,0.0,297.7214050292969,303.1499938964844,285.1499938964844,0.0,-0.0,290.9603576660156,0.0,0.0,0.0,290.9122009277344,294.1499938964844,279.9223022460937,279.3998107910156,282.3890075683594,280.7698059082031,290.4068298339844,0.0,0.0,0.0,0.0,1.0,1.0,-1.1996204810765798e-12,1.5993163258075916e-17,1.199604434884427e-12,-1.0360817022034283e-12,0.0,0.0,0.0,0.0,60.0,4.781292227562517e-05,-0.0,-0.0,0.0,283.1443786621094,288.5085144042969,285.35308837890625,285.36309814453125,293.1499938964844,293.1499938964844,278.1499938964844,0.0,18000.0,313.1499938964844,0.0,18000.0,0.0,0.0,0.0,0.0,0.0,0.0,0.0,0.0,0.0,-0.0,-0.0,-0.0,-6.544322618950674e-21,-3.272161309475337e-21,-3.272161107526945e-21,0.0,0.0,-0.0,0.0,0.0,0.0,-0.0,0.0,0.0,0.0,0.0,0.0,4.0,0.0,0.0
12019320,297.367919921875,303.1499938964844,285.1499938964844,0.0,-0.0,290.9596862792969,0.0,0.0,0.0,297.4403381347656,303.1499938964844,285.1499938964844,0.0,-0.0,290.9602966308594,0.0,0.0,0.0,297.9129333496094,303.1499938964844,285.1499938964844,0.0,-0.0,290.9613647460937,0.0,0.0,0.0,297.3408508300781,303.1499938964844,285.1499938964844,0.0,-0.0,290.9599304199219,0.0,0.0,0.0,297.7214050292969,303.1499938964844,285.1499938964844,0.0,-0.0,290.9603576660156,0.0,0.0,0.0,290.9122009277344,294.1499938964844,279.9223022460937,279.3998107910156,282.3890075683594,280.7698059082031,290.4068298339844,0.0,0.0,0.0,0.0,1.0,1.0,-1.1996204810765798e-12,1.5993163258075916e-17,1.199604434884427e-12,-1.0360817022034283e-12,0.0,0.0,0.0,0.0,60.0,4.781292227562517e-05,-0.0,-0.0,0.0,283.1443786621094,288.5085144042969,285.35308837890625,285.36309814453125,293.1499938964844,293.1499938964844,278.1499938964844,0.0,18000.0,313.1499938964844,0.0,18000.0,0.0,0.0,0.0,0.0,0.0,0.0,0.0,0.0,0.0,-0.0,-0.0,-0.0,-6.544322618950674e-21,-3.272161309475337e-21,-3.272161107526945e-21,0.0,0.0,-0.0,0.0,0.0,0.0,-0.0,0.0,0.0,0.0,0.0,0.0,4.0,0.0,0.0
12019380,297.3657531738281,303.1499938964844,285.1499938964844,0.0,-0.0,290.9596862792969,0.0,0.0,0.0,297.4376525878906,303.1499938964844,285.1499938964844,0.0,-0.0,290.9602966308594,0.0,0.0,0.0,297.9096069335937,303.1499938964844,285.1499938964844,0.0,-0.0,290.9613647460937,0.0,0.0,0.0,297.3381042480469,303.1499938964844,285.1499938964844,0.0,-0.0,290.9599304199219,0.0,0.0,0.0,297.7199401855469,303.1499938964844,285.1499938964844,0.0,-0.0,290.9603576660156,0.0,0.0,0.0,290.9122009277344,294.1499938964844,279.9081420898437,279.3859558105469,282.3890075683594,280.7698059082031,290.4060974121094,0.0,0.0,0.0,0.0,1.0,1.0,1.455885650751554e-12,1.333343017286066e-17,-1.4558989864382754e-12,3.3008990506233626e-12,0.0,0.0,0.0,1.4551915228366852e-11,60.0,4.443745638127439e-05,-0.0,-0.0,0.0,283.1443786621094,288.5085144042969,285.35308837890625,285.36309814453125,293.1499938964844,293.1499938964844,278.1499938964844,0.0,18000.0,313.1499938964844,0.0,18000.0,0.0,0.0,0.0,0.0,0.0,0.0,0.0,0.0,0.0,-0.0,-0.0,-0.0,-6.544322618950674e-21,-3.272161309475337e-21,-3.272161107526945e-21,0.0,0.0,-0.0,0.0,0.0,0.0,-0.0,0.0,0.0,0.0,0.0,0.0,4.0,0.0,0.0
12019440,297.3657531738281,303.1499938964844,285.1499938964844,0.0,-0.0,290.9596862792969,0.0,0.0,0.0,297.4376525878906,303.1499938964844,285.1499938964844,0.0,-0.0,290.9602966308594,0.0,0.0,0.0,297.9096069335937,303.1499938964844,285.1499938964844,0.0,-0.0,290.9613647460937,0.0,0.0,0.0,297.3381042480469,303.1499938964844,285.1499938964844,0.0,-0.0,290.9599304199219,0.0,0.0,0.0,297.7199401855469,303.1499938964844,285.1499938964844,0.0,-0.0,290.9603576660156,0.0,0.0,0.0,290.9122009277344,294.1499938964844,279.9081420898437,279.3859558105469,282.3890075683594,280.7698059082031,290.4060974121094,0.0,0.0,0.0,0.0,1.0,1.0,1.455885650751554e-12,1.333343017286066e-17,-1.4558989864382754e-12,3.3008990506233626e-12,0.0,0.0,0.0,1.4551915228366852e-11,60.0,4.443745638127439e-05,-0.0,-0.0,0.0,283.1443786621094,288.5085144042969,285.35308837890625,285.36309814453125,293.1499938964844,293.1499938964844,278.1499938964844,0.0,18000.0,313.1499938964844,0.0,18000.0,0.0,0.0,0.0,0.0,0.0,0.0,0.0,0.0,0.0,-0.0,-0.0,-0.0,-6.544322618950674e-21,-3.272161309475337e-21,-3.272161107526945e-21,0.0,0.0,-0.0,0.0,0.0,0.0,-0.0,0.0,0.0,0.0,0.0,0.0,4.0,0.0,0.0
12019500,297.3646850585937,303.1499938964844,285.1499938964844,0.0,-0.0,290.9596862792969,0.0,0.0,0.0,297.436279296875,303.1499938964844,285.1499938964844,0.0,-0.0,290.9602966308594,0.0,0.0,0.0,297.9079284667969,303.1499938964844,285.1499938964844,0.0,-0.0,290.9613647460937,0.0,0.0,0.0,297.33673095703125,303.1499938964844,285.1499938964844,0.0,-0.0,290.9599304199219,0.0,0.0,0.0,297.7191772460937,303.1499938964844,285.1499938964844,0.0,-0.0,290.9603576660156,0.0,0.0,0.0,290.9122009277344,294.1499938964844,279.90155029296875,279.3794860839844,282.3890075683594,280.7698059082031,290.40576171875,0.0,0.0,0.0,0.0,1.0,1.0,4.1670490842637956e-12,1.1292110548479848e-17,-4.167060359966389e-12,5.956403339307803e-12,0.0,0.0,0.0,1.4551915228366852e-11,60.0,4.285291288397275e-05,-0.0,-0.0,0.0,283.1443786621094,288.5085144042969,285.35308837890625,285.36309814453125,293.1499938964844,293.1499938964844,278.1499938964844,0.0,18000.0,313.1499938964844,0.0,18000.0,0.0,0.0,0.0,0.0,0.0,0.0,0.0,0.0,0.0,-0.0,-0.0,-0.0,-6.544322618950674e-21,-3.272161309475337e-21,-3.272161107526945e-21,0.0,0.0,-0.0,0.0,0.0,0.0,-0.0,0.0,0.0,0.0,0.0,0.0,4.0,0.0,0.0
12019560,297.36358642578125,303.1499938964844,285.1499938964844,0.0,-0.0,290.9596862792969,0.0,0.0,-2.558457189594937e-13,297.4349365234375,303.1499938964844,285.1499938964844,0.0,-0.0,290.9602966308594,0.0,0.0,-2.694180328052104e-13,297.9062805175781,303.1499938964844,285.1499938964844,0.0,-0.0,290.9613647460937,0.0,0.0,-1.989913225516893e-13,297.3353576660156,303.1499938964844,285.1499938964844,0.0,-0.0,290.9599304199219,0.0,0.0,-2.694179514900475e-13,297.71844482421875,303.1499938964844,285.1499938964844,0.0,-0.0,290.9603576660156,0.0,0.0,-1.2780023350353333e-12,290.9122009277344,294.1499938964844,279.89532470703125,279.37335205078125,282.3890075683594,280.7698059082031,290.40545654296875,0.0,0.0,0.0,0.0,1.0,1.0,-1.2552776743404714e-12,1.5374749797241472e-17,1.2552622786696221e-12,6.453949787793567e-13,0.0,0.0,0.0,0.0,60.0,4.132779940846376e-05,-0.0,-5.066788513209878e-25,0.0,283.1443786621094,288.5085144042969,285.35308837890625,285.36309814453125,293.1499938964844,293.1499938964844,278.1499938964844,0.0,18000.0,313.1499938964844,0.0,18000.0,0.0,0.0,0.0,0.0,0.0,0.0,0.0,0.0,0.0,-0.0,-0.0,-0.0,-6.544322618950674e-21,-3.272161309475337e-21,-3.272161107526945e-21,0.0,0.0,-0.0,0.0,0.0,0.0,-0.0,0.0,0.0,0.0,0.0,0.0,4.0,0.0,0.0
12019620,297.3614196777344,303.1499938964844,285.1499938964844,0.0,-0.0,290.9596862792969,0.0,0.0,2.558457189594937e-13,297.4322509765625,303.1499938964844,285.1499938964844,0.0,-0.0,290.9602966308594,0.0,0.0,2.694180328052104e-13,297.9029541015625,303.1499938964844,285.1499938964844,0.0,-0.0,290.9613647460937,0.0,0.0,1.989913225516893e-13,297.3326110839844,303.1499938964844,285.1499938964844,0.0,-0.0,290.9599304199219,0.0,0.0,2.694179514900475e-13,297.7169494628906,303.1499938964844,285.1499938964844,0.0,-0.0,290.9603576660156,0.0,0.0,1.2780023350353333e-12,290.9122009277344,294.1499938964844,279.8838806152344,279.3621520996094,282.3890075683594,280.7698059082031,290.40484619140625,0.0,0.0,0.0,0.0,1.0,1.0,1.5115428440154457e-12,1.395184197933388e-17,-1.5115568302234705e-12,1.6194223696405774e-12,0.0,0.0,0.0,1.4551915228366852e-11,60.0,3.8414069422287866e-05,-0.0,-5.066788513209878e-25,0.0,283.1443786621094,288.5085144042969,285.35308837890625,285.36309814453125,293.1499938964844,293.1499938964844,278.1499938964844,0.0,18000.0,313.1499938964844,0.0,18000.0,0.0,0.0,0.0,0.0,0.0,0.0,0.0,0.0,0.0,-0.0,-0.0,-0.0,-6.544322618950674e-21,-3.272161309475337e-21,-3.272161107526945e-21,0.0,0.0,-0.0,0.0,0.0,0.0,-0.0,0.0,0.0,0.0,0.0,0.0,4.0,0.0,0.0
12019680,297.3614196777344,303.1499938964844,285.1499938964844,0.0,-0.0,290.9596862792969,0.0,0.0,2.558457189594937e-13,297.4322509765625,303.1499938964844,285.1499938964844,0.0,-0.0,290.9602966308594,0.0,0.0,2.694180328052104e-13,297.9029541015625,303.1499938964844,285.1499938964844,0.0,-0.0,290.9613647460937,0.0,0.0,1.989913225516893e-13,297.3326110839844,303.1499938964844,285.1499938964844,0.0,-0.0,290.9599304199219,0.0,0.0,2.694179514900475e-13,297.7169494628906,303.1499938964844,285.1499938964844,0.0,-0.0,290.9603576660156,0.0,0.0,1.2780023350353333e-12,290.9122009277344,294.1499938964844,279.8838806152344,279.3621520996094,282.3890075683594,280.7698059082031,290.40484619140625,0.0,0.0,0.0,0.0,1.0,1.0,1.5115428440154457e-12,1.395184197933388e-17,-1.5115568302234705e-12,1.6194223696405774e-12,0.0,0.0,0.0,1.4551915228366852e-11,60.0,3.8414069422287866e-05,-0.0,-5.066788513209878e-25,0.0,283.1443786621094,288.5085144042969,285.35308837890625,285.36309814453125,293.1499938964844,293.1499938964844,278.1499938964844,0.0,18000.0,313.1499938964844,0.0,18000.0,0.0,0.0,0.0,0.0,0.0,0.0,0.0,0.0,0.0,-0.0,-0.0,-0.0,-6.544322618950674e-21,-3.272161309475337e-21,-3.272161107526945e-21,0.0,0.0,-0.0,0.0,0.0,0.0,-0.0,0.0,0.0,0.0,0.0,0.0,4.0,0.0,0.0
12019740,297.3592529296875,303.1499938964844,285.1499938964844,0.0,-0.0,290.9596862792969,0.0,0.0,0.0,297.4295654296875,303.1499938964844,285.1499938964844,0.0,-0.0,290.9602966308594,0.0,0.0,0.0,297.899658203125,303.1499938964844,285.1499938964844,0.0,-0.0,290.9613647460937,0.0,0.0,0.0,297.3298645019531,303.1499938964844,285.1499938964844,0.0,-0.0,290.9599304199219,0.0,0.0,0.0,297.7154846191406,303.1499938964844,285.1499938964844,0.0,-0.0,290.9603576660156,0.0,0.0,0.0,290.9122009277344,294.1499938964844,279.8739318847656,279.3523864746094,282.3890075683594,280.7698059082031,290.4042663574219,0.0,0.0,0.0,0.0,1.0,1.0,1.455885650751554e-12,1.3333429345680049e-17,-1.4558989864382754e-12,3.3008990506233626e-12,0.0,0.0,0.0,1.4551915228366852e-11,60.0,3.5707307688426226e-05,-0.0,-0.0,0.0,283.1443786621094,288.5085144042969,285.35308837890625,285.36309814453125,293.1499938964844,293.1499938964844,278.1499938964844,0.0,18000.0,313.1499938964844,0.0,18000.0,0.0,0.0,0.0,0.0,0.0,0.0,0.0,0.0,0.0,-0.0,-0.0,-0.0,-6.544322618950674e-21,-3.272161309475337e-21,-3.272161107526945e-21,0.0,0.0,-0.0,0.0,0.0,0.0,-0.0,0.0,0.0,0.0,0.0,0.0,4.0,0.0,0.0
12019800,297.3592529296875,303.1499938964844,285.1499938964844,0.0,-0.0,290.9596862792969,0.0,0.0,0.0,297.4295654296875,303.1499938964844,285.1499938964844,0.0,-0.0,290.9602966308594,0.0,0.0,0.0,297.899658203125,303.1499938964844,285.1499938964844,0.0,-0.0,290.9613647460937,0.0,0.0,0.0,297.3298645019531,303.1499938964844,285.1499938964844,0.0,-0.0,290.9599304199219,0.0,0.0,0.0,297.7154846191406,303.1499938964844,285.1499938964844,0.0,-0.0,290.9603576660156,0.0,0.0,0.0,290.9122009277344,294.1499938964844,279.8739318847656,279.3523864746094,282.3890075683594,280.7698059082031,290.4042663574219,0.0,0.0,0.0,0.0,1.0,1.0,1.455885650751554e-12,1.3333429345680049e-17,-1.4558989864382754e-12,3.3008990506233626e-12,0.0,0.0,0.0,1.4551915228366852e-11,60.0,3.5707307688426226e-05,-0.0,-0.0,0.0,283.1443786621094,288.5085144042969,285.35308837890625,285.36309814453125,293.1499938964844,293.1499938964844,278.1499938964844,0.0,18000.0,313.1499938964844,0.0,18000.0,0.0,0.0,0.0,0.0,0.0,0.0,0.0,0.0,0.0,-0.0,-0.0,-0.0,-6.544322618950674e-21,-3.272161309475337e-21,-3.272161107526945e-21,0.0,0.0,-0.0,0.0,0.0,0.0,-0.0,0.0,0.0,0.0,0.0,0.0,4.0,0.0,0.0
12019860,297.35711669921875,303.1499938964844,285.1499938964844,0.0,-0.0,290.9596862792969,0.0,0.0,0.0,297.4269104003906,303.1499938964844,285.1499938964844,0.0,-0.0,290.9602966308594,0.0,0.0,0.0,297.8963317871094,303.1499938964844,285.1499938964844,0.0,-0.0,290.9613647460937,0.0,0.0,0.0,297.3271179199219,303.1499938964844,285.1499938964844,0.0,-0.0,290.9599304199219,0.0,0.0,0.0,297.7139892578125,303.1499938964844,285.1499938964844,0.0,-0.0,290.9603576660156,0.0,0.0,0.0,290.9122009277344,294.1499938964844,279.8655700683594,279.3442077636719,282.3890075683594,280.7698059082031,290.4037170410156,0.0,0.0,0.0,0.0,1.0,1.0,-1.1996204810765798e-12,1.5993163258075916e-17,1.199604434884427e-12,-1.0360817022034283e-12,0.0,0.0,0.0,0.0,60.0,3.319291499792598e-05,-0.0,-0.0,0.0,283.1443786621094,288.5085144042969,285.35308837890625,285.36309814453125,293.1499938964844,293.1499938964844,278.1499938964844,0.0,18000.0,313.1499938964844,0.0,18000.0,0.0,0.0,0.0,0.0,0.0,0.0,0.0,0.0,0.0,-0.0,-0.0,-0.0,-6.544322618950674e-21,-3.272161309475337e-21,-3.272161107526945e-21,0.0,0.0,-0.0,0.0,0.0,0.0,-0.0,0.0,0.0,0.0,0.0,0.0,4.0,0.0,0.0
12019920,297.35711669921875,303.1499938964844,285.1499938964844,0.0,-0.0,290.9596862792969,0.0,0.0,0.0,297.4269104003906,303.1499938964844,285.1499938964844,0.0,-0.0,290.9602966308594,0.0,0.0,0.0,297.8963317871094,303.1499938964844,285.1499938964844,0.0,-0.0,290.9613647460937,0.0,0.0,0.0,297.3271179199219,303.1499938964844,285.1499938964844,0.0,-0.0,290.9599304199219,0.0,0.0,0.0,297.7139892578125,303.1499938964844,285.1499938964844,0.0,-0.0,290.9603576660156,0.0,0.0,0.0,290.9122009277344,294.1499938964844,279.8655700683594,279.3442077636719,282.3890075683594,280.7698059082031,290.4037170410156,0.0,0.0,0.0,0.0,1.0,1.0,-1.1996204810765798e-12,1.5993163258075916e-17,1.199604434884427e-12,-1.0360817022034283e-12,0.0,0.0,0.0,0.0,60.0,3.319291499792598e-05,-0.0,-0.0,0.0,283.1443786621094,288.5085144042969,285.35308837890625,285.36309814453125,293.1499938964844,293.1499938964844,278.1499938964844,0.0,18000.0,313.1499938964844,0.0,18000.0,0.0,0.0,0.0,0.0,0.0,0.0,0.0,0.0,0.0,-0.0,-0.0,-0.0,-6.544322618950674e-21,-3.272161309475337e-21,-3.272161107526945e-21,0.0,0.0,-0.0,0.0,0.0,0.0,-0.0,0.0,0.0,0.0,0.0,0.0,4.0,0.0,0.0
12019980,297.35498046875,303.1499938964844,285.1499938964844,0.0,-0.0,290.9596862792969,0.0,0.0,2.558457189594937e-13,297.4242553710937,303.1499938964844,285.1499938964844,0.0,-0.0,290.9602966308594,0.0,0.0,2.694180328052104e-13,297.8930358886719,303.1499938964844,285.1499938964844,0.0,-0.0,290.9613647460937,0.0,0.0,1.989913225516893e-13,297.32440185546875,303.1499938964844,285.1499938964844,0.0,-0.0,290.9599304199219,0.0,0.0,2.694179514900475e-13,297.7124938964844,303.1499938964844,285.1499938964844,0.0,-0.0,290.9603576660156,0.0,0.0,1.2780023350353333e-12,290.9122009277344,294.1499938964844,279.85888671875,279.3376770019531,282.3890075683594,280.7698059082031,290.4032287597656,0.0,0.0,0.0,0.0,1.0,1.0,1.5115428440154457e-12,1.3951843633695104e-17,-1.5115568302234705e-12,1.6194223696405774e-12,0.0,0.0,0.0,1.4551915228366852e-11,60.0,3.0859970138408244e-05,-0.0,-5.066788513209878e-25,0.0,283.1443786621094,288.5085144042969,285.35308837890625,285.36309814453125,293.1499938964844,293.1499938964844,278.1499938964844,0.0,18000.0,313.1499938964844,0.0,18000.0,0.0,0.0,0.0,0.0,0.0,0.0,0.0,0.0,0.0,-0.0,-0.0,-0.0,-6.544322618950674e-21,-3.272161309475337e-21,-3.272161107526945e-21,0.0,0.0,-0.0,0.0,0.0,0.0,-0.0,0.0,0.0,0.0,0.0,0.0,4.0,0.0,0.0
12020040,297.35498046875,303.1499938964844,285.1499938964844,0.0,-0.0,290.9596862792969,0.0,0.0,2.558457189594937e-13,297.4242553710937,303.1499938964844,285.1499938964844,0.0,-0.0,290.9602966308594,0.0,0.0,2.694180328052104e-13,297.8930358886719,303.1499938964844,285.1499938964844,0.0,-0.0,290.9613647460937,0.0,0.0,1.989913225516893e-13,297.32440185546875,303.1499938964844,285.1499938964844,0.0,-0.0,290.9599304199219,0.0,0.0,2.694179514900475e-13,297.7124938964844,303.1499938964844,285.1499938964844,0.0,-0.0,290.9603576660156,0.0,0.0,1.2780023350353333e-12,290.9122009277344,294.1499938964844,279.85888671875,279.3376770019531,282.3890075683594,280.7698059082031,290.4032287597656,0.0,0.0,0.0,0.0,1.0,1.0,1.5115428440154457e-12,1.3951843633695104e-17,-1.5115568302234705e-12,1.6194223696405774e-12,0.0,0.0,0.0,1.4551915228366852e-11,60.0,3.0859970138408244e-05,-0.0,-5.066788513209878e-25,0.0,283.1443786621094,288.5085144042969,285.35308837890625,285.36309814453125,293.1499938964844,293.1499938964844,278.1499938964844,0.0,18000.0,313.1499938964844,0.0,18000.0,0.0,0.0,0.0,0.0,0.0,0.0,0.0,0.0,0.0,-0.0,-0.0,-0.0,-6.544322618950674e-21,-3.272161309475337e-21,-3.272161107526945e-21,0.0,0.0,-0.0,0.0,0.0,0.0,-0.0,0.0,0.0,0.0,0.0,0.0,4.0,0.0,0.0
12020100,297.3539123535156,303.1499938964844,285.1499938964844,0.0,-0.0,290.9596862792969,0.0,0.0,2.558457189594937e-13,297.42291259765625,303.1499938964844,285.1499938964844,0.0,-0.0,290.9602966308594,0.0,0.0,2.694180328052104e-13,297.8913879394531,303.1499938964844,285.1499938964844,0.0,-0.0,290.9613647460937,0.0,0.0,1.989913225516893e-13,297.32305908203125,303.1499938964844,285.1499938964844,0.0,-0.0,290.9599304199219,0.0,0.0,2.694179514900475e-13,297.7117614746094,303.1499938964844,285.1499938964844,0.0,-0.0,290.9603576660156,0.0,0.0,1.2780023350353333e-12,290.9122009277344,294.1499938964844,279.8562316894531,279.3350524902344,282.3890075683594,280.7698059082031,290.4029846191406,0.0,0.0,0.0,0.0,1.0,1.0,1.5115428440154457e-12,1.3951843633695104e-17,-1.5115568302234705e-12,1.6194223696405774e-12,0.0,0.0,0.0,1.4551915228366852e-11,60.0,2.9764187274849974e-05,-0.0,-5.066788513209878e-25,0.0,283.1443786621094,288.5085144042969,285.35308837890625,285.36309814453125,293.1499938964844,293.1499938964844,278.1499938964844,0.0,18000.0,313.1499938964844,0.0,18000.0,0.0,0.0,0.0,0.0,0.0,0.0,0.0,0.0,0.0,-0.0,-0.0,-0.0,-6.544322618950674e-21,-3.272161309475337e-21,-3.272161107526945e-21,0.0,0.0,-0.0,0.0,0.0,0.0,-0.0,0.0,0.0,0.0,0.0,0.0,4.0,0.0,0.0
12020160,297.35284423828125,303.1499938964844,285.1499938964844,0.0,-0.0,290.9596862792969,0.0,0.0,0.0,297.4216003417969,303.1499938964844,285.1499938964844,0.0,-0.0,290.9602966308594,0.0,0.0,0.0,297.8897705078125,303.1499938964844,285.1499938964844,0.0,-0.0,290.9613647460937,0.0,0.0,0.0,297.3217163085937,303.1499938964844,285.1499938964844,0.0,-0.0,290.9599304199219,0.0,0.0,0.0,297.7110290527344,303.1499938964844,285.1499938964844,0.0,-0.0,290.9603576660156,0.0,0.0,0.0,290.9122009277344,294.1499938964844,279.8540344238281,279.3328857421875,282.3890075683594,280.7698059082031,290.4027709960937,0.0,0.0,0.0,0.0,1.0,1.0,-1.1996204810765798e-12,1.5993163258075916e-17,1.199604434884427e-12,-1.0360817022034283e-12,0.0,0.0,0.0,0.0,60.0,2.870814387279097e-05,-0.0,-0.0,0.0,283.1443786621094,288.5085144042969,285.35308837890625,285.36309814453125,293.1499938964844,293.1499938964844,278.1499938964844,0.0,18000.0,313.1499938964844,0.0,18000.0,0.0,0.0,0.0,0.0,0.0,0.0,0.0,0.0,0.0,-0.0,-0.0,-0.0,-6.544322618950674e-21,-3.272161309475337e-21,-3.272161107526945e-21,0.0,0.0,-0.0,0.0,0.0,0.0,-0.0,0.0,0.0,0.0,0.0,0.0,4.0,0.0,0.0
12020220,297.3507385253906,303.1499938964844,285.1499938964844,0.0,-0.0,290.9596862792969,0.0,0.0,0.0,297.4189758300781,303.1499938964844,285.1499938964844,0.0,-0.0,290.9602966308594,0.0,0.0,0.0,297.886474609375,303.1499938964844,285.1499938964844,0.0,-0.0,290.9613647460937,0.0,0.0,0.0,297.31903076171875,303.1499938964844,285.1499938964844,0.0,-0.0,290.9599304199219,0.0,0.0,0.0,297.7095642089844,303.1499938964844,285.1499938964844,0.0,-0.0,290.9603576660156,0.0,0.0,0.0,290.9122009277344,294.1499938964844,279.8510131835937,279.3299560546875,282.3890075683594,280.7698059082031,290.40234375,0.0,0.0,0.0,0.0,1.0,1.0,1.455885650751554e-12,1.333343017286066e-17,-1.4558989864382754e-12,3.3008990506233626e-12,0.0,0.0,0.0,1.4551915228366852e-11,60.0,2.668711749720387e-05,-0.0,-0.0,0.0,283.1443786621094,288.5085144042969,285.35308837890625,285.36309814453125,293.1499938964844,293.1499938964844,278.1499938964844,0.0,18000.0,313.1499938964844,0.0,18000.0,0.0,0.0,0.0,0.0,0.0,0.0,0.0,0.0,0.0,-0.0,-0.0,-0.0,-6.544322618950674e-21,-3.272161309475337e-21,-3.272161107526945e-21,0.0,0.0,-0.0,0.0,0.0,0.0,-0.0,0.0,0.0,0.0,0.0,0.0,4.0,0.0,0.0
12020280,297.3507385253906,303.1499938964844,285.1499938964844,0.0,-0.0,290.9596862792969,0.0,0.0,0.0,297.4189758300781,303.1499938964844,285.1499938964844,0.0,-0.0,290.9602966308594,0.0,0.0,0.0,297.886474609375,303.1499938964844,285.1499938964844,0.0,-0.0,290.9613647460937,0.0,0.0,0.0,297.31903076171875,303.1499938964844,285.1499938964844,0.0,-0.0,290.9599304199219,0.0,0.0,0.0,297.7095642089844,303.1499938964844,285.1499938964844,0.0,-0.0,290.9603576660156,0.0,0.0,0.0,290.9122009277344,294.1499938964844,279.8510131835937,279.3299560546875,282.3890075683594,280.7698059082031,290.40234375,0.0,0.0,0.0,0.0,1.0,1.0,1.455885650751554e-12,1.333343017286066e-17,-1.4558989864382754e-12,3.3008990506233626e-12,0.0,0.0,0.0,1.4551915228366852e-11,60.0,2.668711749720387e-05,-0.0,-0.0,0.0,283.1443786621094,288.5085144042969,285.35308837890625,285.36309814453125,293.1499938964844,293.1499938964844,278.1499938964844,0.0,18000.0,313.1499938964844,0.0,18000.0,0.0,0.0,0.0,0.0,0.0,0.0,0.0,0.0,0.0,-0.0,-0.0,-0.0,-6.544322618950674e-21,-3.272161309475337e-21,-3.272161107526945e-21,0.0,0.0,-0.0,0.0,0.0,0.0,-0.0,0.0,0.0,0.0,0.0,0.0,4.0,0.0,0.0
12020340,297.3486328125,303.1499938964844,285.1499938964844,0.0,-0.0,290.9596862792969,0.0,0.0,2.558457189594937e-13,297.4163818359375,303.1499938964844,285.1499938964844,0.0,-0.0,290.9602966308594,0.0,0.0,2.694180328052104e-13,297.8832092285156,303.1499938964844,285.1499938964844,0.0,-0.0,290.9613647460937,0.0,0.0,1.989913225516893e-13,297.3163757324219,303.1499938964844,285.1499938964844,0.0,-0.0,290.9599304199219,0.0,0.0,2.694179514900475e-13,297.7080993652344,303.1499938964844,285.1499938964844,0.0,-0.0,290.9603576660156,0.0,0.0,1.2780023350353333e-12,290.9122009277344,294.1499938964844,279.8500061035156,279.3289489746094,282.3890075683594,280.7698059082031,290.4019470214844,0.0,0.0,0.0,0.0,1.0,1.0,1.5115428440154457e-12,1.3951843633695104e-17,-1.5115568302234705e-12,1.6194223696405774e-12,0.0,0.0,0.0,1.4551915228366852e-11,60.0,2.4807888621580787e-05,-0.0,-5.066788513209878e-25,0.0,283.1443786621094,288.5085144042969,285.35308837890625,285.36309814453125,293.1499938964844,293.1499938964844,278.1499938964844,0.0,18000.0,313.1499938964844,0.0,18000.0,0.0,0.0,0.0,0.0,0.0,0.0,0.0,0.0,0.0,-0.0,-0.0,-0.0,-6.544322618950674e-21,-3.272161309475337e-21,-3.272161107526945e-21,0.0,0.0,-0.0,0.0,0.0,0.0,-0.0,0.0,0.0,0.0,0.0,0.0,4.0,0.0,0.0
12020400,297.3486328125,303.1499938964844,285.1499938964844,0.0,-0.0,290.9596862792969,0.0,0.0,2.558457189594937e-13,297.4163818359375,303.1499938964844,285.1499938964844,0.0,-0.0,290.9602966308594,0.0,0.0,2.694180328052104e-13,297.8832092285156,303.1499938964844,285.1499938964844,0.0,-0.0,290.9613647460937,0.0,0.0,1.989913225516893e-13,297.3163757324219,303.1499938964844,285.1499938964844,0.0,-0.0,290.9599304199219,0.0,0.0,2.694179514900475e-13,297.7080993652344,303.1499938964844,285.1499938964844,0.0,-0.0,290.9603576660156,0.0,0.0,1.2780023350353333e-12,290.9122009277344,294.1499938964844,279.8500061035156,279.3289489746094,282.3890075683594,280.7698059082031,290.4019470214844,0.0,0.0,0.0,0.0,1.0,1.0,1.5115428440154457e-12,1.3951843633695104e-17,-1.5115568302234705e-12,1.6194223696405774e-12,0.0,0.0,0.0,1.4551915228366852e-11,60.0,2.4807888621580787e-05,-0.0,-5.066788513209878e-25,0.0,283.1443786621094,288.5085144042969,285.35308837890625,285.36309814453125,293.1499938964844,293.1499938964844,278.1499938964844,0.0,18000.0,313.1499938964844,0.0,18000.0,0.0,0.0,0.0,0.0,0.0,0.0,0.0,0.0,0.0,-0.0,-0.0,-0.0,-6.544322618950674e-21,-3.272161309475337e-21,-3.272161107526945e-21,0.0,0.0,-0.0,0.0,0.0,0.0,-0.0,0.0,0.0,0.0,0.0,0.0,4.0,0.0,0.0
12020460,297.3465576171875,303.1499938964844,285.1499938964844,0.0,-0.0,290.9596862792969,0.0,0.0,2.558457189594937e-13,297.4137878417969,303.1499938964844,285.1499938964844,0.0,-0.0,290.9602966308594,0.0,0.0,2.694180328052104e-13,297.8799743652344,303.1499938964844,285.1499938964844,0.0,-0.0,290.9613647460937,0.0,0.0,1.989913225516893e-13,297.313720703125,303.1499938964844,285.1499938964844,0.0,-0.0,290.9599304199219,0.0,0.0,2.694179514900475e-13,297.7066345214844,303.1499938964844,285.1499938964844,0.0,-0.0,290.9603576660156,0.0,0.0,1.2780023350353333e-12,290.9122009277344,294.1499938964844,279.85107421875,279.3291015625,282.3890075683594,280.7698059082031,290.4015808105469,0.0,0.0,0.0,0.0,1.0,1.0,-1.1439612278285605e-12,-1.5553746718714272e-17,1.143976731919627e-12,-2.7175878734853054e-12,0.0,0.0,0.0,0.0,60.0,2.3060892999637872e-05,-0.0,-5.066788513209878e-25,0.0,283.1443786621094,288.5085144042969,285.35308837890625,285.36309814453125,293.1499938964844,293.1499938964844,278.1499938964844,0.0,18000.0,313.1499938964844,0.0,18000.0,0.0,0.0,0.0,0.0,0.0,0.0,0.0,0.0,0.0,-0.0,-0.0,-0.0,-6.544322618950674e-21,-3.272161309475337e-21,-3.272161107526945e-21,0.0,0.0,-0.0,0.0,0.0,0.0,-0.0,0.0,0.0,0.0,0.0,0.0,4.0,0.0,0.0
12020520,297.3465576171875,303.1499938964844,285.1499938964844,0.0,-0.0,290.9596862792969,0.0,0.0,2.558457189594937e-13,297.4137878417969,303.1499938964844,285.1499938964844,0.0,-0.0,290.9602966308594,0.0,0.0,2.694180328052104e-13,297.8799743652344,303.1499938964844,285.1499938964844,0.0,-0.0,290.9613647460937,0.0,0.0,1.989913225516893e-13,297.313720703125,303.1499938964844,285.1499938964844,0.0,-0.0,290.9599304199219,0.0,0.0,2.694179514900475e-13,297.7066345214844,303.1499938964844,285.1499938964844,0.0,-0.0,290.9603576660156,0.0,0.0,1.2780023350353333e-12,290.9122009277344,294.1499938964844,279.85107421875,279.3291015625,282.3890075683594,280.7698059082031,290.4015808105469,0.0,0.0,0.0,0.0,1.0,1.0,-1.1439612278285605e-12,-1.5553746718714272e-17,1.143976731919627e-12,-2.7175878734853054e-12,0.0,0.0,0.0,0.0,60.0,2.3060892999637872e-05,-0.0,-5.066788513209878e-25,0.0,283.1443786621094,288.5085144042969,285.35308837890625,285.36309814453125,293.1499938964844,293.1499938964844,278.1499938964844,0.0,18000.0,313.1499938964844,0.0,18000.0,0.0,0.0,0.0,0.0,0.0,0.0,0.0,0.0,0.0,-0.0,-0.0,-0.0,-6.544322618950674e-21,-3.272161309475337e-21,-3.272161107526945e-21,0.0,0.0,-0.0,0.0,0.0,0.0,-0.0,0.0,0.0,0.0,0.0,0.0,4.0,0.0,0.0
12020580,297.344482421875,303.1499938964844,285.1499938964844,0.0,-0.0,290.9596862792969,0.0,0.0,-2.558457189594937e-13,297.4112243652344,303.1499938964844,285.1499938964844,0.0,-0.0,290.9602966308594,0.0,0.0,-2.694180328052104e-13,297.8767395019531,303.1499938964844,285.1499938964844,0.0,-0.0,290.9613647460937,0.0,0.0,-1.989913225516893e-13,297.31109619140625,303.1499938964844,285.1499938964844,0.0,-0.0,290.9599304199219,0.0,0.0,-2.694179514900475e-13,297.7051696777344,303.1499938964844,285.1499938964844,0.0,-0.0,290.9603576660156,0.0,0.0,-1.2780023350353333e-12,290.9122009277344,294.1499938964844,279.85418701171875,279.3295593261719,282.3890075683594,280.7698059082031,290.4012145996094,0.0,0.0,0.0,0.0,1.0,1.0,-1.2552776743404714e-12,1.5374749797241472e-17,1.2552622786696221e-12,6.453949787793567e-13,0.0,0.0,0.0,0.0,60.0,2.143797792086844e-05,-0.0,-5.066788513209878e-25,0.0,283.1443786621094,288.5085144042969,285.35308837890625,285.36309814453125,293.1499938964844,293.1499938964844,278.1499938964844,0.0,18000.0,313.1499938964844,0.0,18000.0,0.0,0.0,0.0,0.0,0.0,0.0,0.0,0.0,0.0,-0.0,-0.0,-0.0,-6.544322618950674e-21,-3.272161309475337e-21,-3.272161107526945e-21,0.0,0.0,-0.0,0.0,0.0,0.0,-0.0,0.0,0.0,0.0,0.0,0.0,4.0,0.0,0.0
12020640,297.344482421875,303.1499938964844,285.1499938964844,0.0,-0.0,290.9596862792969,0.0,0.0,-2.558457189594937e-13,297.4112243652344,303.1499938964844,285.1499938964844,0.0,-0.0,290.9602966308594,0.0,0.0,-2.694180328052104e-13,297.8767395019531,303.1499938964844,285.1499938964844,0.0,-0.0,290.9613647460937,0.0,0.0,-1.989913225516893e-13,297.31109619140625,303.1499938964844,285.1499938964844,0.0,-0.0,290.9599304199219,0.0,0.0,-2.694179514900475e-13,297.7051696777344,303.1499938964844,285.1499938964844,0.0,-0.0,290.9603576660156,0.0,0.0,-1.2780023350353333e-12,290.9122009277344,294.1499938964844,279.85418701171875,279.3295593261719,282.3890075683594,280.7698059082031,290.4012145996094,0.0,0.0,0.0,0.0,1.0,1.0,-1.2552776743404714e-12,1.5374749797241472e-17,1.2552622786696221e-12,6.453949787793567e-13,0.0,0.0,0.0,0.0,60.0,2.143797792086844e-05,-0.0,-5.066788513209878e-25,0.0,283.1443786621094,288.5085144042969,285.35308837890625,285.36309814453125,293.1499938964844,293.1499938964844,278.1499938964844,0.0,18000.0,313.1499938964844,0.0,18000.0,0.0,0.0,0.0,0.0,0.0,0.0,0.0,0.0,0.0,-0.0,-0.0,-0.0,-6.544322618950674e-21,-3.272161309475337e-21,-3.272161107526945e-21,0.0,0.0,-0.0,0.0,0.0,0.0,-0.0,0.0,0.0,0.0,0.0,0.0,4.0,0.0,0.0
12020700,297.3434753417969,303.1499938964844,285.1499938964844,0.0,-0.0,290.9596862792969,0.0,0.0,0.0,297.4099426269531,303.1499938964844,285.1499938964844,0.0,-0.0,290.9602966308594,0.0,0.0,0.0,297.8751220703125,303.1499938964844,285.1499938964844,0.0,-0.0,290.9613647460937,0.0,0.0,0.0,297.309814453125,303.1499938964844,285.1499938964844,0.0,-0.0,290.9599304199219,0.0,0.0,0.0,297.7044677734375,303.1499938964844,285.1499938964844,0.0,-0.0,290.9603576660156,0.0,0.0,0.0,290.9122009277344,294.1499938964844,279.8564758300781,279.3299255371094,282.3890075683594,280.7698059082031,290.40106201171875,0.0,0.0,0.0,0.0,1.0,1.0,-1.1996204810765798e-12,1.5993164912437138e-17,1.199604434884427e-12,-1.0360817022034283e-12,0.0,0.0,0.0,0.0,60.0,2.0674797269748524e-05,-0.0,-0.0,0.0,283.1443786621094,288.5085144042969,285.35308837890625,285.36309814453125,293.1499938964844,293.1499938964844,278.1499938964844,0.0,18000.0,313.1499938964844,0.0,18000.0,0.0,0.0,0.0,0.0,0.0,0.0,0.0,0.0,0.0,-0.0,-0.0,-0.0,-6.544322618950674e-21,-3.272161309475337e-21,-3.272161107526945e-21,0.0,0.0,-0.0,0.0,0.0,0.0,-0.0,0.0,0.0,0.0,0.0,0.0,4.0,0.0,0.0
12020760,297.34246826171875,303.1499938964844,285.1499938964844,0.0,-0.0,290.9596862792969,0.0,0.0,2.558457189594937e-13,297.40869140625,303.1499938964844,285.1499938964844,0.0,-0.0,290.9602966308594,0.0,0.0,2.694180328052104e-13,297.8735046386719,303.1499938964844,285.1499938964844,0.0,-0.0,290.9613647460937,0.0,0.0,1.989913225516893e-13,297.3085021972656,303.1499938964844,285.1499938964844,0.0,-0.0,290.9599304199219,0.0,0.0,2.694179514900475e-13,297.7037353515625,303.1499938964844,285.1499938964844,0.0,-0.0,290.9603576660156,0.0,0.0,1.2780023350353333e-12,290.9122009277344,294.1499938964844,279.8592529296875,279.3303527832031,282.3890075683594,280.7698059082031,290.4009094238281,0.0,0.0,0.0,0.0,1.0,1.0,1.5115428440154457e-12,1.395184528805633e-17,-1.5115568302234705e-12,1.6194223696405774e-12,0.0,0.0,0.0,1.4551915228366852e-11,60.0,1.9939190678996965e-05,-0.0,-5.066788513209878e-25,0.0,283.1443786621094,288.5085144042969,285.35308837890625,285.36309814453125,293.1499938964844,293.1499938964844,278.1499938964844,0.0,18000.0,313.1499938964844,0.0,18000.0,0.0,0.0,0.0,0.0,0.0,0.0,0.0,0.0,0.0,-0.0,-0.0,-0.0,-6.544322618950674e-21,-3.272161309475337e-21,-3.272161107526945e-21,0.0,0.0,-0.0,0.0,0.0,0.0,-0.0,0.0,0.0,0.0,0.0,0.0,4.0,0.0,0.0
12020820,297.3404541015625,303.1499938964844,285.1499938964844,0.0,-0.0,290.9596862792969,0.0,0.0,0.0,297.4061584472656,303.1499938964844,285.1499938964844,0.0,-0.0,290.9602966308594,0.0,0.0,0.0,297.8703308105469,303.1499938964844,285.1499938964844,0.0,-0.0,290.9613647460937,0.0,0.0,0.0,297.3059387207031,303.1499938964844,285.1499938964844,0.0,-0.0,290.9599304199219,0.0,0.0,0.0,297.7023010253906,303.1499938964844,285.1499938964844,0.0,-0.0,290.9603576660156,0.0,0.0,0.0,290.9122009277344,294.1499938964844,279.8661804199219,279.3314514160156,282.3890075683594,280.7698059082031,290.4006042480469,0.0,0.0,0.0,0.0,1.0,1.0,-1.1996204810765798e-12,1.5993164912437138e-17,1.199604434884427e-12,-1.0360817022034283e-12,0.0,0.0,0.0,0.0,60.0,1.853463072620798e-05,-0.0,-0.0,0.0,283.1443786621094,288.5085144042969,285.35308837890625,285.36309814453125,293.1499938964844,293.1499938964844,278.1499938964844,0.0,18000.0,313.1499938964844,0.0,18000.0,0.0,0.0,0.0,0.0,0.0,0.0,0.0,0.0,0.0,-0.0,-0.0,-0.0,-6.544322618950674e-21,-3.272161309475337e-21,-3.272161107526945e-21,0.0,0.0,-0.0,0.0,0.0,0.0,-0.0,0.0,0.0,0.0,0.0,0.0,4.0,0.0,0.0
12020880,297.3404541015625,303.1499938964844,285.1499938964844,0.0,-0.0,290.9596862792969,0.0,0.0,0.0,297.4061584472656,303.1499938964844,285.1499938964844,0.0,-0.0,290.9602966308594,0.0,0.0,0.0,297.8703308105469,303.1499938964844,285.1499938964844,0.0,-0.0,290.9613647460937,0.0,0.0,0.0,297.3059387207031,303.1499938964844,285.1499938964844,0.0,-0.0,290.9599304199219,0.0,0.0,0.0,297.7023010253906,303.1499938964844,285.1499938964844,0.0,-0.0,290.9603576660156,0.0,0.0,0.0,290.9122009277344,294.1499938964844,279.8661804199219,279.3314514160156,282.3890075683594,280.7698059082031,290.4006042480469,0.0,0.0,0.0,0.0,1.0,1.0,-1.1996204810765798e-12,1.5993164912437138e-17,1.199604434884427e-12,-1.0360817022034283e-12,0.0,0.0,0.0,0.0,60.0,1.853463072620798e-05,-0.0,-0.0,0.0,283.1443786621094,288.5085144042969,285.35308837890625,285.36309814453125,293.1499938964844,293.1499938964844,278.1499938964844,0.0,18000.0,313.1499938964844,0.0,18000.0,0.0,0.0,0.0,0.0,0.0,0.0,0.0,0.0,0.0,-0.0,-0.0,-0.0,-6.544322618950674e-21,-3.272161309475337e-21,-3.272161107526945e-21,0.0,0.0,-0.0,0.0,0.0,0.0,-0.0,0.0,0.0,0.0,0.0,0.0,4.0,0.0,0.0
12020940,297.33843994140625,303.1499938964844,285.1499938964844,0.0,-0.0,290.9596862792969,0.0,0.0,0.0,297.4036865234375,303.1499938964844,285.1499938964844,0.0,-0.0,290.9602966308594,0.0,0.0,0.0,297.8671264648437,303.1499938964844,285.1499938964844,0.0,-0.0,290.9613647460937,0.0,0.0,0.0,297.30340576171875,303.1499938964844,285.1499938964844,0.0,-0.0,290.9599304199219,0.0,0.0,0.0,297.70086669921875,303.1499938964844,285.1499938964844,0.0,-0.0,290.9603576660156,0.0,0.0,0.0,290.9122009277344,294.1499938964844,279.8748474121094,279.3329162597656,282.3890075683594,280.7698059082031,290.4003295898437,0.0,0.0,0.0,0.0,1.0,1.0,1.455885650751554e-12,1.3333431827221885e-17,-1.4558989864382754e-12,3.3008990506233626e-12,0.0,0.0,0.0,1.4551915228366852e-11,60.0,1.722944580251351e-05,-0.0,-0.0,0.0,283.1443786621094,288.5085144042969,285.35308837890625,285.36309814453125,293.1499938964844,293.1499938964844,278.1499938964844,0.0,18000.0,313.1499938964844,0.0,18000.0,0.0,0.0,0.0,0.0,0.0,0.0,0.0,0.0,0.0,-0.0,-0.0,-0.0,-6.544322618950674e-21,-3.272161309475337e-21,-3.272161107526945e-21,0.0,0.0,-0.0,0.0,0.0,0.0,-0.0,0.0,0.0,0.0,0.0,0.0,4.0,0.0,0.0
12021000,297.33843994140625,303.1499938964844,285.1499938964844,0.0,-0.0,290.9596862792969,0.0,0.0,0.0,297.4036865234375,303.1499938964844,285.1499938964844,0.0,-0.0,290.9602966308594,0.0,0.0,0.0,297.8671264648437,303.1499938964844,285.1499938964844,0.0,-0.0,290.9613647460937,0.0,0.0,0.0,297.30340576171875,303.1499938964844,285.1499938964844,0.0,-0.0,290.9599304199219,0.0,0.0,0.0,297.70086669921875,303.1499938964844,285.1499938964844,0.0,-0.0,290.9603576660156,0.0,0.0,0.0,290.9122009277344,294.1499938964844,279.8748474121094,279.3329162597656,282.3890075683594,280.7698059082031,290.4003295898437,0.0,0.0,0.0,0.0,1.0,1.0,1.455885650751554e-12,1.3333431827221885e-17,-1.4558989864382754e-12,3.3008990506233626e-12,0.0,0.0,0.0,1.4551915228366852e-11,60.0,1.722944580251351e-05,-0.0,-0.0,0.0,283.1443786621094,288.5085144042969,285.35308837890625,285.36309814453125,293.1499938964844,293.1499938964844,278.1499938964844,0.0,18000.0,313.1499938964844,0.0,18000.0,0.0,0.0,0.0,0.0,0.0,0.0,0.0,0.0,0.0,-0.0,-0.0,-0.0,-6.544322618950674e-21,-3.272161309475337e-21,-3.272161107526945e-21,0.0,0.0,-0.0,0.0,0.0,0.0,-0.0,0.0,0.0,0.0,0.0,0.0,4.0,0.0,0.0
12021060,297.33648681640625,303.1499938964844,285.1499938964844,0.0,-0.0,290.9596862792969,0.0,0.0,2.558457189594937e-13,297.4012145996094,303.1499938964844,285.1499938964844,0.0,-0.0,290.9602966308594,0.0,0.0,2.694180328052104e-13,297.8639831542969,303.1499938964844,285.1499938964844,0.0,-0.0,290.9613647460937,0.0,0.0,1.989913225516893e-13,297.3009033203125,303.1499938964844,285.1499938964844,0.0,-0.0,290.9599304199219,0.0,0.0,2.694179514900475e-13,297.699462890625,303.1499938964844,285.1499938964844,0.0,-0.0,290.9603576660156,0.0,0.0,1.2780023350353333e-12,290.9122009277344,294.1499938964844,279.8851318359375,279.3347473144531,282.3890075683594,280.7698059082031,290.4000549316406,0.0,0.0,0.0,0.0,1.0,1.0,1.5115428440154457e-12,1.395184528805633e-17,-1.5115568302234705e-12,1.6194223696405774e-12,0.0,0.0,0.0,1.4551915228366852e-11,60.0,1.6015435903682373e-05,-0.0,-5.066788513209878e-25,0.0,283.1443786621094,288.5085144042969,285.35308837890625,285.36309814453125,293.1499938964844,293.1499938964844,278.1499938964844,0.0,18000.0,313.1499938964844,0.0,18000.0,0.0,0.0,0.0,0.0,0.0,0.0,0.0,0.0,0.0,-0.0,-0.0,-0.0,-6.544322618950674e-21,-3.272161309475337e-21,-3.272161107526945e-21,0.0,0.0,-0.0,0.0,0.0,0.0,-0.0,0.0,0.0,0.0,0.0,0.0,4.0,0.0,0.0
12021120,297.33648681640625,303.1499938964844,285.1499938964844,0.0,-0.0,290.9596862792969,0.0,0.0,2.558457189594937e-13,297.4012145996094,303.1499938964844,285.1499938964844,0.0,-0.0,290.9602966308594,0.0,0.0,2.694180328052104e-13,297.8639831542969,303.1499938964844,285.1499938964844,0.0,-0.0,290.9613647460937,0.0,0.0,1.989913225516893e-13,297.3009033203125,303.1499938964844,285.1499938964844,0.0,-0.0,290.9599304199219,0.0,0.0,2.694179514900475e-13,297.699462890625,303.1499938964844,285.1499938964844,0.0,-0.0,290.9603576660156,0.0,0.0,1.2780023350353333e-12,290.9122009277344,294.1499938964844,279.8851318359375,279.3347473144531,282.3890075683594,280.7698059082031,290.4000549316406,0.0,0.0,0.0,0.0,1.0,1.0,1.5115428440154457e-12,1.395184528805633e-17,-1.5115568302234705e-12,1.6194223696405774e-12,0.0,0.0,0.0,1.4551915228366852e-11,60.0,1.6015435903682373e-05,-0.0,-5.066788513209878e-25,0.0,283.1443786621094,288.5085144042969,285.35308837890625,285.36309814453125,293.1499938964844,293.1499938964844,278.1499938964844,0.0,18000.0,313.1499938964844,0.0,18000.0,0.0,0.0,0.0,0.0,0.0,0.0,0.0,0.0,0.0,-0.0,-0.0,-0.0,-6.544322618950674e-21,-3.272161309475337e-21,-3.272161107526945e-21,0.0,0.0,-0.0,0.0,0.0,0.0,-0.0,0.0,0.0,0.0,0.0,0.0,4.0,0.0,0.0
12021180,297.33453369140625,303.1499938964844,285.1499938964844,0.0,-0.0,290.9596862792969,0.0,0.0,2.558457189594937e-13,297.3987731933594,303.1499938964844,285.1499938964844,0.0,-0.0,290.9602966308594,0.0,0.0,2.694180328052104e-13,297.86083984375,303.1499938964844,285.1499938964844,0.0,-0.0,290.9613647460937,0.0,0.0,1.989913225516893e-13,297.2984313964844,303.1499938964844,285.1499938964844,0.0,-0.0,290.9599304199219,0.0,0.0,2.694179514900475e-13,297.69805908203125,303.1499938964844,285.1499938964844,0.0,-0.0,290.9603576660156,0.0,0.0,1.2780023350353333e-12,290.9122009277344,294.1499938964844,279.89697265625,279.3369140625,282.3890075683594,280.7698059082031,290.3998107910156,0.0,0.0,0.0,0.0,1.0,1.0,1.5115428440154457e-12,1.395184528805633e-17,-1.5115568302234705e-12,1.6194223696405774e-12,0.0,0.0,0.0,1.4551915228366852e-11,60.0,1.4890189049765468e-05,-0.0,-5.066788513209878e-25,0.0,283.1443786621094,288.5085144042969,285.35308837890625,285.36309814453125,293.1499938964844,293.1499938964844,278.1499938964844,0.0,18000.0,313.1499938964844,0.0,18000.0,0.0,0.0,0.0,0.0,0.0,0.0,0.0,0.0,0.0,-0.0,-0.0,-0.0,-6.544322618950674e-21,-3.272161309475337e-21,-3.272161107526945e-21,0.0,0.0,-0.0,0.0,0.0,0.0,-0.0,0.0,0.0,0.0,0.0,0.0,4.0,0.0,0.0
12021240,297.33453369140625,303.1499938964844,285.1499938964844,0.0,-0.0,290.9596862792969,0.0,0.0,2.558457189594937e-13,297.3987731933594,303.1499938964844,285.1499938964844,0.0,-0.0,290.9602966308594,0.0,0.0,2.694180328052104e-13,297.86083984375,303.1499938964844,285.1499938964844,0.0,-0.0,290.9613647460937,0.0,0.0,1.989913225516893e-13,297.2984313964844,303.1499938964844,285.1499938964844,0.0,-0.0,290.9599304199219,0.0,0.0,2.694179514900475e-13,297.69805908203125,303.1499938964844,285.1499938964844,0.0,-0.0,290.9603576660156,0.0,0.0,1.2780023350353333e-12,290.9122009277344,294.1499938964844,279.89697265625,279.3369140625,282.3890075683594,280.7698059082031,290.3998107910156,0.0,0.0,0.0,0.0,1.0,1.0,1.5115428440154457e-12,1.395184528805633e-17,-1.5115568302234705e-12,1.6194223696405774e-12,0.0,0.0,0.0,1.4551915228366852e-11,60.0,1.4890189049765468e-05,-0.0,-5.066788513209878e-25,0.0,283.1443786621094,288.5085144042969,285.35308837890625,285.36309814453125,293.1499938964844,293.1499938964844,278.1499938964844,0.0,18000.0,313.1499938964844,0.0,18000.0,0.0,0.0,0.0,0.0,0.0,0.0,0.0,0.0,0.0,-0.0,-0.0,-0.0,-6.544322618950674e-21,-3.272161309475337e-21,-3.272161107526945e-21,0.0,0.0,-0.0,0.0,0.0,0.0,-0.0,0.0,0.0,0.0,0.0,0.0,4.0,0.0,0.0
12021300,297.3335876464844,303.1499938964844,285.1499938964844,0.0,-0.0,290.9596862792969,0.0,0.0,2.558457189594937e-13,297.3975830078125,303.1499938964844,285.1499938964844,0.0,-0.0,290.9602966308594,0.0,0.0,2.694180328052104e-13,297.8592834472656,303.1499938964844,285.1499938964844,0.0,-0.0,290.9613647460937,0.0,0.0,1.989913225516893e-13,297.2972106933594,303.1499938964844,285.1499938964844,0.0,-0.0,290.9599304199219,0.0,0.0,2.694179514900475e-13,297.6973571777344,303.1499938964844,285.1499938964844,0.0,-0.0,290.9603576660156,0.0,0.0,1.2780023350353333e-12,290.9122009277344,294.1499938964844,279.9034118652344,279.338134765625,282.3890075683594,280.7698059082031,290.39971923828125,0.0,0.0,0.0,0.0,1.0,1.0,1.5115428440154457e-12,1.395184528805633e-17,-1.5115568302234705e-12,1.6194223696405774e-12,0.0,0.0,0.0,1.4551915228366852e-11,60.0,1.435938884242205e-05,-0.0,-5.066788513209878e-25,0.0,283.1443786621094,288.5085144042969,285.35308837890625,285.36309814453125,293.1499938964844,293.1499938964844,278.1499938964844,0.0,18000.0,313.1499938964844,0.0,18000.0,0.0,0.0,0.0,0.0,0.0,0.0,0.0,0.0,0.0,-0.0,-0.0,-0.0,-6.544322618950674e-21,-3.272161309475337e-21,-3.272161107526945e-21,0.0,0.0,-0.0,0.0,0.0,0.0,-0.0,0.0,0.0,0.0,0.0,0.0,4.0,0.0,0.0
12021360,297.3326416015625,303.1499938964844,285.1499938964844,0.0,-0.0,290.9596862792969,0.0,0.0,0.0,297.3963928222656,303.1499938964844,285.1499938964844,0.0,-0.0,290.9602966308594,0.0,0.0,0.0,297.8577575683594,303.1499938964844,285.1499938964844,0.0,-0.0,290.9613647460937,0.0,0.0,0.0,297.2959899902344,303.1499938964844,285.1499938964844,0.0,-0.0,290.9599304199219,0.0,0.0,0.0,297.6966857910156,303.1499938964844,285.1499938964844,0.0,-0.0,290.9603576660156,0.0,0.0,0.0,290.9122009277344,294.1499938964844,279.91021728515625,279.3394470214844,282.3890075683594,280.7698059082031,290.39959716796875,0.0,0.0,0.0,0.0,1.0,1.0,-1.1996204810765798e-12,1.5993164912437138e-17,1.199604434884427e-12,-1.0360817022034283e-12,0.0,0.0,0.0,0.0,60.0,1.3847534319211263e-05,-0.0,-0.0,0.0,283.1443786621094,288.5085144042969,285.35308837890625,285.36309814453125,293.1499938964844,293.1499938964844,278.1499938964844,0.0,18000.0,313.1499938964844,0.0,18000.0,0.0,0.0,0.0,0.0,0.0,0.0,0.0,0.0,0.0,-0.0,-0.0,-0.0,-6.544322618950674e-21,-3.272161309475337e-21,-3.272161107526945e-21,0.0,0.0,-0.0,0.0,0.0,0.0,-0.0,0.0,0.0,0.0,0.0,0.0,4.0,0.0,0.0
12021420,297.33074951171875,303.1499938964844,285.1499938964844,0.0,-0.0,290.9596862792969,0.0,0.0,2.558457189594937e-13,297.3940124511719,303.1499938964844,285.1499938964844,0.0,-0.0,290.9602966308594,0.0,0.0,2.694180328052104e-13,297.85467529296875,303.1499938964844,285.1499938964844,0.0,-0.0,290.9613647460937,0.0,0.0,1.989913225516893e-13,297.2935791015625,303.1499938964844,285.1499938964844,0.0,-0.0,290.9599304199219,0.0,0.0,2.694179514900475e-13,297.6953125,303.1499938964844,285.1499938964844,0.0,-0.0,290.9603576660156,0.0,0.0,1.2780023350353333e-12,290.9122009277344,294.1499938964844,279.9248046875,279.34234619140625,282.3890075683594,280.7698059082031,290.3993835449219,0.0,0.0,0.0,0.0,1.0,1.0,1.5115428440154457e-12,1.395184528805633e-17,-1.5115568302234705e-12,1.6194223696405774e-12,0.0,0.0,0.0,1.4551915228366852e-11,60.0,1.2872100342065096e-05,-0.0,-5.066788513209878e-25,0.0,283.1443786621094,288.5085144042969,285.35308837890625,285.36309814453125,293.1499938964844,293.1499938964844,278.1499938964844,0.0,18000.0,313.1499938964844,0.0,18000.0,0.0,0.0,0.0,0.0,0.0,0.0,0.0,0.0,0.0,-0.0,-0.0,-0.0,-6.544322618950674e-21,-3.272161309475337e-21,-3.272161107526945e-21,0.0,0.0,-0.0,0.0,0.0,0.0,-0.0,0.0,0.0,0.0,0.0,0.0,4.0,0.0,0.0
12021480,297.33074951171875,303.1499938964844,285.1499938964844,0.0,-0.0,290.9596862792969,0.0,0.0,2.558457189594937e-13,297.3940124511719,303.1499938964844,285.1499938964844,0.0,-0.0,290.9602966308594,0.0,0.0,2.694180328052104e-13,297.85467529296875,303.1499938964844,285.1499938964844,0.0,-0.0,290.9613647460937,0.0,0.0,1.989913225516893e-13,297.2935791015625,303.1499938964844,285.1499938964844,0.0,-0.0,290.9599304199219,0.0,0.0,2.694179514900475e-13,297.6953125,303.1499938964844,285.1499938964844,0.0,-0.0,290.9603576660156,0.0,0.0,1.2780023350353333e-12,290.9122009277344,294.1499938964844,279.9248046875,279.34234619140625,282.3890075683594,280.7698059082031,290.3993835449219,0.0,0.0,0.0,0.0,1.0,1.0,1.5115428440154457e-12,1.395184528805633e-17,-1.5115568302234705e-12,1.6194223696405774e-12,0.0,0.0,0.0,1.4551915228366852e-11,60.0,1.2872100342065096e-05,-0.0,-5.066788513209878e-25,0.0,283.1443786621094,288.5085144042969,285.35308837890625,285.36309814453125,293.1499938964844,293.1499938964844,278.1499938964844,0.0,18000.0,313.1499938964844,0.0,18000.0,0.0,0.0,0.0,0.0,0.0,0.0,0.0,0.0,0.0,-0.0,-0.0,-0.0,-6.544322618950674e-21,-3.272161309475337e-21,-3.272161107526945e-21,0.0,0.0,-0.0,0.0,0.0,0.0,-0.0,0.0,0.0,0.0,0.0,0.0,4.0,0.0,0.0
12021540,297.3288879394531,303.1499938964844,285.1499938964844,0.0,-0.0,290.9596862792969,0.0,0.0,-2.558457189594937e-13,297.39166259765625,303.1499938964844,285.1499938964844,0.0,-0.0,290.9602966308594,0.0,0.0,-2.694180328052104e-13,297.8515930175781,303.1499938964844,285.1499938964844,0.0,-0.0,290.9613647460937,0.0,0.0,-1.989913225516893e-13,297.29119873046875,303.1499938964844,285.1499938964844,0.0,-0.0,290.9599304199219,0.0,0.0,-2.694179514900475e-13,297.6939392089844,303.1499938964844,285.1499938964844,0.0,-0.0,290.9603576660156,0.0,0.0,-1.2780023350353333e-12,290.9122009277344,294.1499938964844,279.9405822753906,279.3456420898437,282.3890075683594,280.7698059082031,290.3992004394531,0.0,0.0,0.0,0.0,1.0,1.0,-1.2552776743404714e-12,1.5374751451602697e-17,1.2552622786696221e-12,6.453949787793567e-13,0.0,0.0,0.0,0.0,60.0,1.1965550584136508e-05,-0.0,-5.066788513209878e-25,0.0,283.1443786621094,288.5085144042969,285.35308837890625,285.36309814453125,293.1499938964844,293.1499938964844,278.1499938964844,0.0,18000.0,313.1499938964844,0.0,18000.0,0.0,0.0,0.0,0.0,0.0,0.0,0.0,0.0,0.0,-0.0,-0.0,-0.0,-6.544322618950674e-21,-3.272161309475337e-21,-3.272161107526945e-21,0.0,0.0,-0.0,0.0,0.0,0.0,-0.0,0.0,0.0,0.0,0.0,0.0,4.0,0.0,0.0
12021600,297.3288879394531,303.1499938964844,285.1499938964844,0.0,-0.0,290.9596862792969,0.0,0.0,-2.558457189594937e-13,297.39166259765625,303.1499938964844,285.1499938964844,0.0,-0.0,290.9602966308594,0.0,0.0,-2.694180328052104e-13,297.8515930175781,303.1499938964844,285.1499938964844,0.0,-0.0,290.9613647460937,0.0,0.0,-1.989913225516893e-13,297.29119873046875,303.1499938964844,285.1499938964844,0.0,-0.0,290.9599304199219,0.0,0.0,-2.694179514900475e-13,297.6939392089844,303.1499938964844,285.1499938964844,0.0,-0.0,290.9603576660156,0.0,0.0,-1.2780023350353333e-12,290.9122009277344,294.1499938964844,279.9405822753906,279.3456420898437,282.3890075683594,280.7698059082031,290.3992004394531,0.0,0.0,0.0,0.0,1.0,1.0,-1.2552776743404714e-12,1.5374751451602697e-17,1.2552622786696221e-12,6.453949787793567e-13,0.0,0.0,0.0,0.0,60.0,1.1965550584136508e-05,-0.0,-5.066788513209878e-25,0.0,283.1443786621094,288.5085144042969,285.35308837890625,285.36309814453125,293.1499938964844,293.1499938964844,278.1499938964844,0.0,18000.0,313.1499938964844,0.0,18000.0,0.0,0.0,0.0,0.0,0.0,0.0,0.0,0.0,0.0,-0.0,-0.0,-0.0,-6.544322618950674e-21,-3.272161309475337e-21,-3.272161107526945e-21,0.0,0.0,-0.0,0.0,0.0,0.0,-0.0,0.0,0.0,0.0,0.0,0.0,4.0,0.0,0.0
12021660,297.3270568847656,303.1499938964844,285.1499938964844,0.0,-0.0,290.9596862792969,0.0,0.0,2.558457189594937e-13,297.3893127441406,303.1499938964844,285.1499938964844,0.0,-0.0,290.9602966308594,0.0,0.0,2.694180328052104e-13,297.8485412597656,303.1499938964844,285.1499938964844,0.0,-0.0,290.9613647460937,0.0,0.0,1.989913225516893e-13,297.2888488769531,303.1499938964844,285.1499938964844,0.0,-0.0,290.9599304199219,0.0,0.0,2.694179514900475e-13,297.6925964355469,303.1499938964844,285.1499938964844,0.0,-0.0,290.9603576660156,0.0,0.0,1.2780023350353333e-12,290.9122009277344,294.1499938964844,279.9574890136719,279.3493347167969,282.3890075683594,280.7698059082031,290.3990173339844,0.0,0.0,0.0,0.0,1.0,1.0,-1.1439612278285605e-12,-1.555374506435305e-17,1.143976731919627e-12,-2.7175878734853054e-12,0.0,0.0,0.0,0.0,60.0,1.112276004278101e-05,-0.0,-5.066788513209878e-25,0.0,283.1443786621094,288.5085144042969,285.35308837890625,285.36309814453125,293.1499938964844,293.1499938964844,278.1499938964844,0.0,18000.0,313.1499938964844,0.0,18000.0,0.0,0.0,0.0,0.0,0.0,0.0,0.0,0.0,0.0,-0.0,-0.0,-0.0,-6.544322618950674e-21,-3.272161309475337e-21,-3.272161107526945e-21,0.0,0.0,-0.0,0.0,0.0,0.0,-0.0,0.0,0.0,0.0,0.0,0.0,4.0,0.0,0.0
12021720,297.3270568847656,303.1499938964844,285.1499938964844,0.0,-0.0,290.9596862792969,0.0,0.0,2.558457189594937e-13,297.3893127441406,303.1499938964844,285.1499938964844,0.0,-0.0,290.9602966308594,0.0,0.0,2.694180328052104e-13,297.8485412597656,303.1499938964844,285.1499938964844,0.0,-0.0,290.9613647460937,0.0,0.0,1.989913225516893e-13,297.2888488769531,303.1499938964844,285.1499938964844,0.0,-0.0,290.9599304199219,0.0,0.0,2.694179514900475e-13,297.6925964355469,303.1499938964844,285.1499938964844,0.0,-0.0,290.9603576660156,0.0,0.0,1.2780023350353333e-12,290.9122009277344,294.1499938964844,279.9574890136719,279.3493347167969,282.3890075683594,280.7698059082031,290.3990173339844,0.0,0.0,0.0,0.0,1.0,1.0,-1.1439612278285605e-12,-1.555374506435305e-17,1.143976731919627e-12,-2.7175878734853054e-12,0.0,0.0,0.0,0.0,60.0,1.112276004278101e-05,-0.0,-5.066788513209878e-25,0.0,283.1443786621094,288.5085144042969,285.35308837890625,285.36309814453125,293.1499938964844,293.1499938964844,278.1499938964844,0.0,18000.0,313.1499938964844,0.0,18000.0,0.0,0.0,0.0,0.0,0.0,0.0,0.0,0.0,0.0,-0.0,-0.0,-0.0,-6.544322618950674e-21,-3.272161309475337e-21,-3.272161107526945e-21,0.0,0.0,-0.0,0.0,0.0,0.0,-0.0,0.0,0.0,0.0,0.0,0.0,4.0,0.0,0.0
12021780,297.3252258300781,303.1499938964844,285.1499938964844,0.0,-0.0,290.9596862792969,0.0,0.0,0.0,297.38702392578125,303.1499938964844,285.1499938964844,0.0,-0.0,290.9602966308594,0.0,0.0,0.0,297.84552001953125,303.1499938964844,285.1499938964844,0.0,-0.0,290.9613647460937,0.0,0.0,0.0,297.2865295410156,303.1499938964844,285.1499938964844,0.0,-0.0,290.9599304199219,0.0,0.0,0.0,297.6912841796875,303.1499938964844,285.1499938964844,0.0,-0.0,290.9603576660156,0.0,0.0,0.0,290.9122009277344,294.1499938964844,279.97540283203125,279.3534240722656,282.3890075683594,280.7698059082031,290.3988647460937,0.0,0.0,0.0,0.0,1.0,1.0,1.455885650751554e-12,1.3333431000041272e-17,-1.4558989864382754e-12,3.3008990506233626e-12,0.0,0.0,0.0,1.4551915228366852e-11,60.0,1.0339971595385578e-05,-0.0,-0.0,0.0,283.1443786621094,288.5085144042969,285.35308837890625,285.36309814453125,293.1499938964844,293.1499938964844,278.1499938964844,0.0,18000.0,313.1499938964844,0.0,18000.0,0.0,0.0,0.0,0.0,0.0,0.0,0.0,0.0,0.0,-0.0,-0.0,-0.0,-6.544322618950674e-21,-3.272161309475337e-21,-3.272161107526945e-21,0.0,0.0,-0.0,0.0,0.0,0.0,-0.0,0.0,0.0,0.0,0.0,0.0,4.0,0.0,0.0
12021840,297.3252258300781,303.1499938964844,285.1499938964844,0.0,-0.0,290.9596862792969,0.0,0.0,0.0,297.38702392578125,303.1499938964844,285.1499938964844,0.0,-0.0,290.9602966308594,0.0,0.0,0.0,297.84552001953125,303.1499938964844,285.1499938964844,0.0,-0.0,290.9613647460937,0.0,0.0,0.0,297.2865295410156,303.1499938964844,285.1499938964844,0.0,-0.0,290.9599304199219,0.0,0.0,0.0,297.6912841796875,303.1499938964844,285.1499938964844,0.0,-0.0,290.9603576660156,0.0,0.0,0.0,290.9122009277344,294.1499938964844,279.97540283203125,279.3534240722656,282.3890075683594,280.7698059082031,290.3988647460937,0.0,0.0,0.0,0.0,1.0,1.0,1.455885650751554e-12,1.3333431000041272e-17,-1.4558989864382754e-12,3.3008990506233626e-12,0.0,0.0,0.0,1.4551915228366852e-11,60.0,1.0339971595385578e-05,-0.0,-0.0,0.0,283.1443786621094,288.5085144042969,285.35308837890625,285.36309814453125,293.1499938964844,293.1499938964844,278.1499938964844,0.0,18000.0,313.1499938964844,0.0,18000.0,0.0,0.0,0.0,0.0,0.0,0.0,0.0,0.0,0.0,-0.0,-0.0,-0.0,-6.544322618950674e-21,-3.272161309475337e-21,-3.272161107526945e-21,0.0,0.0,-0.0,0.0,0.0,0.0,-0.0,0.0,0.0,0.0,0.0,0.0,4.0,0.0,0.0
12021900,297.3243408203125,303.1499938964844,285.1499938964844,0.0,-0.0,290.9596862792969,0.0,0.0,0.0,297.3858947753906,303.1499938964844,285.1499938964844,0.0,-0.0,290.9602966308594,0.0,0.0,0.0,297.8440246582031,303.1499938964844,285.1499938964844,0.0,-0.0,290.9613647460937,0.0,0.0,0.0,297.2853698730469,303.1499938964844,285.1499938964844,0.0,-0.0,290.9599304199219,0.0,0.0,0.0,297.69061279296875,303.1499938964844,285.1499938964844,0.0,-0.0,290.9603576660156,0.0,0.0,0.0,290.9122009277344,294.1499938964844,279.9847106933594,279.3556213378906,282.3890075683594,280.7698059082031,290.3987731933594,0.0,0.0,0.0,0.0,1.0,1.0,-1.1996204810765798e-12,1.5993164912437138e-17,1.199604434884427e-12,-1.0360817022034283e-12,0.0,0.0,0.0,0.0,60.0,9.9723738458124e-06,-0.0,-0.0,0.0,283.1443786621094,288.5085144042969,285.35308837890625,285.36309814453125,293.1499938964844,293.1499938964844,278.1499938964844,0.0,18000.0,313.1499938964844,0.0,18000.0,0.0,0.0,0.0,0.0,0.0,0.0,0.0,0.0,0.0,-0.0,-0.0,-0.0,-6.544322618950674e-21,-3.272161309475337e-21,-3.272161107526945e-21,0.0,0.0,-0.0,0.0,0.0,0.0,-0.0,0.0,0.0,0.0,0.0,0.0,4.0,0.0,0.0
12021960,297.3234558105469,303.1499938964844,285.1499938964844,0.0,-0.0,290.9596862792969,0.0,0.0,2.558457189594937e-13,297.384765625,303.1499938964844,285.1499938964844,0.0,-0.0,290.9602966308594,0.0,0.0,2.694180328052104e-13,297.842529296875,303.1499938964844,285.1499938964844,0.0,-0.0,290.9613647460937,0.0,0.0,1.989913225516893e-13,297.2842102050781,303.1499938964844,285.1499938964844,0.0,-0.0,290.9599304199219,0.0,0.0,2.694179514900475e-13,297.68994140625,303.1499938964844,285.1499938964844,0.0,-0.0,290.9603576660156,0.0,0.0,1.2780023350353333e-12,290.9122009277344,294.1499938964844,279.99420166015625,279.3579406738281,282.3890075683594,280.7698059082031,290.3987121582031,0.0,0.0,0.0,0.0,1.0,1.0,1.5115428440154457e-12,1.395184528805633e-17,-1.5115568302234705e-12,1.6194223696405774e-12,0.0,0.0,0.0,1.4551915228366852e-11,60.0,9.618119293008933e-06,-0.0,-5.066788513209878e-25,0.0,283.1443786621094,288.5085144042969,285.35308837890625,285.36309814453125,293.1499938964844,293.1499938964844,278.1499938964844,0.0,18000.0,313.1499938964844,0.0,18000.0,0.0,0.0,0.0,0.0,0.0,0.0,0.0,0.0,0.0,-0.0,-0.0,-0.0,-6.544322618950674e-21,-3.272161309475337e-21,-3.272161107526945e-21,0.0,0.0,-0.0,0.0,0.0,0.0,-0.0,0.0,0.0,0.0,0.0,0.0,4.0,0.0,0.0
12022020,297.3216857910156,303.1499938964844,285.1499938964844,0.0,-0.0,290.9596862792969,0.0,0.0,0.0,297.3825378417969,303.1499938964844,285.1499938964844,0.0,-0.0,290.9602966308594,0.0,0.0,0.0,297.8395690917969,303.1499938964844,285.1499938964844,0.0,-0.0,290.9613647460937,0.0,0.0,0.0,297.2819519042969,303.1499938964844,285.1499938964844,0.0,-0.0,290.9599304199219,0.0,0.0,0.0,297.68865966796875,303.1499938964844,285.1499938964844,0.0,-0.0,290.9603576660156,0.0,0.0,0.0,290.9122009277344,294.1499938964844,280.0138244628906,279.36285400390625,282.3890075683594,280.7698059082031,290.3985595703125,0.0,0.0,0.0,0.0,1.0,1.0,-1.1996204810765798e-12,1.5993164912437138e-17,1.199604434884427e-12,-1.0360817022034283e-12,0.0,0.0,0.0,0.0,60.0,8.94101322046481e-06,-0.0,-0.0,0.0,283.1443786621094,288.5085144042969,285.35308837890625,285.36309814453125,293.1499938964844,293.1499938964844,278.1499938964844,0.0,18000.0,313.1499938964844,0.0,18000.0,0.0,0.0,0.0,0.0,0.0,0.0,0.0,0.0,0.0,-0.0,-0.0,-0.0,-6.544322618950674e-21,-3.272161309475337e-21,-3.272161107526945e-21,0.0,0.0,-0.0,0.0,0.0,0.0,-0.0,0.0,0.0,0.0,0.0,0.0,4.0,0.0,0.0
12022080,297.3216857910156,303.1499938964844,285.1499938964844,0.0,-0.0,290.9596862792969,0.0,0.0,0.0,297.3825378417969,303.1499938964844,285.1499938964844,0.0,-0.0,290.9602966308594,0.0,0.0,0.0,297.8395690917969,303.1499938964844,285.1499938964844,0.0,-0.0,290.9613647460937,0.0,0.0,0.0,297.2819519042969,303.1499938964844,285.1499938964844,0.0,-0.0,290.9599304199219,0.0,0.0,0.0,297.68865966796875,303.1499938964844,285.1499938964844,0.0,-0.0,290.9603576660156,0.0,0.0,0.0,290.9122009277344,294.1499938964844,280.0138244628906,279.36285400390625,282.3890075683594,280.7698059082031,290.3985595703125,0.0,0.0,0.0,0.0,1.0,1.0,-1.1996204810765798e-12,1.5993164912437138e-17,1.199604434884427e-12,-1.0360817022034283e-12,0.0,0.0,0.0,0.0,60.0,8.94101322046481e-06,-0.0,-0.0,0.0,283.1443786621094,288.5085144042969,285.35308837890625,285.36309814453125,293.1499938964844,293.1499938964844,278.1499938964844,0.0,18000.0,313.1499938964844,0.0,18000.0,0.0,0.0,0.0,0.0,0.0,0.0,0.0,0.0,0.0,-0.0,-0.0,-0.0,-6.544322618950674e-21,-3.272161309475337e-21,-3.272161107526945e-21,0.0,0.0,-0.0,0.0,0.0,0.0,-0.0,0.0,0.0,0.0,0.0,0.0,4.0,0.0,0.0
12022140,297.3199462890625,303.1499938964844,285.1499938964844,0.0,-0.0,290.9596862792969,0.0,0.0,-2.558457189594937e-13,297.3803100585937,303.1499938964844,285.1499938964844,0.0,-0.0,290.9602966308594,0.0,0.0,-2.694180328052104e-13,297.83660888671875,303.1499938964844,285.1499938964844,0.0,-0.0,290.9613647460937,0.0,0.0,-1.989913225516893e-13,297.2797241210937,303.1499938964844,285.1499938964844,0.0,-0.0,290.9599304199219,0.0,0.0,-2.694179514900475e-13,297.6873474121094,303.1499938964844,285.1499938964844,0.0,-0.0,290.9603576660156,0.0,0.0,-1.2780023350353333e-12,290.9122009277344,294.1499938964844,280.0341186523437,279.36822509765625,282.3890075683594,280.7698059082031,290.3984069824219,0.0,0.0,0.0,0.0,1.0,1.0,-1.2552776743404714e-12,1.5374751451602697e-17,1.2552622786696221e-12,6.453949787793567e-13,0.0,0.0,0.0,0.0,60.0,8.313093530887272e-06,-0.0,-5.066788513209878e-25,0.0,283.1443786621094,288.5085144042969,285.35308837890625,285.36309814453125,293.1499938964844,293.1499938964844,278.1499938964844,0.0,18000.0,313.1499938964844,0.0,18000.0,0.0,0.0,0.0,0.0,0.0,0.0,0.0,0.0,0.0,-0.0,-0.0,-0.0,-6.544322618950674e-21,-3.272161309475337e-21,-3.272161107526945e-21,0.0,0.0,-0.0,0.0,0.0,0.0,-0.0,0.0,0.0,0.0,0.0,0.0,4.0,0.0,0.0
12022200,297.3199462890625,303.1499938964844,285.1499938964844,0.0,-0.0,290.9596862792969,0.0,0.0,-2.558457189594937e-13,297.3803100585937,303.1499938964844,285.1499938964844,0.0,-0.0,290.9602966308594,0.0,0.0,-2.694180328052104e-13,297.83660888671875,303.1499938964844,285.1499938964844,0.0,-0.0,290.9613647460937,0.0,0.0,-1.989913225516893e-13,297.2797241210937,303.1499938964844,285.1499938964844,0.0,-0.0,290.9599304199219,0.0,0.0,-2.694179514900475e-13,297.6873474121094,303.1499938964844,285.1499938964844,0.0,-0.0,290.9603576660156,0.0,0.0,-1.2780023350353333e-12,290.9122009277344,294.1499938964844,280.0341186523437,279.36822509765625,282.3890075683594,280.7698059082031,290.3984069824219,0.0,0.0,0.0,0.0,1.0,1.0,-1.2552776743404714e-12,1.5374751451602697e-17,1.2552622786696221e-12,6.453949787793567e-13,0.0,0.0,0.0,0.0,60.0,8.313093530887272e-06,-0.0,-5.066788513209878e-25,0.0,283.1443786621094,288.5085144042969,285.35308837890625,285.36309814453125,293.1499938964844,293.1499938964844,278.1499938964844,0.0,18000.0,313.1499938964844,0.0,18000.0,0.0,0.0,0.0,0.0,0.0,0.0,0.0,0.0,0.0,-0.0,-0.0,-0.0,-6.544322618950674e-21,-3.272161309475337e-21,-3.272161107526945e-21,0.0,0.0,-0.0,0.0,0.0,0.0,-0.0,0.0,0.0,0.0,0.0,0.0,4.0,0.0,0.0
12022260,297.3182373046875,303.1499938964844,285.1499938964844,0.0,-0.0,290.9596862792969,0.0,0.0,2.558457189594937e-13,297.37811279296875,303.1499938964844,285.1499938964844,0.0,-0.0,290.9602966308594,0.0,0.0,2.694180328052104e-13,297.83367919921875,303.1499938964844,285.1499938964844,0.0,-0.0,290.9613647460937,0.0,0.0,1.989913225516893e-13,297.2774963378906,303.1499938964844,285.1499938964844,0.0,-0.0,290.9599304199219,0.0,0.0,2.694179514900475e-13,297.6860656738281,303.1499938964844,285.1499938964844,0.0,-0.0,290.9603576660156,0.0,0.0,1.2780023350353333e-12,290.9122009277344,294.1499938964844,280.05499267578125,279.3740539550781,282.3890075683594,280.7698059082031,290.3982849121094,0.0,0.0,0.0,0.0,1.0,1.0,1.5115428440154457e-12,1.395184528805633e-17,-1.5115568302234705e-12,1.6194223696405774e-12,0.0,0.0,0.0,1.4551915228366852e-11,60.0,7.722153895883821e-06,-0.0,-5.066788513209878e-25,0.0,283.1443786621094,288.5085144042969,285.35308837890625,285.36309814453125,293.1499938964844,293.1499938964844,278.1499938964844,0.0,18000.0,313.1499938964844,0.0,18000.0,0.0,0.0,0.0,0.0,0.0,0.0,0.0,0.0,0.0,-0.0,-0.0,-0.0,-6.544322618950674e-21,-3.272161309475337e-21,-3.272161107526945e-21,0.0,0.0,-0.0,0.0,0.0,0.0,-0.0,0.0,0.0,0.0,0.0,0.0,4.0,0.0,0.0
12022320,297.3182373046875,303.1499938964844,285.1499938964844,0.0,-0.0,290.9596862792969,0.0,0.0,2.558457189594937e-13,297.37811279296875,303.1499938964844,285.1499938964844,0.0,-0.0,290.9602966308594,0.0,0.0,2.694180328052104e-13,297.83367919921875,303.1499938964844,285.1499938964844,0.0,-0.0,290.9613647460937,0.0,0.0,1.989913225516893e-13,297.2774963378906,303.1499938964844,285.1499938964844,0.0,-0.0,290.9599304199219,0.0,0.0,2.694179514900475e-13,297.6860656738281,303.1499938964844,285.1499938964844,0.0,-0.0,290.9603576660156,0.0,0.0,1.2780023350353333e-12,290.9122009277344,294.1499938964844,280.05499267578125,279.3740539550781,282.3890075683594,280.7698059082031,290.3982849121094,0.0,0.0,0.0,0.0,1.0,1.0,1.5115428440154457e-12,1.395184528805633e-17,-1.5115568302234705e-12,1.6194223696405774e-12,0.0,0.0,0.0,1.4551915228366852e-11,60.0,7.722153895883821e-06,-0.0,-5.066788513209878e-25,0.0,283.1443786621094,288.5085144042969,285.35308837890625,285.36309814453125,293.1499938964844,293.1499938964844,278.1499938964844,0.0,18000.0,313.1499938964844,0.0,18000.0,0.0,0.0,0.0,0.0,0.0,0.0,0.0,0.0,0.0,-0.0,-0.0,-0.0,-6.544322618950674e-21,-3.272161309475337e-21,-3.272161107526945e-21,0.0,0.0,-0.0,0.0,0.0,0.0,-0.0,0.0,0.0,0.0,0.0,0.0,4.0,0.0,0.0
12022380,297.3165283203125,303.1499938964844,285.1499938964844,0.0,-0.0,290.9596862792969,0.0,0.0,-2.558457189594937e-13,297.3759460449219,303.1499938964844,285.1499938964844,0.0,-0.0,290.9602966308594,0.0,0.0,-2.694180328052104e-13,297.83074951171875,303.1499938964844,285.1499938964844,0.0,-0.0,290.9613647460937,0.0,0.0,-1.989913225516893e-13,297.2753295898437,303.1499938964844,285.1499938964844,0.0,-0.0,290.9599304199219,0.0,0.0,-2.694179514900475e-13,297.684814453125,303.1499938964844,285.1499938964844,0.0,-0.0,290.9603576660156,0.0,0.0,-1.2780023350353333e-12,290.9122009277344,294.1499938964844,280.07635498046875,279.3803405761719,282.3890075683594,280.7698059082031,290.398193359375,0.0,0.0,0.0,0.0,1.0,1.0,-1.2552776743404714e-12,1.5374751451602697e-17,1.2552622786696221e-12,6.453949787793567e-13,0.0,0.0,0.0,0.0,60.0,7.182813988038106e-06,-0.0,-5.066788513209878e-25,0.0,283.1443786621094,288.5085144042969,285.35308837890625,285.36309814453125,293.1499938964844,293.1499938964844,278.1499938964844,0.0,18000.0,313.1499938964844,0.0,18000.0,0.0,0.0,0.0,0.0,0.0,0.0,0.0,0.0,0.0,-0.0,-0.0,-0.0,-6.544322618950674e-21,-3.272161309475337e-21,-3.272161107526945e-21,0.0,0.0,-0.0,0.0,0.0,0.0,-0.0,0.0,0.0,0.0,0.0,0.0,4.0,0.0,0.0
12022440,297.3165283203125,303.1499938964844,285.1499938964844,0.0,-0.0,290.9596862792969,0.0,0.0,-2.558457189594937e-13,297.3759460449219,303.1499938964844,285.1499938964844,0.0,-0.0,290.9602966308594,0.0,0.0,-2.694180328052104e-13,297.83074951171875,303.1499938964844,285.1499938964844,0.0,-0.0,290.9613647460937,0.0,0.0,-1.989913225516893e-13,297.2753295898437,303.1499938964844,285.1499938964844,0.0,-0.0,290.9599304199219,0.0,0.0,-2.694179514900475e-13,297.684814453125,303.1499938964844,285.1499938964844,0.0,-0.0,290.9603576660156,0.0,0.0,-1.2780023350353333e-12,290.9122009277344,294.1499938964844,280.07635498046875,279.3803405761719,282.3890075683594,280.7698059082031,290.398193359375,0.0,0.0,0.0,0.0,1.0,1.0,-1.2552776743404714e-12,1.5374751451602697e-17,1.2552622786696221e-12,6.453949787793567e-13,0.0,0.0,0.0,0.0,60.0,7.182813988038106e-06,-0.0,-5.066788513209878e-25,0.0,283.1443786621094,288.5085144042969,285.35308837890625,285.36309814453125,293.1499938964844,293.1499938964844,278.1499938964844,0.0,18000.0,313.1499938964844,0.0,18000.0,0.0,0.0,0.0,0.0,0.0,0.0,0.0,0.0,0.0,-0.0,-0.0,-0.0,-6.544322618950674e-21,-3.272161309475337e-21,-3.272161107526945e-21,0.0,0.0,-0.0,0.0,0.0,0.0,-0.0,0.0,0.0,0.0,0.0,0.0,4.0,0.0,0.0
12022500,297.3157043457031,303.1499938964844,285.1499938964844,0.0,-0.0,290.9596862792969,0.0,0.0,0.0,297.3748779296875,303.1499938964844,285.1499938964844,0.0,-0.0,290.9602966308594,0.0,0.0,0.0,297.82928466796875,303.1499938964844,285.1499938964844,0.0,-0.0,290.9613647460937,0.0,0.0,0.0,297.27423095703125,303.1499938964844,285.1499938964844,0.0,-0.0,290.9599304199219,0.0,0.0,0.0,297.6841735839844,303.1499938964844,285.1499938964844,0.0,-0.0,290.9603576660156,0.0,0.0,0.0,290.9122009277344,294.1499938964844,280.0871887207031,279.3836669921875,282.3890075683594,280.7698059082031,290.39813232421875,0.0,0.0,0.0,0.0,1.0,1.0,1.455885650751554e-12,1.3333431827221885e-17,-1.4558989864382754e-12,3.3008990506233626e-12,0.0,0.0,0.0,1.4551915228366852e-11,60.0,6.9291868385334965e-06,-0.0,-0.0,0.0,283.1443786621094,288.5085144042969,285.35308837890625,285.36309814453125,293.1499938964844,293.1499938964844,278.1499938964844,0.0,18000.0,313.1499938964844,0.0,18000.0,0.0,0.0,0.0,0.0,0.0,0.0,0.0,0.0,0.0,-0.0,-0.0,-0.0,-6.544322618950674e-21,-3.272161309475337e-21,-3.272161107526945e-21,0.0,0.0,-0.0,0.0,0.0,0.0,-0.0,0.0,0.0,0.0,0.0,0.0,4.0,0.0,0.0
12022560,297.3148803710937,303.1499938964844,285.1499938964844,0.0,-0.0,290.9596862792969,0.0,0.0,0.0,297.3738098144531,303.1499938964844,285.1499938964844,0.0,-0.0,290.9602966308594,0.0,0.0,0.0,297.8278503417969,303.1499938964844,285.1499938964844,0.0,-0.0,290.9613647460937,0.0,0.0,0.0,297.2731628417969,303.1499938964844,285.1499938964844,0.0,-0.0,290.9599304199219,0.0,0.0,0.0,297.6835632324219,303.1499938964844,285.1499938964844,0.0,-0.0,290.9603576660156,0.0,0.0,0.0,290.9122009277344,294.1499938964844,280.0981140136719,279.3870849609375,282.3890075683594,280.7698059082031,290.3980712890625,0.0,0.0,0.0,0.0,1.0,1.0,1.455885650751554e-12,1.3333431827221885e-17,-1.4558989864382754e-12,3.3008990506233626e-12,0.0,0.0,0.0,1.4551915228366852e-11,60.0,6.684394520561909e-06,-0.0,-0.0,0.0,283.1443786621094,288.5085144042969,285.35308837890625,285.36309814453125,293.1499938964844,293.1499938964844,278.1499938964844,0.0,18000.0,313.1499938964844,0.0,18000.0,0.0,0.0,0.0,0.0,0.0,0.0,0.0,0.0,0.0,-0.0,-0.0,-0.0,-6.544322618950674e-21,-3.272161309475337e-21,-3.272161107526945e-21,0.0,0.0,-0.0,0.0,0.0,0.0,-0.0,0.0,0.0,0.0,0.0,0.0,4.0,0.0,0.0
12022620,297.313232421875,303.1499938964844,285.1499938964844,0.0,-0.0,290.9596862792969,0.0,0.0,2.558457189594937e-13,297.3716735839844,303.1499938964844,285.1499938964844,0.0,-0.0,290.9602966308594,0.0,0.0,2.694180328052104e-13,297.8249816894531,303.1499938964844,285.1499938964844,0.0,-0.0,290.9613647460937,0.0,0.0,1.989913225516893e-13,297.2710266113281,303.1499938964844,285.1499938964844,0.0,-0.0,290.9599304199219,0.0,0.0,2.694179514900475e-13,297.68231201171875,303.1499938964844,285.1499938964844,0.0,-0.0,290.9603576660156,0.0,0.0,1.2780023350353333e-12,290.9122009277344,294.1499938964844,280.1201171875,279.39434814453125,282.3890075683594,280.7698059082031,290.3979797363281,0.0,0.0,0.0,0.0,1.0,1.0,1.5115428440154457e-12,1.395184528805633e-17,-1.5115568302234705e-12,1.6194223696405774e-12,0.0,0.0,0.0,1.4551915228366852e-11,60.0,6.214484983502189e-06,-0.0,-5.066788513209878e-25,0.0,283.1443786621094,288.5085144042969,285.35308837890625,285.36309814453125,293.1499938964844,293.1499938964844,278.1499938964844,0.0,18000.0,313.1499938964844,0.0,18000.0,0.0,0.0,0.0,0.0,0.0,0.0,0.0,0.0,0.0,-0.0,-0.0,-0.0,-6.544322618950674e-21,-3.272161309475337e-21,-3.272161107526945e-21,0.0,0.0,-0.0,0.0,0.0,0.0,-0.0,0.0,0.0,0.0,0.0,0.0,4.0,0.0,0.0
12022680,297.313232421875,303.1499938964844,285.1499938964844,0.0,-0.0,290.9596862792969,0.0,0.0,2.558457189594937e-13,297.3716735839844,303.1499938964844,285.1499938964844,0.0,-0.0,290.9602966308594,0.0,0.0,2.694180328052104e-13,297.8249816894531,303.1499938964844,285.1499938964844,0.0,-0.0,290.9613647460937,0.0,0.0,1.989913225516893e-13,297.2710266113281,303.1499938964844,285.1499938964844,0.0,-0.0,290.9599304199219,0.0,0.0,2.694179514900475e-13,297.68231201171875,303.1499938964844,285.1499938964844,0.0,-0.0,290.9603576660156,0.0,0.0,1.2780023350353333e-12,290.9122009277344,294.1499938964844,280.1201171875,279.39434814453125,282.3890075683594,280.7698059082031,290.3979797363281,0.0,0.0,0.0,0.0,1.0,1.0,1.5115428440154457e-12,1.395184528805633e-17,-1.5115568302234705e-12,1.6194223696405774e-12,0.0,0.0,0.0,1.4551915228366852e-11,60.0,6.214484983502189e-06,-0.0,-5.066788513209878e-25,0.0,283.1443786621094,288.5085144042969,285.35308837890625,285.36309814453125,293.1499938964844,293.1499938964844,278.1499938964844,0.0,18000.0,313.1499938964844,0.0,18000.0,0.0,0.0,0.0,0.0,0.0,0.0,0.0,0.0,0.0,-0.0,-0.0,-0.0,-6.544322618950674e-21,-3.272161309475337e-21,-3.272161107526945e-21,0.0,0.0,-0.0,0.0,0.0,0.0,-0.0,0.0,0.0,0.0,0.0,0.0,4.0,0.0,0.0
12022740,297.3116149902344,303.1499938964844,285.1499938964844,0.0,-0.0,290.9596862792969,0.0,0.0,2.558457189594937e-13,297.3695678710937,303.1499938964844,285.1499938964844,0.0,-0.0,290.9602966308594,0.0,0.0,2.694180328052104e-13,297.8221130371094,303.1499938964844,285.1499938964844,0.0,-0.0,290.9613647460937,0.0,0.0,1.989913225516893e-13,297.2689208984375,303.1499938964844,285.1499938964844,0.0,-0.0,290.9599304199219,0.0,0.0,2.694179514900475e-13,297.6810913085937,303.1499938964844,285.1499938964844,0.0,-0.0,290.9603576660156,0.0,0.0,1.2780023350353333e-12,290.9122009277344,294.1499938964844,280.1423034667969,279.402099609375,282.3890075683594,280.7698059082031,290.3978881835937,0.0,0.0,0.0,0.0,1.0,1.0,1.5115428440154457e-12,1.395184528805633e-17,-1.5115568302234705e-12,1.6194223696405774e-12,0.0,0.0,0.0,1.4551915228366852e-11,60.0,5.777730621048249e-06,-0.0,-5.066788513209878e-25,0.0,283.1443786621094,288.5085144042969,285.35308837890625,285.36309814453125,293.1499938964844,293.1499938964844,278.1499938964844,0.0,18000.0,313.1499938964844,0.0,18000.0,0.0,0.0,0.0,0.0,0.0,0.0,0.0,0.0,0.0,-0.0,-0.0,-0.0,-6.544322618950674e-21,-3.272161309475337e-21,-3.272161107526945e-21,0.0,0.0,-0.0,0.0,0.0,0.0,-0.0,0.0,0.0,0.0,0.0,0.0,4.0,0.0,0.0
12022800,297.3116149902344,303.1499938964844,285.1499938964844,0.0,-0.0,290.9596862792969,0.0,0.0,2.558457189594937e-13,297.3695678710937,303.1499938964844,285.1499938964844,0.0,-0.0,290.9602966308594,0.0,0.0,2.694180328052104e-13,297.8221130371094,303.1499938964844,285.1499938964844,0.0,-0.0,290.9613647460937,0.0,0.0,1.989913225516893e-13,297.2689208984375,303.1499938964844,285.1499938964844,0.0,-0.0,290.9599304199219,0.0,0.0,2.694179514900475e-13,297.6810913085937,303.1499938964844,285.1499938964844,0.0,-0.0,290.9603576660156,0.0,0.0,1.2780023350353333e-12,290.9122009277344,294.1499938964844,280.1423034667969,279.402099609375,282.3890075683594,280.7698059082031,290.3978881835937,0.0,0.0,0.0,0.0,1.0,1.0,1.5115428440154457e-12,1.395184528805633e-17,-1.5115568302234705e-12,1.6194223696405774e-12,0.0,0.0,0.0,1.4551915228366852e-11,60.0,5.777730621048249e-06,-0.0,-5.066788513209878e-25,0.0,283.1443786621094,288.5085144042969,285.35308837890625,285.36309814453125,293.1499938964844,293.1499938964844,278.1499938964844,0.0,18000.0,313.1499938964844,0.0,18000.0,0.0,0.0,0.0,0.0,0.0,0.0,0.0,0.0,0.0,-0.0,-0.0,-0.0,-6.544322618950674e-21,-3.272161309475337e-21,-3.272161107526945e-21,0.0,0.0,-0.0,0.0,0.0,0.0,-0.0,0.0,0.0,0.0,0.0,0.0,4.0,0.0,0.0
12022860,297.3099975585937,303.1499938964844,285.1499938964844,0.0,-0.0,290.9596862792969,0.0,0.0,0.0,297.36749267578125,303.1499938964844,285.1499938964844,0.0,-0.0,290.9602966308594,0.0,0.0,0.0,297.8192443847656,303.1499938964844,285.1499938964844,0.0,-0.0,290.9613647460937,0.0,0.0,0.0,297.266845703125,303.1499938964844,285.1499938964844,0.0,-0.0,290.9599304199219,0.0,0.0,0.0,297.67987060546875,303.1499938964844,285.1499938964844,0.0,-0.0,290.9603576660156,0.0,0.0,0.0,290.9122009277344,294.1499938964844,280.1645202636719,279.4103698730469,282.3890075683594,280.7698059082031,290.3977966308594,0.0,0.0,0.0,0.0,1.0,1.0,-1.1996204810765798e-12,1.5993164912437138e-17,1.199604434884427e-12,-1.0360817022034283e-12,0.0,0.0,0.0,0.0,60.0,5.372218311094912e-06,-0.0,-0.0,0.0,283.1443786621094,288.5085144042969,285.35308837890625,285.36309814453125,293.1499938964844,293.1499938964844,278.1499938964844,0.0,18000.0,313.1499938964844,0.0,18000.0,0.0,0.0,0.0,0.0,0.0,0.0,0.0,0.0,0.0,-0.0,-0.0,-0.0,-6.544322618950674e-21,-3.272161309475337e-21,-3.272161107526945e-21,0.0,0.0,-0.0,0.0,0.0,0.0,-0.0,0.0,0.0,0.0,0.0,0.0,4.0,0.0,0.0
12022920,297.3099975585937,303.1499938964844,285.1499938964844,0.0,-0.0,290.9596862792969,0.0,0.0,0.0,297.36749267578125,303.1499938964844,285.1499938964844,0.0,-0.0,290.9602966308594,0.0,0.0,0.0,297.8192443847656,303.1499938964844,285.1499938964844,0.0,-0.0,290.9613647460937,0.0,0.0,0.0,297.266845703125,303.1499938964844,285.1499938964844,0.0,-0.0,290.9599304199219,0.0,0.0,0.0,297.67987060546875,303.1499938964844,285.1499938964844,0.0,-0.0,290.9603576660156,0.0,0.0,0.0,290.9122009277344,294.1499938964844,280.1645202636719,279.4103698730469,282.3890075683594,280.7698059082031,290.3977966308594,0.0,0.0,0.0,0.0,1.0,1.0,-1.1996204810765798e-12,1.5993164912437138e-17,1.199604434884427e-12,-1.0360817022034283e-12,0.0,0.0,0.0,0.0,60.0,5.372218311094912e-06,-0.0,-0.0,0.0,283.1443786621094,288.5085144042969,285.35308837890625,285.36309814453125,293.1499938964844,293.1499938964844,278.1499938964844,0.0,18000.0,313.1499938964844,0.0,18000.0,0.0,0.0,0.0,0.0,0.0,0.0,0.0,0.0,0.0,-0.0,-0.0,-0.0,-6.544322618950674e-21,-3.272161309475337e-21,-3.272161107526945e-21,0.0,0.0,-0.0,0.0,0.0,0.0,-0.0,0.0,0.0,0.0,0.0,0.0,4.0,0.0,0.0
12022980,297.30841064453125,303.1499938964844,285.1499938964844,0.0,-0.0,290.9596862792969,0.0,0.0,2.558457189594937e-13,297.3654479980469,303.1499938964844,285.1499938964844,0.0,-0.0,290.9602966308594,0.0,0.0,2.694180328052104e-13,297.81640625,303.1499938964844,285.1499938964844,0.0,-0.0,290.9613647460937,0.0,0.0,1.989913225516893e-13,297.2647705078125,303.1499938964844,285.1499938964844,0.0,-0.0,290.9599304199219,0.0,0.0,2.694179514900475e-13,297.6786499023437,303.1499938964844,285.1499938964844,0.0,-0.0,290.9603576660156,0.0,0.0,1.2780023350353333e-12,290.9122009277344,294.1499938964844,280.18670654296875,279.419189453125,282.3890075683594,280.7698059082031,290.397705078125,0.0,0.0,0.0,0.0,1.0,1.0,1.5115428440154457e-12,1.395184528805633e-17,-1.5115568302234705e-12,1.6194223696405774e-12,0.0,0.0,0.0,1.4551915228366852e-11,60.0,4.99797079100972e-06,-0.0,-5.066788513209878e-25,0.0,283.1443786621094,288.5085144042969,285.35308837890625,285.36309814453125,293.1499938964844,293.1499938964844,278.1499938964844,0.0,18000.0,313.1499938964844,0.0,18000.0,0.0,0.0,0.0,0.0,0.0,0.0,0.0,0.0,0.0,-0.0,-0.0,-0.0,-6.544322618950674e-21,-3.272161309475337e-21,-3.272161107526945e-21,0.0,0.0,-0.0,0.0,0.0,0.0,-0.0,0.0,0.0,0.0,0.0,0.0,4.0,0.0,0.0
12023040,297.30841064453125,303.1499938964844,285.1499938964844,0.0,-0.0,290.9596862792969,0.0,0.0,2.558457189594937e-13,297.3654479980469,303.1499938964844,285.1499938964844,0.0,-0.0,290.9602966308594,0.0,0.0,2.694180328052104e-13,297.81640625,303.1499938964844,285.1499938964844,0.0,-0.0,290.9613647460937,0.0,0.0,1.989913225516893e-13,297.2647705078125,303.1499938964844,285.1499938964844,0.0,-0.0,290.9599304199219,0.0,0.0,2.694179514900475e-13,297.6786499023437,303.1499938964844,285.1499938964844,0.0,-0.0,290.9603576660156,0.0,0.0,1.2780023350353333e-12,290.9122009277344,294.1499938964844,280.18670654296875,279.419189453125,282.3890075683594,280.7698059082031,290.397705078125,0.0,0.0,0.0,0.0,1.0,1.0,1.5115428440154457e-12,1.395184528805633e-17,-1.5115568302234705e-12,1.6194223696405774e-12,0.0,0.0,0.0,1.4551915228366852e-11,60.0,4.99797079100972e-06,-0.0,-5.066788513209878e-25,0.0,283.1443786621094,288.5085144042969,285.35308837890625,285.36309814453125,293.1499938964844,293.1499938964844,278.1499938964844,0.0,18000.0,313.1499938964844,0.0,18000.0,0.0,0.0,0.0,0.0,0.0,0.0,0.0,0.0,0.0,-0.0,-0.0,-0.0,-6.544322618950674e-21,-3.272161309475337e-21,-3.272161107526945e-21,0.0,0.0,-0.0,0.0,0.0,0.0,-0.0,0.0,0.0,0.0,0.0,0.0,4.0,0.0,0.0
12023100,297.3076171875,303.1499938964844,285.1499938964844,0.0,-0.0,290.9596862792969,0.0,0.0,2.558457189594937e-13,297.3644104003906,303.1499938964844,285.1499938964844,0.0,-0.0,290.9602966308594,0.0,0.0,2.694180328052104e-13,297.81500244140625,303.1499938964844,285.1499938964844,0.0,-0.0,290.9613647460937,0.0,0.0,1.989913225516893e-13,297.2637634277344,303.1499938964844,285.1499938964844,0.0,-0.0,290.9599304199219,0.0,0.0,2.694179514900475e-13,297.6780700683594,303.1499938964844,285.1499938964844,0.0,-0.0,290.9603576660156,0.0,0.0,1.2780023350353333e-12,290.9122009277344,294.1499938964844,280.19775390625,279.4237976074219,282.3890075683594,280.7698059082031,290.3976745605469,0.0,0.0,0.0,0.0,1.0,1.0,1.5115428440154457e-12,1.395184528805633e-17,-1.5115568302234705e-12,1.6194223696405774e-12,0.0,0.0,0.0,1.4551915228366852e-11,60.0,4.81691586173838e-06,-0.0,-5.066788513209878e-25,0.0,283.1443786621094,288.5085144042969,285.35308837890625,285.36309814453125,293.1499938964844,293.1499938964844,278.1499938964844,0.0,18000.0,313.1499938964844,0.0,18000.0,0.0,0.0,0.0,0.0,0.0,0.0,0.0,0.0,0.0,-0.0,-0.0,-0.0,-6.544322618950674e-21,-3.272161309475337e-21,-3.272161107526945e-21,0.0,0.0,-0.0,0.0,0.0,0.0,-0.0,0.0,0.0,0.0,0.0,0.0,4.0,0.0,0.0
12023160,297.3068542480469,303.1499938964844,285.1499938964844,0.0,-0.0,290.9596862792969,0.0,0.0,2.558457189594937e-13,297.3634033203125,303.1499938964844,285.1499938964844,0.0,-0.0,290.9602966308594,0.0,0.0,2.694180328052104e-13,297.8135986328125,303.1499938964844,285.1499938964844,0.0,-0.0,290.9613647460937,0.0,0.0,1.989913225516893e-13,297.26275634765625,303.1499938964844,285.1499938964844,0.0,-0.0,290.9599304199219,0.0,0.0,2.694179514900475e-13,297.6774597167969,303.1499938964844,285.1499938964844,0.0,-0.0,290.9603576660156,0.0,0.0,1.2780023350353333e-12,290.9122009277344,294.1499938964844,280.2087707519531,279.4285583496094,282.3890075683594,280.7698059082031,290.39764404296875,0.0,0.0,0.0,0.0,1.0,1.0,1.5115428440154457e-12,1.395184528805633e-17,-1.5115568302234705e-12,1.6194223696405774e-12,0.0,0.0,0.0,1.4551915228366852e-11,60.0,4.64722370452364e-06,-0.0,-5.066788513209878e-25,0.0,283.1443786621094,288.5085144042969,285.35308837890625,285.36309814453125,293.1499938964844,293.1499938964844,278.1499938964844,0.0,18000.0,313.1499938964844,0.0,18000.0,0.0,0.0,0.0,0.0,0.0,0.0,0.0,0.0,0.0,-0.0,-0.0,-0.0,-6.544322618950674e-21,-3.272161309475337e-21,-3.272161107526945e-21,0.0,0.0,-0.0,0.0,0.0,0.0,-0.0,0.0,0.0,0.0,0.0,0.0,4.0,0.0,0.0
12023220,297.3052978515625,303.1499938964844,285.1499938964844,0.0,-0.0,290.9596862792969,0.0,0.0,0.0,297.3613586425781,303.1499938964844,285.1499938964844,0.0,-0.0,290.9602966308594,0.0,0.0,0.0,297.810791015625,303.1499938964844,285.1499938964844,0.0,-0.0,290.9613647460937,0.0,0.0,0.0,297.2607116699219,303.1499938964844,285.1499938964844,0.0,-0.0,290.9599304199219,0.0,0.0,0.0,297.67626953125,303.1499938964844,285.1499938964844,0.0,-0.0,290.9603576660156,0.0,0.0,0.0,290.9122009277344,294.1499938964844,280.23052978515625,279.4385070800781,282.3890075683594,280.7698059082031,290.3975524902344,0.0,0.0,0.0,0.0,1.0,1.0,-1.1996204810765798e-12,1.5993164912437138e-17,1.199604434884427e-12,-1.0360817022034283e-12,0.0,0.0,0.0,0.0,60.0,4.321160758991027e-06,-0.0,-0.0,0.0,283.1443786621094,288.5085144042969,285.35308837890625,285.36309814453125,293.1499938964844,293.1499938964844,278.1499938964844,0.0,18000.0,313.1499938964844,0.0,18000.0,0.0,0.0,0.0,0.0,0.0,0.0,0.0,0.0,0.0,-0.0,-0.0,-0.0,-6.544322618950674e-21,-3.272161309475337e-21,-3.272161107526945e-21,0.0,0.0,-0.0,0.0,0.0,0.0,-0.0,0.0,0.0,0.0,0.0,0.0,4.0,0.0,0.0
12023280,297.3052978515625,303.1499938964844,285.1499938964844,0.0,-0.0,290.9596862792969,0.0,0.0,0.0,297.3613586425781,303.1499938964844,285.1499938964844,0.0,-0.0,290.9602966308594,0.0,0.0,0.0,297.810791015625,303.1499938964844,285.1499938964844,0.0,-0.0,290.9613647460937,0.0,0.0,0.0,297.2607116699219,303.1499938964844,285.1499938964844,0.0,-0.0,290.9599304199219,0.0,0.0,0.0,297.67626953125,303.1499938964844,285.1499938964844,0.0,-0.0,290.9603576660156,0.0,0.0,0.0,290.9122009277344,294.1499938964844,280.23052978515625,279.4385070800781,282.3890075683594,280.7698059082031,290.3975524902344,0.0,0.0,0.0,0.0,1.0,1.0,-1.1996204810765798e-12,1.5993164912437138e-17,1.199604434884427e-12,-1.0360817022034283e-12,0.0,0.0,0.0,0.0,60.0,4.321160758991027e-06,-0.0,-0.0,0.0,283.1443786621094,288.5085144042969,285.35308837890625,285.36309814453125,293.1499938964844,293.1499938964844,278.1499938964844,0.0,18000.0,313.1499938964844,0.0,18000.0,0.0,0.0,0.0,0.0,0.0,0.0,0.0,0.0,0.0,-0.0,-0.0,-0.0,-6.544322618950674e-21,-3.272161309475337e-21,-3.272161107526945e-21,0.0,0.0,-0.0,0.0,0.0,0.0,-0.0,0.0,0.0,0.0,0.0,0.0,4.0,0.0,0.0
12023340,297.30377197265625,303.1499938964844,285.1499938964844,0.0,-0.0,290.9596862792969,0.0,0.0,0.0,297.3593444824219,303.1499938964844,285.1499938964844,0.0,-0.0,290.9602966308594,0.0,0.0,0.0,297.8079833984375,303.1499938964844,285.1499938964844,0.0,-0.0,290.9613647460937,0.0,0.0,0.0,297.2587280273437,303.1499938964844,285.1499938964844,0.0,-0.0,290.9599304199219,0.0,0.0,0.0,297.67510986328125,303.1499938964844,285.1499938964844,0.0,-0.0,290.9603576660156,0.0,0.0,0.0,290.9122009277344,294.1499938964844,280.251953125,279.4490661621094,282.3890075683594,280.7698059082031,290.3974914550781,0.0,0.0,0.0,0.0,1.0,1.0,1.455885650751554e-12,1.3333431827221885e-17,-1.4558989864382754e-12,3.3008990506233626e-12,0.0,0.0,0.0,1.4551915228366852e-11,60.0,4.0182335396821145e-06,-0.0,-0.0,0.0,283.1443786621094,288.5085144042969,285.35308837890625,285.36309814453125,293.1499938964844,293.1499938964844,278.1499938964844,0.0,18000.0,313.1499938964844,0.0,18000.0,0.0,0.0,0.0,0.0,0.0,0.0,0.0,0.0,0.0,-0.0,-0.0,-0.0,-6.544322618950674e-21,-3.272161309475337e-21,-3.272161107526945e-21,0.0,0.0,-0.0,0.0,0.0,0.0,-0.0,0.0,0.0,0.0,0.0,0.0,4.0,0.0,0.0
12023400,297.30377197265625,303.1499938964844,285.1499938964844,0.0,-0.0,290.9596862792969,0.0,0.0,0.0,297.3593444824219,303.1499938964844,285.1499938964844,0.0,-0.0,290.9602966308594,0.0,0.0,0.0,297.8079833984375,303.1499938964844,285.1499938964844,0.0,-0.0,290.9613647460937,0.0,0.0,0.0,297.2587280273437,303.1499938964844,285.1499938964844,0.0,-0.0,290.9599304199219,0.0,0.0,0.0,297.67510986328125,303.1499938964844,285.1499938964844,0.0,-0.0,290.9603576660156,0.0,0.0,0.0,290.9122009277344,294.1499938964844,280.251953125,279.4490661621094,282.3890075683594,280.7698059082031,290.3974914550781,0.0,0.0,0.0,0.0,1.0,1.0,1.455885650751554e-12,1.3333431827221885e-17,-1.4558989864382754e-12,3.3008990506233626e-12,0.0,0.0,0.0,1.4551915228366852e-11,60.0,4.0182335396821145e-06,-0.0,-0.0,0.0,283.1443786621094,288.5085144042969,285.35308837890625,285.36309814453125,293.1499938964844,293.1499938964844,278.1499938964844,0.0,18000.0,313.1499938964844,0.0,18000.0,0.0,0.0,0.0,0.0,0.0,0.0,0.0,0.0,0.0,-0.0,-0.0,-0.0,-6.544322618950674e-21,-3.272161309475337e-21,-3.272161107526945e-21,0.0,0.0,-0.0,0.0,0.0,0.0,-0.0,0.0,0.0,0.0,0.0,0.0,4.0,0.0,0.0
12023460,297.3022766113281,303.1499938964844,285.1499938964844,0.0,-0.0,290.9596862792969,0.0,0.0,2.558457189594937e-13,297.3573608398437,303.1499938964844,285.1499938964844,0.0,-0.0,290.9602966308594,0.0,0.0,2.694180328052104e-13,297.8052062988281,303.1499938964844,285.1499938964844,0.0,-0.0,290.9613647460937,0.0,0.0,1.989913225516893e-13,297.2567443847656,303.1499938964844,285.1499938964844,0.0,-0.0,290.9599304199219,0.0,0.0,2.694179514900475e-13,297.6739196777344,303.1499938964844,285.1499938964844,0.0,-0.0,290.9603576660156,0.0,0.0,1.2780023350353333e-12,290.9122009277344,294.1499938964844,280.2729187011719,279.4602355957031,282.3890075683594,280.7698059082031,290.3974304199219,0.0,0.0,0.0,0.0,1.0,1.0,1.5115428440154457e-12,1.395184528805633e-17,-1.5115568302234705e-12,1.6194223696405774e-12,0.0,0.0,0.0,1.4551915228366852e-11,60.0,3.736984353963635e-06,-0.0,-5.066788513209878e-25,0.0,283.1443786621094,288.5085144042969,285.35308837890625,285.36309814453125,293.1499938964844,293.1499938964844,278.1499938964844,0.0,18000.0,313.1499938964844,0.0,18000.0,0.0,0.0,0.0,0.0,0.0,0.0,0.0,0.0,0.0,-0.0,-0.0,-0.0,-6.544322618950674e-21,-3.272161309475337e-21,-3.272161107526945e-21,0.0,0.0,-0.0,0.0,0.0,0.0,-0.0,0.0,0.0,0.0,0.0,0.0,4.0,0.0,0.0
12023520,297.3022766113281,303.1499938964844,285.1499938964844,0.0,-0.0,290.9596862792969,0.0,0.0,2.558457189594937e-13,297.3573608398437,303.1499938964844,285.1499938964844,0.0,-0.0,290.9602966308594,0.0,0.0,2.694180328052104e-13,297.8052062988281,303.1499938964844,285.1499938964844,0.0,-0.0,290.9613647460937,0.0,0.0,1.989913225516893e-13,297.2567443847656,303.1499938964844,285.1499938964844,0.0,-0.0,290.9599304199219,0.0,0.0,2.694179514900475e-13,297.6739196777344,303.1499938964844,285.1499938964844,0.0,-0.0,290.9603576660156,0.0,0.0,1.2780023350353333e-12,290.9122009277344,294.1499938964844,280.2729187011719,279.4602355957031,282.3890075683594,280.7698059082031,290.3974304199219,0.0,0.0,0.0,0.0,1.0,1.0,1.5115428440154457e-12,1.395184528805633e-17,-1.5115568302234705e-12,1.6194223696405774e-12,0.0,0.0,0.0,1.4551915228366852e-11,60.0,3.736984353963635e-06,-0.0,-5.066788513209878e-25,0.0,283.1443786621094,288.5085144042969,285.35308837890625,285.36309814453125,293.1499938964844,293.1499938964844,278.1499938964844,0.0,18000.0,313.1499938964844,0.0,18000.0,0.0,0.0,0.0,0.0,0.0,0.0,0.0,0.0,0.0,-0.0,-0.0,-0.0,-6.544322618950674e-21,-3.272161309475337e-21,-3.272161107526945e-21,0.0,0.0,-0.0,0.0,0.0,0.0,-0.0,0.0,0.0,0.0,0.0,0.0,4.0,0.0,0.0
12023580,297.30078125,303.1499938964844,285.1499938964844,0.0,-0.0,290.9596862792969,0.0,0.0,0.0,297.3553771972656,303.1499938964844,285.1499938964844,0.0,-0.0,290.9602966308594,0.0,0.0,0.0,297.80242919921875,303.1499938964844,285.1499938964844,0.0,-0.0,290.9613647460937,0.0,0.0,0.0,297.2547912597656,303.1499938964844,285.1499938964844,0.0,-0.0,290.9599304199219,0.0,0.0,0.0,297.6727600097656,303.1499938964844,285.1499938964844,0.0,-0.0,290.9603576660156,0.0,0.0,0.0,290.9122009277344,294.1499938964844,280.2933044433594,279.4720458984375,282.3890075683594,280.7698059082031,290.3973999023437,0.0,0.0,0.0,0.0,1.0,1.0,1.455885650751554e-12,1.3333431827221885e-17,-1.4558989864382754e-12,3.3008990506233626e-12,0.0,0.0,0.0,1.4551915228366852e-11,60.0,3.4751365092233755e-06,-0.0,-0.0,0.0,283.1443786621094,288.5085144042969,285.35308837890625,285.36309814453125,293.1499938964844,293.1499938964844,278.1499938964844,0.0,18000.0,313.1499938964844,0.0,18000.0,0.0,0.0,0.0,0.0,0.0,0.0,0.0,0.0,0.0,-0.0,-0.0,-0.0,-6.544322618950674e-21,-3.272161309475337e-21,-3.272161107526945e-21,0.0,0.0,-0.0,0.0,0.0,0.0,-0.0,0.0,0.0,0.0,0.0,0.0,4.0,0.0,0.0
12023640,297.30078125,303.1499938964844,285.1499938964844,0.0,-0.0,290.9596862792969,0.0,0.0,0.0,297.3553771972656,303.1499938964844,285.1499938964844,0.0,-0.0,290.9602966308594,0.0,0.0,0.0,297.80242919921875,303.1499938964844,285.1499938964844,0.0,-0.0,290.9613647460937,0.0,0.0,0.0,297.2547912597656,303.1499938964844,285.1499938964844,0.0,-0.0,290.9599304199219,0.0,0.0,0.0,297.6727600097656,303.1499938964844,285.1499938964844,0.0,-0.0,290.9603576660156,0.0,0.0,0.0,290.9122009277344,294.1499938964844,280.2933044433594,279.4720458984375,282.3890075683594,280.7698059082031,290.3973999023437,0.0,0.0,0.0,0.0,1.0,1.0,1.455885650751554e-12,1.3333431827221885e-17,-1.4558989864382754e-12,3.3008990506233626e-12,0.0,0.0,0.0,1.4551915228366852e-11,60.0,3.4751365092233755e-06,-0.0,-0.0,0.0,283.1443786621094,288.5085144042969,285.35308837890625,285.36309814453125,293.1499938964844,293.1499938964844,278.1499938964844,0.0,18000.0,313.1499938964844,0.0,18000.0,0.0,0.0,0.0,0.0,0.0,0.0,0.0,0.0,0.0,-0.0,-0.0,-0.0,-6.544322618950674e-21,-3.272161309475337e-21,-3.272161107526945e-21,0.0,0.0,-0.0,0.0,0.0,0.0,-0.0,0.0,0.0,0.0,0.0,0.0,4.0,0.0,0.0
12023700,297.300048828125,303.1499938964844,285.1499938964844,0.0,-0.0,290.9596862792969,0.0,0.0,0.0,297.3544006347656,303.1499938964844,285.1499938964844,0.0,-0.0,290.9602966308594,0.0,0.0,0.0,297.801025390625,303.1499938964844,285.1499938964844,0.0,-0.0,290.9613647460937,0.0,0.0,0.0,297.2538146972656,303.1499938964844,285.1499938964844,0.0,-0.0,290.9599304199219,0.0,0.0,0.0,297.6722106933594,303.1499938964844,285.1499938964844,0.0,-0.0,290.9603576660156,0.0,0.0,0.0,290.9122009277344,294.1499938964844,280.3032531738281,279.4781799316406,282.3890075683594,280.7698059082031,290.3973693847656,0.0,0.0,0.0,0.0,1.0,1.0,-1.1996204810765798e-12,1.5993164912437138e-17,1.199604434884427e-12,-1.0360817022034283e-12,0.0,0.0,0.0,0.0,60.0,3.3528087897138903e-06,-0.0,-0.0,0.0,283.1443786621094,288.5085144042969,285.35308837890625,285.36309814453125,293.1499938964844,293.1499938964844,278.1499938964844,0.0,18000.0,313.1499938964844,0.0,18000.0,0.0,0.0,0.0,0.0,0.0,0.0,0.0,0.0,0.0,-0.0,-0.0,-0.0,-6.544322618950674e-21,-3.272161309475337e-21,-3.272161107526945e-21,0.0,0.0,-0.0,0.0,0.0,0.0,-0.0,0.0,0.0,0.0,0.0,0.0,4.0,0.0,0.0
12023760,297.29931640625,303.1499938964844,285.1499938964844,0.0,-0.0,290.9596862792969,0.0,0.0,2.558457189594937e-13,297.3534240722656,303.1499938964844,285.1499938964844,0.0,-0.0,290.9602966308594,0.0,0.0,2.694180328052104e-13,297.7996520996094,303.1499938964844,285.1499938964844,0.0,-0.0,290.9613647460937,0.0,0.0,1.989913225516893e-13,297.2528686523437,303.1499938964844,285.1499938964844,0.0,-0.0,290.9599304199219,0.0,0.0,2.694179514900475e-13,297.671630859375,303.1499938964844,285.1499938964844,0.0,-0.0,290.9603576660156,0.0,0.0,1.2780023350353333e-12,290.9122009277344,294.1499938964844,280.3130187988281,279.4844970703125,282.3890075683594,280.7698059082031,290.3973388671875,0.0,0.0,0.0,0.0,1.0,1.0,1.5115428440154457e-12,1.395184528805633e-17,-1.5115568302234705e-12,1.6194223696405774e-12,0.0,0.0,0.0,1.4551915228366852e-11,60.0,3.235035364923533e-06,-0.0,-5.066788513209878e-25,0.0,283.1443786621094,288.5085144042969,285.35308837890625,285.36309814453125,293.1499938964844,293.1499938964844,278.1499938964844,0.0,18000.0,313.1499938964844,0.0,18000.0,0.0,0.0,0.0,0.0,0.0,0.0,0.0,0.0,0.0,-0.0,-0.0,-0.0,-6.544322618950674e-21,-3.272161309475337e-21,-3.272161107526945e-21,0.0,0.0,-0.0,0.0,0.0,0.0,-0.0,0.0,0.0,0.0,0.0,0.0,4.0,0.0,0.0
12023820,297.2978820800781,303.1499938964844,285.1499938964844,0.0,-0.0,290.9596862792969,0.0,0.0,-2.558457189594937e-13,297.3514404296875,303.1499938964844,285.1499938964844,0.0,-0.0,290.9602966308594,0.0,0.0,-2.694180328052104e-13,297.7969055175781,303.1499938964844,285.1499938964844,0.0,-0.0,290.9613647460937,0.0,0.0,-1.989913225516893e-13,297.2509460449219,303.1499938964844,285.1499938964844,0.0,-0.0,290.9599304199219,0.0,0.0,-2.694179514900475e-13,297.6705017089844,303.1499938964844,285.1499938964844,0.0,-0.0,290.9603576660156,0.0,0.0,-1.2780023350353333e-12,290.9122009277344,294.1499938964844,280.3319396972656,279.4976501464844,282.3890075683594,280.7698059082031,290.39727783203125,0.0,0.0,0.0,0.0,1.0,1.0,-1.2552776743404714e-12,1.5374751451602697e-17,1.2552622786696221e-12,6.453949787793567e-13,0.0,0.0,0.0,0.0,60.0,3.007868372151279e-06,-0.0,-5.066788513209878e-25,0.0,283.1443786621094,288.5085144042969,285.35308837890625,285.36309814453125,293.1499938964844,293.1499938964844,278.1499938964844,0.0,18000.0,313.1499938964844,0.0,18000.0,0.0,0.0,0.0,0.0,0.0,0.0,0.0,0.0,0.0,-0.0,-0.0,-0.0,-6.544322618950674e-21,-3.272161309475337e-21,-3.272161107526945e-21,0.0,0.0,-0.0,0.0,0.0,0.0,-0.0,0.0,0.0,0.0,0.0,0.0,4.0,0.0,0.0
12023880,297.2978820800781,303.1499938964844,285.1499938964844,0.0,-0.0,290.9596862792969,0.0,0.0,-2.558457189594937e-13,297.3514404296875,303.1499938964844,285.1499938964844,0.0,-0.0,290.9602966308594,0.0,0.0,-2.694180328052104e-13,297.7969055175781,303.1499938964844,285.1499938964844,0.0,-0.0,290.9613647460937,0.0,0.0,-1.989913225516893e-13,297.2509460449219,303.1499938964844,285.1499938964844,0.0,-0.0,290.9599304199219,0.0,0.0,-2.694179514900475e-13,297.6705017089844,303.1499938964844,285.1499938964844,0.0,-0.0,290.9603576660156,0.0,0.0,-1.2780023350353333e-12,290.9122009277344,294.1499938964844,280.3319396972656,279.4976501464844,282.3890075683594,280.7698059082031,290.39727783203125,0.0,0.0,0.0,0.0,1.0,1.0,-1.2552776743404714e-12,1.5374751451602697e-17,1.2552622786696221e-12,6.453949787793567e-13,0.0,0.0,0.0,0.0,60.0,3.007868372151279e-06,-0.0,-5.066788513209878e-25,0.0,283.1443786621094,288.5085144042969,285.35308837890625,285.36309814453125,293.1499938964844,293.1499938964844,278.1499938964844,0.0,18000.0,313.1499938964844,0.0,18000.0,0.0,0.0,0.0,0.0,0.0,0.0,0.0,0.0,0.0,-0.0,-0.0,-0.0,-6.544322618950674e-21,-3.272161309475337e-21,-3.272161107526945e-21,0.0,0.0,-0.0,0.0,0.0,0.0,-0.0,0.0,0.0,0.0,0.0,0.0,4.0,0.0,0.0
12023940,297.29644775390625,303.1499938964844,285.1499938964844,0.0,-0.0,290.9596862792969,0.0,0.0,-2.558457189594937e-13,297.3495178222656,303.1499938964844,285.1499938964844,0.0,-0.0,290.9602966308594,0.0,0.0,-2.694180328052104e-13,297.79412841796875,303.1499938964844,285.1499938964844,0.0,-0.0,290.9613647460937,0.0,0.0,-1.989913225516893e-13,297.2490234375,303.1499938964844,285.1499938964844,0.0,-0.0,290.9599304199219,0.0,0.0,-2.694179514900475e-13,297.6693725585937,303.1499938964844,285.1499938964844,0.0,-0.0,290.9603576660156,0.0,0.0,-1.2780023350353333e-12,290.9122009277344,294.1499938964844,280.3500061035156,279.511474609375,282.3890075683594,280.7698059082031,290.3972473144531,0.0,0.0,0.0,0.0,1.0,1.0,4.111391782579688e-12,1.0673698742006629e-17,-4.1114026246014116e-12,7.637879911870371e-12,0.0,0.0,0.0,1.4551915228366852e-11,60.0,2.797825345624005e-06,-0.0,-5.066788513209878e-25,0.0,283.1443786621094,288.5085144042969,285.35308837890625,285.36309814453125,293.1499938964844,293.1499938964844,278.1499938964844,0.0,18000.0,313.1499938964844,0.0,18000.0,0.0,0.0,0.0,0.0,0.0,0.0,0.0,0.0,0.0,-0.0,-0.0,-0.0,-6.544322618950674e-21,-3.272161309475337e-21,-3.272161107526945e-21,0.0,0.0,-0.0,0.0,0.0,0.0,-0.0,0.0,0.0,0.0,0.0,0.0,4.0,0.0,0.0
12024000,297.29644775390625,303.1499938964844,285.1499938964844,0.0,-0.0,290.9596862792969,0.0,0.0,-2.558457189594937e-13,297.3495178222656,303.1499938964844,285.1499938964844,0.0,-0.0,290.9602966308594,0.0,0.0,-2.694180328052104e-13,297.79412841796875,303.1499938964844,285.1499938964844,0.0,-0.0,290.9613647460937,0.0,0.0,-1.989913225516893e-13,297.2490234375,303.1499938964844,285.1499938964844,0.0,-0.0,290.9599304199219,0.0,0.0,-2.694179514900475e-13,297.6693725585937,303.1499938964844,285.1499938964844,0.0,-0.0,290.9603576660156,0.0,0.0,-1.2780023350353333e-12,290.9122009277344,294.1499938964844,280.3500061035156,279.511474609375,282.3890075683594,280.7698059082031,290.3972473144531,0.0,0.0,0.0,0.0,1.0,1.0,4.111391782579688e-12,1.0673698742006629e-17,-4.1114026246014116e-12,7.637879911870371e-12,0.0,0.0,0.0,1.4551915228366852e-11,60.0,2.797825345624005e-06,-0.0,-5.066788513209878e-25,0.0,283.1443786621094,288.5085144042969,285.35308837890625,285.36309814453125,293.1499938964844,293.1499938964844,278.1499938964844,0.0,18000.0,313.1499938964844,0.0,18000.0,0.0,0.0,0.0,0.0,0.0,0.0,0.0,0.0,0.0,-0.0,-0.0,-0.0,-6.544322618950674e-21,-3.272161309475337e-21,-3.272161107526945e-21,0.0,0.0,-0.0,0.0,0.0,0.0,-0.0,0.0,0.0,0.0,0.0,0.0,4.0,0.0,0.0
12024060,297.2950439453125,303.1499938964844,285.1499938964844,0.0,-0.0,290.9596862792969,0.0,0.0,2.558457189594937e-13,297.3475646972656,303.1499938964844,285.1499938964844,0.0,-0.0,290.9602966308594,0.0,0.0,2.694180328052104e-13,297.7913818359375,303.1499938964844,285.1499938964844,0.0,-0.0,290.9613647460937,0.0,0.0,1.989913225516893e-13,297.2471618652344,303.1499938964844,285.1499938964844,0.0,-0.0,290.9599304199219,0.0,0.0,2.694179514900475e-13,297.6682434082031,303.1499938964844,285.1499938964844,0.0,-0.0,290.9603576660156,0.0,0.0,1.2780023350353333e-12,290.9122009277344,294.1499938964844,280.36749267578125,279.52667236328125,282.3890075683594,280.7698059082031,290.3971862792969,0.0,0.0,0.0,0.0,1.0,1.0,1.5115428440154457e-12,1.395184528805633e-17,-1.5115568302234705e-12,1.6194223696405774e-12,0.0,0.0,0.0,1.4551915228366852e-11,60.0,2.601581854833057e-06,-0.0,-5.066788513209878e-25,0.0,283.1443786621094,288.5085144042969,285.35308837890625,285.36309814453125,293.1499938964844,293.1499938964844,278.1499938964844,0.0,18000.0,313.1499938964844,0.0,18000.0,0.0,0.0,0.0,0.0,0.0,0.0,0.0,0.0,0.0,-0.0,-0.0,-0.0,-6.544322618950674e-21,-3.272161309475337e-21,-3.272161107526945e-21,0.0,0.0,-0.0,0.0,0.0,0.0,-0.0,0.0,0.0,0.0,0.0,0.0,4.0,0.0,0.0
12024120,297.2950439453125,303.1499938964844,285.1499938964844,0.0,-0.0,290.9596862792969,0.0,0.0,2.558457189594937e-13,297.3475646972656,303.1499938964844,285.1499938964844,0.0,-0.0,290.9602966308594,0.0,0.0,2.694180328052104e-13,297.7913818359375,303.1499938964844,285.1499938964844,0.0,-0.0,290.9613647460937,0.0,0.0,1.989913225516893e-13,297.2471618652344,303.1499938964844,285.1499938964844,0.0,-0.0,290.9599304199219,0.0,0.0,2.694179514900475e-13,297.6682434082031,303.1499938964844,285.1499938964844,0.0,-0.0,290.9603576660156,0.0,0.0,1.2780023350353333e-12,290.9122009277344,294.1499938964844,280.36749267578125,279.52667236328125,282.3890075683594,280.7698059082031,290.3971862792969,0.0,0.0,0.0,0.0,1.0,1.0,1.5115428440154457e-12,1.395184528805633e-17,-1.5115568302234705e-12,1.6194223696405774e-12,0.0,0.0,0.0,1.4551915228366852e-11,60.0,2.601581854833057e-06,-0.0,-5.066788513209878e-25,0.0,283.1443786621094,288.5085144042969,285.35308837890625,285.36309814453125,293.1499938964844,293.1499938964844,278.1499938964844,0.0,18000.0,313.1499938964844,0.0,18000.0,0.0,0.0,0.0,0.0,0.0,0.0,0.0,0.0,0.0,-0.0,-0.0,-0.0,-6.544322618950674e-21,-3.272161309475337e-21,-3.272161107526945e-21,0.0,0.0,-0.0,0.0,0.0,0.0,-0.0,0.0,0.0,0.0,0.0,0.0,4.0,0.0,0.0
12024180,297.29364013671875,303.1499938964844,285.1499938964844,0.0,-0.0,290.9596862792969,0.0,0.0,2.558457189594937e-13,297.3456420898437,303.1499938964844,285.1499938964844,0.0,-0.0,290.9602966308594,0.0,0.0,2.694180328052104e-13,297.78863525390625,303.1499938964844,285.1499938964844,0.0,-0.0,290.9613647460937,0.0,0.0,1.989913225516893e-13,297.2452697753906,303.1499938964844,285.1499938964844,0.0,-0.0,290.9599304199219,0.0,0.0,2.694179514900475e-13,297.6671142578125,303.1499938964844,285.1499938964844,0.0,-0.0,290.9603576660156,0.0,0.0,1.2780023350353333e-12,290.9122009277344,294.1499938964844,280.38482666015625,279.5437316894531,282.3890075683594,280.7698059082031,290.39715576171875,0.0,0.0,0.0,0.0,1.0,1.0,1.5115428440154457e-12,1.395184528805633e-17,-1.5115568302234705e-12,1.6194223696405774e-12,0.0,0.0,0.0,1.4551915228366852e-11,60.0,2.41891007135564e-06,-0.0,-5.066788513209878e-25,0.0,283.1443786621094,288.5085144042969,285.35308837890625,285.36309814453125,293.1499938964844,293.1499938964844,278.1499938964844,0.0,18000.0,313.1499938964844,0.0,18000.0,0.0,0.0,0.0,0.0,0.0,0.0,0.0,0.0,0.0,-0.0,-0.0,-0.0,-6.544322618950674e-21,-3.272161309475337e-21,-3.272161107526945e-21,0.0,0.0,-0.0,0.0,0.0,0.0,-0.0,0.0,0.0,0.0,0.0,0.0,4.0,0.0,0.0
12024240,297.29364013671875,303.1499938964844,285.1499938964844,0.0,-0.0,290.9596862792969,0.0,0.0,2.558457189594937e-13,297.3456420898437,303.1499938964844,285.1499938964844,0.0,-0.0,290.9602966308594,0.0,0.0,2.694180328052104e-13,297.78863525390625,303.1499938964844,285.1499938964844,0.0,-0.0,290.9613647460937,0.0,0.0,1.989913225516893e-13,297.2452697753906,303.1499938964844,285.1499938964844,0.0,-0.0,290.9599304199219,0.0,0.0,2.694179514900475e-13,297.6671142578125,303.1499938964844,285.1499938964844,0.0,-0.0,290.9603576660156,0.0,0.0,1.2780023350353333e-12,290.9122009277344,294.1499938964844,280.38482666015625,279.5437316894531,282.3890075683594,280.7698059082031,290.39715576171875,0.0,0.0,0.0,0.0,1.0,1.0,1.5115428440154457e-12,1.395184528805633e-17,-1.5115568302234705e-12,1.6194223696405774e-12,0.0,0.0,0.0,1.4551915228366852e-11,60.0,2.41891007135564e-06,-0.0,-5.066788513209878e-25,0.0,283.1443786621094,288.5085144042969,285.35308837890625,285.36309814453125,293.1499938964844,293.1499938964844,278.1499938964844,0.0,18000.0,313.1499938964844,0.0,18000.0,0.0,0.0,0.0,0.0,0.0,0.0,0.0,0.0,0.0,-0.0,-0.0,-0.0,-6.544322618950674e-21,-3.272161309475337e-21,-3.272161107526945e-21,0.0,0.0,-0.0,0.0,0.0,0.0,-0.0,0.0,0.0,0.0,0.0,0.0,4.0,0.0,0.0
12024300,297.29296875,303.1499938964844,285.1499938964844,0.0,-0.0,290.9596862792969,0.0,0.0,2.558457189594937e-13,297.3446960449219,303.1499938964844,285.1499938964844,0.0,-0.0,290.9602966308594,0.0,0.0,2.694180328052104e-13,297.7872619628906,303.1499938964844,285.1499938964844,0.0,-0.0,290.9613647460937,0.0,0.0,1.989913225516893e-13,297.2443542480469,303.1499938964844,285.1499938964844,0.0,-0.0,290.9599304199219,0.0,0.0,2.694179514900475e-13,297.66656494140625,303.1499938964844,285.1499938964844,0.0,-0.0,290.9603576660156,0.0,0.0,1.2780023350353333e-12,290.9122009277344,294.1499938964844,280.3934631347656,279.552978515625,282.3890075683594,280.7698059082031,290.39715576171875,0.0,0.0,0.0,0.0,1.0,1.0,1.5115428440154457e-12,1.395184528805633e-17,-1.5115568302234705e-12,1.6194223696405774e-12,0.0,0.0,0.0,1.4551915228366852e-11,60.0,2.3324926132772816e-06,-0.0,-5.066788513209878e-25,0.0,283.1443786621094,288.5085144042969,285.35308837890625,285.36309814453125,293.1499938964844,293.1499938964844,278.1499938964844,0.0,18000.0,313.1499938964844,0.0,18000.0,0.0,0.0,0.0,0.0,0.0,0.0,0.0,0.0,0.0,-0.0,-0.0,-0.0,-6.544322618950674e-21,-3.272161309475337e-21,-3.272161107526945e-21,0.0,0.0,-0.0,0.0,0.0,0.0,-0.0,0.0,0.0,0.0,0.0,0.0,4.0,0.0,0.0
12024360,297.2922668457031,303.1499938964844,285.1499938964844,0.0,-0.0,290.9596862792969,0.0,0.0,-2.558457189594937e-13,297.34375,303.1499938964844,285.1499938964844,0.0,-0.0,290.9602966308594,0.0,0.0,-2.694180328052104e-13,297.7859191894531,303.1499938964844,285.1499938964844,0.0,-0.0,290.9613647460937,0.0,0.0,-1.989913225516893e-13,297.2434387207031,303.1499938964844,285.1499938964844,0.0,-0.0,290.9599304199219,0.0,0.0,-2.694179514900475e-13,297.666015625,303.1499938964844,285.1499938964844,0.0,-0.0,290.9603576660156,0.0,0.0,-1.2780023350353333e-12,290.9122009277344,294.1499938964844,280.4020690917969,279.5626220703125,282.3890075683594,280.7698059082031,290.3971252441406,0.0,0.0,0.0,0.0,1.0,1.0,-1.2552776743404714e-12,1.5374753105963922e-17,1.2552622786696221e-12,6.453949787793567e-13,0.0,0.0,0.0,0.0,60.0,2.249354565719841e-06,-0.0,-5.066788513209878e-25,0.0,283.1443786621094,288.5085144042969,285.35308837890625,285.36309814453125,293.1499938964844,293.1499938964844,278.1499938964844,0.0,18000.0,313.1499938964844,0.0,18000.0,0.0,0.0,0.0,0.0,0.0,0.0,0.0,0.0,0.0,-0.0,-0.0,-0.0,-6.544322618950674e-21,-3.272161309475337e-21,-3.272161107526945e-21,0.0,0.0,-0.0,0.0,0.0,0.0,-0.0,0.0,0.0,0.0,0.0,0.0,4.0,0.0,0.0
12024420,297.2909545898437,303.1499938964844,285.1499938964844,0.0,-0.0,290.9596862792969,0.0,0.0,0.0,297.34185791015625,303.1499938964844,285.1499938964844,0.0,-0.0,290.9602966308594,0.0,0.0,0.0,297.783203125,303.1499938964844,285.1499938964844,0.0,-0.0,290.9613647460937,0.0,0.0,0.0,297.2416381835937,303.1499938964844,285.1499938964844,0.0,-0.0,290.9599304199219,0.0,0.0,0.0,297.6649169921875,303.1499938964844,285.1499938964844,0.0,-0.0,290.9603576660156,0.0,0.0,0.0,290.9122009277344,294.1499938964844,280.4192199707031,279.5832214355469,282.3890075683594,280.7698059082031,290.3970947265625,0.0,0.0,0.0,0.0,1.0,1.0,1.455885650751554e-12,1.33334326544025e-17,-1.4558989864382754e-12,3.3008990506233626e-12,0.0,0.0,0.0,1.4551915228366852e-11,60.0,2.0909342310915235e-06,-0.0,-0.0,0.0,283.1443786621094,288.5085144042969,285.35308837890625,285.36309814453125,293.1499938964844,293.1499938964844,278.1499938964844,0.0,18000.0,313.1499938964844,0.0,18000.0,0.0,0.0,0.0,0.0,0.0,0.0,0.0,0.0,0.0,-0.0,-0.0,-0.0,-6.544322618950674e-21,-3.272161309475337e-21,-3.272161107526945e-21,0.0,0.0,-0.0,0.0,0.0,0.0,-0.0,0.0,0.0,0.0,0.0,0.0,4.0,0.0,0.0
12024480,297.2909545898437,303.1499938964844,285.1499938964844,0.0,-0.0,290.9596862792969,0.0,0.0,0.0,297.34185791015625,303.1499938964844,285.1499938964844,0.0,-0.0,290.9602966308594,0.0,0.0,0.0,297.783203125,303.1499938964844,285.1499938964844,0.0,-0.0,290.9613647460937,0.0,0.0,0.0,297.2416381835937,303.1499938964844,285.1499938964844,0.0,-0.0,290.9599304199219,0.0,0.0,0.0,297.6649169921875,303.1499938964844,285.1499938964844,0.0,-0.0,290.9603576660156,0.0,0.0,0.0,290.9122009277344,294.1499938964844,280.4192199707031,279.5832214355469,282.3890075683594,280.7698059082031,290.3970947265625,0.0,0.0,0.0,0.0,1.0,1.0,1.455885650751554e-12,1.33334326544025e-17,-1.4558989864382754e-12,3.3008990506233626e-12,0.0,0.0,0.0,1.4551915228366852e-11,60.0,2.0909342310915235e-06,-0.0,-0.0,0.0,283.1443786621094,288.5085144042969,285.35308837890625,285.36309814453125,293.1499938964844,293.1499938964844,278.1499938964844,0.0,18000.0,313.1499938964844,0.0,18000.0,0.0,0.0,0.0,0.0,0.0,0.0,0.0,0.0,0.0,-0.0,-0.0,-0.0,-6.544322618950674e-21,-3.272161309475337e-21,-3.272161107526945e-21,0.0,0.0,-0.0,0.0,0.0,0.0,-0.0,0.0,0.0,0.0,0.0,0.0,4.0,0.0,0.0
12024540,297.2896728515625,303.1499938964844,285.1499938964844,0.0,-0.0,290.9596862792969,0.0,0.0,2.558457189594937e-13,297.3399963378906,303.1499938964844,285.1499938964844,0.0,-0.0,290.9602966308594,0.0,0.0,2.694180328052104e-13,297.780517578125,303.1499938964844,285.1499938964844,0.0,-0.0,290.9613647460937,0.0,0.0,1.989913225516893e-13,297.2398681640625,303.1499938964844,285.1499938964844,0.0,-0.0,290.9599304199219,0.0,0.0,2.694179514900475e-13,297.6638488769531,303.1499938964844,285.1499938964844,0.0,-0.0,290.9603576660156,0.0,0.0,1.2780023350353333e-12,290.9122009277344,294.1499938964844,280.43634033203125,279.6054382324219,282.3890075683594,280.7698059082031,290.3970642089844,0.0,0.0,0.0,0.0,1.0,1.0,1.5115428440154457e-12,1.3951846942417554e-17,-1.5115568302234705e-12,1.6194223696405774e-12,0.0,0.0,0.0,1.4551915228366852e-11,60.0,1.942100652740919e-06,-0.0,-5.066788513209878e-25,0.0,283.1443786621094,288.5085144042969,285.35308837890625,285.36309814453125,293.1499938964844,293.1499938964844,278.1499938964844,0.0,18000.0,313.1499938964844,0.0,18000.0,0.0,0.0,0.0,0.0,0.0,0.0,0.0,0.0,0.0,-0.0,-0.0,-0.0,-6.544322618950674e-21,-3.272161309475337e-21,-3.272161107526945e-21,0.0,0.0,-0.0,0.0,0.0,0.0,-0.0,0.0,0.0,0.0,0.0,0.0,4.0,0.0,0.0
12024600,297.2896728515625,303.1499938964844,285.1499938964844,0.0,-0.0,290.9596862792969,0.0,0.0,2.558457189594937e-13,297.3399963378906,303.1499938964844,285.1499938964844,0.0,-0.0,290.9602966308594,0.0,0.0,2.694180328052104e-13,297.780517578125,303.1499938964844,285.1499938964844,0.0,-0.0,290.9613647460937,0.0,0.0,1.989913225516893e-13,297.2398681640625,303.1499938964844,285.1499938964844,0.0,-0.0,290.9599304199219,0.0,0.0,2.694179514900475e-13,297.6638488769531,303.1499938964844,285.1499938964844,0.0,-0.0,290.9603576660156,0.0,0.0,1.2780023350353333e-12,290.9122009277344,294.1499938964844,280.43634033203125,279.6054382324219,282.3890075683594,280.7698059082031,290.3970642089844,0.0,0.0,0.0,0.0,1.0,1.0,1.5115428440154457e-12,1.3951846942417554e-17,-1.5115568302234705e-12,1.6194223696405774e-12,0.0,0.0,0.0,1.4551915228366852e-11,60.0,1.942100652740919e-06,-0.0,-5.066788513209878e-25,0.0,283.1443786621094,288.5085144042969,285.35308837890625,285.36309814453125,293.1499938964844,293.1499938964844,278.1499938964844,0.0,18000.0,313.1499938964844,0.0,18000.0,0.0,0.0,0.0,0.0,0.0,0.0,0.0,0.0,0.0,-0.0,-0.0,-0.0,-6.544322618950674e-21,-3.272161309475337e-21,-3.272161107526945e-21,0.0,0.0,-0.0,0.0,0.0,0.0,-0.0,0.0,0.0,0.0,0.0,0.0,4.0,0.0,0.0
12024660,297.2884521484375,303.1499938964844,285.1499938964844,0.0,-0.0,290.9596862792969,0.0,0.0,2.558457189594937e-13,297.33819580078125,303.1499938964844,285.1499938964844,0.0,-0.0,290.9602966308594,0.0,0.0,2.694180328052104e-13,297.7778625488281,303.1499938964844,285.1499938964844,0.0,-0.0,290.9613647460937,0.0,0.0,1.989913225516893e-13,297.2381591796875,303.1499938964844,285.1499938964844,0.0,-0.0,290.9599304199219,0.0,0.0,2.694179514900475e-13,297.66278076171875,303.1499938964844,285.1499938964844,0.0,-0.0,290.9603576660156,0.0,0.0,1.2780023350353333e-12,290.9122009277344,294.1499938964844,280.4534606933594,279.6291809082031,282.3890075683594,280.7698059082031,290.39703369140625,0.0,0.0,0.0,0.0,1.0,1.0,1.5115428440154457e-12,1.395184528805633e-17,-1.5115568302234705e-12,1.6194223696405774e-12,0.0,0.0,0.0,1.4551915228366852e-11,60.0,1.80442498276534e-06,-0.0,-5.066788513209878e-25,0.0,283.1443786621094,288.5085144042969,285.35308837890625,285.36309814453125,293.1499938964844,293.1499938964844,278.1499938964844,0.0,18000.0,313.1499938964844,0.0,18000.0,0.0,0.0,0.0,0.0,0.0,0.0,0.0,0.0,0.0,-0.0,-0.0,-0.0,-6.544322618950674e-21,-3.272161309475337e-21,-3.272161107526945e-21,0.0,0.0,-0.0,0.0,0.0,0.0,-0.0,0.0,0.0,0.0,0.0,0.0,4.0,0.0,0.0
12024720,297.2884521484375,303.1499938964844,285.1499938964844,0.0,-0.0,290.9596862792969,0.0,0.0,2.558457189594937e-13,297.33819580078125,303.1499938964844,285.1499938964844,0.0,-0.0,290.9602966308594,0.0,0.0,2.694180328052104e-13,297.7778625488281,303.1499938964844,285.1499938964844,0.0,-0.0,290.9613647460937,0.0,0.0,1.989913225516893e-13,297.2381591796875,303.1499938964844,285.1499938964844,0.0,-0.0,290.9599304199219,0.0,0.0,2.694179514900475e-13,297.66278076171875,303.1499938964844,285.1499938964844,0.0,-0.0,290.9603576660156,0.0,0.0,1.2780023350353333e-12,290.9122009277344,294.1499938964844,280.4534606933594,279.6291809082031,282.3890075683594,280.7698059082031,290.39703369140625,0.0,0.0,0.0,0.0,1.0,1.0,1.5115428440154457e-12,1.395184528805633e-17,-1.5115568302234705e-12,1.6194223696405774e-12,0.0,0.0,0.0,1.4551915228366852e-11,60.0,1.80442498276534e-06,-0.0,-5.066788513209878e-25,0.0,283.1443786621094,288.5085144042969,285.35308837890625,285.36309814453125,293.1499938964844,293.1499938964844,278.1499938964844,0.0,18000.0,313.1499938964844,0.0,18000.0,0.0,0.0,0.0,0.0,0.0,0.0,0.0,0.0,0.0,-0.0,-0.0,-0.0,-6.544322618950674e-21,-3.272161309475337e-21,-3.272161107526945e-21,0.0,0.0,-0.0,0.0,0.0,0.0,-0.0,0.0,0.0,0.0,0.0,0.0,4.0,0.0,0.0
12024780,297.2873840332031,303.1499938964844,285.1499938964844,0.0,-0.0,290.9596862792969,0.0,0.0,2.558457189594937e-13,297.33642578125,303.1499938964844,285.1499938964844,0.0,-0.0,290.9602966308594,0.0,0.0,2.694180328052104e-13,297.7752380371094,303.1499938964844,285.1499938964844,0.0,-0.0,290.9613647460937,0.0,0.0,1.989913225516893e-13,297.2365417480469,303.1499938964844,285.1499938964844,0.0,-0.0,290.9599304199219,0.0,0.0,2.694179514900475e-13,297.6617431640625,303.1499938964844,285.1499938964844,0.0,-0.0,290.9603576660156,0.0,0.0,1.2780023350353333e-12,290.9122009277344,294.1499938964844,280.4706115722656,279.65435791015625,282.3890075683594,280.7698059082031,290.3970031738281,0.0,0.0,0.0,0.0,1.0,1.0,1.5115428440154457e-12,1.395184528805633e-17,-1.5115568302234705e-12,1.6194223696405774e-12,0.0,0.0,0.0,1.4551915228366852e-11,60.0,1.6756985132815316e-06,-0.0,-5.066788513209878e-25,0.0,283.1443786621094,288.5085144042969,285.35308837890625,285.36309814453125,293.1499938964844,293.1499938964844,278.1499938964844,0.0,18000.0,313.1499938964844,0.0,18000.0,0.0,0.0,0.0,0.0,0.0,0.0,0.0,0.0,0.0,-0.0,-0.0,-0.0,-6.544322618950674e-21,-3.272161309475337e-21,-3.272161107526945e-21,0.0,0.0,-0.0,0.0,0.0,0.0,-0.0,0.0,0.0,0.0,0.0,0.0,4.0,0.0,0.0
12024840,297.2873840332031,303.1499938964844,285.1499938964844,0.0,-0.0,290.9596862792969,0.0,0.0,2.558457189594937e-13,297.33642578125,303.1499938964844,285.1499938964844,0.0,-0.0,290.9602966308594,0.0,0.0,2.694180328052104e-13,297.7752380371094,303.1499938964844,285.1499938964844,0.0,-0.0,290.9613647460937,0.0,0.0,1.989913225516893e-13,297.2365417480469,303.1499938964844,285.1499938964844,0.0,-0.0,290.9599304199219,0.0,0.0,2.694179514900475e-13,297.6617431640625,303.1499938964844,285.1499938964844,0.0,-0.0,290.9603576660156,0.0,0.0,1.2780023350353333e-12,290.9122009277344,294.1499938964844,280.4706115722656,279.65435791015625,282.3890075683594,280.7698059082031,290.3970031738281,0.0,0.0,0.0,0.0,1.0,1.0,1.5115428440154457e-12,1.395184528805633e-17,-1.5115568302234705e-12,1.6194223696405774e-12,0.0,0.0,0.0,1.4551915228366852e-11,60.0,1.6756985132815316e-06,-0.0,-5.066788513209878e-25,0.0,283.1443786621094,288.5085144042969,285.35308837890625,285.36309814453125,293.1499938964844,293.1499938964844,278.1499938964844,0.0,18000.0,313.1499938964844,0.0,18000.0,0.0,0.0,0.0,0.0,0.0,0.0,0.0,0.0,0.0,-0.0,-0.0,-0.0,-6.544322618950674e-21,-3.272161309475337e-21,-3.272161107526945e-21,0.0,0.0,-0.0,0.0,0.0,0.0,-0.0,0.0,0.0,0.0,0.0,0.0,4.0,0.0,0.0
12024900,297.286865234375,303.1499938964844,285.1499938964844,0.0,-0.0,290.9596862792969,0.0,0.0,2.558457189594937e-13,297.3355407714844,303.1499938964844,285.1499938964844,0.0,-0.0,290.9602966308594,0.0,0.0,2.694180328052104e-13,297.7739562988281,303.1499938964844,285.1499938964844,0.0,-0.0,290.9613647460937,0.0,0.0,1.989913225516893e-13,297.2357788085937,303.1499938964844,285.1499938964844,0.0,-0.0,290.9599304199219,0.0,0.0,2.694179514900475e-13,297.6612243652344,303.1499938964844,285.1499938964844,0.0,-0.0,290.9603576660156,0.0,0.0,1.2780023350353333e-12,290.9122009277344,294.1499938964844,280.47918701171875,279.6674499511719,282.3890075683594,280.7698059082031,290.3970031738281,0.0,0.0,0.0,0.0,1.0,1.0,1.5115428440154457e-12,1.3951846942417554e-17,-1.5115568302234705e-12,1.6194223696405774e-12,0.0,0.0,0.0,1.4551915228366852e-11,60.0,1.6148990198416868e-06,-0.0,-5.066788513209878e-25,0.0,283.1443786621094,288.5085144042969,285.35308837890625,285.36309814453125,293.1499938964844,293.1499938964844,278.1499938964844,0.0,18000.0,313.1499938964844,0.0,18000.0,0.0,0.0,0.0,0.0,0.0,0.0,0.0,0.0,0.0,-0.0,-0.0,-0.0,-6.544322618950674e-21,-3.272161309475337e-21,-3.272161107526945e-21,0.0,0.0,-0.0,0.0,0.0,0.0,-0.0,0.0,0.0,0.0,0.0,0.0,4.0,0.0,0.0
12024960,297.286376953125,303.1499938964844,285.1499938964844,0.0,-0.0,290.9596862792969,0.0,0.0,0.0,297.3346862792969,303.1499938964844,285.1499938964844,0.0,-0.0,290.9602966308594,0.0,0.0,0.0,297.7726745605469,303.1499938964844,285.1499938964844,0.0,-0.0,290.9613647460937,0.0,0.0,0.0,297.2350158691406,303.1499938964844,285.1499938964844,0.0,-0.0,290.9599304199219,0.0,0.0,0.0,297.6607360839844,303.1499938964844,285.1499938964844,0.0,-0.0,290.9603576660156,0.0,0.0,0.0,290.9122009277344,294.1499938964844,280.48779296875,279.6808776855469,282.3890075683594,280.7698059082031,290.39697265625,0.0,0.0,0.0,0.0,1.0,1.0,4.1670490842637956e-12,1.1292113030021689e-17,-4.167060359966389e-12,5.956403339307803e-12,0.0,0.0,0.0,1.4551915228366852e-11,60.0,1.5554657011307429e-06,-0.0,-0.0,0.0,283.1443786621094,288.5085144042969,285.35308837890625,285.36309814453125,293.1499938964844,293.1499938964844,278.1499938964844,0.0,18000.0,313.1499938964844,0.0,18000.0,0.0,0.0,0.0,0.0,0.0,0.0,0.0,0.0,0.0,-0.0,-0.0,-0.0,-6.544322618950674e-21,-3.272161309475337e-21,-3.272161107526945e-21,0.0,0.0,-0.0,0.0,0.0,0.0,-0.0,0.0,0.0,0.0,0.0,0.0,4.0,0.0,0.0
12025020,297.2854309082031,303.1499938964844,285.1499938964844,0.0,-0.0,290.9596862792969,0.0,0.0,2.558457189594937e-13,297.33306884765625,303.1499938964844,285.1499938964844,0.0,-0.0,290.9602966308594,0.0,0.0,2.694180328052104e-13,297.7701721191406,303.1499938964844,285.1499938964844,0.0,-0.0,290.9613647460937,0.0,0.0,1.989913225516893e-13,297.23358154296875,303.1499938964844,285.1499938964844,0.0,-0.0,290.9599304199219,0.0,0.0,2.694179514900475e-13,297.6597595214844,303.1499938964844,285.1499938964844,0.0,-0.0,290.9603576660156,0.0,0.0,1.2780023350353333e-12,290.9122009277344,294.1499938964844,280.5050964355469,279.7086181640625,282.3890075683594,280.7698059082031,290.3969421386719,0.0,0.0,0.0,0.0,1.0,1.0,1.5115428440154457e-12,1.3951846942417554e-17,-1.5115568302234705e-12,1.6194223696405774e-12,0.0,0.0,0.0,1.4551915228366852e-11,60.0,1.442861389477912e-06,-0.0,-5.066788513209878e-25,0.0,283.1443786621094,288.5085144042969,285.35308837890625,285.36309814453125,293.1499938964844,293.1499938964844,278.1499938964844,0.0,18000.0,313.1499938964844,0.0,18000.0,0.0,0.0,0.0,0.0,0.0,0.0,0.0,0.0,0.0,-0.0,-0.0,-0.0,-6.544322618950674e-21,-3.272161309475337e-21,-3.272161107526945e-21,0.0,0.0,-0.0,0.0,0.0,0.0,-0.0,0.0,0.0,0.0,0.0,0.0,4.0,0.0,0.0
12025080,297.2854309082031,303.1499938964844,285.1499938964844,0.0,-0.0,290.9596862792969,0.0,0.0,2.558457189594937e-13,297.33306884765625,303.1499938964844,285.1499938964844,0.0,-0.0,290.9602966308594,0.0,0.0,2.694180328052104e-13,297.7701721191406,303.1499938964844,285.1499938964844,0.0,-0.0,290.9613647460937,0.0,0.0,1.989913225516893e-13,297.23358154296875,303.1499938964844,285.1499938964844,0.0,-0.0,290.9599304199219,0.0,0.0,2.694179514900475e-13,297.6597595214844,303.1499938964844,285.1499938964844,0.0,-0.0,290.9603576660156,0.0,0.0,1.2780023350353333e-12,290.9122009277344,294.1499938964844,280.5050964355469,279.7086181640625,282.3890075683594,280.7698059082031,290.3969421386719,0.0,0.0,0.0,0.0,1.0,1.0,1.5115428440154457e-12,1.3951846942417554e-17,-1.5115568302234705e-12,1.6194223696405774e-12,0.0,0.0,0.0,1.4551915228366852e-11,60.0,1.442861389477912e-06,-0.0,-5.066788513209878e-25,0.0,283.1443786621094,288.5085144042969,285.35308837890625,285.36309814453125,293.1499938964844,293.1499938964844,278.1499938964844,0.0,18000.0,313.1499938964844,0.0,18000.0,0.0,0.0,0.0,0.0,0.0,0.0,0.0,0.0,0.0,-0.0,-0.0,-0.0,-6.544322618950674e-21,-3.272161309475337e-21,-3.272161107526945e-21,0.0,0.0,-0.0,0.0,0.0,0.0,-0.0,0.0,0.0,0.0,0.0,0.0,4.0,0.0,0.0
12025140,297.2845153808594,303.1499938964844,285.1499938964844,0.0,-0.0,290.9596862792969,0.0,0.0,0.0,297.3314819335937,303.1499938964844,285.1499938964844,0.0,-0.0,290.9602966308594,0.0,0.0,0.0,297.76776123046875,303.1499938964844,285.1499938964844,0.0,-0.0,290.9613647460937,0.0,0.0,0.0,297.232177734375,303.1499938964844,285.1499938964844,0.0,-0.0,290.9599304199219,0.0,0.0,0.0,297.6588134765625,303.1499938964844,285.1499938964844,0.0,-0.0,290.9603576660156,0.0,0.0,0.0,290.9122009277344,294.1499938964844,280.52252197265625,279.7375183105469,282.3890075683594,280.7698059082031,290.3969421386719,0.0,0.0,0.0,0.0,1.0,1.0,-1.1996204810765798e-12,1.5993166566798366e-17,1.199604434884427e-12,-1.0360817022034283e-12,0.0,0.0,0.0,0.0,60.0,1.3346291325433413e-06,-0.0,-0.0,0.0,283.1443786621094,288.5085144042969,285.35308837890625,285.36309814453125,293.1499938964844,293.1499938964844,278.1499938964844,0.0,18000.0,313.1499938964844,0.0,18000.0,0.0,0.0,0.0,0.0,0.0,0.0,0.0,0.0,0.0,-0.0,-0.0,-0.0,-6.544322618950674e-21,-3.272161309475337e-21,-3.272161107526945e-21,0.0,0.0,-0.0,0.0,0.0,0.0,-0.0,0.0,0.0,0.0,0.0,0.0,4.0,0.0,0.0
12025200,297.2845153808594,303.1499938964844,285.1499938964844,0.0,-0.0,290.9596862792969,0.0,0.0,0.0,297.3314819335937,303.1499938964844,285.1499938964844,0.0,-0.0,290.9602966308594,0.0,0.0,0.0,297.76776123046875,303.1499938964844,285.1499938964844,0.0,-0.0,290.9613647460937,0.0,0.0,0.0,297.232177734375,303.1499938964844,285.1499938964844,0.0,-0.0,290.9599304199219,0.0,0.0,0.0,297.6588134765625,303.1499938964844,285.1499938964844,0.0,-0.0,290.9603576660156,0.0,0.0,0.0,290.9122009277344,294.1499938964844,280.52252197265625,279.7375183105469,282.3890075683594,280.7698059082031,290.3969421386719,0.0,0.0,0.0,0.0,1.0,1.0,-1.1996204810765798e-12,1.5993166566798366e-17,1.199604434884427e-12,-1.0360817022034283e-12,0.0,0.0,0.0,0.0,60.0,1.3346291325433413e-06,-0.0,-0.0,0.0,283.1443786621094,288.5085144042969,285.35308837890625,285.36309814453125,293.1499938964844,293.1499938964844,278.1499938964844,0.0,18000.0,313.1499938964844,0.0,18000.0,0.0,0.0,0.0,0.0,0.0,0.0,0.0,0.0,0.0,-0.0,-0.0,-0.0,-6.544322618950674e-21,-3.272161309475337e-21,-3.272161107526945e-21,0.0,0.0,-0.0,0.0,0.0,0.0,-0.0,0.0,0.0,0.0,0.0,0.0,4.0,0.0,0.0
12025260,297.2836608886719,303.1499938964844,285.1499938964844,0.0,-0.0,290.9596862792969,0.0,0.0,2.558457189594937e-13,297.3299865722656,303.1499938964844,285.1499938964844,0.0,-0.0,290.9602966308594,0.0,0.0,2.694180328052104e-13,297.7654113769531,303.1499938964844,285.1499938964844,0.0,-0.0,290.9613647460937,0.0,0.0,1.989913225516893e-13,297.2308654785156,303.1499938964844,285.1499938964844,0.0,-0.0,290.9599304199219,0.0,0.0,2.694179514900475e-13,297.65789794921875,303.1499938964844,285.1499938964844,0.0,-0.0,290.9603576660156,0.0,0.0,1.2780023350353333e-12,290.9122009277344,294.1499938964844,280.54010009765625,279.7674560546875,282.3890075683594,280.7698059082031,290.3969116210937,0.0,0.0,0.0,0.0,1.0,1.0,1.5115428440154457e-12,1.395184528805633e-17,-1.5115568302234705e-12,1.6194223696405774e-12,0.0,0.0,0.0,1.4551915228366852e-11,60.0,1.2428833997546462e-06,-0.0,-5.066788513209878e-25,0.0,283.1443786621094,288.5085144042969,285.35308837890625,285.36309814453125,293.1499938964844,293.1499938964844,278.1499938964844,0.0,18000.0,313.1499938964844,0.0,18000.0,0.0,0.0,0.0,0.0,0.0,0.0,0.0,0.0,0.0,-0.0,-0.0,-0.0,-6.544322618950674e-21,-3.272161309475337e-21,-3.272161107526945e-21,0.0,0.0,-0.0,0.0,0.0,0.0,-0.0,0.0,0.0,0.0,0.0,0.0,4.0,0.0,0.0
12025320,297.2836608886719,303.1499938964844,285.1499938964844,0.0,-0.0,290.9596862792969,0.0,0.0,2.558457189594937e-13,297.3299865722656,303.1499938964844,285.1499938964844,0.0,-0.0,290.9602966308594,0.0,0.0,2.694180328052104e-13,297.7654113769531,303.1499938964844,285.1499938964844,0.0,-0.0,290.9613647460937,0.0,0.0,1.989913225516893e-13,297.2308654785156,303.1499938964844,285.1499938964844,0.0,-0.0,290.9599304199219,0.0,0.0,2.694179514900475e-13,297.65789794921875,303.1499938964844,285.1499938964844,0.0,-0.0,290.9603576660156,0.0,0.0,1.2780023350353333e-12,290.9122009277344,294.1499938964844,280.54010009765625,279.7674560546875,282.3890075683594,280.7698059082031,290.3969116210937,0.0,0.0,0.0,0.0,1.0,1.0,1.5115428440154457e-12,1.395184528805633e-17,-1.5115568302234705e-12,1.6194223696405774e-12,0.0,0.0,0.0,1.4551915228366852e-11,60.0,1.2428833997546462e-06,-0.0,-5.066788513209878e-25,0.0,283.1443786621094,288.5085144042969,285.35308837890625,285.36309814453125,293.1499938964844,293.1499938964844,278.1499938964844,0.0,18000.0,313.1499938964844,0.0,18000.0,0.0,0.0,0.0,0.0,0.0,0.0,0.0,0.0,0.0,-0.0,-0.0,-0.0,-6.544322618950674e-21,-3.272161309475337e-21,-3.272161107526945e-21,0.0,0.0,-0.0,0.0,0.0,0.0,-0.0,0.0,0.0,0.0,0.0,0.0,4.0,0.0,0.0
12025380,297.2828674316406,303.1499938964844,285.1499938964844,0.0,-0.0,290.9596862792969,0.0,0.0,0.0,297.3285827636719,303.1499938964844,285.1499938964844,0.0,-0.0,290.9602966308594,0.0,0.0,0.0,297.7631225585937,303.1499938964844,285.1499938964844,0.0,-0.0,290.9613647460937,0.0,0.0,0.0,297.2296142578125,303.1499938964844,285.1499938964844,0.0,-0.0,290.9599304199219,0.0,0.0,0.0,297.6570129394531,303.1499938964844,285.1499938964844,0.0,-0.0,290.9603576660156,0.0,0.0,0.0,290.9122009277344,294.1499938964844,280.5578918457031,279.79833984375,282.3890075683594,280.7698059082031,290.3968811035156,0.0,0.0,0.0,0.0,1.0,1.0,-1.1996204810765798e-12,1.5993166566798366e-17,1.199604434884427e-12,-1.0360817022034283e-12,0.0,0.0,0.0,0.0,60.0,1.1540751074790023e-06,-0.0,-0.0,0.0,283.1443786621094,288.5085144042969,285.35308837890625,285.36309814453125,293.1499938964844,293.1499938964844,278.1499938964844,0.0,18000.0,313.1499938964844,0.0,18000.0,0.0,0.0,0.0,0.0,0.0,0.0,0.0,0.0,0.0,-0.0,-0.0,-0.0,-6.544322618950674e-21,-3.272161309475337e-21,-3.272161107526945e-21,0.0,0.0,-0.0,0.0,0.0,0.0,-0.0,0.0,0.0,0.0,0.0,0.0,4.0,0.0,0.0
12025440,297.2828674316406,303.1499938964844,285.1499938964844,0.0,-0.0,290.9596862792969,0.0,0.0,0.0,297.3285827636719,303.1499938964844,285.1499938964844,0.0,-0.0,290.9602966308594,0.0,0.0,0.0,297.7631225585937,303.1499938964844,285.1499938964844,0.0,-0.0,290.9613647460937,0.0,0.0,0.0,297.2296142578125,303.1499938964844,285.1499938964844,0.0,-0.0,290.9599304199219,0.0,0.0,0.0,297.6570129394531,303.1499938964844,285.1499938964844,0.0,-0.0,290.9603576660156,0.0,0.0,0.0,290.9122009277344,294.1499938964844,280.5578918457031,279.79833984375,282.3890075683594,280.7698059082031,290.3968811035156,0.0,0.0,0.0,0.0,1.0,1.0,-1.1996204810765798e-12,1.5993166566798366e-17,1.199604434884427e-12,-1.0360817022034283e-12,0.0,0.0,0.0,0.0,60.0,1.1540751074790023e-06,-0.0,-0.0,0.0,283.1443786621094,288.5085144042969,285.35308837890625,285.36309814453125,293.1499938964844,293.1499938964844,278.1499938964844,0.0,18000.0,313.1499938964844,0.0,18000.0,0.0,0.0,0.0,0.0,0.0,0.0,0.0,0.0,0.0,-0.0,-0.0,-0.0,-6.544322618950674e-21,-3.272161309475337e-21,-3.272161107526945e-21,0.0,0.0,-0.0,0.0,0.0,0.0,-0.0,0.0,0.0,0.0,0.0,0.0,4.0,0.0,0.0
12025500,297.2825012207031,303.1499938964844,285.1499938964844,0.0,-0.0,290.9596862792969,0.0,0.0,5.116914379189874e-13,297.327880859375,303.1499938964844,285.1499938964844,0.0,-0.0,290.9602966308594,0.0,0.0,5.388360656104207e-13,297.76202392578125,303.1499938964844,285.1499938964844,0.0,-0.0,290.9613647460937,0.0,0.0,3.979826451033786e-13,297.2290344238281,303.1499938964844,285.1499938964844,0.0,-0.0,290.9599304199219,0.0,0.0,5.38835902980095e-13,297.6565856933594,303.1499938964844,285.1499938964844,0.0,-0.0,290.9603576660156,0.0,0.0,2.5560046700706666e-12,290.9122009277344,294.1499938964844,280.5668640136719,279.8140869140625,282.3890075683594,280.7698059082031,290.3968811035156,0.0,0.0,0.0,0.0,1.0,1.0,1.5115428440154457e-12,1.395184528805633e-17,-1.5115568302234705e-12,1.6194223696405774e-12,0.0,0.0,0.0,2.9103830456733704e-11,60.0,1.111515416596376e-06,-0.0,-2.0267154052839512e-24,0.0,283.1443786621094,288.5085144042969,285.35308837890625,285.36309814453125,293.1499938964844,293.1499938964844,278.1499938964844,0.0,18000.0,313.1499938964844,0.0,18000.0,0.0,0.0,0.0,0.0,0.0,0.0,0.0,0.0,0.0,-0.0,-0.0,-0.0,-6.544322618950674e-21,-3.272161309475337e-21,-3.272161107526945e-21,0.0,0.0,-0.0,0.0,0.0,0.0,-0.0,0.0,0.0,0.0,0.0,0.0,4.0,0.0,0.0
12025560,297.2821655273437,303.1499938964844,285.1499938964844,0.0,-0.0,290.9596862792969,0.0,0.0,0.0,297.3272399902344,303.1499938964844,285.1499938964844,0.0,-0.0,290.9602966308594,0.0,0.0,0.0,297.76092529296875,303.1499938964844,285.1499938964844,0.0,-0.0,290.9613647460937,0.0,0.0,0.0,297.2284545898437,303.1499938964844,285.1499938964844,0.0,-0.0,290.9599304199219,0.0,0.0,0.0,297.6561889648437,303.1499938964844,285.1499938964844,0.0,-0.0,290.9603576660156,0.0,0.0,0.0,290.9122009277344,294.1499938964844,280.5758972167969,279.830078125,282.3890075683594,280.7698059082031,290.3968811035156,0.0,0.0,0.0,0.0,1.0,1.0,-1.1996204810765798e-12,1.5993166566798366e-17,1.199604434884427e-12,-1.0360817022034283e-12,0.0,0.0,0.0,0.0,60.0,1.0705269914979e-06,-0.0,-0.0,0.0,283.1443786621094,288.5085144042969,285.35308837890625,285.36309814453125,293.1499938964844,293.1499938964844,278.1499938964844,0.0,18000.0,313.1499938964844,0.0,18000.0,0.0,0.0,0.0,0.0,0.0,0.0,0.0,0.0,0.0,-0.0,-0.0,-0.0,-6.544322618950674e-21,-3.272161309475337e-21,-3.272161107526945e-21,0.0,0.0,-0.0,0.0,0.0,0.0,-0.0,0.0,0.0,0.0,0.0,0.0,4.0,0.0,0.0
12025620,297.28155517578125,303.1499938964844,285.1499938964844,0.0,-0.0,290.9596862792969,0.0,0.0,2.558457189594937e-13,297.3259582519531,303.1499938964844,285.1499938964844,0.0,-0.0,290.9602966308594,0.0,0.0,2.694180328052104e-13,297.7587890625,303.1499938964844,285.1499938964844,0.0,-0.0,290.9613647460937,0.0,0.0,1.989913225516893e-13,297.2273864746094,303.1499938964844,285.1499938964844,0.0,-0.0,290.9599304199219,0.0,0.0,2.694179514900475e-13,297.6553649902344,303.1499938964844,285.1499938964844,0.0,-0.0,290.9603576660156,0.0,0.0,1.2780023350353333e-12,290.9122009277344,294.1499938964844,280.5941772460937,279.8625793457031,282.3890075683594,280.7698059082031,290.3968505859375,0.0,0.0,0.0,0.0,1.0,1.0,1.5115428440154457e-12,1.395184528805633e-17,-1.5115568302234705e-12,1.6194223696405774e-12,0.0,0.0,0.0,1.4551915228366852e-11,60.0,9.93468688648136e-07,-0.0,-5.066788513209878e-25,0.0,283.1443786621094,288.5085144042969,285.35308837890625,285.36309814453125,293.1499938964844,293.1499938964844,278.1499938964844,0.0,18000.0,313.1499938964844,0.0,18000.0,0.0,0.0,0.0,0.0,0.0,0.0,0.0,0.0,0.0,-0.0,-0.0,-0.0,-6.544322618950674e-21,-3.272161309475337e-21,-3.272161107526945e-21,0.0,0.0,-0.0,0.0,0.0,0.0,-0.0,0.0,0.0,0.0,0.0,0.0,4.0,0.0,0.0
12025680,297.28155517578125,303.1499938964844,285.1499938964844,0.0,-0.0,290.9596862792969,0.0,0.0,2.558457189594937e-13,297.3259582519531,303.1499938964844,285.1499938964844,0.0,-0.0,290.9602966308594,0.0,0.0,2.694180328052104e-13,297.7587890625,303.1499938964844,285.1499938964844,0.0,-0.0,290.9613647460937,0.0,0.0,1.989913225516893e-13,297.2273864746094,303.1499938964844,285.1499938964844,0.0,-0.0,290.9599304199219,0.0,0.0,2.694179514900475e-13,297.6553649902344,303.1499938964844,285.1499938964844,0.0,-0.0,290.9603576660156,0.0,0.0,1.2780023350353333e-12,290.9122009277344,294.1499938964844,280.5941772460937,279.8625793457031,282.3890075683594,280.7698059082031,290.3968505859375,0.0,0.0,0.0,0.0,1.0,1.0,1.5115428440154457e-12,1.395184528805633e-17,-1.5115568302234705e-12,1.6194223696405774e-12,0.0,0.0,0.0,1.4551915228366852e-11,60.0,9.93468688648136e-07,-0.0,-5.066788513209878e-25,0.0,283.1443786621094,288.5085144042969,285.35308837890625,285.36309814453125,293.1499938964844,293.1499938964844,278.1499938964844,0.0,18000.0,313.1499938964844,0.0,18000.0,0.0,0.0,0.0,0.0,0.0,0.0,0.0,0.0,0.0,-0.0,-0.0,-0.0,-6.544322618950674e-21,-3.272161309475337e-21,-3.272161107526945e-21,0.0,0.0,-0.0,0.0,0.0,0.0,-0.0,0.0,0.0,0.0,0.0,0.0,4.0,0.0,0.0
12025740,297.28106689453125,303.1499938964844,285.1499938964844,0.0,-0.0,290.9596862792969,0.0,0.0,2.558457189594937e-13,297.32476806640625,303.1499938964844,285.1499938964844,0.0,-0.0,290.9602966308594,0.0,0.0,2.694180328052104e-13,297.7567138671875,303.1499938964844,285.1499938964844,0.0,-0.0,290.9613647460937,0.0,0.0,1.989913225516893e-13,297.2264404296875,303.1499938964844,285.1499938964844,0.0,-0.0,290.9599304199219,0.0,0.0,2.694179514900475e-13,297.65460205078125,303.1499938964844,285.1499938964844,0.0,-0.0,290.9603576660156,0.0,0.0,1.2780023350353333e-12,290.9122009277344,294.1499938964844,280.6127624511719,279.8957214355469,282.3890075683594,280.7698059082031,290.3968505859375,0.0,0.0,0.0,0.0,1.0,1.0,1.5115428440154457e-12,1.395184528805633e-17,-1.5115568302234705e-12,1.6194223696405774e-12,0.0,0.0,0.0,1.4551915228366852e-11,60.0,9.234240110345128e-07,-0.0,-5.066788513209878e-25,0.0,283.1443786621094,288.5085144042969,285.35308837890625,285.36309814453125,293.1499938964844,293.1499938964844,278.1499938964844,0.0,18000.0,313.1499938964844,0.0,18000.0,0.0,0.0,0.0,0.0,0.0,0.0,0.0,0.0,0.0,-0.0,-0.0,-0.0,-6.544322618950674e-21,-3.272161309475337e-21,-3.272161107526945e-21,0.0,0.0,-0.0,0.0,0.0,0.0,-0.0,0.0,0.0,0.0,0.0,0.0,4.0,0.0,0.0
12025800,297.28106689453125,303.1499938964844,285.1499938964844,0.0,-0.0,290.9596862792969,0.0,0.0,2.558457189594937e-13,297.32476806640625,303.1499938964844,285.1499938964844,0.0,-0.0,290.9602966308594,0.0,0.0,2.694180328052104e-13,297.7567138671875,303.1499938964844,285.1499938964844,0.0,-0.0,290.9613647460937,0.0,0.0,1.989913225516893e-13,297.2264404296875,303.1499938964844,285.1499938964844,0.0,-0.0,290.9599304199219,0.0,0.0,2.694179514900475e-13,297.65460205078125,303.1499938964844,285.1499938964844,0.0,-0.0,290.9603576660156,0.0,0.0,1.2780023350353333e-12,290.9122009277344,294.1499938964844,280.6127624511719,279.8957214355469,282.3890075683594,280.7698059082031,290.3968505859375,0.0,0.0,0.0,0.0,1.0,1.0,1.5115428440154457e-12,1.395184528805633e-17,-1.5115568302234705e-12,1.6194223696405774e-12,0.0,0.0,0.0,1.4551915228366852e-11,60.0,9.234240110345128e-07,-0.0,-5.066788513209878e-25,0.0,283.1443786621094,288.5085144042969,285.35308837890625,285.36309814453125,293.1499938964844,293.1499938964844,278.1499938964844,0.0,18000.0,313.1499938964844,0.0,18000.0,0.0,0.0,0.0,0.0,0.0,0.0,0.0,0.0,0.0,-0.0,-0.0,-0.0,-6.544322618950674e-21,-3.272161309475337e-21,-3.272161107526945e-21,0.0,0.0,-0.0,0.0,0.0,0.0,-0.0,0.0,0.0,0.0,0.0,0.0,4.0,0.0,0.0
12025860,297.28082275390625,303.1499938964844,285.1499938964844,0.0,-0.0,290.9596862792969,0.0,0.0,2.558457189594937e-13,297.3236389160156,303.1499938964844,285.1499938964844,0.0,-0.0,290.9602966308594,0.0,0.0,2.694180328052104e-13,297.7547302246094,303.1499938964844,285.1499938964844,0.0,-0.0,290.9613647460937,0.0,0.0,1.989913225516893e-13,297.22564697265625,303.1499938964844,285.1499938964844,0.0,-0.0,290.9599304199219,0.0,0.0,2.694179514900475e-13,297.6539001464844,303.1499938964844,285.1499938964844,0.0,-0.0,290.9603576660156,0.0,0.0,1.2780023350353333e-12,290.9122009277344,294.1499938964844,280.63165283203125,279.9294738769531,282.3890075683594,280.7698059082031,290.3968200683594,0.0,0.0,0.0,0.0,1.0,1.0,1.5115428440154457e-12,1.395184528805633e-17,-1.5115568302234705e-12,1.6194223696405774e-12,0.0,0.0,0.0,1.4551915228366852e-11,60.0,8.56089116041403e-07,-0.0,-5.066788513209878e-25,0.0,283.1443786621094,288.5085144042969,285.35308837890625,285.36309814453125,293.1499938964844,293.1499938964844,278.1499938964844,0.0,18000.0,313.1499938964844,0.0,18000.0,0.0,0.0,0.0,0.0,0.0,0.0,0.0,0.0,0.0,-0.0,-0.0,-0.0,-6.544322618950674e-21,-3.272161309475337e-21,-3.272161107526945e-21,0.0,0.0,-0.0,0.0,0.0,0.0,-0.0,0.0,0.0,0.0,0.0,0.0,4.0,0.0,0.0
12025920,297.28082275390625,303.1499938964844,285.1499938964844,0.0,-0.0,290.9596862792969,0.0,0.0,2.558457189594937e-13,297.3236389160156,303.1499938964844,285.1499938964844,0.0,-0.0,290.9602966308594,0.0,0.0,2.694180328052104e-13,297.7547302246094,303.1499938964844,285.1499938964844,0.0,-0.0,290.9613647460937,0.0,0.0,1.989913225516893e-13,297.22564697265625,303.1499938964844,285.1499938964844,0.0,-0.0,290.9599304199219,0.0,0.0,2.694179514900475e-13,297.6539001464844,303.1499938964844,285.1499938964844,0.0,-0.0,290.9603576660156,0.0,0.0,1.2780023350353333e-12,290.9122009277344,294.1499938964844,280.63165283203125,279.9294738769531,282.3890075683594,280.7698059082031,290.3968200683594,0.0,0.0,0.0,0.0,1.0,1.0,1.5115428440154457e-12,1.395184528805633e-17,-1.5115568302234705e-12,1.6194223696405774e-12,0.0,0.0,0.0,1.4551915228366852e-11,60.0,8.56089116041403e-07,-0.0,-5.066788513209878e-25,0.0,283.1443786621094,288.5085144042969,285.35308837890625,285.36309814453125,293.1499938964844,293.1499938964844,278.1499938964844,0.0,18000.0,313.1499938964844,0.0,18000.0,0.0,0.0,0.0,0.0,0.0,0.0,0.0,0.0,0.0,-0.0,-0.0,-0.0,-6.544322618950674e-21,-3.272161309475337e-21,-3.272161107526945e-21,0.0,0.0,-0.0,0.0,0.0,0.0,-0.0,0.0,0.0,0.0,0.0,0.0,4.0,0.0,0.0
12025980,297.2808532714844,303.1499938964844,285.1499938964844,0.0,-0.0,290.9596862792969,0.0,0.0,2.558457189594937e-13,297.3226013183594,303.1499938964844,285.1499938964844,0.0,-0.0,290.9602966308594,0.0,0.0,2.694180328052104e-13,297.7528076171875,303.1499938964844,285.1499938964844,0.0,-0.0,290.9613647460937,0.0,0.0,1.989913225516893e-13,297.2250366210937,303.1499938964844,285.1499938964844,0.0,-0.0,290.9599304199219,0.0,0.0,2.694179514900475e-13,297.6532592773437,303.1499938964844,285.1499938964844,0.0,-0.0,290.9603576660156,0.0,0.0,1.2780023350353333e-12,290.9122009277344,294.1499938964844,280.65093994140625,279.9636535644531,282.3890075683594,280.7698059082031,290.3968200683594,0.0,0.0,0.0,0.0,1.0,1.0,4.222706385947905e-12,1.191052649085613e-17,-4.222718095331368e-12,4.274926333064366e-12,0.0,0.0,0.0,1.4551915228366852e-11,60.0,7.939460715533642e-07,-0.0,-5.066788513209878e-25,0.0,283.1443786621094,288.5085144042969,285.35308837890625,285.36309814453125,293.1499938964844,293.1499938964844,278.1499938964844,0.0,18000.0,313.1499938964844,0.0,18000.0,0.0,0.0,0.0,0.0,0.0,0.0,0.0,0.0,0.0,-0.0,-0.0,-0.0,-6.544322618950674e-21,-3.272161309475337e-21,-3.272161107526945e-21,0.0,0.0,-0.0,0.0,0.0,0.0,-0.0,0.0,0.0,0.0,0.0,0.0,4.0,0.0,0.0
12026040,297.2808532714844,303.1499938964844,285.1499938964844,0.0,-0.0,290.9596862792969,0.0,0.0,2.558457189594937e-13,297.3226013183594,303.1499938964844,285.1499938964844,0.0,-0.0,290.9602966308594,0.0,0.0,2.694180328052104e-13,297.7528076171875,303.1499938964844,285.1499938964844,0.0,-0.0,290.9613647460937,0.0,0.0,1.989913225516893e-13,297.2250366210937,303.1499938964844,285.1499938964844,0.0,-0.0,290.9599304199219,0.0,0.0,2.694179514900475e-13,297.6532592773437,303.1499938964844,285.1499938964844,0.0,-0.0,290.9603576660156,0.0,0.0,1.2780023350353333e-12,290.9122009277344,294.1499938964844,280.65093994140625,279.9636535644531,282.3890075683594,280.7698059082031,290.3968200683594,0.0,0.0,0.0,0.0,1.0,1.0,4.222706385947905e-12,1.191052649085613e-17,-4.222718095331368e-12,4.274926333064366e-12,0.0,0.0,0.0,1.4551915228366852e-11,60.0,7.939460715533642e-07,-0.0,-5.066788513209878e-25,0.0,283.1443786621094,288.5085144042969,285.35308837890625,285.36309814453125,293.1499938964844,293.1499938964844,278.1499938964844,0.0,18000.0,313.1499938964844,0.0,18000.0,0.0,0.0,0.0,0.0,0.0,0.0,0.0,0.0,0.0,-0.0,-0.0,-0.0,-6.544322618950674e-21,-3.272161309475337e-21,-3.272161107526945e-21,0.0,0.0,-0.0,0.0,0.0,0.0,-0.0,0.0,0.0,0.0,0.0,0.0,4.0,0.0,0.0
12026100,297.2810363769531,303.1499938964844,285.1499938964844,0.0,-0.0,290.9596862792969,0.0,0.0,2.558457189594937e-13,297.32208251953125,303.1499938964844,285.1499938964844,0.0,-0.0,290.9602966308594,0.0,0.0,2.694180328052104e-13,297.7518920898437,303.1499938964844,285.1499938964844,0.0,-0.0,290.9613647460937,0.0,0.0,1.989913225516893e-13,297.224853515625,303.1499938964844,285.1499938964844,0.0,-0.0,290.9599304199219,0.0,0.0,2.694179514900475e-13,297.6529541015625,303.1499938964844,285.1499938964844,0.0,-0.0,290.9603576660156,0.0,0.0,1.2780023350353333e-12,290.9122009277344,294.1499938964844,280.66070556640625,279.9808959960937,282.3890075683594,280.7698059082031,290.3968200683594,0.0,0.0,0.0,0.0,1.0,1.0,1.5115428440154457e-12,1.395184528805633e-17,-1.5115568302234705e-12,1.6194223696405774e-12,0.0,0.0,0.0,1.4551915228366852e-11,60.0,7.648670816706726e-07,-0.0,-5.066788513209878e-25,0.0,283.1443786621094,288.5085144042969,285.35308837890625,285.36309814453125,293.1499938964844,293.1499938964844,278.1499938964844,0.0,18000.0,313.1499938964844,0.0,18000.0,0.0,0.0,0.0,0.0,0.0,0.0,0.0,0.0,0.0,-0.0,-0.0,-0.0,-6.544322618950674e-21,-3.272161309475337e-21,-3.272161107526945e-21,0.0,0.0,-0.0,0.0,0.0,0.0,-0.0,0.0,0.0,0.0,0.0,0.0,4.0,0.0,0.0
12026160,297.2812805175781,303.1499938964844,285.1499938964844,0.0,-0.0,290.9596862792969,0.0,0.0,2.558457189594937e-13,297.3216247558594,303.1499938964844,285.1499938964844,0.0,-0.0,290.9602966308594,0.0,0.0,2.694180328052104e-13,297.7509765625,303.1499938964844,285.1499938964844,0.0,-0.0,290.9613647460937,0.0,0.0,1.989913225516893e-13,297.2247009277344,303.1499938964844,285.1499938964844,0.0,-0.0,290.9599304199219,0.0,0.0,2.694179514900475e-13,297.6526794433594,303.1499938964844,285.1499938964844,0.0,-0.0,290.9603576660156,0.0,0.0,1.2780023350353333e-12,290.9122009277344,294.1499938964844,280.67059326171875,279.99822998046875,282.3890075683594,280.7698059082031,290.39678955078125,0.0,0.0,0.0,0.0,1.0,1.0,1.5115428440154457e-12,1.395184528805633e-17,-1.5115568302234705e-12,1.6194223696405774e-12,0.0,0.0,0.0,1.4551915228366852e-11,60.0,7.368810770458367e-07,-0.0,-5.066788513209878e-25,0.0,283.1443786621094,288.5085144042969,285.35308837890625,285.36309814453125,293.1499938964844,293.1499938964844,278.1499938964844,0.0,18000.0,313.1499938964844,0.0,18000.0,0.0,0.0,0.0,0.0,0.0,0.0,0.0,0.0,0.0,-0.0,-0.0,-0.0,-6.544322618950674e-21,-3.272161309475337e-21,-3.272161107526945e-21,0.0,0.0,-0.0,0.0,0.0,0.0,-0.0,0.0,0.0,0.0,0.0,0.0,4.0,0.0,0.0
12026220,297.2820129394531,303.1499938964844,285.1499938964844,0.0,-0.0,290.9596862792969,0.0,0.0,0.0,297.3207397460937,303.1499938964844,285.1499938964844,0.0,-0.0,290.9602966308594,0.0,0.0,0.0,297.7492370605469,303.1499938964844,285.1499938964844,0.0,-0.0,290.9613647460937,0.0,0.0,0.0,297.2245788574219,303.1499938964844,285.1499938964844,0.0,-0.0,290.9599304199219,0.0,0.0,0.0,297.6522216796875,303.1499938964844,285.1499938964844,0.0,-0.0,290.9603576660156,0.0,0.0,0.0,290.9122009277344,294.1499938964844,280.6907043457031,280.0330810546875,282.3890075683594,280.7698059082031,290.39678955078125,0.0,0.0,0.0,0.0,1.0,1.0,-1.1996204810765798e-12,1.5993164912437138e-17,1.199604434884427e-12,-1.0360817022034283e-12,0.0,0.0,0.0,0.0,60.0,6.847574240964605e-07,-0.0,-0.0,0.0,283.1443786621094,288.5085144042969,285.35308837890625,285.36309814453125,293.1499938964844,293.1499938964844,278.1499938964844,0.0,18000.0,313.1499938964844,0.0,18000.0,0.0,0.0,0.0,0.0,0.0,0.0,0.0,0.0,0.0,-0.0,-0.0,-0.0,-6.544322618950674e-21,-3.272161309475337e-21,-3.272161107526945e-21,0.0,0.0,-0.0,0.0,0.0,0.0,-0.0,0.0,0.0,0.0,0.0,0.0,4.0,0.0,0.0
12026280,297.2820129394531,303.1499938964844,285.1499938964844,0.0,-0.0,290.9596862792969,0.0,0.0,0.0,297.3207397460937,303.1499938964844,285.1499938964844,0.0,-0.0,290.9602966308594,0.0,0.0,0.0,297.7492370605469,303.1499938964844,285.1499938964844,0.0,-0.0,290.9613647460937,0.0,0.0,0.0,297.2245788574219,303.1499938964844,285.1499938964844,0.0,-0.0,290.9599304199219,0.0,0.0,0.0,297.6522216796875,303.1499938964844,285.1499938964844,0.0,-0.0,290.9603576660156,0.0,0.0,0.0,290.9122009277344,294.1499938964844,280.6907043457031,280.0330810546875,282.3890075683594,280.7698059082031,290.39678955078125,0.0,0.0,0.0,0.0,1.0,1.0,-1.1996204810765798e-12,1.5993164912437138e-17,1.199604434884427e-12,-1.0360817022034283e-12,0.0,0.0,0.0,0.0,60.0,6.847574240964605e-07,-0.0,-0.0,0.0,283.1443786621094,288.5085144042969,285.35308837890625,285.36309814453125,293.1499938964844,293.1499938964844,278.1499938964844,0.0,18000.0,313.1499938964844,0.0,18000.0,0.0,0.0,0.0,0.0,0.0,0.0,0.0,0.0,0.0,-0.0,-0.0,-0.0,-6.544322618950674e-21,-3.272161309475337e-21,-3.272161107526945e-21,0.0,0.0,-0.0,0.0,0.0,0.0,-0.0,0.0,0.0,0.0,0.0,0.0,4.0,0.0,0.0
12026340,297.28302001953125,303.1499938964844,285.1499938964844,0.0,-0.0,290.9596862792969,0.0,0.0,2.558457189594937e-13,297.3199768066406,303.1499938964844,285.1499938964844,0.0,-0.0,290.9602966308594,0.0,0.0,2.694180328052104e-13,297.74755859375,303.1499938964844,285.1499938964844,0.0,-0.0,290.9613647460937,0.0,0.0,1.989913225516893e-13,297.2246398925781,303.1499938964844,285.1499938964844,0.0,-0.0,290.9599304199219,0.0,0.0,2.694179514900475e-13,297.6518249511719,303.1499938964844,285.1499938964844,0.0,-0.0,290.9603576660156,0.0,0.0,1.2780023350353333e-12,290.9122009277344,294.1499938964844,280.7112731933594,280.068115234375,282.3890075683594,280.7698059082031,290.39678955078125,0.0,0.0,0.0,0.0,1.0,1.0,1.5115428440154457e-12,1.395184528805633e-17,-1.5115568302234705e-12,1.6194223696405774e-12,0.0,0.0,0.0,1.4551915228366852e-11,60.0,6.361405553434452e-07,-0.0,-5.066788513209878e-25,0.0,283.1443786621094,288.5085144042969,285.35308837890625,285.36309814453125,293.1499938964844,293.1499938964844,278.1499938964844,0.0,18000.0,313.1499938964844,0.0,18000.0,0.0,0.0,0.0,0.0,0.0,0.0,0.0,0.0,0.0,-0.0,-0.0,-0.0,-6.544322618950674e-21,-3.272161309475337e-21,-3.272161107526945e-21,0.0,0.0,-0.0,0.0,0.0,0.0,-0.0,0.0,0.0,0.0,0.0,0.0,4.0,0.0,0.0
12026400,297.28302001953125,303.1499938964844,285.1499938964844,0.0,-0.0,290.9596862792969,0.0,0.0,2.558457189594937e-13,297.3199768066406,303.1499938964844,285.1499938964844,0.0,-0.0,290.9602966308594,0.0,0.0,2.694180328052104e-13,297.74755859375,303.1499938964844,285.1499938964844,0.0,-0.0,290.9613647460937,0.0,0.0,1.989913225516893e-13,297.2246398925781,303.1499938964844,285.1499938964844,0.0,-0.0,290.9599304199219,0.0,0.0,2.694179514900475e-13,297.6518249511719,303.1499938964844,285.1499938964844,0.0,-0.0,290.9603576660156,0.0,0.0,1.2780023350353333e-12,290.9122009277344,294.1499938964844,280.7112731933594,280.068115234375,282.3890075683594,280.7698059082031,290.39678955078125,0.0,0.0,0.0,0.0,1.0,1.0,1.5115428440154457e-12,1.395184528805633e-17,-1.5115568302234705e-12,1.6194223696405774e-12,0.0,0.0,0.0,1.4551915228366852e-11,60.0,6.361405553434452e-07,-0.0,-5.066788513209878e-25,0.0,283.1443786621094,288.5085144042969,285.35308837890625,285.36309814453125,293.1499938964844,293.1499938964844,278.1499938964844,0.0,18000.0,313.1499938964844,0.0,18000.0,0.0,0.0,0.0,0.0,0.0,0.0,0.0,0.0,0.0,-0.0,-0.0,-0.0,-6.544322618950674e-21,-3.272161309475337e-21,-3.272161107526945e-21,0.0,0.0,-0.0,0.0,0.0,0.0,-0.0,0.0,0.0,0.0,0.0,0.0,4.0,0.0,0.0
12026460,297.2843017578125,303.1499938964844,285.1499938964844,0.0,-0.0,290.9596862792969,0.0,0.0,2.558457189594937e-13,297.3192749023437,303.1499938964844,285.1499938964844,0.0,-0.0,290.9602966308594,0.0,0.0,2.694180328052104e-13,297.7460021972656,303.1499938964844,285.1499938964844,0.0,-0.0,290.9613647460937,0.0,0.0,1.989913225516893e-13,297.2248840332031,303.1499938964844,285.1499938964844,0.0,-0.0,290.9599304199219,0.0,0.0,2.694179514900475e-13,297.65155029296875,303.1499938964844,285.1499938964844,0.0,-0.0,290.9603576660156,0.0,0.0,1.2780023350353333e-12,290.9122009277344,294.1499938964844,280.7323303222656,280.1032409667969,282.3890075683594,280.7698059082031,290.3967590332031,0.0,0.0,0.0,0.0,1.0,1.0,1.5115428440154457e-12,1.395184528805633e-17,-1.5115568302234705e-12,1.6194223696405774e-12,0.0,0.0,0.0,1.4551915228366852e-11,60.0,5.901652002648916e-07,-0.0,-5.066788513209878e-25,0.0,283.1443786621094,288.5085144042969,285.35308837890625,285.36309814453125,293.1499938964844,293.1499938964844,278.1499938964844,0.0,18000.0,313.1499938964844,0.0,18000.0,0.0,0.0,0.0,0.0,0.0,0.0,0.0,0.0,0.0,-0.0,-0.0,-0.0,-6.544322618950674e-21,-3.272161309475337e-21,-3.272161107526945e-21,0.0,0.0,-0.0,0.0,0.0,0.0,-0.0,0.0,0.0,0.0,0.0,0.0,4.0,0.0,0.0
12026520,297.2843017578125,303.1499938964844,285.1499938964844,0.0,-0.0,290.9596862792969,0.0,0.0,2.558457189594937e-13,297.3192749023437,303.1499938964844,285.1499938964844,0.0,-0.0,290.9602966308594,0.0,0.0,2.694180328052104e-13,297.7460021972656,303.1499938964844,285.1499938964844,0.0,-0.0,290.9613647460937,0.0,0.0,1.989913225516893e-13,297.2248840332031,303.1499938964844,285.1499938964844,0.0,-0.0,290.9599304199219,0.0,0.0,2.694179514900475e-13,297.65155029296875,303.1499938964844,285.1499938964844,0.0,-0.0,290.9603576660156,0.0,0.0,1.2780023350353333e-12,290.9122009277344,294.1499938964844,280.7323303222656,280.1032409667969,282.3890075683594,280.7698059082031,290.3967590332031,0.0,0.0,0.0,0.0,1.0,1.0,1.5115428440154457e-12,1.395184528805633e-17,-1.5115568302234705e-12,1.6194223696405774e-12,0.0,0.0,0.0,1.4551915228366852e-11,60.0,5.901652002648916e-07,-0.0,-5.066788513209878e-25,0.0,283.1443786621094,288.5085144042969,285.35308837890625,285.36309814453125,293.1499938964844,293.1499938964844,278.1499938964844,0.0,18000.0,313.1499938964844,0.0,18000.0,0.0,0.0,0.0,0.0,0.0,0.0,0.0,0.0,0.0,-0.0,-0.0,-0.0,-6.544322618950674e-21,-3.272161309475337e-21,-3.272161107526945e-21,0.0,0.0,-0.0,0.0,0.0,0.0,-0.0,0.0,0.0,0.0,0.0,0.0,4.0,0.0,0.0
12026580,297.285888671875,303.1499938964844,285.1499938964844,0.0,-0.0,290.9596862792969,0.0,0.0,0.0,297.3186950683594,303.1499938964844,285.1499938964844,0.0,-0.0,290.9602966308594,0.0,0.0,0.0,297.7445373535156,303.1499938964844,285.1499938964844,0.0,-0.0,290.9613647460937,0.0,0.0,0.0,297.225341796875,303.1499938964844,285.1499938964844,0.0,-0.0,290.9599304199219,0.0,0.0,0.0,297.6513366699219,303.1499938964844,285.1499938964844,0.0,-0.0,290.9603576660156,0.0,0.0,0.0,290.9122009277344,294.1499938964844,280.7539367675781,280.1383361816406,282.3890075683594,280.7698059082031,290.3967590332031,0.0,0.0,0.0,0.0,1.0,1.0,-1.1996204810765798e-12,1.5993164912437138e-17,1.199604434884427e-12,-1.0360817022034283e-12,0.0,0.0,0.0,0.0,60.0,5.483342420120607e-07,-0.0,-0.0,0.0,283.1443786621094,288.5085144042969,285.35308837890625,285.36309814453125,293.1499938964844,293.1499938964844,278.1499938964844,0.0,18000.0,313.1499938964844,0.0,18000.0,0.0,0.0,0.0,0.0,0.0,0.0,0.0,0.0,0.0,-0.0,-0.0,-0.0,-6.544322618950674e-21,-3.272161309475337e-21,-3.272161107526945e-21,0.0,0.0,-0.0,0.0,0.0,0.0,-0.0,0.0,0.0,0.0,0.0,0.0,4.0,0.0,0.0
12026640,297.285888671875,303.1499938964844,285.1499938964844,0.0,-0.0,290.9596862792969,0.0,0.0,0.0,297.3186950683594,303.1499938964844,285.1499938964844,0.0,-0.0,290.9602966308594,0.0,0.0,0.0,297.7445373535156,303.1499938964844,285.1499938964844,0.0,-0.0,290.9613647460937,0.0,0.0,0.0,297.225341796875,303.1499938964844,285.1499938964844,0.0,-0.0,290.9599304199219,0.0,0.0,0.0,297.6513366699219,303.1499938964844,285.1499938964844,0.0,-0.0,290.9603576660156,0.0,0.0,0.0,290.9122009277344,294.1499938964844,280.7539367675781,280.1383361816406,282.3890075683594,280.7698059082031,290.3967590332031,0.0,0.0,0.0,0.0,1.0,1.0,-1.1996204810765798e-12,1.5993164912437138e-17,1.199604434884427e-12,-1.0360817022034283e-12,0.0,0.0,0.0,0.0,60.0,5.483342420120607e-07,-0.0,-0.0,0.0,283.1443786621094,288.5085144042969,285.35308837890625,285.36309814453125,293.1499938964844,293.1499938964844,278.1499938964844,0.0,18000.0,313.1499938964844,0.0,18000.0,0.0,0.0,0.0,0.0,0.0,0.0,0.0,0.0,0.0,-0.0,-0.0,-0.0,-6.544322618950674e-21,-3.272161309475337e-21,-3.272161107526945e-21,0.0,0.0,-0.0,0.0,0.0,0.0,-0.0,0.0,0.0,0.0,0.0,0.0,4.0,0.0,0.0
12026700,297.2867736816406,303.1499938964844,285.1499938964844,0.0,-0.0,290.9596862792969,0.0,0.0,5.116914379189874e-13,297.31842041015625,303.1499938964844,285.1499938964844,0.0,-0.0,290.9602966308594,0.0,0.0,5.388360656104207e-13,297.7438049316406,303.1499938964844,285.1499938964844,0.0,-0.0,290.9613647460937,0.0,0.0,3.979826451033786e-13,297.2256164550781,303.1499938964844,285.1499938964844,0.0,-0.0,290.9599304199219,0.0,0.0,5.38835902980095e-13,297.6512756347656,303.1499938964844,285.1499938964844,0.0,-0.0,290.9603576660156,0.0,0.0,2.5560046700706666e-12,290.9122009277344,294.1499938964844,280.76495361328125,280.1558532714844,282.3890075683594,280.7698059082031,290.3967590332031,0.0,0.0,0.0,0.0,1.0,1.0,1.5672000372793369e-12,1.4570258748890774e-17,-1.5672146740086657e-12,-6.205422325078133e-14,0.0,0.0,0.0,1.4551915228366852e-11,60.0,5.279310926198377e-07,-0.0,-2.0267154052839512e-24,0.0,283.1443786621094,288.5085144042969,285.35308837890625,285.36309814453125,293.1499938964844,293.1499938964844,278.1499938964844,0.0,18000.0,313.1499938964844,0.0,18000.0,0.0,0.0,0.0,0.0,0.0,0.0,0.0,0.0,0.0,-0.0,-0.0,-0.0,-6.544322618950674e-21,-3.272161309475337e-21,-3.272161107526945e-21,0.0,0.0,-0.0,0.0,0.0,0.0,-0.0,0.0,0.0,0.0,0.0,0.0,4.0,0.0,0.0
12026760,297.2877197265625,303.1499938964844,285.1499938964844,0.0,-0.0,290.9596862792969,0.0,0.0,2.558457189594937e-13,297.3182067871094,303.1499938964844,285.1499938964844,0.0,-0.0,290.9602966308594,0.0,0.0,2.694180328052104e-13,297.7431335449219,303.1499938964844,285.1499938964844,0.0,-0.0,290.9613647460937,0.0,0.0,1.989913225516893e-13,297.2259521484375,303.1499938964844,285.1499938964844,0.0,-0.0,290.9599304199219,0.0,0.0,2.694179514900475e-13,297.6512451171875,303.1499938964844,285.1499938964844,0.0,-0.0,290.9603576660156,0.0,0.0,1.2780023350353333e-12,290.9122009277344,294.1499938964844,280.7760925292969,280.1733093261719,282.3890075683594,280.7698059082031,290.3967590332031,0.0,0.0,0.0,0.0,1.0,1.0,1.5115428440154457e-12,1.395184528805633e-17,-1.5115568302234705e-12,1.6194223696405774e-12,0.0,0.0,0.0,1.4551915228366852e-11,60.0,5.078695153315493e-07,-0.0,-5.066788513209878e-25,0.0,283.1443786621094,288.5085144042969,285.35308837890625,285.36309814453125,293.1499938964844,293.1499938964844,278.1499938964844,0.0,18000.0,313.1499938964844,0.0,18000.0,0.0,0.0,0.0,0.0,0.0,0.0,0.0,0.0,0.0,-0.0,-0.0,-0.0,-6.544322618950674e-21,-3.272161309475337e-21,-3.272161107526945e-21,0.0,0.0,-0.0,0.0,0.0,0.0,-0.0,0.0,0.0,0.0,0.0,0.0,4.0,0.0,0.0
12026820,297.28985595703125,303.1499938964844,285.1499938964844,0.0,-0.0,290.9596862792969,0.0,0.0,2.558457189594937e-13,297.3177795410156,303.1499938964844,285.1499938964844,0.0,-0.0,290.9602966308594,0.0,0.0,2.694180328052104e-13,297.7418212890625,303.1499938964844,285.1499938964844,0.0,-0.0,290.9613647460937,0.0,0.0,1.989913225516893e-13,297.22674560546875,303.1499938964844,285.1499938964844,0.0,-0.0,290.9599304199219,0.0,0.0,2.694179514900475e-13,297.6512451171875,303.1499938964844,285.1499938964844,0.0,-0.0,290.9603576660156,0.0,0.0,1.2780023350353333e-12,290.9122009277344,294.1499938964844,280.7988586425781,280.2080993652344,282.3890075683594,280.7698059082031,290.3967590332031,0.0,0.0,0.0,0.0,1.0,1.0,1.5115428440154457e-12,1.395184528805633e-17,-1.5115568302234705e-12,1.6194223696405774e-12,0.0,0.0,0.0,1.4551915228366852e-11,60.0,4.7111657863752043e-07,-0.0,-5.066788513209878e-25,0.0,283.1443786621094,288.5085144042969,285.35308837890625,285.36309814453125,293.1499938964844,293.1499938964844,278.1499938964844,0.0,18000.0,313.1499938964844,0.0,18000.0,0.0,0.0,0.0,0.0,0.0,0.0,0.0,0.0,0.0,-0.0,-0.0,-0.0,-6.544322618950674e-21,-3.272161309475337e-21,-3.272161107526945e-21,0.0,0.0,-0.0,0.0,0.0,0.0,-0.0,0.0,0.0,0.0,0.0,0.0,4.0,0.0,0.0
12026880,297.28985595703125,303.1499938964844,285.1499938964844,0.0,-0.0,290.9596862792969,0.0,0.0,2.558457189594937e-13,297.3177795410156,303.1499938964844,285.1499938964844,0.0,-0.0,290.9602966308594,0.0,0.0,2.694180328052104e-13,297.7418212890625,303.1499938964844,285.1499938964844,0.0,-0.0,290.9613647460937,0.0,0.0,1.989913225516893e-13,297.22674560546875,303.1499938964844,285.1499938964844,0.0,-0.0,290.9599304199219,0.0,0.0,2.694179514900475e-13,297.6512451171875,303.1499938964844,285.1499938964844,0.0,-0.0,290.9603576660156,0.0,0.0,1.2780023350353333e-12,290.9122009277344,294.1499938964844,280.7988586425781,280.2080993652344,282.3890075683594,280.7698059082031,290.3967590332031,0.0,0.0,0.0,0.0,1.0,1.0,1.5115428440154457e-12,1.395184528805633e-17,-1.5115568302234705e-12,1.6194223696405774e-12,0.0,0.0,0.0,1.4551915228366852e-11,60.0,4.7111657863752043e-07,-0.0,-5.066788513209878e-25,0.0,283.1443786621094,288.5085144042969,285.35308837890625,285.36309814453125,293.1499938964844,293.1499938964844,278.1499938964844,0.0,18000.0,313.1499938964844,0.0,18000.0,0.0,0.0,0.0,0.0,0.0,0.0,0.0,0.0,0.0,-0.0,-0.0,-0.0,-6.544322618950674e-21,-3.272161309475337e-21,-3.272161107526945e-21,0.0,0.0,-0.0,0.0,0.0,0.0,-0.0,0.0,0.0,0.0,0.0,0.0,4.0,0.0,0.0
12026940,297.29229736328125,303.1499938964844,285.1499938964844,0.0,-0.0,290.9596862792969,0.0,0.0,2.558457189594937e-13,297.3174743652344,303.1499938964844,285.1499938964844,0.0,-0.0,290.9602966308594,0.0,0.0,2.694180328052104e-13,297.7406005859375,303.1499938964844,285.1499938964844,0.0,-0.0,290.9613647460937,0.0,0.0,1.989913225516893e-13,297.22772216796875,303.1499938964844,285.1499938964844,0.0,-0.0,290.9599304199219,0.0,0.0,2.694179514900475e-13,297.6513061523437,303.1499938964844,285.1499938964844,0.0,-0.0,290.9603576660156,0.0,0.0,1.2780023350353333e-12,290.9122009277344,294.1499938964844,280.822265625,280.2425842285156,282.3890075683594,280.7698059082031,290.396728515625,0.0,0.0,0.0,0.0,1.0,1.0,1.5115428440154457e-12,1.395184528805633e-17,-1.5115568302234705e-12,1.6194223696405774e-12,0.0,0.0,0.0,1.4551915228366852e-11,60.0,4.379386950859044e-07,-0.0,-5.066788513209878e-25,0.0,283.1443786621094,288.5085144042969,285.35308837890625,285.36309814453125,293.1499938964844,293.1499938964844,278.1499938964844,0.0,18000.0,313.1499938964844,0.0,18000.0,0.0,0.0,0.0,0.0,0.0,0.0,0.0,0.0,0.0,-0.0,-0.0,-0.0,-6.544322618950674e-21,-3.272161309475337e-21,-3.272161107526945e-21,0.0,0.0,-0.0,0.0,0.0,0.0,-0.0,0.0,0.0,0.0,0.0,0.0,4.0,0.0,0.0
12027000,297.29229736328125,303.1499938964844,285.1499938964844,0.0,-0.0,290.9596862792969,0.0,0.0,2.558457189594937e-13,297.3174743652344,303.1499938964844,285.1499938964844,0.0,-0.0,290.9602966308594,0.0,0.0,2.694180328052104e-13,297.7406005859375,303.1499938964844,285.1499938964844,0.0,-0.0,290.9613647460937,0.0,0.0,1.989913225516893e-13,297.22772216796875,303.1499938964844,285.1499938964844,0.0,-0.0,290.9599304199219,0.0,0.0,2.694179514900475e-13,297.6513061523437,303.1499938964844,285.1499938964844,0.0,-0.0,290.9603576660156,0.0,0.0,1.2780023350353333e-12,290.9122009277344,294.1499938964844,280.822265625,280.2425842285156,282.3890075683594,280.7698059082031,290.396728515625,0.0,0.0,0.0,0.0,1.0,1.0,1.5115428440154457e-12,1.395184528805633e-17,-1.5115568302234705e-12,1.6194223696405774e-12,0.0,0.0,0.0,1.4551915228366852e-11,60.0,4.379386950859044e-07,-0.0,-5.066788513209878e-25,0.0,283.1443786621094,288.5085144042969,285.35308837890625,285.36309814453125,293.1499938964844,293.1499938964844,278.1499938964844,0.0,18000.0,313.1499938964844,0.0,18000.0,0.0,0.0,0.0,0.0,0.0,0.0,0.0,0.0,0.0,-0.0,-0.0,-0.0,-6.544322618950674e-21,-3.272161309475337e-21,-3.272161107526945e-21,0.0,0.0,-0.0,0.0,0.0,0.0,-0.0,0.0,0.0,0.0,0.0,0.0,4.0,0.0,0.0
12027060,297.2950439453125,303.1499938964844,285.1499938964844,0.0,-0.0,290.9596862792969,0.0,0.0,2.558457189594937e-13,297.3172607421875,303.1499938964844,285.1499938964844,0.0,-0.0,290.9602966308594,0.0,0.0,2.694180328052104e-13,297.7394714355469,303.1499938964844,285.1499938964844,0.0,-0.0,290.9613647460937,0.0,0.0,1.989913225516893e-13,297.2288513183594,303.1499938964844,285.1499938964844,0.0,-0.0,290.9599304199219,0.0,0.0,2.694179514900475e-13,297.6514892578125,303.1499938964844,285.1499938964844,0.0,-0.0,290.9603576660156,0.0,0.0,1.2780023350353333e-12,290.9122009277344,294.1499938964844,280.8463439941406,280.2766418457031,282.3890075683594,280.7698059082031,290.396728515625,0.0,0.0,0.0,0.0,1.0,1.0,1.5115428440154457e-12,1.395184528805633e-17,-1.5115568302234705e-12,1.6194223696405774e-12,0.0,0.0,0.0,1.4551915228366852e-11,60.0,4.071290504725767e-07,-0.0,-5.066788513209878e-25,0.0,283.1443786621094,288.5085144042969,285.35308837890625,285.36309814453125,293.1499938964844,293.1499938964844,278.1499938964844,0.0,18000.0,313.1499938964844,0.0,18000.0,0.0,0.0,0.0,0.0,0.0,0.0,0.0,0.0,0.0,-0.0,-0.0,-0.0,-6.544322618950674e-21,-3.272161309475337e-21,-3.272161107526945e-21,0.0,0.0,-0.0,0.0,0.0,0.0,-0.0,0.0,0.0,0.0,0.0,0.0,4.0,0.0,0.0
12027120,297.2950439453125,303.1499938964844,285.1499938964844,0.0,-0.0,290.9596862792969,0.0,0.0,2.558457189594937e-13,297.3172607421875,303.1499938964844,285.1499938964844,0.0,-0.0,290.9602966308594,0.0,0.0,2.694180328052104e-13,297.7394714355469,303.1499938964844,285.1499938964844,0.0,-0.0,290.9613647460937,0.0,0.0,1.989913225516893e-13,297.2288513183594,303.1499938964844,285.1499938964844,0.0,-0.0,290.9599304199219,0.0,0.0,2.694179514900475e-13,297.6514892578125,303.1499938964844,285.1499938964844,0.0,-0.0,290.9603576660156,0.0,0.0,1.2780023350353333e-12,290.9122009277344,294.1499938964844,280.8463439941406,280.2766418457031,282.3890075683594,280.7698059082031,290.396728515625,0.0,0.0,0.0,0.0,1.0,1.0,1.5115428440154457e-12,1.395184528805633e-17,-1.5115568302234705e-12,1.6194223696405774e-12,0.0,0.0,0.0,1.4551915228366852e-11,60.0,4.071290504725767e-07,-0.0,-5.066788513209878e-25,0.0,283.1443786621094,288.5085144042969,285.35308837890625,285.36309814453125,293.1499938964844,293.1499938964844,278.1499938964844,0.0,18000.0,313.1499938964844,0.0,18000.0,0.0,0.0,0.0,0.0,0.0,0.0,0.0,0.0,0.0,-0.0,-0.0,-0.0,-6.544322618950674e-21,-3.272161309475337e-21,-3.272161107526945e-21,0.0,0.0,-0.0,0.0,0.0,0.0,-0.0,0.0,0.0,0.0,0.0,0.0,4.0,0.0,0.0
12027180,297.298095703125,303.1499938964844,285.1499938964844,0.0,-0.0,290.9596862792969,0.0,0.0,0.0,297.317138671875,303.1499938964844,285.1499938964844,0.0,-0.0,290.9602966308594,0.0,0.0,0.0,297.7384338378906,303.1499938964844,285.1499938964844,0.0,-0.0,290.9613647460937,0.0,0.0,0.0,297.23016357421875,303.1499938964844,285.1499938964844,0.0,-0.0,290.9599304199219,0.0,0.0,0.0,297.6517639160156,303.1499938964844,285.1499938964844,0.0,-0.0,290.9603576660156,0.0,0.0,0.0,290.9122009277344,294.1499938964844,280.8711242675781,280.3102111816406,282.3890075683594,280.7698059082031,290.396728515625,0.0,0.0,0.0,0.0,1.0,1.0,1.455885650751554e-12,1.33334326544025e-17,-1.4558989864382754e-12,3.3008990506233626e-12,0.0,0.0,0.0,1.4551915228366852e-11,60.0,3.780728263791389e-07,-0.0,-0.0,0.0,283.1443786621094,288.5085144042969,285.35308837890625,285.36309814453125,293.1499938964844,293.1499938964844,278.1499938964844,0.0,18000.0,313.1499938964844,0.0,18000.0,0.0,0.0,0.0,0.0,0.0,0.0,0.0,0.0,0.0,-0.0,-0.0,-0.0,-6.544322618950674e-21,-3.272161309475337e-21,-3.272161107526945e-21,0.0,0.0,-0.0,0.0,0.0,0.0,-0.0,0.0,0.0,0.0,0.0,0.0,4.0,0.0,0.0
12027240,297.298095703125,303.1499938964844,285.1499938964844,0.0,-0.0,290.9596862792969,0.0,0.0,0.0,297.317138671875,303.1499938964844,285.1499938964844,0.0,-0.0,290.9602966308594,0.0,0.0,0.0,297.7384338378906,303.1499938964844,285.1499938964844,0.0,-0.0,290.9613647460937,0.0,0.0,0.0,297.23016357421875,303.1499938964844,285.1499938964844,0.0,-0.0,290.9599304199219,0.0,0.0,0.0,297.6517639160156,303.1499938964844,285.1499938964844,0.0,-0.0,290.9603576660156,0.0,0.0,0.0,290.9122009277344,294.1499938964844,280.8711242675781,280.3102111816406,282.3890075683594,280.7698059082031,290.396728515625,0.0,0.0,0.0,0.0,1.0,1.0,1.455885650751554e-12,1.33334326544025e-17,-1.4558989864382754e-12,3.3008990506233626e-12,0.0,0.0,0.0,1.4551915228366852e-11,60.0,3.780728263791389e-07,-0.0,-0.0,0.0,283.1443786621094,288.5085144042969,285.35308837890625,285.36309814453125,293.1499938964844,293.1499938964844,278.1499938964844,0.0,18000.0,313.1499938964844,0.0,18000.0,0.0,0.0,0.0,0.0,0.0,0.0,0.0,0.0,0.0,-0.0,-0.0,-0.0,-6.544322618950674e-21,-3.272161309475337e-21,-3.272161107526945e-21,0.0,0.0,-0.0,0.0,0.0,0.0,-0.0,0.0,0.0,0.0,0.0,0.0,4.0,0.0,0.0
12027300,297.2997436523437,303.1499938964844,285.1499938964844,0.0,-0.0,290.9596862792969,0.0,0.0,2.558457189594937e-13,297.3171081542969,303.1499938964844,285.1499938964844,0.0,-0.0,290.9602966308594,0.0,0.0,2.694180328052104e-13,297.7379455566406,303.1499938964844,285.1499938964844,0.0,-0.0,290.9613647460937,0.0,0.0,1.989913225516893e-13,297.2308654785156,303.1499938964844,285.1499938964844,0.0,-0.0,290.9599304199219,0.0,0.0,2.694179514900475e-13,297.6519470214844,303.1499938964844,285.1499938964844,0.0,-0.0,290.9603576660156,0.0,0.0,1.2780023350353333e-12,290.9122009277344,294.1499938964844,280.8837890625,280.3267822265625,282.3890075683594,280.7698059082031,290.396728515625,0.0,0.0,0.0,0.0,1.0,1.0,-1.1439612278285605e-12,-1.5553743409991818e-17,1.143976731919627e-12,-2.7175878734853054e-12,0.0,0.0,0.0,0.0,60.0,3.634080485426239e-07,-0.0,-5.066788513209878e-25,0.0,283.1443786621094,288.5085144042969,285.35308837890625,285.36309814453125,293.1499938964844,293.1499938964844,278.1499938964844,0.0,18000.0,313.1499938964844,0.0,18000.0,0.0,0.0,0.0,0.0,0.0,0.0,0.0,0.0,0.0,-0.0,-0.0,-0.0,-6.544322618950674e-21,-3.272161309475337e-21,-3.272161107526945e-21,0.0,0.0,-0.0,0.0,0.0,0.0,-0.0,0.0,0.0,0.0,0.0,0.0,4.0,0.0,0.0
12027360,297.3014831542969,303.1499938964844,285.1499938964844,0.0,-0.0,290.9596862792969,0.0,0.0,-2.558457189594937e-13,297.3171081542969,303.1499938964844,285.1499938964844,0.0,-0.0,290.9602966308594,0.0,0.0,-2.694180328052104e-13,297.7374572753906,303.1499938964844,285.1499938964844,0.0,-0.0,290.9613647460937,0.0,0.0,-1.989913225516893e-13,297.23162841796875,303.1499938964844,285.1499938964844,0.0,-0.0,290.9599304199219,0.0,0.0,-2.694179514900475e-13,297.6521301269531,303.1499938964844,285.1499938964844,0.0,-0.0,290.9603576660156,0.0,0.0,-1.2780023350353333e-12,290.9122009277344,294.1499938964844,280.8966369628906,280.3431701660156,282.3890075683594,280.7698059082031,290.396728515625,0.0,0.0,0.0,0.0,1.0,1.0,-1.2552776743404714e-12,1.5374753105963922e-17,1.2552622786696221e-12,6.453949787793567e-13,0.0,0.0,0.0,0.0,60.0,3.4969971807186084e-07,-0.0,-5.066788513209878e-25,0.0,283.1443786621094,288.5085144042969,285.35308837890625,285.36309814453125,293.1499938964844,293.1499938964844,278.1499938964844,0.0,18000.0,313.1499938964844,0.0,18000.0,0.0,0.0,0.0,0.0,0.0,0.0,0.0,0.0,0.0,-0.0,-0.0,-0.0,-6.544322618950674e-21,-3.272161309475337e-21,-3.272161107526945e-21,0.0,0.0,-0.0,0.0,0.0,0.0,-0.0,0.0,0.0,0.0,0.0,0.0,4.0,0.0,0.0
12027420,297.30517578125,303.1499938964844,285.1499938964844,0.0,-0.0,290.9596862792969,0.0,0.0,2.558457189594937e-13,297.317138671875,303.1499938964844,285.1499938964844,0.0,-0.0,290.9602966308594,0.0,0.0,2.694180328052104e-13,297.736572265625,303.1499938964844,285.1499938964844,0.0,-0.0,290.9613647460937,0.0,0.0,1.989913225516893e-13,297.2332763671875,303.1499938964844,285.1499938964844,0.0,-0.0,290.9599304199219,0.0,0.0,2.694179514900475e-13,297.652587890625,303.1499938964844,285.1499938964844,0.0,-0.0,290.9603576660156,0.0,0.0,1.2780023350353333e-12,290.9122009277344,294.1499938964844,280.92291259765625,280.3754577636719,282.3890075683594,280.7698059082031,290.396728515625,0.0,0.0,0.0,0.0,1.0,1.0,1.5115428440154457e-12,1.395184528805633e-17,-1.5115568302234705e-12,1.6194223696405774e-12,0.0,0.0,0.0,1.4551915228366852e-11,60.0,3.2383144343839376e-07,-0.0,-5.066788513209878e-25,0.0,283.1443786621094,288.5085144042969,285.35308837890625,285.36309814453125,293.1499938964844,293.1499938964844,278.1499938964844,0.0,18000.0,313.1499938964844,0.0,18000.0,0.0,0.0,0.0,0.0,0.0,0.0,0.0,0.0,0.0,-0.0,-0.0,-0.0,-6.544322618950674e-21,-3.272161309475337e-21,-3.272161107526945e-21,0.0,0.0,-0.0,0.0,0.0,0.0,-0.0,0.0,0.0,0.0,0.0,0.0,4.0,0.0,0.0
12027480,297.30517578125,303.1499938964844,285.1499938964844,0.0,-0.0,290.9596862792969,0.0,0.0,2.558457189594937e-13,297.317138671875,303.1499938964844,285.1499938964844,0.0,-0.0,290.9602966308594,0.0,0.0,2.694180328052104e-13,297.736572265625,303.1499938964844,285.1499938964844,0.0,-0.0,290.9613647460937,0.0,0.0,1.989913225516893e-13,297.2332763671875,303.1499938964844,285.1499938964844,0.0,-0.0,290.9599304199219,0.0,0.0,2.694179514900475e-13,297.652587890625,303.1499938964844,285.1499938964844,0.0,-0.0,290.9603576660156,0.0,0.0,1.2780023350353333e-12,290.9122009277344,294.1499938964844,280.92291259765625,280.3754577636719,282.3890075683594,280.7698059082031,290.396728515625,0.0,0.0,0.0,0.0,1.0,1.0,1.5115428440154457e-12,1.395184528805633e-17,-1.5115568302234705e-12,1.6194223696405774e-12,0.0,0.0,0.0,1.4551915228366852e-11,60.0,3.2383144343839376e-07,-0.0,-5.066788513209878e-25,0.0,283.1443786621094,288.5085144042969,285.35308837890625,285.36309814453125,293.1499938964844,293.1499938964844,278.1499938964844,0.0,18000.0,313.1499938964844,0.0,18000.0,0.0,0.0,0.0,0.0,0.0,0.0,0.0,0.0,0.0,-0.0,-0.0,-0.0,-6.544322618950674e-21,-3.272161309475337e-21,-3.272161107526945e-21,0.0,0.0,-0.0,0.0,0.0,0.0,-0.0,0.0,0.0,0.0,0.0,0.0,4.0,0.0,0.0
12027540,297.3092346191406,303.1499938964844,285.1499938964844,0.0,-0.0,290.9596862792969,0.0,0.0,2.558457189594937e-13,297.3172912597656,303.1499938964844,285.1499938964844,0.0,-0.0,290.9602966308594,0.0,0.0,2.694180328052104e-13,297.7357788085937,303.1499938964844,285.1499938964844,0.0,-0.0,290.9613647460937,0.0,0.0,1.989913225516893e-13,297.2350769042969,303.1499938964844,285.1499938964844,0.0,-0.0,290.9599304199219,0.0,0.0,2.694179514900475e-13,297.6531677246094,303.1499938964844,285.1499938964844,0.0,-0.0,290.9603576660156,0.0,0.0,1.2780023350353333e-12,290.9122009277344,294.1499938964844,280.95001220703125,280.40692138671875,282.3890075683594,280.7698059082031,290.3966979980469,0.0,0.0,0.0,0.0,1.0,1.0,1.5115428440154457e-12,1.395184528805633e-17,-1.5115568302234705e-12,1.6194223696405774e-12,0.0,0.0,0.0,1.4551915228366852e-11,60.0,3.017887593159685e-07,-0.0,-5.066788513209878e-25,0.0,283.1443786621094,288.5085144042969,285.35308837890625,285.36309814453125,293.1499938964844,293.1499938964844,278.1499938964844,0.0,18000.0,313.1499938964844,0.0,18000.0,0.0,0.0,0.0,0.0,0.0,0.0,0.0,0.0,0.0,-0.0,-0.0,-0.0,-6.544322618950674e-21,-3.272161309475337e-21,-3.272161107526945e-21,0.0,0.0,-0.0,0.0,0.0,0.0,-0.0,0.0,0.0,0.0,0.0,0.0,4.0,0.0,0.0
12027600,297.3092346191406,303.1499938964844,285.1499938964844,0.0,-0.0,290.9596862792969,0.0,0.0,2.558457189594937e-13,297.3172912597656,303.1499938964844,285.1499938964844,0.0,-0.0,290.9602966308594,0.0,0.0,2.694180328052104e-13,297.7357788085937,303.1499938964844,285.1499938964844,0.0,-0.0,290.9613647460937,0.0,0.0,1.989913225516893e-13,297.2350769042969,303.1499938964844,285.1499938964844,0.0,-0.0,290.9599304199219,0.0,0.0,2.694179514900475e-13,297.6531677246094,303.1499938964844,285.1499938964844,0.0,-0.0,290.9603576660156,0.0,0.0,1.2780023350353333e-12,290.9122009277344,294.1499938964844,280.95001220703125,280.40692138671875,282.3890075683594,280.7698059082031,290.3966979980469,0.0,0.0,0.0,0.0,1.0,1.0,1.5115428440154457e-12,1.395184528805633e-17,-1.5115568302234705e-12,1.6194223696405774e-12,0.0,0.0,0.0,1.4551915228366852e-11,60.0,3.017887593159685e-07,-0.0,-5.066788513209878e-25,0.0,283.1443786621094,288.5085144042969,285.35308837890625,285.36309814453125,293.1499938964844,293.1499938964844,278.1499938964844,0.0,18000.0,313.1499938964844,0.0,18000.0,0.0,0.0,0.0,0.0,0.0,0.0,0.0,0.0,0.0,-0.0,-0.0,-0.0,-6.544322618950674e-21,-3.272161309475337e-21,-3.272161107526945e-21,0.0,0.0,-0.0,0.0,0.0,0.0,-0.0,0.0,0.0,0.0,0.0,0.0,4.0,0.0,0.0
12027660,297.3136291503906,303.1499938964844,285.1499938964844,0.0,-0.0,290.9596862792969,0.0,0.0,2.558457189594937e-13,297.3175354003906,303.1499938964844,285.1499938964844,0.0,-0.0,290.9602966308594,0.0,0.0,2.694180328052104e-13,297.7350769042969,303.1499938964844,285.1499938964844,0.0,-0.0,290.9613647460937,0.0,0.0,1.989913225516893e-13,297.2370300292969,303.1499938964844,285.1499938964844,0.0,-0.0,290.9599304199219,0.0,0.0,2.694179514900475e-13,297.65380859375,303.1499938964844,285.1499938964844,0.0,-0.0,290.9603576660156,0.0,0.0,1.2780023350353333e-12,290.9122009277344,294.1499938964844,280.9840393066406,280.44439697265625,282.3890075683594,280.7698059082031,290.3966979980469,0.0,0.0,0.0,0.0,1.0,1.0,1.5115428440154457e-12,1.395184528805633e-17,-1.5115568302234705e-12,1.6194223696405774e-12,0.0,0.0,0.0,1.4551915228366852e-11,60.0,2.7933620572184736e-07,-0.0,-5.066788513209878e-25,0.0,283.1443786621094,288.5085144042969,285.35308837890625,285.36309814453125,293.1499938964844,293.1499938964844,278.1499938964844,0.0,18000.0,313.1499938964844,0.0,18000.0,0.0,0.0,0.0,0.0,0.0,0.0,0.0,0.0,0.0,-0.0,-0.0,-0.0,-6.544322618950674e-21,-3.272161309475337e-21,-3.272161107526945e-21,0.0,0.0,-0.0,0.0,0.0,0.0,-0.0,0.0,0.0,0.0,0.0,0.0,4.0,0.0,0.0
12027720,297.3136291503906,303.1499938964844,285.1499938964844,0.0,-0.0,290.9596862792969,0.0,0.0,2.558457189594937e-13,297.3175354003906,303.1499938964844,285.1499938964844,0.0,-0.0,290.9602966308594,0.0,0.0,2.694180328052104e-13,297.7350769042969,303.1499938964844,285.1499938964844,0.0,-0.0,290.9613647460937,0.0,0.0,1.989913225516893e-13,297.2370300292969,303.1499938964844,285.1499938964844,0.0,-0.0,290.9599304199219,0.0,0.0,2.694179514900475e-13,297.65380859375,303.1499938964844,285.1499938964844,0.0,-0.0,290.9603576660156,0.0,0.0,1.2780023350353333e-12,290.9122009277344,294.1499938964844,280.9840393066406,280.44439697265625,282.3890075683594,280.7698059082031,290.3966979980469,0.0,0.0,0.0,0.0,1.0,1.0,1.5115428440154457e-12,1.395184528805633e-17,-1.5115568302234705e-12,1.6194223696405774e-12,0.0,0.0,0.0,1.4551915228366852e-11,60.0,2.7933620572184736e-07,-0.0,-5.066788513209878e-25,0.0,283.1443786621094,288.5085144042969,285.35308837890625,285.36309814453125,293.1499938964844,293.1499938964844,278.1499938964844,0.0,18000.0,313.1499938964844,0.0,18000.0,0.0,0.0,0.0,0.0,0.0,0.0,0.0,0.0,0.0,-0.0,-0.0,-0.0,-6.544322618950674e-21,-3.272161309475337e-21,-3.272161107526945e-21,0.0,0.0,-0.0,0.0,0.0,0.0,-0.0,0.0,0.0,0.0,0.0,0.0,4.0,0.0,0.0
12027780,297.3183288574219,303.1499938964844,285.1499938964844,0.0,-0.0,290.9596862792969,0.0,0.0,2.558457189594937e-13,297.31787109375,303.1499938964844,285.1499938964844,0.0,-0.0,290.9602966308594,0.0,0.0,2.694180328052104e-13,297.7344665527344,303.1499938964844,285.1499938964844,0.0,-0.0,290.9613647460937,0.0,0.0,1.989913225516893e-13,297.2391357421875,303.1499938964844,285.1499938964844,0.0,-0.0,290.9599304199219,0.0,0.0,2.694179514900475e-13,297.6545715332031,303.1499938964844,285.1499938964844,0.0,-0.0,290.9603576660156,0.0,0.0,1.2780023350353333e-12,290.9122009277344,294.1499938964844,281.0306701660156,280.4941711425781,282.3890075683594,280.7698059082031,290.3966979980469,0.0,0.0,0.0,0.0,1.0,1.0,1.5115428440154457e-12,1.395184528805633e-17,-1.5115568302234705e-12,1.6194223696405774e-12,0.0,0.0,0.0,1.4551915228366852e-11,60.0,2.597983836949425e-07,-0.0,-5.066788513209878e-25,0.0,283.1443786621094,288.5085144042969,285.35308837890625,285.36309814453125,293.1499938964844,293.1499938964844,278.1499938964844,0.0,18000.0,313.1499938964844,0.0,18000.0,0.0,0.0,0.0,0.0,0.0,0.0,0.0,0.0,0.0,-0.0,-0.0,-0.0,-6.544322618950674e-21,-3.272161309475337e-21,-3.272161107526945e-21,0.0,0.0,-0.0,0.0,0.0,0.0,-0.0,0.0,0.0,0.0,0.0,0.0,4.0,0.0,0.0
12027840,297.3183288574219,303.1499938964844,285.1499938964844,0.0,-0.0,290.9596862792969,0.0,0.0,2.558457189594937e-13,297.31787109375,303.1499938964844,285.1499938964844,0.0,-0.0,290.9602966308594,0.0,0.0,2.694180328052104e-13,297.7344665527344,303.1499938964844,285.1499938964844,0.0,-0.0,290.9613647460937,0.0,0.0,1.989913225516893e-13,297.2391357421875,303.1499938964844,285.1499938964844,0.0,-0.0,290.9599304199219,0.0,0.0,2.694179514900475e-13,297.6545715332031,303.1499938964844,285.1499938964844,0.0,-0.0,290.9603576660156,0.0,0.0,1.2780023350353333e-12,290.9122009277344,294.1499938964844,281.0306701660156,280.4941711425781,282.3890075683594,280.7698059082031,290.3966979980469,0.0,0.0,0.0,0.0,1.0,1.0,1.5115428440154457e-12,1.395184528805633e-17,-1.5115568302234705e-12,1.6194223696405774e-12,0.0,0.0,0.0,1.4551915228366852e-11,60.0,2.597983836949425e-07,-0.0,-5.066788513209878e-25,0.0,283.1443786621094,288.5085144042969,285.35308837890625,285.36309814453125,293.1499938964844,293.1499938964844,278.1499938964844,0.0,18000.0,313.1499938964844,0.0,18000.0,0.0,0.0,0.0,0.0,0.0,0.0,0.0,0.0,0.0,-0.0,-0.0,-0.0,-6.544322618950674e-21,-3.272161309475337e-21,-3.272161107526945e-21,0.0,0.0,-0.0,0.0,0.0,0.0,-0.0,0.0,0.0,0.0,0.0,0.0,4.0,0.0,0.0
12027900,297.3208312988281,303.1499938964844,285.1499938964844,0.0,-0.0,290.9596862792969,0.0,0.0,0.0,297.3180847167969,303.1499938964844,285.1499938964844,0.0,-0.0,290.9602966308594,0.0,0.0,0.0,297.73419189453125,303.1499938964844,285.1499938964844,0.0,-0.0,290.9613647460937,0.0,0.0,0.0,297.240234375,303.1499938964844,285.1499938964844,0.0,-0.0,290.9599304199219,0.0,0.0,0.0,297.6549987792969,303.1499938964844,285.1499938964844,0.0,-0.0,290.9603576660156,0.0,0.0,0.0,290.9122009277344,294.1499938964844,281.0584411621094,280.5234069824219,282.3890075683594,280.7698059082031,290.3966979980469,0.0,0.0,0.0,0.0,1.0,1.0,-1.1996204810765798e-12,1.5993164912437138e-17,1.199604434884427e-12,-1.0360817022034283e-12,0.0,0.0,0.0,0.0,60.0,2.5002947268149e-07,-0.0,-0.0,0.0,283.1443786621094,288.5085144042969,285.35308837890625,285.36309814453125,293.1499938964844,293.1499938964844,278.1499938964844,0.0,18000.0,313.1499938964844,0.0,18000.0,0.0,0.0,0.0,0.0,0.0,0.0,0.0,0.0,0.0,-0.0,-0.0,-0.0,-6.544322618950674e-21,-3.272161309475337e-21,-3.272161107526945e-21,0.0,0.0,-0.0,0.0,0.0,0.0,-0.0,0.0,0.0,0.0,0.0,0.0,4.0,0.0,0.0
12027960,297.3233947753906,303.1499938964844,285.1499938964844,0.0,-0.0,290.9596862792969,0.0,0.0,0.0,297.3183288574219,303.1499938964844,285.1499938964844,0.0,-0.0,290.9602966308594,0.0,0.0,0.0,297.73394775390625,303.1499938964844,285.1499938964844,0.0,-0.0,290.9613647460937,0.0,0.0,0.0,297.24139404296875,303.1499938964844,285.1499938964844,0.0,-0.0,290.9599304199219,0.0,0.0,0.0,297.6554260253906,303.1499938964844,285.1499938964844,0.0,-0.0,290.9603576660156,0.0,0.0,0.0,290.9122009277344,294.1499938964844,281.0890808105469,280.555419921875,282.3890075683594,280.7698059082031,290.3966979980469,0.0,0.0,0.0,0.0,1.0,1.0,-1.1996204810765798e-12,1.5993164912437138e-17,1.199604434884427e-12,-1.0360817022034283e-12,0.0,0.0,0.0,0.0,60.0,2.419456563984568e-07,-0.0,-0.0,0.0,283.1443786621094,288.5085144042969,285.35308837890625,285.36309814453125,293.1499938964844,293.1499938964844,278.1499938964844,0.0,18000.0,313.1499938964844,0.0,18000.0,0.0,0.0,0.0,0.0,0.0,0.0,0.0,0.0,0.0,-0.0,-0.0,-0.0,-6.544322618950674e-21,-3.272161309475337e-21,-3.272161107526945e-21,0.0,0.0,-0.0,0.0,0.0,0.0,-0.0,0.0,0.0,0.0,0.0,0.0,4.0,0.0,0.0
12028020,297.3287658691406,303.1499938964844,285.1499938964844,0.0,-0.0,290.9596862792969,0.0,0.0,2.558457189594937e-13,297.3189392089844,303.1499938964844,285.1499938964844,0.0,-0.0,290.9602966308594,0.0,0.0,2.694180328052104e-13,297.73358154296875,303.1499938964844,285.1499938964844,0.0,-0.0,290.9613647460937,0.0,0.0,1.989913225516893e-13,297.2438049316406,303.1499938964844,285.1499938964844,0.0,-0.0,290.9599304199219,0.0,0.0,2.694179514900475e-13,297.6563720703125,303.1499938964844,285.1499938964844,0.0,-0.0,290.9603576660156,0.0,0.0,1.2780023350353333e-12,290.9122009277344,294.1499938964844,281.1584777832031,280.6272888183594,282.3890075683594,280.7698059082031,290.3966979980469,0.0,0.0,0.0,0.0,1.0,1.0,1.5115428440154457e-12,1.395184528805633e-17,-1.5115568302234705e-12,1.6194223696405774e-12,0.0,0.0,0.0,1.4551915228366852e-11,60.0,2.242978496269643e-07,-0.0,-5.066788513209878e-25,0.0,283.1443786621094,288.5085144042969,285.35308837890625,285.36309814453125,293.1499938964844,293.1499938964844,278.1499938964844,0.0,18000.0,313.1499938964844,0.0,18000.0,0.0,0.0,0.0,0.0,0.0,0.0,0.0,0.0,0.0,-0.0,-0.0,-0.0,-6.544322618950674e-21,-3.272161309475337e-21,-3.272161107526945e-21,0.0,0.0,-0.0,0.0,0.0,0.0,-0.0,0.0,0.0,0.0,0.0,0.0,4.0,0.0,0.0
12028080,297.3287658691406,303.1499938964844,285.1499938964844,0.0,-0.0,290.9596862792969,0.0,0.0,2.558457189594937e-13,297.3189392089844,303.1499938964844,285.1499938964844,0.0,-0.0,290.9602966308594,0.0,0.0,2.694180328052104e-13,297.73358154296875,303.1499938964844,285.1499938964844,0.0,-0.0,290.9613647460937,0.0,0.0,1.989913225516893e-13,297.2438049316406,303.1499938964844,285.1499938964844,0.0,-0.0,290.9599304199219,0.0,0.0,2.694179514900475e-13,297.6563720703125,303.1499938964844,285.1499938964844,0.0,-0.0,290.9603576660156,0.0,0.0,1.2780023350353333e-12,290.9122009277344,294.1499938964844,281.1584777832031,280.6272888183594,282.3890075683594,280.7698059082031,290.3966979980469,0.0,0.0,0.0,0.0,1.0,1.0,1.5115428440154457e-12,1.395184528805633e-17,-1.5115568302234705e-12,1.6194223696405774e-12,0.0,0.0,0.0,1.4551915228366852e-11,60.0,2.242978496269643e-07,-0.0,-5.066788513209878e-25,0.0,283.1443786621094,288.5085144042969,285.35308837890625,285.36309814453125,293.1499938964844,293.1499938964844,278.1499938964844,0.0,18000.0,313.1499938964844,0.0,18000.0,0.0,0.0,0.0,0.0,0.0,0.0,0.0,0.0,0.0,-0.0,-0.0,-0.0,-6.544322618950674e-21,-3.272161309475337e-21,-3.272161107526945e-21,0.0,0.0,-0.0,0.0,0.0,0.0,-0.0,0.0,0.0,0.0,0.0,0.0,4.0,0.0,0.0
12028140,297.3345031738281,303.1499938964844,285.1499938964844,0.0,-0.0,290.9596862792969,0.0,0.0,2.558457189594937e-13,297.3197021484375,303.1499938964844,285.1499938964844,0.0,-0.0,290.9602966308594,0.0,0.0,2.694180328052104e-13,297.7333679199219,303.1499938964844,285.1499938964844,0.0,-0.0,290.9613647460937,0.0,0.0,1.989913225516893e-13,297.24639892578125,303.1499938964844,285.1499938964844,0.0,-0.0,290.9599304199219,0.0,0.0,2.694179514900475e-13,297.6574401855469,303.1499938964844,285.1499938964844,0.0,-0.0,290.9603576660156,0.0,0.0,1.2780023350353333e-12,290.9122009277344,294.1499938964844,281.23809814453125,280.7089233398437,282.3890075683594,280.7698059082031,290.3966979980469,0.0,0.0,0.0,0.0,1.0,1.0,1.5115428440154457e-12,1.395184528805633e-17,-1.5115568302234705e-12,1.6194223696405774e-12,0.0,0.0,0.0,1.4551915228366852e-11,60.0,2.069233033807905e-07,-0.0,-5.066788513209878e-25,0.0,283.1443786621094,288.5085144042969,285.35308837890625,285.36309814453125,293.1499938964844,293.1499938964844,278.1499938964844,0.0,18000.0,313.1499938964844,0.0,18000.0,0.0,0.0,0.0,0.0,0.0,0.0,0.0,0.0,0.0,-0.0,-0.0,-0.0,-6.544322618950674e-21,-3.272161309475337e-21,-3.272161107526945e-21,0.0,0.0,-0.0,0.0,0.0,0.0,-0.0,0.0,0.0,0.0,0.0,0.0,4.0,0.0,0.0
12028200,297.3345031738281,303.1499938964844,285.1499938964844,0.0,-0.0,290.9596862792969,0.0,0.0,2.558457189594937e-13,297.3197021484375,303.1499938964844,285.1499938964844,0.0,-0.0,290.9602966308594,0.0,0.0,2.694180328052104e-13,297.7333679199219,303.1499938964844,285.1499938964844,0.0,-0.0,290.9613647460937,0.0,0.0,1.989913225516893e-13,297.24639892578125,303.1499938964844,285.1499938964844,0.0,-0.0,290.9599304199219,0.0,0.0,2.694179514900475e-13,297.6574401855469,303.1499938964844,285.1499938964844,0.0,-0.0,290.9603576660156,0.0,0.0,1.2780023350353333e-12,290.9122009277344,294.1499938964844,281.23809814453125,280.7089233398437,282.3890075683594,280.7698059082031,290.3966979980469,0.0,0.0,0.0,0.0,1.0,1.0,1.5115428440154457e-12,1.395184528805633e-17,-1.5115568302234705e-12,1.6194223696405774e-12,0.0,0.0,0.0,1.4551915228366852e-11,60.0,2.069233033807905e-07,-0.0,-5.066788513209878e-25,0.0,283.1443786621094,288.5085144042969,285.35308837890625,285.36309814453125,293.1499938964844,293.1499938964844,278.1499938964844,0.0,18000.0,313.1499938964844,0.0,18000.0,0.0,0.0,0.0,0.0,0.0,0.0,0.0,0.0,0.0,-0.0,-0.0,-0.0,-6.544322618950674e-21,-3.272161309475337e-21,-3.272161107526945e-21,0.0,0.0,-0.0,0.0,0.0,0.0,-0.0,0.0,0.0,0.0,0.0,0.0,4.0,0.0,0.0
12028260,297.340576171875,303.1499938964844,285.1499938964844,0.0,-0.0,290.9596862792969,0.0,0.0,0.0,297.3206481933594,303.1499938964844,285.1499938964844,0.0,-0.0,290.9602966308594,0.0,0.0,0.0,297.7333374023437,303.1499938964844,285.1499938964844,0.0,-0.0,290.9613647460937,0.0,0.0,0.0,297.2491760253906,303.1499938964844,285.1499938964844,0.0,-0.0,290.9599304199219,0.0,0.0,0.0,297.6585998535156,303.1499938964844,285.1499938964844,0.0,-0.0,290.9603576660156,0.0,0.0,0.0,290.9122009277344,294.1499938964844,281.3271484375,280.7994384765625,282.3890075683594,280.7698059082031,290.3966979980469,0.0,0.0,0.0,0.0,1.0,1.0,-1.1996204810765798e-12,1.5993164912437138e-17,1.199604434884427e-12,-1.0360817022034283e-12,0.0,0.0,0.0,0.0,60.0,1.916437213367317e-07,-0.0,-0.0,0.0,283.1443786621094,288.5085144042969,285.35308837890625,285.36309814453125,293.1499938964844,293.1499938964844,278.1499938964844,0.0,18000.0,313.1499938964844,0.0,18000.0,0.0,0.0,0.0,0.0,0.0,0.0,0.0,0.0,0.0,-0.0,-0.0,-0.0,-6.544322618950674e-21,-3.272161309475337e-21,-3.272161107526945e-21,0.0,0.0,-0.0,0.0,0.0,0.0,-0.0,0.0,0.0,0.0,0.0,0.0,4.0,0.0,0.0
12028320,297.340576171875,303.1499938964844,285.1499938964844,0.0,-0.0,290.9596862792969,0.0,0.0,0.0,297.3206481933594,303.1499938964844,285.1499938964844,0.0,-0.0,290.9602966308594,0.0,0.0,0.0,297.7333374023437,303.1499938964844,285.1499938964844,0.0,-0.0,290.9613647460937,0.0,0.0,0.0,297.2491760253906,303.1499938964844,285.1499938964844,0.0,-0.0,290.9599304199219,0.0,0.0,0.0,297.6585998535156,303.1499938964844,285.1499938964844,0.0,-0.0,290.9603576660156,0.0,0.0,0.0,290.9122009277344,294.1499938964844,281.3271484375,280.7994384765625,282.3890075683594,280.7698059082031,290.3966979980469,0.0,0.0,0.0,0.0,1.0,1.0,-1.1996204810765798e-12,1.5993164912437138e-17,1.199604434884427e-12,-1.0360817022034283e-12,0.0,0.0,0.0,0.0,60.0,1.916437213367317e-07,-0.0,-0.0,0.0,283.1443786621094,288.5085144042969,285.35308837890625,285.36309814453125,293.1499938964844,293.1499938964844,278.1499938964844,0.0,18000.0,313.1499938964844,0.0,18000.0,0.0,0.0,0.0,0.0,0.0,0.0,0.0,0.0,0.0,-0.0,-0.0,-0.0,-6.544322618950674e-21,-3.272161309475337e-21,-3.272161107526945e-21,0.0,0.0,-0.0,0.0,0.0,0.0,-0.0,0.0,0.0,0.0,0.0,0.0,4.0,0.0,0.0
12028380,297.34698486328125,303.1499938964844,285.1499938964844,0.0,-0.0,290.9596862792969,0.0,0.0,2.558457189594937e-13,297.3217163085937,303.1499938964844,285.1499938964844,0.0,-0.0,290.9602966308594,0.0,0.0,2.694180328052104e-13,297.7334289550781,303.1499938964844,285.1499938964844,0.0,-0.0,290.9613647460937,0.0,0.0,1.989913225516893e-13,297.25213623046875,303.1499938964844,285.1499938964844,0.0,-0.0,290.9599304199219,0.0,0.0,2.694179514900475e-13,297.65985107421875,303.1499938964844,285.1499938964844,0.0,-0.0,290.9603576660156,0.0,0.0,1.2780023350353333e-12,290.9122009277344,294.1499938964844,281.4248352050781,280.89801025390625,282.3890075683594,280.7698059082031,290.39666748046875,0.0,0.0,0.0,0.0,1.0,1.0,1.5115428440154457e-12,1.395184528805633e-17,-1.5115568302234705e-12,1.6194223696405774e-12,0.0,0.0,0.0,1.4551915228366852e-11,60.0,1.789828587561715e-07,-0.0,-5.066788513209878e-25,0.0,283.1443786621094,288.5085144042969,285.35308837890625,285.36309814453125,293.1499938964844,293.1499938964844,278.1499938964844,0.0,18000.0,313.1499938964844,0.0,18000.0,0.0,0.0,0.0,0.0,0.0,0.0,0.0,0.0,0.0,-0.0,-0.0,-0.0,-6.544322618950674e-21,-3.272161309475337e-21,-3.272161107526945e-21,0.0,0.0,-0.0,0.0,0.0,0.0,-0.0,0.0,0.0,0.0,0.0,0.0,4.0,0.0,0.0
12028440,297.34698486328125,303.1499938964844,285.1499938964844,0.0,-0.0,290.9596862792969,0.0,0.0,2.558457189594937e-13,297.3217163085937,303.1499938964844,285.1499938964844,0.0,-0.0,290.9602966308594,0.0,0.0,2.694180328052104e-13,297.7334289550781,303.1499938964844,285.1499938964844,0.0,-0.0,290.9613647460937,0.0,0.0,1.989913225516893e-13,297.25213623046875,303.1499938964844,285.1499938964844,0.0,-0.0,290.9599304199219,0.0,0.0,2.694179514900475e-13,297.65985107421875,303.1499938964844,285.1499938964844,0.0,-0.0,290.9603576660156,0.0,0.0,1.2780023350353333e-12,290.9122009277344,294.1499938964844,281.4248352050781,280.89801025390625,282.3890075683594,280.7698059082031,290.39666748046875,0.0,0.0,0.0,0.0,1.0,1.0,1.5115428440154457e-12,1.395184528805633e-17,-1.5115568302234705e-12,1.6194223696405774e-12,0.0,0.0,0.0,1.4551915228366852e-11,60.0,1.789828587561715e-07,-0.0,-5.066788513209878e-25,0.0,283.1443786621094,288.5085144042969,285.35308837890625,285.36309814453125,293.1499938964844,293.1499938964844,278.1499938964844,0.0,18000.0,313.1499938964844,0.0,18000.0,0.0,0.0,0.0,0.0,0.0,0.0,0.0,0.0,0.0,-0.0,-0.0,-0.0,-6.544322618950674e-21,-3.272161309475337e-21,-3.272161107526945e-21,0.0,0.0,-0.0,0.0,0.0,0.0,-0.0,0.0,0.0,0.0,0.0,0.0,4.0,0.0,0.0
12028500,297.3503723144531,303.1499938964844,285.1499938964844,0.0,-0.0,290.9596862792969,0.0,0.0,0.0,297.32232666015625,303.1499938964844,285.1499938964844,0.0,-0.0,290.9602966308594,0.0,0.0,0.0,297.7335510253906,303.1499938964844,285.1499938964844,0.0,-0.0,290.9613647460937,0.0,0.0,0.0,297.2536926269531,303.1499938964844,285.1499938964844,0.0,-0.0,290.9599304199219,0.0,0.0,0.0,297.6605224609375,303.1499938964844,285.1499938964844,0.0,-0.0,290.9603576660156,0.0,0.0,0.0,290.9122009277344,294.1499938964844,281.4766845703125,280.9500427246094,282.3890075683594,280.7698059082031,290.39666748046875,0.0,0.0,0.0,0.0,1.0,1.0,1.455885650751554e-12,1.33334326544025e-17,-1.4558989864382754e-12,3.3008990506233626e-12,0.0,0.0,0.0,1.4551915228366852e-11,60.0,1.71582158259298e-07,-0.0,-0.0,0.0,283.1443786621094,288.5085144042969,285.35308837890625,285.36309814453125,293.1499938964844,293.1499938964844,278.1499938964844,0.0,18000.0,313.1499938964844,0.0,18000.0,0.0,0.0,0.0,0.0,0.0,0.0,0.0,0.0,0.0,-0.0,-0.0,-0.0,-6.544322618950674e-21,-3.272161309475337e-21,-3.272161107526945e-21,0.0,0.0,-0.0,0.0,0.0,0.0,-0.0,0.0,0.0,0.0,0.0,0.0,4.0,0.0,0.0
12028560,297.3539733886719,303.1499938964844,285.1499938964844,0.0,-0.0,290.9596862792969,0.0,0.0,2.558457189594937e-13,297.322998046875,303.1499938964844,285.1499938964844,0.0,-0.0,290.9602966308594,0.0,0.0,2.694180328052104e-13,297.7337341308594,303.1499938964844,285.1499938964844,0.0,-0.0,290.9613647460937,0.0,0.0,1.989913225516893e-13,297.2553405761719,303.1499938964844,285.1499938964844,0.0,-0.0,290.9599304199219,0.0,0.0,2.694179514900475e-13,297.6612243652344,303.1499938964844,285.1499938964844,0.0,-0.0,290.9603576660156,0.0,0.0,1.2780023350353333e-12,290.9122009277344,294.1499938964844,281.5303955078125,281.0037841796875,282.3890075683594,280.7698059082031,290.39666748046875,0.0,0.0,0.0,0.0,1.0,1.0,1.5115428440154457e-12,1.395184528805633e-17,-1.5115568302234705e-12,1.6194223696405774e-12,0.0,0.0,0.0,1.4551915228366852e-11,60.0,1.6575269512486557e-07,-0.0,-5.066788513209878e-25,0.0,283.1443786621094,288.5085144042969,285.35308837890625,285.36309814453125,293.1499938964844,293.1499938964844,278.1499938964844,0.0,18000.0,313.1499938964844,0.0,18000.0,0.0,0.0,0.0,0.0,0.0,0.0,0.0,0.0,0.0,-0.0,-0.0,-0.0,-6.544322618950674e-21,-3.272161309475337e-21,-3.272161107526945e-21,0.0,0.0,-0.0,0.0,0.0,0.0,-0.0,0.0,0.0,0.0,0.0,0.0,4.0,0.0,0.0
12028620,297.3617858886719,303.1499938964844,285.1499938964844,0.0,-0.0,290.9596862792969,0.0,0.0,0.0,297.32452392578125,303.1499938964844,285.1499938964844,0.0,-0.0,290.9602966308594,0.0,0.0,0.0,297.7342834472656,303.1499938964844,285.1499938964844,0.0,-0.0,290.9613647460937,0.0,0.0,0.0,297.2589416503906,303.1499938964844,285.1499938964844,0.0,-0.0,290.9599304199219,0.0,0.0,0.0,297.6627502441406,303.1499938964844,285.1499938964844,0.0,-0.0,290.9603576660156,0.0,0.0,0.0,290.9122009277344,294.1499938964844,281.6430053710937,281.1158447265625,282.3890075683594,280.7698059082031,290.39666748046875,0.0,0.0,0.0,0.0,1.0,1.0,-1.1996204810765798e-12,1.5993164912437138e-17,1.199604434884427e-12,-1.0360817022034283e-12,0.0,0.0,0.0,0.0,60.0,1.422526594296869e-07,-0.0,-0.0,0.0,283.1443786621094,288.5085144042969,285.35308837890625,285.36309814453125,293.1499938964844,293.1499938964844,278.1499938964844,0.0,18000.0,313.1499938964844,0.0,18000.0,0.0,0.0,0.0,0.0,0.0,0.0,0.0,0.0,0.0,-0.0,-0.0,-0.0,-6.544322618950674e-21,-3.272161309475337e-21,-3.272161107526945e-21,0.0,0.0,-0.0,0.0,0.0,0.0,-0.0,0.0,0.0,0.0,0.0,0.0,4.0,0.0,0.0
12028680,297.3617858886719,303.1499938964844,285.1499938964844,0.0,-0.0,290.9596862792969,0.0,0.0,0.0,297.32452392578125,303.1499938964844,285.1499938964844,0.0,-0.0,290.9602966308594,0.0,0.0,0.0,297.7342834472656,303.1499938964844,285.1499938964844,0.0,-0.0,290.9613647460937,0.0,0.0,0.0,297.2589416503906,303.1499938964844,285.1499938964844,0.0,-0.0,290.9599304199219,0.0,0.0,0.0,297.6627502441406,303.1499938964844,285.1499938964844,0.0,-0.0,290.9603576660156,0.0,0.0,0.0,290.9122009277344,294.1499938964844,281.6430053710937,281.1158447265625,282.3890075683594,280.7698059082031,290.39666748046875,0.0,0.0,0.0,0.0,1.0,1.0,-1.1996204810765798e-12,1.5993164912437138e-17,1.199604434884427e-12,-1.0360817022034283e-12,0.0,0.0,0.0,0.0,60.0,1.422526594296869e-07,-0.0,-0.0,0.0,283.1443786621094,288.5085144042969,285.35308837890625,285.36309814453125,293.1499938964844,293.1499938964844,278.1499938964844,0.0,18000.0,313.1499938964844,0.0,18000.0,0.0,0.0,0.0,0.0,0.0,0.0,0.0,0.0,0.0,-0.0,-0.0,-0.0,-6.544322618950674e-21,-3.272161309475337e-21,-3.272161107526945e-21,0.0,0.0,-0.0,0.0,0.0,0.0,-0.0,0.0,0.0,0.0,0.0,0.0,4.0,0.0,0.0
12028740,297.3702392578125,303.1499938964844,285.1499938964844,0.0,-0.0,290.9596862792969,0.0,0.0,2.558457189594937e-13,297.3262634277344,303.1499938964844,285.1499938964844,0.0,-0.0,290.9602966308594,0.0,0.0,2.694180328052104e-13,297.73504638671875,303.1499938964844,285.1499938964844,0.0,-0.0,290.9613647460937,0.0,0.0,1.989913225516893e-13,297.26287841796875,303.1499938964844,285.1499938964844,0.0,-0.0,290.9599304199219,0.0,0.0,2.694179514900475e-13,297.6644592285156,303.1499938964844,285.1499938964844,0.0,-0.0,290.9603576660156,0.0,0.0,1.2780023350353333e-12,290.9122009277344,294.1499938964844,281.76190185546875,281.2333679199219,282.3890075683594,280.7698059082031,290.39666748046875,0.0,0.0,0.0,0.0,1.0,1.0,1.5115428440154457e-12,1.395184528805633e-17,-1.5115568302234705e-12,1.6194223696405774e-12,0.0,0.0,0.0,1.4551915228366852e-11,60.0,1.4002105785948518e-07,-0.0,-5.066788513209878e-25,0.0,283.1443786621094,288.5085144042969,285.35308837890625,285.36309814453125,293.1499938964844,293.1499938964844,278.1499938964844,0.0,18000.0,313.1499938964844,0.0,18000.0,0.0,0.0,0.0,0.0,0.0,0.0,0.0,0.0,0.0,-0.0,-0.0,-0.0,-6.544322618950674e-21,-3.272161309475337e-21,-3.272161107526945e-21,0.0,0.0,-0.0,0.0,0.0,0.0,-0.0,0.0,0.0,0.0,0.0,0.0,4.0,0.0,0.0
12028800,297.3702392578125,303.1499938964844,285.1499938964844,0.0,-0.0,290.9596862792969,0.0,0.0,2.558457189594937e-13,297.3262634277344,303.1499938964844,285.1499938964844,0.0,-0.0,290.9602966308594,0.0,0.0,2.694180328052104e-13,297.73504638671875,303.1499938964844,285.1499938964844,0.0,-0.0,290.9613647460937,0.0,0.0,1.989913225516893e-13,297.26287841796875,303.1499938964844,285.1499938964844,0.0,-0.0,290.9599304199219,0.0,0.0,2.694179514900475e-13,297.6644592285156,303.1499938964844,285.1499938964844,0.0,-0.0,290.9603576660156,0.0,0.0,1.2780023350353333e-12,290.9122009277344,294.1499938964844,281.76190185546875,281.2333679199219,282.3890075683594,280.7698059082031,290.39666748046875,0.0,0.0,0.0,0.0,1.0,1.0,1.5115428440154457e-12,1.395184528805633e-17,-1.5115568302234705e-12,1.6194223696405774e-12,0.0,0.0,0.0,1.4551915228366852e-11,60.0,1.4002105785948518e-07,-0.0,-5.066788513209878e-25,0.0,283.1443786621094,288.5085144042969,285.35308837890625,285.36309814453125,293.1499938964844,293.1499938964844,278.1499938964844,0.0,18000.0,313.1499938964844,0.0,18000.0,0.0,0.0,0.0,0.0,0.0,0.0,0.0,0.0,0.0,-0.0,-0.0,-0.0,-6.544322618950674e-21,-3.272161309475337e-21,-3.272161107526945e-21,0.0,0.0,-0.0,0.0,0.0,0.0,-0.0,0.0,0.0,0.0,0.0,0.0,4.0,0.0,0.0
12028860,297.3791809082031,303.1499938964844,285.1499938964844,0.0,-0.0,290.9596862792969,0.0,0.0,2.558457189594937e-13,297.3282470703125,303.1499938964844,285.1499938964844,0.0,-0.0,290.9602966308594,0.0,0.0,2.694180328052104e-13,297.7360534667969,303.1499938964844,285.1499938964844,0.0,-0.0,290.9613647460937,0.0,0.0,1.989913225516893e-13,297.2670593261719,303.1499938964844,285.1499938964844,0.0,-0.0,290.9599304199219,0.0,0.0,2.694179514900475e-13,297.6663513183594,303.1499938964844,285.1499938964844,0.0,-0.0,290.9603576660156,0.0,0.0,1.2780023350353333e-12,290.9122009277344,294.1499938964844,281.8863220214844,281.35546875,282.3890075683594,280.7698059082031,290.39666748046875,0.0,0.0,0.0,0.0,1.0,1.0,1.5115428440154457e-12,1.395184528805633e-17,-1.5115568302234705e-12,1.6194223696405774e-12,0.0,0.0,0.0,1.4551915228366852e-11,60.0,1.3202831894432165e-07,-0.0,-5.066788513209878e-25,0.0,283.1443786621094,288.5085144042969,285.35308837890625,285.36309814453125,293.1499938964844,293.1499938964844,278.1499938964844,0.0,18000.0,313.1499938964844,0.0,18000.0,0.0,0.0,0.0,0.0,0.0,0.0,0.0,0.0,0.0,-0.0,-0.0,-0.0,-6.544322618950674e-21,-3.272161309475337e-21,-3.272161107526945e-21,0.0,0.0,-0.0,0.0,0.0,0.0,-0.0,0.0,0.0,0.0,0.0,0.0,4.0,0.0,0.0
12028920,297.3791809082031,303.1499938964844,285.1499938964844,0.0,-0.0,290.9596862792969,0.0,0.0,2.558457189594937e-13,297.3282470703125,303.1499938964844,285.1499938964844,0.0,-0.0,290.9602966308594,0.0,0.0,2.694180328052104e-13,297.7360534667969,303.1499938964844,285.1499938964844,0.0,-0.0,290.9613647460937,0.0,0.0,1.989913225516893e-13,297.2670593261719,303.1499938964844,285.1499938964844,0.0,-0.0,290.9599304199219,0.0,0.0,2.694179514900475e-13,297.6663513183594,303.1499938964844,285.1499938964844,0.0,-0.0,290.9603576660156,0.0,0.0,1.2780023350353333e-12,290.9122009277344,294.1499938964844,281.8863220214844,281.35546875,282.3890075683594,280.7698059082031,290.39666748046875,0.0,0.0,0.0,0.0,1.0,1.0,1.5115428440154457e-12,1.395184528805633e-17,-1.5115568302234705e-12,1.6194223696405774e-12,0.0,0.0,0.0,1.4551915228366852e-11,60.0,1.3202831894432165e-07,-0.0,-5.066788513209878e-25,0.0,283.1443786621094,288.5085144042969,285.35308837890625,285.36309814453125,293.1499938964844,293.1499938964844,278.1499938964844,0.0,18000.0,313.1499938964844,0.0,18000.0,0.0,0.0,0.0,0.0,0.0,0.0,0.0,0.0,0.0,-0.0,-0.0,-0.0,-6.544322618950674e-21,-3.272161309475337e-21,-3.272161107526945e-21,0.0,0.0,-0.0,0.0,0.0,0.0,-0.0,0.0,0.0,0.0,0.0,0.0,4.0,0.0,0.0
12028980,297.3885192871094,303.1499938964844,285.1499938964844,0.0,-0.0,290.9596862792969,0.0,0.0,2.558457189594937e-13,297.3304443359375,303.1499938964844,285.1499938964844,0.0,-0.0,290.9602966308594,0.0,0.0,2.694180328052104e-13,297.7373046875,303.1499938964844,285.1499938964844,0.0,-0.0,290.9613647460937,0.0,0.0,1.989913225516893e-13,297.2714538574219,303.1499938964844,285.1499938964844,0.0,-0.0,290.9599304199219,0.0,0.0,2.694179514900475e-13,297.6683959960937,303.1499938964844,285.1499938964844,0.0,-0.0,290.9603576660156,0.0,0.0,1.2780023350353333e-12,290.9122009277344,294.1499938964844,282.01544189453125,281.48126220703125,282.3890075683594,280.7698059082031,290.39666748046875,0.0,0.0,0.0,0.0,1.0,1.0,1.5115428440154457e-12,1.395184528805633e-17,-1.5115568302234705e-12,1.6194223696405774e-12,0.0,0.0,0.0,1.4551915228366852e-11,60.0,1.2280591477065173e-07,-0.0,-5.066788513209878e-25,0.0,283.1443786621094,288.5085144042969,285.35308837890625,285.36309814453125,293.1499938964844,293.1499938964844,278.1499938964844,0.0,18000.0,313.1499938964844,0.0,18000.0,0.0,0.0,0.0,0.0,0.0,0.0,0.0,0.0,0.0,-0.0,-0.0,-0.0,-6.544322618950674e-21,-3.272161309475337e-21,-3.272161107526945e-21,0.0,0.0,-0.0,0.0,0.0,0.0,-0.0,0.0,0.0,0.0,0.0,0.0,4.0,0.0,0.0
12029040,297.3885192871094,303.1499938964844,285.1499938964844,0.0,-0.0,290.9596862792969,0.0,0.0,2.558457189594937e-13,297.3304443359375,303.1499938964844,285.1499938964844,0.0,-0.0,290.9602966308594,0.0,0.0,2.694180328052104e-13,297.7373046875,303.1499938964844,285.1499938964844,0.0,-0.0,290.9613647460937,0.0,0.0,1.989913225516893e-13,297.2714538574219,303.1499938964844,285.1499938964844,0.0,-0.0,290.9599304199219,0.0,0.0,2.694179514900475e-13,297.6683959960937,303.1499938964844,285.1499938964844,0.0,-0.0,290.9603576660156,0.0,0.0,1.2780023350353333e-12,290.9122009277344,294.1499938964844,282.01544189453125,281.48126220703125,282.3890075683594,280.7698059082031,290.39666748046875,0.0,0.0,0.0,0.0,1.0,1.0,1.5115428440154457e-12,1.395184528805633e-17,-1.5115568302234705e-12,1.6194223696405774e-12,0.0,0.0,0.0,1.4551915228366852e-11,60.0,1.2280591477065173e-07,-0.0,-5.066788513209878e-25,0.0,283.1443786621094,288.5085144042969,285.35308837890625,285.36309814453125,293.1499938964844,293.1499938964844,278.1499938964844,0.0,18000.0,313.1499938964844,0.0,18000.0,0.0,0.0,0.0,0.0,0.0,0.0,0.0,0.0,0.0,-0.0,-0.0,-0.0,-6.544322618950674e-21,-3.272161309475337e-21,-3.272161107526945e-21,0.0,0.0,-0.0,0.0,0.0,0.0,-0.0,0.0,0.0,0.0,0.0,0.0,4.0,0.0,0.0
12029100,297.393310546875,303.1499938964844,285.1499938964844,0.0,-0.0,290.9596862792969,0.0,0.0,0.0,297.3316345214844,303.1499938964844,285.1499938964844,0.0,-0.0,290.9602966308594,0.0,0.0,0.0,297.7380065917969,303.1499938964844,285.1499938964844,0.0,-0.0,290.9613647460937,0.0,0.0,0.0,297.2737121582031,303.1499938964844,285.1499938964844,0.0,-0.0,290.9599304199219,0.0,0.0,0.0,297.6694641113281,303.1499938964844,285.1499938964844,0.0,-0.0,290.9603576660156,0.0,0.0,0.0,290.9122009277344,294.1499938964844,282.0815124511719,281.5452880859375,282.3890075683594,280.7698059082031,290.39666748046875,0.0,0.0,0.0,0.0,1.0,1.0,-1.1996204810765798e-12,1.5993164912437138e-17,1.199604434884427e-12,-1.0360817022034283e-12,0.0,0.0,0.0,0.0,60.0,1.1795562215866084e-07,-0.0,-0.0,0.0,283.1443786621094,288.5085144042969,285.35308837890625,285.36309814453125,293.1499938964844,293.1499938964844,278.1499938964844,0.0,18000.0,313.1499938964844,0.0,18000.0,0.0,0.0,0.0,0.0,0.0,0.0,0.0,0.0,0.0,-0.0,-0.0,-0.0,-6.544322618950674e-21,-3.272161309475337e-21,-3.272161107526945e-21,0.0,0.0,-0.0,0.0,0.0,0.0,-0.0,0.0,0.0,0.0,0.0,0.0,4.0,0.0,0.0
12029160,297.398193359375,303.1499938964844,285.1499938964844,0.0,-0.0,290.9596862792969,0.0,0.0,0.0,297.3328552246094,303.1499938964844,285.1499938964844,0.0,-0.0,290.9602966308594,0.0,0.0,0.0,297.7387390136719,303.1499938964844,285.1499938964844,0.0,-0.0,290.9613647460937,0.0,0.0,0.0,297.2760009765625,303.1499938964844,285.1499938964844,0.0,-0.0,290.9599304199219,0.0,0.0,0.0,297.6705627441406,303.1499938964844,285.1499938964844,0.0,-0.0,290.9603576660156,0.0,0.0,0.0,290.9122009277344,294.1499938964844,282.1484680175781,281.6098937988281,282.3890075683594,280.7698059082031,290.39666748046875,0.0,0.0,0.0,0.0,1.0,1.0,-1.1996204810765798e-12,1.5993164912437138e-17,1.199604434884427e-12,-1.0360817022034283e-12,0.0,0.0,0.0,0.0,60.0,1.1447160375155364e-07,-0.0,-0.0,0.0,283.1443786621094,288.5085144042969,285.35308837890625,285.36309814453125,293.1499938964844,293.1499938964844,278.1499938964844,0.0,18000.0,313.1499938964844,0.0,18000.0,0.0,0.0,0.0,0.0,0.0,0.0,0.0,0.0,0.0,-0.0,-0.0,-0.0,-6.544322618950674e-21,-3.272161309475337e-21,-3.272161107526945e-21,0.0,0.0,-0.0,0.0,0.0,0.0,-0.0,0.0,0.0,0.0,0.0,0.0,4.0,0.0,0.0
12029220,297.4082336425781,303.1499938964844,285.1499938964844,0.0,-0.0,290.9596862792969,0.0,0.0,0.0,297.3354797363281,303.1499938964844,285.1499938964844,0.0,-0.0,290.9602966308594,0.0,0.0,0.0,297.7403869628906,303.1499938964844,285.1499938964844,0.0,-0.0,290.9613647460937,0.0,0.0,0.0,297.2807312011719,303.1499938964844,285.1499938964844,0.0,-0.0,290.9599304199219,0.0,0.0,0.0,297.6728820800781,303.1499938964844,285.1499938964844,0.0,-0.0,290.9603576660156,0.0,0.0,0.0,290.9122009277344,294.1499938964844,282.28466796875,281.7405090332031,282.3890075683594,280.7698059082031,290.39666748046875,0.0,0.0,0.0,0.0,1.0,1.0,-1.1996204810765798e-12,1.5993164912437138e-17,1.199604434884427e-12,-1.0360817022034283e-12,0.0,0.0,0.0,0.0,60.0,1.06524403520325e-07,-0.0,-0.0,0.0,283.1443786621094,288.5085144042969,285.35308837890625,285.36309814453125,293.1499938964844,293.1499938964844,278.1499938964844,0.0,18000.0,313.1499938964844,0.0,18000.0,0.0,0.0,0.0,0.0,0.0,0.0,0.0,0.0,0.0,-0.0,-0.0,-0.0,-6.544322618950674e-21,-3.272161309475337e-21,-3.272161107526945e-21,0.0,0.0,-0.0,0.0,0.0,0.0,-0.0,0.0,0.0,0.0,0.0,0.0,4.0,0.0,0.0
12029280,297.4082336425781,303.1499938964844,285.1499938964844,0.0,-0.0,290.9596862792969,0.0,0.0,0.0,297.3354797363281,303.1499938964844,285.1499938964844,0.0,-0.0,290.9602966308594,0.0,0.0,0.0,297.7403869628906,303.1499938964844,285.1499938964844,0.0,-0.0,290.9613647460937,0.0,0.0,0.0,297.2807312011719,303.1499938964844,285.1499938964844,0.0,-0.0,290.9599304199219,0.0,0.0,0.0,297.6728820800781,303.1499938964844,285.1499938964844,0.0,-0.0,290.9603576660156,0.0,0.0,0.0,290.9122009277344,294.1499938964844,282.28466796875,281.7405090332031,282.3890075683594,280.7698059082031,290.39666748046875,0.0,0.0,0.0,0.0,1.0,1.0,-1.1996204810765798e-12,1.5993164912437138e-17,1.199604434884427e-12,-1.0360817022034283e-12,0.0,0.0,0.0,0.0,60.0,1.06524403520325e-07,-0.0,-0.0,0.0,283.1443786621094,288.5085144042969,285.35308837890625,285.36309814453125,293.1499938964844,293.1499938964844,278.1499938964844,0.0,18000.0,313.1499938964844,0.0,18000.0,0.0,0.0,0.0,0.0,0.0,0.0,0.0,0.0,0.0,-0.0,-0.0,-0.0,-6.544322618950674e-21,-3.272161309475337e-21,-3.272161107526945e-21,0.0,0.0,-0.0,0.0,0.0,0.0,-0.0,0.0,0.0,0.0,0.0,0.0,4.0,0.0,0.0
12029340,297.4186096191406,303.1499938964844,285.1499938964844,0.0,-0.0,290.9596862792969,0.0,0.0,0.0,297.3382873535156,303.1499938964844,285.1499938964844,0.0,-0.0,290.9602966308594,0.0,0.0,0.0,297.74224853515625,303.1499938964844,285.1499938964844,0.0,-0.0,290.9613647460937,0.0,0.0,0.0,297.2855834960937,303.1499938964844,285.1499938964844,0.0,-0.0,290.9599304199219,0.0,0.0,0.0,297.67535400390625,303.1499938964844,285.1499938964844,0.0,-0.0,290.9603576660156,0.0,0.0,0.0,290.9122009277344,294.1499938964844,282.4232177734375,281.8721618652344,282.3890075683594,280.7698059082031,290.39666748046875,0.0,0.0,0.0,0.0,1.0,1.0,-1.1996204810765798e-12,1.5993164912437138e-17,1.199604434884427e-12,-1.0360817022034283e-12,0.0,0.0,0.0,0.0,60.0,9.88732224982414e-08,-0.0,-0.0,0.0,283.1443786621094,288.5085144042969,285.35308837890625,285.36309814453125,293.1499938964844,293.1499938964844,278.1499938964844,0.0,18000.0,313.1499938964844,0.0,18000.0,0.0,0.0,0.0,0.0,0.0,0.0,0.0,0.0,0.0,-0.0,-0.0,-0.0,-6.544322618950674e-21,-3.272161309475337e-21,-3.272161107526945e-21,0.0,0.0,-0.0,0.0,0.0,0.0,-0.0,0.0,0.0,0.0,0.0,0.0,4.0,0.0,0.0
12029400,297.4186096191406,303.1499938964844,285.1499938964844,0.0,-0.0,290.9596862792969,0.0,0.0,0.0,297.3382873535156,303.1499938964844,285.1499938964844,0.0,-0.0,290.9602966308594,0.0,0.0,0.0,297.74224853515625,303.1499938964844,285.1499938964844,0.0,-0.0,290.9613647460937,0.0,0.0,0.0,297.2855834960937,303.1499938964844,285.1499938964844,0.0,-0.0,290.9599304199219,0.0,0.0,0.0,297.67535400390625,303.1499938964844,285.1499938964844,0.0,-0.0,290.9603576660156,0.0,0.0,0.0,290.9122009277344,294.1499938964844,282.4232177734375,281.8721618652344,282.3890075683594,280.7698059082031,290.39666748046875,0.0,0.0,0.0,0.0,1.0,1.0,-1.1996204810765798e-12,1.5993164912437138e-17,1.199604434884427e-12,-1.0360817022034283e-12,0.0,0.0,0.0,0.0,60.0,9.88732224982414e-08,-0.0,-0.0,0.0,283.1443786621094,288.5085144042969,285.35308837890625,285.36309814453125,293.1499938964844,293.1499938964844,278.1499938964844,0.0,18000.0,313.1499938964844,0.0,18000.0,0.0,0.0,0.0,0.0,0.0,0.0,0.0,0.0,0.0,-0.0,-0.0,-0.0,-6.544322618950674e-21,-3.272161309475337e-21,-3.272161107526945e-21,0.0,0.0,-0.0,0.0,0.0,0.0,-0.0,0.0,0.0,0.0,0.0,0.0,4.0,0.0,0.0
12029460,297.4292907714844,303.1499938964844,285.1499938964844,0.0,-0.0,290.9596862792969,0.0,0.0,2.558457189594937e-13,297.3412780761719,303.1499938964844,285.1499938964844,0.0,-0.0,290.9602966308594,0.0,0.0,2.694180328052104e-13,297.7442626953125,303.1499938964844,285.1499938964844,0.0,-0.0,290.9613647460937,0.0,0.0,1.989913225516893e-13,297.29058837890625,303.1499938964844,285.1499938964844,0.0,-0.0,290.9599304199219,0.0,0.0,2.694179514900475e-13,297.6778869628906,303.1499938964844,285.1499938964844,0.0,-0.0,290.9603576660156,0.0,0.0,1.2780023350353333e-12,290.9122009277344,294.1499938964844,282.5633239746094,282.0040283203125,282.3890075683594,280.7698059082031,290.39666748046875,0.0,0.0,0.0,0.0,1.0,1.0,1.5115428440154457e-12,1.395184528805633e-17,-1.5115568302234705e-12,1.6194223696405774e-12,0.0,0.0,0.0,1.4551915228366852e-11,60.0,9.170025094817904e-08,-0.0,-5.066788513209878e-25,0.0,283.1443786621094,288.5085144042969,285.35308837890625,285.36309814453125,293.1499938964844,293.1499938964844,278.1499938964844,0.0,18000.0,313.1499938964844,0.0,18000.0,0.0,0.0,0.0,0.0,0.0,0.0,0.0,0.0,0.0,-0.0,-0.0,-0.0,-6.544322618950674e-21,-3.272161309475337e-21,-3.272161107526945e-21,0.0,0.0,-0.0,0.0,0.0,0.0,-0.0,0.0,0.0,0.0,0.0,0.0,4.0,0.0,0.0
12029520,297.4292907714844,303.1499938964844,285.1499938964844,0.0,-0.0,290.9596862792969,0.0,0.0,2.558457189594937e-13,297.3412780761719,303.1499938964844,285.1499938964844,0.0,-0.0,290.9602966308594,0.0,0.0,2.694180328052104e-13,297.7442626953125,303.1499938964844,285.1499938964844,0.0,-0.0,290.9613647460937,0.0,0.0,1.989913225516893e-13,297.29058837890625,303.1499938964844,285.1499938964844,0.0,-0.0,290.9599304199219,0.0,0.0,2.694179514900475e-13,297.6778869628906,303.1499938964844,285.1499938964844,0.0,-0.0,290.9603576660156,0.0,0.0,1.2780023350353333e-12,290.9122009277344,294.1499938964844,282.5633239746094,282.0040283203125,282.3890075683594,280.7698059082031,290.39666748046875,0.0,0.0,0.0,0.0,1.0,1.0,1.5115428440154457e-12,1.395184528805633e-17,-1.5115568302234705e-12,1.6194223696405774e-12,0.0,0.0,0.0,1.4551915228366852e-11,60.0,9.170025094817904e-08,-0.0,-5.066788513209878e-25,0.0,283.1443786621094,288.5085144042969,285.35308837890625,285.36309814453125,293.1499938964844,293.1499938964844,278.1499938964844,0.0,18000.0,313.1499938964844,0.0,18000.0,0.0,0.0,0.0,0.0,0.0,0.0,0.0,0.0,0.0,-0.0,-0.0,-0.0,-6.544322618950674e-21,-3.272161309475337e-21,-3.272161107526945e-21,0.0,0.0,-0.0,0.0,0.0,0.0,-0.0,0.0,0.0,0.0,0.0,0.0,4.0,0.0,0.0
12029580,297.4403076171875,303.1499938964844,285.1499938964844,0.0,-0.0,290.9596862792969,0.0,0.0,2.558457189594937e-13,297.34442138671875,303.1499938964844,285.1499938964844,0.0,-0.0,290.9602966308594,0.0,0.0,2.694180328052104e-13,297.7464599609375,303.1499938964844,285.1499938964844,0.0,-0.0,290.9613647460937,0.0,0.0,1.989913225516893e-13,297.2957458496094,303.1499938964844,285.1499938964844,0.0,-0.0,290.9599304199219,0.0,0.0,2.694179514900475e-13,297.6805725097656,303.1499938964844,285.1499938964844,0.0,-0.0,290.9603576660156,0.0,0.0,1.2780023350353333e-12,290.9122009277344,294.1499938964844,282.7042236328125,282.1352233886719,282.3890075683594,280.7698059082031,290.39666748046875,0.0,0.0,0.0,0.0,1.0,1.0,1.5115428440154457e-12,1.395184528805633e-17,-1.5115568302234705e-12,1.6194223696405774e-12,0.0,0.0,0.0,1.4551915228366852e-11,60.0,8.420847308343583e-08,-0.0,-5.066788513209878e-25,0.0,283.1443786621094,288.5085144042969,285.35308837890625,285.36309814453125,293.1499938964844,293.1499938964844,278.1499938964844,0.0,18000.0,313.1499938964844,0.0,18000.0,0.0,0.0,0.0,0.0,0.0,0.0,0.0,0.0,0.0,-0.0,-0.0,-0.0,-6.544322618950674e-21,-3.272161309475337e-21,-3.272161107526945e-21,0.0,0.0,-0.0,0.0,0.0,0.0,-0.0,0.0,0.0,0.0,0.0,0.0,4.0,0.0,0.0
12029640,297.4403076171875,303.1499938964844,285.1499938964844,0.0,-0.0,290.9596862792969,0.0,0.0,2.558457189594937e-13,297.34442138671875,303.1499938964844,285.1499938964844,0.0,-0.0,290.9602966308594,0.0,0.0,2.694180328052104e-13,297.7464599609375,303.1499938964844,285.1499938964844,0.0,-0.0,290.9613647460937,0.0,0.0,1.989913225516893e-13,297.2957458496094,303.1499938964844,285.1499938964844,0.0,-0.0,290.9599304199219,0.0,0.0,2.694179514900475e-13,297.6805725097656,303.1499938964844,285.1499938964844,0.0,-0.0,290.9603576660156,0.0,0.0,1.2780023350353333e-12,290.9122009277344,294.1499938964844,282.7042236328125,282.1352233886719,282.3890075683594,280.7698059082031,290.39666748046875,0.0,0.0,0.0,0.0,1.0,1.0,1.5115428440154457e-12,1.395184528805633e-17,-1.5115568302234705e-12,1.6194223696405774e-12,0.0,0.0,0.0,1.4551915228366852e-11,60.0,8.420847308343583e-08,-0.0,-5.066788513209878e-25,0.0,283.1443786621094,288.5085144042969,285.35308837890625,285.36309814453125,293.1499938964844,293.1499938964844,278.1499938964844,0.0,18000.0,313.1499938964844,0.0,18000.0,0.0,0.0,0.0,0.0,0.0,0.0,0.0,0.0,0.0,-0.0,-0.0,-0.0,-6.544322618950674e-21,-3.272161309475337e-21,-3.272161107526945e-21,0.0,0.0,-0.0,0.0,0.0,0.0,-0.0,0.0,0.0,0.0,0.0,0.0,4.0,0.0,0.0
12029700,297.4459533691406,303.1499938964844,285.1499938964844,0.0,-0.0,290.9596862792969,0.0,0.0,5.116914379189874e-13,297.3460693359375,303.1499938964844,285.1499938964844,0.0,-0.0,290.9602966308594,0.0,0.0,5.388360656104207e-13,297.74761962890625,303.1499938964844,285.1499938964844,0.0,-0.0,290.9613647460937,0.0,0.0,3.979826451033786e-13,297.29833984375,303.1499938964844,285.1499938964844,0.0,-0.0,290.9599304199219,0.0,0.0,5.38835902980095e-13,297.68194580078125,303.1499938964844,285.1499938964844,0.0,-0.0,290.9603576660156,0.0,0.0,2.5560046700706666e-12,290.9122009277344,294.1499938964844,282.7747497558594,282.2002868652344,282.3890075683594,280.7698059082031,290.39666748046875,0.0,0.0,0.0,0.0,1.0,1.0,1.5115428440154457e-12,1.395184528805633e-17,-1.5115568302234705e-12,1.6194223696405774e-12,0.0,0.0,0.0,2.9103830456733704e-11,60.0,8.07244546763286e-08,-0.0,-2.0267154052839512e-24,0.0,283.1443786621094,288.5085144042969,285.35308837890625,285.36309814453125,293.1499938964844,293.1499938964844,278.1499938964844,0.0,18000.0,313.1499938964844,0.0,18000.0,0.0,0.0,0.0,0.0,0.0,0.0,0.0,0.0,0.0,-0.0,-0.0,-0.0,-6.544322618950674e-21,-3.272161309475337e-21,-3.272161107526945e-21,0.0,0.0,-0.0,0.0,0.0,0.0,-0.0,0.0,0.0,0.0,0.0,0.0,4.0,0.0,0.0
12029760,297.4516906738281,303.1499938964844,285.1499938964844,0.0,-0.0,290.9596862792969,0.0,0.0,2.558457189594937e-13,297.3477478027344,303.1499938964844,285.1499938964844,0.0,-0.0,290.9602966308594,0.0,0.0,2.694180328052104e-13,297.74884033203125,303.1499938964844,285.1499938964844,0.0,-0.0,290.9613647460937,0.0,0.0,1.989913225516893e-13,297.3009948730469,303.1499938964844,285.1499938964844,0.0,-0.0,290.9599304199219,0.0,0.0,2.694179514900475e-13,297.683349609375,303.1499938964844,285.1499938964844,0.0,-0.0,290.9603576660156,0.0,0.0,1.2780023350353333e-12,290.9122009277344,294.1499938964844,282.8451538085937,282.26483154296875,282.3890075683594,280.7698059082031,290.39666748046875,0.0,0.0,0.0,0.0,1.0,1.0,1.5115428440154457e-12,1.395184528805633e-17,-1.5115568302234705e-12,1.6194223696405774e-12,0.0,0.0,0.0,1.4551915228366852e-11,60.0,7.74909238998589e-08,-0.0,-5.066788513209878e-25,0.0,283.1443786621094,288.5085144042969,285.35308837890625,285.36309814453125,293.1499938964844,293.1499938964844,278.1499938964844,0.0,18000.0,313.1499938964844,0.0,18000.0,0.0,0.0,0.0,0.0,0.0,0.0,0.0,0.0,0.0,-0.0,-0.0,-0.0,-6.544322618950674e-21,-3.272161309475337e-21,-3.272161107526945e-21,0.0,0.0,-0.0,0.0,0.0,0.0,-0.0,0.0,0.0,0.0,0.0,0.0,4.0,0.0,0.0
12029820,297.4634704589844,303.1499938964844,285.1499938964844,0.0,-0.0,290.9596862792969,0.0,0.0,0.0,297.3511962890625,303.1499938964844,285.1499938964844,0.0,-0.0,290.9602966308594,0.0,0.0,0.0,297.7513427734375,303.1499938964844,285.1499938964844,0.0,-0.0,290.9613647460937,0.0,0.0,0.0,297.3063659667969,303.1499938964844,285.1499938964844,0.0,-0.0,290.9599304199219,0.0,0.0,0.0,297.6861877441406,303.1499938964844,285.1499938964844,0.0,-0.0,290.9603576660156,0.0,0.0,0.0,290.9122009277344,294.1499938964844,282.9852600097656,282.3919982910156,282.3890075683594,280.7698059082031,290.39666748046875,0.0,0.0,0.0,0.0,1.0,1.0,1.455885650751554e-12,1.33334326544025e-17,-1.4558989864382754e-12,3.3008990506233626e-12,0.0,0.0,0.0,1.4551915228366852e-11,60.0,7.23445978678683e-08,-0.0,-0.0,0.0,283.1443786621094,288.5085144042969,285.35308837890625,285.36309814453125,293.1499938964844,293.1499938964844,278.1499938964844,0.0,18000.0,313.1499938964844,0.0,18000.0,0.0,0.0,0.0,0.0,0.0,0.0,0.0,0.0,0.0,-0.0,-0.0,-0.0,-6.544322618950674e-21,-3.272161309475337e-21,-3.272161107526945e-21,0.0,0.0,-0.0,0.0,0.0,0.0,-0.0,0.0,0.0,0.0,0.0,0.0,4.0,0.0,0.0
12029880,297.4634704589844,303.1499938964844,285.1499938964844,0.0,-0.0,290.9596862792969,0.0,0.0,0.0,297.3511962890625,303.1499938964844,285.1499938964844,0.0,-0.0,290.9602966308594,0.0,0.0,0.0,297.7513427734375,303.1499938964844,285.1499938964844,0.0,-0.0,290.9613647460937,0.0,0.0,0.0,297.3063659667969,303.1499938964844,285.1499938964844,0.0,-0.0,290.9599304199219,0.0,0.0,0.0,297.6861877441406,303.1499938964844,285.1499938964844,0.0,-0.0,290.9603576660156,0.0,0.0,0.0,290.9122009277344,294.1499938964844,282.9852600097656,282.3919982910156,282.3890075683594,280.7698059082031,290.39666748046875,0.0,0.0,0.0,0.0,1.0,1.0,1.455885650751554e-12,1.33334326544025e-17,-1.4558989864382754e-12,3.3008990506233626e-12,0.0,0.0,0.0,1.4551915228366852e-11,60.0,7.23445978678683e-08,-0.0,-0.0,0.0,283.1443786621094,288.5085144042969,285.35308837890625,285.36309814453125,293.1499938964844,293.1499938964844,278.1499938964844,0.0,18000.0,313.1499938964844,0.0,18000.0,0.0,0.0,0.0,0.0,0.0,0.0,0.0,0.0,0.0,-0.0,-0.0,-0.0,-6.544322618950674e-21,-3.272161309475337e-21,-3.272161107526945e-21,0.0,0.0,-0.0,0.0,0.0,0.0,-0.0,0.0,0.0,0.0,0.0,0.0,4.0,0.0,0.0
12029940,297.4761657714844,303.1499938964844,285.1499938964844,0.0,-0.0,290.9596862792969,0.0,0.0,0.0,297.3548278808594,303.1499938964844,285.1499938964844,0.0,-0.0,290.9602966308594,0.0,0.0,0.0,297.7540283203125,303.1499938964844,285.1499938964844,0.0,-0.0,290.9613647460937,0.0,0.0,0.0,297.3120422363281,303.1499938964844,285.1499938964844,0.0,-0.0,290.9599304199219,0.0,0.0,0.0,297.6891784667969,303.1499938964844,285.1499938964844,0.0,-0.0,290.9603576660156,0.0,0.0,0.0,290.9122009277344,294.1499938964844,283.1238098144531,282.5157775878906,282.3890075683594,280.7698059082031,290.39666748046875,0.0,0.0,0.0,0.0,1.0,1.0,-1.1996204810765798e-12,1.5993164912437138e-17,1.199604434884427e-12,-1.0360817022034283e-12,0.0,0.0,0.0,0.0,60.0,5.8750096343374025e-08,-0.0,-0.0,0.0,283.1443786621094,288.5085144042969,285.35308837890625,285.36309814453125,293.1499938964844,293.1499938964844,278.1499938964844,0.0,18000.0,313.1499938964844,0.0,18000.0,0.0,0.0,0.0,0.0,0.0,0.0,0.0,0.0,0.0,-0.0,-0.0,-0.0,-6.544322618950674e-21,-3.272161309475337e-21,-3.272161107526945e-21,0.0,0.0,-0.0,0.0,0.0,0.0,-0.0,0.0,0.0,0.0,0.0,0.0,4.0,0.0,0.0
12030000,297.4761657714844,303.1499938964844,285.1499938964844,0.0,-0.0,290.9596862792969,0.0,0.0,0.0,297.3548278808594,303.1499938964844,285.1499938964844,0.0,-0.0,290.9602966308594,0.0,0.0,0.0,297.7540283203125,303.1499938964844,285.1499938964844,0.0,-0.0,290.9613647460937,0.0,0.0,0.0,297.3120422363281,303.1499938964844,285.1499938964844,0.0,-0.0,290.9599304199219,0.0,0.0,0.0,297.6891784667969,303.1499938964844,285.1499938964844,0.0,-0.0,290.9603576660156,0.0,0.0,0.0,290.9122009277344,294.1499938964844,283.1238098144531,282.5157775878906,282.3890075683594,280.7698059082031,290.39666748046875,0.0,0.0,0.0,0.0,1.0,1.0,-1.1996204810765798e-12,1.5993164912437138e-17,1.199604434884427e-12,-1.0360817022034283e-12,0.0,0.0,0.0,0.0,60.0,5.8750096343374025e-08,-0.0,-0.0,0.0,283.1443786621094,288.5085144042969,285.35308837890625,285.36309814453125,293.1499938964844,293.1499938964844,278.1499938964844,0.0,18000.0,313.1499938964844,0.0,18000.0,0.0,0.0,0.0,0.0,0.0,0.0,0.0,0.0,0.0,-0.0,-0.0,-0.0,-6.544322618950674e-21,-3.272161309475337e-21,-3.272161107526945e-21,0.0,0.0,-0.0,0.0,0.0,0.0,-0.0,0.0,0.0,0.0,0.0,0.0,4.0,0.0,0.0
12030060,297.4901123046875,303.1499938964844,285.1499938964844,0.0,-0.0,290.9596862792969,0.0,0.0,0.0,297.3586730957031,303.1499938964844,285.1499938964844,0.0,-0.0,290.9602966308594,0.0,0.0,0.0,297.7569580078125,303.1499938964844,285.1499938964844,0.0,-0.0,290.9613647460937,0.0,0.0,0.0,297.318115234375,303.1499938964844,285.1499938964844,0.0,-0.0,290.9599304199219,0.0,0.0,0.0,297.6923217773437,303.1499938964844,285.1499938964844,0.0,-0.0,290.9603576660156,0.0,0.0,0.0,290.9122009277344,294.1499938964844,283.260009765625,282.6353454589844,282.3890075683594,280.7698059082031,290.39666748046875,0.0,0.0,0.0,0.0,1.0,1.0,-1.1996204810765798e-12,1.5993164912437138e-17,1.199604434884427e-12,-1.0360817022034283e-12,0.0,0.0,0.0,0.0,60.0,5.362654320606453e-08,-0.0,-0.0,0.0,283.1443786621094,288.5085144042969,285.35308837890625,285.36309814453125,293.1499938964844,293.1499938964844,278.1499938964844,0.0,18000.0,313.1499938964844,0.0,18000.0,0.0,0.0,0.0,0.0,0.0,0.0,0.0,0.0,0.0,-0.0,-0.0,-0.0,-6.544322618950674e-21,-3.272161309475337e-21,-3.272161107526945e-21,0.0,0.0,-0.0,0.0,0.0,0.0,-0.0,0.0,0.0,0.0,0.0,0.0,4.0,0.0,0.0
12030120,297.4901123046875,303.1499938964844,285.1499938964844,0.0,-0.0,290.9596862792969,0.0,0.0,0.0,297.3586730957031,303.1499938964844,285.1499938964844,0.0,-0.0,290.9602966308594,0.0,0.0,0.0,297.7569580078125,303.1499938964844,285.1499938964844,0.0,-0.0,290.9613647460937,0.0,0.0,0.0,297.318115234375,303.1499938964844,285.1499938964844,0.0,-0.0,290.9599304199219,0.0,0.0,0.0,297.6923217773437,303.1499938964844,285.1499938964844,0.0,-0.0,290.9603576660156,0.0,0.0,0.0,290.9122009277344,294.1499938964844,283.260009765625,282.6353454589844,282.3890075683594,280.7698059082031,290.39666748046875,0.0,0.0,0.0,0.0,1.0,1.0,-1.1996204810765798e-12,1.5993164912437138e-17,1.199604434884427e-12,-1.0360817022034283e-12,0.0,0.0,0.0,0.0,60.0,5.362654320606453e-08,-0.0,-0.0,0.0,283.1443786621094,288.5085144042969,285.35308837890625,285.36309814453125,293.1499938964844,293.1499938964844,278.1499938964844,0.0,18000.0,313.1499938964844,0.0,18000.0,0.0,0.0,0.0,0.0,0.0,0.0,0.0,0.0,0.0,-0.0,-0.0,-0.0,-6.544322618950674e-21,-3.272161309475337e-21,-3.272161107526945e-21,0.0,0.0,-0.0,0.0,0.0,0.0,-0.0,0.0,0.0,0.0,0.0,0.0,4.0,0.0,0.0
12030180,297.5048522949219,303.1499938964844,285.1499938964844,0.0,-0.0,290.9596862792969,0.0,0.0,2.558457189594937e-13,297.3626708984375,303.1499938964844,285.1499938964844,0.0,-0.0,290.9602966308594,0.0,0.0,2.694180328052104e-13,297.7600402832031,303.1499938964844,285.1499938964844,0.0,-0.0,290.9613647460937,0.0,0.0,1.989913225516893e-13,297.32440185546875,303.1499938964844,285.1499938964844,0.0,-0.0,290.9599304199219,0.0,0.0,2.694179514900475e-13,297.6956481933594,303.1499938964844,285.1499938964844,0.0,-0.0,290.9603576660156,0.0,0.0,1.2780023350353333e-12,290.9122009277344,294.1499938964844,283.3930358886719,282.74981689453125,282.3890075683594,280.7698059082031,290.39666748046875,0.0,0.0,0.0,0.0,1.0,1.0,4.222706385947905e-12,1.1910525663675517e-17,-4.222718095331368e-12,4.274926333064366e-12,0.0,0.0,0.0,1.4551915228366852e-11,60.0,5.58353647761578e-08,-0.0,-5.066788513209878e-25,0.0,283.1443786621094,288.5085144042969,285.35308837890625,285.36309814453125,293.1499938964844,293.1499938964844,278.1499938964844,0.0,18000.0,313.1499938964844,0.0,18000.0,0.0,0.0,0.0,0.0,0.0,0.0,0.0,0.0,0.0,-0.0,-0.0,-0.0,-6.544322618950674e-21,-3.272161309475337e-21,-3.272161107526945e-21,0.0,0.0,-0.0,0.0,0.0,0.0,-0.0,0.0,0.0,0.0,0.0,0.0,4.0,0.0,0.0
12030240,297.5048522949219,303.1499938964844,285.1499938964844,0.0,-0.0,290.9596862792969,0.0,0.0,2.558457189594937e-13,297.3626708984375,303.1499938964844,285.1499938964844,0.0,-0.0,290.9602966308594,0.0,0.0,2.694180328052104e-13,297.7600402832031,303.1499938964844,285.1499938964844,0.0,-0.0,290.9613647460937,0.0,0.0,1.989913225516893e-13,297.32440185546875,303.1499938964844,285.1499938964844,0.0,-0.0,290.9599304199219,0.0,0.0,2.694179514900475e-13,297.6956481933594,303.1499938964844,285.1499938964844,0.0,-0.0,290.9603576660156,0.0,0.0,1.2780023350353333e-12,290.9122009277344,294.1499938964844,283.3930358886719,282.74981689453125,282.3890075683594,280.7698059082031,290.39666748046875,0.0,0.0,0.0,0.0,1.0,1.0,4.222706385947905e-12,1.1910525663675517e-17,-4.222718095331368e-12,4.274926333064366e-12,0.0,0.0,0.0,1.4551915228366852e-11,60.0,5.58353647761578e-08,-0.0,-5.066788513209878e-25,0.0,283.1443786621094,288.5085144042969,285.35308837890625,285.36309814453125,293.1499938964844,293.1499938964844,278.1499938964844,0.0,18000.0,313.1499938964844,0.0,18000.0,0.0,0.0,0.0,0.0,0.0,0.0,0.0,0.0,0.0,-0.0,-0.0,-0.0,-6.544322618950674e-21,-3.272161309475337e-21,-3.272161107526945e-21,0.0,0.0,-0.0,0.0,0.0,0.0,-0.0,0.0,0.0,0.0,0.0,0.0,4.0,0.0,0.0
12030300,297.5124816894531,303.1499938964844,285.1499938964844,0.0,-0.0,290.9596862792969,0.0,0.0,0.0,297.36474609375,303.1499938964844,285.1499938964844,0.0,-0.0,290.9602966308594,0.0,0.0,0.0,297.7616271972656,303.1499938964844,285.1499938964844,0.0,-0.0,290.9613647460937,0.0,0.0,0.0,297.3276062011719,303.1499938964844,285.1499938964844,0.0,-0.0,290.9599304199219,0.0,0.0,0.0,297.6973876953125,303.1499938964844,285.1499938964844,0.0,-0.0,290.9603576660156,0.0,0.0,0.0,290.9122009277344,294.1499938964844,283.4581604003906,282.8048400878906,282.3890075683594,280.7698059082031,290.39666748046875,0.0,0.0,0.0,0.0,1.0,1.0,-1.1996204810765798e-12,1.5993164912437138e-17,1.199604434884427e-12,-1.0360817022034283e-12,0.0,0.0,0.0,0.0,60.0,5.4423537676484563e-08,-0.0,-0.0,0.0,283.1443786621094,288.5085144042969,285.35308837890625,285.36309814453125,293.1499938964844,293.1499938964844,278.1499938964844,0.0,18000.0,313.1499938964844,0.0,18000.0,0.0,0.0,0.0,0.0,0.0,0.0,0.0,0.0,0.0,-0.0,-0.0,-0.0,-6.544322618950674e-21,-3.272161309475337e-21,-3.272161107526945e-21,0.0,0.0,-0.0,0.0,0.0,0.0,-0.0,0.0,0.0,0.0,0.0,0.0,4.0,0.0,0.0
12030360,297.52020263671875,303.1499938964844,285.1499938964844,0.0,-0.0,290.9596862792969,0.0,0.0,2.558457189594937e-13,297.3668518066406,303.1499938964844,285.1499938964844,0.0,-0.0,290.9602966308594,0.0,0.0,2.694180328052104e-13,297.7632751464844,303.1499938964844,285.1499938964844,0.0,-0.0,290.9613647460937,0.0,0.0,1.989913225516893e-13,297.3308410644531,303.1499938964844,285.1499938964844,0.0,-0.0,290.9599304199219,0.0,0.0,2.694179514900475e-13,297.6991271972656,303.1499938964844,285.1499938964844,0.0,-0.0,290.9603576660156,0.0,0.0,1.2780023350353333e-12,290.9122009277344,294.1499938964844,283.52215576171875,282.8582458496094,282.3890075683594,280.7698059082031,290.39666748046875,0.0,0.0,0.0,0.0,1.0,1.0,1.5115428440154457e-12,1.395184528805633e-17,-1.5115568302234705e-12,1.6194223696405774e-12,0.0,0.0,0.0,1.4551915228366852e-11,60.0,5.3512685838086333e-08,-0.0,-5.066788513209878e-25,0.0,283.1443786621094,288.5085144042969,285.35308837890625,285.36309814453125,293.1499938964844,293.1499938964844,278.1499938964844,0.0,18000.0,313.1499938964844,0.0,18000.0,0.0,0.0,0.0,0.0,0.0,0.0,0.0,0.0,0.0,-0.0,-0.0,-0.0,-6.544322618950674e-21,-3.272161309475337e-21,-3.272161107526945e-21,0.0,0.0,-0.0,0.0,0.0,0.0,-0.0,0.0,0.0,0.0,0.0,0.0,4.0,0.0,0.0
12030420,297.53594970703125,303.1499938964844,285.1499938964844,0.0,-0.0,290.9596862792969,0.0,0.0,2.558457189594937e-13,297.37115478515625,303.1499938964844,285.1499938964844,0.0,-0.0,290.9602966308594,0.0,0.0,2.694180328052104e-13,297.7666320800781,303.1499938964844,285.1499938964844,0.0,-0.0,290.9613647460937,0.0,0.0,1.989913225516893e-13,297.3373107910156,303.1499938964844,285.1499938964844,0.0,-0.0,290.9599304199219,0.0,0.0,2.694179514900475e-13,297.7027587890625,303.1499938964844,285.1499938964844,0.0,-0.0,290.9603576660156,0.0,0.0,1.2780023350353333e-12,290.9122009277344,294.1499938964844,283.6465759277344,282.95977783203125,282.3890075683594,280.7698059082031,290.39666748046875,0.0,0.0,0.0,0.0,1.0,1.0,1.5115428440154457e-12,1.395184528805633e-17,-1.5115568302234705e-12,1.6194223696405774e-12,0.0,0.0,0.0,1.4551915228366852e-11,60.0,4.9208900065877976e-08,-0.0,-5.066788513209878e-25,0.0,283.1443786621094,288.5085144042969,285.35308837890625,285.36309814453125,293.1499938964844,293.1499938964844,278.1499938964844,0.0,18000.0,313.1499938964844,0.0,18000.0,0.0,0.0,0.0,0.0,0.0,0.0,0.0,0.0,0.0,-0.0,-0.0,-0.0,-6.544322618950674e-21,-3.272161309475337e-21,-3.272161107526945e-21,0.0,0.0,-0.0,0.0,0.0,0.0,-0.0,0.0,0.0,0.0,0.0,0.0,4.0,0.0,0.0
12030480,297.53594970703125,303.1499938964844,285.1499938964844,0.0,-0.0,290.9596862792969,0.0,0.0,2.558457189594937e-13,297.37115478515625,303.1499938964844,285.1499938964844,0.0,-0.0,290.9602966308594,0.0,0.0,2.694180328052104e-13,297.7666320800781,303.1499938964844,285.1499938964844,0.0,-0.0,290.9613647460937,0.0,0.0,1.989913225516893e-13,297.3373107910156,303.1499938964844,285.1499938964844,0.0,-0.0,290.9599304199219,0.0,0.0,2.694179514900475e-13,297.7027587890625,303.1499938964844,285.1499938964844,0.0,-0.0,290.9603576660156,0.0,0.0,1.2780023350353333e-12,290.9122009277344,294.1499938964844,283.6465759277344,282.95977783203125,282.3890075683594,280.7698059082031,290.39666748046875,0.0,0.0,0.0,0.0,1.0,1.0,1.5115428440154457e-12,1.395184528805633e-17,-1.5115568302234705e-12,1.6194223696405774e-12,0.0,0.0,0.0,1.4551915228366852e-11,60.0,4.9208900065877976e-08,-0.0,-5.066788513209878e-25,0.0,283.1443786621094,288.5085144042969,285.35308837890625,285.36309814453125,293.1499938964844,293.1499938964844,278.1499938964844,0.0,18000.0,313.1499938964844,0.0,18000.0,0.0,0.0,0.0,0.0,0.0,0.0,0.0,0.0,0.0,-0.0,-0.0,-0.0,-6.544322618950674e-21,-3.272161309475337e-21,-3.272161107526945e-21,0.0,0.0,-0.0,0.0,0.0,0.0,-0.0,0.0,0.0,0.0,0.0,0.0,4.0,0.0,0.0
12030540,297.5521545410156,303.1499938964844,285.1499938964844,0.0,-0.0,290.9596862792969,0.0,0.0,2.558457189594937e-13,297.37554931640625,303.1499938964844,285.1499938964844,0.0,-0.0,290.9602966308594,0.0,0.0,2.694180328052104e-13,297.77008056640625,303.1499938964844,285.1499938964844,0.0,-0.0,290.9613647460937,0.0,0.0,1.989913225516893e-13,297.34381103515625,303.1499938964844,285.1499938964844,0.0,-0.0,290.9599304199219,0.0,0.0,2.694179514900475e-13,297.7064819335937,303.1499938964844,285.1499938964844,0.0,-0.0,290.9603576660156,0.0,0.0,1.2780023350353333e-12,290.9122009277344,294.1499938964844,283.7654724121094,283.05352783203125,282.3890075683594,280.7698059082031,290.39666748046875,0.0,0.0,0.0,0.0,1.0,1.0,1.5115428440154457e-12,1.395184528805633e-17,-1.5115568302234705e-12,1.6194223696405774e-12,0.0,0.0,0.0,1.4551915228366852e-11,60.0,4.542885534419838e-08,-0.0,-5.066788513209878e-25,0.0,283.1443786621094,288.5085144042969,285.35308837890625,285.36309814453125,293.1499938964844,293.1499938964844,278.1499938964844,0.0,18000.0,313.1499938964844,0.0,18000.0,0.0,0.0,0.0,0.0,0.0,0.0,0.0,0.0,0.0,-0.0,-0.0,-0.0,-6.544322618950674e-21,-3.272161309475337e-21,-3.272161107526945e-21,0.0,0.0,-0.0,0.0,0.0,0.0,-0.0,0.0,0.0,0.0,0.0,0.0,4.0,0.0,0.0
12030600,297.5521545410156,303.1499938964844,285.1499938964844,0.0,-0.0,290.9596862792969,0.0,0.0,2.558457189594937e-13,297.37554931640625,303.1499938964844,285.1499938964844,0.0,-0.0,290.9602966308594,0.0,0.0,2.694180328052104e-13,297.77008056640625,303.1499938964844,285.1499938964844,0.0,-0.0,290.9613647460937,0.0,0.0,1.989913225516893e-13,297.34381103515625,303.1499938964844,285.1499938964844,0.0,-0.0,290.9599304199219,0.0,0.0,2.694179514900475e-13,297.7064819335937,303.1499938964844,285.1499938964844,0.0,-0.0,290.9603576660156,0.0,0.0,1.2780023350353333e-12,290.9122009277344,294.1499938964844,283.7654724121094,283.05352783203125,282.3890075683594,280.7698059082031,290.39666748046875,0.0,0.0,0.0,0.0,1.0,1.0,1.5115428440154457e-12,1.395184528805633e-17,-1.5115568302234705e-12,1.6194223696405774e-12,0.0,0.0,0.0,1.4551915228366852e-11,60.0,4.542885534419838e-08,-0.0,-5.066788513209878e-25,0.0,283.1443786621094,288.5085144042969,285.35308837890625,285.36309814453125,293.1499938964844,293.1499938964844,278.1499938964844,0.0,18000.0,313.1499938964844,0.0,18000.0,0.0,0.0,0.0,0.0,0.0,0.0,0.0,0.0,0.0,-0.0,-0.0,-0.0,-6.544322618950674e-21,-3.272161309475337e-21,-3.272161107526945e-21,0.0,0.0,-0.0,0.0,0.0,0.0,-0.0,0.0,0.0,0.0,0.0,0.0,4.0,0.0,0.0
12030660,297.5688171386719,303.1499938964844,285.1499938964844,0.0,-0.0,290.9596862792969,0.0,0.0,0.0,297.3800354003906,303.1499938964844,285.1499938964844,0.0,-0.0,290.9602966308594,0.0,0.0,0.0,297.7735900878906,303.1499938964844,285.1499938964844,0.0,-0.0,290.9613647460937,0.0,0.0,0.0,297.3503112792969,303.1499938964844,285.1499938964844,0.0,-0.0,290.9599304199219,0.0,0.0,0.0,297.71026611328125,303.1499938964844,285.1499938964844,0.0,-0.0,290.9603576660156,0.0,0.0,0.0,290.9122009277344,294.1499938964844,283.8780822753906,283.1386108398437,282.3890075683594,280.7698059082031,290.39666748046875,0.0,0.0,0.0,0.0,1.0,1.0,1.455885650751554e-12,1.33334326544025e-17,-1.4558989864382754e-12,3.3008990506233626e-12,0.0,0.0,0.0,1.4551915228366852e-11,60.0,4.283291943352197e-08,-0.0,-0.0,0.0,283.1443786621094,288.5085144042969,285.35308837890625,285.36309814453125,293.1499938964844,293.1499938964844,278.1499938964844,0.0,18000.0,313.1499938964844,0.0,18000.0,0.0,0.0,0.0,0.0,0.0,0.0,0.0,0.0,0.0,-0.0,-0.0,-0.0,-6.544322618950674e-21,-3.272161309475337e-21,-3.272161107526945e-21,0.0,0.0,-0.0,0.0,0.0,0.0,-0.0,0.0,0.0,0.0,0.0,0.0,4.0,0.0,0.0
12030720,297.5688171386719,303.1499938964844,285.1499938964844,0.0,-0.0,290.9596862792969,0.0,0.0,0.0,297.3800354003906,303.1499938964844,285.1499938964844,0.0,-0.0,290.9602966308594,0.0,0.0,0.0,297.7735900878906,303.1499938964844,285.1499938964844,0.0,-0.0,290.9613647460937,0.0,0.0,0.0,297.3503112792969,303.1499938964844,285.1499938964844,0.0,-0.0,290.9599304199219,0.0,0.0,0.0,297.71026611328125,303.1499938964844,285.1499938964844,0.0,-0.0,290.9603576660156,0.0,0.0,0.0,290.9122009277344,294.1499938964844,283.8780822753906,283.1386108398437,282.3890075683594,280.7698059082031,290.39666748046875,0.0,0.0,0.0,0.0,1.0,1.0,1.455885650751554e-12,1.33334326544025e-17,-1.4558989864382754e-12,3.3008990506233626e-12,0.0,0.0,0.0,1.4551915228366852e-11,60.0,4.283291943352197e-08,-0.0,-0.0,0.0,283.1443786621094,288.5085144042969,285.35308837890625,285.36309814453125,293.1499938964844,293.1499938964844,278.1499938964844,0.0,18000.0,313.1499938964844,0.0,18000.0,0.0,0.0,0.0,0.0,0.0,0.0,0.0,0.0,0.0,-0.0,-0.0,-0.0,-6.544322618950674e-21,-3.272161309475337e-21,-3.272161107526945e-21,0.0,0.0,-0.0,0.0,0.0,0.0,-0.0,0.0,0.0,0.0,0.0,0.0,4.0,0.0,0.0
12030780,297.5859680175781,303.1499938964844,285.1499938964844,0.0,-0.0,290.9596862792969,0.0,0.0,2.558457189594937e-13,297.3846130371094,303.1499938964844,285.1499938964844,0.0,-0.0,290.9602966308594,0.0,0.0,2.694180328052104e-13,297.7771911621094,303.1499938964844,285.1499938964844,0.0,-0.0,290.9613647460937,0.0,0.0,1.989913225516893e-13,297.3568115234375,303.1499938964844,285.1499938964844,0.0,-0.0,290.9599304199219,0.0,0.0,2.694179514900475e-13,297.714111328125,303.1499938964844,285.1499938964844,0.0,-0.0,290.9603576660156,0.0,0.0,1.2780023350353333e-12,290.9122009277344,294.1499938964844,283.983642578125,283.21417236328125,282.3890075683594,280.7698059082031,290.39666748046875,0.0,0.0,0.0,0.0,1.0,1.0,1.5115428440154457e-12,1.395184528805633e-17,-1.5115568302234705e-12,1.6194223696405774e-12,0.0,0.0,0.0,1.4551915228366852e-11,60.0,3.9303358789766214e-08,-0.0,-5.066788513209878e-25,0.0,283.1443786621094,288.5085144042969,285.35308837890625,285.36309814453125,293.1499938964844,293.1499938964844,278.1499938964844,0.0,18000.0,313.1499938964844,0.0,18000.0,0.0,0.0,0.0,0.0,0.0,0.0,0.0,0.0,0.0,-0.0,-0.0,-0.0,-6.544322618950674e-21,-3.272161309475337e-21,-3.272161107526945e-21,0.0,0.0,-0.0,0.0,0.0,0.0,-0.0,0.0,0.0,0.0,0.0,0.0,4.0,0.0,0.0
12030840,297.5859680175781,303.1499938964844,285.1499938964844,0.0,-0.0,290.9596862792969,0.0,0.0,2.558457189594937e-13,297.3846130371094,303.1499938964844,285.1499938964844,0.0,-0.0,290.9602966308594,0.0,0.0,2.694180328052104e-13,297.7771911621094,303.1499938964844,285.1499938964844,0.0,-0.0,290.9613647460937,0.0,0.0,1.989913225516893e-13,297.3568115234375,303.1499938964844,285.1499938964844,0.0,-0.0,290.9599304199219,0.0,0.0,2.694179514900475e-13,297.714111328125,303.1499938964844,285.1499938964844,0.0,-0.0,290.9603576660156,0.0,0.0,1.2780023350353333e-12,290.9122009277344,294.1499938964844,283.983642578125,283.21417236328125,282.3890075683594,280.7698059082031,290.39666748046875,0.0,0.0,0.0,0.0,1.0,1.0,1.5115428440154457e-12,1.395184528805633e-17,-1.5115568302234705e-12,1.6194223696405774e-12,0.0,0.0,0.0,1.4551915228366852e-11,60.0,3.9303358789766214e-08,-0.0,-5.066788513209878e-25,0.0,283.1443786621094,288.5085144042969,285.35308837890625,285.36309814453125,293.1499938964844,293.1499938964844,278.1499938964844,0.0,18000.0,313.1499938964844,0.0,18000.0,0.0,0.0,0.0,0.0,0.0,0.0,0.0,0.0,0.0,-0.0,-0.0,-0.0,-6.544322618950674e-21,-3.272161309475337e-21,-3.272161107526945e-21,0.0,0.0,-0.0,0.0,0.0,0.0,-0.0,0.0,0.0,0.0,0.0,0.0,4.0,0.0,0.0
12030900,297.5947265625,303.1499938964844,285.1499938964844,0.0,-0.0,290.9596862792969,0.0,0.0,2.558457189594937e-13,297.38690185546875,303.1499938964844,285.1499938964844,0.0,-0.0,290.9602966308594,0.0,0.0,2.694180328052104e-13,297.77899169921875,303.1499938964844,285.1499938964844,0.0,-0.0,290.9613647460937,0.0,0.0,1.989913225516893e-13,297.36004638671875,303.1499938964844,285.1499938964844,0.0,-0.0,290.9599304199219,0.0,0.0,2.694179514900475e-13,297.716064453125,303.1499938964844,285.1499938964844,0.0,-0.0,290.9603576660156,0.0,0.0,1.2780023350353333e-12,290.9122009277344,294.1499938964844,284.03350830078125,283.2480773925781,282.3890075683594,280.7698059082031,290.3966369628906,0.0,0.0,0.0,0.0,1.0,1.0,1.5115428440154457e-12,1.395184528805633e-17,-1.5115568302234705e-12,1.6194223696405774e-12,0.0,0.0,0.0,1.4551915228366852e-11,60.0,3.75044209022235e-08,-0.0,-5.066788513209878e-25,0.0,283.1443786621094,288.5085144042969,285.35308837890625,285.36309814453125,293.1499938964844,293.1499938964844,278.1499938964844,0.0,18000.0,313.1499938964844,0.0,18000.0,0.0,0.0,0.0,0.0,0.0,0.0,0.0,0.0,0.0,-0.0,-0.0,-0.0,-6.544322618950674e-21,-3.272161309475337e-21,-3.272161107526945e-21,0.0,0.0,-0.0,0.0,0.0,0.0,-0.0,0.0,0.0,0.0,0.0,0.0,4.0,0.0,0.0
12030960,297.6036376953125,303.1499938964844,285.1499938964844,0.0,-0.0,290.9596862792969,0.0,0.0,2.558457189594937e-13,297.3891906738281,303.1499938964844,285.1499938964844,0.0,-0.0,290.9602966308594,0.0,0.0,2.694180328052104e-13,297.78082275390625,303.1499938964844,285.1499938964844,0.0,-0.0,290.9613647460937,0.0,0.0,1.989913225516893e-13,297.3632507324219,303.1499938964844,285.1499938964844,0.0,-0.0,290.9599304199219,0.0,0.0,2.694179514900475e-13,297.718017578125,303.1499938964844,285.1499938964844,0.0,-0.0,290.9603576660156,0.0,0.0,1.2780023350353333e-12,290.9122009277344,294.1499938964844,284.0813293457031,283.279296875,282.3890075683594,280.7698059082031,290.3966369628906,0.0,0.0,0.0,0.0,1.0,1.0,-1.1439612278285605e-12,-1.5553743409991818e-17,1.143976731919627e-12,-2.7175878734853054e-12,0.0,0.0,0.0,0.0,60.0,3.579657104069156e-08,-0.0,-5.066788513209878e-25,0.0,283.1443786621094,288.5085144042969,285.35308837890625,285.36309814453125,293.1499938964844,293.1499938964844,278.1499938964844,0.0,18000.0,313.1499938964844,0.0,18000.0,0.0,0.0,0.0,0.0,0.0,0.0,0.0,0.0,0.0,-0.0,-0.0,-0.0,-6.544322618950674e-21,-3.272161309475337e-21,-3.272161107526945e-21,0.0,0.0,-0.0,0.0,0.0,0.0,-0.0,0.0,0.0,0.0,0.0,0.0,4.0,0.0,0.0
12031020,297.62188720703125,303.1499938964844,285.1499938964844,0.0,-0.0,290.9596862792969,0.0,0.0,0.0,297.3938293457031,303.1499938964844,285.1499938964844,0.0,-0.0,290.9602966308594,0.0,0.0,0.0,297.78448486328125,303.1499938964844,285.1499938964844,0.0,-0.0,290.9613647460937,0.0,0.0,0.0,297.3696594238281,303.1499938964844,285.1499938964844,0.0,-0.0,290.9599304199219,0.0,0.0,0.0,297.7219543457031,303.1499938964844,285.1499938964844,0.0,-0.0,290.9603576660156,0.0,0.0,0.0,290.9122009277344,294.1499938964844,284.1703796386719,283.3331298828125,282.3890075683594,280.7698059082031,290.3966369628906,0.0,0.0,0.0,0.0,1.0,1.0,1.455885650751554e-12,1.33334326544025e-17,-1.4558989864382754e-12,3.3008990506233626e-12,0.0,0.0,0.0,1.4551915228366852e-11,60.0,3.41570327577756e-08,-0.0,-0.0,0.0,283.1443786621094,288.5085144042969,285.35308837890625,285.36309814453125,293.1499938964844,293.1499938964844,278.1499938964844,0.0,18000.0,313.1499938964844,0.0,18000.0,0.0,0.0,0.0,0.0,0.0,0.0,0.0,0.0,0.0,-0.0,-0.0,-0.0,-6.544322618950674e-21,-3.272161309475337e-21,-3.272161107526945e-21,0.0,0.0,-0.0,0.0,0.0,0.0,-0.0,0.0,0.0,0.0,0.0,0.0,4.0,0.0,0.0
12031080,297.62188720703125,303.1499938964844,285.1499938964844,0.0,-0.0,290.9596862792969,0.0,0.0,0.0,297.3938293457031,303.1499938964844,285.1499938964844,0.0,-0.0,290.9602966308594,0.0,0.0,0.0,297.78448486328125,303.1499938964844,285.1499938964844,0.0,-0.0,290.9613647460937,0.0,0.0,0.0,297.3696594238281,303.1499938964844,285.1499938964844,0.0,-0.0,290.9599304199219,0.0,0.0,0.0,297.7219543457031,303.1499938964844,285.1499938964844,0.0,-0.0,290.9603576660156,0.0,0.0,0.0,290.9122009277344,294.1499938964844,284.1703796386719,283.3331298828125,282.3890075683594,280.7698059082031,290.3966369628906,0.0,0.0,0.0,0.0,1.0,1.0,1.455885650751554e-12,1.33334326544025e-17,-1.4558989864382754e-12,3.3008990506233626e-12,0.0,0.0,0.0,1.4551915228366852e-11,60.0,3.41570327577756e-08,-0.0,-0.0,0.0,283.1443786621094,288.5085144042969,285.35308837890625,285.36309814453125,293.1499938964844,293.1499938964844,278.1499938964844,0.0,18000.0,313.1499938964844,0.0,18000.0,0.0,0.0,0.0,0.0,0.0,0.0,0.0,0.0,0.0,-0.0,-0.0,-0.0,-6.544322618950674e-21,-3.272161309475337e-21,-3.272161107526945e-21,0.0,0.0,-0.0,0.0,0.0,0.0,-0.0,0.0,0.0,0.0,0.0,0.0,4.0,0.0,0.0
12031140,297.6408996582031,297.1499938964844,293.1499938964844,0.0,-0.0,290.9596862792969,0.0,0.050000000745058,3.991193486818645e-11,297.3984680175781,297.1499938964844,293.1499938964844,0.0,-0.0,290.9602966308594,0.0,0.050000000745058,4.202921344287347e-11,297.78814697265625,297.1499938964844,293.1499938964844,0.0,-0.0,290.9613647460937,0.0,0.050000000745058,3.1042647619106134e-11,297.3759460449219,297.1499938964844,293.1499938964844,0.0,-0.0,290.9599304199219,0.0,0.050000000745058,4.202920303453261e-11,297.7258605957031,297.1499938964844,293.1499938964844,0.0,-0.0,290.9603576660156,0.0,0.050000000745058,1.9936836903600147e-10,290.9122009277344,291.1499938964844,284.25,283.3747863769531,282.3890075683594,280.7698059082031,290.3966369628906,1.0,0.1000000014901161,0.0,0.0,1.0,1.0,-4.225977623395494e-10,5.12413799051351e-16,4.2259726273918814e-10,-9.69300306685738e-10,0.0,0.0,0.0,-2.371962182223797e-09,60.0,-9.04091109532601e-07,-0.0,-1.2330536629877199e-20,1.0,283.1443786621094,288.5085144042969,285.35308837890625,285.36309814453125,293.1499938964844,293.1499938964844,278.1499938964844,0.0,18000.0,313.1499938964844,0.0,18000.0,0.0,0.0,0.0,0.0,0.0,0.0,0.0,0.0,0.0,-0.0,-0.0,-0.0,-6.544322618950674e-21,-3.272161309475337e-21,-3.272161107526945e-21,0.0,0.0,-0.0,0.0,0.0,0.0,-0.0,0.0,0.0,0.0,0.0,0.0,4.0,0.0,0.0
12031200,297.6408996582031,297.1499938964844,293.1499938964844,0.0,-0.0,290.9596862792969,0.0,0.050000000745058,3.991193486818645e-11,297.3984680175781,297.1499938964844,293.1499938964844,0.0,-0.0,290.9602966308594,0.0,0.050000000745058,4.202921344287347e-11,297.78814697265625,297.1499938964844,293.1499938964844,0.0,-0.0,290.9613647460937,0.0,0.050000000745058,3.1042647619106134e-11,297.3759460449219,297.1499938964844,293.1499938964844,0.0,-0.0,290.9599304199219,0.0,0.050000000745058,4.202920303453261e-11,297.7258605957031,297.1499938964844,293.1499938964844,0.0,-0.0,290.9603576660156,0.0,0.050000000745058,1.9936836903600147e-10,290.9122009277344,291.1499938964844,284.25,283.3747863769531,282.3890075683594,280.7698059082031,290.3966369628906,1.0,0.1000000014901161,0.0,0.0,1.0,1.0,-4.225977623395494e-10,5.12413799051351e-16,4.2259726273918814e-10,-9.69300306685738e-10,0.0,0.0,0.0,-2.371962182223797e-09,60.0,-9.04091109532601e-07,-0.0,-1.2330536629877199e-20,1.0,283.1443786621094,288.5085144042969,285.35308837890625,285.36309814453125,293.1499938964844,293.1499938964844,278.1499938964844,0.0,18000.0,313.1499938964844,0.0,18000.0,0.0,0.0,0.0,0.0,0.0,0.0,0.0,0.0,0.0,-0.0,-0.0,-0.0,-6.544322618950674e-21,-3.272161309475337e-21,-3.272161107526945e-21,0.0,0.0,-0.0,0.0,0.0,0.0,-0.0,0.0,0.0,0.0,0.0,0.0,4.0,0.0,0.0
12031260,297.62603759765625,297.1499938964844,293.1499938964844,0.0,-0.0,290.609375,0.6341403722763062,0.050000000745058,0.0408408716320991,297.38543701171875,297.1499938964844,293.1499938964844,0.0,-0.0,290.6094970703125,0.6341403722763062,0.050000000745058,0.0430074110627174,297.7711181640625,297.1499938964844,293.1499938964844,0.0,-0.0,290.6097106933594,0.6341403722763062,0.050000000745058,0.031765129417181,297.3636169433594,297.1499938964844,293.1499938964844,0.0,-0.0,290.6094055175781,0.6341403722763062,0.050000000745058,0.0430074073374271,297.7115783691406,297.1499938964844,293.1499938964844,0.0,-0.0,290.6094970703125,0.6341403722763062,0.050000000745058,0.2040086090564727,290.5500183105469,291.1499938964844,284.2872619628906,283.3920288085937,292.37176513671875,294.08404541015625,290.44097900390625,1.0,0.1097140461206436,0.0114837754517793,0.0114837754517793,1.0,1.0,-0.4354486167430877,8.595333156335982e-07,0.4354477524757385,-0.1328200846910476,0.0,0.0,0.0,10.17590618133545,60.0,381.85650634765625,-0.0,12.278898239135742,1.0,283.1443786621094,288.5085144042969,285.35308837890625,285.36309814453125,293.1499938964844,293.1499938964844,278.1499938964844,0.0,18000.0,313.1499938964844,0.0,18000.0,0.0,0.0,0.0,0.0,0.0,0.0,0.0,0.0,0.0,-0.0,-0.0,-0.0,-6.544322618950674e-21,-3.272161309475337e-21,-3.272161107526945e-21,0.0,0.0,-0.0,0.0,0.0,0.0,-0.0,0.0,0.0,0.0,0.0,0.0,4.0,0.0,0.0
12031320,297.5922546386719,297.1499938964844,293.1499938964844,0.0,-0.0,290.6171569824219,0.6313424110412598,0.050000000745058,0.0452361702919006,297.3584899902344,297.1499938964844,293.1499938964844,0.0,-0.0,290.6171569824219,0.6313424110412598,0.050000000745058,0.0476358644664287,297.7391052246094,297.1499938964844,293.1499938964844,0.0,-0.0,290.6171875,0.6313424110412598,0.050000000745058,0.0351836867630481,297.33660888671875,297.1499938964844,293.1499938964844,0.0,-0.0,290.6171569824219,0.6313424110412598,0.050000000745058,0.0476358644664287,297.6819763183594,297.1499938964844,293.1499938964844,0.0,-0.0,290.6171875,0.6313424110412598,0.050000000745058,0.2259640246629715,290.63677978515625,291.1499938964844,284.324462890625,283.40850830078125,293.67364501953125,297.4979858398437,290.8457946777344,1.0,0.1210938319563865,0.0229675509035587,0.0229675509035587,1.0,1.0,-0.4819969832897186,3.5655828014569124e-06,0.4819934070110321,-0.1438867747783661,0.0,0.0,0.0,12.500343322753906,60.0,814.3836059570312,-0.0,16.68134117126465,1.0,283.1443786621094,288.5085144042969,285.35308837890625,285.36309814453125,293.1499938964844,293.1499938964844,278.1499938964844,0.0,18000.0,313.1499938964844,0.0,18000.0,0.0,0.0,0.0,0.0,0.0,0.0,0.0,0.0,0.0,-0.0,-0.0,-0.0,-6.544322618950674e-21,-3.272161309475337e-21,-3.272161107526945e-21,0.0,0.0,-0.0,0.0,0.0,0.0,-0.0,0.0,0.0,0.0,0.0,0.0,4.0,0.0,0.0
12031380,297.5492553710937,297.1499938964844,293.1499938964844,0.0,-0.0,291.3255310058594,0.5709875822067261,0.050000000745058,0.045680683106184,297.3179931640625,297.1499938964844,293.1499938964844,0.0,-0.0,291.3255310058594,0.5709875822067261,0.050000000745058,0.0481039583683013,297.6944274902344,297.1499938964844,293.1499938964844,0.0,-0.0,291.3255310058594,0.5709875822067261,0.050000000745058,0.0355294197797775,297.294921875,297.1499938964844,293.1499938964844,0.0,-0.0,291.3255310058594,0.5709875822067261,0.050000000745058,0.0481039583683013,297.6347961425781,297.1499938964844,293.1499938964844,0.0,-0.0,291.3255310058594,0.5709875822067261,0.050000000745058,0.2281844615936279,291.3549499511719,291.1499938964844,284.3985595703125,283.43914794921875,293.6942749023437,297.6411437988281,291.4879455566406,1.0,0.1406053006649017,0.0459351018071174,0.0459351018071174,1.0,1.0,-0.4867365956306457,3.7634272302966565e-05,0.4866989552974701,-0.1449982523918151,0.0,0.0,0.0,20.012495040893555,60.0,803.7028198242188,-0.0,23.19177627563477,1.0,283.1443786621094,288.5085144042969,285.35308837890625,285.36309814453125,293.1499938964844,293.1499938964844,278.1499938964844,0.0,18000.0,313.1499938964844,0.0,18000.0,0.0,0.0,0.0,0.0,0.0,0.0,0.0,0.0,0.0,-0.0,-0.0,-0.0,-6.544322618950674e-21,-3.272161309475337e-21,-3.272161107526945e-21,0.0,0.0,-0.0,0.0,0.0,0.0,-0.0,0.0,0.0,0.0,0.0,0.0,4.0,0.0,0.0
12031440,297.5492553710937,297.1499938964844,293.1499938964844,0.0,-0.0,291.3255310058594,0.5709875822067261,0.050000000745058,0.045680683106184,297.3179931640625,297.1499938964844,293.1499938964844,0.0,-0.0,291.3255310058594,0.5709875822067261,0.050000000745058,0.0481039583683013,297.6944274902344,297.1499938964844,293.1499938964844,0.0,-0.0,291.3255310058594,0.5709875822067261,0.050000000745058,0.0355294197797775,297.294921875,297.1499938964844,293.1499938964844,0.0,-0.0,291.3255310058594,0.5709875822067261,0.050000000745058,0.0481039583683013,297.6347961425781,297.1499938964844,293.1499938964844,0.0,-0.0,291.3255310058594,0.5709875822067261,0.050000000745058,0.2281844615936279,291.3549499511719,291.1499938964844,284.3985595703125,283.43914794921875,293.6942749023437,297.6411437988281,291.4879455566406,1.0,0.1406053006649017,0.0459351018071174,0.0459351018071174,1.0,1.0,-0.4867365956306457,3.7634272302966565e-05,0.4866989552974701,-0.1449982523918151,0.0,0.0,0.0,20.012495040893555,60.0,803.7028198242188,-0.0,23.19177627563477,1.0,283.1443786621094,288.5085144042969,285.35308837890625,285.36309814453125,293.1499938964844,293.1499938964844,278.1499938964844,0.0,18000.0,313.1499938964844,0.0,18000.0,0.0,0.0,0.0,0.0,0.0,0.0,0.0,0.0,0.0,-0.0,-0.0,-0.0,-6.544322618950674e-21,-3.272161309475337e-21,-3.272161107526945e-21,0.0,0.0,-0.0,0.0,0.0,0.0,-0.0,0.0,0.0,0.0,0.0,0.0,4.0,0.0,0.0
12031500,297.53790283203125,297.1499938964844,293.1499938964844,0.0,-0.0,291.57867431640625,0.5492411851882935,0.050000000745058,0.0458179302513599,297.3037109375,297.1499938964844,293.1499938964844,0.0,-0.0,291.57867431640625,0.5492411851882935,0.050000000745058,0.0482484884560108,297.6799011230469,297.1499938964844,293.1499938964844,0.0,-0.0,291.57867431640625,0.5492411851882935,0.050000000745058,0.0356361679732799,297.2799987792969,297.1499938964844,293.1499938964844,0.0,-0.0,291.57867431640625,0.5492411851882935,0.050000000745058,0.0482484884560108,297.61724853515625,297.1499938964844,293.1499938964844,0.0,-0.0,291.57867431640625,0.5492411851882935,0.050000000745058,0.2288700491189956,291.6024475097656,291.1499938964844,284.4354858398437,283.453369140625,293.69439697265625,297.6227722167969,291.716796875,1.0,0.1490138173103332,0.0574188753962516,0.0574188753962516,1.0,1.0,-0.4881990849971771,0.0001062668015947,0.4880928099155426,-0.145292043685913,0.0,0.0,0.0,23.679874420166016,60.0,729.7742309570312,-0.0,26.346338272094727,1.0,283.1443786621094,288.5085144042969,285.35308837890625,285.36309814453125,293.1499938964844,293.1499938964844,278.1499938964844,0.0,18000.0,313.1499938964844,0.0,18000.0,0.0,0.0,0.0,0.0,0.0,0.0,0.0,0.0,0.0,-0.0,-0.0,-0.0,-6.544322618950674e-21,-3.272161309475337e-21,-3.272161107526945e-21,0.0,0.0,-0.0,0.0,0.0,0.0,-0.0,0.0,0.0,0.0,0.0,0.0,4.0,0.0,0.0
12031560,297.5314025878906,297.1499938964844,293.1499938964844,0.0,-0.0,291.8005065917969,0.5324388742446899,0.050000000745058,0.0459493920207023,297.2923889160156,297.1499938964844,293.1499938964844,0.0,-0.0,291.8005065917969,0.5324388742446899,0.050000000745058,0.0483869239687919,297.66900634765625,297.1499938964844,293.1499938964844,0.0,-0.0,291.8005065917969,0.5324388742446899,0.050000000745058,0.0357384160161018,297.2682189941406,297.1499938964844,293.1499938964844,0.0,-0.0,291.8005065917969,0.5324388742446899,0.050000000745058,0.0483869239687919,297.6029968261719,297.1499938964844,293.1499938964844,0.0,-0.0,291.8005065917969,0.5324388742446899,0.050000000745058,0.2295267283916473,291.8216857910156,291.1499938964844,284.47235107421875,283.46685791015625,293.69384765625,297.60748291015625,291.9259948730469,1.0,0.1565811783075332,0.2459350973367691,0.2459350973367691,0.9955018162727356,1.0,-0.489600121974945,0.0325612388551235,0.4570389091968536,-0.113335520029068,0.0,0.0,0.0,27.19931030273437,60.0,657.6651611328125,-0.0,29.38006591796875,1.0,283.1443786621094,288.5085144042969,285.35308837890625,285.36309814453125,293.1499938964844,293.1499938964844,278.1499938964844,0.0,18000.0,313.1499938964844,0.0,18000.0,0.0,0.0,0.0,0.0,0.0,0.0,0.0,0.0,0.0,-0.0,-0.0,-0.0,-6.544322618950674e-21,-3.272161309475337e-21,-3.272161107526945e-21,0.0,0.0,-0.0,0.0,0.0,0.0,-0.0,0.0,0.0,0.0,0.0,0.0,4.0,0.0,0.0
12031620,297.5293884277344,297.1499938964844,293.1499938964844,0.0,-0.0,292.1883239746094,0.5095358490943909,0.050000000745058,0.0461895279586315,297.2768859863281,297.1499938964844,293.1499938964844,0.0,-0.0,292.1883239746094,0.5095358490943909,0.050000000745058,0.0486397966742515,297.6551208496094,297.1499938964844,293.1499938964844,0.0,-0.0,292.1883239746094,0.5095358490943909,0.050000000745058,0.0359251871705055,297.252197265625,297.1499938964844,293.1499938964844,0.0,-0.0,292.1883239746094,0.5095358490943909,0.050000000745058,0.0486397966742515,297.58251953125,297.1499938964844,293.1499938964844,0.0,-0.0,292.1883239746094,0.5095358490943909,0.050000000745058,0.2307262569665908,292.2057800292969,291.1499938964844,284.5458679199219,283.4918212890625,292.97265625,297.5853271484375,292.2851257324219,1.0,0.1694027483463287,0.622967541217804,0.622967541217804,0.9865055084228516,1.0,-0.4921590387821197,0.1863713413476944,0.3057877123355865,0.0391610898077487,0.0,0.0,0.0,33.64053726196289,60.0,439.2247314453125,-0.0,34.946868896484375,1.0,283.1443786621094,288.5085144042969,285.35308837890625,285.36309814453125,293.1499938964844,293.1499938964844,278.1499938964844,0.0,18000.0,313.1499938964844,0.0,18000.0,0.0,0.0,0.0,0.0,0.0,0.0,0.0,0.0,0.0,-0.0,-0.0,-0.0,-6.544322618950674e-21,-3.272161309475337e-21,-3.272161107526945e-21,0.0,0.0,-0.0,0.0,0.0,0.0,-0.0,0.0,0.0,0.0,0.0,0.0,4.0,0.0,0.0
12031680,297.5293884277344,297.1499938964844,293.1499938964844,0.0,-0.0,292.1883239746094,0.5095358490943909,0.050000000745058,0.0461895279586315,297.2768859863281,297.1499938964844,293.1499938964844,0.0,-0.0,292.1883239746094,0.5095358490943909,0.050000000745058,0.0486397966742515,297.6551208496094,297.1499938964844,293.1499938964844,0.0,-0.0,292.1883239746094,0.5095358490943909,0.050000000745058,0.0359251871705055,297.252197265625,297.1499938964844,293.1499938964844,0.0,-0.0,292.1883239746094,0.5095358490943909,0.050000000745058,0.0486397966742515,297.58251953125,297.1499938964844,293.1499938964844,0.0,-0.0,292.1883239746094,0.5095358490943909,0.050000000745058,0.2307262569665908,292.2057800292969,291.1499938964844,284.5458679199219,283.4918212890625,292.97265625,297.5853271484375,292.2851257324219,1.0,0.1694027483463287,0.622967541217804,0.622967541217804,0.9865055084228516,1.0,-0.4921590387821197,0.1863713413476944,0.3057877123355865,0.0391610898077487,0.0,0.0,0.0,33.64053726196289,60.0,439.2247314453125,-0.0,34.946868896484375,1.0,283.1443786621094,288.5085144042969,285.35308837890625,285.36309814453125,293.1499938964844,293.1499938964844,278.1499938964844,0.0,18000.0,313.1499938964844,0.0,18000.0,0.0,0.0,0.0,0.0,0.0,0.0,0.0,0.0,0.0,-0.0,-0.0,-0.0,-6.544322618950674e-21,-3.272161309475337e-21,-3.272161107526945e-21,0.0,0.0,-0.0,0.0,0.0,0.0,-0.0,0.0,0.0,0.0,0.0,0.0,4.0,0.0,0.0
12031740,297.5364074707031,297.1499938964844,293.1499938964844,0.0,-0.0,292.26885986328125,0.4954339265823364,0.050000000745058,0.046393509954214,297.2671813964844,297.1499938964844,293.1499938964844,0.0,-0.0,292.26885986328125,0.4954339265823364,0.050000000745058,0.0488546006381511,297.64703369140625,297.1499938964844,293.1499938964844,0.0,-0.0,292.26885986328125,0.4954339265823364,0.050000000745058,0.0360838435590267,297.2425537109375,297.1499938964844,293.1499938964844,0.0,-0.0,292.26885986328125,0.4954339265823364,0.050000000745058,0.0488546006381511,297.569091796875,297.1499938964844,293.1499938964844,0.0,-0.0,292.26885986328125,0.4954339265823364,0.050000000745058,0.2317451983690261,292.2641906738281,291.1499938964844,284.6190795898437,283.5141906738281,291.928466796875,297.57110595703125,292.2338562011719,1.0,0.1795582026243209,1.0,1.0,0.9775092005729676,1.0,-0.4943325221538543,0.216107964515686,0.2782245576381683,0.0682122483849525,0.0,0.0,0.0,39.09871292114258,60.0,-41.59067153930664,-0.0,39.74163055419922,1.0,283.1443786621094,288.5085144042969,285.35308837890625,285.36309814453125,293.1499938964844,293.1499938964844,278.1499938964844,0.0,18000.0,313.1499938964844,0.0,18000.0,0.0,0.0,0.0,0.0,0.0,0.0,0.0,0.0,0.0,-0.0,-0.0,-0.0,-6.544322618950674e-21,-3.272161309475337e-21,-3.272161107526945e-21,0.0,0.0,-0.0,0.0,0.0,0.0,-0.0,0.0,0.0,0.0,0.0,0.0,4.0,0.0,0.0
12031800,297.5364074707031,297.1499938964844,293.1499938964844,0.0,-0.0,292.26885986328125,0.4954339265823364,0.050000000745058,0.046393509954214,297.2671813964844,297.1499938964844,293.1499938964844,0.0,-0.0,292.26885986328125,0.4954339265823364,0.050000000745058,0.0488546006381511,297.64703369140625,297.1499938964844,293.1499938964844,0.0,-0.0,292.26885986328125,0.4954339265823364,0.050000000745058,0.0360838435590267,297.2425537109375,297.1499938964844,293.1499938964844,0.0,-0.0,292.26885986328125,0.4954339265823364,0.050000000745058,0.0488546006381511,297.569091796875,297.1499938964844,293.1499938964844,0.0,-0.0,292.26885986328125,0.4954339265823364,0.050000000745058,0.2317451983690261,292.2641906738281,291.1499938964844,284.6190795898437,283.5141906738281,291.928466796875,297.57110595703125,292.2338562011719,1.0,0.1795582026243209,1.0,1.0,0.9775092005729676,1.0,-0.4943325221538543,0.216107964515686,0.2782245576381683,0.0682122483849525,0.0,0.0,0.0,39.09871292114258,60.0,-41.59067153930664,-0.0,39.74163055419922,1.0,283.1443786621094,288.5085144042969,285.35308837890625,285.36309814453125,293.1499938964844,293.1499938964844,278.1499938964844,0.0,18000.0,313.1499938964844,0.0,18000.0,0.0,0.0,0.0,0.0,0.0,0.0,0.0,0.0,0.0,-0.0,-0.0,-0.0,-6.544322618950674e-21,-3.272161309475337e-21,-3.272161107526945e-21,0.0,0.0,-0.0,0.0,0.0,0.0,-0.0,0.0,0.0,0.0,0.0,0.0,4.0,0.0,0.0
12031860,297.54693603515625,297.1499938964844,293.1499938964844,0.0,-0.0,292.18798828125,0.485763669013977,0.050000000745058,0.046562198549509,297.2593994140625,297.1499938964844,293.1499938964844,0.0,-0.0,292.18798828125,0.485763669013977,0.050000000745058,0.049032237380743,297.6402282714844,297.1499938964844,293.1499938964844,0.0,-0.0,292.18798828125,0.485763669013977,0.050000000745058,0.0362150445580482,297.2350769042969,297.1499938964844,293.1499938964844,0.0,-0.0,292.18798828125,0.485763669013977,0.050000000745058,0.049032237380743,297.558349609375,297.1499938964844,293.1499938964844,0.0,-0.0,292.18798828125,0.485763669013977,0.050000000745058,0.2325878292322158,292.1856994628906,290.6499938964844,284.6921081542969,283.5340881347656,291.9114990234375,297.5599670410156,292.1769714355469,1.0,0.1875163912773132,1.0,1.0,0.9317034482955932,1.0,-0.4961300492286682,0.2178933322429657,0.2782367169857025,0.0694981664419174,0.0,0.0,0.0,43.6091423034668,48.0,-90.89642333984376,-0.0,43.74238967895508,1.0,283.1443786621094,288.5085144042969,285.35308837890625,285.36309814453125,293.1499938964844,293.1499938964844,278.1499938964844,0.0,18000.0,313.1499938964844,0.0,18000.0,0.0,0.0,0.0,0.0,0.0,0.0,0.0,0.0,0.0,-0.0,-0.0,-0.0,-6.544322618950674e-21,-3.272161309475337e-21,-3.272161107526945e-21,0.0,0.0,-0.0,0.0,0.0,0.0,-0.0,0.0,0.0,0.0,0.0,0.0,4.0,0.0,0.0
12031920,297.54693603515625,297.1499938964844,293.1499938964844,0.0,-0.0,292.18798828125,0.485763669013977,0.050000000745058,0.046562198549509,297.2593994140625,297.1499938964844,293.1499938964844,0.0,-0.0,292.18798828125,0.485763669013977,0.050000000745058,0.049032237380743,297.6402282714844,297.1499938964844,293.1499938964844,0.0,-0.0,292.18798828125,0.485763669013977,0.050000000745058,0.0362150445580482,297.2350769042969,297.1499938964844,293.1499938964844,0.0,-0.0,292.18798828125,0.485763669013977,0.050000000745058,0.049032237380743,297.558349609375,297.1499938964844,293.1499938964844,0.0,-0.0,292.18798828125,0.485763669013977,0.050000000745058,0.2325878292322158,292.1856994628906,290.6499938964844,284.6921081542969,283.5340881347656,291.9114990234375,297.5599670410156,292.1769714355469,1.0,0.1875163912773132,1.0,1.0,0.9317034482955932,1.0,-0.4961300492286682,0.2178933322429657,0.2782367169857025,0.0694981664419174,0.0,0.0,0.0,43.6091423034668,48.0,-90.89642333984376,-0.0,43.74238967895508,1.0,283.1443786621094,288.5085144042969,285.35308837890625,285.36309814453125,293.1499938964844,293.1499938964844,278.1499938964844,0.0,18000.0,313.1499938964844,0.0,18000.0,0.0,0.0,0.0,0.0,0.0,0.0,0.0,0.0,0.0,-0.0,-0.0,-0.0,-6.544322618950674e-21,-3.272161309475337e-21,-3.272161107526945e-21,0.0,0.0,-0.0,0.0,0.0,0.0,-0.0,0.0,0.0,0.0,0.0,0.0,4.0,0.0,0.0
12031980,297.5614929199219,297.1499938964844,293.1499938964844,0.0,-0.0,292.1556701660156,0.483478844165802,0.050000000745058,0.0466043166816234,297.25347900390625,297.1499938964844,293.1499938964844,0.0,-0.0,292.1556701660156,0.483478844165802,0.050000000745058,0.0490765906870365,297.6348571777344,297.1499938964844,293.1499938964844,0.0,-0.0,292.1556701660156,0.483478844165802,0.050000000745058,0.0362478010356426,297.22955322265625,297.1499938964844,293.1499938964844,0.0,-0.0,292.1556701660156,0.483478844165802,0.050000000745058,0.0490765906870365,297.54986572265625,297.1499938964844,293.1499938964844,0.0,-0.0,292.1556701660156,0.483478844165802,0.050000000745058,0.2327982187271118,292.1541442871094,290.1499938964844,284.764892578125,283.5517272949219,291.9068603515625,297.5511169433594,292.1459655761719,1.0,0.1889606565237045,1.0,1.0,0.8858977556228638,1.0,-0.4965791404247284,0.2193738222122192,0.2772053182125091,0.0707798227667808,0.0,0.0,0.0,44.734771728515625,36.0,-85.35377502441406,-0.0,44.74542236328125,1.0,283.1443786621094,288.5085144042969,285.35308837890625,285.36309814453125,293.1499938964844,293.1499938964844,278.1499938964844,0.0,18000.0,313.1499938964844,0.0,18000.0,0.0,0.0,0.0,0.0,0.0,0.0,0.0,0.0,0.0,-0.0,-0.0,-0.0,-6.544322618950674e-21,-3.272161309475337e-21,-3.272161107526945e-21,0.0,0.0,-0.0,0.0,0.0,0.0,-0.0,0.0,0.0,0.0,0.0,0.0,4.0,0.0,0.0
12032040,297.5614929199219,297.1499938964844,293.1499938964844,0.0,-0.0,292.1556701660156,0.483478844165802,0.050000000745058,0.0466043166816234,297.25347900390625,297.1499938964844,293.1499938964844,0.0,-0.0,292.1556701660156,0.483478844165802,0.050000000745058,0.0490765906870365,297.6348571777344,297.1499938964844,293.1499938964844,0.0,-0.0,292.1556701660156,0.483478844165802,0.050000000745058,0.0362478010356426,297.22955322265625,297.1499938964844,293.1499938964844,0.0,-0.0,292.1556701660156,0.483478844165802,0.050000000745058,0.0490765906870365,297.54986572265625,297.1499938964844,293.1499938964844,0.0,-0.0,292.1556701660156,0.483478844165802,0.050000000745058,0.2327982187271118,292.1541442871094,290.1499938964844,284.764892578125,283.5517272949219,291.9068603515625,297.5511169433594,292.1459655761719,1.0,0.1889606565237045,1.0,1.0,0.8858977556228638,1.0,-0.4965791404247284,0.2193738222122192,0.2772053182125091,0.0707798227667808,0.0,0.0,0.0,44.734771728515625,36.0,-85.35377502441406,-0.0,44.74542236328125,1.0,283.1443786621094,288.5085144042969,285.35308837890625,285.36309814453125,293.1499938964844,293.1499938964844,278.1499938964844,0.0,18000.0,313.1499938964844,0.0,18000.0,0.0,0.0,0.0,0.0,0.0,0.0,0.0,0.0,0.0,-0.0,-0.0,-0.0,-6.544322618950674e-21,-3.272161309475337e-21,-3.272161107526945e-21,0.0,0.0,-0.0,0.0,0.0,0.0,-0.0,0.0,0.0,0.0,0.0,0.0,4.0,0.0,0.0
12032100,297.5700378417969,297.1499938964844,293.1499938964844,0.0,-0.0,292.138671875,0.4846930205821991,0.050000000745058,0.0465818755328655,297.25115966796875,297.1499938964844,293.1499938964844,0.0,-0.0,292.138671875,0.4846930205821991,0.050000000745058,0.049052957445383,297.6326599121094,297.1499938964844,293.1499938964844,0.0,-0.0,292.138671875,0.4846930205821991,0.050000000745058,0.0362303480505943,297.2275085449219,297.1499938964844,293.1499938964844,0.0,-0.0,292.138671875,0.4846930205821991,0.050000000745058,0.049052957445383,297.54638671875,297.1499938964844,293.1499938964844,0.0,-0.0,292.138671875,0.4846930205821991,0.050000000745058,0.2326861172914505,292.136962890625,290.1499938964844,284.8012390136719,283.55975341796875,291.9000549316406,297.5474853515625,292.1279296875,1.0,0.1877671927213668,1.0,1.0,0.862994909286499,1.0,-0.4963401257991791,0.2201128751039505,0.2762272357940674,0.0715174227952957,0.0,0.0,0.0,44.13424301147461,36.0,-81.56025695800781,-0.0,44.21036529541016,1.0,283.1443786621094,288.5085144042969,285.35308837890625,285.36309814453125,293.1499938964844,293.1499938964844,278.1499938964844,0.0,18000.0,313.1499938964844,0.0,18000.0,0.0,0.0,0.0,0.0,0.0,0.0,0.0,0.0,0.0,-0.0,-0.0,-0.0,-6.544322618950674e-21,-3.272161309475337e-21,-3.272161107526945e-21,0.0,0.0,-0.0,0.0,0.0,0.0,-0.0,0.0,0.0,0.0,0.0,0.0,4.0,0.0,0.0
12032160,297.5790405273437,297.1499938964844,293.1499938964844,0.0,-0.0,292.1199951171875,0.4871939718723297,0.050000000745058,0.0465361252427101,297.2491455078125,297.1499938964844,293.1499938964844,0.0,-0.0,292.1199951171875,0.4871939718723297,0.050000000745058,0.0490047819912433,297.6307373046875,297.1499938964844,293.1499938964844,0.0,-0.0,292.1199951171875,0.4871939718723297,0.050000000745058,0.0361947640776634,297.2259521484375,297.1499938964844,293.1499938964844,0.0,-0.0,292.1199951171875,0.4871939718723297,0.050000000745058,0.0490047819912433,297.5433044433594,297.1499938964844,293.1499938964844,0.0,-0.0,292.1199951171875,0.4871939718723297,0.050000000745058,0.2324575930833816,292.1181335449219,289.6499938964844,284.8375244140625,283.5672607421875,291.8774108886719,297.54425048828125,292.108154296875,1.0,0.1854884922504425,1.0,1.0,0.8264827132225037,1.0,-0.4958527088165283,0.221551313996315,0.2743013799190521,0.073001280426979,0.0,0.0,0.0,42.910423278808594,25.0,-79.93523406982422,-0.0,43.1214714050293,1.0,283.1443786621094,288.5085144042969,285.35308837890625,285.36309814453125,293.1499938964844,293.1499938964844,278.1499938964844,0.0,18000.0,313.1499938964844,0.0,18000.0,0.0,0.0,0.0,0.0,0.0,0.0,0.0,0.0,0.0,-0.0,-0.0,-0.0,-6.544322618950674e-21,-3.272161309475337e-21,-3.272161107526945e-21,0.0,0.0,-0.0,0.0,0.0,0.0,-0.0,0.0,0.0,0.0,0.0,0.0,4.0,0.0,0.0
12032220,297.5979919433594,297.1499938964844,293.1499938964844,0.0,-0.0,292.07373046875,0.4953226149082184,0.050000000745058,0.04639533162117,297.2460327148437,297.1499938964844,293.1499938964844,0.0,-0.0,292.07373046875,0.4953226149082184,0.050000000745058,0.0488565154373645,297.6275939941406,297.1499938964844,293.1499938964844,0.0,-0.0,292.07373046875,0.4953226149082184,0.050000000745058,0.0360852554440498,297.2242736816406,297.1499938964844,293.1499938964844,0.0,-0.0,292.07373046875,0.4953226149082184,0.050000000745058,0.0488565154373645,297.5382080078125,297.1499938964844,293.1499938964844,0.0,-0.0,292.07373046875,0.4953226149082184,0.050000000745058,0.2317542880773544,292.0711669921875,289.1499938964844,284.9100036621094,283.5808410644531,291.7787475585937,297.5389709472656,292.0569152832031,1.0,0.1785260438919067,1.0,1.0,0.7534583806991577,1.0,-0.4943525791168213,0.2262359112501144,0.2681166529655456,0.077862799167633,0.0,0.0,0.0,39.14450073242188,25.0,-90.35840606689452,-0.0,39.78375244140625,1.0,283.1443786621094,288.5085144042969,285.35308837890625,285.36309814453125,293.1499938964844,293.1499938964844,278.1499938964844,0.0,18000.0,313.1499938964844,0.0,18000.0,0.0,0.0,0.0,0.0,0.0,0.0,0.0,0.0,0.0,-0.0,-0.0,-0.0,-6.544322618950674e-21,-3.272161309475337e-21,-3.272161107526945e-21,0.0,0.0,-0.0,0.0,0.0,0.0,-0.0,0.0,0.0,0.0,0.0,0.0,4.0,0.0,0.0
12032280,297.5979919433594,297.1499938964844,293.1499938964844,0.0,-0.0,292.07373046875,0.4953226149082184,0.050000000745058,0.04639533162117,297.2460327148437,297.1499938964844,293.1499938964844,0.0,-0.0,292.07373046875,0.4953226149082184,0.050000000745058,0.0488565154373645,297.6275939941406,297.1499938964844,293.1499938964844,0.0,-0.0,292.07373046875,0.4953226149082184,0.050000000745058,0.0360852554440498,297.2242736816406,297.1499938964844,293.1499938964844,0.0,-0.0,292.07373046875,0.4953226149082184,0.050000000745058,0.0488565154373645,297.5382080078125,297.1499938964844,293.1499938964844,0.0,-0.0,292.07373046875,0.4953226149082184,0.050000000745058,0.2317542880773544,292.0711669921875,289.1499938964844,284.9100036621094,283.5808410644531,291.7787475585937,297.5389709472656,292.0569152832031,1.0,0.1785260438919067,1.0,1.0,0.7534583806991577,1.0,-0.4943525791168213,0.2262359112501144,0.2681166529655456,0.077862799167633,0.0,0.0,0.0,39.14450073242188,25.0,-90.35840606689452,-0.0,39.78375244140625,1.0,283.1443786621094,288.5085144042969,285.35308837890625,285.36309814453125,293.1499938964844,293.1499938964844,278.1499938964844,0.0,18000.0,313.1499938964844,0.0,18000.0,0.0,0.0,0.0,0.0,0.0,0.0,0.0,0.0,0.0,-0.0,-0.0,-0.0,-6.544322618950674e-21,-3.272161309475337e-21,-3.272161107526945e-21,0.0,0.0,-0.0,0.0,0.0,0.0,-0.0,0.0,0.0,0.0,0.0,0.0,4.0,0.0,0.0
12032340,297.610107421875,297.1499938964844,293.1499938964844,0.0,-0.0,292.0345458984375,0.5000870227813721,0.050000000745058,0.0463203899562358,297.2445373535156,297.1499938964844,293.1499938964844,0.0,-0.0,292.0345458984375,0.5000870227813721,0.050000000745058,0.0487776026129722,297.6259460449219,297.1499938964844,293.1499938964844,0.0,-0.0,292.0345458984375,0.5000870227813721,0.050000000745058,0.0360269695520401,297.2241516113281,297.1499938964844,293.1499938964844,0.0,-0.0,292.0345458984375,0.5000870227813721,0.050000000745058,0.0487776026129722,297.5356140136719,297.1499938964844,293.1499938964844,0.0,-0.0,292.0345458984375,0.5000870227813721,0.050000000745058,0.2313799411058426,292.0312805175781,289.1499938964844,284.9554443359375,283.58843994140625,291.6676025390625,297.5362548828125,292.0128173828125,1.0,0.1750061064958572,1.0,1.0,0.7075973749160767,1.0,-0.493553876876831,0.2313447594642639,0.2622091174125671,0.0830155611038208,0.0,0.0,0.0,37.14002990722656,25.0,-107.99774169921876,-0.0,38.01559448242188,1.0,283.1443786621094,288.5085144042969,285.35308837890625,285.36309814453125,293.1499938964844,293.1499938964844,278.1499938964844,0.0,18000.0,313.1499938964844,0.0,18000.0,0.0,0.0,0.0,0.0,0.0,0.0,0.0,0.0,0.0,-0.0,-0.0,-0.0,-6.544322618950674e-21,-3.272161309475337e-21,-3.272161107526945e-21,0.0,0.0,-0.0,0.0,0.0,0.0,-0.0,0.0,0.0,0.0,0.0,0.0,4.0,0.0,0.0
12032400,297.6171264648437,297.1499938964844,293.1499938964844,0.0,-0.0,292.00592041015625,0.5026335120201111,0.050000000745058,0.0462828464806079,297.2437438964844,297.1499938964844,293.1499938964844,0.0,-0.0,292.00592041015625,0.5026335120201111,0.050000000745058,0.0487380661070346,297.62506103515625,297.1499938964844,293.1499938964844,0.0,-0.0,292.00592041015625,0.5026335120201111,0.050000000745058,0.0359977707266807,297.2243347167969,297.1499938964844,293.1499938964844,0.0,-0.0,292.00592041015625,0.5026335120201111,0.050000000745058,0.0487380661070346,297.53424072265625,297.1499938964844,293.1499938964844,0.0,-0.0,292.00592041015625,0.5026335120201111,0.050000000745058,0.231192409992218,292.0020446777344,288.6499938964844,284.9823608398437,283.5926208496094,291.5749816894531,297.53485107421875,291.9800720214844,1.0,0.1731411814689636,1.0,1.0,0.6804340481758118,1.0,-0.4931538105010986,0.2355427891016006,0.2576110064983368,0.0872103571891784,0.0,0.0,0.0,36.13584899902344,25.0,-124.32009887695312,-0.0,37.13214111328125,1.0,283.1443786621094,288.5085144042969,285.35308837890625,285.36309814453125,293.1499938964844,293.1499938964844,278.1499938964844,0.0,18000.0,313.1499938964844,0.0,18000.0,0.0,0.0,0.0,0.0,0.0,0.0,0.0,0.0,0.0,-0.0,-0.0,-0.0,-6.544322618950674e-21,-3.272161309475337e-21,-3.272161107526945e-21,0.0,0.0,-0.0,0.0,0.0,0.0,-0.0,0.0,0.0,0.0,0.0,0.0,4.0,0.0,0.0
12032460,297.6349182128906,297.1499938964844,293.1499938964844,0.0,-0.0,291.8860168457031,0.5088969469070435,0.050000000745058,0.0461976714432239,297.2418212890625,297.1499938964844,293.1499938964844,0.0,-0.0,291.8860168457031,0.5088969469070435,0.050000000745058,0.0486483722925186,297.6225891113281,297.1499938964844,293.1499938964844,0.0,-0.0,291.8860168457031,0.5088969469070435,0.050000000745058,0.0359315201640129,297.2252197265625,297.1499938964844,293.1499938964844,0.0,-0.0,291.8860168457031,0.5088969469070435,0.050000000745058,0.0486483722925186,297.5307922363281,297.1499938964844,293.1499938964844,0.0,-0.0,291.8860168457031,0.5088969469070435,0.050000000745058,0.23076693713665,291.87799072265625,288.1499938964844,285.0546264648437,283.6028137207031,290.807861328125,297.5313720703125,291.8263244628906,1.0,0.1688419878482818,1.0,1.0,0.5586522817611694,1.0,-0.492246150970459,0.2707400023937225,0.2215061336755752,0.1222288161516189,0.0,0.0,0.0,33.860496520996094,25.0,-271.36553955078125,-0.0,35.13945388793945,1.0,283.1443786621094,288.5085144042969,285.35308837890625,285.36309814453125,293.1499938964844,293.1499938964844,278.1499938964844,0.0,18000.0,313.1499938964844,0.0,18000.0,0.0,0.0,0.0,0.0,0.0,0.0,0.0,0.0,0.0,-0.0,-0.0,-0.0,-6.544322618950674e-21,-3.272161309475337e-21,-3.272161107526945e-21,0.0,0.0,-0.0,0.0,0.0,0.0,-0.0,0.0,0.0,0.0,0.0,0.0,4.0,0.0,0.0
12032520,297.6349182128906,297.1499938964844,293.1499938964844,0.0,-0.0,291.8860168457031,0.5088969469070435,0.050000000745058,0.0461976714432239,297.2418212890625,297.1499938964844,293.1499938964844,0.0,-0.0,291.8860168457031,0.5088969469070435,0.050000000745058,0.0486483722925186,297.6225891113281,297.1499938964844,293.1499938964844,0.0,-0.0,291.8860168457031,0.5088969469070435,0.050000000745058,0.0359315201640129,297.2252197265625,297.1499938964844,293.1499938964844,0.0,-0.0,291.8860168457031,0.5088969469070435,0.050000000745058,0.0486483722925186,297.5307922363281,297.1499938964844,293.1499938964844,0.0,-0.0,291.8860168457031,0.5088969469070435,0.050000000745058,0.23076693713665,291.87799072265625,288.1499938964844,285.0546264648437,283.6028137207031,290.807861328125,297.5313720703125,291.8263244628906,1.0,0.1688419878482818,1.0,1.0,0.5586522817611694,1.0,-0.492246150970459,0.2707400023937225,0.2215061336755752,0.1222288161516189,0.0,0.0,0.0,33.860496520996094,25.0,-271.36553955078125,-0.0,35.13945388793945,1.0,283.1443786621094,288.5085144042969,285.35308837890625,285.36309814453125,293.1499938964844,293.1499938964844,278.1499938964844,0.0,18000.0,313.1499938964844,0.0,18000.0,0.0,0.0,0.0,0.0,0.0,0.0,0.0,0.0,0.0,-0.0,-0.0,-0.0,-6.544322618950674e-21,-3.272161309475337e-21,-3.272161107526945e-21,0.0,0.0,-0.0,0.0,0.0,0.0,-0.0,0.0,0.0,0.0,0.0,0.0,4.0,0.0,0.0
12032580,297.6494140625,297.1499938964844,293.1499938964844,0.0,-0.0,291.5777282714844,0.514373779296875,0.050000000745058,0.0461308136582374,297.2396850585937,297.1499938964844,293.1499938964844,0.0,-0.0,291.5777282714844,0.514373779296875,0.050000000745058,0.0485779680311679,297.61883544921875,297.1499938964844,293.1499938964844,0.0,-0.0,291.5777282714844,0.514373779296875,0.050000000745058,0.0358795225620269,297.22467041015625,297.1499938964844,293.1499938964844,0.0,-0.0,291.5777282714844,0.514373779296875,0.050000000745058,0.0485779680311679,297.5265197753906,297.1499938964844,293.1499938964844,0.0,-0.0,291.5777282714844,0.514373779296875,0.050000000745058,0.2304329574108123,291.55743408203125,287.6499938964844,285.1268615722656,283.611572265625,289.22930908203125,297.52734375,291.4354553222656,1.0,0.1654064357280731,1.0,1.0,0.4368705451488495,1.0,-0.4915336966514587,0.337541788816452,0.1539919078350067,0.1886364519596099,0.0,0.0,0.0,32.07913589477539,25.0,-622.6597900390625,-0.0,33.590789794921875,1.0,283.1443786621094,288.5085144042969,285.35308837890625,285.36309814453125,293.1499938964844,293.1499938964844,278.1499938964844,0.0,18000.0,313.1499938964844,0.0,18000.0,0.0,0.0,0.0,0.0,0.0,0.0,0.0,0.0,0.0,-0.0,-0.0,-0.0,-6.544322618950674e-21,-3.272161309475337e-21,-3.272161107526945e-21,0.0,0.0,-0.0,0.0,0.0,0.0,-0.0,0.0,0.0,0.0,0.0,0.0,4.0,0.0,0.0
12032640,297.6494140625,297.1499938964844,293.1499938964844,0.0,-0.0,291.5777282714844,0.514373779296875,0.050000000745058,0.0461308136582374,297.2396850585937,297.1499938964844,293.1499938964844,0.0,-0.0,291.5777282714844,0.514373779296875,0.050000000745058,0.0485779680311679,297.61883544921875,297.1499938964844,293.1499938964844,0.0,-0.0,291.5777282714844,0.514373779296875,0.050000000745058,0.0358795225620269,297.22467041015625,297.1499938964844,293.1499938964844,0.0,-0.0,291.5777282714844,0.514373779296875,0.050000000745058,0.0485779680311679,297.5265197753906,297.1499938964844,293.1499938964844,0.0,-0.0,291.5777282714844,0.514373779296875,0.050000000745058,0.2304329574108123,291.55743408203125,287.6499938964844,285.1268615722656,283.611572265625,289.22930908203125,297.52734375,291.4354553222656,1.0,0.1654064357280731,1.0,1.0,0.4368705451488495,1.0,-0.4915336966514587,0.337541788816452,0.1539919078350067,0.1886364519596099,0.0,0.0,0.0,32.07913589477539,25.0,-622.6597900390625,-0.0,33.590789794921875,1.0,283.1443786621094,288.5085144042969,285.35308837890625,285.36309814453125,293.1499938964844,293.1499938964844,278.1499938964844,0.0,18000.0,313.1499938964844,0.0,18000.0,0.0,0.0,0.0,0.0,0.0,0.0,0.0,0.0,0.0,-0.0,-0.0,-0.0,-6.544322618950674e-21,-3.272161309475337e-21,-3.272161107526945e-21,0.0,0.0,-0.0,0.0,0.0,0.0,-0.0,0.0,0.0,0.0,0.0,0.0,4.0,0.0,0.0
12032700,297.654541015625,297.1499938964844,293.1499938964844,0.0,-0.0,291.3107604980469,0.5168320536613464,0.050000000745058,0.0461028590798378,297.23779296875,297.1499938964844,293.1499938964844,0.0,-0.0,291.3107604980469,0.5168320536613464,0.050000000745058,0.0485485307872295,297.61578369140625,297.1499938964844,293.1499938964844,0.0,-0.0,291.3107604980469,0.5168320536613464,0.050000000745058,0.0358577817678451,297.2231140136719,297.1499938964844,293.1499938964844,0.0,-0.0,291.3107604980469,0.5168320536613464,0.050000000745058,0.0485485307872295,297.5233764648437,297.1499938964844,293.1499938964844,0.0,-0.0,291.3107604980469,0.5168320536613464,0.050000000745058,0.230293333530426,291.2825622558594,287.6499938964844,285.1629638671875,283.615478515625,288.2712097167969,297.5244445800781,291.1195678710937,1.0,0.1639543175697326,1.0,1.0,0.3759796619415283,1.0,-0.4912358522415161,0.3764230906963348,0.11481274664402,0.227273941040039,0.0,0.0,0.0,31.33574676513672,25.0,-840.8877563476562,-0.0,32.94783020019531,1.0,283.1443786621094,288.5085144042969,285.35308837890625,285.36309814453125,293.1499938964844,293.1499938964844,278.1499938964844,0.0,18000.0,313.1499938964844,0.0,18000.0,0.0,0.0,0.0,0.0,0.0,0.0,0.0,0.0,0.0,-0.0,-0.0,-0.0,-6.544322618950674e-21,-3.272161309475337e-21,-3.272161107526945e-21,0.0,0.0,-0.0,0.0,0.0,0.0,-0.0,0.0,0.0,0.0,0.0,0.0,4.0,0.0,0.0
12032760,297.6578674316406,297.1499938964844,293.1499938964844,0.0,-0.0,290.96502685546875,0.5191137194633484,0.050000000745058,0.0460779517889022,297.2349853515625,297.1499938964844,293.1499938964844,0.0,-0.0,290.96502685546875,0.5191137194633484,0.050000000745058,0.0485223047435283,297.6116027832031,297.1499938964844,293.1499938964844,0.0,-0.0,290.96502685546875,0.5191137194633484,0.050000000745058,0.0358384065330028,297.22039794921875,297.1499938964844,293.1499938964844,0.0,-0.0,290.96502685546875,0.5191137194633484,0.050000000745058,0.0485223047435283,297.5191345214844,297.1499938964844,293.1499938964844,0.0,-0.0,290.96502685546875,0.5191137194633484,0.050000000745058,0.2301689088344574,290.9292907714844,287.1499938964844,285.19903564453125,283.6190795898437,287.2854919433594,297.5205993652344,290.7294921875,1.0,0.1626526266336441,1.0,1.0,0.3056193590164184,1.0,-0.4909704625606537,0.4163227081298828,0.074647732079029,0.2669136226177215,0.0,0.0,0.0,30.67408561706543,25.0,-1054.0419921875,-0.0,32.3773193359375,1.0,283.1443786621094,288.5085144042969,285.35308837890625,285.36309814453125,293.1499938964844,293.1499938964844,278.1499938964844,0.0,18000.0,313.1499938964844,0.0,18000.0,0.0,0.0,0.0,0.0,0.0,0.0,0.0,0.0,0.0,-0.0,-0.0,-0.0,-6.544322618950674e-21,-3.272161309475337e-21,-3.272161107526945e-21,0.0,0.0,-0.0,0.0,0.0,0.0,-0.0,0.0,0.0,0.0,0.0,0.0,4.0,0.0,0.0
12032820,297.6588439941406,297.1499938964844,293.1499938964844,0.0,-0.0,290.0915222167969,0.5231367945671082,0.050000000745058,0.0460362769663333,297.2257995605469,297.1499938964844,293.1499938964844,0.0,-0.0,290.0915222167969,0.5231367945671082,0.050000000745058,0.0484784170985221,297.5992431640625,297.1499938964844,293.1499938964844,0.0,-0.0,290.0915222167969,0.5231367945671082,0.050000000745058,0.0358059927821159,297.2107238769531,297.1499938964844,293.1499938964844,0.0,-0.0,290.0915222167969,0.5231367945671082,0.050000000745058,0.0484784170985221,297.5067443847656,297.1499938964844,293.1499938964844,0.0,-0.0,290.0915222167969,0.5231367945671082,0.050000000745058,0.2299607396125793,290.04620361328125,286.6499938964844,285.271240234375,283.6255187988281,285.9804382324219,297.5090637207031,289.8118896484375,1.0,0.1604369729757309,1.0,1.0,0.1648987233638763,1.0,-0.4905267655849457,0.4656806886196136,0.0248460862785577,0.3158803284168243,0.0,0.0,0.0,29.56443214416504,25.0,-1297.370849609375,-0.0,31.419265747070312,1.0,283.1443786621094,288.5085144042969,285.35308837890625,285.36309814453125,293.1499938964844,293.1499938964844,278.1499938964844,0.0,18000.0,313.1499938964844,0.0,18000.0,0.0,0.0,0.0,0.0,0.0,0.0,0.0,0.0,0.0,-0.0,-0.0,-0.0,-6.544322618950674e-21,-3.272161309475337e-21,-3.272161107526945e-21,0.0,0.0,-0.0,0.0,0.0,0.0,-0.0,0.0,0.0,0.0,0.0,0.0,4.0,0.0,0.0
12032880,297.6588439941406,297.1499938964844,293.1499938964844,0.0,-0.0,290.0915222167969,0.5231367945671082,0.050000000745058,0.0460362769663333,297.2257995605469,297.1499938964844,293.1499938964844,0.0,-0.0,290.0915222167969,0.5231367945671082,0.050000000745058,0.0484784170985221,297.5992431640625,297.1499938964844,293.1499938964844,0.0,-0.0,290.0915222167969,0.5231367945671082,0.050000000745058,0.0358059927821159,297.2107238769531,297.1499938964844,293.1499938964844,0.0,-0.0,290.0915222167969,0.5231367945671082,0.050000000745058,0.0484784170985221,297.5067443847656,297.1499938964844,293.1499938964844,0.0,-0.0,290.0915222167969,0.5231367945671082,0.050000000745058,0.2299607396125793,290.04620361328125,286.6499938964844,285.271240234375,283.6255187988281,285.9804382324219,297.5090637207031,289.8118896484375,1.0,0.1604369729757309,1.0,1.0,0.1648987233638763,1.0,-0.4905267655849457,0.4656806886196136,0.0248460862785577,0.3158803284168243,0.0,0.0,0.0,29.56443214416504,25.0,-1297.370849609375,-0.0,31.419265747070312,1.0,283.1443786621094,288.5085144042969,285.35308837890625,285.36309814453125,293.1499938964844,293.1499938964844,278.1499938964844,0.0,18000.0,313.1499938964844,0.0,18000.0,0.0,0.0,0.0,0.0,0.0,0.0,0.0,0.0,0.0,-0.0,-0.0,-0.0,-6.544322618950674e-21,-3.272161309475337e-21,-3.272161107526945e-21,0.0,0.0,-0.0,0.0,0.0,0.0,-0.0,0.0,0.0,0.0,0.0,0.0,4.0,0.0,0.0
12032940,297.6560974121094,297.1499938964844,293.1499938964844,0.0,-0.0,289.511962890625,0.5253427624702454,0.1331973820924759,0.0460145436227321,297.2177124023437,297.1499938964844,293.1499938964844,0.0,-0.0,289.511962890625,0.5253427624702454,0.050000000745058,0.0484555289149284,297.5890197753906,297.1499938964844,293.1499938964844,0.0,-0.0,289.511962890625,0.5255398750305176,0.1234307661652565,0.0358226597309112,297.2020263671875,297.1499938964844,293.1499938964844,0.0,-0.0,289.511962890625,0.5253427624702454,0.050000000745058,0.0484555289149284,297.49639892578125,297.1499938964844,293.1499938964844,0.0,-0.0,289.511962890625,0.5253427624702454,0.050000000745058,0.2298521697521209,289.4671630859375,286.6499938964844,285.31658935546875,283.62908935546875,285.3913879394531,297.49920654296875,289.23779296875,1.0,0.1592706739902496,1.0,1.0,0.0765228271484375,1.0,-0.490332692861557,0.4894118010997772,0.000920875405427,0.3393794596195221,0.0,0.0,0.0,28.98556900024414,25.0,-1326.0823974609375,-0.0,30.92351150512696,1.0,283.1443786621094,288.5085144042969,285.35308837890625,285.36309814453125,293.1499938964844,293.1499938964844,278.1499938964844,0.0,18000.0,313.1499938964844,0.0,18000.0,0.0,0.0,0.0,0.0,0.0,0.0,0.0,0.0,0.0,-0.0,-0.0,-0.0,-6.544322618950674e-21,-3.272161309475337e-21,-3.272161107526945e-21,0.0,0.0,-0.0,0.0,0.0,0.0,-0.0,0.0,0.0,0.0,0.0,0.0,4.0,0.0,0.0
12033000,297.62481689453125,297.1499938964844,293.1499938964844,0.0,-0.0,289.0548400878906,0.7380117774009705,0.1325625628232956,0.1046459227800369,297.21307373046875,297.1499938964844,293.1499938964844,0.0,-0.0,289.1429748535156,0.5519092082977295,0.050000000745058,0.048228669911623,297.5623779296875,297.1499938964844,293.1499938964844,0.0,-0.0,289.0606994628906,0.7232775688171387,0.1229226440191268,0.0762499123811721,297.19659423828125,297.1499938964844,293.1499938964844,0.0,-0.0,289.1429748535156,0.5519092082977295,0.050000000745058,0.048228669911623,297.4901733398437,297.1499938964844,293.1499938964844,0.0,-0.0,289.1429748535156,0.5519092082977295,0.050000000745058,0.2287760376930236,289.0716247558594,286.1499938964844,285.34344482421875,283.63104248046875,285.3401794433594,297.4926147460937,288.8193054199219,1.0,0.160176545381546,1.0,1.0,0.0241781082004308,1.0,-0.6073359251022339,0.6073234677314758,1.246092506335117e-05,0.4310557544231415,0.0,0.0,0.0,24.176183700561523,45.0,-1424.2777099609375,-0.0,37.78309631347656,1.0,283.1443786621094,288.5085144042969,285.35308837890625,285.36309814453125,293.1499938964844,293.1499938964844,278.1499938964844,0.0,18000.0,313.1499938964844,0.0,18000.0,0.0,0.0,0.0,0.0,0.0,0.0,0.0,0.0,0.0,-0.0,-0.0,-0.0,-6.544322618950674e-21,-3.272161309475337e-21,-3.272161107526945e-21,0.0,0.0,-0.0,0.0,0.0,0.0,-0.0,0.0,0.0,0.0,0.0,0.0,4.0,0.0,0.0
12033060,297.48553466796875,297.1499938964844,293.1499938964844,0.0,-0.0,288.0694885253906,0.7457804679870605,0.1238491013646125,0.1142776757478714,297.1938781738281,297.1499938964844,293.1499938964844,0.0,-0.0,288.1598205566406,0.5399637818336487,0.050000000745058,0.0483207032084465,297.45001220703125,297.1499938964844,293.1499938964844,0.0,-0.0,288.07330322265625,0.7307586073875427,0.1162323653697967,0.0832585170865058,297.1730041503906,297.1499938964844,293.1499938964844,0.0,-0.0,288.1598205566406,0.5399637818336487,0.050000000745058,0.0483207032084465,297.46929931640625,297.1499938964844,293.1499938964844,0.0,-0.0,288.1598205566406,0.5399637818336487,0.050000000745058,0.229212611913681,288.090087890625,286.1499938964844,285.4075622558594,283.6353454589844,285.4012145996094,297.47247314453125,287.9309387207031,1.0,0.1678620725870132,1.0,1.0,0.0155989918857812,1.0,-0.6280964612960815,0.6280932426452637,3.1878234949545003e-06,0.4480645358562469,0.0,0.0,0.0,26.69562721252441,45.0,-1243.8704833984375,-0.0,42.68143844604492,1.0,283.1443786621094,288.5085144042969,285.35308837890625,285.36309814453125,293.1499938964844,293.1499938964844,278.1499938964844,0.0,18000.0,313.1499938964844,0.0,18000.0,0.0,0.0,0.0,0.0,0.0,0.0,0.0,0.0,0.0,-0.0,-0.0,-0.0,-6.544322618950674e-21,-3.272161309475337e-21,-3.272161107526945e-21,0.0,0.0,-0.0,0.0,0.0,0.0,-0.0,0.0,0.0,0.0,0.0,0.0,4.0,0.0,0.0
12033120,297.47125244140625,297.1499938964844,293.1499938964844,0.0,-0.0,287.9798583984375,0.7403379678726196,0.1229604631662368,0.1134133115410804,297.1912536621094,297.1499938964844,293.1499938964844,0.0,-0.0,288.06365966796875,0.5366092324256897,0.050000000745058,0.0483491607010364,297.43768310546875,297.1499938964844,293.1499938964844,0.0,-0.0,287.9833984375,0.72577303647995,0.1154829785227775,0.0827205255627632,297.1694641113281,297.1499938964844,293.1499938964844,0.0,-0.0,288.06365966796875,0.5366092324256897,0.050000000745058,0.0483491607010364,297.46636962890625,297.1499938964844,293.1499938964844,0.0,-0.0,288.06365966796875,0.5366092324256897,0.050000000745058,0.2293476164340973,287.9988708496094,286.1499938964844,285.4157409667969,283.6358642578125,285.4093322753906,297.4695739746094,287.8486328125,1.0,0.1691692769527435,1.0,1.0,0.0145068652927875,1.0,-0.6266438961029053,0.6266410946846008,2.803147481245105e-06,0.4468713104724884,0.0,0.0,0.0,27.40314292907715,33.0,-1201.2303466796875,-0.0,43.271751403808594,1.0,283.1443786621094,288.5085144042969,285.35308837890625,285.36309814453125,293.1499938964844,293.1499938964844,278.1499938964844,0.0,18000.0,313.1499938964844,0.0,18000.0,0.0,0.0,0.0,0.0,0.0,0.0,0.0,0.0,0.0,-0.0,-0.0,-0.0,-6.544322618950674e-21,-3.272161309475337e-21,-3.272161107526945e-21,0.0,0.0,-0.0,0.0,0.0,0.0,-0.0,0.0,0.0,0.0,0.0,0.0,4.0,0.0,0.0
12033180,297.4067077636719,297.1499938964844,293.1499938964844,0.0,-0.0,287.5633544921875,0.7244881987571716,0.1190598160028457,0.1093890368938446,297.17724609375,297.1499938964844,293.1499938964844,0.0,-0.0,287.6247863769531,0.5295344591140747,0.050000000745058,0.048413623124361,297.3812866210937,297.1499938964844,293.1499938964844,0.0,-0.0,287.5660095214844,0.7105490565299988,0.1121283620595932,0.0800979435443878,297.151123046875,297.1499938964844,293.1499938964844,0.0,-0.0,287.6247863769531,0.5295344591140747,0.050000000745058,0.048413623124361,297.45001220703125,297.1499938964844,293.1499938964844,0.0,-0.0,287.6247863769531,0.5295344591140747,0.050000000745058,0.229653388261795,287.5771179199219,286.1499938964844,285.4600524902344,283.6385192871094,285.4535522460937,297.4533996582031,287.4569396972656,1.0,0.1708636432886123,1.0,1.0,0.0085796294733881,1.0,-0.619188129901886,0.6191867589950562,1.3759856756223598e-06,0.4407655596733093,0.0,0.0,0.0,28.96852302551269,33.0,-983.61328125,-0.0,44.07779693603516,1.0,283.1443786621094,288.5085144042969,285.35308837890625,285.36309814453125,293.1499938964844,293.1499938964844,278.1499938964844,0.0,18000.0,313.1499938964844,0.0,18000.0,0.0,0.0,0.0,0.0,0.0,0.0,0.0,0.0,0.0,-0.0,-0.0,-0.0,-6.544322618950674e-21,-3.272161309475337e-21,-3.272161107526945e-21,0.0,0.0,-0.0,0.0,0.0,0.0,-0.0,0.0,0.0,0.0,0.0,0.0,4.0,0.0,0.0
12033240,297.37646484375,297.1499938964844,293.1499938964844,0.0,-0.0,287.34149169921875,0.7194042801856995,0.1173666715621948,0.1075302883982658,297.16864013671875,297.1499938964844,293.1499938964844,0.0,-0.0,287.3948974609375,0.5284357070922852,0.050000000745058,0.0484242439270019,297.3537902832031,297.1499938964844,293.1499938964844,0.0,-0.0,287.3438415527344,0.7052724957466125,0.1105811670422554,0.0788264945149421,297.1403503417969,297.1499938964844,293.1499938964844,0.0,-0.0,287.3948974609375,0.5284357070922852,0.050000000745058,0.0484242439270019,297.439453125,297.1499938964844,293.1499938964844,0.0,-0.0,287.3948974609375,0.5284357070922852,0.050000000745058,0.2297037541866302,287.35333251953125,286.25,285.48809814453125,283.64013671875,285.4815368652344,297.44293212890625,287.24591064453125,1.0,0.1708419173955917,1.0,1.0,0.0048356219194829,1.0,-0.6155170202255249,0.615516185760498,8.686948831382324e-07,0.4377585053443908,0.0,0.0,0.0,29.20466423034668,25.0,-863.4921875,-0.0,43.90472412109375,1.0,283.1443786621094,288.5085144042969,285.35308837890625,285.36309814453125,293.1499938964844,293.1499938964844,278.1499938964844,0.0,18000.0,313.1499938964844,0.0,18000.0,0.0,0.0,0.0,0.0,0.0,0.0,0.0,0.0,0.0,-0.0,-0.0,-0.0,-6.544322618950674e-21,-3.272161309475337e-21,-3.272161107526945e-21,0.0,0.0,-0.0,0.0,0.0,0.0,-0.0,0.0,0.0,0.0,0.0,0.0,4.0,0.0,0.0
12033300,297.3479919433594,297.1499938964844,293.1499938964844,0.0,-0.0,287.0768737792969,0.7691406011581421,0.1159989982843399,0.1055090352892875,297.1591186523437,297.1499938964844,293.1499938964844,0.0,-0.0,287.1280212402344,0.5788134336471558,0.050000000745058,0.0480580888688564,297.3265686035156,297.1499938964844,293.1499938964844,0.0,-0.0,287.0793762207031,0.7541884779930115,0.109193317592144,0.0773238688707351,297.1284484863281,297.1499938964844,293.1499938964844,0.0,-0.0,287.1280212402344,0.5788134336471558,0.050000000745058,0.0480580888688564,297.4210205078125,297.1499938964844,293.1499938964844,0.0,-0.0,287.1079406738281,0.6833082437515259,0.1098521873354911,0.3682475090026855,287.08087158203125,286.25,285.5243225097656,283.64215087890625,285.5186462402344,297.4270324707031,286.9722595214844,1.0,0.1725788712501526,1.0,1.0,0.0,1.0,-0.7764732241630554,0.7764725685119629,6.547583666360879e-07,0.5652739405632019,0.0,0.0,0.0,21.40243530273437,25.0,-788.73193359375,-0.0,55.00789260864258,1.0,283.1443786621094,288.5085144042969,285.35308837890625,285.36309814453125,293.1499938964844,293.1499938964844,278.1499938964844,0.0,18000.0,313.1499938964844,0.0,18000.0,0.0,0.0,0.0,0.0,0.0,0.0,0.0,0.0,0.0,-0.0,-0.0,-0.0,-6.544322618950674e-21,-3.272161309475337e-21,-3.272161107526945e-21,0.0,0.0,-0.0,0.0,0.0,0.0,-0.0,0.0,0.0,0.0,0.0,0.0,4.0,0.0,0.0
12033360,297.3238525390625,297.1499938964844,293.1499938964844,0.0,-0.0,286.70611572265625,0.8499937653541565,0.1148852854967117,0.1041999235749244,297.1467590332031,297.1499938964844,293.1499938964844,0.0,-0.0,286.7732238769531,0.6448222994804382,0.050000000745058,0.0477616377174854,297.30157470703125,297.1499938964844,293.1499938964844,0.0,-0.0,286.70928955078125,0.8336544632911682,0.1078580617904663,0.0762219205498695,297.1140441894531,297.1499938964844,293.1499938964844,0.0,-0.0,286.7732238769531,0.6448222994804382,0.050000000745058,0.0477616377174854,297.36309814453125,297.1499938964844,293.1499938964844,0.0,-0.0,286.7109375,0.828791618347168,0.1058900356292724,0.4804072380065918,286.6991577148437,286.3500061035156,285.5605773925781,283.6440734863281,285.5560913085937,297.3734130859375,286.6158142089844,1.0,0.1755647957324981,1.0,1.0,0.0,1.0,-0.907684326171875,0.907683491706848,7.937968575788545e-07,0.6745584011077881,0.0,0.0,0.0,15.345354080200195,25.0,-762.5943603515625,-0.0,66.36250305175781,1.0,283.1443786621094,288.5085144042969,285.35308837890625,285.36309814453125,293.1499938964844,293.1499938964844,278.1499938964844,0.0,18000.0,313.1499938964844,0.0,18000.0,0.0,0.0,0.0,0.0,0.0,0.0,0.0,0.0,0.0,-0.0,-0.0,-0.0,-6.544322618950674e-21,-3.272161309475337e-21,-3.272161107526945e-21,0.0,0.0,-0.0,0.0,0.0,0.0,-0.0,0.0,0.0,0.0,0.0,0.0,4.0,0.0,0.0
12033420,297.2838134765625,297.1499938964844,293.1499938964844,0.0,-0.0,286.3114013671875,0.7909729480743408,0.1130061224102974,0.102455697953701,297.1102600097656,297.1499938964844,293.1499938964844,0.0,-0.0,286.3383483886719,0.603521466255188,0.050000000745058,0.04793132096529,297.2540588378906,297.1499938964844,293.1499938964844,0.0,-0.0,286.3128356933594,0.7722625136375427,0.1049501076340675,0.0742848962545394,297.0733337402344,297.1499938964844,293.1499938964844,0.0,-0.0,286.3383483886719,0.603521466255188,0.050000000745058,0.04793132096529,297.2629699707031,297.1499938964844,293.1499938964844,0.0,-0.0,286.31396484375,0.7585610151290894,0.0983944460749626,0.452107310295105,286.3089294433594,286.45001220703125,285.6332092285156,283.6478881835937,285.6285400390625,297.27001953125,286.2723999023437,1.0,0.1784019470214843,1.0,1.0,0.0,1.0,-0.869719386100769,0.869718611240387,7.442094442922098e-07,0.6434792280197144,0.0,0.0,0.0,19.21751594543457,25.0,-473.54693603515625,-0.0,65.9710464477539,1.0,283.1443786621094,288.5085144042969,285.35308837890625,285.36309814453125,293.1499938964844,293.1499938964844,278.1499938964844,0.0,18000.0,313.1499938964844,0.0,18000.0,0.0,0.0,0.0,0.0,0.0,0.0,0.0,0.0,0.0,-0.0,-0.0,-0.0,-6.544322618950674e-21,-3.272161309475337e-21,-3.272161107526945e-21,0.0,0.0,-0.0,0.0,0.0,0.0,-0.0,0.0,0.0,0.0,0.0,0.0,4.0,0.0,0.0
12033480,297.2838134765625,297.1499938964844,293.1499938964844,0.0,-0.0,286.3114013671875,0.7909729480743408,0.1130061224102974,0.102455697953701,297.1102600097656,297.1499938964844,293.1499938964844,0.0,-0.0,286.3383483886719,0.603521466255188,0.050000000745058,0.04793132096529,297.2540588378906,297.1499938964844,293.1499938964844,0.0,-0.0,286.3128356933594,0.7722625136375427,0.1049501076340675,0.0742848962545394,297.0733337402344,297.1499938964844,293.1499938964844,0.0,-0.0,286.3383483886719,0.603521466255188,0.050000000745058,0.04793132096529,297.2629699707031,297.1499938964844,293.1499938964844,0.0,-0.0,286.31396484375,0.7585610151290894,0.0983944460749626,0.452107310295105,286.3089294433594,286.45001220703125,285.6332092285156,283.6478881835937,285.6285400390625,297.27001953125,286.2723999023437,1.0,0.1784019470214843,1.0,1.0,0.0,1.0,-0.869719386100769,0.869718611240387,7.442094442922098e-07,0.6434792280197144,0.0,0.0,0.0,19.21751594543457,25.0,-473.54693603515625,-0.0,65.9710464477539,1.0,283.1443786621094,288.5085144042969,285.35308837890625,285.36309814453125,293.1499938964844,293.1499938964844,278.1499938964844,0.0,18000.0,313.1499938964844,0.0,18000.0,0.0,0.0,0.0,0.0,0.0,0.0,0.0,0.0,0.0,-0.0,-0.0,-0.0,-6.544322618950674e-21,-3.272161309475337e-21,-3.272161107526945e-21,0.0,0.0,-0.0,0.0,0.0,0.0,-0.0,0.0,0.0,0.0,0.0,0.0,4.0,0.0,0.0
12033540,297.2694091796875,297.1499938964844,293.1499938964844,0.0,-0.0,286.1770324707031,0.7707654237747192,0.1125843301415443,0.1019650772213935,297.0890197753906,297.1499938964844,293.1499938964844,0.0,-0.0,286.1963806152344,0.5878802537918091,0.050000000745058,0.0480084046721458,297.2333374023437,297.1499938964844,293.1499938964844,0.0,-0.0,286.17822265625,0.7511804103851318,0.1036812961101532,0.0733447521924972,297.04998779296875,297.1499938964844,293.1499938964844,0.0,-0.0,286.1963806152344,0.5878802537918091,0.050000000745058,0.0480084046721458,297.2230834960937,297.1499938964844,293.1499938964844,0.0,-0.0,286.1794128417969,0.7335968613624573,0.0952946469187736,0.4368328750133514,286.1754455566406,286.45001220703125,285.67626953125,283.650146484375,285.6714782714844,297.2284851074219,286.1478271484375,1.0,0.1793860495090484,1.0,1.0,0.0,1.0,-0.8498521447181702,0.8498514294624329,7.189391908468679e-07,0.6270607113838196,0.0,0.0,0.0,20.94888687133789,25.0,-345.84375,-0.0,65.31300354003906,1.0,283.1443786621094,288.5085144042969,285.35308837890625,285.36309814453125,293.1499938964844,293.1499938964844,278.1499938964844,0.0,18000.0,313.1499938964844,0.0,18000.0,0.0,0.0,0.0,0.0,0.0,0.0,0.0,0.0,0.0,-0.0,-0.0,-0.0,-6.544322618950674e-21,-3.272161309475337e-21,-3.272161107526945e-21,0.0,0.0,-0.0,0.0,0.0,0.0,-0.0,0.0,0.0,0.0,0.0,0.0,4.0,0.0,0.0
12033600,297.2621459960937,297.1499938964844,293.1499938964844,0.0,-0.0,286.1056213378906,0.7618110179901123,0.1124917939305305,0.1018338575959205,297.0756530761719,297.1499938964844,293.1499938964844,0.0,-0.0,286.1212158203125,0.5803195238113403,0.050000000745058,0.0480489693582057,297.221923828125,297.1499938964844,293.1499938964844,0.0,-0.0,286.1066589355469,0.7415305972099304,0.1029969975352287,0.0728307664394378,297.0356140136719,297.1499938964844,293.1499938964844,0.0,-0.0,286.1212158203125,0.5803195238113403,0.050000000745058,0.0480489693582057,297.20166015625,297.1499938964844,293.1499938964844,0.0,-0.0,286.1078491210937,0.7216089367866516,0.0935788452625274,0.4283884167671203,286.1044921875,286.54998779296875,285.7059936523437,283.6517333984375,285.7011413574219,297.20611572265625,286.0820007324219,1.0,0.1798768788576126,1.0,1.0,0.0,1.0,-0.8390390872955322,0.8390383720397949,7.05389425093017e-07,0.6180987358093262,0.0,0.0,0.0,21.857404708862305,25.0,-275.8402404785156,-0.0,64.90574645996094,1.0,283.1443786621094,288.5085144042969,285.35308837890625,285.36309814453125,293.1499938964844,293.1499938964844,278.1499938964844,0.0,18000.0,313.1499938964844,0.0,18000.0,0.0,0.0,0.0,0.0,0.0,0.0,0.0,0.0,0.0,-0.0,-0.0,-0.0,-6.544322618950674e-21,-3.272161309475337e-21,-3.272161107526945e-21,0.0,0.0,-0.0,0.0,0.0,0.0,-0.0,0.0,0.0,0.0,0.0,0.0,4.0,0.0,0.0
12033660,297.25115966796875,297.1499938964844,293.1499938964844,0.0,-0.0,285.99322509765625,0.7497692108154297,0.1127006113529205,0.1019435822963714,297.04998779296875,297.1499938964844,293.1499938964844,0.0,-0.0,286.0022277832031,0.5690286159515381,0.050000000745058,0.0481144227087497,297.2020568847656,297.1499938964844,293.1499938964844,0.0,-0.0,285.9939270019531,0.7274288535118103,0.1018326506018638,0.0719638839364051,297.00897216796875,297.1499938964844,293.1499938964844,0.0,-0.0,286.0022277832031,0.5690286159515381,0.050000000745058,0.0481144227087497,297.16632080078125,297.1499938964844,293.1499938964844,0.0,-0.0,285.9947814941406,0.7013590335845947,0.0906068161129951,0.4138058722019195,285.9927062988281,286.54998779296875,285.77392578125,283.6555480957031,285.7689514160156,297.169189453125,285.979736328125,1.0,0.1805902272462844,1.0,1.0,0.0,1.0,-0.8207828998565674,0.8207822442054749,6.828232130828837e-07,0.6029073596000671,0.0,0.0,0.0,23.31631851196289,25.0,-156.06552124023438,-0.0,64.11356353759766,1.0,283.1443786621094,288.5085144042969,285.35308837890625,285.36309814453125,293.1499938964844,293.1499938964844,278.1499938964844,0.0,18000.0,313.1499938964844,0.0,18000.0,0.0,0.0,0.0,0.0,0.0,0.0,0.0,0.0,0.0,-0.0,-0.0,-0.0,-6.544322618950674e-21,-3.272161309475337e-21,-3.272161107526945e-21,0.0,0.0,-0.0,0.0,0.0,0.0,-0.0,0.0,0.0,0.0,0.0,0.0,4.0,0.0,0.0
12033720,297.2506103515625,297.1499938964844,293.1499938964844,0.0,-0.0,285.9872131347656,0.7491897940635681,0.1127360016107559,0.1019702926278114,297.0483703613281,297.1499938964844,293.1499938964844,0.0,-0.0,285.9958190917969,0.5684238076210022,0.050000000745058,0.0481181144714355,297.20086669921875,297.1499938964844,293.1499938964844,0.0,-0.0,285.9878845214844,0.7266668081283569,0.1017634198069572,0.0719123780727386,297.00732421875,297.1499938964844,293.1499938964844,0.0,-0.0,285.9958190917969,0.5684238076210022,0.050000000745058,0.0481181144714355,297.1642761230469,297.1499938964844,293.1499938964844,0.0,-0.0,285.9887390136719,0.7001673579216003,0.0904274061322212,0.4129281044006347,285.9867553710937,286.6499938964844,285.77899169921875,283.65582275390625,285.7740173339844,297.1670837402344,285.9743957519531,1.0,0.1806256473064422,1.0,1.0,0.0,1.0,-0.8197088241577148,0.8197081089019775,6.815069468757429e-07,0.602010190486908,0.0,0.0,0.0,23.39818000793457,25.0,-148.91993713378906,-0.0,64.06148529052734,1.0,283.1443786621094,288.5085144042969,285.35308837890625,285.36309814453125,293.1499938964844,293.1499938964844,278.1499938964844,0.0,18000.0,313.1499938964844,0.0,18000.0,0.0,0.0,0.0,0.0,0.0,0.0,0.0,0.0,0.0,-0.0,-0.0,-0.0,-6.544322618950674e-21,-3.272161309475337e-21,-3.272161107526945e-21,0.0,0.0,-0.0,0.0,0.0,0.0,-0.0,0.0,0.0,0.0,0.0,0.0,4.0,0.0,0.0
12033780,297.2455444335937,297.1499938964844,293.1499938964844,0.0,-0.0,285.9290771484375,0.7438580393791199,0.1134928688406944,0.1025799736380577,297.0287475585937,297.1499938964844,293.1499938964844,0.0,-0.0,285.932861328125,0.562004566192627,0.050000000745058,0.0481586009263992,297.18670654296875,297.1499938964844,293.1499938964844,0.0,-0.0,285.92938232421875,0.718358039855957,0.100969411432743,0.0713178366422653,296.9877624511719,297.1499938964844,293.1499938964844,0.0,-0.0,285.932861328125,0.562004566192627,0.050000000745058,0.0481586009263992,297.14166259765625,297.1499938964844,293.1499938964844,0.0,-0.0,285.9298400878906,0.6868771910667419,0.0883057937026023,0.4025765359401703,285.9289245605469,286.75,285.85223388671875,283.6603698730469,285.84716796875,297.14337158203125,285.9238586425781,1.0,0.1809528768062591,1.0,1.0,0.0,1.0,-0.807398796081543,0.8073981404304504,6.665080150014546e-07,0.5916939377784729,0.0,0.0,0.0,24.29067611694336,25.0,-65.67456817626953,-0.0,63.40391540527344,1.0,283.1443786621094,288.5085144042969,285.35308837890625,285.36309814453125,293.1499938964844,293.1499938964844,278.1499938964844,0.0,18000.0,313.1499938964844,0.0,18000.0,0.0,0.0,0.0,0.0,0.0,0.0,0.0,0.0,0.0,-0.0,-0.0,-0.0,-6.544322618950674e-21,-3.272161309475337e-21,-3.272161107526945e-21,0.0,0.0,-0.0,0.0,0.0,0.0,-0.0,0.0,0.0,0.0,0.0,0.0,4.0,0.0,0.0
12033840,297.2455444335937,297.1499938964844,293.1499938964844,0.0,-0.0,285.9290771484375,0.7438580393791199,0.1134928688406944,0.1025799736380577,297.0287475585937,297.1499938964844,293.1499938964844,0.0,-0.0,285.932861328125,0.562004566192627,0.050000000745058,0.0481586009263992,297.18670654296875,297.1499938964844,293.1499938964844,0.0,-0.0,285.92938232421875,0.718358039855957,0.100969411432743,0.0713178366422653,296.9877624511719,297.1499938964844,293.1499938964844,0.0,-0.0,285.932861328125,0.562004566192627,0.050000000745058,0.0481586009263992,297.14166259765625,297.1499938964844,293.1499938964844,0.0,-0.0,285.9298400878906,0.6868771910667419,0.0883057937026023,0.4025765359401703,285.9289245605469,286.75,285.85223388671875,283.6603698730469,285.84716796875,297.14337158203125,285.9238586425781,1.0,0.1809528768062591,1.0,1.0,0.0,1.0,-0.807398796081543,0.8073981404304504,6.665080150014546e-07,0.5916939377784729,0.0,0.0,0.0,24.29067611694336,25.0,-65.67456817626953,-0.0,63.40391540527344,1.0,283.1443786621094,288.5085144042969,285.35308837890625,285.36309814453125,293.1499938964844,293.1499938964844,278.1499938964844,0.0,18000.0,313.1499938964844,0.0,18000.0,0.0,0.0,0.0,0.0,0.0,0.0,0.0,0.0,0.0,-0.0,-0.0,-0.0,-6.544322618950674e-21,-3.272161309475337e-21,-3.272161107526945e-21,0.0,0.0,-0.0,0.0,0.0,0.0,-0.0,0.0,0.0,0.0,0.0,0.0,4.0,0.0,0.0
12033900,297.2448425292969,297.1499938964844,293.1499938964844,0.0,-0.0,285.9166259765625,0.7427873611450195,0.1140274107456207,0.1030272915959358,297.0216979980469,297.1499938964844,293.1499938964844,0.0,-0.0,285.9186096191406,0.5599973797798157,0.050000000745058,0.0481717847287654,297.1815490722656,297.1499938964844,293.1499938964844,0.0,-0.0,285.9167785644531,0.7156211733818054,0.1006943210959434,0.0711084678769111,296.9803771972656,297.1499938964844,293.1499938964844,0.0,-0.0,285.9186096191406,0.5599973797798157,0.050000000745058,0.0481717847287654,297.1340637207031,297.1499938964844,293.1499938964844,0.0,-0.0,285.9170227050781,0.6823354363441467,0.0875059515237808,0.3986913561820984,285.91656494140625,286.75,285.8889465332031,283.6628723144531,285.88385009765625,297.1354064941406,285.914306640625,1.0,0.1810190230607986,1.0,1.0,0.0,1.0,-0.8030526041984558,0.8030519485473633,6.612505671910185e-07,0.5880374908447266,0.0,0.0,0.0,24.57779884338379,25.0,-35.26972961425781,-0.0,63.134613037109375,1.0,283.1443786621094,288.5085144042969,285.35308837890625,285.36309814453125,293.1499938964844,293.1499938964844,278.1499938964844,0.0,18000.0,313.1499938964844,0.0,18000.0,0.0,0.0,0.0,0.0,0.0,0.0,0.0,0.0,0.0,-0.0,-0.0,-0.0,-6.544322618950674e-21,-3.272161309475337e-21,-3.272161107526945e-21,0.0,0.0,-0.0,0.0,0.0,0.0,-0.0,0.0,0.0,0.0,0.0,0.0,4.0,0.0,0.0
12033960,297.2450561523437,297.1499938964844,293.1499938964844,0.0,-0.0,285.9127502441406,0.742452085018158,0.1146504208445549,0.1035559773445129,297.01617431640625,297.1499938964844,293.1499938964844,0.0,-0.0,285.9132080078125,0.5585266351699829,0.050000000745058,0.0481816120445728,297.1773986816406,297.1499938964844,293.1499938964844,0.0,-0.0,285.91278076171875,0.7135505080223083,0.1004843562841415,0.0709460601210594,296.97430419921875,297.1499938964844,293.1499938964844,0.0,-0.0,285.9132080078125,0.5585266351699829,0.050000000745058,0.0481816120445728,297.1282653808594,297.1499938964844,293.1499938964844,0.0,-0.0,285.9128112792969,0.678765058517456,0.0868331789970398,0.3954324126243591,285.9127502441406,286.8500061035156,285.9257202148437,283.6655578613281,285.92059326171875,297.1292724609375,285.9128723144531,1.0,0.1810430139303207,1.0,1.0,0.0,1.0,-0.7996039986610413,0.7996033430099487,6.570956543328066e-07,0.5851355791091919,0.0,0.0,0.0,24.78978538513184,25.0,-10.407806396484377,-0.0,62.90006256103516,1.0,283.1443786621094,288.5085144042969,285.35308837890625,285.36309814453125,293.1499938964844,293.1499938964844,278.1499938964844,0.0,18000.0,313.1499938964844,0.0,18000.0,0.0,0.0,0.0,0.0,0.0,0.0,0.0,0.0,0.0,-0.0,-0.0,-0.0,-6.544322618950674e-21,-3.272161309475337e-21,-3.272161107526945e-21,0.0,0.0,-0.0,0.0,0.0,0.0,-0.0,0.0,0.0,0.0,0.0,0.0,4.0,0.0,0.0
12034020,297.24774169921875,297.1499938964844,293.1499938964844,0.0,-0.0,285.9250793457031,0.7433919906616211,0.1161217987537384,0.1048219352960586,297.0087280273437,297.1499938964844,293.1499938964844,0.0,-0.0,285.9232177734375,0.5567079186439514,0.050000000745058,0.0481939762830734,297.1714172363281,297.1499938964844,293.1499938964844,0.0,-0.0,285.9248352050781,0.7109031677246094,0.1002226546406745,0.0707358717918396,296.96551513671875,297.1499938964844,293.1499938964844,0.0,-0.0,285.9232177734375,0.5567079186439514,0.050000000745058,0.0481939762830734,297.1205749511719,297.1499938964844,293.1499938964844,0.0,-0.0,285.924560546875,0.6737057566642761,0.085773654282093,0.3903177380561828,285.92510986328125,286.95001220703125,285.99951171875,283.6716003417969,285.99432373046875,297.1211242675781,285.9288635253906,1.0,0.1810111552476883,1.0,1.0,0.0,1.0,-0.794761598110199,0.7947609424591064,6.512970003313967e-07,0.5810787081718445,0.0,0.0,0.0,25.051416397094727,25.0,26.732515335083008,-0.0,62.52328872680664,1.0,283.1443786621094,288.5085144042969,285.35308837890625,285.36309814453125,293.1499938964844,293.1499938964844,278.1499938964844,0.0,18000.0,313.1499938964844,0.0,18000.0,0.0,0.0,0.0,0.0,0.0,0.0,0.0,0.0,0.0,-0.0,-0.0,-0.0,-6.544322618950674e-21,-3.272161309475337e-21,-3.272161107526945e-21,0.0,0.0,-0.0,0.0,0.0,0.0,-0.0,0.0,0.0,0.0,0.0,0.0,4.0,0.0,0.0
12034080,297.24774169921875,297.1499938964844,293.1499938964844,0.0,-0.0,285.9250793457031,0.7433919906616211,0.1161217987537384,0.1048219352960586,297.0087280273437,297.1499938964844,293.1499938964844,0.0,-0.0,285.9232177734375,0.5567079186439514,0.050000000745058,0.0481939762830734,297.1714172363281,297.1499938964844,293.1499938964844,0.0,-0.0,285.9248352050781,0.7109031677246094,0.1002226546406745,0.0707358717918396,296.96551513671875,297.1499938964844,293.1499938964844,0.0,-0.0,285.9232177734375,0.5567079186439514,0.050000000745058,0.0481939762830734,297.1205749511719,297.1499938964844,293.1499938964844,0.0,-0.0,285.924560546875,0.6737057566642761,0.085773654282093,0.3903177380561828,285.92510986328125,286.95001220703125,285.99951171875,283.6716003417969,285.99432373046875,297.1211242675781,285.9288635253906,1.0,0.1810111552476883,1.0,1.0,0.0,1.0,-0.794761598110199,0.7947609424591064,6.512970003313967e-07,0.5810787081718445,0.0,0.0,0.0,25.051416397094727,25.0,26.732515335083008,-0.0,62.52328872680664,1.0,283.1443786621094,288.5085144042969,285.35308837890625,285.36309814453125,293.1499938964844,293.1499938964844,278.1499938964844,0.0,18000.0,313.1499938964844,0.0,18000.0,0.0,0.0,0.0,0.0,0.0,0.0,0.0,0.0,0.0,-0.0,-0.0,-0.0,-6.544322618950674e-21,-3.272161309475337e-21,-3.272161107526945e-21,0.0,0.0,-0.0,0.0,0.0,0.0,-0.0,0.0,0.0,0.0,0.0,0.0,4.0,0.0,0.0
12034140,297.25250244140625,297.1499938964844,293.1499938964844,0.0,-0.0,285.957275390625,0.7458476424217224,0.1178416386246681,0.106318823993206,297.0049133300781,297.1499938964844,293.1499938964844,0.0,-0.0,285.95379638671875,0.5558745861053467,0.050000000745058,0.0481997206807136,297.16778564453125,297.1499938964844,293.1499938964844,0.0,-0.0,285.9568176269531,0.7096855640411377,0.1001254171133041,0.0706454142928123,296.960205078125,297.1499938964844,293.1499938964844,0.0,-0.0,285.95379638671875,0.5558745861053467,0.050000000745058,0.0481997206807136,297.11651611328125,297.1499938964844,293.1499938964844,0.0,-0.0,285.9562683105469,0.670526385307312,0.0849891379475593,0.3865444362163543,285.957275390625,287.04998779296875,286.0736389160156,283.6787109375,286.0683898925781,297.1168212890625,285.96356201171875,1.0,0.1809253245592117,1.0,1.0,0.0,1.0,-0.7919343709945679,0.7919337153434753,6.479526177827211e-07,0.578758955001831,0.0,0.0,0.0,25.167600631713867,25.0,51.80333709716797,-0.0,62.2549934387207,1.0,283.1443786621094,288.5085144042969,285.35308837890625,285.36309814453125,293.1499938964844,293.1499938964844,278.1499938964844,0.0,18000.0,313.1499938964844,0.0,18000.0,0.0,0.0,0.0,0.0,0.0,0.0,0.0,0.0,0.0,-0.0,-0.0,-0.0,-6.544322618950674e-21,-3.272161309475337e-21,-3.272161107526945e-21,0.0,0.0,-0.0,0.0,0.0,0.0,-0.0,0.0,0.0,0.0,0.0,0.0,4.0,0.0,0.0
12034200,297.25250244140625,297.1499938964844,293.1499938964844,0.0,-0.0,285.957275390625,0.7458476424217224,0.1178416386246681,0.106318823993206,297.0049133300781,297.1499938964844,293.1499938964844,0.0,-0.0,285.95379638671875,0.5558745861053467,0.050000000745058,0.0481997206807136,297.16778564453125,297.1499938964844,293.1499938964844,0.0,-0.0,285.9568176269531,0.7096855640411377,0.1001254171133041,0.0706454142928123,296.960205078125,297.1499938964844,293.1499938964844,0.0,-0.0,285.95379638671875,0.5558745861053467,0.050000000745058,0.0481997206807136,297.11651611328125,297.1499938964844,293.1499938964844,0.0,-0.0,285.9562683105469,0.670526385307312,0.0849891379475593,0.3865444362163543,285.957275390625,287.04998779296875,286.0736389160156,283.6787109375,286.0683898925781,297.1168212890625,285.96356201171875,1.0,0.1809253245592117,1.0,1.0,0.0,1.0,-0.7919343709945679,0.7919337153434753,6.479526177827211e-07,0.578758955001831,0.0,0.0,0.0,25.167600631713867,25.0,51.80333709716797,-0.0,62.2549934387207,1.0,283.1443786621094,288.5085144042969,285.35308837890625,285.36309814453125,293.1499938964844,293.1499938964844,278.1499938964844,0.0,18000.0,313.1499938964844,0.0,18000.0,0.0,0.0,0.0,0.0,0.0,0.0,0.0,0.0,0.0,-0.0,-0.0,-0.0,-6.544322618950674e-21,-3.272161309475337e-21,-3.272161107526945e-21,0.0,0.0,-0.0,0.0,0.0,0.0,-0.0,0.0,0.0,0.0,0.0,0.0,4.0,0.0,0.0
12034260,297.2586364746094,297.1499938964844,293.1499938964844,0.0,-0.0,286.003173828125,0.7493272423744202,0.1197608485817909,0.1080010384321212,297.00360107421875,297.1499938964844,293.1499938964844,0.0,-0.0,285.9985046386719,0.5556360483169556,0.050000000745058,0.0482013784348964,297.16583251953125,297.1499938964844,293.1499938964844,0.0,-0.0,286.00250244140625,0.7094184160232544,0.1001499369740486,0.0706438645720481,296.9574890136719,297.1499938964844,293.1499938964844,0.0,-0.0,285.9985046386719,0.5556360483169556,0.050000000745058,0.0482013784348964,297.1148376464844,297.1499938964844,293.1499938964844,0.0,-0.0,286.00177001953125,0.6685331463813782,0.0843930914998054,0.3836831748485565,286.00311279296875,287.1499938964844,286.1481018066406,283.6871032714844,286.142822265625,297.11492919921875,286.0111083984375,1.0,0.180827334523201,1.0,1.0,0.0,1.0,-0.7905211448669434,0.7905204892158508,6.46329340270313e-07,0.5776787996292114,0.0,0.0,0.0,25.19593811035156,25.0,68.8254623413086,-0.0,62.08129501342773,1.0,283.1443786621094,288.5085144042969,285.35308837890625,285.36309814453125,293.1499938964844,293.1499938964844,278.1499938964844,0.0,18000.0,313.1499938964844,0.0,18000.0,0.0,0.0,0.0,0.0,0.0,0.0,0.0,0.0,0.0,-0.0,-0.0,-0.0,-6.544322618950674e-21,-3.272161309475337e-21,-3.272161107526945e-21,0.0,0.0,-0.0,0.0,0.0,0.0,-0.0,0.0,0.0,0.0,0.0,0.0,4.0,0.0,0.0
12034320,297.2586364746094,297.1499938964844,293.1499938964844,0.0,-0.0,286.003173828125,0.7493272423744202,0.1197608485817909,0.1080010384321212,297.00360107421875,297.1499938964844,293.1499938964844,0.0,-0.0,285.9985046386719,0.5556360483169556,0.050000000745058,0.0482013784348964,297.16583251953125,297.1499938964844,293.1499938964844,0.0,-0.0,286.00250244140625,0.7094184160232544,0.1001499369740486,0.0706438645720481,296.9574890136719,297.1499938964844,293.1499938964844,0.0,-0.0,285.9985046386719,0.5556360483169556,0.050000000745058,0.0482013784348964,297.1148376464844,297.1499938964844,293.1499938964844,0.0,-0.0,286.00177001953125,0.6685331463813782,0.0843930914998054,0.3836831748485565,286.00311279296875,287.1499938964844,286.1481018066406,283.6871032714844,286.142822265625,297.11492919921875,286.0111083984375,1.0,0.180827334523201,1.0,1.0,0.0,1.0,-0.7905211448669434,0.7905204892158508,6.46329340270313e-07,0.5776787996292114,0.0,0.0,0.0,25.19593811035156,25.0,68.8254623413086,-0.0,62.08129501342773,1.0,283.1443786621094,288.5085144042969,285.35308837890625,285.36309814453125,293.1499938964844,293.1499938964844,278.1499938964844,0.0,18000.0,313.1499938964844,0.0,18000.0,0.0,0.0,0.0,0.0,0.0,0.0,0.0,0.0,0.0,-0.0,-0.0,-0.0,-6.544322618950674e-21,-3.272161309475337e-21,-3.272161107526945e-21,0.0,0.0,-0.0,0.0,0.0,0.0,-0.0,0.0,0.0,0.0,0.0,0.0,4.0,0.0,0.0
12034380,297.265625,297.1499938964844,293.1499938964844,0.0,-0.0,286.0584716796875,0.7535327076911926,0.1218446642160415,0.1098357066512107,297.00408935546875,297.1499938964844,293.1499938964844,0.0,-0.0,286.052978515625,0.5557610392570496,0.050000000745058,0.0482005141675472,297.1650085449219,297.1499938964844,293.1499938964844,0.0,-0.0,286.0576477050781,0.7097826600074768,0.1002664566040039,0.0707094371318817,296.9565734863281,297.1499938964844,293.1499938964844,0.0,-0.0,286.052978515625,0.5557610392570496,0.050000000745058,0.0482005141675472,297.1146850585937,297.1499938964844,293.1499938964844,0.0,-0.0,286.0567626953125,0.6673120260238647,0.0839313119649887,0.3814661502838135,286.058349609375,287.25,286.2229309082031,283.6969909667969,286.2176208496094,297.1146545410156,286.06756591796875,1.0,0.1807421296834945,1.0,1.0,0.0,1.0,-0.7901386618614197,0.7901380062103271,6.459627570620796e-07,0.5775148272514343,0.0,0.0,0.0,25.17200088500977,25.0,80.46859741210938,-0.0,61.99188995361328,1.0,283.1443786621094,288.5085144042969,285.35308837890625,285.36309814453125,293.1499938964844,293.1499938964844,278.1499938964844,0.0,18000.0,313.1499938964844,0.0,18000.0,0.0,0.0,0.0,0.0,0.0,0.0,0.0,0.0,0.0,-0.0,-0.0,-0.0,-6.544322618950674e-21,-3.272161309475337e-21,-3.272161107526945e-21,0.0,0.0,-0.0,0.0,0.0,0.0,-0.0,0.0,0.0,0.0,0.0,0.0,4.0,0.0,0.0
12034440,297.265625,297.1499938964844,293.1499938964844,0.0,-0.0,286.0584716796875,0.7535327076911926,0.1218446642160415,0.1098357066512107,297.00408935546875,297.1499938964844,293.1499938964844,0.0,-0.0,286.052978515625,0.5557610392570496,0.050000000745058,0.0482005141675472,297.1650085449219,297.1499938964844,293.1499938964844,0.0,-0.0,286.0576477050781,0.7097826600074768,0.1002664566040039,0.0707094371318817,296.9565734863281,297.1499938964844,293.1499938964844,0.0,-0.0,286.052978515625,0.5557610392570496,0.050000000745058,0.0482005141675472,297.1146850585937,297.1499938964844,293.1499938964844,0.0,-0.0,286.0567626953125,0.6673120260238647,0.0839313119649887,0.3814661502838135,286.058349609375,287.25,286.2229309082031,283.6969909667969,286.2176208496094,297.1146545410156,286.06756591796875,1.0,0.1807421296834945,1.0,1.0,0.0,1.0,-0.7901386618614197,0.7901380062103271,6.459627570620796e-07,0.5775148272514343,0.0,0.0,0.0,25.17200088500977,25.0,80.46859741210938,-0.0,61.99188995361328,1.0,283.1443786621094,288.5085144042969,285.35308837890625,285.36309814453125,293.1499938964844,293.1499938964844,278.1499938964844,0.0,18000.0,313.1499938964844,0.0,18000.0,0.0,0.0,0.0,0.0,0.0,0.0,0.0,0.0,0.0,-0.0,-0.0,-0.0,-6.544322618950674e-21,-3.272161309475337e-21,-3.272161107526945e-21,0.0,0.0,-0.0,0.0,0.0,0.0,-0.0,0.0,0.0,0.0,0.0,0.0,4.0,0.0,0.0
12034500,297.2693176269531,297.1499938964844,293.1499938964844,0.0,-0.0,286.0887451171875,0.7558479905128479,0.1229407340288162,0.110802985727787,297.0048522949219,297.1499938964844,293.1499938964844,0.0,-0.0,286.0828857421875,0.555914580821991,0.050000000745058,0.0481994524598121,297.1649169921875,297.1499938964844,293.1499938964844,0.0,-0.0,286.0878601074219,0.7101337909698486,0.100352756679058,0.0707626268267631,296.9566650390625,297.1499938964844,293.1499938964844,0.0,-0.0,286.0828857421875,0.555914580821991,0.050000000745058,0.0481994524598121,297.1150207519531,297.1499938964844,293.1499938964844,0.0,-0.0,286.0868835449219,0.6669093370437622,0.0837396830320358,0.3805446624755859,286.08856201171875,287.25,286.260498046875,283.7025451660156,286.25518798828125,297.11492919921875,286.0982360839844,1.0,0.1807090938091278,1.0,1.0,0.0,1.0,-0.7902547717094421,0.7902541160583496,6.461547172875726e-07,0.5777077078819275,0.0,0.0,0.0,25.147544860839844,25.0,84.8459243774414,-0.0,61.97639465332031,1.0,283.1443786621094,288.5085144042969,285.35308837890625,285.36309814453125,293.1499938964844,293.1499938964844,278.1499938964844,0.0,18000.0,313.1499938964844,0.0,18000.0,0.0,0.0,0.0,0.0,0.0,0.0,0.0,0.0,0.0,-0.0,-0.0,-0.0,-6.544322618950674e-21,-3.272161309475337e-21,-3.272161107526945e-21,0.0,0.0,-0.0,0.0,0.0,0.0,-0.0,0.0,0.0,0.0,0.0,0.0,4.0,0.0,0.0
12034560,297.27313232421875,297.1499938964844,293.1499938964844,0.0,-0.0,286.120361328125,0.7582812309265137,0.1240696534514427,0.1118004769086837,297.005859375,297.1499938964844,293.1499938964844,0.0,-0.0,286.1142272949219,0.5561114549636841,0.050000000745058,0.0481980927288532,297.1650085449219,297.1499938964844,293.1499938964844,0.0,-0.0,286.119384765625,0.7105702757835388,0.1004550829529762,0.070827417075634,296.95703125,297.1499938964844,293.1499938964844,0.0,-0.0,286.1142272949219,0.5561114549636841,0.050000000745058,0.0481980927288532,297.11553955078125,297.1499938964844,293.1499938964844,0.0,-0.0,286.11834716796875,0.6666138768196106,0.0835697576403617,0.3797260224819183,286.1201477050781,287.3500061035156,286.2981872558594,283.7085876464844,286.2928466796875,297.1154479980469,286.13018798828125,1.0,0.1806841194629669,1.0,1.0,0.0,1.0,-0.7905438542366028,0.7905431985855103,6.465579076575523e-07,0.5780552625656128,0.0,0.0,0.0,25.11748504638672,25.0,88.4964828491211,-0.0,61.97923278808594,1.0,283.1443786621094,288.5085144042969,285.35308837890625,285.36309814453125,293.1499938964844,293.1499938964844,278.1499938964844,0.0,18000.0,313.1499938964844,0.0,18000.0,0.0,0.0,0.0,0.0,0.0,0.0,0.0,0.0,0.0,-0.0,-0.0,-0.0,-6.544322618950674e-21,-3.272161309475337e-21,-3.272161107526945e-21,0.0,0.0,-0.0,0.0,0.0,0.0,-0.0,0.0,0.0,0.0,0.0,0.0,4.0,0.0,0.0
12034620,297.2809143066406,297.1499938964844,293.1499938964844,0.0,-0.0,286.18682861328125,0.7634514570236206,0.1264194101095199,0.1138795986771583,297.0085144042969,297.1499938964844,293.1499938964844,0.0,-0.0,286.1802062988281,0.5566007494926453,0.050000000745058,0.0481947250664234,297.1655578613281,297.1499938964844,293.1499938964844,0.0,-0.0,286.18572998046875,0.7116433382034302,0.1007022634148597,0.0709877014160156,296.9584045410156,297.1499938964844,293.1499938964844,0.0,-0.0,286.1802062988281,0.5566007494926453,0.050000000745058,0.0481947250664234,297.1170654296875,297.1499938964844,293.1499938964844,0.0,-0.0,286.1846008300781,0.6662810444831848,0.0832859277725219,0.3783524334430694,286.1865234375,287.45001220703125,286.37384033203125,283.7221069335937,286.3684997558594,297.11688232421875,286.1971435546875,1.0,0.180661529302597,1.0,1.0,0.0,1.0,-0.7915747761726379,0.7915741205215454,6.479168632722576e-07,0.5791528224945068,0.0,0.0,0.0,25.04600715637207,25.0,94.1187973022461,-0.0,62.03738784790039,1.0,283.1443786621094,288.5085144042969,285.35308837890625,285.36309814453125,293.1499938964844,293.1499938964844,278.1499938964844,0.0,18000.0,313.1499938964844,0.0,18000.0,0.0,0.0,0.0,0.0,0.0,0.0,0.0,0.0,0.0,-0.0,-0.0,-0.0,-6.544322618950674e-21,-3.272161309475337e-21,-3.272161107526945e-21,0.0,0.0,-0.0,0.0,0.0,0.0,-0.0,0.0,0.0,0.0,0.0,0.0,4.0,0.0,0.0
12034680,297.2809143066406,297.1499938964844,293.1499938964844,0.0,-0.0,286.18682861328125,0.7634514570236206,0.1264194101095199,0.1138795986771583,297.0085144042969,297.1499938964844,293.1499938964844,0.0,-0.0,286.1802062988281,0.5566007494926453,0.050000000745058,0.0481947250664234,297.1655578613281,297.1499938964844,293.1499938964844,0.0,-0.0,286.18572998046875,0.7116433382034302,0.1007022634148597,0.0709877014160156,296.9584045410156,297.1499938964844,293.1499938964844,0.0,-0.0,286.1802062988281,0.5566007494926453,0.050000000745058,0.0481947250664234,297.1170654296875,297.1499938964844,293.1499938964844,0.0,-0.0,286.1846008300781,0.6662810444831848,0.0832859277725219,0.3783524334430694,286.1865234375,287.45001220703125,286.37384033203125,283.7221069335937,286.3684997558594,297.11688232421875,286.1971435546875,1.0,0.180661529302597,1.0,1.0,0.0,1.0,-0.7915747761726379,0.7915741205215454,6.479168632722576e-07,0.5791528224945068,0.0,0.0,0.0,25.04600715637207,25.0,94.1187973022461,-0.0,62.03738784790039,1.0,283.1443786621094,288.5085144042969,285.35308837890625,285.36309814453125,293.1499938964844,293.1499938964844,278.1499938964844,0.0,18000.0,313.1499938964844,0.0,18000.0,0.0,0.0,0.0,0.0,0.0,0.0,0.0,0.0,0.0,-0.0,-0.0,-0.0,-6.544322618950674e-21,-3.272161309475337e-21,-3.272161107526945e-21,0.0,0.0,-0.0,0.0,0.0,0.0,-0.0,0.0,0.0,0.0,0.0,0.0,4.0,0.0,0.0
12034740,297.2888488769531,297.1499938964844,293.1499938964844,0.0,-0.0,286.2565612792969,0.7689612507820129,0.1288823187351226,0.1160619631409645,297.0118713378906,297.1499938964844,293.1499938964844,0.0,-0.0,286.24957275390625,0.5571766495704651,0.050000000745058,0.0481907799839973,297.1665344238281,297.1499938964844,293.1499938964844,0.0,-0.0,286.2553405761719,0.7129148244857788,0.100998967885971,0.0711835548281669,296.9605407714844,297.1499938964844,293.1499938964844,0.0,-0.0,286.24957275390625,0.5571766495704651,0.050000000745058,0.0481907799839973,297.1189880371094,297.1499938964844,293.1499938964844,0.0,-0.0,286.2541198730469,0.666215717792511,0.0830650031566619,0.3772732019424438,286.25616455078125,287.54998779296875,286.45001220703125,283.73779296875,286.4446105957031,297.1188049316406,286.2671813964844,1.0,0.1806782484054565,1.0,1.0,0.0,1.0,-0.7931241989135742,0.7931235432624817,6.499065534626425e-07,0.5807039141654968,0.0,0.0,0.0,24.965688705444336,25.0,98.1401824951172,-0.0,62.16142654418945,1.0,283.1443786621094,288.5085144042969,285.35308837890625,285.36309814453125,293.1499938964844,293.1499938964844,278.1499938964844,0.0,18000.0,313.1499938964844,0.0,18000.0,0.0,0.0,0.0,0.0,0.0,0.0,0.0,0.0,0.0,-0.0,-0.0,-0.0,-6.544322618950674e-21,-3.272161309475337e-21,-3.272161107526945e-21,0.0,0.0,-0.0,0.0,0.0,0.0,-0.0,0.0,0.0,0.0,0.0,0.0,4.0,0.0,0.0
12034800,297.2888488769531,297.1499938964844,293.1499938964844,0.0,-0.0,286.2565612792969,0.7689612507820129,0.1288823187351226,0.1160619631409645,297.0118713378906,297.1499938964844,293.1499938964844,0.0,-0.0,286.24957275390625,0.5571766495704651,0.050000000745058,0.0481907799839973,297.1665344238281,297.1499938964844,293.1499938964844,0.0,-0.0,286.2553405761719,0.7129148244857788,0.100998967885971,0.0711835548281669,296.9605407714844,297.1499938964844,293.1499938964844,0.0,-0.0,286.24957275390625,0.5571766495704651,0.050000000745058,0.0481907799839973,297.1189880371094,297.1499938964844,293.1499938964844,0.0,-0.0,286.2541198730469,0.666215717792511,0.0830650031566619,0.3772732019424438,286.25616455078125,287.54998779296875,286.45001220703125,283.73779296875,286.4446105957031,297.1188049316406,286.2671813964844,1.0,0.1806782484054565,1.0,1.0,0.0,1.0,-0.7931241989135742,0.7931235432624817,6.499065534626425e-07,0.5807039141654968,0.0,0.0,0.0,24.965688705444336,25.0,98.1401824951172,-0.0,62.16142654418945,1.0,283.1443786621094,288.5085144042969,285.35308837890625,285.36309814453125,293.1499938964844,293.1499938964844,278.1499938964844,0.0,18000.0,313.1499938964844,0.0,18000.0,0.0,0.0,0.0,0.0,0.0,0.0,0.0,0.0,0.0,-0.0,-0.0,-0.0,-6.544322618950674e-21,-3.272161309475337e-21,-3.272161107526945e-21,0.0,0.0,-0.0,0.0,0.0,0.0,-0.0,0.0,0.0,0.0,0.0,0.0,4.0,0.0,0.0
12034860,297.2968444824219,297.1499938964844,293.1499938964844,0.0,-0.0,286.3287048339844,0.7747541666030884,0.1314507275819778,0.1183401867747306,297.0157470703125,297.1499938964844,293.1499938964844,0.0,-0.0,286.3214111328125,0.557809054851532,0.050000000745058,0.0481864735484123,297.1678466796875,297.1499938964844,293.1499938964844,0.0,-0.0,286.327392578125,0.7143325805664062,0.1013395190238952,0.0714106485247612,296.96319580078125,297.1499938964844,293.1499938964844,0.0,-0.0,286.3214111328125,0.557809054851532,0.050000000745058,0.0481864735484123,297.1212158203125,297.1499938964844,293.1499938964844,0.0,-0.0,286.3260803222656,0.6663589477539062,0.0828973278403282,0.376441091299057,286.3282165527344,287.6499938964844,286.5265197753906,283.7543029785156,286.5219116210937,297.1210021972656,286.3395690917969,1.0,0.1807360351085662,1.0,1.0,0.0436257012188434,1.0,-0.7951219081878662,0.7950513362884521,7.054858724586666e-05,0.5825941562652588,0.0,0.0,0.0,24.881385803222656,25.0,101.25463104248048,-0.0,62.347694396972656,1.0,283.1443786621094,288.5085144042969,285.35308837890625,285.36309814453125,293.1499938964844,293.1499938964844,278.1499938964844,0.0,18000.0,313.1499938964844,0.0,18000.0,0.0,0.0,0.0,0.0,0.0,0.0,0.0,0.0,0.0,-0.0,-0.0,-0.0,-6.544322618950674e-21,-3.272161309475337e-21,-3.272161107526945e-21,0.0,0.0,-0.0,0.0,0.0,0.0,-0.0,0.0,0.0,0.0,0.0,0.0,4.0,0.0,0.0
12034920,297.2968444824219,297.1499938964844,293.1499938964844,0.0,-0.0,286.3287048339844,0.7747541666030884,0.1314507275819778,0.1183401867747306,297.0157470703125,297.1499938964844,293.1499938964844,0.0,-0.0,286.3214111328125,0.557809054851532,0.050000000745058,0.0481864735484123,297.1678466796875,297.1499938964844,293.1499938964844,0.0,-0.0,286.327392578125,0.7143325805664062,0.1013395190238952,0.0714106485247612,296.96319580078125,297.1499938964844,293.1499938964844,0.0,-0.0,286.3214111328125,0.557809054851532,0.050000000745058,0.0481864735484123,297.1212158203125,297.1499938964844,293.1499938964844,0.0,-0.0,286.3260803222656,0.6663589477539062,0.0828973278403282,0.376441091299057,286.3282165527344,287.6499938964844,286.5265197753906,283.7543029785156,286.5219116210937,297.1210021972656,286.3395690917969,1.0,0.1807360351085662,1.0,1.0,0.0436257012188434,1.0,-0.7951219081878662,0.7950513362884521,7.054858724586666e-05,0.5825941562652588,0.0,0.0,0.0,24.881385803222656,25.0,101.25463104248048,-0.0,62.347694396972656,1.0,283.1443786621094,288.5085144042969,285.35308837890625,285.36309814453125,293.1499938964844,293.1499938964844,278.1499938964844,0.0,18000.0,313.1499938964844,0.0,18000.0,0.0,0.0,0.0,0.0,0.0,0.0,0.0,0.0,0.0,-0.0,-0.0,-0.0,-6.544322618950674e-21,-3.272161309475337e-21,-3.272161107526945e-21,0.0,0.0,-0.0,0.0,0.0,0.0,-0.0,0.0,0.0,0.0,0.0,0.0,4.0,0.0,0.0
12034980,297.3048400878906,297.1499938964844,293.1499938964844,0.0,-0.0,286.40460205078125,0.7807860970497131,0.1341217309236526,0.1207104921340942,297.0200500488281,297.1499938964844,293.1499938964844,0.0,-0.0,286.3966064453125,0.5584772229194641,0.050000000745058,0.0481819547712802,297.1693725585937,297.1499938964844,293.1499938964844,0.0,-0.0,286.403076171875,0.7158637046813965,0.101721704006195,0.071666806936264,296.9662475585937,297.1499938964844,293.1499938964844,0.0,-0.0,286.3966064453125,0.5584772229194641,0.050000000745058,0.0481819547712802,297.1236267089844,297.1499938964844,293.1499938964844,0.0,-0.0,286.4016418457031,0.6666728854179382,0.0827776566147804,0.3758280277252197,286.40399169921875,287.75,286.603271484375,283.7701416015625,286.6244506835937,297.1233825683594,286.4166564941406,1.0,0.1808355301618576,1.0,1.0,0.0872514024376869,1.0,-0.7975273728370667,0.7951146960258484,0.0024127075448632,0.5826277732849121,0.0,0.0,0.0,24.79637336730957,25.0,110.05577850341795,-0.0,62.59404754638672,1.0,283.1443786621094,288.5085144042969,285.35308837890625,285.36309814453125,293.1499938964844,293.1499938964844,278.1499938964844,0.0,18000.0,313.1499938964844,0.0,18000.0,0.0,0.0,0.0,0.0,0.0,0.0,0.0,0.0,0.0,-0.0,-0.0,-0.0,-6.544322618950674e-21,-3.272161309475337e-21,-3.272161107526945e-21,0.0,0.0,-0.0,0.0,0.0,0.0,-0.0,0.0,0.0,0.0,0.0,0.0,4.0,0.0,0.0
12035040,297.3048400878906,297.1499938964844,293.1499938964844,0.0,-0.0,286.40460205078125,0.7807860970497131,0.1341217309236526,0.1207104921340942,297.0200500488281,297.1499938964844,293.1499938964844,0.0,-0.0,286.3966064453125,0.5584772229194641,0.050000000745058,0.0481819547712802,297.1693725585937,297.1499938964844,293.1499938964844,0.0,-0.0,286.403076171875,0.7158637046813965,0.101721704006195,0.071666806936264,296.9662475585937,297.1499938964844,293.1499938964844,0.0,-0.0,286.3966064453125,0.5584772229194641,0.050000000745058,0.0481819547712802,297.1236267089844,297.1499938964844,293.1499938964844,0.0,-0.0,286.4016418457031,0.6666728854179382,0.0827776566147804,0.3758280277252197,286.40399169921875,287.75,286.603271484375,283.7701416015625,286.6244506835937,297.1233825683594,286.4166564941406,1.0,0.1808355301618576,1.0,1.0,0.0872514024376869,1.0,-0.7975273728370667,0.7951146960258484,0.0024127075448632,0.5826277732849121,0.0,0.0,0.0,24.79637336730957,25.0,110.05577850341795,-0.0,62.59404754638672,1.0,283.1443786621094,288.5085144042969,285.35308837890625,285.36309814453125,293.1499938964844,293.1499938964844,278.1499938964844,0.0,18000.0,313.1499938964844,0.0,18000.0,0.0,0.0,0.0,0.0,0.0,0.0,0.0,0.0,0.0,-0.0,-0.0,-0.0,-6.544322618950674e-21,-3.272161309475337e-21,-3.272161107526945e-21,0.0,0.0,-0.0,0.0,0.0,0.0,-0.0,0.0,0.0,0.0,0.0,0.0,4.0,0.0,0.0
12035100,297.30889892578125,297.1499938964844,293.1499938964844,0.0,-0.0,286.4498596191406,0.7838808298110962,0.1355017572641372,0.1219322979450225,297.0223388671875,297.1499938964844,293.1499938964844,0.0,-0.0,286.4402160644531,0.5588157176971436,0.050000000745058,0.0481796748936176,297.1702880859375,297.1499938964844,293.1499938964844,0.0,-0.0,286.44793701171875,0.7166654467582703,0.1019322872161865,0.071806900203228,296.9679260253906,297.1499938964844,293.1499938964844,0.0,-0.0,286.4402160644531,0.5588157176971436,0.050000000745058,0.0481796748936176,297.1249389648437,297.1499938964844,293.1499938964844,0.0,-0.0,286.4461669921875,0.6668854355812073,0.0827377513051033,0.3756044209003448,286.44903564453125,287.75,286.6417236328125,283.7778625488281,286.732666015625,297.1246643066406,286.46514892578125,1.0,0.1809006184339523,1.0,1.0,0.1090642511844635,1.0,-0.7988880276679993,0.7904130220413208,0.0084749655798077,0.5779333114624023,0.0,0.0,0.0,24.754440307617188,25.0,130.6647491455078,-0.0,62.74004364013672,1.0,283.1443786621094,288.5085144042969,285.35308837890625,285.36309814453125,293.1499938964844,293.1499938964844,278.1499938964844,0.0,18000.0,313.1499938964844,0.0,18000.0,0.0,0.0,0.0,0.0,0.0,0.0,0.0,0.0,0.0,-0.0,-0.0,-0.0,-6.544322618950674e-21,-3.272161309475337e-21,-3.272161107526945e-21,0.0,0.0,-0.0,0.0,0.0,0.0,-0.0,0.0,0.0,0.0,0.0,0.0,4.0,0.0,0.0
12035160,297.3132019042969,297.1499938964844,293.1499938964844,0.0,-0.0,286.512939453125,0.7870490550994873,0.136930763721466,0.1231887638568878,297.0248107910156,297.1499938964844,293.1499938964844,0.0,-0.0,286.4988708496094,0.5591588020324707,0.050000000745058,0.0481773726642131,297.17138671875,297.1499938964844,293.1499938964844,0.0,-0.0,286.510009765625,0.7175086736679077,0.1021682396531105,0.0719600543379783,296.96978759765625,297.1499938964844,293.1499938964844,0.0,-0.0,286.4988708496094,0.5591588020324707,0.050000000745058,0.0481773726642131,297.1263732910156,297.1499938964844,293.1499938964844,0.0,-0.0,286.50738525390625,0.6671505570411682,0.0827198326587677,0.3754581212997436,286.5116271972656,287.8500061035156,286.68023681640625,283.7854309082031,286.94683837890625,297.1260681152344,286.53662109375,1.0,0.1809759885072708,1.0,1.0,0.1342457830905914,1.0,-0.800398588180542,0.7771309614181519,0.0232676491141319,0.564687967300415,0.0,0.0,0.0,24.71201705932617,25.0,184.1451110839844,-0.0,62.904598236083984,1.0,283.1443786621094,288.5085144042969,285.35308837890625,285.36309814453125,293.1499938964844,293.1499938964844,278.1499938964844,0.0,18000.0,313.1499938964844,0.0,18000.0,0.0,0.0,0.0,0.0,0.0,0.0,0.0,0.0,0.0,-0.0,-0.0,-0.0,-6.544322618950674e-21,-3.272161309475337e-21,-3.272161107526945e-21,0.0,0.0,-0.0,0.0,0.0,0.0,-0.0,0.0,0.0,0.0,0.0,0.0,4.0,0.0,0.0
12035220,297.3241577148437,297.1499938964844,293.1499938964844,0.0,-0.0,286.7476806640625,0.7941734790802002,0.1401043534278869,0.1259252279996872,297.03082275390625,297.1499938964844,293.1499938964844,0.0,-0.0,286.7193603515625,0.5601227283477783,0.050000000745058,0.0481709465384483,297.1752319335937,297.1499938964844,293.1499938964844,0.0,-0.0,286.74188232421875,0.7197745442390442,0.102826677262783,0.072365403175354,296.9744567871094,297.1499938964844,293.1499938964844,0.0,-0.0,286.7193603515625,0.5601227283477783,0.050000000745058,0.0481709465384483,297.1304626464844,297.1499938964844,293.1499938964844,0.0,-0.0,286.73663330078125,0.6682891249656677,0.0828329399228096,0.3756793737411499,286.74493408203125,287.95001220703125,286.75738525390625,283.8001708984375,287.4078369140625,297.1299743652344,286.7873229980469,1.0,0.1811719983816146,1.0,1.0,0.1846088469028473,1.0,-0.8044189214706421,0.752172589302063,0.0522462986409664,0.5396397709846497,0.0,0.0,0.0,24.59210586547852,25.0,327.2597961425781,-0.0,63.33966064453125,1.0,283.1443786621094,288.5085144042969,285.35308837890625,285.36309814453125,293.1499938964844,293.1499938964844,278.1499938964844,0.0,18000.0,313.1499938964844,0.0,18000.0,0.0,0.0,0.0,0.0,0.0,0.0,0.0,0.0,0.0,-0.0,-0.0,-0.0,-6.544322618950674e-21,-3.272161309475337e-21,-3.272161107526945e-21,0.0,0.0,-0.0,0.0,0.0,0.0,-0.0,0.0,0.0,0.0,0.0,0.0,4.0,0.0,0.0
12035280,297.3241577148437,297.1499938964844,293.1499938964844,0.0,-0.0,286.7476806640625,0.7941734790802002,0.1401043534278869,0.1259252279996872,297.03082275390625,297.1499938964844,293.1499938964844,0.0,-0.0,286.7193603515625,0.5601227283477783,0.050000000745058,0.0481709465384483,297.1752319335937,297.1499938964844,293.1499938964844,0.0,-0.0,286.74188232421875,0.7197745442390442,0.102826677262783,0.072365403175354,296.9744567871094,297.1499938964844,293.1499938964844,0.0,-0.0,286.7193603515625,0.5601227283477783,0.050000000745058,0.0481709465384483,297.1304626464844,297.1499938964844,293.1499938964844,0.0,-0.0,286.73663330078125,0.6682891249656677,0.0828329399228096,0.3756793737411499,286.74493408203125,287.95001220703125,286.75738525390625,283.8001708984375,287.4078369140625,297.1299743652344,286.7873229980469,1.0,0.1811719983816146,1.0,1.0,0.1846088469028473,1.0,-0.8044189214706421,0.752172589302063,0.0522462986409664,0.5396397709846497,0.0,0.0,0.0,24.59210586547852,25.0,327.2597961425781,-0.0,63.33966064453125,1.0,283.1443786621094,288.5085144042969,285.35308837890625,285.36309814453125,293.1499938964844,293.1499938964844,278.1499938964844,0.0,18000.0,313.1499938964844,0.0,18000.0,0.0,0.0,0.0,0.0,0.0,0.0,0.0,0.0,0.0,-0.0,-0.0,-0.0,-6.544322618950674e-21,-3.272161309475337e-21,-3.272161107526945e-21,0.0,0.0,-0.0,0.0,0.0,0.0,-0.0,0.0,0.0,0.0,0.0,0.0,4.0,0.0,0.0
12035340,297.3384704589844,297.1499938964844,293.1499938964844,0.0,-0.0,287.0282287597656,0.8028517365455627,0.143756702542305,0.1290912181138992,297.0387268066406,297.1499938964844,293.1499938964844,0.0,-0.0,286.9974365234375,0.5616635680198669,0.050000000745058,0.0481608062982559,297.1815795898437,297.1499938964844,293.1499938964844,0.0,-0.0,287.02178955078125,0.7232343554496765,0.1037875711917877,0.0729786604642868,296.9808959960937,297.1499938964844,293.1499938964844,0.0,-0.0,286.9974365234375,0.5616635680198669,0.050000000745058,0.0481608062982559,297.1365051269531,297.1499938964844,293.1499938964844,0.0,-0.0,287.0160827636719,0.6707128882408142,0.0831970646977424,0.3769882619380951,287.0249938964844,288.04998779296875,286.8346862792969,283.814453125,287.8069152832031,297.1358947753906,287.0708923339844,1.0,0.1814623177051544,1.0,1.0,0.2349719107151031,1.0,-0.8105006217956543,0.7316405177116394,0.0788601115345954,0.5186271071434021,0.0,0.0,0.0,24.400447845458984,25.0,395.9917907714844,-0.0,63.996429443359375,1.0,283.1443786621094,288.5085144042969,285.35308837890625,285.36309814453125,293.1499938964844,293.1499938964844,278.1499938964844,0.0,18000.0,313.1499938964844,0.0,18000.0,0.0,0.0,0.0,0.0,0.0,0.0,0.0,0.0,0.0,-0.0,-0.0,-0.0,-6.544322618950674e-21,-3.272161309475337e-21,-3.272161107526945e-21,0.0,0.0,-0.0,0.0,0.0,0.0,-0.0,0.0,0.0,0.0,0.0,0.0,4.0,0.0,0.0
12035400,297.3384704589844,297.1499938964844,293.1499938964844,0.0,-0.0,287.0282287597656,0.8028517365455627,0.143756702542305,0.1290912181138992,297.0387268066406,297.1499938964844,293.1499938964844,0.0,-0.0,286.9974365234375,0.5616635680198669,0.050000000745058,0.0481608062982559,297.1815795898437,297.1499938964844,293.1499938964844,0.0,-0.0,287.02178955078125,0.7232343554496765,0.1037875711917877,0.0729786604642868,296.9808959960937,297.1499938964844,293.1499938964844,0.0,-0.0,286.9974365234375,0.5616635680198669,0.050000000745058,0.0481608062982559,297.1365051269531,297.1499938964844,293.1499938964844,0.0,-0.0,287.0160827636719,0.6707128882408142,0.0831970646977424,0.3769882619380951,287.0249938964844,288.04998779296875,286.8346862792969,283.814453125,287.8069152832031,297.1358947753906,287.0708923339844,1.0,0.1814623177051544,1.0,1.0,0.2349719107151031,1.0,-0.8105006217956543,0.7316405177116394,0.0788601115345954,0.5186271071434021,0.0,0.0,0.0,24.400447845458984,25.0,395.9917907714844,-0.0,63.996429443359375,1.0,283.1443786621094,288.5085144042969,285.35308837890625,285.36309814453125,293.1499938964844,293.1499938964844,278.1499938964844,0.0,18000.0,313.1499938964844,0.0,18000.0,0.0,0.0,0.0,0.0,0.0,0.0,0.0,0.0,0.0,-0.0,-0.0,-0.0,-6.544322618950674e-21,-3.272161309475337e-21,-3.272161107526945e-21,0.0,0.0,-0.0,0.0,0.0,0.0,-0.0,0.0,0.0,0.0,0.0,0.0,4.0,0.0,0.0
12035460,297.35614013671875,297.1499938964844,293.1499938964844,0.0,-0.0,287.3545837402344,0.8127307295799255,0.1479310989379882,0.1326966732740402,297.0486145019531,297.1499938964844,293.1499938964844,0.0,-0.0,287.318115234375,0.5636940002441406,0.050000000745058,0.0481476746499538,297.1898498535156,297.1499938964844,293.1499938964844,0.0,-0.0,287.34686279296875,0.7277206778526306,0.1050239354372024,0.0737819373607635,296.9891052246094,297.1499938964844,293.1499938964844,0.0,-0.0,287.318115234375,0.5636940002441406,0.050000000745058,0.0481476746499538,297.1441345214844,297.1499938964844,293.1499938964844,0.0,-0.0,287.34014892578125,0.6743240356445312,0.0837982445955276,0.3793438076972961,287.3505249023437,288.1499938964844,286.9121398925781,283.828369140625,288.23681640625,297.14337158203125,287.4028015136719,1.0,0.1818727999925613,1.0,1.0,0.2760424017906189,1.0,-0.8185867667198181,0.7102096676826477,0.1083770841360092,0.4963400959968567,0.0,0.0,0.0,24.1539306640625,25.0,461.1328125,-0.0,64.89338684082031,1.0,283.1443786621094,288.5085144042969,285.35308837890625,285.36309814453125,293.1499938964844,293.1499938964844,278.1499938964844,0.0,18000.0,313.1499938964844,0.0,18000.0,0.0,0.0,0.0,0.0,0.0,0.0,0.0,0.0,0.0,-0.0,-0.0,-0.0,-6.544322618950674e-21,-3.272161309475337e-21,-3.272161107526945e-21,0.0,0.0,-0.0,0.0,0.0,0.0,-0.0,0.0,0.0,0.0,0.0,0.0,4.0,0.0,0.0
12035520,297.35614013671875,297.1499938964844,293.1499938964844,0.0,-0.0,287.3545837402344,0.8127307295799255,0.1479310989379882,0.1326966732740402,297.0486145019531,297.1499938964844,293.1499938964844,0.0,-0.0,287.318115234375,0.5636940002441406,0.050000000745058,0.0481476746499538,297.1898498535156,297.1499938964844,293.1499938964844,0.0,-0.0,287.34686279296875,0.7277206778526306,0.1050239354372024,0.0737819373607635,296.9891052246094,297.1499938964844,293.1499938964844,0.0,-0.0,287.318115234375,0.5636940002441406,0.050000000745058,0.0481476746499538,297.1441345214844,297.1499938964844,293.1499938964844,0.0,-0.0,287.34014892578125,0.6743240356445312,0.0837982445955276,0.3793438076972961,287.3505249023437,288.1499938964844,286.9121398925781,283.828369140625,288.23681640625,297.14337158203125,287.4028015136719,1.0,0.1818727999925613,1.0,1.0,0.2760424017906189,1.0,-0.8185867667198181,0.7102096676826477,0.1083770841360092,0.4963400959968567,0.0,0.0,0.0,24.1539306640625,25.0,461.1328125,-0.0,64.89338684082031,1.0,283.1443786621094,288.5085144042969,285.35308837890625,285.36309814453125,293.1499938964844,293.1499938964844,278.1499938964844,0.0,18000.0,313.1499938964844,0.0,18000.0,0.0,0.0,0.0,0.0,0.0,0.0,0.0,0.0,0.0,-0.0,-0.0,-0.0,-6.544322618950674e-21,-3.272161309475337e-21,-3.272161107526945e-21,0.0,0.0,-0.0,0.0,0.0,0.0,-0.0,0.0,0.0,0.0,0.0,0.0,4.0,0.0,0.0
12035580,297.3767395019531,297.1499938964844,293.1499938964844,0.0,-0.0,287.7284545898437,0.8234627842903137,0.152627021074295,0.1367804855108261,297.060302734375,297.1499938964844,293.1499938964844,0.0,-0.0,287.68560791015625,0.5662198662757874,0.050000000745058,0.0481316857039928,297.199951171875,297.1499938964844,293.1499938964844,0.0,-0.0,287.71923828125,0.733281672000885,0.1065516173839569,0.0747841745615005,296.9990234375,297.1499938964844,293.1499938964844,0.0,-0.0,287.68560791015625,0.5662198662757874,0.050000000745058,0.0481316857039928,297.1533203125,297.1499938964844,293.1499938964844,0.0,-0.0,287.7113952636719,0.6791872382164001,0.0846538171172142,0.3828078210353851,287.7234191894531,288.25,286.9896850585937,283.8419494628906,288.7344970703125,297.15869140625,287.783447265625,1.0,0.1824286878108978,1.0,1.0,0.3171128630638122,1.0,-0.8288092613220215,0.6838539242744446,0.1449553370475769,0.4687186777591705,0.0,0.0,0.0,23.85687065124512,25.0,531.641357421875,-0.0,66.06458282470703,1.0,283.1443786621094,288.5085144042969,285.35308837890625,285.36309814453125,293.1499938964844,293.1499938964844,278.1499938964844,0.0,18000.0,313.1499938964844,0.0,18000.0,0.0,0.0,0.0,0.0,0.0,0.0,0.0,0.0,0.0,-0.0,-0.0,-0.0,-6.544322618950674e-21,-3.272161309475337e-21,-3.272161107526945e-21,0.0,0.0,-0.0,0.0,0.0,0.0,-0.0,0.0,0.0,0.0,0.0,0.0,4.0,0.0,0.0
12035640,297.3767395019531,297.1499938964844,293.1499938964844,0.0,-0.0,287.7284545898437,0.8234627842903137,0.152627021074295,0.1367804855108261,297.060302734375,297.1499938964844,293.1499938964844,0.0,-0.0,287.68560791015625,0.5662198662757874,0.050000000745058,0.0481316857039928,297.199951171875,297.1499938964844,293.1499938964844,0.0,-0.0,287.71923828125,0.733281672000885,0.1065516173839569,0.0747841745615005,296.9990234375,297.1499938964844,293.1499938964844,0.0,-0.0,287.68560791015625,0.5662198662757874,0.050000000745058,0.0481316857039928,297.1533203125,297.1499938964844,293.1499938964844,0.0,-0.0,287.7113952636719,0.6791872382164001,0.0846538171172142,0.3828078210353851,287.7234191894531,288.25,286.9896850585937,283.8419494628906,288.7344970703125,297.15869140625,287.783447265625,1.0,0.1824286878108978,1.0,1.0,0.3171128630638122,1.0,-0.8288092613220215,0.6838539242744446,0.1449553370475769,0.4687186777591705,0.0,0.0,0.0,23.85687065124512,25.0,531.641357421875,-0.0,66.06458282470703,1.0,283.1443786621094,288.5085144042969,285.35308837890625,285.36309814453125,293.1499938964844,293.1499938964844,278.1499938964844,0.0,18000.0,313.1499938964844,0.0,18000.0,0.0,0.0,0.0,0.0,0.0,0.0,0.0,0.0,0.0,-0.0,-0.0,-0.0,-6.544322618950674e-21,-3.272161309475337e-21,-3.272161107526945e-21,0.0,0.0,-0.0,0.0,0.0,0.0,-0.0,0.0,0.0,0.0,0.0,0.0,4.0,0.0,0.0
12035700,297.38800048828125,297.1499938964844,293.1499938964844,0.0,-0.0,287.9376220703125,0.8292417526245117,0.155168816447258,0.1389924585819244,297.06658935546875,297.1499938964844,293.1499938964844,0.0,-0.0,287.8910827636719,0.5676775574684143,0.050000000745058,0.0481226295232772,297.20574951171875,297.1499938964844,293.1499938964844,0.0,-0.0,287.9275817871094,0.7365072965621948,0.1074351742863655,0.075365200638771,297.0046081542969,297.1499938964844,293.1499938964844,0.0,-0.0,287.8910827636719,0.5676775574684143,0.050000000745058,0.0481226295232772,297.1585388183594,297.1499938964844,293.1499938964844,0.0,-0.0,287.9190979003906,0.6821237802505493,0.0851859301328659,0.3849881589412689,287.9320373535156,288.25,287.02850341796875,283.8486633300781,289.00830078125,297.170166015625,287.9961242675781,1.0,0.1827684342861175,1.0,1.0,0.3376481235027313,1.0,-0.834756076335907,0.6689060926437378,0.1658499985933303,0.4529678225517273,0.0,0.0,0.0,23.690061569213867,25.0,570.7302856445312,-0.0,66.76337432861328,1.0,283.1443786621094,288.5085144042969,285.35308837890625,285.36309814453125,293.1499938964844,293.1499938964844,278.1499938964844,0.0,18000.0,313.1499938964844,0.0,18000.0,0.0,0.0,0.0,0.0,0.0,0.0,0.0,0.0,0.0,-0.0,-0.0,-0.0,-6.544322618950674e-21,-3.272161309475337e-21,-3.272161107526945e-21,0.0,0.0,-0.0,0.0,0.0,0.0,-0.0,0.0,0.0,0.0,0.0,0.0,4.0,0.0,0.0
12035760,297.3999328613281,297.1499938964844,293.1499938964844,0.0,-0.0,288.1573181152344,0.8354325294494629,0.1578461825847625,0.1413235664367675,297.0732116699219,297.1499938964844,293.1499938964844,0.0,-0.0,288.10894775390625,0.5693151354789734,0.050000000745058,0.0481125973165035,297.2120361328125,297.1499938964844,293.1499938964844,0.0,-0.0,288.1470642089844,0.7401106953620911,0.1084048375487327,0.0760043114423751,297.0106201171875,297.1499938964844,293.1499938964844,0.0,-0.0,288.10894775390625,0.5693151354789734,0.050000000745058,0.0481125973165035,297.1641845703125,297.1499938964844,293.1499938964844,0.0,-0.0,288.13836669921875,0.6854676008224487,0.085792675614357,0.387491375207901,288.1515197753906,288.3500061035156,287.0673522949219,283.85528564453125,289.1642150878906,297.18243408203125,288.21343994140625,1.0,0.1831546276807785,1.0,1.0,0.3449007570743561,1.0,-0.8413006663322449,0.6657249331474304,0.1755757182836532,0.4488020539283752,0.0,0.0,0.0,23.506982803344727,25.0,577.6138916015625,-0.0,67.546142578125,1.0,283.1443786621094,288.5085144042969,285.35308837890625,285.36309814453125,293.1499938964844,293.1499938964844,278.1499938964844,0.0,18000.0,313.1499938964844,0.0,18000.0,0.0,0.0,0.0,0.0,0.0,0.0,0.0,0.0,0.0,-0.0,-0.0,-0.0,-6.544322618950674e-21,-3.272161309475337e-21,-3.272161107526945e-21,0.0,0.0,-0.0,0.0,0.0,0.0,-0.0,0.0,0.0,0.0,0.0,0.0,4.0,0.0,0.0
12035820,297.42401123046875,297.1499938964844,293.1499938964844,0.0,-0.0,288.5374450683594,0.848863422870636,0.1634524911642074,0.1462687104940414,297.0870056152344,297.1499938964844,293.1499938964844,0.0,-0.0,288.4968566894531,0.572925865650177,0.050000000745058,0.0480909869074821,297.22509765625,297.1499938964844,293.1499938964844,0.0,-0.0,288.52886962890625,0.748214602470398,0.1105157062411308,0.0774276629090309,297.0234375,297.1499938964844,293.1499938964844,0.0,-0.0,288.4968566894531,0.572925865650177,0.050000000745058,0.0480909869074821,297.1759948730469,297.1499938964844,293.1499938964844,0.0,-0.0,288.521728515625,0.6930777430534363,0.0871700122952461,0.3933456540107727,288.5324401855469,288.45001220703125,287.14508056640625,283.86846923828125,289.4177551269531,297.20831298828125,288.58331298828125,1.0,0.1840721666812896,1.0,1.0,0.3594060242176056,1.0,-0.855917751789093,0.6614317893981934,0.194485992193222,0.4421937763690948,0.0,0.0,0.0,23.11896514892578,25.0,520.9013061523438,-0.0,69.35555267333984,1.0,283.1443786621094,288.5085144042969,285.35308837890625,285.36309814453125,293.1499938964844,293.1499938964844,278.1499938964844,0.0,18000.0,313.1499938964844,0.0,18000.0,0.0,0.0,0.0,0.0,0.0,0.0,0.0,0.0,0.0,-0.0,-0.0,-0.0,-6.544322618950674e-21,-3.272161309475337e-21,-3.272161107526945e-21,0.0,0.0,-0.0,0.0,0.0,0.0,-0.0,0.0,0.0,0.0,0.0,0.0,4.0,0.0,0.0
12035880,297.42401123046875,297.1499938964844,293.1499938964844,0.0,-0.0,288.5374450683594,0.848863422870636,0.1634524911642074,0.1462687104940414,297.0870056152344,297.1499938964844,293.1499938964844,0.0,-0.0,288.4968566894531,0.572925865650177,0.050000000745058,0.0480909869074821,297.22509765625,297.1499938964844,293.1499938964844,0.0,-0.0,288.52886962890625,0.748214602470398,0.1105157062411308,0.0774276629090309,297.0234375,297.1499938964844,293.1499938964844,0.0,-0.0,288.4968566894531,0.572925865650177,0.050000000745058,0.0480909869074821,297.1759948730469,297.1499938964844,293.1499938964844,0.0,-0.0,288.521728515625,0.6930777430534363,0.0871700122952461,0.3933456540107727,288.5324401855469,288.45001220703125,287.14508056640625,283.86846923828125,289.4177551269531,297.20831298828125,288.58331298828125,1.0,0.1840721666812896,1.0,1.0,0.3594060242176056,1.0,-0.855917751789093,0.6614317893981934,0.194485992193222,0.4421937763690948,0.0,0.0,0.0,23.11896514892578,25.0,520.9013061523438,-0.0,69.35555267333984,1.0,283.1443786621094,288.5085144042969,285.35308837890625,285.36309814453125,293.1499938964844,293.1499938964844,278.1499938964844,0.0,18000.0,313.1499938964844,0.0,18000.0,0.0,0.0,0.0,0.0,0.0,0.0,0.0,0.0,0.0,-0.0,-0.0,-0.0,-6.544322618950674e-21,-3.272161309475337e-21,-3.272161107526945e-21,0.0,0.0,-0.0,0.0,0.0,0.0,-0.0,0.0,0.0,0.0,0.0,0.0,4.0,0.0,0.0
12035940,297.4468994140625,297.1499938964844,293.1499938964844,0.0,-0.0,288.87939453125,0.8631139993667603,0.1692443341016769,0.1514043658971786,297.1009521484375,297.1499938964844,293.1499938964844,0.0,-0.0,288.84112548828125,0.5766457319259644,0.050000000745058,0.0480694100260734,297.2377319335937,297.1499938964844,293.1499938964844,0.0,-0.0,288.8713073730469,0.7569488286972046,0.1127484366297721,0.0789519250392913,297.0365905761719,297.1499938964844,293.1499938964844,0.0,-0.0,288.84112548828125,0.5766457319259644,0.050000000745058,0.0480694100260734,297.1876525878906,297.1499938964844,293.1499938964844,0.0,-0.0,288.8647155761719,0.7012412548065186,0.0886802449822425,0.3998840153217315,288.8745422363281,288.54998779296875,287.22283935546875,283.88153076171875,289.6746520996094,297.2343444824219,288.9211730957031,1.0,0.1851726621389389,1.0,1.0,0.3739112913608551,1.0,-0.8717060685157776,0.6570385694503784,0.2146674841642379,0.4352188110351562,0.0,0.0,0.0,22.74613380432129,25.0,475.7040710449219,-0.0,71.42675018310547,1.0,283.1443786621094,288.5085144042969,285.35308837890625,285.36309814453125,293.1499938964844,293.1499938964844,278.1499938964844,0.0,18000.0,313.1499938964844,0.0,18000.0,0.0,0.0,0.0,0.0,0.0,0.0,0.0,0.0,0.0,-0.0,-0.0,-0.0,-6.544322618950674e-21,-3.272161309475337e-21,-3.272161107526945e-21,0.0,0.0,-0.0,0.0,0.0,0.0,-0.0,0.0,0.0,0.0,0.0,0.0,4.0,0.0,0.0
12036000,297.4468994140625,297.1499938964844,293.1499938964844,0.0,-0.0,288.87939453125,0.8631139993667603,0.1692443341016769,0.1514043658971786,297.1009521484375,297.1499938964844,293.1499938964844,0.0,-0.0,288.84112548828125,0.5766457319259644,0.050000000745058,0.0480694100260734,297.2377319335937,297.1499938964844,293.1499938964844,0.0,-0.0,288.8713073730469,0.7569488286972046,0.1127484366297721,0.0789519250392913,297.0365905761719,297.1499938964844,293.1499938964844,0.0,-0.0,288.84112548828125,0.5766457319259644,0.050000000745058,0.0480694100260734,297.1876525878906,297.1499938964844,293.1499938964844,0.0,-0.0,288.8647155761719,0.7012412548065186,0.0886802449822425,0.3998840153217315,288.8745422363281,288.54998779296875,287.22283935546875,283.88153076171875,289.6746520996094,297.2343444824219,288.9211730957031,1.0,0.1851726621389389,1.0,1.0,0.3739112913608551,1.0,-0.8717060685157776,0.6570385694503784,0.2146674841642379,0.4352188110351562,0.0,0.0,0.0,22.74613380432129,25.0,475.7040710449219,-0.0,71.42675018310547,1.0,283.1443786621094,288.5085144042969,285.35308837890625,285.36309814453125,293.1499938964844,293.1499938964844,278.1499938964844,0.0,18000.0,313.1499938964844,0.0,18000.0,0.0,0.0,0.0,0.0,0.0,0.0,0.0,0.0,0.0,-0.0,-0.0,-0.0,-6.544322618950674e-21,-3.272161309475337e-21,-3.272161107526945e-21,0.0,0.0,-0.0,0.0,0.0,0.0,-0.0,0.0,0.0,0.0,0.0,0.0,4.0,0.0,0.0
12036060,297.4680480957031,297.1499938964844,293.1499938964844,0.0,-0.0,289.1492004394531,0.8780366778373718,0.1751529723405838,0.1566775888204574,297.1145324707031,297.1499938964844,293.1499938964844,0.0,-0.0,289.12481689453125,0.5804310441017151,0.050000000745058,0.0480481274425983,297.2494201660156,297.1499938964844,293.1499938964844,0.0,-0.0,289.1444396972656,0.7661745548248291,0.1150452196598053,0.0805380567908287,297.0494689941406,297.1499938964844,293.1499938964844,0.0,-0.0,289.12481689453125,0.5804310441017151,0.050000000745058,0.0480481274425983,297.1986083984375,297.1499938964844,293.1499938964844,0.0,-0.0,289.1404724121094,0.7097036838531494,0.0902692973613739,0.4068681895732879,289.14630126953125,288.6499938964844,287.3006286621094,283.89459228515625,289.6216735839844,297.2599792480469,289.1715087890625,1.0,0.1864446401596069,1.0,1.0,0.3610990047454834,1.0,-0.8882696032524109,0.6819712519645691,0.2062983512878418,0.4572612345218658,0.0,0.0,0.0,22.396114349365234,25.0,335.3172912597656,-0.0,73.73218536376953,1.0,283.1443786621094,288.5085144042969,285.35308837890625,285.36309814453125,293.1499938964844,293.1499938964844,278.1499938964844,0.0,18000.0,313.1499938964844,0.0,18000.0,0.0,0.0,0.0,0.0,0.0,0.0,0.0,0.0,0.0,-0.0,-0.0,-0.0,-6.544322618950674e-21,-3.272161309475337e-21,-3.272161107526945e-21,0.0,0.0,-0.0,0.0,0.0,0.0,-0.0,0.0,0.0,0.0,0.0,0.0,4.0,0.0,0.0
12036120,297.4680480957031,297.1499938964844,293.1499938964844,0.0,-0.0,289.1492004394531,0.8780366778373718,0.1751529723405838,0.1566775888204574,297.1145324707031,297.1499938964844,293.1499938964844,0.0,-0.0,289.12481689453125,0.5804310441017151,0.050000000745058,0.0480481274425983,297.2494201660156,297.1499938964844,293.1499938964844,0.0,-0.0,289.1444396972656,0.7661745548248291,0.1150452196598053,0.0805380567908287,297.0494689941406,297.1499938964844,293.1499938964844,0.0,-0.0,289.12481689453125,0.5804310441017151,0.050000000745058,0.0480481274425983,297.1986083984375,297.1499938964844,293.1499938964844,0.0,-0.0,289.1404724121094,0.7097036838531494,0.0902692973613739,0.4068681895732879,289.14630126953125,288.6499938964844,287.3006286621094,283.89459228515625,289.6216735839844,297.2599792480469,289.1715087890625,1.0,0.1864446401596069,1.0,1.0,0.3610990047454834,1.0,-0.8882696032524109,0.6819712519645691,0.2062983512878418,0.4572612345218658,0.0,0.0,0.0,22.396114349365234,25.0,335.3172912597656,-0.0,73.73218536376953,1.0,283.1443786621094,288.5085144042969,285.35308837890625,285.36309814453125,293.1499938964844,293.1499938964844,278.1499938964844,0.0,18000.0,313.1499938964844,0.0,18000.0,0.0,0.0,0.0,0.0,0.0,0.0,0.0,0.0,0.0,-0.0,-0.0,-0.0,-6.544322618950674e-21,-3.272161309475337e-21,-3.272161107526945e-21,0.0,0.0,-0.0,0.0,0.0,0.0,-0.0,0.0,0.0,0.0,0.0,0.0,4.0,0.0,0.0
12036180,297.4842834472656,297.1499938964844,293.1499938964844,0.0,-0.0,289.2861633300781,0.8921906352043152,0.1808328181505203,0.1618240773677826,297.12664794921875,297.1499938964844,293.1499938964844,0.0,-0.0,289.27325439453125,0.5836827754974365,0.050000000745058,0.0480303429067134,297.25811767578125,297.1499938964844,293.1499938964844,0.0,-0.0,289.2836303710937,0.7747727036476135,0.1171891391277313,0.0820589736104011,297.0610046386719,297.1499938964844,293.1499938964844,0.0,-0.0,289.27325439453125,0.5836827754974365,0.050000000745058,0.0480303429067134,297.207275390625,297.1499938964844,293.1499938964844,0.0,-0.0,289.28155517578125,0.7170479893684387,0.0917664915323257,0.4136596918106079,289.2846069335937,288.75,287.3783874511719,283.9076843261719,289.5394287109375,297.2826232910156,289.2977905273437,1.0,0.1878478080034256,1.0,1.0,0.3482867181301117,1.0,-0.9043806195259094,0.7077317833900452,0.1966488510370254,0.4802268445491791,0.0,0.0,0.0,22.132951736450195,25.0,192.4274444580078,-0.0,76.1553955078125,1.0,283.1443786621094,288.5085144042969,285.35308837890625,285.36309814453125,293.1499938964844,293.1499938964844,278.1499938964844,0.0,18000.0,313.1499938964844,0.0,18000.0,0.0,0.0,0.0,0.0,0.0,0.0,0.0,0.0,0.0,-0.0,-0.0,-0.0,-6.544322618950674e-21,-3.272161309475337e-21,-3.272161107526945e-21,0.0,0.0,-0.0,0.0,0.0,0.0,-0.0,0.0,0.0,0.0,0.0,0.0,4.0,0.0,0.0
12036240,297.4842834472656,297.1499938964844,293.1499938964844,0.0,-0.0,289.2861633300781,0.8921906352043152,0.1808328181505203,0.1618240773677826,297.12664794921875,297.1499938964844,293.1499938964844,0.0,-0.0,289.27325439453125,0.5836827754974365,0.050000000745058,0.0480303429067134,297.25811767578125,297.1499938964844,293.1499938964844,0.0,-0.0,289.2836303710937,0.7747727036476135,0.1171891391277313,0.0820589736104011,297.0610046386719,297.1499938964844,293.1499938964844,0.0,-0.0,289.27325439453125,0.5836827754974365,0.050000000745058,0.0480303429067134,297.207275390625,297.1499938964844,293.1499938964844,0.0,-0.0,289.28155517578125,0.7170479893684387,0.0917664915323257,0.4136596918106079,289.2846069335937,288.75,287.3783874511719,283.9076843261719,289.5394287109375,297.2826232910156,289.2977905273437,1.0,0.1878478080034256,1.0,1.0,0.3482867181301117,1.0,-0.9043806195259094,0.7077317833900452,0.1966488510370254,0.4802268445491791,0.0,0.0,0.0,22.132951736450195,25.0,192.4274444580078,-0.0,76.1553955078125,1.0,283.1443786621094,288.5085144042969,285.35308837890625,285.36309814453125,293.1499938964844,293.1499938964844,278.1499938964844,0.0,18000.0,313.1499938964844,0.0,18000.0,0.0,0.0,0.0,0.0,0.0,0.0,0.0,0.0,0.0,-0.0,-0.0,-0.0,-6.544322618950674e-21,-3.272161309475337e-21,-3.272161107526945e-21,0.0,0.0,-0.0,0.0,0.0,0.0,-0.0,0.0,0.0,0.0,0.0,0.0,4.0,0.0,0.0
12036300,297.4905090332031,297.1499938964844,293.1499938964844,0.0,-0.0,289.3271484375,0.8986469507217407,0.1835595965385437,0.1642974466085434,297.1319580078125,297.1499938964844,293.1499938964844,0.0,-0.0,289.3180236816406,0.5849868059158325,0.050000000745058,0.0480233281850814,297.2611694335937,297.1499938964844,293.1499938964844,0.0,-0.0,289.32537841796875,0.7785623669624329,0.1181757226586341,0.0827636942267417,297.0660400390625,297.1499938964844,293.1499938964844,0.0,-0.0,289.3180236816406,0.5849868059158325,0.050000000745058,0.0480233281850814,297.2105712890625,297.1499938964844,293.1499938964844,0.0,-0.0,289.3239440917969,0.7201109528541565,0.0924519076943397,0.4168044924736023,289.3260498046875,288.75,287.4172668457031,283.9142761230469,289.4998779296875,297.2926025390625,289.3349914550781,1.0,0.1885798871517181,1.0,1.0,0.341880589723587,1.0,-0.9119527339935304,0.720295786857605,0.1916569173336029,0.4915037751197815,0.0,0.0,0.0,22.044828414916992,25.0,137.82960510253906,-0.0,77.37242126464844,1.0,283.1443786621094,288.5085144042969,285.35308837890625,285.36309814453125,293.1499938964844,293.1499938964844,278.1499938964844,0.0,18000.0,313.1499938964844,0.0,18000.0,0.0,0.0,0.0,0.0,0.0,0.0,0.0,0.0,0.0,-0.0,-0.0,-0.0,-6.544322618950674e-21,-3.272161309475337e-21,-3.272161107526945e-21,0.0,0.0,-0.0,0.0,0.0,0.0,-0.0,0.0,0.0,0.0,0.0,0.0,4.0,0.0,0.0
12036360,297.4955749511719,297.1499938964844,293.1499938964844,0.0,-0.0,289.3515014648437,0.904715657234192,0.1862146407365799,0.1667067557573318,297.1367492675781,297.1499938964844,293.1499938964844,0.0,-0.0,289.3467102050781,0.5860945582389832,0.050000000745058,0.0480174198746681,297.2634582519531,297.1499938964844,293.1499938964844,0.0,-0.0,289.3507385253906,0.7820091843605042,0.1191040650010109,0.0834289267659187,297.070556640625,297.1499938964844,293.1499938964844,0.0,-0.0,289.3467102050781,0.5860945582389832,0.050000000745058,0.0480174198746681,297.2131652832031,297.1499938964844,293.1499938964844,0.0,-0.0,289.3500366210937,0.7228250503540039,0.0930904969573021,0.4197521209716797,289.3510437011719,288.8500061035156,287.4561462402344,283.9209289550781,289.4075622558594,297.30181884765625,289.3536682128906,1.0,0.1893240064382553,1.0,1.0,0.3297501504421234,1.0,-0.919166624546051,0.7383618950843811,0.1808047443628311,0.508339524269104,0.0,0.0,0.0,21.982465744018555,25.0,77.74819946289062,-0.0,78.5831298828125,1.0,283.1443786621094,288.5085144042969,285.35308837890625,285.36309814453125,293.1499938964844,293.1499938964844,278.1499938964844,0.0,18000.0,313.1499938964844,0.0,18000.0,0.0,0.0,0.0,0.0,0.0,0.0,0.0,0.0,0.0,-0.0,-0.0,-0.0,-6.544322618950674e-21,-3.272161309475337e-21,-3.272161107526945e-21,0.0,0.0,-0.0,0.0,0.0,0.0,-0.0,0.0,0.0,0.0,0.0,0.0,4.0,0.0,0.0
12036420,297.5018310546875,297.1499938964844,293.1499938964844,0.0,-0.0,289.3245544433594,0.9161053895950316,0.1912316977977752,0.1712930649518966,297.14453125,297.1499938964844,293.1499938964844,0.0,-0.0,289.33074951171875,0.587599515914917,0.050000000745058,0.0480094514787197,297.265380859375,297.1499938964844,293.1499938964844,0.0,-0.0,289.32598876953125,0.7876272201538086,0.1207393631339073,0.084620326757431,297.0779113769531,297.1499938964844,293.1499938964844,0.0,-0.0,289.33074951171875,0.587599515914917,0.050000000745058,0.0480094514787197,297.2160339355469,297.1499938964844,293.1499938964844,0.0,-0.0,289.3270568847656,0.7270911335945129,0.0941858515143394,0.4249217212200165,289.32550048828125,288.95001220703125,287.5338439941406,283.93438720703125,289.2123718261719,297.31756591796875,289.31744384765625,1.0,0.1908201724290847,1.0,1.0,0.3054893314838409,1.0,-0.9322872161865234,0.7735792994499207,0.1587078869342804,0.5413986444473267,0.0,0.0,0.0,21.94272232055664,25.0,-39.28145599365234,-0.0,80.94183349609375,1.0,283.1443786621094,288.5085144042969,285.35308837890625,285.36309814453125,293.1499938964844,293.1499938964844,278.1499938964844,0.0,18000.0,313.1499938964844,0.0,18000.0,0.0,0.0,0.0,0.0,0.0,0.0,0.0,0.0,0.0,-0.0,-0.0,-0.0,-6.544322618950674e-21,-3.272161309475337e-21,-3.272161107526945e-21,0.0,0.0,-0.0,0.0,0.0,0.0,-0.0,0.0,0.0,0.0,0.0,0.0,4.0,0.0,0.0
12036480,297.5018310546875,297.1499938964844,293.1499938964844,0.0,-0.0,289.3245544433594,0.9161053895950316,0.1912316977977752,0.1712930649518966,297.14453125,297.1499938964844,293.1499938964844,0.0,-0.0,289.33074951171875,0.587599515914917,0.050000000745058,0.0480094514787197,297.265380859375,297.1499938964844,293.1499938964844,0.0,-0.0,289.32598876953125,0.7876272201538086,0.1207393631339073,0.084620326757431,297.0779113769531,297.1499938964844,293.1499938964844,0.0,-0.0,289.33074951171875,0.587599515914917,0.050000000745058,0.0480094514787197,297.2160339355469,297.1499938964844,293.1499938964844,0.0,-0.0,289.3270568847656,0.7270911335945129,0.0941858515143394,0.4249217212200165,289.32550048828125,288.95001220703125,287.5338439941406,283.93438720703125,289.2123718261719,297.31756591796875,289.31744384765625,1.0,0.1908201724290847,1.0,1.0,0.3054893314838409,1.0,-0.9322872161865234,0.7735792994499207,0.1587078869342804,0.5413986444473267,0.0,0.0,0.0,21.94272232055664,25.0,-39.28145599365234,-0.0,80.94183349609375,1.0,283.1443786621094,288.5085144042969,285.35308837890625,285.36309814453125,293.1499938964844,293.1499938964844,278.1499938964844,0.0,18000.0,313.1499938964844,0.0,18000.0,0.0,0.0,0.0,0.0,0.0,0.0,0.0,0.0,0.0,-0.0,-0.0,-0.0,-6.544322618950674e-21,-3.272161309475337e-21,-3.272161107526945e-21,0.0,0.0,-0.0,0.0,0.0,0.0,-0.0,0.0,0.0,0.0,0.0,0.0,4.0,0.0,0.0
12036540,297.5032958984375,297.1499938964844,293.1499938964844,0.0,-0.0,289.2435607910156,0.9255492091178894,0.1958398967981338,0.1755121648311615,297.1498718261719,297.1499938964844,293.1499938964844,0.0,-0.0,289.2548217773437,0.5880858898162842,0.050000000745058,0.0480068512260913,297.2639465332031,297.1499938964844,293.1499938964844,0.0,-0.0,289.2460021972656,0.7913187146186829,0.1220586225390434,0.0855948030948638,297.0828552246094,297.1499938964844,293.1499938964844,0.0,-0.0,289.2548217773437,0.5880858898162842,0.050000000745058,0.0480068512260913,297.21588134765625,297.1499938964844,293.1499938964844,0.0,-0.0,289.247802734375,0.7296829223632812,0.095009759068489,0.428916722536087,289.2451477050781,289.04998779296875,287.6114501953125,283.9481811523437,289.0394897460937,297.32989501953125,289.2324523925781,1.0,0.1922789216041565,1.0,1.0,0.2812285125255584,1.0,-0.9433099627494812,0.8057820796966553,0.1375278979539871,0.5719375610351562,0.0,0.0,0.0,22.01761817932129,25.0,-111.50479888916016,-0.0,83.14025115966797,1.0,283.1443786621094,288.5085144042969,285.35308837890625,285.36309814453125,293.1499938964844,293.1499938964844,278.1499938964844,0.0,18000.0,313.1499938964844,0.0,18000.0,0.0,0.0,0.0,0.0,0.0,0.0,0.0,0.0,0.0,-0.0,-0.0,-0.0,-6.544322618950674e-21,-3.272161309475337e-21,-3.272161107526945e-21,0.0,0.0,-0.0,0.0,0.0,0.0,-0.0,0.0,0.0,0.0,0.0,0.0,4.0,0.0,0.0
12036600,297.5032958984375,297.1499938964844,293.1499938964844,0.0,-0.0,289.2435607910156,0.9255492091178894,0.1958398967981338,0.1755121648311615,297.1498718261719,297.1499938964844,293.1499938964844,0.0,-0.0,289.2548217773437,0.5880858898162842,0.050000000745058,0.0480068512260913,297.2639465332031,297.1499938964844,293.1499938964844,0.0,-0.0,289.2460021972656,0.7913187146186829,0.1220586225390434,0.0855948030948638,297.0828552246094,297.1499938964844,293.1499938964844,0.0,-0.0,289.2548217773437,0.5880858898162842,0.050000000745058,0.0480068512260913,297.21588134765625,297.1499938964844,293.1499938964844,0.0,-0.0,289.247802734375,0.7296829223632812,0.095009759068489,0.428916722536087,289.2451477050781,289.04998779296875,287.6114501953125,283.9481811523437,289.0394897460937,297.32989501953125,289.2324523925781,1.0,0.1922789216041565,1.0,1.0,0.2812285125255584,1.0,-0.9433099627494812,0.8057820796966553,0.1375278979539871,0.5719375610351562,0.0,0.0,0.0,22.01761817932129,25.0,-111.50479888916016,-0.0,83.14025115966797,1.0,283.1443786621094,288.5085144042969,285.35308837890625,285.36309814453125,293.1499938964844,293.1499938964844,278.1499938964844,0.0,18000.0,313.1499938964844,0.0,18000.0,0.0,0.0,0.0,0.0,0.0,0.0,0.0,0.0,0.0,-0.0,-0.0,-0.0,-6.544322618950674e-21,-3.272161309475337e-21,-3.272161107526945e-21,0.0,0.0,-0.0,0.0,0.0,0.0,-0.0,0.0,0.0,0.0,0.0,0.0,4.0,0.0,0.0
12036660,297.50164794921875,297.1499938964844,293.1499938964844,0.0,-0.0,289.1568908691406,0.9330052733421326,0.2001523375511169,0.1794342547655105,297.1531677246094,297.1499938964844,293.1499938964844,0.0,-0.0,289.1656799316406,0.587752640247345,0.050000000745058,0.0480085276067256,297.2601928710937,297.1499938964844,293.1499938964844,0.0,-0.0,289.1586608886719,0.7933919429779053,0.123122937977314,0.0863786712288856,297.0857849121094,297.1499938964844,293.1499938964844,0.0,-0.0,289.1656799316406,0.587752640247345,0.050000000745058,0.0480085276067256,297.2134094238281,297.1499938964844,293.1499938964844,0.0,-0.0,289.15997314453125,0.7308545708656311,0.0955955386161804,0.431800365447998,289.1580505371094,289.1499938964844,287.68896484375,283.9623413085937,288.9962463378906,297.3400573730469,289.1495056152344,1.0,0.1936576515436172,1.0,1.0,0.2700207829475403,1.0,-0.9524238705635072,0.8237290382385254,0.1286948174238205,0.5887184143066406,0.0,0.0,0.0,22.178464889526367,25.0,-109.86811065673828,-0.0,85.14576721191406,1.0,283.1443786621094,288.5085144042969,285.35308837890625,285.36309814453125,293.1499938964844,293.1499938964844,278.1499938964844,0.0,18000.0,313.1499938964844,0.0,18000.0,0.0,0.0,0.0,0.0,0.0,0.0,0.0,0.0,0.0,-0.0,-0.0,-0.0,-6.544322618950674e-21,-3.272161309475337e-21,-3.272161107526945e-21,0.0,0.0,-0.0,0.0,0.0,0.0,-0.0,0.0,0.0,0.0,0.0,0.0,4.0,0.0,0.0
12036720,297.50164794921875,297.1499938964844,293.1499938964844,0.0,-0.0,289.1568908691406,0.9330052733421326,0.2001523375511169,0.1794342547655105,297.1531677246094,297.1499938964844,293.1499938964844,0.0,-0.0,289.1656799316406,0.587752640247345,0.050000000745058,0.0480085276067256,297.2601928710937,297.1499938964844,293.1499938964844,0.0,-0.0,289.1586608886719,0.7933919429779053,0.123122937977314,0.0863786712288856,297.0857849121094,297.1499938964844,293.1499938964844,0.0,-0.0,289.1656799316406,0.587752640247345,0.050000000745058,0.0480085276067256,297.2134094238281,297.1499938964844,293.1499938964844,0.0,-0.0,289.15997314453125,0.7308545708656311,0.0955955386161804,0.431800365447998,289.1580505371094,289.1499938964844,287.68896484375,283.9623413085937,288.9962463378906,297.3400573730469,289.1495056152344,1.0,0.1936576515436172,1.0,1.0,0.2700207829475403,1.0,-0.9524238705635072,0.8237290382385254,0.1286948174238205,0.5887184143066406,0.0,0.0,0.0,22.178464889526367,25.0,-109.86811065673828,-0.0,85.14576721191406,1.0,283.1443786621094,288.5085144042969,285.35308837890625,285.36309814453125,293.1499938964844,293.1499938964844,278.1499938964844,0.0,18000.0,313.1499938964844,0.0,18000.0,0.0,0.0,0.0,0.0,0.0,0.0,0.0,0.0,0.0,-0.0,-0.0,-0.0,-6.544322618950674e-21,-3.272161309475337e-21,-3.272161107526945e-21,0.0,0.0,-0.0,0.0,0.0,0.0,-0.0,0.0,0.0,0.0,0.0,0.0,4.0,0.0,0.0
12036780,297.4994812011719,297.1499938964844,293.1499938964844,0.0,-0.0,289.0971374511719,0.9396023750305176,0.2043858021497726,0.1832420825958252,297.1552429199219,297.1499938964844,293.1499938964844,0.0,-0.0,289.10400390625,0.5871409177780151,0.050000000745058,0.0480116717517375,297.2557373046875,297.1499938964844,293.1499938964844,0.0,-0.0,289.0985717773437,0.7947770357131958,0.1240681260824203,0.0870568975806236,297.08746337890625,297.1499938964844,293.1499938964844,0.0,-0.0,289.10400390625,0.5871409177780151,0.050000000745058,0.0480116717517375,297.2098693847656,297.1499938964844,293.1499938964844,0.0,-0.0,289.099609375,0.7313545346260071,0.0960412174463272,0.433947205543518,289.0980834960937,289.25,287.766357421875,283.9769897460937,288.9700927734375,297.35009765625,289.0912170410156,1.0,0.1949432790279388,1.0,1.0,0.2588130235671997,1.0,-0.9603926539421082,0.8400408029556274,0.1203518435359001,0.6041058897972107,0.0,0.0,0.0,22.364028930664062,25.0,-88.50251007080078,-0.0,86.99951171875,1.0,283.1443786621094,288.5085144042969,285.35308837890625,285.36309814453125,293.1499938964844,293.1499938964844,278.1499938964844,0.0,18000.0,313.1499938964844,0.0,18000.0,0.0,0.0,0.0,0.0,0.0,0.0,0.0,0.0,0.0,-0.0,-0.0,-0.0,-6.544322618950674e-21,-3.272161309475337e-21,-3.272161107526945e-21,0.0,0.0,-0.0,0.0,0.0,0.0,-0.0,0.0,0.0,0.0,0.0,0.0,4.0,0.0,0.0
12036840,297.4994812011719,297.1499938964844,293.1499938964844,0.0,-0.0,289.0971374511719,0.9396023750305176,0.2043858021497726,0.1832420825958252,297.1552429199219,297.1499938964844,293.1499938964844,0.0,-0.0,289.10400390625,0.5871409177780151,0.050000000745058,0.0480116717517375,297.2557373046875,297.1499938964844,293.1499938964844,0.0,-0.0,289.0985717773437,0.7947770357131958,0.1240681260824203,0.0870568975806236,297.08746337890625,297.1499938964844,293.1499938964844,0.0,-0.0,289.10400390625,0.5871409177780151,0.050000000745058,0.0480116717517375,297.2098693847656,297.1499938964844,293.1499938964844,0.0,-0.0,289.099609375,0.7313545346260071,0.0960412174463272,0.433947205543518,289.0980834960937,289.25,287.766357421875,283.9769897460937,288.9700927734375,297.35009765625,289.0912170410156,1.0,0.1949432790279388,1.0,1.0,0.2588130235671997,1.0,-0.9603926539421082,0.8400408029556274,0.1203518435359001,0.6041058897972107,0.0,0.0,0.0,22.364028930664062,25.0,-88.50251007080078,-0.0,86.99951171875,1.0,283.1443786621094,288.5085144042969,285.35308837890625,285.36309814453125,293.1499938964844,293.1499938964844,278.1499938964844,0.0,18000.0,313.1499938964844,0.0,18000.0,0.0,0.0,0.0,0.0,0.0,0.0,0.0,0.0,0.0,-0.0,-0.0,-0.0,-6.544322618950674e-21,-3.272161309475337e-21,-3.272161107526945e-21,0.0,0.0,-0.0,0.0,0.0,0.0,-0.0,0.0,0.0,0.0,0.0,0.0,4.0,0.0,0.0
12036900,297.4984130859375,297.1499938964844,293.1499938964844,0.0,-0.0,289.0715637207031,0.942800998687744,0.2064950466156005,0.1851362287998199,297.1560363769531,297.1499938964844,293.1499938964844,0.0,-0.0,289.0777893066406,0.5868352651596069,0.050000000745058,0.0480132475495338,297.2535095214844,297.1499938964844,293.1499938964844,0.0,-0.0,289.0728454589844,0.7954046130180359,0.1245177760720253,0.0873767957091331,297.0880126953125,297.1499938964844,293.1499938964844,0.0,-0.0,289.0777893066406,0.5868352651596069,0.050000000745058,0.0480132475495338,297.2079467773437,297.1499938964844,293.1499938964844,0.0,-0.0,289.0738220214844,0.7315152883529663,0.0962308868765831,0.4348513782024383,289.0724182128906,289.25,287.80499267578125,283.9845275878906,288.95916748046875,297.3552551269531,289.0662841796875,1.0,0.1955530345439911,1.0,1.0,0.2532091438770294,1.0,-0.9641391038894652,0.847872793674469,0.1162663027644157,0.6115137934684753,0.0,0.0,0.0,22.45429992675781,25.0,-78.83098602294922,-0.0,87.8851089477539,1.0,283.1443786621094,288.5085144042969,285.35308837890625,285.36309814453125,293.1499938964844,293.1499938964844,278.1499938964844,0.0,18000.0,313.1499938964844,0.0,18000.0,0.0,0.0,0.0,0.0,0.0,0.0,0.0,0.0,0.0,-0.0,-0.0,-0.0,-6.544322618950674e-21,-3.272161309475337e-21,-3.272161107526945e-21,0.0,0.0,-0.0,0.0,0.0,0.0,-0.0,0.0,0.0,0.0,0.0,0.0,4.0,0.0,0.0
12036960,297.4974365234375,297.1499938964844,293.1499938964844,0.0,-0.0,289.0516662597656,0.9459328055381776,0.2086051255464553,0.1870282441377639,297.1567077636719,297.1499938964844,293.1499938964844,0.0,-0.0,289.055908203125,0.5865278840065002,0.050000000745058,0.0480148419737815,297.2513122558594,297.1499938964844,293.1499938964844,0.0,-0.0,289.0523986816406,0.7960020899772644,0.1249587386846542,0.0876886621117591,297.0884704589844,297.1499938964844,293.1499938964844,0.0,-0.0,289.055908203125,0.5865278840065002,0.050000000745058,0.0480148419737815,297.2059936523437,297.1499938964844,293.1499938964844,0.0,-0.0,289.0530090332031,0.7316314578056335,0.0964051559567451,0.4356743097305298,289.0521545410156,289.3500061035156,287.8435974121094,283.9922180175781,289.00537109375,297.3605651855469,289.0496826171875,1.0,0.196141630411148,1.0,1.0,0.2558794021606445,1.0,-0.9677759408950806,0.84908127784729,0.1186946481466293,0.6123399138450623,0.0,0.0,0.0,22.5423583984375,25.0,-53.798377990722656,-0.0,88.74739837646484,1.0,283.1443786621094,288.5085144042969,285.35308837890625,285.36309814453125,293.1499938964844,293.1499938964844,278.1499938964844,0.0,18000.0,313.1499938964844,0.0,18000.0,0.0,0.0,0.0,0.0,0.0,0.0,0.0,0.0,0.0,-0.0,-0.0,-0.0,-6.544322618950674e-21,-3.272161309475337e-21,-3.272161107526945e-21,0.0,0.0,-0.0,0.0,0.0,0.0,-0.0,0.0,0.0,0.0,0.0,0.0,4.0,0.0,0.0
12037020,297.4969177246094,297.1499938964844,293.1499938964844,0.0,-0.0,289.0658874511719,0.9524887204170228,0.2129514366388321,0.1908808946609497,297.158203125,297.1499938964844,293.1499938964844,0.0,-0.0,289.0620422363281,0.5861449837684631,0.050000000745058,0.0480168126523494,297.2478332519531,297.1499938964844,293.1499938964844,0.0,-0.0,289.06494140625,0.797507643699646,0.1258869022130966,0.0883239135146141,297.08941650390625,297.1499938964844,293.1499938964844,0.0,-0.0,289.0620422363281,0.5861449837684631,0.050000000745058,0.0480168126523494,297.2025451660156,297.1499938964844,293.1499938964844,0.0,-0.0,289.0643005371094,0.7320647835731506,0.0967639833688736,0.4372601807117462,289.06524658203125,289.45001220703125,287.920654296875,284.00811767578125,289.1230163574219,297.37255859375,289.0699462890625,1.0,0.1972672790288925,1.0,1.0,0.2612198889255523,1.0,-0.9750705361366272,0.8504760265350342,0.1245945021510124,0.6129010319709778,0.0,0.0,0.0,22.68732452392578,25.0,17.14179229736328,-0.0,90.44029998779295,1.0,283.1443786621094,288.5085144042969,285.35308837890625,285.36309814453125,293.1499938964844,293.1499938964844,278.1499938964844,0.0,18000.0,313.1499938964844,0.0,18000.0,0.0,0.0,0.0,0.0,0.0,0.0,0.0,0.0,0.0,-0.0,-0.0,-0.0,-6.544322618950674e-21,-3.272161309475337e-21,-3.272161107526945e-21,0.0,0.0,-0.0,0.0,0.0,0.0,-0.0,0.0,0.0,0.0,0.0,0.0,4.0,0.0,0.0
12037080,297.4969177246094,297.1499938964844,293.1499938964844,0.0,-0.0,289.0658874511719,0.9524887204170228,0.2129514366388321,0.1908808946609497,297.158203125,297.1499938964844,293.1499938964844,0.0,-0.0,289.0620422363281,0.5861449837684631,0.050000000745058,0.0480168126523494,297.2478332519531,297.1499938964844,293.1499938964844,0.0,-0.0,289.06494140625,0.797507643699646,0.1258869022130966,0.0883239135146141,297.08941650390625,297.1499938964844,293.1499938964844,0.0,-0.0,289.0620422363281,0.5861449837684631,0.050000000745058,0.0480168126523494,297.2025451660156,297.1499938964844,293.1499938964844,0.0,-0.0,289.0643005371094,0.7320647835731506,0.0967639833688736,0.4372601807117462,289.06524658203125,289.45001220703125,287.920654296875,284.00811767578125,289.1230163574219,297.37255859375,289.0699462890625,1.0,0.1972672790288925,1.0,1.0,0.2612198889255523,1.0,-0.9750705361366272,0.8504760265350342,0.1245945021510124,0.6129010319709778,0.0,0.0,0.0,22.68732452392578,25.0,17.14179229736328,-0.0,90.44029998779295,1.0,283.1443786621094,288.5085144042969,285.35308837890625,285.36309814453125,293.1499938964844,293.1499938964844,278.1499938964844,0.0,18000.0,313.1499938964844,0.0,18000.0,0.0,0.0,0.0,0.0,0.0,0.0,0.0,0.0,0.0,-0.0,-0.0,-0.0,-6.544322618950674e-21,-3.272161309475337e-21,-3.272161107526945e-21,0.0,0.0,-0.0,0.0,0.0,0.0,-0.0,0.0,0.0,0.0,0.0,0.0,4.0,0.0,0.0
12037140,297.49884033203125,297.1499938964844,293.1499938964844,0.0,-0.0,289.11724853515625,0.9599106311798096,0.2175382077693939,0.1949368417263031,297.16033935546875,297.1499938964844,293.1499938964844,0.0,-0.0,289.1096496582031,0.5863056778907776,0.050000000745058,0.0480159185826778,297.2460021972656,297.1499938964844,293.1499938964844,0.0,-0.0,289.11553955078125,0.7998993396759033,0.1269378215074539,0.0890342146158218,297.0909423828125,297.1499938964844,293.1499938964844,0.0,-0.0,289.1096496582031,0.5863056778907776,0.050000000745058,0.0480159185826778,297.2002258300781,297.1499938964844,293.1499938964844,0.0,-0.0,289.11431884765625,0.7331724166870117,0.097194068133831,0.4390932321548462,289.1160888671875,289.54998779296875,287.9975280761719,284.0247802734375,289.2416381835937,297.3869934082031,289.12420654296875,1.0,0.1983544677495956,1.0,1.0,0.2665603756904602,1.0,-0.9829888343811036,0.8521825671195984,0.1308062374591827,0.613506019115448,0.0,0.0,0.0,22.7657470703125,25.0,67.96794891357422,-0.0,92.17012786865234,1.0,283.1443786621094,288.5085144042969,285.35308837890625,285.36309814453125,293.1499938964844,293.1499938964844,278.1499938964844,0.0,18000.0,313.1499938964844,0.0,18000.0,0.0,0.0,0.0,0.0,0.0,0.0,0.0,0.0,0.0,-0.0,-0.0,-0.0,-6.544322618950674e-21,-3.272161309475337e-21,-3.272161107526945e-21,0.0,0.0,-0.0,0.0,0.0,0.0,-0.0,0.0,0.0,0.0,0.0,0.0,4.0,0.0,0.0
12037200,297.49884033203125,297.1499938964844,293.1499938964844,0.0,-0.0,289.11724853515625,0.9599106311798096,0.2175382077693939,0.1949368417263031,297.16033935546875,297.1499938964844,293.1499938964844,0.0,-0.0,289.1096496582031,0.5863056778907776,0.050000000745058,0.0480159185826778,297.2460021972656,297.1499938964844,293.1499938964844,0.0,-0.0,289.11553955078125,0.7998993396759033,0.1269378215074539,0.0890342146158218,297.0909423828125,297.1499938964844,293.1499938964844,0.0,-0.0,289.1096496582031,0.5863056778907776,0.050000000745058,0.0480159185826778,297.2002258300781,297.1499938964844,293.1499938964844,0.0,-0.0,289.11431884765625,0.7331724166870117,0.097194068133831,0.4390932321548462,289.1160888671875,289.54998779296875,287.9975280761719,284.0247802734375,289.2416381835937,297.3869934082031,289.12420654296875,1.0,0.1983544677495956,1.0,1.0,0.2665603756904602,1.0,-0.9829888343811036,0.8521825671195984,0.1308062374591827,0.613506019115448,0.0,0.0,0.0,22.7657470703125,25.0,67.96794891357422,-0.0,92.17012786865234,1.0,283.1443786621094,288.5085144042969,285.35308837890625,285.36309814453125,293.1499938964844,293.1499938964844,278.1499938964844,0.0,18000.0,313.1499938964844,0.0,18000.0,0.0,0.0,0.0,0.0,0.0,0.0,0.0,0.0,0.0,-0.0,-0.0,-0.0,-6.544322618950674e-21,-3.272161309475337e-21,-3.272161107526945e-21,0.0,0.0,-0.0,0.0,0.0,0.0,-0.0,0.0,0.0,0.0,0.0,0.0,4.0,0.0,0.0
12037260,297.5029602050781,297.1499938964844,293.1499938964844,0.0,-0.0,289.2087707519531,0.9679803848266602,0.2223721891641616,0.1992024183273315,297.1632995605469,297.1499938964844,293.1499938964844,0.0,-0.0,289.1942749023437,0.5869707465171814,0.050000000745058,0.048012375831604,297.2457580566406,297.1499938964844,293.1499938964844,0.0,-0.0,289.2054748535156,0.8031783699989319,0.1281295865774154,0.0898357629776001,297.09326171875,297.1499938964844,293.1499938964844,0.0,-0.0,289.1942749023437,0.5869707465171814,0.050000000745058,0.048012375831604,297.1991577148437,297.1499938964844,293.1499938964844,0.0,-0.0,289.203125,0.7349915504455566,0.0977216809988021,0.441315233707428,289.2064819335937,289.6499938964844,288.0741882324219,284.04229736328125,289.4466857910156,297.40362548828125,289.2218933105469,1.0,0.1994332075119018,1.0,1.0,0.2822670042514801,1.0,-0.991728663444519,0.844690203666687,0.1470384299755096,0.6046172976493835,0.0,0.0,0.0,22.783227920532227,25.0,135.06167602539062,-0.0,93.98420715332033,1.0,283.1443786621094,288.5085144042969,285.35308837890625,285.36309814453125,293.1499938964844,293.1499938964844,278.1499938964844,0.0,18000.0,313.1499938964844,0.0,18000.0,0.0,0.0,0.0,0.0,0.0,0.0,0.0,0.0,0.0,-0.0,-0.0,-0.0,-6.544322618950674e-21,-3.272161309475337e-21,-3.272161107526945e-21,0.0,0.0,-0.0,0.0,0.0,0.0,-0.0,0.0,0.0,0.0,0.0,0.0,4.0,0.0,0.0
12037320,297.5029602050781,297.1499938964844,293.1499938964844,0.0,-0.0,289.2087707519531,0.9679803848266602,0.2223721891641616,0.1992024183273315,297.1632995605469,297.1499938964844,293.1499938964844,0.0,-0.0,289.1942749023437,0.5869707465171814,0.050000000745058,0.048012375831604,297.2457580566406,297.1499938964844,293.1499938964844,0.0,-0.0,289.2054748535156,0.8031783699989319,0.1281295865774154,0.0898357629776001,297.09326171875,297.1499938964844,293.1499938964844,0.0,-0.0,289.1942749023437,0.5869707465171814,0.050000000745058,0.048012375831604,297.1991577148437,297.1499938964844,293.1499938964844,0.0,-0.0,289.203125,0.7349915504455566,0.0977216809988021,0.441315233707428,289.2064819335937,289.6499938964844,288.0741882324219,284.04229736328125,289.4466857910156,297.40362548828125,289.2218933105469,1.0,0.1994332075119018,1.0,1.0,0.2822670042514801,1.0,-0.991728663444519,0.844690203666687,0.1470384299755096,0.6046172976493835,0.0,0.0,0.0,22.783227920532227,25.0,135.06167602539062,-0.0,93.98420715332033,1.0,283.1443786621094,288.5085144042969,285.35308837890625,285.36309814453125,293.1499938964844,293.1499938964844,278.1499938964844,0.0,18000.0,313.1499938964844,0.0,18000.0,0.0,0.0,0.0,0.0,0.0,0.0,0.0,0.0,0.0,-0.0,-0.0,-0.0,-6.544322618950674e-21,-3.272161309475337e-21,-3.272161107526945e-21,0.0,0.0,-0.0,0.0,0.0,0.0,-0.0,0.0,0.0,0.0,0.0,0.0,4.0,0.0,0.0
12037380,297.5101013183594,297.1499938964844,293.1499938964844,0.0,-0.0,289.3514709472656,0.9768307209014891,0.2275637686252594,0.2037622332572937,297.1674499511719,297.1499938964844,293.1499938964844,0.0,-0.0,289.3317565917969,0.5882940888404846,0.050000000745058,0.0480054207146167,297.24761962890625,297.1499938964844,293.1499938964844,0.0,-0.0,289.3471374511719,0.807633101940155,0.1295269578695297,0.0907673984766006,297.0967102050781,297.1499938964844,293.1499938964844,0.0,-0.0,289.3317565917969,0.5882940888404846,0.050000000745058,0.0480054207146167,297.19976806640625,297.1499938964844,293.1499938964844,0.0,-0.0,289.343994140625,0.7378032803535461,0.098402090370655,0.4441453516483307,289.34844970703125,289.75,288.15057373046875,284.0607604980469,289.6683349609375,297.42333984375,289.3681335449219,1.0,0.2005392462015152,1.0,1.0,0.2979736328125,1.0,-1.0016993284225464,0.8365654349327087,0.1651338636875152,0.5946319103240967,0.0,0.0,0.0,22.72658920288086,25.0,195.578857421875,-0.0,95.95556640625,1.0,283.1443786621094,288.5085144042969,285.35308837890625,285.36309814453125,293.1499938964844,293.1499938964844,278.1499938964844,0.0,18000.0,313.1499938964844,0.0,18000.0,0.0,0.0,0.0,0.0,0.0,0.0,0.0,0.0,0.0,-0.0,-0.0,-0.0,-6.544322618950674e-21,-3.272161309475337e-21,-3.272161107526945e-21,0.0,0.0,-0.0,0.0,0.0,0.0,-0.0,0.0,0.0,0.0,0.0,0.0,4.0,0.0,0.0
12037440,297.5101013183594,297.1499938964844,293.1499938964844,0.0,-0.0,289.3514709472656,0.9768307209014891,0.2275637686252594,0.2037622332572937,297.1674499511719,297.1499938964844,293.1499938964844,0.0,-0.0,289.3317565917969,0.5882940888404846,0.050000000745058,0.0480054207146167,297.24761962890625,297.1499938964844,293.1499938964844,0.0,-0.0,289.3471374511719,0.807633101940155,0.1295269578695297,0.0907673984766006,297.0967102050781,297.1499938964844,293.1499938964844,0.0,-0.0,289.3317565917969,0.5882940888404846,0.050000000745058,0.0480054207146167,297.19976806640625,297.1499938964844,293.1499938964844,0.0,-0.0,289.343994140625,0.7378032803535461,0.098402090370655,0.4441453516483307,289.34844970703125,289.75,288.15057373046875,284.0607604980469,289.6683349609375,297.42333984375,289.3681335449219,1.0,0.2005392462015152,1.0,1.0,0.2979736328125,1.0,-1.0016993284225464,0.8365654349327087,0.1651338636875152,0.5946319103240967,0.0,0.0,0.0,22.72658920288086,25.0,195.578857421875,-0.0,95.95556640625,1.0,283.1443786621094,288.5085144042969,285.35308837890625,285.36309814453125,293.1499938964844,293.1499938964844,278.1499938964844,0.0,18000.0,313.1499938964844,0.0,18000.0,0.0,0.0,0.0,0.0,0.0,0.0,0.0,0.0,0.0,-0.0,-0.0,-0.0,-6.544322618950674e-21,-3.272161309475337e-21,-3.272161107526945e-21,0.0,0.0,-0.0,0.0,0.0,0.0,-0.0,0.0,0.0,0.0,0.0,0.0,4.0,0.0,0.0
12037500,297.5147399902344,297.1499938964844,293.1499938964844,0.0,-0.0,289.4350280761719,0.9814922213554382,0.2302977591753006,0.206165611743927,297.16998291015625,297.1499938964844,293.1499938964844,0.0,-0.0,289.413330078125,0.5892177224159241,0.050000000745058,0.048000618815422,297.249267578125,297.1499938964844,293.1499938964844,0.0,-0.0,289.4302978515625,0.810287594795227,0.1303088366985321,0.0912900641560554,297.0989074707031,297.1499938964844,293.1499938964844,0.0,-0.0,289.413330078125,0.5892177224159241,0.050000000745058,0.048000618815422,297.20068359375,297.1499938964844,293.1499938964844,0.0,-0.0,289.4268493652344,0.7396318316459656,0.0988072827458381,0.445840060710907,289.4317321777344,289.75,288.18865966796875,284.0704040527344,289.7821350097656,297.4342956542969,289.4530639648437,1.0,0.201114147901535,1.0,1.0,0.3058269321918487,1.0,-1.007233500480652,0.8324444890022278,0.1747889667749405,0.5893789529800415,0.0,0.0,0.0,22.67029190063477,25.0,219.5879669189453,-0.0,97.02113342285156,1.0,283.1443786621094,288.5085144042969,285.35308837890625,285.36309814453125,293.1499938964844,293.1499938964844,278.1499938964844,0.0,18000.0,313.1499938964844,0.0,18000.0,0.0,0.0,0.0,0.0,0.0,0.0,0.0,0.0,0.0,-0.0,-0.0,-0.0,-6.544322618950674e-21,-3.272161309475337e-21,-3.272161107526945e-21,0.0,0.0,-0.0,0.0,0.0,0.0,-0.0,0.0,0.0,0.0,0.0,0.0,4.0,0.0,0.0
12037560,297.5199584960937,297.1499938964844,293.1499938964844,0.0,-0.0,289.5245056152344,0.9862401485443116,0.2331200838088989,0.2086485922336578,297.1728515625,297.1499938964844,293.1499938964844,0.0,-0.0,289.5014038085937,0.5903093814849854,0.050000000745058,0.0479949861764907,297.2514038085937,297.1499938964844,293.1499938964844,0.0,-0.0,289.5195007324219,0.8131999969482422,0.1311450898647308,0.091850459575653,297.10137939453125,297.1499938964844,293.1499938964844,0.0,-0.0,289.5014038085937,0.5903093814849854,0.050000000745058,0.0479949861764907,297.2019958496094,297.1499938964844,293.1499938964844,0.0,-0.0,289.515869140625,0.7417457103729248,0.0992562845349311,0.447727233171463,289.5210266113281,289.8500061035156,288.2267150878906,284.0802917480469,289.8854675292969,297.4459228515625,289.5430603027344,1.0,0.2017089426517486,1.0,1.0,0.3122210204601288,1.0,-1.0131374597549438,0.829822301864624,0.1833151578903198,0.5854807496070862,0.0,0.0,0.0,22.597171783447266,25.0,236.5569610595703,-0.0,98.14680480957033,1.0,283.1443786621094,288.5085144042969,285.35308837890625,285.36309814453125,293.1499938964844,293.1499938964844,278.1499938964844,0.0,18000.0,313.1499938964844,0.0,18000.0,0.0,0.0,0.0,0.0,0.0,0.0,0.0,0.0,0.0,-0.0,-0.0,-0.0,-6.544322618950674e-21,-3.272161309475337e-21,-3.272161107526945e-21,0.0,0.0,-0.0,0.0,0.0,0.0,-0.0,0.0,0.0,0.0,0.0,0.0,4.0,0.0,0.0
12037620,297.5316772460937,297.1499938964844,293.1499938964844,0.0,-0.0,289.709228515625,0.9956862330436708,0.2389935404062271,0.2138294428586959,297.17938232421875,297.1499938964844,293.1499938964844,0.0,-0.0,289.6849060058594,0.5929043889045715,0.050000000745058,0.047981783747673,297.25665283203125,297.1499938964844,293.1499938964844,0.0,-0.0,289.7040100097656,0.8196707963943481,0.1329618394374847,0.0930756703019142,297.107177734375,297.1499938964844,293.1499938964844,0.0,-0.0,289.6849060058594,0.5929043889045715,0.050000000745058,0.047981783747673,297.2055358886719,297.1499938964844,293.1499938964844,0.0,-0.0,289.7001953125,0.7467485666275024,0.1002746447920799,0.4520524144172668,289.7055358886719,289.95001220703125,288.3025207519531,284.1010131835937,290.09014892578125,297.4707336425781,289.7283630371094,1.0,0.2029695063829422,1.0,1.0,0.3250091969966888,1.0,-1.0259766578674316,0.8248897194862366,0.201086938381195,0.5776060223579407,0.0,0.0,0.0,22.41283798217773,25.0,256.42803955078125,-0.0,100.58827209472656,1.0,283.1443786621094,288.5085144042969,285.35308837890625,285.36309814453125,293.1499938964844,293.1499938964844,278.1499938964844,0.0,18000.0,313.1499938964844,0.0,18000.0,0.0,0.0,0.0,0.0,0.0,0.0,0.0,0.0,0.0,-0.0,-0.0,-0.0,-6.544322618950674e-21,-3.272161309475337e-21,-3.272161107526945e-21,0.0,0.0,-0.0,0.0,0.0,0.0,-0.0,0.0,0.0,0.0,0.0,0.0,4.0,0.0,0.0
12037680,297.5316772460937,297.1499938964844,293.1499938964844,0.0,-0.0,289.709228515625,0.9956862330436708,0.2389935404062271,0.2138294428586959,297.17938232421875,297.1499938964844,293.1499938964844,0.0,-0.0,289.6849060058594,0.5929043889045715,0.050000000745058,0.047981783747673,297.25665283203125,297.1499938964844,293.1499938964844,0.0,-0.0,289.7040100097656,0.8196707963943481,0.1329618394374847,0.0930756703019142,297.107177734375,297.1499938964844,293.1499938964844,0.0,-0.0,289.6849060058594,0.5929043889045715,0.050000000745058,0.047981783747673,297.2055358886719,297.1499938964844,293.1499938964844,0.0,-0.0,289.7001953125,0.7467485666275024,0.1002746447920799,0.4520524144172668,289.7055358886719,289.95001220703125,288.3025207519531,284.1010131835937,290.09014892578125,297.4707336425781,289.7283630371094,1.0,0.2029695063829422,1.0,1.0,0.3250091969966888,1.0,-1.0259766578674316,0.8248897194862366,0.201086938381195,0.5776060223579407,0.0,0.0,0.0,22.41283798217773,25.0,256.42803955078125,-0.0,100.58827209472656,1.0,283.1443786621094,288.5085144042969,285.35308837890625,285.36309814453125,293.1499938964844,293.1499938964844,278.1499938964844,0.0,18000.0,313.1499938964844,0.0,18000.0,0.0,0.0,0.0,0.0,0.0,0.0,0.0,0.0,0.0,-0.0,-0.0,-0.0,-6.544322618950674e-21,-3.272161309475337e-21,-3.272161107526945e-21,0.0,0.0,-0.0,0.0,0.0,0.0,-0.0,0.0,0.0,0.0,0.0,0.0,4.0,0.0,0.0
12037740,297.5494384765625,297.1499938964844,293.1499938964844,0.0,-0.0,289.90289306640625,0.9928043484687804,0.2456125319004058,0.2126560062170028,297.1867370605469,297.1499938964844,293.1499938964844,0.0,-0.0,289.8775939941406,0.591580867767334,0.050000000745058,0.0479884073138237,297.26287841796875,297.1499938964844,293.1499938964844,0.0,-0.0,289.8976745605469,0.8218637108802795,0.1349436491727829,0.0944363325834274,297.1138000488281,297.1499938964844,293.1499938964844,0.0,-0.0,289.8775939941406,0.591580867767334,0.050000000745058,0.0479884073138237,297.2100524902344,297.1499938964844,293.1499938964844,0.0,-0.0,289.8937072753906,0.7479833364486694,0.1014351695775985,0.4571311771869659,289.899169921875,290.04998779296875,288.3780517578125,284.1229858398437,290.2964172363281,297.5021667480469,289.9225769042969,1.0,0.2041385769844055,1.0,1.0,0.3377973735332489,1.0,-1.0323259830474854,0.8142603635787964,0.2180656343698501,0.5656508207321167,0.0,0.0,0.0,22.655561447143555,25.0,269.1317138671875,-0.0,102.39371490478516,1.0,283.1443786621094,288.5085144042969,285.35308837890625,285.36309814453125,293.1499938964844,293.1499938964844,278.1499938964844,0.0,18000.0,313.1499938964844,0.0,18000.0,0.0,0.0,0.0,0.0,0.0,0.0,0.0,0.0,0.0,-0.0,-0.0,-0.0,-6.544322618950674e-21,-3.272161309475337e-21,-3.272161107526945e-21,0.0,0.0,-0.0,0.0,0.0,0.0,-0.0,0.0,0.0,0.0,0.0,0.0,4.0,0.0,0.0
12037800,297.5494384765625,297.1499938964844,293.1499938964844,0.0,-0.0,289.90289306640625,0.9928043484687804,0.2456125319004058,0.2126560062170028,297.1867370605469,297.1499938964844,293.1499938964844,0.0,-0.0,289.8775939941406,0.591580867767334,0.050000000745058,0.0479884073138237,297.26287841796875,297.1499938964844,293.1499938964844,0.0,-0.0,289.8976745605469,0.8218637108802795,0.1349436491727829,0.0944363325834274,297.1138000488281,297.1499938964844,293.1499938964844,0.0,-0.0,289.8775939941406,0.591580867767334,0.050000000745058,0.0479884073138237,297.2100524902344,297.1499938964844,293.1499938964844,0.0,-0.0,289.8937072753906,0.7479833364486694,0.1014351695775985,0.4571311771869659,289.899169921875,290.04998779296875,288.3780517578125,284.1229858398437,290.2964172363281,297.5021667480469,289.9225769042969,1.0,0.2041385769844055,1.0,1.0,0.3377973735332489,1.0,-1.0323259830474854,0.8142603635787964,0.2180656343698501,0.5656508207321167,0.0,0.0,0.0,22.655561447143555,25.0,269.1317138671875,-0.0,102.39371490478516,1.0,283.1443786621094,288.5085144042969,285.35308837890625,285.36309814453125,293.1499938964844,293.1499938964844,278.1499938964844,0.0,18000.0,313.1499938964844,0.0,18000.0,0.0,0.0,0.0,0.0,0.0,0.0,0.0,0.0,0.0,-0.0,-0.0,-0.0,-6.544322618950674e-21,-3.272161309475337e-21,-3.272161107526945e-21,0.0,0.0,-0.0,0.0,0.0,0.0,-0.0,0.0,0.0,0.0,0.0,0.0,4.0,0.0,0.0
12037860,297.575927734375,297.1499938964844,293.1499938964844,0.0,-0.0,290.08709716796875,0.9917553663253784,0.2533575594425201,0.2118621617555618,297.1948547363281,297.1499938964844,293.1499938964844,0.0,-0.0,290.0648193359375,0.5915053486824036,0.050000000745058,0.0479887537658214,297.269775390625,297.1499938964844,293.1499938964844,0.0,-0.0,290.082763671875,0.8257172107696533,0.1370702534914016,0.0958984270691871,297.1212158203125,297.1499938964844,293.1499938964844,0.0,-0.0,290.0648193359375,0.5915053486824036,0.050000000745058,0.0479887537658214,297.2154541015625,297.1499938964844,293.1499938964844,0.0,-0.0,290.079345703125,0.7508730888366699,0.1027412116527557,0.4628340005874634,290.083984375,290.1499938964844,288.4532165527344,284.1463317871094,290.4340515136719,297.5470275878906,290.1039123535156,1.0,0.2052278220653534,1.0,1.0,0.3432322740554809,1.0,-1.0398582220077517,0.8128180503845215,0.2270401418209076,0.562319815158844,0.0,0.0,0.0,22.751338958740234,25.0,250.3190155029297,-0.0,104.24031066894533,1.0,283.1443786621094,288.5085144042969,285.35308837890625,285.36309814453125,293.1499938964844,293.1499938964844,278.1499938964844,0.0,18000.0,313.1499938964844,0.0,18000.0,0.0,0.0,0.0,0.0,0.0,0.0,0.0,0.0,0.0,-0.0,-0.0,-0.0,-6.544322618950674e-21,-3.272161309475337e-21,-3.272161107526945e-21,0.0,0.0,-0.0,0.0,0.0,0.0,-0.0,0.0,0.0,0.0,0.0,0.0,4.0,0.0,0.0
12037920,297.575927734375,297.1499938964844,293.1499938964844,0.0,-0.0,290.08709716796875,0.9917553663253784,0.2533575594425201,0.2118621617555618,297.1948547363281,297.1499938964844,293.1499938964844,0.0,-0.0,290.0648193359375,0.5915053486824036,0.050000000745058,0.0479887537658214,297.269775390625,297.1499938964844,293.1499938964844,0.0,-0.0,290.082763671875,0.8257172107696533,0.1370702534914016,0.0958984270691871,297.1212158203125,297.1499938964844,293.1499938964844,0.0,-0.0,290.0648193359375,0.5915053486824036,0.050000000745058,0.0479887537658214,297.2154541015625,297.1499938964844,293.1499938964844,0.0,-0.0,290.079345703125,0.7508730888366699,0.1027412116527557,0.4628340005874634,290.083984375,290.1499938964844,288.4532165527344,284.1463317871094,290.4340515136719,297.5470275878906,290.1039123535156,1.0,0.2052278220653534,1.0,1.0,0.3432322740554809,1.0,-1.0398582220077517,0.8128180503845215,0.2270401418209076,0.562319815158844,0.0,0.0,0.0,22.751338958740234,25.0,250.3190155029297,-0.0,104.24031066894533,1.0,283.1443786621094,288.5085144042969,285.35308837890625,285.36309814453125,293.1499938964844,293.1499938964844,278.1499938964844,0.0,18000.0,313.1499938964844,0.0,18000.0,0.0,0.0,0.0,0.0,0.0,0.0,0.0,0.0,0.0,-0.0,-0.0,-0.0,-6.544322618950674e-21,-3.272161309475337e-21,-3.272161107526945e-21,0.0,0.0,-0.0,0.0,0.0,0.0,-0.0,0.0,0.0,0.0,0.0,0.0,4.0,0.0,0.0
12037980,297.6023254394531,297.1499938964844,293.1499938964844,0.0,-0.0,290.2489013671875,0.991509199142456,0.2614289224147796,0.2111340910196304,297.2033386230469,297.1499938964844,293.1499938964844,0.0,-0.0,290.2284851074219,0.592057466506958,0.050000000745058,0.047985915094614,297.2765197753906,297.1499938964844,293.1499938964844,0.0,-0.0,290.2450561523437,0.8304158449172974,0.1392726451158523,0.0974231660366058,297.1290588378906,297.1499938964844,293.1499938964844,0.0,-0.0,290.2284851074219,0.592057466506958,0.050000000745058,0.047985915094614,297.2210693359375,297.1499938964844,293.1499938964844,0.0,-0.0,290.2419128417969,0.7546981573104858,0.1041402444243431,0.4690075516700744,290.24609375,290.25,288.52801513671875,284.1711730957031,290.5654602050781,297.5937194824219,290.2644958496094,1.0,0.206312745809555,1.0,1.0,0.3486671447753906,1.0,-1.0483301877975464,0.8121975660324097,0.2361325770616531,0.5594226717948914,0.0,0.0,0.0,22.776020050048828,28.0,228.2029571533203,-0.0,106.17234802246094,1.0,283.1443786621094,288.5085144042969,285.35308837890625,285.36309814453125,293.1499938964844,293.1499938964844,278.1499938964844,0.0,18000.0,313.1499938964844,0.0,18000.0,0.0,0.0,0.0,0.0,0.0,0.0,0.0,0.0,0.0,-0.0,-0.0,-0.0,-6.544322618950674e-21,-3.272161309475337e-21,-3.272161107526945e-21,0.0,0.0,-0.0,0.0,0.0,0.0,-0.0,0.0,0.0,0.0,0.0,0.0,4.0,0.0,0.0
12038040,297.6023254394531,297.1499938964844,293.1499938964844,0.0,-0.0,290.2489013671875,0.991509199142456,0.2614289224147796,0.2111340910196304,297.2033386230469,297.1499938964844,293.1499938964844,0.0,-0.0,290.2284851074219,0.592057466506958,0.050000000745058,0.047985915094614,297.2765197753906,297.1499938964844,293.1499938964844,0.0,-0.0,290.2450561523437,0.8304158449172974,0.1392726451158523,0.0974231660366058,297.1290588378906,297.1499938964844,293.1499938964844,0.0,-0.0,290.2284851074219,0.592057466506958,0.050000000745058,0.047985915094614,297.2210693359375,297.1499938964844,293.1499938964844,0.0,-0.0,290.2419128417969,0.7546981573104858,0.1041402444243431,0.4690075516700744,290.24609375,290.25,288.52801513671875,284.1711730957031,290.5654602050781,297.5937194824219,290.2644958496094,1.0,0.206312745809555,1.0,1.0,0.3486671447753906,1.0,-1.0483301877975464,0.8121975660324097,0.2361325770616531,0.5594226717948914,0.0,0.0,0.0,22.776020050048828,28.0,228.2029571533203,-0.0,106.17234802246094,1.0,283.1443786621094,288.5085144042969,285.35308837890625,285.36309814453125,293.1499938964844,293.1499938964844,278.1499938964844,0.0,18000.0,313.1499938964844,0.0,18000.0,0.0,0.0,0.0,0.0,0.0,0.0,0.0,0.0,0.0,-0.0,-0.0,-0.0,-6.544322618950674e-21,-3.272161309475337e-21,-3.272161107526945e-21,0.0,0.0,-0.0,0.0,0.0,0.0,-0.0,0.0,0.0,0.0,0.0,0.0,4.0,0.0,0.0
12038100,297.6148376464844,297.1499938964844,293.1499938964844,0.0,-0.0,290.3260803222656,0.991788923740387,0.2655225992202759,0.2119618356227874,297.2076721191406,297.1499938964844,293.1499938964844,0.0,-0.0,290.30621337890625,0.5914294123649597,0.050000000745058,0.0479890629649162,297.27978515625,297.1499938964844,293.1499938964844,0.0,-0.0,290.3223876953125,0.83174729347229,0.1403952986001968,0.0982042029500007,297.133056640625,297.1499938964844,293.1499938964844,0.0,-0.0,290.30621337890625,0.5914294123649597,0.050000000745058,0.0479890629649162,297.2239074707031,297.1499938964844,293.1499938964844,0.0,-0.0,290.3193359375,0.7556888461112976,0.1048676073551178,0.4722410440444946,290.3233642578125,290.25,288.5652770996094,284.1841735839844,290.630615234375,297.6133117675781,290.3411865234375,1.0,0.2073543816804886,1.0,1.0,0.3513845801353454,1.0,-1.0541479587554932,0.8129758238792419,0.2411721795797348,0.5585820078849792,0.0,0.0,0.0,22.92171859741211,28.0,219.9517364501953,-0.0,107.7538833618164,1.0,283.1443786621094,288.5085144042969,285.35308837890625,285.36309814453125,293.1499938964844,293.1499938964844,278.1499938964844,0.0,18000.0,313.1499938964844,0.0,18000.0,0.0,0.0,0.0,0.0,0.0,0.0,0.0,0.0,0.0,-0.0,-0.0,-0.0,-6.544322618950674e-21,-3.272161309475337e-21,-3.272161107526945e-21,0.0,0.0,-0.0,0.0,0.0,0.0,-0.0,0.0,0.0,0.0,0.0,0.0,4.0,0.0,0.0
12038160,297.62579345703125,297.1499938964844,293.1499938964844,0.0,-0.0,290.3985290527344,0.9923593401908876,0.2695425450801849,0.213699072599411,297.21197509765625,297.1499938964844,293.1499938964844,0.0,-0.0,290.38043212890625,0.590108335018158,0.050000000745058,0.0479957573115825,297.2829895019531,297.1499938964844,293.1499938964844,0.0,-0.0,290.3953552246094,0.83228999376297,0.1415304392576217,0.0989974960684776,297.1370849609375,297.1499938964844,293.1499938964844,0.0,-0.0,290.38043212890625,0.590108335018158,0.050000000745058,0.0479957573115825,297.2267761230469,297.1499938964844,293.1499938964844,0.0,-0.0,290.39263916015625,0.7559635043144226,0.1056187972426414,0.4755896925926208,290.39617919921875,290.3500061035156,288.6024475097656,284.1976013183594,290.6547546386719,297.6240234375,290.4110717773437,1.0,0.2086858302354812,1.0,1.0,0.3497658371925354,1.0,-1.061219573020935,0.8198319673538208,0.2413876205682754,0.5634571313858032,0.0,0.0,0.0,23.173110961914062,31.0,200.1101531982422,-0.0,109.8340835571289,1.0,283.1443786621094,288.5085144042969,285.35308837890625,285.36309814453125,293.1499938964844,293.1499938964844,278.1499938964844,0.0,18000.0,313.1499938964844,0.0,18000.0,0.0,0.0,0.0,0.0,0.0,0.0,0.0,0.0,0.0,-0.0,-0.0,-0.0,-6.544322618950674e-21,-3.272161309475337e-21,-3.272161107526945e-21,0.0,0.0,-0.0,0.0,0.0,0.0,-0.0,0.0,0.0,0.0,0.0,0.0,4.0,0.0,0.0
12038220,297.6416931152344,297.1499938964844,293.1499938964844,0.0,-0.0,290.5018920898437,0.99407559633255,0.2771883308887481,0.2193993926048278,297.2210693359375,297.1499938964844,293.1499938964844,0.0,-0.0,290.4899597167969,0.5857428312301636,0.050000000745058,0.0480183735489845,297.28857421875,297.1499938964844,293.1499938964844,0.0,-0.0,290.4997863769531,0.8313614726066589,0.1437812447547912,0.1005929037928581,297.1448974609375,297.1499938964844,293.1499938964844,0.0,-0.0,290.4899597167969,0.5857428312301636,0.050000000745058,0.0480183735489845,297.2321472167969,297.1499938964844,293.1499938964844,0.0,-0.0,290.4980163574219,0.754698634147644,0.1071354746818542,0.4824986159801483,290.5003356933594,290.45001220703125,288.67645263671875,284.2257385253906,290.6851501464844,297.6313781738281,290.51031494140625,1.0,0.2121427953243255,1.0,1.0,0.3465282917022705,1.0,-1.0783216953277588,0.83645099401474,0.2418706864118576,0.5753396153450012,0.0,0.0,0.0,23.94690704345703,34.0,146.7877655029297,-0.0,115.26925659179688,1.0,283.1443786621094,288.5085144042969,285.35308837890625,285.36309814453125,293.1499938964844,293.1499938964844,278.1499938964844,0.0,18000.0,313.1499938964844,0.0,18000.0,0.0,0.0,0.0,0.0,0.0,0.0,0.0,0.0,0.0,-0.0,-0.0,-0.0,-6.544322618950674e-21,-3.272161309475337e-21,-3.272161107526945e-21,0.0,0.0,-0.0,0.0,0.0,0.0,-0.0,0.0,0.0,0.0,0.0,0.0,4.0,0.0,0.0
12038280,297.6416931152344,297.1499938964844,293.1499938964844,0.0,-0.0,290.5018920898437,0.99407559633255,0.2771883308887481,0.2193993926048278,297.2210693359375,297.1499938964844,293.1499938964844,0.0,-0.0,290.4899597167969,0.5857428312301636,0.050000000745058,0.0480183735489845,297.28857421875,297.1499938964844,293.1499938964844,0.0,-0.0,290.4997863769531,0.8313614726066589,0.1437812447547912,0.1005929037928581,297.1448974609375,297.1499938964844,293.1499938964844,0.0,-0.0,290.4899597167969,0.5857428312301636,0.050000000745058,0.0480183735489845,297.2321472167969,297.1499938964844,293.1499938964844,0.0,-0.0,290.4980163574219,0.754698634147644,0.1071354746818542,0.4824986159801483,290.5003356933594,290.45001220703125,288.67645263671875,284.2257385253906,290.6851501464844,297.6313781738281,290.51031494140625,1.0,0.2121427953243255,1.0,1.0,0.3465282917022705,1.0,-1.0783216953277588,0.83645099401474,0.2418706864118576,0.5753396153450012,0.0,0.0,0.0,23.94690704345703,34.0,146.7877655029297,-0.0,115.26925659179688,1.0,283.1443786621094,288.5085144042969,285.35308837890625,285.36309814453125,293.1499938964844,293.1499938964844,278.1499938964844,0.0,18000.0,313.1499938964844,0.0,18000.0,0.0,0.0,0.0,0.0,0.0,0.0,0.0,0.0,0.0,-0.0,-0.0,-0.0,-6.544322618950674e-21,-3.272161309475337e-21,-3.272161107526945e-21,0.0,0.0,-0.0,0.0,0.0,0.0,-0.0,0.0,0.0,0.0,0.0,0.0,4.0,0.0,0.0
12038340,297.64947509765625,297.1499938964844,293.1499938964844,0.0,-0.0,290.5788269042969,0.9961637854576112,0.2842112779617309,0.2277149856090545,297.2305603027344,297.1499938964844,293.1499938964844,0.0,-0.0,290.5695495605469,0.5792791843414307,0.050000000745058,0.0480533204972744,297.2927551269531,297.1499938964844,293.1499938964844,0.0,-0.0,290.5771484375,0.8279100060462952,0.1459621042013168,0.102154403924942,297.1521301269531,297.1499938964844,293.1499938964844,0.0,-0.0,290.5695495605469,0.5792791843414307,0.050000000745058,0.0480533204972744,297.23638916015625,297.1499938964844,293.1499938964844,0.0,-0.0,290.5758056640625,0.7511186003684998,0.1086071729660034,0.4893334507942199,290.5775756835937,290.54998779296875,288.75,284.25567626953125,290.7152404785156,297.6293029785156,290.5852355957031,1.0,0.2165108770132064,1.0,1.0,0.343290776014328,1.0,-1.09846293926239,0.8553369045257568,0.2431260347366333,0.5888135433197021,0.0,0.0,0.0,25.074914932250977,37.0,109.81655883789062,-0.0,122.27094268798828,1.0,283.1443786621094,288.5085144042969,285.35308837890625,285.36309814453125,293.1499938964844,293.1499938964844,278.1499938964844,0.0,18000.0,313.1499938964844,0.0,18000.0,0.0,0.0,0.0,0.0,0.0,0.0,0.0,0.0,0.0,-0.0,-0.0,-0.0,-6.544322618950674e-21,-3.272161309475337e-21,-3.272161107526945e-21,0.0,0.0,-0.0,0.0,0.0,0.0,-0.0,0.0,0.0,0.0,0.0,0.0,4.0,0.0,0.0
12038400,297.64947509765625,297.1499938964844,293.1499938964844,0.0,-0.0,290.5788269042969,0.9961637854576112,0.2842112779617309,0.2277149856090545,297.2305603027344,297.1499938964844,293.1499938964844,0.0,-0.0,290.5695495605469,0.5792791843414307,0.050000000745058,0.0480533204972744,297.2927551269531,297.1499938964844,293.1499938964844,0.0,-0.0,290.5771484375,0.8279100060462952,0.1459621042013168,0.102154403924942,297.1521301269531,297.1499938964844,293.1499938964844,0.0,-0.0,290.5695495605469,0.5792791843414307,0.050000000745058,0.0480533204972744,297.23638916015625,297.1499938964844,293.1499938964844,0.0,-0.0,290.5758056640625,0.7511186003684998,0.1086071729660034,0.4893334507942199,290.5775756835937,290.54998779296875,288.75,284.25567626953125,290.7152404785156,297.6293029785156,290.5852355957031,1.0,0.2165108770132064,1.0,1.0,0.343290776014328,1.0,-1.09846293926239,0.8553369045257568,0.2431260347366333,0.5888135433197021,0.0,0.0,0.0,25.074914932250977,37.0,109.81655883789062,-0.0,122.27094268798828,1.0,283.1443786621094,288.5085144042969,285.35308837890625,285.36309814453125,293.1499938964844,293.1499938964844,278.1499938964844,0.0,18000.0,313.1499938964844,0.0,18000.0,0.0,0.0,0.0,0.0,0.0,0.0,0.0,0.0,0.0,-0.0,-0.0,-0.0,-6.544322618950674e-21,-3.272161309475337e-21,-3.272161107526945e-21,0.0,0.0,-0.0,0.0,0.0,0.0,-0.0,0.0,0.0,0.0,0.0,0.0,4.0,0.0,0.0
12038460,297.6541442871094,297.1499938964844,293.1499938964844,0.0,-0.0,290.6405334472656,0.9980189204216005,0.2910104095935821,0.2375604659318924,297.24383544921875,297.1499938964844,293.1499938964844,0.0,-0.0,290.6327819824219,0.5714588165283203,0.050000000745058,0.0480981655418872,297.2992248535156,297.1499938964844,293.1499938964844,0.0,-0.0,290.6391296386719,0.8231615424156189,0.1484205722808838,0.1038188859820365,297.1622314453125,297.1499938964844,293.1499938964844,0.0,-0.0,290.6327819824219,0.5714588165283203,0.050000000745058,0.0480981655418872,297.2430419921875,297.1499938964844,293.1499938964844,0.0,-0.0,290.63800048828125,0.7464935183525085,0.1103699877858161,0.4968856871128082,290.63946533203125,290.6499938964844,288.8233337402344,284.2872009277344,290.7504272460937,297.62353515625,290.6458435058594,1.0,0.2216443866491317,1.0,1.0,0.340451031923294,1.0,-1.1214491128921509,0.8758230209350586,0.245626151561737,0.6034703254699707,0.0,0.0,0.0,26.49845695495605,25.0,87.50344848632812,-0.0,130.80149841308594,1.0,283.1443786621094,288.5085144042969,285.35308837890625,285.36309814453125,293.1499938964844,293.1499938964844,278.1499938964844,0.0,18000.0,313.1499938964844,0.0,18000.0,0.0,0.0,0.0,0.0,0.0,0.0,0.0,0.0,0.0,-0.0,-0.0,-0.0,-6.544322618950674e-21,-3.272161309475337e-21,-3.272161107526945e-21,0.0,0.0,-0.0,0.0,0.0,0.0,-0.0,0.0,0.0,0.0,0.0,0.0,4.0,0.0,0.0
12038520,297.6541442871094,297.1499938964844,293.1499938964844,0.0,-0.0,290.6405334472656,0.9980189204216005,0.2910104095935821,0.2375604659318924,297.24383544921875,297.1499938964844,293.1499938964844,0.0,-0.0,290.6327819824219,0.5714588165283203,0.050000000745058,0.0480981655418872,297.2992248535156,297.1499938964844,293.1499938964844,0.0,-0.0,290.6391296386719,0.8231615424156189,0.1484205722808838,0.1038188859820365,297.1622314453125,297.1499938964844,293.1499938964844,0.0,-0.0,290.6327819824219,0.5714588165283203,0.050000000745058,0.0480981655418872,297.2430419921875,297.1499938964844,293.1499938964844,0.0,-0.0,290.63800048828125,0.7464935183525085,0.1103699877858161,0.4968856871128082,290.63946533203125,290.6499938964844,288.8233337402344,284.2872009277344,290.7504272460937,297.62353515625,290.6458435058594,1.0,0.2216443866491317,1.0,1.0,0.340451031923294,1.0,-1.1214491128921509,0.8758230209350586,0.245626151561737,0.6034703254699707,0.0,0.0,0.0,26.49845695495605,25.0,87.50344848632812,-0.0,130.80149841308594,1.0,283.1443786621094,288.5085144042969,285.35308837890625,285.36309814453125,293.1499938964844,293.1499938964844,278.1499938964844,0.0,18000.0,313.1499938964844,0.0,18000.0,0.0,0.0,0.0,0.0,0.0,0.0,0.0,0.0,0.0,-0.0,-0.0,-0.0,-6.544322618950674e-21,-3.272161309475337e-21,-3.272161107526945e-21,0.0,0.0,-0.0,0.0,0.0,0.0,-0.0,0.0,0.0,0.0,0.0,0.0,4.0,0.0,0.0
12038580,297.6708374023437,297.1499938964844,293.1499938964844,0.0,-0.0,290.6929626464844,0.9970367550849916,0.2990628480911255,0.2319190502166748,297.2628479003906,297.1499938964844,293.1499938964844,0.0,-0.0,290.6865234375,0.5759627819061279,0.050000000745058,0.0480718351900577,297.3094482421875,297.1499938964844,293.1499938964844,0.0,-0.0,290.6918640136719,0.8330865502357483,0.151344358921051,0.1057677268981933,297.1772766113281,297.1499938964844,293.1499938964844,0.0,-0.0,290.6865234375,0.5759627819061279,0.050000000745058,0.0480718351900577,297.2540283203125,297.1499938964844,293.1499938964844,0.0,-0.0,290.6909484863281,0.7559201717376709,0.1126594394445419,0.5064665675163269,290.692138671875,290.54998779296875,288.89666748046875,284.32000732421875,290.78271484375,297.6275939941406,290.697265625,1.0,0.2210903167724609,1.0,1.0,0.3376112878322601,1.0,-1.128462791442871,0.8847144842147827,0.2437483072280883,0.6105581521987915,0.0,0.0,0.0,25.921661376953125,28.0,72.28375244140625,-0.0,131.52601623535156,1.0,283.1443786621094,288.5085144042969,285.35308837890625,285.36309814453125,293.1499938964844,293.1499938964844,278.1499938964844,0.0,18000.0,313.1499938964844,0.0,18000.0,0.0,0.0,0.0,0.0,0.0,0.0,0.0,0.0,0.0,-0.0,-0.0,-0.0,-6.544322618950674e-21,-3.272161309475337e-21,-3.272161107526945e-21,0.0,0.0,-0.0,0.0,0.0,0.0,-0.0,0.0,0.0,0.0,0.0,0.0,4.0,0.0,0.0
12038640,297.6708374023437,297.1499938964844,293.1499938964844,0.0,-0.0,290.6929626464844,0.9970367550849916,0.2990628480911255,0.2319190502166748,297.2628479003906,297.1499938964844,293.1499938964844,0.0,-0.0,290.6865234375,0.5759627819061279,0.050000000745058,0.0480718351900577,297.3094482421875,297.1499938964844,293.1499938964844,0.0,-0.0,290.6918640136719,0.8330865502357483,0.151344358921051,0.1057677268981933,297.1772766113281,297.1499938964844,293.1499938964844,0.0,-0.0,290.6865234375,0.5759627819061279,0.050000000745058,0.0480718351900577,297.2540283203125,297.1499938964844,293.1499938964844,0.0,-0.0,290.6909484863281,0.7559201717376709,0.1126594394445419,0.5064665675163269,290.692138671875,290.54998779296875,288.89666748046875,284.32000732421875,290.78271484375,297.6275939941406,290.697265625,1.0,0.2210903167724609,1.0,1.0,0.3376112878322601,1.0,-1.128462791442871,0.8847144842147827,0.2437483072280883,0.6105581521987915,0.0,0.0,0.0,25.921661376953125,28.0,72.28375244140625,-0.0,131.52601623535156,1.0,283.1443786621094,288.5085144042969,285.35308837890625,285.36309814453125,293.1499938964844,293.1499938964844,278.1499938964844,0.0,18000.0,313.1499938964844,0.0,18000.0,0.0,0.0,0.0,0.0,0.0,0.0,0.0,0.0,0.0,-0.0,-0.0,-0.0,-6.544322618950674e-21,-3.272161309475337e-21,-3.272161107526945e-21,0.0,0.0,-0.0,0.0,0.0,0.0,-0.0,0.0,0.0,0.0,0.0,0.0,4.0,0.0,0.0
12038700,297.6872863769531,297.1499938964844,293.1499938964844,0.0,-0.0,290.7156066894531,0.9964705109596252,0.3039755821228027,0.2291262447834015,297.2740173339844,297.1499938964844,293.1499938964844,0.0,-0.0,290.7096862792969,0.5781691074371338,0.050000000745058,0.0480593107640743,297.3154296875,297.1499938964844,293.1499938964844,0.0,-0.0,290.7146301269531,0.8382841944694519,0.1529410481452942,0.1068419516086578,297.1863098144531,297.1499938964844,293.1499938964844,0.0,-0.0,290.7096862792969,0.5781691074371338,0.050000000745058,0.0480593107640743,297.2608642578125,297.1499938964844,293.1499938964844,0.0,-0.0,290.7137756347656,0.7610950469970703,0.1139890849590301,0.5120849013328552,290.71484375,290.54998779296875,288.9333190917969,284.3368835449219,290.8007202148437,297.6378173828125,290.7197570800781,1.0,0.2215180993080139,1.0,1.0,0.3361914157867431,1.0,-1.1331090927124023,0.8900060057640076,0.2431031018495559,0.6146178245544434,0.0,0.0,0.0,25.66300201416016,28.0,66.90645599365234,-0.0,132.24765014648438,1.0,283.1443786621094,288.5085144042969,285.35308837890625,285.36309814453125,293.1499938964844,293.1499938964844,278.1499938964844,0.0,18000.0,313.1499938964844,0.0,18000.0,0.0,0.0,0.0,0.0,0.0,0.0,0.0,0.0,0.0,-0.0,-0.0,-0.0,-6.544322618950674e-21,-3.272161309475337e-21,-3.272161107526945e-21,0.0,0.0,-0.0,0.0,0.0,0.0,-0.0,0.0,0.0,0.0,0.0,0.0,4.0,0.0,0.0
12038760,297.70440673828125,297.1499938964844,293.1499938964844,0.0,-0.0,290.73748779296875,0.9961344599723816,0.3090593516826629,0.2275819629430771,297.2860717773437,297.1499938964844,293.1499938964844,0.0,-0.0,290.7318115234375,0.579382598400116,0.050000000745058,0.0480524934828281,297.32177734375,297.1499938964844,293.1499938964844,0.0,-0.0,290.7366027832031,0.8425127863883972,0.1546123176813125,0.1079772487282753,297.1961669921875,297.1499938964844,293.1499938964844,0.0,-0.0,290.7318115234375,0.579382598400116,0.050000000745058,0.0480524934828281,297.2684020996094,297.1499938964844,293.1499938964844,0.0,-0.0,290.7358093261719,0.7654951214790344,0.1154311150312423,0.5182672142982483,290.73681640625,290.45001220703125,288.9700012207031,284.3540954589844,290.81463623046875,297.6492004394531,290.7413635253906,1.0,0.2223032563924789,1.0,1.0,0.3340959846973419,1.0,-1.1400212049484253,0.8977882266044617,0.2422329485416412,0.6207467317581177,0.0,0.0,0.0,25.58098793029785,31.0,62.1580696105957,-0.0,133.91571044921875,1.0,283.1443786621094,288.5085144042969,285.35308837890625,285.36309814453125,293.1499938964844,293.1499938964844,278.1499938964844,0.0,18000.0,313.1499938964844,0.0,18000.0,0.0,0.0,0.0,0.0,0.0,0.0,0.0,0.0,0.0,-0.0,-0.0,-0.0,-6.544322618950674e-21,-3.272161309475337e-21,-3.272161107526945e-21,0.0,0.0,-0.0,0.0,0.0,0.0,-0.0,0.0,0.0,0.0,0.0,0.0,4.0,0.0,0.0
12038820,297.73748779296875,297.1499938964844,293.1499938964844,0.0,-0.0,290.775634765625,0.995917558670044,0.3194363713264465,0.2266229689121246,297.3122863769531,297.1499938964844,293.1499938964844,0.0,-0.0,290.7708435058594,0.5801336169242859,0.050000000745058,0.0480482205748558,297.33514404296875,297.1499938964844,293.1499938964844,0.0,-0.0,290.7749328613281,0.8493906259536743,0.1581417024135589,0.1103944033384323,297.21795654296875,297.1499938964844,293.1499938964844,0.0,-0.0,290.7708435058594,0.5801336169242859,0.050000000745058,0.0480482205748558,297.2848815917969,297.1499938964844,293.1499938964844,0.0,-0.0,290.7742919921875,0.773125946521759,0.1185985133051872,0.5320358276367188,290.77508544921875,290.3500061035156,289.0433349609375,284.3893737792969,290.8428955078125,297.6717529296875,290.7790222167969,1.0,0.2248956561088562,1.0,1.0,0.3299051523208618,1.0,-1.1582854986190796,0.9167439341545104,0.241541638970375,0.6355805993080139,0.0,0.0,0.0,25.71895217895508,34.0,53.63880157470703,-0.0,139.1017608642578,1.0,283.1443786621094,288.5085144042969,285.35308837890625,285.36309814453125,293.1499938964844,293.1499938964844,278.1499938964844,0.0,18000.0,313.1499938964844,0.0,18000.0,0.0,0.0,0.0,0.0,0.0,0.0,0.0,0.0,0.0,-0.0,-0.0,-0.0,-6.544322618950674e-21,-3.272161309475337e-21,-3.272161107526945e-21,0.0,0.0,-0.0,0.0,0.0,0.0,-0.0,0.0,0.0,0.0,0.0,0.0,4.0,0.0,0.0
12038880,297.73748779296875,297.1499938964844,293.1499938964844,0.0,-0.0,290.775634765625,0.995917558670044,0.3194363713264465,0.2266229689121246,297.3122863769531,297.1499938964844,293.1499938964844,0.0,-0.0,290.7708435058594,0.5801336169242859,0.050000000745058,0.0480482205748558,297.33514404296875,297.1499938964844,293.1499938964844,0.0,-0.0,290.7749328613281,0.8493906259536743,0.1581417024135589,0.1103944033384323,297.21795654296875,297.1499938964844,293.1499938964844,0.0,-0.0,290.7708435058594,0.5801336169242859,0.050000000745058,0.0480482205748558,297.2848815917969,297.1499938964844,293.1499938964844,0.0,-0.0,290.7742919921875,0.773125946521759,0.1185985133051872,0.5320358276367188,290.77508544921875,290.3500061035156,289.0433349609375,284.3893737792969,290.8428955078125,297.6717529296875,290.7790222167969,1.0,0.2248956561088562,1.0,1.0,0.3299051523208618,1.0,-1.1582854986190796,0.9167439341545104,0.241541638970375,0.6355805993080139,0.0,0.0,0.0,25.71895217895508,34.0,53.63880157470703,-0.0,139.1017608642578,1.0,283.1443786621094,288.5085144042969,285.35308837890625,285.36309814453125,293.1499938964844,293.1499938964844,278.1499938964844,0.0,18000.0,313.1499938964844,0.0,18000.0,0.0,0.0,0.0,0.0,0.0,0.0,0.0,0.0,0.0,-0.0,-0.0,-0.0,-6.544322618950674e-21,-3.272161309475337e-21,-3.272161107526945e-21,0.0,0.0,-0.0,0.0,0.0,0.0,-0.0,0.0,0.0,0.0,0.0,0.0,4.0,0.0,0.0
12038940,297.76690673828125,297.1499938964844,293.1499938964844,0.0,-0.0,290.8113098144531,0.996291995048523,0.3298648595809936,0.2282952070236206,297.3406066894531,297.1499938964844,293.1499938964844,0.0,-0.0,290.806640625,0.5788216590881348,0.050000000745058,0.0480553619563579,297.3489074707031,297.1499938964844,293.1499938964844,0.0,-0.0,290.8106384277344,0.8541512489318848,0.1618834882974624,0.1129748150706291,297.24169921875,297.1499938964844,293.1499938964844,0.0,-0.0,290.806640625,0.5788216590881348,0.050000000745058,0.0480553619563579,297.3023376464844,297.1499938964844,293.1499938964844,0.0,-0.0,290.8100280761719,0.7790586352348328,0.1220777258276939,0.547340452671051,290.810791015625,290.25,289.1166687011719,284.4258728027344,290.87408447265625,297.6920471191406,290.8145446777344,1.0,0.2287031561136245,1.0,1.0,0.3257143199443817,1.0,-1.1817752122879028,0.9395974278450012,0.2421777844429016,0.6533721089363098,0.0,0.0,0.0,26.226037979125977,37.0,49.82231903076172,-0.0,146.6403350830078,1.0,283.1443786621094,288.5085144042969,285.35308837890625,285.36309814453125,293.1499938964844,293.1499938964844,278.1499938964844,0.0,18000.0,313.1499938964844,0.0,18000.0,0.0,0.0,0.0,0.0,0.0,0.0,0.0,0.0,0.0,-0.0,-0.0,-0.0,-6.544322618950674e-21,-3.272161309475337e-21,-3.272161107526945e-21,0.0,0.0,-0.0,0.0,0.0,0.0,-0.0,0.0,0.0,0.0,0.0,0.0,4.0,0.0,0.0
12039000,297.76690673828125,297.1499938964844,293.1499938964844,0.0,-0.0,290.8113098144531,0.996291995048523,0.3298648595809936,0.2282952070236206,297.3406066894531,297.1499938964844,293.1499938964844,0.0,-0.0,290.806640625,0.5788216590881348,0.050000000745058,0.0480553619563579,297.3489074707031,297.1499938964844,293.1499938964844,0.0,-0.0,290.8106384277344,0.8541512489318848,0.1618834882974624,0.1129748150706291,297.24169921875,297.1499938964844,293.1499938964844,0.0,-0.0,290.806640625,0.5788216590881348,0.050000000745058,0.0480553619563579,297.3023376464844,297.1499938964844,293.1499938964844,0.0,-0.0,290.8100280761719,0.7790586352348328,0.1220777258276939,0.547340452671051,290.810791015625,290.25,289.1166687011719,284.4258728027344,290.87408447265625,297.6920471191406,290.8145446777344,1.0,0.2287031561136245,1.0,1.0,0.3257143199443817,1.0,-1.1817752122879028,0.9395974278450012,0.2421777844429016,0.6533721089363098,0.0,0.0,0.0,26.226037979125977,37.0,49.82231903076172,-0.0,146.6403350830078,1.0,283.1443786621094,288.5085144042969,285.35308837890625,285.36309814453125,293.1499938964844,293.1499938964844,278.1499938964844,0.0,18000.0,313.1499938964844,0.0,18000.0,0.0,0.0,0.0,0.0,0.0,0.0,0.0,0.0,0.0,-0.0,-0.0,-0.0,-6.544322618950674e-21,-3.272161309475337e-21,-3.272161107526945e-21,0.0,0.0,-0.0,0.0,0.0,0.0,-0.0,0.0,0.0,0.0,0.0,0.0,4.0,0.0,0.0
12039060,297.7914123535156,297.1499938964844,293.1499938964844,0.0,-0.0,290.81280517578125,0.9970998167991638,0.3401699364185333,0.2322450131177902,297.3703308105469,297.1499938964844,293.1499938964844,0.0,-0.0,290.8163146972656,0.5757022500038147,0.050000000745058,0.0480728298425674,297.3624572753906,297.1499938964844,293.1499938964844,0.0,-0.0,290.8134155273437,0.8569104671478271,0.1657778769731521,0.1156866252422332,297.2666931152344,297.1499938964844,293.1499938964844,0.0,-0.0,290.8163146972656,0.5757022500038147,0.050000000745058,0.0480728298425674,297.3199462890625,297.1499938964844,293.1499938964844,0.0,-0.0,290.8139343261719,0.7832956314086914,0.1257909387350082,0.5638574957847595,290.81329345703125,290.1083984375,289.19000244140625,284.4635009765625,290.77880859375,297.7093200683594,290.80975341796875,1.0,0.2335617691278457,1.0,1.0,0.3068975806236267,1.0,-1.209636926651001,0.9849095940589904,0.2247272878885269,0.6927242279052734,0.0,0.0,0.0,27.070207595825195,40.0,-7.107774257659912,-0.0,156.4384765625,1.0,283.1443786621094,288.5085144042969,285.35308837890625,285.36309814453125,293.1499938964844,293.1499938964844,278.1499938964844,0.0,18000.0,313.1499938964844,0.0,18000.0,0.0,0.0,0.0,0.0,0.0,0.0,0.0,0.0,0.0,-0.0,-0.0,-0.0,-6.544322618950674e-21,-3.272161309475337e-21,-3.272161107526945e-21,0.0,0.0,-0.0,0.0,0.0,0.0,-0.0,0.0,0.0,0.0,0.0,0.0,4.0,0.0,0.0
12039120,297.7914123535156,297.1499938964844,293.1499938964844,0.0,-0.0,290.81280517578125,0.9970998167991638,0.3401699364185333,0.2322450131177902,297.3703308105469,297.1499938964844,293.1499938964844,0.0,-0.0,290.8163146972656,0.5757022500038147,0.050000000745058,0.0480728298425674,297.3624572753906,297.1499938964844,293.1499938964844,0.0,-0.0,290.8134155273437,0.8569104671478271,0.1657778769731521,0.1156866252422332,297.2666931152344,297.1499938964844,293.1499938964844,0.0,-0.0,290.8163146972656,0.5757022500038147,0.050000000745058,0.0480728298425674,297.3199462890625,297.1499938964844,293.1499938964844,0.0,-0.0,290.8139343261719,0.7832956314086914,0.1257909387350082,0.5638574957847595,290.81329345703125,290.1083984375,289.19000244140625,284.4635009765625,290.77880859375,297.7093200683594,290.80975341796875,1.0,0.2335617691278457,1.0,1.0,0.3068975806236267,1.0,-1.209636926651001,0.9849095940589904,0.2247272878885269,0.6927242279052734,0.0,0.0,0.0,27.070207595825195,40.0,-7.107774257659912,-0.0,156.4384765625,1.0,283.1443786621094,288.5085144042969,285.35308837890625,285.36309814453125,293.1499938964844,293.1499938964844,278.1499938964844,0.0,18000.0,313.1499938964844,0.0,18000.0,0.0,0.0,0.0,0.0,0.0,0.0,0.0,0.0,0.0,-0.0,-0.0,-0.0,-6.544322618950674e-21,-3.272161309475337e-21,-3.272161107526945e-21,0.0,0.0,-0.0,0.0,0.0,0.0,-0.0,0.0,0.0,0.0,0.0,0.0,4.0,0.0,0.0
12039180,297.80865478515625,297.1499938964844,293.1499938964844,0.0,-0.0,290.7649841308594,0.9981406331062316,0.3500472605228424,0.2383551895618438,297.4005126953125,297.1499938964844,293.1499938964844,0.0,-0.0,290.7722473144531,0.5708159804344177,0.050000000745058,0.0481012240052223,297.3741455078125,297.1499938964844,293.1499938964844,0.0,-0.0,290.7659912109375,0.8573950529098511,0.1696558147668838,0.1184216439723968,297.2919006347656,297.1499938964844,293.1499938964844,0.0,-0.0,290.7722473144531,0.5708159804344177,0.050000000745058,0.0481012240052223,297.3361511230469,297.1499938964844,293.1499938964844,0.0,-0.0,290.766845703125,0.7855075597763062,0.1295876055955886,0.5809609889984131,290.7657775878906,289.93438720703125,289.2633361816406,284.5023193359375,290.6837158203125,297.72149658203125,290.7601623535156,1.0,0.2393062114715576,1.0,1.0,0.2880808115005493,1.0,-1.240850806236267,1.0332446098327637,0.2076061517000198,0.7344668507575989,0.0,0.0,0.0,28.25225830078125,43.0,-56.51206207275391,-0.0,168.39134216308594,1.0,283.1443786621094,288.5085144042969,285.35308837890625,285.36309814453125,293.1499938964844,293.1499938964844,278.1499938964844,0.0,18000.0,313.1499938964844,0.0,18000.0,0.0,0.0,0.0,0.0,0.0,0.0,0.0,0.0,0.0,-0.0,-0.0,-0.0,-6.544322618950674e-21,-3.272161309475337e-21,-3.272161107526945e-21,0.0,0.0,-0.0,0.0,0.0,0.0,-0.0,0.0,0.0,0.0,0.0,0.0,4.0,0.0,0.0
12039240,297.80865478515625,297.1499938964844,293.1499938964844,0.0,-0.0,290.7649841308594,0.9981406331062316,0.3500472605228424,0.2383551895618438,297.4005126953125,297.1499938964844,293.1499938964844,0.0,-0.0,290.7722473144531,0.5708159804344177,0.050000000745058,0.0481012240052223,297.3741455078125,297.1499938964844,293.1499938964844,0.0,-0.0,290.7659912109375,0.8573950529098511,0.1696558147668838,0.1184216439723968,297.2919006347656,297.1499938964844,293.1499938964844,0.0,-0.0,290.7722473144531,0.5708159804344177,0.050000000745058,0.0481012240052223,297.3361511230469,297.1499938964844,293.1499938964844,0.0,-0.0,290.766845703125,0.7855075597763062,0.1295876055955886,0.5809609889984131,290.7657775878906,289.93438720703125,289.2633361816406,284.5023193359375,290.6837158203125,297.72149658203125,290.7601623535156,1.0,0.2393062114715576,1.0,1.0,0.2880808115005493,1.0,-1.240850806236267,1.0332446098327637,0.2076061517000198,0.7344668507575989,0.0,0.0,0.0,28.25225830078125,43.0,-56.51206207275391,-0.0,168.39134216308594,1.0,283.1443786621094,288.5085144042969,285.35308837890625,285.36309814453125,293.1499938964844,293.1499938964844,278.1499938964844,0.0,18000.0,313.1499938964844,0.0,18000.0,0.0,0.0,0.0,0.0,0.0,0.0,0.0,0.0,0.0,-0.0,-0.0,-0.0,-6.544322618950674e-21,-3.272161309475337e-21,-3.272161107526945e-21,0.0,0.0,-0.0,0.0,0.0,0.0,-0.0,0.0,0.0,0.0,0.0,0.0,4.0,0.0,0.0
12039300,297.81463623046875,297.1499938964844,293.1499938964844,0.0,-0.0,290.7347106933594,0.9986578226089478,0.3548087179660797,0.2421204149723053,297.4156188964844,297.1499938964844,293.1499938964844,0.0,-0.0,290.7428894042969,0.5677675008773804,0.050000000745058,0.048119593411684,297.3792419433594,297.1499938964844,293.1499938964844,0.0,-0.0,290.7358093261719,0.8568056225776672,0.1715755313634872,0.1197792142629623,297.304443359375,297.1499938964844,293.1499938964844,0.0,-0.0,290.7428894042969,0.5677675008773804,0.050000000745058,0.048119593411684,297.34356689453125,297.1499938964844,293.1499938964844,0.0,-0.0,290.7367553710937,0.7858456969261169,0.1314965188503265,0.589597225189209,290.73553466796875,289.8970031738281,289.29998779296875,284.5221252441406,290.6405944824219,297.72540283203125,290.7294616699219,1.0,0.242460086941719,1.0,1.0,0.278672456741333,1.0,-1.257409930229187,1.0580589771270752,0.1993509978055954,0.7558085918426514,0.0,0.0,0.0,28.968441009521484,43.0,-71.73145294189453,-0.0,175.14137268066406,1.0,283.1443786621094,288.5085144042969,285.35308837890625,285.36309814453125,293.1499938964844,293.1499938964844,278.1499938964844,0.0,18000.0,313.1499938964844,0.0,18000.0,0.0,0.0,0.0,0.0,0.0,0.0,0.0,0.0,0.0,-0.0,-0.0,-0.0,-6.544322618950674e-21,-3.272161309475337e-21,-3.272161107526945e-21,0.0,0.0,-0.0,0.0,0.0,0.0,-0.0,0.0,0.0,0.0,0.0,0.0,4.0,0.0,0.0
12039360,297.819091796875,297.1499938964844,293.1499938964844,0.0,-0.0,290.69775390625,0.9990000128746032,0.3594543933868408,0.2462600022554397,297.4306945800781,297.1499938964844,293.1499938964844,0.0,-0.0,290.70849609375,0.5643839836120605,0.050000000745058,0.0481405965983867,297.3838806152344,297.1499938964844,293.1499938964844,0.0,-0.0,290.6993408203125,0.8557466864585876,0.1734819263219833,0.1211299374699592,297.31719970703125,297.1499938964844,293.1499938964844,0.0,-0.0,290.70849609375,0.5643839836120605,0.050000000745058,0.0481405965983867,297.3505249023437,297.1499938964844,293.1499938964844,0.0,-0.0,290.7005920410156,0.7857354283332825,0.1334059983491897,0.5982615351676941,290.698974609375,289.7633361816406,289.336669921875,284.542236328125,290.5595703125,297.724609375,290.68994140625,1.0,0.2457761466503143,1.0,1.0,0.2633969187736511,1.0,-1.274450421333313,1.0899217128753662,0.1845288127660751,0.7840868830680847,0.0,0.0,0.0,29.764448165893555,46.0,-97.3549575805664,-0.0,182.3876800537109,1.0,283.1443786621094,288.5085144042969,285.35308837890625,285.36309814453125,293.1499938964844,293.1499938964844,278.1499938964844,0.0,18000.0,313.1499938964844,0.0,18000.0,0.0,0.0,0.0,0.0,0.0,0.0,0.0,0.0,0.0,-0.0,-0.0,-0.0,-6.544322618950674e-21,-3.272161309475337e-21,-3.272161107526945e-21,0.0,0.0,-0.0,0.0,0.0,0.0,-0.0,0.0,0.0,0.0,0.0,0.0,4.0,0.0,0.0
12039420,297.8225402832031,297.1499938964844,293.1499938964844,0.0,-0.0,290.5836181640625,0.9990000128746032,0.3682859241962433,0.255547285079956,297.4603271484375,297.1499938964844,293.1499938964844,0.0,-0.0,290.5997619628906,0.5566937923431396,0.050000000745058,0.0481910072267055,297.3911437988281,297.1499938964844,293.1499938964844,0.0,-0.0,290.5857849121094,0.8522488474845886,0.1771848201751709,0.123779296875,297.3435363769531,297.1499938964844,293.1499938964844,0.0,-0.0,290.5997619628906,0.5566937923431396,0.050000000745058,0.0481910072267055,297.3625793457031,297.1499938964844,293.1499938964844,0.0,-0.0,290.5874328613281,0.7841576933860779,0.1371683478355407,0.6154723167419434,290.5852355957031,289.59521484375,289.4100036621094,284.5832214355469,290.40582275390625,297.7178039550781,290.5739440917969,1.0,0.2528157830238342,1.0,1.0,0.2328458428382873,1.0,-1.309558629989624,1.1536298990249634,0.1559287905693054,0.8404467105865479,0.0,0.0,0.0,31.597946166992188,49.0,-146.92835998535156,-0.0,198.29656982421875,1.0,283.1443786621094,288.5085144042969,285.35308837890625,285.36309814453125,293.1499938964844,293.1499938964844,278.1499938964844,0.0,18000.0,313.1499938964844,0.0,18000.0,0.0,0.0,0.0,0.0,0.0,0.0,0.0,0.0,0.0,-0.0,-0.0,-0.0,-6.544322618950674e-21,-3.272161309475337e-21,-3.272161107526945e-21,0.0,0.0,-0.0,0.0,0.0,0.0,-0.0,0.0,0.0,0.0,0.0,0.0,4.0,0.0,0.0
12039480,297.8225402832031,297.1499938964844,293.1499938964844,0.0,-0.0,290.5836181640625,0.9990000128746032,0.3682859241962433,0.255547285079956,297.4603271484375,297.1499938964844,293.1499938964844,0.0,-0.0,290.5997619628906,0.5566937923431396,0.050000000745058,0.0481910072267055,297.3911437988281,297.1499938964844,293.1499938964844,0.0,-0.0,290.5857849121094,0.8522488474845886,0.1771848201751709,0.123779296875,297.3435363769531,297.1499938964844,293.1499938964844,0.0,-0.0,290.5997619628906,0.5566937923431396,0.050000000745058,0.0481910072267055,297.3625793457031,297.1499938964844,293.1499938964844,0.0,-0.0,290.5874328613281,0.7841576933860779,0.1371683478355407,0.6154723167419434,290.5852355957031,289.59521484375,289.4100036621094,284.5832214355469,290.40582275390625,297.7178039550781,290.5739440917969,1.0,0.2528157830238342,1.0,1.0,0.2328458428382873,1.0,-1.309558629989624,1.1536298990249634,0.1559287905693054,0.8404467105865479,0.0,0.0,0.0,31.597946166992188,49.0,-146.92835998535156,-0.0,198.29656982421875,1.0,283.1443786621094,288.5085144042969,285.35308837890625,285.36309814453125,293.1499938964844,293.1499938964844,278.1499938964844,0.0,18000.0,313.1499938964844,0.0,18000.0,0.0,0.0,0.0,0.0,0.0,0.0,0.0,0.0,0.0,-0.0,-0.0,-0.0,-6.544322618950674e-21,-3.272161309475337e-21,-3.272161107526945e-21,0.0,0.0,-0.0,0.0,0.0,0.0,-0.0,0.0,0.0,0.0,0.0,0.0,4.0,0.0,0.0
12039540,297.8196716308594,297.1499938964844,293.1499938964844,0.0,-0.0,290.46246337890625,0.9990000128746032,0.3765211105346679,0.2659065723419189,297.48907470703125,297.1499938964844,293.1499938964844,0.0,-0.0,290.4786682128906,0.5480842590332031,0.050000000745058,0.0482524931430816,297.3959045410156,297.1499938964844,293.1499938964844,0.0,-0.0,290.464599609375,0.8471944332122803,0.1807222217321396,0.1263188123703003,297.3712463378906,297.1499938964844,293.1499938964844,0.0,-0.0,290.4786682128906,0.5480842590332031,0.050000000745058,0.0482524931430816,297.3721008300781,297.1499938964844,293.1499938964844,0.0,-0.0,290.4661560058594,0.7809953689575195,0.1408295929431915,0.6322910189628601,290.46405029296875,289.42999267578125,289.4833374023437,284.6252746582031,290.2840270996094,297.7048645019531,290.4533996582031,1.0,0.2602725028991699,1.0,1.0,0.2022947669029235,1.0,-1.3453783988952637,1.2151713371276855,0.1302070617675781,0.8945262432098389,0.0,0.0,0.0,33.740753173828125,52.0,-161.381103515625,-0.0,215.94744873046875,1.0,283.1443786621094,288.5085144042969,285.35308837890625,285.36309814453125,293.1499938964844,293.1499938964844,278.1499938964844,0.0,18000.0,313.1499938964844,0.0,18000.0,0.0,0.0,0.0,0.0,0.0,0.0,0.0,0.0,0.0,-0.0,-0.0,-0.0,-6.544322618950674e-21,-3.272161309475337e-21,-3.272161107526945e-21,0.0,0.0,-0.0,0.0,0.0,0.0,-0.0,0.0,0.0,0.0,0.0,0.0,4.0,0.0,0.0
12039600,297.8196716308594,297.1499938964844,293.1499938964844,0.0,-0.0,290.46246337890625,0.9990000128746032,0.3765211105346679,0.2659065723419189,297.48907470703125,297.1499938964844,293.1499938964844,0.0,-0.0,290.4786682128906,0.5480842590332031,0.050000000745058,0.0482524931430816,297.3959045410156,297.1499938964844,293.1499938964844,0.0,-0.0,290.464599609375,0.8471944332122803,0.1807222217321396,0.1263188123703003,297.3712463378906,297.1499938964844,293.1499938964844,0.0,-0.0,290.4786682128906,0.5480842590332031,0.050000000745058,0.0482524931430816,297.3721008300781,297.1499938964844,293.1499938964844,0.0,-0.0,290.4661560058594,0.7809953689575195,0.1408295929431915,0.6322910189628601,290.46405029296875,289.42999267578125,289.4833374023437,284.6252746582031,290.2840270996094,297.7048645019531,290.4533996582031,1.0,0.2602725028991699,1.0,1.0,0.2022947669029235,1.0,-1.3453783988952637,1.2151713371276855,0.1302070617675781,0.8945262432098389,0.0,0.0,0.0,33.740753173828125,52.0,-161.381103515625,-0.0,215.94744873046875,1.0,283.1443786621094,288.5085144042969,285.35308837890625,285.36309814453125,293.1499938964844,293.1499938964844,278.1499938964844,0.0,18000.0,313.1499938964844,0.0,18000.0,0.0,0.0,0.0,0.0,0.0,0.0,0.0,0.0,0.0,-0.0,-0.0,-0.0,-6.544322618950674e-21,-3.272161309475337e-21,-3.272161107526945e-21,0.0,0.0,-0.0,0.0,0.0,0.0,-0.0,0.0,0.0,0.0,0.0,0.0,4.0,0.0,0.0
12039660,297.81231689453125,297.1499938964844,293.1499938964844,0.0,-0.0,290.338623046875,0.9990000128746032,0.3842633664608001,0.2770305573940277,297.5169372558594,297.1499938964844,293.1499938964844,0.0,-0.0,290.3559265136719,0.5391845107078552,0.050000000745058,0.0483228340744972,297.3990478515625,297.1499938964844,293.1499938964844,0.0,-0.0,290.3409118652344,0.8413881063461304,0.1841580271720886,0.1287836730480194,297.39996337890625,297.1499938964844,293.1499938964844,0.0,-0.0,290.3559265136719,0.5391845107078552,0.050000000745058,0.0483228340744972,297.3797302246094,297.1499938964844,293.1499938964844,0.0,-0.0,290.3424987792969,0.7769646644592285,0.1444169729948043,0.64878910779953,290.34033203125,289.2677307128906,289.5566711425781,284.6683654785156,290.1546325683594,297.6925354003906,290.32928466796875,1.0,0.2680202424526214,1.0,1.0,0.1633015573024749,1.0,-1.381664156913757,1.2809367179870603,0.1007274910807609,0.9527288675308228,0.0,0.0,0.0,36.1356315612793,55.0,-170.87109375,-0.0,235.2333831787109,1.0,283.1443786621094,288.5085144042969,285.35308837890625,285.36309814453125,293.1499938964844,293.1499938964844,278.1499938964844,0.0,18000.0,313.1499938964844,0.0,18000.0,0.0,0.0,0.0,0.0,0.0,0.0,0.0,0.0,0.0,-0.0,-0.0,-0.0,-6.544322618950674e-21,-3.272161309475337e-21,-3.272161107526945e-21,0.0,0.0,-0.0,0.0,0.0,0.0,-0.0,0.0,0.0,0.0,0.0,0.0,4.0,0.0,0.0
12039720,297.81231689453125,297.1499938964844,293.1499938964844,0.0,-0.0,290.338623046875,0.9990000128746032,0.3842633664608001,0.2770305573940277,297.5169372558594,297.1499938964844,293.1499938964844,0.0,-0.0,290.3559265136719,0.5391845107078552,0.050000000745058,0.0483228340744972,297.3990478515625,297.1499938964844,293.1499938964844,0.0,-0.0,290.3409118652344,0.8413881063461304,0.1841580271720886,0.1287836730480194,297.39996337890625,297.1499938964844,293.1499938964844,0.0,-0.0,290.3559265136719,0.5391845107078552,0.050000000745058,0.0483228340744972,297.3797302246094,297.1499938964844,293.1499938964844,0.0,-0.0,290.3424987792969,0.7769646644592285,0.1444169729948043,0.64878910779953,290.34033203125,289.2677307128906,289.5566711425781,284.6683654785156,290.1546325683594,297.6925354003906,290.32928466796875,1.0,0.2680202424526214,1.0,1.0,0.1633015573024749,1.0,-1.381664156913757,1.2809367179870603,0.1007274910807609,0.9527288675308228,0.0,0.0,0.0,36.1356315612793,55.0,-170.87109375,-0.0,235.2333831787109,1.0,283.1443786621094,288.5085144042969,285.35308837890625,285.36309814453125,293.1499938964844,293.1499938964844,278.1499938964844,0.0,18000.0,313.1499938964844,0.0,18000.0,0.0,0.0,0.0,0.0,0.0,0.0,0.0,0.0,0.0,-0.0,-0.0,-0.0,-6.544322618950674e-21,-3.272161309475337e-21,-3.272161107526945e-21,0.0,0.0,-0.0,0.0,0.0,0.0,-0.0,0.0,0.0,0.0,0.0,0.0,4.0,0.0,0.0
12039780,297.8004150390625,297.1499938964844,293.1499938964844,0.0,-0.0,290.1775817871094,0.9990000128746032,0.391453355550766,0.2887095510959625,297.5438232421875,297.1499938964844,293.1499938964844,0.0,-0.0,290.20513916015625,0.5304878354072571,0.050000000745058,0.0483998470008373,297.4006652832031,297.1499938964844,293.1499938964844,0.0,-0.0,290.1815490722656,0.8353794813156128,0.1874802708625793,0.1311850994825363,297.4287109375,297.1499938964844,293.1499938964844,0.0,-0.0,290.20513916015625,0.5304878354072571,0.050000000745058,0.0483998470008373,297.385498046875,297.1499938964844,293.1499938964844,0.0,-0.0,290.18408203125,0.7725959420204163,0.1479152292013168,0.6649749875068665,290.18048095703125,289.1083984375,289.6300048828125,284.7124328613281,289.8972473144531,297.6822814941406,290.16168212890625,1.0,0.2759638726711273,1.0,1.0,0.1243083328008651,1.0,-1.4181814193725586,1.3731242418289185,0.0450572073459625,1.0371992588043213,0.0,0.0,0.0,38.73180770874024,58.0,-236.55715942382807,-0.0,256.0618896484375,1.0,283.1443786621094,288.5085144042969,285.35308837890625,285.36309814453125,293.1499938964844,293.1499938964844,278.1499938964844,0.0,18000.0,313.1499938964844,0.0,18000.0,0.0,0.0,0.0,0.0,0.0,0.0,0.0,0.0,0.0,-0.0,-0.0,-0.0,-6.544322618950674e-21,-3.272161309475337e-21,-3.272161107526945e-21,0.0,0.0,-0.0,0.0,0.0,0.0,-0.0,0.0,0.0,0.0,0.0,0.0,4.0,0.0,0.0
12039840,297.8004150390625,297.1499938964844,293.1499938964844,0.0,-0.0,290.1775817871094,0.9990000128746032,0.391453355550766,0.2887095510959625,297.5438232421875,297.1499938964844,293.1499938964844,0.0,-0.0,290.20513916015625,0.5304878354072571,0.050000000745058,0.0483998470008373,297.4006652832031,297.1499938964844,293.1499938964844,0.0,-0.0,290.1815490722656,0.8353794813156128,0.1874802708625793,0.1311850994825363,297.4287109375,297.1499938964844,293.1499938964844,0.0,-0.0,290.20513916015625,0.5304878354072571,0.050000000745058,0.0483998470008373,297.385498046875,297.1499938964844,293.1499938964844,0.0,-0.0,290.18408203125,0.7725959420204163,0.1479152292013168,0.6649749875068665,290.18048095703125,289.1083984375,289.6300048828125,284.7124328613281,289.8972473144531,297.6822814941406,290.16168212890625,1.0,0.2759638726711273,1.0,1.0,0.1243083328008651,1.0,-1.4181814193725586,1.3731242418289185,0.0450572073459625,1.0371992588043213,0.0,0.0,0.0,38.73180770874024,58.0,-236.55715942382807,-0.0,256.0618896484375,1.0,283.1443786621094,288.5085144042969,285.35308837890625,285.36309814453125,293.1499938964844,293.1499938964844,278.1499938964844,0.0,18000.0,313.1499938964844,0.0,18000.0,0.0,0.0,0.0,0.0,0.0,0.0,0.0,0.0,0.0,-0.0,-0.0,-0.0,-6.544322618950674e-21,-3.272161309475337e-21,-3.272161107526945e-21,0.0,0.0,-0.0,0.0,0.0,0.0,-0.0,0.0,0.0,0.0,0.0,0.0,4.0,0.0,0.0
12039900,297.7914733886719,297.1499938964844,293.1499938964844,0.0,-0.0,290.0663146972656,0.9990000128746032,0.3946956694126129,0.2948050498962402,297.5566711425781,297.1499938964844,293.1499938964844,0.0,-0.0,290.0965881347656,0.5262160897254944,0.050000000745058,0.0484413094818592,297.4002685546875,297.1499938964844,293.1499938964844,0.0,-0.0,290.07037353515625,0.8321995735168457,0.189026802778244,0.1323264390230178,297.4426574707031,297.1499938964844,293.1499938964844,0.0,-0.0,290.0965881347656,0.5262160897254944,0.050000000745058,0.0484413094818592,297.38720703125,297.1499938964844,293.1499938964844,0.0,-0.0,290.07293701171875,0.7701981067657471,0.1495758146047592,0.6727778315544128,290.0692443847656,289.0746765136719,289.6666564941406,284.7348327636719,289.7846984863281,297.67706298828125,290.051025390625,1.0,0.2799775898456573,1.0,1.0,0.1048117280006408,1.0,-1.436335563659668,1.416278600692749,0.0200570169836282,1.0765281915664673,0.0,0.0,0.0,40.110130310058594,58.0,-266.128173828125,-0.0,266.9919738769531,1.0,283.1443786621094,288.5085144042969,285.35308837890625,285.36309814453125,293.1499938964844,293.1499938964844,278.1499938964844,0.0,18000.0,313.1499938964844,0.0,18000.0,0.0,0.0,0.0,0.0,0.0,0.0,0.0,0.0,0.0,-0.0,-0.0,-0.0,-6.544322618950674e-21,-3.272161309475337e-21,-3.272161107526945e-21,0.0,0.0,-0.0,0.0,0.0,0.0,-0.0,0.0,0.0,0.0,0.0,0.0,4.0,0.0,0.0
12039960,297.7911071777344,297.1499938964844,293.1499938964844,0.0,-0.0,289.9686889648437,0.9990000128746032,0.3987028896808624,0.2767159938812256,297.554443359375,297.1499938964844,293.1499938964844,0.0,-0.0,289.9795837402344,0.7191151976585388,0.1337246149778366,0.1073060184717178,297.3997802734375,297.1499938964844,293.1499938964844,0.0,-0.0,289.9716186523437,0.8510153889656067,0.1905634701251983,0.1333036720752716,297.4568176269531,297.1499938964844,293.1499938964844,0.0,-0.0,289.9942321777344,0.5394238829612732,0.050000000745058,0.0483200214803218,297.3887939453125,297.1499938964844,293.1499938964844,0.0,-0.0,289.9736633300781,0.7896832227706909,0.1512314081192016,0.6795926690101624,289.97052001953125,288.9519958496094,289.7033386230469,284.7574462890625,289.74041748046875,297.669677734375,289.9573059082031,1.0,0.2851434051990509,1.0,1.0,0.0846394374966621,1.0,-1.4944506883621216,1.4876868724822998,0.0067637870088219,1.1353901624679563,0.0,0.0,0.0,38.082763671875,78.0,-253.45399475097656,-0.0,287.1918029785156,1.0,283.1443786621094,288.5085144042969,285.35308837890625,285.36309814453125,293.1499938964844,293.1499938964844,278.1499938964844,0.0,18000.0,313.1499938964844,0.0,18000.0,0.0,0.0,0.0,0.0,0.0,0.0,0.0,0.0,0.0,-0.0,-0.0,-0.0,-6.544322618950674e-21,-3.272161309475337e-21,-3.272161107526945e-21,0.0,0.0,-0.0,0.0,0.0,0.0,-0.0,0.0,0.0,0.0,0.0,0.0,4.0,0.0,0.0
12040020,297.79547119140625,297.1499938964844,293.1499938964844,0.0,-0.0,289.8710327148437,0.9990000128746032,0.4073393642902374,0.3024086356163025,297.4906616210937,297.1499938964844,293.1499938964844,0.0,-0.0,289.87286376953125,0.7363134026527405,0.1323578357696533,0.1265551447868347,297.3988037109375,297.1499938964844,293.1499938964844,0.0,-0.0,289.87188720703125,0.8318606019020081,0.193627193570137,0.1355618089437484,297.4837646484375,297.1499938964844,293.1499938964844,0.0,-0.0,289.8791198730469,0.521136999130249,0.050000000745058,0.0484933629631996,297.3901672363281,297.1499938964844,293.1499938964844,0.0,-0.0,289.8724365234375,0.771958589553833,0.1543982923030853,0.6948259472846985,289.8715515136719,288.79852294921875,289.77667236328125,284.8034362792969,289.7757873535156,297.6652526855469,289.8684387207031,1.0,0.3021255731582641,1.0,1.0,0.0442948564887046,1.0,-1.569635033607483,1.5693354606628418,0.0002995213144458,1.2017316818237305,0.0,0.0,0.0,43.92052459716797,81.0,-140.8731689453125,-0.0,337.8818054199219,1.0,283.1443786621094,288.5085144042969,285.35308837890625,285.36309814453125,293.1499938964844,293.1499938964844,278.1499938964844,0.0,18000.0,313.1499938964844,0.0,18000.0,0.0,0.0,0.0,0.0,0.0,0.0,0.0,0.0,0.0,-0.0,-0.0,-0.0,-6.544322618950674e-21,-3.272161309475337e-21,-3.272161107526945e-21,0.0,0.0,-0.0,0.0,0.0,0.0,-0.0,0.0,0.0,0.0,0.0,0.0,4.0,0.0,0.0
12040080,297.79547119140625,297.1499938964844,293.1499938964844,0.0,-0.0,289.8710327148437,0.9990000128746032,0.4073393642902374,0.3024086356163025,297.4906616210937,297.1499938964844,293.1499938964844,0.0,-0.0,289.87286376953125,0.7363134026527405,0.1323578357696533,0.1265551447868347,297.3988037109375,297.1499938964844,293.1499938964844,0.0,-0.0,289.87188720703125,0.8318606019020081,0.193627193570137,0.1355618089437484,297.4837646484375,297.1499938964844,293.1499938964844,0.0,-0.0,289.8791198730469,0.521136999130249,0.050000000745058,0.0484933629631996,297.3901672363281,297.1499938964844,293.1499938964844,0.0,-0.0,289.8724365234375,0.771958589553833,0.1543982923030853,0.6948259472846985,289.8715515136719,288.79852294921875,289.77667236328125,284.8034362792969,289.7757873535156,297.6652526855469,289.8684387207031,1.0,0.3021255731582641,1.0,1.0,0.0442948564887046,1.0,-1.569635033607483,1.5693354606628418,0.0002995213144458,1.2017316818237305,0.0,0.0,0.0,43.92052459716797,81.0,-140.8731689453125,-0.0,337.8818054199219,1.0,283.1443786621094,288.5085144042969,285.35308837890625,285.36309814453125,293.1499938964844,293.1499938964844,278.1499938964844,0.0,18000.0,313.1499938964844,0.0,18000.0,0.0,0.0,0.0,0.0,0.0,0.0,0.0,0.0,0.0,-0.0,-0.0,-0.0,-6.544322618950674e-21,-3.272161309475337e-21,-3.272161107526945e-21,0.0,0.0,-0.0,0.0,0.0,0.0,-0.0,0.0,0.0,0.0,0.0,0.0,4.0,0.0,0.0
12040140,297.75653076171875,297.1499938964844,293.1499938964844,0.0,-0.0,289.8587951660156,0.9990000128746032,0.4115798771381378,0.3325839936733246,297.4592590332031,297.1499938964844,293.1499938964844,0.0,-0.0,289.8584289550781,0.7160145044326782,0.133462905883789,0.1272423416376114,297.4009094238281,297.1499938964844,293.1499938964844,0.0,-0.0,289.85858154296875,0.8119217157363892,0.196988508105278,0.1380069702863693,297.5098876953125,297.1499938964844,293.1499938964844,0.0,-0.0,289.8581237792969,0.50356125831604,0.050000000745058,0.0487170033156871,297.3912658691406,297.1499938964844,293.1499938964844,0.0,-0.0,289.8584899902344,0.7534025311470032,0.1575489193201065,0.7099546790122986,289.8586730957031,288.64801025390625,289.8500061035156,284.85028076171875,289.8475036621094,297.64532470703125,289.8597717285156,1.0,0.3168273866176605,1.0,1.0,0.0039502764120697,1.0,-1.628063082695007,1.6280590295791626,4.128949512960389e-06,1.2483733892440796,0.0,0.0,0.0,50.76057434082031,84.0,-39.80998611450195,-0.0,386.7792053222656,1.0,283.1443786621094,288.5085144042969,285.35308837890625,285.36309814453125,293.1499938964844,293.1499938964844,278.1499938964844,0.0,18000.0,313.1499938964844,0.0,18000.0,0.0,0.0,0.0,0.0,0.0,0.0,0.0,0.0,0.0,-0.0,-0.0,-0.0,-6.544322618950674e-21,-3.272161309475337e-21,-3.272161107526945e-21,0.0,0.0,-0.0,0.0,0.0,0.0,-0.0,0.0,0.0,0.0,0.0,0.0,4.0,0.0,0.0
12040200,297.75653076171875,297.1499938964844,293.1499938964844,0.0,-0.0,289.8587951660156,0.9990000128746032,0.4115798771381378,0.3325839936733246,297.4592590332031,297.1499938964844,293.1499938964844,0.0,-0.0,289.8584289550781,0.7160145044326782,0.133462905883789,0.1272423416376114,297.4009094238281,297.1499938964844,293.1499938964844,0.0,-0.0,289.85858154296875,0.8119217157363892,0.196988508105278,0.1380069702863693,297.5098876953125,297.1499938964844,293.1499938964844,0.0,-0.0,289.8581237792969,0.50356125831604,0.050000000745058,0.0487170033156871,297.3912658691406,297.1499938964844,293.1499938964844,0.0,-0.0,289.8584899902344,0.7534025311470032,0.1575489193201065,0.7099546790122986,289.8586730957031,288.64801025390625,289.8500061035156,284.85028076171875,289.8475036621094,297.64532470703125,289.8597717285156,1.0,0.3168273866176605,1.0,1.0,0.0039502764120697,1.0,-1.628063082695007,1.6280590295791626,4.128949512960389e-06,1.2483733892440796,0.0,0.0,0.0,50.76057434082031,84.0,-39.80998611450195,-0.0,386.7792053222656,1.0,283.1443786621094,288.5085144042969,285.35308837890625,285.36309814453125,293.1499938964844,293.1499938964844,278.1499938964844,0.0,18000.0,313.1499938964844,0.0,18000.0,0.0,0.0,0.0,0.0,0.0,0.0,0.0,0.0,0.0,-0.0,-0.0,-0.0,-6.544322618950674e-21,-3.272161309475337e-21,-3.272161107526945e-21,0.0,0.0,-0.0,0.0,0.0,0.0,-0.0,0.0,0.0,0.0,0.0,0.0,4.0,0.0,0.0
12040260,297.71795654296875,297.1499938964844,293.1499938964844,0.0,-0.0,289.8858337402344,0.9990000128746032,0.415347695350647,0.3568536937236786,297.4489440917969,297.1499938964844,293.1499938964844,0.0,-0.0,289.88427734375,0.7037188410758972,0.1363197416067123,0.1297774761915207,297.40643310546875,297.1499938964844,293.1499938964844,0.0,-0.0,289.8850402832031,0.7979981899261475,0.2007237672805786,0.1406891644001007,297.5360412597656,297.1499938964844,293.1499938964844,0.0,-0.0,289.8807373046875,0.4917410910129547,0.050000000745058,0.048912264406681,297.3939514160156,297.1499938964844,293.1499938964844,0.0,-0.0,289.8846435546875,0.7418119311332703,0.1608755737543106,0.7255327701568604,289.8853454589844,288.5003967285156,289.92333984375,284.89801025390625,289.9208984375,297.6270446777344,289.8884582519531,1.0,0.3300488591194153,1.0,1.0,0.002370165893808,1.0,-1.6824045181274414,1.682401418685913,3.1063018468557857e-06,1.2913509607315063,0.0,0.0,0.0,56.84332656860352,72.0,22.69780158996582,-0.0,434.3921508789063,1.0,283.1443786621094,288.5085144042969,285.35308837890625,285.36309814453125,293.1499938964844,293.1499938964844,278.1499938964844,0.0,18000.0,313.1499938964844,0.0,18000.0,0.0,0.0,0.0,0.0,0.0,0.0,0.0,0.0,0.0,-0.0,-0.0,-0.0,-6.544322618950674e-21,-3.272161309475337e-21,-3.272161107526945e-21,0.0,0.0,-0.0,0.0,0.0,0.0,-0.0,0.0,0.0,0.0,0.0,0.0,4.0,0.0,0.0
12040320,297.71795654296875,297.1499938964844,293.1499938964844,0.0,-0.0,289.8858337402344,0.9990000128746032,0.415347695350647,0.3568536937236786,297.4489440917969,297.1499938964844,293.1499938964844,0.0,-0.0,289.88427734375,0.7037188410758972,0.1363197416067123,0.1297774761915207,297.40643310546875,297.1499938964844,293.1499938964844,0.0,-0.0,289.8850402832031,0.7979981899261475,0.2007237672805786,0.1406891644001007,297.5360412597656,297.1499938964844,293.1499938964844,0.0,-0.0,289.8807373046875,0.4917410910129547,0.050000000745058,0.048912264406681,297.3939514160156,297.1499938964844,293.1499938964844,0.0,-0.0,289.8846435546875,0.7418119311332703,0.1608755737543106,0.7255327701568604,289.8853454589844,288.5003967285156,289.92333984375,284.89801025390625,289.9208984375,297.6270446777344,289.8884582519531,1.0,0.3300488591194153,1.0,1.0,0.002370165893808,1.0,-1.6824045181274414,1.682401418685913,3.1063018468557857e-06,1.2913509607315063,0.0,0.0,0.0,56.84332656860352,72.0,22.69780158996582,-0.0,434.3921508789063,1.0,283.1443786621094,288.5085144042969,285.35308837890625,285.36309814453125,293.1499938964844,293.1499938964844,278.1499938964844,0.0,18000.0,313.1499938964844,0.0,18000.0,0.0,0.0,0.0,0.0,0.0,0.0,0.0,0.0,0.0,-0.0,-0.0,-0.0,-6.544322618950674e-21,-3.272161309475337e-21,-3.272161107526945e-21,0.0,0.0,-0.0,0.0,0.0,0.0,-0.0,0.0,0.0,0.0,0.0,0.0,4.0,0.0,0.0
12040380,297.6990966796875,297.1499938964844,293.1499938964844,0.0,-0.0,289.934814453125,0.9990000128746032,0.4205932915210724,0.3637317419052124,297.45037841796875,297.1499938964844,293.1499938964844,0.0,-0.0,289.93267822265625,0.7056601643562317,0.1402404159307479,0.1333168298006057,297.4145812988281,297.1499938964844,293.1499938964844,0.0,-0.0,289.9337158203125,0.7982068061828613,0.2047954648733139,0.1435101330280304,297.5626220703125,297.1499938964844,293.1499938964844,0.0,-0.0,289.92724609375,0.4886078834533691,0.050000000745058,0.0489698722958564,297.3990173339844,297.1499938964844,293.1499938964844,0.0,-0.0,289.93316650390625,0.742464005947113,0.1644764393568039,0.7415918707847595,289.9341735839844,288.3557434082031,289.9966735839844,284.9465637207031,289.9942932128906,297.62017822265625,289.9382629394531,1.0,0.3361802399158478,1.0,1.0,0.0007900552591308,1.0,-1.717665433883667,1.7176628112792969,2.655816160768154e-06,1.3194007873535156,0.0,0.0,0.0,59.07087326049805,60.0,59.05106735229492,-0.0,461.7673034667969,1.0,283.1443786621094,288.5085144042969,285.35308837890625,285.36309814453125,293.1499938964844,293.1499938964844,278.1499938964844,0.0,18000.0,313.1499938964844,0.0,18000.0,0.0,0.0,0.0,0.0,0.0,0.0,0.0,0.0,0.0,-0.0,-0.0,-0.0,-6.544322618950674e-21,-3.272161309475337e-21,-3.272161107526945e-21,0.0,0.0,-0.0,0.0,0.0,0.0,-0.0,0.0,0.0,0.0,0.0,0.0,4.0,0.0,0.0
12040440,297.6990966796875,297.1499938964844,293.1499938964844,0.0,-0.0,289.934814453125,0.9990000128746032,0.4205932915210724,0.3637317419052124,297.45037841796875,297.1499938964844,293.1499938964844,0.0,-0.0,289.93267822265625,0.7056601643562317,0.1402404159307479,0.1333168298006057,297.4145812988281,297.1499938964844,293.1499938964844,0.0,-0.0,289.9337158203125,0.7982068061828613,0.2047954648733139,0.1435101330280304,297.5626220703125,297.1499938964844,293.1499938964844,0.0,-0.0,289.92724609375,0.4886078834533691,0.050000000745058,0.0489698722958564,297.3990173339844,297.1499938964844,293.1499938964844,0.0,-0.0,289.93316650390625,0.742464005947113,0.1644764393568039,0.7415918707847595,289.9341735839844,288.3557434082031,289.9966735839844,284.9465637207031,289.9942932128906,297.62017822265625,289.9382629394531,1.0,0.3361802399158478,1.0,1.0,0.0007900552591308,1.0,-1.717665433883667,1.7176628112792969,2.655816160768154e-06,1.3194007873535156,0.0,0.0,0.0,59.07087326049805,60.0,59.05106735229492,-0.0,461.7673034667969,1.0,283.1443786621094,288.5085144042969,285.35308837890625,285.36309814453125,293.1499938964844,293.1499938964844,278.1499938964844,0.0,18000.0,313.1499938964844,0.0,18000.0,0.0,0.0,0.0,0.0,0.0,0.0,0.0,0.0,0.0,-0.0,-0.0,-0.0,-6.544322618950674e-21,-3.272161309475337e-21,-3.272161107526945e-21,0.0,0.0,-0.0,0.0,0.0,0.0,-0.0,0.0,0.0,0.0,0.0,0.0,4.0,0.0,0.0
12040500,297.70587158203125,297.1499938964844,293.1499938964844,0.0,-0.0,289.9625244140625,0.9990000128746032,0.4247239232063293,0.3471909463405609,297.4543151855469,297.1499938964844,293.1499938964844,0.0,-0.0,289.9606018066406,0.7201071381568909,0.1425281763076782,0.1352231055498123,297.41998291015625,297.1499938964844,293.1499938964844,0.0,-0.0,289.9615478515625,0.8134175539016724,0.2069984227418899,0.1448905318975448,297.57232666015625,297.1499938964844,293.1499938964844,0.0,-0.0,289.9570007324219,0.6124160885810852,0.1338153034448623,0.0835899859666824,297.40313720703125,297.1499938964844,293.1499938964844,0.0,-0.0,289.9610290527344,0.7561297416687012,0.1664580106735229,0.7494342923164368,289.96197509765625,288.3256530761719,290.0333251953125,284.9711303710937,290.031005859375,297.62432861328125,289.96636962890625,1.0,0.337920606136322,1.0,1.0,0.0,1.0,-1.7526510953903198,1.7526485919952393,2.500048140063882e-06,1.3459714651107788,0.0,0.0,0.0,56.32389450073242,60.0,69.70085906982422,-0.0,475.1531677246094,1.0,283.1443786621094,288.5085144042969,285.35308837890625,285.36309814453125,293.1499938964844,293.1499938964844,278.1499938964844,0.0,18000.0,313.1499938964844,0.0,18000.0,0.0,0.0,0.0,0.0,0.0,0.0,0.0,0.0,0.0,-0.0,-0.0,-0.0,-6.544322618950674e-21,-3.272161309475337e-21,-3.272161107526945e-21,0.0,0.0,-0.0,0.0,0.0,0.0,-0.0,0.0,0.0,0.0,0.0,0.0,4.0,0.0,0.0
12040560,297.7425231933594,297.1499938964844,293.1499938964844,0.0,-0.0,289.9952087402344,0.9990000128746032,0.4318370223045349,0.3260993063449859,297.45977783203125,297.1499938964844,293.1499938964844,0.0,-0.0,289.9927978515625,0.7377356886863708,0.1449929773807525,0.1373213082551956,297.4259948730469,297.1499938964844,293.1499938964844,0.0,-0.0,289.9940490722656,0.8321607112884521,0.2093004882335662,0.1463512331247329,297.5416564941406,297.1499938964844,293.1499938964844,0.0,-0.0,289.9924011230469,0.7175870537757874,0.1334907710552215,0.1256144195795059,297.4082336425781,297.1499938964844,293.1499938964844,0.0,-0.0,289.9933776855469,0.7749511003494263,0.1685601323843002,0.7578850388526917,289.99462890625,288.2139892578125,290.07000732421875,284.99591064453125,290.0677185058594,297.6360778808594,289.9994812011719,1.0,0.3394163846969604,1.0,1.0,0.0,1.0,-1.7922877073287964,1.7922850847244265,2.59560692938976e-06,1.378190279006958,0.0,0.0,0.0,53.033958435058594,63.0,80.18013763427734,-0.0,490.2239685058594,1.0,283.1443786621094,288.5085144042969,285.35308837890625,285.36309814453125,293.1499938964844,293.1499938964844,278.1499938964844,0.0,18000.0,313.1499938964844,0.0,18000.0,0.0,0.0,0.0,0.0,0.0,0.0,0.0,0.0,0.0,-0.0,-0.0,-0.0,-6.544322618950674e-21,-3.272161309475337e-21,-3.272161107526945e-21,0.0,0.0,-0.0,0.0,0.0,0.0,-0.0,0.0,0.0,0.0,0.0,0.0,4.0,0.0,0.0
12040620,297.8024597167969,297.1499938964844,293.1499938964844,0.0,-0.0,290.0632629394531,0.9990000128746032,0.4454526901245117,0.324026882648468,297.4727478027344,297.1499938964844,293.1499938964844,0.0,-0.0,290.0610046386719,0.7472667694091797,0.1502282917499542,0.142143428325653,297.43829345703125,297.1499938964844,293.1499938964844,0.0,-0.0,290.0621643066406,0.8395702838897705,0.2140415012836456,0.1496012806892395,297.4892883300781,297.1499938964844,293.1499938964844,0.0,-0.0,290.0605773925781,0.7217768430709839,0.1331054121255874,0.1271347403526306,297.41912841796875,297.1499938964844,293.1499938964844,0.0,-0.0,290.0615234375,0.7832788825035095,0.1729347556829452,0.7770885825157166,290.062744140625,288.0751953125,290.1433410644531,285.0460205078125,290.1410827636719,297.6727905273437,290.06756591796875,1.0,0.3441760838031769,1.0,1.0,0.0,1.0,-1.8243728876113887,1.824370265007019,2.687063215489616e-06,1.4034454822540283,0.0,0.0,0.0,53.37233352661133,66.0,91.26846313476562,-0.0,512.1461181640625,1.0,283.1443786621094,288.5085144042969,285.35308837890625,285.36309814453125,293.1499938964844,293.1499938964844,278.1499938964844,0.0,18000.0,313.1499938964844,0.0,18000.0,0.0,0.0,0.0,0.0,0.0,0.0,0.0,0.0,0.0,-0.0,-0.0,-0.0,-6.544322618950674e-21,-3.272161309475337e-21,-3.272161107526945e-21,0.0,0.0,-0.0,0.0,0.0,0.0,-0.0,0.0,0.0,0.0,0.0,0.0,4.0,0.0,0.0
12040680,297.8024597167969,297.1499938964844,293.1499938964844,0.0,-0.0,290.0632629394531,0.9990000128746032,0.4454526901245117,0.324026882648468,297.4727478027344,297.1499938964844,293.1499938964844,0.0,-0.0,290.0610046386719,0.7472667694091797,0.1502282917499542,0.142143428325653,297.43829345703125,297.1499938964844,293.1499938964844,0.0,-0.0,290.0621643066406,0.8395702838897705,0.2140415012836456,0.1496012806892395,297.4892883300781,297.1499938964844,293.1499938964844,0.0,-0.0,290.0605773925781,0.7217768430709839,0.1331054121255874,0.1271347403526306,297.41912841796875,297.1499938964844,293.1499938964844,0.0,-0.0,290.0615234375,0.7832788825035095,0.1729347556829452,0.7770885825157166,290.062744140625,288.0751953125,290.1433410644531,285.0460205078125,290.1410827636719,297.6727905273437,290.06756591796875,1.0,0.3441760838031769,1.0,1.0,0.0,1.0,-1.8243728876113887,1.824370265007019,2.687063215489616e-06,1.4034454822540283,0.0,0.0,0.0,53.37233352661133,66.0,91.26846313476562,-0.0,512.1461181640625,1.0,283.1443786621094,288.5085144042969,285.35308837890625,285.36309814453125,293.1499938964844,293.1499938964844,278.1499938964844,0.0,18000.0,313.1499938964844,0.0,18000.0,0.0,0.0,0.0,0.0,0.0,0.0,0.0,0.0,0.0,-0.0,-0.0,-0.0,-6.544322618950674e-21,-3.272161309475337e-21,-3.272161107526945e-21,0.0,0.0,-0.0,0.0,0.0,0.0,-0.0,0.0,0.0,0.0,0.0,0.0,4.0,0.0,0.0
12040740,297.8411865234375,297.1499938964844,293.1499938964844,0.0,-0.0,290.1341552734375,0.9990000128746032,0.4576541185379028,0.3240825235843658,297.48828125,297.1499938964844,293.1499938964844,0.0,-0.0,290.1319580078125,0.7559987902641296,0.1558874249458313,0.1473954617977142,297.4515991210937,297.1499938964844,293.1499938964844,0.0,-0.0,290.133056640625,0.8455916047096252,0.2190414071083068,0.1530413031578064,297.4669189453125,297.1499938964844,293.1499938964844,0.0,-0.0,290.1313781738281,0.724227786064148,0.135113850235939,0.1285470873117447,297.4315185546875,297.1499938964844,293.1499938964844,0.0,-0.0,290.1324462890625,0.7902763485908508,0.1775983422994613,0.79766446352005,290.1336669921875,287.9393310546875,290.2166748046875,285.09686279296875,290.2144775390625,297.7093200683594,290.1385498046875,1.0,0.3499245643615722,1.0,1.0,0.0,1.0,-1.861276149749756,1.8612732887268064,2.794522515614517e-06,1.43244731426239,0.0,0.0,0.0,54.25001525878906,69.0,97.1548843383789,-0.0,539.7522583007812,1.0,283.1443786621094,288.5085144042969,285.35308837890625,285.36309814453125,293.1499938964844,293.1499938964844,278.1499938964844,0.0,18000.0,313.1499938964844,0.0,18000.0,0.0,0.0,0.0,0.0,0.0,0.0,0.0,0.0,0.0,-0.0,-0.0,-0.0,-6.544322618950674e-21,-3.272161309475337e-21,-3.272161107526945e-21,0.0,0.0,-0.0,0.0,0.0,0.0,-0.0,0.0,0.0,0.0,0.0,0.0,4.0,0.0,0.0
12040800,297.8411865234375,297.1499938964844,293.1499938964844,0.0,-0.0,290.1341552734375,0.9990000128746032,0.4576541185379028,0.3240825235843658,297.48828125,297.1499938964844,293.1499938964844,0.0,-0.0,290.1319580078125,0.7559987902641296,0.1558874249458313,0.1473954617977142,297.4515991210937,297.1499938964844,293.1499938964844,0.0,-0.0,290.133056640625,0.8455916047096252,0.2190414071083068,0.1530413031578064,297.4669189453125,297.1499938964844,293.1499938964844,0.0,-0.0,290.1313781738281,0.724227786064148,0.135113850235939,0.1285470873117447,297.4315185546875,297.1499938964844,293.1499938964844,0.0,-0.0,290.1324462890625,0.7902763485908508,0.1775983422994613,0.79766446352005,290.1336669921875,287.9393310546875,290.2166748046875,285.09686279296875,290.2144775390625,297.7093200683594,290.1385498046875,1.0,0.3499245643615722,1.0,1.0,0.0,1.0,-1.861276149749756,1.8612732887268064,2.794522515614517e-06,1.43244731426239,0.0,0.0,0.0,54.25001525878906,69.0,97.1548843383789,-0.0,539.7522583007812,1.0,283.1443786621094,288.5085144042969,285.35308837890625,285.36309814453125,293.1499938964844,293.1499938964844,278.1499938964844,0.0,18000.0,313.1499938964844,0.0,18000.0,0.0,0.0,0.0,0.0,0.0,0.0,0.0,0.0,0.0,-0.0,-0.0,-0.0,-6.544322618950674e-21,-3.272161309475337e-21,-3.272161107526945e-21,0.0,0.0,-0.0,0.0,0.0,0.0,-0.0,0.0,0.0,0.0,0.0,0.0,4.0,0.0,0.0
12040860,297.8725280761719,297.1499938964844,293.1499938964844,0.0,-0.0,290.20703125,0.9990000128746032,0.4695923626422882,0.324889212846756,297.5052185058594,297.1499938964844,293.1499938964844,0.0,-0.0,290.2049255371094,0.7647033929824829,0.1618884801864624,0.1529919803142547,297.4654541015625,297.1499938964844,293.1499938964844,0.0,-0.0,290.2059936523437,0.8512558341026306,0.2242670804262161,0.1566472947597503,297.4610595703125,297.1499938964844,293.1499938964844,0.0,-0.0,290.20428466796875,0.7287402153015137,0.1385220140218734,0.1314827352762222,297.44488525390625,297.1499938964844,293.1499938964844,0.0,-0.0,290.2053527832031,0.7969363927841187,0.1825190931558609,0.8194428086280823,290.20654296875,287.806396484375,290.2900085449219,285.1483764648437,290.287841796875,297.7419128417969,290.21148681640625,1.0,0.356568306684494,1.0,1.0,0.0,1.0,-1.9029690027236936,1.9029661417007449,2.9188586267991923e-06,1.4651812314987185,0.0,0.0,0.0,55.40953826904297,72.0,100.4374008178711,-0.0,572.6666259765625,1.0,283.1443786621094,288.5085144042969,285.35308837890625,285.36309814453125,293.1499938964844,293.1499938964844,278.1499938964844,0.0,18000.0,313.1499938964844,0.0,18000.0,0.0,0.0,0.0,0.0,0.0,0.0,0.0,0.0,0.0,-0.0,-0.0,-0.0,-6.544322618950674e-21,-3.272161309475337e-21,-3.272161107526945e-21,0.0,0.0,-0.0,0.0,0.0,0.0,-0.0,0.0,0.0,0.0,0.0,0.0,4.0,0.0,0.0
12040920,297.8725280761719,297.1499938964844,293.1499938964844,0.0,-0.0,290.20703125,0.9990000128746032,0.4695923626422882,0.324889212846756,297.5052185058594,297.1499938964844,293.1499938964844,0.0,-0.0,290.2049255371094,0.7647033929824829,0.1618884801864624,0.1529919803142547,297.4654541015625,297.1499938964844,293.1499938964844,0.0,-0.0,290.2059936523437,0.8512558341026306,0.2242670804262161,0.1566472947597503,297.4610595703125,297.1499938964844,293.1499938964844,0.0,-0.0,290.20428466796875,0.7287402153015137,0.1385220140218734,0.1314827352762222,297.44488525390625,297.1499938964844,293.1499938964844,0.0,-0.0,290.2053527832031,0.7969363927841187,0.1825190931558609,0.8194428086280823,290.20654296875,287.806396484375,290.2900085449219,285.1483764648437,290.287841796875,297.7419128417969,290.21148681640625,1.0,0.356568306684494,1.0,1.0,0.0,1.0,-1.9029690027236936,1.9029661417007449,2.9188586267991923e-06,1.4651812314987185,0.0,0.0,0.0,55.40953826904297,72.0,100.4374008178711,-0.0,572.6666259765625,1.0,283.1443786621094,288.5085144042969,285.35308837890625,285.36309814453125,293.1499938964844,293.1499938964844,278.1499938964844,0.0,18000.0,313.1499938964844,0.0,18000.0,0.0,0.0,0.0,0.0,0.0,0.0,0.0,0.0,0.0,-0.0,-0.0,-0.0,-6.544322618950674e-21,-3.272161309475337e-21,-3.272161107526945e-21,0.0,0.0,-0.0,0.0,0.0,0.0,-0.0,0.0,0.0,0.0,0.0,0.0,4.0,0.0,0.0
12040980,297.9007263183594,297.1499938964844,293.1499938964844,0.0,-0.0,290.281005859375,0.9990000128746032,0.4816060960292816,0.3264553248882293,297.5229187011719,297.1499938964844,293.1499938964844,0.0,-0.0,290.2790222167969,0.7732035517692566,0.1681841909885406,0.158881664276123,297.4796142578125,297.1499938964844,293.1499938964844,0.0,-0.0,290.2799987792969,0.8564967513084412,0.2296981215476989,0.160403236746788,297.4646301269531,297.1499938964844,293.1499938964844,0.0,-0.0,290.27838134765625,0.7342159152030945,0.1428170502185821,0.1353639811277389,297.4589538574219,297.1499938964844,293.1499938964844,0.0,-0.0,290.2794189453125,0.803176760673523,0.1876806616783142,0.8423416614532471,290.28057861328125,287.6763916015625,290.36334228515625,285.2005615234375,290.3612365722656,297.7701721191406,290.28546142578125,1.0,0.363976240158081,1.0,1.0,0.0,1.0,-1.948588490486145,1.9485853910446167,3.0584196792915463e-06,1.5009562969207764,0.0,0.0,0.0,56.84096145629883,75.0,102.25260925292967,-0.0,610.7122802734375,1.0,283.1443786621094,288.5085144042969,285.35308837890625,285.36309814453125,293.1499938964844,293.1499938964844,278.1499938964844,0.0,18000.0,313.1499938964844,0.0,18000.0,0.0,0.0,0.0,0.0,0.0,0.0,0.0,0.0,0.0,-0.0,-0.0,-0.0,-6.544322618950674e-21,-3.272161309475337e-21,-3.272161107526945e-21,0.0,0.0,-0.0,0.0,0.0,0.0,-0.0,0.0,0.0,0.0,0.0,0.0,4.0,0.0,0.0
12041040,297.9007263183594,297.1499938964844,293.1499938964844,0.0,-0.0,290.281005859375,0.9990000128746032,0.4816060960292816,0.3264553248882293,297.5229187011719,297.1499938964844,293.1499938964844,0.0,-0.0,290.2790222167969,0.7732035517692566,0.1681841909885406,0.158881664276123,297.4796142578125,297.1499938964844,293.1499938964844,0.0,-0.0,290.2799987792969,0.8564967513084412,0.2296981215476989,0.160403236746788,297.4646301269531,297.1499938964844,293.1499938964844,0.0,-0.0,290.27838134765625,0.7342159152030945,0.1428170502185821,0.1353639811277389,297.4589538574219,297.1499938964844,293.1499938964844,0.0,-0.0,290.2794189453125,0.803176760673523,0.1876806616783142,0.8423416614532471,290.28057861328125,287.6763916015625,290.36334228515625,285.2005615234375,290.3612365722656,297.7701721191406,290.28546142578125,1.0,0.363976240158081,1.0,1.0,0.0,1.0,-1.948588490486145,1.9485853910446167,3.0584196792915463e-06,1.5009562969207764,0.0,0.0,0.0,56.84096145629883,75.0,102.25260925292967,-0.0,610.7122802734375,1.0,283.1443786621094,288.5085144042969,285.35308837890625,285.36309814453125,293.1499938964844,293.1499938964844,278.1499938964844,0.0,18000.0,313.1499938964844,0.0,18000.0,0.0,0.0,0.0,0.0,0.0,0.0,0.0,0.0,0.0,-0.0,-0.0,-0.0,-6.544322618950674e-21,-3.272161309475337e-21,-3.272161107526945e-21,0.0,0.0,-0.0,0.0,0.0,0.0,-0.0,0.0,0.0,0.0,0.0,0.0,4.0,0.0,0.0
12041100,297.91412353515625,297.1499938964844,293.1499938964844,0.0,-0.0,290.3182678222656,0.9990000128746032,0.4876749217510223,0.3274894952774048,297.5319519042969,297.1499938964844,293.1499938964844,0.0,-0.0,290.3163146972656,0.7773579955101013,0.1714325696229934,0.1619254499673843,297.4867553710937,297.1499938964844,293.1499938964844,0.0,-0.0,290.3172912597656,0.858971357345581,0.2324860692024231,0.1623336523771286,297.4686584472656,297.1499938964844,293.1499938964844,0.0,-0.0,290.315673828125,0.7371532917022705,0.1452053636312484,0.137556254863739,297.4661865234375,297.1499938964844,293.1499938964844,0.0,-0.0,290.3166809082031,0.8061476349830627,0.1903467923402786,0.8541874289512634,290.3178405761719,287.6499938964844,290.3999938964844,285.22686767578125,290.3979187011719,297.78289794921875,290.3226928710937,1.0,0.3679280281066894,1.0,1.0,0.0,1.0,-1.972660541534424,1.9726574420928955,3.133524614895577e-06,1.5198160409927368,0.0,0.0,0.0,57.64989471435547,75.0,102.82563018798828,-0.0,631.6172485351562,1.0,283.1443786621094,288.5085144042969,285.35308837890625,285.36309814453125,293.1499938964844,293.1499938964844,278.1499938964844,0.0,18000.0,313.1499938964844,0.0,18000.0,0.0,0.0,0.0,0.0,0.0,0.0,0.0,0.0,0.0,-0.0,-0.0,-0.0,-6.544322618950674e-21,-3.272161309475337e-21,-3.272161107526945e-21,0.0,0.0,-0.0,0.0,0.0,0.0,-0.0,0.0,0.0,0.0,0.0,0.0,4.0,0.0,0.0
12041160,297.9271240234375,297.1499938964844,293.1499938964844,0.0,-0.0,290.3556213378906,0.9990000128746032,0.4937922358512878,0.3286681175231933,297.5410461425781,297.1499938964844,293.1499938964844,0.0,-0.0,290.3537292480469,0.7814478874206543,0.174744576215744,0.1650313138961792,297.493896484375,297.1499938964844,293.1499938964844,0.0,-0.0,290.3546447753906,0.861362099647522,0.2353208363056183,0.1642976850271225,297.4737548828125,297.1499938964844,293.1499938964844,0.0,-0.0,290.35308837890625,0.7401812672615051,0.1477236300706863,0.139882355928421,297.4735107421875,297.1499938964844,293.1499938964844,0.0,-0.0,290.35406494140625,0.8089860677719116,0.1930676102638244,0.8662862181663513,290.355224609375,287.5493469238281,290.4366760253906,285.2533264160156,290.43463134765625,297.7948608398437,290.3600158691406,1.0,0.3720271289348602,1.0,1.0,0.0,1.0,-1.997485995292664,1.9974827766418457,3.2120258310897043e-06,1.53925359249115,0.0,0.0,0.0,58.51582336425781,78.0,103.24860382080078,-0.0,653.7652587890625,1.0,283.1443786621094,288.5085144042969,285.35308837890625,285.36309814453125,293.1499938964844,293.1499938964844,278.1499938964844,0.0,18000.0,313.1499938964844,0.0,18000.0,0.0,0.0,0.0,0.0,0.0,0.0,0.0,0.0,0.0,-0.0,-0.0,-0.0,-6.544322618950674e-21,-3.272161309475337e-21,-3.272161107526945e-21,0.0,0.0,-0.0,0.0,0.0,0.0,-0.0,0.0,0.0,0.0,0.0,0.0,4.0,0.0,0.0
12041220,297.9403381347656,297.1499938964844,293.1499938964844,0.0,-0.0,290.39453125,0.9990000128746032,0.5002095699310303,0.3300283253192901,297.5505676269531,297.1499938964844,293.1499938964844,0.0,-0.0,290.3927307128906,0.7856365442276001,0.1782552748918533,0.1683257520198822,297.5013427734375,297.1499938964844,293.1499938964844,0.0,-0.0,290.39361572265625,0.8637725114822388,0.2383183091878891,0.1663755774497985,297.4799499511719,297.1499938964844,293.1499938964844,0.0,-0.0,290.39208984375,0.7434091567993164,0.1504642516374588,0.1424256563186645,297.481201171875,297.1499938964844,293.1499938964844,0.0,-0.0,290.3930358886719,0.8118034601211548,0.1959542483091354,0.8791322708129883,290.3941650390625,287.52264404296875,290.47479248046875,285.281005859375,290.4727783203125,297.806640625,290.39892578125,1.0,0.3764350116252899,1.0,1.0,0.0,1.0,-2.0240516662597656,2.024048328399658,3.297193870821502e-06,1.560039758682251,0.0,0.0,0.0,59.47306060791016,78.0,103.56893157958984,-0.0,678.12109375,1.0,283.1443786621094,288.5085144042969,285.35308837890625,285.36309814453125,293.1499938964844,293.1499938964844,278.1499938964844,0.0,18000.0,313.1499938964844,0.0,18000.0,0.0,0.0,0.0,0.0,0.0,0.0,0.0,0.0,0.0,-0.0,-0.0,-0.0,-6.544322618950674e-21,-3.272161309475337e-21,-3.272161107526945e-21,0.0,0.0,-0.0,0.0,0.0,0.0,-0.0,0.0,0.0,0.0,0.0,0.0,4.0,0.0,0.0
12041280,297.9522705078125,297.1499938964844,293.1499938964844,0.0,-0.0,290.4305419921875,0.9990000128746032,0.5061843991279602,0.3313832581043243,297.5593566894531,297.1499938964844,293.1499938964844,0.0,-0.0,290.42877197265625,0.7894501686096191,0.1815528720617294,0.1714217364788055,297.5082092285156,297.1499938964844,293.1499938964844,0.0,-0.0,290.4296264648437,0.8659437298774719,0.2411281764507293,0.1683241426944732,297.4862670898437,297.1499938964844,293.1499938964844,0.0,-0.0,290.4281311035156,0.7464475631713867,0.1530890166759491,0.1448692083358764,297.4883117675781,297.1499938964844,293.1499938964844,0.0,-0.0,290.4290771484375,0.8143099546432495,0.1986677497625351,0.8912148475646973,290.43017578125,287.4252014160156,290.510009765625,285.30670166015625,290.50799560546875,297.8169860839844,290.43487548828125,1.0,0.3806202113628387,1.0,1.0,0.0,1.0,-2.0491812229156494,2.049177885055542,3.378858309588395e-06,1.5796895027160645,0.0,0.0,0.0,60.40279769897461,81.0,103.78634643554688,-0.0,701.7766723632812,1.0,283.1443786621094,288.5085144042969,285.35308837890625,285.36309814453125,293.1499938964844,293.1499938964844,278.1499938964844,0.0,18000.0,313.1499938964844,0.0,18000.0,0.0,0.0,0.0,0.0,0.0,0.0,0.0,0.0,0.0,-0.0,-0.0,-0.0,-6.544322618950674e-21,-3.272161309475337e-21,-3.272161107526945e-21,0.0,0.0,-0.0,0.0,0.0,0.0,-0.0,0.0,0.0,0.0,0.0,0.0,4.0,0.0,0.0
12041340,297.9764404296875,297.1499938964844,293.1499938964844,0.0,-0.0,290.5056457519531,0.9990000128746032,0.5188001990318298,0.3344505131244659,297.57769775390625,297.1499938964844,293.1499938964844,0.0,-0.0,290.50396728515625,0.7972549796104431,0.1885973215103149,0.1780392527580261,297.52252197265625,297.1499938964844,293.1499938964844,0.0,-0.0,290.5047607421875,0.8703490495681763,0.2471151649951934,0.1724778115749359,297.50079345703125,297.1499938964844,293.1499938964844,0.0,-0.0,290.5033569335937,0.7529448866844177,0.1588212251663208,0.150223970413208,297.5032958984375,297.1499938964844,293.1499938964844,0.0,-0.0,290.5042419433594,0.8193285465240479,0.2044699341058731,0.917069137096405,290.5053100585937,287.3039855957031,290.5833435058594,285.360595703125,290.5813903808594,297.8372802734375,290.5099182128906,1.0,0.3896677196025848,1.0,1.0,0.0,1.0,-2.103280782699585,2.1032772064208984,3.5582927466748515e-06,1.6219507455825806,0.0,0.0,0.0,62.47021484375,84.0,104.0653839111328,-0.0,754.7260131835938,1.0,283.1443786621094,288.5085144042969,285.35308837890625,285.36309814453125,293.1499938964844,293.1499938964844,278.1499938964844,0.0,18000.0,313.1499938964844,0.0,18000.0,0.0,0.0,0.0,0.0,0.0,0.0,0.0,0.0,0.0,-0.0,-0.0,-0.0,-6.544322618950674e-21,-3.272161309475337e-21,-3.272161107526945e-21,0.0,0.0,-0.0,0.0,0.0,0.0,-0.0,0.0,0.0,0.0,0.0,0.0,4.0,0.0,0.0
12041400,297.9764404296875,297.1499938964844,293.1499938964844,0.0,-0.0,290.5056457519531,0.9990000128746032,0.5188001990318298,0.3344505131244659,297.57769775390625,297.1499938964844,293.1499938964844,0.0,-0.0,290.50396728515625,0.7972549796104431,0.1885973215103149,0.1780392527580261,297.52252197265625,297.1499938964844,293.1499938964844,0.0,-0.0,290.5047607421875,0.8703490495681763,0.2471151649951934,0.1724778115749359,297.50079345703125,297.1499938964844,293.1499938964844,0.0,-0.0,290.5033569335937,0.7529448866844177,0.1588212251663208,0.150223970413208,297.5032958984375,297.1499938964844,293.1499938964844,0.0,-0.0,290.5042419433594,0.8193285465240479,0.2044699341058731,0.917069137096405,290.5053100585937,287.3039855957031,290.5833435058594,285.360595703125,290.5813903808594,297.8372802734375,290.5099182128906,1.0,0.3896677196025848,1.0,1.0,0.0,1.0,-2.103280782699585,2.1032772064208984,3.5582927466748515e-06,1.6219507455825806,0.0,0.0,0.0,62.47021484375,84.0,104.0653839111328,-0.0,754.7260131835938,1.0,283.1443786621094,288.5085144042969,285.35308837890625,285.36309814453125,293.1499938964844,293.1499938964844,278.1499938964844,0.0,18000.0,313.1499938964844,0.0,18000.0,0.0,0.0,0.0,0.0,0.0,0.0,0.0,0.0,0.0,-0.0,-0.0,-0.0,-6.544322618950674e-21,-3.272161309475337e-21,-3.272161107526945e-21,0.0,0.0,-0.0,0.0,0.0,0.0,-0.0,0.0,0.0,0.0,0.0,0.0,4.0,0.0,0.0
12041460,297.9999694824219,297.1499938964844,293.1499938964844,0.0,-0.0,290.580810546875,0.9990000128746032,0.5316555500030518,0.3377273380756378,297.5959777832031,297.1499938964844,293.1499938964844,0.0,-0.0,290.5792541503906,0.8049196004867554,0.1958701014518737,0.1848745048046112,297.5367736816406,297.1499938964844,293.1499938964844,0.0,-0.0,290.5799865722656,0.8746859431266785,0.2532789409160614,0.1767555326223373,297.5165710449219,297.1499938964844,293.1499938964844,0.0,-0.0,290.5786437988281,0.7596558332443237,0.1648627668619156,0.1558838486671447,297.5182800292969,297.1499938964844,293.1499938964844,0.0,-0.0,290.5794677734375,0.8242020606994629,0.2104657441377639,0.9438028335571288,290.5805053710937,287.18572998046875,290.6566772460937,285.4150085449219,290.65478515625,297.8563842773437,290.58502197265625,1.0,0.3990958034992218,1.0,1.0,0.0,1.0,-2.1594676971435547,2.159464120864868,3.7498862184293102e-06,1.665786623954773,0.0,0.0,0.0,64.68824005126953,87.0,104.1986312866211,-0.0,812.6244506835938,1.0,283.1443786621094,288.5085144042969,285.35308837890625,285.36309814453125,293.1499938964844,293.1499938964844,278.1499938964844,0.0,18000.0,313.1499938964844,0.0,18000.0,0.0,0.0,0.0,0.0,0.0,0.0,0.0,0.0,0.0,-0.0,-0.0,-0.0,-6.544322618950674e-21,-3.272161309475337e-21,-3.272161107526945e-21,0.0,0.0,-0.0,0.0,0.0,0.0,-0.0,0.0,0.0,0.0,0.0,0.0,4.0,0.0,0.0
12041520,297.9999694824219,297.1499938964844,293.1499938964844,0.0,-0.0,290.580810546875,0.9990000128746032,0.5316555500030518,0.3377273380756378,297.5959777832031,297.1499938964844,293.1499938964844,0.0,-0.0,290.5792541503906,0.8049196004867554,0.1958701014518737,0.1848745048046112,297.5367736816406,297.1499938964844,293.1499938964844,0.0,-0.0,290.5799865722656,0.8746859431266785,0.2532789409160614,0.1767555326223373,297.5165710449219,297.1499938964844,293.1499938964844,0.0,-0.0,290.5786437988281,0.7596558332443237,0.1648627668619156,0.1558838486671447,297.5182800292969,297.1499938964844,293.1499938964844,0.0,-0.0,290.5794677734375,0.8242020606994629,0.2104657441377639,0.9438028335571288,290.5805053710937,287.18572998046875,290.6566772460937,285.4150085449219,290.65478515625,297.8563842773437,290.58502197265625,1.0,0.3990958034992218,1.0,1.0,0.0,1.0,-2.1594676971435547,2.159464120864868,3.7498862184293102e-06,1.665786623954773,0.0,0.0,0.0,64.68824005126953,87.0,104.1986312866211,-0.0,812.6244506835938,1.0,283.1443786621094,288.5085144042969,285.35308837890625,285.36309814453125,293.1499938964844,293.1499938964844,278.1499938964844,0.0,18000.0,313.1499938964844,0.0,18000.0,0.0,0.0,0.0,0.0,0.0,0.0,0.0,0.0,0.0,-0.0,-0.0,-0.0,-6.544322618950674e-21,-3.272161309475337e-21,-3.272161107526945e-21,0.0,0.0,-0.0,0.0,0.0,0.0,-0.0,0.0,0.0,0.0,0.0,0.0,4.0,0.0,0.0
12041580,298.0231018066406,297.1499938964844,293.1499938964844,0.0,-0.0,290.6559753417969,0.9990000128746032,0.5447670817375183,0.3410865068435669,297.6141967773437,297.1499938964844,293.1499938964844,0.0,-0.0,290.654541015625,0.8123251795768738,0.203365758061409,0.1919207274913787,297.55096435546875,297.1499938964844,293.1499938964844,0.0,-0.0,290.6552124023437,0.8790526390075684,0.2596177756786346,0.1811551749706268,297.5330505371094,297.1499938964844,293.1499938964844,0.0,-0.0,290.6539611816406,0.7665863037109375,0.1711774617433548,0.1618091911077499,297.53326416015625,297.1499938964844,293.1499938964844,0.0,-0.0,290.6547241210937,0.8290575742721558,0.2166492193937301,0.971381425857544,290.6557312011719,287.0704040527344,290.7300109863281,285.4698791503906,290.7281494140625,297.874755859375,290.6601257324219,1.0,0.408843994140625,1.0,1.0,0.0,1.0,-2.217489957809448,2.2174861431121826,3.953324267058633e-06,1.7109994888305664,0.0,0.0,0.0,67.03004455566406,105.0,104.24845886230467,-0.0,875.5159301757812,1.0,283.1443786621094,288.5085144042969,285.35308837890625,285.36309814453125,293.1499938964844,293.1499938964844,278.1499938964844,0.0,18000.0,313.1499938964844,0.0,18000.0,0.0,0.0,0.0,0.0,0.0,0.0,0.0,0.0,0.0,-0.0,-0.0,-0.0,-6.544322618950674e-21,-3.272161309475337e-21,-3.272161107526945e-21,0.0,0.0,-0.0,0.0,0.0,0.0,-0.0,0.0,0.0,0.0,0.0,0.0,4.0,0.0,0.0
12041640,298.0231018066406,297.1499938964844,293.1499938964844,0.0,-0.0,290.6559753417969,0.9990000128746032,0.5447670817375183,0.3410865068435669,297.6141967773437,297.1499938964844,293.1499938964844,0.0,-0.0,290.654541015625,0.8123251795768738,0.203365758061409,0.1919207274913787,297.55096435546875,297.1499938964844,293.1499938964844,0.0,-0.0,290.6552124023437,0.8790526390075684,0.2596177756786346,0.1811551749706268,297.5330505371094,297.1499938964844,293.1499938964844,0.0,-0.0,290.6539611816406,0.7665863037109375,0.1711774617433548,0.1618091911077499,297.53326416015625,297.1499938964844,293.1499938964844,0.0,-0.0,290.6547241210937,0.8290575742721558,0.2166492193937301,0.971381425857544,290.6557312011719,287.0704040527344,290.7300109863281,285.4698791503906,290.7281494140625,297.874755859375,290.6601257324219,1.0,0.408843994140625,1.0,1.0,0.0,1.0,-2.217489957809448,2.2174861431121826,3.953324267058633e-06,1.7109994888305664,0.0,0.0,0.0,67.03004455566406,105.0,104.24845886230467,-0.0,875.5159301757812,1.0,283.1443786621094,288.5085144042969,285.35308837890625,285.36309814453125,293.1499938964844,293.1499938964844,278.1499938964844,0.0,18000.0,313.1499938964844,0.0,18000.0,0.0,0.0,0.0,0.0,0.0,0.0,0.0,0.0,0.0,-0.0,-0.0,-0.0,-6.544322618950674e-21,-3.272161309475337e-21,-3.272161107526945e-21,0.0,0.0,-0.0,0.0,0.0,0.0,-0.0,0.0,0.0,0.0,0.0,0.0,4.0,0.0,0.0
12041700,298.032470703125,297.1499938964844,293.1499938964844,0.0,-0.0,290.6932983398437,0.9990000128746032,0.5512188673019409,0.3480485379695892,297.6233825683594,297.1499938964844,293.1499938964844,0.0,-0.0,290.69189453125,0.811961829662323,0.2072079330682754,0.19556824862957,297.55816650390625,297.1499938964844,293.1499938964844,0.0,-0.0,290.6925354003906,0.8767577409744263,0.2628641426563263,0.1834347695112228,297.5415954589844,297.1499938964844,293.1499938964844,0.0,-0.0,290.6913452148437,0.7662732601165771,0.1744418293237686,0.1649100035429,297.54083251953125,297.1499938964844,293.1499938964844,0.0,-0.0,290.69207763671875,0.8276241421699524,0.2198209464550018,0.985701322555542,290.69305419921875,287.04766845703125,290.76666259765625,285.4974670410156,290.7648620605469,297.8830871582031,290.69744873046875,1.0,0.4161274433135986,1.0,1.0,0.0,1.0,-2.253880739212036,2.2538766860961914,4.0834802348399535e-06,1.7391414642333984,0.0,0.0,0.0,69.51520538330078,105.0,104.1465301513672,-0.0,920.412109375,1.0,283.1443786621094,288.5085144042969,285.35308837890625,285.36309814453125,293.1499938964844,293.1499938964844,278.1499938964844,0.0,18000.0,313.1499938964844,0.0,18000.0,0.0,0.0,0.0,0.0,0.0,0.0,0.0,0.0,0.0,-0.0,-0.0,-0.0,-6.544322618950674e-21,-3.272161309475337e-21,-3.272161107526945e-21,0.0,0.0,-0.0,0.0,0.0,0.0,-0.0,0.0,0.0,0.0,0.0,0.0,4.0,0.0,0.0
12041760,298.0360717773437,297.1499938964844,293.1499938964844,0.0,-0.0,290.7309265136719,0.9990000128746032,0.5571653842926025,0.3586734235286712,297.632568359375,297.1499938964844,293.1499938964844,0.0,-0.0,290.7295227050781,0.8090029358863831,0.2111097127199173,0.1993082165718078,297.5653686523437,297.1499938964844,293.1499938964844,0.0,-0.0,290.7301330566406,0.8716198801994324,0.2661579251289367,0.1857741326093673,297.5502624511719,297.1499938964844,293.1499938964844,0.0,-0.0,290.7289733886719,0.7635125517845154,0.1777725368738174,0.1681104451417923,297.5483703613281,297.1499938964844,293.1499938964844,0.0,-0.0,290.72967529296875,0.8237058520317078,0.2230360209941864,1.0004006624221802,290.7306823730469,286.9580078125,290.8033447265625,285.5251770019531,290.8015441894531,297.8860168457031,290.7350158691406,1.0,0.4246362149715423,1.0,1.0,0.0,1.0,-2.2954397201538086,2.2954354286193848,4.235048436385114e-06,1.7713855504989624,0.0,0.0,0.0,72.9835205078125,108.0,104.28498077392578,-0.0,975.780029296875,1.0,283.1443786621094,288.5085144042969,285.35308837890625,285.36309814453125,293.1499938964844,293.1499938964844,278.1499938964844,0.0,18000.0,313.1499938964844,0.0,18000.0,0.0,0.0,0.0,0.0,0.0,0.0,0.0,0.0,0.0,-0.0,-0.0,-0.0,-6.544322618950674e-21,-3.272161309475337e-21,-3.272161107526945e-21,0.0,0.0,-0.0,0.0,0.0,0.0,-0.0,0.0,0.0,0.0,0.0,0.0,4.0,0.0,0.0
12041820,298.03643798828125,297.1499938964844,293.1499938964844,0.0,-0.0,290.8045654296875,0.9990000128746032,0.568102240562439,0.3732562959194183,297.6499938964844,297.1499938964844,293.1499938964844,0.0,-0.0,290.8031921386719,0.8080189228057861,0.2188097983598709,0.2066548466682434,297.5790100097656,297.1499938964844,293.1499938964844,0.0,-0.0,290.80377197265625,0.8671066164970398,0.2726483643054962,0.1903573125600814,297.5668640136719,297.1499938964844,293.1499938964844,0.0,-0.0,290.8026733398437,0.7627589106559753,0.1843780726194381,0.1744249016046524,297.5623474121094,297.1499938964844,293.1499938964844,0.0,-0.0,290.8033447265625,0.8207445740699768,0.2293536216020584,1.029128074645996,290.8043212890625,286.9152526855469,290.87457275390625,285.5792541503906,290.8728332519531,297.8828125,290.8085021972656,1.0,0.4385407865047455,1.0,1.0,0.0,1.0,-2.369392156600952,2.369387626647949,4.51239975518547e-06,1.8289952278137207,0.0,0.0,0.0,78.43250274658203,108.0,104.59669494628906,-0.0,1075.9869384765625,1.0,283.1443786621094,288.5085144042969,285.35308837890625,285.36309814453125,293.1499938964844,293.1499938964844,278.1499938964844,0.0,18000.0,313.1499938964844,0.0,18000.0,0.0,0.0,0.0,0.0,0.0,0.0,0.0,0.0,0.0,-0.0,-0.0,-0.0,-6.544322618950674e-21,-3.272161309475337e-21,-3.272161107526945e-21,0.0,0.0,-0.0,0.0,0.0,0.0,-0.0,0.0,0.0,0.0,0.0,0.0,4.0,0.0,0.0
12041880,298.0364685058594,297.1499938964844,293.1499938964844,0.0,-0.0,290.8067321777344,0.9990000128746032,0.5684279799461365,0.3736251592636108,297.6505126953125,297.1499938964844,293.1499938964844,0.0,-0.0,290.80535888671875,0.8080376982688904,0.2190396636724472,0.2068734914064407,297.57940673828125,297.1499938964844,293.1499938964844,0.0,-0.0,290.8059387207031,0.867027759552002,0.2728420197963714,0.1904935538768768,297.5673522949219,297.1499938964844,293.1499938964844,0.0,-0.0,290.8048400878906,0.7627822160720825,0.1845759004354477,0.1746133714914322,297.5627746582031,297.1499938964844,293.1499938964844,0.0,-0.0,290.8055114746094,0.8207034468650818,0.2295417636632919,1.0299803018569946,290.8064880371094,286.8485412597656,290.8766784667969,285.5808410644531,290.8749389648437,297.8827514648437,290.8106689453125,1.0,0.4389367401599884,1.0,1.0,0.0,1.0,-2.3715121746063232,2.3715076446533203,4.5204806156107225e-06,1.8306432962417605,0.0,0.0,0.0,78.58075714111328,111.0,104.59709930419922,-0.0,1078.912841796875,1.0,283.1443786621094,288.5085144042969,285.35308837890625,285.36309814453125,293.1499938964844,293.1499938964844,278.1499938964844,0.0,18000.0,313.1499938964844,0.0,18000.0,0.0,0.0,0.0,0.0,0.0,0.0,0.0,0.0,0.0,-0.0,-0.0,-0.0,-6.544322618950674e-21,-3.272161309475337e-21,-3.272161107526945e-21,0.0,0.0,-0.0,0.0,0.0,0.0,-0.0,0.0,0.0,0.0,0.0,0.0,4.0,0.0,0.0
12041940,298.0399475097656,297.1499938964844,293.1499938964844,0.0,-0.0,290.88006591796875,0.9990000128746032,0.5796840786933899,0.3847784101963043,297.6675720214844,297.1499938964844,293.1499938964844,0.0,-0.0,290.8787536621094,0.8096879720687866,0.2269237041473388,0.2143620550632476,297.59283447265625,297.1499938964844,293.1499938964844,0.0,-0.0,290.8792724609375,0.8655187487602234,0.2794840633869171,0.1951581835746765,297.5838623046875,297.1499938964844,293.1499938964844,0.0,-0.0,290.87823486328125,0.7645515203475952,0.191380426287651,0.181085929274559,297.5762634277344,297.1499938964844,293.1499938964844,0.0,-0.0,290.8788452148437,0.8203132152557373,0.2359880208969116,1.0591169595718384,290.8797912597656,286.8072204589844,290.9479064941406,285.63525390625,290.9462280273437,297.8825378417969,290.88385009765625,1.0,0.4519654512405395,1.0,1.0,0.0,1.0,-2.442291021347046,2.442286252975464,4.794525011675432e-06,1.8856325149536133,0.0,0.0,0.0,83.34788513183594,111.0,104.54442596435548,-0.0,1178.586181640625,1.0,283.1443786621094,288.5085144042969,285.35308837890625,285.36309814453125,293.1499938964844,293.1499938964844,278.1499938964844,0.0,18000.0,313.1499938964844,0.0,18000.0,0.0,0.0,0.0,0.0,0.0,0.0,0.0,0.0,0.0,-0.0,-0.0,-0.0,-6.544322618950674e-21,-3.272161309475337e-21,-3.272161107526945e-21,0.0,0.0,-0.0,0.0,0.0,0.0,-0.0,0.0,0.0,0.0,0.0,0.0,4.0,0.0,0.0
12042000,298.0401306152344,297.1499938964844,293.1499938964844,0.0,-0.0,290.8822021484375,0.9990000128746032,0.5800233483314514,0.3850676715373993,297.6680603027344,297.1499938964844,293.1499938964844,0.0,-0.0,290.88092041015625,0.8097651600837708,0.227159097790718,0.2145851999521255,297.5932312011719,297.1499938964844,293.1499938964844,0.0,-0.0,290.8814392089844,0.8655072450637817,0.2796823680400848,0.1952971071004867,297.5843505859375,297.1499938964844,293.1499938964844,0.0,-0.0,290.8804016113281,0.7646318078041077,0.1915841549634933,0.1812793016433715,297.57666015625,297.1499938964844,293.1499938964844,0.0,-0.0,290.8810119628906,0.8203303813934326,0.2361803650856018,1.0599838495254517,290.8819580078125,286.4859924316406,290.95001220703125,285.6368713378906,290.9483337402344,297.8825988769531,290.8860168457031,1.0,0.4523384273052215,1.0,1.0,0.0,1.0,-2.444348096847534,2.444343328475952,4.80261360280565e-06,1.8872302770614624,0.0,0.0,0.0,83.48065185546875,114.0,104.54144287109376,-0.0,1181.5382080078125,1.0,283.1443786621094,288.5085144042969,285.35308837890625,285.36309814453125,293.1499938964844,293.1499938964844,278.1499938964844,0.0,18000.0,313.1499938964844,0.0,18000.0,0.0,0.0,0.0,0.0,0.0,0.0,0.0,0.0,0.0,-0.0,-0.0,-0.0,-6.544322618950674e-21,-3.272161309475337e-21,-3.272161107526945e-21,0.0,0.0,-0.0,0.0,0.0,0.0,-0.0,0.0,0.0,0.0,0.0,0.0,4.0,0.0,0.0
12042060,298.04473876953125,297.1499938964844,293.1499938964844,0.0,-0.0,290.9575500488281,0.9990000128746032,0.5917664170265198,0.3946849405765533,297.6817932128906,297.1499938964844,293.1499938964844,0.0,-0.0,290.9563293457031,0.8125445246696472,0.2351200133562088,0.2222644537687301,297.603515625,297.1499938964844,293.1499938964844,0.0,-0.0,290.956787109375,0.8653420209884644,0.2863466143608093,0.2000600397586822,297.5976257324219,297.1499938964844,293.1499938964844,0.0,-0.0,290.9558410644531,0.7675228118896484,0.1984380185604095,0.18792125582695,297.5867919921875,297.1499938964844,293.1499938964844,0.0,-0.0,290.9563903808594,0.8210797309875488,0.2426160275936126,1.08963143825531,290.9573059082031,286.1381225585937,291.0233459472656,285.6931457519531,291.021728515625,297.8833923339844,290.96124267578125,1.0,0.4650076031684875,1.0,1.0,0.0,1.0,-2.5144522190093994,2.5144472122192383,5.082476945972303e-06,1.9416825771331787,0.0,0.0,0.0,88.01509857177734,117.0,104.42344665527344,-0.0,1284.9058837890625,1.0,283.1443786621094,288.5085144042969,285.35308837890625,285.36309814453125,293.1499938964844,293.1499938964844,278.1499938964844,0.0,18000.0,313.1499938964844,0.0,18000.0,0.0,0.0,0.0,0.0,0.0,0.0,0.0,0.0,0.0,-0.0,-0.0,-0.0,-6.544322618950674e-21,-3.272161309475337e-21,-3.272161107526945e-21,0.0,0.0,-0.0,0.0,0.0,0.0,-0.0,0.0,0.0,0.0,0.0,0.0,4.0,0.0,0.0
12042120,298.04473876953125,297.1499938964844,293.1499938964844,0.0,-0.0,290.9575500488281,0.9990000128746032,0.5917664170265198,0.3946849405765533,297.6817932128906,297.1499938964844,293.1499938964844,0.0,-0.0,290.9563293457031,0.8125445246696472,0.2351200133562088,0.2222644537687301,297.603515625,297.1499938964844,293.1499938964844,0.0,-0.0,290.956787109375,0.8653420209884644,0.2863466143608093,0.2000600397586822,297.5976257324219,297.1499938964844,293.1499938964844,0.0,-0.0,290.9558410644531,0.7675228118896484,0.1984380185604095,0.18792125582695,297.5867919921875,297.1499938964844,293.1499938964844,0.0,-0.0,290.9563903808594,0.8210797309875488,0.2426160275936126,1.08963143825531,290.9573059082031,286.1381225585937,291.0233459472656,285.6931457519531,291.021728515625,297.8833923339844,290.96124267578125,1.0,0.4650076031684875,1.0,1.0,0.0,1.0,-2.5144522190093994,2.5144472122192383,5.082476945972303e-06,1.9416825771331787,0.0,0.0,0.0,88.01509857177734,117.0,104.42344665527344,-0.0,1284.9058837890625,1.0,283.1443786621094,288.5085144042969,285.35308837890625,285.36309814453125,293.1499938964844,293.1499938964844,278.1499938964844,0.0,18000.0,313.1499938964844,0.0,18000.0,0.0,0.0,0.0,0.0,0.0,0.0,0.0,0.0,0.0,-0.0,-0.0,-0.0,-6.544322618950674e-21,-3.272161309475337e-21,-3.272161107526945e-21,0.0,0.0,-0.0,0.0,0.0,0.0,-0.0,0.0,0.0,0.0,0.0,0.0,4.0,0.0,0.0
12042180,298.046875,297.1499938964844,293.1499938964844,0.0,-0.0,291.0327453613281,0.9990000128746032,0.6033188104629517,0.4039583206176758,297.6899108886719,297.1499938964844,293.1499938964844,0.0,-0.0,291.03155517578125,0.8149210810661316,0.242683932185173,0.2295627444982528,297.6089782714844,297.1499938964844,293.1499938964844,0.0,-0.0,291.031982421875,0.8650539517402649,0.292646050453186,0.204555869102478,297.6050720214844,297.1499938964844,293.1499938964844,0.0,-0.0,291.03106689453125,0.76996248960495,0.2048696726560592,0.1941658109426498,297.5911865234375,297.1499938964844,293.1499938964844,0.0,-0.0,291.0316162109375,0.8215423822402954,0.2486001104116439,1.117244839668274,291.0325012207031,285.804931640625,291.0966796875,285.74969482421875,291.0950927734375,297.88214111328125,291.03631591796875,1.0,0.4769745767116546,1.0,1.0,0.0,1.0,-2.580449104309082,2.5804436206817627,5.353314918465912e-06,1.9929372072219849,0.0,0.0,0.0,92.44959259033205,120.0,104.25395965576172,-0.0,1387.828369140625,1.0,283.1443786621094,288.5085144042969,285.35308837890625,285.36309814453125,293.1499938964844,293.1499938964844,278.1499938964844,0.0,18000.0,313.1499938964844,0.0,18000.0,0.0,0.0,0.0,0.0,0.0,0.0,0.0,0.0,0.0,-0.0,-0.0,-0.0,-6.544322618950674e-21,-3.272161309475337e-21,-3.272161107526945e-21,0.0,0.0,-0.0,0.0,0.0,0.0,-0.0,0.0,0.0,0.0,0.0,0.0,4.0,0.0,0.0
12042240,298.046875,297.1499938964844,293.1499938964844,0.0,-0.0,291.0327453613281,0.9990000128746032,0.6033188104629517,0.4039583206176758,297.6899108886719,297.1499938964844,293.1499938964844,0.0,-0.0,291.03155517578125,0.8149210810661316,0.242683932185173,0.2295627444982528,297.6089782714844,297.1499938964844,293.1499938964844,0.0,-0.0,291.031982421875,0.8650539517402649,0.292646050453186,0.204555869102478,297.6050720214844,297.1499938964844,293.1499938964844,0.0,-0.0,291.03106689453125,0.76996248960495,0.2048696726560592,0.1941658109426498,297.5911865234375,297.1499938964844,293.1499938964844,0.0,-0.0,291.0316162109375,0.8215423822402954,0.2486001104116439,1.117244839668274,291.0325012207031,285.804931640625,291.0966796875,285.74969482421875,291.0950927734375,297.88214111328125,291.03631591796875,1.0,0.4769745767116546,1.0,1.0,0.0,1.0,-2.580449104309082,2.5804436206817627,5.353314918465912e-06,1.9929372072219849,0.0,0.0,0.0,92.44959259033205,120.0,104.25395965576172,-0.0,1387.828369140625,1.0,283.1443786621094,288.5085144042969,285.35308837890625,285.36309814453125,293.1499938964844,293.1499938964844,278.1499938964844,0.0,18000.0,313.1499938964844,0.0,18000.0,0.0,0.0,0.0,0.0,0.0,0.0,0.0,0.0,0.0,-0.0,-0.0,-0.0,-6.544322618950674e-21,-3.272161309475337e-21,-3.272161107526945e-21,0.0,0.0,-0.0,0.0,0.0,0.0,-0.0,0.0,0.0,0.0,0.0,0.0,4.0,0.0,0.0
12042300,298.0473022460937,297.1499938964844,293.1499938964844,0.0,-0.0,291.0702514648437,0.9990000128746032,0.6090424060821533,0.4083974063396454,297.6925964355469,297.1499938964844,293.1499938964844,0.0,-0.0,291.069091796875,0.8160589337348938,0.2463666051626205,0.2331039309501648,297.6106262207031,297.1499938964844,293.1499938964844,0.0,-0.0,291.06951904296875,0.8649617433547974,0.2957171201705932,0.2067374587059021,297.6072998046875,297.1499938964844,293.1499938964844,0.0,-0.0,291.0686340332031,0.7711050510406494,0.2079705148935318,0.1971667557954788,297.5919494628906,297.1499938964844,293.1499938964844,0.0,-0.0,291.06915283203125,0.8217512369155884,0.2514703869819641,1.130441665649414,291.0700378417969,285.794677734375,291.1333312988281,285.778076171875,291.1317749023437,297.8809509277344,291.07379150390625,1.0,0.4827175736427307,1.0,1.0,0.0,1.0,-2.612123250961304,2.6121177673339844,5.485810561367543e-06,2.0175328254699707,0.0,0.0,0.0,94.61427307128906,120.0,104.16059112548828,-0.0,1439.1123046875,1.0,283.1443786621094,288.5085144042969,285.35308837890625,285.36309814453125,293.1499938964844,293.1499938964844,278.1499938964844,0.0,18000.0,313.1499938964844,0.0,18000.0,0.0,0.0,0.0,0.0,0.0,0.0,0.0,0.0,0.0,-0.0,-0.0,-0.0,-6.544322618950674e-21,-3.272161309475337e-21,-3.272161107526945e-21,0.0,0.0,-0.0,0.0,0.0,0.0,-0.0,0.0,0.0,0.0,0.0,0.0,4.0,0.0,0.0
12042360,298.0475158691406,297.1499938964844,293.1499938964844,0.0,-0.0,291.10772705078125,0.9990000128746032,0.6147463917732239,0.4126660525798797,297.694580078125,297.1499938964844,293.1499938964844,0.0,-0.0,291.1065979003906,0.8172114491462708,0.2500004172325134,0.2365911602973938,297.6118469238281,297.1499938964844,293.1499938964844,0.0,-0.0,291.10699462890625,0.8649498224258423,0.2987542748451233,0.2088896781206131,297.6087646484375,297.1499938964844,293.1499938964844,0.0,-0.0,291.10614013671875,0.772244930267334,0.2110103070735931,0.200102686882019,297.592041015625,297.1499938964844,293.1499938964844,0.0,-0.0,291.10662841796875,0.8219885230064392,0.2542763948440552,1.1433141231536863,291.1075134277344,285.6651916503906,291.1700134277344,285.8064880371094,291.16845703125,297.87957763671875,291.1112365722656,1.0,0.4883112907409668,1.0,1.0,0.0,1.0,-2.6430256366729736,2.6430201530456543,5.616639100480825e-06,2.0415284633636475,0.0,0.0,0.0,96.73522186279295,123.0,104.06846618652344,-0.0,1490.2843017578125,1.0,283.1443786621094,288.5085144042969,285.35308837890625,285.36309814453125,293.1499938964844,293.1499938964844,278.1499938964844,0.0,18000.0,313.1499938964844,0.0,18000.0,0.0,0.0,0.0,0.0,0.0,0.0,0.0,0.0,0.0,-0.0,-0.0,-0.0,-6.544322618950674e-21,-3.272161309475337e-21,-3.272161107526945e-21,0.0,0.0,-0.0,0.0,0.0,0.0,-0.0,0.0,0.0,0.0,0.0,0.0,4.0,0.0,0.0
12042420,298.04766845703125,297.1499938964844,293.1499938964844,0.0,-0.0,291.15264892578125,0.9990000128746032,0.62158203125,0.417550265789032,297.69635009765625,297.1499938964844,293.1499938964844,0.0,-0.0,291.15155029296875,0.8186418414115906,0.2543130218982696,0.2407219260931015,297.6129150390625,297.1499938964844,293.1499938964844,0.0,-0.0,291.1519470214844,0.8650639057159424,0.3023692965507507,0.2114458382129669,297.6097412109375,297.1499938964844,293.1499938964844,0.0,-0.0,291.1510925292969,0.7736411094665527,0.2145939916372299,0.2035568952560424,297.5914306640625,297.1499938964844,293.1499938964844,0.0,-0.0,291.1515808105469,0.8223370313644409,0.2575763463973999,1.1584185361862185,291.1524353027344,285.6546325683594,291.2139892578125,285.84063720703125,291.2124938964844,297.8778381347656,291.1560974121094,1.0,0.4948468804359436,1.0,1.0,0.0,1.0,-2.679232597351074,2.679226875305176,5.7718830248632e-06,2.069641828536988,0.0,0.0,0.0,99.22124481201172,123.0,103.962646484375,-0.0,1551.63818359375,1.0,283.1443786621094,288.5085144042969,285.35308837890625,285.36309814453125,293.1499938964844,293.1499938964844,278.1499938964844,0.0,18000.0,313.1499938964844,0.0,18000.0,0.0,0.0,0.0,0.0,0.0,0.0,0.0,0.0,0.0,-0.0,-0.0,-0.0,-6.544322618950674e-21,-3.272161309475337e-21,-3.272161107526945e-21,0.0,0.0,-0.0,0.0,0.0,0.0,-0.0,0.0,0.0,0.0,0.0,0.0,4.0,0.0,0.0
12042480,298.0477905273437,297.1499938964844,293.1499938964844,0.0,-0.0,291.1825561523437,0.9990000128746032,0.6261411309242249,0.4206618964672088,297.6972351074219,297.1499938964844,293.1499938964844,0.0,-0.0,291.1814880371094,0.8196325302124023,0.2571664154529571,0.2434508055448532,297.61346435546875,297.1499938964844,293.1499938964844,0.0,-0.0,291.1818542480469,0.8652225136756897,0.3047676384449005,0.2131388932466507,297.61004638671875,297.1499938964844,293.1499938964844,0.0,-0.0,291.1810302734375,0.7745998501777649,0.2169521301984787,0.205825924873352,297.5906982421875,297.1499938964844,293.1499938964844,0.0,-0.0,291.1815185546875,0.8226158022880554,0.259743720293045,1.1683202981948853,291.1823425292969,285.6476135253906,291.24334716796875,285.86346435546875,291.2418212890625,297.8766784667969,291.1859741210937,1.0,0.4991081058979034,1.0,1.0,0.0,1.0,-2.702911615371704,2.7029056549072266,5.874554972251644e-06,2.088027238845825,0.0,0.0,0.0,100.84363555908205,126.0,103.89591217041016,-0.0,1592.5684814453125,1.0,283.1443786621094,288.5085144042969,285.35308837890625,285.36309814453125,293.1499938964844,293.1499938964844,278.1499938964844,0.0,18000.0,313.1499938964844,0.0,18000.0,0.0,0.0,0.0,0.0,0.0,0.0,0.0,0.0,0.0,-0.0,-0.0,-0.0,-6.544322618950674e-21,-3.272161309475337e-21,-3.272161107526945e-21,0.0,0.0,-0.0,0.0,0.0,0.0,-0.0,0.0,0.0,0.0,0.0,0.0,4.0,0.0,0.0
12042540,298.0481872558594,297.1499938964844,293.1499938964844,0.0,-0.0,291.2403869628906,0.9990000128746032,0.6349800825119019,0.4263412356376648,297.6983947753906,297.1499938964844,293.1499938964844,0.0,-0.0,291.23931884765625,0.821651816368103,0.2626480460166931,0.2486846596002578,297.6142578125,297.1499938964844,293.1499938964844,0.0,-0.0,291.2396850585937,0.8657290935516357,0.3093901574611664,0.2163964509963989,297.6099548339844,297.1499938964844,293.1499938964844,0.0,-0.0,291.2388916015625,0.7765405178070068,0.221454918384552,0.2101501375436782,297.5888061523437,297.1499938964844,293.1499938964844,0.0,-0.0,291.23931884765625,0.8232769966125488,0.2638739347457886,1.187150478363037,291.2401733398437,285.63397216796875,291.3000793457031,285.9076538085937,291.298583984375,297.87457275390625,291.24371337890625,1.0,0.5071465373039246,1.0,1.0,0.0,1.0,-2.747767686843872,2.7477617263793945,6.071528787288116e-06,2.122853755950928,0.0,0.0,0.0,103.89891815185548,126.0,103.77790069580078,-0.0,1671.817626953125,1.0,283.1443786621094,288.5085144042969,285.35308837890625,285.36309814453125,293.1499938964844,293.1499938964844,278.1499938964844,0.0,18000.0,313.1499938964844,0.0,18000.0,0.0,0.0,0.0,0.0,0.0,0.0,0.0,0.0,0.0,-0.0,-0.0,-0.0,-6.544322618950674e-21,-3.272161309475337e-21,-3.272161107526945e-21,0.0,0.0,-0.0,0.0,0.0,0.0,-0.0,0.0,0.0,0.0,0.0,0.0,4.0,0.0,0.0
12042600,298.0483703613281,297.1499938964844,293.1499938964844,0.0,-0.0,291.2572631835937,0.9990000128746032,0.6375724077224731,0.427918016910553,297.6986389160156,297.1499938964844,293.1499938964844,0.0,-0.0,291.2562255859375,0.8222699761390686,0.264244019985199,0.2502065002918243,297.61444091796875,297.1499938964844,293.1499938964844,0.0,-0.0,291.2565612792969,0.8659274578094482,0.310739517211914,0.2173461616039276,297.6098327636719,297.1499938964844,293.1499938964844,0.0,-0.0,291.2557983398437,0.777132511138916,0.2227597087621688,0.2114012092351913,297.5881652832031,297.1499938964844,293.1499938964844,0.0,-0.0,291.2562255859375,0.8235025405883789,0.2650688886642456,1.1925894021987915,291.2570495605469,285.6300048828125,291.3166809082031,285.9206237792969,291.315185546875,297.8739929199219,291.2605895996094,1.0,0.5094506144523621,1.0,1.0,0.0,1.0,-2.7606751918792725,2.760668992996216,6.128808763605775e-06,2.132874727249145,0.0,0.0,0.0,104.77204132080078,129.0,103.74639892578124,-0.0,1695.031005859375,1.0,283.1443786621094,288.5085144042969,285.35308837890625,285.36309814453125,293.1499938964844,293.1499938964844,278.1499938964844,0.0,18000.0,313.1499938964844,0.0,18000.0,0.0,0.0,0.0,0.0,0.0,0.0,0.0,0.0,0.0,-0.0,-0.0,-0.0,-6.544322618950674e-21,-3.272161309475337e-21,-3.272161107526945e-21,0.0,0.0,-0.0,0.0,0.0,0.0,-0.0,0.0,0.0,0.0,0.0,0.0,4.0,0.0,0.0
12042660,298.0365600585937,297.1499938964844,293.1499938964844,0.0,-0.0,290.1993713378906,0.9990000128746032,0.6428807973861694,0.4318344295024872,297.6943664550781,297.1499938964844,293.1499938964844,0.0,-0.0,290.32049560546875,0.8237596750259399,0.2677664756774902,0.2539673149585724,297.6083679199219,297.1499938964844,293.1499938964844,0.0,-0.0,290.28173828125,0.8663873672485352,0.3134881258010864,0.2196848541498184,297.6052551269531,297.1499938964844,293.1499938964844,0.0,-0.0,290.3669128417969,0.7785493731498718,0.2256156802177429,0.2144819945096969,297.58160400390625,297.1499938964844,293.1499938964844,0.0,-0.0,290.3201904296875,0.8240193128585815,0.2675756216049194,1.2059320211410522,290.2237854003906,285.6200561523437,291.358154296875,285.9530334472656,291.356689453125,297.8652038574219,289.8191833496094,1.0,0.5151257514953613,1.0,1.0,0.0,1.0,-2.792452096939087,2.7924458980560303,6.271039637795184e-06,2.157576084136963,0.9952926635742188,0.9952926635742188,0.0,106.94769287109376,129.0,8255.46875,-0.0,1753.1495361328125,1.0,283.14990234375,290.9430236816406,285.5187683105469,285.9989013671875,293.1499938964844,293.1499938964844,283.1499938964844,1526.49560546875,18000.0,313.1499938964844,0.0,18000.0,1.0,0.0,0.0,0.0,1.0,0.0,1.0,0.0,0.0,0.7837822437286377,0.7837933897972107,9.333101758102202e-08,4.154112815856934,4.154102325439453,1.0641625522112008e-05,0.0,0.0,-0.0,3059.04345703125,0.0,16.637344360351562,1871.237548828125,0.0,0.0,0.2000000029802322,1.0,0.0,3.0,1.0,0.0
12042720,297.8967590332031,297.1499938964844,293.1499938964844,0.0,-0.0,287.7159729003906,0.9990000128746032,0.6341374516487122,0.4431004822254181,297.6365661621094,297.1499938964844,293.1499938964844,0.0,-0.0,287.7609558105469,0.8176427483558655,0.2651331424713135,0.254464328289032,297.531494140625,297.1499938964844,293.1499938964844,0.0,-0.0,287.7464904785156,0.8582751154899597,0.3085201382637024,0.2190994173288345,297.5549621582031,297.1499938964844,293.1499938964844,0.0,-0.0,287.7802429199219,0.7721826434135437,0.2232221066951751,0.2148089259862899,297.5209350585937,297.1499938964844,293.1499938964844,0.0,-0.0,287.7611389160156,0.817116916179657,0.2640396058559418,1.204615354537964,287.7253112792969,285.6123962402344,291.3900146484375,285.9779357910156,291.3885498046875,297.7554931640625,287.596435546875,1.0,0.5188429951667786,1.0,1.0,0.0,1.0,-2.804749011993408,2.8047425746917725,6.327890787360957e-06,2.1677637100219727,0.9800959825515748,0.9800959825515748,0.0,110.3596420288086,132.0,12436.521484375,-0.0,1788.2237548828125,1.0,283.1499938964844,287.7652282714844,286.5584411621094,287.1831359863281,293.1499938964844,293.1499938964844,283.1499938964844,1783.30322265625,19080.0,313.1499938964844,0.0,18000.0,1.0,0.0,0.0,0.0,1.0,0.0,1.0,0.0,0.0,0.8787344098091125,0.8787363171577454,5.401390978931887e-08,4.261785507202148,4.261775493621826,9.821203093451912e-06,0.0,0.0,-0.0,2982.37109375,0.0,21.070499420166016,1894.869384765625,0.0,0.0,0.2283767610788345,1.0,0.0,3.0,1.0,0.0
12042780,297.4798278808594,297.1499938964844,293.1499938964844,0.0,-0.0,286.2857666015625,0.9990000128746032,0.6013267636299133,0.496326744556427,297.46343994140625,297.1499938964844,293.1499938964844,0.0,-0.0,286.29754638671875,0.7774118185043335,0.2537290751934051,0.2454559355974197,297.3187866210937,297.1499938964844,293.1499938964844,0.0,-0.0,286.29461669921875,0.8151972889900208,0.2917373478412628,0.2085453867912292,297.4009094238281,297.1499938964844,293.1499938964844,0.0,-0.0,286.30181884765625,0.7351064085960388,0.212725356221199,0.2066095173358917,297.3348388671875,297.1499938964844,293.1499938964844,0.0,-0.0,286.2978210449219,0.774253785610199,0.249862402677536,1.150445580482483,286.28924560546875,285.59478759765625,291.4633483886719,286.0354309082031,291.4618530273437,297.4414367675781,286.25933837890625,1.0,0.5227999091148376,1.0,1.0,0.0,1.0,-2.770299434661865,2.770293474197388,6.174715963425115e-06,2.1417479515075684,0.9774504899978638,0.9774504899978638,0.0,123.93791198730467,120.0,15001.263671875,-0.0,1799.859375,1.0,283.1499938964844,285.8392944335937,288.43023681640625,289.03143310546875,293.1499938964844,293.1499938964844,283.1499938964844,4589.232421875,20160.0,313.1499938964844,0.0,18000.0,1.0,0.0,0.0,0.0,1.0,0.0,1.0,0.0,0.0,1.4044328927993774,1.4044363498687744,1.3161744050194102e-07,4.265920639038086,4.265911102294922,9.785958354768807e-06,0.0,0.0,-0.0,3433.252685546875,0.0,85.20759582519531,1895.4366455078125,0.0,0.0,0.356314867734909,1.0,0.0,3.0,1.0,0.0
12042840,297.4798278808594,297.1499938964844,293.1499938964844,0.0,-0.0,286.2857666015625,0.9990000128746032,0.6013267636299133,0.496326744556427,297.46343994140625,297.1499938964844,293.1499938964844,0.0,-0.0,286.29754638671875,0.7774118185043335,0.2537290751934051,0.2454559355974197,297.3187866210937,297.1499938964844,293.1499938964844,0.0,-0.0,286.29461669921875,0.8151972889900208,0.2917373478412628,0.2085453867912292,297.4009094238281,297.1499938964844,293.1499938964844,0.0,-0.0,286.30181884765625,0.7351064085960388,0.212725356221199,0.2066095173358917,297.3348388671875,297.1499938964844,293.1499938964844,0.0,-0.0,286.2978210449219,0.774253785610199,0.249862402677536,1.150445580482483,286.28924560546875,285.59478759765625,291.4633483886719,286.0354309082031,291.4618530273437,297.4414367675781,286.25933837890625,1.0,0.5227999091148376,1.0,1.0,0.0,1.0,-2.770299434661865,2.770293474197388,6.174715963425115e-06,2.1417479515075684,0.9774504899978638,0.9774504899978638,0.0,123.93791198730467,120.0,15001.263671875,-0.0,1799.859375,1.0,283.1499938964844,285.8392944335937,288.43023681640625,289.03143310546875,293.1499938964844,293.1499938964844,283.1499938964844,4589.232421875,20160.0,313.1499938964844,0.0,18000.0,1.0,0.0,0.0,0.0,1.0,0.0,1.0,0.0,0.0,1.4044328927993774,1.4044363498687744,1.3161744050194102e-07,4.265920639038086,4.265911102294922,9.785958354768807e-06,0.0,0.0,-0.0,3433.252685546875,0.0,85.20759582519531,1895.4366455078125,0.0,0.0,0.356314867734909,1.0,0.0,3.0,1.0,0.0
12042900,297.2964782714844,297.1499938964844,293.1499938964844,0.0,-0.0,285.9894104003906,0.9990000128746032,0.5854036808013916,0.5139753222465515,297.3928527832031,297.1499938964844,293.1499938964844,0.0,-0.0,285.9985046386719,0.763236939907074,0.2487779259681701,0.2406381368637085,297.2408447265625,297.1499938964844,293.1499938964844,0.0,-0.0,285.99639892578125,0.7993162870407104,0.2851442992687225,0.2036113739013672,297.33642578125,297.1499938964844,293.1499938964844,0.0,-0.0,286.001708984375,0.7222322225570679,0.2079784125089645,0.2020695060491562,297.2571105957031,297.1499938964844,293.1499938964844,0.0,-0.0,285.9988098144531,0.7586702704429626,0.2433957904577255,1.120893955230713,285.9922790527344,285.58599853515625,291.5,286.064208984375,291.4985046386719,297.31915283203125,285.9702453613281,1.0,0.5209944248199463,1.0,1.0,0.0,1.0,-2.738835096359253,2.7388291358947754,6.035603291820735e-06,2.11758804321289,0.9772239923477172,0.9772239923477172,0.0,128.08021545410156,120.0,15637.123046875,-0.0,1771.52880859375,1.0,283.1499938964844,285.5014038085937,289.29400634765625,289.9388122558594,293.1499938964844,293.1499938964844,283.1499938964844,6313.9580078125,20160.0,313.1499938964844,0.0,18000.0,1.0,0.0,0.0,0.0,1.0,0.0378329753875732,1.0,0.0,0.0,1.6472516059875488,1.6472563743591309,1.810563503568119e-07,4.265923976898193,4.265914440155029,9.785929250938352e-06,0.0,0.0,-0.0,3679.746826171875,0.0,137.48678588867188,1895.4371337890625,0.0,0.0,0.4127287864685058,1.0,0.0,3.0,1.0,0.0
12042960,297.1404113769531,297.1499938964844,293.1499938964844,0.0,-0.0,285.7836608886719,0.9973069429397584,0.5709919333457947,0.5204124450683594,297.3355407714844,297.1499938964844,293.1499938964844,0.0,-0.0,285.7904052734375,0.7530444860458374,0.2446829825639724,0.2365193217992782,297.18121337890625,297.1499938964844,293.1499938964844,0.0,-0.0,285.7889099121094,0.7874062061309814,0.2798584401607513,0.1995907872915268,297.282958984375,297.1499938964844,293.1499938964844,0.0,-0.0,285.792724609375,0.7120994329452515,0.2039034813642501,0.1980527639389038,297.1933288574219,297.1499938964844,293.1499938964844,0.0,-0.0,285.79071044921875,0.7471193075180054,0.237804964184761,1.094618558883667,285.785888671875,285.62945556640625,291.5366516113281,286.093017578125,291.53515625,297.2435913085937,285.76959228515625,1.0,0.5174086093902588,1.0,1.0,0.0,1.0,-2.700527667999268,2.70052170753479,5.869025699212216e-06,2.088482618331909,0.975903332233429,0.975903332233429,0.0,130.5386962890625,108.0,15998.462890625,-0.0,1725.719970703125,1.0,283.1499938964844,285.2673034667969,290.13702392578125,290.8203125,293.1499938964844,293.1499938964844,283.1499938964844,7987.1181640625,21240.0,313.1499938964844,0.0,18000.0,1.0,0.0,0.0,0.0,1.0,0.1831570565700531,1.0,0.0,0.0,1.8519511222839355,1.851957082748413,2.288508085257491e-07,4.265924453735352,4.265914440155029,9.78592834144365e-06,0.0,0.0,-0.0,3909.68115234375,0.0,195.3997802734375,1895.4371337890625,0.0,0.0,0.4652772545814514,1.0,0.0,3.0,1.0,0.0
12043020,296.9666442871094,297.1499938964844,293.1499938964844,0.0,-0.0,285.48834228515625,0.9807056188583374,0.5530851483345032,0.5013726353645325,297.25408935546875,297.1499938964844,293.1499938964844,0.0,-0.0,285.4925231933594,0.7408244609832764,0.238735020160675,0.2303789258003235,297.1020812988281,297.1499938964844,293.1499938964844,0.0,-0.0,285.4916076660156,0.7727817893028259,0.272186815738678,0.1937249153852462,297.2043762207031,297.1499938964844,293.1499938964844,0.0,-0.0,285.4940490722656,0.6977981328964233,0.1975886970758438,0.1916790902614593,297.1000366210937,297.1499938964844,293.1499938964844,0.0,-0.0,285.4927978515625,0.7321426272392273,0.2288559079170227,1.0520429611206057,285.48974609375,285.66119384765625,291.6099853515625,286.15069580078125,291.6084289550781,297.16729736328125,285.4794921875,1.0,0.5055056810379028,1.0,1.0,0.0,1.0,-2.604266166687012,2.6042606830596924,5.4569068197452e-06,2.0134615898132324,0.9715754985809326,0.9715754985809326,0.0,131.36488342285156,96.0,16299.6220703125,-0.0,1591.73046875,1.0,283.1499938964844,284.9339599609375,290.5627746582031,291.7345886230469,293.1499938964844,293.1499938964844,283.1499938964844,11501.57421875,22320.0,313.1499938964844,0.0,18000.0,1.0,0.0,0.0,0.0,1.0,0.5042135119438171,1.0,0.0,0.0,2.215533971786499,2.215542316436768,3.2752930678725534e-07,4.265924453735352,4.265914440155029,9.78592834144365e-06,0.0,0.0,-0.0,4026.52587890625,0.0,334.8778686523437,1895.4371337890625,0.0,520.0172119140625,0.5536938905715942,1.0,0.0,3.0,1.0,0.0
12043080,296.9666442871094,297.1499938964844,293.1499938964844,0.0,-0.0,285.48834228515625,0.9807056188583374,0.5530851483345032,0.5013726353645325,297.25408935546875,297.1499938964844,293.1499938964844,0.0,-0.0,285.4925231933594,0.7408244609832764,0.238735020160675,0.2303789258003235,297.1020812988281,297.1499938964844,293.1499938964844,0.0,-0.0,285.4916076660156,0.7727817893028259,0.272186815738678,0.1937249153852462,297.2043762207031,297.1499938964844,293.1499938964844,0.0,-0.0,285.4940490722656,0.6977981328964233,0.1975886970758438,0.1916790902614593,297.1000366210937,297.1499938964844,293.1499938964844,0.0,-0.0,285.4927978515625,0.7321426272392273,0.2288559079170227,1.0520429611206057,285.48974609375,285.66119384765625,291.6099853515625,286.15069580078125,291.6084289550781,297.16729736328125,285.4794921875,1.0,0.5055056810379028,1.0,1.0,0.0,1.0,-2.604266166687012,2.6042606830596924,5.4569068197452e-06,2.0134615898132324,0.9715754985809326,0.9715754985809326,0.0,131.36488342285156,96.0,16299.6220703125,-0.0,1591.73046875,1.0,283.1499938964844,284.9339599609375,290.5627746582031,291.7345886230469,293.1499938964844,293.1499938964844,283.1499938964844,11501.57421875,22320.0,313.1499938964844,0.0,18000.0,1.0,0.0,0.0,0.0,1.0,0.5042135119438171,1.0,0.0,0.0,2.215533971786499,2.215542316436768,3.2752930678725534e-07,4.265924453735352,4.265914440155029,9.78592834144365e-06,0.0,0.0,-0.0,4026.52587890625,0.0,334.8778686523437,1895.4371337890625,0.0,520.0172119140625,0.5536938905715942,1.0,0.0,3.0,1.0,0.0
12043140,296.9065856933594,297.1499938964844,293.1499938964844,0.0,-0.0,285.33367919921875,0.9833027124404908,0.5449979305267334,0.492694616317749,297.2115783691406,297.1499938964844,293.1499938964844,0.0,-0.0,285.3363647460937,0.743323802947998,0.2355861216783523,0.2267703264951706,297.06451416015625,297.1499938964844,293.1499938964844,0.0,-0.0,285.3357849121094,0.7749226689338684,0.2678645253181457,0.1902025490999221,297.1617736816406,297.1499938964844,293.1499938964844,0.0,-0.0,285.3373718261719,0.6990253329277039,0.1938833445310592,0.1875872164964676,297.04998779296875,297.1499938964844,293.1499938964844,0.0,-0.0,285.33660888671875,0.7319722175598145,0.2232587188482284,1.023725509643555,285.3345947265625,285.6434326171875,291.6734313964844,286.20068359375,291.6718139648437,297.1234436035156,285.3279724121094,1.0,0.4937161207199096,1.0,1.0,0.0,1.0,-2.546306848526001,2.54630184173584,5.216062163526658e-06,1.9683144092559808,0.9668949246406556,0.9668949246406556,0.0,124.90326690673828,96.0,16441.8515625,-0.0,1484.71923828125,1.0,283.1499938964844,284.7560119628906,290.0294189453125,291.3503112792969,293.1499938964844,293.1499938964844,283.1499938964844,14404.6220703125,22320.0,313.1499938964844,0.0,18000.0,1.0,0.0,0.0,0.0,1.0,0.642961323261261,1.0,0.0,0.0,2.4693374633789062,2.4693479537963867,4.068686507707753e-07,4.265924453735352,4.265914440155029,9.78592834144365e-06,0.0,0.0,-0.0,3890.282958984375,0.0,464.2447814941406,1895.4371337890625,0.0,1193.00146484375,0.6125026345252991,1.0,0.0,3.0,1.0,0.0
12043200,296.9009094238281,297.1499938964844,293.1499938964844,0.0,-0.0,285.3163757324219,0.9845963716506958,0.5440369844436646,0.4916777014732361,297.20672607421875,297.1499938964844,293.1499938964844,0.0,-0.0,285.31884765625,0.7444271445274353,0.2352247834205627,0.2263265997171402,297.0604553222656,297.1499938964844,293.1499938964844,0.0,-0.0,285.3183288574219,0.7760513424873352,0.2673292756080627,0.1897514462471008,297.1567687988281,297.1499938964844,293.1499938964844,0.0,-0.0,285.3197631835937,0.6999754309654236,0.1934249550104141,0.187055766582489,297.0442199707031,297.1499938964844,293.1499938964844,0.0,-0.0,285.3190612792969,0.7326428294181824,0.2225327044725418,1.019947171211243,285.3172302246094,285.69000244140625,291.6833190917969,286.20849609375,291.6817321777344,297.1184997558594,285.31109619140625,1.0,0.4918390810489654,1.0,1.0,0.0,1.0,-2.53882908821106,2.53882384300232,5.185394002182875e-06,1.9624927043914795,0.9654725790023804,0.9654725790023804,0.0,123.56392669677734,84.0,16455.5234375,-0.0,1469.0340576171875,1.0,283.1499938964844,284.7359313964844,289.93896484375,291.2607421875,293.1499938964844,293.1499938964844,283.1499938964844,14792.927734375,23400.0,313.1499938964844,0.0,18000.0,1.0,0.0,0.0,0.0,1.0,0.6541864275932312,1.0,0.0,0.0,2.500877618789673,2.5008885860443115,4.173286640707375e-07,4.265924453735352,4.265914440155029,9.78592834144365e-06,0.0,0.0,-0.0,3866.66455078125,0.0,482.3542175292969,1895.4371337890625,0.0,1269.673583984375,0.6231164336204529,1.0,0.0,3.0,1.0,0.0
12043260,296.8750305175781,297.1499938964844,293.1499938964844,0.0,-0.0,285.21307373046875,0.9981874227523804,0.5382353067398071,0.485600084066391,297.1815185546875,297.1499938964844,293.1499938964844,0.0,-0.0,285.2145690917969,0.7574173808097839,0.2333723902702331,0.2238431721925735,297.040771484375,297.1499938964844,293.1499938964844,0.0,-0.0,285.2142333984375,0.7895280718803406,0.2641831636428833,0.1870195567607879,297.1303100585937,297.1499938964844,293.1499938964844,0.0,-0.0,285.21514892578125,0.711764931678772,0.1908122301101684,0.1838704496622085,297.0140075683594,297.1499938964844,293.1499938964844,0.0,-0.0,285.2147216796875,0.7421600222587585,0.2181108444929123,0.9964060187339784,285.2135925292969,285.71588134765625,291.75665283203125,286.2663269042969,291.7550354003906,297.093505859375,285.2098388671875,1.0,0.4780071377754211,1.0,1.0,0.0,1.0,-2.4930758476257324,2.4930710792541504,4.999818884243723e-06,1.9269062280654907,0.9581597447395324,0.9581597447395324,0.0,112.18653106689452,72.0,16567.27734375,-0.0,1361.380859375,1.0,283.1499938964844,284.6131896972656,289.4287414550781,290.6849365234375,293.1499938964844,293.1499938964844,283.1499938964844,17709.30078125,24480.0,313.1499938964844,0.0,18000.0,1.0,0.0,0.0,0.0,1.0,0.6813352108001709,1.0,0.0,0.0,2.720157623291016,2.720170736312866,4.937209041599999e-07,4.265924453735352,4.265914440155029,9.78592834144365e-06,0.0,0.0,-0.0,3734.601806640625,0.0,621.8478393554688,1895.4371337890625,0.0,1466.6826171875,0.6765909194946289,1.0,0.0,3.0,1.0,0.0
12043320,296.8750305175781,297.1499938964844,293.1499938964844,0.0,-0.0,285.21307373046875,0.9981874227523804,0.5382353067398071,0.485600084066391,297.1815185546875,297.1499938964844,293.1499938964844,0.0,-0.0,285.2145690917969,0.7574173808097839,0.2333723902702331,0.2238431721925735,297.040771484375,297.1499938964844,293.1499938964844,0.0,-0.0,285.2142333984375,0.7895280718803406,0.2641831636428833,0.1870195567607879,297.1303100585937,297.1499938964844,293.1499938964844,0.0,-0.0,285.21514892578125,0.711764931678772,0.1908122301101684,0.1838704496622085,297.0140075683594,297.1499938964844,293.1499938964844,0.0,-0.0,285.2147216796875,0.7421600222587585,0.2181108444929123,0.9964060187339784,285.2135925292969,285.71588134765625,291.75665283203125,286.2663269042969,291.7550354003906,297.093505859375,285.2098388671875,1.0,0.4780071377754211,1.0,1.0,0.0,1.0,-2.4930758476257324,2.4930710792541504,4.999818884243723e-06,1.9269062280654907,0.9581597447395324,0.9581597447395324,0.0,112.18653106689452,72.0,16567.27734375,-0.0,1361.380859375,1.0,283.1499938964844,284.6131896972656,289.4287414550781,290.6849365234375,293.1499938964844,293.1499938964844,283.1499938964844,17709.30078125,24480.0,313.1499938964844,0.0,18000.0,1.0,0.0,0.0,0.0,1.0,0.6813352108001709,1.0,0.0,0.0,2.720157623291016,2.720170736312866,4.937209041599999e-07,4.265924453735352,4.265914440155029,9.78592834144365e-06,0.0,0.0,-0.0,3734.601806640625,0.0,621.8478393554688,1895.4371337890625,0.0,1466.6826171875,0.6765909194946289,1.0,0.0,3.0,1.0,0.0
12043380,296.89129638671875,297.1499938964844,293.1499938964844,0.0,-0.0,285.13916015625,0.9990000128746032,0.5363274216651917,0.4603973627090454,297.1692810058594,297.1499938964844,293.1499938964844,0.0,-0.0,285.1403503417969,0.7713959813117981,0.2325210720300674,0.2225202769041061,297.0323181152344,297.1499938964844,293.1499938964844,0.0,-0.0,285.1401062011719,0.8033650517463684,0.2619369029998779,0.185095801949501,297.1166076660156,297.1499938964844,293.1499938964844,0.0,-0.0,285.1408386230469,0.7232176661491394,0.189162328839302,0.1817982643842697,296.99932861328125,297.1499938964844,293.1499938964844,0.0,-0.0,285.1405029296875,0.7525313496589661,0.2148878574371338,0.9792775511741638,285.1395874023437,285.7388000488281,291.8299865722656,286.32421875,291.8283386230469,297.0840759277344,285.1363525390625,1.0,0.4633144736289978,1.0,1.0,0.0,1.0,-2.435903549194336,2.435898780822754,4.773518867295934e-06,1.882823467254639,0.9498066902160645,0.9498066902160645,0.0,102.17386627197266,60.0,16542.529296875,-0.0,1249.2479248046875,1.0,283.1499938964844,284.5250549316406,289.2304077148437,290.4048767089844,293.1499938964844,293.1499938964844,283.1499938964844,20233.06640625,25560.0,313.1499938964844,0.0,18000.0,1.0,0.0,0.0,0.0,1.0,0.6581015586853027,1.0,0.0,0.0,2.886941909790039,2.8869564533233643,5.561211651183839e-07,4.265924453735352,4.265914440155029,9.78592834144365e-06,0.0,0.0,-0.0,3680.065185546875,0.0,745.0787963867188,1895.4371337890625,0.0,1297.0985107421875,0.717451274394989,1.0,0.0,3.0,1.0,0.0
12043440,296.89129638671875,297.1499938964844,293.1499938964844,0.0,-0.0,285.13916015625,0.9990000128746032,0.5363274216651917,0.4603973627090454,297.1692810058594,297.1499938964844,293.1499938964844,0.0,-0.0,285.1403503417969,0.7713959813117981,0.2325210720300674,0.2225202769041061,297.0323181152344,297.1499938964844,293.1499938964844,0.0,-0.0,285.1401062011719,0.8033650517463684,0.2619369029998779,0.185095801949501,297.1166076660156,297.1499938964844,293.1499938964844,0.0,-0.0,285.1408386230469,0.7232176661491394,0.189162328839302,0.1817982643842697,296.99932861328125,297.1499938964844,293.1499938964844,0.0,-0.0,285.1405029296875,0.7525313496589661,0.2148878574371338,0.9792775511741638,285.1395874023437,285.7388000488281,291.8299865722656,286.32421875,291.8283386230469,297.0840759277344,285.1363525390625,1.0,0.4633144736289978,1.0,1.0,0.0,1.0,-2.435903549194336,2.435898780822754,4.773518867295934e-06,1.882823467254639,0.9498066902160645,0.9498066902160645,0.0,102.17386627197266,60.0,16542.529296875,-0.0,1249.2479248046875,1.0,283.1499938964844,284.5250549316406,289.2304077148437,290.4048767089844,293.1499938964844,293.1499938964844,283.1499938964844,20233.06640625,25560.0,313.1499938964844,0.0,18000.0,1.0,0.0,0.0,0.0,1.0,0.6581015586853027,1.0,0.0,0.0,2.886941909790039,2.8869564533233643,5.561211651183839e-07,4.265924453735352,4.265914440155029,9.78592834144365e-06,0.0,0.0,-0.0,3680.065185546875,0.0,745.0787963867188,1895.4371337890625,0.0,1297.0985107421875,0.717451274394989,1.0,0.0,3.0,1.0,0.0
12043500,296.9225769042969,297.1499938964844,293.1499938964844,0.0,-0.0,285.1068725585937,0.9990000128746032,0.5377523899078369,0.4447138607501983,297.16632080078125,297.1499938964844,293.1499938964844,0.0,-0.0,285.1079406738281,0.7800366282463074,0.2323501408100128,0.2221199721097946,297.0305480957031,297.1499938964844,293.1499938964844,0.0,-0.0,285.10772705078125,0.8115710020065308,0.2610158920288086,0.1842906028032302,297.1128845214844,297.1499938964844,293.1499938964844,0.0,-0.0,285.1083984375,0.7300361394882202,0.1885861903429031,0.1810162961483001,296.9961242675781,297.1499938964844,293.1499938964844,0.0,-0.0,285.1081237792969,0.7593052387237549,0.2136173397302627,0.972322165966034,285.10723876953125,285.726318359375,291.8666687011719,286.3531494140625,291.8649597167969,297.08026123046875,285.1041259765625,1.0,0.4556438028812408,1.0,1.0,0.0,1.0,-2.4063167572021484,2.406312227249145,4.658298621507129e-06,1.8598865270614624,0.94547837972641,0.94547837972641,0.0,97.01602935791016,60.0,16507.08984375,-0.0,1193.1881103515625,1.0,283.1499938964844,284.4867553710937,289.2153625488281,290.3605041503906,293.1499938964844,293.1499938964844,283.1499938964844,21490.205078125,25560.0,313.1499938964844,0.0,18000.0,1.0,0.0,0.0,0.0,1.0,0.6417675018310547,1.0,0.0,0.0,2.962374925613404,2.962390422821045,5.855626454831508e-07,4.265924453735352,4.265914440155029,9.78592834144365e-06,0.0,0.0,-0.0,3674.31689453125,0.0,806.15234375,1895.4371337890625,0.0,1185.0225830078125,0.7332457304000854,1.0,0.0,3.0,1.0,0.0
12043560,296.96649169921875,297.1499938964844,293.1499938964844,0.0,-0.0,285.0818786621094,0.9990000128746032,0.5406161546707153,0.427909106016159,297.16485595703125,297.1499938964844,293.1499938964844,0.0,-0.0,285.08270263671875,0.7900577187538147,0.2323112189769745,0.221850499510765,297.0299072265625,297.1499938964844,293.1499938964844,0.0,-0.0,285.0825500488281,0.8205431699752808,0.2601961195468902,0.183558776974678,297.1107177734375,297.1499938964844,293.1499938964844,0.0,-0.0,285.0830993652344,0.7379502654075623,0.1881387382745742,0.1803623735904693,296.99493408203125,297.1499938964844,293.1499938964844,0.0,-0.0,285.0828552246094,0.767463207244873,0.2125265002250671,0.9662307500839232,285.0821533203125,285.7587890625,291.9033203125,286.3821105957031,291.901611328125,297.0792541503906,285.0796203613281,1.0,0.4478134512901306,1.0,1.0,0.0,1.0,-2.376821517944336,2.376816987991333,4.544879175227834e-06,1.8370156288146973,0.9405385851860046,0.9405385851860046,0.0,91.7348403930664,63.0,16444.806640625,-0.0,1137.9788818359375,1.0,283.1499938964844,284.458251953125,289.234619140625,290.3575744628906,293.1499938964844,293.1499938964844,283.1499938964844,22414.111328125,26640.0,313.1499938964844,0.0,18000.0,1.0,0.0,0.0,0.0,1.0,0.6263132095336914,1.0,0.0,0.0,3.0132803916931152,3.013296365737915,6.058601798031304e-07,4.265924453735352,4.265914440155029,9.78592834144365e-06,0.0,0.0,-0.0,3676.238525390625,0.0,849.5350341796875,1895.4371337890625,0.0,1084.89892578125,0.7486390471458435,1.0,0.0,3.0,1.0,0.0
12043620,297.0372009277344,297.1499938964844,293.1499938964844,0.0,-0.0,285.05242919921875,0.9990000128746032,0.5460578799247742,0.4110772907733917,297.1649475097656,297.1499938964844,293.1499938964844,0.0,-0.0,285.0530090332031,0.8008753061294556,0.2324460744857788,0.221740111708641,297.03057861328125,297.1499938964844,293.1499938964844,0.0,-0.0,285.0528869628906,0.829674482345581,0.2592288553714752,0.1827218830585479,297.10986328125,297.1499938964844,293.1499938964844,0.0,-0.0,285.05328369140625,0.7464681267738342,0.1877125948667526,0.1797241270542144,296.99560546875,297.1499938964844,293.1499938964844,0.0,-0.0,285.0531005859375,0.776050865650177,0.2112552970647812,0.95938640832901,285.0526123046875,285.7408447265625,291.95318603515625,286.42144775390625,291.95147705078125,297.0904846191406,285.0508728027344,1.0,0.4402884244918823,1.0,1.0,0.0,1.0,-2.34645676612854,2.346452236175537,4.429269210959319e-06,1.8132665157318115,0.9341846108436584,0.9341846108436584,0.0,86.59228515625,63.0,16410.57421875,-0.0,1083.626708984375,1.0,283.1499938964844,284.42333984375,289.2939758300781,290.3993225097656,293.1499938964844,293.1499938964844,283.1499938964844,23834.328125,26640.0,313.1499938964844,0.0,18000.0,1.0,0.0,0.0,0.0,1.0,0.6093075275421143,1.0,0.0,0.0,3.086937665939331,3.086954593658448,6.358417863339128e-07,4.265924453735352,4.265914440155029,9.78592834144365e-06,0.0,0.0,-0.0,3689.919189453125,0.0,915.3374633789062,1895.4371337890625,0.0,981.85302734375,0.7641057968139648,1.0,0.0,3.0,1.0,0.0
12043680,297.07037353515625,297.1499938964844,293.1499938964844,0.0,-0.0,285.0437927246094,0.9990000128746032,0.5488171577453613,0.4047693610191345,297.16558837890625,297.1499938964844,293.1499938964844,0.0,-0.0,285.044189453125,0.8051612973213196,0.2325683236122131,0.2217683941125869,297.0313720703125,297.1499938964844,293.1499938964844,0.0,-0.0,285.0440979003906,0.8331859707832336,0.2588211894035339,0.1823774576187133,297.11004638671875,297.1499938964844,293.1499938964844,0.0,-0.0,285.0444030761719,0.7498598098754883,0.1875681579113006,0.179501935839653,296.99639892578125,297.1499938964844,293.1499938964844,0.0,-0.0,285.0442810058594,0.7793528437614441,0.21070496737957,0.956537425518036,285.0439147949219,285.77587890625,291.9766540527344,286.4399719238281,291.97491455078125,297.10223388671875,285.04254150390625,1.0,0.4373762011528015,1.0,1.0,0.0,1.0,-2.334806203842163,2.33480167388916,4.385392458061688e-06,1.8041913509368896,0.930663764476776,0.930663764476776,0.0,84.70497131347656,66.0,16399.15234375,-0.0,1063.452392578125,1.0,283.1499938964844,284.41278076171875,289.3287658691406,290.4295959472656,293.1499938964844,293.1499938964844,283.1499938964844,24319.875,27720.0,313.1499938964844,0.0,18000.0,1.0,0.0,0.0,0.0,1.0,0.6032828688621521,1.0,0.0,0.0,3.1091880798339844,3.10920524597168,6.450409841818328e-07,4.265924453735352,4.265914440155029,9.78592834144365e-06,0.0,0.0,-0.0,3698.337158203125,0.0,936.1702880859376,1895.4371337890625,0.0,947.2342529296876,0.7725772261619568,1.0,0.0,3.0,1.0,0.0
12043740,297.1567687988281,297.1499938964844,293.1499938964844,0.0,-0.0,285.0220642089844,0.9990000128746032,0.5565957427024841,0.3900502920150757,297.169189453125,297.1499938964844,293.1499938964844,0.0,-0.0,285.022216796875,0.8154348134994507,0.2331282943487167,0.2220971584320068,297.0351257324219,297.1499938964844,293.1499938964844,0.0,-0.0,285.0221862792969,0.8415800333023071,0.2576952278614044,0.1814542412757873,297.1122436523437,297.1499938964844,293.1499938964844,0.0,-0.0,285.0223388671875,0.758273184299469,0.1872830688953399,0.1790374219417572,297.0007019042969,297.1499938964844,293.1499938964844,0.0,-0.0,285.02227783203125,0.787080705165863,0.209193468093872,0.948753535747528,285.0220947265625,285.7900085449219,292.04998779296875,286.4978332519531,292.0482177734375,297.1397705078125,285.0214538574219,1.0,0.4304549992084503,1.0,1.0,0.0,1.0,-2.306492328643799,2.306488037109375,4.279713266441831e-06,1.7821345329284668,0.9204409718513488,0.9204409718513488,0.0,80.36631774902344,69.0,16411.783203125,-0.0,1016.1651611328124,1.0,283.1499938964844,284.3837890625,289.4438781738281,290.5430908203125,293.1499938964844,293.1499938964844,283.1499938964844,26013.775390625,28800.0,313.1499938964844,0.0,18000.0,1.0,0.0,0.0,0.0,1.0,0.5925464034080505,1.0,0.0,0.0,3.182326555252075,3.182344436645508,6.757449000360793e-07,4.265924453735352,4.265914440155029,9.78592834144365e-06,0.0,0.0,-0.0,3728.792724609375,0.0,1007.3007202148438,1895.4371337890625,0.0,888.146484375,0.7911102771759033,1.0,0.0,3.0,1.0,0.0
12043800,297.1567687988281,297.1499938964844,293.1499938964844,0.0,-0.0,285.0220642089844,0.9990000128746032,0.5565957427024841,0.3900502920150757,297.169189453125,297.1499938964844,293.1499938964844,0.0,-0.0,285.022216796875,0.8154348134994507,0.2331282943487167,0.2220971584320068,297.0351257324219,297.1499938964844,293.1499938964844,0.0,-0.0,285.0221862792969,0.8415800333023071,0.2576952278614044,0.1814542412757873,297.1122436523437,297.1499938964844,293.1499938964844,0.0,-0.0,285.0223388671875,0.758273184299469,0.1872830688953399,0.1790374219417572,297.0007019042969,297.1499938964844,293.1499938964844,0.0,-0.0,285.02227783203125,0.787080705165863,0.209193468093872,0.948753535747528,285.0220947265625,285.7900085449219,292.04998779296875,286.4978332519531,292.0482177734375,297.1397705078125,285.0214538574219,1.0,0.4304549992084503,1.0,1.0,0.0,1.0,-2.306492328643799,2.306488037109375,4.279713266441831e-06,1.7821345329284668,0.9204409718513488,0.9204409718513488,0.0,80.36631774902344,69.0,16411.783203125,-0.0,1016.1651611328124,1.0,283.1499938964844,284.3837890625,289.4438781738281,290.5430908203125,293.1499938964844,293.1499938964844,283.1499938964844,26013.775390625,28800.0,313.1499938964844,0.0,18000.0,1.0,0.0,0.0,0.0,1.0,0.5925464034080505,1.0,0.0,0.0,3.182326555252075,3.182344436645508,6.757449000360793e-07,4.265924453735352,4.265914440155029,9.78592834144365e-06,0.0,0.0,-0.0,3728.792724609375,0.0,1007.3007202148438,1895.4371337890625,0.0,888.146484375,0.7911102771759033,1.0,0.0,3.0,1.0,0.0
12043860,297.2138366699219,297.1499938964844,293.1499938964844,0.0,-0.0,285.0113525390625,0.9990000128746032,0.5624915361404419,0.3813875019550323,297.17449951171875,297.1499938964844,293.1499938964844,0.0,-0.0,285.0113830566406,0.821931779384613,0.2339073121547699,0.2227059304714203,297.0401916503906,297.1499938964844,293.1499938964844,0.0,-0.0,285.0113830566406,0.8465026021003723,0.2567529678344726,0.1807109862565994,297.1161193847656,297.1499938964844,293.1499938964844,0.0,-0.0,285.01141357421875,0.7636213898658752,0.1871944516897201,0.1788332611322403,297.0074768066406,297.1499938964844,293.1499938964844,0.0,-0.0,285.01141357421875,0.7914212346076965,0.2079858183860778,0.9426775574684144,285.0113830566406,285.8012084960937,292.1233215332031,286.5556335449219,292.1215515136719,297.1676940917969,285.01123046875,1.0,0.4262079298496246,1.0,1.0,0.0,1.0,-2.2883734703063965,2.2883691787719727,4.212799467495643e-06,1.7680202722549438,0.9100136756896972,0.9100136756896972,0.0,77.83454132080078,72.0,16469.75,-0.0,987.4136352539062,1.0,283.1499938964844,284.3660888671875,289.54510498046875,290.6527404785156,293.1499938964844,293.1499938964844,283.1499938964844,27553.037109375,29880.0,313.1499938964844,0.0,18000.0,1.0,0.0,0.0,0.0,1.0,0.5908188819885254,1.0,0.0,0.0,3.238354444503784,3.238373279571533,6.997486821092025e-07,4.265924453735352,4.265914440155029,9.78592834144365e-06,0.0,0.0,-0.0,3757.606201171875,0.0,1065.530517578125,1895.4371337890625,0.0,878.9644165039062,0.8055996298789978,1.0,0.0,3.0,1.0,0.0
12043920,297.2138366699219,297.1499938964844,293.1499938964844,0.0,-0.0,285.0113525390625,0.9990000128746032,0.5624915361404419,0.3813875019550323,297.17449951171875,297.1499938964844,293.1499938964844,0.0,-0.0,285.0113830566406,0.821931779384613,0.2339073121547699,0.2227059304714203,297.0401916503906,297.1499938964844,293.1499938964844,0.0,-0.0,285.0113830566406,0.8465026021003723,0.2567529678344726,0.1807109862565994,297.1161193847656,297.1499938964844,293.1499938964844,0.0,-0.0,285.01141357421875,0.7636213898658752,0.1871944516897201,0.1788332611322403,297.0074768066406,297.1499938964844,293.1499938964844,0.0,-0.0,285.01141357421875,0.7914212346076965,0.2079858183860778,0.9426775574684144,285.0113830566406,285.8012084960937,292.1233215332031,286.5556335449219,292.1215515136719,297.1676940917969,285.01123046875,1.0,0.4262079298496246,1.0,1.0,0.0,1.0,-2.2883734703063965,2.2883691787719727,4.212799467495643e-06,1.7680202722549438,0.9100136756896972,0.9100136756896972,0.0,77.83454132080078,72.0,16469.75,-0.0,987.4136352539062,1.0,283.1499938964844,284.3660888671875,289.54510498046875,290.6527404785156,293.1499938964844,293.1499938964844,283.1499938964844,27553.037109375,29880.0,313.1499938964844,0.0,18000.0,1.0,0.0,0.0,0.0,1.0,0.5908188819885254,1.0,0.0,0.0,3.238354444503784,3.238373279571533,6.997486821092025e-07,4.265924453735352,4.265914440155029,9.78592834144365e-06,0.0,0.0,-0.0,3757.606201171875,0.0,1065.530517578125,1895.4371337890625,0.0,878.9644165039062,0.8055996298789978,1.0,0.0,3.0,1.0,0.0
12043980,297.2481689453125,297.1499938964844,293.1499938964844,0.0,-0.0,285.0087890625,0.9990000128746032,0.5667994618415833,0.3774699568748474,297.1807861328125,297.1499938964844,293.1499938964844,0.0,-0.0,285.0086975097656,0.825525164604187,0.2348550707101822,0.2235282063484192,297.0460510253906,297.1499938964844,293.1499938964844,0.0,-0.0,285.0087280273437,0.8483953475952148,0.255956083536148,0.1801066845655441,297.1208801269531,297.1499938964844,293.1499938964844,0.0,-0.0,285.0086669921875,0.7662292122840881,0.1872492581605911,0.1788193583488464,297.0151062011719,297.1499938964844,293.1499938964844,0.0,-0.0,285.0086669921875,0.7927977442741394,0.206953689455986,0.937730312347412,285.0087585449219,285.8094787597656,292.1966552734375,286.6133728027344,292.19488525390625,297.1876220703125,285.0090026855469,1.0,0.4239919781684875,1.0,1.0,0.0,1.0,-2.2779645919799805,2.2779603004455566,4.174620244157268e-06,1.7599170207977295,0.8995082974433899,0.8995082974433899,0.0,76.63929748535156,75.0,16564.2578125,-0.0,972.0908813476562,1.0,283.1499938964844,284.3565673828125,289.6244506835937,290.7434997558594,293.1499938964844,293.1499938964844,283.1499938964844,28981.244140625,30960.0,313.1499938964844,0.0,18000.0,1.0,0.0,0.0,0.0,1.0,0.5933905839920044,1.0,0.0,0.0,3.2813501358032227,3.28136944770813,7.18453179615608e-07,4.265924453735352,4.265914440155029,9.78592834144365e-06,0.0,0.0,-0.0,3782.2705078125,0.0,1113.1905517578125,1895.4371337890625,0.0,892.6660766601562,0.817024827003479,1.0,0.0,3.0,1.0,0.0
12044040,297.2481689453125,297.1499938964844,293.1499938964844,0.0,-0.0,285.0087890625,0.9990000128746032,0.5667994618415833,0.3774699568748474,297.1807861328125,297.1499938964844,293.1499938964844,0.0,-0.0,285.0086975097656,0.825525164604187,0.2348550707101822,0.2235282063484192,297.0460510253906,297.1499938964844,293.1499938964844,0.0,-0.0,285.0087280273437,0.8483953475952148,0.255956083536148,0.1801066845655441,297.1208801269531,297.1499938964844,293.1499938964844,0.0,-0.0,285.0086669921875,0.7662292122840881,0.1872492581605911,0.1788193583488464,297.0151062011719,297.1499938964844,293.1499938964844,0.0,-0.0,285.0086669921875,0.7927977442741394,0.206953689455986,0.937730312347412,285.0087585449219,285.8094787597656,292.1966552734375,286.6133728027344,292.19488525390625,297.1876220703125,285.0090026855469,1.0,0.4239919781684875,1.0,1.0,0.0,1.0,-2.2779645919799805,2.2779603004455566,4.174620244157268e-06,1.7599170207977295,0.8995082974433899,0.8995082974433899,0.0,76.63929748535156,75.0,16564.2578125,-0.0,972.0908813476562,1.0,283.1499938964844,284.3565673828125,289.6244506835937,290.7434997558594,293.1499938964844,293.1499938964844,283.1499938964844,28981.244140625,30960.0,313.1499938964844,0.0,18000.0,1.0,0.0,0.0,0.0,1.0,0.5933905839920044,1.0,0.0,0.0,3.2813501358032227,3.28136944770813,7.18453179615608e-07,4.265924453735352,4.265914440155029,9.78592834144365e-06,0.0,0.0,-0.0,3782.2705078125,0.0,1113.1905517578125,1895.4371337890625,0.0,892.6660766601562,0.817024827003479,1.0,0.0,3.0,1.0,0.0
12044100,297.2587890625,297.1499938964844,293.1499938964844,0.0,-0.0,285.0085144042969,0.9990000128746032,0.5684664845466614,0.3769639730453491,297.18414306640625,297.1499938964844,293.1499938964844,0.0,-0.0,285.0084533691406,0.8264148831367493,0.2353796064853668,0.2240038216114044,297.0491638183594,297.1499938964844,293.1499938964844,0.0,-0.0,285.0084533691406,0.8483694195747375,0.255603551864624,0.1798481196165084,297.1234741210937,297.1499938964844,293.1499938964844,0.0,-0.0,285.0084228515625,0.7666416764259338,0.1873177587985992,0.1788678020238876,297.0189208984375,297.1499938964844,293.1499938964844,0.0,-0.0,285.0084228515625,0.7925214767456055,0.206476017832756,0.9355228543281556,285.00848388671875,285.7933349609375,292.2333374023437,286.6421813964844,292.2315368652344,297.1947631835937,285.0086975097656,1.0,0.4234878122806549,1.0,1.0,0.0,1.0,-2.275022029876709,2.275017738342285,4.163865014561452e-06,1.7576290369033811,0.8944343328475952,0.8944343328475952,0.0,76.43775177001953,75.0,16628.3203125,-0.0,968.3109130859376,1.0,283.1499938964844,284.3521423339844,289.6577453613281,290.7828063964844,293.1499938964844,293.1499938964844,283.1499938964844,29819.296875,30960.0,313.1499938964844,0.0,18000.0,1.0,0.0,0.0,0.0,1.0,0.5951964855194092,1.0,0.0,0.0,3.306344509124756,3.3063642978668213,7.294398756130249e-07,4.265924453735352,4.265914440155029,9.78592834144365e-06,0.0,0.0,-0.0,3793.810791015625,0.0,1141.4989013671875,1895.4371337890625,0.0,902.4066162109376,0.8208606243133545,1.0,0.0,3.0,1.0,0.0
12044160,297.2658386230469,297.1499938964844,293.1499938964844,0.0,-0.0,285.01220703125,0.9990000128746032,0.569848895072937,0.3772797882556915,297.1875915527344,297.1499938964844,293.1499938964844,0.0,-0.0,285.0120544433594,0.8267844319343567,0.2359329909086227,0.2245143949985504,297.0523681640625,297.1499938964844,293.1499938964844,0.0,-0.0,285.0120849609375,0.8477869629859924,0.2552784085273742,0.1796136945486068,297.1260986328125,297.1499938964844,293.1499938964844,0.0,-0.0,285.011962890625,0.7665383815765381,0.1874086856842041,0.1789454370737075,297.022705078125,297.1499938964844,293.1499938964844,0.0,-0.0,285.0119934082031,0.7916859984397888,0.206015259027481,0.933433711528778,285.0121459960937,285.8147888183594,292.2699890136719,286.6709899902344,292.2682189941406,297.2001953125,285.0126953125,1.0,0.4233181178569793,1.0,1.0,0.0,1.0,-2.273314952850342,2.273310661315918,4.157637249591062e-06,1.756304383277893,0.8890302181243896,0.8890302181243896,0.0,76.45722961425781,78.0,16687.166015625,-0.0,966.650634765625,1.0,283.1499938964844,284.3531188964844,289.6878967285156,290.8179626464844,293.1499938964844,293.1499938964844,283.1499938964844,30330.009765625,29880.0,313.1499938964844,0.0,18000.0,1.0,0.0,0.0,0.0,1.0,0.5969715714454651,1.0,0.0,0.0,3.314227104187012,3.314246892929077,7.32922103452438e-07,4.265924453735352,4.265914440155029,9.78592834144365e-06,0.0,0.0,-0.0,3804.013427734375,0.0,1152.185302734375,1895.4371337890625,0.0,912.0777587890624,0.8200843334197998,1.0,0.0,3.0,1.0,0.0
12044220,297.271728515625,297.1499938964844,293.1499938964844,0.0,-0.0,285.0333557128906,0.9990000128746032,0.5719254016876221,0.3798981606960296,297.1948547363281,297.1499938964844,293.1499938964844,0.0,-0.0,285.03302001953125,0.8262998461723328,0.2371445149183273,0.2256462275981903,297.0592346191406,297.1499938964844,293.1499938964844,0.0,-0.0,285.0330810546875,0.8453348875045776,0.2547385394573211,0.1792282611131668,297.1316833496094,297.1499938964844,293.1499938964844,0.0,-0.0,285.0328369140625,0.7651217579841614,0.1876711249351501,0.1791902482509613,297.0301513671875,297.1499938964844,293.1499938964844,0.0,-0.0,285.0329284667969,0.7886964082717896,0.2051571011543274,0.9296039342880248,285.03326416015625,285.81719970703125,292.34332275390625,286.728515625,292.3415222167969,297.2071228027344,285.0344543457031,1.0,0.4238142371177673,1.0,1.0,0.0,1.0,-2.2730472087860107,2.273043155670166,4.156677732680691e-06,1.7561060190200806,0.8789390325546265,0.8789390325546265,0.0,77.03713989257812,81.0,16794.8125,-0.0,968.6255493164062,1.0,283.1499938964844,284.3720703125,289.7422790527344,290.8802490234375,293.1499938964844,293.1499938964844,283.1499938964844,30516.96875,28800.0,313.1499938964844,0.0,18000.0,1.0,0.0,0.0,0.0,1.0,0.5997763872146606,1.0,0.0,0.0,3.281297445297241,3.2813169956207275,7.184300443441316e-07,4.265924453735352,4.265914440155029,9.78592834144365e-06,0.0,0.0,-0.0,3822.342041015625,0.0,1123.472900390625,1895.4371337890625,0.0,927.5554809570312,0.8124164342880249,1.0,0.0,3.0,1.0,0.0
12044280,297.271728515625,297.1499938964844,293.1499938964844,0.0,-0.0,285.0333557128906,0.9990000128746032,0.5719254016876221,0.3798981606960296,297.1948547363281,297.1499938964844,293.1499938964844,0.0,-0.0,285.03302001953125,0.8262998461723328,0.2371445149183273,0.2256462275981903,297.0592346191406,297.1499938964844,293.1499938964844,0.0,-0.0,285.0330810546875,0.8453348875045776,0.2547385394573211,0.1792282611131668,297.1316833496094,297.1499938964844,293.1499938964844,0.0,-0.0,285.0328369140625,0.7651217579841614,0.1876711249351501,0.1791902482509613,297.0301513671875,297.1499938964844,293.1499938964844,0.0,-0.0,285.0329284667969,0.7886964082717896,0.2051571011543274,0.9296039342880248,285.03326416015625,285.81719970703125,292.34332275390625,286.728515625,292.3415222167969,297.2071228027344,285.0344543457031,1.0,0.4238142371177673,1.0,1.0,0.0,1.0,-2.2730472087860107,2.273043155670166,4.156677732680691e-06,1.7561060190200806,0.8789390325546265,0.8789390325546265,0.0,77.03713989257812,81.0,16794.8125,-0.0,968.6255493164062,1.0,283.1499938964844,284.3720703125,289.7422790527344,290.8802490234375,293.1499938964844,293.1499938964844,283.1499938964844,30516.96875,28800.0,313.1499938964844,0.0,18000.0,1.0,0.0,0.0,0.0,1.0,0.5997763872146606,1.0,0.0,0.0,3.281297445297241,3.2813169956207275,7.184300443441316e-07,4.265924453735352,4.265914440155029,9.78592834144365e-06,0.0,0.0,-0.0,3822.342041015625,0.0,1123.472900390625,1895.4371337890625,0.0,927.5554809570312,0.8124164342880249,1.0,0.0,3.0,1.0,0.0
12044340,297.2693786621094,297.1499938964844,293.1499938964844,0.0,-0.0,285.0648498535156,0.9990000128746032,0.5732346177101135,0.3845451176166534,297.2025756835937,297.1499938964844,293.1499938964844,0.0,-0.0,285.0643920898437,0.8246339559555054,0.2384949028491974,0.2269281148910522,297.0667419433594,297.1499938964844,293.1499938964844,0.0,-0.0,285.064453125,0.8416798710823059,0.2543476223945617,0.1789603531360626,297.1376037597656,297.1499938964844,293.1499938964844,0.0,-0.0,285.0641174316406,0.7625539302825928,0.1880394965410232,0.1795542985200882,297.0374755859375,297.1499938964844,293.1499938964844,0.0,-0.0,285.064208984375,0.7844434976577759,0.2043832838535308,0.9262399077415466,285.064697265625,285.8166809082031,292.4166564941406,286.7858581542969,292.4148864746094,297.2100524902344,285.0663452148437,1.0,0.42520672082901,1.0,1.0,0.0,1.0,-2.2762413024902344,2.2762370109558105,4.16836792282993e-06,1.7586045265197754,0.8693574070930481,0.8693574070930481,0.0,78.18639373779297,84.0,16908.03515625,-0.0,976.3366088867188,1.0,283.1499938964844,284.40289306640625,289.79522705078125,290.9399719238281,293.1499938964844,293.1499938964844,283.1499938964844,30174.626953125,27720.0,313.1499938964844,0.0,18000.0,1.0,0.0,0.0,0.0,1.0,0.60161292552948,1.0,0.0,0.0,3.2204372882843018,3.22045636177063,6.920269584043126e-07,4.265924453735352,4.265914440155029,9.78592834144365e-06,0.0,0.0,-0.0,3840.738037109375,0.0,1067.255859375,1895.4371337890625,0.0,937.8187255859376,0.7980507016181946,1.0,0.0,3.0,1.0,0.0
12044400,297.2693786621094,297.1499938964844,293.1499938964844,0.0,-0.0,285.0648498535156,0.9990000128746032,0.5732346177101135,0.3845451176166534,297.2025756835937,297.1499938964844,293.1499938964844,0.0,-0.0,285.0643920898437,0.8246339559555054,0.2384949028491974,0.2269281148910522,297.0667419433594,297.1499938964844,293.1499938964844,0.0,-0.0,285.064453125,0.8416798710823059,0.2543476223945617,0.1789603531360626,297.1376037597656,297.1499938964844,293.1499938964844,0.0,-0.0,285.0641174316406,0.7625539302825928,0.1880394965410232,0.1795542985200882,297.0374755859375,297.1499938964844,293.1499938964844,0.0,-0.0,285.064208984375,0.7844434976577759,0.2043832838535308,0.9262399077415466,285.064697265625,285.8166809082031,292.4166564941406,286.7858581542969,292.4148864746094,297.2100524902344,285.0663452148437,1.0,0.42520672082901,1.0,1.0,0.0,1.0,-2.2762413024902344,2.2762370109558105,4.16836792282993e-06,1.7586045265197754,0.8693574070930481,0.8693574070930481,0.0,78.18639373779297,84.0,16908.03515625,-0.0,976.3366088867188,1.0,283.1499938964844,284.40289306640625,289.79522705078125,290.9399719238281,293.1499938964844,293.1499938964844,283.1499938964844,30174.626953125,27720.0,313.1499938964844,0.0,18000.0,1.0,0.0,0.0,0.0,1.0,0.60161292552948,1.0,0.0,0.0,3.2204372882843018,3.22045636177063,6.920269584043126e-07,4.265924453735352,4.265914440155029,9.78592834144365e-06,0.0,0.0,-0.0,3840.738037109375,0.0,1067.255859375,1895.4371337890625,0.0,937.8187255859376,0.7980507016181946,1.0,0.0,3.0,1.0,0.0
12044460,297.2609558105469,297.1499938964844,293.1499938964844,0.0,-0.0,285.10357666015625,0.9990000128746032,0.5738981366157532,0.3906595706939697,297.2106018066406,297.1499938964844,293.1499938964844,0.0,-0.0,285.10302734375,0.8221885561943054,0.2399753630161285,0.2283486723899841,297.0746459960937,297.1499938964844,293.1499938964844,0.0,-0.0,285.10308837890625,0.8372769951820374,0.2540953755378723,0.1788012534379959,297.1437683105469,297.1499938964844,293.1499938964844,0.0,-0.0,285.1026916503906,0.7592558264732361,0.1885057538747787,0.1800266504287719,297.0447082519531,297.1499938964844,293.1499938964844,0.0,-0.0,285.1028137207031,0.7793847918510437,0.2036896347999572,0.923305094242096,285.1033935546875,285.8132019042969,292.489990234375,286.8430480957031,292.4882202148437,297.2100830078125,285.1053771972656,1.0,0.4272857308387756,1.0,1.0,0.0,1.0,-2.2821414470672607,2.282137393951416,4.189992523606634e-06,1.7632105350494385,0.8603991866111755,0.8603991866111755,0.0,79.76940155029297,87.0,17027.197265625,-0.0,988.5347900390624,1.0,283.1499938964844,284.44195556640625,289.8499755859375,291.0014038085937,293.1499938964844,293.1499938964844,283.1499938964844,29507.12109375,26640.0,313.1499938964844,0.0,18000.0,1.0,0.0,0.0,0.0,1.0,0.6029384136199951,1.0,0.0,0.0,3.143958330154419,3.1439766883850098,6.595487320737448e-07,4.265924453735352,4.265914440155029,9.78592834144365e-06,0.0,0.0,-0.0,3859.97900390625,0.0,997.8363647460938,1895.4371337890625,0.0,945.2854614257812,0.7799109816551208,1.0,0.0,3.0,1.0,0.0
12044520,297.2609558105469,297.1499938964844,293.1499938964844,0.0,-0.0,285.10357666015625,0.9990000128746032,0.5738981366157532,0.3906595706939697,297.2106018066406,297.1499938964844,293.1499938964844,0.0,-0.0,285.10302734375,0.8221885561943054,0.2399753630161285,0.2283486723899841,297.0746459960937,297.1499938964844,293.1499938964844,0.0,-0.0,285.10308837890625,0.8372769951820374,0.2540953755378723,0.1788012534379959,297.1437683105469,297.1499938964844,293.1499938964844,0.0,-0.0,285.1026916503906,0.7592558264732361,0.1885057538747787,0.1800266504287719,297.0447082519531,297.1499938964844,293.1499938964844,0.0,-0.0,285.1028137207031,0.7793847918510437,0.2036896347999572,0.923305094242096,285.1033935546875,285.8132019042969,292.489990234375,286.8430480957031,292.4882202148437,297.2100830078125,285.1053771972656,1.0,0.4272857308387756,1.0,1.0,0.0,1.0,-2.2821414470672607,2.282137393951416,4.189992523606634e-06,1.7632105350494385,0.8603991866111755,0.8603991866111755,0.0,79.76940155029297,87.0,17027.197265625,-0.0,988.5347900390624,1.0,283.1499938964844,284.44195556640625,289.8499755859375,291.0014038085937,293.1499938964844,293.1499938964844,283.1499938964844,29507.12109375,26640.0,313.1499938964844,0.0,18000.0,1.0,0.0,0.0,0.0,1.0,0.6029384136199951,1.0,0.0,0.0,3.143958330154419,3.1439766883850098,6.595487320737448e-07,4.265924453735352,4.265914440155029,9.78592834144365e-06,0.0,0.0,-0.0,3859.97900390625,0.0,997.8363647460938,1895.4371337890625,0.0,945.2854614257812,0.7799109816551208,1.0,0.0,3.0,1.0,0.0
12044580,297.2480163574219,297.1499938964844,293.1499938964844,0.0,-0.0,285.147705078125,0.9990000128746032,0.5739986300468445,0.397819310426712,297.2188415527344,297.1499938964844,293.1499938964844,0.0,-0.0,285.1470642089844,0.8192576169967651,0.2415767759084701,0.2298958003520965,297.08282470703125,297.1499938964844,293.1499938964844,0.0,-0.0,285.1471252441406,0.8324527740478516,0.2539695799350738,0.1787400543689727,297.1500244140625,297.1499938964844,293.1499938964844,0.0,-0.0,285.14666748046875,0.7555420398712158,0.1890614032745361,0.1805958449840545,297.0517578125,297.1499938964844,293.1499938964844,0.0,-0.0,285.1468200683594,0.7738705277442932,0.203072115778923,0.9207650423049928,285.1474609375,285.8067932128906,292.5633239746094,286.9000549316406,292.5615539550781,297.20806884765625,285.1496887207031,1.0,0.429889976978302,1.0,1.0,0.0,1.0,-2.290158033370972,2.290153741836548,4.219460151944077e-06,1.769464135169983,0.8521619439125061,0.8521619439125061,0.0,81.68534088134766,90.0,17151.572265625,-0.0,1004.286376953125,1.0,283.1499938964844,284.4870300292969,289.9066772460937,291.0653381347656,293.1499938964844,293.1499938964844,283.1499938964844,28640.826171875,25560.0,313.1499938964844,0.0,18000.0,1.0,0.0,0.0,0.0,1.0,0.6042130589485168,1.0,0.0,0.0,3.059406280517578,3.059423923492432,6.245506369850773e-07,4.265924453735352,4.265914440155029,9.78592834144365e-06,0.0,0.0,-0.0,3880.033935546875,0.0,923.8626098632812,1895.4371337890625,0.0,952.5128173828124,0.7597835659980774,1.0,0.0,3.0,1.0,0.0
12044640,297.2480163574219,297.1499938964844,293.1499938964844,0.0,-0.0,285.147705078125,0.9990000128746032,0.5739986300468445,0.397819310426712,297.2188415527344,297.1499938964844,293.1499938964844,0.0,-0.0,285.1470642089844,0.8192576169967651,0.2415767759084701,0.2298958003520965,297.08282470703125,297.1499938964844,293.1499938964844,0.0,-0.0,285.1471252441406,0.8324527740478516,0.2539695799350738,0.1787400543689727,297.1500244140625,297.1499938964844,293.1499938964844,0.0,-0.0,285.14666748046875,0.7555420398712158,0.1890614032745361,0.1805958449840545,297.0517578125,297.1499938964844,293.1499938964844,0.0,-0.0,285.1468200683594,0.7738705277442932,0.203072115778923,0.9207650423049928,285.1474609375,285.8067932128906,292.5633239746094,286.9000549316406,292.5615539550781,297.20806884765625,285.1496887207031,1.0,0.429889976978302,1.0,1.0,0.0,1.0,-2.290158033370972,2.290153741836548,4.219460151944077e-06,1.769464135169983,0.8521619439125061,0.8521619439125061,0.0,81.68534088134766,90.0,17151.572265625,-0.0,1004.286376953125,1.0,283.1499938964844,284.4870300292969,289.9066772460937,291.0653381347656,293.1499938964844,293.1499938964844,283.1499938964844,28640.826171875,25560.0,313.1499938964844,0.0,18000.0,1.0,0.0,0.0,0.0,1.0,0.6042130589485168,1.0,0.0,0.0,3.059406280517578,3.059423923492432,6.245506369850773e-07,4.265924453735352,4.265914440155029,9.78592834144365e-06,0.0,0.0,-0.0,3880.033935546875,0.0,923.8626098632812,1895.4371337890625,0.0,952.5128173828124,0.7597835659980774,1.0,0.0,3.0,1.0,0.0
12044700,297.2402648925781,297.1499938964844,293.1499938964844,0.0,-0.0,285.1730651855469,0.9990000128746032,0.5738574862480164,0.4016896486282348,297.2229919433594,297.1499938964844,293.1499938964844,0.0,-0.0,285.1723022460937,0.8176764249801636,0.2424204647541046,0.2307129055261612,297.08697509765625,297.1499938964844,293.1499938964844,0.0,-0.0,285.17236328125,0.8299534320831299,0.25395068526268,0.1787424385547638,297.1531677246094,297.1499938964844,293.1499938964844,0.0,-0.0,285.1718444824219,0.7536020278930664,0.1893704533576965,0.1809131056070327,297.05523681640625,297.1499938964844,293.1499938964844,0.0,-0.0,285.1719665527344,0.7710258364677429,0.2027909010648727,0.9196316599845886,285.1727600097656,285.7869873046875,292.6000061035156,286.928466796875,292.59820556640625,297.20654296875,285.1753845214844,1.0,0.431348979473114,1.0,1.0,0.0,1.0,-2.29481053352356,2.294806241989136,4.236610493535409e-06,1.773092269897461,0.8485169410705566,0.8485169410705566,0.0,82.74376678466797,90.0,17207.662109375,-0.0,1013.26611328125,1.0,283.1499938964844,284.5139465332031,289.93524169921875,291.0972595214844,293.1499938964844,293.1499938964844,283.1499938964844,28029.5,25560.0,313.1499938964844,0.0,18000.0,1.0,0.0,0.0,0.0,1.0,0.6048963069915771,1.0,0.0,0.0,3.0076804161071777,3.007697582244873,6.036104309714574e-07,4.265924453735352,4.265914440155029,9.78592834144365e-06,0.0,0.0,-0.0,3889.65478515625,0.0,879.9420776367188,1895.4371337890625,0.0,956.4058837890624,0.7501912713050842,1.0,0.0,3.0,1.0,0.0
12044760,297.2317810058594,297.1499938964844,293.1499938964844,0.0,-0.0,285.19598388671875,0.9990000128746032,0.5735956430435181,0.4057038426399231,297.2271728515625,297.1499938964844,293.1499938964844,0.0,-0.0,285.1952819824219,0.8160514831542969,0.2432921081781387,0.2315598130226135,297.09112548828125,297.1499938964844,293.1499938964844,0.0,-0.0,285.1953430175781,0.8274298310279846,0.2539599239826202,0.1787673234939575,297.15631103515625,297.1499938964844,293.1499938964844,0.0,-0.0,285.1948547363281,0.7516425848007202,0.1896995902061462,0.1812524795532226,297.0586853027344,297.1499938964844,293.1499938964844,0.0,-0.0,285.1949768066406,0.7681643962860107,0.2025280147790908,0.9185943007469176,285.1957397460937,285.7974548339844,292.6366577148437,286.9568176269531,292.6348876953125,297.2047424316406,285.1981506347656,1.0,0.4328960180282593,1.0,1.0,0.0,1.0,-2.2998406887054443,2.2998366355896,4.2551923797873314e-06,1.777014136314392,0.8447344899177551,0.8447344899177551,0.0,83.85748291015625,93.0,17280.1953125,-0.0,1022.892822265625,1.0,283.1499938964844,284.5366516113281,289.9642944335937,291.1308288574219,293.1499938964844,293.1499938964844,283.1499938964844,27652.853515625,24480.0,313.1499938964844,0.0,18000.0,1.0,0.0,0.0,0.0,1.0,0.6056756973266602,1.0,0.0,0.0,2.9714603424072266,2.971476793289185,5.891599244023382e-07,4.265924453735352,4.265914440155029,9.78592834144365e-06,0.0,0.0,-0.0,3900.576171875,0.0,850.3261108398438,1895.4371337890625,0.0,960.8624877929688,0.7387706637382507,1.0,0.0,3.0,1.0,0.0
12044820,297.2177429199219,297.1499938964844,293.1499938964844,0.0,-0.0,285.2361755371094,0.9990000128746032,0.5729839205741882,0.4120266139507293,297.2335205078125,297.1499938964844,293.1499938964844,0.0,-0.0,285.23541259765625,0.8135234713554382,0.2446690946817398,0.2328975945711136,297.09747314453125,297.1499938964844,293.1499938964844,0.0,-0.0,285.2354736328125,0.8235689401626587,0.2540257275104522,0.1788421869277954,297.1611022949219,297.1499938964844,293.1499938964844,0.0,-0.0,285.2349548339844,0.7486572861671448,0.1902368813753128,0.1818051189184188,297.0638122558594,297.1499938964844,293.1499938964844,0.0,-0.0,285.2350769042969,0.7638207077980042,0.202162966132164,0.917178750038147,285.23590087890625,285.7662658691406,292.6924133300781,286.99981689453125,292.6906433105469,297.2017822265625,285.238525390625,1.0,0.4353890120983124,1.0,1.0,0.0,1.0,-2.308095693588257,2.308091402053833,4.285777322365902e-06,1.7834486961364746,0.8399531245231628,0.8399531245231628,0.0,85.64196014404297,93.0,17375.6171875,-0.0,1038.6058349609375,1.0,283.1499938964844,284.5785522460937,290.0079345703125,291.1805419921875,293.1499938964844,293.1499938964844,283.1499938964844,26774.4453125,24480.0,313.1499938964844,0.0,18000.0,1.0,0.0,0.0,0.0,1.0,0.6069198250770569,1.0,0.0,0.0,2.899578332901001,2.8995940685272217,5.610002062894637e-07,4.265924453735352,4.265914440155029,9.78592834144365e-06,0.0,0.0,-0.0,3915.971435546875,0.0,792.7314453125,1895.4371337890625,0.0,968.0115966796876,0.7244174480438232,1.0,0.0,3.0,1.0,0.0
12044880,297.2130432128906,297.1499938964844,293.1499938964844,0.0,-0.0,285.2476806640625,0.9990000128746032,0.5727359056472778,0.414065420627594,297.2355041503906,297.1499938964844,293.1499938964844,0.0,-0.0,285.2469482421875,0.8127189874649048,0.2451159507036209,0.2333331853151321,297.0994567871094,297.1499938964844,293.1499938964844,0.0,-0.0,285.2470092773437,0.8223506808280945,0.2540581226348877,0.1788754612207412,297.16259765625,297.1499938964844,293.1499938964844,0.0,-0.0,285.2464904785156,0.7477216124534607,0.1904149502515792,0.1819891482591629,297.0654296875,297.1499938964844,293.1499938964844,0.0,-0.0,285.2466125488281,0.7624608874320984,0.2020556628704071,0.9167746901512146,285.2474060058594,285.7851867675781,292.7099914550781,287.01336669921875,292.7082214355469,297.2008056640625,285.2499389648437,1.0,0.4362075924873352,1.0,1.0,0.0,1.0,-2.3108434677124023,2.3108391761779785,4.295983671909198e-06,1.7855905294418335,0.8381909132003784,0.8381909132003784,0.0,86.22528839111328,96.0,17411.970703125,-0.0,1043.8175048828125,1.0,283.1499938964844,284.5899353027344,290.0219116210937,291.19677734375,293.1499938964844,293.1499938964844,283.1499938964844,26588.59765625,23400.0,313.1499938964844,0.0,18000.0,1.0,0.0,0.0,0.0,1.0,0.6073601245880127,1.0,0.0,0.0,2.8829445838928223,2.882960319519043,5.545822432395653e-07,4.265924453735352,4.265914440155029,9.78592834144365e-06,0.0,0.0,-0.0,3921.288818359375,0.0,779.8787231445312,1895.4371337890625,0.0,970.55224609375,0.717534065246582,1.0,0.0,3.0,1.0,0.0
12044940,297.1923828125,297.1499938964844,293.1499938964844,0.0,-0.0,285.3021545410156,0.9990000128746032,0.5714437961578369,0.422720342874527,297.2438659667969,297.1499938964844,293.1499938964844,0.0,-0.0,285.3013916015625,0.8093597888946533,0.2470448315143585,0.2352107614278793,297.1077575683594,297.1499938964844,293.1499938964844,0.0,-0.0,285.30145263671875,0.8172920346260071,0.2542580068111419,0.1790587157011032,297.1687927246094,297.1499938964844,293.1499938964844,0.0,-0.0,285.3009033203125,0.7438873648643494,0.1912037283182144,0.1828004270792007,297.0720520019531,297.1499938964844,293.1499938964844,0.0,-0.0,285.301025390625,0.7568928599357605,0.2016546428203582,0.9152958393096924,285.3018493652344,285.7699890136719,292.7833251953125,287.06964111328125,292.7815856933594,297.1969909667969,285.30450439453125,1.0,0.4397529065608978,1.0,1.0,0.0,1.0,-2.32291316986084,2.322908878326416,4.3409618228906766e-06,1.7949960231781006,0.8326059579849243,0.8326059579849243,0.0,88.7426528930664,99.0,17546.22265625,-0.0,1066.66748046875,1.0,283.1499938964844,284.6461486816406,290.0789489746094,291.2624816894531,293.1499938964844,293.1499938964844,283.1499938964844,25477.19140625,22320.0,313.1499938964844,0.0,18000.0,1.0,0.0,0.0,0.0,1.0,0.6092067956924438,1.0,0.0,0.0,2.7957234382629395,2.795738220214844,5.215329679231218e-07,4.265924453735352,4.265914440155029,9.78592834144365e-06,0.0,0.0,-0.0,3942.006591796875,0.0,713.9258422851562,1895.4371337890625,0.0,981.2660522460938,0.6965052485466003,1.0,0.0,3.0,1.0,0.0
12045000,297.1923828125,297.1499938964844,293.1499938964844,0.0,-0.0,285.3021545410156,0.9990000128746032,0.5714437961578369,0.422720342874527,297.2438659667969,297.1499938964844,293.1499938964844,0.0,-0.0,285.3013916015625,0.8093597888946533,0.2470448315143585,0.2352107614278793,297.1077575683594,297.1499938964844,293.1499938964844,0.0,-0.0,285.30145263671875,0.8172920346260071,0.2542580068111419,0.1790587157011032,297.1687927246094,297.1499938964844,293.1499938964844,0.0,-0.0,285.3009033203125,0.7438873648643494,0.1912037283182144,0.1828004270792007,297.0720520019531,297.1499938964844,293.1499938964844,0.0,-0.0,285.301025390625,0.7568928599357605,0.2016546428203582,0.9152958393096924,285.3018493652344,285.7699890136719,292.7833251953125,287.06964111328125,292.7815856933594,297.1969909667969,285.30450439453125,1.0,0.4397529065608978,1.0,1.0,0.0,1.0,-2.32291316986084,2.322908878326416,4.3409618228906766e-06,1.7949960231781006,0.8326059579849243,0.8326059579849243,0.0,88.7426528930664,99.0,17546.22265625,-0.0,1066.66748046875,1.0,283.1499938964844,284.6461486816406,290.0789489746094,291.2624816894531,293.1499938964844,293.1499938964844,283.1499938964844,25477.19140625,22320.0,313.1499938964844,0.0,18000.0,1.0,0.0,0.0,0.0,1.0,0.6092067956924438,1.0,0.0,0.0,2.7957234382629395,2.795738220214844,5.215329679231218e-07,4.265924453735352,4.265914440155029,9.78592834144365e-06,0.0,0.0,-0.0,3942.006591796875,0.0,713.9258422851562,1895.4371337890625,0.0,981.2660522460938,0.6965052485466003,1.0,0.0,3.0,1.0,0.0
12045060,297.1700744628906,297.1499938964844,293.1499938964844,0.0,-0.0,285.3590393066406,0.9990000128746032,0.569721519947052,0.4315292537212372,297.2521667480469,297.1499938964844,293.1499938964844,0.0,-0.0,285.35821533203125,0.8060424327850342,0.2490762621164322,0.2371887117624282,297.115966796875,297.1499938964844,293.1499938964844,0.0,-0.0,285.3582763671875,0.812286376953125,0.2545547187328338,0.1793126165866851,297.1749267578125,297.1499938964844,293.1499938964844,0.0,-0.0,285.35772705078125,0.7402087450027466,0.1920630782842636,0.1836822032928466,297.0785217285156,297.1499938964844,293.1499938964844,0.0,-0.0,285.3578186035156,0.75154709815979,0.2013254165649414,0.9141528606414796,285.35870361328125,285.7518615722656,292.8566589355469,287.1256103515625,292.8549194335937,297.1939697265625,285.3614196777344,1.0,0.4434771239757538,1.0,1.0,0.0,1.0,-2.3358616828918457,2.335857391357422,4.389485638967017e-06,1.805084228515625,0.8280475735664368,0.8280475735664368,0.0,91.37322235107422,102.0,17682.365234375,-0.0,1091.1474609375,1.0,283.1499938964844,284.70477294921875,290.1353759765625,291.3276672363281,293.1499938964844,293.1499938964844,283.1499938964844,24336.3828125,21240.0,313.1499938964844,0.0,18000.0,1.0,0.0,0.0,0.0,1.0,0.6111396551132202,1.0,0.0,0.0,2.7109413146972656,2.7109553813934326,4.903809553979954e-07,4.265924453735352,4.265914440155029,9.78592834144365e-06,0.0,0.0,-0.0,3962.668701171875,0.0,653.0419311523438,1895.4371337890625,0.0,992.5807495117188,0.6759468913078308,1.0,0.0,3.0,1.0,0.0
12045120,297.1700744628906,297.1499938964844,293.1499938964844,0.0,-0.0,285.3590393066406,0.9990000128746032,0.569721519947052,0.4315292537212372,297.2521667480469,297.1499938964844,293.1499938964844,0.0,-0.0,285.35821533203125,0.8060424327850342,0.2490762621164322,0.2371887117624282,297.115966796875,297.1499938964844,293.1499938964844,0.0,-0.0,285.3582763671875,0.812286376953125,0.2545547187328338,0.1793126165866851,297.1749267578125,297.1499938964844,293.1499938964844,0.0,-0.0,285.35772705078125,0.7402087450027466,0.1920630782842636,0.1836822032928466,297.0785217285156,297.1499938964844,293.1499938964844,0.0,-0.0,285.3578186035156,0.75154709815979,0.2013254165649414,0.9141528606414796,285.35870361328125,285.7518615722656,292.8566589355469,287.1256103515625,292.8549194335937,297.1939697265625,285.3614196777344,1.0,0.4434771239757538,1.0,1.0,0.0,1.0,-2.3358616828918457,2.335857391357422,4.389485638967017e-06,1.805084228515625,0.8280475735664368,0.8280475735664368,0.0,91.37322235107422,102.0,17682.365234375,-0.0,1091.1474609375,1.0,283.1499938964844,284.70477294921875,290.1353759765625,291.3276672363281,293.1499938964844,293.1499938964844,283.1499938964844,24336.3828125,21240.0,313.1499938964844,0.0,18000.0,1.0,0.0,0.0,0.0,1.0,0.6111396551132202,1.0,0.0,0.0,2.7109413146972656,2.7109553813934326,4.903809553979954e-07,4.265924453735352,4.265914440155029,9.78592834144365e-06,0.0,0.0,-0.0,3962.668701171875,0.0,653.0419311523438,1895.4371337890625,0.0,992.5807495117188,0.6759468913078308,1.0,0.0,3.0,1.0,0.0
12045180,297.1460876464844,297.1499938964844,293.1499938964844,0.0,-0.0,285.41796875,0.9990000128746032,0.5675449967384338,0.4403692185878753,297.2604675292969,297.1499938964844,293.1499938964844,0.0,-0.0,285.4171142578125,0.8028618097305298,0.2512096762657165,0.2392646223306656,297.1240539550781,297.1499938964844,293.1499938964844,0.0,-0.0,285.4171447753906,0.8073487281799316,0.2549449801445007,0.179633617401123,297.18096923828125,297.1499938964844,293.1499938964844,0.0,-0.0,285.4165954589844,0.7367356419563293,0.1929917633533477,0.1846315711736679,297.0851135253906,297.1499938964844,293.1499938964844,0.0,-0.0,285.41668701171875,0.7464966773986816,0.2010869979858398,0.9133929014205932,285.4176025390625,285.7308044433594,292.92999267578125,287.1812744140625,292.9282531738281,297.1867980957031,285.4203796386719,1.0,0.4473406970500946,1.0,1.0,0.0,1.0,-2.349587202072144,2.34958291053772,4.441224973561475e-06,1.815774917602539,0.8245801329612732,0.8245801329612732,0.0,94.08457946777344,105.0,17820.216796875,-0.0,1117.062255859375,1.0,283.1499938964844,284.7654724121094,290.19122314453125,291.39239501953125,293.1499938964844,293.1499938964844,283.1499938964844,23177.810546875,20160.0,313.1499938964844,0.0,18000.0,1.0,0.0,0.0,0.0,1.0,0.6131064891815186,1.0,0.0,0.0,2.629302501678467,2.6293158531188965,4.612904547229846e-07,4.265924453735352,4.265914440155029,9.78592834144365e-06,0.0,0.0,-0.0,3983.282958984375,0.0,597.339111328125,1895.4371337890625,0.0,1004.1991577148438,0.6560181379318237,1.0,0.0,3.0,1.0,0.0
12045240,297.1460876464844,297.1499938964844,293.1499938964844,0.0,-0.0,285.41796875,0.9990000128746032,0.5675449967384338,0.4403692185878753,297.2604675292969,297.1499938964844,293.1499938964844,0.0,-0.0,285.4171142578125,0.8028618097305298,0.2512096762657165,0.2392646223306656,297.1240539550781,297.1499938964844,293.1499938964844,0.0,-0.0,285.4171447753906,0.8073487281799316,0.2549449801445007,0.179633617401123,297.18096923828125,297.1499938964844,293.1499938964844,0.0,-0.0,285.4165954589844,0.7367356419563293,0.1929917633533477,0.1846315711736679,297.0851135253906,297.1499938964844,293.1499938964844,0.0,-0.0,285.41668701171875,0.7464966773986816,0.2010869979858398,0.9133929014205932,285.4176025390625,285.7308044433594,292.92999267578125,287.1812744140625,292.9282531738281,297.1867980957031,285.4203796386719,1.0,0.4473406970500946,1.0,1.0,0.0,1.0,-2.349587202072144,2.34958291053772,4.441224973561475e-06,1.815774917602539,0.8245801329612732,0.8245801329612732,0.0,94.08457946777344,105.0,17820.216796875,-0.0,1117.062255859375,1.0,283.1499938964844,284.7654724121094,290.19122314453125,291.39239501953125,293.1499938964844,293.1499938964844,283.1499938964844,23177.810546875,20160.0,313.1499938964844,0.0,18000.0,1.0,0.0,0.0,0.0,1.0,0.6131064891815186,1.0,0.0,0.0,2.629302501678467,2.6293158531188965,4.612904547229846e-07,4.265924453735352,4.265914440155029,9.78592834144365e-06,0.0,0.0,-0.0,3983.282958984375,0.0,597.339111328125,1895.4371337890625,0.0,1004.1991577148438,0.6560181379318237,1.0,0.0,3.0,1.0,0.0
12045300,297.13336181640625,297.1499938964844,293.1499938964844,0.0,-0.0,285.4504089355469,0.9990000128746032,0.5662725567817688,0.4447673261165619,297.2645874023437,297.1499938964844,293.1499938964844,0.0,-0.0,285.4494323730469,0.8013617992401123,0.2523153722286224,0.2403384894132614,297.1280822753906,297.1499938964844,293.1499938964844,0.0,-0.0,285.449462890625,0.8049078583717346,0.2551745772361755,0.1798176765441894,297.1839904785156,297.1499938964844,293.1499938964844,0.0,-0.0,285.4488220214844,0.7350867986679077,0.1934823989868164,0.1851306408643722,297.0885009765625,297.1499938964844,293.1499938964844,0.0,-0.0,285.4489440917969,0.7441015839576721,0.2010069042444229,0.9131858348846436,285.45001220703125,285.70733642578125,292.9666748046875,287.2089538574219,292.9649353027344,297.1840515136719,285.4532165527344,1.0,0.4493164718151092,1.0,1.0,0.0,1.0,-2.3567323684692383,2.356727838516236,4.4682833504339214e-06,1.8213392496109009,0.8234219551086426,0.8234219551086426,0.0,95.46173858642578,105.0,17879.015625,-0.0,1130.525634765625,1.0,283.1499938964844,284.79986572265625,290.2186889648437,291.42364501953125,293.1499938964844,293.1499938964844,283.1499938964844,22469.111328125,20160.0,313.1499938964844,0.0,18000.0,1.0,0.0,0.0,0.0,1.0,0.614072322845459,1.0,0.0,0.0,2.581855535507202,2.5818681716918945,4.447922208328237e-07,4.265924453735352,4.265914440155029,9.78592834144365e-06,0.0,0.0,-0.0,3992.709716796875,0.0,566.2177124023438,1895.4371337890625,0.0,1009.9432373046876,0.6471599340438843,1.0,0.0,3.0,1.0,0.0
12045360,297.1199951171875,297.1499938964844,293.1499938964844,0.0,-0.0,285.47869873046875,0.9990000128746032,0.5648558139801025,0.449135810136795,297.26873779296875,297.1499938964844,293.1499938964844,0.0,-0.0,285.47784423828125,0.799933671951294,0.253447562456131,0.2414393723011016,297.132080078125,297.1499938964844,293.1499938964844,0.0,-0.0,285.4778747558594,0.8025286197662354,0.2554272711277008,0.1800196915864944,297.1869506835937,297.1499938964844,293.1499938964844,0.0,-0.0,285.477294921875,0.7335033416748047,0.1939909160137176,0.1856482177972793,297.0919189453125,297.1499938964844,293.1499938964844,0.0,-0.0,285.4773864746094,0.7417986392974854,0.2009532451629638,0.913102686405182,285.47833251953125,285.706787109375,293.0033264160156,287.236572265625,293.0016174316406,297.18218994140625,285.4811706542969,1.0,0.4513185322284698,1.0,1.0,0.0,1.0,-2.3640670776367188,2.364062547683716,4.4961479943594895e-06,1.8270506858825684,0.8222672343254089,0.8222672343254089,0.0,96.84919738769533,108.0,17960.046875,-0.0,1144.318603515625,1.0,283.1499938964844,284.827880859375,290.2466125488281,291.45672607421875,293.1499938964844,293.1499938964844,283.1499938964844,22009.73828125,19080.0,313.1499938964844,0.0,18000.0,1.0,0.0,0.0,0.0,1.0,0.6150871515274048,1.0,0.0,0.0,2.551226854324341,2.551239252090454,4.343016826169333e-07,4.265924453735352,4.265914440155029,9.78592834144365e-06,0.0,0.0,-0.0,4003.89501953125,0.0,546.6736450195312,1895.4371337890625,0.0,1016.0059814453124,0.6368124485015869,1.0,0.0,3.0,1.0,0.0
12045420,297.0912170410156,297.1499938964844,293.1499938964844,0.0,-0.0,285.5411376953125,0.9990000128746032,0.5615607500076294,0.4577855169773102,297.2770080566406,297.1499938964844,293.1499938964844,0.0,-0.0,285.540283203125,0.797275722026825,0.2557895481586456,0.2437130361795425,297.13995361328125,297.1499938964844,293.1499938964844,0.0,-0.0,285.540283203125,0.7979797124862671,0.2559994459152221,0.1804692149162292,297.1929016113281,297.1499938964844,293.1499938964844,0.0,-0.0,285.53973388671875,0.7305118441581726,0.1950597167015075,0.186731532216072,297.0988464355469,297.1499938964844,293.1499938964844,0.0,-0.0,285.539794921875,0.7374452948570251,0.2009201645851135,0.9132812023162842,285.540771484375,285.67987060546875,293.07666015625,287.29150390625,293.074951171875,297.1817932128906,285.54364013671875,1.0,0.4553916454315185,1.0,1.0,0.0,1.0,-2.379244804382324,2.3792402744293213,4.554094175546197e-06,1.838868260383606,0.8211665153503418,0.8211665153503418,0.0,99.65283966064452,96.0,18101.68359375,-0.0,1172.8370361328125,1.0,283.1499938964844,284.891845703125,290.3016357421875,291.52081298828125,293.1499938964844,293.1499938964844,283.1499938964844,20837.34375,18000.0,313.1499938964844,0.0,18000.0,1.0,0.0,0.0,0.0,1.0,0.617080807685852,1.0,0.0,0.0,2.476836919784546,2.476848840713501,4.093437837582314e-07,4.265924453735352,4.265914440155029,9.78592834144365e-06,0.0,0.0,-0.0,4024.507568359375,0.0,500.70318603515625,1895.4371337890625,0.0,1027.9967041015625,0.618356466293335,1.0,0.0,3.0,1.0,0.0
12045480,297.0912170410156,297.1499938964844,293.1499938964844,0.0,-0.0,285.5411376953125,0.9990000128746032,0.5615607500076294,0.4577855169773102,297.2770080566406,297.1499938964844,293.1499938964844,0.0,-0.0,285.540283203125,0.797275722026825,0.2557895481586456,0.2437130361795425,297.13995361328125,297.1499938964844,293.1499938964844,0.0,-0.0,285.540283203125,0.7979797124862671,0.2559994459152221,0.1804692149162292,297.1929016113281,297.1499938964844,293.1499938964844,0.0,-0.0,285.53973388671875,0.7305118441581726,0.1950597167015075,0.186731532216072,297.0988464355469,297.1499938964844,293.1499938964844,0.0,-0.0,285.539794921875,0.7374452948570251,0.2009201645851135,0.9132812023162842,285.540771484375,285.67987060546875,293.07666015625,287.29150390625,293.074951171875,297.1817932128906,285.54364013671875,1.0,0.4553916454315185,1.0,1.0,0.0,1.0,-2.379244804382324,2.3792402744293213,4.554094175546197e-06,1.838868260383606,0.8211665153503418,0.8211665153503418,0.0,99.65283966064452,96.0,18101.68359375,-0.0,1172.8370361328125,1.0,283.1499938964844,284.891845703125,290.3016357421875,291.52081298828125,293.1499938964844,293.1499938964844,283.1499938964844,20837.34375,18000.0,313.1499938964844,0.0,18000.0,1.0,0.0,0.0,0.0,1.0,0.617080807685852,1.0,0.0,0.0,2.476836919784546,2.476848840713501,4.093437837582314e-07,4.265924453735352,4.265914440155029,9.78592834144365e-06,0.0,0.0,-0.0,4024.507568359375,0.0,500.70318603515625,1895.4371337890625,0.0,1027.9967041015625,0.618356466293335,1.0,0.0,3.0,1.0,0.0
12045540,297.0771484375,297.1499938964844,293.1499938964844,0.0,-0.0,285.59649658203125,0.9990000128746032,0.5593528747558594,0.4537389278411865,297.28485107421875,297.1499938964844,293.1499938964844,0.0,-0.0,285.5958557128906,0.802187979221344,0.2581942081451416,0.2459249943494796,297.1473388671875,297.1499938964844,293.1499938964844,0.0,-0.0,285.5958557128906,0.8010130524635315,0.2566215395927429,0.1808639913797378,297.1983947753906,297.1499938964844,293.1499938964844,0.0,-0.0,285.5954284667969,0.7337098121643066,0.1961597800254821,0.1877220124006271,297.1051940917969,297.1499938964844,293.1499938964844,0.0,-0.0,285.5954895019531,0.7394234538078308,0.2009160667657852,0.9130401015281676,285.59619140625,285.6499938964844,293.1499938964844,287.3460693359375,293.1482849121094,297.187255859375,285.5982360839844,1.0,0.4539793133735657,1.0,1.0,0.0,1.0,-2.3784353733062744,2.3784308433532715,4.551532128971303e-06,1.8385303020477293,0.8211860656738281,0.8211860656738281,0.0,98.5458755493164,84.0,18152.63671875,-0.0,1167.4180908203125,1.0,283.1499938964844,284.9494323730469,290.35504150390625,291.5810241699219,293.1499938964844,293.1499938964844,283.1499938964844,19671.138671875,18000.0,313.1499938964844,0.0,18000.0,1.0,0.0,0.0,0.0,1.0,0.6189091205596924,1.0,0.0,0.0,2.4060003757476807,2.4060115814208984,3.862644746277511e-07,4.265924453735352,4.265914440155029,9.78592834144365e-06,0.0,0.0,-0.0,4041.279541015625,0.0,459.0028076171875,1895.4371337890625,0.0,1039.0865478515625,0.6036263108253479,1.0,0.0,3.0,1.0,0.0
12045600,297.0771484375,297.1499938964844,293.1499938964844,0.0,-0.0,285.59649658203125,0.9990000128746032,0.5593528747558594,0.4537389278411865,297.28485107421875,297.1499938964844,293.1499938964844,0.0,-0.0,285.5958557128906,0.802187979221344,0.2581942081451416,0.2459249943494796,297.1473388671875,297.1499938964844,293.1499938964844,0.0,-0.0,285.5958557128906,0.8010130524635315,0.2566215395927429,0.1808639913797378,297.1983947753906,297.1499938964844,293.1499938964844,0.0,-0.0,285.5954284667969,0.7337098121643066,0.1961597800254821,0.1877220124006271,297.1051940917969,297.1499938964844,293.1499938964844,0.0,-0.0,285.5954895019531,0.7394234538078308,0.2009160667657852,0.9130401015281676,285.59619140625,285.6499938964844,293.1499938964844,287.3460693359375,293.1482849121094,297.187255859375,285.5982360839844,1.0,0.4539793133735657,1.0,1.0,0.0,1.0,-2.3784353733062744,2.3784308433532715,4.551532128971303e-06,1.8385303020477293,0.8211860656738281,0.8211860656738281,0.0,98.5458755493164,84.0,18152.63671875,-0.0,1167.4180908203125,1.0,283.1499938964844,284.9494323730469,290.35504150390625,291.5810241699219,293.1499938964844,293.1499938964844,283.1499938964844,19671.138671875,18000.0,313.1499938964844,0.0,18000.0,1.0,0.0,0.0,0.0,1.0,0.6189091205596924,1.0,0.0,0.0,2.4060003757476807,2.4060115814208984,3.862644746277511e-07,4.265924453735352,4.265914440155029,9.78592834144365e-06,0.0,0.0,-0.0,4041.279541015625,0.0,459.0028076171875,1895.4371337890625,0.0,1039.0865478515625,0.6036263108253479,1.0,0.0,3.0,1.0,0.0
12045660,297.1006774902344,297.1499938964844,293.1499938964844,0.0,-0.0,285.6270446777344,0.9990000128746032,0.5607733130455017,0.4395299851894378,297.2919616699219,297.1499938964844,293.1499938964844,0.0,-0.0,285.6267395019531,0.8131244778633118,0.2606247961521148,0.248065784573555,297.15386962890625,297.1499938964844,293.1499938964844,0.0,-0.0,285.6267395019531,0.8101865649223328,0.2572495341300964,0.1811943352222442,297.2032775878906,297.1499938964844,293.1499938964844,0.0,-0.0,285.62652587890625,0.7421018481254578,0.1972689181566238,0.1886215656995773,297.1110534667969,297.1499938964844,293.1499938964844,0.0,-0.0,285.62652587890625,0.7466964721679688,0.2009433209896087,0.912421464920044,285.6269226074219,285.62017822265625,293.2191772460937,287.3969116210937,293.2176513671875,297.1960754394531,285.6279296875,1.0,0.4488266706466675,1.0,1.0,0.0,1.0,-2.3646810054779053,2.3646764755249023,4.499374426814029e-06,1.8280153274536133,0.821832001209259,0.821832001209259,0.0,94.35811614990234,87.0,18157.447265625,-0.0,1134.958984375,1.0,283.1499938964844,284.98052978515625,290.4044189453125,291.63494873046875,293.1499938964844,293.1499938964844,283.1499938964844,19020.923828125,18000.0,313.1499938964844,0.0,18000.0,1.0,0.0,0.0,0.0,1.0,0.6204026341438293,1.0,0.0,0.0,2.368234395980835,2.3682451248168945,3.742335366041516e-07,4.265924453735352,4.265914440155029,9.78592834144365e-06,0.0,0.0,-0.0,4055.251953125,0.0,437.5437316894531,1895.4371337890625,0.0,1048.2117919921875,0.5943698883056641,1.0,0.0,3.0,1.0,0.0
12045720,297.1006774902344,297.1499938964844,293.1499938964844,0.0,-0.0,285.6270446777344,0.9990000128746032,0.5607733130455017,0.4395299851894378,297.2919616699219,297.1499938964844,293.1499938964844,0.0,-0.0,285.6267395019531,0.8131244778633118,0.2606247961521148,0.248065784573555,297.15386962890625,297.1499938964844,293.1499938964844,0.0,-0.0,285.6267395019531,0.8101865649223328,0.2572495341300964,0.1811943352222442,297.2032775878906,297.1499938964844,293.1499938964844,0.0,-0.0,285.62652587890625,0.7421018481254578,0.1972689181566238,0.1886215656995773,297.1110534667969,297.1499938964844,293.1499938964844,0.0,-0.0,285.62652587890625,0.7466964721679688,0.2009433209896087,0.912421464920044,285.6269226074219,285.62017822265625,293.2191772460937,287.3969116210937,293.2176513671875,297.1960754394531,285.6279296875,1.0,0.4488266706466675,1.0,1.0,0.0,1.0,-2.3646810054779053,2.3646764755249023,4.499374426814029e-06,1.8280153274536133,0.821832001209259,0.821832001209259,0.0,94.35811614990234,87.0,18157.447265625,-0.0,1134.958984375,1.0,283.1499938964844,284.98052978515625,290.4044189453125,291.63494873046875,293.1499938964844,293.1499938964844,283.1499938964844,19020.923828125,18000.0,313.1499938964844,0.0,18000.0,1.0,0.0,0.0,0.0,1.0,0.6204026341438293,1.0,0.0,0.0,2.368234395980835,2.3682451248168945,3.742335366041516e-07,4.265924453735352,4.265914440155029,9.78592834144365e-06,0.0,0.0,-0.0,4055.251953125,0.0,437.5437316894531,1895.4371337890625,0.0,1048.2117919921875,0.5943698883056641,1.0,0.0,3.0,1.0,0.0
12045780,297.1452331542969,297.1499938964844,293.1499938964844,0.0,-0.0,285.649169921875,0.9990000128746032,0.5646659135818481,0.4309224486351013,297.2985534667969,297.1499938964844,293.1499938964844,0.0,-0.0,285.6488647460937,0.8205617070198059,0.2630900144577026,0.2502919733524322,297.1596374511719,297.1499938964844,293.1499938964844,0.0,-0.0,285.6488647460937,0.8159217834472656,0.2578851580619812,0.1815696954727172,297.207763671875,297.1499938964844,293.1499938964844,0.0,-0.0,285.6486511230469,0.7479682564735413,0.1983987838029861,0.18959441781044,297.11676025390625,297.1499938964844,293.1499938964844,0.0,-0.0,285.6486511230469,0.7514032125473022,0.2010275870561599,0.9123240113258362,285.6490478515625,285.5935363769531,293.2803649902344,287.4410400390625,293.2790222167969,297.2088928222656,285.650146484375,1.0,0.4465126693248749,1.0,1.0,0.0,1.0,-2.358503580093384,2.358499050140381,4.47570573669509e-06,1.823103308677673,0.8230172395706177,0.8230172395706177,0.0,91.93943786621094,90.0,18202.2734375,-0.0,1118.3421630859375,1.0,283.1499938964844,285.0024108886719,290.447265625,291.6817932128906,293.1499938964844,293.1499938964844,283.1499938964844,18596.79296875,18000.0,313.1499938964844,0.0,18000.0,1.0,0.0,0.0,0.0,1.0,0.6216139197349548,1.0,0.0,0.0,2.3461530208587646,2.346163511276245,3.672873845061986e-07,4.265924453735352,4.265914440155029,9.78592834144365e-06,0.0,0.0,-0.0,4068.45166015625,0.0,425.07666015625,1895.4371337890625,0.0,1055.6558837890625,0.5888844728469849,1.0,0.0,3.0,1.0,0.0
12045840,297.1452331542969,297.1499938964844,293.1499938964844,0.0,-0.0,285.649169921875,0.9990000128746032,0.5646659135818481,0.4309224486351013,297.2985534667969,297.1499938964844,293.1499938964844,0.0,-0.0,285.6488647460937,0.8205617070198059,0.2630900144577026,0.2502919733524322,297.1596374511719,297.1499938964844,293.1499938964844,0.0,-0.0,285.6488647460937,0.8159217834472656,0.2578851580619812,0.1815696954727172,297.207763671875,297.1499938964844,293.1499938964844,0.0,-0.0,285.6486511230469,0.7479682564735413,0.1983987838029861,0.18959441781044,297.11676025390625,297.1499938964844,293.1499938964844,0.0,-0.0,285.6486511230469,0.7514032125473022,0.2010275870561599,0.9123240113258362,285.6490478515625,285.5935363769531,293.2803649902344,287.4410400390625,293.2790222167969,297.2088928222656,285.650146484375,1.0,0.4465126693248749,1.0,1.0,0.0,1.0,-2.358503580093384,2.358499050140381,4.47570573669509e-06,1.823103308677673,0.8230172395706177,0.8230172395706177,0.0,91.93943786621094,90.0,18202.2734375,-0.0,1118.3421630859375,1.0,283.1499938964844,285.0024108886719,290.447265625,291.6817932128906,293.1499938964844,293.1499938964844,283.1499938964844,18596.79296875,18000.0,313.1499938964844,0.0,18000.0,1.0,0.0,0.0,0.0,1.0,0.6216139197349548,1.0,0.0,0.0,2.3461530208587646,2.346163511276245,3.672873845061986e-07,4.265924453735352,4.265914440155029,9.78592834144365e-06,0.0,0.0,-0.0,4068.45166015625,0.0,425.07666015625,1895.4371337890625,0.0,1055.6558837890625,0.5888844728469849,1.0,0.0,3.0,1.0,0.0
12045900,297.16510009765625,297.1499938964844,293.1499938964844,0.0,-0.0,285.6597900390625,0.9990000128746032,0.5665888786315918,0.4286753833293915,297.3016357421875,297.1499938964844,293.1499938964844,0.0,-0.0,285.65948486328125,0.8230757713317871,0.2643326818943023,0.2514379024505615,297.1622619628906,297.1499938964844,293.1499938964844,0.0,-0.0,285.65948486328125,0.8175676465034485,0.2582040727138519,0.1817750036716461,297.2098083496094,297.1499938964844,293.1499938964844,0.0,-0.0,285.6592712402344,0.7498643398284912,0.1989659816026687,0.1901071071624755,297.1193542480469,297.1499938964844,293.1499938964844,0.0,-0.0,285.6593017578125,0.7526950836181641,0.2010715156793594,0.9124195575714112,285.6596374511719,285.572998046875,293.30810546875,287.4607238769531,293.3068542480469,297.21630859375,285.6607360839844,1.0,0.4460771679878235,1.0,1.0,0.0,1.0,-2.3581557273864746,2.358151197433472,4.474382876651362e-06,1.82283103466034,0.8239076733589172,0.8239076733589172,0.0,91.35598754882812,90.0,18241.853515625,-0.0,1115.6126708984375,1.0,283.1499938964844,285.0121154785156,290.4673767089844,291.70477294921875,293.1499938964844,293.1499938964844,283.1499938964844,18445.970703125,18000.0,313.1499938964844,0.0,18000.0,1.0,0.0,0.0,0.0,1.0,0.6222959756851196,1.0,0.0,0.0,2.3392016887664795,2.33921217918396,3.6511414691631217e-07,4.265924453735352,4.265914440155029,9.78592834144365e-06,0.0,0.0,-0.0,4075.534423828125,0.0,421.1139221191406,1895.4371337890625,0.0,1059.8642578125,0.5871299505233765,1.0,0.0,3.0,1.0,0.0
12045960,297.18170166015625,297.1499938964844,293.1499938964844,0.0,-0.0,285.669677734375,0.9990000128746032,0.5683164000511169,0.4274620115756988,297.3045349121094,297.1499938964844,293.1499938964844,0.0,-0.0,285.6694030761719,0.8249843120574951,0.2655797600746155,0.2525990903377533,297.16473388671875,297.1499938964844,293.1499938964844,0.0,-0.0,285.6693725585937,0.8186009526252747,0.2585226595401764,0.1819879412651062,297.2117004394531,297.1499938964844,293.1499938964844,0.0,-0.0,285.6692199707031,0.7512078285217285,0.1995319724082946,0.1906298398971557,297.1217346191406,297.1499938964844,293.1499938964844,0.0,-0.0,285.6692199707031,0.7534185647964478,0.2011109739542007,0.9125470519065856,285.6695556640625,285.5700988769531,293.3340759277344,287.4788818359375,293.3328857421875,297.2235107421875,285.6705627441406,1.0,0.4460389018058777,1.0,1.0,0.0,1.0,-2.359127998352051,2.359123468399048,4.478074060898507e-06,1.8235881328582764,0.824755072593689,0.824755072593689,0.0,91.07858276367188,93.0,18289.337890625,-0.0,1115.5777587890625,1.0,283.1499938964844,285.020751953125,290.48663330078125,291.7274475097656,293.1499938964844,293.1499938964844,283.1499938964844,18310.484375,18000.0,313.1499938964844,0.0,18000.0,1.0,0.0,0.0,0.0,1.0,0.6231255531311035,1.0,0.0,0.0,2.334719181060791,2.3347296714782715,3.637162535596872e-07,4.265924453735352,4.265914440155029,9.78592834144365e-06,0.0,0.0,-0.0,4082.763916015625,0.0,418.3873291015625,1895.4371337890625,0.0,1064.9998779296875,0.5859415531158447,1.0,0.0,3.0,1.0,0.0
12046020,297.2004089355469,297.1499938964844,293.1499938964844,0.0,-0.0,285.6850280761719,0.9990000128746032,0.5705404281616211,0.4273280501365661,297.3091125488281,297.1499938964844,293.1499938964844,0.0,-0.0,285.6847839355469,0.8270663022994995,0.2676828503608703,0.254576712846756,297.1684875488281,297.1499938964844,293.1499938964844,0.0,-0.0,285.6847839355469,0.8192059397697449,0.2590565085411072,0.1823587715625763,297.214599609375,297.1499938964844,293.1499938964844,0.0,-0.0,285.6846008300781,0.7524149417877197,0.2004779130220413,0.1915230304002761,297.1253967285156,297.1499938964844,293.1499938964844,0.0,-0.0,285.68463134765625,0.7535728216171265,0.2011780738830566,0.9128386974334716,285.6849060058594,285.5399475097656,293.3737487792969,287.5060729980469,293.3726806640625,297.233154296875,285.68585205078125,1.0,0.4467065930366516,1.0,1.0,0.0,1.0,-2.363208770751953,2.36320424079895,4.493587312026648e-06,1.8267678022384644,0.8267354965209961,0.8267354965209961,0.0,91.17279052734376,93.0,18381.267578125,-0.0,1120.4949951171875,1.0,283.1499938964844,285.0335388183594,290.5165405273437,291.7640075683594,293.1499938964844,293.1499938964844,283.1499938964844,18141.751953125,18000.0,313.1499938964844,0.0,18000.0,1.0,0.0,0.0,0.0,1.0,0.6249213814735413,1.0,0.0,0.0,2.330817222595215,2.330827713012696,3.6250153812034114e-07,4.265924453735352,4.265914440155029,9.78592834144365e-06,0.0,0.0,-0.0,4094.7744140625,0.0,415.7791137695313,1895.4371337890625,0.0,1076.177734375,0.5848300457000732,1.0,0.0,3.0,1.0,0.0
12046080,297.2027282714844,297.1499938964844,293.1499938964844,0.0,-0.0,285.687744140625,0.9990000128746032,0.5708626508712769,0.4275335371494293,297.3099365234375,297.1499938964844,293.1499938964844,0.0,-0.0,285.6875305175781,0.8273260593414307,0.2680845260620117,0.2549567520618438,297.1691589355469,297.1499938964844,293.1499938964844,0.0,-0.0,285.6875,0.8191840648651123,0.259158045053482,0.1824309825897216,297.215087890625,297.1499938964844,293.1499938964844,0.0,-0.0,285.6873474121094,0.7525157332420349,0.2006572633981704,0.191694751381874,297.12603759765625,297.1499938964844,293.1499938964844,0.0,-0.0,285.6873474121094,0.7534734606742859,0.2011907994747162,0.91290545463562,285.6876525878906,285.5500183105469,293.3807678222656,287.51080322265625,293.3797302246094,297.2345275878906,285.68853759765625,1.0,0.4469227194786072,1.0,1.0,0.0,1.0,-2.3642849922180176,2.364280462265014,4.497683221416082e-06,1.8276063203811648,0.8269556164741516,0.8269556164741516,0.0,91.2586898803711,96.0,18400.330078125,-0.0,1122.0399169921875,1.0,283.1499938964844,285.03570556640625,290.5218200683594,291.77069091796875,293.1499938964844,293.1499938964844,283.1499938964844,18112.80859375,18000.0,313.1499938964844,0.0,18000.0,1.0,0.0,0.0,0.0,1.0,0.625321090221405,1.0,0.0,0.0,2.330604791641236,2.3306150436401367,3.624354008024966e-07,4.265924453735352,4.265914440155029,9.78592834144365e-06,0.0,0.0,-0.0,4097.02587890625,0.0,415.5428771972656,1895.4371337890625,0.0,1078.677490234375,0.5847400426864624,1.0,0.0,3.0,1.0,0.0
12046140,297.2089538574219,297.1499938964844,293.1499938964844,0.0,-0.0,285.7038269042969,0.9990000128746032,0.5721752047538757,0.4301924109458923,297.3147888183594,297.1499938964844,293.1499938964844,0.0,-0.0,285.70361328125,0.828136682510376,0.2706023454666137,0.2573526501655578,297.1730041503906,297.1499938964844,293.1499938964844,0.0,-0.0,285.7035827636719,0.8182363510131836,0.2597914636135101,0.1828915476799011,297.21795654296875,297.1499938964844,293.1499938964844,0.0,-0.0,285.7034606933594,0.7523758411407471,0.2017718255519867,0.1927757114171981,297.1297912597656,297.1499938964844,293.1499938964844,0.0,-0.0,285.7034606933594,0.7520929574966431,0.2012672871351242,0.9133785367012024,285.7037353515625,285.5332336425781,293.4209289550781,287.5372009277344,293.4200744628906,297.23956298828125,285.7045288085937,1.0,0.448800653219223,1.0,1.0,0.0,1.0,-2.372775316238404,2.3727707862854004,4.5300648707780056e-06,1.8342219591140747,0.8295521140098572,0.8295521140098572,0.0,92.2021942138672,99.0,18526.623046875,-0.0,1135.347412109375,1.0,283.1499938964844,285.0480041503906,290.5514221191406,291.8096008300781,293.1499938964844,293.1499938964844,283.1499938964844,17973.564453125,18000.0,313.1499938964844,0.0,18000.0,1.0,0.0,0.0,0.0,1.0,0.6281764507293701,1.0,0.0,0.0,2.331669569015503,2.3316800594329834,3.627666842476174e-07,4.265924453735352,4.265914440155029,9.78592834144365e-06,0.0,0.0,-0.0,4110.51416015625,0.0,415.3680725097656,1895.4371337890625,0.0,1096.651611328125,0.5847667455673218,1.0,0.0,3.0,1.0,0.0
12046200,297.2089538574219,297.1499938964844,293.1499938964844,0.0,-0.0,285.7038269042969,0.9990000128746032,0.5721752047538757,0.4301924109458923,297.3147888183594,297.1499938964844,293.1499938964844,0.0,-0.0,285.70361328125,0.828136682510376,0.2706023454666137,0.2573526501655578,297.1730041503906,297.1499938964844,293.1499938964844,0.0,-0.0,285.7035827636719,0.8182363510131836,0.2597914636135101,0.1828915476799011,297.21795654296875,297.1499938964844,293.1499938964844,0.0,-0.0,285.7034606933594,0.7523758411407471,0.2017718255519867,0.1927757114171981,297.1297912597656,297.1499938964844,293.1499938964844,0.0,-0.0,285.7034606933594,0.7520929574966431,0.2012672871351242,0.9133785367012024,285.7037353515625,285.5332336425781,293.4209289550781,287.5372009277344,293.4200744628906,297.23956298828125,285.7045288085937,1.0,0.448800653219223,1.0,1.0,0.0,1.0,-2.372775316238404,2.3727707862854004,4.5300648707780056e-06,1.8342219591140747,0.8295521140098572,0.8295521140098572,0.0,92.2021942138672,99.0,18526.623046875,-0.0,1135.347412109375,1.0,283.1499938964844,285.0480041503906,290.5514221191406,291.8096008300781,293.1499938964844,293.1499938964844,283.1499938964844,17973.564453125,18000.0,313.1499938964844,0.0,18000.0,1.0,0.0,0.0,0.0,1.0,0.6281764507293701,1.0,0.0,0.0,2.331669569015503,2.3316800594329834,3.627666842476174e-07,4.265924453735352,4.265914440155029,9.78592834144365e-06,0.0,0.0,-0.0,4110.51416015625,0.0,415.3680725097656,1895.4371337890625,0.0,1096.651611328125,0.5847667455673218,1.0,0.0,3.0,1.0,0.0
12046260,297.2035217285156,297.1499938964844,293.1499938964844,0.0,-0.0,285.7180480957031,0.9990000128746032,0.5723827481269836,0.4347359538078308,297.31915283203125,297.1499938964844,293.1499938964844,0.0,-0.0,285.7178955078125,0.8278481960296631,0.2731322646141052,0.2597790956497192,297.1763610839844,297.1499938964844,293.1499938964844,0.0,-0.0,285.7178649902344,0.8161887526512146,0.2604234516620636,0.1833651512861251,297.2203369140625,297.1499938964844,293.1499938964844,0.0,-0.0,285.7177429199219,0.7511969208717346,0.2028747349977493,0.1938649713993072,297.1329650878906,297.1499938964844,293.1499938964844,0.0,-0.0,285.7177429199219,0.7496994137763977,0.2013347893953323,0.9139074087142944,285.7179870605469,285.5198059082031,293.4551086425781,287.5585021972656,293.4543762207031,297.23931884765625,285.7186889648437,1.0,0.4513991177082062,1.0,1.0,0.0,1.0,-2.383659601211548,2.383655071258545,4.571753379423171e-06,1.8427019119262693,0.8324784636497498,0.8324784636497498,0.0,93.71150207519533,102.0,18661.7421875,-0.0,1153.75048828125,1.0,283.1499938964844,285.0581359863281,290.5749206542969,291.8429870605469,293.1499938964844,293.1499938964844,283.1499938964844,17873.71875,18000.0,313.1499938964844,0.0,18000.0,1.0,0.0,0.0,0.0,1.0,0.6314794421195984,1.0,0.0,0.0,2.3364508152008057,2.336461305618286,3.642559818217706e-07,4.265924453735352,4.265914440155029,9.78592834144365e-06,0.0,0.0,-0.0,4122.81787109375,0.0,417.096923828125,1895.4371337890625,0.0,1117.7041015625,0.5856722593307495,1.0,0.0,3.0,1.0,0.0
12046320,297.2035217285156,297.1499938964844,293.1499938964844,0.0,-0.0,285.7180480957031,0.9990000128746032,0.5723827481269836,0.4347359538078308,297.31915283203125,297.1499938964844,293.1499938964844,0.0,-0.0,285.7178955078125,0.8278481960296631,0.2731322646141052,0.2597790956497192,297.1763610839844,297.1499938964844,293.1499938964844,0.0,-0.0,285.7178649902344,0.8161887526512146,0.2604234516620636,0.1833651512861251,297.2203369140625,297.1499938964844,293.1499938964844,0.0,-0.0,285.7177429199219,0.7511969208717346,0.2028747349977493,0.1938649713993072,297.1329650878906,297.1499938964844,293.1499938964844,0.0,-0.0,285.7177429199219,0.7496994137763977,0.2013347893953323,0.9139074087142944,285.7179870605469,285.5198059082031,293.4551086425781,287.5585021972656,293.4543762207031,297.23931884765625,285.7186889648437,1.0,0.4513991177082062,1.0,1.0,0.0,1.0,-2.383659601211548,2.383655071258545,4.571753379423171e-06,1.8427019119262693,0.8324784636497498,0.8324784636497498,0.0,93.71150207519533,102.0,18661.7421875,-0.0,1153.75048828125,1.0,283.1499938964844,285.0581359863281,290.5749206542969,291.8429870605469,293.1499938964844,293.1499938964844,283.1499938964844,17873.71875,18000.0,313.1499938964844,0.0,18000.0,1.0,0.0,0.0,0.0,1.0,0.6314794421195984,1.0,0.0,0.0,2.3364508152008057,2.336461305618286,3.642559818217706e-07,4.265924453735352,4.265914440155029,9.78592834144365e-06,0.0,0.0,-0.0,4122.81787109375,0.0,417.096923828125,1895.4371337890625,0.0,1117.7041015625,0.5856722593307495,1.0,0.0,3.0,1.0,0.0
12046380,297.1889343261719,297.1499938964844,293.1499938964844,0.0,-0.0,285.73065185546875,0.9990000128746032,0.57159024477005,0.4406309425830841,297.3230895996094,297.1499938964844,293.1499938964844,0.0,-0.0,285.7304992675781,0.8268007040023804,0.2756734788417816,0.2622304558753967,297.1792907714844,297.1499938964844,293.1499938964844,0.0,-0.0,285.73046875,0.8133654594421387,0.2610543072223663,0.1838484555482864,297.2223205566406,297.1499938964844,293.1499938964844,0.0,-0.0,285.7303771972656,0.7493091821670532,0.203965738415718,0.1949572563171386,297.1356811523437,297.1499938964844,293.1499938964844,0.0,-0.0,285.7303771972656,0.74663245677948,0.2013930827379226,0.9144598841667176,285.7305603027344,285.5096435546875,293.4837646484375,287.5750732421875,293.483154296875,297.2356872558594,285.731201171875,1.0,0.4545147120952606,1.0,1.0,0.0,1.0,-2.3962419033050537,2.396237134933472,4.620187610271387e-06,1.85250210762024,0.8356710076332092,0.8356710076332092,0.0,95.64134216308594,105.0,18801.0625,-0.0,1175.9708251953125,1.0,283.1499938964844,285.06640625,290.5926208496094,291.87066650390625,293.1499938964844,293.1499938964844,283.1499938964844,17801.306640625,18000.0,313.1499938964844,0.0,18000.0,1.0,0.0,0.0,0.0,1.0,0.6350007653236389,1.0,0.0,0.0,2.3439278602600098,2.3439383506774902,3.665910810468631e-07,4.265924453735352,4.265914440155029,9.78592834144365e-06,0.0,0.0,-0.0,4133.80908203125,0.0,420.2156677246094,1895.4371337890625,0.0,1140.4508056640625,0.5872148871421814,1.0,0.0,3.0,1.0,0.0
12046440,297.1889343261719,297.1499938964844,293.1499938964844,0.0,-0.0,285.73065185546875,0.9990000128746032,0.57159024477005,0.4406309425830841,297.3230895996094,297.1499938964844,293.1499938964844,0.0,-0.0,285.7304992675781,0.8268007040023804,0.2756734788417816,0.2622304558753967,297.1792907714844,297.1499938964844,293.1499938964844,0.0,-0.0,285.73046875,0.8133654594421387,0.2610543072223663,0.1838484555482864,297.2223205566406,297.1499938964844,293.1499938964844,0.0,-0.0,285.7303771972656,0.7493091821670532,0.203965738415718,0.1949572563171386,297.1356811523437,297.1499938964844,293.1499938964844,0.0,-0.0,285.7303771972656,0.74663245677948,0.2013930827379226,0.9144598841667176,285.7305603027344,285.5096435546875,293.4837646484375,287.5750732421875,293.483154296875,297.2356872558594,285.731201171875,1.0,0.4545147120952606,1.0,1.0,0.0,1.0,-2.3962419033050537,2.396237134933472,4.620187610271387e-06,1.85250210762024,0.8356710076332092,0.8356710076332092,0.0,95.64134216308594,105.0,18801.0625,-0.0,1175.9708251953125,1.0,283.1499938964844,285.06640625,290.5926208496094,291.87066650390625,293.1499938964844,293.1499938964844,283.1499938964844,17801.306640625,18000.0,313.1499938964844,0.0,18000.0,1.0,0.0,0.0,0.0,1.0,0.6350007653236389,1.0,0.0,0.0,2.3439278602600098,2.3439383506774902,3.665910810468631e-07,4.265924453735352,4.265914440155029,9.78592834144365e-06,0.0,0.0,-0.0,4133.80908203125,0.0,420.2156677246094,1895.4371337890625,0.0,1140.4508056640625,0.5872148871421814,1.0,0.0,3.0,1.0,0.0
12046500,297.1783752441406,297.1499938964844,293.1499938964844,0.0,-0.0,285.73638916015625,0.9990000128746032,0.5708000063896179,0.4439502954483032,297.32489013671875,297.1499938964844,293.1499938964844,0.0,-0.0,285.7362365722656,0.8260790109634399,0.2769484221935272,0.2634641826152801,297.1806030273437,297.1499938964844,293.1499938964844,0.0,-0.0,285.7362060546875,0.811741292476654,0.2613694369792938,0.1840929090976715,297.22314453125,297.1499938964844,293.1499938964844,0.0,-0.0,285.7361145019531,0.7481842041015625,0.2045070677995681,0.1955034285783767,297.13690185546875,297.1499938964844,293.1499938964844,0.0,-0.0,285.7361145019531,0.7449365258216858,0.2014245688915252,0.914754033088684,285.7362976074219,285.4992370605469,293.49615478515625,287.58172607421875,293.49560546875,297.2332763671875,285.7369384765625,1.0,0.4562183022499084,1.0,1.0,0.0,1.0,-2.4030144214630127,2.4030098915100098,4.646365141525166e-06,1.8577755689620967,0.8374139666557312,0.8374139666557312,0.0,96.72804260253906,105.0,18871.107421875,-0.0,1188.2159423828125,1.0,283.1499938964844,285.0699768066406,290.5994873046875,291.8824462890625,293.1499938964844,293.1499938964844,283.1499938964844,17777.197265625,18000.0,313.1499938964844,0.0,18000.0,1.0,0.0,0.0,0.0,1.0,0.6367882490158081,1.0,0.0,0.0,2.348341464996338,2.34835171699524,3.679728877159505e-07,4.265924453735352,4.265914440155029,9.78592834144365e-06,0.0,0.0,-0.0,4138.8017578125,0.0,422.1547546386719,1895.4371337890625,0.0,1152.115478515625,0.5881534814834595,1.0,0.0,3.0,1.0,0.0
12046560,297.1658020019531,297.1499938964844,293.1499938964844,0.0,-0.0,285.7417297363281,0.9990000128746032,0.5697450041770935,0.4474610090255737,297.3266296386719,297.1499938964844,293.1499938964844,0.0,-0.0,285.7415771484375,0.825261652469635,0.2782265543937683,0.264703094959259,297.18182373046875,297.1499938964844,293.1499938964844,0.0,-0.0,285.7415771484375,0.8100059628486633,0.2616845071315765,0.1843389272689819,297.22393798828125,297.1499938964844,293.1499938964844,0.0,-0.0,285.7414855957031,0.7469741106033325,0.2050458490848541,0.1960493624210357,297.1380920410156,297.1499938964844,293.1499938964844,0.0,-0.0,285.741455078125,0.7431712746620178,0.2014580070972442,0.9150721430778505,285.7416381835937,285.5026550292969,293.5073547363281,287.5873413085937,293.5068664550781,297.23095703125,285.7422180175781,1.0,0.458000510931015,1.0,1.0,0.0,1.0,-2.4100537300109863,2.4100489616394043,4.673652711062459e-06,1.863255739212036,0.8390728235244751,0.8390728235244751,0.0,97.8812255859375,108.0,18941.623046875,-0.0,1201.1072998046875,1.0,283.1499938964844,285.0731201171875,290.60516357421875,291.8929748535156,293.1499938964844,293.1499938964844,283.1499938964844,17748.728515625,18000.0,313.1499938964844,0.0,18000.0,1.0,0.0,0.0,0.0,1.0,0.6385704278945923,1.0,0.0,0.0,2.3533802032470703,2.353390693664551,3.695537031944696e-07,4.265924453735352,4.265914440155029,9.78592834144365e-06,0.0,0.0,-0.0,4143.52392578125,0.0,424.3722534179688,1895.4371337890625,0.0,1163.8240966796875,0.5892248749732971,1.0,0.0,3.0,1.0,0.0
12046620,297.1364440917969,297.1499938964844,293.1499938964844,0.0,-0.0,285.75146484375,0.9990000128746032,0.5669733881950378,0.4549255073070526,297.329833984375,297.1499938964844,293.1499938964844,0.0,-0.0,285.7513427734375,0.8234205842018127,0.2807900607585907,0.2671938836574554,297.1840515136719,297.1499938964844,293.1499938964844,0.0,-0.0,285.7513122558594,0.8062641620635986,0.2623132169246673,0.1848344057798385,297.2252197265625,297.1499938964844,293.1499938964844,0.0,-0.0,285.7512512207031,0.7443782091140747,0.2061151564121246,0.1971393376588821,297.14013671875,297.1499938964844,293.1499938964844,0.0,-0.0,285.7512512207031,0.7394962906837463,0.2015150934457779,0.915717363357544,285.7514038085937,285.4987487792969,293.52642822265625,287.595703125,293.5260314941406,297.2279357910156,285.7519226074219,1.0,0.4617403447628021,1.0,1.0,0.0,1.0,-2.4246931076049805,2.4246883392333984,4.730663931695744e-06,1.874650359153748,0.8426212668418884,0.8426212668418884,0.0,100.34918212890624,111.0,19081.0703125,-0.0,1228.4259033203125,1.0,283.1499938964844,285.0785217285156,290.61334228515625,291.91070556640625,293.1499938964844,293.1499938964844,283.1499938964844,17710.798828125,18000.0,313.1499938964844,0.0,18000.0,1.0,0.0,0.0,0.0,1.0,0.6421031355857849,1.0,0.0,0.0,2.364221572875977,2.364232063293457,3.729663831109065e-07,4.265924453735352,4.265914440155029,9.78592834144365e-06,0.0,0.0,-0.0,4152.0751953125,0.0,429.2860412597656,1895.4371337890625,0.0,1187.26220703125,0.591565728187561,1.0,0.0,3.0,1.0,0.0
12046680,297.1364440917969,297.1499938964844,293.1499938964844,0.0,-0.0,285.75146484375,0.9990000128746032,0.5669733881950378,0.4549255073070526,297.329833984375,297.1499938964844,293.1499938964844,0.0,-0.0,285.7513427734375,0.8234205842018127,0.2807900607585907,0.2671938836574554,297.1840515136719,297.1499938964844,293.1499938964844,0.0,-0.0,285.7513122558594,0.8062641620635986,0.2623132169246673,0.1848344057798385,297.2252197265625,297.1499938964844,293.1499938964844,0.0,-0.0,285.7512512207031,0.7443782091140747,0.2061151564121246,0.1971393376588821,297.14013671875,297.1499938964844,293.1499938964844,0.0,-0.0,285.7512512207031,0.7394962906837463,0.2015150934457779,0.915717363357544,285.7514038085937,285.4987487792969,293.52642822265625,287.595703125,293.5260314941406,297.2279357910156,285.7519226074219,1.0,0.4617403447628021,1.0,1.0,0.0,1.0,-2.4246931076049805,2.4246883392333984,4.730663931695744e-06,1.874650359153748,0.8426212668418884,0.8426212668418884,0.0,100.34918212890624,111.0,19081.0703125,-0.0,1228.4259033203125,1.0,283.1499938964844,285.0785217285156,290.61334228515625,291.91070556640625,293.1499938964844,293.1499938964844,283.1499938964844,17710.798828125,18000.0,313.1499938964844,0.0,18000.0,1.0,0.0,0.0,0.0,1.0,0.6421031355857849,1.0,0.0,0.0,2.364221572875977,2.364232063293457,3.729663831109065e-07,4.265924453735352,4.265914440155029,9.78592834144365e-06,0.0,0.0,-0.0,4152.0751953125,0.0,429.2860412597656,1895.4371337890625,0.0,1187.26220703125,0.591565728187561,1.0,0.0,3.0,1.0,0.0
12046740,297.10308837890625,297.1499938964844,293.1499938964844,0.0,-0.0,285.7599182128906,0.9990000128746032,0.5634249448776245,0.4628662467002868,297.33270263671875,297.1499938964844,293.1499938964844,0.0,-0.0,285.75982666015625,0.8213735222816467,0.2833584547042846,0.2696970701217651,297.1859436035156,297.1499938964844,293.1499938964844,0.0,-0.0,285.7597961425781,0.802245557308197,0.2629373669624328,0.1853320747613906,297.2262268066406,297.1499938964844,293.1499938964844,0.0,-0.0,285.7597351074219,0.7416180372238159,0.2071702480316162,0.1982232481241226,297.1415710449219,297.1499938964844,293.1499938964844,0.0,-0.0,285.7597351074219,0.7356690764427185,0.2015350311994552,0.916258692741394,285.7598876953125,285.4976806640625,293.5414428710937,287.6005554199219,293.5411682128906,297.2278137207031,285.76031494140625,1.0,0.4656495153903961,1.0,1.0,0.0,1.0,-2.4397904872894287,2.4397857189178467,4.789827016793424e-06,1.8863980770111084,0.8462665677070618,0.8462665677070618,0.0,102.99870300292967,99.0,19217.400390625,-0.0,1257.3499755859375,1.0,283.1499938964844,285.0827331542969,290.6177673339844,291.9242553710937,293.1499938964844,293.1499938964844,283.1499938964844,17684.287109375,18000.0,313.1499938964844,0.0,18000.0,1.0,0.0,0.0,0.0,1.0,0.645548939704895,1.0,0.0,0.0,2.3760440349578857,2.376054525375366,3.767058274206647e-07,4.265924453735352,4.265914440155029,9.78592834144365e-06,0.0,0.0,-0.0,4159.51318359375,0.0,434.7643737792969,1895.4371337890625,0.0,1210.413330078125,0.5941426157951355,1.0,0.0,3.0,1.0,0.0
12046800,297.10308837890625,297.1499938964844,293.1499938964844,0.0,-0.0,285.7599182128906,0.9990000128746032,0.5634249448776245,0.4628662467002868,297.33270263671875,297.1499938964844,293.1499938964844,0.0,-0.0,285.75982666015625,0.8213735222816467,0.2833584547042846,0.2696970701217651,297.1859436035156,297.1499938964844,293.1499938964844,0.0,-0.0,285.7597961425781,0.802245557308197,0.2629373669624328,0.1853320747613906,297.2262268066406,297.1499938964844,293.1499938964844,0.0,-0.0,285.7597351074219,0.7416180372238159,0.2071702480316162,0.1982232481241226,297.1415710449219,297.1499938964844,293.1499938964844,0.0,-0.0,285.7597351074219,0.7356690764427185,0.2015350311994552,0.916258692741394,285.7598876953125,285.4976806640625,293.5414428710937,287.6005554199219,293.5411682128906,297.2278137207031,285.76031494140625,1.0,0.4656495153903961,1.0,1.0,0.0,1.0,-2.4397904872894287,2.4397857189178467,4.789827016793424e-06,1.8863980770111084,0.8462665677070618,0.8462665677070618,0.0,102.99870300292967,99.0,19217.400390625,-0.0,1257.3499755859375,1.0,283.1499938964844,285.0827331542969,290.6177673339844,291.9242553710937,293.1499938964844,293.1499938964844,283.1499938964844,17684.287109375,18000.0,313.1499938964844,0.0,18000.0,1.0,0.0,0.0,0.0,1.0,0.645548939704895,1.0,0.0,0.0,2.3760440349578857,2.376054525375366,3.767058274206647e-07,4.265924453735352,4.265914440155029,9.78592834144365e-06,0.0,0.0,-0.0,4159.51318359375,0.0,434.7643737792969,1895.4371337890625,0.0,1210.413330078125,0.5941426157951355,1.0,0.0,3.0,1.0,0.0
12046860,297.08203125,297.1499938964844,293.1499938964844,0.0,-0.0,285.75830078125,0.9990000128746032,0.5606637001037598,0.4585363566875458,297.3348388671875,297.1499938964844,293.1499938964844,0.0,-0.0,285.7584228515625,0.8260094523429871,0.2858884334564209,0.2720466256141662,297.1871643066406,297.1499938964844,293.1499938964844,0.0,-0.0,285.7584228515625,0.8053928017616272,0.2635167241096496,0.1857113242149353,297.2265930175781,297.1499938964844,293.1499938964844,0.0,-0.0,285.7585144042969,0.7448907494544983,0.2081725746393203,0.1991378962993621,297.1420288085937,297.1499938964844,293.1499938964844,0.0,-0.0,285.7585144042969,0.7377157211303711,0.2014747262001037,0.9158599972724916,285.75836181640625,285.49932861328125,293.55291748046875,287.6022644042969,293.5527038574219,297.2303771972656,285.75787353515625,1.0,0.4641207158565521,1.0,1.0,0.0,1.0,-2.438507556915283,2.438502788543701,4.78534639114514e-06,1.885696291923523,0.8498028516769409,0.8498028516769409,0.0,101.7868881225586,87.0,19254.853515625,-0.0,1250.769287109375,1.0,283.1499938964844,285.0779113769531,290.61767578125,291.9304504394531,293.1499938964844,293.1499938964844,283.1499938964844,17671.466796875,18000.0,313.1499938964844,0.0,18000.0,1.0,0.0,0.0,0.0,1.0,0.6486968398094177,1.0,0.0,0.0,2.388378858566284,2.3883893489837646,3.806271706707776e-07,4.265924453735352,4.265914440155029,9.78592834144365e-06,0.0,0.0,-0.0,4161.880859375,0.0,440.6065368652344,1895.4371337890625,0.0,1231.8095703125,0.5968533754348755,1.0,0.0,3.0,1.0,0.0
12046920,297.08203125,297.1499938964844,293.1499938964844,0.0,-0.0,285.75830078125,0.9990000128746032,0.5606637001037598,0.4585363566875458,297.3348388671875,297.1499938964844,293.1499938964844,0.0,-0.0,285.7584228515625,0.8260094523429871,0.2858884334564209,0.2720466256141662,297.1871643066406,297.1499938964844,293.1499938964844,0.0,-0.0,285.7584228515625,0.8053928017616272,0.2635167241096496,0.1857113242149353,297.2265930175781,297.1499938964844,293.1499938964844,0.0,-0.0,285.7585144042969,0.7448907494544983,0.2081725746393203,0.1991378962993621,297.1420288085937,297.1499938964844,293.1499938964844,0.0,-0.0,285.7585144042969,0.7377157211303711,0.2014747262001037,0.9158599972724916,285.75836181640625,285.49932861328125,293.55291748046875,287.6022644042969,293.5527038574219,297.2303771972656,285.75787353515625,1.0,0.4641207158565521,1.0,1.0,0.0,1.0,-2.438507556915283,2.438502788543701,4.78534639114514e-06,1.885696291923523,0.8498028516769409,0.8498028516769409,0.0,101.7868881225586,87.0,19254.853515625,-0.0,1250.769287109375,1.0,283.1499938964844,285.0779113769531,290.61767578125,291.9304504394531,293.1499938964844,293.1499938964844,283.1499938964844,17671.466796875,18000.0,313.1499938964844,0.0,18000.0,1.0,0.0,0.0,0.0,1.0,0.6486968398094177,1.0,0.0,0.0,2.388378858566284,2.3883893489837646,3.806271706707776e-07,4.265924453735352,4.265914440155029,9.78592834144365e-06,0.0,0.0,-0.0,4161.880859375,0.0,440.6065368652344,1895.4371337890625,0.0,1231.8095703125,0.5968533754348755,1.0,0.0,3.0,1.0,0.0
12046980,297.0960998535156,297.1499938964844,293.1499938964844,0.0,-0.0,285.7449035644531,0.9990000128746032,0.5611904263496399,0.4443117678165436,297.3363342285156,297.1499938964844,293.1499938964844,0.0,-0.0,285.7451171875,0.8362521529197693,0.2883831262588501,0.2742546796798706,297.18780517578125,297.1499938964844,293.1499938964844,0.0,-0.0,285.74517822265625,0.8142056465148926,0.2640517354011535,0.1859807670116424,297.2265014648437,297.1499938964844,293.1499938964844,0.0,-0.0,285.74530029296875,0.7533514499664307,0.2091330587863922,0.1999035477638244,297.1423645019531,297.1499938964844,293.1499938964844,0.0,-0.0,285.7453308105469,0.7447633147239685,0.2014075219631195,0.9148246645927428,285.7450256347656,285.5033569335937,293.5613098144531,287.60125732421875,293.5611572265625,297.2323913574219,285.7440490722656,1.0,0.4588915407657623,1.0,1.0,0.0,1.0,-2.4240798950195312,2.424075126647949,4.729177817353048e-06,1.8746562004089355,0.8529998660087585,0.8529998660087585,0.0,97.52056884765624,90.0,19202.05078125,-0.0,1216.0045166015625,1.0,283.1499938964844,285.0635986328125,290.6104736328125,291.9235534667969,293.1499938964844,293.1499938964844,283.1499938964844,17675.67578125,18000.0,313.1499938964844,0.0,18000.0,1.0,0.0,0.0,0.0,1.0,0.6506022810935974,1.0,0.0,0.0,2.4005300998687744,2.400540828704834,3.845100593480312e-07,4.265924453735352,4.265914440155029,9.78592834144365e-06,0.0,0.0,-0.0,4157.91650390625,0.0,446.49951171875,1895.4371337890625,0.0,1244.873291015625,0.5995497107505798,1.0,0.0,3.0,1.0,0.0
12047040,297.0960998535156,297.1499938964844,293.1499938964844,0.0,-0.0,285.7449035644531,0.9990000128746032,0.5611904263496399,0.4443117678165436,297.3363342285156,297.1499938964844,293.1499938964844,0.0,-0.0,285.7451171875,0.8362521529197693,0.2883831262588501,0.2742546796798706,297.18780517578125,297.1499938964844,293.1499938964844,0.0,-0.0,285.74517822265625,0.8142056465148926,0.2640517354011535,0.1859807670116424,297.2265014648437,297.1499938964844,293.1499938964844,0.0,-0.0,285.74530029296875,0.7533514499664307,0.2091330587863922,0.1999035477638244,297.1423645019531,297.1499938964844,293.1499938964844,0.0,-0.0,285.7453308105469,0.7447633147239685,0.2014075219631195,0.9148246645927428,285.7450256347656,285.5033569335937,293.5613098144531,287.60125732421875,293.5611572265625,297.2323913574219,285.7440490722656,1.0,0.4588915407657623,1.0,1.0,0.0,1.0,-2.4240798950195312,2.424075126647949,4.729177817353048e-06,1.8746562004089355,0.8529998660087585,0.8529998660087585,0.0,97.52056884765624,90.0,19202.05078125,-0.0,1216.0045166015625,1.0,283.1499938964844,285.0635986328125,290.6104736328125,291.9235534667969,293.1499938964844,293.1499938964844,283.1499938964844,17675.67578125,18000.0,313.1499938964844,0.0,18000.0,1.0,0.0,0.0,0.0,1.0,0.6506022810935974,1.0,0.0,0.0,2.4005300998687744,2.400540828704834,3.845100593480312e-07,4.265924453735352,4.265914440155029,9.78592834144365e-06,0.0,0.0,-0.0,4157.91650390625,0.0,446.49951171875,1895.4371337890625,0.0,1244.873291015625,0.5995497107505798,1.0,0.0,3.0,1.0,0.0
12047100,297.1133117675781,297.1499938964844,293.1499938964844,0.0,-0.0,285.7377014160156,0.9990000128746032,0.5625402927398682,0.4391646385192871,297.33709716796875,297.1499938964844,293.1499938964844,0.0,-0.0,285.7378234863281,0.8403955101966858,0.2896374762058258,0.2753776609897613,297.1881103515625,297.1499938964844,293.1499938964844,0.0,-0.0,285.73785400390625,0.81743323802948,0.2643201649188995,0.1861259788274765,297.2265014648437,297.1499938964844,293.1499938964844,0.0,-0.0,285.7379455566406,0.7566974759101868,0.2096167951822281,0.2003026902675628,297.1428527832031,297.1499938964844,293.1499938964844,0.0,-0.0,285.7379455566406,0.7474347352981567,0.2014070600271225,0.9145033955574036,285.7377624511719,285.5003356933594,293.5645446777344,287.599853515625,293.5643920898437,297.2332763671875,285.7372131347656,1.0,0.4574452042579651,1.0,1.0,0.0,1.0,-2.419502019882202,2.41949725151062,4.7111057028814685e-06,1.870982050895691,0.8545380234718323,0.8545380234718323,0.0,96.02037811279295,90.0,19184.072265625,-0.0,1204.4569091796875,1.0,283.1499938964844,285.0565185546875,290.6051025390625,291.91680908203125,293.1499938964844,293.1499938964844,283.1499938964844,17685.865234375,18000.0,313.1499938964844,0.0,18000.0,1.0,0.0,0.0,0.0,1.0,0.6509296298027039,1.0,0.0,0.0,2.406311511993408,2.406322240829468,3.863643769363989e-07,4.265924453735352,4.265914440155029,9.78592834144365e-06,0.0,0.0,-0.0,4155.37060546875,0.0,449.3630676269531,1895.4371337890625,0.0,1247.1260986328125,0.6008449792861938,1.0,0.0,3.0,1.0,0.0
12047160,297.1300048828125,297.1499938964844,293.1499938964844,0.0,-0.0,285.7331848144531,0.9990000128746032,0.5639483332633972,0.4357568621635437,297.3379211425781,297.1499938964844,293.1499938964844,0.0,-0.0,285.7332763671875,0.8435819745063782,0.2909021377563476,0.2765295505523681,297.1884155273437,297.1499938964844,293.1499938964844,0.0,-0.0,285.7333068847656,0.8196669220924377,0.2645940780639648,0.1862891763448715,297.2265319824219,297.1499938964844,293.1499938964844,0.0,-0.0,285.7333679199219,0.7591545581817627,0.2101057469844818,0.2007271349430084,297.1434936523437,297.1499938964844,293.1499938964844,0.0,-0.0,285.7333984375,0.749261736869812,0.2014260292053222,0.9143825173377992,285.7332458496094,285.509521484375,293.5671691894531,287.597900390625,293.5670471191406,297.2346496582031,285.7328491210937,1.0,0.4565192461013794,1.0,1.0,0.0,1.0,-2.417349576950073,2.417344808578491,4.702687419921858e-06,1.8692898750305176,0.8559308052062988,0.8559308052062988,0.0,95.0666046142578,93.0,19182.38671875,-0.0,1198.017333984375,1.0,283.1499938964844,285.0515441894531,290.6000366210937,291.91082763671875,293.1499938964844,293.1499938964844,283.1499938964844,17688.96875,18000.0,313.1499938964844,0.0,18000.0,1.0,0.0,0.0,0.0,1.0,0.6509760022163391,1.0,0.0,0.0,2.4121246337890625,2.412135362625122,3.882333601268329e-07,4.265924453735352,4.265914440155029,9.78592834144365e-06,0.0,0.0,-0.0,4153.87353515625,0.0,452.2199401855469,1895.4371337890625,0.0,1247.4453125,0.6021386384963989,1.0,0.0,3.0,1.0,0.0
12047220,297.1547546386719,297.1499938964844,293.1499938964844,0.0,-0.0,285.7279357910156,0.9990000128746032,0.5662184953689575,0.4324107766151428,297.3395080566406,297.1499938964844,293.1499938964844,0.0,-0.0,285.7279968261719,0.8477714657783508,0.2932534217834472,0.2787021994590759,297.1891174316406,297.1499938964844,293.1499938964844,0.0,-0.0,285.7279968261719,0.8221043348312378,0.2651126086711883,0.1866213530302047,297.2267150878906,297.1499938964844,293.1499938964844,0.0,-0.0,285.72802734375,0.7621087431907654,0.2110146880149841,0.2015478909015655,297.1448059082031,297.1499938964844,293.1499938964844,0.0,-0.0,285.72802734375,0.7511317729949951,0.201482892036438,0.9144466519355774,285.7279663085937,285.50616455078125,293.5706787109375,287.5931091308594,293.57061767578125,297.23809814453125,285.727783203125,1.0,0.4559791684150696,1.0,1.0,0.0,1.0,-2.4173974990844727,2.4173929691314697,4.702815658674808e-06,1.8692958354949951,0.8586360812187195,0.8586360812187195,0.0,94.2058334350586,93.0,19201.01171875,-0.0,1194.5296630859375,1.0,283.1499938964844,285.0450744628906,290.593017578125,291.9032592773437,293.1499938964844,293.1499938964844,283.1499938964844,17702.755859375,18000.0,313.1499938964844,0.0,18000.0,1.0,0.0,0.0,0.0,1.0,0.6508769989013672,1.0,0.0,0.0,2.4222941398620605,2.422305107116699,3.915138790944184e-07,4.265924453735352,4.265914440155029,9.78592834144365e-06,0.0,0.0,-0.0,4152.74072265625,0.0,457.2901306152344,1895.4371337890625,0.0,1246.763427734375,0.6044138073921204,1.0,0.0,3.0,1.0,0.0
12047280,297.1564025878906,297.1499938964844,293.1499938964844,0.0,-0.0,285.7276306152344,0.9990000128746032,0.5663822293281555,0.4322747886180877,297.33966064453125,297.1499938964844,293.1499938964844,0.0,-0.0,285.7276611328125,0.8480439782142639,0.2934592366218567,0.2788940370082855,297.189208984375,297.1499938964844,293.1499938964844,0.0,-0.0,285.7276916503906,0.8222271800041199,0.2651585638523102,0.1866520047187805,297.2267150878906,297.1499938964844,293.1499938964844,0.0,-0.0,285.72772216796875,0.7622798085212708,0.2110941857099533,0.2016213238239288,297.1449279785156,297.1499938964844,293.1499938964844,0.0,-0.0,285.72772216796875,0.7512121796607971,0.2014883160591125,0.9144635796546936,285.7276611328125,285.5175170898437,293.5709228515625,287.5926208496094,293.57086181640625,297.2384338378906,285.7274780273437,1.0,0.4559929668903351,1.0,1.0,0.0,1.0,-2.417609691619873,2.41760516166687,4.703636477643158e-06,1.8694581985473635,0.8587170839309692,0.8587170839309692,0.0,94.17769622802734,96.0,19203.798828125,-0.0,1194.6607666015625,1.0,283.1499938964844,285.0446472167969,290.592529296875,291.9028015136719,293.1499938964844,293.1499938964844,283.1499938964844,17703.33203125,18000.0,313.1499938964844,0.0,18000.0,1.0,0.0,0.0,0.0,1.0,0.6508764028549194,1.0,0.0,0.0,2.42317533493042,2.4231863021850586,3.917987498880393e-07,4.265924453735352,4.265914440155029,9.78592834144365e-06,0.0,0.0,-0.0,4152.7314453125,0.0,457.7282104492188,1895.4371337890625,0.0,1246.759521484375,0.6046101450920105,1.0,0.0,3.0,1.0,0.0
12047340,297.1699523925781,297.1499938964844,293.1499938964844,0.0,-0.0,285.7255859375,0.9990000128746032,0.5678483247756958,0.4323072135448456,297.34149169921875,297.1499938964844,293.1499938964844,0.0,-0.0,285.7255859375,0.8503932356834412,0.2960476577281952,0.2813250720500946,297.1900634765625,297.1499938964844,293.1499938964844,0.0,-0.0,285.7255859375,0.8227623105049133,0.2657436728477478,0.1870557963848114,297.2269897460937,297.1499938964844,293.1499938964844,0.0,-0.0,285.7256164550781,0.7634357810020447,0.2120919376611709,0.2025610953569412,297.146240234375,297.1499938964844,293.1499938964844,0.0,-0.0,285.7256164550781,0.751274049282074,0.2015559524297714,0.9147666096687316,285.7255859375,285.52691650390625,293.5730895996094,287.5858154296875,293.57305908203125,297.241455078125,285.7255859375,1.0,0.4568361937999725,1.0,1.0,0.0,1.0,-2.422544240951538,2.422539472579956,4.72280771646183e-06,1.8732621669769287,0.8613647222518921,0.8613647222518921,0.0,94.34361267089844,99.0,19250.71875,-0.0,1201.0980224609375,1.0,283.1499938964844,285.04083251953125,290.5874328613281,291.8993530273437,293.1499938964844,293.1499938964844,283.1499938964844,17718.06640625,18000.0,313.1499938964844,0.0,18000.0,1.0,0.0,0.0,0.0,1.0,0.6511614322662354,1.0,0.0,0.0,2.4336647987365723,2.433675765991211,3.951981000227534e-07,4.265924453735352,4.265914440155029,9.78592834144365e-06,0.0,0.0,-0.0,4153.427734375,0.0,463.0054321289063,1895.4371337890625,0.0,1248.7227783203125,0.6069590449333191,1.0,0.0,3.0,1.0,0.0
12047400,297.1699523925781,297.1499938964844,293.1499938964844,0.0,-0.0,285.7255859375,0.9990000128746032,0.5678483247756958,0.4323072135448456,297.34149169921875,297.1499938964844,293.1499938964844,0.0,-0.0,285.7255859375,0.8503932356834412,0.2960476577281952,0.2813250720500946,297.1900634765625,297.1499938964844,293.1499938964844,0.0,-0.0,285.7255859375,0.8227623105049133,0.2657436728477478,0.1870557963848114,297.2269897460937,297.1499938964844,293.1499938964844,0.0,-0.0,285.7256164550781,0.7634357810020447,0.2120919376611709,0.2025610953569412,297.146240234375,297.1499938964844,293.1499938964844,0.0,-0.0,285.7256164550781,0.751274049282074,0.2015559524297714,0.9147666096687316,285.7255859375,285.52691650390625,293.5730895996094,287.5858154296875,293.57305908203125,297.241455078125,285.7255859375,1.0,0.4568361937999725,1.0,1.0,0.0,1.0,-2.422544240951538,2.422539472579956,4.72280771646183e-06,1.8732621669769287,0.8613647222518921,0.8613647222518921,0.0,94.34361267089844,99.0,19250.71875,-0.0,1201.0980224609375,1.0,283.1499938964844,285.04083251953125,290.5874328613281,291.8993530273437,293.1499938964844,293.1499938964844,283.1499938964844,17718.06640625,18000.0,313.1499938964844,0.0,18000.0,1.0,0.0,0.0,0.0,1.0,0.6511614322662354,1.0,0.0,0.0,2.4336647987365723,2.433675765991211,3.951981000227534e-07,4.265924453735352,4.265914440155029,9.78592834144365e-06,0.0,0.0,-0.0,4153.427734375,0.0,463.0054321289063,1895.4371337890625,0.0,1248.7227783203125,0.6069590449333191,1.0,0.0,3.0,1.0,0.0
12047460,297.17022705078125,297.1499938964844,293.1499938964844,0.0,-0.0,285.72613525390625,0.9990000128746032,0.5681426525115967,0.4349218606948852,297.3433532714844,297.1499938964844,293.1499938964844,0.0,-0.0,285.72613525390625,0.8511484265327454,0.2986603379249573,0.2838062047958374,297.1910095214844,297.1499938964844,293.1499938964844,0.0,-0.0,285.72613525390625,0.8218116760253906,0.2663455307483673,0.187491089105606,297.22723388671875,297.1499938964844,293.1499938964844,0.0,-0.0,285.7261047363281,0.7631198167800903,0.2130939364433288,0.2035319209098816,297.1473388671875,297.1499938964844,293.1499938964844,0.0,-0.0,285.7261047363281,0.749932050704956,0.2016211301088333,0.9151847958564758,285.72613525390625,285.537353515625,293.5741577148437,287.5778503417969,293.5741271972656,297.24224853515625,285.72625732421875,1.0,0.4586746096611023,1.0,1.0,0.0,1.0,-2.4308552742004395,2.4308505058288574,4.755229383590631e-06,1.879690647125244,0.8638911247253418,0.8638911247253418,0.0,95.2828369140625,102.0,19316.021484375,-0.0,1214.724365234375,1.0,283.1499938964844,285.039306640625,290.58251953125,291.8978576660156,293.1499938964844,293.1499938964844,283.1499938964844,17732.359375,18000.0,313.1499938964844,0.0,18000.0,1.0,0.0,0.0,0.0,1.0,0.6520926356315613,1.0,0.0,0.0,2.443611860275269,2.4436228275299072,3.9843530430516694e-07,4.265924453735352,4.265914440155029,9.78592834144365e-06,0.0,0.0,-0.0,4155.04931640625,0.0,468.0506286621094,1895.4371337890625,0.0,1255.149658203125,0.6091882586479187,1.0,0.0,3.0,1.0,0.0
12047520,297.17022705078125,297.1499938964844,293.1499938964844,0.0,-0.0,285.72613525390625,0.9990000128746032,0.5681426525115967,0.4349218606948852,297.3433532714844,297.1499938964844,293.1499938964844,0.0,-0.0,285.72613525390625,0.8511484265327454,0.2986603379249573,0.2838062047958374,297.1910095214844,297.1499938964844,293.1499938964844,0.0,-0.0,285.72613525390625,0.8218116760253906,0.2663455307483673,0.187491089105606,297.22723388671875,297.1499938964844,293.1499938964844,0.0,-0.0,285.7261047363281,0.7631198167800903,0.2130939364433288,0.2035319209098816,297.1473388671875,297.1499938964844,293.1499938964844,0.0,-0.0,285.7261047363281,0.749932050704956,0.2016211301088333,0.9151847958564758,285.72613525390625,285.537353515625,293.5741577148437,287.5778503417969,293.5741271972656,297.24224853515625,285.72625732421875,1.0,0.4586746096611023,1.0,1.0,0.0,1.0,-2.4308552742004395,2.4308505058288574,4.755229383590631e-06,1.879690647125244,0.8638911247253418,0.8638911247253418,0.0,95.2828369140625,102.0,19316.021484375,-0.0,1214.724365234375,1.0,283.1499938964844,285.039306640625,290.58251953125,291.8978576660156,293.1499938964844,293.1499938964844,283.1499938964844,17732.359375,18000.0,313.1499938964844,0.0,18000.0,1.0,0.0,0.0,0.0,1.0,0.6520926356315613,1.0,0.0,0.0,2.443611860275269,2.4436228275299072,3.9843530430516694e-07,4.265924453735352,4.265914440155029,9.78592834144365e-06,0.0,0.0,-0.0,4155.04931640625,0.0,468.0506286621094,1895.4371337890625,0.0,1255.149658203125,0.6091882586479187,1.0,0.0,3.0,1.0,0.0
12047580,297.158935546875,297.1499938964844,293.1499938964844,0.0,-0.0,285.7286682128906,0.9990000128746032,0.5672648549079895,0.4394032955169678,297.3451538085937,297.1499938964844,293.1499938964844,0.0,-0.0,285.7286376953125,0.8507604002952576,0.3012927174568176,0.2863258123397827,297.19195556640625,297.1499938964844,293.1499938964844,0.0,-0.0,285.7286376953125,0.8198070526123047,0.2669607996940613,0.187950387597084,297.2274780273437,297.1499938964844,293.1499938964844,0.0,-0.0,285.7286071777344,0.7617598176002502,0.2140969783067703,0.2045235484838485,297.1482849121094,297.1499938964844,293.1499938964844,0.0,-0.0,285.7286071777344,0.7476119995117188,0.2016834914684295,0.9156827330589294,285.7286682128906,285.54840087890625,293.5746154785156,287.5691223144531,293.5746154785156,297.2413024902344,285.7288513183594,1.0,0.4612337350845337,1.0,1.0,0.0,1.0,-2.441605806350708,2.441601037979126,4.797351721208543e-06,1.888013482093811,0.8663132786750793,0.8663132786750793,0.0,96.79153442382812,105.0,19394.783203125,-0.0,1233.6973876953125,1.0,283.1499938964844,285.0395812988281,290.5764465332031,291.8963928222656,293.1499938964844,293.1499938964844,283.1499938964844,17745.734375,18000.0,313.1499938964844,0.0,18000.0,1.0,0.0,0.0,0.0,1.0,0.6535707116127014,1.0,0.0,0.0,2.453052520751953,2.453063488006592,4.015198555862298e-07,4.265924453735352,4.265914440155029,9.78592834144365e-06,0.0,0.0,-0.0,4157.01708984375,0.0,472.8733520507813,1895.4371337890625,0.0,1265.39208984375,0.6113046407699585,1.0,0.0,3.0,1.0,0.0
12047640,297.158935546875,297.1499938964844,293.1499938964844,0.0,-0.0,285.7286682128906,0.9990000128746032,0.5672648549079895,0.4394032955169678,297.3451538085937,297.1499938964844,293.1499938964844,0.0,-0.0,285.7286376953125,0.8507604002952576,0.3012927174568176,0.2863258123397827,297.19195556640625,297.1499938964844,293.1499938964844,0.0,-0.0,285.7286376953125,0.8198070526123047,0.2669607996940613,0.187950387597084,297.2274780273437,297.1499938964844,293.1499938964844,0.0,-0.0,285.7286071777344,0.7617598176002502,0.2140969783067703,0.2045235484838485,297.1482849121094,297.1499938964844,293.1499938964844,0.0,-0.0,285.7286071777344,0.7476119995117188,0.2016834914684295,0.9156827330589294,285.7286682128906,285.54840087890625,293.5746154785156,287.5691223144531,293.5746154785156,297.2413024902344,285.7288513183594,1.0,0.4612337350845337,1.0,1.0,0.0,1.0,-2.441605806350708,2.441601037979126,4.797351721208543e-06,1.888013482093811,0.8663132786750793,0.8663132786750793,0.0,96.79153442382812,105.0,19394.783203125,-0.0,1233.6973876953125,1.0,283.1499938964844,285.0395812988281,290.5764465332031,291.8963928222656,293.1499938964844,293.1499938964844,283.1499938964844,17745.734375,18000.0,313.1499938964844,0.0,18000.0,1.0,0.0,0.0,0.0,1.0,0.6535707116127014,1.0,0.0,0.0,2.453052520751953,2.453063488006592,4.015198555862298e-07,4.265924453735352,4.265914440155029,9.78592834144365e-06,0.0,0.0,-0.0,4157.01708984375,0.0,472.8733520507813,1895.4371337890625,0.0,1265.39208984375,0.6113046407699585,1.0,0.0,3.0,1.0,0.0
12047700,297.1496887207031,297.1499938964844,293.1499938964844,0.0,-0.0,285.73052978515625,0.9990000128746032,0.5664137005805969,0.4421741366386413,297.3460388183594,297.1499938964844,293.1499938964844,0.0,-0.0,285.7304992675781,0.8502516150474548,0.3026151657104492,0.2875973880290985,297.1924133300781,297.1499938964844,293.1499938964844,0.0,-0.0,285.73046875,0.8185129165649414,0.2672725021839142,0.1881872415542602,297.22760009765625,297.1499938964844,293.1499938964844,0.0,-0.0,285.7304382324219,0.7607957124710083,0.2145981341600418,0.2050248384475708,297.148681640625,297.1499938964844,293.1499938964844,0.0,-0.0,285.7304382324219,0.746190071105957,0.2017118036746978,0.9159491062164308,285.73052978515625,285.5482177734375,293.5747985839844,287.5646057128906,293.5747985839844,297.2406616210937,285.73077392578125,1.0,0.4627181589603424,1.0,1.0,0.0,1.0,-2.4476685523986816,2.4476637840271,4.821193215320818e-06,1.892708420753479,0.8675487041473389,0.8675487041473389,0.0,97.71223449707033,105.0,19437.939453125,-0.0,1244.7557373046875,1.0,283.1499938964844,285.0402526855469,290.5728759765625,291.8953857421875,293.1499938964844,293.1499938964844,283.1499938964844,17755.310546875,18000.0,313.1499938964844,0.0,18000.0,1.0,0.0,0.0,0.0,1.0,0.654449462890625,1.0,0.0,0.0,2.457522392272949,2.457533359527588,4.02984454694888e-07,4.265924453735352,4.265914440155029,9.78592834144365e-06,0.0,0.0,-0.0,4158.0400390625,0.0,475.1851501464844,1895.4371337890625,0.0,1271.5052490234375,0.6123112440109253,1.0,0.0,3.0,1.0,0.0
12047760,297.1383972167969,297.1499938964844,293.1499938964844,0.0,-0.0,285.7326965332031,0.9990000128746032,0.565302312374115,0.4452330470085144,297.3468933105469,297.1499938964844,293.1499938964844,0.0,-0.0,285.732666015625,0.8495785593986511,0.3039412498474121,0.2888757288455963,297.19287109375,297.1499938964844,293.1499938964844,0.0,-0.0,285.7326354980469,0.8170634508132935,0.2675865292549133,0.1884281188249588,297.2276916503906,297.1499938964844,293.1499938964844,0.0,-0.0,285.73260498046875,0.7596849203109741,0.2150986045598983,0.2055287808179855,297.1490173339844,297.1499938964844,293.1499938964844,0.0,-0.0,285.73260498046875,0.7446335554122925,0.2017359286546707,0.9162157773971558,285.7326965332031,285.5595092773437,293.5749816894531,287.56005859375,293.5749816894531,297.2402038574219,285.73297119140625,1.0,0.4643129110336303,1.0,1.0,0.0,1.0,-2.454094171524048,2.4540891647338867,4.846529009228107e-06,1.8976848125457764,0.8686506152153015,0.8686506152153015,0.0,98.7258529663086,108.0,19483.5625,-0.0,1256.6885986328125,1.0,283.1499938964844,285.04119873046875,290.56903076171875,291.8941955566406,293.1499938964844,293.1499938964844,283.1499938964844,17757.8125,18000.0,313.1499938964844,0.0,18000.0,1.0,0.0,0.0,0.0,1.0,0.655387818813324,1.0,0.0,0.0,2.46203351020813,2.462044477462769,4.044652825996309e-07,4.265924453735352,4.265914440155029,9.78592834144365e-06,0.0,0.0,-0.0,4159.1181640625,0.0,477.4901123046875,1895.4371337890625,0.0,1278.05224609375,0.6133180856704712,1.0,0.0,3.0,1.0,0.0
12047820,297.1112060546875,297.1499938964844,293.1499938964844,0.0,-0.0,285.7379150390625,0.9990000128746032,0.56240314245224,0.4520120620727539,297.3485412597656,297.1499938964844,293.1499938964844,0.0,-0.0,285.73785400390625,0.8478763103485107,0.3066014647483825,0.2914482951164245,297.1937561035156,297.1499938964844,293.1499938964844,0.0,-0.0,285.7378234863281,0.813812255859375,0.2682194709777832,0.188919335603714,297.2278137207031,297.1499938964844,293.1499938964844,0.0,-0.0,285.73779296875,0.7571513652801514,0.2160961478948593,0.2065415531396865,297.1494140625,297.1499938964844,293.1499938964844,0.0,-0.0,285.7377624511719,0.7412319779396057,0.2017643004655838,0.9167099595069884,285.73785400390625,285.5702209472656,293.57574462890625,287.5509948730469,293.5757141113281,297.2403869628906,285.7381896972656,1.0,0.4677503108978271,1.0,1.0,0.0,1.0,-2.467729091644287,2.467724323272705,4.900519797956804e-06,1.9082454442977903,0.8709242343902588,0.8709242343902588,0.0,100.97429656982422,111.0,19579.666015625,-0.0,1282.6097412109375,1.0,283.1499938964844,285.0438232421875,290.5608215332031,291.8915100097656,293.1499938964844,293.1499938964844,283.1499938964844,17768.375,18000.0,313.1499938964844,0.0,18000.0,1.0,0.0,0.0,0.0,1.0,0.6573595404624939,1.0,0.0,0.0,2.470616579055786,2.470627784729004,4.072903152518849e-07,4.265924453735352,4.265914440155029,9.78592834144365e-06,0.0,0.0,-0.0,4161.36328125,0.0,481.92681884765625,1895.4371337890625,0.0,1291.8743896484375,0.6152420043945312,1.0,0.0,3.0,1.0,0.0
12047880,297.1112060546875,297.1499938964844,293.1499938964844,0.0,-0.0,285.7379150390625,0.9990000128746032,0.56240314245224,0.4520120620727539,297.3485412597656,297.1499938964844,293.1499938964844,0.0,-0.0,285.73785400390625,0.8478763103485107,0.3066014647483825,0.2914482951164245,297.1937561035156,297.1499938964844,293.1499938964844,0.0,-0.0,285.7378234863281,0.813812255859375,0.2682194709777832,0.188919335603714,297.2278137207031,297.1499938964844,293.1499938964844,0.0,-0.0,285.73779296875,0.7571513652801514,0.2160961478948593,0.2065415531396865,297.1494140625,297.1499938964844,293.1499938964844,0.0,-0.0,285.7377624511719,0.7412319779396057,0.2017643004655838,0.9167099595069884,285.73785400390625,285.5702209472656,293.57574462890625,287.5509948730469,293.5757141113281,297.2403869628906,285.7381896972656,1.0,0.4677503108978271,1.0,1.0,0.0,1.0,-2.467729091644287,2.467724323272705,4.900519797956804e-06,1.9082454442977903,0.8709242343902588,0.8709242343902588,0.0,100.97429656982422,111.0,19579.666015625,-0.0,1282.6097412109375,1.0,283.1499938964844,285.0438232421875,290.5608215332031,291.8915100097656,293.1499938964844,293.1499938964844,283.1499938964844,17768.375,18000.0,313.1499938964844,0.0,18000.0,1.0,0.0,0.0,0.0,1.0,0.6573595404624939,1.0,0.0,0.0,2.470616579055786,2.470627784729004,4.072903152518849e-07,4.265924453735352,4.265914440155029,9.78592834144365e-06,0.0,0.0,-0.0,4161.36328125,0.0,481.92681884765625,1895.4371337890625,0.0,1291.8743896484375,0.6152420043945312,1.0,0.0,3.0,1.0,0.0
12047940,297.0793151855469,297.1499938964844,293.1499938964844,0.0,-0.0,285.7439880371094,0.9990000128746032,0.5586861371994019,0.4594794809818268,297.3500366210937,297.1499938964844,293.1499938964844,0.0,-0.0,285.7439270019531,0.845833957195282,0.3092691004276275,0.2940371036529541,297.194580078125,297.1499938964844,293.1499938964844,0.0,-0.0,285.743896484375,0.8101889491081238,0.2688564956188202,0.1894201636314392,297.2278747558594,297.1499938964844,293.1499938964844,0.0,-0.0,285.7438659667969,0.7543280720710754,0.2170867472887039,0.2075568437576294,297.1493835449219,297.1499938964844,293.1499938964844,0.0,-0.0,285.74383544921875,0.7375513315200806,0.201753631234169,0.9170852303504944,285.74395751953125,285.5799255371094,293.5773620605469,287.5423889160156,293.5773010253906,297.2422790527344,285.74432373046875,1.0,0.4714342653751373,1.0,1.0,0.0,1.0,-2.4820830821990967,2.4820780754089355,4.957688361173496e-06,1.9193627834320068,0.873161792755127,0.873161792755127,0.0,103.4637451171875,99.0,19681.41796875,-0.0,1310.6995849609375,1.0,283.1499938964844,285.0472717285156,290.5524597167969,291.88885498046875,293.1499938964844,293.1499938964844,283.1499938964844,17777.048828125,18000.0,313.1499938964844,0.0,18000.0,1.0,0.0,0.0,0.0,1.0,0.65937739610672,1.0,0.0,0.0,2.4788708686828613,2.478882074356079,4.100163550901925e-07,4.265924453735352,4.265914440155029,9.78592834144365e-06,0.0,0.0,-0.0,4163.85107421875,0.0,486.2130432128906,1895.4371337890625,0.0,1306.1099853515625,0.6170910596847534,1.0,0.0,3.0,1.0,0.0
12048000,297.0793151855469,297.1499938964844,293.1499938964844,0.0,-0.0,285.7439880371094,0.9990000128746032,0.5586861371994019,0.4594794809818268,297.3500366210937,297.1499938964844,293.1499938964844,0.0,-0.0,285.7439270019531,0.845833957195282,0.3092691004276275,0.2940371036529541,297.194580078125,297.1499938964844,293.1499938964844,0.0,-0.0,285.743896484375,0.8101889491081238,0.2688564956188202,0.1894201636314392,297.2278747558594,297.1499938964844,293.1499938964844,0.0,-0.0,285.7438659667969,0.7543280720710754,0.2170867472887039,0.2075568437576294,297.1493835449219,297.1499938964844,293.1499938964844,0.0,-0.0,285.74383544921875,0.7375513315200806,0.201753631234169,0.9170852303504944,285.74395751953125,285.5799255371094,293.5773620605469,287.5423889160156,293.5773010253906,297.2422790527344,285.74432373046875,1.0,0.4714342653751373,1.0,1.0,0.0,1.0,-2.4820830821990967,2.4820780754089355,4.957688361173496e-06,1.9193627834320068,0.873161792755127,0.873161792755127,0.0,103.4637451171875,99.0,19681.41796875,-0.0,1310.6995849609375,1.0,283.1499938964844,285.0472717285156,290.5524597167969,291.88885498046875,293.1499938964844,293.1499938964844,283.1499938964844,17777.048828125,18000.0,313.1499938964844,0.0,18000.0,1.0,0.0,0.0,0.0,1.0,0.65937739610672,1.0,0.0,0.0,2.4788708686828613,2.478882074356079,4.100163550901925e-07,4.265924453735352,4.265914440155029,9.78592834144365e-06,0.0,0.0,-0.0,4163.85107421875,0.0,486.2130432128906,1895.4371337890625,0.0,1306.1099853515625,0.6170910596847534,1.0,0.0,3.0,1.0,0.0
12048060,297.059814453125,297.1499938964844,293.1499938964844,0.0,-0.0,285.7420349121094,0.9990000128746032,0.5557788610458374,0.4547139406204223,297.3510131835937,297.1499938964844,293.1499938964844,0.0,-0.0,285.7421264648437,0.8509221076965332,0.3119019865989685,0.2964770793914795,297.1949462890625,297.1499938964844,293.1499938964844,0.0,-0.0,285.7421569824219,0.8134831786155701,0.2694575488567352,0.1898096948862075,297.2274475097656,297.1499938964844,293.1499938964844,0.0,-0.0,285.7422180175781,0.7579078078269958,0.2180326133966446,0.2084117233753204,297.148681640625,297.1499938964844,293.1499938964844,0.0,-0.0,285.74224853515625,0.7398158311843872,0.2016742378473281,0.9165606498718262,285.7420959472656,285.5880126953125,293.5803527832031,287.5346069335937,293.58026123046875,297.24237060546875,285.7416381835937,1.0,0.4697438180446625,1.0,1.0,0.0,1.0,-2.480175018310547,2.4801700115203857,4.950552010996034e-06,1.918135166168213,0.8752413988113403,0.8752413988113403,0.0,102.1201629638672,87.0,19691.82421875,-0.0,1302.6575927734375,1.0,283.1499938964844,285.04345703125,290.5433654785156,291.88311767578125,293.1499938964844,293.1499938964844,283.1499938964844,17787.54296875,18000.0,313.1499938964844,0.0,18000.0,1.0,0.0,0.0,0.0,1.0,0.661200225353241,1.0,0.0,0.0,2.486766815185547,2.486778259277344,4.126325734432612e-07,4.265924453735352,4.265914440155029,9.78592834144365e-06,0.0,0.0,-0.0,4162.560546875,0.0,490.349365234375,1895.4371337890625,0.0,1319.0477294921875,0.6188620924949646,1.0,0.0,3.0,1.0,0.0
12048120,297.059814453125,297.1499938964844,293.1499938964844,0.0,-0.0,285.7420349121094,0.9990000128746032,0.5557788610458374,0.4547139406204223,297.3510131835937,297.1499938964844,293.1499938964844,0.0,-0.0,285.7421264648437,0.8509221076965332,0.3119019865989685,0.2964770793914795,297.1949462890625,297.1499938964844,293.1499938964844,0.0,-0.0,285.7421569824219,0.8134831786155701,0.2694575488567352,0.1898096948862075,297.2274475097656,297.1499938964844,293.1499938964844,0.0,-0.0,285.7422180175781,0.7579078078269958,0.2180326133966446,0.2084117233753204,297.148681640625,297.1499938964844,293.1499938964844,0.0,-0.0,285.74224853515625,0.7398158311843872,0.2016742378473281,0.9165606498718262,285.7420959472656,285.5880126953125,293.5803527832031,287.5346069335937,293.58026123046875,297.24237060546875,285.7416381835937,1.0,0.4697438180446625,1.0,1.0,0.0,1.0,-2.480175018310547,2.4801700115203857,4.950552010996034e-06,1.918135166168213,0.8752413988113403,0.8752413988113403,0.0,102.1201629638672,87.0,19691.82421875,-0.0,1302.6575927734375,1.0,283.1499938964844,285.04345703125,290.5433654785156,291.88311767578125,293.1499938964844,293.1499938964844,283.1499938964844,17787.54296875,18000.0,313.1499938964844,0.0,18000.0,1.0,0.0,0.0,0.0,1.0,0.661200225353241,1.0,0.0,0.0,2.486766815185547,2.486778259277344,4.126325734432612e-07,4.265924453735352,4.265914440155029,9.78592834144365e-06,0.0,0.0,-0.0,4162.560546875,0.0,490.349365234375,1895.4371337890625,0.0,1319.0477294921875,0.6188620924949646,1.0,0.0,3.0,1.0,0.0
12048180,297.07476806640625,297.1499938964844,293.1499938964844,0.0,-0.0,285.7301940917969,0.9990000128746032,0.5561167597770691,0.4400376081466675,297.3515930175781,297.1499938964844,293.1499938964844,0.0,-0.0,285.7303466796875,0.8622794151306152,0.3145061433315277,0.2987818121910095,297.1949157714844,297.1499938964844,293.1499938964844,0.0,-0.0,285.7304077148437,0.822353720664978,0.2700259983539581,0.1900976449251175,297.226806640625,297.1499938964844,293.1499938964844,0.0,-0.0,285.73052978515625,0.7670483589172363,0.2189470827579498,0.2091277241706848,297.1482849121094,297.1499938964844,293.1499938964844,0.0,-0.0,285.7305603027344,0.7472275495529175,0.2016186267137527,0.9155224561691284,285.73028564453125,285.5939025878906,293.5851745605469,287.52801513671875,293.5850524902344,297.2441101074219,285.7294616699219,1.0,0.4644075036048889,1.0,1.0,0.0,1.0,-2.4652791023254395,2.4652743339538574,4.891457138000988e-06,1.9066932201385496,0.8770226836204529,0.8770226836204529,0.0,97.74253845214844,90.0,19621.01953125,-0.0,1266.03857421875,1.0,283.1499938964844,285.0317077636719,290.5310974121094,291.8687438964844,293.1499938964844,293.1499938964844,283.1499938964844,17804.005859375,18000.0,313.1499938964844,0.0,18000.0,1.0,0.0,0.0,0.0,1.0,0.661878764629364,1.0,0.0,0.0,2.494036912918091,2.4940481185913086,4.150487313836493e-07,4.265924453735352,4.265914440155029,9.78592834144365e-06,0.0,0.0,-0.0,4156.3583984375,0.0,494.2141723632813,1895.4371337890625,0.0,1323.8824462890625,0.6205021739006042,1.0,0.0,3.0,1.0,0.0
12048240,297.07476806640625,297.1499938964844,293.1499938964844,0.0,-0.0,285.7301940917969,0.9990000128746032,0.5561167597770691,0.4400376081466675,297.3515930175781,297.1499938964844,293.1499938964844,0.0,-0.0,285.7303466796875,0.8622794151306152,0.3145061433315277,0.2987818121910095,297.1949157714844,297.1499938964844,293.1499938964844,0.0,-0.0,285.7304077148437,0.822353720664978,0.2700259983539581,0.1900976449251175,297.226806640625,297.1499938964844,293.1499938964844,0.0,-0.0,285.73052978515625,0.7670483589172363,0.2189470827579498,0.2091277241706848,297.1482849121094,297.1499938964844,293.1499938964844,0.0,-0.0,285.7305603027344,0.7472275495529175,0.2016186267137527,0.9155224561691284,285.73028564453125,285.5939025878906,293.5851745605469,287.52801513671875,293.5850524902344,297.2441101074219,285.7294616699219,1.0,0.4644075036048889,1.0,1.0,0.0,1.0,-2.4652791023254395,2.4652743339538574,4.891457138000988e-06,1.9066932201385496,0.8770226836204529,0.8770226836204529,0.0,97.74253845214844,90.0,19621.01953125,-0.0,1266.03857421875,1.0,283.1499938964844,285.0317077636719,290.5310974121094,291.8687438964844,293.1499938964844,293.1499938964844,283.1499938964844,17804.005859375,18000.0,313.1499938964844,0.0,18000.0,1.0,0.0,0.0,0.0,1.0,0.661878764629364,1.0,0.0,0.0,2.494036912918091,2.4940481185913086,4.150487313836493e-07,4.265924453735352,4.265914440155029,9.78592834144365e-06,0.0,0.0,-0.0,4156.3583984375,0.0,494.2141723632813,1895.4371337890625,0.0,1323.8824462890625,0.6205021739006042,1.0,0.0,3.0,1.0,0.0
12048300,297.0917358398437,297.1499938964844,293.1499938964844,0.0,-0.0,285.7243347167969,0.9990000128746032,0.5573068261146545,0.4346890747547149,297.3519592285156,297.1499938964844,293.1499938964844,0.0,-0.0,285.72442626953125,0.8669229745864868,0.3158192634582519,0.2999565303325653,297.1949768066406,297.1499938964844,293.1499938964844,0.0,-0.0,285.7244567871094,0.8257035613059998,0.2703167796134949,0.190255805850029,297.2265930175781,297.1499938964844,293.1499938964844,0.0,-0.0,285.7245178222656,0.7706678509712219,0.2194127291440963,0.2095064669847488,297.1485900878906,297.1499938964844,293.1499938964844,0.0,-0.0,285.7245178222656,0.750080406665802,0.2016377002000808,0.9152598977088928,285.7243957519531,285.59014892578125,293.5884704589844,287.5252990722656,293.5883178710937,297.2452697753906,285.7239990234375,1.0,0.4629242122173309,1.0,1.0,0.0,1.0,-2.4605822563171387,2.4605774879455566,4.872550562140532e-06,1.9029028415679927,0.877892792224884,0.877892792224884,0.0,96.19571685791016,90.0,19598.435546875,-0.0,1253.8865966796875,1.0,283.1499938964844,285.0263671875,290.52471923828125,291.8600158691406,293.1499938964844,293.1499938964844,283.1499938964844,17816.19921875,18000.0,313.1499938964844,0.0,18000.0,1.0,0.0,0.0,0.0,1.0,0.6616358160972595,1.0,0.0,0.0,2.4973363876342773,2.497347593307495,4.161476283570664e-07,4.265924453735352,4.265914440155029,9.78592834144365e-06,0.0,0.0,-0.0,4153.302734375,0.0,495.9993286132813,1895.4371337890625,0.0,1322.14990234375,0.6212531924247742,1.0,0.0,3.0,1.0,0.0
12048360,297.10809326171875,297.1499938964844,293.1499938964844,0.0,-0.0,285.72149658203125,0.9990000128746032,0.5585429072380066,0.431095153093338,297.3524475097656,297.1499938964844,293.1499938964844,0.0,-0.0,285.7215270996094,0.8705071210861206,0.3171461522579193,0.3011631667613983,297.19512939453125,297.1499938964844,293.1499938964844,0.0,-0.0,285.7215270996094,0.8280773162841797,0.2706166803836822,0.1904346942901611,297.2264709472656,297.1499938964844,293.1499938964844,0.0,-0.0,285.7215576171875,0.7733347415924072,0.2198870927095413,0.2099138647317886,297.149169921875,297.1499938964844,293.1499938964844,0.0,-0.0,285.7215881347656,0.7520777583122253,0.2016844302415847,0.9152377843856812,285.72149658203125,285.5968322753906,293.5923767089844,287.52301025390625,293.5921936035156,297.2450866699219,285.7212829589844,1.0,0.4619710147380829,1.0,1.0,0.0,1.0,-2.4583888053894043,2.4583840370178223,4.863781668973388e-06,1.9011578559875488,0.8786646127700806,0.8786646127700806,0.0,95.19985961914062,93.0,19595.0859375,-0.0,1247.07958984375,1.0,283.1499938964844,285.0233154296875,290.5196228027344,291.853271484375,293.1499938964844,293.1499938964844,283.1499938964844,17820.173828125,18000.0,313.1499938964844,0.0,18000.0,1.0,0.0,0.0,0.0,1.0,0.6611467003822327,1.0,0.0,0.0,2.500656843185425,2.5006682872772217,4.172550234216033e-07,4.265924453735352,4.265914440155029,9.78592834144365e-06,0.0,0.0,-0.0,4151.70361328125,0.0,497.7578430175781,1895.4371337890625,0.0,1318.6666259765625,0.6219989657402039,1.0,0.0,3.0,1.0,0.0
12048420,297.1339111328125,297.1499938964844,293.1499938964844,0.0,-0.0,285.72003173828125,0.9990000128746032,0.5606423020362854,0.4272788763046264,297.35369873046875,297.1499938964844,293.1499938964844,0.0,-0.0,285.72003173828125,0.8755433559417725,0.3198377788066864,0.3036468625068664,297.1956787109375,297.1499938964844,293.1499938964844,0.0,-0.0,285.7200012207031,0.8309105038642883,0.2712413966655731,0.1908353120088577,297.2265014648437,297.1499938964844,293.1499938964844,0.0,-0.0,285.7200012207031,0.7767548561096191,0.2208562791347503,0.2107834964990615,297.1506042480469,297.1499938964844,293.1499938964844,0.0,-0.0,285.7200012207031,0.7543408870697021,0.2018206566572189,0.9156095385551452,285.72003173828125,285.5961303710937,293.6024169921875,287.52001953125,293.6021728515625,297.2460021972656,285.7200927734375,1.0,0.461415946483612,1.0,1.0,0.0,1.0,-2.4587554931640625,2.4587507247924805,4.865094069828047e-06,1.9013694524765008,0.8803751468658447,0.8803751468658447,0.0,94.23782348632812,96.0,19621.884765625,-0.0,1243.4910888671875,1.0,283.1499938964844,285.0207824707031,290.5151062011719,291.8472900390625,293.1499938964844,293.1499938964844,283.1499938964844,17829.296875,18000.0,313.1499938964844,0.0,18000.0,1.0,0.0,0.0,0.0,1.0,0.6600809097290039,1.0,0.0,0.0,2.50693416595459,2.506945848464966,4.1935251715585764e-07,4.265924453735352,4.265914440155029,9.78592834144365e-06,0.0,0.0,-0.0,4151.55615234375,0.0,501.1023559570313,1895.4371337890625,0.0,1311.0946044921875,0.6234110593795776,1.0,0.0,3.0,1.0,0.0
12048480,297.1339111328125,297.1499938964844,293.1499938964844,0.0,-0.0,285.72003173828125,0.9990000128746032,0.5606423020362854,0.4272788763046264,297.35369873046875,297.1499938964844,293.1499938964844,0.0,-0.0,285.72003173828125,0.8755433559417725,0.3198377788066864,0.3036468625068664,297.1956787109375,297.1499938964844,293.1499938964844,0.0,-0.0,285.7200012207031,0.8309105038642883,0.2712413966655731,0.1908353120088577,297.2265014648437,297.1499938964844,293.1499938964844,0.0,-0.0,285.7200012207031,0.7767548561096191,0.2208562791347503,0.2107834964990615,297.1506042480469,297.1499938964844,293.1499938964844,0.0,-0.0,285.7200012207031,0.7543408870697021,0.2018206566572189,0.9156095385551452,285.72003173828125,285.5961303710937,293.6024169921875,287.52001953125,293.6021728515625,297.2460021972656,285.7200927734375,1.0,0.461415946483612,1.0,1.0,0.0,1.0,-2.4587554931640625,2.4587507247924805,4.865094069828047e-06,1.9013694524765008,0.8803751468658447,0.8803751468658447,0.0,94.23782348632812,96.0,19621.884765625,-0.0,1243.4910888671875,1.0,283.1499938964844,285.0207824707031,290.5151062011719,291.8472900390625,293.1499938964844,293.1499938964844,283.1499938964844,17829.296875,18000.0,313.1499938964844,0.0,18000.0,1.0,0.0,0.0,0.0,1.0,0.6600809097290039,1.0,0.0,0.0,2.50693416595459,2.506945848464966,4.1935251715585764e-07,4.265924453735352,4.265914440155029,9.78592834144365e-06,0.0,0.0,-0.0,4151.55615234375,0.0,501.1023559570313,1895.4371337890625,0.0,1311.0946044921875,0.6234110593795776,1.0,0.0,3.0,1.0,0.0
12048540,297.14715576171875,297.1499938964844,293.1499938964844,0.0,-0.0,285.7231140136719,0.9990000128746032,0.5617929697036743,0.4270339906215668,297.355224609375,297.1499938964844,293.1499938964844,0.0,-0.0,285.7230529785156,0.8782114386558533,0.3225723206996918,0.3062086701393127,297.1964111328125,297.1499938964844,293.1499938964844,0.0,-0.0,285.7230529785156,0.8316654562950134,0.2718958556652069,0.191283717751503,297.2267150878906,297.1499938964844,293.1499938964844,0.0,-0.0,285.7229919433594,0.7780658602714539,0.2218468636274337,0.2117106914520263,297.1520690917969,297.1499938964844,293.1499938964844,0.0,-0.0,285.7229919433594,0.7546599507331848,0.2019753009080886,0.916278839111328,285.7230834960937,285.5910339355469,293.6158142089844,287.5193786621094,293.615478515625,297.2474060058594,285.7233581542969,1.0,0.4622591137886047,1.0,1.0,0.0,1.0,-2.4639923572540283,2.4639875888824463,4.885735052084783e-06,1.905373334884644,0.8822530508041382,0.8822530508041382,0.0,94.3447723388672,99.0,19685.673828125,-0.0,1250.2275390625,1.0,283.1499938964844,285.0219116210937,290.51690673828125,291.8505859375,293.1499938964844,293.1499938964844,283.1499938964844,17830.869140625,18000.0,313.1499938964844,0.0,18000.0,1.0,0.0,0.0,0.0,1.0,0.6595435738563538,1.0,0.0,0.0,2.513146162033081,2.513157844543457,4.214333273466764e-07,4.265924453735352,4.265914440155029,9.78592834144365e-06,0.0,0.0,-0.0,4154.82666015625,0.0,504.3890380859375,1895.4371337890625,0.0,1307.2861328125,0.6247995495796204,1.0,0.0,3.0,1.0,0.0
12048600,297.14715576171875,297.1499938964844,293.1499938964844,0.0,-0.0,285.7231140136719,0.9990000128746032,0.5617929697036743,0.4270339906215668,297.355224609375,297.1499938964844,293.1499938964844,0.0,-0.0,285.7230529785156,0.8782114386558533,0.3225723206996918,0.3062086701393127,297.1964111328125,297.1499938964844,293.1499938964844,0.0,-0.0,285.7230529785156,0.8316654562950134,0.2718958556652069,0.191283717751503,297.2267150878906,297.1499938964844,293.1499938964844,0.0,-0.0,285.7229919433594,0.7780658602714539,0.2218468636274337,0.2117106914520263,297.1520690917969,297.1499938964844,293.1499938964844,0.0,-0.0,285.7229919433594,0.7546599507331848,0.2019753009080886,0.916278839111328,285.7230834960937,285.5910339355469,293.6158142089844,287.5193786621094,293.615478515625,297.2474060058594,285.7233581542969,1.0,0.4622591137886047,1.0,1.0,0.0,1.0,-2.4639923572540283,2.4639875888824463,4.885735052084783e-06,1.905373334884644,0.8822530508041382,0.8822530508041382,0.0,94.3447723388672,99.0,19685.673828125,-0.0,1250.2275390625,1.0,283.1499938964844,285.0219116210937,290.51690673828125,291.8505859375,293.1499938964844,293.1499938964844,283.1499938964844,17830.869140625,18000.0,313.1499938964844,0.0,18000.0,1.0,0.0,0.0,0.0,1.0,0.6595435738563538,1.0,0.0,0.0,2.513146162033081,2.513157844543457,4.214333273466764e-07,4.265924453735352,4.265914440155029,9.78592834144365e-06,0.0,0.0,-0.0,4154.82666015625,0.0,504.3890380859375,1895.4371337890625,0.0,1307.2861328125,0.6247995495796204,1.0,0.0,3.0,1.0,0.0
12048660,297.1474304199219,297.1499938964844,293.1499938964844,0.0,-0.0,285.7296447753906,0.9990000128746032,0.5617979168891907,0.4294366538524627,297.3568725585937,297.1499938964844,293.1499938964844,0.0,-0.0,285.7295837402344,0.8790808916091919,0.3253397345542907,0.3088296949863434,297.19732666015625,297.1499938964844,293.1499938964844,0.0,-0.0,285.72955322265625,0.8308703303337097,0.2725744247436523,0.1917692571878433,297.2270202636719,297.1499938964844,293.1499938964844,0.0,-0.0,285.7294921875,0.7777891159057617,0.2228517681360244,0.212679237127304,297.1533203125,297.1499938964844,293.1499938964844,0.0,-0.0,285.7294616699219,0.7535027265548706,0.2021277248859405,0.9170792698860168,285.7296142578125,285.5807189941406,293.6330261230469,287.5215148925781,293.6325988769531,297.2482604980469,285.73004150390625,1.0,0.4641197621822357,1.0,1.0,0.0,1.0,-2.472733974456787,2.472729206085205,4.920384981232928e-06,1.9121063947677608,0.8844113945960999,0.8844113945960999,0.0,95.23970794677734,102.0,19779.29296875,-0.0,1264.5458984375,1.0,283.1499938964844,285.0257873535156,290.5227966308594,291.86053466796875,293.1499938964844,293.1499938964844,283.1499938964844,17824.236328125,18000.0,313.1499938964844,0.0,18000.0,1.0,0.0,0.0,0.0,1.0,0.6597973108291626,1.0,0.0,0.0,2.5196003913879395,2.5196120738983154,4.23600766907839e-07,4.265924453735352,4.265914440155029,9.78592834144365e-06,0.0,0.0,-0.0,4160.5927734375,0.0,507.7772216796875,1895.4371337890625,0.0,1309.0838623046875,0.6262322664260864,1.0,0.0,3.0,1.0,0.0
12048720,297.1474304199219,297.1499938964844,293.1499938964844,0.0,-0.0,285.7296447753906,0.9990000128746032,0.5617979168891907,0.4294366538524627,297.3568725585937,297.1499938964844,293.1499938964844,0.0,-0.0,285.7295837402344,0.8790808916091919,0.3253397345542907,0.3088296949863434,297.19732666015625,297.1499938964844,293.1499938964844,0.0,-0.0,285.72955322265625,0.8308703303337097,0.2725744247436523,0.1917692571878433,297.2270202636719,297.1499938964844,293.1499938964844,0.0,-0.0,285.7294921875,0.7777891159057617,0.2228517681360244,0.212679237127304,297.1533203125,297.1499938964844,293.1499938964844,0.0,-0.0,285.7294616699219,0.7535027265548706,0.2021277248859405,0.9170792698860168,285.7296142578125,285.5807189941406,293.6330261230469,287.5215148925781,293.6325988769531,297.2482604980469,285.73004150390625,1.0,0.4641197621822357,1.0,1.0,0.0,1.0,-2.472733974456787,2.472729206085205,4.920384981232928e-06,1.9121063947677608,0.8844113945960999,0.8844113945960999,0.0,95.23970794677734,102.0,19779.29296875,-0.0,1264.5458984375,1.0,283.1499938964844,285.0257873535156,290.5227966308594,291.86053466796875,293.1499938964844,293.1499938964844,283.1499938964844,17824.236328125,18000.0,313.1499938964844,0.0,18000.0,1.0,0.0,0.0,0.0,1.0,0.6597973108291626,1.0,0.0,0.0,2.5196003913879395,2.5196120738983154,4.23600766907839e-07,4.265924453735352,4.265914440155029,9.78592834144365e-06,0.0,0.0,-0.0,4160.5927734375,0.0,507.7772216796875,1895.4371337890625,0.0,1309.0838623046875,0.6262322664260864,1.0,0.0,3.0,1.0,0.0
12048780,297.13641357421875,297.1499938964844,293.1499938964844,0.0,-0.0,285.7388610839844,0.9990000128746032,0.5606591701507568,0.4337676465511322,297.35858154296875,297.1499938964844,293.1499938964844,0.0,-0.0,285.73876953125,0.8786510229110718,0.3281328082084656,0.3114956617355346,297.19830322265625,297.1499938964844,293.1499938964844,0.0,-0.0,285.7387390136719,0.828973114490509,0.2732725143432617,0.1922834813594818,297.2274169921875,297.1499938964844,293.1499938964844,0.0,-0.0,285.7386779785156,0.7763757705688477,0.2238658964633941,0.2136770486831665,297.154296875,297.1499938964844,293.1499938964844,0.0,-0.0,285.7386169433594,0.7512943744659424,0.2022698521614074,0.917934238910675,285.7388000488281,285.5643615722656,293.654541015625,287.5267944335937,293.6540222167969,297.24871826171875,285.7393493652344,1.0,0.4667155742645263,1.0,1.0,0.0,1.0,-2.483982563018799,2.4839775562286377,4.965198058926035e-06,1.9207918643951416,0.8869662880897522,0.8869662880897522,0.0,96.71704864501952,105.0,19897.912109375,-0.0,1284.48388671875,1.0,283.1499938964844,285.0316772460937,290.5314636230469,291.8750915527344,293.1499938964844,293.1499938964844,283.1499938964844,17809.044921875,18000.0,313.1499938964844,0.0,18000.0,1.0,0.0,0.0,0.0,1.0,0.6607436537742615,1.0,0.0,0.0,2.526618003845215,2.526629447937012,4.259636057213356e-07,4.265924453735352,4.265914440155029,9.78592834144365e-06,0.0,0.0,-0.0,4168.28076171875,0.0,511.4381408691406,1895.4371337890625,0.0,1315.8004150390625,0.6277806162834167,1.0,0.0,3.0,1.0,0.0
12048840,297.13641357421875,297.1499938964844,293.1499938964844,0.0,-0.0,285.7388610839844,0.9990000128746032,0.5606591701507568,0.4337676465511322,297.35858154296875,297.1499938964844,293.1499938964844,0.0,-0.0,285.73876953125,0.8786510229110718,0.3281328082084656,0.3114956617355346,297.19830322265625,297.1499938964844,293.1499938964844,0.0,-0.0,285.7387390136719,0.828973114490509,0.2732725143432617,0.1922834813594818,297.2274169921875,297.1499938964844,293.1499938964844,0.0,-0.0,285.7386779785156,0.7763757705688477,0.2238658964633941,0.2136770486831665,297.154296875,297.1499938964844,293.1499938964844,0.0,-0.0,285.7386169433594,0.7512943744659424,0.2022698521614074,0.917934238910675,285.7388000488281,285.5643615722656,293.654541015625,287.5267944335937,293.6540222167969,297.24871826171875,285.7393493652344,1.0,0.4667155742645263,1.0,1.0,0.0,1.0,-2.483982563018799,2.4839775562286377,4.965198058926035e-06,1.9207918643951416,0.8869662880897522,0.8869662880897522,0.0,96.71704864501952,105.0,19897.912109375,-0.0,1284.48388671875,1.0,283.1499938964844,285.0316772460937,290.5314636230469,291.8750915527344,293.1499938964844,293.1499938964844,283.1499938964844,17809.044921875,18000.0,313.1499938964844,0.0,18000.0,1.0,0.0,0.0,0.0,1.0,0.6607436537742615,1.0,0.0,0.0,2.526618003845215,2.526629447937012,4.259636057213356e-07,4.265924453735352,4.265914440155029,9.78592834144365e-06,0.0,0.0,-0.0,4168.28076171875,0.0,511.4381408691406,1895.4371337890625,0.0,1315.8004150390625,0.6277806162834167,1.0,0.0,3.0,1.0,0.0
12048900,297.1274108886719,297.1499938964844,293.1499938964844,0.0,-0.0,285.7442932128906,0.9990000128746032,0.5596876740455627,0.4364842772483825,297.35943603515625,297.1499938964844,293.1499938964844,0.0,-0.0,285.74420166015625,0.878075361251831,0.3295373916625976,0.3128422796726227,297.19879150390625,297.1499938964844,293.1499938964844,0.0,-0.0,285.744140625,0.827722430229187,0.2736277282238006,0.1925493776798248,297.22760009765625,297.1499938964844,293.1499938964844,0.0,-0.0,285.7440795898437,0.7753567099571228,0.2243752777576446,0.2141841799020767,297.1546630859375,297.1499938964844,293.1499938964844,0.0,-0.0,285.7440185546875,0.7499037981033325,0.2023345828056335,0.918364405632019,285.7442321777344,285.5487976074219,293.6670837402344,287.5307312011719,293.66650390625,297.24908447265625,285.7448425292969,1.0,0.4682223796844482,1.0,1.0,0.0,1.0,-2.490309238433838,2.4903042316436768,4.990503384760814e-06,1.9256818294525144,0.88847815990448,0.88847815990448,0.0,97.62646484375,105.0,19965.451171875,-0.0,1296.103271484375,1.0,283.1499938964844,285.0351867675781,290.5367431640625,291.88385009765625,293.1499938964844,293.1499938964844,283.1499938964844,17800.76171875,18000.0,313.1499938964844,0.0,18000.0,1.0,0.0,0.0,0.0,1.0,0.6614121794700623,1.0,0.0,0.0,2.530381679534912,2.530393362045288,4.2723362980723323e-07,4.265924453735352,4.265914440155029,9.78592834144365e-06,0.0,0.0,-0.0,4172.76220703125,0.0,513.4087524414062,1895.4371337890625,0.0,1320.5567626953125,0.628611147403717,1.0,0.0,3.0,1.0,0.0
12048960,297.11639404296875,297.1499938964844,293.1499938964844,0.0,-0.0,285.7501525878906,0.9990000128746032,0.5584627985954285,0.4394996166229248,297.3602905273437,297.1499938964844,293.1499938964844,0.0,-0.0,285.75006103515625,0.8773115873336792,0.330946683883667,0.3141967952251434,297.1993103027344,297.1499938964844,293.1499938964844,0.0,-0.0,285.75,0.8263152241706848,0.2739866375923157,0.1928203105926513,297.2278137207031,297.1499938964844,293.1499938964844,0.0,-0.0,285.7499389648437,0.7741762399673462,0.2248856872320175,0.2146956771612167,297.15496826171875,297.1499938964844,293.1499938964844,0.0,-0.0,285.7498779296875,0.748365581035614,0.2023930996656417,0.9187853336334229,285.7500915527344,285.5316772460937,293.680908203125,287.5356140136719,293.6802673339844,297.2496643066406,285.750732421875,1.0,0.4698412120342254,1.0,1.0,0.0,1.0,-2.497004508972168,2.496999502182007,5.017360763304168e-06,1.930859327316284,0.8901677131652832,0.8901677131652832,0.0,98.63093566894533,108.0,20038.41015625,-0.0,1308.6378173828125,1.0,283.1499938964844,285.0389404296875,290.5426940917969,291.8936462402344,293.1499938964844,293.1499938964844,283.1499938964844,17785.060546875,18000.0,313.1499938964844,0.0,18000.0,1.0,0.0,0.0,0.0,1.0,0.6621813774108887,1.0,0.0,0.0,2.534531831741333,2.534543514251709,4.286362127459143e-07,4.265924453735352,4.265914440155029,9.78592834144365e-06,0.0,0.0,-0.0,4177.69921875,0.0,515.5538330078125,1895.4371337890625,0.0,1326.041748046875,0.629518985748291,1.0,0.0,3.0,1.0,0.0
12049020,297.0898742675781,297.1499938964844,293.1499938964844,0.0,-0.0,285.762939453125,0.9990000128746032,0.5553528070449829,0.4462215304374695,297.3619079589844,297.1499938964844,293.1499938964844,0.0,-0.0,285.7628173828125,0.8753717541694641,0.3337765634059906,0.316924899816513,297.2003173828125,297.1499938964844,293.1499938964844,0.0,-0.0,285.76275634765625,0.8231578469276428,0.2747130692005157,0.1933744549751281,297.2281494140625,297.1499938964844,293.1499938964844,0.0,-0.0,285.7626647949219,0.7714675068855286,0.2259077876806259,0.2157282531261444,297.1552734375,297.1499938964844,293.1499938964844,0.0,-0.0,285.7626037597656,0.7449707984924316,0.2024864852428436,0.9195678234100342,285.76287841796875,285.492431640625,293.7125549316406,287.54833984375,293.7117919921875,297.2508850097656,285.7635803222656,1.0,0.4733334481716156,1.0,1.0,0.0,1.0,-2.511204242706299,2.5111992359161377,5.074574801255949e-06,1.9418455362319944,0.8941175937652588,0.8941175937652588,0.0,100.86788940429688,111.0,20198.96875,-0.0,1335.8812255859375,1.0,283.1499938964844,285.0469970703125,290.5570068359375,291.9163818359375,293.1499938964844,293.1499938964844,283.1499938964844,17746.48828125,18000.0,313.1499938964844,0.0,18000.0,1.0,0.0,0.0,0.0,1.0,0.6639280319213867,1.0,0.0,0.0,2.543941736221313,2.543953418731689,4.318249011703301e-07,4.265924453735352,4.265914440155029,9.78592834144365e-06,0.0,0.0,-0.0,4188.90234375,0.0,520.4263916015625,1895.4371337890625,0.0,1338.5447998046875,0.6315748691558838,1.0,0.0,3.0,1.0,0.0
12049080,297.0898742675781,297.1499938964844,293.1499938964844,0.0,-0.0,285.762939453125,0.9990000128746032,0.5553528070449829,0.4462215304374695,297.3619079589844,297.1499938964844,293.1499938964844,0.0,-0.0,285.7628173828125,0.8753717541694641,0.3337765634059906,0.316924899816513,297.2003173828125,297.1499938964844,293.1499938964844,0.0,-0.0,285.76275634765625,0.8231578469276428,0.2747130692005157,0.1933744549751281,297.2281494140625,297.1499938964844,293.1499938964844,0.0,-0.0,285.7626647949219,0.7714675068855286,0.2259077876806259,0.2157282531261444,297.1552734375,297.1499938964844,293.1499938964844,0.0,-0.0,285.7626037597656,0.7449707984924316,0.2024864852428436,0.9195678234100342,285.76287841796875,285.492431640625,293.7125549316406,287.54833984375,293.7117919921875,297.2508850097656,285.7635803222656,1.0,0.4733334481716156,1.0,1.0,0.0,1.0,-2.511204242706299,2.5111992359161377,5.074574801255949e-06,1.9418455362319944,0.8941175937652588,0.8941175937652588,0.0,100.86788940429688,111.0,20198.96875,-0.0,1335.8812255859375,1.0,283.1499938964844,285.0469970703125,290.5570068359375,291.9163818359375,293.1499938964844,293.1499938964844,283.1499938964844,17746.48828125,18000.0,313.1499938964844,0.0,18000.0,1.0,0.0,0.0,0.0,1.0,0.6639280319213867,1.0,0.0,0.0,2.543941736221313,2.543953418731689,4.318249011703301e-07,4.265924453735352,4.265914440155029,9.78592834144365e-06,0.0,0.0,-0.0,4188.90234375,0.0,520.4263916015625,1895.4371337890625,0.0,1338.5447998046875,0.6315748691558838,1.0,0.0,3.0,1.0,0.0
12049140,297.0597839355469,297.1499938964844,293.1499938964844,0.0,-0.0,285.7768249511719,0.9990000128746032,0.5515420436859131,0.4536433219909668,297.36346435546875,297.1499938964844,293.1499938964844,0.0,-0.0,285.7767333984375,0.8730502724647522,0.3366187810897827,0.3196735978126526,297.2012634277344,297.1499938964844,293.1499938964844,0.0,-0.0,285.7766418457031,0.8196749091148376,0.2754488289356231,0.1939417719841003,297.2284851074219,297.1499938964844,293.1499938964844,0.0,-0.0,285.77655029296875,0.7684454321861267,0.2269295454025268,0.2167694568634033,297.1551513671875,297.1499938964844,293.1499938964844,0.0,-0.0,285.7764892578125,0.7412849068641663,0.202542170882225,0.9202283024787904,285.7767639160156,285.4460144042969,293.75,287.5653686523437,293.7491149902344,297.2503356933594,285.77752685546875,1.0,0.4770755767822265,1.0,1.0,0.0,1.0,-2.5261495113372803,2.526144504547119,5.135162609803956e-06,1.9534146785736084,0.8989271521568298,0.8989271521568298,0.0,103.34783172607422,99.0,20378.30078125,-0.0,1365.4014892578125,1.0,283.1499938964844,285.0554504394531,290.5750732421875,291.9438781738281,293.1499938964844,293.1499938964844,283.1499938964844,17699.240234375,18000.0,313.1499938964844,0.0,18000.0,1.0,0.0,0.0,0.0,1.0,0.6658788919448853,1.0,0.0,0.0,2.5551044940948486,2.555116415023804,4.35622894201515e-07,4.265924453735352,4.265914440155029,9.78592834144365e-06,0.0,0.0,-0.0,4202.01611328125,0.0,526.2423706054688,1895.4371337890625,0.0,1352.58837890625,0.6340135335922241,1.0,0.0,3.0,1.0,0.0
12049200,297.0597839355469,297.1499938964844,293.1499938964844,0.0,-0.0,285.7768249511719,0.9990000128746032,0.5515420436859131,0.4536433219909668,297.36346435546875,297.1499938964844,293.1499938964844,0.0,-0.0,285.7767333984375,0.8730502724647522,0.3366187810897827,0.3196735978126526,297.2012634277344,297.1499938964844,293.1499938964844,0.0,-0.0,285.7766418457031,0.8196749091148376,0.2754488289356231,0.1939417719841003,297.2284851074219,297.1499938964844,293.1499938964844,0.0,-0.0,285.77655029296875,0.7684454321861267,0.2269295454025268,0.2167694568634033,297.1551513671875,297.1499938964844,293.1499938964844,0.0,-0.0,285.7764892578125,0.7412849068641663,0.202542170882225,0.9202283024787904,285.7767639160156,285.4460144042969,293.75,287.5653686523437,293.7491149902344,297.2503356933594,285.77752685546875,1.0,0.4770755767822265,1.0,1.0,0.0,1.0,-2.5261495113372803,2.526144504547119,5.135162609803956e-06,1.9534146785736084,0.8989271521568298,0.8989271521568298,0.0,103.34783172607422,99.0,20378.30078125,-0.0,1365.4014892578125,1.0,283.1499938964844,285.0554504394531,290.5750732421875,291.9438781738281,293.1499938964844,293.1499938964844,283.1499938964844,17699.240234375,18000.0,313.1499938964844,0.0,18000.0,1.0,0.0,0.0,0.0,1.0,0.6658788919448853,1.0,0.0,0.0,2.5551044940948486,2.555116415023804,4.35622894201515e-07,4.265924453735352,4.265914440155029,9.78592834144365e-06,0.0,0.0,-0.0,4202.01611328125,0.0,526.2423706054688,1895.4371337890625,0.0,1352.58837890625,0.6340135335922241,1.0,0.0,3.0,1.0,0.0
12049260,297.04229736328125,297.1499938964844,293.1499938964844,0.0,-0.0,285.78253173828125,0.9990000128746032,0.5485934019088745,0.4486914873123169,297.3645324707031,297.1499938964844,293.1499938964844,0.0,-0.0,285.7825622558594,0.8787118196487427,0.3394303619861603,0.3222783207893371,297.2018127441406,297.1499938964844,293.1499938964844,0.0,-0.0,285.7825622558594,0.8231003284454346,0.276152640581131,0.194401204586029,297.2283630371094,297.1499938964844,293.1499938964844,0.0,-0.0,285.7825622558594,0.7723466157913208,0.2279121130704879,0.2176563143730163,297.15447998046875,297.1499938964844,293.1499938964844,0.0,-0.0,285.7825622558594,0.7437911033630371,0.2025380432605743,0.9200229644775392,285.78253173828125,285.3935241699219,293.7923278808594,287.5854187011719,293.7913513183594,297.25054931640625,285.782470703125,1.0,0.4754475653171539,1.0,1.0,0.0,1.0,-2.524722099304199,2.524716854095459,5.129870260134339e-06,1.952569603919983,0.9045171737670898,0.9045171737670898,0.0,101.98674774169922,87.0,20474.271484375,-0.0,1357.719482421875,1.0,283.1499938964844,285.05596923828125,290.5956420898437,291.97247314453125,293.1499938964844,293.1499938964844,283.1499938964844,17649.015625,19080.0,313.1499938964844,0.0,18000.0,1.0,0.0,0.0,0.0,1.0,0.6679633259773254,1.0,0.0,0.0,2.568157434463501,2.568169116973877,4.400850457386696e-07,4.265924453735352,4.265914440155029,9.78592834144365e-06,0.0,0.0,-0.0,4212.5546875,0.0,533.1298217773438,1895.4371337890625,0.0,1367.6837158203125,0.6398722529411316,1.0,0.0,3.0,1.0,0.0
12049320,297.04229736328125,297.1499938964844,293.1499938964844,0.0,-0.0,285.78253173828125,0.9990000128746032,0.5485934019088745,0.4486914873123169,297.3645324707031,297.1499938964844,293.1499938964844,0.0,-0.0,285.7825622558594,0.8787118196487427,0.3394303619861603,0.3222783207893371,297.2018127441406,297.1499938964844,293.1499938964844,0.0,-0.0,285.7825622558594,0.8231003284454346,0.276152640581131,0.194401204586029,297.2283630371094,297.1499938964844,293.1499938964844,0.0,-0.0,285.7825622558594,0.7723466157913208,0.2279121130704879,0.2176563143730163,297.15447998046875,297.1499938964844,293.1499938964844,0.0,-0.0,285.7825622558594,0.7437911033630371,0.2025380432605743,0.9200229644775392,285.78253173828125,285.3935241699219,293.7923278808594,287.5854187011719,293.7913513183594,297.25054931640625,285.782470703125,1.0,0.4754475653171539,1.0,1.0,0.0,1.0,-2.524722099304199,2.524716854095459,5.129870260134339e-06,1.952569603919983,0.9045171737670898,0.9045171737670898,0.0,101.98674774169922,87.0,20474.271484375,-0.0,1357.719482421875,1.0,283.1499938964844,285.05596923828125,290.5956420898437,291.97247314453125,293.1499938964844,293.1499938964844,283.1499938964844,17649.015625,19080.0,313.1499938964844,0.0,18000.0,1.0,0.0,0.0,0.0,1.0,0.6679633259773254,1.0,0.0,0.0,2.568157434463501,2.568169116973877,4.400850457386696e-07,4.265924453735352,4.265914440155029,9.78592834144365e-06,0.0,0.0,-0.0,4212.5546875,0.0,533.1298217773438,1895.4371337890625,0.0,1367.6837158203125,0.6398722529411316,1.0,0.0,3.0,1.0,0.0
12049380,297.05743408203125,297.1499938964844,293.1499938964844,0.0,-0.0,285.7631530761719,0.9990000128746032,0.5487282872200012,0.4337736964225769,297.36474609375,297.1499938964844,293.1499938964844,0.0,-0.0,285.7632751464844,0.8912222385406494,0.3421699702739715,0.3247239887714386,297.2015380859375,297.1499938964844,293.1499938964844,0.0,-0.0,285.76336669921875,0.8322513103485107,0.2767835557460785,0.1947428584098816,297.2276611328125,297.1499938964844,293.1499938964844,0.0,-0.0,285.76348876953125,0.78216153383255,0.2288348972797393,0.2183900773525238,297.1539306640625,297.1499938964844,293.1499938964844,0.0,-0.0,285.7635498046875,0.7516443133354187,0.202540323138237,0.9192767143249512,285.76324462890625,285.3367614746094,293.8381042480469,287.6068420410156,293.8370666503906,297.2519836425781,285.76226806640625,1.0,0.4701785743236542,1.0,1.0,0.0,1.0,-2.5101418495178223,2.510136842727661,5.071003215562087e-06,1.941392183303833,0.9104487299919128,0.9104487299919128,0.0,97.6014633178711,90.0,20536.62109375,-0.0,1320.5604248046875,1.0,283.1499938964844,285.029052734375,290.6156921386719,291.99871826171875,293.1499938964844,293.1499938964844,283.1499938964844,18055.599609375,20160.0,313.1499938964844,0.0,18000.0,1.0,0.0,0.0,0.0,1.0,0.669816255569458,1.0,0.0,0.0,2.615182399749756,2.615194797515869,4.563492552733806e-07,4.265924453735352,4.265914440155029,9.78592834144365e-06,0.0,0.0,-0.0,4221.62060546875,0.0,561.6386108398438,1895.4371337890625,0.0,1381.18017578125,0.6514256596565247,1.0,0.0,3.0,1.0,0.0
12049440,297.05743408203125,297.1499938964844,293.1499938964844,0.0,-0.0,285.7631530761719,0.9990000128746032,0.5487282872200012,0.4337736964225769,297.36474609375,297.1499938964844,293.1499938964844,0.0,-0.0,285.7632751464844,0.8912222385406494,0.3421699702739715,0.3247239887714386,297.2015380859375,297.1499938964844,293.1499938964844,0.0,-0.0,285.76336669921875,0.8322513103485107,0.2767835557460785,0.1947428584098816,297.2276611328125,297.1499938964844,293.1499938964844,0.0,-0.0,285.76348876953125,0.78216153383255,0.2288348972797393,0.2183900773525238,297.1539306640625,297.1499938964844,293.1499938964844,0.0,-0.0,285.7635498046875,0.7516443133354187,0.202540323138237,0.9192767143249512,285.76324462890625,285.3367614746094,293.8381042480469,287.6068420410156,293.8370666503906,297.2519836425781,285.76226806640625,1.0,0.4701785743236542,1.0,1.0,0.0,1.0,-2.5101418495178223,2.510136842727661,5.071003215562087e-06,1.941392183303833,0.9104487299919128,0.9104487299919128,0.0,97.6014633178711,90.0,20536.62109375,-0.0,1320.5604248046875,1.0,283.1499938964844,285.029052734375,290.6156921386719,291.99871826171875,293.1499938964844,293.1499938964844,283.1499938964844,18055.599609375,20160.0,313.1499938964844,0.0,18000.0,1.0,0.0,0.0,0.0,1.0,0.669816255569458,1.0,0.0,0.0,2.615182399749756,2.615194797515869,4.563492552733806e-07,4.265924453735352,4.265914440155029,9.78592834144365e-06,0.0,0.0,-0.0,4221.62060546875,0.0,561.6386108398438,1895.4371337890625,0.0,1381.18017578125,0.6514256596565247,1.0,0.0,3.0,1.0,0.0
12049500,297.0736694335937,297.1499938964844,293.1499938964844,0.0,-0.0,285.7475280761719,0.9990000128746032,0.549735963344574,0.428372323513031,297.3646850585937,297.1499938964844,293.1499938964844,0.0,-0.0,285.7476806640625,0.8962216377258301,0.3435239195823669,0.3259471654891968,297.20123291015625,297.1499938964844,293.1499938964844,0.0,-0.0,285.7478332519531,0.8357372879981995,0.2770801484584808,0.1949125379323959,297.22723388671875,297.1499938964844,293.1499938964844,0.0,-0.0,285.7479858398437,0.7859781980514526,0.2292850166559219,0.2187620401382446,297.1540222167969,297.1499938964844,293.1499938964844,0.0,-0.0,285.74810791015625,0.754648745059967,0.2025738656520843,0.9191084504127502,285.7476501464844,285.306884765625,293.8621826171875,287.6180114746094,293.8611145019531,297.2529602050781,285.7465209960937,1.0,0.4687272608280182,1.0,1.0,0.0,1.0,-2.505558490753174,2.5055532455444336,5.052214419265511e-06,1.9376966953277588,0.9135283827781676,0.9135283827781676,0.0,96.0620346069336,90.0,20601.134765625,-0.0,1308.2828369140625,1.0,283.1499938964844,285.0082397460937,290.6257019042969,292.011962890625,293.1499938964844,293.1499938964844,283.1499938964844,18460.669921875,20160.0,313.1499938964844,0.0,18000.0,1.0,0.0,0.0,0.0,1.0,0.6705195903778076,1.0,0.0,0.0,2.653441905975342,2.653454542160034,4.697994882008061e-07,4.265924453735352,4.265914440155029,9.78592834144365e-06,0.0,0.0,-0.0,4227.5302734375,0.0,585.9596557617188,1895.4371337890625,0.0,1386.322509765625,0.6580049991607666,1.0,0.0,3.0,1.0,0.0
12049560,297.08837890625,297.1499938964844,293.1499938964844,0.0,-0.0,285.7386169433594,0.9990000128746032,0.5507001876831055,0.4247850179672241,297.36456298828125,297.1499938964844,293.1499938964844,0.0,-0.0,285.7387084960937,0.8999845385551453,0.3448738753795624,0.3271823525428772,297.20086669921875,297.1499938964844,293.1499938964844,0.0,-0.0,285.7388000488281,0.8381792902946472,0.2773685455322265,0.1950888633728027,297.2267761230469,297.1499938964844,293.1499938964844,0.0,-0.0,285.7388916015625,0.788722574710846,0.2297295778989792,0.2191476076841354,297.1542663574219,297.1499938964844,293.1499938964844,0.0,-0.0,285.73895263671875,0.7567200064659119,0.2026227414608001,0.9191227555274964,285.7386779785156,285.2760925292969,293.88702392578125,287.62945556640625,293.8858947753906,297.2538146972656,285.73797607421875,1.0,0.4678009748458862,1.0,1.0,0.0,1.0,-2.5034215450286865,2.5034165382385254,5.043532382842386e-06,1.936007380485535,0.9168295860290528,0.9168295860290528,0.0,95.0822296142578,93.0,20662.89453125,-0.0,1301.4539794921875,1.0,283.1499938964844,284.9954528808594,290.6360168457031,292.0249328613281,293.1499938964844,293.1499938964844,283.1499938964844,18682.896484375,21240.0,313.1499938964844,0.0,18000.0,1.0,0.0,0.0,0.0,1.0,0.6711153984069824,1.0,0.0,0.0,2.678900957107544,2.6789138317108154,4.788578849002079e-07,4.265924453735352,4.265914440155029,9.78592834144365e-06,0.0,0.0,-0.0,4232.79443359375,0.0,602.2540283203125,1895.4371337890625,0.0,1390.686279296875,0.6669842600822449,1.0,0.0,3.0,1.0,0.0
12049620,297.1092529296875,297.1499938964844,293.1499938964844,0.0,-0.0,285.71630859375,0.9990000128746032,0.5520488023757935,0.4211093485355377,297.3642883300781,297.1499938964844,293.1499938964844,0.0,-0.0,285.7164001464844,0.9050699472427368,0.3475618958473205,0.3296788334846496,297.1999816894531,297.1499938964844,293.1499938964844,0.0,-0.0,285.7164611816406,0.8409685492515564,0.2779227793216705,0.1954528242349624,297.2257385253906,297.1499938964844,293.1499938964844,0.0,-0.0,285.716552734375,0.7920544743537903,0.2305981218814849,0.2199370563030243,297.1547241210937,297.1499938964844,293.1499938964844,0.0,-0.0,285.71661376953125,0.7589518427848816,0.2027242481708526,0.9194087982177734,285.71636962890625,285.2118530273437,293.9388122558594,287.65313720703125,293.9376525878906,297.2538452148437,285.7157287597656,1.0,0.467282235622406,1.0,1.0,0.0,1.0,-2.503729343414306,2.503724336624145,5.044685167376883e-06,1.9362006187438965,0.923812448978424,0.923812448978424,0.0,94.1689224243164,96.0,20852.353515625,-0.0,1297.9404296875,1.0,283.1499938964844,284.96160888671875,290.6611633300781,292.0594177246094,293.1499938964844,293.1499938964844,283.1499938964844,19456.275390625,22320.0,313.1499938964844,0.0,18000.0,1.0,0.0,0.0,0.0,1.0,0.6726817488670349,1.0,0.0,0.0,2.7540266513824463,2.754040241241455,5.060921921540285e-07,4.265924453735352,4.265914440155029,9.78592834144365e-06,0.0,0.0,-0.0,4248.37060546875,0.0,652.7236938476562,1895.4371337890625,0.0,1402.1947021484375,0.6852576732635498,1.0,0.0,3.0,1.0,0.0
12049680,297.1092529296875,297.1499938964844,293.1499938964844,0.0,-0.0,285.71630859375,0.9990000128746032,0.5520488023757935,0.4211093485355377,297.3642883300781,297.1499938964844,293.1499938964844,0.0,-0.0,285.7164001464844,0.9050699472427368,0.3475618958473205,0.3296788334846496,297.1999816894531,297.1499938964844,293.1499938964844,0.0,-0.0,285.7164611816406,0.8409685492515564,0.2779227793216705,0.1954528242349624,297.2257385253906,297.1499938964844,293.1499938964844,0.0,-0.0,285.716552734375,0.7920544743537903,0.2305981218814849,0.2199370563030243,297.1547241210937,297.1499938964844,293.1499938964844,0.0,-0.0,285.71661376953125,0.7589518427848816,0.2027242481708526,0.9194087982177734,285.71636962890625,285.2118530273437,293.9388122558594,287.65313720703125,293.9376525878906,297.2538452148437,285.7157287597656,1.0,0.467282235622406,1.0,1.0,0.0,1.0,-2.503729343414306,2.503724336624145,5.044685167376883e-06,1.9362006187438965,0.923812448978424,0.923812448978424,0.0,94.1689224243164,96.0,20852.353515625,-0.0,1297.9404296875,1.0,283.1499938964844,284.96160888671875,290.6611633300781,292.0594177246094,293.1499938964844,293.1499938964844,283.1499938964844,19456.275390625,22320.0,313.1499938964844,0.0,18000.0,1.0,0.0,0.0,0.0,1.0,0.6726817488670349,1.0,0.0,0.0,2.7540266513824463,2.754040241241455,5.060921921540285e-07,4.265924453735352,4.265914440155029,9.78592834144365e-06,0.0,0.0,-0.0,4248.37060546875,0.0,652.7236938476562,1895.4371337890625,0.0,1402.1947021484375,0.6852576732635498,1.0,0.0,3.0,1.0,0.0
12049740,297.1166381835937,297.1499938964844,293.1499938964844,0.0,-0.0,285.6956481933594,0.9990000128746032,0.5522943735122681,0.4211467504501343,297.3638610839844,297.1499938964844,293.1499938964844,0.0,-0.0,285.6957092285156,0.9075098037719728,0.3502339124679565,0.3321967124938965,297.1989440917969,297.1499938964844,293.1499938964844,0.0,-0.0,285.6957702636719,0.8414507508277893,0.278452068567276,0.1958253234624862,297.224609375,297.1499938964844,293.1499938964844,0.0,-0.0,285.6958312988281,0.793019711971283,0.231441393494606,0.2207384258508682,297.1548156738281,297.1499938964844,293.1499938964844,0.0,-0.0,285.6958923339844,0.7590258121490479,0.2027926295995712,0.9197635650634766,285.6956787109375,285.1444396972656,293.9931945800781,287.6777038574219,293.9919738769531,297.2528076171875,285.6951599121094,1.0,0.468129426240921,1.0,1.0,0.0,1.0,-2.5086326599121094,2.508627653121948,5.064425295131514e-06,1.939976930618286,0.931451380252838,0.931451380252838,0.0,94.34070587158205,99.0,21082.48828125,-0.0,1304.7493896484375,1.0,283.1499938964844,284.92803955078125,290.6897888183594,292.1006164550781,293.1499938964844,293.1499938964844,283.1499938964844,20328.103515625,23400.0,313.1499938964844,0.0,18000.0,1.0,0.0,0.0,0.0,1.0,0.6751013398170471,1.0,0.0,0.0,2.836930274963379,2.836944580078125,5.370202416088432e-07,4.265924453735352,4.265914440155029,9.78592834144365e-06,0.0,0.0,-0.0,4266.791015625,0.0,711.6177978515625,1895.4371337890625,0.0,1420.0723876953125,0.7053660154342651,1.0,0.0,3.0,1.0,0.0
12049800,297.1166381835937,297.1499938964844,293.1499938964844,0.0,-0.0,285.6956481933594,0.9990000128746032,0.5522943735122681,0.4211467504501343,297.3638610839844,297.1499938964844,293.1499938964844,0.0,-0.0,285.6957092285156,0.9075098037719728,0.3502339124679565,0.3321967124938965,297.1989440917969,297.1499938964844,293.1499938964844,0.0,-0.0,285.6957702636719,0.8414507508277893,0.278452068567276,0.1958253234624862,297.224609375,297.1499938964844,293.1499938964844,0.0,-0.0,285.6958312988281,0.793019711971283,0.231441393494606,0.2207384258508682,297.1548156738281,297.1499938964844,293.1499938964844,0.0,-0.0,285.6958923339844,0.7590258121490479,0.2027926295995712,0.9197635650634766,285.6956787109375,285.1444396972656,293.9931945800781,287.6777038574219,293.9919738769531,297.2528076171875,285.6951599121094,1.0,0.468129426240921,1.0,1.0,0.0,1.0,-2.5086326599121094,2.508627653121948,5.064425295131514e-06,1.939976930618286,0.931451380252838,0.931451380252838,0.0,94.34070587158205,99.0,21082.48828125,-0.0,1304.7493896484375,1.0,283.1499938964844,284.92803955078125,290.6897888183594,292.1006164550781,293.1499938964844,293.1499938964844,283.1499938964844,20328.103515625,23400.0,313.1499938964844,0.0,18000.0,1.0,0.0,0.0,0.0,1.0,0.6751013398170471,1.0,0.0,0.0,2.836930274963379,2.836944580078125,5.370202416088432e-07,4.265924453735352,4.265914440155029,9.78592834144365e-06,0.0,0.0,-0.0,4266.791015625,0.0,711.6177978515625,1895.4371337890625,0.0,1420.0723876953125,0.7053660154342651,1.0,0.0,3.0,1.0,0.0
12049860,297.1103820800781,297.1499938964844,293.1499938964844,0.0,-0.0,285.6768798828125,0.9990000128746032,0.5512503385543823,0.4239330887794494,297.3633117675781,297.1499938964844,293.1499938964844,0.0,-0.0,285.67694091796875,0.9078353047370912,0.35288867354393,0.3347252607345581,297.1978759765625,297.1499938964844,293.1499938964844,0.0,-0.0,285.677001953125,0.8402122259140015,0.2789613604545593,0.1962029188871383,297.223388671875,297.1499938964844,293.1499938964844,0.0,-0.0,285.67706298828125,0.7922174334526062,0.2322617471218109,0.2215445786714553,297.15435791015625,297.1499938964844,293.1499938964844,0.0,-0.0,285.6771240234375,0.7574596405029297,0.2028089165687561,0.9200281500816344,285.67694091796875,285.0741882324219,294.04986572265625,287.7030029296875,294.048583984375,297.2519836425781,285.6764831542969,1.0,0.4699573814868927,1.0,1.0,0.0,1.0,-2.516756296157837,2.5167510509490967,5.097274879517499e-06,1.9462634325027464,0.9398096799850464,0.9398096799850464,0.0,95.30982971191406,102.0,21341.5390625,-0.0,1319.0166015625,1.0,283.1499938964844,284.8954772949219,290.719482421875,292.1452941894531,293.1499938964844,293.1499938964844,283.1499938964844,21265.791015625,24480.0,313.1499938964844,0.0,18000.0,1.0,0.0,0.0,0.0,1.0,0.6784306764602661,1.0,0.0,0.0,2.925191164016724,2.925206184387207,5.709549668608815e-07,4.265924453735352,4.265914440155029,9.78592834144365e-06,0.0,0.0,-0.0,4286.908203125,0.0,778.0442504882812,1895.4371337890625,0.0,1444.8680419921875,0.7267234325408936,1.0,0.0,3.0,1.0,0.0
12049920,297.1103820800781,297.1499938964844,293.1499938964844,0.0,-0.0,285.6768798828125,0.9990000128746032,0.5512503385543823,0.4239330887794494,297.3633117675781,297.1499938964844,293.1499938964844,0.0,-0.0,285.67694091796875,0.9078353047370912,0.35288867354393,0.3347252607345581,297.1978759765625,297.1499938964844,293.1499938964844,0.0,-0.0,285.677001953125,0.8402122259140015,0.2789613604545593,0.1962029188871383,297.223388671875,297.1499938964844,293.1499938964844,0.0,-0.0,285.67706298828125,0.7922174334526062,0.2322617471218109,0.2215445786714553,297.15435791015625,297.1499938964844,293.1499938964844,0.0,-0.0,285.6771240234375,0.7574596405029297,0.2028089165687561,0.9200281500816344,285.67694091796875,285.0741882324219,294.04986572265625,287.7030029296875,294.048583984375,297.2519836425781,285.6764831542969,1.0,0.4699573814868927,1.0,1.0,0.0,1.0,-2.516756296157837,2.5167510509490967,5.097274879517499e-06,1.9462634325027464,0.9398096799850464,0.9398096799850464,0.0,95.30982971191406,102.0,21341.5390625,-0.0,1319.0166015625,1.0,283.1499938964844,284.8954772949219,290.719482421875,292.1452941894531,293.1499938964844,293.1499938964844,283.1499938964844,21265.791015625,24480.0,313.1499938964844,0.0,18000.0,1.0,0.0,0.0,0.0,1.0,0.6784306764602661,1.0,0.0,0.0,2.925191164016724,2.925206184387207,5.709549668608815e-07,4.265924453735352,4.265914440155029,9.78592834144365e-06,0.0,0.0,-0.0,4286.908203125,0.0,778.0442504882812,1895.4371337890625,0.0,1444.8680419921875,0.7267234325408936,1.0,0.0,3.0,1.0,0.0
12049980,297.0924072265625,297.1499938964844,293.1499938964844,0.0,-0.0,285.6600646972656,0.9990000128746032,0.5489403009414673,0.4287210702896118,297.3627014160156,297.1499938964844,293.1499938964844,0.0,-0.0,285.6601257324219,0.9066240191459656,0.3555260598659515,0.3372572362422943,297.1967468261719,297.1499938964844,293.1499938964844,0.0,-0.0,285.6601867675781,0.8377609252929688,0.2794547080993652,0.196583554148674,297.2221069335937,297.1499938964844,293.1499938964844,0.0,-0.0,285.66021728515625,0.790154218673706,0.2330613732337951,0.2223506867885589,297.15338134765625,297.1499938964844,293.1499938964844,0.0,-0.0,285.6602783203125,0.7547212839126587,0.2027659267187118,0.9201292991638184,285.6601257324219,285.0014343261719,294.1085205078125,287.7288513183594,294.1072082519531,297.2507629394531,285.65972900390625,1.0,0.4724819660186767,1.0,1.0,0.0,1.0,-2.52709698677063,2.5270917415618896,5.1392698878771625e-06,1.9542772769927976,0.9489443898200988,0.9489443898200988,0.0,96.866943359375,105.0,21621.029296875,-0.0,1338.692138671875,1.0,283.1499938964844,284.8642883300781,290.7487487792969,292.1911926269531,293.1499938964844,293.1499938964844,283.1499938964844,22247.4375,25560.0,313.1499938964844,0.0,18000.0,1.0,0.0,0.0,0.0,1.0,0.6824586987495422,1.0,0.0,0.0,3.01718807220459,3.0172042846679688,6.07432639299077e-07,4.265924453735352,4.265914440155029,9.78592834144365e-06,0.0,0.0,-0.0,4307.97216796875,0.0,851.453857421875,1895.4371337890625,0.0,1475.1658935546875,0.7489391565322876,1.0,0.0,3.0,1.0,0.0
12050040,297.0924072265625,297.1499938964844,293.1499938964844,0.0,-0.0,285.6600646972656,0.9990000128746032,0.5489403009414673,0.4287210702896118,297.3627014160156,297.1499938964844,293.1499938964844,0.0,-0.0,285.6601257324219,0.9066240191459656,0.3555260598659515,0.3372572362422943,297.1967468261719,297.1499938964844,293.1499938964844,0.0,-0.0,285.6601867675781,0.8377609252929688,0.2794547080993652,0.196583554148674,297.2221069335937,297.1499938964844,293.1499938964844,0.0,-0.0,285.66021728515625,0.790154218673706,0.2330613732337951,0.2223506867885589,297.15338134765625,297.1499938964844,293.1499938964844,0.0,-0.0,285.6602783203125,0.7547212839126587,0.2027659267187118,0.9201292991638184,285.6601257324219,285.0014343261719,294.1085205078125,287.7288513183594,294.1072082519531,297.2507629394531,285.65972900390625,1.0,0.4724819660186767,1.0,1.0,0.0,1.0,-2.52709698677063,2.5270917415618896,5.1392698878771625e-06,1.9542772769927976,0.9489443898200988,0.9489443898200988,0.0,96.866943359375,105.0,21621.029296875,-0.0,1338.692138671875,1.0,283.1499938964844,284.8642883300781,290.7487487792969,292.1911926269531,293.1499938964844,293.1499938964844,283.1499938964844,22247.4375,25560.0,313.1499938964844,0.0,18000.0,1.0,0.0,0.0,0.0,1.0,0.6824586987495422,1.0,0.0,0.0,3.01718807220459,3.0172042846679688,6.07432639299077e-07,4.265924453735352,4.265914440155029,9.78592834144365e-06,0.0,0.0,-0.0,4307.97216796875,0.0,851.453857421875,1895.4371337890625,0.0,1475.1658935546875,0.7489391565322876,1.0,0.0,3.0,1.0,0.0
12050100,297.08013916015625,297.1499938964844,293.1499938964844,0.0,-0.0,285.6501770019531,0.9990000128746032,0.5473699569702148,0.4316802322864532,297.3623352050781,297.1499938964844,293.1499938964844,0.0,-0.0,285.6502685546875,0.9056106805801392,0.3568383157253265,0.3385243713855743,297.1961975097656,297.1499938964844,293.1499938964844,0.0,-0.0,285.6503601074219,0.8362131714820862,0.2796964049339294,0.1967754960060119,297.221435546875,297.1499938964844,293.1499938964844,0.0,-0.0,285.65045166015625,0.7887817621231079,0.233454093337059,0.222753643989563,297.1527099609375,297.1499938964844,293.1499938964844,0.0,-0.0,285.6505432128906,0.7530366778373718,0.2027208805084228,0.9201075434684752,285.6502685546875,284.9642333984375,294.1385192871094,287.741943359375,294.13720703125,297.2496032714844,285.6496276855469,1.0,0.4739376008510589,1.0,1.0,0.0,1.0,-2.532862901687622,2.532857656478882,5.162765774002764e-06,1.9587477445602417,0.9537911415100098,0.9537911415100098,0.0,97.81586456298828,105.0,21776.57421875,-0.0,1350.0755615234375,1.0,283.1499938964844,284.8460693359375,290.76336669921875,292.2151184082031,293.1499938964844,293.1499938964844,283.1499938964844,22870.1171875,25560.0,313.1499938964844,0.0,18000.0,1.0,0.0,0.0,0.0,1.0,0.6846736669540405,1.0,0.0,0.0,3.072277307510376,3.072293758392334,6.298166681517614e-07,4.265924453735352,4.265914440155029,9.78592834144365e-06,0.0,0.0,-0.0,4319.57958984375,0.0,897.707763671875,1895.4371337890625,0.0,1491.9635009765625,0.7594636082649231,1.0,0.0,3.0,1.0,0.0
12050160,297.06610107421875,297.1499938964844,293.1499938964844,0.0,-0.0,285.6451110839844,0.9990000128746032,0.545549213886261,0.4349479973316192,297.3619689941406,297.1499938964844,293.1499938964844,0.0,-0.0,285.6451416015625,0.90439110994339,0.3581465184688568,0.3397880494594574,297.1956481933594,297.1499938964844,293.1499938964844,0.0,-0.0,285.64520263671875,0.8344970941543579,0.2799352407455444,0.1969658583402633,297.2207946777344,297.1499938964844,293.1499938964844,0.0,-0.0,285.6452331542969,0.7872292995452881,0.2338423728942871,0.2231537699699401,297.15191650390625,297.1499938964844,293.1499938964844,0.0,-0.0,285.6452941894531,0.7511866688728333,0.202659398317337,0.9200214743614196,285.6451416015625,284.95001220703125,294.1689147949219,287.7550964355469,294.1675720214844,297.2483825683594,285.64483642578125,1.0,0.4754933714866638,1.0,1.0,0.0,1.0,-2.5389132499694824,2.538908004760742,5.187479018786689e-06,1.9634389877319336,0.9585442543029784,0.9585442543029784,0.0,98.859619140625,108.0,21914.43359375,-0.0,1362.279541015625,1.0,283.1499938964844,284.83465576171875,290.7772216796875,292.2372436523437,293.1499938964844,293.1499938964844,283.1499938964844,23264.54296875,26640.0,313.1499938964844,0.0,18000.0,1.0,0.0,0.0,0.0,1.0,0.6869283318519592,1.0,0.0,0.0,3.1116812229156494,3.1116981506347656,6.460758754656126e-07,4.265924453735352,4.265914440155029,9.78592834144365e-06,0.0,0.0,-0.0,4329.564453125,0.0,931.4437255859376,1895.4371337890625,0.0,1509.160400390625,0.7717192769050598,1.0,0.0,3.0,1.0,0.0
12050220,297.0339660644531,297.1499938964844,293.1499938964844,0.0,-0.0,285.6322326660156,0.9990000128746032,0.5412360429763794,0.4421870112419128,297.3611755371094,297.1499938964844,293.1499938964844,0.0,-0.0,285.6322631835937,0.9015519022941588,0.3607516288757324,0.3423148393630981,297.194580078125,297.1499938964844,293.1499938964844,0.0,-0.0,285.6322937011719,0.8307210206985474,0.2804058492183685,0.1973489224910736,297.219482421875,297.1499938964844,293.1499938964844,0.0,-0.0,285.63232421875,0.7837508320808411,0.2346072643995285,0.2239521890878677,297.14996337890625,297.1499938964844,293.1499938964844,0.0,-0.0,285.6323547363281,0.7471455335617065,0.2024878412485122,0.9196768403053284,285.6322631835937,284.95001220703125,294.2307434082031,287.7816162109375,294.2293701171875,297.2459716796875,285.632080078125,1.0,0.4788346886634826,1.0,1.0,0.0,1.0,-2.551651954650879,2.5516467094421387,5.239707206783351e-06,1.9733153581619265,0.9675378203392028,0.9675378203392028,0.0,101.17356872558594,96.0,22215.794921875,-0.0,1388.656005859375,1.0,283.1499938964844,284.8071594238281,290.804931640625,292.28302001953125,293.1499938964844,293.1499938964844,283.1499938964844,24338.080078125,27720.0,313.1499938964844,0.0,18000.0,1.0,0.0,0.0,0.0,1.0,0.6916327476501465,1.0,0.0,0.0,3.206576108932495,3.206594228744507,6.860826715637813e-07,4.265924453735352,4.265914440155029,9.78592834144365e-06,0.0,0.0,-0.0,4351.4189453125,0.0,1016.8733520507812,1895.4371337890625,0.0,1545.35595703125,0.7946154475212097,1.0,0.0,3.0,1.0,0.0
12050280,297.0339660644531,297.1499938964844,293.1499938964844,0.0,-0.0,285.6322326660156,0.9990000128746032,0.5412360429763794,0.4421870112419128,297.3611755371094,297.1499938964844,293.1499938964844,0.0,-0.0,285.6322631835937,0.9015519022941588,0.3607516288757324,0.3423148393630981,297.194580078125,297.1499938964844,293.1499938964844,0.0,-0.0,285.6322937011719,0.8307210206985474,0.2804058492183685,0.1973489224910736,297.219482421875,297.1499938964844,293.1499938964844,0.0,-0.0,285.63232421875,0.7837508320808411,0.2346072643995285,0.2239521890878677,297.14996337890625,297.1499938964844,293.1499938964844,0.0,-0.0,285.6323547363281,0.7471455335617065,0.2024878412485122,0.9196768403053284,285.6322631835937,284.95001220703125,294.2307434082031,287.7816162109375,294.2293701171875,297.2459716796875,285.632080078125,1.0,0.4788346886634826,1.0,1.0,0.0,1.0,-2.551651954650879,2.5516467094421387,5.239707206783351e-06,1.9733153581619265,0.9675378203392028,0.9675378203392028,0.0,101.17356872558594,96.0,22215.794921875,-0.0,1388.656005859375,1.0,283.1499938964844,284.8071594238281,290.804931640625,292.28302001953125,293.1499938964844,293.1499938964844,283.1499938964844,24338.080078125,27720.0,313.1499938964844,0.0,18000.0,1.0,0.0,0.0,0.0,1.0,0.6916327476501465,1.0,0.0,0.0,3.206576108932495,3.206594228744507,6.860826715637813e-07,4.265924453735352,4.265914440155029,9.78592834144365e-06,0.0,0.0,-0.0,4351.4189453125,0.0,1016.8733520507812,1895.4371337890625,0.0,1545.35595703125,0.7946154475212097,1.0,0.0,3.0,1.0,0.0
12050340,297.0131225585937,297.1499938964844,293.1499938964844,0.0,-0.0,285.6131896972656,0.9990000128746032,0.537622332572937,0.4370907545089721,297.3599548339844,297.1499938964844,293.1499938964844,0.0,-0.0,285.6133117675781,0.9074200391769408,0.3633034229278564,0.344679057598114,297.1932067871094,297.1499938964844,293.1499938964844,0.0,-0.0,285.6134033203125,0.8340765833854675,0.2808315455913543,0.1976166814565658,297.2178649902344,297.1499938964844,293.1499938964844,0.0,-0.0,285.6134948730469,0.7876328229904175,0.2353222668170929,0.2245886176824569,297.1474609375,297.1499938964844,293.1499938964844,0.0,-0.0,285.6136169433594,0.7495729327201843,0.2022337168455124,0.9183732271194458,285.61328125,284.95001220703125,294.293701171875,287.8081970214844,294.29229736328125,297.2442321777344,285.6123962402344,1.0,0.4768498241901397,1.0,1.0,0.0,1.0,-2.5479114055633545,2.5479061603546143,5.224894266575575e-06,1.970692753791809,0.9762552976608276,0.9762552976608276,0.0,99.73043823242188,84.0,22406.81640625,-0.0,1377.5582275390625,1.0,283.1499938964844,284.7743530273437,290.8305358886719,292.32373046875,293.1499938964844,293.1499938964844,283.1499938964844,25437.638671875,28800.0,313.1499938964844,0.0,18000.0,1.0,0.0,0.0,0.0,1.0,0.6962090730667114,1.0,0.0,0.0,3.300880193710327,3.300899028778076,7.27030794678285e-07,4.265924453735352,4.265914440155029,9.78592834144365e-06,0.0,0.0,-0.0,4367.978515625,0.0,1106.8665771484375,1895.4371337890625,0.0,1580.9652099609375,0.8173720836639404,1.0,0.0,3.0,1.0,0.0
12050400,297.0131225585937,297.1499938964844,293.1499938964844,0.0,-0.0,285.6131896972656,0.9990000128746032,0.537622332572937,0.4370907545089721,297.3599548339844,297.1499938964844,293.1499938964844,0.0,-0.0,285.6133117675781,0.9074200391769408,0.3633034229278564,0.344679057598114,297.1932067871094,297.1499938964844,293.1499938964844,0.0,-0.0,285.6134033203125,0.8340765833854675,0.2808315455913543,0.1976166814565658,297.2178649902344,297.1499938964844,293.1499938964844,0.0,-0.0,285.6134948730469,0.7876328229904175,0.2353222668170929,0.2245886176824569,297.1474609375,297.1499938964844,293.1499938964844,0.0,-0.0,285.6136169433594,0.7495729327201843,0.2022337168455124,0.9183732271194458,285.61328125,284.95001220703125,294.293701171875,287.8081970214844,294.29229736328125,297.2442321777344,285.6123962402344,1.0,0.4768498241901397,1.0,1.0,0.0,1.0,-2.5479114055633545,2.5479061603546143,5.224894266575575e-06,1.970692753791809,0.9762552976608276,0.9762552976608276,0.0,99.73043823242188,84.0,22406.81640625,-0.0,1377.5582275390625,1.0,283.1499938964844,284.7743530273437,290.8305358886719,292.32373046875,293.1499938964844,293.1499938964844,283.1499938964844,25437.638671875,28800.0,313.1499938964844,0.0,18000.0,1.0,0.0,0.0,0.0,1.0,0.6962090730667114,1.0,0.0,0.0,3.300880193710327,3.300899028778076,7.27030794678285e-07,4.265924453735352,4.265914440155029,9.78592834144365e-06,0.0,0.0,-0.0,4367.978515625,0.0,1106.8665771484375,1895.4371337890625,0.0,1580.9652099609375,0.8173720836639404,1.0,0.0,3.0,1.0,0.0
12050460,297.0260925292969,297.1499938964844,293.1499938964844,0.0,-0.0,285.5865783691406,0.9990000128746032,0.53716641664505,0.4219108521938324,297.3584899902344,297.1499938964844,293.1499938964844,0.0,-0.0,285.586669921875,0.9218571186065674,0.3658137023448944,0.3468969762325287,297.1916809082031,297.1499938964844,293.1499938964844,0.0,-0.0,285.5868225097656,0.843621015548706,0.2812241315841675,0.197782814502716,297.21612548828125,297.1499938964844,293.1499938964844,0.0,-0.0,285.5869445800781,0.7978525757789612,0.2360071092844009,0.2250882238149643,297.1455993652344,297.1499938964844,293.1499938964844,0.0,-0.0,285.58709716796875,0.7577134370803833,0.2020114660263061,0.9165777564048768,285.586669921875,284.95001220703125,294.3575134277344,287.8346862792969,294.3561096191406,297.2440490722656,285.5854797363281,1.0,0.471241295337677,1.0,1.0,0.0,1.0,-2.530989408493042,2.530984401702881,5.155912731424905e-06,1.95769476890564,0.984558403491974,0.984558403491974,0.0,95.29827117919922,87.0,22494.791015625,-0.0,1336.8265380859375,1.0,283.1499938964844,284.7362976074219,290.8509216308594,292.3525085449219,293.1499938964844,293.1499938964844,283.1499938964844,26557.4453125,29880.0,313.1499938964844,0.0,18000.0,1.0,0.0,0.0,0.0,1.0,0.6995433568954468,1.0,0.0,0.0,3.393810272216797,3.3938302993774414,7.685434866289143e-07,4.265924453735352,4.265914440155029,9.78592834144365e-06,0.0,0.0,-0.0,4377.81298828125,0.0,1200.6947021484375,1895.4371337890625,0.0,1607.1510009765625,0.8398073315620422,1.0,0.0,3.0,1.0,0.0
12050520,297.0260925292969,297.1499938964844,293.1499938964844,0.0,-0.0,285.5865783691406,0.9990000128746032,0.53716641664505,0.4219108521938324,297.3584899902344,297.1499938964844,293.1499938964844,0.0,-0.0,285.586669921875,0.9218571186065674,0.3658137023448944,0.3468969762325287,297.1916809082031,297.1499938964844,293.1499938964844,0.0,-0.0,285.5868225097656,0.843621015548706,0.2812241315841675,0.197782814502716,297.21612548828125,297.1499938964844,293.1499938964844,0.0,-0.0,285.5869445800781,0.7978525757789612,0.2360071092844009,0.2250882238149643,297.1455993652344,297.1499938964844,293.1499938964844,0.0,-0.0,285.58709716796875,0.7577134370803833,0.2020114660263061,0.9165777564048768,285.586669921875,284.95001220703125,294.3575134277344,287.8346862792969,294.3561096191406,297.2440490722656,285.5854797363281,1.0,0.471241295337677,1.0,1.0,0.0,1.0,-2.530989408493042,2.530984401702881,5.155912731424905e-06,1.95769476890564,0.984558403491974,0.984558403491974,0.0,95.29827117919922,87.0,22494.791015625,-0.0,1336.8265380859375,1.0,283.1499938964844,284.7362976074219,290.8509216308594,292.3525085449219,293.1499938964844,293.1499938964844,283.1499938964844,26557.4453125,29880.0,313.1499938964844,0.0,18000.0,1.0,0.0,0.0,0.0,1.0,0.6995433568954468,1.0,0.0,0.0,3.393810272216797,3.3938302993774414,7.685434866289143e-07,4.265924453735352,4.265914440155029,9.78592834144365e-06,0.0,0.0,-0.0,4377.81298828125,0.0,1200.6947021484375,1895.4371337890625,0.0,1607.1510009765625,0.8398073315620422,1.0,0.0,3.0,1.0,0.0
12050580,297.0566101074219,297.1499938964844,293.1499938964844,0.0,-0.0,285.5642395019531,0.9990000128746032,0.5386936664581299,0.4126127660274505,297.3575134277344,297.1499938964844,293.1499938964844,0.0,-0.0,285.5643005371094,0.9322716593742372,0.3683562278747558,0.3491850793361664,297.1906433105469,297.1499938964844,293.1499938964844,0.0,-0.0,285.5643920898437,0.849952220916748,0.2816447615623474,0.1980007439851761,297.2149658203125,297.1499938964844,293.1499938964844,0.0,-0.0,285.564453125,0.8046706318855286,0.2367250174283981,0.2256630361080169,297.1454162597656,297.1499938964844,293.1499938964844,0.0,-0.0,285.56451416015625,0.763032853603363,0.2019346356391906,0.9156296849250792,285.5643005371094,284.95001220703125,294.421875,287.8609619140625,294.42047119140625,297.2450866699219,285.5636901855469,1.0,0.4685583114624023,1.0,1.0,0.0,1.0,-2.5223641395568848,2.522359132766724,5.120402420288883e-06,1.95080041885376,0.9925728440284728,0.9925728440284728,0.0,92.6990737915039,90.0,22629.00390625,-0.0,1314.8089599609375,1.0,283.1499938964844,284.7033386230469,290.87042236328125,292.3780822753906,293.1499938964844,293.1499938964844,283.1499938964844,27686.892578125,30960.0,313.1499938964844,0.0,18000.0,1.0,0.0,0.0,0.0,1.0,0.7013844847679138,1.0,0.0,0.0,3.4849679470062256,3.4849889278411865,8.103840514195326e-07,4.265924453735352,4.265914440155029,9.78592834144365e-06,0.0,0.0,-0.0,4389.03857421875,0.0,1297.8087158203125,1895.4371337890625,0.0,1621.6962890625,0.8618234395980835,1.0,0.0,3.0,1.0,0.0
12050640,297.0566101074219,297.1499938964844,293.1499938964844,0.0,-0.0,285.5642395019531,0.9990000128746032,0.5386936664581299,0.4126127660274505,297.3575134277344,297.1499938964844,293.1499938964844,0.0,-0.0,285.5643005371094,0.9322716593742372,0.3683562278747558,0.3491850793361664,297.1906433105469,297.1499938964844,293.1499938964844,0.0,-0.0,285.5643920898437,0.849952220916748,0.2816447615623474,0.1980007439851761,297.2149658203125,297.1499938964844,293.1499938964844,0.0,-0.0,285.564453125,0.8046706318855286,0.2367250174283981,0.2256630361080169,297.1454162597656,297.1499938964844,293.1499938964844,0.0,-0.0,285.56451416015625,0.763032853603363,0.2019346356391906,0.9156296849250792,285.5643005371094,284.95001220703125,294.421875,287.8609619140625,294.42047119140625,297.2450866699219,285.5636901855469,1.0,0.4685583114624023,1.0,1.0,0.0,1.0,-2.5223641395568848,2.522359132766724,5.120402420288883e-06,1.95080041885376,0.9925728440284728,0.9925728440284728,0.0,92.6990737915039,90.0,22629.00390625,-0.0,1314.8089599609375,1.0,283.1499938964844,284.7033386230469,290.87042236328125,292.3780822753906,293.1499938964844,293.1499938964844,283.1499938964844,27686.892578125,30960.0,313.1499938964844,0.0,18000.0,1.0,0.0,0.0,0.0,1.0,0.7013844847679138,1.0,0.0,0.0,3.4849679470062256,3.4849889278411865,8.103840514195326e-07,4.265924453735352,4.265914440155029,9.78592834144365e-06,0.0,0.0,-0.0,4389.03857421875,0.0,1297.8087158203125,1895.4371337890625,0.0,1621.6962890625,0.8618234395980835,1.0,0.0,3.0,1.0,0.0
12050700,297.06884765625,297.1499938964844,293.1499938964844,0.0,-0.0,285.5544128417969,0.9990000128746032,0.5393035411834717,0.4100754559040069,297.3572692871094,297.1499938964844,293.1499938964844,0.0,-0.0,285.5544738769531,0.9357308745384216,0.3696464300155639,0.3503696024417877,297.1903076171875,297.1499938964844,293.1499938964844,0.0,-0.0,285.5545654296875,0.851834774017334,0.2818691432476043,0.1981365829706192,297.2145690917969,297.1499938964844,293.1499938964844,0.0,-0.0,285.5546569824219,0.8067576885223389,0.2370979487895965,0.2259870618581771,297.14569091796875,297.1499938964844,293.1499938964844,0.0,-0.0,285.55474853515625,0.7645506858825684,0.2019321918487548,0.9154641032218932,285.5544738769531,284.95001220703125,294.4541931152344,287.8739929199219,294.4527587890625,297.24560546875,285.55377197265625,1.0,0.4679667055606842,1.0,1.0,0.0,1.0,-2.521089553833008,2.521084308624268,5.1151300795027055e-06,1.949763536453247,0.996503472328186,0.996503472328186,0.0,92.03543090820312,90.0,22726.220703125,-0.0,1310.3662109375,1.0,283.1499938964844,284.68682861328125,290.88238525390625,292.3946533203125,293.1499938964844,293.1499938964844,283.1499938964844,28380.275390625,30960.0,313.1499938964844,0.0,18000.0,1.0,0.0,0.0,0.0,1.0,0.7021565437316895,1.0,0.0,0.0,3.5378339290618896,3.537855625152588,8.35157152323518e-07,4.265924453735352,4.265914440155029,9.78592834144365e-06,0.0,0.0,-0.0,4397.0732421875,0.0,1356.662109375,1895.4371337890625,0.0,1627.813720703125,0.8718180060386658,1.0,0.0,3.0,1.0,0.0
12050760,297.0780029296875,297.1499938964844,293.1499938964844,0.0,-0.0,285.5494384765625,0.9990000128746032,0.5396922826766968,0.4086098372936249,297.3571472167969,297.1499938964844,293.1499938964844,0.0,-0.0,285.5494689941406,0.9382622838020324,0.370947778224945,0.3515730500221252,297.1900634765625,297.1499938964844,293.1499938964844,0.0,-0.0,285.54949951171875,0.8530294895172119,0.2821019291877746,0.1982844918966293,297.2142639160156,297.1499938964844,293.1499938964844,0.0,-0.0,285.549560546875,0.8081372380256653,0.2374784797430038,0.2263275533914566,297.1460266113281,297.1499938964844,293.1499938964844,0.0,-0.0,285.5495910644531,0.7654463052749634,0.2019397914409637,0.915407419204712,285.5494689941406,284.95001220703125,294.4865417480469,287.8868713378906,294.485107421875,297.2460021972656,285.54913330078125,1.0,0.467788815498352,1.0,1.0,0.0,1.0,-2.521290779113769,2.5212855339050293,5.115853127790615e-06,1.9498716592788696,1.0,1.0,0.0,91.6844482421875,93.0,22817.6171875,-0.0,1309.1103515625,1.0,283.1499938964844,284.6768493652344,290.89520263671875,292.411865234375,293.1499938964844,293.1499938964844,283.1499938964844,28819.318359375,32040.0,313.1499938964844,0.0,18000.0,1.0,0.0,0.0,0.0,1.0,0.7029795050621033,1.0,0.0,0.0,3.5742855072021484,3.574307680130005,8.524556278644013e-07,4.265924453735352,4.265914440155029,9.78592834144365e-06,0.0,0.0,-0.0,4404.61572265625,0.0,1397.9400634765625,1895.4371337890625,0.0,1634.345703125,0.8833964467048645,1.0,0.0,3.0,1.0,0.0
12050820,297.0866394042969,297.1499938964844,293.1499938964844,0.0,-0.0,285.54071044921875,0.9990000128746032,0.539667546749115,0.4083223044872284,297.3572082519531,297.1499938964844,293.1499938964844,0.0,-0.0,285.54071044921875,0.94102543592453,0.3735776245594024,0.3540341854095459,297.1898803710937,297.1499938964844,293.1499938964844,0.0,-0.0,285.54071044921875,0.8536878228187561,0.2825902104377746,0.1986164003610611,297.2139587402344,297.1499938964844,293.1499938964844,0.0,-0.0,285.54071044921875,0.8091885447502136,0.2382587343454361,0.227054163813591,297.1467590332031,297.1499938964844,293.1499938964844,0.0,-0.0,285.54071044921875,0.7656477689743042,0.2019618898630142,0.9154861569404602,285.54071044921875,284.95001220703125,294.5512084960937,287.9122619628906,294.5497741699219,297.246337890625,285.54071044921875,1.0,0.468438982963562,1.0,1.0,0.0,1.0,-2.525264978408813,2.525259733200073,5.131813395564677e-06,1.9528558254241943,1.0,1.0,0.0,91.74411010742188,96.0,23035.7421875,-0.0,1314.3331298828125,1.0,283.1499938964844,284.6566162109375,290.9232788085937,292.4517822265625,293.1499938964844,293.1499938964844,283.1499938964844,30126.076171875,33120.0,313.1499938964844,0.0,18000.0,1.0,0.0,0.0,0.0,1.0,0.7051737904548645,1.0,0.0,0.0,3.655906438827514,3.655929327011109,8.918327694118489e-07,4.265924453735352,4.265914440155029,9.78592834144365e-06,0.0,0.0,-0.0,4422.48681640625,0.0,1495.728759765625,1895.4371337890625,0.0,1651.8206787109375,0.903304934501648,1.0,0.0,3.0,1.0,0.0
12050880,297.0866394042969,297.1499938964844,293.1499938964844,0.0,-0.0,285.54071044921875,0.9990000128746032,0.539667546749115,0.4083223044872284,297.3572082519531,297.1499938964844,293.1499938964844,0.0,-0.0,285.54071044921875,0.94102543592453,0.3735776245594024,0.3540341854095459,297.1898803710937,297.1499938964844,293.1499938964844,0.0,-0.0,285.54071044921875,0.8536878228187561,0.2825902104377746,0.1986164003610611,297.2139587402344,297.1499938964844,293.1499938964844,0.0,-0.0,285.54071044921875,0.8091885447502136,0.2382587343454361,0.227054163813591,297.1467590332031,297.1499938964844,293.1499938964844,0.0,-0.0,285.54071044921875,0.7656477689743042,0.2019618898630142,0.9154861569404602,285.54071044921875,284.95001220703125,294.5512084960937,287.9122619628906,294.5497741699219,297.246337890625,285.54071044921875,1.0,0.468438982963562,1.0,1.0,0.0,1.0,-2.525264978408813,2.525259733200073,5.131813395564677e-06,1.9528558254241943,1.0,1.0,0.0,91.74411010742188,96.0,23035.7421875,-0.0,1314.3331298828125,1.0,283.1499938964844,284.6566162109375,290.9232788085937,292.4517822265625,293.1499938964844,293.1499938964844,283.1499938964844,30126.076171875,33120.0,313.1499938964844,0.0,18000.0,1.0,0.0,0.0,0.0,1.0,0.7051737904548645,1.0,0.0,0.0,3.655906438827514,3.655929327011109,8.918327694118489e-07,4.265924453735352,4.265914440155029,9.78592834144365e-06,0.0,0.0,-0.0,4422.48681640625,0.0,1495.728759765625,1895.4371337890625,0.0,1651.8206787109375,0.903304934501648,1.0,0.0,3.0,1.0,0.0
12050940,297.0829162597656,297.1499938964844,293.1499938964844,0.0,-0.0,285.5370483398437,0.9990000128746032,0.5385007262229919,0.4108084142208099,297.3575744628906,297.1499938964844,293.1499938964844,0.0,-0.0,285.5370178222656,0.9413914084434508,0.3762394189834595,0.3565532863140106,297.19000244140625,297.1499938964844,293.1499938964844,0.0,-0.0,285.5370178222656,0.8525269031524658,0.2831089496612549,0.1989893168210983,297.2138977050781,297.1499938964844,293.1499938964844,0.0,-0.0,285.5369873046875,0.8084741830825806,0.2390621602535247,0.2278299480676651,297.14727783203125,297.1499938964844,293.1499938964844,0.0,-0.0,285.5369567871094,0.7641538381576538,0.2019739151000976,0.915668785572052,285.5370178222656,284.95001220703125,294.6155700683594,287.9369506835937,294.6141357421875,297.24609375,285.5372314453125,1.0,0.4701256453990936,1.0,1.0,0.0,1.0,-2.5328755378723145,2.532870292663574,5.162611159903463e-06,1.958653211593628,1.0,1.0,0.0,92.59949493408205,99.0,23276.353515625,-0.0,1327.5723876953125,1.0,283.1499938964844,284.6415100097656,290.9516296386719,292.4941711425781,293.1499938964844,293.1499938964844,283.1499938964844,31374.640625,34200.0,313.1499938964844,0.0,18000.0,1.0,0.0,0.0,0.0,1.0,0.7081294059753418,1.0,0.0,0.0,3.730897903442383,3.730921983718872,9.28795316212927e-07,4.265924453735352,4.265914440155029,9.78592834144365e-06,0.0,0.0,-0.0,4441.72802734375,0.0,1589.6729736328125,1895.4371337890625,0.0,1675.4898681640625,0.9216728806495668,1.0,0.0,3.0,1.0,0.0
12051000,297.0829162597656,297.1499938964844,293.1499938964844,0.0,-0.0,285.5370483398437,0.9990000128746032,0.5385007262229919,0.4108084142208099,297.3575744628906,297.1499938964844,293.1499938964844,0.0,-0.0,285.5370178222656,0.9413914084434508,0.3762394189834595,0.3565532863140106,297.19000244140625,297.1499938964844,293.1499938964844,0.0,-0.0,285.5370178222656,0.8525269031524658,0.2831089496612549,0.1989893168210983,297.2138977050781,297.1499938964844,293.1499938964844,0.0,-0.0,285.5369873046875,0.8084741830825806,0.2390621602535247,0.2278299480676651,297.14727783203125,297.1499938964844,293.1499938964844,0.0,-0.0,285.5369567871094,0.7641538381576538,0.2019739151000976,0.915668785572052,285.5370178222656,284.95001220703125,294.6155700683594,287.9369506835937,294.6141357421875,297.24609375,285.5372314453125,1.0,0.4701256453990936,1.0,1.0,0.0,1.0,-2.5328755378723145,2.532870292663574,5.162611159903463e-06,1.958653211593628,1.0,1.0,0.0,92.59949493408205,99.0,23276.353515625,-0.0,1327.5723876953125,1.0,283.1499938964844,284.6415100097656,290.9516296386719,292.4941711425781,293.1499938964844,293.1499938964844,283.1499938964844,31374.640625,34200.0,313.1499938964844,0.0,18000.0,1.0,0.0,0.0,0.0,1.0,0.7081294059753418,1.0,0.0,0.0,3.730897903442383,3.730921983718872,9.28795316212927e-07,4.265924453735352,4.265914440155029,9.78592834144365e-06,0.0,0.0,-0.0,4441.72802734375,0.0,1589.6729736328125,1895.4371337890625,0.0,1675.4898681640625,0.9216728806495668,1.0,0.0,3.0,1.0,0.0
12051060,297.0687561035156,297.1499938964844,293.1499938964844,0.0,-0.0,285.53668212890625,0.9990000128746032,0.536224901676178,0.4153352081775665,297.3581237792969,297.1499938964844,293.1499938964844,0.0,-0.0,285.5366516113281,0.9400261640548706,0.3789224922657013,0.359114408493042,297.1903686523437,297.1499938964844,293.1499938964844,0.0,-0.0,285.53662109375,0.8500726222991943,0.2836517691612243,0.1993948072195053,297.2139892578125,297.1499938964844,293.1499938964844,0.0,-0.0,285.5365905761719,0.8064678311347961,0.2398821860551834,0.2286427617073059,297.1474914550781,297.1499938964844,293.1499938964844,0.0,-0.0,285.5365600585937,0.7614352107048035,0.2019608914852142,0.9158481359481812,285.5366516113281,284.95001220703125,294.6793212890625,287.9608154296875,294.6779479980469,297.2454528808594,285.5369873046875,1.0,0.472562313079834,1.0,1.0,0.0,1.0,-2.5430691242218018,2.543063879013061,5.204060471442062e-06,1.9664446115493768,1.0,1.0,0.0,94.04759216308594,102.0,23532.998046875,-0.0,1346.7288818359375,1.0,283.1499938964844,284.6297912597656,290.9785461425781,292.53662109375,293.1499938964844,293.1499938964844,283.1499938964844,32573.220703125,35280.0,313.1499938964844,0.0,18000.0,1.0,0.0,0.0,0.0,1.0,0.7117102742195129,1.0,0.0,0.0,3.8014941215515137,3.80151891708374,9.642773193263563e-07,4.265924453735352,4.265914440155029,9.78592834144365e-06,0.0,0.0,-0.0,4461.53125,0.0,1681.631103515625,1895.4371337890625,0.0,1704.3656005859375,0.938983142375946,1.0,0.0,3.0,1.0,0.0
12051120,297.0687561035156,297.1499938964844,293.1499938964844,0.0,-0.0,285.53668212890625,0.9990000128746032,0.536224901676178,0.4153352081775665,297.3581237792969,297.1499938964844,293.1499938964844,0.0,-0.0,285.5366516113281,0.9400261640548706,0.3789224922657013,0.359114408493042,297.1903686523437,297.1499938964844,293.1499938964844,0.0,-0.0,285.53662109375,0.8500726222991943,0.2836517691612243,0.1993948072195053,297.2139892578125,297.1499938964844,293.1499938964844,0.0,-0.0,285.5365905761719,0.8064678311347961,0.2398821860551834,0.2286427617073059,297.1474914550781,297.1499938964844,293.1499938964844,0.0,-0.0,285.5365600585937,0.7614352107048035,0.2019608914852142,0.9158481359481812,285.5366516113281,284.95001220703125,294.6793212890625,287.9608154296875,294.6779479980469,297.2454528808594,285.5369873046875,1.0,0.472562313079834,1.0,1.0,0.0,1.0,-2.5430691242218018,2.543063879013061,5.204060471442062e-06,1.9664446115493768,1.0,1.0,0.0,94.04759216308594,102.0,23532.998046875,-0.0,1346.7288818359375,1.0,283.1499938964844,284.6297912597656,290.9785461425781,292.53662109375,293.1499938964844,293.1499938964844,283.1499938964844,32573.220703125,35280.0,313.1499938964844,0.0,18000.0,1.0,0.0,0.0,0.0,1.0,0.7117102742195129,1.0,0.0,0.0,3.8014941215515137,3.80151891708374,9.642773193263563e-07,4.265924453735352,4.265914440155029,9.78592834144365e-06,0.0,0.0,-0.0,4461.53125,0.0,1681.631103515625,1895.4371337890625,0.0,1704.3656005859375,0.938983142375946,1.0,0.0,3.0,1.0,0.0
12051180,297.0464782714844,297.1499938964844,293.1499938964844,0.0,-0.0,285.53857421875,0.9990000128746032,0.532946765422821,0.4213470220565796,297.35870361328125,297.1499938964844,293.1499938964844,0.0,-0.0,285.5385437011719,0.9374366402626038,0.3816175460815429,0.3617036342620849,297.1908569335937,297.1499938964844,293.1499938964844,0.0,-0.0,285.5384826660156,0.8467459082603455,0.2842118144035339,0.1998244673013687,297.21417236328125,297.1499938964844,293.1499938964844,0.0,-0.0,285.5384521484375,0.8035243153572083,0.240712434053421,0.2294816523790359,297.1473083496094,297.1499938964844,293.1499938964844,0.0,-0.0,285.53839111328125,0.7578748464584351,0.2019119560718536,0.9159494042396544,285.5385437011719,284.95001220703125,294.74224853515625,287.9837341308594,294.7408752441406,297.2446594238281,285.5389709472656,1.0,0.4755341708660126,1.0,1.0,0.0,1.0,-2.5550479888916016,2.5550427436828613,5.25300356457592e-06,1.9756107330322263,1.0,1.0,0.0,95.93985748291016,105.0,23800.322265625,-0.0,1370.250732421875,1.0,283.1499938964844,284.62042236328125,291.0035095214844,292.57794189453125,293.1499938964844,293.1499938964844,283.04998779296875,33738.96875,36000.0,313.1499938964844,0.0,18000.0,1.0,0.0,0.0,0.0,1.0,0.7157016396522522,1.0,0.0,0.0,3.8689212799072266,3.8689470291137695,9.98787413664104e-07,4.265924453735352,4.265914440155029,9.78592834144365e-06,0.0,0.0,-0.0,4564.68994140625,0.0,1772.709228515625,1895.4371337890625,0.0,1736.8021240234375,0.954529106616974,1.0,0.0,3.0,1.0,0.0
12051240,297.0464782714844,297.1499938964844,293.1499938964844,0.0,-0.0,285.53857421875,0.9990000128746032,0.532946765422821,0.4213470220565796,297.35870361328125,297.1499938964844,293.1499938964844,0.0,-0.0,285.5385437011719,0.9374366402626038,0.3816175460815429,0.3617036342620849,297.1908569335937,297.1499938964844,293.1499938964844,0.0,-0.0,285.5384826660156,0.8467459082603455,0.2842118144035339,0.1998244673013687,297.21417236328125,297.1499938964844,293.1499938964844,0.0,-0.0,285.5384521484375,0.8035243153572083,0.240712434053421,0.2294816523790359,297.1473083496094,297.1499938964844,293.1499938964844,0.0,-0.0,285.53839111328125,0.7578748464584351,0.2019119560718536,0.9159494042396544,285.5385437011719,284.95001220703125,294.74224853515625,287.9837341308594,294.7408752441406,297.2446594238281,285.5389709472656,1.0,0.4755341708660126,1.0,1.0,0.0,1.0,-2.5550479888916016,2.5550427436828613,5.25300356457592e-06,1.9756107330322263,1.0,1.0,0.0,95.93985748291016,105.0,23800.322265625,-0.0,1370.250732421875,1.0,283.1499938964844,284.62042236328125,291.0035095214844,292.57794189453125,293.1499938964844,293.1499938964844,283.04998779296875,33738.96875,36000.0,313.1499938964844,0.0,18000.0,1.0,0.0,0.0,0.0,1.0,0.7157016396522522,1.0,0.0,0.0,3.8689212799072266,3.8689470291137695,9.98787413664104e-07,4.265924453735352,4.265914440155029,9.78592834144365e-06,0.0,0.0,-0.0,4564.68994140625,0.0,1772.709228515625,1895.4371337890625,0.0,1736.8021240234375,0.954529106616974,1.0,0.0,3.0,1.0,0.0
12051300,297.0314025878906,297.1499938964844,293.1499938964844,0.0,-0.0,285.4833984375,0.9990000128746032,0.5308126211166382,0.424828290939331,297.35809326171875,297.1499938964844,293.1499938964844,0.0,-0.0,285.4837646484375,0.935737669467926,0.3828799426555633,0.3629813194274902,297.1903076171875,297.1499938964844,293.1499938964844,0.0,-0.0,285.4844665527344,0.8448042273521423,0.2844191789627075,0.2000305652618408,297.2137145996094,297.1499938964844,293.1499938964844,0.0,-0.0,285.4849548339844,0.8017546534538269,0.2410727143287658,0.2298926413059234,297.14654541015625,297.1499938964844,293.1499938964844,0.0,-0.0,285.4856262207031,0.7558266520500183,0.2018220275640487,0.9158900380134584,285.4837951660156,284.95001220703125,294.7732849121094,287.9947814941406,294.7719421386719,297.24346923828125,285.4800720214844,1.0,0.4771653115749359,1.0,1.0,0.0,1.0,-2.5614359378814697,2.561430692672729,5.27921247339691e-06,1.9805057048797607,1.0,1.0,0.0,97.0281219482422,105.0,24133.783203125,-0.0,1383.2230224609375,1.0,283.0647888183594,284.5491638183594,291.0398254394531,292.6588134765625,293.1499938964844,293.1499938964844,283.04998779296875,34328.87890625,36000.0,313.1499938964844,0.0,18000.0,1.0,0.0,0.0,0.0,1.0,0.7215069532394409,1.0,0.0,0.0,3.902597665786743,3.902623891830444,1.016250621432846e-06,4.265924453735352,4.265914440155029,9.78592834144365e-06,0.0,0.0,-0.0,4529.3427734375,0.0,1819.4044189453125,1895.4371337890625,0.0,1784.4381103515625,0.9608721137046814,1.0,0.0,3.0,1.0,0.0
12051360,297.0131225585937,297.1499938964844,293.1499938964844,0.0,-0.0,285.4677734375,0.9990000128746032,0.5282679200172424,0.4287910461425781,297.3564758300781,297.1499938964844,293.1499938964844,0.0,-0.0,285.4678039550781,0.933534562587738,0.3840411305427551,0.3641437292098999,297.1889038085937,297.1499938964844,293.1499938964844,0.0,-0.0,285.46783447265625,0.8424934148788452,0.2845358252525329,0.2001619189977646,297.2125244140625,297.1499938964844,293.1499938964844,0.0,-0.0,285.4678649902344,0.7996059060096741,0.2413603365421295,0.2302274256944656,297.14501953125,297.1499938964844,293.1499938964844,0.0,-0.0,285.4678955078125,0.7534368634223938,0.2016504257917404,0.9154531359672546,285.4678039550781,284.95001220703125,294.8039855957031,288.0055236816406,294.8026733398437,297.24127197265625,285.4677124023437,1.0,0.478851318359375,1.0,1.0,0.0,1.0,-2.56762957572937,2.56762433052063,5.304684236762114e-06,1.98525071144104,1.0,1.0,0.0,98.23985290527344,93.0,24267.53125,-0.0,1396.5426025390625,1.0,283.052001953125,284.53094482421875,291.0473327636719,292.6625671386719,293.1499938964844,293.1499938964844,282.75,34706.5078125,36000.0,313.1499938964844,0.0,18000.0,1.0,0.0,0.0,0.0,1.0,0.7256874442100525,1.0,0.0,0.0,3.924004077911377,3.924030542373657,1.0274297892465256e-06,4.265924453735352,4.265914440155029,9.78592834144365e-06,0.0,0.0,-0.0,4787.7724609375,0.0,1849.5081787109373,1895.4371337890625,0.0,1819.068115234375,0.965965449810028,1.0,0.0,3.0,1.0,0.0
12051420,296.974853515625,297.1499938964844,293.1499938964844,0.0,-0.0,285.2384033203125,0.9990000128746032,0.5226442813873291,0.425092488527298,297.3458251953125,297.1499938964844,293.1499938964844,0.0,-0.0,285.23858642578125,0.9383149147033693,0.3855860531330108,0.3658083379268646,297.1794128417969,297.1499938964844,293.1499938964844,0.0,-0.0,285.2389221191406,0.8445695638656616,0.2840772271156311,0.1999802738428115,297.2048645019531,297.1499938964844,293.1499938964844,0.0,-0.0,285.2391662597656,0.8021809458732605,0.2413835823535919,0.2303928136825561,297.1368713378906,297.1499938964844,293.1499938964844,0.0,-0.0,285.2395324707031,0.7546733021736145,0.2007679343223571,0.9121626019477844,285.23858642578125,284.95001220703125,294.8642883300781,288.0260925292969,294.8630065917969,297.2310485839844,285.2366638183594,1.0,0.476710557937622,1.0,1.0,0.0,1.0,-2.5612380504608154,2.561232805252075,5.278666321828496e-06,1.9804880619049072,1.0,1.0,0.0,97.09392547607422,81.0,24984.158203125,-0.0,1383.2410888671875,1.0,282.7560119628906,284.2695007324219,291.1071472167969,292.79998779296875,293.1499938964844,293.1499938964844,282.45001220703125,35227.34765625,36000.0,313.1499938964844,0.0,18000.0,1.0,0.0,0.0,0.0,1.0,0.7466744184494019,1.0,0.0,0.0,3.953338146209717,3.9533650875091553,1.042848452925682e-06,4.265924453735352,4.265914440155029,9.78592834144365e-06,0.0,0.0,-0.0,4867.775390625,0.0,1891.2974853515625,1895.4371337890625,0.0,1996.7501220703125,0.9729443192481996,1.0,0.0,3.0,1.0,0.0
12051480,296.974853515625,297.1499938964844,293.1499938964844,0.0,-0.0,285.2384033203125,0.9990000128746032,0.5226442813873291,0.425092488527298,297.3458251953125,297.1499938964844,293.1499938964844,0.0,-0.0,285.23858642578125,0.9383149147033693,0.3855860531330108,0.3658083379268646,297.1794128417969,297.1499938964844,293.1499938964844,0.0,-0.0,285.2389221191406,0.8445695638656616,0.2840772271156311,0.1999802738428115,297.2048645019531,297.1499938964844,293.1499938964844,0.0,-0.0,285.2391662597656,0.8021809458732605,0.2413835823535919,0.2303928136825561,297.1368713378906,297.1499938964844,293.1499938964844,0.0,-0.0,285.2395324707031,0.7546733021736145,0.2007679343223571,0.9121626019477844,285.23858642578125,284.95001220703125,294.8642883300781,288.0260925292969,294.8630065917969,297.2310485839844,285.2366638183594,1.0,0.476710557937622,1.0,1.0,0.0,1.0,-2.5612380504608154,2.561232805252075,5.278666321828496e-06,1.9804880619049072,1.0,1.0,0.0,97.09392547607422,81.0,24984.158203125,-0.0,1383.2410888671875,1.0,282.7560119628906,284.2695007324219,291.1071472167969,292.79998779296875,293.1499938964844,293.1499938964844,282.45001220703125,35227.34765625,36000.0,313.1499938964844,0.0,18000.0,1.0,0.0,0.0,0.0,1.0,0.7466744184494019,1.0,0.0,0.0,3.953338146209717,3.9533650875091553,1.042848452925682e-06,4.265924453735352,4.265914440155029,9.78592834144365e-06,0.0,0.0,-0.0,4867.775390625,0.0,1891.2974853515625,1895.4371337890625,0.0,1996.7501220703125,0.9729443192481996,1.0,0.0,3.0,1.0,0.0
12051540,296.9577331542969,297.1499938964844,293.1499938964844,0.0,-0.0,285.0093994140625,0.9990000128746032,0.5186642408370972,0.412645548582077,297.32965087890625,297.1499938964844,293.1499938964844,0.0,-0.0,285.0095520019531,0.9496853947639464,0.3864329159259796,0.3666154146194458,297.1650390625,297.1499938964844,293.1499938964844,0.0,-0.0,285.0099182128906,0.8516228199005127,0.2829964458942413,0.1992250382900238,297.1929016113281,297.1499938964844,293.1499938964844,0.0,-0.0,285.0101623535156,0.8096950650215149,0.2408708184957504,0.2298929542303085,297.1249084472656,297.1499938964844,293.1499938964844,0.0,-0.0,285.0105285644531,0.7603136301040649,0.1993921548128128,0.905857264995575,285.00958251953125,284.95001220703125,294.9228515625,288.0452575683594,294.9216003417969,297.2170104980469,285.0074157714844,1.0,0.4706609845161438,1.0,1.0,0.0,1.0,-2.538180112838745,2.538174867630005,5.184019300941145e-06,1.9626365900039675,1.0,1.0,0.0,93.22136688232422,84.0,25666.73046875,-0.0,1336.9356689453125,1.0,282.4559936523437,284.00396728515625,291.11553955078125,292.8612365722656,293.1499938964844,293.1499938964844,282.1499938964844,35539.63671875,36000.0,313.1499938964844,0.0,18000.0,1.0,0.0,0.0,0.0,1.0,0.7647398710250854,1.0,0.0,0.0,3.970822334289551,3.970849514007568,1.0520931255086907e-06,4.265924453735352,4.265914440155029,9.78592834144365e-06,0.0,0.0,-0.0,4927.59765625,0.0,1916.50244140625,1895.4371337890625,0.0,2154.273193359375,0.9771034121513368,1.0,0.0,3.0,1.0,0.0
12051600,296.9577331542969,297.1499938964844,293.1499938964844,0.0,-0.0,285.0093994140625,0.9990000128746032,0.5186642408370972,0.412645548582077,297.32965087890625,297.1499938964844,293.1499938964844,0.0,-0.0,285.0095520019531,0.9496853947639464,0.3864329159259796,0.3666154146194458,297.1650390625,297.1499938964844,293.1499938964844,0.0,-0.0,285.0099182128906,0.8516228199005127,0.2829964458942413,0.1992250382900238,297.1929016113281,297.1499938964844,293.1499938964844,0.0,-0.0,285.0101623535156,0.8096950650215149,0.2408708184957504,0.2298929542303085,297.1249084472656,297.1499938964844,293.1499938964844,0.0,-0.0,285.0105285644531,0.7603136301040649,0.1993921548128128,0.905857264995575,285.00958251953125,284.95001220703125,294.9228515625,288.0452575683594,294.9216003417969,297.2170104980469,285.0074157714844,1.0,0.4706609845161438,1.0,1.0,0.0,1.0,-2.538180112838745,2.538174867630005,5.184019300941145e-06,1.9626365900039675,1.0,1.0,0.0,93.22136688232422,84.0,25666.73046875,-0.0,1336.9356689453125,1.0,282.4559936523437,284.00396728515625,291.11553955078125,292.8612365722656,293.1499938964844,293.1499938964844,282.1499938964844,35539.63671875,36000.0,313.1499938964844,0.0,18000.0,1.0,0.0,0.0,0.0,1.0,0.7647398710250854,1.0,0.0,0.0,3.970822334289551,3.970849514007568,1.0520931255086907e-06,4.265924453735352,4.265914440155029,9.78592834144365e-06,0.0,0.0,-0.0,4927.59765625,0.0,1916.50244140625,1895.4371337890625,0.0,2154.273193359375,0.9771034121513368,1.0,0.0,3.0,1.0,0.0
12051660,296.95245361328125,297.1499938964844,293.1499938964844,0.0,-0.0,284.7963256835937,0.9990000128746032,0.5157080292701721,0.4066333770751953,297.3129272460937,297.1499938964844,293.1499938964844,0.0,-0.0,284.79644775390625,0.9552850127220154,0.3870135843753814,0.3671541810035705,297.1502380371094,297.1499938964844,293.1499938964844,0.0,-0.0,284.7967529296875,0.8544010519981384,0.281688928604126,0.198303535580635,297.1802978515625,297.1499938964844,293.1499938964844,0.0,-0.0,284.79693603515625,0.8127660155296326,0.2401387095451355,0.2291861176490783,297.1130676269531,297.1499938964844,293.1499938964844,0.0,-0.0,284.7972412109375,0.7620638012886047,0.1978756934404373,0.8989022970199585,284.7964782714844,284.95001220703125,294.9794006347656,288.0628967285156,294.9781799316406,297.20263671875,284.7948608398437,1.0,0.4672581255435943,1.0,1.0,0.0,1.0,-2.521275997161865,2.521270990371704,5.1145452744094655e-06,1.9492241144180296,0.9966010451316832,0.9966010451316832,0.0,91.17882537841795,102.0,26471.38671875,-0.0,1306.9127197265625,1.0,282.1558837890625,283.7486877441406,291.1155090332031,292.9079284667969,293.1499938964844,293.1499938964844,281.8500061035156,35818.8984375,36000.0,313.1499938964844,0.0,18000.0,1.0,0.0,0.0,0.0,1.0,0.7786811590194702,1.0,0.0,0.0,3.9783856868743896,3.9784128665924072,1.0561047929513734e-06,4.265924453735352,4.265914440155029,9.78592834144365e-06,0.0,0.0,-0.0,4992.85791015625,0.0,1928.646728515625,1895.4371337890625,0.0,2278.307373046875,0.978980541229248,1.0,0.0,3.0,1.0,0.0
12051720,296.95245361328125,297.1499938964844,293.1499938964844,0.0,-0.0,284.7963256835937,0.9990000128746032,0.5157080292701721,0.4066333770751953,297.3129272460937,297.1499938964844,293.1499938964844,0.0,-0.0,284.79644775390625,0.9552850127220154,0.3870135843753814,0.3671541810035705,297.1502380371094,297.1499938964844,293.1499938964844,0.0,-0.0,284.7967529296875,0.8544010519981384,0.281688928604126,0.198303535580635,297.1802978515625,297.1499938964844,293.1499938964844,0.0,-0.0,284.79693603515625,0.8127660155296326,0.2401387095451355,0.2291861176490783,297.1130676269531,297.1499938964844,293.1499938964844,0.0,-0.0,284.7972412109375,0.7620638012886047,0.1978756934404373,0.8989022970199585,284.7964782714844,284.95001220703125,294.9794006347656,288.0628967285156,294.9781799316406,297.20263671875,284.7948608398437,1.0,0.4672581255435943,1.0,1.0,0.0,1.0,-2.521275997161865,2.521270990371704,5.1145452744094655e-06,1.9492241144180296,0.9966010451316832,0.9966010451316832,0.0,91.17882537841795,102.0,26471.38671875,-0.0,1306.9127197265625,1.0,282.1558837890625,283.7486877441406,291.1155090332031,292.9079284667969,293.1499938964844,293.1499938964844,281.8500061035156,35818.8984375,36000.0,313.1499938964844,0.0,18000.0,1.0,0.0,0.0,0.0,1.0,0.7786811590194702,1.0,0.0,0.0,3.9783856868743896,3.9784128665924072,1.0561047929513734e-06,4.265924453735352,4.265914440155029,9.78592834144365e-06,0.0,0.0,-0.0,4992.85791015625,0.0,1928.646728515625,1895.4371337890625,0.0,2278.307373046875,0.978980541229248,1.0,0.0,3.0,1.0,0.0
12051780,296.9173278808594,297.1499938964844,293.1499938964844,0.0,-0.0,284.6007995605469,0.9990000128746032,0.5097033381462097,0.4195162057876587,297.29705810546875,297.1499938964844,293.1499938964844,0.0,-0.0,284.6008605957031,0.9449249505996704,0.3874703049659729,0.3677302598953247,297.1363830566406,297.1499938964844,293.1499938964844,0.0,-0.0,284.6009826660156,0.8446701169013977,0.2802854776382446,0.1974308341741562,297.1683349609375,297.1499938964844,293.1499938964844,0.0,-0.0,284.6011047363281,0.8035972714424133,0.2393083870410919,0.2285451740026474,297.10174560546875,297.1499938964844,293.1499938964844,0.0,-0.0,284.60125732421875,0.7525537610054016,0.1962619423866272,0.892405092716217,284.6008605957031,284.95001220703125,295.0336608886719,288.0788879394531,295.032470703125,297.1873474121094,284.6004638671875,1.0,0.4711244106292724,1.0,1.0,0.0,1.0,-2.52779507637024,2.527790069580078,5.140153007232584e-06,1.9538228511810305,0.9902724027633668,0.9902724027633668,0.0,94.5328369140625,105.0,27514.615234375,-0.0,1329.5196533203125,1.0,281.8558959960937,283.5111999511719,291.1256103515625,292.9722595214844,293.1499938964844,293.1499938964844,281.54998779296875,36074.9609375,36000.0,313.1499938964844,0.0,18000.0,1.0,0.0,0.0,0.0,1.0,0.7912284135818481,1.0,0.0,0.0,3.976298570632935,3.9763259887695312,1.0549971420914517e-06,4.265924453735352,4.265914440155029,9.78592834144365e-06,0.0,0.0,-0.0,5076.3251953125,0.0,1928.006591796875,1895.4371337890625,0.0,2391.514404296875,0.978663444519043,1.0,0.0,3.0,1.0,0.0
12051840,296.9173278808594,297.1499938964844,293.1499938964844,0.0,-0.0,284.6007995605469,0.9990000128746032,0.5097033381462097,0.4195162057876587,297.29705810546875,297.1499938964844,293.1499938964844,0.0,-0.0,284.6008605957031,0.9449249505996704,0.3874703049659729,0.3677302598953247,297.1363830566406,297.1499938964844,293.1499938964844,0.0,-0.0,284.6009826660156,0.8446701169013977,0.2802854776382446,0.1974308341741562,297.1683349609375,297.1499938964844,293.1499938964844,0.0,-0.0,284.6011047363281,0.8035972714424133,0.2393083870410919,0.2285451740026474,297.10174560546875,297.1499938964844,293.1499938964844,0.0,-0.0,284.60125732421875,0.7525537610054016,0.1962619423866272,0.892405092716217,284.6008605957031,284.95001220703125,295.0336608886719,288.0788879394531,295.032470703125,297.1873474121094,284.6004638671875,1.0,0.4711244106292724,1.0,1.0,0.0,1.0,-2.52779507637024,2.527790069580078,5.140153007232584e-06,1.9538228511810305,0.9902724027633668,0.9902724027633668,0.0,94.5328369140625,105.0,27514.615234375,-0.0,1329.5196533203125,1.0,281.8558959960937,283.5111999511719,291.1256103515625,292.9722595214844,293.1499938964844,293.1499938964844,281.54998779296875,36074.9609375,36000.0,313.1499938964844,0.0,18000.0,1.0,0.0,0.0,0.0,1.0,0.7912284135818481,1.0,0.0,0.0,3.976298570632935,3.9763259887695312,1.0549971420914517e-06,4.265924453735352,4.265914440155029,9.78592834144365e-06,0.0,0.0,-0.0,5076.3251953125,0.0,1928.006591796875,1895.4371337890625,0.0,2391.514404296875,0.978663444519043,1.0,0.0,3.0,1.0,0.0
12051900,296.88299560546875,297.1499938964844,293.1499938964844,0.0,-0.0,284.4568786621094,0.9990000128746032,0.5048648715019226,0.4265419542789459,297.28955078125,297.1499938964844,293.1499938964844,0.0,-0.0,284.457763671875,0.939267873764038,0.3876659870147705,0.368027776479721,297.1298522949219,297.1499938964844,293.1499938964844,0.0,-0.0,284.459716796875,0.8396672606468201,0.2795614302158355,0.1970041543245315,297.16259765625,297.1499938964844,293.1499938964844,0.0,-0.0,284.4609680175781,0.7986528873443604,0.2388624250888824,0.228224903345108,297.09576416015625,297.1499938964844,293.1499938964844,0.0,-0.0,284.46295166015625,0.7476359605789185,0.1953697502613067,0.8889703154563904,284.4579162597656,284.95001220703125,295.059814453125,288.0862121582031,295.0586853027344,297.1795654296875,284.44805908203125,1.0,0.4727898836135864,1.0,1.0,0.0,1.0,-2.53157901763916,2.531574010848999,5.155668077350128e-06,1.9568074941635127,0.9856203198432922,0.9856203198432922,0.0,96.42438507080078,105.0,28491.8984375,-0.0,1342.442138671875,1.0,281.59326171875,283.32354736328125,291.1669921875,293.1175842285156,293.1499938964844,293.1499938964844,281.54998779296875,36201.91796875,36000.0,313.1499938964844,0.0,18000.0,1.0,0.0,0.0,0.0,1.0,0.800981342792511,1.0,0.0,0.0,3.972135782241821,3.972162961959839,1.0527892300160602e-06,4.265924453735352,4.265914440155029,9.78592834144365e-06,0.0,0.0,-0.0,4912.7509765625,0.0,1923.6058349609373,1895.4371337890625,0.0,2480.400634765625,0.9777745008468628,1.0,0.0,3.0,1.0,0.0
12051960,296.84478759765625,297.1499938964844,293.1499938964844,0.0,-0.0,284.4146728515625,0.9990000128746032,0.499422550201416,0.4333100318908691,297.2818298339844,297.1499938964844,293.1499938964844,0.0,-0.0,284.41473388671875,0.9337568283081056,0.3877898752689361,0.3682073354721069,297.12322998046875,297.1499938964844,293.1499938964844,0.0,-0.0,284.4149169921875,0.834871768951416,0.27878138422966,0.1965065002441406,297.1567077636719,297.1499938964844,293.1499938964844,0.0,-0.0,284.4150390625,0.7938693165779114,0.2383637577295303,0.2278231829404831,297.08917236328125,297.1499938964844,293.1499938964844,0.0,-0.0,284.41522216796875,0.742868185043335,0.1943790465593338,0.8849834203720093,284.4147644042969,284.95001220703125,295.0852966308594,288.0931091308594,295.0841979980469,297.1713256835937,284.4140319824219,1.0,0.474403440952301,1.0,1.0,0.0,1.0,-2.5340569019317627,2.5340516567230225,5.165681614016648e-06,1.9586817026138303,0.9815698266029358,0.9815698266029358,0.0,98.23087310791016,108.0,28627.310546875,-0.0,1353.3790283203125,1.0,281.5558166503906,283.2828063964844,291.1467590332031,293.0593566894531,293.1499938964844,293.1499938964844,281.25,36310.35546875,36000.0,313.1499938964844,0.0,18000.0,1.0,0.0,0.0,0.0,1.0,0.8053102493286133,1.0,0.0,0.0,3.965567588806152,3.965595006942749,1.0493105264686164e-06,4.265924453735352,4.265914440155029,9.78592834144365e-06,0.0,0.0,-0.0,5170.3056640625,0.0,1915.933349609375,1895.4371337890625,0.0,2520.07373046875,0.9763792157173156,1.0,0.0,3.0,1.0,0.0
12052020,296.7664489746094,297.1499938964844,293.1499938964844,0.0,-0.0,284.2269287109375,0.995314359664917,0.4876137971878052,0.441593587398529,297.2666320800781,297.1499938964844,293.1499938964844,0.0,-0.0,284.2270812988281,0.9202418923377992,0.38792285323143,0.368560791015625,297.1104736328125,297.1499938964844,293.1499938964844,0.0,-0.0,284.22735595703125,0.823672354221344,0.2771531641483307,0.1955305933952331,297.1452331542969,297.1499938964844,293.1499938964844,0.0,-0.0,284.2275085449219,0.7825320959091187,0.2372858226299286,0.2270214259624481,297.0752258300781,297.1499938964844,293.1499938964844,0.0,-0.0,284.2278137207031,0.7318334579467773,0.1921956986188888,0.8764017820358276,284.22711181640625,284.95001220703125,295.1340637207031,288.1053771972656,295.1330261230469,297.1553649902344,284.2255249023437,1.0,0.4771813452243805,1.0,1.0,0.0,1.0,-2.5319769382476807,2.5319719314575195,5.157463419891428e-06,1.957203984260559,0.9703556299209596,0.9703556299209596,0.0,102.61463928222656,111.0,29650.646484375,-0.0,1369.663330078125,1.0,281.2560119628906,283.0542297363281,291.1634521484375,293.1422119140625,293.1499938964844,293.1499938964844,280.95001220703125,36549.66796875,36000.0,313.1499938964844,0.0,18000.0,1.0,0.0,0.0,0.0,1.0,0.8203801512718201,1.0,0.0,0.0,3.946046829223633,3.9460740089416495,1.0390052693765028e-06,4.265924453735352,4.265914440155029,9.78592834144365e-06,0.0,0.0,-0.0,5260.6337890625,0.0,1892.5986328125,1895.4371337890625,0.0,2659.091552734375,0.9721144437789916,1.0,0.0,3.0,1.0,0.0
12052080,296.7664489746094,297.1499938964844,293.1499938964844,0.0,-0.0,284.2269287109375,0.995314359664917,0.4876137971878052,0.441593587398529,297.2666320800781,297.1499938964844,293.1499938964844,0.0,-0.0,284.2270812988281,0.9202418923377992,0.38792285323143,0.368560791015625,297.1104736328125,297.1499938964844,293.1499938964844,0.0,-0.0,284.22735595703125,0.823672354221344,0.2771531641483307,0.1955305933952331,297.1452331542969,297.1499938964844,293.1499938964844,0.0,-0.0,284.2275085449219,0.7825320959091187,0.2372858226299286,0.2270214259624481,297.0752258300781,297.1499938964844,293.1499938964844,0.0,-0.0,284.2278137207031,0.7318334579467773,0.1921956986188888,0.8764017820358276,284.22711181640625,284.95001220703125,295.1340637207031,288.1053771972656,295.1330261230469,297.1553649902344,284.2255249023437,1.0,0.4771813452243805,1.0,1.0,0.0,1.0,-2.5319769382476807,2.5319719314575195,5.157463419891428e-06,1.957203984260559,0.9703556299209596,0.9703556299209596,0.0,102.61463928222656,111.0,29650.646484375,-0.0,1369.663330078125,1.0,281.2560119628906,283.0542297363281,291.1634521484375,293.1422119140625,293.1499938964844,293.1499938964844,280.95001220703125,36549.66796875,36000.0,313.1499938964844,0.0,18000.0,1.0,0.0,0.0,0.0,1.0,0.8203801512718201,1.0,0.0,0.0,3.946046829223633,3.9460740089416495,1.0390052693765028e-06,4.265924453735352,4.265914440155029,9.78592834144365e-06,0.0,0.0,-0.0,5260.6337890625,0.0,1892.5986328125,1895.4371337890625,0.0,2659.091552734375,0.9721144437789916,1.0,0.0,3.0,1.0,0.0
12052140,296.7275085449219,297.1499938964844,293.1499938964844,0.0,-0.0,284.0233764648437,0.9753310680389404,0.4787702262401581,0.4331007003784179,297.25067138671875,297.1499938964844,293.1499938964844,0.0,-0.0,284.02349853515625,0.9025465846061708,0.3877845406532287,0.3687596023082733,297.09735107421875,297.1499938964844,293.1499938964844,0.0,-0.0,284.0238342285156,0.8084623217582703,0.2753220200538635,0.194486454129219,297.1332092285156,297.1499938964844,293.1499938964844,0.0,-0.0,284.0240173339844,0.7675801515579224,0.2360088974237442,0.2261266708374023,297.0609130859375,297.1499938964844,293.1499938964844,0.0,-0.0,284.0243835449219,0.7174406051635742,0.1897992044687271,0.8670573830604553,284.0235290527344,284.95001220703125,295.1796569824219,288.1156311035156,295.1786804199219,297.1402587890625,284.0219116210937,1.0,0.4783092141151428,1.0,1.0,0.0,1.0,-2.5084893703460693,2.508484363555908,5.062040600023465e-06,1.938940405845642,0.9563170075416564,0.9563170075416564,0.0,108.55059814453124,114.0,30437.8515625,-0.0,1365.3057861328125,1.0,280.9561462402344,282.8157958984375,291.1685791015625,293.2012023925781,293.1499938964844,293.1499938964844,280.6499938964844,36820.1015625,36000.0,313.1499938964844,0.0,18000.0,1.0,0.0,0.0,0.0,1.0,0.8344494700431824,1.0,0.0,0.0,3.916689395904541,3.9167160987854,1.0236029766019783e-06,4.265924453735352,4.265914440155029,9.78592834144365e-06,0.0,0.0,-0.0,5333.45263671875,0.0,1857.1920166015625,1895.4371337890625,0.0,2789.9033203125,0.9656537175178528,1.0,0.0,3.0,1.0,0.0
12052200,296.7275085449219,297.1499938964844,293.1499938964844,0.0,-0.0,284.0233764648437,0.9753310680389404,0.4787702262401581,0.4331007003784179,297.25067138671875,297.1499938964844,293.1499938964844,0.0,-0.0,284.02349853515625,0.9025465846061708,0.3877845406532287,0.3687596023082733,297.09735107421875,297.1499938964844,293.1499938964844,0.0,-0.0,284.0238342285156,0.8084623217582703,0.2753220200538635,0.194486454129219,297.1332092285156,297.1499938964844,293.1499938964844,0.0,-0.0,284.0240173339844,0.7675801515579224,0.2360088974237442,0.2261266708374023,297.0609130859375,297.1499938964844,293.1499938964844,0.0,-0.0,284.0243835449219,0.7174406051635742,0.1897992044687271,0.8670573830604553,284.0235290527344,284.95001220703125,295.1796569824219,288.1156311035156,295.1786804199219,297.1402587890625,284.0219116210937,1.0,0.4783092141151428,1.0,1.0,0.0,1.0,-2.5084893703460693,2.508484363555908,5.062040600023465e-06,1.938940405845642,0.9563170075416564,0.9563170075416564,0.0,108.55059814453124,114.0,30437.8515625,-0.0,1365.3057861328125,1.0,280.9561462402344,282.8157958984375,291.1685791015625,293.2012023925781,293.1499938964844,293.1499938964844,280.6499938964844,36820.1015625,36000.0,313.1499938964844,0.0,18000.0,1.0,0.0,0.0,0.0,1.0,0.8344494700431824,1.0,0.0,0.0,3.916689395904541,3.9167160987854,1.0236029766019783e-06,4.265924453735352,4.265914440155029,9.78592834144365e-06,0.0,0.0,-0.0,5333.45263671875,0.0,1857.1920166015625,1895.4371337890625,0.0,2789.9033203125,0.9656537175178528,1.0,0.0,3.0,1.0,0.0
12052260,296.70928955078125,297.1499938964844,293.1499938964844,0.0,-0.0,283.82183837890625,0.9582754969596864,0.4715636968612671,0.4266727268695831,297.2351379394531,297.1499938964844,293.1499938964844,0.0,-0.0,283.82196044921875,0.8907756805419922,0.38748499751091,0.368723064661026,297.0848388671875,297.1499938964844,293.1499938964844,0.0,-0.0,283.8222961425781,0.7963616847991943,0.2733867764472961,0.1933106780052185,297.1216735839844,297.1499938964844,293.1499938964844,0.0,-0.0,283.8224792480469,0.7567819952964783,0.2346283793449401,0.2250565141439438,297.048828125,297.1499938964844,293.1499938964844,0.0,-0.0,283.8228454589844,0.7056096196174622,0.1874445080757141,0.8574405312538147,283.822021484375,284.95001220703125,295.2217712402344,288.12371826171875,295.22088623046875,297.12628173828125,283.8204345703125,1.0,0.4787159562110901,1.0,1.0,0.0,1.0,-2.48646879196167,2.486463785171509,4.97329074278241e-06,1.9217596054077148,0.9396095871925354,0.9396095871925354,0.0,113.10800170898438,117.0,31240.822265625,-0.0,1356.9678955078125,1.0,280.6564025878906,282.5848999023437,291.16845703125,293.2504577636719,293.1499938964844,293.1499938964844,280.3500061035156,37129.5859375,36000.0,313.1499938964844,0.0,18000.0,1.0,0.0,0.0,0.0,1.0,0.84658282995224,1.0,0.0,0.0,3.875978708267212,3.876005172729492,1.0024344874182134e-06,4.265924453735352,4.265914440155029,9.78592834144365e-06,0.0,0.0,-0.0,5407.3564453125,0.0,1808.388916015625,1895.4371337890625,0.0,2903.275390625,0.956673502922058,1.0,0.0,3.0,1.0,0.0
12052320,296.70928955078125,297.1499938964844,293.1499938964844,0.0,-0.0,283.82183837890625,0.9582754969596864,0.4715636968612671,0.4266727268695831,297.2351379394531,297.1499938964844,293.1499938964844,0.0,-0.0,283.82196044921875,0.8907756805419922,0.38748499751091,0.368723064661026,297.0848388671875,297.1499938964844,293.1499938964844,0.0,-0.0,283.8222961425781,0.7963616847991943,0.2733867764472961,0.1933106780052185,297.1216735839844,297.1499938964844,293.1499938964844,0.0,-0.0,283.8224792480469,0.7567819952964783,0.2346283793449401,0.2250565141439438,297.048828125,297.1499938964844,293.1499938964844,0.0,-0.0,283.8228454589844,0.7056096196174622,0.1874445080757141,0.8574405312538147,283.822021484375,284.95001220703125,295.2217712402344,288.12371826171875,295.22088623046875,297.12628173828125,283.8204345703125,1.0,0.4787159562110901,1.0,1.0,0.0,1.0,-2.48646879196167,2.486463785171509,4.97329074278241e-06,1.9217596054077148,0.9396095871925354,0.9396095871925354,0.0,113.10800170898438,117.0,31240.822265625,-0.0,1356.9678955078125,1.0,280.6564025878906,282.5848999023437,291.16845703125,293.2504577636719,293.1499938964844,293.1499938964844,280.3500061035156,37129.5859375,36000.0,313.1499938964844,0.0,18000.0,1.0,0.0,0.0,0.0,1.0,0.84658282995224,1.0,0.0,0.0,3.875978708267212,3.876005172729492,1.0024344874182134e-06,4.265924453735352,4.265914440155029,9.78592834144365e-06,0.0,0.0,-0.0,5407.3564453125,0.0,1808.388916015625,1895.4371337890625,0.0,2903.275390625,0.956673502922058,1.0,0.0,3.0,1.0,0.0
12052380,296.6963195800781,297.1499938964844,293.1499938964844,0.0,-0.0,283.622802734375,0.94255930185318,0.4646660983562469,0.4206600785255432,297.220458984375,297.1499938964844,293.1499938964844,0.0,-0.0,283.6229248046875,0.8812859058380127,0.3870784342288971,0.3685490787029266,297.07330322265625,297.1499938964844,293.1499938964844,0.0,-0.0,283.62322998046875,0.7862371802330017,0.2713928818702698,0.1920675933361053,297.1109619140625,297.1499938964844,293.1499938964844,0.0,-0.0,283.6233825683594,0.7480411529541016,0.2331847846508026,0.2238916009664535,297.0387878417969,297.1499938964844,293.1499938964844,0.0,-0.0,283.6237487792969,0.6951994895935059,0.1851434409618377,0.8479481339454651,283.6229553222656,284.95001220703125,295.2601623535156,288.1295166015625,295.25933837890625,297.11328125,283.6214904785156,1.0,0.4787162840366363,1.0,1.0,0.0,1.0,-2.464737892150879,2.4647328853607178,4.886519946012413e-06,1.90481698513031,0.9202703833580016,0.9202703833580016,0.0,116.97761535644533,120.0,32034.07421875,-0.0,1346.1729736328125,1.0,280.3567199707031,282.3618469238281,291.1696472167969,293.3003234863281,293.1499938964844,293.1499938964844,280.04998779296875,37491.10546875,36000.0,313.1499938964844,0.0,18000.0,1.0,0.0,0.0,0.0,1.0,0.857732355594635,1.0,0.0,0.0,3.821979284286499,3.822005271911621,9.746976274982444e-07,4.265924453735352,4.265914440155029,9.78592834144365e-06,0.0,0.0,-0.0,5481.99072265625,0.0,1744.73583984375,1895.4371337890625,0.0,3007.7392578125,0.9447615146636964,1.0,0.0,3.0,1.0,0.0
12052440,296.6963195800781,297.1499938964844,293.1499938964844,0.0,-0.0,283.622802734375,0.94255930185318,0.4646660983562469,0.4206600785255432,297.220458984375,297.1499938964844,293.1499938964844,0.0,-0.0,283.6229248046875,0.8812859058380127,0.3870784342288971,0.3685490787029266,297.07330322265625,297.1499938964844,293.1499938964844,0.0,-0.0,283.62322998046875,0.7862371802330017,0.2713928818702698,0.1920675933361053,297.1109619140625,297.1499938964844,293.1499938964844,0.0,-0.0,283.6233825683594,0.7480411529541016,0.2331847846508026,0.2238916009664535,297.0387878417969,297.1499938964844,293.1499938964844,0.0,-0.0,283.6237487792969,0.6951994895935059,0.1851434409618377,0.8479481339454651,283.6229553222656,284.95001220703125,295.2601623535156,288.1295166015625,295.25933837890625,297.11328125,283.6214904785156,1.0,0.4787162840366363,1.0,1.0,0.0,1.0,-2.464737892150879,2.4647328853607178,4.886519946012413e-06,1.90481698513031,0.9202703833580016,0.9202703833580016,0.0,116.97761535644533,120.0,32034.07421875,-0.0,1346.1729736328125,1.0,280.3567199707031,282.3618469238281,291.1696472167969,293.3003234863281,293.1499938964844,293.1499938964844,280.04998779296875,37491.10546875,36000.0,313.1499938964844,0.0,18000.0,1.0,0.0,0.0,0.0,1.0,0.857732355594635,1.0,0.0,0.0,3.821979284286499,3.822005271911621,9.746976274982444e-07,4.265924453735352,4.265914440155029,9.78592834144365e-06,0.0,0.0,-0.0,5481.99072265625,0.0,1744.73583984375,1895.4371337890625,0.0,3007.7392578125,0.9447615146636964,1.0,0.0,3.0,1.0,0.0
12052500,296.6910400390625,297.1499938964844,293.1499938964844,0.0,-0.0,283.4766845703125,0.935216784477234,0.4612795114517212,0.4177549481391907,297.21368408203125,297.1499938964844,293.1499938964844,0.0,-0.0,283.4775390625,0.8771899938583374,0.3868614435195923,0.3684598803520202,297.068115234375,297.1499938964844,293.1499938964844,0.0,-0.0,283.4798583984375,0.7817671895027161,0.2703985273838043,0.1914520859718322,297.1060791015625,297.1499938964844,293.1499938964844,0.0,-0.0,283.4811706542969,0.7442401647567749,0.2324592769145965,0.2233068197965622,297.03448486328125,297.1499938964844,293.1499938964844,0.0,-0.0,283.48370361328125,0.6905286908149719,0.1840188205242157,0.8433210849761963,283.4779052734375,284.95001220703125,295.2778625488281,288.1315002441406,295.277099609375,297.107421875,283.466796875,1.0,0.4786308705806732,1.0,1.0,0.0,1.0,-2.454138994216919,2.454134225845337,4.844479917665012e-06,1.8965516090393064,0.9090670347213744,0.9090670347213744,0.0,118.72232055664062,120.0,32832.859375,-0.0,1340.3529052734375,1.0,280.0971984863281,282.18505859375,291.1979675292969,293.4246826171875,293.1499938964844,293.1499938964844,280.04998779296875,37706.95703125,36000.0,313.1499938964844,0.0,18000.0,1.0,0.0,0.0,0.0,1.0,0.8656691312789917,1.0,0.0,0.0,3.78946590423584,3.789491653442383,9.581848416928551e-07,4.265924453735352,4.265914440155029,9.78592834144365e-06,0.0,0.0,-0.0,5296.49072265625,0.0,1707.1971435546875,1895.4371337890625,0.0,3082.182861328125,0.9375681281089784,1.0,0.0,3.0,1.0,0.0
12052560,296.6858215332031,297.1499938964844,293.1499938964844,0.0,-0.0,283.4281616210937,0.9278035759925842,0.457856148481369,0.4147359132766723,297.2068176269531,297.1499938964844,293.1499938964844,0.0,-0.0,283.4282531738281,0.8731289505958557,0.3865881860256195,0.3682766258716583,297.0628662109375,297.1499938964844,293.1499938964844,0.0,-0.0,283.42852783203125,0.7773300409317017,0.2693643271923065,0.1907852590084076,297.1011962890625,297.1499938964844,293.1499938964844,0.0,-0.0,283.4286804199219,0.7404928803443909,0.2316989600658416,0.222667321562767,297.0303039550781,297.1499938964844,293.1499938964844,0.0,-0.0,283.4289855957031,0.6858963370323181,0.1828765720129013,0.838555097579956,283.42828369140625,284.95001220703125,295.2945251464844,288.13287353515625,295.2937927246094,297.1012878417969,283.42706298828125,1.0,0.4784847199916839,1.0,1.0,0.0,1.0,-2.4429965019226074,2.4429917335510254,4.8005044845922384e-06,1.887872338294983,0.8983727097511292,0.8983727097511292,0.0,120.46949768066406,123.0,32761.8359375,-0.0,1333.906005859375,1.0,280.0570373535156,282.1454162597656,291.1696472167969,293.3460693359375,293.1499938964844,293.1499938964844,279.75,37916.60546875,36000.0,313.1499938964844,0.0,18000.0,1.0,0.0,0.0,0.0,1.0,0.8681586384773254,1.0,0.0,0.0,3.7522284984588623,3.752253770828247,9.394460676048766e-07,4.265924453735352,4.265914440155029,9.78592834144365e-06,0.0,0.0,-0.0,5552.38818359375,0.0,1664.646728515625,1895.4371337890625,0.0,3105.537353515625,0.9293996095657348,1.0,0.0,3.0,1.0,0.0
12052620,296.67730712890625,297.1499938964844,293.1499938964844,0.0,-0.0,283.240478515625,0.9141977429389954,0.4511143267154693,0.4088610708713531,297.1942138671875,297.1499938964844,293.1499938964844,0.0,-0.0,283.24053955078125,0.8658635020256042,0.3860323429107666,0.3679279685020447,297.05352783203125,297.1499938964844,293.1499938964844,0.0,-0.0,283.24078369140625,0.7692747712135315,0.2673151195049286,0.189479723572731,297.0923767089844,297.1499938964844,293.1499938964844,0.0,-0.0,283.24090576171875,0.7337110638618469,0.230186715722084,0.2214045822620391,297.023193359375,297.1499938964844,293.1499938964844,0.0,-0.0,283.2411804199219,0.6773830652236938,0.1806390583515167,0.8292469382286072,283.2406005859375,284.95001220703125,295.3245849609375,288.1337280273437,295.3239440917969,297.0902709960937,283.2396240234375,1.0,0.4781267642974853,1.0,1.0,0.0,1.0,-2.421251058578491,2.421246290206909,4.715267095889431e-06,1.870927691459656,0.8740255832672119,0.8740255832672119,0.0,123.73675537109376,126.0,33413.3046875,0.0,1320.845458984375,1.0,279.7577514648437,281.93853759765625,291.1665954589844,293.384765625,293.1499938964844,293.1499938964844,280.04998779296875,38414.1484375,36000.0,313.1499938964844,0.0,18000.0,1.0,0.0,0.0,0.0,1.0,0.8777443170547485,1.0,0.0,0.0,3.663850069046021,3.663874626159668,8.957126169661933e-07,4.265924453735352,4.265914440155029,9.78592834144365e-06,0.0,0.0,-0.0,4996.14404296875,0.0,1566.7637939453125,1895.4371337890625,0.0,3195.437744140625,0.9099944233894348,1.0,0.0,3.0,1.0,0.0
12052680,296.67730712890625,297.1499938964844,293.1499938964844,0.0,-0.0,283.240478515625,0.9141977429389954,0.4511143267154693,0.4088610708713531,297.1942138671875,297.1499938964844,293.1499938964844,0.0,-0.0,283.24053955078125,0.8658635020256042,0.3860323429107666,0.3679279685020447,297.05352783203125,297.1499938964844,293.1499938964844,0.0,-0.0,283.24078369140625,0.7692747712135315,0.2673151195049286,0.189479723572731,297.0923767089844,297.1499938964844,293.1499938964844,0.0,-0.0,283.24090576171875,0.7337110638618469,0.230186715722084,0.2214045822620391,297.023193359375,297.1499938964844,293.1499938964844,0.0,-0.0,283.2411804199219,0.6773830652236938,0.1806390583515167,0.8292469382286072,283.2406005859375,284.95001220703125,295.3245849609375,288.1337280273437,295.3239440917969,297.0902709960937,283.2396240234375,1.0,0.4781267642974853,1.0,1.0,0.0,1.0,-2.421251058578491,2.421246290206909,4.715267095889431e-06,1.870927691459656,0.8740255832672119,0.8740255832672119,0.0,123.73675537109376,126.0,33413.3046875,0.0,1320.845458984375,1.0,279.7577514648437,281.93853759765625,291.1665954589844,293.384765625,293.1499938964844,293.1499938964844,280.04998779296875,38414.1484375,36000.0,313.1499938964844,0.0,18000.0,1.0,0.0,0.0,0.0,1.0,0.8777443170547485,1.0,0.0,0.0,3.663850069046021,3.663874626159668,8.957126169661933e-07,4.265924453735352,4.265914440155029,9.78592834144365e-06,0.0,0.0,-0.0,4996.14404296875,0.0,1566.7637939453125,1895.4371337890625,0.0,3195.437744140625,0.9099944233894348,1.0,0.0,3.0,1.0,0.0
12052740,296.6923217773437,297.1499938964844,293.1499938964844,0.0,-0.0,283.44757080078125,0.9048356413841248,0.4466190636157989,0.40430948138237,297.1968078613281,297.1499938964844,293.1499938964844,0.0,-0.0,283.4473571777344,0.8613665699958801,0.3868324756622314,0.3683475852012634,297.0572204589844,297.1499938964844,293.1499938964844,0.0,-0.0,283.4466857910156,0.7638702988624573,0.2664472460746765,0.1886688321828842,297.0935974121094,297.1499938964844,293.1499938964844,0.0,-0.0,283.4463195800781,0.7291297912597656,0.2295680046081543,0.2206331491470337,297.025146484375,297.1499938964844,293.1499938964844,0.0,-0.0,283.445556640625,0.6713149547576904,0.1792174577713012,0.8220956921577454,283.4472351074219,284.95001220703125,295.3500061035156,288.13189697265625,295.3494567871094,297.0924987792969,283.4506530761719,1.0,0.4779897928237915,1.0,1.0,0.0,1.0,-2.405783176422119,2.405778646469116,4.654834356188076e-06,1.8587223291397093,0.8555673956871033,0.8555673956871033,0.0,126.13853454589844,129.0,32109.48046875,0.0,1311.9722900390625,1.0,280.0419006347656,282.18603515625,291.051513671875,293.1225280761719,293.1499938964844,293.1499938964844,280.3500061035156,38483.0703125,36000.0,313.1499938964844,0.0,18000.0,1.0,0.0,0.0,0.0,1.0,0.8569200038909912,1.0,0.0,0.0,3.5700929164886475,3.5701165199279785,8.504569564138365e-07,4.265924453735352,4.265914440155029,9.78592834144365e-06,0.0,0.0,-0.0,4858.6767578125,0.0,1464.2437744140625,1895.4371337890625,0.0,3000.122314453125,0.8892377018928528,1.0,0.0,3.0,1.0,0.0
12052800,296.6923217773437,297.1499938964844,293.1499938964844,0.0,-0.0,283.44757080078125,0.9048356413841248,0.4466190636157989,0.40430948138237,297.1968078613281,297.1499938964844,293.1499938964844,0.0,-0.0,283.4473571777344,0.8613665699958801,0.3868324756622314,0.3683475852012634,297.0572204589844,297.1499938964844,293.1499938964844,0.0,-0.0,283.4466857910156,0.7638702988624573,0.2664472460746765,0.1886688321828842,297.0935974121094,297.1499938964844,293.1499938964844,0.0,-0.0,283.4463195800781,0.7291297912597656,0.2295680046081543,0.2206331491470337,297.025146484375,297.1499938964844,293.1499938964844,0.0,-0.0,283.445556640625,0.6713149547576904,0.1792174577713012,0.8220956921577454,283.4472351074219,284.95001220703125,295.3500061035156,288.13189697265625,295.3494567871094,297.0924987792969,283.4506530761719,1.0,0.4779897928237915,1.0,1.0,0.0,1.0,-2.405783176422119,2.405778646469116,4.654834356188076e-06,1.8587223291397093,0.8555673956871033,0.8555673956871033,0.0,126.13853454589844,129.0,32109.48046875,0.0,1311.9722900390625,1.0,280.0419006347656,282.18603515625,291.051513671875,293.1225280761719,293.1499938964844,293.1499938964844,280.3500061035156,38483.0703125,36000.0,313.1499938964844,0.0,18000.0,1.0,0.0,0.0,0.0,1.0,0.8569200038909912,1.0,0.0,0.0,3.5700929164886475,3.5701165199279785,8.504569564138365e-07,4.265924453735352,4.265914440155029,9.78592834144365e-06,0.0,0.0,-0.0,4858.6767578125,0.0,1464.2437744140625,1895.4371337890625,0.0,3000.122314453125,0.8892377018928528,1.0,0.0,3.0,1.0,0.0
12052860,296.702392578125,297.1499938964844,293.1499938964844,0.0,-0.0,283.6709899902344,0.8951316475868225,0.4418143928050995,0.4002439975738525,297.1911315917969,297.1499938964844,293.1499938964844,0.0,-0.0,283.6708374023437,0.8556331396102905,0.386822909116745,0.3686601221561432,297.0513916015625,297.1499938964844,293.1499938964844,0.0,-0.0,283.670166015625,0.7572338581085205,0.2646560668945312,0.1876700669527053,297.0824584960937,297.1499938964844,293.1499938964844,0.0,-0.0,283.6698303222656,0.722987949848175,0.2276993691921234,0.2192803174257278,297.01385498046875,297.1499938964844,293.1499938964844,0.0,-0.0,283.6690979003906,0.6634557843208313,0.1764688640832901,0.8118175268173218,283.6706848144531,284.95001220703125,295.3728942871094,288.1287841796875,295.37237548828125,297.0863342285156,283.6737976074219,1.0,0.4778527915477752,1.0,1.0,0.0,1.0,-2.3861091136932373,2.3861045837402344,4.579091182677075e-06,1.8434892892837524,0.8402829170227051,0.8402829170227051,0.0,129.3141632080078,132.0,30753.384765625,0.0,1301.2681884765625,1.0,280.34063720703125,282.4471740722656,291.0224304199219,292.99029541015625,293.1499938964844,293.1499938964844,280.6499938964844,38371.6171875,36000.0,313.1499938964844,0.0,18000.0,1.0,0.0,0.0,0.0,1.0,0.831803023815155,1.0,0.0,0.0,3.480232000350952,3.480254650115967,8.081829037109856e-07,4.265924453735352,4.265914440155029,9.78592834144365e-06,0.0,0.0,-0.0,4759.650390625,0.0,1369.2877197265625,1895.4371337890625,0.0,2765.236328125,0.8692625164985657,1.0,0.0,3.0,1.0,0.0
12052920,296.702392578125,297.1499938964844,293.1499938964844,0.0,-0.0,283.6709899902344,0.8951316475868225,0.4418143928050995,0.4002439975738525,297.1911315917969,297.1499938964844,293.1499938964844,0.0,-0.0,283.6708374023437,0.8556331396102905,0.386822909116745,0.3686601221561432,297.0513916015625,297.1499938964844,293.1499938964844,0.0,-0.0,283.670166015625,0.7572338581085205,0.2646560668945312,0.1876700669527053,297.0824584960937,297.1499938964844,293.1499938964844,0.0,-0.0,283.6698303222656,0.722987949848175,0.2276993691921234,0.2192803174257278,297.01385498046875,297.1499938964844,293.1499938964844,0.0,-0.0,283.6690979003906,0.6634557843208313,0.1764688640832901,0.8118175268173218,283.6706848144531,284.95001220703125,295.3728942871094,288.1287841796875,295.37237548828125,297.0863342285156,283.6737976074219,1.0,0.4778527915477752,1.0,1.0,0.0,1.0,-2.3861091136932373,2.3861045837402344,4.579091182677075e-06,1.8434892892837524,0.8402829170227051,0.8402829170227051,0.0,129.3141632080078,132.0,30753.384765625,0.0,1301.2681884765625,1.0,280.34063720703125,282.4471740722656,291.0224304199219,292.99029541015625,293.1499938964844,293.1499938964844,280.6499938964844,38371.6171875,36000.0,313.1499938964844,0.0,18000.0,1.0,0.0,0.0,0.0,1.0,0.831803023815155,1.0,0.0,0.0,3.480232000350952,3.480254650115967,8.081829037109856e-07,4.265924453735352,4.265914440155029,9.78592834144365e-06,0.0,0.0,-0.0,4759.650390625,0.0,1369.2877197265625,1895.4371337890625,0.0,2765.236328125,0.8692625164985657,1.0,0.0,3.0,1.0,0.0
12052980,296.7279052734375,297.1499938964844,293.1499938964844,0.0,-0.0,283.8941955566406,0.8887595534324646,0.4387202858924866,0.3972772359848022,297.2017822265625,297.1499938964844,293.1499938964844,0.0,-0.0,283.8940124511719,0.8528807163238525,0.3884114325046539,0.3699425160884857,297.0619201660156,297.1499938964844,293.1499938964844,0.0,-0.0,283.89324951171875,0.7535682320594788,0.2644630074501037,0.1873793005943298,297.0869445800781,297.1499938964844,293.1499938964844,0.0,-0.0,283.8928527832031,0.7193543314933777,0.2272871881723404,0.2186955660581588,297.0184020996094,297.1499938964844,293.1499938964844,0.0,-0.0,283.8919982910156,0.6585328578948975,0.1751909106969833,0.8051028847694397,283.8938293457031,284.95001220703125,295.39556884765625,288.1259155273437,295.39501953125,297.0960693359375,283.8974304199219,1.0,0.478075623512268,1.0,1.0,0.0,1.0,-2.3749570846557617,2.374952554702759,4.536086635198444e-06,1.8346600532531736,0.8279392123222351,0.8279392123222351,0.0,131.4384002685547,135.0,29589.345703125,0.0,1296.56640625,1.0,280.6397705078125,282.7147216796875,291.0262756347656,292.91290283203125,293.1499938964844,293.1499938964844,280.95001220703125,38146.69140625,36000.0,313.1499938964844,0.0,18000.0,1.0,0.0,0.0,0.0,1.0,0.8086194396018982,1.0,0.0,0.0,3.398275852203369,3.3982980251312256,7.705672828706156e-07,4.265924453735352,4.265914440155029,9.78592834144365e-06,0.0,0.0,-0.0,4681.55029296875,0.0,1285.685791015625,1895.4371337890625,0.0,2550.485595703125,0.8510075807571411,1.0,0.0,3.0,1.0,0.0
12053040,296.7279052734375,297.1499938964844,293.1499938964844,0.0,-0.0,283.8941955566406,0.8887595534324646,0.4387202858924866,0.3972772359848022,297.2017822265625,297.1499938964844,293.1499938964844,0.0,-0.0,283.8940124511719,0.8528807163238525,0.3884114325046539,0.3699425160884857,297.0619201660156,297.1499938964844,293.1499938964844,0.0,-0.0,283.89324951171875,0.7535682320594788,0.2644630074501037,0.1873793005943298,297.0869445800781,297.1499938964844,293.1499938964844,0.0,-0.0,283.8928527832031,0.7193543314933777,0.2272871881723404,0.2186955660581588,297.0184020996094,297.1499938964844,293.1499938964844,0.0,-0.0,283.8919982910156,0.6585328578948975,0.1751909106969833,0.8051028847694397,283.8938293457031,284.95001220703125,295.39556884765625,288.1259155273437,295.39501953125,297.0960693359375,283.8974304199219,1.0,0.478075623512268,1.0,1.0,0.0,1.0,-2.3749570846557617,2.374952554702759,4.536086635198444e-06,1.8346600532531736,0.8279392123222351,0.8279392123222351,0.0,131.4384002685547,135.0,29589.345703125,0.0,1296.56640625,1.0,280.6397705078125,282.7147216796875,291.0262756347656,292.91290283203125,293.1499938964844,293.1499938964844,280.95001220703125,38146.69140625,36000.0,313.1499938964844,0.0,18000.0,1.0,0.0,0.0,0.0,1.0,0.8086194396018982,1.0,0.0,0.0,3.398275852203369,3.3982980251312256,7.705672828706156e-07,4.265924453735352,4.265914440155029,9.78592834144365e-06,0.0,0.0,-0.0,4681.55029296875,0.0,1285.685791015625,1895.4371337890625,0.0,2550.485595703125,0.8510075807571411,1.0,0.0,3.0,1.0,0.0
12053100,296.7425537109375,297.1499938964844,293.1499938964844,0.0,-0.0,284.0462951660156,0.8863940238952637,0.437482088804245,0.3960904777050018,297.20977783203125,297.1499938964844,293.1499938964844,0.0,-0.0,284.0456237792969,0.8522833585739136,0.3895230293273926,0.3709162771701813,297.0698547363281,297.1499938964844,293.1499938964844,0.0,-0.0,284.0427551269531,0.752537727355957,0.2646821141242981,0.1874832212924957,297.0921630859375,297.1499938964844,293.1499938964844,0.0,-0.0,284.0412292480469,0.7183033227920532,0.2273979932069778,0.2187367677688598,297.0238952636719,297.1499938964844,293.1499938964844,0.0,-0.0,284.0379638671875,0.6570013761520386,0.1748956441879272,0.8034540414810181,284.0449523925781,284.95001220703125,295.40679931640625,288.12457275390625,295.40625,297.10369873046875,284.0584411621094,1.0,0.4784533083438873,1.0,1.0,0.0,1.0,-2.372891664505005,2.372887134552002,4.528100816969527e-06,1.833000659942627,0.8233509063720703,0.8233509063720703,0.0,132.27679443359375,135.0,28723.5234375,0.0,1297.49755859375,1.0,280.8908996582031,282.9092712402344,291.0061950683594,292.7933959960937,293.1499938964844,293.1499938964844,280.95001220703125,37987.35546875,36000.0,313.1499938964844,0.0,18000.0,1.0,0.0,0.0,0.0,1.0,0.7959290742874146,1.0,0.0,0.0,3.361100912094116,3.3611226081848145,7.538005206697562e-07,4.265924453735352,4.265914440155029,9.78592834144365e-06,0.0,0.0,-0.0,4802.4501953125,0.0,1248.5728759765625,1895.4371337890625,0.0,2434.265625,0.8427451848983765,1.0,0.0,3.0,1.0,0.0
12053160,296.75848388671875,297.1499938964844,293.1499938964844,0.0,-0.0,284.1190490722656,0.8845045566558838,0.4364660680294037,0.3951660096645355,297.21923828125,297.1499938964844,293.1499938964844,0.0,-0.0,284.1188659667969,0.8520967960357666,0.3908295035362243,0.3721153140068054,297.0791320800781,297.1499938964844,293.1499938964844,0.0,-0.0,284.1181030273437,0.7519243359565735,0.2650844156742096,0.1877408921718597,297.09881591796875,297.1499938964844,293.1499938964844,0.0,-0.0,284.1177062988281,0.7176569104194641,0.2276865094900131,0.2189740985631942,297.03094482421875,297.1499938964844,293.1499938964844,0.0,-0.0,284.1167907714844,0.655942440032959,0.1747900247573852,0.8027673363685608,284.11871337890625,284.95001220703125,295.41796875,288.1232604980469,295.4174499511719,297.11297607421875,284.1224365234375,1.0,0.4790278077125549,1.0,1.0,0.0,1.0,-2.37298846244812,2.372983932495117,4.528375029622112e-06,1.833024024963379,0.8185980916023254,0.8185980916023254,0.0,133.02210998535156,138.0,28573.294921875,0.0,1300.6278076171875,1.0,280.93902587890625,282.9847717285156,291.0398254394531,292.8615417480469,293.1499938964844,293.1499938964844,281.25,37831.51953125,36000.0,313.1499938964844,0.0,18000.0,1.0,0.0,0.0,0.0,1.0,0.7889970541000366,1.0,0.0,0.0,3.3279025554656982,3.3279237747192383,7.389830898318905e-07,4.265924453735352,4.265914440155029,9.78592834144365e-06,0.0,0.0,-0.0,4616.31005859375,0.0,1215.970458984375,1895.4371337890625,0.0,2371.283203125,0.8352721333503723,1.0,0.0,3.0,1.0,0.0
12053220,296.7904357910156,297.1499938964844,293.1499938964844,0.0,-0.0,284.3415832519531,0.8809218406677246,0.4347428381443023,0.393576443195343,297.2392578125,297.1499938964844,293.1499938964844,0.0,-0.0,284.3414306640625,0.8519122004508972,0.3937331438064575,0.3748029172420501,297.0987243652344,297.1499938964844,293.1499938964844,0.0,-0.0,284.3406677246094,0.7509588003158569,0.2661694884300232,0.1884689182043075,297.11383056640625,297.1499938964844,293.1499938964844,0.0,-0.0,284.3402404785156,0.7166675925254822,0.2285568714141845,0.2197572290897369,297.04705810546875,297.1499938964844,293.1499938964844,0.0,-0.0,284.33935546875,0.6542888283729553,0.1749111413955688,0.8030784130096436,284.3412475585937,284.95001220703125,295.44012451171875,288.120849609375,295.4396057128906,297.1326599121094,284.3449401855469,1.0,0.4806630611419678,1.0,1.0,0.0,1.0,-2.376492977142334,2.376488447189331,4.541631369647803e-06,1.8356775045394893,0.8122034072875977,0.8122034072875977,0.0,134.64752197265625,141.0,27631.72265625,0.0,1311.3974609375,1.0,281.2381591796875,283.2504577636719,291.05108642578125,292.81573486328125,293.1499938964844,293.1499938964844,281.54998779296875,37457.41796875,36000.0,313.1499938964844,0.0,18000.0,1.0,0.0,0.0,0.0,1.0,0.7722298502922058,1.0,0.0,0.0,3.2715606689453125,3.2715814113616943,7.141727564885514e-07,4.265924453735352,4.265914440155029,9.78592834144365e-06,0.0,0.0,-0.0,4555.998046875,0.0,1161.259521484375,1895.4371337890625,0.0,2220.6650390625,0.8225899934768677,1.0,0.0,3.0,1.0,0.0
12053280,296.7904357910156,297.1499938964844,293.1499938964844,0.0,-0.0,284.3415832519531,0.8809218406677246,0.4347428381443023,0.393576443195343,297.2392578125,297.1499938964844,293.1499938964844,0.0,-0.0,284.3414306640625,0.8519122004508972,0.3937331438064575,0.3748029172420501,297.0987243652344,297.1499938964844,293.1499938964844,0.0,-0.0,284.3406677246094,0.7509588003158569,0.2661694884300232,0.1884689182043075,297.11383056640625,297.1499938964844,293.1499938964844,0.0,-0.0,284.3402404785156,0.7166675925254822,0.2285568714141845,0.2197572290897369,297.04705810546875,297.1499938964844,293.1499938964844,0.0,-0.0,284.33935546875,0.6542888283729553,0.1749111413955688,0.8030784130096436,284.3412475585937,284.95001220703125,295.44012451171875,288.120849609375,295.4396057128906,297.1326599121094,284.3449401855469,1.0,0.4806630611419678,1.0,1.0,0.0,1.0,-2.376492977142334,2.376488447189331,4.541631369647803e-06,1.8356775045394893,0.8122034072875977,0.8122034072875977,0.0,134.64752197265625,141.0,27631.72265625,0.0,1311.3974609375,1.0,281.2381591796875,283.2504577636719,291.05108642578125,292.81573486328125,293.1499938964844,293.1499938964844,281.54998779296875,37457.41796875,36000.0,313.1499938964844,0.0,18000.0,1.0,0.0,0.0,0.0,1.0,0.7722298502922058,1.0,0.0,0.0,3.2715606689453125,3.2715814113616943,7.141727564885514e-07,4.265924453735352,4.265914440155029,9.78592834144365e-06,0.0,0.0,-0.0,4555.998046875,0.0,1161.259521484375,1895.4371337890625,0.0,2220.6650390625,0.8225899934768677,1.0,0.0,3.0,1.0,0.0
12053340,296.8224182128906,297.1499938964844,293.1499938964844,0.0,-0.0,284.5636291503906,0.877546489238739,0.4334265291690826,0.3923707008361816,297.2601013183594,297.1499938964844,293.1499938964844,0.0,-0.0,284.5634765625,0.851865828037262,0.3969722688198089,0.3778343498706817,297.1189880371094,297.1499938964844,293.1499938964844,0.0,-0.0,284.56268310546875,0.7502136826515198,0.2675711810588836,0.1894381791353225,297.1300048828125,297.1499938964844,293.1499938964844,0.0,-0.0,284.562255859375,0.7159258127212524,0.2297338247299194,0.2208629846572876,297.0644836425781,297.1499938964844,293.1499938964844,0.0,-0.0,284.56134033203125,0.6530308127403259,0.1753697842359542,0.8050839900970459,284.5632629394531,284.95001220703125,295.4620666503906,288.11865234375,295.4615478515625,297.1532592773437,284.5669860839844,1.0,0.4828687906265259,1.0,1.0,0.0,1.0,-2.383585929870605,2.3835811614990234,4.5687042984354775e-06,1.8411457538604736,0.8087508678436279,0.8087508678436279,0.0,136.48245239257812,144.0,26815.7734375,0.0,1327.373779296875,1.0,281.5375366210937,283.5145568847656,291.0578918457031,292.77154541015625,293.1499938964844,293.1499938964844,281.8500061035156,37045.3046875,36000.0,313.1499938964844,0.0,18000.0,1.0,0.0,0.0,0.0,1.0,0.7572236061096191,1.0,0.0,0.0,3.230783700942993,3.230803966522217,6.964806402720569e-07,4.265924453735352,4.265914440155029,9.78592834144365e-06,0.0,0.0,-0.0,4502.130859375,0.0,1121.7923583984375,1895.4371337890625,0.0,2088.264892578125,0.8132932186126709,1.0,0.0,3.0,1.0,0.0
12053400,296.8224182128906,297.1499938964844,293.1499938964844,0.0,-0.0,284.5636291503906,0.877546489238739,0.4334265291690826,0.3923707008361816,297.2601013183594,297.1499938964844,293.1499938964844,0.0,-0.0,284.5634765625,0.851865828037262,0.3969722688198089,0.3778343498706817,297.1189880371094,297.1499938964844,293.1499938964844,0.0,-0.0,284.56268310546875,0.7502136826515198,0.2675711810588836,0.1894381791353225,297.1300048828125,297.1499938964844,293.1499938964844,0.0,-0.0,284.562255859375,0.7159258127212524,0.2297338247299194,0.2208629846572876,297.0644836425781,297.1499938964844,293.1499938964844,0.0,-0.0,284.56134033203125,0.6530308127403259,0.1753697842359542,0.8050839900970459,284.5632629394531,284.95001220703125,295.4620666503906,288.11865234375,295.4615478515625,297.1532592773437,284.5669860839844,1.0,0.4828687906265259,1.0,1.0,0.0,1.0,-2.383585929870605,2.3835811614990234,4.5687042984354775e-06,1.8411457538604736,0.8087508678436279,0.8087508678436279,0.0,136.48245239257812,144.0,26815.7734375,0.0,1327.373779296875,1.0,281.5375366210937,283.5145568847656,291.0578918457031,292.77154541015625,293.1499938964844,293.1499938964844,281.8500061035156,37045.3046875,36000.0,313.1499938964844,0.0,18000.0,1.0,0.0,0.0,0.0,1.0,0.7572236061096191,1.0,0.0,0.0,3.230783700942993,3.230803966522217,6.964806402720569e-07,4.265924453735352,4.265914440155029,9.78592834144365e-06,0.0,0.0,-0.0,4502.130859375,0.0,1121.7923583984375,1895.4371337890625,0.0,2088.264892578125,0.8132932186126709,1.0,0.0,3.0,1.0,0.0
12053460,296.854248046875,297.1499938964844,293.1499938964844,0.0,-0.0,284.7865600585937,0.8743441700935364,0.4325001239776611,0.3915221989154815,297.2812194824219,297.1499938964844,293.1499938964844,0.0,-0.0,284.78643798828125,0.8518992066383362,0.4005067646503448,0.381155788898468,297.1394348144531,297.1499938964844,293.1499938964844,0.0,-0.0,284.7856750488281,0.7496212720870972,0.2692507803440094,0.1906094998121261,297.14654541015625,297.1499938964844,293.1499938964844,0.0,-0.0,284.7853088378906,0.7153393626213074,0.2311557829380035,0.2222161293029785,297.0822448730469,297.1499938964844,293.1499938964844,0.0,-0.0,284.7843933105469,0.6520277857780457,0.176086813211441,0.8083407878875732,284.7862548828125,284.95001220703125,295.4837646484375,288.1166687011719,295.4832763671875,297.1741027832031,284.789794921875,1.0,0.4855435490608215,1.0,1.0,0.0,1.0,-2.393499851226806,2.3934950828552246,4.606758466252359e-06,1.8488285541534424,0.8082925081253052,0.8082925081253052,0.0,138.5172882080078,147.0,26130.54296875,0.0,1347.6865234375,1.0,281.8371276855469,283.778564453125,291.0652160644531,292.7365417480469,293.1499938964844,293.1499938964844,282.1499938964844,36607.6328125,36000.0,313.1499938964844,0.0,18000.0,1.0,0.0,0.0,0.0,1.0,0.7440275549888611,1.0,0.0,0.0,3.206705093383789,3.2067251205444336,6.861377528366575e-07,4.265924453735352,4.265914440155029,9.78592834144365e-06,0.0,0.0,-0.0,4456.51171875,0.0,1097.63623046875,1895.4371337890625,0.0,1974.0079345703125,0.8076270222663879,1.0,0.0,3.0,1.0,0.0
12053520,296.854248046875,297.1499938964844,293.1499938964844,0.0,-0.0,284.7865600585937,0.8743441700935364,0.4325001239776611,0.3915221989154815,297.2812194824219,297.1499938964844,293.1499938964844,0.0,-0.0,284.78643798828125,0.8518992066383362,0.4005067646503448,0.381155788898468,297.1394348144531,297.1499938964844,293.1499938964844,0.0,-0.0,284.7856750488281,0.7496212720870972,0.2692507803440094,0.1906094998121261,297.14654541015625,297.1499938964844,293.1499938964844,0.0,-0.0,284.7853088378906,0.7153393626213074,0.2311557829380035,0.2222161293029785,297.0822448730469,297.1499938964844,293.1499938964844,0.0,-0.0,284.7843933105469,0.6520277857780457,0.176086813211441,0.8083407878875732,284.7862548828125,284.95001220703125,295.4837646484375,288.1166687011719,295.4832763671875,297.1741027832031,284.789794921875,1.0,0.4855435490608215,1.0,1.0,0.0,1.0,-2.393499851226806,2.3934950828552246,4.606758466252359e-06,1.8488285541534424,0.8082925081253052,0.8082925081253052,0.0,138.5172882080078,147.0,26130.54296875,0.0,1347.6865234375,1.0,281.8371276855469,283.778564453125,291.0652160644531,292.7365417480469,293.1499938964844,293.1499938964844,282.1499938964844,36607.6328125,36000.0,313.1499938964844,0.0,18000.0,1.0,0.0,0.0,0.0,1.0,0.7440275549888611,1.0,0.0,0.0,3.206705093383789,3.2067251205444336,6.861377528366575e-07,4.265924453735352,4.265914440155029,9.78592834144365e-06,0.0,0.0,-0.0,4456.51171875,0.0,1097.63623046875,1895.4371337890625,0.0,1974.0079345703125,0.8076270222663879,1.0,0.0,3.0,1.0,0.0
12053580,296.8853454589844,297.1499938964844,293.1499938964844,0.0,-0.0,285.0083312988281,0.8712950944900513,0.4319034218788147,0.39098060131073,297.3021240234375,297.1499938964844,293.1499938964844,0.0,-0.0,285.0082092285156,0.8519904613494873,0.4042863249778747,0.3847200274467468,297.1596984863281,297.1499938964844,293.1499938964844,0.0,-0.0,285.00732421875,0.7491543292999268,0.2711670696735382,0.1919537931680679,297.1629333496094,297.1499938964844,293.1499938964844,0.0,-0.0,285.0068664550781,0.7148677706718445,0.2327733188867569,0.2237670123577118,297.09979248046875,297.1499938964844,293.1499938964844,0.0,-0.0,285.005859375,0.6512117385864258,0.1770054996013641,0.8125731945037842,285.0079650878906,284.95001220703125,295.5052490234375,288.11492919921875,295.5047607421875,297.1947021484375,285.0115051269531,1.0,0.4886022806167602,1.0,1.0,0.0,1.0,-2.4056918621063232,2.4056873321533203,4.653837095247582e-06,1.8583059310913088,0.8107607960700989,0.8107607960700989,0.0,140.72813415527344,150.0,25511.6953125,0.0,1371.67724609375,1.0,282.1368713378906,284.03668212890625,291.0707397460937,292.7039489746094,293.1499938964844,293.1499938964844,282.45001220703125,36165.0703125,36000.0,313.1499938964844,0.0,18000.0,1.0,0.0,0.0,0.0,1.0,0.7323145866394043,1.0,0.0,0.0,3.199459314346313,3.199479103088379,6.830405254731886e-07,4.265924453735352,4.265914440155029,9.78592834144365e-06,0.0,0.0,-0.0,4413.89892578125,0.0,1088.3936767578125,1895.4371337890625,0.0,1874.5030517578125,0.8056394457817078,1.0,0.0,3.0,1.0,0.0
12053640,296.8853454589844,297.1499938964844,293.1499938964844,0.0,-0.0,285.0083312988281,0.8712950944900513,0.4319034218788147,0.39098060131073,297.3021240234375,297.1499938964844,293.1499938964844,0.0,-0.0,285.0082092285156,0.8519904613494873,0.4042863249778747,0.3847200274467468,297.1596984863281,297.1499938964844,293.1499938964844,0.0,-0.0,285.00732421875,0.7491543292999268,0.2711670696735382,0.1919537931680679,297.1629333496094,297.1499938964844,293.1499938964844,0.0,-0.0,285.0068664550781,0.7148677706718445,0.2327733188867569,0.2237670123577118,297.09979248046875,297.1499938964844,293.1499938964844,0.0,-0.0,285.005859375,0.6512117385864258,0.1770054996013641,0.8125731945037842,285.0079650878906,284.95001220703125,295.5052490234375,288.11492919921875,295.5047607421875,297.1947021484375,285.0115051269531,1.0,0.4886022806167602,1.0,1.0,0.0,1.0,-2.4056918621063232,2.4056873321533203,4.653837095247582e-06,1.8583059310913088,0.8107607960700989,0.8107607960700989,0.0,140.72813415527344,150.0,25511.6953125,0.0,1371.67724609375,1.0,282.1368713378906,284.03668212890625,291.0707397460937,292.7039489746094,293.1499938964844,293.1499938964844,282.45001220703125,36165.0703125,36000.0,313.1499938964844,0.0,18000.0,1.0,0.0,0.0,0.0,1.0,0.7323145866394043,1.0,0.0,0.0,3.199459314346313,3.199479103088379,6.830405254731886e-07,4.265924453735352,4.265914440155029,9.78592834144365e-06,0.0,0.0,-0.0,4413.89892578125,0.0,1088.3936767578125,1895.4371337890625,0.0,1874.5030517578125,0.8056394457817078,1.0,0.0,3.0,1.0,0.0
12053700,296.9009704589844,297.1499938964844,293.1499938964844,0.0,-0.0,285.1763610839844,0.8697921633720398,0.4317567646503448,0.3907912075519562,297.31268310546875,297.1499938964844,293.1499938964844,0.0,-0.0,285.17596435546875,0.8520292043685913,0.4062825739383697,0.386568933725357,297.1698608398437,297.1499938964844,293.1499938964844,0.0,-0.0,285.1727600097656,0.7489403486251831,0.2722252607345581,0.1926768124103546,297.171142578125,297.1499938964844,293.1499938964844,0.0,-0.0,285.1711120605469,0.7146470546722412,0.2336596995592117,0.2245987355709076,297.10845947265625,297.1499938964844,293.1499938964844,0.0,-0.0,285.1673583984375,0.650842010974884,0.1775394082069397,0.814971923828125,285.17510986328125,284.95001220703125,295.5158996582031,288.1141357421875,295.5154113769531,297.2049255371094,285.1900939941406,1.0,0.490251362323761,1.0,1.0,0.0,1.0,-2.4124341011047363,2.4124295711517334,4.679990979639115e-06,1.8635536432266235,0.8138570189476013,0.8138570189476013,0.0,141.90194702148438,150.0,25072.47265625,0.0,1384.8359375,1.0,282.3847961425781,284.2288818359375,291.04705810546875,292.60418701171875,293.1499938964844,293.1499938964844,282.45001220703125,35913.08984375,36000.0,313.1499938964844,0.0,18000.0,1.0,0.0,0.0,0.0,1.0,0.7245660424232483,1.0,0.0,0.0,3.202268123626709,3.202288150787353,6.842403763585025e-07,4.265924453735352,4.265914440155029,9.78592834144365e-06,0.0,0.0,-0.0,4528.08154296875,0.0,1089.191650390625,1895.4371337890625,0.0,1809.75244140625,0.8060803413391113,1.0,0.0,3.0,1.0,0.0
12053760,296.91754150390625,297.1499938964844,293.1499938964844,0.0,-0.0,285.2558288574219,0.8686381578445435,0.4318101406097412,0.3908402621746063,297.323974609375,297.1499938964844,293.1499938964844,0.0,-0.0,285.2557373046875,0.852336585521698,0.4084230363368988,0.3885841369628906,297.1806640625,297.1499938964844,293.1499938964844,0.0,-0.0,285.2549743652344,0.7489893436431885,0.2734128534793854,0.1935052275657653,297.1798400878906,297.1499938964844,293.1499938964844,0.0,-0.0,285.25457763671875,0.7146671414375305,0.2346466928720474,0.2255375832319259,297.1175231933594,297.1499938964844,293.1499938964844,0.0,-0.0,285.2536315917969,0.6507097482681274,0.1781657487154007,0.8178083300590515,285.2555236816406,284.95001220703125,295.5265197753906,288.1134033203125,295.5260314941406,297.21600341796875,285.2591247558594,1.0,0.4920050799846649,1.0,1.0,0.0,1.0,-2.420443296432495,2.420438528060913,4.7111457206483465e-06,1.8697808980941768,0.8167610764503479,0.8167610764503479,0.0,143.00743103027344,153.0,25122.634765625,0.0,1399.3602294921875,1.0,282.4368896484375,284.3013916015625,291.0791015625,292.68536376953125,293.1499938964844,293.1499938964844,282.75,35685.1171875,36000.0,313.1499938964844,0.0,18000.0,1.0,0.0,0.0,0.0,1.0,0.7224016189575195,1.0,0.0,0.0,3.210447072982788,3.2104671001434326,6.877401119709248e-07,4.265924453735352,4.265914440155029,9.78592834144365e-06,0.0,0.0,-0.0,4383.5283203125,0.0,1094.8497314453125,1895.4371337890625,0.0,1791.82666015625,0.8076145052909851,1.0,0.0,3.0,1.0,0.0
12053820,296.9498291015625,297.1499938964844,293.1499938964844,0.0,-0.0,285.4985656738281,0.8664164543151855,0.4321329593658447,0.3911064267158508,297.34619140625,297.1499938964844,293.1499938964844,0.0,-0.0,285.4984741210937,0.8529898524284363,0.4128759205341339,0.3927664458751678,297.2019958496094,297.1499938964844,293.1499938964844,0.0,-0.0,285.4977722167969,0.7491760849952698,0.2759600579738617,0.1952784657478332,297.1969299316406,297.1499938964844,293.1499938964844,0.0,-0.0,285.4974060058594,0.714785099029541,0.2367547899484634,0.2275414913892746,297.1352844238281,297.1499938964844,293.1499938964844,0.0,-0.0,285.4965515136719,0.6505631804466248,0.1795516461133957,0.8241000175476074,285.498291015625,284.95001220703125,295.5475769042969,288.11212158203125,295.5470886230469,297.237548828125,285.5015869140625,1.0,0.495743066072464,1.0,1.0,0.0,1.0,-2.4378821849823,2.4378774166107178,4.779398295795545e-06,1.8833645582199097,0.8259709477424622,0.8259709477424622,0.0,145.3254852294922,156.0,24761.3984375,0.0,1430.9046630859375,1.0,282.7371826171875,284.55908203125,291.08807373046875,292.6724853515625,293.1499938964844,293.1499938964844,283.04998779296875,35219.87109375,36000.0,313.1499938964844,0.0,18000.0,1.0,0.0,0.0,0.0,1.0,0.7146248817443848,1.0,0.0,0.0,3.239141702651977,3.239161729812622,7.000889468145033e-07,4.265924453735352,4.265914440155029,9.78592834144365e-06,0.0,0.0,-0.0,4354.92138671875,0.0,1117.1260986328125,1895.4371337890625,0.0,1728.025634765625,0.813499927520752,1.0,0.0,3.0,1.0,0.0
12053880,296.9498291015625,297.1499938964844,293.1499938964844,0.0,-0.0,285.4985656738281,0.8664164543151855,0.4321329593658447,0.3911064267158508,297.34619140625,297.1499938964844,293.1499938964844,0.0,-0.0,285.4984741210937,0.8529898524284363,0.4128759205341339,0.3927664458751678,297.2019958496094,297.1499938964844,293.1499938964844,0.0,-0.0,285.4977722167969,0.7491760849952698,0.2759600579738617,0.1952784657478332,297.1969299316406,297.1499938964844,293.1499938964844,0.0,-0.0,285.4974060058594,0.714785099029541,0.2367547899484634,0.2275414913892746,297.1352844238281,297.1499938964844,293.1499938964844,0.0,-0.0,285.4965515136719,0.6505631804466248,0.1795516461133957,0.8241000175476074,285.498291015625,284.95001220703125,295.5475769042969,288.11212158203125,295.5470886230469,297.237548828125,285.5015869140625,1.0,0.495743066072464,1.0,1.0,0.0,1.0,-2.4378821849823,2.4378774166107178,4.779398295795545e-06,1.8833645582199097,0.8259709477424622,0.8259709477424622,0.0,145.3254852294922,156.0,24761.3984375,0.0,1430.9046630859375,1.0,282.7371826171875,284.55908203125,291.08807373046875,292.6724853515625,293.1499938964844,293.1499938964844,283.04998779296875,35219.87109375,36000.0,313.1499938964844,0.0,18000.0,1.0,0.0,0.0,0.0,1.0,0.7146248817443848,1.0,0.0,0.0,3.239141702651977,3.239161729812622,7.000889468145033e-07,4.265924453735352,4.265914440155029,9.78592834144365e-06,0.0,0.0,-0.0,4354.92138671875,0.0,1117.1260986328125,1895.4371337890625,0.0,1728.025634765625,0.813499927520752,1.0,0.0,3.0,1.0,0.0
12053940,296.9813537597656,297.1499938964844,293.1499938964844,0.0,-0.0,285.7367553710937,0.8644762635231018,0.4327898025512695,0.3916821479797363,297.3681640625,297.1499938964844,293.1499938964844,0.0,-0.0,285.7367248535156,0.8538264632225037,0.4175847172737121,0.3971988558769226,297.2231140136719,297.1499938964844,293.1499938964844,0.0,-0.0,285.736083984375,0.749597430229187,0.2787595987319946,0.1972333341836929,297.2137756347656,297.1499938964844,293.1499938964844,0.0,-0.0,285.7357482910156,0.7151098251342773,0.239055797457695,0.2297348380088806,297.1526184082031,297.1499938964844,293.1499938964844,0.0,-0.0,285.7349548339844,0.6506599187850952,0.1811228990554809,0.8312593698501587,285.73651123046875,284.95001220703125,295.56842041015625,288.111083984375,295.56793212890625,297.2588195800781,285.739501953125,1.0,0.4997771680355072,1.0,1.0,0.0,1.0,-2.45748233795166,2.457477569580078,4.856726263824385e-06,1.8986375331878664,0.8383327722549438,0.8383327722549438,0.0,147.71868896484375,159.0,24424.9296875,0.0,1465.940185546875,1.0,283.0376281738281,284.8105163574219,291.09375,292.65875244140625,293.1499938964844,293.1499938964844,283.1499938964844,34783.84765625,35280.0,313.1499938964844,0.0,18000.0,1.0,0.0,0.0,0.0,1.0,0.7081646919250488,1.0,0.0,0.0,3.2843053340911865,3.2843258380889893,7.197478453235817e-07,4.265924453735352,4.265914440155029,9.78592834144365e-06,0.0,0.0,-0.0,4460.1083984375,0.0,1154.91552734375,1895.4371337890625,0.0,1675.7738037109375,0.821069598197937,1.0,0.0,3.0,1.0,0.0
12054000,296.9813537597656,297.1499938964844,293.1499938964844,0.0,-0.0,285.7367553710937,0.8644762635231018,0.4327898025512695,0.3916821479797363,297.3681640625,297.1499938964844,293.1499938964844,0.0,-0.0,285.7367248535156,0.8538264632225037,0.4175847172737121,0.3971988558769226,297.2231140136719,297.1499938964844,293.1499938964844,0.0,-0.0,285.736083984375,0.749597430229187,0.2787595987319946,0.1972333341836929,297.2137756347656,297.1499938964844,293.1499938964844,0.0,-0.0,285.7357482910156,0.7151098251342773,0.239055797457695,0.2297348380088806,297.1526184082031,297.1499938964844,293.1499938964844,0.0,-0.0,285.7349548339844,0.6506599187850952,0.1811228990554809,0.8312593698501587,285.73651123046875,284.95001220703125,295.56842041015625,288.111083984375,295.56793212890625,297.2588195800781,285.739501953125,1.0,0.4997771680355072,1.0,1.0,0.0,1.0,-2.45748233795166,2.457477569580078,4.856726263824385e-06,1.8986375331878664,0.8383327722549438,0.8383327722549438,0.0,147.71868896484375,159.0,24424.9296875,0.0,1465.940185546875,1.0,283.0376281738281,284.8105163574219,291.09375,292.65875244140625,293.1499938964844,293.1499938964844,283.1499938964844,34783.84765625,35280.0,313.1499938964844,0.0,18000.0,1.0,0.0,0.0,0.0,1.0,0.7081646919250488,1.0,0.0,0.0,3.2843053340911865,3.2843258380889893,7.197478453235817e-07,4.265924453735352,4.265914440155029,9.78592834144365e-06,0.0,0.0,-0.0,4460.1083984375,0.0,1154.91552734375,1895.4371337890625,0.0,1675.7738037109375,0.821069598197937,1.0,0.0,3.0,1.0,0.0
12054060,297.0041198730469,297.1499938964844,293.1499938964844,0.0,-0.0,285.8318786621094,0.8620287179946899,0.4329719841480255,0.3920940458774566,297.3842163085937,297.1499938964844,293.1499938964844,0.0,-0.0,285.8318786621094,0.8541792035102844,0.4219841659069061,0.4015403389930725,297.2395324707031,297.1499938964844,293.1499938964844,0.0,-0.0,285.8316345214844,0.7496357560157776,0.2813529670238495,0.1991678029298782,297.226806640625,297.1499938964844,293.1499938964844,0.0,-0.0,285.8315124511719,0.7150652408599854,0.2411907762289047,0.2319066524505615,297.1665954589844,297.1499938964844,293.1499938964844,0.0,-0.0,285.83123779296875,0.650446891784668,0.1825762093067169,0.8384515643119812,285.8318176269531,284.95001220703125,295.58905029296875,288.1102905273437,295.5885925292969,297.27471923828125,285.8328857421875,1.0,0.5039715766906738,1.0,1.0,0.0,1.0,-2.476770162582397,2.4767653942108154,4.933551281283144e-06,1.9137215614318848,0.8508682250976562,0.8508682250976562,0.0,150.44500732421875,162.0,24452.19140625,0.0,1502.4560546875,1.0,283.145751953125,284.9046936035156,291.1382141113281,292.73199462890625,293.1499938964844,293.1499938964844,283.1499938964844,34170.890625,34200.0,313.1499938964844,0.0,18000.0,1.0,0.0,0.0,0.0,1.0,0.713445246219635,1.0,0.0,0.0,3.3202407360076904,3.320261240005493,7.355842512879462e-07,4.265924453735352,4.265914440155029,9.78592834144365e-06,0.0,0.0,-0.0,4546.06884765625,0.0,1183.8604736328125,1895.4371337890625,0.0,1718.4329833984375,0.8271194696426392,1.0,0.0,3.0,1.0,0.0
12054120,297.0041198730469,297.1499938964844,293.1499938964844,0.0,-0.0,285.8318786621094,0.8620287179946899,0.4329719841480255,0.3920940458774566,297.3842163085937,297.1499938964844,293.1499938964844,0.0,-0.0,285.8318786621094,0.8541792035102844,0.4219841659069061,0.4015403389930725,297.2395324707031,297.1499938964844,293.1499938964844,0.0,-0.0,285.8316345214844,0.7496357560157776,0.2813529670238495,0.1991678029298782,297.226806640625,297.1499938964844,293.1499938964844,0.0,-0.0,285.8315124511719,0.7150652408599854,0.2411907762289047,0.2319066524505615,297.1665954589844,297.1499938964844,293.1499938964844,0.0,-0.0,285.83123779296875,0.650446891784668,0.1825762093067169,0.8384515643119812,285.8318176269531,284.95001220703125,295.58905029296875,288.1102905273437,295.5885925292969,297.27471923828125,285.8328857421875,1.0,0.5039715766906738,1.0,1.0,0.0,1.0,-2.476770162582397,2.4767653942108154,4.933551281283144e-06,1.9137215614318848,0.8508682250976562,0.8508682250976562,0.0,150.44500732421875,162.0,24452.19140625,0.0,1502.4560546875,1.0,283.145751953125,284.9046936035156,291.1382141113281,292.73199462890625,293.1499938964844,293.1499938964844,283.1499938964844,34170.890625,34200.0,313.1499938964844,0.0,18000.0,1.0,0.0,0.0,0.0,1.0,0.713445246219635,1.0,0.0,0.0,3.3202407360076904,3.320261240005493,7.355842512879462e-07,4.265924453735352,4.265914440155029,9.78592834144365e-06,0.0,0.0,-0.0,4546.06884765625,0.0,1183.8604736328125,1895.4371337890625,0.0,1718.4329833984375,0.8271194696426392,1.0,0.0,3.0,1.0,0.0
12054180,297.0160217285156,297.1499938964844,293.1499938964844,0.0,-0.0,285.8451232910156,0.8583072423934937,0.4323391914367676,0.3918122947216034,297.3919372558594,297.1499938964844,293.1499938964844,0.0,-0.0,285.8451232910156,0.8533458709716797,0.425741970539093,0.4053348898887634,297.2489929199219,297.1499938964844,293.1499938964844,0.0,-0.0,285.8450927734375,0.748617947101593,0.2834531664848327,0.2007990628480911,297.2340087890625,297.1499938964844,293.1499938964844,0.0,-0.0,285.8450927734375,0.7139956951141357,0.2428969591856002,0.2337327301502227,297.175048828125,297.1499938964844,293.1499938964844,0.0,-0.0,285.8450622558594,0.6492568254470825,0.1836488842964172,0.8442438244819641,285.8451232910156,284.95001220703125,295.6094970703125,288.1097106933594,295.6090393066406,297.2828063964844,285.8452453613281,1.0,0.5080315470695496,1.0,1.0,0.0,1.0,-2.49210786819458,2.492102861404419,4.995140898245154e-06,1.925745964050293,0.8629248142242432,0.8629248142242432,0.0,153.71688842773438,165.0,24632.69140625,0.0,1536.5355224609375,1.0,283.1498413085937,284.91180419921875,291.16217041015625,292.7913513183594,293.1499938964844,293.1499938964844,283.1499938964844,33390.0390625,33120.0,313.1499938964844,0.0,18000.0,1.0,0.0,0.0,0.0,1.0,0.7247668504714966,1.0,0.0,0.0,3.3419971466064453,3.342017889022827,7.452559884768561e-07,4.265924453735352,4.265914440155029,9.78592834144365e-06,0.0,0.0,-0.0,4565.529296875,0.0,1198.8585205078125,1895.4371337890625,0.0,1811.419189453125,0.8307339549064636,1.0,0.0,3.0,1.0,0.0
12054240,297.0160217285156,297.1499938964844,293.1499938964844,0.0,-0.0,285.8451232910156,0.8583072423934937,0.4323391914367676,0.3918122947216034,297.3919372558594,297.1499938964844,293.1499938964844,0.0,-0.0,285.8451232910156,0.8533458709716797,0.425741970539093,0.4053348898887634,297.2489929199219,297.1499938964844,293.1499938964844,0.0,-0.0,285.8450927734375,0.748617947101593,0.2834531664848327,0.2007990628480911,297.2340087890625,297.1499938964844,293.1499938964844,0.0,-0.0,285.8450927734375,0.7139956951141357,0.2428969591856002,0.2337327301502227,297.175048828125,297.1499938964844,293.1499938964844,0.0,-0.0,285.8450622558594,0.6492568254470825,0.1836488842964172,0.8442438244819641,285.8451232910156,284.95001220703125,295.6094970703125,288.1097106933594,295.6090393066406,297.2828063964844,285.8452453613281,1.0,0.5080315470695496,1.0,1.0,0.0,1.0,-2.49210786819458,2.492102861404419,4.995140898245154e-06,1.925745964050293,0.8629248142242432,0.8629248142242432,0.0,153.71688842773438,165.0,24632.69140625,0.0,1536.5355224609375,1.0,283.1498413085937,284.91180419921875,291.16217041015625,292.7913513183594,293.1499938964844,293.1499938964844,283.1499938964844,33390.0390625,33120.0,313.1499938964844,0.0,18000.0,1.0,0.0,0.0,0.0,1.0,0.7247668504714966,1.0,0.0,0.0,3.3419971466064453,3.342017889022827,7.452559884768561e-07,4.265924453735352,4.265914440155029,9.78592834144365e-06,0.0,0.0,-0.0,4565.529296875,0.0,1198.8585205078125,1895.4371337890625,0.0,1811.419189453125,0.8307339549064636,1.0,0.0,3.0,1.0,0.0
12054300,297.0195617675781,297.1499938964844,293.1499938964844,0.0,-0.0,285.85107421875,0.8561308979988098,0.4318398237228393,0.3914638459682464,297.3936767578125,297.1499938964844,293.1499938964844,0.0,-0.0,285.85107421875,0.8526085615158081,0.4274443686008453,0.4070400297641754,297.2519226074219,297.1499938964844,293.1499938964844,0.0,-0.0,285.8510131835937,0.7478194236755371,0.2843682765960693,0.2015059739351272,297.23590087890625,297.1499938964844,293.1499938964844,0.0,-0.0,285.8509826660156,0.7131582498550415,0.2436164915561676,0.2345085591077804,297.17755126953125,297.1499938964844,293.1499938964844,0.0,-0.0,285.85089111328125,0.6483646631240845,0.184054285287857,0.8465255498886108,285.85107421875,284.95001220703125,295.61962890625,288.1094970703125,295.61920166015625,297.2848205566406,285.8514099121094,1.0,0.5099565386772156,1.0,1.0,0.0,1.0,-2.4982619285583496,2.4982569217681885,5.019958280172432e-06,1.930567979812622,0.8689914345741272,0.8689914345741272,0.0,155.47909545898438,165.0,24700.29296875,0.0,1552.228271484375,1.0,283.14996337890625,284.9164123535156,291.158447265625,292.7970886230469,293.1499938964844,293.1499938964844,283.1499938964844,32816.44140625,33120.0,313.1499938964844,0.0,18000.0,1.0,0.0,0.0,0.0,1.0,0.7295421957969666,1.0,0.0,0.0,3.341989755630493,3.342010498046875,7.452526915585622e-07,4.265924453735352,4.265914440155029,9.78592834144365e-06,0.0,0.0,-0.0,4567.86767578125,0.0,1194.921875,1895.4371337890625,0.0,1851.2335205078125,0.8327231407165527,1.0,0.0,3.0,1.0,0.0
12054360,297.0223388671875,297.1499938964844,293.1499938964844,0.0,-0.0,285.8529968261719,0.8539068102836609,0.4312871098518371,0.3910547494888305,297.39459228515625,297.1499938964844,293.1499938964844,0.0,-0.0,285.8529968261719,0.8517971634864807,0.4290781021118164,0.4086699187755584,297.2541809082031,297.1499938964844,293.1499938964844,0.0,-0.0,285.8529663085937,0.7469555139541626,0.2852351069450378,0.2021723836660385,297.2370910644531,297.1499938964844,293.1499938964844,0.0,-0.0,285.8529663085937,0.7122321724891663,0.2442781776189804,0.2352226972579956,297.1792907714844,297.1499938964844,293.1499938964844,0.0,-0.0,285.8529357910156,0.6473828554153442,0.1843982487916946,0.8485022187232971,285.8529663085937,284.95001220703125,295.6297302246094,288.109375,295.6293029785156,297.2861022949219,285.8531188964844,1.0,0.5118100047111511,1.0,1.0,0.0,1.0,-2.503763437271118,2.503758430480957,5.042183602199657e-06,1.934871912002564,0.8750317096710205,0.8750317096710205,0.0,157.25816345214844,168.0,24779.05078125,0.0,1567.1851806640625,1.0,283.1499938964844,284.9153137207031,291.1507263183594,292.796630859375,293.1499938964844,293.1499938964844,283.1499938964844,32528.109375,32040.0,313.1499938964844,0.0,18000.0,1.0,0.0,0.0,0.0,1.0,0.7333042025566101,1.0,0.0,0.0,3.3553626537323,3.3553831577301025,7.512287538702367e-07,4.265924453735352,4.265914440155029,9.78592834144365e-06,0.0,0.0,-0.0,4570.171875,0.0,1205.5303955078125,1895.4371337890625,0.0,1882.836181640625,0.83243328332901,1.0,0.0,3.0,1.0,0.0
12054420,297.0267639160156,297.1499938964844,293.1499938964844,0.0,-0.0,285.8615417480469,0.8495126962661743,0.430119514465332,0.3901479840278625,297.39508056640625,297.1499938964844,293.1499938964844,0.0,-0.0,285.8615417480469,0.8501394391059875,0.4322254359722137,0.4117867350578308,297.257568359375,297.1499938964844,293.1499938964844,0.0,-0.0,285.8615417480469,0.7452074885368347,0.2868992686271667,0.203437253832817,297.2381896972656,297.1499938964844,293.1499938964844,0.0,-0.0,285.86151123046875,0.7102795839309692,0.2454923093318939,0.2365256249904632,297.1811828613281,297.1499938964844,293.1499938964844,0.0,-0.0,285.8614807128906,0.6453206539154053,0.1849628686904907,0.8518034815788269,285.8615417480469,284.95001220703125,295.6498107910156,288.1092834472656,295.6493835449219,297.2873840332031,285.8616943359375,1.0,0.515326976776123,1.0,1.0,0.0,1.0,-2.5134716033935547,2.5134665966033936,5.081472409074195e-06,1.9424391984939573,0.8872562646865845,0.8872562646865845,0.0,160.78233337402344,156.0,24903.2734375,0.0,1595.372802734375,1.0,283.1499938964844,284.9205017089844,291.1332702636719,292.7867736816406,293.1499938964844,293.1499938964844,283.1499938964844,31618.283203125,30960.0,313.1499938964844,0.0,18000.0,1.0,0.0,0.0,0.0,1.0,0.7380269169807434,1.0,0.0,0.0,3.362121343612671,3.3621418476104736,7.542582238784235e-07,4.265924453735352,4.265914440155029,9.78592834144365e-06,0.0,0.0,-0.0,4571.9404296875,0.0,1205.655517578125,1895.4371337890625,0.0,1922.7945556640625,0.832631528377533,1.0,0.0,3.0,1.0,0.0
12054480,297.0267639160156,297.1499938964844,293.1499938964844,0.0,-0.0,285.8615417480469,0.8495126962661743,0.430119514465332,0.3901479840278625,297.39508056640625,297.1499938964844,293.1499938964844,0.0,-0.0,285.8615417480469,0.8501394391059875,0.4322254359722137,0.4117867350578308,297.257568359375,297.1499938964844,293.1499938964844,0.0,-0.0,285.8615417480469,0.7452074885368347,0.2868992686271667,0.203437253832817,297.2381896972656,297.1499938964844,293.1499938964844,0.0,-0.0,285.86151123046875,0.7102795839309692,0.2454923093318939,0.2365256249904632,297.1811828613281,297.1499938964844,293.1499938964844,0.0,-0.0,285.8614807128906,0.6453206539154053,0.1849628686904907,0.8518034815788269,285.8615417480469,284.95001220703125,295.6498107910156,288.1092834472656,295.6493835449219,297.2873840332031,285.8616943359375,1.0,0.515326976776123,1.0,1.0,0.0,1.0,-2.5134716033935547,2.5134665966033936,5.081472409074195e-06,1.9424391984939573,0.8872562646865845,0.8872562646865845,0.0,160.78233337402344,156.0,24903.2734375,0.0,1595.372802734375,1.0,283.1499938964844,284.9205017089844,291.1332702636719,292.7867736816406,293.1499938964844,293.1499938964844,283.1499938964844,31618.283203125,30960.0,313.1499938964844,0.0,18000.0,1.0,0.0,0.0,0.0,1.0,0.7380269169807434,1.0,0.0,0.0,3.362121343612671,3.3621418476104736,7.542582238784235e-07,4.265924453735352,4.265914440155029,9.78592834144365e-06,0.0,0.0,-0.0,4571.9404296875,0.0,1205.655517578125,1895.4371337890625,0.0,1922.7945556640625,0.832631528377533,1.0,0.0,3.0,1.0,0.0
12054540,297.0306701660156,297.1499938964844,293.1499938964844,0.0,-0.0,285.8701171875,0.8519193530082703,0.4289542734622955,0.3889969885349273,297.39471435546875,297.1499938964844,293.1499938964844,0.0,-0.0,285.8701171875,0.855242133140564,0.435294508934021,0.4145716726779938,297.2604064941406,297.1499938964844,293.1499938964844,0.0,-0.0,285.8700866699219,0.7492319345474243,0.2885514795780182,0.2045027613639831,297.2384338378906,297.1499938964844,293.1499938964844,0.0,-0.0,285.8700866699219,0.7140657305717468,0.2466354072093963,0.2375042885541916,297.1819763183594,297.1499938964844,293.1499938964844,0.0,-0.0,285.8700866699219,0.6482253074645996,0.1854410916566848,0.8534906506538391,285.8701171875,284.95001220703125,295.6697082519531,288.10943603515625,295.66925048828125,297.2879943847656,285.8702392578125,1.0,0.5139973163604736,1.0,1.0,0.0,1.0,-2.519921064376831,2.51991605758667,5.107655397296185e-06,1.9474644660949707,0.8995972275733948,0.8995972275733948,0.0,158.2441864013672,144.0,24996.587890625,0.0,1593.2523193359375,1.0,283.1499938964844,284.9264831542969,291.1217041015625,292.779296875,293.1499938964844,293.1499938964844,283.1499938964844,30684.615234375,29880.0,313.1499938964844,0.0,18000.0,1.0,0.0,0.0,0.0,1.0,0.7403474450111389,1.0,0.0,0.0,3.36328649520874,3.363306999206543,7.54781126488524e-07,4.265924453735352,4.265914440155029,9.78592834144365e-06,0.0,0.0,-0.0,4573.74462890625,0.0,1200.3211669921875,1895.4371337890625,0.0,1942.541748046875,0.8315661549568176,1.0,0.0,3.0,1.0,0.0
12054600,297.0306701660156,297.1499938964844,293.1499938964844,0.0,-0.0,285.8701171875,0.8519193530082703,0.4289542734622955,0.3889969885349273,297.39471435546875,297.1499938964844,293.1499938964844,0.0,-0.0,285.8701171875,0.855242133140564,0.435294508934021,0.4145716726779938,297.2604064941406,297.1499938964844,293.1499938964844,0.0,-0.0,285.8700866699219,0.7492319345474243,0.2885514795780182,0.2045027613639831,297.2384338378906,297.1499938964844,293.1499938964844,0.0,-0.0,285.8700866699219,0.7140657305717468,0.2466354072093963,0.2375042885541916,297.1819763183594,297.1499938964844,293.1499938964844,0.0,-0.0,285.8700866699219,0.6482253074645996,0.1854410916566848,0.8534906506538391,285.8701171875,284.95001220703125,295.6697082519531,288.10943603515625,295.66925048828125,297.2879943847656,285.8702392578125,1.0,0.5139973163604736,1.0,1.0,0.0,1.0,-2.519921064376831,2.51991605758667,5.107655397296185e-06,1.9474644660949707,0.8995972275733948,0.8995972275733948,0.0,158.2441864013672,144.0,24996.587890625,0.0,1593.2523193359375,1.0,283.1499938964844,284.9264831542969,291.1217041015625,292.779296875,293.1499938964844,293.1499938964844,283.1499938964844,30684.615234375,29880.0,313.1499938964844,0.0,18000.0,1.0,0.0,0.0,0.0,1.0,0.7403474450111389,1.0,0.0,0.0,3.36328649520874,3.363306999206543,7.54781126488524e-07,4.265924453735352,4.265914440155029,9.78592834144365e-06,0.0,0.0,-0.0,4573.74462890625,0.0,1200.3211669921875,1895.4371337890625,0.0,1942.541748046875,0.8315661549568176,1.0,0.0,3.0,1.0,0.0
12054660,297.0347900390625,297.1499938964844,293.1499938964844,0.0,-0.0,285.8791198730469,0.8592209815979004,0.427857756614685,0.3877525925636291,297.39434814453125,297.1499938964844,293.1499938964844,0.0,-0.0,285.8791198730469,0.8653485178947449,0.4383555352687835,0.4171838164329529,297.2635192871094,297.1499938964844,293.1499938964844,0.0,-0.0,285.87908935546875,0.7575542330741882,0.2902638614177704,0.205488234758377,297.2387084960937,297.1499938964844,293.1499938964844,0.0,-0.0,285.87908935546875,0.7216007709503174,0.2477818876504898,0.2383197546005249,297.18267822265625,297.1499938964844,293.1499938964844,0.0,-0.0,285.8790588378906,0.6548250913619995,0.1859155744314193,0.8543623089790344,285.8791198730469,284.95001220703125,295.6894226074219,288.1098022460937,295.68896484375,297.28875732421875,285.8792724609375,1.0,0.5100856423377991,1.0,1.0,0.0,1.0,-2.5247764587402344,2.524771451950073,5.127275471750181e-06,1.951178312301636,0.9120591282844543,0.9120591282844543,0.0,151.78024291992188,132.0,25071.11328125,0.0,1572.0518798828125,1.0,283.1499938964844,284.93377685546875,291.1163635253906,292.7768859863281,293.1499938964844,293.1499938964844,283.1499938964844,29738.904296875,30960.0,313.1499938964844,0.0,18000.0,1.0,0.0,0.0,0.0,1.0,0.7415492534637451,1.0,0.0,0.0,3.359330415725708,3.3593504428863525,7.530065317951085e-07,4.265924453735352,4.265914440155029,9.78592834144365e-06,0.0,0.0,-0.0,4576.13037109375,0.0,1190.0748291015625,1895.4371337890625,0.0,1952.7979736328125,0.8353469967842102,1.0,0.0,3.0,1.0,0.0
12054720,297.0347900390625,297.1499938964844,293.1499938964844,0.0,-0.0,285.8791198730469,0.8592209815979004,0.427857756614685,0.3877525925636291,297.39434814453125,297.1499938964844,293.1499938964844,0.0,-0.0,285.8791198730469,0.8653485178947449,0.4383555352687835,0.4171838164329529,297.2635192871094,297.1499938964844,293.1499938964844,0.0,-0.0,285.87908935546875,0.7575542330741882,0.2902638614177704,0.205488234758377,297.2387084960937,297.1499938964844,293.1499938964844,0.0,-0.0,285.87908935546875,0.7216007709503174,0.2477818876504898,0.2383197546005249,297.18267822265625,297.1499938964844,293.1499938964844,0.0,-0.0,285.8790588378906,0.6548250913619995,0.1859155744314193,0.8543623089790344,285.8791198730469,284.95001220703125,295.6894226074219,288.1098022460937,295.68896484375,297.28875732421875,285.8792724609375,1.0,0.5100856423377991,1.0,1.0,0.0,1.0,-2.5247764587402344,2.524771451950073,5.127275471750181e-06,1.951178312301636,0.9120591282844543,0.9120591282844543,0.0,151.78024291992188,132.0,25071.11328125,0.0,1572.0518798828125,1.0,283.1499938964844,284.93377685546875,291.1163635253906,292.7768859863281,293.1499938964844,293.1499938964844,283.1499938964844,29738.904296875,30960.0,313.1499938964844,0.0,18000.0,1.0,0.0,0.0,0.0,1.0,0.7415492534637451,1.0,0.0,0.0,3.359330415725708,3.3593504428863525,7.530065317951085e-07,4.265924453735352,4.265914440155029,9.78592834144365e-06,0.0,0.0,-0.0,4576.13037109375,0.0,1190.0748291015625,1895.4371337890625,0.0,1952.7979736328125,0.8353469967842102,1.0,0.0,3.0,1.0,0.0
12054780,297.0381164550781,297.1499938964844,293.1499938964844,0.0,-0.0,285.8695068359375,0.8702667951583862,0.4267371892929077,0.3864366710186004,297.39337158203125,297.1499938964844,293.1499938964844,0.0,-0.0,285.8695068359375,0.8793815970420837,0.4413536787033081,0.4196735322475433,297.2663879394531,297.1499938964844,293.1499938964844,0.0,-0.0,285.8695983886719,0.7693001627922058,0.2919933199882507,0.2064358592033386,297.2387390136719,297.1499938964844,293.1499938964844,0.0,-0.0,285.86962890625,0.7316878437995911,0.2489089220762252,0.2390438318252563,297.1831359863281,297.1499938964844,293.1499938964844,0.0,-0.0,285.86968994140625,0.6643785238265991,0.186377465724945,0.8548139333724976,285.8695373535156,284.95001220703125,295.7089538574219,288.1104431152344,295.7085266113281,297.2890930175781,285.869140625,1.0,0.5045949220657349,1.0,1.0,0.0,1.0,-2.5287387371063232,2.528733491897583,5.14320845468319e-06,1.95415472984314,0.9242535829544068,0.9242535829544068,0.0,143.121826171875,120.0,25194.8671875,0.0,1540.1048583984375,1.0,283.1499938964844,284.9168395996094,291.1172790527344,292.784423828125,293.1499938964844,293.1499938964844,283.1499938964844,29840.15625,32040.0,313.1499938964844,0.0,18000.0,1.0,0.0,0.0,0.0,1.0,0.7428823709487915,1.0,0.0,0.0,3.4100255966186523,3.410046339035034,7.759051072753209e-07,4.265924453735352,4.265914440155029,9.78592834144365e-06,0.0,0.0,-0.0,4583.4921875,0.0,1239.15625,1895.4371337890625,0.0,1964.197265625,0.8472861647605896,1.0,0.0,3.0,1.0,0.0
12054840,297.0381164550781,297.1499938964844,293.1499938964844,0.0,-0.0,285.8695068359375,0.8702667951583862,0.4267371892929077,0.3864366710186004,297.39337158203125,297.1499938964844,293.1499938964844,0.0,-0.0,285.8695068359375,0.8793815970420837,0.4413536787033081,0.4196735322475433,297.2663879394531,297.1499938964844,293.1499938964844,0.0,-0.0,285.8695983886719,0.7693001627922058,0.2919933199882507,0.2064358592033386,297.2387390136719,297.1499938964844,293.1499938964844,0.0,-0.0,285.86962890625,0.7316878437995911,0.2489089220762252,0.2390438318252563,297.1831359863281,297.1499938964844,293.1499938964844,0.0,-0.0,285.86968994140625,0.6643785238265991,0.186377465724945,0.8548139333724976,285.8695373535156,284.95001220703125,295.7089538574219,288.1104431152344,295.7085266113281,297.2890930175781,285.869140625,1.0,0.5045949220657349,1.0,1.0,0.0,1.0,-2.5287387371063232,2.528733491897583,5.14320845468319e-06,1.95415472984314,0.9242535829544068,0.9242535829544068,0.0,143.121826171875,120.0,25194.8671875,0.0,1540.1048583984375,1.0,283.1499938964844,284.9168395996094,291.1172790527344,292.784423828125,293.1499938964844,293.1499938964844,283.1499938964844,29840.15625,32040.0,313.1499938964844,0.0,18000.0,1.0,0.0,0.0,0.0,1.0,0.7428823709487915,1.0,0.0,0.0,3.4100255966186523,3.410046339035034,7.759051072753209e-07,4.265924453735352,4.265914440155029,9.78592834144365e-06,0.0,0.0,-0.0,4583.4921875,0.0,1239.15625,1895.4371337890625,0.0,1964.197265625,0.8472861647605896,1.0,0.0,3.0,1.0,0.0
12054900,297.03936767578125,297.1499938964844,293.1499938964844,0.0,-0.0,285.8592529296875,0.877074122428894,0.4261521399021148,0.3857409358024597,297.3925476074219,297.1499938964844,293.1499938964844,0.0,-0.0,285.8592224121094,0.8877439498901367,0.4428156614303589,0.420866847038269,297.26763916015625,297.1499938964844,293.1499938964844,0.0,-0.0,285.8594055175781,0.7763703465461731,0.2928525805473327,0.2068932652473449,297.2385559082031,297.1499938964844,293.1499938964844,0.0,-0.0,285.8594970703125,0.737650990486145,0.2494557648897171,0.2393726855516433,297.1832275390625,297.1499938964844,293.1499938964844,0.0,-0.0,285.85968017578125,0.6701921224594116,0.186595544219017,0.8548983931541443,285.8592834472656,284.95001220703125,295.7186584472656,288.11083984375,295.7182312011719,297.2890014648437,285.85845947265625,1.0,0.5014519691467285,1.0,1.0,0.0,1.0,-2.5303831100463867,2.5303778648376465,5.1497795539035e-06,1.9553654193878167,0.9302139282226562,0.9302139282226562,0.0,138.28321838378906,120.0,25269.39453125,0.0,1521.4456787109375,1.0,283.1499938964844,284.9012756347656,291.11883544921875,292.7904357910156,293.1499938964844,293.1499938964844,283.1499938964844,30199.12109375,32040.0,313.1499938964844,0.0,18000.0,1.0,0.0,0.0,0.0,1.0,0.7437328696250916,1.0,0.0,0.0,3.451738119125366,3.451759099960327,7.950033591441752e-07,4.265924453735352,4.265914440155029,9.78592834144365e-06,0.0,0.0,-0.0,4588.2587890625,0.0,1282.5308837890625,1895.4371337890625,0.0,1971.4815673828125,0.8544427156448364,1.0,0.0,3.0,1.0,0.0
12054960,297.0404052734375,297.1499938964844,293.1499938964844,0.0,-0.0,285.8515014648437,0.8847412467002869,0.4255549311637878,0.3850195705890655,297.3915710449219,297.1499938964844,293.1499938964844,0.0,-0.0,285.8514709472656,0.8969866633415222,0.444254457950592,0.4220252931118011,297.2687683105469,297.1499938964844,293.1499938964844,0.0,-0.0,285.85162353515625,0.7842399477958679,0.2937091886997223,0.2073399722576141,297.2383117675781,297.1499938964844,293.1499938964844,0.0,-0.0,285.8516845703125,0.7443050742149353,0.2499915063381195,0.2396801114082336,297.1831970214844,297.1499938964844,293.1499938964844,0.0,-0.0,285.8518371582031,0.6767029762268066,0.1868043094873428,0.8548927307128906,285.8515319824219,284.95001220703125,295.72833251953125,288.111328125,295.7279052734375,297.28875732421875,285.850830078125,1.0,0.4981102645397186,1.0,1.0,0.0,1.0,-2.5318076610565186,2.5318026542663574,5.155438884685282e-06,1.9563952684402464,0.9361453056335448,0.9361453056335448,0.0,133.2111053466797,108.0,25326.333984375,0.0,1501.46240234375,1.0,283.1499938964844,284.88995361328125,291.1199951171875,292.7950439453125,293.1499938964844,293.1499938964844,283.1499938964844,30363.466796875,33120.0,313.1499938964844,0.0,18000.0,1.0,0.0,0.0,0.0,1.0,0.7446404099464417,1.0,0.0,0.0,3.481641292572021,3.4816627502441406,8.088376262094243e-07,4.265924453735352,4.265914440155029,9.78592834144365e-06,0.0,0.0,-0.0,4591.4111328125,0.0,1313.5755615234375,1895.4371337890625,0.0,1979.265869140625,0.8642957806587219,1.0,0.0,3.0,1.0,0.0
12055020,297.04205322265625,297.1499938964844,293.1499938964844,0.0,-0.0,285.82940673828125,0.9028260707855223,0.4243334829807281,0.3835349380970001,297.38916015625,297.1499938964844,293.1499938964844,0.0,-0.0,285.82940673828125,0.9194025993347168,0.447069764137268,0.424264907836914,297.27081298828125,297.1499938964844,293.1499938964844,0.0,-0.0,285.8295593261719,0.8024819493293762,0.2954193949699402,0.2082173079252243,297.237548828125,297.1499938964844,293.1499938964844,0.0,-0.0,285.82965087890625,0.7601034045219421,0.2510336339473724,0.2402485162019729,297.18292236328125,297.1499938964844,293.1499938964844,0.0,-0.0,285.829833984375,0.6919389367103577,0.1871967166662216,0.8546804189682007,285.8294677734375,284.95001220703125,295.74755859375,288.1124572753906,295.74713134765625,297.28790283203125,285.8286437988281,1.0,0.4909805953502655,1.0,1.0,0.0,1.0,-2.5341970920562744,2.5341920852661133,5.164837148186052e-06,1.9580715894699097,0.9477129578590392,0.9477129578590392,0.0,122.56990051269533,96.0,25458.451171875,0.0,1458.6771240234375,1.0,283.1499938964844,284.8584289550781,291.1224365234375,292.8056640625,293.1499938964844,293.1499938964844,283.1499938964844,31139.58984375,34200.0,313.1499938964844,0.0,18000.0,1.0,0.0,0.0,0.0,1.0,0.7466758489608765,1.0,0.0,0.0,3.56478214263916,3.564804553985596,8.479286179863266e-07,4.265924453735352,4.265914440155029,9.78592834144365e-06,0.0,0.0,-0.0,4599.11181640625,0.0,1404.892822265625,1895.4371337890625,0.0,1996.7625732421875,0.8841074705123901,1.0,0.0,3.0,1.0,0.0
12055080,297.04205322265625,297.1499938964844,293.1499938964844,0.0,-0.0,285.82940673828125,0.9028260707855223,0.4243334829807281,0.3835349380970001,297.38916015625,297.1499938964844,293.1499938964844,0.0,-0.0,285.82940673828125,0.9194025993347168,0.447069764137268,0.424264907836914,297.27081298828125,297.1499938964844,293.1499938964844,0.0,-0.0,285.8295593261719,0.8024819493293762,0.2954193949699402,0.2082173079252243,297.237548828125,297.1499938964844,293.1499938964844,0.0,-0.0,285.82965087890625,0.7601034045219421,0.2510336339473724,0.2402485162019729,297.18292236328125,297.1499938964844,293.1499938964844,0.0,-0.0,285.829833984375,0.6919389367103577,0.1871967166662216,0.8546804189682007,285.8294677734375,284.95001220703125,295.74755859375,288.1124572753906,295.74713134765625,297.28790283203125,285.8286437988281,1.0,0.4909805953502655,1.0,1.0,0.0,1.0,-2.5341970920562744,2.5341920852661133,5.164837148186052e-06,1.9580715894699097,0.9477129578590392,0.9477129578590392,0.0,122.56990051269533,96.0,25458.451171875,0.0,1458.6771240234375,1.0,283.1499938964844,284.8584289550781,291.1224365234375,292.8056640625,293.1499938964844,293.1499938964844,283.1499938964844,31139.58984375,34200.0,313.1499938964844,0.0,18000.0,1.0,0.0,0.0,0.0,1.0,0.7466758489608765,1.0,0.0,0.0,3.56478214263916,3.564804553985596,8.479286179863266e-07,4.265924453735352,4.265914440155029,9.78592834144365e-06,0.0,0.0,-0.0,4599.11181640625,0.0,1404.892822265625,1895.4371337890625,0.0,1996.7625732421875,0.8841074705123901,1.0,0.0,3.0,1.0,0.0
12055140,297.0433654785156,297.1499938964844,293.1499938964844,0.0,-0.0,285.805908203125,0.9272038340568542,0.4230983853340149,0.3820168673992157,297.3863830566406,297.1499938964844,293.1499938964844,0.0,-0.0,285.8058776855469,0.94815331697464,0.449817806482315,0.4264201521873474,297.2726745605469,297.1499938964844,293.1499938964844,0.0,-0.0,285.8060607910156,0.8233819603919983,0.2971391975879669,0.2090862095355987,297.2366027832031,297.1499938964844,293.1499938964844,0.0,-0.0,285.80615234375,0.7800348997116089,0.2520462572574615,0.2407695651054382,297.18243408203125,297.1499938964844,293.1499938964844,0.0,-0.0,285.80633544921875,0.7103736400604248,0.1875628381967544,0.8542603850364685,285.8059387207031,284.95001220703125,295.7666015625,288.1138000488281,295.7662048339844,297.28680419921875,285.8050842285156,1.0,0.4834125339984894,1.0,1.0,0.0,1.0,-2.536128282546997,2.536123037338257,5.17231546837138e-06,1.95936381816864,0.958955943584442,0.958955943584442,0.0,111.4867172241211,84.0,25587.72265625,0.0,1413.3057861328125,1.0,283.1499938964844,284.8253479003906,291.1241455078125,292.8152770996094,293.1499938964844,293.1499938964844,283.1499938964844,32067.474609375,35280.0,313.1499938964844,0.0,18000.0,1.0,0.0,0.0,0.0,1.0,0.7487780451774597,1.0,0.0,0.0,3.6537272930145264,3.6537506580352783,8.907699680094083e-07,4.265924453735352,4.265914440155029,9.78592834144365e-06,0.0,0.0,-0.0,4606.37548828125,0.0,1507.865478515625,1895.4371337890625,0.0,2014.888916015625,0.9053415060043336,1.0,0.0,3.0,1.0,0.0
12055200,297.0433654785156,297.1499938964844,293.1499938964844,0.0,-0.0,285.805908203125,0.9272038340568542,0.4230983853340149,0.3820168673992157,297.3863830566406,297.1499938964844,293.1499938964844,0.0,-0.0,285.8058776855469,0.94815331697464,0.449817806482315,0.4264201521873474,297.2726745605469,297.1499938964844,293.1499938964844,0.0,-0.0,285.8060607910156,0.8233819603919983,0.2971391975879669,0.2090862095355987,297.2366027832031,297.1499938964844,293.1499938964844,0.0,-0.0,285.80615234375,0.7800348997116089,0.2520462572574615,0.2407695651054382,297.18243408203125,297.1499938964844,293.1499938964844,0.0,-0.0,285.80633544921875,0.7103736400604248,0.1875628381967544,0.8542603850364685,285.8059387207031,284.95001220703125,295.7666015625,288.1138000488281,295.7662048339844,297.28680419921875,285.8050842285156,1.0,0.4834125339984894,1.0,1.0,0.0,1.0,-2.536128282546997,2.536123037338257,5.17231546837138e-06,1.95936381816864,0.958955943584442,0.958955943584442,0.0,111.4867172241211,84.0,25587.72265625,0.0,1413.3057861328125,1.0,283.1499938964844,284.8253479003906,291.1241455078125,292.8152770996094,293.1499938964844,293.1499938964844,283.1499938964844,32067.474609375,35280.0,313.1499938964844,0.0,18000.0,1.0,0.0,0.0,0.0,1.0,0.7487780451774597,1.0,0.0,0.0,3.6537272930145264,3.6537506580352783,8.907699680094083e-07,4.265924453735352,4.265914440155029,9.78592834144365e-06,0.0,0.0,-0.0,4606.37548828125,0.0,1507.865478515625,1895.4371337890625,0.0,2014.888916015625,0.9053415060043336,1.0,0.0,3.0,1.0,0.0
12055260,297.0445556640625,297.1499938964844,293.1499938964844,0.0,-0.0,285.7824401855469,0.9579117894172668,0.4218689203262329,0.3804900050163269,297.3834228515625,297.1499938964844,293.1499938964844,0.0,-0.0,285.78240966796875,0.979219138622284,0.4525143802165985,0.4285130798816681,297.2745361328125,297.1499938964844,293.1499938964844,0.0,-0.0,285.7825927734375,0.848203182220459,0.2988823652267456,0.2099613547325134,297.235595703125,297.1499938964844,293.1499938964844,0.0,-0.0,285.7826843261719,0.8051583170890808,0.253040611743927,0.24126036465168,297.18182373046875,297.1499938964844,293.1499938964844,0.0,-0.0,285.7828674316406,0.7309516668319702,0.1879120916128158,0.8537049293518066,285.7825012207031,284.95001220703125,295.7855224609375,288.11541748046875,295.7851257324219,297.2856140136719,285.7816467285156,1.0,0.4755358397960663,1.0,1.0,0.0,1.0,-2.5377821922302246,2.5377769470214844,5.178630999580491e-06,1.9604228734970093,0.9698855876922609,0.9698855876922609,0.0,100.1299285888672,87.0,25712.923828125,0.0,1366.3272705078125,1.0,283.1499938964844,284.7924499511719,291.1254577636719,292.8241271972656,293.1499938964844,293.1499938964844,283.04998779296875,33086.4921875,36000.0,313.1499938964844,0.0,18000.0,1.0,0.0,0.0,0.0,1.0,0.7508151531219482,1.0,0.0,0.0,3.745059728622437,3.745084047317505,9.358597594655294e-07,4.265924453735352,4.265914440155029,9.78592834144365e-06,0.0,0.0,-0.0,4696.89794921875,0.0,1619.154052734375,1895.4371337890625,0.0,2032.5074462890625,0.9261730909347534,1.0,0.0,3.0,1.0,0.0
12055320,297.0445556640625,297.1499938964844,293.1499938964844,0.0,-0.0,285.7824401855469,0.9579117894172668,0.4218689203262329,0.3804900050163269,297.3834228515625,297.1499938964844,293.1499938964844,0.0,-0.0,285.78240966796875,0.979219138622284,0.4525143802165985,0.4285130798816681,297.2745361328125,297.1499938964844,293.1499938964844,0.0,-0.0,285.7825927734375,0.848203182220459,0.2988823652267456,0.2099613547325134,297.235595703125,297.1499938964844,293.1499938964844,0.0,-0.0,285.7826843261719,0.8051583170890808,0.253040611743927,0.24126036465168,297.18182373046875,297.1499938964844,293.1499938964844,0.0,-0.0,285.7828674316406,0.7309516668319702,0.1879120916128158,0.8537049293518066,285.7825012207031,284.95001220703125,295.7855224609375,288.11541748046875,295.7851257324219,297.2856140136719,285.7816467285156,1.0,0.4755358397960663,1.0,1.0,0.0,1.0,-2.5377821922302246,2.5377769470214844,5.178630999580491e-06,1.9604228734970093,0.9698855876922609,0.9698855876922609,0.0,100.1299285888672,87.0,25712.923828125,0.0,1366.3272705078125,1.0,283.1499938964844,284.7924499511719,291.1254577636719,292.8241271972656,293.1499938964844,293.1499938964844,283.04998779296875,33086.4921875,36000.0,313.1499938964844,0.0,18000.0,1.0,0.0,0.0,0.0,1.0,0.7508151531219482,1.0,0.0,0.0,3.745059728622437,3.745084047317505,9.358597594655294e-07,4.265924453735352,4.265914440155029,9.78592834144365e-06,0.0,0.0,-0.0,4696.89794921875,0.0,1619.154052734375,1895.4371337890625,0.0,2032.5074462890625,0.9261730909347534,1.0,0.0,3.0,1.0,0.0
12055380,297.0414733886719,297.1499938964844,293.1499938964844,0.0,-0.0,285.6876525878906,0.9737051129341124,0.4202258884906769,0.3789332211017608,297.377197265625,297.1499938964844,293.1499938964844,0.0,-0.0,285.6876220703125,0.9948962330818176,0.4548449516296386,0.430588811635971,297.2738647460937,297.1499938964844,293.1499938964844,0.0,-0.0,285.6878967285156,0.8642534017562866,0.3003943264484405,0.2109034955501556,297.2325439453125,297.1499938964844,293.1499938964844,0.0,-0.0,285.68804931640625,0.8197697401046753,0.2538203597068786,0.2418395578861236,297.17950439453125,297.1499938964844,293.1499938964844,0.0,-0.0,285.6884155273437,0.7430522441864014,0.1880830973386764,0.8536826968193054,285.6877136230469,284.95001220703125,295.8042907714844,288.1172790527344,295.80389404296875,297.2813720703125,285.6863708496094,1.0,0.472143143415451,1.0,1.0,0.0,1.0,-2.5402064323425293,2.540201187133789,5.18807974003721e-06,1.962068796157837,0.9789689183235168,0.9789689183235168,0.0,94.42949676513672,90.0,26034.40625,0.0,1344.7447509765625,1.0,283.05230712890625,284.68115234375,291.1463317871094,292.8765869140625,293.1499938964844,293.1499938964844,282.75,34027.81640625,36000.0,313.1499938964844,0.0,18000.0,1.0,0.0,0.0,0.0,1.0,0.758159875869751,1.0,0.0,0.0,3.825338125228882,3.8253636360168457,9.764115702637357e-07,4.265924453735352,4.265914440155029,9.78592834144365e-06,0.0,0.0,-0.0,4909.07763671875,0.0,1721.665283203125,1895.4371337890625,0.0,2096.45263671875,0.9432730078697203,1.0,0.0,3.0,1.0,0.0
12055440,297.0414733886719,297.1499938964844,293.1499938964844,0.0,-0.0,285.6876525878906,0.9737051129341124,0.4202258884906769,0.3789332211017608,297.377197265625,297.1499938964844,293.1499938964844,0.0,-0.0,285.6876220703125,0.9948962330818176,0.4548449516296386,0.430588811635971,297.2738647460937,297.1499938964844,293.1499938964844,0.0,-0.0,285.6878967285156,0.8642534017562866,0.3003943264484405,0.2109034955501556,297.2325439453125,297.1499938964844,293.1499938964844,0.0,-0.0,285.68804931640625,0.8197697401046753,0.2538203597068786,0.2418395578861236,297.17950439453125,297.1499938964844,293.1499938964844,0.0,-0.0,285.6884155273437,0.7430522441864014,0.1880830973386764,0.8536826968193054,285.6877136230469,284.95001220703125,295.8042907714844,288.1172790527344,295.80389404296875,297.2813720703125,285.6863708496094,1.0,0.472143143415451,1.0,1.0,0.0,1.0,-2.5402064323425293,2.540201187133789,5.18807974003721e-06,1.962068796157837,0.9789689183235168,0.9789689183235168,0.0,94.42949676513672,90.0,26034.40625,0.0,1344.7447509765625,1.0,283.05230712890625,284.68115234375,291.1463317871094,292.8765869140625,293.1499938964844,293.1499938964844,282.75,34027.81640625,36000.0,313.1499938964844,0.0,18000.0,1.0,0.0,0.0,0.0,1.0,0.758159875869751,1.0,0.0,0.0,3.825338125228882,3.8253636360168457,9.764115702637357e-07,4.265924453735352,4.265914440155029,9.78592834144365e-06,0.0,0.0,-0.0,4909.07763671875,0.0,1721.665283203125,1895.4371337890625,0.0,2096.45263671875,0.9432730078697203,1.0,0.0,3.0,1.0,0.0
12055500,297.0357666015625,297.1499938964844,293.1499938964844,0.0,-0.0,285.51025390625,0.9767078757286072,0.4189837574958801,0.3780015707015991,297.3708190917969,297.1499938964844,293.1499938964844,0.0,-0.0,285.5097961425781,0.998397409915924,0.4556612372398376,0.4314610958099365,297.2709045410156,297.1499938964844,293.1499938964844,0.0,-0.0,285.5126342773437,0.8683900237083435,0.3008910119533539,0.211317092180252,297.2289428710937,297.1499938964844,293.1499938964844,0.0,-0.0,285.51422119140625,0.8231815099716187,0.2539916634559631,0.2420655041933059,297.17657470703125,297.1499938964844,293.1499938964844,0.0,-0.0,285.5180053710937,0.7458891868591309,0.1879840344190597,0.8534471988677979,285.5108947753906,284.95001220703125,295.8136291503906,288.1183166503906,295.813232421875,297.27642822265625,285.497802734375,1.0,0.4713579416275024,1.0,1.0,0.0,1.0,-2.5406243801116943,2.540619373321533,5.189637704461347e-06,1.9623160362243648,0.9810112118721008,0.9810112118721008,0.0,93.1781997680664,90.0,26661.873046875,0.0,1339.85498046875,1.0,282.7957458496094,284.4696350097656,291.2052001953125,293.0436096191406,293.1499938964844,293.1499938964844,282.75,34381.38671875,36000.0,313.1499938964844,0.0,18000.0,1.0,0.0,0.0,0.0,1.0,0.7698489427566528,1.0,0.0,0.0,3.8533568382263184,3.853382587432861,9.907674893838705e-07,4.265924453735352,4.265914440155029,9.78592834144365e-06,0.0,0.0,-0.0,4758.06689453125,0.0,1758.6151123046875,1895.4371337890625,0.0,2199.496826171875,0.9498030543327332,1.0,0.0,3.0,1.0,0.0
12055560,297.0268249511719,297.1499938964844,293.1499938964844,0.0,-0.0,285.443359375,0.9762976765632628,0.4173804819583893,0.3766517043113708,297.3617858886719,297.1499938964844,293.1499938964844,0.0,-0.0,285.4432678222656,0.999000072479248,0.4561728239059448,0.431781142950058,297.265625,297.1499938964844,293.1499938964844,0.0,-0.0,285.4438171386719,0.8693388104438782,0.3011379241943359,0.211538478732109,297.223388671875,297.1499938964844,293.1499938964844,0.0,-0.0,285.444091796875,0.8237700462341309,0.2539443969726562,0.2420856058597564,297.1718444824219,297.1499938964844,293.1499938964844,0.0,-0.0,285.44482421875,0.7461274266242981,0.1876889318227768,0.852420449256897,285.4434814453125,284.95001220703125,295.82293701171875,288.1194152832031,295.8225402832031,297.2685852050781,285.4410400390625,1.0,0.4708882570266723,1.0,1.0,0.0,1.0,-2.5384461879730225,2.5384409427642822,5.180575499252882e-06,1.9605480432510376,0.9835676550865172,0.9835676550865172,0.0,92.8785400390625,93.0,26704.650390625,0.0,1335.7999267578125,1.0,282.7565002441406,284.4069519042969,291.1859130859375,292.9870300292969,293.1499938964844,293.1499938964844,282.45001220703125,34670.80859375,36000.0,313.1499938964844,0.0,18000.0,1.0,0.0,0.0,0.0,1.0,0.7759179472923279,1.0,0.0,0.0,3.875842571258545,3.875868558883667,1.0023642289525014e-06,4.265924453735352,4.265914440155029,9.78592834144365e-06,0.0,0.0,-0.0,4983.99462890625,0.0,1788.6839599609375,1895.4371337890625,0.0,2253.568115234375,0.9550960063934326,1.0,0.0,3.0,1.0,0.0
12055620,297.0057067871094,297.1499938964844,293.1499938964844,0.0,-0.0,285.1939392089844,0.9704328775405884,0.4136858880519867,0.3735431134700775,297.3398132324219,297.1499938964844,293.1499938964844,0.0,-0.0,285.19384765625,0.9970388412475586,0.4566340148448944,0.4327137470245361,297.2520751953125,297.1499938964844,293.1499938964844,0.0,-0.0,285.1943359375,0.8664771914482117,0.3012342154979706,0.2117316722869873,297.2093505859375,297.1499938964844,293.1499938964844,0.0,-0.0,285.19464111328125,0.8207009434700012,0.2534580826759338,0.2417971938848495,297.1595153808594,297.1499938964844,293.1499938964844,0.0,-0.0,285.1953430175781,0.7426199913024902,0.1867203414440155,0.8488723039627075,285.19403076171875,284.95001220703125,295.8414306640625,288.12176513671875,295.8410339355469,297.249755859375,285.1916198730469,1.0,0.4706160724163055,1.0,1.0,0.0,1.0,-2.531461477279663,2.531456232070923,5.151723144081188e-06,1.9549561738967896,0.9847726821899414,0.9847726821899414,0.0,93.72888946533205,96.0,27316.302734375,0.0,1330.6549072265625,1.0,282.4563903808594,284.1305236816406,291.180419921875,293.0288391113281,293.1499938964844,293.1499938964844,282.1499938964844,35163.05078125,36000.0,313.1499938964844,0.0,18000.0,1.0,0.0,0.0,0.0,1.0,0.7915076017379761,1.0,0.0,0.0,3.907874822616577,3.9079012870788574,1.0190009334110073e-06,4.265924453735352,4.265914440155029,9.78592834144365e-06,0.0,0.0,-0.0,5038.49365234375,0.0,1832.7332763671875,1895.4371337890625,0.0,2394.048828125,0.9626445770263672,1.0,0.0,3.0,1.0,0.0
12055680,297.0057067871094,297.1499938964844,293.1499938964844,0.0,-0.0,285.1939392089844,0.9704328775405884,0.4136858880519867,0.3735431134700775,297.3398132324219,297.1499938964844,293.1499938964844,0.0,-0.0,285.19384765625,0.9970388412475586,0.4566340148448944,0.4327137470245361,297.2520751953125,297.1499938964844,293.1499938964844,0.0,-0.0,285.1943359375,0.8664771914482117,0.3012342154979706,0.2117316722869873,297.2093505859375,297.1499938964844,293.1499938964844,0.0,-0.0,285.19464111328125,0.8207009434700012,0.2534580826759338,0.2417971938848495,297.1595153808594,297.1499938964844,293.1499938964844,0.0,-0.0,285.1953430175781,0.7426199913024902,0.1867203414440155,0.8488723039627075,285.19403076171875,284.95001220703125,295.8414306640625,288.12176513671875,295.8410339355469,297.249755859375,285.1916198730469,1.0,0.4706160724163055,1.0,1.0,0.0,1.0,-2.531461477279663,2.531456232070923,5.151723144081188e-06,1.9549561738967896,0.9847726821899414,0.9847726821899414,0.0,93.72888946533205,96.0,27316.302734375,0.0,1330.6549072265625,1.0,282.4563903808594,284.1305236816406,291.180419921875,293.0288391113281,293.1499938964844,293.1499938964844,282.1499938964844,35163.05078125,36000.0,313.1499938964844,0.0,18000.0,1.0,0.0,0.0,0.0,1.0,0.7915076017379761,1.0,0.0,0.0,3.907874822616577,3.9079012870788574,1.0190009334110073e-06,4.265924453735352,4.265914440155029,9.78592834144365e-06,0.0,0.0,-0.0,5038.49365234375,0.0,1832.7332763671875,1895.4371337890625,0.0,2394.048828125,0.9626445770263672,1.0,0.0,3.0,1.0,0.0
12055740,296.9832763671875,297.1499938964844,293.1499938964844,0.0,-0.0,284.9454040527344,0.9595291614532472,0.4095891118049621,0.3700602650642395,297.3153381347656,297.1499938964844,293.1499938964844,0.0,-0.0,284.9452819824219,0.991050899028778,0.4565613269805908,0.4328530132770538,297.2366638183594,297.1499938964844,293.1499938964844,0.0,-0.0,284.9457702636719,0.8595025539398193,0.3009693324565887,0.2116767168045044,297.1932983398437,297.1499938964844,293.1499938964844,0.0,-0.0,284.9460754394531,0.8137733936309814,0.2525855302810669,0.2411572039127349,297.1449279785156,297.1499938964844,293.1499938964844,0.0,-0.0,284.94677734375,0.7356505393981934,0.1853649467229843,0.8436703085899353,284.94549560546875,284.95001220703125,295.8598327636719,288.1243591308594,295.8594055175781,297.228759765625,284.94317626953125,1.0,0.4707177579402923,1.0,1.0,0.0,1.0,-2.520357370376587,2.5203521251678467,5.106223397888243e-06,1.9461684226989744,0.9826655983924866,0.9826655983924866,0.0,95.88497924804688,99.0,27875.703125,0.0,1325.9827880859375,1.0,282.15625,283.8568420410156,291.1649169921875,293.0484924316406,293.1499938964844,293.1499938964844,281.8500061035156,35560.4375,36000.0,313.1499938964844,0.0,18000.0,1.0,0.0,0.0,0.0,1.0,0.8030466437339783,1.0,0.0,0.0,3.925100088119507,3.925126791000366,1.028003794090182e-06,4.265924453735352,4.265914440155029,9.78592834144365e-06,0.0,0.0,-0.0,5087.73486328125,0.0,1857.7730712890625,1895.4371337890625,0.0,2499.31298828125,0.9667826890945436,1.0,0.0,3.0,1.0,0.0
12055800,296.9832763671875,297.1499938964844,293.1499938964844,0.0,-0.0,284.9454040527344,0.9595291614532472,0.4095891118049621,0.3700602650642395,297.3153381347656,297.1499938964844,293.1499938964844,0.0,-0.0,284.9452819824219,0.991050899028778,0.4565613269805908,0.4328530132770538,297.2366638183594,297.1499938964844,293.1499938964844,0.0,-0.0,284.9457702636719,0.8595025539398193,0.3009693324565887,0.2116767168045044,297.1932983398437,297.1499938964844,293.1499938964844,0.0,-0.0,284.9460754394531,0.8137733936309814,0.2525855302810669,0.2411572039127349,297.1449279785156,297.1499938964844,293.1499938964844,0.0,-0.0,284.94677734375,0.7356505393981934,0.1853649467229843,0.8436703085899353,284.94549560546875,284.95001220703125,295.8598327636719,288.1243591308594,295.8594055175781,297.228759765625,284.94317626953125,1.0,0.4707177579402923,1.0,1.0,0.0,1.0,-2.520357370376587,2.5203521251678467,5.106223397888243e-06,1.9461684226989744,0.9826655983924866,0.9826655983924866,0.0,95.88497924804688,99.0,27875.703125,0.0,1325.9827880859375,1.0,282.15625,283.8568420410156,291.1649169921875,293.0484924316406,293.1499938964844,293.1499938964844,281.8500061035156,35560.4375,36000.0,313.1499938964844,0.0,18000.0,1.0,0.0,0.0,0.0,1.0,0.8030466437339783,1.0,0.0,0.0,3.925100088119507,3.925126791000366,1.028003794090182e-06,4.265924453735352,4.265914440155029,9.78592834144365e-06,0.0,0.0,-0.0,5087.73486328125,0.0,1857.7730712890625,1895.4371337890625,0.0,2499.31298828125,0.9667826890945436,1.0,0.0,3.0,1.0,0.0
12055860,296.96142578125,297.1499938964844,293.1499938964844,0.0,-0.0,284.7032165527344,0.9460224509239196,0.4052619338035583,0.366362988948822,297.2905578613281,297.1499938964844,293.1499938964844,0.0,-0.0,284.703125,0.9830396771430968,0.456146627664566,0.4326650202274322,297.2210693359375,297.1499938964844,293.1499938964844,0.0,-0.0,284.7035522460937,0.8511422872543335,0.3004882931709289,0.2114683836698532,297.1767883300781,297.1499938964844,293.1499938964844,0.0,-0.0,284.70379638671875,0.8050234317779541,0.2514602541923523,0.2402767390012741,297.1296691894531,297.1499938964844,293.1499938964844,0.0,-0.0,284.70440673828125,0.7274044156074524,0.1837565153837204,0.837320864200592,284.70330810546875,284.95001220703125,295.8780822753906,288.1272277832031,295.877685546875,297.2075500488281,284.70123291015625,1.0,0.470921516418457,1.0,1.0,0.0,1.0,-2.50675368309021,2.506748676300049,5.050848358223448e-06,1.935447096824646,0.9773555994033812,0.9773555994033812,0.0,98.63793182373048,102.0,28433.53125,0.0,1320.7677001953125,1.0,281.8562316894531,283.5884704589844,291.1546936035156,293.06939697265625,293.1499938964844,293.1499938964844,281.54998779296875,35902.17578125,36000.0,313.1499938964844,0.0,18000.0,1.0,0.0,0.0,0.0,1.0,0.8118337392807007,1.0,0.0,0.0,3.929615020751953,3.929641962051392,1.0303701856173577e-06,4.265924453735352,4.265914440155029,9.78592834144365e-06,0.0,0.0,-0.0,5138.8974609375,0.0,1866.2850341796875,1895.4371337890625,0.0,2580.09033203125,0.9680126905441284,1.0,0.0,3.0,1.0,0.0
12055920,296.96142578125,297.1499938964844,293.1499938964844,0.0,-0.0,284.7032165527344,0.9460224509239196,0.4052619338035583,0.366362988948822,297.2905578613281,297.1499938964844,293.1499938964844,0.0,-0.0,284.703125,0.9830396771430968,0.456146627664566,0.4326650202274322,297.2210693359375,297.1499938964844,293.1499938964844,0.0,-0.0,284.7035522460937,0.8511422872543335,0.3004882931709289,0.2114683836698532,297.1767883300781,297.1499938964844,293.1499938964844,0.0,-0.0,284.70379638671875,0.8050234317779541,0.2514602541923523,0.2402767390012741,297.1296691894531,297.1499938964844,293.1499938964844,0.0,-0.0,284.70440673828125,0.7274044156074524,0.1837565153837204,0.837320864200592,284.70330810546875,284.95001220703125,295.8780822753906,288.1272277832031,295.877685546875,297.2075500488281,284.70123291015625,1.0,0.470921516418457,1.0,1.0,0.0,1.0,-2.50675368309021,2.506748676300049,5.050848358223448e-06,1.935447096824646,0.9773555994033812,0.9773555994033812,0.0,98.63793182373048,102.0,28433.53125,0.0,1320.7677001953125,1.0,281.8562316894531,283.5884704589844,291.1546936035156,293.06939697265625,293.1499938964844,293.1499938964844,281.54998779296875,35902.17578125,36000.0,313.1499938964844,0.0,18000.0,1.0,0.0,0.0,0.0,1.0,0.8118337392807007,1.0,0.0,0.0,3.929615020751953,3.929641962051392,1.0303701856173577e-06,4.265924453735352,4.265914440155029,9.78592834144365e-06,0.0,0.0,-0.0,5138.8974609375,0.0,1866.2850341796875,1895.4371337890625,0.0,2580.09033203125,0.9680126905441284,1.0,0.0,3.0,1.0,0.0
12055980,296.9422912597656,297.1499938964844,293.1499938964844,0.0,-0.0,284.48687744140625,0.9317706227302552,0.400936096906662,0.3626275360584259,297.2674865722656,297.1499938964844,293.1499938964844,0.0,-0.0,284.4867553710937,0.9741308093070984,0.4555899798870086,0.4323076903820038,297.20703125,297.1499938964844,293.1499938964844,0.0,-0.0,284.4871826171875,0.8428501486778259,0.2999662756919861,0.2112091481685638,297.1613464355469,297.1499938964844,293.1499938964844,0.0,-0.0,284.4874267578125,0.7958195805549622,0.2502355277538299,0.2392764687538147,297.11529541015625,297.1499938964844,293.1499938964844,0.0,-0.0,284.488037109375,0.7188962697982788,0.1820415258407592,0.8303751349449158,284.4869384765625,284.95001220703125,295.8962097167969,288.1303405761719,295.89581298828125,297.1879272460937,284.4850158691406,1.0,0.4711328148841858,1.0,1.0,0.0,1.0,-2.491978406906128,2.491973400115967,4.991093646822264e-06,1.9238231182098389,0.9693988561630248,0.9693988561630248,0.0,101.59368896484376,105.0,29138.74609375,0.0,1314.9942626953125,1.0,281.5561828613281,283.3340759277344,291.15606689453125,293.10968017578125,293.1499938964844,293.1499938964844,281.25,36202.26171875,36000.0,313.1499938964844,0.0,18000.0,1.0,0.0,0.0,0.0,1.0,0.8201847076416016,1.0,0.0,0.0,3.9230153560638414,3.923042297363281,1.026912173074379e-06,4.265924453735352,4.265914440155029,9.78592834144365e-06,0.0,0.0,-0.0,5203.22216796875,0.0,1860.2799072265625,1895.4371337890625,0.0,2657.28076171875,0.9667067527770996,1.0,0.0,3.0,1.0,0.0
12056040,296.9422912597656,297.1499938964844,293.1499938964844,0.0,-0.0,284.48687744140625,0.9317706227302552,0.400936096906662,0.3626275360584259,297.2674865722656,297.1499938964844,293.1499938964844,0.0,-0.0,284.4867553710937,0.9741308093070984,0.4555899798870086,0.4323076903820038,297.20703125,297.1499938964844,293.1499938964844,0.0,-0.0,284.4871826171875,0.8428501486778259,0.2999662756919861,0.2112091481685638,297.1613464355469,297.1499938964844,293.1499938964844,0.0,-0.0,284.4874267578125,0.7958195805549622,0.2502355277538299,0.2392764687538147,297.11529541015625,297.1499938964844,293.1499938964844,0.0,-0.0,284.488037109375,0.7188962697982788,0.1820415258407592,0.8303751349449158,284.4869384765625,284.95001220703125,295.8962097167969,288.1303405761719,295.89581298828125,297.1879272460937,284.4850158691406,1.0,0.4711328148841858,1.0,1.0,0.0,1.0,-2.491978406906128,2.491973400115967,4.991093646822264e-06,1.9238231182098389,0.9693988561630248,0.9693988561630248,0.0,101.59368896484376,105.0,29138.74609375,0.0,1314.9942626953125,1.0,281.5561828613281,283.3340759277344,291.15606689453125,293.10968017578125,293.1499938964844,293.1499938964844,281.25,36202.26171875,36000.0,313.1499938964844,0.0,18000.0,1.0,0.0,0.0,0.0,1.0,0.8201847076416016,1.0,0.0,0.0,3.9230153560638414,3.923042297363281,1.026912173074379e-06,4.265924453735352,4.265914440155029,9.78592834144365e-06,0.0,0.0,-0.0,5203.22216796875,0.0,1860.2799072265625,1895.4371337890625,0.0,2657.28076171875,0.9667067527770996,1.0,0.0,3.0,1.0,0.0
12056100,296.93377685546875,297.1499938964844,293.1499938964844,0.0,-0.0,284.3277587890625,0.9249248504638672,0.3987849056720733,0.3608186244964599,297.2567138671875,297.1499938964844,293.1499938964844,0.0,-0.0,284.3271179199219,0.9696693420410156,0.4552778303623199,0.4321315586566925,297.20074462890625,297.1499938964844,293.1499938964844,0.0,-0.0,284.32958984375,0.8390166163444519,0.2997095584869385,0.2111009359359741,297.1542053222656,297.1499938964844,293.1499938964844,0.0,-0.0,284.33111572265625,0.7914554476737976,0.2496083527803421,0.2387771755456924,297.108642578125,297.1499938964844,293.1499938964844,0.0,-0.0,284.3347473144531,0.7147056460380554,0.1811707764863968,0.8268769979476929,284.3282165527344,284.95001220703125,295.9052429199219,288.1319885253906,295.90484619140625,297.1789245605469,284.3165588378906,1.0,0.4712455570697784,1.0,1.0,0.0,1.0,-2.484660625457764,2.4846556186676025,4.961647846357664e-06,1.918073296546936,0.9637261629104614,0.9637261629104614,0.0,103.05842590332033,105.0,29834.634765625,0.0,1312.1527099609375,1.0,281.29449462890625,283.1330261230469,291.18902587890625,293.2342224121094,293.1499938964844,293.1499938964844,281.25,36358.90625,36000.0,313.1499938964844,0.0,18000.0,1.0,0.0,0.0,0.0,1.0,0.8274522423744202,1.0,0.0,0.0,3.91581916809082,3.915846109390259,1.0231482292510918e-06,4.265924453735352,4.265914440155029,9.78592834144365e-06,0.0,0.0,-0.0,5019.015625,0.0,1852.384033203125,1895.4371337890625,0.0,2724.741455078125,0.9651510119438172,1.0,0.0,3.0,1.0,0.0
12056160,296.9252014160156,297.1499938964844,293.1499938964844,0.0,-0.0,284.2725830078125,0.9178392291069032,0.3965741097927093,0.3588820993900299,297.2458801269531,297.1499938964844,293.1499938964844,0.0,-0.0,284.2724609375,0.9647958278656006,0.4548864066600799,0.4318280220031738,297.1944274902344,297.1499938964844,293.1499938964844,0.0,-0.0,284.2728576660156,0.8350156545639038,0.2994101047515869,0.2109343558549881,297.1470947265625,297.1499938964844,293.1499938964844,0.0,-0.0,284.2731018066406,0.786897599697113,0.2489359974861145,0.2382112443447113,297.1020812988281,297.1499938964844,293.1499938964844,0.0,-0.0,284.273681640625,0.7101801633834839,0.1802625805139541,0.8231459259986877,284.27264404296875,284.95001220703125,295.91424560546875,288.1337280273437,295.9138488769531,297.16961669921875,284.27081298828125,1.0,0.4713316261768341,1.0,1.0,0.0,1.0,-2.476606845855713,2.476601839065552,4.929380793328164e-06,1.9117648601531985,0.9586011171340942,0.9586011171340942,0.0,104.61721801757812,108.0,29816.44921875,0.0,1308.8109130859375,1.0,281.25616455078125,283.083251953125,291.16168212890625,293.1560974121094,293.1499938964844,293.1499938964844,280.95001220703125,36496.44921875,36000.0,313.1499938964844,0.0,18000.0,1.0,0.0,0.0,0.0,1.0,0.829099714756012,1.0,0.0,0.0,3.905587911605835,3.9056146144866943,1.017808585856983e-06,4.265924453735352,4.265914440155029,9.78592834144365e-06,0.0,0.0,-0.0,5267.89111328125,0.0,1840.5223388671875,1895.4371337890625,0.0,2740.066650390625,0.9629560112953186,1.0,0.0,3.0,1.0,0.0
12056220,296.9099426269531,297.1499938964844,293.1499938964844,0.0,-0.0,284.0667724609375,0.9050288200378418,0.3921806812286377,0.3551007509231567,297.2255249023437,297.1499938964844,293.1499938964844,0.0,-0.0,284.066650390625,0.9551931023597716,0.4540412425994873,0.4312097728252411,297.1831359863281,297.1499938964844,293.1499938964844,0.0,-0.0,284.0670166015625,0.8276060819625854,0.2988277971744537,0.2106378227472305,297.134033203125,297.1499938964844,293.1499938964844,0.0,-0.0,284.0672302246094,0.7783463597297668,0.2475738078355789,0.2370827943086624,297.0900573730469,297.1499938964844,293.1499938964844,0.0,-0.0,284.0677795410156,0.7011762261390686,0.1784380674362182,0.8156911730766296,284.0668334960937,284.95001220703125,295.9321594238281,288.1373291015625,295.9317626953125,297.1524963378906,284.06512451171875,1.0,0.4714992344379425,1.0,1.0,0.0,1.0,-2.4606528282165527,2.460647821426392,4.86580893266364e-06,1.899282455444336,0.9451226592063904,0.9451226592063904,0.0,107.6760711669922,111.0,30577.697265625,0.0,1302.10595703125,1.0,280.9564514160156,282.8437194824219,291.168212890625,293.2078552246094,293.1499938964844,293.1499938964844,280.6499938964844,36800.0625,36000.0,313.1499938964844,0.0,18000.0,1.0,0.0,0.0,0.0,1.0,0.8385166525840759,1.0,0.0,0.0,3.87697434425354,3.87700080871582,1.00294960247993e-06,4.265924453735352,4.265914440155029,9.78592834144365e-06,0.0,0.0,-0.0,5339.568359375,0.0,1807.012451171875,1895.4371337890625,0.0,2827.859375,0.9566966891288756,1.0,0.0,3.0,1.0,0.0
12056280,296.9099426269531,297.1499938964844,293.1499938964844,0.0,-0.0,284.0667724609375,0.9050288200378418,0.3921806812286377,0.3551007509231567,297.2255249023437,297.1499938964844,293.1499938964844,0.0,-0.0,284.066650390625,0.9551931023597716,0.4540412425994873,0.4312097728252411,297.1831359863281,297.1499938964844,293.1499938964844,0.0,-0.0,284.0670166015625,0.8276060819625854,0.2988277971744537,0.2106378227472305,297.134033203125,297.1499938964844,293.1499938964844,0.0,-0.0,284.0672302246094,0.7783463597297668,0.2475738078355789,0.2370827943086624,297.0900573730469,297.1499938964844,293.1499938964844,0.0,-0.0,284.0677795410156,0.7011762261390686,0.1784380674362182,0.8156911730766296,284.0668334960937,284.95001220703125,295.9321594238281,288.1373291015625,295.9317626953125,297.1524963378906,284.06512451171875,1.0,0.4714992344379425,1.0,1.0,0.0,1.0,-2.4606528282165527,2.460647821426392,4.86580893266364e-06,1.899282455444336,0.9451226592063904,0.9451226592063904,0.0,107.6760711669922,111.0,30577.697265625,0.0,1302.10595703125,1.0,280.9564514160156,282.8437194824219,291.168212890625,293.2078552246094,293.1499938964844,293.1499938964844,280.6499938964844,36800.0625,36000.0,313.1499938964844,0.0,18000.0,1.0,0.0,0.0,0.0,1.0,0.8385166525840759,1.0,0.0,0.0,3.87697434425354,3.87700080871582,1.00294960247993e-06,4.265924453735352,4.265914440155029,9.78592834144365e-06,0.0,0.0,-0.0,5339.568359375,0.0,1807.012451171875,1895.4371337890625,0.0,2827.859375,0.9566966891288756,1.0,0.0,3.0,1.0,0.0
12056340,296.8964233398437,297.1499938964844,293.1499938964844,0.0,-0.0,283.865478515625,0.893672525882721,0.3877694010734558,0.3513049185276031,297.2064819335937,297.1499938964844,293.1499938964844,0.0,-0.0,283.8653564453125,0.9455435872077942,0.4530669450759887,0.4304713904857635,297.173095703125,297.1499938964844,293.1499938964844,0.0,-0.0,283.8656921386719,0.8205870389938354,0.298231840133667,0.2103320956230163,297.1221008300781,297.1499938964844,293.1499938964844,0.0,-0.0,283.86590576171875,0.7702590227127075,0.2461621910333633,0.2359072118997573,297.0792541503906,297.1499938964844,293.1499938964844,0.0,-0.0,283.866455078125,0.6924499869346619,0.1765840947628021,0.8080967664718628,283.86553955078125,284.95001220703125,295.95001220703125,288.1412048339844,295.9495849609375,297.1365661621094,283.8639831542969,1.0,0.4716367423534393,1.0,1.0,0.0,1.0,-2.4443018436431885,2.4442970752716064,4.801165687240427e-06,1.886526226997376,0.9290007948875428,0.9290007948875428,0.0,110.73680877685548,114.0,31331.87890625,0.0,1294.9757080078125,1.0,280.6566467285156,282.6107482910156,291.174560546875,293.2607727050781,293.1499938964844,293.1499938964844,280.3500061035156,37131.6875,36000.0,313.1499938964844,0.0,18000.0,1.0,0.0,0.0,0.0,1.0,0.8484389781951904,1.0,0.0,0.0,3.836165189743042,3.836191177368164,9.819466413318878e-07,4.265924453735352,4.265914440155029,9.78592834144365e-06,0.0,0.0,-0.0,5411.685546875,0.0,1759.216796875,1895.4371337890625,0.0,2920.65185546875,0.9477239847183228,1.0,0.0,3.0,1.0,0.0
12056400,296.8964233398437,297.1499938964844,293.1499938964844,0.0,-0.0,283.865478515625,0.893672525882721,0.3877694010734558,0.3513049185276031,297.2064819335937,297.1499938964844,293.1499938964844,0.0,-0.0,283.8653564453125,0.9455435872077942,0.4530669450759887,0.4304713904857635,297.173095703125,297.1499938964844,293.1499938964844,0.0,-0.0,283.8656921386719,0.8205870389938354,0.298231840133667,0.2103320956230163,297.1221008300781,297.1499938964844,293.1499938964844,0.0,-0.0,283.86590576171875,0.7702590227127075,0.2461621910333633,0.2359072118997573,297.0792541503906,297.1499938964844,293.1499938964844,0.0,-0.0,283.866455078125,0.6924499869346619,0.1765840947628021,0.8080967664718628,283.86553955078125,284.95001220703125,295.95001220703125,288.1412048339844,295.9495849609375,297.1365661621094,283.8639831542969,1.0,0.4716367423534393,1.0,1.0,0.0,1.0,-2.4443018436431885,2.4442970752716064,4.801165687240427e-06,1.886526226997376,0.9290007948875428,0.9290007948875428,0.0,110.73680877685548,114.0,31331.87890625,0.0,1294.9757080078125,1.0,280.6566467285156,282.6107482910156,291.174560546875,293.2607727050781,293.1499938964844,293.1499938964844,280.3500061035156,37131.6875,36000.0,313.1499938964844,0.0,18000.0,1.0,0.0,0.0,0.0,1.0,0.8484389781951904,1.0,0.0,0.0,3.836165189743042,3.836191177368164,9.819466413318878e-07,4.265924453735352,4.265914440155029,9.78592834144365e-06,0.0,0.0,-0.0,5411.685546875,0.0,1759.216796875,1895.4371337890625,0.0,2920.65185546875,0.9477239847183228,1.0,0.0,3.0,1.0,0.0
12056460,296.9237976074219,297.1499938964844,293.1499938964844,0.0,-0.0,283.6889953613281,0.8946578502655029,0.3873679339885711,0.350188136100769,297.2299499511719,297.1499938964844,293.1499938964844,0.0,-0.0,283.6889953613281,0.9495121240615844,0.4561954438686371,0.4325640797615051,297.20611572265625,297.1499938964844,293.1499938964844,0.0,-0.0,283.6889953613281,0.8245340585708618,0.3019028604030609,0.2122319340705871,297.1548767089844,297.1499938964844,293.1499938964844,0.0,-0.0,283.6889953613281,0.7740011215209961,0.249162808060646,0.237796738743782,297.1153259277344,297.1499938964844,293.1499938964844,0.0,-0.0,283.6890563964844,0.6963600516319275,0.1793684214353561,0.8157549500465393,283.6889953613281,284.95001220703125,295.9677429199219,288.1468505859375,295.96734619140625,297.16241455078125,283.6893615722656,1.0,0.4733674824237823,1.0,1.0,0.0,1.0,-2.4591963291168213,2.45919156074524,4.859164164372487e-06,1.8976905345916748,0.9106481671333312,0.9106481671333312,0.0,110.30010986328124,117.0,32356.232421875,0.0,1311.33837890625,1.0,280.3569641113281,282.402099609375,291.1825256347656,293.3227233886719,293.1499938964844,293.1499938964844,280.04998779296875,37491.52734375,36000.0,313.1499938964844,0.0,18000.0,1.0,0.0,0.0,0.0,1.0,0.8586054444313049,1.0,0.0,0.0,3.781862735748291,3.781888484954834,9.543437045067549e-07,4.265924453735352,4.265914440155029,9.78592834144365e-06,0.0,0.0,-0.0,5502.3935546875,0.0,1696.4434814453125,1895.4371337890625,0.0,3015.92626953125,0.935769259929657,1.0,0.0,3.0,1.0,0.0
12056520,296.9237976074219,297.1499938964844,293.1499938964844,0.0,-0.0,283.6889953613281,0.8946578502655029,0.3873679339885711,0.350188136100769,297.2299499511719,297.1499938964844,293.1499938964844,0.0,-0.0,283.6889953613281,0.9495121240615844,0.4561954438686371,0.4325640797615051,297.20611572265625,297.1499938964844,293.1499938964844,0.0,-0.0,283.6889953613281,0.8245340585708618,0.3019028604030609,0.2122319340705871,297.1548767089844,297.1499938964844,293.1499938964844,0.0,-0.0,283.6889953613281,0.7740011215209961,0.249162808060646,0.237796738743782,297.1153259277344,297.1499938964844,293.1499938964844,0.0,-0.0,283.6890563964844,0.6963600516319275,0.1793684214353561,0.8157549500465393,283.6889953613281,284.95001220703125,295.9677429199219,288.1468505859375,295.96734619140625,297.16241455078125,283.6893615722656,1.0,0.4733674824237823,1.0,1.0,0.0,1.0,-2.4591963291168213,2.45919156074524,4.859164164372487e-06,1.8976905345916748,0.9106481671333312,0.9106481671333312,0.0,110.30010986328124,117.0,32356.232421875,0.0,1311.33837890625,1.0,280.3569641113281,282.402099609375,291.1825256347656,293.3227233886719,293.1499938964844,293.1499938964844,280.04998779296875,37491.52734375,36000.0,313.1499938964844,0.0,18000.0,1.0,0.0,0.0,0.0,1.0,0.8586054444313049,1.0,0.0,0.0,3.781862735748291,3.781888484954834,9.543437045067549e-07,4.265924453735352,4.265914440155029,9.78592834144365e-06,0.0,0.0,-0.0,5502.3935546875,0.0,1696.4434814453125,1895.4371337890625,0.0,3015.92626953125,0.935769259929657,1.0,0.0,3.0,1.0,0.0
12056580,296.9286193847656,297.1499938964844,293.1499938964844,0.0,-0.0,283.52496337890625,0.8905665278434753,0.3850075900554657,0.3484511077404022,297.2313537597656,297.1499938964844,293.1499938964844,0.0,-0.0,283.52496337890625,0.9477962255477904,0.4573654234409332,0.4340813755989074,297.216552734375,297.1499938964844,293.1499938964844,0.0,-0.0,283.5249938964844,0.8242412209510803,0.3036893010139465,0.2137735188007354,297.1656799316406,297.1499938964844,293.1499938964844,0.0,-0.0,283.5250244140625,0.7734748721122742,0.2503345012664795,0.2393158078193664,297.13006591796875,297.1499938964844,293.1499938964844,0.0,-0.0,283.525146484375,0.6963260769844055,0.1804422438144683,0.8225062489509583,283.52496337890625,284.95001220703125,295.9853820800781,288.1556091308594,295.9849853515625,297.1679382324219,283.5250549316406,1.0,0.475980669260025,1.0,1.0,0.0,1.0,-2.4707326889038086,2.4707276821136475,4.905250079900725e-06,1.906816840171814,0.8902530670166016,0.8902530670166016,0.0,111.87372589111328,120.0,33344.9296875,0.0,1332.156982421875,1.0,280.05743408203125,282.20416259765625,291.1975402832031,293.3992004394531,293.1499938964844,293.1499938964844,280.3500061035156,37884.25390625,36000.0,313.1499938964844,0.0,18000.0,1.0,0.0,0.0,0.0,1.0,0.8701193928718567,1.0,0.0,0.0,3.713022470474243,3.713047504425049,9.199165447171254e-07,4.265924453735352,4.265914440155029,9.78592834144365e-06,0.0,0.0,-0.0,4974.23681640625,0.0,1618.7626953125,1895.4371337890625,0.0,3123.9306640625,0.9206180572509766,1.0,0.0,3.0,1.0,0.0
12056640,296.9286193847656,297.1499938964844,293.1499938964844,0.0,-0.0,283.52496337890625,0.8905665278434753,0.3850075900554657,0.3484511077404022,297.2313537597656,297.1499938964844,293.1499938964844,0.0,-0.0,283.52496337890625,0.9477962255477904,0.4573654234409332,0.4340813755989074,297.216552734375,297.1499938964844,293.1499938964844,0.0,-0.0,283.5249938964844,0.8242412209510803,0.3036893010139465,0.2137735188007354,297.1656799316406,297.1499938964844,293.1499938964844,0.0,-0.0,283.5250244140625,0.7734748721122742,0.2503345012664795,0.2393158078193664,297.13006591796875,297.1499938964844,293.1499938964844,0.0,-0.0,283.525146484375,0.6963260769844055,0.1804422438144683,0.8225062489509583,283.52496337890625,284.95001220703125,295.9853820800781,288.1556091308594,295.9849853515625,297.1679382324219,283.5250549316406,1.0,0.475980669260025,1.0,1.0,0.0,1.0,-2.4707326889038086,2.4707276821136475,4.905250079900725e-06,1.906816840171814,0.8902530670166016,0.8902530670166016,0.0,111.87372589111328,120.0,33344.9296875,0.0,1332.156982421875,1.0,280.05743408203125,282.20416259765625,291.1975402832031,293.3992004394531,293.1499938964844,293.1499938964844,280.3500061035156,37884.25390625,36000.0,313.1499938964844,0.0,18000.0,1.0,0.0,0.0,0.0,1.0,0.8701193928718567,1.0,0.0,0.0,3.713022470474243,3.713047504425049,9.199165447171254e-07,4.265924453735352,4.265914440155029,9.78592834144365e-06,0.0,0.0,-0.0,4974.23681640625,0.0,1618.7626953125,1895.4371337890625,0.0,3123.9306640625,0.9206180572509766,1.0,0.0,3.0,1.0,0.0
12056700,296.9344177246094,297.1499938964844,293.1499938964844,0.0,-0.0,283.67303466796875,0.8870958685874939,0.384168267250061,0.3474678695201874,297.23358154296875,297.1499938964844,293.1499938964844,0.0,-0.0,283.6739807128906,0.9451939463615416,0.4580969512462616,0.4346112310886383,297.2220153808594,297.1499938964844,293.1499938964844,0.0,-0.0,283.67144775390625,0.8227489590644836,0.3046423196792602,0.2143620550632476,297.1697082519531,297.1499938964844,293.1499938964844,0.0,-0.0,283.6697692871094,0.7717222571372986,0.2508277595043182,0.2397583276033401,297.13494873046875,297.1499938964844,293.1499938964844,0.0,-0.0,283.6659545898437,0.6947195529937744,0.1807948052883148,0.8242132067680359,283.6727600097656,284.95001220703125,295.99420166015625,288.1611328125,295.9938049316406,297.1708679199219,283.68536376953125,1.0,0.4772917330265045,1.0,1.0,0.0,1.0,-2.473475694656372,2.473470687866211,4.916170837532263e-06,1.9089502096176147,0.8831384778022766,0.8831384778022766,0.0,113.2001495361328,120.0,32521.865234375,0.0,1341.1492919921875,1.0,280.3023376464844,282.3958435058594,291.1087646484375,293.1693115234375,293.1499938964844,293.1499938964844,280.3500061035156,37898.09765625,36000.0,313.1499938964844,0.0,18000.0,1.0,0.0,0.0,0.0,1.0,0.8600127696990967,1.0,0.0,0.0,3.676766157150269,3.676790952682495,9.020390052683068e-07,4.265924453735352,4.265914440155029,9.78592834144365e-06,0.0,0.0,-0.0,5104.17333984375,0.0,1577.457763671875,1895.4371337890625,0.0,3029.124755859375,0.9125999212265016,1.0,0.0,3.0,1.0,0.0
12056760,296.94500732421875,297.1499938964844,293.1499938964844,0.0,-0.0,283.74462890625,0.884777843952179,0.3838427364826202,0.3470411598682403,297.239990234375,297.1499938964844,293.1499938964844,0.0,-0.0,283.7449035644531,0.943700671195984,0.4592546224594116,0.435580313205719,297.2303771972656,297.1499938964844,293.1499938964844,0.0,-0.0,283.7441711425781,0.8220930099487305,0.3059216141700744,0.2151917070150375,297.175537109375,297.1499938964844,293.1499938964844,0.0,-0.0,283.74371337890625,0.7707274556159973,0.2515248656272888,0.2403800785541534,297.14080810546875,297.1499938964844,293.1499938964844,0.0,-0.0,283.7426452636719,0.6937666535377502,0.1812742203474044,0.826328456401825,283.7445373535156,284.95001220703125,296.0029602050781,288.1673583984375,296.0025634765625,297.17730712890625,283.748291015625,1.0,0.478727251291275,1.0,1.0,0.0,1.0,-2.4784090518951416,2.4784040451049805,4.935814104101155e-06,1.9127721786499023,0.8758684396743774,0.8758684396743774,0.0,114.3023910522461,123.0,32456.017578125,0.0,1351.948974609375,1.0,280.3424987792969,282.466796875,291.10272216796875,293.1823425292969,293.1499938964844,293.1499938964844,280.6499938964844,37879.45703125,36000.0,313.1499938964844,0.0,18000.0,1.0,0.0,0.0,0.0,1.0,0.852408230304718,1.0,0.0,0.0,3.642030954360962,3.6420552730560303,8.8507601958554e-07,4.265924453735352,4.265914440155029,9.78592834144365e-06,0.0,0.0,-0.0,4866.74951171875,0.0,1538.3524169921875,1895.4371337890625,0.0,2957.831787109375,0.904813289642334,1.0,0.0,3.0,1.0,0.0
12056820,296.97137451171875,297.1499938964844,293.1499938964844,0.0,-0.0,283.9849548339844,0.8815702795982361,0.3839107453823089,0.3469496369361877,297.2585754394531,297.1499938964844,293.1499938964844,0.0,-0.0,283.9852600097656,0.9421783089637756,0.4622709155082702,0.4382534921169281,297.2511291503906,297.1499938964844,293.1499938964844,0.0,-0.0,283.9844970703125,0.8218997716903687,0.3090355098247528,0.2172727137804031,297.18994140625,297.1499938964844,293.1499938964844,0.0,-0.0,283.9840087890625,0.7697720527648926,0.2533047795295715,0.2419931143522262,297.1542053222656,297.1499938964844,293.1499938964844,0.0,-0.0,283.9828491210937,0.6928074955940247,0.1825108230113983,0.8317100405693054,283.9848937988281,284.95001220703125,296.0204467773437,288.1818542480469,296.02008056640625,297.1948547363281,283.9889221191406,1.0,0.4819739162921905,1.0,1.0,0.0,1.0,-2.492410182952881,2.49240517616272,4.991895821149228e-06,1.923677682876587,0.8648842573165894,0.8648842573165894,0.0,116.31211853027344,126.0,31612.55078125,0.0,1378.0606689453125,1.0,280.64141845703125,282.7475280761719,291.097900390625,293.101806640625,293.1499938964844,293.1499938964844,280.95001220703125,37710.04296875,36000.0,313.1499938964844,0.0,18000.0,1.0,0.0,0.0,0.0,1.0,0.8316513299942017,1.0,0.0,0.0,3.577176094055176,3.577199697494507,8.538349334230588e-07,4.265924453735352,4.265914440155029,9.78592834144365e-06,0.0,0.0,-0.0,4801.4169921875,0.0,1466.18701171875,1895.4371337890625,0.0,2763.823486328125,0.8902719616889954,1.0,0.0,3.0,1.0,0.0
12056880,296.97137451171875,297.1499938964844,293.1499938964844,0.0,-0.0,283.9849548339844,0.8815702795982361,0.3839107453823089,0.3469496369361877,297.2585754394531,297.1499938964844,293.1499938964844,0.0,-0.0,283.9852600097656,0.9421783089637756,0.4622709155082702,0.4382534921169281,297.2511291503906,297.1499938964844,293.1499938964844,0.0,-0.0,283.9844970703125,0.8218997716903687,0.3090355098247528,0.2172727137804031,297.18994140625,297.1499938964844,293.1499938964844,0.0,-0.0,283.9840087890625,0.7697720527648926,0.2533047795295715,0.2419931143522262,297.1542053222656,297.1499938964844,293.1499938964844,0.0,-0.0,283.9828491210937,0.6928074955940247,0.1825108230113983,0.8317100405693054,283.9848937988281,284.95001220703125,296.0204467773437,288.1818542480469,296.02008056640625,297.1948547363281,283.9889221191406,1.0,0.4819739162921905,1.0,1.0,0.0,1.0,-2.492410182952881,2.49240517616272,4.991895821149228e-06,1.923677682876587,0.8648842573165894,0.8648842573165894,0.0,116.31211853027344,126.0,31612.55078125,0.0,1378.0606689453125,1.0,280.64141845703125,282.7475280761719,291.097900390625,293.101806640625,293.1499938964844,293.1499938964844,280.95001220703125,37710.04296875,36000.0,313.1499938964844,0.0,18000.0,1.0,0.0,0.0,0.0,1.0,0.8316513299942017,1.0,0.0,0.0,3.577176094055176,3.577199697494507,8.538349334230588e-07,4.265924453735352,4.265914440155029,9.78592834144365e-06,0.0,0.0,-0.0,4801.4169921875,0.0,1466.18701171875,1895.4371337890625,0.0,2763.823486328125,0.8902719616889954,1.0,0.0,3.0,1.0,0.0
12056940,296.9871520996094,297.1499938964844,293.1499938964844,0.0,-0.0,284.1635437011719,0.8801075220108032,0.3841966986656189,0.3471300005912781,297.2705993652344,297.1499938964844,293.1499938964844,0.0,-0.0,284.1644287109375,0.9416804313659668,0.4642228186130523,0.4400127530097961,297.2637939453125,297.1499938964844,293.1499938964844,0.0,-0.0,284.1622619628906,0.8220749497413635,0.3109991252422333,0.2185974717140197,297.19891357421875,297.1499938964844,293.1499938964844,0.0,-0.0,284.1607360839844,0.7695121765136719,0.2544698715209961,0.2430579215288162,297.1623229980469,297.1499938964844,293.1499938964844,0.0,-0.0,284.1573486328125,0.6925468444824219,0.1833391189575195,0.8353269696235657,284.163330078125,284.95001220703125,296.0302124023437,288.1910705566406,296.02984619140625,297.2061767578125,284.1745300292969,1.0,0.4840076565742492,1.0,1.0,0.0,1.0,-2.501955270767212,2.501950263977051,5.030351530876942e-06,1.9311310052871704,0.860677182674408,0.860677182674408,0.0,117.44742584228516,126.0,30824.984375,0.0,1395.011962890625,1.0,280.9066467285156,282.966064453125,291.0855407714844,292.9979858398437,293.1499938964844,293.1499938964844,280.95001220703125,37548.64453125,36000.0,313.1499938964844,0.0,18000.0,1.0,0.0,0.0,0.0,1.0,0.8187037706375122,1.0,0.0,0.0,3.544869899749756,3.5448930263519287,8.384822649531998e-07,4.265924453735352,4.265914440155029,9.78592834144365e-06,0.0,0.0,-0.0,4960.06103515625,0.0,1430.57470703125,1895.4371337890625,0.0,2643.56494140625,0.8830187320709229,1.0,0.0,3.0,1.0,0.0
12057000,296.99981689453125,297.1499938964844,293.1499938964844,0.0,-0.0,284.2248840332031,0.879274845123291,0.3845282196998596,0.3474457561969757,297.2805480957031,297.1499938964844,293.1499938964844,0.0,-0.0,284.2252197265625,0.9416199922561646,0.4658684432506561,0.4415657520294189,297.2740783691406,297.1499938964844,293.1499938964844,0.0,-0.0,284.2244567871094,0.8224693536758423,0.3126404881477356,0.2197435796260833,297.206298828125,297.1499938964844,293.1499938964844,0.0,-0.0,284.22393798828125,0.7695603370666504,0.2554659247398376,0.2440024018287658,297.1689758300781,297.1499938964844,293.1499938964844,0.0,-0.0,284.2228088378906,0.692594051361084,0.1840598583221435,0.8385770320892334,284.2248229980469,284.95001220703125,296.0378723144531,288.1988830566406,296.0374755859375,297.2158508300781,284.2288513183594,1.0,0.4857244193553924,1.0,1.0,0.0,1.0,-2.5106163024902344,2.510611057281494,5.065379355073674e-06,1.9378961324691768,0.8570936918258667,0.8570936918258667,0.0,118.30168914794922,129.0,30821.970703125,0.0,1409.740234375,1.0,280.9408569335937,283.0262145996094,291.12701416015625,293.0755615234375,293.1499938964844,293.1499938964844,281.25,37439.0625,36000.0,313.1499938964844,0.0,18000.0,1.0,0.0,0.0,0.0,1.0,0.8140666484832764,1.0,0.0,0.0,3.52222228050232,3.522245407104492,8.278026939478877e-07,4.265924453735352,4.265914440155029,9.78592834144365e-06,0.0,0.0,-0.0,4749.03173828125,0.0,1405.9923095703125,1895.4371337890625,0.0,2600.69189453125,0.8778736591339111,1.0,0.0,3.0,1.0,0.0
12057060,297.0284423828125,297.1499938964844,293.1499938964844,0.0,-0.0,284.4676208496094,0.877317488193512,0.3855242133140564,0.3483009040355682,297.3034973144531,297.1499938964844,293.1499938964844,0.0,-0.0,284.4679260253906,0.9413760900497437,0.4698435664176941,0.4452638328075409,297.297607421875,297.1499938964844,293.1499938964844,0.0,-0.0,284.4671936035156,0.8233210444450378,0.316593199968338,0.2224722802639007,297.2233581542969,297.1499938964844,293.1499938964844,0.0,-0.0,284.4666748046875,0.76964271068573,0.2579057514667511,0.2462918013334274,297.18426513671875,297.1499938964844,293.1499938964844,0.0,-0.0,284.4655456542969,0.6927127242088318,0.1858486086130142,0.8465826511383057,284.4675598144531,284.95001220703125,296.0552062988281,288.21826171875,296.0548400878906,297.23834228515625,284.4715881347656,1.0,0.4899110198020935,1.0,1.0,0.0,1.0,-2.5317325592041016,2.5317273139953613,5.151326604391215e-06,1.954403281211853,0.852554440498352,0.852554440498352,0.0,120.41009521484376,132.0,30181.943359375,0.0,1446.138427734375,1.0,281.2403869628906,283.3072204589844,291.1629943847656,293.0697021484375,293.1499938964844,293.1499938964844,281.54998779296875,37093.67578125,36000.0,313.1499938964844,0.0,18000.0,1.0,0.0,0.0,0.0,1.0,0.7999761700630188,1.0,0.0,0.0,3.480055570602417,3.480078220367432,8.08101049187826e-07,4.265924453735352,4.265914440155029,9.78592834144365e-06,0.0,0.0,-0.0,4707.9140625,0.0,1359.9908447265625,1895.4371337890625,0.0,2471.20703125,0.868263840675354,1.0,0.0,3.0,1.0,0.0
12057120,297.0284423828125,297.1499938964844,293.1499938964844,0.0,-0.0,284.4676208496094,0.877317488193512,0.3855242133140564,0.3483009040355682,297.3034973144531,297.1499938964844,293.1499938964844,0.0,-0.0,284.4679260253906,0.9413760900497437,0.4698435664176941,0.4452638328075409,297.297607421875,297.1499938964844,293.1499938964844,0.0,-0.0,284.4671936035156,0.8233210444450378,0.316593199968338,0.2224722802639007,297.2233581542969,297.1499938964844,293.1499938964844,0.0,-0.0,284.4666748046875,0.76964271068573,0.2579057514667511,0.2462918013334274,297.18426513671875,297.1499938964844,293.1499938964844,0.0,-0.0,284.4655456542969,0.6927127242088318,0.1858486086130142,0.8465826511383057,284.4675598144531,284.95001220703125,296.0552062988281,288.21826171875,296.0548400878906,297.23834228515625,284.4715881347656,1.0,0.4899110198020935,1.0,1.0,0.0,1.0,-2.5317325592041016,2.5317273139953613,5.151326604391215e-06,1.954403281211853,0.852554440498352,0.852554440498352,0.0,120.41009521484376,132.0,30181.943359375,0.0,1446.138427734375,1.0,281.2403869628906,283.3072204589844,291.1629943847656,293.0697021484375,293.1499938964844,293.1499938964844,281.54998779296875,37093.67578125,36000.0,313.1499938964844,0.0,18000.0,1.0,0.0,0.0,0.0,1.0,0.7999761700630188,1.0,0.0,0.0,3.480055570602417,3.480078220367432,8.08101049187826e-07,4.265924453735352,4.265914440155029,9.78592834144365e-06,0.0,0.0,-0.0,4707.9140625,0.0,1359.9908447265625,1895.4371337890625,0.0,2471.20703125,0.868263840675354,1.0,0.0,3.0,1.0,0.0
12057180,297.0566711425781,297.1499938964844,293.1499938964844,0.0,-0.0,284.7080993652344,0.8756054639816284,0.3868441879749298,0.3494608998298645,297.3265075683594,297.1499938964844,293.1499938964844,0.0,-0.0,284.7084350585937,0.9413226842880248,0.4741184711456299,0.4492625892162323,297.3210754394531,297.1499938964844,293.1499938964844,0.0,-0.0,284.7077331542969,0.8243610858917236,0.320840060710907,0.2254159599542617,297.24053955078125,297.1499938964844,293.1499938964844,0.0,-0.0,284.7072448730469,0.7699244618415833,0.2605762183666229,0.2488116025924682,297.1996154785156,297.1499938964844,293.1499938964844,0.0,-0.0,284.7061462402344,0.6930645704269409,0.187835693359375,0.8555317521095276,284.70806884765625,284.95001220703125,296.0724792480469,288.2397766113281,296.07208251953125,297.261474609375,284.7119140625,1.0,0.4944714605808258,1.0,1.0,0.0,1.0,-2.555245876312256,2.555240631103516,5.247909939498641e-06,1.9727917909622192,0.851213812828064,0.851213812828064,0.0,122.64366912841795,135.0,29618.79296875,0.0,1486.808349609375,1.0,281.5400695800781,283.58453369140625,291.1982116699219,293.0706787109375,293.1499938964844,293.1499938964844,281.8500061035156,36703.77734375,36000.0,313.1499938964844,0.0,18000.0,1.0,0.0,0.0,0.0,1.0,0.7887269854545593,1.0,0.0,0.0,3.452532291412353,3.45255446434021,7.953692033879634e-07,4.265924453735352,4.265914440155029,9.78592834144365e-06,0.0,0.0,-0.0,4671.548828125,0.0,1329.3538818359375,1895.4371337890625,0.0,2368.837158203125,0.8618636131286621,1.0,0.0,3.0,1.0,0.0
12057240,297.0566711425781,297.1499938964844,293.1499938964844,0.0,-0.0,284.7080993652344,0.8756054639816284,0.3868441879749298,0.3494608998298645,297.3265075683594,297.1499938964844,293.1499938964844,0.0,-0.0,284.7084350585937,0.9413226842880248,0.4741184711456299,0.4492625892162323,297.3210754394531,297.1499938964844,293.1499938964844,0.0,-0.0,284.7077331542969,0.8243610858917236,0.320840060710907,0.2254159599542617,297.24053955078125,297.1499938964844,293.1499938964844,0.0,-0.0,284.7072448730469,0.7699244618415833,0.2605762183666229,0.2488116025924682,297.1996154785156,297.1499938964844,293.1499938964844,0.0,-0.0,284.7061462402344,0.6930645704269409,0.187835693359375,0.8555317521095276,284.70806884765625,284.95001220703125,296.0724792480469,288.2397766113281,296.07208251953125,297.261474609375,284.7119140625,1.0,0.4944714605808258,1.0,1.0,0.0,1.0,-2.555245876312256,2.555240631103516,5.247909939498641e-06,1.9727917909622192,0.851213812828064,0.851213812828064,0.0,122.64366912841795,135.0,29618.79296875,0.0,1486.808349609375,1.0,281.5400695800781,283.58453369140625,291.1982116699219,293.0706787109375,293.1499938964844,293.1499938964844,281.8500061035156,36703.77734375,36000.0,313.1499938964844,0.0,18000.0,1.0,0.0,0.0,0.0,1.0,0.7887269854545593,1.0,0.0,0.0,3.452532291412353,3.45255446434021,7.953692033879634e-07,4.265924453735352,4.265914440155029,9.78592834144365e-06,0.0,0.0,-0.0,4671.548828125,0.0,1329.3538818359375,1895.4371337890625,0.0,2368.837158203125,0.8618636131286621,1.0,0.0,3.0,1.0,0.0
12057300,297.0702209472656,297.1499938964844,293.1499938964844,0.0,-0.0,284.86895751953125,0.8746926188468933,0.3875795900821686,0.3500882685184479,297.33758544921875,297.1499938964844,293.1499938964844,0.0,-0.0,284.8700866699219,0.9412057995796204,0.4763234853744507,0.4513119161128998,297.3324584960937,297.1499938964844,293.1499938964844,0.0,-0.0,284.8677062988281,0.8248302936553955,0.3230392336845398,0.2269328385591507,297.2489013671875,297.1499938964844,293.1499938964844,0.0,-0.0,284.86590576171875,0.7700212597846985,0.2619686126708984,0.2501215934753418,297.20703125,297.1499938964844,293.1499938964844,0.0,-0.0,284.86212158203125,0.693211555480957,0.1888782829046249,0.8602266311645508,284.86883544921875,284.95001220703125,296.0810546875,288.25128173828125,296.0806884765625,297.2727355957031,284.8816223144531,1.0,0.4968636631965637,1.0,1.0,0.0,1.0,-2.5674991607666016,2.5674939155578613,5.298614723869832e-06,1.9823811054229736,0.8522189259529114,0.8522189259529114,0.0,123.84392547607422,135.0,29022.123046875,0.0,1508.4248046875,1.0,281.79296875,283.78338623046875,291.1866455078125,292.977294921875,293.1499938964844,293.1499938964844,281.8500061035156,36487.9296875,36000.0,313.1499938964844,0.0,18000.0,1.0,0.0,0.0,0.0,1.0,0.7811999917030334,1.0,0.0,0.0,3.444243192672729,3.444265365600586,7.9155466892189e-07,4.265924453735352,4.265914440155029,9.78592834144365e-06,0.0,0.0,-0.0,4811.67626953125,0.0,1319.5208740234375,1895.4371337890625,0.0,2300.9208984375,0.8599015474319458,1.0,0.0,3.0,1.0,0.0
12057360,297.0840148925781,297.1499938964844,293.1499938964844,0.0,-0.0,284.943359375,0.8740656971931458,0.3884312510490417,0.3508706986904144,297.3489685058594,297.1499938964844,293.1499938964844,0.0,-0.0,284.94366455078125,0.941375970840454,0.4786301553249359,0.4534964859485626,297.34405517578125,297.1499938964844,293.1499938964844,0.0,-0.0,284.94305419921875,0.8255230188369751,0.3253349959850311,0.2285394370555877,297.2574462890625,297.1499938964844,293.1499938964844,0.0,-0.0,284.94256591796875,0.7703356146812439,0.2634341716766357,0.2515182793140411,297.2145690917969,297.1499938964844,293.1499938964844,0.0,-0.0,284.9415588378906,0.6935710310935974,0.1899816691875457,0.8652395009994507,284.943359375,284.95001220703125,296.08966064453125,288.2632751464844,296.0892639160156,297.2846374511719,284.9468994140625,1.0,0.4993448555469513,1.0,1.0,0.0,1.0,-2.580695152282715,2.5806899070739746,5.353469987312565e-06,1.992695689201355,0.8529720306396484,0.8529720306396484,0.0,125.0013656616211,138.0,29081.345703125,0.0,1531.3150634765625,1.0,281.8399353027344,283.85467529296875,291.2293395996094,293.0702209472656,293.1499938964844,293.1499938964844,282.1499938964844,36295.35546875,36000.0,313.1499938964844,0.0,18000.0,1.0,0.0,0.0,0.0,1.0,0.7790224552154541,1.0,0.0,0.0,3.4403975009918213,3.4404196739196777,7.897880891505338e-07,4.265924453735352,4.265914440155029,9.78592834144365e-06,0.0,0.0,-0.0,4636.33349609375,0.0,1314.3221435546875,1895.4371337890625,0.0,2281.367919921875,0.858853816986084,1.0,0.0,3.0,1.0,0.0
12057420,297.1117553710937,297.1499938964844,293.1499938964844,0.0,-0.0,285.1999816894531,0.8728998899459839,0.3904021680355072,0.3525845408439636,297.3719177246094,297.1499938964844,293.1499938964844,0.0,-0.0,285.2002868652344,0.9417580366134644,0.4834727346897125,0.4580051004886627,297.3674011230469,297.1499938964844,293.1499938964844,0.0,-0.0,285.1996459960937,0.8269681334495544,0.3301554322242737,0.2318673878908157,297.27459716796875,297.1499938964844,293.1499938964844,0.0,-0.0,285.1991882324219,0.7710289359092712,0.2665301263332367,0.2544276714324951,297.2296142578125,297.1499938964844,293.1499938964844,0.0,-0.0,285.1981506347656,0.694368302822113,0.1923207491636276,0.8757331371307373,285.199951171875,284.95001220703125,296.10675048828125,288.2884521484375,296.1063842773437,297.3086242675781,285.20330810546875,1.0,0.5045031309127808,1.0,1.0,0.0,1.0,-2.608273506164551,2.6082680225372314,5.469015377457254e-06,2.01424527168274,0.858331024646759,0.858331024646759,0.0,127.4026870727539,141.0,28746.943359375,0.0,1579.7452392578125,1.0,282.1397705078125,284.1292419433594,291.26202392578125,293.0798034667969,293.1499938964844,293.1499938964844,282.45001220703125,35855.28515625,36000.0,313.1499938964844,0.0,18000.0,1.0,0.0,0.0,0.0,1.0,0.7706053256988525,1.0,0.0,0.0,3.44473934173584,3.4447615146636963,7.917827815617784e-07,4.265924453735352,4.265914440155029,9.78592834144365e-06,0.0,0.0,-0.0,4612.52392578125,0.0,1315.5496826171875,1895.4371337890625,0.0,2206.21533203125,0.8594728708267212,1.0,0.0,3.0,1.0,0.0
12057480,297.1117553710937,297.1499938964844,293.1499938964844,0.0,-0.0,285.1999816894531,0.8728998899459839,0.3904021680355072,0.3525845408439636,297.3719177246094,297.1499938964844,293.1499938964844,0.0,-0.0,285.2002868652344,0.9417580366134644,0.4834727346897125,0.4580051004886627,297.3674011230469,297.1499938964844,293.1499938964844,0.0,-0.0,285.1996459960937,0.8269681334495544,0.3301554322242737,0.2318673878908157,297.27459716796875,297.1499938964844,293.1499938964844,0.0,-0.0,285.1991882324219,0.7710289359092712,0.2665301263332367,0.2544276714324951,297.2296142578125,297.1499938964844,293.1499938964844,0.0,-0.0,285.1981506347656,0.694368302822113,0.1923207491636276,0.8757331371307373,285.199951171875,284.95001220703125,296.10675048828125,288.2884521484375,296.1063842773437,297.3086242675781,285.20330810546875,1.0,0.5045031309127808,1.0,1.0,0.0,1.0,-2.608273506164551,2.6082680225372314,5.469015377457254e-06,2.01424527168274,0.858331024646759,0.858331024646759,0.0,127.4026870727539,141.0,28746.943359375,0.0,1579.7452392578125,1.0,282.1397705078125,284.1292419433594,291.26202392578125,293.0798034667969,293.1499938964844,293.1499938964844,282.45001220703125,35855.28515625,36000.0,313.1499938964844,0.0,18000.0,1.0,0.0,0.0,0.0,1.0,0.7706053256988525,1.0,0.0,0.0,3.44473934173584,3.4447615146636963,7.917827815617784e-07,4.265924453735352,4.265914440155029,9.78592834144365e-06,0.0,0.0,-0.0,4612.52392578125,0.0,1315.5496826171875,1895.4371337890625,0.0,2206.21533203125,0.8594728708267212,1.0,0.0,3.0,1.0,0.0
12057540,297.1394958496094,297.1499938964844,293.1499938964844,0.0,-0.0,285.4530944824219,0.8722125887870789,0.3927279710769653,0.3546345829963684,297.3951416015625,297.1499938964844,293.1499938964844,0.0,-0.0,285.453369140625,0.942594826221466,0.4886335730552673,0.4628262817859649,297.39093017578125,297.1499938964844,293.1499938964844,0.0,-0.0,285.45281982421875,0.8287899494171143,0.3352935910224914,0.2354235202074051,297.2919006347656,297.1499938964844,293.1499938964844,0.0,-0.0,285.4523620605469,0.7721014022827148,0.269862949848175,0.2575660645961761,297.24468994140625,297.1499938964844,293.1499938964844,0.0,-0.0,285.4514465332031,0.6955511569976807,0.1948562711477279,0.8871201872825623,285.4530944824219,284.95001220703125,296.123779296875,288.3152160644531,296.1234130859375,297.3331604003906,285.456298828125,1.0,0.5099533200263977,1.0,1.0,0.0,1.0,-2.6382551193237305,2.638249397277832,5.596002210950246e-06,2.037658929824829,0.8670545816421509,0.8670545816421509,0.0,129.80845642089844,144.0,28454.80859375,0.0,1632.5084228515625,1.0,282.43994140625,284.3976745605469,291.2965087890625,293.0960998535156,293.1499938964844,293.1499938964844,282.75,35423.3984375,36000.0,313.1499938964844,0.0,18000.0,1.0,0.0,0.0,0.0,1.0,0.7637967467308044,1.0,0.0,0.0,3.465397596359253,3.4654197692871094,8.013079764168651e-07,4.265924453735352,4.265914440155029,9.78592834144365e-06,0.0,0.0,-0.0,4591.44873046875,0.0,1333.2281494140625,1895.4371337890625,0.0,2145.956298828125,0.8637235164642334,1.0,0.0,3.0,1.0,0.0
12057600,297.1394958496094,297.1499938964844,293.1499938964844,0.0,-0.0,285.4530944824219,0.8722125887870789,0.3927279710769653,0.3546345829963684,297.3951416015625,297.1499938964844,293.1499938964844,0.0,-0.0,285.453369140625,0.942594826221466,0.4886335730552673,0.4628262817859649,297.39093017578125,297.1499938964844,293.1499938964844,0.0,-0.0,285.45281982421875,0.8287899494171143,0.3352935910224914,0.2354235202074051,297.2919006347656,297.1499938964844,293.1499938964844,0.0,-0.0,285.4523620605469,0.7721014022827148,0.269862949848175,0.2575660645961761,297.24468994140625,297.1499938964844,293.1499938964844,0.0,-0.0,285.4514465332031,0.6955511569976807,0.1948562711477279,0.8871201872825623,285.4530944824219,284.95001220703125,296.123779296875,288.3152160644531,296.1234130859375,297.3331604003906,285.456298828125,1.0,0.5099533200263977,1.0,1.0,0.0,1.0,-2.6382551193237305,2.638249397277832,5.596002210950246e-06,2.037658929824829,0.8670545816421509,0.8670545816421509,0.0,129.80845642089844,144.0,28454.80859375,0.0,1632.5084228515625,1.0,282.43994140625,284.3976745605469,291.2965087890625,293.0960998535156,293.1499938964844,293.1499938964844,282.75,35423.3984375,36000.0,313.1499938964844,0.0,18000.0,1.0,0.0,0.0,0.0,1.0,0.7637967467308044,1.0,0.0,0.0,3.465397596359253,3.4654197692871094,8.013079764168651e-07,4.265924453735352,4.265914440155029,9.78592834144365e-06,0.0,0.0,-0.0,4591.44873046875,0.0,1333.2281494140625,1895.4371337890625,0.0,2145.956298828125,0.8637235164642334,1.0,0.0,3.0,1.0,0.0
12057660,297.16656494140625,297.1499938964844,293.1499938964844,0.0,-0.0,285.701171875,0.8718317747116089,0.3953366875648498,0.356946587562561,297.41796875,297.1499938964844,293.1499938964844,0.0,-0.0,285.7014465332031,0.9437020421028136,0.494049996137619,0.4678958356380462,297.4141845703125,297.1499938964844,293.1499938964844,0.0,-0.0,285.700927734375,0.8308525085449219,0.3407009243965149,0.2391713261604309,297.3090209960937,297.1499938964844,293.1499938964844,0.0,-0.0,285.7005310058594,0.7734193205833435,0.2733933329582214,0.2608962059020996,297.2594909667969,297.1499938964844,293.1499938964844,0.0,-0.0,285.69970703125,0.6969873309135437,0.1975559741258621,0.899265468120575,285.701171875,284.95001220703125,296.1407470703125,288.34326171875,296.140380859375,297.3575744628906,285.7041015625,1.0,0.515670895576477,1.0,1.0,0.0,1.0,-2.6702232360839844,2.670217514038086,5.732970748795196e-06,2.062605381011963,0.8790599703788757,0.8790599703788757,0.0,132.26107788085938,147.0,28180.37109375,0.0,1689.4285888671875,1.0,282.7400817871094,284.65948486328125,291.3298645019531,293.1134338378906,293.1499938964844,293.1499938964844,283.04998779296875,35020.60546875,36000.0,313.1499938964844,0.0,18000.0,1.0,0.0,0.0,0.0,1.0,0.7580133676528931,1.0,0.0,0.0,3.501211643218994,3.5012340545654297,8.17956106402562e-07,4.265924453735352,4.265914440155029,9.78592834144365e-06,0.0,0.0,-0.0,4571.18701171875,0.0,1366.8194580078125,1895.4371337890625,0.0,2095.170654296875,0.8713829517364502,1.0,0.0,3.0,1.0,0.0
12057720,297.16656494140625,297.1499938964844,293.1499938964844,0.0,-0.0,285.701171875,0.8718317747116089,0.3953366875648498,0.356946587562561,297.41796875,297.1499938964844,293.1499938964844,0.0,-0.0,285.7014465332031,0.9437020421028136,0.494049996137619,0.4678958356380462,297.4141845703125,297.1499938964844,293.1499938964844,0.0,-0.0,285.700927734375,0.8308525085449219,0.3407009243965149,0.2391713261604309,297.3090209960937,297.1499938964844,293.1499938964844,0.0,-0.0,285.7005310058594,0.7734193205833435,0.2733933329582214,0.2608962059020996,297.2594909667969,297.1499938964844,293.1499938964844,0.0,-0.0,285.69970703125,0.6969873309135437,0.1975559741258621,0.899265468120575,285.701171875,284.95001220703125,296.1407470703125,288.34326171875,296.140380859375,297.3575744628906,285.7041015625,1.0,0.515670895576477,1.0,1.0,0.0,1.0,-2.6702232360839844,2.670217514038086,5.732970748795196e-06,2.062605381011963,0.8790599703788757,0.8790599703788757,0.0,132.26107788085938,147.0,28180.37109375,0.0,1689.4285888671875,1.0,282.7400817871094,284.65948486328125,291.3298645019531,293.1134338378906,293.1499938964844,293.1499938964844,283.04998779296875,35020.60546875,36000.0,313.1499938964844,0.0,18000.0,1.0,0.0,0.0,0.0,1.0,0.7580133676528931,1.0,0.0,0.0,3.501211643218994,3.5012340545654297,8.17956106402562e-07,4.265924453735352,4.265914440155029,9.78592834144365e-06,0.0,0.0,-0.0,4571.18701171875,0.0,1366.8194580078125,1895.4371337890625,0.0,2095.170654296875,0.8713829517364502,1.0,0.0,3.0,1.0,0.0
12057780,297.1927795410156,297.1499938964844,293.1499938964844,0.0,-0.0,285.9452514648437,0.8717046976089478,0.3982014060020447,0.3594907522201538,297.440185546875,297.1499938964844,293.1499938964844,0.0,-0.0,285.9455261230469,0.9450210928916932,0.4996957778930664,0.4731836915016174,297.43701171875,297.1499938964844,293.1499938964844,0.0,-0.0,285.945068359375,0.8331133723258972,0.3463574349880218,0.2430938333272934,297.32574462890625,297.1499938964844,293.1499938964844,0.0,-0.0,285.9447021484375,0.7749360203742981,0.2771008610725403,0.2643960118293762,297.2738952636719,297.1499938964844,293.1499938964844,0.0,-0.0,285.9439392089844,0.6986240148544312,0.2004004716873169,0.9120725393295288,285.9452819824219,284.95001220703125,296.1576232910156,288.3724365234375,296.15728759765625,297.3816223144531,285.9479064941406,1.0,0.5216297507286072,1.0,1.0,0.0,1.0,-2.703943014144897,2.70393705368042,5.879187938262476e-06,2.088894844055176,0.8942993879318237,0.8942993879318237,0.0,134.76576232910156,150.0,27919.830078125,0.0,1750.3995361328125,1.0,283.04058837890625,284.9162902832031,291.3618469238281,293.13018798828125,293.1499938964844,293.1499938964844,283.1499938964844,34661.73046875,35280.0,313.1499938964844,0.0,18000.0,1.0,0.0,0.0,0.0,1.0,0.7527393698692322,1.0,0.0,0.0,3.5504720211029053,3.550494909286499,8.411345788772451e-07,4.265924453735352,4.265914440155029,9.78592834144365e-06,0.0,0.0,-0.0,4706.2783203125,0.0,1415.4920654296875,1895.4371337890625,0.0,2049.197021484375,0.880102276802063,1.0,0.0,3.0,1.0,0.0
12057840,297.1927795410156,297.1499938964844,293.1499938964844,0.0,-0.0,285.9452514648437,0.8717046976089478,0.3982014060020447,0.3594907522201538,297.440185546875,297.1499938964844,293.1499938964844,0.0,-0.0,285.9455261230469,0.9450210928916932,0.4996957778930664,0.4731836915016174,297.43701171875,297.1499938964844,293.1499938964844,0.0,-0.0,285.945068359375,0.8331133723258972,0.3463574349880218,0.2430938333272934,297.32574462890625,297.1499938964844,293.1499938964844,0.0,-0.0,285.9447021484375,0.7749360203742981,0.2771008610725403,0.2643960118293762,297.2738952636719,297.1499938964844,293.1499938964844,0.0,-0.0,285.9439392089844,0.6986240148544312,0.2004004716873169,0.9120725393295288,285.9452819824219,284.95001220703125,296.1576232910156,288.3724365234375,296.15728759765625,297.3816223144531,285.9479064941406,1.0,0.5216297507286072,1.0,1.0,0.0,1.0,-2.703943014144897,2.70393705368042,5.879187938262476e-06,2.088894844055176,0.8942993879318237,0.8942993879318237,0.0,134.76576232910156,150.0,27919.830078125,0.0,1750.3995361328125,1.0,283.04058837890625,284.9162902832031,291.3618469238281,293.13018798828125,293.1499938964844,293.1499938964844,283.1499938964844,34661.73046875,35280.0,313.1499938964844,0.0,18000.0,1.0,0.0,0.0,0.0,1.0,0.7527393698692322,1.0,0.0,0.0,3.5504720211029053,3.550494909286499,8.411345788772451e-07,4.265924453735352,4.265914440155029,9.78592834144365e-06,0.0,0.0,-0.0,4706.2783203125,0.0,1415.4920654296875,1895.4371337890625,0.0,2049.197021484375,0.880102276802063,1.0,0.0,3.0,1.0,0.0
12057900,297.20281982421875,297.1499938964844,293.1499938964844,0.0,-0.0,286.0172424316406,0.8714280128479004,0.3994592130184173,0.3607228100299835,297.44873046875,297.1499938964844,293.1499938964844,0.0,-0.0,286.0177307128906,0.9454277157783508,0.502372682094574,0.4757975935935974,297.4463195800781,297.1499938964844,293.1499938964844,0.0,-0.0,286.01690673828125,0.8340659141540527,0.3490899801254272,0.2450538724660873,297.33258056640625,297.1499938964844,293.1499938964844,0.0,-0.0,286.0162048339844,0.7755231261253357,0.2788842022418976,0.2661466896533966,297.27984619140625,297.1499938964844,293.1499938964844,0.0,-0.0,286.0148010253906,0.69928377866745,0.2017705589532852,0.9185032248497008,286.01727294921875,284.95001220703125,296.1660461425781,288.38739013671875,296.1656799316406,297.3911437988281,286.0221252441406,1.0,0.5246652960777283,1.0,1.0,0.0,1.0,-2.720753669738769,2.720747709274292,5.952823357802117e-06,2.1020257472991943,0.9021207690238952,0.9021207690238952,0.0,136.13453674316406,150.0,27888.265625,0.0,1781.855224609375,1.0,283.1309509277344,284.9929504394531,291.3924560546875,293.1588439941406,293.1499938964844,293.1499938964844,283.1499938964844,34297.38671875,35280.0,313.1499938964844,0.0,18000.0,1.0,0.0,0.0,0.0,1.0,0.7541274428367615,1.0,0.0,0.0,3.5645480155944824,3.564570903778076,8.478172048853594e-07,4.265924453735352,4.265914440155029,9.78592834144365e-06,0.0,0.0,-0.0,4777.6650390625,0.0,1427.7197265625,1895.4371337890625,0.0,2061.2646484375,0.8846378326416016,1.0,0.0,3.0,1.0,0.0
12057960,297.2106018066406,297.1499938964844,293.1499938964844,0.0,-0.0,286.04522705078125,0.8707836270332336,0.4005571901798248,0.3618248701095581,297.45513916015625,297.1499938964844,293.1499938964844,0.0,-0.0,286.0453491210937,0.9454163908958436,0.5048967003822327,0.4782869219779968,297.4538879394531,297.1499938964844,293.1499938964844,0.0,-0.0,286.045166015625,0.8347054123878479,0.3517118394374847,0.246949627995491,297.3380432128906,297.1499938964844,293.1499938964844,0.0,-0.0,286.0450134277344,0.7757996916770935,0.2805777490139007,0.2678291797637939,297.2846069335937,297.1499938964844,293.1499938964844,0.0,-0.0,286.044677734375,0.6996393203735352,0.2030610591173172,0.9246628284454346,286.0452575683594,284.95001220703125,296.1744384765625,288.4025573730469,296.1741027832031,297.39862060546875,286.04644775390625,1.0,0.5276820063591003,1.0,1.0,0.0,1.0,-2.73677396774292,2.7367680072784424,6.023419246048434e-06,2.114537715911865,0.9097234010696412,0.9097234010696412,0.0,137.64044189453125,153.0,28048.283203125,0.0,1813.0919189453125,1.0,283.1468811035156,285.0142822265625,291.4316101074219,293.2341613769531,293.1499938964844,293.1499938964844,283.04998779296875,34121.390625,36000.0,313.1499938964844,0.0,18000.0,1.0,0.0,0.0,0.0,1.0,0.7582221031188965,1.0,0.0,0.0,3.587505578994751,3.587528705596924,8.587731485931727e-07,4.265924453735352,4.265914440155029,9.78592834144365e-06,0.0,0.0,-0.0,4898.37939453125,0.0,1450.9300537109375,1895.4371337890625,0.0,2096.996826171875,0.8916203379631042,1.0,0.0,3.0,1.0,0.0
12058020,297.2132568359375,297.1499938964844,293.1499938964844,0.0,-0.0,285.9754638671875,0.8674689531326294,0.4016101956367492,0.3631925284862518,297.4562072753906,297.1499938964844,293.1499938964844,0.0,-0.0,285.97540283203125,0.9431099891662598,0.5088825225830078,0.4824551045894623,297.4593505859375,297.1499938964844,293.1499938964844,0.0,-0.0,285.9755249023437,0.8342514038085938,0.3561258912086487,0.2502827048301697,297.3412170410156,297.1499938964844,293.1499938964844,0.0,-0.0,285.9756164550781,0.7746273279190063,0.2832944691181183,0.2707068920135498,297.2874755859375,297.1499938964844,293.1499938964844,0.0,-0.0,285.9757995605469,0.6986461877822876,0.2050651758909225,0.9350256323814392,285.9754638671875,284.95001220703125,296.191162109375,288.433349609375,296.1908264160156,297.4017944335937,285.9748840332031,1.0,0.5334157943725586,1.0,1.0,0.0,1.0,-2.7633533477783203,2.763347148895264,6.141619451227598e-06,2.135369062423706,0.9228423237800598,0.9228423237800598,0.0,141.33255004882812,156.0,28590.037109375,0.0,1871.2552490234373,1.0,283.0526733398437,284.92437744140625,291.503173828125,293.3748474121094,293.1499938964844,293.1499938964844,282.75,34380.6484375,36000.0,313.1499938964844,0.0,18000.0,1.0,0.0,0.0,0.0,1.0,0.7744477391242981,1.0,0.0,0.0,3.654228448867798,3.654252290725708,8.910143378670909e-07,4.265924453735352,4.265914440155029,9.78592834144365e-06,0.0,0.0,-0.0,5141.8779296875,0.0,1525.747802734375,1895.4371337890625,0.0,2240.43603515625,0.9050828814506532,1.0,0.0,3.0,1.0,0.0
12058080,297.2132568359375,297.1499938964844,293.1499938964844,0.0,-0.0,285.9754638671875,0.8674689531326294,0.4016101956367492,0.3631925284862518,297.4562072753906,297.1499938964844,293.1499938964844,0.0,-0.0,285.97540283203125,0.9431099891662598,0.5088825225830078,0.4824551045894623,297.4593505859375,297.1499938964844,293.1499938964844,0.0,-0.0,285.9755249023437,0.8342514038085938,0.3561258912086487,0.2502827048301697,297.3412170410156,297.1499938964844,293.1499938964844,0.0,-0.0,285.9756164550781,0.7746273279190063,0.2832944691181183,0.2707068920135498,297.2874755859375,297.1499938964844,293.1499938964844,0.0,-0.0,285.9757995605469,0.6986461877822876,0.2050651758909225,0.9350256323814392,285.9754638671875,284.95001220703125,296.191162109375,288.433349609375,296.1908264160156,297.4017944335937,285.9748840332031,1.0,0.5334157943725586,1.0,1.0,0.0,1.0,-2.7633533477783203,2.763347148895264,6.141619451227598e-06,2.135369062423706,0.9228423237800598,0.9228423237800598,0.0,141.33255004882812,156.0,28590.037109375,0.0,1871.2552490234373,1.0,283.0526733398437,284.92437744140625,291.503173828125,293.3748474121094,293.1499938964844,293.1499938964844,282.75,34380.6484375,36000.0,313.1499938964844,0.0,18000.0,1.0,0.0,0.0,0.0,1.0,0.7744477391242981,1.0,0.0,0.0,3.654228448867798,3.654252290725708,8.910143378670909e-07,4.265924453735352,4.265914440155029,9.78592834144365e-06,0.0,0.0,-0.0,5141.8779296875,0.0,1525.747802734375,1895.4371337890625,0.0,2240.43603515625,0.9050828814506532,1.0,0.0,3.0,1.0,0.0
12058140,297.205322265625,297.1499938964844,293.1499938964844,0.0,-0.0,285.7806701660156,0.8639353513717651,0.4013478755950928,0.3633924722671509,297.4477844238281,297.1499938964844,293.1499938964844,0.0,-0.0,285.7799377441406,0.939994215965271,0.5105413198471069,0.4844423234462738,297.4553527832031,297.1499938964844,293.1499938964844,0.0,-0.0,285.7811279296875,0.8327272534370422,0.3582448661327362,0.2520242929458618,297.33709716796875,297.1499938964844,293.1499938964844,0.0,-0.0,285.7821960449219,0.7726227045059204,0.2844393849372864,0.2721009254455566,297.2838439941406,297.1499938964844,293.1499938964844,0.0,-0.0,285.7842712402344,0.696731686592102,0.2058258801698684,0.9397813081741332,285.7806091308594,284.95001220703125,296.20184326171875,288.4533386230469,296.2015075683594,297.39508056640625,285.7737731933594,1.0,0.53671795129776,1.0,1.0,0.0,1.0,-2.7754738330841064,2.77546763420105,6.196035428729374e-06,2.144929885864258,0.9281712174415588,0.9281712174415588,0.0,144.14041137695312,156.0,29378.697265625,0.0,1903.430908203125,1.0,282.77978515625,284.6968078613281,291.5733642578125,293.55474853515625,293.1499938964844,293.1499938964844,282.75,34581.19921875,36000.0,313.1499938964844,0.0,18000.0,1.0,0.0,0.0,0.0,1.0,0.792538046836853,1.0,0.0,0.0,3.687762260437012,3.687786340713501,9.074425406652152e-07,4.265924453735352,4.265914440155029,9.78592834144365e-06,0.0,0.0,-0.0,4984.68603515625,0.0,1564.8626708984375,1895.4371337890625,0.0,2403.407470703125,0.9127132296562196,1.0,0.0,3.0,1.0,0.0
12058200,297.1986999511719,297.1499938964844,293.1499938964844,0.0,-0.0,285.7474060058594,0.8612795472145081,0.4009557366371155,0.3631530702114105,297.4407958984375,297.1499938964844,293.1499938964844,0.0,-0.0,285.7471923828125,0.9374524354934692,0.5112179517745972,0.4852095246315002,297.4512023925781,297.1499938964844,293.1499938964844,0.0,-0.0,285.7475280761719,0.8312846422195435,0.3592344224452972,0.252797931432724,297.3329772949219,297.1499938964844,293.1499938964844,0.0,-0.0,285.74786376953125,0.7709031701087952,0.2848921120166778,0.2726528644561767,297.2801208496094,297.1499938964844,293.1499938964844,0.0,-0.0,285.7484436035156,0.6950462460517883,0.2060722410678863,0.9414973855018616,285.7474060058594,284.95001220703125,296.2078552246094,288.46466064453125,296.20751953125,297.3889465332031,285.74542236328125,1.0,0.5383776426315308,1.0,1.0,0.0,1.0,-2.7797670364379883,2.779760837554932,6.215399480424821e-06,2.1483314037323,0.9316196441650392,0.9316196441650392,0.0,145.92459106445312,159.0,29469.15625,0.0,1918.6314697265625,1.0,282.75787353515625,284.6630859375,291.5596618652344,293.5229797363281,293.1499938964844,293.1499938964844,282.45001220703125,34669.07421875,36000.0,313.1499938964844,0.0,18000.0,1.0,0.0,0.0,0.0,1.0,0.797893226146698,1.0,0.0,0.0,3.7046284675598153,3.704652786254883,9.157619729194266e-07,4.265924453735352,4.265914440155029,9.78592834144365e-06,0.0,0.0,-0.0,5237.63818359375,0.0,1584.691650390625,1895.4371337890625,0.0,2452.17919921875,0.9165822863578796,1.0,0.0,3.0,1.0,0.0
12058260,297.1751403808594,297.1499938964844,293.1499938964844,0.0,-0.0,285.50836181640625,0.8534737229347229,0.3991903364658355,0.3619533777236938,297.41552734375,297.1499938964844,293.1499938964844,0.0,-0.0,285.50811767578125,0.929697573184967,0.5123501420021057,0.4866967499256134,297.4348449707031,297.1499938964844,293.1499938964844,0.0,-0.0,285.50848388671875,0.8267841935157776,0.3613982498645782,0.2545769512653351,297.3168640136719,297.1499938964844,293.1499938964844,0.0,-0.0,285.5087890625,0.7655693292617798,0.2855836451053619,0.2736789286136627,297.2651062011719,297.1499938964844,293.1499938964844,0.0,-0.0,285.5094299316406,0.6896302700042725,0.2062069922685623,0.9438727498054504,285.5083312988281,284.95001220703125,296.2244567871094,288.49627685546875,296.22412109375,297.3669738769531,285.5062561035156,1.0,0.5423275828361511,1.0,1.0,0.0,1.0,-2.786346435546875,2.7863402366638184,6.245253189263167e-06,2.153599262237549,0.9370989799499512,0.9370989799499512,0.0,150.92990112304688,162.0,30261.873046875,0.0,1952.799560546875,1.0,282.4576110839844,284.39373779296875,291.569091796875,293.591064453125,293.1499938964844,293.1499938964844,282.1499938964844,34985.13671875,36000.0,313.1499938964844,0.0,18000.0,1.0,0.0,0.0,0.0,1.0,0.8159811496734619,1.0,0.0,0.0,3.743165016174317,3.743189573287964,9.349130323244026e-07,4.265924453735352,4.265914440155029,9.78592834144365e-06,0.0,0.0,-0.0,5309.91943359375,0.0,1631.5230712890625,1895.4371337890625,0.0,2618.378662109375,0.9254494905471802,1.0,0.0,3.0,1.0,0.0
12058320,297.1751403808594,297.1499938964844,293.1499938964844,0.0,-0.0,285.50836181640625,0.8534737229347229,0.3991903364658355,0.3619533777236938,297.41552734375,297.1499938964844,293.1499938964844,0.0,-0.0,285.50811767578125,0.929697573184967,0.5123501420021057,0.4866967499256134,297.4348449707031,297.1499938964844,293.1499938964844,0.0,-0.0,285.50848388671875,0.8267841935157776,0.3613982498645782,0.2545769512653351,297.3168640136719,297.1499938964844,293.1499938964844,0.0,-0.0,285.5087890625,0.7655693292617798,0.2855836451053619,0.2736789286136627,297.2651062011719,297.1499938964844,293.1499938964844,0.0,-0.0,285.5094299316406,0.6896302700042725,0.2062069922685623,0.9438727498054504,285.5083312988281,284.95001220703125,296.2244567871094,288.49627685546875,296.22412109375,297.3669738769531,285.5062561035156,1.0,0.5423275828361511,1.0,1.0,0.0,1.0,-2.786346435546875,2.7863402366638184,6.245253189263167e-06,2.153599262237549,0.9370989799499512,0.9370989799499512,0.0,150.92990112304688,162.0,30261.873046875,0.0,1952.799560546875,1.0,282.4576110839844,284.39373779296875,291.569091796875,293.591064453125,293.1499938964844,293.1499938964844,282.1499938964844,34985.13671875,36000.0,313.1499938964844,0.0,18000.0,1.0,0.0,0.0,0.0,1.0,0.8159811496734619,1.0,0.0,0.0,3.743165016174317,3.743189573287964,9.349130323244026e-07,4.265924453735352,4.265914440155029,9.78592834144365e-06,0.0,0.0,-0.0,5309.91943359375,0.0,1631.5230712890625,1895.4371337890625,0.0,2618.378662109375,0.9254494905471802,1.0,0.0,3.0,1.0,0.0
12058380,297.1497497558594,297.1499938964844,293.1499938964844,0.0,-0.0,285.2872314453125,0.845716118812561,0.3969360291957855,0.3601974248886108,297.3871765136719,297.1499938964844,293.1499938964844,0.0,-0.0,285.2870788574219,0.9217923879623412,0.5128427743911743,0.4874654114246368,297.41583251953125,297.1499938964844,293.1499938964844,0.0,-0.0,285.2873229980469,0.8221314549446106,0.3630809485912323,0.2559488713741302,297.297607421875,297.1499938964844,293.1499938964844,0.0,-0.0,285.2875366210937,0.7600407600402832,0.2857476472854614,0.2741235494613647,297.24658203125,297.1499938964844,293.1499938964844,0.0,-0.0,285.2879943847656,0.6837623119354248,0.2057916074991226,0.943427801132202,285.2872009277344,284.95001220703125,296.240966796875,288.5279541015625,296.2406311035156,297.3424987792969,285.2857971191406,1.0,0.5453771352767944,1.0,1.0,0.0,1.0,-2.7868127822875977,2.786806583404541,6.2475614868162666e-06,2.154060125350952,0.9397189617156982,0.9397189617156982,0.0,155.74057006835938,150.0,31131.197265625,0.0,1976.397705078125,1.0,282.15740966796875,284.13397216796875,291.5768737792969,293.6474914550781,293.1499938964844,293.1499938964844,281.8500061035156,35290.29296875,36000.0,313.1499938964844,0.0,18000.0,1.0,0.0,0.0,0.0,1.0,0.828719437122345,1.0,0.0,0.0,3.770201444625856,3.77022647857666,9.484673455517624e-07,4.265924453735352,4.265914440155029,9.78592834144365e-06,0.0,0.0,-0.0,5387.3857421875,0.0,1665.570556640625,1895.4371337890625,0.0,2736.528076171875,0.9317298531532288,1.0,0.0,3.0,1.0,0.0
12058440,297.1497497558594,297.1499938964844,293.1499938964844,0.0,-0.0,285.2872314453125,0.845716118812561,0.3969360291957855,0.3601974248886108,297.3871765136719,297.1499938964844,293.1499938964844,0.0,-0.0,285.2870788574219,0.9217923879623412,0.5128427743911743,0.4874654114246368,297.41583251953125,297.1499938964844,293.1499938964844,0.0,-0.0,285.2873229980469,0.8221314549446106,0.3630809485912323,0.2559488713741302,297.297607421875,297.1499938964844,293.1499938964844,0.0,-0.0,285.2875366210937,0.7600407600402832,0.2857476472854614,0.2741235494613647,297.24658203125,297.1499938964844,293.1499938964844,0.0,-0.0,285.2879943847656,0.6837623119354248,0.2057916074991226,0.943427801132202,285.2872009277344,284.95001220703125,296.240966796875,288.5279541015625,296.2406311035156,297.3424987792969,285.2857971191406,1.0,0.5453771352767944,1.0,1.0,0.0,1.0,-2.7868127822875977,2.786806583404541,6.2475614868162666e-06,2.154060125350952,0.9397189617156982,0.9397189617156982,0.0,155.74057006835938,150.0,31131.197265625,0.0,1976.397705078125,1.0,282.15740966796875,284.13397216796875,291.5768737792969,293.6474914550781,293.1499938964844,293.1499938964844,281.8500061035156,35290.29296875,36000.0,313.1499938964844,0.0,18000.0,1.0,0.0,0.0,0.0,1.0,0.828719437122345,1.0,0.0,0.0,3.770201444625856,3.77022647857666,9.484673455517624e-07,4.265924453735352,4.265914440155029,9.78592834144365e-06,0.0,0.0,-0.0,5387.3857421875,0.0,1665.570556640625,1895.4371337890625,0.0,2736.528076171875,0.9317298531532288,1.0,0.0,3.0,1.0,0.0
12058500,297.1380310058594,297.1499938964844,293.1499938964844,0.0,-0.0,285.13751220703125,0.8451765775680542,0.395788162946701,0.3592135310173034,297.37353515625,297.1499938964844,293.1499938964844,0.0,-0.0,285.1363830566406,0.922207534313202,0.5130078196525574,0.4876736104488373,297.4067687988281,297.1499938964844,293.1499938964844,0.0,-0.0,285.1379699707031,0.8228988647460938,0.3638754189014435,0.2565276324748993,297.2880859375,297.1499938964844,293.1499938964844,0.0,-0.0,285.1395263671875,0.7602575421333313,0.2857497334480285,0.2741601169109344,297.2372436523437,297.1499938964844,293.1499938964844,0.0,-0.0,285.1424560546875,0.6836290955543518,0.2054872959852218,0.9422206878662108,285.1373291015625,284.95001220703125,296.24920654296875,288.5437927246094,296.2488708496094,297.3309936523437,285.12774658203125,1.0,0.5447370409965515,1.0,1.0,0.0,1.0,-2.785172700881958,2.7851665019989014,6.240319180506049e-06,2.1528425216674805,0.9395214915275574,0.9395214915275574,0.0,155.52952575683594,150.0,31977.69140625,0.0,1972.770263671875,1.0,281.8980407714844,283.9384765625,291.6153564453125,293.7836608886719,293.1499938964844,293.1499938964844,281.8500061035156,35443.17578125,36000.0,313.1499938964844,0.0,18000.0,1.0,0.0,0.0,0.0,1.0,0.8369606137275696,1.0,0.0,0.0,3.779963493347168,3.7799887657165527,9.533853813081804e-07,4.265924453735352,4.265914440155029,9.78592834144365e-06,0.0,0.0,-0.0,5222.06005859375,0.0,1678.3087158203125,1895.4371337890625,0.0,2813.331787109375,0.9339949488639832,1.0,0.0,3.0,1.0,0.0
12058560,297.12652587890625,297.1499938964844,293.1499938964844,0.0,-0.0,285.0860290527344,0.8462316393852234,0.3945807516574859,0.3580522835254669,297.3598937988281,297.1499938964844,293.1499938964844,0.0,-0.0,285.0858764648437,0.9247792363166808,0.5130823254585266,0.4876789450645447,297.3977355957031,297.1499938964844,293.1499938964844,0.0,-0.0,285.0860900878906,0.8251907825469971,0.3646132349967956,0.2569864392280578,297.2785339355469,297.1499938964844,293.1499938964844,0.0,-0.0,285.0863342285156,0.7619473338127136,0.2856872081756592,0.274045467376709,297.2278747558594,297.1499938964844,293.1499938964844,0.0,-0.0,285.0867919921875,0.6848846077919006,0.2051188498735427,0.9403408765792848,285.08599853515625,284.95001220703125,296.2574462890625,288.5595397949219,296.2571105957031,297.3192443847656,285.0845642089844,1.0,0.5432172417640686,1.0,1.0,0.0,1.0,-2.781939744949341,2.781933307647705,6.225890501809772e-06,2.15036678314209,0.9398654699325562,0.9398654699325562,0.0,153.93316650390625,138.0,32078.796875,0.0,1960.0347900390625,1.0,281.85711669921875,283.8846435546875,291.59991455078125,293.7243347167969,293.1499938964844,293.1499938964844,281.54998779296875,35570.1875,36000.0,313.1499938964844,0.0,18000.0,1.0,0.0,0.0,0.0,1.0,0.8397136330604553,1.0,0.0,0.0,3.786885499954224,3.786910772323608,9.568803989168373e-07,4.265924453735352,4.265914440155029,9.78592834144365e-06,0.0,0.0,-0.0,5476.185546875,0.0,1687.523193359375,1895.4371337890625,0.0,2839.0400390625,0.9356640577316284,1.0,0.0,3.0,1.0,0.0
12058620,297.1054077148437,297.1499938964844,293.1499938964844,0.0,-0.0,284.888916015625,0.852238655090332,0.3921417891979217,0.3556787967681885,297.3340148925781,297.1499938964844,293.1499938964844,0.0,-0.0,284.8887634277344,0.935034990310669,0.513116717338562,0.4875327050685882,297.3809814453125,297.1499938964844,293.1499938964844,0.0,-0.0,284.88897705078125,0.8334255218505859,0.3660531342029571,0.2578343451023102,297.2605895996094,297.1499938964844,293.1499938964844,0.0,-0.0,284.8891906738281,0.7688978314399719,0.2854951322078705,0.2736670076847076,297.2102355957031,297.1499938964844,293.1499938964844,0.0,-0.0,284.8895874023437,0.6907212734222412,0.2043171674013137,0.9358040690422058,284.8888854980469,284.95001220703125,296.2738342285156,288.5907897949219,296.27349853515625,297.2973937988281,284.8876037597656,1.0,0.538262665271759,1.0,1.0,0.0,1.0,-2.7740254402160645,2.774019241333008,6.190536169015104e-06,2.1442580223083496,0.9373964667320251,0.9373964667320251,0.0,147.9268341064453,126.0,33050.07421875,0.0,1919.0526123046875,1.0,281.55718994140625,283.6419677734375,291.6293640136719,293.81036376953125,293.1499938964844,293.1499938964844,281.25,35840.7890625,36000.0,313.1499938964844,0.0,18000.0,1.0,0.0,0.0,0.0,1.0,0.8504444360733032,1.0,0.0,0.0,3.793500900268554,3.79352617263794,9.6022642992466e-07,4.265924453735352,4.265914440155029,9.78592834144365e-06,0.0,0.0,-0.0,5570.16455078125,0.0,1697.5194091796875,1895.4371337890625,0.0,2939.433349609375,0.9373269081115724,1.0,0.0,3.0,1.0,0.0
12058680,297.1054077148437,297.1499938964844,293.1499938964844,0.0,-0.0,284.888916015625,0.852238655090332,0.3921417891979217,0.3556787967681885,297.3340148925781,297.1499938964844,293.1499938964844,0.0,-0.0,284.8887634277344,0.935034990310669,0.513116717338562,0.4875327050685882,297.3809814453125,297.1499938964844,293.1499938964844,0.0,-0.0,284.88897705078125,0.8334255218505859,0.3660531342029571,0.2578343451023102,297.2605895996094,297.1499938964844,293.1499938964844,0.0,-0.0,284.8891906738281,0.7688978314399719,0.2854951322078705,0.2736670076847076,297.2102355957031,297.1499938964844,293.1499938964844,0.0,-0.0,284.8895874023437,0.6907212734222412,0.2043171674013137,0.9358040690422058,284.8888854980469,284.95001220703125,296.2738342285156,288.5907897949219,296.27349853515625,297.2973937988281,284.8876037597656,1.0,0.538262665271759,1.0,1.0,0.0,1.0,-2.7740254402160645,2.774019241333008,6.190536169015104e-06,2.1442580223083496,0.9373964667320251,0.9373964667320251,0.0,147.9268341064453,126.0,33050.07421875,0.0,1919.0526123046875,1.0,281.55718994140625,283.6419677734375,291.6293640136719,293.81036376953125,293.1499938964844,293.1499938964844,281.25,35840.7890625,36000.0,313.1499938964844,0.0,18000.0,1.0,0.0,0.0,0.0,1.0,0.8504444360733032,1.0,0.0,0.0,3.793500900268554,3.79352617263794,9.6022642992466e-07,4.265924453735352,4.265914440155029,9.78592834144365e-06,0.0,0.0,-0.0,5570.16455078125,0.0,1697.5194091796875,1895.4371337890625,0.0,2939.433349609375,0.9373269081115724,1.0,0.0,3.0,1.0,0.0
12058740,297.0865173339844,297.1499938964844,293.1499938964844,0.0,-0.0,284.7001037597656,0.8623813986778259,0.3896638751029968,0.3531771600246429,297.3098449707031,297.1499938964844,293.1499938964844,0.0,-0.0,284.699951171875,0.9501711130142212,0.5129988789558411,0.4871437549591064,297.36590576171875,297.1499938964844,293.1499938964844,0.0,-0.0,284.7001342773437,0.8456042408943176,0.3674516081809997,0.2585797905921936,297.2441101074219,297.1499938964844,293.1499938964844,0.0,-0.0,284.7003479003906,0.7796798348426819,0.2852254509925842,0.2731148600578308,297.1942138671875,297.1499938964844,293.1499938964844,0.0,-0.0,284.70074462890625,0.6999939680099487,0.2034548819065094,0.9305036664009094,284.7000732421875,284.95001220703125,296.2901611328125,288.6215515136719,296.2898254394531,297.27716064453125,284.6988830566406,1.0,0.5315892100334167,1.0,1.0,0.0,1.0,-2.76441502571106,2.764408826828003,6.147662134026177e-06,2.13680386543274,0.9324865341186525,0.9324865341186525,0.0,139.55389404296875,114.0,34110.06640625,0.0,1864.50048828125,1.0,281.25714111328125,283.4102783203125,291.66314697265625,293.90777587890625,293.1499938964844,293.1499938964844,280.95001220703125,36103.6328125,36000.0,313.1499938964844,0.0,18000.0,1.0,0.0,0.0,0.0,1.0,0.8617914319038391,1.0,0.0,0.0,3.790388584136963,3.790414094924927,9.586515261617023e-07,4.265924453735352,4.265914440155029,9.78592834144365e-06,0.0,0.0,-0.0,5673.537109375,0.0,1695.843994140625,1895.4371337890625,0.0,3045.80712890625,0.936797022819519,1.0,0.0,3.0,1.0,0.0
12058800,297.0865173339844,297.1499938964844,293.1499938964844,0.0,-0.0,284.7001037597656,0.8623813986778259,0.3896638751029968,0.3531771600246429,297.3098449707031,297.1499938964844,293.1499938964844,0.0,-0.0,284.699951171875,0.9501711130142212,0.5129988789558411,0.4871437549591064,297.36590576171875,297.1499938964844,293.1499938964844,0.0,-0.0,284.7001342773437,0.8456042408943176,0.3674516081809997,0.2585797905921936,297.2441101074219,297.1499938964844,293.1499938964844,0.0,-0.0,284.7003479003906,0.7796798348426819,0.2852254509925842,0.2731148600578308,297.1942138671875,297.1499938964844,293.1499938964844,0.0,-0.0,284.70074462890625,0.6999939680099487,0.2034548819065094,0.9305036664009094,284.7000732421875,284.95001220703125,296.2901611328125,288.6215515136719,296.2898254394531,297.27716064453125,284.6988830566406,1.0,0.5315892100334167,1.0,1.0,0.0,1.0,-2.76441502571106,2.764408826828003,6.147662134026177e-06,2.13680386543274,0.9324865341186525,0.9324865341186525,0.0,139.55389404296875,114.0,34110.06640625,0.0,1864.50048828125,1.0,281.25714111328125,283.4102783203125,291.66314697265625,293.90777587890625,293.1499938964844,293.1499938964844,280.95001220703125,36103.6328125,36000.0,313.1499938964844,0.0,18000.0,1.0,0.0,0.0,0.0,1.0,0.8617914319038391,1.0,0.0,0.0,3.790388584136963,3.790414094924927,9.586515261617023e-07,4.265924453735352,4.265914440155029,9.78592834144365e-06,0.0,0.0,-0.0,5673.537109375,0.0,1695.843994140625,1895.4371337890625,0.0,3045.80712890625,0.936797022819519,1.0,0.0,3.0,1.0,0.0
12058860,297.0693359375,297.1499938964844,293.1499938964844,0.0,-0.0,284.5130920410156,0.8763965964317322,0.3871191143989563,0.350573867559433,297.2869873046875,297.1499938964844,293.1499938964844,0.0,-0.0,284.512939453125,0.9683792591094972,0.5127094984054565,0.4865485727787018,297.3521728515625,297.1499938964844,293.1499938964844,0.0,-0.0,284.5131225585937,0.8617081046104431,0.3687953352928161,0.2592524290084839,297.2288818359375,297.1499938964844,293.1499938964844,0.0,-0.0,284.5133056640625,0.7939616441726685,0.2848756313323974,0.2724378705024719,297.1796875,297.1499938964844,293.1499938964844,0.0,-0.0,284.513671875,0.7121497392654419,0.2025434225797653,0.9247352480888368,284.5130615234375,284.95001220703125,296.3064270019531,288.65155029296875,296.3060913085937,297.2581481933594,284.5119323730469,1.0,0.5238418579101562,1.0,1.0,0.0,1.0,-2.753634214401245,2.753628253936768,6.099709935369901e-06,2.1284258365631104,0.9250945448875428,0.9250945448875428,0.0,129.81985473632812,102.0,35128.69921875,0.0,1802.1356201171875,1.0,280.9571838378906,283.1820068359375,291.69464111328125,294.00274658203125,293.1499938964844,293.1499938964844,280.6499938964844,36371.50390625,36000.0,313.1499938964844,0.0,18000.0,1.0,0.0,0.0,0.0,1.0,0.8734694719314575,1.0,0.0,0.0,3.777374267578125,3.7773995399475098,9.520796879769478e-07,4.265924453735352,4.265914440155029,9.78592834144365e-06,0.0,0.0,-0.0,5775.77490234375,0.0,1682.42626953125,1895.4371337890625,0.0,3155.35302734375,0.9340466260910034,1.0,0.0,3.0,1.0,0.0
12058920,297.0693359375,297.1499938964844,293.1499938964844,0.0,-0.0,284.5130920410156,0.8763965964317322,0.3871191143989563,0.350573867559433,297.2869873046875,297.1499938964844,293.1499938964844,0.0,-0.0,284.512939453125,0.9683792591094972,0.5127094984054565,0.4865485727787018,297.3521728515625,297.1499938964844,293.1499938964844,0.0,-0.0,284.5131225585937,0.8617081046104431,0.3687953352928161,0.2592524290084839,297.2288818359375,297.1499938964844,293.1499938964844,0.0,-0.0,284.5133056640625,0.7939616441726685,0.2848756313323974,0.2724378705024719,297.1796875,297.1499938964844,293.1499938964844,0.0,-0.0,284.513671875,0.7121497392654419,0.2025434225797653,0.9247352480888368,284.5130615234375,284.95001220703125,296.3064270019531,288.65155029296875,296.3060913085937,297.2581481933594,284.5119323730469,1.0,0.5238418579101562,1.0,1.0,0.0,1.0,-2.753634214401245,2.753628253936768,6.099709935369901e-06,2.1284258365631104,0.9250945448875428,0.9250945448875428,0.0,129.81985473632812,102.0,35128.69921875,0.0,1802.1356201171875,1.0,280.9571838378906,283.1820068359375,291.69464111328125,294.00274658203125,293.1499938964844,293.1499938964844,280.6499938964844,36371.50390625,36000.0,313.1499938964844,0.0,18000.0,1.0,0.0,0.0,0.0,1.0,0.8734694719314575,1.0,0.0,0.0,3.777374267578125,3.7773995399475098,9.520796879769478e-07,4.265924453735352,4.265914440155029,9.78592834144365e-06,0.0,0.0,-0.0,5775.77490234375,0.0,1682.42626953125,1895.4371337890625,0.0,3155.35302734375,0.9340466260910034,1.0,0.0,3.0,1.0,0.0
12058980,297.0535583496094,297.1499938964844,293.1499938964844,0.0,-0.0,284.3284606933594,0.8945404291152954,0.3844983875751495,0.3478757739067077,297.2652282714844,297.1499938964844,293.1499938964844,0.0,-0.0,284.3283386230469,0.9878737330436708,0.5122380256652832,0.4857551455497741,297.33953857421875,297.1499938964844,293.1499938964844,0.0,-0.0,284.3284912109375,0.8822529315948486,0.3700771927833557,0.2598612904548645,297.2147521972656,297.1499938964844,293.1499938964844,0.0,-0.0,284.32867431640625,0.811618447303772,0.2844407260417938,0.2716524600982666,297.16650390625,297.1499938964844,293.1499938964844,0.0,-0.0,284.3290100097656,0.7261413335800171,0.2015832960605621,0.9186102151870728,284.32843017578125,284.95001220703125,296.3226318359375,288.6806030273437,296.3222961425781,297.240234375,284.3274230957031,1.0,0.5153827667236328,1.0,1.0,0.0,1.0,-2.741865873336792,2.7418599128723145,6.047557235433487e-06,2.1192703247070312,0.9152578711509703,0.9152578711509703,0.0,119.3148956298828,90.0,36103.08984375,0.0,1735.1590576171875,1.0,280.6573181152344,282.95782470703125,291.7223205566406,294.0915222167969,293.1499938964844,293.1499938964844,280.3500061035156,36653.0703125,36000.0,313.1499938964844,0.0,18000.0,1.0,0.0,0.0,0.0,1.0,0.8848046660423279,1.0,0.0,0.0,3.753949642181397,3.753974676132202,9.40308041208482e-07,4.265924453735352,4.265914440155029,9.78592834144365e-06,0.0,0.0,-0.0,5876.029296875,0.0,1656.947509765625,1895.4371337890625,0.0,3261.58935546875,0.928973376750946,1.0,0.0,3.0,1.0,0.0
12059040,297.0535583496094,297.1499938964844,293.1499938964844,0.0,-0.0,284.3284606933594,0.8945404291152954,0.3844983875751495,0.3478757739067077,297.2652282714844,297.1499938964844,293.1499938964844,0.0,-0.0,284.3283386230469,0.9878737330436708,0.5122380256652832,0.4857551455497741,297.33953857421875,297.1499938964844,293.1499938964844,0.0,-0.0,284.3284912109375,0.8822529315948486,0.3700771927833557,0.2598612904548645,297.2147521972656,297.1499938964844,293.1499938964844,0.0,-0.0,284.32867431640625,0.811618447303772,0.2844407260417938,0.2716524600982666,297.16650390625,297.1499938964844,293.1499938964844,0.0,-0.0,284.3290100097656,0.7261413335800171,0.2015832960605621,0.9186102151870728,284.32843017578125,284.95001220703125,296.3226318359375,288.6806030273437,296.3222961425781,297.240234375,284.3274230957031,1.0,0.5153827667236328,1.0,1.0,0.0,1.0,-2.741865873336792,2.7418599128723145,6.047557235433487e-06,2.1192703247070312,0.9152578711509703,0.9152578711509703,0.0,119.3148956298828,90.0,36103.08984375,0.0,1735.1590576171875,1.0,280.6573181152344,282.95782470703125,291.7223205566406,294.0915222167969,293.1499938964844,293.1499938964844,280.3500061035156,36653.0703125,36000.0,313.1499938964844,0.0,18000.0,1.0,0.0,0.0,0.0,1.0,0.8848046660423279,1.0,0.0,0.0,3.753949642181397,3.753974676132202,9.40308041208482e-07,4.265924453735352,4.265914440155029,9.78592834144365e-06,0.0,0.0,-0.0,5876.029296875,0.0,1656.947509765625,1895.4371337890625,0.0,3261.58935546875,0.928973376750946,1.0,0.0,3.0,1.0,0.0
12059100,297.0463562011719,297.1499938964844,293.1499938964844,0.0,-0.0,284.1908264160156,0.9055739641189576,0.3831823766231537,0.3465468287467956,297.2548828125,297.1499938964844,293.1499938964844,0.0,-0.0,284.18963623046875,0.9976925849914552,0.5119554400444031,0.4853348433971405,297.3337707519531,297.1499938964844,293.1499938964844,0.0,-0.0,284.1910095214844,0.8945918679237366,0.370712548494339,0.2601741254329681,297.2081604003906,297.1499938964844,293.1499938964844,0.0,-0.0,284.19256591796875,0.8214415907859802,0.2842055261135101,0.2712487578392029,297.1604919433594,297.1499938964844,293.1499938964844,0.0,-0.0,284.19549560546875,0.7342430353164673,0.2010973691940307,0.9155209064483644,284.1905517578125,284.95001220703125,296.3306884765625,288.6947326660156,296.33038330078125,297.2319641113281,284.1815185546875,1.0,0.5109659433364868,1.0,1.0,0.0,1.0,-2.7359421253204346,2.735935926437378,6.021376975695603e-06,2.1146554946899414,0.9088669419288636,0.9088669419288636,0.0,113.84034729003906,90.0,37050.7734375,0.0,1700.784423828125,1.0,280.3987121582031,282.7840881347656,291.7616577148437,294.2352294921875,293.1499938964844,293.1499938964844,280.3500061035156,36814.765625,36000.0,313.1499938964844,0.0,18000.0,1.0,0.0,0.0,0.0,1.0,0.892745852470398,1.0,0.0,0.0,3.738260269165039,3.7382853031158447,9.32464558900392e-07,4.265924453735352,4.265914440155029,9.78592834144365e-06,0.0,0.0,-0.0,5696.60400390625,0.0,1639.8408203125,1895.4371337890625,0.0,3335.877197265625,0.9255278706550598,1.0,0.0,3.0,1.0,0.0
12059160,297.0386962890625,297.1499938964844,293.1499938964844,0.0,-0.0,284.14208984375,0.9137550592422484,0.3817737698554992,0.3451519310474396,297.2481689453125,297.1499938964844,293.1499938964844,0.0,-0.0,284.1418762207031,0.9990000128746032,0.5119524002075195,0.4763361811637878,297.3276062011719,297.1499938964844,293.1499938964844,0.0,-0.0,284.1421203613281,0.903733491897583,0.3712689876556396,0.2604587972164154,297.20123291015625,297.1499938964844,293.1499938964844,0.0,-0.0,284.1424255371094,0.8283519744873047,0.2838928699493408,0.2708286643028259,297.1542358398437,297.1499938964844,293.1499938964844,0.0,-0.0,284.1429748535156,0.7399909496307373,0.200548380613327,0.912468194961548,284.1420288085937,284.95001220703125,296.3387451171875,288.7085266113281,296.33843994140625,297.22442626953125,284.14013671875,1.0,0.5059581398963928,1.0,1.0,0.0,1.0,-2.7196736335754395,2.719667673110962,5.950550075795036e-06,2.1023497581481934,0.9029525518417358,0.9029525518417358,0.0,109.70899200439452,78.0,37037.31640625,0.0,1657.64697265625,1.0,280.3575439453125,282.740234375,291.74853515625,294.1784362792969,293.1499938964844,293.1499938964844,280.04998779296875,36959.1875,36000.0,313.1499938964844,0.0,18000.0,1.0,0.0,0.0,0.0,1.0,0.8956841826438904,1.0,0.0,0.0,3.7192442417144775,3.719269275665283,9.230021191797276e-07,4.265924453735352,4.265914440155029,9.78592834144365e-06,0.0,0.0,-0.0,5976.0771484375,0.0,1618.892333984375,1895.4371337890625,0.0,3363.322265625,0.9213966727256776,1.0,0.0,3.0,1.0,0.0
12059220,297.0233154296875,297.1499938964844,293.1499938964844,0.0,-0.0,283.9393310546875,0.9315140247344972,0.3788062632083893,0.3423117697238922,297.2677001953125,297.1499938964844,293.1499938964844,0.0,-0.0,283.93914794921875,0.9990000128746032,0.5151383280754089,0.4494833052158355,297.31512451171875,297.1499938964844,293.1499938964844,0.0,-0.0,283.9393615722656,0.9243109226226808,0.3722570538520813,0.2609891593456268,297.1873779296875,297.1499938964844,293.1499938964844,0.0,-0.0,283.939697265625,0.8426278829574585,0.2831388711929321,0.2699060142040252,297.1420593261719,297.1499938964844,293.1499938964844,0.0,-0.0,283.9403076171875,0.7520473003387451,0.1993685811758041,0.906090259552002,283.9393005371094,284.95001220703125,296.3548278808594,288.735107421875,296.3544921875,297.22381591796875,283.93719482421875,1.0,0.4944677352905273,1.0,1.0,0.0,1.0,-2.6758341789245605,2.675828218460083,5.760096883022925e-06,2.0683836936950684,0.8878243565559387,0.8878243565559387,0.0,101.48889923095705,66.0,37725.4296875,0.0,1557.1669921875,1.0,280.057861328125,282.5165405273437,291.76885986328125,294.24688720703125,293.1499938964844,293.1499938964844,280.3500061035156,37320.87109375,36000.0,313.1499938964844,0.0,18000.0,1.0,0.0,0.0,0.0,1.0,0.905362606048584,1.0,0.0,0.0,3.671199560165405,3.6712238788604736,8.993096685117052e-07,4.265924453735352,4.265914440155029,9.78592834144365e-06,0.0,0.0,-0.0,5389.85302734375,0.0,1566.822509765625,1895.4371337890625,0.0,3453.518310546875,0.9108936190605164,1.0,0.0,3.0,1.0,0.0
12059280,297.0233154296875,297.1499938964844,293.1499938964844,0.0,-0.0,283.9393310546875,0.9315140247344972,0.3788062632083893,0.3423117697238922,297.2677001953125,297.1499938964844,293.1499938964844,0.0,-0.0,283.93914794921875,0.9990000128746032,0.5151383280754089,0.4494833052158355,297.31512451171875,297.1499938964844,293.1499938964844,0.0,-0.0,283.9393615722656,0.9243109226226808,0.3722570538520813,0.2609891593456268,297.1873779296875,297.1499938964844,293.1499938964844,0.0,-0.0,283.939697265625,0.8426278829574585,0.2831388711929321,0.2699060142040252,297.1420593261719,297.1499938964844,293.1499938964844,0.0,-0.0,283.9403076171875,0.7520473003387451,0.1993685811758041,0.906090259552002,283.9393005371094,284.95001220703125,296.3548278808594,288.735107421875,296.3544921875,297.22381591796875,283.93719482421875,1.0,0.4944677352905273,1.0,1.0,0.0,1.0,-2.6758341789245605,2.675828218460083,5.760096883022925e-06,2.0683836936950684,0.8878243565559387,0.8878243565559387,0.0,101.48889923095705,66.0,37725.4296875,0.0,1557.1669921875,1.0,280.057861328125,282.5165405273437,291.76885986328125,294.24688720703125,293.1499938964844,293.1499938964844,280.3500061035156,37320.87109375,36000.0,313.1499938964844,0.0,18000.0,1.0,0.0,0.0,0.0,1.0,0.905362606048584,1.0,0.0,0.0,3.671199560165405,3.6712238788604736,8.993096685117052e-07,4.265924453735352,4.265914440155029,9.78592834144365e-06,0.0,0.0,-0.0,5389.85302734375,0.0,1566.822509765625,1895.4371337890625,0.0,3453.518310546875,0.9108936190605164,1.0,0.0,3.0,1.0,0.0
12059340,297.0242004394531,297.1499938964844,293.1499938964844,0.0,-0.0,284.09356689453125,0.9486218690872192,0.377724140882492,0.340690016746521,297.3120422363281,297.1499938964844,293.1499938964844,0.0,-0.0,284.0939025878906,0.9990000128746032,0.5206010937690735,0.4265181422233581,297.3154602050781,297.1499938964844,293.1499938964844,0.0,-0.0,284.0935363769531,0.944095492362976,0.3737847506999969,0.2616167962551117,297.1839599609375,297.1499938964844,293.1499938964844,0.0,-0.0,284.0928039550781,0.8564789295196533,0.2831316590309143,0.2694284915924072,297.1386413574219,297.1499938964844,293.1499938964844,0.0,-0.0,284.0914306640625,0.7639936804771423,0.1989509016275406,0.9022233486175536,284.0936279296875,284.95001220703125,296.3663635253906,288.7532958984375,296.36602783203125,297.24560546875,284.0975341796875,1.0,0.4853318631649017,1.0,1.0,0.0,1.0,-2.6418211460113525,2.641815423965454,5.6143289839383215e-06,2.041964292526245,0.8809298276901245,0.8809298276901245,0.0,94.90457153320312,66.0,36375.7265625,0.0,1480.343017578125,1.0,280.3282470703125,282.7115173339844,291.679443359375,294.0001220703125,293.1499938964844,293.1499938964844,280.3500061035156,37303.7890625,36000.0,313.1499938964844,0.0,18000.0,1.0,0.0,0.0,0.0,1.0,0.8901963233947754,1.0,0.0,0.0,3.6353402137756334,3.635364294052124,8.818270771371317e-07,4.265924453735352,4.265914440155029,9.78592834144365e-06,0.0,0.0,-0.0,5530.40625,0.0,1526.6358642578125,1895.4371337890625,0.0,3312.043701171875,0.9029291272163392,1.0,0.0,3.0,1.0,0.0
12059400,297.0269775390625,297.1499938964844,293.1499938964844,0.0,-0.0,284.1088256835937,0.956692099571228,0.3775472044944763,0.3403823673725128,297.33575439453125,297.1499938964844,293.1499938964844,0.0,-0.0,284.1089172363281,0.9990000128746032,0.5234711170196533,0.4163227081298828,297.31768798828125,297.1499938964844,293.1499938964844,0.0,-0.0,284.1087951660156,0.9531975388526917,0.3745869100093841,0.2620609104633331,297.18438720703125,297.1499938964844,293.1499938964844,0.0,-0.0,284.10858154296875,0.8633374571800232,0.2832925915718078,0.2694346308708191,297.1389465332031,297.1499938964844,293.1499938964844,0.0,-0.0,284.108154296875,0.7699799537658691,0.1989392787218094,0.9014721512794496,284.1088256835937,284.95001220703125,296.370849609375,288.7601318359375,296.3705139160156,297.259765625,284.1098937988281,1.0,0.4816527068614959,1.0,1.0,0.0,1.0,-2.628838300704956,2.6288328170776367,5.559186320169829e-06,2.031881809234619,0.8779693245887756,0.8779693245887756,0.0,92.15117645263672,86.0,36209.953125,0.0,1450.424072265625,1.0,280.3421325683594,282.72857666015625,291.6851501464844,294.0061950683594,293.1499938964844,293.1499938964844,280.6499938964844,37304.390625,36000.0,313.1499938964844,0.0,18000.0,1.0,0.0,0.0,0.0,1.0,0.8858568072319031,1.0,0.0,0.0,3.621767044067383,3.621791124343872,8.752544999879319e-07,4.265924453735352,4.265914440155029,9.78592834144365e-06,0.0,0.0,-0.0,5235.14111328125,0.0,1511.66845703125,1895.4371337890625,0.0,3271.440185546875,0.8998888731002808,1.0,0.0,3.0,1.0,0.0
12059460,297.04498291015625,297.1499938964844,293.1499938964844,0.0,-0.0,284.3206481933594,0.964418351650238,0.3778044283390045,0.3402552306652069,297.4183349609375,297.1499938964844,293.1499938964844,0.0,-0.0,284.3208312988281,0.9990000128746032,0.5342214107513428,0.406651109457016,297.33319091796875,297.1499938964844,293.1499938964844,0.0,-0.0,284.3206481933594,0.9640631675720216,0.3782726228237152,0.2643559575080871,297.192626953125,297.1499938964844,293.1499938964844,0.0,-0.0,284.3200988769531,0.8710801005363464,0.2845538258552551,0.2703041434288025,297.1467590332031,297.1499938964844,293.1499938964844,0.0,-0.0,284.3191223144531,0.7765089869499207,0.1995805650949478,0.9028158187866212,284.3207092285156,284.95001220703125,296.38677978515625,288.78338623046875,296.3864440917969,297.316650390625,284.3240661621094,1.0,0.480123370885849,1.0,1.0,0.0,1.0,-2.6224257946014404,2.622420310974121,5.530593625735492e-06,2.0261881351470947,0.8712266087532043,0.8712266087532043,0.0,89.76676177978516,106.0,35049.41015625,0.0,1431.197265625,1.0,280.6413269042969,282.976806640625,291.6854553222656,293.9042663574219,293.1499938964844,293.1499938964844,280.95001220703125,37132.0078125,36000.0,313.1499938964844,0.0,18000.0,1.0,0.0,0.0,0.0,1.0,0.8623589873313904,1.0,0.0,0.0,3.578496217727661,3.578519821166992,8.544652700948063e-07,4.265924453735352,4.265914440155029,9.78592834144365e-06,0.0,0.0,-0.0,5143.93603515625,0.0,1463.3665771484375,1895.4371337890625,0.0,3051.130859375,0.8901453614234924,1.0,0.0,3.0,1.0,0.0
12059520,297.04498291015625,297.1499938964844,293.1499938964844,0.0,-0.0,284.3206481933594,0.964418351650238,0.3778044283390045,0.3402552306652069,297.4183349609375,297.1499938964844,293.1499938964844,0.0,-0.0,284.3208312988281,0.9990000128746032,0.5342214107513428,0.406651109457016,297.33319091796875,297.1499938964844,293.1499938964844,0.0,-0.0,284.3206481933594,0.9640631675720216,0.3782726228237152,0.2643559575080871,297.192626953125,297.1499938964844,293.1499938964844,0.0,-0.0,284.3200988769531,0.8710801005363464,0.2845538258552551,0.2703041434288025,297.1467590332031,297.1499938964844,293.1499938964844,0.0,-0.0,284.3191223144531,0.7765089869499207,0.1995805650949478,0.9028158187866212,284.3207092285156,284.95001220703125,296.38677978515625,288.78338623046875,296.3864440917969,297.316650390625,284.3240661621094,1.0,0.480123370885849,1.0,1.0,0.0,1.0,-2.6224257946014404,2.622420310974121,5.530593625735492e-06,2.0261881351470947,0.8712266087532043,0.8712266087532043,0.0,89.76676177978516,106.0,35049.41015625,0.0,1431.197265625,1.0,280.6413269042969,282.976806640625,291.6854553222656,293.9042663574219,293.1499938964844,293.1499938964844,280.95001220703125,37132.0078125,36000.0,313.1499938964844,0.0,18000.0,1.0,0.0,0.0,0.0,1.0,0.8623589873313904,1.0,0.0,0.0,3.578496217727661,3.578519821166992,8.544652700948063e-07,4.265924453735352,4.265914440155029,9.78592834144365e-06,0.0,0.0,-0.0,5143.93603515625,0.0,1463.3665771484375,1895.4371337890625,0.0,3051.130859375,0.8901453614234924,1.0,0.0,3.0,1.0,0.0
12059580,297.06842041015625,297.1499938964844,293.1499938964844,0.0,-0.0,284.55767822265625,0.9562378525733948,0.3788426518440246,0.3411219120025635,297.46209716796875,297.1499938964844,293.1499938964844,0.0,-0.0,284.5579528808594,0.9990000128746032,0.5421004295349121,0.4177833199501037,297.3544311523437,297.1499938964844,293.1499938964844,0.0,-0.0,284.55767822265625,0.9589003324508668,0.3827378749847412,0.2674075067043304,297.2064208984375,297.1499938964844,293.1499938964844,0.0,-0.0,284.5570068359375,0.8651390671730042,0.2864876091480255,0.2720816433429718,297.1601867675781,297.1499938964844,293.1499938964844,0.0,-0.0,284.55584716796875,0.7710889577865601,0.2008950114250183,0.9085144996643066,284.5577392578125,284.95001220703125,296.4026794433594,288.8046569824219,296.40234375,297.3556213378906,284.5619506835937,1.0,0.4865842163562774,1.0,1.0,0.0,1.0,-2.6494686603546143,2.649462938308716,5.644645625579869e-06,2.046791076660156,0.8678414225578308,0.8678414225578308,0.0,93.15228271484376,126.0,34301.671875,0.0,1482.90087890625,1.0,280.94097900390625,283.24676513671875,291.7257385253906,293.884521484375,293.1499938964844,293.1499938964844,281.25,36845.671875,36000.0,313.1499938964844,0.0,18000.0,1.0,0.0,0.0,0.0,1.0,0.84331214427948,1.0,0.0,0.0,3.5457825660705566,3.5458059310913086,8.389141612497042e-07,4.265924453735352,4.265914440155029,9.78592834144365e-06,0.0,0.0,-0.0,5091.51904296875,0.0,1426.429931640625,1895.4371337890625,0.0,2872.67578125,0.8826680183410645,1.0,0.0,3.0,1.0,0.0
12059640,297.06842041015625,297.1499938964844,293.1499938964844,0.0,-0.0,284.55767822265625,0.9562378525733948,0.3788426518440246,0.3411219120025635,297.46209716796875,297.1499938964844,293.1499938964844,0.0,-0.0,284.5579528808594,0.9990000128746032,0.5421004295349121,0.4177833199501037,297.3544311523437,297.1499938964844,293.1499938964844,0.0,-0.0,284.55767822265625,0.9589003324508668,0.3827378749847412,0.2674075067043304,297.2064208984375,297.1499938964844,293.1499938964844,0.0,-0.0,284.5570068359375,0.8651390671730042,0.2864876091480255,0.2720816433429718,297.1601867675781,297.1499938964844,293.1499938964844,0.0,-0.0,284.55584716796875,0.7710889577865601,0.2008950114250183,0.9085144996643066,284.5577392578125,284.95001220703125,296.4026794433594,288.8046569824219,296.40234375,297.3556213378906,284.5619506835937,1.0,0.4865842163562774,1.0,1.0,0.0,1.0,-2.6494686603546143,2.649462938308716,5.644645625579869e-06,2.046791076660156,0.8678414225578308,0.8678414225578308,0.0,93.15228271484376,126.0,34301.671875,0.0,1482.90087890625,1.0,280.94097900390625,283.24676513671875,291.7257385253906,293.884521484375,293.1499938964844,293.1499938964844,281.25,36845.671875,36000.0,313.1499938964844,0.0,18000.0,1.0,0.0,0.0,0.0,1.0,0.84331214427948,1.0,0.0,0.0,3.5457825660705566,3.5458059310913086,8.389141612497042e-07,4.265924453735352,4.265914440155029,9.78592834144365e-06,0.0,0.0,-0.0,5091.51904296875,0.0,1426.429931640625,1895.4371337890625,0.0,2872.67578125,0.8826680183410645,1.0,0.0,3.0,1.0,0.0
12059700,297.0806884765625,297.1499938964844,293.1499938964844,0.0,-0.0,284.72314453125,0.9473875164985656,0.3795277774333954,0.3417490124702453,297.4671325683594,297.1499938964844,293.1499938964844,0.0,-0.0,284.72418212890625,0.9990000128746032,0.5445755124092102,0.4293446540832519,297.3658142089844,297.1499938964844,293.1499938964844,0.0,-0.0,284.7232360839844,0.9517045617103576,0.3851501047611236,0.2690973579883575,297.2142333984375,297.1499938964844,293.1499938964844,0.0,-0.0,284.7210388183594,0.85850590467453,0.2876088321208954,0.2731777429580688,297.1676025390625,297.1499938964844,293.1499938964844,0.0,-0.0,284.7171630859375,0.7651439309120178,0.2016879022121429,0.9123222827911376,284.72344970703125,284.95001220703125,296.4106140136719,288.81451416015625,296.4102783203125,297.3651733398437,284.7361145019531,1.0,0.4921498000621795,1.0,1.0,0.0,1.0,-2.6720283031463623,2.672022581100464,5.741010681958869e-06,2.0641372203826904,0.8679308295249939,0.8679308295249939,0.0,96.56257629394533,126.0,33651.04296875,0.0,1529.4476318359375,1.0,281.1956787109375,283.448486328125,291.7237243652344,293.7940368652344,293.1499938964844,293.1499938964844,281.25,36660.73046875,36000.0,313.1499938964844,0.0,18000.0,1.0,0.0,0.0,0.0,1.0,0.8336901664733887,1.0,0.0,0.0,3.5340569019317627,3.5340797901153564,8.333747700817185e-07,4.265924453735352,4.265914440155029,9.78592834144365e-06,0.0,0.0,-0.0,5255.95703125,0.0,1412.747802734375,1895.4371337890625,0.0,2782.823486328125,0.8799670338630676,1.0,0.0,3.0,1.0,0.0
12059760,297.09356689453125,297.1499938964844,293.1499938964844,0.0,-0.0,284.8050842285156,0.9363742470741272,0.380354106426239,0.3425950407981872,297.4622802734375,297.1499938964844,293.1499938964844,0.0,-0.0,284.80548095703125,0.9990000128746032,0.5461137890815735,0.4438558518886566,297.3778686523437,297.1499938964844,293.1499938964844,0.0,-0.0,284.8051147460937,0.9423776865005492,0.3877004981040954,0.270945280790329,297.2226257324219,297.1499938964844,293.1499938964844,0.0,-0.0,284.80438232421875,0.8505465388298035,0.2888426780700683,0.2744432687759399,297.1753845214844,297.1499938964844,293.1499938964844,0.0,-0.0,284.8031311035156,0.7580089569091797,0.2025634348392486,0.9167696833610536,284.8052062988281,284.95001220703125,296.41851806640625,288.82379150390625,296.4181823730469,297.36920166015625,284.80975341796875,1.0,0.4989717602729797,1.0,1.0,0.0,1.0,-2.6995604038238525,2.699554443359375,5.859818429598818e-06,2.0853536128997803,0.8678311705589294,0.8678311705589294,0.0,100.92798614501952,146.0,33810.87890625,0.0,1588.180908203125,1.0,281.2408142089844,283.5258178710937,291.7735595703125,293.8983459472656,293.1499938964844,293.1499938964844,281.54998779296875,36489.01171875,36000.0,313.1499938964844,0.0,18000.0,1.0,0.0,0.0,0.0,1.0,0.8304013013839722,1.0,0.0,0.0,3.52636194229126,3.526384830474853,8.297496378872893e-07,4.265924453735352,4.265914440155029,9.78592834144365e-06,0.0,0.0,-0.0,5058.15087890625,0.0,1403.4512939453125,1895.4371337890625,0.0,2752.181396484375,0.8780900239944458,1.0,0.0,3.0,1.0,0.0
12059820,297.1187438964844,297.1499938964844,293.1499938964844,0.0,-0.0,285.0548095703125,0.9103334546089172,0.3821894824504852,0.3444969356060028,297.4262084960937,297.1499938964844,293.1499938964844,0.0,-0.0,285.0553283691406,0.9990000128746032,0.5464439392089844,0.4802187085151672,297.40185546875,297.1499938964844,293.1499938964844,0.0,-0.0,285.05487060546875,0.9191441535949708,0.3930152654647827,0.2748341858386993,297.2395935058594,297.1499938964844,293.1499938964844,0.0,-0.0,285.0541076660156,0.8322725892066956,0.2914799749851227,0.2772156298160553,297.1903686523437,297.1499938964844,293.1499938964844,0.0,-0.0,285.0528564453125,0.7416476607322693,0.204402208328247,0.9265114665031432,285.0549621582031,284.95001220703125,296.4342956542969,288.8405456542969,296.4339599609375,297.3615417480469,285.0595092773437,1.0,0.5155429244041443,1.0,1.0,0.0,1.0,-2.765244245529175,2.765238046646118,6.148402917460771e-06,2.136075019836426,0.8711737394332886,0.8711737394332886,0.0,112.29004669189452,164.0,33449.16015625,0.0,1737.2945556640625,1.0,281.54058837890625,283.8041687011719,291.8133544921875,293.9167175292969,293.1499938964844,293.1499938964844,281.8500061035156,36096.80078125,36000.0,313.1499938964844,0.0,18000.0,1.0,0.0,0.0,0.0,1.0,0.8222098350524902,1.0,0.0,0.0,3.521664619445801,3.5216872692108154,8.275405321001017e-07,4.265924453735352,4.265914440155029,9.78592834144365e-06,0.0,0.0,-0.0,5031.17626953125,0.0,1395.7200927734375,1895.4371337890625,0.0,2676.05419921875,0.8767541646957397,1.0,0.0,3.0,1.0,0.0
12059880,297.1187438964844,297.1499938964844,293.1499938964844,0.0,-0.0,285.0548095703125,0.9103334546089172,0.3821894824504852,0.3444969356060028,297.4262084960937,297.1499938964844,293.1499938964844,0.0,-0.0,285.0553283691406,0.9990000128746032,0.5464439392089844,0.4802187085151672,297.40185546875,297.1499938964844,293.1499938964844,0.0,-0.0,285.05487060546875,0.9191441535949708,0.3930152654647827,0.2748341858386993,297.2395935058594,297.1499938964844,293.1499938964844,0.0,-0.0,285.0541076660156,0.8322725892066956,0.2914799749851227,0.2772156298160553,297.1903686523437,297.1499938964844,293.1499938964844,0.0,-0.0,285.0528564453125,0.7416476607322693,0.204402208328247,0.9265114665031432,285.0549621582031,284.95001220703125,296.4342956542969,288.8405456542969,296.4339599609375,297.3615417480469,285.0595092773437,1.0,0.5155429244041443,1.0,1.0,0.0,1.0,-2.765244245529175,2.765238046646118,6.148402917460771e-06,2.136075019836426,0.8711737394332886,0.8711737394332886,0.0,112.29004669189452,164.0,33449.16015625,0.0,1737.2945556640625,1.0,281.54058837890625,283.8041687011719,291.8133544921875,293.9167175292969,293.1499938964844,293.1499938964844,281.8500061035156,36096.80078125,36000.0,313.1499938964844,0.0,18000.0,1.0,0.0,0.0,0.0,1.0,0.8222098350524902,1.0,0.0,0.0,3.521664619445801,3.5216872692108154,8.275405321001017e-07,4.265924453735352,4.265914440155029,9.78592834144365e-06,0.0,0.0,-0.0,5031.17626953125,0.0,1395.7200927734375,1895.4371337890625,0.0,2676.05419921875,0.8767541646957397,1.0,0.0,3.0,1.0,0.0
12059940,297.1427917480469,297.1499938964844,293.1499938964844,0.0,-0.0,285.2999572753906,0.8840718269348145,0.3842321336269378,0.3467398583889007,297.36572265625,297.1499938964844,293.1499938964844,0.0,-0.0,285.300537109375,0.9955549240112304,0.5438292622566223,0.5161973237991333,297.42529296875,297.1499938964844,293.1499938964844,0.0,-0.0,285.3000183105469,0.8944355845451355,0.3985822796821594,0.2790156900882721,297.2561340332031,297.1499938964844,293.1499938964844,0.0,-0.0,285.2993469238281,0.8116992115974426,0.2942897379398346,0.2803132236003876,297.2041015625,297.1499938964844,293.1499938964844,0.0,-0.0,285.2982177734375,0.7236829996109009,0.2063064128160476,0.937297523021698,285.3001403808594,284.95001220703125,296.45001220703125,288.85467529296875,296.44970703125,297.3407287597656,285.30352783203125,1.0,0.5338595509529114,1.0,1.0,0.0,1.0,-2.832014322280884,2.832007884979248,6.451306035160087e-06,2.1887412071228027,0.8777651786804199,0.8777651786804199,0.0,127.09620666503906,182.0,33092.62109375,0.0,1912.0277099609373,1.0,281.8406066894531,284.0754699707031,291.84136962890625,293.9279479980469,293.1499938964844,293.1499938964844,282.1499938964844,35699.5,36000.0,313.1499938964844,0.0,18000.0,1.0,0.0,0.0,0.0,1.0,0.8167790770530701,1.0,0.0,0.0,3.531933307647705,3.531956195831299,8.32373586945323e-07,4.265924453735352,4.265914440155029,9.78592834144365e-06,0.0,0.0,-0.0,5003.689453125,0.0,1403.5621337890625,1895.4371337890625,0.0,2625.755615234375,0.8787432909011841,1.0,0.0,3.0,1.0,0.0
12060000,297.1427917480469,297.1499938964844,293.1499938964844,0.0,-0.0,285.2999572753906,0.8840718269348145,0.3842321336269378,0.3467398583889007,297.36572265625,297.1499938964844,293.1499938964844,0.0,-0.0,285.300537109375,0.9955549240112304,0.5438292622566223,0.5161973237991333,297.42529296875,297.1499938964844,293.1499938964844,0.0,-0.0,285.3000183105469,0.8944355845451355,0.3985822796821594,0.2790156900882721,297.2561340332031,297.1499938964844,293.1499938964844,0.0,-0.0,285.2993469238281,0.8116992115974426,0.2942897379398346,0.2803132236003876,297.2041015625,297.1499938964844,293.1499938964844,0.0,-0.0,285.2982177734375,0.7236829996109009,0.2063064128160476,0.937297523021698,285.3001403808594,284.95001220703125,296.45001220703125,288.85467529296875,296.44970703125,297.3407287597656,285.30352783203125,1.0,0.5338595509529114,1.0,1.0,0.0,1.0,-2.832014322280884,2.832007884979248,6.451306035160087e-06,2.1887412071228027,0.8777651786804199,0.8777651786804199,0.0,127.09620666503906,182.0,33092.62109375,0.0,1912.0277099609373,1.0,281.8406066894531,284.0754699707031,291.84136962890625,293.9279479980469,293.1499938964844,293.1499938964844,282.1499938964844,35699.5,36000.0,313.1499938964844,0.0,18000.0,1.0,0.0,0.0,0.0,1.0,0.8167790770530701,1.0,0.0,0.0,3.531933307647705,3.531956195831299,8.32373586945323e-07,4.265924453735352,4.265914440155029,9.78592834144365e-06,0.0,0.0,-0.0,5003.689453125,0.0,1403.5621337890625,1895.4371337890625,0.0,2625.755615234375,0.8787432909011841,1.0,0.0,3.0,1.0,0.0
12060060,297.16290283203125,297.1499938964844,293.1499938964844,0.0,-0.0,285.5096740722656,0.8517939448356628,0.3861798644065857,0.3492441475391388,297.3375549316406,297.1499938964844,293.1499938964844,0.0,-0.0,285.510009765625,0.960631251335144,0.5436500310897827,0.5157648921012878,297.4457397460937,297.1499938964844,293.1499938964844,0.0,-0.0,285.5097045898437,0.8637679815292358,0.404140442609787,0.2834520041942596,297.2698974609375,297.1499938964844,293.1499938964844,0.0,-0.0,285.5093078613281,0.7827314138412476,0.2970296144485473,0.2836899161338806,297.2150573730469,297.1499938964844,293.1499938964844,0.0,-0.0,285.50860595703125,0.6983274817466736,0.2081043124198913,0.9491309523582458,285.509765625,284.95001220703125,296.4652404785156,288.8643798828125,296.4649353027344,297.3373413085937,285.5120849609375,1.0,0.5504513382911682,1.0,1.0,0.0,1.0,-2.859037399291992,2.8590309619903564,6.574134204129223e-06,2.2092325687408447,0.8869209289550781,0.8869209289550781,0.0,147.8992462158203,200.0,32444.49609375,0.0,2056.290771484375,1.0,282.1407775878906,284.3178405761719,291.8524475097656,293.90966796875,293.1499938964844,293.1499938964844,282.45001220703125,35347.6875,36000.0,313.1499938964844,0.0,18000.0,1.0,0.0,0.0,0.0,1.0,0.8116909861564636,1.0,0.0,0.0,3.555612325668335,3.555635452270508,8.435719678345777e-07,4.265924453735352,4.265914440155029,9.78592834144365e-06,0.0,0.0,-0.0,4954.587890625,0.0,1425.916748046875,1895.4371337890625,0.0,2578.7744140625,0.8837554454803467,1.0,0.0,3.0,1.0,0.0
12060120,297.16290283203125,297.1499938964844,293.1499938964844,0.0,-0.0,285.5096740722656,0.8517939448356628,0.3861798644065857,0.3492441475391388,297.3375549316406,297.1499938964844,293.1499938964844,0.0,-0.0,285.510009765625,0.960631251335144,0.5436500310897827,0.5157648921012878,297.4457397460937,297.1499938964844,293.1499938964844,0.0,-0.0,285.5097045898437,0.8637679815292358,0.404140442609787,0.2834520041942596,297.2698974609375,297.1499938964844,293.1499938964844,0.0,-0.0,285.5093078613281,0.7827314138412476,0.2970296144485473,0.2836899161338806,297.2150573730469,297.1499938964844,293.1499938964844,0.0,-0.0,285.50860595703125,0.6983274817466736,0.2081043124198913,0.9491309523582458,285.509765625,284.95001220703125,296.4652404785156,288.8643798828125,296.4649353027344,297.3373413085937,285.5120849609375,1.0,0.5504513382911682,1.0,1.0,0.0,1.0,-2.859037399291992,2.8590309619903564,6.574134204129223e-06,2.2092325687408447,0.8869209289550781,0.8869209289550781,0.0,147.8992462158203,200.0,32444.49609375,0.0,2056.290771484375,1.0,282.1407775878906,284.3178405761719,291.8524475097656,293.90966796875,293.1499938964844,293.1499938964844,282.45001220703125,35347.6875,36000.0,313.1499938964844,0.0,18000.0,1.0,0.0,0.0,0.0,1.0,0.8116909861564636,1.0,0.0,0.0,3.555612325668335,3.555635452270508,8.435719678345777e-07,4.265924453735352,4.265914440155029,9.78592834144365e-06,0.0,0.0,-0.0,4954.587890625,0.0,1425.916748046875,1895.4371337890625,0.0,2578.7744140625,0.8837554454803467,1.0,0.0,3.0,1.0,0.0
12060180,297.1813049316406,297.1499938964844,293.1499938964844,0.0,-0.0,285.7176208496094,0.8297677040100098,0.388207197189331,0.3517148196697235,297.3401794433594,297.1499938964844,293.1499938964844,0.0,-0.0,285.7178955078125,0.9307647347450256,0.5462743043899536,0.5184758305549622,297.4649963378906,297.1499938964844,293.1499938964844,0.0,-0.0,285.7176513671875,0.8431710004806519,0.4098376333713531,0.2879118621349334,297.28253173828125,297.1499938964844,293.1499938964844,0.0,-0.0,285.71728515625,0.7623578310012817,0.2998296916484833,0.28703373670578,297.2254333496094,297.1499938964844,293.1499938964844,0.0,-0.0,285.7166442871094,0.679283618927002,0.2099792510271072,0.9608635902404784,285.7177124023437,284.95001220703125,296.47955322265625,288.8681030273437,296.4792785644531,297.35009765625,285.71978759765625,1.0,0.5662517547607422,1.0,1.0,0.0,1.0,-2.8887438774108887,2.888737201690674,6.71142424835125e-06,2.232171535491944,0.898848295211792,0.898848295211792,0.0,167.51187133789062,188.0,31885.7734375,0.0,2202.579345703125,1.0,282.4410400390625,284.559814453125,291.8522644042969,293.8774108886719,293.1499938964844,293.1499938964844,282.75,35031.453125,36000.0,313.1499938964844,0.0,18000.0,1.0,0.0,0.0,0.0,1.0,0.8055094480514526,1.0,0.0,0.0,3.59108304977417,3.591106414794922,8.604868071415694e-07,4.265924453735352,4.265914440155029,9.78592834144365e-06,0.0,0.0,-0.0,4908.3740234375,0.0,1461.4732666015625,1895.4371337890625,0.0,2521.902587890625,0.8914453983306885,1.0,0.0,3.0,1.0,0.0
12060240,297.1813049316406,297.1499938964844,293.1499938964844,0.0,-0.0,285.7176208496094,0.8297677040100098,0.388207197189331,0.3517148196697235,297.3401794433594,297.1499938964844,293.1499938964844,0.0,-0.0,285.7178955078125,0.9307647347450256,0.5462743043899536,0.5184758305549622,297.4649963378906,297.1499938964844,293.1499938964844,0.0,-0.0,285.7176513671875,0.8431710004806519,0.4098376333713531,0.2879118621349334,297.28253173828125,297.1499938964844,293.1499938964844,0.0,-0.0,285.71728515625,0.7623578310012817,0.2998296916484833,0.28703373670578,297.2254333496094,297.1499938964844,293.1499938964844,0.0,-0.0,285.7166442871094,0.679283618927002,0.2099792510271072,0.9608635902404784,285.7177124023437,284.95001220703125,296.47955322265625,288.8681030273437,296.4792785644531,297.35009765625,285.71978759765625,1.0,0.5662517547607422,1.0,1.0,0.0,1.0,-2.8887438774108887,2.888737201690674,6.71142424835125e-06,2.232171535491944,0.898848295211792,0.898848295211792,0.0,167.51187133789062,188.0,31885.7734375,0.0,2202.579345703125,1.0,282.4410400390625,284.559814453125,291.8522644042969,293.8774108886719,293.1499938964844,293.1499938964844,282.75,35031.453125,36000.0,313.1499938964844,0.0,18000.0,1.0,0.0,0.0,0.0,1.0,0.8055094480514526,1.0,0.0,0.0,3.59108304977417,3.591106414794922,8.604868071415694e-07,4.265924453735352,4.265914440155029,9.78592834144365e-06,0.0,0.0,-0.0,4908.3740234375,0.0,1461.4732666015625,1895.4371337890625,0.0,2521.902587890625,0.8914453983306885,1.0,0.0,3.0,1.0,0.0
12060300,297.1900634765625,297.1499938964844,293.1499938964844,0.0,-0.0,285.8647766113281,0.8258852362632751,0.3892614841461181,0.35275399684906,297.3454895019531,297.1499938964844,293.1499938964844,0.0,-0.0,285.8662414550781,0.9253748655319214,0.5479956865310669,0.5201081037521362,297.4742736816406,297.1499938964844,293.1499938964844,0.0,-0.0,285.86505126953125,0.8402971029281616,0.4127427935600281,0.2900067567825317,297.2885131835937,297.1499938964844,293.1499938964844,0.0,-0.0,285.8632507324219,0.7591166496276855,0.3012543618679046,0.2885071933269501,297.2304382324219,297.1499938964844,293.1499938964844,0.0,-0.0,285.8602294921875,0.6761904358863831,0.2109470814466476,0.9658476114273072,285.8652648925781,284.95001220703125,296.4863586425781,288.86785888671875,296.486083984375,297.35809326171875,285.8746032714844,1.0,0.5701808929443359,1.0,1.0,0.0,1.0,-2.9022390842437744,2.9022321701049805,6.774407665943727e-06,2.24265718460083,0.9063766002655028,0.9063766002655028,0.0,172.15867614746094,188.0,31231.3828125,0.0,2248.882080078125,1.0,282.6973571777344,284.74420166015625,291.8228454589844,293.7629699707031,293.1499938964844,293.1499938964844,282.75,34876.359375,36000.0,313.1499938964844,0.0,18000.0,1.0,0.0,0.0,0.0,1.0,0.7995954751968384,1.0,0.0,0.0,3.612602710723877,3.612626075744629,8.708306040716707e-07,4.265924453735352,4.265914440155029,9.78592834144365e-06,0.0,0.0,-0.0,5057.978515625,0.0,1483.6376953125,1895.4371337890625,0.0,2467.727294921875,0.8961798548698425,1.0,0.0,3.0,1.0,0.0
12060360,297.19927978515625,297.1499938964844,293.1499938964844,0.0,-0.0,285.91864013671875,0.8254501819610596,0.3904215395450592,0.353832483291626,297.3525085449219,297.1499938964844,293.1499938964844,0.0,-0.0,285.9188842773437,0.9249101281166076,0.5499245524406433,0.5219100713729858,297.4839782714844,297.1499938964844,293.1499938964844,0.0,-0.0,285.918701171875,0.8409637808799744,0.4157492518424988,0.2921206355094909,297.2947998046875,297.1499938964844,293.1499938964844,0.0,-0.0,285.9183959960937,0.7591782212257385,0.3027507364749908,0.2899520397186279,297.2358093261719,297.1499938964844,293.1499938964844,0.0,-0.0,285.9178771972656,0.6762352585792542,0.2119836211204528,0.9706264734268188,285.9187316894531,284.95001220703125,296.492919921875,288.86627197265625,296.49267578125,297.36737060546875,285.9203491210937,1.0,0.5726711750030518,1.0,1.0,0.0,1.0,-2.915723323822021,2.915716648101806,6.83750704411068e-06,2.25307846069336,0.913418173789978,0.913418173789978,0.0,173.78994750976562,176.0,31289.234375,0.0,2280.5712890625,1.0,282.7415466308594,284.7951354980469,291.8475341796875,293.8388671875,293.1499938964844,293.1499938964844,282.45001220703125,34759.40625,36000.0,313.1499938964844,0.0,18000.0,1.0,0.0,0.0,0.0,1.0,0.7987256646156311,1.0,0.0,0.0,3.636756420135498,3.636780023574829,8.825142003843212e-07,4.265924453735352,4.265914440155029,9.78592834144365e-06,0.0,0.0,-0.0,5400.61376953125,0.0,1509.2354736328125,1895.4371337890625,0.0,2459.779541015625,0.9014703035354614,1.0,0.0,3.0,1.0,0.0
12060420,297.19744873046875,297.1499938964844,293.1499938964844,0.0,-0.0,285.7391967773437,0.8280729055404663,0.3908891081809997,0.3547266721725464,297.3486328125,297.1499938964844,293.1499938964844,0.0,-0.0,285.73895263671875,0.9294235110282898,0.5521219372749329,0.5244234204292297,297.4865417480469,297.1499938964844,293.1499938964844,0.0,-0.0,285.7391357421875,0.8461408019065857,0.420262336730957,0.2955430150032043,297.295654296875,297.1499938964844,293.1499938964844,0.0,-0.0,285.7394714355469,0.7629150748252869,0.3046865463256836,0.2920474708080292,297.2377624511719,297.1499938964844,293.1499938964844,0.0,-0.0,285.7400207519531,0.6797417998313904,0.2132839858531952,0.977345645427704,285.7391052246094,284.95001220703125,296.5053405761719,288.8591613769531,296.505126953125,297.36602783203125,285.7374572753906,1.0,0.5741078853607178,1.0,1.0,0.0,1.0,-2.934544086456299,2.934537172317505,6.926431979081826e-06,2.267783641815185,0.9225067496299744,0.9225067496299744,0.0,172.73716735839844,164.0,32402.849609375,0.0,2308.557861328125,1.0,282.4577331542969,284.56597900390625,291.9496459960937,294.080810546875,293.1499938964844,293.1499938964844,282.1499938964844,34858.87890625,36000.0,313.1499938964844,0.0,18000.0,1.0,0.0,0.0,0.0,1.0,0.8218928575515747,1.0,0.0,0.0,3.68004322052002,3.680067300796509,9.036476740220678e-07,4.265924453735352,4.265914440155029,9.78592834144365e-06,0.0,0.0,-0.0,5541.78564453125,0.0,1558.242431640625,1895.4371337890625,0.0,2673.1142578125,0.9112115502357484,1.0,0.0,3.0,1.0,0.0
12060480,297.19744873046875,297.1499938964844,293.1499938964844,0.0,-0.0,285.7391967773437,0.8280729055404663,0.3908891081809997,0.3547266721725464,297.3486328125,297.1499938964844,293.1499938964844,0.0,-0.0,285.73895263671875,0.9294235110282898,0.5521219372749329,0.5244234204292297,297.4865417480469,297.1499938964844,293.1499938964844,0.0,-0.0,285.7391357421875,0.8461408019065857,0.420262336730957,0.2955430150032043,297.295654296875,297.1499938964844,293.1499938964844,0.0,-0.0,285.7394714355469,0.7629150748252869,0.3046865463256836,0.2920474708080292,297.2377624511719,297.1499938964844,293.1499938964844,0.0,-0.0,285.7400207519531,0.6797417998313904,0.2132839858531952,0.977345645427704,285.7391052246094,284.95001220703125,296.5053405761719,288.8591613769531,296.505126953125,297.36602783203125,285.7374572753906,1.0,0.5741078853607178,1.0,1.0,0.0,1.0,-2.934544086456299,2.934537172317505,6.926431979081826e-06,2.267783641815185,0.9225067496299744,0.9225067496299744,0.0,172.73716735839844,164.0,32402.849609375,0.0,2308.557861328125,1.0,282.4577331542969,284.56597900390625,291.9496459960937,294.080810546875,293.1499938964844,293.1499938964844,282.1499938964844,34858.87890625,36000.0,313.1499938964844,0.0,18000.0,1.0,0.0,0.0,0.0,1.0,0.8218928575515747,1.0,0.0,0.0,3.68004322052002,3.680067300796509,9.036476740220678e-07,4.265924453735352,4.265914440155029,9.78592834144365e-06,0.0,0.0,-0.0,5541.78564453125,0.0,1558.242431640625,1895.4371337890625,0.0,2673.1142578125,0.9112115502357484,1.0,0.0,3.0,1.0,0.0
12060540,297.1843566894531,297.1499938964844,293.1499938964844,0.0,-0.0,285.54473876953125,0.8316749334335327,0.3900677561759949,0.3541324138641357,297.33355712890625,297.1499938964844,293.1499938964844,0.0,-0.0,285.544189453125,0.935539722442627,0.5526367425918579,0.5250768661499023,297.4783020019531,297.1499938964844,293.1499938964844,0.0,-0.0,285.5445861816406,0.8521427512168884,0.4228552877902984,0.2974238693714142,297.28765869140625,297.1499938964844,293.1499938964844,0.0,-0.0,285.5452880859375,0.7675313353538513,0.3053717315196991,0.2927717864513397,297.2320556640625,297.1499938964844,293.1499938964844,0.0,-0.0,285.54644775390625,0.6839483976364136,0.2136064171791076,0.9790114164352416,285.5445556640625,284.95001220703125,296.5145874023437,288.8499755859375,296.5143737792969,297.3525390625,285.5410461425781,1.0,0.5725864768028259,1.0,1.0,0.0,1.0,-2.939759016036988,2.9397521018981934,6.951219347683946e-06,2.2718780040740967,0.9271723628044128,0.9271723628044128,0.0,169.38108825683594,164.0,33391.3671875,0.0,2300.995361328125,1.0,282.16650390625,284.32550048828125,291.96612548828125,294.1962890625,293.1499938964844,293.1499938964844,282.1499938964844,35034.6796875,36000.0,313.1499938964844,0.0,18000.0,1.0,0.0,0.0,0.0,1.0,0.8431431651115417,1.0,0.0,0.0,3.708965539932251,3.7089898586273193,9.1790741407749e-07,4.265924453735352,4.265914440155029,9.78592834144365e-06,0.0,0.0,-0.0,5340.53662109375,0.0,1592.426025390625,1895.4371337890625,0.0,2871.095458984375,0.9178043007850648,1.0,0.0,3.0,1.0,0.0
12060600,297.18084716796875,297.1499938964844,293.1499938964844,0.0,-0.0,285.5315856933594,0.8327605724334717,0.3898165225982666,0.3538557291030884,297.329345703125,297.1499938964844,293.1499938964844,0.0,-0.0,285.53125,0.9373461604118348,0.5526959896087646,0.5250905752182007,297.47589111328125,297.1499938964844,293.1499938964844,0.0,-0.0,285.531494140625,0.8538728952407837,0.423456460237503,0.2978048920631408,297.2851867675781,297.1499938964844,293.1499938964844,0.0,-0.0,285.5318908691406,0.768873393535614,0.3054821193218231,0.2928430438041687,297.2301025390625,297.1499938964844,293.1499938964844,0.0,-0.0,285.5325012207031,0.6851502060890198,0.2136264443397522,0.9789692759513856,285.5314636230469,284.95001220703125,296.5168151855469,288.8471984863281,296.5166015625,297.3487548828125,285.52947998046875,1.0,0.5719149112701416,1.0,1.0,0.0,1.0,-2.939936876296997,2.939929962158203,6.952047897357261e-06,2.272010087966919,0.9285642504692078,0.9285642504692078,0.0,168.27841186523438,152.0,33420.46875,0.0,2295.781005859375,1.0,282.1578674316406,284.3116760253906,291.9458312988281,294.1661376953125,293.1499938964844,293.1499938964844,281.8500061035156,35063.671875,36000.0,313.1499938964844,0.0,18000.0,1.0,0.0,0.0,0.0,1.0,0.8456928133964539,1.0,0.0,0.0,3.715538024902344,3.715562582015991,9.21163461953256e-07,4.265924453735352,4.265914440155029,9.78592834144365e-06,0.0,0.0,-0.0,5630.59033203125,0.0,1600.1810302734375,1895.4371337890625,0.0,2894.946533203125,0.9193072319030762,1.0,0.0,3.0,1.0,0.0
12060660,297.1598205566406,297.1499938964844,293.1499938964844,0.0,-0.0,285.3193054199219,0.8397896885871887,0.3880791366100311,0.3521699905395508,297.30401611328125,297.1499938964844,293.1499938964844,0.0,-0.0,285.3189697265625,0.9483951926231384,0.5524072647094727,0.524725079536438,297.4602966308594,297.1499938964844,293.1499938964844,0.0,-0.0,285.3191833496094,0.8643816709518433,0.4260075688362121,0.299469918012619,297.26959228515625,297.1499938964844,293.1499938964844,0.0,-0.0,285.3196105957031,0.7771245241165161,0.3056191205978393,0.292837530374527,297.21734619140625,297.1499938964844,293.1499938964844,0.0,-0.0,285.3202514648437,0.6924400925636292,0.2133538275957107,0.977082908153534,285.3191833496094,284.95001220703125,296.5273132324219,288.8307189941406,296.527099609375,297.3265380859375,285.3170166015625,1.0,0.5672747492790222,1.0,1.0,0.0,1.0,-2.9372048377990723,2.9371979236602783,6.939069862710312e-06,2.26987099647522,0.9317464232444764,0.9317464232444764,0.0,161.36643981933594,140.0,34356.515625,0.0,2256.31005859375,1.0,281.85760498046875,284.0560302734375,291.9057922363281,294.1890563964844,293.1499938964844,293.1499938964844,281.54998779296875,35309.46875,36000.0,313.1499938964844,0.0,18000.0,1.0,0.0,0.0,0.0,1.0,0.8637861013412476,1.0,0.0,0.0,3.741900682449341,3.741925477981568,9.342816156276968e-07,4.265924453735352,4.265914440155029,9.78592834144365e-06,0.0,0.0,-0.0,5706.30810546875,0.0,1632.5396728515625,1895.4371337890625,0.0,3064.517822265625,0.9253871440887452,1.0,0.0,3.0,1.0,0.0
12060720,297.1598205566406,297.1499938964844,293.1499938964844,0.0,-0.0,285.3193054199219,0.8397896885871887,0.3880791366100311,0.3521699905395508,297.30401611328125,297.1499938964844,293.1499938964844,0.0,-0.0,285.3189697265625,0.9483951926231384,0.5524072647094727,0.524725079536438,297.4602966308594,297.1499938964844,293.1499938964844,0.0,-0.0,285.3191833496094,0.8643816709518433,0.4260075688362121,0.299469918012619,297.26959228515625,297.1499938964844,293.1499938964844,0.0,-0.0,285.3196105957031,0.7771245241165161,0.3056191205978393,0.292837530374527,297.21734619140625,297.1499938964844,293.1499938964844,0.0,-0.0,285.3202514648437,0.6924400925636292,0.2133538275957107,0.977082908153534,285.3191833496094,284.95001220703125,296.5273132324219,288.8307189941406,296.527099609375,297.3265380859375,285.3170166015625,1.0,0.5672747492790222,1.0,1.0,0.0,1.0,-2.9372048377990723,2.9371979236602783,6.939069862710312e-06,2.26987099647522,0.9317464232444764,0.9317464232444764,0.0,161.36643981933594,140.0,34356.515625,0.0,2256.31005859375,1.0,281.85760498046875,284.0560302734375,291.9057922363281,294.1890563964844,293.1499938964844,293.1499938964844,281.54998779296875,35309.46875,36000.0,313.1499938964844,0.0,18000.0,1.0,0.0,0.0,0.0,1.0,0.8637861013412476,1.0,0.0,0.0,3.741900682449341,3.741925477981568,9.342816156276968e-07,4.265924453735352,4.265914440155029,9.78592834144365e-06,0.0,0.0,-0.0,5706.30810546875,0.0,1632.5396728515625,1895.4371337890625,0.0,3064.517822265625,0.9253871440887452,1.0,0.0,3.0,1.0,0.0
12060780,297.1383056640625,297.1499938964844,293.1499938964844,0.0,-0.0,285.11212158203125,0.8493670225143433,0.3860273063182831,0.3500866293907165,297.27703857421875,297.1499938964844,293.1499938964844,0.0,-0.0,285.1117858886719,0.962009847164154,0.5516247749328613,0.5237680077552795,297.4433288574219,297.1499938964844,293.1499938964844,0.0,-0.0,285.11199951171875,0.8778673410415649,0.4282195270061493,0.3008134663105011,297.2522888183594,297.1499938964844,293.1499938964844,0.0,-0.0,285.1124267578125,0.7878000736236572,0.3053807914257049,0.2923623621463775,297.2026062011719,297.1499938964844,293.1499938964844,0.0,-0.0,285.11309814453125,0.7017022371292114,0.2127142697572708,0.9730226397514344,285.11199951171875,284.95001220703125,296.53680419921875,288.8100891113281,296.53662109375,297.3034973144531,285.10986328125,1.0,0.5610067248344421,1.0,1.0,0.0,1.0,-2.9297170639038086,2.929710149765014,6.903546818648465e-06,2.264001607894897,0.9322126507759094,0.9322126507759094,0.0,152.75730895996094,128.0,35349.19140625,0.0,2200.151611328125,1.0,281.55743408203125,283.80908203125,291.8678894042969,294.20953369140625,293.1499938964844,293.1499938964844,281.25,35568.1796875,36000.0,313.1499938964844,0.0,18000.0,1.0,0.0,0.0,0.0,1.0,0.878082275390625,1.0,0.0,0.0,3.758660316467285,3.758685111999512,9.426694305147976e-07,4.265924453735352,4.265914440155029,9.78592834144365e-06,0.0,0.0,-0.0,5788.94140625,0.0,1654.124755859375,1895.4371337890625,0.0,3198.60595703125,0.9293204545974731,1.0,0.0,3.0,1.0,0.0
12060840,297.1383056640625,297.1499938964844,293.1499938964844,0.0,-0.0,285.11212158203125,0.8493670225143433,0.3860273063182831,0.3500866293907165,297.27703857421875,297.1499938964844,293.1499938964844,0.0,-0.0,285.1117858886719,0.962009847164154,0.5516247749328613,0.5237680077552795,297.4433288574219,297.1499938964844,293.1499938964844,0.0,-0.0,285.11199951171875,0.8778673410415649,0.4282195270061493,0.3008134663105011,297.2522888183594,297.1499938964844,293.1499938964844,0.0,-0.0,285.1124267578125,0.7878000736236572,0.3053807914257049,0.2923623621463775,297.2026062011719,297.1499938964844,293.1499938964844,0.0,-0.0,285.11309814453125,0.7017022371292114,0.2127142697572708,0.9730226397514344,285.11199951171875,284.95001220703125,296.53680419921875,288.8100891113281,296.53662109375,297.3034973144531,285.10986328125,1.0,0.5610067248344421,1.0,1.0,0.0,1.0,-2.9297170639038086,2.929710149765014,6.903546818648465e-06,2.264001607894897,0.9322126507759094,0.9322126507759094,0.0,152.75730895996094,128.0,35349.19140625,0.0,2200.151611328125,1.0,281.55743408203125,283.80908203125,291.8678894042969,294.20953369140625,293.1499938964844,293.1499938964844,281.25,35568.1796875,36000.0,313.1499938964844,0.0,18000.0,1.0,0.0,0.0,0.0,1.0,0.878082275390625,1.0,0.0,0.0,3.758660316467285,3.758685111999512,9.426694305147976e-07,4.265924453735352,4.265914440155029,9.78592834144365e-06,0.0,0.0,-0.0,5788.94140625,0.0,1654.124755859375,1895.4371337890625,0.0,3198.60595703125,0.9293204545974731,1.0,0.0,3.0,1.0,0.0
12060900,297.1279296875,297.1499938964844,293.1499938964844,0.0,-0.0,284.96124267578125,0.8553107976913452,0.3849341869354248,0.3489997386932373,297.2635498046875,297.1499938964844,293.1499938964844,0.0,-0.0,284.959716796875,0.9696321487426758,0.551108717918396,0.5231817960739136,297.4348449707031,297.1499938964844,293.1499938964844,0.0,-0.0,284.9607238769531,0.8858975172042847,0.4292466640472412,0.3014374673366546,297.2435607910156,297.1499938964844,293.1499938964844,0.0,-0.0,284.962646484375,0.7941832542419434,0.3051749169826507,0.2920341491699219,297.1950988769531,297.1499938964844,293.1499938964844,0.0,-0.0,284.9657287597656,0.7071869373321533,0.2123113274574279,0.9705393314361572,284.960693359375,284.95001220703125,296.5411682128906,288.7983093261719,296.541015625,297.2923583984375,284.9513854980469,1.0,0.5574496388435364,1.0,1.0,0.0,1.0,-2.925077676773072,2.9250707626342773,6.881572517158929e-06,2.260360717773437,0.930815815925598,0.930815815925598,0.0,147.96368408203125,128.0,36246.875,0.0,2168.192626953125,1.0,281.2983703613281,283.6190185546875,291.8774108886719,294.320556640625,293.1499938964844,293.1499938964844,281.25,35714.12109375,36000.0,313.1499938964844,0.0,18000.0,1.0,0.0,0.0,0.0,1.0,0.8870303630828857,1.0,0.0,0.0,3.763453245162964,3.7634782791137695,9.450751008444058e-07,4.265924453735352,4.265914440155029,9.78592834144365e-06,0.0,0.0,-0.0,5604.7333984375,0.0,1660.8863525390625,1895.4371337890625,0.0,3282.4248046875,0.9304623007774352,1.0,0.0,3.0,1.0,0.0
12060960,297.11737060546875,297.1499938964844,293.1499938964844,0.0,-0.0,284.9037475585937,0.8617400527000427,0.3837579190731048,0.3477612733840942,297.2497253417969,297.1499938964844,293.1499938964844,0.0,-0.0,284.9034118652344,0.9772812724113464,0.5504693388938904,0.5224069952964783,297.42608642578125,297.1499938964844,293.1499938964844,0.0,-0.0,284.90362548828125,0.8944637775421143,0.4301911890506744,0.3019517958164215,297.2346496582031,297.1499938964844,293.1499938964844,0.0,-0.0,284.904052734375,0.8009805083274841,0.3048901557922363,0.2915907204151153,297.1873779296875,297.1499938964844,293.1499938964844,0.0,-0.0,284.9046936035156,0.7128723859786987,0.2118392437696457,0.9676113128662108,284.90362548828125,284.95001220703125,296.5452880859375,288.78564453125,296.5451354980469,297.2807922363281,284.9014892578125,1.0,0.5536430478096008,1.0,1.0,0.0,1.0,-2.919224739074707,2.919217824935913,6.853929789940594e-06,2.2557802200317383,0.9298901557922364,0.9298901557922364,0.0,143.04705810546875,116.0,36275.0234375,0.0,2133.644775390625,1.0,281.2572326660156,283.5633850097656,291.8348693847656,294.232177734375,293.1499938964844,293.1499938964844,280.95001220703125,35837.49609375,36000.0,313.1499938964844,0.0,18000.0,1.0,0.0,0.0,0.0,1.0,0.8907204866409302,1.0,0.0,0.0,3.765456914901733,3.765481948852539,9.46081740949012e-07,4.265924453735352,4.265914440155029,9.78592834144365e-06,0.0,0.0,-0.0,5870.322265625,0.0,1664.199462890625,1895.4371337890625,0.0,3316.945068359375,0.9310221076011658,1.0,0.0,3.0,1.0,0.0
12061020,297.0972595214844,297.1499938964844,293.1499938964844,0.0,-0.0,284.69561767578125,0.8772974610328674,0.381306916475296,0.3452429175376892,297.2225341796875,297.1499938964844,293.1499938964844,0.0,-0.0,284.6952819824219,0.9931535124778748,0.5489778518676758,0.5207021832466125,297.4090576171875,297.1499938964844,293.1499938964844,0.0,-0.0,284.69549560546875,0.9150227904319764,0.4319632649421692,0.3029273152351379,297.21728515625,297.1499938964844,293.1499938964844,0.0,-0.0,284.6959228515625,0.8163433074951172,0.3042023777961731,0.2905984222888946,297.17242431640625,297.1499938964844,293.1499938964844,0.0,-0.0,284.69659423828125,0.7252545356750488,0.2107975929975509,0.9612720608711244,284.69549560546875,284.95001220703125,296.5527648925781,288.7577819824219,296.5526428222656,297.2588806152344,284.6933898925781,1.0,0.5455058217048645,1.0,1.0,0.0,1.0,-2.9065101146698,2.906503438949585,6.794050477765268e-06,2.2458202838897705,0.924791157245636,0.924791157245636,0.0,132.6604461669922,104.0,37136.29296875,0.0,2060.511962890625,1.0,280.95733642578125,283.3202819824219,291.8019714355469,294.2523498535156,293.1499938964844,293.1499938964844,280.6499938964844,36117.328125,36000.0,313.1499938964844,0.0,18000.0,1.0,0.0,0.0,0.0,1.0,0.9023956060409546,1.0,0.0,0.0,3.76190710067749,3.761932373046875,9.442987902730238e-07,4.265924453735352,4.265914440155029,9.78592834144365e-06,0.0,0.0,-0.0,5949.6220703125,0.0,1662.1759033203125,1895.4371337890625,0.0,3425.90478515625,0.9304064512252808,1.0,0.0,3.0,1.0,0.0
12061080,297.0972595214844,297.1499938964844,293.1499938964844,0.0,-0.0,284.69561767578125,0.8772974610328674,0.381306916475296,0.3452429175376892,297.2225341796875,297.1499938964844,293.1499938964844,0.0,-0.0,284.6952819824219,0.9931535124778748,0.5489778518676758,0.5207021832466125,297.4090576171875,297.1499938964844,293.1499938964844,0.0,-0.0,284.69549560546875,0.9150227904319764,0.4319632649421692,0.3029273152351379,297.21728515625,297.1499938964844,293.1499938964844,0.0,-0.0,284.6959228515625,0.8163433074951172,0.3042023777961731,0.2905984222888946,297.17242431640625,297.1499938964844,293.1499938964844,0.0,-0.0,284.69659423828125,0.7252545356750488,0.2107975929975509,0.9612720608711244,284.69549560546875,284.95001220703125,296.5527648925781,288.7577819824219,296.5526428222656,297.2588806152344,284.6933898925781,1.0,0.5455058217048645,1.0,1.0,0.0,1.0,-2.9065101146698,2.906503438949585,6.794050477765268e-06,2.2458202838897705,0.924791157245636,0.924791157245636,0.0,132.6604461669922,104.0,37136.29296875,0.0,2060.511962890625,1.0,280.95733642578125,283.3202819824219,291.8019714355469,294.2523498535156,293.1499938964844,293.1499938964844,280.6499938964844,36117.328125,36000.0,313.1499938964844,0.0,18000.0,1.0,0.0,0.0,0.0,1.0,0.9023956060409546,1.0,0.0,0.0,3.76190710067749,3.761932373046875,9.442987902730238e-07,4.265924453735352,4.265914440155029,9.78592834144365e-06,0.0,0.0,-0.0,5949.6220703125,0.0,1662.1759033203125,1895.4371337890625,0.0,3425.90478515625,0.9304064512252808,1.0,0.0,3.0,1.0,0.0
12061140,297.0775451660156,297.1499938964844,293.1499938964844,0.0,-0.0,284.4810485839844,0.8914995193481445,0.3786443471908569,0.3426321148872375,297.2026672363281,297.1499938964844,293.1499938964844,0.0,-0.0,284.4805908203125,0.9990000128746032,0.5478565096855164,0.5070837736129761,297.3919372558594,297.1499938964844,293.1499938964844,0.0,-0.0,284.4808349609375,0.9356608390808104,0.4335112571716308,0.3038206696510315,297.199951171875,297.1499938964844,293.1499938964844,0.0,-0.0,284.4814147949219,0.829412579536438,0.3033024370670318,0.2895008325576782,297.1577453613281,297.1499938964844,293.1499938964844,0.0,-0.0,284.4822692871094,0.7360058426856995,0.2095940262079239,0.9546319842338562,284.4808654785156,284.95001220703125,296.5592346191406,288.7268371582031,296.5591125488281,297.2395324707031,284.4779663085937,1.0,0.5360768437385559,1.0,1.0,0.0,1.0,-2.878798723220825,2.8787920475006104,6.665366981906118e-06,2.224519968032837,0.9168126583099364,0.9168126583099364,0.0,123.66715240478516,92.0,37815.9296875,0.0,1970.22314453125,1.0,280.65740966796875,283.0735778808594,291.7665405273437,294.2638244628906,293.1499938964844,293.1499938964844,280.3500061035156,36417.12109375,36000.0,313.1499938964844,0.0,18000.0,1.0,0.0,0.0,0.0,1.0,0.9132189750671388,1.0,0.0,0.0,3.7473576068878174,3.747382640838623,9.370085649607064e-07,4.265924453735352,4.265914440155029,9.78592834144365e-06,0.0,0.0,-0.0,6017.47607421875,0.0,1647.4093017578125,1895.4371337890625,0.0,3526.45263671875,0.9273348450660706,1.0,0.0,3.0,1.0,0.0
12061200,297.0775451660156,297.1499938964844,293.1499938964844,0.0,-0.0,284.4810485839844,0.8914995193481445,0.3786443471908569,0.3426321148872375,297.2026672363281,297.1499938964844,293.1499938964844,0.0,-0.0,284.4805908203125,0.9990000128746032,0.5478565096855164,0.5070837736129761,297.3919372558594,297.1499938964844,293.1499938964844,0.0,-0.0,284.4808349609375,0.9356608390808104,0.4335112571716308,0.3038206696510315,297.199951171875,297.1499938964844,293.1499938964844,0.0,-0.0,284.4814147949219,0.829412579536438,0.3033024370670318,0.2895008325576782,297.1577453613281,297.1499938964844,293.1499938964844,0.0,-0.0,284.4822692871094,0.7360058426856995,0.2095940262079239,0.9546319842338562,284.4808654785156,284.95001220703125,296.5592346191406,288.7268371582031,296.5591125488281,297.2395324707031,284.4779663085937,1.0,0.5360768437385559,1.0,1.0,0.0,1.0,-2.878798723220825,2.8787920475006104,6.665366981906118e-06,2.224519968032837,0.9168126583099364,0.9168126583099364,0.0,123.66715240478516,92.0,37815.9296875,0.0,1970.22314453125,1.0,280.65740966796875,283.0735778808594,291.7665405273437,294.2638244628906,293.1499938964844,293.1499938964844,280.3500061035156,36417.12109375,36000.0,313.1499938964844,0.0,18000.0,1.0,0.0,0.0,0.0,1.0,0.9132189750671388,1.0,0.0,0.0,3.7473576068878174,3.747382640838623,9.370085649607064e-07,4.265924453735352,4.265914440155029,9.78592834144365e-06,0.0,0.0,-0.0,6017.47607421875,0.0,1647.4093017578125,1895.4371337890625,0.0,3526.45263671875,0.9273348450660706,1.0,0.0,3.0,1.0,0.0
12061260,297.0575256347656,297.1499938964844,293.1499938964844,0.0,-0.0,284.2543334960937,0.9050939679145812,0.375698059797287,0.3398097157478332,297.2179870605469,297.1499938964844,293.1499938964844,0.0,-0.0,284.2539367675781,0.9990000128746032,0.5500417947769165,0.481286346912384,297.3741149902344,297.1499938964844,293.1499938964844,0.0,-0.0,284.254150390625,0.955007255077362,0.4347732663154602,0.304548442363739,297.182373046875,297.1499938964844,293.1499938964844,0.0,-0.0,284.2547302246094,0.8418936729431152,0.3021531999111175,0.2882082462310791,297.14288330078125,297.1499938964844,293.1499938964844,0.0,-0.0,284.2556457519531,0.7463256120681763,0.2081885933876037,0.9472877979278564,284.2541809082031,284.95001220703125,296.56463623046875,288.6932067871094,296.56451416015625,297.22906494140625,284.2510681152344,1.0,0.5247420072555542,1.0,1.0,0.0,1.0,-2.834904432296753,2.834897994995117,6.463294994318858e-06,2.1904375553131104,0.90571129322052,0.90571129322052,0.0,115.17798614501952,95.0,38272.65625,0.0,1858.358154296875,1.0,280.3575439453125,282.8206481933594,291.7239990234375,294.2536926269531,293.1499938964844,293.1499938964844,280.04998779296875,36757.27734375,36000.0,313.1499938964844,0.0,18000.0,1.0,0.0,0.0,0.0,1.0,0.9222298860549928,1.0,0.0,0.0,3.720268964767456,3.7202937602996826,9.235107540916944e-07,4.265924453735352,4.265914440155029,9.78592834144365e-06,0.0,0.0,-0.0,6066.90478515625,0.0,1618.5355224609375,1895.4371337890625,0.0,3609.72265625,0.9214856624603271,1.0,0.0,3.0,1.0,0.0
12061320,297.0575256347656,297.1499938964844,293.1499938964844,0.0,-0.0,284.2543334960937,0.9050939679145812,0.375698059797287,0.3398097157478332,297.2179870605469,297.1499938964844,293.1499938964844,0.0,-0.0,284.2539367675781,0.9990000128746032,0.5500417947769165,0.481286346912384,297.3741149902344,297.1499938964844,293.1499938964844,0.0,-0.0,284.254150390625,0.955007255077362,0.4347732663154602,0.304548442363739,297.182373046875,297.1499938964844,293.1499938964844,0.0,-0.0,284.2547302246094,0.8418936729431152,0.3021531999111175,0.2882082462310791,297.14288330078125,297.1499938964844,293.1499938964844,0.0,-0.0,284.2556457519531,0.7463256120681763,0.2081885933876037,0.9472877979278564,284.2541809082031,284.95001220703125,296.56463623046875,288.6932067871094,296.56451416015625,297.22906494140625,284.2510681152344,1.0,0.5247420072555542,1.0,1.0,0.0,1.0,-2.834904432296753,2.834897994995117,6.463294994318858e-06,2.1904375553131104,0.90571129322052,0.90571129322052,0.0,115.17798614501952,95.0,38272.65625,0.0,1858.358154296875,1.0,280.3575439453125,282.8206481933594,291.7239990234375,294.2536926269531,293.1499938964844,293.1499938964844,280.04998779296875,36757.27734375,36000.0,313.1499938964844,0.0,18000.0,1.0,0.0,0.0,0.0,1.0,0.9222298860549928,1.0,0.0,0.0,3.720268964767456,3.7202937602996826,9.235107540916944e-07,4.265924453735352,4.265914440155029,9.78592834144365e-06,0.0,0.0,-0.0,6066.90478515625,0.0,1618.5355224609375,1895.4371337890625,0.0,3609.72265625,0.9214856624603271,1.0,0.0,3.0,1.0,0.0
12061380,297.0386657714844,297.1499938964844,293.1499938964844,0.0,-0.0,284.03741455078125,0.9132078886032104,0.3726151287555694,0.3369348347187042,297.2486572265625,297.1499938964844,293.1499938964844,0.0,-0.0,284.037109375,0.9990000128746032,0.5540198683738708,0.4657342135906219,297.3570251464844,297.1499938964844,293.1499938964844,0.0,-0.0,284.0372314453125,0.966693878173828,0.4358785450458526,0.3052247762680053,297.1656188964844,297.1499938964844,293.1499938964844,0.0,-0.0,284.0377197265625,0.8494977951049805,0.3008654415607452,0.2868700325489044,297.1291198730469,297.1499938964844,293.1499938964844,0.0,-0.0,284.0384521484375,0.7523326873779297,0.2067014724016189,0.939955711364746,284.03729248046875,284.95001220703125,296.5689697265625,288.6572570800781,296.5688781738281,297.22784423828125,284.0350341796875,1.0,0.5175613164901733,1.0,1.0,0.0,1.0,-2.8031280040740967,2.803121566772461,6.318146006378811e-06,2.165395736694336,0.8917627334594727,0.8917627334594727,0.0,110.02831268310548,113.0,38772.51953125,0.0,1784.1298828125,1.0,280.0578308105469,282.5801086425781,291.6803894042969,294.2384033203125,293.1499938964844,293.1499938964844,280.3500061035156,37132.09765625,36000.0,313.1499938964844,0.0,18000.0,1.0,0.0,0.0,0.0,1.0,0.9295241236686708,1.0,0.0,0.0,3.67920184135437,3.6792263984680176,9.032344792103686e-07,4.265924453735352,4.265914440155029,9.78592834144365e-06,0.0,0.0,-0.0,5441.236328125,0.0,1574.4385986328125,1895.4371337890625,0.0,3676.778564453125,0.9125503897666932,1.0,0.0,3.0,1.0,0.0
12061440,297.0386657714844,297.1499938964844,293.1499938964844,0.0,-0.0,284.03741455078125,0.9132078886032104,0.3726151287555694,0.3369348347187042,297.2486572265625,297.1499938964844,293.1499938964844,0.0,-0.0,284.037109375,0.9990000128746032,0.5540198683738708,0.4657342135906219,297.3570251464844,297.1499938964844,293.1499938964844,0.0,-0.0,284.0372314453125,0.966693878173828,0.4358785450458526,0.3052247762680053,297.1656188964844,297.1499938964844,293.1499938964844,0.0,-0.0,284.0377197265625,0.8494977951049805,0.3008654415607452,0.2868700325489044,297.1291198730469,297.1499938964844,293.1499938964844,0.0,-0.0,284.0384521484375,0.7523326873779297,0.2067014724016189,0.939955711364746,284.03729248046875,284.95001220703125,296.5689697265625,288.6572570800781,296.5688781738281,297.22784423828125,284.0350341796875,1.0,0.5175613164901733,1.0,1.0,0.0,1.0,-2.8031280040740967,2.803121566772461,6.318146006378811e-06,2.165395736694336,0.8917627334594727,0.8917627334594727,0.0,110.02831268310548,113.0,38772.51953125,0.0,1784.1298828125,1.0,280.0578308105469,282.5801086425781,291.6803894042969,294.2384033203125,293.1499938964844,293.1499938964844,280.3500061035156,37132.09765625,36000.0,313.1499938964844,0.0,18000.0,1.0,0.0,0.0,0.0,1.0,0.9295241236686708,1.0,0.0,0.0,3.67920184135437,3.6792263984680176,9.032344792103686e-07,4.265924453735352,4.265914440155029,9.78592834144365e-06,0.0,0.0,-0.0,5441.236328125,0.0,1574.4385986328125,1895.4371337890625,0.0,3676.778564453125,0.9125503897666932,1.0,0.0,3.0,1.0,0.0
12061500,297.0364990234375,297.1499938964844,293.1499938964844,0.0,-0.0,284.1601867675781,0.9118832945823668,0.3716908395290375,0.3357729017734527,297.2630920410156,297.1499938964844,293.1499938964844,0.0,-0.0,284.1614074707031,0.9990000128746032,0.5560615658760071,0.4659247696399688,297.3548889160156,297.1499938964844,293.1499938964844,0.0,-0.0,284.1609191894531,0.9671187400817872,0.4369756877422333,0.3057528436183929,297.1614990234375,297.1499938964844,293.1499938964844,0.0,-0.0,284.1589660644531,0.8489170074462891,0.3005563914775848,0.2863775789737701,297.1255187988281,297.1499938964844,293.1499938964844,0.0,-0.0,284.15594482421875,0.7514852285385132,0.2062146812677383,0.9370546340942384,284.1607360839844,284.95001220703125,296.5707397460937,288.6385192871094,296.5706787109375,297.232666015625,284.1695861816406,1.0,0.5172803401947021,1.0,1.0,0.0,1.0,-2.798490285873413,2.7984840869903564,6.296384071902139e-06,2.161412239074707,0.8876634240150452,0.8876634240150452,0.0,109.88426208496094,113.0,37739.72265625,0.0,1776.3382568359375,1.0,280.3017578125,282.749755859375,291.5758361816406,293.9725341796875,293.1499938964844,293.1499938964844,280.3500061035156,37136.9609375,36000.0,313.1499938964844,0.0,18000.0,1.0,0.0,0.0,0.0,1.0,0.9187752604484558,1.0,0.0,0.0,3.65725040435791,3.6572747230529785,8.92488571935246e-07,4.265924453735352,4.265914440155029,9.78592834144365e-06,0.0,0.0,-0.0,5563.98291015625,0.0,1549.773681640625,1895.4371337890625,0.0,3577.8515625,0.9077152609825134,1.0,0.0,3.0,1.0,0.0
12061560,297.0404052734375,297.1499938964844,293.1499938964844,0.0,-0.0,284.2127380371094,0.9085702300071716,0.3713563978672027,0.3353031575679779,297.2735290527344,297.1499938964844,293.1499938964844,0.0,-0.0,284.2130126953125,0.9990000128746032,0.5578069090843201,0.4698711037635803,297.3582763671875,297.1499938964844,293.1499938964844,0.0,-0.0,284.212890625,0.96546071767807,0.4386038482189178,0.3067650496959686,297.1616516113281,297.1499938964844,293.1499938964844,0.0,-0.0,284.21246337890625,0.8465906977653503,0.3006424009799957,0.2863405346870422,297.1254272460937,297.1499938964844,293.1499938964844,0.0,-0.0,284.2118225097656,0.7491520643234253,0.206048309803009,0.9358695149421692,284.2128601074219,284.95001220703125,296.5722351074219,288.61932373046875,296.5721740722656,297.24005126953125,284.21490478515625,1.0,0.5187509059906006,1.0,1.0,0.0,1.0,-2.8024017810821533,2.8023953437805176,6.313474386843154e-06,2.164193630218506,0.8833124041557312,0.8833124041557312,0.0,111.0052490234375,131.0,37565.71484375,0.0,1787.7064208984375,1.0,280.34234619140625,282.8070983886719,291.5494384765625,293.95654296875,293.1499938964844,293.1499938964844,280.6499938964844,37112.6484375,36000.0,313.1499938964844,0.0,18000.0,1.0,0.0,0.0,0.0,1.0,0.9109344482421876,1.0,0.0,0.0,3.636869192123413,3.6368932723999023,8.82568997440103e-07,4.265924453735352,4.265914440155029,9.78592834144365e-06,0.0,0.0,-0.0,5290.6044921875,0.0,1526.9039306640625,1895.4371337890625,0.0,3505.27392578125,0.9031238555908204,1.0,0.0,3.0,1.0,0.0
12061620,297.056396484375,297.1499938964844,293.1499938964844,0.0,-0.0,284.42462158203125,0.8974273204803467,0.3715798258781433,0.3354100584983825,297.27545166015625,297.1499938964844,293.1499938964844,0.0,-0.0,284.4250183105469,0.9990000128746032,0.5595942735671997,0.4869088232517242,297.3727111816406,297.1499938964844,293.1499938964844,0.0,-0.0,284.4248352050781,0.9565978050231934,0.4426973462104797,0.3095422685146332,297.1692199707031,297.1499938964844,293.1499938964844,0.0,-0.0,284.4242553710937,0.8378369212150574,0.3015480637550354,0.2871376276016235,297.1315612792969,297.1499938964844,293.1499938964844,0.0,-0.0,284.42340087890625,0.7410746216773987,0.2063517868518829,0.9371015429496764,284.4247741699219,284.95001220703125,296.57440185546875,288.579833984375,296.5743713378906,297.2502136230469,284.4276123046875,1.0,0.5260570645332336,1.0,1.0,0.0,1.0,-2.828761339187622,2.8287549018859863,6.432062946259976e-06,2.184213876724243,0.878004252910614,0.878004252910614,0.0,116.33080291748048,134.0,36592.8203125,0.0,1854.30078125,1.0,280.6415100097656,283.0653076171875,291.5028686523437,293.8243408203125,293.1499938964844,293.1499938964844,280.95001220703125,36935.30078125,36000.0,313.1499938964844,0.0,18000.0,1.0,0.0,0.0,0.0,1.0,0.8918758630752563,1.0,0.0,0.0,3.6011266708374023,3.6011502742767334,8.653067311570339e-07,4.265924453735352,4.265914440155029,9.78592834144365e-06,0.0,0.0,-0.0,5198.31298828125,0.0,1486.3756103515625,1895.4371337890625,0.0,3327.74609375,0.8950433135032654,1.0,0.0,3.0,1.0,0.0
12061680,297.056396484375,297.1499938964844,293.1499938964844,0.0,-0.0,284.42462158203125,0.8974273204803467,0.3715798258781433,0.3354100584983825,297.27545166015625,297.1499938964844,293.1499938964844,0.0,-0.0,284.4250183105469,0.9990000128746032,0.5595942735671997,0.4869088232517242,297.3727111816406,297.1499938964844,293.1499938964844,0.0,-0.0,284.4248352050781,0.9565978050231934,0.4426973462104797,0.3095422685146332,297.1692199707031,297.1499938964844,293.1499938964844,0.0,-0.0,284.4242553710937,0.8378369212150574,0.3015480637550354,0.2871376276016235,297.1315612792969,297.1499938964844,293.1499938964844,0.0,-0.0,284.42340087890625,0.7410746216773987,0.2063517868518829,0.9371015429496764,284.4247741699219,284.95001220703125,296.57440185546875,288.579833984375,296.5743713378906,297.2502136230469,284.4276123046875,1.0,0.5260570645332336,1.0,1.0,0.0,1.0,-2.828761339187622,2.8287549018859863,6.432062946259976e-06,2.184213876724243,0.878004252910614,0.878004252910614,0.0,116.33080291748048,134.0,36592.8203125,0.0,1854.30078125,1.0,280.6415100097656,283.0653076171875,291.5028686523437,293.8243408203125,293.1499938964844,293.1499938964844,280.95001220703125,36935.30078125,36000.0,313.1499938964844,0.0,18000.0,1.0,0.0,0.0,0.0,1.0,0.8918758630752563,1.0,0.0,0.0,3.6011266708374023,3.6011502742767334,8.653067311570339e-07,4.265924453735352,4.265914440155029,9.78592834144365e-06,0.0,0.0,-0.0,5198.31298828125,0.0,1486.3756103515625,1895.4371337890625,0.0,3327.74609375,0.8950433135032654,1.0,0.0,3.0,1.0,0.0
12061740,297.07403564453125,297.1499938964844,293.1499938964844,0.0,-0.0,284.6272277832031,0.8905339241027832,0.3723039329051971,0.3360519111156463,297.2633056640625,297.1499938964844,293.1499938964844,0.0,-0.0,284.62774658203125,0.9990000128746032,0.5597665905952454,0.4989186227321625,297.38922119140625,297.1499938964844,293.1499938964844,0.0,-0.0,284.6275329589844,0.9513716101646424,0.44683438539505,0.3124048411846161,297.17999267578125,297.1499938964844,293.1499938964844,0.0,-0.0,284.6268310546875,0.8325899243354797,0.3028421103954315,0.288363367319107,297.14068603515625,297.1499938964844,293.1499938964844,0.0,-0.0,284.62579345703125,0.7362770438194275,0.2070607244968414,0.9403792023658752,284.62744140625,284.95001220703125,296.5754089355469,288.5440673828125,296.5754089355469,297.25439453125,284.63055419921875,1.0,0.531645655632019,1.0,1.0,0.0,1.0,-2.852830171585083,2.852823495864868,6.542135452036746e-06,2.202866554260254,0.8759214878082275,0.8759214878082275,0.0,120.4055633544922,134.0,35640.34375,0.0,1912.2686767578125,1.0,280.9364929199219,283.3114624023437,291.4739074707031,293.72613525390625,293.1499938964844,293.1499938964844,280.95001220703125,36698.109375,36000.0,313.1499938964844,0.0,18000.0,1.0,0.0,0.0,0.0,1.0,0.8776081800460815,1.0,0.0,0.0,3.5777220726013184,3.5777454376220703,8.540956173419545e-07,4.265924453735352,4.265914440155029,9.78592834144365e-06,0.0,0.0,-0.0,5398.97265625,0.0,1459.3525390625,1895.4371337890625,0.0,3194.161376953125,0.8896692395210266,1.0,0.0,3.0,1.0,0.0
12061800,297.0762023925781,297.1499938964844,293.1499938964844,0.0,-0.0,284.6346130371094,0.8897871375083923,0.3723970055580139,0.3361676931381225,297.26141357421875,297.1499938964844,293.1499938964844,0.0,-0.0,284.6349792480469,0.9990000128746032,0.5597577095031738,0.500312864780426,297.39129638671875,297.1499938964844,293.1499938964844,0.0,-0.0,284.63482666015625,0.9508590698242188,0.4473970830440521,0.3128178119659424,297.18145751953125,297.1499938964844,293.1499938964844,0.0,-0.0,284.63433837890625,0.8320417404174805,0.3030276596546173,0.2885580360889435,297.1419677734375,297.1499938964844,293.1499938964844,0.0,-0.0,284.63360595703125,0.7357773780822754,0.2071698755025863,0.9409414529800416,284.634765625,284.95001220703125,296.57550048828125,288.5391540527344,296.5754699707031,297.2548522949219,284.6370544433594,1.0,0.5323836803436279,1.0,1.0,0.0,1.0,-2.856051206588745,2.8560447692871094,6.556907919730293e-06,2.2053494453430176,0.8755092620849609,0.8755092620849609,0.0,120.89968872070312,137.0,35635.7734375,0.0,1919.8466796875,1.0,280.9411926269531,283.3194580078125,291.4798278808594,293.7397766113281,293.1499938964844,293.1499938964844,281.25,36678.95703125,36000.0,313.1499938964844,0.0,18000.0,1.0,0.0,0.0,0.0,1.0,0.877136766910553,1.0,0.0,0.0,3.574960470199585,3.574984073638916,8.527776458322478e-07,4.265924453735352,4.265914440155029,9.78592834144365e-06,0.0,0.0,-0.0,5116.21875,0.0,1456.2506103515625,1895.4371337890625,0.0,3189.741943359375,0.8890342116355896,1.0,0.0,3.0,1.0,0.0
12061860,297.0968017578125,297.1499938964844,293.1499938964844,0.0,-0.0,284.8451843261719,0.8844172358512878,0.3735486567020416,0.3372259438037872,297.24957275390625,297.1499938964844,293.1499938964844,0.0,-0.0,284.8455505371094,0.9990000128746032,0.559964120388031,0.5108415484428406,297.41119384765625,297.1499938964844,293.1499938964844,0.0,-0.0,284.84539794921875,0.947489857673645,0.4524680078029632,0.3163506984710693,297.1955261230469,297.1499938964844,293.1499938964844,0.0,-0.0,284.8448791503906,0.828228235244751,0.3048500120639801,0.2903076112270355,297.154296875,297.1499938964844,293.1499938964844,0.0,-0.0,284.8441467285156,0.7323299646377563,0.2083141207695007,0.946241557598114,284.8453369140625,284.95001220703125,296.575439453125,288.49761962890625,296.5754699707031,297.2623291015625,284.8475952148437,1.0,0.5383324027061462,1.0,1.0,0.0,1.0,-2.882697105407715,2.8826904296875,6.679692432953743e-06,2.225865364074707,0.8758100867271423,0.8758100867271423,0.0,124.75636291503906,140.0,34837.35546875,0.0,1982.0018310546875,1.0,281.2409973144531,283.5756225585937,291.4534606933594,293.66259765625,293.1499938964844,293.1499938964844,281.54998779296875,36377.80078125,36000.0,313.1499938964844,0.0,18000.0,1.0,0.0,0.0,0.0,1.0,0.865486204624176,1.0,0.0,0.0,3.559955596923828,3.559978723526001,8.456340196971723e-07,4.265924453735352,4.265914440155029,9.78592834144365e-06,0.0,0.0,-0.0,5043.8984375,0.0,1438.03515625,1895.4371337890625,0.0,3080.467041015625,0.885476291179657,1.0,0.0,3.0,1.0,0.0
12061920,297.0968017578125,297.1499938964844,293.1499938964844,0.0,-0.0,284.8451843261719,0.8844172358512878,0.3735486567020416,0.3372259438037872,297.24957275390625,297.1499938964844,293.1499938964844,0.0,-0.0,284.8455505371094,0.9990000128746032,0.559964120388031,0.5108415484428406,297.41119384765625,297.1499938964844,293.1499938964844,0.0,-0.0,284.84539794921875,0.947489857673645,0.4524680078029632,0.3163506984710693,297.1955261230469,297.1499938964844,293.1499938964844,0.0,-0.0,284.8448791503906,0.828228235244751,0.3048500120639801,0.2903076112270355,297.154296875,297.1499938964844,293.1499938964844,0.0,-0.0,284.8441467285156,0.7323299646377563,0.2083141207695007,0.946241557598114,284.8453369140625,284.95001220703125,296.575439453125,288.49761962890625,296.5754699707031,297.2623291015625,284.8475952148437,1.0,0.5383324027061462,1.0,1.0,0.0,1.0,-2.882697105407715,2.8826904296875,6.679692432953743e-06,2.225865364074707,0.8758100867271423,0.8758100867271423,0.0,124.75636291503906,140.0,34837.35546875,0.0,1982.0018310546875,1.0,281.2409973144531,283.5756225585937,291.4534606933594,293.66259765625,293.1499938964844,293.1499938964844,281.54998779296875,36377.80078125,36000.0,313.1499938964844,0.0,18000.0,1.0,0.0,0.0,0.0,1.0,0.865486204624176,1.0,0.0,0.0,3.559955596923828,3.559978723526001,8.456340196971723e-07,4.265924453735352,4.265914440155029,9.78592834144365e-06,0.0,0.0,-0.0,5043.8984375,0.0,1438.03515625,1895.4371337890625,0.0,3080.467041015625,0.885476291179657,1.0,0.0,3.0,1.0,0.0
12061980,297.1176147460937,297.1499938964844,293.1499938964844,0.0,-0.0,285.0533447265625,0.8803935050964355,0.3749814331531524,0.3385355770587921,297.24249267578125,297.1499938964844,293.1499938964844,0.0,-0.0,285.0536804199219,0.9990000128746032,0.5605021715164185,0.5197277665138245,297.4317321777344,297.1499938964844,293.1499938964844,0.0,-0.0,285.05352783203125,0.9455577731132508,0.4578545093536377,0.3201024234294891,297.2103881835937,297.1499938964844,293.1499938964844,0.0,-0.0,285.0531005859375,0.8255601525306702,0.3069320917129516,0.292305439710617,297.16754150390625,297.1499938964844,293.1499938964844,0.0,-0.0,285.05242919921875,0.7299715280532837,0.2097100466489792,0.9526767134666444,285.053466796875,284.95001220703125,296.57427978515625,288.4556579589844,296.5743103027344,297.2732849121094,285.05548095703125,1.0,0.5440546274185181,1.0,1.0,0.0,1.0,-2.909597396850586,2.909590482711792,6.804803433624329e-06,2.24657678604126,0.8788871765136719,0.8788871765136719,0.0,128.23435974121094,143.0,34109.52734375,0.0,2043.7633056640625,1.0,281.5409240722656,283.82891845703125,291.42254638671875,293.5879821777344,293.1499938964844,293.1499938964844,281.8500061035156,36054.375,36000.0,313.1499938964844,0.0,18000.0,1.0,0.0,0.0,0.0,1.0,0.8560687899589539,1.0,0.0,0.0,3.557108163833618,3.557131290435791,8.442818284493114e-07,4.265924453735352,4.265914440155029,9.78592834144365e-06,0.0,0.0,-0.0,4976.19482421875,0.0,1432.653076171875,1895.4371337890625,0.0,2992.1416015625,0.8846056461334229,1.0,0.0,3.0,1.0,0.0
12062040,297.1176147460937,297.1499938964844,293.1499938964844,0.0,-0.0,285.0533447265625,0.8803935050964355,0.3749814331531524,0.3385355770587921,297.24249267578125,297.1499938964844,293.1499938964844,0.0,-0.0,285.0536804199219,0.9990000128746032,0.5605021715164185,0.5197277665138245,297.4317321777344,297.1499938964844,293.1499938964844,0.0,-0.0,285.05352783203125,0.9455577731132508,0.4578545093536377,0.3201024234294891,297.2103881835937,297.1499938964844,293.1499938964844,0.0,-0.0,285.0531005859375,0.8255601525306702,0.3069320917129516,0.292305439710617,297.16754150390625,297.1499938964844,293.1499938964844,0.0,-0.0,285.05242919921875,0.7299715280532837,0.2097100466489792,0.9526767134666444,285.053466796875,284.95001220703125,296.57427978515625,288.4556579589844,296.5743103027344,297.2732849121094,285.05548095703125,1.0,0.5440546274185181,1.0,1.0,0.0,1.0,-2.909597396850586,2.909590482711792,6.804803433624329e-06,2.24657678604126,0.8788871765136719,0.8788871765136719,0.0,128.23435974121094,143.0,34109.52734375,0.0,2043.7633056640625,1.0,281.5409240722656,283.82891845703125,291.42254638671875,293.5879821777344,293.1499938964844,293.1499938964844,281.8500061035156,36054.375,36000.0,313.1499938964844,0.0,18000.0,1.0,0.0,0.0,0.0,1.0,0.8560687899589539,1.0,0.0,0.0,3.557108163833618,3.557131290435791,8.442818284493114e-07,4.265924453735352,4.265914440155029,9.78592834144365e-06,0.0,0.0,-0.0,4976.19482421875,0.0,1432.653076171875,1895.4371337890625,0.0,2992.1416015625,0.8846056461334229,1.0,0.0,3.0,1.0,0.0
12062100,297.1277160644531,297.1499938964844,293.1499938964844,0.0,-0.0,285.20709228515625,0.8786415457725525,0.37576624751091,0.3392162322998047,297.2402038574219,297.1499938964844,293.1499938964844,0.0,-0.0,285.2091369628906,0.9990000128746032,0.5608594417572021,0.5238319635391235,297.4418640136719,297.1499938964844,293.1499938964844,0.0,-0.0,285.208251953125,0.944873571395874,0.4606316387653351,0.3220097422599792,297.2177734375,297.1499938964844,293.1499938964844,0.0,-0.0,285.2056579589844,0.824455976486206,0.3080371618270874,0.2933481931686401,297.1742553710937,297.1499938964844,293.1499938964844,0.0,-0.0,285.20184326171875,0.7290207743644714,0.2104773819446563,0.9561471939086914,285.2079467773437,284.95001220703125,296.5732727050781,288.43463134765625,296.5733337402344,297.2793884277344,285.2198486328125,1.0,0.5468629598617554,1.0,1.0,0.0,1.0,-2.9230659008026123,2.9230589866638184,6.86788644088665e-06,2.256948947906494,0.8820855617523193,0.8820855617523193,0.0,129.89866638183594,143.0,33473.28125,0.0,2074.69580078125,1.0,281.7961730957031,284.0204162597656,291.3781433105469,293.4534606933594,293.1499938964844,293.1499938964844,281.8500061035156,35874.859375,36000.0,313.1499938964844,0.0,18000.0,1.0,0.0,0.0,0.0,1.0,0.8493109345436096,1.0,0.0,0.0,3.5600898265838623,3.560112953186035,8.456977980131342e-07,4.265924453735352,4.265914440155029,9.78592834144365e-06,0.0,0.0,-0.0,5124.326171875,0.0,1434.50732421875,1895.4371337890625,0.0,2928.81689453125,0.8851803541183472,1.0,0.0,3.0,1.0,0.0
12062160,297.138671875,297.1499938964844,293.1499938964844,0.0,-0.0,285.2765197753906,0.8773303031921387,0.3767023086547851,0.340070903301239,297.2397155761719,297.1499938964844,293.1499938964844,0.0,-0.0,285.2769470214844,0.9990000128746032,0.561383068561554,0.5274548530578613,297.4528503417969,297.1499938964844,293.1499938964844,0.0,-0.0,285.2767639160156,0.9446625709533693,0.4635607302188873,0.3240520656108856,297.2257385253906,297.1499938964844,293.1499938964844,0.0,-0.0,285.2762145996094,0.823692798614502,0.3092494010925293,0.2945061028003692,297.18145751953125,297.1499938964844,293.1499938964844,0.0,-0.0,285.275390625,0.7283881306648254,0.2113403975963592,0.9600744843482972,285.2767028808594,284.95001220703125,296.5719909667969,288.41363525390625,296.572021484375,297.2872009277344,285.2792358398437,1.0,0.5496688485145569,1.0,1.0,0.0,1.0,-2.937014579772949,2.937007665634156,6.933515123819234e-06,2.267686367034912,0.8850089311599731,0.8850089311599731,0.0,131.46043395996094,146.0,33544.1640625,0.0,2106.194580078125,1.0,281.8409118652344,284.08428955078125,291.3873596191406,293.5148010253906,293.1499938964844,293.1499938964844,282.1499938964844,35712.390625,36000.0,313.1499938964844,0.0,18000.0,1.0,0.0,0.0,0.0,1.0,0.8478736877441406,1.0,0.0,0.0,3.566879272460937,3.5669023990631104,8.489265610478469e-07,4.265924453735352,4.265914440155029,9.78592834144365e-06,0.0,0.0,-0.0,4916.857421875,0.0,1440.541015625,1895.4371337890625,0.0,2915.359130859375,0.8865376114845276,1.0,0.0,3.0,1.0,0.0
12062220,297.1613464355469,297.1499938964844,293.1499938964844,0.0,-0.0,285.5169372558594,0.8747760057449341,0.3788527250289917,0.3419780135154724,297.2439880371094,297.1499938964844,293.1499938964844,0.0,-0.0,285.517333984375,0.9989946484565736,0.56294184923172,0.532711386680603,297.4757995605469,297.1499938964844,293.1499938964844,0.0,-0.0,285.5171813964844,0.944250226020813,0.4697200953960418,0.3283065259456634,297.2423095703125,297.1499938964844,293.1499938964844,0.0,-0.0,285.51666259765625,0.8222101330757141,0.3118855655193329,0.2969964444637298,297.1964416503906,297.1499938964844,293.1499938964844,0.0,-0.0,285.51593017578125,0.7272145748138428,0.2132550925016403,0.96872878074646,285.5171203613281,284.95001220703125,296.5685119628906,288.3719482421875,296.5685729980469,297.3050842285156,285.519287109375,1.0,0.5552011728286743,1.0,1.0,0.0,1.0,-2.9641363620758057,2.964129447937012,7.062106305966154e-06,2.2886037826538086,0.8945407271385193,0.8945407271385193,0.0,134.6628875732422,149.0,33128.3203125,0.0,2169.057373046875,1.0,282.1411437988281,284.3428649902344,291.35479736328125,293.45513916015625,293.1499938964844,293.1499938964844,282.45001220703125,35354.6640625,36000.0,313.1499938964844,0.0,18000.0,1.0,0.0,0.0,0.0,1.0,0.841446578502655,1.0,0.0,0.0,3.590151786804199,3.590175151824951,8.600405294600932e-07,4.265924453735352,4.265914440155029,9.78592834144365e-06,0.0,0.0,-0.0,4868.0419921875,0.0,1462.848876953125,1895.4371337890625,0.0,2855.23388671875,0.8914738297462463,1.0,0.0,3.0,1.0,0.0
12062280,297.1613464355469,297.1499938964844,293.1499938964844,0.0,-0.0,285.5169372558594,0.8747760057449341,0.3788527250289917,0.3419780135154724,297.2439880371094,297.1499938964844,293.1499938964844,0.0,-0.0,285.517333984375,0.9989946484565736,0.56294184923172,0.532711386680603,297.4757995605469,297.1499938964844,293.1499938964844,0.0,-0.0,285.5171813964844,0.944250226020813,0.4697200953960418,0.3283065259456634,297.2423095703125,297.1499938964844,293.1499938964844,0.0,-0.0,285.51666259765625,0.8222101330757141,0.3118855655193329,0.2969964444637298,297.1964416503906,297.1499938964844,293.1499938964844,0.0,-0.0,285.51593017578125,0.7272145748138428,0.2132550925016403,0.96872878074646,285.5171203613281,284.95001220703125,296.5685119628906,288.3719482421875,296.5685729980469,297.3050842285156,285.519287109375,1.0,0.5552011728286743,1.0,1.0,0.0,1.0,-2.9641363620758057,2.964129447937012,7.062106305966154e-06,2.2886037826538086,0.8945407271385193,0.8945407271385193,0.0,134.6628875732422,149.0,33128.3203125,0.0,2169.057373046875,1.0,282.1411437988281,284.3428649902344,291.35479736328125,293.45513916015625,293.1499938964844,293.1499938964844,282.45001220703125,35354.6640625,36000.0,313.1499938964844,0.0,18000.0,1.0,0.0,0.0,0.0,1.0,0.841446578502655,1.0,0.0,0.0,3.590151786804199,3.590175151824951,8.600405294600932e-07,4.265924453735352,4.265914440155029,9.78592834144365e-06,0.0,0.0,-0.0,4868.0419921875,0.0,1462.848876953125,1895.4371337890625,0.0,2855.23388671875,0.8914738297462463,1.0,0.0,3.0,1.0,0.0
12062340,297.1839599609375,297.1499938964844,293.1499938964844,0.0,-0.0,285.750244140625,0.8724623322486877,0.381286472082138,0.3441716432571411,297.2577819824219,297.1499938964844,293.1499938964844,0.0,-0.0,285.7505798339844,0.9967002272605896,0.5655185580253601,0.5352120995521545,297.4990234375,297.1499938964844,293.1499938964844,0.0,-0.0,285.7504577636719,0.9440258145332336,0.4761978983879089,0.3328053951263428,297.2591552734375,297.1499938964844,293.1499938964844,0.0,-0.0,285.7500305175781,0.820909857749939,0.3147599697113037,0.2997334897518158,297.2116394042969,297.1499938964844,293.1499938964844,0.0,-0.0,285.7493896484375,0.7262532114982605,0.2153811454772949,0.97842276096344,285.7503967285156,284.95001220703125,296.5638732910156,288.3309936523437,296.56396484375,297.3254089355469,285.7522888183594,1.0,0.5605888962745667,1.0,1.0,0.0,1.0,-2.990138292312622,2.99013090133667,7.186401035141898e-06,2.3086161613464355,0.9071379899978638,0.9071379899978638,0.0,137.89651489257812,152.0,32702.580078125,0.0,2231.1396484375,1.0,282.4413757324219,284.59381103515625,291.3197937011719,293.3946838378906,293.1499938964844,293.1499938964844,282.1499938964844,35024.6875,36000.0,313.1499938964844,0.0,18000.0,1.0,0.0,0.0,0.0,1.0,0.8362541794776917,1.0,0.0,0.0,3.62580132484436,3.6258249282836914,8.772053661232349e-07,4.265924453735352,4.265914440155029,9.78592834144365e-06,0.0,0.0,-0.0,5369.9990234375,0.0,1499.163330078125,1895.4371337890625,0.0,2806.739013671875,0.8992090225219727,1.0,0.0,3.0,1.0,0.0
12062400,297.1839599609375,297.1499938964844,293.1499938964844,0.0,-0.0,285.750244140625,0.8724623322486877,0.381286472082138,0.3441716432571411,297.2577819824219,297.1499938964844,293.1499938964844,0.0,-0.0,285.7505798339844,0.9967002272605896,0.5655185580253601,0.5352120995521545,297.4990234375,297.1499938964844,293.1499938964844,0.0,-0.0,285.7504577636719,0.9440258145332336,0.4761978983879089,0.3328053951263428,297.2591552734375,297.1499938964844,293.1499938964844,0.0,-0.0,285.7500305175781,0.820909857749939,0.3147599697113037,0.2997334897518158,297.2116394042969,297.1499938964844,293.1499938964844,0.0,-0.0,285.7493896484375,0.7262532114982605,0.2153811454772949,0.97842276096344,285.7503967285156,284.95001220703125,296.5638732910156,288.3309936523437,296.56396484375,297.3254089355469,285.7522888183594,1.0,0.5605888962745667,1.0,1.0,0.0,1.0,-2.990138292312622,2.99013090133667,7.186401035141898e-06,2.3086161613464355,0.9071379899978638,0.9071379899978638,0.0,137.89651489257812,152.0,32702.580078125,0.0,2231.1396484375,1.0,282.4413757324219,284.59381103515625,291.3197937011719,293.3946838378906,293.1499938964844,293.1499938964844,282.1499938964844,35024.6875,36000.0,313.1499938964844,0.0,18000.0,1.0,0.0,0.0,0.0,1.0,0.8362541794776917,1.0,0.0,0.0,3.62580132484436,3.6258249282836914,8.772053661232349e-07,4.265924453735352,4.265914440155029,9.78592834144365e-06,0.0,0.0,-0.0,5369.9990234375,0.0,1499.163330078125,1895.4371337890625,0.0,2806.739013671875,0.8992090225219727,1.0,0.0,3.0,1.0,0.0
12062460,297.1831359863281,297.1499938964844,293.1499938964844,0.0,-0.0,285.5437316894531,0.8673801422119141,0.3816633224487304,0.3452629745006561,297.25323486328125,297.1499938964844,293.1499938964844,0.0,-0.0,285.5433959960937,0.992313802242279,0.5664545893669128,0.5368417501449585,297.50018310546875,297.1499938964844,293.1499938964844,0.0,-0.0,285.54351806640625,0.940639078617096,0.4807659387588501,0.3365235030651092,297.2616271972656,297.1499938964844,293.1499938964844,0.0,-0.0,285.5439453125,0.8174193501472473,0.3164139091968536,0.3018438518047333,297.2160339355469,297.1499938964844,293.1499938964844,0.0,-0.0,285.5445861816406,0.7233936190605164,0.21662637591362,0.9861318469047546,285.5435791015625,284.95001220703125,296.5580444335937,288.2911376953125,296.55816650390625,297.3245849609375,285.5418395996094,1.0,0.5655673146247864,1.0,1.0,0.0,1.0,-3.0096917152404785,3.009684562683105,7.2810485107766e-06,2.3238630294799805,0.9133895039558412,0.9133895039558412,0.0,141.9893035888672,155.0,33583.98828125,0.0,2287.002197265625,1.0,282.1578674316406,284.35528564453125,291.3818054199219,293.5889892578125,293.1499938964844,293.1499938964844,281.8500061035156,35127.328125,36000.0,313.1499938964844,0.0,18000.0,1.0,0.0,0.0,0.0,1.0,0.8596354722976685,1.0,0.0,0.0,3.65921688079834,3.65924072265625,8.934486004363862e-07,4.265924453735352,4.265914440155029,9.78592834144365e-06,0.0,0.0,-0.0,5490.7880859375,0.0,1536.90087890625,1895.4371337890625,0.0,3025.5859375,0.906727135181427,1.0,0.0,3.0,1.0,0.0
12062520,297.1831359863281,297.1499938964844,293.1499938964844,0.0,-0.0,285.5437316894531,0.8673801422119141,0.3816633224487304,0.3452629745006561,297.25323486328125,297.1499938964844,293.1499938964844,0.0,-0.0,285.5433959960937,0.992313802242279,0.5664545893669128,0.5368417501449585,297.50018310546875,297.1499938964844,293.1499938964844,0.0,-0.0,285.54351806640625,0.940639078617096,0.4807659387588501,0.3365235030651092,297.2616271972656,297.1499938964844,293.1499938964844,0.0,-0.0,285.5439453125,0.8174193501472473,0.3164139091968536,0.3018438518047333,297.2160339355469,297.1499938964844,293.1499938964844,0.0,-0.0,285.5445861816406,0.7233936190605164,0.21662637591362,0.9861318469047546,285.5435791015625,284.95001220703125,296.5580444335937,288.2911376953125,296.55816650390625,297.3245849609375,285.5418395996094,1.0,0.5655673146247864,1.0,1.0,0.0,1.0,-3.0096917152404785,3.009684562683105,7.2810485107766e-06,2.3238630294799805,0.9133895039558412,0.9133895039558412,0.0,141.9893035888672,155.0,33583.98828125,0.0,2287.002197265625,1.0,282.1578674316406,284.35528564453125,291.3818054199219,293.5889892578125,293.1499938964844,293.1499938964844,281.8500061035156,35127.328125,36000.0,313.1499938964844,0.0,18000.0,1.0,0.0,0.0,0.0,1.0,0.8596354722976685,1.0,0.0,0.0,3.65921688079834,3.65924072265625,8.934486004363862e-07,4.265924453735352,4.265914440155029,9.78592834144365e-06,0.0,0.0,-0.0,5490.7880859375,0.0,1536.90087890625,1895.4371337890625,0.0,3025.5859375,0.906727135181427,1.0,0.0,3.0,1.0,0.0
12062580,297.16473388671875,297.1499938964844,293.1499938964844,0.0,-0.0,285.3067626953125,0.8581314086914062,0.3802316188812256,0.3444896936416626,297.2297668457031,297.1499938964844,293.1499938964844,0.0,-0.0,285.3063659667969,0.9840100407600404,0.5653968453407288,0.5364409685134888,297.4844055175781,297.1499938964844,293.1499938964844,0.0,-0.0,285.3064880371094,0.9322830438613892,0.4836142957210541,0.3388818204402923,297.2499694824219,297.1499938964844,293.1499938964844,0.0,-0.0,285.3070068359375,0.8101561665534973,0.3166584968566894,0.3025614321231842,297.20831298828125,297.1499938964844,293.1499938964844,0.0,-0.0,285.3077087402344,0.7171083688735962,0.2166887521743774,0.9885655045509338,285.3065795898437,284.95001220703125,296.551025390625,288.2527770996094,296.5511779785156,297.3072814941406,285.30450439453125,1.0,0.5693572163581848,1.0,1.0,0.0,1.0,-3.014915943145752,3.0149085521698,7.30646706870175e-06,2.327948093414306,0.9161953330039978,0.9161953330039978,0.0,147.295654296875,158.0,34348.453125,0.0,2323.699462890625,1.0,281.8580322265625,284.0904846191406,291.3418273925781,293.6211853027344,293.1499938964844,293.1499938964844,281.54998779296875,35353.50390625,36000.0,313.1499938964844,0.0,18000.0,1.0,0.0,0.0,0.0,1.0,0.8814176917076111,1.0,0.0,0.0,3.6840415000915527,3.684065818786621,9.05612353108154e-07,4.265924453735352,4.265914440155029,9.78592834144365e-06,0.0,0.0,-0.0,5556.869140625,0.0,1566.489990234375,1895.4371337890625,0.0,3229.865234375,0.9124351739883424,1.0,0.0,3.0,1.0,0.0
12062640,297.16473388671875,297.1499938964844,293.1499938964844,0.0,-0.0,285.3067626953125,0.8581314086914062,0.3802316188812256,0.3444896936416626,297.2297668457031,297.1499938964844,293.1499938964844,0.0,-0.0,285.3063659667969,0.9840100407600404,0.5653968453407288,0.5364409685134888,297.4844055175781,297.1499938964844,293.1499938964844,0.0,-0.0,285.3064880371094,0.9322830438613892,0.4836142957210541,0.3388818204402923,297.2499694824219,297.1499938964844,293.1499938964844,0.0,-0.0,285.3070068359375,0.8101561665534973,0.3166584968566894,0.3025614321231842,297.20831298828125,297.1499938964844,293.1499938964844,0.0,-0.0,285.3077087402344,0.7171083688735962,0.2166887521743774,0.9885655045509338,285.3065795898437,284.95001220703125,296.551025390625,288.2527770996094,296.5511779785156,297.3072814941406,285.30450439453125,1.0,0.5693572163581848,1.0,1.0,0.0,1.0,-3.014915943145752,3.0149085521698,7.30646706870175e-06,2.327948093414306,0.9161953330039978,0.9161953330039978,0.0,147.295654296875,158.0,34348.453125,0.0,2323.699462890625,1.0,281.8580322265625,284.0904846191406,291.3418273925781,293.6211853027344,293.1499938964844,293.1499938964844,281.54998779296875,35353.50390625,36000.0,313.1499938964844,0.0,18000.0,1.0,0.0,0.0,0.0,1.0,0.8814176917076111,1.0,0.0,0.0,3.6840415000915527,3.684065818786621,9.05612353108154e-07,4.265924453735352,4.265914440155029,9.78592834144365e-06,0.0,0.0,-0.0,5556.869140625,0.0,1566.489990234375,1895.4371337890625,0.0,3229.865234375,0.9124351739883424,1.0,0.0,3.0,1.0,0.0
12062700,297.1532287597656,297.1499938964844,293.1499938964844,0.0,-0.0,285.1310119628906,0.8533626794815063,0.3791969120502472,0.3437961041927337,297.21502685546875,297.1499938964844,293.1499938964844,0.0,-0.0,285.1290283203125,0.9793587923049928,0.5644591450691223,0.5358287692070007,297.4739685058594,297.1499938964844,293.1499938964844,0.0,-0.0,285.12969970703125,0.9278362393379213,0.484712153673172,0.3398242890834808,297.24151611328125,297.1499938964844,293.1499938964844,0.0,-0.0,285.1322631835937,0.8061244487762451,0.3164635598659515,0.3025991022586822,297.2017822265625,297.1499938964844,293.1499938964844,0.0,-0.0,285.1358947753906,0.7135511636734009,0.2164206802845001,0.988357663154602,285.13006591796875,284.95001220703125,296.54705810546875,288.2342834472656,296.5472106933594,297.2967834472656,285.11962890625,1.0,0.5708196759223938,1.0,1.0,0.0,1.0,-3.014278650283813,3.0142712593078613,7.303354323084932e-06,2.3274455070495605,0.9156822562217712,0.9156822562217712,0.0,149.9342498779297,158.0,34992.171875,0.0,2336.107421875,1.0,281.6002502441406,283.8861694335937,291.3362121582031,293.7113952636719,293.1499938964844,293.1499938964844,281.54998779296875,35505.1328125,36000.0,313.1499938964844,0.0,18000.0,1.0,0.0,0.0,0.0,1.0,0.8922693729400635,1.0,0.0,0.0,3.692800045013428,3.692824363708496,9.099235285248142e-07,4.265924453735352,4.265914440155029,9.78592834144365e-06,0.0,0.0,-0.0,5368.453125,0.0,1577.56298828125,1895.4371337890625,0.0,3331.424072265625,0.9144611358642578,1.0,0.0,3.0,1.0,0.0
12062760,297.140625,297.1499938964844,293.1499938964844,0.0,-0.0,285.0658874511719,0.8483790755271912,0.3779793381690979,0.342835932970047,297.1988830566406,297.1499938964844,293.1499938964844,0.0,-0.0,285.06549072265625,0.9742342233657836,0.563284695148468,0.5348888635635376,297.4623413085937,297.1499938964844,293.1499938964844,0.0,-0.0,285.06561279296875,0.923078715801239,0.4856198132038116,0.3405557870864868,297.23175048828125,297.1499938964844,293.1499938964844,0.0,-0.0,285.0661315917969,0.8017272353172302,0.3160848617553711,0.3024047911167145,297.19390869140625,297.1499938964844,293.1499938964844,0.0,-0.0,285.0668334960937,0.7095755934715271,0.2159747928380966,0.9871705770492554,285.0657043457031,284.95001220703125,296.54278564453125,288.2163391113281,296.54296875,297.2851257324219,285.0635986328125,1.0,0.5719876885414124,1.0,1.0,0.0,1.0,-3.011216402053833,3.011209011077881,7.288475899258627e-06,2.325061082839966,0.9157548546791076,0.9157548546791076,0.0,152.61111450195312,161.0,35014.88671875,0.0,2344.291748046875,1.0,281.55780029296875,283.8244323730469,291.277099609375,293.6006164550781,293.1499938964844,293.1499938964844,281.25,35633.65234375,36000.0,313.1499938964844,0.0,18000.0,1.0,0.0,0.0,0.0,1.0,0.8965461850166321,1.0,0.0,0.0,3.698493480682373,3.698518037796021,9.127314228862816e-07,4.265924453735352,4.265914440155029,9.78592834144365e-06,0.0,0.0,-0.0,5610.68994140625,0.0,1585.0146484375,1895.4371337890625,0.0,3371.36865234375,0.9158599376678468,1.0,0.0,3.0,1.0,0.0
12062820,297.11505126953125,297.1499938964844,293.1499938964844,0.0,-0.0,284.8251953125,0.8392655849456787,0.3752719461917877,0.3407072126865387,297.16583251953125,297.1499938964844,293.1499938964844,0.0,-0.0,284.8247985839844,0.9641153216362,0.5605588555335999,0.5326732397079468,297.43804931640625,297.1499938964844,293.1499938964844,0.0,-0.0,284.8249206542969,0.914570152759552,0.4871158599853515,0.3418269157409668,297.2109375,297.1499938964844,293.1499938964844,0.0,-0.0,284.825439453125,0.7934977412223816,0.3150144815444946,0.3017105758190155,297.1764221191406,297.1499938964844,293.1499938964844,0.0,-0.0,284.8261413574219,0.7016947269439697,0.214761883020401,0.9832346439361572,284.82501220703125,284.95001220703125,296.5333251953125,288.1821594238281,296.53350830078125,297.2619323730469,284.8229064941406,1.0,0.5736760497093201,1.0,1.0,0.0,1.0,-3.001960515975952,3.001953363418579,7.243566415127134e-06,2.317840814590454,0.9121012687683104,0.9121012687683104,0.0,157.52915954589844,164.0,35608.09375,0.0,2352.67431640625,1.0,281.2578125,283.560791015625,291.2207946777344,293.5779113769531,293.1499938964844,293.1499938964844,280.95001220703125,35945.453125,36000.0,313.1499938964844,0.0,18000.0,1.0,0.0,0.0,0.0,1.0,0.907019853591919,1.0,0.0,0.0,3.701404333114624,3.701428651809693,9.141686518887582e-07,4.265924453735352,4.265914440155029,9.78592834144365e-06,0.0,0.0,-0.0,5663.0517578125,0.0,1590.699951171875,1895.4371337890625,0.0,3468.926025390625,0.9167195558547974,1.0,0.0,3.0,1.0,0.0
12062880,297.11505126953125,297.1499938964844,293.1499938964844,0.0,-0.0,284.8251953125,0.8392655849456787,0.3752719461917877,0.3407072126865387,297.16583251953125,297.1499938964844,293.1499938964844,0.0,-0.0,284.8247985839844,0.9641153216362,0.5605588555335999,0.5326732397079468,297.43804931640625,297.1499938964844,293.1499938964844,0.0,-0.0,284.8249206542969,0.914570152759552,0.4871158599853515,0.3418269157409668,297.2109375,297.1499938964844,293.1499938964844,0.0,-0.0,284.825439453125,0.7934977412223816,0.3150144815444946,0.3017105758190155,297.1764221191406,297.1499938964844,293.1499938964844,0.0,-0.0,284.8261413574219,0.7016947269439697,0.214761883020401,0.9832346439361572,284.82501220703125,284.95001220703125,296.5333251953125,288.1821594238281,296.53350830078125,297.2619323730469,284.8229064941406,1.0,0.5736760497093201,1.0,1.0,0.0,1.0,-3.001960515975952,3.001953363418579,7.243566415127134e-06,2.317840814590454,0.9121012687683104,0.9121012687683104,0.0,157.52915954589844,164.0,35608.09375,0.0,2352.67431640625,1.0,281.2578125,283.560791015625,291.2207946777344,293.5779113769531,293.1499938964844,293.1499938964844,280.95001220703125,35945.453125,36000.0,313.1499938964844,0.0,18000.0,1.0,0.0,0.0,0.0,1.0,0.907019853591919,1.0,0.0,0.0,3.701404333114624,3.701428651809693,9.141686518887582e-07,4.265924453735352,4.265914440155029,9.78592834144365e-06,0.0,0.0,-0.0,5663.0517578125,0.0,1590.699951171875,1895.4371337890625,0.0,3468.926025390625,0.9167195558547974,1.0,0.0,3.0,1.0,0.0
12062940,297.09088134765625,297.1499938964844,293.1499938964844,0.0,-0.0,284.59600830078125,0.8312612175941467,0.3724049627780914,0.3383886218070984,297.13433837890625,297.1499938964844,293.1499938964844,0.0,-0.0,284.5955810546875,0.954509437084198,0.5575687885284424,0.5301506519317627,297.41436767578125,297.1499938964844,293.1499938964844,0.0,-0.0,284.595703125,0.9074580669403076,0.4882287681102752,0.342795729637146,297.19049072265625,297.1499938964844,293.1499938964844,0.0,-0.0,284.59625244140625,0.7861502170562744,0.3136886656284332,0.3007202446460724,297.15875244140625,297.1499938964844,293.1499938964844,0.0,-0.0,284.5970153808594,0.6944407224655151,0.2132972627878189,0.9778953790664672,284.5957946777344,284.95001220703125,296.5230712890625,288.15185546875,296.5232849121094,297.2401123046875,284.593505859375,1.0,0.5746250748634338,1.0,1.0,0.0,1.0,-2.989699363708496,2.989692211151123,7.184305104601663e-06,2.308282852172852,0.9056379795074464,0.9056379795074464,0.0,161.8175048828125,164.0,36200.7578125,0.0,2352.322998046875,1.0,280.9591064453125,283.3062744140625,291.18212890625,293.5746765136719,293.1499938964844,293.1499938964844,280.95001220703125,36267.61328125,36000.0,313.1499938964844,0.0,18000.0,1.0,0.0,0.0,0.0,1.0,0.915270745754242,1.0,0.0,0.0,3.692553758621216,3.6925783157348633,9.098021109821276e-07,4.265924453735352,4.265914440155029,9.78592834144365e-06,0.0,0.0,-0.0,5397.84521484375,0.0,1583.0546875,1895.4371337890625,0.0,3545.45166015625,0.9149518609046936,1.0,0.0,3.0,1.0,0.0
12063000,297.0900573730469,297.1499938964844,293.1499938964844,0.0,-0.0,284.5938415527344,0.8309415578842163,0.3722952604293823,0.338287204504013,297.1332092285156,297.1499938964844,293.1499938964844,0.0,-0.0,284.5934753417969,0.9541138410568236,0.5574517846107483,0.5300384163856506,297.4135437011719,297.1499938964844,293.1499938964844,0.0,-0.0,284.59356689453125,0.907184898853302,0.4882838428020477,0.3428316414356231,297.1897277832031,297.1499938964844,293.1499938964844,0.0,-0.0,284.5940856933594,0.7858559489250183,0.3136364221572876,0.3006733059883117,297.1580505371094,297.1499938964844,293.1499938964844,0.0,-0.0,284.5947570800781,0.6941462159156799,0.2132368236780166,0.977645993232727,284.5936584472656,284.95001220703125,296.5226135253906,288.150634765625,296.5228271484375,297.23931884765625,284.59161376953125,1.0,0.5746527314186096,1.0,1.0,0.0,1.0,-2.989129543304444,2.9891223907470703,7.181549335655291e-06,2.307835578918457,0.9054202437400818,0.9054202437400818,0.0,161.9871826171875,167.0,36194.21484375,0.0,2352.155029296875,1.0,280.9578552246094,283.304443359375,291.17779541015625,293.5670166015625,293.1499938964844,293.1499938964844,280.6499938964844,36275.95703125,36000.0,313.1499938964844,0.0,18000.0,1.0,0.0,0.0,0.0,1.0,0.9151883125305176,1.0,0.0,0.0,3.6920127868652335,3.692037343978882,9.095355721910892e-07,4.265924453735352,4.265914440155029,9.78592834144365e-06,0.0,0.0,-0.0,5719.431640625,0.0,1582.502685546875,1895.4371337890625,0.0,3544.68896484375,0.9148380756378174,1.0,0.0,3.0,1.0,0.0
12063060,297.0673828125,297.1499938964844,293.1499938964844,0.0,-0.0,284.3831787109375,0.8233998417854309,0.3692377805709839,0.3357460796833038,297.10302734375,297.1499938964844,293.1499938964844,0.0,-0.0,284.3828430175781,0.9445801973342896,0.5541793704032898,0.527191162109375,297.3907775878906,297.1499938964844,293.1499938964844,0.0,-0.0,284.3829345703125,0.9010865688323976,0.4893138706684112,0.3437025547027588,297.1697692871094,297.1499938964844,293.1499938964844,0.0,-0.0,284.3833923339844,0.7789453864097595,0.3121176362037658,0.2994541823863983,297.1405334472656,297.1499938964844,293.1499938964844,0.0,-0.0,284.384033203125,0.6871444582939148,0.2115640044212341,0.971157431602478,284.3830261230469,284.95001220703125,296.5106506347656,288.1221923828125,296.5108947753906,297.2187194824219,284.3811340332031,1.0,0.5751429796218872,1.0,1.0,0.0,1.0,-2.9744348526000977,2.9744277000427246,7.110851129255025e-06,2.2963767051696777,0.8961259722709656,0.8961259722709656,0.0,165.98468017578125,170.0,36856.19140625,0.0,2345.908203125,1.0,280.657958984375,283.0612487792969,291.1468505859375,293.573486328125,293.1499938964844,293.1499938964844,280.95001220703125,36611.875,36000.0,313.1499938964844,0.0,18000.0,1.0,0.0,0.0,0.0,1.0,0.922871232032776,1.0,0.0,0.0,3.670161485671997,3.6701858043670654,8.988011472865765e-07,4.265924453735352,4.265914440155029,9.78592834144365e-06,0.0,0.0,-0.0,5149.19140625,0.0,1560.3184814453125,1895.4371337890625,0.0,3615.632080078125,0.9101769328117372,1.0,0.0,3.0,1.0,0.0
12063120,297.0673828125,297.1499938964844,293.1499938964844,0.0,-0.0,284.3831787109375,0.8233998417854309,0.3692377805709839,0.3357460796833038,297.10302734375,297.1499938964844,293.1499938964844,0.0,-0.0,284.3828430175781,0.9445801973342896,0.5541793704032898,0.527191162109375,297.3907775878906,297.1499938964844,293.1499938964844,0.0,-0.0,284.3829345703125,0.9010865688323976,0.4893138706684112,0.3437025547027588,297.1697692871094,297.1499938964844,293.1499938964844,0.0,-0.0,284.3833923339844,0.7789453864097595,0.3121176362037658,0.2994541823863983,297.1405334472656,297.1499938964844,293.1499938964844,0.0,-0.0,284.384033203125,0.6871444582939148,0.2115640044212341,0.971157431602478,284.3830261230469,284.95001220703125,296.5106506347656,288.1221923828125,296.5108947753906,297.2187194824219,284.3811340332031,1.0,0.5751429796218872,1.0,1.0,0.0,1.0,-2.9744348526000977,2.9744277000427246,7.110851129255025e-06,2.2963767051696777,0.8961259722709656,0.8961259722709656,0.0,165.98468017578125,170.0,36856.19140625,0.0,2345.908203125,1.0,280.657958984375,283.0612487792969,291.1468505859375,293.573486328125,293.1499938964844,293.1499938964844,280.95001220703125,36611.875,36000.0,313.1499938964844,0.0,18000.0,1.0,0.0,0.0,0.0,1.0,0.922871232032776,1.0,0.0,0.0,3.670161485671997,3.6701858043670654,8.988011472865765e-07,4.265924453735352,4.265914440155029,9.78592834144365e-06,0.0,0.0,-0.0,5149.19140625,0.0,1560.3184814453125,1895.4371337890625,0.0,3615.632080078125,0.9101769328117372,1.0,0.0,3.0,1.0,0.0
12063180,297.06573486328125,297.1499938964844,293.1499938964844,0.0,-0.0,284.5579528808594,0.8186694383621216,0.3679985702037811,0.3342094421386719,297.0951538085937,297.1499938964844,293.1499938964844,0.0,-0.0,284.5583190917969,0.9383865594863892,0.5527579188346863,0.5253759026527405,297.3887023925781,297.1499938964844,293.1499938964844,0.0,-0.0,284.5582275390625,0.8982667922973633,0.4921275675296783,0.3453244864940643,297.16339111328125,297.1499938964844,293.1499938964844,0.0,-0.0,284.5577392578125,0.7747291922569275,0.3117030262947082,0.2988095283508301,297.1334228515625,297.1499938964844,293.1499938964844,0.0,-0.0,284.5570373535156,0.68260258436203,0.2107071280479431,0.966514766216278,284.5581359863281,284.95001220703125,296.4974365234375,288.0971984863281,296.4977111816406,297.2151184082031,284.56011962890625,1.0,0.5757043957710266,1.0,1.0,0.0,1.0,-2.9659841060638428,2.9659769535064697,7.0698574745620135e-06,2.2895724773406982,0.892303466796875,0.892303466796875,0.0,168.6510772705078,173.0,35819.02734375,0.0,2344.1962890625,1.0,280.9422607421875,283.2848205566406,291.0264892578125,293.3145446777344,293.1499938964844,293.1499938964844,281.25,36562.8046875,36000.0,313.1499938964844,0.0,18000.0,1.0,0.0,0.0,0.0,1.0,0.904066801071167,1.0,0.0,0.0,3.648390769958496,3.648414850234986,8.881698363438773e-07,4.265924453735352,4.265914440155029,9.78592834144365e-06,0.0,0.0,-0.0,5015.14306640625,0.0,1535.588134765625,1895.4371337890625,0.0,3441.462646484375,0.9053141474723816,1.0,0.0,3.0,1.0,0.0
12063240,297.06573486328125,297.1499938964844,293.1499938964844,0.0,-0.0,284.5579528808594,0.8186694383621216,0.3679985702037811,0.3342094421386719,297.0951538085937,297.1499938964844,293.1499938964844,0.0,-0.0,284.5583190917969,0.9383865594863892,0.5527579188346863,0.5253759026527405,297.3887023925781,297.1499938964844,293.1499938964844,0.0,-0.0,284.5582275390625,0.8982667922973633,0.4921275675296783,0.3453244864940643,297.16339111328125,297.1499938964844,293.1499938964844,0.0,-0.0,284.5577392578125,0.7747291922569275,0.3117030262947082,0.2988095283508301,297.1334228515625,297.1499938964844,293.1499938964844,0.0,-0.0,284.5570373535156,0.68260258436203,0.2107071280479431,0.966514766216278,284.5581359863281,284.95001220703125,296.4974365234375,288.0971984863281,296.4977111816406,297.2151184082031,284.56011962890625,1.0,0.5757043957710266,1.0,1.0,0.0,1.0,-2.9659841060638428,2.9659769535064697,7.0698574745620135e-06,2.2895724773406982,0.892303466796875,0.892303466796875,0.0,168.6510772705078,173.0,35819.02734375,0.0,2344.1962890625,1.0,280.9422607421875,283.2848205566406,291.0264892578125,293.3145446777344,293.1499938964844,293.1499938964844,281.25,36562.8046875,36000.0,313.1499938964844,0.0,18000.0,1.0,0.0,0.0,0.0,1.0,0.904066801071167,1.0,0.0,0.0,3.648390769958496,3.648414850234986,8.881698363438773e-07,4.265924453735352,4.265914440155029,9.78592834144365e-06,0.0,0.0,-0.0,5015.14306640625,0.0,1535.588134765625,1895.4371337890625,0.0,3441.462646484375,0.9053141474723816,1.0,0.0,3.0,1.0,0.0
12063300,297.07183837890625,297.1499938964844,293.1499938964844,0.0,-0.0,284.72869873046875,0.8176635503768921,0.3680583238601684,0.334064245223999,297.09942626953125,297.1499938964844,293.1499938964844,0.0,-0.0,284.7307434082031,0.9370140433311462,0.5528252720832825,0.5251982808113098,297.3946228027344,297.1499938964844,293.1499938964844,0.0,-0.0,284.7302551269531,0.8983473181724548,0.4942160248756408,0.3466137051582336,297.1656799316406,297.1499938964844,293.1499938964844,0.0,-0.0,284.7275390625,0.7739432454109192,0.3120083510875702,0.2989489436149597,297.1345520019531,297.1499938964844,293.1499938964844,0.0,-0.0,284.7237854003906,0.6816229820251465,0.2107098400592804,0.9659625887870787,284.7297058105469,284.95001220703125,296.4903564453125,288.08612060546875,296.4906311035156,297.219482421875,284.7401733398437,1.0,0.576287567615509,1.0,1.0,0.0,1.0,-2.9666430950164795,2.9666359424591064,7.072758307913318e-06,2.2899768352508545,0.8924953937530518,0.8924953937530518,0.0,169.44000244140625,173.0,35155.38671875,0.0,2349.3798828125,1.0,281.1986694335937,283.4854736328125,290.97808837890625,293.15478515625,293.1499938964844,293.1499938964844,281.25,36446.78515625,36000.0,313.1499938964844,0.0,18000.0,1.0,0.0,0.0,0.0,1.0,0.8912622928619385,1.0,0.0,0.0,3.64016366004944,3.640187740325928,8.841686849336838e-07,4.265924453735352,4.265914440155029,9.78592834144365e-06,0.0,0.0,-0.0,5173.45947265625,0.0,1525.5865478515625,1895.4371337890625,0.0,3322.010498046875,0.903447687625885,1.0,0.0,3.0,1.0,0.0
12063360,297.08074951171875,297.1499938964844,293.1499938964844,0.0,-0.0,284.7926940917969,0.8174627423286438,0.3684416711330414,0.3343346714973449,297.107421875,297.1499938964844,293.1499938964844,0.0,-0.0,284.7930908203125,0.9366644620895386,0.5532912015914917,0.52552330493927,297.4034729003906,297.1499938964844,293.1499938964844,0.0,-0.0,284.7929992675781,0.8992959856987,0.4966342449188232,0.3482317924499511,297.170654296875,297.1499938964844,293.1499938964844,0.0,-0.0,284.79248046875,0.773938775062561,0.3125970065593719,0.2994184494018554,297.1382141113281,297.1499938964844,293.1499938964844,0.0,-0.0,284.7917785644531,0.6814314126968384,0.2109715640544891,0.9667317271232604,284.7929077148437,284.95001220703125,296.48291015625,288.0760498046875,296.48321533203125,297.2269897460937,284.7949523925781,1.0,0.577150285243988,1.0,1.0,0.0,1.0,-2.970787286758423,2.970780372619629,7.092354735505069e-06,2.2930984497070312,0.8921347856521606,0.8921347856521606,0.0,169.95265197753906,176.0,35115.60546875,0.0,2359.460205078125,1.0,281.2417907714844,283.5468444824219,290.99853515625,293.21539306640625,293.1499938964844,293.1499938964844,281.54998779296875,36342.890625,36000.0,313.1499938964844,0.0,18000.0,1.0,0.0,0.0,0.0,1.0,0.8846756219863892,1.0,0.0,0.0,3.634763717651367,3.634787559509277,8.815473506729177e-07,4.265924453735352,4.265914440155029,9.78592834144365e-06,0.0,0.0,-0.0,4946.1328125,0.0,1518.838134765625,1895.4371337890625,0.0,3260.381591796875,0.9021312594413756,1.0,0.0,3.0,1.0,0.0
12063420,297.1017761230469,297.1499938964844,293.1499938964844,0.0,-0.0,285.0301818847656,0.8175660967826843,0.3696898221969604,0.3353230059146881,297.12823486328125,297.1499938964844,293.1499938964844,0.0,-0.0,285.03057861328125,0.9366248250007628,0.554853618144989,0.5268081426620483,297.4247436523437,297.1499938964844,293.1499938964844,0.0,-0.0,285.0304870605469,0.9016939401626588,0.5019949078559875,0.3518373668193817,297.1845703125,297.1499938964844,293.1499938964844,0.0,-0.0,285.02996826171875,0.7745217084884644,0.3142614662647247,0.3008521199226379,297.1496887207031,297.1499938964844,293.1499938964844,0.0,-0.0,285.0292358398437,0.6817843914031982,0.2119791060686111,0.9706141948699952,285.0303955078125,284.95001220703125,296.4671325683594,288.0591125488281,296.4674377441406,297.2456359863281,285.032470703125,1.0,0.579557478427887,1.0,1.0,0.0,1.0,-2.984237670898437,2.9842305183410645,7.156546871556202e-06,2.303405284881592,0.8951590657234192,0.8951590657234192,0.0,171.050537109375,179.0,34509.28515625,0.0,2389.458984375,1.0,281.5416259765625,283.8086853027344,291.0030822753906,293.1754455566406,293.1499938964844,293.1499938964844,281.8500061035156,36053.08984375,36000.0,313.1499938964844,0.0,18000.0,1.0,0.0,0.0,0.0,1.0,0.8703945279121399,1.0,0.0,0.0,3.631924152374268,3.6319479942321777,8.801704893812712e-07,4.265924453735352,4.265914440155029,9.78592834144365e-06,0.0,0.0,-0.0,4892.10791015625,0.0,1513.5462646484375,1895.4371337890625,0.0,3126.51123046875,0.9013007283210754,1.0,0.0,3.0,1.0,0.0
12063480,297.1017761230469,297.1499938964844,293.1499938964844,0.0,-0.0,285.0301818847656,0.8175660967826843,0.3696898221969604,0.3353230059146881,297.12823486328125,297.1499938964844,293.1499938964844,0.0,-0.0,285.03057861328125,0.9366248250007628,0.554853618144989,0.5268081426620483,297.4247436523437,297.1499938964844,293.1499938964844,0.0,-0.0,285.0304870605469,0.9016939401626588,0.5019949078559875,0.3518373668193817,297.1845703125,297.1499938964844,293.1499938964844,0.0,-0.0,285.02996826171875,0.7745217084884644,0.3142614662647247,0.3008521199226379,297.1496887207031,297.1499938964844,293.1499938964844,0.0,-0.0,285.0292358398437,0.6817843914031982,0.2119791060686111,0.9706141948699952,285.0303955078125,284.95001220703125,296.4671325683594,288.0591125488281,296.4674377441406,297.2456359863281,285.032470703125,1.0,0.579557478427887,1.0,1.0,0.0,1.0,-2.984237670898437,2.9842305183410645,7.156546871556202e-06,2.303405284881592,0.8951590657234192,0.8951590657234192,0.0,171.050537109375,179.0,34509.28515625,0.0,2389.458984375,1.0,281.5416259765625,283.8086853027344,291.0030822753906,293.1754455566406,293.1499938964844,293.1499938964844,281.8500061035156,36053.08984375,36000.0,313.1499938964844,0.0,18000.0,1.0,0.0,0.0,0.0,1.0,0.8703945279121399,1.0,0.0,0.0,3.631924152374268,3.6319479942321777,8.801704893812712e-07,4.265924453735352,4.265914440155029,9.78592834144365e-06,0.0,0.0,-0.0,4892.10791015625,0.0,1513.5462646484375,1895.4371337890625,0.0,3126.51123046875,0.9013007283210754,1.0,0.0,3.0,1.0,0.0
12063540,297.1245422363281,297.1499938964844,293.1499938964844,0.0,-0.0,285.2662048339844,0.8179485201835632,0.3713828027248382,0.3367674946784973,297.15203857421875,297.1499938964844,293.1499938964844,0.0,-0.0,285.2665710449219,0.9369083046913148,0.5569857358932495,0.5287090539932251,297.4482727050781,297.1499938964844,293.1499938964844,0.0,-0.0,285.2665100097656,0.904340922832489,0.5078570246696472,0.3558349907398224,297.201171875,297.1499938964844,293.1499938964844,0.0,-0.0,285.2659912109375,0.7754539251327515,0.3163795173168182,0.3027741312980652,297.1642761230469,297.1499938964844,293.1499938964844,0.0,-0.0,285.2652893066406,0.682654082775116,0.2134500592947006,0.9768466353416444,285.2663879394531,284.95001220703125,296.45001220703125,288.0467529296875,296.4503173828125,297.2668762207031,285.26837158203125,1.0,0.5827665328979492,1.0,1.0,0.0,1.0,-3.002862930297852,3.0028555393218994,7.246132099680835e-06,2.3177709579467773,0.9013240337371826,0.9013240337371826,0.0,172.42269897460938,182.0,33957.75,0.0,2430.62939453125,1.0,281.8416442871094,284.0671081542969,291.0093078613281,293.14727783203125,293.1499938964844,293.1499938964844,281.54998779296875,35733.9296875,36000.0,313.1499938964844,0.0,18000.0,1.0,0.0,0.0,0.0,1.0,0.860027551651001,1.0,0.0,0.0,3.641010284423828,3.6410341262817374,8.845800039125606e-07,4.265924453735352,4.265914440155029,9.78592834144365e-06,0.0,0.0,-0.0,5416.7314453125,0.0,1521.2042236328125,1895.4371337890625,0.0,3029.263671875,0.903111457824707,1.0,0.0,3.0,1.0,0.0
12063600,297.1245422363281,297.1499938964844,293.1499938964844,0.0,-0.0,285.2662048339844,0.8179485201835632,0.3713828027248382,0.3367674946784973,297.15203857421875,297.1499938964844,293.1499938964844,0.0,-0.0,285.2665710449219,0.9369083046913148,0.5569857358932495,0.5287090539932251,297.4482727050781,297.1499938964844,293.1499938964844,0.0,-0.0,285.2665100097656,0.904340922832489,0.5078570246696472,0.3558349907398224,297.201171875,297.1499938964844,293.1499938964844,0.0,-0.0,285.2659912109375,0.7754539251327515,0.3163795173168182,0.3027741312980652,297.1642761230469,297.1499938964844,293.1499938964844,0.0,-0.0,285.2652893066406,0.682654082775116,0.2134500592947006,0.9768466353416444,285.2663879394531,284.95001220703125,296.45001220703125,288.0467529296875,296.4503173828125,297.2668762207031,285.26837158203125,1.0,0.5827665328979492,1.0,1.0,0.0,1.0,-3.002862930297852,3.0028555393218994,7.246132099680835e-06,2.3177709579467773,0.9013240337371826,0.9013240337371826,0.0,172.42269897460938,182.0,33957.75,0.0,2430.62939453125,1.0,281.8416442871094,284.0671081542969,291.0093078613281,293.14727783203125,293.1499938964844,293.1499938964844,281.54998779296875,35733.9296875,36000.0,313.1499938964844,0.0,18000.0,1.0,0.0,0.0,0.0,1.0,0.860027551651001,1.0,0.0,0.0,3.641010284423828,3.6410341262817374,8.845800039125606e-07,4.265924453735352,4.265914440155029,9.78592834144365e-06,0.0,0.0,-0.0,5416.7314453125,0.0,1521.2042236328125,1895.4371337890625,0.0,3029.263671875,0.903111457824707,1.0,0.0,3.0,1.0,0.0
12063660,297.1250915527344,297.1499938964844,293.1499938964844,0.0,-0.0,285.0628967285156,0.8156285881996155,0.3711444437503814,0.3372444212436676,297.1529541015625,297.1499938964844,293.1499938964844,0.0,-0.0,285.06256103515625,0.9337756037712096,0.5571378469467163,0.5296181440353394,297.4493713378906,297.1499938964844,293.1499938964844,0.0,-0.0,285.0626220703125,0.9039353728294371,0.5117766261100769,0.359086275100708,297.2043151855469,297.1499938964844,293.1499938964844,0.0,-0.0,285.06304931640625,0.7739676833152771,0.317368596792221,0.304204374551773,297.1693725585937,297.1499938964844,293.1499938964844,0.0,-0.0,285.06365966796875,0.681387186050415,0.2141652256250381,0.9818962812423706,285.0627136230469,284.95001220703125,296.4290771484375,288.03826904296875,296.42950439453125,297.26885986328125,285.06109619140625,1.0,0.5861347317695618,1.0,1.0,0.0,1.0,-3.016243457794189,3.0162360668182373,7.311400622711517e-06,2.3283324241638184,0.9011823534965516,0.9011823534965516,0.0,175.33447265625,185.0,34723.29296875,0.0,2470.37744140625,1.0,281.5578308105469,283.83612060546875,291.109375,293.3740539550781,293.1499938964844,293.1499938964844,281.25,35836.7109375,36000.0,313.1499938964844,0.0,18000.0,1.0,0.0,0.0,0.0,1.0,0.8795227408409119,1.0,0.0,0.0,3.6480209827423096,3.648045063018799,8.879898132363451e-07,4.265924453735352,4.265914440155029,9.78592834144365e-06,0.0,0.0,-0.0,5542.3740234375,0.0,1529.7469482421875,1895.4371337890625,0.0,3212.107421875,0.90471351146698,1.0,0.0,3.0,1.0,0.0
12063720,297.1250915527344,297.1499938964844,293.1499938964844,0.0,-0.0,285.0628967285156,0.8156285881996155,0.3711444437503814,0.3372444212436676,297.1529541015625,297.1499938964844,293.1499938964844,0.0,-0.0,285.06256103515625,0.9337756037712096,0.5571378469467163,0.5296181440353394,297.4493713378906,297.1499938964844,293.1499938964844,0.0,-0.0,285.0626220703125,0.9039353728294371,0.5117766261100769,0.359086275100708,297.2043151855469,297.1499938964844,293.1499938964844,0.0,-0.0,285.06304931640625,0.7739676833152771,0.317368596792221,0.304204374551773,297.1693725585937,297.1499938964844,293.1499938964844,0.0,-0.0,285.06365966796875,0.681387186050415,0.2141652256250381,0.9818962812423706,285.0627136230469,284.95001220703125,296.4290771484375,288.03826904296875,296.42950439453125,297.26885986328125,285.06109619140625,1.0,0.5861347317695618,1.0,1.0,0.0,1.0,-3.016243457794189,3.0162360668182373,7.311400622711517e-06,2.3283324241638184,0.9011823534965516,0.9011823534965516,0.0,175.33447265625,185.0,34723.29296875,0.0,2470.37744140625,1.0,281.5578308105469,283.83612060546875,291.109375,293.3740539550781,293.1499938964844,293.1499938964844,281.25,35836.7109375,36000.0,313.1499938964844,0.0,18000.0,1.0,0.0,0.0,0.0,1.0,0.8795227408409119,1.0,0.0,0.0,3.6480209827423096,3.648045063018799,8.879898132363451e-07,4.265924453735352,4.265914440155029,9.78592834144365e-06,0.0,0.0,-0.0,5542.3740234375,0.0,1529.7469482421875,1895.4371337890625,0.0,3212.107421875,0.90471351146698,1.0,0.0,3.0,1.0,0.0
12063780,297.1089172363281,297.1499938964844,293.1499938964844,0.0,-0.0,284.8291931152344,0.8095601201057434,0.3692012131214142,0.3359743952751159,297.1337280273437,297.1499938964844,293.1499938964844,0.0,-0.0,284.8288269042969,0.9259713292121888,0.5552427768707275,0.5284164547920227,297.4335327148437,297.1499938964844,293.1499938964844,0.0,-0.0,284.8288879394531,0.8995746374130249,0.5139755606651306,0.3609752953052521,297.19390869140625,297.1499938964844,293.1499938964844,0.0,-0.0,284.82940673828125,0.7690520882606506,0.3170118927955627,0.3043202459812164,297.1629638671875,297.1499938964844,293.1499938964844,0.0,-0.0,284.8301086425781,0.6767882704734802,0.213769719004631,0.982103168964386,284.8290100097656,284.95001220703125,296.4021301269531,288.0325927734375,296.4026794433594,297.25537109375,284.8269958496094,1.0,0.5886856913566589,1.0,1.0,0.0,1.0,-3.015942573547364,3.0159354209899902,7.310252385650529e-06,2.328232288360596,0.8976456522941589,0.8976456522941589,0.0,179.8600311279297,188.0,35357.68359375,0.0,2493.090087890625,1.0,281.2582397460937,283.5795288085937,291.10614013671875,293.4366149902344,293.1499938964844,293.1499938964844,281.54998779296875,36069.64453125,36000.0,313.1499938964844,0.0,18000.0,1.0,0.0,0.0,0.0,1.0,0.8982029557228088,1.0,0.0,0.0,3.646248579025269,3.6462724208831774,8.871270438248757e-07,4.265924453735352,4.265914440155029,9.78592834144365e-06,0.0,0.0,-0.0,5007.646484375,0.0,1529.5194091796875,1895.4371337890625,0.0,3386.82763671875,0.9044666290283204,1.0,0.0,3.0,1.0,0.0
12063840,297.1089172363281,297.1499938964844,293.1499938964844,0.0,-0.0,284.8291931152344,0.8095601201057434,0.3692012131214142,0.3359743952751159,297.1337280273437,297.1499938964844,293.1499938964844,0.0,-0.0,284.8288269042969,0.9259713292121888,0.5552427768707275,0.5284164547920227,297.4335327148437,297.1499938964844,293.1499938964844,0.0,-0.0,284.8288879394531,0.8995746374130249,0.5139755606651306,0.3609752953052521,297.19390869140625,297.1499938964844,293.1499938964844,0.0,-0.0,284.82940673828125,0.7690520882606506,0.3170118927955627,0.3043202459812164,297.1629638671875,297.1499938964844,293.1499938964844,0.0,-0.0,284.8301086425781,0.6767882704734802,0.213769719004631,0.982103168964386,284.8290100097656,284.95001220703125,296.4021301269531,288.0325927734375,296.4026794433594,297.25537109375,284.8269958496094,1.0,0.5886856913566589,1.0,1.0,0.0,1.0,-3.015942573547364,3.0159354209899902,7.310252385650529e-06,2.328232288360596,0.8976456522941589,0.8976456522941589,0.0,179.8600311279297,188.0,35357.68359375,0.0,2493.090087890625,1.0,281.2582397460937,283.5795288085937,291.10614013671875,293.4366149902344,293.1499938964844,293.1499938964844,281.54998779296875,36069.64453125,36000.0,313.1499938964844,0.0,18000.0,1.0,0.0,0.0,0.0,1.0,0.8982029557228088,1.0,0.0,0.0,3.646248579025269,3.6462724208831774,8.871270438248757e-07,4.265924453735352,4.265914440155029,9.78592834144365e-06,0.0,0.0,-0.0,5007.646484375,0.0,1529.5194091796875,1895.4371337890625,0.0,3386.82763671875,0.9044666290283204,1.0,0.0,3.0,1.0,0.0
12063900,297.106201171875,297.1499938964844,293.1499938964844,0.0,-0.0,284.97412109375,0.8065024614334106,0.3686675727367401,0.3352567851543426,297.1286926269531,297.1499938964844,293.1499938964844,0.0,-0.0,284.9759521484375,0.9221254587173462,0.5546366572380066,0.5276155471801758,297.4311828613281,297.1499938964844,293.1499938964844,0.0,-0.0,284.9756774902344,0.8974936008453369,0.5155342221260071,0.3618575632572174,297.1907653808594,297.1499938964844,293.1499938964844,0.0,-0.0,284.97320556640625,0.7665913105010986,0.3169774115085602,0.3041999340057373,297.1604919433594,297.1499938964844,293.1499938964844,0.0,-0.0,284.9698791503906,0.6743960380554199,0.2136079370975494,0.9812850952148438,284.9750671386719,284.95001220703125,296.3865051269531,288.0307312011719,296.3871154785156,297.2526550292969,284.98419189453125,1.0,0.5896923542022705,1.0,1.0,0.0,1.0,-3.014044046401977,3.0140366554260254,7.300870947801741e-06,2.3266897201538086,0.8992031216621399,0.8992031216621399,0.0,181.99822998046875,188.0,34676.5859375,0.0,2500.53662109375,1.0,281.50128173828125,283.75506591796875,291.00360107421875,293.1927185058594,293.1499938964844,293.1499938964844,281.54998779296875,36001.02734375,36000.0,313.1499938964844,0.0,18000.0,1.0,0.0,0.0,0.0,1.0,0.8902719616889954,1.0,0.0,0.0,3.645935297012329,3.6459593772888175,8.869746466189099e-07,4.265924453735352,4.265914440155029,9.78592834144365e-06,0.0,0.0,-0.0,5132.0478515625,0.0,1528.65869140625,1895.4371337890625,0.0,3312.751220703125,0.9044142365455629,1.0,0.0,3.0,1.0,0.0
12063960,297.1095275878906,297.1499938964844,293.1499938964844,0.0,-0.0,285.0272827148437,0.804872989654541,0.3687180280685425,0.3351568579673767,297.13018798828125,297.1499938964844,293.1499938964844,0.0,-0.0,285.0275573730469,0.9200066924095154,0.5546501278877258,0.5274562239646912,297.4349365234375,297.1499938964844,293.1499938964844,0.0,-0.0,285.02752685546875,0.896926760673523,0.5176825523376465,0.3632338345050812,297.1916198730469,297.1499938964844,293.1499938964844,0.0,-0.0,285.02716064453125,0.7653491497039795,0.3173187971115112,0.3044345676898956,297.1609802246094,297.1499938964844,293.1499938964844,0.0,-0.0,285.02667236328125,0.6731197834014893,0.2137217819690704,0.9815450310707092,285.0274353027344,284.95001220703125,296.3695373535156,288.0294494628906,296.3702087402344,297.2555847167969,285.0287475585937,1.0,0.5907981991767883,1.0,1.0,0.0,1.0,-3.015974521636963,3.0159671306610107,7.310026376217138e-06,2.328094959259033,0.9002940654754639,0.9002940654754639,0.0,183.45269775390625,191.0,34603.54296875,0.0,2511.642578125,1.0,281.54229736328125,283.806396484375,290.98486328125,293.1947631835937,293.1499938964844,293.1499938964844,281.25,35924.26953125,36000.0,313.1499938964844,0.0,18000.0,1.0,0.0,0.0,0.0,1.0,0.8844150900840759,1.0,0.0,0.0,3.648124933242798,3.648149013519287,8.880404038791312e-07,4.265924453735352,4.265914440155029,9.78592834144365e-06,0.0,0.0,-0.0,5480.345703125,0.0,1530.5172119140625,1895.4371337890625,0.0,3257.94189453125,0.9048182368278505,1.0,0.0,3.0,1.0,0.0
12064020,297.1021728515625,297.1499938964844,293.1499938964844,0.0,-0.0,284.8145751953125,0.8009061813354492,0.3674820065498352,0.3345824778079986,297.1200866699219,297.1499938964844,293.1499938964844,0.0,-0.0,284.8141784667969,0.915114164352417,0.5533959865570068,0.5268373489379883,297.4273681640625,297.1499938964844,293.1499938964844,0.0,-0.0,284.8142395019531,0.8950495719909668,0.5205469131469727,0.3656458258628845,297.1858215332031,297.1499938964844,293.1499938964844,0.0,-0.0,284.81475830078125,0.7624056935310364,0.3172733783721924,0.3047720193862915,297.1570129394531,297.1499938964844,293.1499938964844,0.0,-0.0,284.8154296875,0.6701910495758057,0.2134682387113571,0.9818540215492249,284.8143615722656,284.95001220703125,296.3317565917969,288.028564453125,296.3324890136719,297.2497863769531,284.8124694824219,1.0,0.592955470085144,1.0,1.0,0.0,1.0,-3.018226861953736,3.018219470977783,7.321234534174437e-06,2.329955101013184,0.8967673182487488,0.8967673182487488,0.0,186.7251892089844,194.0,35214.28515625,0.0,2532.714599609375,1.0,281.2578430175781,283.5704040527344,291.0574645996094,293.3570861816406,293.1499938964844,293.1499938964844,281.54998779296875,36116.23046875,36000.0,313.1499938964844,0.0,18000.0,1.0,0.0,0.0,0.0,1.0,0.894183874130249,1.0,0.0,0.0,3.6448261737823486,3.644850015640259,8.864350320436643e-07,4.265924453735352,4.265914440155029,9.78592834144365e-06,0.0,0.0,-0.0,4986.58349609375,0.0,1528.288330078125,1895.4371337890625,0.0,3349.31201171875,0.904183566570282,1.0,0.0,3.0,1.0,0.0
12064080,297.1021728515625,297.1499938964844,293.1499938964844,0.0,-0.0,284.8145751953125,0.8009061813354492,0.3674820065498352,0.3345824778079986,297.1200866699219,297.1499938964844,293.1499938964844,0.0,-0.0,284.8141784667969,0.915114164352417,0.5533959865570068,0.5268373489379883,297.4273681640625,297.1499938964844,293.1499938964844,0.0,-0.0,284.8142395019531,0.8950495719909668,0.5205469131469727,0.3656458258628845,297.1858215332031,297.1499938964844,293.1499938964844,0.0,-0.0,284.81475830078125,0.7624056935310364,0.3172733783721924,0.3047720193862915,297.1570129394531,297.1499938964844,293.1499938964844,0.0,-0.0,284.8154296875,0.6701910495758057,0.2134682387113571,0.9818540215492249,284.8143615722656,284.95001220703125,296.3317565917969,288.028564453125,296.3324890136719,297.2497863769531,284.8124694824219,1.0,0.592955470085144,1.0,1.0,0.0,1.0,-3.018226861953736,3.018219470977783,7.321234534174437e-06,2.329955101013184,0.8967673182487488,0.8967673182487488,0.0,186.7251892089844,194.0,35214.28515625,0.0,2532.714599609375,1.0,281.2578430175781,283.5704040527344,291.0574645996094,293.3570861816406,293.1499938964844,293.1499938964844,281.54998779296875,36116.23046875,36000.0,313.1499938964844,0.0,18000.0,1.0,0.0,0.0,0.0,1.0,0.894183874130249,1.0,0.0,0.0,3.6448261737823486,3.644850015640259,8.864350320436643e-07,4.265924453735352,4.265914440155029,9.78592834144365e-06,0.0,0.0,-0.0,4986.58349609375,0.0,1528.288330078125,1895.4371337890625,0.0,3349.31201171875,0.904183566570282,1.0,0.0,3.0,1.0,0.0
12064140,297.1054992675781,297.1499938964844,293.1499938964844,0.0,-0.0,285.0124816894531,0.7972202301025391,0.3671891987323761,0.3339985907077789,297.12030029296875,297.1499938964844,293.1499938964844,0.0,-0.0,285.01275634765625,0.910639762878418,0.5530161261558533,0.5261394381523132,297.4312744140625,297.1499938964844,293.1499938964844,0.0,-0.0,285.0127258300781,0.8934832215309143,0.524432361125946,0.3680683374404907,297.1858825683594,297.1499938964844,293.1499938964844,0.0,-0.0,285.0123596191406,0.7596807479858398,0.3177162110805511,0.3050298392772674,297.15679931640625,297.1499938964844,293.1499938964844,0.0,-0.0,285.0118713378906,0.6674215197563171,0.2135247439146042,0.9817224144935608,285.0126342773437,284.95001220703125,296.2891540527344,288.0296630859375,296.2899780273437,297.2525634765625,285.0139465332031,1.0,0.5949329733848572,1.0,1.0,0.0,1.0,-3.0197386741638184,3.019731283187866,7.328251285798615e-06,2.3309860229492188,0.8992218375205994,0.8992218375205994,0.0,189.77389526367188,197.0,34448.40234375,0.0,2551.279541015625,1.0,281.5421447753906,283.7977294921875,290.9776611328125,293.16961669921875,293.1499938964844,293.1499938964844,281.8500061035156,35959.98046875,36000.0,313.1499938964844,0.0,18000.0,1.0,0.0,0.0,0.0,1.0,0.8795250058174133,1.0,0.0,0.0,3.645376205444336,3.645400285720825,8.867026508596609e-07,4.265924453735352,4.265914440155029,9.78592834144365e-06,0.0,0.0,-0.0,4882.5166015625,0.0,1527.7314453125,1895.4371337890625,0.0,3212.129150390625,0.904229700565338,1.0,0.0,3.0,1.0,0.0
12064200,297.1054992675781,297.1499938964844,293.1499938964844,0.0,-0.0,285.0124816894531,0.7972202301025391,0.3671891987323761,0.3339985907077789,297.12030029296875,297.1499938964844,293.1499938964844,0.0,-0.0,285.01275634765625,0.910639762878418,0.5530161261558533,0.5261394381523132,297.4312744140625,297.1499938964844,293.1499938964844,0.0,-0.0,285.0127258300781,0.8934832215309143,0.524432361125946,0.3680683374404907,297.1858825683594,297.1499938964844,293.1499938964844,0.0,-0.0,285.0123596191406,0.7596807479858398,0.3177162110805511,0.3050298392772674,297.15679931640625,297.1499938964844,293.1499938964844,0.0,-0.0,285.0118713378906,0.6674215197563171,0.2135247439146042,0.9817224144935608,285.0126342773437,284.95001220703125,296.2891540527344,288.0296630859375,296.2899780273437,297.2525634765625,285.0139465332031,1.0,0.5949329733848572,1.0,1.0,0.0,1.0,-3.0197386741638184,3.019731283187866,7.328251285798615e-06,2.3309860229492188,0.8992218375205994,0.8992218375205994,0.0,189.77389526367188,197.0,34448.40234375,0.0,2551.279541015625,1.0,281.5421447753906,283.7977294921875,290.9776611328125,293.16961669921875,293.1499938964844,293.1499938964844,281.8500061035156,35959.98046875,36000.0,313.1499938964844,0.0,18000.0,1.0,0.0,0.0,0.0,1.0,0.8795250058174133,1.0,0.0,0.0,3.645376205444336,3.645400285720825,8.867026508596609e-07,4.265924453735352,4.265914440155029,9.78592834144365e-06,0.0,0.0,-0.0,4882.5166015625,0.0,1527.7314453125,1895.4371337890625,0.0,3212.129150390625,0.904229700565338,1.0,0.0,3.0,1.0,0.0
12064260,297.12109375,297.1499938964844,293.1499938964844,0.0,-0.0,285.2342224121094,0.7962950468063354,0.3681987226009369,0.3347267806529999,297.135009765625,297.1499938964844,293.1499938964844,0.0,-0.0,285.2344970703125,0.9092813730239868,0.5541183948516846,0.5269405245780945,297.4479675292969,297.1499938964844,293.1499938964844,0.0,-0.0,285.2344665527344,0.8946714401245117,0.5296769738197327,0.371555894613266,297.19549560546875,297.1499938964844,293.1499938964844,0.0,-0.0,285.23406982421875,0.7592692375183105,0.3191387951374054,0.3062253892421722,297.1645202636719,297.1499938964844,293.1499938964844,0.0,-0.0,285.2335205078125,0.666908323764801,0.2143865525722503,0.985021948814392,285.234375,284.95001220703125,296.2421569824219,288.032470703125,296.2430725097656,297.2670593261719,285.2358093261719,1.0,0.5974942445755005,1.0,1.0,0.0,1.0,-3.0311648845672607,3.0311574935913086,7.383637694147183e-06,2.3397316932678223,0.9048620462417604,0.9048620462417604,0.0,191.67648315429688,200.0,33753.2890625,0.0,2582.81396484375,1.0,281.841796875,284.045654296875,290.9682006835937,293.09735107421875,293.1499938964844,293.1499938964844,281.54998779296875,35711.98046875,36000.0,313.1499938964844,0.0,18000.0,1.0,0.0,0.0,0.0,1.0,0.8628906607627869,1.0,0.0,0.0,3.655367612838745,3.6553916931152335,8.915699254430365e-07,4.265924453735352,4.265914440155029,9.78592834144365e-06,0.0,0.0,-0.0,5394.21533203125,0.0,1536.990234375,1895.4371337890625,0.0,3056.118408203125,0.9063006043434144,1.0,0.0,3.0,1.0,0.0
12064320,297.12109375,297.1499938964844,293.1499938964844,0.0,-0.0,285.2342224121094,0.7962950468063354,0.3681987226009369,0.3347267806529999,297.135009765625,297.1499938964844,293.1499938964844,0.0,-0.0,285.2344970703125,0.9092813730239868,0.5541183948516846,0.5269405245780945,297.4479675292969,297.1499938964844,293.1499938964844,0.0,-0.0,285.2344665527344,0.8946714401245117,0.5296769738197327,0.371555894613266,297.19549560546875,297.1499938964844,293.1499938964844,0.0,-0.0,285.23406982421875,0.7592692375183105,0.3191387951374054,0.3062253892421722,297.1645202636719,297.1499938964844,293.1499938964844,0.0,-0.0,285.2335205078125,0.666908323764801,0.2143865525722503,0.985021948814392,285.234375,284.95001220703125,296.2421569824219,288.032470703125,296.2430725097656,297.2670593261719,285.2358093261719,1.0,0.5974942445755005,1.0,1.0,0.0,1.0,-3.0311648845672607,3.0311574935913086,7.383637694147183e-06,2.3397316932678223,0.9048620462417604,0.9048620462417604,0.0,191.67648315429688,200.0,33753.2890625,0.0,2582.81396484375,1.0,281.841796875,284.045654296875,290.9682006835937,293.09735107421875,293.1499938964844,293.1499938964844,281.54998779296875,35711.98046875,36000.0,313.1499938964844,0.0,18000.0,1.0,0.0,0.0,0.0,1.0,0.8628906607627869,1.0,0.0,0.0,3.655367612838745,3.6553916931152335,8.915699254430365e-07,4.265924453735352,4.265914440155029,9.78592834144365e-06,0.0,0.0,-0.0,5394.21533203125,0.0,1536.990234375,1895.4371337890625,0.0,3056.118408203125,0.9063006043434144,1.0,0.0,3.0,1.0,0.0
12064380,297.11822509765625,297.1499938964844,293.1499938964844,0.0,-0.0,285.02020263671875,0.7937355041503906,0.3675678074359894,0.3348118960857391,297.1317138671875,297.1499938964844,293.1499938964844,0.0,-0.0,285.0198059082031,0.906258225440979,0.5536247491836548,0.5271825790405273,297.44488525390625,297.1499938964844,293.1499938964844,0.0,-0.0,285.01983642578125,0.8941348791122437,0.5331670045852661,0.3744979202747345,297.1949462890625,297.1499938964844,293.1499938964844,0.0,-0.0,285.0203857421875,0.7576597929000854,0.3196762800216675,0.3071939349174499,297.16571044921875,297.1499938964844,293.1499938964844,0.0,-0.0,285.0211181640625,0.6654056310653687,0.2147039771080017,0.988129496574402,285.0199890136719,284.95001220703125,296.191162109375,288.0367431640625,296.192138671875,297.2657165527344,285.0179748535156,1.0,0.6002392768859863,1.0,1.0,0.0,1.0,-3.0400097370147705,3.0400023460388184,7.427266609738581e-06,2.346760034561157,0.904072105884552,0.904072105884552,0.0,194.58995056152344,203.0,34408.61328125,0.0,2614.823974609375,1.0,281.5577392578125,283.8072814941406,291.0838317871094,293.3264465332031,293.1499938964844,293.1499938964844,281.25,35855.203125,36000.0,313.1499938964844,0.0,18000.0,1.0,0.0,0.0,0.0,1.0,0.877327561378479,1.0,0.0,0.0,3.661733865737915,3.661757946014404,8.946781804297643e-07,4.265924453735352,4.265914440155029,9.78592834144365e-06,0.0,0.0,-0.0,5515.54638671875,0.0,1545.1754150390625,1895.4371337890625,0.0,3191.531005859375,0.9077900648117064,1.0,0.0,3.0,1.0,0.0
12064440,297.11822509765625,297.1499938964844,293.1499938964844,0.0,-0.0,285.02020263671875,0.7937355041503906,0.3675678074359894,0.3348118960857391,297.1317138671875,297.1499938964844,293.1499938964844,0.0,-0.0,285.0198059082031,0.906258225440979,0.5536247491836548,0.5271825790405273,297.44488525390625,297.1499938964844,293.1499938964844,0.0,-0.0,285.01983642578125,0.8941348791122437,0.5331670045852661,0.3744979202747345,297.1949462890625,297.1499938964844,293.1499938964844,0.0,-0.0,285.0203857421875,0.7576597929000854,0.3196762800216675,0.3071939349174499,297.16571044921875,297.1499938964844,293.1499938964844,0.0,-0.0,285.0211181640625,0.6654056310653687,0.2147039771080017,0.988129496574402,285.0199890136719,284.95001220703125,296.191162109375,288.0367431640625,296.192138671875,297.2657165527344,285.0179748535156,1.0,0.6002392768859863,1.0,1.0,0.0,1.0,-3.0400097370147705,3.0400023460388184,7.427266609738581e-06,2.346760034561157,0.904072105884552,0.904072105884552,0.0,194.58995056152344,203.0,34408.61328125,0.0,2614.823974609375,1.0,281.5577392578125,283.8072814941406,291.0838317871094,293.3264465332031,293.1499938964844,293.1499938964844,281.25,35855.203125,36000.0,313.1499938964844,0.0,18000.0,1.0,0.0,0.0,0.0,1.0,0.877327561378479,1.0,0.0,0.0,3.661733865737915,3.661757946014404,8.946781804297643e-07,4.265924453735352,4.265914440155029,9.78592834144365e-06,0.0,0.0,-0.0,5515.54638671875,0.0,1545.1754150390625,1895.4371337890625,0.0,3191.531005859375,0.9077900648117064,1.0,0.0,3.0,1.0,0.0
12064500,297.1103820800781,297.1499938964844,293.1499938964844,0.0,-0.0,284.8450622558594,0.7911916375160217,0.3666017055511474,0.3342339396476745,297.1226501464844,297.1499938964844,293.1499938964844,0.0,-0.0,284.84295654296875,0.9034608602523804,0.5526232719421387,0.5265791416168213,297.4366455078125,297.1499938964844,293.1499938964844,0.0,-0.0,284.8431091308594,0.8925886154174805,0.5342313051223755,0.3754668533802032,297.1897888183594,297.1499938964844,293.1499938964844,0.0,-0.0,284.8460388183594,0.755810558795929,0.3194583356380462,0.3072350621223449,297.1623840332031,297.1499938964844,293.1499938964844,0.0,-0.0,284.84979248046875,0.6636501550674438,0.2144797444343567,0.9881330728530884,284.84393310546875,284.95001220703125,296.1642761230469,288.039306640625,296.165283203125,297.25927734375,284.83349609375,1.0,0.6013648509979248,1.0,1.0,0.0,1.0,-3.0398142337799072,3.039806842803955,7.4264708018745296e-06,2.346676588058472,0.9016563296318054,0.9016563296318054,0.0,196.63650512695312,203.0,34993.1484375,0.0,2625.0556640625,1.0,281.3008728027344,283.606201171875,291.1272277832031,293.475341796875,293.1499938964844,293.1499938964844,281.25,35993.26171875,36000.0,313.1499938964844,0.0,18000.0,1.0,0.0,0.0,0.0,1.0,0.8883224725723267,1.0,0.0,0.0,3.661560535430908,3.6615846157073975,8.945934268922429e-07,4.265924453735352,4.265914440155029,9.78592834144365e-06,0.0,0.0,-0.0,5338.09619140625,0.0,1546.017578125,1895.4371337890625,0.0,3294.515869140625,0.9077998995780944,1.0,0.0,3.0,1.0,0.0
12064560,297.1002197265625,297.1499938964844,293.1499938964844,0.0,-0.0,284.7781677246094,0.7879812717437744,0.3653499186038971,0.3332766592502594,297.1104736328125,297.1499938964844,293.1499938964844,0.0,-0.0,284.7777404785156,0.9000408053398132,0.5512534379959106,0.5255042910575867,297.4259338378906,297.1499938964844,293.1499938964844,0.0,-0.0,284.7777709960937,0.8903725147247314,0.5349948406219482,0.376120924949646,297.182373046875,297.1499938964844,293.1499938964844,0.0,-0.0,284.77838134765625,0.7533993721008301,0.3189807832241058,0.3069691658020019,297.156982421875,297.1499938964844,293.1499938964844,0.0,-0.0,284.7791748046875,0.6613278985023499,0.2140285074710846,0.9869683980941772,284.7779235839844,284.95001220703125,296.1365661621094,288.04217529296875,296.1376037597656,297.2503967285156,284.7756652832031,1.0,0.6022505760192871,1.0,1.0,0.0,1.0,-3.036442518234253,3.036435127258301,7.410113539663143e-06,2.3441195487976074,0.8997949957847595,0.8997949957847595,0.0,198.96031188964844,206.0,34949.93359375,0.0,2630.603759765625,1.0,281.2580261230469,283.54522705078125,291.10137939453125,293.4037780761719,293.1499938964844,293.1499938964844,280.95001220703125,36114.67578125,36000.0,313.1499938964844,0.0,18000.0,1.0,0.0,0.0,0.0,1.0,0.8931663036346436,1.0,0.0,0.0,3.658338308334351,3.65836238861084,8.930196031542437e-07,4.265924453735352,4.265914440155029,9.78592834144365e-06,0.0,0.0,-0.0,5582.763671875,0.0,1543.324951171875,1895.4371337890625,0.0,3339.805419921875,0.9071987867355348,1.0,0.0,3.0,1.0,0.0
12064620,297.0783996582031,297.1499938964844,293.1499938964844,0.0,-0.0,284.5552062988281,0.7813854217529297,0.3625119626522064,0.3310249745845794,297.0835266113281,297.1499938964844,293.1499938964844,0.0,-0.0,284.55487060546875,0.8929839134216309,0.5480237603187561,0.5228196978569031,297.40264892578125,297.1499938964844,293.1499938964844,0.0,-0.0,284.55487060546875,0.8857846856117249,0.5361322164535522,0.3771406412124634,297.1649475097656,297.1499938964844,293.1499938964844,0.0,-0.0,284.55535888671875,0.7483612298965454,0.317629724740982,0.306016206741333,297.1434020996094,297.1499938964844,293.1499938964844,0.0,-0.0,284.5559997558594,0.6563553214073181,0.2127433121204376,0.9827150106430054,284.5550231933594,284.95001220703125,296.07879638671875,288.0484924316406,296.07989501953125,297.2297058105469,284.5532531738281,1.0,0.60346519947052,1.0,1.0,0.0,1.0,-3.0254805088043213,3.025473117828369,7.356755304499529e-06,2.3356773853302,0.8926481604576111,0.8926481604576111,0.0,203.5179443359375,209.0,35550.9140625,0.0,2633.07666015625,1.0,280.9582214355469,283.2933349609375,291.0895080566406,293.43121337890625,293.1499938964844,293.1499938964844,281.25,36417.3515625,36000.0,313.1499938964844,0.0,18000.0,1.0,0.0,0.0,0.0,1.0,0.9043139815330504,1.0,0.0,0.0,3.643559455871582,3.6435835361480713,8.858190199134697e-07,4.265924453735352,4.265914440155029,9.78592834144365e-06,0.0,0.0,-0.0,5034.88916015625,0.0,1529.132080078125,1895.4371337890625,0.0,3443.76318359375,0.904101312160492,1.0,0.0,3.0,1.0,0.0
12064680,297.0783996582031,297.1499938964844,293.1499938964844,0.0,-0.0,284.5552062988281,0.7813854217529297,0.3625119626522064,0.3310249745845794,297.0835266113281,297.1499938964844,293.1499938964844,0.0,-0.0,284.55487060546875,0.8929839134216309,0.5480237603187561,0.5228196978569031,297.40264892578125,297.1499938964844,293.1499938964844,0.0,-0.0,284.55487060546875,0.8857846856117249,0.5361322164535522,0.3771406412124634,297.1649475097656,297.1499938964844,293.1499938964844,0.0,-0.0,284.55535888671875,0.7483612298965454,0.317629724740982,0.306016206741333,297.1434020996094,297.1499938964844,293.1499938964844,0.0,-0.0,284.5559997558594,0.6563553214073181,0.2127433121204376,0.9827150106430054,284.5550231933594,284.95001220703125,296.07879638671875,288.0484924316406,296.07989501953125,297.2297058105469,284.5532531738281,1.0,0.60346519947052,1.0,1.0,0.0,1.0,-3.0254805088043213,3.025473117828369,7.356755304499529e-06,2.3356773853302,0.8926481604576111,0.8926481604576111,0.0,203.5179443359375,209.0,35550.9140625,0.0,2633.07666015625,1.0,280.9582214355469,283.2933349609375,291.0895080566406,293.43121337890625,293.1499938964844,293.1499938964844,281.25,36417.3515625,36000.0,313.1499938964844,0.0,18000.0,1.0,0.0,0.0,0.0,1.0,0.9043139815330504,1.0,0.0,0.0,3.643559455871582,3.6435835361480713,8.858190199134697e-07,4.265924453735352,4.265914440155029,9.78592834144365e-06,0.0,0.0,-0.0,5034.88916015625,0.0,1529.132080078125,1895.4371337890625,0.0,3443.76318359375,0.904101312160492,1.0,0.0,3.0,1.0,0.0
12064740,297.07647705078125,297.1499938964844,293.1499938964844,0.0,-0.0,284.7269897460937,0.7770851254463196,0.3613839447498321,0.3296239674091339,297.0770263671875,297.1499938964844,293.1499938964844,0.0,-0.0,284.72723388671875,0.8882384300231934,0.546497106552124,0.5209566950798035,297.4006652832031,297.1499938964844,293.1499938964844,0.0,-0.0,284.72723388671875,0.8835477232933044,0.5391052961349487,0.3788663744926452,297.1594543457031,297.1499938964844,293.1499938964844,0.0,-0.0,284.72686767578125,0.7450771927833557,0.3172444403171539,0.3054376542568207,297.1379699707031,297.1499938964844,293.1499938964844,0.0,-0.0,284.72637939453125,0.6529333591461182,0.2120938152074813,0.9792354106903076,284.72711181640625,284.95001220703125,296.01824951171875,288.0555114746094,296.0194091796875,297.2272033691406,284.7283935546875,1.0,0.6044849753379822,1.0,1.0,0.0,1.0,-3.018738269805908,3.018731117248535,7.323521913349396e-06,2.330267429351806,0.8910713791847229,0.8910713791847229,0.0,206.69949340820312,212.0,34499.23828125,0.0,2636.5380859375,1.0,281.2420654296875,283.5101928710937,290.9853820800781,293.18896484375,293.1499938964844,293.1499938964844,281.54998779296875,36335.2890625,36000.0,313.1499938964844,0.0,18000.0,1.0,0.0,0.0,0.0,1.0,0.8854446411132812,1.0,0.0,0.0,3.630241870880127,3.630265712738037,8.793553547548072e-07,4.265924453735352,4.265914440155029,9.78592834144365e-06,0.0,0.0,-0.0,4907.1845703125,0.0,1513.7926025390625,1895.4371337890625,0.0,3267.58154296875,0.9011024236679076,1.0,0.0,3.0,1.0,0.0
12064800,297.07647705078125,297.1499938964844,293.1499938964844,0.0,-0.0,284.7269897460937,0.7770851254463196,0.3613839447498321,0.3296239674091339,297.0770263671875,297.1499938964844,293.1499938964844,0.0,-0.0,284.72723388671875,0.8882384300231934,0.546497106552124,0.5209566950798035,297.4006652832031,297.1499938964844,293.1499938964844,0.0,-0.0,284.72723388671875,0.8835477232933044,0.5391052961349487,0.3788663744926452,297.1594543457031,297.1499938964844,293.1499938964844,0.0,-0.0,284.72686767578125,0.7450771927833557,0.3172444403171539,0.3054376542568207,297.1379699707031,297.1499938964844,293.1499938964844,0.0,-0.0,284.72637939453125,0.6529333591461182,0.2120938152074813,0.9792354106903076,284.72711181640625,284.95001220703125,296.01824951171875,288.0555114746094,296.0194091796875,297.2272033691406,284.7283935546875,1.0,0.6044849753379822,1.0,1.0,0.0,1.0,-3.018738269805908,3.018731117248535,7.323521913349396e-06,2.330267429351806,0.8910713791847229,0.8910713791847229,0.0,206.69949340820312,212.0,34499.23828125,0.0,2636.5380859375,1.0,281.2420654296875,283.5101928710937,290.9853820800781,293.18896484375,293.1499938964844,293.1499938964844,281.54998779296875,36335.2890625,36000.0,313.1499938964844,0.0,18000.0,1.0,0.0,0.0,0.0,1.0,0.8854446411132812,1.0,0.0,0.0,3.630241870880127,3.630265712738037,8.793553547548072e-07,4.265924453735352,4.265914440155029,9.78592834144365e-06,0.0,0.0,-0.0,4907.1845703125,0.0,1513.7926025390625,1895.4371337890625,0.0,3267.58154296875,0.9011024236679076,1.0,0.0,3.0,1.0,0.0
12064860,297.0899658203125,297.1499938964844,293.1499938964844,0.0,-0.0,284.9458923339844,0.7758504748344421,0.3618088662624359,0.3297805786132812,297.0884704589844,297.1499938964844,293.1499938964844,0.0,-0.0,284.9462280273437,0.8866240382194519,0.5467163920402527,0.5208770632743835,297.4150695800781,297.1499938964844,293.1499938964844,0.0,-0.0,284.9462280273437,0.8843809962272644,0.5437278151512146,0.3818787336349487,297.1665954589844,297.1499938964844,293.1499938964844,0.0,-0.0,284.9457397460937,0.7443171143531799,0.3180750906467438,0.3060264885425567,297.1430969238281,297.1499938964844,293.1499938964844,0.0,-0.0,284.9451599121094,0.6519943475723267,0.2124526500701904,0.9800757765769958,284.9460754394531,284.95001220703125,295.9553527832031,288.0629272460937,295.9565124511719,297.24072265625,284.9473571777344,1.0,0.6061841249465942,1.0,1.0,0.0,1.0,-3.0241594314575195,3.0241520404815674,7.34956347514526e-06,2.3343307971954346,0.8928382992744446,0.8928382992744446,0.0,208.42938232421875,215.0,33682.8203125,0.0,2655.896240234375,1.0,281.54156494140625,283.7591857910156,290.97784423828125,293.1044311523437,293.1499938964844,293.1499938964844,281.8500061035156,36112.4140625,36000.0,313.1499938964844,0.0,18000.0,1.0,0.0,0.0,0.0,1.0,0.8643860816955566,1.0,0.0,0.0,3.6252849102020255,3.625308752059937,8.769555392973416e-07,4.265924453735352,4.265914440155029,9.78592834144365e-06,0.0,0.0,-0.0,4838.5478515625,0.0,1506.6805419921875,1895.4371337890625,0.0,3070.146240234375,0.8998501896858215,1.0,0.0,3.0,1.0,0.0
12064920,297.0899658203125,297.1499938964844,293.1499938964844,0.0,-0.0,284.9458923339844,0.7758504748344421,0.3618088662624359,0.3297805786132812,297.0884704589844,297.1499938964844,293.1499938964844,0.0,-0.0,284.9462280273437,0.8866240382194519,0.5467163920402527,0.5208770632743835,297.4150695800781,297.1499938964844,293.1499938964844,0.0,-0.0,284.9462280273437,0.8843809962272644,0.5437278151512146,0.3818787336349487,297.1665954589844,297.1499938964844,293.1499938964844,0.0,-0.0,284.9457397460937,0.7443171143531799,0.3180750906467438,0.3060264885425567,297.1430969238281,297.1499938964844,293.1499938964844,0.0,-0.0,284.9451599121094,0.6519943475723267,0.2124526500701904,0.9800757765769958,284.9460754394531,284.95001220703125,295.9553527832031,288.0629272460937,295.9565124511719,297.24072265625,284.9473571777344,1.0,0.6061841249465942,1.0,1.0,0.0,1.0,-3.0241594314575195,3.0241520404815674,7.34956347514526e-06,2.3343307971954346,0.8928382992744446,0.8928382992744446,0.0,208.42938232421875,215.0,33682.8203125,0.0,2655.896240234375,1.0,281.54156494140625,283.7591857910156,290.97784423828125,293.1044311523437,293.1499938964844,293.1499938964844,281.8500061035156,36112.4140625,36000.0,313.1499938964844,0.0,18000.0,1.0,0.0,0.0,0.0,1.0,0.8643860816955566,1.0,0.0,0.0,3.6252849102020255,3.625308752059937,8.769555392973416e-07,4.265924453735352,4.265914440155029,9.78592834144365e-06,0.0,0.0,-0.0,4838.5478515625,0.0,1506.6805419921875,1895.4371337890625,0.0,3070.146240234375,0.8998501896858215,1.0,0.0,3.0,1.0,0.0
12064980,297.1087646484375,297.1499938964844,293.1499938964844,0.0,-0.0,285.16656494140625,0.7757532596588135,0.3629473149776459,0.3307012915611267,297.1075134277344,297.1499938964844,293.1499938964844,0.0,-0.0,285.1668395996094,0.886203408241272,0.5478605031967163,0.52180016040802,297.435302734375,297.1499938964844,293.1499938964844,0.0,-0.0,285.1668395996094,0.88630610704422,0.5491284728050232,0.3855303525924682,297.1796569824219,297.1499938964844,293.1499938964844,0.0,-0.0,285.1664428710937,0.7445987462997437,0.3196060359477997,0.3073626756668091,297.15411376953125,297.1499938964844,293.1499938964844,0.0,-0.0,285.1659240722656,0.6522157192230225,0.2134768366813659,0.9841746091842652,285.1667175292969,284.95001220703125,295.89044189453125,288.07049560546875,295.89166259765625,297.2586669921875,285.1681213378906,1.0,0.6086648106575012,1.0,1.0,0.0,1.0,-3.037293195724488,3.037285804748535,7.413449111481896e-06,2.3444302082061768,0.8975679278373718,0.8975679278373718,0.0,209.89259338378903,218.0,32955.671875,0.0,2688.907470703125,1.0,281.8415832519531,284.00787353515625,291.0038452148437,293.0791015625,293.1499938964844,293.1499938964844,282.1499938964844,35835.52734375,36000.0,313.1499938964844,0.0,18000.0,1.0,0.0,0.0,0.0,1.0,0.8478487133979797,1.0,0.0,0.0,3.6306540966033936,3.630677938461304,8.795550456852652e-07,4.265924453735352,4.265914440155029,9.78592834144365e-06,0.0,0.0,-0.0,4784.74560546875,0.0,1510.5274658203125,1895.4371337890625,0.0,2915.12548828125,0.9008609652519226,1.0,0.0,3.0,1.0,0.0
12065040,297.1087646484375,297.1499938964844,293.1499938964844,0.0,-0.0,285.16656494140625,0.7757532596588135,0.3629473149776459,0.3307012915611267,297.1075134277344,297.1499938964844,293.1499938964844,0.0,-0.0,285.1668395996094,0.886203408241272,0.5478605031967163,0.52180016040802,297.435302734375,297.1499938964844,293.1499938964844,0.0,-0.0,285.1668395996094,0.88630610704422,0.5491284728050232,0.3855303525924682,297.1796569824219,297.1499938964844,293.1499938964844,0.0,-0.0,285.1664428710937,0.7445987462997437,0.3196060359477997,0.3073626756668091,297.15411376953125,297.1499938964844,293.1499938964844,0.0,-0.0,285.1659240722656,0.6522157192230225,0.2134768366813659,0.9841746091842652,285.1667175292969,284.95001220703125,295.89044189453125,288.07049560546875,295.89166259765625,297.2586669921875,285.1681213378906,1.0,0.6086648106575012,1.0,1.0,0.0,1.0,-3.037293195724488,3.037285804748535,7.413449111481896e-06,2.3444302082061768,0.8975679278373718,0.8975679278373718,0.0,209.89259338378903,218.0,32955.671875,0.0,2688.907470703125,1.0,281.8415832519531,284.00787353515625,291.0038452148437,293.0791015625,293.1499938964844,293.1499938964844,282.1499938964844,35835.52734375,36000.0,313.1499938964844,0.0,18000.0,1.0,0.0,0.0,0.0,1.0,0.8478487133979797,1.0,0.0,0.0,3.6306540966033936,3.630677938461304,8.795550456852652e-07,4.265924453735352,4.265914440155029,9.78592834144365e-06,0.0,0.0,-0.0,4784.74560546875,0.0,1510.5274658203125,1895.4371337890625,0.0,2915.12548828125,0.9008609652519226,1.0,0.0,3.0,1.0,0.0
12065100,297.11865234375,297.1499938964844,293.1499938964844,0.0,-0.0,285.33074951171875,0.7757418751716614,0.3636537194252014,0.3312678635120392,297.1180114746094,297.1499938964844,293.1499938964844,0.0,-0.0,285.33270263671875,0.8860384821891785,0.5486205220222473,0.5224324464797974,297.446044921875,297.1499938964844,293.1499938964844,0.0,-0.0,285.3327331542969,0.8872789740562439,0.5519892573356628,0.3874473571777344,297.1871032714844,297.1499938964844,293.1499938964844,0.0,-0.0,285.3299255371094,0.7448066473007202,0.3205213844776153,0.3081750273704529,297.1606750488281,297.1499938964844,293.1499938964844,0.0,-0.0,285.326416015625,0.652450442314148,0.2141440063714981,0.986964762210846,285.3318786621094,284.95001220703125,295.857421875,288.07427978515625,295.858642578125,297.268310546875,285.3414306640625,1.0,0.6101489663124084,1.0,1.0,0.0,1.0,-3.04536771774292,3.045360326766968,7.452921636286192e-06,2.3506643772125244,0.9017140865325928,0.9017140865325928,0.0,210.74191284179688,218.0,32309.5390625,0.0,2709.0625,1.0,282.0982666015625,284.2007751464844,290.9896545410156,292.9747314453125,293.1499938964844,293.1499938964844,282.1499938964844,35671.19140625,36000.0,313.1499938964844,0.0,18000.0,1.0,0.0,0.0,0.0,1.0,0.8385378122329712,1.0,0.0,0.0,3.6372995376586914,3.6373233795166016,8.827778970044164e-07,4.265924453735352,4.265914440155029,9.78592834144365e-06,0.0,0.0,-0.0,4940.0009765625,0.0,1516.6329345703125,1895.4371337890625,0.0,2828.056884765625,0.9022732973098756,1.0,0.0,3.0,1.0,0.0
12065160,297.1290283203125,297.1499938964844,293.1499938964844,0.0,-0.0,285.3860168457031,0.7759762406349182,0.3644776344299316,0.3320220410823822,297.1293029785156,297.1499938964844,293.1499938964844,0.0,-0.0,285.3862609863281,0.8861141204833984,0.5495265126228333,0.5232862830162048,297.4573974609375,297.1499938964844,293.1499938964844,0.0,-0.0,285.3862609863281,0.8884910941123962,0.554980993270874,0.3895332515239715,297.1951599121094,297.1499938964844,293.1499938964844,0.0,-0.0,285.3858947753906,0.7452161908149719,0.3215479552745819,0.3091391921043396,297.1678771972656,297.1499938964844,293.1499938964844,0.0,-0.0,285.38543701171875,0.6529030203819275,0.2149198502302169,0.9903804659843444,285.3861694335937,284.95001220703125,295.8240051269531,288.0780029296875,295.82525634765625,297.2788391113281,285.3874206542969,1.0,0.6118091940879822,1.0,1.0,0.0,1.0,-3.055072069168091,3.05506443977356,7.500506399082951e-06,2.358159303665161,0.9052200317382812,0.9052200317382812,0.0,211.5487823486328,221.0,32268.111328125,0.0,2732.292236328125,1.0,282.1417541503906,284.2535400390625,291.02978515625,293.0639343261719,293.1499938964844,293.1499938964844,281.8500061035156,35540.67578125,36000.0,313.1499938964844,0.0,18000.0,1.0,0.0,0.0,0.0,1.0,0.8352459073066711,1.0,0.0,0.0,3.647038221359253,3.647062063217163,8.875113053363748e-07,4.265924453735352,4.265914440155029,9.78592834144365e-06,0.0,0.0,-0.0,5289.00537109375,0.0,1526.44189453125,1895.4371337890625,0.0,2797.33154296875,0.904321312904358,1.0,0.0,3.0,1.0,0.0
12065220,297.1273498535156,297.1499938964844,293.1499938964844,0.0,-0.0,285.16766357421875,0.7739576101303101,0.3640703558921814,0.3323569893836975,297.1283569335937,297.1499938964844,293.1499938964844,0.0,-0.0,285.167236328125,0.883756697177887,0.549202561378479,0.5237597823143005,297.45513916015625,297.1499938964844,293.1499938964844,0.0,-0.0,285.167236328125,0.8882900476455688,0.5586749315261841,0.3926768004894256,297.1967468261719,297.1499938964844,293.1499938964844,0.0,-0.0,285.1678466796875,0.7441099286079407,0.3223033249378204,0.3103754222393036,297.1718444824219,297.1499938964844,293.1499938964844,0.0,-0.0,285.16864013671875,0.6520676016807556,0.2155645340681076,0.9952163696289062,285.1674194335937,284.95001220703125,295.7564392089844,288.0852355957031,295.7576599121094,297.2785949707031,285.1652526855469,1.0,0.6150059103965759,1.0,1.0,0.0,1.0,-3.0671403408050537,3.0671327114105225,7.560466201539384e-06,2.367720127105713,0.9063679575920104,0.9063679575920104,0.0,214.6810913085937,224.0,32919.92578125,0.0,2772.480224609375,1.0,281.8577575683594,284.0111389160156,291.151611328125,293.3055419921875,293.1499938964844,293.1499938964844,281.54998779296875,35662.5234375,36000.0,313.1499938964844,0.0,18000.0,1.0,0.0,0.0,0.0,1.0,0.8538920879364014,1.0,0.0,0.0,3.6605632305145264,3.660587072372437,8.94106165105768e-07,4.265924453735352,4.265914440155029,9.78592834144365e-06,0.0,0.0,-0.0,5408.6708984375,0.0,1542.419921875,1895.4371337890625,0.0,2971.737548828125,0.9073967337608336,1.0,0.0,3.0,1.0,0.0
12065280,297.1273498535156,297.1499938964844,293.1499938964844,0.0,-0.0,285.16766357421875,0.7739576101303101,0.3640703558921814,0.3323569893836975,297.1283569335937,297.1499938964844,293.1499938964844,0.0,-0.0,285.167236328125,0.883756697177887,0.549202561378479,0.5237597823143005,297.45513916015625,297.1499938964844,293.1499938964844,0.0,-0.0,285.167236328125,0.8882900476455688,0.5586749315261841,0.3926768004894256,297.1967468261719,297.1499938964844,293.1499938964844,0.0,-0.0,285.1678466796875,0.7441099286079407,0.3223033249378204,0.3103754222393036,297.1718444824219,297.1499938964844,293.1499938964844,0.0,-0.0,285.16864013671875,0.6520676016807556,0.2155645340681076,0.9952163696289062,285.1674194335937,284.95001220703125,295.7564392089844,288.0852355957031,295.7576599121094,297.2785949707031,285.1652526855469,1.0,0.6150059103965759,1.0,1.0,0.0,1.0,-3.0671403408050537,3.0671327114105225,7.560466201539384e-06,2.367720127105713,0.9063679575920104,0.9063679575920104,0.0,214.6810913085937,224.0,32919.92578125,0.0,2772.480224609375,1.0,281.8577575683594,284.0111389160156,291.151611328125,293.3055419921875,293.1499938964844,293.1499938964844,281.54998779296875,35662.5234375,36000.0,313.1499938964844,0.0,18000.0,1.0,0.0,0.0,0.0,1.0,0.8538920879364014,1.0,0.0,0.0,3.6605632305145264,3.660587072372437,8.94106165105768e-07,4.265924453735352,4.265914440155029,9.78592834144365e-06,0.0,0.0,-0.0,5408.6708984375,0.0,1542.419921875,1895.4371337890625,0.0,2971.737548828125,0.9073967337608336,1.0,0.0,3.0,1.0,0.0
12065340,297.1095275878906,297.1499938964844,293.1499938964844,0.0,-0.0,284.9309997558594,0.768886387348175,0.3619865775108337,0.3309545516967773,297.1078491210937,297.1499938964844,293.1499938964844,0.0,-0.0,284.9306335449219,0.8782364130020142,0.5468632578849792,0.5221331715583801,297.4354248046875,297.1499938964844,293.1499938964844,0.0,-0.0,284.9306030273437,0.8849425315856934,0.5605542659759521,0.3943510353565216,297.1846923828125,297.1499938964844,293.1499938964844,0.0,-0.0,284.93115234375,0.7404575347900391,0.321684330701828,0.3102516531944275,297.1641845703125,297.1499938964844,293.1499938964844,0.0,-0.0,284.9317932128906,0.6487288475036621,0.2150764912366867,0.9950467944145204,284.9307861328125,284.95001220703125,295.6881103515625,288.0920104980469,295.6893615722656,297.2628173828125,284.9289245605469,1.0,0.6173173785209656,1.0,1.0,0.0,1.0,-3.065170764923096,3.0651631355285645,7.55107612349093e-06,2.366332530975342,0.9041296243667604,0.9041296243667604,0.0,219.3414306640625,227.0,33538.2734375,0.0,2792.93212890625,1.0,281.55816650390625,283.7488098144531,291.1639709472656,293.3813781738281,293.1499938964844,293.1499938964844,281.25,35901.50390625,36000.0,313.1499938964844,0.0,18000.0,1.0,0.0,0.0,0.0,1.0,0.8723697662353516,1.0,0.0,0.0,3.6649580001831055,3.6649820804595934,8.962543915913557e-07,4.265924453735352,4.265914440155029,9.78592834144365e-06,0.0,0.0,-0.0,5476.77001953125,0.0,1549.1339111328125,1895.4371337890625,0.0,3145.0390625,0.9085366129875184,1.0,0.0,3.0,1.0,0.0
12065400,297.1095275878906,297.1499938964844,293.1499938964844,0.0,-0.0,284.9309997558594,0.768886387348175,0.3619865775108337,0.3309545516967773,297.1078491210937,297.1499938964844,293.1499938964844,0.0,-0.0,284.9306335449219,0.8782364130020142,0.5468632578849792,0.5221331715583801,297.4354248046875,297.1499938964844,293.1499938964844,0.0,-0.0,284.9306030273437,0.8849425315856934,0.5605542659759521,0.3943510353565216,297.1846923828125,297.1499938964844,293.1499938964844,0.0,-0.0,284.93115234375,0.7404575347900391,0.321684330701828,0.3102516531944275,297.1641845703125,297.1499938964844,293.1499938964844,0.0,-0.0,284.9317932128906,0.6487288475036621,0.2150764912366867,0.9950467944145204,284.9307861328125,284.95001220703125,295.6881103515625,288.0920104980469,295.6893615722656,297.2628173828125,284.9289245605469,1.0,0.6173173785209656,1.0,1.0,0.0,1.0,-3.065170764923096,3.0651631355285645,7.55107612349093e-06,2.366332530975342,0.9041296243667604,0.9041296243667604,0.0,219.3414306640625,227.0,33538.2734375,0.0,2792.93212890625,1.0,281.55816650390625,283.7488098144531,291.1639709472656,293.3813781738281,293.1499938964844,293.1499938964844,281.25,35901.50390625,36000.0,313.1499938964844,0.0,18000.0,1.0,0.0,0.0,0.0,1.0,0.8723697662353516,1.0,0.0,0.0,3.6649580001831055,3.6649820804595934,8.962543915913557e-07,4.265924453735352,4.265914440155029,9.78592834144365e-06,0.0,0.0,-0.0,5476.77001953125,0.0,1549.1339111328125,1895.4371337890625,0.0,3145.0390625,0.9085366129875184,1.0,0.0,3.0,1.0,0.0
12065460,297.0888671875,297.1499938964844,293.1499938964844,0.0,-0.0,284.7236328125,0.7632436156272888,0.3593838512897491,0.3289024233818054,297.0823974609375,297.1499938964844,293.1499938964844,0.0,-0.0,284.7232360839844,0.8720723986625671,0.5437535643577576,0.5195527076721191,297.4124450683594,297.1499938964844,293.1499938964844,0.0,-0.0,284.7232360839844,0.881013035774231,0.5618422627449036,0.3954674899578094,297.1680603027344,297.1499938964844,293.1499938964844,0.0,-0.0,284.7237548828125,0.7361825704574585,0.3204415440559387,0.3093980848789215,297.15155029296875,297.1499938964844,293.1499938964844,0.0,-0.0,284.72442626953125,0.6446403861045837,0.2139783948659896,0.9916433095932008,284.723388671875,284.95001220703125,295.6194152832031,288.0980834960937,295.6206970214844,297.2431945800781,284.7215270996094,1.0,0.6187629699707031,1.0,1.0,0.0,1.0,-3.055830955505371,3.05582332611084,7.505186658818275e-06,2.3591463565826416,0.8994031548500061,0.8994031548500061,0.0,224.03240966796875,230.0,34286.33203125,0.0,2798.833984375,1.0,281.2581481933594,283.5007629394531,291.1504211425781,293.4162902832031,293.1499938964844,293.1499938964844,281.54998779296875,36166.0625,36000.0,313.1499938964844,0.0,18000.0,1.0,0.0,0.0,0.0,1.0,0.8857781887054443,1.0,0.0,0.0,3.6595559120178223,3.659579992294312,8.936141284721089e-07,4.265924453735352,4.265914440155029,9.78592834144365e-06,0.0,0.0,-0.0,4952.08349609375,0.0,1545.0716552734375,1895.4371337890625,0.0,3270.704345703125,0.9075055122375488,1.0,0.0,3.0,1.0,0.0
12065520,297.0888671875,297.1499938964844,293.1499938964844,0.0,-0.0,284.7236328125,0.7632436156272888,0.3593838512897491,0.3289024233818054,297.0823974609375,297.1499938964844,293.1499938964844,0.0,-0.0,284.7232360839844,0.8720723986625671,0.5437535643577576,0.5195527076721191,297.4124450683594,297.1499938964844,293.1499938964844,0.0,-0.0,284.7232360839844,0.881013035774231,0.5618422627449036,0.3954674899578094,297.1680603027344,297.1499938964844,293.1499938964844,0.0,-0.0,284.7237548828125,0.7361825704574585,0.3204415440559387,0.3093980848789215,297.15155029296875,297.1499938964844,293.1499938964844,0.0,-0.0,284.72442626953125,0.6446403861045837,0.2139783948659896,0.9916433095932008,284.723388671875,284.95001220703125,295.6194152832031,288.0980834960937,295.6206970214844,297.2431945800781,284.7215270996094,1.0,0.6187629699707031,1.0,1.0,0.0,1.0,-3.055830955505371,3.05582332611084,7.505186658818275e-06,2.3591463565826416,0.8994031548500061,0.8994031548500061,0.0,224.03240966796875,230.0,34286.33203125,0.0,2798.833984375,1.0,281.2581481933594,283.5007629394531,291.1504211425781,293.4162902832031,293.1499938964844,293.1499938964844,281.54998779296875,36166.0625,36000.0,313.1499938964844,0.0,18000.0,1.0,0.0,0.0,0.0,1.0,0.8857781887054443,1.0,0.0,0.0,3.6595559120178223,3.659579992294312,8.936141284721089e-07,4.265924453735352,4.265914440155029,9.78592834144365e-06,0.0,0.0,-0.0,4952.08349609375,0.0,1545.0716552734375,1895.4371337890625,0.0,3270.704345703125,0.9075055122375488,1.0,0.0,3.0,1.0,0.0
12065580,297.0867614746094,297.1499938964844,293.1499938964844,0.0,-0.0,284.8906555175781,0.7595599293708801,0.3583705127239227,0.3276355564594269,297.0761108398437,297.1499938964844,293.1499938964844,0.0,-0.0,284.8908996582031,0.8678892254829407,0.5422319769859314,0.5177242755889893,297.4102783203125,297.1499938964844,293.1499938964844,0.0,-0.0,284.8908996582031,0.8791431784629822,0.5649210214614868,0.3972730934619903,297.1626281738281,297.1499938964844,293.1499938964844,0.0,-0.0,284.8905944824219,0.7333505153656006,0.3201015293598175,0.3088810741901397,297.1463317871094,297.1499938964844,293.1499938964844,0.0,-0.0,284.8901672363281,0.6418004631996155,0.2134569138288498,0.9888242483139038,284.89080810546875,284.95001220703125,295.5508117675781,288.10333251953125,295.55206298828125,297.24041748046875,284.891845703125,1.0,0.6199595332145691,1.0,1.0,0.0,1.0,-3.05025601387024,3.050248622894287,7.477371582353953e-06,2.3546502590179443,0.8999815583229065,0.8999815583229065,0.0,227.33917236328125,233.0,33236.0234375,0.0,2804.980712890625,1.0,281.542236328125,283.7122802734375,291.03778076171875,293.1680603027344,293.1499938964844,293.1499938964844,281.25,36080.76953125,36000.0,313.1499938964844,0.0,18000.0,1.0,0.0,0.0,0.0,1.0,0.8677756786346436,1.0,0.0,0.0,3.6557810306549072,3.655805110931397,8.917716058931546e-07,4.265924453735352,4.265914440155029,9.78592834144365e-06,0.0,0.0,-0.0,5401.33447265625,0.0,1540.2149658203125,1895.4371337890625,0.0,3101.94482421875,0.906633734703064,1.0,0.0,3.0,1.0,0.0
12065640,297.0867614746094,297.1499938964844,293.1499938964844,0.0,-0.0,284.8906555175781,0.7595599293708801,0.3583705127239227,0.3276355564594269,297.0761108398437,297.1499938964844,293.1499938964844,0.0,-0.0,284.8908996582031,0.8678892254829407,0.5422319769859314,0.5177242755889893,297.4102783203125,297.1499938964844,293.1499938964844,0.0,-0.0,284.8908996582031,0.8791431784629822,0.5649210214614868,0.3972730934619903,297.1626281738281,297.1499938964844,293.1499938964844,0.0,-0.0,284.8905944824219,0.7333505153656006,0.3201015293598175,0.3088810741901397,297.1463317871094,297.1499938964844,293.1499938964844,0.0,-0.0,284.8901672363281,0.6418004631996155,0.2134569138288498,0.9888242483139038,284.89080810546875,284.95001220703125,295.5508117675781,288.10333251953125,295.55206298828125,297.24041748046875,284.891845703125,1.0,0.6199595332145691,1.0,1.0,0.0,1.0,-3.05025601387024,3.050248622894287,7.477371582353953e-06,2.3546502590179443,0.8999815583229065,0.8999815583229065,0.0,227.33917236328125,233.0,33236.0234375,0.0,2804.980712890625,1.0,281.542236328125,283.7122802734375,291.03778076171875,293.1680603027344,293.1499938964844,293.1499938964844,281.25,36080.76953125,36000.0,313.1499938964844,0.0,18000.0,1.0,0.0,0.0,0.0,1.0,0.8677756786346436,1.0,0.0,0.0,3.6557810306549072,3.655805110931397,8.917716058931546e-07,4.265924453735352,4.265914440155029,9.78592834144365e-06,0.0,0.0,-0.0,5401.33447265625,0.0,1540.2149658203125,1895.4371337890625,0.0,3101.94482421875,0.906633734703064,1.0,0.0,3.0,1.0,0.0
12065700,297.0851135253906,297.1499938964844,293.1499938964844,0.0,-0.0,284.75927734375,0.7584302425384521,0.3578136563301086,0.3273820579051971,297.0731811523437,297.1499938964844,293.1499938964844,0.0,-0.0,284.757568359375,0.866539716720581,0.5414820909500122,0.5172608494758606,297.4079895019531,297.1499938964844,293.1499938964844,0.0,-0.0,284.7574157714844,0.8789300322532654,0.5663492679595947,0.3984861373901367,297.1605834960937,297.1499938964844,293.1499938964844,0.0,-0.0,284.7598876953125,0.732530415058136,0.3199835419654846,0.3089224994182586,297.1447448730469,297.1499938964844,293.1499938964844,0.0,-0.0,284.7629089355469,0.6409635543823242,0.2132774740457534,0.9885303378105164,284.7582397460937,284.95001220703125,295.51666259765625,288.1055908203125,295.5179138183594,297.23895263671875,284.75006103515625,1.0,0.6207010746002197,1.0,1.0,0.0,1.0,-3.0505518913269043,3.050544500350952,7.478894076484721e-06,2.3549087047576904,0.8974382877349854,0.8974382877349854,0.0,228.60498046875,233.0,33985.8671875,0.0,2812.154052734375,1.0,281.298583984375,283.54058837890625,291.1162109375,293.36846923828125,293.1499938964844,293.1499938964844,281.25,36174.12109375,36000.0,313.1499938964844,0.0,18000.0,1.0,0.0,0.0,0.0,1.0,0.8726396560668945,1.0,0.0,0.0,3.652557134628296,3.652581214904785,8.901994306143024e-07,4.265924453735352,4.265914440155029,9.78592834144365e-06,0.0,0.0,-0.0,5263.48193359375,0.0,1537.3189697265625,1895.4371337890625,0.0,3147.570556640625,0.905923306941986,1.0,0.0,3.0,1.0,0.0
12065760,297.07965087890625,297.1499938964844,293.1499938964844,0.0,-0.0,284.7078552246094,0.7566357254981995,0.3568645119667053,0.3267230987548828,297.0664367675781,297.1499938964844,293.1499938964844,0.0,-0.0,284.7075500488281,0.8645445704460144,0.5403331518173218,0.5163880586624146,297.4013061523437,297.1499938964844,293.1499938964844,0.0,-0.0,284.70751953125,0.8779934048652649,0.567326545715332,0.3993208110332489,297.1560974121094,297.1499938964844,293.1499938964844,0.0,-0.0,284.7079772949219,0.7312104105949402,0.3196116387844085,0.3087308406829834,297.14141845703125,297.1499938964844,293.1499938964844,0.0,-0.0,284.7085266113281,0.6396897435188293,0.2129188925027847,0.98756206035614,284.7076721191406,284.95001220703125,295.4826965332031,288.1075744628906,295.48394775390625,297.2329406738281,284.7060852050781,1.0,0.6213499307632446,1.0,1.0,0.0,1.0,-3.04832410812378,3.048316717147827,7.4680865509435534e-06,2.353236436843872,0.8952732086181641,0.8952732086181641,0.0,230.27442932128903,236.0,34001.3515625,0.0,2816.39794921875,1.0,281.2576599121094,283.4890441894531,291.1274108886719,293.3492126464844,293.1499938964844,293.1499938964844,281.54998779296875,36269.5390625,36000.0,313.1499938964844,0.0,18000.0,1.0,0.0,0.0,0.0,1.0,0.8755209445953369,1.0,0.0,0.0,3.6466641426086426,3.646688222885132,8.873293495526013e-07,4.265924453735352,4.265914440155029,9.78592834144365e-06,0.0,0.0,-0.0,4929.51513671875,0.0,1531.475341796875,1895.4371337890625,0.0,3174.591796875,0.904701828956604,1.0,0.0,3.0,1.0,0.0
12065820,297.08221435546875,297.1499938964844,293.1499938964844,0.0,-0.0,284.8788146972656,0.7539486885070801,0.3562165200710296,0.3258731067180633,297.06658935546875,297.1499938964844,293.1499938964844,0.0,-0.0,284.8790588378906,0.8614454865455627,0.5392690300941467,0.5151028633117676,297.4039001464844,297.1499938964844,293.1499938964844,0.0,-0.0,284.87908935546875,0.8770824074745178,0.5707533955574036,0.4014358520507812,297.1556091308594,297.1499938964844,293.1499938964844,0.0,-0.0,284.87872314453125,0.729236900806427,0.3196241855621338,0.3085982501506805,297.1408386230469,297.1499938964844,293.1499938964844,0.0,-0.0,284.8782958984375,0.6377494931221008,0.212739422917366,0.9863850474357604,284.87896728515625,284.95001220703125,295.4154357910156,288.1106262207031,295.4166564941406,297.2352905273437,284.880126953125,1.0,0.6227232217788696,1.0,1.0,0.0,1.0,-3.046715021133423,3.0467076301574707,7.459879270754754e-06,2.351857185363769,0.8957224488258362,0.8957224488258362,0.0,233.0423583984375,239.0,32980.96875,0.0,2827.589599609375,1.0,281.5421142578125,283.70440673828125,291.05194091796875,293.1597900390625,293.1499938964844,293.1499938964844,281.8500061035156,36145.66015625,36000.0,313.1499938964844,0.0,18000.0,1.0,0.0,0.0,0.0,1.0,0.8597618341445923,1.0,0.0,0.0,3.6404199600219727,3.640444040298462,8.84293172020989e-07,4.265924453735352,4.265914440155029,9.78592834144365e-06,0.0,0.0,-0.0,4815.26513671875,0.0,1523.6234130859375,1895.4371337890625,0.0,3026.771240234375,0.9032482504844666,1.0,0.0,3.0,1.0,0.0
12065880,297.08221435546875,297.1499938964844,293.1499938964844,0.0,-0.0,284.8788146972656,0.7539486885070801,0.3562165200710296,0.3258731067180633,297.06658935546875,297.1499938964844,293.1499938964844,0.0,-0.0,284.8790588378906,0.8614454865455627,0.5392690300941467,0.5151028633117676,297.4039001464844,297.1499938964844,293.1499938964844,0.0,-0.0,284.87908935546875,0.8770824074745178,0.5707533955574036,0.4014358520507812,297.1556091308594,297.1499938964844,293.1499938964844,0.0,-0.0,284.87872314453125,0.729236900806427,0.3196241855621338,0.3085982501506805,297.1408386230469,297.1499938964844,293.1499938964844,0.0,-0.0,284.8782958984375,0.6377494931221008,0.212739422917366,0.9863850474357604,284.87896728515625,284.95001220703125,295.4154357910156,288.1106262207031,295.4166564941406,297.2352905273437,284.880126953125,1.0,0.6227232217788696,1.0,1.0,0.0,1.0,-3.046715021133423,3.0467076301574707,7.459879270754754e-06,2.351857185363769,0.8957224488258362,0.8957224488258362,0.0,233.0423583984375,239.0,32980.96875,0.0,2827.589599609375,1.0,281.5421142578125,283.70440673828125,291.05194091796875,293.1597900390625,293.1499938964844,293.1499938964844,281.8500061035156,36145.66015625,36000.0,313.1499938964844,0.0,18000.0,1.0,0.0,0.0,0.0,1.0,0.8597618341445923,1.0,0.0,0.0,3.6404199600219727,3.640444040298462,8.84293172020989e-07,4.265924453735352,4.265914440155029,9.78592834144365e-06,0.0,0.0,-0.0,4815.26513671875,0.0,1523.6234130859375,1895.4371337890625,0.0,3026.771240234375,0.9032482504844666,1.0,0.0,3.0,1.0,0.0
12065940,297.0954284667969,297.1499938964844,293.1499938964844,0.0,-0.0,285.0702209472656,0.7530482411384583,0.3566889762878418,0.3261587917804718,297.07879638671875,297.1499938964844,293.1499938964844,0.0,-0.0,285.07049560546875,0.8601386547088623,0.5394419431686401,0.5150878429412842,297.41845703125,297.1499938964844,293.1499938964844,0.0,-0.0,285.0705261230469,0.8780226707458496,0.5754335522651672,0.404550701379776,297.1638488769531,297.1499938964844,293.1499938964844,0.0,-0.0,285.07012939453125,0.7287395596504211,0.3205238580703735,0.3093267679214477,297.1476135253906,297.1499938964844,293.1499938964844,0.0,-0.0,285.06964111328125,0.6372475624084473,0.2133044898509979,0.9884496927261353,285.07037353515625,284.95001220703125,295.3494567871094,288.1123352050781,295.3506774902344,297.2491760253906,285.0716857910156,1.0,0.6246891617774963,1.0,1.0,0.0,1.0,-3.0541350841522217,3.0541274547576904,7.496082162106177e-06,2.357510089874268,0.8989183902740479,0.8989183902740479,0.0,234.9154815673828,242.0,32010.140625,0.0,2852.186767578125,1.0,281.8416748046875,283.93902587890625,291.0360717773437,293.0670471191406,293.1499938964844,293.1499938964844,282.1499938964844,35932.80078125,36000.0,313.1499938964844,0.0,18000.0,1.0,0.0,0.0,0.0,1.0,0.8407551050186157,1.0,0.0,0.0,3.64225959777832,3.6422836780548096,8.851871484694129e-07,4.265924453735352,4.265914440155029,9.78592834144365e-06,0.0,0.0,-0.0,4738.4345703125,0.0,1524.0723876953125,1895.4371337890625,0.0,2848.770751953125,0.9035186171531676,1.0,0.0,3.0,1.0,0.0
12066000,297.0954284667969,297.1499938964844,293.1499938964844,0.0,-0.0,285.0702209472656,0.7530482411384583,0.3566889762878418,0.3261587917804718,297.07879638671875,297.1499938964844,293.1499938964844,0.0,-0.0,285.07049560546875,0.8601386547088623,0.5394419431686401,0.5150878429412842,297.41845703125,297.1499938964844,293.1499938964844,0.0,-0.0,285.0705261230469,0.8780226707458496,0.5754335522651672,0.404550701379776,297.1638488769531,297.1499938964844,293.1499938964844,0.0,-0.0,285.07012939453125,0.7287395596504211,0.3205238580703735,0.3093267679214477,297.1476135253906,297.1499938964844,293.1499938964844,0.0,-0.0,285.06964111328125,0.6372475624084473,0.2133044898509979,0.9884496927261353,285.07037353515625,284.95001220703125,295.3494567871094,288.1123352050781,295.3506774902344,297.2491760253906,285.0716857910156,1.0,0.6246891617774963,1.0,1.0,0.0,1.0,-3.0541350841522217,3.0541274547576904,7.496082162106177e-06,2.357510089874268,0.8989183902740479,0.8989183902740479,0.0,234.9154815673828,242.0,32010.140625,0.0,2852.186767578125,1.0,281.8416748046875,283.93902587890625,291.0360717773437,293.0670471191406,293.1499938964844,293.1499938964844,282.1499938964844,35932.80078125,36000.0,313.1499938964844,0.0,18000.0,1.0,0.0,0.0,0.0,1.0,0.8407551050186157,1.0,0.0,0.0,3.64225959777832,3.6422836780548096,8.851871484694129e-07,4.265924453735352,4.265914440155029,9.78592834144365e-06,0.0,0.0,-0.0,4738.4345703125,0.0,1524.0723876953125,1895.4371337890625,0.0,2848.770751953125,0.9035186171531676,1.0,0.0,3.0,1.0,0.0
12066060,297.1120300292969,297.1499938964844,293.1499938964844,0.0,-0.0,285.26483154296875,0.752784252166748,0.3576748073101043,0.3269868791103363,297.0960693359375,297.1499938964844,293.1499938964844,0.0,-0.0,285.2650146484375,0.8594962358474731,0.5402845740318298,0.5157851576805115,297.43682861328125,297.1499938964844,293.1499938964844,0.0,-0.0,285.2650451660156,0.8795756697654724,0.5806924104690552,0.4081354439258575,297.1760559082031,297.1499938964844,293.1499938964844,0.0,-0.0,285.2647705078125,0.7288455963134766,0.321932703256607,0.3105956614017486,297.1583251953125,297.1499938964844,293.1499938964844,0.0,-0.0,285.2643127441406,0.6374229192733765,0.2143560945987701,0.9928967952728271,285.26495361328125,284.95001220703125,295.2851867675781,288.11260986328125,295.2863464355469,297.2655944824219,285.2654724121094,1.0,0.6272659301757812,1.0,1.0,0.0,1.0,-3.067145347595215,3.0671379566192627,7.560045560239814e-06,2.367537021636963,0.9047266244888306,0.9047266244888306,0.0,236.702392578125,245.0,31119.638671875,-0.0,2887.728271484375,1.0,282.1417236328125,284.17413330078125,291.0443420410156,293.0151672363281,293.1499938964844,293.1499938964844,281.8500061035156,35685.85546875,36000.0,313.1499938964844,0.0,18000.0,1.0,0.0,0.0,0.0,1.0,0.8238492608070374,1.0,0.0,0.0,3.653269052505493,3.6532931327819824,8.905465165298665e-07,4.265924453735352,4.265914440155029,9.78592834144365e-06,0.0,0.0,-0.0,5218.4658203125,0.0,1534.4559326171875,1895.4371337890625,0.0,2691.2666015625,0.9058141112327576,1.0,0.0,3.0,1.0,0.0
12066120,297.1120300292969,297.1499938964844,293.1499938964844,0.0,-0.0,285.26483154296875,0.752784252166748,0.3576748073101043,0.3269868791103363,297.0960693359375,297.1499938964844,293.1499938964844,0.0,-0.0,285.2650146484375,0.8594962358474731,0.5402845740318298,0.5157851576805115,297.43682861328125,297.1499938964844,293.1499938964844,0.0,-0.0,285.2650451660156,0.8795756697654724,0.5806924104690552,0.4081354439258575,297.1760559082031,297.1499938964844,293.1499938964844,0.0,-0.0,285.2647705078125,0.7288455963134766,0.321932703256607,0.3105956614017486,297.1583251953125,297.1499938964844,293.1499938964844,0.0,-0.0,285.2643127441406,0.6374229192733765,0.2143560945987701,0.9928967952728271,285.26495361328125,284.95001220703125,295.2851867675781,288.11260986328125,295.2863464355469,297.2655944824219,285.2654724121094,1.0,0.6272659301757812,1.0,1.0,0.0,1.0,-3.067145347595215,3.0671379566192627,7.560045560239814e-06,2.367537021636963,0.9047266244888306,0.9047266244888306,0.0,236.702392578125,245.0,31119.638671875,-0.0,2887.728271484375,1.0,282.1417236328125,284.17413330078125,291.0443420410156,293.0151672363281,293.1499938964844,293.1499938964844,281.8500061035156,35685.85546875,36000.0,313.1499938964844,0.0,18000.0,1.0,0.0,0.0,0.0,1.0,0.8238492608070374,1.0,0.0,0.0,3.653269052505493,3.6532931327819824,8.905465165298665e-07,4.265924453735352,4.265914440155029,9.78592834144365e-06,0.0,0.0,-0.0,5218.4658203125,0.0,1534.4559326171875,1895.4371337890625,0.0,2691.2666015625,0.9058141112327576,1.0,0.0,3.0,1.0,0.0
12066180,297.1107482910156,297.1499938964844,293.1499938964844,0.0,-0.0,285.0809020996094,0.7510353922843933,0.3570893108844757,0.3270590603351593,297.0953369140625,297.1499938964844,293.1499938964844,0.0,-0.0,285.08056640625,0.857380747795105,0.5395520925521851,0.5157535076141357,297.4341125488281,297.1499938964844,293.1499938964844,0.0,-0.0,285.0805053710937,0.8794431090354919,0.5840793251991272,0.4110027253627777,297.1771545410156,297.1499938964844,293.1499938964844,0.0,-0.0,285.0810241699219,0.7278137803077698,0.3223919570446014,0.3114818334579468,297.1614685058594,297.1499938964844,293.1499938964844,0.0,-0.0,285.08160400390625,0.6366579532623291,0.2147928178310394,0.9965327382087708,285.0806884765625,284.95001220703125,295.2230224609375,288.1112976074219,295.2241516113281,297.2651672363281,285.0790710449219,1.0,0.6299511790275574,1.0,1.0,0.0,1.0,-3.076092004776001,3.076084613800049,7.604698112118058e-06,2.374645233154297,0.9049751162528992,0.9049751162528992,0.0,239.6951599121093,248.0,31977.083984375,-0.0,2921.560791015625,1.0,281.8577880859375,283.9481811523437,291.1695861816406,293.26300048828125,293.1499938964844,293.1499938964844,281.54998779296875,35791.921875,36000.0,313.1499938964844,0.0,18000.0,1.0,0.0,0.0,0.0,1.0,0.8405778408050537,1.0,0.0,0.0,3.661816120147705,3.6618402004241934,8.947183687268989e-07,4.265924453735352,4.265914440155029,9.78592834144365e-06,0.0,0.0,-0.0,5350.04638671875,0.0,1544.7923583984375,1895.4371337890625,0.0,2847.11474609375,0.907768964767456,1.0,0.0,3.0,1.0,0.0
12066240,297.1107482910156,297.1499938964844,293.1499938964844,0.0,-0.0,285.0809020996094,0.7510353922843933,0.3570893108844757,0.3270590603351593,297.0953369140625,297.1499938964844,293.1499938964844,0.0,-0.0,285.08056640625,0.857380747795105,0.5395520925521851,0.5157535076141357,297.4341125488281,297.1499938964844,293.1499938964844,0.0,-0.0,285.0805053710937,0.8794431090354919,0.5840793251991272,0.4110027253627777,297.1771545410156,297.1499938964844,293.1499938964844,0.0,-0.0,285.0810241699219,0.7278137803077698,0.3223919570446014,0.3114818334579468,297.1614685058594,297.1499938964844,293.1499938964844,0.0,-0.0,285.08160400390625,0.6366579532623291,0.2147928178310394,0.9965327382087708,285.0806884765625,284.95001220703125,295.2230224609375,288.1112976074219,295.2241516113281,297.2651672363281,285.0790710449219,1.0,0.6299511790275574,1.0,1.0,0.0,1.0,-3.076092004776001,3.076084613800049,7.604698112118058e-06,2.374645233154297,0.9049751162528992,0.9049751162528992,0.0,239.6951599121093,248.0,31977.083984375,-0.0,2921.560791015625,1.0,281.8577880859375,283.9481811523437,291.1695861816406,293.26300048828125,293.1499938964844,293.1499938964844,281.54998779296875,35791.921875,36000.0,313.1499938964844,0.0,18000.0,1.0,0.0,0.0,0.0,1.0,0.8405778408050537,1.0,0.0,0.0,3.661816120147705,3.6618402004241934,8.947183687268989e-07,4.265924453735352,4.265914440155029,9.78592834144365e-06,0.0,0.0,-0.0,5350.04638671875,0.0,1544.7923583984375,1895.4371337890625,0.0,2847.11474609375,0.907768964767456,1.0,0.0,3.0,1.0,0.0
12066300,297.1044921875,297.1499938964844,293.1499938964844,0.0,-0.0,284.93212890625,0.7492930889129639,0.3562288880348205,0.3265447318553924,297.0882873535156,297.1499938964844,293.1499938964844,0.0,-0.0,284.9302978515625,0.8554294109344482,0.5385189652442932,0.5150854587554932,297.4264221191406,297.1499938964844,293.1499938964844,0.0,-0.0,284.9300231933594,0.8784334659576416,0.585125207901001,0.4119468629360199,297.173095703125,297.1499938964844,293.1499938964844,0.0,-0.0,284.9327087402344,0.726553738117218,0.3221665322780609,0.3115009367465973,297.15924072265625,297.1499938964844,293.1499938964844,0.0,-0.0,284.9359130859375,0.6355796456336975,0.2146487981081009,0.9968442320823668,284.93096923828125,284.95001220703125,295.19287109375,288.1100158691406,295.1939392089844,297.25946044921875,284.9222717285156,1.0,0.6310563683509827,1.0,1.0,0.0,1.0,-3.0762088298797607,3.076201200485229,7.60543298383709e-06,2.3748011589050293,0.9033969640731812,0.9033969640731812,0.0,241.72491455078125,248.0,32770.88671875,-0.0,2932.44580078125,1.0,281.6008605957031,283.7582397460937,291.215576171875,293.4223022460937,293.1499938964844,293.1499938964844,281.54998779296875,35902.54296875,36000.0,313.1499938964844,0.0,18000.0,1.0,0.0,0.0,0.0,1.0,0.8536583185195923,1.0,0.0,0.0,3.663424253463745,3.6634483337402335,8.955043995229062e-07,4.265924453735352,4.265914440155029,9.78592834144365e-06,0.0,0.0,-0.0,5192.4384765625,0.0,1547.423095703125,1895.4371337890625,0.0,2969.546630859375,0.9081648588180542,1.0,0.0,3.0,1.0,0.0
12066360,297.0961303710937,297.1499938964844,293.1499938964844,0.0,-0.0,284.8759155273437,0.7471093535423279,0.3551204800605774,0.3257051110267639,297.0784912109375,297.1499938964844,293.1499938964844,0.0,-0.0,284.8755187988281,0.8530187010765076,0.5371654629707336,0.5140091180801392,297.4161682128906,297.1499938964844,293.1499938964844,0.0,-0.0,284.8754577636719,0.8769371509552002,0.5858709812164307,0.4125902354717254,297.1668701171875,297.1499938964844,293.1499938964844,0.0,-0.0,284.8760070800781,0.7248865365982056,0.3217023313045501,0.3112392723560333,297.155029296875,297.1499938964844,293.1499938964844,0.0,-0.0,284.8766784667969,0.6341082453727722,0.2142946720123291,0.9960763454437256,284.87567138671875,284.95001220703125,295.1633605957031,288.1083068847656,295.1644287109375,297.2508239746094,284.87384033203125,1.0,0.631942093372345,1.0,1.0,0.0,1.0,-3.0734455585479736,3.0734379291534424,7.591885605506832e-06,2.372714042663574,0.9023023247718812,0.9023023247718812,0.0,243.98904418945312,251.0,32796.8671875,-0.0,2938.677490234375,1.0,281.5580139160156,283.70166015625,291.1886901855469,293.36016845703125,293.1499938964844,293.1499938964844,281.25,35999.859375,36000.0,313.1499938964844,0.0,18000.0,1.0,0.0,0.0,0.0,1.0,0.8608320951461792,1.0,0.0,0.0,3.6625406742095934,3.662564754486084,8.950724463829829e-07,4.265924453735352,4.265914440155029,9.78592834144365e-06,0.0,0.0,-0.0,5432.29296875,0.0,1547.164306640625,1895.4371337890625,0.0,3036.809326171875,0.908064901828766,1.0,0.0,3.0,1.0,0.0
12066420,297.0775451660156,297.1499938964844,293.1499938964844,0.0,-0.0,284.6744079589844,0.7425583004951477,0.3525567948818207,0.3237012922763824,297.0562744140625,297.1499938964844,293.1499938964844,0.0,-0.0,284.6740417480469,0.8480008244514465,0.534013569355011,0.5113861560821533,297.3922119140625,297.1499938964844,293.1499938964844,0.0,-0.0,284.6739807128906,0.8736945986747742,0.5868180394172668,0.4135114550590515,297.1515808105469,297.1499938964844,293.1499938964844,0.0,-0.0,284.6745300292969,0.7212391495704651,0.3203712105751037,0.3103051483631134,297.1435852050781,297.1499938964844,293.1499938964844,0.0,-0.0,284.6751403808594,0.6308157444000244,0.213203951716423,0.9926781058311462,284.6741638183594,284.95001220703125,295.1065979003906,288.1034851074219,295.1076354980469,297.2290344238281,284.67242431640625,1.0,0.633193850517273,1.0,1.0,0.0,1.0,-3.0637876987457275,3.0637803077697754,7.544326308561722e-06,2.365291118621826,0.8969537615776062,0.8969537615776062,0.0,248.44512939453125,239.0,33638.9921875,-0.0,2942.2919921875,1.0,281.2581787109375,283.4617919921875,291.16796875,293.3963928222656,293.1499938964844,293.1499938964844,281.54998779296875,36256.43359375,36000.0,313.1499938964844,0.0,18000.0,1.0,0.0,0.0,0.0,1.0,0.8768287897109985,1.0,0.0,0.0,3.6537256240844727,3.653749704360962,8.907691153581254e-07,4.265924453735352,4.265914440155029,9.78592834144365e-06,0.0,0.0,-0.0,4917.85888671875,0.0,1539.238037109375,1895.4371337890625,0.0,3186.854736328125,0.9062655568122864,1.0,0.0,3.0,1.0,0.0
12066480,297.0775451660156,297.1499938964844,293.1499938964844,0.0,-0.0,284.6744079589844,0.7425583004951477,0.3525567948818207,0.3237012922763824,297.0562744140625,297.1499938964844,293.1499938964844,0.0,-0.0,284.6740417480469,0.8480008244514465,0.534013569355011,0.5113861560821533,297.3922119140625,297.1499938964844,293.1499938964844,0.0,-0.0,284.6739807128906,0.8736945986747742,0.5868180394172668,0.4135114550590515,297.1515808105469,297.1499938964844,293.1499938964844,0.0,-0.0,284.6745300292969,0.7212391495704651,0.3203712105751037,0.3103051483631134,297.1435852050781,297.1499938964844,293.1499938964844,0.0,-0.0,284.6751403808594,0.6308157444000244,0.213203951716423,0.9926781058311462,284.6741638183594,284.95001220703125,295.1065979003906,288.1034851074219,295.1076354980469,297.2290344238281,284.67242431640625,1.0,0.633193850517273,1.0,1.0,0.0,1.0,-3.0637876987457275,3.0637803077697754,7.544326308561722e-06,2.365291118621826,0.8969537615776062,0.8969537615776062,0.0,248.44512939453125,239.0,33638.9921875,-0.0,2942.2919921875,1.0,281.2581787109375,283.4617919921875,291.16796875,293.3963928222656,293.1499938964844,293.1499938964844,281.54998779296875,36256.43359375,36000.0,313.1499938964844,0.0,18000.0,1.0,0.0,0.0,0.0,1.0,0.8768287897109985,1.0,0.0,0.0,3.6537256240844727,3.653749704360962,8.907691153581254e-07,4.265924453735352,4.265914440155029,9.78592834144365e-06,0.0,0.0,-0.0,4917.85888671875,0.0,1539.238037109375,1895.4371337890625,0.0,3186.854736328125,0.9062655568122864,1.0,0.0,3.0,1.0,0.0
12066540,297.0762634277344,297.1499938964844,293.1499938964844,0.0,-0.0,284.8336486816406,0.7433813214302063,0.3514868319034576,0.3221569657325744,297.0515441894531,297.1499938964844,293.1499938964844,0.0,-0.0,284.8338623046875,0.8490830063819885,0.5323209166526794,0.509174108505249,297.388427734375,297.1499938964844,293.1499938964844,0.0,-0.0,284.8338928222656,0.8771048784255981,0.589477002620697,0.4148388206958771,297.1468811035156,297.1499938964844,293.1499938964844,0.0,-0.0,284.83355712890625,0.7224646210670471,0.3198981285095215,0.3094116747379303,297.1392517089844,297.1499938964844,293.1499938964844,0.0,-0.0,284.83319091796875,0.6316403150558472,0.2126685827970504,0.9885814189910888,284.8337707519531,284.95001220703125,295.0531616210937,288.0967102050781,295.0541381835937,297.2253723144531,284.8347473144531,1.0,0.6299277544021606,1.0,1.0,0.0,1.0,-3.054858922958374,3.054851531982422,7.500067113141995e-06,2.358250379562378,0.8967069387435913,0.8967069387435913,0.0,245.00387573242188,227.0,32457.861328125,-0.0,2906.2001953125,1.0,281.54217529296875,283.6668701171875,291.0368957519531,293.12713623046875,293.1499938964844,293.1499938964844,281.8500061035156,36173.03125,36000.0,313.1499938964844,0.0,18000.0,1.0,0.0,0.0,0.0,1.0,0.8600987792015076,1.0,0.0,0.0,3.6465349197387695,3.646559000015259,8.872664238879224e-07,4.265924453735352,4.265914440155029,9.78592834144365e-06,0.0,0.0,-0.0,4781.41552734375,0.0,1530.6102294921875,1895.4371337890625,0.0,3029.931640625,0.9046299457550048,1.0,0.0,3.0,1.0,0.0
12066600,297.0762634277344,297.1499938964844,293.1499938964844,0.0,-0.0,284.8336486816406,0.7433813214302063,0.3514868319034576,0.3221569657325744,297.0515441894531,297.1499938964844,293.1499938964844,0.0,-0.0,284.8338623046875,0.8490830063819885,0.5323209166526794,0.509174108505249,297.388427734375,297.1499938964844,293.1499938964844,0.0,-0.0,284.8338928222656,0.8771048784255981,0.589477002620697,0.4148388206958771,297.1468811035156,297.1499938964844,293.1499938964844,0.0,-0.0,284.83355712890625,0.7224646210670471,0.3198981285095215,0.3094116747379303,297.1392517089844,297.1499938964844,293.1499938964844,0.0,-0.0,284.83319091796875,0.6316403150558472,0.2126685827970504,0.9885814189910888,284.8337707519531,284.95001220703125,295.0531616210937,288.0967102050781,295.0541381835937,297.2253723144531,284.8347473144531,1.0,0.6299277544021606,1.0,1.0,0.0,1.0,-3.054858922958374,3.054851531982422,7.500067113141995e-06,2.358250379562378,0.8967069387435913,0.8967069387435913,0.0,245.00387573242188,227.0,32457.861328125,-0.0,2906.2001953125,1.0,281.54217529296875,283.6668701171875,291.0368957519531,293.12713623046875,293.1499938964844,293.1499938964844,281.8500061035156,36173.03125,36000.0,313.1499938964844,0.0,18000.0,1.0,0.0,0.0,0.0,1.0,0.8600987792015076,1.0,0.0,0.0,3.6465349197387695,3.646559000015259,8.872664238879224e-07,4.265924453735352,4.265914440155029,9.78592834144365e-06,0.0,0.0,-0.0,4781.41552734375,0.0,1530.6102294921875,1895.4371337890625,0.0,3029.931640625,0.9046299457550048,1.0,0.0,3.0,1.0,0.0
12066660,297.0886535644531,297.1499938964844,293.1499938964844,0.0,-0.0,285.0204467773437,0.748877227306366,0.3517979085445404,0.3218676745891571,297.0622253417969,297.1499938964844,293.1499938964844,0.0,-0.0,285.02069091796875,0.8553121089935303,0.5321455001831055,0.508377194404602,297.400146484375,297.1499938964844,293.1499938964844,0.0,-0.0,285.0207214355469,0.8861210942268372,0.5936722755432129,0.4172806739807129,297.1537475585937,297.1499938964844,293.1499938964844,0.0,-0.0,285.0203552246094,0.7279189229011536,0.3205439746379852,0.3094495832920074,297.14459228515625,297.1499938964844,293.1499938964844,0.0,-0.0,285.0199279785156,0.6362938284873962,0.2130653262138366,0.9877799153327942,285.0205993652344,284.95001220703125,295.00347900390625,288.08795166015625,295.0043334960937,297.2371520996094,285.021728515625,1.0,0.6252045631408691,1.0,1.0,0.0,1.0,-3.0555620193481445,3.0555546283721924,7.503269898734288e-06,2.3586878776550293,0.8992087841033936,0.8992087841033936,0.0,236.38668823242188,215.0,31434.98046875,-0.0,2862.713134765625,1.0,281.8417358398437,283.8992004394531,290.9994201660156,293.00115966796875,293.1499938964844,293.1499938964844,282.1499938964844,35983.7109375,36000.0,313.1499938964844,0.0,18000.0,1.0,0.0,0.0,0.0,1.0,0.8382500410079956,1.0,0.0,0.0,3.6465091705322266,3.6465330123901367,8.872538614923542e-07,4.265924453735352,4.265914440155029,9.78592834144365e-06,0.0,0.0,-0.0,4697.1796875,0.0,1529.1663818359375,1895.4371337890625,0.0,2825.369384765625,0.904501736164093,1.0,0.0,3.0,1.0,0.0
12066720,297.0886535644531,297.1499938964844,293.1499938964844,0.0,-0.0,285.0204467773437,0.748877227306366,0.3517979085445404,0.3218676745891571,297.0622253417969,297.1499938964844,293.1499938964844,0.0,-0.0,285.02069091796875,0.8553121089935303,0.5321455001831055,0.508377194404602,297.400146484375,297.1499938964844,293.1499938964844,0.0,-0.0,285.0207214355469,0.8861210942268372,0.5936722755432129,0.4172806739807129,297.1537475585937,297.1499938964844,293.1499938964844,0.0,-0.0,285.0203552246094,0.7279189229011536,0.3205439746379852,0.3094495832920074,297.14459228515625,297.1499938964844,293.1499938964844,0.0,-0.0,285.0199279785156,0.6362938284873962,0.2130653262138366,0.9877799153327942,285.0205993652344,284.95001220703125,295.00347900390625,288.08795166015625,295.0043334960937,297.2371520996094,285.021728515625,1.0,0.6252045631408691,1.0,1.0,0.0,1.0,-3.0555620193481445,3.0555546283721924,7.503269898734288e-06,2.3586878776550293,0.8992087841033936,0.8992087841033936,0.0,236.38668823242188,215.0,31434.98046875,-0.0,2862.713134765625,1.0,281.8417358398437,283.8992004394531,290.9994201660156,293.00115966796875,293.1499938964844,293.1499938964844,282.1499938964844,35983.7109375,36000.0,313.1499938964844,0.0,18000.0,1.0,0.0,0.0,0.0,1.0,0.8382500410079956,1.0,0.0,0.0,3.6465091705322266,3.6465330123901367,8.872538614923542e-07,4.265924453735352,4.265914440155029,9.78592834144365e-06,0.0,0.0,-0.0,4697.1796875,0.0,1529.1663818359375,1895.4371337890625,0.0,2825.369384765625,0.904501736164093,1.0,0.0,3.0,1.0,0.0
12066780,297.105712890625,297.1499938964844,293.1499938964844,0.0,-0.0,285.2083435058594,0.7571072578430176,0.3527439832687378,0.3221776783466339,297.0790100097656,297.1499938964844,293.1499938964844,0.0,-0.0,285.2085876464844,0.8646016716957092,0.5327274799346924,0.5083338022232056,297.4172058105469,297.1499938964844,293.1499938964844,0.0,-0.0,285.2086486816406,0.8983504176139832,0.5985660552978516,0.4202378392219543,297.1660461425781,297.1499938964844,293.1499938964844,0.0,-0.0,285.2082824707031,0.7358106970787048,0.3218323886394501,0.3100924789905548,297.1553039550781,297.1499938964844,293.1499938964844,0.0,-0.0,285.2078552246094,0.6434034705162048,0.2140787988901138,0.9896174669265748,285.20849609375,284.95001220703125,294.9578857421875,288.0770263671875,294.95867919921875,297.25469970703125,285.2096252441406,1.0,0.6199918389320374,1.0,1.0,0.0,1.0,-3.0624144077301025,3.0624070167541504,7.536867087765131e-06,2.3639378547668457,0.9042270183563232,0.9042270183563232,0.0,225.54635620117188,203.0,30469.4453125,-0.0,2819.881103515625,1.0,282.1417541503906,284.1313781738281,290.9984130859375,292.93414306640625,293.1499938964844,293.1499938964844,281.8500061035156,35753.52734375,36000.0,313.1499938964844,0.0,18000.0,1.0,0.0,0.0,0.0,1.0,0.8191775679588318,1.0,0.0,0.0,3.655052900314331,3.65507698059082,8.914163913686934e-07,4.265924453735352,4.265914440155029,9.78592834144365e-06,0.0,0.0,-0.0,5166.06103515625,0.0,1536.95068359375,1895.4371337890625,0.0,2647.95166015625,0.9062576293945312,1.0,0.0,3.0,1.0,0.0
12066840,297.105712890625,297.1499938964844,293.1499938964844,0.0,-0.0,285.2083435058594,0.7571072578430176,0.3527439832687378,0.3221776783466339,297.0790100097656,297.1499938964844,293.1499938964844,0.0,-0.0,285.2085876464844,0.8646016716957092,0.5327274799346924,0.5083338022232056,297.4172058105469,297.1499938964844,293.1499938964844,0.0,-0.0,285.2086486816406,0.8983504176139832,0.5985660552978516,0.4202378392219543,297.1660461425781,297.1499938964844,293.1499938964844,0.0,-0.0,285.2082824707031,0.7358106970787048,0.3218323886394501,0.3100924789905548,297.1553039550781,297.1499938964844,293.1499938964844,0.0,-0.0,285.2078552246094,0.6434034705162048,0.2140787988901138,0.9896174669265748,285.20849609375,284.95001220703125,294.9578857421875,288.0770263671875,294.95867919921875,297.25469970703125,285.2096252441406,1.0,0.6199918389320374,1.0,1.0,0.0,1.0,-3.0624144077301025,3.0624070167541504,7.536867087765131e-06,2.3639378547668457,0.9042270183563232,0.9042270183563232,0.0,225.54635620117188,203.0,30469.4453125,-0.0,2819.881103515625,1.0,282.1417541503906,284.1313781738281,290.9984130859375,292.93414306640625,293.1499938964844,293.1499938964844,281.8500061035156,35753.52734375,36000.0,313.1499938964844,0.0,18000.0,1.0,0.0,0.0,0.0,1.0,0.8191775679588318,1.0,0.0,0.0,3.655052900314331,3.65507698059082,8.914163913686934e-07,4.265924453735352,4.265914440155029,9.78592834144365e-06,0.0,0.0,-0.0,5166.06103515625,0.0,1536.95068359375,1895.4371337890625,0.0,2647.95166015625,0.9062576293945312,1.0,0.0,3.0,1.0,0.0
12066900,297.1085205078125,297.1499938964844,293.1499938964844,0.0,-0.0,285.0771789550781,0.7616238594055176,0.3527466654777527,0.3222570717334747,297.0819396972656,297.1499938964844,293.1499938964844,0.0,-0.0,285.0754089355469,0.8697370290756226,0.532570481300354,0.5082641243934631,297.4185791015625,297.1499938964844,293.1499938964844,0.0,-0.0,285.0750427246094,0.9049353003501892,0.6004005074501038,0.4216246306896209,297.1690673828125,297.1499938964844,293.1499938964844,0.0,-0.0,285.0776672363281,0.7401561737060547,0.3222357928752899,0.3104298412799835,297.15887451171875,297.1499938964844,293.1499938964844,0.0,-0.0,285.0807189941406,0.6474218368530273,0.2144654393196106,0.990831196308136,285.0760192871094,284.95001220703125,294.936767578125,288.0707397460937,294.9375305175781,297.2573547363281,285.0678405761719,1.0,0.6172778010368347,1.0,1.0,0.0,1.0,-3.065964698791504,3.0659570693969727,7.554562671430176e-06,2.3667666912078857,0.903803825378418,0.903803825378418,0.0,219.955795288086,203.0,31266.62890625,-0.0,2797.736083984375,1.0,281.8984375,283.9591979980469,291.1019287109375,293.1745300292969,293.1499938964844,293.1499938964844,281.8500061035156,35804.77734375,36000.0,313.1499938964844,0.0,18000.0,1.0,0.0,0.0,0.0,1.0,0.8279348015785217,1.0,0.0,0.0,3.658982038497925,3.659006118774414,8.933340041039628e-07,4.265924453735352,4.265914440155029,9.78592834144365e-06,0.0,0.0,-0.0,5047.24169921875,0.0,1541.7203369140625,1895.4371337890625,0.0,2729.22900390625,0.9071165919303894,1.0,0.0,3.0,1.0,0.0
12066960,297.1059265136719,297.1499938964844,293.1499938964844,0.0,-0.0,285.02398681640625,0.7654605507850647,0.3522293269634247,0.3217808902263641,297.0790710449219,297.1499938964844,293.1499938964844,0.0,-0.0,285.02362060546875,0.8742359280586243,0.5318597555160522,0.5076005458831787,297.4136657714844,297.1499938964844,293.1499938964844,0.0,-0.0,285.0235595703125,0.9110876321792604,0.6016174554824829,0.4224759936332702,297.1681213378906,297.1499938964844,293.1499938964844,0.0,-0.0,285.0240783691406,0.7440003156661987,0.3222618103027344,0.3103968501091003,297.159423828125,297.1499938964844,293.1499938964844,0.0,-0.0,285.02471923828125,0.6510019302368164,0.2145739048719406,0.9908781051635742,285.02374267578125,284.95001220703125,294.9168395996094,288.0638732910156,294.9175720214844,297.25347900390625,285.02203369140625,1.0,0.6143062114715576,1.0,1.0,0.0,1.0,-3.0656418800354004,3.065634250640869,7.553180694230832e-06,2.366605281829834,0.9037297964096068,0.9037297964096068,0.0,214.7860870361328,191.0,31318.61328125,-0.0,2770.04931640625,1.0,281.85760498046875,283.9056701660156,291.1183166503906,293.174072265625,293.1499938964844,293.1499938964844,281.54998779296875,35867.7265625,36000.0,313.1499938964844,0.0,18000.0,1.0,0.0,0.0,0.0,1.0,0.8351097106933594,1.0,0.0,0.0,3.6608150005340576,3.660839080810547,8.942292311076017e-07,4.265924453735352,4.265914440155029,9.78592834144365e-06,0.0,0.0,-0.0,5293.59326171875,0.0,1544.241455078125,1895.4371337890625,0.0,2796.061279296875,0.9075961709022522,1.0,0.0,3.0,1.0,0.0
12067020,297.09326171875,297.1499938964844,293.1499938964844,0.0,-0.0,284.8166809082031,0.7725213766098022,0.3503968715667724,0.3200051784515381,297.0645446777344,297.1499938964844,293.1499938964844,0.0,-0.0,284.8162841796875,0.8826923966407776,0.5294997692108154,0.5052875876426697,297.39532470703125,297.1499938964844,293.1499938964844,0.0,-0.0,284.816162109375,0.9234281182289124,0.6031087040901184,0.4234295487403869,297.1592102050781,297.1499938964844,293.1499938964844,0.0,-0.0,284.8167724609375,0.7512240409851074,0.3215978443622589,0.3096086978912353,297.1545104980469,297.1499938964844,293.1499938964844,0.0,-0.0,284.8174743652344,0.6576724648475647,0.2142048627138137,0.9882802963256836,284.81640625,284.95001220703125,294.8807373046875,288.0483703613281,294.8813781738281,297.2377014160156,284.814453125,1.0,0.6076176762580872,1.0,1.0,0.0,1.0,-3.057811498641968,3.0578038692474365,7.514851404266665e-06,2.360647201538086,0.9002506732940674,0.9002506732940674,0.0,204.7496032714844,179.0,32104.53125,-0.0,2702.187255859375,1.0,281.55816650390625,283.6591796875,291.12890625,293.2615661621094,293.1499938964844,293.1499938964844,281.25,36084.24609375,36000.0,313.1499938964844,0.0,18000.0,1.0,0.0,0.0,0.0,1.0,0.8554865121841431,1.0,0.0,0.0,3.6584200859069824,3.658444166183472,8.93059507234284e-07,4.265924453735352,4.265914440155029,9.78592834144365e-06,0.0,0.0,-0.0,5370.69384765625,0.0,1543.1881103515625,1895.4371337890625,0.0,2986.682861328125,0.9072000980377196,1.0,0.0,3.0,1.0,0.0
12067080,297.09326171875,297.1499938964844,293.1499938964844,0.0,-0.0,284.8166809082031,0.7725213766098022,0.3503968715667724,0.3200051784515381,297.0645446777344,297.1499938964844,293.1499938964844,0.0,-0.0,284.8162841796875,0.8826923966407776,0.5294997692108154,0.5052875876426697,297.39532470703125,297.1499938964844,293.1499938964844,0.0,-0.0,284.816162109375,0.9234281182289124,0.6031087040901184,0.4234295487403869,297.1592102050781,297.1499938964844,293.1499938964844,0.0,-0.0,284.8167724609375,0.7512240409851074,0.3215978443622589,0.3096086978912353,297.1545104980469,297.1499938964844,293.1499938964844,0.0,-0.0,284.8174743652344,0.6576724648475647,0.2142048627138137,0.9882802963256836,284.81640625,284.95001220703125,294.8807373046875,288.0483703613281,294.8813781738281,297.2377014160156,284.814453125,1.0,0.6076176762580872,1.0,1.0,0.0,1.0,-3.057811498641968,3.0578038692474365,7.514851404266665e-06,2.360647201538086,0.9002506732940674,0.9002506732940674,0.0,204.7496032714844,179.0,32104.53125,-0.0,2702.187255859375,1.0,281.55816650390625,283.6591796875,291.12890625,293.2615661621094,293.1499938964844,293.1499938964844,281.25,36084.24609375,36000.0,313.1499938964844,0.0,18000.0,1.0,0.0,0.0,0.0,1.0,0.8554865121841431,1.0,0.0,0.0,3.6584200859069824,3.658444166183472,8.93059507234284e-07,4.265924453735352,4.265914440155029,9.78592834144365e-06,0.0,0.0,-0.0,5370.69384765625,0.0,1543.1881103515625,1895.4371337890625,0.0,2986.682861328125,0.9072000980377196,1.0,0.0,3.0,1.0,0.0
12067140,297.0810241699219,297.1499938964844,293.1499938964844,0.0,-0.0,284.6342468261719,0.7778999209403992,0.3486409783363342,0.3182827830314636,297.04998779296875,297.1499938964844,293.1499938964844,0.0,-0.0,284.6334228515625,0.8891792893409729,0.5272420644760132,0.5030353665351868,297.3783874511719,297.1499938964844,293.1499938964844,0.0,-0.0,284.6332397460937,0.9330806732177734,0.6037554740905762,0.4237831532955169,297.14923095703125,297.1499938964844,293.1499938964844,0.0,-0.0,284.63446044921875,0.7567366361618042,0.3206925690174103,0.3085899353027344,297.1476135253906,297.1499938964844,293.1499938964844,0.0,-0.0,284.6358642578125,0.6626701354980469,0.2135636210441589,0.9845472574234008,284.6336975097656,284.95001220703125,294.857177734375,288.0351257324219,294.85772705078125,297.22296142578125,284.6298217773437,1.0,0.6019986271858215,1.0,1.0,0.0,1.0,-3.047750234603882,3.0477428436279297,7.465526323358063e-06,2.3528993129730225,0.8954819440841675,0.8954819440841675,0.0,197.1361389160156,179.0,33007.70703125,-0.0,2642.953125,1.0,281.2705078125,283.4396667480469,291.1251525878906,293.3359069824219,293.1499938964844,293.1499938964844,281.25,36297.7109375,36000.0,313.1499938964844,0.0,18000.0,1.0,0.0,0.0,0.0,1.0,0.8704688549041748,1.0,0.0,0.0,3.650133848190308,3.650157928466797,8.890186791177257e-07,4.265924453735352,4.265914440155029,9.78592834144365e-06,0.0,0.0,-0.0,5166.466796875,0.0,1535.5450439453125,1895.4371337890625,0.0,3127.20849609375,0.9054772257804872,1.0,0.0,3.0,1.0,0.0
12067200,297.07720947265625,297.1499938964844,293.1499938964844,0.0,-0.0,284.61676025390625,0.7797237634658813,0.3480527400970459,0.3176395297050476,297.0452880859375,297.1499938964844,293.1499938964844,0.0,-0.0,284.6163635253906,0.8913876414299011,0.5264701247215271,0.5021957755088806,297.37310791015625,297.1499938964844,293.1499938964844,0.0,-0.0,284.61627197265625,0.9363450407981871,0.6039689183235168,0.4238329529762268,297.14581298828125,297.1499938964844,293.1499938964844,0.0,-0.0,284.6168518066406,0.7586120963096619,0.3203622102737427,0.3081786036491394,297.1451416015625,297.1499938964844,293.1499938964844,0.0,-0.0,284.6175231933594,0.6643522381782532,0.2133153975009918,0.983001470565796,284.6164855957031,284.95001220703125,294.8500061035156,288.0303649902344,294.8505249023437,297.2182312011719,284.61456298828125,1.0,0.6000164151191711,1.0,1.0,0.0,1.0,-3.043674945831299,3.043667316436768,7.445546089002164e-06,2.349741220474243,0.8941656351089478,0.8941656351089478,0.0,194.5760955810547,167.0,32982.9140625,-0.0,2621.786376953125,1.0,281.2582092285156,283.423583984375,291.0986633300781,293.2908020019531,293.1499938964844,293.1499938964844,281.54998779296875,36345.77734375,36000.0,313.1499938964844,0.0,18000.0,1.0,0.0,0.0,0.0,1.0,0.8722604513168335,1.0,0.0,0.0,3.646314859390259,3.646338939666748,8.871593308867887e-07,4.265924453735352,4.265914440155029,9.78592834144365e-06,0.0,0.0,-0.0,4863.26806640625,0.0,1531.6571044921875,1895.4371337890625,0.0,3144.013916015625,0.9046696424484252,1.0,0.0,3.0,1.0,0.0
12067260,297.0777587890625,297.1499938964844,293.1499938964844,0.0,-0.0,284.77215576171875,0.7899501323699951,0.3471645414829254,0.3159740269184112,297.042724609375,297.1499938964844,293.1499938964844,0.0,-0.0,284.7723693847656,0.9032517075538636,0.5248589515686035,0.499760240316391,297.37176513671875,297.1499938964844,293.1499938964844,0.0,-0.0,284.7724304199219,0.952658712863922,0.6066310405731201,0.4249204397201538,297.142822265625,297.1499938964844,293.1499938964844,0.0,-0.0,284.7721252441406,0.7686753869056702,0.3199871778488159,0.3070676922798157,297.1426696777344,297.1499938964844,293.1499938964844,0.0,-0.0,284.7717590332031,0.6733868718147278,0.2129898369312286,0.9783690571784972,284.7723083496094,284.95001220703125,294.8227844238281,288.0108947753906,294.8232727050781,297.2161865234375,284.7731628417969,1.0,0.5920787453651428,1.0,1.0,0.0,1.0,-3.0331344604492188,3.0331270694732666,7.393600299110403e-06,2.341406345367432,0.8930724859237671,0.8930724859237671,0.0,183.0721435546875,155.0,31744.603515625,-0.0,2542.035888671875,1.0,281.5420837402344,283.6264038085937,290.9517517089844,293.00372314453125,293.1499938964844,293.1499938964844,281.8500061035156,36267.6796875,36000.0,313.1499938964844,0.0,18000.0,1.0,0.0,0.0,0.0,1.0,0.8557377457618713,1.0,0.0,0.0,3.635601758956909,3.6356256008148193,8.819538948046102e-07,4.265924453735352,4.265914440155029,9.78592834144365e-06,0.0,0.0,-0.0,4720.98876953125,0.0,1519.20361328125,1895.4371337890625,0.0,2989.037841796875,0.9022515416145324,1.0,0.0,3.0,1.0,0.0
12067320,297.0777587890625,297.1499938964844,293.1499938964844,0.0,-0.0,284.77215576171875,0.7899501323699951,0.3471645414829254,0.3159740269184112,297.042724609375,297.1499938964844,293.1499938964844,0.0,-0.0,284.7723693847656,0.9032517075538636,0.5248589515686035,0.499760240316391,297.37176513671875,297.1499938964844,293.1499938964844,0.0,-0.0,284.7724304199219,0.952658712863922,0.6066310405731201,0.4249204397201538,297.142822265625,297.1499938964844,293.1499938964844,0.0,-0.0,284.7721252441406,0.7686753869056702,0.3199871778488159,0.3070676922798157,297.1426696777344,297.1499938964844,293.1499938964844,0.0,-0.0,284.7717590332031,0.6733868718147278,0.2129898369312286,0.9783690571784972,284.7723083496094,284.95001220703125,294.8227844238281,288.0108947753906,294.8232727050781,297.2161865234375,284.7731628417969,1.0,0.5920787453651428,1.0,1.0,0.0,1.0,-3.0331344604492188,3.0331270694732666,7.393600299110403e-06,2.341406345367432,0.8930724859237671,0.8930724859237671,0.0,183.0721435546875,155.0,31744.603515625,-0.0,2542.035888671875,1.0,281.5420837402344,283.6264038085937,290.9517517089844,293.00372314453125,293.1499938964844,293.1499938964844,281.8500061035156,36267.6796875,36000.0,313.1499938964844,0.0,18000.0,1.0,0.0,0.0,0.0,1.0,0.8557377457618713,1.0,0.0,0.0,3.635601758956909,3.6356256008148193,8.819538948046102e-07,4.265924453735352,4.265914440155029,9.78592834144365e-06,0.0,0.0,-0.0,4720.98876953125,0.0,1519.20361328125,1895.4371337890625,0.0,2989.037841796875,0.9022515416145324,1.0,0.0,3.0,1.0,0.0
12067380,297.0912170410156,297.1499938964844,293.1499938964844,0.0,-0.0,284.9598083496094,0.8049079775810242,0.3476040065288543,0.3156478404998779,297.05487060546875,297.1499938964844,293.1499938964844,0.0,-0.0,284.9600524902344,0.921544313430786,0.5247217416763306,0.4988369047641754,297.3856506347656,297.1499938964844,293.1499938964844,0.0,-0.0,284.96014404296875,0.9727941751480104,0.6108368039131165,0.4272433221340179,297.1508178710937,297.1499938964844,293.1499938964844,0.0,-0.0,284.9597473144531,0.7832798957824707,0.320697009563446,0.3070043325424194,297.1492614746094,297.1499938964844,293.1499938964844,0.0,-0.0,284.95928955078125,0.6866434216499329,0.2135577201843261,0.97757750749588,284.9599914550781,284.95001220703125,294.79693603515625,287.9909362792969,294.79742431640625,297.2288513183594,284.961181640625,1.0,0.5846320390701294,1.0,1.0,0.0,1.0,-3.0333876609802246,3.0333802700042725,7.3945529948105104e-06,2.341481924057007,0.894767701625824,0.894767701625824,0.0,170.1833953857422,143.0,30734.7734375,-0.0,2475.829833984375,1.0,281.84161376953125,283.8611145019531,290.900146484375,292.8619689941406,293.1499938964844,293.1499938964844,282.1499938964844,36076.703125,36000.0,313.1499938964844,0.0,18000.0,1.0,0.0,0.0,0.0,1.0,0.8333582282066345,1.0,0.0,0.0,3.6320817470550537,3.632105588912964,8.80246943779639e-07,4.265924453735352,4.265914440155029,9.78592834144365e-06,0.0,0.0,-0.0,4634.9072265625,0.0,1513.89599609375,1895.4371337890625,0.0,2779.72900390625,0.9013413786888124,1.0,0.0,3.0,1.0,0.0
12067440,297.0912170410156,297.1499938964844,293.1499938964844,0.0,-0.0,284.9598083496094,0.8049079775810242,0.3476040065288543,0.3156478404998779,297.05487060546875,297.1499938964844,293.1499938964844,0.0,-0.0,284.9600524902344,0.921544313430786,0.5247217416763306,0.4988369047641754,297.3856506347656,297.1499938964844,293.1499938964844,0.0,-0.0,284.96014404296875,0.9727941751480104,0.6108368039131165,0.4272433221340179,297.1508178710937,297.1499938964844,293.1499938964844,0.0,-0.0,284.9597473144531,0.7832798957824707,0.320697009563446,0.3070043325424194,297.1492614746094,297.1499938964844,293.1499938964844,0.0,-0.0,284.95928955078125,0.6866434216499329,0.2135577201843261,0.97757750749588,284.9599914550781,284.95001220703125,294.79693603515625,287.9909362792969,294.79742431640625,297.2288513183594,284.961181640625,1.0,0.5846320390701294,1.0,1.0,0.0,1.0,-3.0333876609802246,3.0333802700042725,7.3945529948105104e-06,2.341481924057007,0.894767701625824,0.894767701625824,0.0,170.1833953857422,143.0,30734.7734375,-0.0,2475.829833984375,1.0,281.84161376953125,283.8611145019531,290.900146484375,292.8619689941406,293.1499938964844,293.1499938964844,282.1499938964844,36076.703125,36000.0,313.1499938964844,0.0,18000.0,1.0,0.0,0.0,0.0,1.0,0.8333582282066345,1.0,0.0,0.0,3.6320817470550537,3.632105588912964,8.80246943779639e-07,4.265924453735352,4.265914440155029,9.78592834144365e-06,0.0,0.0,-0.0,4634.9072265625,0.0,1513.89599609375,1895.4371337890625,0.0,2779.72900390625,0.9013413786888124,1.0,0.0,3.0,1.0,0.0
12067500,297.09967041015625,297.1499938964844,293.1499938964844,0.0,-0.0,285.1006164550781,0.8133742213249207,0.3480583131313324,0.3157082796096802,297.0632629394531,297.1499938964844,293.1499938964844,0.0,-0.0,285.1024169921875,0.932732880115509,0.5249403119087219,0.49866384267807,297.39459228515625,297.1499938964844,293.1499938964844,0.0,-0.0,285.1029052734375,0.9830281734466552,0.6132051944732666,0.4285941123962402,297.1568298339844,297.1499938964844,293.1499938964844,0.0,-0.0,285.10015869140625,0.7919252514839172,0.3212915658950805,0.307212620973587,297.1545104980469,297.1499938964844,293.1499938964844,0.0,-0.0,285.0970458984375,0.6945228576660156,0.2140662521123886,0.978236973285675,285.1018371582031,284.95001220703125,294.7845153808594,287.9808349609375,294.78497314453125,297.2372131347656,285.1100769042969,1.0,0.5811271667480469,1.0,1.0,0.0,1.0,-3.035916328430176,3.035908937454224,7.406819349853322e-06,2.3434054851531982,0.8971519470214844,0.8971519470214844,0.0,163.63778686523438,143.0,29885.697265625,-0.0,2446.672119140625,1.0,282.0982360839844,284.0450744628906,290.86456298828125,292.7229919433594,293.1499938964844,293.1499938964844,282.1499938964844,35947.08203125,36000.0,313.1499938964844,0.0,18000.0,1.0,0.0,0.0,0.0,1.0,0.8204623460769653,1.0,0.0,0.0,3.6334095001220703,3.633433341979981,8.808905818113999e-07,4.265924453735352,4.265914440155029,9.78592834144365e-06,0.0,0.0,-0.0,4768.09375,0.0,1514.3946533203125,1895.4371337890625,0.0,2659.85302734375,0.9015859961509703,1.0,0.0,3.0,1.0,0.0
12067560,297.1089782714844,297.1499938964844,293.1499938964844,0.0,-0.0,285.1492919921875,0.8224647045135498,0.3486540913581848,0.3159676492214203,297.07281494140625,297.1499938964844,293.1499938964844,0.0,-0.0,285.1495361328125,0.945136785507202,0.5253286957740784,0.4987267553806305,297.404541015625,297.1499938964844,293.1499938964844,0.0,-0.0,285.14959716796875,0.9932323694229126,0.6157329082489014,0.4301344156265259,297.1639099121094,297.1499938964844,293.1499938964844,0.0,-0.0,285.14923095703125,0.8016607165336609,0.3220293521881103,0.3076000511646271,297.1607666015625,297.1499938964844,293.1499938964844,0.0,-0.0,285.14874267578125,0.703391432762146,0.2147115170955658,0.9796363115310668,285.1494445800781,284.95001220703125,294.7723693847656,287.9706115722656,294.7728271484375,297.2469482421875,285.150634765625,1.0,0.577793300151825,1.0,1.0,0.0,1.0,-3.0403010845184326,3.0402936935424805,7.42817928767181e-06,2.346768856048584,0.8990046977996826,0.8990046977996826,0.0,156.99473571777344,131.0,29785.869140625,-0.0,2420.40478515625,1.0,282.1417236328125,284.0960693359375,290.8894958496094,292.7850341796875,293.1499938964844,293.1499938964844,282.45001220703125,35840.23046875,36000.0,313.1499938964844,0.0,18000.0,1.0,0.0,0.0,0.0,1.0,0.8137630820274353,1.0,0.0,0.0,3.6373708248138414,3.637394666671753,8.828125146465027e-07,4.265924453735352,4.265914440155029,9.78592834144365e-06,0.0,0.0,-0.0,4564.8603515625,0.0,1517.9720458984375,1895.4371337890625,0.0,2597.889892578125,0.9023626446723938,1.0,0.0,3.0,1.0,0.0
12067620,297.1278076171875,297.1499938964844,293.1499938964844,0.0,-0.0,285.34686279296875,0.8379334807395935,0.3500408232212066,0.3167530000209808,297.0926513671875,297.1499938964844,293.1499938964844,0.0,-0.0,285.3470458984375,0.9650747776031494,0.526357889175415,0.4991966784000397,297.44097900390625,297.1499938964844,293.1499938964844,0.0,-0.0,285.3471069335937,0.9990000128746032,0.6225895881652832,0.4176133573055267,297.17877197265625,297.1499938964844,293.1499938964844,0.0,-0.0,285.3468322753906,0.817940354347229,0.3237113356590271,0.3087053596973419,297.1742553710937,297.1499938964844,293.1499938964844,0.0,-0.0,285.3464660644531,0.7182820439338684,0.2162124663591385,0.9840783476829528,285.34698486328125,284.95001220703125,294.7490234375,287.94989013671875,294.7494506835937,297.2734069824219,285.3476867675781,1.0,0.5704891085624695,1.0,1.0,0.0,1.0,-3.033454656600952,3.033447265625,7.395491138595389e-06,2.3417930603027344,0.9059464931488036,0.9059464931488036,0.0,146.3466796875,134.0,28874.662109375,-0.0,2352.5908203125,1.0,282.4416809082031,284.3290100097656,290.88525390625,292.72613525390625,293.1499938964844,293.1499938964844,282.1499938964844,35578.12890625,36000.0,313.1499938964844,0.0,18000.0,1.0,0.0,0.0,0.0,1.0,0.7977091073989868,1.0,0.0,0.0,3.652390480041504,3.652414321899414,8.901182013687503e-07,4.265924453735352,4.265914440155029,9.78592834144365e-06,0.0,0.0,-0.0,5017.921875,0.0,1532.6710205078125,1895.4371337890625,0.0,2450.498779296875,0.905542254447937,1.0,0.0,3.0,1.0,0.0
12067680,297.1278076171875,297.1499938964844,293.1499938964844,0.0,-0.0,285.34686279296875,0.8379334807395935,0.3500408232212066,0.3167530000209808,297.0926513671875,297.1499938964844,293.1499938964844,0.0,-0.0,285.3470458984375,0.9650747776031494,0.526357889175415,0.4991966784000397,297.44097900390625,297.1499938964844,293.1499938964844,0.0,-0.0,285.3471069335937,0.9990000128746032,0.6225895881652832,0.4176133573055267,297.17877197265625,297.1499938964844,293.1499938964844,0.0,-0.0,285.3468322753906,0.817940354347229,0.3237113356590271,0.3087053596973419,297.1742553710937,297.1499938964844,293.1499938964844,0.0,-0.0,285.3464660644531,0.7182820439338684,0.2162124663591385,0.9840783476829528,285.34698486328125,284.95001220703125,294.7490234375,287.94989013671875,294.7494506835937,297.2734069824219,285.3476867675781,1.0,0.5704891085624695,1.0,1.0,0.0,1.0,-3.033454656600952,3.033447265625,7.395491138595389e-06,2.3417930603027344,0.9059464931488036,0.9059464931488036,0.0,146.3466796875,134.0,28874.662109375,-0.0,2352.5908203125,1.0,282.4416809082031,284.3290100097656,290.88525390625,292.72613525390625,293.1499938964844,293.1499938964844,282.1499938964844,35578.12890625,36000.0,313.1499938964844,0.0,18000.0,1.0,0.0,0.0,0.0,1.0,0.7977091073989868,1.0,0.0,0.0,3.652390480041504,3.652414321899414,8.901182013687503e-07,4.265924453735352,4.265914440155029,9.78592834144365e-06,0.0,0.0,-0.0,5017.921875,0.0,1532.6710205078125,1895.4371337890625,0.0,2450.498779296875,0.905542254447937,1.0,0.0,3.0,1.0,0.0
12067740,297.1273193359375,297.1499938964844,293.1499938964844,0.0,-0.0,285.1357421875,0.8451016545295715,0.3497370779514313,0.3168338537216186,297.0928649902344,297.1499938964844,293.1499938964844,0.0,-0.0,285.1353454589844,0.9733815789222716,0.5256800055503845,0.4989536702632904,297.484619140625,297.1499938964844,293.1499938964844,0.0,-0.0,285.13525390625,0.9990000128746032,0.6307351589202881,0.4066113531589508,297.1807861328125,297.1499938964844,293.1499938964844,0.0,-0.0,285.1358337402344,0.825430691242218,0.3242996633052826,0.3094667196273803,297.1792907714844,297.1499938964844,293.1499938964844,0.0,-0.0,285.13653564453125,0.7252628207206726,0.2170424461364746,0.9881798624992372,285.1354675292969,284.95001220703125,294.7267150878906,287.9288330078125,294.7271423339844,297.2949523925781,285.13348388671875,1.0,0.5670060515403748,1.0,1.0,0.0,1.0,-3.0258688926696777,3.0258615016937256,7.358158654824365e-06,2.335770845413208,0.9066887497901917,0.9066887497901917,0.0,141.588623046875,137.0,29534.171875,-0.0,2314.171630859375,1.0,282.15777587890625,284.08795166015625,290.9917297363281,292.94451904296875,293.1499938964844,293.1499938964844,281.8500061035156,35704.41796875,36000.0,313.1499938964844,0.0,18000.0,1.0,0.0,0.0,0.0,1.0,0.8156415224075317,1.0,0.0,0.0,3.6642379760742174,3.664262056350708,8.95902246611513e-07,4.265924453735352,4.265914440155029,9.78592834144365e-06,0.0,0.0,-0.0,5127.0517578125,0.0,1546.8465576171875,1895.4371337890625,0.0,2615.2392578125,0.9082491993904114,1.0,0.0,3.0,1.0,0.0
12067800,297.1273193359375,297.1499938964844,293.1499938964844,0.0,-0.0,285.1357421875,0.8451016545295715,0.3497370779514313,0.3168338537216186,297.0928649902344,297.1499938964844,293.1499938964844,0.0,-0.0,285.1353454589844,0.9733815789222716,0.5256800055503845,0.4989536702632904,297.484619140625,297.1499938964844,293.1499938964844,0.0,-0.0,285.13525390625,0.9990000128746032,0.6307351589202881,0.4066113531589508,297.1807861328125,297.1499938964844,293.1499938964844,0.0,-0.0,285.1358337402344,0.825430691242218,0.3242996633052826,0.3094667196273803,297.1792907714844,297.1499938964844,293.1499938964844,0.0,-0.0,285.13653564453125,0.7252628207206726,0.2170424461364746,0.9881798624992372,285.1354675292969,284.95001220703125,294.7267150878906,287.9288330078125,294.7271423339844,297.2949523925781,285.13348388671875,1.0,0.5670060515403748,1.0,1.0,0.0,1.0,-3.0258688926696777,3.0258615016937256,7.358158654824365e-06,2.335770845413208,0.9066887497901917,0.9066887497901917,0.0,141.588623046875,137.0,29534.171875,-0.0,2314.171630859375,1.0,282.15777587890625,284.08795166015625,290.9917297363281,292.94451904296875,293.1499938964844,293.1499938964844,281.8500061035156,35704.41796875,36000.0,313.1499938964844,0.0,18000.0,1.0,0.0,0.0,0.0,1.0,0.8156415224075317,1.0,0.0,0.0,3.6642379760742174,3.664262056350708,8.95902246611513e-07,4.265924453735352,4.265914440155029,9.78592834144365e-06,0.0,0.0,-0.0,5127.0517578125,0.0,1546.8465576171875,1895.4371337890625,0.0,2615.2392578125,0.9082491993904114,1.0,0.0,3.0,1.0,0.0
12067860,297.1139831542969,297.1499938964844,293.1499938964844,0.0,-0.0,284.92578125,0.84563809633255,0.3481073677539825,0.3155620694160461,297.0782470703125,297.1499938964844,293.1499938964844,0.0,-0.0,284.9253845214844,0.9741072058677672,0.5234846472740173,0.497136116027832,297.4969177246094,297.1499938964844,293.1499938964844,0.0,-0.0,284.92529296875,0.9990000128746032,0.6362524032592773,0.4041736721992492,297.1710205078125,297.1499938964844,293.1499938964844,0.0,-0.0,284.9258728027344,0.8266735672950745,0.3237075507640838,0.3091046810150146,297.174560546875,297.1499938964844,293.1499938964844,0.0,-0.0,284.9265441894531,0.7266854047775269,0.2169437855482101,0.9884989857673644,284.9255065917969,284.95001220703125,294.7054443359375,287.907470703125,294.7058410644531,297.293212890625,284.923583984375,1.0,0.5654788017272949,1.0,1.0,0.0,1.0,-3.0191726684570312,3.019165515899658,7.325530532398261e-06,2.330560207366944,0.9046405553817748,0.9046405553817748,0.0,140.34957885742188,140.0,30344.8203125,-0.0,2295.653564453125,1.0,281.85809326171875,283.8390197753906,290.9919128417969,293.0190124511719,293.1499938964844,293.1499938964844,281.54998779296875,35917.84765625,36000.0,313.1499938964844,0.0,18000.0,1.0,0.0,0.0,0.0,1.0,0.836776852607727,1.0,0.0,0.0,3.668012857437134,3.668037176132202,8.977491461337195e-07,4.265924453735352,4.265914440155029,9.78592834144365e-06,0.0,0.0,-0.0,5199.7158203125,0.0,1552.68359375,1895.4371337890625,0.0,2811.61669921875,0.9092324376106262,1.0,0.0,3.0,1.0,0.0
12067920,297.1139831542969,297.1499938964844,293.1499938964844,0.0,-0.0,284.92578125,0.84563809633255,0.3481073677539825,0.3155620694160461,297.0782470703125,297.1499938964844,293.1499938964844,0.0,-0.0,284.9253845214844,0.9741072058677672,0.5234846472740173,0.497136116027832,297.4969177246094,297.1499938964844,293.1499938964844,0.0,-0.0,284.92529296875,0.9990000128746032,0.6362524032592773,0.4041736721992492,297.1710205078125,297.1499938964844,293.1499938964844,0.0,-0.0,284.9258728027344,0.8266735672950745,0.3237075507640838,0.3091046810150146,297.174560546875,297.1499938964844,293.1499938964844,0.0,-0.0,284.9265441894531,0.7266854047775269,0.2169437855482101,0.9884989857673644,284.9255065917969,284.95001220703125,294.7054443359375,287.907470703125,294.7058410644531,297.293212890625,284.923583984375,1.0,0.5654788017272949,1.0,1.0,0.0,1.0,-3.0191726684570312,3.019165515899658,7.325530532398261e-06,2.330560207366944,0.9046405553817748,0.9046405553817748,0.0,140.34957885742188,140.0,30344.8203125,-0.0,2295.653564453125,1.0,281.85809326171875,283.8390197753906,290.9919128417969,293.0190124511719,293.1499938964844,293.1499938964844,281.54998779296875,35917.84765625,36000.0,313.1499938964844,0.0,18000.0,1.0,0.0,0.0,0.0,1.0,0.836776852607727,1.0,0.0,0.0,3.668012857437134,3.668037176132202,8.977491461337195e-07,4.265924453735352,4.265914440155029,9.78592834144365e-06,0.0,0.0,-0.0,5199.7158203125,0.0,1552.68359375,1895.4371337890625,0.0,2811.61669921875,0.9092324376106262,1.0,0.0,3.0,1.0,0.0
12067980,297.0967102050781,297.1499938964844,293.1499938964844,0.0,-0.0,284.7182006835937,0.8425580859184265,0.3459048569202423,0.3137370645999908,297.0584716796875,297.1499938964844,293.1499938964844,0.0,-0.0,284.7178039550781,0.9707527160644532,0.5205770134925842,0.494587779045105,297.484375,297.1499938964844,293.1499938964844,0.0,-0.0,284.7177429199219,0.9990000128746032,0.6393985152244568,0.4064769148826599,297.1561279296875,297.1499938964844,293.1499938964844,0.0,-0.0,284.71826171875,0.8243857026100159,0.3224694728851318,0.3081065416336059,297.164306640625,297.1499938964844,293.1499938964844,0.0,-0.0,284.7189025878906,0.7248572707176208,0.2162210345268249,0.9860714077949524,284.7179260253906,284.95001220703125,294.6850891113281,287.8858642578125,294.6854553222656,297.2767028808594,284.71612548828125,1.0,0.5650549530982971,1.0,1.0,0.0,1.0,-3.012566089630127,3.012558698654175,7.293416274478659e-06,2.325422525405884,0.8998374342918396,0.8998374342918396,0.0,140.99887084960938,143.0,31138.396484375,-0.0,2287.07568359375,1.0,281.5581359863281,283.5937194824219,290.95428466796875,293.03546142578125,293.1499938964844,293.1499938964844,281.25,36178.90234375,36000.0,313.1499938964844,0.0,18000.0,1.0,0.0,0.0,0.0,1.0,0.8537099361419678,1.0,0.0,0.0,3.66212797164917,3.662152051925659,8.948707659328647e-07,4.265924453735352,4.265914440155029,9.78592834144365e-06,0.0,0.0,-0.0,5262.7314453125,0.0,1548.04638671875,1895.4371337890625,0.0,2970.030517578125,0.9080904126167296,1.0,0.0,3.0,1.0,0.0
12068040,297.0967102050781,297.1499938964844,293.1499938964844,0.0,-0.0,284.7182006835937,0.8425580859184265,0.3459048569202423,0.3137370645999908,297.0584716796875,297.1499938964844,293.1499938964844,0.0,-0.0,284.7178039550781,0.9707527160644532,0.5205770134925842,0.494587779045105,297.484375,297.1499938964844,293.1499938964844,0.0,-0.0,284.7177429199219,0.9990000128746032,0.6393985152244568,0.4064769148826599,297.1561279296875,297.1499938964844,293.1499938964844,0.0,-0.0,284.71826171875,0.8243857026100159,0.3224694728851318,0.3081065416336059,297.164306640625,297.1499938964844,293.1499938964844,0.0,-0.0,284.7189025878906,0.7248572707176208,0.2162210345268249,0.9860714077949524,284.7179260253906,284.95001220703125,294.6850891113281,287.8858642578125,294.6854553222656,297.2767028808594,284.71612548828125,1.0,0.5650549530982971,1.0,1.0,0.0,1.0,-3.012566089630127,3.012558698654175,7.293416274478659e-06,2.325422525405884,0.8998374342918396,0.8998374342918396,0.0,140.99887084960938,143.0,31138.396484375,-0.0,2287.07568359375,1.0,281.5581359863281,283.5937194824219,290.95428466796875,293.03546142578125,293.1499938964844,293.1499938964844,281.25,36178.90234375,36000.0,313.1499938964844,0.0,18000.0,1.0,0.0,0.0,0.0,1.0,0.8537099361419678,1.0,0.0,0.0,3.66212797164917,3.662152051925659,8.948707659328647e-07,4.265924453735352,4.265914440155029,9.78592834144365e-06,0.0,0.0,-0.0,5262.7314453125,0.0,1548.04638671875,1895.4371337890625,0.0,2970.030517578125,0.9080904126167296,1.0,0.0,3.0,1.0,0.0
12068100,297.08770751953125,297.1499938964844,293.1499938964844,0.0,-0.0,284.5703125,0.8403022289276123,0.3446853458881378,0.3127501904964447,297.0480651855469,297.1499938964844,293.1499938964844,0.0,-0.0,284.5684509277344,0.9681755304336548,0.5189775228500366,0.4932023882865906,297.4717102050781,297.1499938964844,293.1499938964844,0.0,-0.0,284.56805419921875,0.9990000128746032,0.640277624130249,0.4086513817310333,297.14801025390625,297.1499938964844,293.1499938964844,0.0,-0.0,284.5707092285156,0.8225035667419434,0.3217120766639709,0.307489812374115,297.1581115722656,297.1499938964844,293.1499938964844,0.0,-0.0,284.5738525390625,0.7232306599617004,0.2157035619020462,0.9842032194137572,284.56903076171875,284.95001220703125,294.6752014160156,287.8749694824219,294.6755676269531,297.2653503417969,284.5604553222656,1.0,0.5650946497917175,1.0,1.0,0.0,1.0,-3.009341239929199,3.009333848953247,7.277762961166445e-06,2.32291316986084,0.895851731300354,0.895851731300354,0.0,141.73802185058594,143.0,31932.271484375,-0.0,2285.06689453125,1.0,281.301025390625,283.4076232910156,290.96148681640625,293.1365051269531,293.1499938964844,293.1499938964844,281.25,36337.50390625,36000.0,313.1499938964844,0.0,18000.0,1.0,0.0,0.0,0.0,1.0,0.8632225394248962,1.0,0.0,0.0,3.655318021774292,3.655342102050781,8.915457669900206e-07,4.265924453735352,4.265914440155029,9.78592834144365e-06,0.0,0.0,-0.0,5096.24951171875,0.0,1541.6221923828125,1895.4371337890625,0.0,3059.231689453125,0.9066392183303832,1.0,0.0,3.0,1.0,0.0
12068160,297.078369140625,297.1499938964844,293.1499938964844,0.0,-0.0,284.5174255371094,0.8375228643417358,0.3433716595172882,0.3116152286529541,297.0372619628906,297.1499938964844,293.1499938964844,0.0,-0.0,284.51708984375,0.9649300575256348,0.5172694325447083,0.4916492402553558,297.45562744140625,297.1499938964844,293.1499938964844,0.0,-0.0,284.5169982910156,0.9990000128746032,0.640735387802124,0.4114820957183838,297.13946533203125,297.1499938964844,293.1499938964844,0.0,-0.0,284.5175170898437,0.8201108574867249,0.3208610117435455,0.3067476153373718,297.1512756347656,297.1499938964844,293.1499938964844,0.0,-0.0,284.5180969238281,0.7211140394210815,0.2150828540325164,0.981772780418396,284.5171813964844,284.95001220703125,294.66552734375,287.8640441894531,294.6658630371094,297.2520446777344,284.5155334472656,1.0,0.5652257204055786,1.0,1.0,0.0,1.0,-3.0056989192962646,3.005691766738892,7.26011876395205e-06,2.320085287094116,0.8924014568328857,0.8924014568328857,0.0,142.73001098632812,146.0,31966.5078125,-0.0,2283.607421875,1.0,281.2582092285156,283.3571472167969,290.91632080078125,293.0454406738281,293.1499938964844,293.1499938964844,281.54998779296875,36470.83203125,36000.0,313.1499938964844,0.0,18000.0,1.0,0.0,0.0,0.0,1.0,0.8670198917388916,1.0,0.0,0.0,3.64538836479187,3.64541244506836,8.867086194186413e-07,4.265924453735352,4.265914440155029,9.78592834144365e-06,0.0,0.0,-0.0,4760.0927734375,0.0,1531.5623779296875,1895.4371337890625,0.0,3094.8544921875,0.9045472741127014,1.0,0.0,3.0,1.0,0.0
12068220,297.0771484375,297.1499938964844,293.1499938964844,0.0,-0.0,284.686279296875,0.8334158062934875,0.3423171639442444,0.3102879822254181,297.0338439941406,297.1499938964844,293.1499938964844,0.0,-0.0,284.6865539550781,0.9597116112709044,0.5154709815979004,0.4895346462726593,297.44122314453125,297.1499938964844,293.1499938964844,0.0,-0.0,284.6866455078125,0.9990000128746032,0.6431183815002441,0.4162248075008392,297.1346435546875,297.1499938964844,293.1499938964844,0.0,-0.0,284.68621826171875,0.8164210915565491,0.3202195465564728,0.3058761954307556,297.14599609375,297.1499938964844,293.1499938964844,0.0,-0.0,284.6857604980469,0.7177684903144836,0.2145520597696304,0.9786115884780884,284.6864929199219,284.95001220703125,294.64666748046875,287.8420104980469,294.6470031738281,297.24346923828125,284.687744140625,1.0,0.5659176707267761,1.0,1.0,0.0,1.0,-3.002406120300293,3.00239896774292,7.243904292408843e-06,2.317408323287964,0.8902541995048523,0.8902541995048523,0.0,144.51614379882812,149.0,30902.283203125,-0.0,2286.849853515625,1.0,281.5420837402344,283.57373046875,290.77410888671875,292.76904296875,293.1499938964844,293.1499938964844,281.8500061035156,36395.1484375,36000.0,313.1499938964844,0.0,18000.0,1.0,0.0,0.0,0.0,1.0,0.8485581874847412,1.0,0.0,0.0,3.62984561920166,3.6298694610595694,8.791633945293142e-07,4.265924453735352,4.265914440155029,9.78592834144365e-06,0.0,0.0,-0.0,4630.49755859375,0.0,1513.8013916015625,1895.4371337890625,0.0,2921.7685546875,0.90105539560318,1.0,0.0,3.0,1.0,0.0
12068280,297.0771484375,297.1499938964844,293.1499938964844,0.0,-0.0,284.686279296875,0.8334158062934875,0.3423171639442444,0.3102879822254181,297.0338439941406,297.1499938964844,293.1499938964844,0.0,-0.0,284.6865539550781,0.9597116112709044,0.5154709815979004,0.4895346462726593,297.44122314453125,297.1499938964844,293.1499938964844,0.0,-0.0,284.6866455078125,0.9990000128746032,0.6431183815002441,0.4162248075008392,297.1346435546875,297.1499938964844,293.1499938964844,0.0,-0.0,284.68621826171875,0.8164210915565491,0.3202195465564728,0.3058761954307556,297.14599609375,297.1499938964844,293.1499938964844,0.0,-0.0,284.6857604980469,0.7177684903144836,0.2145520597696304,0.9786115884780884,284.6864929199219,284.95001220703125,294.64666748046875,287.8420104980469,294.6470031738281,297.24346923828125,284.687744140625,1.0,0.5659176707267761,1.0,1.0,0.0,1.0,-3.002406120300293,3.00239896774292,7.243904292408843e-06,2.317408323287964,0.8902541995048523,0.8902541995048523,0.0,144.51614379882812,149.0,30902.283203125,-0.0,2286.849853515625,1.0,281.5420837402344,283.57373046875,290.77410888671875,292.76904296875,293.1499938964844,293.1499938964844,281.8500061035156,36395.1484375,36000.0,313.1499938964844,0.0,18000.0,1.0,0.0,0.0,0.0,1.0,0.8485581874847412,1.0,0.0,0.0,3.62984561920166,3.6298694610595694,8.791633945293142e-07,4.265924453735352,4.265914440155029,9.78592834144365e-06,0.0,0.0,-0.0,4630.49755859375,0.0,1513.8013916015625,1895.4371337890625,0.0,2921.7685546875,0.90105539560318,1.0,0.0,3.0,1.0,0.0
12068340,297.0884704589844,297.1499938964844,293.1499938964844,0.0,-0.0,284.8795166015625,0.8315532207489014,0.3425354063510895,0.3103092610836029,297.04510498046875,297.1499938964844,293.1499938964844,0.0,-0.0,284.8798217773437,0.9568818807601928,0.5151309967041016,0.4889884293079376,297.4468078613281,297.1499938964844,293.1499938964844,0.0,-0.0,284.8799133300781,0.9990000128746032,0.6473571062088013,0.4192553460597992,297.1412658691406,297.1499938964844,293.1499938964844,0.0,-0.0,284.87945556640625,0.8147633075714111,0.3206877112388611,0.3061432540416717,297.1501770019531,297.1499938964844,293.1499938964844,0.0,-0.0,284.8789367675781,0.7163224220275879,0.214917242527008,0.9795705676078796,284.8797302246094,284.95001220703125,294.6284484863281,287.81982421875,294.6287841796875,297.2519836425781,284.881103515625,1.0,0.567404568195343,1.0,1.0,0.0,1.0,-3.006885051727295,3.0068776607513428,7.265328804351157e-06,2.3207781314849854,0.8909181952476501,0.8909181952476501,0.0,145.9309539794922,152.0,29934.806640625,-0.0,2302.168701171875,1.0,281.841552734375,283.8138427734375,290.7273864746094,292.637451171875,293.1499938964844,293.1499938964844,282.1499938964844,36201.48046875,36000.0,313.1499938964844,0.0,18000.0,1.0,0.0,0.0,0.0,1.0,0.8259230852127075,1.0,0.0,0.0,3.62165117263794,3.6216750144958496,8.751984523769352e-07,4.265924453735352,4.265914440155029,9.78592834144365e-06,0.0,0.0,-0.0,4549.197265625,0.0,1503.35302734375,1895.4371337890625,0.0,2710.52734375,0.8990992903709412,1.0,0.0,3.0,1.0,0.0
12068400,297.0884704589844,297.1499938964844,293.1499938964844,0.0,-0.0,284.8795166015625,0.8315532207489014,0.3425354063510895,0.3103092610836029,297.04510498046875,297.1499938964844,293.1499938964844,0.0,-0.0,284.8798217773437,0.9568818807601928,0.5151309967041016,0.4889884293079376,297.4468078613281,297.1499938964844,293.1499938964844,0.0,-0.0,284.8799133300781,0.9990000128746032,0.6473571062088013,0.4192553460597992,297.1412658691406,297.1499938964844,293.1499938964844,0.0,-0.0,284.87945556640625,0.8147633075714111,0.3206877112388611,0.3061432540416717,297.1501770019531,297.1499938964844,293.1499938964844,0.0,-0.0,284.8789367675781,0.7163224220275879,0.214917242527008,0.9795705676078796,284.8797302246094,284.95001220703125,294.6284484863281,287.81982421875,294.6287841796875,297.2519836425781,284.881103515625,1.0,0.567404568195343,1.0,1.0,0.0,1.0,-3.006885051727295,3.0068776607513428,7.265328804351157e-06,2.3207781314849854,0.8909181952476501,0.8909181952476501,0.0,145.9309539794922,152.0,29934.806640625,-0.0,2302.168701171875,1.0,281.841552734375,283.8138427734375,290.7273864746094,292.637451171875,293.1499938964844,293.1499938964844,282.1499938964844,36201.48046875,36000.0,313.1499938964844,0.0,18000.0,1.0,0.0,0.0,0.0,1.0,0.8259230852127075,1.0,0.0,0.0,3.62165117263794,3.6216750144958496,8.751984523769352e-07,4.265924453735352,4.265914440155029,9.78592834144365e-06,0.0,0.0,-0.0,4549.197265625,0.0,1503.35302734375,1895.4371337890625,0.0,2710.52734375,0.8990992903709412,1.0,0.0,3.0,1.0,0.0
12068460,297.10418701171875,297.1499938964844,293.1499938964844,0.0,-0.0,285.081298828125,0.8304697871208191,0.3433427512645721,0.3109532594680786,297.0621337890625,297.1499938964844,293.1499938964844,0.0,-0.0,285.0815734863281,0.9549183249473572,0.5155218839645386,0.489244282245636,297.46270751953125,297.1499938964844,293.1499938964844,0.0,-0.0,285.0816650390625,0.9990000128746032,0.6527172327041626,0.4218907058238983,297.1531677246094,297.1499938964844,293.1499938964844,0.0,-0.0,285.08123779296875,0.8139267563819885,0.3217791020870209,0.3070815503597259,297.1595764160156,297.1499938964844,293.1499938964844,0.0,-0.0,285.0806579589844,0.7157783508300781,0.2158648818731308,0.9834171533584596,285.0815124511719,284.95001220703125,294.6107482910156,287.79754638671875,294.611083984375,297.2684326171875,285.08270263671875,1.0,0.5696423053741455,1.0,1.0,0.0,1.0,-3.0168817043304443,3.016874313354492,7.313623882510001e-06,2.328453540802002,0.894306480884552,0.894306480884552,0.0,147.41421508789062,155.0,29087.189453125,-0.0,2327.88818359375,1.0,282.1415100097656,284.056640625,290.7177734375,292.566162109375,293.1499938964844,293.1499938964844,282.45001220703125,35951.140625,36000.0,313.1499938964844,0.0,18000.0,1.0,0.0,0.0,0.0,1.0,0.8065731525421143,1.0,0.0,0.0,3.622669458389282,3.622693300247192,8.756906595408509e-07,4.265924453735352,4.265914440155029,9.78592834144365e-06,0.0,0.0,-0.0,4484.8603515625,0.0,1502.6112060546875,1895.4371337890625,0.0,2531.672119140625,0.8991577625274658,1.0,0.0,3.0,1.0,0.0
12068520,297.10418701171875,297.1499938964844,293.1499938964844,0.0,-0.0,285.081298828125,0.8304697871208191,0.3433427512645721,0.3109532594680786,297.0621337890625,297.1499938964844,293.1499938964844,0.0,-0.0,285.0815734863281,0.9549183249473572,0.5155218839645386,0.489244282245636,297.46270751953125,297.1499938964844,293.1499938964844,0.0,-0.0,285.0816650390625,0.9990000128746032,0.6527172327041626,0.4218907058238983,297.1531677246094,297.1499938964844,293.1499938964844,0.0,-0.0,285.08123779296875,0.8139267563819885,0.3217791020870209,0.3070815503597259,297.1595764160156,297.1499938964844,293.1499938964844,0.0,-0.0,285.0806579589844,0.7157783508300781,0.2158648818731308,0.9834171533584596,285.0815124511719,284.95001220703125,294.6107482910156,287.79754638671875,294.611083984375,297.2684326171875,285.08270263671875,1.0,0.5696423053741455,1.0,1.0,0.0,1.0,-3.0168817043304443,3.016874313354492,7.313623882510001e-06,2.328453540802002,0.894306480884552,0.894306480884552,0.0,147.41421508789062,155.0,29087.189453125,-0.0,2327.88818359375,1.0,282.1415100097656,284.056640625,290.7177734375,292.566162109375,293.1499938964844,293.1499938964844,282.45001220703125,35951.140625,36000.0,313.1499938964844,0.0,18000.0,1.0,0.0,0.0,0.0,1.0,0.8065731525421143,1.0,0.0,0.0,3.622669458389282,3.622693300247192,8.756906595408509e-07,4.265924453735352,4.265914440155029,9.78592834144365e-06,0.0,0.0,-0.0,4484.8603515625,0.0,1502.6112060546875,1895.4371337890625,0.0,2531.672119140625,0.8991577625274658,1.0,0.0,3.0,1.0,0.0
12068580,297.1231384277344,297.1499938964844,293.1499938964844,0.0,-0.0,285.3109436035156,0.8298296928405762,0.3446776270866394,0.312069296836853,297.0831604003906,297.1499938964844,293.1499938964844,0.0,-0.0,285.3113098144531,0.953424632549286,0.5165336728096008,0.4900906383991241,297.4853820800781,297.1499938964844,293.1499938964844,0.0,-0.0,285.3114013671875,0.9990000128746032,0.6589673757553101,0.4244568049907684,297.1685791015625,297.1499938964844,293.1499938964844,0.0,-0.0,285.31085205078125,0.8135546445846558,0.3233765363693237,0.3085101246833801,297.17242431640625,297.1499938964844,293.1499938964844,0.0,-0.0,285.31024169921875,0.7157919406890869,0.2172857671976089,0.9894565343856812,285.3111877441406,284.95001220703125,294.593505859375,287.775146484375,294.59381103515625,297.2901306152344,285.3128967285156,1.0,0.5725409984588623,1.0,1.0,0.0,1.0,-3.031298875808716,3.031291484832764,7.38365179131506e-06,2.3395638465881348,0.9010255932807922,0.9010255932807922,0.0,149.05532836914062,158.0,28462.505859375,-0.0,2362.67626953125,1.0,282.4415588378906,284.3096008300781,290.71832275390625,292.5255432128906,293.1499938964844,293.1499938964844,282.1499938964844,35647.33984375,36000.0,313.1499938964844,0.0,18000.0,1.0,0.0,0.0,0.0,1.0,0.7919602990150452,1.0,0.0,0.0,3.635021924972534,3.635045766830444,8.816726904115058e-07,4.265924453735352,4.265914440155029,9.78592834144365e-06,0.0,0.0,-0.0,4946.67578125,0.0,1513.940673828125,1895.4371337890625,0.0,2398.1591796875,0.901708722114563,1.0,0.0,3.0,1.0,0.0
12068640,297.1231384277344,297.1499938964844,293.1499938964844,0.0,-0.0,285.3109436035156,0.8298296928405762,0.3446776270866394,0.312069296836853,297.0831604003906,297.1499938964844,293.1499938964844,0.0,-0.0,285.3113098144531,0.953424632549286,0.5165336728096008,0.4900906383991241,297.4853820800781,297.1499938964844,293.1499938964844,0.0,-0.0,285.3114013671875,0.9990000128746032,0.6589673757553101,0.4244568049907684,297.1685791015625,297.1499938964844,293.1499938964844,0.0,-0.0,285.31085205078125,0.8135546445846558,0.3233765363693237,0.3085101246833801,297.17242431640625,297.1499938964844,293.1499938964844,0.0,-0.0,285.31024169921875,0.7157919406890869,0.2172857671976089,0.9894565343856812,285.3111877441406,284.95001220703125,294.593505859375,287.775146484375,294.59381103515625,297.2901306152344,285.3128967285156,1.0,0.5725409984588623,1.0,1.0,0.0,1.0,-3.031298875808716,3.031291484832764,7.38365179131506e-06,2.3395638465881348,0.9010255932807922,0.9010255932807922,0.0,149.05532836914062,158.0,28462.505859375,-0.0,2362.67626953125,1.0,282.4415588378906,284.3096008300781,290.71832275390625,292.5255432128906,293.1499938964844,293.1499938964844,282.1499938964844,35647.33984375,36000.0,313.1499938964844,0.0,18000.0,1.0,0.0,0.0,0.0,1.0,0.7919602990150452,1.0,0.0,0.0,3.635021924972534,3.635045766830444,8.816726904115058e-07,4.265924453735352,4.265914440155029,9.78592834144365e-06,0.0,0.0,-0.0,4946.67578125,0.0,1513.940673828125,1895.4371337890625,0.0,2398.1591796875,0.901708722114563,1.0,0.0,3.0,1.0,0.0
12068700,297.1259460449219,297.1499938964844,293.1499938964844,0.0,-0.0,285.1627502441406,0.8291648626327515,0.3447914719581604,0.3125339150428772,297.087158203125,297.1499938964844,293.1499938964844,0.0,-0.0,285.16070556640625,0.9522662162780762,0.5165096521377563,0.4904453754425049,297.4884338378906,297.1499938964844,293.1499938964844,0.0,-0.0,285.1600952148437,0.9990000128746032,0.6613996028900146,0.4261868894100189,297.1722412109375,297.1499938964844,293.1499938964844,0.0,-0.0,285.16314697265625,0.8130871057510376,0.3238581120967865,0.3092153966426849,297.17626953125,297.1499938964844,293.1499938964844,0.0,-0.0,285.16656494140625,0.7155933976173401,0.2178080081939697,0.9926409721374512,285.1612854003906,284.95001220703125,294.5849914550781,287.7639465332031,294.5853271484375,297.2935791015625,285.1519775390625,1.0,0.5741694569587708,1.0,1.0,0.0,1.0,-3.0390431880950928,3.0390357971191406,7.421574537147535e-06,2.3456032276153564,0.9010055065155028,0.9010055065155028,0.0,150.09127807617188,158.0,29136.626953125,-0.0,2382.28271484375,1.0,282.1988525390625,284.1312866210937,290.8212585449219,292.7663269042969,293.1499938964844,293.1499938964844,282.1499938964844,35696.7265625,36000.0,313.1499938964844,0.0,18000.0,1.0,0.0,0.0,0.0,1.0,0.8035975098609924,1.0,0.0,0.0,3.641087770462036,3.6411116123199454,8.846176342558465e-07,4.265924453735352,4.265914440155029,9.78592834144365e-06,0.0,0.0,-0.0,4831.244140625,0.0,1521.01220703125,1895.4371337890625,0.0,2504.362060546875,0.9030340313911438,1.0,0.0,3.0,1.0,0.0
12068760,297.1225891113281,297.1499938964844,293.1499938964844,0.0,-0.0,285.10546875,0.8271978497505188,0.3443090915679931,0.3123565018177032,297.0845031738281,297.1499938964844,293.1499938964844,0.0,-0.0,285.1051330566406,0.9495607018470764,0.515853226184845,0.4901153743267059,297.481689453125,297.1499938964844,293.1499938964844,0.0,-0.0,285.10504150390625,0.9990000128746032,0.6628840565681458,0.4292148351669311,297.1711120605469,297.1499938964844,293.1499938964844,0.0,-0.0,285.10552978515625,0.8114389777183533,0.3238888084888458,0.3094694018363952,297.1763916015625,297.1499938964844,293.1499938964844,0.0,-0.0,285.1061096191406,0.7143381834030151,0.2179860919713974,0.9943339824676514,285.105224609375,284.95001220703125,294.5765686035156,287.7527160644531,294.576904296875,297.28826904296875,285.1037292480469,1.0,0.575742781162262,1.0,1.0,0.0,1.0,-3.0444185733795166,3.0444111824035645,7.4480194598436356e-06,2.349822998046875,0.9014281034469604,0.9014281034469604,0.0,151.58116149902344,161.0,29216.986328125,-0.0,2399.94677734375,1.0,282.1577453613281,284.07684326171875,290.83026123046875,292.7596130371094,293.1499938964844,293.1499938964844,281.8500061035156,35760.5390625,36000.0,313.1499938964844,0.0,18000.0,1.0,0.0,0.0,0.0,1.0,0.8129757046699524,1.0,0.0,0.0,3.6448700428009033,3.6448938846588135,8.864564051691559e-07,4.265924453735352,4.265914440155029,9.78592834144365e-06,0.0,0.0,-0.0,5063.3720703125,0.0,1525.679443359375,1895.4371337890625,0.0,2590.622802734375,0.9039546847343444,1.0,0.0,3.0,1.0,0.0
12068820,297.1073913574219,297.1499938964844,293.1499938964844,0.0,-0.0,284.8850402832031,0.8213745355606079,0.3424315750598907,0.3110603392124176,297.0692443847656,297.1499938964844,293.1499938964844,0.0,-0.0,284.8847045898437,0.9416954517364502,0.5134870409965515,0.4883416891098022,297.4483947753906,297.1499938964844,293.1499938964844,0.0,-0.0,284.88458251953125,0.9990000128746032,0.6637370586395264,0.4372461140155792,297.16070556640625,297.1499938964844,293.1499938964844,0.0,-0.0,284.8851013183594,0.8061564564704895,0.3231120109558105,0.309125542640686,297.1692810058594,297.1499938964844,293.1499938964844,0.0,-0.0,284.8856811523437,0.7099169492721558,0.2176117599010467,0.9943714737892152,284.8847961425781,284.95001220703125,294.5599060058594,287.73028564453125,294.5602111816406,297.263916015625,284.8831787109375,1.0,0.5785943865776062,1.0,1.0,0.0,1.0,-3.050021886825561,3.0500144958496094,7.475682650692761e-06,2.354241371154785,0.89870685338974,0.89870685338974,0.0,155.22328186035156,164.0,29987.3046875,-0.0,2429.2890625,1.0,281.8582763671875,283.8273010253906,290.8243713378906,292.828857421875,293.1499938964844,293.1499938964844,282.1499938964844,35985.15625,36000.0,313.1499938964844,0.0,18000.0,1.0,0.0,0.0,0.0,1.0,0.8361791968345642,1.0,0.0,0.0,3.646119594573975,3.646143674850464,8.870644023772911e-07,4.265924453735352,4.265914440155029,9.78592834144365e-06,0.0,0.0,-0.0,4592.8056640625,0.0,1528.744873046875,1895.4371337890625,0.0,2806.039306640625,0.9043808579444884,1.0,0.0,3.0,1.0,0.0
12068880,297.1073913574219,297.1499938964844,293.1499938964844,0.0,-0.0,284.8850402832031,0.8213745355606079,0.3424315750598907,0.3110603392124176,297.0692443847656,297.1499938964844,293.1499938964844,0.0,-0.0,284.8847045898437,0.9416954517364502,0.5134870409965515,0.4883416891098022,297.4483947753906,297.1499938964844,293.1499938964844,0.0,-0.0,284.88458251953125,0.9990000128746032,0.6637370586395264,0.4372461140155792,297.16070556640625,297.1499938964844,293.1499938964844,0.0,-0.0,284.8851013183594,0.8061564564704895,0.3231120109558105,0.309125542640686,297.1692810058594,297.1499938964844,293.1499938964844,0.0,-0.0,284.8856811523437,0.7099169492721558,0.2176117599010467,0.9943714737892152,284.8847961425781,284.95001220703125,294.5599060058594,287.73028564453125,294.5602111816406,297.263916015625,284.8831787109375,1.0,0.5785943865776062,1.0,1.0,0.0,1.0,-3.050021886825561,3.0500144958496094,7.475682650692761e-06,2.354241371154785,0.89870685338974,0.89870685338974,0.0,155.22328186035156,164.0,29987.3046875,-0.0,2429.2890625,1.0,281.8582763671875,283.8273010253906,290.8243713378906,292.828857421875,293.1499938964844,293.1499938964844,282.1499938964844,35985.15625,36000.0,313.1499938964844,0.0,18000.0,1.0,0.0,0.0,0.0,1.0,0.8361791968345642,1.0,0.0,0.0,3.646119594573975,3.646143674850464,8.870644023772911e-07,4.265924453735352,4.265914440155029,9.78592834144365e-06,0.0,0.0,-0.0,4592.8056640625,0.0,1528.744873046875,1895.4371337890625,0.0,2806.039306640625,0.9043808579444884,1.0,0.0,3.0,1.0,0.0
12068940,297.1072998046875,297.1499938964844,293.1499938964844,0.0,-0.0,285.0799865722656,0.8164348006248474,0.3418584167957306,0.3102039396762848,297.0683288574219,297.1499938964844,293.1499938964844,0.0,-0.0,285.0802917480469,0.9347192049026488,0.5123476982116699,0.4869085848331451,297.42840576171875,297.1499938964844,293.1499938964844,0.0,-0.0,285.0804138183594,0.9990000128746032,0.6654590964317322,0.4444825649261474,297.1586608886719,297.1499938964844,293.1499938964844,0.0,-0.0,285.0799255371094,0.8013991713523865,0.3230241537094116,0.3088508248329162,297.1666564941406,297.1499938964844,293.1499938964844,0.0,-0.0,285.0793762207031,0.7057181000709534,0.2175768166780471,0.9938241839408876,285.0802307128906,284.95001220703125,294.5433959960937,287.7078552246094,294.543701171875,297.2535705566406,285.0816955566406,1.0,0.5811993479728699,1.0,1.0,0.0,1.0,-3.0549745559692383,3.054967164993286,7.499815183109604e-06,2.357994318008423,0.902009904384613,0.902009904384613,0.0,158.5475311279297,167.0,29246.69140625,-0.0,2455.8671875,1.0,282.14215087890625,284.0536193847656,290.6693115234375,292.5618591308594,293.1499938964844,293.1499938964844,281.8500061035156,35843.34375,36000.0,313.1499938964844,0.0,18000.0,1.0,0.0,0.0,0.0,1.0,0.8235288858413696,1.0,0.0,0.0,3.6510045528411865,3.651028633117676,8.89442844709265e-07,4.265924453735352,4.265914440155029,9.78592834144365e-06,0.0,0.0,-0.0,5004.111328125,0.0,1533.114013671875,1895.4371337890625,0.0,2688.292724609375,0.9054065346717834,1.0,0.0,3.0,1.0,0.0
12069000,297.1072998046875,297.1499938964844,293.1499938964844,0.0,-0.0,285.0799865722656,0.8164348006248474,0.3418584167957306,0.3102039396762848,297.0683288574219,297.1499938964844,293.1499938964844,0.0,-0.0,285.0802917480469,0.9347192049026488,0.5123476982116699,0.4869085848331451,297.42840576171875,297.1499938964844,293.1499938964844,0.0,-0.0,285.0804138183594,0.9990000128746032,0.6654590964317322,0.4444825649261474,297.1586608886719,297.1499938964844,293.1499938964844,0.0,-0.0,285.0799255371094,0.8013991713523865,0.3230241537094116,0.3088508248329162,297.1666564941406,297.1499938964844,293.1499938964844,0.0,-0.0,285.0793762207031,0.7057181000709534,0.2175768166780471,0.9938241839408876,285.0802307128906,284.95001220703125,294.5433959960937,287.7078552246094,294.543701171875,297.2535705566406,285.0816955566406,1.0,0.5811993479728699,1.0,1.0,0.0,1.0,-3.0549745559692383,3.054967164993286,7.499815183109604e-06,2.357994318008423,0.902009904384613,0.902009904384613,0.0,158.5475311279297,167.0,29246.69140625,-0.0,2455.8671875,1.0,282.14215087890625,284.0536193847656,290.6693115234375,292.5618591308594,293.1499938964844,293.1499938964844,281.8500061035156,35843.34375,36000.0,313.1499938964844,0.0,18000.0,1.0,0.0,0.0,0.0,1.0,0.8235288858413696,1.0,0.0,0.0,3.6510045528411865,3.651028633117676,8.89442844709265e-07,4.265924453735352,4.265914440155029,9.78592834144365e-06,0.0,0.0,-0.0,5004.111328125,0.0,1533.114013671875,1895.4371337890625,0.0,2688.292724609375,0.9054065346717834,1.0,0.0,3.0,1.0,0.0
12069060,297.0998840332031,297.1499938964844,293.1499938964844,0.0,-0.0,284.8730773925781,0.8120183944702148,0.340585321187973,0.3095507621765136,297.0610656738281,297.1499938964844,293.1499938964844,0.0,-0.0,284.87274169921875,0.9285064339637756,0.5105953812599182,0.4857651591300964,297.4009704589844,297.1499938964844,293.1499938964844,0.0,-0.0,284.8725891113281,0.9990000128746032,0.6662300229072571,0.4511117041110992,297.1532287597656,297.1499938964844,293.1499938964844,0.0,-0.0,284.8731384277344,0.7973060607910156,0.3225953280925751,0.3088114857673645,297.1619873046875,297.1499938964844,293.1499938964844,0.0,-0.0,284.87371826171875,0.7021055817604065,0.2173231989145279,0.994079053401947,284.8728332519531,284.95001220703125,294.52691650390625,287.6854858398437,294.5272216796875,297.2373352050781,284.87127685546875,1.0,0.5838223695755005,1.0,1.0,0.0,1.0,-3.061049222946167,3.061041593551636,7.529862159572076e-06,2.3627638816833496,0.8992934226989746,0.8992934226989746,0.0,161.70809936523438,170.0,29942.04296875,-0.0,2483.781005859375,1.0,281.8577880859375,283.8210754394531,290.72613525390625,292.7079772949219,293.1499938964844,293.1499938964844,282.1499938964844,36028.015625,36000.0,313.1499938964844,0.0,18000.0,1.0,0.0,0.0,0.0,1.0,0.8356897830963135,1.0,0.0,0.0,3.650942325592041,3.6509664058685294,8.894124903235934e-07,4.265924453735352,4.265914440155029,9.78592834144365e-06,0.0,0.0,-0.0,4565.14306640625,0.0,1534.4267578125,1895.4371337890625,0.0,2801.47265625,0.9054913520812988,1.0,0.0,3.0,1.0,0.0
12069120,297.0998840332031,297.1499938964844,293.1499938964844,0.0,-0.0,284.8730773925781,0.8120183944702148,0.340585321187973,0.3095507621765136,297.0610656738281,297.1499938964844,293.1499938964844,0.0,-0.0,284.87274169921875,0.9285064339637756,0.5105953812599182,0.4857651591300964,297.4009704589844,297.1499938964844,293.1499938964844,0.0,-0.0,284.8725891113281,0.9990000128746032,0.6662300229072571,0.4511117041110992,297.1532287597656,297.1499938964844,293.1499938964844,0.0,-0.0,284.8731384277344,0.7973060607910156,0.3225953280925751,0.3088114857673645,297.1619873046875,297.1499938964844,293.1499938964844,0.0,-0.0,284.87371826171875,0.7021055817604065,0.2173231989145279,0.994079053401947,284.8728332519531,284.95001220703125,294.52691650390625,287.6854858398437,294.5272216796875,297.2373352050781,284.87127685546875,1.0,0.5838223695755005,1.0,1.0,0.0,1.0,-3.061049222946167,3.061041593551636,7.529862159572076e-06,2.3627638816833496,0.8992934226989746,0.8992934226989746,0.0,161.70809936523438,170.0,29942.04296875,-0.0,2483.781005859375,1.0,281.8577880859375,283.8210754394531,290.72613525390625,292.7079772949219,293.1499938964844,293.1499938964844,282.1499938964844,36028.015625,36000.0,313.1499938964844,0.0,18000.0,1.0,0.0,0.0,0.0,1.0,0.8356897830963135,1.0,0.0,0.0,3.650942325592041,3.6509664058685294,8.894124903235934e-07,4.265924453735352,4.265914440155029,9.78592834144365e-06,0.0,0.0,-0.0,4565.14306640625,0.0,1534.4267578125,1895.4371337890625,0.0,2801.47265625,0.9054913520812988,1.0,0.0,3.0,1.0,0.0
12069180,297.1025695800781,297.1499938964844,293.1499938964844,0.0,-0.0,285.07745361328125,0.8076848983764648,0.3402005434036255,0.3089078962802887,297.06353759765625,297.1499938964844,293.1499938964844,0.0,-0.0,285.07769775390625,0.9225457906723022,0.5096982717514038,0.484607845544815,297.3859558105469,297.1499938964844,293.1499938964844,0.0,-0.0,285.0777893066406,0.9990000128746032,0.6678566932678223,0.457541823387146,297.1539306640625,297.1499938964844,293.1499938964844,0.0,-0.0,285.077392578125,0.7933692932128906,0.3226910829544067,0.3087289333343506,297.1612548828125,297.1499938964844,293.1499938964844,0.0,-0.0,285.076904296875,0.6985668540000916,0.2173917293548584,0.9939686059951782,285.0776672363281,284.95001220703125,294.51043701171875,287.6632080078125,294.5107421875,297.2308349609375,285.0791931152344,1.0,0.5863178372383118,1.0,1.0,0.0,1.0,-3.0663771629333496,3.0663695335388184,7.555947831860976e-06,2.3668134212493896,0.9026660323143004,0.9026660323143004,0.0,164.78509521484375,173.0,29260.28515625,-0.0,2509.9541015625,1.0,282.1421813964844,284.0523986816406,290.6140441894531,292.49688720703125,293.1499938964844,293.1499938964844,281.8500061035156,35865.9375,36000.0,313.1499938964844,0.0,18000.0,1.0,0.0,0.0,0.0,1.0,0.8214400410652161,1.0,0.0,0.0,3.654995679855346,3.655019760131836,8.913885380934516e-07,4.265924453735352,4.265914440155029,9.78592834144365e-06,0.0,0.0,-0.0,4990.87841796875,0.0,1537.7291259765625,1895.4371337890625,0.0,2668.91552734375,0.9063170552253724,1.0,0.0,3.0,1.0,0.0
12069240,297.1025695800781,297.1499938964844,293.1499938964844,0.0,-0.0,285.07745361328125,0.8076848983764648,0.3402005434036255,0.3089078962802887,297.06353759765625,297.1499938964844,293.1499938964844,0.0,-0.0,285.07769775390625,0.9225457906723022,0.5096982717514038,0.484607845544815,297.3859558105469,297.1499938964844,293.1499938964844,0.0,-0.0,285.0777893066406,0.9990000128746032,0.6678566932678223,0.457541823387146,297.1539306640625,297.1499938964844,293.1499938964844,0.0,-0.0,285.077392578125,0.7933692932128906,0.3226910829544067,0.3087289333343506,297.1612548828125,297.1499938964844,293.1499938964844,0.0,-0.0,285.076904296875,0.6985668540000916,0.2173917293548584,0.9939686059951782,285.0776672363281,284.95001220703125,294.51043701171875,287.6632080078125,294.5107421875,297.2308349609375,285.0791931152344,1.0,0.5863178372383118,1.0,1.0,0.0,1.0,-3.0663771629333496,3.0663695335388184,7.555947831860976e-06,2.3668134212493896,0.9026660323143004,0.9026660323143004,0.0,164.78509521484375,173.0,29260.28515625,-0.0,2509.9541015625,1.0,282.1421813964844,284.0523986816406,290.6140441894531,292.49688720703125,293.1499938964844,293.1499938964844,281.8500061035156,35865.9375,36000.0,313.1499938964844,0.0,18000.0,1.0,0.0,0.0,0.0,1.0,0.8214400410652161,1.0,0.0,0.0,3.654995679855346,3.655019760131836,8.913885380934516e-07,4.265924453735352,4.265914440155029,9.78592834144365e-06,0.0,0.0,-0.0,4990.87841796875,0.0,1537.7291259765625,1895.4371337890625,0.0,2668.91552734375,0.9063170552253724,1.0,0.0,3.0,1.0,0.0
12069300,297.1017761230469,297.1499938964844,293.1499938964844,0.0,-0.0,284.9277648925781,0.8060526251792908,0.3398289084434509,0.3088664412498474,297.06304931640625,297.1499938964844,293.1499938964844,0.0,-0.0,284.9257202148437,0.9202613830566406,0.5091086626052856,0.4843475222587585,297.3768005371094,297.1499938964844,293.1499938964844,0.0,-0.0,284.9248046875,0.9990000128746032,0.6684605479240417,0.4602296650409698,297.153564453125,297.1499938964844,293.1499938964844,0.0,-0.0,284.9281311035156,0.7919434905052185,0.3226832449436188,0.3089194893836975,297.1607971191406,297.1499938964844,293.1499938964844,0.0,-0.0,284.9314880371094,0.6973145008087158,0.2174178510904312,0.9947670102119446,284.9262084960937,284.95001220703125,294.50213623046875,287.652099609375,294.50244140625,297.2265625,284.9169921875,1.0,0.587640106678009,1.0,1.0,0.0,1.0,-3.07043719291687,3.070429563522339,7.576059488201281e-06,2.369984865188598,0.9010611772537231,0.9010611772537231,0.0,166.16134643554688,173.0,29907.041015625,-0.0,2524.87744140625,1.0,281.8985290527344,283.8732604980469,290.6887512207031,292.69537353515625,293.1499938964844,293.1499938964844,281.8500061035156,35951.73046875,36000.0,313.1499938964844,0.0,18000.0,1.0,0.0,0.0,0.0,1.0,0.8294416069984436,1.0,0.0,0.0,3.6560540199279785,3.656078100204468,8.919047331801266e-07,4.265924453735352,4.265914440155029,9.78592834144365e-06,0.0,0.0,-0.0,4861.68505859375,0.0,1539.552490234375,1895.4371337890625,0.0,2743.248291015625,0.9065507054328918,1.0,0.0,3.0,1.0,0.0
12069360,297.09625244140625,297.1499938964844,293.1499938964844,0.0,-0.0,284.8708190917969,0.8034813404083252,0.3389824032783508,0.3083236813545227,297.0577087402344,297.1499938964844,293.1499938964844,0.0,-0.0,284.8704833984375,0.9170079231262208,0.5080329775810242,0.4835708737373352,297.3607482910156,297.1499938964844,293.1499938964844,0.0,-0.0,284.8703308105469,0.9990000128746032,0.6683231592178345,0.4637316465377807,297.1498413085937,297.1499938964844,293.1499938964844,0.0,-0.0,284.8708801269531,0.7897621989250183,0.3223405480384826,0.3087808489799499,297.1578369140625,297.1499938964844,293.1499938964844,0.0,-0.0,284.8714294433594,0.6953731775283813,0.2171956449747085,0.9945138692855836,284.8705444335937,284.95001220703125,294.4938049316406,287.6410522460937,294.4941101074219,297.2166748046875,284.8690795898437,1.0,0.5888809561729431,1.0,1.0,0.0,1.0,-3.072593688964844,3.0725860595703125,7.5868319981964305e-06,2.3717024326324463,0.8999235033988953,0.8999235033988953,0.0,167.83981323242188,176.0,29957.16796875,-0.0,2537.7841796875,1.0,281.857666015625,283.82000732421875,290.686767578125,292.6659545898437,293.1499938964844,293.1499938964844,281.54998779296875,36042.1015625,36000.0,313.1499938964844,0.0,18000.0,1.0,0.0,0.0,0.0,1.0,0.8349637389183044,1.0,0.0,0.0,3.654404640197754,3.654428720474243,8.911002282729896e-07,4.265924453735352,4.265914440155029,9.78592834144365e-06,0.0,0.0,-0.0,5094.68505859375,0.0,1538.389892578125,1895.4371337890625,0.0,2794.69970703125,0.9062768816947936,1.0,0.0,3.0,1.0,0.0
12069420,297.0794677734375,297.1499938964844,293.1499938964844,0.0,-0.0,284.6606750488281,0.7959617972373962,0.3366055488586426,0.3065714240074157,297.0403137207031,297.1499938964844,293.1499938964844,0.0,-0.0,284.6602478027344,0.9079338312149048,0.505111038684845,0.4812504947185516,297.3201904296875,297.1499938964844,293.1499938964844,0.0,-0.0,284.6600646972656,0.9964944124221802,0.6668814420700073,0.4670011103153229,297.1371459960937,297.1499938964844,293.1499938964844,0.0,-0.0,284.6607360839844,0.7831807732582092,0.3210610449314117,0.3079465925693512,297.1474304199219,297.1499938964844,293.1499938964844,0.0,-0.0,284.661376953125,0.6893709897994995,0.216249018907547,0.9919140934944152,284.66033935546875,284.95001220703125,294.4769592285156,287.6190490722656,294.4772644042969,297.19049072265625,284.6585388183594,1.0,0.5907675623893738,1.0,1.0,0.0,1.0,-3.067517042160034,3.067509412765503,7.562231985502876e-06,2.3679723739624023,0.8943119049072266,0.8943119049072266,0.0,172.32464599609375,179.0,30715.51171875,-0.0,2551.555908203125,1.0,281.5582275390625,283.5762634277344,290.68658447265625,292.73193359375,293.1499938964844,293.1499938964844,281.8500061035156,36296.015625,36000.0,313.1499938964844,0.0,18000.0,1.0,0.0,0.0,0.0,1.0,0.8524176478385925,1.0,0.0,0.0,3.6441283226013184,3.644152164459229,8.860956768330652e-07,4.265924453735352,4.265914440155029,9.78592834144365e-06,0.0,0.0,-0.0,4616.1474609375,0.0,1528.8570556640625,1895.4371337890625,0.0,2957.920166015625,0.9041479825973512,1.0,0.0,3.0,1.0,0.0
12069480,297.0794677734375,297.1499938964844,293.1499938964844,0.0,-0.0,284.6606750488281,0.7959617972373962,0.3366055488586426,0.3065714240074157,297.0403137207031,297.1499938964844,293.1499938964844,0.0,-0.0,284.6602478027344,0.9079338312149048,0.505111038684845,0.4812504947185516,297.3201904296875,297.1499938964844,293.1499938964844,0.0,-0.0,284.6600646972656,0.9964944124221802,0.6668814420700073,0.4670011103153229,297.1371459960937,297.1499938964844,293.1499938964844,0.0,-0.0,284.6607360839844,0.7831807732582092,0.3210610449314117,0.3079465925693512,297.1474304199219,297.1499938964844,293.1499938964844,0.0,-0.0,284.661376953125,0.6893709897994995,0.216249018907547,0.9919140934944152,284.66033935546875,284.95001220703125,294.4769592285156,287.6190490722656,294.4772644042969,297.19049072265625,284.6585388183594,1.0,0.5907675623893738,1.0,1.0,0.0,1.0,-3.067517042160034,3.067509412765503,7.562231985502876e-06,2.3679723739624023,0.8943119049072266,0.8943119049072266,0.0,172.32464599609375,179.0,30715.51171875,-0.0,2551.555908203125,1.0,281.5582275390625,283.5762634277344,290.68658447265625,292.73193359375,293.1499938964844,293.1499938964844,281.8500061035156,36296.015625,36000.0,313.1499938964844,0.0,18000.0,1.0,0.0,0.0,0.0,1.0,0.8524176478385925,1.0,0.0,0.0,3.6441283226013184,3.644152164459229,8.860956768330652e-07,4.265924453735352,4.265914440155029,9.78592834144365e-06,0.0,0.0,-0.0,4616.1474609375,0.0,1528.8570556640625,1895.4371337890625,0.0,2957.920166015625,0.9041479825973512,1.0,0.0,3.0,1.0,0.0
12069540,297.07830810546875,297.1499938964844,293.1499938964844,0.0,-0.0,284.8402709960937,0.7899578809738159,0.335571676492691,0.3053334653377533,297.0380249023437,297.1499938964844,293.1499938964844,0.0,-0.0,284.840576171875,0.9009705185890198,0.5034633278846741,0.4793779850006103,297.31298828125,297.1499938964844,293.1499938964844,0.0,-0.0,284.8407287597656,0.9922084808349608,0.6682677865028381,0.4674294590950012,297.13397216796875,297.1499938964844,293.1499938964844,0.0,-0.0,284.8402404785156,0.7778333425521851,0.3205568194389343,0.3073068857192993,297.1434020996094,297.1499938964844,293.1499938964844,0.0,-0.0,284.8397216796875,0.6843698620796204,0.2157923430204391,0.989516258239746,284.84051513671875,284.95001220703125,294.4598083496094,287.59722900390625,294.4601135253906,297.1845703125,284.842529296875,1.0,0.592078685760498,1.0,1.0,0.0,1.0,-3.060626745223999,3.060619354248047,7.527831257903017e-06,2.362457513809204,0.8942824602127075,0.8942824602127075,0.0,176.0732421875,182.0,29778.11328125,-0.0,2557.986083984375,1.0,281.84210205078125,283.7965087890625,290.54266357421875,292.4657897949219,293.1499938964844,293.1499938964844,282.1499938964844,36185.82421875,36000.0,313.1499938964844,0.0,18000.0,1.0,0.0,0.0,0.0,1.0,0.836753785610199,1.0,0.0,0.0,3.6362669467926025,3.6362907886505127,8.822766517369018e-07,4.265924453735352,4.265914440155029,9.78592834144365e-06,0.0,0.0,-0.0,4494.6181640625,0.0,1519.3284912109375,1895.4371337890625,0.0,2811.401123046875,0.9023476243019104,1.0,0.0,3.0,1.0,0.0
12069600,297.07830810546875,297.1499938964844,293.1499938964844,0.0,-0.0,284.8402709960937,0.7899578809738159,0.335571676492691,0.3053334653377533,297.0380249023437,297.1499938964844,293.1499938964844,0.0,-0.0,284.840576171875,0.9009705185890198,0.5034633278846741,0.4793779850006103,297.31298828125,297.1499938964844,293.1499938964844,0.0,-0.0,284.8407287597656,0.9922084808349608,0.6682677865028381,0.4674294590950012,297.13397216796875,297.1499938964844,293.1499938964844,0.0,-0.0,284.8402404785156,0.7778333425521851,0.3205568194389343,0.3073068857192993,297.1434020996094,297.1499938964844,293.1499938964844,0.0,-0.0,284.8397216796875,0.6843698620796204,0.2157923430204391,0.989516258239746,284.84051513671875,284.95001220703125,294.4598083496094,287.59722900390625,294.4601135253906,297.1845703125,284.842529296875,1.0,0.592078685760498,1.0,1.0,0.0,1.0,-3.060626745223999,3.060619354248047,7.527831257903017e-06,2.362457513809204,0.8942824602127075,0.8942824602127075,0.0,176.0732421875,182.0,29778.11328125,-0.0,2557.986083984375,1.0,281.84210205078125,283.7965087890625,290.54266357421875,292.4657897949219,293.1499938964844,293.1499938964844,282.1499938964844,36185.82421875,36000.0,313.1499938964844,0.0,18000.0,1.0,0.0,0.0,0.0,1.0,0.836753785610199,1.0,0.0,0.0,3.6362669467926025,3.6362907886505127,8.822766517369018e-07,4.265924453735352,4.265914440155029,9.78592834144365e-06,0.0,0.0,-0.0,4494.6181640625,0.0,1519.3284912109375,1895.4371337890625,0.0,2811.401123046875,0.9023476243019104,1.0,0.0,3.0,1.0,0.0
12069660,297.0918884277344,297.1499938964844,293.1499938964844,0.0,-0.0,285.0663146972656,0.7880126237869263,0.3360284268856048,0.3055397570133209,297.0517578125,297.1499938964844,293.1499938964844,0.0,-0.0,285.0666809082031,0.8983567953109741,0.5034259557723999,0.479095458984375,297.32830810546875,297.1499938964844,293.1499938964844,0.0,-0.0,285.0668640136719,0.9914186596870422,0.671870231628418,0.4696827232837677,297.1427917480469,297.1499938964844,293.1499938964844,0.0,-0.0,285.0662536621094,0.7761579751968384,0.3212386071681976,0.3077730536460876,297.1493835449219,297.1499938964844,293.1499938964844,0.0,-0.0,285.0656433105469,0.6828563809394836,0.2163067013025283,0.9911459684371948,285.06658935546875,284.95001220703125,294.4422302246094,287.5756530761719,294.44256591796875,297.1961975097656,285.0682373046875,1.0,0.5939376354217529,1.0,1.0,0.0,1.0,-3.0657529830932617,3.0657453536987305,7.552801889687544e-06,2.366302490234375,0.8977128863334656,0.8977128863334656,0.0,178.0847930908203,185.0,29073.015625,-0.0,2578.329345703125,1.0,282.14166259765625,284.0484924316406,290.49444580078125,292.3458557128906,293.1499938964844,293.1499938964844,282.45001220703125,35945.0,36000.0,313.1499938964844,0.0,18000.0,1.0,0.0,0.0,0.0,1.0,0.8161719441413879,1.0,0.0,0.0,3.637541294097901,3.6375651359558105,8.828952218209452e-07,4.265924453735352,4.265914440155029,9.78592834144365e-06,0.0,0.0,-0.0,4427.37939453125,0.0,1518.9415283203125,1895.4371337890625,0.0,2620.142333984375,0.9024745225906372,1.0,0.0,3.0,1.0,0.0
12069720,297.0918884277344,297.1499938964844,293.1499938964844,0.0,-0.0,285.0663146972656,0.7880126237869263,0.3360284268856048,0.3055397570133209,297.0517578125,297.1499938964844,293.1499938964844,0.0,-0.0,285.0666809082031,0.8983567953109741,0.5034259557723999,0.479095458984375,297.32830810546875,297.1499938964844,293.1499938964844,0.0,-0.0,285.0668640136719,0.9914186596870422,0.671870231628418,0.4696827232837677,297.1427917480469,297.1499938964844,293.1499938964844,0.0,-0.0,285.0662536621094,0.7761579751968384,0.3212386071681976,0.3077730536460876,297.1493835449219,297.1499938964844,293.1499938964844,0.0,-0.0,285.0656433105469,0.6828563809394836,0.2163067013025283,0.9911459684371948,285.06658935546875,284.95001220703125,294.4422302246094,287.5756530761719,294.44256591796875,297.1961975097656,285.0682373046875,1.0,0.5939376354217529,1.0,1.0,0.0,1.0,-3.0657529830932617,3.0657453536987305,7.552801889687544e-06,2.366302490234375,0.8977128863334656,0.8977128863334656,0.0,178.0847930908203,185.0,29073.015625,-0.0,2578.329345703125,1.0,282.14166259765625,284.0484924316406,290.49444580078125,292.3458557128906,293.1499938964844,293.1499938964844,282.45001220703125,35945.0,36000.0,313.1499938964844,0.0,18000.0,1.0,0.0,0.0,0.0,1.0,0.8161719441413879,1.0,0.0,0.0,3.637541294097901,3.6375651359558105,8.828952218209452e-07,4.265924453735352,4.265914440155029,9.78592834144365e-06,0.0,0.0,-0.0,4427.37939453125,0.0,1518.9415283203125,1895.4371337890625,0.0,2620.142333984375,0.9024745225906372,1.0,0.0,3.0,1.0,0.0
12069780,297.1105651855469,297.1499938964844,293.1499938964844,0.0,-0.0,285.2939453125,0.7875691056251526,0.3371814489364624,0.3064823448657989,297.0719909667969,297.1499938964844,293.1499938964844,0.0,-0.0,285.2942810058594,0.8973023295402527,0.5042248964309692,0.479721188545227,297.3500671386719,297.1499938964844,293.1499938964844,0.0,-0.0,285.2944641113281,0.99183988571167,0.6763280034065247,0.472674012184143,297.1573181152344,297.1499938964844,293.1499938964844,0.0,-0.0,285.2938842773437,0.7759355306625366,0.3226135671138763,0.3089688122272491,297.16094970703125,297.1499938964844,293.1499938964844,0.0,-0.0,285.29327392578125,0.6828696131706238,0.217464730143547,0.9958921670913696,285.2942199707031,284.95001220703125,294.42413330078125,287.5543212890625,294.4244689941406,297.2144470214844,285.2958679199219,1.0,0.5965091586112976,1.0,1.0,0.0,1.0,-3.078372001647949,3.078364372253418,7.6150495260662865e-06,2.376018524169922,0.904194474220276,0.904194474220276,0.0,179.6976318359375,188.0,28427.1953125,-0.0,2611.1259765625,1.0,282.44171142578125,284.3001708984375,290.4876708984375,292.2908630371094,293.1499938964844,293.1499938964844,282.1499938964844,35660.5703125,36000.0,313.1499938964844,0.0,18000.0,1.0,0.0,0.0,0.0,1.0,0.7993332147598267,1.0,0.0,0.0,3.649424552917481,3.649448394775391,8.886731848178897e-07,4.265924453735352,4.265914440155029,9.78592834144365e-06,0.0,0.0,-0.0,4885.25634765625,0.0,1529.9891357421875,1895.4371337890625,0.0,2465.330322265625,0.904938817024231,1.0,0.0,3.0,1.0,0.0
12069840,297.1105651855469,297.1499938964844,293.1499938964844,0.0,-0.0,285.2939453125,0.7875691056251526,0.3371814489364624,0.3064823448657989,297.0719909667969,297.1499938964844,293.1499938964844,0.0,-0.0,285.2942810058594,0.8973023295402527,0.5042248964309692,0.479721188545227,297.3500671386719,297.1499938964844,293.1499938964844,0.0,-0.0,285.2944641113281,0.99183988571167,0.6763280034065247,0.472674012184143,297.1573181152344,297.1499938964844,293.1499938964844,0.0,-0.0,285.2938842773437,0.7759355306625366,0.3226135671138763,0.3089688122272491,297.16094970703125,297.1499938964844,293.1499938964844,0.0,-0.0,285.29327392578125,0.6828696131706238,0.217464730143547,0.9958921670913696,285.2942199707031,284.95001220703125,294.42413330078125,287.5543212890625,294.4244689941406,297.2144470214844,285.2958679199219,1.0,0.5965091586112976,1.0,1.0,0.0,1.0,-3.078372001647949,3.078364372253418,7.6150495260662865e-06,2.376018524169922,0.904194474220276,0.904194474220276,0.0,179.6976318359375,188.0,28427.1953125,-0.0,2611.1259765625,1.0,282.44171142578125,284.3001708984375,290.4876708984375,292.2908630371094,293.1499938964844,293.1499938964844,282.1499938964844,35660.5703125,36000.0,313.1499938964844,0.0,18000.0,1.0,0.0,0.0,0.0,1.0,0.7993332147598267,1.0,0.0,0.0,3.649424552917481,3.649448394775391,8.886731848178897e-07,4.265924453735352,4.265914440155029,9.78592834144365e-06,0.0,0.0,-0.0,4885.25634765625,0.0,1529.9891357421875,1895.4371337890625,0.0,2465.330322265625,0.904938817024231,1.0,0.0,3.0,1.0,0.0
12069900,297.1134033203125,297.1499938964844,293.1499938964844,0.0,-0.0,285.144775390625,0.7869459986686707,0.3372156918048858,0.3068784773349762,297.0758972167969,297.1499938964844,293.1499938964844,0.0,-0.0,285.1427001953125,0.8963700532913208,0.5041207671165466,0.4799975752830505,297.3510437011719,297.1499938964844,293.1499938964844,0.0,-0.0,285.14166259765625,0.9916514754295348,0.6777023673057556,0.474033921957016,297.1607666015625,297.1499938964844,293.1499938964844,0.0,-0.0,285.1450500488281,0.7755153775215149,0.3230027854442596,0.3095885813236236,297.1643981933594,297.1499938964844,293.1499938964844,0.0,-0.0,285.1484069824219,0.6826514601707458,0.2178771197795868,0.9985878467559814,285.14312744140625,284.95001220703125,294.4148864746094,287.5437927246094,294.41522216796875,297.2170104980469,285.1339111328125,1.0,0.5979582667350769,1.0,1.0,0.0,1.0,-3.0848093032836914,3.084801435470581,7.647215170436539e-06,2.381105899810791,0.9040398001670836,0.9040398001670836,0.0,180.81288146972656,188.0,29096.3671875,-0.0,2629.47900390625,1.0,282.19854736328125,284.1209716796875,290.5917358398437,292.5309753417969,293.1499938964844,293.1499938964844,282.1499938964844,35714.45703125,36000.0,313.1499938964844,0.0,18000.0,1.0,0.0,0.0,0.0,1.0,0.8100400567054749,1.0,0.0,0.0,3.655116558074951,3.65514063835144,8.914474847188103e-07,4.265924453735352,4.265914440155029,9.78592834144365e-06,0.0,0.0,-0.0,4769.8935546875,0.0,1536.7288818359375,1895.4371337890625,0.0,2563.56201171875,0.9061852097511292,1.0,0.0,3.0,1.0,0.0
12069960,297.10986328125,297.1499938964844,293.1499938964844,0.0,-0.0,285.0860290527344,0.7847333550453186,0.3366384208202362,0.3066435754299164,297.0731506347656,297.1499938964844,293.1499938964844,0.0,-0.0,285.0856628417969,0.893831729888916,0.5033841133117676,0.4796144366264343,297.34356689453125,297.1499938964844,293.1499938964844,0.0,-0.0,285.0854797363281,0.9900560975074768,0.6782403588294983,0.4746757447719574,297.159423828125,297.1499938964844,293.1499938964844,0.0,-0.0,285.0860900878906,0.7737186551094055,0.3229413628578186,0.3097760677337646,297.1641845703125,297.1499938964844,293.1499938964844,0.0,-0.0,285.0867004394531,0.6811595559120178,0.2179492861032486,0.999891996383667,285.08575439453125,284.95001220703125,294.40545654296875,287.5333251953125,294.40582275390625,297.2123107910156,285.08404541015625,1.0,0.599225640296936,1.0,1.0,0.0,1.0,-3.086639642715454,3.086632013320923,7.656579327885993e-06,2.3826379776000977,0.9043204188346864,0.9043204188346864,0.0,182.6653594970703,191.0,29148.65625,-0.0,2642.790283203125,1.0,282.1576538085937,284.0653381347656,290.6030578613281,292.5248413085937,293.1499938964844,293.1499938964844,281.8500061035156,35781.48828125,36000.0,313.1499938964844,0.0,18000.0,1.0,0.0,0.0,0.0,1.0,0.8187121748924255,1.0,0.0,0.0,3.658494472503662,3.658518552780152,8.930958870223549e-07,4.265924453735352,4.265914440155029,9.78592834144365e-06,0.0,0.0,-0.0,5001.3564453125,0.0,1541.000732421875,1895.4371337890625,0.0,2643.642578125,0.9070171117782592,1.0,0.0,3.0,1.0,0.0
12070020,297.0936889648437,297.1499938964844,293.1499938964844,0.0,-0.0,284.8511047363281,0.7782960534095764,0.3344995677471161,0.3051886856555938,297.0571594238281,297.1499938964844,293.1499938964844,0.0,-0.0,284.85064697265625,0.8867029547691345,0.5008017420768738,0.4777137339115143,297.3169250488281,297.1499938964844,293.1499938964844,0.0,-0.0,284.8504333496094,0.9849523305892944,0.6780070066452026,0.4749380350112915,297.1483764648437,297.1499938964844,293.1499938964844,0.0,-0.0,284.85113525390625,0.7682877779006958,0.3219513297080993,0.3092973232269287,297.15655517578125,297.1499938964844,293.1499938964844,0.0,-0.0,284.8518371582031,0.6763375401496887,0.2173654288053512,0.9992479681968688,284.8507385253906,284.95001220703125,294.3860778808594,287.5126342773437,294.3864440917969,297.1935119628906,284.8487548828125,1.0,0.6011236906051636,1.0,1.0,0.0,1.0,-3.081582307815552,3.0815746784210205,7.631838343513664e-06,2.378871202468872,0.9010588526725768,0.9010588526725768,0.0,187.19493103027344,194.0,29778.021484375,-0.0,2656.742431640625,1.0,281.8581237792969,283.8072204589844,290.6008605957031,292.5919189453125,293.1499938964844,293.1499938964844,281.54998779296875,36021.4140625,36000.0,313.1499938964844,0.0,18000.0,1.0,0.0,0.0,0.0,1.0,0.8408483862876892,1.0,0.0,0.0,3.658512353897095,3.658536434173584,8.931045840654406e-07,4.265924453735352,4.265914440155029,9.78592834144365e-06,0.0,0.0,-0.0,5062.70068359375,0.0,1542.820068359375,1895.4371337890625,0.0,2849.642822265625,0.9071755409240724,1.0,0.0,3.0,1.0,0.0
12070080,297.0936889648437,297.1499938964844,293.1499938964844,0.0,-0.0,284.8511047363281,0.7782960534095764,0.3344995677471161,0.3051886856555938,297.0571594238281,297.1499938964844,293.1499938964844,0.0,-0.0,284.85064697265625,0.8867029547691345,0.5008017420768738,0.4777137339115143,297.3169250488281,297.1499938964844,293.1499938964844,0.0,-0.0,284.8504333496094,0.9849523305892944,0.6780070066452026,0.4749380350112915,297.1483764648437,297.1499938964844,293.1499938964844,0.0,-0.0,284.85113525390625,0.7682877779006958,0.3219513297080993,0.3092973232269287,297.15655517578125,297.1499938964844,293.1499938964844,0.0,-0.0,284.8518371582031,0.6763375401496887,0.2173654288053512,0.9992479681968688,284.8507385253906,284.95001220703125,294.3860778808594,287.5126342773437,294.3864440917969,297.1935119628906,284.8487548828125,1.0,0.6011236906051636,1.0,1.0,0.0,1.0,-3.081582307815552,3.0815746784210205,7.631838343513664e-06,2.378871202468872,0.9010588526725768,0.9010588526725768,0.0,187.19493103027344,194.0,29778.021484375,-0.0,2656.742431640625,1.0,281.8581237792969,283.8072204589844,290.6008605957031,292.5919189453125,293.1499938964844,293.1499938964844,281.54998779296875,36021.4140625,36000.0,313.1499938964844,0.0,18000.0,1.0,0.0,0.0,0.0,1.0,0.8408483862876892,1.0,0.0,0.0,3.658512353897095,3.658536434173584,8.931045840654406e-07,4.265924453735352,4.265914440155029,9.78592834144365e-06,0.0,0.0,-0.0,5062.70068359375,0.0,1542.820068359375,1895.4371337890625,0.0,2849.642822265625,0.9071755409240724,1.0,0.0,3.0,1.0,0.0
12070140,297.07244873046875,297.1499938964844,293.1499938964844,0.0,-0.0,284.6137390136719,0.7709327936172485,0.3316385149955749,0.30296391248703,297.0345764160156,297.1499938964844,293.1499938964844,0.0,-0.0,284.61328125,0.8786424994468689,0.4973429441452026,0.4748531579971313,297.2833557128906,297.1499938964844,293.1499938964844,0.0,-0.0,284.6130676269531,0.9786577820777892,0.6767252087593079,0.474374383687973,297.13140869140625,297.1499938964844,293.1499938964844,0.0,-0.0,284.61376953125,0.7619510889053345,0.3202170431613922,0.3080255687236786,297.1431884765625,297.1499938964844,293.1499938964844,0.0,-0.0,284.614501953125,0.6704546809196472,0.2160981446504593,0.995242476463318,284.6133728027344,284.95001220703125,294.3659362792969,287.4923095703125,294.3663024902344,297.1694641113281,284.6113586425781,1.0,0.6021389961242676,1.0,1.0,0.0,1.0,-3.068453311920166,3.0684456825256348,7.567073225800414e-06,2.368788957595825,0.8946110010147095,0.8946110010147095,0.0,191.93719482421875,197.0,30325.82421875,-0.0,2656.010498046875,1.0,281.5581970214844,283.5490417480469,290.55584716796875,292.5881652832031,293.1499938964844,293.1499938964844,281.8500061035156,36324.703125,36000.0,313.1499938964844,0.0,18000.0,1.0,0.0,0.0,0.0,1.0,0.8568846583366394,1.0,0.0,0.0,3.647319793701172,3.647343873977661,8.876484116626671e-07,4.265924453735352,4.265914440155029,9.78592834144365e-06,0.0,0.0,-0.0,4562.3994140625,0.0,1532.616455078125,1895.4371337890625,0.0,2999.790771484375,0.9048760533332824,1.0,0.0,3.0,1.0,0.0
12070200,297.07244873046875,297.1499938964844,293.1499938964844,0.0,-0.0,284.6137390136719,0.7709327936172485,0.3316385149955749,0.30296391248703,297.0345764160156,297.1499938964844,293.1499938964844,0.0,-0.0,284.61328125,0.8786424994468689,0.4973429441452026,0.4748531579971313,297.2833557128906,297.1499938964844,293.1499938964844,0.0,-0.0,284.6130676269531,0.9786577820777892,0.6767252087593079,0.474374383687973,297.13140869140625,297.1499938964844,293.1499938964844,0.0,-0.0,284.61376953125,0.7619510889053345,0.3202170431613922,0.3080255687236786,297.1431884765625,297.1499938964844,293.1499938964844,0.0,-0.0,284.614501953125,0.6704546809196472,0.2160981446504593,0.995242476463318,284.6133728027344,284.95001220703125,294.3659362792969,287.4923095703125,294.3663024902344,297.1694641113281,284.6113586425781,1.0,0.6021389961242676,1.0,1.0,0.0,1.0,-3.068453311920166,3.0684456825256348,7.567073225800414e-06,2.368788957595825,0.8946110010147095,0.8946110010147095,0.0,191.93719482421875,197.0,30325.82421875,-0.0,2656.010498046875,1.0,281.5581970214844,283.5490417480469,290.55584716796875,292.5881652832031,293.1499938964844,293.1499938964844,281.8500061035156,36324.703125,36000.0,313.1499938964844,0.0,18000.0,1.0,0.0,0.0,0.0,1.0,0.8568846583366394,1.0,0.0,0.0,3.647319793701172,3.647343873977661,8.876484116626671e-07,4.265924453735352,4.265914440155029,9.78592834144365e-06,0.0,0.0,-0.0,4562.3994140625,0.0,1532.616455078125,1895.4371337890625,0.0,2999.790771484375,0.9048760533332824,1.0,0.0,3.0,1.0,0.0
12070260,297.0705261230469,297.1499938964844,293.1499938964844,0.0,-0.0,284.811279296875,0.766075074672699,0.3304353058338165,0.3014906048774719,297.0309143066406,297.1499938964844,293.1499938964844,0.0,-0.0,284.8116149902344,0.8731382489204407,0.4954803586006164,0.4726870059967041,297.27655029296875,297.1499938964844,293.1499938964844,0.0,-0.0,284.811767578125,0.9745967984199524,0.6776894927024841,0.474589079618454,297.1267395019531,297.1499938964844,293.1499938964844,0.0,-0.0,284.8112487792969,0.7577049732208252,0.3194865882396698,0.307100385427475,297.1381225585937,297.1499938964844,293.1499938964844,0.0,-0.0,284.81072998046875,0.66639244556427,0.2154830396175384,0.9918665289878844,284.8115539550781,284.95001220703125,294.3448791503906,287.4723815917969,294.34527587890625,297.1631164550781,284.8128662109375,1.0,0.6028875112533569,1.0,1.0,0.0,1.0,-3.0591495037078857,3.0591421127319336,7.520777671743417e-06,2.361406087875366,0.8943803906440735,0.8943803906440735,0.0,195.2273101806641,200.0,29502.63671875,-0.0,2655.12255859375,1.0,281.8421325683594,283.77703857421875,290.4046936035156,292.30926513671875,293.1499938964844,293.1499938964844,282.1499938964844,36214.80859375,36000.0,313.1499938964844,0.0,18000.0,1.0,0.0,0.0,0.0,1.0,0.8380699157714844,1.0,0.0,0.0,3.638385772705078,3.638409852981568,8.833052334011882e-07,4.265924453735352,4.265914440155029,9.78592834144365e-06,0.0,0.0,-0.0,4445.20458984375,0.0,1521.8875732421875,1895.4371337890625,0.0,2823.687744140625,0.9028399586677552,1.0,0.0,3.0,1.0,0.0
12070320,297.0705261230469,297.1499938964844,293.1499938964844,0.0,-0.0,284.811279296875,0.766075074672699,0.3304353058338165,0.3014906048774719,297.0309143066406,297.1499938964844,293.1499938964844,0.0,-0.0,284.8116149902344,0.8731382489204407,0.4954803586006164,0.4726870059967041,297.27655029296875,297.1499938964844,293.1499938964844,0.0,-0.0,284.811767578125,0.9745967984199524,0.6776894927024841,0.474589079618454,297.1267395019531,297.1499938964844,293.1499938964844,0.0,-0.0,284.8112487792969,0.7577049732208252,0.3194865882396698,0.307100385427475,297.1381225585937,297.1499938964844,293.1499938964844,0.0,-0.0,284.81072998046875,0.66639244556427,0.2154830396175384,0.9918665289878844,284.8115539550781,284.95001220703125,294.3448791503906,287.4723815917969,294.34527587890625,297.1631164550781,284.8128662109375,1.0,0.6028875112533569,1.0,1.0,0.0,1.0,-3.0591495037078857,3.0591421127319336,7.520777671743417e-06,2.361406087875366,0.8943803906440735,0.8943803906440735,0.0,195.2273101806641,200.0,29502.63671875,-0.0,2655.12255859375,1.0,281.8421325683594,283.77703857421875,290.4046936035156,292.30926513671875,293.1499938964844,293.1499938964844,282.1499938964844,36214.80859375,36000.0,313.1499938964844,0.0,18000.0,1.0,0.0,0.0,0.0,1.0,0.8380699157714844,1.0,0.0,0.0,3.638385772705078,3.638409852981568,8.833052334011882e-07,4.265924453735352,4.265914440155029,9.78592834144365e-06,0.0,0.0,-0.0,4445.20458984375,0.0,1521.8875732421875,1895.4371337890625,0.0,2823.687744140625,0.9028399586677552,1.0,0.0,3.0,1.0,0.0
12070380,297.0838928222656,297.1499938964844,293.1499938964844,0.0,-0.0,285.03570556640625,0.7646621465682983,0.3307736814022064,0.3015829920768738,297.04412841796875,297.1499938964844,293.1499938964844,0.0,-0.0,285.0360717773437,0.8711533546447754,0.4953011870384216,0.472258597612381,297.28936767578125,297.1499938964844,293.1499938964844,0.0,-0.0,285.0362548828125,0.9739605188369752,0.6805787682533264,0.4763810038566589,297.1349792480469,297.1499938964844,293.1499938964844,0.0,-0.0,285.0356750488281,0.7565057277679443,0.3200164437294006,0.3074073791503906,297.1438293457031,297.1499938964844,293.1499938964844,0.0,-0.0,285.0350952148437,0.6652994751930237,0.215900719165802,0.9929869771003724,285.0360107421875,284.95001220703125,294.3228454589844,287.452880859375,294.3232727050781,297.17266845703125,285.0375671386719,1.0,0.6043412685394287,1.0,1.0,0.0,1.0,-3.062605142593384,3.0625975131988525,7.537556030001724e-06,2.363980293273926,0.8973916172981262,0.8973916172981262,0.0,196.9319000244141,203.0,28767.716796875,-0.0,2670.75830078125,1.0,282.1416931152344,284.02813720703125,290.36181640625,292.1921081542969,293.1499938964844,293.1499938964844,282.45001220703125,35982.5625,36000.0,313.1499938964844,0.0,18000.0,1.0,0.0,0.0,0.0,1.0,0.8154711127281189,1.0,0.0,0.0,3.638270378112793,3.638294219970703,8.832491289467725e-07,4.265924453735352,4.265914440155029,9.78592834144365e-06,0.0,0.0,-0.0,4377.9833984375,0.0,1520.0277099609375,1895.4371337890625,0.0,2613.664794921875,0.9026628136634828,1.0,0.0,3.0,1.0,0.0
12070440,297.0838928222656,297.1499938964844,293.1499938964844,0.0,-0.0,285.03570556640625,0.7646621465682983,0.3307736814022064,0.3015829920768738,297.04412841796875,297.1499938964844,293.1499938964844,0.0,-0.0,285.0360717773437,0.8711533546447754,0.4953011870384216,0.472258597612381,297.28936767578125,297.1499938964844,293.1499938964844,0.0,-0.0,285.0362548828125,0.9739605188369752,0.6805787682533264,0.4763810038566589,297.1349792480469,297.1499938964844,293.1499938964844,0.0,-0.0,285.0356750488281,0.7565057277679443,0.3200164437294006,0.3074073791503906,297.1438293457031,297.1499938964844,293.1499938964844,0.0,-0.0,285.0350952148437,0.6652994751930237,0.215900719165802,0.9929869771003724,285.0360107421875,284.95001220703125,294.3228454589844,287.452880859375,294.3232727050781,297.17266845703125,285.0375671386719,1.0,0.6043412685394287,1.0,1.0,0.0,1.0,-3.062605142593384,3.0625975131988525,7.537556030001724e-06,2.363980293273926,0.8973916172981262,0.8973916172981262,0.0,196.9319000244141,203.0,28767.716796875,-0.0,2670.75830078125,1.0,282.1416931152344,284.02813720703125,290.36181640625,292.1921081542969,293.1499938964844,293.1499938964844,282.45001220703125,35982.5625,36000.0,313.1499938964844,0.0,18000.0,1.0,0.0,0.0,0.0,1.0,0.8154711127281189,1.0,0.0,0.0,3.638270378112793,3.638294219970703,8.832491289467725e-07,4.265924453735352,4.265914440155029,9.78592834144365e-06,0.0,0.0,-0.0,4377.9833984375,0.0,1520.0277099609375,1895.4371337890625,0.0,2613.664794921875,0.9026628136634828,1.0,0.0,3.0,1.0,0.0
12070500,297.0926513671875,297.1499938964844,293.1499938964844,0.0,-0.0,285.20263671875,0.7643600702285767,0.3312094509601593,0.3018852174282074,297.05340576171875,297.1499938964844,293.1499938964844,0.0,-0.0,285.204833984375,0.8705820441246033,0.4955363869667053,0.4723713397979736,297.29815673828125,297.1499938964844,293.1499938964844,0.0,-0.0,285.2060241699219,0.9740020036697388,0.6823202967643738,0.4774902462959289,297.14141845703125,297.1499938964844,293.1499938964844,0.0,-0.0,285.2024230957031,0.7563065886497498,0.3205522894859314,0.3078327476978302,297.14892578125,297.1499938964844,293.1499938964844,0.0,-0.0,285.19891357421875,0.665199875831604,0.2163613438606262,0.994735300540924,285.2044372558594,284.95001220703125,294.3114624023437,287.4432983398437,294.3118896484375,297.17987060546875,285.21417236328125,1.0,0.6053547263145447,1.0,1.0,0.0,1.0,-3.067047357559204,3.067039728164673,7.559421192127047e-06,2.3674023151397705,0.9007216691970824,0.9007216691970824,0.0,197.7043609619141,203.0,28126.80859375,-0.0,2683.474365234375,1.0,282.3984680175781,284.2235412597656,290.3298645019531,292.0661926269531,293.1499938964844,293.1499938964844,282.45001220703125,35828.25390625,36000.0,313.1499938964844,0.0,18000.0,1.0,0.0,0.0,0.0,1.0,0.8030136823654175,1.0,0.0,0.0,3.641903877258301,3.64192795753479,8.850142307892384e-07,4.265924453735352,4.265914440155029,9.78592834144365e-06,0.0,0.0,-0.0,4513.72119140625,0.0,1522.897705078125,1895.4371337890625,0.0,2499.0107421875,0.9034110903739928,1.0,0.0,3.0,1.0,0.0
12070560,297.1023864746094,297.1499938964844,293.1499938964844,0.0,-0.0,285.26190185546875,0.7644156813621521,0.3318040072917938,0.30241259932518,297.06396484375,297.1499938964844,293.1499938964844,0.0,-0.0,285.2622375488281,0.8703702092170715,0.4959623515605926,0.4727503955364227,297.3080749511719,297.1499938964844,293.1499938964844,0.0,-0.0,285.2624206542969,0.9743892550468444,0.684234619140625,0.4788254499435425,297.1490478515625,297.1499938964844,293.1499938964844,0.0,-0.0,285.2618713378906,0.7564350366592407,0.321248859167099,0.3084636330604553,297.1552429199219,297.1499938964844,293.1499938964844,0.0,-0.0,285.26129150390625,0.6654484272003174,0.2169743329286575,0.9973269701004028,285.2621765136719,284.95001220703125,294.2997741699219,287.433837890625,294.3002014160156,297.1886291503906,285.26373291015625,1.0,0.6065815687179565,1.0,1.0,0.0,1.0,-3.07361364364624,3.073606252670288,7.591834219056182e-06,2.372474908828736,0.9034351706504822,0.9034351706504822,0.0,198.3862152099609,206.0,28096.169921875,-0.0,2699.916748046875,1.0,282.4418029785156,284.2790832519531,290.3607788085937,292.1415710449219,293.1499938964844,293.1499938964844,282.1499938964844,35702.60546875,36000.0,313.1499938964844,0.0,18000.0,1.0,0.0,0.0,0.0,1.0,0.7973732352256775,1.0,0.0,0.0,3.64858627319336,3.6486101150512695,8.882649353836314e-07,4.265924453735352,4.265914440155029,9.78592834144365e-06,0.0,0.0,-0.0,4832.05810546875,0.0,1529.3719482421875,1895.4371337890625,0.0,2447.433837890625,0.9047796726226808,1.0,0.0,3.0,1.0,0.0
12070620,297.1015930175781,297.1499938964844,293.1499938964844,0.0,-0.0,285.0523986816406,0.762077808380127,0.3311492800712585,0.3024711310863495,297.06500244140625,297.1499938964844,293.1499938964844,0.0,-0.0,285.052001953125,0.8674861788749695,0.4950050413608551,0.4725279808044433,297.2978820800781,297.1499938964844,293.1499938964844,0.0,-0.0,285.0517883300781,0.9723839163780212,0.6852428913116455,0.4802250862121582,297.1508483886719,297.1499938964844,293.1499938964844,0.0,-0.0,285.0524597167969,0.754654586315155,0.3214392960071563,0.309139221906662,297.158447265625,297.1499938964844,293.1499938964844,0.0,-0.0,285.0531005859375,0.6641120314598083,0.2173798531293869,1.0009617805480957,285.05206298828125,284.95001220703125,294.2755126953125,287.415283203125,294.2759704589844,297.1858215332031,285.0502624511719,1.0,0.6090090274810791,1.0,1.0,0.0,1.0,-3.080297946929932,3.0802903175354004,7.62551644584164e-06,2.377895832061768,0.9030998349189758,0.9030998349189758,0.0,201.26171875,209.0,28789.16796875,-0.0,2728.164794921875,1.0,282.15777587890625,284.0433959960937,290.4823913574219,292.3802490234375,293.1499938964844,293.1499938964844,281.8500061035156,35828.015625,36000.0,313.1499938964844,0.0,18000.0,1.0,0.0,0.0,0.0,1.0,0.816292941570282,1.0,0.0,0.0,3.655929565429688,3.6559536457061768,8.918440812522022e-07,4.265924453735352,4.265914440155029,9.78592834144365e-06,0.0,0.0,-0.0,4947.77294921875,0.0,1538.486572265625,1895.4371337890625,0.0,2621.2607421875,0.906474471092224,1.0,0.0,3.0,1.0,0.0
12070680,297.1015930175781,297.1499938964844,293.1499938964844,0.0,-0.0,285.0523986816406,0.762077808380127,0.3311492800712585,0.3024711310863495,297.06500244140625,297.1499938964844,293.1499938964844,0.0,-0.0,285.052001953125,0.8674861788749695,0.4950050413608551,0.4725279808044433,297.2978820800781,297.1499938964844,293.1499938964844,0.0,-0.0,285.0517883300781,0.9723839163780212,0.6852428913116455,0.4802250862121582,297.1508483886719,297.1499938964844,293.1499938964844,0.0,-0.0,285.0524597167969,0.754654586315155,0.3214392960071563,0.309139221906662,297.158447265625,297.1499938964844,293.1499938964844,0.0,-0.0,285.0531005859375,0.6641120314598083,0.2173798531293869,1.0009617805480957,285.05206298828125,284.95001220703125,294.2755126953125,287.415283203125,294.2759704589844,297.1858215332031,285.0502624511719,1.0,0.6090090274810791,1.0,1.0,0.0,1.0,-3.080297946929932,3.0802903175354004,7.62551644584164e-06,2.377895832061768,0.9030998349189758,0.9030998349189758,0.0,201.26171875,209.0,28789.16796875,-0.0,2728.164794921875,1.0,282.15777587890625,284.0433959960937,290.4823913574219,292.3802490234375,293.1499938964844,293.1499938964844,281.8500061035156,35828.015625,36000.0,313.1499938964844,0.0,18000.0,1.0,0.0,0.0,0.0,1.0,0.816292941570282,1.0,0.0,0.0,3.655929565429688,3.6559536457061768,8.918440812522022e-07,4.265924453735352,4.265914440155029,9.78592834144365e-06,0.0,0.0,-0.0,4947.77294921875,0.0,1538.486572265625,1895.4371337890625,0.0,2621.2607421875,0.906474471092224,1.0,0.0,3.0,1.0,0.0
12070740,297.08526611328125,297.1499938964844,293.1499938964844,0.0,-0.0,284.8155517578125,0.7566083669662476,0.3288909196853637,0.3009129464626312,297.04888916015625,297.1499938964844,293.1499938964844,0.0,-0.0,284.8150939941406,0.8614462018013,0.4923107624053955,0.4705235064029693,297.2668762207031,297.1499938964844,293.1499938964844,0.0,-0.0,284.8148498535156,0.9668028950691224,0.6839874982833862,0.4798032939434051,297.1395874023437,297.1499938964844,293.1499938964844,0.0,-0.0,284.8155822753906,0.7501129508018494,0.3203173577785492,0.3085359036922455,297.1508178710937,297.1499938964844,293.1499938964844,0.0,-0.0,284.8162841796875,0.6600655913352966,0.2167242765426635,0.9999902248382568,284.8151550292969,284.95001220703125,294.25,287.39727783203125,294.25048828125,297.16766357421875,284.8130798339844,1.0,0.6106507182121277,1.0,1.0,0.0,1.0,-3.0736258029937744,3.073618173599243,7.592909696541028e-06,2.37290906906128,0.8993513584136963,0.8993513584136963,0.0,205.72227478027344,212.0,29388.916015625,-0.0,2738.385009765625,1.0,281.858154296875,283.78424072265625,290.4847717285156,292.4506530761719,293.1499938964844,293.1499938964844,282.1499938964844,36073.5234375,36000.0,313.1499938964844,0.0,18000.0,1.0,0.0,0.0,0.0,1.0,0.8383406400680542,1.0,0.0,0.0,3.654021739959717,3.654045581817627,8.90913440798613e-07,4.265924453735352,4.265914440155029,9.78592834144365e-06,0.0,0.0,-0.0,4475.97900390625,0.0,1538.1981201171875,1895.4371337890625,0.0,2826.2158203125,0.9062063097953796,1.0,0.0,3.0,1.0,0.0
12070800,297.08526611328125,297.1499938964844,293.1499938964844,0.0,-0.0,284.8155517578125,0.7566083669662476,0.3288909196853637,0.3009129464626312,297.04888916015625,297.1499938964844,293.1499938964844,0.0,-0.0,284.8150939941406,0.8614462018013,0.4923107624053955,0.4705235064029693,297.2668762207031,297.1499938964844,293.1499938964844,0.0,-0.0,284.8148498535156,0.9668028950691224,0.6839874982833862,0.4798032939434051,297.1395874023437,297.1499938964844,293.1499938964844,0.0,-0.0,284.8155822753906,0.7501129508018494,0.3203173577785492,0.3085359036922455,297.1508178710937,297.1499938964844,293.1499938964844,0.0,-0.0,284.8162841796875,0.6600655913352966,0.2167242765426635,0.9999902248382568,284.8151550292969,284.95001220703125,294.25,287.39727783203125,294.25048828125,297.16766357421875,284.8130798339844,1.0,0.6106507182121277,1.0,1.0,0.0,1.0,-3.0736258029937744,3.073618173599243,7.592909696541028e-06,2.37290906906128,0.8993513584136963,0.8993513584136963,0.0,205.72227478027344,212.0,29388.916015625,-0.0,2738.385009765625,1.0,281.858154296875,283.78424072265625,290.4847717285156,292.4506530761719,293.1499938964844,293.1499938964844,282.1499938964844,36073.5234375,36000.0,313.1499938964844,0.0,18000.0,1.0,0.0,0.0,0.0,1.0,0.8383406400680542,1.0,0.0,0.0,3.654021739959717,3.654045581817627,8.90913440798613e-07,4.265924453735352,4.265914440155029,9.78592834144365e-06,0.0,0.0,-0.0,4475.97900390625,0.0,1538.1981201171875,1895.4371337890625,0.0,2826.2158203125,0.9062063097953796,1.0,0.0,3.0,1.0,0.0
12070860,297.0826416015625,297.1499938964844,293.1499938964844,0.0,-0.0,285.01031494140625,0.7522906064987183,0.3277841508388519,0.2996475994586944,297.0453491210937,297.1499938964844,293.1499938964844,0.0,-0.0,285.0106201171875,0.8565489649772644,0.4906494319438934,0.4686893224716186,297.25830078125,297.1499938964844,293.1499938964844,0.0,-0.0,285.0107421875,0.9624276161193848,0.6845656633377075,0.4798218905925751,297.1352233886719,297.1499938964844,293.1499938964844,0.0,-0.0,285.01031494140625,0.7463973760604858,0.3197296261787414,0.3078756332397461,297.1464538574219,297.1499938964844,293.1499938964844,0.0,-0.0,285.0098571777344,0.6566053628921509,0.216283306479454,0.9980116486549376,285.01055908203125,284.95001220703125,294.2239685058594,287.3795166015625,294.2244567871094,297.1611022949219,285.01171875,1.0,0.6118546724319458,1.0,1.0,0.0,1.0,-3.066738605499268,3.0667312145233154,7.55868904889212e-06,2.367495059967041,0.9017606973648072,0.9017606973648072,0.0,209.3380889892578,215.0,28585.96875,-0.0,2743.724365234375,1.0,282.1422424316406,284.008544921875,290.3323669433594,292.1819152832031,293.1499938964844,293.1499938964844,281.8500061035156,35939.359375,36000.0,313.1499938964844,0.0,18000.0,1.0,0.0,0.0,0.0,1.0,0.823928952217102,1.0,0.0,0.0,3.6553761959075928,3.655400276184082,8.915741318560322e-07,4.265924453735352,4.265914440155029,9.78592834144365e-06,0.0,0.0,-0.0,4876.71435546875,0.0,1538.7037353515625,1895.4371337890625,0.0,2692.006103515625,0.906449854373932,1.0,0.0,3.0,1.0,0.0
12070920,297.0826416015625,297.1499938964844,293.1499938964844,0.0,-0.0,285.01031494140625,0.7522906064987183,0.3277841508388519,0.2996475994586944,297.0453491210937,297.1499938964844,293.1499938964844,0.0,-0.0,285.0106201171875,0.8565489649772644,0.4906494319438934,0.4686893224716186,297.25830078125,297.1499938964844,293.1499938964844,0.0,-0.0,285.0107421875,0.9624276161193848,0.6845656633377075,0.4798218905925751,297.1352233886719,297.1499938964844,293.1499938964844,0.0,-0.0,285.01031494140625,0.7463973760604858,0.3197296261787414,0.3078756332397461,297.1464538574219,297.1499938964844,293.1499938964844,0.0,-0.0,285.0098571777344,0.6566053628921509,0.216283306479454,0.9980116486549376,285.01055908203125,284.95001220703125,294.2239685058594,287.3795166015625,294.2244567871094,297.1611022949219,285.01171875,1.0,0.6118546724319458,1.0,1.0,0.0,1.0,-3.066738605499268,3.0667312145233154,7.55868904889212e-06,2.367495059967041,0.9017606973648072,0.9017606973648072,0.0,209.3380889892578,215.0,28585.96875,-0.0,2743.724365234375,1.0,282.1422424316406,284.008544921875,290.3323669433594,292.1819152832031,293.1499938964844,293.1499938964844,281.8500061035156,35939.359375,36000.0,313.1499938964844,0.0,18000.0,1.0,0.0,0.0,0.0,1.0,0.823928952217102,1.0,0.0,0.0,3.6553761959075928,3.655400276184082,8.915741318560322e-07,4.265924453735352,4.265914440155029,9.78592834144365e-06,0.0,0.0,-0.0,4876.71435546875,0.0,1538.7037353515625,1895.4371337890625,0.0,2692.006103515625,0.906449854373932,1.0,0.0,3.0,1.0,0.0
12070980,297.07159423828125,297.1499938964844,293.1499938964844,0.0,-0.0,284.7950744628906,0.7482512593269348,0.3258312046527862,0.2984552681446075,297.033935546875,297.1499938964844,293.1499938964844,0.0,-0.0,284.7946472167969,0.8519600629806519,0.4881882965564728,0.4669565260410309,297.236083984375,297.1499938964844,293.1499938964844,0.0,-0.0,284.7944030761719,0.9581561088562012,0.6837165355682373,0.479842871427536,297.12530517578125,297.1499938964844,293.1499938964844,0.0,-0.0,284.79510498046875,0.7428891658782959,0.3185534179210663,0.3072243630886078,297.1377868652344,297.1499938964844,293.1499938964844,0.0,-0.0,284.7958068847656,0.6532776355743408,0.2153719663619995,0.995765507221222,284.7947082519531,284.95001220703125,294.1981506347656,287.3616943359375,294.1986389160156,297.14794921875,284.7926940917969,1.0,0.6129648685455322,1.0,1.0,0.0,1.0,-3.059776782989502,3.0597691535949707,7.524899956479203e-06,2.3623266220092773,0.8979498744010925,0.8979498744010925,0.0,212.88429260253903,218.0,29157.9296875,-0.0,2748.49755859375,1.0,281.8577880859375,283.77001953125,290.3948974609375,292.32666015625,293.1499938964844,293.1499938964844,282.1499938964844,36137.859375,36000.0,313.1499938964844,0.0,18000.0,1.0,0.0,0.0,0.0,1.0,0.8346120715141296,1.0,0.0,0.0,3.651281356811523,3.6513051986694336,8.895776772988029e-07,4.265924453735352,4.265914440155029,9.78592834144365e-06,0.0,0.0,-0.0,4440.96533203125,0.0,1535.6263427734375,1895.4371337890625,0.0,2791.419677734375,0.9056413173675536,1.0,0.0,3.0,1.0,0.0
12071040,297.07159423828125,297.1499938964844,293.1499938964844,0.0,-0.0,284.7950744628906,0.7482512593269348,0.3258312046527862,0.2984552681446075,297.033935546875,297.1499938964844,293.1499938964844,0.0,-0.0,284.7946472167969,0.8519600629806519,0.4881882965564728,0.4669565260410309,297.236083984375,297.1499938964844,293.1499938964844,0.0,-0.0,284.7944030761719,0.9581561088562012,0.6837165355682373,0.479842871427536,297.12530517578125,297.1499938964844,293.1499938964844,0.0,-0.0,284.79510498046875,0.7428891658782959,0.3185534179210663,0.3072243630886078,297.1377868652344,297.1499938964844,293.1499938964844,0.0,-0.0,284.7958068847656,0.6532776355743408,0.2153719663619995,0.995765507221222,284.7947082519531,284.95001220703125,294.1981506347656,287.3616943359375,294.1986389160156,297.14794921875,284.7926940917969,1.0,0.6129648685455322,1.0,1.0,0.0,1.0,-3.059776782989502,3.0597691535949707,7.524899956479203e-06,2.3623266220092773,0.8979498744010925,0.8979498744010925,0.0,212.88429260253903,218.0,29157.9296875,-0.0,2748.49755859375,1.0,281.8577880859375,283.77001953125,290.3948974609375,292.32666015625,293.1499938964844,293.1499938964844,282.1499938964844,36137.859375,36000.0,313.1499938964844,0.0,18000.0,1.0,0.0,0.0,0.0,1.0,0.8346120715141296,1.0,0.0,0.0,3.651281356811523,3.6513051986694336,8.895776772988029e-07,4.265924453735352,4.265914440155029,9.78592834144365e-06,0.0,0.0,-0.0,4440.96533203125,0.0,1535.6263427734375,1895.4371337890625,0.0,2791.419677734375,0.9056413173675536,1.0,0.0,3.0,1.0,0.0
12071100,297.0680847167969,297.1499938964844,293.1499938964844,0.0,-0.0,284.938232421875,0.7458069324493408,0.3249861299991607,0.2975558936595917,297.02996826171875,297.1499938964844,293.1499938964844,0.0,-0.0,284.9402770996094,0.8492569923400879,0.4870584011077881,0.4657585322856903,297.2286376953125,297.1499938964844,293.1499938964844,0.0,-0.0,284.9414367675781,0.955431878566742,0.6835223436355591,0.4794984459877014,297.12115478515625,297.1499938964844,293.1499938964844,0.0,-0.0,284.9381103515625,0.7407529354095459,0.3179855644702911,0.3066387772560119,297.1335754394531,297.1499938964844,293.1499938964844,0.0,-0.0,284.9349060058594,0.6512115001678467,0.2148796170949936,0.9935836791992188,284.9399719238281,284.95001220703125,294.185302734375,287.3527526855469,294.1857604980469,297.14227294921875,284.9487609863281,1.0,0.6133025288581848,1.0,1.0,0.0,1.0,-3.0535099506378174,3.053502559661865,7.494054443668574e-06,2.3574657440185547,0.8992670774459839,0.8992670774459839,0.0,214.84371948242188,218.0,28445.5625,-0.0,2746.358154296875,1.0,282.101318359375,283.94482421875,290.3009338378906,292.1038818359375,293.1499938964844,293.1499938964844,282.1499938964844,36065.91015625,36000.0,313.1499938964844,0.0,18000.0,1.0,0.0,0.0,0.0,1.0,0.8251341581344604,1.0,0.0,0.0,3.649789094924927,3.649812936782837,8.88850706814992e-07,4.265924453735352,4.265914440155029,9.78592834144365e-06,0.0,0.0,-0.0,4545.74853515625,0.0,1533.4268798828125,1895.4371337890625,0.0,2703.19775390625,0.9053219556808472,1.0,0.0,3.0,1.0,0.0
12071160,297.0694580078125,297.1499938964844,293.1499938964844,0.0,-0.0,284.9900817871094,0.744293212890625,0.3246015310287475,0.2971197068691253,297.0309143066406,297.1499938964844,293.1499938964844,0.0,-0.0,284.9903564453125,0.8474810123443604,0.4863909482955932,0.4650323688983917,297.2283020019531,297.1499938964844,293.1499938964844,0.0,-0.0,284.990478515625,0.9538748264312744,0.6839885711669922,0.479706734418869,297.1204528808594,297.1499938964844,293.1499938964844,0.0,-0.0,284.99005126953125,0.7393888831138611,0.3177334368228912,0.3063496351242065,297.1319274902344,297.1499938964844,293.1499938964844,0.0,-0.0,284.9896240234375,0.6498562097549438,0.2146136164665222,0.9922862648963928,284.99029541015625,284.95001220703125,294.1724548339844,287.3438415527344,294.1729431152344,297.1409912109375,284.99139404296875,1.0,0.6137353777885437,1.0,1.0,0.0,1.0,-3.050450086593628,3.050442695617676,7.478961379092652e-06,2.355069160461426,0.9000902771949768,0.9000902771949768,0.0,216.2460021972656,206.0,28338.162109375,-0.0,2747.634765625,1.0,282.1423034667969,283.9947814941406,290.2838439941406,292.1094665527344,293.1499938964844,293.1499938964844,282.45001220703125,35988.31640625,36000.0,313.1499938964844,0.0,18000.0,1.0,0.0,0.0,0.0,1.0,0.8182213306427002,1.0,0.0,0.0,3.6507937908172607,3.65081787109375,8.893401854948024e-07,4.265924453735352,4.265914440155029,9.78592834144365e-06,0.0,0.0,-0.0,4336.25439453125,0.0,1533.9644775390625,1895.4371337890625,0.0,2639.098876953125,0.9054600596427916,1.0,0.0,3.0,1.0,0.0
12071220,297.0793762207031,297.1499938964844,293.1499938964844,0.0,-0.0,285.2075500488281,0.7472805380821228,0.3245776295661926,0.296722263097763,297.0406494140625,297.1499938964844,293.1499938964844,0.0,-0.0,285.20782470703125,0.8507633805274963,0.4858593344688415,0.464119017124176,297.2374572753906,297.1499938964844,293.1499938964844,0.0,-0.0,285.2080078125,0.9593366384506226,0.6858944296836853,0.4806855320930481,297.1250915527344,297.1499938964844,293.1499938964844,0.0,-0.0,285.20751953125,0.7424249053001404,0.3178216516971588,0.3060785830020904,297.1337280273437,297.1499938964844,293.1499938964844,0.0,-0.0,285.20703125,0.6525018215179443,0.2145578414201736,0.9905098080635072,285.2077941894531,284.9540100097656,294.1467590332031,287.3258972167969,294.1472473144531,297.1451721191406,285.208984375,1.0,0.6105972528457642,1.0,1.0,0.0,1.0,-3.0475854873657227,3.0475778579711914,7.465041107934667e-06,2.352908134460449,0.905293583869934,0.905293583869934,0.0,211.86398315429688,194.0,27560.171875,-0.0,2719.217529296875,1.0,282.4418334960937,284.239013671875,290.2452697753906,292.0024719238281,293.1499938964844,293.1499938964844,282.1499938964844,35748.48828125,36000.0,313.1499938964844,0.0,18000.0,1.0,0.0,0.0,0.0,1.0,0.7979581356048584,1.0,0.0,0.0,3.659471035003662,3.659495115280152,8.935727464631782e-07,4.265924453735352,4.265914440155029,9.78592834144365e-06,0.0,0.0,-0.0,4770.9111328125,0.0,1541.8443603515625,1895.4371337890625,0.0,2452.771728515625,0.9072420597076416,1.0,0.0,3.0,1.0,0.0
12071280,297.0793762207031,297.1499938964844,293.1499938964844,0.0,-0.0,285.2075500488281,0.7472805380821228,0.3245776295661926,0.296722263097763,297.0406494140625,297.1499938964844,293.1499938964844,0.0,-0.0,285.20782470703125,0.8507633805274963,0.4858593344688415,0.464119017124176,297.2374572753906,297.1499938964844,293.1499938964844,0.0,-0.0,285.2080078125,0.9593366384506226,0.6858944296836853,0.4806855320930481,297.1250915527344,297.1499938964844,293.1499938964844,0.0,-0.0,285.20751953125,0.7424249053001404,0.3178216516971588,0.3060785830020904,297.1337280273437,297.1499938964844,293.1499938964844,0.0,-0.0,285.20703125,0.6525018215179443,0.2145578414201736,0.9905098080635072,285.2077941894531,284.9540100097656,294.1467590332031,287.3258972167969,294.1472473144531,297.1451721191406,285.208984375,1.0,0.6105972528457642,1.0,1.0,0.0,1.0,-3.0475854873657227,3.0475778579711914,7.465041107934667e-06,2.352908134460449,0.905293583869934,0.905293583869934,0.0,211.86398315429688,194.0,27560.171875,-0.0,2719.217529296875,1.0,282.4418334960937,284.239013671875,290.2452697753906,292.0024719238281,293.1499938964844,293.1499938964844,282.1499938964844,35748.48828125,36000.0,313.1499938964844,0.0,18000.0,1.0,0.0,0.0,0.0,1.0,0.7979581356048584,1.0,0.0,0.0,3.659471035003662,3.659495115280152,8.935727464631782e-07,4.265924453735352,4.265914440155029,9.78592834144365e-06,0.0,0.0,-0.0,4770.9111328125,0.0,1541.8443603515625,1895.4371337890625,0.0,2452.771728515625,0.9072420597076416,1.0,0.0,3.0,1.0,0.0
12071340,297.07330322265625,297.1499938964844,293.1499938964844,0.0,-0.0,284.9899597167969,0.7521072626113892,0.323093444108963,0.2956441640853882,297.0349426269531,297.1499938964844,293.1499938964844,0.0,-0.0,284.989501953125,0.856418251991272,0.4839212894439697,0.4625613689422607,297.2204895019531,297.1499938964844,293.1499938964844,0.0,-0.0,284.9892272949219,0.967176914215088,0.6853222250938416,0.4807182848453522,297.1199035644531,297.1499938964844,293.1499938964844,0.0,-0.0,284.989990234375,0.7474910020828247,0.3169980347156524,0.3053968846797943,297.1293029785156,297.1499938964844,293.1499938964844,0.0,-0.0,284.99072265625,0.6570928692817688,0.2139178961515426,0.9875801205635072,284.98956298828125,284.9859619140625,294.1210021972656,287.3078918457031,294.1214599609375,297.1371765136719,284.9873962402344,1.0,0.6054233908653259,1.0,1.0,0.0,1.0,-3.040131092071533,3.040123701095581,7.429273864545394e-06,2.34745192527771,0.9033769369125366,0.9033769369125366,0.0,204.597900390625,182.0,28136.580078125,-0.0,2666.9443359375,1.0,282.15771484375,283.9972839355469,290.3584289550781,292.21905517578125,293.1499938964844,293.1499938964844,281.8500061035156,35929.1640625,36000.0,313.1499938964844,0.0,18000.0,1.0,0.0,0.0,0.0,1.0,0.8132436275482178,1.0,0.0,0.0,3.66325616836548,3.663280248641968,8.954222607826523e-07,4.265924453735352,4.265914440155029,9.78592834144365e-06,0.0,0.0,-0.0,4876.41357421875,0.0,1547.434814453125,1895.4371337890625,0.0,2593.09521484375,0.9081755876541138,1.0,0.0,3.0,1.0,0.0
12071400,297.07330322265625,297.1499938964844,293.1499938964844,0.0,-0.0,284.9899597167969,0.7521072626113892,0.323093444108963,0.2956441640853882,297.0349426269531,297.1499938964844,293.1499938964844,0.0,-0.0,284.989501953125,0.856418251991272,0.4839212894439697,0.4625613689422607,297.2204895019531,297.1499938964844,293.1499938964844,0.0,-0.0,284.9892272949219,0.967176914215088,0.6853222250938416,0.4807182848453522,297.1199035644531,297.1499938964844,293.1499938964844,0.0,-0.0,284.989990234375,0.7474910020828247,0.3169980347156524,0.3053968846797943,297.1293029785156,297.1499938964844,293.1499938964844,0.0,-0.0,284.99072265625,0.6570928692817688,0.2139178961515426,0.9875801205635072,284.98956298828125,284.9859619140625,294.1210021972656,287.3078918457031,294.1214599609375,297.1371765136719,284.9873962402344,1.0,0.6054233908653259,1.0,1.0,0.0,1.0,-3.040131092071533,3.040123701095581,7.429273864545394e-06,2.34745192527771,0.9033769369125366,0.9033769369125366,0.0,204.597900390625,182.0,28136.580078125,-0.0,2666.9443359375,1.0,282.15771484375,283.9972839355469,290.3584289550781,292.21905517578125,293.1499938964844,293.1499938964844,281.8500061035156,35929.1640625,36000.0,313.1499938964844,0.0,18000.0,1.0,0.0,0.0,0.0,1.0,0.8132436275482178,1.0,0.0,0.0,3.66325616836548,3.663280248641968,8.954222607826523e-07,4.265924453735352,4.265914440155029,9.78592834144365e-06,0.0,0.0,-0.0,4876.41357421875,0.0,1547.434814453125,1895.4371337890625,0.0,2593.09521484375,0.9081755876541138,1.0,0.0,3.0,1.0,0.0
12071460,297.0638732910156,297.1499938964844,293.1499938964844,0.0,-0.0,284.8089294433594,0.7542697787284851,0.3216643035411834,0.2944362461566925,297.02520751953125,297.1499938964844,293.1499938964844,0.0,-0.0,284.806640625,0.8591457605361938,0.4822089672088623,0.4610458612442016,297.2015686035156,297.1499938964844,293.1499938964844,0.0,-0.0,284.80535888671875,0.9707794189453124,0.683934211730957,0.4799318015575409,297.1122436523437,297.1499938964844,293.1499938964844,0.0,-0.0,284.8090515136719,0.7499167323112488,0.3160507082939148,0.3045346438884735,297.1232604980469,297.1499938964844,293.1499938964844,0.0,-0.0,284.8126220703125,0.6592488288879395,0.2131898552179336,0.9842609167099,284.8070068359375,285.002685546875,294.1075134277344,287.2984924316406,294.1080017089844,297.12799072265625,284.79705810546875,1.0,0.6019172072410583,1.0,1.0,0.0,1.0,-3.0308916568756104,3.030884265899658,7.384473065030761e-06,2.340439796447754,0.9000999331474304,0.9000999331474304,0.0,200.55636596679688,182.0,28686.787109375,-0.0,2628.171630859375,1.0,281.8972473144531,283.7899780273437,290.3999938964844,292.3601989746094,293.1499938964844,293.1499938964844,281.8500061035156,36098.15625,36000.0,313.1499938964844,0.0,18000.0,1.0,0.0,0.0,0.0,1.0,0.8265019059181213,1.0,0.0,0.0,3.66094970703125,3.6609737873077393,8.942950557866425e-07,4.265924453735352,4.265914440155029,9.78592834144365e-06,0.0,0.0,-0.0,4715.85205078125,0.0,1546.1214599609375,1895.4371337890625,0.0,2715.90625,0.9077299237251282,1.0,0.0,3.0,1.0,0.0
12071520,297.0531005859375,297.1499938964844,293.1499938964844,0.0,-0.0,284.7456359863281,0.7560222148895264,0.3200839459896087,0.2929628193378448,297.01373291015625,297.1499938964844,293.1499938964844,0.0,-0.0,284.7451171875,0.8614789843559265,0.4803249537944793,0.4592359662055969,297.1806030273437,297.1499938964844,293.1499938964844,0.0,-0.0,284.74481201171875,0.9737719297409058,0.6821889877319336,0.4787249565124511,297.10321044921875,297.1499938964844,293.1499938964844,0.0,-0.0,284.74566650390625,0.7519734501838684,0.3149346113204956,0.3034307062625885,297.11602783203125,297.1499938964844,293.1499938964844,0.0,-0.0,284.7464904785156,0.6610344052314758,0.2123184651136398,0.9800692796707152,284.74517822265625,285.0181579589844,294.09503173828125,287.289794921875,294.09552001953125,297.1181030273437,284.7427673339844,1.0,0.5982177257537842,1.0,1.0,0.0,1.0,-3.019132375717163,3.019124984741211,7.3274914029752836e-06,2.3314480781555176,0.8975224494934082,0.8975224494934082,0.0,196.730697631836,170.0,28613.62890625,-0.0,2585.931396484375,1.0,281.8581237792969,283.73297119140625,290.36383056640625,292.28326416015625,293.1499938964844,293.1499938964844,282.1499938964844,36235.82421875,36000.0,313.1499938964844,0.0,18000.0,1.0,0.0,0.0,0.0,1.0,0.8325546383857727,1.0,0.0,0.0,3.65552282333374,3.6555469036102295,8.916456408769591e-07,4.265924453735352,4.265914440155029,9.78592834144365e-06,0.0,0.0,-0.0,4404.88037109375,0.0,1541.0887451171875,1895.4371337890625,0.0,2772.239501953125,0.9066453576087952,1.0,0.0,3.0,1.0,0.0
12071580,297.0487670898437,297.1499938964844,293.1499938964844,0.0,-0.0,284.9354248046875,0.7626664638519287,0.318390816450119,0.2906291484832763,297.0072631835937,297.1499938964844,293.1499938964844,0.0,-0.0,284.9356689453125,0.8695101737976074,0.477918416261673,0.4561331570148468,297.1655578613281,297.1499938964844,293.1499938964844,0.0,-0.0,284.9358215332031,0.9829922914505004,0.6810122132301331,0.4770837724208832,297.09600830078125,297.1499938964844,293.1499938964844,0.0,-0.0,284.9353942871094,0.75890052318573,0.3135944008827209,0.3014839887619018,297.10888671875,297.1499938964844,293.1499938964844,0.0,-0.0,284.9349975585937,0.6671159267425537,0.2111512869596481,0.9720742106437684,284.9356384277344,285.0507202148437,294.0687561035156,287.2715759277344,294.0692749023437,297.1098327636719,284.93658447265625,1.0,0.5898945927619934,1.0,1.0,0.0,1.0,-2.99865984916687,2.998652696609497,7.228283720905891e-06,2.315565347671509,0.8973351120948792,0.8973351120948792,0.0,186.7781982421875,158.0,27710.384765625,-0.0,2496.283203125,1.0,282.1422119140625,283.95465087890625,290.2123107910156,292.0097961425781,293.1499938964844,293.1499938964844,282.45001220703125,36159.828125,36000.0,313.1499938964844,0.0,18000.0,1.0,0.0,0.0,0.0,1.0,0.8157124519348145,1.0,0.0,0.0,3.648817300796509,3.648841381072998,8.883774853529758e-07,4.265924453735352,4.265914440155029,9.78592834144365e-06,0.0,0.0,-0.0,4286.28662109375,0.0,1533.0487060546875,1895.4371337890625,0.0,2615.89501953125,0.9051274061203004,1.0,0.0,3.0,1.0,0.0
12071640,297.0487670898437,297.1499938964844,293.1499938964844,0.0,-0.0,284.9354248046875,0.7626664638519287,0.318390816450119,0.2906291484832763,297.0072631835937,297.1499938964844,293.1499938964844,0.0,-0.0,284.9356689453125,0.8695101737976074,0.477918416261673,0.4561331570148468,297.1655578613281,297.1499938964844,293.1499938964844,0.0,-0.0,284.9358215332031,0.9829922914505004,0.6810122132301331,0.4770837724208832,297.09600830078125,297.1499938964844,293.1499938964844,0.0,-0.0,284.9353942871094,0.75890052318573,0.3135944008827209,0.3014839887619018,297.10888671875,297.1499938964844,293.1499938964844,0.0,-0.0,284.9349975585937,0.6671159267425537,0.2111512869596481,0.9720742106437684,284.9356384277344,285.0507202148437,294.0687561035156,287.2715759277344,294.0692749023437,297.1098327636719,284.93658447265625,1.0,0.5898945927619934,1.0,1.0,0.0,1.0,-2.99865984916687,2.998652696609497,7.228283720905891e-06,2.315565347671509,0.8973351120948792,0.8973351120948792,0.0,186.7781982421875,158.0,27710.384765625,-0.0,2496.283203125,1.0,282.1422119140625,283.95465087890625,290.2123107910156,292.0097961425781,293.1499938964844,293.1499938964844,282.45001220703125,36159.828125,36000.0,313.1499938964844,0.0,18000.0,1.0,0.0,0.0,0.0,1.0,0.8157124519348145,1.0,0.0,0.0,3.648817300796509,3.648841381072998,8.883774853529758e-07,4.265924453735352,4.265914440155029,9.78592834144365e-06,0.0,0.0,-0.0,4286.28662109375,0.0,1533.0487060546875,1895.4371337890625,0.0,2615.89501953125,0.9051274061203004,1.0,0.0,3.0,1.0,0.0
12071700,297.0526428222656,297.1499938964844,293.1499938964844,0.0,-0.0,285.09674072265625,0.7678223252296448,0.3181262612342834,0.2899994552135467,297.0104064941406,297.1499938964844,293.1499938964844,0.0,-0.0,285.0989990234375,0.8754614591598511,0.4773178100585937,0.4551465511322021,297.1675109863281,297.1499938964844,293.1499938964844,0.0,-0.0,285.1003112792969,0.989054560661316,0.6812962889671326,0.4769017994403839,297.0971069335937,297.1499938964844,293.1499938964844,0.0,-0.0,285.0966491699219,0.7640402317047119,0.3133573830127716,0.3008937835693359,297.1089782714844,297.1499938964844,293.1499938964844,0.0,-0.0,285.0931091308594,0.6717134714126587,0.2108985781669616,0.9693596363067628,285.0986633300781,285.06719970703125,294.05548095703125,287.262451171875,294.0559997558594,297.1102294921875,285.1082458496094,1.0,0.5857285857200623,1.0,1.0,0.0,1.0,-2.992520332336426,2.9925131797790527,7.198707407951588e-06,2.310821056365967,0.8989572525024414,0.8989572525024414,0.0,180.95620727539065,158.0,26991.375,-0.0,2455.1376953125,1.0,282.39874267578125,284.1468811035156,290.1470947265625,291.8348388671875,293.1499938964844,293.1499938964844,282.45001220703125,36058.06640625,36000.0,313.1499938964844,0.0,18000.0,1.0,0.0,0.0,0.0,1.0,0.801241397857666,1.0,0.0,0.0,3.647805213928223,3.647829055786133,8.878846529114526e-07,4.265924453735352,4.265914440155029,9.78592834144365e-06,0.0,0.0,-0.0,4405.90966796875,0.0,1531.1622314453125,1895.4371337890625,0.0,2482.7802734375,0.9048771858215332,1.0,0.0,3.0,1.0,0.0
12071760,297.0589294433594,297.1499938964844,293.1499938964844,0.0,-0.0,285.1521911621094,0.7742200493812561,0.3181277215480804,0.2897059321403503,297.0162658691406,297.1499938964844,293.1499938964844,0.0,-0.0,285.1524658203125,0.8827278017997742,0.4770122766494751,0.4545350670814514,297.1731262207031,297.1499938964844,293.1499938964844,0.0,-0.0,285.15264892578125,0.9957549571990968,0.6819621920585632,0.4771182835102081,297.1004333496094,297.1499938964844,293.1499938964844,0.0,-0.0,285.15216064453125,0.7703478932380676,0.3133487701416015,0.3005735576152801,297.11102294921875,297.1499938964844,293.1499938964844,0.0,-0.0,285.15167236328125,0.6774022579193115,0.2108394354581833,0.967635691165924,285.1524353027344,285.0837707519531,294.0421142578125,287.2532653808594,294.0426330566406,297.1130676269531,285.15362548828125,1.0,0.5816695690155029,1.0,1.0,0.0,1.0,-2.98923134803772,2.9892241954803467,7.182933131844038e-06,2.3082990646362305,0.8998414874076843,0.8998414874076843,0.0,174.73788452148438,146.0,26882.689453125,-0.0,2417.35986328125,1.0,282.4418640136719,284.1997375488281,290.15948486328125,291.8786315917969,293.1499938964844,293.1499938964844,282.75,35976.45703125,36000.0,313.1499938964844,0.0,18000.0,1.0,0.0,0.0,0.0,1.0,0.7924823760986328,1.0,0.0,0.0,3.6491003036499023,3.649124145507813,8.885152169568755e-07,4.265924453735352,4.265914440155029,9.78592834144365e-06,0.0,0.0,-0.0,4214.21435546875,0.0,1531.9915771484375,1895.4371337890625,0.0,2402.90185546875,0.9050725698471068,1.0,0.0,3.0,1.0,0.0
12071820,297.073486328125,297.1499938964844,293.1499938964844,0.0,-0.0,285.3642883300781,0.7859480381011963,0.318446546792984,0.2895286381244659,297.0308837890625,297.1499938964844,293.1499938964844,0.0,-0.0,285.3644104003906,0.8958823084831238,0.4767936170101166,0.4538213312625885,297.20233154296875,297.1499938964844,293.1499938964844,0.0,-0.0,285.36444091796875,0.9990000128746032,0.6851605176925659,0.4644011855125427,297.1094665527344,297.1499938964844,293.1499938964844,0.0,-0.0,285.3642883300781,0.781938910484314,0.3136346042156219,0.3003624081611633,297.1175231933594,297.1499938964844,293.1499938964844,0.0,-0.0,285.364013671875,0.687882125377655,0.2110014706850052,0.9661104679107666,285.3643798828125,285.1174621582031,294.01495361328125,287.2348327636719,294.0154724121094,297.1234436035156,285.364990234375,1.0,0.5729419589042664,1.0,1.0,0.0,1.0,-2.97043776512146,2.970430612564087,7.094508418958867e-06,2.294483423233032,0.9047175645828248,0.9047175645828248,0.0,164.1355438232422,134.0,26008.203125,-0.0,2329.616943359375,1.0,282.74176025390625,284.43902587890625,290.1510925292969,291.8111572265625,293.1499938964844,293.1499938964844,282.45001220703125,35756.39453125,36000.0,313.1499938964844,0.0,18000.0,1.0,0.0,0.0,0.0,1.0,0.7721199989318848,1.0,0.0,0.0,3.6576485633850098,3.657672643661499,8.9268297642775e-07,4.265924453735352,4.265914440155029,9.78592834144365e-06,0.0,0.0,-0.0,4635.771484375,0.0,1539.8681640625,1895.4371337890625,0.0,2219.6875,0.9068352580070496,1.0,0.0,3.0,1.0,0.0
12071880,297.073486328125,297.1499938964844,293.1499938964844,0.0,-0.0,285.3642883300781,0.7859480381011963,0.318446546792984,0.2895286381244659,297.0308837890625,297.1499938964844,293.1499938964844,0.0,-0.0,285.3644104003906,0.8958823084831238,0.4767936170101166,0.4538213312625885,297.20233154296875,297.1499938964844,293.1499938964844,0.0,-0.0,285.36444091796875,0.9990000128746032,0.6851605176925659,0.4644011855125427,297.1094665527344,297.1499938964844,293.1499938964844,0.0,-0.0,285.3642883300781,0.781938910484314,0.3136346042156219,0.3003624081611633,297.1175231933594,297.1499938964844,293.1499938964844,0.0,-0.0,285.364013671875,0.687882125377655,0.2110014706850052,0.9661104679107666,285.3643798828125,285.1174621582031,294.01495361328125,287.2348327636719,294.0154724121094,297.1234436035156,285.364990234375,1.0,0.5729419589042664,1.0,1.0,0.0,1.0,-2.97043776512146,2.970430612564087,7.094508418958867e-06,2.294483423233032,0.9047175645828248,0.9047175645828248,0.0,164.1355438232422,134.0,26008.203125,-0.0,2329.616943359375,1.0,282.74176025390625,284.43902587890625,290.1510925292969,291.8111572265625,293.1499938964844,293.1499938964844,282.45001220703125,35756.39453125,36000.0,313.1499938964844,0.0,18000.0,1.0,0.0,0.0,0.0,1.0,0.7721199989318848,1.0,0.0,0.0,3.6576485633850098,3.657672643661499,8.9268297642775e-07,4.265924453735352,4.265914440155029,9.78592834144365e-06,0.0,0.0,-0.0,4635.771484375,0.0,1539.8681640625,1895.4371337890625,0.0,2219.6875,0.9068352580070496,1.0,0.0,3.0,1.0,0.0
12071940,297.0691833496094,297.1499938964844,293.1499938964844,0.0,-0.0,285.1323547363281,0.796500563621521,0.317067801952362,0.2885124683380127,297.0267639160156,297.1499938964844,293.1499938964844,0.0,-0.0,285.1317443847656,0.9081315994262696,0.4748958647251129,0.4522804617881775,297.2427673339844,297.1499938964844,293.1499938964844,0.0,-0.0,285.1314392089844,0.9990000128746032,0.689936101436615,0.4451257288455963,297.1055603027344,297.1499938964844,293.1499938964844,0.0,-0.0,285.13238525390625,0.7926896214485168,0.3127435147762298,0.2996020913124084,297.1151733398437,297.1499938964844,293.1499938964844,0.0,-0.0,285.13330078125,0.6975591778755188,0.2103665918111801,0.96307110786438,285.1318664550781,285.15185546875,293.9872131347656,287.2162780761719,293.9877624511719,297.13067626953125,285.1289978027344,1.0,0.5630564093589783,1.0,1.0,0.0,1.0,-2.9400076866149902,2.940000534057617,6.9496418291237205e-06,2.270866870880127,0.902378797531128,0.902378797531128,0.0,154.3436737060547,122.0,26400.736328125,-0.0,2226.004638671875,1.0,282.4577331542969,284.1859741210937,290.27178955078125,292.0302429199219,293.1499938964844,293.1499938964844,282.1499938964844,35954.59375,36000.0,313.1499938964844,0.0,18000.0,1.0,0.0,0.0,0.0,1.0,0.7887886762619019,1.0,0.0,0.0,3.660553932189941,3.660578012466431,8.94101674475678e-07,4.265924453735352,4.265914440155029,9.78592834144365e-06,0.0,0.0,-0.0,4729.8154296875,0.0,1544.6011962890625,1895.4371337890625,0.0,2369.39599609375,0.9075855016708374,1.0,0.0,3.0,1.0,0.0
12072000,297.0691833496094,297.1499938964844,293.1499938964844,0.0,-0.0,285.1323547363281,0.796500563621521,0.317067801952362,0.2885124683380127,297.0267639160156,297.1499938964844,293.1499938964844,0.0,-0.0,285.1317443847656,0.9081315994262696,0.4748958647251129,0.4522804617881775,297.2427673339844,297.1499938964844,293.1499938964844,0.0,-0.0,285.1314392089844,0.9990000128746032,0.689936101436615,0.4451257288455963,297.1055603027344,297.1499938964844,293.1499938964844,0.0,-0.0,285.13238525390625,0.7926896214485168,0.3127435147762298,0.2996020913124084,297.1151733398437,297.1499938964844,293.1499938964844,0.0,-0.0,285.13330078125,0.6975591778755188,0.2103665918111801,0.96307110786438,285.1318664550781,285.15185546875,293.9872131347656,287.2162780761719,293.9877624511719,297.13067626953125,285.1289978027344,1.0,0.5630564093589783,1.0,1.0,0.0,1.0,-2.9400076866149902,2.940000534057617,6.9496418291237205e-06,2.270866870880127,0.902378797531128,0.902378797531128,0.0,154.3436737060547,122.0,26400.736328125,-0.0,2226.004638671875,1.0,282.4577331542969,284.1859741210937,290.27178955078125,292.0302429199219,293.1499938964844,293.1499938964844,282.1499938964844,35954.59375,36000.0,313.1499938964844,0.0,18000.0,1.0,0.0,0.0,0.0,1.0,0.7887886762619019,1.0,0.0,0.0,3.660553932189941,3.660578012466431,8.94101674475678e-07,4.265924453735352,4.265914440155029,9.78592834144365e-06,0.0,0.0,-0.0,4729.8154296875,0.0,1544.6011962890625,1895.4371337890625,0.0,2369.39599609375,0.9075855016708374,1.0,0.0,3.0,1.0,0.0
12072060,297.050537109375,297.1499938964844,293.1499938964844,0.0,-0.0,284.87451171875,0.8055556416511536,0.3141632080078125,0.285889983177185,297.0064697265625,297.1499938964844,293.1499938964844,0.0,-0.0,284.87384033203125,0.9200970530509948,0.4712898731231689,0.448921650648117,297.2691955566406,297.1499938964844,293.1499938964844,0.0,-0.0,284.8735656738281,0.9990000128746032,0.6938045620918274,0.4267647862434387,297.0888977050781,297.1499938964844,293.1499938964844,0.0,-0.0,284.87451171875,0.8022509813308716,0.3105030059814453,0.2974604070186615,297.10308837890625,297.1499938964844,293.1499938964844,0.0,-0.0,284.87554931640625,0.7059792876243591,0.2087084054946899,0.9552122354507446,284.8739624023437,285.1871337890625,293.9587707519531,287.19757080078125,293.9593200683594,297.12994384765625,284.870849609375,1.0,0.5518906712532043,1.0,1.0,0.0,1.0,-2.898736000061035,2.8987293243408203,6.756252787454287e-06,2.239147186279297,0.8958825469017029,0.8958825469017029,0.0,144.90682983398438,125.0,26706.966796875,-0.0,2108.012939453125,1.0,282.1581420898437,283.9110412597656,290.2724914550781,292.0816650390625,293.1499938964844,293.1499938964844,282.45001220703125,36283.94921875,36000.0,313.1499938964844,0.0,18000.0,1.0,0.0,0.0,0.0,1.0,0.808448851108551,1.0,0.0,0.0,3.651127576828003,3.651151657104492,8.895028145161632e-07,4.265924453735352,4.265914440155029,9.78592834144365e-06,0.0,0.0,-0.0,4268.03662109375,0.0,1536.548583984375,1895.4371337890625,0.0,2548.916259765625,0.9056923389434814,1.0,0.0,3.0,1.0,0.0
12072120,297.050537109375,297.1499938964844,293.1499938964844,0.0,-0.0,284.87451171875,0.8055556416511536,0.3141632080078125,0.285889983177185,297.0064697265625,297.1499938964844,293.1499938964844,0.0,-0.0,284.87384033203125,0.9200970530509948,0.4712898731231689,0.448921650648117,297.2691955566406,297.1499938964844,293.1499938964844,0.0,-0.0,284.8735656738281,0.9990000128746032,0.6938045620918274,0.4267647862434387,297.0888977050781,297.1499938964844,293.1499938964844,0.0,-0.0,284.87451171875,0.8022509813308716,0.3105030059814453,0.2974604070186615,297.10308837890625,297.1499938964844,293.1499938964844,0.0,-0.0,284.87554931640625,0.7059792876243591,0.2087084054946899,0.9552122354507446,284.8739624023437,285.1871337890625,293.9587707519531,287.19757080078125,293.9593200683594,297.12994384765625,284.870849609375,1.0,0.5518906712532043,1.0,1.0,0.0,1.0,-2.898736000061035,2.8987293243408203,6.756252787454287e-06,2.239147186279297,0.8958825469017029,0.8958825469017029,0.0,144.90682983398438,125.0,26706.966796875,-0.0,2108.012939453125,1.0,282.1581420898437,283.9110412597656,290.2724914550781,292.0816650390625,293.1499938964844,293.1499938964844,282.45001220703125,36283.94921875,36000.0,313.1499938964844,0.0,18000.0,1.0,0.0,0.0,0.0,1.0,0.808448851108551,1.0,0.0,0.0,3.651127576828003,3.651151657104492,8.895028145161632e-07,4.265924453735352,4.265914440155029,9.78592834144365e-06,0.0,0.0,-0.0,4268.03662109375,0.0,1536.548583984375,1895.4371337890625,0.0,2548.916259765625,0.9056923389434814,1.0,0.0,3.0,1.0,0.0
12072180,297.0473022460937,297.1499938964844,293.1499938964844,0.0,-0.0,285.0590209960937,0.8103589415550232,0.3125535547733307,0.2838262915611267,297.00054931640625,297.1499938964844,293.1499938964844,0.0,-0.0,285.05926513671875,0.9267175197601318,0.46884685754776,0.4459844529628753,297.3056335449219,297.1499938964844,293.1499938964844,0.0,-0.0,285.0593566894531,0.9990000128746032,0.6989980340003967,0.4162233173847198,297.0810852050781,297.1499938964844,293.1499938964844,0.0,-0.0,285.0590209960937,0.8072916865348816,0.3089205026626587,0.2954900860786438,297.0967712402344,297.1499938964844,293.1499938964844,0.0,-0.0,285.0586242675781,0.7102295160293579,0.2074623107910156,0.947776973247528,285.0592041015625,285.223388671875,293.92950439453125,287.1786804199219,293.9301147460937,297.1434936523437,285.0600280761719,1.0,0.5449931025505066,1.0,1.0,0.0,1.0,-2.868724822998047,2.868718147277832,6.61660305922851e-06,2.2157516479492188,0.8949666023254395,0.8949666023254395,0.0,139.39280700683594,128.0,25748.986328125,-0.0,2030.741455078125,1.0,282.4421691894531,284.12945556640625,290.10955810546875,291.7920837402344,293.1499938964844,293.1499938964844,282.75,36224.3828125,36000.0,313.1499938964844,0.0,18000.0,1.0,0.0,0.0,0.0,1.0,0.7895013689994812,1.0,0.0,0.0,3.642008066177368,3.6420321464538574,8.850648782754433e-07,4.265924453735352,4.265914440155029,9.78592834144365e-06,0.0,0.0,-0.0,4147.181640625,0.0,1525.970458984375,1895.4371337890625,0.0,2375.85205078125,0.9036480188369752,1.0,0.0,3.0,1.0,0.0
12072240,297.0473022460937,297.1499938964844,293.1499938964844,0.0,-0.0,285.0590209960937,0.8103589415550232,0.3125535547733307,0.2838262915611267,297.00054931640625,297.1499938964844,293.1499938964844,0.0,-0.0,285.05926513671875,0.9267175197601318,0.46884685754776,0.4459844529628753,297.3056335449219,297.1499938964844,293.1499938964844,0.0,-0.0,285.0593566894531,0.9990000128746032,0.6989980340003967,0.4162233173847198,297.0810852050781,297.1499938964844,293.1499938964844,0.0,-0.0,285.0590209960937,0.8072916865348816,0.3089205026626587,0.2954900860786438,297.0967712402344,297.1499938964844,293.1499938964844,0.0,-0.0,285.0586242675781,0.7102295160293579,0.2074623107910156,0.947776973247528,285.0592041015625,285.223388671875,293.92950439453125,287.1786804199219,293.9301147460937,297.1434936523437,285.0600280761719,1.0,0.5449931025505066,1.0,1.0,0.0,1.0,-2.868724822998047,2.868718147277832,6.61660305922851e-06,2.2157516479492188,0.8949666023254395,0.8949666023254395,0.0,139.39280700683594,128.0,25748.986328125,-0.0,2030.741455078125,1.0,282.4421691894531,284.12945556640625,290.10955810546875,291.7920837402344,293.1499938964844,293.1499938964844,282.75,36224.3828125,36000.0,313.1499938964844,0.0,18000.0,1.0,0.0,0.0,0.0,1.0,0.7895013689994812,1.0,0.0,0.0,3.642008066177368,3.6420321464538574,8.850648782754433e-07,4.265924453735352,4.265914440155029,9.78592834144365e-06,0.0,0.0,-0.0,4147.181640625,0.0,1525.970458984375,1895.4371337890625,0.0,2375.85205078125,0.9036480188369752,1.0,0.0,3.0,1.0,0.0
12072300,297.0511474609375,297.1499938964844,293.1499938964844,0.0,-0.0,285.2188415527344,0.8122764229774475,0.3122769296169281,0.2833581864833832,297.00360107421875,297.1499938964844,293.1499938964844,0.0,-0.0,285.2211608886719,0.929236888885498,0.4681957364082336,0.445124477148056,297.3246154785156,297.1499938964844,293.1499938964844,0.0,-0.0,285.2221069335937,0.9990000128746032,0.7018437385559082,0.4125368297100067,297.0816345214844,297.1499938964844,293.1499938964844,0.0,-0.0,285.21875,0.8091799020767212,0.3085344731807709,0.2949303984642029,297.0971374511719,297.1499938964844,293.1499938964844,0.0,-0.0,285.2150573730469,0.711825966835022,0.2071571797132492,0.9456171989440918,285.220703125,285.241943359375,293.91455078125,287.1691589355469,293.9151611328125,297.1546325683594,285.2308044433594,1.0,0.5427184700965881,1.0,1.0,0.0,1.0,-2.859422445297241,2.8594157695770264,6.573721748281969e-06,2.208548784255981,0.8961963057518005,0.8961963057518005,0.0,137.54116821289062,128.0,25023.18359375,-0.0,2006.39111328125,1.0,282.69854736328125,284.32135009765625,290.0403747558594,291.612060546875,293.1499938964844,293.1499938964844,282.75,36128.78125,36000.0,313.1499938964844,0.0,18000.0,1.0,0.0,0.0,0.0,1.0,0.7734984755516052,1.0,0.0,0.0,3.639625072479248,3.639649152755737,8.839070346766675e-07,4.265924453735352,4.265914440155029,9.78592834144365e-06,0.0,0.0,-0.0,4258.240234375,0.0,1522.617431640625,1895.4371337890625,0.0,2231.968017578125,0.9030966758728028,1.0,0.0,3.0,1.0,0.0
12072360,297.0570068359375,297.1499938964844,293.1499938964844,0.0,-0.0,285.2743225097656,0.8140750527381897,0.3122270703315735,0.2832182049751282,297.0091552734375,297.1499938964844,293.1499938964844,0.0,-0.0,285.2746276855469,0.9315110445022584,0.4678164720535278,0.444646418094635,297.34307861328125,297.1499938964844,293.1499938964844,0.0,-0.0,285.2747497558594,0.9990000128746032,0.7047651410102844,0.4095143675804138,297.08428955078125,297.1499938964844,293.1499938964844,0.0,-0.0,285.2743225097656,0.8108911514282227,0.3083624243736267,0.2946549654006958,297.09930419921875,297.1499938964844,293.1499938964844,0.0,-0.0,285.2738342285156,0.7133068442344666,0.2070365399122238,0.9445492029190063,285.2745666503906,285.26080322265625,293.8993530273437,287.1596069335937,293.89996337890625,297.16748046875,285.2757263183594,1.0,0.5411123037338257,1.0,1.0,0.0,1.0,-2.853426694869995,2.85342025756836,6.546189524669899e-06,2.203920841217041,0.8966946005821228,0.8966946005821228,0.0,136.09645080566406,131.0,24896.841796875,-0.0,1989.5513916015625,1.0,282.7417907714844,284.3739318847656,290.0519714355469,291.65240478515625,293.1499938964844,293.1499938964844,283.04998779296875,36050.75390625,36000.0,313.1499938964844,0.0,18000.0,1.0,0.0,0.0,0.0,1.0,0.7633060216903687,1.0,0.0,0.0,3.639521837234497,3.6395456790924072,8.838568419378134e-07,4.265924453735352,4.265914440155029,9.78592834144365e-06,0.0,0.0,-0.0,4075.570556640625,0.0,1521.9207763671875,1895.4371337890625,0.0,2141.63232421875,0.9029809236526488,1.0,0.0,3.0,1.0,0.0
12072420,297.07049560546875,297.1499938964844,293.1499938964844,0.0,-0.0,285.4936828613281,0.8163694739341736,0.31241175532341,0.283241719007492,297.023193359375,297.1499938964844,293.1499938964844,0.0,-0.0,285.4939880371094,0.9342471361160278,0.4674490690231323,0.4441201984882355,297.3746643066406,297.1499938964844,293.1499938964844,0.0,-0.0,285.4941101074219,0.9990000128746032,0.7104150056838989,0.405951589345932,297.0924377441406,297.1499938964844,293.1499938964844,0.0,-0.0,285.49365234375,0.8130407929420471,0.3083523213863373,0.294481873512268,297.1063537597656,297.1499938964844,293.1499938964844,0.0,-0.0,285.4931335449219,0.7152504920959473,0.2071051746606826,0.9441183805465698,285.4939270019531,285.2994384765625,293.8681945800781,287.1403503417969,293.86883544921875,297.1922302246094,285.4952392578125,1.0,0.5394760370254517,1.0,1.0,0.0,1.0,-2.847806692123413,2.8478002548217773,6.520575880131219e-06,2.199646472930908,0.9008564352989196,0.9008564352989196,0.0,134.4633026123047,134.0,24123.392578125,-0.0,1972.47314453125,1.0,283.0417175292969,284.6205139160156,290.0455627441406,291.5876770019531,293.1499938964844,293.1499938964844,282.75,35831.12109375,36000.0,313.1499938964844,0.0,18000.0,1.0,0.0,0.0,0.0,1.0,0.7405300140380859,1.0,0.0,0.0,3.6452059745788574,3.645229816436768,8.866198299983807e-07,4.265924453735352,4.265914440155029,9.78592834144365e-06,0.0,0.0,-0.0,4481.544921875,0.0,1526.57958984375,1895.4371337890625,0.0,1944.0985107421875,0.9041039943695068,1.0,0.0,3.0,1.0,0.0
12072480,297.07049560546875,297.1499938964844,293.1499938964844,0.0,-0.0,285.4936828613281,0.8163694739341736,0.31241175532341,0.283241719007492,297.023193359375,297.1499938964844,293.1499938964844,0.0,-0.0,285.4939880371094,0.9342471361160278,0.4674490690231323,0.4441201984882355,297.3746643066406,297.1499938964844,293.1499938964844,0.0,-0.0,285.4941101074219,0.9990000128746032,0.7104150056838989,0.405951589345932,297.0924377441406,297.1499938964844,293.1499938964844,0.0,-0.0,285.49365234375,0.8130407929420471,0.3083523213863373,0.294481873512268,297.1063537597656,297.1499938964844,293.1499938964844,0.0,-0.0,285.4931335449219,0.7152504920959473,0.2071051746606826,0.9441183805465698,285.4939270019531,285.2994384765625,293.8681945800781,287.1403503417969,293.86883544921875,297.1922302246094,285.4952392578125,1.0,0.5394760370254517,1.0,1.0,0.0,1.0,-2.847806692123413,2.8478002548217773,6.520575880131219e-06,2.199646472930908,0.9008564352989196,0.9008564352989196,0.0,134.4633026123047,134.0,24123.392578125,-0.0,1972.47314453125,1.0,283.0417175292969,284.6205139160156,290.0455627441406,291.5876770019531,293.1499938964844,293.1499938964844,282.75,35831.12109375,36000.0,313.1499938964844,0.0,18000.0,1.0,0.0,0.0,0.0,1.0,0.7405300140380859,1.0,0.0,0.0,3.6452059745788574,3.645229816436768,8.866198299983807e-07,4.265924453735352,4.265914440155029,9.78592834144365e-06,0.0,0.0,-0.0,4481.544921875,0.0,1526.57958984375,1895.4371337890625,0.0,1944.0985107421875,0.9041039943695068,1.0,0.0,3.0,1.0,0.0
12072540,297.06561279296875,297.1499938964844,293.1499938964844,0.0,-0.0,285.2757568359375,0.8149920105934143,0.310934841632843,0.2824641168117523,297.01922607421875,297.1499938964844,293.1499938964844,0.0,-0.0,285.2752685546875,0.9322746992111206,0.4654680788516998,0.4428381323814392,297.37042236328125,297.1499938964844,293.1499938964844,0.0,-0.0,285.27508544921875,0.9990000128746032,0.7128815054893494,0.4069902002811432,297.0887145996094,297.1499938964844,293.1499938964844,0.0,-0.0,285.2757873535156,0.8118196725845337,0.3072630763053894,0.2938683032989502,297.1051025390625,297.1499938964844,293.1499938964844,0.0,-0.0,285.27655029296875,0.7142742872238159,0.2064382880926132,0.9425907135009766,285.2753601074219,285.33941650390625,293.8359375,287.12091064453125,293.83660888671875,297.1903686523437,285.2732238769531,1.0,0.5392144322395325,1.0,1.0,0.0,1.0,-2.844011068344116,2.8440046310424805,6.503704753413331e-06,2.1969401836395264,0.8979909420013428,0.8979909420013428,0.0,134.744873046875,137.0,24675.66796875,-0.0,1967.6820068359373,1.0,282.7578125,284.3792419433594,290.1822509765625,291.8292541503906,293.1499938964844,293.1499938964844,283.04998779296875,36026.55859375,36000.0,313.1499938964844,0.0,18000.0,1.0,0.0,0.0,0.0,1.0,0.7584006190299988,1.0,0.0,0.0,3.6454379558563232,3.645462036132813,8.867326641848194e-07,4.265924453735352,4.265914440155029,9.78592834144365e-06,0.0,0.0,-0.0,4113.99755859375,0.0,1528.2974853515625,1895.4371337890625,0.0,2098.55908203125,0.9042546153068542,1.0,0.0,3.0,1.0,0.0
12072600,297.06561279296875,297.1499938964844,293.1499938964844,0.0,-0.0,285.2757568359375,0.8149920105934143,0.310934841632843,0.2824641168117523,297.01922607421875,297.1499938964844,293.1499938964844,0.0,-0.0,285.2752685546875,0.9322746992111206,0.4654680788516998,0.4428381323814392,297.37042236328125,297.1499938964844,293.1499938964844,0.0,-0.0,285.27508544921875,0.9990000128746032,0.7128815054893494,0.4069902002811432,297.0887145996094,297.1499938964844,293.1499938964844,0.0,-0.0,285.2757873535156,0.8118196725845337,0.3072630763053894,0.2938683032989502,297.1051025390625,297.1499938964844,293.1499938964844,0.0,-0.0,285.27655029296875,0.7142742872238159,0.2064382880926132,0.9425907135009766,285.2753601074219,285.33941650390625,293.8359375,287.12091064453125,293.83660888671875,297.1903686523437,285.2732238769531,1.0,0.5392144322395325,1.0,1.0,0.0,1.0,-2.844011068344116,2.8440046310424805,6.503704753413331e-06,2.1969401836395264,0.8979909420013428,0.8979909420013428,0.0,134.744873046875,137.0,24675.66796875,-0.0,1967.6820068359373,1.0,282.7578125,284.3792419433594,290.1822509765625,291.8292541503906,293.1499938964844,293.1499938964844,283.04998779296875,36026.55859375,36000.0,313.1499938964844,0.0,18000.0,1.0,0.0,0.0,0.0,1.0,0.7584006190299988,1.0,0.0,0.0,3.6454379558563232,3.645462036132813,8.867326641848194e-07,4.265924453735352,4.265914440155029,9.78592834144365e-06,0.0,0.0,-0.0,4113.99755859375,0.0,1528.2974853515625,1895.4371337890625,0.0,2098.55908203125,0.9042546153068542,1.0,0.0,3.0,1.0,0.0
12072660,297.0638427734375,297.1499938964844,293.1499938964844,0.0,-0.0,285.4399719238281,0.8124931454658508,0.3101134598255157,0.2815358638763428,297.0173645019531,297.1499938964844,293.1499938964844,0.0,-0.0,285.4415588378906,0.9289429783821106,0.4642817676067352,0.4415391087532043,297.3620910644531,297.1499938964844,293.1499938964844,0.0,-0.0,285.4421691894531,0.9990000128746032,0.7137275338172913,0.4095463156700134,297.0862121582031,297.1499938964844,293.1499938964844,0.0,-0.0,285.4399108886719,0.8094580173492432,0.3065460920333862,0.2930966913700104,297.1033020019531,297.1499938964844,293.1499938964844,0.0,-0.0,285.4373474121094,0.7121672034263611,0.2059170603752136,0.9401028752326964,285.44122314453125,285.3641357421875,293.8160095214844,287.109130859375,293.8166809082031,297.1861267089844,285.4480285644531,1.0,0.5393500924110413,1.0,1.0,0.0,1.0,-2.8404858112335205,2.8404793739318848,6.487726295745233e-06,2.1942780017852783,0.8998812437057495,0.8998812437057495,0.0,135.63784790039062,137.0,23986.21875,-0.0,1966.3052978515625,1.0,283.01611328125,284.5749206542969,290.078857421875,291.61968994140625,293.1499938964844,293.1499938964844,283.04998779296875,35942.8359375,36000.0,313.1499938964844,0.0,18000.0,1.0,0.0,0.0,0.0,1.0,0.750764012336731,1.0,0.0,0.0,3.646311044692993,3.6463351249694815,8.871575118973851e-07,4.265924453735352,4.265914440155029,9.78592834144365e-06,0.0,0.0,-0.0,4217.482421875,0.0,1528.6409912109375,1895.4371337890625,0.0,2032.064697265625,0.9044479131698608,1.0,0.0,3.0,1.0,0.0
12072720,297.0653686523437,297.1499938964844,293.1499938964844,0.0,-0.0,285.4737243652344,0.8112661838531494,0.3098255693912506,0.2812334597110748,297.0188293457031,297.1499938964844,293.1499938964844,0.0,-0.0,285.4740295410156,0.927201807498932,0.4637542366981506,0.4409927129745483,297.3585205078125,297.1499938964844,293.1499938964844,0.0,-0.0,285.4741516113281,0.9990000128746032,0.7144542932510376,0.4110133349895477,297.08648681640625,297.1499938964844,293.1499938964844,0.0,-0.0,285.4737243652344,0.8082134127616882,0.3062494993209839,0.2927868664264679,297.1033630371094,297.1499938964844,293.1499938964844,0.0,-0.0,285.47320556640625,0.7110318541526794,0.2056874185800552,0.9390183687210084,285.4739685058594,285.3809509277344,293.8024597167969,287.1012268066406,293.8031616210937,297.1859130859375,285.4752502441406,1.0,0.539601743221283,1.0,1.0,0.0,1.0,-2.839550733566284,2.8395442962646484,6.483540801127674e-06,2.193593978881836,0.9005705714225769,0.9005705714225769,0.0,136.19444274902344,140.0,23922.28125,-0.0,1967.4896240234373,1.0,283.04217529296875,284.6065368652344,290.06707763671875,291.62762451171875,293.1499938964844,293.1499938964844,282.75,35901.21484375,36000.0,313.1499938964844,0.0,18000.0,1.0,0.0,0.0,0.0,1.0,0.7475853562355042,1.0,0.0,0.0,3.6483211517333984,3.6483449935913086,8.881358439793985e-07,4.265924453735352,4.265914440155029,9.78592834144365e-06,0.0,0.0,-0.0,4477.03955078125,0.0,1530.5626220703125,1895.4371337890625,0.0,2004.59765625,0.9048414826393129,1.0,0.0,3.0,1.0,0.0
12072780,297.0553283691406,297.1499938964844,293.1499938964844,0.0,-0.0,285.2558898925781,0.8063657283782959,0.3077556788921356,0.2798774242401123,297.0088195800781,297.1499938964844,293.1499938964844,0.0,-0.0,285.2554016113281,0.9207783341407776,0.4610985815525055,0.439023494720459,297.3267517089844,297.1499938964844,293.1499938964844,0.0,-0.0,285.25518798828125,0.9990000128746032,0.7139112949371338,0.4165576696395874,297.077880859375,297.1499938964844,293.1499938964844,0.0,-0.0,285.2558898925781,0.8034542798995972,0.3045897781848907,0.2916198074817657,297.0966796875,297.1499938964844,293.1499938964844,0.0,-0.0,285.25665283203125,0.7066628336906433,0.2044315934181213,0.934935986995697,285.2554931640625,285.424072265625,293.7677001953125,287.081298828125,293.7684020996094,297.1673583984375,285.2533569335937,1.0,0.5404848456382751,1.0,1.0,0.0,1.0,-2.835914373397827,2.8359079360961914,6.467440016422188e-06,2.191009283065796,0.8962892293930054,0.8962892293930054,0.0,138.31719970703125,143.0,24465.853515625,-0.0,1971.8743896484373,1.0,282.7578125,284.3658447265625,290.140380859375,291.7875671386719,293.1499938964844,293.1499938964844,283.04998779296875,36138.81640625,36000.0,313.1499938964844,0.0,18000.0,1.0,0.0,0.0,0.0,1.0,0.764014482498169,1.0,0.0,0.0,3.644428968429565,3.644452810287476,8.862418781063752e-07,4.265924453735352,4.265914440155029,9.78592834144365e-06,0.0,0.0,-0.0,4093.33251953125,0.0,1528.016357421875,1895.4371337890625,0.0,2147.875244140625,0.9041023254394532,1.0,0.0,3.0,1.0,0.0
12072840,297.0553283691406,297.1499938964844,293.1499938964844,0.0,-0.0,285.2558898925781,0.8063657283782959,0.3077556788921356,0.2798774242401123,297.0088195800781,297.1499938964844,293.1499938964844,0.0,-0.0,285.2554016113281,0.9207783341407776,0.4610985815525055,0.439023494720459,297.3267517089844,297.1499938964844,293.1499938964844,0.0,-0.0,285.25518798828125,0.9990000128746032,0.7139112949371338,0.4165576696395874,297.077880859375,297.1499938964844,293.1499938964844,0.0,-0.0,285.2558898925781,0.8034542798995972,0.3045897781848907,0.2916198074817657,297.0966796875,297.1499938964844,293.1499938964844,0.0,-0.0,285.25665283203125,0.7066628336906433,0.2044315934181213,0.934935986995697,285.2554931640625,285.424072265625,293.7677001953125,287.081298828125,293.7684020996094,297.1673583984375,285.2533569335937,1.0,0.5404848456382751,1.0,1.0,0.0,1.0,-2.835914373397827,2.8359079360961914,6.467440016422188e-06,2.191009283065796,0.8962892293930054,0.8962892293930054,0.0,138.31719970703125,143.0,24465.853515625,-0.0,1971.8743896484373,1.0,282.7578125,284.3658447265625,290.140380859375,291.7875671386719,293.1499938964844,293.1499938964844,283.04998779296875,36138.81640625,36000.0,313.1499938964844,0.0,18000.0,1.0,0.0,0.0,0.0,1.0,0.764014482498169,1.0,0.0,0.0,3.644428968429565,3.644452810287476,8.862418781063752e-07,4.265924453735352,4.265914440155029,9.78592834144365e-06,0.0,0.0,-0.0,4093.33251953125,0.0,1528.016357421875,1895.4371337890625,0.0,2147.875244140625,0.9041023254394532,1.0,0.0,3.0,1.0,0.0
12072900,297.0519104003906,297.1499938964844,293.1499938964844,0.0,-0.0,285.39990234375,0.8030111193656921,0.3068166077136993,0.2788877189159393,297.0050354003906,297.1499938964844,293.1499938964844,0.0,-0.0,285.4022216796875,0.916634440422058,0.4598289132118225,0.4376870095729828,297.30987548828125,297.1499938964844,293.1499938964844,0.0,-0.0,285.4032592773437,0.9990000128746032,0.713368833065033,0.4201803505420685,297.0741271972656,297.1499938964844,293.1499938964844,0.0,-0.0,285.3998413085937,0.8002738952636719,0.3037596344947815,0.2907697856426239,297.0931701660156,297.1499938964844,293.1499938964844,0.0,-0.0,285.39617919921875,0.7036808729171753,0.203746885061264,0.9318113327026368,285.4017944335937,285.4462890625,293.7497863769531,287.0712585449219,293.75048828125,297.1577453613281,285.4117431640625,1.0,0.5409413576126099,1.0,1.0,0.0,1.0,-2.832693576812744,2.8326871395111084,6.4528780967521016e-06,2.188575029373169,0.8971574902534485,0.8971574902534485,0.0,139.68429565429688,143.0,23798.458984375,-0.0,1973.2733154296875,1.0,283.00115966796875,284.5431213378906,290.0350952148437,291.56158447265625,293.1499938964844,293.1499938964844,283.04998779296875,36091.26171875,36000.0,313.1499938964844,0.0,18000.0,1.0,0.0,0.0,0.0,1.0,0.7556469440460205,1.0,0.0,0.0,3.6422994136810303,3.642323255538941,8.852064752318256e-07,4.265924453735352,4.265914440155029,9.78592834144365e-06,0.0,0.0,-0.0,4181.4658203125,0.0,1525.2994384765625,1895.4371337890625,0.0,2074.501220703125,0.903658390045166,1.0,0.0,3.0,1.0,0.0
12072960,297.0529479980469,297.1499938964844,293.1499938964844,0.0,-0.0,285.454833984375,0.8005204200744629,0.3062950074672699,0.2783335745334625,297.0057678222656,297.1499938964844,293.1499938964844,0.0,-0.0,285.4551696777344,0.913461685180664,0.4589833915233612,0.4367961287498474,297.2984313964844,297.1499938964844,293.1499938964844,0.0,-0.0,285.4552917480469,0.9990000128746032,0.7132569551467896,0.4231654107570648,297.0735778808594,297.1499938964844,293.1499938964844,0.0,-0.0,285.454833984375,0.7978065013885498,0.3032258450984955,0.2902108132839203,297.0919189453125,297.1499938964844,293.1499938964844,0.0,-0.0,285.4543151855469,0.7013165950775146,0.203264907002449,0.9295368194580078,285.4551086425781,285.46893310546875,293.73150634765625,287.0611267089844,293.73223876953125,297.1531677246094,285.45635986328125,1.0,0.5415000319480896,1.0,1.0,0.0,1.0,-2.8311362266540527,2.831129789352417,6.44586998532759e-06,2.187410831451416,0.8974254727363586,0.8974254727363586,0.0,140.86143493652344,146.0,23701.744140625,-0.0,1976.440673828125,1.0,283.0422668457031,284.5947265625,290.0085144042969,291.5580139160156,293.1499938964844,293.1499938964844,283.1499938964844,36036.54296875,35280.0,313.1499938964844,0.0,18000.0,1.0,0.0,0.0,0.0,1.0,0.7490190267562866,1.0,0.0,0.0,3.642279624938965,3.642303466796875,8.851968686940381e-07,4.265924453735352,4.265914440155029,9.78592834144365e-06,0.0,0.0,-0.0,4136.61279296875,0.0,1524.8690185546875,1895.4371337890625,0.0,2016.970703125,0.901581645011902,1.0,0.0,3.0,1.0,0.0
12073020,297.05499267578125,297.1499938964844,293.1499938964844,0.0,-0.0,285.53515625,0.7960275411605835,0.3052753210067749,0.2775130569934845,297.0079040527344,297.1499938964844,293.1499938964844,0.0,-0.0,285.5352478027344,0.9078079462051392,0.4573729038238525,0.4353642463684082,297.2767028808594,297.1499938964844,293.1499938964844,0.0,-0.0,285.5353088378906,0.9990000128746032,0.7129345536231995,0.4288971424102783,297.07354736328125,297.1499938964844,293.1499938964844,0.0,-0.0,285.53515625,0.7933386564254761,0.3022531569004059,0.2893681824207306,297.0905456542969,297.1499938964844,293.1499938964844,0.0,-0.0,285.5350036621094,0.6970257759094238,0.2023892253637313,0.9259629845619202,285.5352478027344,285.5157165527344,293.6937866210937,287.0406799316406,293.6945495605469,297.1444702148437,285.5356140136719,1.0,0.5428625345230103,1.0,1.0,0.0,1.0,-2.830008745193481,2.8300023078918457,6.441041932703229e-06,2.186677932739258,0.8980602025985718,0.8980602025985718,0.0,143.2193145751953,149.0,23366.439453125,-0.0,1985.9969482421875,1.0,283.1470642089844,284.6871337890625,289.9971923828125,291.5273132324219,293.1499938964844,293.1499938964844,283.1499938964844,35615.10546875,34200.0,313.1499938964844,0.0,18000.0,1.0,0.0,0.0,0.0,1.0,0.738783061504364,1.0,0.0,0.0,3.623682975769043,3.623706817626953,8.761807634982688e-07,4.265924453735352,4.265914440155029,9.78592834144365e-06,0.0,0.0,-0.0,4190.87646484375,0.0,1501.2271728515625,1895.4371337890625,0.0,1929.2210693359373,0.8957663178443909,1.0,0.0,3.0,1.0,0.0
12073080,297.05499267578125,297.1499938964844,293.1499938964844,0.0,-0.0,285.53515625,0.7960275411605835,0.3052753210067749,0.2775130569934845,297.0079040527344,297.1499938964844,293.1499938964844,0.0,-0.0,285.5352478027344,0.9078079462051392,0.4573729038238525,0.4353642463684082,297.2767028808594,297.1499938964844,293.1499938964844,0.0,-0.0,285.5353088378906,0.9990000128746032,0.7129345536231995,0.4288971424102783,297.07354736328125,297.1499938964844,293.1499938964844,0.0,-0.0,285.53515625,0.7933386564254761,0.3022531569004059,0.2893681824207306,297.0905456542969,297.1499938964844,293.1499938964844,0.0,-0.0,285.5350036621094,0.6970257759094238,0.2023892253637313,0.9259629845619202,285.5352478027344,285.5157165527344,293.6937866210937,287.0406799316406,293.6945495605469,297.1444702148437,285.5356140136719,1.0,0.5428625345230103,1.0,1.0,0.0,1.0,-2.830008745193481,2.8300023078918457,6.441041932703229e-06,2.186677932739258,0.8980602025985718,0.8980602025985718,0.0,143.2193145751953,149.0,23366.439453125,-0.0,1985.9969482421875,1.0,283.1470642089844,284.6871337890625,289.9971923828125,291.5273132324219,293.1499938964844,293.1499938964844,283.1499938964844,35615.10546875,34200.0,313.1499938964844,0.0,18000.0,1.0,0.0,0.0,0.0,1.0,0.738783061504364,1.0,0.0,0.0,3.623682975769043,3.623706817626953,8.761807634982688e-07,4.265924453735352,4.265914440155029,9.78592834144365e-06,0.0,0.0,-0.0,4190.87646484375,0.0,1501.2271728515625,1895.4371337890625,0.0,1929.2210693359373,0.8957663178443909,1.0,0.0,3.0,1.0,0.0
12073140,297.0530700683594,297.1499938964844,293.1499938964844,0.0,-0.0,285.54022216796875,0.7909616231918335,0.3038810193538666,0.2764714062213897,297.0062561035156,297.1499938964844,293.1499938964844,0.0,-0.0,285.5401916503906,0.9018834233283995,0.4554098546504974,0.4337371587753296,297.2489624023437,297.1499938964844,293.1499938964844,0.0,-0.0,285.5401916503906,0.9990000128746032,0.7117384672164917,0.4353090524673462,297.0711975097656,297.1499938964844,293.1499938964844,0.0,-0.0,285.54022216796875,0.788419246673584,0.3010490834712982,0.2884181439876556,297.0877685546875,297.1499938964844,293.1499938964844,0.0,-0.0,285.540283203125,0.6923295259475708,0.2013569921255111,0.9221164584159852,285.54022216796875,285.564453125,293.6544494628906,287.0199584960937,293.6552734375,297.1310729980469,285.54010009765625,1.0,0.5443927049636841,1.0,1.0,0.0,1.0,-2.8287441730499268,2.828737735748291,6.4356431721535046e-06,2.1858627796173096,0.8974705934524536,0.8974705934524536,0.0,145.89541625976562,152.0,23235.201171875,-0.0,1996.8555908203125,1.0,283.1499328613281,284.6979064941406,290.01226806640625,291.5477600097656,293.1499938964844,293.1499938964844,283.1499938964844,34939.29296875,33120.0,313.1499938964844,0.0,18000.0,1.0,0.0,0.0,0.0,1.0,0.7376667857170105,1.0,0.0,0.0,3.5870583057403564,3.5870816707611084,8.585590762777429e-07,4.265924453735352,4.265914440155029,9.78592834144365e-06,0.0,0.0,-0.0,4191.109375,0.0,1456.46435546875,1895.4371337890625,0.0,1919.7366943359373,0.8865419626235962,1.0,0.0,3.0,1.0,0.0
12073200,297.0530700683594,297.1499938964844,293.1499938964844,0.0,-0.0,285.54022216796875,0.7909616231918335,0.3038810193538666,0.2764714062213897,297.0062561035156,297.1499938964844,293.1499938964844,0.0,-0.0,285.5401916503906,0.9018834233283995,0.4554098546504974,0.4337371587753296,297.2489624023437,297.1499938964844,293.1499938964844,0.0,-0.0,285.5401916503906,0.9990000128746032,0.7117384672164917,0.4353090524673462,297.0711975097656,297.1499938964844,293.1499938964844,0.0,-0.0,285.54022216796875,0.788419246673584,0.3010490834712982,0.2884181439876556,297.0877685546875,297.1499938964844,293.1499938964844,0.0,-0.0,285.540283203125,0.6923295259475708,0.2013569921255111,0.9221164584159852,285.54022216796875,285.564453125,293.6544494628906,287.0199584960937,293.6552734375,297.1310729980469,285.54010009765625,1.0,0.5443927049636841,1.0,1.0,0.0,1.0,-2.8287441730499268,2.828737735748291,6.4356431721535046e-06,2.1858627796173096,0.8974705934524536,0.8974705934524536,0.0,145.89541625976562,152.0,23235.201171875,-0.0,1996.8555908203125,1.0,283.1499328613281,284.6979064941406,290.01226806640625,291.5477600097656,293.1499938964844,293.1499938964844,283.1499938964844,34939.29296875,33120.0,313.1499938964844,0.0,18000.0,1.0,0.0,0.0,0.0,1.0,0.7376667857170105,1.0,0.0,0.0,3.5870583057403564,3.5870816707611084,8.585590762777429e-07,4.265924453735352,4.265914440155029,9.78592834144365e-06,0.0,0.0,-0.0,4191.109375,0.0,1456.46435546875,1895.4371337890625,0.0,1919.7366943359373,0.8865419626235962,1.0,0.0,3.0,1.0,0.0
12073260,297.048583984375,297.1499938964844,293.1499938964844,0.0,-0.0,285.5435485839844,0.7852773070335388,0.3021999001502991,0.2751332521438598,297.0017395019531,297.1499938964844,293.1499938964844,0.0,-0.0,285.5435485839844,0.8954887390136719,0.4531335234642029,0.4317814707756042,297.2148742675781,297.1499938964844,293.1499938964844,0.0,-0.0,285.5435485839844,0.9990000128746032,0.7095429301261902,0.4424129128456116,297.06671142578125,297.1499938964844,293.1499938964844,0.0,-0.0,285.5435485839844,0.7829484939575195,0.2995995581150055,0.287223756313324,297.0833435058594,297.1499938964844,293.1499938964844,0.0,-0.0,285.5435791015625,0.6870813965797424,0.2001214474439621,0.917364537715912,285.5435485839844,285.6153564453125,293.6134338378906,286.9989013671875,293.6142578125,297.1138916015625,285.5434875488281,1.0,0.5459309816360474,1.0,1.0,0.0,1.0,-2.826177835464477,2.826171398162842,6.42429858999094e-06,2.184028387069702,0.8962103724479675,0.8962103724479675,0.0,148.8621368408203,155.0,23085.994140625,-0.0,2006.98779296875,1.0,283.1499938964844,284.708251953125,290.0011291503906,291.5346984863281,293.1499938964844,293.1499938964844,283.1499938964844,34129.6953125,32040.0,313.1499938964844,0.0,18000.0,1.0,0.0,0.0,0.0,1.0,0.7384351491928101,1.0,0.0,0.0,3.540210247039795,3.5402328968048096,8.36279355098668e-07,4.265924453735352,4.265914440155029,9.78592834144365e-06,0.0,0.0,-0.0,4180.76318359375,0.0,1400.8448486328125,1895.4371337890625,0.0,1926.26318359375,0.8749158382415771,1.0,0.0,3.0,1.0,0.0
12073320,297.048583984375,297.1499938964844,293.1499938964844,0.0,-0.0,285.5435485839844,0.7852773070335388,0.3021999001502991,0.2751332521438598,297.0017395019531,297.1499938964844,293.1499938964844,0.0,-0.0,285.5435485839844,0.8954887390136719,0.4531335234642029,0.4317814707756042,297.2148742675781,297.1499938964844,293.1499938964844,0.0,-0.0,285.5435485839844,0.9990000128746032,0.7095429301261902,0.4424129128456116,297.06671142578125,297.1499938964844,293.1499938964844,0.0,-0.0,285.5435485839844,0.7829484939575195,0.2995995581150055,0.287223756313324,297.0833435058594,297.1499938964844,293.1499938964844,0.0,-0.0,285.5435791015625,0.6870813965797424,0.2001214474439621,0.917364537715912,285.5435485839844,285.6153564453125,293.6134338378906,286.9989013671875,293.6142578125,297.1138916015625,285.5434875488281,1.0,0.5459309816360474,1.0,1.0,0.0,1.0,-2.826177835464477,2.826171398162842,6.42429858999094e-06,2.184028387069702,0.8962103724479675,0.8962103724479675,0.0,148.8621368408203,155.0,23085.994140625,-0.0,2006.98779296875,1.0,283.1499938964844,284.708251953125,290.0011291503906,291.5346984863281,293.1499938964844,293.1499938964844,283.1499938964844,34129.6953125,32040.0,313.1499938964844,0.0,18000.0,1.0,0.0,0.0,0.0,1.0,0.7384351491928101,1.0,0.0,0.0,3.540210247039795,3.5402328968048096,8.36279355098668e-07,4.265924453735352,4.265914440155029,9.78592834144365e-06,0.0,0.0,-0.0,4180.76318359375,0.0,1400.8448486328125,1895.4371337890625,0.0,1926.26318359375,0.8749158382415771,1.0,0.0,3.0,1.0,0.0
12073380,297.0433349609375,297.1499938964844,293.1499938964844,0.0,-0.0,285.5483703613281,0.7794248461723328,0.3003842234611511,0.2736561298370361,296.9962158203125,297.1499938964844,293.1499938964844,0.0,-0.0,285.5483703613281,0.8889166712760925,0.4506946802139282,0.4296523928642273,297.1766662597656,297.1499938964844,293.1499938964844,0.0,-0.0,285.5483703613281,0.9990000128746032,0.7064967751502991,0.4497818946838379,297.0614013671875,297.1499938964844,293.1499938964844,0.0,-0.0,285.5483703613281,0.777310311794281,0.2980069816112518,0.2858811616897583,297.07818603515625,297.1499938964844,293.1499938964844,0.0,-0.0,285.5483703613281,0.6816198825836182,0.1987526565790176,0.9119739532470704,285.5483703613281,285.6684875488281,293.570556640625,286.9775085449219,293.5714416503906,297.09600830078125,285.54833984375,1.0,0.5474183559417725,1.0,1.0,0.0,1.0,-2.8226089477539062,2.8226025104522705,6.408376066247001e-06,2.181403636932373,0.8943009972572327,0.8943009972572327,0.0,151.95687866210938,143.0,22919.650390625,-0.0,2016.0833740234373,1.0,283.1499938964844,284.7209167480469,289.976318359375,291.5026550292969,293.1499938964844,293.1499938964844,283.1499938964844,33242.65234375,30960.0,313.1499938964844,0.0,18000.0,1.0,0.0,0.0,0.0,1.0,0.7382916808128357,1.0,0.0,0.0,3.486133098602295,3.4861550331115723,8.109259965749516e-07,4.265924453735352,4.265914440155029,9.78592834144365e-06,0.0,0.0,-0.0,4165.9091796875,0.0,1338.681396484375,1895.4371337890625,0.0,1925.0438232421875,0.861596405506134,1.0,0.0,3.0,1.0,0.0
12073440,297.0433349609375,297.1499938964844,293.1499938964844,0.0,-0.0,285.5483703613281,0.7794248461723328,0.3003842234611511,0.2736561298370361,296.9962158203125,297.1499938964844,293.1499938964844,0.0,-0.0,285.5483703613281,0.8889166712760925,0.4506946802139282,0.4296523928642273,297.1766662597656,297.1499938964844,293.1499938964844,0.0,-0.0,285.5483703613281,0.9990000128746032,0.7064967751502991,0.4497818946838379,297.0614013671875,297.1499938964844,293.1499938964844,0.0,-0.0,285.5483703613281,0.777310311794281,0.2980069816112518,0.2858811616897583,297.07818603515625,297.1499938964844,293.1499938964844,0.0,-0.0,285.5483703613281,0.6816198825836182,0.1987526565790176,0.9119739532470704,285.5483703613281,285.6684875488281,293.570556640625,286.9775085449219,293.5714416503906,297.09600830078125,285.54833984375,1.0,0.5474183559417725,1.0,1.0,0.0,1.0,-2.8226089477539062,2.8226025104522705,6.408376066247001e-06,2.181403636932373,0.8943009972572327,0.8943009972572327,0.0,151.95687866210938,143.0,22919.650390625,-0.0,2016.0833740234373,1.0,283.1499938964844,284.7209167480469,289.976318359375,291.5026550292969,293.1499938964844,293.1499938964844,283.1499938964844,33242.65234375,30960.0,313.1499938964844,0.0,18000.0,1.0,0.0,0.0,0.0,1.0,0.7382916808128357,1.0,0.0,0.0,3.486133098602295,3.4861550331115723,8.109259965749516e-07,4.265924453735352,4.265914440155029,9.78592834144365e-06,0.0,0.0,-0.0,4165.9091796875,0.0,1338.681396484375,1895.4371337890625,0.0,1925.0438232421875,0.861596405506134,1.0,0.0,3.0,1.0,0.0
12073500,297.0405578613281,297.1499938964844,293.1499938964844,0.0,-0.0,285.55145263671875,0.7786163091659546,0.2994347214698791,0.2728196084499359,296.9931640625,297.1499938964844,293.1499938964844,0.0,-0.0,285.55145263671875,0.8880862593650818,0.4494238793849945,0.4284763932228088,297.1587829589844,297.1499938964844,293.1499938964844,0.0,-0.0,285.55145263671875,0.9990000128746032,0.7049053907394409,0.4497760236263275,297.0585327148437,297.1499938964844,293.1499938964844,0.0,-0.0,285.55145263671875,0.7765938639640808,0.2971624433994293,0.2851023077964782,297.07537841796875,297.1499938964844,293.1499938964844,0.0,-0.0,285.55145263671875,0.6807732582092285,0.1980229020118713,0.9087794423103333,285.55145263671875,285.6959533691406,293.5484313964844,286.9666748046875,293.54931640625,297.0880432128906,285.5513000488281,1.0,0.5460225939750671,1.0,1.0,0.0,1.0,-2.8154220581054688,2.815415859222412,6.376266355800908e-06,2.176069498062134,0.8930969834327698,0.8930969834327698,0.0,151.6958465576172,143.0,22792.388671875,-0.0,2003.1431884765625,1.0,283.1499938964844,284.7289123535156,289.9620056152344,291.4823303222656,293.1499938964844,293.1499938964844,283.1499938964844,32636.1875,30960.0,313.1499938964844,0.0,18000.0,1.0,0.0,0.0,0.0,1.0,0.7376579642295837,1.0,0.0,0.0,3.449254512786865,3.4492759704589844,7.938597264001146e-07,4.265924453735352,4.265914440155029,9.78592834144365e-06,0.0,0.0,-0.0,4155.8935546875,0.0,1297.30322265625,1895.4371337890625,0.0,1919.66162109375,0.855350136756897,1.0,0.0,3.0,1.0,0.0
12073560,297.03778076171875,297.1499938964844,293.1499938964844,0.0,-0.0,285.5487365722656,0.7791313529014587,0.2984685599803924,0.2719262838363647,296.9900817871094,297.1499938964844,293.1499938964844,0.0,-0.0,285.5486755371094,0.8887910842895508,0.4481262862682342,0.4272326827049255,297.146728515625,297.1499938964844,293.1499938964844,0.0,-0.0,285.5486145019531,0.9990000128746032,0.7037754654884338,0.4474333226680755,297.0555419921875,297.1499938964844,293.1499938964844,0.0,-0.0,285.5487670898437,0.7771872878074646,0.2962920069694519,0.2842559516429901,297.07257080078125,297.1499938964844,293.1499938964844,0.0,-0.0,285.5488586425781,0.6811038851737976,0.1972743868827819,0.9052816033363342,285.5486755371094,285.7240295410156,293.5257873535156,286.9557800292969,293.5267028808594,297.0821533203125,285.5482177734375,1.0,0.5436713099479675,1.0,1.0,0.0,1.0,-2.8048224449157715,2.804816007614136,6.328566087177023e-06,2.167978048324585,0.8916206955909729,0.8916206955909729,0.0,150.27488708496094,131.0,22655.96875,-0.0,1979.21728515625,1.0,283.1499938964844,284.7303771972656,289.947265625,291.460693359375,293.1499938964844,293.1499938964844,283.1499938964844,32316.662109375,29880.0,313.1499938964844,0.0,18000.0,1.0,0.0,0.0,0.0,1.0,0.7366151809692383,1.0,0.0,0.0,3.426352024078369,3.426373243331909,7.833525614842074e-07,4.265924453735352,4.265914440155029,9.78592834144365e-06,0.0,0.0,-0.0,4145.6103515625,0.0,1272.42236328125,1895.4371337890625,0.0,1910.8173828125,0.8469517827033997,1.0,0.0,3.0,1.0,0.0
12073620,297.0329284667969,297.1499938964844,293.1499938964844,0.0,-0.0,285.5447082519531,0.782609760761261,0.2966559827327728,0.270169734954834,296.9844055175781,297.1499938964844,293.1499938964844,0.0,-0.0,285.5445861816406,0.8930121660232544,0.4456675052642822,0.4247923791408539,297.1409606933594,297.1499938964844,293.1499938964844,0.0,-0.0,285.5445251464844,0.9990000128746032,0.7031333446502686,0.4387755393981933,297.04998779296875,297.1499938964844,293.1499938964844,0.0,-0.0,285.5447082519531,0.7807731628417969,0.2946173250675201,0.2825504243373871,297.0675354003906,297.1499938964844,293.1499938964844,0.0,-0.0,285.5448608398437,0.6839593052864075,0.1958544701337814,0.898264467716217,285.54461669921875,285.77801513671875,293.4822692871094,286.9351806640625,293.48321533203125,297.0758056640625,285.5439758300781,1.0,0.5372327566146851,1.0,1.0,0.0,1.0,-2.778897285461426,2.778891086578369,6.212409971340094e-06,2.1480751037597656,0.8883253335952759,0.8883253335952759,0.0,145.55955505371094,131.0,22338.37109375,-0.0,1915.5037841796875,1.0,283.1499938964844,284.7368469238281,289.9180908203125,291.4139404296875,293.1499938964844,293.1499938964844,283.1499938964844,31413.884765625,29880.0,313.1499938964844,0.0,18000.0,1.0,0.0,0.0,0.0,1.0,0.7333603501319885,1.0,0.0,0.0,3.364686965942383,3.364707469940185,7.554098715445434e-07,4.265924453735352,4.265914440155029,9.78592834144365e-06,0.0,0.0,-0.0,4122.486328125,0.0,1206.675048828125,1895.4371337890625,0.0,1883.3094482421875,0.8348912596702576,1.0,0.0,3.0,1.0,0.0
12073680,297.0325927734375,297.1499938964844,293.1499938964844,0.0,-0.0,285.5438537597656,0.782983660697937,0.2965218126773834,0.2700371444225311,296.9840087890625,297.1499938964844,293.1499938964844,0.0,-0.0,285.54376220703125,0.8934581875801086,0.4454842805862427,0.4246078729629516,297.1413879394531,297.1499938964844,293.1499938964844,0.0,-0.0,285.543701171875,0.9990000128746032,0.7031675577163696,0.4379476308822632,297.0495910644531,297.1499938964844,293.1499938964844,0.0,-0.0,285.5438537597656,0.7811525464057922,0.2944909632205963,0.2824191749095917,297.06719970703125,297.1499938964844,293.1499938964844,0.0,-0.0,285.5440368652344,0.6842739582061768,0.1957487761974334,0.8977282643318176,285.54376220703125,285.7820739746094,293.4789733886719,286.93365478515625,293.4799499511719,297.0755310058594,285.5431213378906,1.0,0.5366686582565308,1.0,1.0,0.0,1.0,-2.776719808578491,2.7767136096954346,6.202695203683106e-06,2.146399736404419,0.888043224811554,0.888043224811554,0.0,145.12384033203125,134.0,22314.6015625,-0.0,1910.012939453125,1.0,283.1499938964844,284.7367248535156,289.9159851074219,291.41046142578125,293.1499938964844,293.1499938964844,283.1499938964844,31375.568359375,28800.0,313.1499938964844,0.0,18000.0,1.0,0.0,0.0,0.0,1.0,0.7330628037452698,1.0,0.0,0.0,3.361475944519043,3.3614964485168457,7.539687771895842e-07,4.265924453735352,4.265914440155029,9.78592834144365e-06,0.0,0.0,-0.0,4120.81201171875,0.0,1203.37255859375,1895.4371337890625,0.0,1880.8017578125,0.8311392664909363,1.0,0.0,3.0,1.0,0.0
12073740,297.0282897949219,297.1499938964844,293.1499938964844,0.0,-0.0,285.542236328125,0.7838268280029297,0.2945985198020935,0.268244594335556,296.9786071777344,297.1499938964844,293.1499938964844,0.0,-0.0,285.5422058105469,0.8946146368980408,0.4428345561027527,0.4220500290393829,297.1474304199219,297.1499938964844,293.1499938964844,0.0,-0.0,285.54217529296875,0.9990000128746032,0.70367830991745,0.4336729943752289,297.0439453125,297.1499938964844,293.1499938964844,0.0,-0.0,285.542236328125,0.7820659875869751,0.2926483452320099,0.2806217074394226,297.0625305175781,297.1499938964844,293.1499938964844,0.0,-0.0,285.54229736328125,0.6847137808799744,0.1942280530929565,0.8905713558197021,285.5422058105469,285.8427429199219,293.4300537109375,286.9111022949219,293.4310913085937,297.0726928710937,285.5419616699219,1.0,0.5326371192932129,1.0,1.0,0.0,1.0,-2.7555785179138184,2.755572557449341,6.108355592004955e-06,2.1299421787261963,0.883628785610199,0.883628785610199,0.0,142.51539611816406,137.0,22004.8203125,-0.0,1864.741943359375,1.0,283.1499938964844,284.7472839355469,289.88623046875,291.36004638671875,293.1499938964844,293.1499938964844,283.1499938964844,30422.79296875,27720.0,313.1499938964844,0.0,18000.0,1.0,0.0,0.0,0.0,1.0,0.7279784083366394,1.0,0.0,0.0,3.29180908203125,3.2918286323547363,7.230403866742563e-07,4.265924453735352,4.265914440155029,9.78592834144365e-06,0.0,0.0,-0.0,4097.58984375,0.0,1132.3477783203125,1895.4371337890625,0.0,1838.157958984375,0.8142307996749878,1.0,0.0,3.0,1.0,0.0
12073800,297.0282897949219,297.1499938964844,293.1499938964844,0.0,-0.0,285.542236328125,0.7838268280029297,0.2945985198020935,0.268244594335556,296.9786071777344,297.1499938964844,293.1499938964844,0.0,-0.0,285.5422058105469,0.8946146368980408,0.4428345561027527,0.4220500290393829,297.1474304199219,297.1499938964844,293.1499938964844,0.0,-0.0,285.54217529296875,0.9990000128746032,0.70367830991745,0.4336729943752289,297.0439453125,297.1499938964844,293.1499938964844,0.0,-0.0,285.542236328125,0.7820659875869751,0.2926483452320099,0.2806217074394226,297.0625305175781,297.1499938964844,293.1499938964844,0.0,-0.0,285.54229736328125,0.6847137808799744,0.1942280530929565,0.8905713558197021,285.5422058105469,285.8427429199219,293.4300537109375,286.9111022949219,293.4310913085937,297.0726928710937,285.5419616699219,1.0,0.5326371192932129,1.0,1.0,0.0,1.0,-2.7555785179138184,2.755572557449341,6.108355592004955e-06,2.1299421787261963,0.883628785610199,0.883628785610199,0.0,142.51539611816406,137.0,22004.8203125,-0.0,1864.741943359375,1.0,283.1499938964844,284.7472839355469,289.88623046875,291.36004638671875,293.1499938964844,293.1499938964844,283.1499938964844,30422.79296875,27720.0,313.1499938964844,0.0,18000.0,1.0,0.0,0.0,0.0,1.0,0.7279784083366394,1.0,0.0,0.0,3.29180908203125,3.2918286323547363,7.230403866742563e-07,4.265924453735352,4.265914440155029,9.78592834144365e-06,0.0,0.0,-0.0,4097.58984375,0.0,1132.3477783203125,1895.4371337890625,0.0,1838.157958984375,0.8142307996749878,1.0,0.0,3.0,1.0,0.0
12073860,297.025634765625,297.1499938964844,293.1499938964844,0.0,-0.0,285.5458984375,0.782927393913269,0.2932862639427185,0.2670661807060241,296.9752502441406,297.1499938964844,293.1499938964844,0.0,-0.0,285.5459289550781,0.893692672252655,0.4410233199596405,0.4203457236289978,297.1463928222656,297.1499938964844,293.1499938964844,0.0,-0.0,285.5459289550781,0.9990000128746032,0.703556478023529,0.4332203865051269,297.040283203125,297.1499938964844,293.1499938964844,0.0,-0.0,285.5458984375,0.7811967730522156,0.2913691401481628,0.2794170975685119,297.05963134765625,297.1499938964844,293.1499938964844,0.0,-0.0,285.5458679199219,0.6836820244789124,0.1931850016117096,0.8858824968338013,285.5459289550781,285.88555908203125,293.3955078125,286.8955383300781,293.3965759277344,297.0698547363281,285.5458984375,1.0,0.5309131741523743,1.0,1.0,0.0,1.0,-2.744484663009644,2.744478702545166,6.059272436687024e-06,2.121367931365967,0.8802087903022766,0.8802087903022766,0.0,141.91783142089844,137.0,21805.61328125,-0.0,1844.8372802734373,1.0,283.1499938964844,284.759521484375,289.86865234375,291.3291931152344,293.1499938964844,293.1499938964844,283.1499938964844,29665.64453125,27720.0,313.1499938964844,0.0,18000.0,1.0,0.0,0.0,0.0,1.0,0.7242273092269897,1.0,0.0,0.0,3.2363510131835938,3.236370086669922,6.988830705267901e-07,4.265924453735352,4.265914440155029,9.78592834144365e-06,0.0,0.0,-0.0,4083.1044921875,0.0,1077.795654296875,1895.4371337890625,0.0,1806.9420166015625,0.8036609292030334,1.0,0.0,3.0,1.0,0.0
12073920,297.0244140625,297.1499938964844,293.1499938964844,0.0,-0.0,285.5460205078125,0.7822093367576599,0.292661964893341,0.2665168344974518,296.97369384765625,297.1499938964844,293.1499938964844,0.0,-0.0,285.5460205078125,0.8929181694984436,0.4401637315750122,0.4195484817028045,297.1440734863281,297.1499938964844,293.1499938964844,0.0,-0.0,285.5460205078125,0.9990000128746032,0.703316867351532,0.4334918558597564,297.03857421875,297.1499938964844,293.1499938964844,0.0,-0.0,285.5460205078125,0.7804905772209167,0.2907585203647613,0.2788518667221069,297.05828857421875,297.1499938964844,293.1499938964844,0.0,-0.0,285.5460510253906,0.682929277420044,0.1926887333393097,0.8836986422538757,285.5460205078125,285.9061584472656,293.37890625,286.8881530761719,293.3799743652344,297.068115234375,285.54595947265625,1.0,0.5303232073783875,1.0,1.0,0.0,1.0,-2.7398877143859863,2.739881753921509,6.038998890289804e-06,2.1178183555603027,0.8784428834915161,0.8784428834915161,0.0,141.8658447265625,140.0,21723.85546875,-0.0,1837.544189453125,1.0,283.1499938964844,284.76287841796875,289.861328125,291.31646728515625,293.1499938964844,293.1499938964844,283.1499938964844,29460.529296875,26640.0,313.1499938964844,0.0,18000.0,1.0,0.0,0.0,0.0,1.0,0.7225103974342346,1.0,0.0,0.0,3.2177882194519043,3.2178070545196533,6.908888963153004e-07,4.265924453735352,4.265914440155029,9.78592834144365e-06,0.0,0.0,-0.0,4077.326416015625,0.0,1060.2413330078125,1895.4371337890625,0.0,1792.7257080078125,0.7963250875473022,1.0,0.0,3.0,1.0,0.0
12073980,297.0206298828125,297.1499938964844,293.1499938964844,0.0,-0.0,285.55340576171875,0.779019832611084,0.2906876504421234,0.2648000121116638,296.9689636230469,297.1499938964844,293.1499938964844,0.0,-0.0,285.5534362792969,0.8894084692001343,0.4374526143074035,0.4170553684234619,297.12969970703125,297.1499938964844,293.1499938964844,0.0,-0.0,285.5534362792969,0.9990000128746032,0.7017962336540222,0.4358907639980316,297.03338623046875,297.1499938964844,293.1499938964844,0.0,-0.0,285.55340576171875,0.7773381471633911,0.2888229489326477,0.277081161737442,297.0542297363281,297.1499938964844,293.1499938964844,0.0,-0.0,285.5533752441406,0.6797195076942444,0.1911164224147796,0.8768923282623291,285.55340576171875,285.97247314453125,293.325439453125,286.86474609375,293.3265380859375,297.06109619140625,285.5534973144531,1.0,0.5291754603385925,1.0,1.0,0.0,1.0,-2.7274014949798584,2.727395534515381,5.984119525237475e-06,2.108184576034546,0.8724773526191711,0.8724773526191711,0.0,142.4352569580078,143.0,21454.279296875,-0.0,1821.1429443359373,1.0,283.1499938964844,284.7822570800781,289.8390808105469,291.2771911621094,293.1499938964844,293.1499938964844,283.1499938964844,28493.51953125,25560.0,313.1499938964844,0.0,18000.0,1.0,0.0,0.0,0.0,1.0,0.7173282504081726,1.0,0.0,0.0,3.1395859718322754,3.139603853225708,6.577154749720648e-07,4.265924453735352,4.265914440155029,9.78592834144365e-06,0.0,0.0,-0.0,4058.4267578125,0.0,987.6834106445312,1895.4371337890625,0.0,1750.0953369140625,0.7774657011032104,1.0,0.0,3.0,1.0,0.0
12074040,297.0206298828125,297.1499938964844,293.1499938964844,0.0,-0.0,285.55340576171875,0.779019832611084,0.2906876504421234,0.2648000121116638,296.9689636230469,297.1499938964844,293.1499938964844,0.0,-0.0,285.5534362792969,0.8894084692001343,0.4374526143074035,0.4170553684234619,297.12969970703125,297.1499938964844,293.1499938964844,0.0,-0.0,285.5534362792969,0.9990000128746032,0.7017962336540222,0.4358907639980316,297.03338623046875,297.1499938964844,293.1499938964844,0.0,-0.0,285.55340576171875,0.7773381471633911,0.2888229489326477,0.277081161737442,297.0542297363281,297.1499938964844,293.1499938964844,0.0,-0.0,285.5533752441406,0.6797195076942444,0.1911164224147796,0.8768923282623291,285.55340576171875,285.97247314453125,293.325439453125,286.86474609375,293.3265380859375,297.06109619140625,285.5534973144531,1.0,0.5291754603385925,1.0,1.0,0.0,1.0,-2.7274014949798584,2.727395534515381,5.984119525237475e-06,2.108184576034546,0.8724773526191711,0.8724773526191711,0.0,142.4352569580078,143.0,21454.279296875,-0.0,1821.1429443359373,1.0,283.1499938964844,284.7822570800781,289.8390808105469,291.2771911621094,293.1499938964844,293.1499938964844,283.1499938964844,28493.51953125,25560.0,313.1499938964844,0.0,18000.0,1.0,0.0,0.0,0.0,1.0,0.7173282504081726,1.0,0.0,0.0,3.1395859718322754,3.139603853225708,6.577154749720648e-07,4.265924453735352,4.265914440155029,9.78592834144365e-06,0.0,0.0,-0.0,4058.4267578125,0.0,987.6834106445312,1895.4371337890625,0.0,1750.0953369140625,0.7774657011032104,1.0,0.0,3.0,1.0,0.0
12074100,297.01873779296875,297.1499938964844,293.1499938964844,0.0,-0.0,285.56024169921875,0.7770127058029175,0.2896839678287506,0.2639365494251251,296.9666442871094,297.1499938964844,293.1499938964844,0.0,-0.0,285.56036376953125,0.8871782422065735,0.4360792636871338,0.4158024489879608,297.1183776855469,297.1499938964844,293.1499938964844,0.0,-0.0,285.5603942871094,0.9990000128746032,0.7005569338798523,0.4377777576446533,297.0309143066406,297.1499938964844,293.1499938964844,0.0,-0.0,285.56024169921875,0.7753521203994751,0.2878392040729522,0.276190847158432,297.0523376464844,297.1499938964844,293.1499938964844,0.0,-0.0,285.5600891113281,0.6777439713478088,0.1903227567672729,0.8734936714172363,285.5603332519531,286.0067443847656,293.2977905273437,286.85284423828125,293.2989501953125,297.05712890625,285.56072998046875,1.0,0.5289101004600525,1.0,1.0,0.0,1.0,-2.721970558166504,2.7219645977020264,5.960333510302007e-06,2.103996992111206,0.8692278265953064,0.8692278265953064,0.0,143.04705810546875,143.0,21311.15625,-0.0,1815.7373046875,1.0,283.1499938964844,284.79620361328125,289.827880859375,291.2572937011719,293.1499938964844,293.1499938964844,283.1499938964844,27868.826171875,25560.0,313.1499938964844,0.0,18000.0,1.0,0.0,0.0,0.0,1.0,0.7148715853691101,1.0,0.0,0.0,3.0912256240844727,3.091243267059326,6.376094461302273e-07,4.265924453735352,4.265914440155029,9.78592834144365e-06,0.0,0.0,-0.0,4048.340576171875,0.0,944.3026733398438,1895.4371337890625,0.0,1730.03466796875,0.7685827016830444,1.0,0.0,3.0,1.0,0.0
12074160,297.016845703125,297.1499938964844,293.1499938964844,0.0,-0.0,285.5638122558594,0.7748148441314697,0.2886675894260406,0.2630709409713745,296.96435546875,297.1499938964844,293.1499938964844,0.0,-0.0,285.5638732910156,0.88472580909729,0.4346921741962433,0.4145463407039642,297.1044616699219,297.1499938964844,293.1499938964844,0.0,-0.0,285.5639038085937,0.9990000128746032,0.698991596698761,0.4400013983249664,297.0284423828125,297.1499938964844,293.1499938964844,0.0,-0.0,285.5638122558594,0.7731768488883972,0.286844938993454,0.2752985656261444,297.0505065917969,297.1499938964844,293.1499938964844,0.0,-0.0,285.563720703125,0.6756020784378052,0.1895257085561752,0.8701167106628418,285.5638427734375,286.04180908203125,293.2695007324219,286.8408203125,293.27069091796875,297.0532531738281,285.5640563964844,1.0,0.5288017988204956,1.0,1.0,0.0,1.0,-2.7169618606567383,2.7169559001922607,5.938440153840929e-06,2.100135564804077,0.865725576877594,0.865725576877594,0.0,143.82308959960938,146.0,21187.6015625,-0.0,1811.7471923828125,1.0,283.1499938964844,284.8051147460937,289.8169860839844,291.2389831542969,293.1499938964844,293.1499938964844,283.1499938964844,27524.912109375,24480.0,313.1499938964844,0.0,18000.0,1.0,0.0,0.0,0.0,1.0,0.7125402688980103,1.0,0.0,0.0,3.057298421859741,3.0573155879974365,6.23690311840619e-07,4.265924453735352,4.265914440155029,9.78592834144365e-06,0.0,0.0,-0.0,4039.79052734375,0.0,915.2079467773438,1895.4371337890625,0.0,1711.089111328125,0.757678210735321,1.0,0.0,3.0,1.0,0.0
12074220,297.0130920410156,297.1499938964844,293.1499938964844,0.0,-0.0,285.5770263671875,0.7699951529502869,0.2866006791591644,0.2613187730312347,296.9598083496094,297.1499938964844,293.1499938964844,0.0,-0.0,285.5770874023437,0.8793273568153381,0.4318793714046478,0.4120084047317505,297.0707702636719,297.1499938964844,293.1499938964844,0.0,-0.0,285.5771484375,0.9990000128746032,0.6950076818466187,0.4452292025089264,297.02374267578125,297.1499938964844,293.1499938964844,0.0,-0.0,285.5770263671875,0.7684120535850525,0.2848285138607025,0.2734986841678619,297.0469970703125,297.1499938964844,293.1499938964844,0.0,-0.0,285.576904296875,0.6709454655647278,0.1879099756479263,0.8633469343185425,285.5770874023437,286.1142578125,293.2110595703125,286.8163757324219,293.2123107910156,297.0471496582031,285.5774230957031,1.0,0.5289365649223328,1.0,1.0,0.0,1.0,-2.707789421081543,2.707783460617065,5.898450581298675e-06,2.093064069747925,0.8581843972206116,0.8581843972206116,0.0,145.76124572753906,134.0,20917.681640625,-0.0,1806.85302734375,1.0,283.1499938964844,284.831298828125,289.7936706542969,291.19970703125,293.1499938964844,293.1499938964844,283.1499938964844,26555.07421875,23400.0,313.1499938964844,0.0,18000.0,1.0,0.0,0.0,0.0,1.0,0.7079850435256958,1.0,0.0,0.0,2.97088623046875,2.970902681350708,5.889323233532195e-07,4.265924453735352,4.265914440155029,9.78592834144365e-06,0.0,0.0,-0.0,4020.755126953125,0.0,843.2130126953125,1895.4371337890625,0.0,1674.3306884765625,0.7369568943977356,1.0,0.0,3.0,1.0,0.0
12074280,297.0130920410156,297.1499938964844,293.1499938964844,0.0,-0.0,285.5770263671875,0.7699951529502869,0.2866006791591644,0.2613187730312347,296.9598083496094,297.1499938964844,293.1499938964844,0.0,-0.0,285.5770874023437,0.8793273568153381,0.4318793714046478,0.4120084047317505,297.0707702636719,297.1499938964844,293.1499938964844,0.0,-0.0,285.5771484375,0.9990000128746032,0.6950076818466187,0.4452292025089264,297.02374267578125,297.1499938964844,293.1499938964844,0.0,-0.0,285.5770263671875,0.7684120535850525,0.2848285138607025,0.2734986841678619,297.0469970703125,297.1499938964844,293.1499938964844,0.0,-0.0,285.576904296875,0.6709454655647278,0.1879099756479263,0.8633469343185425,285.5770874023437,286.1142578125,293.2110595703125,286.8163757324219,293.2123107910156,297.0471496582031,285.5774230957031,1.0,0.5289365649223328,1.0,1.0,0.0,1.0,-2.707789421081543,2.707783460617065,5.898450581298675e-06,2.093064069747925,0.8581843972206116,0.8581843972206116,0.0,145.76124572753906,134.0,20917.681640625,-0.0,1806.85302734375,1.0,283.1499938964844,284.831298828125,289.7936706542969,291.19970703125,293.1499938964844,293.1499938964844,283.1499938964844,26555.07421875,23400.0,313.1499938964844,0.0,18000.0,1.0,0.0,0.0,0.0,1.0,0.7079850435256958,1.0,0.0,0.0,2.97088623046875,2.970902681350708,5.889323233532195e-07,4.265924453735352,4.265914440155029,9.78592834144365e-06,0.0,0.0,-0.0,4020.755126953125,0.0,843.2130126953125,1895.4371337890625,0.0,1674.3306884765625,0.7369568943977356,1.0,0.0,3.0,1.0,0.0
12074340,297.0105285644531,297.1499938964844,293.1499938964844,0.0,-0.0,285.5862121582031,0.7696427702903748,0.2851922512054443,0.2600433826446533,296.9566345214844,297.1499938964844,293.1499938964844,0.0,-0.0,285.5862731933594,0.8790669441223145,0.4299652576446533,0.4101990163326263,297.04998779296875,297.1499938964844,293.1499938964844,0.0,-0.0,285.5863037109375,0.9990000128746032,0.6922736763954163,0.4436602592468261,297.0205993652344,297.1499938964844,293.1499938964844,0.0,-0.0,285.5862121582031,0.7680856585502625,0.2834545075893402,0.2721894383430481,297.04449462890625,297.1499938964844,293.1499938964844,0.0,-0.0,285.58612060546875,0.6703957915306091,0.1867960095405578,0.8582982420921326,285.58624267578125,286.1641845703125,293.1708068847656,286.79986572265625,293.1720886230469,297.04461669921875,285.5863647460937,1.0,0.5261780023574829,1.0,1.0,0.0,1.0,-2.694571256637573,2.694565296173096,5.8413743317942135e-06,2.0830230712890625,0.8527132868766785,0.8527132868766785,0.0,144.61160278320312,134.0,20685.0390625,-0.0,1781.7098388671875,1.0,283.1499938964844,284.8501892089844,289.7767639160156,291.1707458496094,293.1499938964844,293.1499938964844,283.1499938964844,25808.244140625,23400.0,313.1499938964844,0.0,18000.0,1.0,0.0,0.0,0.0,1.0,0.7049208283424377,1.0,0.0,0.0,2.9053735733032227,2.905389308929444,5.63244952900277e-07,4.265924453735352,4.265914440155029,9.78592834144365e-06,0.0,0.0,-0.0,4005.463623046875,0.0,791.1017456054688,1895.4371337890625,0.0,1649.8017578125,0.7241054773330688,1.0,0.0,3.0,1.0,0.0
12074400,297.0092163085937,297.1499938964844,293.1499938964844,0.0,-0.0,285.5869140625,0.7702556252479553,0.2844731211662292,0.259368747472763,296.9550170898437,297.1499938964844,293.1499938964844,0.0,-0.0,285.5869140625,0.879858672618866,0.4289864003658294,0.4092487692832947,297.0434875488281,297.1499938964844,293.1499938964844,0.0,-0.0,285.5869140625,0.9990000128746032,0.6912145614624023,0.4414623379707336,297.0190124511719,297.1499938964844,293.1499938964844,0.0,-0.0,285.5869140625,0.768705427646637,0.2827495336532593,0.2714937925338745,297.043212890625,297.1499938964844,293.1499938964844,0.0,-0.0,285.5869140625,0.6708171963691711,0.1862224489450454,0.8555765151977539,285.5869140625,286.19000244140625,293.1499938964844,286.7913818359375,293.1513061523437,297.0433349609375,285.5867919921875,1.0,0.5241903066635132,1.0,1.0,0.0,1.0,-2.685873746871948,2.68586802482605,5.803787644254044e-06,2.076328992843628,0.849732518196106,0.849732518196106,0.0,143.34866333007812,122.0,20563.857421875,-0.0,1762.96826171875,1.0,283.1499938964844,284.8553466796875,289.76776123046875,291.1553955078125,293.1499938964844,293.1499938964844,283.1499938964844,25590.30859375,22320.0,313.1499938964844,0.0,18000.0,1.0,0.0,0.0,0.0,1.0,0.7032960653305054,1.0,0.0,0.0,2.88024640083313,2.8802618980407715,5.535446234716801e-07,4.265924453735352,4.265914440155029,9.78592834144365e-06,0.0,0.0,-0.0,3997.62890625,0.0,772.0906372070312,1895.4371337890625,0.0,1636.861328125,0.7152870297431946,1.0,0.0,3.0,1.0,0.0
12074460,297.0057983398437,297.1499938964844,293.1499938964844,0.0,-0.0,285.5923156738281,0.7744117975234985,0.2823433876037597,0.257295548915863,296.9505310058594,297.1499938964844,293.1499938964844,0.0,-0.0,285.59228515625,0.8849234580993652,0.4260612428188324,0.4063345789909363,297.0416564941406,297.1499938964844,293.1499938964844,0.0,-0.0,285.5922546386719,0.9990000128746032,0.6896511316299438,0.4310036301612854,297.01446533203125,297.1499938964844,293.1499938964844,0.0,-0.0,285.5923156738281,0.7728492617607117,0.2806282341480255,0.2693307101726532,297.0396423339844,297.1499938964844,293.1499938964844,0.0,-0.0,285.59234619140625,0.6741297841072083,0.1845067143440246,0.8470762372016907,285.59228515625,286.2705383300781,293.0850524902344,286.76483154296875,293.08648681640625,297.03973388671875,285.5920104980469,1.0,0.5164004564285278,1.0,1.0,0.0,1.0,-2.654505014419556,2.654499292373657,5.669100573868491e-06,2.052121639251709,0.8402147889137268,0.8402147889137268,0.0,137.7659912109375,125.0,20137.80078125,-0.0,1691.6197509765625,1.0,283.1499938964844,284.8772277832031,289.73681640625,291.1014099121094,293.1499938964844,293.1499938964844,283.1499938964844,24636.1640625,21240.0,313.1499938964844,0.0,18000.0,1.0,0.0,0.0,0.0,1.0,0.6977055072784424,1.0,0.0,0.0,2.7848989963531494,2.7849137783050537,5.175022579351207e-07,4.265924453735352,4.265914440155029,9.78592834144365e-06,0.0,0.0,-0.0,3969.73193359375,0.0,701.98828125,1895.4371337890625,0.0,1592.6925048828125,0.6925750970840454,1.0,0.0,3.0,1.0,0.0
12074520,297.0057983398437,297.1499938964844,293.1499938964844,0.0,-0.0,285.5923156738281,0.7744117975234985,0.2823433876037597,0.257295548915863,296.9505310058594,297.1499938964844,293.1499938964844,0.0,-0.0,285.59228515625,0.8849234580993652,0.4260612428188324,0.4063345789909363,297.0416564941406,297.1499938964844,293.1499938964844,0.0,-0.0,285.5922546386719,0.9990000128746032,0.6896511316299438,0.4310036301612854,297.01446533203125,297.1499938964844,293.1499938964844,0.0,-0.0,285.5923156738281,0.7728492617607117,0.2806282341480255,0.2693307101726532,297.0396423339844,297.1499938964844,293.1499938964844,0.0,-0.0,285.59234619140625,0.6741297841072083,0.1845067143440246,0.8470762372016907,285.59228515625,286.2705383300781,293.0850524902344,286.76483154296875,293.08648681640625,297.03973388671875,285.5920104980469,1.0,0.5164004564285278,1.0,1.0,0.0,1.0,-2.654505014419556,2.654499292373657,5.669100573868491e-06,2.052121639251709,0.8402147889137268,0.8402147889137268,0.0,137.7659912109375,125.0,20137.80078125,-0.0,1691.6197509765625,1.0,283.1499938964844,284.8772277832031,289.73681640625,291.1014099121094,293.1499938964844,293.1499938964844,283.1499938964844,24636.1640625,21240.0,313.1499938964844,0.0,18000.0,1.0,0.0,0.0,0.0,1.0,0.6977055072784424,1.0,0.0,0.0,2.7848989963531494,2.7849137783050537,5.175022579351207e-07,4.265924453735352,4.265914440155029,9.78592834144365e-06,0.0,0.0,-0.0,3969.73193359375,0.0,701.98828125,1895.4371337890625,0.0,1592.6925048828125,0.6925750970840454,1.0,0.0,3.0,1.0,0.0
12074580,297.0033264160156,297.1499938964844,293.1499938964844,0.0,-0.0,285.6022644042969,0.7755069732666016,0.2802644968032837,0.2553457617759704,296.94677734375,297.1499938964844,293.1499938964844,0.0,-0.0,285.6023254394531,0.8863821625709534,0.4231535792350769,0.4035150706768036,297.052734375,297.1499938964844,293.1499938964844,0.0,-0.0,285.60235595703125,0.9990000128746032,0.6894070506095886,0.4259567260742187,297.01043701171875,297.1499938964844,293.1499938964844,0.0,-0.0,285.6022644042969,0.7738965749740601,0.2785026133060455,0.26724573969841,297.036865234375,297.1499938964844,293.1499938964844,0.0,-0.0,285.6021728515625,0.6746841073036194,0.1828249245882034,0.8391085267066956,285.6023254394531,286.3570861816406,293.0152587890625,286.7357788085937,293.0168151855469,297.03692626953125,285.6025695800781,1.0,0.5117450952529907,1.0,1.0,0.0,1.0,-2.630615711212158,2.630610227584839,5.56711756871664e-06,2.033456563949585,0.8296528458595276,0.8296528458595276,0.0,134.7987823486328,128.0,19734.91796875,-0.0,1644.0611572265625,1.0,283.1499938964844,284.9050598144531,289.70269775390625,291.04248046875,293.1499938964844,293.1499938964844,283.1499938964844,23688.392578125,20160.0,313.1499938964844,0.0,18000.0,1.0,0.0,0.0,0.0,1.0,0.691026508808136,1.0,0.0,0.0,2.6845319271087646,2.6845457553863525,4.808731546290801e-07,4.265924453735352,4.265914440155029,9.78592834144365e-06,0.0,0.0,-0.0,3941.7314453125,0.0,633.1725463867188,1895.4371337890625,0.0,1540.6680908203125,0.6687571406364441,1.0,0.0,3.0,1.0,0.0
12074640,297.0033264160156,297.1499938964844,293.1499938964844,0.0,-0.0,285.6022644042969,0.7755069732666016,0.2802644968032837,0.2553457617759704,296.94677734375,297.1499938964844,293.1499938964844,0.0,-0.0,285.6023254394531,0.8863821625709534,0.4231535792350769,0.4035150706768036,297.052734375,297.1499938964844,293.1499938964844,0.0,-0.0,285.60235595703125,0.9990000128746032,0.6894070506095886,0.4259567260742187,297.01043701171875,297.1499938964844,293.1499938964844,0.0,-0.0,285.6022644042969,0.7738965749740601,0.2785026133060455,0.26724573969841,297.036865234375,297.1499938964844,293.1499938964844,0.0,-0.0,285.6021728515625,0.6746841073036194,0.1828249245882034,0.8391085267066956,285.6023254394531,286.3570861816406,293.0152587890625,286.7357788085937,293.0168151855469,297.03692626953125,285.6025695800781,1.0,0.5117450952529907,1.0,1.0,0.0,1.0,-2.630615711212158,2.630610227584839,5.56711756871664e-06,2.033456563949585,0.8296528458595276,0.8296528458595276,0.0,134.7987823486328,128.0,19734.91796875,-0.0,1644.0611572265625,1.0,283.1499938964844,284.9050598144531,289.70269775390625,291.04248046875,293.1499938964844,293.1499938964844,283.1499938964844,23688.392578125,20160.0,313.1499938964844,0.0,18000.0,1.0,0.0,0.0,0.0,1.0,0.691026508808136,1.0,0.0,0.0,2.6845319271087646,2.6845457553863525,4.808731546290801e-07,4.265924453735352,4.265914440155029,9.78592834144365e-06,0.0,0.0,-0.0,3941.7314453125,0.0,633.1725463867188,1895.4371337890625,0.0,1540.6680908203125,0.6687571406364441,1.0,0.0,3.0,1.0,0.0
12074700,297.0022888183594,297.1499938964844,293.1499938964844,0.0,-0.0,285.6127014160156,0.7750285267829895,0.2792342901229858,0.2544088959693908,296.9451904296875,297.1499938964844,293.1499938964844,0.0,-0.0,285.6128845214844,0.8859108090400696,0.4217087924480438,0.4021416902542114,297.0552978515625,297.1499938964844,293.1499938964844,0.0,-0.0,285.61297607421875,0.9990000128746032,0.6890454292297363,0.4251674115657806,297.0085754394531,297.1499938964844,293.1499938964844,0.0,-0.0,285.6127014160156,0.7733843326568604,0.2774356007575989,0.2662286460399627,297.0356140136719,297.1499938964844,293.1499938964844,0.0,-0.0,285.6124267578125,0.6740408539772034,0.1819874048233032,0.8352937698364258,285.61285400390625,286.4024658203125,292.9786376953125,286.72039794921875,292.980224609375,297.0356750488281,285.6135559082031,1.0,0.5101552605628967,1.0,1.0,0.0,1.0,-2.6210827827453613,2.621077299118042,5.526757831830764e-06,2.0260462760925293,0.8240392804145813,0.8240392804145813,0.0,134.13516235351562,128.0,19530.576171875,-0.0,1627.6187744140625,1.0,283.1499938964844,284.9254455566406,289.6856689453125,291.0127258300781,293.1499938964844,293.1499938964844,283.1499938964844,23077.62109375,20160.0,313.1499938964844,0.0,18000.0,1.0,0.0,0.0,0.0,1.0,0.6874669194221497,1.0,0.0,0.0,2.624769926071167,2.6247830390930176,4.597013969487307e-07,4.265924453735352,4.265914440155029,9.78592834144365e-06,0.0,0.0,-0.0,3927.416748046875,0.0,594.1456909179688,1895.4371337890625,0.0,1513.282958984375,0.6573176383972168,1.0,0.0,3.0,1.0,0.0
12074760,297.0013427734375,297.1499938964844,293.1499938964844,0.0,-0.0,285.61993408203125,0.7740620970726013,0.2782044410705566,0.2534902989864349,296.9436950683594,297.1499938964844,293.1499938964844,0.0,-0.0,285.6200561523437,0.8848699927330017,0.4202660024166107,0.4007888734340668,297.05499267578125,297.1499938964844,293.1499938964844,0.0,-0.0,285.6201477050781,0.9990000128746032,0.6884150505065918,0.4251964688301086,297.0067749023437,297.1499938964844,293.1499938964844,0.0,-0.0,285.61993408203125,0.7723798155784607,0.2763648629188537,0.2652240097522735,297.0344543457031,297.1499938964844,293.1499938964844,0.0,-0.0,285.6197204589844,0.6729570031166077,0.1811480969190597,0.831547200679779,285.6200561523437,286.4492492675781,292.9409484863281,286.7044677734375,292.94256591796875,297.0345153808594,285.6205749511719,1.0,0.5089544057846069,1.0,1.0,0.0,1.0,-2.612677335739136,2.6126718521118164,5.49129799765069e-06,2.019514799118042,0.8181151747703552,0.8181151747703552,0.0,133.85350036621094,131.0,19352.091796875,-0.0,1614.55859375,1.0,283.1499938964844,284.9406433105469,289.6693725585937,290.9853515625,293.1499938964844,293.1499938964844,283.1499938964844,22740.64453125,19080.0,313.1499938964844,0.0,18000.0,1.0,0.0,0.0,0.0,1.0,0.6839319467544556,1.0,0.0,0.0,2.579174995422364,2.5791878700256348,4.4386916897565243e-07,4.265924453735352,4.265914440155029,9.78592834144365e-06,0.0,0.0,-0.0,3915.182861328125,0.0,566.1381225585938,1895.4371337890625,0.0,1486.3277587890625,0.6438413858413696,1.0,0.0,3.0,1.0,0.0
12074820,296.99957275390625,297.1499938964844,293.1499938964844,0.0,-0.0,285.6439208984375,0.7709893584251404,0.2761413753032684,0.251677930355072,296.94097900390625,297.1499938964844,293.1499938964844,0.0,-0.0,285.64410400390625,0.8814597129821777,0.4173778295516968,0.3981114029884338,297.04559326171875,297.1499938964844,293.1499938964844,0.0,-0.0,285.64422607421875,0.9990000128746032,0.6862707734107971,0.4271614253520965,297.00347900390625,297.1499938964844,293.1499938964844,0.0,-0.0,285.6439208984375,0.7692306637763977,0.2742144167423248,0.263234406709671,297.0322265625,297.1499938964844,293.1499938964844,0.0,-0.0,285.6436462402344,0.6697638630867004,0.1794604808092117,0.8241605162620544,285.6440734863281,286.546630859375,292.8623962402344,286.6709899902344,292.8641357421875,297.03228759765625,285.6448974609375,1.0,0.507446825504303,1.0,1.0,0.0,1.0,-2.598374128341675,2.5983686447143555,5.431229055830045e-06,2.0084049701690674,0.8056093454360962,0.8056093454360962,0.0,134.1767120361328,134.0,18971.74609375,-0.0,1596.053466796875,1.0,283.1499938964844,284.9832458496094,289.635986328125,290.92889404296875,293.1499938964844,293.1499938964844,283.1499938964844,21790.861328125,18000.0,313.1499938964844,0.0,18000.0,1.0,0.0,0.0,0.0,1.0,0.6768836379051208,1.0,0.0,0.0,2.468801259994507,2.468813180923462,4.066919814249559e-07,4.265924453735352,4.265914440155029,9.78592834144365e-06,0.0,0.0,-0.0,3888.886474609375,0.0,501.354248046875,1895.4371337890625,0.0,1433.318115234375,0.6178278923034668,1.0,0.0,3.0,1.0,0.0
12074880,296.99957275390625,297.1499938964844,293.1499938964844,0.0,-0.0,285.6439208984375,0.7709893584251404,0.2761413753032684,0.251677930355072,296.94097900390625,297.1499938964844,293.1499938964844,0.0,-0.0,285.64410400390625,0.8814597129821777,0.4173778295516968,0.3981114029884338,297.04559326171875,297.1499938964844,293.1499938964844,0.0,-0.0,285.64422607421875,0.9990000128746032,0.6862707734107971,0.4271614253520965,297.00347900390625,297.1499938964844,293.1499938964844,0.0,-0.0,285.6439208984375,0.7692306637763977,0.2742144167423248,0.263234406709671,297.0322265625,297.1499938964844,293.1499938964844,0.0,-0.0,285.6436462402344,0.6697638630867004,0.1794604808092117,0.8241605162620544,285.6440734863281,286.546630859375,292.8623962402344,286.6709899902344,292.8641357421875,297.03228759765625,285.6448974609375,1.0,0.507446825504303,1.0,1.0,0.0,1.0,-2.598374128341675,2.5983686447143555,5.431229055830045e-06,2.0084049701690674,0.8056093454360962,0.8056093454360962,0.0,134.1767120361328,134.0,18971.74609375,-0.0,1596.053466796875,1.0,283.1499938964844,284.9832458496094,289.635986328125,290.92889404296875,293.1499938964844,293.1499938964844,283.1499938964844,21790.861328125,18000.0,313.1499938964844,0.0,18000.0,1.0,0.0,0.0,0.0,1.0,0.6768836379051208,1.0,0.0,0.0,2.468801259994507,2.468813180923462,4.066919814249559e-07,4.265924453735352,4.265914440155029,9.78592834144365e-06,0.0,0.0,-0.0,3888.886474609375,0.0,501.354248046875,1895.4371337890625,0.0,1433.318115234375,0.6178278923034668,1.0,0.0,3.0,1.0,0.0
12074940,296.9979248046875,297.1499938964844,293.1499938964844,0.0,-0.0,285.6742248535156,0.766860842704773,0.2740714251995086,0.2498881518840789,296.9385681152344,297.1499938964844,293.1499938964844,0.0,-0.0,285.6744689941406,0.8768098950386047,0.4144847095012665,0.3954581320285797,297.02587890625,297.1499938964844,293.1499938964844,0.0,-0.0,285.67462158203125,0.9990000128746032,0.682960569858551,0.4309683442115783,297.00048828125,297.1499938964844,293.1499938964844,0.0,-0.0,285.6742248535156,0.7650313973426819,0.2720555067062378,0.2612659633159637,297.0301513671875,297.1499938964844,293.1499938964844,0.0,-0.0,285.673828125,0.6656202673912048,0.1777568310499191,0.8168522715568542,285.6744079589844,286.6488952636719,292.7799377441406,286.6355285644531,292.7817687988281,297.0302124023437,285.675537109375,1.0,0.5068092942237854,1.0,1.0,0.0,1.0,-2.586461067199707,2.586455821990967,5.3814596867596265e-06,1.99915623664856,0.792154848575592,0.792154848575592,0.0,135.3654327392578,122.0,18584.78125,-0.0,1584.8221435546875,1.0,283.1499938964844,285.03302001953125,289.6009216308594,290.870849609375,293.1499938964844,293.1499938964844,283.1499938964844,20837.39453125,18000.0,313.1499938964844,0.0,18000.0,1.0,0.0,0.0,0.0,1.0,0.669934093952179,1.0,0.0,0.0,2.3535525798797607,2.3535637855529785,3.696078749726439e-07,4.265924453735352,4.265914440155029,9.78592834144365e-06,0.0,0.0,-0.0,3861.99609375,0.0,439.35443115234375,1895.4371337890625,0.0,1382.041015625,0.593751847743988,1.0,0.0,3.0,1.0,0.0
12075000,296.9979248046875,297.1499938964844,293.1499938964844,0.0,-0.0,285.6742248535156,0.766860842704773,0.2740714251995086,0.2498881518840789,296.9385681152344,297.1499938964844,293.1499938964844,0.0,-0.0,285.6744689941406,0.8768098950386047,0.4144847095012665,0.3954581320285797,297.02587890625,297.1499938964844,293.1499938964844,0.0,-0.0,285.67462158203125,0.9990000128746032,0.682960569858551,0.4309683442115783,297.00048828125,297.1499938964844,293.1499938964844,0.0,-0.0,285.6742248535156,0.7650313973426819,0.2720555067062378,0.2612659633159637,297.0301513671875,297.1499938964844,293.1499938964844,0.0,-0.0,285.673828125,0.6656202673912048,0.1777568310499191,0.8168522715568542,285.6744079589844,286.6488952636719,292.7799377441406,286.6355285644531,292.7817687988281,297.0302124023437,285.675537109375,1.0,0.5068092942237854,1.0,1.0,0.0,1.0,-2.586461067199707,2.586455821990967,5.3814596867596265e-06,1.99915623664856,0.792154848575592,0.792154848575592,0.0,135.3654327392578,122.0,18584.78125,-0.0,1584.8221435546875,1.0,283.1499938964844,285.03302001953125,289.6009216308594,290.870849609375,293.1499938964844,293.1499938964844,283.1499938964844,20837.39453125,18000.0,313.1499938964844,0.0,18000.0,1.0,0.0,0.0,0.0,1.0,0.669934093952179,1.0,0.0,0.0,2.3535525798797607,2.3535637855529785,3.696078749726439e-07,4.265924453735352,4.265914440155029,9.78592834144365e-06,0.0,0.0,-0.0,3861.99609375,0.0,439.35443115234375,1895.4371337890625,0.0,1382.041015625,0.593751847743988,1.0,0.0,3.0,1.0,0.0
12075060,296.9963684082031,297.1499938964844,293.1499938964844,0.0,-0.0,285.6874389648437,0.7670691609382629,0.2724511325359344,0.2484105080366134,296.9364929199219,297.1499938964844,293.1499938964844,0.0,-0.0,285.6875305175781,0.8772057294845581,0.412243902683258,0.3933235108852386,297.0114440917969,297.1499938964844,293.1499938964844,0.0,-0.0,285.6876220703125,0.9990000128746032,0.680316686630249,0.4280718863010406,296.998046875,297.1499938964844,293.1499938964844,0.0,-0.0,285.6874084472656,0.7651678919792175,0.2703720331192016,0.2596491873264313,297.0282897949219,297.1499938964844,293.1499938964844,0.0,-0.0,285.6872253417969,0.6654319763183594,0.1764173805713653,0.8107019662857056,285.6875305175781,286.7296142578125,292.7148132324219,286.6073913574219,292.7167358398437,297.0283508300781,285.6879577636719,1.0,0.5030744075775146,1.0,1.0,0.0,1.0,-2.569322347640991,2.569317102432251,5.310666892910376e-06,1.986052632331848,0.7810471653938293,0.7810471653938293,0.0,133.56570434570312,122.0,18270.61328125,-0.0,1553.42041015625,1.0,283.1499938964844,285.059326171875,289.5736389160156,290.8267822265625,293.1499938964844,293.1499938964844,283.1499938964844,20492.361328125,18000.0,313.1499938964844,0.0,18000.0,1.0,0.0,0.0,0.0,1.0,0.6648394465446472,1.0,0.0,0.0,2.283334970474243,2.283345460891724,3.478825192360091e-07,4.265924453735352,4.265914440155029,9.78592834144365e-06,0.0,0.0,-0.0,3841.427001953125,0.0,405.3096618652344,1895.4371337890625,0.0,1345.095458984375,0.5779281258583069,1.0,0.0,3.0,1.0,0.0
12075120,296.9958190917969,297.1499938964844,293.1499938964844,0.0,-0.0,285.6898193359375,0.7676777839660645,0.2719309031963348,0.247919961810112,296.935791015625,297.1499938964844,293.1499938964844,0.0,-0.0,285.6899108886719,0.8779705762863159,0.4115257263183594,0.3926239311695099,297.0093078613281,297.1499938964844,293.1499938964844,0.0,-0.0,285.6899719238281,0.9990000128746032,0.6796892285346985,0.4262144267559051,296.9972229003906,297.1499938964844,293.1499938964844,0.0,-0.0,285.6898193359375,0.7657502293586731,0.269830971956253,0.2591136395931244,297.0276794433594,297.1499938964844,293.1499938964844,0.0,-0.0,285.689697265625,0.6658506989479065,0.1759876459836959,0.8086464405059814,285.6899108886719,286.755615234375,292.69384765625,286.5982666015625,292.6957702636719,297.0277404785156,285.6902160644531,1.0,0.5014897584915161,1.0,1.0,0.0,1.0,-2.562549114227295,2.5625438690185547,5.282724941935157e-06,1.980826616287232,0.7773600220680237,0.7773600220680237,0.0,132.55772399902344,125.0,18163.908203125,-0.0,1539.81787109375,1.0,283.1499938964844,285.06610107421875,289.5644836425781,290.8119201660156,293.1499938964844,293.1499938964844,283.1499938964844,20418.64453125,18000.0,313.1499938964844,0.0,18000.0,1.0,0.0,0.0,0.0,1.0,0.6632136106491089,1.0,0.0,0.0,2.2622203826904297,2.262230634689331,3.414783407151845e-07,4.265924453735352,4.265914440155029,9.78592834144365e-06,0.0,0.0,-0.0,3834.392578125,0.0,395.5768127441406,1895.4371337890625,0.0,1333.4229736328125,0.5732244253158569,1.0,0.0,3.0,1.0,0.0
12075180,296.99365234375,297.1499938964844,293.1499938964844,0.0,-0.0,285.7017517089844,0.7664232850074768,0.2697578370571136,0.245960995554924,296.93280029296875,297.1499938964844,293.1499938964844,0.0,-0.0,285.701904296875,0.8767128586769104,0.4085095822811126,0.3897819221019745,297.0029296875,297.1499938964844,293.1499938964844,0.0,-0.0,285.7019958496094,0.9990000128746032,0.6772660613059998,0.4249211549758911,296.993896484375,297.1499938964844,293.1499938964844,0.0,-0.0,285.7017517089844,0.7644007802009583,0.2675589025020599,0.2569620013236999,297.0253295898437,297.1499938964844,293.1499938964844,0.0,-0.0,285.7015380859375,0.6642309427261353,0.174201413989067,0.8005548715591431,285.7018737792969,286.8664245605469,292.6044921875,286.55938720703125,292.60650634765625,297.025390625,285.7025146484375,1.0,0.4984903037548065,1.0,1.0,0.0,1.0,-2.542907953262329,2.542902708053589,5.201711246627383e-06,1.9654661417007449,0.7611702680587769,0.7611702680587769,0.0,131.34466552734375,128.0,17758.43359375,-0.0,1508.1534423828125,1.0,283.1499938964844,285.0962219238281,289.5238647460937,290.7471923828125,293.1499938964844,293.1499938964844,283.1499938964844,20240.548828125,18000.0,313.1499938964844,0.0,18000.0,1.0,0.0,0.0,0.0,1.0,0.6561225056648254,1.0,0.0,0.0,2.176727294921875,2.1767373085021973,3.16156018698166e-07,4.265924453735352,4.265914440155029,9.78592834144365e-06,0.0,0.0,-0.0,3805.631103515625,0.0,358.36334228515625,1895.4371337890625,0.0,1283.1923828125,0.5544293522834778,1.0,0.0,3.0,1.0,0.0
12075240,296.99365234375,297.1499938964844,293.1499938964844,0.0,-0.0,285.7017517089844,0.7664232850074768,0.2697578370571136,0.245960995554924,296.93280029296875,297.1499938964844,293.1499938964844,0.0,-0.0,285.701904296875,0.8767128586769104,0.4085095822811126,0.3897819221019745,297.0029296875,297.1499938964844,293.1499938964844,0.0,-0.0,285.7019958496094,0.9990000128746032,0.6772660613059998,0.4249211549758911,296.993896484375,297.1499938964844,293.1499938964844,0.0,-0.0,285.7017517089844,0.7644007802009583,0.2675589025020599,0.2569620013236999,297.0253295898437,297.1499938964844,293.1499938964844,0.0,-0.0,285.7015380859375,0.6642309427261353,0.174201413989067,0.8005548715591431,285.7018737792969,286.8664245605469,292.6044921875,286.55938720703125,292.60650634765625,297.025390625,285.7025146484375,1.0,0.4984903037548065,1.0,1.0,0.0,1.0,-2.542907953262329,2.542902708053589,5.201711246627383e-06,1.9654661417007449,0.7611702680587769,0.7611702680587769,0.0,131.34466552734375,128.0,17758.43359375,-0.0,1508.1534423828125,1.0,283.1499938964844,285.0962219238281,289.5238647460937,290.7471923828125,293.1499938964844,293.1499938964844,283.1499938964844,20240.548828125,18000.0,313.1499938964844,0.0,18000.0,1.0,0.0,0.0,0.0,1.0,0.6561225056648254,1.0,0.0,0.0,2.176727294921875,2.1767373085021973,3.16156018698166e-07,4.265924453735352,4.265914440155029,9.78592834144365e-06,0.0,0.0,-0.0,3805.631103515625,0.0,358.36334228515625,1895.4371337890625,0.0,1283.1923828125,0.5544293522834778,1.0,0.0,3.0,1.0,0.0
12075300,296.9925537109375,297.1499938964844,293.1499938964844,0.0,-0.0,285.7093505859375,0.7650284767150879,0.2686612606048584,0.2449934184551239,296.9312744140625,297.1499938964844,293.1499938964844,0.0,-0.0,285.70953369140625,0.8751810789108276,0.4069847762584686,0.388365626335144,296.9972839355469,297.1499938964844,293.1499938964844,0.0,-0.0,285.7096252441406,0.9990000128746032,0.6757785081863403,0.4255691468715668,296.9922180175781,297.1499938964844,293.1499938964844,0.0,-0.0,285.7093505859375,0.7629568576812744,0.2664050459861755,0.2558915317058563,297.024169921875,297.1499938964844,293.1499938964844,0.0,-0.0,285.7091064453125,0.6627391576766968,0.1732980012893676,0.7965788841247559,285.7095031738281,286.9232482910156,292.55865478515625,286.53936767578125,292.5606994628906,297.02423095703125,285.7102355957031,1.0,0.4975082576274872,1.0,1.0,0.0,1.0,-2.534757375717163,2.534752130508423,5.168350980966352e-06,1.9591286182403564,0.7525781393051147,0.7525781393051147,0.0,131.3383331298828,128.0,17562.83984375,-0.0,1497.282470703125,1.0,283.1499938964844,285.1127319335937,289.5030822753906,290.7145690917969,293.1499938964844,293.1499938964844,283.1499938964844,20210.607421875,18000.0,313.1499938964844,0.0,18000.0,1.0,0.0,0.0,0.0,1.0,0.6524512767791748,1.0,0.0,0.0,2.1343491077423096,2.1343586444854736,3.039654643544054e-07,4.265924453735352,4.265914440155029,9.78592834144365e-06,0.0,0.0,-0.0,3791.531005859375,0.0,341.1210021972656,1895.4371337890625,0.0,1257.6302490234375,0.5452513098716736,1.0,0.0,3.0,1.0,0.0
12075360,296.99151611328125,297.1499938964844,293.1499938964844,0.0,-0.0,285.7180480957031,0.7632976770401001,0.2675603330135345,0.2440298199653625,296.9297790527344,297.1499938964844,293.1499938964844,0.0,-0.0,285.7182312011719,0.8732525706291199,0.405452013015747,0.386950135231018,296.98944091796875,297.1499938964844,293.1499938964844,0.0,-0.0,285.7183532714844,0.9990000128746032,0.6740423440933228,0.4267957508563995,296.99053955078125,297.1499938964844,293.1499938964844,0.0,-0.0,285.7180480957031,0.761174738407135,0.2652406990528106,0.2548200488090515,297.02301025390625,297.1499938964844,293.1499938964844,0.0,-0.0,285.7177429199219,0.6609447598457336,0.1723850220441818,0.7926087975502014,285.7182006835937,286.98095703125,292.5121459960937,286.5190124511719,292.51422119140625,297.0230712890625,285.71905517578125,1.0,0.4967937469482422,1.0,1.0,0.0,1.0,-2.5273139476776123,2.527308702468872,5.137982952874154e-06,1.9533421993255613,0.7436606287956238,0.7436606287956238,0.0,131.59909057617188,116.0,17368.091796875,-0.0,1488.553466796875,1.0,283.1499938964844,285.13037109375,289.482177734375,290.681884765625,293.1499938964844,293.1499938964844,283.1499938964844,20208.439453125,18000.0,313.1499938964844,0.0,18000.0,1.0,0.0,0.0,0.0,1.0,0.6487385034561157,1.0,0.0,0.0,2.09151577949524,2.091525316238404,2.918876589319553e-07,4.265924453735352,4.265914440155029,9.78592834144365e-06,0.0,0.0,-0.0,3777.451416015625,0.0,324.4266967773437,1895.4371337890625,0.0,1232.09423828125,0.5360579490661621,1.0,0.0,3.0,1.0,0.0
12075420,296.9893493652344,297.1499938964844,293.1499938964844,0.0,-0.0,285.732666015625,0.7647609710693359,0.2653352320194244,0.2419522255659103,296.9266052246094,297.1499938964844,293.1499938964844,0.0,-0.0,285.7327880859375,0.8751785159111023,0.4023416340351105,0.3839448094367981,296.9792175292969,297.1499938964844,293.1499938964844,0.0,-0.0,285.7328796386719,0.9990000128746032,0.6709541082382202,0.4207284450531006,296.98699951171875,297.1499938964844,293.1499938964844,0.0,-0.0,285.732666015625,0.7624722123146057,0.2628616988658905,0.2524957656860351,297.0203857421875,297.1499938964844,293.1499938964844,0.0,-0.0,285.7324523925781,0.6616634130477905,0.1705126166343689,0.7838146090507507,285.7327575683594,287.0987854003906,292.4171142578125,286.477294921875,292.41925048828125,297.0204772949219,285.7332763671875,1.0,0.4906879365444183,1.0,1.0,0.0,1.0,-2.5005736351013184,2.500568628311157,5.030098236602498e-06,1.932791829109192,0.7247697114944458,0.7247697114944458,0.0,128.19248962402344,119.0,16913.033203125,-0.0,1439.01708984375,1.0,283.1499938964844,285.1640014648437,289.4389343261719,290.61346435546875,293.1499938964844,293.1499938964844,283.1499938964844,20267.017578125,18000.0,313.1499938964844,0.0,18000.0,1.0,0.0,0.0,0.0,1.0,0.6411033868789673,1.0,0.0,0.0,2.0029985904693604,2.003007411956787,2.677038537512999e-07,4.265924453735352,4.265914440155029,9.78592834144365e-06,0.0,0.0,-0.0,3746.6328125,0.0,292.0692443847656,1895.4371337890625,0.0,1180.5987548828125,0.5173001885414124,1.0,0.0,3.0,1.0,0.0
12075480,296.9893493652344,297.1499938964844,293.1499938964844,0.0,-0.0,285.732666015625,0.7647609710693359,0.2653352320194244,0.2419522255659103,296.9266052246094,297.1499938964844,293.1499938964844,0.0,-0.0,285.7327880859375,0.8751785159111023,0.4023416340351105,0.3839448094367981,296.9792175292969,297.1499938964844,293.1499938964844,0.0,-0.0,285.7328796386719,0.9990000128746032,0.6709541082382202,0.4207284450531006,296.98699951171875,297.1499938964844,293.1499938964844,0.0,-0.0,285.732666015625,0.7624722123146057,0.2628616988658905,0.2524957656860351,297.0203857421875,297.1499938964844,293.1499938964844,0.0,-0.0,285.7324523925781,0.6616634130477905,0.1705126166343689,0.7838146090507507,285.7327575683594,287.0987854003906,292.4171142578125,286.477294921875,292.41925048828125,297.0204772949219,285.7332763671875,1.0,0.4906879365444183,1.0,1.0,0.0,1.0,-2.5005736351013184,2.500568628311157,5.030098236602498e-06,1.932791829109192,0.7247697114944458,0.7247697114944458,0.0,128.19248962402344,119.0,16913.033203125,-0.0,1439.01708984375,1.0,283.1499938964844,285.1640014648437,289.4389343261719,290.61346435546875,293.1499938964844,293.1499938964844,283.1499938964844,20267.017578125,18000.0,313.1499938964844,0.0,18000.0,1.0,0.0,0.0,0.0,1.0,0.6411033868789673,1.0,0.0,0.0,2.0029985904693604,2.003007411956787,2.677038537512999e-07,4.265924453735352,4.265914440155029,9.78592834144365e-06,0.0,0.0,-0.0,3746.6328125,0.0,292.0692443847656,1895.4371337890625,0.0,1180.5987548828125,0.5173001885414124,1.0,0.0,3.0,1.0,0.0
12075540,296.98760986328125,297.1499938964844,293.1499938964844,0.0,-0.0,285.75250244140625,0.7640146017074585,0.2631226181983948,0.2399331629276275,296.923828125,297.1499938964844,293.1499938964844,0.0,-0.0,285.7527770996094,0.874495804309845,0.3992295563220978,0.380980908870697,296.9789428710937,297.1499938964844,293.1499938964844,0.0,-0.0,285.7529602050781,0.9990000128746032,0.6687673926353455,0.4184451997280121,296.9838256835937,297.1499938964844,293.1499938964844,0.0,-0.0,285.75250244140625,0.7615516185760498,0.2604752779006958,0.2502093315124511,297.0183410644531,297.1499938964844,293.1499938964844,0.0,-0.0,285.7520751953125,0.6604223847389221,0.1686629056930542,0.7753128409385681,285.7527160644531,287.2195739746094,292.3197021484375,286.4344787597656,292.3219299316406,297.0184020996094,285.75396728515625,1.0,0.4871152639389038,1.0,1.0,0.0,1.0,-2.478870153427124,2.478865385055542,4.9428213060309645e-06,1.9158148765563965,0.7045258283615112,0.7045258283615112,0.0,126.52837371826172,122.0,16459.5,-0.0,1404.1578369140625,1.0,283.1499938964844,285.20465087890625,289.3921813964844,290.5392150878906,293.1499938964844,293.1499938964844,283.1499938964844,20375.009765625,18000.0,313.1499938964844,0.0,18000.0,1.0,0.0,0.0,0.0,1.0,0.6326523423194885,1.0,0.0,0.0,1.9088869094848635,1.9088953733444207,2.4313854396496026e-07,4.265924453735352,4.265914440155029,9.78592834144365e-06,0.0,0.0,-0.0,3714.368896484375,0.0,260.504150390625,1895.4371337890625,0.0,1125.24609375,0.4976722300052643,1.0,0.0,3.0,1.0,0.0
12075600,296.98760986328125,297.1499938964844,293.1499938964844,0.0,-0.0,285.75250244140625,0.7640146017074585,0.2631226181983948,0.2399331629276275,296.923828125,297.1499938964844,293.1499938964844,0.0,-0.0,285.7527770996094,0.874495804309845,0.3992295563220978,0.380980908870697,296.9789428710937,297.1499938964844,293.1499938964844,0.0,-0.0,285.7529602050781,0.9990000128746032,0.6687673926353455,0.4184451997280121,296.9838256835937,297.1499938964844,293.1499938964844,0.0,-0.0,285.75250244140625,0.7615516185760498,0.2604752779006958,0.2502093315124511,297.0183410644531,297.1499938964844,293.1499938964844,0.0,-0.0,285.7520751953125,0.6604223847389221,0.1686629056930542,0.7753128409385681,285.7527160644531,287.2195739746094,292.3197021484375,286.4344787597656,292.3219299316406,297.0184020996094,285.75396728515625,1.0,0.4871152639389038,1.0,1.0,0.0,1.0,-2.478870153427124,2.478865385055542,4.9428213060309645e-06,1.9158148765563965,0.7045258283615112,0.7045258283615112,0.0,126.52837371826172,122.0,16459.5,-0.0,1404.1578369140625,1.0,283.1499938964844,285.20465087890625,289.3921813964844,290.5392150878906,293.1499938964844,293.1499938964844,283.1499938964844,20375.009765625,18000.0,313.1499938964844,0.0,18000.0,1.0,0.0,0.0,0.0,1.0,0.6326523423194885,1.0,0.0,0.0,1.9088869094848635,1.9088953733444207,2.4313854396496026e-07,4.265924453735352,4.265914440155029,9.78592834144365e-06,0.0,0.0,-0.0,3714.368896484375,0.0,260.504150390625,1895.4371337890625,0.0,1125.24609375,0.4976722300052643,1.0,0.0,3.0,1.0,0.0
12075660,296.9864196777344,297.1499938964844,293.1499938964844,0.0,-0.0,285.7843017578125,0.761310338973999,0.2609446346759796,0.2379915565252304,296.9217224121094,297.1499938964844,293.1499938964844,0.0,-0.0,285.7846984863281,0.8714964985847473,0.396149218082428,0.3780960738658905,296.9718017578125,297.1499938964844,293.1499938964844,0.0,-0.0,285.7849426269531,0.9990000128746032,0.6658833026885986,0.4195287823677063,296.9811096191406,297.1499938964844,293.1499938964844,0.0,-0.0,285.7842712402344,0.7586687803268433,0.2580949664115906,0.247982308268547,297.0167236328125,297.1499938964844,293.1499938964844,0.0,-0.0,285.7836608886719,0.6574651598930359,0.1668295264244079,0.7671729326248169,285.7846374511719,287.3428955078125,292.2202453613281,286.39068603515625,292.2225341796875,297.0167541503906,285.78643798828125,1.0,0.4850080907344818,1.0,1.0,0.0,1.0,-2.461914539337158,2.461909770965576,4.875305876339553e-06,1.9026166200637813,0.6831261515617371,0.6831261515617371,0.0,126.41412353515624,125.0,16010.6240234375,-0.0,1382.26220703125,1.0,283.1499938964844,285.2575378417969,289.3451843261719,290.46453857421875,293.1499938964844,293.1499938964844,283.1499938964844,20489.84765625,18000.0,313.1499938964844,0.0,18000.0,1.0,0.0,0.0,0.0,1.0,0.6235266923904419,1.0,0.0,0.0,1.8086751699447632,1.808683156967163,2.182803200412309e-07,4.265924453735352,4.265914440155029,9.78592834144365e-06,0.0,0.0,-0.0,3682.57080078125,0.0,229.74191284179688,1895.4371337890625,0.0,1067.489501953125,0.4770752191543579,1.0,0.0,3.0,1.0,0.0
12075720,296.9864196777344,297.1499938964844,293.1499938964844,0.0,-0.0,285.7843017578125,0.761310338973999,0.2609446346759796,0.2379915565252304,296.9217224121094,297.1499938964844,293.1499938964844,0.0,-0.0,285.7846984863281,0.8714964985847473,0.396149218082428,0.3780960738658905,296.9718017578125,297.1499938964844,293.1499938964844,0.0,-0.0,285.7849426269531,0.9990000128746032,0.6658833026885986,0.4195287823677063,296.9811096191406,297.1499938964844,293.1499938964844,0.0,-0.0,285.7842712402344,0.7586687803268433,0.2580949664115906,0.247982308268547,297.0167236328125,297.1499938964844,293.1499938964844,0.0,-0.0,285.7836608886719,0.6574651598930359,0.1668295264244079,0.7671729326248169,285.7846374511719,287.3428955078125,292.2202453613281,286.39068603515625,292.2225341796875,297.0167541503906,285.78643798828125,1.0,0.4850080907344818,1.0,1.0,0.0,1.0,-2.461914539337158,2.461909770965576,4.875305876339553e-06,1.9026166200637813,0.6831261515617371,0.6831261515617371,0.0,126.41412353515624,125.0,16010.6240234375,-0.0,1382.26220703125,1.0,283.1499938964844,285.2575378417969,289.3451843261719,290.46453857421875,293.1499938964844,293.1499938964844,283.1499938964844,20489.84765625,18000.0,313.1499938964844,0.0,18000.0,1.0,0.0,0.0,0.0,1.0,0.6235266923904419,1.0,0.0,0.0,1.8086751699447632,1.808683156967163,2.182803200412309e-07,4.265924453735352,4.265914440155029,9.78592834144365e-06,0.0,0.0,-0.0,3682.57080078125,0.0,229.74191284179688,1895.4371337890625,0.0,1067.489501953125,0.4770752191543579,1.0,0.0,3.0,1.0,0.0
12075780,296.9859924316406,297.1499938964844,293.1499938964844,0.0,-0.0,285.82745361328125,0.7574794292449951,0.2588270604610443,0.2361313700675964,296.9203491210937,297.1499938964844,293.1499938964844,0.0,-0.0,285.8279724121094,0.8671340346336365,0.3931199908256531,0.3752882182598114,296.9564514160156,297.1499938964844,293.1499938964844,0.0,-0.0,285.8283386230469,0.9990000128746032,0.6620755791664124,0.4226922988891601,296.9789428710937,297.1499938964844,293.1499938964844,0.0,-0.0,285.82745361328125,0.7546374201774597,0.2557354271411896,0.2458039224147796,297.01531982421875,297.1499938964844,293.1499938964844,0.0,-0.0,285.8265991210937,0.6534944176673889,0.1650009751319885,0.7592237591743469,285.8279113769531,287.4684143066406,292.1190185546875,286.3461303710937,292.1213684082031,297.015380859375,285.830322265625,1.0,0.4839354455471039,1.0,1.0,0.0,1.0,-2.447937488555908,2.447932720184326,4.820011781703215e-06,1.891737937927246,0.6606908440589905,0.6606908440589905,0.0,127.26183319091795,113.0,15552.51171875,-0.0,1368.329833984375,1.0,283.1499938964844,285.32244873046875,289.2983703613281,290.3896789550781,293.1499938964844,293.1499938964844,283.1499938964844,20585.263671875,18000.0,313.1499938964844,0.0,18000.0,1.0,0.0,0.0,0.0,1.0,0.6139684915542603,1.0,0.0,0.0,1.7027668952941897,1.7027744054794312,1.9346560975463944e-07,4.265924453735352,4.265914440155029,9.78592834144365e-06,0.0,0.0,-0.0,3650.641845703125,0.0,200.16436767578125,1895.4371337890625,0.0,1009.3246459960938,0.455642968416214,1.0,0.0,3.0,1.0,0.0
12075840,296.9859924316406,297.1499938964844,293.1499938964844,0.0,-0.0,285.82745361328125,0.7574794292449951,0.2588270604610443,0.2361313700675964,296.9203491210937,297.1499938964844,293.1499938964844,0.0,-0.0,285.8279724121094,0.8671340346336365,0.3931199908256531,0.3752882182598114,296.9564514160156,297.1499938964844,293.1499938964844,0.0,-0.0,285.8283386230469,0.9990000128746032,0.6620755791664124,0.4226922988891601,296.9789428710937,297.1499938964844,293.1499938964844,0.0,-0.0,285.82745361328125,0.7546374201774597,0.2557354271411896,0.2458039224147796,297.01531982421875,297.1499938964844,293.1499938964844,0.0,-0.0,285.8265991210937,0.6534944176673889,0.1650009751319885,0.7592237591743469,285.8279113769531,287.4684143066406,292.1190185546875,286.3461303710937,292.1213684082031,297.015380859375,285.830322265625,1.0,0.4839354455471039,1.0,1.0,0.0,1.0,-2.447937488555908,2.447932720184326,4.820011781703215e-06,1.891737937927246,0.6606908440589905,0.6606908440589905,0.0,127.26183319091795,113.0,15552.51171875,-0.0,1368.329833984375,1.0,283.1499938964844,285.32244873046875,289.2983703613281,290.3896789550781,293.1499938964844,293.1499938964844,283.1499938964844,20585.263671875,18000.0,313.1499938964844,0.0,18000.0,1.0,0.0,0.0,0.0,1.0,0.6139684915542603,1.0,0.0,0.0,1.7027668952941897,1.7027744054794312,1.9346560975463944e-07,4.265924453735352,4.265914440155029,9.78592834144365e-06,0.0,0.0,-0.0,3650.641845703125,0.0,200.16436767578125,1895.4371337890625,0.0,1009.3246459960938,0.455642968416214,1.0,0.0,3.0,1.0,0.0
12075900,296.98590087890625,297.1499938964844,293.1499938964844,0.0,-0.0,285.8517150878906,0.7573879361152649,0.2577807903289795,0.2351694703102111,296.9198913574219,297.1499938964844,293.1499938964844,0.0,-0.0,285.8522033691406,0.8670974373817444,0.3916189670562744,0.3738503456115722,296.9485778808594,297.1499938964844,293.1499938964844,0.0,-0.0,285.8525390625,0.9990000128746032,0.6600766181945801,0.4211260378360748,296.9779968261719,297.1499938964844,293.1499938964844,0.0,-0.0,285.8516845703125,0.754416286945343,0.2545605003833771,0.2446718662977218,297.0146179199219,297.1499938964844,293.1499938964844,0.0,-0.0,285.85089111328125,0.653083086013794,0.1640788167715072,0.7549921870231628,285.85211181640625,287.5318603515625,292.0678405761719,286.3236083984375,292.0702209472656,297.0146789550781,285.8544006347656,1.0,0.4815238416194916,1.0,1.0,0.0,1.0,-2.436740159988404,2.4367353916168213,4.776250534632709e-06,1.883182406425476,0.6491015553474426,0.6491015553474426,0.0,126.25626373291016,113.0,15298.423828125,-0.0,1350.255859375,1.0,283.1499938964844,285.3578796386719,289.2747802734375,290.35162353515625,293.1499938964844,293.1499938964844,283.1499938964844,20619.740234375,18000.0,313.1499938964844,0.0,18000.0,1.0,0.0,0.0,0.0,1.0,0.6090369820594788,1.0,0.0,0.0,1.6479941606521606,1.6480014324188232,1.8121943412552365e-07,4.265924453735352,4.265914440155029,9.78592834144365e-06,0.0,0.0,-0.0,3633.99609375,0.0,185.9813842773437,1895.4371337890625,0.0,980.2767333984376,0.4447008669376373,1.0,0.0,3.0,1.0,0.0
12075960,296.9859619140625,297.1499938964844,293.1499938964844,0.0,-0.0,285.8754577636719,0.7585310339927673,0.2567459046840668,0.2341816276311874,296.9195556640625,297.1499938964844,293.1499938964844,0.0,-0.0,285.8759765625,0.8685169219970703,0.3901275992393493,0.3723851442337036,296.946044921875,297.1499938964844,293.1499938964844,0.0,-0.0,285.8763427734375,0.9990000128746032,0.6585488319396973,0.4174290299415588,296.9771728515625,297.1499938964844,293.1499938964844,0.0,-0.0,285.8754272460937,0.7554072141647339,0.2533889412879944,0.2435064762830734,297.0140380859375,297.1499938964844,293.1499938964844,0.0,-0.0,285.8746032714844,0.6537334322929382,0.1631621271371841,0.7505868077278137,285.8758850097656,287.595703125,292.016357421875,286.3009338378906,292.0187683105469,297.0140686035156,285.87823486328125,1.0,0.4782629609107971,1.0,1.0,0.0,1.0,-2.422662734985352,2.422657966613769,4.72128931505722e-06,1.872300386428833,0.6372336149215698,0.6372336149215698,0.0,124.28450012207033,101.0,15024.236328125,-0.0,1324.8216552734375,1.0,283.1499938964844,285.3937072753906,289.2504577636719,290.311767578125,293.1499938964844,293.1499938964844,283.1499938964844,20646.16015625,18000.0,313.1499938964844,0.0,18000.0,1.0,0.0,0.0,0.0,1.0,0.6039093732833862,1.0,0.0,0.0,1.592124104499817,1.5921311378479004,1.691403639370037e-07,4.265924453735352,4.265914440155029,9.78592834144365e-06,0.0,0.0,-0.0,3616.2451171875,0.0,172.27183532714844,1895.4371337890625,0.0,950.7866821289062,0.4336534142494201,1.0,0.0,3.0,1.0,0.0
12076020,296.98651123046875,297.1499938964844,293.1499938964844,0.0,-0.0,285.9266357421875,0.7635922431945801,0.2547239363193512,0.2321796268224716,296.9193115234375,297.1499938964844,293.1499938964844,0.0,-0.0,285.92724609375,0.8746050596237183,0.3871851563453674,0.3694206178188324,296.9587707519531,297.1499938964844,293.1499938964844,0.0,-0.0,285.9276123046875,0.9990000128746032,0.6572336554527283,0.4055982232093811,296.97589111328125,297.1499938964844,293.1499938964844,0.0,-0.0,285.9266357421875,0.7600975632667542,0.2510690987110138,0.2411253303289413,297.0135192871094,297.1499938964844,293.1499938964844,0.0,-0.0,285.9256591796875,0.6574496626853943,0.1613870412111282,0.7416470646858215,285.9271240234375,287.72442626953125,291.9125671386719,286.2553405761719,291.9150085449219,297.0135192871094,285.9298095703125,1.0,0.4696687757968902,1.0,1.0,0.0,1.0,-2.388887882232666,2.388883352279663,4.590678145177662e-06,1.8461426496505733,0.6127461194992065,0.6127461194992065,0.0,118.4371337890625,104.0,14435.3671875,-0.0,1260.31640625,1.0,283.1499938964844,285.470458984375,289.19891357421875,290.2264404296875,293.1499938964844,293.1499938964844,283.1499938964844,20663.966796875,18000.0,313.1499938964844,0.0,18000.0,1.0,0.0,0.0,0.0,1.0,0.5926694273948669,1.0,0.0,0.0,1.4778951406478882,1.4779016971588137,1.4574062845440494e-07,4.265924453735352,4.265914440155029,9.78592834144365e-06,0.0,0.0,-0.0,3578.514404296875,0.0,146.4960174560547,1895.4371337890625,0.0,888.8037719726562,0.4114453494548797,1.0,0.0,3.0,1.0,0.0
12076080,296.98651123046875,297.1499938964844,293.1499938964844,0.0,-0.0,285.9266357421875,0.7635922431945801,0.2547239363193512,0.2321796268224716,296.9193115234375,297.1499938964844,293.1499938964844,0.0,-0.0,285.92724609375,0.8746050596237183,0.3871851563453674,0.3694206178188324,296.9587707519531,297.1499938964844,293.1499938964844,0.0,-0.0,285.9276123046875,0.9990000128746032,0.6572336554527283,0.4055982232093811,296.97589111328125,297.1499938964844,293.1499938964844,0.0,-0.0,285.9266357421875,0.7600975632667542,0.2510690987110138,0.2411253303289413,297.0135192871094,297.1499938964844,293.1499938964844,0.0,-0.0,285.9256591796875,0.6574496626853943,0.1613870412111282,0.7416470646858215,285.9271240234375,287.72442626953125,291.9125671386719,286.2553405761719,291.9150085449219,297.0135192871094,285.9298095703125,1.0,0.4696687757968902,1.0,1.0,0.0,1.0,-2.388887882232666,2.388883352279663,4.590678145177662e-06,1.8461426496505733,0.6127461194992065,0.6127461194992065,0.0,118.4371337890625,104.0,14435.3671875,-0.0,1260.31640625,1.0,283.1499938964844,285.470458984375,289.19891357421875,290.2264404296875,293.1499938964844,293.1499938964844,283.1499938964844,20663.966796875,18000.0,313.1499938964844,0.0,18000.0,1.0,0.0,0.0,0.0,1.0,0.5926694273948669,1.0,0.0,0.0,1.4778951406478882,1.4779016971588137,1.4574062845440494e-07,4.265924453735352,4.265914440155029,9.78592834144365e-06,0.0,0.0,-0.0,3578.514404296875,0.0,146.4960174560547,1895.4371337890625,0.0,888.8037719726562,0.4114453494548797,1.0,0.0,3.0,1.0,0.0
12076140,296.9879455566406,297.1499938964844,293.1499938964844,0.0,-0.0,285.9922790527344,0.7656151056289673,0.2527966499328613,0.2303385734558105,296.920166015625,297.1499938964844,293.1499938964844,0.0,-0.0,285.9931030273437,0.8770734667778015,0.3843472599983215,0.3666256964206695,296.9836120605469,297.1499938964844,293.1499938964844,0.0,-0.0,285.9936218261719,0.9990000128746032,0.6573301553726196,0.3991928398609161,296.97540283203125,297.1499938964844,293.1499938964844,0.0,-0.0,285.99224853515625,0.7617461085319519,0.2488136440515518,0.2388820499181747,297.01434326171875,297.1499938964844,293.1499938964844,0.0,-0.0,285.9908752441406,0.6585878729820251,0.1597411930561065,0.7336512804031372,285.9929504394531,287.8541259765625,291.8079528808594,286.20947265625,291.8104553222656,297.0143127441406,285.996826171875,1.0,0.4643756449222564,1.0,1.0,0.0,1.0,-2.363309621810913,2.36330509185791,4.492632342589786e-06,1.826114058494568,0.587479293346405,0.587479293346405,0.0,115.09844970703124,107.0,13855.224609375,-0.0,1216.9365234375,1.0,283.1499938964844,285.5617980957031,289.1455383300781,290.1370849609375,293.1499938964844,293.1499938964844,283.1499938964844,20619.38671875,18000.0,313.1499938964844,0.0,18000.0,1.0,0.0,0.0,0.0,1.0,0.579868495464325,1.0,0.0,0.0,1.3621747493743896,1.3621808290481567,1.238109632595297e-07,4.265924453735352,4.265914440155029,9.78592834144365e-06,0.0,0.0,-0.0,3540.4638671875,0.0,123.2655792236328,1895.4371337890625,0.0,822.8095703125,0.3895035982131958,1.0,0.0,3.0,1.0,0.0
12076200,296.9879455566406,297.1499938964844,293.1499938964844,0.0,-0.0,285.9922790527344,0.7656151056289673,0.2527966499328613,0.2303385734558105,296.920166015625,297.1499938964844,293.1499938964844,0.0,-0.0,285.9931030273437,0.8770734667778015,0.3843472599983215,0.3666256964206695,296.9836120605469,297.1499938964844,293.1499938964844,0.0,-0.0,285.9936218261719,0.9990000128746032,0.6573301553726196,0.3991928398609161,296.97540283203125,297.1499938964844,293.1499938964844,0.0,-0.0,285.99224853515625,0.7617461085319519,0.2488136440515518,0.2388820499181747,297.01434326171875,297.1499938964844,293.1499938964844,0.0,-0.0,285.9908752441406,0.6585878729820251,0.1597411930561065,0.7336512804031372,285.9929504394531,287.8541259765625,291.8079528808594,286.20947265625,291.8104553222656,297.0143127441406,285.996826171875,1.0,0.4643756449222564,1.0,1.0,0.0,1.0,-2.363309621810913,2.36330509185791,4.492632342589786e-06,1.826114058494568,0.587479293346405,0.587479293346405,0.0,115.09844970703124,107.0,13855.224609375,-0.0,1216.9365234375,1.0,283.1499938964844,285.5617980957031,289.1455383300781,290.1370849609375,293.1499938964844,293.1499938964844,283.1499938964844,20619.38671875,18000.0,313.1499938964844,0.0,18000.0,1.0,0.0,0.0,0.0,1.0,0.579868495464325,1.0,0.0,0.0,1.3621747493743896,1.3621808290481567,1.238109632595297e-07,4.265924453735352,4.265914440155029,9.78592834144365e-06,0.0,0.0,-0.0,3540.4638671875,0.0,123.2655792236328,1895.4371337890625,0.0,822.8095703125,0.3895035982131958,1.0,0.0,3.0,1.0,0.0
12076260,296.98992919921875,297.1499938964844,293.1499938964844,0.0,-0.0,286.0619201660156,0.7652422785758972,0.2512723207473755,0.2289202213287353,296.9217529296875,297.1499938964844,293.1499938964844,0.0,-0.0,286.0628967285156,0.8766841292381287,0.3820619881153106,0.3644237816333771,296.9986877441406,297.1499938964844,293.1499938964844,0.0,-0.0,286.06353759765625,0.9990000128746032,0.6570807695388794,0.3973153531551361,296.9757080078125,297.1499938964844,293.1499938964844,0.0,-0.0,286.0618591308594,0.7610633373260498,0.2469864785671234,0.2371134310960769,297.0156555175781,297.1499938964844,293.1499938964844,0.0,-0.0,286.06024169921875,0.6577767133712769,0.1584300547838211,0.7275646328926086,286.0627136230469,287.963623046875,291.7196655273437,286.1708984375,291.7221984863281,297.015625,286.0673522949219,1.0,0.4615599811077118,1.0,1.0,0.0,1.0,-2.347264528274536,2.347259998321533,4.431773959368002e-06,1.8135948181152344,0.5658688545227051,0.5658688545227051,0.0,113.86260223388672,107.0,13375.349609375,-0.0,1193.576904296875,1.0,283.1499938964844,285.6517639160156,289.1024475097656,290.0638122558594,293.1499938964844,293.1499938964844,283.1499938964844,20527.890625,18000.0,313.1499938964844,0.0,18000.0,1.0,0.0,0.0,0.0,1.0,0.5682606101036072,1.0,0.0,0.0,1.265919208526611,1.265925049781799,1.0693144503193253e-07,4.265924453735352,4.265914440155029,9.78592834144365e-06,0.0,0.0,-0.0,3509.7236328125,0.0,105.99491119384766,1895.4371337890625,0.0,767.0195922851562,0.3717198967933655,1.0,0.0,3.0,1.0,0.0
12076320,296.99041748046875,297.1499938964844,293.1499938964844,0.0,-0.0,286.0764465332031,0.7650202512741089,0.2509932518005371,0.2286639362573623,296.9221496582031,297.1499938964844,293.1499938964844,0.0,-0.0,286.07745361328125,0.8764270544052124,0.3816376626491546,0.3640180826187134,297.0007629394531,297.1499938964844,293.1499938964844,0.0,-0.0,286.0780944824219,0.9990000128746032,0.656973659992218,0.397216647863388,296.975830078125,297.1499938964844,293.1499938964844,0.0,-0.0,286.0763854980469,0.7607801556587219,0.2466454207897186,0.2367871105670929,297.0159606933594,297.1499938964844,293.1499938964844,0.0,-0.0,286.0747375488281,0.6574894785881042,0.1581856906414032,0.7264508008956909,286.0772705078125,287.9844970703125,291.70281982421875,286.16357421875,291.7053527832031,297.0158996582031,286.0820617675781,1.0,0.4611567556858063,1.0,1.0,0.0,1.0,-2.3446199893951416,2.3446156978607178,4.42178497905843e-06,1.8115311861038208,0.5617225766181946,0.5617225766181946,0.0,113.74161529541016,110.0,13283.9658203125,-0.0,1190.0836181640625,1.0,283.1499938964844,285.6700439453125,289.0944519042969,290.05010986328125,293.1499938964844,293.1499938964844,283.1499938964844,20505.25390625,18000.0,313.1499938964844,0.0,18000.0,1.0,0.0,0.0,0.0,1.0,0.5659962296485901,1.0,0.0,0.0,1.2478172779083252,1.2478229999542236,1.038951822351919e-07,4.265924453735352,4.265914440155029,9.78592834144365e-06,0.0,0.0,-0.0,3503.96728515625,0.0,102.94562530517578,1895.4371337890625,0.0,756.5692138671875,0.3684274852275848,1.0,0.0,3.0,1.0,0.0
12076380,296.993896484375,297.1499938964844,293.1499938964844,0.0,-0.0,286.1756896972656,0.762770414352417,0.2493238300085067,0.2271538227796554,296.9253234863281,297.1499938964844,293.1499938964844,0.0,-0.0,286.1768798828125,0.873776912689209,0.3790710866451263,0.3615849316120147,297.0078125,297.1499938964844,293.1499938964844,0.0,-0.0,286.1776428222656,0.9990000128746032,0.6558058857917786,0.398109883069992,296.9770812988281,297.1499938964844,293.1499938964844,0.0,-0.0,286.1756286621094,0.7581368088722229,0.2445638924837112,0.2348184287548065,297.0179748535156,297.1499938964844,293.1499938964844,0.0,-0.0,286.1737060546875,0.654933750629425,0.1566926538944244,0.7197602391242981,286.1766357421875,288.1151123046875,291.59747314453125,286.1177978515625,291.6000366210937,297.0179138183594,286.1822204589844,1.0,0.4594244062900543,1.0,1.0,0.0,1.0,-2.3305504322052,2.3305461406707764,4.368834652268561e-06,1.800549864768982,0.5356509685516357,0.5356509685516357,0.0,113.6520767211914,113.0,12711.5263671875,-0.0,1173.812255859375,1.0,283.1499938964844,285.7915344238281,289.0460205078125,289.9660949707031,293.1499938964844,293.1499938964844,283.1499938964844,20332.890625,18000.0,313.1499938964844,0.0,18000.0,1.0,0.0,0.0,0.0,1.0,0.5516100525856018,1.0,0.0,0.0,1.1372663974761963,1.1372716426849363,8.630139802789928e-08,4.265924453735352,4.265914440155029,9.78592834144365e-06,0.0,0.0,-0.0,3468.585205078125,0.0,85.63169860839844,1895.4371337890625,0.0,693.3416137695312,0.3487192094326019,1.0,0.0,3.0,1.0,0.0
12076440,296.993896484375,297.1499938964844,293.1499938964844,0.0,-0.0,286.1756896972656,0.762770414352417,0.2493238300085067,0.2271538227796554,296.9253234863281,297.1499938964844,293.1499938964844,0.0,-0.0,286.1768798828125,0.873776912689209,0.3790710866451263,0.3615849316120147,297.0078125,297.1499938964844,293.1499938964844,0.0,-0.0,286.1776428222656,0.9990000128746032,0.6558058857917786,0.398109883069992,296.9770812988281,297.1499938964844,293.1499938964844,0.0,-0.0,286.1756286621094,0.7581368088722229,0.2445638924837112,0.2348184287548065,297.0179748535156,297.1499938964844,293.1499938964844,0.0,-0.0,286.1737060546875,0.654933750629425,0.1566926538944244,0.7197602391242981,286.1766357421875,288.1151123046875,291.59747314453125,286.1177978515625,291.6000366210937,297.0179138183594,286.1822204589844,1.0,0.4594244062900543,1.0,1.0,0.0,1.0,-2.3305504322052,2.3305461406707764,4.368834652268561e-06,1.800549864768982,0.5356509685516357,0.5356509685516357,0.0,113.6520767211914,113.0,12711.5263671875,-0.0,1173.812255859375,1.0,283.1499938964844,285.7915344238281,289.0460205078125,289.9660949707031,293.1499938964844,293.1499938964844,283.1499938964844,20332.890625,18000.0,313.1499938964844,0.0,18000.0,1.0,0.0,0.0,0.0,1.0,0.5516100525856018,1.0,0.0,0.0,1.1372663974761963,1.1372716426849363,8.630139802789928e-08,4.265924453735352,4.265914440155029,9.78592834144365e-06,0.0,0.0,-0.0,3468.585205078125,0.0,85.63169860839844,1895.4371337890625,0.0,693.3416137695312,0.3487192094326019,1.0,0.0,3.0,1.0,0.0
12076500,296.99591064453125,297.1499938964844,293.1499938964844,0.0,-0.0,286.2302551269531,0.7612105011940002,0.2485342919826507,0.2264517992734909,296.9272766113281,297.1499938964844,293.1499938964844,0.0,-0.0,286.23150634765625,0.8719244003295898,0.3778411149978637,0.3604311048984527,297.0077819824219,297.1499938964844,293.1499938964844,0.0,-0.0,286.2323303222656,0.9990000128746032,0.6549047827720642,0.3993453085422516,296.9779357910156,297.1499938964844,293.1499938964844,0.0,-0.0,286.2301940917969,0.7563751339912415,0.2435537725687027,0.2338756471872329,297.01910400390625,297.1499938964844,293.1499938964844,0.0,-0.0,286.2281188964844,0.6532737016677856,0.1559667289257049,0.7165672779083252,286.23126220703125,288.1803894042969,291.5448303222656,286.0950012207031,291.5473937988281,297.01904296875,286.2371826171875,1.0,0.4589772224426269,1.0,1.0,0.0,1.0,-2.324835777282715,2.324831247329712,4.347421054262668e-06,1.796088457107544,0.5225479602813721,0.5225479602813721,0.0,113.95781707763672,113.0,12423.8798828125,-0.0,1168.604736328125,1.0,283.1499938964844,285.8563537597656,289.0224304199219,289.92486572265625,293.1499938964844,293.1499938964844,283.1499938964844,20229.3671875,18000.0,313.1499938964844,0.0,18000.0,1.0,0.0,0.0,0.0,1.0,0.5443101525306702,1.0,0.0,0.0,1.0840468406677246,1.0840519666671753,7.841325810886701e-08,4.265924453735352,4.265914440155029,9.78592834144365e-06,0.0,0.0,-0.0,3451.1865234375,0.0,78.07283020019531,1895.4371337890625,0.0,663.2756958007812,0.3395032882690429,1.0,0.0,3.0,1.0,0.0
12076560,296.99810791015625,297.1499938964844,293.1499938964844,0.0,-0.0,286.2877197265625,0.7594407200813293,0.2477733641862869,0.2257818579673767,296.9294738769531,297.1499938964844,293.1499938964844,0.0,-0.0,286.2890319824219,0.8698146939277649,0.3766449689865112,0.3593160212039947,297.0057373046875,297.1499938964844,293.1499938964844,0.0,-0.0,286.2898864746094,0.9990000128746032,0.6538043022155762,0.4009890854358673,296.9789428710937,297.1499938964844,293.1499938964844,0.0,-0.0,286.2876281738281,0.7544007897377014,0.2425626367330551,0.2329576760530471,297.0202941894531,297.1499938964844,293.1499938964844,0.0,-0.0,286.28546142578125,0.6514308452606201,0.1552537679672241,0.7134639620780945,286.2887878417969,288.24560546875,291.49224853515625,286.07232666015625,291.49481201171875,297.02020263671875,286.29498291015625,1.0,0.4587533175945282,1.0,1.0,0.0,1.0,-2.3198342323303223,2.3198299407958984,4.328725026425673e-06,1.7921833992004397,0.5094234347343445,0.5094234347343445,0.0,114.44789123535156,116.0,12135.197265625,-0.0,1164.9432373046875,1.0,283.1499938964844,285.9233703613281,288.99908447265625,289.8839111328125,293.1499938964844,293.1499938964844,283.1499938964844,20117.23046875,18000.0,313.1499938964844,0.0,18000.0,1.0,0.0,0.0,0.0,1.0,0.5369521975517273,1.0,0.0,0.0,1.0324618816375732,1.0324668884277344,7.112815580967435e-08,4.265924453735352,4.265914440155029,9.78592834144365e-06,0.0,0.0,-0.0,3433.93359375,0.0,71.20997619628906,1895.4371337890625,0.0,634.282470703125,0.3307624459266662,1.0,0.0,3.0,1.0,0.0
12076620,297.0028686523437,297.1499938964844,293.1499938964844,0.0,-0.0,286.409912109375,0.7554656863212585,0.246333509683609,0.2245307266712188,296.93438720703125,297.1499938964844,293.1499938964844,0.0,-0.0,286.4113464355469,0.8650527000427246,0.3743497431278229,0.3571932315826416,296.9967346191406,297.1499938964844,293.1499938964844,0.0,-0.0,286.4123229980469,0.9990000128746032,0.6510710716247559,0.4052217006683349,296.9812927246094,297.1499938964844,293.1499938964844,0.0,-0.0,286.4098205566406,0.750006377696991,0.2406321167945861,0.2311872094869613,297.02276611328125,297.1499938964844,293.1499938964844,0.0,-0.0,286.407470703125,0.6473684906959534,0.1538634449243545,0.7074934840202332,286.4110717773437,288.3755798339844,291.3874206542969,286.02740478515625,291.3899841308594,297.022705078125,286.41778564453125,1.0,0.4588403701782226,1.0,1.0,0.0,1.0,-2.3115651607513428,2.311560869216919,4.297904069971992e-06,1.785725474357605,0.4831690192222595,0.4831690192222595,0.0,115.86510467529295,119.0,11555.44140625,-0.0,1161.3050537109375,1.0,283.1499938964844,286.0625,288.9528503417969,289.8025817871094,293.1499938964844,293.1499938964844,283.1499938964844,19877.578125,18000.0,313.1499938964844,0.0,18000.0,1.0,0.0,0.0,0.0,1.0,0.5220426321029663,1.0,0.0,0.0,0.9347893595695496,0.9347940683364868,5.8307037420490815e-08,4.265924453735352,4.265914440155029,9.78592834144365e-06,0.0,0.0,-0.0,3399.814697265625,0.0,59.41408920288086,1895.4371337890625,0.0,579.3778686523438,0.3147796094417572,1.0,0.0,3.0,1.0,0.0
12076680,297.0028686523437,297.1499938964844,293.1499938964844,0.0,-0.0,286.409912109375,0.7554656863212585,0.246333509683609,0.2245307266712188,296.93438720703125,297.1499938964844,293.1499938964844,0.0,-0.0,286.4113464355469,0.8650527000427246,0.3743497431278229,0.3571932315826416,296.9967346191406,297.1499938964844,293.1499938964844,0.0,-0.0,286.4123229980469,0.9990000128746032,0.6510710716247559,0.4052217006683349,296.9812927246094,297.1499938964844,293.1499938964844,0.0,-0.0,286.4098205566406,0.750006377696991,0.2406321167945861,0.2311872094869613,297.02276611328125,297.1499938964844,293.1499938964844,0.0,-0.0,286.407470703125,0.6473684906959534,0.1538634449243545,0.7074934840202332,286.4110717773437,288.3755798339844,291.3874206542969,286.02740478515625,291.3899841308594,297.022705078125,286.41778564453125,1.0,0.4588403701782226,1.0,1.0,0.0,1.0,-2.3115651607513428,2.311560869216919,4.297904069971992e-06,1.785725474357605,0.4831690192222595,0.4831690192222595,0.0,115.86510467529295,119.0,11555.44140625,-0.0,1161.3050537109375,1.0,283.1499938964844,286.0625,288.9528503417969,289.8025817871094,293.1499938964844,293.1499938964844,283.1499938964844,19877.578125,18000.0,313.1499938964844,0.0,18000.0,1.0,0.0,0.0,0.0,1.0,0.5220426321029663,1.0,0.0,0.0,0.9347893595695496,0.9347940683364868,5.8307037420490815e-08,4.265924453735352,4.265914440155029,9.78592834144365e-06,0.0,0.0,-0.0,3399.814697265625,0.0,59.41408920288086,1895.4371337890625,0.0,579.3778686523438,0.3147796094417572,1.0,0.0,3.0,1.0,0.0
12076740,297.0080871582031,297.1499938964844,293.1499938964844,0.0,-0.0,286.5395202636719,0.751145601272583,0.2449980825185775,0.2233889251947403,296.93994140625,297.1499938964844,293.1499938964844,0.0,-0.0,286.541015625,0.8598482012748718,0.3721798360347748,0.3552048802375793,296.9829406738281,297.1499938964844,293.1499938964844,0.0,-0.0,286.5420837402344,0.9990000128746032,0.6477330923080444,0.4103778600692749,296.9839172363281,297.1499938964844,293.1499938964844,0.0,-0.0,286.5393981933594,0.745247483253479,0.238762080669403,0.229491576552391,297.0253601074219,297.1499938964844,293.1499938964844,0.0,-0.0,286.5368957519531,0.6430070400238037,0.1525130122900009,0.7017857432365417,286.5407409667969,288.5046691894531,291.2833251953125,285.9831848144531,291.2858581542969,297.0252685546875,286.5477905273437,1.0,0.4594762027263641,1.0,1.0,0.0,1.0,-2.305104255676269,2.3050999641418457,4.273902050044853e-06,1.7806788682937622,0.4569803476333618,0.4569803476333618,0.0,117.72716522216795,107.0,10975.0927734375,-0.0,1161.4364013671875,1.0,283.1499938964844,286.2056884765625,288.9070129394531,289.7217102050781,293.1499938964844,293.1499938964844,283.1499938964844,19637.47265625,18000.0,313.1499938964844,0.0,18000.0,1.0,0.0,0.0,0.0,1.0,0.5068151354789734,1.0,0.0,0.0,0.8451026678085327,0.8451071381568909,4.765542982454463e-08,4.265924453735352,4.265914440155029,9.78592834144365e-06,0.0,0.0,-0.0,3366.030517578125,0.0,49.888553619384766,1895.4371337890625,0.0,528.2755737304688,0.3008105456829071,1.0,0.0,3.0,1.0,0.0
12076800,297.0080871582031,297.1499938964844,293.1499938964844,0.0,-0.0,286.5395202636719,0.751145601272583,0.2449980825185775,0.2233889251947403,296.93994140625,297.1499938964844,293.1499938964844,0.0,-0.0,286.541015625,0.8598482012748718,0.3721798360347748,0.3552048802375793,296.9829406738281,297.1499938964844,293.1499938964844,0.0,-0.0,286.5420837402344,0.9990000128746032,0.6477330923080444,0.4103778600692749,296.9839172363281,297.1499938964844,293.1499938964844,0.0,-0.0,286.5393981933594,0.745247483253479,0.238762080669403,0.229491576552391,297.0253601074219,297.1499938964844,293.1499938964844,0.0,-0.0,286.5368957519531,0.6430070400238037,0.1525130122900009,0.7017857432365417,286.5407409667969,288.5046691894531,291.2833251953125,285.9831848144531,291.2858581542969,297.0252685546875,286.5477905273437,1.0,0.4594762027263641,1.0,1.0,0.0,1.0,-2.305104255676269,2.3050999641418457,4.273902050044853e-06,1.7806788682937622,0.4569803476333618,0.4569803476333618,0.0,117.72716522216795,107.0,10975.0927734375,-0.0,1161.4364013671875,1.0,283.1499938964844,286.2056884765625,288.9070129394531,289.7217102050781,293.1499938964844,293.1499938964844,283.1499938964844,19637.47265625,18000.0,313.1499938964844,0.0,18000.0,1.0,0.0,0.0,0.0,1.0,0.5068151354789734,1.0,0.0,0.0,0.8451026678085327,0.8451071381568909,4.765542982454463e-08,4.265924453735352,4.265914440155029,9.78592834144365e-06,0.0,0.0,-0.0,3366.030517578125,0.0,49.888553619384766,1895.4371337890625,0.0,528.2755737304688,0.3008105456829071,1.0,0.0,3.0,1.0,0.0
12076860,297.0133972167969,297.1499938964844,293.1499938964844,0.0,-0.0,286.66607666015625,0.7522343993186951,0.2437369674444198,0.222186654806137,296.94549560546875,297.1499938964844,293.1499938964844,0.0,-0.0,286.6674499511719,0.8610177636146545,0.3700842559337616,0.3531593680381775,296.97662353515625,297.1499938964844,293.1499938964844,0.0,-0.0,286.6684265136719,0.9990000128746032,0.6449559330940247,0.4063362181186676,296.9865417480469,297.1499938964844,293.1499938964844,0.0,-0.0,286.6659545898437,0.7457220554351807,0.2369243949651718,0.2276891469955444,297.0277404785156,297.1499938964844,293.1499938964844,0.0,-0.0,286.66363525390625,0.6431878209114075,0.1511762291193008,0.6954782605171204,286.6672058105469,288.6324768066406,291.1802673339844,285.9399108886719,291.1827697753906,297.0276794433594,286.67364501953125,1.0,0.4551343619823456,1.0,1.0,0.0,1.0,-2.286620616912842,2.286616563796997,4.206054654787295e-06,1.7664836645126345,0.4307799637317657,0.4307799637317657,0.0,115.5557861328125,110.0,10366.3095703125,-0.0,1132.5484619140625,1.0,283.1499938964844,286.344970703125,288.8578186035156,289.63238525390625,293.1499938964844,293.1499938964844,283.1499938964844,19419.41796875,18000.0,313.1499938964844,0.0,18000.0,1.0,0.0,0.0,0.0,1.0,0.4905483424663543,1.0,0.0,0.0,0.763418972492218,0.7634232640266418,3.888833788323609e-08,4.265924453735352,4.265914440155029,9.78592834144365e-06,0.0,0.0,-0.0,3173.782470703125,0.0,42.2263069152832,1895.4371337890625,0.0,478.765625,0.2887023091316223,1.0,0.0,3.0,1.0,0.0
12076920,297.0133972167969,297.1499938964844,293.1499938964844,0.0,-0.0,286.66607666015625,0.7522343993186951,0.2437369674444198,0.222186654806137,296.94549560546875,297.1499938964844,293.1499938964844,0.0,-0.0,286.6674499511719,0.8610177636146545,0.3700842559337616,0.3531593680381775,296.97662353515625,297.1499938964844,293.1499938964844,0.0,-0.0,286.6684265136719,0.9990000128746032,0.6449559330940247,0.4063362181186676,296.9865417480469,297.1499938964844,293.1499938964844,0.0,-0.0,286.6659545898437,0.7457220554351807,0.2369243949651718,0.2276891469955444,297.0277404785156,297.1499938964844,293.1499938964844,0.0,-0.0,286.66363525390625,0.6431878209114075,0.1511762291193008,0.6954782605171204,286.6672058105469,288.6324768066406,291.1802673339844,285.9399108886719,291.1827697753906,297.0276794433594,286.67364501953125,1.0,0.4551343619823456,1.0,1.0,0.0,1.0,-2.286620616912842,2.286616563796997,4.206054654787295e-06,1.7664836645126345,0.4307799637317657,0.4307799637317657,0.0,115.5557861328125,110.0,10366.3095703125,-0.0,1132.5484619140625,1.0,283.1499938964844,286.344970703125,288.8578186035156,289.63238525390625,293.1499938964844,293.1499938964844,283.1499938964844,19419.41796875,18000.0,313.1499938964844,0.0,18000.0,1.0,0.0,0.0,0.0,1.0,0.4905483424663543,1.0,0.0,0.0,0.763418972492218,0.7634232640266418,3.888833788323609e-08,4.265924453735352,4.265914440155029,9.78592834144365e-06,0.0,0.0,-0.0,3173.782470703125,0.0,42.2263069152832,1895.4371337890625,0.0,478.765625,0.2887023091316223,1.0,0.0,3.0,1.0,0.0
12076980,297.0187072753906,297.1499938964844,293.1499938964844,0.0,-0.0,286.79205322265625,0.7517775893211365,0.2425443679094314,0.2210840433835983,296.9511108398437,297.1499938964844,293.1499938964844,0.0,-0.0,286.79351806640625,0.8603299856185913,0.3680606782436371,0.3512184023857116,296.98358154296875,297.1499938964844,293.1499938964844,0.0,-0.0,286.7945861816406,0.9990000128746032,0.6434637904167175,0.4050830006599426,296.9892883300781,297.1499938964844,293.1499938964844,0.0,-0.0,286.7919006347656,0.7446635961532593,0.2351317852735519,0.2259691059589386,297.0305480957031,297.1499938964844,293.1499938964844,0.0,-0.0,286.7893981933594,0.6420741081237793,0.1499108374118805,0.6896218061447144,286.7932434082031,288.75860595703125,291.0785217285156,285.8977355957031,291.0810241699219,297.03045654296875,286.8002319335937,1.0,0.4529611766338348,1.0,1.0,0.0,1.0,-2.272348165512085,2.27234411239624,4.153600912104594e-06,1.7552614212036133,0.404561311006546,0.404561311006546,0.0,114.623046875,113.0,9771.7939453125,-0.0,1113.41015625,1.0,283.1499938964844,286.47998046875,288.8033752441406,289.5340270996094,293.1499938964844,293.1499938964844,283.1499938964844,19233.6953125,18000.0,313.1499938964844,0.0,18000.0,1.0,0.0,0.0,0.0,1.0,0.471710056066513,1.0,0.0,0.0,0.689271867275238,0.6892759799957275,3.1701119951321743e-08,4.265924453735352,4.265914440155029,9.78592834144365e-06,0.0,0.0,-0.0,2980.967041015625,0.0,36.03720474243164,1895.4371337890625,0.0,427.3269653320313,0.2781823873519897,1.0,0.0,3.0,1.0,0.0
12077040,297.0187072753906,297.1499938964844,293.1499938964844,0.0,-0.0,286.79205322265625,0.7517775893211365,0.2425443679094314,0.2210840433835983,296.9511108398437,297.1499938964844,293.1499938964844,0.0,-0.0,286.79351806640625,0.8603299856185913,0.3680606782436371,0.3512184023857116,296.98358154296875,297.1499938964844,293.1499938964844,0.0,-0.0,286.7945861816406,0.9990000128746032,0.6434637904167175,0.4050830006599426,296.9892883300781,297.1499938964844,293.1499938964844,0.0,-0.0,286.7919006347656,0.7446635961532593,0.2351317852735519,0.2259691059589386,297.0305480957031,297.1499938964844,293.1499938964844,0.0,-0.0,286.7893981933594,0.6420741081237793,0.1499108374118805,0.6896218061447144,286.7932434082031,288.75860595703125,291.0785217285156,285.8977355957031,291.0810241699219,297.03045654296875,286.8002319335937,1.0,0.4529611766338348,1.0,1.0,0.0,1.0,-2.272348165512085,2.27234411239624,4.153600912104594e-06,1.7552614212036133,0.404561311006546,0.404561311006546,0.0,114.623046875,113.0,9771.7939453125,-0.0,1113.41015625,1.0,283.1499938964844,286.47998046875,288.8033752441406,289.5340270996094,293.1499938964844,293.1499938964844,283.1499938964844,19233.6953125,18000.0,313.1499938964844,0.0,18000.0,1.0,0.0,0.0,0.0,1.0,0.471710056066513,1.0,0.0,0.0,0.689271867275238,0.6892759799957275,3.1701119951321743e-08,4.265924453735352,4.265914440155029,9.78592834144365e-06,0.0,0.0,-0.0,2980.967041015625,0.0,36.03720474243164,1895.4371337890625,0.0,427.3269653320313,0.2781823873519897,1.0,0.0,3.0,1.0,0.0
12077100,297.0213317871094,297.1499938964844,293.1499938964844,0.0,-0.0,286.8573913574219,0.7509105801582336,0.2419724315404892,0.2205726057291031,296.95391845703125,297.1499938964844,293.1499938964844,0.0,-0.0,286.8589172363281,0.8592228889465332,0.367077887058258,0.3502934277057647,296.9860534667969,297.1499938964844,293.1499938964844,0.0,-0.0,286.8599853515625,0.9990000128746032,0.6426538825035095,0.4055991470813751,296.9906311035156,297.1499938964844,293.1499938964844,0.0,-0.0,286.8572692871094,0.7435027956962585,0.2342476099729538,0.2251397222280502,297.0320129394531,297.1499938964844,293.1499938964844,0.0,-0.0,286.8547058105469,0.6409934759140015,0.1492996662855148,0.6868934035301208,286.8586120605469,288.8209533691406,291.0282592773437,285.87713623046875,291.03076171875,297.03192138671875,286.86572265625,1.0,0.4523735046386719,1.0,1.0,0.0,1.0,-2.2669677734375,2.266963720321656,4.133964011998614e-06,1.7510576248168943,0.3915092647075653,0.3915092647075653,0.0,114.66606903076172,113.0,9482.9013671875,-0.0,1107.7716064453125,1.0,283.1499938964844,286.54815673828125,288.7769470214844,289.4854431152344,293.1499938964844,293.1499938964844,283.1499938964844,19152.46484375,18000.0,313.1499938964844,0.0,18000.0,1.0,0.0,0.0,0.0,1.0,0.4613852798938751,1.0,0.0,0.0,0.6550302505493164,0.6550342440605164,2.86296586438084e-08,4.265924453735352,4.265914440155029,9.78592834144365e-06,0.0,0.0,-0.0,2888.230712890625,0.0,33.4028205871582,1895.4371337890625,0.0,401.5490112304688,0.2734417617321014,1.0,0.0,3.0,1.0,0.0
12077160,297.0239562988281,297.1499938964844,293.1499938964844,0.0,-0.0,286.9234619140625,0.7497619986534119,0.2414152771234512,0.2200826555490493,296.9567565917969,297.1499938964844,293.1499938964844,0.0,-0.0,286.92498779296875,0.8577791452407837,0.3661138117313385,0.3493944108486175,296.9871826171875,297.1499938964844,293.1499938964844,0.0,-0.0,286.92608642578125,0.9990000128746032,0.6417273283004761,0.4066352248191833,296.99200439453125,297.1499938964844,293.1499938964844,0.0,-0.0,286.9233093261719,0.7420626282691956,0.2333709001541137,0.2243257761001587,297.03350830078125,297.1499938964844,293.1499938964844,0.0,-0.0,286.92071533203125,0.6396801471710205,0.1486974209547042,0.6842522621154785,286.9247131347656,288.8827209472656,290.9784545898437,285.8569030761719,290.9809265136719,297.0334167480469,286.931884765625,1.0,0.4520560503005981,1.0,1.0,0.0,1.0,-2.262392520904541,2.2623884677886963,4.117305252293591e-06,1.747483253479004,0.3784985840320587,0.3784985840320587,0.0,114.94098663330078,101.0,9198.060546875,-0.0,1103.9124755859375,1.0,283.1499938964844,286.61602783203125,288.7519836425781,289.4384155273437,293.1499938964844,293.1499938964844,283.1499938964844,19073.658203125,18000.0,313.1499938964844,0.0,18000.0,1.0,0.0,0.0,0.0,1.0,0.4506410658359527,1.0,0.0,0.0,0.622485339641571,0.6224892735481262,2.58554262444477e-08,4.265924453735352,4.265914440155029,9.78592834144365e-06,0.0,0.0,-0.0,2797.13427734375,0.0,31.01451873779297,1895.4371337890625,0.0,376.3595886230469,0.2690250277519226,1.0,0.0,3.0,1.0,0.0
12077220,297.02886962890625,297.1499938964844,293.1499938964844,0.0,-0.0,287.0498046875,0.7524924278259277,0.2403168231248855,0.2189983874559402,296.9620666503906,297.1499938964844,293.1499938964844,0.0,-0.0,287.0511779785156,0.8608323931694031,0.3642069101333618,0.3474948406219482,296.99530029296875,297.1499938964844,293.1499938964844,0.0,-0.0,287.0521545410156,0.9990000128746032,0.6404688954353333,0.4000796675682068,296.994384765625,297.1499938964844,293.1499938964844,0.0,-0.0,287.0496520996094,0.7440207600593567,0.2316127568483352,0.2225677222013473,297.0361633300781,297.1499938964844,293.1499938964844,0.0,-0.0,287.0472717285156,0.641242504119873,0.1474931687116623,0.6783658862113953,287.0509033203125,289.00439453125,290.8803405761719,285.817626953125,290.8827514648437,297.0361022949219,287.0574035644531,1.0,0.4466652572154999,1.0,1.0,0.0,1.0,-2.241765022277832,2.241760969161988,4.043046374135884e-06,1.731602907180786,0.3524951040744781,0.3524951040744781,0.0,111.74376678466795,104.0,8616.1484375,-0.0,1069.710693359375,1.0,283.1499938964844,286.7464599609375,288.706787109375,289.3494873046875,293.1499938964844,293.1499938964844,283.1499938964844,18917.94921875,18000.0,313.1499938964844,0.0,18000.0,1.0,0.0,0.0,0.0,1.0,0.4284020662307739,1.0,0.0,0.0,0.5619669556617737,0.5619708299636841,2.1072452227599573e-08,4.265924453735352,4.265914440155029,9.78592834144365e-06,0.0,0.0,-0.0,2616.168212890625,0.0,26.84671211242676,1895.4371337890625,0.0,328.8919677734375,0.261167973279953,1.0,0.0,3.0,1.0,0.0
12077280,297.02886962890625,297.1499938964844,293.1499938964844,0.0,-0.0,287.0498046875,0.7524924278259277,0.2403168231248855,0.2189983874559402,296.9620666503906,297.1499938964844,293.1499938964844,0.0,-0.0,287.0511779785156,0.8608323931694031,0.3642069101333618,0.3474948406219482,296.99530029296875,297.1499938964844,293.1499938964844,0.0,-0.0,287.0521545410156,0.9990000128746032,0.6404688954353333,0.4000796675682068,296.994384765625,297.1499938964844,293.1499938964844,0.0,-0.0,287.0496520996094,0.7440207600593567,0.2316127568483352,0.2225677222013473,297.0361633300781,297.1499938964844,293.1499938964844,0.0,-0.0,287.0472717285156,0.641242504119873,0.1474931687116623,0.6783658862113953,287.0509033203125,289.00439453125,290.8803405761719,285.817626953125,290.8827514648437,297.0361022949219,287.0574035644531,1.0,0.4466652572154999,1.0,1.0,0.0,1.0,-2.241765022277832,2.241760969161988,4.043046374135884e-06,1.731602907180786,0.3524951040744781,0.3524951040744781,0.0,111.74376678466795,104.0,8616.1484375,-0.0,1069.710693359375,1.0,283.1499938964844,286.7464599609375,288.706787109375,289.3494873046875,293.1499938964844,293.1499938964844,283.1499938964844,18917.94921875,18000.0,313.1499938964844,0.0,18000.0,1.0,0.0,0.0,0.0,1.0,0.4284020662307739,1.0,0.0,0.0,0.5619669556617737,0.5619708299636841,2.1072452227599573e-08,4.265924453735352,4.265914440155029,9.78592834144365e-06,0.0,0.0,-0.0,2616.168212890625,0.0,26.84671211242676,1895.4371337890625,0.0,328.8919677734375,0.261167973279953,1.0,0.0,3.0,1.0,0.0
12077340,297.0335693359375,297.1499938964844,293.1499938964844,0.0,-0.0,287.1731872558594,0.7532245516777039,0.2392580062150955,0.2179968208074569,296.9671325683594,297.1499938964844,293.1499938964844,0.0,-0.0,287.1746520996094,0.8615036010742188,0.3623375296592712,0.3456800878047943,297.0129089355469,297.1499938964844,293.1499938964844,0.0,-0.0,287.1756896972656,0.9990000128746032,0.6402963995933533,0.3970520794391632,296.99676513671875,297.1499938964844,293.1499938964844,0.0,-0.0,287.17303466796875,0.7440176010131836,0.2298809289932251,0.2208804786205291,297.0390319824219,297.1499938964844,293.1499938964844,0.0,-0.0,287.1705322265625,0.6411449313163757,0.1463402360677719,0.6729136109352112,287.17437744140625,289.1232604980469,290.78448486328125,285.7801208496094,290.786865234375,297.0388488769531,287.1812744140625,1.0,0.4437823891639709,1.0,1.0,0.0,1.0,-2.22615933418274,2.2261552810668945,3.986916453868616e-06,1.7193386554718018,0.3265290558338165,0.3265290558338165,0.0,110.09752655029295,107.0,8057.95654296875,-0.0,1047.142822265625,1.0,283.1499938964844,286.8699035644531,288.6664123535156,289.2661437988281,293.1499938964844,293.1499938964844,283.1499938964844,18777.361328125,18000.0,313.1499938964844,0.0,18000.0,1.0,0.0,0.0,0.0,1.0,0.4056199789047241,1.0,0.0,0.0,0.5072217583656311,0.507225513458252,1.7166794208378633e-08,4.265924453735352,4.265914440155029,9.78592834144365e-06,0.0,0.0,-0.0,2438.90625,0.0,23.36964225769043,1895.4371337890625,0.0,285.6622009277344,0.2545047104358673,1.0,0.0,3.0,1.0,0.0
12077400,297.0335693359375,297.1499938964844,293.1499938964844,0.0,-0.0,287.1731872558594,0.7532245516777039,0.2392580062150955,0.2179968208074569,296.9671325683594,297.1499938964844,293.1499938964844,0.0,-0.0,287.1746520996094,0.8615036010742188,0.3623375296592712,0.3456800878047943,297.0129089355469,297.1499938964844,293.1499938964844,0.0,-0.0,287.1756896972656,0.9990000128746032,0.6402963995933533,0.3970520794391632,296.99676513671875,297.1499938964844,293.1499938964844,0.0,-0.0,287.17303466796875,0.7440176010131836,0.2298809289932251,0.2208804786205291,297.0390319824219,297.1499938964844,293.1499938964844,0.0,-0.0,287.1705322265625,0.6411449313163757,0.1463402360677719,0.6729136109352112,287.17437744140625,289.1232604980469,290.78448486328125,285.7801208496094,290.786865234375,297.0388488769531,287.1812744140625,1.0,0.4437823891639709,1.0,1.0,0.0,1.0,-2.22615933418274,2.2261552810668945,3.986916453868616e-06,1.7193386554718018,0.3265290558338165,0.3265290558338165,0.0,110.09752655029295,107.0,8057.95654296875,-0.0,1047.142822265625,1.0,283.1499938964844,286.8699035644531,288.6664123535156,289.2661437988281,293.1499938964844,293.1499938964844,283.1499938964844,18777.361328125,18000.0,313.1499938964844,0.0,18000.0,1.0,0.0,0.0,0.0,1.0,0.4056199789047241,1.0,0.0,0.0,0.5072217583656311,0.507225513458252,1.7166794208378633e-08,4.265924453735352,4.265914440155029,9.78592834144365e-06,0.0,0.0,-0.0,2438.90625,0.0,23.36964225769043,1895.4371337890625,0.0,285.6622009277344,0.2545047104358673,1.0,0.0,3.0,1.0,0.0
12077460,297.03765869140625,297.1499938964844,293.1499938964844,0.0,-0.0,287.2901611328125,0.7521397471427917,0.2383138835430145,0.2171480357646942,296.9717102050781,297.1499938964844,293.1499938964844,0.0,-0.0,287.2916564941406,0.8600420951843262,0.3606679141521454,0.3441004753112793,297.02374267578125,297.1499938964844,293.1499938964844,0.0,-0.0,287.292724609375,0.9990000128746032,0.6397975087165833,0.3972766101360321,296.9988098144531,297.1499938964844,293.1499938964844,0.0,-0.0,287.2899475097656,0.7423059940338135,0.2283017784357071,0.2193922102451324,297.0415344238281,297.1499938964844,293.1499938964844,0.0,-0.0,287.2873840332031,0.6396050453186035,0.1453013718128204,0.668258786201477,287.2913513183594,289.22979736328125,290.69854736328125,285.7473449707031,290.7008972167969,297.0411376953125,287.29852294921875,1.0,0.4424717724323272,1.0,1.0,0.0,1.0,-2.2161307334899902,2.216126680374145,3.95114739148994e-06,1.7115050554275513,0.3028201758861542,0.3028201758861542,0.0,109.89059448242188,107.0,7564.74560546875,-0.0,1035.99560546875,1.0,283.1499938964844,286.9827575683594,288.6337890625,289.1964111328125,293.1499938964844,293.1499938964844,283.1499938964844,18624.376953125,18000.0,313.1499938964844,0.0,18000.0,1.0,0.0,0.0,0.0,1.0,0.3846732378005981,1.0,0.0,0.0,0.4613643586635589,0.4679011702537536,1.4203048515071261e-08,4.265924453735352,4.265914440155029,9.78592834144365e-06,0.0,0.0,-0.0,2292.0244140625,0.0,20.929584503173828,1895.4371337890625,0.0,249.5369110107422,0.2494809031486511,1.0,0.0,3.0,1.0,0.0
12077520,297.0379943847656,297.1499938964844,293.1499938964844,0.0,-0.0,287.300537109375,0.75198894739151,0.2382332384586334,0.2170768529176712,296.9721069335937,297.1499938964844,293.1499938964844,0.0,-0.0,287.3020324707031,0.85984867811203,0.3605251610279083,0.3439668416976928,297.0243530273437,297.1499938964844,293.1499938964844,0.0,-0.0,287.3031311035156,0.9990000128746032,0.6397287845611572,0.3973936438560486,296.9989624023437,297.1499938964844,293.1499938964844,0.0,-0.0,287.30035400390625,0.7421020865440369,0.2281648814678192,0.2192646861076355,297.041748046875,297.1499938964844,293.1499938964844,0.0,-0.0,287.2977294921875,0.6394239664077759,0.1452113538980484,0.6678633093833923,287.3017272949219,289.2389221191406,290.6911926269531,285.7445678710937,290.6935119628906,297.04132080078125,287.3089599609375,1.0,0.4424064755439758,1.0,1.0,0.0,1.0,-2.215396881103516,2.215392827987671,3.948537141695852e-06,1.7109320163726809,0.3007700741291046,0.3007700741291046,0.0,109.91468811035156,110.0,7522.0390625,-0.0,1035.331298828125,1.0,283.1499938964844,286.9925537109375,288.6312561035156,289.1908874511719,293.1499938964844,293.1499938964844,283.1499938964844,18603.177734375,18000.0,313.1499938964844,0.0,18000.0,1.0,0.0,0.0,0.0,1.0,0.3828818500041961,1.0,0.0,0.0,0.4574901759624481,0.4662714004516601,1.3965516743041917e-08,4.265924453735352,4.265914440155029,9.78592834144365e-06,0.0,0.0,-0.0,2280.45263671875,0.0,20.803098678588867,1895.4371337890625,0.0,246.5717315673828,0.2491304874420166,1.0,0.0,3.0,1.0,0.0
12077580,297.0423278808594,297.1499938964844,293.1499938964844,0.0,-0.0,287.4326171875,0.7495300769805908,0.2372517138719558,0.2162241041660308,296.9770812988281,297.1499938964844,293.1499938964844,0.0,-0.0,287.43414306640625,0.8567519187927246,0.3587770760059356,0.3423459827899933,297.0278625488281,297.1499938964844,293.1499938964844,0.0,-0.0,287.43524169921875,0.9990000128746032,0.6385003924369812,0.3998924195766449,297.00103759765625,297.1499938964844,293.1499938964844,0.0,-0.0,287.4324035644531,0.7389882206916809,0.2264610975980758,0.217693343758583,297.044189453125,297.1499938964844,293.1499938964844,0.0,-0.0,287.4297790527344,0.6366729736328125,0.1440889090299606,0.6630104184150696,287.433837890625,289.3510131835937,290.6007995605469,285.7112121582031,290.6030578613281,297.0437316894531,287.44110107421875,1.0,0.4421136379241943,1.0,1.0,0.0,1.0,-2.2077085971832275,2.207704782485962,3.921249572158558e-06,1.7049310207366943,0.2753367125988006,0.2753367125988006,0.0,110.66636657714844,113.0,7000.36279296875,-0.0,1030.2698974609375,1.0,283.1499938964844,287.1156311035156,288.6030578613281,289.1257629394531,293.1499938964844,293.1499938964844,283.1499938964844,18327.115234375,18000.0,313.1499938964844,0.0,18000.0,1.0,0.0,0.0,0.0,1.0,0.3612195551395416,1.0,0.0,0.0,0.4117963910102844,0.4666630327701568,1.1315103520814772e-08,4.265924453735352,4.265914440155029,9.78592834144365e-06,0.0,0.0,-0.0,2128.751953125,0.0,20.240873336791992,1895.4371337890625,0.0,211.8184356689453,0.2460712492465973,1.0,0.0,3.0,1.0,0.0
12077640,297.0423278808594,297.1499938964844,293.1499938964844,0.0,-0.0,287.4326171875,0.7495300769805908,0.2372517138719558,0.2162241041660308,296.9770812988281,297.1499938964844,293.1499938964844,0.0,-0.0,287.43414306640625,0.8567519187927246,0.3587770760059356,0.3423459827899933,297.0278625488281,297.1499938964844,293.1499938964844,0.0,-0.0,287.43524169921875,0.9990000128746032,0.6385003924369812,0.3998924195766449,297.00103759765625,297.1499938964844,293.1499938964844,0.0,-0.0,287.4324035644531,0.7389882206916809,0.2264610975980758,0.217693343758583,297.044189453125,297.1499938964844,293.1499938964844,0.0,-0.0,287.4297790527344,0.6366729736328125,0.1440889090299606,0.6630104184150696,287.433837890625,289.3510131835937,290.6007995605469,285.7112121582031,290.6030578613281,297.0437316894531,287.44110107421875,1.0,0.4421136379241943,1.0,1.0,0.0,1.0,-2.2077085971832275,2.207704782485962,3.921249572158558e-06,1.7049310207366943,0.2753367125988006,0.2753367125988006,0.0,110.66636657714844,113.0,7000.36279296875,-0.0,1030.2698974609375,1.0,283.1499938964844,287.1156311035156,288.6030578613281,289.1257629394531,293.1499938964844,293.1499938964844,283.1499938964844,18327.115234375,18000.0,313.1499938964844,0.0,18000.0,1.0,0.0,0.0,0.0,1.0,0.3612195551395416,1.0,0.0,0.0,0.4117963910102844,0.4666630327701568,1.1315103520814772e-08,4.265924453735352,4.265914440155029,9.78592834144365e-06,0.0,0.0,-0.0,2128.751953125,0.0,20.240873336791992,1895.4371337890625,0.0,211.8184356689453,0.2460712492465973,1.0,0.0,3.0,1.0,0.0
12077700,297.0443725585937,297.1499938964844,293.1499938964844,0.0,-0.0,287.496826171875,0.7479821443557739,0.2367727309465408,0.215820237994194,296.9795227050781,297.1499938964844,293.1499938964844,0.0,-0.0,287.498291015625,0.8548267483711243,0.357920378446579,0.3415649533271789,297.0267639160156,297.1499938964844,293.1499938964844,0.0,-0.0,287.4993896484375,0.9990000128746032,0.6376201510429382,0.4017392098903656,297.001953125,297.1499938964844,293.1499938964844,0.0,-0.0,287.49664306640625,0.7371149659156799,0.2256091237068176,0.2169195115566253,297.0452880859375,297.1499938964844,293.1499938964844,0.0,-0.0,287.4940490722656,0.6350243091583252,0.1435255408287048,0.6606281399726868,287.4980163574219,289.4056091308594,290.5567626953125,285.6954345703125,290.5589904785156,297.0447998046875,287.5050048828125,1.0,0.4422696232795715,1.0,1.0,0.0,1.0,-2.2047119140625,2.2047080993652344,3.910645773430588e-06,1.702594757080078,0.2627161741256714,0.2627161741256714,0.0,111.3045425415039,113.0,6753.17236328125,-0.0,1029.6002197265625,1.0,283.1499938964844,287.1752319335937,288.59112548828125,289.0946655273437,293.1499938964844,293.1499938964844,283.1499938964844,18239.57421875,18000.0,313.1499938964844,0.0,18000.0,1.0,0.0,0.0,0.0,1.0,0.348825603723526,1.0,0.0,0.0,0.3913225829601288,0.4708572924137115,1.0219247670306686e-08,4.265924453735352,4.265914440155029,9.78592834144365e-06,0.0,0.0,-0.0,2052.185546875,0.0,20.21744728088379,1895.4371337890625,0.0,192.55093383789065,0.2451464086771011,1.0,0.0,3.0,1.0,0.0
12077760,297.0462951660156,297.1499938964844,293.1499938964844,0.0,-0.0,287.5585632324219,0.7462674975395203,0.236292079091072,0.2154230326414108,296.9817810058594,297.1499938964844,293.1499938964844,0.0,-0.0,287.5599670410156,0.8527071475982666,0.3570649921894073,0.3407939672470093,297.0238342285156,297.1499938964844,293.1499938964844,0.0,-0.0,287.56103515625,0.9990000128746032,0.6365534663200378,0.4039066731929779,297.00274658203125,297.1499938964844,293.1499938964844,0.0,-0.0,287.558349609375,0.7350749969482422,0.2247498482465744,0.2161465734243393,297.0462341308594,297.1499938964844,293.1499938964844,0.0,-0.0,287.5558776855469,0.633230984210968,0.1429552882909774,0.6582490801811218,287.5596923828125,289.4591369628906,290.5135803222656,285.6802978515625,290.5157775878906,297.0457458496094,287.56640625,1.0,0.4425833225250244,1.0,1.0,0.0,1.0,-2.2021257877349854,2.2021217346191406,3.9015108086459804e-06,1.7005810737609863,0.2501353323459625,0.2501353323459625,0.0,112.08505249023438,101.0,6515.4169921875,-0.0,1029.88427734375,1.0,283.1499938964844,287.2322692871094,288.582763671875,289.0667724609375,293.1499938964844,293.1499938964844,283.1499938964844,18185.630859375,18000.0,313.1499938964844,0.0,18000.0,1.0,0.0,0.0,0.0,1.0,0.3356556296348572,1.0,0.0,0.0,0.3722394406795501,0.4743187129497528,9.281318824605478e-09,4.265924453735352,4.265914440155029,9.78592834144365e-06,0.0,0.0,-0.0,1978.354248046875,0.0,20.20368385314941,1895.4371337890625,0.0,172.25341796875,0.2444183528423309,1.0,0.0,3.0,1.0,0.0
12077820,297.0492858886719,297.1499938964844,293.1499938964844,0.0,-0.0,287.6682434082031,0.7479894757270813,0.2352836430072784,0.214466705918312,296.9854736328125,297.1499938964844,293.1499938964844,0.0,-0.0,287.6694030761719,0.8545597791671753,0.3553097546100616,0.3390869796276092,297.02264404296875,297.1499938964844,293.1499938964844,0.0,-0.0,287.6702880859375,0.9990000128746032,0.6348185539245605,0.3992074131965637,297.00360107421875,297.1499938964844,293.1499938964844,0.0,-0.0,287.6680603027344,0.7359092831611633,0.2229722142219543,0.2144165635108947,297.0474548339844,297.1499938964844,293.1499938964844,0.0,-0.0,287.6659851074219,0.633857011795044,0.1417643427848816,0.6526395082473755,287.669189453125,289.5629272460937,290.4299011230469,285.6520080566406,290.4320068359375,297.0470275878906,287.6746826171875,1.0,0.4381595849990845,1.0,1.0,0.0,1.0,-2.184480667114258,2.184476852416992,3.839807504846249e-06,1.687031865119934,0.224943608045578,0.224943608045578,0.0,109.7345962524414,104.0,6051.4609375,-0.0,1003.2045288085938,1.0,283.1499938964844,287.3373718261719,288.5772705078125,289.0234680175781,293.1499938964844,293.1499938964844,283.1499938964844,18134.728515625,18000.0,313.1499938964844,0.0,18000.0,1.0,0.0,0.0,0.0,1.0,0.3088686168193817,1.0,0.0,0.0,0.3372804820537567,0.4786051511764526,7.835826210111918e-09,4.265924453735352,4.265914440155029,9.78592834144365e-06,0.0,0.0,-0.0,1837.37646484375,0.0,20.138540267944336,1895.4371337890625,0.0,130.41912841796875,0.2432606220245361,1.0,0.0,3.0,1.0,0.0
12077880,297.0492858886719,297.1499938964844,293.1499938964844,0.0,-0.0,287.6682434082031,0.7479894757270813,0.2352836430072784,0.214466705918312,296.9854736328125,297.1499938964844,293.1499938964844,0.0,-0.0,287.6694030761719,0.8545597791671753,0.3553097546100616,0.3390869796276092,297.02264404296875,297.1499938964844,293.1499938964844,0.0,-0.0,287.6702880859375,0.9990000128746032,0.6348185539245605,0.3992074131965637,297.00360107421875,297.1499938964844,293.1499938964844,0.0,-0.0,287.6680603027344,0.7359092831611633,0.2229722142219543,0.2144165635108947,297.0474548339844,297.1499938964844,293.1499938964844,0.0,-0.0,287.6659851074219,0.633857011795044,0.1417643427848816,0.6526395082473755,287.669189453125,289.5629272460937,290.4299011230469,285.6520080566406,290.4320068359375,297.0470275878906,287.6746826171875,1.0,0.4381595849990845,1.0,1.0,0.0,1.0,-2.184480667114258,2.184476852416992,3.839807504846249e-06,1.687031865119934,0.224943608045578,0.224943608045578,0.0,109.7345962524414,104.0,6051.4609375,-0.0,1003.2045288085938,1.0,283.1499938964844,287.3373718261719,288.5772705078125,289.0234680175781,293.1499938964844,293.1499938964844,283.1499938964844,18134.728515625,18000.0,313.1499938964844,0.0,18000.0,1.0,0.0,0.0,0.0,1.0,0.3088686168193817,1.0,0.0,0.0,0.3372804820537567,0.4786051511764526,7.835826210111918e-09,4.265924453735352,4.265914440155029,9.78592834144365e-06,0.0,0.0,-0.0,1837.37646484375,0.0,20.138540267944336,1895.4371337890625,0.0,130.41912841796875,0.2432606220245361,1.0,0.0,3.0,1.0,0.0
12077940,297.0514221191406,303.1499938964844,285.1499938964844,0.0,-0.0,287.7664489746094,0.7478801608085632,0.0,0.2135060727596283,296.9882202148437,303.1499938964844,285.1499938964844,0.0,-0.0,287.767578125,0.8542733788490295,0.0,0.3373753428459167,297.0301208496094,303.1499938964844,285.1499938964844,0.0,-0.0,287.7684326171875,0.9990000128746032,0.0,0.3976016640663147,297.0038757324219,303.1499938964844,285.1499938964844,0.0,-0.0,287.7662353515625,0.7349762916564941,0.0,0.2126800566911697,297.0483093261719,303.1499938964844,285.1499938964844,0.0,-0.0,287.76422119140625,0.6329652667045593,0.0,0.6471080183982849,287.7673645019531,294.1499938964844,290.3500061035156,285.6266174316406,290.3520202636719,297.0478515625,287.7727966308594,0.0,0.0,1.0,1.0,0.0,1.0,-2.1706037521362305,2.170599937438965,3.7912534480710734e-06,1.676136493682861,0.0,0.0,0.0,108.70785522460938,60.0,5622.61669921875,-0.0,985.5333251953124,0.0,283.1499938964844,287.4336242675781,288.62677001953125,289.01513671875,293.1499938964844,293.1499938964844,278.1499938964844,18113.24609375,18000.0,313.1499938964844,0.0,18000.0,0.0,0.0,0.0,0.0,0.0,0.0,0.0,0.0,0.0,0.3056642413139343,0.4807635247707367,6.764387272539807e-09,4.265924453735352,4.265914440155029,9.78592834144365e-06,0.0,0.0,-0.0,0.0,0.0,20.035133361816406,1895.4371337890625,0.0,0.0,0.0,0.0,0.0,4.0,0.0,0.0
12078000,297.0514221191406,303.1499938964844,285.1499938964844,0.0,-0.0,287.7664489746094,0.7478801608085632,0.0,0.2135060727596283,296.9882202148437,303.1499938964844,285.1499938964844,0.0,-0.0,287.767578125,0.8542733788490295,0.0,0.3373753428459167,297.0301208496094,303.1499938964844,285.1499938964844,0.0,-0.0,287.7684326171875,0.9990000128746032,0.0,0.3976016640663147,297.0038757324219,303.1499938964844,285.1499938964844,0.0,-0.0,287.7662353515625,0.7349762916564941,0.0,0.2126800566911697,297.0483093261719,303.1499938964844,285.1499938964844,0.0,-0.0,287.76422119140625,0.6329652667045593,0.0,0.6471080183982849,287.7673645019531,294.1499938964844,290.3500061035156,285.6266174316406,290.3520202636719,297.0478515625,287.7727966308594,0.0,0.0,1.0,1.0,0.0,1.0,-2.1706037521362305,2.170599937438965,3.7912534480710734e-06,1.676136493682861,0.0,0.0,0.0,108.70785522460938,60.0,5622.61669921875,-0.0,985.5333251953124,0.0,283.1499938964844,287.4336242675781,288.62677001953125,289.01513671875,293.1499938964844,293.1499938964844,278.1499938964844,18113.24609375,18000.0,313.1499938964844,0.0,18000.0,0.0,0.0,0.0,0.0,0.0,0.0,0.0,0.0,0.0,0.3056642413139343,0.4807635247707367,6.764387272539807e-09,4.265924453735352,4.265914440155029,9.78592834144365e-06,0.0,0.0,-0.0,0.0,0.0,20.035133361816406,1895.4371337890625,0.0,0.0,0.0,0.0,0.0,4.0,0.0,0.0
12078060,297.2906188964844,303.1499938964844,285.1499938964844,0.0,-0.0,287.83203125,0.0,0.0,0.0006716844509355,297.25,303.1499938964844,285.1499938964844,0.0,-0.0,287.8336486816406,0.3784595727920532,0.0,0.0007073171436786,297.5211181640625,303.1499938964844,285.1499938964844,0.0,-0.0,287.8341369628906,0.3784595727920532,0.0,0.0005224221386015,297.1380920410156,303.1499938964844,285.1499938964844,0.0,-0.0,287.83172607421875,0.0,0.0,0.0007073159213177,297.1424560546875,303.1499938964844,285.1499938964844,0.0,-0.0,287.8300170898437,0.0,0.0,0.0033552048262208,287.8451538085937,294.1499938964844,290.30792236328125,285.6138610839844,290.3417663574219,296.6762390136719,286.5995788574219,0.0,0.0,0.7836102247238159,0.7836102247238159,0.2163897901773452,1.0,-0.0071579595096409,0.0072073764167726,-4.9417081754654646e-05,-0.0089983502402901,0.0,0.0,0.0,-0.0376275964081287,60.0,897.0308837890625,-0.0,-3.49331662619079e-06,0.0,283.1644592285156,287.4449462890625,288.6285095214844,288.9419860839844,293.1499938964844,293.1499938964844,278.1499938964844,2.0081643015146252e-08,18000.0,313.1499938964844,0.0,18000.0,0.0,0.0,0.0,0.0,0.0,0.0,0.0,0.0,0.0,1.6646081003063458e-15,3.326001287061388e-15,5.273131406080285e-21,1.9978690576905045e-11,1.997865414771205e-11,3.491310328160126e-17,0.0,0.0,-0.0,0.0,0.0,1.375114719849585e-25,9.287337540707476e-21,0.0,0.0,0.0,0.0,0.0,4.0,0.0,0.0
12078120,297.47607421875,303.1499938964844,285.1499938964844,0.0,-0.0,287.8302307128906,0.0,0.0,0.0008620483567938,297.455322265625,303.1499938964844,285.1499938964844,0.0,-0.0,287.8319396972656,0.0,0.0,0.0013211518526077,297.82440185546875,303.1499938964844,285.1499938964844,0.0,-0.0,287.8323059082031,0.0,0.0,0.0005451616016216,297.2590026855469,303.1499938964844,285.1499938964844,0.0,-0.0,287.82989501953125,0.0,0.0,0.0008628753130324,297.2543029785156,303.1499938964844,285.1499938964844,0.0,-0.0,287.82830810546875,0.0,0.0,0.0027679353952407,287.84185791015625,294.1499938964844,290.27227783203125,285.603271484375,290.3387756347656,296.2240600585937,286.0648803710937,0.0,0.0,0.6000000238418579,0.6000000238418579,0.4000000059604645,1.0,-0.0069341007620096,0.0067948959767818,0.0001392045087413,-0.0092954989522695,0.0,0.0,0.0,-0.0369070135056972,60.0,366.1062316894531,-0.0,-3.971606929553673e-06,0.0,283.1644592285156,287.4449462890625,288.6285095214844,288.9419860839844,293.1499938964844,293.1499938964844,278.1499938964844,0.0,18000.0,313.1499938964844,0.0,18000.0,0.0,0.0,0.0,0.0,0.0,0.0,0.0,0.0,0.0,-2.90941084679484e-26,-5.150819517577976e-26,-3.902770944074687e-29,4.78950685480912e-18,4.786116241478265e-18,3.3905895009446355e-21,0.0,0.0,-0.0,0.0,0.0,2.802596928649634e-45,0.0,0.0,0.0,0.0,0.0,0.0,4.0,0.0,0.0
12078180,297.6258850097656,303.1499938964844,285.1499938964844,0.0,-0.0,287.82830810546875,0.0,0.0,0.000116609444376,297.6254272460937,303.1499938964844,285.1499938964844,0.0,-0.0,287.829345703125,0.0,0.0,0.0001349898666376,298.038818359375,303.1499938964844,285.1499938964844,0.0,-0.0,287.8287658691406,0.0,0.0,0.00012085322669,297.3649597167969,303.1499938964844,285.1499938964844,0.0,-0.0,287.8280334472656,0.0,0.0,0.000121470344311,297.3665771484375,303.1499938964844,285.1499938964844,0.0,-0.0,287.8269348144531,0.0,0.0,0.0005371114239096,287.83892822265625,294.1499938964844,290.2335205078125,285.5920104980469,290.33660888671875,295.6131591796875,285.8684997558594,0.0,0.0,0.4000000059604645,0.4000000059604645,0.6000000238418579,1.0,-0.0012374455109238,0.0024422307033091,-0.0012047851923853,-0.0124162370339035,0.0,0.0,0.0,-0.0080726267769932,60.0,139.53614807128906,-0.0,-1.044018063112162e-07,0.0,283.1644592285156,287.4449462890625,288.6285095214844,288.9419860839844,293.1499938964844,293.1499938964844,278.1499938964844,0.0,18000.0,313.1499938964844,0.0,18000.0,0.0,0.0,0.0,0.0,0.0,0.0,0.0,0.0,0.0,1.256695224778702e-36,1.7186231069321085e-36,3.8324275372480055e-37,-2.055987623979954e-20,-1.669659381235598e-20,-3.86328242744356e-21,0.0,0.0,-0.0,0.0,0.0,0.0,-0.0,0.0,0.0,0.0,0.0,0.0,4.0,0.0,0.0
12078240,297.73931884765625,303.1499938964844,285.1499938964844,0.0,-0.0,287.8275146484375,0.0,0.0,9.452052472624928e-05,297.75604248046875,303.1499938964844,285.1499938964844,0.0,-0.0,287.8285217285156,0.0,0.0,9.983956260839476e-05,298.1828308105469,303.1499938964844,285.1499938964844,0.0,-0.0,287.827880859375,0.0,0.0,7.426976662827656e-05,297.4503173828125,303.1499938964844,285.1499938964844,0.0,-0.0,287.8272399902344,0.0,0.0,9.950153616955504e-05,297.46710205078125,303.1499938964844,285.1499938964844,0.0,-0.0,287.826171875,0.0,0.0,0.000471015664516,287.8376770019531,294.1499938964844,290.1948547363281,285.5809936523437,290.33544921875,294.9891967773437,285.82525634765625,0.0,0.0,0.2000000029802322,0.2000000029802322,0.800000011920929,1.0,-0.0010071333963423,0.0006350484327413,0.000372084963601,-0.0141494795680046,0.0,0.0,0.0,-0.0076076900586485,60.0,52.82313919067383,-0.0,-6.915715999866735e-08,0.0,283.1644592285156,287.4449462890625,288.6285095214844,288.9419860839844,293.1499938964844,293.1499938964844,278.1499938964844,0.0,18000.0,313.1499938964844,0.0,18000.0,0.0,0.0,0.0,0.0,0.0,0.0,0.0,0.0,0.0,-3.503246160812043e-44,-4.344025239406933e-44,-2.2420775429197083e-44,-7.633103946984998e-21,-3.918051235179304e-21,-3.715053115702478e-21,0.0,0.0,-0.0,0.0,0.0,0.0,-0.0,0.0,0.0,0.0,0.0,0.0,4.0,0.0,0.0
12078300,297.8280639648437,303.1499938964844,285.1499938964844,0.0,-0.0,287.8266906738281,0.0,0.0,9.394964581588285e-05,297.85845947265625,303.1499938964844,285.1499938964844,0.0,-0.0,287.82769775390625,0.0,0.0,9.893648530123755e-05,298.28570556640625,303.1499938964844,285.1499938964844,0.0,-0.0,287.8270263671875,0.0,0.0,7.307909254450351e-05,297.5221252441406,303.1499938964844,285.1499938964844,0.0,-0.0,287.826416015625,0.0,0.0,9.893318201648071e-05,297.5553894042969,303.1499938964844,285.1499938964844,0.0,-0.0,287.8253173828125,0.0,0.0,0.0004692875081673,287.8363952636719,294.1499938964844,290.15625,285.5702209472656,290.3340148925781,294.4319152832031,285.83856201171875,0.0,0.0,0.0,0.0,1.0,1.0,-0.0010011137928813,2.843465018997904e-08,0.0010010853875428,-0.014761016704142,0.0,0.0,0.0,-0.0077855908311903,60.0,20.992769241333008,-0.0,-6.834170562797226e-08,0.0,283.1644592285156,287.4449462890625,288.6285095214844,288.9419860839844,293.1499938964844,293.1499938964844,278.1499938964844,0.0,18000.0,313.1499938964844,0.0,18000.0,0.0,0.0,0.0,0.0,0.0,0.0,0.0,0.0,0.0,-0.0,-0.0,-0.0,-7.776744183472258e-21,-3.889322864764425e-21,-3.8874213187078326e-21,0.0,0.0,-0.0,0.0,0.0,0.0,-0.0,0.0,0.0,0.0,0.0,0.0,4.0,0.0,0.0
12078360,297.8995056152344,303.1499938964844,285.1499938964844,0.0,-0.0,287.8257751464844,0.0,0.0,9.393882646691054e-05,297.9404296875,303.1499938964844,285.1499938964844,0.0,-0.0,287.8267517089844,0.0,0.0,9.89223481155932e-05,298.3634948730469,303.1499938964844,285.1499938964844,0.0,-0.0,287.8261108398437,0.0,0.0,7.30639003450051e-05,297.5840759277344,303.1499938964844,285.1499938964844,0.0,-0.0,287.82550048828125,0.0,0.0,9.892208618111908e-05,297.63232421875,303.1499938964844,285.1499938964844,0.0,-0.0,287.8244323730469,0.0,0.0,0.0004692436486948,287.83502197265625,294.1499938964844,290.11773681640625,285.5596618652344,290.332275390625,293.9352111816406,285.8711242675781,0.0,0.0,0.0,0.0,1.0,1.0,-0.0010010672267526,5.9888147774245234e-09,0.0010010611731559,-0.0147420475259423,0.0,0.0,0.0,-0.0077817286364734,60.0,9.458647727966309,-0.0,-6.832598842265726e-08,0.0,283.1644592285156,287.4449462890625,288.6285095214844,288.9419860839844,293.1499938964844,293.1499938964844,278.1499938964844,0.0,18000.0,313.1499938964844,0.0,18000.0,0.0,0.0,0.0,0.0,0.0,0.0,0.0,0.0,0.0,0.0,0.0,0.0,-7.77808754417409e-21,-3.8890526578162814e-21,-3.889034482461025e-21,0.0,0.0,-0.0,0.0,0.0,0.0,-0.0,0.0,0.0,0.0,0.0,0.0,4.0,0.0,0.0
12078420,298.0075378417969,303.1499938964844,285.1499938964844,0.0,-0.0,287.8236999511719,0.0,0.0,9.392779611516744e-05,298.062744140625,303.1499938964844,285.1499938964844,0.0,-0.0,287.8246765136719,0.0,0.0,9.89107065834105e-05,298.4759216308594,303.1499938964844,285.1499938964844,0.0,-0.0,287.8240661621094,0.0,0.0,7.305525650735945e-05,297.68511962890625,303.1499938964844,285.1499938964844,0.0,-0.0,287.8234558105469,0.0,0.0,9.891047375276683e-05,297.7580871582031,303.1499938964844,285.1499938964844,0.0,-0.0,287.8223876953125,0.0,0.0,0.0004691886424552,287.8319091796875,294.1499938964844,290.0409240722656,285.53924560546875,290.3277893066406,293.0959777832031,285.9479675292969,0.0,0.0,0.0,0.0,1.0,1.0,-0.0010009476682171,5.974893912963353e-09,0.0010009417310357,-0.014705590903759,0.0,0.0,0.0,-0.0077748270705342,60.0,3.6569020748138414,-0.0,-6.83096743614442e-08,0.0,283.1644592285156,287.4449462890625,288.6285095214844,288.9419860839844,293.1499938964844,293.1499938964844,278.1499938964844,0.0,18000.0,313.1499938964844,0.0,18000.0,0.0,0.0,0.0,0.0,0.0,0.0,0.0,0.0,0.0,0.0,0.0,0.0,-7.778099661077594e-21,-3.889049830538797e-21,-3.889049830538797e-21,0.0,0.0,-0.0,0.0,0.0,0.0,-0.0,0.0,0.0,0.0,0.0,0.0,4.0,0.0,0.0
12078480,298.0075378417969,303.1499938964844,285.1499938964844,0.0,-0.0,287.8236999511719,0.0,0.0,9.392779611516744e-05,298.062744140625,303.1499938964844,285.1499938964844,0.0,-0.0,287.8246765136719,0.0,0.0,9.89107065834105e-05,298.4759216308594,303.1499938964844,285.1499938964844,0.0,-0.0,287.8240661621094,0.0,0.0,7.305525650735945e-05,297.68511962890625,303.1499938964844,285.1499938964844,0.0,-0.0,287.8234558105469,0.0,0.0,9.891047375276683e-05,297.7580871582031,303.1499938964844,285.1499938964844,0.0,-0.0,287.8223876953125,0.0,0.0,0.0004691886424552,287.8319091796875,294.1499938964844,290.0409240722656,285.53924560546875,290.3277893066406,293.0959777832031,285.9479675292969,0.0,0.0,0.0,0.0,1.0,1.0,-0.0010009476682171,5.974893912963353e-09,0.0010009417310357,-0.014705590903759,0.0,0.0,0.0,-0.0077748270705342,60.0,3.6569020748138414,-0.0,-6.83096743614442e-08,0.0,283.1644592285156,287.4449462890625,288.6285095214844,288.9419860839844,293.1499938964844,293.1499938964844,278.1499938964844,0.0,18000.0,313.1499938964844,0.0,18000.0,0.0,0.0,0.0,0.0,0.0,0.0,0.0,0.0,0.0,0.0,0.0,0.0,-7.778099661077594e-21,-3.889049830538797e-21,-3.889049830538797e-21,0.0,0.0,-0.0,0.0,0.0,0.0,-0.0,0.0,0.0,0.0,0.0,0.0,4.0,0.0,0.0
12078540,298.08514404296875,303.1499938964844,285.1499938964844,0.0,-0.0,287.82135009765625,0.0,0.0,9.391779894940556e-05,298.1488342285156,303.1499938964844,285.1499938964844,0.0,-0.0,287.82232666015625,0.0,0.0,9.890017827274278e-05,298.5552978515625,303.1499938964844,285.1499938964844,0.0,-0.0,287.8216857910156,0.0,0.0,7.304747850866988e-05,297.7630310058594,303.1499938964844,285.1499938964844,0.0,-0.0,287.82110595703125,0.0,0.0,9.889994544209912e-05,297.85577392578125,303.1499938964844,285.1499938964844,0.0,-0.0,287.8200378417969,0.0,0.0,0.000469138729386,287.82843017578125,294.1499938964844,289.9643859863281,285.51959228515625,290.322021484375,292.42431640625,286.0224914550781,0.0,0.0,0.0,0.0,1.0,1.0,-0.0010008391691371,5.962207172416356e-09,0.0010008332319557,-0.0146723566576838,0.0,0.0,0.0,-0.0077685378491878,60.0,2.86519455909729,-0.0,-6.829486665083095e-08,0.0,283.1644592285156,287.4449462890625,288.6285095214844,288.9419860839844,293.1499938964844,293.1499938964844,278.1499938964844,0.0,18000.0,313.1499938964844,0.0,18000.0,0.0,0.0,0.0,0.0,0.0,0.0,0.0,0.0,0.0,0.0,0.0,0.0,-7.778098853284027e-21,-3.889049426642014e-21,-3.889049426642014e-21,0.0,0.0,-0.0,0.0,0.0,0.0,-0.0,0.0,0.0,0.0,0.0,0.0,4.0,0.0,0.0
12078600,298.08514404296875,303.1499938964844,285.1499938964844,0.0,-0.0,287.82135009765625,0.0,0.0,9.391779894940556e-05,298.1488342285156,303.1499938964844,285.1499938964844,0.0,-0.0,287.82232666015625,0.0,0.0,9.890017827274278e-05,298.5552978515625,303.1499938964844,285.1499938964844,0.0,-0.0,287.8216857910156,0.0,0.0,7.304747850866988e-05,297.7630310058594,303.1499938964844,285.1499938964844,0.0,-0.0,287.82110595703125,0.0,0.0,9.889994544209912e-05,297.85577392578125,303.1499938964844,285.1499938964844,0.0,-0.0,287.8200378417969,0.0,0.0,0.000469138729386,287.82843017578125,294.1499938964844,289.9643859863281,285.51959228515625,290.322021484375,292.42431640625,286.0224914550781,0.0,0.0,0.0,0.0,1.0,1.0,-0.0010008391691371,5.962207172416356e-09,0.0010008332319557,-0.0146723566576838,0.0,0.0,0.0,-0.0077685378491878,60.0,2.86519455909729,-0.0,-6.829486665083095e-08,0.0,283.1644592285156,287.4449462890625,288.6285095214844,288.9419860839844,293.1499938964844,293.1499938964844,278.1499938964844,0.0,18000.0,313.1499938964844,0.0,18000.0,0.0,0.0,0.0,0.0,0.0,0.0,0.0,0.0,0.0,0.0,0.0,0.0,-7.778098853284027e-21,-3.889049426642014e-21,-3.889049426642014e-21,0.0,0.0,-0.0,0.0,0.0,0.0,-0.0,0.0,0.0,0.0,0.0,0.0,4.0,0.0,0.0
12078660,298.1437072753906,303.1499938964844,285.1499938964844,0.0,-0.0,287.8187255859375,0.0,0.0,9.390914783580227e-05,298.21270751953125,303.1499938964844,285.1499938964844,0.0,-0.0,287.8197021484375,0.0,0.0,9.88910614978522e-05,298.6158752441406,303.1499938964844,285.1499938964844,0.0,-0.0,287.819091796875,0.0,0.0,7.304074097191915e-05,297.82440185546875,303.1499938964844,285.1499938964844,0.0,-0.0,287.8184814453125,0.0,0.0,9.889083594316617e-05,297.9349670410156,303.1499938964844,285.1499938964844,0.0,-0.0,287.81744384765625,0.0,0.0,0.0004690955101978,287.8245544433594,294.1499938964844,289.88818359375,285.5007019042969,290.31500244140625,291.8829650878906,286.091064453125,0.0,0.0,0.0,0.0,1.0,1.0,-0.0010007449891418,5.951199089082593e-09,0.0010007390519604,-0.0146435191854834,0.0,0.0,0.0,-0.0077630802989006,60.0,2.676284074783325,-0.0,-6.828202003816841e-08,0.0,283.1644592285156,287.4449462890625,288.6285095214844,288.9419860839844,293.1499938964844,293.1499938964844,278.1499938964844,0.0,18000.0,313.1499938964844,0.0,18000.0,0.0,0.0,0.0,0.0,0.0,0.0,0.0,0.0,0.0,-0.0,-0.0,-0.0,-7.778098853284027e-21,-3.889049426642014e-21,-3.889049426642014e-21,0.0,0.0,-0.0,0.0,0.0,0.0,-0.0,0.0,0.0,0.0,0.0,0.0,4.0,0.0,0.0
12078720,298.1437072753906,303.1499938964844,285.1499938964844,0.0,-0.0,287.8187255859375,0.0,0.0,9.390914783580227e-05,298.21270751953125,303.1499938964844,285.1499938964844,0.0,-0.0,287.8197021484375,0.0,0.0,9.88910614978522e-05,298.6158752441406,303.1499938964844,285.1499938964844,0.0,-0.0,287.819091796875,0.0,0.0,7.304074097191915e-05,297.82440185546875,303.1499938964844,285.1499938964844,0.0,-0.0,287.8184814453125,0.0,0.0,9.889083594316617e-05,297.9349670410156,303.1499938964844,285.1499938964844,0.0,-0.0,287.81744384765625,0.0,0.0,0.0004690955101978,287.8245544433594,294.1499938964844,289.88818359375,285.5007019042969,290.31500244140625,291.8829650878906,286.091064453125,0.0,0.0,0.0,0.0,1.0,1.0,-0.0010007449891418,5.951199089082593e-09,0.0010007390519604,-0.0146435191854834,0.0,0.0,0.0,-0.0077630802989006,60.0,2.676284074783325,-0.0,-6.828202003816841e-08,0.0,283.1644592285156,287.4449462890625,288.6285095214844,288.9419860839844,293.1499938964844,293.1499938964844,278.1499938964844,0.0,18000.0,313.1499938964844,0.0,18000.0,0.0,0.0,0.0,0.0,0.0,0.0,0.0,0.0,0.0,-0.0,-0.0,-0.0,-7.778098853284027e-21,-3.889049426642014e-21,-3.889049426642014e-21,0.0,0.0,-0.0,0.0,0.0,0.0,-0.0,0.0,0.0,0.0,0.0,0.0,4.0,0.0,0.0
12078780,298.189697265625,303.1499938964844,285.1499938964844,0.0,-0.0,287.8158874511719,0.0,0.0,9.39021774684079e-05,298.2622985839844,303.1499938964844,285.1499938964844,0.0,-0.0,287.8168334960937,0.0,0.0,9.88837200566195e-05,298.6645202636719,303.1499938964844,285.1499938964844,0.0,-0.0,287.81622314453125,0.0,0.0,7.303532038349658e-05,297.8739929199219,303.1499938964844,285.1499938964844,0.0,-0.0,287.81561279296875,0.0,0.0,9.888350177789108e-05,298.0005187988281,303.1499938964844,285.1499938964844,0.0,-0.0,287.8146057128906,0.0,0.0,0.0004690607020165,287.82037353515625,294.1499938964844,289.8122863769531,285.482421875,290.3067626953125,291.4431457519531,286.1539306640625,0.0,0.0,0.0,0.0,1.0,1.0,-0.0010006688535213,5.942295100425099e-09,0.0010006629163399,-0.0146201942116022,0.0,0.0,0.0,-0.0077586662955582,60.0,2.566956043243408,-0.0,-6.82716319033716e-08,0.0,283.1644592285156,287.4449462890625,288.6285095214844,288.9419860839844,293.1499938964844,293.1499938964844,278.1499938964844,0.0,18000.0,313.1499938964844,0.0,18000.0,0.0,0.0,0.0,0.0,0.0,0.0,0.0,0.0,0.0,0.0,0.0,0.0,-7.778098853284027e-21,-3.889049426642014e-21,-3.889049426642014e-21,0.0,0.0,-0.0,0.0,0.0,0.0,-0.0,0.0,0.0,0.0,0.0,0.0,4.0,0.0,0.0
12078840,298.189697265625,303.1499938964844,285.1499938964844,0.0,-0.0,287.8158874511719,0.0,0.0,9.39021774684079e-05,298.2622985839844,303.1499938964844,285.1499938964844,0.0,-0.0,287.8168334960937,0.0,0.0,9.88837200566195e-05,298.6645202636719,303.1499938964844,285.1499938964844,0.0,-0.0,287.81622314453125,0.0,0.0,7.303532038349658e-05,297.8739929199219,303.1499938964844,285.1499938964844,0.0,-0.0,287.81561279296875,0.0,0.0,9.888350177789108e-05,298.0005187988281,303.1499938964844,285.1499938964844,0.0,-0.0,287.8146057128906,0.0,0.0,0.0004690607020165,287.82037353515625,294.1499938964844,289.8122863769531,285.482421875,290.3067626953125,291.4431457519531,286.1539306640625,0.0,0.0,0.0,0.0,1.0,1.0,-0.0010006688535213,5.942295100425099e-09,0.0010006629163399,-0.0146201942116022,0.0,0.0,0.0,-0.0077586662955582,60.0,2.566956043243408,-0.0,-6.82716319033716e-08,0.0,283.1644592285156,287.4449462890625,288.6285095214844,288.9419860839844,293.1499938964844,293.1499938964844,278.1499938964844,0.0,18000.0,313.1499938964844,0.0,18000.0,0.0,0.0,0.0,0.0,0.0,0.0,0.0,0.0,0.0,0.0,0.0,0.0,-7.778098853284027e-21,-3.889049426642014e-21,-3.889049426642014e-21,0.0,0.0,-0.0,0.0,0.0,0.0,-0.0,0.0,0.0,0.0,0.0,0.0,4.0,0.0,0.0
12078900,298.20904541015625,303.1499938964844,285.1499938964844,0.0,-0.0,287.8143615722656,0.0,0.0,9.389943443238737e-05,298.2831420898437,303.1499938964844,285.1499938964844,0.0,-0.0,287.8153076171875,0.0,0.0,9.888082422548904e-05,298.6853332519531,303.1499938964844,285.1499938964844,0.0,-0.0,287.814697265625,0.0,0.0,7.303318125195801e-05,297.8952941894531,303.1499938964844,285.1499938964844,0.0,-0.0,287.8141174316406,0.0,0.0,9.888060594676062e-05,298.028564453125,303.1499938964844,285.1499938964844,0.0,-0.0,287.8130798339844,0.0,0.0,0.0004690469650086,287.81817626953125,294.1499938964844,289.7744445800781,285.4734802246094,290.3021850585937,291.2541198730469,286.1834411621094,0.0,0.0,0.0,0.0,1.0,1.0,-0.0010006385855376,5.938757929868643e-09,0.0010006326483562,-0.0146109275519847,0.0,0.0,0.0,-0.0077569126151502,60.0,2.5184571743011475,-0.0,-6.826750365007683e-08,0.0,283.1644592285156,287.4449462890625,288.6285095214844,288.9419860839844,293.1499938964844,293.1499938964844,278.1499938964844,0.0,18000.0,313.1499938964844,0.0,18000.0,0.0,0.0,0.0,0.0,0.0,0.0,0.0,0.0,0.0,-0.0,-0.0,-0.0,-7.778098853284027e-21,-3.889049426642014e-21,-3.889049426642014e-21,0.0,0.0,-0.0,0.0,0.0,0.0,-0.0,0.0,0.0,0.0,0.0,0.0,4.0,0.0,0.0
12078960,298.2263488769531,303.1499938964844,285.1499938964844,0.0,-0.0,287.8127746582031,0.0,0.0,9.389721526531504e-05,298.3017578125,303.1499938964844,285.1499938964844,0.0,-0.0,287.813720703125,0.0,0.0,9.887849591905253e-05,298.7040710449219,303.1499938964844,285.1499938964844,0.0,-0.0,287.8131103515625,0.0,0.0,7.303145685000345e-05,297.9144897460937,303.1499938964844,285.1499938964844,0.0,-0.0,287.8125305175781,0.0,0.0,9.887827764032409e-05,298.0535888671875,303.1499938964844,285.1499938964844,0.0,-0.0,287.8115234375,0.0,0.0,0.000469035905553,287.8158874511719,294.1499938964844,289.7366638183594,285.4646911621094,290.2973022460937,291.08251953125,286.21173095703125,0.0,0.0,0.0,0.0,1.0,1.0,-0.00100061413832,5.935890889929851e-09,0.0010006082011386,-0.0146034182980656,0.0,0.0,0.0,-0.0077554914169013,60.0,2.4716336727142334,-0.0,-6.82641569937914e-08,0.0,283.1644592285156,287.4449462890625,288.6285095214844,288.9419860839844,293.1499938964844,293.1499938964844,278.1499938964844,0.0,18000.0,313.1499938964844,0.0,18000.0,0.0,0.0,0.0,0.0,0.0,0.0,0.0,0.0,0.0,0.0,0.0,0.0,-7.778098853284027e-21,-3.889049426642014e-21,-3.889049426642014e-21,0.0,0.0,-0.0,0.0,0.0,0.0,-0.0,0.0,0.0,0.0,0.0,0.0,4.0,0.0,0.0
12079020,298.2554931640625,303.1499938964844,285.1499938964844,0.0,-0.0,287.8094787597656,0.0,0.0,9.389454498887062e-05,298.3332824707031,303.1499938964844,285.1499938964844,0.0,-0.0,287.8103942871094,0.0,0.0,9.88756728474982e-05,298.7358093261719,303.1499938964844,285.1499938964844,0.0,-0.0,287.809814453125,0.0,0.0,7.30293759261258e-05,297.94744873046875,303.1499938964844,285.1499938964844,0.0,-0.0,287.8092346191406,0.0,0.0,9.88754618447274e-05,298.0954895019531,303.1499938964844,285.1499938964844,0.0,-0.0,287.8082275390625,0.0,0.0,0.0004690225468948,287.8111267089844,294.1499938964844,289.661376953125,285.44744873046875,290.2867126464844,290.7835998535156,286.2649230957031,0.0,0.0,0.0,0.0,1.0,1.0,-0.001000583753921,5.93233950851868e-09,0.0010005778167396,-0.0145941143855452,0.0,0.0,0.0,-0.007753730751574,60.0,2.3812429904937744,-0.0,-6.826001452964192e-08,0.0,283.1644592285156,287.4449462890625,288.6285095214844,288.9419860839844,293.1499938964844,293.1499938964844,278.1499938964844,0.0,18000.0,313.1499938964844,0.0,18000.0,0.0,0.0,0.0,0.0,0.0,0.0,0.0,0.0,0.0,0.0,0.0,0.0,-7.778098853284027e-21,-3.889049426642014e-21,-3.889049426642014e-21,0.0,0.0,-0.0,0.0,0.0,0.0,-0.0,0.0,0.0,0.0,0.0,0.0,4.0,0.0,0.0
12079080,298.2554931640625,303.1499938964844,285.1499938964844,0.0,-0.0,287.8094787597656,0.0,0.0,9.389454498887062e-05,298.3332824707031,303.1499938964844,285.1499938964844,0.0,-0.0,287.8103942871094,0.0,0.0,9.88756728474982e-05,298.7358093261719,303.1499938964844,285.1499938964844,0.0,-0.0,287.809814453125,0.0,0.0,7.30293759261258e-05,297.94744873046875,303.1499938964844,285.1499938964844,0.0,-0.0,287.8092346191406,0.0,0.0,9.88754618447274e-05,298.0954895019531,303.1499938964844,285.1499938964844,0.0,-0.0,287.8082275390625,0.0,0.0,0.0004690225468948,287.8111267089844,294.1499938964844,289.661376953125,285.44744873046875,290.2867126464844,290.7835998535156,286.2649230957031,0.0,0.0,0.0,0.0,1.0,1.0,-0.001000583753921,5.93233950851868e-09,0.0010005778167396,-0.0145941143855452,0.0,0.0,0.0,-0.007753730751574,60.0,2.3812429904937744,-0.0,-6.826001452964192e-08,0.0,283.1644592285156,287.4449462890625,288.6285095214844,288.9419860839844,293.1499938964844,293.1499938964844,278.1499938964844,0.0,18000.0,313.1499938964844,0.0,18000.0,0.0,0.0,0.0,0.0,0.0,0.0,0.0,0.0,0.0,0.0,0.0,0.0,-7.778098853284027e-21,-3.889049426642014e-21,-3.889049426642014e-21,0.0,0.0,-0.0,0.0,0.0,0.0,-0.0,0.0,0.0,0.0,0.0,0.0,4.0,0.0,0.0
12079140,298.2783203125,303.1499938964844,285.1499938964844,0.0,-0.0,287.80596923828125,0.0,0.0,9.389439946971834e-05,298.3583374023437,303.1499938964844,285.1499938964844,0.0,-0.0,287.806884765625,0.0,0.0,9.887552005238832e-05,298.7608337402344,303.1499938964844,285.1499938964844,0.0,-0.0,287.8063049316406,0.0,0.0,7.302925951080397e-05,297.9740295410156,303.1499938964844,285.1499938964844,0.0,-0.0,287.80572509765625,0.0,0.0,9.88753090496175e-05,298.12823486328125,303.1499938964844,285.1499938964844,0.0,-0.0,287.80474853515625,0.0,0.0,0.0004690218484029,287.8061218261719,294.1499938964844,289.5863647460937,285.4306030273437,290.27496337890625,290.5331726074219,286.31402587890625,0.0,0.0,0.0,0.0,1.0,1.0,-0.0010005803778767,5.931944269121914e-09,0.0010005744406953,-0.0145930787548422,0.0,0.0,0.0,-0.007753534708172,60.0,2.294306993484497,-0.0,-6.825955267686369e-08,0.0,283.1644592285156,287.4449462890625,288.6285095214844,288.9419860839844,293.1499938964844,293.1499938964844,278.1499938964844,0.0,18000.0,313.1499938964844,0.0,18000.0,0.0,0.0,0.0,0.0,0.0,0.0,0.0,0.0,0.0,0.0,0.0,0.0,-7.778098853284027e-21,-3.889049426642014e-21,-3.889049426642014e-21,0.0,0.0,-0.0,0.0,0.0,0.0,-0.0,0.0,0.0,0.0,0.0,0.0,4.0,0.0,0.0
12079200,298.2783203125,303.1499938964844,285.1499938964844,0.0,-0.0,287.80596923828125,0.0,0.0,9.389439946971834e-05,298.3583374023437,303.1499938964844,285.1499938964844,0.0,-0.0,287.806884765625,0.0,0.0,9.887552005238832e-05,298.7608337402344,303.1499938964844,285.1499938964844,0.0,-0.0,287.8063049316406,0.0,0.0,7.302925951080397e-05,297.9740295410156,303.1499938964844,285.1499938964844,0.0,-0.0,287.80572509765625,0.0,0.0,9.88753090496175e-05,298.12823486328125,303.1499938964844,285.1499938964844,0.0,-0.0,287.80474853515625,0.0,0.0,0.0004690218484029,287.8061218261719,294.1499938964844,289.5863647460937,285.4306030273437,290.27496337890625,290.5331726074219,286.31402587890625,0.0,0.0,0.0,0.0,1.0,1.0,-0.0010005803778767,5.931944269121914e-09,0.0010005744406953,-0.0145930787548422,0.0,0.0,0.0,-0.007753534708172,60.0,2.294306993484497,-0.0,-6.825955267686369e-08,0.0,283.1644592285156,287.4449462890625,288.6285095214844,288.9419860839844,293.1499938964844,293.1499938964844,278.1499938964844,0.0,18000.0,313.1499938964844,0.0,18000.0,0.0,0.0,0.0,0.0,0.0,0.0,0.0,0.0,0.0,0.0,0.0,0.0,-7.778098853284027e-21,-3.889049426642014e-21,-3.889049426642014e-21,0.0,0.0,-0.0,0.0,0.0,0.0,-0.0,0.0,0.0,0.0,0.0,0.0,4.0,0.0,0.0
12079260,298.2960205078125,303.1499938964844,285.1499938964844,0.0,-0.0,287.80230712890625,0.0,0.0,9.389698243467136e-05,298.378173828125,303.1499938964844,285.1499938964844,0.0,-0.0,287.8031921386719,0.0,0.0,9.887824126053602e-05,298.78033447265625,303.1499938964844,285.1499938964844,0.0,-0.0,287.8026123046875,0.0,0.0,7.303126039914787e-05,297.9953308105469,303.1499938964844,285.1499938964844,0.0,-0.0,287.80206298828125,0.0,0.0,9.88780302577652e-05,298.1537475585937,303.1499938964844,285.1499938964844,0.0,-0.0,287.80108642578125,0.0,0.0,0.0004690347413998,287.8008728027344,294.1499938964844,289.5116577148437,285.4140930175781,290.2620849609375,290.3205261230469,286.3593444824219,0.0,0.0,0.0,0.0,1.0,1.0,-0.0010006059892475,5.934950308983389e-09,0.0010006000520661,-0.0146009530872106,0.0,0.0,0.0,-0.0077550248242914,60.0,2.210376262664795,-0.0,-6.826305565255097e-08,0.0,283.1644592285156,287.4449462890625,288.6285095214844,288.9419860839844,293.1499938964844,293.1499938964844,278.1499938964844,0.0,18000.0,313.1499938964844,0.0,18000.0,0.0,0.0,0.0,0.0,0.0,0.0,0.0,0.0,0.0,0.0,0.0,0.0,-7.778098853284027e-21,-3.889049426642014e-21,-3.889049426642014e-21,0.0,0.0,-0.0,0.0,0.0,0.0,-0.0,0.0,0.0,0.0,0.0,0.0,4.0,0.0,0.0
12079320,298.2960205078125,303.1499938964844,285.1499938964844,0.0,-0.0,287.80230712890625,0.0,0.0,9.389698243467136e-05,298.378173828125,303.1499938964844,285.1499938964844,0.0,-0.0,287.8031921386719,0.0,0.0,9.887824126053602e-05,298.78033447265625,303.1499938964844,285.1499938964844,0.0,-0.0,287.8026123046875,0.0,0.0,7.303126039914787e-05,297.9953308105469,303.1499938964844,285.1499938964844,0.0,-0.0,287.80206298828125,0.0,0.0,9.88780302577652e-05,298.1537475585937,303.1499938964844,285.1499938964844,0.0,-0.0,287.80108642578125,0.0,0.0,0.0004690347413998,287.8008728027344,294.1499938964844,289.5116577148437,285.4140930175781,290.2620849609375,290.3205261230469,286.3593444824219,0.0,0.0,0.0,0.0,1.0,1.0,-0.0010006059892475,5.934950308983389e-09,0.0010006000520661,-0.0146009530872106,0.0,0.0,0.0,-0.0077550248242914,60.0,2.210376262664795,-0.0,-6.826305565255097e-08,0.0,283.1644592285156,287.4449462890625,288.6285095214844,288.9419860839844,293.1499938964844,293.1499938964844,278.1499938964844,0.0,18000.0,313.1499938964844,0.0,18000.0,0.0,0.0,0.0,0.0,0.0,0.0,0.0,0.0,0.0,0.0,0.0,0.0,-7.778098853284027e-21,-3.889049426642014e-21,-3.889049426642014e-21,0.0,0.0,-0.0,0.0,0.0,0.0,-0.0,0.0,0.0,0.0,0.0,0.0,4.0,0.0,0.0
12079380,298.3095092773437,303.1499938964844,285.1499938964844,0.0,-0.0,287.7984619140625,0.0,0.0,9.3902439402882e-05,298.393798828125,303.1499938964844,285.1499938964844,0.0,-0.0,287.7993469238281,0.0,0.0,9.88839819910936e-05,298.7953491210937,303.1499938964844,285.1499938964844,0.0,-0.0,287.7987670898437,0.0,0.0,7.303550228243694e-05,298.01226806640625,303.1499938964844,285.1499938964844,0.0,-0.0,287.7982177734375,0.0,0.0,9.88837709883228e-05,298.1736755371094,303.1499938964844,285.1499938964844,0.0,-0.0,287.7972412109375,0.0,0.0,0.0004690619825851,287.79541015625,294.1499938964844,289.4372863769531,285.3978271484375,290.24810791015625,290.1375427246094,286.4013061523437,0.0,0.0,0.0,0.0,1.0,1.0,-0.0010006623342633,5.941537040143885e-09,0.0010006563970819,-0.0146182077005505,0.0,0.0,0.0,-0.007758290041238,60.0,2.129185438156128,-0.0,-6.82707437249519e-08,0.0,283.1644592285156,287.4449462890625,288.6285095214844,288.9419860839844,293.1499938964844,293.1499938964844,278.1499938964844,0.0,18000.0,313.1499938964844,0.0,18000.0,0.0,0.0,0.0,0.0,0.0,0.0,0.0,0.0,0.0,-0.0,-0.0,-0.0,-7.778098853284027e-21,-3.889049426642014e-21,-3.889049426642014e-21,0.0,0.0,-0.0,0.0,0.0,0.0,-0.0,0.0,0.0,0.0,0.0,0.0,4.0,0.0,0.0
12079440,298.3095092773437,303.1499938964844,285.1499938964844,0.0,-0.0,287.7984619140625,0.0,0.0,9.3902439402882e-05,298.393798828125,303.1499938964844,285.1499938964844,0.0,-0.0,287.7993469238281,0.0,0.0,9.88839819910936e-05,298.7953491210937,303.1499938964844,285.1499938964844,0.0,-0.0,287.7987670898437,0.0,0.0,7.303550228243694e-05,298.01226806640625,303.1499938964844,285.1499938964844,0.0,-0.0,287.7982177734375,0.0,0.0,9.88837709883228e-05,298.1736755371094,303.1499938964844,285.1499938964844,0.0,-0.0,287.7972412109375,0.0,0.0,0.0004690619825851,287.79541015625,294.1499938964844,289.4372863769531,285.3978271484375,290.24810791015625,290.1375427246094,286.4013061523437,0.0,0.0,0.0,0.0,1.0,1.0,-0.0010006623342633,5.941537040143885e-09,0.0010006563970819,-0.0146182077005505,0.0,0.0,0.0,-0.007758290041238,60.0,2.129185438156128,-0.0,-6.82707437249519e-08,0.0,283.1644592285156,287.4449462890625,288.6285095214844,288.9419860839844,293.1499938964844,293.1499938964844,278.1499938964844,0.0,18000.0,313.1499938964844,0.0,18000.0,0.0,0.0,0.0,0.0,0.0,0.0,0.0,0.0,0.0,-0.0,-0.0,-0.0,-7.778098853284027e-21,-3.889049426642014e-21,-3.889049426642014e-21,0.0,0.0,-0.0,0.0,0.0,0.0,-0.0,0.0,0.0,0.0,0.0,0.0,4.0,0.0,0.0
12079500,298.31494140625,303.1499938964844,285.1499938964844,0.0,-0.0,287.7964782714844,0.0,0.0,9.390627383254468e-05,298.4002685546875,303.1499938964844,285.1499938964844,0.0,-0.0,287.79736328125,0.0,0.0,9.888801287161186e-05,298.8014831542969,303.1499938964844,285.1499938964844,0.0,-0.0,287.7967834472656,0.0,0.0,7.303848542505875e-05,298.01934814453125,303.1499938964844,285.1499938964844,0.0,-0.0,287.7962341308594,0.0,0.0,9.888780914479868e-05,298.1819152832031,303.1499938964844,285.1499938964844,0.0,-0.0,287.7952880859375,0.0,0.0,0.0004690811329055,287.7926330566406,294.1499938964844,289.4001770019531,285.3897705078125,290.24072265625,290.0551147460937,286.42108154296875,0.0,0.0,0.0,0.0,1.0,1.0,-0.0010007022647187,5.946209746809927e-09,0.0010006963275372,-0.0146304490044713,0.0,0.0,0.0,-0.0077606067061424,60.0,2.089547872543335,-0.0,-6.827620069316255e-08,0.0,283.1644592285156,287.4449462890625,288.6285095214844,288.9419860839844,293.1499938964844,293.1499938964844,278.1499938964844,0.0,18000.0,313.1499938964844,0.0,18000.0,0.0,0.0,0.0,0.0,0.0,0.0,0.0,0.0,0.0,0.0,0.0,0.0,-7.778098853284027e-21,-3.889049426642014e-21,-3.889049426642014e-21,0.0,0.0,-0.0,0.0,0.0,0.0,-0.0,0.0,0.0,0.0,0.0,0.0,4.0,0.0,0.0
12079560,298.31964111328125,303.1499938964844,285.1499938964844,0.0,-0.0,287.7944641113281,0.0,0.0,9.3910850409884e-05,298.406005859375,303.1499938964844,285.1499938964844,0.0,-0.0,287.7953491210937,0.0,0.0,9.889283683151008e-05,298.80682373046875,303.1499938964844,285.1499938964844,0.0,-0.0,287.7947692871094,0.0,0.0,7.304204336833209e-05,298.025634765625,303.1499938964844,285.1499938964844,0.0,-0.0,287.7942199707031,0.0,0.0,9.889263310469688e-05,298.1892395019531,303.1499938964844,285.1499938964844,0.0,-0.0,287.79327392578125,0.0,0.0,0.0004691040085162,287.7897644042969,294.1499938964844,289.3631896972656,285.3817443847656,290.23309326171875,289.9778137207031,286.44012451171875,0.0,0.0,0.0,0.0,1.0,1.0,-0.0010007502278313,5.951812376281396e-09,0.0010007442906498,-0.0146451266482472,0.0,0.0,0.0,-0.0077633843757212,60.0,2.050513505935669,-0.0,-6.828273768633153e-08,0.0,283.1644592285156,287.4449462890625,288.6285095214844,288.9419860839844,293.1499938964844,293.1499938964844,278.1499938964844,0.0,18000.0,313.1499938964844,0.0,18000.0,0.0,0.0,0.0,0.0,0.0,0.0,0.0,0.0,0.0,-0.0,-0.0,-0.0,-7.778098853284027e-21,-3.889049426642014e-21,-3.889049426642014e-21,0.0,0.0,-0.0,0.0,0.0,0.0,-0.0,0.0,0.0,0.0,0.0,0.0,4.0,0.0,0.0
12079620,298.3270874023437,303.1499938964844,285.1499938964844,0.0,-0.0,287.7903137207031,0.0,0.0,9.392224455950782e-05,298.4154968261719,303.1499938964844,285.1499938964844,0.0,-0.0,287.79119873046875,0.0,0.0,9.890483488561586e-05,298.8155212402344,303.1499938964844,285.1499938964844,0.0,-0.0,287.7906188964844,0.0,0.0,7.305090548470616e-05,298.0361328125,303.1499938964844,285.1499938964844,0.0,-0.0,287.79010009765625,0.0,0.0,9.890463115880266e-05,298.201416015625,303.1499938964844,285.1499938964844,0.0,-0.0,287.7891540527344,0.0,0.0,0.0004691609647125,287.7839660644531,294.1499938964844,289.2893981933594,285.3657531738281,290.2170104980469,289.8363037109375,286.47607421875,0.0,0.0,0.0,0.0,1.0,1.0,-0.0010008699027821,5.965809624086661e-09,0.0010008639656007,-0.0146817937493324,0.0,0.0,0.0,-0.0077703231945633,60.0,1.974156618118286,-0.0,-6.829907306382665e-08,0.0,283.1644592285156,287.4449462890625,288.6285095214844,288.9419860839844,293.1499938964844,293.1499938964844,278.1499938964844,0.0,18000.0,313.1499938964844,0.0,18000.0,0.0,0.0,0.0,0.0,0.0,0.0,0.0,0.0,0.0,-0.0,-0.0,-0.0,-7.778098853284027e-21,-3.889049426642014e-21,-3.889049426642014e-21,0.0,0.0,-0.0,0.0,0.0,0.0,-0.0,0.0,0.0,0.0,0.0,0.0,4.0,0.0,0.0
12079680,298.3270874023437,303.1499938964844,285.1499938964844,0.0,-0.0,287.7903137207031,0.0,0.0,9.392224455950782e-05,298.4154968261719,303.1499938964844,285.1499938964844,0.0,-0.0,287.79119873046875,0.0,0.0,9.890483488561586e-05,298.8155212402344,303.1499938964844,285.1499938964844,0.0,-0.0,287.7906188964844,0.0,0.0,7.305090548470616e-05,298.0361328125,303.1499938964844,285.1499938964844,0.0,-0.0,287.79010009765625,0.0,0.0,9.890463115880266e-05,298.201416015625,303.1499938964844,285.1499938964844,0.0,-0.0,287.7891540527344,0.0,0.0,0.0004691609647125,287.7839660644531,294.1499938964844,289.2893981933594,285.3657531738281,290.2170104980469,289.8363037109375,286.47607421875,0.0,0.0,0.0,0.0,1.0,1.0,-0.0010008699027821,5.965809624086661e-09,0.0010008639656007,-0.0146817937493324,0.0,0.0,0.0,-0.0077703231945633,60.0,1.974156618118286,-0.0,-6.829907306382665e-08,0.0,283.1644592285156,287.4449462890625,288.6285095214844,288.9419860839844,293.1499938964844,293.1499938964844,278.1499938964844,0.0,18000.0,313.1499938964844,0.0,18000.0,0.0,0.0,0.0,0.0,0.0,0.0,0.0,0.0,0.0,-0.0,-0.0,-0.0,-7.778098853284027e-21,-3.889049426642014e-21,-3.889049426642014e-21,0.0,0.0,-0.0,0.0,0.0,0.0,-0.0,0.0,0.0,0.0,0.0,0.0,4.0,0.0,0.0
12079740,298.3324279785156,303.1499938964844,285.1499938964844,0.0,-0.0,287.7860412597656,0.0,0.0,9.3936592747923e-05,298.4228210449219,303.1499938964844,285.1499938964844,0.0,-0.0,287.7868957519531,0.0,0.0,9.89199397736229e-05,298.822021484375,303.1499938964844,285.1499938964844,0.0,-0.0,287.7863464355469,0.0,0.0,7.30620595277287e-05,298.0443115234375,303.1499938964844,285.1499938964844,0.0,-0.0,287.78582763671875,0.0,0.0,9.891974332276732e-05,298.21099853515625,303.1499938964844,285.1499938964844,0.0,-0.0,287.7848815917969,0.0,0.0,0.000469232618343,287.7779846191406,294.1499938964844,289.2159118652344,285.3498229980469,290.19989013671875,289.7091979980469,286.5094299316406,0.0,0.0,0.0,0.0,1.0,1.0,-0.0010010210098698,5.983482598281853e-09,0.0010010150726884,-0.0147280897945165,0.0,0.0,0.0,-0.0077790841460227,60.0,1.899943470954895,-0.0,-6.831970011944577e-08,0.0,283.1644592285156,287.4449462890625,288.6285095214844,288.9419860839844,293.1499938964844,293.1499938964844,278.1499938964844,0.0,18000.0,313.1499938964844,0.0,18000.0,0.0,0.0,0.0,0.0,0.0,0.0,0.0,0.0,0.0,-0.0,-0.0,-0.0,-7.778098853284027e-21,-3.889049426642014e-21,-3.889049426642014e-21,0.0,0.0,-0.0,0.0,0.0,0.0,-0.0,0.0,0.0,0.0,0.0,0.0,4.0,0.0,0.0
12079800,298.3324279785156,303.1499938964844,285.1499938964844,0.0,-0.0,287.7860412597656,0.0,0.0,9.3936592747923e-05,298.4228210449219,303.1499938964844,285.1499938964844,0.0,-0.0,287.7868957519531,0.0,0.0,9.89199397736229e-05,298.822021484375,303.1499938964844,285.1499938964844,0.0,-0.0,287.7863464355469,0.0,0.0,7.30620595277287e-05,298.0443115234375,303.1499938964844,285.1499938964844,0.0,-0.0,287.78582763671875,0.0,0.0,9.891974332276732e-05,298.21099853515625,303.1499938964844,285.1499938964844,0.0,-0.0,287.7848815917969,0.0,0.0,0.000469232618343,287.7779846191406,294.1499938964844,289.2159118652344,285.3498229980469,290.19989013671875,289.7091979980469,286.5094299316406,0.0,0.0,0.0,0.0,1.0,1.0,-0.0010010210098698,5.983482598281853e-09,0.0010010150726884,-0.0147280897945165,0.0,0.0,0.0,-0.0077790841460227,60.0,1.899943470954895,-0.0,-6.831970011944577e-08,0.0,283.1644592285156,287.4449462890625,288.6285095214844,288.9419860839844,293.1499938964844,293.1499938964844,278.1499938964844,0.0,18000.0,313.1499938964844,0.0,18000.0,0.0,0.0,0.0,0.0,0.0,0.0,0.0,0.0,0.0,-0.0,-0.0,-0.0,-7.778098853284027e-21,-3.889049426642014e-21,-3.889049426642014e-21,0.0,0.0,-0.0,0.0,0.0,0.0,-0.0,0.0,0.0,0.0,0.0,0.0,4.0,0.0,0.0
12079860,298.3360595703125,303.1499938964844,285.1499938964844,0.0,-0.0,287.7816467285156,0.0,0.0,9.39537858357653e-05,298.42840576171875,303.1499938964844,285.1499938964844,0.0,-0.0,287.7825012207031,0.0,0.0,9.8938042356167e-05,298.8267822265625,303.1499938964844,285.1499938964844,0.0,-0.0,287.7819519042969,0.0,0.0,7.307542546186596e-05,298.0506896972656,303.1499938964844,285.1499938964844,0.0,-0.0,287.78143310546875,0.0,0.0,9.89378459053114e-05,298.21856689453125,303.1499938964844,285.1499938964844,0.0,-0.0,287.780517578125,0.0,0.0,0.0004693184746429,287.7718811035156,294.1499938964844,289.1427307128906,285.3338623046875,290.1817932128906,289.5933532714844,286.54034423828125,0.0,0.0,0.0,0.0,1.0,1.0,-0.0010012025013566,6.004703401174538e-09,0.0010011964477598,-0.0147836804389953,0.0,0.0,0.0,-0.0077896043658256,60.0,1.8277130126953125,-0.0,-6.834447674464172e-08,0.0,283.1644592285156,287.4449462890625,288.6285095214844,288.9419860839844,293.1499938964844,293.1499938964844,278.1499938964844,0.0,18000.0,313.1499938964844,0.0,18000.0,0.0,0.0,0.0,0.0,0.0,0.0,0.0,0.0,0.0,-0.0,-0.0,-0.0,-7.778098853284027e-21,-3.889049426642014e-21,-3.889049426642014e-21,0.0,0.0,-0.0,0.0,0.0,0.0,-0.0,0.0,0.0,0.0,0.0,0.0,4.0,0.0,0.0
12079920,298.3360595703125,303.1499938964844,285.1499938964844,0.0,-0.0,287.7816467285156,0.0,0.0,9.39537858357653e-05,298.42840576171875,303.1499938964844,285.1499938964844,0.0,-0.0,287.7825012207031,0.0,0.0,9.8938042356167e-05,298.8267822265625,303.1499938964844,285.1499938964844,0.0,-0.0,287.7819519042969,0.0,0.0,7.307542546186596e-05,298.0506896972656,303.1499938964844,285.1499938964844,0.0,-0.0,287.78143310546875,0.0,0.0,9.89378459053114e-05,298.21856689453125,303.1499938964844,285.1499938964844,0.0,-0.0,287.780517578125,0.0,0.0,0.0004693184746429,287.7718811035156,294.1499938964844,289.1427307128906,285.3338623046875,290.1817932128906,289.5933532714844,286.54034423828125,0.0,0.0,0.0,0.0,1.0,1.0,-0.0010012025013566,6.004703401174538e-09,0.0010011964477598,-0.0147836804389953,0.0,0.0,0.0,-0.0077896043658256,60.0,1.8277130126953125,-0.0,-6.834447674464172e-08,0.0,283.1644592285156,287.4449462890625,288.6285095214844,288.9419860839844,293.1499938964844,293.1499938964844,278.1499938964844,0.0,18000.0,313.1499938964844,0.0,18000.0,0.0,0.0,0.0,0.0,0.0,0.0,0.0,0.0,0.0,-0.0,-0.0,-0.0,-7.778098853284027e-21,-3.889049426642014e-21,-3.889049426642014e-21,0.0,0.0,-0.0,0.0,0.0,0.0,-0.0,0.0,0.0,0.0,0.0,0.0,4.0,0.0,0.0
12079980,298.33837890625,303.1499938964844,285.1499938964844,0.0,-0.0,287.77716064453125,0.0,0.0,9.397364920005202e-05,298.4325866699219,303.1499938964844,285.1499938964844,0.0,-0.0,287.7779846191406,0.0,0.0,9.895896073430777e-05,298.8302001953125,303.1499938964844,285.1499938964844,0.0,-0.0,287.7774353027344,0.0,0.0,7.309087231988087e-05,298.0556945800781,303.1499938964844,285.1499938964844,0.0,-0.0,287.7769470214844,0.0,0.0,9.895876428345218e-05,298.2245483398437,303.1499938964844,285.1499938964844,0.0,-0.0,287.7760314941406,0.0,0.0,0.0004694177478086,287.765625,294.1499938964844,289.0698547363281,285.3177795410156,290.1627197265625,289.4864501953125,286.56903076171875,0.0,0.0,0.0,0.0,1.0,1.0,-0.0010014125145971,6.0292619785684565e-09,0.0010014064610004,-0.0148480152711272,0.0,0.0,0.0,-0.0078017790801823,60.0,1.7573187351226809,-0.0,-6.8373154249457e-08,0.0,283.1644592285156,287.4449462890625,288.6285095214844,288.9419860839844,293.1499938964844,293.1499938964844,278.1499938964844,0.0,18000.0,313.1499938964844,0.0,18000.0,0.0,0.0,0.0,0.0,0.0,0.0,0.0,0.0,0.0,-0.0,-0.0,-0.0,-7.778098853284027e-21,-3.889049426642014e-21,-3.889049426642014e-21,0.0,0.0,-0.0,0.0,0.0,0.0,-0.0,0.0,0.0,0.0,0.0,0.0,4.0,0.0,0.0
12080040,298.33837890625,303.1499938964844,285.1499938964844,0.0,-0.0,287.77716064453125,0.0,0.0,9.397364920005202e-05,298.4325866699219,303.1499938964844,285.1499938964844,0.0,-0.0,287.7779846191406,0.0,0.0,9.895896073430777e-05,298.8302001953125,303.1499938964844,285.1499938964844,0.0,-0.0,287.7774353027344,0.0,0.0,7.309087231988087e-05,298.0556945800781,303.1499938964844,285.1499938964844,0.0,-0.0,287.7769470214844,0.0,0.0,9.895876428345218e-05,298.2245483398437,303.1499938964844,285.1499938964844,0.0,-0.0,287.7760314941406,0.0,0.0,0.0004694177478086,287.765625,294.1499938964844,289.0698547363281,285.3177795410156,290.1627197265625,289.4864501953125,286.56903076171875,0.0,0.0,0.0,0.0,1.0,1.0,-0.0010014125145971,6.0292619785684565e-09,0.0010014064610004,-0.0148480152711272,0.0,0.0,0.0,-0.0078017790801823,60.0,1.7573187351226809,-0.0,-6.8373154249457e-08,0.0,283.1644592285156,287.4449462890625,288.6285095214844,288.9419860839844,293.1499938964844,293.1499938964844,278.1499938964844,0.0,18000.0,313.1499938964844,0.0,18000.0,0.0,0.0,0.0,0.0,0.0,0.0,0.0,0.0,0.0,-0.0,-0.0,-0.0,-7.778098853284027e-21,-3.889049426642014e-21,-3.889049426642014e-21,0.0,0.0,-0.0,0.0,0.0,0.0,-0.0,0.0,0.0,0.0,0.0,0.0,4.0,0.0,0.0
12080100,298.339111328125,303.1499938964844,285.1499938964844,0.0,-0.0,287.7748718261719,0.0,0.0,9.39845194807276e-05,298.4342346191406,303.1499938964844,285.1499938964844,0.0,-0.0,287.77569580078125,0.0,0.0,9.897040581563488e-05,298.8315124511719,303.1499938964844,285.1499938964844,0.0,-0.0,287.775146484375,0.0,0.0,7.309932698262855e-05,298.0577392578125,303.1499938964844,285.1499938964844,0.0,-0.0,287.774658203125,0.0,0.0,9.89702093647793e-05,298.2270812988281,303.1499938964844,285.1499938964844,0.0,-0.0,287.77374267578125,0.0,0.0,0.0004694720264524,287.7624816894531,294.1499938964844,289.03350830078125,285.3096923828125,290.1528015136719,289.4357604980469,286.5826110839844,0.0,0.0,0.0,0.0,1.0,1.0,-0.0010015275329351,6.0427058912182474e-09,0.0010015214793384,-0.0148832323029637,0.0,0.0,0.0,-0.0078084436245262,60.0,1.7227703332901,-0.0,-6.838885013848994e-08,0.0,283.1644592285156,287.4449462890625,288.6285095214844,288.9419860839844,293.1499938964844,293.1499938964844,278.1499938964844,0.0,18000.0,313.1499938964844,0.0,18000.0,0.0,0.0,0.0,0.0,0.0,0.0,0.0,0.0,0.0,0.0,0.0,0.0,-7.778098853284027e-21,-3.889049426642014e-21,-3.889049426642014e-21,0.0,0.0,-0.0,0.0,0.0,0.0,-0.0,0.0,0.0,0.0,0.0,0.0,4.0,0.0,0.0
12080160,298.3396301269531,303.1499938964844,285.1499938964844,0.0,-0.0,287.7725524902344,0.0,0.0,9.399596456205472e-05,298.4356384277344,303.1499938964844,285.1499938964844,0.0,-0.0,287.7733764648437,0.0,0.0,9.898245480144396e-05,298.83258056640625,303.1499938964844,285.1499938964844,0.0,-0.0,287.7728271484375,0.0,0.0,7.31082254787907e-05,298.0595397949219,303.1499938964844,285.1499938964844,0.0,-0.0,287.7723388671875,0.0,0.0,9.8982265626546e-05,298.22930908203125,303.1499938964844,285.1499938964844,0.0,-0.0,287.7714233398437,0.0,0.0,0.0004695291863754,287.75927734375,294.1499938964844,288.9972839355469,285.3015441894531,290.1426696777344,289.3866271972656,286.5956726074219,0.0,0.0,0.0,0.0,1.0,1.0,-0.0010016486048698,6.056869672477205e-09,0.0010016425512731,-0.0149203361943364,0.0,0.0,0.0,-0.0078154653310775,60.0,1.6886320114135742,-0.0,-6.84053986788058e-08,0.0,283.1644592285156,287.4449462890625,288.6285095214844,288.9419860839844,293.1499938964844,293.1499938964844,278.1499938964844,0.0,18000.0,313.1499938964844,0.0,18000.0,0.0,0.0,0.0,0.0,0.0,0.0,0.0,0.0,0.0,0.0,0.0,0.0,-7.778098853284027e-21,-3.889049426642014e-21,-3.889049426642014e-21,0.0,0.0,-0.0,0.0,0.0,0.0,-0.0,0.0,0.0,0.0,0.0,0.0,4.0,0.0,0.0
12080220,298.340087890625,303.1499938964844,285.1499938964844,0.0,-0.0,287.7678527832031,0.0,0.0,9.40204263315536e-05,298.43780517578125,303.1499938964844,285.1499938964844,0.0,-0.0,287.7686767578125,0.0,0.0,9.900821169139816e-05,298.8340759277344,303.1499938964844,285.1499938964844,0.0,-0.0,287.76812744140625,0.0,0.0,7.312725210795179e-05,298.06256103515625,303.1499938964844,285.1499938964844,0.0,-0.0,287.76763916015625,0.0,0.0,9.90080225165002e-05,298.23309326171875,303.1499938964844,285.1499938964844,0.0,-0.0,287.7667541503906,0.0,0.0,0.0004696513933595,287.7528381347656,294.1499938964844,288.92498779296875,285.2850646972656,290.1217041015625,289.2923278808594,286.62042236328125,0.0,0.0,0.0,0.0,1.0,1.0,-0.0010019076289609,6.087157000678189e-09,0.0010019015753641,-0.0149996764957904,0.0,0.0,0.0,-0.0078304801136255,60.0,1.6215211153030396,-0.0,-6.844077660161929e-08,0.0,283.1644592285156,287.4449462890625,288.6285095214844,288.9419860839844,293.1499938964844,293.1499938964844,278.1499938964844,0.0,18000.0,313.1499938964844,0.0,18000.0,0.0,0.0,0.0,0.0,0.0,0.0,0.0,0.0,0.0,-0.0,-0.0,-0.0,-7.778098853284027e-21,-3.889049426642014e-21,-3.889049426642014e-21,0.0,0.0,-0.0,0.0,0.0,0.0,-0.0,0.0,0.0,0.0,0.0,0.0,4.0,0.0,0.0
12080280,298.340087890625,303.1499938964844,285.1499938964844,0.0,-0.0,287.7678527832031,0.0,0.0,9.40204263315536e-05,298.43780517578125,303.1499938964844,285.1499938964844,0.0,-0.0,287.7686767578125,0.0,0.0,9.900821169139816e-05,298.8340759277344,303.1499938964844,285.1499938964844,0.0,-0.0,287.76812744140625,0.0,0.0,7.312725210795179e-05,298.06256103515625,303.1499938964844,285.1499938964844,0.0,-0.0,287.76763916015625,0.0,0.0,9.90080225165002e-05,298.23309326171875,303.1499938964844,285.1499938964844,0.0,-0.0,287.7667541503906,0.0,0.0,0.0004696513933595,287.7528381347656,294.1499938964844,288.92498779296875,285.2850646972656,290.1217041015625,289.2923278808594,286.62042236328125,0.0,0.0,0.0,0.0,1.0,1.0,-0.0010019076289609,6.087157000678189e-09,0.0010019015753641,-0.0149996764957904,0.0,0.0,0.0,-0.0078304801136255,60.0,1.6215211153030396,-0.0,-6.844077660161929e-08,0.0,283.1644592285156,287.4449462890625,288.6285095214844,288.9419860839844,293.1499938964844,293.1499938964844,278.1499938964844,0.0,18000.0,313.1499938964844,0.0,18000.0,0.0,0.0,0.0,0.0,0.0,0.0,0.0,0.0,0.0,-0.0,-0.0,-0.0,-7.778098853284027e-21,-3.889049426642014e-21,-3.889049426642014e-21,0.0,0.0,-0.0,0.0,0.0,0.0,-0.0,0.0,0.0,0.0,0.0,0.0,4.0,0.0,0.0
12080340,298.33990478515625,303.1499938964844,285.1499938964844,0.0,-0.0,287.7630615234375,0.0,0.0,9.40465906751342e-05,298.43927001953125,303.1499938964844,285.1499938964844,0.0,-0.0,287.7638854980469,0.0,0.0,9.903576574288309e-05,298.8348999023437,303.1499938964844,285.1499938964844,0.0,-0.0,287.76336669921875,0.0,0.0,7.314759568544105e-05,298.0648803710937,303.1499938964844,285.1499938964844,0.0,-0.0,287.7628479003906,0.0,0.0,9.903557656798512e-05,298.2361145019531,303.1499938964844,285.1499938964844,0.0,-0.0,287.7619934082031,0.0,0.0,0.0004697820986621,287.74627685546875,294.1499938964844,288.85302734375,285.268310546875,290.0998229980469,289.2024841308594,286.6434326171875,0.0,0.0,0.0,0.0,1.0,1.0,-0.0010021848138421,6.119569295748306e-09,0.0010021787602454,-0.015084583312273,0.0,0.0,0.0,-0.0078465482220053,60.0,1.5558795928955078,-0.0,-6.847865563486266e-08,0.0,283.1644592285156,287.4449462890625,288.6285095214844,288.9419860839844,293.1499938964844,293.1499938964844,278.1499938964844,0.0,18000.0,313.1499938964844,0.0,18000.0,0.0,0.0,0.0,0.0,0.0,0.0,0.0,0.0,0.0,0.0,0.0,0.0,-7.778098853284027e-21,-3.889049426642014e-21,-3.889049426642014e-21,0.0,0.0,-0.0,0.0,0.0,0.0,-0.0,0.0,0.0,0.0,0.0,0.0,4.0,0.0,0.0
12080400,298.33990478515625,303.1499938964844,285.1499938964844,0.0,-0.0,287.7630615234375,0.0,0.0,9.40465906751342e-05,298.43927001953125,303.1499938964844,285.1499938964844,0.0,-0.0,287.7638854980469,0.0,0.0,9.903576574288309e-05,298.8348999023437,303.1499938964844,285.1499938964844,0.0,-0.0,287.76336669921875,0.0,0.0,7.314759568544105e-05,298.0648803710937,303.1499938964844,285.1499938964844,0.0,-0.0,287.7628479003906,0.0,0.0,9.903557656798512e-05,298.2361145019531,303.1499938964844,285.1499938964844,0.0,-0.0,287.7619934082031,0.0,0.0,0.0004697820986621,287.74627685546875,294.1499938964844,288.85302734375,285.268310546875,290.0998229980469,289.2024841308594,286.6434326171875,0.0,0.0,0.0,0.0,1.0,1.0,-0.0010021848138421,6.119569295748306e-09,0.0010021787602454,-0.015084583312273,0.0,0.0,0.0,-0.0078465482220053,60.0,1.5558795928955078,-0.0,-6.847865563486266e-08,0.0,283.1644592285156,287.4449462890625,288.6285095214844,288.9419860839844,293.1499938964844,293.1499938964844,278.1499938964844,0.0,18000.0,313.1499938964844,0.0,18000.0,0.0,0.0,0.0,0.0,0.0,0.0,0.0,0.0,0.0,0.0,0.0,0.0,-7.778098853284027e-21,-3.889049426642014e-21,-3.889049426642014e-21,0.0,0.0,-0.0,0.0,0.0,0.0,-0.0,0.0,0.0,0.0,0.0,0.0,4.0,0.0,0.0
12080460,298.33917236328125,303.1499938964844,285.1499938964844,0.0,-0.0,287.7582092285156,0.0,0.0,9.407364268554376e-05,298.44012451171875,303.1499938964844,285.1499938964844,0.0,-0.0,287.7590026855469,0.0,0.0,9.9064243840985e-05,298.8351745605469,303.1499938964844,285.1499938964844,0.0,-0.0,287.75848388671875,0.0,0.0,7.316863047890365e-05,298.0666809082031,303.1499938964844,285.1499938964844,0.0,-0.0,287.75799560546875,0.0,0.0,9.906405466608704e-05,298.238525390625,303.1499938964844,285.1499938964844,0.0,-0.0,287.75714111328125,0.0,0.0,0.000469917198643,287.7396545410156,294.1499938964844,288.7813720703125,285.2511901855469,290.0770568847656,289.1161804199219,286.664794921875,0.0,0.0,0.0,0.0,1.0,1.0,-0.0010024714283645,6.1530842643264805e-09,0.0010024652583524,-0.015172379091382,0.0,0.0,0.0,-0.0078631630167365,60.0,1.4916021823883057,-0.0,-6.851782785588513e-08,0.0,283.1644592285156,287.4449462890625,288.6285095214844,288.9419860839844,293.1499938964844,293.1499938964844,278.1499938964844,0.0,18000.0,313.1499938964844,0.0,18000.0,0.0,0.0,0.0,0.0,0.0,0.0,0.0,0.0,0.0,0.0,0.0,0.0,-7.778098853284027e-21,-3.889049426642014e-21,-3.889049426642014e-21,0.0,0.0,-0.0,0.0,0.0,0.0,-0.0,0.0,0.0,0.0,0.0,0.0,4.0,0.0,0.0
12080520,298.33917236328125,303.1499938964844,285.1499938964844,0.0,-0.0,287.7582092285156,0.0,0.0,9.407364268554376e-05,298.44012451171875,303.1499938964844,285.1499938964844,0.0,-0.0,287.7590026855469,0.0,0.0,9.9064243840985e-05,298.8351745605469,303.1499938964844,285.1499938964844,0.0,-0.0,287.75848388671875,0.0,0.0,7.316863047890365e-05,298.0666809082031,303.1499938964844,285.1499938964844,0.0,-0.0,287.75799560546875,0.0,0.0,9.906405466608704e-05,298.238525390625,303.1499938964844,285.1499938964844,0.0,-0.0,287.75714111328125,0.0,0.0,0.000469917198643,287.7396545410156,294.1499938964844,288.7813720703125,285.2511901855469,290.0770568847656,289.1161804199219,286.664794921875,0.0,0.0,0.0,0.0,1.0,1.0,-0.0010024714283645,6.1530842643264805e-09,0.0010024652583524,-0.015172379091382,0.0,0.0,0.0,-0.0078631630167365,60.0,1.4916021823883057,-0.0,-6.851782785588513e-08,0.0,283.1644592285156,287.4449462890625,288.6285095214844,288.9419860839844,293.1499938964844,293.1499938964844,278.1499938964844,0.0,18000.0,313.1499938964844,0.0,18000.0,0.0,0.0,0.0,0.0,0.0,0.0,0.0,0.0,0.0,0.0,0.0,0.0,-7.778098853284027e-21,-3.889049426642014e-21,-3.889049426642014e-21,0.0,0.0,-0.0,0.0,0.0,0.0,-0.0,0.0,0.0,0.0,0.0,0.0,4.0,0.0,0.0
12080580,298.3380432128906,303.1499938964844,285.1499938964844,0.0,-0.0,287.7532653808594,0.0,0.0,9.41006583161652e-05,298.4405212402344,303.1499938964844,285.1499938964844,0.0,-0.0,287.7540588378906,0.0,0.0,9.909270011121409e-05,298.8349609375,303.1499938964844,285.1499938964844,0.0,-0.0,287.7535400390625,0.0,0.0,7.318964344449341e-05,298.06805419921875,303.1499938964844,285.1499938964844,0.0,-0.0,287.7530822753906,0.0,0.0,9.90925109363161e-05,298.2404479980469,303.1499938964844,285.1499938964844,0.0,-0.0,287.7522277832031,0.0,0.0,0.0004700521822087,287.7329406738281,294.1499938964844,288.7099914550781,285.2336120605469,290.05340576171875,289.03271484375,286.68463134765625,0.0,0.0,0.0,0.0,1.0,1.0,-0.0010027578100562,6.1865672584815465e-09,0.0010027516400441,-0.0152600891888141,0.0,0.0,0.0,-0.0078797619789838,60.0,1.4285839796066284,-0.0,-6.85569787606255e-08,0.0,283.1644592285156,287.4449462890625,288.6285095214844,288.9419860839844,293.1499938964844,293.1499938964844,278.1499938964844,0.0,18000.0,313.1499938964844,0.0,18000.0,0.0,0.0,0.0,0.0,0.0,0.0,0.0,0.0,0.0,0.0,0.0,0.0,-7.778098853284027e-21,-3.889049426642014e-21,-3.889049426642014e-21,0.0,0.0,-0.0,0.0,0.0,0.0,-0.0,0.0,0.0,0.0,0.0,0.0,4.0,0.0,0.0
12080640,298.3380432128906,303.1499938964844,285.1499938964844,0.0,-0.0,287.7532653808594,0.0,0.0,9.41006583161652e-05,298.4405212402344,303.1499938964844,285.1499938964844,0.0,-0.0,287.7540588378906,0.0,0.0,9.909270011121409e-05,298.8349609375,303.1499938964844,285.1499938964844,0.0,-0.0,287.7535400390625,0.0,0.0,7.318964344449341e-05,298.06805419921875,303.1499938964844,285.1499938964844,0.0,-0.0,287.7530822753906,0.0,0.0,9.90925109363161e-05,298.2404479980469,303.1499938964844,285.1499938964844,0.0,-0.0,287.7522277832031,0.0,0.0,0.0004700521822087,287.7329406738281,294.1499938964844,288.7099914550781,285.2336120605469,290.05340576171875,289.03271484375,286.68463134765625,0.0,0.0,0.0,0.0,1.0,1.0,-0.0010027578100562,6.1865672584815465e-09,0.0010027516400441,-0.0152600891888141,0.0,0.0,0.0,-0.0078797619789838,60.0,1.4285839796066284,-0.0,-6.85569787606255e-08,0.0,283.1644592285156,287.4449462890625,288.6285095214844,288.9419860839844,293.1499938964844,293.1499938964844,278.1499938964844,0.0,18000.0,313.1499938964844,0.0,18000.0,0.0,0.0,0.0,0.0,0.0,0.0,0.0,0.0,0.0,0.0,0.0,0.0,-7.778098853284027e-21,-3.889049426642014e-21,-3.889049426642014e-21,0.0,0.0,-0.0,0.0,0.0,0.0,-0.0,0.0,0.0,0.0,0.0,0.0,4.0,0.0,0.0
12080700,298.3373718261719,303.1499938964844,285.1499938964844,0.0,-0.0,287.75079345703125,0.0,0.0,9.411387873115018e-05,298.4405517578125,303.1499938964844,285.1499938964844,0.0,-0.0,287.7515563964844,0.0,0.0,9.91066117421724e-05,298.834716796875,303.1499938964844,285.1499938964844,0.0,-0.0,287.7510681152344,0.0,0.0,7.319992437260225e-05,298.068603515625,303.1499938964844,285.1499938964844,0.0,-0.0,287.7505798339844,0.0,0.0,9.910642984323204e-05,298.24127197265625,303.1499938964844,285.1499938964844,0.0,-0.0,287.7497253417969,0.0,0.0,0.0004701181896962,287.7295837402344,294.1499938964844,288.6744384765625,285.22467041015625,290.041259765625,288.99188232421875,286.69403076171875,0.0,0.0,0.0,0.0,1.0,1.0,-0.0010028978576883,6.202943936273186e-09,0.0010028916876763,-0.0153029896318912,0.0,0.0,0.0,-0.0078878803178668,60.0,1.397515892982483,-0.0,-6.857612788735423e-08,0.0,283.1644592285156,287.4449462890625,288.6285095214844,288.9419860839844,293.1499938964844,293.1499938964844,278.1499938964844,0.0,18000.0,313.1499938964844,0.0,18000.0,0.0,0.0,0.0,0.0,0.0,0.0,0.0,0.0,0.0,-0.0,-0.0,-0.0,-7.778098853284027e-21,-3.889049426642014e-21,-3.889049426642014e-21,0.0,0.0,-0.0,0.0,0.0,0.0,-0.0,0.0,0.0,0.0,0.0,0.0,4.0,0.0,0.0
12080760,298.33660888671875,303.1499938964844,285.1499938964844,0.0,-0.0,287.748291015625,0.0,0.0,9.412674990016968e-05,298.44049072265625,303.1499938964844,285.1499938964844,0.0,-0.0,287.7490539550781,0.0,0.0,9.91201668512076e-05,298.8344116210937,303.1499938964844,285.1499938964844,0.0,-0.0,287.7485656738281,0.0,0.0,7.320993609027937e-05,298.069091796875,303.1499938964844,285.1499938964844,0.0,-0.0,287.7480773925781,0.0,0.0,9.911998495226726e-05,298.2419738769531,303.1499938964844,285.1499938964844,0.0,-0.0,287.7472229003906,0.0,0.0,0.0004701825091615,287.7261962890625,294.1499938964844,288.6389465332031,285.215576171875,290.0289001464844,288.9515686035156,286.703125,0.0,0.0,0.0,0.0,1.0,1.0,-0.0010030342964455,6.218892067977322e-09,0.0010030280100181,-0.0153447668999433,0.0,0.0,0.0,-0.0078957872465252,60.0,1.366729736328125,-0.0,-6.859478673959529e-08,0.0,283.1644592285156,287.4449462890625,288.6285095214844,288.9419860839844,293.1499938964844,293.1499938964844,278.1499938964844,0.0,18000.0,313.1499938964844,0.0,18000.0,0.0,0.0,0.0,0.0,0.0,0.0,0.0,0.0,0.0,0.0,0.0,0.0,-7.778098853284027e-21,-3.889049426642014e-21,-3.889049426642014e-21,0.0,0.0,-0.0,0.0,0.0,0.0,-0.0,0.0,0.0,0.0,0.0,0.0,4.0,0.0,0.0
12080820,298.3348999023437,303.1499938964844,285.1499938964844,0.0,-0.0,287.74322509765625,0.0,0.0,9.41510297707282e-05,298.4401550292969,303.1499938964844,285.1499938964844,0.0,-0.0,287.7439880371094,0.0,0.0,9.914572729030624e-05,298.8335266113281,303.1499938964844,285.1499938964844,0.0,-0.0,287.7434997558594,0.0,0.0,7.322880992433056e-05,298.0698547363281,303.1499938964844,285.1499938964844,0.0,-0.0,287.7430114746094,0.0,0.0,9.91455526673235e-05,298.2431945800781,303.1499938964844,285.1499938964844,0.0,-0.0,287.7421875,0.0,0.0,0.0004703037557192,287.7193908691406,294.1499938964844,288.56817626953125,285.1969909667969,290.0035705566406,288.8723449707031,286.72027587890625,0.0,0.0,0.0,0.0,1.0,1.0,-0.0010032913414761,6.24895868384101e-09,0.001003285171464,-0.015423527918756,0.0,0.0,0.0,-0.0079106921330094,60.0,1.3059576749801636,-0.0,-6.862995860501543e-08,0.0,283.1644592285156,287.4449462890625,288.6285095214844,288.9419860839844,293.1499938964844,293.1499938964844,278.1499938964844,0.0,18000.0,313.1499938964844,0.0,18000.0,0.0,0.0,0.0,0.0,0.0,0.0,0.0,0.0,0.0,0.0,0.0,0.0,-7.778098853284027e-21,-3.889049426642014e-21,-3.889049426642014e-21,0.0,0.0,-0.0,0.0,0.0,0.0,-0.0,0.0,0.0,0.0,0.0,0.0,4.0,0.0,0.0
12080880,298.3348999023437,303.1499938964844,285.1499938964844,0.0,-0.0,287.74322509765625,0.0,0.0,9.41510297707282e-05,298.4401550292969,303.1499938964844,285.1499938964844,0.0,-0.0,287.7439880371094,0.0,0.0,9.914572729030624e-05,298.8335266113281,303.1499938964844,285.1499938964844,0.0,-0.0,287.7434997558594,0.0,0.0,7.322880992433056e-05,298.0698547363281,303.1499938964844,285.1499938964844,0.0,-0.0,287.7430114746094,0.0,0.0,9.91455526673235e-05,298.2431945800781,303.1499938964844,285.1499938964844,0.0,-0.0,287.7421875,0.0,0.0,0.0004703037557192,287.7193908691406,294.1499938964844,288.56817626953125,285.1969909667969,290.0035705566406,288.8723449707031,286.72027587890625,0.0,0.0,0.0,0.0,1.0,1.0,-0.0010032913414761,6.24895868384101e-09,0.001003285171464,-0.015423527918756,0.0,0.0,0.0,-0.0079106921330094,60.0,1.3059576749801636,-0.0,-6.862995860501543e-08,0.0,283.1644592285156,287.4449462890625,288.6285095214844,288.9419860839844,293.1499938964844,293.1499938964844,278.1499938964844,0.0,18000.0,313.1499938964844,0.0,18000.0,0.0,0.0,0.0,0.0,0.0,0.0,0.0,0.0,0.0,0.0,0.0,0.0,-7.778098853284027e-21,-3.889049426642014e-21,-3.889049426642014e-21,0.0,0.0,-0.0,0.0,0.0,0.0,-0.0,0.0,0.0,0.0,0.0,0.0,4.0,0.0,0.0
12080940,298.3329772949219,303.1499938964844,285.1499938964844,0.0,-0.0,287.73809814453125,0.0,0.0,9.417263208888472e-05,298.4395446777344,303.1499938964844,285.1499938964844,0.0,-0.0,287.7388610839844,0.0,0.0,9.91684864857234e-05,298.8323669433594,303.1499938964844,285.1499938964844,0.0,-0.0,287.7383728027344,0.0,0.0,7.324561738641933e-05,298.0704040527344,303.1499938964844,285.1499938964844,0.0,-0.0,287.7379150390625,0.0,0.0,9.916830458678304e-05,298.244140625,303.1499938964844,285.1499938964844,0.0,-0.0,287.7370910644531,0.0,0.0,0.0004704117018263,287.7125244140625,294.1499938964844,288.49774169921875,285.17779541015625,289.9774169921875,288.7947082519531,286.7362670898437,0.0,0.0,0.0,0.0,1.0,1.0,-0.0010035200975835,6.275705288771861e-09,0.0010035138111561,-0.0154935913160443,0.0,0.0,0.0,-0.0079239513725042,60.0,1.2461943626403809,-0.0,-6.866125801252565e-08,0.0,283.1644592285156,287.4449462890625,288.6285095214844,288.9419860839844,293.1499938964844,293.1499938964844,278.1499938964844,0.0,18000.0,313.1499938964844,0.0,18000.0,0.0,0.0,0.0,0.0,0.0,0.0,0.0,0.0,0.0,0.0,0.0,0.0,-7.778098853284027e-21,-3.889049426642014e-21,-3.889049426642014e-21,0.0,0.0,-0.0,0.0,0.0,0.0,-0.0,0.0,0.0,0.0,0.0,0.0,4.0,0.0,0.0
12081000,298.3329772949219,303.1499938964844,285.1499938964844,0.0,-0.0,287.73809814453125,0.0,0.0,9.417263208888472e-05,298.4395446777344,303.1499938964844,285.1499938964844,0.0,-0.0,287.7388610839844,0.0,0.0,9.91684864857234e-05,298.8323669433594,303.1499938964844,285.1499938964844,0.0,-0.0,287.7383728027344,0.0,0.0,7.324561738641933e-05,298.0704040527344,303.1499938964844,285.1499938964844,0.0,-0.0,287.7379150390625,0.0,0.0,9.916830458678304e-05,298.244140625,303.1499938964844,285.1499938964844,0.0,-0.0,287.7370910644531,0.0,0.0,0.0004704117018263,287.7125244140625,294.1499938964844,288.49774169921875,285.17779541015625,289.9774169921875,288.7947082519531,286.7362670898437,0.0,0.0,0.0,0.0,1.0,1.0,-0.0010035200975835,6.275705288771861e-09,0.0010035138111561,-0.0154935913160443,0.0,0.0,0.0,-0.0079239513725042,60.0,1.2461943626403809,-0.0,-6.866125801252565e-08,0.0,283.1644592285156,287.4449462890625,288.6285095214844,288.9419860839844,293.1499938964844,293.1499938964844,278.1499938964844,0.0,18000.0,313.1499938964844,0.0,18000.0,0.0,0.0,0.0,0.0,0.0,0.0,0.0,0.0,0.0,0.0,0.0,0.0,-7.778098853284027e-21,-3.889049426642014e-21,-3.889049426642014e-21,0.0,0.0,-0.0,0.0,0.0,0.0,-0.0,0.0,0.0,0.0,0.0,0.0,4.0,0.0,0.0
12081060,298.3309326171875,303.1499938964844,285.1499938964844,0.0,-0.0,287.7329406738281,0.0,0.0,9.419076377525926e-05,298.43865966796875,303.1499938964844,285.1499938964844,0.0,-0.0,287.73370361328125,0.0,0.0,9.91875713225454e-05,298.8309936523437,303.1499938964844,285.1499938964844,0.0,-0.0,287.73321533203125,0.0,0.0,7.325971819227561e-05,298.0707702636719,303.1499938964844,285.1499938964844,0.0,-0.0,287.7327575683594,0.0,0.0,9.918739669956268e-05,298.244873046875,303.1499938964844,285.1499938964844,0.0,-0.0,287.73193359375,0.0,0.0,0.0004705022729467,287.70562744140625,294.1499938964844,288.4275817871094,285.1579284667969,289.9504699707031,288.71844482421875,286.7511291503906,0.0,0.0,0.0,0.0,1.0,1.0,-0.0010037118336185,6.2981193593714124e-09,0.0010037055471912,-0.0155523056164383,0.0,0.0,0.0,-0.0079350639134645,60.0,1.1873726844787598,-0.0,-6.868749125032991e-08,0.0,283.1644592285156,287.4449462890625,288.6285095214844,288.9419860839844,293.1499938964844,293.1499938964844,278.1499938964844,0.0,18000.0,313.1499938964844,0.0,18000.0,0.0,0.0,0.0,0.0,0.0,0.0,0.0,0.0,0.0,0.0,0.0,0.0,-7.778098853284027e-21,-3.889049426642014e-21,-3.889049426642014e-21,0.0,0.0,-0.0,0.0,0.0,0.0,-0.0,0.0,0.0,0.0,0.0,0.0,4.0,0.0,0.0
12081120,298.3309326171875,303.1499938964844,285.1499938964844,0.0,-0.0,287.7329406738281,0.0,0.0,9.419076377525926e-05,298.43865966796875,303.1499938964844,285.1499938964844,0.0,-0.0,287.73370361328125,0.0,0.0,9.91875713225454e-05,298.8309936523437,303.1499938964844,285.1499938964844,0.0,-0.0,287.73321533203125,0.0,0.0,7.325971819227561e-05,298.0707702636719,303.1499938964844,285.1499938964844,0.0,-0.0,287.7327575683594,0.0,0.0,9.918739669956268e-05,298.244873046875,303.1499938964844,285.1499938964844,0.0,-0.0,287.73193359375,0.0,0.0,0.0004705022729467,287.70562744140625,294.1499938964844,288.4275817871094,285.1579284667969,289.9504699707031,288.71844482421875,286.7511291503906,0.0,0.0,0.0,0.0,1.0,1.0,-0.0010037118336185,6.2981193593714124e-09,0.0010037055471912,-0.0155523056164383,0.0,0.0,0.0,-0.0079350639134645,60.0,1.1873726844787598,-0.0,-6.868749125032991e-08,0.0,283.1644592285156,287.4449462890625,288.6285095214844,288.9419860839844,293.1499938964844,293.1499938964844,278.1499938964844,0.0,18000.0,313.1499938964844,0.0,18000.0,0.0,0.0,0.0,0.0,0.0,0.0,0.0,0.0,0.0,0.0,0.0,0.0,-7.778098853284027e-21,-3.889049426642014e-21,-3.889049426642014e-21,0.0,0.0,-0.0,0.0,0.0,0.0,-0.0,0.0,0.0,0.0,0.0,0.0,4.0,0.0,0.0
12081180,298.32879638671875,303.1499938964844,285.1499938964844,0.0,-0.0,287.7277526855469,0.0,0.0,9.420465357834472e-05,298.43756103515625,303.1499938964844,285.1499938964844,0.0,-0.0,287.7284851074219,0.0,0.0,9.920219599734992e-05,298.8294372558594,303.1499938964844,285.1499938964844,0.0,-0.0,287.72802734375,0.0,0.0,7.327051571337506e-05,298.07098388671875,303.1499938964844,285.1499938964844,0.0,-0.0,287.7275695800781,0.0,0.0,9.920202137436718e-05,298.24542236328125,303.1499938964844,285.1499938964844,0.0,-0.0,287.72674560546875,0.0,0.0,0.0004705716564785,287.6986999511719,294.1499938964844,288.35772705078125,285.1373291015625,289.9227600097656,288.6434020996094,286.76495361328125,0.0,0.0,0.0,0.0,1.0,1.0,-0.0010038582840934,6.315248768373749e-09,0.001003851997666,-0.0155971767380833,0.0,0.0,0.0,-0.0079435557126998,60.0,1.1294218301773071,-0.0,-6.870754276633306e-08,0.0,283.1644592285156,287.4449462890625,288.6285095214844,288.9419860839844,293.1499938964844,293.1499938964844,278.1499938964844,0.0,18000.0,313.1499938964844,0.0,18000.0,0.0,0.0,0.0,0.0,0.0,0.0,0.0,0.0,0.0,0.0,0.0,0.0,-7.778098853284027e-21,-3.889049426642014e-21,-3.889049426642014e-21,0.0,0.0,-0.0,0.0,0.0,0.0,-0.0,0.0,0.0,0.0,0.0,0.0,4.0,0.0,0.0
12081240,298.32879638671875,303.1499938964844,285.1499938964844,0.0,-0.0,287.7277526855469,0.0,0.0,9.420465357834472e-05,298.43756103515625,303.1499938964844,285.1499938964844,0.0,-0.0,287.7284851074219,0.0,0.0,9.920219599734992e-05,298.8294372558594,303.1499938964844,285.1499938964844,0.0,-0.0,287.72802734375,0.0,0.0,7.327051571337506e-05,298.07098388671875,303.1499938964844,285.1499938964844,0.0,-0.0,287.7275695800781,0.0,0.0,9.920202137436718e-05,298.24542236328125,303.1499938964844,285.1499938964844,0.0,-0.0,287.72674560546875,0.0,0.0,0.0004705716564785,287.6986999511719,294.1499938964844,288.35772705078125,285.1373291015625,289.9227600097656,288.6434020996094,286.76495361328125,0.0,0.0,0.0,0.0,1.0,1.0,-0.0010038582840934,6.315248768373749e-09,0.001003851997666,-0.0155971767380833,0.0,0.0,0.0,-0.0079435557126998,60.0,1.1294218301773071,-0.0,-6.870754276633306e-08,0.0,283.1644592285156,287.4449462890625,288.6285095214844,288.9419860839844,293.1499938964844,293.1499938964844,278.1499938964844,0.0,18000.0,313.1499938964844,0.0,18000.0,0.0,0.0,0.0,0.0,0.0,0.0,0.0,0.0,0.0,0.0,0.0,0.0,-7.778098853284027e-21,-3.889049426642014e-21,-3.889049426642014e-21,0.0,0.0,-0.0,0.0,0.0,0.0,-0.0,0.0,0.0,0.0,0.0,0.0,4.0,0.0,0.0
12081300,298.32769775390625,303.1499938964844,285.1499938964844,0.0,-0.0,287.7251281738281,0.0,0.0,9.420978312846272e-05,298.4369506835937,303.1499938964844,285.1499938964844,0.0,-0.0,287.7258605957031,0.0,0.0,9.920759475789964e-05,298.8285827636719,303.1499938964844,285.1499938964844,0.0,-0.0,287.72540283203125,0.0,0.0,7.327450293814763e-05,298.071044921875,303.1499938964844,285.1499938964844,0.0,-0.0,287.7249450683594,0.0,0.0,9.920742741087452e-05,298.2456359863281,303.1499938964844,285.1499938964844,0.0,-0.0,287.7241516113281,0.0,0.0,0.0004705972678493,287.6952209472656,294.1499938964844,288.3229064941406,285.1267395019531,289.9086303710937,288.60626220703125,286.7715148925781,0.0,0.0,0.0,0.0,1.0,1.0,-0.0010039123008027,6.3215530587967805e-09,0.00100390589796,-0.0156136909499764,0.0,0.0,0.0,-0.0079466802999377,60.0,1.1007602214813232,-0.0,-6.871491819993025e-08,0.0,283.1644592285156,287.4449462890625,288.6285095214844,288.9419860839844,293.1499938964844,293.1499938964844,278.1499938964844,0.0,18000.0,313.1499938964844,0.0,18000.0,0.0,0.0,0.0,0.0,0.0,0.0,0.0,0.0,0.0,-0.0,-0.0,-0.0,-7.778098853284027e-21,-3.889049426642014e-21,-3.889049426642014e-21,0.0,0.0,-0.0,0.0,0.0,0.0,-0.0,0.0,0.0,0.0,0.0,0.0,4.0,0.0,0.0
12081360,298.3265686035156,303.1499938964844,285.1499938964844,0.0,-0.0,287.7225036621094,0.0,0.0,9.421358845429496e-05,298.436279296875,303.1499938964844,285.1499938964844,0.0,-0.0,287.7232360839844,0.0,0.0,9.921160381054506e-05,298.82769775390625,303.1499938964844,285.1499938964844,0.0,-0.0,287.7227783203125,0.0,0.0,7.327746425289661e-05,298.07110595703125,303.1499938964844,285.1499938964844,0.0,-0.0,287.7223205566406,0.0,0.0,9.921143646351992e-05,298.2458190917969,303.1499938964844,285.1499938964844,0.0,-0.0,287.7215270996094,0.0,0.0,0.0004706162726506,287.6917724609375,294.1499938964844,288.2881774902344,285.115966796875,289.8943176269531,288.56939697265625,286.77783203125,0.0,0.0,0.0,0.0,1.0,1.0,-0.0010039521148428,6.326209334162057e-09,0.0010039457120001,-0.0156258884817361,0.0,0.0,0.0,-0.0079489890486001,60.0,1.072298288345337,-0.0,-6.872036806271353e-08,0.0,283.1644592285156,287.4449462890625,288.6285095214844,288.9419860839844,293.1499938964844,293.1499938964844,278.1499938964844,0.0,18000.0,313.1499938964844,0.0,18000.0,0.0,0.0,0.0,0.0,0.0,0.0,0.0,0.0,0.0,0.0,0.0,0.0,-7.778098853284027e-21,-3.889049426642014e-21,-3.889049426642014e-21,0.0,0.0,-0.0,0.0,0.0,0.0,-0.0,0.0,0.0,0.0,0.0,0.0,4.0,0.0,0.0
12081420,298.3243103027344,303.1499938964844,285.1499938964844,0.0,-0.0,287.7172546386719,0.0,0.0,9.421692084288225e-05,298.434814453125,303.1499938964844,285.1499938964844,0.0,-0.0,287.71795654296875,0.0,0.0,9.92151108221151e-05,298.8258361816406,303.1499938964844,285.1499938964844,0.0,-0.0,287.7174987792969,0.0,0.0,7.328004721784964e-05,298.07110595703125,303.1499938964844,285.1499938964844,0.0,-0.0,287.717041015625,0.0,0.0,9.921494347508995e-05,298.2461242675781,303.1499938964844,285.1499938964844,0.0,-0.0,287.7162780761719,0.0,0.0,0.0004706329200416,287.6847839355469,294.1499938964844,288.21893310546875,285.09375,289.8651428222656,288.49639892578125,286.7898254394531,0.0,0.0,0.0,0.0,1.0,1.0,-0.0010039861081168,6.330190593928364e-09,0.0010039798216894,-0.0156363174319267,0.0,0.0,0.0,-0.0079509625211358,60.0,1.0159472227096558,-0.0,-6.872502922306013e-08,0.0,283.1644592285156,287.4449462890625,288.6285095214844,288.9419860839844,293.1499938964844,293.1499938964844,278.1499938964844,0.0,18000.0,313.1499938964844,0.0,18000.0,0.0,0.0,0.0,0.0,0.0,0.0,0.0,0.0,0.0,0.0,0.0,0.0,-7.778098853284027e-21,-3.889049426642014e-21,-3.889049426642014e-21,0.0,0.0,-0.0,0.0,0.0,0.0,-0.0,0.0,0.0,0.0,0.0,0.0,4.0,0.0,0.0
12081480,298.3243103027344,303.1499938964844,285.1499938964844,0.0,-0.0,287.7172546386719,0.0,0.0,9.421692084288225e-05,298.434814453125,303.1499938964844,285.1499938964844,0.0,-0.0,287.71795654296875,0.0,0.0,9.92151108221151e-05,298.8258361816406,303.1499938964844,285.1499938964844,0.0,-0.0,287.7174987792969,0.0,0.0,7.328004721784964e-05,298.07110595703125,303.1499938964844,285.1499938964844,0.0,-0.0,287.717041015625,0.0,0.0,9.921494347508995e-05,298.2461242675781,303.1499938964844,285.1499938964844,0.0,-0.0,287.7162780761719,0.0,0.0,0.0004706329200416,287.6847839355469,294.1499938964844,288.21893310546875,285.09375,289.8651428222656,288.49639892578125,286.7898254394531,0.0,0.0,0.0,0.0,1.0,1.0,-0.0010039861081168,6.330190593928364e-09,0.0010039798216894,-0.0156363174319267,0.0,0.0,0.0,-0.0079509625211358,60.0,1.0159472227096558,-0.0,-6.872502922306013e-08,0.0,283.1644592285156,287.4449462890625,288.6285095214844,288.9419860839844,293.1499938964844,293.1499938964844,278.1499938964844,0.0,18000.0,313.1499938964844,0.0,18000.0,0.0,0.0,0.0,0.0,0.0,0.0,0.0,0.0,0.0,0.0,0.0,0.0,-7.778098853284027e-21,-3.889049426642014e-21,-3.889049426642014e-21,0.0,0.0,-0.0,0.0,0.0,0.0,-0.0,0.0,0.0,0.0,0.0,0.0,4.0,0.0,0.0
12081540,298.3220520019531,303.1499938964844,285.1499938964844,0.0,-0.0,287.7119445800781,0.0,0.0,9.421405411558226e-05,298.4332275390625,303.1499938964844,285.1499938964844,0.0,-0.0,287.712646484375,0.0,0.0,9.92120912997052e-05,298.8238525390625,303.1499938964844,285.1499938964844,0.0,-0.0,287.7121887207031,0.0,0.0,7.32778207748197e-05,298.0710144042969,303.1499938964844,285.1499938964844,0.0,-0.0,287.7117614746094,0.0,0.0,9.921192395268008e-05,298.24627685546875,303.1499938964844,285.1499938964844,0.0,-0.0,287.71099853515625,0.0,0.0,0.0004706186300609,287.6778259277344,294.1499938964844,288.1499938964844,285.0706481933594,289.8352355957031,288.4242858886719,286.8009948730469,0.0,0.0,0.0,0.0,1.0,1.0,-0.0010039542103186,6.326451362781427e-09,0.0010039479238912,-0.0156265217810869,0.0,0.0,0.0,-0.0079491091892123,60.0,0.960330367088318,-0.0,-6.872065227980785e-08,0.0,283.1644592285156,287.4449462890625,288.6285095214844,288.9419860839844,293.1499938964844,293.1499938964844,278.1499938964844,0.0,18000.0,313.1499938964844,0.0,18000.0,0.0,0.0,0.0,0.0,0.0,0.0,0.0,0.0,0.0,0.0,0.0,0.0,-7.778098853284027e-21,-3.889049426642014e-21,-3.889049426642014e-21,0.0,0.0,-0.0,0.0,0.0,0.0,-0.0,0.0,0.0,0.0,0.0,0.0,4.0,0.0,0.0
12081600,298.3220520019531,303.1499938964844,285.1499938964844,0.0,-0.0,287.7119445800781,0.0,0.0,9.421405411558226e-05,298.4332275390625,303.1499938964844,285.1499938964844,0.0,-0.0,287.712646484375,0.0,0.0,9.92120912997052e-05,298.8238525390625,303.1499938964844,285.1499938964844,0.0,-0.0,287.7121887207031,0.0,0.0,7.32778207748197e-05,298.0710144042969,303.1499938964844,285.1499938964844,0.0,-0.0,287.7117614746094,0.0,0.0,9.921192395268008e-05,298.24627685546875,303.1499938964844,285.1499938964844,0.0,-0.0,287.71099853515625,0.0,0.0,0.0004706186300609,287.6778259277344,294.1499938964844,288.1499938964844,285.0706481933594,289.8352355957031,288.4242858886719,286.8009948730469,0.0,0.0,0.0,0.0,1.0,1.0,-0.0010039542103186,6.326451362781427e-09,0.0010039479238912,-0.0156265217810869,0.0,0.0,0.0,-0.0079491091892123,60.0,0.960330367088318,-0.0,-6.872065227980785e-08,0.0,283.1644592285156,287.4449462890625,288.6285095214844,288.9419860839844,293.1499938964844,293.1499938964844,278.1499938964844,0.0,18000.0,313.1499938964844,0.0,18000.0,0.0,0.0,0.0,0.0,0.0,0.0,0.0,0.0,0.0,0.0,0.0,0.0,-7.778098853284027e-21,-3.889049426642014e-21,-3.889049426642014e-21,0.0,0.0,-0.0,0.0,0.0,0.0,-0.0,0.0,0.0,0.0,0.0,0.0,4.0,0.0,0.0
12081660,298.31982421875,303.1499938964844,285.1499938964844,0.0,-0.0,287.70660400390625,0.0,0.0,9.419741400051862e-05,298.4314880371094,303.1499938964844,285.1499938964844,0.0,-0.0,287.7073059082031,0.0,0.0,9.919456351781264e-05,298.82177734375,303.1499938964844,285.1499938964844,0.0,-0.0,287.7068786621094,0.0,0.0,7.326486957026646e-05,298.07086181640625,303.1499938964844,285.1499938964844,0.0,-0.0,287.7064208984375,0.0,0.0,9.919439617078751e-05,298.24639892578125,303.1499938964844,285.1499938964844,0.0,-0.0,287.7056579589844,0.0,0.0,0.0004705354804173,287.6708374023437,294.1499938964844,288.08233642578125,285.046142578125,289.8046569824219,288.3531494140625,286.8114013671875,0.0,0.0,0.0,0.0,1.0,1.0,-0.0010037755127996,6.3055471954953646e-09,0.0010037692263722,-0.0155717637389898,0.0,0.0,0.0,-0.0079387463629245,60.0,0.9056334495544434,-0.0,-6.869618118798827e-08,0.0,283.1644592285156,287.4449462890625,288.6285095214844,288.9419860839844,293.1499938964844,293.1499938964844,278.1499938964844,0.0,18000.0,313.1499938964844,0.0,18000.0,0.0,0.0,0.0,0.0,0.0,0.0,0.0,0.0,0.0,0.0,0.0,0.0,-7.778098853284027e-21,-3.889049426642014e-21,-3.889049426642014e-21,0.0,0.0,-0.0,0.0,0.0,0.0,-0.0,0.0,0.0,0.0,0.0,0.0,4.0,0.0,0.0
12081720,298.31982421875,303.1499938964844,285.1499938964844,0.0,-0.0,287.70660400390625,0.0,0.0,9.419741400051862e-05,298.4314880371094,303.1499938964844,285.1499938964844,0.0,-0.0,287.7073059082031,0.0,0.0,9.919456351781264e-05,298.82177734375,303.1499938964844,285.1499938964844,0.0,-0.0,287.7068786621094,0.0,0.0,7.326486957026646e-05,298.07086181640625,303.1499938964844,285.1499938964844,0.0,-0.0,287.7064208984375,0.0,0.0,9.919439617078751e-05,298.24639892578125,303.1499938964844,285.1499938964844,0.0,-0.0,287.7056579589844,0.0,0.0,0.0004705354804173,287.6708374023437,294.1499938964844,288.08233642578125,285.046142578125,289.8046569824219,288.3531494140625,286.8114013671875,0.0,0.0,0.0,0.0,1.0,1.0,-0.0010037755127996,6.3055471954953646e-09,0.0010037692263722,-0.0155717637389898,0.0,0.0,0.0,-0.0079387463629245,60.0,0.9056334495544434,-0.0,-6.869618118798827e-08,0.0,283.1644592285156,287.4449462890625,288.6285095214844,288.9419860839844,293.1499938964844,293.1499938964844,278.1499938964844,0.0,18000.0,313.1499938964844,0.0,18000.0,0.0,0.0,0.0,0.0,0.0,0.0,0.0,0.0,0.0,0.0,0.0,0.0,-7.778098853284027e-21,-3.889049426642014e-21,-3.889049426642014e-21,0.0,0.0,-0.0,0.0,0.0,0.0,-0.0,0.0,0.0,0.0,0.0,0.0,4.0,0.0,0.0
12081780,298.3178405761719,303.1499938964844,285.1499938964844,0.0,-0.0,287.7012634277344,0.0,0.0,9.416003013029696e-05,298.4296569824219,303.1499938964844,285.1499938964844,0.0,-0.0,287.70196533203125,0.0,0.0,9.915520058711992e-05,298.819580078125,303.1499938964844,285.1499938964844,0.0,-0.0,287.7015075683594,0.0,0.0,7.323579484364018e-05,298.07061767578125,303.1499938964844,285.1499938964844,0.0,-0.0,287.7010803222656,0.0,0.0,9.915503324009478e-05,298.2464294433594,303.1499938964844,285.1499938964844,0.0,-0.0,287.7003479003906,0.0,0.0,0.0004703487502411,287.6638488769531,294.1499938964844,288.01678466796875,285.0198974609375,289.7734680175781,288.283447265625,286.8210754394531,0.0,0.0,0.0,0.0,1.0,1.0,-0.0010033757425844,6.2588032534449675e-09,0.0010033695725724,-0.0154493153095245,0.0,0.0,0.0,-0.0079155741259455,60.0,0.8525179028511047,-0.0,-6.86414765027621e-08,0.0,283.1644592285156,287.4449462890625,288.6285095214844,288.9419860839844,293.1499938964844,293.1499938964844,278.1499938964844,0.0,18000.0,313.1499938964844,0.0,18000.0,0.0,0.0,0.0,0.0,0.0,0.0,0.0,0.0,0.0,-0.0,-0.0,-0.0,-7.778098853284027e-21,-3.889049426642014e-21,-3.889049426642014e-21,0.0,0.0,-0.0,0.0,0.0,0.0,-0.0,0.0,0.0,0.0,0.0,0.0,4.0,0.0,0.0
12081840,298.3178405761719,303.1499938964844,285.1499938964844,0.0,-0.0,287.7012634277344,0.0,0.0,9.416003013029696e-05,298.4296569824219,303.1499938964844,285.1499938964844,0.0,-0.0,287.70196533203125,0.0,0.0,9.915520058711992e-05,298.819580078125,303.1499938964844,285.1499938964844,0.0,-0.0,287.7015075683594,0.0,0.0,7.323579484364018e-05,298.07061767578125,303.1499938964844,285.1499938964844,0.0,-0.0,287.7010803222656,0.0,0.0,9.915503324009478e-05,298.2464294433594,303.1499938964844,285.1499938964844,0.0,-0.0,287.7003479003906,0.0,0.0,0.0004703487502411,287.6638488769531,294.1499938964844,288.01678466796875,285.0198974609375,289.7734680175781,288.283447265625,286.8210754394531,0.0,0.0,0.0,0.0,1.0,1.0,-0.0010033757425844,6.2588032534449675e-09,0.0010033695725724,-0.0154493153095245,0.0,0.0,0.0,-0.0079155741259455,60.0,0.8525179028511047,-0.0,-6.86414765027621e-08,0.0,283.1644592285156,287.4449462890625,288.6285095214844,288.9419860839844,293.1499938964844,293.1499938964844,278.1499938964844,0.0,18000.0,313.1499938964844,0.0,18000.0,0.0,0.0,0.0,0.0,0.0,0.0,0.0,0.0,0.0,-0.0,-0.0,-0.0,-7.778098853284027e-21,-3.889049426642014e-21,-3.889049426642014e-21,0.0,0.0,-0.0,0.0,0.0,0.0,-0.0,0.0,0.0,0.0,0.0,0.0,4.0,0.0,0.0
12081900,298.3169860839844,303.1499938964844,285.1499938964844,0.0,-0.0,287.6985778808594,0.0,0.0,9.413386578671634e-05,298.4287109375,303.1499938964844,285.1499938964844,0.0,-0.0,287.69927978515625,0.0,0.0,9.912763925967738e-05,298.8184814453125,303.1499938964844,285.1499938964844,0.0,-0.0,287.6988220214844,0.0,0.0,7.321543671423569e-05,298.0704650878906,303.1499938964844,285.1499938964844,0.0,-0.0,287.69842529296875,0.0,0.0,9.912747918860988e-05,298.2464599609375,303.1499938964844,285.1499938964844,0.0,-0.0,287.6976623535156,0.0,0.0,0.0004702180449385,287.6603698730469,294.1499938964844,287.9847717285156,285.0061340332031,289.75762939453125,288.249267578125,286.82568359375,0.0,0.0,0.0,0.0,1.0,1.0,-0.0010030962293967,6.226115178975533e-09,0.0010030900593847,-0.0153636876493692,0.0,0.0,0.0,-0.0078993691131472,60.0,0.8266092538833618,-0.0,-6.860323509272348e-08,0.0,283.1644592285156,287.4449462890625,288.6285095214844,288.9419860839844,293.1499938964844,293.1499938964844,278.1499938964844,0.0,18000.0,313.1499938964844,0.0,18000.0,0.0,0.0,0.0,0.0,0.0,0.0,0.0,0.0,0.0,0.0,0.0,0.0,-7.778098853284027e-21,-3.889049426642014e-21,-3.889049426642014e-21,0.0,0.0,-0.0,0.0,0.0,-0.0,-0.0,0.0,0.0,0.0,0.0,0.0,4.0,0.0,0.0
12081960,298.3162536621094,303.1499938964844,285.1499938964844,0.0,-0.0,287.6959228515625,0.0,0.0,9.410293569089843e-05,298.4277648925781,303.1499938964844,285.1499938964844,0.0,-0.0,287.69659423828125,0.0,0.0,9.90950720733963e-05,298.8173522949219,303.1499938964844,285.1499938964844,0.0,-0.0,287.6961669921875,0.0,0.0,7.31913823983632e-05,298.0703125,303.1499938964844,285.1499938964844,0.0,-0.0,287.6957397460937,0.0,0.0,9.909491200232878e-05,298.2464599609375,303.1499938964844,285.1499938964844,0.0,-0.0,287.6949768066406,0.0,0.0,0.0004700635327026,287.6568908691406,294.1499938964844,287.9532165527344,284.99200439453125,289.7416687011719,288.215576171875,286.8301086425781,0.0,0.0,0.0,0.0,1.0,1.0,-0.001002766075544,6.187496293108552e-09,0.001002759905532,-0.0152625236660242,0.0,0.0,0.0,-0.0078802239149808,60.0,0.8011237978935242,-0.0,-6.855806589101121e-08,0.0,283.1644592285156,287.4449462890625,288.6285095214844,288.9419860839844,293.1499938964844,293.1499938964844,278.1499938964844,0.0,18000.0,313.1499938964844,0.0,18000.0,0.0,0.0,0.0,0.0,0.0,0.0,0.0,0.0,0.0,-0.0,0.0,0.0,-7.778098853284027e-21,-3.889049426642014e-21,-3.889049426642014e-21,0.0,0.0,-0.0,0.0,0.0,0.0,-0.0,0.0,0.0,0.0,0.0,0.0,4.0,0.0,0.0
12082020,298.3150634765625,303.1499938964844,285.1499938964844,0.0,-0.0,287.6905517578125,0.0,0.0,9.402761497767642e-05,298.42578125,303.1499938964844,285.1499938964844,0.0,-0.0,287.69122314453125,0.0,0.0,9.901574958348648e-05,298.8150939941406,303.1499938964844,285.1499938964844,0.0,-0.0,287.6907653808594,0.0,0.0,7.31327963876538e-05,298.0699462890625,303.1499938964844,285.1499938964844,0.0,-0.0,287.6903686523437,0.0,0.0,9.901559678837656e-05,298.2464904785156,303.1499938964844,285.1499938964844,0.0,-0.0,287.68963623046875,0.0,0.0,0.0004696873074863,287.6499328613281,294.1499938964844,287.8914794921875,284.962646484375,289.7093505859375,288.1497802734375,286.8385314941406,0.0,0.0,0.0,0.0,1.0,1.0,-0.0010019621113315,6.093486604186182e-09,0.0010019560577347,-0.0150162577629089,0.0,0.0,0.0,-0.0078336196020245,60.0,0.7513758540153503,-0.0,-6.844817335149855e-08,0.0,283.1644592285156,287.4449462890625,288.6285095214844,288.9419860839844,293.1499938964844,293.1499938964844,278.1499938964844,0.0,18000.0,313.1499938964844,0.0,18000.0,0.0,0.0,0.0,0.0,0.0,0.0,0.0,0.0,0.0,-0.0,0.0,0.0,-7.778098853284027e-21,-3.889049426642014e-21,-3.889049426642014e-21,0.0,0.0,-0.0,0.0,0.0,0.0,-0.0,0.0,0.0,0.0,0.0,0.0,4.0,0.0,0.0
12082080,298.3150634765625,303.1499938964844,285.1499938964844,0.0,-0.0,287.6905517578125,0.0,0.0,9.402761497767642e-05,298.42578125,303.1499938964844,285.1499938964844,0.0,-0.0,287.69122314453125,0.0,0.0,9.901574958348648e-05,298.8150939941406,303.1499938964844,285.1499938964844,0.0,-0.0,287.6907653808594,0.0,0.0,7.31327963876538e-05,298.0699462890625,303.1499938964844,285.1499938964844,0.0,-0.0,287.6903686523437,0.0,0.0,9.901559678837656e-05,298.2464904785156,303.1499938964844,285.1499938964844,0.0,-0.0,287.68963623046875,0.0,0.0,0.0004696873074863,287.6499328613281,294.1499938964844,287.8914794921875,284.962646484375,289.7093505859375,288.1497802734375,286.8385314941406,0.0,0.0,0.0,0.0,1.0,1.0,-0.0010019621113315,6.093486604186182e-09,0.0010019560577347,-0.0150162577629089,0.0,0.0,0.0,-0.0078336196020245,60.0,0.7513758540153503,-0.0,-6.844817335149855e-08,0.0,283.1644592285156,287.4449462890625,288.6285095214844,288.9419860839844,293.1499938964844,293.1499938964844,278.1499938964844,0.0,18000.0,313.1499938964844,0.0,18000.0,0.0,0.0,0.0,0.0,0.0,0.0,0.0,0.0,0.0,-0.0,0.0,0.0,-7.778098853284027e-21,-3.889049426642014e-21,-3.889049426642014e-21,0.0,0.0,-0.0,0.0,0.0,0.0,-0.0,0.0,0.0,0.0,0.0,0.0,4.0,0.0,0.0
12082140,298.3143615722656,303.1499938964844,285.1499938964844,0.0,-0.0,287.6851501464844,0.0,0.0,9.393591608386488e-05,298.4237670898437,303.1499938964844,285.1499938964844,0.0,-0.0,287.6858215332031,0.0,0.0,9.891919034998864e-05,298.81280517578125,303.1499938964844,285.1499938964844,0.0,-0.0,287.6853942871094,0.0,0.0,7.306147745111957e-05,298.0695495605469,303.1499938964844,285.1499938964844,0.0,-0.0,287.6849975585937,0.0,0.0,9.891903755487874e-05,298.2465209960937,303.1499938964844,285.1499938964844,0.0,-0.0,287.68426513671875,0.0,0.0,0.0004692292714025,287.6430053710937,294.1499938964844,287.8314514160156,284.9319763183594,289.67657470703125,288.08624267578125,286.8463439941406,0.0,0.0,0.0,0.0,1.0,1.0,-0.0010009837569668,5.979075012874091e-09,0.0010009777033701,-0.014716544188559,0.0,0.0,0.0,-0.0077769011259078,60.0,0.7032018899917603,-0.0,-6.831455579003888e-08,0.0,283.1644592285156,287.4449462890625,288.6285095214844,288.9419860839844,293.1499938964844,293.1499938964844,278.1499938964844,0.0,18000.0,313.1499938964844,0.0,18000.0,0.0,0.0,0.0,0.0,0.0,0.0,0.0,0.0,0.0,-0.0,0.0,0.0,-7.778098853284027e-21,-3.889049426642014e-21,-3.889049426642014e-21,0.0,0.0,-0.0,0.0,0.0,0.0,-0.0,0.0,0.0,0.0,0.0,0.0,4.0,0.0,0.0
12082200,298.3143615722656,303.1499938964844,285.1499938964844,0.0,-0.0,287.6851501464844,0.0,0.0,9.393591608386488e-05,298.4237670898437,303.1499938964844,285.1499938964844,0.0,-0.0,287.6858215332031,0.0,0.0,9.891919034998864e-05,298.81280517578125,303.1499938964844,285.1499938964844,0.0,-0.0,287.6853942871094,0.0,0.0,7.306147745111957e-05,298.0695495605469,303.1499938964844,285.1499938964844,0.0,-0.0,287.6849975585937,0.0,0.0,9.891903755487874e-05,298.2465209960937,303.1499938964844,285.1499938964844,0.0,-0.0,287.68426513671875,0.0,0.0,0.0004692292714025,287.6430053710937,294.1499938964844,287.8314514160156,284.9319763183594,289.67657470703125,288.08624267578125,286.8463439941406,0.0,0.0,0.0,0.0,1.0,1.0,-0.0010009837569668,5.979075012874091e-09,0.0010009777033701,-0.014716544188559,0.0,0.0,0.0,-0.0077769011259078,60.0,0.7032018899917603,-0.0,-6.831455579003888e-08,0.0,283.1644592285156,287.4449462890625,288.6285095214844,288.9419860839844,293.1499938964844,293.1499938964844,278.1499938964844,0.0,18000.0,313.1499938964844,0.0,18000.0,0.0,0.0,0.0,0.0,0.0,0.0,0.0,0.0,0.0,-0.0,0.0,0.0,-7.778098853284027e-21,-3.889049426642014e-21,-3.889049426642014e-21,0.0,0.0,-0.0,0.0,0.0,0.0,-0.0,0.0,0.0,0.0,0.0,0.0,4.0,0.0,0.0
12082260,298.3141174316406,303.1499938964844,285.1499938964844,0.0,-0.0,287.6797790527344,0.0,0.0,9.382988355355336e-05,298.42169189453125,303.1499938964844,285.1499938964844,0.0,-0.0,287.6804504394531,0.0,0.0,9.880752622848377e-05,298.8104858398437,303.1499938964844,285.1499938964844,0.0,-0.0,287.6800231933594,0.0,0.0,7.29790044715628e-05,298.06915283203125,303.1499938964844,285.1499938964844,0.0,-0.0,287.6795959472656,0.0,0.0,9.880737343337388e-05,298.24658203125,303.1499938964844,285.1499938964844,0.0,-0.0,287.67889404296875,0.0,0.0,0.0004686996107921,287.6360778808594,294.1499938964844,287.77294921875,284.9000549316406,289.6433410644531,288.02496337890625,286.8536376953125,0.0,0.0,0.0,0.0,1.0,1.0,-0.0009998525492846,5.846799933095781e-09,0.0009998466121032,-0.0143700297921895,0.0,0.0,0.0,-0.0077113267034292,60.0,0.656497597694397,-0.0,-6.816023301325913e-08,0.0,283.1644592285156,287.4449462890625,288.6285095214844,288.9419860839844,293.1499938964844,293.1499938964844,278.1499938964844,0.0,18000.0,313.1499938964844,0.0,18000.0,0.0,0.0,0.0,0.0,0.0,0.0,0.0,0.0,0.0,-0.0,0.0,0.0,-7.778098853284027e-21,-3.889049426642014e-21,-3.889049426642014e-21,0.0,0.0,-0.0,0.0,0.0,0.0,-0.0,0.0,0.0,0.0,0.0,0.0,4.0,0.0,0.0
12082320,298.3141174316406,303.1499938964844,285.1499938964844,0.0,-0.0,287.6797790527344,0.0,0.0,9.382988355355336e-05,298.42169189453125,303.1499938964844,285.1499938964844,0.0,-0.0,287.6804504394531,0.0,0.0,9.880752622848377e-05,298.8104858398437,303.1499938964844,285.1499938964844,0.0,-0.0,287.6800231933594,0.0,0.0,7.29790044715628e-05,298.06915283203125,303.1499938964844,285.1499938964844,0.0,-0.0,287.6795959472656,0.0,0.0,9.880737343337388e-05,298.24658203125,303.1499938964844,285.1499938964844,0.0,-0.0,287.67889404296875,0.0,0.0,0.0004686996107921,287.6360778808594,294.1499938964844,287.77294921875,284.9000549316406,289.6433410644531,288.02496337890625,286.8536376953125,0.0,0.0,0.0,0.0,1.0,1.0,-0.0009998525492846,5.846799933095781e-09,0.0009998466121032,-0.0143700297921895,0.0,0.0,0.0,-0.0077113267034292,60.0,0.656497597694397,-0.0,-6.816023301325913e-08,0.0,283.1644592285156,287.4449462890625,288.6285095214844,288.9419860839844,293.1499938964844,293.1499938964844,278.1499938964844,0.0,18000.0,313.1499938964844,0.0,18000.0,0.0,0.0,0.0,0.0,0.0,0.0,0.0,0.0,0.0,-0.0,0.0,0.0,-7.778098853284027e-21,-3.889049426642014e-21,-3.889049426642014e-21,0.0,0.0,-0.0,0.0,0.0,0.0,-0.0,0.0,0.0,0.0,0.0,0.0,4.0,0.0,0.0
12082380,298.3143310546875,303.1499938964844,285.1499938964844,0.0,-0.0,287.6744079589844,0.0,0.0,9.371171472594142e-05,298.41961669921875,303.1499938964844,285.1499938964844,0.0,-0.0,287.675048828125,0.0,0.0,9.86830855254084e-05,298.80816650390625,303.1499938964844,285.1499938964844,0.0,-0.0,287.67462158203125,0.0,0.0,7.288708729902282e-05,298.0687561035156,303.1499938964844,285.1499938964844,0.0,-0.0,287.6742248535156,0.0,0.0,9.868293273029848e-05,298.24664306640625,303.1499938964844,285.1499938964844,0.0,-0.0,287.67352294921875,0.0,0.0,0.0004681093269027,287.6291809082031,294.1499938964844,287.7158203125,284.8670349121094,289.6097106933594,287.96588134765625,286.8604431152344,0.0,0.0,0.0,0.0,1.0,1.0,-0.0009985920041799,5.6994027275436565e-09,0.0009985862998291,-0.0139838950708508,0.0,0.0,0.0,-0.0076382555998861,60.0,0.6111704111099243,-0.0,-6.79884806231712e-08,0.0,283.1644592285156,287.4449462890625,288.6285095214844,288.9419860839844,293.1499938964844,293.1499938964844,278.1499938964844,0.0,18000.0,313.1499938964844,0.0,18000.0,0.0,0.0,0.0,0.0,0.0,0.0,0.0,0.0,0.0,-0.0,0.0,0.0,-7.778098853284027e-21,-3.889049426642014e-21,-3.889049426642014e-21,0.0,0.0,-0.0,0.0,0.0,0.0,-0.0,0.0,0.0,0.0,0.0,0.0,4.0,0.0,0.0
12082440,298.3143310546875,303.1499938964844,285.1499938964844,0.0,-0.0,287.6744079589844,0.0,0.0,9.371171472594142e-05,298.41961669921875,303.1499938964844,285.1499938964844,0.0,-0.0,287.675048828125,0.0,0.0,9.86830855254084e-05,298.80816650390625,303.1499938964844,285.1499938964844,0.0,-0.0,287.67462158203125,0.0,0.0,7.288708729902282e-05,298.0687561035156,303.1499938964844,285.1499938964844,0.0,-0.0,287.6742248535156,0.0,0.0,9.868293273029848e-05,298.24664306640625,303.1499938964844,285.1499938964844,0.0,-0.0,287.67352294921875,0.0,0.0,0.0004681093269027,287.6291809082031,294.1499938964844,287.7158203125,284.8670349121094,289.6097106933594,287.96588134765625,286.8604431152344,0.0,0.0,0.0,0.0,1.0,1.0,-0.0009985920041799,5.6994027275436565e-09,0.0009985862998291,-0.0139838950708508,0.0,0.0,0.0,-0.0076382555998861,60.0,0.6111704111099243,-0.0,-6.79884806231712e-08,0.0,283.1644592285156,287.4449462890625,288.6285095214844,288.9419860839844,293.1499938964844,293.1499938964844,278.1499938964844,0.0,18000.0,313.1499938964844,0.0,18000.0,0.0,0.0,0.0,0.0,0.0,0.0,0.0,0.0,0.0,-0.0,0.0,0.0,-7.778098853284027e-21,-3.889049426642014e-21,-3.889049426642014e-21,0.0,0.0,-0.0,0.0,0.0,0.0,-0.0,0.0,0.0,0.0,0.0,0.0,4.0,0.0,0.0
12082500,298.31463623046875,303.1499938964844,285.1499938964844,0.0,-0.0,287.6717224121094,0.0,0.0,9.36487631406635e-05,298.4185485839844,303.1499938964844,285.1499938964844,0.0,-0.0,287.67236328125,0.0,0.0,9.861679427558556e-05,298.8070068359375,303.1499938964844,285.1499938964844,0.0,-0.0,287.67193603515625,0.0,0.0,7.283812010427937e-05,298.06854248046875,303.1499938964844,285.1499938964844,0.0,-0.0,287.6715393066406,0.0,0.0,9.861664148047566e-05,298.2467041015625,303.1499938964844,285.1499938964844,0.0,-0.0,287.6708374023437,0.0,0.0,0.0004677948600146,287.625732421875,294.1499938964844,287.687744140625,284.85015869140625,289.5927429199219,287.93719482421875,286.8636474609375,0.0,0.0,0.0,0.0,1.0,1.0,-0.0009979205206036,5.620887755242165e-09,0.0009979149326682,-0.0137782078236341,0.0,0.0,0.0,-0.0075993323698639,60.0,0.5890069007873535,-0.0,-6.789707640564302e-08,0.0,283.1644592285156,287.4449462890625,288.6285095214844,288.9419860839844,293.1499938964844,293.1499938964844,278.1499938964844,0.0,18000.0,313.1499938964844,0.0,18000.0,0.0,0.0,0.0,0.0,0.0,0.0,0.0,0.0,0.0,-0.0,0.0,0.0,-7.778098853284027e-21,-3.889049426642014e-21,-3.889049426642014e-21,0.0,0.0,-0.0,0.0,0.0,0.0,-0.0,0.0,0.0,0.0,0.0,0.0,4.0,0.0,0.0
12082560,298.31500244140625,303.1499938964844,285.1499938964844,0.0,-0.0,287.6690368652344,0.0,0.0,9.358359966427088e-05,298.4175109863281,303.1499938964844,285.1499938964844,0.0,-0.0,287.669677734375,0.0,0.0,9.85481747193262e-05,298.80584716796875,303.1499938964844,285.1499938964844,0.0,-0.0,287.66925048828125,0.0,0.0,7.278744305949658e-05,298.068359375,303.1499938964844,285.1499938964844,0.0,-0.0,287.6688537597656,0.0,0.0,9.85480219242163e-05,298.24676513671875,303.1499938964844,285.1499938964844,0.0,-0.0,287.66815185546875,0.0,0.0,0.0004674693627748,287.622314453125,294.1499938964844,287.65997314453125,284.83306884765625,289.5757141113281,287.9090270996094,286.86676025390625,0.0,0.0,0.0,0.0,1.0,1.0,-0.0009972255211323,5.539619873928814e-09,0.0009972200496122,-0.0135653065517544,0.0,0.0,0.0,-0.0075590447522699,60.0,0.567145049571991,-0.0,-6.780253869465015e-08,0.0,283.1644592285156,287.4449462890625,288.6285095214844,288.9419860839844,293.1499938964844,293.1499938964844,278.1499938964844,0.0,18000.0,313.1499938964844,0.0,18000.0,0.0,0.0,0.0,0.0,0.0,0.0,0.0,0.0,0.0,-0.0,0.0,0.0,-7.778098853284027e-21,-3.889049426642014e-21,-3.889049426642014e-21,0.0,0.0,-0.0,0.0,0.0,0.0,-0.0,0.0,0.0,0.0,0.0,0.0,4.0,0.0,0.0
12082620,298.3160400390625,303.1499938964844,285.1499938964844,0.0,-0.0,287.6636657714844,0.0,0.0,9.3447721155826e-05,298.4153747558594,303.1499938964844,285.1499938964844,0.0,-0.0,287.6642761230469,0.0,0.0,9.840508573688568e-05,298.80352783203125,303.1499938964844,285.1499938964844,0.0,-0.0,287.66387939453125,0.0,0.0,7.268175977515057e-05,298.0680236816406,303.1499938964844,285.1499938964844,0.0,-0.0,287.6634826660156,0.0,0.0,9.840494021773338e-05,298.2469177246094,303.1499938964844,285.1499938964844,0.0,-0.0,287.6628112792969,0.0,0.0,0.0004667906323447,287.615478515625,294.1499938964844,287.605224609375,284.7981872558594,289.5413818359375,287.85418701171875,286.8726501464844,0.0,0.0,0.0,0.0,1.0,1.0,-0.0009957763832062,5.370170530483165e-09,0.0009957710281014,-0.0131213869899511,0.0,0.0,0.0,-0.0074750413186848,60.0,0.5242633819580078,-0.0,-6.760561888086158e-08,0.0,283.1644592285156,287.4449462890625,288.6285095214844,288.9419860839844,293.1499938964844,293.1499938964844,278.1499938964844,0.0,18000.0,313.1499938964844,0.0,18000.0,0.0,0.0,0.0,0.0,0.0,0.0,0.0,0.0,0.0,-0.0,0.0,0.0,-7.778098853284027e-21,-3.889049426642014e-21,-3.889049426642014e-21,0.0,0.0,-0.0,0.0,0.0,0.0,-0.0,0.0,0.0,0.0,0.0,0.0,4.0,0.0,0.0
12082680,298.3160400390625,303.1499938964844,285.1499938964844,0.0,-0.0,287.6636657714844,0.0,0.0,9.3447721155826e-05,298.4153747558594,303.1499938964844,285.1499938964844,0.0,-0.0,287.6642761230469,0.0,0.0,9.840508573688568e-05,298.80352783203125,303.1499938964844,285.1499938964844,0.0,-0.0,287.66387939453125,0.0,0.0,7.268175977515057e-05,298.0680236816406,303.1499938964844,285.1499938964844,0.0,-0.0,287.6634826660156,0.0,0.0,9.840494021773338e-05,298.2469177246094,303.1499938964844,285.1499938964844,0.0,-0.0,287.6628112792969,0.0,0.0,0.0004667906323447,287.615478515625,294.1499938964844,287.605224609375,284.7981872558594,289.5413818359375,287.85418701171875,286.8726501464844,0.0,0.0,0.0,0.0,1.0,1.0,-0.0009957763832062,5.370170530483165e-09,0.0009957710281014,-0.0131213869899511,0.0,0.0,0.0,-0.0074750413186848,60.0,0.5242633819580078,-0.0,-6.760561888086158e-08,0.0,283.1644592285156,287.4449462890625,288.6285095214844,288.9419860839844,293.1499938964844,293.1499938964844,278.1499938964844,0.0,18000.0,313.1499938964844,0.0,18000.0,0.0,0.0,0.0,0.0,0.0,0.0,0.0,0.0,0.0,-0.0,0.0,0.0,-7.778098853284027e-21,-3.889049426642014e-21,-3.889049426642014e-21,0.0,0.0,-0.0,0.0,0.0,0.0,-0.0,0.0,0.0,0.0,0.0,0.0,4.0,0.0,0.0
12082740,298.31744384765625,303.1499938964844,285.1499938964844,0.0,-0.0,287.6582946777344,0.0,0.0,9.330612374469638e-05,298.4132385253906,303.1499938964844,285.1499938964844,0.0,-0.0,287.6589050292969,0.0,0.0,9.82559722615406e-05,298.8012390136719,303.1499938964844,285.1499938964844,0.0,-0.0,287.65850830078125,0.0,0.0,7.257162360474467e-05,298.0677185058594,303.1499938964844,285.1499938964844,0.0,-0.0,287.6581115722656,0.0,0.0,9.825582674238832e-05,298.2471008300781,303.1499938964844,285.1499938964844,0.0,-0.0,287.6574401855469,0.0,0.0,0.0004660833219531,287.60870361328125,294.1499938964844,287.5514221191406,284.7626037597656,289.5067749023437,287.80126953125,286.8781433105469,0.0,0.0,0.0,0.0,1.0,1.0,-0.0009942663600668,5.193591334773373e-09,0.0009942611213773,-0.0126587813720107,0.0,0.0,0.0,-0.0073875035159289,60.0,0.4824699461460113,-0.0,-6.740071967215044e-08,0.0,283.1644592285156,287.4449462890625,288.6285095214844,288.9419860839844,293.1499938964844,293.1499938964844,278.1499938964844,0.0,18000.0,313.1499938964844,0.0,18000.0,0.0,0.0,0.0,0.0,0.0,0.0,0.0,0.0,0.0,-0.0,0.0,0.0,-7.778098853284027e-21,-3.889049426642014e-21,-3.889049426642014e-21,0.0,0.0,-0.0,0.0,0.0,0.0,-0.0,0.0,0.0,0.0,0.0,0.0,4.0,0.0,0.0
12082800,298.31744384765625,303.1499938964844,285.1499938964844,0.0,-0.0,287.6582946777344,0.0,0.0,9.330612374469638e-05,298.4132385253906,303.1499938964844,285.1499938964844,0.0,-0.0,287.6589050292969,0.0,0.0,9.82559722615406e-05,298.8012390136719,303.1499938964844,285.1499938964844,0.0,-0.0,287.65850830078125,0.0,0.0,7.257162360474467e-05,298.0677185058594,303.1499938964844,285.1499938964844,0.0,-0.0,287.6581115722656,0.0,0.0,9.825582674238832e-05,298.2471008300781,303.1499938964844,285.1499938964844,0.0,-0.0,287.6574401855469,0.0,0.0,0.0004660833219531,287.60870361328125,294.1499938964844,287.5514221191406,284.7626037597656,289.5067749023437,287.80126953125,286.8781433105469,0.0,0.0,0.0,0.0,1.0,1.0,-0.0009942663600668,5.193591334773373e-09,0.0009942611213773,-0.0126587813720107,0.0,0.0,0.0,-0.0073875035159289,60.0,0.4824699461460113,-0.0,-6.740071967215044e-08,0.0,283.1644592285156,287.4449462890625,288.6285095214844,288.9419860839844,293.1499938964844,293.1499938964844,278.1499938964844,0.0,18000.0,313.1499938964844,0.0,18000.0,0.0,0.0,0.0,0.0,0.0,0.0,0.0,0.0,0.0,-0.0,0.0,0.0,-7.778098853284027e-21,-3.889049426642014e-21,-3.889049426642014e-21,0.0,0.0,-0.0,0.0,0.0,0.0,-0.0,0.0,0.0,0.0,0.0,0.0,4.0,0.0,0.0
12082860,298.31915283203125,303.1499938964844,285.1499938964844,0.0,-0.0,287.6529235839844,0.0,0.0,9.31606991798617e-05,298.4111022949219,303.1499938964844,285.1499938964844,0.0,-0.0,287.653564453125,0.0,0.0,9.810283518163489e-05,298.7989501953125,303.1499938964844,285.1499938964844,0.0,-0.0,287.6531677246094,0.0,0.0,7.245851156767458e-05,298.0675048828125,303.1499938964844,285.1499938964844,0.0,-0.0,287.6527709960937,0.0,0.0,9.81026896624826e-05,298.247314453125,303.1499938964844,285.1499938964844,0.0,-0.0,287.652099609375,0.0,0.0,0.0004653568903449,287.6019592285156,294.1499938964844,287.4984130859375,284.7263488769531,289.47186279296875,287.75018310546875,286.8832702636719,0.0,0.0,0.0,0.0,1.0,1.0,-0.0009927154751494,5.012245285485051e-09,0.0009927103528752,-0.0121836783364415,0.0,0.0,0.0,-0.0072976020164787,60.0,0.4416480362415313,-0.0,-6.719061929061354e-08,0.0,283.1644592285156,287.4449462890625,288.6285095214844,288.9419860839844,293.1499938964844,293.1499938964844,278.1499938964844,0.0,18000.0,313.1499938964844,0.0,18000.0,0.0,0.0,0.0,0.0,0.0,0.0,0.0,0.0,0.0,-0.0,0.0,0.0,-7.778098853284027e-21,-3.889049426642014e-21,-3.889049426642014e-21,0.0,0.0,-0.0,0.0,0.0,0.0,-0.0,0.0,0.0,0.0,0.0,0.0,4.0,0.0,0.0
12082920,298.31915283203125,303.1499938964844,285.1499938964844,0.0,-0.0,287.6529235839844,0.0,0.0,9.31606991798617e-05,298.4111022949219,303.1499938964844,285.1499938964844,0.0,-0.0,287.653564453125,0.0,0.0,9.810283518163489e-05,298.7989501953125,303.1499938964844,285.1499938964844,0.0,-0.0,287.6531677246094,0.0,0.0,7.245851156767458e-05,298.0675048828125,303.1499938964844,285.1499938964844,0.0,-0.0,287.6527709960937,0.0,0.0,9.81026896624826e-05,298.247314453125,303.1499938964844,285.1499938964844,0.0,-0.0,287.652099609375,0.0,0.0,0.0004653568903449,287.6019592285156,294.1499938964844,287.4984130859375,284.7263488769531,289.47186279296875,287.75018310546875,286.8832702636719,0.0,0.0,0.0,0.0,1.0,1.0,-0.0009927154751494,5.012245285485051e-09,0.0009927103528752,-0.0121836783364415,0.0,0.0,0.0,-0.0072976020164787,60.0,0.4416480362415313,-0.0,-6.719061929061354e-08,0.0,283.1644592285156,287.4449462890625,288.6285095214844,288.9419860839844,293.1499938964844,293.1499938964844,278.1499938964844,0.0,18000.0,313.1499938964844,0.0,18000.0,0.0,0.0,0.0,0.0,0.0,0.0,0.0,0.0,0.0,-0.0,0.0,0.0,-7.778098853284027e-21,-3.889049426642014e-21,-3.889049426642014e-21,0.0,0.0,-0.0,0.0,0.0,0.0,-0.0,0.0,0.0,0.0,0.0,0.0,4.0,0.0,0.0
12082980,298.3210754394531,303.1499938964844,285.1499938964844,0.0,-0.0,287.6475830078125,0.0,0.0,9.301315003540368e-05,298.408935546875,303.1499938964844,285.1499938964844,0.0,-0.0,287.6482238769531,0.0,0.0,9.7947457106784e-05,298.7966613769531,303.1499938964844,285.1499938964844,0.0,-0.0,287.6478271484375,0.0,0.0,7.234374788822606e-05,298.0673522949219,303.1499938964844,285.1499938964844,0.0,-0.0,287.6474304199219,0.0,0.0,9.794731886358932e-05,298.24755859375,303.1499938964844,285.1499938964844,0.0,-0.0,287.64678955078125,0.0,0.0,0.0004646198649425,287.5952453613281,294.1499938964844,287.4460754394531,284.6895446777344,289.43670654296875,287.70074462890625,286.8880615234375,0.0,0.0,0.0,0.0,1.0,1.0,-0.0009911420056596,4.828265343093108e-09,0.0009911371162161,-0.0117016667500138,0.0,0.0,0.0,-0.0072063952684402,60.0,0.4016875922679901,-0.0,-6.69777975303987e-08,0.0,283.1644592285156,287.4449462890625,288.6285095214844,288.9419860839844,293.1499938964844,293.1499938964844,278.1499938964844,0.0,18000.0,313.1499938964844,0.0,18000.0,0.0,0.0,0.0,0.0,0.0,0.0,0.0,0.0,0.0,-0.0,0.0,0.0,-7.778098853284027e-21,-3.889049426642014e-21,-3.889049426642014e-21,0.0,0.0,-0.0,0.0,0.0,0.0,-0.0,0.0,0.0,0.0,0.0,0.0,4.0,0.0,0.0
12083040,298.3210754394531,303.1499938964844,285.1499938964844,0.0,-0.0,287.6475830078125,0.0,0.0,9.301315003540368e-05,298.408935546875,303.1499938964844,285.1499938964844,0.0,-0.0,287.6482238769531,0.0,0.0,9.7947457106784e-05,298.7966613769531,303.1499938964844,285.1499938964844,0.0,-0.0,287.6478271484375,0.0,0.0,7.234374788822606e-05,298.0673522949219,303.1499938964844,285.1499938964844,0.0,-0.0,287.6474304199219,0.0,0.0,9.794731886358932e-05,298.24755859375,303.1499938964844,285.1499938964844,0.0,-0.0,287.64678955078125,0.0,0.0,0.0004646198649425,287.5952453613281,294.1499938964844,287.4460754394531,284.6895446777344,289.43670654296875,287.70074462890625,286.8880615234375,0.0,0.0,0.0,0.0,1.0,1.0,-0.0009911420056596,4.828265343093108e-09,0.0009911371162161,-0.0117016667500138,0.0,0.0,0.0,-0.0072063952684402,60.0,0.4016875922679901,-0.0,-6.69777975303987e-08,0.0,283.1644592285156,287.4449462890625,288.6285095214844,288.9419860839844,293.1499938964844,293.1499938964844,278.1499938964844,0.0,18000.0,313.1499938964844,0.0,18000.0,0.0,0.0,0.0,0.0,0.0,0.0,0.0,0.0,0.0,-0.0,0.0,0.0,-7.778098853284027e-21,-3.889049426642014e-21,-3.889049426642014e-21,0.0,0.0,-0.0,0.0,0.0,0.0,-0.0,0.0,0.0,0.0,0.0,0.0,4.0,0.0,0.0
12083100,298.3221130371094,303.1499938964844,285.1499938964844,0.0,-0.0,287.6449279785156,0.0,0.0,9.293905168306082e-05,298.4078369140625,303.1499938964844,285.1499938964844,0.0,-0.0,287.6455383300781,0.0,0.0,9.786942973732948e-05,298.7955017089844,303.1499938964844,285.1499938964844,0.0,-0.0,287.6451416015625,0.0,0.0,7.228611502796412e-05,298.0672912597656,303.1499938964844,285.1499938964844,0.0,-0.0,287.644775390625,0.0,0.0,9.78692914941348e-05,298.2477111816406,303.1499938964844,285.1499938964844,0.0,-0.0,287.64410400390625,0.0,0.0,0.0004642497224267,287.5918884277344,294.1499938964844,287.42010498046875,284.6709899902344,289.4190368652344,287.6766662597656,286.89031982421875,0.0,0.0,0.0,0.0,1.0,1.0,-0.000990351778455,4.735869030270123e-09,0.0009903471218422,-0.0114595936611294,0.0,0.0,0.0,-0.0071605904959142,60.0,0.3820104002952575,-0.0,-6.687104558977809e-08,0.0,283.1644592285156,287.4449462890625,288.6285095214844,288.9419860839844,293.1499938964844,293.1499938964844,278.1499938964844,0.0,18000.0,313.1499938964844,0.0,18000.0,0.0,0.0,0.0,0.0,0.0,0.0,0.0,0.0,0.0,-0.0,0.0,0.0,-7.778098853284027e-21,-3.889049426642014e-21,-3.889049426642014e-21,0.0,0.0,-0.0,0.0,0.0,0.0,-0.0,0.0,0.0,0.0,0.0,0.0,4.0,0.0,0.0
12083160,298.3231811523437,303.1499938964844,285.1499938964844,0.0,-0.0,287.64227294921875,0.0,0.0,9.286501881433652e-05,298.4067687988281,303.1499938964844,285.1499938964844,0.0,-0.0,287.64288330078125,0.0,0.0,9.779146785149352e-05,298.7943725585937,303.1499938964844,285.1499938964844,0.0,-0.0,287.6424865722656,0.0,0.0,7.222853309940547e-05,298.0672607421875,303.1499938964844,285.1499938964844,0.0,-0.0,287.6421203613281,0.0,0.0,9.779132960829884e-05,298.2478332519531,303.1499938964844,285.1499938964844,0.0,-0.0,287.6414489746094,0.0,0.0,0.0004638799291569,287.58856201171875,294.1499938964844,287.3942565917969,284.6523132324219,289.4013061523437,287.6529235839844,286.8924865722656,0.0,0.0,0.0,0.0,1.0,1.0,-0.0009895623661577,4.6435539857725425e-09,0.0009895577095448,-0.0112177301198244,0.0,0.0,0.0,-0.0071148257702589,60.0,0.3625023663043976,-0.0,-6.676446417941406e-08,0.0,283.1644592285156,287.4449462890625,288.6285095214844,288.9419860839844,293.1499938964844,293.1499938964844,278.1499938964844,0.0,18000.0,313.1499938964844,0.0,18000.0,0.0,0.0,0.0,0.0,0.0,0.0,0.0,0.0,0.0,-0.0,0.0,0.0,-7.778098853284027e-21,-3.889049426642014e-21,-3.889049426642014e-21,0.0,0.0,-0.0,0.0,0.0,0.0,-0.0,0.0,0.0,0.0,0.0,0.0,4.0,0.0,0.0
12083220,298.3254089355469,303.1499938964844,285.1499938964844,0.0,-0.0,287.636962890625,0.0,0.0,9.271760063711554e-05,298.4045715332031,303.1499938964844,285.1499938964844,0.0,-0.0,287.6375732421875,0.0,0.0,9.763622801983728e-05,298.7921142578125,303.1499938964844,285.1499938964844,0.0,-0.0,287.6371765136719,0.0,0.0,7.211387128336355e-05,298.0672607421875,303.1499938964844,285.1499938964844,0.0,-0.0,287.6368103027344,0.0,0.0,9.763608977664262e-05,298.2481384277344,303.1499938964844,285.1499938964844,0.0,-0.0,287.6361694335937,0.0,0.0,0.0004631435440387,287.5819702148437,294.1499938964844,287.3428039550781,284.61474609375,289.3656616210937,287.6064453125,286.8966369628906,0.0,0.0,0.0,0.0,1.0,1.0,-0.0009879902936518,4.459735691852984e-09,0.0009879857534542,-0.0107361273840069,0.0,0.0,0.0,-0.0070236986503005,60.0,0.3239209353923797,-0.0,-6.655250928133682e-08,0.0,283.1644592285156,287.4449462890625,288.6285095214844,288.9419860839844,293.1499938964844,293.1499938964844,278.1499938964844,0.0,18000.0,313.1499938964844,0.0,18000.0,0.0,0.0,0.0,0.0,0.0,0.0,0.0,0.0,0.0,-0.0,0.0,0.0,-7.778098853284027e-21,-3.889049426642014e-21,-3.889049426642014e-21,0.0,0.0,-0.0,0.0,0.0,0.0,-0.0,0.0,0.0,0.0,0.0,0.0,4.0,0.0,0.0
12083280,298.3254089355469,303.1499938964844,285.1499938964844,0.0,-0.0,287.636962890625,0.0,0.0,9.271760063711554e-05,298.4045715332031,303.1499938964844,285.1499938964844,0.0,-0.0,287.6375732421875,0.0,0.0,9.763622801983728e-05,298.7921142578125,303.1499938964844,285.1499938964844,0.0,-0.0,287.6371765136719,0.0,0.0,7.211387128336355e-05,298.0672607421875,303.1499938964844,285.1499938964844,0.0,-0.0,287.6368103027344,0.0,0.0,9.763608977664262e-05,298.2481384277344,303.1499938964844,285.1499938964844,0.0,-0.0,287.6361694335937,0.0,0.0,0.0004631435440387,287.5819702148437,294.1499938964844,287.3428039550781,284.61474609375,289.3656616210937,287.6064453125,286.8966369628906,0.0,0.0,0.0,0.0,1.0,1.0,-0.0009879902936518,4.459735691852984e-09,0.0009879857534542,-0.0107361273840069,0.0,0.0,0.0,-0.0070236986503005,60.0,0.3239209353923797,-0.0,-6.655250928133682e-08,0.0,283.1644592285156,287.4449462890625,288.6285095214844,288.9419860839844,293.1499938964844,293.1499938964844,278.1499938964844,0.0,18000.0,313.1499938964844,0.0,18000.0,0.0,0.0,0.0,0.0,0.0,0.0,0.0,0.0,0.0,-0.0,0.0,0.0,-7.778098853284027e-21,-3.889049426642014e-21,-3.889049426642014e-21,0.0,0.0,-0.0,0.0,0.0,0.0,-0.0,0.0,0.0,0.0,0.0,0.0,4.0,0.0,0.0
12083340,298.3276672363281,303.1499938964844,285.1499938964844,0.0,-0.0,287.6316833496094,0.0,0.0,9.257203782908618e-05,298.4023742675781,303.1499938964844,285.1499938964844,0.0,-0.0,287.6322631835937,0.0,0.0,9.748293814482167e-05,298.7898254394531,303.1499938964844,285.1499938964844,0.0,-0.0,287.63189697265625,0.0,0.0,7.200065010692924e-05,298.0673522949219,303.1499938964844,285.1499938964844,0.0,-0.0,287.63153076171875,0.0,0.0,9.7482799901627e-05,298.2484741210937,303.1499938964844,285.1499938964844,0.0,-0.0,287.6308898925781,0.0,0.0,0.0004624164139386,287.57537841796875,294.1499938964844,287.2915954589844,284.5769348144531,289.3298034667969,287.561279296875,286.9005126953125,0.0,0.0,0.0,0.0,1.0,1.0,-0.0009864380117505,4.2782302145383255e-09,0.0009864337043836,-0.0102605754509568,0.0,0.0,0.0,-0.0069337184540927,60.0,0.2858792245388031,-0.0,-6.634354576817715e-08,0.0,283.1644592285156,287.4449462890625,288.6285095214844,288.9419860839844,293.1499938964844,293.1499938964844,278.1499938964844,0.0,18000.0,313.1499938964844,0.0,18000.0,0.0,0.0,0.0,0.0,0.0,0.0,0.0,0.0,0.0,-0.0,0.0,0.0,-7.778098853284027e-21,-3.889049426642014e-21,-3.889049426642014e-21,0.0,0.0,-0.0,0.0,0.0,0.0,-0.0,0.0,0.0,0.0,0.0,0.0,4.0,0.0,0.0
12083400,298.3276672363281,303.1499938964844,285.1499938964844,0.0,-0.0,287.6316833496094,0.0,0.0,9.257203782908618e-05,298.4023742675781,303.1499938964844,285.1499938964844,0.0,-0.0,287.6322631835937,0.0,0.0,9.748293814482167e-05,298.7898254394531,303.1499938964844,285.1499938964844,0.0,-0.0,287.63189697265625,0.0,0.0,7.200065010692924e-05,298.0673522949219,303.1499938964844,285.1499938964844,0.0,-0.0,287.63153076171875,0.0,0.0,9.7482799901627e-05,298.2484741210937,303.1499938964844,285.1499938964844,0.0,-0.0,287.6308898925781,0.0,0.0,0.0004624164139386,287.57537841796875,294.1499938964844,287.2915954589844,284.5769348144531,289.3298034667969,287.561279296875,286.9005126953125,0.0,0.0,0.0,0.0,1.0,1.0,-0.0009864380117505,4.2782302145383255e-09,0.0009864337043836,-0.0102605754509568,0.0,0.0,0.0,-0.0069337184540927,60.0,0.2858792245388031,-0.0,-6.634354576817715e-08,0.0,283.1644592285156,287.4449462890625,288.6285095214844,288.9419860839844,293.1499938964844,293.1499938964844,278.1499938964844,0.0,18000.0,313.1499938964844,0.0,18000.0,0.0,0.0,0.0,0.0,0.0,0.0,0.0,0.0,0.0,-0.0,0.0,0.0,-7.778098853284027e-21,-3.889049426642014e-21,-3.889049426642014e-21,0.0,0.0,-0.0,0.0,0.0,0.0,-0.0,0.0,0.0,0.0,0.0,0.0,4.0,0.0,0.0
12083460,298.3299560546875,303.1499938964844,285.1499938964844,0.0,-0.0,287.6264038085937,0.0,0.0,9.242926171282306e-05,298.4001770019531,303.1499938964844,285.1499938964844,0.0,-0.0,287.6269836425781,0.0,0.0,9.73325877566822e-05,298.7875671386719,303.1499938964844,285.1499938964844,0.0,-0.0,287.6266174316406,0.0,0.0,7.188960444182158e-05,298.0675048828125,303.1499938964844,285.1499938964844,0.0,-0.0,287.6262512207031,0.0,0.0,9.733245678944512e-05,298.2488098144531,303.1499938964844,285.1499938964844,0.0,-0.0,287.6256103515625,0.0,0.0,0.0004617032245732,287.56884765625,294.1499938964844,287.24041748046875,284.5389709472656,289.29376220703125,287.51727294921875,286.90411376953125,0.0,0.0,0.0,0.0,1.0,1.0,-0.0009849154157564,4.100203732093632e-09,0.0009849113412201,-0.0097941327840089,0.0,0.0,0.0,-0.0068454630672931,60.0,0.2482545524835586,-0.0,-6.613890946027824e-08,0.0,283.1644592285156,287.4449462890625,288.6285095214844,288.9419860839844,293.1499938964844,293.1499938964844,278.1499938964844,0.0,18000.0,313.1499938964844,0.0,18000.0,0.0,0.0,0.0,0.0,0.0,0.0,0.0,0.0,0.0,-0.0,0.0,0.0,-7.778098853284027e-21,-3.889049426642014e-21,-3.889049426642014e-21,0.0,0.0,-0.0,0.0,0.0,0.0,-0.0,0.0,0.0,0.0,0.0,0.0,4.0,0.0,0.0
12083520,298.3299560546875,303.1499938964844,285.1499938964844,0.0,-0.0,287.6264038085937,0.0,0.0,9.242926171282306e-05,298.4001770019531,303.1499938964844,285.1499938964844,0.0,-0.0,287.6269836425781,0.0,0.0,9.73325877566822e-05,298.7875671386719,303.1499938964844,285.1499938964844,0.0,-0.0,287.6266174316406,0.0,0.0,7.188960444182158e-05,298.0675048828125,303.1499938964844,285.1499938964844,0.0,-0.0,287.6262512207031,0.0,0.0,9.733245678944512e-05,298.2488098144531,303.1499938964844,285.1499938964844,0.0,-0.0,287.6256103515625,0.0,0.0,0.0004617032245732,287.56884765625,294.1499938964844,287.24041748046875,284.5389709472656,289.29376220703125,287.51727294921875,286.90411376953125,0.0,0.0,0.0,0.0,1.0,1.0,-0.0009849154157564,4.100203732093632e-09,0.0009849113412201,-0.0097941327840089,0.0,0.0,0.0,-0.0068454630672931,60.0,0.2482545524835586,-0.0,-6.613890946027824e-08,0.0,283.1644592285156,287.4449462890625,288.6285095214844,288.9419860839844,293.1499938964844,293.1499938964844,278.1499938964844,0.0,18000.0,313.1499938964844,0.0,18000.0,0.0,0.0,0.0,0.0,0.0,0.0,0.0,0.0,0.0,-0.0,0.0,0.0,-7.778098853284027e-21,-3.889049426642014e-21,-3.889049426642014e-21,0.0,0.0,-0.0,0.0,0.0,0.0,-0.0,0.0,0.0,0.0,0.0,0.0,4.0,0.0,0.0
12083580,298.3321533203125,303.1499938964844,285.1499938964844,0.0,-0.0,287.62115478515625,0.0,0.0,9.22900580917485e-05,298.3979187011719,303.1499938964844,285.1499938964844,0.0,-0.0,287.6217346191406,0.0,0.0,9.718599903862923e-05,298.7853088378906,303.1499938964844,285.1499938964844,0.0,-0.0,287.6213684082031,0.0,0.0,7.178133091656491e-05,298.0677185058594,303.1499938964844,285.1499938964844,0.0,-0.0,287.6210021972656,0.0,0.0,9.718586807139218e-05,298.2491455078125,303.1499938964844,285.1499938964844,0.0,-0.0,287.6203918457031,0.0,0.0,0.000461007875856,287.5623779296875,294.1499938964844,287.189208984375,284.5009460449219,289.2574768066406,287.47430419921875,286.907470703125,0.0,0.0,0.0,0.0,1.0,1.0,-0.0009834310039877,3.926628355799266e-09,0.0009834270458668,-0.0093393456190824,0.0,0.0,0.0,-0.0067594139836728,60.0,0.2109321653842926,-0.0,-6.593968748802581e-08,0.0,283.1644592285156,287.4449462890625,288.6285095214844,288.9419860839844,293.1499938964844,293.1499938964844,278.1499938964844,0.0,18000.0,313.1499938964844,0.0,18000.0,0.0,0.0,0.0,0.0,0.0,0.0,0.0,0.0,0.0,-0.0,0.0,0.0,-7.778098853284027e-21,-3.889049426642014e-21,-3.889049426642014e-21,0.0,0.0,-0.0,0.0,0.0,0.0,-0.0,0.0,0.0,0.0,0.0,0.0,4.0,0.0,0.0
12083640,298.3321533203125,303.1499938964844,285.1499938964844,0.0,-0.0,287.62115478515625,0.0,0.0,9.22900580917485e-05,298.3979187011719,303.1499938964844,285.1499938964844,0.0,-0.0,287.6217346191406,0.0,0.0,9.718599903862923e-05,298.7853088378906,303.1499938964844,285.1499938964844,0.0,-0.0,287.6213684082031,0.0,0.0,7.178133091656491e-05,298.0677185058594,303.1499938964844,285.1499938964844,0.0,-0.0,287.6210021972656,0.0,0.0,9.718586807139218e-05,298.2491455078125,303.1499938964844,285.1499938964844,0.0,-0.0,287.6203918457031,0.0,0.0,0.000461007875856,287.5623779296875,294.1499938964844,287.189208984375,284.5009460449219,289.2574768066406,287.47430419921875,286.907470703125,0.0,0.0,0.0,0.0,1.0,1.0,-0.0009834310039877,3.926628355799266e-09,0.0009834270458668,-0.0093393456190824,0.0,0.0,0.0,-0.0067594139836728,60.0,0.2109321653842926,-0.0,-6.593968748802581e-08,0.0,283.1644592285156,287.4449462890625,288.6285095214844,288.9419860839844,293.1499938964844,293.1499938964844,278.1499938964844,0.0,18000.0,313.1499938964844,0.0,18000.0,0.0,0.0,0.0,0.0,0.0,0.0,0.0,0.0,0.0,-0.0,0.0,0.0,-7.778098853284027e-21,-3.889049426642014e-21,-3.889049426642014e-21,0.0,0.0,-0.0,0.0,0.0,0.0,-0.0,0.0,0.0,0.0,0.0,0.0,4.0,0.0,0.0
12083700,298.3332214355469,303.1499938964844,285.1499938964844,0.0,-0.0,287.6185302734375,0.0,0.0,9.222212975146248e-05,298.39678955078125,303.1499938964844,285.1499938964844,0.0,-0.0,287.6191101074219,0.0,0.0,9.71144690993242e-05,298.7841796875,303.1499938964844,285.1499938964844,0.0,-0.0,287.6187438964844,0.0,0.0,7.172849291237071e-05,298.0678405761719,303.1499938964844,285.1499938964844,0.0,-0.0,287.6183776855469,0.0,0.0,9.711433085612951e-05,298.2492980957031,303.1499938964844,285.1499938964844,0.0,-0.0,287.6177673339844,0.0,0.0,0.0004606685542967,287.5591735839844,294.1499938964844,287.1635131835937,284.4819641113281,289.2392578125,287.4532165527344,286.9090576171875,0.0,0.0,0.0,0.0,1.0,1.0,-0.00098270655144,3.8419258885369345e-09,0.0009827027097344,-0.0091174142435193,0.0,0.0,0.0,-0.0067174229770898,60.0,0.192351222038269,-0.0,-6.584258471775685e-08,0.0,283.1644592285156,287.4449462890625,288.6285095214844,288.9419860839844,293.1499938964844,293.1499938964844,278.1499938964844,0.0,18000.0,313.1499938964844,0.0,18000.0,0.0,0.0,0.0,0.0,0.0,0.0,0.0,0.0,0.0,-0.0,0.0,0.0,-7.778098853284027e-21,-3.889049426642014e-21,-3.889049426642014e-21,0.0,0.0,-0.0,0.0,0.0,0.0,-0.0,0.0,0.0,0.0,0.0,0.0,4.0,0.0,0.0
12083760,298.3342590332031,303.1499938964844,285.1499938964844,0.0,-0.0,287.6159362792969,0.0,0.0,9.21550818020478e-05,298.3956604003906,303.1499938964844,285.1499938964844,0.0,-0.0,287.6164855957031,0.0,0.0,9.704386320663616e-05,298.78302001953125,303.1499938964844,285.1499938964844,0.0,-0.0,287.6161193847656,0.0,0.0,7.167634612414986e-05,298.0679626464844,303.1499938964844,285.1499938964844,0.0,-0.0,287.61578369140625,0.0,0.0,9.70437322393991e-05,298.2494812011719,303.1499938964844,285.1499938964844,0.0,-0.0,287.6151428222656,0.0,0.0,0.0004603336565196,287.5559387207031,294.1499938964844,287.13775634765625,284.4629821777344,289.2209777832031,287.43231201171875,286.9105834960937,0.0,0.0,0.0,0.0,1.0,1.0,-0.0009819915285333,3.758324762515031e-09,0.0009819878032431,-0.0088983662426471,0.0,0.0,0.0,-0.0066759781911969,60.0,0.1738006919622421,-0.0,-6.574681066240373e-08,0.0,283.1644592285156,287.4449462890625,288.6285095214844,288.9419860839844,293.1499938964844,293.1499938964844,278.1499938964844,0.0,18000.0,313.1499938964844,0.0,18000.0,0.0,0.0,0.0,0.0,0.0,0.0,0.0,0.0,0.0,-0.0,0.0,0.0,-7.778098853284027e-21,-3.889049426642014e-21,-3.889049426642014e-21,0.0,0.0,-0.0,0.0,0.0,0.0,-0.0,0.0,0.0,0.0,0.0,0.0,4.0,0.0,0.0
12083820,298.3362121582031,303.1499938964844,285.1499938964844,0.0,-0.0,287.6107177734375,0.0,0.0,9.202485671266912e-05,298.39337158203125,303.1499938964844,285.1499938964844,0.0,-0.0,287.6112670898437,0.0,0.0,9.690672595752404e-05,298.7807312011719,303.1499938964844,285.1499938964844,0.0,-0.0,287.61090087890625,0.0,0.0,7.157505751820281e-05,298.0682678222656,303.1499938964844,285.1499938964844,0.0,-0.0,287.6105651855469,0.0,0.0,9.690659499028698e-05,298.24981689453125,303.1499938964844,285.1499938964844,0.0,-0.0,287.6099548339844,0.0,0.0,0.0004596831277012,287.5495910644531,294.1499938964844,287.0859375,284.4251403808594,289.1842956542969,287.3911437988281,286.9135131835937,0.0,0.0,0.0,0.0,1.0,1.0,-0.0009806028101593,3.595937103639812e-09,0.0009805992012843,-0.0084728822112083,0.0,0.0,0.0,-0.0065954755991697,60.0,0.1367405205965042,-0.0,-6.556097531529306e-08,0.0,283.1644592285156,287.4449462890625,288.6285095214844,288.9419860839844,293.1499938964844,293.1499938964844,278.1499938964844,0.0,18000.0,313.1499938964844,0.0,18000.0,0.0,0.0,0.0,0.0,0.0,0.0,0.0,0.0,0.0,-0.0,0.0,0.0,-7.778098853284027e-21,-3.889049426642014e-21,-3.889049426642014e-21,0.0,0.0,-0.0,0.0,0.0,0.0,-0.0,0.0,0.0,0.0,0.0,0.0,4.0,0.0,0.0
12083880,298.3362121582031,303.1499938964844,285.1499938964844,0.0,-0.0,287.6107177734375,0.0,0.0,9.202485671266912e-05,298.39337158203125,303.1499938964844,285.1499938964844,0.0,-0.0,287.6112670898437,0.0,0.0,9.690672595752404e-05,298.7807312011719,303.1499938964844,285.1499938964844,0.0,-0.0,287.61090087890625,0.0,0.0,7.157505751820281e-05,298.0682678222656,303.1499938964844,285.1499938964844,0.0,-0.0,287.6105651855469,0.0,0.0,9.690659499028698e-05,298.24981689453125,303.1499938964844,285.1499938964844,0.0,-0.0,287.6099548339844,0.0,0.0,0.0004596831277012,287.5495910644531,294.1499938964844,287.0859375,284.4251403808594,289.1842956542969,287.3911437988281,286.9135131835937,0.0,0.0,0.0,0.0,1.0,1.0,-0.0009806028101593,3.595937103639812e-09,0.0009805992012843,-0.0084728822112083,0.0,0.0,0.0,-0.0065954755991697,60.0,0.1367405205965042,-0.0,-6.556097531529306e-08,0.0,283.1644592285156,287.4449462890625,288.6285095214844,288.9419860839844,293.1499938964844,293.1499938964844,278.1499938964844,0.0,18000.0,313.1499938964844,0.0,18000.0,0.0,0.0,0.0,0.0,0.0,0.0,0.0,0.0,0.0,-0.0,0.0,0.0,-7.778098853284027e-21,-3.889049426642014e-21,-3.889049426642014e-21,0.0,0.0,-0.0,0.0,0.0,0.0,-0.0,0.0,0.0,0.0,0.0,0.0,4.0,0.0,0.0
12083940,298.3380126953125,303.1499938964844,285.1499938964844,0.0,-0.0,287.60552978515625,0.0,0.0,9.189976117340848e-05,298.3910522460937,303.1499938964844,285.1499938964844,0.0,-0.0,287.6060791015625,0.0,0.0,9.677499474491924e-05,298.7784423828125,303.1499938964844,285.1499938964844,0.0,-0.0,287.605712890625,0.0,0.0,7.147776341298595e-05,298.0685729980469,303.1499938964844,285.1499938964844,0.0,-0.0,287.6053771972656,0.0,0.0,9.67748637776822e-05,298.2501220703125,303.1499938964844,285.1499938964844,0.0,-0.0,287.6047668457031,0.0,0.0,0.0004590582684613,287.5432434082031,294.1499938964844,287.0336303710937,284.38751220703125,289.1473693847656,287.3507385253906,286.9162292480469,0.0,0.0,0.0,0.0,1.0,1.0,-0.0009792688069865,3.439949658456953e-09,0.0009792653145268,-0.0080641638487577,0.0,0.0,0.0,-0.0065181455574929,60.0,0.09964419901371,-0.0,-6.538271435374554e-08,0.0,283.1644592285156,287.4449462890625,288.6285095214844,288.9419860839844,293.1499938964844,293.1499938964844,278.1499938964844,0.0,18000.0,313.1499938964844,0.0,18000.0,0.0,0.0,0.0,0.0,0.0,0.0,0.0,0.0,0.0,-0.0,0.0,0.0,-7.778098853284027e-21,-3.889049426642014e-21,-3.889049426642014e-21,0.0,0.0,-0.0,0.0,0.0,0.0,-0.0,0.0,0.0,0.0,0.0,0.0,4.0,0.0,0.0
12084000,298.3380126953125,303.1499938964844,285.1499938964844,0.0,-0.0,287.60552978515625,0.0,0.0,9.189976117340848e-05,298.3910522460937,303.1499938964844,285.1499938964844,0.0,-0.0,287.6060791015625,0.0,0.0,9.677499474491924e-05,298.7784423828125,303.1499938964844,285.1499938964844,0.0,-0.0,287.605712890625,0.0,0.0,7.147776341298595e-05,298.0685729980469,303.1499938964844,285.1499938964844,0.0,-0.0,287.6053771972656,0.0,0.0,9.67748637776822e-05,298.2501220703125,303.1499938964844,285.1499938964844,0.0,-0.0,287.6047668457031,0.0,0.0,0.0004590582684613,287.5432434082031,294.1499938964844,287.0336303710937,284.38751220703125,289.1473693847656,287.3507385253906,286.9162292480469,0.0,0.0,0.0,0.0,1.0,1.0,-0.0009792688069865,3.439949658456953e-09,0.0009792653145268,-0.0080641638487577,0.0,0.0,0.0,-0.0065181455574929,60.0,0.09964419901371,-0.0,-6.538271435374554e-08,0.0,283.1644592285156,287.4449462890625,288.6285095214844,288.9419860839844,293.1499938964844,293.1499938964844,278.1499938964844,0.0,18000.0,313.1499938964844,0.0,18000.0,0.0,0.0,0.0,0.0,0.0,0.0,0.0,0.0,0.0,-0.0,0.0,0.0,-7.778098853284027e-21,-3.889049426642014e-21,-3.889049426642014e-21,0.0,0.0,-0.0,0.0,0.0,0.0,-0.0,0.0,0.0,0.0,0.0,0.0,4.0,0.0,0.0
12084060,298.33953857421875,303.1499938964844,285.1499938964844,0.0,-0.0,287.6003723144531,0.0,0.0,9.178036998491734e-05,298.38873291015625,303.1499938964844,285.1499938964844,0.0,-0.0,287.6009216308594,0.0,0.0,9.664926619734616e-05,298.776123046875,303.1499938964844,285.1499938964844,0.0,-0.0,287.6005554199219,0.0,0.0,7.138490036595613e-05,298.06890869140625,303.1499938964844,285.1499938964844,0.0,-0.0,287.6002197265625,0.0,0.0,9.664914250606672e-05,298.2503967285156,303.1499938964844,285.1499938964844,0.0,-0.0,287.5996398925781,0.0,0.0,0.0004584618727676,287.5369873046875,294.1499938964844,286.98065185546875,284.3501892089844,289.1102294921875,287.3110046386719,286.91876220703125,0.0,0.0,0.0,0.0,1.0,1.0,-0.0009779954561963,3.291068084720905e-09,0.0009779921965673,-0.0076740598306059,0.0,0.0,0.0,-0.0064443382434546,60.0,0.0623898096382617,-0.0,-6.521280226934324e-08,0.0,283.1644592285156,287.4449462890625,288.6285095214844,288.9419860839844,293.1499938964844,293.1499938964844,278.1499938964844,0.0,18000.0,313.1499938964844,0.0,18000.0,0.0,0.0,0.0,0.0,0.0,0.0,0.0,0.0,0.0,-0.0,0.0,0.0,-7.778098853284027e-21,-3.889049426642014e-21,-3.889049426642014e-21,0.0,0.0,-0.0,0.0,0.0,0.0,-0.0,0.0,0.0,0.0,0.0,0.0,4.0,0.0,0.0
12084120,298.33953857421875,303.1499938964844,285.1499938964844,0.0,-0.0,287.6003723144531,0.0,0.0,9.178036998491734e-05,298.38873291015625,303.1499938964844,285.1499938964844,0.0,-0.0,287.6009216308594,0.0,0.0,9.664926619734616e-05,298.776123046875,303.1499938964844,285.1499938964844,0.0,-0.0,287.6005554199219,0.0,0.0,7.138490036595613e-05,298.06890869140625,303.1499938964844,285.1499938964844,0.0,-0.0,287.6002197265625,0.0,0.0,9.664914250606672e-05,298.2503967285156,303.1499938964844,285.1499938964844,0.0,-0.0,287.5996398925781,0.0,0.0,0.0004584618727676,287.5369873046875,294.1499938964844,286.98065185546875,284.3501892089844,289.1102294921875,287.3110046386719,286.91876220703125,0.0,0.0,0.0,0.0,1.0,1.0,-0.0009779954561963,3.291068084720905e-09,0.0009779921965673,-0.0076740598306059,0.0,0.0,0.0,-0.0064443382434546,60.0,0.0623898096382617,-0.0,-6.521280226934324e-08,0.0,283.1644592285156,287.4449462890625,288.6285095214844,288.9419860839844,293.1499938964844,293.1499938964844,278.1499938964844,0.0,18000.0,313.1499938964844,0.0,18000.0,0.0,0.0,0.0,0.0,0.0,0.0,0.0,0.0,0.0,-0.0,0.0,0.0,-7.778098853284027e-21,-3.889049426642014e-21,-3.889049426642014e-21,0.0,0.0,-0.0,0.0,0.0,0.0,-0.0,0.0,0.0,0.0,0.0,0.0,4.0,0.0,0.0
12084180,298.3408508300781,303.1499938964844,285.1499938964844,0.0,-0.0,287.59521484375,0.0,0.0,9.166663949145004e-05,298.3863220214844,303.1499938964844,285.1499938964844,0.0,-0.0,287.59576416015625,0.0,0.0,9.652949665905908e-05,298.7737731933594,303.1499938964844,285.1499938964844,0.0,-0.0,287.5954284667969,0.0,0.0,7.129643927328289e-05,298.0691833496094,303.1499938964844,285.1499938964844,0.0,-0.0,287.5950927734375,0.0,0.0,9.652937296777964e-05,298.25067138671875,303.1499938964844,285.1499938964844,0.0,-0.0,287.594482421875,0.0,0.0,0.0004578937659971,287.53076171875,294.1499938964844,286.9268493652344,284.3132629394531,289.0728454589844,287.27178955078125,286.9211120605469,0.0,0.0,0.0,0.0,1.0,1.0,-0.0009767825249582,3.149242866484769e-09,0.0009767793817445,-0.0073024425655603,0.0,0.0,0.0,-0.0063740289770066,60.0,0.0248940624296665,-0.0,-6.505114669153046e-08,0.0,283.1644592285156,287.4449462890625,288.6285095214844,288.9419860839844,293.1499938964844,293.1499938964844,278.1499938964844,0.0,18000.0,313.1499938964844,0.0,18000.0,0.0,0.0,0.0,0.0,0.0,0.0,0.0,0.0,0.0,-0.0,0.0,0.0,-7.778098853284027e-21,-3.889049426642014e-21,-3.889049426642014e-21,0.0,0.0,-0.0,0.0,0.0,0.0,-0.0,0.0,0.0,0.0,0.0,0.0,4.0,0.0,0.0
12084240,298.3408508300781,303.1499938964844,285.1499938964844,0.0,-0.0,287.59521484375,0.0,0.0,9.166663949145004e-05,298.3863220214844,303.1499938964844,285.1499938964844,0.0,-0.0,287.59576416015625,0.0,0.0,9.652949665905908e-05,298.7737731933594,303.1499938964844,285.1499938964844,0.0,-0.0,287.5954284667969,0.0,0.0,7.129643927328289e-05,298.0691833496094,303.1499938964844,285.1499938964844,0.0,-0.0,287.5950927734375,0.0,0.0,9.652937296777964e-05,298.25067138671875,303.1499938964844,285.1499938964844,0.0,-0.0,287.594482421875,0.0,0.0,0.0004578937659971,287.53076171875,294.1499938964844,286.9268493652344,284.3132629394531,289.0728454589844,287.27178955078125,286.9211120605469,0.0,0.0,0.0,0.0,1.0,1.0,-0.0009767825249582,3.149242866484769e-09,0.0009767793817445,-0.0073024425655603,0.0,0.0,0.0,-0.0063740289770066,60.0,0.0248940624296665,-0.0,-6.505114669153046e-08,0.0,283.1644592285156,287.4449462890625,288.6285095214844,288.9419860839844,293.1499938964844,293.1499938964844,278.1499938964844,0.0,18000.0,313.1499938964844,0.0,18000.0,0.0,0.0,0.0,0.0,0.0,0.0,0.0,0.0,0.0,-0.0,0.0,0.0,-7.778098853284027e-21,-3.889049426642014e-21,-3.889049426642014e-21,0.0,0.0,-0.0,0.0,0.0,0.0,-0.0,0.0,0.0,0.0,0.0,0.0,4.0,0.0,0.0
12084300,298.3414001464844,303.1499938964844,285.1499938964844,0.0,-0.0,287.5926513671875,0.0,0.0,9.161232446786016e-05,298.3851318359375,303.1499938964844,285.1499938964844,0.0,-0.0,287.5932006835937,0.0,0.0,9.647230035625398e-05,298.7726135253906,303.1499938964844,285.1499938964844,0.0,-0.0,287.5928649902344,0.0,0.0,7.125418778741732e-05,298.0693054199219,303.1499938964844,285.1499938964844,0.0,-0.0,287.592529296875,0.0,0.0,9.647217666497454e-05,298.2507629394531,303.1499938964844,285.1499938964844,0.0,-0.0,287.5919494628906,0.0,0.0,0.0004576224600896,287.52764892578125,294.1499938964844,286.8996276855469,284.2949523925781,289.0540771484375,287.2524108886719,286.9222106933594,0.0,0.0,0.0,0.0,1.0,1.0,-0.0009762032423168,3.081508603841598e-09,0.0009762001573108,-0.0071249613538384,0.0,0.0,0.0,-0.0063404501415789,60.0,0.0059886071830987,-0.0,-6.497401017213633e-08,0.0,283.1644592285156,287.4449462890625,288.6285095214844,288.9419860839844,293.1499938964844,293.1499938964844,278.1499938964844,0.0,18000.0,313.1499938964844,0.0,18000.0,0.0,0.0,0.0,0.0,0.0,0.0,0.0,0.0,0.0,-0.0,0.0,0.0,-7.778098853284027e-21,-3.889049426642014e-21,-3.889049426642014e-21,0.0,0.0,-0.0,0.0,0.0,0.0,-0.0,0.0,0.0,0.0,0.0,0.0,4.0,0.0,0.0
12084360,298.3418884277344,303.1499938964844,285.1499938964844,0.0,-0.0,287.5901184082031,0.0,0.0,9.155929001281038e-05,298.3839111328125,303.1499938964844,285.1499938964844,0.0,-0.0,287.59063720703125,0.0,0.0,9.641645010560752e-05,298.7714233398437,303.1499938964844,285.1499938964844,0.0,-0.0,287.5903015136719,0.0,0.0,7.121294038370252e-05,298.0694274902344,303.1499938964844,285.1499938964844,0.0,-0.0,287.5899658203125,0.0,0.0,9.641633369028568e-05,298.2508850097656,303.1499938964844,285.1499938964844,0.0,-0.0,287.5893859863281,0.0,0.0,0.0004573575279209,287.5245666503906,294.1499938964844,286.87213134765625,284.2767944335937,289.03521728515625,287.23309326171875,286.9233093261719,0.0,0.0,0.0,0.0,1.0,1.0,-0.000975637580268,3.015369287595604e-09,0.0009756345534697,-0.0069516580551862,0.0,0.0,0.0,-0.0063076615333557,60.0,-0.013000139966607,-0.0,-6.489873527470992e-08,0.0,283.1644592285156,287.4449462890625,288.6285095214844,288.9419860839844,293.1499938964844,293.1499938964844,278.1499938964844,0.0,18000.0,313.1499938964844,0.0,18000.0,0.0,0.0,0.0,0.0,0.0,0.0,0.0,0.0,0.0,-0.0,0.0,0.0,-7.778098853284027e-21,-3.889049426642014e-21,-3.889049426642014e-21,0.0,0.0,-0.0,0.0,0.0,0.0,-0.0,0.0,0.0,0.0,0.0,0.0,4.0,0.0,0.0
12084420,298.3426208496094,303.1499938964844,285.1499938964844,0.0,-0.0,287.58502197265625,0.0,0.0,9.14583943085745e-05,298.3814392089844,303.1499938964844,285.1499938964844,0.0,-0.0,287.5855407714844,0.0,0.0,9.63102065725252e-05,298.7690124511719,303.1499938964844,285.1499938964844,0.0,-0.0,287.585205078125,0.0,0.0,7.113446190487593e-05,298.069580078125,303.1499938964844,285.1499938964844,0.0,-0.0,287.5848693847656,0.0,0.0,9.631008288124576e-05,298.25103759765625,303.1499938964844,285.1499938964844,0.0,-0.0,287.5843200683594,0.0,0.0,0.0004568535368889,287.5184631347656,294.1499938964844,286.8162841796875,284.2408752441406,288.9973449707031,287.1947631835937,286.9253234863281,0.0,0.0,0.0,0.0,1.0,1.0,-0.0009745614370331,2.889540384742872e-09,0.00097455852665,-0.006621949840337,0.0,0.0,0.0,-0.0062452829442918,60.0,-0.0513663552701473,-0.0,-6.47556532840099e-08,0.0,283.1644592285156,287.4449462890625,288.6285095214844,288.9419860839844,293.1499938964844,293.1499938964844,278.1499938964844,0.0,18000.0,313.1499938964844,0.0,18000.0,0.0,0.0,0.0,0.0,0.0,0.0,0.0,0.0,0.0,-0.0,0.0,0.0,-7.778098853284027e-21,-3.889049426642014e-21,-3.889049426642014e-21,0.0,0.0,-0.0,0.0,0.0,0.0,-0.0,0.0,0.0,0.0,0.0,0.0,4.0,0.0,0.0
12084480,298.3426208496094,303.1499938964844,285.1499938964844,0.0,-0.0,287.58502197265625,0.0,0.0,9.14583943085745e-05,298.3814392089844,303.1499938964844,285.1499938964844,0.0,-0.0,287.5855407714844,0.0,0.0,9.63102065725252e-05,298.7690124511719,303.1499938964844,285.1499938964844,0.0,-0.0,287.585205078125,0.0,0.0,7.113446190487593e-05,298.069580078125,303.1499938964844,285.1499938964844,0.0,-0.0,287.5848693847656,0.0,0.0,9.631008288124576e-05,298.25103759765625,303.1499938964844,285.1499938964844,0.0,-0.0,287.5843200683594,0.0,0.0,0.0004568535368889,287.5184631347656,294.1499938964844,286.8162841796875,284.2408752441406,288.9973449707031,287.1947631835937,286.9253234863281,0.0,0.0,0.0,0.0,1.0,1.0,-0.0009745614370331,2.889540384742872e-09,0.00097455852665,-0.006621949840337,0.0,0.0,0.0,-0.0062452829442918,60.0,-0.0513663552701473,-0.0,-6.47556532840099e-08,0.0,283.1644592285156,287.4449462890625,288.6285095214844,288.9419860839844,293.1499938964844,293.1499938964844,278.1499938964844,0.0,18000.0,313.1499938964844,0.0,18000.0,0.0,0.0,0.0,0.0,0.0,0.0,0.0,0.0,0.0,-0.0,0.0,0.0,-7.778098853284027e-21,-3.889049426642014e-21,-3.889049426642014e-21,0.0,0.0,-0.0,0.0,0.0,0.0,-0.0,0.0,0.0,0.0,0.0,0.0,4.0,0.0,0.0
12084540,298.3430480957031,303.1499938964844,285.1499938964844,0.0,-0.0,287.5799560546875,0.0,0.0,9.136428707279264e-05,298.37890625,303.1499938964844,285.1499938964844,0.0,-0.0,287.5804748535156,0.0,0.0,9.62111007538624e-05,298.7665405273437,303.1499938964844,285.1499938964844,0.0,-0.0,287.58013916015625,0.0,0.0,7.106126577127725e-05,298.06964111328125,303.1499938964844,285.1499938964844,0.0,-0.0,287.5798034667969,0.0,0.0,9.621098433854058e-05,298.25115966796875,303.1499938964844,285.1499938964844,0.0,-0.0,287.5792541503906,0.0,0.0,0.0004563834518194,287.51239013671875,294.1499938964844,286.7592163085937,284.20556640625,288.95916748046875,287.15673828125,286.9272155761719,0.0,0.0,0.0,0.0,1.0,1.0,-0.0009735576459206,2.7721722695162043e-09,0.0009735548519529,-0.0063144098967313,0.0,0.0,0.0,-0.0061870981007814,60.0,-0.0903303623199462,-0.0,-6.462232704507187e-08,0.0,283.1644592285156,287.4449462890625,288.6285095214844,288.9419860839844,293.1499938964844,293.1499938964844,278.1499938964844,0.0,18000.0,313.1499938964844,0.0,18000.0,0.0,0.0,0.0,0.0,0.0,0.0,0.0,0.0,0.0,-0.0,0.0,0.0,-7.778098853284027e-21,-3.889049426642014e-21,-3.889049426642014e-21,0.0,0.0,-0.0,0.0,0.0,0.0,-0.0,0.0,0.0,0.0,0.0,0.0,4.0,0.0,0.0
12084600,298.3430480957031,303.1499938964844,285.1499938964844,0.0,-0.0,287.5799560546875,0.0,0.0,9.136428707279264e-05,298.37890625,303.1499938964844,285.1499938964844,0.0,-0.0,287.5804748535156,0.0,0.0,9.62111007538624e-05,298.7665405273437,303.1499938964844,285.1499938964844,0.0,-0.0,287.58013916015625,0.0,0.0,7.106126577127725e-05,298.06964111328125,303.1499938964844,285.1499938964844,0.0,-0.0,287.5798034667969,0.0,0.0,9.621098433854058e-05,298.25115966796875,303.1499938964844,285.1499938964844,0.0,-0.0,287.5792541503906,0.0,0.0,0.0004563834518194,287.51239013671875,294.1499938964844,286.7592163085937,284.20556640625,288.95916748046875,287.15673828125,286.9272155761719,0.0,0.0,0.0,0.0,1.0,1.0,-0.0009735576459206,2.7721722695162043e-09,0.0009735548519529,-0.0063144098967313,0.0,0.0,0.0,-0.0061870981007814,60.0,-0.0903303623199462,-0.0,-6.462232704507187e-08,0.0,283.1644592285156,287.4449462890625,288.6285095214844,288.9419860839844,293.1499938964844,293.1499938964844,278.1499938964844,0.0,18000.0,313.1499938964844,0.0,18000.0,0.0,0.0,0.0,0.0,0.0,0.0,0.0,0.0,0.0,-0.0,0.0,0.0,-7.778098853284027e-21,-3.889049426642014e-21,-3.889049426642014e-21,0.0,0.0,-0.0,0.0,0.0,0.0,-0.0,0.0,0.0,0.0,0.0,0.0,4.0,0.0,0.0
12084660,298.3432006835937,303.1499938964844,285.1499938964844,0.0,-0.0,287.5749206542969,0.0,0.0,9.127724479185416e-05,298.3763427734375,303.1499938964844,285.1499938964844,0.0,-0.0,287.5754089355469,0.0,0.0,9.611943823983891e-05,298.7640686035156,303.1499938964844,285.1499938964844,0.0,-0.0,287.5750732421875,0.0,0.0,7.099356298567727e-05,298.069580078125,303.1499938964844,285.1499938964844,0.0,-0.0,287.57476806640625,0.0,0.0,9.61193218245171e-05,298.2511901855469,303.1499938964844,285.1499938964844,0.0,-0.0,287.57421875,0.0,0.0,0.0004559486696962,287.5063781738281,294.1499938964844,286.70074462890625,284.1709289550781,288.9206848144531,287.118896484375,286.9289855957031,0.0,0.0,0.0,0.0,1.0,1.0,-0.0009726291173137,2.663606224473369e-09,0.000972626497969,-0.0060299327597022,0.0,0.0,0.0,-0.0061332769691944,60.0,-0.1299999058246612,-0.0,-6.449912604011844e-08,0.0,283.1644592285156,287.4449462890625,288.6285095214844,288.9419860839844,293.1499938964844,293.1499938964844,278.1499938964844,0.0,18000.0,313.1499938964844,0.0,18000.0,0.0,0.0,0.0,0.0,0.0,0.0,0.0,0.0,0.0,-0.0,0.0,0.0,-7.778098853284027e-21,-3.889049426642014e-21,-3.889049426642014e-21,0.0,0.0,-0.0,0.0,0.0,0.0,-0.0,0.0,0.0,0.0,0.0,0.0,4.0,0.0,0.0
12084720,298.3432006835937,303.1499938964844,285.1499938964844,0.0,-0.0,287.5749206542969,0.0,0.0,9.127724479185416e-05,298.3763427734375,303.1499938964844,285.1499938964844,0.0,-0.0,287.5754089355469,0.0,0.0,9.611943823983891e-05,298.7640686035156,303.1499938964844,285.1499938964844,0.0,-0.0,287.5750732421875,0.0,0.0,7.099356298567727e-05,298.069580078125,303.1499938964844,285.1499938964844,0.0,-0.0,287.57476806640625,0.0,0.0,9.61193218245171e-05,298.2511901855469,303.1499938964844,285.1499938964844,0.0,-0.0,287.57421875,0.0,0.0,0.0004559486696962,287.5063781738281,294.1499938964844,286.70074462890625,284.1709289550781,288.9206848144531,287.118896484375,286.9289855957031,0.0,0.0,0.0,0.0,1.0,1.0,-0.0009726291173137,2.663606224473369e-09,0.000972626497969,-0.0060299327597022,0.0,0.0,0.0,-0.0061332769691944,60.0,-0.1299999058246612,-0.0,-6.449912604011844e-08,0.0,283.1644592285156,287.4449462890625,288.6285095214844,288.9419860839844,293.1499938964844,293.1499938964844,278.1499938964844,0.0,18000.0,313.1499938964844,0.0,18000.0,0.0,0.0,0.0,0.0,0.0,0.0,0.0,0.0,0.0,-0.0,0.0,0.0,-7.778098853284027e-21,-3.889049426642014e-21,-3.889049426642014e-21,0.0,0.0,-0.0,0.0,0.0,0.0,-0.0,0.0,0.0,0.0,0.0,0.0,4.0,0.0,0.0
12084780,298.3429870605469,303.1499938964844,285.1499938964844,0.0,-0.0,287.56988525390625,0.0,0.0,9.119755122810602e-05,298.3736877441406,303.1499938964844,285.1499938964844,0.0,-0.0,287.5704040527344,0.0,0.0,9.603551734471694e-05,298.7615051269531,303.1499938964844,285.1499938964844,0.0,-0.0,287.570068359375,0.0,0.0,7.093157910276204e-05,298.0693664550781,303.1499938964844,285.1499938964844,0.0,-0.0,287.5697631835937,0.0,0.0,9.603540092939512e-05,298.25115966796875,303.1499938964844,285.1499938964844,0.0,-0.0,287.5692138671875,0.0,0.0,0.0004555505875032,287.5003967285156,294.1499938964844,286.6407165527344,284.1370849609375,288.8818664550781,287.08111572265625,286.9306030273437,0.0,0.0,0.0,0.0,1.0,1.0,-0.0009717789944261,2.5642015177851363e-09,0.000971776433289,-0.0057694595307111,0.0,0.0,0.0,-0.0060839974321424,60.0,-0.1704863458871841,-0.0,-6.438641975137216e-08,0.0,283.1644592285156,287.4449462890625,288.6285095214844,288.9419860839844,293.1499938964844,293.1499938964844,278.1499938964844,0.0,18000.0,313.1499938964844,0.0,18000.0,0.0,0.0,0.0,0.0,0.0,0.0,0.0,0.0,0.0,-0.0,0.0,0.0,-7.778098853284027e-21,-3.889049426642014e-21,-3.889049426642014e-21,0.0,0.0,-0.0,0.0,0.0,0.0,-0.0,0.0,0.0,0.0,0.0,0.0,4.0,0.0,0.0
12084840,298.3429870605469,303.1499938964844,285.1499938964844,0.0,-0.0,287.56988525390625,0.0,0.0,9.119755122810602e-05,298.3736877441406,303.1499938964844,285.1499938964844,0.0,-0.0,287.5704040527344,0.0,0.0,9.603551734471694e-05,298.7615051269531,303.1499938964844,285.1499938964844,0.0,-0.0,287.570068359375,0.0,0.0,7.093157910276204e-05,298.0693664550781,303.1499938964844,285.1499938964844,0.0,-0.0,287.5697631835937,0.0,0.0,9.603540092939512e-05,298.25115966796875,303.1499938964844,285.1499938964844,0.0,-0.0,287.5692138671875,0.0,0.0,0.0004555505875032,287.5003967285156,294.1499938964844,286.6407165527344,284.1370849609375,288.8818664550781,287.08111572265625,286.9306030273437,0.0,0.0,0.0,0.0,1.0,1.0,-0.0009717789944261,2.5642015177851363e-09,0.000971776433289,-0.0057694595307111,0.0,0.0,0.0,-0.0060839974321424,60.0,-0.1704863458871841,-0.0,-6.438641975137216e-08,0.0,283.1644592285156,287.4449462890625,288.6285095214844,288.9419860839844,293.1499938964844,293.1499938964844,278.1499938964844,0.0,18000.0,313.1499938964844,0.0,18000.0,0.0,0.0,0.0,0.0,0.0,0.0,0.0,0.0,0.0,-0.0,0.0,0.0,-7.778098853284027e-21,-3.889049426642014e-21,-3.889049426642014e-21,0.0,0.0,-0.0,0.0,0.0,0.0,-0.0,0.0,0.0,0.0,0.0,0.0,4.0,0.0,0.0
12084900,298.3427734375,303.1499938964844,285.1499938964844,0.0,-0.0,287.5673828125,0.0,0.0,9.116059663938358e-05,298.3723449707031,303.1499938964844,285.1499938964844,0.0,-0.0,287.5679016113281,0.0,0.0,9.599660552339628e-05,298.7602233886719,303.1499938964844,285.1499938964844,0.0,-0.0,287.56756591796875,0.0,0.0,7.090283907018602e-05,298.0692138671875,303.1499938964844,285.1499938964844,0.0,-0.0,287.5672607421875,0.0,0.0,9.599648910807446e-05,298.2511291503906,303.1499938964844,285.1499938964844,0.0,-0.0,287.56671142578125,0.0,0.0,0.0004553660110104,287.4974365234375,294.1499938964844,286.610107421875,284.1204528808594,288.8623352050781,287.0622253417969,286.9313659667969,0.0,0.0,0.0,0.0,1.0,1.0,-0.0009713846957311,2.5181046137134903e-09,0.0009713821928016,-0.0056486693210899,0.0,0.0,0.0,-0.0060611451044678,60.0,-0.1910867393016815,-0.0,-6.433418775486643e-08,0.0,283.1644592285156,287.4449462890625,288.6285095214844,288.9419860839844,293.1499938964844,293.1499938964844,278.1499938964844,0.0,18000.0,313.1499938964844,0.0,18000.0,0.0,0.0,0.0,0.0,0.0,0.0,0.0,0.0,0.0,-0.0,0.0,0.0,-7.778098853284027e-21,-3.889049426642014e-21,-3.889049426642014e-21,0.0,0.0,-0.0,0.0,0.0,0.0,-0.0,0.0,0.0,0.0,0.0,0.0,4.0,0.0,0.0
12084960,298.34246826171875,303.1499938964844,285.1499938964844,0.0,-0.0,287.5649108886719,0.0,0.0,9.112555562751368e-05,298.3709716796875,303.1499938964844,285.1499938964844,0.0,-0.0,287.5653991699219,0.0,0.0,9.595970186637716e-05,298.7589111328125,303.1499938964844,285.1499938964844,0.0,-0.0,287.5650634765625,0.0,0.0,7.087558333296329e-05,298.0690002441406,303.1499938964844,285.1499938964844,0.0,-0.0,287.56475830078125,0.0,0.0,9.595958545105532e-05,298.25103759765625,303.1499938964844,285.1499938964844,0.0,-0.0,287.564208984375,0.0,0.0,0.0004551909514702,287.4945068359375,294.1499938964844,286.5790405273437,284.1040344238281,288.8427124023437,287.0433044433594,286.9320983886719,0.0,0.0,0.0,0.0,1.0,1.0,-0.0009710107697173,2.474384253048356e-09,0.0009710083249956,-0.0055341073311865,0.0,0.0,0.0,-0.0060394708998501,60.0,-0.2119162678718567,-0.0,-6.428467003161131e-08,0.0,283.1644592285156,287.4449462890625,288.6285095214844,288.9419860839844,293.1499938964844,293.1499938964844,278.1499938964844,0.0,18000.0,313.1499938964844,0.0,18000.0,0.0,0.0,0.0,0.0,0.0,0.0,0.0,0.0,0.0,-0.0,0.0,0.0,-7.778098853284027e-21,-3.889049426642014e-21,-3.889049426642014e-21,0.0,0.0,-0.0,0.0,0.0,0.0,-0.0,0.0,0.0,0.0,0.0,0.0,4.0,0.0,0.0
12085020,298.34161376953125,303.1499938964844,285.1499938964844,0.0,-0.0,287.5599365234375,0.0,0.0,9.10615926841274e-05,298.3681945800781,303.1499938964844,285.1499938964844,0.0,-0.0,287.5604248046875,0.0,0.0,9.589234832674264e-05,298.7562255859375,303.1499938964844,285.1499938964844,0.0,-0.0,287.5600891113281,0.0,0.0,7.08258303347975e-05,298.06842041015625,303.1499938964844,285.1499938964844,0.0,-0.0,287.5597839355469,0.0,0.0,9.589223918737844e-05,298.2508544921875,303.1499938964844,285.1499938964844,0.0,-0.0,287.55926513671875,0.0,0.0,0.0004548714496195,287.4886169433594,294.1499938964844,286.5155029296875,284.0718688964844,288.8031921386719,287.0053100585937,286.9335021972656,0.0,0.0,0.0,0.0,1.0,1.0,-0.0009703283431008,2.394587639287238e-09,0.0009703259565867,-0.0053250123746693,0.0,0.0,0.0,-0.0059999120421707,60.0,-0.2543247938156128,-0.0,-6.419433873361413e-08,0.0,283.1644592285156,287.4449462890625,288.6285095214844,288.9419860839844,293.1499938964844,293.1499938964844,278.1499938964844,0.0,18000.0,313.1499938964844,0.0,18000.0,0.0,0.0,0.0,0.0,0.0,0.0,0.0,0.0,0.0,-0.0,0.0,0.0,-7.778098853284027e-21,-3.889049426642014e-21,-3.889049426642014e-21,0.0,0.0,-0.0,0.0,0.0,0.0,-0.0,0.0,0.0,0.0,0.0,0.0,4.0,0.0,0.0
12085080,298.34161376953125,303.1499938964844,285.1499938964844,0.0,-0.0,287.5599365234375,0.0,0.0,9.10615926841274e-05,298.3681945800781,303.1499938964844,285.1499938964844,0.0,-0.0,287.5604248046875,0.0,0.0,9.589234832674264e-05,298.7562255859375,303.1499938964844,285.1499938964844,0.0,-0.0,287.5600891113281,0.0,0.0,7.08258303347975e-05,298.06842041015625,303.1499938964844,285.1499938964844,0.0,-0.0,287.5597839355469,0.0,0.0,9.589223918737844e-05,298.2508544921875,303.1499938964844,285.1499938964844,0.0,-0.0,287.55926513671875,0.0,0.0,0.0004548714496195,287.4886169433594,294.1499938964844,286.5155029296875,284.0718688964844,288.8031921386719,287.0053100585937,286.9335021972656,0.0,0.0,0.0,0.0,1.0,1.0,-0.0009703283431008,2.394587639287238e-09,0.0009703259565867,-0.0053250123746693,0.0,0.0,0.0,-0.0059999120421707,60.0,-0.2543247938156128,-0.0,-6.419433873361413e-08,0.0,283.1644592285156,287.4449462890625,288.6285095214844,288.9419860839844,293.1499938964844,293.1499938964844,278.1499938964844,0.0,18000.0,313.1499938964844,0.0,18000.0,0.0,0.0,0.0,0.0,0.0,0.0,0.0,0.0,0.0,-0.0,0.0,0.0,-7.778098853284027e-21,-3.889049426642014e-21,-3.889049426642014e-21,0.0,0.0,-0.0,0.0,0.0,0.0,-0.0,0.0,0.0,0.0,0.0,0.0,4.0,0.0,0.0
12085140,298.34039306640625,303.1499938964844,285.1499938964844,0.0,-0.0,287.55499267578125,0.0,0.0,9.10049129743129e-05,298.3653259277344,303.1499938964844,285.1499938964844,0.0,-0.0,287.55548095703125,0.0,0.0,9.583265637047587e-05,298.75347900390625,303.1499938964844,285.1499938964844,0.0,-0.0,287.55517578125,0.0,0.0,7.078174530761316e-05,298.067626953125,303.1499938964844,285.1499938964844,0.0,-0.0,287.55487060546875,0.0,0.0,9.583254723111168e-05,298.2505798339844,303.1499938964844,285.1499938964844,0.0,-0.0,287.5543212890625,0.0,0.0,0.0004545883275568,287.4828186035156,294.1499938964844,286.45001220703125,284.0406494140625,288.76324462890625,286.9669189453125,286.9347839355469,0.0,0.0,0.0,0.0,1.0,1.0,-0.0009697233908809,2.323857106745208e-09,0.0009697210625745,-0.0051396726630628,0.0,0.0,0.0,-0.0059648477472364,60.0,-0.298058807849884,-0.0,-6.411433162156754e-08,0.0,283.1644592285156,287.4449462890625,288.6285095214844,288.9419860839844,293.1499938964844,293.1499938964844,278.1499938964844,0.0,18000.0,313.1499938964844,0.0,18000.0,0.0,0.0,0.0,0.0,0.0,0.0,0.0,0.0,0.0,-0.0,0.0,0.0,-7.778098853284027e-21,-3.889049426642014e-21,-3.889049426642014e-21,0.0,0.0,-0.0,0.0,0.0,0.0,-0.0,0.0,0.0,0.0,0.0,0.0,4.0,0.0,0.0
12085200,298.34039306640625,303.1499938964844,285.1499938964844,0.0,-0.0,287.55499267578125,0.0,0.0,9.10049129743129e-05,298.3653259277344,303.1499938964844,285.1499938964844,0.0,-0.0,287.55548095703125,0.0,0.0,9.583265637047587e-05,298.75347900390625,303.1499938964844,285.1499938964844,0.0,-0.0,287.55517578125,0.0,0.0,7.078174530761316e-05,298.067626953125,303.1499938964844,285.1499938964844,0.0,-0.0,287.55487060546875,0.0,0.0,9.583254723111168e-05,298.2505798339844,303.1499938964844,285.1499938964844,0.0,-0.0,287.5543212890625,0.0,0.0,0.0004545883275568,287.4828186035156,294.1499938964844,286.45001220703125,284.0406494140625,288.76324462890625,286.9669189453125,286.9347839355469,0.0,0.0,0.0,0.0,1.0,1.0,-0.0009697233908809,2.323857106745208e-09,0.0009697210625745,-0.0051396726630628,0.0,0.0,0.0,-0.0059648477472364,60.0,-0.298058807849884,-0.0,-6.411433162156754e-08,0.0,283.1644592285156,287.4449462890625,288.6285095214844,288.9419860839844,293.1499938964844,293.1499938964844,278.1499938964844,0.0,18000.0,313.1499938964844,0.0,18000.0,0.0,0.0,0.0,0.0,0.0,0.0,0.0,0.0,0.0,-0.0,0.0,0.0,-7.778098853284027e-21,-3.889049426642014e-21,-3.889049426642014e-21,0.0,0.0,-0.0,0.0,0.0,0.0,-0.0,0.0,0.0,0.0,0.0,0.0,4.0,0.0,0.0
12085260,298.3387451171875,303.1499938964844,285.1499938964844,0.0,-0.0,287.5500793457031,0.0,0.0,9.094696724787354e-05,298.36236572265625,303.1499938964844,285.1499938964844,0.0,-0.0,287.5505676269531,0.0,0.0,9.577163291396572e-05,298.75067138671875,303.1499938964844,285.1499938964844,0.0,-0.0,287.5502319335937,0.0,0.0,7.07366707501933e-05,298.06671142578125,303.1499938964844,285.1499938964844,0.0,-0.0,287.5499572753906,0.0,0.0,9.577152377460152e-05,298.25018310546875,303.1499938964844,285.1499938964844,0.0,-0.0,287.5494079589844,0.0,0.0,0.0004542988608591,287.47705078125,294.1499938964844,286.3788146972656,284.008544921875,288.7228088378906,286.92803955078125,286.9359741210937,0.0,0.0,0.0,0.0,1.0,1.0,-0.000969105050899,2.251548947285187e-09,0.0009691027808003,-0.0049501983448863,0.0,0.0,0.0,-0.0059290016070008,60.0,-0.3439735472202301,-0.0,-6.403258367981834e-08,0.0,283.1644592285156,287.4449462890625,288.6285095214844,288.9419860839844,293.1499938964844,293.1499938964844,278.1499938964844,0.0,18000.0,313.1499938964844,0.0,18000.0,0.0,0.0,0.0,0.0,0.0,0.0,0.0,0.0,0.0,-0.0,0.0,0.0,-7.778098853284027e-21,-3.889049426642014e-21,-3.889049426642014e-21,0.0,0.0,-0.0,0.0,0.0,0.0,-0.0,0.0,0.0,0.0,0.0,0.0,4.0,0.0,0.0
12085320,298.3387451171875,303.1499938964844,285.1499938964844,0.0,-0.0,287.5500793457031,0.0,0.0,9.094696724787354e-05,298.36236572265625,303.1499938964844,285.1499938964844,0.0,-0.0,287.5505676269531,0.0,0.0,9.577163291396572e-05,298.75067138671875,303.1499938964844,285.1499938964844,0.0,-0.0,287.5502319335937,0.0,0.0,7.07366707501933e-05,298.06671142578125,303.1499938964844,285.1499938964844,0.0,-0.0,287.5499572753906,0.0,0.0,9.577152377460152e-05,298.25018310546875,303.1499938964844,285.1499938964844,0.0,-0.0,287.5494079589844,0.0,0.0,0.0004542988608591,287.47705078125,294.1499938964844,286.3788146972656,284.008544921875,288.7228088378906,286.92803955078125,286.9359741210937,0.0,0.0,0.0,0.0,1.0,1.0,-0.000969105050899,2.251548947285187e-09,0.0009691027808003,-0.0049501983448863,0.0,0.0,0.0,-0.0059290016070008,60.0,-0.3439735472202301,-0.0,-6.403258367981834e-08,0.0,283.1644592285156,287.4449462890625,288.6285095214844,288.9419860839844,293.1499938964844,293.1499938964844,278.1499938964844,0.0,18000.0,313.1499938964844,0.0,18000.0,0.0,0.0,0.0,0.0,0.0,0.0,0.0,0.0,0.0,-0.0,0.0,0.0,-7.778098853284027e-21,-3.889049426642014e-21,-3.889049426642014e-21,0.0,0.0,-0.0,0.0,0.0,0.0,-0.0,0.0,0.0,0.0,0.0,0.0,4.0,0.0,0.0
12085380,298.3363342285156,303.1499938964844,285.1499938964844,0.0,-0.0,287.5451965332031,0.0,0.0,9.088006481761111e-05,298.3593139648437,303.1499938964844,285.1499938964844,0.0,-0.0,287.545654296875,0.0,0.0,9.57011870923452e-05,298.7477722167969,303.1499938964844,285.1499938964844,0.0,-0.0,287.5453491210937,0.0,0.0,7.068464037729427e-05,298.06591796875,303.1499938964844,285.1499938964844,0.0,-0.0,287.5450439453125,0.0,0.0,9.5701077952981e-05,298.2497253417969,303.1499938964844,285.1499938964844,0.0,-0.0,287.5445251464844,0.0,0.0,0.0004539646906778,287.4713439941406,294.1499938964844,286.2987670898437,283.973876953125,288.6817932128906,286.8885803222656,286.93707275390625,0.0,0.0,0.0,0.0,1.0,1.0,-0.0009683913085609,2.168093260479509e-09,0.0009683891548775,-0.0047315130941569,0.0,0.0,0.0,-0.0058876289986073,60.0,-0.3946680724620819,-0.0,-6.393829465878298e-08,0.0,283.1644592285156,287.4449462890625,288.6285095214844,288.9419860839844,293.1499938964844,293.1499938964844,278.1499938964844,0.0,18000.0,313.1499938964844,0.0,18000.0,0.0,0.0,0.0,0.0,0.0,0.0,0.0,0.0,0.0,-0.0,0.0,0.0,-7.778098853284027e-21,-3.889049426642014e-21,-3.889049426642014e-21,0.0,0.0,-0.0,0.0,0.0,0.0,-0.0,0.0,0.0,0.0,0.0,0.0,4.0,0.0,0.0
12085440,298.3363342285156,303.1499938964844,285.1499938964844,0.0,-0.0,287.5451965332031,0.0,0.0,9.088006481761111e-05,298.3593139648437,303.1499938964844,285.1499938964844,0.0,-0.0,287.545654296875,0.0,0.0,9.57011870923452e-05,298.7477722167969,303.1499938964844,285.1499938964844,0.0,-0.0,287.5453491210937,0.0,0.0,7.068464037729427e-05,298.06591796875,303.1499938964844,285.1499938964844,0.0,-0.0,287.5450439453125,0.0,0.0,9.5701077952981e-05,298.2497253417969,303.1499938964844,285.1499938964844,0.0,-0.0,287.5445251464844,0.0,0.0,0.0004539646906778,287.4713439941406,294.1499938964844,286.2987670898437,283.973876953125,288.6817932128906,286.8885803222656,286.93707275390625,0.0,0.0,0.0,0.0,1.0,1.0,-0.0009683913085609,2.168093260479509e-09,0.0009683891548775,-0.0047315130941569,0.0,0.0,0.0,-0.0058876289986073,60.0,-0.3946680724620819,-0.0,-6.393829465878298e-08,0.0,283.1644592285156,287.4449462890625,288.6285095214844,288.9419860839844,293.1499938964844,293.1499938964844,278.1499938964844,0.0,18000.0,313.1499938964844,0.0,18000.0,0.0,0.0,0.0,0.0,0.0,0.0,0.0,0.0,0.0,-0.0,0.0,0.0,-7.778098853284027e-21,-3.889049426642014e-21,-3.889049426642014e-21,0.0,0.0,-0.0,0.0,0.0,0.0,-0.0,0.0,0.0,0.0,0.0,0.0,4.0,0.0,0.0
12085500,298.3348083496094,303.1499938964844,285.1499938964844,0.0,-0.0,287.5427551269531,0.0,0.0,9.084652992896736e-05,298.3577575683594,303.1499938964844,285.1499938964844,0.0,-0.0,287.543212890625,0.0,0.0,9.566586959408596e-05,298.7463073730469,303.1499938964844,285.1499938964844,0.0,-0.0,287.5429077148437,0.0,0.0,7.065855606924742e-05,298.0656433105469,303.1499938964844,285.1499938964844,0.0,-0.0,287.5426330566406,0.0,0.0,9.566576045472176e-05,298.2494812011719,303.1499938964844,285.1499938964844,0.0,-0.0,287.5421142578125,0.0,0.0,0.0004537971690297,287.468505859375,294.1499938964844,286.255615234375,283.95556640625,288.6610107421875,286.8685913085937,286.9375915527344,0.0,0.0,0.0,0.0,1.0,1.0,-0.0009680335060693,2.1262576144209792e-09,0.0009680313523858,-0.0046218880452215,0.0,0.0,0.0,-0.0058668889105319,60.0,-0.4220229685306549,-0.0,-6.389105777770966e-08,0.0,283.1644592285156,287.4449462890625,288.6285095214844,288.9419860839844,293.1499938964844,293.1499938964844,278.1499938964844,0.0,18000.0,313.1499938964844,0.0,18000.0,0.0,0.0,0.0,0.0,0.0,0.0,0.0,0.0,0.0,-0.0,0.0,0.0,-7.778098853284027e-21,-3.889049426642014e-21,-3.889049426642014e-21,0.0,0.0,-0.0,0.0,0.0,0.0,-0.0,0.0,0.0,0.0,0.0,0.0,4.0,0.0,0.0
12085560,298.33306884765625,303.1499938964844,285.1499938964844,0.0,-0.0,287.5403137207031,0.0,0.0,9.081519237952308e-05,298.3561706542969,303.1499938964844,285.1499938964844,0.0,-0.0,287.5408020019531,0.0,0.0,9.563287312630564e-05,298.74481201171875,303.1499938964844,285.1499938964844,0.0,-0.0,287.5404968261719,0.0,0.0,7.063418161123991e-05,298.0654296875,303.1499938964844,285.1499938964844,0.0,-0.0,287.5401916503906,0.0,0.0,9.563276398694144e-05,298.24920654296875,303.1499938964844,285.1499938964844,0.0,-0.0,287.5396728515625,0.0,0.0,0.0004536406195256,287.4656677246094,294.1499938964844,286.21051025390625,283.9366455078125,288.6400756835937,286.848388671875,286.9380798339844,0.0,0.0,0.0,0.0,1.0,1.0,-0.0009676991030573,2.087161554698013e-09,0.0009676970075815,-0.0045194416306912,0.0,0.0,0.0,-0.0058475071564316,60.0,-0.4506312608718872,-0.0,-6.384693307381896e-08,0.0,283.1644592285156,287.4449462890625,288.6285095214844,288.9419860839844,293.1499938964844,293.1499938964844,278.1499938964844,0.0,18000.0,313.1499938964844,0.0,18000.0,0.0,0.0,0.0,0.0,0.0,0.0,0.0,0.0,0.0,-0.0,0.0,0.0,-7.778098853284027e-21,-3.889049426642014e-21,-3.889049426642014e-21,0.0,0.0,-0.0,0.0,0.0,0.0,-0.0,0.0,0.0,0.0,0.0,0.0,4.0,0.0,0.0
12085620,298.3290100097656,303.1499938964844,285.1499938964844,0.0,-0.0,287.5354919433594,0.0,0.0,9.07665307749994e-05,298.3529357910156,303.1499938964844,285.1499938964844,0.0,-0.0,287.53594970703125,0.0,0.0,9.558162128087132e-05,298.74176025390625,303.1499938964844,285.1499938964844,0.0,-0.0,287.53564453125,0.0,0.0,7.059633207973093e-05,298.0653076171875,303.1499938964844,285.1499938964844,0.0,-0.0,287.5353698730469,0.0,0.0,9.558151941746472e-05,298.2486572265625,303.1499938964844,285.1499938964844,0.0,-0.0,287.53485107421875,0.0,0.0,0.0004533975443337,287.4600524902344,294.1499938964844,286.11474609375,283.8970031738281,288.5975646972656,286.8071594238281,286.9389953613281,0.0,0.0,0.0,0.0,1.0,1.0,-0.0009671796578913,2.026428580492734e-09,0.0009671776206232,-0.0043602972291409,0.0,0.0,0.0,-0.0058173988945782,60.0,-0.5115294456481934,-0.0,-6.377840833238224e-08,0.0,283.1644592285156,287.4449462890625,288.6285095214844,288.9419860839844,293.1499938964844,293.1499938964844,278.1499938964844,0.0,18000.0,313.1499938964844,0.0,18000.0,0.0,0.0,0.0,0.0,0.0,0.0,0.0,0.0,0.0,-0.0,0.0,0.0,-7.778098853284027e-21,-3.889049426642014e-21,-3.889049426642014e-21,0.0,0.0,-0.0,0.0,0.0,0.0,-0.0,0.0,0.0,0.0,0.0,0.0,4.0,0.0,0.0
12085680,298.3290100097656,303.1499938964844,285.1499938964844,0.0,-0.0,287.5354919433594,0.0,0.0,9.07665307749994e-05,298.3529357910156,303.1499938964844,285.1499938964844,0.0,-0.0,287.53594970703125,0.0,0.0,9.558162128087132e-05,298.74176025390625,303.1499938964844,285.1499938964844,0.0,-0.0,287.53564453125,0.0,0.0,7.059633207973093e-05,298.0653076171875,303.1499938964844,285.1499938964844,0.0,-0.0,287.5353698730469,0.0,0.0,9.558151941746472e-05,298.2486572265625,303.1499938964844,285.1499938964844,0.0,-0.0,287.53485107421875,0.0,0.0,0.0004533975443337,287.4600524902344,294.1499938964844,286.11474609375,283.8970031738281,288.5975646972656,286.8071594238281,286.9389953613281,0.0,0.0,0.0,0.0,1.0,1.0,-0.0009671796578913,2.026428580492734e-09,0.0009671776206232,-0.0043602972291409,0.0,0.0,0.0,-0.0058173988945782,60.0,-0.5115294456481934,-0.0,-6.377840833238224e-08,0.0,283.1644592285156,287.4449462890625,288.6285095214844,288.9419860839844,293.1499938964844,293.1499938964844,278.1499938964844,0.0,18000.0,313.1499938964844,0.0,18000.0,0.0,0.0,0.0,0.0,0.0,0.0,0.0,0.0,0.0,-0.0,0.0,0.0,-7.778098853284027e-21,-3.889049426642014e-21,-3.889049426642014e-21,0.0,0.0,-0.0,0.0,0.0,0.0,-0.0,0.0,0.0,0.0,0.0,0.0,4.0,0.0,0.0
12085740,298.3240966796875,303.1499938964844,285.1499938964844,0.0,-0.0,287.5306701660156,0.0,0.0,9.0749395894818e-05,298.3495483398437,303.1499938964844,285.1499938964844,0.0,-0.0,287.5311279296875,0.0,0.0,9.556358418194576e-05,298.7386169433594,303.1499938964844,285.1499938964844,0.0,-0.0,287.53082275390625,0.0,0.0,7.058300252538174e-05,298.0655822753906,303.1499938964844,285.1499938964844,0.0,-0.0,287.5305480957031,0.0,0.0,9.556347504258156e-05,298.2480163574219,303.1499938964844,285.1499938964844,0.0,-0.0,287.5300598144531,0.0,0.0,0.0004533119790721,287.4544982910156,294.1499938964844,286.0120849609375,283.8550109863281,288.5540771484375,286.7637023925781,286.9398193359375,0.0,0.0,0.0,0.0,1.0,1.0,-0.0009669960709288,2.004980403924605e-09,0.0009669940918684,-0.0043040947057306,0.0,0.0,0.0,-0.0058067655190825,60.0,-0.5774460434913635,-0.0,-6.375422145765698e-08,0.0,283.1644592285156,287.4449462890625,288.6285095214844,288.9419860839844,293.1499938964844,293.1499938964844,278.1499938964844,0.0,18000.0,313.1499938964844,0.0,18000.0,0.0,0.0,0.0,0.0,0.0,0.0,0.0,0.0,0.0,-0.0,0.0,0.0,-7.778098853284027e-21,-3.889049426642014e-21,-3.889049426642014e-21,0.0,0.0,-0.0,0.0,0.0,0.0,-0.0,0.0,0.0,0.0,0.0,0.0,4.0,0.0,0.0
12085800,298.3240966796875,303.1499938964844,285.1499938964844,0.0,-0.0,287.5306701660156,0.0,0.0,9.0749395894818e-05,298.3495483398437,303.1499938964844,285.1499938964844,0.0,-0.0,287.5311279296875,0.0,0.0,9.556358418194576e-05,298.7386169433594,303.1499938964844,285.1499938964844,0.0,-0.0,287.53082275390625,0.0,0.0,7.058300252538174e-05,298.0655822753906,303.1499938964844,285.1499938964844,0.0,-0.0,287.5305480957031,0.0,0.0,9.556347504258156e-05,298.2480163574219,303.1499938964844,285.1499938964844,0.0,-0.0,287.5300598144531,0.0,0.0,0.0004533119790721,287.4544982910156,294.1499938964844,286.0120849609375,283.8550109863281,288.5540771484375,286.7637023925781,286.9398193359375,0.0,0.0,0.0,0.0,1.0,1.0,-0.0009669960709288,2.004980403924605e-09,0.0009669940918684,-0.0043040947057306,0.0,0.0,0.0,-0.0058067655190825,60.0,-0.5774460434913635,-0.0,-6.375422145765698e-08,0.0,283.1644592285156,287.4449462890625,288.6285095214844,288.9419860839844,293.1499938964844,293.1499938964844,278.1499938964844,0.0,18000.0,313.1499938964844,0.0,18000.0,0.0,0.0,0.0,0.0,0.0,0.0,0.0,0.0,0.0,-0.0,0.0,0.0,-7.778098853284027e-21,-3.889049426642014e-21,-3.889049426642014e-21,0.0,0.0,-0.0,0.0,0.0,0.0,-0.0,0.0,0.0,0.0,0.0,0.0,4.0,0.0,0.0
12085860,298.31854248046875,303.1499938964844,285.1499938964844,0.0,-0.0,287.52587890625,0.0,0.0,9.077403956325723e-05,298.3460388183594,303.1499938964844,285.1499938964844,0.0,-0.0,287.5263366699219,0.0,0.0,9.558953024679796e-05,298.7353820800781,303.1499938964844,285.1499938964844,0.0,-0.0,287.5260314941406,0.0,0.0,7.06021673977375e-05,298.0663757324219,303.1499938964844,285.1499938964844,0.0,-0.0,287.5257568359375,0.0,0.0,9.558942838339136e-05,298.2472839355469,303.1499938964844,285.1499938964844,0.0,-0.0,287.5252685546875,0.0,0.0,0.0004534350591711,287.448974609375,294.1499938964844,285.9032287597656,283.81072998046875,288.509521484375,286.7164001464844,286.9405822753906,0.0,0.0,0.0,0.0,1.0,1.0,-0.000967257656157,2.0355821472861635e-09,0.0009672556188888,-0.0043842834420502,0.0,0.0,0.0,-0.0058219353668391,60.0,-0.6479101777076721,-0.0,-6.378873251833285e-08,0.0,283.1644592285156,287.4449462890625,288.6285095214844,288.9419860839844,293.1499938964844,293.1499938964844,278.1499938964844,0.0,18000.0,313.1499938964844,0.0,18000.0,0.0,0.0,0.0,0.0,0.0,0.0,0.0,0.0,0.0,-0.0,0.0,0.0,-7.778098853284027e-21,-3.889049426642014e-21,-3.889049426642014e-21,0.0,0.0,-0.0,0.0,0.0,0.0,-0.0,0.0,0.0,0.0,0.0,0.0,4.0,0.0,0.0
12085920,298.31854248046875,303.1499938964844,285.1499938964844,0.0,-0.0,287.52587890625,0.0,0.0,9.077403956325723e-05,298.3460388183594,303.1499938964844,285.1499938964844,0.0,-0.0,287.5263366699219,0.0,0.0,9.558953024679796e-05,298.7353820800781,303.1499938964844,285.1499938964844,0.0,-0.0,287.5260314941406,0.0,0.0,7.06021673977375e-05,298.0663757324219,303.1499938964844,285.1499938964844,0.0,-0.0,287.5257568359375,0.0,0.0,9.558942838339136e-05,298.2472839355469,303.1499938964844,285.1499938964844,0.0,-0.0,287.5252685546875,0.0,0.0,0.0004534350591711,287.448974609375,294.1499938964844,285.9032287597656,283.81072998046875,288.509521484375,286.7164001464844,286.9405822753906,0.0,0.0,0.0,0.0,1.0,1.0,-0.000967257656157,2.0355821472861635e-09,0.0009672556188888,-0.0043842834420502,0.0,0.0,0.0,-0.0058219353668391,60.0,-0.6479101777076721,-0.0,-6.378873251833285e-08,0.0,283.1644592285156,287.4449462890625,288.6285095214844,288.9419860839844,293.1499938964844,293.1499938964844,278.1499938964844,0.0,18000.0,313.1499938964844,0.0,18000.0,0.0,0.0,0.0,0.0,0.0,0.0,0.0,0.0,0.0,-0.0,0.0,0.0,-7.778098853284027e-21,-3.889049426642014e-21,-3.889049426642014e-21,0.0,0.0,-0.0,0.0,0.0,0.0,-0.0,0.0,0.0,0.0,0.0,0.0,4.0,0.0,0.0
12085980,298.3124084472656,303.1499938964844,285.1499938964844,0.0,-0.0,287.5211181640625,0.0,0.0,9.084218618227168e-05,298.34234619140625,303.1499938964844,285.1499938964844,0.0,-0.0,287.5215759277344,0.0,0.0,9.566128574078904e-05,298.7320251464844,303.1499938964844,285.1499938964844,0.0,-0.0,287.5212707519531,0.0,0.0,7.065516547299922e-05,298.0676574707031,303.1499938964844,285.1499938964844,0.0,-0.0,287.52099609375,0.0,0.0,9.566118387738244e-05,298.2464599609375,303.1499938964844,285.1499938964844,0.0,-0.0,287.5205078125,0.0,0.0,0.0004537754575721,287.4435119628906,294.1499938964844,285.7888488769531,283.76434326171875,288.4637145996094,286.662353515625,286.9412536621094,0.0,0.0,0.0,0.0,1.0,1.0,-0.0009679828654043,2.1203876432451807e-09,0.0009679807117208,-0.0046065067872405,0.0,0.0,0.0,-0.0058639766648411,60.0,-0.7227609157562256,-0.0,-6.388443551941236e-08,0.0,283.1644592285156,287.4449462890625,288.6285095214844,288.9419860839844,293.1499938964844,293.1499938964844,278.1499938964844,0.0,18000.0,313.1499938964844,0.0,18000.0,0.0,0.0,0.0,0.0,0.0,0.0,0.0,0.0,0.0,-0.0,0.0,0.0,-7.778098853284027e-21,-3.889049426642014e-21,-3.889049426642014e-21,0.0,0.0,-0.0,0.0,0.0,0.0,-0.0,0.0,0.0,0.0,0.0,0.0,4.0,0.0,0.0
12086040,298.3124084472656,303.1499938964844,285.1499938964844,0.0,-0.0,287.5211181640625,0.0,0.0,9.084218618227168e-05,298.34234619140625,303.1499938964844,285.1499938964844,0.0,-0.0,287.5215759277344,0.0,0.0,9.566128574078904e-05,298.7320251464844,303.1499938964844,285.1499938964844,0.0,-0.0,287.5212707519531,0.0,0.0,7.065516547299922e-05,298.0676574707031,303.1499938964844,285.1499938964844,0.0,-0.0,287.52099609375,0.0,0.0,9.566118387738244e-05,298.2464599609375,303.1499938964844,285.1499938964844,0.0,-0.0,287.5205078125,0.0,0.0,0.0004537754575721,287.4435119628906,294.1499938964844,285.7888488769531,283.76434326171875,288.4637145996094,286.662353515625,286.9412536621094,0.0,0.0,0.0,0.0,1.0,1.0,-0.0009679828654043,2.1203876432451807e-09,0.0009679807117208,-0.0046065067872405,0.0,0.0,0.0,-0.0058639766648411,60.0,-0.7227609157562256,-0.0,-6.388443551941236e-08,0.0,283.1644592285156,287.4449462890625,288.6285095214844,288.9419860839844,293.1499938964844,293.1499938964844,278.1499938964844,0.0,18000.0,313.1499938964844,0.0,18000.0,0.0,0.0,0.0,0.0,0.0,0.0,0.0,0.0,0.0,-0.0,0.0,0.0,-7.778098853284027e-21,-3.889049426642014e-21,-3.889049426642014e-21,0.0,0.0,-0.0,0.0,0.0,0.0,-0.0,0.0,0.0,0.0,0.0,0.0,4.0,0.0,0.0
12086100,298.3091735839844,303.1499938964844,285.1499938964844,0.0,-0.0,287.51873779296875,0.0,0.0,9.088961087400094e-05,298.3404235839844,303.1499938964844,285.1499938964844,0.0,-0.0,287.5191955566406,0.0,0.0,9.57112351898104e-05,298.7303161621094,303.1499938964844,285.1499938964844,0.0,-0.0,287.5188903808594,0.0,0.0,7.069205457810313e-05,298.0685119628906,303.1499938964844,285.1499938964844,0.0,-0.0,287.51861572265625,0.0,0.0,9.57111333264038e-05,298.2460021972656,303.1499938964844,285.1499938964844,0.0,-0.0,287.51812744140625,0.0,0.0,0.0004540123627521,287.4407958984375,294.1499938964844,285.7297668457031,283.7403564453125,288.4402770996094,286.6319885253906,286.9415588378906,0.0,0.0,0.0,0.0,1.0,1.0,-0.0009684877586551,2.179433300497635e-09,0.0009684856049716,-0.0047612288035452,0.0,0.0,0.0,-0.0058932481333613,60.0,-0.7616991400718689,-0.0,-6.395110574430873e-08,0.0,283.1644592285156,287.4449462890625,288.6285095214844,288.9419860839844,293.1499938964844,293.1499938964844,278.1499938964844,0.0,18000.0,313.1499938964844,0.0,18000.0,0.0,0.0,0.0,0.0,0.0,0.0,0.0,0.0,0.0,-0.0,0.0,0.0,-7.778098853284027e-21,-3.889049426642014e-21,-3.889049426642014e-21,0.0,0.0,-0.0,0.0,0.0,0.0,-0.0,0.0,0.0,0.0,0.0,0.0,4.0,0.0,0.0
12086160,298.3058776855469,303.1499938964844,285.1499938964844,0.0,-0.0,287.516357421875,0.0,0.0,9.09416121430695e-05,298.3385009765625,303.1499938964844,285.1499938964844,0.0,-0.0,287.5168151855469,0.0,0.0,9.576598677085713e-05,298.72857666015625,303.1499938964844,285.1499938964844,0.0,-0.0,287.5165405273437,0.0,0.0,7.073249435052276e-05,298.0694580078125,303.1499938964844,285.1499938964844,0.0,-0.0,287.5162658691406,0.0,0.0,9.576588490745051e-05,298.2455139160156,303.1499938964844,285.1499938964844,0.0,-0.0,287.5157775878906,0.0,0.0,0.0004542721144389,287.4380798339844,294.1499938964844,285.6695556640625,283.71588134765625,288.4165954589844,286.5998229980469,286.9418334960937,0.0,0.0,0.0,0.0,1.0,1.0,-0.000969041371718,2.244169960974318e-09,0.0009690391016192,-0.0049308636225759,0.0,0.0,0.0,-0.00592534057796,60.0,-0.801324188709259,-0.0,-6.402424190810052e-08,0.0,283.1644592285156,287.4449462890625,288.6285095214844,288.9419860839844,293.1499938964844,293.1499938964844,278.1499938964844,0.0,18000.0,313.1499938964844,0.0,18000.0,0.0,0.0,0.0,0.0,0.0,0.0,0.0,0.0,0.0,-0.0,0.0,0.0,-7.778098853284027e-21,-3.889049426642014e-21,-3.889049426642014e-21,0.0,0.0,-0.0,0.0,0.0,0.0,-0.0,0.0,0.0,0.0,0.0,0.0,4.0,0.0,0.0
12086220,298.2991943359375,303.1499938964844,285.1499938964844,0.0,-0.0,287.5116577148437,0.0,0.0,9.104995842790232e-05,298.3345031738281,303.1499938964844,285.1499938964844,0.0,-0.0,287.5120849609375,0.0,0.0,9.588008106220514e-05,298.7250061035156,303.1499938964844,285.1499938964844,0.0,-0.0,287.5118103027344,0.0,0.0,7.081676449161023e-05,298.0717163085937,303.1499938964844,285.1499938964844,0.0,-0.0,287.51153564453125,0.0,0.0,9.587997919879854e-05,298.2445373535156,303.1499938964844,285.1499938964844,0.0,-0.0,287.51104736328125,0.0,0.0,0.0004548133292701,287.4327087402344,294.1499938964844,285.5460510253906,283.66552734375,288.3681945800781,286.5278625488281,286.9423522949219,0.0,0.0,0.0,0.0,1.0,1.0,-0.000970195105765,2.3790680536706077e-09,0.0009701927192509,-0.0052843457087874,0.0,0.0,0.0,-0.0059922155924141,60.0,-0.8831658363342285,-0.0,-6.41767812226135e-08,0.0,283.1644592285156,287.4449462890625,288.6285095214844,288.9419860839844,293.1499938964844,293.1499938964844,278.1499938964844,0.0,18000.0,313.1499938964844,0.0,18000.0,0.0,0.0,0.0,0.0,0.0,0.0,0.0,0.0,0.0,-0.0,0.0,0.0,-7.778098853284027e-21,-3.889049426642014e-21,-3.889049426642014e-21,0.0,0.0,-0.0,0.0,0.0,0.0,-0.0,0.0,0.0,0.0,0.0,0.0,4.0,0.0,0.0
12086280,298.2991943359375,303.1499938964844,285.1499938964844,0.0,-0.0,287.5116577148437,0.0,0.0,9.104995842790232e-05,298.3345031738281,303.1499938964844,285.1499938964844,0.0,-0.0,287.5120849609375,0.0,0.0,9.588008106220514e-05,298.7250061035156,303.1499938964844,285.1499938964844,0.0,-0.0,287.5118103027344,0.0,0.0,7.081676449161023e-05,298.0717163085937,303.1499938964844,285.1499938964844,0.0,-0.0,287.51153564453125,0.0,0.0,9.587997919879854e-05,298.2445373535156,303.1499938964844,285.1499938964844,0.0,-0.0,287.51104736328125,0.0,0.0,0.0004548133292701,287.4327087402344,294.1499938964844,285.5460510253906,283.66552734375,288.3681945800781,286.5278625488281,286.9423522949219,0.0,0.0,0.0,0.0,1.0,1.0,-0.000970195105765,2.3790680536706077e-09,0.0009701927192509,-0.0052843457087874,0.0,0.0,0.0,-0.0059922155924141,60.0,-0.8831658363342285,-0.0,-6.41767812226135e-08,0.0,283.1644592285156,287.4449462890625,288.6285095214844,288.9419860839844,293.1499938964844,293.1499938964844,278.1499938964844,0.0,18000.0,313.1499938964844,0.0,18000.0,0.0,0.0,0.0,0.0,0.0,0.0,0.0,0.0,0.0,-0.0,0.0,0.0,-7.778098853284027e-21,-3.889049426642014e-21,-3.889049426642014e-21,0.0,0.0,-0.0,0.0,0.0,0.0,-0.0,0.0,0.0,0.0,0.0,0.0,4.0,0.0,0.0
12086340,298.29248046875,303.1499938964844,285.1499938964844,0.0,-0.0,287.5069274902344,0.0,0.0,9.114394197240472e-05,298.3303527832031,303.1499938964844,285.1499938964844,0.0,-0.0,287.50738525390625,0.0,0.0,9.597905591363089e-05,298.7213439941406,303.1499938964844,285.1499938964844,0.0,-0.0,287.507080078125,0.0,0.0,7.088986603775993e-05,298.0726318359375,303.1499938964844,285.1499938964844,0.0,-0.0,287.5068359375,0.0,0.0,9.597895405022427e-05,298.24346923828125,303.1499938964844,285.1499938964844,0.0,-0.0,287.50634765625,0.0,0.0,0.0004552828031592,287.4273681640625,294.1499938964844,285.4189758300781,283.6134338378906,288.3184509277344,286.4467468261719,286.9428100585937,0.0,0.0,0.0,0.0,1.0,1.0,-0.0009711958118714,2.4960720157451988e-09,0.000971193308942,-0.0055909371003508,0.0,0.0,0.0,-0.0060502202250063,60.0,-0.9676891565322876,-0.0,-6.430923349398654e-08,0.0,283.1644592285156,287.4449462890625,288.6285095214844,288.9419860839844,293.1499938964844,293.1499938964844,278.1499938964844,0.0,18000.0,313.1499938964844,0.0,18000.0,0.0,0.0,0.0,0.0,0.0,0.0,0.0,0.0,0.0,-0.0,0.0,0.0,-7.778098853284027e-21,-3.889049426642014e-21,-3.889049426642014e-21,0.0,0.0,-0.0,0.0,0.0,0.0,-0.0,0.0,0.0,0.0,0.0,0.0,4.0,0.0,0.0
12086400,298.29248046875,303.1499938964844,285.1499938964844,0.0,-0.0,287.5069274902344,0.0,0.0,9.114394197240472e-05,298.3303527832031,303.1499938964844,285.1499938964844,0.0,-0.0,287.50738525390625,0.0,0.0,9.597905591363089e-05,298.7213439941406,303.1499938964844,285.1499938964844,0.0,-0.0,287.507080078125,0.0,0.0,7.088986603775993e-05,298.0726318359375,303.1499938964844,285.1499938964844,0.0,-0.0,287.5068359375,0.0,0.0,9.597895405022427e-05,298.24346923828125,303.1499938964844,285.1499938964844,0.0,-0.0,287.50634765625,0.0,0.0,0.0004552828031592,287.4273681640625,294.1499938964844,285.4189758300781,283.6134338378906,288.3184509277344,286.4467468261719,286.9428100585937,0.0,0.0,0.0,0.0,1.0,1.0,-0.0009711958118714,2.4960720157451988e-09,0.000971193308942,-0.0055909371003508,0.0,0.0,0.0,-0.0060502202250063,60.0,-0.9676891565322876,-0.0,-6.430923349398654e-08,0.0,283.1644592285156,287.4449462890625,288.6285095214844,288.9419860839844,293.1499938964844,293.1499938964844,278.1499938964844,0.0,18000.0,313.1499938964844,0.0,18000.0,0.0,0.0,0.0,0.0,0.0,0.0,0.0,0.0,0.0,-0.0,0.0,0.0,-7.778098853284027e-21,-3.889049426642014e-21,-3.889049426642014e-21,0.0,0.0,-0.0,0.0,0.0,0.0,-0.0,0.0,0.0,0.0,0.0,0.0,4.0,0.0,0.0
12086460,298.2858581542969,303.1499938964844,285.1499938964844,0.0,-0.0,287.50225830078125,0.0,0.0,9.121617767959832e-05,298.3260498046875,303.1499938964844,285.1499938964844,0.0,-0.0,287.502685546875,0.0,0.0,9.605511149857192e-05,298.71759033203125,303.1499938964844,285.1499938964844,0.0,-0.0,287.5024108886719,0.0,0.0,7.094604370649904e-05,298.0717468261719,303.1499938964844,285.1499938964844,0.0,-0.0,287.50213623046875,0.0,0.0,9.605501691112296e-05,298.24224853515625,303.1499938964844,285.1499938964844,0.0,-0.0,287.5016784667969,0.0,0.0,0.0004556436324492,287.42205810546875,294.1499938964844,285.2890014648437,283.5596923828125,288.2673645019531,286.357666015625,286.9432067871094,0.0,0.0,0.0,0.0,1.0,1.0,-0.0009719646768644,2.5859727692534307e-09,0.0009719621157273,-0.0058265076950192,0.0,0.0,0.0,-0.0060947882011532,60.0,-1.0543360710144043,-0.0,-6.441109690058512e-08,0.0,283.1644592285156,287.4449462890625,288.6285095214844,288.9419860839844,293.1499938964844,293.1499938964844,278.1499938964844,0.0,18000.0,313.1499938964844,0.0,18000.0,0.0,0.0,0.0,0.0,0.0,0.0,0.0,0.0,0.0,-0.0,0.0,0.0,-7.778098853284027e-21,-3.889049426642014e-21,-3.889049426642014e-21,0.0,0.0,-0.0,0.0,0.0,0.0,-0.0,0.0,0.0,0.0,0.0,0.0,4.0,0.0,0.0
12086520,298.2858581542969,303.1499938964844,285.1499938964844,0.0,-0.0,287.50225830078125,0.0,0.0,9.121617767959832e-05,298.3260498046875,303.1499938964844,285.1499938964844,0.0,-0.0,287.502685546875,0.0,0.0,9.605511149857192e-05,298.71759033203125,303.1499938964844,285.1499938964844,0.0,-0.0,287.5024108886719,0.0,0.0,7.094604370649904e-05,298.0717468261719,303.1499938964844,285.1499938964844,0.0,-0.0,287.50213623046875,0.0,0.0,9.605501691112296e-05,298.24224853515625,303.1499938964844,285.1499938964844,0.0,-0.0,287.5016784667969,0.0,0.0,0.0004556436324492,287.42205810546875,294.1499938964844,285.2890014648437,283.5596923828125,288.2673645019531,286.357666015625,286.9432067871094,0.0,0.0,0.0,0.0,1.0,1.0,-0.0009719646768644,2.5859727692534307e-09,0.0009719621157273,-0.0058265076950192,0.0,0.0,0.0,-0.0060947882011532,60.0,-1.0543360710144043,-0.0,-6.441109690058512e-08,0.0,283.1644592285156,287.4449462890625,288.6285095214844,288.9419860839844,293.1499938964844,293.1499938964844,278.1499938964844,0.0,18000.0,313.1499938964844,0.0,18000.0,0.0,0.0,0.0,0.0,0.0,0.0,0.0,0.0,0.0,-0.0,0.0,0.0,-7.778098853284027e-21,-3.889049426642014e-21,-3.889049426642014e-21,0.0,0.0,-0.0,0.0,0.0,0.0,-0.0,0.0,0.0,0.0,0.0,0.0,4.0,0.0,0.0
12086580,298.2796325683594,303.1499938964844,285.1499938964844,0.0,-0.0,287.4975891113281,0.0,0.0,9.120182221522556e-05,298.32159423828125,303.1499938964844,285.1499938964844,0.0,-0.0,287.4980163574219,0.0,0.0,9.603999933460727e-05,298.71368408203125,303.1499938964844,285.1499938964844,0.0,-0.0,287.49774169921875,0.0,0.0,7.093488238751888e-05,298.0697326660156,303.1499938964844,285.1499938964844,0.0,-0.0,287.4974975585937,0.0,0.0,9.603990474715828e-05,298.2408752441406,303.1499938964844,285.1499938964844,0.0,-0.0,287.4970092773437,0.0,0.0,0.0004555719497147,287.4167785644531,294.1499938964844,285.1568298339844,283.5045166015625,288.2148132324219,286.2622985839844,286.9435119628906,0.0,0.0,0.0,0.0,1.0,1.0,-0.0009718117071315,2.5680004789307982e-09,0.0009718091459944,-0.0057794135063886,0.0,0.0,0.0,-0.0060858819633722,60.0,-1.1424107551574707,-0.0,-6.439072564035089e-08,0.0,283.1644592285156,287.4449462890625,288.6285095214844,288.9419860839844,293.1499938964844,293.1499938964844,278.1499938964844,0.0,18000.0,313.1499938964844,0.0,18000.0,0.0,0.0,0.0,0.0,0.0,0.0,0.0,0.0,0.0,-0.0,0.0,0.0,-7.778098853284027e-21,-3.889049426642014e-21,-3.889049426642014e-21,0.0,0.0,-0.0,0.0,0.0,0.0,-0.0,0.0,0.0,0.0,0.0,0.0,4.0,0.0,0.0
12086640,298.2796325683594,303.1499938964844,285.1499938964844,0.0,-0.0,287.4975891113281,0.0,0.0,9.120182221522556e-05,298.32159423828125,303.1499938964844,285.1499938964844,0.0,-0.0,287.4980163574219,0.0,0.0,9.603999933460727e-05,298.71368408203125,303.1499938964844,285.1499938964844,0.0,-0.0,287.49774169921875,0.0,0.0,7.093488238751888e-05,298.0697326660156,303.1499938964844,285.1499938964844,0.0,-0.0,287.4974975585937,0.0,0.0,9.603990474715828e-05,298.2408752441406,303.1499938964844,285.1499938964844,0.0,-0.0,287.4970092773437,0.0,0.0,0.0004555719497147,287.4167785644531,294.1499938964844,285.1568298339844,283.5045166015625,288.2148132324219,286.2622985839844,286.9435119628906,0.0,0.0,0.0,0.0,1.0,1.0,-0.0009718117071315,2.5680004789307982e-09,0.0009718091459944,-0.0057794135063886,0.0,0.0,0.0,-0.0060858819633722,60.0,-1.1424107551574707,-0.0,-6.439072564035089e-08,0.0,283.1644592285156,287.4449462890625,288.6285095214844,288.9419860839844,293.1499938964844,293.1499938964844,278.1499938964844,0.0,18000.0,313.1499938964844,0.0,18000.0,0.0,0.0,0.0,0.0,0.0,0.0,0.0,0.0,0.0,-0.0,0.0,0.0,-7.778098853284027e-21,-3.889049426642014e-21,-3.889049426642014e-21,0.0,0.0,-0.0,0.0,0.0,0.0,-0.0,0.0,0.0,0.0,0.0,0.0,4.0,0.0,0.0
12086700,298.2768859863281,303.1499938964844,285.1499938964844,0.0,-0.0,287.4952697753906,0.0,0.0,9.1125511971768e-05,298.3192749023437,303.1499938964844,285.1499938964844,0.0,-0.0,287.4956970214844,0.0,0.0,9.595964365871625e-05,298.7117004394531,303.1499938964844,285.1499938964844,0.0,-0.0,287.49542236328125,0.0,0.0,7.087552512530237e-05,298.06842041015625,303.1499938964844,285.1499938964844,0.0,-0.0,287.49517822265625,0.0,0.0,9.595954907126723e-05,298.240234375,303.1499938964844,285.1499938964844,0.0,-0.0,287.4947204589844,0.0,0.0,0.0004551907477434,287.4141845703125,294.1499938964844,285.090087890625,283.4764709472656,288.18804931640625,286.216064453125,286.94366455078125,0.0,0.0,0.0,0.0,1.0,1.0,-0.0009709981386549,2.4728772363147304e-09,0.0009709956357255,-0.0055301580578088,0.0,0.0,0.0,-0.0060387249104678,60.0,-1.1861693859100342,-0.0,-6.42829647290455e-08,0.0,283.1644592285156,287.4449462890625,288.6285095214844,288.9419860839844,293.1499938964844,293.1499938964844,278.1499938964844,0.0,18000.0,313.1499938964844,0.0,18000.0,0.0,0.0,0.0,0.0,0.0,0.0,0.0,0.0,0.0,-0.0,0.0,0.0,-7.778098853284027e-21,-3.889049426642014e-21,-3.889049426642014e-21,0.0,0.0,-0.0,0.0,0.0,0.0,-0.0,0.0,0.0,0.0,0.0,0.0,4.0,0.0,0.0
12086760,298.2744445800781,303.1499938964844,285.1499938964844,0.0,-0.0,287.49298095703125,0.0,0.0,9.105576464207844e-05,298.31695556640625,303.1499938964844,285.1499938964844,0.0,-0.0,287.4933776855469,0.0,0.0,9.588619286660104e-05,298.709716796875,303.1499938964844,285.1499938964844,0.0,-0.0,287.4931030273437,0.0,0.0,7.082127558533102e-05,298.0669860839844,303.1499938964844,285.1499938964844,0.0,-0.0,287.49285888671875,0.0,0.0,9.588609827915208e-05,298.2395935058594,303.1499938964844,285.1499938964844,0.0,-0.0,287.4924011230469,0.0,0.0,0.000454842345789,287.4115905761719,294.1499938964844,285.0230407714844,283.4481201171875,288.1609191894531,286.1712341308594,286.9437866210937,0.0,0.0,0.0,0.0,1.0,1.0,-0.0009702545357868,2.385929454007396e-09,0.0009702521492727,-0.0053023244254291,0.0,0.0,0.0,-0.0059956209734082,60.0,-1.2299141883850098,-0.0,-6.418454745471537e-08,0.0,283.1644592285156,287.4449462890625,288.6285095214844,288.9419860839844,293.1499938964844,293.1499938964844,278.1499938964844,0.0,18000.0,313.1499938964844,0.0,18000.0,0.0,0.0,0.0,0.0,0.0,0.0,0.0,0.0,0.0,-0.0,0.0,0.0,-7.778098853284027e-21,-3.889049426642014e-21,-3.889049426642014e-21,0.0,0.0,-0.0,0.0,0.0,0.0,-0.0,0.0,0.0,0.0,0.0,0.0,4.0,0.0,0.0
12086820,298.27020263671875,303.1499938964844,285.1499938964844,0.0,-0.0,287.4883728027344,0.0,0.0,9.089382365345956e-05,298.31207275390625,303.1499938964844,285.1499938964844,0.0,-0.0,287.4888000488281,0.0,0.0,9.571565897203982e-05,298.7056884765625,303.1499938964844,285.1499938964844,0.0,-0.0,287.488525390625,0.0,0.0,7.06953214830719e-05,298.0638122558594,303.1499938964844,285.1499938964844,0.0,-0.0,287.4882507324219,0.0,0.0,9.571556438459083e-05,298.2383728027344,303.1499938964844,285.1499938964844,0.0,-0.0,287.4878234863281,0.0,0.0,0.0004540334048215,287.40643310546875,294.1499938964844,284.88836669921875,283.39068603515625,288.1058044433594,286.086181640625,286.9439697265625,0.0,0.0,0.0,0.0,1.0,1.0,-0.000968528271187,2.18406914775926e-09,0.0009685261175036,-0.0047733760438859,0.0,0.0,0.0,-0.0058955503627657,60.0,-1.3173549175262451,-0.0,-6.39563424442713e-08,0.0,283.1644592285156,287.4449462890625,288.6285095214844,288.9419860839844,293.1499938964844,293.1499938964844,278.1499938964844,0.0,18000.0,313.1499938964844,0.0,18000.0,0.0,0.0,0.0,0.0,0.0,0.0,0.0,0.0,0.0,-0.0,0.0,0.0,-7.778098853284027e-21,-3.889049426642014e-21,-3.889049426642014e-21,0.0,0.0,-0.0,0.0,0.0,0.0,-0.0,0.0,0.0,0.0,0.0,0.0,4.0,0.0,0.0
12086880,298.27020263671875,303.1499938964844,285.1499938964844,0.0,-0.0,287.4883728027344,0.0,0.0,9.089382365345956e-05,298.31207275390625,303.1499938964844,285.1499938964844,0.0,-0.0,287.4888000488281,0.0,0.0,9.571565897203982e-05,298.7056884765625,303.1499938964844,285.1499938964844,0.0,-0.0,287.488525390625,0.0,0.0,7.06953214830719e-05,298.0638122558594,303.1499938964844,285.1499938964844,0.0,-0.0,287.4882507324219,0.0,0.0,9.571556438459083e-05,298.2383728027344,303.1499938964844,285.1499938964844,0.0,-0.0,287.4878234863281,0.0,0.0,0.0004540334048215,287.40643310546875,294.1499938964844,284.88836669921875,283.39068603515625,288.1058044433594,286.086181640625,286.9439697265625,0.0,0.0,0.0,0.0,1.0,1.0,-0.000968528271187,2.18406914775926e-09,0.0009685261175036,-0.0047733760438859,0.0,0.0,0.0,-0.0058955503627657,60.0,-1.3173549175262451,-0.0,-6.39563424442713e-08,0.0,283.1644592285156,287.4449462890625,288.6285095214844,288.9419860839844,293.1499938964844,293.1499938964844,278.1499938964844,0.0,18000.0,313.1499938964844,0.0,18000.0,0.0,0.0,0.0,0.0,0.0,0.0,0.0,0.0,0.0,-0.0,0.0,0.0,-7.778098853284027e-21,-3.889049426642014e-21,-3.889049426642014e-21,0.0,0.0,-0.0,0.0,0.0,0.0,-0.0,0.0,0.0,0.0,0.0,0.0,4.0,0.0,0.0
12086940,298.2670288085937,303.1499938964844,285.1499938964844,0.0,-0.0,287.4838256835937,0.0,0.0,9.07153225853108e-05,298.30517578125,303.1499938964844,285.1499938964844,0.0,-0.0,287.4842224121094,0.0,0.0,9.55276846070774e-05,298.7016906738281,303.1499938964844,285.1499938964844,0.0,-0.0,287.48394775390625,0.0,0.0,7.055648165987805e-05,298.0603332519531,303.1499938964844,285.1499938964844,0.0,-0.0,287.48370361328125,0.0,0.0,9.55275900196284e-05,298.2372131347656,303.1499938964844,285.1499938964844,0.0,-0.0,287.4832763671875,0.0,0.0,0.0004531417507678,287.4013366699219,294.1499938964844,284.7534484863281,283.3324279785156,288.0494384765625,286.0096435546875,286.944091796875,0.0,0.0,0.0,0.0,1.0,1.0,-0.0009666254627518,1.961577567044514e-09,0.0009666234836913,-0.0041903615929186,0.0,0.0,0.0,-0.0057852515019476,60.0,-1.404488205909729,-0.0,-6.370527927401781e-08,0.0,283.1644592285156,287.4449462890625,288.6285095214844,288.9419860839844,293.1499938964844,293.1499938964844,278.1499938964844,0.0,18000.0,313.1499938964844,0.0,18000.0,0.0,0.0,0.0,0.0,0.0,0.0,0.0,0.0,0.0,-0.0,0.0,0.0,-7.778098853284027e-21,-3.889049426642014e-21,-3.889049426642014e-21,0.0,0.0,-0.0,0.0,0.0,0.0,-0.0,0.0,0.0,0.0,0.0,0.0,4.0,0.0,0.0
12087000,298.2670288085937,303.1499938964844,285.1499938964844,0.0,-0.0,287.4838256835937,0.0,0.0,9.07153225853108e-05,298.30517578125,303.1499938964844,285.1499938964844,0.0,-0.0,287.4842224121094,0.0,0.0,9.55276846070774e-05,298.7016906738281,303.1499938964844,285.1499938964844,0.0,-0.0,287.48394775390625,0.0,0.0,7.055648165987805e-05,298.0603332519531,303.1499938964844,285.1499938964844,0.0,-0.0,287.48370361328125,0.0,0.0,9.55275900196284e-05,298.2372131347656,303.1499938964844,285.1499938964844,0.0,-0.0,287.4832763671875,0.0,0.0,0.0004531417507678,287.4013366699219,294.1499938964844,284.7534484863281,283.3324279785156,288.0494384765625,286.0096435546875,286.944091796875,0.0,0.0,0.0,0.0,1.0,1.0,-0.0009666254627518,1.961577567044514e-09,0.0009666234836913,-0.0041903615929186,0.0,0.0,0.0,-0.0057852515019476,60.0,-1.404488205909729,-0.0,-6.370527927401781e-08,0.0,283.1644592285156,287.4449462890625,288.6285095214844,288.9419860839844,293.1499938964844,293.1499938964844,278.1499938964844,0.0,18000.0,313.1499938964844,0.0,18000.0,0.0,0.0,0.0,0.0,0.0,0.0,0.0,0.0,0.0,-0.0,0.0,0.0,-7.778098853284027e-21,-3.889049426642014e-21,-3.889049426642014e-21,0.0,0.0,-0.0,0.0,0.0,0.0,-0.0,0.0,0.0,0.0,0.0,0.0,4.0,0.0,0.0
12087060,298.26495361328125,303.1499938964844,285.1499938964844,0.0,-0.0,287.4792785644531,0.0,0.0,9.055891132447869e-05,298.2955627441406,303.1499938964844,285.1499938964844,0.0,-0.0,287.4797058105469,0.0,0.0,9.536297875456512e-05,298.6976318359375,303.1499938964844,285.1499938964844,0.0,-0.0,287.4794311523437,0.0,0.0,7.04348276485689e-05,298.0565795898437,303.1499938964844,285.1499938964844,0.0,-0.0,287.47918701171875,0.0,0.0,9.536288416711614e-05,298.23602294921875,303.1499938964844,285.1499938964844,0.0,-0.0,287.4787292480469,0.0,0.0,0.0004523604584392,287.39630126953125,294.1499938964844,284.6189270019531,283.27362060546875,287.9917907714844,285.9421081542969,286.94415283203125,0.0,0.0,0.0,0.0,1.0,1.0,-0.0009649579296819,1.7666129670246272e-09,0.0009649561252444,-0.0036794752813875,0.0,0.0,0.0,-0.0056885979138314,60.0,-1.4912413358688354,-0.0,-6.348569314695851e-08,0.0,283.1644592285156,287.4449462890625,288.6285095214844,288.9419860839844,293.1499938964844,293.1499938964844,278.1499938964844,0.0,18000.0,313.1499938964844,0.0,18000.0,0.0,0.0,0.0,0.0,0.0,0.0,0.0,0.0,0.0,-0.0,0.0,0.0,-7.778098853284027e-21,-3.889049426642014e-21,-3.889049426642014e-21,0.0,0.0,-0.0,0.0,0.0,0.0,-0.0,0.0,0.0,0.0,0.0,0.0,4.0,0.0,0.0
12087120,298.26495361328125,303.1499938964844,285.1499938964844,0.0,-0.0,287.4792785644531,0.0,0.0,9.055891132447869e-05,298.2955627441406,303.1499938964844,285.1499938964844,0.0,-0.0,287.4797058105469,0.0,0.0,9.536297875456512e-05,298.6976318359375,303.1499938964844,285.1499938964844,0.0,-0.0,287.4794311523437,0.0,0.0,7.04348276485689e-05,298.0565795898437,303.1499938964844,285.1499938964844,0.0,-0.0,287.47918701171875,0.0,0.0,9.536288416711614e-05,298.23602294921875,303.1499938964844,285.1499938964844,0.0,-0.0,287.4787292480469,0.0,0.0,0.0004523604584392,287.39630126953125,294.1499938964844,284.6189270019531,283.27362060546875,287.9917907714844,285.9421081542969,286.94415283203125,0.0,0.0,0.0,0.0,1.0,1.0,-0.0009649579296819,1.7666129670246272e-09,0.0009649561252444,-0.0036794752813875,0.0,0.0,0.0,-0.0056885979138314,60.0,-1.4912413358688354,-0.0,-6.348569314695851e-08,0.0,283.1644592285156,287.4449462890625,288.6285095214844,288.9419860839844,293.1499938964844,293.1499938964844,278.1499938964844,0.0,18000.0,313.1499938964844,0.0,18000.0,0.0,0.0,0.0,0.0,0.0,0.0,0.0,0.0,0.0,-0.0,0.0,0.0,-7.778098853284027e-21,-3.889049426642014e-21,-3.889049426642014e-21,0.0,0.0,-0.0,0.0,0.0,0.0,-0.0,0.0,0.0,0.0,0.0,0.0,4.0,0.0,0.0
12087180,298.26422119140625,303.1499938964844,285.1499938964844,0.0,-0.0,287.4767761230469,0.0,0.0,9.049788059201092e-05,298.2894592285156,303.1499938964844,285.1499938964844,0.0,-0.0,287.4771728515625,0.0,0.0,9.529871022095904e-05,298.6953430175781,303.1499938964844,285.1499938964844,0.0,-0.0,287.4768981933594,0.0,0.0,7.038735930109397e-05,298.05438232421875,303.1499938964844,285.1499938964844,0.0,-0.0,287.4766540527344,0.0,0.0,9.529862290946768e-05,298.2353210449219,303.1499938964844,285.1499938964844,0.0,-0.0,287.4762268066406,0.0,0.0,0.0004520555958151,287.3935241699219,294.1499938964844,284.5440368652344,283.24053955078125,287.958984375,285.9072265625,286.94415283203125,0.0,0.0,0.0,0.0,1.0,1.0,-0.0009643071098253,1.69053004928088e-09,0.0009643054218031,-0.0034801063593477,0.0,0.0,0.0,-0.0056508798152208,60.0,-1.539758563041687,-0.0,-6.340010116900885e-08,0.0,283.1644592285156,287.4449462890625,288.6285095214844,288.9419860839844,293.1499938964844,293.1499938964844,278.1499938964844,0.0,18000.0,313.1499938964844,0.0,18000.0,0.0,0.0,0.0,0.0,0.0,0.0,0.0,0.0,0.0,-0.0,0.0,0.0,-7.778098853284027e-21,-3.889049426642014e-21,-3.889049426642014e-21,0.0,0.0,-0.0,0.0,0.0,0.0,-0.0,0.0,0.0,0.0,0.0,0.0,4.0,0.0,0.0
12087240,298.26385498046875,303.1499938964844,285.1499938964844,0.0,-0.0,287.47479248046875,0.0,0.0,9.046871855389328e-05,298.28448486328125,303.1499938964844,285.1499938964844,0.0,-0.0,287.4751892089844,0.0,0.0,9.526799840386956e-05,298.69354248046875,303.1499938964844,285.1499938964844,0.0,-0.0,287.4749450683594,0.0,0.0,7.036467286525294e-05,298.0526428222656,303.1499938964844,285.1499938964844,0.0,-0.0,287.4747009277344,0.0,0.0,9.526790381642058e-05,298.2347106933594,303.1499938964844,285.1499938964844,0.0,-0.0,287.4742431640625,0.0,0.0,0.0004519099020399,287.3913269042969,294.1499938964844,284.4854736328125,283.2145080566406,287.9329528808594,285.8804016113281,286.9441223144531,0.0,0.0,0.0,0.0,1.0,1.0,-0.0009639958152547,1.654152592678315e-09,0.0009639941854402,-0.0033847822342067,0.0,0.0,0.0,-0.0056328447535634,60.0,-1.5779117345809937,-0.0,-6.335919522371114e-08,0.0,283.1644592285156,287.4449462890625,288.6285095214844,288.9419860839844,293.1499938964844,293.1499938964844,278.1499938964844,0.0,18000.0,313.1499938964844,0.0,18000.0,0.0,0.0,0.0,0.0,0.0,0.0,0.0,0.0,0.0,-0.0,0.0,0.0,-7.778098853284027e-21,-3.889049426642014e-21,-3.889049426642014e-21,0.0,0.0,-0.0,0.0,0.0,0.0,-0.0,0.0,0.0,0.0,0.0,0.0,4.0,0.0,0.0
12087300,298.26373291015625,303.1499938964844,285.1499938964844,0.0,-0.0,287.4725646972656,0.0,0.0,9.045891056302936e-05,298.2785949707031,303.1499938964844,285.1499938964844,0.0,-0.0,287.47296142578125,0.0,0.0,9.525766654405744e-05,298.69146728515625,303.1499938964844,285.1499938964844,0.0,-0.0,287.4726867675781,0.0,0.0,7.035704766167328e-05,298.0505676269531,303.1499938964844,285.1499938964844,0.0,-0.0,287.47247314453125,0.0,0.0,9.525757923256606e-05,298.2340087890625,303.1499938964844,285.1499938964844,0.0,-0.0,287.4720153808594,0.0,0.0,0.0004518609202932,287.38885498046875,294.1499938964844,284.4193725585937,283.1849060058594,287.9030456542969,285.8500061035156,286.944091796875,0.0,0.0,0.0,0.0,1.0,1.0,-0.0009638908086344,1.6418910675497502e-09,0.0009638891788199,-0.0033526523038744,0.0,0.0,0.0,-0.0056267655454576,60.0,-1.6213451623916626,-0.0,-6.334541780006475e-08,0.0,283.1644592285156,287.4449462890625,288.6285095214844,288.9419860839844,293.1499938964844,293.1499938964844,278.1499938964844,0.0,18000.0,313.1499938964844,0.0,18000.0,0.0,0.0,0.0,0.0,0.0,0.0,0.0,0.0,0.0,-0.0,0.0,0.0,-7.778098853284027e-21,-3.889049426642014e-21,-3.889049426642014e-21,0.0,0.0,-0.0,0.0,0.0,0.0,-0.0,0.0,0.0,0.0,0.0,0.0,4.0,0.0,0.0
12087360,298.26385498046875,303.1499938964844,285.1499938964844,0.0,-0.0,287.4703369140625,0.0,0.0,9.047244384419172e-05,298.2726135253906,303.1499938964844,285.1499938964844,0.0,-0.0,287.4707336425781,0.0,0.0,9.52719201450236e-05,298.6893615722656,303.1499938964844,285.1499938964844,0.0,-0.0,287.470458984375,0.0,0.0,7.0367575972341e-05,298.0484619140625,303.1499938964844,285.1499938964844,0.0,-0.0,287.4702453613281,0.0,0.0,9.527183283353224e-05,298.2332458496094,303.1499938964844,285.1499938964844,0.0,-0.0,287.46978759765625,0.0,0.0,0.0004519285284914,287.38641357421875,294.1499938964844,284.3537902832031,283.1553649902344,287.872802734375,285.818603515625,286.9440612792969,0.0,0.0,0.0,0.0,1.0,1.0,-0.0009640345815569,1.658711723528938e-09,0.0009640328935347,-0.0033967297058552,0.0,0.0,0.0,-0.0056351036764681,60.0,-1.6648653745651243,-0.0,-6.336432534226334e-08,0.0,283.1644592285156,287.4449462890625,288.6285095214844,288.9419860839844,293.1499938964844,293.1499938964844,278.1499938964844,0.0,18000.0,313.1499938964844,0.0,18000.0,0.0,0.0,0.0,0.0,0.0,0.0,0.0,0.0,0.0,-0.0,0.0,0.0,-7.778098853284027e-21,-3.889049426642014e-21,-3.889049426642014e-21,0.0,0.0,-0.0,0.0,0.0,0.0,-0.0,0.0,0.0,0.0,0.0,0.0,4.0,0.0,0.0
12087420,298.2647399902344,303.1499938964844,285.1499938964844,0.0,-0.0,287.46588134765625,0.0,0.0,9.055843111127616e-05,298.2604675292969,303.1499938964844,285.1499938964844,0.0,-0.0,287.4662780761719,0.0,0.0,9.536246943753211e-05,298.6850891113281,303.1499938964844,285.1499938964844,0.0,-0.0,287.4660339355469,0.0,0.0,7.043444929877296e-05,298.0441589355469,303.1499938964844,285.1499938964844,0.0,-0.0,287.4657897949219,0.0,0.0,9.536238212604076e-05,298.2315368652344,303.1499938964844,285.1499938964844,0.0,-0.0,287.4653625488281,0.0,0.0,0.0004523580719251,287.3815002441406,294.1499938964844,284.2244873046875,283.0964660644531,287.8115234375,285.74981689453125,286.94390869140625,0.0,0.0,0.0,0.0,1.0,1.0,-0.0009649498388171,1.765759427563296e-09,0.0009649480343796,-0.0036772394087165,0.0,0.0,0.0,-0.005688170902431,60.0,-1.7520323991775513,-0.0,-6.348473391426523e-08,0.0,283.1644592285156,287.4449462890625,288.6285095214844,288.9419860839844,293.1499938964844,293.1499938964844,278.1499938964844,0.0,18000.0,313.1499938964844,0.0,18000.0,0.0,0.0,0.0,0.0,0.0,0.0,0.0,0.0,0.0,-0.0,0.0,0.0,-7.778098853284027e-21,-3.889049426642014e-21,-3.889049426642014e-21,0.0,0.0,-0.0,0.0,0.0,0.0,-0.0,0.0,0.0,0.0,0.0,0.0,4.0,0.0,0.0
12087480,298.2647399902344,303.1499938964844,285.1499938964844,0.0,-0.0,287.46588134765625,0.0,0.0,9.055843111127616e-05,298.2604675292969,303.1499938964844,285.1499938964844,0.0,-0.0,287.4662780761719,0.0,0.0,9.536246943753211e-05,298.6850891113281,303.1499938964844,285.1499938964844,0.0,-0.0,287.4660339355469,0.0,0.0,7.043444929877296e-05,298.0441589355469,303.1499938964844,285.1499938964844,0.0,-0.0,287.4657897949219,0.0,0.0,9.536238212604076e-05,298.2315368652344,303.1499938964844,285.1499938964844,0.0,-0.0,287.4653625488281,0.0,0.0,0.0004523580719251,287.3815002441406,294.1499938964844,284.2244873046875,283.0964660644531,287.8115234375,285.74981689453125,286.94390869140625,0.0,0.0,0.0,0.0,1.0,1.0,-0.0009649498388171,1.765759427563296e-09,0.0009649480343796,-0.0036772394087165,0.0,0.0,0.0,-0.005688170902431,60.0,-1.7520323991775513,-0.0,-6.348473391426523e-08,0.0,283.1644592285156,287.4449462890625,288.6285095214844,288.9419860839844,293.1499938964844,293.1499938964844,278.1499938964844,0.0,18000.0,313.1499938964844,0.0,18000.0,0.0,0.0,0.0,0.0,0.0,0.0,0.0,0.0,0.0,-0.0,0.0,0.0,-7.778098853284027e-21,-3.889049426642014e-21,-3.889049426642014e-21,0.0,0.0,-0.0,0.0,0.0,0.0,-0.0,0.0,0.0,0.0,0.0,0.0,4.0,0.0,0.0
12087540,298.2665100097656,303.1499938964844,285.1499938964844,0.0,-0.0,287.46148681640625,0.0,0.0,9.067773498827592e-05,298.2483825683594,303.1499938964844,285.1499938964844,0.0,-0.0,287.4618530273437,0.0,0.0,9.548810339765625e-05,298.6806640625,303.1499938964844,285.1499938964844,0.0,-0.0,287.46160888671875,0.0,0.0,7.052723958622664e-05,298.0397033691406,303.1499938964844,285.1499938964844,0.0,-0.0,287.4613647460937,0.0,0.0,9.548801608616486e-05,298.2296142578125,303.1499938964844,285.1499938964844,0.0,-0.0,287.4609680175781,0.0,0.0,0.0004529540019575,287.37664794921875,294.1499938964844,284.0982360839844,283.0381774902344,287.7489929199219,285.6686096191406,286.9437255859375,0.0,0.0,0.0,0.0,1.0,1.0,-0.0009662203956395,1.91431848151069e-09,0.0009662184747867,-0.0040665245614945,0.0,0.0,0.0,-0.0057618184946477,60.0,-1.83865225315094,-0.0,-6.365201699054523e-08,0.0,283.1644592285156,287.4449462890625,288.6285095214844,288.9419860839844,293.1499938964844,293.1499938964844,278.1499938964844,0.0,18000.0,313.1499938964844,0.0,18000.0,0.0,0.0,0.0,0.0,0.0,0.0,0.0,0.0,0.0,-0.0,0.0,0.0,-7.778098853284027e-21,-3.889049426642014e-21,-3.889049426642014e-21,0.0,0.0,-0.0,0.0,0.0,0.0,-0.0,0.0,0.0,0.0,0.0,0.0,4.0,0.0,0.0
12087600,298.2665100097656,303.1499938964844,285.1499938964844,0.0,-0.0,287.46148681640625,0.0,0.0,9.067773498827592e-05,298.2483825683594,303.1499938964844,285.1499938964844,0.0,-0.0,287.4618530273437,0.0,0.0,9.548810339765625e-05,298.6806640625,303.1499938964844,285.1499938964844,0.0,-0.0,287.46160888671875,0.0,0.0,7.052723958622664e-05,298.0397033691406,303.1499938964844,285.1499938964844,0.0,-0.0,287.4613647460937,0.0,0.0,9.548801608616486e-05,298.2296142578125,303.1499938964844,285.1499938964844,0.0,-0.0,287.4609680175781,0.0,0.0,0.0004529540019575,287.37664794921875,294.1499938964844,284.0982360839844,283.0381774902344,287.7489929199219,285.6686096191406,286.9437255859375,0.0,0.0,0.0,0.0,1.0,1.0,-0.0009662203956395,1.91431848151069e-09,0.0009662184747867,-0.0040665245614945,0.0,0.0,0.0,-0.0057618184946477,60.0,-1.83865225315094,-0.0,-6.365201699054523e-08,0.0,283.1644592285156,287.4449462890625,288.6285095214844,288.9419860839844,293.1499938964844,293.1499938964844,278.1499938964844,0.0,18000.0,313.1499938964844,0.0,18000.0,0.0,0.0,0.0,0.0,0.0,0.0,0.0,0.0,0.0,-0.0,0.0,0.0,-7.778098853284027e-21,-3.889049426642014e-21,-3.889049426642014e-21,0.0,0.0,-0.0,0.0,0.0,0.0,-0.0,0.0,0.0,0.0,0.0,0.0,4.0,0.0,0.0
12087660,298.26873779296875,303.1499938964844,285.1499938964844,0.0,-0.0,287.45709228515625,0.0,0.0,9.07640642253682e-05,298.23663330078125,303.1499938964844,285.1499938964844,0.0,-0.0,287.4574584960937,0.0,0.0,9.557900921208784e-05,298.6761169433594,303.1499938964844,285.1499938964844,0.0,-0.0,287.45721435546875,0.0,0.0,7.059438939904794e-05,298.0351257324219,303.1499938964844,285.1499938964844,0.0,-0.0,287.4569702148437,0.0,0.0,9.557892190059648e-05,298.2275695800781,303.1499938964844,285.1499938964844,0.0,-0.0,287.4565734863281,0.0,0.0,0.0004533852625172,287.3718566894531,294.1499938964844,283.9757385253906,282.98077392578125,287.6852722167969,285.5755310058594,286.9434509277344,0.0,0.0,0.0,0.0,1.0,1.0,-0.000967139727436,2.0217980623016274e-09,0.0009671376901678,-0.0043481639586389,0.0,0.0,0.0,-0.0058151017874479,60.0,-1.923092246055603,-0.0,-6.37731858432744e-08,0.0,283.1644592285156,287.4449462890625,288.6285095214844,288.9419860839844,293.1499938964844,293.1499938964844,278.1499938964844,0.0,18000.0,313.1499938964844,0.0,18000.0,0.0,0.0,0.0,0.0,0.0,0.0,0.0,0.0,0.0,-0.0,0.0,0.0,-7.778098853284027e-21,-3.889049426642014e-21,-3.889049426642014e-21,0.0,0.0,-0.0,0.0,0.0,0.0,-0.0,0.0,0.0,0.0,0.0,0.0,4.0,0.0,0.0
12087720,298.26873779296875,303.1499938964844,285.1499938964844,0.0,-0.0,287.45709228515625,0.0,0.0,9.07640642253682e-05,298.23663330078125,303.1499938964844,285.1499938964844,0.0,-0.0,287.4574584960937,0.0,0.0,9.557900921208784e-05,298.6761169433594,303.1499938964844,285.1499938964844,0.0,-0.0,287.45721435546875,0.0,0.0,7.059438939904794e-05,298.0351257324219,303.1499938964844,285.1499938964844,0.0,-0.0,287.4569702148437,0.0,0.0,9.557892190059648e-05,298.2275695800781,303.1499938964844,285.1499938964844,0.0,-0.0,287.4565734863281,0.0,0.0,0.0004533852625172,287.3718566894531,294.1499938964844,283.9757385253906,282.98077392578125,287.6852722167969,285.5755310058594,286.9434509277344,0.0,0.0,0.0,0.0,1.0,1.0,-0.000967139727436,2.0217980623016274e-09,0.0009671376901678,-0.0043481639586389,0.0,0.0,0.0,-0.0058151017874479,60.0,-1.923092246055603,-0.0,-6.37731858432744e-08,0.0,283.1644592285156,287.4449462890625,288.6285095214844,288.9419860839844,293.1499938964844,293.1499938964844,278.1499938964844,0.0,18000.0,313.1499938964844,0.0,18000.0,0.0,0.0,0.0,0.0,0.0,0.0,0.0,0.0,0.0,-0.0,0.0,0.0,-7.778098853284027e-21,-3.889049426642014e-21,-3.889049426642014e-21,0.0,0.0,-0.0,0.0,0.0,0.0,-0.0,0.0,0.0,0.0,0.0,0.0,4.0,0.0,0.0
12087780,298.2690734863281,303.1499938964844,285.1499938964844,0.0,-0.0,287.45269775390625,0.0,0.0,9.079069423023613e-05,298.22540283203125,303.1499938964844,285.1499938964844,0.0,-0.0,287.4530944824219,0.0,0.0,9.56070507527329e-05,298.6715393066406,303.1499938964844,285.1499938964844,0.0,-0.0,287.4528503417969,0.0,0.0,7.061509677441791e-05,298.030517578125,303.1499938964844,285.1499938964844,0.0,-0.0,287.4526062011719,0.0,0.0,9.560697071719916e-05,298.2255554199219,303.1499938964844,285.1499938964844,0.0,-0.0,287.45220947265625,0.0,0.0,0.0004535182670224,287.3670654296875,294.1499938964844,283.85760498046875,282.9245910644531,287.62060546875,285.4764404296875,286.9431457519531,0.0,0.0,0.0,0.0,1.0,1.0,-0.000967422965914,2.0548955870225427e-09,0.0009674209286458,-0.0044348919764161,0.0,0.0,0.0,-0.00583151075989,60.0,-2.0041286945343018,-0.0,-6.38105248640386e-08,0.0,283.1644592285156,287.4449462890625,288.6285095214844,288.9419860839844,293.1499938964844,293.1499938964844,278.1499938964844,0.0,18000.0,313.1499938964844,0.0,18000.0,0.0,0.0,0.0,0.0,0.0,0.0,0.0,0.0,0.0,-0.0,0.0,0.0,-7.778098853284027e-21,-3.889049426642014e-21,-3.889049426642014e-21,0.0,0.0,-0.0,0.0,0.0,0.0,-0.0,0.0,0.0,0.0,0.0,0.0,4.0,0.0,0.0
12087840,298.2690734863281,303.1499938964844,285.1499938964844,0.0,-0.0,287.45269775390625,0.0,0.0,9.079069423023613e-05,298.22540283203125,303.1499938964844,285.1499938964844,0.0,-0.0,287.4530944824219,0.0,0.0,9.56070507527329e-05,298.6715393066406,303.1499938964844,285.1499938964844,0.0,-0.0,287.4528503417969,0.0,0.0,7.061509677441791e-05,298.030517578125,303.1499938964844,285.1499938964844,0.0,-0.0,287.4526062011719,0.0,0.0,9.560697071719916e-05,298.2255554199219,303.1499938964844,285.1499938964844,0.0,-0.0,287.45220947265625,0.0,0.0,0.0004535182670224,287.3670654296875,294.1499938964844,283.85760498046875,282.9245910644531,287.62060546875,285.4764404296875,286.9431457519531,0.0,0.0,0.0,0.0,1.0,1.0,-0.000967422965914,2.0548955870225427e-09,0.0009674209286458,-0.0044348919764161,0.0,0.0,0.0,-0.00583151075989,60.0,-2.0041286945343018,-0.0,-6.38105248640386e-08,0.0,283.1644592285156,287.4449462890625,288.6285095214844,288.9419860839844,293.1499938964844,293.1499938964844,278.1499938964844,0.0,18000.0,313.1499938964844,0.0,18000.0,0.0,0.0,0.0,0.0,0.0,0.0,0.0,0.0,0.0,-0.0,0.0,0.0,-7.778098853284027e-21,-3.889049426642014e-21,-3.889049426642014e-21,0.0,0.0,-0.0,0.0,0.0,0.0,-0.0,0.0,0.0,0.0,0.0,0.0,4.0,0.0,0.0
12087900,298.2683410644531,303.1499938964844,285.1499938964844,0.0,-0.0,287.4505310058594,0.0,0.0,9.078840957954526e-05,298.2201843261719,303.1499938964844,285.1499938964844,0.0,-0.0,287.4508972167969,0.0,0.0,9.560464968672022e-05,298.6692199707031,303.1499938964844,285.1499938964844,0.0,-0.0,287.4506530761719,0.0,0.0,7.061332144076005e-05,298.0281982421875,303.1499938964844,285.1499938964844,0.0,-0.0,287.450439453125,0.0,0.0,9.560456237522884e-05,298.2245483398437,303.1499938964844,285.1499938964844,0.0,-0.0,287.4500427246094,0.0,0.0,0.0004535068583209,287.3647155761719,294.1499938964844,283.8003845214844,282.8970947265625,287.5879211425781,285.4261779785156,286.94293212890625,0.0,0.0,0.0,0.0,1.0,1.0,-0.0009673983440734,2.0520078969354927e-09,0.0009673962485976,-0.0044273254461586,0.0,0.0,0.0,-0.0058300793170928,60.0,-2.043032646179199,-0.0,-6.380726347288146e-08,0.0,283.1644592285156,287.4449462890625,288.6285095214844,288.9419860839844,293.1499938964844,293.1499938964844,278.1499938964844,0.0,18000.0,313.1499938964844,0.0,18000.0,0.0,0.0,0.0,0.0,0.0,0.0,0.0,0.0,0.0,-0.0,0.0,0.0,-7.778098853284027e-21,-3.889049426642014e-21,-3.889049426642014e-21,0.0,0.0,-0.0,0.0,0.0,0.0,-0.0,0.0,0.0,0.0,0.0,0.0,4.0,0.0,0.0
12087960,298.2672119140625,303.1499938964844,285.1499938964844,0.0,-0.0,287.4483642578125,0.0,0.0,9.078425500774756e-05,298.2154846191406,303.1499938964844,285.1499938964844,0.0,-0.0,287.44873046875,0.0,0.0,9.560026956023648e-05,298.6669311523437,303.1499938964844,285.1499938964844,0.0,-0.0,287.448486328125,0.0,0.0,7.061008363962173e-05,298.02587890625,303.1499938964844,285.1499938964844,0.0,-0.0,287.4482727050781,0.0,0.0,9.560018224874511e-05,298.2234802246094,303.1499938964844,285.1499938964844,0.0,-0.0,287.4478759765625,0.0,0.0,0.0004534860781859,287.36236572265625,294.1499938964844,283.7445373535156,282.8699951171875,287.5550231933594,285.3759460449219,286.9427490234375,0.0,0.0,0.0,0.0,1.0,1.0,-0.0009673536405898,2.0467858519168662e-09,0.0009673516033217,-0.0044136415235698,0.0,0.0,0.0,-0.0058274902403354,60.0,-2.080949306488037,-0.0,-6.380137307360202e-08,0.0,283.1644592285156,287.4449462890625,288.6285095214844,288.9419860839844,293.1499938964844,293.1499938964844,278.1499938964844,0.0,18000.0,313.1499938964844,0.0,18000.0,0.0,0.0,0.0,0.0,0.0,0.0,0.0,0.0,0.0,-0.0,0.0,0.0,-7.778098853284027e-21,-3.889049426642014e-21,-3.889049426642014e-21,0.0,0.0,-0.0,0.0,0.0,0.0,-0.0,0.0,0.0,0.0,0.0,0.0,4.0,0.0,0.0
12088020,298.2641296386719,303.1499938964844,285.1499938964844,0.0,-0.0,287.44403076171875,0.0,0.0,9.078533912543207e-05,298.20721435546875,303.1499938964844,285.1499938964844,0.0,-0.0,287.44439697265625,0.0,0.0,9.56014046096243e-05,298.66229248046875,303.1499938964844,285.1499938964844,0.0,-0.0,287.4441833496094,0.0,0.0,7.061092765070498e-05,298.0212707519531,303.1499938964844,285.1499938964844,0.0,-0.0,287.4439392089844,0.0,0.0,9.560132457409054e-05,298.2212829589844,303.1499938964844,285.1499938964844,0.0,-0.0,287.44354248046875,0.0,0.0,0.0004534914914984,287.357666015625,294.1499938964844,283.6371765136719,282.8173217773437,287.4887390136719,285.2752685546875,286.9422912597656,0.0,0.0,0.0,0.0,1.0,1.0,-0.0009673644672147,2.048055058878617e-09,0.0009673624299466,-0.004416967742145,0.0,0.0,0.0,-0.0058281193487346,60.0,-2.154136896133423,-0.0,-6.380280836992824e-08,0.0,283.1644592285156,287.4449462890625,288.6285095214844,288.9419860839844,293.1499938964844,293.1499938964844,278.1499938964844,0.0,18000.0,313.1499938964844,0.0,18000.0,0.0,0.0,0.0,0.0,0.0,0.0,0.0,0.0,0.0,-0.0,0.0,0.0,-7.778098853284027e-21,-3.889049426642014e-21,-3.889049426642014e-21,0.0,0.0,-0.0,0.0,0.0,0.0,-0.0,0.0,0.0,0.0,0.0,0.0,4.0,0.0,0.0
12088080,298.2641296386719,303.1499938964844,285.1499938964844,0.0,-0.0,287.44403076171875,0.0,0.0,9.078533912543207e-05,298.20721435546875,303.1499938964844,285.1499938964844,0.0,-0.0,287.44439697265625,0.0,0.0,9.56014046096243e-05,298.66229248046875,303.1499938964844,285.1499938964844,0.0,-0.0,287.4441833496094,0.0,0.0,7.061092765070498e-05,298.0212707519531,303.1499938964844,285.1499938964844,0.0,-0.0,287.4439392089844,0.0,0.0,9.560132457409054e-05,298.2212829589844,303.1499938964844,285.1499938964844,0.0,-0.0,287.44354248046875,0.0,0.0,0.0004534914914984,287.357666015625,294.1499938964844,283.6371765136719,282.8173217773437,287.4887390136719,285.2752685546875,286.9422912597656,0.0,0.0,0.0,0.0,1.0,1.0,-0.0009673644672147,2.048055058878617e-09,0.0009673624299466,-0.004416967742145,0.0,0.0,0.0,-0.0058281193487346,60.0,-2.154136896133423,-0.0,-6.380280836992824e-08,0.0,283.1644592285156,287.4449462890625,288.6285095214844,288.9419860839844,293.1499938964844,293.1499938964844,278.1499938964844,0.0,18000.0,313.1499938964844,0.0,18000.0,0.0,0.0,0.0,0.0,0.0,0.0,0.0,0.0,0.0,-0.0,0.0,0.0,-7.778098853284027e-21,-3.889049426642014e-21,-3.889049426642014e-21,0.0,0.0,-0.0,0.0,0.0,0.0,-0.0,0.0,0.0,0.0,0.0,0.0,4.0,0.0,0.0
12088140,298.2601318359375,303.1499938964844,285.1499938964844,0.0,-0.0,287.43975830078125,0.0,0.0,9.082631731871516e-05,298.2002868652344,303.1499938964844,285.1499938964844,0.0,-0.0,287.44012451171875,0.0,0.0,9.564456559019165e-05,298.6575927734375,303.1499938964844,285.1499938964844,0.0,-0.0,287.4398803710937,0.0,0.0,7.064280362101272e-05,298.0166015625,303.1499938964844,285.1499938964844,0.0,-0.0,287.4396667480469,0.0,0.0,9.564447827870026e-05,298.2189025878906,303.1499938964844,285.1499938964844,0.0,-0.0,287.43927001953125,0.0,0.0,0.0004536962078418,287.35302734375,294.1499938964844,283.5361633300781,282.7669677734375,287.4218139648437,285.17169189453125,286.9417724609375,0.0,0.0,0.0,0.0,1.0,1.0,-0.0009678005590103,2.0990384985708488e-09,0.0009677984635345,-0.0045505636371672,0.0,0.0,0.0,-0.0058533945120871,60.0,-2.223862648010254,-0.0,-6.386033390981538e-08,0.0,283.1644592285156,287.4449462890625,288.6285095214844,288.9419860839844,293.1499938964844,293.1499938964844,278.1499938964844,0.0,18000.0,313.1499938964844,0.0,18000.0,0.0,0.0,0.0,0.0,0.0,0.0,0.0,0.0,0.0,-0.0,0.0,0.0,-7.778098853284027e-21,-3.889049426642014e-21,-3.889049426642014e-21,0.0,0.0,-0.0,0.0,0.0,0.0,-0.0,0.0,0.0,0.0,0.0,0.0,4.0,0.0,0.0
12088200,298.2601318359375,303.1499938964844,285.1499938964844,0.0,-0.0,287.43975830078125,0.0,0.0,9.082631731871516e-05,298.2002868652344,303.1499938964844,285.1499938964844,0.0,-0.0,287.44012451171875,0.0,0.0,9.564456559019165e-05,298.6575927734375,303.1499938964844,285.1499938964844,0.0,-0.0,287.4398803710937,0.0,0.0,7.064280362101272e-05,298.0166015625,303.1499938964844,285.1499938964844,0.0,-0.0,287.4396667480469,0.0,0.0,9.564447827870026e-05,298.2189025878906,303.1499938964844,285.1499938964844,0.0,-0.0,287.43927001953125,0.0,0.0,0.0004536962078418,287.35302734375,294.1499938964844,283.5361633300781,282.7669677734375,287.4218139648437,285.17169189453125,286.9417724609375,0.0,0.0,0.0,0.0,1.0,1.0,-0.0009678005590103,2.0990384985708488e-09,0.0009677984635345,-0.0045505636371672,0.0,0.0,0.0,-0.0058533945120871,60.0,-2.223862648010254,-0.0,-6.386033390981538e-08,0.0,283.1644592285156,287.4449462890625,288.6285095214844,288.9419860839844,293.1499938964844,293.1499938964844,278.1499938964844,0.0,18000.0,313.1499938964844,0.0,18000.0,0.0,0.0,0.0,0.0,0.0,0.0,0.0,0.0,0.0,-0.0,0.0,0.0,-7.778098853284027e-21,-3.889049426642014e-21,-3.889049426642014e-21,0.0,0.0,-0.0,0.0,0.0,0.0,-0.0,0.0,0.0,0.0,0.0,0.0,4.0,0.0,0.0
12088260,298.25555419921875,303.1499938964844,285.1499938964844,0.0,-0.0,287.4354858398437,0.0,0.0,9.074442641576752e-05,298.194580078125,303.1499938964844,285.1499938964844,0.0,-0.0,287.43585205078125,0.0,0.0,9.555832366459072e-05,298.6528625488281,303.1499938964844,285.1499938964844,0.0,-0.0,287.43560791015625,0.0,0.0,7.057910261210054e-05,298.011962890625,303.1499938964844,285.1499938964844,0.0,-0.0,287.4353942871094,0.0,0.0,9.555824362905696e-05,298.2165222167969,303.1499938964844,285.1499938964844,0.0,-0.0,287.4349975585937,0.0,0.0,0.0004532871535047,287.34844970703125,294.1499938964844,283.4422302246094,282.71923828125,287.3543395996094,285.0711364746094,286.9411926269531,0.0,0.0,0.0,0.0,1.0,1.0,-0.0009669276187196,1.996930176773048e-09,0.0009669256396591,-0.004282999318093,0.0,0.0,0.0,-0.0058027766644954,60.0,-2.287678003311157,-0.0,-6.374514072149395e-08,0.0,283.1644592285156,287.4449462890625,288.6285095214844,288.9419860839844,293.1499938964844,293.1499938964844,278.1499938964844,0.0,18000.0,313.1499938964844,0.0,18000.0,0.0,0.0,0.0,0.0,0.0,0.0,0.0,0.0,0.0,-0.0,0.0,0.0,-7.778098853284027e-21,-3.889049426642014e-21,-3.889049426642014e-21,0.0,0.0,-0.0,0.0,0.0,0.0,-0.0,0.0,0.0,0.0,0.0,0.0,4.0,0.0,0.0
12088320,298.25555419921875,303.1499938964844,285.1499938964844,0.0,-0.0,287.4354858398437,0.0,0.0,9.074442641576752e-05,298.194580078125,303.1499938964844,285.1499938964844,0.0,-0.0,287.43585205078125,0.0,0.0,9.555832366459072e-05,298.6528625488281,303.1499938964844,285.1499938964844,0.0,-0.0,287.43560791015625,0.0,0.0,7.057910261210054e-05,298.011962890625,303.1499938964844,285.1499938964844,0.0,-0.0,287.4353942871094,0.0,0.0,9.555824362905696e-05,298.2165222167969,303.1499938964844,285.1499938964844,0.0,-0.0,287.4349975585937,0.0,0.0,0.0004532871535047,287.34844970703125,294.1499938964844,283.4422302246094,282.71923828125,287.3543395996094,285.0711364746094,286.9411926269531,0.0,0.0,0.0,0.0,1.0,1.0,-0.0009669276187196,1.996930176773048e-09,0.0009669256396591,-0.004282999318093,0.0,0.0,0.0,-0.0058027766644954,60.0,-2.287678003311157,-0.0,-6.374514072149395e-08,0.0,283.1644592285156,287.4449462890625,288.6285095214844,288.9419860839844,293.1499938964844,293.1499938964844,278.1499938964844,0.0,18000.0,313.1499938964844,0.0,18000.0,0.0,0.0,0.0,0.0,0.0,0.0,0.0,0.0,0.0,-0.0,0.0,0.0,-7.778098853284027e-21,-3.889049426642014e-21,-3.889049426642014e-21,0.0,0.0,-0.0,0.0,0.0,0.0,-0.0,0.0,0.0,0.0,0.0,0.0,4.0,0.0,0.0
12088380,298.2524719238281,303.1499938964844,285.1499938964844,0.0,-0.0,287.4327697753906,0.0,0.0,9.067870996659622e-05,298.19146728515625,303.1499938964844,285.1499938964844,0.0,-0.0,287.4331359863281,0.0,0.0,9.548912203172222e-05,298.6498718261719,303.1499938964844,285.1499938964844,0.0,-0.0,287.4328918457031,0.0,0.0,7.05279890098609e-05,298.00897216796875,303.1499938964844,285.1499938964844,0.0,-0.0,287.43267822265625,0.0,0.0,9.548904199618846e-05,298.215087890625,303.1499938964844,285.1499938964844,0.0,-0.0,287.4322814941406,0.0,0.0,0.000452958891401,287.3455505371094,294.1499938964844,283.3860778808594,282.6902770996094,287.3110046386719,285.0121765136719,286.9407958984375,0.0,0.0,0.0,0.0,1.0,1.0,-0.0009662267984822,1.91500149071544e-09,0.0009662248776294,-0.0040683140978217,0.0,0.0,0.0,-0.0057621598243713,60.0,-2.324981451034546,-0.0,-6.365279148212721e-08,0.0,283.1644592285156,287.4449462890625,288.6285095214844,288.9419860839844,293.1499938964844,293.1499938964844,278.1499938964844,0.0,18000.0,313.1499938964844,0.0,18000.0,0.0,0.0,0.0,0.0,0.0,0.0,0.0,0.0,0.0,-0.0,0.0,0.0,-7.778098853284027e-21,-3.889049426642014e-21,-3.889049426642014e-21,0.0,0.0,-0.0,0.0,0.0,0.0,-0.0,0.0,0.0,0.0,0.0,0.0,4.0,0.0,0.0
12088440,298.25067138671875,303.1499938964844,285.1499938964844,0.0,-0.0,287.4312438964844,0.0,0.0,9.06556233530864e-05,298.1898498535156,303.1499938964844,285.1499938964844,0.0,-0.0,287.4316101074219,0.0,0.0,9.546480578137562e-05,298.648193359375,303.1499938964844,285.1499938964844,0.0,-0.0,287.4313659667969,0.0,0.0,7.05100319464691e-05,298.0072937011719,303.1499938964844,285.1499938964844,0.0,-0.0,287.43115234375,0.0,0.0,9.546472574584186e-05,298.2143249511719,303.1499938964844,285.1499938964844,0.0,-0.0,287.4307861328125,0.0,0.0,0.0004528435529209,287.3439025878906,294.1499938964844,283.35595703125,282.674560546875,287.2865600585937,284.98028564453125,286.9405517578125,0.0,0.0,0.0,0.0,1.0,1.0,-0.0009659805218689,1.8862080786163915e-09,0.0009659786010161,-0.0039928639307618,0.0,0.0,0.0,-0.0057478854432702,60.0,-2.3451151847839355,-0.0,-6.362034810081242e-08,0.0,283.1644592285156,287.4449462890625,288.6285095214844,288.9419860839844,293.1499938964844,293.1499938964844,278.1499938964844,0.0,18000.0,313.1499938964844,0.0,18000.0,0.0,0.0,0.0,0.0,0.0,0.0,0.0,0.0,0.0,-0.0,0.0,0.0,-7.778098853284027e-21,-3.889049426642014e-21,-3.889049426642014e-21,0.0,0.0,-0.0,0.0,0.0,0.0,-0.0,0.0,0.0,0.0,0.0,0.0,4.0,0.0,0.0
12088500,298.2481384277344,303.1499938964844,285.1499938964844,0.0,-0.0,287.4291381835937,0.0,0.0,9.062652679858728e-05,298.1877746582031,303.1499938964844,285.1499938964844,0.0,-0.0,287.42950439453125,0.0,0.0,9.543416672386228e-05,298.6458740234375,303.1499938964844,285.1499938964844,0.0,-0.0,287.42926025390625,0.0,0.0,7.048740371828899e-05,298.0049743652344,303.1499938964844,285.1499938964844,0.0,-0.0,287.4290466308594,0.0,0.0,9.543408668832852e-05,298.2132263183594,303.1499938964844,285.1499938964844,0.0,-0.0,287.4286804199219,0.0,0.0,0.0004526982083916,287.3416442871094,294.1499938964844,283.31591796875,282.6534729003906,287.2525939941406,284.9374694824219,286.9402160644531,0.0,0.0,0.0,0.0,1.0,1.0,-0.0009656701586209,1.8499186626996787e-09,0.0009656682959757,-0.0038977707736194,0.0,0.0,0.0,-0.0057298950850963,60.0,-2.371957540512085,-0.0,-6.357947057722414e-08,0.0,283.1644592285156,287.4449462890625,288.6285095214844,288.9419860839844,293.1499938964844,293.1499938964844,278.1499938964844,0.0,18000.0,313.1499938964844,0.0,18000.0,0.0,0.0,0.0,0.0,0.0,0.0,0.0,0.0,0.0,-0.0,0.0,0.0,-7.778098853284027e-21,-3.889049426642014e-21,-3.889049426642014e-21,0.0,0.0,-0.0,0.0,0.0,0.0,-0.0,0.0,0.0,0.0,0.0,0.0,4.0,0.0,0.0
12088560,298.2455749511719,303.1499938964844,285.1499938964844,0.0,-0.0,287.42706298828125,0.0,0.0,9.059924923349172e-05,298.1858215332031,303.1499938964844,285.1499938964844,0.0,-0.0,287.4273986816406,0.0,0.0,9.540544851915912e-05,298.6435852050781,303.1499938964844,285.1499938964844,0.0,-0.0,287.4271850585937,0.0,0.0,7.046618702588603e-05,298.0027160644531,303.1499938964844,285.1499938964844,0.0,-0.0,287.4269714355469,0.0,0.0,9.540536848362537e-05,298.212158203125,303.1499938964844,285.1499938964844,0.0,-0.0,287.42657470703125,0.0,0.0,0.0004525619733612,287.33941650390625,294.1499938964844,283.278076171875,282.63330078125,287.2186279296875,284.8961181640625,286.9398498535156,0.0,0.0,0.0,0.0,1.0,1.0,-0.000965379178524,1.8159005410467437e-09,0.0009653773740865,-0.0038086294662207,0.0,0.0,0.0,-0.0057130306959152,60.0,-2.3974642753601074,-0.0,-6.354117232376666e-08,0.0,283.1644592285156,287.4449462890625,288.6285095214844,288.9419860839844,293.1499938964844,293.1499938964844,278.1499938964844,0.0,18000.0,313.1499938964844,0.0,18000.0,0.0,0.0,0.0,0.0,0.0,0.0,0.0,0.0,0.0,-0.0,0.0,0.0,-7.778098853284027e-21,-3.889049426642014e-21,-3.889049426642014e-21,0.0,0.0,-0.0,0.0,0.0,0.0,-0.0,0.0,0.0,0.0,0.0,0.0,4.0,0.0,0.0
12088620,298.2403564453125,303.1499938964844,285.1499938964844,0.0,-0.0,287.4228820800781,0.0,0.0,9.0548099251464e-05,298.18218994140625,303.1499938964844,285.1499938964844,0.0,-0.0,287.4232177734375,0.0,0.0,9.535158460494132e-05,298.6390991210937,303.1499938964844,285.1499938964844,0.0,-0.0,287.4230041503906,0.0,0.0,7.042640208965167e-05,297.9981994628906,303.1499938964844,285.1499938964844,0.0,-0.0,287.4227905273437,0.0,0.0,9.535150456940757e-05,298.2100524902344,303.1499938964844,285.1499938964844,0.0,-0.0,287.4223937988281,0.0,0.0,0.0004523064708337,287.3349609375,294.1499938964844,283.2091979980469,282.5957946777344,287.150634765625,284.8171691894531,286.9390869140625,0.0,0.0,0.0,0.0,1.0,1.0,-0.0009648335399106,1.7520983552898883e-09,0.0009648317936807,-0.0036414412315934,0.0,0.0,0.0,-0.0056814011186361,60.0,-2.44451904296875,-0.0,-6.34693577694634e-08,0.0,283.1644592285156,287.4449462890625,288.6285095214844,288.9419860839844,293.1499938964844,293.1499938964844,278.1499938964844,0.0,18000.0,313.1499938964844,0.0,18000.0,0.0,0.0,0.0,0.0,0.0,0.0,0.0,0.0,0.0,-0.0,0.0,0.0,-7.778098853284027e-21,-3.889049426642014e-21,-3.889049426642014e-21,0.0,0.0,-0.0,0.0,0.0,0.0,-0.0,0.0,0.0,0.0,0.0,0.0,4.0,0.0,0.0
12088680,298.2403564453125,303.1499938964844,285.1499938964844,0.0,-0.0,287.4228820800781,0.0,0.0,9.0548099251464e-05,298.18218994140625,303.1499938964844,285.1499938964844,0.0,-0.0,287.4232177734375,0.0,0.0,9.535158460494132e-05,298.6390991210937,303.1499938964844,285.1499938964844,0.0,-0.0,287.4230041503906,0.0,0.0,7.042640208965167e-05,297.9981994628906,303.1499938964844,285.1499938964844,0.0,-0.0,287.4227905273437,0.0,0.0,9.535150456940757e-05,298.2100524902344,303.1499938964844,285.1499938964844,0.0,-0.0,287.4223937988281,0.0,0.0,0.0004523064708337,287.3349609375,294.1499938964844,283.2091979980469,282.5957946777344,287.150634765625,284.8171691894531,286.9390869140625,0.0,0.0,0.0,0.0,1.0,1.0,-0.0009648335399106,1.7520983552898883e-09,0.0009648317936807,-0.0036414412315934,0.0,0.0,0.0,-0.0056814011186361,60.0,-2.44451904296875,-0.0,-6.34693577694634e-08,0.0,283.1644592285156,287.4449462890625,288.6285095214844,288.9419860839844,293.1499938964844,293.1499938964844,278.1499938964844,0.0,18000.0,313.1499938964844,0.0,18000.0,0.0,0.0,0.0,0.0,0.0,0.0,0.0,0.0,0.0,-0.0,0.0,0.0,-7.778098853284027e-21,-3.889049426642014e-21,-3.889049426642014e-21,0.0,0.0,-0.0,0.0,0.0,0.0,-0.0,0.0,0.0,0.0,0.0,0.0,4.0,0.0,0.0
12088740,298.235107421875,303.1499938964844,285.1499938964844,0.0,-0.0,287.4187316894531,0.0,0.0,9.049903746927156e-05,298.17889404296875,303.1499938964844,285.1499938964844,0.0,-0.0,287.4190673828125,0.0,0.0,9.5299918029923e-05,298.6346740722656,303.1499938964844,285.1499938964844,0.0,-0.0,287.4188537597656,0.0,0.0,7.038823969196528e-05,297.99383544921875,303.1499938964844,285.1499938964844,0.0,-0.0,287.41864013671875,0.0,0.0,9.529983799438924e-05,298.2080078125,303.1499938964844,285.1499938964844,0.0,-0.0,287.41827392578125,0.0,0.0,0.0004520613874774,287.33056640625,294.1499938964844,283.1499938964844,282.5624389648437,287.0827941894531,284.7436828613281,286.9382629394531,0.0,0.0,0.0,0.0,1.0,1.0,-0.000964310078416,1.690895645722889e-09,0.0009643083903938,-0.0034810649231076,0.0,0.0,0.0,-0.0056510604918003,60.0,-2.48520827293396,-0.0,-6.340051328379559e-08,0.0,283.1644592285156,287.4449462890625,288.6285095214844,288.9419860839844,293.1499938964844,293.1499938964844,278.1499938964844,0.0,18000.0,313.1499938964844,0.0,18000.0,0.0,0.0,0.0,0.0,0.0,0.0,0.0,0.0,0.0,-0.0,0.0,0.0,-7.778098853284027e-21,-3.889049426642014e-21,-3.889049426642014e-21,0.0,0.0,-0.0,0.0,0.0,0.0,-0.0,0.0,0.0,0.0,0.0,0.0,4.0,0.0,0.0
12088800,298.235107421875,303.1499938964844,285.1499938964844,0.0,-0.0,287.4187316894531,0.0,0.0,9.049903746927156e-05,298.17889404296875,303.1499938964844,285.1499938964844,0.0,-0.0,287.4190673828125,0.0,0.0,9.5299918029923e-05,298.6346740722656,303.1499938964844,285.1499938964844,0.0,-0.0,287.4188537597656,0.0,0.0,7.038823969196528e-05,297.99383544921875,303.1499938964844,285.1499938964844,0.0,-0.0,287.41864013671875,0.0,0.0,9.529983799438924e-05,298.2080078125,303.1499938964844,285.1499938964844,0.0,-0.0,287.41827392578125,0.0,0.0,0.0004520613874774,287.33056640625,294.1499938964844,283.1499938964844,282.5624389648437,287.0827941894531,284.7436828613281,286.9382629394531,0.0,0.0,0.0,0.0,1.0,1.0,-0.000964310078416,1.690895645722889e-09,0.0009643083903938,-0.0034810649231076,0.0,0.0,0.0,-0.0056510604918003,60.0,-2.48520827293396,-0.0,-6.340051328379559e-08,0.0,283.1644592285156,287.4449462890625,288.6285095214844,288.9419860839844,293.1499938964844,293.1499938964844,278.1499938964844,0.0,18000.0,313.1499938964844,0.0,18000.0,0.0,0.0,0.0,0.0,0.0,0.0,0.0,0.0,0.0,-0.0,0.0,0.0,-7.778098853284027e-21,-3.889049426642014e-21,-3.889049426642014e-21,0.0,0.0,-0.0,0.0,0.0,0.0,-0.0,0.0,0.0,0.0,0.0,0.0,4.0,0.0,0.0
12088860,298.2298278808594,303.1499938964844,285.1499938964844,0.0,-0.0,287.41461181640625,0.0,0.0,9.04502085177228e-05,298.1758117675781,303.1499938964844,285.1499938964844,0.0,-0.0,287.4149475097656,0.0,0.0,9.524849156150594e-05,298.63037109375,303.1499938964844,285.1499938964844,0.0,-0.0,287.41473388671875,0.0,0.0,7.035025919321924e-05,297.98956298828125,303.1499938964844,285.1499938964844,0.0,-0.0,287.4145202636719,0.0,0.0,9.52484188019298e-05,298.2059936523437,303.1499938964844,285.1499938964844,0.0,-0.0,287.4141540527344,0.0,0.0,0.0004518174682743,287.3262023925781,294.1499938964844,283.09649658203125,282.5314636230469,287.0151672363281,284.6753234863281,286.9374084472656,0.0,0.0,0.0,0.0,1.0,1.0,-0.0009637891198508,1.629980039830059e-09,0.0009637874900363,-0.0033214401919394,0.0,0.0,0.0,-0.0056208618916571,60.0,-2.520895481109619,-0.0,-6.333202406949567e-08,0.0,283.1644592285156,287.4449462890625,288.6285095214844,288.9419860839844,293.1499938964844,293.1499938964844,278.1499938964844,0.0,18000.0,313.1499938964844,0.0,18000.0,0.0,0.0,0.0,0.0,0.0,0.0,0.0,0.0,0.0,-0.0,0.0,0.0,-7.778098853284027e-21,-3.889049426642014e-21,-3.889049426642014e-21,0.0,0.0,-0.0,0.0,0.0,0.0,-0.0,0.0,0.0,0.0,0.0,0.0,4.0,0.0,0.0
12088920,298.2298278808594,303.1499938964844,285.1499938964844,0.0,-0.0,287.41461181640625,0.0,0.0,9.04502085177228e-05,298.1758117675781,303.1499938964844,285.1499938964844,0.0,-0.0,287.4149475097656,0.0,0.0,9.524849156150594e-05,298.63037109375,303.1499938964844,285.1499938964844,0.0,-0.0,287.41473388671875,0.0,0.0,7.035025919321924e-05,297.98956298828125,303.1499938964844,285.1499938964844,0.0,-0.0,287.4145202636719,0.0,0.0,9.52484188019298e-05,298.2059936523437,303.1499938964844,285.1499938964844,0.0,-0.0,287.4141540527344,0.0,0.0,0.0004518174682743,287.3262023925781,294.1499938964844,283.09649658203125,282.5314636230469,287.0151672363281,284.6753234863281,286.9374084472656,0.0,0.0,0.0,0.0,1.0,1.0,-0.0009637891198508,1.629980039830059e-09,0.0009637874900363,-0.0033214401919394,0.0,0.0,0.0,-0.0056208618916571,60.0,-2.520895481109619,-0.0,-6.333202406949567e-08,0.0,283.1644592285156,287.4449462890625,288.6285095214844,288.9419860839844,293.1499938964844,293.1499938964844,278.1499938964844,0.0,18000.0,313.1499938964844,0.0,18000.0,0.0,0.0,0.0,0.0,0.0,0.0,0.0,0.0,0.0,-0.0,0.0,0.0,-7.778098853284027e-21,-3.889049426642014e-21,-3.889049426642014e-21,0.0,0.0,-0.0,0.0,0.0,0.0,-0.0,0.0,0.0,0.0,0.0,0.0,4.0,0.0,0.0
12088980,298.2245483398437,303.1499938964844,285.1499938964844,0.0,-0.0,287.4105224609375,0.0,0.0,9.040210716193542e-05,298.17291259765625,303.1499938964844,285.1499938964844,0.0,-0.0,287.4108581542969,0.0,0.0,9.51978436205536e-05,298.62615966796875,303.1499938964844,285.1499938964844,0.0,-0.0,287.41064453125,0.0,0.0,7.031284621916711e-05,297.9854431152344,303.1499938964844,285.1499938964844,0.0,-0.0,287.4104309082031,0.0,0.0,9.519776358501986e-05,298.2040100097656,303.1499938964844,285.1499938964844,0.0,-0.0,287.4100646972656,0.0,0.0,0.0004515771870501,287.3218688964844,294.1499938964844,283.04425048828125,282.5008850097656,286.9478759765625,284.61187744140625,286.9364624023437,0.0,0.0,0.0,0.0,1.0,1.0,-0.0009632759611122,1.569982033267081e-09,0.0009632743895053,-0.0031642199028283,0.0,0.0,0.0,-0.0055911177769303,60.0,-2.5542421340942383,-0.0,-6.326460777472678e-08,0.0,283.1644592285156,287.4449462890625,288.6285095214844,288.9419860839844,293.1499938964844,293.1499938964844,278.1499938964844,0.0,18000.0,313.1499938964844,0.0,18000.0,0.0,0.0,0.0,0.0,0.0,0.0,0.0,0.0,0.0,-0.0,0.0,0.0,-7.778098853284027e-21,-3.889049426642014e-21,-3.889049426642014e-21,0.0,0.0,-0.0,0.0,0.0,0.0,-0.0,0.0,0.0,0.0,0.0,0.0,4.0,0.0,0.0
12089040,298.2245483398437,303.1499938964844,285.1499938964844,0.0,-0.0,287.4105224609375,0.0,0.0,9.040210716193542e-05,298.17291259765625,303.1499938964844,285.1499938964844,0.0,-0.0,287.4108581542969,0.0,0.0,9.51978436205536e-05,298.62615966796875,303.1499938964844,285.1499938964844,0.0,-0.0,287.41064453125,0.0,0.0,7.031284621916711e-05,297.9854431152344,303.1499938964844,285.1499938964844,0.0,-0.0,287.4104309082031,0.0,0.0,9.519776358501986e-05,298.2040100097656,303.1499938964844,285.1499938964844,0.0,-0.0,287.4100646972656,0.0,0.0,0.0004515771870501,287.3218688964844,294.1499938964844,283.04425048828125,282.5008850097656,286.9478759765625,284.61187744140625,286.9364624023437,0.0,0.0,0.0,0.0,1.0,1.0,-0.0009632759611122,1.569982033267081e-09,0.0009632743895053,-0.0031642199028283,0.0,0.0,0.0,-0.0055911177769303,60.0,-2.5542421340942383,-0.0,-6.326460777472678e-08,0.0,283.1644592285156,287.4449462890625,288.6285095214844,288.9419860839844,293.1499938964844,293.1499938964844,278.1499938964844,0.0,18000.0,313.1499938964844,0.0,18000.0,0.0,0.0,0.0,0.0,0.0,0.0,0.0,0.0,0.0,-0.0,0.0,0.0,-7.778098853284027e-21,-3.889049426642014e-21,-3.889049426642014e-21,0.0,0.0,-0.0,0.0,0.0,0.0,-0.0,0.0,0.0,0.0,0.0,0.0,4.0,0.0,0.0
12089100,298.221923828125,303.1499938964844,285.1499938964844,0.0,-0.0,287.4084777832031,0.0,0.0,9.038022835738956e-05,298.1715393066406,303.1499938964844,285.1499938964844,0.0,-0.0,287.4088134765625,0.0,0.0,9.51748006627895e-05,298.62408447265625,303.1499938964844,285.1499938964844,0.0,-0.0,287.4085998535156,0.0,0.0,7.029582775430754e-05,297.9834289550781,303.1499938964844,285.1499938964844,0.0,-0.0,287.40838623046875,0.0,0.0,9.517472062725574e-05,298.2030639648437,303.1499938964844,285.1499938964844,0.0,-0.0,287.4080505371094,0.0,0.0,0.0004514679021667,287.3197326660156,294.1499938964844,283.01861572265625,282.4857482910156,286.9143371582031,284.5819396972656,286.9359741210937,0.0,0.0,0.0,0.0,1.0,1.0,-0.0009630424901843,1.542684646693715e-09,0.0009630409767851,-0.003092688973993,0.0,0.0,0.0,-0.0055775851942598,60.0,-2.570476531982422,-0.0,-6.323394785567872e-08,0.0,283.1644592285156,287.4449462890625,288.6285095214844,288.9419860839844,293.1499938964844,293.1499938964844,278.1499938964844,0.0,18000.0,313.1499938964844,0.0,18000.0,0.0,0.0,0.0,0.0,0.0,0.0,0.0,0.0,0.0,-0.0,0.0,0.0,-7.778098853284027e-21,-3.889049426642014e-21,-3.889049426642014e-21,0.0,0.0,-0.0,0.0,0.0,0.0,-0.0,0.0,0.0,0.0,0.0,0.0,4.0,0.0,0.0
12089160,298.21929931640625,303.1499938964844,285.1499938964844,0.0,-0.0,287.4064636230469,0.0,0.0,9.036365372594446e-05,298.17022705078125,303.1499938964844,285.1499938964844,0.0,-0.0,287.40679931640625,0.0,0.0,9.515734564047308e-05,298.6220397949219,303.1499938964844,285.1499938964844,0.0,-0.0,287.4065856933594,0.0,0.0,7.02829347574152e-05,297.9814453125,303.1499938964844,285.1499938964844,0.0,-0.0,287.4063720703125,0.0,0.0,9.515726560493933e-05,298.2020874023437,303.1499938964844,285.1499938964844,0.0,-0.0,287.406005859375,0.0,0.0,0.0004513851017691,287.3175964355469,294.1499938964844,282.9932556152344,282.470703125,286.880859375,284.55291748046875,286.9354553222656,0.0,0.0,0.0,0.0,1.0,1.0,-0.0009628655388951,1.5219974169866642e-09,0.0009628640254959,-0.003038479713723,0.0,0.0,0.0,-0.0055673294700682,60.0,-2.5865485668182373,-0.0,-6.321071310821935e-08,0.0,283.1644592285156,287.4449462890625,288.6285095214844,288.9419860839844,293.1499938964844,293.1499938964844,278.1499938964844,0.0,18000.0,313.1499938964844,0.0,18000.0,0.0,0.0,0.0,0.0,0.0,0.0,0.0,0.0,0.0,-0.0,0.0,0.0,-7.778098853284027e-21,-3.889049426642014e-21,-3.889049426642014e-21,0.0,0.0,-0.0,0.0,0.0,0.0,-0.0,0.0,0.0,0.0,0.0,0.0,4.0,0.0,0.0
12089220,298.216552734375,303.1499938964844,285.1499938964844,0.0,-0.0,287.4043273925781,0.0,0.0,9.036034316523e-05,298.1688842773437,303.1499938964844,285.1499938964844,0.0,-0.0,287.4046630859375,0.0,0.0,9.515386045677587e-05,298.6199035644531,303.1499938964844,285.1499938964844,0.0,-0.0,287.4044494628906,0.0,0.0,7.02803663443774e-05,297.9793701171875,303.1499938964844,285.1499938964844,0.0,-0.0,287.4042358398437,0.0,0.0,9.515378769719972e-05,298.2010803222656,303.1499938964844,285.1499938964844,0.0,-0.0,287.4039001464844,0.0,0.0,0.0004513685707934,287.3153686523437,294.1499938964844,282.9668884277344,282.4549560546875,286.8456726074219,284.5226135253906,286.9349365234375,0.0,0.0,0.0,0.0,1.0,1.0,-0.0009628299158066,1.517840741982468e-09,0.0009628284024074,-0.0030275874305516,0.0,0.0,0.0,-0.0055652684532105,60.0,-2.6034798622131348,-0.0,-6.320604484244542e-08,0.0,283.1644592285156,287.4449462890625,288.6285095214844,288.9419860839844,293.1499938964844,293.1499938964844,278.1499938964844,0.0,18000.0,313.1499938964844,0.0,18000.0,0.0,0.0,0.0,0.0,0.0,0.0,0.0,0.0,0.0,-0.0,0.0,0.0,-7.778098853284027e-21,-3.889049426642014e-21,-3.889049426642014e-21,0.0,0.0,-0.0,0.0,0.0,0.0,-0.0,0.0,0.0,0.0,0.0,0.0,4.0,0.0,0.0
12089280,298.2140808105469,303.1499938964844,285.1499938964844,0.0,-0.0,287.4024353027344,0.0,0.0,9.03407926671207e-05,298.16778564453125,303.1499938964844,285.1499938964844,0.0,-0.0,287.4027404785156,0.0,0.0,9.513327677268536e-05,298.6180114746094,303.1499938964844,285.1499938964844,0.0,-0.0,287.40252685546875,0.0,0.0,7.026515959296376e-05,297.9775695800781,303.1499938964844,285.1499938964844,0.0,-0.0,287.40234375,0.0,0.0,9.51332040131092e-05,298.2001647949219,303.1499938964844,285.1499938964844,0.0,-0.0,287.4019775390625,0.0,0.0,0.0004512709274422,287.3133850097656,294.1499938964844,282.9435119628906,282.4408874511719,286.81414794921875,284.4962158203125,286.9344177246094,0.0,0.0,0.0,0.0,1.0,1.0,-0.0009626214741729,1.493451140532897e-09,0.0009626199607737,-0.0029636758845299,0.0,0.0,0.0,-0.0055531780235469,60.0,-2.6184303760528564,-0.0,-6.317866052540921e-08,0.0,283.1644592285156,287.4449462890625,288.6285095214844,288.9419860839844,293.1499938964844,293.1499938964844,278.1499938964844,0.0,18000.0,313.1499938964844,0.0,18000.0,0.0,0.0,0.0,0.0,0.0,0.0,0.0,0.0,0.0,-0.0,0.0,0.0,-7.778098853284027e-21,-3.889049426642014e-21,-3.889049426642014e-21,0.0,0.0,-0.0,0.0,0.0,0.0,-0.0,0.0,0.0,0.0,0.0,0.0,4.0,0.0,0.0
12089340,298.2088623046875,303.1499938964844,285.1499938964844,0.0,-0.0,287.3984069824219,0.0,0.0,9.023231541505083e-05,298.1657409667969,303.1499938964844,285.1499938964844,0.0,-0.0,287.39874267578125,0.0,0.0,9.501903696218506e-05,298.6140441894531,303.1499938964844,285.1499938964844,0.0,-0.0,287.3985290527344,0.0,0.0,7.018078031251207e-05,297.9737548828125,303.1499938964844,285.1499938964844,0.0,-0.0,287.3983459472656,0.0,0.0,9.501896420260893e-05,298.1983642578125,303.1499938964844,285.1499938964844,0.0,-0.0,287.3979797363281,0.0,0.0,0.0004507290432229,287.3091735839844,294.1499938964844,282.8949584960937,282.4114074707031,286.747802734375,284.44659423828125,286.9333190917969,0.0,0.0,0.0,0.0,1.0,1.0,-0.0009614652371965,1.3582269753342755e-09,0.0009614638984203,-0.0026093292981386,0.0,0.0,0.0,-0.0054861428216099,60.0,-2.648148775100708,-0.0,-6.302695254589707e-08,0.0,283.1644592285156,287.4449462890625,288.6285095214844,288.9419860839844,293.1499938964844,293.1499938964844,278.1499938964844,0.0,18000.0,313.1499938964844,0.0,18000.0,0.0,0.0,0.0,0.0,0.0,0.0,0.0,0.0,0.0,-0.0,0.0,0.0,-7.778098853284027e-21,-3.889049426642014e-21,-3.889049426642014e-21,0.0,0.0,-0.0,0.0,0.0,0.0,-0.0,0.0,0.0,0.0,0.0,0.0,4.0,0.0,0.0
12089400,298.2088623046875,303.1499938964844,285.1499938964844,0.0,-0.0,287.3984069824219,0.0,0.0,9.023231541505083e-05,298.1657409667969,303.1499938964844,285.1499938964844,0.0,-0.0,287.39874267578125,0.0,0.0,9.501903696218506e-05,298.6140441894531,303.1499938964844,285.1499938964844,0.0,-0.0,287.3985290527344,0.0,0.0,7.018078031251207e-05,297.9737548828125,303.1499938964844,285.1499938964844,0.0,-0.0,287.3983459472656,0.0,0.0,9.501896420260893e-05,298.1983642578125,303.1499938964844,285.1499938964844,0.0,-0.0,287.3979797363281,0.0,0.0,0.0004507290432229,287.3091735839844,294.1499938964844,282.8949584960937,282.4114074707031,286.747802734375,284.44659423828125,286.9333190917969,0.0,0.0,0.0,0.0,1.0,1.0,-0.0009614652371965,1.3582269753342755e-09,0.0009614638984203,-0.0026093292981386,0.0,0.0,0.0,-0.0054861428216099,60.0,-2.648148775100708,-0.0,-6.302695254589707e-08,0.0,283.1644592285156,287.4449462890625,288.6285095214844,288.9419860839844,293.1499938964844,293.1499938964844,278.1499938964844,0.0,18000.0,313.1499938964844,0.0,18000.0,0.0,0.0,0.0,0.0,0.0,0.0,0.0,0.0,0.0,-0.0,0.0,0.0,-7.778098853284027e-21,-3.889049426642014e-21,-3.889049426642014e-21,0.0,0.0,-0.0,0.0,0.0,0.0,-0.0,0.0,0.0,0.0,0.0,0.0,4.0,0.0,0.0
12089460,298.2036437988281,303.1499938964844,285.1499938964844,0.0,-0.0,287.3944396972656,0.0,0.0,9.014695388032123e-05,298.1641845703125,303.1499938964844,285.1499938964844,0.0,-0.0,287.3947448730469,0.0,0.0,9.492914978181945e-05,298.6101379394531,303.1499938964844,285.1499938964844,0.0,-0.0,287.3945617675781,0.0,0.0,7.011439447524026e-05,297.97003173828125,303.1499938964844,285.1499938964844,0.0,-0.0,287.39434814453125,0.0,0.0,9.492907702224328e-05,298.1966857910156,303.1499938964844,285.1499938964844,0.0,-0.0,287.3940124511719,0.0,0.0,0.0004503026721067,287.3050231933594,294.1499938964844,282.84765625,282.3822326660156,286.6818542480469,284.4059753417969,286.93218994140625,0.0,0.0,0.0,0.0,1.0,1.0,-0.0009605549275875,1.2518081016210652e-09,0.0009605537052266,-0.0023304652422666,0.0,0.0,0.0,-0.0054333852604031,60.0,-2.6763293743133545,-0.0,-6.290768084227238e-08,0.0,283.1644592285156,287.4449462890625,288.6285095214844,288.9419860839844,293.1499938964844,293.1499938964844,278.1499938964844,0.0,18000.0,313.1499938964844,0.0,18000.0,0.0,0.0,0.0,0.0,0.0,0.0,0.0,0.0,0.0,-0.0,0.0,0.0,-7.778098853284027e-21,-3.889049426642014e-21,-3.889049426642014e-21,0.0,0.0,-0.0,0.0,0.0,0.0,-0.0,0.0,0.0,0.0,0.0,0.0,4.0,0.0,0.0
12089520,298.2036437988281,303.1499938964844,285.1499938964844,0.0,-0.0,287.3944396972656,0.0,0.0,9.014695388032123e-05,298.1641845703125,303.1499938964844,285.1499938964844,0.0,-0.0,287.3947448730469,0.0,0.0,9.492914978181945e-05,298.6101379394531,303.1499938964844,285.1499938964844,0.0,-0.0,287.3945617675781,0.0,0.0,7.011439447524026e-05,297.97003173828125,303.1499938964844,285.1499938964844,0.0,-0.0,287.39434814453125,0.0,0.0,9.492907702224328e-05,298.1966857910156,303.1499938964844,285.1499938964844,0.0,-0.0,287.3940124511719,0.0,0.0,0.0004503026721067,287.3050231933594,294.1499938964844,282.84765625,282.3822326660156,286.6818542480469,284.4059753417969,286.93218994140625,0.0,0.0,0.0,0.0,1.0,1.0,-0.0009605549275875,1.2518081016210652e-09,0.0009605537052266,-0.0023304652422666,0.0,0.0,0.0,-0.0054333852604031,60.0,-2.6763293743133545,-0.0,-6.290768084227238e-08,0.0,283.1644592285156,287.4449462890625,288.6285095214844,288.9419860839844,293.1499938964844,293.1499938964844,278.1499938964844,0.0,18000.0,313.1499938964844,0.0,18000.0,0.0,0.0,0.0,0.0,0.0,0.0,0.0,0.0,0.0,-0.0,0.0,0.0,-7.778098853284027e-21,-3.889049426642014e-21,-3.889049426642014e-21,0.0,0.0,-0.0,0.0,0.0,0.0,-0.0,0.0,0.0,0.0,0.0,0.0,4.0,0.0,0.0
12089580,298.1999206542969,303.1499938964844,285.1499938964844,0.0,-0.0,287.3916015625,0.0,0.0,9.009455243358389e-05,298.1633605957031,303.1499938964844,285.1499938964844,0.0,-0.0,287.39190673828125,0.0,0.0,9.487396891927348e-05,298.6073913574219,303.1499938964844,285.1499938964844,0.0,-0.0,287.3916931152344,0.0,0.0,7.00736345606856e-05,297.9674377441406,303.1499938964844,285.1499938964844,0.0,-0.0,287.3915100097656,0.0,0.0,9.487389615969732e-05,298.1955261230469,303.1499938964844,285.1499938964844,0.0,-0.0,287.39117431640625,0.0,0.0,0.0004500409122556,287.30206298828125,294.1499938964844,282.8143310546875,282.3614501953125,286.63458251953125,284.3804626464844,286.93133544921875,0.0,0.0,0.0,0.0,1.0,1.0,-0.0009599961340427,1.18647214275569e-09,0.0009599949698895,-0.0021592557895928,0.0,0.0,0.0,-0.0054009952582418,60.0,-2.696373224258423,-0.0,-6.283451625677118e-08,0.0,283.1644592285156,287.4449462890625,288.6285095214844,288.9419860839844,293.1499938964844,293.1499938964844,278.1499938964844,0.0,18000.0,313.1499938964844,0.0,18000.0,0.0,0.0,0.0,0.0,0.0,0.0,0.0,0.0,0.0,-0.0,0.0,0.0,-7.778098853284027e-21,-3.889049426642014e-21,-3.889049426642014e-21,0.0,0.0,-0.0,0.0,0.0,0.0,-0.0,0.0,0.0,0.0,0.0,0.0,4.0,0.0,0.0
12089640,298.1984558105469,303.1499938964844,285.1499938964844,0.0,-0.0,287.3905029296875,0.0,0.0,9.00733793969266e-05,298.1630859375,303.1499938964844,285.1499938964844,0.0,-0.0,287.39080810546875,0.0,0.0,9.4851668109186e-05,298.6063232421875,303.1499938964844,285.1499938964844,0.0,-0.0,287.3905944824219,0.0,0.0,7.005716906860471e-05,297.9664306640625,303.1499938964844,285.1499938964844,0.0,-0.0,287.3904113769531,0.0,0.0,9.485160262556748e-05,298.195068359375,303.1499938964844,285.1499938964844,0.0,-0.0,287.3900756835937,0.0,0.0,0.0004499351489357,287.3009338378906,294.1499938964844,282.8015441894531,282.3533935546875,286.6162414550781,284.371337890625,286.9309997558594,0.0,0.0,0.0,0.0,1.0,1.0,-0.0009597704047337,1.1600747029660852e-09,0.0009597692405804,-0.0020900825038552,0.0,0.0,0.0,-0.0053879087790846,60.0,-2.704076051712036,-0.0,-6.28049647843909e-08,0.0,283.1644592285156,287.4449462890625,288.6285095214844,288.9419860839844,293.1499938964844,293.1499938964844,278.1499938964844,0.0,18000.0,313.1499938964844,0.0,18000.0,0.0,0.0,0.0,0.0,0.0,0.0,0.0,0.0,0.0,-0.0,0.0,0.0,-7.778098853284027e-21,-3.889049426642014e-21,-3.889049426642014e-21,0.0,0.0,-0.0,0.0,0.0,0.0,-0.0,0.0,0.0,0.0,0.0,0.0,4.0,0.0,0.0
12089700,298.19586181640625,303.1499938964844,285.1499938964844,0.0,-0.0,287.3885803222656,0.0,0.0,9.003843297250569e-05,298.1627197265625,303.1499938964844,285.1499938964844,0.0,-0.0,287.3888854980469,0.0,0.0,9.481487359153108e-05,298.6044311523437,303.1499938964844,285.1499938964844,0.0,-0.0,287.388671875,0.0,0.0,7.002998609095812e-05,297.96466064453125,303.1499938964844,285.1499938964844,0.0,-0.0,287.38848876953125,0.0,0.0,9.481480083195493e-05,298.1943054199219,303.1499938964844,285.1499938964844,0.0,-0.0,287.3881530761719,0.0,0.0,0.0004497605841606,287.2989501953125,294.1499938964844,282.7789306640625,282.3390808105469,286.5840759277344,284.3568420410156,286.9303894042969,0.0,0.0,0.0,0.0,1.0,1.0,-0.0009422628208994,1.0993419508054103e-09,0.0009422617149539,-0.0019479234470054,0.0,0.0,0.0,-0.0052724084816873,60.0,-2.6985344886779785,-0.0,-6.275620734186306e-08,0.0,283.1644592285156,287.4449462890625,288.6285095214844,288.9419860839844,293.1499938964844,293.1499938964844,278.1499938964844,0.0,18000.0,313.1499938964844,0.0,18000.0,0.0,0.0,0.0,0.0,0.0,0.0,0.0,0.0,0.0,-0.0,0.0,0.0,-7.778098853284027e-21,-3.889049426642014e-21,-3.889049426642014e-21,0.0,0.0,-0.0,0.0,0.0,0.0,-0.0,0.0,0.0,0.0,0.0,0.0,4.0,0.0,0.0
12089760,298.1933288574219,303.1499938964844,285.1499938964844,0.0,-0.0,287.3883972167969,0.0,0.0,9.006671461975202e-05,298.1623840332031,303.1499938964844,285.1499938964844,0.0,-0.0,287.3887023925781,0.0,0.0,9.484465408604592e-05,298.6025695800781,303.1499938964844,285.1499938964844,0.0,-0.0,287.3885498046875,0.0,0.0,7.00519813108258e-05,297.96295166015625,303.1499938964844,285.1499938964844,0.0,-0.0,287.3882751464844,0.0,0.0,9.484458132646978e-05,298.19354248046875,303.1499938964844,285.1499938964844,0.0,-0.0,287.3879699707031,0.0,0.0,0.0004499018541537,287.2992858886719,294.1499938964844,282.7566223144531,282.3248291015625,286.55487060546875,284.34307861328125,286.9297790527344,0.0,0.0,0.0,0.0,1.0,1.0,-0.0007544320542365,9.46112521660325e-10,0.0007544310647062,-0.0017329126130789,0.0,0.0,0.0,-0.0042588901706039,60.0,-2.564718723297119,-0.0,-6.27955998311336e-08,0.0,283.1644592285156,287.4449462890625,288.6285095214844,288.9419860839844,293.1499938964844,293.1499938964844,278.1499938964844,0.0,18000.0,313.1499938964844,0.0,18000.0,0.0,0.0,0.0,0.0,0.0,0.0,0.0,0.0,0.0,-0.0,0.0,0.0,-7.778098853284027e-21,-3.889049426642014e-21,-3.889049426642014e-21,0.0,0.0,-0.0,0.0,0.0,0.0,-0.0,0.0,0.0,0.0,0.0,0.0,4.0,0.0,0.0
12089820,298.1881408691406,303.1499938964844,285.1499938964844,0.0,-0.0,287.3872985839844,0.0,0.0,9.00291561265476e-05,298.1617431640625,303.1499938964844,285.1499938964844,0.0,-0.0,287.3876037597656,0.0,0.0,9.480510198045522e-05,298.5989074707031,303.1499938964844,285.1499938964844,0.0,-0.0,287.3875427246094,0.0,0.0,7.002276834100485e-05,297.9595642089844,303.1499938964844,285.1499938964844,0.0,-0.0,287.3871765136719,0.0,0.0,9.480502922087908e-05,298.1920166015625,303.1499938964844,285.1499938964844,0.0,-0.0,287.38690185546875,0.0,0.0,0.0004497142217587,287.2980041503906,294.1499938964844,282.7128601074219,282.2965393066406,286.5057983398437,284.3198547363281,286.9284973144531,0.0,0.0,0.0,0.0,1.0,1.0,-0.0005861607496626,7.311297678391782e-10,0.000586159992963,-0.0013359916629269,0.0,0.0,0.0,-0.0033157379366457,60.0,-2.105520486831665,-0.0,-6.27431759880892e-08,0.0,283.1644592285156,287.4449462890625,288.6285095214844,288.9419860839844,293.1499938964844,293.1499938964844,278.1499938964844,0.0,18000.0,313.1499938964844,0.0,18000.0,0.0,0.0,0.0,0.0,0.0,0.0,0.0,0.0,0.0,-0.0,0.0,0.0,-7.778098853284027e-21,-3.889049426642014e-21,-3.889049426642014e-21,0.0,0.0,-0.0,0.0,0.0,0.0,-0.0,0.0,0.0,0.0,0.0,0.0,4.0,0.0,0.0
12089880,298.1881408691406,303.1499938964844,285.1499938964844,0.0,-0.0,287.3872985839844,0.0,0.0,9.00291561265476e-05,298.1617431640625,303.1499938964844,285.1499938964844,0.0,-0.0,287.3876037597656,0.0,0.0,9.480510198045522e-05,298.5989074707031,303.1499938964844,285.1499938964844,0.0,-0.0,287.3875427246094,0.0,0.0,7.002276834100485e-05,297.9595642089844,303.1499938964844,285.1499938964844,0.0,-0.0,287.3871765136719,0.0,0.0,9.480502922087908e-05,298.1920166015625,303.1499938964844,285.1499938964844,0.0,-0.0,287.38690185546875,0.0,0.0,0.0004497142217587,287.2980041503906,294.1499938964844,282.7128601074219,282.2965393066406,286.5057983398437,284.3198547363281,286.9284973144531,0.0,0.0,0.0,0.0,1.0,1.0,-0.0005861607496626,7.311297678391782e-10,0.000586159992963,-0.0013359916629269,0.0,0.0,0.0,-0.0033157379366457,60.0,-2.105520486831665,-0.0,-6.27431759880892e-08,0.0,283.1644592285156,287.4449462890625,288.6285095214844,288.9419860839844,293.1499938964844,293.1499938964844,278.1499938964844,0.0,18000.0,313.1499938964844,0.0,18000.0,0.0,0.0,0.0,0.0,0.0,0.0,0.0,0.0,0.0,-0.0,0.0,0.0,-7.778098853284027e-21,-3.889049426642014e-21,-3.889049426642014e-21,0.0,0.0,-0.0,0.0,0.0,0.0,-0.0,0.0,0.0,0.0,0.0,0.0,4.0,0.0,0.0
12089940,298.18310546875,303.1499938964844,285.1499938964844,0.0,-0.0,287.3887939453125,0.0,0.0,3.310434476588853e-05,298.1611022949219,303.1499938964844,285.1499938964844,0.0,-0.0,287.3890991210937,0.0,0.0,3.486049172352068e-05,298.5953063964844,303.1499938964844,285.1499938964844,0.0,-0.0,287.3891296386719,0.0,0.0,2.574785685283132e-05,297.9563293457031,303.1499938964844,285.1499938964844,0.0,-0.0,287.3885803222656,0.0,0.0,3.486046625766903e-05,298.1905212402344,303.1499938964844,285.1499938964844,0.0,-0.0,287.3883972167969,0.0,0.0,0.0001653630461078,287.2982482910156,294.1499938964844,282.6703186035156,282.2684936523437,286.4730224609375,284.3037109375,286.9272155761719,0.0,0.0,0.0,0.0,1.0,1.0,-0.0004864104266744,5.750732667841874e-10,0.0004864098445978,-0.0010254672961309,0.0,0.0,0.0,-0.0027193920686841,60.0,-1.6214630603790283,-0.0,-8.483399760450538e-09,0.0,283.1644592285156,287.4449462890625,288.6285095214844,288.9419860839844,293.1499938964844,293.1499938964844,278.1499938964844,0.0,18000.0,313.1499938964844,0.0,18000.0,0.0,0.0,0.0,0.0,0.0,0.0,0.0,0.0,0.0,-0.0,0.0,0.0,-7.778098853284027e-21,-3.889049426642014e-21,-3.889049426642014e-21,0.0,0.0,-0.0,0.0,0.0,0.0,-0.0,0.0,0.0,0.0,0.0,0.0,4.0,0.0,0.0
12090000,298.18310546875,303.1499938964844,285.1499938964844,0.0,-0.0,287.3887939453125,0.0,0.0,3.310434476588853e-05,298.1611022949219,303.1499938964844,285.1499938964844,0.0,-0.0,287.3890991210937,0.0,0.0,3.486049172352068e-05,298.5953063964844,303.1499938964844,285.1499938964844,0.0,-0.0,287.3891296386719,0.0,0.0,2.574785685283132e-05,297.9563293457031,303.1499938964844,285.1499938964844,0.0,-0.0,287.3885803222656,0.0,0.0,3.486046625766903e-05,298.1905212402344,303.1499938964844,285.1499938964844,0.0,-0.0,287.3883972167969,0.0,0.0,0.0001653630461078,287.2982482910156,294.1499938964844,282.6703186035156,282.2684936523437,286.4730224609375,284.3037109375,286.9272155761719,0.0,0.0,0.0,0.0,1.0,1.0,-0.0004864104266744,5.750732667841874e-10,0.0004864098445978,-0.0010254672961309,0.0,0.0,0.0,-0.0027193920686841,60.0,-1.6214630603790283,-0.0,-8.483399760450538e-09,0.0,283.1644592285156,287.4449462890625,288.6285095214844,288.9419860839844,293.1499938964844,293.1499938964844,278.1499938964844,0.0,18000.0,313.1499938964844,0.0,18000.0,0.0,0.0,0.0,0.0,0.0,0.0,0.0,0.0,0.0,-0.0,0.0,0.0,-7.778098853284027e-21,-3.889049426642014e-21,-3.889049426642014e-21,0.0,0.0,-0.0,0.0,0.0,0.0,-0.0,0.0,0.0,0.0,0.0,0.0,4.0,0.0,0.0
12090060,298.1784973144531,303.1499938964844,285.1499938964844,0.0,-0.0,287.39599609375,0.0,0.0,3.3715437893988565e-05,298.160400390625,303.1499938964844,285.1499938964844,0.0,-0.0,287.3962707519531,0.0,0.0,3.550400288077071e-05,298.5917053222656,303.1499938964844,285.1499938964844,0.0,-0.0,287.3966064453125,0.0,0.0,2.622315332700964e-05,297.953125,303.1499938964844,285.1499938964844,0.0,-0.0,287.3956604003906,0.0,0.0,3.5503977414919063e-05,298.18902587890625,303.1499938964844,285.1499938964844,0.0,-0.0,287.3955993652344,0.0,0.0,0.0001684155868133,287.3066711425781,294.1499938964844,282.62890625,282.2406921386719,286.452880859375,284.3028259277344,286.9259033203125,0.0,0.0,0.0,0.0,1.0,1.0,-0.0003616862813942,4.5177270258101027e-10,0.0003616858448367,-0.0008260322501882,0.0,0.0,0.0,-0.0020369065459817,60.0,-1.2161411046981812,-0.0,-8.799488249167098e-09,0.0,283.1644592285156,287.4449462890625,288.6285095214844,288.9419860839844,293.1499938964844,293.1499938964844,278.1499938964844,0.0,18000.0,313.1499938964844,0.0,18000.0,0.0,0.0,0.0,0.0,0.0,0.0,0.0,0.0,0.0,-0.0,0.0,0.0,-7.778098853284027e-21,-3.889049426642014e-21,-3.889049426642014e-21,0.0,0.0,-0.0,0.0,0.0,0.0,-0.0,0.0,0.0,0.0,0.0,0.0,4.0,0.0,0.0
12090120,298.1784973144531,303.1499938964844,285.1499938964844,0.0,-0.0,287.39599609375,0.0,0.0,3.3715437893988565e-05,298.160400390625,303.1499938964844,285.1499938964844,0.0,-0.0,287.3962707519531,0.0,0.0,3.550400288077071e-05,298.5917053222656,303.1499938964844,285.1499938964844,0.0,-0.0,287.3966064453125,0.0,0.0,2.622315332700964e-05,297.953125,303.1499938964844,285.1499938964844,0.0,-0.0,287.3956604003906,0.0,0.0,3.5503977414919063e-05,298.18902587890625,303.1499938964844,285.1499938964844,0.0,-0.0,287.3955993652344,0.0,0.0,0.0001684155868133,287.3066711425781,294.1499938964844,282.62890625,282.2406921386719,286.452880859375,284.3028259277344,286.9259033203125,0.0,0.0,0.0,0.0,1.0,1.0,-0.0003616862813942,4.5177270258101027e-10,0.0003616858448367,-0.0008260322501882,0.0,0.0,0.0,-0.0020369065459817,60.0,-1.2161411046981812,-0.0,-8.799488249167098e-09,0.0,283.1644592285156,287.4449462890625,288.6285095214844,288.9419860839844,293.1499938964844,293.1499938964844,278.1499938964844,0.0,18000.0,313.1499938964844,0.0,18000.0,0.0,0.0,0.0,0.0,0.0,0.0,0.0,0.0,0.0,-0.0,0.0,0.0,-7.778098853284027e-21,-3.889049426642014e-21,-3.889049426642014e-21,0.0,0.0,-0.0,0.0,0.0,0.0,-0.0,0.0,0.0,0.0,0.0,0.0,4.0,0.0,0.0
12090180,298.1744079589844,303.1499938964844,285.1499938964844,0.0,-0.0,287.4005126953125,0.0,0.0,2.0126914023421705e-05,298.1595764160156,303.1499938964844,285.1499938964844,0.0,-0.0,287.4007568359375,0.0,0.0,2.1194622604525648e-05,298.5881042480469,303.1499938964844,285.1499938964844,0.0,-0.0,287.4013061523437,0.0,0.0,1.5654286471544765e-05,297.9499816894531,303.1499938964844,285.1499938964844,0.0,-0.0,287.4000549316406,0.0,0.0,2.119460805261042e-05,298.1874694824219,303.1499938964844,285.1499938964844,0.0,-0.0,287.4001159667969,0.0,0.0,0.0001005380909191,287.3097839355469,294.1499938964844,282.5886535644531,282.21307373046875,286.4425048828125,284.2922058105469,286.924560546875,0.0,0.0,0.0,0.0,1.0,1.0,-0.0003913296968676,4.453874213883324e-10,0.0003913292603101,-0.0007796017453074,0.0,0.0,0.0,-0.0021772244945168,60.0,-0.8534497022628784,-0.0,-3.135840698220704e-09,0.0,283.1644592285156,287.4449462890625,288.6285095214844,288.9419860839844,293.1499938964844,293.1499938964844,278.1499938964844,0.0,18000.0,313.1499938964844,0.0,18000.0,0.0,0.0,0.0,0.0,0.0,0.0,0.0,0.0,0.0,-0.0,0.0,0.0,-7.778098853284027e-21,-3.889049426642014e-21,-3.889049426642014e-21,0.0,0.0,-0.0,0.0,0.0,0.0,-0.0,0.0,0.0,0.0,0.0,0.0,4.0,0.0,0.0
12090240,298.1744079589844,303.1499938964844,285.1499938964844,0.0,-0.0,287.4005126953125,0.0,0.0,2.0126914023421705e-05,298.1595764160156,303.1499938964844,285.1499938964844,0.0,-0.0,287.4007568359375,0.0,0.0,2.1194622604525648e-05,298.5881042480469,303.1499938964844,285.1499938964844,0.0,-0.0,287.4013061523437,0.0,0.0,1.5654286471544765e-05,297.9499816894531,303.1499938964844,285.1499938964844,0.0,-0.0,287.4000549316406,0.0,0.0,2.119460805261042e-05,298.1874694824219,303.1499938964844,285.1499938964844,0.0,-0.0,287.4001159667969,0.0,0.0,0.0001005380909191,287.3097839355469,294.1499938964844,282.5886535644531,282.21307373046875,286.4425048828125,284.2922058105469,286.924560546875,0.0,0.0,0.0,0.0,1.0,1.0,-0.0003913296968676,4.453874213883324e-10,0.0003913292603101,-0.0007796017453074,0.0,0.0,0.0,-0.0021772244945168,60.0,-0.8534497022628784,-0.0,-3.135840698220704e-09,0.0,283.1644592285156,287.4449462890625,288.6285095214844,288.9419860839844,293.1499938964844,293.1499938964844,278.1499938964844,0.0,18000.0,313.1499938964844,0.0,18000.0,0.0,0.0,0.0,0.0,0.0,0.0,0.0,0.0,0.0,-0.0,0.0,0.0,-7.778098853284027e-21,-3.889049426642014e-21,-3.889049426642014e-21,0.0,0.0,-0.0,0.0,0.0,0.0,-0.0,0.0,0.0,0.0,0.0,0.0,4.0,0.0,0.0
12090300,298.1725769042969,303.1499938964844,285.1499938964844,0.0,-0.0,287.4078674316406,0.0,0.0,3.0904877348802984e-05,298.1590881347656,303.1499938964844,285.1499938964844,0.0,-0.0,287.4081115722656,0.0,0.0,3.254434705013409e-05,298.5863037109375,303.1499938964844,285.1499938964844,0.0,-0.0,287.408935546875,0.0,0.0,2.403715916443616e-05,297.9483947753906,303.1499938964844,285.1499938964844,0.0,-0.0,287.40728759765625,0.0,0.0,3.254432522226125e-05,298.1866760253906,303.1499938964844,285.1499938964844,0.0,-0.0,287.407470703125,0.0,0.0,0.0001543762627989,287.3209228515625,294.1499938964844,282.5689697265625,282.1993408203125,286.4331970214844,284.2953186035156,286.9239196777344,0.0,0.0,0.0,0.0,1.0,1.0,-0.0003293918853159,4.119651286771385e-10,0.0003293914778623,-0.0007536718039773,0.0,0.0,0.0,-0.001855359179899,60.0,-0.9763608574867249,-0.0,-7.393559986468291e-09,0.0,283.1644592285156,287.4449462890625,288.6285095214844,288.9419860839844,293.1499938964844,293.1499938964844,278.1499938964844,0.0,18000.0,313.1499938964844,0.0,18000.0,0.0,0.0,0.0,0.0,0.0,0.0,0.0,0.0,0.0,-0.0,0.0,0.0,-7.778098853284027e-21,-3.889049426642014e-21,-3.889049426642014e-21,0.0,0.0,-0.0,0.0,0.0,0.0,-0.0,0.0,0.0,0.0,0.0,0.0,4.0,0.0,0.0
12090360,298.1708679199219,303.1499938964844,285.1499938964844,0.0,-0.0,287.4105224609375,0.0,0.0,3.04682289424818e-05,298.1585693359375,303.1499938964844,285.1499938964844,0.0,-0.0,287.4107666015625,0.0,0.0,3.208453199476935e-05,298.5845031738281,303.1499938964844,285.1499938964844,0.0,-0.0,287.4117126464844,0.0,0.0,2.3697541109868325e-05,297.94683837890625,303.1499938964844,285.1499938964844,0.0,-0.0,287.4098815917969,0.0,0.0,3.208451016689651e-05,298.18585205078125,303.1499938964844,285.1499938964844,0.0,-0.0,287.4101257324219,0.0,0.0,0.0001521950907772,287.3231201171875,294.1499938964844,282.549560546875,282.1856689453125,286.4272766113281,284.2943115234375,286.9232482910156,0.0,0.0,0.0,0.0,1.0,1.0,-0.000325829925714,4.0723824312749447e-10,0.0003258295182604,-0.0007448067190125,0.0,0.0,0.0,-0.0018351289909332,60.0,-0.974143922328949,-0.0,-7.186109929335771e-09,0.0,283.1644592285156,287.4449462890625,288.6285095214844,288.9419860839844,293.1499938964844,293.1499938964844,278.1499938964844,0.0,18000.0,313.1499938964844,0.0,18000.0,0.0,0.0,0.0,0.0,0.0,0.0,0.0,0.0,0.0,-0.0,0.0,0.0,-7.778098853284027e-21,-3.889049426642014e-21,-3.889049426642014e-21,0.0,0.0,-0.0,0.0,0.0,0.0,-0.0,0.0,0.0,0.0,0.0,0.0,4.0,0.0,0.0
12090420,298.1677551269531,303.1499938964844,285.1499938964844,0.0,-0.0,287.4150390625,0.0,0.0,2.8942393328179605e-05,298.1571044921875,303.1499938964844,285.1499938964844,0.0,-0.0,287.415283203125,0.0,0.0,3.047775498998817e-05,298.5809326171875,303.1499938964844,285.1499938964844,0.0,-0.0,287.4164123535156,0.0,0.0,2.2510779672302302e-05,297.9436950683594,303.1499938964844,285.1499938964844,0.0,-0.0,287.4142761230469,0.0,0.0,3.0477733162115328e-05,298.18426513671875,303.1499938964844,285.1499938964844,0.0,-0.0,287.4146728515625,0.0,0.0,0.000144573234138,287.3273620605469,294.1499938964844,282.5115966796875,282.1584167480469,286.4154052734375,284.2932434082031,286.9219055175781,0.0,0.0,0.0,0.0,1.0,1.0,-0.0003076961147598,3.850246232950383e-10,0.00030769573641,-0.0007045405800454,0.0,0.0,0.0,-0.0017332728020846,60.0,-0.9556549787521362,-0.0,-6.484377479409886e-09,0.0,283.1644592285156,287.4449462890625,288.6285095214844,288.9419860839844,293.1499938964844,293.1499938964844,278.1499938964844,0.0,18000.0,313.1499938964844,0.0,18000.0,0.0,0.0,0.0,0.0,0.0,0.0,0.0,0.0,0.0,-0.0,0.0,0.0,-7.778098853284027e-21,-3.889049426642014e-21,-3.889049426642014e-21,0.0,0.0,-0.0,0.0,0.0,0.0,-0.0,0.0,0.0,0.0,0.0,0.0,4.0,0.0,0.0
12090480,298.1677551269531,303.1499938964844,285.1499938964844,0.0,-0.0,287.4150390625,0.0,0.0,2.8942393328179605e-05,298.1571044921875,303.1499938964844,285.1499938964844,0.0,-0.0,287.415283203125,0.0,0.0,3.047775498998817e-05,298.5809326171875,303.1499938964844,285.1499938964844,0.0,-0.0,287.4164123535156,0.0,0.0,2.2510779672302302e-05,297.9436950683594,303.1499938964844,285.1499938964844,0.0,-0.0,287.4142761230469,0.0,0.0,3.0477733162115328e-05,298.18426513671875,303.1499938964844,285.1499938964844,0.0,-0.0,287.4146728515625,0.0,0.0,0.000144573234138,287.3273620605469,294.1499938964844,282.5115966796875,282.1584167480469,286.4154052734375,284.2932434082031,286.9219055175781,0.0,0.0,0.0,0.0,1.0,1.0,-0.0003076961147598,3.850246232950383e-10,0.00030769573641,-0.0007045405800454,0.0,0.0,0.0,-0.0017332728020846,60.0,-0.9556549787521362,-0.0,-6.484377479409886e-09,0.0,283.1644592285156,287.4449462890625,288.6285095214844,288.9419860839844,293.1499938964844,293.1499938964844,278.1499938964844,0.0,18000.0,313.1499938964844,0.0,18000.0,0.0,0.0,0.0,0.0,0.0,0.0,0.0,0.0,0.0,-0.0,0.0,0.0,-7.778098853284027e-21,-3.889049426642014e-21,-3.889049426642014e-21,0.0,0.0,-0.0,0.0,0.0,0.0,-0.0,0.0,0.0,0.0,0.0,0.0,4.0,0.0,0.0
12090540,298.1650390625,303.1499938964844,285.1499938964844,0.0,-0.0,287.41943359375,0.0,0.0,2.576083170424681e-05,298.1537475585937,303.1499938964844,285.1499938964844,0.0,-0.0,287.419677734375,0.0,0.0,2.7127414796268567e-05,298.577392578125,303.1499938964844,285.1499938964844,0.0,-0.0,287.4210205078125,0.0,0.0,2.003622830670793e-05,297.94061279296875,303.1499938964844,285.1499938964844,0.0,-0.0,287.4186096191406,0.0,0.0,2.712739478738513e-05,298.18292236328125,303.1499938964844,285.1499938964844,0.0,-0.0,287.4190673828125,0.0,0.0,0.0001286806800635,287.33184814453125,294.1499938964844,282.4747314453125,282.1313171386719,286.4057922363281,284.2940979003906,286.92059326171875,0.0,0.0,0.0,0.0,1.0,1.0,-0.0002744930970948,3.4332200971043387e-10,0.0002744927769526,-0.0006281067617237,0.0,0.0,0.0,-0.0015461423899978,60.0,-0.8869446516036987,-0.0,-5.137112513153852e-09,0.0,283.1644592285156,287.4449462890625,288.6285095214844,288.9419860839844,293.1499938964844,293.1499938964844,278.1499938964844,0.0,18000.0,313.1499938964844,0.0,18000.0,0.0,0.0,0.0,0.0,0.0,0.0,0.0,0.0,0.0,-0.0,0.0,0.0,-7.778098853284027e-21,-3.889049426642014e-21,-3.889049426642014e-21,0.0,0.0,-0.0,0.0,0.0,0.0,-0.0,0.0,0.0,0.0,0.0,0.0,4.0,0.0,0.0
12090600,298.1650390625,303.1499938964844,285.1499938964844,0.0,-0.0,287.41943359375,0.0,0.0,2.576083170424681e-05,298.1537475585937,303.1499938964844,285.1499938964844,0.0,-0.0,287.419677734375,0.0,0.0,2.7127414796268567e-05,298.577392578125,303.1499938964844,285.1499938964844,0.0,-0.0,287.4210205078125,0.0,0.0,2.003622830670793e-05,297.94061279296875,303.1499938964844,285.1499938964844,0.0,-0.0,287.4186096191406,0.0,0.0,2.712739478738513e-05,298.18292236328125,303.1499938964844,285.1499938964844,0.0,-0.0,287.4190673828125,0.0,0.0,0.0001286806800635,287.33184814453125,294.1499938964844,282.4747314453125,282.1313171386719,286.4057922363281,284.2940979003906,286.92059326171875,0.0,0.0,0.0,0.0,1.0,1.0,-0.0002744930970948,3.4332200971043387e-10,0.0002744927769526,-0.0006281067617237,0.0,0.0,0.0,-0.0015461423899978,60.0,-0.8869446516036987,-0.0,-5.137112513153852e-09,0.0,283.1644592285156,287.4449462890625,288.6285095214844,288.9419860839844,293.1499938964844,293.1499938964844,278.1499938964844,0.0,18000.0,313.1499938964844,0.0,18000.0,0.0,0.0,0.0,0.0,0.0,0.0,0.0,0.0,0.0,-0.0,0.0,0.0,-7.778098853284027e-21,-3.889049426642014e-21,-3.889049426642014e-21,0.0,0.0,-0.0,0.0,0.0,0.0,-0.0,0.0,0.0,0.0,0.0,0.0,4.0,0.0,0.0
12090660,298.1626281738281,303.1499938964844,285.1499938964844,0.0,-0.0,287.42303466796875,0.0,0.0,2.0370902348076925e-05,298.1498413085937,303.1499938964844,285.1499938964844,0.0,-0.0,287.4232482910156,0.0,0.0,2.14515548577765e-05,298.5739440917969,303.1499938964844,285.1499938964844,0.0,-0.0,287.4247436523437,0.0,0.0,1.584405436005909e-05,297.9375915527344,303.1499938964844,285.1499938964844,0.0,-0.0,287.4220886230469,0.0,0.0,2.1451540305861272e-05,298.1815490722656,303.1499938964844,285.1499938964844,0.0,-0.0,287.42266845703125,0.0,0.0,0.0001017568647512,287.3358764648437,294.1499938964844,282.4389953613281,282.1043395996094,286.3988037109375,284.2969665527344,286.9193115234375,0.0,0.0,0.0,0.0,1.0,1.0,-0.000218739020056,2.731695147861757e-10,0.0002187387581216,-0.0004994287155568,0.0,0.0,0.0,-0.0012318385997787,60.0,-0.7709123492240906,-0.0,-3.212327293056204e-09,0.0,283.1644592285156,287.4449462890625,288.6285095214844,288.9419860839844,293.1499938964844,293.1499938964844,278.1499938964844,0.0,18000.0,313.1499938964844,0.0,18000.0,0.0,0.0,0.0,0.0,0.0,0.0,0.0,0.0,0.0,-0.0,0.0,0.0,-7.778098853284027e-21,-3.889049426642014e-21,-3.889049426642014e-21,0.0,0.0,-0.0,0.0,0.0,0.0,-0.0,0.0,0.0,0.0,0.0,0.0,4.0,0.0,0.0
12090720,298.1626281738281,303.1499938964844,285.1499938964844,0.0,-0.0,287.42303466796875,0.0,0.0,2.0370902348076925e-05,298.1498413085937,303.1499938964844,285.1499938964844,0.0,-0.0,287.4232482910156,0.0,0.0,2.14515548577765e-05,298.5739440917969,303.1499938964844,285.1499938964844,0.0,-0.0,287.4247436523437,0.0,0.0,1.584405436005909e-05,297.9375915527344,303.1499938964844,285.1499938964844,0.0,-0.0,287.4220886230469,0.0,0.0,2.1451540305861272e-05,298.1815490722656,303.1499938964844,285.1499938964844,0.0,-0.0,287.42266845703125,0.0,0.0,0.0001017568647512,287.3358764648437,294.1499938964844,282.4389953613281,282.1043395996094,286.3988037109375,284.2969665527344,286.9193115234375,0.0,0.0,0.0,0.0,1.0,1.0,-0.000218739020056,2.731695147861757e-10,0.0002187387581216,-0.0004994287155568,0.0,0.0,0.0,-0.0012318385997787,60.0,-0.7709123492240906,-0.0,-3.212327293056204e-09,0.0,283.1644592285156,287.4449462890625,288.6285095214844,288.9419860839844,293.1499938964844,293.1499938964844,278.1499938964844,0.0,18000.0,313.1499938964844,0.0,18000.0,0.0,0.0,0.0,0.0,0.0,0.0,0.0,0.0,0.0,-0.0,0.0,0.0,-7.778098853284027e-21,-3.889049426642014e-21,-3.889049426642014e-21,0.0,0.0,-0.0,0.0,0.0,0.0,-0.0,0.0,0.0,0.0,0.0,0.0,4.0,0.0,0.0
12090780,298.1608581542969,303.1499938964844,285.1499938964844,0.0,-0.0,287.425048828125,0.0,0.0,1.554134905745741e-05,298.1465148925781,303.1499938964844,285.1499938964844,0.0,-0.0,287.42529296875,0.0,0.0,1.636580054764636e-05,298.5711975097656,303.1499938964844,285.1499938964844,0.0,-0.0,287.4268493652344,0.0,0.0,1.2087732102372684e-05,297.9352111816406,303.1499938964844,285.1499938964844,0.0,-0.0,287.424072265625,0.0,0.0,1.6365789633709937e-05,298.18048095703125,303.1499938964844,285.1499938964844,0.0,-0.0,287.4247131347656,0.0,0.0,7.763225585222244e-05,287.3384094238281,294.1499938964844,282.4112243652344,282.0828552246094,286.3958435058594,284.29998779296875,286.91827392578125,0.0,0.0,0.0,0.0,1.0,1.0,-0.0001671958307269,2.0872237271873928e-10,0.0001671956270001,-0.0003815391974058,0.0,0.0,0.0,-0.0009415226522833,60.0,-0.611563503742218,-0.0,-1.869720600566893e-09,0.0,283.1644592285156,287.4449462890625,288.6285095214844,288.9419860839844,293.1499938964844,293.1499938964844,278.1499938964844,0.0,18000.0,313.1499938964844,0.0,18000.0,0.0,0.0,0.0,0.0,0.0,0.0,0.0,0.0,0.0,-0.0,0.0,0.0,-7.778098853284027e-21,-3.889049426642014e-21,-3.889049426642014e-21,0.0,0.0,-0.0,0.0,0.0,0.0,-0.0,0.0,0.0,0.0,0.0,0.0,4.0,0.0,0.0
12090840,298.1604309082031,303.1499938964844,285.1499938964844,0.0,-0.0,287.4254455566406,0.0,0.0,1.4578821719624102e-05,298.1456604003906,303.1499938964844,285.1499938964844,0.0,-0.0,287.4256896972656,0.0,0.0,1.535221053927671e-05,298.5705261230469,303.1499938964844,285.1499938964844,0.0,-0.0,287.4272766113281,0.0,0.0,1.133909790951293e-05,297.9346008300781,303.1499938964844,285.1499938964844,0.0,-0.0,287.4244689941406,0.0,0.0,1.535219962534029e-05,298.1802062988281,303.1499938964844,285.1499938964844,0.0,-0.0,287.4250793457031,0.0,0.0,7.282423030119389e-05,287.33892822265625,294.1499938964844,282.4043884277344,282.0774841308594,286.39532470703125,284.30078125,286.91802978515625,0.0,0.0,0.0,0.0,1.0,1.0,-0.0001546270068502,1.9357816738452271e-10,0.0001546268031233,-0.0003542935592122,0.0,0.0,0.0,-0.0008710793917998,60.0,-0.5773781538009644,-0.0,-1.6452961215662752e-09,0.0,283.1644592285156,287.4449462890625,288.6285095214844,288.9419860839844,293.1499938964844,293.1499938964844,278.1499938964844,0.0,18000.0,313.1499938964844,0.0,18000.0,0.0,0.0,0.0,0.0,0.0,0.0,0.0,0.0,0.0,-0.0,0.0,0.0,-7.778098853284027e-21,-3.889049426642014e-21,-3.889049426642014e-21,0.0,0.0,-0.0,0.0,0.0,0.0,-0.0,0.0,0.0,0.0,0.0,0.0,4.0,0.0,0.0
12090900,298.15936279296875,303.1499938964844,285.1499938964844,0.0,-0.0,287.4261779785156,0.0,0.0,1.1967381396971176e-05,298.1434936523437,303.1499938964844,285.1499938964844,0.0,-0.0,287.4263916015625,0.0,0.0,1.2602236893144436e-05,298.5688171386719,303.1499938964844,285.1499938964844,0.0,-0.0,287.4280090332031,0.0,0.0,9.30797523324145e-06,297.9331359863281,303.1499938964844,285.1499938964844,0.0,-0.0,287.4251708984375,0.0,0.0,1.2602227798197418e-05,298.1795349121094,303.1499938964844,285.1499938964844,0.0,-0.0,287.4258117675781,0.0,0.0,5.9779544244520366e-05,287.33990478515625,294.1499938964844,282.3874816894531,282.0640869140625,286.3943786621094,284.3025817871094,286.9174194335937,0.0,0.0,0.0,0.0,1.0,1.0,-0.0001275187532883,1.5949368215029122e-10,0.0001275185932172,-0.0002917931124102,0.0,0.0,0.0,-0.0007182765984907,60.0,-0.490807831287384,-0.0,-1.1086577211827375e-09,0.0,283.1644592285156,287.4449462890625,288.6285095214844,288.9419860839844,293.1499938964844,293.1499938964844,278.1499938964844,0.0,18000.0,313.1499938964844,0.0,18000.0,0.0,0.0,0.0,0.0,0.0,0.0,0.0,0.0,0.0,-0.0,0.0,0.0,-7.778098853284027e-21,-3.889049426642014e-21,-3.889049426642014e-21,0.0,0.0,-0.0,0.0,0.0,0.0,-0.0,0.0,0.0,0.0,0.0,0.0,4.0,0.0,0.0
12090960,298.1582946777344,303.1499938964844,285.1499938964844,0.0,-0.0,287.4266662597656,0.0,0.0,9.695848348201253e-06,298.1413269042969,303.1499938964844,285.1499938964844,0.0,-0.0,287.4269104003906,0.0,0.0,1.021020216285251e-05,298.567138671875,303.1499938964844,285.1499938964844,0.0,-0.0,287.42852783203125,0.0,0.0,7.541224931628676e-06,297.931640625,303.1499938964844,285.1499938964844,0.0,-0.0,287.4256591796875,0.0,0.0,1.0210194886894897e-05,298.17889404296875,303.1499938964844,285.1499938964844,0.0,-0.0,287.42633056640625,0.0,0.0,4.843276474275626e-05,287.34063720703125,294.1499938964844,282.370849609375,282.0507202148437,286.393798828125,284.3039855957031,286.9167785644531,0.0,0.0,0.0,0.0,1.0,1.0,-0.0001033145890687,1.2922037051499302e-10,0.0001033144581015,-0.0002364081010455,0.0,0.0,0.0,-0.000581941450946,60.0,-0.4089249074459076,-0.0,-7.277309310715904e-10,0.0,283.1644592285156,287.4449462890625,288.6285095214844,288.9419860839844,293.1499938964844,293.1499938964844,278.1499938964844,0.0,18000.0,313.1499938964844,0.0,18000.0,0.0,0.0,0.0,0.0,0.0,0.0,0.0,0.0,0.0,-0.0,0.0,0.0,-7.778098853284027e-21,-3.889049426642014e-21,-3.889049426642014e-21,0.0,0.0,-0.0,0.0,0.0,0.0,-0.0,0.0,0.0,0.0,0.0,0.0,4.0,0.0,0.0
12091020,298.1561279296875,303.1499938964844,285.1499938964844,0.0,-0.0,287.4272155761719,0.0,0.0,6.202139502420323e-06,298.1368713378906,303.1499938964844,285.1499938964844,0.0,-0.0,287.4274597167969,0.0,0.0,6.531156031996943e-06,298.56378173828125,303.1499938964844,285.1499938964844,0.0,-0.0,287.4291076660156,0.0,0.0,4.82389259559568e-06,297.9285888671875,303.1499938964844,285.1499938964844,0.0,-0.0,287.4262084960937,0.0,0.0,6.531151484523434e-06,298.1775207519531,303.1499938964844,285.1499938964844,0.0,-0.0,287.4268798828125,0.0,0.0,3.0980969313532114e-05,287.3414306640625,294.1499938964844,282.33837890625,282.0240173339844,286.3932189941406,284.3057556152344,286.91558837890625,0.0,0.0,0.0,0.0,1.0,1.0,-6.608715193578973e-05,8.265826911824091e-11,6.608706462429836e-05,-0.0001512229937361,0.0,0.0,0.0,-0.0003722499241121,60.0,-0.2729289531707763,-0.0,-2.9777091903326886e-10,0.0,283.1644592285156,287.4449462890625,288.6285095214844,288.9419860839844,293.1499938964844,293.1499938964844,278.1499938964844,0.0,18000.0,313.1499938964844,0.0,18000.0,0.0,0.0,0.0,0.0,0.0,0.0,0.0,0.0,0.0,-0.0,0.0,0.0,-7.778098853284027e-21,-3.889049426642014e-21,-3.889049426642014e-21,0.0,0.0,-0.0,0.0,0.0,0.0,-0.0,0.0,0.0,0.0,0.0,0.0,4.0,0.0,0.0
12091080,298.1561279296875,303.1499938964844,285.1499938964844,0.0,-0.0,287.4272155761719,0.0,0.0,6.202139502420323e-06,298.1368713378906,303.1499938964844,285.1499938964844,0.0,-0.0,287.4274597167969,0.0,0.0,6.531156031996943e-06,298.56378173828125,303.1499938964844,285.1499938964844,0.0,-0.0,287.4291076660156,0.0,0.0,4.82389259559568e-06,297.9285888671875,303.1499938964844,285.1499938964844,0.0,-0.0,287.4262084960937,0.0,0.0,6.531151484523434e-06,298.1775207519531,303.1499938964844,285.1499938964844,0.0,-0.0,287.4268798828125,0.0,0.0,3.0980969313532114e-05,287.3414306640625,294.1499938964844,282.33837890625,282.0240173339844,286.3932189941406,284.3057556152344,286.91558837890625,0.0,0.0,0.0,0.0,1.0,1.0,-6.608715193578973e-05,8.265826911824091e-11,6.608706462429836e-05,-0.0001512229937361,0.0,0.0,0.0,-0.0003722499241121,60.0,-0.2729289531707763,-0.0,-2.9777091903326886e-10,0.0,283.1644592285156,287.4449462890625,288.6285095214844,288.9419860839844,293.1499938964844,293.1499938964844,278.1499938964844,0.0,18000.0,313.1499938964844,0.0,18000.0,0.0,0.0,0.0,0.0,0.0,0.0,0.0,0.0,0.0,-0.0,0.0,0.0,-7.778098853284027e-21,-3.889049426642014e-21,-3.889049426642014e-21,0.0,0.0,-0.0,0.0,0.0,0.0,-0.0,0.0,0.0,0.0,0.0,0.0,4.0,0.0,0.0
12091140,298.1539001464844,303.1499938964844,285.1499938964844,0.0,-0.0,287.427490234375,0.0,0.0,4.097220880794339e-06,298.13232421875,303.1499938964844,285.1499938964844,0.0,-0.0,287.4277038574219,0.0,0.0,4.314573743613437e-06,298.5604248046875,303.1499938964844,285.1499938964844,0.0,-0.0,287.42938232421875,0.0,0.0,3.186731191817671e-06,297.92559814453125,303.1499938964844,285.1499938964844,0.0,-0.0,287.42645263671875,0.0,0.0,4.314570560381981e-06,298.1761779785156,303.1499938964844,285.1499938964844,0.0,-0.0,287.4271240234375,0.0,0.0,2.046646477538161e-05,287.3418273925781,294.1499938964844,282.3070068359375,281.9973449707031,286.3930053710937,284.3065795898437,286.9144287109375,0.0,0.0,0.0,0.0,1.0,1.0,-4.365801942185499e-05,5.4605129445883804e-11,4.365796485217288e-05,-9.98999021248892e-05,0.0,0.0,0.0,-0.0002459131064824,60.0,-0.179445207118988,-0.0,-1.2995049480934995e-10,0.0,283.1644592285156,287.4449462890625,288.6285095214844,288.9419860839844,293.1499938964844,293.1499938964844,278.1499938964844,0.0,18000.0,313.1499938964844,0.0,18000.0,0.0,0.0,0.0,0.0,0.0,0.0,0.0,0.0,0.0,-0.0,0.0,0.0,-7.778098853284027e-21,-3.889049426642014e-21,-3.889049426642014e-21,0.0,0.0,-0.0,0.0,0.0,0.0,-0.0,0.0,0.0,0.0,0.0,0.0,4.0,0.0,0.0
12091200,298.1539001464844,303.1499938964844,285.1499938964844,0.0,-0.0,287.427490234375,0.0,0.0,4.097220880794339e-06,298.13232421875,303.1499938964844,285.1499938964844,0.0,-0.0,287.4277038574219,0.0,0.0,4.314573743613437e-06,298.5604248046875,303.1499938964844,285.1499938964844,0.0,-0.0,287.42938232421875,0.0,0.0,3.186731191817671e-06,297.92559814453125,303.1499938964844,285.1499938964844,0.0,-0.0,287.42645263671875,0.0,0.0,4.314570560381981e-06,298.1761779785156,303.1499938964844,285.1499938964844,0.0,-0.0,287.4271240234375,0.0,0.0,2.046646477538161e-05,287.3418273925781,294.1499938964844,282.3070068359375,281.9973449707031,286.3930053710937,284.3065795898437,286.9144287109375,0.0,0.0,0.0,0.0,1.0,1.0,-4.365801942185499e-05,5.4605129445883804e-11,4.365796485217288e-05,-9.98999021248892e-05,0.0,0.0,0.0,-0.0002459131064824,60.0,-0.179445207118988,-0.0,-1.2995049480934995e-10,0.0,283.1644592285156,287.4449462890625,288.6285095214844,288.9419860839844,293.1499938964844,293.1499938964844,278.1499938964844,0.0,18000.0,313.1499938964844,0.0,18000.0,0.0,0.0,0.0,0.0,0.0,0.0,0.0,0.0,0.0,-0.0,0.0,0.0,-7.778098853284027e-21,-3.889049426642014e-21,-3.889049426642014e-21,0.0,0.0,-0.0,0.0,0.0,0.0,-0.0,0.0,0.0,0.0,0.0,0.0,4.0,0.0,0.0
12091260,298.15155029296875,303.1499938964844,285.1499938964844,0.0,-0.0,287.42755126953125,0.0,0.0,2.9447924134728964e-06,298.127685546875,303.1499938964844,285.1499938964844,0.0,-0.0,287.4277648925781,0.0,0.0,3.101010179307196e-06,298.5570678710937,303.1499938964844,285.1499938964844,0.0,-0.0,287.429443359375,0.0,0.0,2.290396878379397e-06,297.9226989746094,303.1499938964844,285.1499938964844,0.0,-0.0,287.426513671875,0.0,0.0,3.101007905570441e-06,298.1748046875,303.1499938964844,285.1499938964844,0.0,-0.0,287.4271850585937,0.0,0.0,1.4709846254845615e-05,287.3419189453125,294.1499938964844,282.2767028808594,281.970703125,286.3929138183594,284.3069763183594,286.913330078125,0.0,0.0,0.0,0.0,1.0,1.0,-3.137823296128772e-05,3.924626942874987e-11,3.1378192943520844e-05,-7.180088141467422e-05,0.0,0.0,0.0,-0.0001767445792211,60.0,-0.1248248144984245,-0.0,-6.712874700554039e-11,0.0,283.1644592285156,287.4449462890625,288.6285095214844,288.9419860839844,293.1499938964844,293.1499938964844,278.1499938964844,0.0,18000.0,313.1499938964844,0.0,18000.0,0.0,0.0,0.0,0.0,0.0,0.0,0.0,0.0,0.0,-0.0,0.0,0.0,-7.778098853284027e-21,-3.889049426642014e-21,-3.889049426642014e-21,0.0,0.0,-0.0,0.0,0.0,0.0,-0.0,0.0,0.0,0.0,0.0,0.0,4.0,0.0,0.0
12091320,298.15155029296875,303.1499938964844,285.1499938964844,0.0,-0.0,287.42755126953125,0.0,0.0,2.9447924134728964e-06,298.127685546875,303.1499938964844,285.1499938964844,0.0,-0.0,287.4277648925781,0.0,0.0,3.101010179307196e-06,298.5570678710937,303.1499938964844,285.1499938964844,0.0,-0.0,287.429443359375,0.0,0.0,2.290396878379397e-06,297.9226989746094,303.1499938964844,285.1499938964844,0.0,-0.0,287.426513671875,0.0,0.0,3.101007905570441e-06,298.1748046875,303.1499938964844,285.1499938964844,0.0,-0.0,287.4271850585937,0.0,0.0,1.4709846254845615e-05,287.3419189453125,294.1499938964844,282.2767028808594,281.970703125,286.3929138183594,284.3069763183594,286.913330078125,0.0,0.0,0.0,0.0,1.0,1.0,-3.137823296128772e-05,3.924626942874987e-11,3.1378192943520844e-05,-7.180088141467422e-05,0.0,0.0,0.0,-0.0001767445792211,60.0,-0.1248248144984245,-0.0,-6.712874700554039e-11,0.0,283.1644592285156,287.4449462890625,288.6285095214844,288.9419860839844,293.1499938964844,293.1499938964844,278.1499938964844,0.0,18000.0,313.1499938964844,0.0,18000.0,0.0,0.0,0.0,0.0,0.0,0.0,0.0,0.0,0.0,-0.0,0.0,0.0,-7.778098853284027e-21,-3.889049426642014e-21,-3.889049426642014e-21,0.0,0.0,-0.0,0.0,0.0,0.0,-0.0,0.0,0.0,0.0,0.0,0.0,4.0,0.0,0.0
12091380,298.1490783691406,303.1499938964844,285.1499938964844,0.0,-0.0,287.4275817871094,0.0,0.0,2.196940386056667e-06,298.1229553222656,303.1499938964844,285.1499938964844,0.0,-0.0,287.42779541015625,0.0,0.0,2.31348553825228e-06,298.5536804199219,303.1499938964844,285.1499938964844,0.0,-0.0,287.4294738769531,0.0,0.0,1.708733520899841e-06,297.919921875,303.1499938964844,285.1499938964844,0.0,-0.0,287.4265441894531,0.0,0.0,2.3134837192628765e-06,298.17340087890625,303.1499938964844,285.1499938964844,0.0,-0.0,287.4272155761719,0.0,0.0,1.0974170436384156e-05,287.34197998046875,294.1499938964844,282.2474365234375,281.9440612792969,286.3928527832031,284.3072204589844,286.9122619628906,0.0,0.0,0.0,0.0,1.0,1.0,-2.34094804909546e-05,2.9279374064161694e-11,2.3409451387124136e-05,-5.356648762244731e-05,0.0,0.0,0.0,-0.0001318589056609,60.0,-0.0905682668089866,-0.0,-3.7362481164482375e-11,0.0,283.1644592285156,287.4449462890625,288.6285095214844,288.9419860839844,293.1499938964844,293.1499938964844,278.1499938964844,0.0,18000.0,313.1499938964844,0.0,18000.0,0.0,0.0,0.0,0.0,0.0,0.0,0.0,0.0,0.0,-0.0,0.0,0.0,-7.778098853284027e-21,-3.889049426642014e-21,-3.889049426642014e-21,0.0,0.0,-0.0,0.0,0.0,0.0,-0.0,0.0,0.0,0.0,0.0,0.0,4.0,0.0,0.0
12091440,298.1490783691406,303.1499938964844,285.1499938964844,0.0,-0.0,287.4275817871094,0.0,0.0,2.196940386056667e-06,298.1229553222656,303.1499938964844,285.1499938964844,0.0,-0.0,287.42779541015625,0.0,0.0,2.31348553825228e-06,298.5536804199219,303.1499938964844,285.1499938964844,0.0,-0.0,287.4294738769531,0.0,0.0,1.708733520899841e-06,297.919921875,303.1499938964844,285.1499938964844,0.0,-0.0,287.4265441894531,0.0,0.0,2.3134837192628765e-06,298.17340087890625,303.1499938964844,285.1499938964844,0.0,-0.0,287.4272155761719,0.0,0.0,1.0974170436384156e-05,287.34197998046875,294.1499938964844,282.2474365234375,281.9440612792969,286.3928527832031,284.3072204589844,286.9122619628906,0.0,0.0,0.0,0.0,1.0,1.0,-2.34094804909546e-05,2.9279374064161694e-11,2.3409451387124136e-05,-5.356648762244731e-05,0.0,0.0,0.0,-0.0001318589056609,60.0,-0.0905682668089866,-0.0,-3.7362481164482375e-11,0.0,283.1644592285156,287.4449462890625,288.6285095214844,288.9419860839844,293.1499938964844,293.1499938964844,278.1499938964844,0.0,18000.0,313.1499938964844,0.0,18000.0,0.0,0.0,0.0,0.0,0.0,0.0,0.0,0.0,0.0,-0.0,0.0,0.0,-7.778098853284027e-21,-3.889049426642014e-21,-3.889049426642014e-21,0.0,0.0,-0.0,0.0,0.0,0.0,-0.0,0.0,0.0,0.0,0.0,0.0,4.0,0.0,0.0
12091500,298.1477966308594,303.1499938964844,285.1499938964844,0.0,-0.0,287.4276123046875,0.0,0.0,1.8565787058832937e-06,298.1205749511719,303.1499938964844,285.1499938964844,0.0,-0.0,287.4278259277344,0.0,0.0,1.955068000825122e-06,298.552001953125,303.1499938964844,285.1499938964844,0.0,-0.0,287.42950439453125,0.0,0.0,1.4440074664889837e-06,297.9185485839844,303.1499938964844,285.1499938964844,0.0,-0.0,287.42657470703125,0.0,0.0,1.9550666365830693e-06,298.1726989746094,303.1499938964844,285.1499938964844,0.0,-0.0,287.42724609375,0.0,0.0,9.27399469219381e-06,287.3420104980469,294.1499938964844,282.2331848144531,281.9307556152344,286.392822265625,284.3072814941406,286.9117431640625,0.0,0.0,0.0,0.0,1.0,1.0,-1.978279215109069e-05,2.4743261259341228e-11,1.9782768504228443e-05,-4.526773409452289e-05,0.0,0.0,0.0,-0.0001114307815441,60.0,-0.077631875872612,-0.0,-2.6682465265048805e-11,0.0,283.1644592285156,287.4449462890625,288.6285095214844,288.9419860839844,293.1499938964844,293.1499938964844,278.1499938964844,0.0,18000.0,313.1499938964844,0.0,18000.0,0.0,0.0,0.0,0.0,0.0,0.0,0.0,0.0,0.0,-0.0,0.0,0.0,-7.778098853284027e-21,-3.889049426642014e-21,-3.889049426642014e-21,0.0,0.0,-0.0,0.0,0.0,0.0,-0.0,0.0,0.0,0.0,0.0,0.0,4.0,0.0,0.0
12091560,298.1465148925781,303.1499938964844,285.1499938964844,0.0,-0.0,287.4276123046875,0.0,0.0,1.5283260381693251e-06,298.1181945800781,303.1499938964844,285.1499938964844,0.0,-0.0,287.4278259277344,0.0,0.0,1.6094019201773335e-06,298.5503234863281,303.1499938964844,285.1499938964844,0.0,-0.0,287.42950439453125,0.0,0.0,1.1886995707754977e-06,297.9172058105469,303.1499938964844,285.1499938964844,0.0,-0.0,287.42657470703125,0.0,0.0,1.6094007833089563e-06,298.1719970703125,303.1499938964844,285.1499938964844,0.0,-0.0,287.4272766113281,0.0,0.0,7.63430398365017e-06,287.342041015625,294.1499938964844,282.2192077636719,281.9174194335937,286.392822265625,284.3073425292969,286.9112548828125,0.0,0.0,0.0,0.0,1.0,1.0,-1.628513382456731e-05,2.0368564473960404e-11,1.628511381568387e-05,-3.726423165062442e-05,0.0,0.0,0.0,-9.172946738544852e-05,60.0,-0.0656512752175331,-0.0,-1.8081364530631028e-11,0.0,283.1644592285156,287.4449462890625,288.6285095214844,288.9419860839844,293.1499938964844,293.1499938964844,278.1499938964844,0.0,18000.0,313.1499938964844,0.0,18000.0,0.0,0.0,0.0,0.0,0.0,0.0,0.0,0.0,0.0,-0.0,0.0,0.0,-7.778098853284027e-21,-3.889049426642014e-21,-3.889049426642014e-21,0.0,0.0,-0.0,0.0,0.0,0.0,-0.0,0.0,0.0,0.0,0.0,0.0,4.0,0.0,0.0
12091620,298.1438293457031,303.1499938964844,285.1499938964844,0.0,-0.0,287.4276123046875,0.0,0.0,9.348224807581572e-07,298.1134033203125,303.1499938964844,285.1499938964844,0.0,-0.0,287.4278259277344,0.0,0.0,9.844137593972846e-07,298.5469665527344,303.1499938964844,285.1499938964844,0.0,-0.0,287.42950439453125,0.0,0.0,7.270850801432971e-07,297.9144897460937,303.1499938964844,285.1499938964844,0.0,-0.0,287.42657470703125,0.0,0.0,9.844130772762585e-07,298.1705627441406,303.1499938964844,285.1499938964844,0.0,-0.0,287.42724609375,0.0,0.0,4.66963138023857e-06,287.342041015625,294.1499938964844,282.1920166015625,281.8907165527344,286.392822265625,284.307373046875,286.9102783203125,0.0,0.0,0.0,0.0,1.0,1.0,-9.961058822227642e-06,1.2458775330848047e-11,9.96104699879652e-06,-2.279323962284252e-05,0.0,0.0,0.0,-5.610777589026839e-05,60.0,-0.0435244366526603,-0.0,-6.7648395565833574e-12,0.0,283.1644592285156,287.4449462890625,288.6285095214844,288.9419860839844,293.1499938964844,293.1499938964844,278.1499938964844,0.0,18000.0,313.1499938964844,0.0,18000.0,0.0,0.0,0.0,0.0,0.0,0.0,0.0,0.0,0.0,-0.0,0.0,0.0,-7.778098853284027e-21,-3.889049426642014e-21,-3.889049426642014e-21,0.0,0.0,-0.0,0.0,0.0,0.0,-0.0,0.0,0.0,0.0,0.0,0.0,4.0,0.0,0.0
12091680,298.1438293457031,303.1499938964844,285.1499938964844,0.0,-0.0,287.4276123046875,0.0,0.0,9.348224807581572e-07,298.1134033203125,303.1499938964844,285.1499938964844,0.0,-0.0,287.4278259277344,0.0,0.0,9.844137593972846e-07,298.5469665527344,303.1499938964844,285.1499938964844,0.0,-0.0,287.42950439453125,0.0,0.0,7.270850801432971e-07,297.9144897460937,303.1499938964844,285.1499938964844,0.0,-0.0,287.42657470703125,0.0,0.0,9.844130772762585e-07,298.1705627441406,303.1499938964844,285.1499938964844,0.0,-0.0,287.42724609375,0.0,0.0,4.66963138023857e-06,287.342041015625,294.1499938964844,282.1920166015625,281.8907165527344,286.392822265625,284.307373046875,286.9102783203125,0.0,0.0,0.0,0.0,1.0,1.0,-9.961058822227642e-06,1.2458775330848047e-11,9.96104699879652e-06,-2.279323962284252e-05,0.0,0.0,0.0,-5.610777589026839e-05,60.0,-0.0435244366526603,-0.0,-6.7648395565833574e-12,0.0,283.1644592285156,287.4449462890625,288.6285095214844,288.9419860839844,293.1499938964844,293.1499938964844,278.1499938964844,0.0,18000.0,313.1499938964844,0.0,18000.0,0.0,0.0,0.0,0.0,0.0,0.0,0.0,0.0,0.0,-0.0,0.0,0.0,-7.778098853284027e-21,-3.889049426642014e-21,-3.889049426642014e-21,0.0,0.0,-0.0,0.0,0.0,0.0,-0.0,0.0,0.0,0.0,0.0,0.0,4.0,0.0,0.0
12091740,298.1410827636719,303.1499938964844,285.1499938964844,0.0,-0.0,287.4275817871094,0.0,0.0,4.845624061999843e-07,298.10858154296875,303.1499938964844,285.1499938964844,0.0,-0.0,287.4278259277344,0.0,0.0,5.102679097035434e-07,298.5435791015625,303.1499938964844,285.1499938964844,0.0,-0.0,287.42950439453125,0.0,0.0,3.76882354657937e-07,297.91180419921875,303.1499938964844,285.1499938964844,0.0,-0.0,287.42657470703125,0.0,0.0,5.102675686430302e-07,298.1690979003906,303.1499938964844,285.1499938964844,0.0,-0.0,287.42724609375,0.0,0.0,2.4204894089052686e-06,287.3420104980469,294.1499938964844,282.1658630371094,281.86395263671875,286.3927917480469,284.307373046875,286.90936279296875,0.0,0.0,0.0,0.0,1.0,1.0,-5.163329205970513e-06,6.458022918515161e-12,5.1633228395076e-06,-1.1814880053861998e-05,0.0,0.0,0.0,-2.908354508690536e-05,60.0,-0.0256669744849205,-0.0,-1.8176015163448576e-12,0.0,283.1644592285156,287.4449462890625,288.6285095214844,288.9419860839844,293.1499938964844,293.1499938964844,278.1499938964844,0.0,18000.0,313.1499938964844,0.0,18000.0,0.0,0.0,0.0,0.0,0.0,0.0,0.0,0.0,0.0,-0.0,0.0,0.0,-7.778098853284027e-21,-3.889049426642014e-21,-3.889049426642014e-21,0.0,0.0,-0.0,0.0,0.0,0.0,-0.0,0.0,0.0,0.0,0.0,0.0,4.0,0.0,0.0
12091800,298.1410827636719,303.1499938964844,285.1499938964844,0.0,-0.0,287.4275817871094,0.0,0.0,4.845624061999843e-07,298.10858154296875,303.1499938964844,285.1499938964844,0.0,-0.0,287.4278259277344,0.0,0.0,5.102679097035434e-07,298.5435791015625,303.1499938964844,285.1499938964844,0.0,-0.0,287.42950439453125,0.0,0.0,3.76882354657937e-07,297.91180419921875,303.1499938964844,285.1499938964844,0.0,-0.0,287.42657470703125,0.0,0.0,5.102675686430302e-07,298.1690979003906,303.1499938964844,285.1499938964844,0.0,-0.0,287.42724609375,0.0,0.0,2.4204894089052686e-06,287.3420104980469,294.1499938964844,282.1658630371094,281.86395263671875,286.3927917480469,284.307373046875,286.90936279296875,0.0,0.0,0.0,0.0,1.0,1.0,-5.163329205970513e-06,6.458022918515161e-12,5.1633228395076e-06,-1.1814880053861998e-05,0.0,0.0,0.0,-2.908354508690536e-05,60.0,-0.0256669744849205,-0.0,-1.8176015163448576e-12,0.0,283.1644592285156,287.4449462890625,288.6285095214844,288.9419860839844,293.1499938964844,293.1499938964844,278.1499938964844,0.0,18000.0,313.1499938964844,0.0,18000.0,0.0,0.0,0.0,0.0,0.0,0.0,0.0,0.0,0.0,-0.0,0.0,0.0,-7.778098853284027e-21,-3.889049426642014e-21,-3.889049426642014e-21,0.0,0.0,-0.0,0.0,0.0,0.0,-0.0,0.0,0.0,0.0,0.0,0.0,4.0,0.0,0.0
12091860,298.1383056640625,303.1499938964844,285.1499938964844,0.0,-0.0,287.4275817871094,0.0,0.0,2.111227104251157e-07,298.103759765625,303.1499938964844,285.1499938964844,0.0,-0.0,287.42779541015625,0.0,0.0,2.223225266106965e-07,298.5401916503906,303.1499938964844,285.1499938964844,0.0,-0.0,287.4294738769531,0.0,0.0,1.642067530838176e-07,297.9090881347656,303.1499938964844,285.1499938964844,0.0,-0.0,287.4265441894531,0.0,0.0,2.2232237029129465e-07,298.1676330566406,303.1499938964844,285.1499938964844,0.0,-0.0,287.42724609375,0.0,0.0,1.0546015118961805e-06,287.3420104980469,294.1499938964844,282.14068603515625,281.8370666503906,286.3927917480469,284.307373046875,286.90850830078125,0.0,0.0,0.0,0.0,1.0,1.0,-2.249669023512979e-06,2.8137748207812678e-12,2.2496660676551983e-06,-5.147744559508283e-06,0.0,0.0,0.0,-1.2671735021285713e-05,60.0,-0.013208863325417,-0.0,-3.4503972487325013e-13,0.0,283.1644592285156,287.4449462890625,288.6285095214844,288.9419860839844,293.1499938964844,293.1499938964844,278.1499938964844,0.0,18000.0,313.1499938964844,0.0,18000.0,0.0,0.0,0.0,0.0,0.0,0.0,0.0,0.0,0.0,-0.0,0.0,0.0,-7.778098853284027e-21,-3.889049426642014e-21,-3.889049426642014e-21,0.0,0.0,-0.0,0.0,0.0,0.0,-0.0,0.0,0.0,0.0,0.0,0.0,4.0,0.0,0.0
12091920,298.1383056640625,303.1499938964844,285.1499938964844,0.0,-0.0,287.4275817871094,0.0,0.0,2.111227104251157e-07,298.103759765625,303.1499938964844,285.1499938964844,0.0,-0.0,287.42779541015625,0.0,0.0,2.223225266106965e-07,298.5401916503906,303.1499938964844,285.1499938964844,0.0,-0.0,287.4294738769531,0.0,0.0,1.642067530838176e-07,297.9090881347656,303.1499938964844,285.1499938964844,0.0,-0.0,287.4265441894531,0.0,0.0,2.2232237029129465e-07,298.1676330566406,303.1499938964844,285.1499938964844,0.0,-0.0,287.42724609375,0.0,0.0,1.0546015118961805e-06,287.3420104980469,294.1499938964844,282.14068603515625,281.8370666503906,286.3927917480469,284.307373046875,286.90850830078125,0.0,0.0,0.0,0.0,1.0,1.0,-2.249669023512979e-06,2.8137748207812678e-12,2.2496660676551983e-06,-5.147744559508283e-06,0.0,0.0,0.0,-1.2671735021285713e-05,60.0,-0.013208863325417,-0.0,-3.4503972487325013e-13,0.0,283.1644592285156,287.4449462890625,288.6285095214844,288.9419860839844,293.1499938964844,293.1499938964844,278.1499938964844,0.0,18000.0,313.1499938964844,0.0,18000.0,0.0,0.0,0.0,0.0,0.0,0.0,0.0,0.0,0.0,-0.0,0.0,0.0,-7.778098853284027e-21,-3.889049426642014e-21,-3.889049426642014e-21,0.0,0.0,-0.0,0.0,0.0,0.0,-0.0,0.0,0.0,0.0,0.0,0.0,4.0,0.0,0.0
12091980,298.1358337402344,303.1499938964844,285.1499938964844,0.0,-0.0,287.4275817871094,0.0,0.0,8.131843287628726e-08,298.0995483398437,303.1499938964844,285.1499938964844,0.0,-0.0,287.42779541015625,0.0,0.0,8.563227993363398e-08,298.5372009277344,303.1499938964844,285.1499938964844,0.0,-0.0,287.4294738769531,0.0,0.0,6.324774659560718e-08,297.9066772460937,303.1499938964844,285.1499938964844,0.0,-0.0,287.4265441894531,0.0,0.0,8.563222309021513e-08,298.16632080078125,303.1499938964844,285.1499938964844,0.0,-0.0,287.42724609375,0.0,0.0,4.062023606365983e-07,287.3420104980469,294.1499938964844,282.119384765625,281.8133544921875,286.3927917480469,284.307373046875,286.9078063964844,0.0,0.0,0.0,0.0,1.0,1.0,-8.665243171890324e-07,1.0837818273032318e-12,8.665232371640741e-07,-1.982790308829862e-06,0.0,0.0,0.0,-4.880872438661754e-06,60.0,-0.0064839487895369,-0.0,-5.1189067362070884e-14,0.0,283.1644592285156,287.4449462890625,288.6285095214844,288.9419860839844,293.1499938964844,293.1499938964844,278.1499938964844,0.0,18000.0,313.1499938964844,0.0,18000.0,0.0,0.0,0.0,0.0,0.0,0.0,0.0,0.0,0.0,-0.0,0.0,0.0,-7.778098853284027e-21,-3.889049426642014e-21,-3.889049426642014e-21,0.0,0.0,-0.0,0.0,0.0,0.0,-0.0,0.0,0.0,0.0,0.0,0.0,4.0,0.0,0.0
12092040,298.135498046875,303.1499938964844,285.1499938964844,0.0,-0.0,287.4275817871094,0.0,0.0,7.131410484362277e-08,298.0989685058594,303.1499938964844,285.1499938964844,0.0,-0.0,287.42779541015625,0.0,0.0,7.509723332077557e-08,298.53680419921875,303.1499938964844,285.1499938964844,0.0,-0.0,287.4294738769531,0.0,0.0,5.5466596649012e-08,297.9063415527344,303.1499938964844,285.1499938964844,0.0,-0.0,287.4265441894531,0.0,0.0,7.509718358278408e-08,298.1661376953125,303.1499938964844,285.1499938964844,0.0,-0.0,287.4272155761719,0.0,0.0,3.562286963187944e-07,287.34197998046875,294.1499938964844,282.1165466308594,281.8100891113281,286.3927917480469,284.307373046875,286.90771484375,0.0,0.0,0.0,0.0,1.0,1.0,-7.599130071866966e-07,9.50440355758364e-13,7.599120976919949e-07,-1.7388445030519506e-06,0.0,0.0,0.0,-4.280358552932739e-06,60.0,-0.0058231311850249,-0.0,-3.936860738665629e-14,0.0,283.1644592285156,287.4449462890625,288.6285095214844,288.9419860839844,293.1499938964844,293.1499938964844,278.1499938964844,0.0,18000.0,313.1499938964844,0.0,18000.0,0.0,0.0,0.0,0.0,0.0,0.0,0.0,0.0,0.0,-0.0,0.0,0.0,-7.778098853284027e-21,-3.889049426642014e-21,-3.889049426642014e-21,0.0,0.0,-0.0,0.0,0.0,0.0,-0.0,0.0,0.0,0.0,0.0,0.0,4.0,0.0,0.0
12092100,298.1340637207031,303.1499938964844,285.1499938964844,0.0,-0.0,287.4275817871094,0.0,0.0,3.4986754826604745e-08,298.0965576171875,303.1499938964844,285.1499938964844,0.0,-0.0,287.42779541015625,0.0,0.0,3.6842759953970023e-08,298.5350952148437,303.1499938964844,285.1499938964844,0.0,-0.0,287.4294738769531,0.0,0.0,2.7211953579353576e-08,297.9049377441406,303.1499938964844,285.1499938964844,0.0,-0.0,287.4265441894531,0.0,0.0,3.6842735084974265e-08,298.1653747558594,303.1499938964844,285.1499938964844,0.0,-0.0,287.4272155761719,0.0,0.0,1.747660576256749e-07,287.34197998046875,294.1499938964844,282.1048278808594,281.79656982421875,286.3927917480469,284.307373046875,286.9073181152344,0.0,0.0,0.0,0.0,1.0,1.0,-3.728236208644377e-07,4.6629036352594e-13,3.7282313769537723e-07,-8.530944910489779e-07,0.0,0.0,0.0,-2.1000014385208488e-06,60.0,-0.0035948699805885,-0.0,-9.475594950607983e-15,0.0,283.1644592285156,287.4449462890625,288.6285095214844,288.9419860839844,293.1499938964844,293.1499938964844,278.1499938964844,0.0,18000.0,313.1499938964844,0.0,18000.0,0.0,0.0,0.0,0.0,0.0,0.0,0.0,0.0,0.0,-0.0,0.0,0.0,-7.778098853284027e-21,-3.889049426642014e-21,-3.889049426642014e-21,0.0,0.0,-0.0,0.0,0.0,0.0,-0.0,0.0,0.0,0.0,0.0,0.0,4.0,0.0,0.0
12092160,298.1325378417969,303.1499938964844,285.1499938964844,0.0,-0.0,287.4275817871094,0.0,0.0,1.5895277982735934e-08,298.0942077636719,303.1499938964844,285.1499938964844,0.0,-0.0,287.42779541015625,0.0,0.0,1.6738503916258196e-08,298.53338623046875,303.1499938964844,285.1499938964844,0.0,-0.0,287.4294738769531,0.0,0.0,1.2363010171156933e-08,297.903564453125,303.1499938964844,285.1499938964844,0.0,-0.0,287.4265441894531,0.0,0.0,1.6738493258117163e-08,298.16461181640625,303.1499938964844,285.1499938964844,0.0,-0.0,287.4272155761719,0.0,0.0,7.940020196883779e-08,287.34197998046875,294.1499938964844,282.0933837890625,281.7829895019531,286.3927917480469,284.307373046875,286.9069519042969,0.0,0.0,0.0,0.0,1.0,1.0,-1.6938734859195392e-07,2.1184500009242826e-13,1.693871354291332e-07,-3.8758921050430217e-07,0.0,0.0,0.0,-9.54110873863101e-07,60.0,-0.0021780137903988,-0.0,-1.955849685428778e-15,0.0,283.1644592285156,287.4449462890625,288.6285095214844,288.9419860839844,293.1499938964844,293.1499938964844,278.1499938964844,0.0,18000.0,313.1499938964844,0.0,18000.0,0.0,0.0,0.0,0.0,0.0,0.0,0.0,0.0,0.0,-0.0,0.0,0.0,-7.778098853284027e-21,-3.889049426642014e-21,-3.889049426642014e-21,0.0,0.0,-0.0,0.0,0.0,0.0,-0.0,0.0,0.0,0.0,0.0,0.0,4.0,0.0,0.0
12092220,298.129150390625,303.1499938964844,285.1499938964844,0.0,-0.0,287.4275817871094,0.0,0.0,1.2635889001799683e-09,298.0897521972656,303.1499938964844,285.1499938964844,0.0,-0.0,287.42779541015625,0.0,0.0,1.3306208357377614e-09,298.5299377441406,303.1499938964844,285.1499938964844,0.0,-0.0,287.4294738769531,0.0,0.0,9.82792625059403e-10,297.9007263183594,303.1499938964844,285.1499938964844,0.0,-0.0,287.4265441894531,0.0,0.0,1.330619947559341e-09,298.1630859375,303.1499938964844,285.1499938964844,0.0,-0.0,287.4272155761719,0.0,0.0,6.311887901233604e-09,287.34197998046875,294.1499938964844,282.0711975097656,281.7557067871094,286.3927917480469,284.307373046875,286.9062194824219,0.0,0.0,0.0,0.0,1.0,1.0,-1.3463164805216364e-08,1.6826932913455855e-14,1.3463147929826393e-08,-3.0807267847876574e-08,0.0,0.0,0.0,-7.583003025501966e-08,60.0,-0.0005440642707981,-0.0,-1.2359782343604093e-17,0.0,283.1644592285156,287.4449462890625,288.6285095214844,288.9419860839844,293.1499938964844,293.1499938964844,278.1499938964844,0.0,18000.0,313.1499938964844,0.0,18000.0,0.0,0.0,0.0,0.0,0.0,0.0,0.0,0.0,0.0,-0.0,0.0,0.0,-7.778098853284027e-21,-3.889049426642014e-21,-3.889049426642014e-21,0.0,0.0,-0.0,0.0,0.0,0.0,-0.0,0.0,0.0,0.0,0.0,0.0,4.0,0.0,0.0
12092280,298.129150390625,303.1499938964844,285.1499938964844,0.0,-0.0,287.4275817871094,0.0,0.0,1.2635889001799683e-09,298.0897521972656,303.1499938964844,285.1499938964844,0.0,-0.0,287.42779541015625,0.0,0.0,1.3306208357377614e-09,298.5299377441406,303.1499938964844,285.1499938964844,0.0,-0.0,287.4294738769531,0.0,0.0,9.82792625059403e-10,297.9007263183594,303.1499938964844,285.1499938964844,0.0,-0.0,287.4265441894531,0.0,0.0,1.330619947559341e-09,298.1630859375,303.1499938964844,285.1499938964844,0.0,-0.0,287.4272155761719,0.0,0.0,6.311887901233604e-09,287.34197998046875,294.1499938964844,282.0711975097656,281.7557067871094,286.3927917480469,284.307373046875,286.9062194824219,0.0,0.0,0.0,0.0,1.0,1.0,-1.3463164805216364e-08,1.6826932913455855e-14,1.3463147929826393e-08,-3.0807267847876574e-08,0.0,0.0,0.0,-7.583003025501966e-08,60.0,-0.0005440642707981,-0.0,-1.2359782343604093e-17,0.0,283.1644592285156,287.4449462890625,288.6285095214844,288.9419860839844,293.1499938964844,293.1499938964844,278.1499938964844,0.0,18000.0,313.1499938964844,0.0,18000.0,0.0,0.0,0.0,0.0,0.0,0.0,0.0,0.0,0.0,-0.0,0.0,0.0,-7.778098853284027e-21,-3.889049426642014e-21,-3.889049426642014e-21,0.0,0.0,-0.0,0.0,0.0,0.0,-0.0,0.0,0.0,0.0,0.0,0.0,4.0,0.0,0.0
12092340,298.125244140625,303.1499938964844,285.1499938964844,0.0,-0.0,287.4275817871094,0.0,0.0,-2.2999928350753152e-10,298.0855407714844,303.1499938964844,285.1499938964844,0.0,-0.0,287.42779541015625,0.0,0.0,-2.422004818924961e-10,298.52642822265625,303.1499938964844,285.1499938964844,0.0,-0.0,287.4294738769531,0.0,0.0,-1.7888855674552668e-10,297.8978576660156,303.1499938964844,285.1499938964844,0.0,-0.0,287.4265441894531,0.0,0.0,-2.4220031535904235e-10,298.1614990234375,303.1499938964844,285.1499938964844,0.0,-0.0,287.4272155761719,0.0,0.0,-1.1488939799519924e-09,287.34197998046875,294.1499938964844,282.04998779296875,281.7282409667969,286.3927917480469,284.307373046875,286.9055480957031,0.0,0.0,0.0,0.0,1.0,1.0,2.4638129314524804e-09,-3.090796542993104e-15,-2.4638098228280114e-09,5.629836596909854e-09,0.0,0.0,0.0,1.3882527127861977e-08,60.0,-0.0001196794110001,-0.0,-4.0949834718379063e-19,0.0,283.1644592285156,287.4449462890625,288.6285095214844,288.9419860839844,293.1499938964844,293.1499938964844,278.1499938964844,0.0,18000.0,313.1499938964844,0.0,18000.0,0.0,0.0,0.0,0.0,0.0,0.0,0.0,0.0,0.0,-0.0,0.0,0.0,-7.778098853284027e-21,-3.889049426642014e-21,-3.889049426642014e-21,0.0,0.0,-0.0,0.0,0.0,0.0,-0.0,0.0,0.0,0.0,0.0,0.0,4.0,0.0,0.0
12092400,298.125244140625,303.1499938964844,285.1499938964844,0.0,-0.0,287.4275817871094,0.0,0.0,-2.2999928350753152e-10,298.0855407714844,303.1499938964844,285.1499938964844,0.0,-0.0,287.42779541015625,0.0,0.0,-2.422004818924961e-10,298.52642822265625,303.1499938964844,285.1499938964844,0.0,-0.0,287.4294738769531,0.0,0.0,-1.7888855674552668e-10,297.8978576660156,303.1499938964844,285.1499938964844,0.0,-0.0,287.4265441894531,0.0,0.0,-2.4220031535904235e-10,298.1614990234375,303.1499938964844,285.1499938964844,0.0,-0.0,287.4272155761719,0.0,0.0,-1.1488939799519924e-09,287.34197998046875,294.1499938964844,282.04998779296875,281.7282409667969,286.3927917480469,284.307373046875,286.9055480957031,0.0,0.0,0.0,0.0,1.0,1.0,2.4638129314524804e-09,-3.090796542993104e-15,-2.4638098228280114e-09,5.629836596909854e-09,0.0,0.0,0.0,1.3882527127861977e-08,60.0,-0.0001196794110001,-0.0,-4.0949834718379063e-19,0.0,283.1644592285156,287.4449462890625,288.6285095214844,288.9419860839844,293.1499938964844,293.1499938964844,278.1499938964844,0.0,18000.0,313.1499938964844,0.0,18000.0,0.0,0.0,0.0,0.0,0.0,0.0,0.0,0.0,0.0,-0.0,0.0,0.0,-7.778098853284027e-21,-3.889049426642014e-21,-3.889049426642014e-21,0.0,0.0,-0.0,0.0,0.0,0.0,-0.0,0.0,0.0,0.0,0.0,0.0,4.0,0.0,0.0
12092460,298.1210327148437,303.1499938964844,285.1499938964844,0.0,-0.0,287.4275817871094,0.0,0.0,2.4304707552103008e-11,298.0815124511719,303.1499938964844,285.1499938964844,0.0,-0.0,287.42779541015625,0.0,0.0,2.5594044245069725e-11,298.5229187011719,303.1499938964844,285.1499938964844,0.0,-0.0,287.4294738769531,0.0,0.0,1.890368417356569e-11,297.8949584960937,303.1499938964844,285.1499938964844,0.0,-0.0,287.4265441894531,0.0,0.0,2.559402516311149e-11,298.159912109375,303.1499938964844,285.1499938964844,0.0,-0.0,287.4272155761719,0.0,0.0,1.2140703720131538e-10,287.34197998046875,294.1499938964844,282.0292358398437,281.7006530761719,286.3927917480469,284.307373046875,286.9049377441406,0.0,0.0,0.0,0.0,1.0,1.0,-2.660445752589169e-10,3.189132780065032e-16,2.6604426994758507e-10,-6.04495620226686e-10,0.0,0.0,0.0,-1.4988472685217855e-09,60.0,-2.895289071602747e-05,-0.0,-4.572776403021746e-21,0.0,283.1644592285156,287.4449462890625,288.6285095214844,288.9419860839844,293.1499938964844,293.1499938964844,278.1499938964844,0.0,18000.0,313.1499938964844,0.0,18000.0,0.0,0.0,0.0,0.0,0.0,0.0,0.0,0.0,0.0,-0.0,0.0,0.0,-7.778098853284027e-21,-3.889049426642014e-21,-3.889049426642014e-21,0.0,0.0,-0.0,0.0,0.0,0.0,-0.0,0.0,0.0,0.0,0.0,0.0,4.0,0.0,0.0
12092520,298.1210327148437,303.1499938964844,285.1499938964844,0.0,-0.0,287.4275817871094,0.0,0.0,2.4304707552103008e-11,298.0815124511719,303.1499938964844,285.1499938964844,0.0,-0.0,287.42779541015625,0.0,0.0,2.5594044245069725e-11,298.5229187011719,303.1499938964844,285.1499938964844,0.0,-0.0,287.4294738769531,0.0,0.0,1.890368417356569e-11,297.8949584960937,303.1499938964844,285.1499938964844,0.0,-0.0,287.4265441894531,0.0,0.0,2.559402516311149e-11,298.159912109375,303.1499938964844,285.1499938964844,0.0,-0.0,287.4272155761719,0.0,0.0,1.2140703720131538e-10,287.34197998046875,294.1499938964844,282.0292358398437,281.7006530761719,286.3927917480469,284.307373046875,286.9049377441406,0.0,0.0,0.0,0.0,1.0,1.0,-2.660445752589169e-10,3.189132780065032e-16,2.6604426994758507e-10,-6.04495620226686e-10,0.0,0.0,0.0,-1.4988472685217855e-09,60.0,-2.895289071602747e-05,-0.0,-4.572776403021746e-21,0.0,283.1644592285156,287.4449462890625,288.6285095214844,288.9419860839844,293.1499938964844,293.1499938964844,278.1499938964844,0.0,18000.0,313.1499938964844,0.0,18000.0,0.0,0.0,0.0,0.0,0.0,0.0,0.0,0.0,0.0,-0.0,0.0,0.0,-7.778098853284027e-21,-3.889049426642014e-21,-3.889049426642014e-21,0.0,0.0,-0.0,0.0,0.0,0.0,-0.0,0.0,0.0,0.0,0.0,0.0,4.0,0.0,0.0
12092580,298.1166076660156,303.1499938964844,285.1499938964844,0.0,-0.0,287.4275817871094,0.0,0.0,-5.116780263381138e-12,298.0775451660156,303.1499938964844,285.1499938964844,0.0,-0.0,287.42779541015625,0.0,0.0,-5.3882198182420016e-12,298.51934814453125,303.1499938964844,285.1499938964844,0.0,-0.0,287.4294738769531,0.0,0.0,-3.979723234986965e-12,297.8919982910156,303.1499938964844,285.1499938964844,0.0,-0.0,287.4265441894531,0.0,0.0,-5.388215915114181e-12,298.1582946777344,303.1499938964844,285.1499938964844,0.0,-0.0,287.4272155761719,0.0,0.0,-2.5559375796402328e-11,287.34197998046875,294.1499938964844,282.0083923339844,281.6729431152344,286.3927917480469,284.307373046875,286.9043273925781,0.0,0.0,0.0,0.0,1.0,1.0,5.6781947199713294e-11,-8.262950660764529e-17,-5.678186393298645e-11,1.2834126816851918e-10,0.0,0.0,0.0,3.2014213502407074e-10,60.0,-8.890392564353533e-06,-0.0,-2.0267154368383882e-22,0.0,283.1644592285156,287.4449462890625,288.6285095214844,288.9419860839844,293.1499938964844,293.1499938964844,278.1499938964844,0.0,18000.0,313.1499938964844,0.0,18000.0,0.0,0.0,0.0,0.0,0.0,0.0,0.0,0.0,0.0,-0.0,0.0,0.0,-7.778098853284027e-21,-3.889049426642014e-21,-3.889049426642014e-21,0.0,0.0,-0.0,0.0,0.0,0.0,-0.0,0.0,0.0,0.0,0.0,0.0,4.0,0.0,0.0
12092640,298.1166076660156,303.1499938964844,285.1499938964844,0.0,-0.0,287.4275817871094,0.0,0.0,-5.116780263381138e-12,298.0775451660156,303.1499938964844,285.1499938964844,0.0,-0.0,287.42779541015625,0.0,0.0,-5.3882198182420016e-12,298.51934814453125,303.1499938964844,285.1499938964844,0.0,-0.0,287.4294738769531,0.0,0.0,-3.979723234986965e-12,297.8919982910156,303.1499938964844,285.1499938964844,0.0,-0.0,287.4265441894531,0.0,0.0,-5.388215915114181e-12,298.1582946777344,303.1499938964844,285.1499938964844,0.0,-0.0,287.4272155761719,0.0,0.0,-2.5559375796402328e-11,287.34197998046875,294.1499938964844,282.0083923339844,281.6729431152344,286.3927917480469,284.307373046875,286.9043273925781,0.0,0.0,0.0,0.0,1.0,1.0,5.6781947199713294e-11,-8.262950660764529e-17,-5.678186393298645e-11,1.2834126816851918e-10,0.0,0.0,0.0,3.2014213502407074e-10,60.0,-8.890392564353533e-06,-0.0,-2.0267154368383882e-22,0.0,283.1644592285156,287.4449462890625,288.6285095214844,288.9419860839844,293.1499938964844,293.1499938964844,278.1499938964844,0.0,18000.0,313.1499938964844,0.0,18000.0,0.0,0.0,0.0,0.0,0.0,0.0,0.0,0.0,0.0,-0.0,0.0,0.0,-7.778098853284027e-21,-3.889049426642014e-21,-3.889049426642014e-21,0.0,0.0,-0.0,0.0,0.0,0.0,-0.0,0.0,0.0,0.0,0.0,0.0,4.0,0.0,0.0
12092700,298.1143493652344,303.1499938964844,285.1499938964844,0.0,-0.0,287.4275817871094,0.0,0.0,0.0,298.0755920410156,303.1499938964844,285.1499938964844,0.0,-0.0,287.42779541015625,0.0,0.0,0.0,298.517578125,303.1499938964844,285.1499938964844,0.0,-0.0,287.4294738769531,0.0,0.0,0.0,297.8905029296875,303.1499938964844,285.1499938964844,0.0,-0.0,287.4265441894531,0.0,0.0,0.0,298.1574401855469,303.1499938964844,285.1499938964844,0.0,-0.0,287.4272155761719,0.0,0.0,0.0,287.34197998046875,294.1499938964844,281.9979553222656,281.6590576171875,286.3927917480469,284.307373046875,286.904052734375,0.0,0.0,0.0,0.0,1.0,1.0,-5.260428052357435e-13,-1.1747121096749342e-17,5.26054568829315e-13,-7.01833393918633e-13,0.0,0.0,0.0,0.0,60.0,-5.810111360915471e-06,-0.0,-0.0,0.0,283.1644592285156,287.4449462890625,288.6285095214844,288.9419860839844,293.1499938964844,293.1499938964844,278.1499938964844,0.0,18000.0,313.1499938964844,0.0,18000.0,0.0,0.0,0.0,0.0,0.0,0.0,0.0,0.0,0.0,-0.0,0.0,0.0,-7.778098853284027e-21,-3.889049426642014e-21,-3.889049426642014e-21,0.0,0.0,-0.0,0.0,0.0,0.0,-0.0,0.0,0.0,0.0,0.0,0.0,4.0,0.0,0.0
12092760,298.112060546875,303.1499938964844,285.1499938964844,0.0,-0.0,287.4275817871094,0.0,0.0,0.0,298.0736694335937,303.1499938964844,285.1499938964844,0.0,-0.0,287.42779541015625,0.0,0.0,0.0,298.5157775878906,303.1499938964844,285.1499938964844,0.0,-0.0,287.4294738769531,0.0,0.0,0.0,297.8890075683594,303.1499938964844,285.1499938964844,0.0,-0.0,287.4265441894531,0.0,0.0,0.0,298.1566162109375,303.1499938964844,285.1499938964844,0.0,-0.0,287.4272155761719,0.0,0.0,0.0,287.34197998046875,294.1499938964844,281.98748779296875,281.6451416015625,286.3927917480469,284.307373046875,286.9037780761719,0.0,0.0,0.0,0.0,1.0,1.0,-5.260428052357435e-13,-1.1747121096749342e-17,5.26054568829315e-13,-7.01833393918633e-13,0.0,0.0,0.0,0.0,60.0,-4.281265319150407e-06,-0.0,-0.0,0.0,283.1644592285156,287.4449462890625,288.6285095214844,288.9419860839844,293.1499938964844,293.1499938964844,278.1499938964844,0.0,18000.0,313.1499938964844,0.0,18000.0,0.0,0.0,0.0,0.0,0.0,0.0,0.0,0.0,0.0,-0.0,0.0,0.0,-7.778098853284027e-21,-3.889049426642014e-21,-3.889049426642014e-21,0.0,0.0,-0.0,0.0,0.0,0.0,-0.0,0.0,0.0,0.0,0.0,0.0,4.0,0.0,0.0
12092820,298.10748291015625,303.1499938964844,285.1499938964844,0.0,-0.0,287.4275817871094,0.0,0.0,0.0,298.06982421875,303.1499938964844,285.1499938964844,0.0,-0.0,287.42779541015625,0.0,0.0,0.0,298.5121765136719,303.1499938964844,285.1499938964844,0.0,-0.0,287.4294738769531,0.0,0.0,0.0,297.885986328125,303.1499938964844,285.1499938964844,0.0,-0.0,287.4265441894531,0.0,0.0,0.0,298.1549377441406,303.1499938964844,285.1499938964844,0.0,-0.0,287.4272155761719,0.0,0.0,0.0,287.34197998046875,294.1499938964844,281.966552734375,281.61724853515625,286.3927917480469,284.307373046875,286.9032897949219,0.0,0.0,0.0,0.0,1.0,1.0,-5.260428052357435e-13,-1.1747121096749342e-17,5.26054568829315e-13,-7.01833393918633e-13,0.0,0.0,0.0,0.0,60.0,-2.9634186375915306e-06,-0.0,-0.0,0.0,283.1644592285156,287.4449462890625,288.6285095214844,288.9419860839844,293.1499938964844,293.1499938964844,278.1499938964844,0.0,18000.0,313.1499938964844,0.0,18000.0,0.0,0.0,0.0,0.0,0.0,0.0,0.0,0.0,0.0,-0.0,0.0,0.0,-7.778098853284027e-21,-3.889049426642014e-21,-3.889049426642014e-21,0.0,0.0,-0.0,0.0,0.0,0.0,-0.0,0.0,0.0,0.0,0.0,0.0,4.0,0.0,0.0
12092880,298.10748291015625,303.1499938964844,285.1499938964844,0.0,-0.0,287.4275817871094,0.0,0.0,0.0,298.06982421875,303.1499938964844,285.1499938964844,0.0,-0.0,287.42779541015625,0.0,0.0,0.0,298.5121765136719,303.1499938964844,285.1499938964844,0.0,-0.0,287.4294738769531,0.0,0.0,0.0,297.885986328125,303.1499938964844,285.1499938964844,0.0,-0.0,287.4265441894531,0.0,0.0,0.0,298.1549377441406,303.1499938964844,285.1499938964844,0.0,-0.0,287.4272155761719,0.0,0.0,0.0,287.34197998046875,294.1499938964844,281.966552734375,281.61724853515625,286.3927917480469,284.307373046875,286.9032897949219,0.0,0.0,0.0,0.0,1.0,1.0,-5.260428052357435e-13,-1.1747121096749342e-17,5.26054568829315e-13,-7.01833393918633e-13,0.0,0.0,0.0,0.0,60.0,-2.9634186375915306e-06,-0.0,-0.0,0.0,283.1644592285156,287.4449462890625,288.6285095214844,288.9419860839844,293.1499938964844,293.1499938964844,278.1499938964844,0.0,18000.0,313.1499938964844,0.0,18000.0,0.0,0.0,0.0,0.0,0.0,0.0,0.0,0.0,0.0,-0.0,0.0,0.0,-7.778098853284027e-21,-3.889049426642014e-21,-3.889049426642014e-21,0.0,0.0,-0.0,0.0,0.0,0.0,-0.0,0.0,0.0,0.0,0.0,0.0,4.0,0.0,0.0
12092940,298.10284423828125,303.1499938964844,285.1499938964844,0.0,-0.0,287.4275817871094,0.0,0.0,0.0,298.0660095214844,303.1499938964844,285.1499938964844,0.0,-0.0,287.42779541015625,0.0,0.0,0.0,298.508544921875,303.1499938964844,285.1499938964844,0.0,-0.0,287.4294738769531,0.0,0.0,0.0,297.8829650878906,303.1499938964844,285.1499938964844,0.0,-0.0,287.4265441894531,0.0,0.0,0.0,298.1531982421875,303.1499938964844,285.1499938964844,0.0,-0.0,287.4272155761719,0.0,0.0,0.0,287.34197998046875,294.1499938964844,281.945556640625,281.5893249511719,286.3927917480469,284.307373046875,286.9028015136719,0.0,0.0,0.0,0.0,1.0,1.0,-5.260428052357435e-13,-1.1747121096749342e-17,5.26054568829315e-13,-7.01833393918633e-13,0.0,0.0,0.0,0.0,60.0,-2.533108272473328e-06,-0.0,-0.0,0.0,283.1644592285156,287.4449462890625,288.6285095214844,288.9419860839844,293.1499938964844,293.1499938964844,278.1499938964844,0.0,18000.0,313.1499938964844,0.0,18000.0,0.0,0.0,0.0,0.0,0.0,0.0,0.0,0.0,0.0,-0.0,0.0,0.0,-7.778098853284027e-21,-3.889049426642014e-21,-3.889049426642014e-21,0.0,0.0,-0.0,0.0,0.0,0.0,-0.0,0.0,0.0,0.0,0.0,0.0,4.0,0.0,0.0
12093000,298.10284423828125,303.1499938964844,285.1499938964844,0.0,-0.0,287.4275817871094,0.0,0.0,0.0,298.0660095214844,303.1499938964844,285.1499938964844,0.0,-0.0,287.42779541015625,0.0,0.0,0.0,298.508544921875,303.1499938964844,285.1499938964844,0.0,-0.0,287.4294738769531,0.0,0.0,0.0,297.8829650878906,303.1499938964844,285.1499938964844,0.0,-0.0,287.4265441894531,0.0,0.0,0.0,298.1531982421875,303.1499938964844,285.1499938964844,0.0,-0.0,287.4272155761719,0.0,0.0,0.0,287.34197998046875,294.1499938964844,281.945556640625,281.5893249511719,286.3927917480469,284.307373046875,286.9028015136719,0.0,0.0,0.0,0.0,1.0,1.0,-5.260428052357435e-13,-1.1747121096749342e-17,5.26054568829315e-13,-7.01833393918633e-13,0.0,0.0,0.0,0.0,60.0,-2.533108272473328e-06,-0.0,-0.0,0.0,283.1644592285156,287.4449462890625,288.6285095214844,288.9419860839844,293.1499938964844,293.1499938964844,278.1499938964844,0.0,18000.0,313.1499938964844,0.0,18000.0,0.0,0.0,0.0,0.0,0.0,0.0,0.0,0.0,0.0,-0.0,0.0,0.0,-7.778098853284027e-21,-3.889049426642014e-21,-3.889049426642014e-21,0.0,0.0,-0.0,0.0,0.0,0.0,-0.0,0.0,0.0,0.0,0.0,0.0,4.0,0.0,0.0
12093060,298.0982360839844,303.1499938964844,285.1499938964844,0.0,-0.0,287.4275817871094,0.0,0.0,0.0,298.0622253417969,303.1499938964844,285.1499938964844,0.0,-0.0,287.42779541015625,0.0,0.0,0.0,298.5049133300781,303.1499938964844,285.1499938964844,0.0,-0.0,287.4294738769531,0.0,0.0,0.0,297.87994384765625,303.1499938964844,285.1499938964844,0.0,-0.0,287.4265441894531,0.0,0.0,0.0,298.1514587402344,303.1499938964844,285.1499938964844,0.0,-0.0,287.4272155761719,0.0,0.0,0.0,287.34197998046875,294.1499938964844,281.924560546875,281.5613098144531,286.3927917480469,284.307373046875,286.90234375,0.0,0.0,0.0,0.0,1.0,1.0,-5.260428052357435e-13,-1.1747121096749342e-17,5.26054568829315e-13,-7.01833393918633e-13,0.0,0.0,0.0,0.0,60.0,-2.3035731828713324e-06,-0.0,-0.0,0.0,283.1644592285156,287.4449462890625,288.6285095214844,288.9419860839844,293.1499938964844,293.1499938964844,278.1499938964844,0.0,18000.0,313.1499938964844,0.0,18000.0,0.0,0.0,0.0,0.0,0.0,0.0,0.0,0.0,0.0,-0.0,0.0,0.0,-7.778098853284027e-21,-3.889049426642014e-21,-3.889049426642014e-21,0.0,0.0,-0.0,0.0,0.0,0.0,-0.0,0.0,0.0,0.0,0.0,0.0,4.0,0.0,0.0
12093120,298.0982360839844,303.1499938964844,285.1499938964844,0.0,-0.0,287.4275817871094,0.0,0.0,0.0,298.0622253417969,303.1499938964844,285.1499938964844,0.0,-0.0,287.42779541015625,0.0,0.0,0.0,298.5049133300781,303.1499938964844,285.1499938964844,0.0,-0.0,287.4294738769531,0.0,0.0,0.0,297.87994384765625,303.1499938964844,285.1499938964844,0.0,-0.0,287.4265441894531,0.0,0.0,0.0,298.1514587402344,303.1499938964844,285.1499938964844,0.0,-0.0,287.4272155761719,0.0,0.0,0.0,287.34197998046875,294.1499938964844,281.924560546875,281.5613098144531,286.3927917480469,284.307373046875,286.90234375,0.0,0.0,0.0,0.0,1.0,1.0,-5.260428052357435e-13,-1.1747121096749342e-17,5.26054568829315e-13,-7.01833393918633e-13,0.0,0.0,0.0,0.0,60.0,-2.3035731828713324e-06,-0.0,-0.0,0.0,283.1644592285156,287.4449462890625,288.6285095214844,288.9419860839844,293.1499938964844,293.1499938964844,278.1499938964844,0.0,18000.0,313.1499938964844,0.0,18000.0,0.0,0.0,0.0,0.0,0.0,0.0,0.0,0.0,0.0,-0.0,0.0,0.0,-7.778098853284027e-21,-3.889049426642014e-21,-3.889049426642014e-21,0.0,0.0,-0.0,0.0,0.0,0.0,-0.0,0.0,0.0,0.0,0.0,0.0,4.0,0.0,0.0
12093180,298.0938415527344,303.1499938964844,285.1499938964844,0.0,-0.0,287.4275817871094,0.0,0.0,0.0,298.05865478515625,303.1499938964844,285.1499938964844,0.0,-0.0,287.42779541015625,0.0,0.0,0.0,298.5014343261719,303.1499938964844,285.1499938964844,0.0,-0.0,287.4294738769531,0.0,0.0,0.0,297.87701416015625,303.1499938964844,285.1499938964844,0.0,-0.0,287.4265441894531,0.0,0.0,0.0,298.1497802734375,303.1499938964844,285.1499938964844,0.0,-0.0,287.4272155761719,0.0,0.0,0.0,287.34197998046875,294.1499938964844,281.9043884277344,281.5343933105469,286.3927917480469,284.307373046875,286.9019470214844,0.0,0.0,0.0,0.0,1.0,1.0,-5.260428052357435e-13,-1.1747121096749342e-17,5.26054568829315e-13,-7.01833393918633e-13,0.0,0.0,0.0,0.0,60.0,-2.1344501419662265e-06,-0.0,-0.0,0.0,283.1644592285156,287.4449462890625,288.6285095214844,288.9419860839844,293.1499938964844,293.1499938964844,278.1499938964844,0.0,18000.0,313.1499938964844,0.0,18000.0,0.0,0.0,0.0,0.0,0.0,0.0,0.0,0.0,0.0,-0.0,0.0,0.0,-7.778098853284027e-21,-3.889049426642014e-21,-3.889049426642014e-21,0.0,0.0,-0.0,0.0,0.0,0.0,-0.0,0.0,0.0,0.0,0.0,0.0,4.0,0.0,0.0
12093240,298.0936584472656,303.1499938964844,285.1499938964844,0.0,-0.0,287.4275817871094,0.0,0.0,0.0,298.0585021972656,303.1499938964844,285.1499938964844,0.0,-0.0,287.42779541015625,0.0,0.0,0.0,298.50128173828125,303.1499938964844,285.1499938964844,0.0,-0.0,287.4294738769531,0.0,0.0,0.0,297.8768920898437,303.1499938964844,285.1499938964844,0.0,-0.0,287.4265441894531,0.0,0.0,0.0,298.1496887207031,303.1499938964844,285.1499938964844,0.0,-0.0,287.4272155761719,0.0,0.0,0.0,287.34197998046875,294.1499938964844,281.9035339355469,281.53326416015625,286.3927917480469,284.307373046875,286.9019470214844,0.0,0.0,0.0,0.0,1.0,1.0,-5.260428052357435e-13,-1.1747121096749342e-17,5.26054568829315e-13,-7.01833393918633e-13,0.0,0.0,0.0,0.0,60.0,-2.1278237909427844e-06,-0.0,-0.0,0.0,283.1644592285156,287.4449462890625,288.6285095214844,288.9419860839844,293.1499938964844,293.1499938964844,278.1499938964844,0.0,18000.0,313.1499938964844,0.0,18000.0,0.0,0.0,0.0,0.0,0.0,0.0,0.0,0.0,0.0,-0.0,0.0,0.0,-7.778098853284027e-21,-3.889049426642014e-21,-3.889049426642014e-21,0.0,0.0,-0.0,0.0,0.0,0.0,-0.0,0.0,0.0,0.0,0.0,0.0,4.0,0.0,0.0
12093300,298.0914001464844,303.1499938964844,285.1499938964844,0.0,-0.0,287.4275817871094,0.0,0.0,0.0,298.056640625,303.1499938964844,285.1499938964844,0.0,-0.0,287.42779541015625,0.0,0.0,0.0,298.4994812011719,303.1499938964844,285.1499938964844,0.0,-0.0,287.4294738769531,0.0,0.0,0.0,297.8753662109375,303.1499938964844,285.1499938964844,0.0,-0.0,287.4265441894531,0.0,0.0,0.0,298.1488037109375,303.1499938964844,285.1499938964844,0.0,-0.0,287.4272155761719,0.0,0.0,0.0,287.34197998046875,294.1499938964844,281.8930358886719,281.51922607421875,286.3927917480469,284.307373046875,286.9017333984375,0.0,0.0,0.0,0.0,1.0,1.0,-5.260428052357435e-13,-1.1747121096749342e-17,5.26054568829315e-13,-7.01833393918633e-13,0.0,0.0,0.0,0.0,60.0,-2.048351689154515e-06,-0.0,-0.0,0.0,283.1644592285156,287.4449462890625,288.6285095214844,288.9419860839844,293.1499938964844,293.1499938964844,278.1499938964844,0.0,18000.0,313.1499938964844,0.0,18000.0,0.0,0.0,0.0,0.0,0.0,0.0,0.0,0.0,0.0,-0.0,0.0,0.0,-7.778098853284027e-21,-3.889049426642014e-21,-3.889049426642014e-21,0.0,0.0,-0.0,0.0,0.0,0.0,-0.0,0.0,0.0,0.0,0.0,0.0,4.0,0.0,0.0
12093360,298.0891418457031,303.1499938964844,285.1499938964844,0.0,-0.0,287.4275817871094,0.0,0.0,2.558390240110786e-13,298.0547790527344,303.1499938964844,285.1499938964844,0.0,-0.0,287.42779541015625,0.0,0.0,2.694109854910892e-13,298.4976501464844,303.1499938964844,285.1499938964844,0.0,-0.0,287.4294738769531,0.0,0.0,1.9898615903884281e-13,297.8738708496094,303.1499938964844,285.1499938964844,0.0,-0.0,287.4265441894531,0.0,0.0,2.694107957557092e-13,298.1478881835937,303.1499938964844,285.1499938964844,0.0,-0.0,287.4272155761719,0.0,0.0,1.277968724767986e-12,287.34197998046875,294.1499938964844,281.8825378417969,281.50518798828125,286.3927917480469,284.307373046875,286.90155029296875,0.0,0.0,0.0,0.0,1.0,1.0,2.1851205740663904e-12,-1.3788440721130154e-17,-2.1851066962785826e-12,1.953670732135482e-12,0.0,0.0,0.0,1.4551915228366852e-11,60.0,-1.973570533664315e-06,-0.0,-5.066788513209878e-25,0.0,283.1644592285156,287.4449462890625,288.6285095214844,288.9419860839844,293.1499938964844,293.1499938964844,278.1499938964844,0.0,18000.0,313.1499938964844,0.0,18000.0,0.0,0.0,0.0,0.0,0.0,0.0,0.0,0.0,0.0,-0.0,0.0,0.0,-7.778098853284027e-21,-3.889049426642014e-21,-3.889049426642014e-21,0.0,0.0,-0.0,0.0,0.0,0.0,-0.0,0.0,0.0,0.0,0.0,0.0,4.0,0.0,0.0
12093420,298.08465576171875,303.1499938964844,285.1499938964844,0.0,-0.0,287.4275817871094,0.0,0.0,0.0,298.05108642578125,303.1499938964844,285.1499938964844,0.0,-0.0,287.42779541015625,0.0,0.0,0.0,298.4940185546875,303.1499938964844,285.1499938964844,0.0,-0.0,287.4294738769531,0.0,0.0,0.0,297.8708190917969,303.1499938964844,285.1499938964844,0.0,-0.0,287.4265441894531,0.0,0.0,0.0,298.1460876464844,303.1499938964844,285.1499938964844,0.0,-0.0,287.4272155761719,0.0,0.0,0.0,287.34197998046875,294.1499938964844,281.8615417480469,281.4770812988281,286.3927917480469,284.307373046875,286.90118408203125,0.0,0.0,0.0,0.0,1.0,1.0,-5.260428052357435e-13,-1.1747121096749342e-17,5.26054568829315e-13,-7.01833393918633e-13,0.0,0.0,0.0,0.0,60.0,-1.8316594605494168e-06,-0.0,-0.0,0.0,283.1644592285156,287.4449462890625,288.6285095214844,288.9419860839844,293.1499938964844,293.1499938964844,278.1499938964844,0.0,18000.0,313.1499938964844,0.0,18000.0,0.0,0.0,0.0,0.0,0.0,0.0,0.0,0.0,0.0,-0.0,0.0,0.0,-7.778098853284027e-21,-3.889049426642014e-21,-3.889049426642014e-21,0.0,0.0,-0.0,0.0,0.0,0.0,-0.0,0.0,0.0,0.0,0.0,0.0,4.0,0.0,0.0
12093480,298.08465576171875,303.1499938964844,285.1499938964844,0.0,-0.0,287.4275817871094,0.0,0.0,0.0,298.05108642578125,303.1499938964844,285.1499938964844,0.0,-0.0,287.42779541015625,0.0,0.0,0.0,298.4940185546875,303.1499938964844,285.1499938964844,0.0,-0.0,287.4294738769531,0.0,0.0,0.0,297.8708190917969,303.1499938964844,285.1499938964844,0.0,-0.0,287.4265441894531,0.0,0.0,0.0,298.1460876464844,303.1499938964844,285.1499938964844,0.0,-0.0,287.4272155761719,0.0,0.0,0.0,287.34197998046875,294.1499938964844,281.8615417480469,281.4770812988281,286.3927917480469,284.307373046875,286.90118408203125,0.0,0.0,0.0,0.0,1.0,1.0,-5.260428052357435e-13,-1.1747121096749342e-17,5.26054568829315e-13,-7.01833393918633e-13,0.0,0.0,0.0,0.0,60.0,-1.8316594605494168e-06,-0.0,-0.0,0.0,283.1644592285156,287.4449462890625,288.6285095214844,288.9419860839844,293.1499938964844,293.1499938964844,278.1499938964844,0.0,18000.0,313.1499938964844,0.0,18000.0,0.0,0.0,0.0,0.0,0.0,0.0,0.0,0.0,0.0,-0.0,0.0,0.0,-7.778098853284027e-21,-3.889049426642014e-21,-3.889049426642014e-21,0.0,0.0,-0.0,0.0,0.0,0.0,-0.0,0.0,0.0,0.0,0.0,0.0,4.0,0.0,0.0
12093540,298.0802307128906,303.1499938964844,285.1499938964844,0.0,-0.0,287.4275817871094,0.0,0.0,0.0,298.04742431640625,303.1499938964844,285.1499938964844,0.0,-0.0,287.42779541015625,0.0,0.0,0.0,298.4903564453125,303.1499938964844,285.1499938964844,0.0,-0.0,287.4294738769531,0.0,0.0,0.0,297.8677978515625,303.1499938964844,285.1499938964844,0.0,-0.0,287.4265441894531,0.0,0.0,0.0,298.1442565917969,303.1499938964844,285.1499938964844,0.0,-0.0,287.4272155761719,0.0,0.0,0.0,287.34197998046875,294.1499938964844,281.8406066894531,281.4489440917969,286.3927917480469,284.307373046875,286.9008483886719,0.0,0.0,0.0,0.0,1.0,1.0,-5.260428052357435e-13,-1.1747121096749342e-17,5.26054568829315e-13,-7.01833393918633e-13,0.0,0.0,0.0,0.0,60.0,-1.7001776768665875e-06,-0.0,-0.0,0.0,283.1644592285156,287.4449462890625,288.6285095214844,288.9419860839844,293.1499938964844,293.1499938964844,278.1499938964844,0.0,18000.0,313.1499938964844,0.0,18000.0,0.0,0.0,0.0,0.0,0.0,0.0,0.0,0.0,0.0,-0.0,0.0,0.0,-7.778098853284027e-21,-3.889049426642014e-21,-3.889049426642014e-21,0.0,0.0,-0.0,0.0,0.0,0.0,-0.0,0.0,0.0,0.0,0.0,0.0,4.0,0.0,0.0
12093600,298.0802307128906,303.1499938964844,285.1499938964844,0.0,-0.0,287.4275817871094,0.0,0.0,0.0,298.04742431640625,303.1499938964844,285.1499938964844,0.0,-0.0,287.42779541015625,0.0,0.0,0.0,298.4903564453125,303.1499938964844,285.1499938964844,0.0,-0.0,287.4294738769531,0.0,0.0,0.0,297.8677978515625,303.1499938964844,285.1499938964844,0.0,-0.0,287.4265441894531,0.0,0.0,0.0,298.1442565917969,303.1499938964844,285.1499938964844,0.0,-0.0,287.4272155761719,0.0,0.0,0.0,287.34197998046875,294.1499938964844,281.8406066894531,281.4489440917969,286.3927917480469,284.307373046875,286.9008483886719,0.0,0.0,0.0,0.0,1.0,1.0,-5.260428052357435e-13,-1.1747121096749342e-17,5.26054568829315e-13,-7.01833393918633e-13,0.0,0.0,0.0,0.0,60.0,-1.7001776768665875e-06,-0.0,-0.0,0.0,283.1644592285156,287.4449462890625,288.6285095214844,288.9419860839844,293.1499938964844,293.1499938964844,278.1499938964844,0.0,18000.0,313.1499938964844,0.0,18000.0,0.0,0.0,0.0,0.0,0.0,0.0,0.0,0.0,0.0,-0.0,0.0,0.0,-7.778098853284027e-21,-3.889049426642014e-21,-3.889049426642014e-21,0.0,0.0,-0.0,0.0,0.0,0.0,-0.0,0.0,0.0,0.0,0.0,0.0,4.0,0.0,0.0
12093660,298.0758361816406,303.1499938964844,285.1499938964844,0.0,-0.0,287.4275817871094,0.0,0.0,-2.558390240110786e-13,298.0437927246094,303.1499938964844,285.1499938964844,0.0,-0.0,287.42779541015625,0.0,0.0,-2.694109854910892e-13,298.4867248535156,303.1499938964844,285.1499938964844,0.0,-0.0,287.4294738769531,0.0,0.0,-1.9898615903884281e-13,297.8647766113281,303.1499938964844,285.1499938964844,0.0,-0.0,287.4265441894531,0.0,0.0,-2.694107957557092e-13,298.14239501953125,303.1499938964844,285.1499938964844,0.0,-0.0,287.4272155761719,0.0,0.0,-1.277968724767986e-12,287.34197998046875,294.1499938964844,281.8197021484375,281.4208068847656,286.3927917480469,284.307373046875,286.9005432128906,0.0,0.0,0.0,0.0,1.0,1.0,-3.2372060761176602e-12,-9.70580147236853e-18,3.237215833937213e-12,-3.3573374115525297e-12,0.0,0.0,0.0,-1.4551915228366852e-11,60.0,-1.5787380789333838e-06,-0.0,-5.066788513209878e-25,0.0,283.1644592285156,287.4449462890625,288.6285095214844,288.9419860839844,293.1499938964844,293.1499938964844,278.1499938964844,0.0,18000.0,313.1499938964844,0.0,18000.0,0.0,0.0,0.0,0.0,0.0,0.0,0.0,0.0,0.0,-0.0,0.0,0.0,-7.778098853284027e-21,-3.889049426642014e-21,-3.889049426642014e-21,0.0,0.0,-0.0,0.0,0.0,0.0,-0.0,0.0,0.0,0.0,0.0,0.0,4.0,0.0,0.0
12093720,298.0758361816406,303.1499938964844,285.1499938964844,0.0,-0.0,287.4275817871094,0.0,0.0,-2.558390240110786e-13,298.0437927246094,303.1499938964844,285.1499938964844,0.0,-0.0,287.42779541015625,0.0,0.0,-2.694109854910892e-13,298.4867248535156,303.1499938964844,285.1499938964844,0.0,-0.0,287.4294738769531,0.0,0.0,-1.9898615903884281e-13,297.8647766113281,303.1499938964844,285.1499938964844,0.0,-0.0,287.4265441894531,0.0,0.0,-2.694107957557092e-13,298.14239501953125,303.1499938964844,285.1499938964844,0.0,-0.0,287.4272155761719,0.0,0.0,-1.277968724767986e-12,287.34197998046875,294.1499938964844,281.8197021484375,281.4208068847656,286.3927917480469,284.307373046875,286.9005432128906,0.0,0.0,0.0,0.0,1.0,1.0,-3.2372060761176602e-12,-9.70580147236853e-18,3.237215833937213e-12,-3.3573374115525297e-12,0.0,0.0,0.0,-1.4551915228366852e-11,60.0,-1.5787380789333838e-06,-0.0,-5.066788513209878e-25,0.0,283.1644592285156,287.4449462890625,288.6285095214844,288.9419860839844,293.1499938964844,293.1499938964844,278.1499938964844,0.0,18000.0,313.1499938964844,0.0,18000.0,0.0,0.0,0.0,0.0,0.0,0.0,0.0,0.0,0.0,-0.0,0.0,0.0,-7.778098853284027e-21,-3.889049426642014e-21,-3.889049426642014e-21,0.0,0.0,-0.0,0.0,0.0,0.0,-0.0,0.0,0.0,0.0,0.0,0.0,4.0,0.0,0.0
12093780,298.0715026855469,303.1499938964844,285.1499938964844,0.0,-0.0,287.4275817871094,0.0,0.0,0.0,298.0401916503906,303.1499938964844,285.1499938964844,0.0,-0.0,287.42779541015625,0.0,0.0,0.0,298.48309326171875,303.1499938964844,285.1499938964844,0.0,-0.0,287.4294738769531,0.0,0.0,0.0,297.8617858886719,303.1499938964844,285.1499938964844,0.0,-0.0,287.4265441894531,0.0,0.0,0.0,298.1405334472656,303.1499938964844,285.1499938964844,0.0,-0.0,287.4272155761719,0.0,0.0,0.0,287.34197998046875,294.1499938964844,281.7988586425781,281.3926696777344,286.3927917480469,284.307373046875,286.9002685546875,0.0,0.0,0.0,0.0,1.0,1.0,-5.260428052357435e-13,-1.1747121096749342e-17,5.26054568829315e-13,-7.01833393918633e-13,0.0,0.0,0.0,0.0,60.0,-1.466406956751598e-06,-0.0,-0.0,0.0,283.1644592285156,287.4449462890625,288.6285095214844,288.9419860839844,293.1499938964844,293.1499938964844,278.1499938964844,0.0,18000.0,313.1499938964844,0.0,18000.0,0.0,0.0,0.0,0.0,0.0,0.0,0.0,0.0,0.0,-0.0,0.0,0.0,-7.778098853284027e-21,-3.889049426642014e-21,-3.889049426642014e-21,0.0,0.0,-0.0,0.0,0.0,0.0,-0.0,0.0,0.0,0.0,0.0,0.0,4.0,0.0,0.0
12093840,298.0715026855469,303.1499938964844,285.1499938964844,0.0,-0.0,287.4275817871094,0.0,0.0,0.0,298.0401916503906,303.1499938964844,285.1499938964844,0.0,-0.0,287.42779541015625,0.0,0.0,0.0,298.48309326171875,303.1499938964844,285.1499938964844,0.0,-0.0,287.4294738769531,0.0,0.0,0.0,297.8617858886719,303.1499938964844,285.1499938964844,0.0,-0.0,287.4265441894531,0.0,0.0,0.0,298.1405334472656,303.1499938964844,285.1499938964844,0.0,-0.0,287.4272155761719,0.0,0.0,0.0,287.34197998046875,294.1499938964844,281.7988586425781,281.3926696777344,286.3927917480469,284.307373046875,286.9002685546875,0.0,0.0,0.0,0.0,1.0,1.0,-5.260428052357435e-13,-1.1747121096749342e-17,5.26054568829315e-13,-7.01833393918633e-13,0.0,0.0,0.0,0.0,60.0,-1.466406956751598e-06,-0.0,-0.0,0.0,283.1644592285156,287.4449462890625,288.6285095214844,288.9419860839844,293.1499938964844,293.1499938964844,278.1499938964844,0.0,18000.0,313.1499938964844,0.0,18000.0,0.0,0.0,0.0,0.0,0.0,0.0,0.0,0.0,0.0,-0.0,0.0,0.0,-7.778098853284027e-21,-3.889049426642014e-21,-3.889049426642014e-21,0.0,0.0,-0.0,0.0,0.0,0.0,-0.0,0.0,0.0,0.0,0.0,0.0,4.0,0.0,0.0
12093900,298.0693664550781,303.1499938964844,285.1499938964844,0.0,-0.0,287.4275817871094,0.0,0.0,0.0,298.03839111328125,303.1499938964844,285.1499938964844,0.0,-0.0,287.42779541015625,0.0,0.0,0.0,298.48126220703125,303.1499938964844,285.1499938964844,0.0,-0.0,287.4294738769531,0.0,0.0,0.0,297.8602600097656,303.1499938964844,285.1499938964844,0.0,-0.0,287.4265441894531,0.0,0.0,0.0,298.1396179199219,303.1499938964844,285.1499938964844,0.0,-0.0,287.4272155761719,0.0,0.0,0.0,287.34197998046875,294.1499938964844,281.7884826660156,281.37860107421875,286.3927917480469,284.307373046875,286.9001159667969,0.0,0.0,0.0,0.0,1.0,1.0,-5.260428052357435e-13,-1.1747121096749342e-17,5.26054568829315e-13,-7.01833393918633e-13,0.0,0.0,0.0,0.0,60.0,-1.4137140169623308e-06,-0.0,-0.0,0.0,283.1644592285156,287.4449462890625,288.6285095214844,288.9419860839844,293.1499938964844,293.1499938964844,278.1499938964844,0.0,18000.0,313.1499938964844,0.0,18000.0,0.0,0.0,0.0,0.0,0.0,0.0,0.0,0.0,0.0,-0.0,0.0,0.0,-7.778098853284027e-21,-3.889049426642014e-21,-3.889049426642014e-21,0.0,0.0,-0.0,0.0,0.0,0.0,-0.0,0.0,0.0,0.0,0.0,0.0,4.0,0.0,0.0
12093960,298.0672607421875,303.1499938964844,285.1499938964844,0.0,-0.0,287.4275817871094,0.0,0.0,0.0,298.0365905761719,303.1499938964844,285.1499938964844,0.0,-0.0,287.42779541015625,0.0,0.0,0.0,298.4794616699219,303.1499938964844,285.1499938964844,0.0,-0.0,287.4294738769531,0.0,0.0,0.0,297.8587646484375,303.1499938964844,285.1499938964844,0.0,-0.0,287.4265441894531,0.0,0.0,0.0,298.138671875,303.1499938964844,285.1499938964844,0.0,-0.0,287.4272155761719,0.0,0.0,0.0,287.34197998046875,294.1499938964844,281.7781066894531,281.3645324707031,286.3927917480469,284.307373046875,286.8999938964844,0.0,0.0,0.0,0.0,1.0,1.0,-5.260428052357435e-13,-1.1747121096749342e-17,5.26054568829315e-13,-7.01833393918633e-13,0.0,0.0,0.0,0.0,60.0,-1.362979446639656e-06,-0.0,-0.0,0.0,283.1644592285156,287.4449462890625,288.6285095214844,288.9419860839844,293.1499938964844,293.1499938964844,278.1499938964844,0.0,18000.0,313.1499938964844,0.0,18000.0,0.0,0.0,0.0,0.0,0.0,0.0,0.0,0.0,0.0,-0.0,0.0,0.0,-7.778098853284027e-21,-3.889049426642014e-21,-3.889049426642014e-21,0.0,0.0,-0.0,0.0,0.0,0.0,-0.0,0.0,0.0,0.0,0.0,0.0,4.0,0.0,0.0
12094020,298.0630187988281,303.1499938964844,285.1499938964844,0.0,-0.0,287.4275817871094,0.0,0.0,0.0,298.03302001953125,303.1499938964844,285.1499938964844,0.0,-0.0,287.42779541015625,0.0,0.0,0.0,298.475830078125,303.1499938964844,285.1499938964844,0.0,-0.0,287.4294738769531,0.0,0.0,0.0,297.85577392578125,303.1499938964844,285.1499938964844,0.0,-0.0,287.4265441894531,0.0,0.0,0.0,298.13677978515625,303.1499938964844,285.1499938964844,0.0,-0.0,287.4272155761719,0.0,0.0,0.0,287.34197998046875,294.1499938964844,281.7574462890625,281.3363952636719,286.3927917480469,284.307373046875,286.8997497558594,0.0,0.0,0.0,0.0,1.0,1.0,-5.260428052357435e-13,-1.1747121096749342e-17,5.26054568829315e-13,-7.01833393918633e-13,0.0,0.0,0.0,0.0,60.0,-1.2663377901844797e-06,-0.0,-0.0,0.0,283.1644592285156,287.4449462890625,288.6285095214844,288.9419860839844,293.1499938964844,293.1499938964844,278.1499938964844,0.0,18000.0,313.1499938964844,0.0,18000.0,0.0,0.0,0.0,0.0,0.0,0.0,0.0,0.0,0.0,-0.0,0.0,0.0,-7.778098853284027e-21,-3.889049426642014e-21,-3.889049426642014e-21,0.0,0.0,-0.0,0.0,0.0,0.0,-0.0,0.0,0.0,0.0,0.0,0.0,4.0,0.0,0.0
12094080,298.0630187988281,303.1499938964844,285.1499938964844,0.0,-0.0,287.4275817871094,0.0,0.0,0.0,298.03302001953125,303.1499938964844,285.1499938964844,0.0,-0.0,287.42779541015625,0.0,0.0,0.0,298.475830078125,303.1499938964844,285.1499938964844,0.0,-0.0,287.4294738769531,0.0,0.0,0.0,297.85577392578125,303.1499938964844,285.1499938964844,0.0,-0.0,287.4265441894531,0.0,0.0,0.0,298.13677978515625,303.1499938964844,285.1499938964844,0.0,-0.0,287.4272155761719,0.0,0.0,0.0,287.34197998046875,294.1499938964844,281.7574462890625,281.3363952636719,286.3927917480469,284.307373046875,286.8997497558594,0.0,0.0,0.0,0.0,1.0,1.0,-5.260428052357435e-13,-1.1747121096749342e-17,5.26054568829315e-13,-7.01833393918633e-13,0.0,0.0,0.0,0.0,60.0,-1.2663377901844797e-06,-0.0,-0.0,0.0,283.1644592285156,287.4449462890625,288.6285095214844,288.9419860839844,293.1499938964844,293.1499938964844,278.1499938964844,0.0,18000.0,313.1499938964844,0.0,18000.0,0.0,0.0,0.0,0.0,0.0,0.0,0.0,0.0,0.0,-0.0,0.0,0.0,-7.778098853284027e-21,-3.889049426642014e-21,-3.889049426642014e-21,0.0,0.0,-0.0,0.0,0.0,0.0,-0.0,0.0,0.0,0.0,0.0,0.0,4.0,0.0,0.0
12094140,298.058837890625,303.1499938964844,285.1499938964844,0.0,-0.0,287.4275817871094,0.0,0.0,-2.558390240110786e-13,298.02947998046875,303.1499938964844,285.1499938964844,0.0,-0.0,287.42779541015625,0.0,0.0,-2.694109854910892e-13,298.4721984863281,303.1499938964844,285.1499938964844,0.0,-0.0,287.4294738769531,0.0,0.0,-1.9898615903884281e-13,297.852783203125,303.1499938964844,285.1499938964844,0.0,-0.0,287.4265441894531,0.0,0.0,-2.694107957557092e-13,298.1348571777344,303.1499938964844,285.1499938964844,0.0,-0.0,287.4272155761719,0.0,0.0,-1.277968724767986e-12,287.34197998046875,294.1499938964844,281.73687744140625,281.3083190917969,286.3927917480469,284.307373046875,286.8995056152344,0.0,0.0,0.0,0.0,1.0,1.0,-3.2372060761176602e-12,-9.70580147236853e-18,3.237215833937213e-12,-3.3573374115525297e-12,0.0,0.0,0.0,-1.4551915228366852e-11,60.0,-1.1765504268623772e-06,-0.0,-5.066788513209878e-25,0.0,283.1644592285156,287.4449462890625,288.6285095214844,288.9419860839844,293.1499938964844,293.1499938964844,278.1499938964844,0.0,18000.0,313.1499938964844,0.0,18000.0,0.0,0.0,0.0,0.0,0.0,0.0,0.0,0.0,0.0,-0.0,0.0,0.0,-7.778098853284027e-21,-3.889049426642014e-21,-3.889049426642014e-21,0.0,0.0,-0.0,0.0,0.0,0.0,-0.0,0.0,0.0,0.0,0.0,0.0,4.0,0.0,0.0
12094200,298.058837890625,303.1499938964844,285.1499938964844,0.0,-0.0,287.4275817871094,0.0,0.0,-2.558390240110786e-13,298.02947998046875,303.1499938964844,285.1499938964844,0.0,-0.0,287.42779541015625,0.0,0.0,-2.694109854910892e-13,298.4721984863281,303.1499938964844,285.1499938964844,0.0,-0.0,287.4294738769531,0.0,0.0,-1.9898615903884281e-13,297.852783203125,303.1499938964844,285.1499938964844,0.0,-0.0,287.4265441894531,0.0,0.0,-2.694107957557092e-13,298.1348571777344,303.1499938964844,285.1499938964844,0.0,-0.0,287.4272155761719,0.0,0.0,-1.277968724767986e-12,287.34197998046875,294.1499938964844,281.73687744140625,281.3083190917969,286.3927917480469,284.307373046875,286.8995056152344,0.0,0.0,0.0,0.0,1.0,1.0,-3.2372060761176602e-12,-9.70580147236853e-18,3.237215833937213e-12,-3.3573374115525297e-12,0.0,0.0,0.0,-1.4551915228366852e-11,60.0,-1.1765504268623772e-06,-0.0,-5.066788513209878e-25,0.0,283.1644592285156,287.4449462890625,288.6285095214844,288.9419860839844,293.1499938964844,293.1499938964844,278.1499938964844,0.0,18000.0,313.1499938964844,0.0,18000.0,0.0,0.0,0.0,0.0,0.0,0.0,0.0,0.0,0.0,-0.0,0.0,0.0,-7.778098853284027e-21,-3.889049426642014e-21,-3.889049426642014e-21,0.0,0.0,-0.0,0.0,0.0,0.0,-0.0,0.0,0.0,0.0,0.0,0.0,4.0,0.0,0.0
12094260,298.0546875,303.1499938964844,285.1499938964844,0.0,-0.0,287.4275817871094,0.0,0.0,2.558390240110786e-13,298.02593994140625,303.1499938964844,285.1499938964844,0.0,-0.0,287.42779541015625,0.0,0.0,2.694109854910892e-13,298.4685363769531,303.1499938964844,285.1499938964844,0.0,-0.0,287.4294738769531,0.0,0.0,1.9898615903884281e-13,297.84979248046875,303.1499938964844,285.1499938964844,0.0,-0.0,287.4265441894531,0.0,0.0,2.694107957557092e-13,298.1329650878906,303.1499938964844,285.1499938964844,0.0,-0.0,287.4272155761719,0.0,0.0,1.277968724767986e-12,287.34197998046875,294.1499938964844,281.7164001464844,281.2802734375,286.3927917480469,284.307373046875,286.8992919921875,0.0,0.0,0.0,0.0,1.0,1.0,2.1851205740663904e-12,-1.3788440721130154e-17,-2.1851066962785826e-12,1.953670732135482e-12,0.0,0.0,0.0,1.4551915228366852e-11,60.0,-1.094118033506675e-06,-0.0,-5.066788513209878e-25,0.0,283.1644592285156,287.4449462890625,288.6285095214844,288.9419860839844,293.1499938964844,293.1499938964844,278.1499938964844,0.0,18000.0,313.1499938964844,0.0,18000.0,0.0,0.0,0.0,0.0,0.0,0.0,0.0,0.0,0.0,-0.0,0.0,0.0,-7.778098853284027e-21,-3.889049426642014e-21,-3.889049426642014e-21,0.0,0.0,-0.0,0.0,0.0,0.0,-0.0,0.0,0.0,0.0,0.0,0.0,4.0,0.0,0.0
12094320,298.0546875,303.1499938964844,285.1499938964844,0.0,-0.0,287.4275817871094,0.0,0.0,2.558390240110786e-13,298.02593994140625,303.1499938964844,285.1499938964844,0.0,-0.0,287.42779541015625,0.0,0.0,2.694109854910892e-13,298.4685363769531,303.1499938964844,285.1499938964844,0.0,-0.0,287.4294738769531,0.0,0.0,1.9898615903884281e-13,297.84979248046875,303.1499938964844,285.1499938964844,0.0,-0.0,287.4265441894531,0.0,0.0,2.694107957557092e-13,298.1329650878906,303.1499938964844,285.1499938964844,0.0,-0.0,287.4272155761719,0.0,0.0,1.277968724767986e-12,287.34197998046875,294.1499938964844,281.7164001464844,281.2802734375,286.3927917480469,284.307373046875,286.8992919921875,0.0,0.0,0.0,0.0,1.0,1.0,2.1851205740663904e-12,-1.3788440721130154e-17,-2.1851066962785826e-12,1.953670732135482e-12,0.0,0.0,0.0,1.4551915228366852e-11,60.0,-1.094118033506675e-06,-0.0,-5.066788513209878e-25,0.0,283.1644592285156,287.4449462890625,288.6285095214844,288.9419860839844,293.1499938964844,293.1499938964844,278.1499938964844,0.0,18000.0,313.1499938964844,0.0,18000.0,0.0,0.0,0.0,0.0,0.0,0.0,0.0,0.0,0.0,-0.0,0.0,0.0,-7.778098853284027e-21,-3.889049426642014e-21,-3.889049426642014e-21,0.0,0.0,-0.0,0.0,0.0,0.0,-0.0,0.0,0.0,0.0,0.0,0.0,4.0,0.0,0.0
12094380,298.05059814453125,303.1499938964844,285.1499938964844,0.0,-0.0,287.4275817871094,0.0,0.0,2.558390240110786e-13,298.0224304199219,303.1499938964844,285.1499938964844,0.0,-0.0,287.42779541015625,0.0,0.0,2.694109854910892e-13,298.46490478515625,303.1499938964844,285.1499938964844,0.0,-0.0,287.4294738769531,0.0,0.0,1.9898615903884281e-13,297.8468017578125,303.1499938964844,285.1499938964844,0.0,-0.0,287.4265441894531,0.0,0.0,2.694107957557092e-13,298.1310119628906,303.1499938964844,285.1499938964844,0.0,-0.0,287.4272155761719,0.0,0.0,1.277968724767986e-12,287.34197998046875,294.1499938964844,281.69610595703125,281.25225830078125,286.3927917480469,284.307373046875,286.8990783691406,0.0,0.0,0.0,0.0,1.0,1.0,2.1851205740663904e-12,-1.3788440721130154e-17,-2.1851066962785826e-12,1.953670732135482e-12,0.0,0.0,0.0,1.4551915228366852e-11,60.0,-1.016536089082365e-06,-0.0,-5.066788513209878e-25,0.0,283.1644592285156,287.4449462890625,288.6285095214844,288.9419860839844,293.1499938964844,293.1499938964844,278.1499938964844,0.0,18000.0,313.1499938964844,0.0,18000.0,0.0,0.0,0.0,0.0,0.0,0.0,0.0,0.0,0.0,-0.0,0.0,0.0,-7.778098853284027e-21,-3.889049426642014e-21,-3.889049426642014e-21,0.0,0.0,-0.0,0.0,0.0,0.0,-0.0,0.0,0.0,0.0,0.0,0.0,4.0,0.0,0.0
12094440,298.05059814453125,303.1499938964844,285.1499938964844,0.0,-0.0,287.4275817871094,0.0,0.0,2.558390240110786e-13,298.0224304199219,303.1499938964844,285.1499938964844,0.0,-0.0,287.42779541015625,0.0,0.0,2.694109854910892e-13,298.46490478515625,303.1499938964844,285.1499938964844,0.0,-0.0,287.4294738769531,0.0,0.0,1.9898615903884281e-13,297.8468017578125,303.1499938964844,285.1499938964844,0.0,-0.0,287.4265441894531,0.0,0.0,2.694107957557092e-13,298.1310119628906,303.1499938964844,285.1499938964844,0.0,-0.0,287.4272155761719,0.0,0.0,1.277968724767986e-12,287.34197998046875,294.1499938964844,281.69610595703125,281.25225830078125,286.3927917480469,284.307373046875,286.8990783691406,0.0,0.0,0.0,0.0,1.0,1.0,2.1851205740663904e-12,-1.3788440721130154e-17,-2.1851066962785826e-12,1.953670732135482e-12,0.0,0.0,0.0,1.4551915228366852e-11,60.0,-1.016536089082365e-06,-0.0,-5.066788513209878e-25,0.0,283.1644592285156,287.4449462890625,288.6285095214844,288.9419860839844,293.1499938964844,293.1499938964844,278.1499938964844,0.0,18000.0,313.1499938964844,0.0,18000.0,0.0,0.0,0.0,0.0,0.0,0.0,0.0,0.0,0.0,-0.0,0.0,0.0,-7.778098853284027e-21,-3.889049426642014e-21,-3.889049426642014e-21,0.0,0.0,-0.0,0.0,0.0,0.0,-0.0,0.0,0.0,0.0,0.0,0.0,4.0,0.0,0.0
12094500,298.0485534667969,303.1499938964844,285.1499938964844,0.0,-0.0,287.4275817871094,0.0,0.0,0.0,298.0206604003906,303.1499938964844,285.1499938964844,0.0,-0.0,287.42779541015625,0.0,0.0,0.0,298.46307373046875,303.1499938964844,285.1499938964844,0.0,-0.0,287.4294738769531,0.0,0.0,0.0,297.8453063964844,303.1499938964844,285.1499938964844,0.0,-0.0,287.4265441894531,0.0,0.0,0.0,298.13006591796875,303.1499938964844,285.1499938964844,0.0,-0.0,287.4272155761719,0.0,0.0,0.0,287.34197998046875,294.1499938964844,281.6859741210937,281.23828125,286.3927917480469,284.307373046875,286.89898681640625,0.0,0.0,0.0,0.0,1.0,1.0,-5.260428052357435e-13,-1.1747121096749342e-17,5.26054568829315e-13,-7.01833393918633e-13,0.0,0.0,0.0,0.0,60.0,-1.6313741070916876e-05,-0.0,-0.0,0.0,283.1644592285156,287.4449462890625,288.6285095214844,288.9419860839844,293.1499938964844,293.1499938964844,278.1499938964844,0.0,18000.0,313.1499938964844,0.0,18000.0,0.0,0.0,0.0,0.0,0.0,0.0,0.0,0.0,0.0,-0.0,0.0,0.0,-7.778098853284027e-21,-3.889049426642014e-21,-3.889049426642014e-21,0.0,0.0,-0.0,0.0,0.0,0.0,-0.0,0.0,0.0,0.0,0.0,0.0,4.0,0.0,0.0
12094560,298.0465087890625,303.1499938964844,285.1499938964844,0.0,-0.0,287.4275817871094,0.0,0.0,2.558390240110786e-13,298.0189208984375,303.1499938964844,285.1499938964844,0.0,-0.0,287.42779541015625,0.0,0.0,2.694109854910892e-13,298.4612731933594,303.1499938964844,285.1499938964844,0.0,-0.0,287.4294738769531,0.0,0.0,1.9898615903884281e-13,297.84381103515625,303.1499938964844,285.1499938964844,0.0,-0.0,287.4265441894531,0.0,0.0,2.694107957557092e-13,298.12908935546875,303.1499938964844,285.1499938964844,0.0,-0.0,287.4272155761719,0.0,0.0,1.277968724767986e-12,287.34197998046875,294.1499938964844,281.6759033203125,281.2243347167969,286.3927917480469,284.307373046875,286.8988952636719,0.0,0.0,0.0,0.0,1.0,1.0,2.1851205740663904e-12,-1.3788440721130154e-17,-2.1851066962785826e-12,1.953670732135482e-12,0.0,0.0,0.0,1.4551915228366852e-11,60.0,-1.1056745279347524e-05,-0.0,-5.066788513209878e-25,0.0,283.1644592285156,287.4449462890625,288.6285095214844,288.9419860839844,293.1499938964844,293.1499938964844,278.1499938964844,0.0,18000.0,313.1499938964844,0.0,18000.0,0.0,0.0,0.0,0.0,0.0,0.0,0.0,0.0,0.0,-0.0,0.0,0.0,-7.778098853284027e-21,-3.889049426642014e-21,-3.889049426642014e-21,0.0,0.0,-0.0,0.0,0.0,0.0,-0.0,0.0,0.0,0.0,0.0,0.0,4.0,0.0,0.0
12094620,298.04248046875,303.1499938964844,285.1499938964844,0.0,-0.0,287.4275817871094,0.0,0.0,-5.116780480221572e-13,298.0154113769531,303.1499938964844,285.1499938964844,0.0,-0.0,287.42779541015625,0.0,0.0,-5.388219709821784e-13,298.4576110839844,303.1499938964844,285.1499938964844,0.0,-0.0,287.4294738769531,0.0,0.0,-3.9797231807768563e-13,297.8408508300781,303.1499938964844,285.1499938964844,0.0,-0.0,287.4265441894531,0.0,0.0,-5.388215915114184e-13,298.12713623046875,303.1499938964844,285.1499938964844,0.0,-0.0,287.4272155761719,0.0,0.0,-2.555937449535972e-12,287.34197998046875,294.1499938964844,281.6558837890625,281.1964416503906,286.3927917480469,284.307373046875,286.89874267578125,0.0,0.0,0.0,0.0,1.0,1.0,-3.292863377801769e-12,-1.0324214106022362e-17,3.2928735693021904e-12,-1.675860838989962e-12,0.0,0.0,0.0,-1.4551915228366852e-11,60.0,-4.134481059736572e-06,-0.0,-2.0267154052839512e-24,0.0,283.1644592285156,287.4449462890625,288.6285095214844,288.9419860839844,293.1499938964844,293.1499938964844,278.1499938964844,0.0,18000.0,313.1499938964844,0.0,18000.0,0.0,0.0,0.0,0.0,0.0,0.0,0.0,0.0,0.0,-0.0,0.0,0.0,-7.778098853284027e-21,-3.889049426642014e-21,-3.889049426642014e-21,0.0,0.0,-0.0,0.0,0.0,0.0,-0.0,0.0,0.0,0.0,0.0,0.0,4.0,0.0,0.0
12094680,298.04248046875,303.1499938964844,285.1499938964844,0.0,-0.0,287.4275817871094,0.0,0.0,-5.116780480221572e-13,298.0154113769531,303.1499938964844,285.1499938964844,0.0,-0.0,287.42779541015625,0.0,0.0,-5.388219709821784e-13,298.4576110839844,303.1499938964844,285.1499938964844,0.0,-0.0,287.4294738769531,0.0,0.0,-3.9797231807768563e-13,297.8408508300781,303.1499938964844,285.1499938964844,0.0,-0.0,287.4265441894531,0.0,0.0,-5.388215915114184e-13,298.12713623046875,303.1499938964844,285.1499938964844,0.0,-0.0,287.4272155761719,0.0,0.0,-2.555937449535972e-12,287.34197998046875,294.1499938964844,281.6558837890625,281.1964416503906,286.3927917480469,284.307373046875,286.89874267578125,0.0,0.0,0.0,0.0,1.0,1.0,-3.292863377801769e-12,-1.0324214106022362e-17,3.2928735693021904e-12,-1.675860838989962e-12,0.0,0.0,0.0,-1.4551915228366852e-11,60.0,-4.134481059736572e-06,-0.0,-2.0267154052839512e-24,0.0,283.1644592285156,287.4449462890625,288.6285095214844,288.9419860839844,293.1499938964844,293.1499938964844,278.1499938964844,0.0,18000.0,313.1499938964844,0.0,18000.0,0.0,0.0,0.0,0.0,0.0,0.0,0.0,0.0,0.0,-0.0,0.0,0.0,-7.778098853284027e-21,-3.889049426642014e-21,-3.889049426642014e-21,0.0,0.0,-0.0,0.0,0.0,0.0,-0.0,0.0,0.0,0.0,0.0,0.0,4.0,0.0,0.0
12094740,298.0384521484375,303.1499938964844,285.1499938964844,0.0,-0.0,287.4275817871094,0.0,0.0,0.0,298.0119323730469,303.1499938964844,285.1499938964844,0.0,-0.0,287.42779541015625,0.0,0.0,0.0,298.4539489746094,303.1499938964844,285.1499938964844,0.0,-0.0,287.4294738769531,0.0,0.0,0.0,297.8378295898437,303.1499938964844,285.1499938964844,0.0,-0.0,287.4265441894531,0.0,0.0,0.0,298.1251525878906,303.1499938964844,285.1499938964844,0.0,-0.0,287.4272155761719,0.0,0.0,0.0,287.34197998046875,294.1499938964844,281.63604736328125,281.16864013671875,286.3927917480469,284.307373046875,286.8985595703125,0.0,0.0,0.0,0.0,1.0,1.0,-5.260428052357435e-13,-1.1747121096749342e-17,5.26054568829315e-13,-7.01833393918633e-13,0.0,0.0,0.0,0.0,60.0,-1.6717590369808022e-06,-0.0,-0.0,0.0,283.1644592285156,287.4449462890625,288.6285095214844,288.9419860839844,293.1499938964844,293.1499938964844,278.1499938964844,0.0,18000.0,313.1499938964844,0.0,18000.0,0.0,0.0,0.0,0.0,0.0,0.0,0.0,0.0,0.0,-0.0,0.0,0.0,-7.778098853284027e-21,-3.889049426642014e-21,-3.889049426642014e-21,0.0,0.0,-0.0,0.0,0.0,0.0,-0.0,0.0,0.0,0.0,0.0,0.0,4.0,0.0,0.0
12094800,298.0384521484375,303.1499938964844,285.1499938964844,0.0,-0.0,287.4275817871094,0.0,0.0,0.0,298.0119323730469,303.1499938964844,285.1499938964844,0.0,-0.0,287.42779541015625,0.0,0.0,0.0,298.4539489746094,303.1499938964844,285.1499938964844,0.0,-0.0,287.4294738769531,0.0,0.0,0.0,297.8378295898437,303.1499938964844,285.1499938964844,0.0,-0.0,287.4265441894531,0.0,0.0,0.0,298.1251525878906,303.1499938964844,285.1499938964844,0.0,-0.0,287.4272155761719,0.0,0.0,0.0,287.34197998046875,294.1499938964844,281.63604736328125,281.16864013671875,286.3927917480469,284.307373046875,286.8985595703125,0.0,0.0,0.0,0.0,1.0,1.0,-5.260428052357435e-13,-1.1747121096749342e-17,5.26054568829315e-13,-7.01833393918633e-13,0.0,0.0,0.0,0.0,60.0,-1.6717590369808022e-06,-0.0,-0.0,0.0,283.1644592285156,287.4449462890625,288.6285095214844,288.9419860839844,293.1499938964844,293.1499938964844,278.1499938964844,0.0,18000.0,313.1499938964844,0.0,18000.0,0.0,0.0,0.0,0.0,0.0,0.0,0.0,0.0,0.0,-0.0,0.0,0.0,-7.778098853284027e-21,-3.889049426642014e-21,-3.889049426642014e-21,0.0,0.0,-0.0,0.0,0.0,0.0,-0.0,0.0,0.0,0.0,0.0,0.0,4.0,0.0,0.0
12094860,298.034423828125,303.1499938964844,285.1499938964844,0.0,-0.0,287.4275817871094,0.0,0.0,0.0,298.0084228515625,303.1499938964844,285.1499938964844,0.0,-0.0,287.42779541015625,0.0,0.0,0.0,298.4502868652344,303.1499938964844,285.1499938964844,0.0,-0.0,287.4294738769531,0.0,0.0,0.0,297.8348388671875,303.1499938964844,285.1499938964844,0.0,-0.0,287.4265441894531,0.0,0.0,0.0,298.1231689453125,303.1499938964844,285.1499938964844,0.0,-0.0,287.4272155761719,0.0,0.0,0.0,287.34197998046875,294.1499938964844,281.61639404296875,281.14093017578125,286.3927917480469,284.307373046875,286.8984069824219,0.0,0.0,0.0,0.0,1.0,1.0,-3.181548991273986e-12,-9.087388011534086e-18,3.181558098572235e-12,-5.038813984115098e-12,0.0,0.0,0.0,-1.4551915228366852e-11,60.0,-9.939013807525043e-07,-0.0,-0.0,0.0,283.1644592285156,287.4449462890625,288.6285095214844,288.9419860839844,293.1499938964844,293.1499938964844,278.1499938964844,0.0,18000.0,313.1499938964844,0.0,18000.0,0.0,0.0,0.0,0.0,0.0,0.0,0.0,0.0,0.0,-0.0,0.0,0.0,-7.778098853284027e-21,-3.889049426642014e-21,-3.889049426642014e-21,0.0,0.0,-0.0,0.0,0.0,0.0,-0.0,0.0,0.0,0.0,0.0,0.0,4.0,0.0,0.0
12094920,298.034423828125,303.1499938964844,285.1499938964844,0.0,-0.0,287.4275817871094,0.0,0.0,0.0,298.0084228515625,303.1499938964844,285.1499938964844,0.0,-0.0,287.42779541015625,0.0,0.0,0.0,298.4502868652344,303.1499938964844,285.1499938964844,0.0,-0.0,287.4294738769531,0.0,0.0,0.0,297.8348388671875,303.1499938964844,285.1499938964844,0.0,-0.0,287.4265441894531,0.0,0.0,0.0,298.1231689453125,303.1499938964844,285.1499938964844,0.0,-0.0,287.4272155761719,0.0,0.0,0.0,287.34197998046875,294.1499938964844,281.61639404296875,281.14093017578125,286.3927917480469,284.307373046875,286.8984069824219,0.0,0.0,0.0,0.0,1.0,1.0,-3.181548991273986e-12,-9.087388011534086e-18,3.181558098572235e-12,-5.038813984115098e-12,0.0,0.0,0.0,-1.4551915228366852e-11,60.0,-9.939013807525043e-07,-0.0,-0.0,0.0,283.1644592285156,287.4449462890625,288.6285095214844,288.9419860839844,293.1499938964844,293.1499938964844,278.1499938964844,0.0,18000.0,313.1499938964844,0.0,18000.0,0.0,0.0,0.0,0.0,0.0,0.0,0.0,0.0,0.0,-0.0,0.0,0.0,-7.778098853284027e-21,-3.889049426642014e-21,-3.889049426642014e-21,0.0,0.0,-0.0,0.0,0.0,0.0,-0.0,0.0,0.0,0.0,0.0,0.0,4.0,0.0,0.0
12094980,298.0304260253906,303.1499938964844,285.1499938964844,0.0,-0.0,287.4275817871094,0.0,0.0,-2.558390240110786e-13,298.00494384765625,303.1499938964844,285.1499938964844,0.0,-0.0,287.42779541015625,0.0,0.0,-2.694109854910892e-13,298.4466247558594,303.1499938964844,285.1499938964844,0.0,-0.0,287.4294738769531,0.0,0.0,-1.9898615903884281e-13,297.8318176269531,303.1499938964844,285.1499938964844,0.0,-0.0,287.4265441894531,0.0,0.0,-2.694107957557092e-13,298.1211853027344,303.1499938964844,285.1499938964844,0.0,-0.0,287.4272155761719,0.0,0.0,-1.277968724767986e-12,287.34197998046875,294.1499938964844,281.596923828125,281.1133117675781,286.3927917480469,284.307373046875,286.8982849121094,0.0,0.0,0.0,0.0,1.0,1.0,-5.816999984996355e-13,-1.2365534557583786e-17,5.817124126145101e-13,9.79643232854044e-13,0.0,0.0,0.0,0.0,60.0,-7.702638527007366e-07,-0.0,-5.066788513209878e-25,0.0,283.1644592285156,287.4449462890625,288.6285095214844,288.9419860839844,293.1499938964844,293.1499938964844,278.1499938964844,0.0,18000.0,313.1499938964844,0.0,18000.0,0.0,0.0,0.0,0.0,0.0,0.0,0.0,0.0,0.0,-0.0,0.0,0.0,-7.778098853284027e-21,-3.889049426642014e-21,-3.889049426642014e-21,0.0,0.0,-0.0,0.0,0.0,0.0,-0.0,0.0,0.0,0.0,0.0,0.0,4.0,0.0,0.0
12095040,298.0304260253906,303.1499938964844,285.1499938964844,0.0,-0.0,287.4275817871094,0.0,0.0,-2.558390240110786e-13,298.00494384765625,303.1499938964844,285.1499938964844,0.0,-0.0,287.42779541015625,0.0,0.0,-2.694109854910892e-13,298.4466247558594,303.1499938964844,285.1499938964844,0.0,-0.0,287.4294738769531,0.0,0.0,-1.9898615903884281e-13,297.8318176269531,303.1499938964844,285.1499938964844,0.0,-0.0,287.4265441894531,0.0,0.0,-2.694107957557092e-13,298.1211853027344,303.1499938964844,285.1499938964844,0.0,-0.0,287.4272155761719,0.0,0.0,-1.277968724767986e-12,287.34197998046875,294.1499938964844,281.596923828125,281.1133117675781,286.3927917480469,284.307373046875,286.8982849121094,0.0,0.0,0.0,0.0,1.0,1.0,-5.816999984996355e-13,-1.2365534557583786e-17,5.817124126145101e-13,9.79643232854044e-13,0.0,0.0,0.0,0.0,60.0,-7.702638527007366e-07,-0.0,-5.066788513209878e-25,0.0,283.1644592285156,287.4449462890625,288.6285095214844,288.9419860839844,293.1499938964844,293.1499938964844,278.1499938964844,0.0,18000.0,313.1499938964844,0.0,18000.0,0.0,0.0,0.0,0.0,0.0,0.0,0.0,0.0,0.0,-0.0,0.0,0.0,-7.778098853284027e-21,-3.889049426642014e-21,-3.889049426642014e-21,0.0,0.0,-0.0,0.0,0.0,0.0,-0.0,0.0,0.0,0.0,0.0,0.0,4.0,0.0,0.0
12095100,298.0284423828125,303.1499938964844,285.1499938964844,0.0,-0.0,287.4275817871094,0.0,0.0,0.0,298.003173828125,303.1499938964844,285.1499938964844,0.0,-0.0,287.42779541015625,0.0,0.0,0.0,298.4447631835937,303.1499938964844,285.1499938964844,0.0,-0.0,287.4294738769531,0.0,0.0,0.0,297.830322265625,303.1499938964844,285.1499938964844,0.0,-0.0,287.4265441894531,0.0,0.0,0.0,298.12017822265625,303.1499938964844,285.1499938964844,0.0,-0.0,287.4272155761719,0.0,0.0,0.0,287.34197998046875,294.1499938964844,281.5872497558594,281.0995178222656,286.3927917480469,284.307373046875,286.8982238769531,0.0,0.0,0.0,0.0,1.0,1.0,-5.260428052357435e-13,-1.1747121096749342e-17,5.26054568829315e-13,-7.01833393918633e-13,0.0,0.0,0.0,0.0,60.0,-7.188234008026484e-07,-0.0,-0.0,0.0,283.1644592285156,287.4449462890625,288.6285095214844,288.9419860839844,293.1499938964844,293.1499938964844,278.1499938964844,0.0,18000.0,313.1499938964844,0.0,18000.0,0.0,0.0,0.0,0.0,0.0,0.0,0.0,0.0,0.0,-0.0,0.0,0.0,-7.778098853284027e-21,-3.889049426642014e-21,-3.889049426642014e-21,0.0,0.0,-0.0,0.0,0.0,0.0,-0.0,0.0,0.0,0.0,0.0,0.0,4.0,0.0,0.0
12095160,298.0264587402344,303.1499938964844,285.1499938964844,0.0,-0.0,287.4275817871094,0.0,0.0,0.0,298.0014343261719,303.1499938964844,285.1499938964844,0.0,-0.0,287.42779541015625,0.0,0.0,0.0,298.44293212890625,303.1499938964844,285.1499938964844,0.0,-0.0,287.4294738769531,0.0,0.0,0.0,297.82879638671875,303.1499938964844,285.1499938964844,0.0,-0.0,287.4265441894531,0.0,0.0,0.0,298.1191711425781,303.1499938964844,285.1499938964844,0.0,-0.0,287.4272155761719,0.0,0.0,0.0,287.34197998046875,294.1499938964844,281.5776672363281,281.0857849121094,286.3927917480469,284.307373046875,286.8981628417969,0.0,0.0,0.0,0.0,1.0,1.0,-5.260428052357435e-13,-1.1747121096749342e-17,5.26054568829315e-13,-7.01833393918633e-13,0.0,0.0,0.0,0.0,60.0,-6.797704941163829e-07,-0.0,-0.0,0.0,283.1644592285156,287.4449462890625,288.6285095214844,288.9419860839844,293.1499938964844,293.1499938964844,278.1499938964844,0.0,18000.0,313.1499938964844,0.0,18000.0,0.0,0.0,0.0,0.0,0.0,0.0,0.0,0.0,0.0,-0.0,0.0,0.0,-7.778098853284027e-21,-3.889049426642014e-21,-3.889049426642014e-21,0.0,0.0,-0.0,0.0,0.0,0.0,-0.0,0.0,0.0,0.0,0.0,0.0,4.0,0.0,0.0
12095220,298.0224914550781,303.1499938964844,285.1499938964844,0.0,-0.0,287.4275817871094,0.0,0.0,0.0,297.9979248046875,303.1499938964844,285.1499938964844,0.0,-0.0,287.42779541015625,0.0,0.0,0.0,298.4392395019531,303.1499938964844,285.1499938964844,0.0,-0.0,287.4294738769531,0.0,0.0,0.0,297.8257751464844,303.1499938964844,285.1499938964844,0.0,-0.0,287.4265441894531,0.0,0.0,0.0,298.1171264648437,303.1499938964844,285.1499938964844,0.0,-0.0,287.4272155761719,0.0,0.0,0.0,287.34197998046875,294.1499938964844,281.5586242675781,281.0583801269531,286.3927917480469,284.307373046875,286.8980407714844,0.0,0.0,0.0,0.0,1.0,1.0,-5.260428052357435e-13,-1.1747121096749342e-17,5.26054568829315e-13,-7.01833393918633e-13,0.0,0.0,0.0,0.0,60.0,-6.15532485426229e-07,-0.0,-0.0,0.0,283.1644592285156,287.4449462890625,288.6285095214844,288.9419860839844,293.1499938964844,293.1499938964844,278.1499938964844,0.0,18000.0,313.1499938964844,0.0,18000.0,0.0,0.0,0.0,0.0,0.0,0.0,0.0,0.0,0.0,-0.0,0.0,0.0,-7.778098853284027e-21,-3.889049426642014e-21,-3.889049426642014e-21,0.0,0.0,-0.0,0.0,0.0,0.0,-0.0,0.0,0.0,0.0,0.0,0.0,4.0,0.0,0.0
12095280,298.0224914550781,303.1499938964844,285.1499938964844,0.0,-0.0,287.4275817871094,0.0,0.0,0.0,297.9979248046875,303.1499938964844,285.1499938964844,0.0,-0.0,287.42779541015625,0.0,0.0,0.0,298.4392395019531,303.1499938964844,285.1499938964844,0.0,-0.0,287.4294738769531,0.0,0.0,0.0,297.8257751464844,303.1499938964844,285.1499938964844,0.0,-0.0,287.4265441894531,0.0,0.0,0.0,298.1171264648437,303.1499938964844,285.1499938964844,0.0,-0.0,287.4272155761719,0.0,0.0,0.0,287.34197998046875,294.1499938964844,281.5586242675781,281.0583801269531,286.3927917480469,284.307373046875,286.8980407714844,0.0,0.0,0.0,0.0,1.0,1.0,-5.260428052357435e-13,-1.1747121096749342e-17,5.26054568829315e-13,-7.01833393918633e-13,0.0,0.0,0.0,0.0,60.0,-6.15532485426229e-07,-0.0,-0.0,0.0,283.1644592285156,287.4449462890625,288.6285095214844,288.9419860839844,293.1499938964844,293.1499938964844,278.1499938964844,0.0,18000.0,313.1499938964844,0.0,18000.0,0.0,0.0,0.0,0.0,0.0,0.0,0.0,0.0,0.0,-0.0,0.0,0.0,-7.778098853284027e-21,-3.889049426642014e-21,-3.889049426642014e-21,0.0,0.0,-0.0,0.0,0.0,0.0,-0.0,0.0,0.0,0.0,0.0,0.0,4.0,0.0,0.0
12095340,298.0185241699219,303.1499938964844,285.1499938964844,0.0,-0.0,287.4275817871094,0.0,0.0,0.0,297.9944152832031,303.1499938964844,285.1499938964844,0.0,-0.0,287.42779541015625,0.0,0.0,0.0,298.4355163574219,303.1499938964844,285.1499938964844,0.0,-0.0,287.4294738769531,0.0,0.0,0.0,297.8227233886719,303.1499938964844,285.1499938964844,0.0,-0.0,287.4265441894531,0.0,0.0,0.0,298.1150817871094,303.1499938964844,285.1499938964844,0.0,-0.0,287.4272155761719,0.0,0.0,0.0,287.34197998046875,294.1499938964844,281.53985595703125,281.0310974121094,286.3927917480469,284.307373046875,286.8979187011719,0.0,0.0,0.0,0.0,1.0,1.0,-5.260428052357435e-13,-1.1747121096749342e-17,5.26054568829315e-13,-7.01833393918633e-13,0.0,0.0,0.0,0.0,60.0,-5.675532861459942e-07,-0.0,-0.0,0.0,283.1644592285156,287.4449462890625,288.6285095214844,288.9419860839844,293.1499938964844,293.1499938964844,278.1499938964844,0.0,18000.0,313.1499938964844,0.0,18000.0,0.0,0.0,0.0,0.0,0.0,0.0,0.0,0.0,0.0,-0.0,0.0,0.0,-7.778098853284027e-21,-3.889049426642014e-21,-3.889049426642014e-21,0.0,0.0,-0.0,0.0,0.0,0.0,-0.0,0.0,0.0,0.0,0.0,0.0,4.0,0.0,0.0
12095400,298.0185241699219,303.1499938964844,285.1499938964844,0.0,-0.0,287.4275817871094,0.0,0.0,0.0,297.9944152832031,303.1499938964844,285.1499938964844,0.0,-0.0,287.42779541015625,0.0,0.0,0.0,298.4355163574219,303.1499938964844,285.1499938964844,0.0,-0.0,287.4294738769531,0.0,0.0,0.0,297.8227233886719,303.1499938964844,285.1499938964844,0.0,-0.0,287.4265441894531,0.0,0.0,0.0,298.1150817871094,303.1499938964844,285.1499938964844,0.0,-0.0,287.4272155761719,0.0,0.0,0.0,287.34197998046875,294.1499938964844,281.53985595703125,281.0310974121094,286.3927917480469,284.307373046875,286.8979187011719,0.0,0.0,0.0,0.0,1.0,1.0,-5.260428052357435e-13,-1.1747121096749342e-17,5.26054568829315e-13,-7.01833393918633e-13,0.0,0.0,0.0,0.0,60.0,-5.675532861459942e-07,-0.0,-0.0,0.0,283.1644592285156,287.4449462890625,288.6285095214844,288.9419860839844,293.1499938964844,293.1499938964844,278.1499938964844,0.0,18000.0,313.1499938964844,0.0,18000.0,0.0,0.0,0.0,0.0,0.0,0.0,0.0,0.0,0.0,-0.0,0.0,0.0,-7.778098853284027e-21,-3.889049426642014e-21,-3.889049426642014e-21,0.0,0.0,-0.0,0.0,0.0,0.0,-0.0,0.0,0.0,0.0,0.0,0.0,4.0,0.0,0.0
12095460,298.0145568847656,303.1499938964844,285.1499938964844,0.0,-0.0,287.4275817871094,0.0,0.0,0.0,297.99090576171875,303.1499938964844,285.1499938964844,0.0,-0.0,287.42779541015625,0.0,0.0,0.0,298.4317932128906,303.1499938964844,285.1499938964844,0.0,-0.0,287.4294738769531,0.0,0.0,0.0,297.81964111328125,303.1499938964844,285.1499938964844,0.0,-0.0,287.4265441894531,0.0,0.0,0.0,298.113037109375,303.1499938964844,285.1499938964844,0.0,-0.0,287.4272155761719,0.0,0.0,0.0,287.34197998046875,294.1499938964844,281.5213317871094,281.0039367675781,286.3927917480469,284.307373046875,286.8977966308594,0.0,0.0,0.0,0.0,1.0,1.0,-5.260428052357435e-13,-1.1747121096749342e-17,5.26054568829315e-13,-7.01833393918633e-13,0.0,0.0,0.0,0.0,60.0,-5.262688205220911e-07,-0.0,-0.0,0.0,283.1644592285156,287.4449462890625,288.6285095214844,288.9419860839844,293.1499938964844,293.1499938964844,278.1499938964844,0.0,18000.0,313.1499938964844,0.0,18000.0,0.0,0.0,0.0,0.0,0.0,0.0,0.0,0.0,0.0,-0.0,0.0,0.0,-7.778098853284027e-21,-3.889049426642014e-21,-3.889049426642014e-21,0.0,0.0,-0.0,0.0,0.0,0.0,-0.0,0.0,0.0,0.0,0.0,0.0,4.0,0.0,0.0
12095520,298.0145568847656,303.1499938964844,285.1499938964844,0.0,-0.0,287.4275817871094,0.0,0.0,0.0,297.99090576171875,303.1499938964844,285.1499938964844,0.0,-0.0,287.42779541015625,0.0,0.0,0.0,298.4317932128906,303.1499938964844,285.1499938964844,0.0,-0.0,287.4294738769531,0.0,0.0,0.0,297.81964111328125,303.1499938964844,285.1499938964844,0.0,-0.0,287.4265441894531,0.0,0.0,0.0,298.113037109375,303.1499938964844,285.1499938964844,0.0,-0.0,287.4272155761719,0.0,0.0,0.0,287.34197998046875,294.1499938964844,281.5213317871094,281.0039367675781,286.3927917480469,284.307373046875,286.8977966308594,0.0,0.0,0.0,0.0,1.0,1.0,-5.260428052357435e-13,-1.1747121096749342e-17,5.26054568829315e-13,-7.01833393918633e-13,0.0,0.0,0.0,0.0,60.0,-5.262688205220911e-07,-0.0,-0.0,0.0,283.1644592285156,287.4449462890625,288.6285095214844,288.9419860839844,293.1499938964844,293.1499938964844,278.1499938964844,0.0,18000.0,313.1499938964844,0.0,18000.0,0.0,0.0,0.0,0.0,0.0,0.0,0.0,0.0,0.0,-0.0,0.0,0.0,-7.778098853284027e-21,-3.889049426642014e-21,-3.889049426642014e-21,0.0,0.0,-0.0,0.0,0.0,0.0,-0.0,0.0,0.0,0.0,0.0,0.0,4.0,0.0,0.0
12095580,298.0105895996094,303.1499938964844,285.1499938964844,0.0,-0.0,287.4275817871094,0.0,0.0,0.0,297.98736572265625,303.1499938964844,285.1499938964844,0.0,-0.0,287.42779541015625,0.0,0.0,0.0,298.4280700683594,303.1499938964844,285.1499938964844,0.0,-0.0,287.4294738769531,0.0,0.0,0.0,297.8165588378906,303.1499938964844,285.1499938964844,0.0,-0.0,287.4265441894531,0.0,0.0,0.0,298.1109313964844,303.1499938964844,285.1499938964844,0.0,-0.0,287.4272155761719,0.0,0.0,0.0,287.34197998046875,294.1499938964844,281.5030517578125,280.9769287109375,286.3927917480469,284.307373046875,286.897705078125,0.0,0.0,0.0,0.0,1.0,1.0,-5.260428052357435e-13,-1.1747121096749342e-17,5.26054568829315e-13,-7.01833393918633e-13,0.0,0.0,0.0,0.0,60.0,-4.887188538305054e-07,-0.0,-0.0,0.0,283.1644592285156,287.4449462890625,288.6285095214844,288.9419860839844,293.1499938964844,293.1499938964844,278.1499938964844,0.0,18000.0,313.1499938964844,0.0,18000.0,0.0,0.0,0.0,0.0,0.0,0.0,0.0,0.0,0.0,-0.0,0.0,0.0,-7.778098853284027e-21,-3.889049426642014e-21,-3.889049426642014e-21,0.0,0.0,-0.0,0.0,0.0,0.0,-0.0,0.0,0.0,0.0,0.0,0.0,4.0,0.0,0.0
12095640,298.0105895996094,303.1499938964844,285.1499938964844,0.0,-0.0,287.4275817871094,0.0,0.0,0.0,297.98736572265625,303.1499938964844,285.1499938964844,0.0,-0.0,287.42779541015625,0.0,0.0,0.0,298.4280700683594,303.1499938964844,285.1499938964844,0.0,-0.0,287.4294738769531,0.0,0.0,0.0,297.8165588378906,303.1499938964844,285.1499938964844,0.0,-0.0,287.4265441894531,0.0,0.0,0.0,298.1109313964844,303.1499938964844,285.1499938964844,0.0,-0.0,287.4272155761719,0.0,0.0,0.0,287.34197998046875,294.1499938964844,281.5030517578125,280.9769287109375,286.3927917480469,284.307373046875,286.897705078125,0.0,0.0,0.0,0.0,1.0,1.0,-5.260428052357435e-13,-1.1747121096749342e-17,5.26054568829315e-13,-7.01833393918633e-13,0.0,0.0,0.0,0.0,60.0,-4.887188538305054e-07,-0.0,-0.0,0.0,283.1644592285156,287.4449462890625,288.6285095214844,288.9419860839844,293.1499938964844,293.1499938964844,278.1499938964844,0.0,18000.0,313.1499938964844,0.0,18000.0,0.0,0.0,0.0,0.0,0.0,0.0,0.0,0.0,0.0,-0.0,0.0,0.0,-7.778098853284027e-21,-3.889049426642014e-21,-3.889049426642014e-21,0.0,0.0,-0.0,0.0,0.0,0.0,-0.0,0.0,0.0,0.0,0.0,0.0,4.0,0.0,0.0
12095700,298.0086364746094,303.1499938964844,285.1499938964844,0.0,-0.0,287.4275817871094,0.0,0.0,0.0,297.985595703125,303.1499938964844,285.1499938964844,0.0,-0.0,287.42779541015625,0.0,0.0,0.0,298.4261779785156,303.1499938964844,285.1499938964844,0.0,-0.0,287.4294738769531,0.0,0.0,0.0,297.81500244140625,303.1499938964844,285.1499938964844,0.0,-0.0,287.4265441894531,0.0,0.0,0.0,298.1098937988281,303.1499938964844,285.1499938964844,0.0,-0.0,287.4272155761719,0.0,0.0,0.0,287.34197998046875,294.1499938964844,281.4940185546875,280.9634704589844,286.3927917480469,284.307373046875,286.8976745605469,0.0,0.0,0.0,0.0,1.0,1.0,-3.181548991273986e-12,-9.087388838714698e-18,3.181558098572235e-12,-5.038813984115098e-12,0.0,0.0,0.0,-1.4551915228366852e-11,60.0,-4.713670591627306e-07,-0.0,-0.0,0.0,283.1644592285156,287.4449462890625,288.6285095214844,288.9419860839844,293.1499938964844,293.1499938964844,278.1499938964844,0.0,18000.0,313.1499938964844,0.0,18000.0,0.0,0.0,0.0,0.0,0.0,0.0,0.0,0.0,0.0,-0.0,0.0,0.0,-7.778098853284027e-21,-3.889049426642014e-21,-3.889049426642014e-21,0.0,0.0,-0.0,0.0,0.0,0.0,-0.0,0.0,0.0,0.0,0.0,0.0,4.0,0.0,0.0
12095760,298.00665283203125,303.1499938964844,285.1499938964844,0.0,-0.0,287.4275817871094,0.0,0.0,0.0,297.9838256835937,303.1499938964844,285.1499938964844,0.0,-0.0,287.42779541015625,0.0,0.0,0.0,298.42431640625,303.1499938964844,285.1499938964844,0.0,-0.0,287.4294738769531,0.0,0.0,0.0,297.8134460449219,303.1499938964844,285.1499938964844,0.0,-0.0,287.4265441894531,0.0,0.0,0.0,298.1088256835937,303.1499938964844,285.1499938964844,0.0,-0.0,287.4272155761719,0.0,0.0,0.0,287.34197998046875,294.1499938964844,281.4850769042969,280.9500732421875,286.3927917480469,284.307373046875,286.8976135253906,0.0,0.0,0.0,0.0,1.0,1.0,-5.260428052357435e-13,-1.1747121923929956e-17,5.26054568829315e-13,-7.01833393918633e-13,0.0,0.0,0.0,0.0,60.0,-4.546073455458101e-07,-0.0,-0.0,0.0,283.1644592285156,287.4449462890625,288.6285095214844,288.9419860839844,293.1499938964844,293.1499938964844,278.1499938964844,0.0,18000.0,313.1499938964844,0.0,18000.0,0.0,0.0,0.0,0.0,0.0,0.0,0.0,0.0,0.0,-0.0,0.0,0.0,-7.778098853284027e-21,-3.889049426642014e-21,-3.889049426642014e-21,0.0,0.0,-0.0,0.0,0.0,0.0,-0.0,0.0,0.0,0.0,0.0,0.0,4.0,0.0,0.0
12095820,298.002685546875,303.1499938964844,285.1499938964844,0.0,-0.0,287.4275817871094,0.0,0.0,0.0,297.98028564453125,303.1499938964844,285.1499938964844,0.0,-0.0,287.42779541015625,0.0,0.0,0.0,298.4205322265625,303.1499938964844,285.1499938964844,0.0,-0.0,287.4294738769531,0.0,0.0,0.0,297.8103332519531,303.1499938964844,285.1499938964844,0.0,-0.0,287.4265441894531,0.0,0.0,0.0,298.106689453125,303.1499938964844,285.1499938964844,0.0,-0.0,287.4272155761719,0.0,0.0,0.0,287.34197998046875,294.1499938964844,281.4673767089844,280.9233703613281,286.3927917480469,284.307373046875,286.8975524902344,0.0,0.0,0.0,0.0,1.0,1.0,-3.181548991273986e-12,-9.087388838714698e-18,3.181558098572235e-12,-5.038813984115098e-12,0.0,0.0,0.0,-1.4551915228366852e-11,60.0,-4.227502188314247e-07,-0.0,-0.0,0.0,283.1644592285156,287.4449462890625,288.6285095214844,288.9419860839844,293.1499938964844,293.1499938964844,278.1499938964844,0.0,18000.0,313.1499938964844,0.0,18000.0,0.0,0.0,0.0,0.0,0.0,0.0,0.0,0.0,0.0,-0.0,0.0,0.0,-7.778098853284027e-21,-3.889049426642014e-21,-3.889049426642014e-21,0.0,0.0,-0.0,0.0,0.0,0.0,-0.0,0.0,0.0,0.0,0.0,0.0,4.0,0.0,0.0
12095880,298.002685546875,303.1499938964844,285.1499938964844,0.0,-0.0,287.4275817871094,0.0,0.0,0.0,297.98028564453125,303.1499938964844,285.1499938964844,0.0,-0.0,287.42779541015625,0.0,0.0,0.0,298.4205322265625,303.1499938964844,285.1499938964844,0.0,-0.0,287.4294738769531,0.0,0.0,0.0,297.8103332519531,303.1499938964844,285.1499938964844,0.0,-0.0,287.4265441894531,0.0,0.0,0.0,298.106689453125,303.1499938964844,285.1499938964844,0.0,-0.0,287.4272155761719,0.0,0.0,0.0,287.34197998046875,294.1499938964844,281.4673767089844,280.9233703613281,286.3927917480469,284.307373046875,286.8975524902344,0.0,0.0,0.0,0.0,1.0,1.0,-3.181548991273986e-12,-9.087388838714698e-18,3.181558098572235e-12,-5.038813984115098e-12,0.0,0.0,0.0,-1.4551915228366852e-11,60.0,-4.227502188314247e-07,-0.0,-0.0,0.0,283.1644592285156,287.4449462890625,288.6285095214844,288.9419860839844,293.1499938964844,293.1499938964844,278.1499938964844,0.0,18000.0,313.1499938964844,0.0,18000.0,0.0,0.0,0.0,0.0,0.0,0.0,0.0,0.0,0.0,-0.0,0.0,0.0,-7.778098853284027e-21,-3.889049426642014e-21,-3.889049426642014e-21,0.0,0.0,-0.0,0.0,0.0,0.0,-0.0,0.0,0.0,0.0,0.0,0.0,4.0,0.0,0.0
12095940,297.99871826171875,303.1499938964844,285.1499938964844,0.0,-0.0,287.4275817871094,0.0,0.0,0.0,297.9767150878906,303.1499938964844,285.1499938964844,0.0,-0.0,287.42779541015625,0.0,0.0,0.0,298.416748046875,303.1499938964844,285.1499938964844,0.0,-0.0,287.4294738769531,0.0,0.0,0.0,297.80718994140625,303.1499938964844,285.1499938964844,0.0,-0.0,287.4265441894531,0.0,0.0,0.0,298.10455322265625,303.1499938964844,285.1499938964844,0.0,-0.0,287.4272155761719,0.0,0.0,0.0,287.34197998046875,294.1499938964844,281.45001220703125,280.8968505859375,286.3927917480469,284.307373046875,286.8974609375,0.0,0.0,0.0,0.0,1.0,1.0,-5.260428052357435e-13,-1.1747121096749342e-17,5.26054568829315e-13,-7.01833393918633e-13,0.0,0.0,0.0,0.0,60.0,-3.941493957881903e-07,-0.0,-0.0,0.0,283.1644592285156,287.4449462890625,288.6285095214844,288.9419860839844,293.1499938964844,293.1499938964844,278.1499938964844,0.0,18000.0,313.1499938964844,0.0,18000.0,0.0,0.0,0.0,0.0,0.0,0.0,0.0,0.0,0.0,-0.0,0.0,0.0,-7.778098853284027e-21,-3.889049426642014e-21,-3.889049426642014e-21,0.0,0.0,-0.0,0.0,0.0,0.0,-0.0,0.0,0.0,0.0,0.0,0.0,4.0,0.0,0.0
12096000,297.99871826171875,303.1499938964844,285.1499938964844,0.0,-0.0,287.4275817871094,0.0,0.0,0.0,297.9767150878906,303.1499938964844,285.1499938964844,0.0,-0.0,287.42779541015625,0.0,0.0,0.0,298.416748046875,303.1499938964844,285.1499938964844,0.0,-0.0,287.4294738769531,0.0,0.0,0.0,297.80718994140625,303.1499938964844,285.1499938964844,0.0,-0.0,287.4265441894531,0.0,0.0,0.0,298.10455322265625,303.1499938964844,285.1499938964844,0.0,-0.0,287.4272155761719,0.0,0.0,0.0,287.34197998046875,294.1499938964844,281.45001220703125,280.8968505859375,286.3927917480469,284.307373046875,286.8974609375,0.0,0.0,0.0,0.0,1.0,1.0,-5.260428052357435e-13,-1.1747121096749342e-17,5.26054568829315e-13,-7.01833393918633e-13,0.0,0.0,0.0,0.0,60.0,-3.941493957881903e-07,-0.0,-0.0,0.0,283.1644592285156,287.4449462890625,288.6285095214844,288.9419860839844,293.1499938964844,293.1499938964844,278.1499938964844,0.0,18000.0,313.1499938964844,0.0,18000.0,0.0,0.0,0.0,0.0,0.0,0.0,0.0,0.0,0.0,-0.0,0.0,0.0,-7.778098853284027e-21,-3.889049426642014e-21,-3.889049426642014e-21,0.0,0.0,-0.0,0.0,0.0,0.0,-0.0,0.0,0.0,0.0,0.0,0.0,4.0,0.0,0.0
12096060,297.99481201171875,303.1499938964844,285.1499938964844,0.0,-0.0,287.4275817871094,0.0,0.0,0.0,297.97320556640625,303.1499938964844,285.1499938964844,0.0,-0.0,287.42779541015625,0.0,0.0,0.0,298.4129943847656,303.1499938964844,285.1499938964844,0.0,-0.0,287.4294738769531,0.0,0.0,0.0,297.8040771484375,303.1499938964844,285.1499938964844,0.0,-0.0,287.4265441894531,0.0,0.0,0.0,298.1024475097656,303.1499938964844,285.1499938964844,0.0,-0.0,287.4272155761719,0.0,0.0,0.0,287.34197998046875,294.1499938964844,281.4328308105469,280.87030029296875,286.3927917480469,284.307373046875,286.8973999023437,0.0,0.0,0.0,0.0,1.0,1.0,-5.260428052357435e-13,-1.1747121096749342e-17,5.26054568829315e-13,-7.01833393918633e-13,0.0,0.0,0.0,0.0,60.0,-3.656168701127172e-07,-0.0,-0.0,0.0,283.1644592285156,287.4449462890625,288.6285095214844,288.9419860839844,293.1499938964844,293.1499938964844,278.1499938964844,0.0,18000.0,313.1499938964844,0.0,18000.0,0.0,0.0,0.0,0.0,0.0,0.0,0.0,0.0,0.0,-0.0,0.0,0.0,-7.778098853284027e-21,-3.889049426642014e-21,-3.889049426642014e-21,0.0,0.0,-0.0,0.0,0.0,0.0,-0.0,0.0,0.0,0.0,0.0,0.0,4.0,0.0,0.0
12096120,297.99481201171875,303.1499938964844,285.1499938964844,0.0,-0.0,287.4275817871094,0.0,0.0,0.0,297.97320556640625,303.1499938964844,285.1499938964844,0.0,-0.0,287.42779541015625,0.0,0.0,0.0,298.4129943847656,303.1499938964844,285.1499938964844,0.0,-0.0,287.4294738769531,0.0,0.0,0.0,297.8040771484375,303.1499938964844,285.1499938964844,0.0,-0.0,287.4265441894531,0.0,0.0,0.0,298.1024475097656,303.1499938964844,285.1499938964844,0.0,-0.0,287.4272155761719,0.0,0.0,0.0,287.34197998046875,294.1499938964844,281.4328308105469,280.87030029296875,286.3927917480469,284.307373046875,286.8973999023437,0.0,0.0,0.0,0.0,1.0,1.0,-5.260428052357435e-13,-1.1747121096749342e-17,5.26054568829315e-13,-7.01833393918633e-13,0.0,0.0,0.0,0.0,60.0,-3.656168701127172e-07,-0.0,-0.0,0.0,283.1644592285156,287.4449462890625,288.6285095214844,288.9419860839844,293.1499938964844,293.1499938964844,278.1499938964844,0.0,18000.0,313.1499938964844,0.0,18000.0,0.0,0.0,0.0,0.0,0.0,0.0,0.0,0.0,0.0,-0.0,0.0,0.0,-7.778098853284027e-21,-3.889049426642014e-21,-3.889049426642014e-21,0.0,0.0,-0.0,0.0,0.0,0.0,-0.0,0.0,0.0,0.0,0.0,0.0,4.0,0.0,0.0
12096180,297.9909362792969,303.1499938964844,285.1499938964844,0.0,-0.0,287.4275817871094,0.0,0.0,2.558390240110786e-13,297.9697265625,303.1499938964844,285.1499938964844,0.0,-0.0,287.42779541015625,0.0,0.0,2.694109854910892e-13,298.4092712402344,303.1499938964844,285.1499938964844,0.0,-0.0,287.4294738769531,0.0,0.0,1.9898615903884281e-13,297.801025390625,303.1499938964844,285.1499938964844,0.0,-0.0,287.4265441894531,0.0,0.0,2.694107957557092e-13,298.10040283203125,303.1499938964844,285.1499938964844,0.0,-0.0,287.4272155761719,0.0,0.0,1.277968724767986e-12,287.34197998046875,294.1499938964844,281.4157409667969,280.8435974121094,286.3927917480469,284.307373046875,286.8973388671875,0.0,0.0,0.0,0.0,1.0,1.0,-4.703856119718519e-13,-1.1128707635914901e-17,4.703967792542285e-13,-2.3833101291115266e-12,0.0,0.0,0.0,0.0,60.0,-3.394753775864956e-07,-0.0,-5.066788513209878e-25,0.0,283.1644592285156,287.4449462890625,288.6285095214844,288.9419860839844,293.1499938964844,293.1499938964844,278.1499938964844,0.0,18000.0,313.1499938964844,0.0,18000.0,0.0,0.0,0.0,0.0,0.0,0.0,0.0,0.0,0.0,-0.0,0.0,0.0,-7.778098853284027e-21,-3.889049426642014e-21,-3.889049426642014e-21,0.0,0.0,-0.0,0.0,0.0,0.0,-0.0,0.0,0.0,0.0,0.0,0.0,4.0,0.0,0.0
12096240,297.9909362792969,303.1499938964844,285.1499938964844,0.0,-0.0,287.4275817871094,0.0,0.0,2.558390240110786e-13,297.9697265625,303.1499938964844,285.1499938964844,0.0,-0.0,287.42779541015625,0.0,0.0,2.694109854910892e-13,298.4092712402344,303.1499938964844,285.1499938964844,0.0,-0.0,287.4294738769531,0.0,0.0,1.9898615903884281e-13,297.801025390625,303.1499938964844,285.1499938964844,0.0,-0.0,287.4265441894531,0.0,0.0,2.694107957557092e-13,298.10040283203125,303.1499938964844,285.1499938964844,0.0,-0.0,287.4272155761719,0.0,0.0,1.277968724767986e-12,287.34197998046875,294.1499938964844,281.4157409667969,280.8435974121094,286.3927917480469,284.307373046875,286.8973388671875,0.0,0.0,0.0,0.0,1.0,1.0,-4.703856119718519e-13,-1.1128707635914901e-17,4.703967792542285e-13,-2.3833101291115266e-12,0.0,0.0,0.0,0.0,60.0,-3.394753775864956e-07,-0.0,-5.066788513209878e-25,0.0,283.1644592285156,287.4449462890625,288.6285095214844,288.9419860839844,293.1499938964844,293.1499938964844,278.1499938964844,0.0,18000.0,313.1499938964844,0.0,18000.0,0.0,0.0,0.0,0.0,0.0,0.0,0.0,0.0,0.0,-0.0,0.0,0.0,-7.778098853284027e-21,-3.889049426642014e-21,-3.889049426642014e-21,0.0,0.0,-0.0,0.0,0.0,0.0,-0.0,0.0,0.0,0.0,0.0,0.0,4.0,0.0,0.0
12096300,297.9890441894531,303.1499938964844,285.1499938964844,0.0,-0.0,287.4275817871094,0.0,0.0,-2.558390240110786e-13,297.968017578125,303.1499938964844,285.1499938964844,0.0,-0.0,287.42779541015625,0.0,0.0,-2.694109854910892e-13,298.4074401855469,303.1499938964844,285.1499938964844,0.0,-0.0,287.4294738769531,0.0,0.0,-1.9898615903884281e-13,297.79949951171875,303.1499938964844,285.1499938964844,0.0,-0.0,287.4265441894531,0.0,0.0,-2.694107957557092e-13,298.0993957519531,303.1499938964844,285.1499938964844,0.0,-0.0,287.4272155761719,0.0,0.0,-1.277968724767986e-12,287.34197998046875,294.1499938964844,281.4072265625,280.8302001953125,286.3927917480469,284.307373046875,286.89727783203125,0.0,0.0,0.0,0.0,1.0,1.0,-3.2372060761176602e-12,-9.705800645187919e-18,3.237215833937213e-12,-3.3573374115525297e-12,0.0,0.0,0.0,-1.4551915228366852e-11,60.0,-3.2745208500273293e-07,-0.0,-5.066788513209878e-25,0.0,283.1644592285156,287.4449462890625,288.6285095214844,288.9419860839844,293.1499938964844,293.1499938964844,278.1499938964844,0.0,18000.0,313.1499938964844,0.0,18000.0,0.0,0.0,0.0,0.0,0.0,0.0,0.0,0.0,0.0,-0.0,0.0,0.0,-7.778098853284027e-21,-3.889049426642014e-21,-3.889049426642014e-21,0.0,0.0,-0.0,0.0,0.0,0.0,-0.0,0.0,0.0,0.0,0.0,0.0,4.0,0.0,0.0
12096360,297.9871520996094,303.1499938964844,285.1499938964844,0.0,-0.0,287.4275817871094,0.0,0.0,0.0,297.96630859375,303.1499938964844,285.1499938964844,0.0,-0.0,287.42779541015625,0.0,0.0,0.0,298.40557861328125,303.1499938964844,285.1499938964844,0.0,-0.0,287.4294738769531,0.0,0.0,0.0,297.7980041503906,303.1499938964844,285.1499938964844,0.0,-0.0,287.4265441894531,0.0,0.0,0.0,298.098388671875,303.1499938964844,285.1499938964844,0.0,-0.0,287.4272155761719,0.0,0.0,0.0,287.34197998046875,294.1499938964844,281.3987121582031,280.8167419433594,286.3927917480469,284.307373046875,286.8972473144531,0.0,0.0,0.0,0.0,1.0,1.0,-5.260428052357435e-13,-1.1747121096749342e-17,5.26054568829315e-13,-7.01833393918633e-13,0.0,0.0,0.0,0.0,60.0,-3.1595254768035375e-07,-0.0,-0.0,0.0,283.1644592285156,287.4449462890625,288.6285095214844,288.9419860839844,293.1499938964844,293.1499938964844,278.1499938964844,0.0,18000.0,313.1499938964844,0.0,18000.0,0.0,0.0,0.0,0.0,0.0,0.0,0.0,0.0,0.0,-0.0,0.0,0.0,-7.778098853284027e-21,-3.889049426642014e-21,-3.889049426642014e-21,0.0,0.0,-0.0,0.0,0.0,0.0,-0.0,0.0,0.0,0.0,0.0,0.0,4.0,0.0,0.0
12096420,297.9833374023437,303.1499938964844,285.1499938964844,0.0,-0.0,287.4275817871094,0.0,0.0,0.0,297.962890625,303.1499938964844,285.1499938964844,0.0,-0.0,287.42779541015625,0.0,0.0,0.0,298.40191650390625,303.1499938964844,285.1499938964844,0.0,-0.0,287.4294738769531,0.0,0.0,0.0,297.79498291015625,303.1499938964844,285.1499938964844,0.0,-0.0,287.4265441894531,0.0,0.0,0.0,298.0964050292969,303.1499938964844,285.1499938964844,0.0,-0.0,287.4272155761719,0.0,0.0,0.0,287.34197998046875,294.1499938964844,281.3817749023437,280.7897644042969,286.3927917480469,284.307373046875,286.897216796875,0.0,0.0,0.0,0.0,1.0,1.0,-5.260428052357435e-13,-1.1747121096749342e-17,5.26054568829315e-13,-7.01833393918633e-13,0.0,0.0,0.0,0.0,60.0,-2.93773268822406e-07,-0.0,-0.0,0.0,283.1644592285156,287.4449462890625,288.6285095214844,288.9419860839844,293.1499938964844,293.1499938964844,278.1499938964844,0.0,18000.0,313.1499938964844,0.0,18000.0,0.0,0.0,0.0,0.0,0.0,0.0,0.0,0.0,0.0,-0.0,0.0,0.0,-7.778098853284027e-21,-3.889049426642014e-21,-3.889049426642014e-21,0.0,0.0,-0.0,0.0,0.0,0.0,-0.0,0.0,0.0,0.0,0.0,0.0,4.0,0.0,0.0
12096480,297.9833374023437,303.1499938964844,285.1499938964844,0.0,-0.0,287.4275817871094,0.0,0.0,0.0,297.962890625,303.1499938964844,285.1499938964844,0.0,-0.0,287.42779541015625,0.0,0.0,0.0,298.40191650390625,303.1499938964844,285.1499938964844,0.0,-0.0,287.4294738769531,0.0,0.0,0.0,297.79498291015625,303.1499938964844,285.1499938964844,0.0,-0.0,287.4265441894531,0.0,0.0,0.0,298.0964050292969,303.1499938964844,285.1499938964844,0.0,-0.0,287.4272155761719,0.0,0.0,0.0,287.34197998046875,294.1499938964844,281.3817749023437,280.7897644042969,286.3927917480469,284.307373046875,286.897216796875,0.0,0.0,0.0,0.0,1.0,1.0,-5.260428052357435e-13,-1.1747121096749342e-17,5.26054568829315e-13,-7.01833393918633e-13,0.0,0.0,0.0,0.0,60.0,-2.93773268822406e-07,-0.0,-0.0,0.0,283.1644592285156,287.4449462890625,288.6285095214844,288.9419860839844,293.1499938964844,293.1499938964844,278.1499938964844,0.0,18000.0,313.1499938964844,0.0,18000.0,0.0,0.0,0.0,0.0,0.0,0.0,0.0,0.0,0.0,-0.0,0.0,0.0,-7.778098853284027e-21,-3.889049426642014e-21,-3.889049426642014e-21,0.0,0.0,-0.0,0.0,0.0,0.0,-0.0,0.0,0.0,0.0,0.0,0.0,4.0,0.0,0.0
12096540,297.9795837402344,303.1499938964844,285.1499938964844,0.0,-0.0,287.4275817871094,0.0,0.0,0.0,297.95947265625,303.1499938964844,285.1499938964844,0.0,-0.0,287.42779541015625,0.0,0.0,0.0,298.3982849121094,303.1499938964844,285.1499938964844,0.0,-0.0,287.4294738769531,0.0,0.0,0.0,297.7919921875,303.1499938964844,285.1499938964844,0.0,-0.0,287.4265441894531,0.0,0.0,0.0,298.09442138671875,303.1499938964844,285.1499938964844,0.0,-0.0,287.4272155761719,0.0,0.0,0.0,287.34197998046875,294.1499938964844,281.36492919921875,280.7626647949219,286.3927917480469,284.307373046875,286.89715576171875,0.0,0.0,0.0,0.0,1.0,1.0,-5.260428052357435e-13,-1.1747121096749342e-17,5.26054568829315e-13,-7.01833393918633e-13,0.0,0.0,0.0,0.0,60.0,-2.730057815369946e-07,-0.0,-0.0,0.0,283.1644592285156,287.4449462890625,288.6285095214844,288.9419860839844,293.1499938964844,293.1499938964844,278.1499938964844,0.0,18000.0,313.1499938964844,0.0,18000.0,0.0,0.0,0.0,0.0,0.0,0.0,0.0,0.0,0.0,-0.0,0.0,0.0,-7.778098853284027e-21,-3.889049426642014e-21,-3.889049426642014e-21,0.0,0.0,-0.0,0.0,0.0,0.0,-0.0,0.0,0.0,0.0,0.0,0.0,4.0,0.0,0.0
12096600,297.9795837402344,303.1499938964844,285.1499938964844,0.0,-0.0,287.4275817871094,0.0,0.0,0.0,297.95947265625,303.1499938964844,285.1499938964844,0.0,-0.0,287.42779541015625,0.0,0.0,0.0,298.3982849121094,303.1499938964844,285.1499938964844,0.0,-0.0,287.4294738769531,0.0,0.0,0.0,297.7919921875,303.1499938964844,285.1499938964844,0.0,-0.0,287.4265441894531,0.0,0.0,0.0,298.09442138671875,303.1499938964844,285.1499938964844,0.0,-0.0,287.4272155761719,0.0,0.0,0.0,287.34197998046875,294.1499938964844,281.36492919921875,280.7626647949219,286.3927917480469,284.307373046875,286.89715576171875,0.0,0.0,0.0,0.0,1.0,1.0,-5.260428052357435e-13,-1.1747121096749342e-17,5.26054568829315e-13,-7.01833393918633e-13,0.0,0.0,0.0,0.0,60.0,-2.730057815369946e-07,-0.0,-0.0,0.0,283.1644592285156,287.4449462890625,288.6285095214844,288.9419860839844,293.1499938964844,293.1499938964844,278.1499938964844,0.0,18000.0,313.1499938964844,0.0,18000.0,0.0,0.0,0.0,0.0,0.0,0.0,0.0,0.0,0.0,-0.0,0.0,0.0,-7.778098853284027e-21,-3.889049426642014e-21,-3.889049426642014e-21,0.0,0.0,-0.0,0.0,0.0,0.0,-0.0,0.0,0.0,0.0,0.0,0.0,4.0,0.0,0.0
12096660,297.9759826660156,303.1499938964844,285.1499938964844,0.0,-0.0,287.4275817871094,0.0,0.0,0.0,297.9560852050781,303.1499938964844,285.1499938964844,0.0,-0.0,287.42779541015625,0.0,0.0,0.0,298.3946228027344,303.1499938964844,285.1499938964844,0.0,-0.0,287.4294738769531,0.0,0.0,0.0,297.7889099121094,303.1499938964844,285.1499938964844,0.0,-0.0,287.4265441894531,0.0,0.0,0.0,298.09246826171875,303.1499938964844,285.1499938964844,0.0,-0.0,287.4272155761719,0.0,0.0,0.0,287.34197998046875,294.1499938964844,281.3481140136719,280.7354431152344,286.3927917480469,284.307373046875,286.8970947265625,0.0,0.0,0.0,0.0,1.0,1.0,-5.260428052357435e-13,-1.1747121096749342e-17,5.26054568829315e-13,-7.01833393918633e-13,0.0,0.0,0.0,0.0,60.0,-2.5401448056072695e-07,-0.0,-0.0,0.0,283.1644592285156,287.4449462890625,288.6285095214844,288.9419860839844,293.1499938964844,293.1499938964844,278.1499938964844,0.0,18000.0,313.1499938964844,0.0,18000.0,0.0,0.0,0.0,0.0,0.0,0.0,0.0,0.0,0.0,-0.0,0.0,0.0,-7.778098853284027e-21,-3.889049426642014e-21,-3.889049426642014e-21,0.0,0.0,-0.0,0.0,0.0,0.0,-0.0,0.0,0.0,0.0,0.0,0.0,4.0,0.0,0.0
12096720,297.9759826660156,303.1499938964844,285.1499938964844,0.0,-0.0,287.4275817871094,0.0,0.0,0.0,297.9560852050781,303.1499938964844,285.1499938964844,0.0,-0.0,287.42779541015625,0.0,0.0,0.0,298.3946228027344,303.1499938964844,285.1499938964844,0.0,-0.0,287.4294738769531,0.0,0.0,0.0,297.7889099121094,303.1499938964844,285.1499938964844,0.0,-0.0,287.4265441894531,0.0,0.0,0.0,298.09246826171875,303.1499938964844,285.1499938964844,0.0,-0.0,287.4272155761719,0.0,0.0,0.0,287.34197998046875,294.1499938964844,281.3481140136719,280.7354431152344,286.3927917480469,284.307373046875,286.8970947265625,0.0,0.0,0.0,0.0,1.0,1.0,-5.260428052357435e-13,-1.1747121096749342e-17,5.26054568829315e-13,-7.01833393918633e-13,0.0,0.0,0.0,0.0,60.0,-2.5401448056072695e-07,-0.0,-0.0,0.0,283.1644592285156,287.4449462890625,288.6285095214844,288.9419860839844,293.1499938964844,293.1499938964844,278.1499938964844,0.0,18000.0,313.1499938964844,0.0,18000.0,0.0,0.0,0.0,0.0,0.0,0.0,0.0,0.0,0.0,-0.0,0.0,0.0,-7.778098853284027e-21,-3.889049426642014e-21,-3.889049426642014e-21,0.0,0.0,-0.0,0.0,0.0,0.0,-0.0,0.0,0.0,0.0,0.0,0.0,4.0,0.0,0.0
12096780,297.97247314453125,303.1499938964844,285.1499938964844,0.0,-0.0,287.4275817871094,0.0,0.0,0.0,297.9527282714844,303.1499938964844,285.1499938964844,0.0,-0.0,287.42779541015625,0.0,0.0,0.0,298.3909912109375,303.1499938964844,285.1499938964844,0.0,-0.0,287.4294738769531,0.0,0.0,0.0,297.7857666015625,303.1499938964844,285.1499938964844,0.0,-0.0,287.4265441894531,0.0,0.0,0.0,298.09051513671875,303.1499938964844,285.1499938964844,0.0,-0.0,287.4272155761719,0.0,0.0,0.0,287.34197998046875,294.1499938964844,281.33135986328125,280.7081298828125,286.3927917480469,284.307373046875,286.8970642089844,0.0,0.0,0.0,0.0,1.0,1.0,-5.260428052357435e-13,-1.1747121096749342e-17,5.26054568829315e-13,-7.01833393918633e-13,0.0,0.0,0.0,0.0,60.0,-2.360478674745537e-07,-0.0,-0.0,0.0,283.1644592285156,287.4449462890625,288.6285095214844,288.9419860839844,293.1499938964844,293.1499938964844,278.1499938964844,0.0,18000.0,313.1499938964844,0.0,18000.0,0.0,0.0,0.0,0.0,0.0,0.0,0.0,0.0,0.0,-0.0,0.0,0.0,-7.778098853284027e-21,-3.889049426642014e-21,-3.889049426642014e-21,0.0,0.0,-0.0,0.0,0.0,0.0,-0.0,0.0,0.0,0.0,0.0,0.0,4.0,0.0,0.0
12096840,297.97247314453125,303.1499938964844,285.1499938964844,0.0,-0.0,287.4275817871094,0.0,0.0,0.0,297.9527282714844,303.1499938964844,285.1499938964844,0.0,-0.0,287.42779541015625,0.0,0.0,0.0,298.3909912109375,303.1499938964844,285.1499938964844,0.0,-0.0,287.4294738769531,0.0,0.0,0.0,297.7857666015625,303.1499938964844,285.1499938964844,0.0,-0.0,287.4265441894531,0.0,0.0,0.0,298.09051513671875,303.1499938964844,285.1499938964844,0.0,-0.0,287.4272155761719,0.0,0.0,0.0,287.34197998046875,294.1499938964844,281.33135986328125,280.7081298828125,286.3927917480469,284.307373046875,286.8970642089844,0.0,0.0,0.0,0.0,1.0,1.0,-5.260428052357435e-13,-1.1747121096749342e-17,5.26054568829315e-13,-7.01833393918633e-13,0.0,0.0,0.0,0.0,60.0,-2.360478674745537e-07,-0.0,-0.0,0.0,283.1644592285156,287.4449462890625,288.6285095214844,288.9419860839844,293.1499938964844,293.1499938964844,278.1499938964844,0.0,18000.0,313.1499938964844,0.0,18000.0,0.0,0.0,0.0,0.0,0.0,0.0,0.0,0.0,0.0,-0.0,0.0,0.0,-7.778098853284027e-21,-3.889049426642014e-21,-3.889049426642014e-21,0.0,0.0,-0.0,0.0,0.0,0.0,-0.0,0.0,0.0,0.0,0.0,0.0,4.0,0.0,0.0
12096900,297.97076416015625,303.1499938964844,285.1499938964844,0.0,-0.0,287.4275817871094,0.0,0.0,0.0,297.9510192871094,303.1499938964844,285.1499938964844,0.0,-0.0,287.42779541015625,0.0,0.0,0.0,298.38916015625,303.1499938964844,285.1499938964844,0.0,-0.0,287.4294738769531,0.0,0.0,0.0,297.7841796875,303.1499938964844,285.1499938964844,0.0,-0.0,287.4265441894531,0.0,0.0,0.0,298.08953857421875,303.1499938964844,285.1499938964844,0.0,-0.0,287.4272155761719,0.0,0.0,0.0,287.34197998046875,294.1499938964844,281.3230285644531,280.6944580078125,286.3927917480469,284.307373046875,286.89703369140625,0.0,0.0,0.0,0.0,1.0,1.0,-5.260428052357435e-13,-1.1747121096749342e-17,5.26054568829315e-13,-7.01833393918633e-13,0.0,0.0,0.0,0.0,60.0,-2.276907764553471e-07,-0.0,-0.0,0.0,283.1644592285156,287.4449462890625,288.6285095214844,288.9419860839844,293.1499938964844,293.1499938964844,278.1499938964844,0.0,18000.0,313.1499938964844,0.0,18000.0,0.0,0.0,0.0,0.0,0.0,0.0,0.0,0.0,0.0,-0.0,0.0,0.0,-7.778098853284027e-21,-3.889049426642014e-21,-3.889049426642014e-21,0.0,0.0,-0.0,0.0,0.0,0.0,-0.0,0.0,0.0,0.0,0.0,0.0,4.0,0.0,0.0
12096960,297.96905517578125,303.1499938964844,285.1499938964844,0.0,-0.0,287.4275817871094,0.0,0.0,0.0,297.9493408203125,303.1499938964844,285.1499938964844,0.0,-0.0,287.42779541015625,0.0,0.0,0.0,298.3873596191406,303.1499938964844,285.1499938964844,0.0,-0.0,287.4294738769531,0.0,0.0,0.0,297.7825622558594,303.1499938964844,285.1499938964844,0.0,-0.0,287.4265441894531,0.0,0.0,0.0,298.08856201171875,303.1499938964844,285.1499938964844,0.0,-0.0,287.4272155761719,0.0,0.0,0.0,287.34197998046875,294.1499938964844,281.3146667480469,280.6807556152344,286.3927917480469,284.307373046875,286.8970031738281,0.0,0.0,0.0,0.0,1.0,1.0,-5.260428052357435e-13,-1.1747121096749342e-17,5.26054568829315e-13,-7.01833393918633e-13,0.0,0.0,0.0,0.0,60.0,-2.1949308859348093e-07,-0.0,-0.0,0.0,283.1644592285156,287.4449462890625,288.6285095214844,288.9419860839844,293.1499938964844,293.1499938964844,278.1499938964844,0.0,18000.0,313.1499938964844,0.0,18000.0,0.0,0.0,0.0,0.0,0.0,0.0,0.0,0.0,0.0,-0.0,0.0,0.0,-7.778098853284027e-21,-3.889049426642014e-21,-3.889049426642014e-21,0.0,0.0,-0.0,0.0,0.0,0.0,-0.0,0.0,0.0,0.0,0.0,0.0,4.0,0.0,0.0
12097020,297.9656677246094,303.1499938964844,285.1499938964844,0.0,-0.0,287.4275817871094,0.0,0.0,0.0,297.9459533691406,303.1499938964844,285.1499938964844,0.0,-0.0,287.42779541015625,0.0,0.0,0.0,298.3837280273437,303.1499938964844,285.1499938964844,0.0,-0.0,287.4294738769531,0.0,0.0,0.0,297.77935791015625,303.1499938964844,285.1499938964844,0.0,-0.0,287.4265441894531,0.0,0.0,0.0,298.0866394042969,303.1499938964844,285.1499938964844,0.0,-0.0,287.4272155761719,0.0,0.0,0.0,287.34197998046875,294.1499938964844,281.29803466796875,280.6533203125,286.3927917480469,284.307373046875,286.89697265625,0.0,0.0,0.0,0.0,1.0,1.0,-5.260428052357435e-13,-1.1747121096749342e-17,5.26054568829315e-13,-7.01833393918633e-13,0.0,0.0,0.0,0.0,60.0,-2.042590523387844e-07,-0.0,-0.0,0.0,283.1644592285156,287.4449462890625,288.6285095214844,288.9419860839844,293.1499938964844,293.1499938964844,278.1499938964844,0.0,18000.0,313.1499938964844,0.0,18000.0,0.0,0.0,0.0,0.0,0.0,0.0,0.0,0.0,0.0,-0.0,0.0,0.0,-7.778098853284027e-21,-3.889049426642014e-21,-3.889049426642014e-21,0.0,0.0,-0.0,0.0,0.0,0.0,-0.0,0.0,0.0,0.0,0.0,0.0,4.0,0.0,0.0
12097080,297.9656677246094,303.1499938964844,285.1499938964844,0.0,-0.0,287.4275817871094,0.0,0.0,0.0,297.9459533691406,303.1499938964844,285.1499938964844,0.0,-0.0,287.42779541015625,0.0,0.0,0.0,298.3837280273437,303.1499938964844,285.1499938964844,0.0,-0.0,287.4294738769531,0.0,0.0,0.0,297.77935791015625,303.1499938964844,285.1499938964844,0.0,-0.0,287.4265441894531,0.0,0.0,0.0,298.0866394042969,303.1499938964844,285.1499938964844,0.0,-0.0,287.4272155761719,0.0,0.0,0.0,287.34197998046875,294.1499938964844,281.29803466796875,280.6533203125,286.3927917480469,284.307373046875,286.89697265625,0.0,0.0,0.0,0.0,1.0,1.0,-5.260428052357435e-13,-1.1747121096749342e-17,5.26054568829315e-13,-7.01833393918633e-13,0.0,0.0,0.0,0.0,60.0,-2.042590523387844e-07,-0.0,-0.0,0.0,283.1644592285156,287.4449462890625,288.6285095214844,288.9419860839844,293.1499938964844,293.1499938964844,278.1499938964844,0.0,18000.0,313.1499938964844,0.0,18000.0,0.0,0.0,0.0,0.0,0.0,0.0,0.0,0.0,0.0,-0.0,0.0,0.0,-7.778098853284027e-21,-3.889049426642014e-21,-3.889049426642014e-21,0.0,0.0,-0.0,0.0,0.0,0.0,-0.0,0.0,0.0,0.0,0.0,0.0,4.0,0.0,0.0
12097140,297.9623413085937,303.1499938964844,285.1499938964844,0.0,-0.0,287.4275817871094,0.0,0.0,0.0,297.9425964355469,303.1499938964844,285.1499938964844,0.0,-0.0,287.42779541015625,0.0,0.0,0.0,298.38006591796875,303.1499938964844,285.1499938964844,0.0,-0.0,287.4294738769531,0.0,0.0,0.0,297.7761535644531,303.1499938964844,285.1499938964844,0.0,-0.0,287.4265441894531,0.0,0.0,0.0,298.08465576171875,303.1499938964844,285.1499938964844,0.0,-0.0,287.4272155761719,0.0,0.0,0.0,287.34197998046875,294.1499938964844,281.28143310546875,280.6258544921875,286.3927917480469,284.307373046875,286.8969421386719,0.0,0.0,0.0,0.0,1.0,1.0,-5.260428052357435e-13,-1.1747121096749342e-17,5.26054568829315e-13,-7.01833393918633e-13,0.0,0.0,0.0,0.0,60.0,-1.8998142081727565e-07,-0.0,-0.0,0.0,283.1644592285156,287.4449462890625,288.6285095214844,288.9419860839844,293.1499938964844,293.1499938964844,278.1499938964844,0.0,18000.0,313.1499938964844,0.0,18000.0,0.0,0.0,0.0,0.0,0.0,0.0,0.0,0.0,0.0,-0.0,0.0,0.0,-7.778098853284027e-21,-3.889049426642014e-21,-3.889049426642014e-21,0.0,0.0,-0.0,0.0,0.0,0.0,-0.0,0.0,0.0,0.0,0.0,0.0,4.0,0.0,0.0
12097200,297.9623413085937,303.1499938964844,285.1499938964844,0.0,-0.0,287.4275817871094,0.0,0.0,0.0,297.9425964355469,303.1499938964844,285.1499938964844,0.0,-0.0,287.42779541015625,0.0,0.0,0.0,298.38006591796875,303.1499938964844,285.1499938964844,0.0,-0.0,287.4294738769531,0.0,0.0,0.0,297.7761535644531,303.1499938964844,285.1499938964844,0.0,-0.0,287.4265441894531,0.0,0.0,0.0,298.08465576171875,303.1499938964844,285.1499938964844,0.0,-0.0,287.4272155761719,0.0,0.0,0.0,287.34197998046875,294.1499938964844,281.28143310546875,280.6258544921875,286.3927917480469,284.307373046875,286.8969421386719,0.0,0.0,0.0,0.0,1.0,1.0,-5.260428052357435e-13,-1.1747121096749342e-17,5.26054568829315e-13,-7.01833393918633e-13,0.0,0.0,0.0,0.0,60.0,-1.8998142081727565e-07,-0.0,-0.0,0.0,283.1644592285156,287.4449462890625,288.6285095214844,288.9419860839844,293.1499938964844,293.1499938964844,278.1499938964844,0.0,18000.0,313.1499938964844,0.0,18000.0,0.0,0.0,0.0,0.0,0.0,0.0,0.0,0.0,0.0,-0.0,0.0,0.0,-7.778098853284027e-21,-3.889049426642014e-21,-3.889049426642014e-21,0.0,0.0,-0.0,0.0,0.0,0.0,-0.0,0.0,0.0,0.0,0.0,0.0,4.0,0.0,0.0
12097260,297.958984375,303.1499938964844,285.1499938964844,0.0,-0.0,287.4275817871094,0.0,0.0,0.0,297.939208984375,303.1499938964844,285.1499938964844,0.0,-0.0,287.42779541015625,0.0,0.0,0.0,298.3764343261719,303.1499938964844,285.1499938964844,0.0,-0.0,287.4294738769531,0.0,0.0,0.0,297.7728881835937,303.1499938964844,285.1499938964844,0.0,-0.0,287.4265441894531,0.0,0.0,0.0,298.08270263671875,303.1499938964844,285.1499938964844,0.0,-0.0,287.4272155761719,0.0,0.0,0.0,287.34197998046875,294.1499938964844,281.2648620605469,280.5983581542969,286.3927917480469,284.307373046875,286.8969116210937,0.0,0.0,0.0,0.0,1.0,1.0,-5.260428052357435e-13,-1.1747121096749342e-17,5.26054568829315e-13,-7.01833393918633e-13,0.0,0.0,0.0,0.0,60.0,-1.7663739981799156e-07,-0.0,-0.0,0.0,283.1644592285156,287.4449462890625,288.6285095214844,288.9419860839844,293.1499938964844,293.1499938964844,278.1499938964844,0.0,18000.0,313.1499938964844,0.0,18000.0,0.0,0.0,0.0,0.0,0.0,0.0,0.0,0.0,0.0,-0.0,0.0,0.0,-7.778098853284027e-21,-3.889049426642014e-21,-3.889049426642014e-21,0.0,0.0,-0.0,0.0,0.0,0.0,-0.0,0.0,0.0,0.0,0.0,0.0,4.0,0.0,0.0
12097320,297.958984375,303.1499938964844,285.1499938964844,0.0,-0.0,287.4275817871094,0.0,0.0,0.0,297.939208984375,303.1499938964844,285.1499938964844,0.0,-0.0,287.42779541015625,0.0,0.0,0.0,298.3764343261719,303.1499938964844,285.1499938964844,0.0,-0.0,287.4294738769531,0.0,0.0,0.0,297.7728881835937,303.1499938964844,285.1499938964844,0.0,-0.0,287.4265441894531,0.0,0.0,0.0,298.08270263671875,303.1499938964844,285.1499938964844,0.0,-0.0,287.4272155761719,0.0,0.0,0.0,287.34197998046875,294.1499938964844,281.2648620605469,280.5983581542969,286.3927917480469,284.307373046875,286.8969116210937,0.0,0.0,0.0,0.0,1.0,1.0,-5.260428052357435e-13,-1.1747121096749342e-17,5.26054568829315e-13,-7.01833393918633e-13,0.0,0.0,0.0,0.0,60.0,-1.7663739981799156e-07,-0.0,-0.0,0.0,283.1644592285156,287.4449462890625,288.6285095214844,288.9419860839844,293.1499938964844,293.1499938964844,278.1499938964844,0.0,18000.0,313.1499938964844,0.0,18000.0,0.0,0.0,0.0,0.0,0.0,0.0,0.0,0.0,0.0,-0.0,0.0,0.0,-7.778098853284027e-21,-3.889049426642014e-21,-3.889049426642014e-21,0.0,0.0,-0.0,0.0,0.0,0.0,-0.0,0.0,0.0,0.0,0.0,0.0,4.0,0.0,0.0
12097380,297.9556579589844,303.1499938964844,285.1499938964844,0.0,-0.0,287.4275817871094,0.0,0.0,-2.558390240110786e-13,297.9358215332031,303.1499938964844,285.1499938964844,0.0,-0.0,287.42779541015625,0.0,0.0,-2.694109854910892e-13,298.3727722167969,303.1499938964844,285.1499938964844,0.0,-0.0,287.4294738769531,0.0,0.0,-1.9898615903884281e-13,297.7696533203125,303.1499938964844,285.1499938964844,0.0,-0.0,287.4265441894531,0.0,0.0,-2.694107957557092e-13,298.0807189941406,303.1499938964844,285.1499938964844,0.0,-0.0,287.4272155761719,0.0,0.0,-1.277968724767986e-12,287.34197998046875,294.1499938964844,281.24835205078125,280.57086181640625,286.3927917480469,284.307373046875,286.8968505859375,0.0,0.0,0.0,0.0,1.0,1.0,-3.2372060761176602e-12,-9.70580147236853e-18,3.237215833937213e-12,-3.3573374115525297e-12,0.0,0.0,0.0,-1.4551915228366852e-11,60.0,-1.642725635520037e-07,-0.0,-5.066788513209878e-25,0.0,283.1644592285156,287.4449462890625,288.6285095214844,288.9419860839844,293.1499938964844,293.1499938964844,278.1499938964844,0.0,18000.0,313.1499938964844,0.0,18000.0,0.0,0.0,0.0,0.0,0.0,0.0,0.0,0.0,0.0,-0.0,0.0,0.0,-7.778098853284027e-21,-3.889049426642014e-21,-3.889049426642014e-21,0.0,0.0,-0.0,0.0,0.0,0.0,-0.0,0.0,0.0,0.0,0.0,0.0,4.0,0.0,0.0
12097440,297.9556579589844,303.1499938964844,285.1499938964844,0.0,-0.0,287.4275817871094,0.0,0.0,-2.558390240110786e-13,297.9358215332031,303.1499938964844,285.1499938964844,0.0,-0.0,287.42779541015625,0.0,0.0,-2.694109854910892e-13,298.3727722167969,303.1499938964844,285.1499938964844,0.0,-0.0,287.4294738769531,0.0,0.0,-1.9898615903884281e-13,297.7696533203125,303.1499938964844,285.1499938964844,0.0,-0.0,287.4265441894531,0.0,0.0,-2.694107957557092e-13,298.0807189941406,303.1499938964844,285.1499938964844,0.0,-0.0,287.4272155761719,0.0,0.0,-1.277968724767986e-12,287.34197998046875,294.1499938964844,281.24835205078125,280.57086181640625,286.3927917480469,284.307373046875,286.8968505859375,0.0,0.0,0.0,0.0,1.0,1.0,-3.2372060761176602e-12,-9.70580147236853e-18,3.237215833937213e-12,-3.3573374115525297e-12,0.0,0.0,0.0,-1.4551915228366852e-11,60.0,-1.642725635520037e-07,-0.0,-5.066788513209878e-25,0.0,283.1644592285156,287.4449462890625,288.6285095214844,288.9419860839844,293.1499938964844,293.1499938964844,278.1499938964844,0.0,18000.0,313.1499938964844,0.0,18000.0,0.0,0.0,0.0,0.0,0.0,0.0,0.0,0.0,0.0,-0.0,0.0,0.0,-7.778098853284027e-21,-3.889049426642014e-21,-3.889049426642014e-21,0.0,0.0,-0.0,0.0,0.0,0.0,-0.0,0.0,0.0,0.0,0.0,0.0,4.0,0.0,0.0
12097500,297.9540100097656,303.1499938964844,285.1499938964844,0.0,-0.0,287.4275817871094,0.0,0.0,0.0,297.93414306640625,303.1499938964844,285.1499938964844,0.0,-0.0,287.42779541015625,0.0,0.0,0.0,298.3709411621094,303.1499938964844,285.1499938964844,0.0,-0.0,287.4294738769531,0.0,0.0,0.0,297.7680053710937,303.1499938964844,285.1499938964844,0.0,-0.0,287.4265441894531,0.0,0.0,0.0,298.0797119140625,303.1499938964844,285.1499938964844,0.0,-0.0,287.4272155761719,0.0,0.0,0.0,287.34197998046875,294.1499938964844,281.2400817871094,280.5570983886719,286.3927917480469,284.307373046875,286.8968505859375,0.0,0.0,0.0,0.0,1.0,1.0,-5.260428052357435e-13,-1.1747121096749342e-17,5.26054568829315e-13,-7.01833393918633e-13,0.0,0.0,0.0,0.0,60.0,-1.58534177785441e-07,-0.0,-0.0,0.0,283.1644592285156,287.4449462890625,288.6285095214844,288.9419860839844,293.1499938964844,293.1499938964844,278.1499938964844,0.0,18000.0,313.1499938964844,0.0,18000.0,0.0,0.0,0.0,0.0,0.0,0.0,0.0,0.0,0.0,-0.0,0.0,0.0,-7.778098853284027e-21,-3.889049426642014e-21,-3.889049426642014e-21,0.0,0.0,-0.0,0.0,0.0,0.0,-0.0,0.0,0.0,0.0,0.0,0.0,4.0,0.0,0.0
12097560,297.95233154296875,303.1499938964844,285.1499938964844,0.0,-0.0,287.4275817871094,0.0,0.0,0.0,297.9324645996094,303.1499938964844,285.1499938964844,0.0,-0.0,287.42779541015625,0.0,0.0,0.0,298.3691101074219,303.1499938964844,285.1499938964844,0.0,-0.0,287.4294738769531,0.0,0.0,0.0,297.7663879394531,303.1499938964844,285.1499938964844,0.0,-0.0,287.4265441894531,0.0,0.0,0.0,298.0787353515625,303.1499938964844,285.1499938964844,0.0,-0.0,287.4272155761719,0.0,0.0,0.0,287.34197998046875,294.1499938964844,281.2318420410156,280.5433654785156,286.3927917480469,284.307373046875,286.8968505859375,0.0,0.0,0.0,0.0,1.0,1.0,-5.260428052357435e-13,-1.1747121096749342e-17,5.26054568829315e-13,-7.01833393918633e-13,0.0,0.0,0.0,0.0,60.0,-1.530235067548347e-07,-0.0,-0.0,0.0,283.1644592285156,287.4449462890625,288.6285095214844,288.9419860839844,293.1499938964844,293.1499938964844,278.1499938964844,0.0,18000.0,313.1499938964844,0.0,18000.0,0.0,0.0,0.0,0.0,0.0,0.0,0.0,0.0,0.0,-0.0,0.0,0.0,-7.778098853284027e-21,-3.889049426642014e-21,-3.889049426642014e-21,0.0,0.0,-0.0,0.0,0.0,0.0,-0.0,0.0,0.0,0.0,0.0,0.0,4.0,0.0,0.0
12097620,297.94903564453125,303.1499938964844,285.1499938964844,0.0,-0.0,287.4275817871094,0.0,0.0,0.0,297.9290771484375,303.1499938964844,285.1499938964844,0.0,-0.0,287.42779541015625,0.0,0.0,0.0,298.3654479980469,303.1499938964844,285.1499938964844,0.0,-0.0,287.4294738769531,0.0,0.0,0.0,297.7631225585937,303.1499938964844,285.1499938964844,0.0,-0.0,287.4265441894531,0.0,0.0,0.0,298.07672119140625,303.1499938964844,285.1499938964844,0.0,-0.0,287.4272155761719,0.0,0.0,0.0,287.34197998046875,294.1499938964844,281.2153625488281,280.515869140625,286.3927917480469,284.307373046875,286.8968200683594,0.0,0.0,0.0,0.0,1.0,1.0,-5.260428052357435e-13,-1.1747121096749342e-17,5.26054568829315e-13,-7.01833393918633e-13,0.0,0.0,0.0,0.0,60.0,-1.423665167976651e-07,-0.0,-0.0,0.0,283.1644592285156,287.4449462890625,288.6285095214844,288.9419860839844,293.1499938964844,293.1499938964844,278.1499938964844,0.0,18000.0,313.1499938964844,0.0,18000.0,0.0,0.0,0.0,0.0,0.0,0.0,0.0,0.0,0.0,-0.0,0.0,0.0,-7.778098853284027e-21,-3.889049426642014e-21,-3.889049426642014e-21,0.0,0.0,-0.0,0.0,0.0,0.0,-0.0,0.0,0.0,0.0,0.0,0.0,4.0,0.0,0.0
12097680,297.94903564453125,303.1499938964844,285.1499938964844,0.0,-0.0,287.4275817871094,0.0,0.0,0.0,297.9290771484375,303.1499938964844,285.1499938964844,0.0,-0.0,287.42779541015625,0.0,0.0,0.0,298.3654479980469,303.1499938964844,285.1499938964844,0.0,-0.0,287.4294738769531,0.0,0.0,0.0,297.7631225585937,303.1499938964844,285.1499938964844,0.0,-0.0,287.4265441894531,0.0,0.0,0.0,298.07672119140625,303.1499938964844,285.1499938964844,0.0,-0.0,287.4272155761719,0.0,0.0,0.0,287.34197998046875,294.1499938964844,281.2153625488281,280.515869140625,286.3927917480469,284.307373046875,286.8968200683594,0.0,0.0,0.0,0.0,1.0,1.0,-5.260428052357435e-13,-1.1747121096749342e-17,5.26054568829315e-13,-7.01833393918633e-13,0.0,0.0,0.0,0.0,60.0,-1.423665167976651e-07,-0.0,-0.0,0.0,283.1644592285156,287.4449462890625,288.6285095214844,288.9419860839844,293.1499938964844,293.1499938964844,278.1499938964844,0.0,18000.0,313.1499938964844,0.0,18000.0,0.0,0.0,0.0,0.0,0.0,0.0,0.0,0.0,0.0,-0.0,0.0,0.0,-7.778098853284027e-21,-3.889049426642014e-21,-3.889049426642014e-21,0.0,0.0,-0.0,0.0,0.0,0.0,-0.0,0.0,0.0,0.0,0.0,0.0,4.0,0.0,0.0
12097740,297.9457092285156,303.1499938964844,285.1499938964844,0.0,-0.0,287.4275817871094,0.0,0.0,2.558390240110786e-13,297.9256896972656,303.1499938964844,285.1499938964844,0.0,-0.0,287.42779541015625,0.0,0.0,2.694109854910892e-13,298.3617553710937,303.1499938964844,285.1499938964844,0.0,-0.0,287.4294738769531,0.0,0.0,1.9898615903884281e-13,297.75982666015625,303.1499938964844,285.1499938964844,0.0,-0.0,287.4265441894531,0.0,0.0,2.694107957557092e-13,298.0746765136719,303.1499938964844,285.1499938964844,0.0,-0.0,287.4272155761719,0.0,0.0,1.277968724767986e-12,287.34197998046875,294.1499938964844,281.1988830566406,280.4884338378906,286.3927917480469,284.307373046875,286.89678955078125,0.0,0.0,0.0,0.0,1.0,1.0,2.1851205740663904e-12,-1.3788440721130154e-17,-2.1851066962785826e-12,1.953670732135482e-12,0.0,0.0,0.0,1.4551915228366852e-11,60.0,-1.339183341997341e-07,-0.0,-5.066788513209878e-25,0.0,283.1644592285156,287.4449462890625,288.6285095214844,288.9419860839844,293.1499938964844,293.1499938964844,278.1499938964844,0.0,18000.0,313.1499938964844,0.0,18000.0,0.0,0.0,0.0,0.0,0.0,0.0,0.0,0.0,0.0,-0.0,0.0,0.0,-7.778098853284027e-21,-3.889049426642014e-21,-3.889049426642014e-21,0.0,0.0,-0.0,0.0,0.0,0.0,-0.0,0.0,0.0,0.0,0.0,0.0,4.0,0.0,0.0
12097800,297.9457092285156,303.1499938964844,285.1499938964844,0.0,-0.0,287.4275817871094,0.0,0.0,2.558390240110786e-13,297.9256896972656,303.1499938964844,285.1499938964844,0.0,-0.0,287.42779541015625,0.0,0.0,2.694109854910892e-13,298.3617553710937,303.1499938964844,285.1499938964844,0.0,-0.0,287.4294738769531,0.0,0.0,1.9898615903884281e-13,297.75982666015625,303.1499938964844,285.1499938964844,0.0,-0.0,287.4265441894531,0.0,0.0,2.694107957557092e-13,298.0746765136719,303.1499938964844,285.1499938964844,0.0,-0.0,287.4272155761719,0.0,0.0,1.277968724767986e-12,287.34197998046875,294.1499938964844,281.1988830566406,280.4884338378906,286.3927917480469,284.307373046875,286.89678955078125,0.0,0.0,0.0,0.0,1.0,1.0,2.1851205740663904e-12,-1.3788440721130154e-17,-2.1851066962785826e-12,1.953670732135482e-12,0.0,0.0,0.0,1.4551915228366852e-11,60.0,-1.339183341997341e-07,-0.0,-5.066788513209878e-25,0.0,283.1644592285156,287.4449462890625,288.6285095214844,288.9419860839844,293.1499938964844,293.1499938964844,278.1499938964844,0.0,18000.0,313.1499938964844,0.0,18000.0,0.0,0.0,0.0,0.0,0.0,0.0,0.0,0.0,0.0,-0.0,0.0,0.0,-7.778098853284027e-21,-3.889049426642014e-21,-3.889049426642014e-21,0.0,0.0,-0.0,0.0,0.0,0.0,-0.0,0.0,0.0,0.0,0.0,0.0,4.0,0.0,0.0
12097860,297.9423828125,303.1499938964844,285.1499938964844,0.0,-0.0,287.4275817871094,0.0,0.0,0.0,297.9223022460937,303.1499938964844,285.1499938964844,0.0,-0.0,287.42779541015625,0.0,0.0,0.0,298.3580627441406,303.1499938964844,285.1499938964844,0.0,-0.0,287.4294738769531,0.0,0.0,0.0,297.7565612792969,303.1499938964844,285.1499938964844,0.0,-0.0,287.4265441894531,0.0,0.0,0.0,298.0726318359375,303.1499938964844,285.1499938964844,0.0,-0.0,287.4272155761719,0.0,0.0,0.0,287.34197998046875,294.1499938964844,281.1824035644531,280.4610595703125,286.3927917480469,284.307373046875,286.8967590332031,0.0,0.0,0.0,0.0,1.0,1.0,-5.260428052357435e-13,-1.1747121096749342e-17,5.26054568829315e-13,-7.01833393918633e-13,0.0,0.0,0.0,0.0,60.0,-1.2380786529320176e-07,-0.0,-0.0,0.0,283.1644592285156,287.4449462890625,288.6285095214844,288.9419860839844,293.1499938964844,293.1499938964844,278.1499938964844,0.0,18000.0,313.1499938964844,0.0,18000.0,0.0,0.0,0.0,0.0,0.0,0.0,0.0,0.0,0.0,-0.0,0.0,0.0,-7.778098853284027e-21,-3.889049426642014e-21,-3.889049426642014e-21,0.0,0.0,-0.0,0.0,0.0,0.0,-0.0,0.0,0.0,0.0,0.0,0.0,4.0,0.0,0.0
12097920,297.9423828125,303.1499938964844,285.1499938964844,0.0,-0.0,287.4275817871094,0.0,0.0,0.0,297.9223022460937,303.1499938964844,285.1499938964844,0.0,-0.0,287.42779541015625,0.0,0.0,0.0,298.3580627441406,303.1499938964844,285.1499938964844,0.0,-0.0,287.4294738769531,0.0,0.0,0.0,297.7565612792969,303.1499938964844,285.1499938964844,0.0,-0.0,287.4265441894531,0.0,0.0,0.0,298.0726318359375,303.1499938964844,285.1499938964844,0.0,-0.0,287.4272155761719,0.0,0.0,0.0,287.34197998046875,294.1499938964844,281.1824035644531,280.4610595703125,286.3927917480469,284.307373046875,286.8967590332031,0.0,0.0,0.0,0.0,1.0,1.0,-5.260428052357435e-13,-1.1747121096749342e-17,5.26054568829315e-13,-7.01833393918633e-13,0.0,0.0,0.0,0.0,60.0,-1.2380786529320176e-07,-0.0,-0.0,0.0,283.1644592285156,287.4449462890625,288.6285095214844,288.9419860839844,293.1499938964844,293.1499938964844,278.1499938964844,0.0,18000.0,313.1499938964844,0.0,18000.0,0.0,0.0,0.0,0.0,0.0,0.0,0.0,0.0,0.0,-0.0,0.0,0.0,-7.778098853284027e-21,-3.889049426642014e-21,-3.889049426642014e-21,0.0,0.0,-0.0,0.0,0.0,0.0,-0.0,0.0,0.0,0.0,0.0,0.0,4.0,0.0,0.0
12097980,297.9390563964844,303.1499938964844,285.1499938964844,0.0,-0.0,287.4275817871094,0.0,0.0,0.0,297.9189147949219,303.1499938964844,285.1499938964844,0.0,-0.0,287.42779541015625,0.0,0.0,0.0,298.3543701171875,303.1499938964844,285.1499938964844,0.0,-0.0,287.4294738769531,0.0,0.0,0.0,297.7532653808594,303.1499938964844,285.1499938964844,0.0,-0.0,287.4265441894531,0.0,0.0,0.0,298.070556640625,303.1499938964844,285.1499938964844,0.0,-0.0,287.4272155761719,0.0,0.0,0.0,287.34197998046875,294.1499938964844,281.1659545898437,280.4337463378906,286.3927917480469,284.307373046875,286.896728515625,0.0,0.0,0.0,0.0,1.0,1.0,-5.260428052357435e-13,-1.1747121096749342e-17,5.26054568829315e-13,-7.01833393918633e-13,0.0,0.0,0.0,0.0,60.0,-1.148814874341042e-07,-0.0,-0.0,0.0,283.1644592285156,287.4449462890625,288.6285095214844,288.9419860839844,293.1499938964844,293.1499938964844,278.1499938964844,0.0,18000.0,313.1499938964844,0.0,18000.0,0.0,0.0,0.0,0.0,0.0,0.0,0.0,0.0,0.0,-0.0,0.0,0.0,-7.778098853284027e-21,-3.889049426642014e-21,-3.889049426642014e-21,0.0,0.0,-0.0,0.0,0.0,0.0,-0.0,0.0,0.0,0.0,0.0,0.0,4.0,0.0,0.0
12098040,297.9390563964844,303.1499938964844,285.1499938964844,0.0,-0.0,287.4275817871094,0.0,0.0,0.0,297.9189147949219,303.1499938964844,285.1499938964844,0.0,-0.0,287.42779541015625,0.0,0.0,0.0,298.3543701171875,303.1499938964844,285.1499938964844,0.0,-0.0,287.4294738769531,0.0,0.0,0.0,297.7532653808594,303.1499938964844,285.1499938964844,0.0,-0.0,287.4265441894531,0.0,0.0,0.0,298.070556640625,303.1499938964844,285.1499938964844,0.0,-0.0,287.4272155761719,0.0,0.0,0.0,287.34197998046875,294.1499938964844,281.1659545898437,280.4337463378906,286.3927917480469,284.307373046875,286.896728515625,0.0,0.0,0.0,0.0,1.0,1.0,-5.260428052357435e-13,-1.1747121096749342e-17,5.26054568829315e-13,-7.01833393918633e-13,0.0,0.0,0.0,0.0,60.0,-1.148814874341042e-07,-0.0,-0.0,0.0,283.1644592285156,287.4449462890625,288.6285095214844,288.9419860839844,293.1499938964844,293.1499938964844,278.1499938964844,0.0,18000.0,313.1499938964844,0.0,18000.0,0.0,0.0,0.0,0.0,0.0,0.0,0.0,0.0,0.0,-0.0,0.0,0.0,-7.778098853284027e-21,-3.889049426642014e-21,-3.889049426642014e-21,0.0,0.0,-0.0,0.0,0.0,0.0,-0.0,0.0,0.0,0.0,0.0,0.0,4.0,0.0,0.0
12098100,297.9373779296875,303.1499938964844,285.1499938964844,0.0,-0.0,287.4275817871094,0.0,0.0,0.0,297.9172058105469,303.1499938964844,285.1499938964844,0.0,-0.0,287.42779541015625,0.0,0.0,0.0,298.3525085449219,303.1499938964844,285.1499938964844,0.0,-0.0,287.4294738769531,0.0,0.0,0.0,297.7516174316406,303.1499938964844,285.1499938964844,0.0,-0.0,287.4265441894531,0.0,0.0,0.0,298.06951904296875,303.1499938964844,285.1499938964844,0.0,-0.0,287.4272155761719,0.0,0.0,0.0,287.34197998046875,294.1499938964844,281.1577453613281,280.4201354980469,286.3927917480469,284.307373046875,286.896728515625,0.0,0.0,0.0,0.0,1.0,1.0,-5.260428052357435e-13,-1.1747121096749342e-17,5.26054568829315e-13,-7.01833393918633e-13,0.0,0.0,0.0,0.0,60.0,-1.1060047455657697e-07,-0.0,-0.0,0.0,283.1644592285156,287.4449462890625,288.6285095214844,288.9419860839844,293.1499938964844,293.1499938964844,278.1499938964844,0.0,18000.0,313.1499938964844,0.0,18000.0,0.0,0.0,0.0,0.0,0.0,0.0,0.0,0.0,0.0,-0.0,0.0,0.0,-7.778098853284027e-21,-3.889049426642014e-21,-3.889049426642014e-21,0.0,0.0,-0.0,0.0,0.0,0.0,-0.0,0.0,0.0,0.0,0.0,0.0,4.0,0.0,0.0
12098160,297.93572998046875,303.1499938964844,285.1499938964844,0.0,-0.0,287.4275817871094,0.0,0.0,2.558390240110786e-13,297.91552734375,303.1499938964844,285.1499938964844,0.0,-0.0,287.42779541015625,0.0,0.0,2.694109854910892e-13,298.3506774902344,303.1499938964844,285.1499938964844,0.0,-0.0,287.4294738769531,0.0,0.0,1.9898615903884281e-13,297.7499694824219,303.1499938964844,285.1499938964844,0.0,-0.0,287.4265441894531,0.0,0.0,2.694107957557092e-13,298.0684509277344,303.1499938964844,285.1499938964844,0.0,-0.0,287.4272155761719,0.0,0.0,1.277968724767986e-12,287.34197998046875,294.1499938964844,281.1495056152344,280.4065246582031,286.3927917480469,284.307373046875,286.896728515625,0.0,0.0,0.0,0.0,1.0,1.0,2.1851205740663904e-12,-1.3788440721130154e-17,-2.1851066962785826e-12,1.953670732135482e-12,0.0,0.0,0.0,1.4551915228366852e-11,60.0,-1.0736694378010725e-07,-0.0,-5.066788513209878e-25,0.0,283.1644592285156,287.4449462890625,288.6285095214844,288.9419860839844,293.1499938964844,293.1499938964844,278.1499938964844,0.0,18000.0,313.1499938964844,0.0,18000.0,0.0,0.0,0.0,0.0,0.0,0.0,0.0,0.0,0.0,-0.0,0.0,0.0,-7.778098853284027e-21,-3.889049426642014e-21,-3.889049426642014e-21,0.0,0.0,-0.0,0.0,0.0,0.0,-0.0,0.0,0.0,0.0,0.0,0.0,4.0,0.0,0.0
12098220,297.932373046875,303.1499938964844,285.1499938964844,0.0,-0.0,287.4275817871094,0.0,0.0,0.0,297.912109375,303.1499938964844,285.1499938964844,0.0,-0.0,287.42779541015625,0.0,0.0,0.0,298.3469543457031,303.1499938964844,285.1499938964844,0.0,-0.0,287.4294738769531,0.0,0.0,0.0,297.7466735839844,303.1499938964844,285.1499938964844,0.0,-0.0,287.4265441894531,0.0,0.0,0.0,298.0663146972656,303.1499938964844,285.1499938964844,0.0,-0.0,287.4272155761719,0.0,0.0,0.0,287.34197998046875,294.1499938964844,281.133056640625,280.37939453125,286.3927917480469,284.307373046875,286.8966979980469,0.0,0.0,0.0,0.0,1.0,1.0,-5.260428052357435e-13,-1.1747121096749342e-17,5.26054568829315e-13,-7.01833393918633e-13,0.0,0.0,0.0,0.0,60.0,-9.907816433951669e-08,-0.0,-0.0,0.0,283.1644592285156,287.4449462890625,288.6285095214844,288.9419860839844,293.1499938964844,293.1499938964844,278.1499938964844,0.0,18000.0,313.1499938964844,0.0,18000.0,0.0,0.0,0.0,0.0,0.0,0.0,0.0,0.0,0.0,-0.0,0.0,0.0,-7.778098853284027e-21,-3.889049426642014e-21,-3.889049426642014e-21,0.0,0.0,-0.0,0.0,0.0,0.0,-0.0,0.0,0.0,0.0,0.0,0.0,4.0,0.0,0.0
12098280,297.932373046875,303.1499938964844,285.1499938964844,0.0,-0.0,287.4275817871094,0.0,0.0,0.0,297.912109375,303.1499938964844,285.1499938964844,0.0,-0.0,287.42779541015625,0.0,0.0,0.0,298.3469543457031,303.1499938964844,285.1499938964844,0.0,-0.0,287.4294738769531,0.0,0.0,0.0,297.7466735839844,303.1499938964844,285.1499938964844,0.0,-0.0,287.4265441894531,0.0,0.0,0.0,298.0663146972656,303.1499938964844,285.1499938964844,0.0,-0.0,287.4272155761719,0.0,0.0,0.0,287.34197998046875,294.1499938964844,281.133056640625,280.37939453125,286.3927917480469,284.307373046875,286.8966979980469,0.0,0.0,0.0,0.0,1.0,1.0,-5.260428052357435e-13,-1.1747121096749342e-17,5.26054568829315e-13,-7.01833393918633e-13,0.0,0.0,0.0,0.0,60.0,-9.907816433951669e-08,-0.0,-0.0,0.0,283.1644592285156,287.4449462890625,288.6285095214844,288.9419860839844,293.1499938964844,293.1499938964844,278.1499938964844,0.0,18000.0,313.1499938964844,0.0,18000.0,0.0,0.0,0.0,0.0,0.0,0.0,0.0,0.0,0.0,-0.0,0.0,0.0,-7.778098853284027e-21,-3.889049426642014e-21,-3.889049426642014e-21,0.0,0.0,-0.0,0.0,0.0,0.0,-0.0,0.0,0.0,0.0,0.0,0.0,4.0,0.0,0.0
12098340,297.9290466308594,303.1499938964844,285.1499938964844,0.0,-0.0,287.4275817871094,0.0,0.0,0.0,297.90869140625,303.1499938964844,285.1499938964844,0.0,-0.0,287.42779541015625,0.0,0.0,0.0,298.3432006835937,303.1499938964844,285.1499938964844,0.0,-0.0,287.4294738769531,0.0,0.0,0.0,297.74334716796875,303.1499938964844,285.1499938964844,0.0,-0.0,287.4265441894531,0.0,0.0,0.0,298.06414794921875,303.1499938964844,285.1499938964844,0.0,-0.0,287.4272155761719,0.0,0.0,0.0,287.34197998046875,294.1499938964844,281.1165771484375,280.3523864746094,286.3927917480469,284.307373046875,286.89666748046875,0.0,0.0,0.0,0.0,1.0,1.0,-5.260428052357435e-13,-1.1747121096749342e-17,5.26054568829315e-13,-7.01833393918633e-13,0.0,0.0,0.0,0.0,60.0,-9.233784936668601e-08,-0.0,-0.0,0.0,283.1644592285156,287.4449462890625,288.6285095214844,288.9419860839844,293.1499938964844,293.1499938964844,278.1499938964844,0.0,18000.0,313.1499938964844,0.0,18000.0,0.0,0.0,0.0,0.0,0.0,0.0,0.0,0.0,0.0,-0.0,0.0,0.0,-7.778098853284027e-21,-3.889049426642014e-21,-3.889049426642014e-21,0.0,0.0,-0.0,0.0,0.0,0.0,-0.0,0.0,0.0,0.0,0.0,0.0,4.0,0.0,0.0
12098400,297.9290466308594,303.1499938964844,285.1499938964844,0.0,-0.0,287.4275817871094,0.0,0.0,0.0,297.90869140625,303.1499938964844,285.1499938964844,0.0,-0.0,287.42779541015625,0.0,0.0,0.0,298.3432006835937,303.1499938964844,285.1499938964844,0.0,-0.0,287.4294738769531,0.0,0.0,0.0,297.74334716796875,303.1499938964844,285.1499938964844,0.0,-0.0,287.4265441894531,0.0,0.0,0.0,298.06414794921875,303.1499938964844,285.1499938964844,0.0,-0.0,287.4272155761719,0.0,0.0,0.0,287.34197998046875,294.1499938964844,281.1165771484375,280.3523864746094,286.3927917480469,284.307373046875,286.89666748046875,0.0,0.0,0.0,0.0,1.0,1.0,-5.260428052357435e-13,-1.1747121096749342e-17,5.26054568829315e-13,-7.01833393918633e-13,0.0,0.0,0.0,0.0,60.0,-9.233784936668601e-08,-0.0,-0.0,0.0,283.1644592285156,287.4449462890625,288.6285095214844,288.9419860839844,293.1499938964844,293.1499938964844,278.1499938964844,0.0,18000.0,313.1499938964844,0.0,18000.0,0.0,0.0,0.0,0.0,0.0,0.0,0.0,0.0,0.0,-0.0,0.0,0.0,-7.778098853284027e-21,-3.889049426642014e-21,-3.889049426642014e-21,0.0,0.0,-0.0,0.0,0.0,0.0,-0.0,0.0,0.0,0.0,0.0,0.0,4.0,0.0,0.0
12098460,297.9256896972656,303.1499938964844,285.1499938964844,0.0,-0.0,287.4275817871094,0.0,0.0,0.0,297.9052734375,303.1499938964844,285.1499938964844,0.0,-0.0,287.42779541015625,0.0,0.0,0.0,298.3394470214844,303.1499938964844,285.1499938964844,0.0,-0.0,287.4294738769531,0.0,0.0,0.0,297.74005126953125,303.1499938964844,285.1499938964844,0.0,-0.0,287.4265441894531,0.0,0.0,0.0,298.0619506835937,303.1499938964844,285.1499938964844,0.0,-0.0,287.4272155761719,0.0,0.0,0.0,287.34197998046875,294.1499938964844,281.1000671386719,280.3255310058594,286.3927917480469,284.307373046875,286.89666748046875,0.0,0.0,0.0,0.0,1.0,1.0,-5.260428052357435e-13,-1.1747121096749342e-17,5.26054568829315e-13,-7.01833393918633e-13,0.0,0.0,0.0,0.0,60.0,-8.593909228693519e-08,-0.0,-0.0,0.0,283.1644592285156,287.4449462890625,288.6285095214844,288.9419860839844,293.1499938964844,293.1499938964844,278.1499938964844,0.0,18000.0,313.1499938964844,0.0,18000.0,0.0,0.0,0.0,0.0,0.0,0.0,0.0,0.0,0.0,-0.0,0.0,0.0,-7.778098853284027e-21,-3.889049426642014e-21,-3.889049426642014e-21,0.0,0.0,-0.0,0.0,0.0,0.0,-0.0,0.0,0.0,0.0,0.0,0.0,4.0,0.0,0.0
12098520,297.9256896972656,303.1499938964844,285.1499938964844,0.0,-0.0,287.4275817871094,0.0,0.0,0.0,297.9052734375,303.1499938964844,285.1499938964844,0.0,-0.0,287.42779541015625,0.0,0.0,0.0,298.3394470214844,303.1499938964844,285.1499938964844,0.0,-0.0,287.4294738769531,0.0,0.0,0.0,297.74005126953125,303.1499938964844,285.1499938964844,0.0,-0.0,287.4265441894531,0.0,0.0,0.0,298.0619506835937,303.1499938964844,285.1499938964844,0.0,-0.0,287.4272155761719,0.0,0.0,0.0,287.34197998046875,294.1499938964844,281.1000671386719,280.3255310058594,286.3927917480469,284.307373046875,286.89666748046875,0.0,0.0,0.0,0.0,1.0,1.0,-5.260428052357435e-13,-1.1747121096749342e-17,5.26054568829315e-13,-7.01833393918633e-13,0.0,0.0,0.0,0.0,60.0,-8.593909228693519e-08,-0.0,-0.0,0.0,283.1644592285156,287.4449462890625,288.6285095214844,288.9419860839844,293.1499938964844,293.1499938964844,278.1499938964844,0.0,18000.0,313.1499938964844,0.0,18000.0,0.0,0.0,0.0,0.0,0.0,0.0,0.0,0.0,0.0,-0.0,0.0,0.0,-7.778098853284027e-21,-3.889049426642014e-21,-3.889049426642014e-21,0.0,0.0,-0.0,0.0,0.0,0.0,-0.0,0.0,0.0,0.0,0.0,0.0,4.0,0.0,0.0
12098580,297.9223327636719,303.1499938964844,285.1499938964844,0.0,-0.0,287.4275817871094,0.0,0.0,0.0,297.90185546875,303.1499938964844,285.1499938964844,0.0,-0.0,287.42779541015625,0.0,0.0,0.0,298.335693359375,303.1499938964844,285.1499938964844,0.0,-0.0,287.4294738769531,0.0,0.0,0.0,297.7367248535156,303.1499938964844,285.1499938964844,0.0,-0.0,287.4265441894531,0.0,0.0,0.0,298.0597229003906,303.1499938964844,285.1499938964844,0.0,-0.0,287.4272155761719,0.0,0.0,0.0,287.34197998046875,294.1499938964844,281.08355712890625,280.2987976074219,286.3927917480469,284.307373046875,286.8966369628906,0.0,0.0,0.0,0.0,1.0,1.0,-5.260428052357435e-13,-1.1747121096749342e-17,5.26054568829315e-13,-7.01833393918633e-13,0.0,0.0,0.0,0.0,60.0,-8.001854467920566e-08,-0.0,-0.0,0.0,283.1644592285156,287.4449462890625,288.6285095214844,288.9419860839844,293.1499938964844,293.1499938964844,278.1499938964844,0.0,18000.0,313.1499938964844,0.0,18000.0,0.0,0.0,0.0,0.0,0.0,0.0,0.0,0.0,0.0,-0.0,0.0,0.0,-7.778098853284027e-21,-3.889049426642014e-21,-3.889049426642014e-21,0.0,0.0,-0.0,0.0,0.0,0.0,-0.0,0.0,0.0,0.0,0.0,0.0,4.0,0.0,0.0
12098640,297.9223327636719,303.1499938964844,285.1499938964844,0.0,-0.0,287.4275817871094,0.0,0.0,0.0,297.90185546875,303.1499938964844,285.1499938964844,0.0,-0.0,287.42779541015625,0.0,0.0,0.0,298.335693359375,303.1499938964844,285.1499938964844,0.0,-0.0,287.4294738769531,0.0,0.0,0.0,297.7367248535156,303.1499938964844,285.1499938964844,0.0,-0.0,287.4265441894531,0.0,0.0,0.0,298.0597229003906,303.1499938964844,285.1499938964844,0.0,-0.0,287.4272155761719,0.0,0.0,0.0,287.34197998046875,294.1499938964844,281.08355712890625,280.2987976074219,286.3927917480469,284.307373046875,286.8966369628906,0.0,0.0,0.0,0.0,1.0,1.0,-5.260428052357435e-13,-1.1747121096749342e-17,5.26054568829315e-13,-7.01833393918633e-13,0.0,0.0,0.0,0.0,60.0,-8.001854467920566e-08,-0.0,-0.0,0.0,283.1644592285156,287.4449462890625,288.6285095214844,288.9419860839844,293.1499938964844,293.1499938964844,278.1499938964844,0.0,18000.0,313.1499938964844,0.0,18000.0,0.0,0.0,0.0,0.0,0.0,0.0,0.0,0.0,0.0,-0.0,0.0,0.0,-7.778098853284027e-21,-3.889049426642014e-21,-3.889049426642014e-21,0.0,0.0,-0.0,0.0,0.0,0.0,-0.0,0.0,0.0,0.0,0.0,0.0,4.0,0.0,0.0
12098700,297.9206237792969,303.1499938964844,285.1499938964844,0.0,-0.0,287.4275817871094,0.0,0.0,0.0,297.900146484375,303.1499938964844,285.1499938964844,0.0,-0.0,287.42779541015625,0.0,0.0,0.0,298.33380126953125,303.1499938964844,285.1499938964844,0.0,-0.0,287.4294738769531,0.0,0.0,0.0,297.73504638671875,303.1499938964844,285.1499938964844,0.0,-0.0,287.4265441894531,0.0,0.0,0.0,298.05859375,303.1499938964844,285.1499938964844,0.0,-0.0,287.4272155761719,0.0,0.0,0.0,287.34197998046875,294.1499938964844,281.0752868652344,280.2854919433594,286.3927917480469,284.307373046875,286.8966369628906,0.0,0.0,0.0,0.0,1.0,1.0,-5.260428052357435e-13,-1.1747121096749342e-17,5.26054568829315e-13,-7.01833393918633e-13,0.0,0.0,0.0,0.0,60.0,-7.724043626922139e-08,-0.0,-0.0,0.0,283.1644592285156,287.4449462890625,288.6285095214844,288.9419860839844,293.1499938964844,293.1499938964844,278.1499938964844,0.0,18000.0,313.1499938964844,0.0,18000.0,0.0,0.0,0.0,0.0,0.0,0.0,0.0,0.0,0.0,-0.0,0.0,0.0,-7.778098853284027e-21,-3.889049426642014e-21,-3.889049426642014e-21,0.0,0.0,-0.0,0.0,0.0,0.0,-0.0,0.0,0.0,0.0,0.0,0.0,4.0,0.0,0.0
12098760,297.9189453125,303.1499938964844,285.1499938964844,0.0,-0.0,287.4275817871094,0.0,0.0,0.0,297.8984375,303.1499938964844,285.1499938964844,0.0,-0.0,287.42779541015625,0.0,0.0,0.0,298.3318786621094,303.1499938964844,285.1499938964844,0.0,-0.0,287.4294738769531,0.0,0.0,0.0,297.7333984375,303.1499938964844,285.1499938964844,0.0,-0.0,287.4265441894531,0.0,0.0,0.0,298.05743408203125,303.1499938964844,285.1499938964844,0.0,-0.0,287.4272155761719,0.0,0.0,0.0,287.34197998046875,294.1499938964844,281.0670166015625,280.2722473144531,286.3927917480469,284.307373046875,286.8966369628906,0.0,0.0,0.0,0.0,1.0,1.0,-5.260428052357435e-13,-1.1747121096749342e-17,5.26054568829315e-13,-7.01833393918633e-13,0.0,0.0,0.0,0.0,60.0,-7.432570470200518e-08,-0.0,-0.0,0.0,283.1644592285156,287.4449462890625,288.6285095214844,288.9419860839844,293.1499938964844,293.1499938964844,278.1499938964844,0.0,18000.0,313.1499938964844,0.0,18000.0,0.0,0.0,0.0,0.0,0.0,0.0,0.0,0.0,0.0,-0.0,0.0,0.0,-7.778098853284027e-21,-3.889049426642014e-21,-3.889049426642014e-21,0.0,0.0,-0.0,0.0,0.0,0.0,-0.0,0.0,0.0,0.0,0.0,0.0,4.0,0.0,0.0
12098820,297.9155578613281,303.1499938964844,285.1499938964844,0.0,-0.0,287.4275817871094,0.0,0.0,0.0,297.8949890136719,303.1499938964844,285.1499938964844,0.0,-0.0,287.42779541015625,0.0,0.0,0.0,298.3280639648437,303.1499938964844,285.1499938964844,0.0,-0.0,287.4294738769531,0.0,0.0,0.0,297.73004150390625,303.1499938964844,285.1499938964844,0.0,-0.0,287.4265441894531,0.0,0.0,0.0,298.0550842285156,303.1499938964844,285.1499938964844,0.0,-0.0,287.4272155761719,0.0,0.0,0.0,287.34197998046875,294.1499938964844,281.0504455566406,280.2458801269531,286.3927917480469,284.307373046875,286.8966064453125,0.0,0.0,0.0,0.0,1.0,1.0,-5.260428052357435e-13,-1.1747121096749342e-17,5.26054568829315e-13,-7.01833393918633e-13,0.0,0.0,0.0,0.0,60.0,-7.10010894522384e-08,-0.0,-0.0,0.0,283.1644592285156,287.4449462890625,288.6285095214844,288.9419860839844,293.1499938964844,293.1499938964844,278.1499938964844,0.0,18000.0,313.1499938964844,0.0,18000.0,0.0,0.0,0.0,0.0,0.0,0.0,0.0,0.0,0.0,-0.0,0.0,0.0,-7.778098853284027e-21,-3.889049426642014e-21,-3.889049426642014e-21,0.0,0.0,-0.0,0.0,0.0,0.0,-0.0,0.0,0.0,0.0,0.0,0.0,4.0,0.0,0.0
12098880,297.9155578613281,303.1499938964844,285.1499938964844,0.0,-0.0,287.4275817871094,0.0,0.0,0.0,297.8949890136719,303.1499938964844,285.1499938964844,0.0,-0.0,287.42779541015625,0.0,0.0,0.0,298.3280639648437,303.1499938964844,285.1499938964844,0.0,-0.0,287.4294738769531,0.0,0.0,0.0,297.73004150390625,303.1499938964844,285.1499938964844,0.0,-0.0,287.4265441894531,0.0,0.0,0.0,298.0550842285156,303.1499938964844,285.1499938964844,0.0,-0.0,287.4272155761719,0.0,0.0,0.0,287.34197998046875,294.1499938964844,281.0504455566406,280.2458801269531,286.3927917480469,284.307373046875,286.8966064453125,0.0,0.0,0.0,0.0,1.0,1.0,-5.260428052357435e-13,-1.1747121096749342e-17,5.26054568829315e-13,-7.01833393918633e-13,0.0,0.0,0.0,0.0,60.0,-7.10010894522384e-08,-0.0,-0.0,0.0,283.1644592285156,287.4449462890625,288.6285095214844,288.9419860839844,293.1499938964844,293.1499938964844,278.1499938964844,0.0,18000.0,313.1499938964844,0.0,18000.0,0.0,0.0,0.0,0.0,0.0,0.0,0.0,0.0,0.0,-0.0,0.0,0.0,-7.778098853284027e-21,-3.889049426642014e-21,-3.889049426642014e-21,0.0,0.0,-0.0,0.0,0.0,0.0,-0.0,0.0,0.0,0.0,0.0,0.0,4.0,0.0,0.0
12098940,297.9121398925781,303.1499938964844,285.1499938964844,0.0,-0.0,287.4275817871094,0.0,0.0,2.558390240110786e-13,297.8915100097656,303.1499938964844,285.1499938964844,0.0,-0.0,287.42779541015625,0.0,0.0,2.694109854910892e-13,298.32421875,303.1499938964844,285.1499938964844,0.0,-0.0,287.4294738769531,0.0,0.0,1.9898615903884281e-13,297.7266845703125,303.1499938964844,285.1499938964844,0.0,-0.0,287.4265441894531,0.0,0.0,2.694107957557092e-13,298.0526733398437,303.1499938964844,285.1499938964844,0.0,-0.0,287.4272155761719,0.0,0.0,1.277968724767986e-12,287.34197998046875,294.1499938964844,281.0338439941406,280.2196960449219,286.3927917480469,284.307373046875,286.8966064453125,0.0,0.0,0.0,0.0,1.0,1.0,-4.703856119718519e-13,-1.1128708463095509e-17,4.703967792542285e-13,-2.3833101291115266e-12,0.0,0.0,0.0,0.0,60.0,-6.519439210705968e-08,-0.0,-5.066788513209878e-25,0.0,283.1644592285156,287.4449462890625,288.6285095214844,288.9419860839844,293.1499938964844,293.1499938964844,278.1499938964844,0.0,18000.0,313.1499938964844,0.0,18000.0,0.0,0.0,0.0,0.0,0.0,0.0,0.0,0.0,0.0,-0.0,0.0,0.0,-7.778098853284027e-21,-3.889049426642014e-21,-3.889049426642014e-21,0.0,0.0,-0.0,0.0,0.0,0.0,-0.0,0.0,0.0,0.0,0.0,0.0,4.0,0.0,0.0
12099000,297.9121398925781,303.1499938964844,285.1499938964844,0.0,-0.0,287.4275817871094,0.0,0.0,2.558390240110786e-13,297.8915100097656,303.1499938964844,285.1499938964844,0.0,-0.0,287.42779541015625,0.0,0.0,2.694109854910892e-13,298.32421875,303.1499938964844,285.1499938964844,0.0,-0.0,287.4294738769531,0.0,0.0,1.9898615903884281e-13,297.7266845703125,303.1499938964844,285.1499938964844,0.0,-0.0,287.4265441894531,0.0,0.0,2.694107957557092e-13,298.0526733398437,303.1499938964844,285.1499938964844,0.0,-0.0,287.4272155761719,0.0,0.0,1.277968724767986e-12,287.34197998046875,294.1499938964844,281.0338439941406,280.2196960449219,286.3927917480469,284.307373046875,286.8966064453125,0.0,0.0,0.0,0.0,1.0,1.0,-4.703856119718519e-13,-1.1128708463095509e-17,4.703967792542285e-13,-2.3833101291115266e-12,0.0,0.0,0.0,0.0,60.0,-6.519439210705968e-08,-0.0,-5.066788513209878e-25,0.0,283.1644592285156,287.4449462890625,288.6285095214844,288.9419860839844,293.1499938964844,293.1499938964844,278.1499938964844,0.0,18000.0,313.1499938964844,0.0,18000.0,0.0,0.0,0.0,0.0,0.0,0.0,0.0,0.0,0.0,-0.0,0.0,0.0,-7.778098853284027e-21,-3.889049426642014e-21,-3.889049426642014e-21,0.0,0.0,-0.0,0.0,0.0,0.0,-0.0,0.0,0.0,0.0,0.0,0.0,4.0,0.0,0.0
12099060,297.9087219238281,303.1499938964844,285.1499938964844,0.0,-0.0,287.4275817871094,0.0,0.0,0.0,297.8880310058594,303.1499938964844,285.1499938964844,0.0,-0.0,287.42779541015625,0.0,0.0,0.0,298.32037353515625,303.1499938964844,285.1499938964844,0.0,-0.0,287.4294738769531,0.0,0.0,0.0,297.7232971191406,303.1499938964844,285.1499938964844,0.0,-0.0,287.4265441894531,0.0,0.0,0.0,298.0502014160156,303.1499938964844,285.1499938964844,0.0,-0.0,287.4272155761719,0.0,0.0,0.0,287.34197998046875,294.1499938964844,281.0171813964844,280.1937255859375,286.3927917480469,284.307373046875,286.8966064453125,0.0,0.0,0.0,0.0,1.0,1.0,-5.260428052357435e-13,-1.1747121096749342e-17,5.26054568829315e-13,-7.01833393918633e-13,0.0,0.0,0.0,0.0,60.0,-5.979757844443159e-08,-0.0,-0.0,0.0,283.1644592285156,287.4449462890625,288.6285095214844,288.9419860839844,293.1499938964844,293.1499938964844,278.1499938964844,0.0,18000.0,313.1499938964844,0.0,18000.0,0.0,0.0,0.0,0.0,0.0,0.0,0.0,0.0,0.0,-0.0,0.0,0.0,-7.778098853284027e-21,-3.889049426642014e-21,-3.889049426642014e-21,0.0,0.0,-0.0,0.0,0.0,0.0,-0.0,0.0,0.0,0.0,0.0,0.0,4.0,0.0,0.0
12099120,297.9087219238281,303.1499938964844,285.1499938964844,0.0,-0.0,287.4275817871094,0.0,0.0,0.0,297.8880310058594,303.1499938964844,285.1499938964844,0.0,-0.0,287.42779541015625,0.0,0.0,0.0,298.32037353515625,303.1499938964844,285.1499938964844,0.0,-0.0,287.4294738769531,0.0,0.0,0.0,297.7232971191406,303.1499938964844,285.1499938964844,0.0,-0.0,287.4265441894531,0.0,0.0,0.0,298.0502014160156,303.1499938964844,285.1499938964844,0.0,-0.0,287.4272155761719,0.0,0.0,0.0,287.34197998046875,294.1499938964844,281.0171813964844,280.1937255859375,286.3927917480469,284.307373046875,286.8966064453125,0.0,0.0,0.0,0.0,1.0,1.0,-5.260428052357435e-13,-1.1747121096749342e-17,5.26054568829315e-13,-7.01833393918633e-13,0.0,0.0,0.0,0.0,60.0,-5.979757844443159e-08,-0.0,-0.0,0.0,283.1644592285156,287.4449462890625,288.6285095214844,288.9419860839844,293.1499938964844,293.1499938964844,278.1499938964844,0.0,18000.0,313.1499938964844,0.0,18000.0,0.0,0.0,0.0,0.0,0.0,0.0,0.0,0.0,0.0,-0.0,0.0,0.0,-7.778098853284027e-21,-3.889049426642014e-21,-3.889049426642014e-21,0.0,0.0,-0.0,0.0,0.0,0.0,-0.0,0.0,0.0,0.0,0.0,0.0,4.0,0.0,0.0
12099180,297.9052734375,303.1499938964844,285.1499938964844,0.0,-0.0,287.4275817871094,0.0,0.0,0.0,297.8845520019531,303.1499938964844,285.1499938964844,0.0,-0.0,287.42779541015625,0.0,0.0,0.0,298.3164978027344,303.1499938964844,285.1499938964844,0.0,-0.0,287.4294738769531,0.0,0.0,0.0,297.71990966796875,303.1499938964844,285.1499938964844,0.0,-0.0,287.4265441894531,0.0,0.0,0.0,298.0477294921875,303.1499938964844,285.1499938964844,0.0,-0.0,287.4272155761719,0.0,0.0,0.0,287.34197998046875,294.1499938964844,281.00048828125,280.1679992675781,286.3927917480469,284.307373046875,286.8965759277344,0.0,0.0,0.0,0.0,1.0,1.0,-5.260428052357435e-13,-1.1747121096749342e-17,5.26054568829315e-13,-7.01833393918633e-13,0.0,0.0,0.0,0.0,60.0,-5.5744276750147044e-08,-0.0,-0.0,0.0,283.1644592285156,287.4449462890625,288.6285095214844,288.9419860839844,293.1499938964844,293.1499938964844,278.1499938964844,0.0,18000.0,313.1499938964844,0.0,18000.0,0.0,0.0,0.0,0.0,0.0,0.0,0.0,0.0,0.0,-0.0,0.0,0.0,-7.778098853284027e-21,-3.889049426642014e-21,-3.889049426642014e-21,0.0,0.0,-0.0,0.0,0.0,0.0,-0.0,0.0,0.0,0.0,0.0,0.0,4.0,0.0,0.0
12099240,297.9052734375,303.1499938964844,285.1499938964844,0.0,-0.0,287.4275817871094,0.0,0.0,0.0,297.8845520019531,303.1499938964844,285.1499938964844,0.0,-0.0,287.42779541015625,0.0,0.0,0.0,298.3164978027344,303.1499938964844,285.1499938964844,0.0,-0.0,287.4294738769531,0.0,0.0,0.0,297.71990966796875,303.1499938964844,285.1499938964844,0.0,-0.0,287.4265441894531,0.0,0.0,0.0,298.0477294921875,303.1499938964844,285.1499938964844,0.0,-0.0,287.4272155761719,0.0,0.0,0.0,287.34197998046875,294.1499938964844,281.00048828125,280.1679992675781,286.3927917480469,284.307373046875,286.8965759277344,0.0,0.0,0.0,0.0,1.0,1.0,-5.260428052357435e-13,-1.1747121096749342e-17,5.26054568829315e-13,-7.01833393918633e-13,0.0,0.0,0.0,0.0,60.0,-5.5744276750147044e-08,-0.0,-0.0,0.0,283.1644592285156,287.4449462890625,288.6285095214844,288.9419860839844,293.1499938964844,293.1499938964844,278.1499938964844,0.0,18000.0,313.1499938964844,0.0,18000.0,0.0,0.0,0.0,0.0,0.0,0.0,0.0,0.0,0.0,-0.0,0.0,0.0,-7.778098853284027e-21,-3.889049426642014e-21,-3.889049426642014e-21,0.0,0.0,-0.0,0.0,0.0,0.0,-0.0,0.0,0.0,0.0,0.0,0.0,4.0,0.0,0.0
12099300,297.9035339355469,303.1499938964844,285.1499938964844,0.0,-0.0,287.4275817871094,0.0,0.0,2.558390240110786e-13,297.8828125,303.1499938964844,285.1499938964844,0.0,-0.0,287.42779541015625,0.0,0.0,2.694109854910892e-13,298.3145446777344,303.1499938964844,285.1499938964844,0.0,-0.0,287.4294738769531,0.0,0.0,1.9898615903884281e-13,297.7182312011719,303.1499938964844,285.1499938964844,0.0,-0.0,287.4265441894531,0.0,0.0,2.694107957557092e-13,298.0464782714844,303.1499938964844,285.1499938964844,0.0,-0.0,287.4272155761719,0.0,0.0,1.277968724767986e-12,287.34197998046875,294.1499938964844,280.9920959472656,280.1552429199219,286.3927917480469,284.307373046875,286.8965759277344,0.0,0.0,0.0,0.0,1.0,1.0,2.1851205740663904e-12,-1.3788440721130154e-17,-2.1851066962785826e-12,1.953670732135482e-12,0.0,0.0,0.0,1.4551915228366852e-11,60.0,-5.478788267510026e-08,-0.0,-5.066788513209878e-25,0.0,283.1644592285156,287.4449462890625,288.6285095214844,288.9419860839844,293.1499938964844,293.1499938964844,278.1499938964844,0.0,18000.0,313.1499938964844,0.0,18000.0,0.0,0.0,0.0,0.0,0.0,0.0,0.0,0.0,0.0,-0.0,0.0,0.0,-7.778098853284027e-21,-3.889049426642014e-21,-3.889049426642014e-21,0.0,0.0,-0.0,0.0,0.0,0.0,-0.0,0.0,0.0,0.0,0.0,0.0,4.0,0.0,0.0
12099360,297.9018249511719,303.1499938964844,285.1499938964844,0.0,-0.0,287.4275817871094,0.0,0.0,0.0,297.8810729980469,303.1499938964844,285.1499938964844,0.0,-0.0,287.42779541015625,0.0,0.0,0.0,298.3125915527344,303.1499938964844,285.1499938964844,0.0,-0.0,287.4294738769531,0.0,0.0,0.0,297.7165222167969,303.1499938964844,285.1499938964844,0.0,-0.0,287.4265441894531,0.0,0.0,0.0,298.04522705078125,303.1499938964844,285.1499938964844,0.0,-0.0,287.4272155761719,0.0,0.0,0.0,287.34197998046875,294.1499938964844,280.98370361328125,280.1425170898437,286.3927917480469,284.307373046875,286.8965759277344,0.0,0.0,0.0,0.0,1.0,1.0,-5.260428052357435e-13,-1.1747121096749342e-17,5.26054568829315e-13,-7.01833393918633e-13,0.0,0.0,0.0,0.0,60.0,-5.269291492027151e-08,-0.0,-0.0,0.0,283.1644592285156,287.4449462890625,288.6285095214844,288.9419860839844,293.1499938964844,293.1499938964844,278.1499938964844,0.0,18000.0,313.1499938964844,0.0,18000.0,0.0,0.0,0.0,0.0,0.0,0.0,0.0,0.0,0.0,-0.0,0.0,0.0,-7.778098853284027e-21,-3.889049426642014e-21,-3.889049426642014e-21,0.0,0.0,-0.0,0.0,0.0,0.0,-0.0,0.0,0.0,0.0,0.0,0.0,4.0,0.0,0.0
12099420,297.8983764648437,303.1499938964844,285.1499938964844,0.0,-0.0,287.4275817871094,0.0,0.0,-5.116780480221572e-13,297.8775939941406,303.1499938964844,285.1499938964844,0.0,-0.0,287.42779541015625,0.0,0.0,-5.388219709821784e-13,298.3086853027344,303.1499938964844,285.1499938964844,0.0,-0.0,287.4294738769531,0.0,0.0,-3.9797231807768563e-13,297.713134765625,303.1499938964844,285.1499938964844,0.0,-0.0,287.4265441894531,0.0,0.0,-5.388215915114184e-13,298.042724609375,303.1499938964844,285.1499938964844,0.0,-0.0,287.4272155761719,0.0,0.0,-2.555937449535972e-12,287.34197998046875,294.1499938964844,280.9668884277344,280.1172790527344,286.3927917480469,284.307373046875,286.8965759277344,0.0,0.0,0.0,0.0,1.0,1.0,-6.373572459736354e-13,-1.2983947191237618e-17,6.373702021895966e-13,2.661119805416612e-12,0.0,0.0,0.0,0.0,60.0,-5.0188067035605854e-08,-0.0,-2.0267154052839512e-24,0.0,283.1644592285156,287.4449462890625,288.6285095214844,288.9419860839844,293.1499938964844,293.1499938964844,278.1499938964844,0.0,18000.0,313.1499938964844,0.0,18000.0,0.0,0.0,0.0,0.0,0.0,0.0,0.0,0.0,0.0,-0.0,0.0,0.0,-7.778098853284027e-21,-3.889049426642014e-21,-3.889049426642014e-21,0.0,0.0,-0.0,0.0,0.0,0.0,-0.0,0.0,0.0,0.0,0.0,0.0,4.0,0.0,0.0
12099480,297.8983764648437,303.1499938964844,285.1499938964844,0.0,-0.0,287.4275817871094,0.0,0.0,-5.116780480221572e-13,297.8775939941406,303.1499938964844,285.1499938964844,0.0,-0.0,287.42779541015625,0.0,0.0,-5.388219709821784e-13,298.3086853027344,303.1499938964844,285.1499938964844,0.0,-0.0,287.4294738769531,0.0,0.0,-3.9797231807768563e-13,297.713134765625,303.1499938964844,285.1499938964844,0.0,-0.0,287.4265441894531,0.0,0.0,-5.388215915114184e-13,298.042724609375,303.1499938964844,285.1499938964844,0.0,-0.0,287.4272155761719,0.0,0.0,-2.555937449535972e-12,287.34197998046875,294.1499938964844,280.9668884277344,280.1172790527344,286.3927917480469,284.307373046875,286.8965759277344,0.0,0.0,0.0,0.0,1.0,1.0,-6.373572459736354e-13,-1.2983947191237618e-17,6.373702021895966e-13,2.661119805416612e-12,0.0,0.0,0.0,0.0,60.0,-5.0188067035605854e-08,-0.0,-2.0267154052839512e-24,0.0,283.1644592285156,287.4449462890625,288.6285095214844,288.9419860839844,293.1499938964844,293.1499938964844,278.1499938964844,0.0,18000.0,313.1499938964844,0.0,18000.0,0.0,0.0,0.0,0.0,0.0,0.0,0.0,0.0,0.0,-0.0,0.0,0.0,-7.778098853284027e-21,-3.889049426642014e-21,-3.889049426642014e-21,0.0,0.0,-0.0,0.0,0.0,0.0,-0.0,0.0,0.0,0.0,0.0,0.0,4.0,0.0,0.0
12099540,297.8949279785156,303.1499938964844,285.1499938964844,0.0,-0.0,287.4275817871094,0.0,0.0,-2.558390240110786e-13,297.8741149902344,303.1499938964844,285.1499938964844,0.0,-0.0,287.42779541015625,0.0,0.0,-2.694109854910892e-13,298.3048095703125,303.1499938964844,285.1499938964844,0.0,-0.0,287.4294738769531,0.0,0.0,-1.9898615903884281e-13,297.7097473144531,303.1499938964844,285.1499938964844,0.0,-0.0,287.4265441894531,0.0,0.0,-2.694107957557092e-13,298.0402526855469,303.1499938964844,285.1499938964844,0.0,-0.0,287.4272155761719,0.0,0.0,-1.277968724767986e-12,287.34197998046875,294.1499938964844,280.95001220703125,280.0923156738281,286.3927917480469,284.307373046875,286.89654541015625,0.0,0.0,0.0,0.0,1.0,1.0,-3.2372060761176602e-12,-9.705802299549144e-18,3.237215833937213e-12,-3.3573374115525297e-12,0.0,0.0,0.0,-1.4551915228366852e-11,60.0,-4.572488165877076e-08,-0.0,-5.066788513209878e-25,0.0,283.1644592285156,287.4449462890625,288.6285095214844,288.9419860839844,293.1499938964844,293.1499938964844,278.1499938964844,0.0,18000.0,313.1499938964844,0.0,18000.0,0.0,0.0,0.0,0.0,0.0,0.0,0.0,0.0,0.0,-0.0,0.0,0.0,-7.778098853284027e-21,-3.889049426642014e-21,-3.889049426642014e-21,0.0,0.0,-0.0,0.0,0.0,0.0,-0.0,0.0,0.0,0.0,0.0,0.0,4.0,0.0,0.0
12099600,297.8949279785156,303.1499938964844,285.1499938964844,0.0,-0.0,287.4275817871094,0.0,0.0,-2.558390240110786e-13,297.8741149902344,303.1499938964844,285.1499938964844,0.0,-0.0,287.42779541015625,0.0,0.0,-2.694109854910892e-13,298.3048095703125,303.1499938964844,285.1499938964844,0.0,-0.0,287.4294738769531,0.0,0.0,-1.9898615903884281e-13,297.7097473144531,303.1499938964844,285.1499938964844,0.0,-0.0,287.4265441894531,0.0,0.0,-2.694107957557092e-13,298.0402526855469,303.1499938964844,285.1499938964844,0.0,-0.0,287.4272155761719,0.0,0.0,-1.277968724767986e-12,287.34197998046875,294.1499938964844,280.95001220703125,280.0923156738281,286.3927917480469,284.307373046875,286.89654541015625,0.0,0.0,0.0,0.0,1.0,1.0,-3.2372060761176602e-12,-9.705802299549144e-18,3.237215833937213e-12,-3.3573374115525297e-12,0.0,0.0,0.0,-1.4551915228366852e-11,60.0,-4.572488165877076e-08,-0.0,-5.066788513209878e-25,0.0,283.1644592285156,287.4449462890625,288.6285095214844,288.9419860839844,293.1499938964844,293.1499938964844,278.1499938964844,0.0,18000.0,313.1499938964844,0.0,18000.0,0.0,0.0,0.0,0.0,0.0,0.0,0.0,0.0,0.0,-0.0,0.0,0.0,-7.778098853284027e-21,-3.889049426642014e-21,-3.889049426642014e-21,0.0,0.0,-0.0,0.0,0.0,0.0,-0.0,0.0,0.0,0.0,0.0,0.0,4.0,0.0,0.0
12099660,297.8915100097656,303.1499938964844,285.1499938964844,0.0,-0.0,287.4275817871094,0.0,0.0,-2.558390240110786e-13,297.8706359863281,303.1499938964844,285.1499938964844,0.0,-0.0,287.42779541015625,0.0,0.0,-2.694109854910892e-13,298.3009338378906,303.1499938964844,285.1499938964844,0.0,-0.0,287.4294738769531,0.0,0.0,-1.9898615903884281e-13,297.7063903808594,303.1499938964844,285.1499938964844,0.0,-0.0,287.4265441894531,0.0,0.0,-2.694107957557092e-13,298.0378112792969,303.1499938964844,285.1499938964844,0.0,-0.0,287.4272155761719,0.0,0.0,-1.277968724767986e-12,287.34197998046875,294.1499938964844,280.9326477050781,280.06756591796875,286.3927917480469,284.307373046875,286.89654541015625,0.0,0.0,0.0,0.0,1.0,1.0,-5.816999984996355e-13,-1.2365534557583786e-17,5.817124126145101e-13,9.79643232854044e-13,0.0,0.0,0.0,0.0,60.0,-4.1785437332464426e-08,-0.0,-5.066788513209878e-25,0.0,283.1644592285156,287.4449462890625,288.6285095214844,288.9419860839844,293.1499938964844,293.1499938964844,278.1499938964844,0.0,18000.0,313.1499938964844,0.0,18000.0,0.0,0.0,0.0,0.0,0.0,0.0,0.0,0.0,0.0,-0.0,0.0,0.0,-7.778098853284027e-21,-3.889049426642014e-21,-3.889049426642014e-21,0.0,0.0,-0.0,0.0,0.0,0.0,-0.0,0.0,0.0,0.0,0.0,0.0,4.0,0.0,0.0
12099720,297.8915100097656,303.1499938964844,285.1499938964844,0.0,-0.0,287.4275817871094,0.0,0.0,-2.558390240110786e-13,297.8706359863281,303.1499938964844,285.1499938964844,0.0,-0.0,287.42779541015625,0.0,0.0,-2.694109854910892e-13,298.3009338378906,303.1499938964844,285.1499938964844,0.0,-0.0,287.4294738769531,0.0,0.0,-1.9898615903884281e-13,297.7063903808594,303.1499938964844,285.1499938964844,0.0,-0.0,287.4265441894531,0.0,0.0,-2.694107957557092e-13,298.0378112792969,303.1499938964844,285.1499938964844,0.0,-0.0,287.4272155761719,0.0,0.0,-1.277968724767986e-12,287.34197998046875,294.1499938964844,280.9326477050781,280.06756591796875,286.3927917480469,284.307373046875,286.89654541015625,0.0,0.0,0.0,0.0,1.0,1.0,-5.816999984996355e-13,-1.2365534557583786e-17,5.817124126145101e-13,9.79643232854044e-13,0.0,0.0,0.0,0.0,60.0,-4.1785437332464426e-08,-0.0,-5.066788513209878e-25,0.0,283.1644592285156,287.4449462890625,288.6285095214844,288.9419860839844,293.1499938964844,293.1499938964844,278.1499938964844,0.0,18000.0,313.1499938964844,0.0,18000.0,0.0,0.0,0.0,0.0,0.0,0.0,0.0,0.0,0.0,-0.0,0.0,0.0,-7.778098853284027e-21,-3.889049426642014e-21,-3.889049426642014e-21,0.0,0.0,-0.0,0.0,0.0,0.0,-0.0,0.0,0.0,0.0,0.0,0.0,4.0,0.0,0.0
12099780,297.8880920410156,303.1499938964844,285.1499938964844,0.0,-0.0,287.4275817871094,0.0,0.0,0.0,297.8671875,303.1499938964844,285.1499938964844,0.0,-0.0,287.42779541015625,0.0,0.0,0.0,298.29705810546875,303.1499938964844,285.1499938964844,0.0,-0.0,287.4294738769531,0.0,0.0,0.0,297.7030334472656,303.1499938964844,285.1499938964844,0.0,-0.0,287.4265441894531,0.0,0.0,0.0,298.035400390625,303.1499938964844,285.1499938964844,0.0,-0.0,287.4272155761719,0.0,0.0,0.0,287.34197998046875,294.1499938964844,280.9145202636719,280.0428771972656,286.3927917480469,284.307373046875,286.89654541015625,0.0,0.0,0.0,0.0,1.0,1.0,-5.260428052357435e-13,-1.1747121096749342e-17,5.26054568829315e-13,-7.01833393918633e-13,0.0,0.0,0.0,0.0,60.0,-3.85063607666325e-08,-0.0,-0.0,0.0,283.1644592285156,287.4449462890625,288.6285095214844,288.9419860839844,293.1499938964844,293.1499938964844,278.1499938964844,0.0,18000.0,313.1499938964844,0.0,18000.0,0.0,0.0,0.0,0.0,0.0,0.0,0.0,0.0,0.0,-0.0,0.0,0.0,-7.778098853284027e-21,-3.889049426642014e-21,-3.889049426642014e-21,0.0,0.0,-0.0,0.0,0.0,0.0,-0.0,0.0,0.0,0.0,0.0,0.0,4.0,0.0,0.0
12099840,297.8880920410156,303.1499938964844,285.1499938964844,0.0,-0.0,287.4275817871094,0.0,0.0,0.0,297.8671875,303.1499938964844,285.1499938964844,0.0,-0.0,287.42779541015625,0.0,0.0,0.0,298.29705810546875,303.1499938964844,285.1499938964844,0.0,-0.0,287.4294738769531,0.0,0.0,0.0,297.7030334472656,303.1499938964844,285.1499938964844,0.0,-0.0,287.4265441894531,0.0,0.0,0.0,298.035400390625,303.1499938964844,285.1499938964844,0.0,-0.0,287.4272155761719,0.0,0.0,0.0,287.34197998046875,294.1499938964844,280.9145202636719,280.0428771972656,286.3927917480469,284.307373046875,286.89654541015625,0.0,0.0,0.0,0.0,1.0,1.0,-5.260428052357435e-13,-1.1747121096749342e-17,5.26054568829315e-13,-7.01833393918633e-13,0.0,0.0,0.0,0.0,60.0,-3.85063607666325e-08,-0.0,-0.0,0.0,283.1644592285156,287.4449462890625,288.6285095214844,288.9419860839844,293.1499938964844,293.1499938964844,278.1499938964844,0.0,18000.0,313.1499938964844,0.0,18000.0,0.0,0.0,0.0,0.0,0.0,0.0,0.0,0.0,0.0,-0.0,0.0,0.0,-7.778098853284027e-21,-3.889049426642014e-21,-3.889049426642014e-21,0.0,0.0,-0.0,0.0,0.0,0.0,-0.0,0.0,0.0,0.0,0.0,0.0,4.0,0.0,0.0
12099900,297.88641357421875,303.1499938964844,285.1499938964844,0.0,-0.0,287.4275817871094,0.0,0.0,0.0,297.8654479980469,303.1499938964844,285.1499938964844,0.0,-0.0,287.42779541015625,0.0,0.0,0.0,298.2951354980469,303.1499938964844,285.1499938964844,0.0,-0.0,287.4294738769531,0.0,0.0,0.0,297.70135498046875,303.1499938964844,285.1499938964844,0.0,-0.0,287.4265441894531,0.0,0.0,0.0,298.0342102050781,303.1499938964844,285.1499938964844,0.0,-0.0,287.4272155761719,0.0,0.0,0.0,287.34197998046875,294.1499938964844,280.9051818847656,280.0306091308594,286.3927917480469,284.307373046875,286.89654541015625,0.0,0.0,0.0,0.0,1.0,1.0,-5.260428052357435e-13,-1.1747121096749342e-17,5.26054568829315e-13,-7.01833393918633e-13,0.0,0.0,0.0,0.0,60.0,-3.714007945632147e-08,-0.0,-0.0,0.0,283.1644592285156,287.4449462890625,288.6285095214844,288.9419860839844,293.1499938964844,293.1499938964844,278.1499938964844,0.0,18000.0,313.1499938964844,0.0,18000.0,0.0,0.0,0.0,0.0,0.0,0.0,0.0,0.0,0.0,-0.0,0.0,0.0,-7.778098853284027e-21,-3.889049426642014e-21,-3.889049426642014e-21,0.0,0.0,-0.0,0.0,0.0,0.0,-0.0,0.0,0.0,0.0,0.0,0.0,4.0,0.0,0.0
12099960,297.8847045898437,303.1499938964844,285.1499938964844,0.0,-0.0,287.4275817871094,0.0,0.0,0.0,297.8637390136719,303.1499938964844,285.1499938964844,0.0,-0.0,287.42779541015625,0.0,0.0,0.0,298.2932434082031,303.1499938964844,285.1499938964844,0.0,-0.0,287.4294738769531,0.0,0.0,0.0,297.6996765136719,303.1499938964844,285.1499938964844,0.0,-0.0,287.4265441894531,0.0,0.0,0.0,298.03302001953125,303.1499938964844,285.1499938964844,0.0,-0.0,287.4272155761719,0.0,0.0,0.0,287.34197998046875,294.1499938964844,280.89569091796875,280.0183410644531,286.3927917480469,284.307373046875,286.89654541015625,0.0,0.0,0.0,0.0,1.0,1.0,-5.260428052357435e-13,-1.1747121096749342e-17,5.26054568829315e-13,-7.01833393918633e-13,0.0,0.0,0.0,0.0,60.0,-3.581934038265899e-08,-0.0,-0.0,0.0,283.1644592285156,287.4449462890625,288.6285095214844,288.9419860839844,293.1499938964844,293.1499938964844,278.1499938964844,0.0,18000.0,313.1499938964844,0.0,18000.0,0.0,0.0,0.0,0.0,0.0,0.0,0.0,0.0,0.0,-0.0,0.0,0.0,-7.778098853284027e-21,-3.889049426642014e-21,-3.889049426642014e-21,0.0,0.0,-0.0,0.0,0.0,0.0,-0.0,0.0,0.0,0.0,0.0,0.0,4.0,0.0,0.0
12100020,297.88134765625,303.1499938964844,285.1499938964844,0.0,-0.0,287.4275817871094,0.0,0.0,-2.558390240110786e-13,297.8603210449219,303.1499938964844,285.1499938964844,0.0,-0.0,287.42779541015625,0.0,0.0,-2.694109854910892e-13,298.2893981933594,303.1499938964844,285.1499938964844,0.0,-0.0,287.4294738769531,0.0,0.0,-1.9898615903884281e-13,297.69635009765625,303.1499938964844,285.1499938964844,0.0,-0.0,287.4265441894531,0.0,0.0,-2.694107957557092e-13,298.0306701660156,303.1499938964844,285.1499938964844,0.0,-0.0,287.4272155761719,0.0,0.0,-1.277968724767986e-12,287.34197998046875,294.1499938964844,280.87615966796875,279.99395751953125,286.3927917480469,284.307373046875,286.8965148925781,0.0,0.0,0.0,0.0,1.0,1.0,-5.816999984996355e-13,-1.2365533730403177e-17,5.817124126145101e-13,9.79643232854044e-13,0.0,0.0,0.0,0.0,60.0,-3.3223408024696255e-08,-0.0,-5.066788513209878e-25,0.0,283.1644592285156,287.4449462890625,288.6285095214844,288.9419860839844,293.1499938964844,293.1499938964844,278.1499938964844,0.0,18000.0,313.1499938964844,0.0,18000.0,0.0,0.0,0.0,0.0,0.0,0.0,0.0,0.0,0.0,-0.0,0.0,0.0,-7.778098853284027e-21,-3.889049426642014e-21,-3.889049426642014e-21,0.0,0.0,-0.0,0.0,0.0,0.0,-0.0,0.0,0.0,0.0,0.0,0.0,4.0,0.0,0.0
12100080,297.88134765625,303.1499938964844,285.1499938964844,0.0,-0.0,287.4275817871094,0.0,0.0,-2.558390240110786e-13,297.8603210449219,303.1499938964844,285.1499938964844,0.0,-0.0,287.42779541015625,0.0,0.0,-2.694109854910892e-13,298.2893981933594,303.1499938964844,285.1499938964844,0.0,-0.0,287.4294738769531,0.0,0.0,-1.9898615903884281e-13,297.69635009765625,303.1499938964844,285.1499938964844,0.0,-0.0,287.4265441894531,0.0,0.0,-2.694107957557092e-13,298.0306701660156,303.1499938964844,285.1499938964844,0.0,-0.0,287.4272155761719,0.0,0.0,-1.277968724767986e-12,287.34197998046875,294.1499938964844,280.87615966796875,279.99395751953125,286.3927917480469,284.307373046875,286.8965148925781,0.0,0.0,0.0,0.0,1.0,1.0,-5.816999984996355e-13,-1.2365533730403177e-17,5.817124126145101e-13,9.79643232854044e-13,0.0,0.0,0.0,0.0,60.0,-3.3223408024696255e-08,-0.0,-5.066788513209878e-25,0.0,283.1644592285156,287.4449462890625,288.6285095214844,288.9419860839844,293.1499938964844,293.1499938964844,278.1499938964844,0.0,18000.0,313.1499938964844,0.0,18000.0,0.0,0.0,0.0,0.0,0.0,0.0,0.0,0.0,0.0,-0.0,0.0,0.0,-7.778098853284027e-21,-3.889049426642014e-21,-3.889049426642014e-21,0.0,0.0,-0.0,0.0,0.0,0.0,-0.0,0.0,0.0,0.0,0.0,0.0,4.0,0.0,0.0
12100140,297.87799072265625,303.1499938964844,285.1499938964844,0.0,-0.0,287.4275817871094,0.0,0.0,0.0,297.8569030761719,303.1499938964844,285.1499938964844,0.0,-0.0,287.42779541015625,0.0,0.0,0.0,298.2856140136719,303.1499938964844,285.1499938964844,0.0,-0.0,287.4294738769531,0.0,0.0,0.0,297.69305419921875,303.1499938964844,285.1499938964844,0.0,-0.0,287.4265441894531,0.0,0.0,0.0,298.02838134765625,303.1499938964844,285.1499938964844,0.0,-0.0,287.4272155761719,0.0,0.0,0.0,287.34197998046875,294.1499938964844,280.8560485839844,279.96978759765625,286.3927917480469,284.307373046875,286.8965148925781,0.0,0.0,0.0,0.0,1.0,1.0,-5.260428052357435e-13,-1.174712026956873e-17,5.26054568829315e-13,-7.01833393918633e-13,0.0,0.0,0.0,0.0,60.0,-3.1356155005823894e-08,-0.0,-0.0,0.0,283.1644592285156,287.4449462890625,288.6285095214844,288.9419860839844,293.1499938964844,293.1499938964844,278.1499938964844,0.0,18000.0,313.1499938964844,0.0,18000.0,0.0,0.0,0.0,0.0,0.0,0.0,0.0,0.0,0.0,-0.0,0.0,0.0,-7.778098853284027e-21,-3.889049426642014e-21,-3.889049426642014e-21,0.0,0.0,-0.0,0.0,0.0,0.0,-0.0,0.0,0.0,0.0,0.0,0.0,4.0,0.0,0.0
12100200,297.87799072265625,303.1499938964844,285.1499938964844,0.0,-0.0,287.4275817871094,0.0,0.0,0.0,297.8569030761719,303.1499938964844,285.1499938964844,0.0,-0.0,287.42779541015625,0.0,0.0,0.0,298.2856140136719,303.1499938964844,285.1499938964844,0.0,-0.0,287.4294738769531,0.0,0.0,0.0,297.69305419921875,303.1499938964844,285.1499938964844,0.0,-0.0,287.4265441894531,0.0,0.0,0.0,298.02838134765625,303.1499938964844,285.1499938964844,0.0,-0.0,287.4272155761719,0.0,0.0,0.0,287.34197998046875,294.1499938964844,280.8560485839844,279.96978759765625,286.3927917480469,284.307373046875,286.8965148925781,0.0,0.0,0.0,0.0,1.0,1.0,-5.260428052357435e-13,-1.174712026956873e-17,5.26054568829315e-13,-7.01833393918633e-13,0.0,0.0,0.0,0.0,60.0,-3.1356155005823894e-08,-0.0,-0.0,0.0,283.1644592285156,287.4449462890625,288.6285095214844,288.9419860839844,293.1499938964844,293.1499938964844,278.1499938964844,0.0,18000.0,313.1499938964844,0.0,18000.0,0.0,0.0,0.0,0.0,0.0,0.0,0.0,0.0,0.0,-0.0,0.0,0.0,-7.778098853284027e-21,-3.889049426642014e-21,-3.889049426642014e-21,0.0,0.0,-0.0,0.0,0.0,0.0,-0.0,0.0,0.0,0.0,0.0,0.0,4.0,0.0,0.0
12100260,297.87469482421875,303.1499938964844,285.1499938964844,0.0,-0.0,287.4275817871094,0.0,0.0,2.558390240110786e-13,297.853515625,303.1499938964844,285.1499938964844,0.0,-0.0,287.42779541015625,0.0,0.0,2.694109854910892e-13,298.2818298339844,303.1499938964844,285.1499938964844,0.0,-0.0,287.4294738769531,0.0,0.0,1.9898615903884281e-13,297.68975830078125,303.1499938964844,285.1499938964844,0.0,-0.0,287.4265441894531,0.0,0.0,2.694107957557092e-13,298.026123046875,303.1499938964844,285.1499938964844,0.0,-0.0,287.4272155761719,0.0,0.0,1.277968724767986e-12,287.34197998046875,294.1499938964844,280.8354187011719,279.94580078125,286.3927917480469,284.307373046875,286.8965148925781,0.0,0.0,0.0,0.0,1.0,1.0,2.1851205740663904e-12,-1.3788439893949541e-17,-2.1851066962785826e-12,1.953670732135482e-12,0.0,0.0,0.0,1.4551915228366852e-11,60.0,-3.0877956191943674e-08,-0.0,-5.066788513209878e-25,0.0,283.1644592285156,287.4449462890625,288.6285095214844,288.9419860839844,293.1499938964844,293.1499938964844,278.1499938964844,0.0,18000.0,313.1499938964844,0.0,18000.0,0.0,0.0,0.0,0.0,0.0,0.0,0.0,0.0,0.0,-0.0,0.0,0.0,-7.778098853284027e-21,-3.889049426642014e-21,-3.889049426642014e-21,0.0,0.0,-0.0,0.0,0.0,0.0,-0.0,0.0,0.0,0.0,0.0,0.0,4.0,0.0,0.0
12100320,297.87469482421875,303.1499938964844,285.1499938964844,0.0,-0.0,287.4275817871094,0.0,0.0,2.558390240110786e-13,297.853515625,303.1499938964844,285.1499938964844,0.0,-0.0,287.42779541015625,0.0,0.0,2.694109854910892e-13,298.2818298339844,303.1499938964844,285.1499938964844,0.0,-0.0,287.4294738769531,0.0,0.0,1.9898615903884281e-13,297.68975830078125,303.1499938964844,285.1499938964844,0.0,-0.0,287.4265441894531,0.0,0.0,2.694107957557092e-13,298.026123046875,303.1499938964844,285.1499938964844,0.0,-0.0,287.4272155761719,0.0,0.0,1.277968724767986e-12,287.34197998046875,294.1499938964844,280.8354187011719,279.94580078125,286.3927917480469,284.307373046875,286.8965148925781,0.0,0.0,0.0,0.0,1.0,1.0,2.1851205740663904e-12,-1.3788439893949541e-17,-2.1851066962785826e-12,1.953670732135482e-12,0.0,0.0,0.0,1.4551915228366852e-11,60.0,-3.0877956191943674e-08,-0.0,-5.066788513209878e-25,0.0,283.1644592285156,287.4449462890625,288.6285095214844,288.9419860839844,293.1499938964844,293.1499938964844,278.1499938964844,0.0,18000.0,313.1499938964844,0.0,18000.0,0.0,0.0,0.0,0.0,0.0,0.0,0.0,0.0,0.0,-0.0,0.0,0.0,-7.778098853284027e-21,-3.889049426642014e-21,-3.889049426642014e-21,0.0,0.0,-0.0,0.0,0.0,0.0,-0.0,0.0,0.0,0.0,0.0,0.0,4.0,0.0,0.0
12100380,297.8713684082031,303.1499938964844,285.1499938964844,0.0,-0.0,287.4275817871094,0.0,0.0,0.0,297.85015869140625,303.1499938964844,285.1499938964844,0.0,-0.0,287.42779541015625,0.0,0.0,0.0,298.278076171875,303.1499938964844,285.1499938964844,0.0,-0.0,287.4294738769531,0.0,0.0,0.0,297.6864929199219,303.1499938964844,285.1499938964844,0.0,-0.0,287.4265441894531,0.0,0.0,0.0,298.0238952636719,303.1499938964844,285.1499938964844,0.0,-0.0,287.4272155761719,0.0,0.0,0.0,287.34197998046875,294.1499938964844,280.8143005371094,279.92205810546875,286.3927917480469,284.307373046875,286.8965148925781,0.0,0.0,0.0,0.0,1.0,1.0,-5.260428052357435e-13,-1.174712026956873e-17,5.26054568829315e-13,-7.01833393918633e-13,0.0,0.0,0.0,0.0,60.0,-2.8099853111029915e-08,-0.0,-0.0,0.0,283.1644592285156,287.4449462890625,288.6285095214844,288.9419860839844,293.1499938964844,293.1499938964844,278.1499938964844,0.0,18000.0,313.1499938964844,0.0,18000.0,0.0,0.0,0.0,0.0,0.0,0.0,0.0,0.0,0.0,-0.0,0.0,0.0,-7.778098853284027e-21,-3.889049426642014e-21,-3.889049426642014e-21,0.0,0.0,-0.0,0.0,0.0,0.0,-0.0,0.0,0.0,0.0,0.0,0.0,4.0,0.0,0.0
12100440,297.8713684082031,303.1499938964844,285.1499938964844,0.0,-0.0,287.4275817871094,0.0,0.0,0.0,297.85015869140625,303.1499938964844,285.1499938964844,0.0,-0.0,287.42779541015625,0.0,0.0,0.0,298.278076171875,303.1499938964844,285.1499938964844,0.0,-0.0,287.4294738769531,0.0,0.0,0.0,297.6864929199219,303.1499938964844,285.1499938964844,0.0,-0.0,287.4265441894531,0.0,0.0,0.0,298.0238952636719,303.1499938964844,285.1499938964844,0.0,-0.0,287.4272155761719,0.0,0.0,0.0,287.34197998046875,294.1499938964844,280.8143005371094,279.92205810546875,286.3927917480469,284.307373046875,286.8965148925781,0.0,0.0,0.0,0.0,1.0,1.0,-5.260428052357435e-13,-1.174712026956873e-17,5.26054568829315e-13,-7.01833393918633e-13,0.0,0.0,0.0,0.0,60.0,-2.8099853111029915e-08,-0.0,-0.0,0.0,283.1644592285156,287.4449462890625,288.6285095214844,288.9419860839844,293.1499938964844,293.1499938964844,278.1499938964844,0.0,18000.0,313.1499938964844,0.0,18000.0,0.0,0.0,0.0,0.0,0.0,0.0,0.0,0.0,0.0,-0.0,0.0,0.0,-7.778098853284027e-21,-3.889049426642014e-21,-3.889049426642014e-21,0.0,0.0,-0.0,0.0,0.0,0.0,-0.0,0.0,0.0,0.0,0.0,0.0,4.0,0.0,0.0
12100500,297.8697509765625,303.1499938964844,285.1499938964844,0.0,-0.0,287.4275817871094,0.0,0.0,0.0,297.8484802246094,303.1499938964844,285.1499938964844,0.0,-0.0,287.42779541015625,0.0,0.0,0.0,298.27618408203125,303.1499938964844,285.1499938964844,0.0,-0.0,287.4294738769531,0.0,0.0,0.0,297.6848449707031,303.1499938964844,285.1499938964844,0.0,-0.0,287.4265441894531,0.0,0.0,0.0,298.0227966308594,303.1499938964844,285.1499938964844,0.0,-0.0,287.4272155761719,0.0,0.0,0.0,287.34197998046875,294.1499938964844,280.8036193847656,279.9103088378906,286.3927917480469,284.307373046875,286.8965148925781,0.0,0.0,0.0,0.0,1.0,1.0,-5.260428052357435e-13,-1.174712026956873e-17,5.26054568829315e-13,-7.01833393918633e-13,0.0,0.0,0.0,0.0,60.0,-2.698405587864272e-08,-0.0,-0.0,0.0,283.1644592285156,287.4449462890625,288.6285095214844,288.9419860839844,293.1499938964844,293.1499938964844,278.1499938964844,0.0,18000.0,313.1499938964844,0.0,18000.0,0.0,0.0,0.0,0.0,0.0,0.0,0.0,0.0,0.0,-0.0,0.0,0.0,-7.778098853284027e-21,-3.889049426642014e-21,-3.889049426642014e-21,0.0,0.0,-0.0,0.0,0.0,0.0,-0.0,0.0,0.0,0.0,0.0,0.0,4.0,0.0,0.0
12100560,297.8681030273437,303.1499938964844,285.1499938964844,0.0,-0.0,287.4275817871094,0.0,0.0,-2.558390240110786e-13,297.8468017578125,303.1499938964844,285.1499938964844,0.0,-0.0,287.42779541015625,0.0,0.0,-2.694109854910892e-13,298.2743225097656,303.1499938964844,285.1499938964844,0.0,-0.0,287.4294738769531,0.0,0.0,-1.9898615903884281e-13,297.6832275390625,303.1499938964844,285.1499938964844,0.0,-0.0,287.4265441894531,0.0,0.0,-2.694107957557092e-13,298.0216979980469,303.1499938964844,285.1499938964844,0.0,-0.0,287.4272155761719,0.0,0.0,-1.277968724767986e-12,287.34197998046875,294.1499938964844,280.7928161621094,279.89862060546875,286.3927917480469,284.307373046875,286.8965148925781,0.0,0.0,0.0,0.0,1.0,1.0,-5.816999984996355e-13,-1.2365533730403177e-17,5.817124126145101e-13,9.79643232854044e-13,0.0,0.0,0.0,0.0,60.0,-2.5708860817985624e-08,-0.0,-5.066788513209878e-25,0.0,283.1644592285156,287.4449462890625,288.6285095214844,288.9419860839844,293.1499938964844,293.1499938964844,278.1499938964844,0.0,18000.0,313.1499938964844,0.0,18000.0,0.0,0.0,0.0,0.0,0.0,0.0,0.0,0.0,0.0,-0.0,0.0,0.0,-7.778098853284027e-21,-3.889049426642014e-21,-3.889049426642014e-21,0.0,0.0,-0.0,0.0,0.0,0.0,-0.0,0.0,0.0,0.0,0.0,0.0,4.0,0.0,0.0
12100620,297.8648376464844,303.1499938964844,285.1499938964844,0.0,-0.0,287.4275817871094,0.0,0.0,0.0,297.8434753417969,303.1499938964844,285.1499938964844,0.0,-0.0,287.42779541015625,0.0,0.0,0.0,298.2705993652344,303.1499938964844,285.1499938964844,0.0,-0.0,287.4294738769531,0.0,0.0,0.0,297.67999267578125,303.1499938964844,285.1499938964844,0.0,-0.0,287.4265441894531,0.0,0.0,0.0,298.01953125,303.1499938964844,285.1499938964844,0.0,-0.0,287.4272155761719,0.0,0.0,0.0,287.34197998046875,294.1499938964844,280.7709655761719,279.8754577636719,286.3927917480469,284.307373046875,286.896484375,0.0,0.0,0.0,0.0,1.0,1.0,-5.260428052357435e-13,-1.174712026956873e-17,5.26054568829315e-13,-7.01833393918633e-13,0.0,0.0,0.0,0.0,60.0,-2.395546516709146e-08,-0.0,-0.0,0.0,283.1644592285156,287.4449462890625,288.6285095214844,288.9419860839844,293.1499938964844,293.1499938964844,278.1499938964844,0.0,18000.0,313.1499938964844,0.0,18000.0,0.0,0.0,0.0,0.0,0.0,0.0,0.0,0.0,0.0,-0.0,0.0,0.0,-7.778098853284027e-21,-3.889049426642014e-21,-3.889049426642014e-21,0.0,0.0,-0.0,0.0,0.0,0.0,-0.0,0.0,0.0,0.0,0.0,0.0,4.0,0.0,0.0
12100680,297.8648376464844,303.1499938964844,285.1499938964844,0.0,-0.0,287.4275817871094,0.0,0.0,0.0,297.8434753417969,303.1499938964844,285.1499938964844,0.0,-0.0,287.42779541015625,0.0,0.0,0.0,298.2705993652344,303.1499938964844,285.1499938964844,0.0,-0.0,287.4294738769531,0.0,0.0,0.0,297.67999267578125,303.1499938964844,285.1499938964844,0.0,-0.0,287.4265441894531,0.0,0.0,0.0,298.01953125,303.1499938964844,285.1499938964844,0.0,-0.0,287.4272155761719,0.0,0.0,0.0,287.34197998046875,294.1499938964844,280.7709655761719,279.8754577636719,286.3927917480469,284.307373046875,286.896484375,0.0,0.0,0.0,0.0,1.0,1.0,-5.260428052357435e-13,-1.174712026956873e-17,5.26054568829315e-13,-7.01833393918633e-13,0.0,0.0,0.0,0.0,60.0,-2.395546516709146e-08,-0.0,-0.0,0.0,283.1644592285156,287.4449462890625,288.6285095214844,288.9419860839844,293.1499938964844,293.1499938964844,278.1499938964844,0.0,18000.0,313.1499938964844,0.0,18000.0,0.0,0.0,0.0,0.0,0.0,0.0,0.0,0.0,0.0,-0.0,0.0,0.0,-7.778098853284027e-21,-3.889049426642014e-21,-3.889049426642014e-21,0.0,0.0,-0.0,0.0,0.0,0.0,-0.0,0.0,0.0,0.0,0.0,0.0,4.0,0.0,0.0
12100740,297.8616027832031,303.1499938964844,285.1499938964844,0.0,-0.0,287.4275817871094,0.0,0.0,-2.558390240110786e-13,297.84014892578125,303.1499938964844,285.1499938964844,0.0,-0.0,287.42779541015625,0.0,0.0,-2.694109854910892e-13,298.26690673828125,303.1499938964844,285.1499938964844,0.0,-0.0,287.4294738769531,0.0,0.0,-1.9898615903884281e-13,297.6767578125,303.1499938964844,285.1499938964844,0.0,-0.0,287.4265441894531,0.0,0.0,-2.694107957557092e-13,298.01739501953125,303.1499938964844,285.1499938964844,0.0,-0.0,287.4272155761719,0.0,0.0,-1.277968724767986e-12,287.34197998046875,294.1499938964844,280.7488708496094,279.8526611328125,286.3927917480469,284.307373046875,286.896484375,0.0,0.0,0.0,0.0,1.0,1.0,-5.816999984996355e-13,-1.2365533730403177e-17,5.817124126145101e-13,9.79643232854044e-13,0.0,0.0,0.0,0.0,60.0,-2.183772984665212e-08,-0.0,-5.066788513209878e-25,0.0,283.1644592285156,287.4449462890625,288.6285095214844,288.9419860839844,293.1499938964844,293.1499938964844,278.1499938964844,0.0,18000.0,313.1499938964844,0.0,18000.0,0.0,0.0,0.0,0.0,0.0,0.0,0.0,0.0,0.0,-0.0,0.0,0.0,-7.778098853284027e-21,-3.889049426642014e-21,-3.889049426642014e-21,0.0,0.0,-0.0,0.0,0.0,0.0,-0.0,0.0,0.0,0.0,0.0,0.0,4.0,0.0,0.0
12100800,297.8616027832031,303.1499938964844,285.1499938964844,0.0,-0.0,287.4275817871094,0.0,0.0,-2.558390240110786e-13,297.84014892578125,303.1499938964844,285.1499938964844,0.0,-0.0,287.42779541015625,0.0,0.0,-2.694109854910892e-13,298.26690673828125,303.1499938964844,285.1499938964844,0.0,-0.0,287.4294738769531,0.0,0.0,-1.9898615903884281e-13,297.6767578125,303.1499938964844,285.1499938964844,0.0,-0.0,287.4265441894531,0.0,0.0,-2.694107957557092e-13,298.01739501953125,303.1499938964844,285.1499938964844,0.0,-0.0,287.4272155761719,0.0,0.0,-1.277968724767986e-12,287.34197998046875,294.1499938964844,280.7488708496094,279.8526611328125,286.3927917480469,284.307373046875,286.896484375,0.0,0.0,0.0,0.0,1.0,1.0,-5.816999984996355e-13,-1.2365533730403177e-17,5.817124126145101e-13,9.79643232854044e-13,0.0,0.0,0.0,0.0,60.0,-2.183772984665212e-08,-0.0,-5.066788513209878e-25,0.0,283.1644592285156,287.4449462890625,288.6285095214844,288.9419860839844,293.1499938964844,293.1499938964844,278.1499938964844,0.0,18000.0,313.1499938964844,0.0,18000.0,0.0,0.0,0.0,0.0,0.0,0.0,0.0,0.0,0.0,-0.0,0.0,0.0,-7.778098853284027e-21,-3.889049426642014e-21,-3.889049426642014e-21,0.0,0.0,-0.0,0.0,0.0,0.0,-0.0,0.0,0.0,0.0,0.0,0.0,4.0,0.0,0.0
12100860,297.8583679199219,303.1499938964844,285.1499938964844,0.0,-0.0,287.4275817871094,0.0,0.0,0.0,297.8368530273437,303.1499938964844,285.1499938964844,0.0,-0.0,287.42779541015625,0.0,0.0,0.0,298.2632141113281,303.1499938964844,285.1499938964844,0.0,-0.0,287.4294738769531,0.0,0.0,0.0,297.6735534667969,303.1499938964844,285.1499938964844,0.0,-0.0,287.4265441894531,0.0,0.0,0.0,298.01531982421875,303.1499938964844,285.1499938964844,0.0,-0.0,287.4272155761719,0.0,0.0,0.0,287.34197998046875,294.1499938964844,280.7265319824219,279.8302001953125,286.3927917480469,284.307373046875,286.896484375,0.0,0.0,0.0,0.0,1.0,1.0,-5.260428052357435e-13,-1.174712026956873e-17,5.26054568829315e-13,-7.01833393918633e-13,0.0,0.0,0.0,0.0,60.0,-2.0608077022643563e-08,-0.0,-0.0,0.0,283.1644592285156,287.4449462890625,288.6285095214844,288.9419860839844,293.1499938964844,293.1499938964844,278.1499938964844,0.0,18000.0,313.1499938964844,0.0,18000.0,0.0,0.0,0.0,0.0,0.0,0.0,0.0,0.0,0.0,-0.0,0.0,0.0,-7.778098853284027e-21,-3.889049426642014e-21,-3.889049426642014e-21,0.0,0.0,-0.0,0.0,0.0,0.0,-0.0,0.0,0.0,0.0,0.0,0.0,4.0,0.0,0.0
12100920,297.8583679199219,303.1499938964844,285.1499938964844,0.0,-0.0,287.4275817871094,0.0,0.0,0.0,297.8368530273437,303.1499938964844,285.1499938964844,0.0,-0.0,287.42779541015625,0.0,0.0,0.0,298.2632141113281,303.1499938964844,285.1499938964844,0.0,-0.0,287.4294738769531,0.0,0.0,0.0,297.6735534667969,303.1499938964844,285.1499938964844,0.0,-0.0,287.4265441894531,0.0,0.0,0.0,298.01531982421875,303.1499938964844,285.1499938964844,0.0,-0.0,287.4272155761719,0.0,0.0,0.0,287.34197998046875,294.1499938964844,280.7265319824219,279.8302001953125,286.3927917480469,284.307373046875,286.896484375,0.0,0.0,0.0,0.0,1.0,1.0,-5.260428052357435e-13,-1.174712026956873e-17,5.26054568829315e-13,-7.01833393918633e-13,0.0,0.0,0.0,0.0,60.0,-2.0608077022643563e-08,-0.0,-0.0,0.0,283.1644592285156,287.4449462890625,288.6285095214844,288.9419860839844,293.1499938964844,293.1499938964844,278.1499938964844,0.0,18000.0,313.1499938964844,0.0,18000.0,0.0,0.0,0.0,0.0,0.0,0.0,0.0,0.0,0.0,-0.0,0.0,0.0,-7.778098853284027e-21,-3.889049426642014e-21,-3.889049426642014e-21,0.0,0.0,-0.0,0.0,0.0,0.0,-0.0,0.0,0.0,0.0,0.0,0.0,4.0,0.0,0.0
12100980,297.85516357421875,303.1499938964844,285.1499938964844,0.0,-0.0,287.4275817871094,0.0,0.0,-2.558390240110786e-13,297.83355712890625,303.1499938964844,285.1499938964844,0.0,-0.0,287.42779541015625,0.0,0.0,-2.694109854910892e-13,298.2595520019531,303.1499938964844,285.1499938964844,0.0,-0.0,287.4294738769531,0.0,0.0,-1.9898615903884281e-13,297.6703796386719,303.1499938964844,285.1499938964844,0.0,-0.0,287.4265441894531,0.0,0.0,-2.694107957557092e-13,298.01324462890625,303.1499938964844,285.1499938964844,0.0,-0.0,287.4272155761719,0.0,0.0,-1.277968724767986e-12,287.34197998046875,294.1499938964844,280.7041015625,279.8081359863281,286.3927917480469,284.307373046875,286.896484375,0.0,0.0,0.0,0.0,1.0,1.0,-5.816999984996355e-13,-1.2365533730403177e-17,5.817124126145101e-13,9.79643232854044e-13,0.0,0.0,0.0,0.0,60.0,-1.8877454266430505e-08,-0.0,-5.066788513209878e-25,0.0,283.1644592285156,287.4449462890625,288.6285095214844,288.9419860839844,293.1499938964844,293.1499938964844,278.1499938964844,0.0,18000.0,313.1499938964844,0.0,18000.0,0.0,0.0,0.0,0.0,0.0,0.0,0.0,0.0,0.0,-0.0,0.0,0.0,-7.778098853284027e-21,-3.889049426642014e-21,-3.889049426642014e-21,0.0,0.0,-0.0,0.0,0.0,0.0,-0.0,0.0,0.0,0.0,0.0,0.0,4.0,0.0,0.0
12101040,297.85516357421875,303.1499938964844,285.1499938964844,0.0,-0.0,287.4275817871094,0.0,0.0,-2.558390240110786e-13,297.83355712890625,303.1499938964844,285.1499938964844,0.0,-0.0,287.42779541015625,0.0,0.0,-2.694109854910892e-13,298.2595520019531,303.1499938964844,285.1499938964844,0.0,-0.0,287.4294738769531,0.0,0.0,-1.9898615903884281e-13,297.6703796386719,303.1499938964844,285.1499938964844,0.0,-0.0,287.4265441894531,0.0,0.0,-2.694107957557092e-13,298.01324462890625,303.1499938964844,285.1499938964844,0.0,-0.0,287.4272155761719,0.0,0.0,-1.277968724767986e-12,287.34197998046875,294.1499938964844,280.7041015625,279.8081359863281,286.3927917480469,284.307373046875,286.896484375,0.0,0.0,0.0,0.0,1.0,1.0,-5.816999984996355e-13,-1.2365533730403177e-17,5.817124126145101e-13,9.79643232854044e-13,0.0,0.0,0.0,0.0,60.0,-1.8877454266430505e-08,-0.0,-5.066788513209878e-25,0.0,283.1644592285156,287.4449462890625,288.6285095214844,288.9419860839844,293.1499938964844,293.1499938964844,278.1499938964844,0.0,18000.0,313.1499938964844,0.0,18000.0,0.0,0.0,0.0,0.0,0.0,0.0,0.0,0.0,0.0,-0.0,0.0,0.0,-7.778098853284027e-21,-3.889049426642014e-21,-3.889049426642014e-21,0.0,0.0,-0.0,0.0,0.0,0.0,-0.0,0.0,0.0,0.0,0.0,0.0,4.0,0.0,0.0
12101100,297.85357666015625,303.1499938964844,285.1499938964844,0.0,-0.0,287.4275817871094,0.0,0.0,-2.558390240110786e-13,297.8319396972656,303.1499938964844,285.1499938964844,0.0,-0.0,287.42779541015625,0.0,0.0,-2.694109854910892e-13,298.2577209472656,303.1499938964844,285.1499938964844,0.0,-0.0,287.4294738769531,0.0,0.0,-1.9898615903884281e-13,297.6687927246094,303.1499938964844,285.1499938964844,0.0,-0.0,287.4265441894531,0.0,0.0,-2.694107957557092e-13,298.01220703125,303.1499938964844,285.1499938964844,0.0,-0.0,287.4272155761719,0.0,0.0,-1.277968724767986e-12,287.34197998046875,294.1499938964844,280.6928405761719,279.7972717285156,286.3927917480469,284.307373046875,286.896484375,0.0,0.0,0.0,0.0,1.0,1.0,-5.816999984996355e-13,-1.2365534557583786e-17,5.817124126145101e-13,9.79643232854044e-13,0.0,0.0,0.0,0.0,60.0,-1.8330940321220623e-08,-0.0,-5.066788513209878e-25,0.0,283.1644592285156,287.4449462890625,288.6285095214844,288.9419860839844,293.1499938964844,293.1499938964844,278.1499938964844,0.0,18000.0,313.1499938964844,0.0,18000.0,0.0,0.0,0.0,0.0,0.0,0.0,0.0,0.0,0.0,-0.0,0.0,0.0,-7.778098853284027e-21,-3.889049426642014e-21,-3.889049426642014e-21,0.0,0.0,-0.0,0.0,0.0,0.0,-0.0,0.0,0.0,0.0,0.0,0.0,4.0,0.0,0.0
12101160,297.8519897460937,303.1499938964844,285.1499938964844,0.0,-0.0,287.4275817871094,0.0,0.0,0.0,297.8302917480469,303.1499938964844,285.1499938964844,0.0,-0.0,287.42779541015625,0.0,0.0,0.0,298.2558898925781,303.1499938964844,285.1499938964844,0.0,-0.0,287.4294738769531,0.0,0.0,0.0,297.6672058105469,303.1499938964844,285.1499938964844,0.0,-0.0,287.4265441894531,0.0,0.0,0.0,298.0111999511719,303.1499938964844,285.1499938964844,0.0,-0.0,287.4272155761719,0.0,0.0,0.0,287.34197998046875,294.1499938964844,280.6815490722656,279.7864990234375,286.3927917480469,284.307373046875,286.896484375,0.0,0.0,0.0,0.0,1.0,1.0,-5.260428052357435e-13,-1.1747121096749342e-17,5.26054568829315e-13,-7.01833393918633e-13,0.0,0.0,0.0,0.0,60.0,-1.7829970389016125e-08,-0.0,-0.0,0.0,283.1644592285156,287.4449462890625,288.6285095214844,288.9419860839844,293.1499938964844,293.1499938964844,278.1499938964844,0.0,18000.0,313.1499938964844,0.0,18000.0,0.0,0.0,0.0,0.0,0.0,0.0,0.0,0.0,0.0,-0.0,0.0,0.0,-7.778098853284027e-21,-3.889049426642014e-21,-3.889049426642014e-21,0.0,0.0,-0.0,0.0,0.0,0.0,-0.0,0.0,0.0,0.0,0.0,0.0,4.0,0.0,0.0
12101220,297.84881591796875,303.1499938964844,285.1499938964844,0.0,-0.0,287.4275817871094,0.0,0.0,0.0,297.8270263671875,303.1499938964844,285.1499938964844,0.0,-0.0,287.42779541015625,0.0,0.0,0.0,298.25225830078125,303.1499938964844,285.1499938964844,0.0,-0.0,287.4294738769531,0.0,0.0,0.0,297.6640319824219,303.1499938964844,285.1499938964844,0.0,-0.0,287.4265441894531,0.0,0.0,0.0,298.0091552734375,303.1499938964844,285.1499938964844,0.0,-0.0,287.4272155761719,0.0,0.0,0.0,287.34197998046875,294.1499938964844,280.6590270996094,279.76531982421875,286.3927917480469,284.307373046875,286.896484375,0.0,0.0,0.0,0.0,1.0,1.0,-5.260428052357435e-13,-1.1747121096749342e-17,5.26054568829315e-13,-7.01833393918633e-13,0.0,0.0,0.0,0.0,60.0,-1.6372604605408014e-08,-0.0,-0.0,0.0,283.1644592285156,287.4449462890625,288.6285095214844,288.9419860839844,293.1499938964844,293.1499938964844,278.1499938964844,0.0,18000.0,313.1499938964844,0.0,18000.0,0.0,0.0,0.0,0.0,0.0,0.0,0.0,0.0,0.0,-0.0,0.0,0.0,-7.778098853284027e-21,-3.889049426642014e-21,-3.889049426642014e-21,0.0,0.0,-0.0,0.0,0.0,0.0,-0.0,0.0,0.0,0.0,0.0,0.0,4.0,0.0,0.0
12101280,297.84881591796875,303.1499938964844,285.1499938964844,0.0,-0.0,287.4275817871094,0.0,0.0,0.0,297.8270263671875,303.1499938964844,285.1499938964844,0.0,-0.0,287.42779541015625,0.0,0.0,0.0,298.25225830078125,303.1499938964844,285.1499938964844,0.0,-0.0,287.4294738769531,0.0,0.0,0.0,297.6640319824219,303.1499938964844,285.1499938964844,0.0,-0.0,287.4265441894531,0.0,0.0,0.0,298.0091552734375,303.1499938964844,285.1499938964844,0.0,-0.0,287.4272155761719,0.0,0.0,0.0,287.34197998046875,294.1499938964844,280.6590270996094,279.76531982421875,286.3927917480469,284.307373046875,286.896484375,0.0,0.0,0.0,0.0,1.0,1.0,-5.260428052357435e-13,-1.1747121096749342e-17,5.26054568829315e-13,-7.01833393918633e-13,0.0,0.0,0.0,0.0,60.0,-1.6372604605408014e-08,-0.0,-0.0,0.0,283.1644592285156,287.4449462890625,288.6285095214844,288.9419860839844,293.1499938964844,293.1499938964844,278.1499938964844,0.0,18000.0,313.1499938964844,0.0,18000.0,0.0,0.0,0.0,0.0,0.0,0.0,0.0,0.0,0.0,-0.0,0.0,0.0,-7.778098853284027e-21,-3.889049426642014e-21,-3.889049426642014e-21,0.0,0.0,-0.0,0.0,0.0,0.0,-0.0,0.0,0.0,0.0,0.0,0.0,4.0,0.0,0.0
12101340,297.8456726074219,303.1499938964844,285.1499938964844,0.0,-0.0,287.4275817871094,0.0,0.0,0.0,297.82379150390625,303.1499938964844,285.1499938964844,0.0,-0.0,287.42779541015625,0.0,0.0,0.0,298.2486267089844,303.1499938964844,285.1499938964844,0.0,-0.0,287.4294738769531,0.0,0.0,0.0,297.660888671875,303.1499938964844,285.1499938964844,0.0,-0.0,287.4265441894531,0.0,0.0,0.0,298.0071716308594,303.1499938964844,285.1499938964844,0.0,-0.0,287.4272155761719,0.0,0.0,0.0,287.34197998046875,294.1499938964844,280.63653564453125,279.7445983886719,286.3927917480469,284.307373046875,286.896484375,0.0,0.0,0.0,0.0,1.0,1.0,-5.260428052357435e-13,-1.1747121096749342e-17,5.26054568829315e-13,-7.01833393918633e-13,0.0,0.0,0.0,0.0,60.0,-1.5074636650069806e-08,-0.0,-0.0,0.0,283.1644592285156,287.4449462890625,288.6285095214844,288.9419860839844,293.1499938964844,293.1499938964844,278.1499938964844,0.0,18000.0,313.1499938964844,0.0,18000.0,0.0,0.0,0.0,0.0,0.0,0.0,0.0,0.0,0.0,-0.0,0.0,0.0,-7.778098853284027e-21,-3.889049426642014e-21,-3.889049426642014e-21,0.0,0.0,-0.0,0.0,0.0,0.0,-0.0,0.0,0.0,0.0,0.0,0.0,4.0,0.0,0.0
12101400,297.8456726074219,303.1499938964844,285.1499938964844,0.0,-0.0,287.4275817871094,0.0,0.0,0.0,297.82379150390625,303.1499938964844,285.1499938964844,0.0,-0.0,287.42779541015625,0.0,0.0,0.0,298.2486267089844,303.1499938964844,285.1499938964844,0.0,-0.0,287.4294738769531,0.0,0.0,0.0,297.660888671875,303.1499938964844,285.1499938964844,0.0,-0.0,287.4265441894531,0.0,0.0,0.0,298.0071716308594,303.1499938964844,285.1499938964844,0.0,-0.0,287.4272155761719,0.0,0.0,0.0,287.34197998046875,294.1499938964844,280.63653564453125,279.7445983886719,286.3927917480469,284.307373046875,286.896484375,0.0,0.0,0.0,0.0,1.0,1.0,-5.260428052357435e-13,-1.1747121096749342e-17,5.26054568829315e-13,-7.01833393918633e-13,0.0,0.0,0.0,0.0,60.0,-1.5074636650069806e-08,-0.0,-0.0,0.0,283.1644592285156,287.4449462890625,288.6285095214844,288.9419860839844,293.1499938964844,293.1499938964844,278.1499938964844,0.0,18000.0,313.1499938964844,0.0,18000.0,0.0,0.0,0.0,0.0,0.0,0.0,0.0,0.0,0.0,-0.0,0.0,0.0,-7.778098853284027e-21,-3.889049426642014e-21,-3.889049426642014e-21,0.0,0.0,-0.0,0.0,0.0,0.0,-0.0,0.0,0.0,0.0,0.0,0.0,4.0,0.0,0.0
12101460,297.842529296875,303.1499938964844,285.1499938964844,0.0,-0.0,287.4275817871094,0.0,0.0,-2.558390240110786e-13,297.820556640625,303.1499938964844,285.1499938964844,0.0,-0.0,287.42779541015625,0.0,0.0,-2.694109854910892e-13,298.2449951171875,303.1499938964844,285.1499938964844,0.0,-0.0,287.4294738769531,0.0,0.0,-1.9898615903884281e-13,297.65777587890625,303.1499938964844,285.1499938964844,0.0,-0.0,287.4265441894531,0.0,0.0,-2.694107957557092e-13,298.00518798828125,303.1499938964844,285.1499938964844,0.0,-0.0,287.4272155761719,0.0,0.0,-1.277968724767986e-12,287.34197998046875,294.1499938964844,280.6141662597656,279.7243957519531,286.3927917480469,284.307373046875,286.896484375,0.0,0.0,0.0,0.0,1.0,1.0,-5.816999984996355e-13,-1.2365534557583786e-17,5.817124126145101e-13,9.79643232854044e-13,0.0,0.0,0.0,0.0,60.0,-1.3981612312363724e-08,-0.0,-5.066788513209878e-25,0.0,283.1644592285156,287.4449462890625,288.6285095214844,288.9419860839844,293.1499938964844,293.1499938964844,278.1499938964844,0.0,18000.0,313.1499938964844,0.0,18000.0,0.0,0.0,0.0,0.0,0.0,0.0,0.0,0.0,0.0,-0.0,0.0,0.0,-7.778098853284027e-21,-3.889049426642014e-21,-3.889049426642014e-21,0.0,0.0,-0.0,0.0,0.0,0.0,-0.0,0.0,0.0,0.0,0.0,0.0,4.0,0.0,0.0
12101520,297.842529296875,303.1499938964844,285.1499938964844,0.0,-0.0,287.4275817871094,0.0,0.0,-2.558390240110786e-13,297.820556640625,303.1499938964844,285.1499938964844,0.0,-0.0,287.42779541015625,0.0,0.0,-2.694109854910892e-13,298.2449951171875,303.1499938964844,285.1499938964844,0.0,-0.0,287.4294738769531,0.0,0.0,-1.9898615903884281e-13,297.65777587890625,303.1499938964844,285.1499938964844,0.0,-0.0,287.4265441894531,0.0,0.0,-2.694107957557092e-13,298.00518798828125,303.1499938964844,285.1499938964844,0.0,-0.0,287.4272155761719,0.0,0.0,-1.277968724767986e-12,287.34197998046875,294.1499938964844,280.6141662597656,279.7243957519531,286.3927917480469,284.307373046875,286.896484375,0.0,0.0,0.0,0.0,1.0,1.0,-5.816999984996355e-13,-1.2365534557583786e-17,5.817124126145101e-13,9.79643232854044e-13,0.0,0.0,0.0,0.0,60.0,-1.3981612312363724e-08,-0.0,-5.066788513209878e-25,0.0,283.1644592285156,287.4449462890625,288.6285095214844,288.9419860839844,293.1499938964844,293.1499938964844,278.1499938964844,0.0,18000.0,313.1499938964844,0.0,18000.0,0.0,0.0,0.0,0.0,0.0,0.0,0.0,0.0,0.0,-0.0,0.0,0.0,-7.778098853284027e-21,-3.889049426642014e-21,-3.889049426642014e-21,0.0,0.0,-0.0,0.0,0.0,0.0,-0.0,0.0,0.0,0.0,0.0,0.0,4.0,0.0,0.0
12101580,297.83941650390625,303.1499938964844,285.1499938964844,0.0,-0.0,287.4275817871094,0.0,0.0,0.0,297.8173217773437,303.1499938964844,285.1499938964844,0.0,-0.0,287.42779541015625,0.0,0.0,0.0,298.24139404296875,303.1499938964844,285.1499938964844,0.0,-0.0,287.4294738769531,0.0,0.0,0.0,297.6546325683594,303.1499938964844,285.1499938964844,0.0,-0.0,287.4265441894531,0.0,0.0,0.0,298.00323486328125,303.1499938964844,285.1499938964844,0.0,-0.0,287.4272155761719,0.0,0.0,0.0,287.34197998046875,294.1499938964844,280.59197998046875,279.7047119140625,286.3927917480469,284.307373046875,286.896484375,0.0,0.0,0.0,0.0,1.0,1.0,-5.260428052357435e-13,-1.1747121096749342e-17,5.26054568829315e-13,-7.01833393918633e-13,0.0,0.0,0.0,0.0,60.0,-1.3480642380159225e-08,-0.0,-0.0,0.0,283.1644592285156,287.4449462890625,288.6285095214844,288.9419860839844,293.1499938964844,293.1499938964844,278.1499938964844,0.0,18000.0,313.1499938964844,0.0,18000.0,0.0,0.0,0.0,0.0,0.0,0.0,0.0,0.0,0.0,-0.0,0.0,0.0,-7.778098853284027e-21,-3.889049426642014e-21,-3.889049426642014e-21,0.0,0.0,-0.0,0.0,0.0,0.0,-0.0,0.0,0.0,0.0,0.0,0.0,4.0,0.0,0.0
12101640,297.83941650390625,303.1499938964844,285.1499938964844,0.0,-0.0,287.4275817871094,0.0,0.0,0.0,297.8173217773437,303.1499938964844,285.1499938964844,0.0,-0.0,287.42779541015625,0.0,0.0,0.0,298.24139404296875,303.1499938964844,285.1499938964844,0.0,-0.0,287.4294738769531,0.0,0.0,0.0,297.6546325683594,303.1499938964844,285.1499938964844,0.0,-0.0,287.4265441894531,0.0,0.0,0.0,298.00323486328125,303.1499938964844,285.1499938964844,0.0,-0.0,287.4272155761719,0.0,0.0,0.0,287.34197998046875,294.1499938964844,280.59197998046875,279.7047119140625,286.3927917480469,284.307373046875,286.896484375,0.0,0.0,0.0,0.0,1.0,1.0,-5.260428052357435e-13,-1.1747121096749342e-17,5.26054568829315e-13,-7.01833393918633e-13,0.0,0.0,0.0,0.0,60.0,-1.3480642380159225e-08,-0.0,-0.0,0.0,283.1644592285156,287.4449462890625,288.6285095214844,288.9419860839844,293.1499938964844,293.1499938964844,278.1499938964844,0.0,18000.0,313.1499938964844,0.0,18000.0,0.0,0.0,0.0,0.0,0.0,0.0,0.0,0.0,0.0,-0.0,0.0,0.0,-7.778098853284027e-21,-3.889049426642014e-21,-3.889049426642014e-21,0.0,0.0,-0.0,0.0,0.0,0.0,-0.0,0.0,0.0,0.0,0.0,0.0,4.0,0.0,0.0
12101700,297.8378601074219,303.1499938964844,285.1499938964844,0.0,-0.0,287.4275817871094,0.0,0.0,-2.558390240110786e-13,297.81573486328125,303.1499938964844,285.1499938964844,0.0,-0.0,287.42779541015625,0.0,0.0,-2.694109854910892e-13,298.2395935058594,303.1499938964844,285.1499938964844,0.0,-0.0,287.4294738769531,0.0,0.0,-1.9898615903884281e-13,297.653076171875,303.1499938964844,285.1499938964844,0.0,-0.0,287.4265441894531,0.0,0.0,-2.694107957557092e-13,298.00225830078125,303.1499938964844,285.1499938964844,0.0,-0.0,287.4272155761719,0.0,0.0,-1.277968724767986e-12,287.34197998046875,294.1499938964844,280.5809936523437,279.6950988769531,286.3927917480469,284.307373046875,286.896484375,0.0,0.0,0.0,0.0,1.0,1.0,-5.816999984996355e-13,-1.2365534557583786e-17,5.817124126145101e-13,9.79643232854044e-13,0.0,0.0,0.0,0.0,60.0,-1.2843044849830676e-08,-0.0,-5.066788513209878e-25,0.0,283.1644592285156,287.4449462890625,288.6285095214844,288.9419860839844,293.1499938964844,293.1499938964844,278.1499938964844,0.0,18000.0,313.1499938964844,0.0,18000.0,0.0,0.0,0.0,0.0,0.0,0.0,0.0,0.0,0.0,-0.0,0.0,0.0,-7.778098853284027e-21,-3.889049426642014e-21,-3.889049426642014e-21,0.0,0.0,-0.0,0.0,0.0,0.0,-0.0,0.0,0.0,0.0,0.0,0.0,4.0,0.0,0.0
12101760,297.8363037109375,303.1499938964844,285.1499938964844,0.0,-0.0,287.4275817871094,0.0,0.0,2.558390240110786e-13,297.8141174316406,303.1499938964844,285.1499938964844,0.0,-0.0,287.42779541015625,0.0,0.0,2.694109854910892e-13,298.2378234863281,303.1499938964844,285.1499938964844,0.0,-0.0,287.4294738769531,0.0,0.0,1.9898615903884281e-13,297.65155029296875,303.1499938964844,285.1499938964844,0.0,-0.0,287.4265441894531,0.0,0.0,2.694107957557092e-13,298.00128173828125,303.1499938964844,285.1499938964844,0.0,-0.0,287.4272155761719,0.0,0.0,1.277968724767986e-12,287.34197998046875,294.1499938964844,280.570068359375,279.68560791015625,286.3927917480469,284.307373046875,286.8964538574219,0.0,0.0,0.0,0.0,1.0,1.0,-4.703856119718519e-13,-1.1128707635914901e-17,4.703967792542285e-13,-2.3833101291115266e-12,0.0,0.0,0.0,0.0,60.0,5.050686624485935e-08,-0.0,-5.066788513209878e-25,0.0,283.1644592285156,287.4449462890625,288.6285095214844,288.9419860839844,293.1499938964844,293.1499938964844,278.1499938964844,0.0,18000.0,313.1499938964844,0.0,18000.0,0.0,0.0,0.0,0.0,0.0,0.0,0.0,0.0,0.0,-0.0,0.0,0.0,-7.778098853284027e-21,-3.889049426642014e-21,-3.889049426642014e-21,0.0,0.0,-0.0,0.0,0.0,0.0,-0.0,0.0,0.0,0.0,0.0,0.0,4.0,0.0,0.0
12101820,297.8332214355469,303.1499938964844,285.1499938964844,0.0,-0.0,287.4275817871094,0.0,0.0,0.0,297.8109436035156,303.1499938964844,285.1499938964844,0.0,-0.0,287.42779541015625,0.0,0.0,0.0,298.2342224121094,303.1499938964844,285.1499938964844,0.0,-0.0,287.4294738769531,0.0,0.0,0.0,297.6484375,303.1499938964844,285.1499938964844,0.0,-0.0,287.4265441894531,0.0,0.0,0.0,297.9993591308594,303.1499938964844,285.1499938964844,0.0,-0.0,287.4272155761719,0.0,0.0,0.0,287.34197998046875,294.1499938964844,280.5484313964844,279.6671142578125,286.3927917480469,284.307373046875,286.8964538574219,0.0,0.0,0.0,0.0,1.0,1.0,-5.260428052357435e-13,-1.174712026956873e-17,5.26054568829315e-13,-7.01833393918633e-13,0.0,0.0,0.0,0.0,60.0,1.6235976119105544e-08,-0.0,-0.0,0.0,283.1644592285156,287.4449462890625,288.6285095214844,288.9419860839844,293.1499938964844,293.1499938964844,278.1499938964844,0.0,18000.0,313.1499938964844,0.0,18000.0,0.0,0.0,0.0,0.0,0.0,0.0,0.0,0.0,0.0,-0.0,0.0,0.0,-7.778098853284027e-21,-3.889049426642014e-21,-3.889049426642014e-21,0.0,0.0,-0.0,0.0,0.0,0.0,-0.0,0.0,0.0,0.0,0.0,0.0,4.0,0.0,0.0
12101880,297.8332214355469,303.1499938964844,285.1499938964844,0.0,-0.0,287.4275817871094,0.0,0.0,0.0,297.8109436035156,303.1499938964844,285.1499938964844,0.0,-0.0,287.42779541015625,0.0,0.0,0.0,298.2342224121094,303.1499938964844,285.1499938964844,0.0,-0.0,287.4294738769531,0.0,0.0,0.0,297.6484375,303.1499938964844,285.1499938964844,0.0,-0.0,287.4265441894531,0.0,0.0,0.0,297.9993591308594,303.1499938964844,285.1499938964844,0.0,-0.0,287.4272155761719,0.0,0.0,0.0,287.34197998046875,294.1499938964844,280.5484313964844,279.6671142578125,286.3927917480469,284.307373046875,286.8964538574219,0.0,0.0,0.0,0.0,1.0,1.0,-5.260428052357435e-13,-1.174712026956873e-17,5.26054568829315e-13,-7.01833393918633e-13,0.0,0.0,0.0,0.0,60.0,1.6235976119105544e-08,-0.0,-0.0,0.0,283.1644592285156,287.4449462890625,288.6285095214844,288.9419860839844,293.1499938964844,293.1499938964844,278.1499938964844,0.0,18000.0,313.1499938964844,0.0,18000.0,0.0,0.0,0.0,0.0,0.0,0.0,0.0,0.0,0.0,-0.0,0.0,0.0,-7.778098853284027e-21,-3.889049426642014e-21,-3.889049426642014e-21,0.0,0.0,-0.0,0.0,0.0,0.0,-0.0,0.0,0.0,0.0,0.0,0.0,4.0,0.0,0.0
12101940,297.8301696777344,303.1499938964844,285.1499938964844,0.0,-0.0,287.4275817871094,0.0,0.0,-2.558390240110786e-13,297.8077697753906,303.1499938964844,285.1499938964844,0.0,-0.0,287.42779541015625,0.0,0.0,-2.694109854910892e-13,298.23065185546875,303.1499938964844,285.1499938964844,0.0,-0.0,287.4294738769531,0.0,0.0,-1.9898615903884281e-13,297.6453552246094,303.1499938964844,285.1499938964844,0.0,-0.0,287.4265441894531,0.0,0.0,-2.694107957557092e-13,297.9974365234375,303.1499938964844,285.1499938964844,0.0,-0.0,287.4272155761719,0.0,0.0,-1.277968724767986e-12,287.34197998046875,294.1499938964844,280.5272216796875,279.64923095703125,286.3927917480469,284.307373046875,286.8964538574219,0.0,0.0,0.0,0.0,1.0,1.0,-5.816999984996355e-13,-1.2365533730403177e-17,5.817124126145101e-13,9.79643232854044e-13,0.0,0.0,0.0,0.0,60.0,1.3662812547998726e-10,-0.0,-5.066788513209878e-25,0.0,283.1644592285156,287.4449462890625,288.6285095214844,288.9419860839844,293.1499938964844,293.1499938964844,278.1499938964844,0.0,18000.0,313.1499938964844,0.0,18000.0,0.0,0.0,0.0,0.0,0.0,0.0,0.0,0.0,0.0,-0.0,0.0,0.0,-7.778098853284027e-21,-3.889049426642014e-21,-3.889049426642014e-21,0.0,0.0,-0.0,0.0,0.0,0.0,-0.0,0.0,0.0,0.0,0.0,0.0,4.0,0.0,0.0
12102000,297.8301696777344,303.1499938964844,285.1499938964844,0.0,-0.0,287.4275817871094,0.0,0.0,-2.558390240110786e-13,297.8077697753906,303.1499938964844,285.1499938964844,0.0,-0.0,287.42779541015625,0.0,0.0,-2.694109854910892e-13,298.23065185546875,303.1499938964844,285.1499938964844,0.0,-0.0,287.4294738769531,0.0,0.0,-1.9898615903884281e-13,297.6453552246094,303.1499938964844,285.1499938964844,0.0,-0.0,287.4265441894531,0.0,0.0,-2.694107957557092e-13,297.9974365234375,303.1499938964844,285.1499938964844,0.0,-0.0,287.4272155761719,0.0,0.0,-1.277968724767986e-12,287.34197998046875,294.1499938964844,280.5272216796875,279.64923095703125,286.3927917480469,284.307373046875,286.8964538574219,0.0,0.0,0.0,0.0,1.0,1.0,-5.816999984996355e-13,-1.2365533730403177e-17,5.817124126145101e-13,9.79643232854044e-13,0.0,0.0,0.0,0.0,60.0,1.3662812547998726e-10,-0.0,-5.066788513209878e-25,0.0,283.1644592285156,287.4449462890625,288.6285095214844,288.9419860839844,293.1499938964844,293.1499938964844,278.1499938964844,0.0,18000.0,313.1499938964844,0.0,18000.0,0.0,0.0,0.0,0.0,0.0,0.0,0.0,0.0,0.0,-0.0,0.0,0.0,-7.778098853284027e-21,-3.889049426642014e-21,-3.889049426642014e-21,0.0,0.0,-0.0,0.0,0.0,0.0,-0.0,0.0,0.0,0.0,0.0,0.0,4.0,0.0,0.0
12102060,297.8270874023437,303.1499938964844,285.1499938964844,0.0,-0.0,287.4275817871094,0.0,0.0,0.0,297.8045959472656,303.1499938964844,285.1499938964844,0.0,-0.0,287.42779541015625,0.0,0.0,0.0,298.22711181640625,303.1499938964844,285.1499938964844,0.0,-0.0,287.4294738769531,0.0,0.0,0.0,297.6423034667969,303.1499938964844,285.1499938964844,0.0,-0.0,287.4265441894531,0.0,0.0,0.0,297.9955749511719,303.1499938964844,285.1499938964844,0.0,-0.0,287.4272155761719,0.0,0.0,0.0,287.34197998046875,294.1499938964844,280.50640869140625,279.6319885253906,286.3927917480469,284.307373046875,286.8964538574219,0.0,0.0,0.0,0.0,1.0,1.0,-5.260428052357435e-13,-1.174712026956873e-17,5.26054568829315e-13,-7.01833393918633e-13,0.0,0.0,0.0,0.0,60.0,-6.284893938612868e-09,-0.0,-0.0,0.0,283.1644592285156,287.4449462890625,288.6285095214844,288.9419860839844,293.1499938964844,293.1499938964844,278.1499938964844,0.0,18000.0,313.1499938964844,0.0,18000.0,0.0,0.0,0.0,0.0,0.0,0.0,0.0,0.0,0.0,-0.0,0.0,0.0,-7.778098853284027e-21,-3.889049426642014e-21,-3.889049426642014e-21,0.0,0.0,-0.0,0.0,0.0,0.0,-0.0,0.0,0.0,0.0,0.0,0.0,4.0,0.0,0.0
12102120,297.8270874023437,303.1499938964844,285.1499938964844,0.0,-0.0,287.4275817871094,0.0,0.0,0.0,297.8045959472656,303.1499938964844,285.1499938964844,0.0,-0.0,287.42779541015625,0.0,0.0,0.0,298.22711181640625,303.1499938964844,285.1499938964844,0.0,-0.0,287.4294738769531,0.0,0.0,0.0,297.6423034667969,303.1499938964844,285.1499938964844,0.0,-0.0,287.4265441894531,0.0,0.0,0.0,297.9955749511719,303.1499938964844,285.1499938964844,0.0,-0.0,287.4272155761719,0.0,0.0,0.0,287.34197998046875,294.1499938964844,280.50640869140625,279.6319885253906,286.3927917480469,284.307373046875,286.8964538574219,0.0,0.0,0.0,0.0,1.0,1.0,-5.260428052357435e-13,-1.174712026956873e-17,5.26054568829315e-13,-7.01833393918633e-13,0.0,0.0,0.0,0.0,60.0,-6.284893938612868e-09,-0.0,-0.0,0.0,283.1644592285156,287.4449462890625,288.6285095214844,288.9419860839844,293.1499938964844,293.1499938964844,278.1499938964844,0.0,18000.0,313.1499938964844,0.0,18000.0,0.0,0.0,0.0,0.0,0.0,0.0,0.0,0.0,0.0,-0.0,0.0,0.0,-7.778098853284027e-21,-3.889049426642014e-21,-3.889049426642014e-21,0.0,0.0,-0.0,0.0,0.0,0.0,-0.0,0.0,0.0,0.0,0.0,0.0,4.0,0.0,0.0
12102180,297.8240661621094,303.1499938964844,285.1499938964844,0.0,-0.0,287.4275817871094,0.0,0.0,-2.558390240110786e-13,297.8014221191406,303.1499938964844,285.1499938964844,0.0,-0.0,287.42779541015625,0.0,0.0,-2.694109854910892e-13,298.2235717773437,303.1499938964844,285.1499938964844,0.0,-0.0,287.4294738769531,0.0,0.0,-1.9898615903884281e-13,297.6392517089844,303.1499938964844,285.1499938964844,0.0,-0.0,287.4265441894531,0.0,0.0,-2.694107957557092e-13,297.9936828613281,303.1499938964844,285.1499938964844,0.0,-0.0,287.4272155761719,0.0,0.0,-1.277968724767986e-12,287.34197998046875,294.1499938964844,280.48614501953125,279.6154479980469,286.3927917480469,284.307373046875,286.8964538574219,0.0,0.0,0.0,0.0,1.0,1.0,-5.816999984996355e-13,-1.2365533730403177e-17,5.817124126145101e-13,9.79643232854044e-13,0.0,0.0,0.0,0.0,60.0,-7.787803291137152e-09,-0.0,-5.066788513209878e-25,0.0,283.1644592285156,287.4449462890625,288.6285095214844,288.9419860839844,293.1499938964844,293.1499938964844,278.1499938964844,0.0,18000.0,313.1499938964844,0.0,18000.0,0.0,0.0,0.0,0.0,0.0,0.0,0.0,0.0,0.0,-0.0,0.0,0.0,-7.778098853284027e-21,-3.889049426642014e-21,-3.889049426642014e-21,0.0,0.0,-0.0,0.0,0.0,0.0,-0.0,0.0,0.0,0.0,0.0,0.0,4.0,0.0,0.0
12102240,297.8240661621094,303.1499938964844,285.1499938964844,0.0,-0.0,287.4275817871094,0.0,0.0,-2.558390240110786e-13,297.8014221191406,303.1499938964844,285.1499938964844,0.0,-0.0,287.42779541015625,0.0,0.0,-2.694109854910892e-13,298.2235717773437,303.1499938964844,285.1499938964844,0.0,-0.0,287.4294738769531,0.0,0.0,-1.9898615903884281e-13,297.6392517089844,303.1499938964844,285.1499938964844,0.0,-0.0,287.4265441894531,0.0,0.0,-2.694107957557092e-13,297.9936828613281,303.1499938964844,285.1499938964844,0.0,-0.0,287.4272155761719,0.0,0.0,-1.277968724767986e-12,287.34197998046875,294.1499938964844,280.48614501953125,279.6154479980469,286.3927917480469,284.307373046875,286.8964538574219,0.0,0.0,0.0,0.0,1.0,1.0,-5.816999984996355e-13,-1.2365533730403177e-17,5.817124126145101e-13,9.79643232854044e-13,0.0,0.0,0.0,0.0,60.0,-7.787803291137152e-09,-0.0,-5.066788513209878e-25,0.0,283.1644592285156,287.4449462890625,288.6285095214844,288.9419860839844,293.1499938964844,293.1499938964844,278.1499938964844,0.0,18000.0,313.1499938964844,0.0,18000.0,0.0,0.0,0.0,0.0,0.0,0.0,0.0,0.0,0.0,-0.0,0.0,0.0,-7.778098853284027e-21,-3.889049426642014e-21,-3.889049426642014e-21,0.0,0.0,-0.0,0.0,0.0,0.0,-0.0,0.0,0.0,0.0,0.0,0.0,4.0,0.0,0.0
12102300,297.8225402832031,303.1499938964844,285.1499938964844,0.0,-0.0,287.4275817871094,0.0,0.0,0.0,297.79986572265625,303.1499938964844,285.1499938964844,0.0,-0.0,287.42779541015625,0.0,0.0,0.0,298.2218017578125,303.1499938964844,285.1499938964844,0.0,-0.0,287.4294738769531,0.0,0.0,0.0,297.6377258300781,303.1499938964844,285.1499938964844,0.0,-0.0,287.4265441894531,0.0,0.0,0.0,297.9927673339844,303.1499938964844,285.1499938964844,0.0,-0.0,287.4272155761719,0.0,0.0,0.0,287.34197998046875,294.1499938964844,280.4761962890625,279.6074523925781,286.3927917480469,284.307373046875,286.8964538574219,0.0,0.0,0.0,0.0,1.0,1.0,2.129463272382281e-12,-1.4406854181964598e-17,-2.1294489609136047e-12,3.63514730469805e-12,0.0,0.0,0.0,1.4551915228366852e-11,60.0,-9.176856607950867e-09,-0.0,-0.0,0.0,283.1644592285156,287.4449462890625,288.6285095214844,288.9419860839844,293.1499938964844,293.1499938964844,278.1499938964844,0.0,18000.0,313.1499938964844,0.0,18000.0,0.0,0.0,0.0,0.0,0.0,0.0,0.0,0.0,0.0,-0.0,0.0,0.0,-7.778098853284027e-21,-3.889049426642014e-21,-3.889049426642014e-21,0.0,0.0,-0.0,0.0,0.0,0.0,-0.0,0.0,0.0,0.0,0.0,0.0,4.0,0.0,0.0
12102360,297.821044921875,303.1499938964844,285.1499938964844,0.0,-0.0,287.4275817871094,0.0,0.0,0.0,297.7983093261719,303.1499938964844,285.1499938964844,0.0,-0.0,287.42779541015625,0.0,0.0,0.0,298.22003173828125,303.1499938964844,285.1499938964844,0.0,-0.0,287.4294738769531,0.0,0.0,0.0,297.63623046875,303.1499938964844,285.1499938964844,0.0,-0.0,287.4265441894531,0.0,0.0,0.0,297.9918212890625,303.1499938964844,285.1499938964844,0.0,-0.0,287.4272155761719,0.0,0.0,0.0,287.34197998046875,294.1499938964844,280.4664306640625,279.5996398925781,286.3927917480469,284.307373046875,286.8964538574219,0.0,0.0,0.0,0.0,1.0,1.0,-5.260428052357435e-13,-1.1747121923929956e-17,5.26054568829315e-13,-7.01833393918633e-13,0.0,0.0,0.0,0.0,60.0,-8.721428912394913e-09,-0.0,-0.0,0.0,283.1644592285156,287.4449462890625,288.6285095214844,288.9419860839844,293.1499938964844,293.1499938964844,278.1499938964844,0.0,18000.0,313.1499938964844,0.0,18000.0,0.0,0.0,0.0,0.0,0.0,0.0,0.0,0.0,0.0,-0.0,0.0,0.0,-7.778098853284027e-21,-3.889049426642014e-21,-3.889049426642014e-21,0.0,0.0,-0.0,0.0,0.0,0.0,-0.0,0.0,0.0,0.0,0.0,0.0,4.0,0.0,0.0
12102420,297.8180236816406,303.1499938964844,285.1499938964844,0.0,-0.0,287.4275817871094,0.0,0.0,0.0,297.795166015625,303.1499938964844,285.1499938964844,0.0,-0.0,287.42779541015625,0.0,0.0,0.0,298.2165222167969,303.1499938964844,285.1499938964844,0.0,-0.0,287.4294738769531,0.0,0.0,0.0,297.6331787109375,303.1499938964844,285.1499938964844,0.0,-0.0,287.4265441894531,0.0,0.0,0.0,297.989990234375,303.1499938964844,285.1499938964844,0.0,-0.0,287.4272155761719,0.0,0.0,0.0,287.34197998046875,294.1499938964844,280.4473571777344,279.5845642089844,286.3927917480469,284.307373046875,286.8964538574219,0.0,0.0,0.0,0.0,1.0,1.0,-5.260428052357435e-13,-1.1747121923929956e-17,5.26054568829315e-13,-7.01833393918633e-13,0.0,0.0,0.0,0.0,60.0,-7.947202895763894e-09,-0.0,-0.0,0.0,283.1644592285156,287.4449462890625,288.6285095214844,288.9419860839844,293.1499938964844,293.1499938964844,278.1499938964844,0.0,18000.0,313.1499938964844,0.0,18000.0,0.0,0.0,0.0,0.0,0.0,0.0,0.0,0.0,0.0,-0.0,0.0,0.0,-7.778098853284027e-21,-3.889049426642014e-21,-3.889049426642014e-21,0.0,0.0,-0.0,0.0,0.0,0.0,-0.0,0.0,0.0,0.0,0.0,0.0,4.0,0.0,0.0
12102480,297.8180236816406,303.1499938964844,285.1499938964844,0.0,-0.0,287.4275817871094,0.0,0.0,0.0,297.795166015625,303.1499938964844,285.1499938964844,0.0,-0.0,287.42779541015625,0.0,0.0,0.0,298.2165222167969,303.1499938964844,285.1499938964844,0.0,-0.0,287.4294738769531,0.0,0.0,0.0,297.6331787109375,303.1499938964844,285.1499938964844,0.0,-0.0,287.4265441894531,0.0,0.0,0.0,297.989990234375,303.1499938964844,285.1499938964844,0.0,-0.0,287.4272155761719,0.0,0.0,0.0,287.34197998046875,294.1499938964844,280.4473571777344,279.5845642089844,286.3927917480469,284.307373046875,286.8964538574219,0.0,0.0,0.0,0.0,1.0,1.0,-5.260428052357435e-13,-1.1747121923929956e-17,5.26054568829315e-13,-7.01833393918633e-13,0.0,0.0,0.0,0.0,60.0,-7.947202895763894e-09,-0.0,-0.0,0.0,283.1644592285156,287.4449462890625,288.6285095214844,288.9419860839844,293.1499938964844,293.1499938964844,278.1499938964844,0.0,18000.0,313.1499938964844,0.0,18000.0,0.0,0.0,0.0,0.0,0.0,0.0,0.0,0.0,0.0,-0.0,0.0,0.0,-7.778098853284027e-21,-3.889049426642014e-21,-3.889049426642014e-21,0.0,0.0,-0.0,0.0,0.0,0.0,-0.0,0.0,0.0,0.0,0.0,0.0,4.0,0.0,0.0
12102540,297.8150329589844,303.1499938964844,285.1499938964844,0.0,-0.0,287.4275817871094,0.0,0.0,-2.558390240110786e-13,297.79205322265625,303.1499938964844,285.1499938964844,0.0,-0.0,287.42779541015625,0.0,0.0,-2.694109854910892e-13,298.2130126953125,303.1499938964844,285.1499938964844,0.0,-0.0,287.4294738769531,0.0,0.0,-1.9898615903884281e-13,297.63018798828125,303.1499938964844,285.1499938964844,0.0,-0.0,287.4265441894531,0.0,0.0,-2.694107957557092e-13,297.9881591796875,303.1499938964844,285.1499938964844,0.0,-0.0,287.4272155761719,0.0,0.0,-1.277968724767986e-12,287.34197998046875,294.1499938964844,280.4289855957031,279.5702514648437,286.3927917480469,284.307373046875,286.8964538574219,0.0,0.0,0.0,0.0,1.0,1.0,-5.816999984996355e-13,-1.23655353847644e-17,5.817124126145101e-13,9.79643232854044e-13,0.0,0.0,0.0,0.0,60.0,-7.332376483759617e-09,-0.0,-5.066788513209878e-25,0.0,283.1644592285156,287.4449462890625,288.6285095214844,288.9419860839844,293.1499938964844,293.1499938964844,278.1499938964844,0.0,18000.0,313.1499938964844,0.0,18000.0,0.0,0.0,0.0,0.0,0.0,0.0,0.0,0.0,0.0,-0.0,0.0,0.0,-7.778098853284027e-21,-3.889049426642014e-21,-3.889049426642014e-21,0.0,0.0,-0.0,0.0,0.0,0.0,-0.0,0.0,0.0,0.0,0.0,0.0,4.0,0.0,0.0
12102600,297.8150329589844,303.1499938964844,285.1499938964844,0.0,-0.0,287.4275817871094,0.0,0.0,-2.558390240110786e-13,297.79205322265625,303.1499938964844,285.1499938964844,0.0,-0.0,287.42779541015625,0.0,0.0,-2.694109854910892e-13,298.2130126953125,303.1499938964844,285.1499938964844,0.0,-0.0,287.4294738769531,0.0,0.0,-1.9898615903884281e-13,297.63018798828125,303.1499938964844,285.1499938964844,0.0,-0.0,287.4265441894531,0.0,0.0,-2.694107957557092e-13,297.9881591796875,303.1499938964844,285.1499938964844,0.0,-0.0,287.4272155761719,0.0,0.0,-1.277968724767986e-12,287.34197998046875,294.1499938964844,280.4289855957031,279.5702514648437,286.3927917480469,284.307373046875,286.8964538574219,0.0,0.0,0.0,0.0,1.0,1.0,-5.816999984996355e-13,-1.23655353847644e-17,5.817124126145101e-13,9.79643232854044e-13,0.0,0.0,0.0,0.0,60.0,-7.332376483759617e-09,-0.0,-5.066788513209878e-25,0.0,283.1644592285156,287.4449462890625,288.6285095214844,288.9419860839844,293.1499938964844,293.1499938964844,278.1499938964844,0.0,18000.0,313.1499938964844,0.0,18000.0,0.0,0.0,0.0,0.0,0.0,0.0,0.0,0.0,0.0,-0.0,0.0,0.0,-7.778098853284027e-21,-3.889049426642014e-21,-3.889049426642014e-21,0.0,0.0,-0.0,0.0,0.0,0.0,-0.0,0.0,0.0,0.0,0.0,0.0,4.0,0.0,0.0
12102660,297.8120422363281,303.1499938964844,285.1499938964844,0.0,-0.0,287.4275817871094,0.0,0.0,0.0,297.7889709472656,303.1499938964844,285.1499938964844,0.0,-0.0,287.42779541015625,0.0,0.0,0.0,298.2095031738281,303.1499938964844,285.1499938964844,0.0,-0.0,287.4294738769531,0.0,0.0,0.0,297.627197265625,303.1499938964844,285.1499938964844,0.0,-0.0,287.4265441894531,0.0,0.0,0.0,297.986328125,303.1499938964844,285.1499938964844,0.0,-0.0,287.4272155761719,0.0,0.0,0.0,287.34197998046875,294.1499938964844,280.4114074707031,279.5567626953125,286.3927917480469,284.307373046875,286.8964538574219,0.0,0.0,0.0,0.0,1.0,1.0,-5.260428052357435e-13,-1.1747122751110569e-17,5.26054568829315e-13,-7.01833393918633e-13,0.0,0.0,0.0,0.0,60.0,-7.24129112228411e-09,-0.0,-0.0,0.0,283.1644592285156,287.4449462890625,288.6285095214844,288.9419860839844,293.1499938964844,293.1499938964844,278.1499938964844,0.0,18000.0,313.1499938964844,0.0,18000.0,0.0,0.0,0.0,0.0,0.0,0.0,0.0,0.0,0.0,-0.0,0.0,0.0,-7.778098853284027e-21,-3.889049426642014e-21,-3.889049426642014e-21,0.0,0.0,-0.0,0.0,0.0,0.0,-0.0,0.0,0.0,0.0,0.0,0.0,4.0,0.0,0.0
12102720,297.8120422363281,303.1499938964844,285.1499938964844,0.0,-0.0,287.4275817871094,0.0,0.0,0.0,297.7889709472656,303.1499938964844,285.1499938964844,0.0,-0.0,287.42779541015625,0.0,0.0,0.0,298.2095031738281,303.1499938964844,285.1499938964844,0.0,-0.0,287.4294738769531,0.0,0.0,0.0,297.627197265625,303.1499938964844,285.1499938964844,0.0,-0.0,287.4265441894531,0.0,0.0,0.0,297.986328125,303.1499938964844,285.1499938964844,0.0,-0.0,287.4272155761719,0.0,0.0,0.0,287.34197998046875,294.1499938964844,280.4114074707031,279.5567626953125,286.3927917480469,284.307373046875,286.8964538574219,0.0,0.0,0.0,0.0,1.0,1.0,-5.260428052357435e-13,-1.1747122751110569e-17,5.26054568829315e-13,-7.01833393918633e-13,0.0,0.0,0.0,0.0,60.0,-7.24129112228411e-09,-0.0,-0.0,0.0,283.1644592285156,287.4449462890625,288.6285095214844,288.9419860839844,293.1499938964844,293.1499938964844,278.1499938964844,0.0,18000.0,313.1499938964844,0.0,18000.0,0.0,0.0,0.0,0.0,0.0,0.0,0.0,0.0,0.0,-0.0,0.0,0.0,-7.778098853284027e-21,-3.889049426642014e-21,-3.889049426642014e-21,0.0,0.0,-0.0,0.0,0.0,0.0,-0.0,0.0,0.0,0.0,0.0,0.0,4.0,0.0,0.0
12102780,297.80908203125,303.1499938964844,285.1499938964844,0.0,-0.0,287.4275817871094,0.0,0.0,-2.558390240110786e-13,297.785888671875,303.1499938964844,285.1499938964844,0.0,-0.0,287.42779541015625,0.0,0.0,-2.694109854910892e-13,298.2060241699219,303.1499938964844,285.1499938964844,0.0,-0.0,287.4294738769531,0.0,0.0,-1.9898615903884281e-13,297.62420654296875,303.1499938964844,285.1499938964844,0.0,-0.0,287.4265441894531,0.0,0.0,-2.694107957557092e-13,297.9845275878906,303.1499938964844,285.1499938964844,0.0,-0.0,287.4272155761719,0.0,0.0,-1.277968724767986e-12,287.34197998046875,294.1499938964844,280.3946228027344,279.5440979003906,286.3927917480469,284.307373046875,286.8964538574219,0.0,0.0,0.0,0.0,1.0,1.0,-5.816999984996355e-13,-1.23655353847644e-17,5.817124126145101e-13,9.79643232854044e-13,0.0,0.0,0.0,0.0,60.0,-6.489836223977363e-09,-0.0,-5.066788513209878e-25,0.0,283.1644592285156,287.4449462890625,288.6285095214844,288.9419860839844,293.1499938964844,293.1499938964844,278.1499938964844,0.0,18000.0,313.1499938964844,0.0,18000.0,0.0,0.0,0.0,0.0,0.0,0.0,0.0,0.0,0.0,-0.0,0.0,0.0,-7.778098853284027e-21,-3.889049426642014e-21,-3.889049426642014e-21,0.0,0.0,-0.0,0.0,0.0,0.0,-0.0,0.0,0.0,0.0,0.0,0.0,4.0,0.0,0.0
12102840,297.80908203125,303.1499938964844,285.1499938964844,0.0,-0.0,287.4275817871094,0.0,0.0,-2.558390240110786e-13,297.785888671875,303.1499938964844,285.1499938964844,0.0,-0.0,287.42779541015625,0.0,0.0,-2.694109854910892e-13,298.2060241699219,303.1499938964844,285.1499938964844,0.0,-0.0,287.4294738769531,0.0,0.0,-1.9898615903884281e-13,297.62420654296875,303.1499938964844,285.1499938964844,0.0,-0.0,287.4265441894531,0.0,0.0,-2.694107957557092e-13,297.9845275878906,303.1499938964844,285.1499938964844,0.0,-0.0,287.4272155761719,0.0,0.0,-1.277968724767986e-12,287.34197998046875,294.1499938964844,280.3946228027344,279.5440979003906,286.3927917480469,284.307373046875,286.8964538574219,0.0,0.0,0.0,0.0,1.0,1.0,-5.816999984996355e-13,-1.23655353847644e-17,5.817124126145101e-13,9.79643232854044e-13,0.0,0.0,0.0,0.0,60.0,-6.489836223977363e-09,-0.0,-5.066788513209878e-25,0.0,283.1644592285156,287.4449462890625,288.6285095214844,288.9419860839844,293.1499938964844,293.1499938964844,278.1499938964844,0.0,18000.0,313.1499938964844,0.0,18000.0,0.0,0.0,0.0,0.0,0.0,0.0,0.0,0.0,0.0,-0.0,0.0,0.0,-7.778098853284027e-21,-3.889049426642014e-21,-3.889049426642014e-21,0.0,0.0,-0.0,0.0,0.0,0.0,-0.0,0.0,0.0,0.0,0.0,0.0,4.0,0.0,0.0
12102900,297.8075866699219,303.1499938964844,285.1499938964844,0.0,-0.0,287.4275817871094,0.0,0.0,0.0,297.7843322753906,303.1499938964844,285.1499938964844,0.0,-0.0,287.42779541015625,0.0,0.0,0.0,298.20428466796875,303.1499938964844,285.1499938964844,0.0,-0.0,287.4294738769531,0.0,0.0,0.0,297.6227111816406,303.1499938964844,285.1499938964844,0.0,-0.0,287.4265441894531,0.0,0.0,0.0,297.983642578125,303.1499938964844,285.1499938964844,0.0,-0.0,287.4272155761719,0.0,0.0,0.0,287.34197998046875,294.1499938964844,280.3865966796875,279.5381164550781,286.3927917480469,284.307373046875,286.8964538574219,0.0,0.0,0.0,0.0,1.0,1.0,-5.260428052357435e-13,-1.1747122751110569e-17,5.26054568829315e-13,-7.01833393918633e-13,0.0,0.0,0.0,0.0,60.0,-6.444293543239611e-09,-0.0,-0.0,0.0,283.1644592285156,287.4449462890625,288.6285095214844,288.9419860839844,293.1499938964844,293.1499938964844,278.1499938964844,0.0,18000.0,313.1499938964844,0.0,18000.0,0.0,0.0,0.0,0.0,0.0,0.0,0.0,0.0,0.0,-0.0,0.0,0.0,-7.778098853284027e-21,-3.889049426642014e-21,-3.889049426642014e-21,0.0,0.0,-0.0,0.0,0.0,0.0,-0.0,0.0,0.0,0.0,0.0,0.0,4.0,0.0,0.0
12102960,297.8061218261719,303.1499938964844,285.1499938964844,0.0,-0.0,287.4275817871094,0.0,0.0,0.0,297.7828063964844,303.1499938964844,285.1499938964844,0.0,-0.0,287.42779541015625,0.0,0.0,0.0,298.2025451660156,303.1499938964844,285.1499938964844,0.0,-0.0,287.4294738769531,0.0,0.0,0.0,297.6212463378906,303.1499938964844,285.1499938964844,0.0,-0.0,287.4265441894531,0.0,0.0,0.0,297.9827575683594,303.1499938964844,285.1499938964844,0.0,-0.0,287.4272155761719,0.0,0.0,0.0,287.34197998046875,294.1499938964844,280.3787536621094,279.5323181152344,286.3927917480469,284.307373046875,286.8964538574219,0.0,0.0,0.0,0.0,1.0,1.0,-5.260428052357435e-13,-1.174712357829118e-17,5.26054568829315e-13,-7.01833393918633e-13,0.0,0.0,0.0,0.0,60.0,-6.1254947780753355e-09,-0.0,-0.0,0.0,283.1644592285156,287.4449462890625,288.6285095214844,288.9419860839844,293.1499938964844,293.1499938964844,278.1499938964844,0.0,18000.0,313.1499938964844,0.0,18000.0,0.0,0.0,0.0,0.0,0.0,0.0,0.0,0.0,0.0,-0.0,0.0,0.0,-7.778098853284027e-21,-3.889049426642014e-21,-3.889049426642014e-21,0.0,0.0,-0.0,0.0,0.0,0.0,-0.0,0.0,0.0,0.0,0.0,0.0,4.0,0.0,0.0
12103020,297.8031921386719,303.1499938964844,285.1499938964844,0.0,-0.0,287.4275817871094,0.0,0.0,0.0,297.7797546386719,303.1499938964844,285.1499938964844,0.0,-0.0,287.42779541015625,0.0,0.0,0.0,298.1990966796875,303.1499938964844,285.1499938964844,0.0,-0.0,287.4294738769531,0.0,0.0,0.0,297.6182861328125,303.1499938964844,285.1499938964844,0.0,-0.0,287.4265441894531,0.0,0.0,0.0,297.98095703125,303.1499938964844,285.1499938964844,0.0,-0.0,287.4272155761719,0.0,0.0,0.0,287.34197998046875,294.1499938964844,280.3638610839844,279.5214233398437,286.3927917480469,284.307373046875,286.8964538574219,0.0,0.0,0.0,0.0,1.0,1.0,-5.260428052357435e-13,-1.174712357829118e-17,5.26054568829315e-13,-7.01833393918633e-13,0.0,0.0,0.0,0.0,60.0,-5.556210602719602e-09,-0.0,-0.0,0.0,283.1644592285156,287.4449462890625,288.6285095214844,288.9419860839844,293.1499938964844,293.1499938964844,278.1499938964844,0.0,18000.0,313.1499938964844,0.0,18000.0,0.0,0.0,0.0,0.0,0.0,0.0,0.0,0.0,0.0,-0.0,0.0,0.0,-7.778098853284027e-21,-3.889049426642014e-21,-3.889049426642014e-21,0.0,0.0,-0.0,0.0,0.0,0.0,-0.0,0.0,0.0,0.0,0.0,0.0,4.0,0.0,0.0
12103080,297.8031921386719,303.1499938964844,285.1499938964844,0.0,-0.0,287.4275817871094,0.0,0.0,0.0,297.7797546386719,303.1499938964844,285.1499938964844,0.0,-0.0,287.42779541015625,0.0,0.0,0.0,298.1990966796875,303.1499938964844,285.1499938964844,0.0,-0.0,287.4294738769531,0.0,0.0,0.0,297.6182861328125,303.1499938964844,285.1499938964844,0.0,-0.0,287.4265441894531,0.0,0.0,0.0,297.98095703125,303.1499938964844,285.1499938964844,0.0,-0.0,287.4272155761719,0.0,0.0,0.0,287.34197998046875,294.1499938964844,280.3638610839844,279.5214233398437,286.3927917480469,284.307373046875,286.8964538574219,0.0,0.0,0.0,0.0,1.0,1.0,-5.260428052357435e-13,-1.174712357829118e-17,5.26054568829315e-13,-7.01833393918633e-13,0.0,0.0,0.0,0.0,60.0,-5.556210602719602e-09,-0.0,-0.0,0.0,283.1644592285156,287.4449462890625,288.6285095214844,288.9419860839844,293.1499938964844,293.1499938964844,278.1499938964844,0.0,18000.0,313.1499938964844,0.0,18000.0,0.0,0.0,0.0,0.0,0.0,0.0,0.0,0.0,0.0,-0.0,0.0,0.0,-7.778098853284027e-21,-3.889049426642014e-21,-3.889049426642014e-21,0.0,0.0,-0.0,0.0,0.0,0.0,-0.0,0.0,0.0,0.0,0.0,0.0,4.0,0.0,0.0
12103140,297.8002624511719,303.1499938964844,285.1499938964844,0.0,-0.0,287.4275817871094,0.0,0.0,0.0,297.7767028808594,303.1499938964844,285.1499938964844,0.0,-0.0,287.42779541015625,0.0,0.0,0.0,298.1956481933594,303.1499938964844,285.1499938964844,0.0,-0.0,287.4294738769531,0.0,0.0,0.0,297.6153564453125,303.1499938964844,285.1499938964844,0.0,-0.0,287.4265441894531,0.0,0.0,0.0,297.97918701171875,303.1499938964844,285.1499938964844,0.0,-0.0,287.4272155761719,0.0,0.0,0.0,287.34197998046875,294.1499938964844,280.3500061035156,279.511474609375,286.3927917480469,284.307373046875,286.8964538574219,0.0,0.0,0.0,0.0,1.0,1.0,-5.260428052357435e-13,-1.174712357829118e-17,5.26054568829315e-13,-7.01833393918633e-13,0.0,0.0,0.0,0.0,60.0,-5.169097594404093e-09,-0.0,-0.0,0.0,283.1644592285156,287.4449462890625,288.6285095214844,288.9419860839844,293.1499938964844,293.1499938964844,278.1499938964844,0.0,18000.0,313.1499938964844,0.0,18000.0,0.0,0.0,0.0,0.0,0.0,0.0,0.0,0.0,0.0,-0.0,0.0,0.0,-7.778098853284027e-21,-3.889049426642014e-21,-3.889049426642014e-21,0.0,0.0,-0.0,0.0,0.0,0.0,-0.0,0.0,0.0,0.0,0.0,0.0,4.0,0.0,0.0
12103200,297.8002624511719,303.1499938964844,285.1499938964844,0.0,-0.0,287.4275817871094,0.0,0.0,0.0,297.7767028808594,303.1499938964844,285.1499938964844,0.0,-0.0,287.42779541015625,0.0,0.0,0.0,298.1956481933594,303.1499938964844,285.1499938964844,0.0,-0.0,287.4294738769531,0.0,0.0,0.0,297.6153564453125,303.1499938964844,285.1499938964844,0.0,-0.0,287.4265441894531,0.0,0.0,0.0,297.97918701171875,303.1499938964844,285.1499938964844,0.0,-0.0,287.4272155761719,0.0,0.0,0.0,287.34197998046875,294.1499938964844,280.3500061035156,279.511474609375,286.3927917480469,284.307373046875,286.8964538574219,0.0,0.0,0.0,0.0,1.0,1.0,-5.260428052357435e-13,-1.174712357829118e-17,5.26054568829315e-13,-7.01833393918633e-13,0.0,0.0,0.0,0.0,60.0,-5.169097594404093e-09,-0.0,-0.0,0.0,283.1644592285156,287.4449462890625,288.6285095214844,288.9419860839844,293.1499938964844,293.1499938964844,278.1499938964844,0.0,18000.0,313.1499938964844,0.0,18000.0,0.0,0.0,0.0,0.0,0.0,0.0,0.0,0.0,0.0,-0.0,0.0,0.0,-7.778098853284027e-21,-3.889049426642014e-21,-3.889049426642014e-21,0.0,0.0,-0.0,0.0,0.0,0.0,-0.0,0.0,0.0,0.0,0.0,0.0,4.0,0.0,0.0
12103260,297.79736328125,303.1499938964844,285.1499938964844,0.0,-0.0,287.4275817871094,0.0,0.0,6.947052710870594e-09,297.773681640625,303.1499938964844,285.1499938964844,0.0,-0.0,287.42779541015625,0.0,0.0,7.315585914824396e-09,298.19219970703125,303.1499938964844,285.1499938964844,0.0,-0.0,287.4294738769531,0.0,0.0,5.403270275650129e-09,297.6124572753906,303.1499938964844,285.1499938964844,0.0,-0.0,287.4265441894531,0.0,0.0,7.315580585753878e-09,297.9774475097656,303.1499938964844,285.1499938964844,0.0,-0.0,287.4272155761719,0.0,0.0,3.470196574539841e-08,287.34197998046875,294.1499938964844,280.33856201171875,279.504638671875,286.3927917480469,284.307373046875,286.8964538574219,0.0,0.0,0.0,0.0,1.0,1.0,-7.402700674674635e-08,9.257619491961565e-14,7.40269143761907e-08,-1.693896365395631e-07,0.0,0.0,0.0,-4.1697057895362377e-07,60.0,-0.0002113618538714,-0.0,-3.7359444282857024e-16,0.0,283.1644592285156,287.4449462890625,288.6285095214844,288.9419860839844,293.1499938964844,293.1499938964844,278.1499938964844,0.0,18000.0,313.1499938964844,0.0,18000.0,0.0,0.0,0.0,0.0,0.0,0.0,0.0,0.0,0.0,-0.0,0.0,0.0,-7.778098853284027e-21,-3.889049426642014e-21,-3.889049426642014e-21,0.0,0.0,-0.0,0.0,0.0,0.0,-0.0,0.0,0.0,0.0,0.0,0.0,4.0,0.0,0.0
12103320,297.79736328125,303.1499938964844,285.1499938964844,0.0,-0.0,287.4275817871094,0.0,0.0,6.947052710870594e-09,297.773681640625,303.1499938964844,285.1499938964844,0.0,-0.0,287.42779541015625,0.0,0.0,7.315585914824396e-09,298.19219970703125,303.1499938964844,285.1499938964844,0.0,-0.0,287.4294738769531,0.0,0.0,5.403270275650129e-09,297.6124572753906,303.1499938964844,285.1499938964844,0.0,-0.0,287.4265441894531,0.0,0.0,7.315580585753878e-09,297.9774475097656,303.1499938964844,285.1499938964844,0.0,-0.0,287.4272155761719,0.0,0.0,3.470196574539841e-08,287.34197998046875,294.1499938964844,280.33856201171875,279.504638671875,286.3927917480469,284.307373046875,286.8964538574219,0.0,0.0,0.0,0.0,1.0,1.0,-7.402700674674635e-08,9.257619491961565e-14,7.40269143761907e-08,-1.693896365395631e-07,0.0,0.0,0.0,-4.1697057895362377e-07,60.0,-0.0002113618538714,-0.0,-3.7359444282857024e-16,0.0,283.1644592285156,287.4449462890625,288.6285095214844,288.9419860839844,293.1499938964844,293.1499938964844,278.1499938964844,0.0,18000.0,313.1499938964844,0.0,18000.0,0.0,0.0,0.0,0.0,0.0,0.0,0.0,0.0,0.0,-0.0,0.0,0.0,-7.778098853284027e-21,-3.889049426642014e-21,-3.889049426642014e-21,0.0,0.0,-0.0,0.0,0.0,0.0,-0.0,0.0,0.0,0.0,0.0,0.0,4.0,0.0,0.0
12103380,297.7944641113281,303.1499938964844,285.1499938964844,0.0,-0.0,287.4275817871094,0.0,0.0,1.143661805258489e-07,297.7706604003906,303.1499938964844,285.1499938964844,0.0,-0.0,287.42779541015625,0.0,0.0,1.204331709914186e-07,298.1887512207031,303.1499938964844,285.1499938964844,0.0,-0.0,287.4294738769531,0.0,0.0,8.895158742916467e-08,297.6095275878906,303.1499938964844,285.1499938964844,0.0,-0.0,287.4265441894531,0.0,0.0,1.204330857262903e-07,297.9757080078125,303.1499938964844,285.1499938964844,0.0,-0.0,287.4272155761719,0.0,0.0,5.71282726014033e-07,287.34197998046875,294.1499938964844,280.3308410644531,279.5028381347656,286.3927917480469,284.307373046875,286.8964538574219,0.0,0.0,0.0,0.0,1.0,1.0,-1.2185894320282389e-06,1.524145067967331e-12,1.2185878404125106e-06,-2.7884484552487265e-06,0.0,0.0,0.0,-6.863963790237904e-06,60.0,-0.0034171671140938,-0.0,-1.0124986650960833e-13,0.0,283.1644592285156,287.4449462890625,288.6285095214844,288.9419860839844,293.1499938964844,293.1499938964844,278.1499938964844,0.0,18000.0,313.1499938964844,0.0,18000.0,0.0,0.0,0.0,0.0,0.0,0.0,0.0,0.0,0.0,-0.0,0.0,0.0,-7.778098853284027e-21,-3.889049426642014e-21,-3.889049426642014e-21,0.0,0.0,-0.0,0.0,0.0,0.0,-0.0,0.0,0.0,0.0,0.0,0.0,4.0,0.0,0.0
12103440,297.7944641113281,303.1499938964844,285.1499938964844,0.0,-0.0,287.4275817871094,0.0,0.0,1.143661805258489e-07,297.7706604003906,303.1499938964844,285.1499938964844,0.0,-0.0,287.42779541015625,0.0,0.0,1.204331709914186e-07,298.1887512207031,303.1499938964844,285.1499938964844,0.0,-0.0,287.4294738769531,0.0,0.0,8.895158742916467e-08,297.6095275878906,303.1499938964844,285.1499938964844,0.0,-0.0,287.4265441894531,0.0,0.0,1.204330857262903e-07,297.9757080078125,303.1499938964844,285.1499938964844,0.0,-0.0,287.4272155761719,0.0,0.0,5.71282726014033e-07,287.34197998046875,294.1499938964844,280.3308410644531,279.5028381347656,286.3927917480469,284.307373046875,286.8964538574219,0.0,0.0,0.0,0.0,1.0,1.0,-1.2185894320282389e-06,1.524145067967331e-12,1.2185878404125106e-06,-2.7884484552487265e-06,0.0,0.0,0.0,-6.863963790237904e-06,60.0,-0.0034171671140938,-0.0,-1.0124986650960833e-13,0.0,283.1644592285156,287.4449462890625,288.6285095214844,288.9419860839844,293.1499938964844,293.1499938964844,278.1499938964844,0.0,18000.0,313.1499938964844,0.0,18000.0,0.0,0.0,0.0,0.0,0.0,0.0,0.0,0.0,0.0,-0.0,0.0,0.0,-7.778098853284027e-21,-3.889049426642014e-21,-3.889049426642014e-21,0.0,0.0,-0.0,0.0,0.0,0.0,-0.0,0.0,0.0,0.0,0.0,0.0,4.0,0.0,0.0
12103500,297.7929992675781,303.1499938964844,285.1499938964844,0.0,-0.0,287.4275817871094,0.0,0.0,2.501708991076157e-07,297.7691345214844,303.1499938964844,285.1499938964844,0.0,-0.0,287.42779541015625,0.0,0.0,2.634421889524674e-07,298.18701171875,303.1499938964844,285.1499938964844,0.0,-0.0,287.4294738769531,0.0,0.0,1.9457762334695882e-07,297.6080322265625,303.1499938964844,285.1499938964844,0.0,-0.0,287.4265441894531,0.0,0.0,2.634419900005014e-07,297.9748229980469,303.1499938964844,285.1499938964844,0.0,-0.0,287.4272155761719,0.0,0.0,1.2496553836172095e-06,287.34197998046875,294.1499938964844,280.32830810546875,279.5037536621094,286.3927917480469,284.307373046875,286.8964538574219,0.0,0.0,0.0,0.0,1.0,1.0,-2.6655980036593974e-06,3.334034654259299e-12,2.665594820427941e-06,-6.099588517827215e-06,0.0,0.0,0.0,-1.5014578821137547e-05,60.0,-0.0077162533998489,-0.0,-4.844766081368856e-13,0.0,283.1644592285156,287.4449462890625,288.6285095214844,288.9419860839844,293.1499938964844,293.1499938964844,278.1499938964844,0.0,18000.0,313.1499938964844,0.0,18000.0,0.0,0.0,0.0,0.0,0.0,0.0,0.0,0.0,0.0,-0.0,0.0,0.0,-7.778098853284027e-21,-3.889049426642014e-21,-3.889049426642014e-21,0.0,0.0,-0.0,0.0,0.0,0.0,-0.0,0.0,0.0,0.0,0.0,0.0,4.0,0.0,0.0
12103560,297.7915344238281,303.1499938964844,285.1499938964844,0.0,-0.0,287.4275817871094,0.0,0.0,4.773756359099934e-07,297.7676086425781,303.1499938964844,285.1499938964844,0.0,-0.0,287.42779541015625,0.0,0.0,5.026998906032532e-07,298.1852722167969,303.1499938964844,285.1499938964844,0.0,-0.0,287.4294738769531,0.0,0.0,3.712926570642594e-07,297.6065368652344,303.1499938964844,285.1499938964844,0.0,-0.0,287.4265441894531,0.0,0.0,5.0269954954274e-07,297.9739685058594,303.1499938964844,285.1499938964844,0.0,-0.0,287.4272155761719,0.0,0.0,2.384590061410563e-06,287.34197998046875,294.1499938964844,280.32666015625,279.505859375,286.3927917480469,284.307373046875,286.8964538574219,0.0,0.0,0.0,0.0,1.0,1.0,-5.086508281237912e-06,6.361966942841635e-12,5.086501914774999e-06,-1.1639252988970838e-05,0.0,0.0,0.0,-2.86508584395051e-05,60.0,-0.0151113402098417,-0.0,-1.7640859476322768e-12,0.0,283.1644592285156,287.4449462890625,288.6285095214844,288.9419860839844,293.1499938964844,293.1499938964844,278.1499938964844,0.0,18000.0,313.1499938964844,0.0,18000.0,0.0,0.0,0.0,0.0,0.0,0.0,0.0,0.0,0.0,-0.0,0.0,0.0,-7.778098853284027e-21,-3.889049426642014e-21,-3.889049426642014e-21,0.0,0.0,-0.0,0.0,0.0,0.0,-0.0,0.0,0.0,0.0,0.0,0.0,4.0,0.0,0.0
12103620,297.7885437011719,303.1499938964844,285.1499938964844,0.0,-0.0,287.4275817871094,0.0,0.0,1.3713695352635114e-06,297.7644958496094,303.1499938964844,285.1499938964844,0.0,-0.0,287.4278259277344,0.0,0.0,1.444119106963626e-06,298.1817626953125,303.1499938964844,285.1499938964844,0.0,-0.0,287.42950439453125,0.0,0.0,1.0666220759958378e-06,297.6034545898437,303.1499938964844,285.1499938964844,0.0,-0.0,287.42657470703125,0.0,0.0,1.4441180837820866e-06,297.9721984863281,303.1499938964844,285.1499938964844,0.0,-0.0,287.42724609375,0.0,0.0,6.8502740759868175e-06,287.3420104980469,294.1499938964844,280.3258361816406,279.51336669921875,286.3927917480469,284.30743408203125,286.8964538574219,0.0,0.0,0.0,0.0,1.0,1.0,-1.4612199265684469e-05,1.827629887707349e-11,1.4612181075790431e-05,-3.343647767906077e-05,0.0,0.0,0.0,-8.230638923123479e-05,60.0,-0.0457494594156742,-0.0,-1.4558217478755076e-11,0.0,283.1644592285156,287.4449462890625,288.6285095214844,288.9419860839844,293.1499938964844,293.1499938964844,278.1499938964844,0.0,18000.0,313.1499938964844,0.0,18000.0,0.0,0.0,0.0,0.0,0.0,0.0,0.0,0.0,0.0,-0.0,0.0,0.0,-7.778098853284027e-21,-3.889049426642014e-21,-3.889049426642014e-21,0.0,0.0,-0.0,0.0,0.0,0.0,-0.0,0.0,0.0,0.0,0.0,0.0,4.0,0.0,0.0
12103680,297.7885437011719,303.1499938964844,285.1499938964844,0.0,-0.0,287.4275817871094,0.0,0.0,1.3713695352635114e-06,297.7644958496094,303.1499938964844,285.1499938964844,0.0,-0.0,287.4278259277344,0.0,0.0,1.444119106963626e-06,298.1817626953125,303.1499938964844,285.1499938964844,0.0,-0.0,287.42950439453125,0.0,0.0,1.0666220759958378e-06,297.6034545898437,303.1499938964844,285.1499938964844,0.0,-0.0,287.42657470703125,0.0,0.0,1.4441180837820866e-06,297.9721984863281,303.1499938964844,285.1499938964844,0.0,-0.0,287.42724609375,0.0,0.0,6.8502740759868175e-06,287.3420104980469,294.1499938964844,280.3258361816406,279.51336669921875,286.3927917480469,284.30743408203125,286.8964538574219,0.0,0.0,0.0,0.0,1.0,1.0,-1.4612199265684469e-05,1.827629887707349e-11,1.4612181075790431e-05,-3.343647767906077e-05,0.0,0.0,0.0,-8.230638923123479e-05,60.0,-0.0457494594156742,-0.0,-1.4558217478755076e-11,0.0,283.1644592285156,287.4449462890625,288.6285095214844,288.9419860839844,293.1499938964844,293.1499938964844,278.1499938964844,0.0,18000.0,313.1499938964844,0.0,18000.0,0.0,0.0,0.0,0.0,0.0,0.0,0.0,0.0,0.0,-0.0,0.0,0.0,-7.778098853284027e-21,-3.889049426642014e-21,-3.889049426642014e-21,0.0,0.0,-0.0,0.0,0.0,0.0,-0.0,0.0,0.0,0.0,0.0,0.0,4.0,0.0,0.0
12103740,297.7854919433594,303.1499938964844,285.1499938964844,0.0,-0.0,287.4276733398437,0.0,0.0,3.095866759394994e-06,297.7613220214844,303.1499938964844,285.1499938964844,0.0,-0.0,287.4278869628906,0.0,0.0,3.260098992541316e-06,298.1781616210937,303.1499938964844,285.1499938964844,0.0,-0.0,287.4295654296875,0.0,0.0,2.407899501122301e-06,297.6001892089844,303.1499938964844,285.1499938964844,0.0,-0.0,287.4266357421875,0.0,0.0,3.260096718804561e-06,297.9704284667969,303.1499938964844,285.1499938964844,0.0,-0.0,287.4273376464844,0.0,0.0,1.5464494936168194e-05,287.3421325683594,294.1499938964844,280.3282165527344,279.525146484375,286.3926696777344,284.3076477050781,286.8964538574219,0.0,0.0,0.0,0.0,1.0,1.0,-3.2987114536808804e-05,4.125876029714704e-11,3.298707088106312e-05,-7.548296707682312e-05,0.0,0.0,0.0,-0.0001858070609159,60.0,-0.1075760275125503,-0.0,-7.419313774459367e-11,0.0,283.1644592285156,287.4449462890625,288.6285095214844,288.9419860839844,293.1499938964844,293.1499938964844,278.1499938964844,0.0,18000.0,313.1499938964844,0.0,18000.0,0.0,0.0,0.0,0.0,0.0,0.0,0.0,0.0,0.0,-0.0,0.0,0.0,-7.778098853284027e-21,-3.889049426642014e-21,-3.889049426642014e-21,0.0,0.0,-0.0,0.0,0.0,0.0,-0.0,0.0,0.0,0.0,0.0,0.0,4.0,0.0,0.0
12103800,297.7854919433594,303.1499938964844,285.1499938964844,0.0,-0.0,287.4276733398437,0.0,0.0,3.095866759394994e-06,297.7613220214844,303.1499938964844,285.1499938964844,0.0,-0.0,287.4278869628906,0.0,0.0,3.260098992541316e-06,298.1781616210937,303.1499938964844,285.1499938964844,0.0,-0.0,287.4295654296875,0.0,0.0,2.407899501122301e-06,297.6001892089844,303.1499938964844,285.1499938964844,0.0,-0.0,287.4266357421875,0.0,0.0,3.260096718804561e-06,297.9704284667969,303.1499938964844,285.1499938964844,0.0,-0.0,287.4273376464844,0.0,0.0,1.5464494936168194e-05,287.3421325683594,294.1499938964844,280.3282165527344,279.525146484375,286.3926696777344,284.3076477050781,286.8964538574219,0.0,0.0,0.0,0.0,1.0,1.0,-3.2987114536808804e-05,4.125876029714704e-11,3.298707088106312e-05,-7.548296707682312e-05,0.0,0.0,0.0,-0.0001858070609159,60.0,-0.1075760275125503,-0.0,-7.419313774459367e-11,0.0,283.1644592285156,287.4449462890625,288.6285095214844,288.9419860839844,293.1499938964844,293.1499938964844,278.1499938964844,0.0,18000.0,313.1499938964844,0.0,18000.0,0.0,0.0,0.0,0.0,0.0,0.0,0.0,0.0,0.0,-0.0,0.0,0.0,-7.778098853284027e-21,-3.889049426642014e-21,-3.889049426642014e-21,0.0,0.0,-0.0,0.0,0.0,0.0,-0.0,0.0,0.0,0.0,0.0,0.0,4.0,0.0,0.0
12103860,297.7823181152344,303.1499938964844,285.1499938964844,0.0,-0.0,287.4278259277344,0.0,0.0,5.917020644119475e-06,297.7580261230469,303.1499938964844,285.1499938964844,0.0,-0.0,287.42803955078125,0.0,0.0,6.2309118220582604e-06,298.17449951171875,303.1499938964844,285.1499938964844,0.0,-0.0,287.4297180175781,0.0,0.0,4.6021327761991415e-06,297.5967102050781,303.1499938964844,285.1499938964844,0.0,-0.0,287.4267883300781,0.0,0.0,6.230907274584752e-06,297.9686279296875,303.1499938964844,285.1499938964844,0.0,-0.0,287.4274597167969,0.0,0.0,2.9556740628322583e-05,287.3423767089844,294.1499938964844,280.3336486816406,279.5408935546875,286.3923034667969,284.3082580566406,286.8964233398437,0.0,0.0,0.0,0.0,1.0,1.0,-6.304727867245674e-05,7.885662955953164e-11,6.304719863692299e-05,-0.0001442682114429,0.0,0.0,0.0,-0.0003551274712663,60.0,-0.2131833881139755,-0.0,-2.7102250999000427e-10,0.0,283.1644592285156,287.4449462890625,288.6285095214844,288.9419860839844,293.1499938964844,293.1499938964844,278.1499938964844,0.0,18000.0,313.1499938964844,0.0,18000.0,0.0,0.0,0.0,0.0,0.0,0.0,0.0,0.0,0.0,-0.0,0.0,0.0,-7.778098853284027e-21,-3.889049426642014e-21,-3.889049426642014e-21,0.0,0.0,-0.0,0.0,0.0,0.0,-0.0,0.0,0.0,0.0,0.0,0.0,4.0,0.0,0.0
12103920,297.7823181152344,303.1499938964844,285.1499938964844,0.0,-0.0,287.4278259277344,0.0,0.0,5.917020644119475e-06,297.7580261230469,303.1499938964844,285.1499938964844,0.0,-0.0,287.42803955078125,0.0,0.0,6.2309118220582604e-06,298.17449951171875,303.1499938964844,285.1499938964844,0.0,-0.0,287.4297180175781,0.0,0.0,4.6021327761991415e-06,297.5967102050781,303.1499938964844,285.1499938964844,0.0,-0.0,287.4267883300781,0.0,0.0,6.230907274584752e-06,297.9686279296875,303.1499938964844,285.1499938964844,0.0,-0.0,287.4274597167969,0.0,0.0,2.9556740628322583e-05,287.3423767089844,294.1499938964844,280.3336486816406,279.5408935546875,286.3923034667969,284.3082580566406,286.8964233398437,0.0,0.0,0.0,0.0,1.0,1.0,-6.304727867245674e-05,7.885662955953164e-11,6.304719863692299e-05,-0.0001442682114429,0.0,0.0,0.0,-0.0003551274712663,60.0,-0.2131833881139755,-0.0,-2.7102250999000427e-10,0.0,283.1644592285156,287.4449462890625,288.6285095214844,288.9419860839844,293.1499938964844,293.1499938964844,278.1499938964844,0.0,18000.0,313.1499938964844,0.0,18000.0,0.0,0.0,0.0,0.0,0.0,0.0,0.0,0.0,0.0,-0.0,0.0,0.0,-7.778098853284027e-21,-3.889049426642014e-21,-3.889049426642014e-21,0.0,0.0,-0.0,0.0,0.0,0.0,-0.0,0.0,0.0,0.0,0.0,0.0,4.0,0.0,0.0
12103980,297.7790222167969,303.1499938964844,285.1499938964844,0.0,-0.0,287.4284362792969,0.0,0.0,9.753115591593088e-06,297.7546691894531,303.1499938964844,285.1499938964844,0.0,-0.0,287.4286499023437,0.0,0.0,1.0270507118548268e-05,298.1707763671875,303.1499938964844,285.1499938964844,0.0,-0.0,287.43035888671875,0.0,0.0,7.585766070405953e-06,297.59295654296875,303.1499938964844,285.1499938964844,0.0,-0.0,287.4273986816406,0.0,0.0,1.0270499842590652e-05,297.9667663574219,303.1499938964844,285.1499938964844,0.0,-0.0,287.4281005859375,0.0,0.0,4.871882993029431e-05,287.3432922363281,294.1499938964844,280.3419494628906,279.56036376953125,286.3912658691406,284.3095397949219,286.8964233398437,0.0,0.0,0.0,0.0,1.0,1.0,-0.0001039221315295,1.2998088716464906e-10,0.0001039220005623,-0.0002378000644966,0.0,0.0,0.0,-0.0005853639449924,60.0,-0.3688183724880218,-0.0,-7.36352812058527e-10,0.0,283.1644592285156,287.4449462890625,288.6285095214844,288.9419860839844,293.1499938964844,293.1499938964844,278.1499938964844,0.0,18000.0,313.1499938964844,0.0,18000.0,0.0,0.0,0.0,0.0,0.0,0.0,0.0,0.0,0.0,-0.0,0.0,0.0,-7.778098853284027e-21,-3.889049426642014e-21,-3.889049426642014e-21,0.0,0.0,-0.0,0.0,0.0,0.0,-0.0,0.0,0.0,0.0,0.0,0.0,4.0,0.0,0.0
12104040,297.7790222167969,303.1499938964844,285.1499938964844,0.0,-0.0,287.4284362792969,0.0,0.0,9.753115591593088e-06,297.7546691894531,303.1499938964844,285.1499938964844,0.0,-0.0,287.4286499023437,0.0,0.0,1.0270507118548268e-05,298.1707763671875,303.1499938964844,285.1499938964844,0.0,-0.0,287.43035888671875,0.0,0.0,7.585766070405953e-06,297.59295654296875,303.1499938964844,285.1499938964844,0.0,-0.0,287.4273986816406,0.0,0.0,1.0270499842590652e-05,297.9667663574219,303.1499938964844,285.1499938964844,0.0,-0.0,287.4281005859375,0.0,0.0,4.871882993029431e-05,287.3432922363281,294.1499938964844,280.3419494628906,279.56036376953125,286.3912658691406,284.3095397949219,286.8964233398437,0.0,0.0,0.0,0.0,1.0,1.0,-0.0001039221315295,1.2998088716464906e-10,0.0001039220005623,-0.0002378000644966,0.0,0.0,0.0,-0.0005853639449924,60.0,-0.3688183724880218,-0.0,-7.36352812058527e-10,0.0,283.1644592285156,287.4449462890625,288.6285095214844,288.9419860839844,293.1499938964844,293.1499938964844,278.1499938964844,0.0,18000.0,313.1499938964844,0.0,18000.0,0.0,0.0,0.0,0.0,0.0,0.0,0.0,0.0,0.0,-0.0,0.0,0.0,-7.778098853284027e-21,-3.889049426642014e-21,-3.889049426642014e-21,0.0,0.0,-0.0,0.0,0.0,0.0,-0.0,0.0,0.0,0.0,0.0,0.0,4.0,0.0,0.0
12104100,297.7772521972656,303.1499938964844,285.1499938964844,0.0,-0.0,287.42901611328125,0.0,0.0,1.1859145160997286e-05,297.7529296875,303.1499938964844,285.1499938964844,0.0,-0.0,287.4292297363281,0.0,0.0,1.2488259017118253e-05,298.1688537597656,303.1499938964844,285.1499938964844,0.0,-0.0,287.43096923828125,0.0,0.0,9.223791494150646e-06,297.5909729003906,303.1499938964844,285.1499938964844,0.0,-0.0,287.4279479980469,0.0,0.0,1.2488249922171237e-05,297.9658203125,303.1499938964844,285.1499938964844,0.0,-0.0,287.4286804199219,0.0,0.0,5.923888238612562e-05,287.3441162109375,294.1499938964844,280.3471374511719,279.5714111328125,286.39019775390625,284.3103942871094,286.8964233398437,0.0,0.0,0.0,0.0,1.0,1.0,-0.0001263626909349,1.5804843545019764e-10,0.0001263625454157,-0.000289149582386,0.0,0.0,0.0,-0.000711765314918,60.0,-0.4613791704177856,-0.0,-1.0886943568877427e-09,0.0,283.1644592285156,287.4449462890625,288.6285095214844,288.9419860839844,293.1499938964844,293.1499938964844,278.1499938964844,0.0,18000.0,313.1499938964844,0.0,18000.0,0.0,0.0,0.0,0.0,0.0,0.0,0.0,0.0,0.0,-0.0,0.0,0.0,-7.778098853284027e-21,-3.889049426642014e-21,-3.889049426642014e-21,0.0,0.0,-0.0,0.0,0.0,0.0,-0.0,0.0,0.0,0.0,0.0,0.0,4.0,0.0,0.0
12104160,297.775390625,303.1499938964844,285.1499938964844,0.0,-0.0,287.4297790527344,0.0,0.0,1.3999010661791544e-05,297.75115966796875,303.1499938964844,285.1499938964844,0.0,-0.0,287.42999267578125,0.0,0.0,1.4741642189619595e-05,298.1669311523437,303.1499938964844,285.1499938964844,0.0,-0.0,287.4317626953125,0.0,0.0,1.088813314709114e-05,297.5888977050781,303.1499938964844,285.1499938964844,0.0,-0.0,287.4287109375,0.0,0.0,1.4741631275683176e-05,297.96484375,303.1499938964844,285.1499938964844,0.0,-0.0,287.4294738769531,0.0,0.0,6.992794806137681e-05,287.3451843261719,294.1499938964844,280.3529968261719,279.5832824707031,286.3886413574219,284.3112487792969,286.8964233398437,0.0,0.0,0.0,0.0,1.0,1.0,-0.0001491638395236,1.865669979617124e-10,0.0001491636503487,-0.0003413241647649,0.0,0.0,0.0,-0.0008401977247558,60.0,-0.558746337890625,-0.0,-1.517028946906862e-09,0.0,283.1644592285156,287.4449462890625,288.6285095214844,288.9419860839844,293.1499938964844,293.1499938964844,278.1499938964844,0.0,18000.0,313.1499938964844,0.0,18000.0,0.0,0.0,0.0,0.0,0.0,0.0,0.0,0.0,0.0,-0.0,0.0,0.0,-7.778098853284027e-21,-3.889049426642014e-21,-3.889049426642014e-21,0.0,0.0,-0.0,0.0,0.0,0.0,-0.0,0.0,0.0,0.0,0.0,0.0,4.0,0.0,0.0
12104220,297.771240234375,303.1499938964844,285.1499938964844,0.0,-0.0,287.431884765625,0.0,0.0,1.8580927644507028e-05,297.74755859375,303.1499938964844,285.1499938964844,0.0,-0.0,287.4320983886719,0.0,0.0,1.95666234503733e-05,298.1629943847656,303.1499938964844,285.1499938964844,0.0,-0.0,287.4339599609375,0.0,0.0,1.4451849892793687e-05,297.5846252441406,303.1499938964844,285.1499938964844,0.0,-0.0,287.4307556152344,0.0,0.0,1.956660889845807e-05,297.9628295898437,303.1499938964844,285.1499938964844,0.0,-0.0,287.4316101074219,0.0,0.0,9.281557140639052e-05,287.3479919433594,294.1499938964844,280.3665771484375,279.6093444824219,286.3837585449219,284.3122863769531,286.8963928222656,0.0,0.0,0.0,0.0,1.0,1.0,-0.0001979856024263,2.4763088801726936e-10,0.0001979853550437,-0.0004530405858531,0.0,0.0,0.0,-0.0011151970829814,60.0,-0.7634261846542358,-0.0,-2.672599697106648e-09,0.0,283.1644592285156,287.4449462890625,288.6285095214844,288.9419860839844,293.1499938964844,293.1499938964844,278.1499938964844,0.0,18000.0,313.1499938964844,0.0,18000.0,0.0,0.0,0.0,0.0,0.0,0.0,0.0,0.0,0.0,-0.0,0.0,0.0,-7.778098853284027e-21,-3.889049426642014e-21,-3.889049426642014e-21,0.0,0.0,-0.0,0.0,0.0,0.0,-0.0,0.0,0.0,0.0,0.0,0.0,4.0,0.0,0.0
12104280,297.771240234375,303.1499938964844,285.1499938964844,0.0,-0.0,287.431884765625,0.0,0.0,1.8580927644507028e-05,297.74755859375,303.1499938964844,285.1499938964844,0.0,-0.0,287.4320983886719,0.0,0.0,1.95666234503733e-05,298.1629943847656,303.1499938964844,285.1499938964844,0.0,-0.0,287.4339599609375,0.0,0.0,1.4451849892793687e-05,297.5846252441406,303.1499938964844,285.1499938964844,0.0,-0.0,287.4307556152344,0.0,0.0,1.956660889845807e-05,297.9628295898437,303.1499938964844,285.1499938964844,0.0,-0.0,287.4316101074219,0.0,0.0,9.281557140639052e-05,287.3479919433594,294.1499938964844,280.3665771484375,279.6093444824219,286.3837585449219,284.3122863769531,286.8963928222656,0.0,0.0,0.0,0.0,1.0,1.0,-0.0001979856024263,2.4763088801726936e-10,0.0001979853550437,-0.0004530405858531,0.0,0.0,0.0,-0.0011151970829814,60.0,-0.7634261846542358,-0.0,-2.672599697106648e-09,0.0,283.1644592285156,287.4449462890625,288.6285095214844,288.9419860839844,293.1499938964844,293.1499938964844,278.1499938964844,0.0,18000.0,313.1499938964844,0.0,18000.0,0.0,0.0,0.0,0.0,0.0,0.0,0.0,0.0,0.0,-0.0,0.0,0.0,-7.778098853284027e-21,-3.889049426642014e-21,-3.889049426642014e-21,0.0,0.0,-0.0,0.0,0.0,0.0,-0.0,0.0,0.0,0.0,0.0,0.0,4.0,0.0,0.0
12104340,297.76641845703125,303.1499938964844,285.1499938964844,0.0,-0.0,287.4350280761719,0.0,0.0,2.520789894333575e-05,297.74383544921875,303.1499938964844,285.1499938964844,0.0,-0.0,287.43524169921875,0.0,0.0,2.654514719324652e-05,298.1589660644531,303.1499938964844,285.1499938964844,0.0,-0.0,287.437255859375,0.0,0.0,1.9606168280006383e-05,297.5802917480469,303.1499938964844,285.1499938964844,0.0,-0.0,287.4338684082031,0.0,0.0,2.654512900335249e-05,297.9607238769531,303.1499938964844,285.1499938964844,0.0,-0.0,287.4348449707031,0.0,0.0,0.0001259186537936,287.3517761230469,294.1499938964844,280.3825378417969,279.6383056640625,286.3746643066406,284.3099975585937,286.8963623046875,0.0,0.0,0.0,0.0,1.0,1.0,-0.0002685976796783,3.3594921289292756e-10,0.0002685973304323,-0.0006146189407445,0.0,0.0,0.0,-0.0015129356179386,60.0,-1.0193194150924685,-0.0,-4.91894969201212e-09,0.0,283.1644592285156,287.4449462890625,288.6285095214844,288.9419860839844,293.1499938964844,293.1499938964844,278.1499938964844,0.0,18000.0,313.1499938964844,0.0,18000.0,0.0,0.0,0.0,0.0,0.0,0.0,0.0,0.0,0.0,-0.0,0.0,0.0,-7.778098853284027e-21,-3.889049426642014e-21,-3.889049426642014e-21,0.0,0.0,-0.0,0.0,0.0,0.0,-0.0,0.0,0.0,0.0,0.0,0.0,4.0,0.0,0.0
12104400,297.76641845703125,303.1499938964844,285.1499938964844,0.0,-0.0,287.4350280761719,0.0,0.0,2.520789894333575e-05,297.74383544921875,303.1499938964844,285.1499938964844,0.0,-0.0,287.43524169921875,0.0,0.0,2.654514719324652e-05,298.1589660644531,303.1499938964844,285.1499938964844,0.0,-0.0,287.437255859375,0.0,0.0,1.9606168280006383e-05,297.5802917480469,303.1499938964844,285.1499938964844,0.0,-0.0,287.4338684082031,0.0,0.0,2.654512900335249e-05,297.9607238769531,303.1499938964844,285.1499938964844,0.0,-0.0,287.4348449707031,0.0,0.0,0.0001259186537936,287.3517761230469,294.1499938964844,280.3825378417969,279.6383056640625,286.3746643066406,284.3099975585937,286.8963623046875,0.0,0.0,0.0,0.0,1.0,1.0,-0.0002685976796783,3.3594921289292756e-10,0.0002685973304323,-0.0006146189407445,0.0,0.0,0.0,-0.0015129356179386,60.0,-1.0193194150924685,-0.0,-4.91894969201212e-09,0.0,283.1644592285156,287.4449462890625,288.6285095214844,288.9419860839844,293.1499938964844,293.1499938964844,278.1499938964844,0.0,18000.0,313.1499938964844,0.0,18000.0,0.0,0.0,0.0,0.0,0.0,0.0,0.0,0.0,0.0,-0.0,0.0,0.0,-7.778098853284027e-21,-3.889049426642014e-21,-3.889049426642014e-21,0.0,0.0,-0.0,0.0,0.0,0.0,-0.0,0.0,0.0,0.0,0.0,0.0,4.0,0.0,0.0
12104460,297.7606506347656,303.1499938964844,285.1499938964844,0.0,-0.0,287.4397888183594,0.0,0.0,3.729663148988038e-05,297.739990234375,303.1499938964844,285.1499938964844,0.0,-0.0,287.44000244140625,0.0,0.0,3.927517536794767e-05,298.15484619140625,303.1499938964844,285.1499938964844,0.0,-0.0,287.44219970703125,0.0,0.0,2.900852814491373e-05,297.5760803222656,303.1499938964844,285.1499938964844,0.0,-0.0,287.43853759765625,0.0,0.0,3.927514626411721e-05,297.95849609375,303.1499938964844,285.1499938964844,0.0,-0.0,287.439697265625,0.0,0.0,0.0001863043871708,287.35595703125,294.1499938964844,280.4007263183594,279.6698913574219,286.35479736328125,284.29473876953125,286.89630126953125,0.0,0.0,0.0,0.0,1.0,1.0,-0.0003951102553401,4.947575682479053e-10,0.0003951097605749,-0.0009056160342879,0.0,0.0,0.0,-0.0022258986718952,60.0,-1.4421569108963013,-0.0,-1.0768079761191984e-08,0.0,283.1644592285156,287.4449462890625,288.6285095214844,288.9419860839844,293.1499938964844,293.1499938964844,278.1499938964844,0.0,18000.0,313.1499938964844,0.0,18000.0,0.0,0.0,0.0,0.0,0.0,0.0,0.0,0.0,0.0,-0.0,0.0,0.0,-7.778098853284027e-21,-3.889049426642014e-21,-3.889049426642014e-21,0.0,0.0,-0.0,0.0,0.0,0.0,-0.0,0.0,0.0,0.0,0.0,0.0,4.0,0.0,0.0
12104520,297.7606506347656,303.1499938964844,285.1499938964844,0.0,-0.0,287.4397888183594,0.0,0.0,3.729663148988038e-05,297.739990234375,303.1499938964844,285.1499938964844,0.0,-0.0,287.44000244140625,0.0,0.0,3.927517536794767e-05,298.15484619140625,303.1499938964844,285.1499938964844,0.0,-0.0,287.44219970703125,0.0,0.0,2.900852814491373e-05,297.5760803222656,303.1499938964844,285.1499938964844,0.0,-0.0,287.43853759765625,0.0,0.0,3.927514626411721e-05,297.95849609375,303.1499938964844,285.1499938964844,0.0,-0.0,287.439697265625,0.0,0.0,0.0001863043871708,287.35595703125,294.1499938964844,280.4007263183594,279.6698913574219,286.35479736328125,284.29473876953125,286.89630126953125,0.0,0.0,0.0,0.0,1.0,1.0,-0.0003951102553401,4.947575682479053e-10,0.0003951097605749,-0.0009056160342879,0.0,0.0,0.0,-0.0022258986718952,60.0,-1.4421569108963013,-0.0,-1.0768079761191984e-08,0.0,283.1644592285156,287.4449462890625,288.6285095214844,288.9419860839844,293.1499938964844,293.1499938964844,278.1499938964844,0.0,18000.0,313.1499938964844,0.0,18000.0,0.0,0.0,0.0,0.0,0.0,0.0,0.0,0.0,0.0,-0.0,0.0,0.0,-7.778098853284027e-21,-3.889049426642014e-21,-3.889049426642014e-21,0.0,0.0,-0.0,0.0,0.0,0.0,-0.0,0.0,0.0,0.0,0.0,0.0,4.0,0.0,0.0
12104580,297.7537841796875,303.1499938964844,285.1499938964844,0.0,-0.0,287.44293212890625,0.0,0.0,9.0021152573172e-05,297.73590087890625,303.1499938964844,285.1499938964844,0.0,-0.0,287.443115234375,0.0,0.0,9.479666914558038e-05,298.15057373046875,303.1499938964844,285.1499938964844,0.0,-0.0,287.44549560546875,0.0,0.0,7.001654012128711e-05,297.5723571777344,303.1499938964844,285.1499938964844,0.0,-0.0,287.44158935546875,0.0,0.0,9.479660366196184e-05,297.95611572265625,303.1499938964844,285.1499938964844,0.0,-0.0,287.44293212890625,0.0,0.0,0.0004496742621995,287.3570861816406,294.1499938964844,280.42095947265625,279.703857421875,286.3052673339844,284.2548828125,286.8962097167969,0.0,0.0,0.0,0.0,1.0,1.0,-0.0006440366851165,7.79041275933423e-10,0.0006440359284169,-0.0014040757669135,0.0,0.0,0.0,-0.0036283433437347,60.0,-2.3261280059814453,-0.0,-6.273182862059913e-08,0.0,283.1644592285156,287.4449462890625,288.6285095214844,288.9419860839844,293.1499938964844,293.1499938964844,278.1499938964844,0.0,18000.0,313.1499938964844,0.0,18000.0,0.0,0.0,0.0,0.0,0.0,0.0,0.0,0.0,0.0,-0.0,0.0,0.0,-7.778098853284027e-21,-3.889049426642014e-21,-3.889049426642014e-21,0.0,0.0,-0.0,0.0,0.0,0.0,-0.0,0.0,0.0,0.0,0.0,0.0,4.0,0.0,0.0
12104640,297.7537841796875,303.1499938964844,285.1499938964844,0.0,-0.0,287.44293212890625,0.0,0.0,9.0021152573172e-05,297.73590087890625,303.1499938964844,285.1499938964844,0.0,-0.0,287.443115234375,0.0,0.0,9.479666914558038e-05,298.15057373046875,303.1499938964844,285.1499938964844,0.0,-0.0,287.44549560546875,0.0,0.0,7.001654012128711e-05,297.5723571777344,303.1499938964844,285.1499938964844,0.0,-0.0,287.44158935546875,0.0,0.0,9.479660366196184e-05,297.95611572265625,303.1499938964844,285.1499938964844,0.0,-0.0,287.44293212890625,0.0,0.0,0.0004496742621995,287.3570861816406,294.1499938964844,280.42095947265625,279.703857421875,286.3052673339844,284.2548828125,286.8962097167969,0.0,0.0,0.0,0.0,1.0,1.0,-0.0006440366851165,7.79041275933423e-10,0.0006440359284169,-0.0014040757669135,0.0,0.0,0.0,-0.0036283433437347,60.0,-2.3261280059814453,-0.0,-6.273182862059913e-08,0.0,283.1644592285156,287.4449462890625,288.6285095214844,288.9419860839844,293.1499938964844,293.1499938964844,278.1499938964844,0.0,18000.0,313.1499938964844,0.0,18000.0,0.0,0.0,0.0,0.0,0.0,0.0,0.0,0.0,0.0,-0.0,0.0,0.0,-7.778098853284027e-21,-3.889049426642014e-21,-3.889049426642014e-21,0.0,0.0,-0.0,0.0,0.0,0.0,-0.0,0.0,0.0,0.0,0.0,0.0,4.0,0.0,0.0
12104700,297.7499084472656,303.1499938964844,285.1499938964844,0.0,-0.0,287.4423828125,0.0,0.0,9.00207887752913e-05,297.7337646484375,303.1499938964844,285.1499938964844,0.0,-0.0,287.44256591796875,0.0,0.0,9.479629079578444e-05,298.1484069824219,303.1499938964844,285.1499938964844,0.0,-0.0,287.4449768066406,0.0,0.0,7.001625635894015e-05,297.57086181640625,303.1499938964844,285.1499938964844,0.0,-0.0,287.4410400390625,0.0,0.0,9.47962180362083e-05,297.95489501953125,303.1499938964844,285.1499938964844,0.0,-0.0,287.4424133300781,0.0,0.0,0.000449672457762,287.3562927246094,294.1499938964844,280.4317932128906,279.7216491699219,286.2655334472656,284.2265319824219,286.8961486816406,0.0,0.0,0.0,0.0,1.0,1.0,-0.0008607727359049,9.956553359558031e-10,0.0008607717463746,-0.0017568204784765,0.0,0.0,0.0,-0.0048158476129174,60.0,-2.954741716384888,-0.0,-6.273130281897465e-08,0.0,283.1644592285156,287.4449462890625,288.6285095214844,288.9419860839844,293.1499938964844,293.1499938964844,278.1499938964844,0.0,18000.0,313.1499938964844,0.0,18000.0,0.0,0.0,0.0,0.0,0.0,0.0,0.0,0.0,0.0,-0.0,0.0,0.0,-7.778098853284027e-21,-3.889049426642014e-21,-3.889049426642014e-21,0.0,0.0,-0.0,0.0,0.0,0.0,-0.0,0.0,0.0,0.0,0.0,0.0,4.0,0.0,0.0
12104760,297.7456970214844,303.1499938964844,285.1499938964844,0.0,-0.0,287.44140625,0.0,0.0,9.006687469081953e-05,297.7315368652344,303.1499938964844,285.1499938964844,0.0,-0.0,287.44158935546875,0.0,0.0,9.484482143307103e-05,298.14617919921875,303.1499938964844,285.1499938964844,0.0,-0.0,287.44403076171875,0.0,0.0,7.005210500210524e-05,297.569580078125,303.1499938964844,285.1499938964844,0.0,-0.0,287.4400329589844,0.0,0.0,9.484475594945252e-05,297.95361328125,303.1499938964844,285.1499938964844,0.0,-0.0,287.4414367675781,0.0,0.0,0.0004499026690609,287.3559265136719,294.1499938964844,280.4430847167969,279.7398986816406,286.2168273925781,284.1925964355469,286.89605712890625,0.0,0.0,0.0,0.0,1.0,1.0,-0.0009866507025435,1.17863097059967e-09,0.0009866495383903,-0.0021119869779795,0.0,0.0,0.0,-0.005531427450478,60.0,-3.687736034393311,-0.0,-6.27955145660053e-08,0.0,283.1644592285156,287.4449462890625,288.6285095214844,288.9419860839844,293.1499938964844,293.1499938964844,278.1499938964844,0.0,18000.0,313.1499938964844,0.0,18000.0,0.0,0.0,0.0,0.0,0.0,0.0,0.0,0.0,0.0,-0.0,0.0,0.0,-7.778098853284027e-21,-3.889049426642014e-21,-3.889049426642014e-21,0.0,0.0,-0.0,0.0,0.0,0.0,-0.0,0.0,0.0,0.0,0.0,0.0,4.0,0.0,0.0
12104820,297.7361755371094,303.1499938964844,285.1499938964844,0.0,-0.0,287.4369201660156,0.0,0.0,9.029881039168686e-05,297.7267761230469,303.1499938964844,285.1499938964844,0.0,-0.0,287.4371032714844,0.0,0.0,9.508905350230634e-05,298.1417541503906,303.1499938964844,285.1499938964844,0.0,-0.0,287.43951416015625,0.0,0.0,7.023249054327607e-05,297.5663757324219,303.1499938964844,285.1499938964844,0.0,-0.0,287.4355773925781,0.0,0.0,9.50889880186878e-05,297.95098876953125,303.1499938964844,285.1499938964844,0.0,-0.0,287.4369506835937,0.0,0.0,0.0004510612052399,287.3509826660156,294.1499938964844,280.4669494628906,279.7777709960937,286.118896484375,284.09344482421875,286.8958435058594,0.0,0.0,0.0,0.0,1.0,1.0,-0.0009621680364944,1.440536134822423e-09,0.0009621665813028,-0.0028250163886696,0.0,0.0,0.0,-0.0055269412696361,60.0,-4.1713175773620605,-0.0,-6.311927336355438e-08,0.0,283.1644592285156,287.4449462890625,288.6285095214844,288.9419860839844,293.1499938964844,293.1499938964844,278.1499938964844,0.0,18000.0,313.1499938964844,0.0,18000.0,0.0,0.0,0.0,0.0,0.0,0.0,0.0,0.0,0.0,-0.0,0.0,0.0,-7.778098853284027e-21,-3.889049426642014e-21,-3.889049426642014e-21,0.0,0.0,-0.0,0.0,0.0,0.0,-0.0,0.0,0.0,0.0,0.0,0.0,4.0,0.0,0.0
12104880,297.7361755371094,303.1499938964844,285.1499938964844,0.0,-0.0,287.4369201660156,0.0,0.0,9.029881039168686e-05,297.7267761230469,303.1499938964844,285.1499938964844,0.0,-0.0,287.4371032714844,0.0,0.0,9.508905350230634e-05,298.1417541503906,303.1499938964844,285.1499938964844,0.0,-0.0,287.43951416015625,0.0,0.0,7.023249054327607e-05,297.5663757324219,303.1499938964844,285.1499938964844,0.0,-0.0,287.4355773925781,0.0,0.0,9.50889880186878e-05,297.95098876953125,303.1499938964844,285.1499938964844,0.0,-0.0,287.4369506835937,0.0,0.0,0.0004510612052399,287.3509826660156,294.1499938964844,280.4669494628906,279.7777709960937,286.118896484375,284.09344482421875,286.8958435058594,0.0,0.0,0.0,0.0,1.0,1.0,-0.0009621680364944,1.440536134822423e-09,0.0009621665813028,-0.0028250163886696,0.0,0.0,0.0,-0.0055269412696361,60.0,-4.1713175773620605,-0.0,-6.311927336355438e-08,0.0,283.1644592285156,287.4449462890625,288.6285095214844,288.9419860839844,293.1499938964844,293.1499938964844,278.1499938964844,0.0,18000.0,313.1499938964844,0.0,18000.0,0.0,0.0,0.0,0.0,0.0,0.0,0.0,0.0,0.0,-0.0,0.0,0.0,-7.778098853284027e-21,-3.889049426642014e-21,-3.889049426642014e-21,0.0,0.0,-0.0,0.0,0.0,0.0,-0.0,0.0,0.0,0.0,0.0,0.0,4.0,0.0,0.0
12104940,297.7255859375,303.1499938964844,285.1499938964844,0.0,-0.0,287.4324645996094,0.0,0.0,9.050974767887963e-05,297.7216186523437,303.1499938964844,285.1499938964844,0.0,-0.0,287.4326477050781,0.0,0.0,9.531118121230976e-05,298.13726806640625,303.1499938964844,285.1499938964844,0.0,-0.0,287.4350280761719,0.0,0.0,7.03965561115183e-05,297.56256103515625,303.1499938964844,285.1499938964844,0.0,-0.0,287.4311218261719,0.0,0.0,9.531111572869122e-05,297.9481811523437,303.1499938964844,285.1499938964844,0.0,-0.0,287.4324951171875,0.0,0.0,0.0004521148803178,287.3460998535156,294.1499938964844,280.4924011230469,279.8171691894531,286.0226745605469,283.9510803222656,286.89556884765625,0.0,0.0,0.0,0.0,1.0,1.0,-0.0009644155506975,1.7032809607187003e-09,0.0009644138626754,-0.0035135198850184,0.0,0.0,0.0,-0.005657197907567,60.0,-4.229015827178955,-0.0,-6.34144399214165e-08,0.0,283.1644592285156,287.4449462890625,288.6285095214844,288.9419860839844,293.1499938964844,293.1499938964844,278.1499938964844,0.0,18000.0,313.1499938964844,0.0,18000.0,0.0,0.0,0.0,0.0,0.0,0.0,0.0,0.0,0.0,-0.0,0.0,0.0,-7.778098853284027e-21,-3.889049426642014e-21,-3.889049426642014e-21,0.0,0.0,-0.0,0.0,0.0,0.0,-0.0,0.0,0.0,0.0,0.0,0.0,4.0,0.0,0.0
12105000,297.7255859375,303.1499938964844,285.1499938964844,0.0,-0.0,287.4324645996094,0.0,0.0,9.050974767887963e-05,297.7216186523437,303.1499938964844,285.1499938964844,0.0,-0.0,287.4326477050781,0.0,0.0,9.531118121230976e-05,298.13726806640625,303.1499938964844,285.1499938964844,0.0,-0.0,287.4350280761719,0.0,0.0,7.03965561115183e-05,297.56256103515625,303.1499938964844,285.1499938964844,0.0,-0.0,287.4311218261719,0.0,0.0,9.531111572869122e-05,297.9481811523437,303.1499938964844,285.1499938964844,0.0,-0.0,287.4324951171875,0.0,0.0,0.0004521148803178,287.3460998535156,294.1499938964844,280.4924011230469,279.8171691894531,286.0226745605469,283.9510803222656,286.89556884765625,0.0,0.0,0.0,0.0,1.0,1.0,-0.0009644155506975,1.7032809607187003e-09,0.0009644138626754,-0.0035135198850184,0.0,0.0,0.0,-0.005657197907567,60.0,-4.229015827178955,-0.0,-6.34144399214165e-08,0.0,283.1644592285156,287.4449462890625,288.6285095214844,288.9419860839844,293.1499938964844,293.1499938964844,278.1499938964844,0.0,18000.0,313.1499938964844,0.0,18000.0,0.0,0.0,0.0,0.0,0.0,0.0,0.0,0.0,0.0,-0.0,0.0,0.0,-7.778098853284027e-21,-3.889049426642014e-21,-3.889049426642014e-21,0.0,0.0,-0.0,0.0,0.0,0.0,-0.0,0.0,0.0,0.0,0.0,0.0,4.0,0.0,0.0
12105060,297.7154235839844,303.1499938964844,285.1499938964844,0.0,-0.0,287.4280090332031,0.0,0.0,9.061385208042338e-05,297.7164611816406,303.1499938964844,285.1499938964844,0.0,-0.0,287.4281921386719,0.0,0.0,9.542080806568264e-05,298.1327209472656,303.1499938964844,285.1499938964844,0.0,-0.0,287.4305419921875,0.0,0.0,7.047752296784893e-05,297.5585327148437,303.1499938964844,285.1499938964844,0.0,-0.0,287.4266967773437,0.0,0.0,9.542074985802174e-05,297.9452209472656,303.1499938964844,285.1499938964844,0.0,-0.0,287.4280700683594,0.0,0.0,0.0004526349366642,287.3412475585937,294.1499938964844,280.51922607421875,279.8578491210937,285.92840576171875,283.7868347167969,286.8951721191406,0.0,0.0,0.0,0.0,1.0,1.0,-0.0009655244066379,1.832924811928649e-09,0.0009655225439928,-0.0038532405160367,0.0,0.0,0.0,-0.0057214684784412,60.0,-4.225597381591797,-0.0,-6.356033566135011e-08,0.0,283.1644592285156,287.4449462890625,288.6285095214844,288.9419860839844,293.1499938964844,293.1499938964844,278.1499938964844,0.0,18000.0,313.1499938964844,0.0,18000.0,0.0,0.0,0.0,0.0,0.0,0.0,0.0,0.0,0.0,-0.0,0.0,0.0,-7.778098853284027e-21,-3.889049426642014e-21,-3.889049426642014e-21,0.0,0.0,-0.0,0.0,0.0,0.0,-0.0,0.0,0.0,0.0,0.0,0.0,4.0,0.0,0.0
12105120,297.7154235839844,303.1499938964844,285.1499938964844,0.0,-0.0,287.4280090332031,0.0,0.0,9.061385208042338e-05,297.7164611816406,303.1499938964844,285.1499938964844,0.0,-0.0,287.4281921386719,0.0,0.0,9.542080806568264e-05,298.1327209472656,303.1499938964844,285.1499938964844,0.0,-0.0,287.4305419921875,0.0,0.0,7.047752296784893e-05,297.5585327148437,303.1499938964844,285.1499938964844,0.0,-0.0,287.4266967773437,0.0,0.0,9.542074985802174e-05,297.9452209472656,303.1499938964844,285.1499938964844,0.0,-0.0,287.4280700683594,0.0,0.0,0.0004526349366642,287.3412475585937,294.1499938964844,280.51922607421875,279.8578491210937,285.92840576171875,283.7868347167969,286.8951721191406,0.0,0.0,0.0,0.0,1.0,1.0,-0.0009655244066379,1.832924811928649e-09,0.0009655225439928,-0.0038532405160367,0.0,0.0,0.0,-0.0057214684784412,60.0,-4.225597381591797,-0.0,-6.356033566135011e-08,0.0,283.1644592285156,287.4449462890625,288.6285095214844,288.9419860839844,293.1499938964844,293.1499938964844,278.1499938964844,0.0,18000.0,313.1499938964844,0.0,18000.0,0.0,0.0,0.0,0.0,0.0,0.0,0.0,0.0,0.0,-0.0,0.0,0.0,-7.778098853284027e-21,-3.889049426642014e-21,-3.889049426642014e-21,0.0,0.0,-0.0,0.0,0.0,0.0,-0.0,0.0,0.0,0.0,0.0,0.0,4.0,0.0,0.0
12105180,297.7064514160156,303.1499938964844,285.1499938964844,0.0,-0.0,287.4236145019531,0.0,0.0,9.06554196262732e-05,297.710693359375,303.1499938964844,285.1499938964844,0.0,-0.0,287.4237670898437,0.0,0.0,9.546458022668958e-05,298.12811279296875,303.1499938964844,285.1499938964844,0.0,-0.0,287.4261169433594,0.0,0.0,7.050985004752874e-05,297.554443359375,303.1499938964844,285.1499938964844,0.0,-0.0,287.4223022460937,0.0,0.0,9.546451474307104e-05,297.942138671875,303.1499938964844,285.1499938964844,0.0,-0.0,287.42364501953125,0.0,0.0,0.0004528425342869,287.33642578125,294.1499938964844,280.5473022460937,279.8995361328125,285.8361511230469,283.6185607910156,286.8946838378906,0.0,0.0,0.0,0.0,1.0,1.0,-0.0009659669594839,1.884649325489817e-09,0.0009659650968387,-0.0039887796156108,0.0,0.0,0.0,-0.0057471119798719,60.0,-4.211982727050781,-0.0,-6.361859306025508e-08,0.0,283.1644592285156,287.4449462890625,288.6285095214844,288.9419860839844,293.1499938964844,293.1499938964844,278.1499938964844,0.0,18000.0,313.1499938964844,0.0,18000.0,0.0,0.0,0.0,0.0,0.0,0.0,0.0,0.0,0.0,-0.0,0.0,0.0,-7.778098853284027e-21,-3.889049426642014e-21,-3.889049426642014e-21,0.0,0.0,-0.0,0.0,0.0,0.0,-0.0,0.0,0.0,0.0,0.0,0.0,4.0,0.0,0.0
12105240,297.7064514160156,303.1499938964844,285.1499938964844,0.0,-0.0,287.4236145019531,0.0,0.0,9.06554196262732e-05,297.710693359375,303.1499938964844,285.1499938964844,0.0,-0.0,287.4237670898437,0.0,0.0,9.546458022668958e-05,298.12811279296875,303.1499938964844,285.1499938964844,0.0,-0.0,287.4261169433594,0.0,0.0,7.050985004752874e-05,297.554443359375,303.1499938964844,285.1499938964844,0.0,-0.0,287.4223022460937,0.0,0.0,9.546451474307104e-05,297.942138671875,303.1499938964844,285.1499938964844,0.0,-0.0,287.42364501953125,0.0,0.0,0.0004528425342869,287.33642578125,294.1499938964844,280.5473022460937,279.8995361328125,285.8361511230469,283.6185607910156,286.8946838378906,0.0,0.0,0.0,0.0,1.0,1.0,-0.0009659669594839,1.884649325489817e-09,0.0009659650968387,-0.0039887796156108,0.0,0.0,0.0,-0.0057471119798719,60.0,-4.211982727050781,-0.0,-6.361859306025508e-08,0.0,283.1644592285156,287.4449462890625,288.6285095214844,288.9419860839844,293.1499938964844,293.1499938964844,278.1499938964844,0.0,18000.0,313.1499938964844,0.0,18000.0,0.0,0.0,0.0,0.0,0.0,0.0,0.0,0.0,0.0,-0.0,0.0,0.0,-7.778098853284027e-21,-3.889049426642014e-21,-3.889049426642014e-21,0.0,0.0,-0.0,0.0,0.0,0.0,-0.0,0.0,0.0,0.0,0.0,0.0,4.0,0.0,0.0
12105300,297.70269775390625,303.1499938964844,285.1499938964844,0.0,-0.0,287.42138671875,0.0,0.0,9.065506310435012e-05,297.7061767578125,303.1499938964844,285.1499938964844,0.0,-0.0,287.42156982421875,0.0,0.0,9.546420915285124e-05,298.1258239746094,303.1499938964844,285.1499938964844,0.0,-0.0,287.42388916015625,0.0,0.0,7.050958083709702e-05,297.5523986816406,303.1499938964844,285.1499938964844,0.0,-0.0,287.42010498046875,0.0,0.0,9.546414366923273e-05,297.9405517578125,303.1499938964844,285.1499938964844,0.0,-0.0,287.42144775390625,0.0,0.0,0.000452840788057,287.33404541015625,294.1499938964844,280.5617370605469,279.920654296875,285.7908020019531,283.5371398925781,286.8943786621094,0.0,0.0,0.0,0.0,1.0,1.0,-0.0009659630013629,1.884180589328821e-09,0.0009659611387178,-0.0039875512011349,0.0,0.0,0.0,-0.0057468796148896,60.0,-4.2032470703125,-0.0,-6.361806725863063e-08,0.0,283.1644592285156,287.4449462890625,288.6285095214844,288.9419860839844,293.1499938964844,293.1499938964844,278.1499938964844,0.0,18000.0,313.1499938964844,0.0,18000.0,0.0,0.0,0.0,0.0,0.0,0.0,0.0,0.0,0.0,-0.0,0.0,0.0,-7.778098853284027e-21,-3.889049426642014e-21,-3.889049426642014e-21,0.0,0.0,-0.0,0.0,0.0,0.0,-0.0,0.0,0.0,0.0,0.0,0.0,4.0,0.0,0.0
12105360,297.699462890625,303.1499938964844,285.1499938964844,0.0,-0.0,287.419189453125,0.0,0.0,9.065531776286662e-05,297.7005920410156,303.1499938964844,285.1499938964844,0.0,-0.0,287.4193725585937,0.0,0.0,9.546447108732536e-05,298.1235046386719,303.1499938964844,285.1499938964844,0.0,-0.0,287.4216613769531,0.0,0.0,7.050977001199499e-05,297.55035400390625,303.1499938964844,285.1499938964844,0.0,-0.0,287.4179077148437,0.0,0.0,9.546441287966444e-05,297.9389343261719,303.1499938964844,285.1499938964844,0.0,-0.0,287.41925048828125,0.0,0.0,0.0004528420395217,287.3316650390625,294.1499938964844,280.5764465332031,279.9419250488281,285.7459716796875,283.4584045410156,286.8940734863281,0.0,0.0,0.0,0.0,1.0,1.0,-0.000965965387877,1.8844628080216808e-09,0.0009659634670242,-0.0039882906712591,0.0,0.0,0.0,-0.0057470193132758,60.0,-4.193830966949463,-0.0,-6.361837989743435e-08,0.0,283.1644592285156,287.4449462890625,288.6285095214844,288.9419860839844,293.1499938964844,293.1499938964844,278.1499938964844,0.0,18000.0,313.1499938964844,0.0,18000.0,0.0,0.0,0.0,0.0,0.0,0.0,0.0,0.0,0.0,-0.0,0.0,0.0,-7.778098853284027e-21,-3.889049426642014e-21,-3.889049426642014e-21,0.0,0.0,-0.0,0.0,0.0,0.0,-0.0,0.0,0.0,0.0,0.0,0.0,4.0,0.0,0.0
12105420,297.6946716308594,303.1499938964844,285.1499938964844,0.0,-0.0,287.4148254394531,0.0,0.0,9.07277426449582e-05,297.6868591308594,303.1499938964844,285.1499938964844,0.0,-0.0,287.4150085449219,0.0,0.0,9.554074495099484e-05,298.11883544921875,303.1499938964844,285.1499938964844,0.0,-0.0,287.4172668457031,0.0,0.0,7.056610775180161e-05,297.5461730957031,303.1499938964844,285.1499938964844,0.0,-0.0,287.4135437011719,0.0,0.0,9.554067946737632e-05,297.9355773925781,303.1499938964844,285.1499938964844,0.0,-0.0,287.41485595703125,0.0,0.0,0.0004532038292381,287.3269348144531,294.1499938964844,280.6064758300781,279.9847717285156,285.6578369140625,283.30328369140625,286.893310546875,0.0,0.0,0.0,0.0,1.0,1.0,-0.0009667361737228,1.9746415613752792e-09,0.0009667341946624,-0.0042245956137776,0.0,0.0,0.0,-0.0057917227968573,60.0,-4.175493717193604,-0.0,-6.372000882493012e-08,0.0,283.1644592285156,287.4449462890625,288.6285095214844,288.9419860839844,293.1499938964844,293.1499938964844,278.1499938964844,0.0,18000.0,313.1499938964844,0.0,18000.0,0.0,0.0,0.0,0.0,0.0,0.0,0.0,0.0,0.0,-0.0,0.0,0.0,-7.778098853284027e-21,-3.889049426642014e-21,-3.889049426642014e-21,0.0,0.0,-0.0,0.0,0.0,0.0,-0.0,0.0,0.0,0.0,0.0,0.0,4.0,0.0,0.0
12105480,297.6946716308594,303.1499938964844,285.1499938964844,0.0,-0.0,287.4148254394531,0.0,0.0,9.07277426449582e-05,297.6868591308594,303.1499938964844,285.1499938964844,0.0,-0.0,287.4150085449219,0.0,0.0,9.554074495099484e-05,298.11883544921875,303.1499938964844,285.1499938964844,0.0,-0.0,287.4172668457031,0.0,0.0,7.056610775180161e-05,297.5461730957031,303.1499938964844,285.1499938964844,0.0,-0.0,287.4135437011719,0.0,0.0,9.554067946737632e-05,297.9355773925781,303.1499938964844,285.1499938964844,0.0,-0.0,287.41485595703125,0.0,0.0,0.0004532038292381,287.3269348144531,294.1499938964844,280.6064758300781,279.9847717285156,285.6578369140625,283.30328369140625,286.893310546875,0.0,0.0,0.0,0.0,1.0,1.0,-0.0009667361737228,1.9746415613752792e-09,0.0009667341946624,-0.0042245956137776,0.0,0.0,0.0,-0.0057917227968573,60.0,-4.175493717193604,-0.0,-6.372000882493012e-08,0.0,283.1644592285156,287.4449462890625,288.6285095214844,288.9419860839844,293.1499938964844,293.1499938964844,278.1499938964844,0.0,18000.0,313.1499938964844,0.0,18000.0,0.0,0.0,0.0,0.0,0.0,0.0,0.0,0.0,0.0,-0.0,0.0,0.0,-7.778098853284027e-21,-3.889049426642014e-21,-3.889049426642014e-21,0.0,0.0,-0.0,0.0,0.0,0.0,-0.0,0.0,0.0,0.0,0.0,0.0,4.0,0.0,0.0
12105540,297.6920471191406,303.1499938964844,285.1499938964844,0.0,-0.0,287.41046142578125,0.0,0.0,9.099688031710684e-05,297.66998291015625,303.1499938964844,285.1499938964844,0.0,-0.0,287.41064453125,0.0,0.0,9.582415077602492e-05,298.1141052246094,303.1499938964844,285.1499938964844,0.0,-0.0,287.4128723144531,0.0,0.0,7.077542977640405e-05,297.54168701171875,303.1499938964844,285.1499938964844,0.0,-0.0,287.4092102050781,0.0,0.0,9.582408529240638e-05,297.9320068359375,303.1499938964844,285.1499938964844,0.0,-0.0,287.4104919433594,0.0,0.0,0.0004545481933746,287.3222351074219,294.1499938964844,280.63726806640625,280.02783203125,285.57147216796875,283.1342468261719,286.8924560546875,0.0,0.0,0.0,0.0,1.0,1.0,-0.0009696025517769,2.3098918333630536e-09,0.0009696002816781,-0.0051030800677835,0.0,0.0,0.0,-0.0059579173102974,60.0,-4.162275314331055,-0.0,-6.40985362565516e-08,0.0,283.1644592285156,287.4449462890625,288.6285095214844,288.9419860839844,293.1499938964844,293.1499938964844,278.1499938964844,0.0,18000.0,313.1499938964844,0.0,18000.0,0.0,0.0,0.0,0.0,0.0,0.0,0.0,0.0,0.0,-0.0,0.0,0.0,-7.778098853284027e-21,-3.889049426642014e-21,-3.889049426642014e-21,0.0,0.0,-0.0,0.0,0.0,0.0,-0.0,0.0,0.0,0.0,0.0,0.0,4.0,0.0,0.0
12105600,297.6920471191406,303.1499938964844,285.1499938964844,0.0,-0.0,287.41046142578125,0.0,0.0,9.099688031710684e-05,297.66998291015625,303.1499938964844,285.1499938964844,0.0,-0.0,287.41064453125,0.0,0.0,9.582415077602492e-05,298.1141052246094,303.1499938964844,285.1499938964844,0.0,-0.0,287.4128723144531,0.0,0.0,7.077542977640405e-05,297.54168701171875,303.1499938964844,285.1499938964844,0.0,-0.0,287.4092102050781,0.0,0.0,9.582408529240638e-05,297.9320068359375,303.1499938964844,285.1499938964844,0.0,-0.0,287.4104919433594,0.0,0.0,0.0004545481933746,287.3222351074219,294.1499938964844,280.63726806640625,280.02783203125,285.57147216796875,283.1342468261719,286.8924560546875,0.0,0.0,0.0,0.0,1.0,1.0,-0.0009696025517769,2.3098918333630536e-09,0.0009696002816781,-0.0051030800677835,0.0,0.0,0.0,-0.0059579173102974,60.0,-4.162275314331055,-0.0,-6.40985362565516e-08,0.0,283.1644592285156,287.4449462890625,288.6285095214844,288.9419860839844,293.1499938964844,293.1499938964844,278.1499938964844,0.0,18000.0,313.1499938964844,0.0,18000.0,0.0,0.0,0.0,0.0,0.0,0.0,0.0,0.0,0.0,-0.0,0.0,0.0,-7.778098853284027e-21,-3.889049426642014e-21,-3.889049426642014e-21,0.0,0.0,-0.0,0.0,0.0,0.0,-0.0,0.0,0.0,0.0,0.0,0.0,4.0,0.0,0.0
12105660,297.69207763671875,303.1499938964844,285.1499938964844,0.0,-0.0,287.4061279296875,0.0,0.0,9.14645061129704e-05,297.6503601074219,303.1499938964844,285.1499938964844,0.0,-0.0,287.4062805175781,0.0,0.0,9.631658758735284e-05,298.1093444824219,303.1499938964844,285.1499938964844,0.0,-0.0,287.40850830078125,0.0,0.0,7.113914034562185e-05,297.5367126464844,303.1499938964844,285.1499938964844,0.0,-0.0,287.4048767089844,0.0,0.0,9.631652210373431e-05,297.92822265625,303.1499938964844,285.1499938964844,0.0,-0.0,287.4061584472656,0.0,0.0,0.0004568841250147,287.3175354003906,294.1499938964844,280.66864013671875,280.0707702636719,285.48681640625,282.9264831542969,286.8914794921875,0.0,0.0,0.0,0.0,1.0,1.0,-0.0009745844290591,2.892453609959489e-09,0.0009745815186761,-0.0066295857541263,0.0,0.0,0.0,-0.0062467171810567,60.0,-4.157799243927002,-0.0,-6.475896441315855e-08,0.0,283.1644592285156,287.4449462890625,288.6285095214844,288.9419860839844,293.1499938964844,293.1499938964844,278.1499938964844,0.0,18000.0,313.1499938964844,0.0,18000.0,0.0,0.0,0.0,0.0,0.0,0.0,0.0,0.0,0.0,-0.0,0.0,0.0,-7.778098853284027e-21,-3.889049426642014e-21,-3.889049426642014e-21,0.0,0.0,-0.0,0.0,0.0,0.0,-0.0,0.0,0.0,0.0,0.0,0.0,4.0,0.0,0.0
12105720,297.69207763671875,303.1499938964844,285.1499938964844,0.0,-0.0,287.4061279296875,0.0,0.0,9.14645061129704e-05,297.6503601074219,303.1499938964844,285.1499938964844,0.0,-0.0,287.4062805175781,0.0,0.0,9.631658758735284e-05,298.1093444824219,303.1499938964844,285.1499938964844,0.0,-0.0,287.40850830078125,0.0,0.0,7.113914034562185e-05,297.5367126464844,303.1499938964844,285.1499938964844,0.0,-0.0,287.4048767089844,0.0,0.0,9.631652210373431e-05,297.92822265625,303.1499938964844,285.1499938964844,0.0,-0.0,287.4061584472656,0.0,0.0,0.0004568841250147,287.3175354003906,294.1499938964844,280.66864013671875,280.0707702636719,285.48681640625,282.9264831542969,286.8914794921875,0.0,0.0,0.0,0.0,1.0,1.0,-0.0009745844290591,2.892453609959489e-09,0.0009745815186761,-0.0066295857541263,0.0,0.0,0.0,-0.0062467171810567,60.0,-4.157799243927002,-0.0,-6.475896441315855e-08,0.0,283.1644592285156,287.4449462890625,288.6285095214844,288.9419860839844,293.1499938964844,293.1499938964844,278.1499938964844,0.0,18000.0,313.1499938964844,0.0,18000.0,0.0,0.0,0.0,0.0,0.0,0.0,0.0,0.0,0.0,-0.0,0.0,0.0,-7.778098853284027e-21,-3.889049426642014e-21,-3.889049426642014e-21,0.0,0.0,-0.0,0.0,0.0,0.0,-0.0,0.0,0.0,0.0,0.0,0.0,4.0,0.0,0.0
12105780,297.6949157714844,303.1499938964844,285.1499938964844,0.0,-0.0,287.4017639160156,0.0,0.0,9.196002065436916e-05,297.6291198730469,303.1499938964844,285.1499938964844,0.0,-0.0,287.40191650390625,0.0,0.0,9.683839016361162e-05,298.1045227050781,303.1499938964844,285.1499938964844,0.0,-0.0,287.40411376953125,0.0,0.0,7.152454054448754e-05,297.5313415527344,303.1499938964844,285.1499938964844,0.0,-0.0,287.4005432128906,0.0,0.0,9.683832467999308e-05,297.9242858886719,303.1499938964844,285.1499938964844,0.0,-0.0,287.4017944335937,0.0,0.0,0.0004593593184836,287.3128967285156,294.1499938964844,280.700439453125,280.1133117675781,285.4036865234375,282.6811218261719,286.890380859375,0.0,0.0,0.0,0.0,1.0,1.0,-0.000979864038527,3.509762036557616e-09,0.0009798605460673,-0.0082470886409282,0.0,0.0,0.0,-0.006552746053785,60.0,-4.158032417297363,-0.0,-6.546247277583461e-08,0.0,283.1644592285156,287.4449462890625,288.6285095214844,288.9419860839844,293.1499938964844,293.1499938964844,278.1499938964844,0.0,18000.0,313.1499938964844,0.0,18000.0,0.0,0.0,0.0,0.0,0.0,0.0,0.0,0.0,0.0,-0.0,0.0,0.0,-7.778098853284027e-21,-3.889049426642014e-21,-3.889049426642014e-21,0.0,0.0,-0.0,0.0,0.0,0.0,-0.0,0.0,0.0,0.0,0.0,0.0,4.0,0.0,0.0
12105840,297.6949157714844,303.1499938964844,285.1499938964844,0.0,-0.0,287.4017639160156,0.0,0.0,9.196002065436916e-05,297.6291198730469,303.1499938964844,285.1499938964844,0.0,-0.0,287.40191650390625,0.0,0.0,9.683839016361162e-05,298.1045227050781,303.1499938964844,285.1499938964844,0.0,-0.0,287.40411376953125,0.0,0.0,7.152454054448754e-05,297.5313415527344,303.1499938964844,285.1499938964844,0.0,-0.0,287.4005432128906,0.0,0.0,9.683832467999308e-05,297.9242858886719,303.1499938964844,285.1499938964844,0.0,-0.0,287.4017944335937,0.0,0.0,0.0004593593184836,287.3128967285156,294.1499938964844,280.700439453125,280.1133117675781,285.4036865234375,282.6811218261719,286.890380859375,0.0,0.0,0.0,0.0,1.0,1.0,-0.000979864038527,3.509762036557616e-09,0.0009798605460673,-0.0082470886409282,0.0,0.0,0.0,-0.006552746053785,60.0,-4.158032417297363,-0.0,-6.546247277583461e-08,0.0,283.1644592285156,287.4449462890625,288.6285095214844,288.9419860839844,293.1499938964844,293.1499938964844,278.1499938964844,0.0,18000.0,313.1499938964844,0.0,18000.0,0.0,0.0,0.0,0.0,0.0,0.0,0.0,0.0,0.0,-0.0,0.0,0.0,-7.778098853284027e-21,-3.889049426642014e-21,-3.889049426642014e-21,0.0,0.0,-0.0,0.0,0.0,0.0,-0.0,0.0,0.0,0.0,0.0,0.0,4.0,0.0,0.0
12105900,297.69488525390625,303.1499938964844,285.1499938964844,0.0,-0.0,287.39959716796875,0.0,0.0,9.217264596372844e-05,297.6184387207031,303.1499938964844,285.1499938964844,0.0,-0.0,287.3997497558594,0.0,0.0,9.706229320727287e-05,298.10211181640625,303.1499938964844,285.1499938964844,0.0,-0.0,287.4019470214844,0.0,0.0,7.168991578510031e-05,297.52862548828125,303.1499938964844,285.1499938964844,0.0,-0.0,287.3983764648437,0.0,0.0,9.706223499961196e-05,297.9222412109375,303.1499938964844,285.1499938964844,0.0,-0.0,287.3996276855469,0.0,0.0,0.0004604214336723,287.310546875,294.1499938964844,280.7164306640625,280.1343688964844,285.3627624511719,282.5511779785156,286.8897705078125,0.0,0.0,0.0,0.0,1.0,1.0,-0.0009821294806897,3.774646817333861e-09,0.0009821257553994,-0.0089411344379186,0.0,0.0,0.0,-0.0066840616054832,60.0,-4.157505035400391,-0.0,-6.576550504178158e-08,0.0,283.1644592285156,287.4449462890625,288.6285095214844,288.9419860839844,293.1499938964844,293.1499938964844,278.1499938964844,0.0,18000.0,313.1499938964844,0.0,18000.0,0.0,0.0,0.0,0.0,0.0,0.0,0.0,0.0,0.0,-0.0,0.0,0.0,-7.778098853284027e-21,-3.889049426642014e-21,-3.889049426642014e-21,0.0,0.0,-0.0,0.0,0.0,0.0,-0.0,0.0,0.0,0.0,0.0,0.0,4.0,0.0,0.0
12105960,297.6937866210937,303.1499938964844,285.1499938964844,0.0,-0.0,287.3974304199219,0.0,0.0,9.237459016731008e-05,297.60791015625,303.1499938964844,285.1499938964844,0.0,-0.0,287.3975830078125,0.0,0.0,9.727494762046264e-05,298.09967041015625,303.1499938964844,285.1499938964844,0.0,-0.0,287.3997497558594,0.0,0.0,7.184698188211769e-05,297.52593994140625,303.1499938964844,285.1499938964844,0.0,-0.0,287.3962097167969,0.0,0.0,9.727488941280173e-05,297.9201354980469,303.1499938964844,285.1499938964844,0.0,-0.0,287.3974609375,0.0,0.0,0.0004614301724359,287.3082275390625,294.1499938964844,280.73248291015625,280.1552429199219,285.322265625,282.4209899902344,286.8891296386719,0.0,0.0,0.0,0.0,1.0,1.0,-0.0009842810686677,4.026218913821822e-09,0.0009842769941315,-0.0096002863720059,0.0,0.0,0.0,-0.0068087768740952,60.0,-4.156144618988037,-0.0,-6.605395697079075e-08,0.0,283.1644592285156,287.4449462890625,288.6285095214844,288.9419860839844,293.1499938964844,293.1499938964844,278.1499938964844,0.0,18000.0,313.1499938964844,0.0,18000.0,0.0,0.0,0.0,0.0,0.0,0.0,0.0,0.0,0.0,-0.0,0.0,0.0,-7.778098853284027e-21,-3.889049426642014e-21,-3.889049426642014e-21,0.0,0.0,-0.0,0.0,0.0,0.0,-0.0,0.0,0.0,0.0,0.0,0.0,4.0,0.0,0.0
12106020,297.6895751953125,303.1499938964844,285.1499938964844,0.0,-0.0,287.3930969238281,0.0,0.0,9.2870403022971e-05,297.58758544921875,303.1499938964844,285.1499938964844,0.0,-0.0,287.39324951171875,0.0,0.0,9.77970630628988e-05,298.0947570800781,303.1499938964844,285.1499938964844,0.0,-0.0,287.3953857421875,0.0,0.0,7.223261491162702e-05,297.5206604003906,303.1499938964844,285.1499938964844,0.0,-0.0,287.3918762207031,0.0,0.0,9.779699757928027e-05,297.9156799316406,303.1499938964844,285.1499938964844,0.0,-0.0,287.39312744140625,0.0,0.0,0.0004639068502001,287.3036193847656,294.1499938964844,280.7646179199219,280.1962280273437,285.2423400878906,282.1637268066406,286.8877868652344,0.0,0.0,0.0,0.0,1.0,1.0,-0.0009895625989884,4.643898598999385e-09,0.0009895579423755,-0.0112186362966895,0.0,0.0,0.0,-0.0071149826981127,60.0,-4.153562068939209,-0.0,-6.676486918877346e-08,0.0,283.1644592285156,287.4449462890625,288.6285095214844,288.9419860839844,293.1499938964844,293.1499938964844,278.1499938964844,0.0,18000.0,313.1499938964844,0.0,18000.0,0.0,0.0,0.0,0.0,0.0,0.0,0.0,0.0,0.0,-0.0,0.0,0.0,-7.778098853284027e-21,-3.889049426642014e-21,-3.889049426642014e-21,0.0,0.0,-0.0,0.0,0.0,0.0,-0.0,0.0,0.0,0.0,0.0,0.0,4.0,0.0,0.0
12106080,297.6895751953125,303.1499938964844,285.1499938964844,0.0,-0.0,287.3930969238281,0.0,0.0,9.2870403022971e-05,297.58758544921875,303.1499938964844,285.1499938964844,0.0,-0.0,287.39324951171875,0.0,0.0,9.77970630628988e-05,298.0947570800781,303.1499938964844,285.1499938964844,0.0,-0.0,287.3953857421875,0.0,0.0,7.223261491162702e-05,297.5206604003906,303.1499938964844,285.1499938964844,0.0,-0.0,287.3918762207031,0.0,0.0,9.779699757928027e-05,297.9156799316406,303.1499938964844,285.1499938964844,0.0,-0.0,287.39312744140625,0.0,0.0,0.0004639068502001,287.3036193847656,294.1499938964844,280.7646179199219,280.1962280273437,285.2423400878906,282.1637268066406,286.8877868652344,0.0,0.0,0.0,0.0,1.0,1.0,-0.0009895625989884,4.643898598999385e-09,0.0009895579423755,-0.0112186362966895,0.0,0.0,0.0,-0.0071149826981127,60.0,-4.153562068939209,-0.0,-6.676486918877346e-08,0.0,283.1644592285156,287.4449462890625,288.6285095214844,288.9419860839844,293.1499938964844,293.1499938964844,278.1499938964844,0.0,18000.0,313.1499938964844,0.0,18000.0,0.0,0.0,0.0,0.0,0.0,0.0,0.0,0.0,0.0,-0.0,0.0,0.0,-7.778098853284027e-21,-3.889049426642014e-21,-3.889049426642014e-21,0.0,0.0,-0.0,0.0,0.0,0.0,-0.0,0.0,0.0,0.0,0.0,0.0,4.0,0.0,0.0
12106140,297.68341064453125,303.1499938964844,285.1499938964844,0.0,-0.0,287.38873291015625,0.0,0.0,9.31380272959359e-05,297.5689392089844,303.1499938964844,285.1499938964844,0.0,-0.0,287.3888854980469,0.0,0.0,9.807888272916898e-05,298.0897827148437,303.1499938964844,285.1499938964844,0.0,-0.0,287.3910217285156,0.0,0.0,7.244076550705358e-05,297.5154113769531,303.1499938964844,285.1499938964844,0.0,-0.0,287.3875732421875,0.0,0.0,9.807882452150808e-05,297.91094970703125,303.1499938964844,285.1499938964844,0.0,-0.0,287.3887634277344,0.0,0.0,0.0004652437055483,287.29901123046875,294.1499938964844,280.7966613769531,280.2359924316406,285.1640014648437,281.91815185546875,286.8863525390625,0.0,0.0,0.0,0.0,1.0,1.0,-0.0009924174519255,4.9772843624396054e-09,0.0009924124460667,-0.0120920836925506,0.0,0.0,0.0,-0.0072802756913006,60.0,-4.152289867401123,-0.0,-6.715014677638464e-08,0.0,283.1644592285156,287.4449462890625,288.6285095214844,288.9419860839844,293.1499938964844,293.1499938964844,278.1499938964844,0.0,18000.0,313.1499938964844,0.0,18000.0,0.0,0.0,0.0,0.0,0.0,0.0,0.0,0.0,0.0,-0.0,0.0,0.0,-7.778098853284027e-21,-3.889049426642014e-21,-3.889049426642014e-21,0.0,0.0,-0.0,0.0,0.0,0.0,-0.0,0.0,0.0,0.0,0.0,0.0,4.0,0.0,0.0
12106200,297.68341064453125,303.1499938964844,285.1499938964844,0.0,-0.0,287.38873291015625,0.0,0.0,9.31380272959359e-05,297.5689392089844,303.1499938964844,285.1499938964844,0.0,-0.0,287.3888854980469,0.0,0.0,9.807888272916898e-05,298.0897827148437,303.1499938964844,285.1499938964844,0.0,-0.0,287.3910217285156,0.0,0.0,7.244076550705358e-05,297.5154113769531,303.1499938964844,285.1499938964844,0.0,-0.0,287.3875732421875,0.0,0.0,9.807882452150808e-05,297.91094970703125,303.1499938964844,285.1499938964844,0.0,-0.0,287.3887634277344,0.0,0.0,0.0004652437055483,287.29901123046875,294.1499938964844,280.7966613769531,280.2359924316406,285.1640014648437,281.91815185546875,286.8863525390625,0.0,0.0,0.0,0.0,1.0,1.0,-0.0009924174519255,4.9772843624396054e-09,0.0009924124460667,-0.0120920836925506,0.0,0.0,0.0,-0.0072802756913006,60.0,-4.152289867401123,-0.0,-6.715014677638464e-08,0.0,283.1644592285156,287.4449462890625,288.6285095214844,288.9419860839844,293.1499938964844,293.1499938964844,278.1499938964844,0.0,18000.0,313.1499938964844,0.0,18000.0,0.0,0.0,0.0,0.0,0.0,0.0,0.0,0.0,0.0,-0.0,0.0,0.0,-7.778098853284027e-21,-3.889049426642014e-21,-3.889049426642014e-21,0.0,0.0,-0.0,0.0,0.0,0.0,-0.0,0.0,0.0,0.0,0.0,0.0,4.0,0.0,0.0
12106260,297.6784973144531,303.1499938964844,285.1499938964844,0.0,-0.0,287.3844299316406,0.0,0.0,9.308746666647494e-05,297.5550842285156,303.1499938964844,285.1499938964844,0.0,-0.0,287.38458251953125,0.0,0.0,9.80256372713484e-05,298.0847473144531,303.1499938964844,285.1499938964844,0.0,-0.0,287.3866577148437,0.0,0.0,7.240143895614892e-05,297.51080322265625,303.1499938964844,285.1499938964844,0.0,-0.0,287.3832702636719,0.0,0.0,9.802557906368747e-05,297.90625,303.1499938964844,285.1499938964844,0.0,-0.0,287.38446044921875,0.0,0.0,0.0004649911425076,287.29443359375,294.1499938964844,280.8284606933594,280.2742614746094,285.0875549316406,281.721923828125,286.8847961425781,0.0,0.0,0.0,0.0,1.0,1.0,-0.0009918767027556,4.914231244157463e-09,0.0009918718133121,-0.0119268912822008,0.0,0.0,0.0,-0.0072490102611482,60.0,-4.131042957305908,-0.0,-6.707719535370418e-08,0.0,283.1644592285156,287.4449462890625,288.6285095214844,288.9419860839844,293.1499938964844,293.1499938964844,278.1499938964844,0.0,18000.0,313.1499938964844,0.0,18000.0,0.0,0.0,0.0,0.0,0.0,0.0,0.0,0.0,0.0,-0.0,0.0,0.0,-7.778098853284027e-21,-3.889049426642014e-21,-3.889049426642014e-21,0.0,0.0,-0.0,0.0,0.0,0.0,-0.0,0.0,0.0,0.0,0.0,0.0,4.0,0.0,0.0
12106320,297.6784973144531,303.1499938964844,285.1499938964844,0.0,-0.0,287.3844299316406,0.0,0.0,9.308746666647494e-05,297.5550842285156,303.1499938964844,285.1499938964844,0.0,-0.0,287.38458251953125,0.0,0.0,9.80256372713484e-05,298.0847473144531,303.1499938964844,285.1499938964844,0.0,-0.0,287.3866577148437,0.0,0.0,7.240143895614892e-05,297.51080322265625,303.1499938964844,285.1499938964844,0.0,-0.0,287.3832702636719,0.0,0.0,9.802557906368747e-05,297.90625,303.1499938964844,285.1499938964844,0.0,-0.0,287.38446044921875,0.0,0.0,0.0004649911425076,287.29443359375,294.1499938964844,280.8284606933594,280.2742614746094,285.0875549316406,281.721923828125,286.8847961425781,0.0,0.0,0.0,0.0,1.0,1.0,-0.0009918767027556,4.914231244157463e-09,0.0009918718133121,-0.0119268912822008,0.0,0.0,0.0,-0.0072490102611482,60.0,-4.131042957305908,-0.0,-6.707719535370418e-08,0.0,283.1644592285156,287.4449462890625,288.6285095214844,288.9419860839844,293.1499938964844,293.1499938964844,278.1499938964844,0.0,18000.0,313.1499938964844,0.0,18000.0,0.0,0.0,0.0,0.0,0.0,0.0,0.0,0.0,0.0,-0.0,0.0,0.0,-7.778098853284027e-21,-3.889049426642014e-21,-3.889049426642014e-21,0.0,0.0,-0.0,0.0,0.0,0.0,-0.0,0.0,0.0,0.0,0.0,0.0,4.0,0.0,0.0
12106380,297.67413330078125,303.1499938964844,285.1499938964844,0.0,-0.0,287.3801574707031,0.0,0.0,9.304612467531116e-05,297.54510498046875,303.1499938964844,285.1499938964844,0.0,-0.0,287.3803100585937,0.0,0.0,9.798210521694271e-05,298.0798034667969,303.1499938964844,285.1499938964844,0.0,-0.0,287.3823547363281,0.0,0.0,7.236928649945185e-05,297.5066223144531,303.1499938964844,285.1499938964844,0.0,-0.0,287.3789978027344,0.0,0.0,9.79820470092818e-05,297.90185546875,303.1499938964844,285.1499938964844,0.0,-0.0,287.38018798828125,0.0,0.0,0.0004647846217267,287.2899169921875,294.1499938964844,280.85986328125,280.310791015625,285.0130615234375,281.5677185058594,286.8831481933594,0.0,0.0,0.0,0.0,1.0,1.0,-0.0009914359543472,4.862662272842044e-09,0.0009914310649037,-0.0117917843163013,0.0,0.0,0.0,-0.0072234463877975,60.0,-4.107656002044678,-0.0,-6.701755950189181e-08,0.0,283.1644592285156,287.4449462890625,288.6285095214844,288.9419860839844,293.1499938964844,293.1499938964844,278.1499938964844,0.0,18000.0,313.1499938964844,0.0,18000.0,0.0,0.0,0.0,0.0,0.0,0.0,0.0,0.0,0.0,-0.0,0.0,0.0,-7.778098853284027e-21,-3.889049426642014e-21,-3.889049426642014e-21,0.0,0.0,-0.0,0.0,0.0,0.0,-0.0,0.0,0.0,0.0,0.0,0.0,4.0,0.0,0.0
12106440,297.67413330078125,303.1499938964844,285.1499938964844,0.0,-0.0,287.3801574707031,0.0,0.0,9.304612467531116e-05,297.54510498046875,303.1499938964844,285.1499938964844,0.0,-0.0,287.3803100585937,0.0,0.0,9.798210521694271e-05,298.0798034667969,303.1499938964844,285.1499938964844,0.0,-0.0,287.3823547363281,0.0,0.0,7.236928649945185e-05,297.5066223144531,303.1499938964844,285.1499938964844,0.0,-0.0,287.3789978027344,0.0,0.0,9.79820470092818e-05,297.90185546875,303.1499938964844,285.1499938964844,0.0,-0.0,287.38018798828125,0.0,0.0,0.0004647846217267,287.2899169921875,294.1499938964844,280.85986328125,280.310791015625,285.0130615234375,281.5677185058594,286.8831481933594,0.0,0.0,0.0,0.0,1.0,1.0,-0.0009914359543472,4.862662272842044e-09,0.0009914310649037,-0.0117917843163013,0.0,0.0,0.0,-0.0072234463877975,60.0,-4.107656002044678,-0.0,-6.701755950189181e-08,0.0,283.1644592285156,287.4449462890625,288.6285095214844,288.9419860839844,293.1499938964844,293.1499938964844,278.1499938964844,0.0,18000.0,313.1499938964844,0.0,18000.0,0.0,0.0,0.0,0.0,0.0,0.0,0.0,0.0,0.0,-0.0,0.0,0.0,-7.778098853284027e-21,-3.889049426642014e-21,-3.889049426642014e-21,0.0,0.0,-0.0,0.0,0.0,0.0,-0.0,0.0,0.0,0.0,0.0,0.0,4.0,0.0,0.0
12106500,297.67218017578125,303.1499938964844,285.1499938964844,0.0,-0.0,287.3780212402344,0.0,0.0,9.299571684096009e-05,297.5414428710937,303.1499938964844,285.1499938964844,0.0,-0.0,287.378173828125,0.0,0.0,9.792901983018965e-05,298.0773620605469,303.1499938964844,285.1499938964844,0.0,-0.0,287.3802185058594,0.0,0.0,7.233007636386901e-05,297.5046691894531,303.1499938964844,285.1499938964844,0.0,-0.0,287.3768615722656,0.0,0.0,9.792896162252872e-05,297.8998413085937,303.1499938964844,285.1499938964844,0.0,-0.0,287.3780517578125,0.0,0.0,0.0004645328153856,287.28765869140625,294.1499938964844,280.8753662109375,280.32830810546875,284.9765930175781,281.5052185058594,286.8822937011719,0.0,0.0,0.0,0.0,1.0,1.0,-0.000990898697637,4.799829866897198e-09,0.0009908939246088,-0.0116271674633026,0.0,0.0,0.0,-0.0071922978386282,60.0,-4.095090866088867,-0.0,-6.694493492886977e-08,0.0,283.1644592285156,287.4449462890625,288.6285095214844,288.9419860839844,293.1499938964844,293.1499938964844,278.1499938964844,0.0,18000.0,313.1499938964844,0.0,18000.0,0.0,0.0,0.0,0.0,0.0,0.0,0.0,0.0,0.0,-0.0,0.0,0.0,-7.778098853284027e-21,-3.889049426642014e-21,-3.889049426642014e-21,0.0,0.0,-0.0,0.0,0.0,0.0,-0.0,0.0,0.0,0.0,0.0,0.0,4.0,0.0,0.0
12106560,297.6703796386719,303.1499938964844,285.1499938964844,0.0,-0.0,287.3758850097656,0.0,0.0,9.292956383433192e-05,297.53839111328125,303.1499938964844,285.1499938964844,0.0,-0.0,287.37603759765625,0.0,0.0,9.785935253603384e-05,298.07501220703125,303.1499938964844,285.1499938964844,0.0,-0.0,287.3780822753906,0.0,0.0,7.22786207916215e-05,297.5028076171875,303.1499938964844,285.1499938964844,0.0,-0.0,287.374755859375,0.0,0.0,9.785930160433054e-05,297.89794921875,303.1499938964844,285.1499938964844,0.0,-0.0,287.3759155273437,0.0,0.0,0.0004642023704946,287.2854309082031,294.1499938964844,280.8907165527344,280.3452453613281,284.9405517578125,281.4501342773437,286.88140869140625,0.0,0.0,0.0,0.0,1.0,1.0,-0.000990193686448,4.717378043750386e-09,0.0009901889134198,-0.0114111471921205,0.0,0.0,0.0,-0.0071514234878122,60.0,-4.081921100616455,-0.0,-6.684968667514114e-08,0.0,283.1644592285156,287.4449462890625,288.6285095214844,288.9419860839844,293.1499938964844,293.1499938964844,278.1499938964844,0.0,18000.0,313.1499938964844,0.0,18000.0,0.0,0.0,0.0,0.0,0.0,0.0,0.0,0.0,0.0,-0.0,0.0,0.0,-7.778098853284027e-21,-3.889049426642014e-21,-3.889049426642014e-21,0.0,0.0,-0.0,0.0,0.0,0.0,-0.0,0.0,0.0,0.0,0.0,0.0,4.0,0.0,0.0
12106620,297.6672668457031,303.1499938964844,285.1499938964844,0.0,-0.0,287.3716735839844,0.0,0.0,9.27735964069143e-05,297.53424072265625,303.1499938964844,285.1499938964844,0.0,-0.0,287.3717956542969,0.0,0.0,9.769511234480888e-05,298.0676574707031,303.1499938964844,285.1499938964844,0.0,-0.0,287.3738098144531,0.0,0.0,7.215731602627784e-05,297.4992370605469,303.1499938964844,285.1499938964844,0.0,-0.0,287.3705444335937,0.0,0.0,9.769506141310558e-05,297.89453125,303.1499938964844,285.1499938964844,0.0,-0.0,287.3717041015625,0.0,0.0,0.0004634232900571,287.281005859375,294.1499938964844,280.9208068847656,280.3773803710937,284.8699035644531,281.3603820800781,286.87957763671875,0.0,0.0,0.0,0.0,1.0,1.0,-0.0009885313920676,4.522999752509804e-09,0.0009885268518701,-0.0109018795192241,0.0,0.0,0.0,-0.0070550618693232,60.0,-4.0541863441467285,-0.0,-6.662541807145318e-08,0.0,283.1644592285156,287.4449462890625,288.6285095214844,288.9419860839844,293.1499938964844,293.1499938964844,278.1499938964844,0.0,18000.0,313.1499938964844,0.0,18000.0,0.0,0.0,0.0,0.0,0.0,0.0,0.0,0.0,0.0,-0.0,0.0,0.0,-7.778098853284027e-21,-3.889049426642014e-21,-3.889049426642014e-21,0.0,0.0,-0.0,0.0,0.0,0.0,-0.0,0.0,0.0,0.0,0.0,0.0,4.0,0.0,0.0
12106680,297.6672668457031,303.1499938964844,285.1499938964844,0.0,-0.0,287.3716735839844,0.0,0.0,9.27735964069143e-05,297.53424072265625,303.1499938964844,285.1499938964844,0.0,-0.0,287.3717956542969,0.0,0.0,9.769511234480888e-05,298.0676574707031,303.1499938964844,285.1499938964844,0.0,-0.0,287.3738098144531,0.0,0.0,7.215731602627784e-05,297.4992370605469,303.1499938964844,285.1499938964844,0.0,-0.0,287.3705444335937,0.0,0.0,9.769506141310558e-05,297.89453125,303.1499938964844,285.1499938964844,0.0,-0.0,287.3717041015625,0.0,0.0,0.0004634232900571,287.281005859375,294.1499938964844,280.9208068847656,280.3773803710937,284.8699035644531,281.3603820800781,286.87957763671875,0.0,0.0,0.0,0.0,1.0,1.0,-0.0009885313920676,4.522999752509804e-09,0.0009885268518701,-0.0109018795192241,0.0,0.0,0.0,-0.0070550618693232,60.0,-4.0541863441467285,-0.0,-6.662541807145318e-08,0.0,283.1644592285156,287.4449462890625,288.6285095214844,288.9419860839844,293.1499938964844,293.1499938964844,278.1499938964844,0.0,18000.0,313.1499938964844,0.0,18000.0,0.0,0.0,0.0,0.0,0.0,0.0,0.0,0.0,0.0,-0.0,0.0,0.0,-7.778098853284027e-21,-3.889049426642014e-21,-3.889049426642014e-21,0.0,0.0,-0.0,0.0,0.0,0.0,-0.0,0.0,0.0,0.0,0.0,0.0,4.0,0.0,0.0
12106740,297.6646423339844,303.1499938964844,285.1499938964844,0.0,-0.0,287.3674621582031,0.0,0.0,9.262976527679712e-05,297.5321350097656,303.1499938964844,285.1499938964844,0.0,-0.0,287.3676147460937,0.0,0.0,9.754364873515442e-05,298.05523681640625,303.1499938964844,285.1499938964844,0.0,-0.0,287.3695983886719,0.0,0.0,7.204544090200216e-05,297.4952697753906,303.1499938964844,285.1499938964844,0.0,-0.0,287.3663635253906,0.0,0.0,9.754359780345112e-05,297.8915405273437,303.1499938964844,285.1499938964844,0.0,-0.0,287.36749267578125,0.0,0.0,0.0004627048037946,287.276611328125,294.1499938964844,280.95001220703125,280.40692138671875,284.8011169433594,281.2936096191406,286.8776550292969,0.0,0.0,0.0,0.0,1.0,1.0,-0.0009869982022792,4.343741810686197e-09,0.0009869938949123,-0.0104322200641036,0.0,0.0,0.0,-0.0069661955349147,60.0,-4.02634859085083,-0.0,-6.641892724701394e-08,0.0,283.1644592285156,287.4449462890625,288.6285095214844,288.9419860839844,293.1499938964844,293.1499938964844,278.1499938964844,0.0,18000.0,313.1499938964844,0.0,18000.0,0.0,0.0,0.0,0.0,0.0,0.0,0.0,0.0,0.0,-0.0,0.0,0.0,-7.778098853284027e-21,-3.889049426642014e-21,-3.889049426642014e-21,0.0,0.0,-0.0,0.0,0.0,0.0,-0.0,0.0,0.0,0.0,0.0,0.0,4.0,0.0,0.0
12106800,297.6646423339844,303.1499938964844,285.1499938964844,0.0,-0.0,287.3674621582031,0.0,0.0,9.262976527679712e-05,297.5321350097656,303.1499938964844,285.1499938964844,0.0,-0.0,287.3676147460937,0.0,0.0,9.754364873515442e-05,298.05523681640625,303.1499938964844,285.1499938964844,0.0,-0.0,287.3695983886719,0.0,0.0,7.204544090200216e-05,297.4952697753906,303.1499938964844,285.1499938964844,0.0,-0.0,287.3663635253906,0.0,0.0,9.754359780345112e-05,297.8915405273437,303.1499938964844,285.1499938964844,0.0,-0.0,287.36749267578125,0.0,0.0,0.0004627048037946,287.276611328125,294.1499938964844,280.95001220703125,280.40692138671875,284.8011169433594,281.2936096191406,286.8776550292969,0.0,0.0,0.0,0.0,1.0,1.0,-0.0009869982022792,4.343741810686197e-09,0.0009869938949123,-0.0104322200641036,0.0,0.0,0.0,-0.0069661955349147,60.0,-4.02634859085083,-0.0,-6.641892724701394e-08,0.0,283.1644592285156,287.4449462890625,288.6285095214844,288.9419860839844,293.1499938964844,293.1499938964844,278.1499938964844,0.0,18000.0,313.1499938964844,0.0,18000.0,0.0,0.0,0.0,0.0,0.0,0.0,0.0,0.0,0.0,-0.0,0.0,0.0,-7.778098853284027e-21,-3.889049426642014e-21,-3.889049426642014e-21,0.0,0.0,-0.0,0.0,0.0,0.0,-0.0,0.0,0.0,0.0,0.0,0.0,4.0,0.0,0.0
12106860,297.66229248046875,303.1499938964844,285.1499938964844,0.0,-0.0,287.3633117675781,0.0,0.0,9.253605821868403e-05,297.5311889648437,303.1499938964844,285.1499938964844,0.0,-0.0,287.3634338378906,0.0,0.0,9.744497219799086e-05,298.0423889160156,303.1499938964844,285.1499938964844,0.0,-0.0,287.36541748046875,0.0,0.0,7.197255763458088e-05,297.4908142089844,303.1499938964844,285.1499938964844,0.0,-0.0,287.3622131347656,0.0,0.0,9.744492126628757e-05,297.88885498046875,303.1499938964844,285.1499938964844,0.0,-0.0,287.36334228515625,0.0,0.0,0.0004622367268893,287.2722473144531,294.1499938964844,280.9794311523437,280.434814453125,284.7341613769531,281.2438659667969,286.87567138671875,0.0,0.0,0.0,0.0,1.0,1.0,-0.0009859991259872,4.226937910800643e-09,0.0009859948186203,-0.0101261865347623,0.0,0.0,0.0,-0.0069082896225154,60.0,-4.0000505447387695,-0.0,-6.628455651025433e-08,0.0,283.1644592285156,287.4449462890625,288.6285095214844,288.9419860839844,293.1499938964844,293.1499938964844,278.1499938964844,0.0,18000.0,313.1499938964844,0.0,18000.0,0.0,0.0,0.0,0.0,0.0,0.0,0.0,0.0,0.0,-0.0,0.0,0.0,-7.778098853284027e-21,-3.889049426642014e-21,-3.889049426642014e-21,0.0,0.0,-0.0,0.0,0.0,0.0,-0.0,0.0,0.0,0.0,0.0,0.0,4.0,0.0,0.0
12106920,297.66229248046875,303.1499938964844,285.1499938964844,0.0,-0.0,287.3633117675781,0.0,0.0,9.253605821868403e-05,297.5311889648437,303.1499938964844,285.1499938964844,0.0,-0.0,287.3634338378906,0.0,0.0,9.744497219799086e-05,298.0423889160156,303.1499938964844,285.1499938964844,0.0,-0.0,287.36541748046875,0.0,0.0,7.197255763458088e-05,297.4908142089844,303.1499938964844,285.1499938964844,0.0,-0.0,287.3622131347656,0.0,0.0,9.744492126628757e-05,297.88885498046875,303.1499938964844,285.1499938964844,0.0,-0.0,287.36334228515625,0.0,0.0,0.0004622367268893,287.2722473144531,294.1499938964844,280.9794311523437,280.434814453125,284.7341613769531,281.2438659667969,286.87567138671875,0.0,0.0,0.0,0.0,1.0,1.0,-0.0009859991259872,4.226937910800643e-09,0.0009859948186203,-0.0101261865347623,0.0,0.0,0.0,-0.0069082896225154,60.0,-4.0000505447387695,-0.0,-6.628455651025433e-08,0.0,283.1644592285156,287.4449462890625,288.6285095214844,288.9419860839844,293.1499938964844,293.1499938964844,278.1499938964844,0.0,18000.0,313.1499938964844,0.0,18000.0,0.0,0.0,0.0,0.0,0.0,0.0,0.0,0.0,0.0,-0.0,0.0,0.0,-7.778098853284027e-21,-3.889049426642014e-21,-3.889049426642014e-21,0.0,0.0,-0.0,0.0,0.0,0.0,-0.0,0.0,0.0,0.0,0.0,0.0,4.0,0.0,0.0
12106980,297.6599426269531,303.1499938964844,285.1499938964844,0.0,-0.0,287.3591613769531,0.0,0.0,9.250092261936516e-05,297.5302124023437,303.1499938964844,285.1499938964844,0.0,-0.0,287.3593139648437,0.0,0.0,9.740797395352274e-05,298.03240966796875,303.1499938964844,285.1499938964844,0.0,-0.0,287.3612365722656,0.0,0.0,7.194523641373962e-05,297.4862365722656,303.1499938964844,285.1499938964844,0.0,-0.0,287.35809326171875,0.0,0.0,9.740792302181944e-05,297.88641357421875,303.1499938964844,285.1499938964844,0.0,-0.0,287.35919189453125,0.0,0.0,0.0004620612307917,287.2679443359375,294.1499938964844,281.0102844238281,280.4623413085937,284.6689758300781,281.2073669433594,286.8736267089844,0.0,0.0,0.0,0.0,1.0,1.0,-0.0009856241522356,4.18311163485896e-09,0.0009856199612841,-0.0100113591179251,0.0,0.0,0.0,-0.0068865623325109,60.0,-3.97552227973938,-0.0,-6.623417192486158e-08,0.0,283.1644592285156,287.4449462890625,288.6285095214844,288.9419860839844,293.1499938964844,293.1499938964844,278.1499938964844,0.0,18000.0,313.1499938964844,0.0,18000.0,0.0,0.0,0.0,0.0,0.0,0.0,0.0,0.0,0.0,-0.0,0.0,0.0,-7.778098853284027e-21,-3.889049426642014e-21,-3.889049426642014e-21,0.0,0.0,-0.0,0.0,0.0,0.0,-0.0,0.0,0.0,0.0,0.0,0.0,4.0,0.0,0.0
12107040,297.6599426269531,303.1499938964844,285.1499938964844,0.0,-0.0,287.3591613769531,0.0,0.0,9.250092261936516e-05,297.5302124023437,303.1499938964844,285.1499938964844,0.0,-0.0,287.3593139648437,0.0,0.0,9.740797395352274e-05,298.03240966796875,303.1499938964844,285.1499938964844,0.0,-0.0,287.3612365722656,0.0,0.0,7.194523641373962e-05,297.4862365722656,303.1499938964844,285.1499938964844,0.0,-0.0,287.35809326171875,0.0,0.0,9.740792302181944e-05,297.88641357421875,303.1499938964844,285.1499938964844,0.0,-0.0,287.35919189453125,0.0,0.0,0.0004620612307917,287.2679443359375,294.1499938964844,281.0102844238281,280.4623413085937,284.6689758300781,281.2073669433594,286.8736267089844,0.0,0.0,0.0,0.0,1.0,1.0,-0.0009856241522356,4.18311163485896e-09,0.0009856199612841,-0.0100113591179251,0.0,0.0,0.0,-0.0068865623325109,60.0,-3.97552227973938,-0.0,-6.623417192486158e-08,0.0,283.1644592285156,287.4449462890625,288.6285095214844,288.9419860839844,293.1499938964844,293.1499938964844,278.1499938964844,0.0,18000.0,313.1499938964844,0.0,18000.0,0.0,0.0,0.0,0.0,0.0,0.0,0.0,0.0,0.0,-0.0,0.0,0.0,-7.778098853284027e-21,-3.889049426642014e-21,-3.889049426642014e-21,0.0,0.0,-0.0,0.0,0.0,0.0,-0.0,0.0,0.0,0.0,0.0,0.0,4.0,0.0,0.0
12107100,297.6587219238281,303.1499938964844,285.1499938964844,0.0,-0.0,287.35711669921875,0.0,0.0,9.25025378819555e-05,297.52947998046875,303.1499938964844,285.1499938964844,0.0,-0.0,287.35723876953125,0.0,0.0,9.740967652760446e-05,298.02899169921875,303.1499938964844,285.1499938964844,0.0,-0.0,287.3591613769531,0.0,0.0,7.194648787844926e-05,297.48406982421875,303.1499938964844,285.1499938964844,0.0,-0.0,287.35601806640625,0.0,0.0,9.740962559590116e-05,297.8852844238281,303.1499938964844,285.1499938964844,0.0,-0.0,287.3571472167969,0.0,0.0,0.0004620692925527,287.26580810546875,294.1499938964844,281.0262145996094,280.4759521484375,284.6370544433594,281.19317626953125,286.8725891113281,0.0,0.0,0.0,0.0,1.0,1.0,-0.0009856410324573,4.1850953813593605e-09,0.0009856368415057,-0.010016556829214,0.0,0.0,0.0,-0.0068875453434884,60.0,-3.96378755569458,-0.0,-6.623645276704337e-08,0.0,283.1644592285156,287.4449462890625,288.6285095214844,288.9419860839844,293.1499938964844,293.1499938964844,278.1499938964844,0.0,18000.0,313.1499938964844,0.0,18000.0,0.0,0.0,0.0,0.0,0.0,0.0,0.0,0.0,0.0,-0.0,0.0,0.0,-7.778098853284027e-21,-3.889049426642014e-21,-3.889049426642014e-21,0.0,0.0,-0.0,0.0,0.0,0.0,-0.0,0.0,0.0,0.0,0.0,0.0,4.0,0.0,0.0
12107160,297.6574401855469,303.1499938964844,285.1499938964844,0.0,-0.0,287.35504150390625,0.0,0.0,9.251527080778033e-05,297.5285339355469,303.1499938964844,285.1499938964844,0.0,-0.0,287.3551940917969,0.0,0.0,9.74230861174874e-05,298.0265808105469,303.1499938964844,285.1499938964844,0.0,-0.0,287.35711669921875,0.0,0.0,7.195639045676216e-05,297.48199462890625,303.1499938964844,285.1499938964844,0.0,-0.0,287.3539733886719,0.0,0.0,9.74230351857841e-05,297.8842163085937,303.1499938964844,285.1499938964844,0.0,-0.0,287.3550720214844,0.0,0.0,0.0004621329135261,287.263671875,294.1499938964844,281.0424499511719,280.489501953125,284.6054992675781,281.1810913085937,286.8715209960937,0.0,0.0,0.0,0.0,1.0,1.0,-0.0009857764234766,4.2009351552962926e-09,0.000985772232525,-0.0100580584257841,0.0,0.0,0.0,-0.006895397324115,60.0,-3.9523239135742174,-0.0,-6.625465687193356e-08,0.0,283.1644592285156,287.4449462890625,288.6285095214844,288.9419860839844,293.1499938964844,293.1499938964844,278.1499938964844,0.0,18000.0,313.1499938964844,0.0,18000.0,0.0,0.0,0.0,0.0,0.0,0.0,0.0,0.0,0.0,-0.0,0.0,0.0,-7.778098853284027e-21,-3.889049426642014e-21,-3.889049426642014e-21,0.0,0.0,-0.0,0.0,0.0,0.0,-0.0,0.0,0.0,0.0,0.0,0.0,4.0,0.0,0.0
12107220,297.6547241210937,303.1499938964844,285.1499938964844,0.0,-0.0,287.3509521484375,0.0,0.0,9.257951023755596e-05,297.5259094238281,303.1499938964844,285.1499938964844,0.0,-0.0,287.3511047363281,0.0,0.0,9.749073069542646e-05,298.0253295898437,303.1499938964844,285.1499938964844,0.0,-0.0,287.3529968261719,0.0,0.0,7.200635445769876e-05,297.4783935546875,303.1499938964844,285.1499938964844,0.0,-0.0,287.34991455078125,0.0,0.0,9.749067248776556e-05,297.88214111328125,303.1499938964844,285.1499938964844,0.0,-0.0,287.3509826660156,0.0,0.0,0.0004624537832569,287.25946044921875,294.1499938964844,281.07586669921875,280.5162658691406,284.54364013671875,281.1632080078125,286.8693542480469,0.0,0.0,0.0,0.0,1.0,1.0,-0.000986460247077,4.2809138456334495e-09,0.0009864559397101,-0.0102676078677177,0.0,0.0,0.0,-0.0069350455887615,60.0,-3.930344820022583,-0.0,-6.634663662907769e-08,0.0,283.1644592285156,287.4449462890625,288.6285095214844,288.9419860839844,293.1499938964844,293.1499938964844,278.1499938964844,0.0,18000.0,313.1499938964844,0.0,18000.0,0.0,0.0,0.0,0.0,0.0,0.0,0.0,0.0,0.0,-0.0,0.0,0.0,-7.778098853284027e-21,-3.889049426642014e-21,-3.889049426642014e-21,0.0,0.0,-0.0,0.0,0.0,0.0,-0.0,0.0,0.0,0.0,0.0,0.0,4.0,0.0,0.0
12107280,297.6547241210937,303.1499938964844,285.1499938964844,0.0,-0.0,287.3509521484375,0.0,0.0,9.257951023755596e-05,297.5259094238281,303.1499938964844,285.1499938964844,0.0,-0.0,287.3511047363281,0.0,0.0,9.749073069542646e-05,298.0253295898437,303.1499938964844,285.1499938964844,0.0,-0.0,287.3529968261719,0.0,0.0,7.200635445769876e-05,297.4783935546875,303.1499938964844,285.1499938964844,0.0,-0.0,287.34991455078125,0.0,0.0,9.749067248776556e-05,297.88214111328125,303.1499938964844,285.1499938964844,0.0,-0.0,287.3509826660156,0.0,0.0,0.0004624537832569,287.25946044921875,294.1499938964844,281.07586669921875,280.5162658691406,284.54364013671875,281.1632080078125,286.8693542480469,0.0,0.0,0.0,0.0,1.0,1.0,-0.000986460247077,4.2809138456334495e-09,0.0009864559397101,-0.0102676078677177,0.0,0.0,0.0,-0.0069350455887615,60.0,-3.930344820022583,-0.0,-6.634663662907769e-08,0.0,283.1644592285156,287.4449462890625,288.6285095214844,288.9419860839844,293.1499938964844,293.1499938964844,278.1499938964844,0.0,18000.0,313.1499938964844,0.0,18000.0,0.0,0.0,0.0,0.0,0.0,0.0,0.0,0.0,0.0,-0.0,0.0,0.0,-7.778098853284027e-21,-3.889049426642014e-21,-3.889049426642014e-21,0.0,0.0,-0.0,0.0,0.0,0.0,-0.0,0.0,0.0,0.0,0.0,0.0,4.0,0.0,0.0
12107340,297.6517639160156,303.1499938964844,285.1499938964844,0.0,-0.0,287.3468933105469,0.0,0.0,9.268445865018292e-05,297.5224609375,303.1499938964844,285.1499938964844,0.0,-0.0,287.3470153808594,0.0,0.0,9.76012452156283e-05,298.0287780761719,303.1499938964844,285.1499938964844,0.0,-0.0,287.3489074707031,0.0,0.0,7.208798342617229e-05,297.47564697265625,303.1499938964844,285.1499938964844,0.0,-0.0,287.3458557128906,0.0,0.0,9.7601194283925e-05,297.8802490234375,303.1499938964844,285.1499938964844,0.0,-0.0,287.346923828125,0.0,0.0,0.0004629780305549,287.2552490234375,294.1499938964844,281.1103820800781,280.542724609375,284.4833984375,281.1527404785156,286.8671264648437,0.0,0.0,0.0,0.0,1.0,1.0,-0.0009875779505819,4.411621734590199e-09,0.0009875735267996,-0.0106100682169198,0.0,0.0,0.0,-0.0069998428225517,60.0,-3.90946364402771,-0.0,-6.649708694794755e-08,0.0,283.1644592285156,287.4449462890625,288.6285095214844,288.9419860839844,293.1499938964844,293.1499938964844,278.1499938964844,0.0,18000.0,313.1499938964844,0.0,18000.0,0.0,0.0,0.0,0.0,0.0,0.0,0.0,0.0,0.0,-0.0,0.0,0.0,-7.778098853284027e-21,-3.889049426642014e-21,-3.889049426642014e-21,0.0,0.0,-0.0,0.0,0.0,0.0,-0.0,0.0,0.0,0.0,0.0,0.0,4.0,0.0,0.0
12107400,297.6517639160156,303.1499938964844,285.1499938964844,0.0,-0.0,287.3468933105469,0.0,0.0,9.268445865018292e-05,297.5224609375,303.1499938964844,285.1499938964844,0.0,-0.0,287.3470153808594,0.0,0.0,9.76012452156283e-05,298.0287780761719,303.1499938964844,285.1499938964844,0.0,-0.0,287.3489074707031,0.0,0.0,7.208798342617229e-05,297.47564697265625,303.1499938964844,285.1499938964844,0.0,-0.0,287.3458557128906,0.0,0.0,9.7601194283925e-05,297.8802490234375,303.1499938964844,285.1499938964844,0.0,-0.0,287.346923828125,0.0,0.0,0.0004629780305549,287.2552490234375,294.1499938964844,281.1103820800781,280.542724609375,284.4833984375,281.1527404785156,286.8671264648437,0.0,0.0,0.0,0.0,1.0,1.0,-0.0009875779505819,4.411621734590199e-09,0.0009875735267996,-0.0106100682169198,0.0,0.0,0.0,-0.0069998428225517,60.0,-3.90946364402771,-0.0,-6.649708694794755e-08,0.0,283.1644592285156,287.4449462890625,288.6285095214844,288.9419860839844,293.1499938964844,293.1499938964844,278.1499938964844,0.0,18000.0,313.1499938964844,0.0,18000.0,0.0,0.0,0.0,0.0,0.0,0.0,0.0,0.0,0.0,-0.0,0.0,0.0,-7.778098853284027e-21,-3.889049426642014e-21,-3.889049426642014e-21,0.0,0.0,-0.0,0.0,0.0,0.0,-0.0,0.0,0.0,0.0,0.0,0.0,4.0,0.0,0.0
12107460,297.64862060546875,303.1499938964844,285.1499938964844,0.0,-0.0,287.34283447265625,0.0,0.0,9.278365905629472e-05,297.5187683105469,303.1499938964844,285.1499938964844,0.0,-0.0,287.34295654296875,0.0,0.0,9.770570613909511e-05,298.0343933105469,303.1499938964844,285.1499938964844,0.0,-0.0,287.3448181152344,0.0,0.0,7.216513040475547e-05,297.4738464355469,303.1499938964844,285.1499938964844,0.0,-0.0,287.341796875,0.0,0.0,9.770565520739184e-05,297.8785095214844,303.1499938964844,285.1499938964844,0.0,-0.0,287.3428649902344,0.0,0.0,0.0004634735523723,287.2510681152344,294.1499938964844,281.1459045410156,280.5688171386719,284.4247436523437,281.149169921875,286.8648681640625,0.0,0.0,0.0,0.0,1.0,1.0,-0.0009886346524581,4.535162467789178e-09,0.0009886301122605,-0.0109337465837597,0.0,0.0,0.0,-0.0070610879920423,60.0,-3.888616323471069,-0.0,-6.663944418505707e-08,0.0,283.1644592285156,287.4449462890625,288.6285095214844,288.9419860839844,293.1499938964844,293.1499938964844,278.1499938964844,0.0,18000.0,313.1499938964844,0.0,18000.0,0.0,0.0,0.0,0.0,0.0,0.0,0.0,0.0,0.0,-0.0,0.0,0.0,-7.778098853284027e-21,-3.889049426642014e-21,-3.889049426642014e-21,0.0,0.0,-0.0,0.0,0.0,0.0,-0.0,0.0,0.0,0.0,0.0,0.0,4.0,0.0,0.0
12107520,297.64862060546875,303.1499938964844,285.1499938964844,0.0,-0.0,287.34283447265625,0.0,0.0,9.278365905629472e-05,297.5187683105469,303.1499938964844,285.1499938964844,0.0,-0.0,287.34295654296875,0.0,0.0,9.770570613909511e-05,298.0343933105469,303.1499938964844,285.1499938964844,0.0,-0.0,287.3448181152344,0.0,0.0,7.216513040475547e-05,297.4738464355469,303.1499938964844,285.1499938964844,0.0,-0.0,287.341796875,0.0,0.0,9.770565520739184e-05,297.8785095214844,303.1499938964844,285.1499938964844,0.0,-0.0,287.3428649902344,0.0,0.0,0.0004634735523723,287.2510681152344,294.1499938964844,281.1459045410156,280.5688171386719,284.4247436523437,281.149169921875,286.8648681640625,0.0,0.0,0.0,0.0,1.0,1.0,-0.0009886346524581,4.535162467789178e-09,0.0009886301122605,-0.0109337465837597,0.0,0.0,0.0,-0.0070610879920423,60.0,-3.888616323471069,-0.0,-6.663944418505707e-08,0.0,283.1644592285156,287.4449462890625,288.6285095214844,288.9419860839844,293.1499938964844,293.1499938964844,278.1499938964844,0.0,18000.0,313.1499938964844,0.0,18000.0,0.0,0.0,0.0,0.0,0.0,0.0,0.0,0.0,0.0,-0.0,0.0,0.0,-7.778098853284027e-21,-3.889049426642014e-21,-3.889049426642014e-21,0.0,0.0,-0.0,0.0,0.0,0.0,-0.0,0.0,0.0,0.0,0.0,0.0,4.0,0.0,0.0
12107580,297.6456604003906,303.1499938964844,285.1499938964844,0.0,-0.0,287.3388061523437,0.0,0.0,9.280513040721416e-05,297.51580810546875,303.1499938964844,285.1499938964844,0.0,-0.0,287.33892822265625,0.0,0.0,9.772831981536e-05,298.0362548828125,303.1499938964844,285.1499938964844,0.0,-0.0,287.3407592773437,0.0,0.0,7.218183600343764e-05,297.4724426269531,303.1499938964844,285.1499938964844,0.0,-0.0,287.3377685546875,0.0,0.0,9.772826888365672e-05,297.8769226074219,303.1499938964844,285.1499938964844,0.0,-0.0,287.3388366699219,0.0,0.0,0.0004635807999875,287.2469177246094,294.1499938964844,281.182373046875,280.5946350097656,284.3677062988281,281.1519775390625,286.862548828125,0.0,0.0,0.0,0.0,1.0,1.0,-0.0009888632921501,4.561865996066672e-09,0.0009888587519526,-0.01100370939821,0.0,0.0,0.0,-0.007074327673763,60.0,-3.865349769592285,-0.0,-6.667023200179757e-08,0.0,283.1644592285156,287.4449462890625,288.6285095214844,288.9419860839844,293.1499938964844,293.1499938964844,278.1499938964844,0.0,18000.0,313.1499938964844,0.0,18000.0,0.0,0.0,0.0,0.0,0.0,0.0,0.0,0.0,0.0,-0.0,0.0,0.0,-7.778098853284027e-21,-3.889049426642014e-21,-3.889049426642014e-21,0.0,0.0,-0.0,0.0,0.0,0.0,-0.0,0.0,0.0,0.0,0.0,0.0,4.0,0.0,0.0
12107640,297.6456604003906,303.1499938964844,285.1499938964844,0.0,-0.0,287.3388061523437,0.0,0.0,9.280513040721416e-05,297.51580810546875,303.1499938964844,285.1499938964844,0.0,-0.0,287.33892822265625,0.0,0.0,9.772831981536e-05,298.0362548828125,303.1499938964844,285.1499938964844,0.0,-0.0,287.3407592773437,0.0,0.0,7.218183600343764e-05,297.4724426269531,303.1499938964844,285.1499938964844,0.0,-0.0,287.3377685546875,0.0,0.0,9.772826888365672e-05,297.8769226074219,303.1499938964844,285.1499938964844,0.0,-0.0,287.3388366699219,0.0,0.0,0.0004635807999875,287.2469177246094,294.1499938964844,281.182373046875,280.5946350097656,284.3677062988281,281.1519775390625,286.862548828125,0.0,0.0,0.0,0.0,1.0,1.0,-0.0009888632921501,4.561865996066672e-09,0.0009888587519526,-0.01100370939821,0.0,0.0,0.0,-0.007074327673763,60.0,-3.865349769592285,-0.0,-6.667023200179757e-08,0.0,283.1644592285156,287.4449462890625,288.6285095214844,288.9419860839844,293.1499938964844,293.1499938964844,278.1499938964844,0.0,18000.0,313.1499938964844,0.0,18000.0,0.0,0.0,0.0,0.0,0.0,0.0,0.0,0.0,0.0,-0.0,0.0,0.0,-7.778098853284027e-21,-3.889049426642014e-21,-3.889049426642014e-21,0.0,0.0,-0.0,0.0,0.0,0.0,-0.0,0.0,0.0,0.0,0.0,0.0,4.0,0.0,0.0
12107700,297.6443786621094,303.1499938964844,285.1499938964844,0.0,-0.0,287.3367919921875,0.0,0.0,9.2781956482213e-05,297.514892578125,303.1499938964844,285.1499938964844,0.0,-0.0,287.3369140625,0.0,0.0,9.770391625352204e-05,298.03619384765625,303.1499938964844,285.1499938964844,0.0,-0.0,287.3387451171875,0.0,0.0,7.21638134564273e-05,297.4717712402344,303.1499938964844,285.1499938964844,0.0,-0.0,287.3357849121094,0.0,0.0,9.770386532181874e-05,297.8761901855469,303.1499938964844,285.1499938964844,0.0,-0.0,287.3368225097656,0.0,0.0,0.0004634650540538,287.244873046875,294.1499938964844,281.200927734375,280.607421875,284.3398132324219,281.155517578125,286.86138916015625,0.0,0.0,0.0,0.0,1.0,1.0,-0.0009886162588372,4.532969999360148e-09,0.0009886117186397,-0.0109280012547969,0.0,0.0,0.0,-0.0070600030012428,60.0,-3.8521530628204346,-0.0,-6.663691465291778e-08,0.0,283.1644592285156,287.4449462890625,288.6285095214844,288.9419860839844,293.1499938964844,293.1499938964844,278.1499938964844,0.0,18000.0,313.1499938964844,0.0,18000.0,0.0,0.0,0.0,0.0,0.0,0.0,0.0,0.0,0.0,-0.0,0.0,0.0,-7.778098853284027e-21,-3.889049426642014e-21,-3.889049426642014e-21,0.0,0.0,-0.0,0.0,0.0,0.0,-0.0,0.0,0.0,0.0,0.0,0.0,4.0,0.0,0.0
12107760,297.6431884765625,303.1499938964844,285.1499938964844,0.0,-0.0,287.33477783203125,0.0,0.0,9.2754460638389e-05,297.51446533203125,303.1499938964844,285.1499938964844,0.0,-0.0,287.3349304199219,0.0,0.0,9.76749652181752e-05,298.0357971191406,303.1499938964844,285.1499938964844,0.0,-0.0,287.33673095703125,0.0,0.0,7.214242941699922e-05,297.4711303710937,303.1499938964844,285.1499938964844,0.0,-0.0,287.3337707519531,0.0,0.0,9.76749142864719e-05,297.8755187988281,303.1499938964844,285.1499938964844,0.0,-0.0,287.3348083496094,0.0,0.0,0.0004633277130778,287.2428283691406,294.1499938964844,281.2196655273437,280.6201477050781,284.31231689453125,281.1602478027344,286.8601989746094,0.0,0.0,0.0,0.0,1.0,1.0,-0.0009883231250569,4.498690309162612e-09,0.0009883185848593,-0.0108381891623139,0.0,0.0,0.0,-0.0070430086925625,60.0,-3.838166475296021,-0.0,-6.659740137138216e-08,0.0,283.1644592285156,287.4449462890625,288.6285095214844,288.9419860839844,293.1499938964844,293.1499938964844,278.1499938964844,0.0,18000.0,313.1499938964844,0.0,18000.0,0.0,0.0,0.0,0.0,0.0,0.0,0.0,0.0,0.0,-0.0,0.0,0.0,-7.778098853284027e-21,-3.889049426642014e-21,-3.889049426642014e-21,0.0,0.0,-0.0,0.0,0.0,0.0,-0.0,0.0,0.0,0.0,0.0,0.0,4.0,0.0,0.0
12107820,297.6409912109375,303.1499938964844,285.1499938964844,0.0,-0.0,287.3307800292969,0.0,0.0,9.268557914765552e-05,297.51519775390625,303.1499938964844,285.1499938964844,0.0,-0.0,287.3309326171875,0.0,0.0,9.76024239207618e-05,298.0343017578125,303.1499938964844,285.1499938964844,0.0,-0.0,287.33270263671875,0.0,0.0,7.208884926512837e-05,297.4697265625,303.1499938964844,285.1499938964844,0.0,-0.0,287.3298034667969,0.0,0.0,9.760238026501612e-05,297.8742980957031,303.1499938964844,285.1499938964844,0.0,-0.0,287.330810546875,0.0,0.0,0.0004629836475942,287.2387390136719,294.1499938964844,281.2576904296875,280.6453857421875,284.2585754394531,281.1731872558594,286.8578186035156,0.0,0.0,0.0,0.0,1.0,1.0,-0.0009875905234366,4.412822107724423e-09,0.0009875860996544,-0.0106132114306092,0.0,0.0,0.0,-0.0070004491135478,60.0,-3.810384511947632,-0.0,-6.649846540085491e-08,0.0,283.1644592285156,287.4449462890625,288.6285095214844,288.9419860839844,293.1499938964844,293.1499938964844,278.1499938964844,0.0,18000.0,313.1499938964844,0.0,18000.0,0.0,0.0,0.0,0.0,0.0,0.0,0.0,0.0,0.0,-0.0,0.0,0.0,-7.778098853284027e-21,-3.889049426642014e-21,-3.889049426642014e-21,0.0,0.0,-0.0,0.0,0.0,0.0,-0.0,0.0,0.0,0.0,0.0,0.0,4.0,0.0,0.0
12107880,297.6409912109375,303.1499938964844,285.1499938964844,0.0,-0.0,287.3307800292969,0.0,0.0,9.268557914765552e-05,297.51519775390625,303.1499938964844,285.1499938964844,0.0,-0.0,287.3309326171875,0.0,0.0,9.76024239207618e-05,298.0343017578125,303.1499938964844,285.1499938964844,0.0,-0.0,287.33270263671875,0.0,0.0,7.208884926512837e-05,297.4697265625,303.1499938964844,285.1499938964844,0.0,-0.0,287.3298034667969,0.0,0.0,9.760238026501612e-05,297.8742980957031,303.1499938964844,285.1499938964844,0.0,-0.0,287.330810546875,0.0,0.0,0.0004629836475942,287.2387390136719,294.1499938964844,281.2576904296875,280.6453857421875,284.2585754394531,281.1731872558594,286.8578186035156,0.0,0.0,0.0,0.0,1.0,1.0,-0.0009875905234366,4.412822107724423e-09,0.0009875860996544,-0.0106132114306092,0.0,0.0,0.0,-0.0070004491135478,60.0,-3.810384511947632,-0.0,-6.649846540085491e-08,0.0,283.1644592285156,287.4449462890625,288.6285095214844,288.9419860839844,293.1499938964844,293.1499938964844,278.1499938964844,0.0,18000.0,313.1499938964844,0.0,18000.0,0.0,0.0,0.0,0.0,0.0,0.0,0.0,0.0,0.0,-0.0,0.0,0.0,-7.778098853284027e-21,-3.889049426642014e-21,-3.889049426642014e-21,0.0,0.0,-0.0,0.0,0.0,0.0,-0.0,0.0,0.0,0.0,0.0,0.0,4.0,0.0,0.0
12107940,297.64068603515625,303.1499938964844,285.1499938964844,0.0,-0.0,287.32684326171875,0.0,0.0,9.209247218677774e-05,297.520751953125,303.1499938964844,285.1499938964844,0.0,-0.0,287.32696533203125,0.0,0.0,9.697785571916028e-05,298.03240966796875,303.1499938964844,285.1499938964844,0.0,-0.0,287.3287353515625,0.0,0.0,7.162754627643153e-05,297.46881103515625,303.1499938964844,285.1499938964844,0.0,-0.0,287.32586669921875,0.0,0.0,9.6977804787457e-05,297.8734741210937,303.1499938964844,285.1499938964844,0.0,-0.0,287.3268737792969,0.0,0.0,0.0004600209649652,287.2347412109375,294.1499938964844,281.2963256835937,280.6703796386719,284.2066650390625,281.1878662109375,286.8554077148437,0.0,0.0,0.0,0.0,1.0,1.0,-0.0009812698699533,3.6738183606388475e-09,0.000981266144663,-0.0086769443005323,0.0,0.0,0.0,-0.0066340896300971,60.0,-3.766255140304565,-0.0,-6.565007026893e-08,0.0,283.1644592285156,287.4449462890625,288.6285095214844,288.9419860839844,293.1499938964844,293.1499938964844,278.1499938964844,0.0,18000.0,313.1499938964844,0.0,18000.0,0.0,0.0,0.0,0.0,0.0,0.0,0.0,0.0,0.0,-0.0,0.0,0.0,-7.778098853284027e-21,-3.889049426642014e-21,-3.889049426642014e-21,0.0,0.0,-0.0,0.0,0.0,0.0,-0.0,0.0,0.0,0.0,0.0,0.0,4.0,0.0,0.0
12108000,297.64068603515625,303.1499938964844,285.1499938964844,0.0,-0.0,287.32684326171875,0.0,0.0,9.209247218677774e-05,297.520751953125,303.1499938964844,285.1499938964844,0.0,-0.0,287.32696533203125,0.0,0.0,9.697785571916028e-05,298.03240966796875,303.1499938964844,285.1499938964844,0.0,-0.0,287.3287353515625,0.0,0.0,7.162754627643153e-05,297.46881103515625,303.1499938964844,285.1499938964844,0.0,-0.0,287.32586669921875,0.0,0.0,9.6977804787457e-05,297.8734741210937,303.1499938964844,285.1499938964844,0.0,-0.0,287.3268737792969,0.0,0.0,0.0004600209649652,287.2347412109375,294.1499938964844,281.2963256835937,280.6703796386719,284.2066650390625,281.1878662109375,286.8554077148437,0.0,0.0,0.0,0.0,1.0,1.0,-0.0009812698699533,3.6738183606388475e-09,0.000981266144663,-0.0086769443005323,0.0,0.0,0.0,-0.0066340896300971,60.0,-3.766255140304565,-0.0,-6.565007026893e-08,0.0,283.1644592285156,287.4449462890625,288.6285095214844,288.9419860839844,293.1499938964844,293.1499938964844,278.1499938964844,0.0,18000.0,313.1499938964844,0.0,18000.0,0.0,0.0,0.0,0.0,0.0,0.0,0.0,0.0,0.0,-0.0,0.0,0.0,-7.778098853284027e-21,-3.889049426642014e-21,-3.889049426642014e-21,0.0,0.0,-0.0,0.0,0.0,0.0,-0.0,0.0,0.0,0.0,0.0,0.0,4.0,0.0,0.0
12108060,297.641357421875,303.1499938964844,285.1499938964844,0.0,-0.0,287.32293701171875,0.0,0.0,9.166394011117518e-05,297.5301818847656,303.1499938964844,285.1499938964844,0.0,-0.0,287.32305908203125,0.0,0.0,9.652659355197102e-05,298.0304870605469,303.1499938964844,285.1499938964844,0.0,-0.0,287.3247985839844,0.0,0.0,7.12942419340834e-05,297.4682922363281,303.1499938964844,285.1499938964844,0.0,-0.0,287.32196044921875,0.0,0.0,9.652654262026772e-05,297.87322998046875,303.1499938964844,285.1499938964844,0.0,-0.0,287.3229675292969,0.0,0.0,0.0004578803491313,287.2307434082031,294.1499938964844,281.33551025390625,280.69512939453125,284.15655517578125,281.202880859375,286.8529663085937,0.0,0.0,0.0,0.0,1.0,1.0,-0.0009767033625394,3.139862814194316e-09,0.0009767002193257,-0.0072778640314936,0.0,0.0,0.0,-0.006369384471327,60.0,-3.72032642364502,-0.0,-6.504046012878463e-08,0.0,283.1644592285156,287.4449462890625,288.6285095214844,288.9419860839844,293.1499938964844,293.1499938964844,278.1499938964844,0.0,18000.0,313.1499938964844,0.0,18000.0,0.0,0.0,0.0,0.0,0.0,0.0,0.0,0.0,0.0,-0.0,0.0,0.0,-7.778098853284027e-21,-3.889049426642014e-21,-3.889049426642014e-21,0.0,0.0,-0.0,0.0,0.0,0.0,-0.0,0.0,0.0,0.0,0.0,0.0,4.0,0.0,0.0
12108120,297.641357421875,303.1499938964844,285.1499938964844,0.0,-0.0,287.32293701171875,0.0,0.0,9.166394011117518e-05,297.5301818847656,303.1499938964844,285.1499938964844,0.0,-0.0,287.32305908203125,0.0,0.0,9.652659355197102e-05,298.0304870605469,303.1499938964844,285.1499938964844,0.0,-0.0,287.3247985839844,0.0,0.0,7.12942419340834e-05,297.4682922363281,303.1499938964844,285.1499938964844,0.0,-0.0,287.32196044921875,0.0,0.0,9.652654262026772e-05,297.87322998046875,303.1499938964844,285.1499938964844,0.0,-0.0,287.3229675292969,0.0,0.0,0.0004578803491313,287.2307434082031,294.1499938964844,281.33551025390625,280.69512939453125,284.15655517578125,281.202880859375,286.8529663085937,0.0,0.0,0.0,0.0,1.0,1.0,-0.0009767033625394,3.139862814194316e-09,0.0009767002193257,-0.0072778640314936,0.0,0.0,0.0,-0.006369384471327,60.0,-3.72032642364502,-0.0,-6.504046012878463e-08,0.0,283.1644592285156,287.4449462890625,288.6285095214844,288.9419860839844,293.1499938964844,293.1499938964844,278.1499938964844,0.0,18000.0,313.1499938964844,0.0,18000.0,0.0,0.0,0.0,0.0,0.0,0.0,0.0,0.0,0.0,-0.0,0.0,0.0,-7.778098853284027e-21,-3.889049426642014e-21,-3.889049426642014e-21,0.0,0.0,-0.0,0.0,0.0,0.0,-0.0,0.0,0.0,0.0,0.0,0.0,4.0,0.0,0.0
12108180,297.64013671875,303.1499938964844,285.1499938964844,0.0,-0.0,287.3190612792969,0.0,0.0,9.114231215789914e-05,297.5427551269531,303.1499938964844,285.1499938964844,0.0,-0.0,287.3191833496094,0.0,0.0,9.5977280579973e-05,298.0287475585937,303.1499938964844,285.1499938964844,0.0,-0.0,287.3209228515625,0.0,0.0,7.088852726155892e-05,297.4682922363281,303.1499938964844,285.1499938964844,0.0,-0.0,287.318115234375,0.0,0.0,9.597723692422731e-05,297.8735656738281,303.1499938964844,285.1499938964844,0.0,-0.0,287.319091796875,0.0,0.0,0.0004552746831905,287.2268371582031,294.1499938964844,281.3751220703125,280.7196960449219,284.1082763671875,281.2169494628906,286.8504943847656,0.0,0.0,0.0,0.0,1.0,1.0,-0.0009711451129987,2.4899158290736523e-09,0.0009711426100693,-0.0055748037993907,0.0,0.0,0.0,-0.0060471780598163,60.0,-3.673114538192749,-0.0,-6.43022559643214e-08,0.0,283.1644592285156,287.4449462890625,288.6285095214844,288.9419860839844,293.1499938964844,293.1499938964844,278.1499938964844,0.0,18000.0,313.1499938964844,0.0,18000.0,0.0,0.0,0.0,0.0,0.0,0.0,0.0,0.0,0.0,-0.0,0.0,0.0,-7.778098853284027e-21,-3.889049426642014e-21,-3.889049426642014e-21,0.0,0.0,-0.0,0.0,0.0,0.0,-0.0,0.0,0.0,0.0,0.0,0.0,4.0,0.0,0.0
12108240,297.64013671875,303.1499938964844,285.1499938964844,0.0,-0.0,287.3190612792969,0.0,0.0,9.114231215789914e-05,297.5427551269531,303.1499938964844,285.1499938964844,0.0,-0.0,287.3191833496094,0.0,0.0,9.5977280579973e-05,298.0287475585937,303.1499938964844,285.1499938964844,0.0,-0.0,287.3209228515625,0.0,0.0,7.088852726155892e-05,297.4682922363281,303.1499938964844,285.1499938964844,0.0,-0.0,287.318115234375,0.0,0.0,9.597723692422731e-05,297.8735656738281,303.1499938964844,285.1499938964844,0.0,-0.0,287.319091796875,0.0,0.0,0.0004552746831905,287.2268371582031,294.1499938964844,281.3751220703125,280.7196960449219,284.1082763671875,281.2169494628906,286.8504943847656,0.0,0.0,0.0,0.0,1.0,1.0,-0.0009711451129987,2.4899158290736523e-09,0.0009711426100693,-0.0055748037993907,0.0,0.0,0.0,-0.0060471780598163,60.0,-3.673114538192749,-0.0,-6.43022559643214e-08,0.0,283.1644592285156,287.4449462890625,288.6285095214844,288.9419860839844,293.1499938964844,293.1499938964844,278.1499938964844,0.0,18000.0,313.1499938964844,0.0,18000.0,0.0,0.0,0.0,0.0,0.0,0.0,0.0,0.0,0.0,-0.0,0.0,0.0,-7.778098853284027e-21,-3.889049426642014e-21,-3.889049426642014e-21,0.0,0.0,-0.0,0.0,0.0,0.0,-0.0,0.0,0.0,0.0,0.0,0.0,4.0,0.0,0.0
12108300,297.6376037597656,303.1499938964844,285.1499938964844,0.0,-0.0,287.317138671875,0.0,0.0,9.08925212570466e-05,297.54998779296875,303.1499938964844,285.1499938964844,0.0,-0.0,287.3172607421875,0.0,0.0,9.571424016030504e-05,298.0279541015625,303.1499938964844,285.1499938964844,0.0,-0.0,287.3189697265625,0.0,0.0,7.0694244641345e-05,297.4685363769531,303.1499938964844,285.1499938964844,0.0,-0.0,287.3161926269531,0.0,0.0,9.571419650455935e-05,297.8739318847656,303.1499938964844,285.1499938964844,0.0,-0.0,287.3171691894531,0.0,0.0,0.0004540269437711,287.2248840332031,294.1499938964844,281.3950500488281,280.7318725585937,284.0848083496094,281.2230224609375,286.8492431640625,0.0,0.0,0.0,0.0,1.0,1.0,-0.0009684831602498,2.178684788134433e-09,0.0009684809483587,-0.0047592660412192,0.0,0.0,0.0,-0.0058928858488798,60.0,-3.648766040802002,-0.0,-6.395026019845318e-08,0.0,283.1644592285156,287.4449462890625,288.6285095214844,288.9419860839844,293.1499938964844,293.1499938964844,278.1499938964844,0.0,18000.0,313.1499938964844,0.0,18000.0,0.0,0.0,0.0,0.0,0.0,0.0,0.0,0.0,0.0,-0.0,0.0,0.0,-7.778098853284027e-21,-3.889049426642014e-21,-3.889049426642014e-21,0.0,0.0,-0.0,0.0,0.0,0.0,-0.0,0.0,0.0,0.0,0.0,0.0,4.0,0.0,0.0
12108360,297.63482666015625,303.1499938964844,285.1499938964844,0.0,-0.0,287.31524658203125,0.0,0.0,9.069857333088294e-05,297.5575561523437,303.1499938964844,285.1499938964844,0.0,-0.0,287.3153686523437,0.0,0.0,9.551001130603254e-05,298.0272216796875,303.1499938964844,285.1499938964844,0.0,-0.0,287.3170471191406,0.0,0.0,7.054339948808774e-05,297.4688720703125,303.1499938964844,285.1499938964844,0.0,-0.0,287.3143005371094,0.0,0.0,9.550996765028684e-05,297.87432861328125,303.1499938964844,285.1499938964844,0.0,-0.0,287.3152770996094,0.0,0.0,0.0004530581354629,287.22296142578125,294.1499938964844,281.4150695800781,280.7440490722656,284.06182861328125,281.2284851074219,286.8479919433594,0.0,0.0,0.0,0.0,1.0,1.0,-0.0009664160315878,1.9370303139254474e-09,0.000966414110735,-0.0041260374709963,0.0,0.0,0.0,-0.0057730847038328,60.0,-3.625366449356079,-0.0,-6.367761073988731e-08,0.0,283.1644592285156,287.4449462890625,288.6285095214844,288.9419860839844,293.1499938964844,293.1499938964844,278.1499938964844,0.0,18000.0,313.1499938964844,0.0,18000.0,0.0,0.0,0.0,0.0,0.0,0.0,0.0,0.0,0.0,-0.0,0.0,0.0,-7.778098853284027e-21,-3.889049426642014e-21,-3.889049426642014e-21,0.0,0.0,-0.0,0.0,0.0,0.0,-0.0,0.0,0.0,0.0,0.0,0.0,4.0,0.0,0.0
12108420,297.6298828125,303.1499938964844,285.1499938964844,0.0,-0.0,287.3114624023437,0.0,0.0,9.050586959347128e-05,297.57281494140625,303.1499938964844,285.1499938964844,0.0,-0.0,287.31158447265625,0.0,0.0,9.530707757221536e-05,298.02593994140625,303.1499938964844,285.1499938964844,0.0,-0.0,287.313232421875,0.0,0.0,7.039351476123556e-05,297.46954345703125,303.1499938964844,285.1499938964844,0.0,-0.0,287.3105163574219,0.0,0.0,9.530703391646966e-05,297.8753356933594,303.1499938964844,285.1499938964844,0.0,-0.0,287.3114624023437,0.0,0.0,0.0004520955262705,287.2191467285156,294.1499938964844,281.45526123046875,280.76824951171875,284.0169982910156,281.2384338378906,286.8454895019531,0.0,0.0,0.0,0.0,1.0,1.0,-0.0009643614757806,1.696893958680334e-09,0.0009643597877584,-0.0034967826213687,0.0,0.0,0.0,-0.005654034204781,60.0,-3.5844295024871826,-0.0,-6.340725633435795e-08,0.0,283.1644592285156,287.4449462890625,288.6285095214844,288.9419860839844,293.1499938964844,293.1499938964844,278.1499938964844,0.0,18000.0,313.1499938964844,0.0,18000.0,0.0,0.0,0.0,0.0,0.0,0.0,0.0,0.0,0.0,-0.0,0.0,0.0,-7.778098853284027e-21,-3.889049426642014e-21,-3.889049426642014e-21,0.0,0.0,-0.0,0.0,0.0,0.0,-0.0,0.0,0.0,0.0,0.0,0.0,4.0,0.0,0.0
12108480,297.6298828125,303.1499938964844,285.1499938964844,0.0,-0.0,287.3114624023437,0.0,0.0,9.050586959347128e-05,297.57281494140625,303.1499938964844,285.1499938964844,0.0,-0.0,287.31158447265625,0.0,0.0,9.530707757221536e-05,298.02593994140625,303.1499938964844,285.1499938964844,0.0,-0.0,287.313232421875,0.0,0.0,7.039351476123556e-05,297.46954345703125,303.1499938964844,285.1499938964844,0.0,-0.0,287.3105163574219,0.0,0.0,9.530703391646966e-05,297.8753356933594,303.1499938964844,285.1499938964844,0.0,-0.0,287.3114624023437,0.0,0.0,0.0004520955262705,287.2191467285156,294.1499938964844,281.45526123046875,280.76824951171875,284.0169982910156,281.2384338378906,286.8454895019531,0.0,0.0,0.0,0.0,1.0,1.0,-0.0009643614757806,1.696893958680334e-09,0.0009643597877584,-0.0034967826213687,0.0,0.0,0.0,-0.005654034204781,60.0,-3.5844295024871826,-0.0,-6.340725633435795e-08,0.0,283.1644592285156,287.4449462890625,288.6285095214844,288.9419860839844,293.1499938964844,293.1499938964844,278.1499938964844,0.0,18000.0,313.1499938964844,0.0,18000.0,0.0,0.0,0.0,0.0,0.0,0.0,0.0,0.0,0.0,-0.0,0.0,0.0,-7.778098853284027e-21,-3.889049426642014e-21,-3.889049426642014e-21,0.0,0.0,-0.0,0.0,0.0,0.0,-0.0,0.0,0.0,0.0,0.0,0.0,4.0,0.0,0.0
12108540,297.6265869140625,303.1499938964844,285.1499938964844,0.0,-0.0,287.30767822265625,0.0,0.0,9.04812040971592e-05,297.587158203125,303.1499938964844,285.1499938964844,0.0,-0.0,287.30780029296875,0.0,0.0,9.528110967949031e-05,298.0248413085937,303.1499938964844,285.1499938964844,0.0,-0.0,287.3094482421875,0.0,0.0,7.037432806100696e-05,297.47003173828125,303.1499938964844,285.1499938964844,0.0,-0.0,287.3067626953125,0.0,0.0,9.528106602374464e-05,297.87652587890625,303.1499938964844,285.1499938964844,0.0,-0.0,287.3077087402344,0.0,0.0,0.0004519723297562,287.21533203125,294.1499938964844,281.4955749511719,280.79229736328125,283.9736022949219,281.24871826171875,286.8429870605469,0.0,0.0,0.0,0.0,1.0,1.0,-0.0009640980861149,1.666125348798175e-09,0.0009640963980928,-0.0034161563962697,0.0,0.0,0.0,-0.0056387796066701,60.0,-3.551584959030152,-0.0,-6.33726600085538e-08,0.0,283.1644592285156,287.4449462890625,288.6285095214844,288.9419860839844,293.1499938964844,293.1499938964844,278.1499938964844,0.0,18000.0,313.1499938964844,0.0,18000.0,0.0,0.0,0.0,0.0,0.0,0.0,0.0,0.0,0.0,-0.0,0.0,0.0,-7.778098853284027e-21,-3.889049426642014e-21,-3.889049426642014e-21,0.0,0.0,-0.0,0.0,0.0,0.0,-0.0,0.0,0.0,0.0,0.0,0.0,4.0,0.0,0.0
12108600,297.6265869140625,303.1499938964844,285.1499938964844,0.0,-0.0,287.30767822265625,0.0,0.0,9.04812040971592e-05,297.587158203125,303.1499938964844,285.1499938964844,0.0,-0.0,287.30780029296875,0.0,0.0,9.528110967949031e-05,298.0248413085937,303.1499938964844,285.1499938964844,0.0,-0.0,287.3094482421875,0.0,0.0,7.037432806100696e-05,297.47003173828125,303.1499938964844,285.1499938964844,0.0,-0.0,287.3067626953125,0.0,0.0,9.528106602374464e-05,297.87652587890625,303.1499938964844,285.1499938964844,0.0,-0.0,287.3077087402344,0.0,0.0,0.0004519723297562,287.21533203125,294.1499938964844,281.4955749511719,280.79229736328125,283.9736022949219,281.24871826171875,286.8429870605469,0.0,0.0,0.0,0.0,1.0,1.0,-0.0009640980861149,1.666125348798175e-09,0.0009640963980928,-0.0034161563962697,0.0,0.0,0.0,-0.0056387796066701,60.0,-3.551584959030152,-0.0,-6.33726600085538e-08,0.0,283.1644592285156,287.4449462890625,288.6285095214844,288.9419860839844,293.1499938964844,293.1499938964844,278.1499938964844,0.0,18000.0,313.1499938964844,0.0,18000.0,0.0,0.0,0.0,0.0,0.0,0.0,0.0,0.0,0.0,-0.0,0.0,0.0,-7.778098853284027e-21,-3.889049426642014e-21,-3.889049426642014e-21,0.0,0.0,-0.0,0.0,0.0,0.0,-0.0,0.0,0.0,0.0,0.0,0.0,4.0,0.0,0.0
12108660,297.62567138671875,303.1499938964844,285.1499938964844,0.0,-0.0,287.3039245605469,0.0,0.0,9.045188198797403e-05,297.599609375,303.1499938964844,285.1499938964844,0.0,-0.0,287.3040466308594,0.0,0.0,9.525023051537572e-05,298.02392578125,303.1499938964844,285.1499938964844,0.0,-0.0,287.3056945800781,0.0,0.0,7.035152520984411e-05,297.4703369140625,303.1499938964844,285.1499938964844,0.0,-0.0,287.3030090332031,0.0,0.0,9.525018685963003e-05,297.8778686523437,303.1499938964844,285.1499938964844,0.0,-0.0,287.303955078125,0.0,0.0,0.0004518258792813,287.2115783691406,294.1499938964844,281.5359191894531,280.8162536621094,283.9316711425781,281.2600402832031,286.8404541015625,0.0,0.0,0.0,0.0,1.0,1.0,-0.0009637855109758,1.6295514937425535e-09,0.0009637838811613,-0.0033203170169144,0.0,0.0,0.0,-0.0056206495501101,60.0,-3.522055625915528,-0.0,-6.333154800586271e-08,0.0,283.1644592285156,287.4449462890625,288.6285095214844,288.9419860839844,293.1499938964844,293.1499938964844,278.1499938964844,0.0,18000.0,313.1499938964844,0.0,18000.0,0.0,0.0,0.0,0.0,0.0,0.0,0.0,0.0,0.0,-0.0,0.0,0.0,-7.778098853284027e-21,-3.889049426642014e-21,-3.889049426642014e-21,0.0,0.0,-0.0,0.0,0.0,0.0,-0.0,0.0,0.0,0.0,0.0,0.0,4.0,0.0,0.0
12108720,297.62567138671875,303.1499938964844,285.1499938964844,0.0,-0.0,287.3039245605469,0.0,0.0,9.045188198797403e-05,297.599609375,303.1499938964844,285.1499938964844,0.0,-0.0,287.3040466308594,0.0,0.0,9.525023051537572e-05,298.02392578125,303.1499938964844,285.1499938964844,0.0,-0.0,287.3056945800781,0.0,0.0,7.035152520984411e-05,297.4703369140625,303.1499938964844,285.1499938964844,0.0,-0.0,287.3030090332031,0.0,0.0,9.525018685963003e-05,297.8778686523437,303.1499938964844,285.1499938964844,0.0,-0.0,287.303955078125,0.0,0.0,0.0004518258792813,287.2115783691406,294.1499938964844,281.5359191894531,280.8162536621094,283.9316711425781,281.2600402832031,286.8404541015625,0.0,0.0,0.0,0.0,1.0,1.0,-0.0009637855109758,1.6295514937425535e-09,0.0009637838811613,-0.0033203170169144,0.0,0.0,0.0,-0.0056206495501101,60.0,-3.522055625915528,-0.0,-6.333154800586271e-08,0.0,283.1644592285156,287.4449462890625,288.6285095214844,288.9419860839844,293.1499938964844,293.1499938964844,278.1499938964844,0.0,18000.0,313.1499938964844,0.0,18000.0,0.0,0.0,0.0,0.0,0.0,0.0,0.0,0.0,0.0,-0.0,0.0,0.0,-7.778098853284027e-21,-3.889049426642014e-21,-3.889049426642014e-21,0.0,0.0,-0.0,0.0,0.0,0.0,-0.0,0.0,0.0,0.0,0.0,0.0,4.0,0.0,0.0
12108780,297.627197265625,303.1499938964844,285.1499938964844,0.0,-0.0,287.3002014160156,0.0,0.0,9.034995309775697e-05,297.60772705078125,303.1499938964844,285.1499938964844,0.0,-0.0,287.3003234863281,0.0,0.0,9.51428955886513e-05,298.02313232421875,303.1499938964844,285.1499938964844,0.0,-0.0,287.30194091796875,0.0,0.0,7.027224637567997e-05,297.4706420898437,303.1499938964844,285.1499938964844,0.0,-0.0,287.2992858886719,0.0,0.0,9.51428519329056e-05,297.87921142578125,303.1499938964844,285.1499938964844,0.0,-0.0,287.3002319335937,0.0,0.0,0.0004513167077675,287.20782470703125,294.1499938964844,281.57623291015625,280.8401184082031,283.8912048339844,281.2714538574219,286.8379211425781,0.0,0.0,0.0,0.0,1.0,1.0,-0.0009626992978155,1.502519220153431e-09,0.0009626977844163,-0.0029874378815293,0.0,0.0,0.0,-0.0055576749145984,60.0,-3.491129875183105,-0.0,-6.318884260281267e-08,0.0,283.1644592285156,287.4449462890625,288.6285095214844,288.9419860839844,293.1499938964844,293.1499938964844,278.1499938964844,0.0,18000.0,313.1499938964844,0.0,18000.0,0.0,0.0,0.0,0.0,0.0,0.0,0.0,0.0,0.0,-0.0,0.0,0.0,-7.778098853284027e-21,-3.889049426642014e-21,-3.889049426642014e-21,0.0,0.0,-0.0,0.0,0.0,0.0,-0.0,0.0,0.0,0.0,0.0,0.0,4.0,0.0,0.0
12108840,297.627197265625,303.1499938964844,285.1499938964844,0.0,-0.0,287.3002014160156,0.0,0.0,9.034995309775697e-05,297.60772705078125,303.1499938964844,285.1499938964844,0.0,-0.0,287.3003234863281,0.0,0.0,9.51428955886513e-05,298.02313232421875,303.1499938964844,285.1499938964844,0.0,-0.0,287.30194091796875,0.0,0.0,7.027224637567997e-05,297.4706420898437,303.1499938964844,285.1499938964844,0.0,-0.0,287.2992858886719,0.0,0.0,9.51428519329056e-05,297.87921142578125,303.1499938964844,285.1499938964844,0.0,-0.0,287.3002319335937,0.0,0.0,0.0004513167077675,287.20782470703125,294.1499938964844,281.57623291015625,280.8401184082031,283.8912048339844,281.2714538574219,286.8379211425781,0.0,0.0,0.0,0.0,1.0,1.0,-0.0009626992978155,1.502519220153431e-09,0.0009626977844163,-0.0029874378815293,0.0,0.0,0.0,-0.0055576749145984,60.0,-3.491129875183105,-0.0,-6.318884260281267e-08,0.0,283.1644592285156,287.4449462890625,288.6285095214844,288.9419860839844,293.1499938964844,293.1499938964844,278.1499938964844,0.0,18000.0,313.1499938964844,0.0,18000.0,0.0,0.0,0.0,0.0,0.0,0.0,0.0,0.0,0.0,-0.0,0.0,0.0,-7.778098853284027e-21,-3.889049426642014e-21,-3.889049426642014e-21,0.0,0.0,-0.0,0.0,0.0,0.0,-0.0,0.0,0.0,0.0,0.0,0.0,4.0,0.0,0.0
12108900,297.6287536621094,303.1499938964844,285.1499938964844,0.0,-0.0,287.29833984375,0.0,0.0,9.027236956171691e-05,297.6104736328125,303.1499938964844,285.1499938964844,0.0,-0.0,287.2984619140625,0.0,0.0,9.506118658464402e-05,298.0227966308594,303.1499938964844,285.1499938964844,0.0,-0.0,287.300048828125,0.0,0.0,7.021189958322793e-05,297.4708251953125,303.1499938964844,285.1499938964844,0.0,-0.0,287.2974548339844,0.0,0.0,9.506114292889832e-05,297.8798828125,303.1499938964844,285.1499938964844,0.0,-0.0,287.2983703613281,0.0,0.0,0.0004509291320573,287.2059936523437,294.1499938964844,281.5963439941406,280.8520202636719,283.8714904785156,281.2767639160156,286.8366394042969,0.0,0.0,0.0,0.0,1.0,1.0,-0.0009618726908229,1.4058314512510606e-09,0.000961871293839,-0.0027340736705809,0.0,0.0,0.0,-0.0055097443982958,60.0,-3.474879026412964,-0.0,-6.308033562163473e-08,0.0,283.1644592285156,287.4449462890625,288.6285095214844,288.9419860839844,293.1499938964844,293.1499938964844,278.1499938964844,0.0,18000.0,313.1499938964844,0.0,18000.0,0.0,0.0,0.0,0.0,0.0,0.0,0.0,0.0,0.0,-0.0,0.0,0.0,-7.778098853284027e-21,-3.889049426642014e-21,-3.889049426642014e-21,0.0,0.0,-0.0,0.0,0.0,0.0,-0.0,0.0,0.0,0.0,0.0,0.0,4.0,0.0,0.0
12108960,297.6309509277344,303.1499938964844,285.1499938964844,0.0,-0.0,287.2964782714844,0.0,0.0,9.014846727950498e-05,297.6127014160156,303.1499938964844,285.1499938964844,0.0,-0.0,287.2966003417969,0.0,0.0,9.493071411270648e-05,298.0224609375,303.1499938964844,285.1499938964844,0.0,-0.0,287.2982177734375,0.0,0.0,7.011552952462807e-05,297.4710998535156,303.1499938964844,285.1499938964844,0.0,-0.0,287.29559326171875,0.0,0.0,9.49306704569608e-05,297.8805236816406,303.1499938964844,285.1499938964844,0.0,-0.0,287.2965087890625,0.0,0.0,0.0004503102391026,287.2041320800781,294.1499938964844,281.6163635253906,280.8639221191406,283.8521728515625,281.2811889648437,286.8353881835937,0.0,0.0,0.0,0.0,1.0,1.0,-0.0009605523664504,1.251445946870433e-09,0.0009605510858818,-0.0023295155260711,0.0,0.0,0.0,-0.0054332083091139,60.0,-3.4573793411254883,-0.0,-6.2907275832913e-08,0.0,283.1644592285156,287.4449462890625,288.6285095214844,288.9419860839844,293.1499938964844,293.1499938964844,278.1499938964844,0.0,18000.0,313.1499938964844,0.0,18000.0,0.0,0.0,0.0,0.0,0.0,0.0,0.0,0.0,0.0,-0.0,0.0,0.0,-7.778098853284027e-21,-3.889049426642014e-21,-3.889049426642014e-21,0.0,0.0,-0.0,0.0,0.0,0.0,-0.0,0.0,0.0,0.0,0.0,0.0,4.0,0.0,0.0
12109020,297.63629150390625,303.1499938964844,285.1499938964844,0.0,-0.0,287.29351806640625,0.0,0.0,9.002778097055852e-05,297.6161499023437,303.1499938964844,285.1499938964844,0.0,-0.0,287.29364013671875,0.0,0.0,9.480363223701715e-05,298.0218505859375,303.1499938964844,285.1499938964844,0.0,-0.0,287.29522705078125,0.0,0.0,7.002166239544749e-05,297.4717712402344,303.1499938964844,285.1499938964844,0.0,-0.0,287.2926330566406,0.0,0.0,9.480358858127148e-05,297.8818054199219,303.1499938964844,285.1499938964844,0.0,-0.0,287.2935485839844,0.0,0.0,0.0004497074114624,287.201171875,294.1499938964844,281.65625,280.8877258300781,283.81689453125,281.28759765625,286.8328552246094,0.0,0.0,0.0,0.0,1.0,1.0,-0.0007416365551762,8.830766118350653e-10,0.0007416356820613,-0.0015799860702827,0.0,0.0,0.0,-0.0041660335846245,60.0,-3.1775991916656494,-0.0,-6.2738919837102e-08,0.0,283.1644592285156,287.4449462890625,288.6285095214844,288.9419860839844,293.1499938964844,293.1499938964844,278.1499938964844,0.0,18000.0,313.1499938964844,0.0,18000.0,0.0,0.0,0.0,0.0,0.0,0.0,0.0,0.0,0.0,-0.0,0.0,0.0,-7.778098853284027e-21,-3.889049426642014e-21,-3.889049426642014e-21,0.0,0.0,-0.0,0.0,0.0,0.0,-0.0,0.0,0.0,0.0,0.0,0.0,4.0,0.0,0.0
12109080,297.63629150390625,303.1499938964844,285.1499938964844,0.0,-0.0,287.29351806640625,0.0,0.0,9.002778097055852e-05,297.6161499023437,303.1499938964844,285.1499938964844,0.0,-0.0,287.29364013671875,0.0,0.0,9.480363223701715e-05,298.0218505859375,303.1499938964844,285.1499938964844,0.0,-0.0,287.29522705078125,0.0,0.0,7.002166239544749e-05,297.4717712402344,303.1499938964844,285.1499938964844,0.0,-0.0,287.2926330566406,0.0,0.0,9.480358858127148e-05,297.8818054199219,303.1499938964844,285.1499938964844,0.0,-0.0,287.2935485839844,0.0,0.0,0.0004497074114624,287.201171875,294.1499938964844,281.65625,280.8877258300781,283.81689453125,281.28759765625,286.8328552246094,0.0,0.0,0.0,0.0,1.0,1.0,-0.0007416365551762,8.830766118350653e-10,0.0007416356820613,-0.0015799860702827,0.0,0.0,0.0,-0.0041660335846245,60.0,-3.1775991916656494,-0.0,-6.2738919837102e-08,0.0,283.1644592285156,287.4449462890625,288.6285095214844,288.9419860839844,293.1499938964844,293.1499938964844,278.1499938964844,0.0,18000.0,313.1499938964844,0.0,18000.0,0.0,0.0,0.0,0.0,0.0,0.0,0.0,0.0,0.0,-0.0,0.0,0.0,-7.778098853284027e-21,-3.889049426642014e-21,-3.889049426642014e-21,0.0,0.0,-0.0,0.0,0.0,0.0,-0.0,0.0,0.0,0.0,0.0,0.0,4.0,0.0,0.0
12109140,297.6417541503906,303.1499938964844,285.1499938964844,0.0,-0.0,287.29608154296875,0.0,0.0,3.692915197461844e-05,297.6185913085937,303.1499938964844,285.1499938964844,0.0,-0.0,287.29620361328125,0.0,0.0,3.8888189010322094e-05,298.0213928222656,303.1499938964844,285.1499938964844,0.0,-0.0,287.2979431152344,0.0,0.0,2.8722695788019337e-05,297.4718322753906,303.1499938964844,285.1499938964844,0.0,-0.0,287.2951354980469,0.0,0.0,3.888817445840687e-05,297.88311767578125,303.1499938964844,285.1499938964844,0.0,-0.0,287.2962341308594,0.0,0.0,0.0001844687503762,287.2021484375,294.1499938964844,281.69580078125,280.9114990234375,283.7977294921875,281.2933654785156,286.8303527832031,0.0,0.0,0.0,0.0,1.0,1.0,-0.0004308613715693,5.295882621325632e-10,0.0004308608477003,-0.0009614355512894,0.0,0.0,0.0,-0.0024212130811065,60.0,-2.045179843902588,-0.0,-1.0556559182361981e-08,0.0,283.1644592285156,287.4449462890625,288.6285095214844,288.9419860839844,293.1499938964844,293.1499938964844,278.1499938964844,0.0,18000.0,313.1499938964844,0.0,18000.0,0.0,0.0,0.0,0.0,0.0,0.0,0.0,0.0,0.0,-0.0,0.0,0.0,-7.778098853284027e-21,-3.889049426642014e-21,-3.889049426642014e-21,0.0,0.0,-0.0,0.0,0.0,0.0,-0.0,0.0,0.0,0.0,0.0,0.0,4.0,0.0,0.0
12109200,297.6417541503906,303.1499938964844,285.1499938964844,0.0,-0.0,287.29608154296875,0.0,0.0,3.692915197461844e-05,297.6185913085937,303.1499938964844,285.1499938964844,0.0,-0.0,287.29620361328125,0.0,0.0,3.8888189010322094e-05,298.0213928222656,303.1499938964844,285.1499938964844,0.0,-0.0,287.2979431152344,0.0,0.0,2.8722695788019337e-05,297.4718322753906,303.1499938964844,285.1499938964844,0.0,-0.0,287.2951354980469,0.0,0.0,3.888817445840687e-05,297.88311767578125,303.1499938964844,285.1499938964844,0.0,-0.0,287.2962341308594,0.0,0.0,0.0001844687503762,287.2021484375,294.1499938964844,281.69580078125,280.9114990234375,283.7977294921875,281.2933654785156,286.8303527832031,0.0,0.0,0.0,0.0,1.0,1.0,-0.0004308613715693,5.295882621325632e-10,0.0004308608477003,-0.0009614355512894,0.0,0.0,0.0,-0.0024212130811065,60.0,-2.045179843902588,-0.0,-1.0556559182361981e-08,0.0,283.1644592285156,287.4449462890625,288.6285095214844,288.9419860839844,293.1499938964844,293.1499938964844,278.1499938964844,0.0,18000.0,313.1499938964844,0.0,18000.0,0.0,0.0,0.0,0.0,0.0,0.0,0.0,0.0,0.0,-0.0,0.0,0.0,-7.778098853284027e-21,-3.889049426642014e-21,-3.889049426642014e-21,0.0,0.0,-0.0,0.0,0.0,0.0,-0.0,0.0,0.0,0.0,0.0,0.0,4.0,0.0,0.0
12109260,297.6466369628906,303.1499938964844,285.1499938964844,0.0,-0.0,287.3164978027344,0.0,0.0,2.389006840530783e-05,297.62030029296875,303.1499938964844,285.1499938964844,0.0,-0.0,287.3165588378906,0.0,0.0,2.515740197850392e-05,298.0209350585937,303.1499938964844,285.1499938964844,0.0,-0.0,287.319091796875,0.0,0.0,1.858117866504472e-05,297.4715576171875,303.1499938964844,285.1499938964844,0.0,-0.0,287.3152160644531,0.0,0.0,2.515739106456749e-05,297.8842468261719,303.1499938964844,285.1499938964844,0.0,-0.0,287.3171081542969,0.0,0.0,0.0001193358330056,287.2326965332031,294.1499938964844,281.7348937988281,280.935302734375,283.80029296875,281.31646728515625,286.82794189453125,0.0,0.0,0.0,0.0,1.0,1.0,-0.0002568205527495,3.206535037492131e-10,0.0002568202326074,-0.0005861834506504,0.0,0.0,0.0,-0.0014462515246123,60.0,-1.0550397634506226,-0.0,-4.41792513683481e-09,0.0,283.1644592285156,287.4449462890625,288.6285095214844,288.9419860839844,293.1499938964844,293.1499938964844,278.1499938964844,0.0,18000.0,313.1499938964844,0.0,18000.0,0.0,0.0,0.0,0.0,0.0,0.0,0.0,0.0,0.0,-0.0,0.0,0.0,-7.778098853284027e-21,-3.889049426642014e-21,-3.889049426642014e-21,0.0,0.0,-0.0,0.0,0.0,0.0,-0.0,0.0,0.0,0.0,0.0,0.0,4.0,0.0,0.0
12109320,297.6466369628906,303.1499938964844,285.1499938964844,0.0,-0.0,287.3164978027344,0.0,0.0,2.389006840530783e-05,297.62030029296875,303.1499938964844,285.1499938964844,0.0,-0.0,287.3165588378906,0.0,0.0,2.515740197850392e-05,298.0209350585937,303.1499938964844,285.1499938964844,0.0,-0.0,287.319091796875,0.0,0.0,1.858117866504472e-05,297.4715576171875,303.1499938964844,285.1499938964844,0.0,-0.0,287.3152160644531,0.0,0.0,2.515739106456749e-05,297.8842468261719,303.1499938964844,285.1499938964844,0.0,-0.0,287.3171081542969,0.0,0.0,0.0001193358330056,287.2326965332031,294.1499938964844,281.7348937988281,280.935302734375,283.80029296875,281.31646728515625,286.82794189453125,0.0,0.0,0.0,0.0,1.0,1.0,-0.0002568205527495,3.206535037492131e-10,0.0002568202326074,-0.0005861834506504,0.0,0.0,0.0,-0.0014462515246123,60.0,-1.0550397634506226,-0.0,-4.41792513683481e-09,0.0,283.1644592285156,287.4449462890625,288.6285095214844,288.9419860839844,293.1499938964844,293.1499938964844,278.1499938964844,0.0,18000.0,313.1499938964844,0.0,18000.0,0.0,0.0,0.0,0.0,0.0,0.0,0.0,0.0,0.0,-0.0,0.0,0.0,-7.778098853284027e-21,-3.889049426642014e-21,-3.889049426642014e-21,0.0,0.0,-0.0,0.0,0.0,0.0,-0.0,0.0,0.0,0.0,0.0,0.0,4.0,0.0,0.0
12109380,297.65069580078125,303.1499938964844,285.1499938964844,0.0,-0.0,287.3193359375,0.0,0.0,1.633621650398709e-05,297.6215515136719,303.1499938964844,285.1499938964844,0.0,-0.0,287.3193664550781,0.0,0.0,1.7202830349560827e-05,298.0205383300781,303.1499938964844,285.1499938964844,0.0,-0.0,287.3220520019531,0.0,0.0,1.2705956578429324e-05,297.47174072265625,303.1499938964844,285.1499938964844,0.0,-0.0,287.3179931640625,0.0,0.0,1.7202823073603213e-05,297.88531494140625,303.1499938964844,285.1499938964844,0.0,-0.0,287.3200378417969,0.0,0.0,8.160278230207041e-05,287.2361145019531,294.1499938964844,281.7734069824219,280.9591979980469,283.798583984375,281.3262939453125,286.8254699707031,0.0,0.0,0.0,0.0,1.0,1.0,-0.0001726225455058,2.1626726798285034e-10,0.0001726223272271,-0.0003959480090998,0.0,0.0,0.0,-0.0009725543786771,60.0,-0.7457923293113708,-0.0,-2.065791759875424e-09,0.0,283.1644592285156,287.4449462890625,288.6285095214844,288.9419860839844,293.1499938964844,293.1499938964844,278.1499938964844,0.0,18000.0,313.1499938964844,0.0,18000.0,0.0,0.0,0.0,0.0,0.0,0.0,0.0,0.0,0.0,-0.0,0.0,0.0,-7.778098853284027e-21,-3.889049426642014e-21,-3.889049426642014e-21,0.0,0.0,-0.0,0.0,0.0,0.0,-0.0,0.0,0.0,0.0,0.0,0.0,4.0,0.0,0.0
12109440,297.65069580078125,303.1499938964844,285.1499938964844,0.0,-0.0,287.3193359375,0.0,0.0,1.633621650398709e-05,297.6215515136719,303.1499938964844,285.1499938964844,0.0,-0.0,287.3193664550781,0.0,0.0,1.7202830349560827e-05,298.0205383300781,303.1499938964844,285.1499938964844,0.0,-0.0,287.3220520019531,0.0,0.0,1.2705956578429324e-05,297.47174072265625,303.1499938964844,285.1499938964844,0.0,-0.0,287.3179931640625,0.0,0.0,1.7202823073603213e-05,297.88531494140625,303.1499938964844,285.1499938964844,0.0,-0.0,287.3200378417969,0.0,0.0,8.160278230207041e-05,287.2361145019531,294.1499938964844,281.7734069824219,280.9591979980469,283.798583984375,281.3262939453125,286.8254699707031,0.0,0.0,0.0,0.0,1.0,1.0,-0.0001726225455058,2.1626726798285034e-10,0.0001726223272271,-0.0003959480090998,0.0,0.0,0.0,-0.0009725543786771,60.0,-0.7457923293113708,-0.0,-2.065791759875424e-09,0.0,283.1644592285156,287.4449462890625,288.6285095214844,288.9419860839844,293.1499938964844,293.1499938964844,278.1499938964844,0.0,18000.0,313.1499938964844,0.0,18000.0,0.0,0.0,0.0,0.0,0.0,0.0,0.0,0.0,0.0,-0.0,0.0,0.0,-7.778098853284027e-21,-3.889049426642014e-21,-3.889049426642014e-21,0.0,0.0,-0.0,0.0,0.0,0.0,-0.0,0.0,0.0,0.0,0.0,0.0,4.0,0.0,0.0
12109500,297.6523132324219,303.1499938964844,285.1499938964844,0.0,-0.0,287.3201904296875,0.0,0.0,1.38172354127164e-05,297.6220397949219,303.1499938964844,285.1499938964844,0.0,-0.0,287.3202209472656,0.0,0.0,1.4550220839737449e-05,298.02032470703125,303.1499938964844,285.1499938964844,0.0,-0.0,287.32293701171875,0.0,0.0,1.0746747648227029e-05,297.4720153808594,303.1499938964844,285.1499938964844,0.0,-0.0,287.31884765625,0.0,0.0,1.4550213563779836e-05,297.8857727050781,303.1499938964844,285.1499938964844,0.0,-0.0,287.3208923339844,0.0,0.0,6.90199522068724e-05,287.2373046875,294.1499938964844,281.7924499511719,280.97119140625,283.79840087890625,281.3302307128906,286.8242492675781,0.0,0.0,0.0,0.0,1.0,1.0,-0.0001472268777433,1.8414371416586303e-10,0.0001472267031203,-0.0003368902544025,0.0,0.0,0.0,-0.0008292869897559,60.0,-0.6273988485336304,-0.0,-1.4778346324462175e-09,0.0,283.1644592285156,287.4449462890625,288.6285095214844,288.9419860839844,293.1499938964844,293.1499938964844,278.1499938964844,0.0,18000.0,313.1499938964844,0.0,18000.0,0.0,0.0,0.0,0.0,0.0,0.0,0.0,0.0,0.0,-0.0,0.0,0.0,-7.778098853284027e-21,-3.889049426642014e-21,-3.889049426642014e-21,0.0,0.0,-0.0,0.0,0.0,0.0,-0.0,0.0,0.0,0.0,0.0,0.0,4.0,0.0,0.0
12109560,297.6537170410156,303.1499938964844,285.1499938964844,0.0,-0.0,287.32086181640625,0.0,0.0,1.1696338333422318e-05,297.6224670410156,303.1499938964844,285.1499938964844,0.0,-0.0,287.3208923339844,0.0,0.0,1.2316812899371143e-05,298.0201110839844,303.1499938964844,285.1499938964844,0.0,-0.0,287.3236389160156,0.0,0.0,9.097158908843994e-06,297.472412109375,303.1499938964844,285.1499938964844,0.0,-0.0,287.3194885253906,0.0,0.0,1.2316807442402933e-05,297.8861999511719,303.1499938964844,285.1499938964844,0.0,-0.0,287.32159423828125,0.0,0.0,5.842563041369431e-05,287.23828125,294.1499938964844,281.811279296875,280.9831848144531,283.7983093261719,281.3333740234375,286.82305908203125,0.0,0.0,0.0,0.0,1.0,1.0,-0.0001246281171916,1.5587831025953847e-10,0.0001246279571205,-0.0002851788303814,0.0,0.0,0.0,-0.0007019945187494,60.0,-0.5292230248451233,-0.0,-1.0589692456264288e-09,0.0,283.1644592285156,287.4449462890625,288.6285095214844,288.9419860839844,293.1499938964844,293.1499938964844,278.1499938964844,0.0,18000.0,313.1499938964844,0.0,18000.0,0.0,0.0,0.0,0.0,0.0,0.0,0.0,0.0,0.0,-0.0,0.0,0.0,-7.778098853284027e-21,-3.889049426642014e-21,-3.889049426642014e-21,0.0,0.0,-0.0,0.0,0.0,0.0,-0.0,0.0,0.0,0.0,0.0,0.0,4.0,0.0,0.0
12109620,297.6558532714844,303.1499938964844,285.1499938964844,0.0,-0.0,287.3216857910156,0.0,0.0,7.700867172388826e-06,297.6231384277344,303.1499938964844,285.1499938964844,0.0,-0.0,287.3217163085937,0.0,0.0,8.109386726573575e-06,298.0196228027344,303.1499938964844,285.1499938964844,0.0,-0.0,287.3244934082031,0.0,0.0,5.989567853248445e-06,297.4734191894531,303.1499938964844,285.1499938964844,0.0,-0.0,287.3203125,0.0,0.0,8.109383088594768e-06,297.8869934082031,303.1499938964844,285.1499938964844,0.0,-0.0,287.32244873046875,0.0,0.0,3.8467424019472674e-05,287.239501953125,294.1499938964844,281.8484191894531,281.00732421875,283.7982788085937,281.3375244140625,286.8207397460937,0.0,0.0,0.0,0.0,1.0,1.0,-8.205553604057059e-05,1.026306609142047e-10,8.205543417716399e-05,-0.0001877623581094,0.0,0.0,0.0,-0.0004621952539309,60.0,-0.3645061552524566,-0.0,-4.5905290679826284e-10,0.0,283.1644592285156,287.4449462890625,288.6285095214844,288.9419860839844,293.1499938964844,293.1499938964844,278.1499938964844,0.0,18000.0,313.1499938964844,0.0,18000.0,0.0,0.0,0.0,0.0,0.0,0.0,0.0,0.0,0.0,-0.0,0.0,0.0,-7.778098853284027e-21,-3.889049426642014e-21,-3.889049426642014e-21,0.0,0.0,-0.0,0.0,0.0,0.0,-0.0,0.0,0.0,0.0,0.0,0.0,4.0,0.0,0.0
12109680,297.6558532714844,303.1499938964844,285.1499938964844,0.0,-0.0,287.3216857910156,0.0,0.0,7.700867172388826e-06,297.6231384277344,303.1499938964844,285.1499938964844,0.0,-0.0,287.3217163085937,0.0,0.0,8.109386726573575e-06,298.0196228027344,303.1499938964844,285.1499938964844,0.0,-0.0,287.3244934082031,0.0,0.0,5.989567853248445e-06,297.4734191894531,303.1499938964844,285.1499938964844,0.0,-0.0,287.3203125,0.0,0.0,8.109383088594768e-06,297.8869934082031,303.1499938964844,285.1499938964844,0.0,-0.0,287.32244873046875,0.0,0.0,3.8467424019472674e-05,287.239501953125,294.1499938964844,281.8484191894531,281.00732421875,283.7982788085937,281.3375244140625,286.8207397460937,0.0,0.0,0.0,0.0,1.0,1.0,-8.205553604057059e-05,1.026306609142047e-10,8.205543417716399e-05,-0.0001877623581094,0.0,0.0,0.0,-0.0004621952539309,60.0,-0.3645061552524566,-0.0,-4.5905290679826284e-10,0.0,283.1644592285156,287.4449462890625,288.6285095214844,288.9419860839844,293.1499938964844,293.1499938964844,278.1499938964844,0.0,18000.0,313.1499938964844,0.0,18000.0,0.0,0.0,0.0,0.0,0.0,0.0,0.0,0.0,0.0,-0.0,0.0,0.0,-7.778098853284027e-21,-3.889049426642014e-21,-3.889049426642014e-21,0.0,0.0,-0.0,0.0,0.0,0.0,-0.0,0.0,0.0,0.0,0.0,0.0,4.0,0.0,0.0
12109740,297.65728759765625,303.1499938964844,285.1499938964844,0.0,-0.0,287.3219909667969,0.0,0.0,4.197333055344643e-06,297.6236877441406,303.1499938964844,285.1499938964844,0.0,-0.0,287.322021484375,0.0,0.0,4.419996002980042e-06,298.0191345214844,303.1499938964844,285.1499938964844,0.0,-0.0,287.3247985839844,0.0,0.0,3.2645950795995304e-06,297.4745483398437,303.1499938964844,285.1499938964844,0.0,-0.0,287.32061767578125,0.0,0.0,4.419993729243288e-06,297.8876342773437,303.1499938964844,285.1499938964844,0.0,-0.0,287.32275390625,0.0,0.0,2.0966546799172647e-05,287.239990234375,294.1499938964844,281.8847045898437,281.0316162109375,283.7982788085937,281.3392944335937,286.8184814453125,0.0,0.0,0.0,0.0,1.0,1.0,-4.4724289182340726e-05,5.5938698118040975e-11,4.472423461265862e-05,-0.0001023395670927,0.0,0.0,0.0,-0.0002519190311431,60.0,-0.2238373607397079,-0.0,-1.3637363460716756e-10,0.0,283.1644592285156,287.4449462890625,288.6285095214844,288.9419860839844,293.1499938964844,293.1499938964844,278.1499938964844,0.0,18000.0,313.1499938964844,0.0,18000.0,0.0,0.0,0.0,0.0,0.0,0.0,0.0,0.0,0.0,-0.0,0.0,0.0,-7.778098853284027e-21,-3.889049426642014e-21,-3.889049426642014e-21,0.0,0.0,-0.0,0.0,0.0,0.0,-0.0,0.0,0.0,0.0,0.0,0.0,4.0,0.0,0.0
12109800,297.65728759765625,303.1499938964844,285.1499938964844,0.0,-0.0,287.3219909667969,0.0,0.0,4.197333055344643e-06,297.6236877441406,303.1499938964844,285.1499938964844,0.0,-0.0,287.322021484375,0.0,0.0,4.419996002980042e-06,298.0191345214844,303.1499938964844,285.1499938964844,0.0,-0.0,287.3247985839844,0.0,0.0,3.2645950795995304e-06,297.4745483398437,303.1499938964844,285.1499938964844,0.0,-0.0,287.32061767578125,0.0,0.0,4.419993729243288e-06,297.8876342773437,303.1499938964844,285.1499938964844,0.0,-0.0,287.32275390625,0.0,0.0,2.0966546799172647e-05,287.239990234375,294.1499938964844,281.8847045898437,281.0316162109375,283.7982788085937,281.3392944335937,286.8184814453125,0.0,0.0,0.0,0.0,1.0,1.0,-4.4724289182340726e-05,5.5938698118040975e-11,4.472423461265862e-05,-0.0001023395670927,0.0,0.0,0.0,-0.0002519190311431,60.0,-0.2238373607397079,-0.0,-1.3637363460716756e-10,0.0,283.1644592285156,287.4449462890625,288.6285095214844,288.9419860839844,293.1499938964844,293.1499938964844,278.1499938964844,0.0,18000.0,313.1499938964844,0.0,18000.0,0.0,0.0,0.0,0.0,0.0,0.0,0.0,0.0,0.0,-0.0,0.0,0.0,-7.778098853284027e-21,-3.889049426642014e-21,-3.889049426642014e-21,0.0,0.0,-0.0,0.0,0.0,0.0,-0.0,0.0,0.0,0.0,0.0,0.0,4.0,0.0,0.0
12109860,297.6581726074219,303.1499938964844,285.1499938964844,0.0,-0.0,287.322021484375,0.0,0.0,1.851404363151232e-06,297.6241149902344,303.1499938964844,285.1499938964844,0.0,-0.0,287.3220520019531,0.0,0.0,1.949618763319449e-06,298.01861572265625,303.1499938964844,285.1499938964844,0.0,-0.0,287.3248291015625,0.0,0.0,1.439982270312612e-06,297.47564697265625,303.1499938964844,285.1499938964844,0.0,-0.0,287.32061767578125,0.0,0.0,1.949617853824748e-06,297.88818359375,303.1499938964844,285.1499938964844,0.0,-0.0,287.32275390625,0.0,0.0,9.248147762264123e-06,287.2400207519531,294.1499938964844,281.9200439453125,281.0561218261719,283.7982788085937,281.3397216796875,286.8163146972656,0.0,0.0,0.0,0.0,1.0,1.0,-1.972761492652353e-05,2.4674188039974787e-11,1.972758946067188e-05,-4.514126703725197e-05,0.0,0.0,0.0,-0.0001111199526349,60.0,-0.1152105405926704,-0.0,-2.6532982408400407e-11,0.0,283.1644592285156,287.4449462890625,288.6285095214844,288.9419860839844,293.1499938964844,293.1499938964844,278.1499938964844,0.0,18000.0,313.1499938964844,0.0,18000.0,0.0,0.0,0.0,0.0,0.0,0.0,0.0,0.0,0.0,-0.0,0.0,0.0,-7.778098853284027e-21,-3.889049426642014e-21,-3.889049426642014e-21,0.0,0.0,-0.0,0.0,0.0,0.0,-0.0,0.0,0.0,0.0,0.0,0.0,4.0,0.0,0.0
12109920,297.6581726074219,303.1499938964844,285.1499938964844,0.0,-0.0,287.322021484375,0.0,0.0,1.851404363151232e-06,297.6241149902344,303.1499938964844,285.1499938964844,0.0,-0.0,287.3220520019531,0.0,0.0,1.949618763319449e-06,298.01861572265625,303.1499938964844,285.1499938964844,0.0,-0.0,287.3248291015625,0.0,0.0,1.439982270312612e-06,297.47564697265625,303.1499938964844,285.1499938964844,0.0,-0.0,287.32061767578125,0.0,0.0,1.949617853824748e-06,297.88818359375,303.1499938964844,285.1499938964844,0.0,-0.0,287.32275390625,0.0,0.0,9.248147762264123e-06,287.2400207519531,294.1499938964844,281.9200439453125,281.0561218261719,283.7982788085937,281.3397216796875,286.8163146972656,0.0,0.0,0.0,0.0,1.0,1.0,-1.972761492652353e-05,2.4674188039974787e-11,1.972758946067188e-05,-4.514126703725197e-05,0.0,0.0,0.0,-0.0001111199526349,60.0,-0.1152105405926704,-0.0,-2.6532982408400407e-11,0.0,283.1644592285156,287.4449462890625,288.6285095214844,288.9419860839844,293.1499938964844,293.1499938964844,278.1499938964844,0.0,18000.0,313.1499938964844,0.0,18000.0,0.0,0.0,0.0,0.0,0.0,0.0,0.0,0.0,0.0,-0.0,0.0,0.0,-7.778098853284027e-21,-3.889049426642014e-21,-3.889049426642014e-21,0.0,0.0,-0.0,0.0,0.0,0.0,-0.0,0.0,0.0,0.0,0.0,0.0,4.0,0.0,0.0
12109980,297.65875244140625,303.1499938964844,285.1499938964844,0.0,-0.0,287.32196044921875,0.0,0.0,6.260222562559647e-07,297.6244506835937,303.1499938964844,285.1499938964844,0.0,-0.0,287.3219909667969,0.0,0.0,6.592318868570146e-07,298.0180053710937,303.1499938964844,285.1499938964844,0.0,-0.0,287.32476806640625,0.0,0.0,4.86906628793804e-07,297.4765930175781,303.1499938964844,285.1499938964844,0.0,-0.0,287.3205871582031,0.0,0.0,6.592316026399203e-07,297.8886413574219,303.1499938964844,285.1499938964844,0.0,-0.0,287.3227233886719,0.0,0.0,3.127110858258675e-06,287.2399597167969,294.1499938964844,281.954345703125,281.08087158203125,283.7982482910156,281.3397827148437,286.8142395019531,0.0,0.0,0.0,0.0,1.0,1.0,-6.670630682492629e-06,8.343204599414733e-12,6.670622497040313e-06,-1.5263880413840525e-05,0.0,0.0,0.0,-3.757371450774372e-05,60.0,-0.047842513769865,-0.0,-3.033633240445699e-12,0.0,283.1644592285156,287.4449462890625,288.6285095214844,288.9419860839844,293.1499938964844,293.1499938964844,278.1499938964844,0.0,18000.0,313.1499938964844,0.0,18000.0,0.0,0.0,0.0,0.0,0.0,0.0,0.0,0.0,0.0,-0.0,0.0,0.0,-7.778098853284027e-21,-3.889049426642014e-21,-3.889049426642014e-21,0.0,0.0,-0.0,0.0,0.0,0.0,-0.0,0.0,0.0,0.0,0.0,0.0,4.0,0.0,0.0
12110040,297.65875244140625,303.1499938964844,285.1499938964844,0.0,-0.0,287.32196044921875,0.0,0.0,6.260222562559647e-07,297.6244506835937,303.1499938964844,285.1499938964844,0.0,-0.0,287.3219909667969,0.0,0.0,6.592318868570146e-07,298.0180053710937,303.1499938964844,285.1499938964844,0.0,-0.0,287.32476806640625,0.0,0.0,4.86906628793804e-07,297.4765930175781,303.1499938964844,285.1499938964844,0.0,-0.0,287.3205871582031,0.0,0.0,6.592316026399203e-07,297.8886413574219,303.1499938964844,285.1499938964844,0.0,-0.0,287.3227233886719,0.0,0.0,3.127110858258675e-06,287.2399597167969,294.1499938964844,281.954345703125,281.08087158203125,283.7982482910156,281.3397827148437,286.8142395019531,0.0,0.0,0.0,0.0,1.0,1.0,-6.670630682492629e-06,8.343204599414733e-12,6.670622497040313e-06,-1.5263880413840525e-05,0.0,0.0,0.0,-3.757371450774372e-05,60.0,-0.047842513769865,-0.0,-3.033633240445699e-12,0.0,283.1644592285156,287.4449462890625,288.6285095214844,288.9419860839844,293.1499938964844,293.1499938964844,278.1499938964844,0.0,18000.0,313.1499938964844,0.0,18000.0,0.0,0.0,0.0,0.0,0.0,0.0,0.0,0.0,0.0,-0.0,0.0,0.0,-7.778098853284027e-21,-3.889049426642014e-21,-3.889049426642014e-21,0.0,0.0,-0.0,0.0,0.0,0.0,-0.0,0.0,0.0,0.0,0.0,0.0,4.0,0.0,0.0
12110100,297.658935546875,303.1499938964844,285.1499938964844,0.0,-0.0,287.32196044921875,0.0,0.0,3.205917948889692e-07,297.62457275390625,303.1499938964844,285.1499938964844,0.0,-0.0,287.322021484375,0.0,0.0,3.3759872053451545e-07,298.0177001953125,303.1499938964844,285.1499938964844,0.0,-0.0,287.32476806640625,0.0,0.0,2.493493695965299e-07,297.4769897460937,303.1499938964844,285.1499938964844,0.0,-0.0,287.3205871582031,0.0,0.0,3.375985784259683e-07,297.8888244628906,303.1499938964844,285.1499938964844,0.0,-0.0,287.3227233886719,0.0,0.0,1.6014222410376533e-06,287.2399597167969,294.1499938964844,281.9710693359375,281.0933532714844,283.7982482910156,281.3397827148437,286.813232421875,0.0,0.0,0.0,0.0,1.0,1.0,-3.416168055991875e-06,4.272728438420304e-12,3.4161637358920416e-06,-7.816900506441016e-06,0.0,0.0,0.0,-1.9242273992858827e-05,60.0,-0.0296411160379648,-0.0,-7.955880962709494e-13,0.0,283.1644592285156,287.4449462890625,288.6285095214844,288.9419860839844,293.1499938964844,293.1499938964844,278.1499938964844,0.0,18000.0,313.1499938964844,0.0,18000.0,0.0,0.0,0.0,0.0,0.0,0.0,0.0,0.0,0.0,-0.0,0.0,0.0,-7.778098853284027e-21,-3.889049426642014e-21,-3.889049426642014e-21,0.0,0.0,-0.0,0.0,0.0,0.0,-0.0,0.0,0.0,0.0,0.0,0.0,4.0,0.0,0.0
12110160,297.6590881347656,303.1499938964844,285.1499938964844,0.0,-0.0,287.32196044921875,0.0,0.0,1.3834872447660018e-07,297.6246643066406,303.1499938964844,285.1499938964844,0.0,-0.0,287.3219909667969,0.0,0.0,1.4568793460512097e-07,298.0173645019531,303.1499938964844,285.1499938964844,0.0,-0.0,287.32476806640625,0.0,0.0,1.076046558523558e-07,297.47735595703125,303.1499938964844,285.1499938964844,0.0,-0.0,287.3205871582031,0.0,0.0,1.456878777617021e-07,297.88897705078125,303.1499938964844,285.1499938964844,0.0,-0.0,287.3227233886719,0.0,0.0,6.910805154802802e-07,287.2399597167969,294.1499938964844,281.9875183105469,281.1059265136719,283.7982482910156,281.3397521972656,286.812255859375,0.0,0.0,0.0,0.0,1.0,1.0,-1.4742330449735164e-06,1.843844738350087e-12,1.4742312259841128e-06,-3.3733397231117124e-06,0.0,0.0,0.0,-8.30390490591526e-06,60.0,-0.0168168023228645,-0.0,-1.4816098380717596e-13,0.0,283.1644592285156,287.4449462890625,288.6285095214844,288.9419860839844,293.1499938964844,293.1499938964844,278.1499938964844,0.0,18000.0,313.1499938964844,0.0,18000.0,0.0,0.0,0.0,0.0,0.0,0.0,0.0,0.0,0.0,-0.0,0.0,0.0,-7.778098853284027e-21,-3.889049426642014e-21,-3.889049426642014e-21,0.0,0.0,-0.0,0.0,0.0,0.0,-0.0,0.0,0.0,0.0,0.0,0.0,4.0,0.0,0.0
12110220,297.6593017578125,303.1499938964844,285.1499938964844,0.0,-0.0,287.32196044921875,0.0,0.0,9.108545917513313e-09,297.624755859375,303.1499938964844,285.1499938964844,0.0,-0.0,287.3219909667969,0.0,0.0,9.59174073500435e-09,298.0166320800781,303.1499938964844,285.1499938964844,0.0,-0.0,287.32476806640625,0.0,0.0,7.084429931580871e-09,297.4779052734375,303.1499938964844,285.1499938964844,0.0,-0.0,287.3205871582031,0.0,0.0,9.591736294112252e-09,297.88922119140625,303.1499938964844,285.1499938964844,0.0,-0.0,287.3227233886719,0.0,0.0,4.549906762463252e-08,287.2399597167969,294.1499938964844,282.0194091796875,281.1312866210937,283.7982482910156,281.3397521972656,286.8103942871094,0.0,0.0,0.0,0.0,1.0,1.0,-9.705861714337517e-08,1.2139990618678653e-13,9.705849635111009e-08,-2.2209052019661613e-07,0.0,0.0,0.0,-5.467009032145143e-07,60.0,-0.0040900325402617,-0.0,-6.422166748390663e-16,0.0,283.1644592285156,287.4449462890625,288.6285095214844,288.9419860839844,293.1499938964844,293.1499938964844,278.1499938964844,0.0,18000.0,313.1499938964844,0.0,18000.0,0.0,0.0,0.0,0.0,0.0,0.0,0.0,0.0,0.0,-0.0,0.0,0.0,-7.778098853284027e-21,-3.889049426642014e-21,-3.889049426642014e-21,0.0,0.0,-0.0,0.0,0.0,0.0,-0.0,0.0,0.0,0.0,0.0,0.0,4.0,0.0,0.0
12110280,297.6593017578125,303.1499938964844,285.1499938964844,0.0,-0.0,287.32196044921875,0.0,0.0,9.108545917513313e-09,297.624755859375,303.1499938964844,285.1499938964844,0.0,-0.0,287.3219909667969,0.0,0.0,9.59174073500435e-09,298.0166320800781,303.1499938964844,285.1499938964844,0.0,-0.0,287.32476806640625,0.0,0.0,7.084429931580871e-09,297.4779052734375,303.1499938964844,285.1499938964844,0.0,-0.0,287.3205871582031,0.0,0.0,9.591736294112252e-09,297.88922119140625,303.1499938964844,285.1499938964844,0.0,-0.0,287.3227233886719,0.0,0.0,4.549906762463252e-08,287.2399597167969,294.1499938964844,282.0194091796875,281.1312866210937,283.7982482910156,281.3397521972656,286.8103942871094,0.0,0.0,0.0,0.0,1.0,1.0,-9.705861714337517e-08,1.2139990618678653e-13,9.705849635111009e-08,-2.2209052019661613e-07,0.0,0.0,0.0,-5.467009032145143e-07,60.0,-0.0040900325402617,-0.0,-6.422166748390663e-16,0.0,283.1644592285156,287.4449462890625,288.6285095214844,288.9419860839844,293.1499938964844,293.1499938964844,278.1499938964844,0.0,18000.0,313.1499938964844,0.0,18000.0,0.0,0.0,0.0,0.0,0.0,0.0,0.0,0.0,0.0,-0.0,0.0,0.0,-7.778098853284027e-21,-3.889049426642014e-21,-3.889049426642014e-21,0.0,0.0,-0.0,0.0,0.0,0.0,-0.0,0.0,0.0,0.0,0.0,0.0,4.0,0.0,0.0
12110340,297.6593933105469,303.1499938964844,285.1499938964844,0.0,-0.0,287.32196044921875,0.0,0.0,-1.7254095929786215e-09,297.6247253417969,303.1499938964844,285.1499938964844,0.0,-0.0,287.3219909667969,0.0,0.0,-1.8169400428647007e-09,298.0157775878906,303.1499938964844,285.1499938964844,0.0,-0.0,287.32476806640625,0.0,0.0,-1.3419862998631515e-09,297.478271484375,303.1499938964844,285.1499938964844,0.0,-0.0,287.3205871582031,0.0,0.0,-1.8169392657085839e-09,297.8893737792969,303.1499938964844,285.1499938964844,0.0,-0.0,287.3227233886719,0.0,0.0,-8.618777691538071e-09,287.2399597167969,294.1499938964844,282.04998779296875,281.1570129394531,283.7982482910156,281.3397521972656,286.8086242675781,0.0,0.0,0.0,0.0,1.0,1.0,1.8375697408146152e-08,-2.2980457868668897e-14,-1.837567431550724e-08,4.2053805771047343e-08,0.0,0.0,0.0,1.0350777301937344e-07,60.0,-0.0007703476003371,-0.0,-2.304453221859443e-17,0.0,283.1644592285156,287.4449462890625,288.6285095214844,288.9419860839844,293.1499938964844,293.1499938964844,278.1499938964844,0.0,18000.0,313.1499938964844,0.0,18000.0,0.0,0.0,0.0,0.0,0.0,0.0,0.0,0.0,0.0,-0.0,0.0,0.0,-7.778098853284027e-21,-3.889049426642014e-21,-3.889049426642014e-21,0.0,0.0,-0.0,0.0,0.0,0.0,-0.0,0.0,0.0,0.0,0.0,0.0,4.0,0.0,0.0
12110400,297.6593933105469,303.1499938964844,285.1499938964844,0.0,-0.0,287.32196044921875,0.0,0.0,-1.7254095929786215e-09,297.6247253417969,303.1499938964844,285.1499938964844,0.0,-0.0,287.3219909667969,0.0,0.0,-1.8169400428647007e-09,298.0157775878906,303.1499938964844,285.1499938964844,0.0,-0.0,287.32476806640625,0.0,0.0,-1.3419862998631515e-09,297.478271484375,303.1499938964844,285.1499938964844,0.0,-0.0,287.3205871582031,0.0,0.0,-1.8169392657085839e-09,297.8893737792969,303.1499938964844,285.1499938964844,0.0,-0.0,287.3227233886719,0.0,0.0,-8.618777691538071e-09,287.2399597167969,294.1499938964844,282.04998779296875,281.1570129394531,283.7982482910156,281.3397521972656,286.8086242675781,0.0,0.0,0.0,0.0,1.0,1.0,1.8375697408146152e-08,-2.2980457868668897e-14,-1.837567431550724e-08,4.2053805771047343e-08,0.0,0.0,0.0,1.0350777301937344e-07,60.0,-0.0007703476003371,-0.0,-2.304453221859443e-17,0.0,283.1644592285156,287.4449462890625,288.6285095214844,288.9419860839844,293.1499938964844,293.1499938964844,278.1499938964844,0.0,18000.0,313.1499938964844,0.0,18000.0,0.0,0.0,0.0,0.0,0.0,0.0,0.0,0.0,0.0,-0.0,0.0,0.0,-7.778098853284027e-21,-3.889049426642014e-21,-3.889049426642014e-21,0.0,0.0,-0.0,0.0,0.0,0.0,-0.0,0.0,0.0,0.0,0.0,0.0,4.0,0.0,0.0
12110460,297.65936279296875,303.1499938964844,285.1499938964844,0.0,-0.0,287.32196044921875,0.0,0.0,7.871797436109773e-09,297.6246032714844,303.1499938964844,285.1499938964844,0.0,-0.0,287.3219909667969,0.0,0.0,8.289385178272823e-09,298.01483154296875,303.1499938964844,285.1499938964844,0.0,-0.0,287.32476806640625,0.0,0.0,6.122514051298822e-09,297.4784851074219,303.1499938964844,285.1499938964844,0.0,-0.0,287.3205871582031,0.0,0.0,8.289381625559145e-09,297.88946533203125,303.1499938964844,285.1499938964844,0.0,-0.0,287.3227233886719,0.0,0.0,3.9321253808566325e-08,287.2399597167969,294.1499938964844,282.0767517089844,281.18017578125,283.7982482910156,281.3397521972656,286.80694580078125,0.0,0.0,0.0,0.0,1.0,1.0,-8.387427641309841e-08,1.0491074968390497e-13,8.387416983168806e-08,-1.9192457045846825e-07,0.0,0.0,0.0,-4.724424798041582e-07,60.0,-0.0002463330165483,-0.0,-4.796575526733692e-16,0.0,283.1644592285156,287.4449462890625,288.6285095214844,288.9419860839844,293.1499938964844,293.1499938964844,278.1499938964844,0.0,18000.0,313.1499938964844,0.0,18000.0,0.0,0.0,0.0,0.0,0.0,0.0,0.0,0.0,0.0,-0.0,0.0,0.0,-7.778098853284027e-21,-3.889049426642014e-21,-3.889049426642014e-21,0.0,0.0,-0.0,0.0,0.0,0.0,-0.0,0.0,0.0,0.0,0.0,0.0,4.0,0.0,0.0
12110520,297.65936279296875,303.1499938964844,285.1499938964844,0.0,-0.0,287.32196044921875,0.0,0.0,7.871797436109773e-09,297.6246032714844,303.1499938964844,285.1499938964844,0.0,-0.0,287.3219909667969,0.0,0.0,8.289385178272823e-09,298.01483154296875,303.1499938964844,285.1499938964844,0.0,-0.0,287.32476806640625,0.0,0.0,6.122514051298822e-09,297.4784851074219,303.1499938964844,285.1499938964844,0.0,-0.0,287.3205871582031,0.0,0.0,8.289381625559145e-09,297.88946533203125,303.1499938964844,285.1499938964844,0.0,-0.0,287.3227233886719,0.0,0.0,3.9321253808566325e-08,287.2399597167969,294.1499938964844,282.0767517089844,281.18017578125,283.7982482910156,281.3397521972656,286.80694580078125,0.0,0.0,0.0,0.0,1.0,1.0,-8.387427641309841e-08,1.0491074968390497e-13,8.387416983168806e-08,-1.9192457045846825e-07,0.0,0.0,0.0,-4.724424798041582e-07,60.0,-0.0002463330165483,-0.0,-4.796575526733692e-16,0.0,283.1644592285156,287.4449462890625,288.6285095214844,288.9419860839844,293.1499938964844,293.1499938964844,278.1499938964844,0.0,18000.0,313.1499938964844,0.0,18000.0,0.0,0.0,0.0,0.0,0.0,0.0,0.0,0.0,0.0,-0.0,0.0,0.0,-7.778098853284027e-21,-3.889049426642014e-21,-3.889049426642014e-21,0.0,0.0,-0.0,0.0,0.0,0.0,-0.0,0.0,0.0,0.0,0.0,0.0,4.0,0.0,0.0
12110580,297.6592102050781,303.1499938964844,285.1499938964844,0.0,-0.0,287.3219299316406,0.0,0.0,7.36671097456565e-08,297.62432861328125,303.1499938964844,285.1499938964844,0.0,-0.0,287.3219909667969,0.0,0.0,7.757504505434555e-08,298.0137939453125,303.1499938964844,285.1499938964844,0.0,-0.0,287.32476806640625,0.0,0.0,5.7296684730090426e-08,297.4785461425781,303.1499938964844,285.1499938964844,0.0,-0.0,287.320556640625,0.0,0.0,7.757500952720876e-08,297.88946533203125,303.1499938964844,285.1499938964844,0.0,-0.0,287.3226928710937,0.0,0.0,3.679824374103191e-07,287.23992919921875,294.1499938964844,282.0975036621094,281.1980895996094,283.7982482910156,281.3397521972656,286.8053894042969,0.0,0.0,0.0,0.0,1.0,1.0,-7.849105259083444e-07,9.817059274871977e-13,7.849095595702238e-07,-1.7960835521080298e-06,0.0,0.0,0.0,-4.421162884682417e-06,60.0,-0.00107156438753,-0.0,-4.2007877347005965e-14,0.0,283.1644592285156,287.4449462890625,288.6285095214844,288.9419860839844,293.1499938964844,293.1499938964844,278.1499938964844,0.0,18000.0,313.1499938964844,0.0,18000.0,0.0,0.0,0.0,0.0,0.0,0.0,0.0,0.0,0.0,-0.0,0.0,0.0,-7.778098853284027e-21,-3.889049426642014e-21,-3.889049426642014e-21,0.0,0.0,-0.0,0.0,0.0,0.0,-0.0,0.0,0.0,0.0,0.0,0.0,4.0,0.0,0.0
12110640,297.6592102050781,303.1499938964844,285.1499938964844,0.0,-0.0,287.3219299316406,0.0,0.0,7.36671097456565e-08,297.62432861328125,303.1499938964844,285.1499938964844,0.0,-0.0,287.3219909667969,0.0,0.0,7.757504505434555e-08,298.0137939453125,303.1499938964844,285.1499938964844,0.0,-0.0,287.32476806640625,0.0,0.0,5.7296684730090426e-08,297.4785461425781,303.1499938964844,285.1499938964844,0.0,-0.0,287.320556640625,0.0,0.0,7.757500952720876e-08,297.88946533203125,303.1499938964844,285.1499938964844,0.0,-0.0,287.3226928710937,0.0,0.0,3.679824374103191e-07,287.23992919921875,294.1499938964844,282.0975036621094,281.1980895996094,283.7982482910156,281.3397521972656,286.8053894042969,0.0,0.0,0.0,0.0,1.0,1.0,-7.849105259083444e-07,9.817059274871977e-13,7.849095595702238e-07,-1.7960835521080298e-06,0.0,0.0,0.0,-4.421162884682417e-06,60.0,-0.00107156438753,-0.0,-4.2007877347005965e-14,0.0,283.1644592285156,287.4449462890625,288.6285095214844,288.9419860839844,293.1499938964844,293.1499938964844,278.1499938964844,0.0,18000.0,313.1499938964844,0.0,18000.0,0.0,0.0,0.0,0.0,0.0,0.0,0.0,0.0,0.0,-0.0,0.0,0.0,-7.778098853284027e-21,-3.889049426642014e-21,-3.889049426642014e-21,0.0,0.0,-0.0,0.0,0.0,0.0,-0.0,0.0,0.0,0.0,0.0,0.0,4.0,0.0,0.0
12110700,297.6590881347656,303.1499938964844,285.1499938964844,0.0,-0.0,287.3219299316406,0.0,0.0,1.7704866195344948e-07,297.6241149902344,303.1499938964844,285.1499938964844,0.0,-0.0,287.3219909667969,0.0,0.0,1.86440843208402e-07,298.01318359375,303.1499938964844,285.1499938964844,0.0,-0.0,287.32476806640625,0.0,0.0,1.3770463169748837e-07,297.4784851074219,303.1499938964844,285.1499938964844,0.0,-0.0,287.320556640625,0.0,0.0,1.864407579432737e-07,297.8894348144531,303.1499938964844,285.1499938964844,0.0,-0.0,287.3226928710937,0.0,0.0,8.843946943670744e-07,287.23992919921875,294.1499938964844,282.10577392578125,281.2052001953125,283.7982482910156,281.3397521972656,286.8046264648437,0.0,0.0,0.0,0.0,1.0,1.0,-1.8864175217458976e-06,2.3594598497211905e-12,1.886415248009144e-06,-4.316632839618251e-06,0.0,0.0,0.0,-1.0625662980601192e-05,60.0,-0.0033232257701456,-0.0,-2.426435788405179e-13,0.0,283.1644592285156,287.4449462890625,288.6285095214844,288.9419860839844,293.1499938964844,293.1499938964844,278.1499938964844,0.0,18000.0,313.1499938964844,0.0,18000.0,0.0,0.0,0.0,0.0,0.0,0.0,0.0,0.0,0.0,-0.0,0.0,0.0,-7.778098853284027e-21,-3.889049426642014e-21,-3.889049426642014e-21,0.0,0.0,-0.0,0.0,0.0,0.0,-0.0,0.0,0.0,0.0,0.0,0.0,4.0,0.0,0.0
12110760,297.6589050292969,303.1499938964844,285.1499938964844,0.0,-0.0,287.3219299316406,0.0,0.0,3.470444767117442e-07,297.6239013671875,303.1499938964844,285.1499938964844,0.0,-0.0,287.32196044921875,0.0,0.0,3.654546958387073e-07,298.0125732421875,303.1499938964844,285.1499938964844,0.0,-0.0,287.3247375488281,0.0,0.0,2.699237029446522e-07,297.4784240722656,303.1499938964844,285.1499938964844,0.0,-0.0,287.320556640625,0.0,0.0,3.654545537301601e-07,297.8893737792969,303.1499938964844,285.1499938964844,0.0,-0.0,287.3226928710937,0.0,0.0,1.7335589745925972e-06,287.2398986816406,294.1499938964844,282.1127014160156,281.2111511230469,283.7982482910156,281.3397521972656,286.80389404296875,0.0,0.0,0.0,0.0,1.0,1.0,-3.697717147588264e-06,4.624919804768757e-12,3.6977126001147553e-06,-8.461353900202084e-06,0.0,0.0,0.0,-2.082818537019193e-05,60.0,-0.0068901488557457,-0.0,-9.322959071411674e-13,0.0,283.1644592285156,287.4449462890625,288.6285095214844,288.9419860839844,293.1499938964844,293.1499938964844,278.1499938964844,0.0,18000.0,313.1499938964844,0.0,18000.0,0.0,0.0,0.0,0.0,0.0,0.0,0.0,0.0,0.0,-0.0,0.0,0.0,-7.778098853284027e-21,-3.889049426642014e-21,-3.889049426642014e-21,0.0,0.0,-0.0,0.0,0.0,0.0,-0.0,0.0,0.0,0.0,0.0,0.0,4.0,0.0,0.0
12110820,297.65850830078125,303.1499938964844,285.1499938964844,0.0,-0.0,287.3218994140625,0.0,0.0,1.0077034175992594e-06,297.6233215332031,303.1499938964844,285.1499938964844,0.0,-0.0,287.3219299316406,0.0,0.0,1.061160673998529e-06,298.01123046875,303.1499938964844,285.1499938964844,0.0,-0.0,287.32470703125,0.0,0.0,7.837699058654835e-07,297.47808837890625,303.1499938964844,285.1499938964844,0.0,-0.0,287.3205261230469,0.0,0.0,1.0611602192511782e-06,297.8892517089844,303.1499938964844,285.1499938964844,0.0,-0.0,287.3226623535156,0.0,0.0,5.033686647948343e-06,287.2398681640625,294.1499938964844,282.122802734375,281.2197265625,283.7982482910156,281.3397521972656,286.8025207519531,0.0,0.0,0.0,0.0,1.0,1.0,-1.073704243026441e-05,1.3429419902510896e-11,1.0737028787843885e-05,-2.456913898640778e-05,0.0,0.0,0.0,-6.047873466741294e-05,60.0,-0.0219743438065052,-0.0,-7.860477893584239e-12,0.0,283.1644592285156,287.4449462890625,288.6285095214844,288.9419860839844,293.1499938964844,293.1499938964844,278.1499938964844,0.0,18000.0,313.1499938964844,0.0,18000.0,0.0,0.0,0.0,0.0,0.0,0.0,0.0,0.0,0.0,-0.0,0.0,0.0,-7.778098853284027e-21,-3.889049426642014e-21,-3.889049426642014e-21,0.0,0.0,-0.0,0.0,0.0,0.0,-0.0,0.0,0.0,0.0,0.0,0.0,4.0,0.0,0.0
12110880,297.65850830078125,303.1499938964844,285.1499938964844,0.0,-0.0,287.3218994140625,0.0,0.0,1.0077034175992594e-06,297.6233215332031,303.1499938964844,285.1499938964844,0.0,-0.0,287.3219299316406,0.0,0.0,1.061160673998529e-06,298.01123046875,303.1499938964844,285.1499938964844,0.0,-0.0,287.32470703125,0.0,0.0,7.837699058654835e-07,297.47808837890625,303.1499938964844,285.1499938964844,0.0,-0.0,287.3205261230469,0.0,0.0,1.0611602192511782e-06,297.8892517089844,303.1499938964844,285.1499938964844,0.0,-0.0,287.3226623535156,0.0,0.0,5.033686647948343e-06,287.2398681640625,294.1499938964844,282.122802734375,281.2197265625,283.7982482910156,281.3397521972656,286.8025207519531,0.0,0.0,0.0,0.0,1.0,1.0,-1.073704243026441e-05,1.3429419902510896e-11,1.0737028787843885e-05,-2.456913898640778e-05,0.0,0.0,0.0,-6.047873466741294e-05,60.0,-0.0219743438065052,-0.0,-7.860477893584239e-12,0.0,283.1644592285156,287.4449462890625,288.6285095214844,288.9419860839844,293.1499938964844,293.1499938964844,278.1499938964844,0.0,18000.0,313.1499938964844,0.0,18000.0,0.0,0.0,0.0,0.0,0.0,0.0,0.0,0.0,0.0,-0.0,0.0,0.0,-7.778098853284027e-21,-3.889049426642014e-21,-3.889049426642014e-21,0.0,0.0,-0.0,0.0,0.0,0.0,-0.0,0.0,0.0,0.0,0.0,0.0,4.0,0.0,0.0
12110940,297.6579284667969,303.1499938964844,285.1499938964844,0.0,-0.0,287.3218994140625,0.0,0.0,2.119418240908999e-06,297.6225891113281,303.1499938964844,285.1499938964844,0.0,-0.0,287.3219299316406,0.0,0.0,2.23185043068952e-06,298.0097351074219,303.1499938964844,285.1499938964844,0.0,-0.0,287.32470703125,0.0,0.0,1.648437660151103e-06,297.4775390625,303.1499938964844,285.1499938964844,0.0,-0.0,287.3205261230469,0.0,0.0,2.231849293821142e-06,297.8890075683594,303.1499938964844,285.1499938964844,0.0,-0.0,287.3226623535156,0.0,0.0,1.0586932148726191e-05,287.2398681640625,294.1499938964844,282.1282653808594,281.2242431640625,283.7982482910156,281.33990478515625,286.8012084960937,0.0,0.0,0.0,0.0,1.0,1.0,-2.258248059661128e-05,2.824513019306085e-11,2.258245149278082e-05,-5.1674473070306703e-05,0.0,0.0,0.0,-0.0001272007211809,60.0,-0.0520888231694698,-0.0,-3.477097082482672e-11,0.0,283.1644592285156,287.4449462890625,288.6285095214844,288.9419860839844,293.1499938964844,293.1499938964844,278.1499938964844,0.0,18000.0,313.1499938964844,0.0,18000.0,0.0,0.0,0.0,0.0,0.0,0.0,0.0,0.0,0.0,-0.0,0.0,0.0,-7.778098853284027e-21,-3.889049426642014e-21,-3.889049426642014e-21,0.0,0.0,-0.0,0.0,0.0,0.0,-0.0,0.0,0.0,0.0,0.0,0.0,4.0,0.0,0.0
12111000,297.6579284667969,303.1499938964844,285.1499938964844,0.0,-0.0,287.3218994140625,0.0,0.0,2.119418240908999e-06,297.6225891113281,303.1499938964844,285.1499938964844,0.0,-0.0,287.3219299316406,0.0,0.0,2.23185043068952e-06,298.0097351074219,303.1499938964844,285.1499938964844,0.0,-0.0,287.32470703125,0.0,0.0,1.648437660151103e-06,297.4775390625,303.1499938964844,285.1499938964844,0.0,-0.0,287.3205261230469,0.0,0.0,2.231849293821142e-06,297.8890075683594,303.1499938964844,285.1499938964844,0.0,-0.0,287.3226623535156,0.0,0.0,1.0586932148726191e-05,287.2398681640625,294.1499938964844,282.1282653808594,281.2242431640625,283.7982482910156,281.33990478515625,286.8012084960937,0.0,0.0,0.0,0.0,1.0,1.0,-2.258248059661128e-05,2.824513019306085e-11,2.258245149278082e-05,-5.1674473070306703e-05,0.0,0.0,0.0,-0.0001272007211809,60.0,-0.0520888231694698,-0.0,-3.477097082482672e-11,0.0,283.1644592285156,287.4449462890625,288.6285095214844,288.9419860839844,293.1499938964844,293.1499938964844,278.1499938964844,0.0,18000.0,313.1499938964844,0.0,18000.0,0.0,0.0,0.0,0.0,0.0,0.0,0.0,0.0,0.0,-0.0,0.0,0.0,-7.778098853284027e-21,-3.889049426642014e-21,-3.889049426642014e-21,0.0,0.0,-0.0,0.0,0.0,0.0,-0.0,0.0,0.0,0.0,0.0,0.0,4.0,0.0,0.0
12111060,297.6571044921875,303.1499938964844,285.1499938964844,0.0,-0.0,287.322021484375,0.0,0.0,3.457460707068094e-06,297.62164306640625,303.1499938964844,285.1499938964844,0.0,-0.0,287.3220520019531,0.0,0.0,3.640874183474807e-06,298.008056640625,303.1499938964844,285.1499938964844,0.0,-0.0,287.3248291015625,0.0,0.0,2.68913822765171e-06,297.4767150878906,303.1499938964844,285.1499938964844,0.0,-0.0,287.32061767578125,0.0,0.0,3.640872591859079e-06,297.8887023925781,303.1499938964844,285.1499938964844,0.0,-0.0,287.32275390625,0.0,0.0,1.727073140500579e-05,287.2400207519531,294.1499938964844,282.1295166015625,281.22509765625,283.7982482910156,281.34051513671875,286.8000183105469,0.0,0.0,0.0,0.0,1.0,1.0,-3.683955947053619e-05,4.6077145571254974e-11,3.6839512176811695e-05,-8.42981826281175e-05,0.0,0.0,0.0,-0.0002075067604891,60.0,-0.0934461653232574,-0.0,-9.253329352754136e-11,0.0,283.1644592285156,287.4449462890625,288.6285095214844,288.9419860839844,293.1499938964844,293.1499938964844,278.1499938964844,0.0,18000.0,313.1499938964844,0.0,18000.0,0.0,0.0,0.0,0.0,0.0,0.0,0.0,0.0,0.0,-0.0,0.0,0.0,-7.778098853284027e-21,-3.889049426642014e-21,-3.889049426642014e-21,0.0,0.0,-0.0,0.0,0.0,0.0,-0.0,0.0,0.0,0.0,0.0,0.0,4.0,0.0,0.0
12111120,297.6571044921875,303.1499938964844,285.1499938964844,0.0,-0.0,287.322021484375,0.0,0.0,3.457460707068094e-06,297.62164306640625,303.1499938964844,285.1499938964844,0.0,-0.0,287.3220520019531,0.0,0.0,3.640874183474807e-06,298.008056640625,303.1499938964844,285.1499938964844,0.0,-0.0,287.3248291015625,0.0,0.0,2.68913822765171e-06,297.4767150878906,303.1499938964844,285.1499938964844,0.0,-0.0,287.32061767578125,0.0,0.0,3.640872591859079e-06,297.8887023925781,303.1499938964844,285.1499938964844,0.0,-0.0,287.32275390625,0.0,0.0,1.727073140500579e-05,287.2400207519531,294.1499938964844,282.1295166015625,281.22509765625,283.7982482910156,281.34051513671875,286.8000183105469,0.0,0.0,0.0,0.0,1.0,1.0,-3.683955947053619e-05,4.6077145571254974e-11,3.6839512176811695e-05,-8.42981826281175e-05,0.0,0.0,0.0,-0.0002075067604891,60.0,-0.0934461653232574,-0.0,-9.253329352754136e-11,0.0,283.1644592285156,287.4449462890625,288.6285095214844,288.9419860839844,293.1499938964844,293.1499938964844,278.1499938964844,0.0,18000.0,313.1499938964844,0.0,18000.0,0.0,0.0,0.0,0.0,0.0,0.0,0.0,0.0,0.0,-0.0,0.0,0.0,-7.778098853284027e-21,-3.889049426642014e-21,-3.889049426642014e-21,0.0,0.0,-0.0,0.0,0.0,0.0,-0.0,0.0,0.0,0.0,0.0,0.0,4.0,0.0,0.0
12111180,297.656005859375,303.1499938964844,285.1499938964844,0.0,-0.0,287.3222351074219,0.0,0.0,5.418015916802688e-06,297.6205749511719,303.1499938964844,285.1499938964844,0.0,-0.0,287.322265625,0.0,0.0,5.7054339777096175e-06,298.0062255859375,303.1499938964844,285.1499938964844,0.0,-0.0,287.3250427246094,0.0,0.0,4.214015461911913e-06,297.4757385253906,303.1499938964844,285.1499938964844,0.0,-0.0,287.3208312988281,0.0,0.0,5.705431249225512e-06,297.8882751464844,303.1499938964844,285.1499938964844,0.0,-0.0,287.322998046875,0.0,0.0,2.706410850805696e-05,287.2403869628906,294.1499938964844,282.12701416015625,281.2226257324219,283.7983093261719,281.3417358398437,286.7988586425781,0.0,0.0,0.0,0.0,1.0,1.0,-5.772932854597457e-05,7.220510994665473e-11,5.7729255786398426e-05,-0.0001320993178524,0.0,0.0,0.0,-0.0003251729358453,60.0,-0.1477343887090683,-0.0,-2.2722913828321367e-10,0.0,283.1644592285156,287.4449462890625,288.6285095214844,288.9419860839844,293.1499938964844,293.1499938964844,278.1499938964844,0.0,18000.0,313.1499938964844,0.0,18000.0,0.0,0.0,0.0,0.0,0.0,0.0,0.0,0.0,0.0,-0.0,0.0,0.0,-7.778098853284027e-21,-3.889049426642014e-21,-3.889049426642014e-21,0.0,0.0,-0.0,0.0,0.0,0.0,-0.0,0.0,0.0,0.0,0.0,0.0,4.0,0.0,0.0
12111240,297.656005859375,303.1499938964844,285.1499938964844,0.0,-0.0,287.3222351074219,0.0,0.0,5.418015916802688e-06,297.6205749511719,303.1499938964844,285.1499938964844,0.0,-0.0,287.322265625,0.0,0.0,5.7054339777096175e-06,298.0062255859375,303.1499938964844,285.1499938964844,0.0,-0.0,287.3250427246094,0.0,0.0,4.214015461911913e-06,297.4757385253906,303.1499938964844,285.1499938964844,0.0,-0.0,287.3208312988281,0.0,0.0,5.705431249225512e-06,297.8882751464844,303.1499938964844,285.1499938964844,0.0,-0.0,287.322998046875,0.0,0.0,2.706410850805696e-05,287.2403869628906,294.1499938964844,282.12701416015625,281.2226257324219,283.7983093261719,281.3417358398437,286.7988586425781,0.0,0.0,0.0,0.0,1.0,1.0,-5.772932854597457e-05,7.220510994665473e-11,5.7729255786398426e-05,-0.0001320993178524,0.0,0.0,0.0,-0.0003251729358453,60.0,-0.1477343887090683,-0.0,-2.2722913828321367e-10,0.0,283.1644592285156,287.4449462890625,288.6285095214844,288.9419860839844,293.1499938964844,293.1499938964844,278.1499938964844,0.0,18000.0,313.1499938964844,0.0,18000.0,0.0,0.0,0.0,0.0,0.0,0.0,0.0,0.0,0.0,-0.0,0.0,0.0,-7.778098853284027e-21,-3.889049426642014e-21,-3.889049426642014e-21,0.0,0.0,-0.0,0.0,0.0,0.0,-0.0,0.0,0.0,0.0,0.0,0.0,4.0,0.0,0.0
12111300,297.6553039550781,303.1499938964844,285.1499938964844,0.0,-0.0,287.32244873046875,0.0,0.0,7.275492407643469e-06,297.6199645996094,303.1499938964844,285.1499938964844,0.0,-0.0,287.322509765625,0.0,0.0,7.661446943529882e-06,298.0052795410156,303.1499938964844,285.1499938964844,0.0,-0.0,287.3252868652344,0.0,0.0,5.658720965584507e-06,297.4752197265625,303.1499938964844,285.1499938964844,0.0,-0.0,287.3210754394531,0.0,0.0,7.661444215045776e-06,297.8880310058594,303.1499938964844,285.1499938964844,0.0,-0.0,287.3232116699219,0.0,0.0,3.634258973761462e-05,287.24072265625,294.1499938964844,282.1244812011719,281.2203063964844,283.79833984375,281.34295654296875,286.79833984375,0.0,0.0,0.0,0.0,1.0,1.0,-7.75206572143361e-05,9.69592670041486e-11,7.752056262688711e-05,-0.0001773870317265,0.0,0.0,0.0,-0.0004366519569884,60.0,-0.1919895112514495,-0.0,-4.0973993642445805e-10,0.0,283.1644592285156,287.4449462890625,288.6285095214844,288.9419860839844,293.1499938964844,293.1499938964844,278.1499938964844,0.0,18000.0,313.1499938964844,0.0,18000.0,0.0,0.0,0.0,0.0,0.0,0.0,0.0,0.0,0.0,-0.0,0.0,0.0,-7.778098853284027e-21,-3.889049426642014e-21,-3.889049426642014e-21,0.0,0.0,-0.0,0.0,0.0,0.0,-0.0,0.0,0.0,0.0,0.0,0.0,4.0,0.0,0.0
12111360,297.6545104980469,303.1499938964844,285.1499938964844,0.0,-0.0,287.32281494140625,0.0,0.0,1.0104307875735684e-05,297.61932373046875,303.1499938964844,285.1499938964844,0.0,-0.0,287.3228454589844,0.0,0.0,1.0640327673172578e-05,298.0042724609375,303.1499938964844,285.1499938964844,0.0,-0.0,287.3256530761719,0.0,0.0,7.858912795200013e-06,297.47467041015625,303.1499938964844,285.1499938964844,0.0,-0.0,287.3214111328125,0.0,0.0,1.064032312569907e-05,297.88775634765625,303.1499938964844,285.1499938964844,0.0,-0.0,287.3235778808594,0.0,0.0,5.047311060479842e-05,287.24127197265625,294.1499938964844,282.1211853027344,281.21728515625,283.79833984375,281.3449401855469,286.7977905273437,0.0,0.0,0.0,0.0,1.0,1.0,-0.0001076616099453,1.3465821513403142e-10,0.0001076614717021,-0.0002463573473505,0.0,0.0,0.0,-0.0006064274348318,60.0,-0.2605379223823547,-0.0,-7.90308540832285e-10,0.0,283.1644592285156,287.4449462890625,288.6285095214844,288.9419860839844,293.1499938964844,293.1499938964844,278.1499938964844,0.0,18000.0,313.1499938964844,0.0,18000.0,0.0,0.0,0.0,0.0,0.0,0.0,0.0,0.0,0.0,-0.0,0.0,0.0,-7.778098853284027e-21,-3.889049426642014e-21,-3.889049426642014e-21,0.0,0.0,-0.0,0.0,0.0,0.0,-0.0,0.0,0.0,0.0,0.0,0.0,4.0,0.0,0.0
12111420,297.65252685546875,303.1499938964844,285.1499938964844,0.0,-0.0,287.3245544433594,0.0,0.0,1.8897420886787583e-05,297.61785888671875,303.1499938964844,285.1499938964844,0.0,-0.0,287.3245849609375,0.0,0.0,1.989990232686978e-05,298.0021057128906,303.1499938964844,285.1499938964844,0.0,-0.0,287.3274841308594,0.0,0.0,1.4698005543323234e-05,297.4737548828125,303.1499938964844,285.1499938964844,0.0,-0.0,287.3231201171875,0.0,0.0,1.989989323192276e-05,297.8871459960937,303.1499938964844,285.1499938964844,0.0,-0.0,287.32537841796875,0.0,0.0,9.439652058063076e-05,287.2436828613281,294.1499938964844,282.1124572753906,281.2094116210937,283.7980651855469,281.3533935546875,286.7967834472656,0.0,0.0,0.0,0.0,1.0,1.0,-0.0002013529010582,2.5184290763924366e-10,0.0002013526536757,-0.0004607467271853,0.0,0.0,0.0,-0.001134164398536,60.0,-0.4904025793075561,-0.0,-2.7643214384198704e-09,0.0,283.1644592285156,287.4449462890625,288.6285095214844,288.9419860839844,293.1499938964844,293.1499938964844,278.1499938964844,0.0,18000.0,313.1499938964844,0.0,18000.0,0.0,0.0,0.0,0.0,0.0,0.0,0.0,0.0,0.0,-0.0,0.0,0.0,-7.778098853284027e-21,-3.889049426642014e-21,-3.889049426642014e-21,0.0,0.0,-0.0,0.0,0.0,0.0,-0.0,0.0,0.0,0.0,0.0,0.0,4.0,0.0,0.0
12111480,297.65252685546875,303.1499938964844,285.1499938964844,0.0,-0.0,287.3245544433594,0.0,0.0,1.8897420886787583e-05,297.61785888671875,303.1499938964844,285.1499938964844,0.0,-0.0,287.3245849609375,0.0,0.0,1.989990232686978e-05,298.0021057128906,303.1499938964844,285.1499938964844,0.0,-0.0,287.3274841308594,0.0,0.0,1.4698005543323234e-05,297.4737548828125,303.1499938964844,285.1499938964844,0.0,-0.0,287.3231201171875,0.0,0.0,1.989989323192276e-05,297.8871459960937,303.1499938964844,285.1499938964844,0.0,-0.0,287.32537841796875,0.0,0.0,9.439652058063076e-05,287.2436828613281,294.1499938964844,282.1124572753906,281.2094116210937,283.7980651855469,281.3533935546875,286.7967834472656,0.0,0.0,0.0,0.0,1.0,1.0,-0.0002013529010582,2.5184290763924366e-10,0.0002013526536757,-0.0004607467271853,0.0,0.0,0.0,-0.001134164398536,60.0,-0.4904025793075561,-0.0,-2.7643214384198704e-09,0.0,283.1644592285156,287.4449462890625,288.6285095214844,288.9419860839844,293.1499938964844,293.1499938964844,278.1499938964844,0.0,18000.0,313.1499938964844,0.0,18000.0,0.0,0.0,0.0,0.0,0.0,0.0,0.0,0.0,0.0,-0.0,0.0,0.0,-7.778098853284027e-21,-3.889049426642014e-21,-3.889049426642014e-21,0.0,0.0,-0.0,0.0,0.0,0.0,-0.0,0.0,0.0,0.0,0.0,0.0,4.0,0.0,0.0
12111540,297.6500549316406,303.1499938964844,285.1499938964844,0.0,-0.0,287.3285522460937,0.0,0.0,3.035327426914592e-05,297.6161499023437,303.1499938964844,285.1499938964844,0.0,-0.0,287.3285827636719,0.0,0.0,3.1963474611984566e-05,297.99981689453125,303.1499938964844,285.1499938964844,0.0,-0.0,287.33160400390625,0.0,0.0,2.360812140977941e-05,297.47265625,303.1499938964844,285.1499938964844,0.0,-0.0,287.3270568847656,0.0,0.0,3.196346006006934e-05,297.88641357421875,303.1499938964844,285.1499938964844,0.0,-0.0,287.3294677734375,0.0,0.0,0.0001516208867542,287.2479248046875,294.1499938964844,282.101318359375,281.1994323730469,283.7958068847656,281.3664855957031,286.7958374023437,0.0,0.0,0.0,0.0,1.0,1.0,-0.0003234173636883,4.045151713594208e-10,0.0003234169562347,-0.0007400602917186,0.0,0.0,0.0,-0.0018217203905805,60.0,-0.8352518677711487,-0.0,-7.131724544251483e-09,0.0,283.1644592285156,287.4449462890625,288.6285095214844,288.9419860839844,293.1499938964844,293.1499938964844,278.1499938964844,0.0,18000.0,313.1499938964844,0.0,18000.0,0.0,0.0,0.0,0.0,0.0,0.0,0.0,0.0,0.0,-0.0,0.0,0.0,-7.778098853284027e-21,-3.889049426642014e-21,-3.889049426642014e-21,0.0,0.0,-0.0,0.0,0.0,0.0,-0.0,0.0,0.0,0.0,0.0,0.0,4.0,0.0,0.0
12111600,297.6500549316406,303.1499938964844,285.1499938964844,0.0,-0.0,287.3285522460937,0.0,0.0,3.035327426914592e-05,297.6161499023437,303.1499938964844,285.1499938964844,0.0,-0.0,287.3285827636719,0.0,0.0,3.1963474611984566e-05,297.99981689453125,303.1499938964844,285.1499938964844,0.0,-0.0,287.33160400390625,0.0,0.0,2.360812140977941e-05,297.47265625,303.1499938964844,285.1499938964844,0.0,-0.0,287.3270568847656,0.0,0.0,3.196346006006934e-05,297.88641357421875,303.1499938964844,285.1499938964844,0.0,-0.0,287.3294677734375,0.0,0.0,0.0001516208867542,287.2479248046875,294.1499938964844,282.101318359375,281.1994323730469,283.7958068847656,281.3664855957031,286.7958374023437,0.0,0.0,0.0,0.0,1.0,1.0,-0.0003234173636883,4.045151713594208e-10,0.0003234169562347,-0.0007400602917186,0.0,0.0,0.0,-0.0018217203905805,60.0,-0.8352518677711487,-0.0,-7.131724544251483e-09,0.0,283.1644592285156,287.4449462890625,288.6285095214844,288.9419860839844,293.1499938964844,293.1499938964844,278.1499938964844,0.0,18000.0,313.1499938964844,0.0,18000.0,0.0,0.0,0.0,0.0,0.0,0.0,0.0,0.0,0.0,-0.0,0.0,0.0,-7.778098853284027e-21,-3.889049426642014e-21,-3.889049426642014e-21,0.0,0.0,-0.0,0.0,0.0,0.0,-0.0,0.0,0.0,0.0,0.0,0.0,4.0,0.0,0.0
12111660,297.64752197265625,303.1499938964844,285.1499938964844,0.0,-0.0,287.3336486816406,0.0,0.0,3.544438004610129e-05,297.6142883300781,303.1499938964844,285.1499938964844,0.0,-0.0,287.3336181640625,0.0,0.0,3.732465484063141e-05,297.99737548828125,303.1499938964844,285.1499938964844,0.0,-0.0,287.3368835449219,0.0,0.0,2.756787398539018e-05,297.4714050292969,303.1499938964844,285.1499938964844,0.0,-0.0,287.33203125,0.0,0.0,3.732464028871618e-05,297.8855895996094,303.1499938964844,285.1499938964844,0.0,-0.0,287.3346862792969,0.0,0.0,0.0001770520175341,287.25213623046875,294.1499938964844,282.0881652832031,281.187744140625,283.7908935546875,281.3790283203125,286.7949523925781,0.0,0.0,0.0,0.0,1.0,1.0,-0.0003800021659117,4.747061632670576e-10,0.0003800016711466,-0.000868008704856,0.0,0.0,0.0,-0.0021400903351604,60.0,-1.1163432598114014,-0.0,-9.724744565176024e-09,0.0,283.1644592285156,287.4449462890625,288.6285095214844,288.9419860839844,293.1499938964844,293.1499938964844,278.1499938964844,0.0,18000.0,313.1499938964844,0.0,18000.0,0.0,0.0,0.0,0.0,0.0,0.0,0.0,0.0,0.0,-0.0,0.0,0.0,-7.778098853284027e-21,-3.889049426642014e-21,-3.889049426642014e-21,0.0,0.0,-0.0,0.0,0.0,0.0,-0.0,0.0,0.0,0.0,0.0,0.0,4.0,0.0,0.0
12111720,297.64752197265625,303.1499938964844,285.1499938964844,0.0,-0.0,287.3336486816406,0.0,0.0,3.544438004610129e-05,297.6142883300781,303.1499938964844,285.1499938964844,0.0,-0.0,287.3336181640625,0.0,0.0,3.732465484063141e-05,297.99737548828125,303.1499938964844,285.1499938964844,0.0,-0.0,287.3368835449219,0.0,0.0,2.756787398539018e-05,297.4714050292969,303.1499938964844,285.1499938964844,0.0,-0.0,287.33203125,0.0,0.0,3.732464028871618e-05,297.8855895996094,303.1499938964844,285.1499938964844,0.0,-0.0,287.3346862792969,0.0,0.0,0.0001770520175341,287.25213623046875,294.1499938964844,282.0881652832031,281.187744140625,283.7908935546875,281.3790283203125,286.7949523925781,0.0,0.0,0.0,0.0,1.0,1.0,-0.0003800021659117,4.747061632670576e-10,0.0003800016711466,-0.000868008704856,0.0,0.0,0.0,-0.0021400903351604,60.0,-1.1163432598114014,-0.0,-9.724744565176024e-09,0.0,283.1644592285156,287.4449462890625,288.6285095214844,288.9419860839844,293.1499938964844,293.1499938964844,278.1499938964844,0.0,18000.0,313.1499938964844,0.0,18000.0,0.0,0.0,0.0,0.0,0.0,0.0,0.0,0.0,0.0,-0.0,0.0,0.0,-7.778098853284027e-21,-3.889049426642014e-21,-3.889049426642014e-21,0.0,0.0,-0.0,0.0,0.0,0.0,-0.0,0.0,0.0,0.0,0.0,0.0,4.0,0.0,0.0
12111780,297.6454162597656,303.1499938964844,285.1499938964844,0.0,-0.0,287.3343505859375,0.0,0.0,1.7653552276897244e-05,297.61151123046875,303.1499938964844,285.1499938964844,0.0,-0.0,287.3343505859375,0.0,0.0,1.8590048057376407e-05,297.9947814941406,303.1499938964844,285.1499938964844,0.0,-0.0,287.3376159667969,0.0,0.0,1.3730551472690422e-05,297.4700927734375,303.1499938964844,285.1499938964844,0.0,-0.0,287.332763671875,0.0,0.0,1.85900407814188e-05,297.8846435546875,303.1499938964844,285.1499938964844,0.0,-0.0,287.33544921875,0.0,0.0,8.818314381642267e-05,287.2538146972656,294.1499938964844,282.0734558105469,281.1746826171875,283.7802429199219,281.3892517089844,286.7940979003906,0.0,0.0,0.0,0.0,1.0,1.0,-0.0004989135777577,5.465754515654453e-10,0.0004989130538888,-0.0009380428818985,0.0,0.0,0.0,-0.0027627502568066,60.0,-1.340113639831543,-0.0,-2.412389843442497e-09,0.0,283.1644592285156,287.4449462890625,288.6285095214844,288.9419860839844,293.1499938964844,293.1499938964844,278.1499938964844,0.0,18000.0,313.1499938964844,0.0,18000.0,0.0,0.0,0.0,0.0,0.0,0.0,0.0,0.0,0.0,-0.0,0.0,0.0,-7.778098853284027e-21,-3.889049426642014e-21,-3.889049426642014e-21,0.0,0.0,-0.0,0.0,0.0,0.0,-0.0,0.0,0.0,0.0,0.0,0.0,4.0,0.0,0.0
12111840,297.6454162597656,303.1499938964844,285.1499938964844,0.0,-0.0,287.3343505859375,0.0,0.0,1.7653552276897244e-05,297.61151123046875,303.1499938964844,285.1499938964844,0.0,-0.0,287.3343505859375,0.0,0.0,1.8590048057376407e-05,297.9947814941406,303.1499938964844,285.1499938964844,0.0,-0.0,287.3376159667969,0.0,0.0,1.3730551472690422e-05,297.4700927734375,303.1499938964844,285.1499938964844,0.0,-0.0,287.332763671875,0.0,0.0,1.85900407814188e-05,297.8846435546875,303.1499938964844,285.1499938964844,0.0,-0.0,287.33544921875,0.0,0.0,8.818314381642267e-05,287.2538146972656,294.1499938964844,282.0734558105469,281.1746826171875,283.7802429199219,281.3892517089844,286.7940979003906,0.0,0.0,0.0,0.0,1.0,1.0,-0.0004989135777577,5.465754515654453e-10,0.0004989130538888,-0.0009380428818985,0.0,0.0,0.0,-0.0027627502568066,60.0,-1.340113639831543,-0.0,-2.412389843442497e-09,0.0,283.1644592285156,287.4449462890625,288.6285095214844,288.9419860839844,293.1499938964844,293.1499938964844,278.1499938964844,0.0,18000.0,313.1499938964844,0.0,18000.0,0.0,0.0,0.0,0.0,0.0,0.0,0.0,0.0,0.0,-0.0,0.0,0.0,-7.778098853284027e-21,-3.889049426642014e-21,-3.889049426642014e-21,0.0,0.0,-0.0,0.0,0.0,0.0,-0.0,0.0,0.0,0.0,0.0,0.0,4.0,0.0,0.0
12111900,297.6446838378906,303.1499938964844,285.1499938964844,0.0,-0.0,287.3382263183594,0.0,0.0,3.909465885953978e-05,297.6094055175781,303.1499938964844,285.1499938964844,0.0,-0.0,287.33819580078125,0.0,0.0,4.116857599001378e-05,297.99346923828125,303.1499938964844,285.1499938964844,0.0,-0.0,287.34161376953125,0.0,0.0,3.040698175027501e-05,297.46942138671875,303.1499938964844,285.1499938964844,0.0,-0.0,287.3365478515625,0.0,0.0,4.116855780011974e-05,297.8841552734375,303.1499938964844,285.1499938964844,0.0,-0.0,287.3393859863281,0.0,0.0,0.0001952859165612,287.2585144042969,294.1499938964844,282.065673828125,281.16778564453125,283.7770690917969,281.39874267578125,286.7936706542969,0.0,0.0,0.0,0.0,1.0,1.0,-0.0004165596328675,5.210127329569048e-10,0.0004165591089986,-0.0009531920659355,0.0,0.0,0.0,-0.0023463664110749,60.0,-1.3581852912902832,-0.0,-1.1830907808985104e-08,0.0,283.1644592285156,287.4449462890625,288.6285095214844,288.9419860839844,293.1499938964844,293.1499938964844,278.1499938964844,0.0,18000.0,313.1499938964844,0.0,18000.0,0.0,0.0,0.0,0.0,0.0,0.0,0.0,0.0,0.0,-0.0,0.0,0.0,-7.778098853284027e-21,-3.889049426642014e-21,-3.889049426642014e-21,0.0,0.0,-0.0,0.0,0.0,0.0,-0.0,0.0,0.0,0.0,0.0,0.0,4.0,0.0,0.0
12111960,297.6443176269531,303.1499938964844,285.1499938964844,0.0,-0.0,287.3409423828125,0.0,0.0,4.5575903641292825e-05,297.6068420410156,303.1499938964844,285.1499938964844,0.0,-0.0,287.3409118652344,0.0,0.0,4.799364251084626e-05,297.9921264648437,303.1499938964844,285.1499938964844,0.0,-0.0,287.34442138671875,0.0,0.0,3.544795254128985e-05,297.4686889648437,303.1499938964844,285.1499938964844,0.0,-0.0,287.3392333984375,0.0,0.0,4.7993620682973415e-05,297.8836364746094,303.1499938964844,285.1499938964844,0.0,-0.0,287.3421936035156,0.0,0.0,0.000227661061217,287.2597351074219,294.1499938964844,282.05767822265625,281.16070556640625,283.7718811035156,281.4029846191406,286.7932434082031,0.0,0.0,0.0,0.0,1.0,1.0,-0.0005110923666507,6.329028412466187e-10,0.0005110917263664,-0.0011528200702741,0.0,0.0,0.0,-0.0028749534394592,60.0,-1.4430320262908936,-0.0,-1.607880406595541e-08,0.0,283.1644592285156,287.4449462890625,288.6285095214844,288.9419860839844,293.1499938964844,293.1499938964844,278.1499938964844,0.0,18000.0,313.1499938964844,0.0,18000.0,0.0,0.0,0.0,0.0,0.0,0.0,0.0,0.0,0.0,-0.0,0.0,0.0,-7.778098853284027e-21,-3.889049426642014e-21,-3.889049426642014e-21,0.0,0.0,-0.0,0.0,0.0,0.0,-0.0,0.0,0.0,0.0,0.0,0.0,4.0,0.0,0.0
12112020,297.64483642578125,303.1499938964844,285.1499938964844,0.0,-0.0,287.3406066894531,0.0,0.0,9.005416359286755e-05,297.6004638671875,303.1499938964844,285.1499938964844,0.0,-0.0,287.340576171875,0.0,0.0,9.483141184318812e-05,297.9892883300781,303.1499938964844,285.1499938964844,0.0,-0.0,287.3441467285156,0.0,0.0,7.004218059591949e-05,297.4670715332031,303.1499938964844,285.1499938964844,0.0,-0.0,287.3388977050781,0.0,0.0,9.483136818744242e-05,297.8824768066406,303.1499938964844,285.1499938964844,0.0,-0.0,287.3418884277344,0.0,0.0,0.0004498391936067,287.2591857910156,294.1499938964844,282.04119873046875,281.1461486816406,283.7518310546875,281.4255676269531,286.7924194335937,0.0,0.0,0.0,0.0,1.0,1.0,-0.0009190221899189,1.0932104110850103e-09,0.0009190210839733,-0.0019550442229956,0.0,0.0,0.0,-0.0051528112962841,60.0,-2.2938425540924072,-0.0,-6.27755554205578e-08,0.0,283.1644592285156,287.4449462890625,288.6285095214844,288.9419860839844,293.1499938964844,293.1499938964844,278.1499938964844,0.0,18000.0,313.1499938964844,0.0,18000.0,0.0,0.0,0.0,0.0,0.0,0.0,0.0,0.0,0.0,-0.0,0.0,0.0,-7.778098853284027e-21,-3.889049426642014e-21,-3.889049426642014e-21,0.0,0.0,-0.0,0.0,0.0,0.0,-0.0,0.0,0.0,0.0,0.0,0.0,4.0,0.0,0.0
12112080,297.64483642578125,303.1499938964844,285.1499938964844,0.0,-0.0,287.3406066894531,0.0,0.0,9.005416359286755e-05,297.6004638671875,303.1499938964844,285.1499938964844,0.0,-0.0,287.340576171875,0.0,0.0,9.483141184318812e-05,297.9892883300781,303.1499938964844,285.1499938964844,0.0,-0.0,287.3441467285156,0.0,0.0,7.004218059591949e-05,297.4670715332031,303.1499938964844,285.1499938964844,0.0,-0.0,287.3388977050781,0.0,0.0,9.483136818744242e-05,297.8824768066406,303.1499938964844,285.1499938964844,0.0,-0.0,287.3418884277344,0.0,0.0,0.0004498391936067,287.2591857910156,294.1499938964844,282.04119873046875,281.1461486816406,283.7518310546875,281.4255676269531,286.7924194335937,0.0,0.0,0.0,0.0,1.0,1.0,-0.0009190221899189,1.0932104110850103e-09,0.0009190210839733,-0.0019550442229956,0.0,0.0,0.0,-0.0051528112962841,60.0,-2.2938425540924072,-0.0,-6.27755554205578e-08,0.0,283.1644592285156,287.4449462890625,288.6285095214844,288.9419860839844,293.1499938964844,293.1499938964844,278.1499938964844,0.0,18000.0,313.1499938964844,0.0,18000.0,0.0,0.0,0.0,0.0,0.0,0.0,0.0,0.0,0.0,-0.0,0.0,0.0,-7.778098853284027e-21,-3.889049426642014e-21,-3.889049426642014e-21,0.0,0.0,-0.0,0.0,0.0,0.0,-0.0,0.0,0.0,0.0,0.0,0.0,4.0,0.0,0.0
12112140,297.64532470703125,303.1499938964844,285.1499938964844,0.0,-0.0,287.3363952636719,0.0,0.0,9.020127617986871e-05,297.5928039550781,303.1499938964844,285.1499938964844,0.0,-0.0,287.3363647460937,0.0,0.0,9.498632425675169e-05,297.986328125,303.1499938964844,285.1499938964844,0.0,-0.0,287.3398742675781,0.0,0.0,7.015660230536014e-05,297.4652709960937,303.1499938964844,285.1499938964844,0.0,-0.0,287.334716796875,0.0,0.0,9.4986280601006e-05,297.8811340332031,303.1499938964844,285.1499938964844,0.0,-0.0,287.337646484375,0.0,0.0,0.0004505740362219,287.2546691894531,294.1499938964844,282.0245361328125,281.1314392089844,283.7225341796875,281.4394836425781,286.7915954589844,0.0,0.0,0.0,0.0,1.0,1.0,-0.0009887198684737,1.3446926905302803e-09,0.0009887184714898,-0.0025464934296905,0.0,0.0,0.0,-0.0056170132011175,60.0,-3.017801284790039,-0.0,-6.298077437350004e-08,0.0,283.1644592285156,287.4449462890625,288.6285095214844,288.9419860839844,293.1499938964844,293.1499938964844,278.1499938964844,0.0,18000.0,313.1499938964844,0.0,18000.0,0.0,0.0,0.0,0.0,0.0,0.0,0.0,0.0,0.0,-0.0,0.0,0.0,-7.778098853284027e-21,-3.889049426642014e-21,-3.889049426642014e-21,0.0,0.0,-0.0,0.0,0.0,0.0,-0.0,0.0,0.0,0.0,0.0,0.0,4.0,0.0,0.0
12112200,297.64532470703125,303.1499938964844,285.1499938964844,0.0,-0.0,287.3363952636719,0.0,0.0,9.020127617986871e-05,297.5928039550781,303.1499938964844,285.1499938964844,0.0,-0.0,287.3363647460937,0.0,0.0,9.498632425675169e-05,297.986328125,303.1499938964844,285.1499938964844,0.0,-0.0,287.3398742675781,0.0,0.0,7.015660230536014e-05,297.4652709960937,303.1499938964844,285.1499938964844,0.0,-0.0,287.334716796875,0.0,0.0,9.4986280601006e-05,297.8811340332031,303.1499938964844,285.1499938964844,0.0,-0.0,287.337646484375,0.0,0.0,0.0004505740362219,287.2546691894531,294.1499938964844,282.0245361328125,281.1314392089844,283.7225341796875,281.4394836425781,286.7915954589844,0.0,0.0,0.0,0.0,1.0,1.0,-0.0009887198684737,1.3446926905302803e-09,0.0009887184714898,-0.0025464934296905,0.0,0.0,0.0,-0.0056170132011175,60.0,-3.017801284790039,-0.0,-6.298077437350004e-08,0.0,283.1644592285156,287.4449462890625,288.6285095214844,288.9419860839844,293.1499938964844,293.1499938964844,278.1499938964844,0.0,18000.0,313.1499938964844,0.0,18000.0,0.0,0.0,0.0,0.0,0.0,0.0,0.0,0.0,0.0,-0.0,0.0,0.0,-7.778098853284027e-21,-3.889049426642014e-21,-3.889049426642014e-21,0.0,0.0,-0.0,0.0,0.0,0.0,-0.0,0.0,0.0,0.0,0.0,0.0,4.0,0.0,0.0
12112260,297.6449890136719,303.1499938964844,285.1499938964844,0.0,-0.0,287.33251953125,0.0,0.0,9.032696107169612e-05,297.5849609375,303.1499938964844,285.1499938964844,0.0,-0.0,287.3324890136719,0.0,0.0,9.51186812017113e-05,297.9832763671875,303.1499938964844,285.1499938964844,0.0,-0.0,287.3359375,0.0,0.0,7.025435479590669e-05,297.4634094238281,303.1499938964844,285.1499938964844,0.0,-0.0,287.3308410644531,0.0,0.0,9.51186375459656e-05,297.87969970703125,303.1499938964844,285.1499938964844,0.0,-0.0,287.3337707519531,0.0,0.0,0.0004512018640525,287.25054931640625,294.1499938964844,282.0080871582031,281.116943359375,283.69342041015625,281.45806884765625,286.790771484375,0.0,0.0,0.0,0.0,1.0,1.0,-0.0009624506346881,1.4735905828899831e-09,0.0009624491794966,-0.002911633811891,0.0,0.0,0.0,-0.0055433274246752,60.0,-3.1340696811676025,-0.0,-6.315637079978842e-08,0.0,283.1644592285156,287.4449462890625,288.6285095214844,288.9419860839844,293.1499938964844,293.1499938964844,278.1499938964844,0.0,18000.0,313.1499938964844,0.0,18000.0,0.0,0.0,0.0,0.0,0.0,0.0,0.0,0.0,0.0,-0.0,0.0,0.0,-7.778098853284027e-21,-3.889049426642014e-21,-3.889049426642014e-21,0.0,0.0,-0.0,0.0,0.0,0.0,-0.0,0.0,0.0,0.0,0.0,0.0,4.0,0.0,0.0
12112320,297.6449890136719,303.1499938964844,285.1499938964844,0.0,-0.0,287.33251953125,0.0,0.0,9.032696107169612e-05,297.5849609375,303.1499938964844,285.1499938964844,0.0,-0.0,287.3324890136719,0.0,0.0,9.51186812017113e-05,297.9832763671875,303.1499938964844,285.1499938964844,0.0,-0.0,287.3359375,0.0,0.0,7.025435479590669e-05,297.4634094238281,303.1499938964844,285.1499938964844,0.0,-0.0,287.3308410644531,0.0,0.0,9.51186375459656e-05,297.87969970703125,303.1499938964844,285.1499938964844,0.0,-0.0,287.3337707519531,0.0,0.0,0.0004512018640525,287.25054931640625,294.1499938964844,282.0080871582031,281.116943359375,283.69342041015625,281.45806884765625,286.790771484375,0.0,0.0,0.0,0.0,1.0,1.0,-0.0009624506346881,1.4735905828899831e-09,0.0009624491794966,-0.002911633811891,0.0,0.0,0.0,-0.0055433274246752,60.0,-3.1340696811676025,-0.0,-6.315637079978842e-08,0.0,283.1644592285156,287.4449462890625,288.6285095214844,288.9419860839844,293.1499938964844,293.1499938964844,278.1499938964844,0.0,18000.0,313.1499938964844,0.0,18000.0,0.0,0.0,0.0,0.0,0.0,0.0,0.0,0.0,0.0,-0.0,0.0,0.0,-7.778098853284027e-21,-3.889049426642014e-21,-3.889049426642014e-21,0.0,0.0,-0.0,0.0,0.0,0.0,-0.0,0.0,0.0,0.0,0.0,0.0,4.0,0.0,0.0
12112380,297.644775390625,303.1499938964844,285.1499938964844,0.0,-0.0,287.3286437988281,0.0,0.0,9.032767411554232e-05,297.5789794921875,303.1499938964844,285.1499938964844,0.0,-0.0,287.32861328125,0.0,0.0,9.511942334938794e-05,297.9795837402344,303.1499938964844,285.1499938964844,0.0,-0.0,287.33203125,0.0,0.0,7.025490776868537e-05,297.4618225097656,303.1499938964844,285.1499938964844,0.0,-0.0,287.3269958496094,0.0,0.0,9.511938696959989e-05,297.878173828125,303.1499938964844,285.1499938964844,0.0,-0.0,287.3298645019531,0.0,0.0,0.000451205385616,287.2464294433594,294.1499938964844,281.9923095703125,281.10308837890625,283.66455078125,281.4771423339844,286.7898864746094,0.0,0.0,0.0,0.0,1.0,1.0,-0.0009624591330066,1.474437461013167e-09,0.0009624576778151,-0.0029138515237718,0.0,0.0,0.0,-0.0055437535047531,60.0,-3.158726692199707,-0.0,-6.315732292705435e-08,0.0,283.1644592285156,287.4449462890625,288.6285095214844,288.9419860839844,293.1499938964844,293.1499938964844,278.1499938964844,0.0,18000.0,313.1499938964844,0.0,18000.0,0.0,0.0,0.0,0.0,0.0,0.0,0.0,0.0,0.0,-0.0,0.0,0.0,-7.778098853284027e-21,-3.889049426642014e-21,-3.889049426642014e-21,0.0,0.0,-0.0,0.0,0.0,0.0,-0.0,0.0,0.0,0.0,0.0,0.0,4.0,0.0,0.0
12112440,297.644775390625,303.1499938964844,285.1499938964844,0.0,-0.0,287.3286437988281,0.0,0.0,9.032767411554232e-05,297.5789794921875,303.1499938964844,285.1499938964844,0.0,-0.0,287.32861328125,0.0,0.0,9.511942334938794e-05,297.9795837402344,303.1499938964844,285.1499938964844,0.0,-0.0,287.33203125,0.0,0.0,7.025490776868537e-05,297.4618225097656,303.1499938964844,285.1499938964844,0.0,-0.0,287.3269958496094,0.0,0.0,9.511938696959989e-05,297.878173828125,303.1499938964844,285.1499938964844,0.0,-0.0,287.3298645019531,0.0,0.0,0.000451205385616,287.2464294433594,294.1499938964844,281.9923095703125,281.10308837890625,283.66455078125,281.4771423339844,286.7898864746094,0.0,0.0,0.0,0.0,1.0,1.0,-0.0009624591330066,1.474437461013167e-09,0.0009624576778151,-0.0029138515237718,0.0,0.0,0.0,-0.0055437535047531,60.0,-3.158726692199707,-0.0,-6.315732292705435e-08,0.0,283.1644592285156,287.4449462890625,288.6285095214844,288.9419860839844,293.1499938964844,293.1499938964844,278.1499938964844,0.0,18000.0,313.1499938964844,0.0,18000.0,0.0,0.0,0.0,0.0,0.0,0.0,0.0,0.0,0.0,-0.0,0.0,0.0,-7.778098853284027e-21,-3.889049426642014e-21,-3.889049426642014e-21,0.0,0.0,-0.0,0.0,0.0,0.0,-0.0,0.0,0.0,0.0,0.0,0.0,4.0,0.0,0.0
12112500,297.6448974609375,303.1499938964844,285.1499938964844,0.0,-0.0,287.32672119140625,0.0,0.0,9.026553016155958e-05,297.5771179199219,303.1499938964844,285.1499938964844,0.0,-0.0,287.3266906738281,0.0,0.0,9.505398338660598e-05,297.9757995605469,303.1499938964844,285.1499938964844,0.0,-0.0,287.330078125,0.0,0.0,7.020657358225435e-05,297.46112060546875,303.1499938964844,285.1499938964844,0.0,-0.0,287.3250732421875,0.0,0.0,9.505394700681792e-05,297.87744140625,303.1499938964844,285.1499938964844,0.0,-0.0,287.32794189453125,0.0,0.0,0.0004508949641603,287.244384765625,294.1499938964844,281.9848022460937,281.09649658203125,283.65020751953125,281.4853820800781,286.7894592285156,0.0,0.0,0.0,0.0,1.0,1.0,-0.000961796788033,1.396995741309581e-09,0.0009617953910492,-0.0027109207585453,0.0,0.0,0.0,-0.005505362059921,60.0,-3.164062738418579,-0.0,-6.307043065589826e-08,0.0,283.1644592285156,287.4449462890625,288.6285095214844,288.9419860839844,293.1499938964844,293.1499938964844,278.1499938964844,0.0,18000.0,313.1499938964844,0.0,18000.0,0.0,0.0,0.0,0.0,0.0,0.0,0.0,0.0,0.0,-0.0,0.0,0.0,-7.778098853284027e-21,-3.889049426642014e-21,-3.889049426642014e-21,0.0,0.0,-0.0,0.0,0.0,0.0,-0.0,0.0,0.0,0.0,0.0,0.0,4.0,0.0,0.0
12112560,297.6450500488281,303.1499938964844,285.1499938964844,0.0,-0.0,287.3247985839844,0.0,0.0,9.024889732245356e-05,297.5761108398437,303.1499938964844,285.1499938964844,0.0,-0.0,287.3247375488281,0.0,0.0,9.503647015662864e-05,297.97088623046875,303.1499938964844,285.1499938964844,0.0,-0.0,287.328125,0.0,0.0,7.019363692961633e-05,297.4603576660156,303.1499938964844,285.1499938964844,0.0,-0.0,287.3231811523437,0.0,0.0,9.503642650088295e-05,297.87677001953125,303.1499938964844,285.1499938964844,0.0,-0.0,287.32598876953125,0.0,0.0,0.0004508119018282,287.2423400878906,294.1499938964844,281.9776306152344,281.0902099609375,283.63592529296875,281.49285888671875,286.7890014648437,0.0,0.0,0.0,0.0,1.0,1.0,-0.0009616189054213,1.3762542216966267e-09,0.0009616175084374,-0.0026565692387521,0.0,0.0,0.0,-0.0054950769990682,60.0,-3.1680681705474854,-0.0,-6.304716748672945e-08,0.0,283.1644592285156,287.4449462890625,288.6285095214844,288.9419860839844,293.1499938964844,293.1499938964844,278.1499938964844,0.0,18000.0,313.1499938964844,0.0,18000.0,0.0,0.0,0.0,0.0,0.0,0.0,0.0,0.0,0.0,-0.0,0.0,0.0,-7.778098853284027e-21,-3.889049426642014e-21,-3.889049426642014e-21,0.0,0.0,-0.0,0.0,0.0,0.0,-0.0,0.0,0.0,0.0,0.0,0.0,4.0,0.0,0.0
12112620,297.6449890136719,303.1499938964844,285.1499938964844,0.0,-0.0,287.3209533691406,0.0,0.0,9.046811464941128e-05,297.5765686035156,303.1499938964844,285.1499938964844,0.0,-0.0,287.3208923339844,0.0,0.0,9.526732173981144e-05,297.9588317871094,303.1499938964844,285.1499938964844,0.0,-0.0,287.3242492675781,0.0,0.0,7.03641417203471e-05,297.4583740234375,303.1499938964844,285.1499938964844,0.0,-0.0,287.3193359375,0.0,0.0,9.526728536002338e-05,297.87554931640625,303.1499938964844,285.1499938964844,0.0,-0.0,287.3221435546875,0.0,0.0,0.000451906962553,287.2382507324219,294.1499938964844,281.96453857421875,281.0787658691406,283.6075439453125,281.5096435546875,286.7880249023437,0.0,0.0,0.0,0.0,1.0,1.0,-0.0009639533818699,1.6493408860895895e-09,0.0009639517520554,-0.0033721749205142,0.0,0.0,0.0,-0.0056304531171917,60.0,-3.179537773132324,-0.0,-6.3353787993492e-08,0.0,283.1644592285156,287.4449462890625,288.6285095214844,288.9419860839844,293.1499938964844,293.1499938964844,278.1499938964844,0.0,18000.0,313.1499938964844,0.0,18000.0,0.0,0.0,0.0,0.0,0.0,0.0,0.0,0.0,0.0,-0.0,0.0,0.0,-7.778098853284027e-21,-3.889049426642014e-21,-3.889049426642014e-21,0.0,0.0,-0.0,0.0,0.0,0.0,-0.0,0.0,0.0,0.0,0.0,0.0,4.0,0.0,0.0
12112680,297.6449890136719,303.1499938964844,285.1499938964844,0.0,-0.0,287.3209533691406,0.0,0.0,9.046811464941128e-05,297.5765686035156,303.1499938964844,285.1499938964844,0.0,-0.0,287.3208923339844,0.0,0.0,9.526732173981144e-05,297.9588317871094,303.1499938964844,285.1499938964844,0.0,-0.0,287.3242492675781,0.0,0.0,7.03641417203471e-05,297.4583740234375,303.1499938964844,285.1499938964844,0.0,-0.0,287.3193359375,0.0,0.0,9.526728536002338e-05,297.87554931640625,303.1499938964844,285.1499938964844,0.0,-0.0,287.3221435546875,0.0,0.0,0.000451906962553,287.2382507324219,294.1499938964844,281.96453857421875,281.0787658691406,283.6075439453125,281.5096435546875,286.7880249023437,0.0,0.0,0.0,0.0,1.0,1.0,-0.0009639533818699,1.6493408860895895e-09,0.0009639517520554,-0.0033721749205142,0.0,0.0,0.0,-0.0056304531171917,60.0,-3.179537773132324,-0.0,-6.3353787993492e-08,0.0,283.1644592285156,287.4449462890625,288.6285095214844,288.9419860839844,293.1499938964844,293.1499938964844,278.1499938964844,0.0,18000.0,313.1499938964844,0.0,18000.0,0.0,0.0,0.0,0.0,0.0,0.0,0.0,0.0,0.0,-0.0,0.0,0.0,-7.778098853284027e-21,-3.889049426642014e-21,-3.889049426642014e-21,0.0,0.0,-0.0,0.0,0.0,0.0,-0.0,0.0,0.0,0.0,0.0,0.0,4.0,0.0,0.0
12112740,297.6440124511719,303.1499938964844,285.1499938964844,0.0,-0.0,287.31707763671875,0.0,0.0,9.086387581191956e-05,297.5800170898437,303.1499938964844,285.1499938964844,0.0,-0.0,287.3170471191406,0.0,0.0,9.568407404003663e-05,297.9454345703125,303.1499938964844,285.1499938964844,0.0,-0.0,287.3203430175781,0.0,0.0,7.067195110721514e-05,297.4555053710937,303.1499938964844,285.1499938964844,0.0,-0.0,287.31549072265625,0.0,0.0,9.568403038429096e-05,297.87451171875,303.1499938964844,285.1499938964844,0.0,-0.0,287.3182678222656,0.0,0.0,0.0004538838402368,287.2341613769531,294.1499938964844,281.95343017578125,281.069091796875,283.5793151855469,281.5335388183594,286.7870178222656,0.0,0.0,0.0,0.0,1.0,1.0,-0.0009681697119958,2.1423676166421046e-09,0.0009681675583124,-0.0046641039662063,0.0,0.0,0.0,-0.0058748675510287,60.0,-3.1978752613067627,-0.0,-6.39092476717451e-08,0.0,283.1644592285156,287.4449462890625,288.6285095214844,288.9419860839844,293.1499938964844,293.1499938964844,278.1499938964844,0.0,18000.0,313.1499938964844,0.0,18000.0,0.0,0.0,0.0,0.0,0.0,0.0,0.0,0.0,0.0,-0.0,0.0,0.0,-7.778098853284027e-21,-3.889049426642014e-21,-3.889049426642014e-21,0.0,0.0,-0.0,0.0,0.0,0.0,-0.0,0.0,0.0,0.0,0.0,0.0,4.0,0.0,0.0
12112800,297.6440124511719,303.1499938964844,285.1499938964844,0.0,-0.0,287.31707763671875,0.0,0.0,9.086387581191956e-05,297.5800170898437,303.1499938964844,285.1499938964844,0.0,-0.0,287.3170471191406,0.0,0.0,9.568407404003663e-05,297.9454345703125,303.1499938964844,285.1499938964844,0.0,-0.0,287.3203430175781,0.0,0.0,7.067195110721514e-05,297.4555053710937,303.1499938964844,285.1499938964844,0.0,-0.0,287.31549072265625,0.0,0.0,9.568403038429096e-05,297.87451171875,303.1499938964844,285.1499938964844,0.0,-0.0,287.3182678222656,0.0,0.0,0.0004538838402368,287.2341613769531,294.1499938964844,281.95343017578125,281.069091796875,283.5793151855469,281.5335388183594,286.7870178222656,0.0,0.0,0.0,0.0,1.0,1.0,-0.0009681697119958,2.1423676166421046e-09,0.0009681675583124,-0.0046641039662063,0.0,0.0,0.0,-0.0058748675510287,60.0,-3.1978752613067627,-0.0,-6.39092476717451e-08,0.0,283.1644592285156,287.4449462890625,288.6285095214844,288.9419860839844,293.1499938964844,293.1499938964844,278.1499938964844,0.0,18000.0,313.1499938964844,0.0,18000.0,0.0,0.0,0.0,0.0,0.0,0.0,0.0,0.0,0.0,-0.0,0.0,0.0,-7.778098853284027e-21,-3.889049426642014e-21,-3.889049426642014e-21,0.0,0.0,-0.0,0.0,0.0,0.0,-0.0,0.0,0.0,0.0,0.0,0.0,4.0,0.0,0.0
12112860,297.6427307128906,303.1499938964844,285.1499938964844,0.0,-0.0,287.313232421875,0.0,0.0,9.120853792410344e-05,297.5815734863281,303.1499938964844,285.1499938964844,0.0,-0.0,287.31317138671875,0.0,0.0,9.604702063370496e-05,297.93218994140625,303.1499938964844,285.1499938964844,0.0,-0.0,287.3164367675781,0.0,0.0,7.094002648955211e-05,297.4519958496094,303.1499938964844,285.1499938964844,0.0,-0.0,287.3116455078125,0.0,0.0,9.604697697795928e-05,297.87359619140625,303.1499938964844,285.1499938964844,0.0,-0.0,287.3143920898437,0.0,0.0,0.0004556055064313,287.2301025390625,294.1499938964844,281.9447631835937,281.06158447265625,283.5513000488281,281.5642395019531,286.78594970703125,0.0,0.0,0.0,0.0,1.0,1.0,-0.0009718423825688,2.571740376211551e-09,0.0009718398214317,-0.0057892147451639,0.0,0.0,0.0,-0.0060877297073602,60.0,-3.216738700866699,-0.0,-6.439496758048335e-08,0.0,283.1644592285156,287.4449462890625,288.6285095214844,288.9419860839844,293.1499938964844,293.1499938964844,278.1499938964844,0.0,18000.0,313.1499938964844,0.0,18000.0,0.0,0.0,0.0,0.0,0.0,0.0,0.0,0.0,0.0,-0.0,0.0,0.0,-7.778098853284027e-21,-3.889049426642014e-21,-3.889049426642014e-21,0.0,0.0,-0.0,0.0,0.0,0.0,-0.0,0.0,0.0,0.0,0.0,0.0,4.0,0.0,0.0
12112920,297.6427307128906,303.1499938964844,285.1499938964844,0.0,-0.0,287.313232421875,0.0,0.0,9.120853792410344e-05,297.5815734863281,303.1499938964844,285.1499938964844,0.0,-0.0,287.31317138671875,0.0,0.0,9.604702063370496e-05,297.93218994140625,303.1499938964844,285.1499938964844,0.0,-0.0,287.3164367675781,0.0,0.0,7.094002648955211e-05,297.4519958496094,303.1499938964844,285.1499938964844,0.0,-0.0,287.3116455078125,0.0,0.0,9.604697697795928e-05,297.87359619140625,303.1499938964844,285.1499938964844,0.0,-0.0,287.3143920898437,0.0,0.0,0.0004556055064313,287.2301025390625,294.1499938964844,281.9447631835937,281.06158447265625,283.5513000488281,281.5642395019531,286.78594970703125,0.0,0.0,0.0,0.0,1.0,1.0,-0.0009718423825688,2.571740376211551e-09,0.0009718398214317,-0.0057892147451639,0.0,0.0,0.0,-0.0060877297073602,60.0,-3.216738700866699,-0.0,-6.439496758048335e-08,0.0,283.1644592285156,287.4449462890625,288.6285095214844,288.9419860839844,293.1499938964844,293.1499938964844,278.1499938964844,0.0,18000.0,313.1499938964844,0.0,18000.0,0.0,0.0,0.0,0.0,0.0,0.0,0.0,0.0,0.0,-0.0,0.0,0.0,-7.778098853284027e-21,-3.889049426642014e-21,-3.889049426642014e-21,0.0,0.0,-0.0,0.0,0.0,0.0,-0.0,0.0,0.0,0.0,0.0,0.0,4.0,0.0,0.0
12112980,297.6423645019531,303.1499938964844,285.1499938964844,0.0,-0.0,287.3093566894531,0.0,0.0,9.115807188209146e-05,297.5814819335937,303.1499938964844,285.1499938964844,0.0,-0.0,287.309326171875,0.0,0.0,9.599386976333336e-05,297.92138671875,303.1499938964844,285.1499938964844,0.0,-0.0,287.31256103515625,0.0,0.0,7.090077269822359e-05,297.44879150390625,303.1499938964844,285.1499938964844,0.0,-0.0,287.3078308105469,0.0,0.0,9.599383338354528e-05,297.8726501464844,303.1499938964844,285.1499938964844,0.0,-0.0,287.3105163574219,0.0,0.0,0.0004553534090518,287.2260437011719,294.1499938964844,281.9389953613281,281.0566711425781,283.52362060546875,281.5946960449219,286.7848205566406,0.0,0.0,0.0,0.0,1.0,1.0,-0.0009713054751046,2.508826479896697e-09,0.0009713029721751,-0.0056243580766022,0.0,0.0,0.0,-0.0060565462335944,60.0,-3.2255747318267822,-0.0,-6.432367882780454e-08,0.0,283.1644592285156,287.4449462890625,288.6285095214844,288.9419860839844,293.1499938964844,293.1499938964844,278.1499938964844,0.0,18000.0,313.1499938964844,0.0,18000.0,0.0,0.0,0.0,0.0,0.0,0.0,0.0,0.0,0.0,-0.0,0.0,0.0,-7.778098853284027e-21,-3.889049426642014e-21,-3.889049426642014e-21,0.0,0.0,-0.0,0.0,0.0,0.0,-0.0,0.0,0.0,0.0,0.0,0.0,4.0,0.0,0.0
12113040,297.6423645019531,303.1499938964844,285.1499938964844,0.0,-0.0,287.3093566894531,0.0,0.0,9.115807188209146e-05,297.5814819335937,303.1499938964844,285.1499938964844,0.0,-0.0,287.309326171875,0.0,0.0,9.599386976333336e-05,297.92138671875,303.1499938964844,285.1499938964844,0.0,-0.0,287.31256103515625,0.0,0.0,7.090077269822359e-05,297.44879150390625,303.1499938964844,285.1499938964844,0.0,-0.0,287.3078308105469,0.0,0.0,9.599383338354528e-05,297.8726501464844,303.1499938964844,285.1499938964844,0.0,-0.0,287.3105163574219,0.0,0.0,0.0004553534090518,287.2260437011719,294.1499938964844,281.9389953613281,281.0566711425781,283.52362060546875,281.5946960449219,286.7848205566406,0.0,0.0,0.0,0.0,1.0,1.0,-0.0009713054751046,2.508826479896697e-09,0.0009713029721751,-0.0056243580766022,0.0,0.0,0.0,-0.0060565462335944,60.0,-3.2255747318267822,-0.0,-6.432367882780454e-08,0.0,283.1644592285156,287.4449462890625,288.6285095214844,288.9419860839844,293.1499938964844,293.1499938964844,278.1499938964844,0.0,18000.0,313.1499938964844,0.0,18000.0,0.0,0.0,0.0,0.0,0.0,0.0,0.0,0.0,0.0,-0.0,0.0,0.0,-7.778098853284027e-21,-3.889049426642014e-21,-3.889049426642014e-21,0.0,0.0,-0.0,0.0,0.0,0.0,-0.0,0.0,0.0,0.0,0.0,0.0,4.0,0.0,0.0
12113100,297.6426696777344,303.1499938964844,285.1499938964844,0.0,-0.0,287.30743408203125,0.0,0.0,9.108836093218996e-05,297.5812683105469,303.1499938964844,285.1499938964844,0.0,-0.0,287.3074035644531,0.0,0.0,9.592046990292148e-05,297.9172668457031,303.1499938964844,285.1499938964844,0.0,-0.0,287.31060791015625,0.0,0.0,7.08465522620827e-05,297.4472351074219,303.1499938964844,285.1499938964844,0.0,-0.0,287.305908203125,0.0,0.0,9.592042624717578e-05,297.8721923828125,303.1499938964844,285.1499938964844,0.0,-0.0,287.30859375,0.0,0.0,0.0004550052108243,287.2239990234375,294.1499938964844,281.93731689453125,281.0552978515625,283.50994873046875,281.60821533203125,286.78424072265625,0.0,0.0,0.0,0.0,1.0,1.0,-0.000970562803559,2.4219637406730503e-09,0.0009705603588372,-0.0053967465646564,0.0,0.0,0.0,-0.0060134851373732,60.0,-3.2261292934417725,-0.0,-6.422532550232063e-08,0.0,283.1644592285156,287.4449462890625,288.6285095214844,288.9419860839844,293.1499938964844,293.1499938964844,278.1499938964844,0.0,18000.0,313.1499938964844,0.0,18000.0,0.0,0.0,0.0,0.0,0.0,0.0,0.0,0.0,0.0,-0.0,0.0,0.0,-7.778098853284027e-21,-3.889049426642014e-21,-3.889049426642014e-21,0.0,0.0,-0.0,0.0,0.0,0.0,-0.0,0.0,0.0,0.0,0.0,0.0,4.0,0.0,0.0
12113160,297.64324951171875,303.1499938964844,285.1499938964844,0.0,-0.0,287.3055114746094,0.0,0.0,9.100062743527816e-05,297.5810241699219,303.1499938964844,285.1499938964844,0.0,-0.0,287.30548095703125,0.0,0.0,9.582807979313655e-05,297.9140319824219,303.1499938964844,285.1499938964844,0.0,-0.0,287.3086853027344,0.0,0.0,7.077831105561927e-05,297.4444580078125,303.1499938964844,285.1499938964844,0.0,-0.0,287.3039855957031,0.0,0.0,9.582803613739088e-05,297.8717346191406,303.1499938964844,285.1499938964844,0.0,-0.0,287.3066711425781,0.0,0.0,0.0004545669653452,287.22198486328125,294.1499938964844,281.9365539550781,281.0547180175781,283.4963684082031,281.6203918457031,286.7836303710937,0.0,0.0,0.0,0.0,1.0,1.0,-0.0009696278721094,2.3126371928583467e-09,0.0009696255438029,-0.0051102717407047,0.0,0.0,0.0,-0.0059592872858047,60.0,-3.2248988151550293,-0.0,-6.410164132830688e-08,0.0,283.1644592285156,287.4449462890625,288.6285095214844,288.9419860839844,293.1499938964844,293.1499938964844,278.1499938964844,0.0,18000.0,313.1499938964844,0.0,18000.0,0.0,0.0,0.0,0.0,0.0,0.0,0.0,0.0,0.0,-0.0,0.0,0.0,-7.778098853284027e-21,-3.889049426642014e-21,-3.889049426642014e-21,0.0,0.0,-0.0,0.0,0.0,0.0,-0.0,0.0,0.0,0.0,0.0,0.0,4.0,0.0,0.0
12113220,297.64501953125,303.1499938964844,285.1499938964844,0.0,-0.0,287.3016967773437,0.0,0.0,9.086159116122872e-05,297.5804748535156,303.1499938964844,285.1499938964844,0.0,-0.0,287.3016662597656,0.0,0.0,9.568166569806635e-05,297.9103698730469,303.1499938964844,285.1499938964844,0.0,-0.0,287.3048095703125,0.0,0.0,7.067017577355728e-05,297.4358215332031,303.1499938964844,285.1499938964844,0.0,-0.0,287.3002014160156,0.0,0.0,9.568162931827828e-05,297.87066650390625,303.1499938964844,285.1499938964844,0.0,-0.0,287.3028259277344,0.0,0.0,0.0004538724606391,287.2179870605469,294.1499938964844,281.9378967285156,281.05615234375,283.4696350097656,281.6415100097656,286.7823791503906,0.0,0.0,0.0,0.0,1.0,1.0,-0.0009681457886472,2.139383559196517e-09,0.0009681436349637,-0.0046562827192246,0.0,0.0,0.0,-0.0058733960613608,60.0,-3.219491004943848,-0.0,-6.39058796991776e-08,0.0,283.1644592285156,287.4449462890625,288.6285095214844,288.9419860839844,293.1499938964844,293.1499938964844,278.1499938964844,0.0,18000.0,313.1499938964844,0.0,18000.0,0.0,0.0,0.0,0.0,0.0,0.0,0.0,0.0,0.0,-0.0,0.0,0.0,-7.778098853284027e-21,-3.889049426642014e-21,-3.889049426642014e-21,0.0,0.0,-0.0,0.0,0.0,0.0,-0.0,0.0,0.0,0.0,0.0,0.0,4.0,0.0,0.0
12113280,297.64501953125,303.1499938964844,285.1499938964844,0.0,-0.0,287.3016967773437,0.0,0.0,9.086159116122872e-05,297.5804748535156,303.1499938964844,285.1499938964844,0.0,-0.0,287.3016662597656,0.0,0.0,9.568166569806635e-05,297.9103698730469,303.1499938964844,285.1499938964844,0.0,-0.0,287.3048095703125,0.0,0.0,7.067017577355728e-05,297.4358215332031,303.1499938964844,285.1499938964844,0.0,-0.0,287.3002014160156,0.0,0.0,9.568162931827828e-05,297.87066650390625,303.1499938964844,285.1499938964844,0.0,-0.0,287.3028259277344,0.0,0.0,0.0004538724606391,287.2179870605469,294.1499938964844,281.9378967285156,281.05615234375,283.4696350097656,281.6415100097656,286.7823791503906,0.0,0.0,0.0,0.0,1.0,1.0,-0.0009681457886472,2.139383559196517e-09,0.0009681436349637,-0.0046562827192246,0.0,0.0,0.0,-0.0058733960613608,60.0,-3.219491004943848,-0.0,-6.39058796991776e-08,0.0,283.1644592285156,287.4449462890625,288.6285095214844,288.9419860839844,293.1499938964844,293.1499938964844,278.1499938964844,0.0,18000.0,313.1499938964844,0.0,18000.0,0.0,0.0,0.0,0.0,0.0,0.0,0.0,0.0,0.0,-0.0,0.0,0.0,-7.778098853284027e-21,-3.889049426642014e-21,-3.889049426642014e-21,0.0,0.0,-0.0,0.0,0.0,0.0,-0.0,0.0,0.0,0.0,0.0,0.0,4.0,0.0,0.0
12113340,297.6470642089844,303.1499938964844,285.1499938964844,0.0,-0.0,287.2978820800781,0.0,0.0,9.087539365282282e-05,297.5795288085937,303.1499938964844,285.1499938964844,0.0,-0.0,287.2978515625,0.0,0.0,9.569620306137948e-05,297.9103088378906,303.1499938964844,285.1499938964844,0.0,-0.0,287.30096435546875,0.0,0.0,7.06809078110382e-05,297.4253234863281,303.1499938964844,285.1499938964844,0.0,-0.0,287.29638671875,0.0,0.0,9.569616668159142e-05,297.8693542480469,303.1499938964844,285.1499938964844,0.0,-0.0,287.29901123046875,0.0,0.0,0.0004539413785096,287.2139892578125,294.1499938964844,281.94342041015625,281.0613098144531,283.44342041015625,281.6604919433594,286.78106689453125,0.0,0.0,0.0,0.0,1.0,1.0,-0.0009682920062914,2.156541611952889e-09,0.0009682898526079,-0.0047012441791594,0.0,0.0,0.0,-0.0058818995021283,60.0,-3.214254379272461,-0.0,-6.392524909415442e-08,0.0,283.1644592285156,287.4449462890625,288.6285095214844,288.9419860839844,293.1499938964844,293.1499938964844,278.1499938964844,0.0,18000.0,313.1499938964844,0.0,18000.0,0.0,0.0,0.0,0.0,0.0,0.0,0.0,0.0,0.0,-0.0,0.0,0.0,-7.778098853284027e-21,-3.889049426642014e-21,-3.889049426642014e-21,0.0,0.0,-0.0,0.0,0.0,0.0,-0.0,0.0,0.0,0.0,0.0,0.0,4.0,0.0,0.0
12113400,297.6470642089844,303.1499938964844,285.1499938964844,0.0,-0.0,287.2978820800781,0.0,0.0,9.087539365282282e-05,297.5795288085937,303.1499938964844,285.1499938964844,0.0,-0.0,287.2978515625,0.0,0.0,9.569620306137948e-05,297.9103088378906,303.1499938964844,285.1499938964844,0.0,-0.0,287.30096435546875,0.0,0.0,7.06809078110382e-05,297.4253234863281,303.1499938964844,285.1499938964844,0.0,-0.0,287.29638671875,0.0,0.0,9.569616668159142e-05,297.8693542480469,303.1499938964844,285.1499938964844,0.0,-0.0,287.29901123046875,0.0,0.0,0.0004539413785096,287.2139892578125,294.1499938964844,281.94342041015625,281.0613098144531,283.44342041015625,281.6604919433594,286.78106689453125,0.0,0.0,0.0,0.0,1.0,1.0,-0.0009682920062914,2.156541611952889e-09,0.0009682898526079,-0.0047012441791594,0.0,0.0,0.0,-0.0058818995021283,60.0,-3.214254379272461,-0.0,-6.392524909415442e-08,0.0,283.1644592285156,287.4449462890625,288.6285095214844,288.9419860839844,293.1499938964844,293.1499938964844,278.1499938964844,0.0,18000.0,313.1499938964844,0.0,18000.0,0.0,0.0,0.0,0.0,0.0,0.0,0.0,0.0,0.0,-0.0,0.0,0.0,-7.778098853284027e-21,-3.889049426642014e-21,-3.889049426642014e-21,0.0,0.0,-0.0,0.0,0.0,0.0,-0.0,0.0,0.0,0.0,0.0,0.0,4.0,0.0,0.0
12113460,297.6488647460937,303.1499938964844,285.1499938964844,0.0,-0.0,287.2940979003906,0.0,0.0,9.102928743232042e-05,297.5780029296875,303.1499938964844,285.1499938964844,0.0,-0.0,287.2940368652344,0.0,0.0,9.58582531893626e-05,297.91314697265625,303.1499938964844,285.1499938964844,0.0,-0.0,287.297119140625,0.0,0.0,7.080060458974913e-05,297.41485595703125,303.1499938964844,285.1499938964844,0.0,-0.0,287.2926025390625,0.0,0.0,9.585821680957451e-05,297.8677978515625,303.1499938964844,285.1499938964844,0.0,-0.0,287.295166015625,0.0,0.0,0.0004547100979834,287.2099914550781,294.1499938964844,281.9536437988281,281.07061767578125,283.41778564453125,281.6802673339844,286.7796630859375,0.0,0.0,0.0,0.0,1.0,1.0,-0.0009699311340227,2.348234273696903e-09,0.0009699287475086,-0.0052035502158105,0.0,0.0,0.0,-0.0059769283980131,60.0,-3.211139917373657,-0.0,-6.414190067971505e-08,0.0,283.1644592285156,287.4449462890625,288.6285095214844,288.9419860839844,293.1499938964844,293.1499938964844,278.1499938964844,0.0,18000.0,313.1499938964844,0.0,18000.0,0.0,0.0,0.0,0.0,0.0,0.0,0.0,0.0,0.0,-0.0,0.0,0.0,-7.778098853284027e-21,-3.889049426642014e-21,-3.889049426642014e-21,0.0,0.0,-0.0,0.0,0.0,0.0,-0.0,0.0,0.0,0.0,0.0,0.0,4.0,0.0,0.0
12113520,297.6488647460937,303.1499938964844,285.1499938964844,0.0,-0.0,287.2940979003906,0.0,0.0,9.102928743232042e-05,297.5780029296875,303.1499938964844,285.1499938964844,0.0,-0.0,287.2940368652344,0.0,0.0,9.58582531893626e-05,297.91314697265625,303.1499938964844,285.1499938964844,0.0,-0.0,287.297119140625,0.0,0.0,7.080060458974913e-05,297.41485595703125,303.1499938964844,285.1499938964844,0.0,-0.0,287.2926025390625,0.0,0.0,9.585821680957451e-05,297.8677978515625,303.1499938964844,285.1499938964844,0.0,-0.0,287.295166015625,0.0,0.0,0.0004547100979834,287.2099914550781,294.1499938964844,281.9536437988281,281.07061767578125,283.41778564453125,281.6802673339844,286.7796630859375,0.0,0.0,0.0,0.0,1.0,1.0,-0.0009699311340227,2.348234273696903e-09,0.0009699287475086,-0.0052035502158105,0.0,0.0,0.0,-0.0059769283980131,60.0,-3.211139917373657,-0.0,-6.414190067971505e-08,0.0,283.1644592285156,287.4449462890625,288.6285095214844,288.9419860839844,293.1499938964844,293.1499938964844,278.1499938964844,0.0,18000.0,313.1499938964844,0.0,18000.0,0.0,0.0,0.0,0.0,0.0,0.0,0.0,0.0,0.0,-0.0,0.0,0.0,-7.778098853284027e-21,-3.889049426642014e-21,-3.889049426642014e-21,0.0,0.0,-0.0,0.0,0.0,0.0,-0.0,0.0,0.0,0.0,0.0,0.0,4.0,0.0,0.0
12113580,297.6504821777344,303.1499938964844,285.1499938964844,0.0,-0.0,287.290283203125,0.0,0.0,9.121438779402524e-05,297.57598876953125,303.1499938964844,285.1499938964844,0.0,-0.0,287.2902526855469,0.0,0.0,9.605317609384656e-05,297.91778564453125,303.1499938964844,285.1499938964844,0.0,-0.0,287.29327392578125,0.0,0.0,7.094457396306098e-05,297.4057006835937,303.1499938964844,285.1499938964844,0.0,-0.0,287.288818359375,0.0,0.0,9.605313971405848e-05,297.8661193847656,303.1499938964844,285.1499938964844,0.0,-0.0,287.2913513183594,0.0,0.0,0.000455634726677,287.2060241699219,294.1499938964844,281.9689636230469,281.0844421386719,283.39276123046875,281.7022705078125,286.7782287597656,0.0,0.0,0.0,0.0,1.0,1.0,-0.0009719032095745,2.578818492082746e-09,0.0009719006484374,-0.005807761568576,0.0,0.0,0.0,-0.0060912398621439,60.0,-3.2077815532684326,-0.0,-6.440298960797008e-08,0.0,283.1644592285156,287.4449462890625,288.6285095214844,288.9419860839844,293.1499938964844,293.1499938964844,278.1499938964844,0.0,18000.0,313.1499938964844,0.0,18000.0,0.0,0.0,0.0,0.0,0.0,0.0,0.0,0.0,0.0,-0.0,0.0,0.0,-7.778098853284027e-21,-3.889049426642014e-21,-3.889049426642014e-21,0.0,0.0,-0.0,0.0,0.0,0.0,-0.0,0.0,0.0,0.0,0.0,0.0,4.0,0.0,0.0
12113640,297.6504821777344,303.1499938964844,285.1499938964844,0.0,-0.0,287.290283203125,0.0,0.0,9.121438779402524e-05,297.57598876953125,303.1499938964844,285.1499938964844,0.0,-0.0,287.2902526855469,0.0,0.0,9.605317609384656e-05,297.91778564453125,303.1499938964844,285.1499938964844,0.0,-0.0,287.29327392578125,0.0,0.0,7.094457396306098e-05,297.4057006835937,303.1499938964844,285.1499938964844,0.0,-0.0,287.288818359375,0.0,0.0,9.605313971405848e-05,297.8661193847656,303.1499938964844,285.1499938964844,0.0,-0.0,287.2913513183594,0.0,0.0,0.000455634726677,287.2060241699219,294.1499938964844,281.9689636230469,281.0844421386719,283.39276123046875,281.7022705078125,286.7782287597656,0.0,0.0,0.0,0.0,1.0,1.0,-0.0009719032095745,2.578818492082746e-09,0.0009719006484374,-0.005807761568576,0.0,0.0,0.0,-0.0060912398621439,60.0,-3.2077815532684326,-0.0,-6.440298960797008e-08,0.0,283.1644592285156,287.4449462890625,288.6285095214844,288.9419860839844,293.1499938964844,293.1499938964844,278.1499938964844,0.0,18000.0,313.1499938964844,0.0,18000.0,0.0,0.0,0.0,0.0,0.0,0.0,0.0,0.0,0.0,-0.0,0.0,0.0,-7.778098853284027e-21,-3.889049426642014e-21,-3.889049426642014e-21,0.0,0.0,-0.0,0.0,0.0,0.0,-0.0,0.0,0.0,0.0,0.0,0.0,4.0,0.0,0.0
12113700,297.6513061523437,303.1499938964844,285.1499938964844,0.0,-0.0,287.28839111328125,0.0,0.0,9.12860850803554e-05,297.5749206542969,303.1499938964844,285.1499938964844,0.0,-0.0,287.2883605957031,0.0,0.0,9.612867870600894e-05,297.9203186035156,303.1499938964844,285.1499938964844,0.0,-0.0,287.2913513183594,0.0,0.0,7.100033690221608e-05,297.40203857421875,303.1499938964844,285.1499938964844,0.0,-0.0,287.28692626953125,0.0,0.0,9.612864232622088e-05,297.8652648925781,303.1499938964844,285.1499938964844,0.0,-0.0,287.2894592285156,0.0,0.0,0.0004559928784146,287.2040405273437,294.1499938964844,281.9786682128906,281.0931701660156,283.3805236816406,281.7141418457031,286.7774963378906,0.0,0.0,0.0,0.0,1.0,1.0,-0.0009726671269163,2.6681281628526676e-09,0.0009726644493639,-0.006041781976819,0.0,0.0,0.0,-0.0061355154030025,60.0,-3.204636335372925,-0.0,-6.450425615867061e-08,0.0,283.1644592285156,287.4449462890625,288.6285095214844,288.9419860839844,293.1499938964844,293.1499938964844,278.1499938964844,0.0,18000.0,313.1499938964844,0.0,18000.0,0.0,0.0,0.0,0.0,0.0,0.0,0.0,0.0,0.0,-0.0,0.0,0.0,-7.778098853284027e-21,-3.889049426642014e-21,-3.889049426642014e-21,0.0,0.0,-0.0,0.0,0.0,0.0,-0.0,0.0,0.0,0.0,0.0,0.0,4.0,0.0,0.0
12113760,297.6522521972656,303.1499938964844,285.1499938964844,0.0,-0.0,287.2864990234375,0.0,0.0,9.133833373198286e-05,297.5738220214844,303.1499938964844,285.1499938964844,0.0,-0.0,287.28643798828125,0.0,0.0,9.618369222152978e-05,297.9227600097656,303.1499938964844,285.1499938964844,0.0,-0.0,287.2894592285156,0.0,0.0,7.104097312549129e-05,297.3989562988281,303.1499938964844,285.1499938964844,0.0,-0.0,287.2850341796875,0.0,0.0,9.618366311769933e-05,297.86444091796875,303.1499938964844,285.1499938964844,0.0,-0.0,287.2875671386719,0.0,0.0,0.0004562538524623,287.2020874023437,294.1499938964844,281.9898376464844,281.1031799316406,283.36846923828125,281.72637939453125,286.7767333984375,0.0,0.0,0.0,0.0,1.0,1.0,-0.0009732238249853,2.7332029972626515e-09,0.0009732210892252,-0.0062122987583279,0.0,0.0,0.0,-0.0061677764169871,60.0,-3.200242280960083,-0.0,-6.457808865434346e-08,0.0,283.1644592285156,287.4449462890625,288.6285095214844,288.9419860839844,293.1499938964844,293.1499938964844,278.1499938964844,0.0,18000.0,313.1499938964844,0.0,18000.0,0.0,0.0,0.0,0.0,0.0,0.0,0.0,0.0,0.0,-0.0,0.0,0.0,-7.778098853284027e-21,-3.889049426642014e-21,-3.889049426642014e-21,0.0,0.0,-0.0,0.0,0.0,0.0,-0.0,0.0,0.0,0.0,0.0,0.0,4.0,0.0,0.0
12113820,297.6546936035156,303.1499938964844,285.1499938964844,0.0,-0.0,287.2826843261719,0.0,0.0,9.136592416325584e-05,297.5718688964844,303.1499938964844,285.1499938964844,0.0,-0.0,287.2826538085937,0.0,0.0,9.621275239624084e-05,297.926513671875,303.1499938964844,285.1499938964844,0.0,-0.0,287.2856140136719,0.0,0.0,7.106242992449552e-05,297.3949890136719,303.1499938964844,285.1499938964844,0.0,-0.0,287.2812805175781,0.0,0.0,9.621271601645276e-05,297.8629455566406,303.1499938964844,285.1499938964844,0.0,-0.0,287.28375244140625,0.0,0.0,0.0004563916882034,287.1981201171875,294.1499938964844,282.0166931152344,281.12725830078125,283.344970703125,281.7514343261719,286.7751770019531,0.0,0.0,0.0,0.0,1.0,1.0,-0.0009735178900882,2.7675450819941716e-09,0.0009735150961205,-0.0063022854737937,0.0,0.0,0.0,-0.0061848033219575,60.0,-3.186373710632324,-0.0,-6.46170761342546e-08,0.0,283.1644592285156,287.4449462890625,288.6285095214844,288.9419860839844,293.1499938964844,293.1499938964844,278.1499938964844,0.0,18000.0,313.1499938964844,0.0,18000.0,0.0,0.0,0.0,0.0,0.0,0.0,0.0,0.0,0.0,-0.0,0.0,0.0,-7.778098853284027e-21,-3.889049426642014e-21,-3.889049426642014e-21,0.0,0.0,-0.0,0.0,0.0,0.0,-0.0,0.0,0.0,0.0,0.0,0.0,4.0,0.0,0.0
12113880,297.6546936035156,303.1499938964844,285.1499938964844,0.0,-0.0,287.2826843261719,0.0,0.0,9.136592416325584e-05,297.5718688964844,303.1499938964844,285.1499938964844,0.0,-0.0,287.2826538085937,0.0,0.0,9.621275239624084e-05,297.926513671875,303.1499938964844,285.1499938964844,0.0,-0.0,287.2856140136719,0.0,0.0,7.106242992449552e-05,297.3949890136719,303.1499938964844,285.1499938964844,0.0,-0.0,287.2812805175781,0.0,0.0,9.621271601645276e-05,297.8629455566406,303.1499938964844,285.1499938964844,0.0,-0.0,287.28375244140625,0.0,0.0,0.0004563916882034,287.1981201171875,294.1499938964844,282.0166931152344,281.12725830078125,283.344970703125,281.7514343261719,286.7751770019531,0.0,0.0,0.0,0.0,1.0,1.0,-0.0009735178900882,2.7675450819941716e-09,0.0009735150961205,-0.0063022854737937,0.0,0.0,0.0,-0.0061848033219575,60.0,-3.186373710632324,-0.0,-6.46170761342546e-08,0.0,283.1644592285156,287.4449462890625,288.6285095214844,288.9419860839844,293.1499938964844,293.1499938964844,278.1499938964844,0.0,18000.0,313.1499938964844,0.0,18000.0,0.0,0.0,0.0,0.0,0.0,0.0,0.0,0.0,0.0,-0.0,0.0,0.0,-7.778098853284027e-21,-3.889049426642014e-21,-3.889049426642014e-21,0.0,0.0,-0.0,0.0,0.0,0.0,-0.0,0.0,0.0,0.0,0.0,0.0,4.0,0.0,0.0
12113940,297.6582946777344,303.1499938964844,285.1499938964844,0.0,-0.0,287.2789306640625,0.0,0.0,9.128888632403688e-05,297.5704650878906,303.1499938964844,285.1499938964844,0.0,-0.0,287.27886962890625,0.0,0.0,9.613162546884269e-05,297.9277038574219,303.1499938964844,285.1499938964844,0.0,-0.0,287.28179931640625,0.0,0.0,7.100251241354272e-05,297.39422607421875,303.1499938964844,285.1499938964844,0.0,-0.0,287.27752685546875,0.0,0.0,9.61315890890546e-05,297.8618469238281,303.1499938964844,285.1499938964844,0.0,-0.0,287.27996826171875,0.0,0.0,0.0004560068482533,287.1942138671875,294.1499938964844,282.04998779296875,281.1570129394531,283.3224182128906,281.7764892578125,286.7735595703125,0.0,0.0,0.0,0.0,1.0,1.0,-0.000972697045654,2.671530552333934e-09,0.0009726943681016,-0.0060506965965032,0.0,0.0,0.0,-0.0061372062191367,60.0,-3.1648192405700684,-0.0,-6.450811440572579e-08,0.0,283.1644592285156,287.4449462890625,288.6285095214844,288.9419860839844,293.1499938964844,293.1499938964844,278.1499938964844,0.0,18000.0,313.1499938964844,0.0,18000.0,0.0,0.0,0.0,0.0,0.0,0.0,0.0,0.0,0.0,-0.0,0.0,0.0,-7.778098853284027e-21,-3.889049426642014e-21,-3.889049426642014e-21,0.0,0.0,-0.0,0.0,0.0,0.0,-0.0,0.0,0.0,0.0,0.0,0.0,4.0,0.0,0.0
12114000,297.6582946777344,303.1499938964844,285.1499938964844,0.0,-0.0,287.2789306640625,0.0,0.0,9.128888632403688e-05,297.5704650878906,303.1499938964844,285.1499938964844,0.0,-0.0,287.27886962890625,0.0,0.0,9.613162546884269e-05,297.9277038574219,303.1499938964844,285.1499938964844,0.0,-0.0,287.28179931640625,0.0,0.0,7.100251241354272e-05,297.39422607421875,303.1499938964844,285.1499938964844,0.0,-0.0,287.27752685546875,0.0,0.0,9.61315890890546e-05,297.8618469238281,303.1499938964844,285.1499938964844,0.0,-0.0,287.27996826171875,0.0,0.0,0.0004560068482533,287.1942138671875,294.1499938964844,282.04998779296875,281.1570129394531,283.3224182128906,281.7764892578125,286.7735595703125,0.0,0.0,0.0,0.0,1.0,1.0,-0.000972697045654,2.671530552333934e-09,0.0009726943681016,-0.0060506965965032,0.0,0.0,0.0,-0.0061372062191367,60.0,-3.1648192405700684,-0.0,-6.450811440572579e-08,0.0,283.1644592285156,287.4449462890625,288.6285095214844,288.9419860839844,293.1499938964844,293.1499938964844,278.1499938964844,0.0,18000.0,313.1499938964844,0.0,18000.0,0.0,0.0,0.0,0.0,0.0,0.0,0.0,0.0,0.0,-0.0,0.0,0.0,-7.778098853284027e-21,-3.889049426642014e-21,-3.889049426642014e-21,0.0,0.0,-0.0,0.0,0.0,0.0,-0.0,0.0,0.0,0.0,0.0,0.0,4.0,0.0,0.0
12114060,297.6633605957031,303.1499938964844,285.1499938964844,0.0,-0.0,287.275146484375,0.0,0.0,9.11308015929535e-05,297.5697021484375,303.1499938964844,285.1499938964844,0.0,-0.0,287.2751159667969,0.0,0.0,9.596515155863015e-05,297.92596435546875,303.1499938964844,285.1499938964844,0.0,-0.0,287.27801513671875,0.0,0.0,7.087955600582063e-05,297.3965759277344,303.1499938964844,285.1499938964844,0.0,-0.0,287.2737731933594,0.0,0.0,9.59651151788421e-05,297.8612670898437,303.1499938964844,285.1499938964844,0.0,-0.0,287.27618408203125,0.0,0.0,0.0004552172031253,287.1903076171875,294.1499938964844,282.0881042480469,281.1910400390625,283.3008728027344,281.8006286621094,286.7719116210937,0.0,0.0,0.0,0.0,1.0,1.0,-0.0009710125159472,2.474543903119297e-09,0.0009710100712254,-0.0055345254950225,0.0,0.0,0.0,-0.0060395519249141,60.0,-3.1362380981445312,-0.0,-6.428485477272261e-08,0.0,283.1644592285156,287.4449462890625,288.6285095214844,288.9419860839844,293.1499938964844,293.1499938964844,278.1499938964844,0.0,18000.0,313.1499938964844,0.0,18000.0,0.0,0.0,0.0,0.0,0.0,0.0,0.0,0.0,0.0,-0.0,0.0,0.0,-7.778098853284027e-21,-3.889049426642014e-21,-3.889049426642014e-21,0.0,0.0,-0.0,0.0,0.0,0.0,-0.0,0.0,0.0,0.0,0.0,0.0,4.0,0.0,0.0
12114120,297.6633605957031,303.1499938964844,285.1499938964844,0.0,-0.0,287.275146484375,0.0,0.0,9.11308015929535e-05,297.5697021484375,303.1499938964844,285.1499938964844,0.0,-0.0,287.2751159667969,0.0,0.0,9.596515155863015e-05,297.92596435546875,303.1499938964844,285.1499938964844,0.0,-0.0,287.27801513671875,0.0,0.0,7.087955600582063e-05,297.3965759277344,303.1499938964844,285.1499938964844,0.0,-0.0,287.2737731933594,0.0,0.0,9.59651151788421e-05,297.8612670898437,303.1499938964844,285.1499938964844,0.0,-0.0,287.27618408203125,0.0,0.0,0.0004552172031253,287.1903076171875,294.1499938964844,282.0881042480469,281.1910400390625,283.3008728027344,281.8006286621094,286.7719116210937,0.0,0.0,0.0,0.0,1.0,1.0,-0.0009710125159472,2.474543903119297e-09,0.0009710100712254,-0.0055345254950225,0.0,0.0,0.0,-0.0060395519249141,60.0,-3.1362380981445312,-0.0,-6.428485477272261e-08,0.0,283.1644592285156,287.4449462890625,288.6285095214844,288.9419860839844,293.1499938964844,293.1499938964844,278.1499938964844,0.0,18000.0,313.1499938964844,0.0,18000.0,0.0,0.0,0.0,0.0,0.0,0.0,0.0,0.0,0.0,-0.0,0.0,0.0,-7.778098853284027e-21,-3.889049426642014e-21,-3.889049426642014e-21,0.0,0.0,-0.0,0.0,0.0,0.0,-0.0,0.0,0.0,0.0,0.0,0.0,4.0,0.0,0.0
12114180,297.6699523925781,303.1499938964844,285.1499938964844,0.0,-0.0,287.2714233398437,0.0,0.0,9.094574488699436e-05,297.5697326660156,303.1499938964844,285.1499938964844,0.0,-0.0,287.2713928222656,0.0,0.0,9.57702795858495e-05,297.9217224121094,303.1499938964844,285.1499938964844,0.0,-0.0,287.27423095703125,0.0,0.0,7.073562301229686e-05,297.4017639160156,303.1499938964844,285.1499938964844,0.0,-0.0,287.2700500488281,0.0,0.0,9.577024320606142e-05,297.8612976074219,303.1499938964844,285.1499938964844,0.0,-0.0,287.2724304199219,0.0,0.0,0.0004542928072623,287.1864318847656,294.1499938964844,282.1290588378906,281.2275390625,283.2804260253906,281.8230895996094,286.7702331542969,0.0,0.0,0.0,0.0,1.0,1.0,-0.0009690404403954,2.243954799752146e-09,0.0009690382285043,-0.0049302983097732,0.0,0.0,0.0,-0.005925238598138,60.0,-3.103242874145508,-0.0,-6.402400032357036e-08,0.0,283.1644592285156,287.4449462890625,288.6285095214844,288.9419860839844,293.1499938964844,293.1499938964844,278.1499938964844,0.0,18000.0,313.1499938964844,0.0,18000.0,0.0,0.0,0.0,0.0,0.0,0.0,0.0,0.0,0.0,-0.0,0.0,0.0,-7.778098853284027e-21,-3.889049426642014e-21,-3.889049426642014e-21,0.0,0.0,-0.0,0.0,0.0,0.0,-0.0,0.0,0.0,0.0,0.0,0.0,4.0,0.0,0.0
12114240,297.6699523925781,303.1499938964844,285.1499938964844,0.0,-0.0,287.2714233398437,0.0,0.0,9.094574488699436e-05,297.5697326660156,303.1499938964844,285.1499938964844,0.0,-0.0,287.2713928222656,0.0,0.0,9.57702795858495e-05,297.9217224121094,303.1499938964844,285.1499938964844,0.0,-0.0,287.27423095703125,0.0,0.0,7.073562301229686e-05,297.4017639160156,303.1499938964844,285.1499938964844,0.0,-0.0,287.2700500488281,0.0,0.0,9.577024320606142e-05,297.8612976074219,303.1499938964844,285.1499938964844,0.0,-0.0,287.2724304199219,0.0,0.0,0.0004542928072623,287.1864318847656,294.1499938964844,282.1290588378906,281.2275390625,283.2804260253906,281.8230895996094,286.7702331542969,0.0,0.0,0.0,0.0,1.0,1.0,-0.0009690404403954,2.243954799752146e-09,0.0009690382285043,-0.0049302983097732,0.0,0.0,0.0,-0.005925238598138,60.0,-3.103242874145508,-0.0,-6.402400032357036e-08,0.0,283.1644592285156,287.4449462890625,288.6285095214844,288.9419860839844,293.1499938964844,293.1499938964844,278.1499938964844,0.0,18000.0,313.1499938964844,0.0,18000.0,0.0,0.0,0.0,0.0,0.0,0.0,0.0,0.0,0.0,-0.0,0.0,0.0,-7.778098853284027e-21,-3.889049426642014e-21,-3.889049426642014e-21,0.0,0.0,-0.0,0.0,0.0,0.0,-0.0,0.0,0.0,0.0,0.0,0.0,4.0,0.0,0.0
12114300,297.6737060546875,303.1499938964844,285.1499938964844,0.0,-0.0,287.2695617675781,0.0,0.0,9.086257341550664e-05,297.57000732421875,303.1499938964844,285.1499938964844,0.0,-0.0,287.26953125,0.0,0.0,9.568269160808995e-05,297.9189453125,303.1499938964844,285.1499938964844,0.0,-0.0,287.2723693847656,0.0,0.0,7.067093247314915e-05,297.4053039550781,303.1499938964844,285.1499938964844,0.0,-0.0,287.2681884765625,0.0,0.0,9.568265522830188e-05,297.861572265625,303.1499938964844,285.1499938964844,0.0,-0.0,287.27056884765625,0.0,0.0,0.0004538773209787,287.1845092773437,294.1499938964844,282.1506042480469,281.2467041015625,283.2706298828125,281.83367919921875,286.76934814453125,0.0,0.0,0.0,0.0,1.0,1.0,-0.0009681539959274,2.1403128158681284e-09,0.0009681518422439,-0.0046587181277573,0.0,0.0,0.0,-0.0058738579973578,60.0,-3.0858852863311768,-0.0,-6.390692419699917e-08,0.0,283.1644592285156,287.4449462890625,288.6285095214844,288.9419860839844,293.1499938964844,293.1499938964844,278.1499938964844,0.0,18000.0,313.1499938964844,0.0,18000.0,0.0,0.0,0.0,0.0,0.0,0.0,0.0,0.0,0.0,-0.0,0.0,0.0,-7.778098853284027e-21,-3.889049426642014e-21,-3.889049426642014e-21,0.0,0.0,-0.0,0.0,0.0,0.0,-0.0,0.0,0.0,0.0,0.0,0.0,4.0,0.0,0.0
12114360,297.6776428222656,303.1499938964844,285.1499938964844,0.0,-0.0,287.2677001953125,0.0,0.0,9.0796900622081e-05,297.57037353515625,303.1499938964844,285.1499938964844,0.0,-0.0,287.2676696777344,0.0,0.0,9.561354090692475e-05,297.9158935546875,303.1499938964844,285.1499938964844,0.0,-0.0,287.2704772949219,0.0,0.0,7.061985525069758e-05,297.4093322753906,303.1499938964844,285.1499938964844,0.0,-0.0,287.2663269042969,0.0,0.0,9.561350452713668e-05,297.86199951171875,303.1499938964844,285.1499938964844,0.0,-0.0,287.2687072753906,0.0,0.0,0.0004535492917057,287.1825866699219,294.1499938964844,282.1728210449219,281.2664489746094,283.2611083984375,281.8439636230469,286.7684936523437,0.0,0.0,0.0,0.0,1.0,1.0,-0.0009674539905972,2.0584802751244524e-09,0.0009674519533291,-0.0044442848302423,0.0,0.0,0.0,-0.0058332895860075,60.0,-3.068385124206543,-0.0,-6.381456785220507e-08,0.0,283.1644592285156,287.4449462890625,288.6285095214844,288.9419860839844,293.1499938964844,293.1499938964844,278.1499938964844,0.0,18000.0,313.1499938964844,0.0,18000.0,0.0,0.0,0.0,0.0,0.0,0.0,0.0,0.0,0.0,-0.0,0.0,0.0,-7.778098853284027e-21,-3.889049426642014e-21,-3.889049426642014e-21,0.0,0.0,-0.0,0.0,0.0,0.0,-0.0,0.0,0.0,0.0,0.0,0.0,4.0,0.0,0.0
12114420,297.68585205078125,303.1499938964844,285.1499938964844,0.0,-0.0,287.26397705078125,0.0,0.0,9.075157868210226e-05,297.5713806152344,303.1499938964844,285.1499938964844,0.0,-0.0,287.2639465332031,0.0,0.0,9.556581062497572e-05,297.9094543457031,303.1499938964844,285.1499938964844,0.0,-0.0,287.2667541503906,0.0,0.0,7.058460323605686e-05,297.4188232421875,303.1499938964844,285.1499938964844,0.0,-0.0,287.2626342773437,0.0,0.0,9.556578152114524e-05,297.86334228515625,303.1499938964844,285.1499938964844,0.0,-0.0,287.2649841308594,0.0,0.0,0.0004533229221124,287.17877197265625,294.1499938964844,282.2193603515625,281.3077697753906,283.2429504394531,281.8646545410156,286.7667236328125,0.0,0.0,0.0,0.0,1.0,1.0,-0.000966970459558,2.0019852442487718e-09,0.0009669684222899,-0.0042962464503943,0.0,0.0,0.0,-0.0058052805252373,60.0,-3.034087419509888,-0.0,-6.375083927423475e-08,0.0,283.1644592285156,287.4449462890625,288.6285095214844,288.9419860839844,293.1499938964844,293.1499938964844,278.1499938964844,0.0,18000.0,313.1499938964844,0.0,18000.0,0.0,0.0,0.0,0.0,0.0,0.0,0.0,0.0,0.0,-0.0,0.0,0.0,-7.778098853284027e-21,-3.889049426642014e-21,-3.889049426642014e-21,0.0,0.0,-0.0,0.0,0.0,0.0,-0.0,0.0,0.0,0.0,0.0,0.0,4.0,0.0,0.0
12114480,297.68585205078125,303.1499938964844,285.1499938964844,0.0,-0.0,287.26397705078125,0.0,0.0,9.075157868210226e-05,297.5713806152344,303.1499938964844,285.1499938964844,0.0,-0.0,287.2639465332031,0.0,0.0,9.556581062497572e-05,297.9094543457031,303.1499938964844,285.1499938964844,0.0,-0.0,287.2667541503906,0.0,0.0,7.058460323605686e-05,297.4188232421875,303.1499938964844,285.1499938964844,0.0,-0.0,287.2626342773437,0.0,0.0,9.556578152114524e-05,297.86334228515625,303.1499938964844,285.1499938964844,0.0,-0.0,287.2649841308594,0.0,0.0,0.0004533229221124,287.17877197265625,294.1499938964844,282.2193603515625,281.3077697753906,283.2429504394531,281.8646545410156,286.7667236328125,0.0,0.0,0.0,0.0,1.0,1.0,-0.000966970459558,2.0019852442487718e-09,0.0009669684222899,-0.0042962464503943,0.0,0.0,0.0,-0.0058052805252373,60.0,-3.034087419509888,-0.0,-6.375083927423475e-08,0.0,283.1644592285156,287.4449462890625,288.6285095214844,288.9419860839844,293.1499938964844,293.1499938964844,278.1499938964844,0.0,18000.0,313.1499938964844,0.0,18000.0,0.0,0.0,0.0,0.0,0.0,0.0,0.0,0.0,0.0,-0.0,0.0,0.0,-7.778098853284027e-21,-3.889049426642014e-21,-3.889049426642014e-21,0.0,0.0,-0.0,0.0,0.0,0.0,-0.0,0.0,0.0,0.0,0.0,0.0,4.0,0.0,0.0
12114540,297.6942138671875,303.1499938964844,285.1499938964844,0.0,-0.0,287.2602844238281,0.0,0.0,9.082440374186262e-05,297.572509765625,303.1499938964844,285.1499938964844,0.0,-0.0,287.26025390625,0.0,0.0,9.564250649418682e-05,297.9031982421875,303.1499938964844,285.1499938964844,0.0,-0.0,287.26300048828125,0.0,0.0,7.064124656608328e-05,297.4299621582031,303.1499938964844,285.1499938964844,0.0,-0.0,287.25897216796875,0.0,0.0,9.564247011439876e-05,297.8652038574219,303.1499938964844,285.1499938964844,0.0,-0.0,287.26129150390625,0.0,0.0,0.0004536866908892,287.1749572753906,294.1499938964844,282.26861572265625,281.3514099121094,283.2259521484375,281.8876037597656,286.764892578125,0.0,0.0,0.0,0.0,1.0,1.0,-0.000967745843809,2.092687356736178e-09,0.0009677437483333,-0.0045339218340814,0.0,0.0,0.0,-0.0058502438478171,60.0,-3.0016205310821533,-0.0,-6.385316453361156e-08,0.0,283.1644592285156,287.4449462890625,288.6285095214844,288.9419860839844,293.1499938964844,293.1499938964844,278.1499938964844,0.0,18000.0,313.1499938964844,0.0,18000.0,0.0,0.0,0.0,0.0,0.0,0.0,0.0,0.0,0.0,-0.0,0.0,0.0,-7.778098853284027e-21,-3.889049426642014e-21,-3.889049426642014e-21,0.0,0.0,-0.0,0.0,0.0,0.0,-0.0,0.0,0.0,0.0,0.0,0.0,4.0,0.0,0.0
12114600,297.6942138671875,303.1499938964844,285.1499938964844,0.0,-0.0,287.2602844238281,0.0,0.0,9.082440374186262e-05,297.572509765625,303.1499938964844,285.1499938964844,0.0,-0.0,287.26025390625,0.0,0.0,9.564250649418682e-05,297.9031982421875,303.1499938964844,285.1499938964844,0.0,-0.0,287.26300048828125,0.0,0.0,7.064124656608328e-05,297.4299621582031,303.1499938964844,285.1499938964844,0.0,-0.0,287.25897216796875,0.0,0.0,9.564247011439876e-05,297.8652038574219,303.1499938964844,285.1499938964844,0.0,-0.0,287.26129150390625,0.0,0.0,0.0004536866908892,287.1749572753906,294.1499938964844,282.26861572265625,281.3514099121094,283.2259521484375,281.8876037597656,286.764892578125,0.0,0.0,0.0,0.0,1.0,1.0,-0.000967745843809,2.092687356736178e-09,0.0009677437483333,-0.0045339218340814,0.0,0.0,0.0,-0.0058502438478171,60.0,-3.0016205310821533,-0.0,-6.385316453361156e-08,0.0,283.1644592285156,287.4449462890625,288.6285095214844,288.9419860839844,293.1499938964844,293.1499938964844,278.1499938964844,0.0,18000.0,313.1499938964844,0.0,18000.0,0.0,0.0,0.0,0.0,0.0,0.0,0.0,0.0,0.0,-0.0,0.0,0.0,-7.778098853284027e-21,-3.889049426642014e-21,-3.889049426642014e-21,0.0,0.0,-0.0,0.0,0.0,0.0,-0.0,0.0,0.0,0.0,0.0,0.0,4.0,0.0,0.0
12114660,297.7027282714844,303.1499938964844,285.1499938964844,0.0,-0.0,287.256591796875,0.0,0.0,9.095051063923164e-05,297.5736389160156,303.1499938964844,285.1499938964844,0.0,-0.0,287.2565612792969,0.0,0.0,9.577529999660328e-05,297.89776611328125,303.1499938964844,285.1499938964844,0.0,-0.0,287.25927734375,0.0,0.0,7.073932647472247e-05,297.4424133300781,303.1499938964844,285.1499938964844,0.0,-0.0,287.2552795410156,0.0,0.0,9.57752636168152e-05,297.8675231933594,303.1499938964844,285.1499938964844,0.0,-0.0,287.257568359375,0.0,0.0,0.0004543166141957,287.1711730957031,294.1499938964844,282.3205261230469,281.3973083496094,283.2099914550781,281.9142761230469,286.7630615234375,0.0,0.0,0.0,0.0,1.0,1.0,-0.0009690892766229,2.249767927509083e-09,0.0009690870065242,-0.0049455324187874,0.0,0.0,0.0,-0.0059281159192323,60.0,-2.970170021057129,-0.0,-6.403057284387614e-08,0.0,283.1644592285156,287.4449462890625,288.6285095214844,288.9419860839844,293.1499938964844,293.1499938964844,278.1499938964844,0.0,18000.0,313.1499938964844,0.0,18000.0,0.0,0.0,0.0,0.0,0.0,0.0,0.0,0.0,0.0,-0.0,0.0,0.0,-7.778098853284027e-21,-3.889049426642014e-21,-3.889049426642014e-21,0.0,0.0,-0.0,0.0,0.0,0.0,-0.0,0.0,0.0,0.0,0.0,0.0,4.0,0.0,0.0
12114720,297.7027282714844,303.1499938964844,285.1499938964844,0.0,-0.0,287.256591796875,0.0,0.0,9.095051063923164e-05,297.5736389160156,303.1499938964844,285.1499938964844,0.0,-0.0,287.2565612792969,0.0,0.0,9.577529999660328e-05,297.89776611328125,303.1499938964844,285.1499938964844,0.0,-0.0,287.25927734375,0.0,0.0,7.073932647472247e-05,297.4424133300781,303.1499938964844,285.1499938964844,0.0,-0.0,287.2552795410156,0.0,0.0,9.57752636168152e-05,297.8675231933594,303.1499938964844,285.1499938964844,0.0,-0.0,287.257568359375,0.0,0.0,0.0004543166141957,287.1711730957031,294.1499938964844,282.3205261230469,281.3973083496094,283.2099914550781,281.9142761230469,286.7630615234375,0.0,0.0,0.0,0.0,1.0,1.0,-0.0009690892766229,2.249767927509083e-09,0.0009690870065242,-0.0049455324187874,0.0,0.0,0.0,-0.0059281159192323,60.0,-2.970170021057129,-0.0,-6.403057284387614e-08,0.0,283.1644592285156,287.4449462890625,288.6285095214844,288.9419860839844,293.1499938964844,293.1499938964844,278.1499938964844,0.0,18000.0,313.1499938964844,0.0,18000.0,0.0,0.0,0.0,0.0,0.0,0.0,0.0,0.0,0.0,-0.0,0.0,0.0,-7.778098853284027e-21,-3.889049426642014e-21,-3.889049426642014e-21,0.0,0.0,-0.0,0.0,0.0,0.0,-0.0,0.0,0.0,0.0,0.0,0.0,4.0,0.0,0.0
12114780,297.7115783691406,303.1499938964844,285.1499938964844,0.0,-0.0,287.2529296875,0.0,0.0,9.102460171561688e-05,297.5749206542969,303.1499938964844,285.1499938964844,0.0,-0.0,287.2528991699219,0.0,0.0,9.585332009010016e-05,297.89404296875,303.1499938964844,285.1499938964844,0.0,-0.0,287.2555847167969,0.0,0.0,7.079695205902681e-05,297.4535522460937,303.1499938964844,285.1499938964844,0.0,-0.0,287.2516174316406,0.0,0.0,9.58532837103121e-05,297.8702087402344,303.1499938964844,285.1499938964844,0.0,-0.0,287.2538757324219,0.0,0.0,0.0004546866985037,287.1673889160156,294.1499938964844,282.37506103515625,281.44537353515625,283.1952514648437,281.9453125,286.7611999511719,0.0,0.0,0.0,0.0,1.0,1.0,-0.0009698786889202,2.342043003977778e-09,0.0009698763606138,-0.0051873265765607,0.0,0.0,0.0,-0.0059738620184361,60.0,-2.9369165897369385,-0.0,-6.413489472834044e-08,0.0,283.1644592285156,287.4449462890625,288.6285095214844,288.9419860839844,293.1499938964844,293.1499938964844,278.1499938964844,0.0,18000.0,313.1499938964844,0.0,18000.0,0.0,0.0,0.0,0.0,0.0,0.0,0.0,0.0,0.0,-0.0,0.0,0.0,-7.778098853284027e-21,-3.889049426642014e-21,-3.889049426642014e-21,0.0,0.0,-0.0,0.0,0.0,0.0,-0.0,0.0,0.0,0.0,0.0,0.0,4.0,0.0,0.0
12114840,297.7115783691406,303.1499938964844,285.1499938964844,0.0,-0.0,287.2529296875,0.0,0.0,9.102460171561688e-05,297.5749206542969,303.1499938964844,285.1499938964844,0.0,-0.0,287.2528991699219,0.0,0.0,9.585332009010016e-05,297.89404296875,303.1499938964844,285.1499938964844,0.0,-0.0,287.2555847167969,0.0,0.0,7.079695205902681e-05,297.4535522460937,303.1499938964844,285.1499938964844,0.0,-0.0,287.2516174316406,0.0,0.0,9.58532837103121e-05,297.8702087402344,303.1499938964844,285.1499938964844,0.0,-0.0,287.2538757324219,0.0,0.0,0.0004546866985037,287.1673889160156,294.1499938964844,282.37506103515625,281.44537353515625,283.1952514648437,281.9453125,286.7611999511719,0.0,0.0,0.0,0.0,1.0,1.0,-0.0009698786889202,2.342043003977778e-09,0.0009698763606138,-0.0051873265765607,0.0,0.0,0.0,-0.0059738620184361,60.0,-2.9369165897369385,-0.0,-6.413489472834044e-08,0.0,283.1644592285156,287.4449462890625,288.6285095214844,288.9419860839844,293.1499938964844,293.1499938964844,278.1499938964844,0.0,18000.0,313.1499938964844,0.0,18000.0,0.0,0.0,0.0,0.0,0.0,0.0,0.0,0.0,0.0,-0.0,0.0,0.0,-7.778098853284027e-21,-3.889049426642014e-21,-3.889049426642014e-21,0.0,0.0,-0.0,0.0,0.0,0.0,-0.0,0.0,0.0,0.0,0.0,0.0,4.0,0.0,0.0
12114900,297.7162475585937,303.1499938964844,285.1499938964844,0.0,-0.0,287.2510681152344,0.0,0.0,9.103917545871808e-05,297.57568359375,303.1499938964844,285.1499938964844,0.0,-0.0,287.25103759765625,0.0,0.0,9.586866508470848e-05,297.8930053710937,303.1499938964844,285.1499938964844,0.0,-0.0,287.25372314453125,0.0,0.0,7.08082880009897e-05,297.4578552246094,303.1499938964844,285.1499938964844,0.0,-0.0,287.2497863769531,0.0,0.0,9.58686287049204e-05,297.8716125488281,303.1499938964844,285.1499938964844,0.0,-0.0,287.2520446777344,0.0,0.0,0.0004547595162875,287.1654968261719,294.1499938964844,282.4032897949219,281.4702453613281,283.1883544921875,281.9619140625,286.76025390625,0.0,0.0,0.0,0.0,1.0,1.0,-0.0009700337541289,2.3601847143339683e-09,0.0009700313676148,-0.0052348640747368,0.0,0.0,0.0,-0.0059828553348779,60.0,-2.918884754180908,-0.0,-6.415541520254919e-08,0.0,283.1644592285156,287.4449462890625,288.6285095214844,288.9419860839844,293.1499938964844,293.1499938964844,278.1499938964844,0.0,18000.0,313.1499938964844,0.0,18000.0,0.0,0.0,0.0,0.0,0.0,0.0,0.0,0.0,0.0,-0.0,0.0,0.0,-7.778098853284027e-21,-3.889049426642014e-21,-3.889049426642014e-21,0.0,0.0,-0.0,0.0,0.0,0.0,-0.0,0.0,0.0,0.0,0.0,0.0,4.0,0.0,0.0
12114960,297.7210693359375,303.1499938964844,285.1499938964844,0.0,-0.0,287.2492370605469,0.0,0.0,9.095593850361185e-05,297.5765686035156,303.1499938964844,285.1499938964844,0.0,-0.0,287.24920654296875,0.0,0.0,9.57810116233304e-05,297.8926086425781,303.1499938964844,285.1499938964844,0.0,-0.0,287.2518615722656,0.0,0.0,7.074355380609632e-05,297.46173095703125,303.1499938964844,285.1499938964844,0.0,-0.0,287.2479858398437,0.0,0.0,9.578098251949996e-05,297.8730163574219,303.1499938964844,285.1499938964844,0.0,-0.0,287.25018310546875,0.0,0.0,0.0004543437389656,287.16363525390625,294.1499938964844,282.43218994140625,281.49560546875,283.1817321777344,281.9785461425781,286.7593078613281,0.0,0.0,0.0,0.0,1.0,1.0,-0.0009691480663605,2.256473230488609e-09,0.0009691457962617,-0.0049631013534963,0.0,0.0,0.0,-0.0059314472600817,60.0,-2.899476766586304,-0.0,-6.403814722943936e-08,0.0,283.1644592285156,287.4449462890625,288.6285095214844,288.9419860839844,293.1499938964844,293.1499938964844,278.1499938964844,0.0,18000.0,313.1499938964844,0.0,18000.0,0.0,0.0,0.0,0.0,0.0,0.0,0.0,0.0,0.0,-0.0,0.0,0.0,-7.778098853284027e-21,-3.889049426642014e-21,-3.889049426642014e-21,0.0,0.0,-0.0,0.0,0.0,0.0,-0.0,0.0,0.0,0.0,0.0,0.0,4.0,0.0,0.0
12115020,297.73162841796875,303.1499938964844,285.1499938964844,0.0,-0.0,287.24560546875,0.0,0.0,9.066143684322014e-05,297.5790100097656,303.1499938964844,285.1499938964844,0.0,-0.0,287.2455749511719,0.0,0.0,9.547088848194107e-05,297.8946228027344,303.1499938964844,285.1499938964844,0.0,-0.0,287.2481994628906,0.0,0.0,7.051449210848659e-05,297.46905517578125,303.1499938964844,285.1499938964844,0.0,-0.0,287.24432373046875,0.0,0.0,9.547085937811062e-05,297.8758850097656,303.1499938964844,285.1499938964844,0.0,-0.0,287.2465209960937,0.0,0.0,0.0004528726567514,287.1598815917969,294.1499938964844,282.4918212890625,281.54791259765625,283.16943359375,282.0076599121094,286.7574157714844,0.0,0.0,0.0,0.0,1.0,1.0,-0.0009660097421146,1.889532752485934e-09,0.0009660078212618,-0.0040015750564634,0.0,0.0,0.0,-0.0057495376095175,60.0,-2.853302001953125,-0.0,-6.362409266102986e-08,0.0,283.1644592285156,287.4449462890625,288.6285095214844,288.9419860839844,293.1499938964844,293.1499938964844,278.1499938964844,0.0,18000.0,313.1499938964844,0.0,18000.0,0.0,0.0,0.0,0.0,0.0,0.0,0.0,0.0,0.0,-0.0,0.0,0.0,-7.778098853284027e-21,-3.889049426642014e-21,-3.889049426642014e-21,0.0,0.0,-0.0,0.0,0.0,0.0,-0.0,0.0,0.0,0.0,0.0,0.0,4.0,0.0,0.0
12115080,297.73162841796875,303.1499938964844,285.1499938964844,0.0,-0.0,287.24560546875,0.0,0.0,9.066143684322014e-05,297.5790100097656,303.1499938964844,285.1499938964844,0.0,-0.0,287.2455749511719,0.0,0.0,9.547088848194107e-05,297.8946228027344,303.1499938964844,285.1499938964844,0.0,-0.0,287.2481994628906,0.0,0.0,7.051449210848659e-05,297.46905517578125,303.1499938964844,285.1499938964844,0.0,-0.0,287.24432373046875,0.0,0.0,9.547085937811062e-05,297.8758850097656,303.1499938964844,285.1499938964844,0.0,-0.0,287.2465209960937,0.0,0.0,0.0004528726567514,287.1598815917969,294.1499938964844,282.4918212890625,281.54791259765625,283.16943359375,282.0076599121094,286.7574157714844,0.0,0.0,0.0,0.0,1.0,1.0,-0.0009660097421146,1.889532752485934e-09,0.0009660078212618,-0.0040015750564634,0.0,0.0,0.0,-0.0057495376095175,60.0,-2.853302001953125,-0.0,-6.362409266102986e-08,0.0,283.1644592285156,287.4449462890625,288.6285095214844,288.9419860839844,293.1499938964844,293.1499938964844,278.1499938964844,0.0,18000.0,313.1499938964844,0.0,18000.0,0.0,0.0,0.0,0.0,0.0,0.0,0.0,0.0,0.0,-0.0,0.0,0.0,-7.778098853284027e-21,-3.889049426642014e-21,-3.889049426642014e-21,0.0,0.0,-0.0,0.0,0.0,0.0,-0.0,0.0,0.0,0.0,0.0,0.0,4.0,0.0,0.0
12115140,297.7430419921875,303.1499938964844,285.1499938964844,0.0,-0.0,287.2419738769531,0.0,0.0,9.035473340190948e-05,297.5801086425781,303.1499938964844,285.1499938964844,0.0,-0.0,287.241943359375,0.0,0.0,9.514790872344749e-05,297.9001159667969,303.1499938964844,285.1499938964844,0.0,-0.0,287.2445373535156,0.0,0.0,7.027594256214797e-05,297.47607421875,303.1499938964844,285.1499938964844,0.0,-0.0,287.24072265625,0.0,0.0,9.514787961961702e-05,297.8787536621094,303.1499938964844,285.1499938964844,0.0,-0.0,287.2428894042969,0.0,0.0,0.0004513405729085,287.1561889648437,294.1499938964844,282.5539855957031,281.6022644042969,283.158447265625,282.030029296875,286.7554931640625,0.0,0.0,0.0,0.0,1.0,1.0,-0.0009627413237467,1.507384106425036e-09,0.0009627398685552,-0.0030001855921,0.0,0.0,0.0,-0.0055600889027118,60.0,-2.8028111457824707,-0.0,-6.319430667645065e-08,0.0,283.1644592285156,287.4449462890625,288.6285095214844,288.9419860839844,293.1499938964844,293.1499938964844,278.1499938964844,0.0,18000.0,313.1499938964844,0.0,18000.0,0.0,0.0,0.0,0.0,0.0,0.0,0.0,0.0,0.0,-0.0,0.0,0.0,-7.778098853284027e-21,-3.889049426642014e-21,-3.889049426642014e-21,0.0,0.0,-0.0,0.0,0.0,0.0,-0.0,0.0,0.0,0.0,0.0,0.0,4.0,0.0,0.0
12115200,297.7430419921875,303.1499938964844,285.1499938964844,0.0,-0.0,287.2419738769531,0.0,0.0,9.035473340190948e-05,297.5801086425781,303.1499938964844,285.1499938964844,0.0,-0.0,287.241943359375,0.0,0.0,9.514790872344749e-05,297.9001159667969,303.1499938964844,285.1499938964844,0.0,-0.0,287.2445373535156,0.0,0.0,7.027594256214797e-05,297.47607421875,303.1499938964844,285.1499938964844,0.0,-0.0,287.24072265625,0.0,0.0,9.514787961961702e-05,297.8787536621094,303.1499938964844,285.1499938964844,0.0,-0.0,287.2428894042969,0.0,0.0,0.0004513405729085,287.1561889648437,294.1499938964844,282.5539855957031,281.6022644042969,283.158447265625,282.030029296875,286.7554931640625,0.0,0.0,0.0,0.0,1.0,1.0,-0.0009627413237467,1.507384106425036e-09,0.0009627398685552,-0.0030001855921,0.0,0.0,0.0,-0.0055600889027118,60.0,-2.8028111457824707,-0.0,-6.319430667645065e-08,0.0,283.1644592285156,287.4449462890625,288.6285095214844,288.9419860839844,293.1499938964844,293.1499938964844,278.1499938964844,0.0,18000.0,313.1499938964844,0.0,18000.0,0.0,0.0,0.0,0.0,0.0,0.0,0.0,0.0,0.0,-0.0,0.0,0.0,-7.778098853284027e-21,-3.889049426642014e-21,-3.889049426642014e-21,0.0,0.0,-0.0,0.0,0.0,0.0,-0.0,0.0,0.0,0.0,0.0,0.0,4.0,0.0,0.0
12115260,297.75494384765625,303.1499938964844,285.1499938964844,0.0,-0.0,287.2383728027344,0.0,0.0,9.017308184411375e-05,297.5787353515625,303.1499938964844,285.1499938964844,0.0,-0.0,287.23834228515625,0.0,0.0,9.49566310737282e-05,297.9085693359375,303.1499938964844,285.1499938964844,0.0,-0.0,287.24090576171875,0.0,0.0,7.013465801719576e-05,297.4828796386719,303.1499938964844,285.1499938964844,0.0,-0.0,287.23712158203125,0.0,0.0,9.495659469394012e-05,297.8815612792969,303.1499938964844,285.1499938964844,0.0,-0.0,287.2392883300781,0.0,0.0,0.0004504332027863,287.1524963378906,294.1499938964844,282.6185607910156,281.6585388183594,283.14874267578125,282.04638671875,286.7535400390625,0.0,0.0,0.0,0.0,1.0,1.0,-0.0009608049876987,1.281049155643643e-09,0.0009608037071302,-0.0024070898070931,0.0,0.0,0.0,-0.005447881296277,60.0,-2.752127170562744,-0.0,-6.294044396781828e-08,0.0,283.1644592285156,287.4449462890625,288.6285095214844,288.9419860839844,293.1499938964844,293.1499938964844,278.1499938964844,0.0,18000.0,313.1499938964844,0.0,18000.0,0.0,0.0,0.0,0.0,0.0,0.0,0.0,0.0,0.0,-0.0,0.0,0.0,-7.778098853284027e-21,-3.889049426642014e-21,-3.889049426642014e-21,0.0,0.0,-0.0,0.0,0.0,0.0,-0.0,0.0,0.0,0.0,0.0,0.0,4.0,0.0,0.0
12115320,297.75494384765625,303.1499938964844,285.1499938964844,0.0,-0.0,287.2383728027344,0.0,0.0,9.017308184411375e-05,297.5787353515625,303.1499938964844,285.1499938964844,0.0,-0.0,287.23834228515625,0.0,0.0,9.49566310737282e-05,297.9085693359375,303.1499938964844,285.1499938964844,0.0,-0.0,287.24090576171875,0.0,0.0,7.013465801719576e-05,297.4828796386719,303.1499938964844,285.1499938964844,0.0,-0.0,287.23712158203125,0.0,0.0,9.495659469394012e-05,297.8815612792969,303.1499938964844,285.1499938964844,0.0,-0.0,287.2392883300781,0.0,0.0,0.0004504332027863,287.1524963378906,294.1499938964844,282.6185607910156,281.6585388183594,283.14874267578125,282.04638671875,286.7535400390625,0.0,0.0,0.0,0.0,1.0,1.0,-0.0009608049876987,1.281049155643643e-09,0.0009608037071302,-0.0024070898070931,0.0,0.0,0.0,-0.005447881296277,60.0,-2.752127170562744,-0.0,-6.294044396781828e-08,0.0,283.1644592285156,287.4449462890625,288.6285095214844,288.9419860839844,293.1499938964844,293.1499938964844,278.1499938964844,0.0,18000.0,313.1499938964844,0.0,18000.0,0.0,0.0,0.0,0.0,0.0,0.0,0.0,0.0,0.0,-0.0,0.0,0.0,-7.778098853284027e-21,-3.889049426642014e-21,-3.889049426642014e-21,0.0,0.0,-0.0,0.0,0.0,0.0,-0.0,0.0,0.0,0.0,0.0,0.0,4.0,0.0,0.0
12115380,297.76678466796875,303.1499938964844,285.1499938964844,0.0,-0.0,287.2347717285156,0.0,0.0,9.0205627202522e-05,297.5770568847656,303.1499938964844,285.1499938964844,0.0,-0.0,287.2347412109375,0.0,0.0,9.49908935581334e-05,297.9194030761719,303.1499938964844,285.1499938964844,0.0,-0.0,287.2372741699219,0.0,0.0,7.01599710737355e-05,297.4891052246094,303.1499938964844,285.1499938964844,0.0,-0.0,287.2335510253906,0.0,0.0,9.499086445430294e-05,297.8841857910156,303.1499938964844,285.1499938964844,0.0,-0.0,287.2356872558594,0.0,0.0,0.0004505957767833,287.1488647460937,294.1499938964844,282.685546875,281.7167358398437,283.140380859375,282.06231689453125,286.7515869140625,0.0,0.0,0.0,0.0,1.0,1.0,-0.0009611509158276,1.321563414258264e-09,0.000961149635259,-0.0025132554583251,0.0,0.0,0.0,-0.0054679634049534,60.0,-2.7053370475769043,-0.0,-6.298584764863335e-08,0.0,283.1644592285156,287.4449462890625,288.6285095214844,288.9419860839844,293.1499938964844,293.1499938964844,278.1499938964844,0.0,18000.0,313.1499938964844,0.0,18000.0,0.0,0.0,0.0,0.0,0.0,0.0,0.0,0.0,0.0,-0.0,0.0,0.0,-7.778098853284027e-21,-3.889049426642014e-21,-3.889049426642014e-21,0.0,0.0,-0.0,0.0,0.0,0.0,-0.0,0.0,0.0,0.0,0.0,0.0,4.0,0.0,0.0
12115440,297.76678466796875,303.1499938964844,285.1499938964844,0.0,-0.0,287.2347717285156,0.0,0.0,9.0205627202522e-05,297.5770568847656,303.1499938964844,285.1499938964844,0.0,-0.0,287.2347412109375,0.0,0.0,9.49908935581334e-05,297.9194030761719,303.1499938964844,285.1499938964844,0.0,-0.0,287.2372741699219,0.0,0.0,7.01599710737355e-05,297.4891052246094,303.1499938964844,285.1499938964844,0.0,-0.0,287.2335510253906,0.0,0.0,9.499086445430294e-05,297.8841857910156,303.1499938964844,285.1499938964844,0.0,-0.0,287.2356872558594,0.0,0.0,0.0004505957767833,287.1488647460937,294.1499938964844,282.685546875,281.7167358398437,283.140380859375,282.06231689453125,286.7515869140625,0.0,0.0,0.0,0.0,1.0,1.0,-0.0009611509158276,1.321563414258264e-09,0.000961149635259,-0.0025132554583251,0.0,0.0,0.0,-0.0054679634049534,60.0,-2.7053370475769043,-0.0,-6.298584764863335e-08,0.0,283.1644592285156,287.4449462890625,288.6285095214844,288.9419860839844,293.1499938964844,293.1499938964844,278.1499938964844,0.0,18000.0,313.1499938964844,0.0,18000.0,0.0,0.0,0.0,0.0,0.0,0.0,0.0,0.0,0.0,-0.0,0.0,0.0,-7.778098853284027e-21,-3.889049426642014e-21,-3.889049426642014e-21,0.0,0.0,-0.0,0.0,0.0,0.0,-0.0,0.0,0.0,0.0,0.0,0.0,4.0,0.0,0.0
12115500,297.7726135253906,303.1499938964844,285.1499938964844,0.0,-0.0,287.23297119140625,0.0,0.0,9.025142207974568e-05,297.5764465332031,303.1499938964844,285.1499938964844,0.0,-0.0,287.2329406738281,0.0,0.0,9.50391186052002e-05,297.9254150390625,303.1499938964844,285.1499938964844,0.0,-0.0,287.2354736328125,0.0,0.0,7.019558688625693e-05,297.49200439453125,303.1499938964844,285.1499938964844,0.0,-0.0,287.2317810058594,0.0,0.0,9.503908950136974e-05,297.8854675292969,303.1499938964844,285.1499938964844,0.0,-0.0,287.23388671875,0.0,0.0,0.0004508245328906,287.14703369140625,294.1499938964844,282.7199401855469,281.7465209960937,283.1366882324219,282.0718078613281,286.7506103515625,0.0,0.0,0.0,0.0,1.0,1.0,-0.000961638870649,1.3786038977059432e-09,0.0009616374736651,-0.0026627264451235,0.0,0.0,0.0,-0.0054962411522865,60.0,-2.68313980102539,-0.0,-6.304980360027912e-08,0.0,283.1644592285156,287.4449462890625,288.6285095214844,288.9419860839844,293.1499938964844,293.1499938964844,278.1499938964844,0.0,18000.0,313.1499938964844,0.0,18000.0,0.0,0.0,0.0,0.0,0.0,0.0,0.0,0.0,0.0,-0.0,0.0,0.0,-7.778098853284027e-21,-3.889049426642014e-21,-3.889049426642014e-21,0.0,0.0,-0.0,0.0,0.0,0.0,-0.0,0.0,0.0,0.0,0.0,0.0,4.0,0.0,0.0
12115560,297.7784423828125,303.1499938964844,285.1499938964844,0.0,-0.0,287.231201171875,0.0,0.0,9.02585088624619e-05,297.5762023925781,303.1499938964844,285.1499938964844,0.0,-0.0,287.2311706542969,0.0,0.0,9.504658373771235e-05,297.9313049316406,303.1499938964844,285.1499938964844,0.0,-0.0,287.233642578125,0.0,0.0,7.020110206212848e-05,297.494873046875,303.1499938964844,285.1499938964844,0.0,-0.0,287.22998046875,0.0,0.0,9.50465546338819e-05,297.88671875,303.1499938964844,285.1499938964844,0.0,-0.0,287.2320861816406,0.0,0.0,0.0004508599522523,287.14520263671875,294.1499938964844,282.7548828125,281.7767639160156,283.13330078125,282.0820617675781,286.7496337890625,0.0,0.0,0.0,0.0,1.0,1.0,-0.0009617146570235,1.3874247306588927e-09,0.0009617132600396,-0.0026858407072722,0.0,0.0,0.0,-0.0055006155744194,60.0,-2.660616159439087,-0.0,-6.30596943551609e-08,0.0,283.1644592285156,287.4449462890625,288.6285095214844,288.9419860839844,293.1499938964844,293.1499938964844,278.1499938964844,0.0,18000.0,313.1499938964844,0.0,18000.0,0.0,0.0,0.0,0.0,0.0,0.0,0.0,0.0,0.0,-0.0,0.0,0.0,-7.778098853284027e-21,-3.889049426642014e-21,-3.889049426642014e-21,0.0,0.0,-0.0,0.0,0.0,0.0,-0.0,0.0,0.0,0.0,0.0,0.0,4.0,0.0,0.0
12115620,297.79034423828125,303.1499938964844,285.1499938964844,0.0,-0.0,287.2276306152344,0.0,0.0,9.020856668939814e-05,297.5772399902344,303.1499938964844,285.1499938964844,0.0,-0.0,287.22760009765625,0.0,0.0,9.499398584011942e-05,297.9403381347656,303.1499938964844,285.1499938964844,0.0,-0.0,287.2300720214844,0.0,0.0,7.016225572442636e-05,297.50067138671875,303.1499938964844,285.1499938964844,0.0,-0.0,287.2264404296875,0.0,0.0,9.499396401224658e-05,297.88922119140625,303.1499938964844,285.1499938964844,0.0,-0.0,287.2284851074219,0.0,0.0,0.0004506104451138,287.1416015625,294.1499938964844,282.8265380859375,281.83856201171875,283.1275329589844,282.1023254394531,286.7476501464844,0.0,0.0,0.0,0.0,1.0,1.0,-0.0009611819987185,1.3251700847760615e-09,0.0009611806599423,-0.0025227062869817,0.0,0.0,0.0,-0.0054697524756193,60.0,-2.612518310546875,-0.0,-6.298989063679984e-08,0.0,283.1644592285156,287.4449462890625,288.6285095214844,288.9419860839844,293.1499938964844,293.1499938964844,278.1499938964844,0.0,18000.0,313.1499938964844,0.0,18000.0,0.0,0.0,0.0,0.0,0.0,0.0,0.0,0.0,0.0,-0.0,0.0,0.0,-7.778098853284027e-21,-3.889049426642014e-21,-3.889049426642014e-21,0.0,0.0,-0.0,0.0,0.0,0.0,-0.0,0.0,0.0,0.0,0.0,0.0,4.0,0.0,0.0
12115680,297.79034423828125,303.1499938964844,285.1499938964844,0.0,-0.0,287.2276306152344,0.0,0.0,9.020856668939814e-05,297.5772399902344,303.1499938964844,285.1499938964844,0.0,-0.0,287.22760009765625,0.0,0.0,9.499398584011942e-05,297.9403381347656,303.1499938964844,285.1499938964844,0.0,-0.0,287.2300720214844,0.0,0.0,7.016225572442636e-05,297.50067138671875,303.1499938964844,285.1499938964844,0.0,-0.0,287.2264404296875,0.0,0.0,9.499396401224658e-05,297.88922119140625,303.1499938964844,285.1499938964844,0.0,-0.0,287.2284851074219,0.0,0.0,0.0004506104451138,287.1416015625,294.1499938964844,282.8265380859375,281.83856201171875,283.1275329589844,282.1023254394531,286.7476501464844,0.0,0.0,0.0,0.0,1.0,1.0,-0.0009611819987185,1.3251700847760615e-09,0.0009611806599423,-0.0025227062869817,0.0,0.0,0.0,-0.0054697524756193,60.0,-2.612518310546875,-0.0,-6.298989063679984e-08,0.0,283.1644592285156,287.4449462890625,288.6285095214844,288.9419860839844,293.1499938964844,293.1499938964844,278.1499938964844,0.0,18000.0,313.1499938964844,0.0,18000.0,0.0,0.0,0.0,0.0,0.0,0.0,0.0,0.0,0.0,-0.0,0.0,0.0,-7.778098853284027e-21,-3.889049426642014e-21,-3.889049426642014e-21,0.0,0.0,-0.0,0.0,0.0,0.0,-0.0,0.0,0.0,0.0,0.0,0.0,4.0,0.0,0.0
12115740,297.8026733398437,303.1499938964844,285.1499938964844,0.0,-0.0,287.2240600585937,0.0,0.0,9.00740924407728e-05,297.5805053710937,303.1499938964844,285.1499938964844,0.0,-0.0,287.2240295410156,0.0,0.0,9.485238115303218e-05,297.9468078613281,303.1499938964844,285.1499938964844,0.0,-0.0,287.2264709472656,0.0,0.0,7.005766383372247e-05,297.50653076171875,303.1499938964844,285.1499938964844,0.0,-0.0,287.222900390625,0.0,0.0,9.485235204920171e-05,297.89178466796875,303.1499938964844,285.1499938964844,0.0,-0.0,287.2249450683594,0.0,0.0,0.0004499387287069,287.1379699707031,294.1499938964844,282.90045166015625,281.9020690917969,283.123046875,282.120849609375,286.7456970214844,0.0,0.0,0.0,0.0,1.0,1.0,-0.0009597493335604,1.1576081204722755e-09,0.0009597481694072,-0.0020836188923567,0.0,0.0,0.0,-0.0053866864182055,60.0,-2.561317682266236,-0.0,-6.28022007731488e-08,0.0,283.1644592285156,287.4449462890625,288.6285095214844,288.9419860839844,293.1499938964844,293.1499938964844,278.1499938964844,0.0,18000.0,313.1499938964844,0.0,18000.0,0.0,0.0,0.0,0.0,0.0,0.0,0.0,0.0,0.0,-0.0,0.0,0.0,-7.778098853284027e-21,-3.889049426642014e-21,-3.889049426642014e-21,0.0,0.0,-0.0,0.0,0.0,0.0,-0.0,0.0,0.0,0.0,0.0,0.0,4.0,0.0,0.0
12115800,297.8026733398437,303.1499938964844,285.1499938964844,0.0,-0.0,287.2240600585937,0.0,0.0,9.00740924407728e-05,297.5805053710937,303.1499938964844,285.1499938964844,0.0,-0.0,287.2240295410156,0.0,0.0,9.485238115303218e-05,297.9468078613281,303.1499938964844,285.1499938964844,0.0,-0.0,287.2264709472656,0.0,0.0,7.005766383372247e-05,297.50653076171875,303.1499938964844,285.1499938964844,0.0,-0.0,287.222900390625,0.0,0.0,9.485235204920171e-05,297.89178466796875,303.1499938964844,285.1499938964844,0.0,-0.0,287.2249450683594,0.0,0.0,0.0004499387287069,287.1379699707031,294.1499938964844,282.90045166015625,281.9020690917969,283.123046875,282.120849609375,286.7456970214844,0.0,0.0,0.0,0.0,1.0,1.0,-0.0009597493335604,1.1576081204722755e-09,0.0009597481694072,-0.0020836188923567,0.0,0.0,0.0,-0.0053866864182055,60.0,-2.561317682266236,-0.0,-6.28022007731488e-08,0.0,283.1644592285156,287.4449462890625,288.6285095214844,288.9419860839844,293.1499938964844,293.1499938964844,278.1499938964844,0.0,18000.0,313.1499938964844,0.0,18000.0,0.0,0.0,0.0,0.0,0.0,0.0,0.0,0.0,0.0,-0.0,0.0,0.0,-7.778098853284027e-21,-3.889049426642014e-21,-3.889049426642014e-21,0.0,0.0,-0.0,0.0,0.0,0.0,-0.0,0.0,0.0,0.0,0.0,0.0,4.0,0.0,0.0
12115860,297.8155212402344,303.1499938964844,285.1499938964844,0.0,-0.0,287.2217712402344,0.0,0.0,9.00395170901902e-05,297.58599853515625,303.1499938964844,285.1499938964844,0.0,-0.0,287.2217102050781,0.0,0.0,9.48159722611308e-05,297.95166015625,303.1499938964844,285.1499938964844,0.0,-0.0,287.2241516113281,0.0,0.0,7.003077189438045e-05,297.51251220703125,303.1499938964844,285.1499938964844,0.0,-0.0,287.2205810546875,0.0,0.0,9.481594315730037e-05,297.8945617675781,303.1499938964844,285.1499938964844,0.0,-0.0,287.2226257324219,0.0,0.0,0.0004497659974731,287.13507080078125,294.1499938964844,282.9765930175781,281.9672546386719,283.1201171875,282.134521484375,286.7437438964844,0.0,0.0,0.0,0.0,1.0,1.0,-0.0006991508998908,8.538602602747855e-10,0.0006991500267758,-0.0015456615947186,0.0,0.0,0.0,-0.0039392500184476,60.0,-2.3539321422576904,-0.0,-6.27539691322454e-08,0.0,283.1644592285156,287.4449462890625,288.6285095214844,288.9419860839844,293.1499938964844,293.1499938964844,278.1499938964844,0.0,18000.0,313.1499938964844,0.0,18000.0,0.0,0.0,0.0,0.0,0.0,0.0,0.0,0.0,0.0,-0.0,0.0,0.0,-7.778098853284027e-21,-3.889049426642014e-21,-3.889049426642014e-21,0.0,0.0,-0.0,0.0,0.0,0.0,-0.0,0.0,0.0,0.0,0.0,0.0,4.0,0.0,0.0
12115920,297.8155212402344,303.1499938964844,285.1499938964844,0.0,-0.0,287.2217712402344,0.0,0.0,9.00395170901902e-05,297.58599853515625,303.1499938964844,285.1499938964844,0.0,-0.0,287.2217102050781,0.0,0.0,9.48159722611308e-05,297.95166015625,303.1499938964844,285.1499938964844,0.0,-0.0,287.2241516113281,0.0,0.0,7.003077189438045e-05,297.51251220703125,303.1499938964844,285.1499938964844,0.0,-0.0,287.2205810546875,0.0,0.0,9.481594315730037e-05,297.8945617675781,303.1499938964844,285.1499938964844,0.0,-0.0,287.2226257324219,0.0,0.0,0.0004497659974731,287.13507080078125,294.1499938964844,282.9765930175781,281.9672546386719,283.1201171875,282.134521484375,286.7437438964844,0.0,0.0,0.0,0.0,1.0,1.0,-0.0006991508998908,8.538602602747855e-10,0.0006991500267758,-0.0015456615947186,0.0,0.0,0.0,-0.0039392500184476,60.0,-2.3539321422576904,-0.0,-6.27539691322454e-08,0.0,283.1644592285156,287.4449462890625,288.6285095214844,288.9419860839844,293.1499938964844,293.1499938964844,278.1499938964844,0.0,18000.0,313.1499938964844,0.0,18000.0,0.0,0.0,0.0,0.0,0.0,0.0,0.0,0.0,0.0,-0.0,0.0,0.0,-7.778098853284027e-21,-3.889049426642014e-21,-3.889049426642014e-21,0.0,0.0,-0.0,0.0,0.0,0.0,-0.0,0.0,0.0,0.0,0.0,0.0,4.0,0.0,0.0
12115980,297.827392578125,303.1499938964844,285.1499938964844,0.0,-0.0,287.2226867675781,0.0,0.0,3.98464035242796e-05,297.5928039550781,303.1499938964844,285.1499938964844,0.0,-0.0,287.2225952148437,0.0,0.0,4.196019654045813e-05,297.9557800292969,303.1499938964844,285.1499938964844,0.0,-0.0,287.22509765625,0.0,0.0,3.0991664971224964e-05,297.5185546875,303.1499938964844,285.1499938964844,0.0,-0.0,287.221435546875,0.0,0.0,4.19601819885429e-05,297.8976135253906,303.1499938964844,285.1499938964844,0.0,-0.0,287.2235717773437,0.0,0.0,0.0001990410382859,287.1352233886719,294.1499938964844,283.0549011230469,282.03399658203125,283.1200866699219,282.1461486816406,286.7417907714844,0.0,0.0,0.0,0.0,1.0,1.0,-0.000425871781772,5.323345098062756e-10,0.000425871257903,-0.0009736448992043,0.0,0.0,0.0,-0.0023986198939383,60.0,-1.5354543924331665,-0.0,-1.2290033879480688e-08,0.0,283.1644592285156,287.4449462890625,288.6285095214844,288.9419860839844,293.1499938964844,293.1499938964844,278.1499938964844,0.0,18000.0,313.1499938964844,0.0,18000.0,0.0,0.0,0.0,0.0,0.0,0.0,0.0,0.0,0.0,-0.0,0.0,0.0,-7.778098853284027e-21,-3.889049426642014e-21,-3.889049426642014e-21,0.0,0.0,-0.0,0.0,0.0,0.0,-0.0,0.0,0.0,0.0,0.0,0.0,4.0,0.0,0.0
12116040,297.827392578125,303.1499938964844,285.1499938964844,0.0,-0.0,287.2226867675781,0.0,0.0,3.98464035242796e-05,297.5928039550781,303.1499938964844,285.1499938964844,0.0,-0.0,287.2225952148437,0.0,0.0,4.196019654045813e-05,297.9557800292969,303.1499938964844,285.1499938964844,0.0,-0.0,287.22509765625,0.0,0.0,3.0991664971224964e-05,297.5185546875,303.1499938964844,285.1499938964844,0.0,-0.0,287.221435546875,0.0,0.0,4.19601819885429e-05,297.8976135253906,303.1499938964844,285.1499938964844,0.0,-0.0,287.2235717773437,0.0,0.0,0.0001990410382859,287.1352233886719,294.1499938964844,283.0549011230469,282.03399658203125,283.1200866699219,282.1461486816406,286.7417907714844,0.0,0.0,0.0,0.0,1.0,1.0,-0.000425871781772,5.323345098062756e-10,0.000425871257903,-0.0009736448992043,0.0,0.0,0.0,-0.0023986198939383,60.0,-1.5354543924331665,-0.0,-1.2290033879480688e-08,0.0,283.1644592285156,287.4449462890625,288.6285095214844,288.9419860839844,293.1499938964844,293.1499938964844,278.1499938964844,0.0,18000.0,313.1499938964844,0.0,18000.0,0.0,0.0,0.0,0.0,0.0,0.0,0.0,0.0,0.0,-0.0,0.0,0.0,-7.778098853284027e-21,-3.889049426642014e-21,-3.889049426642014e-21,0.0,0.0,-0.0,0.0,0.0,0.0,-0.0,0.0,0.0,0.0,0.0,0.0,4.0,0.0,0.0
12116100,297.8332214355469,303.1499938964844,285.1499938964844,0.0,-0.0,287.2251281738281,0.0,0.0,3.369277328602038e-05,297.5964660644531,303.1499938964844,285.1499938964844,0.0,-0.0,287.2249450683594,0.0,0.0,3.548012318788096e-05,297.9576721191406,303.1499938964844,285.1499938964844,0.0,-0.0,287.2275695800781,0.0,0.0,2.6205503672827035e-05,297.5215759277344,303.1499938964844,285.1499938964844,0.0,-0.0,287.2237854003906,0.0,0.0,3.548011227394454e-05,297.899169921875,303.1499938964844,285.1499938964844,0.0,-0.0,287.2260131835937,0.0,0.0,0.0001683023729128,287.13720703125,294.1499938964844,283.0948486328125,282.0679626464844,283.1210021972656,282.1527099609375,286.7408447265625,0.0,0.0,0.0,0.0,1.0,1.0,-0.0003736569487955,4.6369971751225586e-10,0.0003736564831342,-0.0008454178459942,0.0,0.0,0.0,-0.0021024665329605,60.0,-1.2112232446670532,-0.0,-8.787155003631142e-09,0.0,283.1644592285156,287.4449462890625,288.6285095214844,288.9419860839844,293.1499938964844,293.1499938964844,278.1499938964844,0.0,18000.0,313.1499938964844,0.0,18000.0,0.0,0.0,0.0,0.0,0.0,0.0,0.0,0.0,0.0,-0.0,0.0,0.0,-7.778098853284027e-21,-3.889049426642014e-21,-3.889049426642014e-21,0.0,0.0,-0.0,0.0,0.0,0.0,-0.0,0.0,0.0,0.0,0.0,0.0,4.0,0.0,0.0
12116160,297.8392333984375,303.1499938964844,285.1499938964844,0.0,-0.0,287.2275085449219,0.0,0.0,3.247076165280305e-05,297.60015869140625,303.1499938964844,285.1499938964844,0.0,-0.0,287.2272644042969,0.0,0.0,3.419328641030006e-05,297.95947265625,303.1499938964844,285.1499938964844,0.0,-0.0,287.22998046875,0.0,0.0,2.5255050786654465e-05,297.5245361328125,303.1499938964844,285.1499938964844,0.0,-0.0,287.22607421875,0.0,0.0,3.419327549636364e-05,297.9007873535156,303.1499938964844,285.1499938964844,0.0,-0.0,287.2284240722656,0.0,0.0,0.0001621981791686,287.1393127441406,294.1499938964844,283.1353454589844,282.102294921875,283.1212158203125,282.1595153808594,286.7398986816406,0.0,0.0,0.0,0.0,1.0,1.0,-0.0003517228469718,4.3848644160071615e-10,0.0003517224104143,-0.0008010658784769,0.0,0.0,0.0,-0.001980279572308,60.0,-0.9986464977264404,-0.0,-8.161306297438387e-09,0.0,283.1644592285156,287.4449462890625,288.6285095214844,288.9419860839844,293.1499938964844,293.1499938964844,278.1499938964844,0.0,18000.0,313.1499938964844,0.0,18000.0,0.0,0.0,0.0,0.0,0.0,0.0,0.0,0.0,0.0,-0.0,0.0,0.0,-7.778098853284027e-21,-3.889049426642014e-21,-3.889049426642014e-21,0.0,0.0,-0.0,0.0,0.0,0.0,-0.0,0.0,0.0,0.0,0.0,0.0,4.0,0.0,0.0
12116220,297.8520202636719,303.1499938964844,285.1499938964844,0.0,-0.0,287.2357788085937,0.0,0.0,1.813711605791468e-05,297.607421875,303.1499938964844,285.1499938964844,0.0,-0.0,287.2353820800781,0.0,0.0,1.9099261407973245e-05,297.9629211425781,303.1499938964844,285.1499938964844,0.0,-0.0,287.2383117675781,0.0,0.0,1.4106652997725178e-05,297.5303649902344,303.1499938964844,285.1499938964844,0.0,-0.0,287.2341613769531,0.0,0.0,1.909925595100504e-05,297.9040222167969,303.1499938964844,285.1499938964844,0.0,-0.0,287.2367248535156,0.0,0.0,9.059864532900974e-05,287.1527709960937,294.1499938964844,283.21783447265625,282.1720275878906,283.1221008300781,282.171875,286.738037109375,0.0,0.0,0.0,0.0,1.0,1.0,-0.0004265921888872,4.75422035073336e-10,0.000426591723226,-0.0008233007974922,0.0,0.0,0.0,-0.0023672198876738,60.0,-0.976815104484558,-0.0,-2.5463087194310674e-09,0.0,283.1644592285156,287.4449462890625,288.6285095214844,288.9419860839844,293.1499938964844,293.1499938964844,278.1499938964844,0.0,18000.0,313.1499938964844,0.0,18000.0,0.0,0.0,0.0,0.0,0.0,0.0,0.0,0.0,0.0,-0.0,0.0,0.0,-7.778098853284027e-21,-3.889049426642014e-21,-3.889049426642014e-21,0.0,0.0,-0.0,0.0,0.0,0.0,-0.0,0.0,0.0,0.0,0.0,0.0,4.0,0.0,0.0
12116280,297.8520202636719,303.1499938964844,285.1499938964844,0.0,-0.0,287.2357788085937,0.0,0.0,1.813711605791468e-05,297.607421875,303.1499938964844,285.1499938964844,0.0,-0.0,287.2353820800781,0.0,0.0,1.9099261407973245e-05,297.9629211425781,303.1499938964844,285.1499938964844,0.0,-0.0,287.2383117675781,0.0,0.0,1.4106652997725178e-05,297.5303649902344,303.1499938964844,285.1499938964844,0.0,-0.0,287.2341613769531,0.0,0.0,1.909925595100504e-05,297.9040222167969,303.1499938964844,285.1499938964844,0.0,-0.0,287.2367248535156,0.0,0.0,9.059864532900974e-05,287.1527709960937,294.1499938964844,283.21783447265625,282.1720275878906,283.1221008300781,282.171875,286.738037109375,0.0,0.0,0.0,0.0,1.0,1.0,-0.0004265921888872,4.75422035073336e-10,0.000426591723226,-0.0008233007974922,0.0,0.0,0.0,-0.0023672198876738,60.0,-0.976815104484558,-0.0,-2.5463087194310674e-09,0.0,283.1644592285156,287.4449462890625,288.6285095214844,288.9419860839844,293.1499938964844,293.1499938964844,278.1499938964844,0.0,18000.0,313.1499938964844,0.0,18000.0,0.0,0.0,0.0,0.0,0.0,0.0,0.0,0.0,0.0,-0.0,0.0,0.0,-7.778098853284027e-21,-3.889049426642014e-21,-3.889049426642014e-21,0.0,0.0,-0.0,0.0,0.0,0.0,-0.0,0.0,0.0,0.0,0.0,0.0,4.0,0.0,0.0
12116340,297.8662109375,303.1499938964844,285.1499938964844,0.0,-0.0,287.2439880371094,0.0,0.0,2.9411052310024388e-05,297.6138000488281,303.1499938964844,285.1499938964844,0.0,-0.0,287.243408203125,0.0,0.0,3.097126318607479e-05,297.9663391113281,303.1499938964844,285.1499938964844,0.0,-0.0,287.24658203125,0.0,0.0,2.2875274225953035e-05,297.5361022949219,303.1499938964844,285.1499938964844,0.0,-0.0,287.2421264648437,0.0,0.0,3.097125227213837e-05,297.9073181152344,303.1499938964844,285.1499938964844,0.0,-0.0,287.2449951171875,0.0,0.0,0.0001469142880523,287.1636047363281,294.1499938964844,283.3023986816406,282.2431640625,283.12701416015625,282.1899108886719,286.7361755371094,0.0,0.0,0.0,0.0,1.0,1.0,-0.0003133791906293,3.91958715484364e-10,0.0003133787831757,-0.0007170874159783,0.0,0.0,0.0,-0.0017651772359386,60.0,-0.8250454068183899,-0.0,-6.695695109470989e-09,0.0,283.1644592285156,287.4449462890625,288.6285095214844,288.9419860839844,293.1499938964844,293.1499938964844,278.1499938964844,0.0,18000.0,313.1499938964844,0.0,18000.0,0.0,0.0,0.0,0.0,0.0,0.0,0.0,0.0,0.0,-0.0,0.0,0.0,-7.778098853284027e-21,-3.889049426642014e-21,-3.889049426642014e-21,0.0,0.0,-0.0,0.0,0.0,0.0,-0.0,0.0,0.0,0.0,0.0,0.0,4.0,0.0,0.0
12116400,297.8662109375,303.1499938964844,285.1499938964844,0.0,-0.0,287.2439880371094,0.0,0.0,2.9411052310024388e-05,297.6138000488281,303.1499938964844,285.1499938964844,0.0,-0.0,287.243408203125,0.0,0.0,3.097126318607479e-05,297.9663391113281,303.1499938964844,285.1499938964844,0.0,-0.0,287.24658203125,0.0,0.0,2.2875274225953035e-05,297.5361022949219,303.1499938964844,285.1499938964844,0.0,-0.0,287.2421264648437,0.0,0.0,3.097125227213837e-05,297.9073181152344,303.1499938964844,285.1499938964844,0.0,-0.0,287.2449951171875,0.0,0.0,0.0001469142880523,287.1636047363281,294.1499938964844,283.3023986816406,282.2431640625,283.12701416015625,282.1899108886719,286.7361755371094,0.0,0.0,0.0,0.0,1.0,1.0,-0.0003133791906293,3.91958715484364e-10,0.0003133787831757,-0.0007170874159783,0.0,0.0,0.0,-0.0017651772359386,60.0,-0.8250454068183899,-0.0,-6.695695109470989e-09,0.0,283.1644592285156,287.4449462890625,288.6285095214844,288.9419860839844,293.1499938964844,293.1499938964844,278.1499938964844,0.0,18000.0,313.1499938964844,0.0,18000.0,0.0,0.0,0.0,0.0,0.0,0.0,0.0,0.0,0.0,-0.0,0.0,0.0,-7.778098853284027e-21,-3.889049426642014e-21,-3.889049426642014e-21,0.0,0.0,-0.0,0.0,0.0,0.0,-0.0,0.0,0.0,0.0,0.0,0.0,4.0,0.0,0.0
12116460,297.8818359375,303.1499938964844,285.1499938964844,0.0,-0.0,287.248046875,0.0,0.0,2.149861211364623e-05,297.6192626953125,303.1499938964844,285.1499938964844,0.0,-0.0,287.2473449707031,0.0,0.0,2.263908027089201e-05,297.96978759765625,303.1499938964844,285.1499938964844,0.0,-0.0,287.25067138671875,0.0,0.0,1.6721151041565463e-05,297.5418701171875,303.1499938964844,285.1499938964844,0.0,-0.0,287.2460632324219,0.0,0.0,2.2639072994934395e-05,297.9105529785156,303.1499938964844,285.1499938964844,0.0,-0.0,287.2490539550781,0.0,0.0,0.0001073900202754,287.1678466796875,294.1499938964844,283.3889465332031,282.315673828125,283.1296081542969,282.2040100097656,286.7343444824219,0.0,0.0,0.0,0.0,1.0,1.0,-0.0002300175547134,2.8745836266885755e-10,0.000230017278227,-0.000525715702679,0.0,0.0,0.0,-0.0012954791309311,60.0,-0.653262197971344,-0.0,-3.577629748008348e-09,0.0,283.1644592285156,287.4449462890625,288.6285095214844,288.9419860839844,293.1499938964844,293.1499938964844,278.1499938964844,0.0,18000.0,313.1499938964844,0.0,18000.0,0.0,0.0,0.0,0.0,0.0,0.0,0.0,0.0,0.0,-0.0,0.0,0.0,-7.778098853284027e-21,-3.889049426642014e-21,-3.889049426642014e-21,0.0,0.0,-0.0,0.0,0.0,0.0,-0.0,0.0,0.0,0.0,0.0,0.0,4.0,0.0,0.0
12116520,297.8818359375,303.1499938964844,285.1499938964844,0.0,-0.0,287.248046875,0.0,0.0,2.149861211364623e-05,297.6192626953125,303.1499938964844,285.1499938964844,0.0,-0.0,287.2473449707031,0.0,0.0,2.263908027089201e-05,297.96978759765625,303.1499938964844,285.1499938964844,0.0,-0.0,287.25067138671875,0.0,0.0,1.6721151041565463e-05,297.5418701171875,303.1499938964844,285.1499938964844,0.0,-0.0,287.2460632324219,0.0,0.0,2.2639072994934395e-05,297.9105529785156,303.1499938964844,285.1499938964844,0.0,-0.0,287.2490539550781,0.0,0.0,0.0001073900202754,287.1678466796875,294.1499938964844,283.3889465332031,282.315673828125,283.1296081542969,282.2040100097656,286.7343444824219,0.0,0.0,0.0,0.0,1.0,1.0,-0.0002300175547134,2.8745836266885755e-10,0.000230017278227,-0.000525715702679,0.0,0.0,0.0,-0.0012954791309311,60.0,-0.653262197971344,-0.0,-3.577629748008348e-09,0.0,283.1644592285156,287.4449462890625,288.6285095214844,288.9419860839844,293.1499938964844,293.1499938964844,278.1499938964844,0.0,18000.0,313.1499938964844,0.0,18000.0,0.0,0.0,0.0,0.0,0.0,0.0,0.0,0.0,0.0,-0.0,0.0,0.0,-7.778098853284027e-21,-3.889049426642014e-21,-3.889049426642014e-21,0.0,0.0,-0.0,0.0,0.0,0.0,-0.0,0.0,0.0,0.0,0.0,0.0,4.0,0.0,0.0
12116580,297.8990173339844,303.1499938964844,285.1499938964844,0.0,-0.0,287.25048828125,0.0,0.0,1.3422513802652247e-05,297.6242370605469,303.1499938964844,285.1499938964844,0.0,-0.0,287.2497253417969,0.0,0.0,1.4134557204670273e-05,297.9732971191406,303.1499938964844,285.1499938964844,0.0,-0.0,287.2531433105469,0.0,0.0,1.043973861669656e-05,297.5476379394531,303.1499938964844,285.1499938964844,0.0,-0.0,287.2484130859375,0.0,0.0,1.4134553566691466e-05,297.9137268066406,303.1499938964844,285.1499938964844,0.0,-0.0,287.2514953613281,0.0,0.0,6.704823317704722e-05,287.1708374023437,294.1499938964844,283.4774475097656,282.389404296875,283.1308898925781,282.21337890625,286.7325744628906,0.0,0.0,0.0,0.0,1.0,1.0,-0.0001412505080224,1.7710952149307954e-10,0.0001412503333995,-0.0003243736282456,0.0,0.0,0.0,-0.0007958940695971,60.0,-0.4246169924736023,-0.0,-1.394576121249713e-09,0.0,283.1644592285156,287.4449462890625,288.6285095214844,288.9419860839844,293.1499938964844,293.1499938964844,278.1499938964844,0.0,18000.0,313.1499938964844,0.0,18000.0,0.0,0.0,0.0,0.0,0.0,0.0,0.0,0.0,0.0,-0.0,0.0,0.0,-7.778098853284027e-21,-3.889049426642014e-21,-3.889049426642014e-21,0.0,0.0,-0.0,0.0,0.0,0.0,-0.0,0.0,0.0,0.0,0.0,0.0,4.0,0.0,0.0
12116640,297.8990173339844,303.1499938964844,285.1499938964844,0.0,-0.0,287.25048828125,0.0,0.0,1.3422513802652247e-05,297.6242370605469,303.1499938964844,285.1499938964844,0.0,-0.0,287.2497253417969,0.0,0.0,1.4134557204670273e-05,297.9732971191406,303.1499938964844,285.1499938964844,0.0,-0.0,287.2531433105469,0.0,0.0,1.043973861669656e-05,297.5476379394531,303.1499938964844,285.1499938964844,0.0,-0.0,287.2484130859375,0.0,0.0,1.4134553566691466e-05,297.9137268066406,303.1499938964844,285.1499938964844,0.0,-0.0,287.2514953613281,0.0,0.0,6.704823317704722e-05,287.1708374023437,294.1499938964844,283.4774475097656,282.389404296875,283.1308898925781,282.21337890625,286.7325744628906,0.0,0.0,0.0,0.0,1.0,1.0,-0.0001412505080224,1.7710952149307954e-10,0.0001412503333995,-0.0003243736282456,0.0,0.0,0.0,-0.0007958940695971,60.0,-0.4246169924736023,-0.0,-1.394576121249713e-09,0.0,283.1644592285156,287.4449462890625,288.6285095214844,288.9419860839844,293.1499938964844,293.1499938964844,278.1499938964844,0.0,18000.0,313.1499938964844,0.0,18000.0,0.0,0.0,0.0,0.0,0.0,0.0,0.0,0.0,0.0,-0.0,0.0,0.0,-7.778098853284027e-21,-3.889049426642014e-21,-3.889049426642014e-21,0.0,0.0,-0.0,0.0,0.0,0.0,-0.0,0.0,0.0,0.0,0.0,0.0,4.0,0.0,0.0
12116700,297.9080505371094,303.1499938964844,285.1499938964844,0.0,-0.0,287.2510070800781,0.0,0.0,1.0069917152577544e-05,297.62664794921875,303.1499938964844,285.1499938964844,0.0,-0.0,287.2502136230469,0.0,0.0,1.0604110684653278e-05,297.97509765625,303.1499938964844,285.1499938964844,0.0,-0.0,287.2536315917969,0.0,0.0,7.832161827536765e-06,297.5504455566406,303.1499938964844,285.1499938964844,0.0,-0.0,287.2489013671875,0.0,0.0,1.0604107956169171e-05,297.9152526855469,303.1499938964844,285.1499938964844,0.0,-0.0,287.25201416015625,0.0,0.0,5.030132160754874e-05,287.1715087890625,294.1499938964844,283.5223999023437,282.4267578125,283.1313171386719,282.2161560058594,286.7317199707031,0.0,0.0,0.0,0.0,1.0,1.0,-0.0001072978193406,1.3420223266003006e-10,0.0001072976810974,-0.0002455224166624,0.0,0.0,0.0,-0.0006043777102604,60.0,-0.3328747153282165,-0.0,-7.849216832056524e-10,0.0,283.1644592285156,287.4449462890625,288.6285095214844,288.9419860839844,293.1499938964844,293.1499938964844,278.1499938964844,0.0,18000.0,313.1499938964844,0.0,18000.0,0.0,0.0,0.0,0.0,0.0,0.0,0.0,0.0,0.0,-0.0,0.0,0.0,-7.778098853284027e-21,-3.889049426642014e-21,-3.889049426642014e-21,0.0,0.0,-0.0,0.0,0.0,0.0,-0.0,0.0,0.0,0.0,0.0,0.0,4.0,0.0,0.0
12116760,297.9174499511719,303.1499938964844,285.1499938964844,0.0,-0.0,287.2513122558594,0.0,0.0,7.586642368551111e-06,297.6289978027344,303.1499938964844,285.1499938964844,0.0,-0.0,287.2505187988281,0.0,0.0,7.989101504790597e-06,297.97686767578125,303.1499938964844,285.1499938964844,0.0,-0.0,287.25396728515625,0.0,0.0,5.900724772800459e-06,297.55322265625,303.1499938964844,285.1499938964844,0.0,-0.0,287.24920654296875,0.0,0.0,7.989099685801193e-06,297.916748046875,303.1499938964844,285.1499938964844,0.0,-0.0,287.2523193359375,0.0,0.0,3.7896847061347216e-05,287.1719970703125,294.1499938964844,283.5678405761719,282.4643859863281,283.1315612792969,282.2178649902344,286.7308959960937,0.0,0.0,0.0,0.0,1.0,1.0,-8.083833381533623e-05,1.0110805942487032e-10,8.083823195192963e-05,-0.0001849766267696,0.0,0.0,0.0,-0.0004553390026558,60.0,-0.2554613649845123,-0.0,-4.45526671111196e-10,0.0,283.1644592285156,287.4449462890625,288.6285095214844,288.9419860839844,293.1499938964844,293.1499938964844,278.1499938964844,0.0,18000.0,313.1499938964844,0.0,18000.0,0.0,0.0,0.0,0.0,0.0,0.0,0.0,0.0,0.0,-0.0,0.0,0.0,-7.778098853284027e-21,-3.889049426642014e-21,-3.889049426642014e-21,0.0,0.0,-0.0,0.0,0.0,0.0,-0.0,0.0,0.0,0.0,0.0,0.0,4.0,0.0,0.0
12116820,297.9368896484375,303.1499938964844,285.1499938964844,0.0,-0.0,287.2515869140625,0.0,0.0,4.641924988391111e-06,297.6335754394531,303.1499938964844,285.1499938964844,0.0,-0.0,287.25079345703125,0.0,0.0,4.888172043138184e-06,297.98052978515625,303.1499938964844,285.1499938964844,0.0,-0.0,287.2542419433594,0.0,0.0,3.6103879210713785e-06,297.5588073730469,303.1499938964844,285.1499938964844,0.0,-0.0,287.2494812011719,0.0,0.0,4.888170678896131e-06,297.91961669921875,303.1499938964844,285.1499938964844,0.0,-0.0,287.2525939941406,0.0,0.0,2.318737642781344e-05,287.17242431640625,294.1499938964844,283.6600646972656,282.5404968261719,283.1318054199219,282.2196655273437,286.729248046875,0.0,0.0,0.0,0.0,1.0,1.0,-4.946074477629736e-05,6.186286899412252e-11,4.946068293065764e-05,-0.0001131778990384,0.0,0.0,0.0,-0.0002785981632769,60.0,-0.1490498781204223,-0.0,-1.6679028991273268e-10,0.0,283.1644592285156,287.4449462890625,288.6285095214844,288.9419860839844,293.1499938964844,293.1499938964844,278.1499938964844,0.0,18000.0,313.1499938964844,0.0,18000.0,0.0,0.0,0.0,0.0,0.0,0.0,0.0,0.0,0.0,-0.0,0.0,0.0,-7.778098853284027e-21,-3.889049426642014e-21,-3.889049426642014e-21,0.0,0.0,-0.0,0.0,0.0,0.0,-0.0,0.0,0.0,0.0,0.0,0.0,4.0,0.0,0.0
12116880,297.9368896484375,303.1499938964844,285.1499938964844,0.0,-0.0,287.2515869140625,0.0,0.0,4.641924988391111e-06,297.6335754394531,303.1499938964844,285.1499938964844,0.0,-0.0,287.25079345703125,0.0,0.0,4.888172043138184e-06,297.98052978515625,303.1499938964844,285.1499938964844,0.0,-0.0,287.2542419433594,0.0,0.0,3.6103879210713785e-06,297.5588073730469,303.1499938964844,285.1499938964844,0.0,-0.0,287.2494812011719,0.0,0.0,4.888170678896131e-06,297.91961669921875,303.1499938964844,285.1499938964844,0.0,-0.0,287.2525939941406,0.0,0.0,2.318737642781344e-05,287.17242431640625,294.1499938964844,283.6600646972656,282.5404968261719,283.1318054199219,282.2196655273437,286.729248046875,0.0,0.0,0.0,0.0,1.0,1.0,-4.946074477629736e-05,6.186286899412252e-11,4.946068293065764e-05,-0.0001131778990384,0.0,0.0,0.0,-0.0002785981632769,60.0,-0.1490498781204223,-0.0,-1.6679028991273268e-10,0.0,283.1644592285156,287.4449462890625,288.6285095214844,288.9419860839844,293.1499938964844,293.1499938964844,278.1499938964844,0.0,18000.0,313.1499938964844,0.0,18000.0,0.0,0.0,0.0,0.0,0.0,0.0,0.0,0.0,0.0,-0.0,0.0,0.0,-7.778098853284027e-21,-3.889049426642014e-21,-3.889049426642014e-21,0.0,0.0,-0.0,0.0,0.0,0.0,-0.0,0.0,0.0,0.0,0.0,0.0,4.0,0.0,0.0
12116940,297.9563903808594,303.1499938964844,285.1499938964844,0.0,-0.0,287.251708984375,0.0,0.0,3.246899495934485e-06,297.6380615234375,303.1499938964844,285.1499938964844,0.0,-0.0,287.2508850097656,0.0,0.0,3.419142558414024e-06,297.9842224121094,303.1499938964844,285.1499938964844,0.0,-0.0,287.2543640136719,0.0,0.0,2.5253675630665384e-06,297.56475830078125,303.1499938964844,285.1499938964844,0.0,-0.0,287.24957275390625,0.0,0.0,3.419141421545646e-06,297.9223937988281,303.1499938964844,285.1499938964844,0.0,-0.0,287.2527160644531,0.0,0.0,1.6218935343204066e-05,287.172607421875,294.1499938964844,283.7541198730469,282.61767578125,283.13189697265625,282.220458984375,286.7276916503906,0.0,0.0,0.0,0.0,1.0,1.0,-3.459636718616821e-05,4.3271344840611896e-11,3.4596323530422524e-05,-7.916472532087937e-05,0.0,0.0,0.0,-0.0001948714052559,60.0,-0.0935606807470321,-0.0,-8.160414011193494e-11,0.0,283.1644592285156,287.4449462890625,288.6285095214844,288.9419860839844,293.1499938964844,293.1499938964844,278.1499938964844,0.0,18000.0,313.1499938964844,0.0,18000.0,0.0,0.0,0.0,0.0,0.0,0.0,0.0,0.0,0.0,-0.0,0.0,0.0,-7.778098853284027e-21,-3.889049426642014e-21,-3.889049426642014e-21,0.0,0.0,-0.0,0.0,0.0,0.0,-0.0,0.0,0.0,0.0,0.0,0.0,4.0,0.0,0.0
12117000,297.9563903808594,303.1499938964844,285.1499938964844,0.0,-0.0,287.251708984375,0.0,0.0,3.246899495934485e-06,297.6380615234375,303.1499938964844,285.1499938964844,0.0,-0.0,287.2508850097656,0.0,0.0,3.419142558414024e-06,297.9842224121094,303.1499938964844,285.1499938964844,0.0,-0.0,287.2543640136719,0.0,0.0,2.5253675630665384e-06,297.56475830078125,303.1499938964844,285.1499938964844,0.0,-0.0,287.24957275390625,0.0,0.0,3.419141421545646e-06,297.9223937988281,303.1499938964844,285.1499938964844,0.0,-0.0,287.2527160644531,0.0,0.0,1.6218935343204066e-05,287.172607421875,294.1499938964844,283.7541198730469,282.61767578125,283.13189697265625,282.220458984375,286.7276916503906,0.0,0.0,0.0,0.0,1.0,1.0,-3.459636718616821e-05,4.3271344840611896e-11,3.4596323530422524e-05,-7.916472532087937e-05,0.0,0.0,0.0,-0.0001948714052559,60.0,-0.0935606807470321,-0.0,-8.160414011193494e-11,0.0,283.1644592285156,287.4449462890625,288.6285095214844,288.9419860839844,293.1499938964844,293.1499938964844,278.1499938964844,0.0,18000.0,313.1499938964844,0.0,18000.0,0.0,0.0,0.0,0.0,0.0,0.0,0.0,0.0,0.0,-0.0,0.0,0.0,-7.778098853284027e-21,-3.889049426642014e-21,-3.889049426642014e-21,0.0,0.0,-0.0,0.0,0.0,0.0,-0.0,0.0,0.0,0.0,0.0,0.0,4.0,0.0,0.0
12117060,297.9752502441406,303.1499938964844,285.1499938964844,0.0,-0.0,287.25177001953125,0.0,0.0,2.140009428330813e-06,297.6424865722656,303.1499938964844,285.1499938964844,0.0,-0.0,287.2509765625,0.0,0.0,2.253533693874488e-06,297.98797607421875,303.1499938964844,285.1499938964844,0.0,-0.0,287.2544250488281,0.0,0.0,1.6644526112941094e-06,297.5711669921875,303.1499938964844,285.1499938964844,0.0,-0.0,287.2496643066406,0.0,0.0,2.2535330117534613e-06,297.9251403808594,303.1499938964844,285.1499938964844,0.0,-0.0,287.2527770996094,0.0,0.0,1.0689789633033795e-05,287.1727294921875,294.1499938964844,283.8499450683594,282.69586181640625,283.1319885253906,282.22088623046875,286.7261962890625,0.0,0.0,0.0,0.0,1.0,1.0,-2.280233456986025e-05,2.851996590280681e-11,2.28023072850192e-05,-5.217710713623092e-05,0.0,0.0,0.0,-0.0001284390018554,60.0,-0.060376476496458,-0.0,-3.544915402886595e-11,0.0,283.1644592285156,287.4449462890625,288.6285095214844,288.9419860839844,293.1499938964844,293.1499938964844,278.1499938964844,0.0,18000.0,313.1499938964844,0.0,18000.0,0.0,0.0,0.0,0.0,0.0,0.0,0.0,0.0,0.0,-0.0,0.0,0.0,-7.778098853284027e-21,-3.889049426642014e-21,-3.889049426642014e-21,0.0,0.0,-0.0,0.0,0.0,0.0,-0.0,0.0,0.0,0.0,0.0,0.0,4.0,0.0,0.0
12117120,297.9752502441406,303.1499938964844,285.1499938964844,0.0,-0.0,287.25177001953125,0.0,0.0,2.140009428330813e-06,297.6424865722656,303.1499938964844,285.1499938964844,0.0,-0.0,287.2509765625,0.0,0.0,2.253533693874488e-06,297.98797607421875,303.1499938964844,285.1499938964844,0.0,-0.0,287.2544250488281,0.0,0.0,1.6644526112941094e-06,297.5711669921875,303.1499938964844,285.1499938964844,0.0,-0.0,287.2496643066406,0.0,0.0,2.2535330117534613e-06,297.9251403808594,303.1499938964844,285.1499938964844,0.0,-0.0,287.2527770996094,0.0,0.0,1.0689789633033795e-05,287.1727294921875,294.1499938964844,283.8499450683594,282.69586181640625,283.1319885253906,282.22088623046875,286.7261962890625,0.0,0.0,0.0,0.0,1.0,1.0,-2.280233456986025e-05,2.851996590280681e-11,2.28023072850192e-05,-5.217710713623092e-05,0.0,0.0,0.0,-0.0001284390018554,60.0,-0.060376476496458,-0.0,-3.544915402886595e-11,0.0,283.1644592285156,287.4449462890625,288.6285095214844,288.9419860839844,293.1499938964844,293.1499938964844,278.1499938964844,0.0,18000.0,313.1499938964844,0.0,18000.0,0.0,0.0,0.0,0.0,0.0,0.0,0.0,0.0,0.0,-0.0,0.0,0.0,-7.778098853284027e-21,-3.889049426642014e-21,-3.889049426642014e-21,0.0,0.0,-0.0,0.0,0.0,0.0,-0.0,0.0,0.0,0.0,0.0,0.0,4.0,0.0,0.0
12117180,297.99298095703125,303.1499938964844,285.1499938964844,0.0,-0.0,287.2518005371094,0.0,0.0,1.1104023087682435e-06,297.6469116210937,303.1499938964844,285.1499938964844,0.0,-0.0,287.2510070800781,0.0,0.0,1.169307438431133e-06,297.9918212890625,303.1499938964844,285.1499938964844,0.0,-0.0,287.25445556640625,0.0,0.0,8.636467327960418e-07,297.5780639648437,303.1499938964844,285.1499938964844,0.0,-0.0,287.2496643066406,0.0,0.0,1.16930709737062e-06,297.9279479980469,303.1499938964844,285.1499938964844,0.0,-0.0,287.2528076171875,0.0,0.0,5.546689408220118e-06,287.1727600097656,294.1499938964844,283.947509765625,282.7749938964844,283.1319885253906,282.2210388183594,286.72479248046875,0.0,0.0,0.0,0.0,1.0,1.0,-1.1831730262201743e-05,1.479846106766658e-11,1.1831715710286517e-05,-2.707370549615007e-05,0.0,0.0,0.0,-6.664471584372222e-05,60.0,-0.0352754592895507,-0.0,-9.544105956937887e-12,0.0,283.1644592285156,287.4449462890625,288.6285095214844,288.9419860839844,293.1499938964844,293.1499938964844,278.1499938964844,0.0,18000.0,313.1499938964844,0.0,18000.0,0.0,0.0,0.0,0.0,0.0,0.0,0.0,0.0,0.0,-0.0,0.0,0.0,-7.778098853284027e-21,-3.889049426642014e-21,-3.889049426642014e-21,0.0,0.0,-0.0,0.0,0.0,0.0,-0.0,0.0,0.0,0.0,0.0,0.0,4.0,0.0,0.0
12117240,297.99298095703125,303.1499938964844,285.1499938964844,0.0,-0.0,287.2518005371094,0.0,0.0,1.1104023087682435e-06,297.6469116210937,303.1499938964844,285.1499938964844,0.0,-0.0,287.2510070800781,0.0,0.0,1.169307438431133e-06,297.9918212890625,303.1499938964844,285.1499938964844,0.0,-0.0,287.25445556640625,0.0,0.0,8.636467327960418e-07,297.5780639648437,303.1499938964844,285.1499938964844,0.0,-0.0,287.2496643066406,0.0,0.0,1.16930709737062e-06,297.9279479980469,303.1499938964844,285.1499938964844,0.0,-0.0,287.2528076171875,0.0,0.0,5.546689408220118e-06,287.1727600097656,294.1499938964844,283.947509765625,282.7749938964844,283.1319885253906,282.2210388183594,286.72479248046875,0.0,0.0,0.0,0.0,1.0,1.0,-1.1831730262201743e-05,1.479846106766658e-11,1.1831715710286517e-05,-2.707370549615007e-05,0.0,0.0,0.0,-6.664471584372222e-05,60.0,-0.0352754592895507,-0.0,-9.544105956937887e-12,0.0,283.1644592285156,287.4449462890625,288.6285095214844,288.9419860839844,293.1499938964844,293.1499938964844,278.1499938964844,0.0,18000.0,313.1499938964844,0.0,18000.0,0.0,0.0,0.0,0.0,0.0,0.0,0.0,0.0,0.0,-0.0,0.0,0.0,-7.778098853284027e-21,-3.889049426642014e-21,-3.889049426642014e-21,0.0,0.0,-0.0,0.0,0.0,0.0,-0.0,0.0,0.0,0.0,0.0,0.0,4.0,0.0,0.0
12117300,298.0014038085937,303.1499938964844,285.1499938964844,0.0,-0.0,287.2518005371094,0.0,0.0,7.17916975645494e-07,297.649169921875,303.1499938964844,285.1499938964844,0.0,-0.0,287.2510070800781,0.0,0.0,7.56001384161209e-07,297.9937744140625,303.1499938964844,285.1499938964844,0.0,-0.0,287.25445556640625,0.0,0.0,5.583801794273313e-07,297.5816345214844,303.1499938964844,285.1499938964844,0.0,-0.0,287.24969482421875,0.0,0.0,7.560011567875335e-07,297.9293518066406,303.1499938964844,285.1499938964844,0.0,-0.0,287.2528076171875,0.0,0.0,3.5861439755535685e-06,287.1727905273437,294.1499938964844,283.9969177246094,282.8149108886719,283.1319885253906,282.2210693359375,286.7240905761719,0.0,0.0,0.0,0.0,1.0,1.0,-7.649658982700203e-06,9.567762380979785e-12,7.649649887753185e-06,-1.7504171410109848e-05,0.0,0.0,0.0,-4.308832285460085e-05,60.0,-0.0250761806964874,-0.0,-3.989541336180125e-12,0.0,283.1644592285156,287.4449462890625,288.6285095214844,288.9419860839844,293.1499938964844,293.1499938964844,278.1499938964844,0.0,18000.0,313.1499938964844,0.0,18000.0,0.0,0.0,0.0,0.0,0.0,0.0,0.0,0.0,0.0,-0.0,0.0,0.0,-7.778098853284027e-21,-3.889049426642014e-21,-3.889049426642014e-21,0.0,0.0,-0.0,0.0,0.0,0.0,-0.0,0.0,0.0,0.0,0.0,0.0,4.0,0.0,0.0
12117360,298.00958251953125,303.1499938964844,285.1499938964844,0.0,-0.0,287.2518005371094,0.0,0.0,4.175861931798863e-07,297.6513977050781,303.1499938964844,285.1499938964844,0.0,-0.0,287.2509765625,0.0,0.0,4.3973847141387523e-07,297.9957275390625,303.1499938964844,285.1499938964844,0.0,-0.0,287.25445556640625,0.0,0.0,3.24789425576455e-07,297.5852966308594,303.1499938964844,285.1499938964844,0.0,-0.0,287.2496643066406,0.0,0.0,4.397383577270375e-07,297.9307861328125,303.1499938964844,285.1499938964844,0.0,-0.0,287.2528076171875,0.0,0.0,2.0859295091213426e-06,287.1727600097656,294.1499938964844,284.0467224121094,282.8550109863281,283.1319885253906,282.2210693359375,286.72344970703125,0.0,0.0,0.0,0.0,1.0,1.0,-4.44945089839166e-06,5.565140362429055e-12,4.44944544142345e-06,-1.018141301756259e-05,0.0,0.0,0.0,-2.506248711142689e-05,60.0,-0.0165921952575445,-0.0,-1.3497916976842885e-12,0.0,283.1644592285156,287.4449462890625,288.6285095214844,288.9419860839844,293.1499938964844,293.1499938964844,278.1499938964844,0.0,18000.0,313.1499938964844,0.0,18000.0,0.0,0.0,0.0,0.0,0.0,0.0,0.0,0.0,0.0,-0.0,0.0,0.0,-7.778098853284027e-21,-3.889049426642014e-21,-3.889049426642014e-21,0.0,0.0,-0.0,0.0,0.0,0.0,-0.0,0.0,0.0,0.0,0.0,0.0,4.0,0.0,0.0
12117420,298.0184326171875,303.1499938964844,285.1499938964844,0.0,-0.0,287.2518005371094,0.0,0.0,1.993833222968533e-07,297.6539306640625,303.1499938964844,285.1499938964844,0.0,-0.0,287.2509765625,0.0,0.0,2.0996029093112162e-07,297.9979553222656,303.1499938964844,285.1499938964844,0.0,-0.0,287.25445556640625,0.0,0.0,1.55075994712206e-07,297.5894775390625,303.1499938964844,285.1499938964844,0.0,-0.0,287.2496643066406,0.0,0.0,2.099602340877027e-07,297.93243408203125,303.1499938964844,285.1499938964844,0.0,-0.0,287.2528076171875,0.0,0.0,9.959609315046691e-07,287.1727600097656,294.1499938964844,284.1029968261719,282.9001770019531,283.1319885253906,282.2210693359375,286.72271728515625,0.0,0.0,0.0,0.0,1.0,1.0,-2.124551656379481e-06,2.657287150736876e-12,2.124549155269051e-06,-4.861426987190498e-06,0.0,0.0,0.0,-1.1966985766775906e-05,60.0,-0.0098190829157829,-0.0,-3.077174745482608e-13,0.0,283.1644592285156,287.4449462890625,288.6285095214844,288.9419860839844,293.1499938964844,293.1499938964844,278.1499938964844,0.0,18000.0,313.1499938964844,0.0,18000.0,0.0,0.0,0.0,0.0,0.0,0.0,0.0,0.0,0.0,-0.0,0.0,0.0,-7.778098853284027e-21,-3.889049426642014e-21,-3.889049426642014e-21,0.0,0.0,-0.0,0.0,0.0,0.0,-0.0,0.0,0.0,0.0,0.0,0.0,4.0,0.0,0.0
12117480,298.0252380371094,303.1499938964844,285.1499938964844,0.0,-0.0,287.2518005371094,0.0,0.0,8.800780193496396e-08,297.65594482421875,303.1499938964844,285.1499938964844,0.0,-0.0,287.2509765625,0.0,0.0,9.267647982369456e-08,297.9997253417969,303.1499938964844,285.1499938964844,0.0,-0.0,287.25445556640625,0.0,0.0,6.845054656423599e-08,297.5928039550781,303.1499938964844,285.1499938964844,0.0,-0.0,287.2496643066406,0.0,0.0,9.26764514019851e-08,297.9337463378906,303.1499938964844,285.1499938964844,0.0,-0.0,287.2528076171875,0.0,0.0,4.396171675580264e-07,287.1727600097656,294.1499938964844,284.1475524902344,282.93585205078125,283.1319885253906,282.2210693359375,286.72216796875,0.0,0.0,0.0,0.0,1.0,1.0,-9.377888545714086e-07,1.1729545286442988e-12,9.377877177030314e-07,-2.1458522496686783e-06,0.0,0.0,0.0,-5.282287020236254e-06,60.0,-0.0058727674186229,-0.0,-5.99538187108159e-14,0.0,283.1644592285156,287.4449462890625,288.6285095214844,288.9419860839844,293.1499938964844,293.1499938964844,278.1499938964844,0.0,18000.0,313.1499938964844,0.0,18000.0,0.0,0.0,0.0,0.0,0.0,0.0,0.0,0.0,0.0,-0.0,0.0,0.0,-7.778098853284027e-21,-3.889049426642014e-21,-3.889049426642014e-21,0.0,0.0,-0.0,0.0,0.0,0.0,-0.0,0.0,0.0,0.0,0.0,0.0,4.0,0.0,0.0
12117540,298.0400695800781,297.1499938964844,293.1499938964844,0.0,-0.0,287.25177001953125,0.0,0.050000000745058,1.422505446768696e-09,297.6605529785156,297.1499938964844,293.1499938964844,0.0,-0.0,287.2509765625,0.0,0.050000000745058,1.4979670837078631e-09,298.0038146972656,297.1499938964844,293.1499938964844,0.0,-0.0,287.2544250488281,0.0,0.050000000745058,1.1063936433686195e-09,297.6004943847656,297.1499938964844,293.1499938964844,0.0,-0.0,287.2496643066406,0.0,0.050000000745058,1.497966639618653e-09,297.9367370605469,297.1499938964844,293.1499938964844,0.0,-0.0,287.2527770996094,0.0,0.050000000745058,7.105708910160047e-09,287.1727294921875,291.1499938964844,284.25,283.0174255371094,283.1319885253906,282.2210388183594,286.7209777832031,1.0,0.1000000014901161,0.0,0.0,1.0,1.0,-1.5179546508647945e-08,1.8977295456650348e-14,1.5179526968722712e-08,-3.4718510733000585e-08,0.0,0.0,0.0,-8.549250196665525e-08,60.0,-0.0013128705322742,-0.0,-1.5663267086177518e-17,1.0,283.1644592285156,287.4449462890625,288.6285095214844,288.9419860839844,293.1499938964844,293.1499938964844,278.1499938964844,0.0,18000.0,313.1499938964844,0.0,18000.0,0.0,0.0,0.0,0.0,0.0,0.0,0.0,0.0,0.0,-0.0,0.0,0.0,-7.778098853284027e-21,-3.889049426642014e-21,-3.889049426642014e-21,0.0,0.0,-0.0,0.0,0.0,0.0,-0.0,0.0,0.0,0.0,0.0,0.0,4.0,0.0,0.0
12117600,298.0400695800781,297.1499938964844,293.1499938964844,0.0,-0.0,287.25177001953125,0.0,0.050000000745058,1.422505446768696e-09,297.6605529785156,297.1499938964844,293.1499938964844,0.0,-0.0,287.2509765625,0.0,0.050000000745058,1.4979670837078631e-09,298.0038146972656,297.1499938964844,293.1499938964844,0.0,-0.0,287.2544250488281,0.0,0.050000000745058,1.1063936433686195e-09,297.6004943847656,297.1499938964844,293.1499938964844,0.0,-0.0,287.2496643066406,0.0,0.050000000745058,1.497966639618653e-09,297.9367370605469,297.1499938964844,293.1499938964844,0.0,-0.0,287.2527770996094,0.0,0.050000000745058,7.105708910160047e-09,287.1727294921875,291.1499938964844,284.25,283.0174255371094,283.1319885253906,282.2210388183594,286.7209777832031,1.0,0.1000000014901161,0.0,0.0,1.0,1.0,-1.5179546508647945e-08,1.8977295456650348e-14,1.5179526968722712e-08,-3.4718510733000585e-08,0.0,0.0,0.0,-8.549250196665525e-08,60.0,-0.0013128705322742,-0.0,-1.5663267086177518e-17,1.0,283.1644592285156,287.4449462890625,288.6285095214844,288.9419860839844,293.1499938964844,293.1499938964844,278.1499938964844,0.0,18000.0,313.1499938964844,0.0,18000.0,0.0,0.0,0.0,0.0,0.0,0.0,0.0,0.0,0.0,-0.0,0.0,0.0,-7.778098853284027e-21,-3.889049426642014e-21,-3.889049426642014e-21,0.0,0.0,-0.0,0.0,0.0,0.0,-0.0,0.0,0.0,0.0,0.0,0.0,4.0,0.0,0.0
12117660,298.0080261230469,297.1499938964844,293.1499938964844,0.0,-0.0,286.8991394042969,0.6333447694778442,0.050000000745058,0.0408431515097618,297.6376647949219,297.1499938964844,293.1499938964844,0.0,-0.0,286.8989562988281,0.6333447694778442,0.050000000745058,0.0430098101496696,297.97576904296875,297.1499938964844,293.1499938964844,0.0,-0.0,286.8996887207031,0.6333447694778442,0.050000000745058,0.0317668989300727,297.5788269042969,297.1499938964844,293.1499938964844,0.0,-0.0,286.898681640625,0.6333447694778442,0.050000000745058,0.0430098064243793,297.9120178222656,297.1499938964844,293.1499938964844,0.0,-0.0,286.8993225097656,0.6333447694778442,0.050000000745058,0.204020008444786,286.8402709960937,291.1499938964844,284.3018493652344,283.05841064453125,292.5797424316406,294.5552062988281,286.8190002441406,1.0,0.1096988543868064,0.0114748319610953,0.0114748319610953,1.0,1.0,-0.4333376884460449,8.518843515048502e-07,0.4333368241786957,-0.130737155675888,0.0,0.0,0.0,10.23782730102539,60.0,857.7019653320312,-0.0,12.279620170593262,1.0,283.1644592285156,287.4449462890625,288.6285095214844,288.9419860839844,293.1499938964844,293.1499938964844,278.1499938964844,0.0,18000.0,313.1499938964844,0.0,18000.0,0.0,0.0,0.0,0.0,0.0,0.0,0.0,0.0,0.0,-0.0,0.0,0.0,-7.778098853284027e-21,-3.889049426642014e-21,-3.889049426642014e-21,0.0,0.0,-0.0,0.0,0.0,0.0,-0.0,0.0,0.0,0.0,0.0,0.0,4.0,0.0,0.0
12117720,297.9500427246094,297.1499938964844,293.1499938964844,0.0,-0.0,287.1806640625,0.6313401460647583,0.050000000745058,0.0452358797192573,297.59539794921875,297.1499938964844,293.1499938964844,0.0,-0.0,287.1806640625,0.6313401460647583,0.050000000745058,0.0476355589926242,297.9267578125,297.1499938964844,293.1499938964844,0.0,-0.0,287.1806945800781,0.6313401460647583,0.050000000745058,0.0351834632456302,297.5358581542969,297.1499938964844,293.1499938964844,0.0,-0.0,287.1806335449219,0.6313401460647583,0.050000000745058,0.0476355589926242,297.8655090332031,297.1499938964844,293.1499938964844,0.0,-0.0,287.1806640625,0.6313401460647583,0.050000000745058,0.2259625792503357,287.2376708984375,291.1499938964844,284.35418701171875,283.0994873046875,293.81365966796875,297.7010803222656,287.70086669921875,1.0,0.1210937425494194,0.0229496639221906,0.0229496639221906,1.0,1.0,-0.4819940328598022,3.558764774425072e-06,0.4819904565811157,-0.1438859105110168,0.0,0.0,0.0,12.50041675567627,60.0,1769.74267578125,-0.0,16.681215286254883,1.0,283.1644592285156,287.4449462890625,288.6285095214844,288.9419860839844,293.1499938964844,293.1499938964844,278.1499938964844,0.0,18000.0,313.1499938964844,0.0,18000.0,0.0,0.0,0.0,0.0,0.0,0.0,0.0,0.0,0.0,-0.0,0.0,0.0,-7.778098853284027e-21,-3.889049426642014e-21,-3.889049426642014e-21,0.0,0.0,-0.0,0.0,0.0,0.0,-0.0,0.0,0.0,0.0,0.0,0.0,4.0,0.0,0.0
12117780,297.878173828125,297.1499938964844,293.1499938964844,0.0,-0.0,288.72674560546875,0.5709877014160156,0.050000000745058,0.0456806719303131,297.5359802246094,297.1499938964844,293.1499938964844,0.0,-0.0,288.72674560546875,0.5709877014160156,0.050000000745058,0.0481039471924304,297.8622131347656,297.1499938964844,293.1499938964844,0.0,-0.0,288.72674560546875,0.5709877014160156,0.050000000745058,0.0355294123291969,297.47247314453125,297.1499938964844,293.1499938964844,0.0,-0.0,288.72674560546875,0.5709877014160156,0.050000000745058,0.0481039471924304,297.7947082519531,297.1499938964844,293.1499938964844,0.0,-0.0,288.72674560546875,0.5709877014160156,0.050000000745058,0.2281844168901443,288.7897033691406,291.1499938964844,284.4602355957031,283.1817932128906,293.8252868652344,297.80426025390625,289.07470703125,1.0,0.1406052857637405,0.0458993278443813,0.0458993278443813,1.0,1.0,-0.4867364764213562,3.750967516680248e-05,0.4866989850997925,-0.1449964791536331,0.0,0.0,0.0,20.012487411499023,60.0,1730.90234375,-0.0,23.191762924194336,1.0,283.1644592285156,287.4449462890625,288.6285095214844,288.9419860839844,293.1499938964844,293.1499938964844,278.1499938964844,0.0,18000.0,313.1499938964844,0.0,18000.0,0.0,0.0,0.0,0.0,0.0,0.0,0.0,0.0,0.0,-0.0,0.0,0.0,-7.778098853284027e-21,-3.889049426642014e-21,-3.889049426642014e-21,0.0,0.0,-0.0,0.0,0.0,0.0,-0.0,0.0,0.0,0.0,0.0,0.0,4.0,0.0,0.0
12117840,297.878173828125,297.1499938964844,293.1499938964844,0.0,-0.0,288.72674560546875,0.5709877014160156,0.050000000745058,0.0456806719303131,297.5359802246094,297.1499938964844,293.1499938964844,0.0,-0.0,288.72674560546875,0.5709877014160156,0.050000000745058,0.0481039471924304,297.8622131347656,297.1499938964844,293.1499938964844,0.0,-0.0,288.72674560546875,0.5709877014160156,0.050000000745058,0.0355294123291969,297.47247314453125,297.1499938964844,293.1499938964844,0.0,-0.0,288.72674560546875,0.5709877014160156,0.050000000745058,0.0481039471924304,297.7947082519531,297.1499938964844,293.1499938964844,0.0,-0.0,288.72674560546875,0.5709877014160156,0.050000000745058,0.2281844168901443,288.7897033691406,291.1499938964844,284.4602355957031,283.1817932128906,293.8252868652344,297.80426025390625,289.07470703125,1.0,0.1406052857637405,0.0458993278443813,0.0458993278443813,1.0,1.0,-0.4867364764213562,3.750967516680248e-05,0.4866989850997925,-0.1449964791536331,0.0,0.0,0.0,20.012487411499023,60.0,1730.90234375,-0.0,23.191762924194336,1.0,283.1644592285156,287.4449462890625,288.6285095214844,288.9419860839844,293.1499938964844,293.1499938964844,278.1499938964844,0.0,18000.0,313.1499938964844,0.0,18000.0,0.0,0.0,0.0,0.0,0.0,0.0,0.0,0.0,0.0,-0.0,0.0,0.0,-7.778098853284027e-21,-3.889049426642014e-21,-3.889049426642014e-21,0.0,0.0,-0.0,0.0,0.0,0.0,-0.0,0.0,0.0,0.0,0.0,0.0,4.0,0.0,0.0
12117900,297.8587951660156,297.1499938964844,293.1499938964844,0.0,-0.0,289.2698059082031,0.5492415428161621,0.050000000745058,0.0458179265260696,297.5165100097656,297.1499938964844,293.1499938964844,0.0,-0.0,289.2698059082031,0.5492415428161621,0.050000000745058,0.0482484847307205,297.8426818847656,297.1499938964844,293.1499938964844,0.0,-0.0,289.2698059082031,0.5492415428161621,0.050000000745058,0.0356361642479896,297.4513854980469,297.1499938964844,293.1499938964844,0.0,-0.0,289.2698059082031,0.5492415428161621,0.050000000745058,0.0482484847307205,297.7696533203125,297.1499938964844,293.1499938964844,0.0,-0.0,289.2698059082031,0.5492415428161621,0.050000000745058,0.2288700342178344,289.3208312988281,291.1499938964844,284.513916015625,283.2229919433594,293.82470703125,297.7774963378906,289.5666809082031,1.0,0.1490137577056884,0.0573741570115089,0.0573741570115089,1.0,1.0,-0.4881990551948547,0.0001058629932231,0.4880931675434112,-0.1452879905700683,0.0,0.0,0.0,23.679845809936523,60.0,1571.2083740234375,-0.0,26.346311569213867,1.0,283.1644592285156,287.4449462890625,288.6285095214844,288.9419860839844,293.1499938964844,293.1499938964844,278.1499938964844,0.0,18000.0,313.1499938964844,0.0,18000.0,0.0,0.0,0.0,0.0,0.0,0.0,0.0,0.0,0.0,-0.0,0.0,0.0,-7.778098853284027e-21,-3.889049426642014e-21,-3.889049426642014e-21,0.0,0.0,-0.0,0.0,0.0,0.0,-0.0,0.0,0.0,0.0,0.0,0.0,4.0,0.0,0.0
12117960,297.84674072265625,297.1499938964844,293.1499938964844,0.0,-0.0,289.746826171875,0.5324394106864929,0.050000000745058,0.045949388295412,297.50201416015625,297.1499938964844,293.1499938964844,0.0,-0.0,289.746826171875,0.5324394106864929,0.050000000745058,0.0483869165182113,297.82891845703125,297.1499938964844,293.1499938964844,0.0,-0.0,289.746826171875,0.5324394106864929,0.050000000745058,0.0357384122908115,297.4358215332031,297.1499938964844,293.1499938964844,0.0,-0.0,289.746826171875,0.5324394106864929,0.050000000745058,0.0483869165182113,297.7500305175781,297.1499938964844,293.1499938964844,0.0,-0.0,289.746826171875,0.5324394106864929,0.050000000745058,0.2295267134904861,289.7923889160156,291.1499938964844,284.5679931640625,283.26416015625,293.8252258300781,297.75616455078125,290.016845703125,1.0,0.1565810590982437,0.2458993196487426,0.2458993196487426,0.9973307251930236,1.0,-0.4896000623703003,0.0325450412929058,0.4570550322532654,-0.1133424565196037,0.0,0.0,0.0,27.19927024841309,60.0,1416.0462646484375,-0.0,29.38001251220703,1.0,283.1644592285156,287.4449462890625,288.6285095214844,288.9419860839844,293.1499938964844,293.1499938964844,278.1499938964844,0.0,18000.0,313.1499938964844,0.0,18000.0,0.0,0.0,0.0,0.0,0.0,0.0,0.0,0.0,0.0,-0.0,0.0,0.0,-7.778098853284027e-21,-3.889049426642014e-21,-3.889049426642014e-21,0.0,0.0,-0.0,0.0,0.0,0.0,-0.0,0.0,0.0,0.0,0.0,0.0,4.0,0.0,0.0
12118020,297.8380432128906,297.1499938964844,293.1499938964844,0.0,-0.0,290.5833740234375,0.5095370411872864,0.050000000745058,0.0461895130574703,297.4847412109375,297.1499938964844,293.1499938964844,0.0,-0.0,290.5833740234375,0.5095370411872864,0.050000000745058,0.0486397817730903,297.8137512207031,297.1499938964844,293.1499938964844,0.0,-0.0,290.5833740234375,0.5095370411872864,0.050000000745058,0.0359251759946346,297.4176940917969,297.1499938964844,293.1499938964844,0.0,-0.0,290.5833740234375,0.5095370411872864,0.050000000745058,0.0486397817730903,297.7240295410156,297.1499938964844,293.1499938964844,0.0,-0.0,290.5833740234375,0.5095370411872864,0.050000000745058,0.2307261824607849,290.6212463378906,291.1499938964844,284.67730712890625,283.34649658203125,293.1105651855469,297.7274169921875,290.8012390136719,1.0,0.1694024205207824,0.6229496598243713,0.6229496598243713,0.991992175579071,1.0,-0.4921588897705078,0.1862829029560089,0.3058759868144989,0.0391000919044017,0.0,0.0,0.0,33.6403923034668,60.0,1048.6390380859375,-0.0,34.946712493896484,1.0,283.1644592285156,287.4449462890625,288.6285095214844,288.9419860839844,293.1499938964844,293.1499938964844,278.1499938964844,0.0,18000.0,313.1499938964844,0.0,18000.0,0.0,0.0,0.0,0.0,0.0,0.0,0.0,0.0,0.0,-0.0,0.0,0.0,-7.778098853284027e-21,-3.889049426642014e-21,-3.889049426642014e-21,0.0,0.0,-0.0,0.0,0.0,0.0,-0.0,0.0,0.0,0.0,0.0,0.0,4.0,0.0,0.0
12118080,297.8380432128906,297.1499938964844,293.1499938964844,0.0,-0.0,290.5833740234375,0.5095370411872864,0.050000000745058,0.0461895130574703,297.4847412109375,297.1499938964844,293.1499938964844,0.0,-0.0,290.5833740234375,0.5095370411872864,0.050000000745058,0.0486397817730903,297.8137512207031,297.1499938964844,293.1499938964844,0.0,-0.0,290.5833740234375,0.5095370411872864,0.050000000745058,0.0359251759946346,297.4176940917969,297.1499938964844,293.1499938964844,0.0,-0.0,290.5833740234375,0.5095370411872864,0.050000000745058,0.0486397817730903,297.7240295410156,297.1499938964844,293.1499938964844,0.0,-0.0,290.5833740234375,0.5095370411872864,0.050000000745058,0.2307261824607849,290.6212463378906,291.1499938964844,284.67730712890625,283.34649658203125,293.1105651855469,297.7274169921875,290.8012390136719,1.0,0.1694024205207824,0.6229496598243713,0.6229496598243713,0.991992175579071,1.0,-0.4921588897705078,0.1862829029560089,0.3058759868144989,0.0391000919044017,0.0,0.0,0.0,33.6403923034668,60.0,1048.6390380859375,-0.0,34.946712493896484,1.0,283.1644592285156,287.4449462890625,288.6285095214844,288.9419860839844,293.1499938964844,293.1499938964844,278.1499938964844,0.0,18000.0,313.1499938964844,0.0,18000.0,0.0,0.0,0.0,0.0,0.0,0.0,0.0,0.0,0.0,-0.0,0.0,0.0,-7.778098853284027e-21,-3.889049426642014e-21,-3.889049426642014e-21,0.0,0.0,-0.0,0.0,0.0,0.0,-0.0,0.0,0.0,0.0,0.0,0.0,4.0,0.0,0.0
12118140,297.8406982421875,297.1499938964844,293.1499938964844,0.0,-0.0,291.0391845703125,0.4954355657100677,0.050000000745058,0.046393483877182,297.47833251953125,297.1499938964844,293.1499938964844,0.0,-0.0,291.0391845703125,0.4954355657100677,0.050000000745058,0.048854574561119,297.8081970214844,297.1499938964844,293.1499938964844,0.0,-0.0,291.0391845703125,0.4954355657100677,0.050000000745058,0.0360838212072849,297.4101867675781,297.1499938964844,293.1499938964844,0.0,-0.0,291.0391845703125,0.4954355657100677,0.050000000745058,0.048854574561119,297.7100830078125,297.1499938964844,293.1499938964844,0.0,-0.0,291.0391845703125,0.4954355657100677,0.050000000745058,0.2317450642585754,291.05145263671875,291.1499938964844,284.7879943847656,283.4286499023437,292.083251953125,297.7119445800781,291.1041259765625,1.0,0.1795579195022583,1.0,1.0,0.9866536259651184,1.0,-0.4943322241306305,0.2159460633993148,0.2783861756324768,0.0681135356426239,0.0,0.0,0.0,39.09859085083008,60.0,444.65283203125,-0.0,39.74147033691406,1.0,283.1644592285156,287.4449462890625,288.6285095214844,288.9419860839844,293.1499938964844,293.1499938964844,278.1499938964844,0.0,18000.0,313.1499938964844,0.0,18000.0,0.0,0.0,0.0,0.0,0.0,0.0,0.0,0.0,0.0,-0.0,0.0,0.0,-7.778098853284027e-21,-3.889049426642014e-21,-3.889049426642014e-21,0.0,0.0,-0.0,0.0,0.0,0.0,-0.0,0.0,0.0,0.0,0.0,0.0,4.0,0.0,0.0
12118200,297.8406982421875,297.1499938964844,293.1499938964844,0.0,-0.0,291.0391845703125,0.4954355657100677,0.050000000745058,0.046393483877182,297.47833251953125,297.1499938964844,293.1499938964844,0.0,-0.0,291.0391845703125,0.4954355657100677,0.050000000745058,0.048854574561119,297.8081970214844,297.1499938964844,293.1499938964844,0.0,-0.0,291.0391845703125,0.4954355657100677,0.050000000745058,0.0360838212072849,297.4101867675781,297.1499938964844,293.1499938964844,0.0,-0.0,291.0391845703125,0.4954355657100677,0.050000000745058,0.048854574561119,297.7100830078125,297.1499938964844,293.1499938964844,0.0,-0.0,291.0391845703125,0.4954355657100677,0.050000000745058,0.2317450642585754,291.05145263671875,291.1499938964844,284.7879943847656,283.4286499023437,292.083251953125,297.7119445800781,291.1041259765625,1.0,0.1795579195022583,1.0,1.0,0.9866536259651184,1.0,-0.4943322241306305,0.2159460633993148,0.2783861756324768,0.0681135356426239,0.0,0.0,0.0,39.09859085083008,60.0,444.65283203125,-0.0,39.74147033691406,1.0,283.1644592285156,287.4449462890625,288.6285095214844,288.9419860839844,293.1499938964844,293.1499938964844,278.1499938964844,0.0,18000.0,313.1499938964844,0.0,18000.0,0.0,0.0,0.0,0.0,0.0,0.0,0.0,0.0,0.0,-0.0,0.0,0.0,-7.778098853284027e-21,-3.889049426642014e-21,-3.889049426642014e-21,0.0,0.0,-0.0,0.0,0.0,0.0,-0.0,0.0,0.0,0.0,0.0,0.0,4.0,0.0,0.0
12118260,297.8467712402344,297.1499938964844,293.1499938964844,0.0,-0.0,291.26824951171875,0.4857654273509979,0.050000000745058,0.0465621650218963,297.4768371582031,297.1499938964844,293.1499938964844,0.0,-0.0,291.26824951171875,0.4857654273509979,0.050000000745058,0.0490322038531303,297.8060607910156,297.1499938964844,293.1499938964844,0.0,-0.0,291.26824951171875,0.4857654273509979,0.050000000745058,0.0362150184810161,297.4073791503906,297.1499938964844,293.1499938964844,0.0,-0.0,291.26824951171875,0.4857654273509979,0.050000000745058,0.0490322038531303,297.7021179199219,297.1499938964844,293.1499938964844,0.0,-0.0,291.26824951171875,0.4857654273509979,0.050000000745058,0.2325876653194427,291.2798767089844,290.6499938964844,284.8999328613281,283.510498046875,292.1049194335937,297.7031555175781,291.3395690917969,1.0,0.1875163614749908,1.0,1.0,0.9873912930488586,1.0,-0.4961296916007995,0.2168378233909607,0.2792918682098388,0.0685689449310302,0.0,0.0,0.0,43.609336853027344,48.0,299.17889404296875,-0.0,43.74235153198242,1.0,283.1644592285156,287.4449462890625,288.6285095214844,288.9419860839844,293.1499938964844,293.1499938964844,278.1499938964844,0.0,18000.0,313.1499938964844,0.0,18000.0,0.0,0.0,0.0,0.0,0.0,0.0,0.0,0.0,0.0,-0.0,0.0,0.0,-7.778098853284027e-21,-3.889049426642014e-21,-3.889049426642014e-21,0.0,0.0,-0.0,0.0,0.0,0.0,-0.0,0.0,0.0,0.0,0.0,0.0,4.0,0.0,0.0
12118320,297.8467712402344,297.1499938964844,293.1499938964844,0.0,-0.0,291.26824951171875,0.4857654273509979,0.050000000745058,0.0465621650218963,297.4768371582031,297.1499938964844,293.1499938964844,0.0,-0.0,291.26824951171875,0.4857654273509979,0.050000000745058,0.0490322038531303,297.8060607910156,297.1499938964844,293.1499938964844,0.0,-0.0,291.26824951171875,0.4857654273509979,0.050000000745058,0.0362150184810161,297.4073791503906,297.1499938964844,293.1499938964844,0.0,-0.0,291.26824951171875,0.4857654273509979,0.050000000745058,0.0490322038531303,297.7021179199219,297.1499938964844,293.1499938964844,0.0,-0.0,291.26824951171875,0.4857654273509979,0.050000000745058,0.2325876653194427,291.2798767089844,290.6499938964844,284.8999328613281,283.510498046875,292.1049194335937,297.7031555175781,291.3395690917969,1.0,0.1875163614749908,1.0,1.0,0.9873912930488586,1.0,-0.4961296916007995,0.2168378233909607,0.2792918682098388,0.0685689449310302,0.0,0.0,0.0,43.609336853027344,48.0,299.17889404296875,-0.0,43.74235153198242,1.0,283.1644592285156,287.4449462890625,288.6285095214844,288.9419860839844,293.1499938964844,293.1499938964844,278.1499938964844,0.0,18000.0,313.1499938964844,0.0,18000.0,0.0,0.0,0.0,0.0,0.0,0.0,0.0,0.0,0.0,-0.0,0.0,0.0,-7.778098853284027e-21,-3.889049426642014e-21,-3.889049426642014e-21,0.0,0.0,-0.0,0.0,0.0,0.0,-0.0,0.0,0.0,0.0,0.0,0.0,4.0,0.0,0.0
12118380,297.8554382324219,297.1499938964844,293.1499938964844,0.0,-0.0,291.4925231933594,0.4834818542003631,0.050000000745058,0.0466042608022689,297.4788513183594,297.1499938964844,293.1499938964844,0.0,-0.0,291.4925231933594,0.4834818542003631,0.050000000745058,0.0490765310823917,297.8065795898437,297.1499938964844,293.1499938964844,0.0,-0.0,291.4925231933594,0.4834818542003631,0.050000000745058,0.0362477600574493,297.407958984375,297.1499938964844,293.1499938964844,0.0,-0.0,291.4925231933594,0.4834818542003631,0.050000000745058,0.0490765310823917,297.6985168457031,297.1499938964844,293.1499938964844,0.0,-0.0,291.4925231933594,0.4834818542003631,0.050000000745058,0.2327979356050491,291.50250244140625,290.1499938964844,285.012939453125,283.5918884277344,292.15234375,297.69891357421875,291.5509338378906,1.0,0.1889603585004806,1.0,1.0,0.9881289601325988,1.0,-0.4965785443782806,0.2170166224241256,0.2795619368553161,0.0686431974172592,0.0,0.0,0.0,44.73505783081055,36.0,231.4716186523437,-0.0,44.7452278137207,1.0,283.1644592285156,287.4449462890625,288.6285095214844,288.9419860839844,293.1499938964844,293.1499938964844,278.1499938964844,0.0,18000.0,313.1499938964844,0.0,18000.0,0.0,0.0,0.0,0.0,0.0,0.0,0.0,0.0,0.0,-0.0,0.0,0.0,-7.778098853284027e-21,-3.889049426642014e-21,-3.889049426642014e-21,0.0,0.0,-0.0,0.0,0.0,0.0,-0.0,0.0,0.0,0.0,0.0,0.0,4.0,0.0,0.0
12118440,297.8554382324219,297.1499938964844,293.1499938964844,0.0,-0.0,291.4925231933594,0.4834818542003631,0.050000000745058,0.0466042608022689,297.4788513183594,297.1499938964844,293.1499938964844,0.0,-0.0,291.4925231933594,0.4834818542003631,0.050000000745058,0.0490765310823917,297.8065795898437,297.1499938964844,293.1499938964844,0.0,-0.0,291.4925231933594,0.4834818542003631,0.050000000745058,0.0362477600574493,297.407958984375,297.1499938964844,293.1499938964844,0.0,-0.0,291.4925231933594,0.4834818542003631,0.050000000745058,0.0490765310823917,297.6985168457031,297.1499938964844,293.1499938964844,0.0,-0.0,291.4925231933594,0.4834818542003631,0.050000000745058,0.2327979356050491,291.50250244140625,290.1499938964844,285.012939453125,283.5918884277344,292.15234375,297.69891357421875,291.5509338378906,1.0,0.1889603585004806,1.0,1.0,0.9881289601325988,1.0,-0.4965785443782806,0.2170166224241256,0.2795619368553161,0.0686431974172592,0.0,0.0,0.0,44.73505783081055,36.0,231.4716186523437,-0.0,44.7452278137207,1.0,283.1644592285156,287.4449462890625,288.6285095214844,288.9419860839844,293.1499938964844,293.1499938964844,278.1499938964844,0.0,18000.0,313.1499938964844,0.0,18000.0,0.0,0.0,0.0,0.0,0.0,0.0,0.0,0.0,0.0,-0.0,0.0,0.0,-7.778098853284027e-21,-3.889049426642014e-21,-3.889049426642014e-21,0.0,0.0,-0.0,0.0,0.0,0.0,-0.0,0.0,0.0,0.0,0.0,0.0,4.0,0.0,0.0
12118500,297.8604736328125,297.1499938964844,293.1499938964844,0.0,-0.0,291.5868835449219,0.4846984148025512,0.050000000745058,0.0465817749500274,297.48077392578125,297.1499938964844,293.1499938964844,0.0,-0.0,291.5868835449219,0.4846984148025512,0.050000000745058,0.0490528531372547,297.8075561523437,297.1499938964844,293.1499938964844,0.0,-0.0,291.5868835449219,0.4846984148025512,0.050000000745058,0.036230269819498,297.4091796875,297.1499938964844,293.1499938964844,0.0,-0.0,291.5868835449219,0.4846984148025512,0.050000000745058,0.0490528531372547,297.69793701171875,297.1499938964844,293.1499938964844,0.0,-0.0,291.5868835449219,0.4846984148025512,0.050000000745058,0.2326856106519699,291.595703125,290.1499938964844,285.0697937011719,283.63238525390625,292.1767883300781,297.6980895996094,291.638427734375,1.0,0.1877653449773788,1.0,1.0,0.988497793674469,1.0,-0.4963390529155731,0.2169085443019867,0.2794305086135864,0.0685945227742195,0.0,0.0,0.0,44.13379669189453,36.0,205.9458465576172,-0.0,44.20936584472656,1.0,283.1644592285156,287.4449462890625,288.6285095214844,288.9419860839844,293.1499938964844,293.1499938964844,278.1499938964844,0.0,18000.0,313.1499938964844,0.0,18000.0,0.0,0.0,0.0,0.0,0.0,0.0,0.0,0.0,0.0,-0.0,0.0,0.0,-7.778098853284027e-21,-3.889049426642014e-21,-3.889049426642014e-21,0.0,0.0,-0.0,0.0,0.0,0.0,-0.0,0.0,0.0,0.0,0.0,0.0,4.0,0.0,0.0
12118560,297.8658752441406,297.1499938964844,293.1499938964844,0.0,-0.0,291.67022705078125,0.4872000813484192,0.050000000745058,0.0465360134840011,297.4831848144531,297.1499938964844,293.1499938964844,0.0,-0.0,291.67022705078125,0.4872000813484192,0.050000000745058,0.0490046627819538,297.8089599609375,297.1499938964844,293.1499938964844,0.0,-0.0,291.67022705078125,0.4872000813484192,0.050000000745058,0.0361946783959865,297.410888671875,297.1499938964844,293.1499938964844,0.0,-0.0,291.67022705078125,0.4872000813484192,0.050000000745058,0.0490046627819538,297.69793701171875,297.1499938964844,293.1499938964844,0.0,-0.0,291.67022705078125,0.4872000813484192,0.050000000745058,0.2324570268392563,291.6780090332031,289.6499938964844,285.1268615722656,283.6727294921875,292.2010192871094,297.6979064941406,291.7159118652344,1.0,0.1854863315820694,1.0,1.0,0.9866385459899902,1.0,-0.4958515167236328,0.2167264074087143,0.2791250944137573,0.0685316994786262,0.0,0.0,0.0,42.91011428833008,25.0,184.4329528808593,-0.0,43.12032699584961,1.0,283.1644592285156,287.4449462890625,288.6285095214844,288.9419860839844,293.1499938964844,293.1499938964844,278.1499938964844,0.0,18000.0,313.1499938964844,0.0,18000.0,0.0,0.0,0.0,0.0,0.0,0.0,0.0,0.0,0.0,-0.0,0.0,0.0,-7.778098853284027e-21,-3.889049426642014e-21,-3.889049426642014e-21,0.0,0.0,-0.0,0.0,0.0,0.0,-0.0,0.0,0.0,0.0,0.0,0.0,4.0,0.0,0.0
12118620,297.87310791015625,297.1499938964844,293.1499938964844,0.0,-0.0,291.76336669921875,0.4919118285179138,0.050000000745058,0.0464526154100894,297.48681640625,297.1499938964844,293.1499938964844,0.0,-0.0,291.76336669921875,0.4919118285179138,0.050000000745058,0.0489168427884578,297.8111267089844,297.1499938964844,293.1499938964844,0.0,-0.0,291.76336669921875,0.4919118285179138,0.050000000745058,0.0361298136413097,297.4136047363281,297.1499938964844,293.1499938964844,0.0,-0.0,291.76336669921875,0.4919118285179138,0.050000000745058,0.0489168427884578,297.6986694335937,297.1499938964844,293.1499938964844,0.0,-0.0,291.76336669921875,0.4919118285179138,0.050000000745058,0.2320404350757599,291.77008056640625,289.6499938964844,285.2001953125,283.7240905761719,292.2321472167969,297.6984558105469,291.8028869628906,1.0,0.1813849359750747,1.0,1.0,0.984258770942688,1.0,-0.4949629306793213,0.2163838297128677,0.2785791158676147,0.0684057995676994,0.0,0.0,0.0,40.67999267578125,25.0,161.71803283691406,-0.0,41.14091110229492,1.0,283.1644592285156,287.4449462890625,288.6285095214844,288.9419860839844,293.1499938964844,293.1499938964844,278.1499938964844,0.0,18000.0,313.1499938964844,0.0,18000.0,0.0,0.0,0.0,0.0,0.0,0.0,0.0,0.0,0.0,-0.0,0.0,0.0,-7.778098853284027e-21,-3.889049426642014e-21,-3.889049426642014e-21,0.0,0.0,-0.0,0.0,0.0,0.0,-0.0,0.0,0.0,0.0,0.0,0.0,4.0,0.0,0.0
12118680,297.8773498535156,297.1499938964844,293.1499938964844,0.0,-0.0,291.8102111816406,0.4953311085700989,0.050000000745058,0.0463951900601387,297.4890441894531,297.1499938964844,293.1499938964844,0.0,-0.0,291.8102111816406,0.4953311085700989,0.050000000745058,0.0488563701510429,297.8125305175781,297.1499938964844,293.1499938964844,0.0,-0.0,291.8102111816406,0.4953311085700989,0.050000000745058,0.0360851474106311,297.41534423828125,297.1499938964844,293.1499938964844,0.0,-0.0,291.8102111816406,0.4953311085700989,0.050000000745058,0.0488563701510429,297.6993713378906,297.1499938964844,293.1499938964844,0.0,-0.0,291.8102111816406,0.4953311085700989,0.050000000745058,0.2317535728216171,291.81640625,289.1499938964844,285.2415466308594,283.7528381347656,292.2498474121094,297.6990661621094,291.8468322753906,1.0,0.1785223186016082,1.0,1.0,0.9829201102256776,1.0,-0.4943510890007019,0.2161435484886169,0.2782075405120849,0.068314753472805,0.0,0.0,0.0,39.14437484741211,25.0,150.98423767089844,-0.0,39.78191757202149,1.0,283.1644592285156,287.4449462890625,288.6285095214844,288.9419860839844,293.1499938964844,293.1499938964844,278.1499938964844,0.0,18000.0,313.1499938964844,0.0,18000.0,0.0,0.0,0.0,0.0,0.0,0.0,0.0,0.0,0.0,-0.0,0.0,0.0,-7.778098853284027e-21,-3.889049426642014e-21,-3.889049426642014e-21,0.0,0.0,-0.0,0.0,0.0,0.0,-0.0,0.0,0.0,0.0,0.0,0.0,4.0,0.0,0.0
12118740,297.8893737792969,297.1499938964844,293.1499938964844,0.0,-0.0,291.9236145019531,0.5026422142982483,0.050000000745058,0.0462827198207378,297.4957580566406,297.1499938964844,293.1499938964844,0.0,-0.0,291.9236145019531,0.5026422142982483,0.050000000745058,0.0487379319965839,297.8168640136719,297.1499938964844,293.1499938964844,0.0,-0.0,291.9236145019531,0.5026422142982483,0.050000000745058,0.0359976701438427,297.42071533203125,297.1499938964844,293.1499938964844,0.0,-0.0,291.9236145019531,0.5026422142982483,0.050000000745058,0.0487379319965839,297.7020263671875,297.1499938964844,293.1499938964844,0.0,-0.0,291.9236145019531,0.5026422142982483,0.050000000745058,0.2311917692422866,291.9287109375,288.6499938964844,285.3568725585937,283.8321228027344,292.2997131347656,297.7015380859375,291.9539489746094,1.0,0.1731360256671905,1.0,1.0,0.9792016744613647,1.0,-0.4931524991989136,0.2156916409730911,0.2774608433246612,0.0681527256965637,0.0,0.0,0.0,36.13684844970703,25.0,127.56578063964844,-0.0,37.1297607421875,1.0,283.1644592285156,287.4449462890625,288.6285095214844,288.9419860839844,293.1499938964844,293.1499938964844,278.1499938964844,0.0,18000.0,313.1499938964844,0.0,18000.0,0.0,0.0,0.0,0.0,0.0,0.0,0.0,0.0,0.0,-0.0,0.0,0.0,-7.778098853284027e-21,-3.889049426642014e-21,-3.889049426642014e-21,0.0,0.0,-0.0,0.0,0.0,0.0,-0.0,0.0,0.0,0.0,0.0,0.0,4.0,0.0,0.0
12118800,297.8893737792969,297.1499938964844,293.1499938964844,0.0,-0.0,291.9236145019531,0.5026422142982483,0.050000000745058,0.0462827198207378,297.4957580566406,297.1499938964844,293.1499938964844,0.0,-0.0,291.9236145019531,0.5026422142982483,0.050000000745058,0.0487379319965839,297.8168640136719,297.1499938964844,293.1499938964844,0.0,-0.0,291.9236145019531,0.5026422142982483,0.050000000745058,0.0359976701438427,297.42071533203125,297.1499938964844,293.1499938964844,0.0,-0.0,291.9236145019531,0.5026422142982483,0.050000000745058,0.0487379319965839,297.7020263671875,297.1499938964844,293.1499938964844,0.0,-0.0,291.9236145019531,0.5026422142982483,0.050000000745058,0.2311917692422866,291.9287109375,288.6499938964844,285.3568725585937,283.8321228027344,292.2997131347656,297.7015380859375,291.9539489746094,1.0,0.1731360256671905,1.0,1.0,0.9792016744613647,1.0,-0.4931524991989136,0.2156916409730911,0.2774608433246612,0.0681527256965637,0.0,0.0,0.0,36.13684844970703,25.0,127.56578063964844,-0.0,37.1297607421875,1.0,283.1644592285156,287.4449462890625,288.6285095214844,288.9419860839844,293.1499938964844,293.1499938964844,278.1499938964844,0.0,18000.0,313.1499938964844,0.0,18000.0,0.0,0.0,0.0,0.0,0.0,0.0,0.0,0.0,0.0,-0.0,0.0,0.0,-7.778098853284027e-21,-3.889049426642014e-21,-3.889049426642014e-21,0.0,0.0,-0.0,0.0,0.0,0.0,-0.0,0.0,0.0,0.0,0.0,0.0,4.0,0.0,0.0
12118860,297.901611328125,297.1499938964844,293.1499938964844,0.0,-0.0,292.0177001953125,0.50888592004776,0.050000000745058,0.0461978130042552,297.5029602050781,297.1499938964844,293.1499938964844,0.0,-0.0,292.0177001953125,0.50888592004776,0.050000000745058,0.0486485213041305,297.8215637207031,297.1499938964844,293.1499938964844,0.0,-0.0,292.0177001953125,0.50888592004776,0.050000000745058,0.0359316319227218,297.42657470703125,297.1499938964844,293.1499938964844,0.0,-0.0,292.0177001953125,0.50888592004776,0.050000000745058,0.0486485213041305,297.7053527832031,297.1499938964844,293.1499938964844,0.0,-0.0,292.0177001953125,0.50888592004776,0.050000000745058,0.2307676374912262,292.0219116210937,288.1499938964844,285.4726257324219,283.9104309082031,292.3233947753906,297.7048034667969,292.0423583984375,1.0,0.1688338965177536,1.0,1.0,0.9131226539611816,1.0,-0.4922477006912231,0.2166269719600677,0.2756207287311554,0.0693024471402168,0.0,0.0,0.0,33.866485595703125,25.0,105.79368591308594,-0.0,35.136138916015625,1.0,283.1644592285156,287.4449462890625,288.6285095214844,288.9419860839844,293.1499938964844,293.1499938964844,278.1499938964844,0.0,18000.0,313.1499938964844,0.0,18000.0,0.0,0.0,0.0,0.0,0.0,0.0,0.0,0.0,0.0,-0.0,0.0,0.0,-7.778098853284027e-21,-3.889049426642014e-21,-3.889049426642014e-21,0.0,0.0,-0.0,0.0,0.0,0.0,-0.0,0.0,0.0,0.0,0.0,0.0,4.0,0.0,0.0
12118920,297.901611328125,297.1499938964844,293.1499938964844,0.0,-0.0,292.0177001953125,0.50888592004776,0.050000000745058,0.0461978130042552,297.5029602050781,297.1499938964844,293.1499938964844,0.0,-0.0,292.0177001953125,0.50888592004776,0.050000000745058,0.0486485213041305,297.8215637207031,297.1499938964844,293.1499938964844,0.0,-0.0,292.0177001953125,0.50888592004776,0.050000000745058,0.0359316319227218,297.42657470703125,297.1499938964844,293.1499938964844,0.0,-0.0,292.0177001953125,0.50888592004776,0.050000000745058,0.0486485213041305,297.7053527832031,297.1499938964844,293.1499938964844,0.0,-0.0,292.0177001953125,0.50888592004776,0.050000000745058,0.2307676374912262,292.0219116210937,288.1499938964844,285.4726257324219,283.9104309082031,292.3233947753906,297.7048034667969,292.0423583984375,1.0,0.1688338965177536,1.0,1.0,0.9131226539611816,1.0,-0.4922477006912231,0.2166269719600677,0.2756207287311554,0.0693024471402168,0.0,0.0,0.0,33.866485595703125,25.0,105.79368591308594,-0.0,35.136138916015625,1.0,283.1644592285156,287.4449462890625,288.6285095214844,288.9419860839844,293.1499938964844,293.1499938964844,278.1499938964844,0.0,18000.0,313.1499938964844,0.0,18000.0,0.0,0.0,0.0,0.0,0.0,0.0,0.0,0.0,0.0,-0.0,0.0,0.0,-7.778098853284027e-21,-3.889049426642014e-21,-3.889049426642014e-21,0.0,0.0,-0.0,0.0,0.0,0.0,-0.0,0.0,0.0,0.0,0.0,0.0,4.0,0.0,0.0
12118980,297.913818359375,297.1499938964844,293.1499938964844,0.0,-0.0,292.0917663574219,0.5143147110939026,0.050000000745058,0.0461314991116523,297.5104064941406,297.1499938964844,293.1499938964844,0.0,-0.0,292.0917663574219,0.5143147110939026,0.050000000745058,0.0485786907374858,297.826416015625,297.1499938964844,293.1499938964844,0.0,-0.0,292.0917663574219,0.5143147110939026,0.050000000745058,0.0358800552785396,297.4325866699219,297.1499938964844,293.1499938964844,0.0,-0.0,292.0917663574219,0.5143147110939026,0.050000000745058,0.0485786907374858,297.70904541015625,297.1499938964844,293.1499938964844,0.0,-0.0,292.0917663574219,0.5143147110939026,0.050000000745058,0.2304363995790481,292.09503173828125,287.6499938964844,285.5886535644531,283.9876708984375,292.3233642578125,297.7084350585937,292.110595703125,1.0,0.1653899848461151,1.0,1.0,0.8470436334609985,1.0,-0.4915410876274109,0.2185900807380676,0.2729509770870209,0.0714278370141983,0.0,0.0,0.0,32.09358596801758,25.0,82.29087829589844,-0.0,33.584476470947266,1.0,283.1644592285156,287.4449462890625,288.6285095214844,288.9419860839844,293.1499938964844,293.1499938964844,278.1499938964844,0.0,18000.0,313.1499938964844,0.0,18000.0,0.0,0.0,0.0,0.0,0.0,0.0,0.0,0.0,0.0,-0.0,0.0,0.0,-7.778098853284027e-21,-3.889049426642014e-21,-3.889049426642014e-21,0.0,0.0,-0.0,0.0,0.0,0.0,-0.0,0.0,0.0,0.0,0.0,0.0,4.0,0.0,0.0
12119040,297.913818359375,297.1499938964844,293.1499938964844,0.0,-0.0,292.0917663574219,0.5143147110939026,0.050000000745058,0.0461314991116523,297.5104064941406,297.1499938964844,293.1499938964844,0.0,-0.0,292.0917663574219,0.5143147110939026,0.050000000745058,0.0485786907374858,297.826416015625,297.1499938964844,293.1499938964844,0.0,-0.0,292.0917663574219,0.5143147110939026,0.050000000745058,0.0358800552785396,297.4325866699219,297.1499938964844,293.1499938964844,0.0,-0.0,292.0917663574219,0.5143147110939026,0.050000000745058,0.0485786907374858,297.70904541015625,297.1499938964844,293.1499938964844,0.0,-0.0,292.0917663574219,0.5143147110939026,0.050000000745058,0.2304363995790481,292.09503173828125,287.6499938964844,285.5886535644531,283.9876708984375,292.3233642578125,297.7084350585937,292.110595703125,1.0,0.1653899848461151,1.0,1.0,0.8470436334609985,1.0,-0.4915410876274109,0.2185900807380676,0.2729509770870209,0.0714278370141983,0.0,0.0,0.0,32.09358596801758,25.0,82.29087829589844,-0.0,33.584476470947266,1.0,283.1644592285156,287.4449462890625,288.6285095214844,288.9419860839844,293.1499938964844,293.1499938964844,278.1499938964844,0.0,18000.0,313.1499938964844,0.0,18000.0,0.0,0.0,0.0,0.0,0.0,0.0,0.0,0.0,0.0,-0.0,0.0,0.0,-7.778098853284027e-21,-3.889049426642014e-21,-3.889049426642014e-21,0.0,0.0,-0.0,0.0,0.0,0.0,-0.0,0.0,0.0,0.0,0.0,0.0,4.0,0.0,0.0
12119100,297.88671875,297.1499938964844,293.1499938964844,0.0,-0.0,292.1287536621094,0.7587265372276306,0.1512727737426757,0.1246875002980232,297.51483154296875,297.1499938964844,293.1499938964844,0.0,-0.0,292.1224060058594,0.5328078269958496,0.050000000745058,0.04838328063488,297.8294372558594,297.1499938964844,293.1499938964844,0.0,-0.0,292.1224060058594,0.534321665763855,0.141940101981163,0.0359846577048301,297.4361572265625,297.1499938964844,293.1499938964844,0.0,-0.0,292.1224060058594,0.5328078269958496,0.050000000745058,0.04838328063488,297.71142578125,297.1499938964844,293.1499938964844,0.0,-0.0,292.1224060058594,0.5328078269958496,0.050000000745058,0.2295094579458236,292.12652587890625,287.6499938964844,285.6467590332031,284.0258483886719,292.33135986328125,297.7107849121094,292.1419982910156,1.0,0.1652161180973053,1.0,1.0,0.8140040636062622,1.0,-0.5843315720558167,0.2606309354305267,0.3237006664276123,0.0921071022748947,0.0,0.0,0.0,27.86669158935547,25.0,77.62773132324219,-0.0,39.03582763671875,1.0,283.1644592285156,287.4449462890625,288.6285095214844,288.9419860839844,293.1499938964844,293.1499938964844,278.1499938964844,0.0,18000.0,313.1499938964844,0.0,18000.0,0.0,0.0,0.0,0.0,0.0,0.0,0.0,0.0,0.0,-0.0,0.0,0.0,-7.778098853284027e-21,-3.889049426642014e-21,-3.889049426642014e-21,0.0,0.0,-0.0,0.0,0.0,0.0,-0.0,0.0,0.0,0.0,0.0,0.0,4.0,0.0,0.0
12119160,297.83477783203125,297.1499938964844,293.1499938964844,0.0,-0.0,292.1648254394531,0.8082163333892822,0.1508310735225677,0.1360234320163726,297.51739501953125,297.1499938964844,293.1499938964844,0.0,-0.0,292.1572265625,0.5543410778045654,0.050000000745058,0.0482110530138015,297.80303955078125,297.1499938964844,293.1499938964844,0.0,-0.0,292.1641845703125,0.7784273624420166,0.1436793357133865,0.094795286655426,297.4385681152344,297.1499938964844,293.1499938964844,0.0,-0.0,292.1572265625,0.5543410778045654,0.050000000745058,0.0482110530138015,297.7133178710937,297.1499938964844,293.1499938964844,0.0,-0.0,292.1572265625,0.5543410778045654,0.050000000745058,0.2286924719810485,292.16278076171875,287.1499938964844,285.7048645019531,284.0636901855469,292.25360107421875,297.71295166015625,292.174560546875,1.0,0.1659542173147201,1.0,1.0,0.730706512928009,1.0,-0.6671395301818848,0.3049787282943725,0.3621607720851898,0.1203981861472129,0.0,0.0,0.0,24.229745864868164,25.0,62.19703674316406,-0.0,44.363529205322266,1.0,283.1644592285156,287.4449462890625,288.6285095214844,288.9419860839844,293.1499938964844,293.1499938964844,278.1499938964844,0.0,18000.0,313.1499938964844,0.0,18000.0,0.0,0.0,0.0,0.0,0.0,0.0,0.0,0.0,0.0,-0.0,0.0,0.0,-7.778098853284027e-21,-3.889049426642014e-21,-3.889049426642014e-21,0.0,0.0,-0.0,0.0,0.0,0.0,-0.0,0.0,0.0,0.0,0.0,0.0,4.0,0.0,0.0
12119220,297.77178955078125,297.1499938964844,293.1499938964844,0.0,-0.0,292.1260681152344,0.813491940498352,0.1530761420726776,0.137633204460144,297.51580810546875,297.1499938964844,293.1499938964844,0.0,-0.0,292.1402893066406,0.5561501383781433,0.050000000745058,0.0481983534991741,297.7306823730469,297.1499938964844,293.1499938964844,0.0,-0.0,292.1265563964844,0.7987965941429138,0.144582450389862,0.1013958901166915,297.43768310546875,297.1499938964844,293.1499938964844,0.0,-0.0,292.1402893066406,0.5561501383781433,0.050000000745058,0.0481983534991741,297.71435546875,297.1499938964844,293.1499938964844,0.0,-0.0,292.1402893066406,0.5561501383781433,0.050000000745058,0.228632241487503,292.1304626464844,286.6499938964844,285.821044921875,284.1383361816406,291.4454040527344,297.71435546875,292.0953369140625,1.0,0.1664853543043136,1.0,1.0,0.5641112923622131,1.0,-0.6768987774848938,0.3637232184410095,0.3131755590438843,0.1772958189249038,0.0,0.0,0.0,24.00875473022461,25.0,-175.0631561279297,-0.0,45.27381896972656,1.0,283.1644592285156,287.4449462890625,288.6285095214844,288.9419860839844,293.1499938964844,293.1499938964844,278.1499938964844,0.0,18000.0,313.1499938964844,0.0,18000.0,0.0,0.0,0.0,0.0,0.0,0.0,0.0,0.0,0.0,-0.0,0.0,0.0,-7.778098853284027e-21,-3.889049426642014e-21,-3.889049426642014e-21,0.0,0.0,-0.0,0.0,0.0,0.0,-0.0,0.0,0.0,0.0,0.0,0.0,4.0,0.0,0.0
12119280,297.77178955078125,297.1499938964844,293.1499938964844,0.0,-0.0,292.1260681152344,0.813491940498352,0.1530761420726776,0.137633204460144,297.51580810546875,297.1499938964844,293.1499938964844,0.0,-0.0,292.1402893066406,0.5561501383781433,0.050000000745058,0.0481983534991741,297.7306823730469,297.1499938964844,293.1499938964844,0.0,-0.0,292.1265563964844,0.7987965941429138,0.144582450389862,0.1013958901166915,297.43768310546875,297.1499938964844,293.1499938964844,0.0,-0.0,292.1402893066406,0.5561501383781433,0.050000000745058,0.0481983534991741,297.71435546875,297.1499938964844,293.1499938964844,0.0,-0.0,292.1402893066406,0.5561501383781433,0.050000000745058,0.228632241487503,292.1304626464844,286.6499938964844,285.821044921875,284.1383361816406,291.4454040527344,297.71435546875,292.0953369140625,1.0,0.1664853543043136,1.0,1.0,0.5641112923622131,1.0,-0.6768987774848938,0.3637232184410095,0.3131755590438843,0.1772958189249038,0.0,0.0,0.0,24.00875473022461,25.0,-175.0631561279297,-0.0,45.27381896972656,1.0,283.1644592285156,287.4449462890625,288.6285095214844,288.9419860839844,293.1499938964844,293.1499938964844,278.1499938964844,0.0,18000.0,313.1499938964844,0.0,18000.0,0.0,0.0,0.0,0.0,0.0,0.0,0.0,0.0,0.0,-0.0,0.0,0.0,-7.778098853284027e-21,-3.889049426642014e-21,-3.889049426642014e-21,0.0,0.0,-0.0,0.0,0.0,0.0,-0.0,0.0,0.0,0.0,0.0,0.0,4.0,0.0,0.0
12119340,297.7802124023437,297.1499938964844,293.1499938964844,0.0,-0.0,291.5473937988281,0.8712530732154846,0.161677747964859,0.0868119075894355,297.512451171875,297.1499938964844,293.1499938964844,0.0,-0.0,291.6178894042969,0.7045497298240662,0.050000000745058,0.04762714356184,297.71209716796875,297.1499938964844,293.1499938964844,0.0,-0.0,291.5472717285156,0.8712530732154846,0.1499610096216201,0.067520372569561,297.4326477050781,297.1499938964844,293.1499938964844,0.0,-0.0,291.6178894042969,0.7045497298240662,0.050000000745058,0.04762714356184,297.6699523925781,297.1499938964844,293.1499938964844,0.0,-0.0,291.530517578125,0.9428354501724244,0.1354772299528122,0.5395525693893433,291.5198974609375,286.1499938964844,285.9370422363281,284.2115478515625,289.4499816894531,297.6759033203125,291.3807983398437,1.0,0.1736334711313247,1.0,1.0,0.3975161015987396,1.0,-0.9381685256958008,0.6689721345901489,0.2691963911056518,0.433444082736969,0.0,0.0,0.0,12.272387504577637,45.0,-989.0283813476562,-0.0,67.18170166015625,1.0,283.1644592285156,287.4449462890625,288.6285095214844,288.9419860839844,293.1499938964844,293.1499938964844,278.1499938964844,0.0,18000.0,313.1499938964844,0.0,18000.0,0.0,0.0,0.0,0.0,0.0,0.0,0.0,0.0,0.0,-0.0,0.0,0.0,-7.778098853284027e-21,-3.889049426642014e-21,-3.889049426642014e-21,0.0,0.0,-0.0,0.0,0.0,0.0,-0.0,0.0,0.0,0.0,0.0,0.0,4.0,0.0,0.0
12119400,297.7802124023437,297.1499938964844,293.1499938964844,0.0,-0.0,291.5473937988281,0.8712530732154846,0.161677747964859,0.0868119075894355,297.512451171875,297.1499938964844,293.1499938964844,0.0,-0.0,291.6178894042969,0.7045497298240662,0.050000000745058,0.04762714356184,297.71209716796875,297.1499938964844,293.1499938964844,0.0,-0.0,291.5472717285156,0.8712530732154846,0.1499610096216201,0.067520372569561,297.4326477050781,297.1499938964844,293.1499938964844,0.0,-0.0,291.6178894042969,0.7045497298240662,0.050000000745058,0.04762714356184,297.6699523925781,297.1499938964844,293.1499938964844,0.0,-0.0,291.530517578125,0.9428354501724244,0.1354772299528122,0.5395525693893433,291.5198974609375,286.1499938964844,285.9370422363281,284.2115478515625,289.4499816894531,297.6759033203125,291.3807983398437,1.0,0.1736334711313247,1.0,1.0,0.3975161015987396,1.0,-0.9381685256958008,0.6689721345901489,0.2691963911056518,0.433444082736969,0.0,0.0,0.0,12.272387504577637,45.0,-989.0283813476562,-0.0,67.18170166015625,1.0,283.1644592285156,287.4449462890625,288.6285095214844,288.9419860839844,293.1499938964844,293.1499938964844,278.1499938964844,0.0,18000.0,313.1499938964844,0.0,18000.0,0.0,0.0,0.0,0.0,0.0,0.0,0.0,0.0,0.0,-0.0,0.0,0.0,-7.778098853284027e-21,-3.889049426642014e-21,-3.889049426642014e-21,0.0,0.0,-0.0,0.0,0.0,0.0,-0.0,0.0,0.0,0.0,0.0,0.0,4.0,0.0,0.0
12119460,297.7814636230469,297.1499938964844,293.1499938964844,0.0,-0.0,290.687744140625,0.8731481432914734,0.1673478633165359,0.08799310028553,297.5019836425781,297.1499938964844,293.1499938964844,0.0,-0.0,290.7956848144531,0.702808678150177,0.050000000745058,0.0476296991109848,297.7024841308594,297.1499938964844,293.1499938964844,0.0,-0.0,290.687744140625,0.8731481432914734,0.1539438664913177,0.0684390813112258,297.4212951660156,297.1499938964844,293.1499938964844,0.0,-0.0,290.7956848144531,0.702808678150177,0.050000000745058,0.0476296991109848,297.615478515625,297.1499938964844,293.1499938964844,0.0,-0.0,290.6602783203125,0.9637395143508912,0.1346258223056793,0.577357828617096,290.647705078125,286.1499938964844,286.0171203613281,284.26129150390625,287.9629821777344,297.6218566894531,290.469482421875,1.0,0.1833362728357315,1.0,1.0,0.2874777615070343,1.0,-0.994900405406952,0.836938738822937,0.1579616516828537,0.5900202393531799,0.0,0.0,0.0,13.033066749572754,45.0,-1557.3636474609375,-0.0,78.13512420654297,1.0,283.1644592285156,287.4449462890625,288.6285095214844,288.9419860839844,293.1499938964844,293.1499938964844,278.1499938964844,0.0,18000.0,313.1499938964844,0.0,18000.0,0.0,0.0,0.0,0.0,0.0,0.0,0.0,0.0,0.0,-0.0,0.0,0.0,-7.778098853284027e-21,-3.889049426642014e-21,-3.889049426642014e-21,0.0,0.0,-0.0,0.0,0.0,0.0,-0.0,0.0,0.0,0.0,0.0,0.0,4.0,0.0,0.0
12119520,297.7738037109375,297.1499938964844,293.1499938964844,0.0,-0.0,290.2374572753906,0.8738328218460083,0.1690692007541656,0.0884225890040397,297.4965209960937,297.1499938964844,293.1499938964844,0.0,-0.0,290.3546142578125,0.702180802822113,0.050000000745058,0.0476305447518825,297.6929016113281,297.1499938964844,293.1499938964844,0.0,-0.0,290.2374572753906,0.8738328218460083,0.1551708728075027,0.0687731280922889,297.4133605957031,297.1499938964844,293.1499938964844,0.0,-0.0,290.3546142578125,0.702180802822113,0.050000000745058,0.0476305447518825,297.5871887207031,297.1499938964844,293.1499938964844,0.0,-0.0,290.203857421875,0.977532684803009,0.1337006688117981,0.6048674583435059,290.1922912597656,286.1499938964844,286.0527038574219,284.2831726074219,287.45806884765625,297.6090087890625,290.01287841796875,1.0,0.1890351623296737,1.0,1.0,0.2385096549987793,1.0,-1.0295133590698242,0.911389708518982,0.1181236058473587,0.6577087044715881,0.0,0.0,0.0,13.494608879089355,65.0,-1725.7314453125,-0.0,85.73776245117188,1.0,283.1644592285156,287.4449462890625,288.6285095214844,288.9419860839844,293.1499938964844,293.1499938964844,278.1499938964844,0.0,18000.0,313.1499938964844,0.0,18000.0,0.0,0.0,0.0,0.0,0.0,0.0,0.0,0.0,0.0,-0.0,0.0,0.0,-7.778098853284027e-21,-3.889049426642014e-21,-3.889049426642014e-21,0.0,0.0,-0.0,0.0,0.0,0.0,-0.0,0.0,0.0,0.0,0.0,0.0,4.0,0.0,0.0
12119580,297.6619567871094,297.1499938964844,293.1499938964844,0.0,-0.0,288.7524108886719,0.955817699432373,0.1658200770616531,0.151557058095932,297.467041015625,297.1499938964844,293.1499938964844,0.0,-0.0,288.91558837890625,0.6358922123908997,0.050000000745058,0.0477910675108432,297.5874328613281,297.1499938964844,293.1499938964844,0.0,-0.0,288.75799560546875,0.9228078722953796,0.1514866352081298,0.1074591502547264,297.3753356933594,297.1499938964844,293.1499938964844,0.0,-0.0,288.91558837890625,0.6358922123908997,0.050000000745058,0.0477910675108432,297.4914245605469,297.1499938964844,293.1499938964844,0.0,-0.0,288.77197265625,0.8724897503852844,0.1295305639505386,0.5888078808784485,288.75177001953125,286.1499938964844,286.1679077148437,284.3530578613281,286.23199462890625,297.6000366210937,288.5951232910156,1.0,0.2118241041898727,1.0,1.0,0.0795032158493995,1.0,-1.128570795059204,1.1247596740722656,0.0038111328613013,0.8537701964378357,0.0,0.0,0.0,18.941133499145508,68.0,-1894.9949951171875,-0.0,118.72066497802734,1.0,283.1644592285156,287.4449462890625,288.6285095214844,288.9419860839844,293.1499938964844,293.1499938964844,278.1499938964844,0.0,18000.0,313.1499938964844,0.0,18000.0,0.0,0.0,0.0,0.0,0.0,0.0,0.0,0.0,0.0,-0.0,0.0,0.0,-7.778098853284027e-21,-3.889049426642014e-21,-3.889049426642014e-21,0.0,0.0,-0.0,0.0,0.0,0.0,-0.0,0.0,0.0,0.0,0.0,0.0,4.0,0.0,0.0
12119640,297.6619567871094,297.1499938964844,293.1499938964844,0.0,-0.0,288.7524108886719,0.955817699432373,0.1658200770616531,0.151557058095932,297.467041015625,297.1499938964844,293.1499938964844,0.0,-0.0,288.91558837890625,0.6358922123908997,0.050000000745058,0.0477910675108432,297.5874328613281,297.1499938964844,293.1499938964844,0.0,-0.0,288.75799560546875,0.9228078722953796,0.1514866352081298,0.1074591502547264,297.3753356933594,297.1499938964844,293.1499938964844,0.0,-0.0,288.91558837890625,0.6358922123908997,0.050000000745058,0.0477910675108432,297.4914245605469,297.1499938964844,293.1499938964844,0.0,-0.0,288.77197265625,0.8724897503852844,0.1295305639505386,0.5888078808784485,288.75177001953125,286.1499938964844,286.1679077148437,284.3530578613281,286.23199462890625,297.6000366210937,288.5951232910156,1.0,0.2118241041898727,1.0,1.0,0.0795032158493995,1.0,-1.128570795059204,1.1247596740722656,0.0038111328613013,0.8537701964378357,0.0,0.0,0.0,18.941133499145508,68.0,-1894.9949951171875,-0.0,118.72066497802734,1.0,283.1644592285156,287.4449462890625,288.6285095214844,288.9419860839844,293.1499938964844,293.1499938964844,278.1499938964844,0.0,18000.0,313.1499938964844,0.0,18000.0,0.0,0.0,0.0,0.0,0.0,0.0,0.0,0.0,0.0,-0.0,0.0,0.0,-7.778098853284027e-21,-3.889049426642014e-21,-3.889049426642014e-21,0.0,0.0,-0.0,0.0,0.0,0.0,-0.0,0.0,0.0,0.0,0.0,0.0,4.0,0.0,0.0
12119700,297.57208251953125,297.1499938964844,293.1499938964844,0.0,-0.0,288.1312866210937,0.8518378138542175,0.1602281630039215,0.1471233814954757,297.4471130371094,297.1499938964844,293.1499938964844,0.0,-0.0,288.2605895996094,0.5740530490875244,0.050000000745058,0.0480828583240509,297.52423095703125,297.1499938964844,293.1499938964844,0.0,-0.0,288.1358947753906,0.829573392868042,0.1480474025011062,0.1052272617816925,297.3506774902344,297.1499938964844,293.1499938964844,0.0,-0.0,288.2605895996094,0.5740530490875244,0.050000000745058,0.0480828583240509,297.44384765625,297.1499938964844,293.1499938964844,0.0,-0.0,288.1454162597656,0.7887158989906311,0.1270211637020111,0.5795536041259766,288.130615234375,286.1499938964844,286.2252502441406,284.3873596191406,286.2196655273437,297.53143310546875,288.0284729003906,1.0,0.2209965586662292,1.0,1.0,0.0,1.0,-1.1138032674789429,1.1138012409210205,2.070980144708301e-06,0.8442388772964478,0.0,0.0,0.0,26.104814529418945,68.0,-1645.6439208984375,-0.0,128.2665252685547,1.0,283.1644592285156,287.4449462890625,288.6285095214844,288.9419860839844,293.1499938964844,293.1499938964844,278.1499938964844,0.0,18000.0,313.1499938964844,0.0,18000.0,0.0,0.0,0.0,0.0,0.0,0.0,0.0,0.0,0.0,-0.0,0.0,0.0,-7.778098853284027e-21,-3.889049426642014e-21,-3.889049426642014e-21,0.0,0.0,-0.0,0.0,0.0,0.0,-0.0,0.0,0.0,0.0,0.0,0.0,4.0,0.0,0.0
12119760,297.5035400390625,297.1499938964844,293.1499938964844,0.0,-0.0,287.7536926269531,0.7983525991439819,0.156160682439804,0.1430810838937759,297.4277648925781,297.1499938964844,293.1499938964844,0.0,-0.0,287.8328552246094,0.535480797290802,0.050000000745058,0.048356544226408,297.4713134765625,297.1499938964844,293.1499938964844,0.0,-0.0,287.75634765625,0.7780795693397522,0.1452158540487289,0.1032322719693183,297.3255615234375,297.1499938964844,293.1499938964844,0.0,-0.0,287.8328552246094,0.535480797290802,0.050000000745058,0.048356544226408,297.39990234375,297.1499938964844,293.1499938964844,0.0,-0.0,287.7623596191406,0.7403866052627563,0.1245682686567306,0.5696415305137634,287.7528686523437,286.1499938964844,286.2824401855469,284.421142578125,286.2766418457031,297.4686889648437,287.68408203125,1.0,0.2289396226406097,1.0,1.0,0.0,1.0,-1.0953147411346436,1.0953136682510376,1.0702359531933323e-06,0.8292877078056335,0.0,0.0,0.0,32.782745361328125,56.0,-1290.2664794921875,-0.0,136.0317840576172,1.0,283.1644592285156,287.4449462890625,288.6285095214844,288.9419860839844,293.1499938964844,293.1499938964844,278.1499938964844,0.0,18000.0,313.1499938964844,0.0,18000.0,0.0,0.0,0.0,0.0,0.0,0.0,0.0,0.0,0.0,-0.0,0.0,0.0,-7.778098853284027e-21,-3.889049426642014e-21,-3.889049426642014e-21,0.0,0.0,-0.0,0.0,0.0,0.0,-0.0,0.0,0.0,0.0,0.0,0.0,4.0,0.0,0.0
12119820,297.45001220703125,297.1499938964844,293.1499938964844,0.0,-0.0,287.46905517578125,0.7730081081390381,0.1532442420721054,0.1400080472230911,297.4076843261719,297.1499938964844,293.1499938964844,0.0,-0.0,287.5198059082031,0.5796271562576294,0.1087874993681907,0.0630502477288246,297.42626953125,297.1499938964844,293.1499938964844,0.0,-0.0,287.4709777832031,0.7551804780960083,0.142924427986145,0.1014999747276306,297.3006896972656,297.1499938964844,293.1499938964844,0.0,-0.0,287.5258178710937,0.5206633806228638,0.050000000745058,0.0485021248459816,297.3595886230469,297.1499938964844,293.1499938964844,0.0,-0.0,287.47564697265625,0.7197964787483215,0.1222658604383468,0.5593324899673462,287.4680480957031,286.1499938964844,286.3424377441406,284.4562072753906,286.3365783691406,297.4248046875,287.41424560546875,1.0,0.2340899854898452,1.0,1.0,0.0,1.0,-1.0949119329452517,1.0949108600616455,1.0689459486457054e-06,0.8281020522117615,0.0,0.0,0.0,36.447078704833984,56.0,-985.580322265625,-0.0,142.76193237304688,1.0,283.1644592285156,287.4449462890625,288.6285095214844,288.9419860839844,293.1499938964844,293.1499938964844,278.1499938964844,0.0,18000.0,313.1499938964844,0.0,18000.0,0.0,0.0,0.0,0.0,0.0,0.0,0.0,0.0,0.0,-0.0,0.0,0.0,-7.778098853284027e-21,-3.889049426642014e-21,-3.889049426642014e-21,0.0,0.0,-0.0,0.0,0.0,0.0,-0.0,0.0,0.0,0.0,0.0,0.0,4.0,0.0,0.0
12119880,297.4138488769531,297.1499938964844,293.1499938964844,0.0,-0.0,287.2541809082031,0.7694477438926697,0.1514973640441894,0.1380646228790283,297.3568725585937,297.1499938964844,293.1499938964844,0.0,-0.0,287.2657470703125,0.6793110370635986,0.1053681820631027,0.0998028889298439,297.3935852050781,297.1499938964844,293.1499938964844,0.0,-0.0,287.2557983398437,0.7522222995758057,0.141374796628952,0.1002492681145668,297.28057861328125,297.1499938964844,293.1499938964844,0.0,-0.0,287.30194091796875,0.5207151174545288,0.050000000745058,0.0485013425350189,297.3285827636719,297.1499938964844,293.1499938964844,0.0,-0.0,287.2598876953125,0.7163066864013672,0.1204816997051239,0.5507346987724304,287.2523193359375,286.25,286.39617919921875,284.4872741699219,286.3905639648437,297.3848876953125,287.20947265625,1.0,0.2378343194723129,1.0,1.0,0.0,1.0,-1.124934434890747,1.1249333620071411,1.1183751666976605e-06,0.8530917763710022,0.0,0.0,0.0,36.85047912597656,44.0,-780.9606323242188,-0.0,151.71429443359375,1.0,283.1644592285156,287.4449462890625,288.6285095214844,288.9419860839844,293.1499938964844,293.1499938964844,278.1499938964844,0.0,18000.0,313.1499938964844,0.0,18000.0,0.0,0.0,0.0,0.0,0.0,0.0,0.0,0.0,0.0,-0.0,0.0,0.0,-7.778098853284027e-21,-3.889049426642014e-21,-3.889049426642014e-21,0.0,0.0,-0.0,0.0,0.0,0.0,-0.0,0.0,0.0,0.0,0.0,0.0,4.0,0.0,0.0
12119940,297.36114501953125,297.1499938964844,293.1499938964844,0.0,-0.0,286.9704895019531,0.7488959431648254,0.149468645453453,0.1358827352523803,297.2565002441406,297.1499938964844,293.1499938964844,0.0,-0.0,286.9761657714844,0.6535603404045105,0.0977646261453628,0.0954386368393898,297.3412475585937,297.1499938964844,293.1499938964844,0.0,-0.0,286.9713134765625,0.7326803803443909,0.1391353756189346,0.0985457152128219,297.24383544921875,297.1499938964844,293.1499938964844,0.0,-0.0,286.9942626953125,0.5082114934921265,0.050000000745058,0.0486546494066715,297.2757568359375,297.1499938964844,293.1499938964844,0.0,-0.0,286.9735107421875,0.6935507655143738,0.1173720732331276,0.536402702331543,286.9696044921875,286.3500061035156,286.50897216796875,284.5513610839844,286.5032653808594,297.3287353515625,286.9479064941406,1.0,0.2394340336322784,1.0,1.0,0.0,1.0,-1.0980194807052612,1.0980184078216553,1.074551960300596e-06,0.8314319252967834,0.0,0.0,0.0,40.36647415161133,32.0,-430.6842651367188,-0.0,150.9066925048828,1.0,283.1644592285156,287.4449462890625,288.6285095214844,288.9419860839844,293.1499938964844,293.1499938964844,278.1499938964844,0.0,18000.0,313.1499938964844,0.0,18000.0,0.0,0.0,0.0,0.0,0.0,0.0,0.0,0.0,0.0,-0.0,0.0,0.0,-7.778098853284027e-21,-3.889049426642014e-21,-3.889049426642014e-21,0.0,0.0,-0.0,0.0,0.0,0.0,-0.0,0.0,0.0,0.0,0.0,0.0,4.0,0.0,0.0
12120000,297.36114501953125,297.1499938964844,293.1499938964844,0.0,-0.0,286.9704895019531,0.7488959431648254,0.149468645453453,0.1358827352523803,297.2565002441406,297.1499938964844,293.1499938964844,0.0,-0.0,286.9761657714844,0.6535603404045105,0.0977646261453628,0.0954386368393898,297.3412475585937,297.1499938964844,293.1499938964844,0.0,-0.0,286.9713134765625,0.7326803803443909,0.1391353756189346,0.0985457152128219,297.24383544921875,297.1499938964844,293.1499938964844,0.0,-0.0,286.9942626953125,0.5082114934921265,0.050000000745058,0.0486546494066715,297.2757568359375,297.1499938964844,293.1499938964844,0.0,-0.0,286.9735107421875,0.6935507655143738,0.1173720732331276,0.536402702331543,286.9696044921875,286.3500061035156,286.50897216796875,284.5513610839844,286.5032653808594,297.3287353515625,286.9479064941406,1.0,0.2394340336322784,1.0,1.0,0.0,1.0,-1.0980194807052612,1.0980184078216553,1.074551960300596e-06,0.8314319252967834,0.0,0.0,0.0,40.36647415161133,32.0,-430.6842651367188,-0.0,150.9066925048828,1.0,283.1644592285156,287.4449462890625,288.6285095214844,288.9419860839844,293.1499938964844,293.1499938964844,278.1499938964844,0.0,18000.0,313.1499938964844,0.0,18000.0,0.0,0.0,0.0,0.0,0.0,0.0,0.0,0.0,0.0,-0.0,0.0,0.0,-7.778098853284027e-21,-3.889049426642014e-21,-3.889049426642014e-21,0.0,0.0,-0.0,0.0,0.0,0.0,-0.0,0.0,0.0,0.0,0.0,0.0,4.0,0.0,0.0
12120060,297.3315124511719,297.1499938964844,293.1499938964844,0.0,-0.0,286.8318176269531,0.7498681545257568,0.1491225957870483,0.1352149695158004,297.1992492675781,297.1499938964844,293.1499938964844,0.0,-0.0,286.8348388671875,0.6440825462341309,0.0932780057191848,0.0904915183782577,297.30694580078125,297.1499938964844,293.1499938964844,0.0,-0.0,286.83221435546875,0.7325229644775391,0.1380650699138641,0.0975963398814201,297.2164611816406,297.1499938964844,293.1499938964844,0.0,-0.0,286.8428649902344,0.5098345875740051,0.050000000745058,0.0486329197883605,297.2389831542969,297.1499938964844,293.1499938964844,0.0,-0.0,286.83331298828125,0.6907580494880676,0.1152236610651016,0.525617241859436,286.8314819335937,286.45001220703125,286.62066650390625,284.6132507324219,286.6148986816406,297.2935485839844,286.8217163085937,1.0,0.2356041967868805,1.0,1.0,0.0,1.0,-1.077165126800537,1.0771640539169312,1.0413009476906154e-06,0.8145356774330139,0.0,0.0,0.0,39.5357666015625,25.0,-210.8918914794922,-0.0,143.7331085205078,1.0,283.1644592285156,287.4449462890625,288.6285095214844,288.9419860839844,293.1499938964844,293.1499938964844,278.1499938964844,0.0,18000.0,313.1499938964844,0.0,18000.0,0.0,0.0,0.0,0.0,0.0,0.0,0.0,0.0,0.0,-0.0,0.0,0.0,-7.778098853284027e-21,-3.889049426642014e-21,-3.889049426642014e-21,0.0,0.0,-0.0,0.0,0.0,0.0,-0.0,0.0,0.0,0.0,0.0,0.0,4.0,0.0,0.0
12120120,297.3315124511719,297.1499938964844,293.1499938964844,0.0,-0.0,286.8318176269531,0.7498681545257568,0.1491225957870483,0.1352149695158004,297.1992492675781,297.1499938964844,293.1499938964844,0.0,-0.0,286.8348388671875,0.6440825462341309,0.0932780057191848,0.0904915183782577,297.30694580078125,297.1499938964844,293.1499938964844,0.0,-0.0,286.83221435546875,0.7325229644775391,0.1380650699138641,0.0975963398814201,297.2164611816406,297.1499938964844,293.1499938964844,0.0,-0.0,286.8428649902344,0.5098345875740051,0.050000000745058,0.0486329197883605,297.2389831542969,297.1499938964844,293.1499938964844,0.0,-0.0,286.83331298828125,0.6907580494880676,0.1152236610651016,0.525617241859436,286.8314819335937,286.45001220703125,286.62066650390625,284.6132507324219,286.6148986816406,297.2935485839844,286.8217163085937,1.0,0.2356041967868805,1.0,1.0,0.0,1.0,-1.077165126800537,1.0771640539169312,1.0413009476906154e-06,0.8145356774330139,0.0,0.0,0.0,39.5357666015625,25.0,-210.8918914794922,-0.0,143.7331085205078,1.0,283.1644592285156,287.4449462890625,288.6285095214844,288.9419860839844,293.1499938964844,293.1499938964844,278.1499938964844,0.0,18000.0,313.1499938964844,0.0,18000.0,0.0,0.0,0.0,0.0,0.0,0.0,0.0,0.0,0.0,-0.0,0.0,0.0,-7.778098853284027e-21,-3.889049426642014e-21,-3.889049426642014e-21,0.0,0.0,-0.0,0.0,0.0,0.0,-0.0,0.0,0.0,0.0,0.0,0.0,4.0,0.0,0.0
12120180,297.31610107421875,297.1499938964844,293.1499938964844,0.0,-0.0,286.7817687988281,0.7619345784187317,0.1498491317033767,0.1355509012937545,297.16876220703125,297.1499938964844,293.1499938964844,0.0,-0.0,286.78253173828125,0.6471143960952759,0.0907901972532272,0.0876253992319107,297.2846069335937,297.1499938964844,293.1499938964844,0.0,-0.0,286.7818603515625,0.7422438263893127,0.1377805471420288,0.0971950814127922,297.1972351074219,297.1499938964844,293.1499938964844,0.0,-0.0,286.78466796875,0.5185630321502686,0.050000000745058,0.0485257431864738,297.2142944335937,297.1499938964844,293.1499938964844,0.0,-0.0,286.7821044921875,0.6987026333808899,0.1138390228152275,0.5180890560150146,286.7817077636719,286.54998779296875,286.7310791015625,284.6728515625,286.7253112792969,297.2764892578125,286.7798767089844,1.0,0.2298659384250641,1.0,1.0,0.0,1.0,-1.0644798278808594,1.0644787549972534,1.021399839373771e-06,0.8042459487915039,0.0,0.0,0.0,36.65368270874024,25.0,-74.5488510131836,-0.0,135.1726531982422,1.0,283.1644592285156,287.4449462890625,288.6285095214844,288.9419860839844,293.1499938964844,293.1499938964844,278.1499938964844,0.0,18000.0,313.1499938964844,0.0,18000.0,0.0,0.0,0.0,0.0,0.0,0.0,0.0,0.0,0.0,-0.0,0.0,0.0,-7.778098853284027e-21,-3.889049426642014e-21,-3.889049426642014e-21,0.0,0.0,-0.0,0.0,0.0,0.0,-0.0,0.0,0.0,0.0,0.0,0.0,4.0,0.0,0.0
12120240,297.31610107421875,297.1499938964844,293.1499938964844,0.0,-0.0,286.7817687988281,0.7619345784187317,0.1498491317033767,0.1355509012937545,297.16876220703125,297.1499938964844,293.1499938964844,0.0,-0.0,286.78253173828125,0.6471143960952759,0.0907901972532272,0.0876253992319107,297.2846069335937,297.1499938964844,293.1499938964844,0.0,-0.0,286.7818603515625,0.7422438263893127,0.1377805471420288,0.0971950814127922,297.1972351074219,297.1499938964844,293.1499938964844,0.0,-0.0,286.78466796875,0.5185630321502686,0.050000000745058,0.0485257431864738,297.2142944335937,297.1499938964844,293.1499938964844,0.0,-0.0,286.7821044921875,0.6987026333808899,0.1138390228152275,0.5180890560150146,286.7817077636719,286.54998779296875,286.7310791015625,284.6728515625,286.7253112792969,297.2764892578125,286.7798767089844,1.0,0.2298659384250641,1.0,1.0,0.0,1.0,-1.0644798278808594,1.0644787549972534,1.021399839373771e-06,0.8042459487915039,0.0,0.0,0.0,36.65368270874024,25.0,-74.5488510131836,-0.0,135.1726531982422,1.0,283.1644592285156,287.4449462890625,288.6285095214844,288.9419860839844,293.1499938964844,293.1499938964844,278.1499938964844,0.0,18000.0,313.1499938964844,0.0,18000.0,0.0,0.0,0.0,0.0,0.0,0.0,0.0,0.0,0.0,-0.0,0.0,0.0,-7.778098853284027e-21,-3.889049426642014e-21,-3.889049426642014e-21,0.0,0.0,-0.0,0.0,0.0,0.0,-0.0,0.0,0.0,0.0,0.0,0.0,4.0,0.0,0.0
12120300,297.3119506835937,297.1499938964844,293.1499938964844,0.0,-0.0,286.7797546386719,0.7688556909561157,0.1504916697740554,0.1360012590885162,297.1595764160156,297.1499938964844,293.1499938964844,0.0,-0.0,286.77960205078125,0.6499534249305725,0.0900080725550651,0.086704172194004,297.2765808105469,297.1499938964844,293.1499938964844,0.0,-0.0,286.7797241210937,0.7477642893791199,0.1378453522920608,0.0971578285098075,297.1901550292969,297.1499938964844,293.1499938964844,0.0,-0.0,286.7797241210937,0.523235023021698,0.050000000745058,0.0484746135771274,297.20538330078125,297.1499938964844,293.1499938964844,0.0,-0.0,286.7796630859375,0.7033396363258362,0.1133709177374839,0.5154269933700562,286.7797546386719,286.54998779296875,286.7857666015625,284.7017517089844,286.780029296875,297.2723999023437,286.7808532714844,1.0,0.227523386478424,1.0,1.0,0.0,1.0,-1.0606120824813845,1.060611128807068,1.015378302327008e-06,0.801103413105011,0.0,0.0,0.0,35.308067321777344,25.0,-27.16544342041016,-0.0,131.75668334960938,1.0,283.1644592285156,287.4449462890625,288.6285095214844,288.9419860839844,293.1499938964844,293.1499938964844,278.1499938964844,0.0,18000.0,313.1499938964844,0.0,18000.0,0.0,0.0,0.0,0.0,0.0,0.0,0.0,0.0,0.0,-0.0,0.0,0.0,-7.778098853284027e-21,-3.889049426642014e-21,-3.889049426642014e-21,0.0,0.0,-0.0,0.0,0.0,0.0,-0.0,0.0,0.0,0.0,0.0,0.0,4.0,0.0,0.0
12120360,297.3095092773437,297.1499938964844,293.1499938964844,0.0,-0.0,286.7891845703125,0.7758072018623352,0.1512758433818817,0.1365981101989746,297.15313720703125,297.1499938964844,293.1499938964844,0.0,-0.0,286.7882385253906,0.6530706286430359,0.0894333496689796,0.086017370223999,297.2701416015625,297.1499938964844,293.1499938964844,0.0,-0.0,286.7890319824219,0.7532504200935364,0.138013020157814,0.0972053036093711,297.1844787597656,297.1499938964844,293.1499938964844,0.0,-0.0,286.7867736816406,0.5277251601219177,0.050000000745058,0.0484289303421974,297.1982727050781,297.1499938964844,293.1499938964844,0.0,-0.0,286.7886962890625,0.7078882455825806,0.113021545112133,0.5133758783340454,286.7892150878906,286.6499938964844,286.8400573730469,284.73004150390625,286.8343505859375,297.2704162597656,286.79266357421875,1.0,0.2254486978054046,1.0,1.0,0.0,1.0,-1.0580434799194336,1.0580425262451172,1.011391304928111e-06,0.7990153431892395,0.0,0.0,0.0,34.11756896972656,25.0,10.168560981750488,-0.0,128.96652221679688,1.0,283.1644592285156,287.4449462890625,288.6285095214844,288.9419860839844,293.1499938964844,293.1499938964844,278.1499938964844,0.0,18000.0,313.1499938964844,0.0,18000.0,0.0,0.0,0.0,0.0,0.0,0.0,0.0,0.0,0.0,-0.0,0.0,0.0,-7.778098853284027e-21,-3.889049426642014e-21,-3.889049426642014e-21,0.0,0.0,-0.0,0.0,0.0,0.0,-0.0,0.0,0.0,0.0,0.0,0.0,4.0,0.0,0.0
12120420,297.30841064453125,297.1499938964844,293.1499938964844,0.0,-0.0,286.8332824707031,0.7900882959365845,0.1531807631254196,0.1381313651800155,297.1457214355469,297.1499938964844,293.1499938964844,0.0,-0.0,286.8311767578125,0.6601564288139343,0.0887147709727287,0.0851257517933845,297.2607727050781,297.1499938964844,293.1499938964844,0.0,-0.0,286.8329772949219,0.7644890546798706,0.1385812610387802,0.0974892675876617,297.1764831542969,297.1499938964844,293.1499938964844,0.0,-0.0,286.82745361328125,0.5365166068077087,0.050000000745058,0.0483477711677551,297.1881408691406,297.1499938964844,293.1499938964844,0.0,-0.0,286.8322448730469,0.7167317271232605,0.1126018017530441,0.5106981992721558,286.8333740234375,286.75,286.9474792480469,284.7847595214844,286.9418334960937,297.2708740234375,286.84014892578125,1.0,0.2220343649387359,1.0,1.0,0.0,1.0,-1.0558419227600098,1.0558408498764038,1.007977175504493e-06,0.797218918800354,0.0,0.0,0.0,32.03361129760742,25.0,62.77298355102539,-0.0,124.67476654052734,1.0,283.1644592285156,287.4449462890625,288.6285095214844,288.9419860839844,293.1499938964844,293.1499938964844,278.1499938964844,0.0,18000.0,313.1499938964844,0.0,18000.0,0.0,0.0,0.0,0.0,0.0,0.0,0.0,0.0,0.0,-0.0,0.0,0.0,-7.778098853284027e-21,-3.889049426642014e-21,-3.889049426642014e-21,0.0,0.0,-0.0,0.0,0.0,0.0,-0.0,0.0,0.0,0.0,0.0,0.0,4.0,0.0,0.0
12120480,297.30841064453125,297.1499938964844,293.1499938964844,0.0,-0.0,286.8332824707031,0.7900882959365845,0.1531807631254196,0.1381313651800155,297.1457214355469,297.1499938964844,293.1499938964844,0.0,-0.0,286.8311767578125,0.6601564288139343,0.0887147709727287,0.0851257517933845,297.2607727050781,297.1499938964844,293.1499938964844,0.0,-0.0,286.8329772949219,0.7644890546798706,0.1385812610387802,0.0974892675876617,297.1764831542969,297.1499938964844,293.1499938964844,0.0,-0.0,286.82745361328125,0.5365166068077087,0.050000000745058,0.0483477711677551,297.1881408691406,297.1499938964844,293.1499938964844,0.0,-0.0,286.8322448730469,0.7167317271232605,0.1126018017530441,0.5106981992721558,286.8333740234375,286.75,286.9474792480469,284.7847595214844,286.9418334960937,297.2708740234375,286.84014892578125,1.0,0.2220343649387359,1.0,1.0,0.0,1.0,-1.0558419227600098,1.0558408498764038,1.007977175504493e-06,0.797218918800354,0.0,0.0,0.0,32.03361129760742,25.0,62.77298355102539,-0.0,124.67476654052734,1.0,283.1644592285156,287.4449462890625,288.6285095214844,288.9419860839844,293.1499938964844,293.1499938964844,278.1499938964844,0.0,18000.0,313.1499938964844,0.0,18000.0,0.0,0.0,0.0,0.0,0.0,0.0,0.0,0.0,0.0,-0.0,0.0,0.0,-7.778098853284027e-21,-3.889049426642014e-21,-3.889049426642014e-21,0.0,0.0,-0.0,0.0,0.0,0.0,-0.0,0.0,0.0,0.0,0.0,0.0,4.0,0.0,0.0
12120540,297.3109130859375,297.1499938964844,293.1499938964844,0.0,-0.0,286.9006042480469,0.8043601512908936,0.1554401367902755,0.1400192379951477,297.1429443359375,297.1499938964844,293.1499938964844,0.0,-0.0,286.8976745605469,0.6677651405334473,0.0883756354451179,0.0846579670906066,297.2547607421875,297.1499938964844,293.1499938964844,0.0,-0.0,286.900146484375,0.7757194638252258,0.139373317360878,0.0979565531015396,297.1720275878906,297.1499938964844,293.1499938964844,0.0,-0.0,286.892578125,0.5448305010795593,0.050000000745058,0.0482793264091014,297.1820068359375,297.1499938964844,293.1499938964844,0.0,-0.0,286.89910888671875,0.7249422669410706,0.1124588251113891,0.5094487071037292,286.9006652832031,286.8500061035156,287.0531616210937,284.8368225097656,287.047607421875,297.2753601074219,286.9095153808594,1.0,0.2194606363773346,1.0,1.0,0.0,1.0,-1.0565245151519775,1.0565235614776611,1.0090240039062337e-06,0.7977607846260071,0.0,0.0,0.0,30.309232711791992,25.0,95.03266143798828,-0.0,121.74279022216795,1.0,283.1644592285156,287.4449462890625,288.6285095214844,288.9419860839844,293.1499938964844,293.1499938964844,278.1499938964844,0.0,18000.0,313.1499938964844,0.0,18000.0,0.0,0.0,0.0,0.0,0.0,0.0,0.0,0.0,0.0,-0.0,0.0,0.0,-7.778098853284027e-21,-3.889049426642014e-21,-3.889049426642014e-21,0.0,0.0,-0.0,0.0,0.0,0.0,-0.0,0.0,0.0,0.0,0.0,0.0,4.0,0.0,0.0
12120600,297.3109130859375,297.1499938964844,293.1499938964844,0.0,-0.0,286.9006042480469,0.8043601512908936,0.1554401367902755,0.1400192379951477,297.1429443359375,297.1499938964844,293.1499938964844,0.0,-0.0,286.8976745605469,0.6677651405334473,0.0883756354451179,0.0846579670906066,297.2547607421875,297.1499938964844,293.1499938964844,0.0,-0.0,286.900146484375,0.7757194638252258,0.139373317360878,0.0979565531015396,297.1720275878906,297.1499938964844,293.1499938964844,0.0,-0.0,286.892578125,0.5448305010795593,0.050000000745058,0.0482793264091014,297.1820068359375,297.1499938964844,293.1499938964844,0.0,-0.0,286.89910888671875,0.7249422669410706,0.1124588251113891,0.5094487071037292,286.9006652832031,286.8500061035156,287.0531616210937,284.8368225097656,287.047607421875,297.2753601074219,286.9095153808594,1.0,0.2194606363773346,1.0,1.0,0.0,1.0,-1.0565245151519775,1.0565235614776611,1.0090240039062337e-06,0.7977607846260071,0.0,0.0,0.0,30.309232711791992,25.0,95.03266143798828,-0.0,121.74279022216795,1.0,283.1644592285156,287.4449462890625,288.6285095214844,288.9419860839844,293.1499938964844,293.1499938964844,278.1499938964844,0.0,18000.0,313.1499938964844,0.0,18000.0,0.0,0.0,0.0,0.0,0.0,0.0,0.0,0.0,0.0,-0.0,0.0,0.0,-7.778098853284027e-21,-3.889049426642014e-21,-3.889049426642014e-21,0.0,0.0,-0.0,0.0,0.0,0.0,-0.0,0.0,0.0,0.0,0.0,0.0,4.0,0.0,0.0
12120660,297.31597900390625,297.1499938964844,293.1499938964844,0.0,-0.0,286.9820556640625,0.8176981806755066,0.1579878181219101,0.1421851515769958,297.142822265625,297.1499938964844,293.1499938964844,0.0,-0.0,286.97857666015625,0.6754118800163269,0.0882718786597251,0.0844525173306465,297.2509765625,297.1499938964844,293.1499938964844,0.0,-0.0,286.98150634765625,0.7866014242172241,0.1403150558471679,0.098547913134098,297.170166015625,297.1499938964844,293.1499938964844,0.0,-0.0,286.9726257324219,0.5524986386299133,0.050000000745058,0.0482219755649566,297.1784973144531,297.1499938964844,293.1499938964844,0.0,-0.0,286.98028564453125,0.732660174369812,0.1125065758824348,0.5091944336891174,286.9820556640625,286.95001220703125,287.15692138671875,284.8861999511719,287.1515197753906,297.28173828125,286.9921264648437,1.0,0.217574194073677,1.0,1.0,0.0,1.0,-1.0592126846313477,1.0592117309570312,1.0131773251487175e-06,0.7999279499053955,0.0,0.0,0.0,28.89205551147461,25.0,114.43074035644533,-0.0,119.84217071533205,1.0,283.1644592285156,287.4449462890625,288.6285095214844,288.9419860839844,293.1499938964844,293.1499938964844,278.1499938964844,0.0,18000.0,313.1499938964844,0.0,18000.0,0.0,0.0,0.0,0.0,0.0,0.0,0.0,0.0,0.0,-0.0,0.0,0.0,-7.778098853284027e-21,-3.889049426642014e-21,-3.889049426642014e-21,0.0,0.0,-0.0,0.0,0.0,0.0,-0.0,0.0,0.0,0.0,0.0,0.0,4.0,0.0,0.0
12120720,297.31597900390625,297.1499938964844,293.1499938964844,0.0,-0.0,286.9820556640625,0.8176981806755066,0.1579878181219101,0.1421851515769958,297.142822265625,297.1499938964844,293.1499938964844,0.0,-0.0,286.97857666015625,0.6754118800163269,0.0882718786597251,0.0844525173306465,297.2509765625,297.1499938964844,293.1499938964844,0.0,-0.0,286.98150634765625,0.7866014242172241,0.1403150558471679,0.098547913134098,297.170166015625,297.1499938964844,293.1499938964844,0.0,-0.0,286.9726257324219,0.5524986386299133,0.050000000745058,0.0482219755649566,297.1784973144531,297.1499938964844,293.1499938964844,0.0,-0.0,286.98028564453125,0.732660174369812,0.1125065758824348,0.5091944336891174,286.9820556640625,286.95001220703125,287.15692138671875,284.8861999511719,287.1515197753906,297.28173828125,286.9921264648437,1.0,0.217574194073677,1.0,1.0,0.0,1.0,-1.0592126846313477,1.0592117309570312,1.0131773251487175e-06,0.7999279499053955,0.0,0.0,0.0,28.89205551147461,25.0,114.43074035644533,-0.0,119.84217071533205,1.0,283.1644592285156,287.4449462890625,288.6285095214844,288.9419860839844,293.1499938964844,293.1499938964844,278.1499938964844,0.0,18000.0,313.1499938964844,0.0,18000.0,0.0,0.0,0.0,0.0,0.0,0.0,0.0,0.0,0.0,-0.0,0.0,0.0,-7.778098853284027e-21,-3.889049426642014e-21,-3.889049426642014e-21,0.0,0.0,-0.0,0.0,0.0,0.0,-0.0,0.0,0.0,0.0,0.0,0.0,4.0,0.0,0.0
12120780,297.32379150390625,297.1499938964844,293.1499938964844,0.0,-0.0,287.07183837890625,0.8301504254341125,0.1608807295560836,0.144653707742691,297.1442565917969,297.1499938964844,293.1499938964844,0.0,-0.0,287.0679931640625,0.6828548908233643,0.0883274301886558,0.084422267973423,297.2486877441406,297.1499938964844,293.1499938964844,0.0,-0.0,287.0711975097656,0.7969517111778259,0.1413613110780716,0.0992261245846748,297.1702880859375,297.1499938964844,293.1499938964844,0.0,-0.0,287.0615539550781,0.5594755411148071,0.050000000745058,0.0481738038361072,297.1767272949219,297.1499938964844,293.1499938964844,0.0,-0.0,287.06982421875,0.7399893999099731,0.1126884147524833,0.5096429586410522,287.07177734375,287.04998779296875,287.2586669921875,284.9327087402344,287.2533874511719,297.2909240722656,287.0824890136719,1.0,0.216253712773323,1.0,1.0,0.0,1.0,-1.0634334087371826,1.0634324550628662,1.0197250048804565e-06,0.8033359050750732,0.0,0.0,0.0,27.72746467590332,25.0,125.59339904785156,-0.0,118.75579833984376,1.0,283.1644592285156,287.4449462890625,288.6285095214844,288.9419860839844,293.1499938964844,293.1499938964844,278.1499938964844,0.0,18000.0,313.1499938964844,0.0,18000.0,0.0,0.0,0.0,0.0,0.0,0.0,0.0,0.0,0.0,-0.0,0.0,0.0,-7.778098853284027e-21,-3.889049426642014e-21,-3.889049426642014e-21,0.0,0.0,-0.0,0.0,0.0,0.0,-0.0,0.0,0.0,0.0,0.0,0.0,4.0,0.0,0.0
12120840,297.32379150390625,297.1499938964844,293.1499938964844,0.0,-0.0,287.07183837890625,0.8301504254341125,0.1608807295560836,0.144653707742691,297.1442565917969,297.1499938964844,293.1499938964844,0.0,-0.0,287.0679931640625,0.6828548908233643,0.0883274301886558,0.084422267973423,297.2486877441406,297.1499938964844,293.1499938964844,0.0,-0.0,287.0711975097656,0.7969517111778259,0.1413613110780716,0.0992261245846748,297.1702880859375,297.1499938964844,293.1499938964844,0.0,-0.0,287.0615539550781,0.5594755411148071,0.050000000745058,0.0481738038361072,297.1767272949219,297.1499938964844,293.1499938964844,0.0,-0.0,287.06982421875,0.7399893999099731,0.1126884147524833,0.5096429586410522,287.07177734375,287.04998779296875,287.2586669921875,284.9327087402344,287.2533874511719,297.2909240722656,287.0824890136719,1.0,0.216253712773323,1.0,1.0,0.0,1.0,-1.0634334087371826,1.0634324550628662,1.0197250048804565e-06,0.8033359050750732,0.0,0.0,0.0,27.72746467590332,25.0,125.59339904785156,-0.0,118.75579833984376,1.0,283.1644592285156,287.4449462890625,288.6285095214844,288.9419860839844,293.1499938964844,293.1499938964844,278.1499938964844,0.0,18000.0,313.1499938964844,0.0,18000.0,0.0,0.0,0.0,0.0,0.0,0.0,0.0,0.0,0.0,-0.0,0.0,0.0,-7.778098853284027e-21,-3.889049426642014e-21,-3.889049426642014e-21,0.0,0.0,-0.0,0.0,0.0,0.0,-0.0,0.0,0.0,0.0,0.0,0.0,4.0,0.0,0.0
12120900,297.32843017578125,297.1499938964844,293.1499938964844,0.0,-0.0,287.1185913085937,0.836284875869751,0.1624363958835601,0.1459997296333313,297.1453857421875,297.1499938964844,293.1499938964844,0.0,-0.0,287.1146240234375,0.6864546537399292,0.0883997231721878,0.0844562724232673,297.2479553222656,297.1499938964844,293.1499938964844,0.0,-0.0,287.117919921875,0.8018904328346252,0.1419128477573394,0.0995894521474838,297.1709289550781,297.1499938964844,293.1499938964844,0.0,-0.0,287.1080322265625,0.5627031922340393,0.050000000745058,0.0481526479125022,297.17633056640625,297.1499938964844,293.1499938964844,0.0,-0.0,287.11651611328125,0.7435199618339539,0.112817533314228,0.5100674033164978,287.1184997558594,287.04998779296875,287.3087158203125,284.95489501953125,287.3034973144531,297.2960205078125,287.12939453125,1.0,0.2157742232084274,1.0,1.0,0.0,1.0,-1.0660096406936646,1.066008687019348,1.0237358765152749e-06,0.8054171800613403,0.0,0.0,0.0,27.22554016113281,25.0,129.05288696289062,-0.0,118.466552734375,1.0,283.1644592285156,287.4449462890625,288.6285095214844,288.9419860839844,293.1499938964844,293.1499938964844,278.1499938964844,0.0,18000.0,313.1499938964844,0.0,18000.0,0.0,0.0,0.0,0.0,0.0,0.0,0.0,0.0,0.0,-0.0,0.0,0.0,-7.778098853284027e-21,-3.889049426642014e-21,-3.889049426642014e-21,0.0,0.0,-0.0,0.0,0.0,0.0,-0.0,0.0,0.0,0.0,0.0,0.0,4.0,0.0,0.0
12120960,297.33331298828125,297.1499938964844,293.1499938964844,0.0,-0.0,287.1661071777344,0.8423884510993958,0.1640470474958419,0.1474016606807708,297.1466369628906,297.1499938964844,293.1499938964844,0.0,-0.0,287.1620483398437,0.6899532079696655,0.088495597243309,0.0845162570476532,297.2474060058594,297.1499938964844,293.1499938964844,0.0,-0.0,287.1654052734375,0.806649923324585,0.1424787193536758,0.0999651551246643,297.1718444824219,297.1499938964844,293.1499938964844,0.0,-0.0,287.15533447265625,0.5657573938369751,0.050000000745058,0.0481332242488861,297.1761779785156,297.1499938964844,293.1499938964844,0.0,-0.0,287.1639709472656,0.7469608783721924,0.1129694432020187,0.510604202747345,287.1659545898437,287.1499938964844,287.3581848144531,284.976318359375,287.3530578613281,297.298828125,287.177001953125,1.0,0.2153996080160141,1.0,1.0,0.0,1.0,-1.0688360929489136,1.0688351392745972,1.0281482900609262e-06,0.8077008128166199,0.0,0.0,0.0,26.77091789245605,25.0,131.4718475341797,-0.0,118.3215789794922,1.0,283.1644592285156,287.4449462890625,288.6285095214844,288.9419860839844,293.1499938964844,293.1499938964844,278.1499938964844,0.0,18000.0,313.1499938964844,0.0,18000.0,0.0,0.0,0.0,0.0,0.0,0.0,0.0,0.0,0.0,-0.0,0.0,0.0,-7.778098853284027e-21,-3.889049426642014e-21,-3.889049426642014e-21,0.0,0.0,-0.0,0.0,0.0,0.0,-0.0,0.0,0.0,0.0,0.0,0.0,4.0,0.0,0.0
12121020,297.34149169921875,297.1499938964844,293.1499938964844,0.0,-0.0,287.2430114746094,0.8521216511726379,0.166723757982254,0.1497420668601989,297.14892578125,297.1499938964844,293.1499938964844,0.0,-0.0,287.23883056640625,0.6953319907188416,0.0886902287602424,0.0846573859453201,297.246826171875,297.1499938964844,293.1499938964844,0.0,-0.0,287.24224853515625,0.8136731386184692,0.1434081494808197,0.1005870103836059,297.1737365722656,297.1499938964844,293.1499938964844,0.0,-0.0,287.2320251464844,0.5703030824661255,0.050000000745058,0.04810531437397,297.1763610839844,297.1499938964844,293.1499938964844,0.0,-0.0,287.24078369140625,0.7522944211959839,0.1132539957761764,0.5116766691207886,287.2428283691406,287.1499938964844,287.4361267089844,285.009033203125,287.4310913085937,297.30352783203125,287.25390625,1.0,0.2149935662746429,1.0,1.0,0.0,1.0,-1.0738146305084229,1.073813557624817,1.0359508451074362e-06,0.8117234706878662,0.0,0.0,0.0,26.129955291748047,25.0,133.6736297607422,-0.0,118.35464477539062,1.0,283.1644592285156,287.4449462890625,288.6285095214844,288.9419860839844,293.1499938964844,293.1499938964844,278.1499938964844,0.0,18000.0,313.1499938964844,0.0,18000.0,0.0,0.0,0.0,0.0,0.0,0.0,0.0,0.0,0.0,-0.0,0.0,0.0,-7.778098853284027e-21,-3.889049426642014e-21,-3.889049426642014e-21,0.0,0.0,-0.0,0.0,0.0,0.0,-0.0,0.0,0.0,0.0,0.0,0.0,4.0,0.0,0.0
12121080,297.3435974121094,297.1499938964844,293.1499938964844,0.0,-0.0,287.2623291015625,0.8545498251914978,0.1674104481935501,0.1503441333770752,297.1495361328125,297.1499938964844,293.1499938964844,0.0,-0.0,287.2581481933594,0.6966333389282227,0.0887458100914955,0.0847002267837524,297.2467346191406,297.1499938964844,293.1499938964844,0.0,-0.0,287.26153564453125,0.8153241276741028,0.143644317984581,0.1007458269596099,297.1742858886719,297.1499938964844,293.1499938964844,0.0,-0.0,287.2513122558594,0.5713764429092407,0.050000000745058,0.0480988882482051,297.1764831542969,297.1499938964844,293.1499938964844,0.0,-0.0,287.26007080078125,0.7535943984985352,0.1133318468928337,0.5119803547859192,287.2621154785156,287.25,287.4553527832031,285.01690673828125,287.45037841796875,297.30474853515625,287.273193359375,1.0,0.2149256020784378,1.0,1.0,0.0,1.0,-1.0751359462738037,1.0751349925994873,1.0380282446931233e-06,0.8127911686897278,0.0,0.0,0.0,25.9847412109375,25.0,133.96575927734375,-0.0,118.40868377685548,1.0,283.1644592285156,287.4449462890625,288.6285095214844,288.9419860839844,293.1499938964844,293.1499938964844,278.1499938964844,0.0,18000.0,313.1499938964844,0.0,18000.0,0.0,0.0,0.0,0.0,0.0,0.0,0.0,0.0,0.0,-0.0,0.0,0.0,-7.778098853284027e-21,-3.889049426642014e-21,-3.889049426642014e-21,0.0,0.0,-0.0,0.0,0.0,0.0,-0.0,0.0,0.0,0.0,0.0,0.0,4.0,0.0,0.0
12121140,297.354248046875,297.1499938964844,293.1499938964844,0.0,-0.0,287.3588562011719,0.8666350245475769,0.1709442883729934,0.1534493714570999,297.1527099609375,297.1499938964844,293.1499938964844,0.0,-0.0,287.3546142578125,0.7028663158416748,0.0890600234270095,0.0849539786577224,297.2464904785156,297.1499938964844,293.1499938964844,0.0,-0.0,287.3580322265625,0.8230944275856018,0.1448437422513961,0.1015563383698463,297.1773376464844,297.1499938964844,293.1499938964844,0.0,-0.0,287.3477478027344,0.5763742327690125,0.050000000745058,0.0480697378516197,297.1773681640625,297.1499938964844,293.1499938964844,0.0,-0.0,287.3565368652344,0.7598767280578613,0.1137548759579658,0.5136767625808716,287.35858154296875,287.3500061035156,287.54998779296875,285.05438232421875,287.5451965332031,297.3113098144531,287.3695373535156,1.0,0.2147665470838546,1.0,1.0,0.0,1.0,-1.0821415185928345,1.0821404457092283,1.049087359206169e-06,0.818451464176178,0.0,0.0,0.0,25.33980178833008,25.0,134.22509765625,-0.0,118.92504119873048,1.0,283.1644592285156,287.4449462890625,288.6285095214844,288.9419860839844,293.1499938964844,293.1499938964844,278.1499938964844,0.0,18000.0,313.1499938964844,0.0,18000.0,0.0,0.0,0.0,0.0,0.0,0.0,0.0,0.0,0.0,-0.0,0.0,0.0,-7.778098853284027e-21,-3.889049426642014e-21,-3.889049426642014e-21,0.0,0.0,-0.0,0.0,0.0,0.0,-0.0,0.0,0.0,0.0,0.0,0.0,4.0,0.0,0.0
12121200,297.354248046875,297.1499938964844,293.1499938964844,0.0,-0.0,287.3588562011719,0.8666350245475769,0.1709442883729934,0.1534493714570999,297.1527099609375,297.1499938964844,293.1499938964844,0.0,-0.0,287.3546142578125,0.7028663158416748,0.0890600234270095,0.0849539786577224,297.2464904785156,297.1499938964844,293.1499938964844,0.0,-0.0,287.3580322265625,0.8230944275856018,0.1448437422513961,0.1015563383698463,297.1773376464844,297.1499938964844,293.1499938964844,0.0,-0.0,287.3477478027344,0.5763742327690125,0.050000000745058,0.0480697378516197,297.1773681640625,297.1499938964844,293.1499938964844,0.0,-0.0,287.3565368652344,0.7598767280578613,0.1137548759579658,0.5136767625808716,287.35858154296875,287.3500061035156,287.54998779296875,285.05438232421875,287.5451965332031,297.3113098144531,287.3695373535156,1.0,0.2147665470838546,1.0,1.0,0.0,1.0,-1.0821415185928345,1.0821404457092283,1.049087359206169e-06,0.818451464176178,0.0,0.0,0.0,25.33980178833008,25.0,134.22509765625,-0.0,118.92504119873048,1.0,283.1644592285156,287.4449462890625,288.6285095214844,288.9419860839844,293.1499938964844,293.1499938964844,278.1499938964844,0.0,18000.0,313.1499938964844,0.0,18000.0,0.0,0.0,0.0,0.0,0.0,0.0,0.0,0.0,0.0,-0.0,0.0,0.0,-7.778098853284027e-21,-3.889049426642014e-21,-3.889049426642014e-21,0.0,0.0,-0.0,0.0,0.0,0.0,-0.0,0.0,0.0,0.0,0.0,0.0,4.0,0.0,0.0
12121260,297.3651123046875,297.1499938964844,293.1499938964844,0.0,-0.0,287.4547424316406,0.8786022663116455,0.1746320277452469,0.1566995829343795,297.15594482421875,297.1499938964844,293.1499938964844,0.0,-0.0,287.4504699707031,0.7086688876152039,0.0894248336553573,0.0852626338601112,297.2464904785156,297.1499938964844,293.1499938964844,0.0,-0.0,287.4538879394531,0.8302611708641052,0.1460659205913543,0.1023875772953033,297.1807556152344,297.1499938964844,293.1499938964844,0.0,-0.0,287.443603515625,0.5808203220367432,0.050000000745058,0.0480448082089424,297.1785583496094,297.1499938964844,293.1499938964844,0.0,-0.0,287.452392578125,0.7658124566078186,0.1142227798700332,0.5156096816062927,287.4544372558594,287.45001220703125,287.6433410644531,285.0887756347656,287.6385498046875,297.3182067871094,287.4652404785156,1.0,0.2148641049861908,1.0,1.0,0.0,1.0,-1.089700698852539,1.089699625968933,1.0611056495690718e-06,0.824557363986969,0.0,0.0,0.0,24.809627532958984,25.0,133.43194580078125,-0.0,119.7926254272461,1.0,283.1644592285156,287.4449462890625,288.6285095214844,288.9419860839844,293.1499938964844,293.1499938964844,278.1499938964844,0.0,18000.0,313.1499938964844,0.0,18000.0,0.0,0.0,0.0,0.0,0.0,0.0,0.0,0.0,0.0,-0.0,0.0,0.0,-7.778098853284027e-21,-3.889049426642014e-21,-3.889049426642014e-21,0.0,0.0,-0.0,0.0,0.0,0.0,-0.0,0.0,0.0,0.0,0.0,0.0,4.0,0.0,0.0
12121320,297.3651123046875,297.1499938964844,293.1499938964844,0.0,-0.0,287.4547424316406,0.8786022663116455,0.1746320277452469,0.1566995829343795,297.15594482421875,297.1499938964844,293.1499938964844,0.0,-0.0,287.4504699707031,0.7086688876152039,0.0894248336553573,0.0852626338601112,297.2464904785156,297.1499938964844,293.1499938964844,0.0,-0.0,287.4538879394531,0.8302611708641052,0.1460659205913543,0.1023875772953033,297.1807556152344,297.1499938964844,293.1499938964844,0.0,-0.0,287.443603515625,0.5808203220367432,0.050000000745058,0.0480448082089424,297.1785583496094,297.1499938964844,293.1499938964844,0.0,-0.0,287.452392578125,0.7658124566078186,0.1142227798700332,0.5156096816062927,287.4544372558594,287.45001220703125,287.6433410644531,285.0887756347656,287.6385498046875,297.3182067871094,287.4652404785156,1.0,0.2148641049861908,1.0,1.0,0.0,1.0,-1.089700698852539,1.089699625968933,1.0611056495690718e-06,0.824557363986969,0.0,0.0,0.0,24.809627532958984,25.0,133.43194580078125,-0.0,119.7926254272461,1.0,283.1644592285156,287.4449462890625,288.6285095214844,288.9419860839844,293.1499938964844,293.1499938964844,278.1499938964844,0.0,18000.0,313.1499938964844,0.0,18000.0,0.0,0.0,0.0,0.0,0.0,0.0,0.0,0.0,0.0,-0.0,0.0,0.0,-7.778098853284027e-21,-3.889049426642014e-21,-3.889049426642014e-21,0.0,0.0,-0.0,0.0,0.0,0.0,-0.0,0.0,0.0,0.0,0.0,0.0,4.0,0.0,0.0
12121380,297.3760070800781,297.1499938964844,293.1499938964844,0.0,-0.0,287.5502624511719,0.8903903961181641,0.1784608662128448,0.160082459449768,297.1592102050781,297.1499938964844,293.1499938964844,0.0,-0.0,287.5459289550781,0.7139182090759277,0.0898308828473091,0.0856158882379531,297.24664306640625,297.1499938964844,293.1499938964844,0.0,-0.0,287.5493469238281,0.8369895815849304,0.1473032981157302,0.1032331362366676,297.184326171875,297.1499938964844,293.1499938964844,0.0,-0.0,287.5390625,0.5847831964492798,0.050000000745058,0.0480233170092105,297.1799621582031,297.1499938964844,293.1499938964844,0.0,-0.0,287.5478210449219,0.7714183926582336,0.1147266998887062,0.5177291631698608,287.54986572265625,287.54998779296875,287.7366638183594,285.120361328125,287.7319030761719,297.32537841796875,287.5605773925781,1.0,0.2151744663715362,1.0,1.0,0.0,1.0,-1.0977180004119873,1.0977169275283811,1.0739473736975924e-06,0.8310289978981018,0.0,0.0,0.0,24.373367309570312,25.0,132.80154418945312,-0.0,120.95655822753906,1.0,283.1644592285156,287.4449462890625,288.6285095214844,288.9419860839844,293.1499938964844,293.1499938964844,278.1499938964844,0.0,18000.0,313.1499938964844,0.0,18000.0,0.0,0.0,0.0,0.0,0.0,0.0,0.0,0.0,0.0,-0.0,0.0,0.0,-7.778098853284027e-21,-3.889049426642014e-21,-3.889049426642014e-21,0.0,0.0,-0.0,0.0,0.0,0.0,-0.0,0.0,0.0,0.0,0.0,0.0,4.0,0.0,0.0
12121440,297.3760070800781,297.1499938964844,293.1499938964844,0.0,-0.0,287.5502624511719,0.8903903961181641,0.1784608662128448,0.160082459449768,297.1592102050781,297.1499938964844,293.1499938964844,0.0,-0.0,287.5459289550781,0.7139182090759277,0.0898308828473091,0.0856158882379531,297.24664306640625,297.1499938964844,293.1499938964844,0.0,-0.0,287.5493469238281,0.8369895815849304,0.1473032981157302,0.1032331362366676,297.184326171875,297.1499938964844,293.1499938964844,0.0,-0.0,287.5390625,0.5847831964492798,0.050000000745058,0.0480233170092105,297.1799621582031,297.1499938964844,293.1499938964844,0.0,-0.0,287.5478210449219,0.7714183926582336,0.1147266998887062,0.5177291631698608,287.54986572265625,287.54998779296875,287.7366638183594,285.120361328125,287.7319030761719,297.32537841796875,287.5605773925781,1.0,0.2151744663715362,1.0,1.0,0.0,1.0,-1.0977180004119873,1.0977169275283811,1.0739473736975924e-06,0.8310289978981018,0.0,0.0,0.0,24.373367309570312,25.0,132.80154418945312,-0.0,120.95655822753906,1.0,283.1644592285156,287.4449462890625,288.6285095214844,288.9419860839844,293.1499938964844,293.1499938964844,278.1499938964844,0.0,18000.0,313.1499938964844,0.0,18000.0,0.0,0.0,0.0,0.0,0.0,0.0,0.0,0.0,0.0,-0.0,0.0,0.0,-7.778098853284027e-21,-3.889049426642014e-21,-3.889049426642014e-21,0.0,0.0,-0.0,0.0,0.0,0.0,-0.0,0.0,0.0,0.0,0.0,0.0,4.0,0.0,0.0
12121500,297.3814392089844,297.1499938964844,293.1499938964844,0.0,-0.0,287.5979309082031,0.8962060213088989,0.1804250925779342,0.1618199348449707,297.16082763671875,297.1499938964844,293.1499938964844,0.0,-0.0,287.59356689453125,0.7163422703742981,0.0900472700595855,0.0858066901564598,297.2467346191406,297.1499938964844,293.1499938964844,0.0,-0.0,287.59698486328125,0.840228259563446,0.1479264050722122,0.103659950196743,297.1861877441406,297.1499938964844,293.1499938964844,0.0,-0.0,287.586669921875,0.5866097211837769,0.050000000745058,0.0480136275291442,297.18072509765625,297.1499938964844,293.1499938964844,0.0,-0.0,287.595458984375,0.7741124033927917,0.1149904280900955,0.5188485980033875,287.5975036621094,287.54998779296875,287.7833251953125,285.1351318359375,287.7785949707031,297.3290100097656,287.6081848144531,1.0,0.2153971493244171,1.0,1.0,0.0,1.0,-1.101876735687256,1.10187566280365,1.080647052731365e-06,0.8343838453292847,0.0,0.0,0.0,24.1843204498291,25.0,132.5670928955078,-0.0,121.63494110107422,1.0,283.1644592285156,287.4449462890625,288.6285095214844,288.9419860839844,293.1499938964844,293.1499938964844,278.1499938964844,0.0,18000.0,313.1499938964844,0.0,18000.0,0.0,0.0,0.0,0.0,0.0,0.0,0.0,0.0,0.0,-0.0,0.0,0.0,-7.778098853284027e-21,-3.889049426642014e-21,-3.889049426642014e-21,0.0,0.0,-0.0,0.0,0.0,0.0,-0.0,0.0,0.0,0.0,0.0,0.0,4.0,0.0,0.0
12121560,297.3868408203125,297.1499938964844,293.1499938964844,0.0,-0.0,287.6455383300781,0.90196692943573,0.1824220120906829,0.1635875552892685,297.16241455078125,297.1499938964844,293.1499938964844,0.0,-0.0,287.64117431640625,0.7186648845672607,0.0902720093727111,0.0860061720013618,297.24688720703125,297.1499938964844,293.1499938964844,0.0,-0.0,287.64459228515625,0.8433994054794312,0.1485522389411926,0.10408915579319,297.1880187988281,297.1499938964844,293.1499938964844,0.0,-0.0,287.63427734375,0.588346004486084,0.050000000745058,0.0480045415461063,297.1814880371094,297.1499938964844,293.1499938964844,0.0,-0.0,287.64306640625,0.7767425179481506,0.1152614951133728,0.5200046300888062,287.6451110839844,287.6499938964844,287.8299865722656,285.1492919921875,287.8252868652344,297.3326721191406,287.6557312011719,1.0,0.2156598269939422,1.0,1.0,0.0,1.0,-1.1061296463012695,1.1061285734176636,1.087525788534549e-06,0.8378132581710815,0.0,0.0,0.0,24.011932373046875,25.0,132.37681579589844,-0.0,122.3720703125,1.0,283.1644592285156,287.4449462890625,288.6285095214844,288.9419860839844,293.1499938964844,293.1499938964844,278.1499938964844,0.0,18000.0,313.1499938964844,0.0,18000.0,0.0,0.0,0.0,0.0,0.0,0.0,0.0,0.0,0.0,-0.0,0.0,0.0,-7.778098853284027e-21,-3.889049426642014e-21,-3.889049426642014e-21,0.0,0.0,-0.0,0.0,0.0,0.0,-0.0,0.0,0.0,0.0,0.0,0.0,4.0,0.0,0.0
12121620,297.3975830078125,297.1499938964844,293.1499938964844,0.0,-0.0,287.7406921386719,0.913960099220276,0.1865121275186538,0.1672107279300689,297.16552734375,297.1499938964844,293.1499938964844,0.0,-0.0,287.7362670898437,0.7230846285820007,0.0907452404499054,0.0864295363426208,297.2471923828125,297.1499938964844,293.1499938964844,0.0,-0.0,287.7396850585937,0.8495832681655884,0.1498118638992309,0.1049542501568794,297.1917419433594,297.1499938964844,293.1499938964844,0.0,-0.0,287.7293395996094,0.5915887355804443,0.050000000745058,0.047987874597311,297.18310546875,297.1499938964844,293.1499938964844,0.0,-0.0,287.7381591796875,0.781843364238739,0.1158245354890823,0.522419273853302,287.7402038574219,287.75,287.92333984375,285.1757202148437,287.9186706542969,297.340087890625,287.7507019042969,1.0,0.2162913978099823,1.0,1.0,0.0,1.0,-1.1149030923843384,1.1149020195007324,1.1018047416655463e-06,0.8448849320411682,0.0,0.0,0.0,23.70964813232422,25.0,132.1023712158203,-0.0,124.00769805908205,1.0,283.1644592285156,287.4449462890625,288.6285095214844,288.9419860839844,293.1499938964844,293.1499938964844,278.1499938964844,0.0,18000.0,313.1499938964844,0.0,18000.0,0.0,0.0,0.0,0.0,0.0,0.0,0.0,0.0,0.0,-0.0,0.0,0.0,-7.778098853284027e-21,-3.889049426642014e-21,-3.889049426642014e-21,0.0,0.0,-0.0,0.0,0.0,0.0,-0.0,0.0,0.0,0.0,0.0,0.0,4.0,0.0,0.0
12121680,297.3975830078125,297.1499938964844,293.1499938964844,0.0,-0.0,287.7406921386719,0.913960099220276,0.1865121275186538,0.1672107279300689,297.16552734375,297.1499938964844,293.1499938964844,0.0,-0.0,287.7362670898437,0.7230846285820007,0.0907452404499054,0.0864295363426208,297.2471923828125,297.1499938964844,293.1499938964844,0.0,-0.0,287.7396850585937,0.8495832681655884,0.1498118638992309,0.1049542501568794,297.1917419433594,297.1499938964844,293.1499938964844,0.0,-0.0,287.7293395996094,0.5915887355804443,0.050000000745058,0.047987874597311,297.18310546875,297.1499938964844,293.1499938964844,0.0,-0.0,287.7381591796875,0.781843364238739,0.1158245354890823,0.522419273853302,287.7402038574219,287.75,287.92333984375,285.1757202148437,287.9186706542969,297.340087890625,287.7507019042969,1.0,0.2162913978099823,1.0,1.0,0.0,1.0,-1.1149030923843384,1.1149020195007324,1.1018047416655463e-06,0.8448849320411682,0.0,0.0,0.0,23.70964813232422,25.0,132.1023712158203,-0.0,124.00769805908205,1.0,283.1644592285156,287.4449462890625,288.6285095214844,288.9419860839844,293.1499938964844,293.1499938964844,278.1499938964844,0.0,18000.0,313.1499938964844,0.0,18000.0,0.0,0.0,0.0,0.0,0.0,0.0,0.0,0.0,0.0,-0.0,0.0,0.0,-7.778098853284027e-21,-3.889049426642014e-21,-3.889049426642014e-21,0.0,0.0,-0.0,0.0,0.0,0.0,-0.0,0.0,0.0,0.0,0.0,0.0,4.0,0.0,0.0
12121740,297.4085998535156,297.1499938964844,293.1499938964844,0.0,-0.0,287.83575439453125,0.9266650080680848,0.1907655447721481,0.1709627211093902,297.1686096191406,297.1499938964844,293.1499938964844,0.0,-0.0,287.8312683105469,0.7273193001747131,0.0912541151046752,0.0868857949972152,297.24761962890625,297.1499938964844,293.1499938964844,0.0,-0.0,287.8346862792969,0.8556272983551025,0.15108422935009,0.1058285534381866,297.1955261230469,297.1499938964844,293.1499938964844,0.0,-0.0,287.82427978515625,0.5945910215377808,0.050000000745058,0.0479727797210216,297.1847839355469,297.1499938964844,293.1499938964844,0.0,-0.0,287.8331298828125,0.7867907285690308,0.1164148151874542,0.5249643325805664,287.8351745605469,287.8500061035156,288.01666259765625,285.1998291015625,288.01202392578125,297.3471984863281,287.8456115722656,1.0,0.2170484066009521,1.0,1.0,0.0,1.0,-1.124040126800537,1.1240389347076416,1.11680390091351e-06,0.8522465825080872,0.0,0.0,0.0,23.45316505432129,25.0,131.93499755859375,-0.0,125.84427642822266,1.0,283.1644592285156,287.4449462890625,288.6285095214844,288.9419860839844,293.1499938964844,293.1499938964844,278.1499938964844,0.0,18000.0,313.1499938964844,0.0,18000.0,0.0,0.0,0.0,0.0,0.0,0.0,0.0,0.0,0.0,-0.0,0.0,0.0,-7.778098853284027e-21,-3.889049426642014e-21,-3.889049426642014e-21,0.0,0.0,-0.0,0.0,0.0,0.0,-0.0,0.0,0.0,0.0,0.0,0.0,4.0,0.0,0.0
12121800,297.4085998535156,297.1499938964844,293.1499938964844,0.0,-0.0,287.83575439453125,0.9266650080680848,0.1907655447721481,0.1709627211093902,297.1686096191406,297.1499938964844,293.1499938964844,0.0,-0.0,287.8312683105469,0.7273193001747131,0.0912541151046752,0.0868857949972152,297.24761962890625,297.1499938964844,293.1499938964844,0.0,-0.0,287.8346862792969,0.8556272983551025,0.15108422935009,0.1058285534381866,297.1955261230469,297.1499938964844,293.1499938964844,0.0,-0.0,287.82427978515625,0.5945910215377808,0.050000000745058,0.0479727797210216,297.1847839355469,297.1499938964844,293.1499938964844,0.0,-0.0,287.8331298828125,0.7867907285690308,0.1164148151874542,0.5249643325805664,287.8351745605469,287.8500061035156,288.01666259765625,285.1998291015625,288.01202392578125,297.3471984863281,287.8456115722656,1.0,0.2170484066009521,1.0,1.0,0.0,1.0,-1.124040126800537,1.1240389347076416,1.11680390091351e-06,0.8522465825080872,0.0,0.0,0.0,23.45316505432129,25.0,131.93499755859375,-0.0,125.84427642822266,1.0,283.1644592285156,287.4449462890625,288.6285095214844,288.9419860839844,293.1499938964844,293.1499938964844,278.1499938964844,0.0,18000.0,313.1499938964844,0.0,18000.0,0.0,0.0,0.0,0.0,0.0,0.0,0.0,0.0,0.0,-0.0,0.0,0.0,-7.778098853284027e-21,-3.889049426642014e-21,-3.889049426642014e-21,0.0,0.0,-0.0,0.0,0.0,0.0,-0.0,0.0,0.0,0.0,0.0,0.0,4.0,0.0,0.0
12121860,297.4210510253906,297.1499938964844,293.1499938964844,0.0,-0.0,287.9307556152344,0.9398464560508728,0.1953029334545135,0.174956277012825,297.1718139648437,297.1499938964844,293.1499938964844,0.0,-0.0,287.9262390136719,0.7316243648529053,0.0918158292770385,0.0873898789286613,297.2481689453125,297.1499938964844,293.1499938964844,0.0,-0.0,287.9296264648437,0.8617544770240784,0.1523774713277816,0.1067168265581131,297.1994323730469,297.1499938964844,293.1499938964844,0.0,-0.0,287.919189453125,0.5975278615951538,0.050000000745058,0.047958318144083,297.1865539550781,297.1499938964844,293.1499938964844,0.0,-0.0,287.9280700683594,0.7917848825454712,0.1170349195599556,0.527641236782074,287.9301452636719,287.95001220703125,288.1099853515625,285.2218017578125,288.1054077148437,297.3549194335937,287.9404602050781,1.0,0.2179174572229385,1.0,1.0,0.0,1.0,-1.133700251579285,1.1336991786956787,1.1328005484756432e-06,0.8600205183029175,0.0,0.0,0.0,23.22080993652344,25.0,131.84713745117188,-0.0,127.88714599609376,1.0,283.1644592285156,287.4449462890625,288.6285095214844,288.9419860839844,293.1499938964844,293.1499938964844,278.1499938964844,0.0,18000.0,313.1499938964844,0.0,18000.0,0.0,0.0,0.0,0.0,0.0,0.0,0.0,0.0,0.0,-0.0,0.0,0.0,-7.778098853284027e-21,-3.889049426642014e-21,-3.889049426642014e-21,0.0,0.0,-0.0,0.0,0.0,0.0,-0.0,0.0,0.0,0.0,0.0,0.0,4.0,0.0,0.0
12121920,297.4210510253906,297.1499938964844,293.1499938964844,0.0,-0.0,287.9307556152344,0.9398464560508728,0.1953029334545135,0.174956277012825,297.1718139648437,297.1499938964844,293.1499938964844,0.0,-0.0,287.9262390136719,0.7316243648529053,0.0918158292770385,0.0873898789286613,297.2481689453125,297.1499938964844,293.1499938964844,0.0,-0.0,287.9296264648437,0.8617544770240784,0.1523774713277816,0.1067168265581131,297.1994323730469,297.1499938964844,293.1499938964844,0.0,-0.0,287.919189453125,0.5975278615951538,0.050000000745058,0.047958318144083,297.1865539550781,297.1499938964844,293.1499938964844,0.0,-0.0,287.9280700683594,0.7917848825454712,0.1170349195599556,0.527641236782074,287.9301452636719,287.95001220703125,288.1099853515625,285.2218017578125,288.1054077148437,297.3549194335937,287.9404602050781,1.0,0.2179174572229385,1.0,1.0,0.0,1.0,-1.133700251579285,1.1336991786956787,1.1328005484756432e-06,0.8600205183029175,0.0,0.0,0.0,23.22080993652344,25.0,131.84713745117188,-0.0,127.88714599609376,1.0,283.1644592285156,287.4449462890625,288.6285095214844,288.9419860839844,293.1499938964844,293.1499938964844,278.1499938964844,0.0,18000.0,313.1499938964844,0.0,18000.0,0.0,0.0,0.0,0.0,0.0,0.0,0.0,0.0,0.0,-0.0,0.0,0.0,-7.778098853284027e-21,-3.889049426642014e-21,-3.889049426642014e-21,0.0,0.0,-0.0,0.0,0.0,0.0,-0.0,0.0,0.0,0.0,0.0,0.0,4.0,0.0,0.0
12121980,297.4337158203125,297.1499938964844,293.1499938964844,0.0,-0.0,288.0257263183594,0.9528589844703674,0.2000196725130081,0.179137572646141,297.1750793457031,297.1499938964844,293.1499938964844,0.0,-0.0,288.02117919921875,0.7360281944274902,0.0924235880374908,0.087940439581871,297.24884033203125,297.1499938964844,293.1499938964844,0.0,-0.0,288.0245666503906,0.8679609298706055,0.1536887437105178,0.1076188161969184,297.2034606933594,297.1499938964844,293.1499938964844,0.0,-0.0,288.0140686035156,0.600400984287262,0.050000000745058,0.0479444451630115,297.1884155273437,297.1499938964844,293.1499938964844,0.0,-0.0,288.02301025390625,0.7968268394470215,0.1176869422197341,0.5304638743400574,288.02508544921875,288.04998779296875,288.2033386230469,285.2417907714844,288.1987609863281,297.36297607421875,288.0353088378906,1.0,0.2188895344734192,1.0,1.0,0.0,1.0,-1.1438337564468384,1.1438325643539429,1.1497256764414487e-06,0.8681533932685852,0.0,0.0,0.0,23.010799407958984,25.0,131.81289672851562,-0.0,130.12646484375,1.0,283.1644592285156,287.4449462890625,288.6285095214844,288.9419860839844,293.1499938964844,293.1499938964844,278.1499938964844,0.0,18000.0,313.1499938964844,0.0,18000.0,0.0,0.0,0.0,0.0,0.0,0.0,0.0,0.0,0.0,-0.0,0.0,0.0,-7.778098853284027e-21,-3.889049426642014e-21,-3.889049426642014e-21,0.0,0.0,-0.0,0.0,0.0,0.0,-0.0,0.0,0.0,0.0,0.0,0.0,4.0,0.0,0.0
12122040,297.4337158203125,297.1499938964844,293.1499938964844,0.0,-0.0,288.0257263183594,0.9528589844703674,0.2000196725130081,0.179137572646141,297.1750793457031,297.1499938964844,293.1499938964844,0.0,-0.0,288.02117919921875,0.7360281944274902,0.0924235880374908,0.087940439581871,297.24884033203125,297.1499938964844,293.1499938964844,0.0,-0.0,288.0245666503906,0.8679609298706055,0.1536887437105178,0.1076188161969184,297.2034606933594,297.1499938964844,293.1499938964844,0.0,-0.0,288.0140686035156,0.600400984287262,0.050000000745058,0.0479444451630115,297.1884155273437,297.1499938964844,293.1499938964844,0.0,-0.0,288.02301025390625,0.7968268394470215,0.1176869422197341,0.5304638743400574,288.02508544921875,288.04998779296875,288.2033386230469,285.2417907714844,288.1987609863281,297.36297607421875,288.0353088378906,1.0,0.2188895344734192,1.0,1.0,0.0,1.0,-1.1438337564468384,1.1438325643539429,1.1497256764414487e-06,0.8681533932685852,0.0,0.0,0.0,23.010799407958984,25.0,131.81289672851562,-0.0,130.12646484375,1.0,283.1644592285156,287.4449462890625,288.6285095214844,288.9419860839844,293.1499938964844,293.1499938964844,278.1499938964844,0.0,18000.0,313.1499938964844,0.0,18000.0,0.0,0.0,0.0,0.0,0.0,0.0,0.0,0.0,0.0,-0.0,0.0,0.0,-7.778098853284027e-21,-3.889049426642014e-21,-3.889049426642014e-21,0.0,0.0,-0.0,0.0,0.0,0.0,-0.0,0.0,0.0,0.0,0.0,0.0,4.0,0.0,0.0
12122100,297.4399108886719,297.1499938964844,293.1499938964844,0.0,-0.0,288.0732421875,0.9591206908226012,0.2024264186620712,0.1812748610973358,297.1767272949219,297.1499938964844,293.1499938964844,0.0,-0.0,288.06866455078125,0.7382602095603943,0.0927425771951675,0.0882307067513465,297.24920654296875,297.1499938964844,293.1499938964844,0.0,-0.0,288.0720520019531,0.8710787892341614,0.1543504744768142,0.108074314892292,297.2054748535156,297.1499938964844,293.1499938964844,0.0,-0.0,288.0615234375,0.6018058061599731,0.050000000745058,0.0479377582669258,297.1893920898437,297.1499938964844,293.1499938964844,0.0,-0.0,288.0704650878906,0.7993521690368652,0.1180243268609047,0.5319281816482544,288.0725402832031,288.04998779296875,288.25,285.2510986328125,288.2454528808594,297.3669738769531,288.082763671875,1.0,0.2194102704524994,1.0,1.0,0.0,1.0,-1.1490437984466553,1.149042725563049,1.1584834282984955e-06,0.8723233938217163,0.0,0.0,0.0,22.91439437866211,25.0,131.80653381347656,-0.0,131.31321716308594,1.0,283.1644592285156,287.4449462890625,288.6285095214844,288.9419860839844,293.1499938964844,293.1499938964844,278.1499938964844,0.0,18000.0,313.1499938964844,0.0,18000.0,0.0,0.0,0.0,0.0,0.0,0.0,0.0,0.0,0.0,-0.0,0.0,0.0,-7.778098853284027e-21,-3.889049426642014e-21,-3.889049426642014e-21,0.0,0.0,-0.0,0.0,0.0,0.0,-0.0,0.0,0.0,0.0,0.0,0.0,4.0,0.0,0.0
12122160,297.4460144042969,297.1499938964844,293.1499938964844,0.0,-0.0,288.1207275390625,0.9651712775230408,0.2048621326684951,0.1834391057491302,297.1783447265625,297.1499938964844,293.1499938964844,0.0,-0.0,288.1161499023437,0.740515947341919,0.0930713340640068,0.0885304138064384,297.24957275390625,297.1499938964844,293.1499938964844,0.0,-0.0,288.1195068359375,0.87420654296875,0.1550162881612777,0.1085327416658401,297.20751953125,297.1499938964844,293.1499938964844,0.0,-0.0,288.1089782714844,0.6031913757324219,0.050000000745058,0.047931220382452,297.1903686523437,297.1499938964844,293.1499938964844,0.0,-0.0,288.1179504394531,0.8018804788589478,0.1183689311146736,0.5334262847900391,288.1200256347656,288.1499938964844,288.2966613769531,285.2599792480469,288.2921447753906,297.3709411621094,288.13018798828125,1.0,0.2199524790048599,1.0,1.0,0.0,1.0,-1.1543418169021606,1.1543406248092651,1.1674284223772702e-06,0.8765566945075989,0.0,0.0,0.0,22.82327461242676,25.0,131.80458068847656,-0.0,132.5427703857422,1.0,283.1644592285156,287.4449462890625,288.6285095214844,288.9419860839844,293.1499938964844,293.1499938964844,278.1499938964844,0.0,18000.0,313.1499938964844,0.0,18000.0,0.0,0.0,0.0,0.0,0.0,0.0,0.0,0.0,0.0,-0.0,0.0,0.0,-7.778098853284027e-21,-3.889049426642014e-21,-3.889049426642014e-21,0.0,0.0,-0.0,0.0,0.0,0.0,-0.0,0.0,0.0,0.0,0.0,0.0,4.0,0.0,0.0
12122220,297.4565124511719,297.1499938964844,293.1499938964844,0.0,-0.0,288.204345703125,0.9752492308616638,0.209216222167015,0.1873094290494918,297.1811828613281,297.1499938964844,293.1499938964844,0.0,-0.0,288.19970703125,0.7445574998855591,0.0936731919646263,0.0890804305672645,297.25030517578125,297.1499938964844,293.1499938964844,0.0,-0.0,288.2030639648437,0.8797426819801331,0.1561982482671737,0.1093467995524406,297.2111511230469,297.1499938964844,293.1499938964844,0.0,-0.0,288.1925048828125,0.6055920124053955,0.050000000745058,0.0479200333356857,297.19207763671875,297.1499938964844,293.1499938964844,0.0,-0.0,288.2015075683594,0.8063405156135559,0.1189923658967018,0.5361414551734924,288.2035827636719,288.1499938964844,288.3788146972656,285.274658203125,288.37432861328125,297.3778381347656,288.2136535644531,1.0,0.2209556400775909,1.0,1.0,0.0,1.0,-1.1638702154159546,1.163869023323059,1.1836201565529336e-06,0.8841568827629089,0.0,0.0,0.0,22.674406051635746,25.0,131.80807495117188,-0.0,134.80764770507812,1.0,283.1644592285156,287.4449462890625,288.6285095214844,288.9419860839844,293.1499938964844,293.1499938964844,278.1499938964844,0.0,18000.0,313.1499938964844,0.0,18000.0,0.0,0.0,0.0,0.0,0.0,0.0,0.0,0.0,0.0,-0.0,0.0,0.0,-7.778098853284027e-21,-3.889049426642014e-21,-3.889049426642014e-21,0.0,0.0,-0.0,0.0,0.0,0.0,-0.0,0.0,0.0,0.0,0.0,0.0,4.0,0.0,0.0
12122280,297.4579162597656,297.1499938964844,293.1499938964844,0.0,-0.0,288.2157287597656,0.9765642285346984,0.2098163813352584,0.1878430694341659,297.1815795898437,297.1499938964844,293.1499938964844,0.0,-0.0,288.21112060546875,0.7451167106628418,0.0937575101852417,0.0891576036810875,297.2503967285156,297.1499938964844,293.1499938964844,0.0,-0.0,288.2144775390625,0.880501389503479,0.15636046230793,0.1094585359096527,297.2116394042969,297.1499938964844,293.1499938964844,0.0,-0.0,288.2038879394531,0.6059163808822632,0.050000000745058,0.0479185320436954,297.1923217773437,297.1499938964844,293.1499938964844,0.0,-0.0,288.212890625,0.8069453239440918,0.119079016149044,0.5365192294120789,288.2149658203125,288.25,288.3900146484375,285.2765808105469,288.3855285644531,297.3787536621094,288.2250366210937,1.0,0.2210970222949981,1.0,1.0,0.0,1.0,-1.1651891469955444,1.165187954902649,1.1858719517476857e-06,0.88520747423172,0.0,0.0,0.0,22.65513038635254,25.0,131.80902099609375,-0.0,135.12625122070312,1.0,283.1644592285156,287.4449462890625,288.6285095214844,288.9419860839844,293.1499938964844,293.1499938964844,278.1499938964844,0.0,18000.0,313.1499938964844,0.0,18000.0,0.0,0.0,0.0,0.0,0.0,0.0,0.0,0.0,0.0,-0.0,0.0,0.0,-7.778098853284027e-21,-3.889049426642014e-21,-3.889049426642014e-21,0.0,0.0,-0.0,0.0,0.0,0.0,-0.0,0.0,0.0,0.0,0.0,0.0,4.0,0.0,0.0
12122340,297.4693603515625,297.1499938964844,293.1499938964844,0.0,-0.0,288.3107604980469,0.9869619011878968,0.2148774713277816,0.1923435777425766,297.18475341796875,297.1499938964844,293.1499938964844,0.0,-0.0,288.3060913085937,0.7498740553855896,0.0944805517792701,0.0898204073309898,297.25128173828125,297.1499938964844,293.1499938964844,0.0,-0.0,288.3094482421875,0.8868794441223145,0.1577225625514984,0.1103968098759651,297.2157897949219,297.1499938964844,293.1499938964844,0.0,-0.0,288.2987976074219,0.6086085438728333,0.050000000745058,0.0479062125086784,297.1943054199219,297.1499938964844,293.1499938964844,0.0,-0.0,288.307861328125,0.8119196891784668,0.1198162883520126,0.5397366285324097,288.3099365234375,288.3500061035156,288.4833374023437,285.291748046875,288.4789123535156,297.3863830566406,288.3199157714844,1.0,0.2223156839609146,1.0,1.0,0.0,1.0,-1.1763598918914795,1.176358699798584,1.2050860505041785e-06,0.8941408395767212,0.0,0.0,0.0,22.50279235839844,25.0,131.8195037841797,-0.0,137.8710174560547,1.0,283.1644592285156,287.4449462890625,288.6285095214844,288.9419860839844,293.1499938964844,293.1499938964844,278.1499938964844,0.0,18000.0,313.1499938964844,0.0,18000.0,0.0,0.0,0.0,0.0,0.0,0.0,0.0,0.0,0.0,-0.0,0.0,0.0,-7.778098853284027e-21,-3.889049426642014e-21,-3.889049426642014e-21,0.0,0.0,-0.0,0.0,0.0,0.0,-0.0,0.0,0.0,0.0,0.0,0.0,4.0,0.0,0.0
12122400,297.4693603515625,297.1499938964844,293.1499938964844,0.0,-0.0,288.3107604980469,0.9869619011878968,0.2148774713277816,0.1923435777425766,297.18475341796875,297.1499938964844,293.1499938964844,0.0,-0.0,288.3060913085937,0.7498740553855896,0.0944805517792701,0.0898204073309898,297.25128173828125,297.1499938964844,293.1499938964844,0.0,-0.0,288.3094482421875,0.8868794441223145,0.1577225625514984,0.1103968098759651,297.2157897949219,297.1499938964844,293.1499938964844,0.0,-0.0,288.2987976074219,0.6086085438728333,0.050000000745058,0.0479062125086784,297.1943054199219,297.1499938964844,293.1499938964844,0.0,-0.0,288.307861328125,0.8119196891784668,0.1198162883520126,0.5397366285324097,288.3099365234375,288.3500061035156,288.4833374023437,285.291748046875,288.4789123535156,297.3863830566406,288.3199157714844,1.0,0.2223156839609146,1.0,1.0,0.0,1.0,-1.1763598918914795,1.176358699798584,1.2050860505041785e-06,0.8941408395767212,0.0,0.0,0.0,22.50279235839844,25.0,131.8195037841797,-0.0,137.8710174560547,1.0,283.1644592285156,287.4449462890625,288.6285095214844,288.9419860839844,293.1499938964844,293.1499938964844,278.1499938964844,0.0,18000.0,313.1499938964844,0.0,18000.0,0.0,0.0,0.0,0.0,0.0,0.0,0.0,0.0,0.0,-0.0,0.0,0.0,-7.778098853284027e-21,-3.889049426642014e-21,-3.889049426642014e-21,0.0,0.0,-0.0,0.0,0.0,0.0,-0.0,0.0,0.0,0.0,0.0,0.0,4.0,0.0,0.0
12122460,297.4804382324219,297.1499938964844,293.1499938964844,0.0,-0.0,288.40576171875,0.996232569217682,0.2200477421283722,0.1969387680292129,297.1878967285156,297.1499938964844,293.1499938964844,0.0,-0.0,288.4010925292969,0.7547115087509155,0.0952395871281623,0.0905181840062141,297.25225830078125,297.1499938964844,293.1499938964844,0.0,-0.0,288.4044189453125,0.8932271599769592,0.1591041684150695,0.1113489270210266,297.2199401855469,297.1499938964844,293.1499938964844,0.0,-0.0,288.39373779296875,0.6111958026885986,0.050000000745058,0.0478945598006248,297.1962890625,297.1499938964844,293.1499938964844,0.0,-0.0,288.40283203125,0.8167186975479126,0.1205802261829376,0.543077826499939,288.4049072265625,288.45001220703125,288.57666015625,285.3056945800781,288.572265625,297.393798828125,288.414794921875,1.0,0.2235998511314392,1.0,1.0,0.0,1.0,-1.1877120733261108,1.187710881233215,1.224856305270805e-06,0.9032605886459352,0.0,0.0,0.0,22.372386932373047,25.0,131.83074951171875,-0.0,140.77186584472656,1.0,283.1644592285156,287.4449462890625,288.6285095214844,288.9419860839844,293.1499938964844,293.1499938964844,278.1499938964844,0.0,18000.0,313.1499938964844,0.0,18000.0,0.0,0.0,0.0,0.0,0.0,0.0,0.0,0.0,0.0,-0.0,0.0,0.0,-7.778098853284027e-21,-3.889049426642014e-21,-3.889049426642014e-21,0.0,0.0,-0.0,0.0,0.0,0.0,-0.0,0.0,0.0,0.0,0.0,0.0,4.0,0.0,0.0
12122520,297.4804382324219,297.1499938964844,293.1499938964844,0.0,-0.0,288.40576171875,0.996232569217682,0.2200477421283722,0.1969387680292129,297.1878967285156,297.1499938964844,293.1499938964844,0.0,-0.0,288.4010925292969,0.7547115087509155,0.0952395871281623,0.0905181840062141,297.25225830078125,297.1499938964844,293.1499938964844,0.0,-0.0,288.4044189453125,0.8932271599769592,0.1591041684150695,0.1113489270210266,297.2199401855469,297.1499938964844,293.1499938964844,0.0,-0.0,288.39373779296875,0.6111958026885986,0.050000000745058,0.0478945598006248,297.1962890625,297.1499938964844,293.1499938964844,0.0,-0.0,288.40283203125,0.8167186975479126,0.1205802261829376,0.543077826499939,288.4049072265625,288.45001220703125,288.57666015625,285.3056945800781,288.572265625,297.393798828125,288.414794921875,1.0,0.2235998511314392,1.0,1.0,0.0,1.0,-1.1877120733261108,1.187710881233215,1.224856305270805e-06,0.9032605886459352,0.0,0.0,0.0,22.372386932373047,25.0,131.83074951171875,-0.0,140.77186584472656,1.0,283.1644592285156,287.4449462890625,288.6285095214844,288.9419860839844,293.1499938964844,293.1499938964844,278.1499938964844,0.0,18000.0,313.1499938964844,0.0,18000.0,0.0,0.0,0.0,0.0,0.0,0.0,0.0,0.0,0.0,-0.0,0.0,0.0,-7.778098853284027e-21,-3.889049426642014e-21,-3.889049426642014e-21,0.0,0.0,-0.0,0.0,0.0,0.0,-0.0,0.0,0.0,0.0,0.0,0.0,4.0,0.0,0.0
12122580,297.49981689453125,297.1499938964844,293.1499938964844,0.0,-0.0,288.5006408691406,0.9950193762779236,0.2261727005243301,0.202037051320076,297.1908569335937,297.1499938964844,293.1499938964844,0.0,-0.0,288.49615478515625,0.749367892742157,0.096019446849823,0.0912830233573913,297.2532043457031,297.1499938964844,293.1499938964844,0.0,-0.0,288.4994201660156,0.8866330981254578,0.1604957580566406,0.1123403012752533,297.2239990234375,297.1499938964844,293.1499938964844,0.0,-0.0,288.4887084960937,0.6046997308731079,0.050000000745058,0.0479239784181118,297.1982727050781,297.1499938964844,293.1499938964844,0.0,-0.0,288.49786376953125,0.8104838728904724,0.1213666722178459,0.5467119216918945,288.4998779296875,288.54998779296875,288.6700134277344,285.318603515625,288.66558837890625,297.4050598144531,288.50946044921875,1.0,0.224583014845848,1.0,1.0,0.0,1.0,-1.1857318878173828,1.1857306957244873,1.2215796232339926e-06,0.9019004106521606,0.0,0.0,0.0,23.09318923950196,25.0,131.3585968017578,-0.0,143.4183807373047,1.0,283.1644592285156,287.4449462890625,288.6285095214844,288.9419860839844,293.1499938964844,293.1499938964844,278.1499938964844,0.0,18000.0,313.1499938964844,0.0,18000.0,0.0,0.0,0.0,0.0,0.0,0.0,0.0,0.0,0.0,-0.0,0.0,0.0,-7.778098853284027e-21,-3.889049426642014e-21,-3.889049426642014e-21,0.0,0.0,-0.0,0.0,0.0,0.0,-0.0,0.0,0.0,0.0,0.0,0.0,4.0,0.0,0.0
12122640,297.49981689453125,297.1499938964844,293.1499938964844,0.0,-0.0,288.5006408691406,0.9950193762779236,0.2261727005243301,0.202037051320076,297.1908569335937,297.1499938964844,293.1499938964844,0.0,-0.0,288.49615478515625,0.749367892742157,0.096019446849823,0.0912830233573913,297.2532043457031,297.1499938964844,293.1499938964844,0.0,-0.0,288.4994201660156,0.8866330981254578,0.1604957580566406,0.1123403012752533,297.2239990234375,297.1499938964844,293.1499938964844,0.0,-0.0,288.4887084960937,0.6046997308731079,0.050000000745058,0.0479239784181118,297.1982727050781,297.1499938964844,293.1499938964844,0.0,-0.0,288.49786376953125,0.8104838728904724,0.1213666722178459,0.5467119216918945,288.4998779296875,288.54998779296875,288.6700134277344,285.318603515625,288.66558837890625,297.4050598144531,288.50946044921875,1.0,0.224583014845848,1.0,1.0,0.0,1.0,-1.1857318878173828,1.1857306957244873,1.2215796232339926e-06,0.9019004106521606,0.0,0.0,0.0,23.09318923950196,25.0,131.3585968017578,-0.0,143.4183807373047,1.0,283.1644592285156,287.4449462890625,288.6285095214844,288.9419860839844,293.1499938964844,293.1499938964844,278.1499938964844,0.0,18000.0,313.1499938964844,0.0,18000.0,0.0,0.0,0.0,0.0,0.0,0.0,0.0,0.0,0.0,-0.0,0.0,0.0,-7.778098853284027e-21,-3.889049426642014e-21,-3.889049426642014e-21,0.0,0.0,-0.0,0.0,0.0,0.0,-0.0,0.0,0.0,0.0,0.0,0.0,4.0,0.0,0.0
12122700,297.5126342773437,297.1499938964844,293.1499938964844,0.0,-0.0,288.5473937988281,0.9842858910560608,0.229647159576416,0.192557081580162,297.1924133300781,297.1499938964844,293.1499938964844,0.0,-0.0,288.5429077148437,0.7521527409553528,0.0964317396283149,0.0916564613580703,297.2537841796875,297.1499938964844,293.1499938964844,0.0,-0.0,288.5461730957031,0.8902249336242676,0.1612051874399185,0.1128272786736488,297.22613525390625,297.1499938964844,293.1499938964844,0.0,-0.0,288.5354919433594,0.6063045263290405,0.050000000745058,0.0479165650904178,297.1994934082031,297.1499938964844,293.1499938964844,0.0,-0.0,288.5445861816406,0.81333327293396,0.1217918768525123,0.5485329031944275,288.546630859375,288.54998779296875,288.7166748046875,285.3247375488281,288.7122802734375,297.41485595703125,288.5563659667969,1.0,0.225117489695549,1.0,1.0,0.0,1.0,-1.192283272743225,1.1922820806503296,1.2328868024269468e-06,0.9069442749023438,0.0,0.0,0.0,22.99678039550781,25.0,131.2369842529297,-0.0,143.30615234375,1.0,283.1644592285156,287.4449462890625,288.6285095214844,288.9419860839844,293.1499938964844,293.1499938964844,278.1499938964844,0.0,18000.0,313.1499938964844,0.0,18000.0,0.0,0.0,0.0,0.0,0.0,0.0,0.0,0.0,0.0,-0.0,0.0,0.0,-7.778098853284027e-21,-3.889049426642014e-21,-3.889049426642014e-21,0.0,0.0,-0.0,0.0,0.0,0.0,-0.0,0.0,0.0,0.0,0.0,0.0,4.0,0.0,0.0
12122760,297.5260009765625,297.1499938964844,293.1499938964844,0.0,-0.0,288.5944519042969,0.9836245179176332,0.2332559525966644,0.192169189453125,297.1939392089844,297.1499938964844,293.1499938964844,0.0,-0.0,288.5900573730469,0.7531048655509949,0.0968507826328277,0.0920475125312805,297.2543640136719,297.1499938964844,293.1499938964844,0.0,-0.0,288.5932922363281,0.8914598822593689,0.1619181782007217,0.1133222356438636,297.228271484375,297.1499938964844,293.1499938964844,0.0,-0.0,288.5826110839844,0.6062324047088623,0.050000000745058,0.0479168780148029,297.2007751464844,297.1499938964844,293.1499938964844,0.0,-0.0,288.5917358398437,0.814163327217102,0.1222309097647667,0.5504615902900696,288.5937194824219,288.6499938964844,288.7633361816406,285.3306884765625,288.75897216796875,297.4244079589844,288.6034545898437,1.0,0.2255856245756149,1.0,1.0,0.0,1.0,-1.1952776908874512,1.1952764987945557,1.238094796462974e-06,0.9092701077461244,0.0,0.0,0.0,23.047075271606445,25.0,131.12786865234375,-0.0,144.2457733154297,1.0,283.1644592285156,287.4449462890625,288.6285095214844,288.9419860839844,293.1499938964844,293.1499938964844,278.1499938964844,0.0,18000.0,313.1499938964844,0.0,18000.0,0.0,0.0,0.0,0.0,0.0,0.0,0.0,0.0,0.0,-0.0,0.0,0.0,-7.778098853284027e-21,-3.889049426642014e-21,-3.889049426642014e-21,0.0,0.0,-0.0,0.0,0.0,0.0,-0.0,0.0,0.0,0.0,0.0,0.0,4.0,0.0,0.0
12122820,297.5512084960937,297.1499938964844,293.1499938964844,0.0,-0.0,288.6886901855469,0.9834110140800476,0.2405760884284973,0.1917392760515213,297.1970520019531,297.1499938964844,293.1499938964844,0.0,-0.0,288.6843566894531,0.7556156516075134,0.0977224111557006,0.0928596258163452,297.255615234375,297.1499938964844,293.1499938964844,0.0,-0.0,288.68756103515625,0.8946223258972168,0.1633682698011398,0.114327386021614,297.232666015625,297.1499938964844,293.1499938964844,0.0,-0.0,288.6768493652344,0.6065499186515808,0.050000000745058,0.0479153804481029,297.2035217285156,297.1499938964844,293.1499938964844,0.0,-0.0,288.6860046386719,0.8164632320404053,0.1231543198227882,0.5545289516448975,288.68798828125,288.75,288.8566589355469,285.3421325683594,288.8523254394531,297.44287109375,288.6976623535156,1.0,0.2265110313892364,1.0,1.0,0.0,1.0,-1.20176899433136,1.2017678022384644,1.249382080459327e-06,0.9142479300498962,0.0,0.0,0.0,23.100400924682617,28.0,131.08596801757812,-0.0,146.2108917236328,1.0,283.1644592285156,287.4449462890625,288.6285095214844,288.9419860839844,293.1499938964844,293.1499938964844,278.1499938964844,0.0,18000.0,313.1499938964844,0.0,18000.0,0.0,0.0,0.0,0.0,0.0,0.0,0.0,0.0,0.0,-0.0,0.0,0.0,-7.778098853284027e-21,-3.889049426642014e-21,-3.889049426642014e-21,0.0,0.0,-0.0,0.0,0.0,0.0,-0.0,0.0,0.0,0.0,0.0,0.0,4.0,0.0,0.0
12122880,297.5512084960937,297.1499938964844,293.1499938964844,0.0,-0.0,288.6886901855469,0.9834110140800476,0.2405760884284973,0.1917392760515213,297.1970520019531,297.1499938964844,293.1499938964844,0.0,-0.0,288.6843566894531,0.7556156516075134,0.0977224111557006,0.0928596258163452,297.255615234375,297.1499938964844,293.1499938964844,0.0,-0.0,288.68756103515625,0.8946223258972168,0.1633682698011398,0.114327386021614,297.232666015625,297.1499938964844,293.1499938964844,0.0,-0.0,288.6768493652344,0.6065499186515808,0.050000000745058,0.0479153804481029,297.2035217285156,297.1499938964844,293.1499938964844,0.0,-0.0,288.6860046386719,0.8164632320404053,0.1231543198227882,0.5545289516448975,288.68798828125,288.75,288.8566589355469,285.3421325683594,288.8523254394531,297.44287109375,288.6976623535156,1.0,0.2265110313892364,1.0,1.0,0.0,1.0,-1.20176899433136,1.2017678022384644,1.249382080459327e-06,0.9142479300498962,0.0,0.0,0.0,23.100400924682617,28.0,131.08596801757812,-0.0,146.2108917236328,1.0,283.1644592285156,287.4449462890625,288.6285095214844,288.9419860839844,293.1499938964844,293.1499938964844,278.1499938964844,0.0,18000.0,313.1499938964844,0.0,18000.0,0.0,0.0,0.0,0.0,0.0,0.0,0.0,0.0,0.0,-0.0,0.0,0.0,-7.778098853284027e-21,-3.889049426642014e-21,-3.889049426642014e-21,0.0,0.0,-0.0,0.0,0.0,0.0,-0.0,0.0,0.0,0.0,0.0,0.0,4.0,0.0,0.0
12122940,297.57232666015625,297.1499938964844,293.1499938964844,0.0,-0.0,288.7830810546875,0.9848842620849608,0.2478056699037552,0.1947741508483886,297.2002868652344,297.1499938964844,293.1499938964844,0.0,-0.0,288.7787475585937,0.7553381323814392,0.0986444279551506,0.0937294512987136,297.257080078125,297.1499938964844,293.1499938964844,0.0,-0.0,288.78192138671875,0.8941883444786072,0.1648547798395156,0.1153656393289566,297.2373046875,297.1499938964844,293.1499938964844,0.0,-0.0,288.7711486816406,0.6043044328689575,0.050000000745058,0.0479256510734558,297.2064514160156,297.1499938964844,293.1499938964844,0.0,-0.0,288.7803649902344,0.8157863020896912,0.1241283789277076,0.5588949918746948,288.7823486328125,288.8500061035156,288.95001220703125,285.3531494140625,288.9457092285156,297.4590759277344,288.7919921875,1.0,0.2287162244319915,1.0,1.0,0.0,1.0,-1.2129522562026978,1.2129509449005127,1.2691361916949973e-06,0.9230019450187684,0.0,0.0,0.0,23.52180862426757,31.0,131.24464416503906,-0.0,150.30909729003906,1.0,283.1644592285156,287.4449462890625,288.6285095214844,288.9419860839844,293.1499938964844,293.1499938964844,278.1499938964844,0.0,18000.0,313.1499938964844,0.0,18000.0,0.0,0.0,0.0,0.0,0.0,0.0,0.0,0.0,0.0,-0.0,0.0,0.0,-7.778098853284027e-21,-3.889049426642014e-21,-3.889049426642014e-21,0.0,0.0,-0.0,0.0,0.0,0.0,-0.0,0.0,0.0,0.0,0.0,0.0,4.0,0.0,0.0
12123000,297.57232666015625,297.1499938964844,293.1499938964844,0.0,-0.0,288.7830810546875,0.9848842620849608,0.2478056699037552,0.1947741508483886,297.2002868652344,297.1499938964844,293.1499938964844,0.0,-0.0,288.7787475585937,0.7553381323814392,0.0986444279551506,0.0937294512987136,297.257080078125,297.1499938964844,293.1499938964844,0.0,-0.0,288.78192138671875,0.8941883444786072,0.1648547798395156,0.1153656393289566,297.2373046875,297.1499938964844,293.1499938964844,0.0,-0.0,288.7711486816406,0.6043044328689575,0.050000000745058,0.0479256510734558,297.2064514160156,297.1499938964844,293.1499938964844,0.0,-0.0,288.7803649902344,0.8157863020896912,0.1241283789277076,0.5588949918746948,288.7823486328125,288.8500061035156,288.95001220703125,285.3531494140625,288.9457092285156,297.4590759277344,288.7919921875,1.0,0.2287162244319915,1.0,1.0,0.0,1.0,-1.2129522562026978,1.2129509449005127,1.2691361916949973e-06,0.9230019450187684,0.0,0.0,0.0,23.52180862426757,31.0,131.24464416503906,-0.0,150.30909729003906,1.0,283.1644592285156,287.4449462890625,288.6285095214844,288.9419860839844,293.1499938964844,293.1499938964844,278.1499938964844,0.0,18000.0,313.1499938964844,0.0,18000.0,0.0,0.0,0.0,0.0,0.0,0.0,0.0,0.0,0.0,-0.0,0.0,0.0,-7.778098853284027e-21,-3.889049426642014e-21,-3.889049426642014e-21,0.0,0.0,-0.0,0.0,0.0,0.0,-0.0,0.0,0.0,0.0,0.0,0.0,4.0,0.0,0.0
12123060,297.5849609375,297.1499938964844,293.1499938964844,0.0,-0.0,288.87799072265625,0.9877455830574036,0.2544460892677307,0.2012034654617309,297.2035827636719,297.1499938964844,293.1499938964844,0.0,-0.0,288.87359619140625,0.7523653507232666,0.0996164977550506,0.0946592837572097,297.2586975097656,297.1499938964844,293.1499938964844,0.0,-0.0,288.87677001953125,0.8902654647827148,0.1663747578859329,0.116437017917633,297.2420959472656,297.1499938964844,293.1499938964844,0.0,-0.0,288.8658752441406,0.5995225310325623,0.050000000745058,0.0479480773210525,297.2091979980469,297.1499938964844,293.1499938964844,0.0,-0.0,288.8752136230469,0.8121428489685059,0.1251227110624313,0.5634484887123108,288.877197265625,288.95001220703125,289.0433349609375,285.3639831542969,289.0390930175781,297.46905517578125,288.88677978515625,1.0,0.2319968342781067,1.0,1.0,0.0,1.0,-1.2285627126693726,1.2285614013671875,1.2971466958333622e-06,0.935328722000122,0.0,0.0,0.0,24.319726943969727,34.0,131.6243133544922,-0.0,156.58155822753906,1.0,283.1644592285156,287.4449462890625,288.6285095214844,288.9419860839844,293.1499938964844,293.1499938964844,278.1499938964844,0.0,18000.0,313.1499938964844,0.0,18000.0,0.0,0.0,0.0,0.0,0.0,0.0,0.0,0.0,0.0,-0.0,0.0,0.0,-7.778098853284027e-21,-3.889049426642014e-21,-3.889049426642014e-21,0.0,0.0,-0.0,0.0,0.0,0.0,-0.0,0.0,0.0,0.0,0.0,0.0,4.0,0.0,0.0
12123120,297.5849609375,297.1499938964844,293.1499938964844,0.0,-0.0,288.87799072265625,0.9877455830574036,0.2544460892677307,0.2012034654617309,297.2035827636719,297.1499938964844,293.1499938964844,0.0,-0.0,288.87359619140625,0.7523653507232666,0.0996164977550506,0.0946592837572097,297.2586975097656,297.1499938964844,293.1499938964844,0.0,-0.0,288.87677001953125,0.8902654647827148,0.1663747578859329,0.116437017917633,297.2420959472656,297.1499938964844,293.1499938964844,0.0,-0.0,288.8658752441406,0.5995225310325623,0.050000000745058,0.0479480773210525,297.2091979980469,297.1499938964844,293.1499938964844,0.0,-0.0,288.8752136230469,0.8121428489685059,0.1251227110624313,0.5634484887123108,288.877197265625,288.95001220703125,289.0433349609375,285.3639831542969,289.0390930175781,297.46905517578125,288.88677978515625,1.0,0.2319968342781067,1.0,1.0,0.0,1.0,-1.2285627126693726,1.2285614013671875,1.2971466958333622e-06,0.935328722000122,0.0,0.0,0.0,24.319726943969727,34.0,131.6243133544922,-0.0,156.58155822753906,1.0,283.1644592285156,287.4449462890625,288.6285095214844,288.9419860839844,293.1499938964844,293.1499938964844,278.1499938964844,0.0,18000.0,313.1499938964844,0.0,18000.0,0.0,0.0,0.0,0.0,0.0,0.0,0.0,0.0,0.0,-0.0,0.0,0.0,-7.778098853284027e-21,-3.889049426642014e-21,-3.889049426642014e-21,0.0,0.0,-0.0,0.0,0.0,0.0,-0.0,0.0,0.0,0.0,0.0,0.0,4.0,0.0,0.0
12123180,297.5896301269531,297.1499938964844,293.1499938964844,0.0,-0.0,288.97332763671875,0.991230010986328,0.260437399148941,0.210316851735115,297.2069702148437,297.1499938964844,293.1499938964844,0.0,-0.0,288.9688720703125,0.7473745346069336,0.1006383299827575,0.0956471115350723,297.2604064941406,297.1499938964844,293.1499938964844,0.0,-0.0,288.9720153808594,0.8836604356765747,0.1679253131151199,0.1175382435321807,297.2470397949219,297.1499938964844,293.1499938964844,0.0,-0.0,288.9610595703125,0.5926722288131714,0.050000000745058,0.047981534153223,297.2115478515625,297.1499938964844,293.1499938964844,0.0,-0.0,288.970458984375,0.8059624433517456,0.1261120736598968,0.5680564641952515,288.97247314453125,289.04998779296875,289.1366577148437,285.3748474121094,289.1324768066406,297.47265625,288.9819641113281,1.0,0.2361804693937301,1.0,1.0,0.0,1.0,-1.2475794553756714,1.2475781440734863,1.331979660790239e-06,0.950530767440796,0.0,0.0,0.0,25.45492172241211,37.0,132.0447235107422,-0.0,164.76502990722656,1.0,283.1644592285156,287.4449462890625,288.6285095214844,288.9419860839844,293.1499938964844,293.1499938964844,278.1499938964844,0.0,18000.0,313.1499938964844,0.0,18000.0,0.0,0.0,0.0,0.0,0.0,0.0,0.0,0.0,0.0,-0.0,0.0,0.0,-7.778098853284027e-21,-3.889049426642014e-21,-3.889049426642014e-21,0.0,0.0,-0.0,0.0,0.0,0.0,-0.0,0.0,0.0,0.0,0.0,0.0,4.0,0.0,0.0
12123240,297.5896301269531,297.1499938964844,293.1499938964844,0.0,-0.0,288.97332763671875,0.991230010986328,0.260437399148941,0.210316851735115,297.2069702148437,297.1499938964844,293.1499938964844,0.0,-0.0,288.9688720703125,0.7473745346069336,0.1006383299827575,0.0956471115350723,297.2604064941406,297.1499938964844,293.1499938964844,0.0,-0.0,288.9720153808594,0.8836604356765747,0.1679253131151199,0.1175382435321807,297.2470397949219,297.1499938964844,293.1499938964844,0.0,-0.0,288.9610595703125,0.5926722288131714,0.050000000745058,0.047981534153223,297.2115478515625,297.1499938964844,293.1499938964844,0.0,-0.0,288.970458984375,0.8059624433517456,0.1261120736598968,0.5680564641952515,288.97247314453125,289.04998779296875,289.1366577148437,285.3748474121094,289.1324768066406,297.47265625,288.9819641113281,1.0,0.2361804693937301,1.0,1.0,0.0,1.0,-1.2475794553756714,1.2475781440734863,1.331979660790239e-06,0.950530767440796,0.0,0.0,0.0,25.45492172241211,37.0,132.0447235107422,-0.0,164.76502990722656,1.0,283.1644592285156,287.4449462890625,288.6285095214844,288.9419860839844,293.1499938964844,293.1499938964844,278.1499938964844,0.0,18000.0,313.1499938964844,0.0,18000.0,0.0,0.0,0.0,0.0,0.0,0.0,0.0,0.0,0.0,-0.0,0.0,0.0,-7.778098853284027e-21,-3.889049426642014e-21,-3.889049426642014e-21,0.0,0.0,-0.0,0.0,0.0,0.0,-0.0,0.0,0.0,0.0,0.0,0.0,4.0,0.0,0.0
12123300,297.5893859863281,297.1499938964844,293.1499938964844,0.0,-0.0,289.0211486816406,0.9929900765419006,0.2631974518299103,0.2156988233327865,297.20867919921875,297.1499938964844,293.1499938964844,0.0,-0.0,289.0166320800781,0.7442908883094788,0.101168043911457,0.0961628183722496,297.26129150390625,297.1499938964844,293.1499938964844,0.0,-0.0,289.019775390625,0.8795526027679443,0.1687114685773849,0.1180995181202888,297.2495422363281,297.1499938964844,293.1499938964844,0.0,-0.0,289.0087585449219,0.5885779857635498,0.050000000745058,0.0480023324489593,297.2125549316406,297.1499938964844,293.1499938964844,0.0,-0.0,289.0182189941406,0.8020033240318298,0.1266003251075744,0.5703557133674622,289.0202331542969,289.0226745605469,289.1833190917969,285.3803405761719,289.17919921875,297.47235107421875,289.0296630859375,1.0,0.2385633885860443,1.0,1.0,0.0,1.0,-1.2581167221069336,1.2581154108047483,1.3515757473214762e-06,0.958989143371582,0.0,0.0,0.0,26.143957138061523,37.0,132.24513244628906,-0.0,169.5260467529297,1.0,283.1644592285156,287.4449462890625,288.6285095214844,288.9419860839844,293.1499938964844,293.1499938964844,278.1499938964844,0.0,18000.0,313.1499938964844,0.0,18000.0,0.0,0.0,0.0,0.0,0.0,0.0,0.0,0.0,0.0,-0.0,0.0,0.0,-7.778098853284027e-21,-3.889049426642014e-21,-3.889049426642014e-21,0.0,0.0,-0.0,0.0,0.0,0.0,-0.0,0.0,0.0,0.0,0.0,0.0,4.0,0.0,0.0
12123360,297.5876770019531,297.1499938964844,293.1499938964844,0.0,-0.0,289.0690612792969,0.9946560859680176,0.2658127844333648,0.2215206772089004,297.2104187011719,297.1499938964844,293.1499938964844,0.0,-0.0,289.0644836425781,0.7409030199050903,0.1017104461789131,0.0966931656002998,297.26220703125,297.1499938964844,293.1499938964844,0.0,-0.0,289.0675964355469,0.8750200271606445,0.1695047169923782,0.118667759001255,297.2520751953125,297.1499938964844,293.1499938964844,0.0,-0.0,289.0565795898437,0.5841007232666016,0.050000000745058,0.0480258204042911,297.21343994140625,297.1499938964844,293.1499938964844,0.0,-0.0,289.0660400390625,0.7976083159446716,0.1270831525325775,0.572644829750061,289.0680847167969,289.0827941894531,289.2300109863281,285.3859558105469,289.22589111328125,297.4708557128906,289.07745361328125,1.0,0.2411153614521026,1.0,1.0,0.0,1.0,-1.269199252128601,1.269197940826416,1.3724414884563885e-06,0.9679424166679382,0.0,0.0,0.0,26.91228675842285,25.0,132.4293212890625,-0.0,174.70596313476562,1.0,283.1644592285156,287.4449462890625,288.6285095214844,288.9419860839844,293.1499938964844,293.1499938964844,278.1499938964844,0.0,18000.0,313.1499938964844,0.0,18000.0,0.0,0.0,0.0,0.0,0.0,0.0,0.0,0.0,0.0,-0.0,0.0,0.0,-7.778098853284027e-21,-3.889049426642014e-21,-3.889049426642014e-21,0.0,0.0,-0.0,0.0,0.0,0.0,-0.0,0.0,0.0,0.0,0.0,0.0,4.0,0.0,0.0
12123420,297.59405517578125,297.1499938964844,293.1499938964844,0.0,-0.0,289.16070556640625,0.9935683012008668,0.2717531621456146,0.2176246792078018,297.213623046875,297.1499938964844,293.1499938964844,0.0,-0.0,289.15631103515625,0.7464037537574768,0.1027698293328285,0.0976725816726684,297.2637939453125,297.1499938964844,293.1499938964844,0.0,-0.0,289.1593322753906,0.8816553354263306,0.1710314154624939,0.11971977353096,297.2567749023437,297.1499938964844,293.1499938964844,0.0,-0.0,289.1483764648437,0.5871025323867798,0.050000000745058,0.0480098761618137,297.2148132324219,297.1499938964844,293.1499938964844,0.0,-0.0,289.1578063964844,0.8032061457633972,0.1279926747083664,0.5766582489013672,289.1597900390625,289.0075378417969,289.3196105957031,285.39703369140625,289.31549072265625,297.47198486328125,289.1689147949219,1.0,0.2404191792011261,1.0,1.0,0.0,1.0,-1.2717729806900024,1.2717715501785278,1.37751453621604e-06,0.9702464938163756,0.0,0.0,0.0,26.55433464050293,25.0,132.03697204589844,-0.0,174.7581024169922,1.0,283.1644592285156,287.4449462890625,288.6285095214844,288.9419860839844,293.1499938964844,293.1499938964844,278.1499938964844,0.0,18000.0,313.1499938964844,0.0,18000.0,0.0,0.0,0.0,0.0,0.0,0.0,0.0,0.0,0.0,-0.0,0.0,0.0,-7.778098853284027e-21,-3.889049426642014e-21,-3.889049426642014e-21,0.0,0.0,-0.0,0.0,0.0,0.0,-0.0,0.0,0.0,0.0,0.0,0.0,4.0,0.0,0.0
12123480,297.5949401855469,297.1499938964844,293.1499938964844,0.0,-0.0,289.1644897460937,0.9934228658676147,0.2720614969730377,0.2171316146850586,297.2137756347656,297.1499938964844,293.1499938964844,0.0,-0.0,289.1600952148437,0.746902585029602,0.1028148382902145,0.0977127328515052,297.2638854980469,297.1499938964844,293.1499938964844,0.0,-0.0,289.1631164550781,0.8822729587554932,0.171095535159111,0.1197628527879715,297.2569885253906,297.1499938964844,293.1499938964844,0.0,-0.0,289.15216064453125,0.5874807238578796,0.050000000745058,0.0480079017579555,297.2148742675781,297.1499938964844,293.1499938964844,0.0,-0.0,289.1615905761719,0.8037492036819458,0.1280315220355987,0.5768200159072876,289.16357421875,289.1009216308594,289.3233337402344,285.39752197265625,289.3192443847656,297.472412109375,289.1726989746094,1.0,0.2402902990579605,1.0,1.0,0.0,1.0,-1.2714731693267822,1.2714718580245972,1.3769491715720503e-06,0.9700080156326294,0.0,0.0,0.0,26.49968910217285,28.0,131.9920654296875,-0.0,174.54336547851562,1.0,283.1644592285156,287.4449462890625,288.6285095214844,288.9419860839844,293.1499938964844,293.1499938964844,278.1499938964844,0.0,18000.0,313.1499938964844,0.0,18000.0,0.0,0.0,0.0,0.0,0.0,0.0,0.0,0.0,0.0,-0.0,0.0,0.0,-7.778098853284027e-21,-3.889049426642014e-21,-3.889049426642014e-21,0.0,0.0,-0.0,0.0,0.0,0.0,-0.0,0.0,0.0,0.0,0.0,0.0,4.0,0.0,0.0
12123540,297.64501953125,297.1499938964844,293.1499938964844,0.0,-0.0,289.2587280273437,0.98173987865448,0.2826959192752838,0.1884812861680984,297.2177124023437,297.1499938964844,293.1499938964844,0.0,-0.0,289.2547607421875,0.7740433216094971,0.1040228381752967,0.0987244471907615,297.26617431640625,297.1499938964844,293.1499938964844,0.0,-0.0,289.25787353515625,0.916178286075592,0.1727718263864517,0.1208386644721031,297.2296447753906,297.1499938964844,293.1499938964844,0.0,-0.0,289.25457763671875,0.7726086378097534,0.1039934232831001,0.0981839224696159,297.2174377441406,297.1499938964844,293.1499938964844,0.0,-0.0,289.2562866210937,0.8313518166542053,0.1291110515594482,0.5809881687164307,289.2583923339844,289.1153259277344,289.4166564941406,285.4097900390625,289.41265869140625,297.5058288574219,289.2677307128906,1.0,0.2420406192541122,1.0,1.0,0.0,1.0,-1.3048092126846311,1.3048077821731567,1.4406620039153497e-06,0.9964112639427184,0.0,0.0,0.0,24.385284423828125,31.0,132.62728881835938,-0.0,180.8173217773437,1.0,283.1644592285156,287.4449462890625,288.6285095214844,288.9419860839844,293.1499938964844,293.1499938964844,278.1499938964844,0.0,18000.0,313.1499938964844,0.0,18000.0,0.0,0.0,0.0,0.0,0.0,0.0,0.0,0.0,0.0,-0.0,0.0,0.0,-7.778098853284027e-21,-3.889049426642014e-21,-3.889049426642014e-21,0.0,0.0,-0.0,0.0,0.0,0.0,-0.0,0.0,0.0,0.0,0.0,0.0,4.0,0.0,0.0
12123600,297.64501953125,297.1499938964844,293.1499938964844,0.0,-0.0,289.2587280273437,0.98173987865448,0.2826959192752838,0.1884812861680984,297.2177124023437,297.1499938964844,293.1499938964844,0.0,-0.0,289.2547607421875,0.7740433216094971,0.1040228381752967,0.0987244471907615,297.26617431640625,297.1499938964844,293.1499938964844,0.0,-0.0,289.25787353515625,0.916178286075592,0.1727718263864517,0.1208386644721031,297.2296447753906,297.1499938964844,293.1499938964844,0.0,-0.0,289.25457763671875,0.7726086378097534,0.1039934232831001,0.0981839224696159,297.2174377441406,297.1499938964844,293.1499938964844,0.0,-0.0,289.2562866210937,0.8313518166542053,0.1291110515594482,0.5809881687164307,289.2583923339844,289.1153259277344,289.4166564941406,285.4097900390625,289.41265869140625,297.5058288574219,289.2677307128906,1.0,0.2420406192541122,1.0,1.0,0.0,1.0,-1.3048092126846311,1.3048077821731567,1.4406620039153497e-06,0.9964112639427184,0.0,0.0,0.0,24.385284423828125,31.0,132.62728881835938,-0.0,180.8173217773437,1.0,283.1644592285156,287.4449462890625,288.6285095214844,288.9419860839844,293.1499938964844,293.1499938964844,278.1499938964844,0.0,18000.0,313.1499938964844,0.0,18000.0,0.0,0.0,0.0,0.0,0.0,0.0,0.0,0.0,0.0,-0.0,0.0,0.0,-7.778098853284027e-21,-3.889049426642014e-21,-3.889049426642014e-21,0.0,0.0,-0.0,0.0,0.0,0.0,-0.0,0.0,0.0,0.0,0.0,0.0,4.0,0.0,0.0
12123660,297.6888122558594,297.1499938964844,293.1499938964844,0.0,-0.0,289.3548583984375,0.9848079085350036,0.2934534847736358,0.194609522819519,297.2215270996094,297.1499938964844,293.1499938964844,0.0,-0.0,289.3509826660156,0.7716435790061951,0.1052649617195129,0.0999118983745575,297.2684020996094,297.1499938964844,293.1499938964844,0.0,-0.0,289.3539733886719,0.912262499332428,0.1744686961174011,0.1220343559980392,297.1790466308594,297.1499938964844,293.1499938964844,0.0,-0.0,289.3507080078125,0.7612740397453308,0.0998441129922866,0.0959417000412941,297.2200622558594,297.1499938964844,293.1499938964844,0.0,-0.0,289.3524475097656,0.8281611800193787,0.1302312314510345,0.5861098766326904,289.3544921875,289.1260070800781,289.510009765625,285.4230041503906,289.50604248046875,297.5887145996094,289.3634338378906,1.0,0.2449355572462082,1.0,1.0,0.0,1.0,-1.3184844255447388,1.3184828758239746,1.4670899872726295e-06,1.0069525241851809,0.0,0.0,0.0,25.119176864624023,34.0,132.5201873779297,-0.0,187.0562744140625,1.0,283.1644592285156,287.4449462890625,288.6285095214844,288.9419860839844,293.1499938964844,293.1499938964844,278.1499938964844,0.0,18000.0,313.1499938964844,0.0,18000.0,0.0,0.0,0.0,0.0,0.0,0.0,0.0,0.0,0.0,-0.0,0.0,0.0,-7.778098853284027e-21,-3.889049426642014e-21,-3.889049426642014e-21,0.0,0.0,-0.0,0.0,0.0,0.0,-0.0,0.0,0.0,0.0,0.0,0.0,4.0,0.0,0.0
12123720,297.6888122558594,297.1499938964844,293.1499938964844,0.0,-0.0,289.3548583984375,0.9848079085350036,0.2934534847736358,0.194609522819519,297.2215270996094,297.1499938964844,293.1499938964844,0.0,-0.0,289.3509826660156,0.7716435790061951,0.1052649617195129,0.0999118983745575,297.2684020996094,297.1499938964844,293.1499938964844,0.0,-0.0,289.3539733886719,0.912262499332428,0.1744686961174011,0.1220343559980392,297.1790466308594,297.1499938964844,293.1499938964844,0.0,-0.0,289.3507080078125,0.7612740397453308,0.0998441129922866,0.0959417000412941,297.2200622558594,297.1499938964844,293.1499938964844,0.0,-0.0,289.3524475097656,0.8281611800193787,0.1302312314510345,0.5861098766326904,289.3544921875,289.1260070800781,289.510009765625,285.4230041503906,289.50604248046875,297.5887145996094,289.3634338378906,1.0,0.2449355572462082,1.0,1.0,0.0,1.0,-1.3184844255447388,1.3184828758239746,1.4670899872726295e-06,1.0069525241851809,0.0,0.0,0.0,25.119176864624023,34.0,132.5201873779297,-0.0,187.0562744140625,1.0,283.1644592285156,287.4449462890625,288.6285095214844,288.9419860839844,293.1499938964844,293.1499938964844,278.1499938964844,0.0,18000.0,313.1499938964844,0.0,18000.0,0.0,0.0,0.0,0.0,0.0,0.0,0.0,0.0,0.0,-0.0,0.0,0.0,-7.778098853284027e-21,-3.889049426642014e-21,-3.889049426642014e-21,0.0,0.0,-0.0,0.0,0.0,0.0,-0.0,0.0,0.0,0.0,0.0,0.0,4.0,0.0,0.0
12123780,297.7025451660156,297.1499938964844,293.1499938964844,0.0,-0.0,289.45025634765625,0.988827347755432,0.3016889095306396,0.2038533836603164,297.2254638671875,297.1499938964844,293.1499938964844,0.0,-0.0,289.4463195800781,0.7666752338409424,0.1065697520971298,0.1011619940400123,297.270751953125,297.1499938964844,293.1499938964844,0.0,-0.0,289.4492492675781,0.9050706028938292,0.176206037402153,0.1232628971338272,297.1534729003906,297.1499938964844,293.1499938964844,0.0,-0.0,289.4457397460937,0.7470548748970032,0.0975981652736663,0.0934299528598785,297.2216491699219,297.1499938964844,293.1499938964844,0.0,-0.0,289.4477233886719,0.8221947550773621,0.1312818080186844,0.591076672077179,289.44976806640625,288.9510803222656,289.60333251953125,285.4374084472656,289.59942626953125,297.6291198730469,289.4586181640625,1.0,0.2487502694129943,1.0,1.0,0.0,1.0,-1.3355010747909546,1.33549964427948,1.5004721944933408e-06,1.0201236009597778,0.0,0.0,0.0,26.212236404418945,37.0,132.33255004882812,-0.0,195.39480590820312,1.0,283.1644592285156,287.4449462890625,288.6285095214844,288.9419860839844,293.1499938964844,293.1499938964844,278.1499938964844,0.0,18000.0,313.1499938964844,0.0,18000.0,0.0,0.0,0.0,0.0,0.0,0.0,0.0,0.0,0.0,-0.0,0.0,0.0,-7.778098853284027e-21,-3.889049426642014e-21,-3.889049426642014e-21,0.0,0.0,-0.0,0.0,0.0,0.0,-0.0,0.0,0.0,0.0,0.0,0.0,4.0,0.0,0.0
12123840,297.7025451660156,297.1499938964844,293.1499938964844,0.0,-0.0,289.45025634765625,0.988827347755432,0.3016889095306396,0.2038533836603164,297.2254638671875,297.1499938964844,293.1499938964844,0.0,-0.0,289.4463195800781,0.7666752338409424,0.1065697520971298,0.1011619940400123,297.270751953125,297.1499938964844,293.1499938964844,0.0,-0.0,289.4492492675781,0.9050706028938292,0.176206037402153,0.1232628971338272,297.1534729003906,297.1499938964844,293.1499938964844,0.0,-0.0,289.4457397460937,0.7470548748970032,0.0975981652736663,0.0934299528598785,297.2216491699219,297.1499938964844,293.1499938964844,0.0,-0.0,289.4477233886719,0.8221947550773621,0.1312818080186844,0.591076672077179,289.44976806640625,288.9510803222656,289.60333251953125,285.4374084472656,289.59942626953125,297.6291198730469,289.4586181640625,1.0,0.2487502694129943,1.0,1.0,0.0,1.0,-1.3355010747909546,1.33549964427948,1.5004721944933408e-06,1.0201236009597778,0.0,0.0,0.0,26.212236404418945,37.0,132.33255004882812,-0.0,195.39480590820312,1.0,283.1644592285156,287.4449462890625,288.6285095214844,288.9419860839844,293.1499938964844,293.1499938964844,278.1499938964844,0.0,18000.0,313.1499938964844,0.0,18000.0,0.0,0.0,0.0,0.0,0.0,0.0,0.0,0.0,0.0,-0.0,0.0,0.0,-7.778098853284027e-21,-3.889049426642014e-21,-3.889049426642014e-21,0.0,0.0,-0.0,0.0,0.0,0.0,-0.0,0.0,0.0,0.0,0.0,0.0,4.0,0.0,0.0
12123900,297.70458984375,297.1499938964844,293.1499938964844,0.0,-0.0,289.4980163574219,0.99081152677536,0.3053891956806183,0.2091235518455505,297.2275085449219,297.1499938964844,293.1499938964844,0.0,-0.0,289.4940490722656,0.763725996017456,0.1072503253817558,0.1018159314990043,297.27197265625,297.1499938964844,293.1499938964844,0.0,-0.0,289.4969482421875,0.9010223746299744,0.1770910322666168,0.1238907948136329,297.1469116210937,297.1499938964844,293.1499938964844,0.0,-0.0,289.4933166503906,0.741034209728241,0.0969750732183456,0.0927172824740409,297.2221374511719,297.1499938964844,293.1499938964844,0.0,-0.0,289.49542236328125,0.8185896873474121,0.1317820399999618,0.5934424996376038,289.4974670410156,288.9100036621094,289.6499938964844,285.4451599121094,289.6461181640625,297.63800048828125,289.5062866210937,1.0,0.250962883234024,1.0,1.0,0.0,1.0,-1.3453497886657717,1.345348238945007,1.520071123195521e-06,1.027800679206848,0.0,0.0,0.0,26.8633041381836,37.0,132.33856201171875,-0.0,200.3524169921875,1.0,283.1644592285156,287.4449462890625,288.6285095214844,288.9419860839844,293.1499938964844,293.1499938964844,278.1499938964844,0.0,18000.0,313.1499938964844,0.0,18000.0,0.0,0.0,0.0,0.0,0.0,0.0,0.0,0.0,0.0,-0.0,0.0,0.0,-7.778098853284027e-21,-3.889049426642014e-21,-3.889049426642014e-21,0.0,0.0,-0.0,0.0,0.0,0.0,-0.0,0.0,0.0,0.0,0.0,0.0,4.0,0.0,0.0
12123960,297.7047119140625,297.1499938964844,293.1499938964844,0.0,-0.0,289.5458374023437,0.9927011728286744,0.3089137375354767,0.214765265583992,297.2296447753906,297.1499938964844,293.1499938964844,0.0,-0.0,289.54180908203125,0.7605202198028564,0.1079487055540084,0.1024894341826438,297.2732238769531,297.1499938964844,293.1499938964844,0.0,-0.0,289.544677734375,0.8966391086578369,0.1779857724905014,0.1245274171233177,297.14306640625,297.1499938964844,293.1499938964844,0.0,-0.0,289.5409851074219,0.7354561686515808,0.0965760722756385,0.0922559201717376,297.2225036621094,297.1499938964844,293.1499938964844,0.0,-0.0,289.54315185546875,0.8146013617515564,0.1322758048772812,0.5957722067832947,289.54522705078125,288.7798767089844,289.6966552734375,285.4532775878906,289.6928100585937,297.6417541503906,289.5539855957031,1.0,0.2533564865589142,1.0,1.0,0.0,1.0,-1.355936884880066,1.3559353351593018,1.541419237582886e-06,1.0361506938934326,0.0,0.0,0.0,27.58523368835449,40.0,132.38197326660156,-0.0,205.806869506836,1.0,283.1644592285156,287.4449462890625,288.6285095214844,288.9419860839844,293.1499938964844,293.1499938964844,278.1499938964844,0.0,18000.0,313.1499938964844,0.0,18000.0,0.0,0.0,0.0,0.0,0.0,0.0,0.0,0.0,0.0,-0.0,0.0,0.0,-7.778098853284027e-21,-3.889049426642014e-21,-3.889049426642014e-21,0.0,0.0,-0.0,0.0,0.0,0.0,-0.0,0.0,0.0,0.0,0.0,0.0,4.0,0.0,0.0
12124020,297.701171875,297.1499938964844,293.1499938964844,0.0,-0.0,289.6415710449219,0.9959909319877625,0.3155849277973175,0.2269362956285476,297.23394775390625,297.1499938964844,293.1499938964844,0.0,-0.0,289.637451171875,0.7534987926483154,0.1093953177332878,0.1038916334509849,297.2757568359375,297.1499938964844,293.1499938964844,0.0,-0.0,289.6402893066406,0.8869590163230896,0.179802805185318,0.1258252412080764,297.1405639648437,297.1499938964844,293.1499938964844,0.0,-0.0,289.6365051269531,0.7249797582626343,0.0962288156151771,0.0918427109718322,297.2231750488281,297.1499938964844,293.1499938964844,0.0,-0.0,289.6387634277344,0.8054673671722412,0.1332636028528213,0.6004341840744019,289.6408386230469,288.6123962402344,289.7900085449219,285.4708251953125,289.7862243652344,297.63946533203125,289.64947509765625,1.0,0.2586179375648498,1.0,1.0,0.0,1.0,-1.3788878917694092,1.378886342048645,1.5886650999163976e-06,1.0545532703399658,0.0,0.0,0.0,29.24147605895996,43.0,132.51773071289062,-0.0,218.1139068603516,1.0,283.1644592285156,287.4449462890625,288.6285095214844,288.9419860839844,293.1499938964844,293.1499938964844,278.1499938964844,0.0,18000.0,313.1499938964844,0.0,18000.0,0.0,0.0,0.0,0.0,0.0,0.0,0.0,0.0,0.0,-0.0,0.0,0.0,-7.778098853284027e-21,-3.889049426642014e-21,-3.889049426642014e-21,0.0,0.0,-0.0,0.0,0.0,0.0,-0.0,0.0,0.0,0.0,0.0,0.0,4.0,0.0,0.0
12124080,297.701171875,297.1499938964844,293.1499938964844,0.0,-0.0,289.6415710449219,0.9959909319877625,0.3155849277973175,0.2269362956285476,297.23394775390625,297.1499938964844,293.1499938964844,0.0,-0.0,289.637451171875,0.7534987926483154,0.1093953177332878,0.1038916334509849,297.2757568359375,297.1499938964844,293.1499938964844,0.0,-0.0,289.6402893066406,0.8869590163230896,0.179802805185318,0.1258252412080764,297.1405639648437,297.1499938964844,293.1499938964844,0.0,-0.0,289.6365051269531,0.7249797582626343,0.0962288156151771,0.0918427109718322,297.2231750488281,297.1499938964844,293.1499938964844,0.0,-0.0,289.6387634277344,0.8054673671722412,0.1332636028528213,0.6004341840744019,289.6408386230469,288.6123962402344,289.7900085449219,285.4708251953125,289.7862243652344,297.63946533203125,289.64947509765625,1.0,0.2586179375648498,1.0,1.0,0.0,1.0,-1.3788878917694092,1.378886342048645,1.5886650999163976e-06,1.0545532703399658,0.0,0.0,0.0,29.24147605895996,43.0,132.51773071289062,-0.0,218.1139068603516,1.0,283.1644592285156,287.4449462890625,288.6285095214844,288.9419860839844,293.1499938964844,293.1499938964844,278.1499938964844,0.0,18000.0,313.1499938964844,0.0,18000.0,0.0,0.0,0.0,0.0,0.0,0.0,0.0,0.0,0.0,-0.0,0.0,0.0,-7.778098853284027e-21,-3.889049426642014e-21,-3.889049426642014e-21,0.0,0.0,-0.0,0.0,0.0,0.0,-0.0,0.0,0.0,0.0,0.0,0.0,4.0,0.0,0.0
12124140,297.6946105957031,297.1499938964844,293.1499938964844,0.0,-0.0,289.7374267578125,0.9983653426170348,0.3219037353992462,0.2399019300937652,297.23834228515625,297.1499938964844,293.1499938964844,0.0,-0.0,289.7332458496094,0.74590003490448,0.1109048426151275,0.1053635403513908,297.2783203125,297.1499938964844,293.1499938964844,0.0,-0.0,289.73602294921875,0.8763761520385742,0.1816562265157699,0.1271553039550781,297.1419982910156,297.1499938964844,293.1499938964844,0.0,-0.0,289.7322082519531,0.714562177658081,0.0962514653801918,0.0918487906455993,297.22393798828125,297.1499938964844,293.1499938964844,0.0,-0.0,289.7344970703125,0.7950860857963562,0.1342663466930389,0.605191171169281,289.7366027832031,288.4486694335937,289.8833312988281,285.4903259277344,289.8796081542969,297.630126953125,289.7450866699219,1.0,0.2643984258174896,1.0,1.0,0.0,1.0,-1.40353262424469,1.4035310745239258,1.6405092537752353e-06,1.0743746757507324,0.0,0.0,0.0,31.17601585388184,46.0,132.6550750732422,-0.0,232.12350463867188,1.0,283.1644592285156,287.4449462890625,288.6285095214844,288.9419860839844,293.1499938964844,293.1499938964844,278.1499938964844,0.0,18000.0,313.1499938964844,0.0,18000.0,0.0,0.0,0.0,0.0,0.0,0.0,0.0,0.0,0.0,-0.0,0.0,0.0,-7.778098853284027e-21,-3.889049426642014e-21,-3.889049426642014e-21,0.0,0.0,-0.0,0.0,0.0,0.0,-0.0,0.0,0.0,0.0,0.0,0.0,4.0,0.0,0.0
12124200,297.6946105957031,297.1499938964844,293.1499938964844,0.0,-0.0,289.7374267578125,0.9983653426170348,0.3219037353992462,0.2399019300937652,297.23834228515625,297.1499938964844,293.1499938964844,0.0,-0.0,289.7332458496094,0.74590003490448,0.1109048426151275,0.1053635403513908,297.2783203125,297.1499938964844,293.1499938964844,0.0,-0.0,289.73602294921875,0.8763761520385742,0.1816562265157699,0.1271553039550781,297.1419982910156,297.1499938964844,293.1499938964844,0.0,-0.0,289.7322082519531,0.714562177658081,0.0962514653801918,0.0918487906455993,297.22393798828125,297.1499938964844,293.1499938964844,0.0,-0.0,289.7344970703125,0.7950860857963562,0.1342663466930389,0.605191171169281,289.7366027832031,288.4486694335937,289.8833312988281,285.4903259277344,289.8796081542969,297.630126953125,289.7450866699219,1.0,0.2643984258174896,1.0,1.0,0.0,1.0,-1.40353262424469,1.4035310745239258,1.6405092537752353e-06,1.0743746757507324,0.0,0.0,0.0,31.17601585388184,46.0,132.6550750732422,-0.0,232.12350463867188,1.0,283.1644592285156,287.4449462890625,288.6285095214844,288.9419860839844,293.1499938964844,293.1499938964844,278.1499938964844,0.0,18000.0,313.1499938964844,0.0,18000.0,0.0,0.0,0.0,0.0,0.0,0.0,0.0,0.0,0.0,-0.0,0.0,0.0,-7.778098853284027e-21,-3.889049426642014e-21,-3.889049426642014e-21,0.0,0.0,-0.0,0.0,0.0,0.0,-0.0,0.0,0.0,0.0,0.0,0.0,4.0,0.0,0.0
12124260,297.6867370605469,297.1499938964844,293.1499938964844,0.0,-0.0,289.8333740234375,0.9990000128746032,0.3280037343502044,0.2531637251377105,297.2427978515625,297.1499938964844,293.1499938964844,0.0,-0.0,289.8291320800781,0.7380291819572449,0.112475961446762,0.1069034412503242,297.28094482421875,297.1499938964844,293.1499938964844,0.0,-0.0,289.83184814453125,0.8653472065925598,0.1835471391677856,0.1285183280706405,297.1453552246094,297.1499938964844,293.1499938964844,0.0,-0.0,289.8280029296875,0.7034289240837097,0.0964890271425247,0.0920978486537933,297.22479248046875,297.1499938964844,293.1499938964844,0.0,-0.0,289.830322265625,0.7841747403144836,0.1352898180484771,0.6100826859474182,289.8324584960937,288.2886657714844,289.9766540527344,285.5120544433594,289.9730224609375,297.6180114746094,289.8407897949219,1.0,0.2705662548542022,1.0,1.0,0.0,1.0,-1.4291086196899414,1.429106831550598,1.695479909358255e-06,1.0949492454528809,0.0,0.0,0.0,33.3797607421875,49.0,132.74911499023438,-0.0,247.6200408935547,1.0,283.1644592285156,287.4449462890625,288.6285095214844,288.9419860839844,293.1499938964844,293.1499938964844,278.1499938964844,0.0,18000.0,313.1499938964844,0.0,18000.0,0.0,0.0,0.0,0.0,0.0,0.0,0.0,0.0,0.0,-0.0,0.0,0.0,-7.778098853284027e-21,-3.889049426642014e-21,-3.889049426642014e-21,0.0,0.0,-0.0,0.0,0.0,0.0,-0.0,0.0,0.0,0.0,0.0,0.0,4.0,0.0,0.0
12124320,297.6867370605469,297.1499938964844,293.1499938964844,0.0,-0.0,289.8333740234375,0.9990000128746032,0.3280037343502044,0.2531637251377105,297.2427978515625,297.1499938964844,293.1499938964844,0.0,-0.0,289.8291320800781,0.7380291819572449,0.112475961446762,0.1069034412503242,297.28094482421875,297.1499938964844,293.1499938964844,0.0,-0.0,289.83184814453125,0.8653472065925598,0.1835471391677856,0.1285183280706405,297.1453552246094,297.1499938964844,293.1499938964844,0.0,-0.0,289.8280029296875,0.7034289240837097,0.0964890271425247,0.0920978486537933,297.22479248046875,297.1499938964844,293.1499938964844,0.0,-0.0,289.830322265625,0.7841747403144836,0.1352898180484771,0.6100826859474182,289.8324584960937,288.2886657714844,289.9766540527344,285.5120544433594,289.9730224609375,297.6180114746094,289.8407897949219,1.0,0.2705662548542022,1.0,1.0,0.0,1.0,-1.4291086196899414,1.429106831550598,1.695479909358255e-06,1.0949492454528809,0.0,0.0,0.0,33.3797607421875,49.0,132.74911499023438,-0.0,247.6200408935547,1.0,283.1644592285156,287.4449462890625,288.6285095214844,288.9419860839844,293.1499938964844,293.1499938964844,278.1499938964844,0.0,18000.0,313.1499938964844,0.0,18000.0,0.0,0.0,0.0,0.0,0.0,0.0,0.0,0.0,0.0,-0.0,0.0,0.0,-7.778098853284027e-21,-3.889049426642014e-21,-3.889049426642014e-21,0.0,0.0,-0.0,0.0,0.0,0.0,-0.0,0.0,0.0,0.0,0.0,0.0,4.0,0.0,0.0
12124380,297.6787109375,297.1499938964844,293.1499938964844,0.0,-0.0,289.9293212890625,0.9990000128746032,0.3339883387088775,0.2663902640342712,297.247314453125,297.1499938964844,293.1499938964844,0.0,-0.0,289.9250183105469,0.730195939540863,0.1141090169548988,0.1085105389356613,297.2835998535156,297.1499938964844,293.1499938964844,0.0,-0.0,289.9277038574219,0.8544039130210876,0.1854767948389053,0.1299145966768264,297.1496276855469,297.1499938964844,293.1499938964844,0.0,-0.0,289.923828125,0.6922630667686462,0.0968647077679634,0.0925012081861496,297.22576904296875,297.1499938964844,293.1499938964844,0.0,-0.0,289.9261779785156,0.7732486724853516,0.1363356411457061,0.6151148080825806,289.9283142089844,288.13238525390625,290.07000732421875,285.5362854003906,290.06640625,297.6054077148437,289.9365234375,1.0,0.2770033180713653,1.0,1.0,0.0,1.0,-1.4551178216934204,1.4551160335540771,1.752510456753953e-06,1.115778923034668,0.0,0.0,0.0,35.82365036010742,52.0,132.78668212890625,-0.0,264.4069519042969,1.0,283.1644592285156,287.4449462890625,288.6285095214844,288.9419860839844,293.1499938964844,293.1499938964844,278.1499938964844,0.0,18000.0,313.1499938964844,0.0,18000.0,0.0,0.0,0.0,0.0,0.0,0.0,0.0,0.0,0.0,-0.0,0.0,0.0,-7.778098853284027e-21,-3.889049426642014e-21,-3.889049426642014e-21,0.0,0.0,-0.0,0.0,0.0,0.0,-0.0,0.0,0.0,0.0,0.0,0.0,4.0,0.0,0.0
12124440,297.6787109375,297.1499938964844,293.1499938964844,0.0,-0.0,289.9293212890625,0.9990000128746032,0.3339883387088775,0.2663902640342712,297.247314453125,297.1499938964844,293.1499938964844,0.0,-0.0,289.9250183105469,0.730195939540863,0.1141090169548988,0.1085105389356613,297.2835998535156,297.1499938964844,293.1499938964844,0.0,-0.0,289.9277038574219,0.8544039130210876,0.1854767948389053,0.1299145966768264,297.1496276855469,297.1499938964844,293.1499938964844,0.0,-0.0,289.923828125,0.6922630667686462,0.0968647077679634,0.0925012081861496,297.22576904296875,297.1499938964844,293.1499938964844,0.0,-0.0,289.9261779785156,0.7732486724853516,0.1363356411457061,0.6151148080825806,289.9283142089844,288.13238525390625,290.07000732421875,285.5362854003906,290.06640625,297.6054077148437,289.9365234375,1.0,0.2770033180713653,1.0,1.0,0.0,1.0,-1.4551178216934204,1.4551160335540771,1.752510456753953e-06,1.115778923034668,0.0,0.0,0.0,35.82365036010742,52.0,132.78668212890625,-0.0,264.4069519042969,1.0,283.1644592285156,287.4449462890625,288.6285095214844,288.9419860839844,293.1499938964844,293.1499938964844,278.1499938964844,0.0,18000.0,313.1499938964844,0.0,18000.0,0.0,0.0,0.0,0.0,0.0,0.0,0.0,0.0,0.0,-0.0,0.0,0.0,-7.778098853284027e-21,-3.889049426642014e-21,-3.889049426642014e-21,0.0,0.0,-0.0,0.0,0.0,0.0,-0.0,0.0,0.0,0.0,0.0,0.0,4.0,0.0,0.0
12124500,297.6748352050781,297.1499938964844,293.1499938964844,0.0,-0.0,289.9772644042969,0.9990000128746032,0.3369568586349487,0.2730001509189605,297.2496032714844,297.1499938964844,293.1499938964844,0.0,-0.0,289.97296142578125,0.726402759552002,0.1149492338299751,0.1093388646841049,297.28497314453125,297.1499938964844,293.1499938964844,0.0,-0.0,289.9756164550781,0.8491585850715637,0.1864566355943679,0.1306249648332595,297.1519775390625,297.1499938964844,293.1499938964844,0.0,-0.0,289.97174072265625,0.6868928670883179,0.0970917716622352,0.0927455276250839,297.2262878417969,297.1499938964844,293.1499938964844,0.0,-0.0,289.9740905761719,0.7679793834686279,0.1368674635887146,0.617682158946991,289.97625732421875,288.09600830078125,290.1166687011719,285.5494079589844,290.1131286621094,297.59930419921875,289.984375,1.0,0.2802940011024475,1.0,1.0,0.0,1.0,-1.4682743549346924,1.4682725667953491,1.7817765183281151e-06,1.1262637376785278,0.0,0.0,0.0,37.11642456054688,52.0,132.78819274902344,-0.0,273.25067138671875,1.0,283.1644592285156,287.4449462890625,288.6285095214844,288.9419860839844,293.1499938964844,293.1499938964844,278.1499938964844,0.0,18000.0,313.1499938964844,0.0,18000.0,0.0,0.0,0.0,0.0,0.0,0.0,0.0,0.0,0.0,-0.0,0.0,0.0,-7.778098853284027e-21,-3.889049426642014e-21,-3.889049426642014e-21,0.0,0.0,-0.0,0.0,0.0,0.0,-0.0,0.0,0.0,0.0,0.0,0.0,4.0,0.0,0.0
12124560,297.67108154296875,297.1499938964844,293.1499938964844,0.0,-0.0,290.02520751953125,0.9990000128746032,0.3399106860160827,0.2796405255794525,297.2518920898437,297.1499938964844,293.1499938964844,0.0,-0.0,290.0209045410156,0.7227298617362976,0.1158057078719139,0.1101836413145065,297.2863464355469,297.1499938964844,293.1499938964844,0.0,-0.0,290.0235290527344,0.8441395163536072,0.1874468773603439,0.1313433945178985,297.1543884277344,297.1499938964844,293.1499938964844,0.0,-0.0,290.0196533203125,0.681739866733551,0.0973412916064262,0.0930134952068328,297.2268371582031,297.1499938964844,293.1499938964844,0.0,-0.0,290.0220031738281,0.7629237174987793,0.137405514717102,0.6202828884124756,290.024169921875,287.9798583984375,290.163330078125,285.5632629394531,290.1598205566406,297.5933837890625,290.0322265625,1.0,0.2836220264434814,1.0,1.0,0.0,1.0,-1.481566309928894,1.4815645217895508,1.811631477721676e-06,1.1368238925933838,0.0,0.0,0.0,38.44516372680664,40.0,132.78378295898438,-0.0,282.3898010253906,1.0,283.1644592285156,287.4449462890625,288.6285095214844,288.9419860839844,293.1499938964844,293.1499938964844,278.1499938964844,0.0,18000.0,313.1499938964844,0.0,18000.0,0.0,0.0,0.0,0.0,0.0,0.0,0.0,0.0,0.0,-0.0,0.0,0.0,-7.778098853284027e-21,-3.889049426642014e-21,-3.889049426642014e-21,0.0,0.0,-0.0,0.0,0.0,0.0,-0.0,0.0,0.0,0.0,0.0,0.0,4.0,0.0,0.0
12124620,297.6742248535156,297.1499938964844,293.1499938964844,0.0,-0.0,290.1208190917969,0.9990000128746032,0.3468033969402313,0.2787234783172607,297.2563781738281,297.1499938964844,293.1499938964844,0.0,-0.0,290.1166687011719,0.7267748117446899,0.1175508424639701,0.1118162646889686,297.2890014648437,297.1499938964844,293.1499938964844,0.0,-0.0,290.11920166015625,0.8478549122810364,0.1894434094429016,0.1327266246080398,297.1591796875,297.1499938964844,293.1499938964844,0.0,-0.0,290.1153564453125,0.6838181018829346,0.097882330417633,0.0935048088431358,297.2279968261719,297.1499938964844,293.1499938964844,0.0,-0.0,290.11767578125,0.7657245993614197,0.1384959816932678,0.6251049637794495,290.11981201171875,287.8310546875,290.25665283203125,285.59326171875,290.253173828125,297.5888366699219,290.1276550292969,1.0,0.28424933552742,1.0,1.0,0.0,1.0,-1.490478277206421,1.490476369857788,1.831908434724028e-06,1.1439794301986694,0.0,0.0,0.0,38.4586181640625,43.0,132.30738830566406,-0.0,286.3729248046875,1.0,283.1644592285156,287.4449462890625,288.6285095214844,288.9419860839844,293.1499938964844,293.1499938964844,278.1499938964844,0.0,18000.0,313.1499938964844,0.0,18000.0,0.0,0.0,0.0,0.0,0.0,0.0,0.0,0.0,0.0,-0.0,0.0,0.0,-7.778098853284027e-21,-3.889049426642014e-21,-3.889049426642014e-21,0.0,0.0,-0.0,0.0,0.0,0.0,-0.0,0.0,0.0,0.0,0.0,0.0,4.0,0.0,0.0
12124680,297.6742248535156,297.1499938964844,293.1499938964844,0.0,-0.0,290.1208190917969,0.9990000128746032,0.3468033969402313,0.2787234783172607,297.2563781738281,297.1499938964844,293.1499938964844,0.0,-0.0,290.1166687011719,0.7267748117446899,0.1175508424639701,0.1118162646889686,297.2890014648437,297.1499938964844,293.1499938964844,0.0,-0.0,290.11920166015625,0.8478549122810364,0.1894434094429016,0.1327266246080398,297.1591796875,297.1499938964844,293.1499938964844,0.0,-0.0,290.1153564453125,0.6838181018829346,0.097882330417633,0.0935048088431358,297.2279968261719,297.1499938964844,293.1499938964844,0.0,-0.0,290.11767578125,0.7657245993614197,0.1384959816932678,0.6251049637794495,290.11981201171875,287.8310546875,290.25665283203125,285.59326171875,290.253173828125,297.5888366699219,290.1276550292969,1.0,0.28424933552742,1.0,1.0,0.0,1.0,-1.490478277206421,1.490476369857788,1.831908434724028e-06,1.1439794301986694,0.0,0.0,0.0,38.4586181640625,43.0,132.30738830566406,-0.0,286.3729248046875,1.0,283.1644592285156,287.4449462890625,288.6285095214844,288.9419860839844,293.1499938964844,293.1499938964844,278.1499938964844,0.0,18000.0,313.1499938964844,0.0,18000.0,0.0,0.0,0.0,0.0,0.0,0.0,0.0,0.0,0.0,-0.0,0.0,0.0,-7.778098853284027e-21,-3.889049426642014e-21,-3.889049426642014e-21,0.0,0.0,-0.0,0.0,0.0,0.0,-0.0,0.0,0.0,0.0,0.0,0.0,4.0,0.0,0.0
12124740,297.692138671875,297.1499938964844,293.1499938964844,0.0,-0.0,290.2152404785156,0.9990000128746032,0.3552586138248443,0.2792918086051941,297.2611999511719,297.1499938964844,293.1499938964844,0.0,-0.0,290.211181640625,0.7297350764274597,0.1193853616714477,0.1135308966040611,297.2920227050781,297.1499938964844,293.1499938964844,0.0,-0.0,290.2136535644531,0.8502207398414612,0.1915076375007629,0.1341554075479507,297.164306640625,297.1499938964844,293.1499938964844,0.0,-0.0,290.2098388671875,0.6848300099372864,0.0985185876488685,0.0940853506326675,297.2301330566406,297.1499938964844,293.1499938964844,0.0,-0.0,290.212158203125,0.7673499584197998,0.1396994888782501,0.6303708553314209,290.2142333984375,287.6860046386719,290.3500061035156,285.6266174316406,290.3465270996094,297.59912109375,290.2220458984375,1.0,0.2863577306270599,1.0,1.0,0.0,1.0,-1.501946210861206,1.5019443035125732,1.8579036122901016e-06,1.1528916358947754,0.0,0.0,0.0,38.75992965698242,46.0,131.68898010253906,-0.0,292.2892761230469,1.0,283.1644592285156,287.4449462890625,288.6285095214844,288.9419860839844,293.1499938964844,293.1499938964844,278.1499938964844,0.0,18000.0,313.1499938964844,0.0,18000.0,0.0,0.0,0.0,0.0,0.0,0.0,0.0,0.0,0.0,-0.0,0.0,0.0,-7.778098853284027e-21,-3.889049426642014e-21,-3.889049426642014e-21,0.0,0.0,-0.0,0.0,0.0,0.0,-0.0,0.0,0.0,0.0,0.0,0.0,4.0,0.0,0.0
12124800,297.692138671875,297.1499938964844,293.1499938964844,0.0,-0.0,290.2152404785156,0.9990000128746032,0.3552586138248443,0.2792918086051941,297.2611999511719,297.1499938964844,293.1499938964844,0.0,-0.0,290.211181640625,0.7297350764274597,0.1193853616714477,0.1135308966040611,297.2920227050781,297.1499938964844,293.1499938964844,0.0,-0.0,290.2136535644531,0.8502207398414612,0.1915076375007629,0.1341554075479507,297.164306640625,297.1499938964844,293.1499938964844,0.0,-0.0,290.2098388671875,0.6848300099372864,0.0985185876488685,0.0940853506326675,297.2301330566406,297.1499938964844,293.1499938964844,0.0,-0.0,290.212158203125,0.7673499584197998,0.1396994888782501,0.6303708553314209,290.2142333984375,287.6860046386719,290.3500061035156,285.6266174316406,290.3465270996094,297.59912109375,290.2220458984375,1.0,0.2863577306270599,1.0,1.0,0.0,1.0,-1.501946210861206,1.5019443035125732,1.8579036122901016e-06,1.1528916358947754,0.0,0.0,0.0,38.75992965698242,46.0,131.68898010253906,-0.0,292.2892761230469,1.0,283.1644592285156,287.4449462890625,288.6285095214844,288.9419860839844,293.1499938964844,293.1499938964844,278.1499938964844,0.0,18000.0,313.1499938964844,0.0,18000.0,0.0,0.0,0.0,0.0,0.0,0.0,0.0,0.0,0.0,-0.0,0.0,0.0,-7.778098853284027e-21,-3.889049426642014e-21,-3.889049426642014e-21,0.0,0.0,-0.0,0.0,0.0,0.0,-0.0,0.0,0.0,0.0,0.0,0.0,4.0,0.0,0.0
12124860,297.7123107910156,297.1499938964844,293.1499938964844,0.0,-0.0,290.30987548828125,0.9990000128746032,0.3641670942306518,0.2820709645748138,297.2698059082031,297.1499938964844,293.1499938964844,0.0,-0.0,290.305908203125,0.7314640283584595,0.1216608956456184,0.1155446916818618,297.2987365722656,297.1499938964844,293.1499938964844,0.0,-0.0,290.3083190917969,0.8508185148239136,0.1939813792705536,0.1357859224081039,297.1732482910156,297.1499938964844,293.1499938964844,0.0,-0.0,290.30450439453125,0.6846948266029358,0.0995997712016105,0.0949689149856567,297.236572265625,297.1499938964844,293.1499938964844,0.0,-0.0,290.30682373046875,0.7675520777702332,0.1413582116365432,0.6371449828147888,290.30889892578125,287.544677734375,290.4433288574219,285.6615295410156,290.4399108886719,297.6131286621094,290.316650390625,1.0,0.2895218729972839,1.0,1.0,0.0,1.0,-1.5188474655151367,1.518845558166504,1.896804633361171e-06,1.166171669960022,0.0,0.0,0.0,39.53456497192383,49.0,131.61160278320312,-0.0,302.007080078125,1.0,283.1644592285156,287.4449462890625,288.6285095214844,288.9419860839844,293.1499938964844,293.1499938964844,278.1499938964844,0.0,18000.0,313.1499938964844,0.0,18000.0,0.0,0.0,0.0,0.0,0.0,0.0,0.0,0.0,0.0,-0.0,0.0,0.0,-7.778098853284027e-21,-3.889049426642014e-21,-3.889049426642014e-21,0.0,0.0,-0.0,0.0,0.0,0.0,-0.0,0.0,0.0,0.0,0.0,0.0,4.0,0.0,0.0
12124920,297.7123107910156,297.1499938964844,293.1499938964844,0.0,-0.0,290.30987548828125,0.9990000128746032,0.3641670942306518,0.2820709645748138,297.2698059082031,297.1499938964844,293.1499938964844,0.0,-0.0,290.305908203125,0.7314640283584595,0.1216608956456184,0.1155446916818618,297.2987365722656,297.1499938964844,293.1499938964844,0.0,-0.0,290.3083190917969,0.8508185148239136,0.1939813792705536,0.1357859224081039,297.1732482910156,297.1499938964844,293.1499938964844,0.0,-0.0,290.30450439453125,0.6846948266029358,0.0995997712016105,0.0949689149856567,297.236572265625,297.1499938964844,293.1499938964844,0.0,-0.0,290.30682373046875,0.7675520777702332,0.1413582116365432,0.6371449828147888,290.30889892578125,287.544677734375,290.4433288574219,285.6615295410156,290.4399108886719,297.6131286621094,290.316650390625,1.0,0.2895218729972839,1.0,1.0,0.0,1.0,-1.5188474655151367,1.518845558166504,1.896804633361171e-06,1.166171669960022,0.0,0.0,0.0,39.53456497192383,49.0,131.61160278320312,-0.0,302.007080078125,1.0,283.1644592285156,287.4449462890625,288.6285095214844,288.9419860839844,293.1499938964844,293.1499938964844,278.1499938964844,0.0,18000.0,313.1499938964844,0.0,18000.0,0.0,0.0,0.0,0.0,0.0,0.0,0.0,0.0,0.0,-0.0,0.0,0.0,-7.778098853284027e-21,-3.889049426642014e-21,-3.889049426642014e-21,0.0,0.0,-0.0,0.0,0.0,0.0,-0.0,0.0,0.0,0.0,0.0,0.0,4.0,0.0,0.0
12124980,297.7359313964844,297.1499938964844,293.1499938964844,0.0,-0.0,290.4047546386719,0.9990000128746032,0.3736809194087982,0.2852379083633423,297.2837219238281,297.1499938964844,293.1499938964844,0.0,-0.0,290.4009094238281,0.734049379825592,0.124583400785923,0.1181863695383071,297.3103332519531,297.1499938964844,293.1499938964844,0.0,-0.0,290.4032287597656,0.8518792390823364,0.1970393061637878,0.1378409564495086,297.1875,297.1499938964844,293.1499938964844,0.0,-0.0,290.39947509765625,0.6858394742012024,0.1013347804546356,0.0964865460991859,297.24853515625,297.1499938964844,293.1499938964844,0.0,-0.0,290.4017639160156,0.7685919404029846,0.1436637490987777,0.6469088196754456,290.40380859375,287.4070739746094,290.5366516113281,285.6960754394531,290.5332946777344,297.6315002441406,290.4114990234375,1.0,0.2936781048774719,1.0,1.0,0.0,1.0,-1.5418285131454468,1.541826605796814,1.9505903310346184e-06,1.1842769384384155,0.0,0.0,0.0,40.4995002746582,52.0,131.80270385742188,-0.0,315.2992248535156,1.0,283.1644592285156,287.4449462890625,288.6285095214844,288.9419860839844,293.1499938964844,293.1499938964844,278.1499938964844,0.0,18000.0,313.1499938964844,0.0,18000.0,0.0,0.0,0.0,0.0,0.0,0.0,0.0,0.0,0.0,-0.0,0.0,0.0,-7.778098853284027e-21,-3.889049426642014e-21,-3.889049426642014e-21,0.0,0.0,-0.0,0.0,0.0,0.0,-0.0,0.0,0.0,0.0,0.0,0.0,4.0,0.0,0.0
12125040,297.7359313964844,297.1499938964844,293.1499938964844,0.0,-0.0,290.4047546386719,0.9990000128746032,0.3736809194087982,0.2852379083633423,297.2837219238281,297.1499938964844,293.1499938964844,0.0,-0.0,290.4009094238281,0.734049379825592,0.124583400785923,0.1181863695383071,297.3103332519531,297.1499938964844,293.1499938964844,0.0,-0.0,290.4032287597656,0.8518792390823364,0.1970393061637878,0.1378409564495086,297.1875,297.1499938964844,293.1499938964844,0.0,-0.0,290.39947509765625,0.6858394742012024,0.1013347804546356,0.0964865460991859,297.24853515625,297.1499938964844,293.1499938964844,0.0,-0.0,290.4017639160156,0.7685919404029846,0.1436637490987777,0.6469088196754456,290.40380859375,287.4070739746094,290.5366516113281,285.6960754394531,290.5332946777344,297.6315002441406,290.4114990234375,1.0,0.2936781048774719,1.0,1.0,0.0,1.0,-1.5418285131454468,1.541826605796814,1.9505903310346184e-06,1.1842769384384155,0.0,0.0,0.0,40.4995002746582,52.0,131.80270385742188,-0.0,315.2992248535156,1.0,283.1644592285156,287.4449462890625,288.6285095214844,288.9419860839844,293.1499938964844,293.1499938964844,278.1499938964844,0.0,18000.0,313.1499938964844,0.0,18000.0,0.0,0.0,0.0,0.0,0.0,0.0,0.0,0.0,0.0,-0.0,0.0,0.0,-7.778098853284027e-21,-3.889049426642014e-21,-3.889049426642014e-21,0.0,0.0,-0.0,0.0,0.0,0.0,-0.0,0.0,0.0,0.0,0.0,0.0,4.0,0.0,0.0
12125100,297.7485046386719,297.1499938964844,293.1499938964844,0.0,-0.0,290.45233154296875,0.9990000128746032,0.3786261975765228,0.2870353758335113,297.2919311523437,297.1499938964844,293.1499938964844,0.0,-0.0,290.44854736328125,0.7355180978775024,0.1262366473674774,0.1197028830647468,297.3172607421875,297.1499938964844,293.1499938964844,0.0,-0.0,290.4508361816406,0.8524439930915833,0.1987324357032776,0.1389938443899154,297.1958923339844,297.1499938964844,293.1499938964844,0.0,-0.0,290.4471130371094,0.6867167949676514,0.1023965924978256,0.0974435433745384,297.2558288574219,297.1499938964844,293.1499938964844,0.0,-0.0,290.4493713378906,0.7692732810974121,0.14500492811203,0.6527076363563538,290.451416015625,287.3753356933594,290.5833435058594,285.7132263183594,290.5799865722656,297.6417236328125,290.45904541015625,1.0,0.2960968017578125,1.0,1.0,0.0,1.0,-1.555300235748291,1.5552983283996582,1.98258385353256e-06,1.1949020624160769,0.0,0.0,0.0,41.06177520751953,52.0,131.94869995117188,-0.0,323.2469482421875,1.0,283.1644592285156,287.4449462890625,288.6285095214844,288.9419860839844,293.1499938964844,293.1499938964844,278.1499938964844,0.0,18000.0,313.1499938964844,0.0,18000.0,0.0,0.0,0.0,0.0,0.0,0.0,0.0,0.0,0.0,-0.0,0.0,0.0,-7.778098853284027e-21,-3.889049426642014e-21,-3.889049426642014e-21,0.0,0.0,-0.0,0.0,0.0,0.0,-0.0,0.0,0.0,0.0,0.0,0.0,4.0,0.0,0.0
12125160,297.7613220214844,297.1499938964844,293.1499938964844,0.0,-0.0,290.5,0.9990000128746032,0.3836764693260193,0.2890009582042694,297.3007202148437,297.1499938964844,293.1499938964844,0.0,-0.0,290.49627685546875,0.7370404601097107,0.1279992759227752,0.1213298738002777,297.3246459960937,297.1499938964844,293.1499938964844,0.0,-0.0,290.4985046386719,0.8529757261276245,0.2005163133144378,0.140215128660202,297.20489501953125,297.1499938964844,293.1499938964844,0.0,-0.0,290.49481201171875,0.6877167224884033,0.103568784892559,0.0985122397541999,297.26373291015625,297.1499938964844,293.1499938964844,0.0,-0.0,290.4970397949219,0.7699947357177734,0.1464511454105377,0.6590141654014587,290.49908447265625,287.273193359375,290.6300048828125,285.73028564453125,290.6266784667969,297.6523742675781,290.5066833496094,1.0,0.2987236678600311,1.0,1.0,0.0,1.0,-1.5699325799942017,1.5699305534362793,2.017717406488373e-06,1.2064470052719116,0.0,0.0,0.0,41.68009567260742,55.0,132.10597229003906,-0.0,332.03857421875,1.0,283.1644592285156,287.4449462890625,288.6285095214844,288.9419860839844,293.1499938964844,293.1499938964844,278.1499938964844,0.0,18000.0,313.1499938964844,0.0,18000.0,0.0,0.0,0.0,0.0,0.0,0.0,0.0,0.0,0.0,-0.0,0.0,0.0,-7.778098853284027e-21,-3.889049426642014e-21,-3.889049426642014e-21,0.0,0.0,-0.0,0.0,0.0,0.0,-0.0,0.0,0.0,0.0,0.0,0.0,4.0,0.0,0.0
12125220,297.7872619628906,297.1499938964844,293.1499938964844,0.0,-0.0,290.5955505371094,0.9990000128746032,0.3940475583076477,0.2934416234493255,297.3195495605469,297.1499938964844,293.1499938964844,0.0,-0.0,290.5919189453125,0.7401554584503174,0.1318166106939315,0.1248758435249328,297.3403625488281,297.1499938964844,293.1499938964844,0.0,-0.0,290.5940856933594,0.8538796901702881,0.2043222486972808,0.1428348124027252,297.2240600585937,297.1499938964844,293.1499938964844,0.0,-0.0,290.5904846191406,0.6899585127830505,0.1062062308192253,0.1009435132145881,297.2807922363281,297.1499938964844,293.1499938964844,0.0,-0.0,290.5926513671875,0.7714627385139465,0.1496173739433288,0.672938883304596,290.5946350097656,287.14306640625,290.72332763671875,285.7641296386719,290.7200927734375,297.6742248535156,290.60211181640625,1.0,0.3045465648174286,1.0,1.0,0.0,1.0,-1.6023004055023191,1.602298378944397,2.096848447763477e-06,1.231991410255432,0.0,0.0,0.0,43.08364486694336,58.0,132.41685485839844,-0.0,352.1046142578125,1.0,283.1644592285156,287.4449462890625,288.6285095214844,288.9419860839844,293.1499938964844,293.1499938964844,278.1499938964844,0.0,18000.0,313.1499938964844,0.0,18000.0,0.0,0.0,0.0,0.0,0.0,0.0,0.0,0.0,0.0,-0.0,0.0,0.0,-7.778098853284027e-21,-3.889049426642014e-21,-3.889049426642014e-21,0.0,0.0,-0.0,0.0,0.0,0.0,-0.0,0.0,0.0,0.0,0.0,0.0,4.0,0.0,0.0
12125280,297.7872619628906,297.1499938964844,293.1499938964844,0.0,-0.0,290.5955505371094,0.9990000128746032,0.3940475583076477,0.2934416234493255,297.3195495605469,297.1499938964844,293.1499938964844,0.0,-0.0,290.5919189453125,0.7401554584503174,0.1318166106939315,0.1248758435249328,297.3403625488281,297.1499938964844,293.1499938964844,0.0,-0.0,290.5940856933594,0.8538796901702881,0.2043222486972808,0.1428348124027252,297.2240600585937,297.1499938964844,293.1499938964844,0.0,-0.0,290.5904846191406,0.6899585127830505,0.1062062308192253,0.1009435132145881,297.2807922363281,297.1499938964844,293.1499938964844,0.0,-0.0,290.5926513671875,0.7714627385139465,0.1496173739433288,0.672938883304596,290.5946350097656,287.14306640625,290.72332763671875,285.7641296386719,290.7200927734375,297.6742248535156,290.60211181640625,1.0,0.3045465648174286,1.0,1.0,0.0,1.0,-1.6023004055023191,1.602298378944397,2.096848447763477e-06,1.231991410255432,0.0,0.0,0.0,43.08364486694336,58.0,132.41685485839844,-0.0,352.1046142578125,1.0,283.1644592285156,287.4449462890625,288.6285095214844,288.9419860839844,293.1499938964844,293.1499938964844,278.1499938964844,0.0,18000.0,313.1499938964844,0.0,18000.0,0.0,0.0,0.0,0.0,0.0,0.0,0.0,0.0,0.0,-0.0,0.0,0.0,-7.778098853284027e-21,-3.889049426642014e-21,-3.889049426642014e-21,0.0,0.0,-0.0,0.0,0.0,0.0,-0.0,0.0,0.0,0.0,0.0,0.0,4.0,0.0,0.0
12125340,297.81304931640625,297.1499938964844,293.1499938964844,0.0,-0.0,290.6913146972656,0.9990000128746032,0.4047333896160126,0.2985047101974487,297.3395080566406,297.1499938964844,293.1499938964844,0.0,-0.0,290.6878356933594,0.74331134557724,0.135983869433403,0.12876757979393,297.3569030761719,297.1499938964844,293.1499938964844,0.0,-0.0,290.6898803710937,0.8545708060264587,0.2084100991487503,0.1456611901521682,297.2442626953125,297.1499938964844,293.1499938964844,0.0,-0.0,290.6864318847656,0.6924278736114502,0.1091918125748634,0.1037200838327407,297.298828125,297.1499938964844,293.1499938964844,0.0,-0.0,290.6885070800781,0.7729129195213318,0.1531020849943161,0.6883717179298401,290.6904602050781,287.01666259765625,290.8166809082031,285.797607421875,290.8134765625,297.6961975097656,290.6977844238281,1.0,0.3110429048538208,1.0,1.0,0.0,1.0,-1.6383048295974731,1.6383026838302612,2.1871469471079763e-06,1.260402798652649,0.0,0.0,0.0,44.69895935058594,61.0,132.68910217285156,-0.0,375.4349670410156,1.0,283.1644592285156,287.4449462890625,288.6285095214844,288.9419860839844,293.1499938964844,293.1499938964844,278.1499938964844,0.0,18000.0,313.1499938964844,0.0,18000.0,0.0,0.0,0.0,0.0,0.0,0.0,0.0,0.0,0.0,-0.0,0.0,0.0,-7.778098853284027e-21,-3.889049426642014e-21,-3.889049426642014e-21,0.0,0.0,-0.0,0.0,0.0,0.0,-0.0,0.0,0.0,0.0,0.0,0.0,4.0,0.0,0.0
12125400,297.81304931640625,297.1499938964844,293.1499938964844,0.0,-0.0,290.6913146972656,0.9990000128746032,0.4047333896160126,0.2985047101974487,297.3395080566406,297.1499938964844,293.1499938964844,0.0,-0.0,290.6878356933594,0.74331134557724,0.135983869433403,0.12876757979393,297.3569030761719,297.1499938964844,293.1499938964844,0.0,-0.0,290.6898803710937,0.8545708060264587,0.2084100991487503,0.1456611901521682,297.2442626953125,297.1499938964844,293.1499938964844,0.0,-0.0,290.6864318847656,0.6924278736114502,0.1091918125748634,0.1037200838327407,297.298828125,297.1499938964844,293.1499938964844,0.0,-0.0,290.6885070800781,0.7729129195213318,0.1531020849943161,0.6883717179298401,290.6904602050781,287.01666259765625,290.8166809082031,285.797607421875,290.8134765625,297.6961975097656,290.6977844238281,1.0,0.3110429048538208,1.0,1.0,0.0,1.0,-1.6383048295974731,1.6383026838302612,2.1871469471079763e-06,1.260402798652649,0.0,0.0,0.0,44.69895935058594,61.0,132.68910217285156,-0.0,375.4349670410156,1.0,283.1644592285156,287.4449462890625,288.6285095214844,288.9419860839844,293.1499938964844,293.1499938964844,278.1499938964844,0.0,18000.0,313.1499938964844,0.0,18000.0,0.0,0.0,0.0,0.0,0.0,0.0,0.0,0.0,0.0,-0.0,0.0,0.0,-7.778098853284027e-21,-3.889049426642014e-21,-3.889049426642014e-21,0.0,0.0,-0.0,0.0,0.0,0.0,-0.0,0.0,0.0,0.0,0.0,0.0,4.0,0.0,0.0
12125460,297.83843994140625,297.1499938964844,293.1499938964844,0.0,-0.0,290.78729248046875,0.9990000128746032,0.4157086610794067,0.3040764927864074,297.360107421875,297.1499938964844,293.1499938964844,0.0,-0.0,290.783935546875,0.7465217113494873,0.1404726952314376,0.1329732537269592,297.3739318847656,297.1499938964844,293.1499938964844,0.0,-0.0,290.785888671875,0.8551208972930908,0.2127551734447479,0.1486734598875045,297.2650451660156,297.1499938964844,293.1499938964844,0.0,-0.0,290.78253173828125,0.6951032280921936,0.1124939918518066,0.1068069711327552,297.3174133300781,297.1499938964844,293.1499938964844,0.0,-0.0,290.7845458984375,0.7743673324584961,0.1568706333637237,0.7051307559013367,290.7864685058594,286.8940124511719,290.9100036621094,285.8307189941406,290.9068908691406,297.7178039550781,290.79364013671875,1.0,0.3181224465370178,1.0,1.0,0.0,1.0,-1.677485704421997,1.6774834394454956,2.2881290533405263e-06,1.2913063764572144,0.0,0.0,0.0,46.50730514526367,64.0,132.9051055908203,-0.0,402.0218200683594,1.0,283.1644592285156,287.4449462890625,288.6285095214844,288.9419860839844,293.1499938964844,293.1499938964844,278.1499938964844,0.0,18000.0,313.1499938964844,0.0,18000.0,0.0,0.0,0.0,0.0,0.0,0.0,0.0,0.0,0.0,-0.0,0.0,0.0,-7.778098853284027e-21,-3.889049426642014e-21,-3.889049426642014e-21,0.0,0.0,-0.0,0.0,0.0,0.0,-0.0,0.0,0.0,0.0,0.0,0.0,4.0,0.0,0.0
12125520,297.83843994140625,297.1499938964844,293.1499938964844,0.0,-0.0,290.78729248046875,0.9990000128746032,0.4157086610794067,0.3040764927864074,297.360107421875,297.1499938964844,293.1499938964844,0.0,-0.0,290.783935546875,0.7465217113494873,0.1404726952314376,0.1329732537269592,297.3739318847656,297.1499938964844,293.1499938964844,0.0,-0.0,290.785888671875,0.8551208972930908,0.2127551734447479,0.1486734598875045,297.2650451660156,297.1499938964844,293.1499938964844,0.0,-0.0,290.78253173828125,0.6951032280921936,0.1124939918518066,0.1068069711327552,297.3174133300781,297.1499938964844,293.1499938964844,0.0,-0.0,290.7845458984375,0.7743673324584961,0.1568706333637237,0.7051307559013367,290.7864685058594,286.8940124511719,290.9100036621094,285.8307189941406,290.9068908691406,297.7178039550781,290.79364013671875,1.0,0.3181224465370178,1.0,1.0,0.0,1.0,-1.677485704421997,1.6774834394454956,2.2881290533405263e-06,1.2913063764572144,0.0,0.0,0.0,46.50730514526367,64.0,132.9051055908203,-0.0,402.0218200683594,1.0,283.1644592285156,287.4449462890625,288.6285095214844,288.9419860839844,293.1499938964844,293.1499938964844,278.1499938964844,0.0,18000.0,313.1499938964844,0.0,18000.0,0.0,0.0,0.0,0.0,0.0,0.0,0.0,0.0,0.0,-0.0,0.0,0.0,-7.778098853284027e-21,-3.889049426642014e-21,-3.889049426642014e-21,0.0,0.0,-0.0,0.0,0.0,0.0,-0.0,0.0,0.0,0.0,0.0,0.0,4.0,0.0,0.0
12125580,297.8634948730469,297.1499938964844,293.1499938964844,0.0,-0.0,290.8833923339844,0.9990000128746032,0.4269667863845825,0.3100077211856842,297.381103515625,297.1499938964844,293.1499938964844,0.0,-0.0,290.88018798828125,0.7498460412025452,0.1452632397413253,0.1374704390764236,297.39117431640625,297.1499938964844,293.1499938964844,0.0,-0.0,290.88201904296875,0.8556436896324158,0.2173411101102829,0.1518577337265014,297.2861633300781,297.1499938964844,293.1499938964844,0.0,-0.0,290.8788146972656,0.6980161070823669,0.1160903945565223,0.1101792156696319,297.33624267578125,297.1499938964844,293.1499938964844,0.0,-0.0,290.8807373046875,0.7758994698524475,0.1608996391296386,0.7230911254882812,290.882568359375,286.7750549316406,291.0033264160156,285.8634338378906,291.00030517578125,297.7389831542969,290.8896179199219,1.0,0.3256973922252655,1.0,1.0,0.0,1.0,-1.7194430828094482,1.7194405794143677,2.3993982267711544e-06,1.324375867843628,0.0,0.0,0.0,48.48324966430664,67.0,133.0630645751953,-0.0,431.8560180664063,1.0,283.1644592285156,287.4449462890625,288.6285095214844,288.9419860839844,293.1499938964844,293.1499938964844,278.1499938964844,0.0,18000.0,313.1499938964844,0.0,18000.0,0.0,0.0,0.0,0.0,0.0,0.0,0.0,0.0,0.0,-0.0,0.0,0.0,-7.778098853284027e-21,-3.889049426642014e-21,-3.889049426642014e-21,0.0,0.0,-0.0,0.0,0.0,0.0,-0.0,0.0,0.0,0.0,0.0,0.0,4.0,0.0,0.0
12125640,297.8634948730469,297.1499938964844,293.1499938964844,0.0,-0.0,290.8833923339844,0.9990000128746032,0.4269667863845825,0.3100077211856842,297.381103515625,297.1499938964844,293.1499938964844,0.0,-0.0,290.88018798828125,0.7498460412025452,0.1452632397413253,0.1374704390764236,297.39117431640625,297.1499938964844,293.1499938964844,0.0,-0.0,290.88201904296875,0.8556436896324158,0.2173411101102829,0.1518577337265014,297.2861633300781,297.1499938964844,293.1499938964844,0.0,-0.0,290.8788146972656,0.6980161070823669,0.1160903945565223,0.1101792156696319,297.33624267578125,297.1499938964844,293.1499938964844,0.0,-0.0,290.8807373046875,0.7758994698524475,0.1608996391296386,0.7230911254882812,290.882568359375,286.7750549316406,291.0033264160156,285.8634338378906,291.00030517578125,297.7389831542969,290.8896179199219,1.0,0.3256973922252655,1.0,1.0,0.0,1.0,-1.7194430828094482,1.7194405794143677,2.3993982267711544e-06,1.324375867843628,0.0,0.0,0.0,48.48324966430664,67.0,133.0630645751953,-0.0,431.8560180664063,1.0,283.1644592285156,287.4449462890625,288.6285095214844,288.9419860839844,293.1499938964844,293.1499938964844,278.1499938964844,0.0,18000.0,313.1499938964844,0.0,18000.0,0.0,0.0,0.0,0.0,0.0,0.0,0.0,0.0,0.0,-0.0,0.0,0.0,-7.778098853284027e-21,-3.889049426642014e-21,-3.889049426642014e-21,0.0,0.0,-0.0,0.0,0.0,0.0,-0.0,0.0,0.0,0.0,0.0,0.0,4.0,0.0,0.0
12125700,297.8758850097656,297.1499938964844,293.1499938964844,0.0,-0.0,290.93145751953125,0.9990000128746032,0.4327044188976288,0.3130671679973602,297.3917236328125,297.1499938964844,293.1499938964844,0.0,-0.0,290.9283142089844,0.7515714168548584,0.1477688103914261,0.1398249268531799,297.3998718261719,297.1499938964844,293.1499938964844,0.0,-0.0,290.9301147460937,0.8559274673461914,0.2197221517562866,0.1535122841596603,297.2967834472656,297.1499938964844,293.1499938964844,0.0,-0.0,290.9269714355469,0.6995746493339539,0.1179954633116722,0.1119683012366294,297.345703125,297.1499938964844,293.1499938964844,0.0,-0.0,290.9288330078125,0.7767188549041748,0.16300830245018,0.7325019836425781,290.9306640625,286.7479858398437,291.04998779296875,285.8796691894531,291.0469970703125,297.7494201660156,290.9376220703125,1.0,0.3296498656272888,1.0,1.0,0.0,1.0,-1.7413748502731323,1.7413723468780518,2.4588450742157875e-06,1.341649889945984,0.0,0.0,0.0,49.52734756469727,67.0,133.1215362548828,-0.0,448.0093078613281,1.0,283.1644592285156,287.4449462890625,288.6285095214844,288.9419860839844,293.1499938964844,293.1499938964844,278.1499938964844,0.0,18000.0,313.1499938964844,0.0,18000.0,0.0,0.0,0.0,0.0,0.0,0.0,0.0,0.0,0.0,-0.0,0.0,0.0,-7.778098853284027e-21,-3.889049426642014e-21,-3.889049426642014e-21,0.0,0.0,-0.0,0.0,0.0,0.0,-0.0,0.0,0.0,0.0,0.0,0.0,4.0,0.0,0.0
12125760,297.8882751464844,297.1499938964844,293.1499938964844,0.0,-0.0,290.97955322265625,0.9990000128746032,0.438516616821289,0.3161636888980865,297.4023742675781,297.1499938964844,293.1499938964844,0.0,-0.0,290.9765014648437,0.7533528208732605,0.1503466367721557,0.1422483921051025,297.4085998535156,297.1499938964844,293.1499938964844,0.0,-0.0,290.97821044921875,0.8562463521957397,0.2221609503030777,0.1552075296640396,297.30743408203125,297.1499938964844,293.1499938964844,0.0,-0.0,290.97515869140625,0.7012112140655518,0.1199702322483062,0.1138241589069366,297.35516357421875,297.1499938964844,293.1499938964844,0.0,-0.0,290.9769897460937,0.777589738368988,0.1651782691478729,0.7421913146972656,290.9787902832031,286.6598815917969,291.0966796875,285.89581298828125,291.0937194824219,297.7597351074219,290.98565673828125,1.0,0.3337013125419616,1.0,1.0,0.0,1.0,-1.763899564743042,1.7638970613479614,2.520814405215788e-06,1.359382152557373,0.0,0.0,0.0,50.60444259643555,70.0,133.16754150390625,-0.0,464.9938049316406,1.0,283.1644592285156,287.4449462890625,288.6285095214844,288.9419860839844,293.1499938964844,293.1499938964844,278.1499938964844,0.0,18000.0,313.1499938964844,0.0,18000.0,0.0,0.0,0.0,0.0,0.0,0.0,0.0,0.0,0.0,-0.0,0.0,0.0,-7.778098853284027e-21,-3.889049426642014e-21,-3.889049426642014e-21,0.0,0.0,-0.0,0.0,0.0,0.0,-0.0,0.0,0.0,0.0,0.0,0.0,4.0,0.0,0.0
12125820,297.9129638671875,297.1499938964844,293.1499938964844,0.0,-0.0,291.0757751464844,0.9990000128746032,0.4503739178180694,0.3224067389965057,297.423828125,297.1499938964844,293.1499938964844,0.0,-0.0,291.0728454589844,0.7571182250976562,0.1557176560163498,0.1473002284765243,297.42608642578125,297.1499938964844,293.1499938964844,0.0,-0.0,291.074462890625,0.8570358157157898,0.2272109240293502,0.1587189137935638,297.3287353515625,297.1499938964844,293.1499938964844,0.0,-0.0,291.071533203125,0.7047404646873474,0.1241268068552017,0.1177334263920784,297.3741455078125,297.1499938964844,293.1499938964844,0.0,-0.0,291.0732727050781,0.7795245051383972,0.1697005480527877,0.7623940110206604,291.0750427246094,286.54840087890625,291.19000244140625,285.9278259277344,291.1871337890625,297.7802429199219,291.0817565917969,1.0,0.3420750498771667,1.0,1.0,0.0,1.0,-1.8106275796890257,1.810624957084656,2.652315743034705e-06,1.396137237548828,0.0,0.0,0.0,52.8469123840332,73.0,133.22654724121094,-0.0,501.5016784667969,1.0,283.1644592285156,287.4449462890625,288.6285095214844,288.9419860839844,293.1499938964844,293.1499938964844,278.1499938964844,0.0,18000.0,313.1499938964844,0.0,18000.0,0.0,0.0,0.0,0.0,0.0,0.0,0.0,0.0,0.0,-0.0,0.0,0.0,-7.778098853284027e-21,-3.889049426642014e-21,-3.889049426642014e-21,0.0,0.0,-0.0,0.0,0.0,0.0,-0.0,0.0,0.0,0.0,0.0,0.0,4.0,0.0,0.0
12125880,297.9129638671875,297.1499938964844,293.1499938964844,0.0,-0.0,291.0757751464844,0.9990000128746032,0.4503739178180694,0.3224067389965057,297.423828125,297.1499938964844,293.1499938964844,0.0,-0.0,291.0728454589844,0.7571182250976562,0.1557176560163498,0.1473002284765243,297.42608642578125,297.1499938964844,293.1499938964844,0.0,-0.0,291.074462890625,0.8570358157157898,0.2272109240293502,0.1587189137935638,297.3287353515625,297.1499938964844,293.1499938964844,0.0,-0.0,291.071533203125,0.7047404646873474,0.1241268068552017,0.1177334263920784,297.3741455078125,297.1499938964844,293.1499938964844,0.0,-0.0,291.0732727050781,0.7795245051383972,0.1697005480527877,0.7623940110206604,291.0750427246094,286.54840087890625,291.19000244140625,285.9278259277344,291.1871337890625,297.7802429199219,291.0817565917969,1.0,0.3420750498771667,1.0,1.0,0.0,1.0,-1.8106275796890257,1.810624957084656,2.652315743034705e-06,1.396137237548828,0.0,0.0,0.0,52.8469123840332,73.0,133.22654724121094,-0.0,501.5016784667969,1.0,283.1644592285156,287.4449462890625,288.6285095214844,288.9419860839844,293.1499938964844,293.1499938964844,278.1499938964844,0.0,18000.0,313.1499938964844,0.0,18000.0,0.0,0.0,0.0,0.0,0.0,0.0,0.0,0.0,0.0,-0.0,0.0,0.0,-7.778098853284027e-21,-3.889049426642014e-21,-3.889049426642014e-21,0.0,0.0,-0.0,0.0,0.0,0.0,-0.0,0.0,0.0,0.0,0.0,0.0,4.0,0.0,0.0
12125940,297.93780517578125,297.1499938964844,293.1499938964844,0.0,-0.0,291.1719665527344,0.9990000128746032,0.4625546932220459,0.3286157846450805,297.44537353515625,297.1499938964844,293.1499938964844,0.0,-0.0,291.169189453125,0.7612047791481018,0.1613709926605224,0.1526193618774414,297.4436340332031,297.1499938964844,293.1499938964844,0.0,-0.0,291.17071533203125,0.8580982089042664,0.2324874401092529,0.1623882800340652,297.35009765625,297.1499938964844,293.1499938964844,0.0,-0.0,291.1679382324219,0.7086385488510132,0.1285538971424102,0.1218995302915573,297.3930969238281,297.1499938964844,293.1499938964844,0.0,-0.0,291.1695861816406,0.78177410364151,0.1744618415832519,0.7836703062057495,291.1712646484375,286.440673828125,291.2833251953125,285.9594421386719,291.280517578125,297.8006286621094,291.1778259277344,1.0,0.3507668673992157,1.0,1.0,0.0,1.0,-1.8594263792037964,1.8594236373901367,2.793855855998117e-06,1.4344744682312012,0.0,0.0,0.0,55.188133239746094,76.0,133.24847412109375,-0.0,541.4562377929688,1.0,283.1644592285156,287.4449462890625,288.6285095214844,288.9419860839844,293.1499938964844,293.1499938964844,278.1499938964844,0.0,18000.0,313.1499938964844,0.0,18000.0,0.0,0.0,0.0,0.0,0.0,0.0,0.0,0.0,0.0,-0.0,0.0,0.0,-7.778098853284027e-21,-3.889049426642014e-21,-3.889049426642014e-21,0.0,0.0,-0.0,0.0,0.0,0.0,-0.0,0.0,0.0,0.0,0.0,0.0,4.0,0.0,0.0
12126000,297.93780517578125,297.1499938964844,293.1499938964844,0.0,-0.0,291.1719665527344,0.9990000128746032,0.4625546932220459,0.3286157846450805,297.44537353515625,297.1499938964844,293.1499938964844,0.0,-0.0,291.169189453125,0.7612047791481018,0.1613709926605224,0.1526193618774414,297.4436340332031,297.1499938964844,293.1499938964844,0.0,-0.0,291.17071533203125,0.8580982089042664,0.2324874401092529,0.1623882800340652,297.35009765625,297.1499938964844,293.1499938964844,0.0,-0.0,291.1679382324219,0.7086385488510132,0.1285538971424102,0.1218995302915573,297.3930969238281,297.1499938964844,293.1499938964844,0.0,-0.0,291.1695861816406,0.78177410364151,0.1744618415832519,0.7836703062057495,291.1712646484375,286.440673828125,291.2833251953125,285.9594421386719,291.280517578125,297.8006286621094,291.1778259277344,1.0,0.3507668673992157,1.0,1.0,0.0,1.0,-1.8594263792037964,1.8594236373901367,2.793855855998117e-06,1.4344744682312012,0.0,0.0,0.0,55.188133239746094,76.0,133.24847412109375,-0.0,541.4562377929688,1.0,283.1644592285156,287.4449462890625,288.6285095214844,288.9419860839844,293.1499938964844,293.1499938964844,278.1499938964844,0.0,18000.0,313.1499938964844,0.0,18000.0,0.0,0.0,0.0,0.0,0.0,0.0,0.0,0.0,0.0,-0.0,0.0,0.0,-7.778098853284027e-21,-3.889049426642014e-21,-3.889049426642014e-21,0.0,0.0,-0.0,0.0,0.0,0.0,-0.0,0.0,0.0,0.0,0.0,0.0,4.0,0.0,0.0
12126060,297.9629211425781,297.1499938964844,293.1499938964844,0.0,-0.0,291.2681884765625,0.9990000128746032,0.4750785231590271,0.3346935212612152,297.4670104980469,297.1499938964844,293.1499938964844,0.0,-0.0,291.2655334472656,0.7656635642051697,0.1673061251640319,0.1582040935754776,297.46124267578125,297.1499938964844,293.1499938964844,0.0,-0.0,291.2669677734375,0.8594995141029358,0.2379907518625259,0.1662149727344513,297.3714294433594,297.1499938964844,293.1499938964844,0.0,-0.0,291.2643127441406,0.712826132774353,0.133250206708908,0.126320019364357,297.4120483398437,297.1499938964844,293.1499938964844,0.0,-0.0,291.265869140625,0.7843935489654541,0.1794621497392654,0.806014358997345,291.2675170898437,286.336669921875,291.3766784667969,285.9906921386719,291.3739318847656,297.8210144042969,291.2738952636719,1.0,0.3597401976585388,1.0,1.0,0.0,1.0,-1.910163402557373,1.910160541534424,2.94552773993928e-06,1.474280834197998,0.0,0.0,0.0,57.60978317260742,79.0,133.24102783203125,-0.0,584.9838256835938,1.0,283.1644592285156,287.4449462890625,288.6285095214844,288.9419860839844,293.1499938964844,293.1499938964844,278.1499938964844,0.0,18000.0,313.1499938964844,0.0,18000.0,0.0,0.0,0.0,0.0,0.0,0.0,0.0,0.0,0.0,-0.0,0.0,0.0,-7.778098853284027e-21,-3.889049426642014e-21,-3.889049426642014e-21,0.0,0.0,-0.0,0.0,0.0,0.0,-0.0,0.0,0.0,0.0,0.0,0.0,4.0,0.0,0.0
12126120,297.9629211425781,297.1499938964844,293.1499938964844,0.0,-0.0,291.2681884765625,0.9990000128746032,0.4750785231590271,0.3346935212612152,297.4670104980469,297.1499938964844,293.1499938964844,0.0,-0.0,291.2655334472656,0.7656635642051697,0.1673061251640319,0.1582040935754776,297.46124267578125,297.1499938964844,293.1499938964844,0.0,-0.0,291.2669677734375,0.8594995141029358,0.2379907518625259,0.1662149727344513,297.3714294433594,297.1499938964844,293.1499938964844,0.0,-0.0,291.2643127441406,0.712826132774353,0.133250206708908,0.126320019364357,297.4120483398437,297.1499938964844,293.1499938964844,0.0,-0.0,291.265869140625,0.7843935489654541,0.1794621497392654,0.806014358997345,291.2675170898437,286.336669921875,291.3766784667969,285.9906921386719,291.3739318847656,297.8210144042969,291.2738952636719,1.0,0.3597401976585388,1.0,1.0,0.0,1.0,-1.910163402557373,1.910160541534424,2.94552773993928e-06,1.474280834197998,0.0,0.0,0.0,57.60978317260742,79.0,133.24102783203125,-0.0,584.9838256835938,1.0,283.1644592285156,287.4449462890625,288.6285095214844,288.9419860839844,293.1499938964844,293.1499938964844,278.1499938964844,0.0,18000.0,313.1499938964844,0.0,18000.0,0.0,0.0,0.0,0.0,0.0,0.0,0.0,0.0,0.0,-0.0,0.0,0.0,-7.778098853284027e-21,-3.889049426642014e-21,-3.889049426642014e-21,0.0,0.0,-0.0,0.0,0.0,0.0,-0.0,0.0,0.0,0.0,0.0,0.0,4.0,0.0,0.0
12126180,297.9781188964844,297.1499938964844,293.1499938964844,0.0,-0.0,291.3256225585937,0.9990000128746032,0.4827302396297455,0.3382258415222168,297.47998046875,297.1499938964844,293.1499938964844,0.0,-0.0,291.3230285644531,0.7685216069221497,0.170985534787178,0.161666065454483,297.4717712402344,297.1499938964844,293.1499938964844,0.0,-0.0,291.32440185546875,0.8605205416679382,0.2413862943649292,0.168575569987297,297.3841552734375,297.1499938964844,293.1499938964844,0.0,-0.0,291.32183837890625,0.7154397368431091,0.1361834704875946,0.1290810406208038,297.4233703613281,297.1499938964844,293.1499938964844,0.0,-0.0,291.3233337402344,0.7861528396606445,0.1825631558895111,0.8198691010475159,291.3249816894531,286.3088073730469,291.4324035644531,286.0091857910156,291.4297180175781,297.8332824707031,291.3312683105469,1.0,0.3652216792106628,1.0,1.0,0.0,1.0,-1.9413480758666992,1.941344976425171,3.04100262837892e-06,1.4987189769744873,0.984158992767334,0.984158992767334,0.0,59.0876350402832,79.0,133.2254638671875,-0.0,612.74609375,1.0,283.1644592285156,287.4449462890625,288.6285095214844,288.9419860839844,293.1499938964844,293.1499938964844,283.1499938964844,0.0,18000.0,313.1499938964844,0.0,18000.0,1.0,0.0,0.0,0.0,1.0,0.0,1.0,0.0,0.0,-0.0,0.0,0.0,-7.778098853284027e-21,-3.889049426642014e-21,-3.889049426642014e-21,0.0,0.0,-0.0,3.11639450956136e-05,0.0,0.0,-0.0,0.0,0.0,0.2000000029802322,1.0,0.0,3.0,1.0,0.0
12126240,297.95965576171875,297.1499938964844,293.1499938964844,0.0,-0.0,289.29840087890625,0.9990000128746032,0.4851973056793213,0.3410312831401825,297.4794921875,297.1499938964844,293.1499938964844,0.0,-0.0,289.5390930175781,0.7699747681617737,0.1726347059011459,0.1639271825551986,297.4638977050781,297.1499938964844,293.1499938964844,0.0,-0.0,289.41180419921875,0.8606405854225159,0.2422807961702346,0.1700457334518432,297.38531494140625,297.1499938964844,293.1499938964844,0.0,-0.0,289.6455993652344,0.7167556881904602,0.1375025361776352,0.1308928579092025,297.4210205078125,297.1499938964844,293.1499938964844,0.0,-0.0,289.5120544433594,0.7868397831916809,0.1837428212165832,0.8287798166275024,289.3583068847656,286.23638916015625,291.4700012207031,286.0215759277344,291.46734619140625,297.8239440917969,288.8208312988281,1.0,0.3689427375793457,1.0,1.0,0.0,1.0,-1.9620792865753167,1.962076187133789,3.1055101317178924e-06,1.5150202512741089,0.983066976070404,0.983066976070404,0.0,60.17683029174805,82.0,9392.74609375,-0.0,632.0021362304688,1.0,283.2046813964844,290.2152404785156,289.0509948730469,289.8787841796875,293.1499938964844,293.1499938964844,283.1499938964844,1492.255615234375,19080.0,313.1499938964844,0.0,18000.0,1.0,0.0,0.0,0.0,1.0,0.0223741885274648,1.0,0.0,0.0,0.8002952933311462,0.8003013134002686,6.353187842478293e-08,4.224356651306152,4.22434663772583,1.0132882380275989e-05,0.0,0.0,-0.0,3957.21337890625,0.0,16.57787322998047,1889.0460205078125,0.0,0.0,0.2000000029802322,1.0,0.0,3.0,1.0,0.0
12126300,297.8089294433594,297.1499938964844,293.1499938964844,0.0,-0.0,286.7894592285156,0.9990000128746032,0.4755647480487823,0.3548845052719116,297.4336242675781,297.1499938964844,293.1499938964844,0.0,-0.0,286.87017822265625,0.7597609758377075,0.1702352464199066,0.163871943950653,297.3837585449219,297.1499938964844,293.1499938964844,0.0,-0.0,286.8282775878906,0.8469730615615845,0.23642298579216,0.1684457510709762,297.3500671386719,297.1499938964844,293.1499938964844,0.0,-0.0,286.9100341796875,0.7071483135223389,0.13554447889328,0.1308558285236358,297.3677978515625,297.1499938964844,293.1499938964844,0.0,-0.0,286.861328125,0.7749736905097961,0.1802521646022796,0.8248552083969116,286.8099975585937,286.2139892578125,291.51666259765625,286.036865234375,291.5140380859375,297.7029724121094,286.6455993652344,1.0,0.3729912936687469,1.0,1.0,0.0,1.0,-1.97200345993042,1.972000241279602,3.1372305784316268e-06,1.523210525512695,0.960105299949646,0.960105299949646,0.0,63.29969024658203,82.0,11180.1611328125,-0.0,650.0758666992188,1.0,283.1854553222656,286.68768310546875,290.0949401855469,290.7759094238281,293.1499938964844,293.1499938964844,283.1499938964844,2337.7890625,19080.0,313.1499938964844,0.0,18000.0,1.0,0.0,0.0,0.0,1.0,0.1833720505237579,1.0,0.0,0.0,0.9921408295631408,0.9921427965164183,6.66262849335908e-08,4.26469087600708,4.264681339263916,9.79644937615376e-06,0.0,0.0,-0.0,3829.463623046875,0.0,30.22064208984375,1895.26904296875,0.0,0.0,0.2534181773662567,1.0,0.0,3.0,1.0,0.0
12126360,297.6345520019531,297.1499938964844,293.1499938964844,0.0,-0.0,285.964599609375,0.9990000128746032,0.4626159071922302,0.376914381980896,297.3785400390625,297.1499938964844,293.1499938964844,0.0,-0.0,285.99542236328125,0.7411596179008484,0.166619524359703,0.1610955893993377,297.29443359375,297.1499938964844,293.1499938964844,0.0,-0.0,285.9807434082031,0.8239665031433105,0.2291290462017059,0.1638553589582443,297.3070068359375,297.1499938964844,293.1499938964844,0.0,-0.0,286.0096435546875,0.687983512878418,0.1325837522745132,0.1286192387342453,297.30230712890625,297.1499938964844,293.1499938964844,0.0,-0.0,285.9925537109375,0.7538198232650757,0.1752005219459533,0.8059629201889038,285.97332763671875,286.1398620605469,291.5633239746094,286.05206298828125,291.5606994628906,297.5567626953125,285.9129638671875,1.0,0.3760658800601959,1.0,1.0,0.0,1.0,-1.9642528295516968,1.9642497301101685,3.113229695372865e-06,1.5173497200012207,0.9507233500480652,0.9507233500480652,0.0,67.88614654541016,70.0,11801.3154296875,-0.0,659.431884765625,1.0,283.17022705078125,285.6440734863281,290.4949645996094,291.3243713378906,293.1499938964844,293.1499938964844,283.1499938964844,3786.9287109375,20160.0,313.1499938964844,0.0,18000.0,1.0,0.0,0.0,0.0,1.0,0.3565096855163574,1.0,0.0,0.0,1.2498008012771606,1.2498035430908203,1.0427086749587033e-07,4.265887260437012,4.2658772468566895,9.786244845599867e-06,0.0,0.0,-0.0,3864.342041015625,0.0,60.44067001342773,1895.4320068359373,0.0,204.46258544921875,0.3191964328289032,1.0,0.0,3.0,1.0,0.0
12126420,297.45001220703125,297.1499938964844,293.1499938964844,0.0,-0.0,285.5385131835937,0.9990000128746032,0.4480837285518646,0.3953660428524017,297.322265625,297.1499938964844,293.1499938964844,0.0,-0.0,285.5546569824219,0.7250220775604248,0.1628120392560959,0.1573767513036728,297.2095031738281,297.1499938964844,293.1499938964844,0.0,-0.0,285.547607421875,0.8023344278335571,0.2218294441699981,0.1583560854196548,297.2627258300781,297.1499938964844,293.1499938964844,0.0,-0.0,285.5615539550781,0.6707022786140442,0.1294097602367401,0.1255749017000198,297.23309326171875,297.1499938964844,293.1499938964844,0.0,-0.0,285.553466796875,0.7349387407302856,0.1695239692926406,0.7801297903060913,285.5434875488281,286.1137084960937,291.6202392578125,286.0704650878906,291.6175537109375,297.3995056152344,285.5122375488281,1.0,0.3758964836597442,1.0,1.0,0.0,1.0,-1.9406769275665283,1.940673828125,3.04024615616072e-06,1.4991012811660769,0.94215190410614,0.94215190410614,0.0,71.52068328857422,70.0,12311.5810546875,-0.0,653.3106079101562,1.0,283.1585388183594,285.1403503417969,290.2919616699219,291.3275756835937,293.1499938964844,293.1499938964844,283.1499938964844,5943.15185546875,20160.0,313.1499938964844,0.0,18000.0,1.0,0.0,0.0,0.0,1.0,0.500160813331604,1.0,0.0,0.0,1.5540318489074707,1.5540361404418943,1.6114451284465758e-07,4.265923976898193,4.265913963317871,9.785931979422458e-06,0.0,0.0,-0.0,3808.188232421875,0.0,116.47207641601562,1895.43701171875,0.0,507.415771484375,0.3908628225326538,1.0,0.0,3.0,1.0,0.0
12126480,297.3569641113281,297.1499938964844,293.1499938964844,0.0,-0.0,285.3756408691406,0.9989827275276184,0.4404904842376709,0.4007931053638458,297.2941589355469,297.1499938964844,293.1499938964844,0.0,-0.0,285.3874206542969,0.7180734276771545,0.1609224528074264,0.1553925275802612,297.17010498046875,297.1499938964844,293.1499938964844,0.0,-0.0,285.3824462890625,0.7924937009811401,0.2182776033878326,0.1555365473031997,297.2403869628906,297.1499938964844,293.1499938964844,0.0,-0.0,285.392333984375,0.6634124517440796,0.1277894973754882,0.1239098310470581,297.19757080078125,297.1499938964844,293.1499938964844,0.0,-0.0,285.3866882324219,0.726586103439331,0.1664705723524093,0.7654056549072266,285.37939453125,286.14678955078125,291.6566772460937,286.0821533203125,291.6539611816406,297.32305908203125,285.356689453125,1.0,0.3744866549968719,1.0,1.0,0.0,1.0,-1.9218753576278689,1.9218723773956297,2.9827599519194337e-06,1.4845608472824097,0.9361468553543092,0.9361468553543092,0.0,72.7569580078125,58.0,12488.201171875,-0.0,643.0054931640625,1.0,283.1545104980469,284.9483642578125,290.041748046875,291.134765625,293.1499938964844,293.1499938964844,283.1499938964844,7342.74072265625,21240.0,313.1499938964844,0.0,18000.0,1.0,0.0,0.0,0.0,1.0,0.5593891143798828,1.0,0.0,0.0,1.7186822891235352,1.7186875343322754,1.970991405642053e-07,4.265924453735352,4.265914440155029,9.78592834144365e-06,0.0,0.0,-0.0,3743.29345703125,0.0,157.8127899169922,1895.4371337890625,0.0,726.8607177734375,0.4339546859264374,1.0,0.0,3.0,1.0,0.0
12126540,297.23162841796875,297.1499938964844,293.1499938964844,0.0,-0.0,285.0993957519531,0.9864853024482728,0.4302647709846496,0.3890675008296966,297.2458801269531,297.1499938964844,293.1499938964844,0.0,-0.0,285.105712890625,0.7081700563430786,0.1578228324651718,0.1519444435834884,297.1082458496094,297.1499938964844,293.1499938964844,0.0,-0.0,285.1031188964844,0.7786800861358643,0.2122126221656799,0.1506214588880539,297.2015686035156,297.1499938964844,293.1499938964844,0.0,-0.0,285.1083679199219,0.6534966826438904,0.1249744668602943,0.1208626478910446,297.1351013183594,297.1499938964844,293.1499938964844,0.0,-0.0,285.10546875,0.7134187817573547,0.1607014834880828,0.7365608811378479,285.1014404296875,286.1499938964844,291.75,286.11187744140625,291.7471923828125,297.22418212890625,285.0890808105469,1.0,0.3667377233505249,1.0,1.0,0.0,1.0,-1.8593233823776243,1.8593206405639648,2.794929741867236e-06,1.4353950023651123,0.9204030632972716,0.9204030632972716,0.0,73.1210708618164,46.0,12656.9111328125,-0.0,598.1386108398438,1.0,283.1506652832031,284.6208801269531,289.4204406738281,290.4947204589844,293.1499938964844,293.1499938964844,283.1499938964844,11219.453125,22320.0,313.1499938964844,0.0,18000.0,1.0,0.0,0.0,0.0,1.0,0.6178700923919678,1.0,0.0,0.0,2.091624021530152,2.0916318893432617,2.919178427873703e-07,4.265924453735352,4.265914440155029,9.78592834144365e-06,0.0,0.0,-0.0,3579.09912109375,0.0,285.9268798828125,1895.4371337890625,0.0,1032.7733154296875,0.5253182649612427,1.0,0.0,3.0,1.0,0.0
12126600,297.23162841796875,297.1499938964844,293.1499938964844,0.0,-0.0,285.0993957519531,0.9864853024482728,0.4302647709846496,0.3890675008296966,297.2458801269531,297.1499938964844,293.1499938964844,0.0,-0.0,285.105712890625,0.7081700563430786,0.1578228324651718,0.1519444435834884,297.1082458496094,297.1499938964844,293.1499938964844,0.0,-0.0,285.1031188964844,0.7786800861358643,0.2122126221656799,0.1506214588880539,297.2015686035156,297.1499938964844,293.1499938964844,0.0,-0.0,285.1083679199219,0.6534966826438904,0.1249744668602943,0.1208626478910446,297.1351013183594,297.1499938964844,293.1499938964844,0.0,-0.0,285.10546875,0.7134187817573547,0.1607014834880828,0.7365608811378479,285.1014404296875,286.1499938964844,291.75,286.11187744140625,291.7471923828125,297.22418212890625,285.0890808105469,1.0,0.3667377233505249,1.0,1.0,0.0,1.0,-1.8593233823776243,1.8593206405639648,2.794929741867236e-06,1.4353950023651123,0.9204030632972716,0.9204030632972716,0.0,73.1210708618164,46.0,12656.9111328125,-0.0,598.1386108398438,1.0,283.1506652832031,284.6208801269531,289.4204406738281,290.4947204589844,293.1499938964844,293.1499938964844,283.1499938964844,11219.453125,22320.0,313.1499938964844,0.0,18000.0,1.0,0.0,0.0,0.0,1.0,0.6178700923919678,1.0,0.0,0.0,2.091624021530152,2.0916318893432617,2.919178427873703e-07,4.265924453735352,4.265914440155029,9.78592834144365e-06,0.0,0.0,-0.0,3579.09912109375,0.0,285.9268798828125,1895.4371337890625,0.0,1032.7733154296875,0.5253182649612427,1.0,0.0,3.0,1.0,0.0
12126660,297.19219970703125,297.1499938964844,293.1499938964844,0.0,-0.0,284.9594116210937,0.9986147284507751,0.4272516667842865,0.384964257478714,297.22369384765625,297.1499938964844,293.1499938964844,0.0,-0.0,284.9625549316406,0.7192987203598022,0.1567669808864593,0.1502865254878997,297.0830383300781,297.1499938964844,293.1499938964844,0.0,-0.0,284.9613037109375,0.7892601490020752,0.2091010063886642,0.1478491872549057,297.18389892578125,297.1499938964844,293.1499938964844,0.0,-0.0,284.96392822265625,0.6633895635604858,0.1238182336091995,0.1191855296492576,297.1048583984375,297.1499938964844,293.1499938964844,0.0,-0.0,284.9625244140625,0.7210021018981934,0.1574214696884155,0.7182608246803284,284.96044921875,286.14947509765625,291.84332275390625,286.1412353515625,291.8404846191406,297.1957702636719,284.9542236328125,1.0,0.35639089345932,1.0,1.0,0.0,1.0,-1.8250703811645508,1.8250676393508911,2.6949078346660822e-06,1.408342719078064,0.9038031697273254,0.9038031697273254,0.0,66.8394546508789,34.0,12782.904296875,-0.0,554.4442138671875,1.0,283.15008544921875,284.4495544433594,289.07940673828125,290.068359375,293.1499938964844,293.1499938964844,283.1499938964844,14947.9462890625,23400.0,313.1499938964844,0.0,18000.0,1.0,0.0,0.0,0.0,1.0,0.6003957390785217,1.0,0.0,0.0,2.370856285095215,2.370866298675537,3.750626547116554e-07,4.265924453735352,4.265914440155029,9.78592834144365e-06,0.0,0.0,-0.0,3490.0341796875,0.0,418.9991149902344,1895.4371337890625,0.0,931.0059814453124,0.5940371751785278,1.0,0.0,3.0,1.0,0.0
12126720,297.19219970703125,297.1499938964844,293.1499938964844,0.0,-0.0,284.9594116210937,0.9986147284507751,0.4272516667842865,0.384964257478714,297.22369384765625,297.1499938964844,293.1499938964844,0.0,-0.0,284.9625549316406,0.7192987203598022,0.1567669808864593,0.1502865254878997,297.0830383300781,297.1499938964844,293.1499938964844,0.0,-0.0,284.9613037109375,0.7892601490020752,0.2091010063886642,0.1478491872549057,297.18389892578125,297.1499938964844,293.1499938964844,0.0,-0.0,284.96392822265625,0.6633895635604858,0.1238182336091995,0.1191855296492576,297.1048583984375,297.1499938964844,293.1499938964844,0.0,-0.0,284.9625244140625,0.7210021018981934,0.1574214696884155,0.7182608246803284,284.96044921875,286.14947509765625,291.84332275390625,286.1412353515625,291.8404846191406,297.1957702636719,284.9542236328125,1.0,0.35639089345932,1.0,1.0,0.0,1.0,-1.8250703811645508,1.8250676393508911,2.6949078346660822e-06,1.408342719078064,0.9038031697273254,0.9038031697273254,0.0,66.8394546508789,34.0,12782.904296875,-0.0,554.4442138671875,1.0,283.15008544921875,284.4495544433594,289.07940673828125,290.068359375,293.1499938964844,293.1499938964844,283.1499938964844,14947.9462890625,23400.0,313.1499938964844,0.0,18000.0,1.0,0.0,0.0,0.0,1.0,0.6003957390785217,1.0,0.0,0.0,2.370856285095215,2.370866298675537,3.750626547116554e-07,4.265924453735352,4.265914440155029,9.78592834144365e-06,0.0,0.0,-0.0,3490.0341796875,0.0,418.9991149902344,1895.4371337890625,0.0,931.0059814453124,0.5940371751785278,1.0,0.0,3.0,1.0,0.0
12126780,297.2149658203125,297.1499938964844,293.1499938964844,0.0,-0.0,284.8762512207031,0.9990000128746032,0.4300044178962707,0.3601270318031311,297.217529296875,297.1499938964844,293.1499938964844,0.0,-0.0,284.8783264160156,0.7353131175041199,0.1570639759302139,0.1500490605831146,297.0771179199219,297.1499938964844,293.1499938964844,0.0,-0.0,284.8774719238281,0.806444525718689,0.207639142870903,0.146414652466774,297.1797790527344,297.1499938964844,293.1499938964844,0.0,-0.0,284.8792724609375,0.6795482635498047,0.1238186880946159,0.1187042444944381,297.0946655273437,297.1499938964844,293.1499938964844,0.0,-0.0,284.8783569335937,0.7341796159744263,0.1558018177747726,0.7082237601280212,284.8769226074219,286.14520263671875,291.9366760253906,286.170166015625,291.9337463378906,297.2065734863281,284.87237548828125,1.0,0.3437579274177551,1.0,1.0,0.0,1.0,-1.7806272506713867,1.7806246280670166,2.568722493379028e-06,1.3735332489013672,0.8866214752197266,0.8866214752197266,0.0,59.8183822631836,25.0,12770.4248046875,-0.0,503.3507080078125,1.0,283.1499938964844,284.3449401855469,288.994384765625,289.9205627441406,293.1499938964844,293.1499938964844,283.1499938964844,18285.0625,22320.0,313.1499938964844,0.0,18000.0,1.0,0.0,0.0,0.0,1.0,0.5620256662368774,1.0,0.0,0.0,2.5686724185943604,2.5686843395233154,4.402616013976513e-07,4.265924453735352,4.265914440155029,9.78592834144365e-06,0.0,0.0,-0.0,3465.63623046875,0.0,536.7625122070312,1895.4371337890625,0.0,738.5771484375,0.6372158527374268,1.0,0.0,3.0,1.0,0.0
12126840,297.2149658203125,297.1499938964844,293.1499938964844,0.0,-0.0,284.8762512207031,0.9990000128746032,0.4300044178962707,0.3601270318031311,297.217529296875,297.1499938964844,293.1499938964844,0.0,-0.0,284.8783264160156,0.7353131175041199,0.1570639759302139,0.1500490605831146,297.0771179199219,297.1499938964844,293.1499938964844,0.0,-0.0,284.8774719238281,0.806444525718689,0.207639142870903,0.146414652466774,297.1797790527344,297.1499938964844,293.1499938964844,0.0,-0.0,284.8792724609375,0.6795482635498047,0.1238186880946159,0.1187042444944381,297.0946655273437,297.1499938964844,293.1499938964844,0.0,-0.0,284.8783569335937,0.7341796159744263,0.1558018177747726,0.7082237601280212,284.8769226074219,286.14520263671875,291.9366760253906,286.170166015625,291.9337463378906,297.2065734863281,284.87237548828125,1.0,0.3437579274177551,1.0,1.0,0.0,1.0,-1.7806272506713867,1.7806246280670166,2.568722493379028e-06,1.3735332489013672,0.8866214752197266,0.8866214752197266,0.0,59.8183822631836,25.0,12770.4248046875,-0.0,503.3507080078125,1.0,283.1499938964844,284.3449401855469,288.994384765625,289.9205627441406,293.1499938964844,293.1499938964844,283.1499938964844,18285.0625,22320.0,313.1499938964844,0.0,18000.0,1.0,0.0,0.0,0.0,1.0,0.5620256662368774,1.0,0.0,0.0,2.5686724185943604,2.5686843395233154,4.402616013976513e-07,4.265924453735352,4.265914440155029,9.78592834144365e-06,0.0,0.0,-0.0,3465.63623046875,0.0,536.7625122070312,1895.4371337890625,0.0,738.5771484375,0.6372158527374268,1.0,0.0,3.0,1.0,0.0
12126900,297.2544250488281,297.1499938964844,293.1499938964844,0.0,-0.0,284.8538513183594,0.9990000128746032,0.4342804849147796,0.3445520102977752,297.2184143066406,297.1499938964844,293.1499938964844,0.0,-0.0,284.85504150390625,0.7459281086921692,0.1575767248868942,0.1502955257892608,297.0783996582031,297.1499938964844,293.1499938964844,0.0,-0.0,284.85455322265625,0.8173838257789612,0.207302525639534,0.1459994912147522,297.1811828613281,297.1499938964844,293.1499938964844,0.0,-0.0,284.8555908203125,0.6904975175857544,0.1241454482078552,0.1187853664159774,297.0948181152344,297.1499938964844,293.1499938964844,0.0,-0.0,284.8550720214844,0.7434321045875549,0.1554646342992782,0.7054063081741333,284.854248046875,286.1199951171875,291.9833374023437,286.1845092773437,291.9803771972656,297.2253112792969,284.8514709472656,1.0,0.337186336517334,1.0,1.0,0.0,1.0,-1.758435845375061,1.7584333419799805,2.506902774257469e-06,1.356020450592041,0.8782006502151489,0.8782006502151489,0.0,56.066497802734375,25.0,12713.0068359375,-0.0,477.9574890136719,1.0,283.1499938964844,284.3197631835937,289.0080261230469,289.91229248046875,293.1499938964844,293.1499938964844,283.1499938964844,19268.232421875,22320.0,313.1499938964844,0.0,18000.0,1.0,0.0,0.0,0.0,1.0,0.5441287159919739,1.0,0.0,0.0,2.606420993804932,2.606433391571045,4.53296621572008e-07,4.265924453735352,4.265914440155029,9.78592834144365e-06,0.0,0.0,-0.0,3465.875732421875,0.0,563.1368408203125,1895.4371337890625,0.0,662.5450439453125,0.6493685245513916,1.0,0.0,3.0,1.0,0.0
12126960,297.3061218261719,297.1499938964844,293.1499938964844,0.0,-0.0,284.8372802734375,0.9990000128746032,0.44001305103302,0.3276449739933014,297.2212219238281,297.1499938964844,293.1499938964844,0.0,-0.0,284.8381652832031,0.7588473558425903,0.158285453915596,0.150740385055542,297.0816345214844,297.1499938964844,293.1499938964844,0.0,-0.0,284.8377990722656,0.8298532962799072,0.2071666568517685,0.1457376629114151,297.1843566894531,297.1499938964844,293.1499938964844,0.0,-0.0,284.8385925292969,0.7034934759140015,0.1246524304151535,0.1190469041466713,297.0977783203125,297.1499938964844,293.1499938964844,0.0,-0.0,284.83819580078125,0.7549591660499573,0.1554029732942581,0.7038806676864624,284.8375549316406,286.13720703125,292.0299987792969,286.19873046875,292.0270080566406,297.25323486328125,284.8353881835937,1.0,0.3304653763771057,1.0,1.0,0.0,1.0,-1.736836552619934,1.736834168434143,2.4475921236444265e-06,1.338962197303772,0.869336724281311,0.869336724281311,0.0,52.21967697143555,28.0,12660.0029296875,-0.0,453.22314453125,1.0,283.1499938964844,284.2999267578125,289.04254150390625,289.9324035644531,293.1499938964844,293.1499938964844,283.1499938964844,20186.9296875,21240.0,313.1499938964844,0.0,18000.0,1.0,0.0,0.0,0.0,1.0,0.5294067859649658,1.0,0.0,0.0,2.6380083560943604,2.638021230697632,4.64350279116843e-07,4.265924453735352,4.265914440155029,9.78592834144365e-06,0.0,0.0,-0.0,3472.478271484375,0.0,586.287353515625,1895.4371337890625,0.0,605.8693237304688,0.6545487642288208,1.0,0.0,3.0,1.0,0.0
12127020,297.4217224121094,297.1499938964844,293.1499938964844,0.0,-0.0,284.8307800292969,0.9990000128746032,0.4537068009376526,0.3012584745883941,297.231201171875,297.1499938964844,293.1499938964844,0.0,-0.0,284.8307189941406,0.7830844521522522,0.1601942181587219,0.1521976441144943,297.09234619140625,297.1499938964844,293.1499938964844,0.0,-0.0,284.83074951171875,0.851973831653595,0.2073802053928375,0.145632803440094,297.19464111328125,297.1499938964844,293.1499938964844,0.0,-0.0,284.8306884765625,0.7253718376159668,0.1261267513036728,0.1201037988066673,297.11016845703125,297.1499938964844,293.1499938964844,0.0,-0.0,284.8307189941406,0.7765981554985046,0.1559908539056778,0.7045496106147766,284.8307800292969,286.1254577636719,292.1233215332031,286.2268981933594,292.12030029296875,297.32342529296875,284.8309326171875,1.0,0.3214443624019623,1.0,1.0,0.0,1.0,-1.7088369131088257,1.708834528923035,2.3717157091596164e-06,1.3166241645812988,0.852348268032074,0.852348268032074,0.0,46.68605041503906,31.0,12599.6826171875,-0.0,420.4068603515625,1.0,283.1499938964844,284.29376220703125,289.13592529296875,290.0124816894531,293.1499938964844,293.1499938964844,283.1499938964844,21117.166015625,20160.0,313.1499938964844,0.0,18000.0,1.0,0.0,0.0,0.0,1.0,0.5109336972236633,1.0,0.0,0.0,2.6326205730438232,2.632633686065674,4.6245546059253684e-07,4.265924453735352,4.265914440155029,9.78592834144365e-06,0.0,0.0,-0.0,3493.423095703125,0.0,588.1670532226562,1895.4371337890625,0.0,541.6248779296875,0.6540074944496155,1.0,0.0,3.0,1.0,0.0
12127080,297.4217224121094,297.1499938964844,293.1499938964844,0.0,-0.0,284.8307800292969,0.9990000128746032,0.4537068009376526,0.3012584745883941,297.231201171875,297.1499938964844,293.1499938964844,0.0,-0.0,284.8307189941406,0.7830844521522522,0.1601942181587219,0.1521976441144943,297.09234619140625,297.1499938964844,293.1499938964844,0.0,-0.0,284.83074951171875,0.851973831653595,0.2073802053928375,0.145632803440094,297.19464111328125,297.1499938964844,293.1499938964844,0.0,-0.0,284.8306884765625,0.7253718376159668,0.1261267513036728,0.1201037988066673,297.11016845703125,297.1499938964844,293.1499938964844,0.0,-0.0,284.8307189941406,0.7765981554985046,0.1559908539056778,0.7045496106147766,284.8307800292969,286.1254577636719,292.1233215332031,286.2268981933594,292.12030029296875,297.32342529296875,284.8309326171875,1.0,0.3214443624019623,1.0,1.0,0.0,1.0,-1.7088369131088257,1.708834528923035,2.3717157091596164e-06,1.3166241645812988,0.852348268032074,0.852348268032074,0.0,46.68605041503906,31.0,12599.6826171875,-0.0,420.4068603515625,1.0,283.1499938964844,284.29376220703125,289.13592529296875,290.0124816894531,293.1499938964844,293.1499938964844,283.1499938964844,21117.166015625,20160.0,313.1499938964844,0.0,18000.0,1.0,0.0,0.0,0.0,1.0,0.5109336972236633,1.0,0.0,0.0,2.6326205730438232,2.632633686065674,4.6245546059253684e-07,4.265924453735352,4.265914440155029,9.78592834144365e-06,0.0,0.0,-0.0,3493.423095703125,0.0,588.1670532226562,1895.4371337890625,0.0,541.6248779296875,0.6540074944496155,1.0,0.0,3.0,1.0,0.0
12127140,297.5279846191406,297.1499938964844,293.1499938964844,0.0,-0.0,284.8500061035156,0.9990000128746032,0.4679328501224518,0.2810008525848388,297.2449951171875,297.1499938964844,293.1499938964844,0.0,-0.0,284.84942626953125,0.805658757686615,0.1626178324222564,0.1542355865240097,297.1065979003906,297.1499938964844,293.1499938964844,0.0,-0.0,284.8497009277344,0.8724312782287598,0.2080927938222885,0.1459464132785797,297.2084045410156,297.1499938964844,293.1499938964844,0.0,-0.0,284.8490905761719,0.7442595958709717,0.1280830353498459,0.1217085644602775,297.1280517578125,297.1499938964844,293.1499938964844,0.0,-0.0,284.8493957519531,0.7970354557037354,0.1572928577661514,0.7090030908584595,284.849853515625,286.1099853515625,292.2166748046875,286.2546691894531,292.2135925292969,297.3955993652344,284.8515625,1.0,0.3157075345516205,1.0,1.0,0.0,1.0,-1.6946043968200684,1.6946020126342771,2.33359992307669e-06,1.3051799535751345,0.8360189199447632,0.8360189199447632,0.0,42.88014602661133,49.0,12603.0849609375,-0.0,401.2404479980469,1.0,283.1499938964844,284.3159484863281,289.2256774902344,290.1044921875,293.1499938964844,293.1499938964844,283.1499938964844,21330.845703125,19080.0,313.1499938964844,0.0,18000.0,1.0,0.0,0.0,0.0,1.0,0.5054175853729248,1.0,0.0,0.0,2.578865766525269,2.578878164291382,4.4376270125212613e-07,4.265924453735352,4.265914440155029,9.78592834144365e-06,0.0,0.0,-0.0,3516.3037109375,0.0,558.5105590820312,1895.4371337890625,0.0,523.82275390625,0.6418821811676025,1.0,0.0,3.0,1.0,0.0
12127200,297.5279846191406,297.1499938964844,293.1499938964844,0.0,-0.0,284.8500061035156,0.9990000128746032,0.4679328501224518,0.2810008525848388,297.2449951171875,297.1499938964844,293.1499938964844,0.0,-0.0,284.84942626953125,0.805658757686615,0.1626178324222564,0.1542355865240097,297.1065979003906,297.1499938964844,293.1499938964844,0.0,-0.0,284.8497009277344,0.8724312782287598,0.2080927938222885,0.1459464132785797,297.2084045410156,297.1499938964844,293.1499938964844,0.0,-0.0,284.8490905761719,0.7442595958709717,0.1280830353498459,0.1217085644602775,297.1280517578125,297.1499938964844,293.1499938964844,0.0,-0.0,284.8493957519531,0.7970354557037354,0.1572928577661514,0.7090030908584595,284.849853515625,286.1099853515625,292.2166748046875,286.2546691894531,292.2135925292969,297.3955993652344,284.8515625,1.0,0.3157075345516205,1.0,1.0,0.0,1.0,-1.6946043968200684,1.6946020126342771,2.33359992307669e-06,1.3051799535751345,0.8360189199447632,0.8360189199447632,0.0,42.88014602661133,49.0,12603.0849609375,-0.0,401.2404479980469,1.0,283.1499938964844,284.3159484863281,289.2256774902344,290.1044921875,293.1499938964844,293.1499938964844,283.1499938964844,21330.845703125,19080.0,313.1499938964844,0.0,18000.0,1.0,0.0,0.0,0.0,1.0,0.5054175853729248,1.0,0.0,0.0,2.578865766525269,2.578878164291382,4.4376270125212613e-07,4.265924453735352,4.265914440155029,9.78592834144365e-06,0.0,0.0,-0.0,3516.3037109375,0.0,558.5105590820312,1895.4371337890625,0.0,523.82275390625,0.6418821811676025,1.0,0.0,3.0,1.0,0.0
12127260,297.6012268066406,297.1499938964844,293.1499938964844,0.0,-0.0,284.89678955078125,0.9990000128746032,0.4802026450634002,0.2807973325252533,297.26123046875,297.1499938964844,293.1499938964844,0.0,-0.0,284.8954467773437,0.810353696346283,0.1654624938964843,0.1568247526884079,297.1231689453125,297.1499938964844,293.1499938964844,0.0,-0.0,284.89605712890625,0.87408047914505,0.2092204242944717,0.1466594040393829,297.2243347167969,297.1499938964844,293.1499938964844,0.0,-0.0,284.8946838378906,0.7485390305519104,0.1304347664117813,0.1238394081592559,297.14849853515625,297.1499938964844,293.1499938964844,0.0,-0.0,284.8953552246094,0.8001357316970825,0.1590865701436996,0.7165535092353821,284.8964538574219,286.0907897949219,292.3099975585937,286.2820129394531,292.30694580078125,297.4539794921875,284.9007263183594,1.0,0.3187294900417328,1.0,1.0,0.0,1.0,-1.7099257707595823,1.7099233865737915,2.373852794335108e-06,1.3168588876724243,0.8207465410232544,0.8207465410232544,0.0,43.16387176513672,67.0,12766.8056640625,-0.0,410.7927856445313,1.0,283.1499938964844,284.3675842285156,289.29278564453125,290.1834716796875,293.1499938964844,293.1499938964844,283.1499938964844,21038.484375,18000.0,313.1499938964844,0.0,18000.0,1.0,0.0,0.0,0.0,1.0,0.5079023838043213,1.0,0.0,0.0,2.4955129623413086,2.495524883270264,4.155401711614104e-07,4.265924453735352,4.265914440155029,9.78592834144365e-06,0.0,0.0,-0.0,3538.978271484375,0.0,511.5304870605469,1895.4371337890625,0.0,531.7664184570312,0.6226239800453186,1.0,0.0,3.0,1.0,0.0
12127320,297.6012268066406,297.1499938964844,293.1499938964844,0.0,-0.0,284.89678955078125,0.9990000128746032,0.4802026450634002,0.2807973325252533,297.26123046875,297.1499938964844,293.1499938964844,0.0,-0.0,284.8954467773437,0.810353696346283,0.1654624938964843,0.1568247526884079,297.1231689453125,297.1499938964844,293.1499938964844,0.0,-0.0,284.89605712890625,0.87408047914505,0.2092204242944717,0.1466594040393829,297.2243347167969,297.1499938964844,293.1499938964844,0.0,-0.0,284.8946838378906,0.7485390305519104,0.1304347664117813,0.1238394081592559,297.14849853515625,297.1499938964844,293.1499938964844,0.0,-0.0,284.8953552246094,0.8001357316970825,0.1590865701436996,0.7165535092353821,284.8964538574219,286.0907897949219,292.3099975585937,286.2820129394531,292.30694580078125,297.4539794921875,284.9007263183594,1.0,0.3187294900417328,1.0,1.0,0.0,1.0,-1.7099257707595823,1.7099233865737915,2.373852794335108e-06,1.3168588876724243,0.8207465410232544,0.8207465410232544,0.0,43.16387176513672,67.0,12766.8056640625,-0.0,410.7927856445313,1.0,283.1499938964844,284.3675842285156,289.29278564453125,290.1834716796875,293.1499938964844,293.1499938964844,283.1499938964844,21038.484375,18000.0,313.1499938964844,0.0,18000.0,1.0,0.0,0.0,0.0,1.0,0.5079023838043213,1.0,0.0,0.0,2.4955129623413086,2.495524883270264,4.155401711614104e-07,4.265924453735352,4.265914440155029,9.78592834144365e-06,0.0,0.0,-0.0,3538.978271484375,0.0,511.5304870605469,1895.4371337890625,0.0,531.7664184570312,0.6226239800453186,1.0,0.0,3.0,1.0,0.0
12127380,297.61737060546875,297.1499938964844,293.1499938964844,0.0,-0.0,284.9731140136719,0.9990000128746032,0.4876113831996918,0.2984791398048401,297.2786560058594,297.1499938964844,293.1499938964844,0.0,-0.0,284.9710998535156,0.7989357113838196,0.1686366349458694,0.1598687916994094,297.1411437988281,297.1499938964844,293.1499938964844,0.0,-0.0,284.971923828125,0.8585230708122253,0.2107003927230835,0.147718608379364,297.2413024902344,297.1499938964844,293.1499938964844,0.0,-0.0,284.97003173828125,0.7390364408493042,0.1330956667661667,0.1264045685529709,297.16851806640625,297.1499938964844,293.1499938964844,0.0,-0.0,284.970947265625,0.7870624661445618,0.1610982716083526,0.7259683012962341,284.9725341796875,286.06787109375,292.4033203125,286.3089904785156,292.4003601074219,297.4764709472656,284.9785461425781,1.0,0.3285831809043884,1.0,1.0,0.0,1.0,-1.7504533529281616,1.750450849533081,2.4833398128976114e-06,1.3485078811645508,0.8070160746574402,0.8070160746574402,0.0,47.076446533203125,85.0,13079.7119140625,-0.0,446.2117309570313,1.0,283.1499938964844,284.44708251953125,289.34234619140625,290.25262451171875,293.1499938964844,293.1499938964844,283.1499938964844,20389.10546875,18000.0,313.1499938964844,0.0,18000.0,1.0,0.0,0.0,0.0,1.0,0.5147716999053955,1.0,0.0,0.0,2.396054744720459,2.3960659503936768,3.830776620361576e-07,4.265924453735352,4.265914440155029,9.78592834144365e-06,0.0,0.0,-0.0,3563.185791015625,0.0,457.65771484375,1895.4371337890625,0.0,554.3757934570312,0.6023849248886108,1.0,0.0,3.0,1.0,0.0
12127440,297.61737060546875,297.1499938964844,293.1499938964844,0.0,-0.0,284.9731140136719,0.9990000128746032,0.4876113831996918,0.2984791398048401,297.2786560058594,297.1499938964844,293.1499938964844,0.0,-0.0,284.9710998535156,0.7989357113838196,0.1686366349458694,0.1598687916994094,297.1411437988281,297.1499938964844,293.1499938964844,0.0,-0.0,284.971923828125,0.8585230708122253,0.2107003927230835,0.147718608379364,297.2413024902344,297.1499938964844,293.1499938964844,0.0,-0.0,284.97003173828125,0.7390364408493042,0.1330956667661667,0.1264045685529709,297.16851806640625,297.1499938964844,293.1499938964844,0.0,-0.0,284.970947265625,0.7870624661445618,0.1610982716083526,0.7259683012962341,284.9725341796875,286.06787109375,292.4033203125,286.3089904785156,292.4003601074219,297.4764709472656,284.9785461425781,1.0,0.3285831809043884,1.0,1.0,0.0,1.0,-1.7504533529281616,1.750450849533081,2.4833398128976114e-06,1.3485078811645508,0.8070160746574402,0.8070160746574402,0.0,47.076446533203125,85.0,13079.7119140625,-0.0,446.2117309570313,1.0,283.1499938964844,284.44708251953125,289.34234619140625,290.25262451171875,293.1499938964844,293.1499938964844,283.1499938964844,20389.10546875,18000.0,313.1499938964844,0.0,18000.0,1.0,0.0,0.0,0.0,1.0,0.5147716999053955,1.0,0.0,0.0,2.396054744720459,2.3960659503936768,3.830776620361576e-07,4.265924453735352,4.265914440155029,9.78592834144365e-06,0.0,0.0,-0.0,3563.185791015625,0.0,457.65771484375,1895.4371337890625,0.0,554.3757934570312,0.6023849248886108,1.0,0.0,3.0,1.0,0.0
12127500,297.6057434082031,297.1499938964844,293.1499938964844,0.0,-0.0,285.0162658691406,0.9990000128746032,0.4894360601902008,0.3125825226306915,297.2874755859375,297.1499938964844,293.1499938964844,0.0,-0.0,285.0140686035156,0.7891700863838196,0.1703178435564041,0.1615290641784668,297.1503601074219,297.1499938964844,293.1499938964844,0.0,-0.0,285.0149230957031,0.8469598889350891,0.2115493416786193,0.1483599543571472,297.2498779296875,297.1499938964844,293.1499938964844,0.0,-0.0,285.0129089355469,0.7310734987258911,0.1345173120498657,0.1278214752674102,297.177734375,297.1499938964844,293.1499938964844,0.0,-0.0,285.01385498046875,0.7765929102897644,0.1621200144290924,0.7310187816619873,285.015625,286.0379943847656,292.45001220703125,286.32232666015625,292.4470520019531,297.473876953125,285.02203369140625,1.0,0.3355941474437713,1.0,1.0,0.0,1.0,-1.7779110670089722,1.777908444404602,2.5592946713004494e-06,1.3699970245361328,0.8009277582168579,0.8009277582168579,0.0,50.24028015136719,85.0,13287.04296875,-0.0,472.6273193359375,1.0,283.1499938964844,284.48974609375,289.363525390625,290.2861633300781,293.1499938964844,293.1499938964844,283.1499938964844,20204.27734375,18000.0,313.1499938964844,0.0,18000.0,1.0,0.0,0.0,0.0,1.0,0.5192983746528625,1.0,0.0,0.0,2.3558173179626465,2.355828285217285,3.703195261550718e-07,4.265924453735352,4.265914440155029,9.78592834144365e-06,0.0,0.0,-0.0,3576.604736328125,0.0,437.3727416992188,1895.4371337890625,0.0,569.80908203125,0.5933095812797546,1.0,0.0,3.0,1.0,0.0
12127560,297.5826416015625,297.1499938964844,293.1499938964844,0.0,-0.0,285.0623474121094,0.9990000128746032,0.4900588989257812,0.3294995129108429,297.2962951660156,297.1499938964844,293.1499938964844,0.0,-0.0,285.0599365234375,0.7779238820075989,0.1720529198646545,0.163268432021141,297.1596069335937,297.1499938964844,293.1499938964844,0.0,-0.0,285.0608215332031,0.8342384099960327,0.2124586403369903,0.1490654498338699,297.2584228515625,297.1499938964844,293.1499938964844,0.0,-0.0,285.0587463378906,0.7218340039253235,0.1359880566596985,0.1293147057294845,297.1862487792969,297.1499938964844,293.1499938964844,0.0,-0.0,285.0597229003906,0.7647556066513062,0.1631325483322143,0.7361775636672974,285.06158447265625,286.04119873046875,292.4966735839844,286.3355407714844,292.4937744140625,297.46307373046875,285.0682678222656,1.0,0.3437532186508178,1.0,1.0,0.0,1.0,-1.8091421127319336,1.809139490127564,2.647379915288184e-06,1.394446849822998,0.7949367165565491,0.7949367165565491,0.0,54.16736602783203,88.0,13519.1298828125,-0.0,504.6046752929688,1.0,283.1499938964844,284.53436279296875,289.3830871582031,290.31939697265625,293.1499938964844,293.1499938964844,283.1499938964844,20014.6328125,18000.0,313.1499938964844,0.0,18000.0,1.0,0.0,0.0,0.0,1.0,0.524380087852478,1.0,0.0,0.0,2.319304943084717,2.3193156719207764,3.589294124139997e-07,4.265924453735352,4.265914440155029,9.78592834144365e-06,0.0,0.0,-0.0,3590.673583984375,0.0,419.4028015136719,1895.4371337890625,0.0,587.6567993164062,0.5850561857223511,1.0,0.0,3.0,1.0,0.0
12127620,297.5239562988281,297.1499938964844,293.1499938964844,0.0,-0.0,285.1523742675781,0.9990000128746032,0.4895915389060974,0.356246680021286,297.3133850097656,297.1499938964844,293.1499938964844,0.0,-0.0,285.1501159667969,0.763299286365509,0.1756401509046554,0.1668323874473571,297.1776123046875,297.1499938964844,293.1499938964844,0.0,-0.0,285.1508483886719,0.8166881203651428,0.2144054770469665,0.1505495011806488,297.2748718261719,297.1499938964844,293.1499938964844,0.0,-0.0,285.1490478515625,0.7090505957603455,0.1390276253223419,0.1323699057102203,297.2012023925781,297.1499938964844,293.1499938964844,0.0,-0.0,285.1498718261719,0.7488000988960266,0.1651080995798111,0.7460993528366089,285.151611328125,286.01080322265625,292.5899963378906,286.3616943359375,292.5871887207031,297.4306945800781,285.1574401855469,1.0,0.3569436371326446,1.0,1.0,0.0,1.0,-1.862911820411682,1.8629090785980225,2.803408960971865e-06,1.4366883039474487,0.7845039963722229,0.7845039963722229,0.0,60.86236572265625,91.0,13939.16015625,-0.0,561.8509521484375,1.0,283.1499938964844,284.6200561523437,289.4173583984375,290.38165283203125,293.1499938964844,293.1499938964844,283.1499938964844,19713.00390625,18000.0,313.1499938964844,0.0,18000.0,1.0,0.0,0.0,0.0,1.0,0.535640299320221,1.0,0.0,0.0,2.2537758350372314,2.253786087036133,3.389337734915898e-07,4.265924453735352,4.265914440155029,9.78592834144365e-06,0.0,0.0,-0.0,3616.60009765625,0.0,388.60638427734375,1895.4371337890625,0.0,629.2478637695312,0.5703222155570984,1.0,0.0,3.0,1.0,0.0
12127680,297.5239562988281,297.1499938964844,293.1499938964844,0.0,-0.0,285.1523742675781,0.9990000128746032,0.4895915389060974,0.356246680021286,297.3133850097656,297.1499938964844,293.1499938964844,0.0,-0.0,285.1501159667969,0.763299286365509,0.1756401509046554,0.1668323874473571,297.1776123046875,297.1499938964844,293.1499938964844,0.0,-0.0,285.1508483886719,0.8166881203651428,0.2144054770469665,0.1505495011806488,297.2748718261719,297.1499938964844,293.1499938964844,0.0,-0.0,285.1490478515625,0.7090505957603455,0.1390276253223419,0.1323699057102203,297.2012023925781,297.1499938964844,293.1499938964844,0.0,-0.0,285.1498718261719,0.7488000988960266,0.1651080995798111,0.7460993528366089,285.151611328125,286.01080322265625,292.5899963378906,286.3616943359375,292.5871887207031,297.4306945800781,285.1574401855469,1.0,0.3569436371326446,1.0,1.0,0.0,1.0,-1.862911820411682,1.8629090785980225,2.803408960971865e-06,1.4366883039474487,0.7845039963722229,0.7845039963722229,0.0,60.86236572265625,91.0,13939.16015625,-0.0,561.8509521484375,1.0,283.1499938964844,284.6200561523437,289.4173583984375,290.38165283203125,293.1499938964844,293.1499938964844,283.1499938964844,19713.00390625,18000.0,313.1499938964844,0.0,18000.0,1.0,0.0,0.0,0.0,1.0,0.535640299320221,1.0,0.0,0.0,2.2537758350372314,2.253786087036133,3.389337734915898e-07,4.265924453735352,4.265914440155029,9.78592834144365e-06,0.0,0.0,-0.0,3616.60009765625,0.0,388.60638427734375,1895.4371337890625,0.0,629.2478637695312,0.5703222155570984,1.0,0.0,3.0,1.0,0.0
12127740,297.47137451171875,297.1499938964844,293.1499938964844,0.0,-0.0,285.2363586425781,0.9990000128746032,0.4889902472496032,0.3783252835273742,297.3298645019531,297.1499938964844,293.1499938964844,0.0,-0.0,285.23419189453125,0.7537827491760254,0.1793812811374664,0.17051662504673,297.1949157714844,297.1499938964844,293.1499938964844,0.0,-0.0,285.23486328125,0.8034136891365051,0.2165096551179886,0.1521269232034683,297.2904968261719,297.1499938964844,293.1499938964844,0.0,-0.0,285.23321533203125,0.6999667882919312,0.1421959996223449,0.1355219483375549,297.21466064453125,297.1499938964844,293.1499938964844,0.0,-0.0,285.23394775390625,0.7378005385398865,0.1671209037303924,0.7559300661087036,285.235595703125,285.9766540527344,292.6833190917969,286.387451171875,292.6806030273437,297.4028625488281,285.24102783203125,1.0,0.3687045872211456,1.0,1.0,0.0,1.0,-1.91133451461792,1.9113315343856807,2.9482509944500634e-06,1.474614143371582,0.7756113409996033,0.7756113409996033,0.0,66.83851623535156,94.0,14325.5205078125,-0.0,615.8660888671875,1.0,283.1499938964844,284.6999816894531,289.44293212890625,290.4329833984375,293.1499938964844,293.1499938964844,283.1499938964844,19459.318359375,18000.0,313.1499938964844,0.0,18000.0,1.0,0.0,0.0,0.0,1.0,0.5468568205833435,1.0,0.0,0.0,2.1977124214172363,2.1977221965789795,3.222812665626407e-07,4.265924453735352,4.265914440155029,9.78592834144365e-06,0.0,0.0,-0.0,3638.90234375,0.0,363.5419616699219,1895.4371337890625,0.0,673.6148681640625,0.557752788066864,1.0,0.0,3.0,1.0,0.0
12127800,297.47137451171875,297.1499938964844,293.1499938964844,0.0,-0.0,285.2363586425781,0.9990000128746032,0.4889902472496032,0.3783252835273742,297.3298645019531,297.1499938964844,293.1499938964844,0.0,-0.0,285.23419189453125,0.7537827491760254,0.1793812811374664,0.17051662504673,297.1949157714844,297.1499938964844,293.1499938964844,0.0,-0.0,285.23486328125,0.8034136891365051,0.2165096551179886,0.1521269232034683,297.2904968261719,297.1499938964844,293.1499938964844,0.0,-0.0,285.23321533203125,0.6999667882919312,0.1421959996223449,0.1355219483375549,297.21466064453125,297.1499938964844,293.1499938964844,0.0,-0.0,285.23394775390625,0.7378005385398865,0.1671209037303924,0.7559300661087036,285.235595703125,285.9766540527344,292.6833190917969,286.387451171875,292.6806030273437,297.4028625488281,285.24102783203125,1.0,0.3687045872211456,1.0,1.0,0.0,1.0,-1.91133451461792,1.9113315343856807,2.9482509944500634e-06,1.474614143371582,0.7756113409996033,0.7756113409996033,0.0,66.83851623535156,94.0,14325.5205078125,-0.0,615.8660888671875,1.0,283.1499938964844,284.6999816894531,289.44293212890625,290.4329833984375,293.1499938964844,293.1499938964844,283.1499938964844,19459.318359375,18000.0,313.1499938964844,0.0,18000.0,1.0,0.0,0.0,0.0,1.0,0.5468568205833435,1.0,0.0,0.0,2.1977124214172363,2.1977221965789795,3.222812665626407e-07,4.265924453735352,4.265914440155029,9.78592834144365e-06,0.0,0.0,-0.0,3638.90234375,0.0,363.5419616699219,1895.4371337890625,0.0,673.6148681640625,0.557752788066864,1.0,0.0,3.0,1.0,0.0
12127860,297.42822265625,297.1499938964844,293.1499938964844,0.0,-0.0,285.3164978027344,0.9990000128746032,0.4886780977249145,0.3968944847583771,297.3458557128906,297.1499938964844,293.1499938964844,0.0,-0.0,285.3144226074219,0.7475638389587402,0.1832798570394516,0.1743266135454177,297.2115783691406,297.1499938964844,293.1499938964844,0.0,-0.0,285.31500244140625,0.7932823300361633,0.2187684029340744,0.1537962704896927,297.30548095703125,297.1499938964844,293.1499938964844,0.0,-0.0,285.3135070800781,0.6939755082130432,0.1454943418502807,0.1387746036052703,297.2276306152344,297.1499938964844,293.1499938964844,0.0,-0.0,285.31414794921875,0.7299745082855225,0.1692541539669037,0.7661234140396118,285.31573486328125,285.9388122558594,292.77667236328125,286.41278076171875,292.7740173339844,297.382568359375,285.32080078125,1.0,0.3793041110038757,1.0,1.0,0.0,1.0,-1.9563616514205933,1.956358551979065,3.086610831815051e-06,1.5098189115524292,0.7682783007621765,0.7682783007621765,0.0,72.22374725341797,82.0,14694.3056640625,-0.0,667.7881469726562,1.0,283.1499938964844,284.775634765625,289.4632568359375,290.47662353515625,293.1499938964844,293.1499938964844,283.1499938964844,19232.44921875,18000.0,313.1499938964844,0.0,18000.0,1.0,0.0,0.0,0.0,1.0,0.5569894313812256,1.0,0.0,0.0,2.15020489692688,2.150214433670044,3.084984996348794e-07,4.265924453735352,4.265914440155029,9.78592834144365e-06,0.0,0.0,-0.0,3659.255859375,0.0,343.14019775390625,1895.4371337890625,0.0,716.3545532226562,0.5471046566963196,1.0,0.0,3.0,1.0,0.0
12127920,297.42822265625,297.1499938964844,293.1499938964844,0.0,-0.0,285.3164978027344,0.9990000128746032,0.4886780977249145,0.3968944847583771,297.3458557128906,297.1499938964844,293.1499938964844,0.0,-0.0,285.3144226074219,0.7475638389587402,0.1832798570394516,0.1743266135454177,297.2115783691406,297.1499938964844,293.1499938964844,0.0,-0.0,285.31500244140625,0.7932823300361633,0.2187684029340744,0.1537962704896927,297.30548095703125,297.1499938964844,293.1499938964844,0.0,-0.0,285.3135070800781,0.6939755082130432,0.1454943418502807,0.1387746036052703,297.2276306152344,297.1499938964844,293.1499938964844,0.0,-0.0,285.31414794921875,0.7299745082855225,0.1692541539669037,0.7661234140396118,285.31573486328125,285.9388122558594,292.77667236328125,286.41278076171875,292.7740173339844,297.382568359375,285.32080078125,1.0,0.3793041110038757,1.0,1.0,0.0,1.0,-1.9563616514205933,1.956358551979065,3.086610831815051e-06,1.5098189115524292,0.7682783007621765,0.7682783007621765,0.0,72.22374725341797,82.0,14694.3056640625,-0.0,667.7881469726562,1.0,283.1499938964844,284.775634765625,289.4632568359375,290.47662353515625,293.1499938964844,293.1499938964844,283.1499938964844,19232.44921875,18000.0,313.1499938964844,0.0,18000.0,1.0,0.0,0.0,0.0,1.0,0.5569894313812256,1.0,0.0,0.0,2.15020489692688,2.150214433670044,3.084984996348794e-07,4.265924453735352,4.265914440155029,9.78592834144365e-06,0.0,0.0,-0.0,3659.255859375,0.0,343.14019775390625,1895.4371337890625,0.0,716.3545532226562,0.5471046566963196,1.0,0.0,3.0,1.0,0.0
12127980,297.40948486328125,297.1499938964844,293.1499938964844,0.0,-0.0,285.3837585449219,0.9990000128746032,0.4902569353580475,0.3996898233890533,297.3611755371094,297.1499938964844,293.1499938964844,0.0,-0.0,285.3822631835937,0.7510532736778259,0.187314748764038,0.178130567073822,297.2274169921875,297.1499938964844,293.1499938964844,0.0,-0.0,285.3826599121094,0.794295072555542,0.2211535274982452,0.1554561555385589,297.3196716308594,297.1499938964844,293.1499938964844,0.0,-0.0,285.381591796875,0.6979140639305115,0.148900881409645,0.1419944316148758,297.2403564453125,297.1499938964844,293.1499938964844,0.0,-0.0,285.3820495605469,0.7313539981842041,0.1715291440486908,0.7762613892555237,285.3832092285156,285.8971862792969,292.8699951171875,286.4377136230469,292.86737060546875,297.3768310546875,285.3868408203125,1.0,0.3832435011863708,1.0,1.0,0.0,1.0,-1.98233962059021,1.9823365211486816,3.168549710608204e-06,1.530456304550171,0.7623484134674072,0.7623484134674072,0.0,73.55485534667969,70.0,14961.0478515625,-0.0,692.7379150390625,1.0,283.1499938964844,284.8385009765625,289.48126220703125,290.5140380859375,293.1499938964844,293.1499938964844,283.1499938964844,19027.55859375,18000.0,313.1499938964844,0.0,18000.0,1.0,0.0,0.0,0.0,1.0,0.5657482147216797,1.0,0.0,0.0,2.110553979873657,2.110563278198242,2.972256538669172e-07,4.265924453735352,4.265914440155029,9.78592834144365e-06,0.0,0.0,-0.0,3675.60546875,0.0,326.6590270996094,1895.4371337890625,0.0,755.4332275390625,0.5382054448127747,1.0,0.0,3.0,1.0,0.0
12128040,297.40948486328125,297.1499938964844,293.1499938964844,0.0,-0.0,285.3837585449219,0.9990000128746032,0.4902569353580475,0.3996898233890533,297.3611755371094,297.1499938964844,293.1499938964844,0.0,-0.0,285.3822631835937,0.7510532736778259,0.187314748764038,0.178130567073822,297.2274169921875,297.1499938964844,293.1499938964844,0.0,-0.0,285.3826599121094,0.794295072555542,0.2211535274982452,0.1554561555385589,297.3196716308594,297.1499938964844,293.1499938964844,0.0,-0.0,285.381591796875,0.6979140639305115,0.148900881409645,0.1419944316148758,297.2403564453125,297.1499938964844,293.1499938964844,0.0,-0.0,285.3820495605469,0.7313539981842041,0.1715291440486908,0.7762613892555237,285.3832092285156,285.8971862792969,292.8699951171875,286.4377136230469,292.86737060546875,297.3768310546875,285.3868408203125,1.0,0.3832435011863708,1.0,1.0,0.0,1.0,-1.98233962059021,1.9823365211486816,3.168549710608204e-06,1.530456304550171,0.7623484134674072,0.7623484134674072,0.0,73.55485534667969,70.0,14961.0478515625,-0.0,692.7379150390625,1.0,283.1499938964844,284.8385009765625,289.48126220703125,290.5140380859375,293.1499938964844,293.1499938964844,283.1499938964844,19027.55859375,18000.0,313.1499938964844,0.0,18000.0,1.0,0.0,0.0,0.0,1.0,0.5657482147216797,1.0,0.0,0.0,2.110553979873657,2.110563278198242,2.972256538669172e-07,4.265924453735352,4.265914440155029,9.78592834144365e-06,0.0,0.0,-0.0,3675.60546875,0.0,326.6590270996094,1895.4371337890625,0.0,755.4332275390625,0.5382054448127747,1.0,0.0,3.0,1.0,0.0
12128100,297.41668701171875,297.1499938964844,293.1499938964844,0.0,-0.0,285.4110107421875,0.9990000128746032,0.4926019310951233,0.3959498405456543,297.36865234375,297.1499938964844,293.1499938964844,0.0,-0.0,285.4096984863281,0.7559331059455872,0.1893853992223739,0.1800332516431808,297.2350158691406,297.1499938964844,293.1499938964844,0.0,-0.0,285.4100341796875,0.7983121275901794,0.2223908305168151,0.15628182888031,297.3265075683594,297.1499938964844,293.1499938964844,0.0,-0.0,285.4091186523437,0.7030289769172668,0.1506481915712356,0.1435960829257965,297.24688720703125,297.1499938964844,293.1499938964844,0.0,-0.0,285.40948486328125,0.7349743247032166,0.1727418601512909,0.7814044952392578,285.4105224609375,285.8626708984375,292.9166564941406,286.45001220703125,292.9140625,297.3832397460937,285.4137268066406,1.0,0.3833478391170501,1.0,1.0,0.0,1.0,-1.9892293214797967,1.9892261028289795,3.190568122590776e-06,1.5359877347946167,0.7599545121192932,0.7599545121192932,0.0,72.8548812866211,70.0,15057.78125,-0.0,695.8845825195312,1.0,283.1499938964844,284.8642578125,289.48876953125,290.5289001464844,293.1499938964844,293.1499938964844,283.1499938964844,18945.3125,18000.0,313.1499938964844,0.0,18000.0,1.0,0.0,0.0,0.0,1.0,0.5693911910057068,1.0,0.0,0.0,2.093095541000366,2.093104839324951,2.923287354406057e-07,4.265924453735352,4.265914440155029,9.78592834144365e-06,0.0,0.0,-0.0,3681.77490234375,0.0,319.6117553710937,1895.4371337890625,0.0,772.289306640625,0.5343037247657776,1.0,0.0,3.0,1.0,0.0
12128160,297.4346618652344,297.1499938964844,293.1499938964844,0.0,-0.0,285.434814453125,0.9990000128746032,0.4960506558418274,0.389409065246582,297.3760070800781,297.1499938964844,293.1499938964844,0.0,-0.0,285.4337158203125,0.76272052526474,0.1914933919906616,0.1819454282522201,297.242431640625,297.1499938964844,293.1499938964844,0.0,-0.0,285.4340209960937,0.8043361902236938,0.2236580848693847,0.1571097820997238,297.333251953125,297.1499938964844,293.1499938964844,0.0,-0.0,285.4332275390625,0.7099124789237976,0.1524267345666885,0.1452015042304992,297.25360107421875,297.1499938964844,293.1499938964844,0.0,-0.0,285.4335327148437,0.7403320074081421,0.1740146875381469,0.7866830229759216,285.4344177246094,285.85186767578125,292.9633483886719,286.46221923828125,292.9607238769531,297.3955078125,285.4371643066406,1.0,0.3824227452278137,1.0,1.0,0.0,1.0,-1.9929362535476685,1.9929330348968504,3.2025293421611423e-06,1.539016842842102,0.757601261138916,0.757601261138916,0.0,71.43260955810547,73.0,15137.54296875,-0.0,694.034912109375,1.0,283.1499938964844,284.8867492675781,289.49560546875,290.541748046875,293.1499938964844,293.1499938964844,283.1499938964844,18846.876953125,18000.0,313.1499938964844,0.0,18000.0,1.0,0.0,0.0,0.0,1.0,0.5724613666534424,1.0,0.0,0.0,2.077810764312744,2.07781982421875,2.8807488661186653e-07,4.265924453735352,4.265914440155029,9.78592834144365e-06,0.0,0.0,-0.0,3687.0966796875,0.0,313.41583251953125,1895.4371337890625,0.0,786.7765502929688,0.5308466553688049,1.0,0.0,3.0,1.0,0.0
12128220,297.48406982421875,297.1499938964844,293.1499938964844,0.0,-0.0,285.483642578125,0.9990000128746032,0.5046632289886475,0.3824145197868347,297.3907775878906,297.1499938964844,293.1499938964844,0.0,-0.0,285.48248291015625,0.7729711532592773,0.1958522647619247,0.1859507113695144,297.257080078125,297.1499938964844,293.1499938964844,0.0,-0.0,285.4827880859375,0.8122513294219971,0.226311594247818,0.1588829010725021,297.3466491699219,297.1499938964844,293.1499938964844,0.0,-0.0,285.48193359375,0.7195471525192261,0.1561063230037689,0.1485753953456878,297.26788330078125,297.1499938964844,293.1499938964844,0.0,-0.0,285.4822692871094,0.7480587959289551,0.1767734289169311,0.7984196543693542,285.4832458496094,285.80279541015625,293.0566711425781,286.4862976074219,293.0540771484375,297.428955078125,285.4864501953125,1.0,0.3838216960430145,1.0,1.0,0.0,1.0,-2.0096116065979004,2.009608268737793,3.255818683101097e-06,1.5520987510681152,0.7541289329528809,0.7541289329528809,0.0,70.2669677734375,76.0,15347.818359375,-0.0,703.5247192382812,1.0,283.1499938964844,284.9328918457031,289.5100402832031,290.5669860839844,293.1499938964844,293.1499938964844,283.1499938964844,18677.66015625,18000.0,313.1499938964844,0.0,18000.0,1.0,0.0,0.0,0.0,1.0,0.5771297812461853,1.0,0.0,0.0,2.051501512527466,2.0515103340148926,2.808258443565137e-07,4.265924453735352,4.265914440155029,9.78592834144365e-06,0.0,0.0,-0.0,3699.293701171875,0.0,302.9432678222656,1895.4371337890625,0.0,809.3067016601562,0.5249003767967224,1.0,0.0,3.0,1.0,0.0
12128280,297.48406982421875,297.1499938964844,293.1499938964844,0.0,-0.0,285.483642578125,0.9990000128746032,0.5046632289886475,0.3824145197868347,297.3907775878906,297.1499938964844,293.1499938964844,0.0,-0.0,285.48248291015625,0.7729711532592773,0.1958522647619247,0.1859507113695144,297.257080078125,297.1499938964844,293.1499938964844,0.0,-0.0,285.4827880859375,0.8122513294219971,0.226311594247818,0.1588829010725021,297.3466491699219,297.1499938964844,293.1499938964844,0.0,-0.0,285.48193359375,0.7195471525192261,0.1561063230037689,0.1485753953456878,297.26788330078125,297.1499938964844,293.1499938964844,0.0,-0.0,285.4822692871094,0.7480587959289551,0.1767734289169311,0.7984196543693542,285.4832458496094,285.80279541015625,293.0566711425781,286.4862976074219,293.0540771484375,297.428955078125,285.4864501953125,1.0,0.3838216960430145,1.0,1.0,0.0,1.0,-2.0096116065979004,2.009608268737793,3.255818683101097e-06,1.5520987510681152,0.7541289329528809,0.7541289329528809,0.0,70.2669677734375,76.0,15347.818359375,-0.0,703.5247192382812,1.0,283.1499938964844,284.9328918457031,289.5100402832031,290.5669860839844,293.1499938964844,293.1499938964844,283.1499938964844,18677.66015625,18000.0,313.1499938964844,0.0,18000.0,1.0,0.0,0.0,0.0,1.0,0.5771297812461853,1.0,0.0,0.0,2.051501512527466,2.0515103340148926,2.808258443565137e-07,4.265924453735352,4.265914440155029,9.78592834144365e-06,0.0,0.0,-0.0,3699.293701171875,0.0,302.9432678222656,1895.4371337890625,0.0,809.3067016601562,0.5249003767967224,1.0,0.0,3.0,1.0,0.0
12128340,297.5294189453125,297.1499938964844,293.1499938964844,0.0,-0.0,285.5362243652344,0.9990000128746032,0.5134968757629395,0.3789627254009247,297.4054870605469,297.1499938964844,293.1499938964844,0.0,-0.0,285.5350952148437,0.7812744379043579,0.2003911286592483,0.1901615709066391,297.2713928222656,297.1499938964844,293.1499938964844,0.0,-0.0,285.5353698730469,0.8177176713943481,0.2291183620691299,0.1607883274555206,297.3598327636719,297.1499938964844,293.1499938964844,0.0,-0.0,285.5345458984375,0.7269158363342285,0.1599325686693191,0.1521250754594802,297.2826232910156,297.1499938964844,293.1499938964844,0.0,-0.0,285.53485107421875,0.7541429400444031,0.1797608584165573,0.8114164471626282,285.53582763671875,285.75,293.1499938964844,286.50994873046875,293.1474304199219,297.461181640625,285.53912353515625,1.0,0.3867323100566864,1.0,1.0,0.0,1.0,-2.0326790809631348,2.032675743103028,3.33045500156004e-06,1.5702776908874512,0.752108097076416,0.752108097076416,0.0,70.09870910644531,79.0,15607.0419921875,-0.0,721.8554077148438,1.0,283.1499938964844,284.9806213378906,289.5309143066406,290.60076904296875,293.1499938964844,293.1499938964844,283.1499938964844,18506.962890625,18000.0,313.1499938964844,0.0,18000.0,1.0,0.0,0.0,0.0,1.0,0.5811986923217773,1.0,0.0,0.0,2.031827926635742,2.031836748123169,2.7546553837964893e-07,4.265924453735352,4.265914440155029,9.78592834144365e-06,0.0,0.0,-0.0,3715.49755859375,0.0,295.0849914550781,1895.4371337890625,0.0,829.4451293945312,0.5203798413276672,1.0,0.0,3.0,1.0,0.0
12128400,297.5294189453125,297.1499938964844,293.1499938964844,0.0,-0.0,285.5362243652344,0.9990000128746032,0.5134968757629395,0.3789627254009247,297.4054870605469,297.1499938964844,293.1499938964844,0.0,-0.0,285.5350952148437,0.7812744379043579,0.2003911286592483,0.1901615709066391,297.2713928222656,297.1499938964844,293.1499938964844,0.0,-0.0,285.5353698730469,0.8177176713943481,0.2291183620691299,0.1607883274555206,297.3598327636719,297.1499938964844,293.1499938964844,0.0,-0.0,285.5345458984375,0.7269158363342285,0.1599325686693191,0.1521250754594802,297.2826232910156,297.1499938964844,293.1499938964844,0.0,-0.0,285.53485107421875,0.7541429400444031,0.1797608584165573,0.8114164471626282,285.53582763671875,285.75,293.1499938964844,286.50994873046875,293.1474304199219,297.461181640625,285.53912353515625,1.0,0.3867323100566864,1.0,1.0,0.0,1.0,-2.0326790809631348,2.032675743103028,3.33045500156004e-06,1.5702776908874512,0.752108097076416,0.752108097076416,0.0,70.09870910644531,79.0,15607.0419921875,-0.0,721.8554077148438,1.0,283.1499938964844,284.9806213378906,289.5309143066406,290.60076904296875,293.1499938964844,293.1499938964844,283.1499938964844,18506.962890625,18000.0,313.1499938964844,0.0,18000.0,1.0,0.0,0.0,0.0,1.0,0.5811986923217773,1.0,0.0,0.0,2.031827926635742,2.031836748123169,2.7546553837964893e-07,4.265924453735352,4.265914440155029,9.78592834144365e-06,0.0,0.0,-0.0,3715.49755859375,0.0,295.0849914550781,1895.4371337890625,0.0,829.4451293945312,0.5203798413276672,1.0,0.0,3.0,1.0,0.0
12128460,297.5630187988281,297.1499938964844,293.1499938964844,0.0,-0.0,285.58990478515625,0.9990000128746032,0.5217235088348389,0.3785856366157532,297.41650390625,297.1499938964844,293.1499938964844,0.0,-0.0,285.5888061523437,0.7874078154563904,0.204752504825592,0.1943651437759399,297.2819519042969,297.1499938964844,293.1499938964844,0.0,-0.0,285.58905029296875,0.8209758996963501,0.2317327260971069,0.1626745462417602,297.369140625,297.1499938964844,293.1499938964844,0.0,-0.0,285.5882568359375,0.7322660684585571,0.1635412275791168,0.1556324064731598,297.29364013671875,297.1499938964844,293.1499938964844,0.0,-0.0,285.5885314941406,0.7583040595054626,0.1825649440288543,0.8244167566299438,285.5895080566406,285.6891784667969,293.24853515625,286.5373840332031,293.2457580566406,297.4857788085937,285.5928039550781,1.0,0.3908021748065948,1.0,1.0,0.0,1.0,-2.059363842010498,2.05936050415039,3.4179736303485697e-06,1.591325044631958,0.7516534328460693,0.7516534328460693,0.0,70.73155212402344,82.0,15905.021484375,-0.0,746.4091796875,1.0,283.1499938964844,285.0277099609375,289.55877685546875,290.6439819335937,293.1499938964844,293.1499938964844,283.1499938964844,18331.1015625,18000.0,313.1499938964844,0.0,18000.0,1.0,0.0,0.0,0.0,1.0,0.5854724049568176,1.0,0.0,0.0,2.018986940383911,2.018995523452759,2.71994679224008e-07,4.265924453735352,4.265914440155029,9.78592834144365e-06,0.0,0.0,-0.0,3735.288330078125,0.0,289.76275634765625,1895.4371337890625,0.0,851.1093139648438,0.5173168182373047,1.0,0.0,3.0,1.0,0.0
12128520,297.5630187988281,297.1499938964844,293.1499938964844,0.0,-0.0,285.58990478515625,0.9990000128746032,0.5217235088348389,0.3785856366157532,297.41650390625,297.1499938964844,293.1499938964844,0.0,-0.0,285.5888061523437,0.7874078154563904,0.204752504825592,0.1943651437759399,297.2819519042969,297.1499938964844,293.1499938964844,0.0,-0.0,285.58905029296875,0.8209758996963501,0.2317327260971069,0.1626745462417602,297.369140625,297.1499938964844,293.1499938964844,0.0,-0.0,285.5882568359375,0.7322660684585571,0.1635412275791168,0.1556324064731598,297.29364013671875,297.1499938964844,293.1499938964844,0.0,-0.0,285.5885314941406,0.7583040595054626,0.1825649440288543,0.8244167566299438,285.5895080566406,285.6891784667969,293.24853515625,286.5373840332031,293.2457580566406,297.4857788085937,285.5928039550781,1.0,0.3908021748065948,1.0,1.0,0.0,1.0,-2.059363842010498,2.05936050415039,3.4179736303485697e-06,1.591325044631958,0.7516534328460693,0.7516534328460693,0.0,70.73155212402344,82.0,15905.021484375,-0.0,746.4091796875,1.0,283.1499938964844,285.0277099609375,289.55877685546875,290.6439819335937,293.1499938964844,293.1499938964844,283.1499938964844,18331.1015625,18000.0,313.1499938964844,0.0,18000.0,1.0,0.0,0.0,0.0,1.0,0.5854724049568176,1.0,0.0,0.0,2.018986940383911,2.018995523452759,2.71994679224008e-07,4.265924453735352,4.265914440155029,9.78592834144365e-06,0.0,0.0,-0.0,3735.288330078125,0.0,289.76275634765625,1895.4371337890625,0.0,851.1093139648438,0.5173168182373047,1.0,0.0,3.0,1.0,0.0
12128580,297.5814208984375,297.1499938964844,293.1499938964844,0.0,-0.0,285.6430358886719,0.9990000128746032,0.5288361310958862,0.3815718591213226,297.422607421875,297.1499938964844,293.1499938964844,0.0,-0.0,285.6419982910156,0.7906159162521362,0.2087495476007461,0.1982345730066299,297.2878112792969,297.1499938964844,293.1499938964844,0.0,-0.0,285.6422119140625,0.8215452432632446,0.234000876545906,0.1643216907978058,297.3731689453125,297.1499938964844,293.1499938964844,0.0,-0.0,285.6414794921875,0.7349854707717896,0.1667287051677703,0.158755287528038,297.2991638183594,297.1499938964844,293.1499938964844,0.0,-0.0,285.6417236328125,0.7597104907035828,0.1849465668201446,0.8356249332427979,285.6426696777344,285.6160888671875,293.3570556640625,286.5723876953125,293.3540344238281,297.4993896484375,285.6458435058594,1.0,0.3956322371959686,1.0,1.0,0.0,1.0,-2.086786985397339,2.0867834091186523,3.509184352878947e-06,1.61294424533844,0.7529488801956177,0.7529488801956177,0.0,72.15312957763672,85.0,16234.8046875,-0.0,774.9683227539062,1.0,283.1499938964844,285.0723876953125,289.5951232910156,290.697509765625,293.1499938964844,293.1499938964844,283.1499938964844,18144.52734375,18000.0,313.1499938964844,0.0,18000.0,1.0,0.0,0.0,0.0,1.0,0.5899948477745056,1.0,0.0,0.0,2.013442277908325,2.013450860977173,2.7050279527429666e-07,4.265924453735352,4.265914440155029,9.78592834144365e-06,0.0,0.0,-0.0,3758.82275390625,0.0,287.0269470214844,1895.4371337890625,0.0,874.6160278320312,0.5157989263534546,1.0,0.0,3.0,1.0,0.0
12128640,297.5814208984375,297.1499938964844,293.1499938964844,0.0,-0.0,285.6430358886719,0.9990000128746032,0.5288361310958862,0.3815718591213226,297.422607421875,297.1499938964844,293.1499938964844,0.0,-0.0,285.6419982910156,0.7906159162521362,0.2087495476007461,0.1982345730066299,297.2878112792969,297.1499938964844,293.1499938964844,0.0,-0.0,285.6422119140625,0.8215452432632446,0.234000876545906,0.1643216907978058,297.3731689453125,297.1499938964844,293.1499938964844,0.0,-0.0,285.6414794921875,0.7349854707717896,0.1667287051677703,0.158755287528038,297.2991638183594,297.1499938964844,293.1499938964844,0.0,-0.0,285.6417236328125,0.7597104907035828,0.1849465668201446,0.8356249332427979,285.6426696777344,285.6160888671875,293.3570556640625,286.5723876953125,293.3540344238281,297.4993896484375,285.6458435058594,1.0,0.3956322371959686,1.0,1.0,0.0,1.0,-2.086786985397339,2.0867834091186523,3.509184352878947e-06,1.61294424533844,0.7529488801956177,0.7529488801956177,0.0,72.15312957763672,85.0,16234.8046875,-0.0,774.9683227539062,1.0,283.1499938964844,285.0723876953125,289.5951232910156,290.697509765625,293.1499938964844,293.1499938964844,283.1499938964844,18144.52734375,18000.0,313.1499938964844,0.0,18000.0,1.0,0.0,0.0,0.0,1.0,0.5899948477745056,1.0,0.0,0.0,2.013442277908325,2.013450860977173,2.7050279527429666e-07,4.265924453735352,4.265914440155029,9.78592834144365e-06,0.0,0.0,-0.0,3758.82275390625,0.0,287.0269470214844,1895.4371337890625,0.0,874.6160278320312,0.5157989263534546,1.0,0.0,3.0,1.0,0.0
12128700,297.5858459472656,297.1499938964844,293.1499938964844,0.0,-0.0,285.6690673828125,0.9990000128746032,0.5320043563842773,0.3839658498764038,297.424560546875,297.1499938964844,293.1499938964844,0.0,-0.0,285.66802978515625,0.7914448380470276,0.2106680124998092,0.2000883519649505,297.28973388671875,297.1499938964844,293.1499938964844,0.0,-0.0,285.6682434082031,0.821140706539154,0.2350645363330841,0.1650922745466232,297.3739318847656,297.1499938964844,293.1499938964844,0.0,-0.0,285.6675109863281,0.7356435656547546,0.1682195365428924,0.1602143049240112,297.300537109375,297.1499938964844,293.1499938964844,0.0,-0.0,285.66778564453125,0.7596661448478699,0.1860271841287613,0.8407183289527893,285.668701171875,285.56756591796875,293.4148254394531,286.5924987792969,293.41168212890625,297.50274658203125,285.6718139648437,1.0,0.3982463777065277,1.0,1.0,0.0,1.0,-2.1006834506988525,2.100679874420166,3.5558530271373456e-06,1.623868703842163,0.7543684840202332,0.7543684840202332,0.0,73.07923126220703,85.0,16410.95703125,-0.0,790.4329223632812,1.0,283.1499938964844,285.0935363769531,289.6164245605469,290.7281799316406,293.1499938964844,293.1499938964844,283.1499938964844,18053.5546875,18000.0,313.1499938964844,0.0,18000.0,1.0,0.0,0.0,0.0,1.0,0.5924436450004578,1.0,0.0,0.0,2.0133771896362305,2.013385772705078,2.7048531592299696e-07,4.265924453735352,4.265914440155029,9.78592834144365e-06,0.0,0.0,-0.0,3771.93896484375,0.0,286.62847900390625,1895.4371337890625,0.0,887.5977172851562,0.5156252980232239,1.0,0.0,3.0,1.0,0.0
12128760,297.58770751953125,297.1499938964844,293.1499938964844,0.0,-0.0,285.6944885253906,0.9990000128746032,0.5349487066268921,0.3868092000484466,297.426025390625,297.1499938964844,293.1499938964844,0.0,-0.0,285.6934814453125,0.791898787021637,0.2125512063503265,0.2019071131944656,297.291259765625,297.1499938964844,293.1499938964844,0.0,-0.0,285.6936950683594,0.820408046245575,0.2360982596874237,0.1658411175012588,297.3741760253906,297.1499938964844,293.1499938964844,0.0,-0.0,285.6929931640625,0.7359582781791687,0.1696600615978241,0.161623939871788,297.3012390136719,297.1499938964844,293.1499938964844,0.0,-0.0,285.6932373046875,0.7592552900314331,0.1870509833097458,0.8455504775047302,285.6941223144531,285.5306701660156,293.47479248046875,286.6142883300781,293.4715881347656,297.5042724609375,285.6971435546875,1.0,0.4009599983692169,1.0,1.0,0.0,1.0,-2.1146786212921143,2.114675045013428,3.603134018703713e-06,1.6348354816436768,0.7561303973197937,0.7561303973197937,0.0,74.11627960205078,88.0,16595.54296875,-0.0,806.5686645507812,1.0,283.1499938964844,285.113525390625,289.6396789550781,290.76141357421875,293.1499938964844,293.1499938964844,283.1499938964844,17947.001953125,18000.0,313.1499938964844,0.0,18000.0,1.0,0.0,0.0,0.0,1.0,0.5950555801391602,1.0,0.0,0.0,2.0156404972076416,2.0156490802764893,2.7109376787848305e-07,4.265924453735352,4.265914440155029,9.78592834144365e-06,0.0,0.0,-0.0,3785.998046875,0.0,286.98809814453125,1895.4371337890625,0.0,901.6429443359376,0.5159235596656799,1.0,0.0,3.0,1.0,0.0
12128820,297.5854797363281,297.1499938964844,293.1499938964844,0.0,-0.0,285.743408203125,0.9990000128746032,0.5402730107307434,0.393503189086914,297.427978515625,297.1499938964844,293.1499938964844,0.0,-0.0,285.74249267578125,0.7919957637786865,0.2162450700998306,0.2054745554924011,297.2933654785156,297.1499938964844,293.1499938964844,0.0,-0.0,285.74267578125,0.8182401061058044,0.2381036728620529,0.1672959625720977,297.3734130859375,297.1499938964844,293.1499938964844,0.0,-0.0,285.7420349121094,0.7358351349830627,0.1724256128072738,0.1643320620059967,297.3012084960937,297.1499938964844,293.1499938964844,0.0,-0.0,285.74224853515625,0.7576366662979126,0.1889630854129791,0.854599118232727,285.7430725097656,285.4330444335937,293.60107421875,286.6625061035156,293.5976867675781,297.5031433105469,285.74591064453125,1.0,0.4066061973571777,1.0,1.0,0.0,1.0,-2.1428706645965576,2.142867088317871,3.6991834804211976e-06,1.6567937135696411,0.7613112330436707,0.7613112330436707,0.0,76.4495620727539,91.0,16987.056640625,-0.0,840.5479125976562,1.0,283.1499938964844,285.1503295898437,289.6912841796875,290.83465576171875,293.1499938964844,293.1499938964844,283.1499938964844,17739.294921875,18000.0,313.1499938964844,0.0,18000.0,1.0,0.0,0.0,0.0,1.0,0.6008042097091675,1.0,0.0,0.0,2.025916576385498,2.0259251594543457,2.738649982347852e-07,4.265924453735352,4.265914440155029,9.78592834144365e-06,0.0,0.0,-0.0,3816.52734375,0.0,289.7754211425781,1895.4371337890625,0.0,933.287353515625,0.5177695155143738,1.0,0.0,3.0,1.0,0.0
12128880,297.5854797363281,297.1499938964844,293.1499938964844,0.0,-0.0,285.743408203125,0.9990000128746032,0.5402730107307434,0.393503189086914,297.427978515625,297.1499938964844,293.1499938964844,0.0,-0.0,285.74249267578125,0.7919957637786865,0.2162450700998306,0.2054745554924011,297.2933654785156,297.1499938964844,293.1499938964844,0.0,-0.0,285.74267578125,0.8182401061058044,0.2381036728620529,0.1672959625720977,297.3734130859375,297.1499938964844,293.1499938964844,0.0,-0.0,285.7420349121094,0.7358351349830627,0.1724256128072738,0.1643320620059967,297.3012084960937,297.1499938964844,293.1499938964844,0.0,-0.0,285.74224853515625,0.7576366662979126,0.1889630854129791,0.854599118232727,285.7430725097656,285.4330444335937,293.60107421875,286.6625061035156,293.5976867675781,297.5031433105469,285.74591064453125,1.0,0.4066061973571777,1.0,1.0,0.0,1.0,-2.1428706645965576,2.142867088317871,3.6991834804211976e-06,1.6567937135696411,0.7613112330436707,0.7613112330436707,0.0,76.4495620727539,91.0,16987.056640625,-0.0,840.5479125976562,1.0,283.1499938964844,285.1503295898437,289.6912841796875,290.83465576171875,293.1499938964844,293.1499938964844,283.1499938964844,17739.294921875,18000.0,313.1499938964844,0.0,18000.0,1.0,0.0,0.0,0.0,1.0,0.6008042097091675,1.0,0.0,0.0,2.025916576385498,2.0259251594543457,2.738649982347852e-07,4.265924453735352,4.265914440155029,9.78592834144365e-06,0.0,0.0,-0.0,3816.52734375,0.0,289.7754211425781,1895.4371337890625,0.0,933.287353515625,0.5177695155143738,1.0,0.0,3.0,1.0,0.0
12128940,297.5773620605469,297.1499938964844,293.1499938964844,0.0,-0.0,285.78912353515625,0.9990000128746032,0.544971227645874,0.4011422991752624,297.4290466308594,297.1499938964844,293.1499938964844,0.0,-0.0,285.7882995605469,0.7913719415664673,0.2198759317398071,0.2089830785989761,297.294677734375,297.1499938964844,293.1499938964844,0.0,-0.0,285.7884216308594,0.8154477477073669,0.2400530576705932,0.1687135398387909,297.3716125488281,297.1499938964844,293.1499938964844,0.0,-0.0,285.7878723144531,0.735027015209198,0.1750731319189071,0.1669282019138336,297.2997436523437,297.1499938964844,293.1499938964844,0.0,-0.0,285.7880554199219,0.7553083300590515,0.1907316744327545,0.8630032539367676,285.788818359375,285.3233337402344,293.7351989746094,286.7164001464844,293.7316589355469,297.4979553222656,285.7913818359375,1.0,0.4124468863010406,1.0,1.0,0.0,1.0,-2.1711745262146,2.171170711517334,3.796726105065318e-06,1.6786839962005615,0.7686071395874023,0.7686071395874023,0.0,79.04379272460938,94.0,17408.78125,-0.0,876.407958984375,1.0,283.1499938964844,285.1820068359375,289.74871826171875,290.9159545898437,293.1499938964844,293.1499938964844,283.1499938964844,17523.4375,18000.0,313.1499938964844,0.0,18000.0,1.0,0.0,0.0,0.0,1.0,0.607270359992981,1.0,0.0,0.0,2.044548749923706,2.0445573329925537,2.789255688639969e-07,4.265924453735352,4.265914440155029,9.78592834144365e-06,0.0,0.0,-0.0,3850.103271484375,0.0,295.5657958984375,1895.4371337890625,0.0,970.0338745117188,0.5214119553565979,1.0,0.0,3.0,1.0,0.0
12129000,297.5773620605469,297.1499938964844,293.1499938964844,0.0,-0.0,285.78912353515625,0.9990000128746032,0.544971227645874,0.4011422991752624,297.4290466308594,297.1499938964844,293.1499938964844,0.0,-0.0,285.7882995605469,0.7913719415664673,0.2198759317398071,0.2089830785989761,297.294677734375,297.1499938964844,293.1499938964844,0.0,-0.0,285.7884216308594,0.8154477477073669,0.2400530576705932,0.1687135398387909,297.3716125488281,297.1499938964844,293.1499938964844,0.0,-0.0,285.7878723144531,0.735027015209198,0.1750731319189071,0.1669282019138336,297.2997436523437,297.1499938964844,293.1499938964844,0.0,-0.0,285.7880554199219,0.7553083300590515,0.1907316744327545,0.8630032539367676,285.788818359375,285.3233337402344,293.7351989746094,286.7164001464844,293.7316589355469,297.4979553222656,285.7913818359375,1.0,0.4124468863010406,1.0,1.0,0.0,1.0,-2.1711745262146,2.171170711517334,3.796726105065318e-06,1.6786839962005615,0.7686071395874023,0.7686071395874023,0.0,79.04379272460938,94.0,17408.78125,-0.0,876.407958984375,1.0,283.1499938964844,285.1820068359375,289.74871826171875,290.9159545898437,293.1499938964844,293.1499938964844,283.1499938964844,17523.4375,18000.0,313.1499938964844,0.0,18000.0,1.0,0.0,0.0,0.0,1.0,0.607270359992981,1.0,0.0,0.0,2.044548749923706,2.0445573329925537,2.789255688639969e-07,4.265924453735352,4.265914440155029,9.78592834144365e-06,0.0,0.0,-0.0,3850.103271484375,0.0,295.5657958984375,1895.4371337890625,0.0,970.0338745117188,0.5214119553565979,1.0,0.0,3.0,1.0,0.0
12129060,297.56500244140625,297.1499938964844,293.1499938964844,0.0,-0.0,285.8310546875,0.9990000128746032,0.549136757850647,0.4093593060970306,297.4296264648437,297.1499938964844,293.1499938964844,0.0,-0.0,285.8302917480469,0.790344774723053,0.2234701067209243,0.2124582380056381,297.29559326171875,297.1499938964844,293.1499938964844,0.0,-0.0,285.8304138183594,0.8123075366020203,0.2419788092374801,0.170114055275917,297.36932373046875,297.1499938964844,293.1499938964844,0.0,-0.0,285.82989501953125,0.7338305115699768,0.1776475757360458,0.1694514751434326,297.2973327636719,297.1499938964844,293.1499938964844,0.0,-0.0,285.8300476074219,0.7525820732116699,0.1923864334821701,0.8709006905555725,285.83074951171875,285.20172119140625,293.8764038085937,286.7753601074219,293.87274169921875,297.4898986816406,285.83306884765625,1.0,0.4183924198150635,1.0,1.0,0.0,1.0,-2.1994166374206543,2.1994128227233887,3.895434929290786e-06,1.700538992881775,0.7781205177307129,0.7781205177307129,0.0,81.82372283935547,97.0,17859.76953125,-0.0,913.7530517578124,1.0,283.1499938964844,285.2080993652344,289.8109741210937,291.0041809082031,293.1499938964844,293.1499938964844,283.1499938964844,17302.2734375,18000.0,313.1499938964844,0.0,18000.0,1.0,0.0,0.0,0.0,1.0,0.6143999695777893,1.0,0.0,0.0,2.0716686248779297,2.0716772079467773,2.8637421678467945e-07,4.265924453735352,4.265914440155029,9.78592834144365e-06,0.0,0.0,-0.0,3886.44873046875,0.0,304.5575866699219,1895.4371337890625,0.0,1011.897705078125,0.5268998146057129,1.0,0.0,3.0,1.0,0.0
12129120,297.56500244140625,297.1499938964844,293.1499938964844,0.0,-0.0,285.8310546875,0.9990000128746032,0.549136757850647,0.4093593060970306,297.4296264648437,297.1499938964844,293.1499938964844,0.0,-0.0,285.8302917480469,0.790344774723053,0.2234701067209243,0.2124582380056381,297.29559326171875,297.1499938964844,293.1499938964844,0.0,-0.0,285.8304138183594,0.8123075366020203,0.2419788092374801,0.170114055275917,297.36932373046875,297.1499938964844,293.1499938964844,0.0,-0.0,285.82989501953125,0.7338305115699768,0.1776475757360458,0.1694514751434326,297.2973327636719,297.1499938964844,293.1499938964844,0.0,-0.0,285.8300476074219,0.7525820732116699,0.1923864334821701,0.8709006905555725,285.83074951171875,285.20172119140625,293.8764038085937,286.7753601074219,293.87274169921875,297.4898986816406,285.83306884765625,1.0,0.4183924198150635,1.0,1.0,0.0,1.0,-2.1994166374206543,2.1994128227233887,3.895434929290786e-06,1.700538992881775,0.7781205177307129,0.7781205177307129,0.0,81.82372283935547,97.0,17859.76953125,-0.0,913.7530517578124,1.0,283.1499938964844,285.2080993652344,289.8109741210937,291.0041809082031,293.1499938964844,293.1499938964844,283.1499938964844,17302.2734375,18000.0,313.1499938964844,0.0,18000.0,1.0,0.0,0.0,0.0,1.0,0.6143999695777893,1.0,0.0,0.0,2.0716686248779297,2.0716772079467773,2.8637421678467945e-07,4.265924453735352,4.265914440155029,9.78592834144365e-06,0.0,0.0,-0.0,3886.44873046875,0.0,304.5575866699219,1895.4371337890625,0.0,1011.897705078125,0.5268998146057129,1.0,0.0,3.0,1.0,0.0
12129180,297.54986572265625,297.1499938964844,293.1499938964844,0.0,-0.0,285.86883544921875,0.9990000128746032,0.5528602004051208,0.4179073572158813,297.42987060546875,297.1499938964844,293.1499938964844,0.0,-0.0,285.8681640625,0.7891141176223755,0.2270382940769195,0.2159116566181183,297.2962646484375,297.1499938964844,293.1499938964844,0.0,-0.0,285.8682556152344,0.8089859485626221,0.243891179561615,0.1715085059404373,297.3667297363281,297.1499938964844,293.1499938964844,0.0,-0.0,285.8678283691406,0.7324317693710327,0.1801636070013046,0.1719232648611068,297.2943115234375,297.1499938964844,293.1499938964844,0.0,-0.0,285.8679504394531,0.7496563792228699,0.1939449906349182,0.8783726096153259,285.8685607910156,285.06842041015625,294.0240173339844,286.8387756347656,294.0202331542969,297.4798278808594,285.8706359863281,1.0,0.4243785738945007,1.0,1.0,0.0,1.0,-2.2274510860443115,2.227447032928467,3.995009592472343e-06,1.72238028049469,0.7899472713470459,0.7899472713470459,0.0,84.73735809326172,100.0,18338.669921875,-0.0,952.2703857421876,1.0,283.1499938964844,285.22833251953125,289.8772888183594,291.0983581542969,293.1499938964844,293.1499938964844,283.1499938964844,17079.537109375,18000.0,313.1499938964844,0.0,18000.0,1.0,0.0,0.0,0.0,1.0,0.6221088171005249,1.0,0.0,0.0,2.107250928878784,2.107259750366211,2.962960650165769e-07,4.265924453735352,4.265914440155029,9.78592834144365e-06,0.0,0.0,-0.0,3925.332275390625,0.0,316.9700622558594,1895.4371337890625,0.0,1058.7083740234375,0.5342523455619812,1.0,0.0,3.0,1.0,0.0
12129240,297.54986572265625,297.1499938964844,293.1499938964844,0.0,-0.0,285.86883544921875,0.9990000128746032,0.5528602004051208,0.4179073572158813,297.42987060546875,297.1499938964844,293.1499938964844,0.0,-0.0,285.8681640625,0.7891141176223755,0.2270382940769195,0.2159116566181183,297.2962646484375,297.1499938964844,293.1499938964844,0.0,-0.0,285.8682556152344,0.8089859485626221,0.243891179561615,0.1715085059404373,297.3667297363281,297.1499938964844,293.1499938964844,0.0,-0.0,285.8678283691406,0.7324317693710327,0.1801636070013046,0.1719232648611068,297.2943115234375,297.1499938964844,293.1499938964844,0.0,-0.0,285.8679504394531,0.7496563792228699,0.1939449906349182,0.8783726096153259,285.8685607910156,285.06842041015625,294.0240173339844,286.8387756347656,294.0202331542969,297.4798278808594,285.8706359863281,1.0,0.4243785738945007,1.0,1.0,0.0,1.0,-2.2274510860443115,2.227447032928467,3.995009592472343e-06,1.72238028049469,0.7899472713470459,0.7899472713470459,0.0,84.73735809326172,100.0,18338.669921875,-0.0,952.2703857421876,1.0,283.1499938964844,285.22833251953125,289.8772888183594,291.0983581542969,293.1499938964844,293.1499938964844,283.1499938964844,17079.537109375,18000.0,313.1499938964844,0.0,18000.0,1.0,0.0,0.0,0.0,1.0,0.6221088171005249,1.0,0.0,0.0,2.107250928878784,2.107259750366211,2.962960650165769e-07,4.265924453735352,4.265914440155029,9.78592834144365e-06,0.0,0.0,-0.0,3925.332275390625,0.0,316.9700622558594,1895.4371337890625,0.0,1058.7083740234375,0.5342523455619812,1.0,0.0,3.0,1.0,0.0
12129300,297.5415344238281,297.1499938964844,293.1499938964844,0.0,-0.0,285.8861389160156,0.9990000128746032,0.5545753836631775,0.4222617447376251,297.4299011230469,297.1499938964844,293.1499938964844,0.0,-0.0,285.8855285644531,0.7884561419487,0.2288138717412948,0.2176313400268554,297.2964782714844,297.1499938964844,293.1499938964844,0.0,-0.0,285.8856201171875,0.8072771430015564,0.2448390871286392,0.1722019165754318,297.3653259277344,297.1499938964844,293.1499938964844,0.0,-0.0,285.8852233886719,0.7316839098930359,0.1813997030258178,0.1731398552656173,297.2926025390625,297.1499938964844,293.1499938964844,0.0,-0.0,285.88531494140625,0.7481535077095032,0.194691464304924,0.8819646239280701,285.8858947753906,284.9970092773437,294.1000061035156,286.8719787597656,294.09619140625,297.474365234375,285.8878479003906,1.0,0.4273719191551208,1.0,1.0,0.0,1.0,-2.2413558959960938,2.241351842880249,4.044895831611939e-06,1.7332135438919067,0.7967625856399536,0.7967625856399536,0.0,86.23178100585938,100.0,18588.041015625,-0.0,971.8894653320312,1.0,283.1499938964844,285.2362365722656,289.9117736816406,291.1474609375,293.1499938964844,293.1499938964844,283.1499938964844,16969.51953125,18000.0,313.1499938964844,0.0,18000.0,1.0,0.0,0.0,0.0,1.0,0.626153290271759,1.0,0.0,0.0,2.128146409988404,2.12815523147583,3.022013004283508e-07,4.265924453735352,4.265914440155029,9.78592834144365e-06,0.0,0.0,-0.0,3945.657470703125,0.0,324.52813720703125,1895.4371337890625,0.0,1083.894287109375,0.5386224985122681,1.0,0.0,3.0,1.0,0.0
12129360,297.5328063964844,297.1499938964844,293.1499938964844,0.0,-0.0,285.9024353027344,0.9990000128746032,0.556197464466095,0.4266563057899475,297.4299011230469,297.1499938964844,293.1499938964844,0.0,-0.0,285.90185546875,0.7877799272537231,0.2305841892957687,0.219346672296524,297.296630859375,297.1499938964844,293.1499938964844,0.0,-0.0,285.90191650390625,0.8055385947227478,0.2457796335220337,0.1728911995887756,297.3638916015625,297.1499938964844,293.1499938964844,0.0,-0.0,285.90155029296875,0.7309117913246155,0.1826210618019104,0.1743433177471161,297.2908020019531,297.1499938964844,293.1499938964844,0.0,-0.0,285.9016418457031,0.7466343641281128,0.195417046546936,0.8854649662971497,285.9021911621094,284.95001220703125,294.17730712890625,286.90606689453125,294.1734619140625,297.4687194824219,285.9040222167969,1.0,0.4303593337535858,1.0,1.0,0.0,1.0,-2.2551732063293457,2.255169153213501,4.094700216228375e-06,1.7439244985580444,0.8038021326065063,0.8038021326065063,0.0,87.74591064453125,103.0,18843.412109375,-0.0,991.71484375,1.0,283.1499938964844,285.24273681640625,289.947021484375,291.1977844238281,293.1499938964844,293.1499938964844,283.1499938964844,16867.076171875,18000.0,313.1499938964844,0.0,18000.0,1.0,0.0,0.0,0.0,1.0,0.6303116679191589,1.0,0.0,0.0,2.150970935821533,2.150979995727539,3.087183415573236e-07,4.265924453735352,4.265914440155029,9.78592834144365e-06,0.0,0.0,-0.0,3966.50634765625,0.0,333.0170593261719,1895.4371337890625,0.0,1110.2291259765625,0.5434302091598511,1.0,0.0,3.0,1.0,0.0
12129420,297.5144958496094,297.1499938964844,293.1499938964844,0.0,-0.0,285.9342041015625,0.9990000128746032,0.5591923594474792,0.435472309589386,297.42974853515625,297.1499938964844,293.1499938964844,0.0,-0.0,285.9336242675781,0.7864370942115784,0.2341149449348449,0.2227672189474105,297.2966613769531,297.1499938964844,293.1499938964844,0.0,-0.0,285.9336853027344,0.8020767569541931,0.2476409375667572,0.1742564290761947,297.3608703613281,297.1499938964844,293.1499938964844,0.0,-0.0,285.9333190917969,0.7293477654457092,0.1850242912769317,0.1767128854990005,297.2869567871094,297.1499938964844,293.1499938964844,0.0,-0.0,285.93341064453125,0.7436065673828125,0.1968129426240921,0.8922142386436462,285.9339599609375,284.95001220703125,294.3356018066406,286.9765930175781,294.3316650390625,297.45709228515625,285.9357604980469,1.0,0.4363000988960266,1.0,1.0,0.0,1.0,-2.282465696334839,2.282461404800415,4.194540451862849e-06,1.7653733491897583,0.8171346783638,0.8171346783638,0.0,90.82522583007812,106.0,19364.015625,-0.0,1031.8656005859375,1.0,283.1499938964844,285.2545471191406,290.0193176269531,291.3008728027344,293.1499938964844,293.1499938964844,283.1499938964844,16769.548828125,18000.0,313.1499938964844,0.0,18000.0,1.0,0.0,0.0,0.0,1.0,0.6388729810714722,1.0,0.0,0.0,2.198107481002808,2.1981167793273926,3.223971418719884e-07,4.265924453735352,4.265914440155029,9.78592834144365e-06,0.0,0.0,-0.0,4009.14892578125,0.0,351.5867614746094,1895.4371337890625,0.0,1165.8194580078125,0.5535843968391418,1.0,0.0,3.0,1.0,0.0
12129480,297.5144958496094,297.1499938964844,293.1499938964844,0.0,-0.0,285.9342041015625,0.9990000128746032,0.5591923594474792,0.435472309589386,297.42974853515625,297.1499938964844,293.1499938964844,0.0,-0.0,285.9336242675781,0.7864370942115784,0.2341149449348449,0.2227672189474105,297.2966613769531,297.1499938964844,293.1499938964844,0.0,-0.0,285.9336853027344,0.8020767569541931,0.2476409375667572,0.1742564290761947,297.3608703613281,297.1499938964844,293.1499938964844,0.0,-0.0,285.9333190917969,0.7293477654457092,0.1850242912769317,0.1767128854990005,297.2869567871094,297.1499938964844,293.1499938964844,0.0,-0.0,285.93341064453125,0.7436065673828125,0.1968129426240921,0.8922142386436462,285.9339599609375,284.95001220703125,294.3356018066406,286.9765930175781,294.3316650390625,297.45709228515625,285.9357604980469,1.0,0.4363000988960266,1.0,1.0,0.0,1.0,-2.282465696334839,2.282461404800415,4.194540451862849e-06,1.7653733491897583,0.8171346783638,0.8171346783638,0.0,90.82522583007812,106.0,19364.015625,-0.0,1031.8656005859375,1.0,283.1499938964844,285.2545471191406,290.0193176269531,291.3008728027344,293.1499938964844,293.1499938964844,283.1499938964844,16769.548828125,18000.0,313.1499938964844,0.0,18000.0,1.0,0.0,0.0,0.0,1.0,0.6388729810714722,1.0,0.0,0.0,2.198107481002808,2.1981167793273926,3.223971418719884e-07,4.265924453735352,4.265914440155029,9.78592834144365e-06,0.0,0.0,-0.0,4009.14892578125,0.0,351.5867614746094,1895.4371337890625,0.0,1165.8194580078125,0.5535843968391418,1.0,0.0,3.0,1.0,0.0
12129540,297.49560546875,297.1499938964844,293.1499938964844,0.0,-0.0,285.9656982421875,0.9990000128746032,0.5618922114372253,0.4442898035049438,297.4295959472656,297.1499938964844,293.1499938964844,0.0,-0.0,285.96514892578125,0.7851381897926331,0.2376425862312317,0.2261833846569061,297.2964782714844,297.1499938964844,293.1499938964844,0.0,-0.0,285.9652099609375,0.7986959218978882,0.249482125043869,0.1756075322628021,297.3577880859375,297.1499938964844,293.1499938964844,0.0,-0.0,285.96484375,0.7277824878692627,0.1873819380998611,0.179038867354393,297.2829895019531,297.1499938964844,293.1499938964844,0.0,-0.0,285.9649353027344,0.7406207323074341,0.1981458216905594,0.8986743092536926,285.9654846191406,284.95001220703125,294.4981384277344,287.0498046875,294.4941711425781,297.44537353515625,285.9672546386719,1.0,0.4421805441379547,1.0,1.0,0.0,1.0,-2.3093385696411133,2.309334278106689,4.2939636841765605e-06,1.786421298980713,0.8308864831924438,0.8308864831924438,0.0,93.94686126708984,109.0,19898.626953125,-0.0,1072.6041259765625,1.0,283.1499938964844,285.2655029296875,290.0935363769531,291.4068603515625,293.1499938964844,293.1499938964844,283.1499938964844,16709.328125,18000.0,313.1499938964844,0.0,18000.0,1.0,0.0,0.0,0.0,1.0,0.6476296782493591,1.0,0.0,0.0,2.247175455093384,2.247184991836548,3.36951416102238e-07,4.265924453735352,4.265914440155029,9.78592834144365e-06,0.0,0.0,-0.0,4053.235107421875,0.0,371.8968200683594,1895.4371337890625,0.0,1224.5299072265625,0.5642746090888977,1.0,0.0,3.0,1.0,0.0
12129600,297.49560546875,297.1499938964844,293.1499938964844,0.0,-0.0,285.9656982421875,0.9990000128746032,0.5618922114372253,0.4442898035049438,297.4295959472656,297.1499938964844,293.1499938964844,0.0,-0.0,285.96514892578125,0.7851381897926331,0.2376425862312317,0.2261833846569061,297.2964782714844,297.1499938964844,293.1499938964844,0.0,-0.0,285.9652099609375,0.7986959218978882,0.249482125043869,0.1756075322628021,297.3577880859375,297.1499938964844,293.1499938964844,0.0,-0.0,285.96484375,0.7277824878692627,0.1873819380998611,0.179038867354393,297.2829895019531,297.1499938964844,293.1499938964844,0.0,-0.0,285.9649353027344,0.7406207323074341,0.1981458216905594,0.8986743092536926,285.9654846191406,284.95001220703125,294.4981384277344,287.0498046875,294.4941711425781,297.44537353515625,285.9672546386719,1.0,0.4421805441379547,1.0,1.0,0.0,1.0,-2.3093385696411133,2.309334278106689,4.2939636841765605e-06,1.786421298980713,0.8308864831924438,0.8308864831924438,0.0,93.94686126708984,109.0,19898.626953125,-0.0,1072.6041259765625,1.0,283.1499938964844,285.2655029296875,290.0935363769531,291.4068603515625,293.1499938964844,293.1499938964844,283.1499938964844,16709.328125,18000.0,313.1499938964844,0.0,18000.0,1.0,0.0,0.0,0.0,1.0,0.6476296782493591,1.0,0.0,0.0,2.247175455093384,2.247184991836548,3.36951416102238e-07,4.265924453735352,4.265914440155029,9.78592834144365e-06,0.0,0.0,-0.0,4053.235107421875,0.0,371.8968200683594,1895.4371337890625,0.0,1224.5299072265625,0.5642746090888977,1.0,0.0,3.0,1.0,0.0
12129660,297.4765014648437,297.1499938964844,293.1499938964844,0.0,-0.0,285.997314453125,0.9990000128746032,0.5643342137336731,0.4530315399169922,297.4295349121094,297.1499938964844,293.1499938964844,0.0,-0.0,285.9967346191406,0.7839378118515015,0.2411773055791854,0.2296046912670135,297.29620361328125,297.1499938964844,293.1499938964844,0.0,-0.0,285.9967956542969,0.7954472303390503,0.2513091564178467,0.1769485771656036,297.3547058105469,297.1499938964844,293.1499938964844,0.0,-0.0,285.9964599609375,0.7262611985206604,0.1897020787000656,0.1813285797834396,297.2790222167969,297.1499938964844,293.1499938964844,0.0,-0.0,285.9965209960937,0.7377235889434814,0.1994270980358123,0.904896080493927,285.9970703125,284.95001220703125,294.66424560546875,287.1250915527344,294.6602478027344,297.4339294433594,285.99884033203125,1.0,0.4479884207248688,1.0,1.0,0.0,1.0,-2.3357856273651123,2.3357810974121094,4.393128165247617e-06,1.807200908660889,0.8450592160224915,0.8450592160224915,0.0,97.09467315673828,112.0,20444.642578125,-0.0,1113.8385009765625,1.0,283.1499938964844,285.2761535644531,290.1693725585937,291.5152282714844,293.1499938964844,293.1499938964844,283.1499938964844,16673.88671875,18000.0,313.1499938964844,0.0,18000.0,1.0,0.0,0.0,0.0,1.0,0.6564922332763672,1.0,0.0,0.0,2.2973275184631348,2.297337532043457,3.521593612276775e-07,4.265924453735352,4.265914440155029,9.78592834144365e-06,0.0,0.0,-0.0,4098.56396484375,0.0,393.6381530761719,1895.4371337890625,0.0,1285.783447265625,0.5752899646759033,1.0,0.0,3.0,1.0,0.0
12129720,297.4765014648437,297.1499938964844,293.1499938964844,0.0,-0.0,285.997314453125,0.9990000128746032,0.5643342137336731,0.4530315399169922,297.4295349121094,297.1499938964844,293.1499938964844,0.0,-0.0,285.9967346191406,0.7839378118515015,0.2411773055791854,0.2296046912670135,297.29620361328125,297.1499938964844,293.1499938964844,0.0,-0.0,285.9967956542969,0.7954472303390503,0.2513091564178467,0.1769485771656036,297.3547058105469,297.1499938964844,293.1499938964844,0.0,-0.0,285.9964599609375,0.7262611985206604,0.1897020787000656,0.1813285797834396,297.2790222167969,297.1499938964844,293.1499938964844,0.0,-0.0,285.9965209960937,0.7377235889434814,0.1994270980358123,0.904896080493927,285.9970703125,284.95001220703125,294.66424560546875,287.1250915527344,294.6602478027344,297.4339294433594,285.99884033203125,1.0,0.4479884207248688,1.0,1.0,0.0,1.0,-2.3357856273651123,2.3357810974121094,4.393128165247617e-06,1.807200908660889,0.8450592160224915,0.8450592160224915,0.0,97.09467315673828,112.0,20444.642578125,-0.0,1113.8385009765625,1.0,283.1499938964844,285.2761535644531,290.1693725585937,291.5152282714844,293.1499938964844,293.1499938964844,283.1499938964844,16673.88671875,18000.0,313.1499938964844,0.0,18000.0,1.0,0.0,0.0,0.0,1.0,0.6564922332763672,1.0,0.0,0.0,2.2973275184631348,2.297337532043457,3.521593612276775e-07,4.265924453735352,4.265914440155029,9.78592834144365e-06,0.0,0.0,-0.0,4098.56396484375,0.0,393.6381530761719,1895.4371337890625,0.0,1285.783447265625,0.5752899646759033,1.0,0.0,3.0,1.0,0.0
12129780,297.4574890136719,297.1499938964844,293.1499938964844,0.0,-0.0,286.0292663574219,0.9990000128746032,0.566543698310852,0.4616705477237701,297.4295959472656,297.1499938964844,293.1499938964844,0.0,-0.0,286.0286865234375,0.7828541994094849,0.2447263896465301,0.2330382913351059,297.2958679199219,297.1499938964844,293.1499938964844,0.0,-0.0,286.0287170410156,0.7923452258110046,0.2531252205371856,0.1782819628715515,297.3516845703125,297.1499938964844,293.1499938964844,0.0,-0.0,286.02838134765625,0.7247992157936096,0.1919901967048645,0.1835873872041702,297.2751159667969,297.1499938964844,293.1499938964844,0.0,-0.0,286.0284423828125,0.7349278926849365,0.2006649225950241,0.9109176993370056,286.0290222167969,284.95001220703125,294.83319091796875,287.20184326171875,294.82916259765625,297.4230041503906,286.0307922363281,1.0,0.4537180364131927,1.0,1.0,0.0,1.0,-2.36183762550354,2.361833333969116,4.491801973927068e-06,1.827575206756592,0.8596604466438293,0.8596604466438293,0.0,100.25408935546876,100.0,21000.146484375,-0.0,1155.5213623046875,1.0,283.1499938964844,285.286865234375,290.24639892578125,291.62554931640625,293.1499938964844,293.1499938964844,283.1499938964844,16656.64453125,18000.0,313.1499938964844,0.0,18000.0,1.0,0.0,0.0,0.0,1.0,0.6654087901115417,1.0,0.0,0.0,2.3479130268096924,2.3479232788085938,3.678386804040201e-07,4.265924453735352,4.265914440155029,9.78592834144365e-06,0.0,0.0,-0.0,4144.9716796875,0.0,416.5618286132813,1895.4371337890625,0.0,1349.1966552734375,0.5864711403846741,1.0,0.0,3.0,1.0,0.0
12129840,297.4574890136719,297.1499938964844,293.1499938964844,0.0,-0.0,286.0292663574219,0.9990000128746032,0.566543698310852,0.4616705477237701,297.4295959472656,297.1499938964844,293.1499938964844,0.0,-0.0,286.0286865234375,0.7828541994094849,0.2447263896465301,0.2330382913351059,297.2958679199219,297.1499938964844,293.1499938964844,0.0,-0.0,286.0287170410156,0.7923452258110046,0.2531252205371856,0.1782819628715515,297.3516845703125,297.1499938964844,293.1499938964844,0.0,-0.0,286.02838134765625,0.7247992157936096,0.1919901967048645,0.1835873872041702,297.2751159667969,297.1499938964844,293.1499938964844,0.0,-0.0,286.0284423828125,0.7349278926849365,0.2006649225950241,0.9109176993370056,286.0290222167969,284.95001220703125,294.83319091796875,287.20184326171875,294.82916259765625,297.4230041503906,286.0307922363281,1.0,0.4537180364131927,1.0,1.0,0.0,1.0,-2.36183762550354,2.361833333969116,4.491801973927068e-06,1.827575206756592,0.8596604466438293,0.8596604466438293,0.0,100.25408935546876,100.0,21000.146484375,-0.0,1155.5213623046875,1.0,283.1499938964844,285.286865234375,290.24639892578125,291.62554931640625,293.1499938964844,293.1499938964844,283.1499938964844,16656.64453125,18000.0,313.1499938964844,0.0,18000.0,1.0,0.0,0.0,0.0,1.0,0.6654087901115417,1.0,0.0,0.0,2.3479130268096924,2.3479232788085938,3.678386804040201e-07,4.265924453735352,4.265914440155029,9.78592834144365e-06,0.0,0.0,-0.0,4144.9716796875,0.0,416.5618286132813,1895.4371337890625,0.0,1349.1966552734375,0.5864711403846741,1.0,0.0,3.0,1.0,0.0
12129900,297.4510498046875,297.1499938964844,293.1499938964844,0.0,-0.0,286.042724609375,0.9990000128746032,0.5678529739379883,0.4612555205821991,297.4295959472656,297.1499938964844,293.1499938964844,0.0,-0.0,286.0423583984375,0.7850069403648376,0.2464952021837234,0.2347057610750198,297.2955322265625,297.1499938964844,293.1499938964844,0.0,-0.0,286.0423583984375,0.793539822101593,0.2540168166160583,0.1789051443338394,297.35009765625,297.1499938964844,293.1499938964844,0.0,-0.0,286.0421447753906,0.7262983322143555,0.1931109130382537,0.1846507936716079,297.2730712890625,297.1499938964844,293.1499938964844,0.0,-0.0,286.0422058105469,0.7358012199401855,0.2012580782175064,0.9136002659797668,286.0425720214844,284.95001220703125,294.91851806640625,287.2406005859375,294.9144897460937,297.4188842773437,286.0436706542969,1.0,0.4543163180351257,1.0,1.0,0.0,1.0,-2.368605613708496,2.368601083755493,4.517917204793776e-06,1.8330283164978027,0.8670834302902222,0.8670834302902222,0.0,100.361083984375,100.0,21243.50390625,-0.0,1163.5985107421875,1.0,283.1499938964844,285.2896423339844,290.2850952148437,291.6806030273437,293.1499938964844,293.1499938964844,283.1499938964844,16654.373046875,18000.0,313.1499938964844,0.0,18000.0,1.0,0.0,0.0,0.0,1.0,0.6698597073554993,1.0,0.0,0.0,2.3731913566589355,2.373201847076416,3.75801818108812e-07,4.265924453735352,4.265914440155029,9.78592834144365e-06,0.0,0.0,-0.0,4167.216796875,0.0,428.3964538574219,1895.4371337890625,0.0,1381.4976806640625,0.5920814871788025,1.0,0.0,3.0,1.0,0.0
12129960,297.4524841308594,297.1499938964844,293.1499938964844,0.0,-0.0,286.0515441894531,0.9990000128746032,0.569897472858429,0.4576265513896942,297.42950439453125,297.1499938964844,293.1499938964844,0.0,-0.0,286.0513000488281,0.7889987230300903,0.2482588440179824,0.2363317608833313,297.2950744628906,297.1499938964844,293.1499938964844,0.0,-0.0,286.0513000488281,0.7965891361236572,0.2548938691616058,0.1794919371604919,297.34844970703125,297.1499938964844,293.1499938964844,0.0,-0.0,286.0511474609375,0.7292983531951904,0.1942159086465835,0.1856621205806732,297.2710876464844,297.1499938964844,293.1499938964844,0.0,-0.0,286.0511779785156,0.7382174730300903,0.2018416821956634,0.916045606136322,286.05145263671875,284.95001220703125,295.0042724609375,287.2795104980469,295.000244140625,297.4186096191406,286.0522155761719,1.0,0.4538100361824035,1.0,1.0,0.0,1.0,-2.371062755584717,2.371058225631714,4.527424607658759e-06,1.8350114822387693,0.8745166659355164,0.8745166659355164,0.0,99.45314025878906,103.0,21454.92578125,-0.0,1162.7154541015625,1.0,283.1499938964844,285.28875732421875,290.3228454589844,291.73309326171875,293.1499938964844,293.1499938964844,283.1499938964844,16658.26953125,18000.0,313.1499938964844,0.0,18000.0,1.0,0.0,0.0,0.0,1.0,0.6741429567337036,1.0,0.0,0.0,2.3982980251312256,2.398308753967285,3.837953386209847e-07,4.265924453735352,4.265914440155029,9.78592834144365e-06,0.0,0.0,-0.0,4187.4765625,0.0,440.4148559570313,1895.4371337890625,0.0,1412.976806640625,0.5976707935333252,1.0,0.0,3.0,1.0,0.0
12130020,297.46514892578125,297.1499938964844,293.1499938964844,0.0,-0.0,286.072265625,0.9990000128746032,0.5750138163566589,0.456053614616394,297.4296875,297.1499938964844,293.1499938964844,0.0,-0.0,286.0718688964844,0.7937300801277161,0.2518177926540375,0.2396586686372757,297.2942199707031,297.1499938964844,293.1499938964844,0.0,-0.0,286.0718994140625,0.799365222454071,0.2566437721252441,0.1806979924440384,297.3454284667969,297.1499938964844,293.1499938964844,0.0,-0.0,286.0716552734375,0.732568085193634,0.1964240670204162,0.1877295672893524,297.2678527832031,297.1499938964844,293.1499938964844,0.0,-0.0,286.0716857910156,0.7403261661529541,0.2030452936887741,0.9212950468063354,286.0721130371094,284.95001220703125,295.1767883300781,287.3575439453125,295.1727294921875,297.4239196777344,286.07342529296875,1.0,0.4556263089179992,1.0,1.0,0.0,1.0,-2.3833975791931152,2.3833930492401123,4.57431769973482e-06,1.8444305658340447,0.8896033763885498,0.8896033763885498,0.0,99.41022491455078,106.0,21923.796875,-0.0,1176.5970458984375,1.0,283.1499938964844,285.2904357910156,290.3961181640625,291.83428955078125,293.1499938964844,293.1499938964844,283.1499938964844,16676.173828125,18000.0,313.1499938964844,0.0,18000.0,1.0,0.0,0.0,0.0,1.0,0.6818551421165466,1.0,0.0,0.0,2.447809934616089,2.4478209018707275,3.998054864950973e-07,4.265924453735352,4.265914440155029,9.78592834144365e-06,0.0,0.0,-0.0,4228.888671875,0.0,464.8614196777344,1895.4371337890625,0.0,1470.605712890625,0.6087321639060974,1.0,0.0,3.0,1.0,0.0
12130080,297.46514892578125,297.1499938964844,293.1499938964844,0.0,-0.0,286.072265625,0.9990000128746032,0.5750138163566589,0.456053614616394,297.4296875,297.1499938964844,293.1499938964844,0.0,-0.0,286.0718688964844,0.7937300801277161,0.2518177926540375,0.2396586686372757,297.2942199707031,297.1499938964844,293.1499938964844,0.0,-0.0,286.0718994140625,0.799365222454071,0.2566437721252441,0.1806979924440384,297.3454284667969,297.1499938964844,293.1499938964844,0.0,-0.0,286.0716552734375,0.732568085193634,0.1964240670204162,0.1877295672893524,297.2678527832031,297.1499938964844,293.1499938964844,0.0,-0.0,286.0716857910156,0.7403261661529541,0.2030452936887741,0.9212950468063354,286.0721130371094,284.95001220703125,295.1767883300781,287.3575439453125,295.1727294921875,297.4239196777344,286.07342529296875,1.0,0.4556263089179992,1.0,1.0,0.0,1.0,-2.3833975791931152,2.3833930492401123,4.57431769973482e-06,1.8444305658340447,0.8896033763885498,0.8896033763885498,0.0,99.41022491455078,106.0,21923.796875,-0.0,1176.5970458984375,1.0,283.1499938964844,285.2904357910156,290.3961181640625,291.83428955078125,293.1499938964844,293.1499938964844,283.1499938964844,16676.173828125,18000.0,313.1499938964844,0.0,18000.0,1.0,0.0,0.0,0.0,1.0,0.6818551421165466,1.0,0.0,0.0,2.447809934616089,2.4478209018707275,3.998054864950973e-07,4.265924453735352,4.265914440155029,9.78592834144365e-06,0.0,0.0,-0.0,4228.888671875,0.0,464.8614196777344,1895.4371337890625,0.0,1470.605712890625,0.6087321639060974,1.0,0.0,3.0,1.0,0.0
12130140,297.47393798828125,297.1499938964844,293.1499938964844,0.0,-0.0,286.0986633300781,0.9990000128746032,0.5799021124839783,0.4573909342288971,297.4302978515625,297.1499938964844,293.1499938964844,0.0,-0.0,286.09820556640625,0.796775758266449,0.2554215490818023,0.2430583089590072,297.2933654785156,297.1499938964844,293.1499938964844,0.0,-0.0,286.0982360839844,0.8004127740859985,0.2583854794502258,0.1819213628768921,297.3427124023437,297.1499938964844,293.1499938964844,0.0,-0.0,286.09796142578125,0.7344136834144592,0.1986237168312072,0.1898215115070343,297.2652587890625,297.1499938964844,293.1499938964844,0.0,-0.0,286.0979919433594,0.7410380840301514,0.2042745947837829,0.9268431663513184,286.0984802246094,284.95001220703125,295.3500061035156,287.4353332519531,295.345947265625,297.42791748046875,286.0999755859375,1.0,0.4584410190582275,1.0,1.0,0.0,1.0,-2.3997340202331543,2.3997292518615723,4.637137408280978e-06,1.8570810556411743,0.9050901532173156,0.9050901532173156,0.0,100.29014587402344,109.0,22427.89453125,0.0,1198.9962158203125,1.0,283.1499938964844,285.2968444824219,290.4716491699219,291.9391784667969,293.1499938964844,293.1499938964844,283.1499938964844,16701.373046875,19080.0,313.1499938964844,0.0,18000.0,1.0,0.0,0.0,0.0,1.0,0.6890640258789062,1.0,0.0,0.0,2.496255874633789,2.496267080307007,4.157876105637115e-07,4.265924453735352,4.265914440155029,9.78592834144365e-06,0.0,0.0,-0.0,4273.1220703125,0.0,489.7301025390625,1895.4371337890625,0.0,1525.5400390625,0.6225928068161011,1.0,0.0,3.0,1.0,0.0
12130200,297.47393798828125,297.1499938964844,293.1499938964844,0.0,-0.0,286.0986633300781,0.9990000128746032,0.5799021124839783,0.4573909342288971,297.4302978515625,297.1499938964844,293.1499938964844,0.0,-0.0,286.09820556640625,0.796775758266449,0.2554215490818023,0.2430583089590072,297.2933654785156,297.1499938964844,293.1499938964844,0.0,-0.0,286.0982360839844,0.8004127740859985,0.2583854794502258,0.1819213628768921,297.3427124023437,297.1499938964844,293.1499938964844,0.0,-0.0,286.09796142578125,0.7344136834144592,0.1986237168312072,0.1898215115070343,297.2652587890625,297.1499938964844,293.1499938964844,0.0,-0.0,286.0979919433594,0.7410380840301514,0.2042745947837829,0.9268431663513184,286.0984802246094,284.95001220703125,295.3500061035156,287.4353332519531,295.345947265625,297.42791748046875,286.0999755859375,1.0,0.4584410190582275,1.0,1.0,0.0,1.0,-2.3997340202331543,2.3997292518615723,4.637137408280978e-06,1.8570810556411743,0.9050901532173156,0.9050901532173156,0.0,100.29014587402344,109.0,22427.89453125,0.0,1198.9962158203125,1.0,283.1499938964844,285.2968444824219,290.4716491699219,291.9391784667969,293.1499938964844,293.1499938964844,283.1499938964844,16701.373046875,19080.0,313.1499938964844,0.0,18000.0,1.0,0.0,0.0,0.0,1.0,0.6890640258789062,1.0,0.0,0.0,2.496255874633789,2.496267080307007,4.157876105637115e-07,4.265924453735352,4.265914440155029,9.78592834144365e-06,0.0,0.0,-0.0,4273.1220703125,0.0,489.7301025390625,1895.4371337890625,0.0,1525.5400390625,0.6225928068161011,1.0,0.0,3.0,1.0,0.0
12130260,297.4760437011719,297.1499938964844,293.1499938964844,0.0,-0.0,286.1115417480469,0.9990000128746032,0.5842258930206299,0.4606371223926544,297.4308776855469,297.1499938964844,293.1499938964844,0.0,-0.0,286.1112365722656,0.7986860871315002,0.2590312659740448,0.2464976757764816,297.2922668457031,297.1499938964844,293.1499938964844,0.0,-0.0,286.1112365722656,0.8003078103065491,0.2600904107093811,0.1831424534320831,297.3399353027344,297.1499938964844,293.1499938964844,0.0,-0.0,286.1110534667969,0.7352885603904724,0.2007820755243301,0.1919065713882446,297.2626342773437,297.1499938964844,293.1499938964844,0.0,-0.0,286.1110534667969,0.7407899498939514,0.205470323562622,0.9324217438697816,286.11138916015625,284.95001220703125,295.5232238769531,287.5123291015625,295.51922607421875,297.4286804199219,286.1124572753906,1.0,0.4619883894920349,1.0,1.0,0.0,1.0,-2.4184377193450928,2.41843318939209,4.7096955313463695e-06,1.871611714363098,0.9206495881080629,0.9206495881080629,0.0,101.77307891845705,112.0,23003.015625,0.0,1226.931640625,1.0,283.1499938964844,285.28472900390625,290.5513916015625,292.0531005859375,293.1499938964844,293.1499938964844,283.1499938964844,17176.033203125,20160.0,313.1499938964844,0.0,18000.0,1.0,0.0,0.0,0.0,1.0,0.6968610882759094,1.0,0.0,0.0,2.576014995574951,2.576026678085327,4.427821522767772e-07,4.265924453735352,4.265914440155029,9.78592834144365e-06,0.0,0.0,-0.0,4322.9697265625,0.0,534.9695434570312,1895.4371337890625,0.0,1586.070068359375,0.6415857076644897,1.0,0.0,3.0,1.0,0.0
12130320,297.4760437011719,297.1499938964844,293.1499938964844,0.0,-0.0,286.1115417480469,0.9990000128746032,0.5842258930206299,0.4606371223926544,297.4308776855469,297.1499938964844,293.1499938964844,0.0,-0.0,286.1112365722656,0.7986860871315002,0.2590312659740448,0.2464976757764816,297.2922668457031,297.1499938964844,293.1499938964844,0.0,-0.0,286.1112365722656,0.8003078103065491,0.2600904107093811,0.1831424534320831,297.3399353027344,297.1499938964844,293.1499938964844,0.0,-0.0,286.1110534667969,0.7352885603904724,0.2007820755243301,0.1919065713882446,297.2626342773437,297.1499938964844,293.1499938964844,0.0,-0.0,286.1110534667969,0.7407899498939514,0.205470323562622,0.9324217438697816,286.11138916015625,284.95001220703125,295.5232238769531,287.5123291015625,295.51922607421875,297.4286804199219,286.1124572753906,1.0,0.4619883894920349,1.0,1.0,0.0,1.0,-2.4184377193450928,2.41843318939209,4.7096955313463695e-06,1.871611714363098,0.9206495881080629,0.9206495881080629,0.0,101.77307891845705,112.0,23003.015625,0.0,1226.931640625,1.0,283.1499938964844,285.28472900390625,290.5513916015625,292.0531005859375,293.1499938964844,293.1499938964844,283.1499938964844,17176.033203125,20160.0,313.1499938964844,0.0,18000.0,1.0,0.0,0.0,0.0,1.0,0.6968610882759094,1.0,0.0,0.0,2.576014995574951,2.576026678085327,4.427821522767772e-07,4.265924453735352,4.265914440155029,9.78592834144365e-06,0.0,0.0,-0.0,4322.9697265625,0.0,534.9695434570312,1895.4371337890625,0.0,1586.070068359375,0.6415857076644897,1.0,0.0,3.0,1.0,0.0
12130380,297.471435546875,297.1499938964844,293.1499938964844,0.0,-0.0,286.1180114746094,0.9990000128746032,0.5878947973251343,0.465378075838089,297.4311218261719,297.1499938964844,293.1499938964844,0.0,-0.0,286.1177978515625,0.7996716499328613,0.2626137435436249,0.2499317824840545,297.29071044921875,297.1499938964844,293.1499938964844,0.0,-0.0,286.1177978515625,0.7992793321609497,0.2617343664169311,0.1843347996473312,297.3367614746094,297.1499938964844,293.1499938964844,0.0,-0.0,286.1176452636719,0.7353618144989014,0.2028679698705673,0.1939441859722137,297.2595520019531,297.1499938964844,293.1499938964844,0.0,-0.0,286.11767578125,0.739740788936615,0.2065851092338562,0.9377513527870178,286.117919921875,284.95001220703125,295.6957092285156,287.5879821777344,295.6917724609375,297.4258728027344,286.11871337890625,1.0,0.4660408794879913,1.0,1.0,0.0,1.0,-2.4385416507720947,2.4385368824005127,4.788437308889115e-06,1.887283444404602,0.9362491965293884,0.9362491965293884,0.0,103.72679901123048,115.0,23608.564453125,0.0,1258.883544921875,1.0,283.1499938964844,285.26434326171875,290.6311340332031,292.1698913574219,293.1499938964844,293.1499938964844,283.1499938964844,17870.193359375,21240.0,313.1499938964844,0.0,18000.0,1.0,0.0,0.0,0.0,1.0,0.7055320739746094,1.0,0.0,0.0,2.6699588298797607,2.669971466064453,4.756664111482678e-07,4.265924453735352,4.265914440155029,9.78592834144365e-06,0.0,0.0,-0.0,4374.45654296875,0.0,592.4766845703125,1895.4371337890625,0.0,1654.6817626953125,0.6640397906303406,1.0,0.0,3.0,1.0,0.0
12130440,297.471435546875,297.1499938964844,293.1499938964844,0.0,-0.0,286.1180114746094,0.9990000128746032,0.5878947973251343,0.465378075838089,297.4311218261719,297.1499938964844,293.1499938964844,0.0,-0.0,286.1177978515625,0.7996716499328613,0.2626137435436249,0.2499317824840545,297.29071044921875,297.1499938964844,293.1499938964844,0.0,-0.0,286.1177978515625,0.7992793321609497,0.2617343664169311,0.1843347996473312,297.3367614746094,297.1499938964844,293.1499938964844,0.0,-0.0,286.1176452636719,0.7353618144989014,0.2028679698705673,0.1939441859722137,297.2595520019531,297.1499938964844,293.1499938964844,0.0,-0.0,286.11767578125,0.739740788936615,0.2065851092338562,0.9377513527870178,286.117919921875,284.95001220703125,295.6957092285156,287.5879821777344,295.6917724609375,297.4258728027344,286.11871337890625,1.0,0.4660408794879913,1.0,1.0,0.0,1.0,-2.4385416507720947,2.4385368824005127,4.788437308889115e-06,1.887283444404602,0.9362491965293884,0.9362491965293884,0.0,103.72679901123048,115.0,23608.564453125,0.0,1258.883544921875,1.0,283.1499938964844,285.26434326171875,290.6311340332031,292.1698913574219,293.1499938964844,293.1499938964844,283.1499938964844,17870.193359375,21240.0,313.1499938964844,0.0,18000.0,1.0,0.0,0.0,0.0,1.0,0.7055320739746094,1.0,0.0,0.0,2.6699588298797607,2.669971466064453,4.756664111482678e-07,4.265924453735352,4.265914440155029,9.78592834144365e-06,0.0,0.0,-0.0,4374.45654296875,0.0,592.4766845703125,1895.4371337890625,0.0,1654.6817626953125,0.6640397906303406,1.0,0.0,3.0,1.0,0.0
12130500,297.46697998046875,297.1499938964844,293.1499938964844,0.0,-0.0,286.1169738769531,0.9990000128746032,0.5894957780838013,0.4681819081306457,297.4311218261719,297.1499938964844,293.1499938964844,0.0,-0.0,286.116943359375,0.7998968362808228,0.264393538236618,0.251644104719162,297.2897644042969,297.1499938964844,293.1499938964844,0.0,-0.0,286.116943359375,0.7985020875930786,0.2625345885753631,0.1849201023578643,297.33502197265625,297.1499938964844,293.1499938964844,0.0,-0.0,286.1169128417969,0.7351619601249695,0.2038811296224594,0.1949412375688552,297.2578125,297.1499938964844,293.1499938964844,0.0,-0.0,286.1169128417969,0.7389806509017944,0.2071080803871154,0.94029301404953,286.1169738769531,284.95001220703125,295.781494140625,287.6251220703125,295.777587890625,297.42333984375,286.11724853515625,1.0,0.4682013392448425,1.0,1.0,0.0,1.0,-2.4489216804504395,2.4489169120788574,4.8293427425960544e-06,1.8953676223754885,0.9440208673477172,0.9440208673477172,0.0,104.84152221679688,115.0,23932.181640625,0.0,1276.008544921875,1.0,283.1499938964844,285.2481384277344,290.6703491210937,292.2291564941406,293.1499938964844,293.1499938964844,283.1499938964844,18387.419921875,21240.0,313.1499938964844,0.0,18000.0,1.0,0.0,0.0,0.0,1.0,0.7101553678512573,1.0,0.0,0.0,2.728631496429444,2.728644609451294,4.968017606188369e-07,4.265924453735352,4.265914440155029,9.78592834144365e-06,0.0,0.0,-0.0,4401.6201171875,0.0,630.8523559570312,1895.4371337890625,0.0,1691.80029296875,0.6753478050231934,1.0,0.0,3.0,1.0,0.0
12130560,297.4613647460937,297.1499938964844,293.1499938964844,0.0,-0.0,286.1213684082031,0.9990000128746032,0.5909525156021118,0.4712252616882324,297.4310302734375,297.1499938964844,293.1499938964844,0.0,-0.0,286.1211853027344,0.799972414970398,0.2661663889884949,0.2533496618270874,297.2887878417969,297.1499938964844,293.1499938964844,0.0,-0.0,286.1211853027344,0.7975788712501526,0.2633217871189117,0.1854956597089767,297.33319091796875,297.1499938964844,293.1499938964844,0.0,-0.0,286.1210632324219,0.7348272800445557,0.2048732042312622,0.1959196031093597,297.2559509277344,297.1499938964844,293.1499938964844,0.0,-0.0,286.12109375,0.7380877733230591,0.2076077312231063,0.9427335262298584,286.12127685546875,284.95001220703125,295.8667907714844,287.6617126464844,295.8629455566406,297.420166015625,286.1219787597656,1.0,0.4704275727272033,1.0,1.0,0.0,1.0,-2.459425926208496,2.459421157836914,4.870910288445884e-06,1.90354323387146,0.9518711566925048,0.9518711566925048,0.0,106.03324127197266,118.0,24230.68359375,0.0,1293.7379150390625,1.0,283.1499938964844,285.23992919921875,290.7079467773437,292.2852783203125,293.1499938964844,293.1499938964844,283.1499938964844,18714.759765625,22320.0,313.1499938964844,0.0,18000.0,1.0,0.0,0.0,0.0,1.0,0.7148364186286926,1.0,0.0,0.0,2.772597551345825,2.772611141204834,5.129405735715409e-07,4.265924453735352,4.265914440155029,9.78592834144365e-06,0.0,0.0,-0.0,4426.248046875,0.0,660.3065185546875,1895.4371337890625,0.0,1729.7484130859375,0.6886163949966431,1.0,0.0,3.0,1.0,0.0
12130620,297.447265625,297.1499938964844,293.1499938964844,0.0,-0.0,286.1236267089844,0.9990000128746032,0.5934714078903198,0.4778472781181335,297.4307556152344,297.1499938964844,293.1499938964844,0.0,-0.0,286.1234436035156,0.7998047471046448,0.269696295261383,0.2567529380321502,297.2866516113281,297.1499938964844,293.1499938964844,0.0,-0.0,286.1234436035156,0.7954303026199341,0.2648642361164093,0.1866297572851181,297.329345703125,297.1499938964844,293.1499938964844,0.0,-0.0,286.12335205078125,0.7338625192642212,0.2068029642105102,0.1978295445442199,297.2519226074219,297.1499938964844,293.1499938964844,0.0,-0.0,286.12335205078125,0.7360166907310486,0.2085426896810531,0.9473589062690736,286.12353515625,284.95001220703125,296.0357360839844,287.7330322265625,296.031982421875,297.4123840332031,286.12420654296875,1.0,0.4750234186649322,1.0,1.0,0.0,1.0,-2.480684757232666,2.480679988861084,4.955556050845189e-06,1.920068383216858,0.9675140976905824,0.9675140976905824,0.0,108.5969009399414,121.0,24859.8984375,0.0,1330.6787109375,1.0,283.1499938964844,285.21417236328125,290.7806701660156,292.397216796875,293.1499938964844,293.1499938964844,283.1499938964844,19663.7578125,23400.0,313.1499938964844,0.0,18000.0,1.0,0.0,0.0,0.0,1.0,0.7244255542755127,1.0,0.0,0.0,2.8801729679107666,2.8801872730255127,5.535163722925063e-07,4.265924453735352,4.265914440155029,9.78592834144365e-06,0.0,0.0,-0.0,4477.65966796875,0.0,737.0484619140625,1895.4371337890625,0.0,1808.586669921875,0.7144013047218323,1.0,0.0,3.0,1.0,0.0
12130680,297.447265625,297.1499938964844,293.1499938964844,0.0,-0.0,286.1236267089844,0.9990000128746032,0.5934714078903198,0.4778472781181335,297.4307556152344,297.1499938964844,293.1499938964844,0.0,-0.0,286.1234436035156,0.7998047471046448,0.269696295261383,0.2567529380321502,297.2866516113281,297.1499938964844,293.1499938964844,0.0,-0.0,286.1234436035156,0.7954303026199341,0.2648642361164093,0.1866297572851181,297.329345703125,297.1499938964844,293.1499938964844,0.0,-0.0,286.12335205078125,0.7338625192642212,0.2068029642105102,0.1978295445442199,297.2519226074219,297.1499938964844,293.1499938964844,0.0,-0.0,286.12335205078125,0.7360166907310486,0.2085426896810531,0.9473589062690736,286.12353515625,284.95001220703125,296.0357360839844,287.7330322265625,296.031982421875,297.4123840332031,286.12420654296875,1.0,0.4750234186649322,1.0,1.0,0.0,1.0,-2.480684757232666,2.480679988861084,4.955556050845189e-06,1.920068383216858,0.9675140976905824,0.9675140976905824,0.0,108.5969009399414,121.0,24859.8984375,0.0,1330.6787109375,1.0,283.1499938964844,285.21417236328125,290.7806701660156,292.397216796875,293.1499938964844,293.1499938964844,283.1499938964844,19663.7578125,23400.0,313.1499938964844,0.0,18000.0,1.0,0.0,0.0,0.0,1.0,0.7244255542755127,1.0,0.0,0.0,2.8801729679107666,2.8801872730255127,5.535163722925063e-07,4.265924453735352,4.265914440155029,9.78592834144365e-06,0.0,0.0,-0.0,4477.65966796875,0.0,737.0484619140625,1895.4371337890625,0.0,1808.586669921875,0.7144013047218323,1.0,0.0,3.0,1.0,0.0
12130740,297.4303283691406,297.1499938964844,293.1499938964844,0.0,-0.0,286.1259460449219,0.9990000128746032,0.5955210328102112,0.4849777817726135,297.43035888671875,297.1499938964844,293.1499938964844,0.0,-0.0,286.12579345703125,0.7993459105491638,0.2732137143611908,0.2601485252380371,297.2844543457031,297.1499938964844,293.1499938964844,0.0,-0.0,286.1257629394531,0.7930150628089905,0.2663740813732147,0.1877440810203552,297.3254699707031,297.1499938964844,293.1499938964844,0.0,-0.0,286.12567138671875,0.7326329350471497,0.2086824923753738,0.1996932178735733,297.2476501464844,297.1499938964844,293.1499938964844,0.0,-0.0,286.12567138671875,0.7336812019348145,0.2094008475542068,0.9516593217849731,286.1258850097656,284.95001220703125,296.20184326171875,287.80133056640625,296.1981811523437,297.4032897949219,286.12652587890625,1.0,0.4797407984733581,1.0,1.0,0.0,1.0,-2.5020761489868164,2.502071142196656,5.041427812102484e-06,1.936667799949646,0.9831883907318116,0.9831883907318116,0.0,111.34237670898438,109.0,25489.470703125,0.0,1369.1348876953125,1.0,283.1499938964844,285.1885986328125,290.8491516113281,292.5048828125,293.1499938964844,293.1499938964844,283.1499938964844,20684.767578125,24480.0,313.1499938964844,0.0,18000.0,1.0,0.0,0.0,0.0,1.0,0.734032154083252,1.0,0.0,0.0,2.990030765533448,2.990046262741089,5.965469540569757e-07,4.265924453735352,4.265914440155029,9.78592834144365e-06,0.0,0.0,-0.0,4528.3232421875,0.0,821.5341796875,1895.4371337890625,0.0,1888.974609375,0.740750789642334,1.0,0.0,3.0,1.0,0.0
12130800,297.4303283691406,297.1499938964844,293.1499938964844,0.0,-0.0,286.1259460449219,0.9990000128746032,0.5955210328102112,0.4849777817726135,297.43035888671875,297.1499938964844,293.1499938964844,0.0,-0.0,286.12579345703125,0.7993459105491638,0.2732137143611908,0.2601485252380371,297.2844543457031,297.1499938964844,293.1499938964844,0.0,-0.0,286.1257629394531,0.7930150628089905,0.2663740813732147,0.1877440810203552,297.3254699707031,297.1499938964844,293.1499938964844,0.0,-0.0,286.12567138671875,0.7326329350471497,0.2086824923753738,0.1996932178735733,297.2476501464844,297.1499938964844,293.1499938964844,0.0,-0.0,286.12567138671875,0.7336812019348145,0.2094008475542068,0.9516593217849731,286.1258850097656,284.95001220703125,296.20184326171875,287.80133056640625,296.1981811523437,297.4032897949219,286.12652587890625,1.0,0.4797407984733581,1.0,1.0,0.0,1.0,-2.5020761489868164,2.502071142196656,5.041427812102484e-06,1.936667799949646,0.9831883907318116,0.9831883907318116,0.0,111.34237670898438,109.0,25489.470703125,0.0,1369.1348876953125,1.0,283.1499938964844,285.1885986328125,290.8491516113281,292.5048828125,293.1499938964844,293.1499938964844,283.1499938964844,20684.767578125,24480.0,313.1499938964844,0.0,18000.0,1.0,0.0,0.0,0.0,1.0,0.734032154083252,1.0,0.0,0.0,2.990030765533448,2.990046262741089,5.965469540569757e-07,4.265924453735352,4.265914440155029,9.78592834144365e-06,0.0,0.0,-0.0,4528.3232421875,0.0,821.5341796875,1895.4371337890625,0.0,1888.974609375,0.740750789642334,1.0,0.0,3.0,1.0,0.0
12130860,297.4247741699219,297.1499938964844,293.1499938964844,0.0,-0.0,286.1191711425781,0.9990000128746032,0.5984790921211243,0.4800081551074981,297.4295959472656,297.1499938964844,293.1499938964844,0.0,-0.0,286.1192321777344,0.8055675625801086,0.2766886353492737,0.2633793354034424,297.28192138671875,297.1499938964844,293.1499938964844,0.0,-0.0,286.1192321777344,0.7972455620765686,0.2678207755088806,0.188722938299179,297.32135009765625,297.1499938964844,293.1499938964844,0.0,-0.0,286.1192626953125,0.7368605732917786,0.2104884833097458,0.2013608813285827,297.2430114746094,297.1499938964844,293.1499938964844,0.0,-0.0,286.1192626953125,0.7368022203445435,0.2101679742336273,0.9549252390861512,286.11920166015625,284.95001220703125,296.3644104003906,287.8661499023437,296.3608093261719,297.39892578125,286.11895751953125,1.0,0.4790307879447937,1.0,1.0,0.0,1.0,-2.5071120262146,2.50710678100586,5.0622757044038735e-06,1.9408433437347408,0.9987281560897828,0.9987281560897828,0.0,110.10066223144533,112.0,25985.873046875,0.0,1370.1962890625,1.0,283.1499938964844,285.1553649902344,290.9117736816406,292.60284423828125,293.1499938964844,293.1499938964844,283.1499938964844,21758.591796875,25560.0,313.1499938964844,0.0,18000.0,1.0,0.0,0.0,0.0,1.0,0.7432769536972046,1.0,0.0,0.0,3.100275039672852,3.1002917289733887,6.413480946321215e-07,4.265924453735352,4.265914440155029,9.78592834144365e-06,0.0,0.0,-0.0,4571.57275390625,0.0,912.7496337890624,1895.4371337890625,0.0,1967.575439453125,0.7672092318534851,1.0,0.0,3.0,1.0,0.0
12130920,297.4247741699219,297.1499938964844,293.1499938964844,0.0,-0.0,286.1191711425781,0.9990000128746032,0.5984790921211243,0.4800081551074981,297.4295959472656,297.1499938964844,293.1499938964844,0.0,-0.0,286.1192321777344,0.8055675625801086,0.2766886353492737,0.2633793354034424,297.28192138671875,297.1499938964844,293.1499938964844,0.0,-0.0,286.1192321777344,0.7972455620765686,0.2678207755088806,0.188722938299179,297.32135009765625,297.1499938964844,293.1499938964844,0.0,-0.0,286.1192626953125,0.7368605732917786,0.2104884833097458,0.2013608813285827,297.2430114746094,297.1499938964844,293.1499938964844,0.0,-0.0,286.1192626953125,0.7368022203445435,0.2101679742336273,0.9549252390861512,286.11920166015625,284.95001220703125,296.3644104003906,287.8661499023437,296.3608093261719,297.39892578125,286.11895751953125,1.0,0.4790307879447937,1.0,1.0,0.0,1.0,-2.5071120262146,2.50710678100586,5.0622757044038735e-06,1.9408433437347408,0.9987281560897828,0.9987281560897828,0.0,110.10066223144533,112.0,25985.873046875,0.0,1370.1962890625,1.0,283.1499938964844,285.1553649902344,290.9117736816406,292.60284423828125,293.1499938964844,293.1499938964844,283.1499938964844,21758.591796875,25560.0,313.1499938964844,0.0,18000.0,1.0,0.0,0.0,0.0,1.0,0.7432769536972046,1.0,0.0,0.0,3.100275039672852,3.1002917289733887,6.413480946321215e-07,4.265924453735352,4.265914440155029,9.78592834144365e-06,0.0,0.0,-0.0,4571.57275390625,0.0,912.7496337890624,1895.4371337890625,0.0,1967.575439453125,0.7672092318534851,1.0,0.0,3.0,1.0,0.0
12130980,297.4348449707031,297.1499938964844,293.1499938964844,0.0,-0.0,286.1142578125,0.9990000128746032,0.602981686592102,0.4779278934001922,297.4290466308594,297.1499938964844,293.1499938964844,0.0,-0.0,286.1141052246094,0.810063362121582,0.2801744937896728,0.2666308581829071,297.2795104980469,297.1499938964844,293.1499938964844,0.0,-0.0,286.1141052246094,0.7998464703559875,0.2692473232746124,0.1896976828575134,297.3175964355469,297.1499938964844,293.1499938964844,0.0,-0.0,286.1140441894531,0.7397453188896179,0.2122774869203567,0.2030240148305893,297.23907470703125,297.1499938964844,293.1499938964844,0.0,-0.0,286.1140441894531,0.7385932803153992,0.2109460681676864,0.9582506418228148,286.1141967773437,284.95001220703125,296.5226745605469,287.9268798828125,296.51922607421875,297.40252685546875,286.1146850585937,1.0,0.4801808595657348,1.0,1.0,0.0,1.0,-2.515671968460083,2.5156667232513428,5.096632776258048e-06,1.9473382234573364,1.0,1.0,0.0,109.79035949707033,115.0,26476.796875,0.0,1379.745849609375,1.0,283.1499938964844,285.1271667480469,290.9665222167969,292.687744140625,293.1499938964844,293.1499938964844,283.1499938964844,23109.9921875,26640.0,313.1499938964844,0.0,18000.0,1.0,0.0,0.0,0.0,1.0,0.7512308359146118,1.0,0.0,0.0,3.202017307281494,3.202034950256348,6.841331696705311e-07,4.265924453735352,4.265914440155029,9.78592834144365e-06,0.0,0.0,-0.0,4611.18798828125,0.0,1004.935302734375,1895.4371337890625,0.0,2036.10888671875,0.7919153571128845,1.0,0.0,3.0,1.0,0.0
12131040,297.4348449707031,297.1499938964844,293.1499938964844,0.0,-0.0,286.1142578125,0.9990000128746032,0.602981686592102,0.4779278934001922,297.4290466308594,297.1499938964844,293.1499938964844,0.0,-0.0,286.1141052246094,0.810063362121582,0.2801744937896728,0.2666308581829071,297.2795104980469,297.1499938964844,293.1499938964844,0.0,-0.0,286.1141052246094,0.7998464703559875,0.2692473232746124,0.1896976828575134,297.3175964355469,297.1499938964844,293.1499938964844,0.0,-0.0,286.1140441894531,0.7397453188896179,0.2122774869203567,0.2030240148305893,297.23907470703125,297.1499938964844,293.1499938964844,0.0,-0.0,286.1140441894531,0.7385932803153992,0.2109460681676864,0.9582506418228148,286.1141967773437,284.95001220703125,296.5226745605469,287.9268798828125,296.51922607421875,297.40252685546875,286.1146850585937,1.0,0.4801808595657348,1.0,1.0,0.0,1.0,-2.515671968460083,2.5156667232513428,5.096632776258048e-06,1.9473382234573364,1.0,1.0,0.0,109.79035949707033,115.0,26476.796875,0.0,1379.745849609375,1.0,283.1499938964844,285.1271667480469,290.9665222167969,292.687744140625,293.1499938964844,293.1499938964844,283.1499938964844,23109.9921875,26640.0,313.1499938964844,0.0,18000.0,1.0,0.0,0.0,0.0,1.0,0.7512308359146118,1.0,0.0,0.0,3.202017307281494,3.202034950256348,6.841331696705311e-07,4.265924453735352,4.265914440155029,9.78592834144365e-06,0.0,0.0,-0.0,4611.18798828125,0.0,1004.935302734375,1895.4371337890625,0.0,2036.10888671875,0.7919153571128845,1.0,0.0,3.0,1.0,0.0
12131100,297.43829345703125,297.1499938964844,293.1499938964844,0.0,-0.0,286.1134033203125,0.9990000128746032,0.605126142501831,0.4781477451324463,297.4289855957031,297.1499938964844,293.1499938964844,0.0,-0.0,286.11334228515625,0.8115836977958679,0.2819343507289886,0.2682862281799316,297.2784729003906,297.1499938964844,293.1499938964844,0.0,-0.0,286.11334228515625,0.800443172454834,0.2699647843837738,0.1901981979608535,297.31591796875,297.1499938964844,293.1499938964844,0.0,-0.0,286.1133117675781,0.7406023144721985,0.2131743282079696,0.2038723230361938,297.2373962402344,297.1499938964844,293.1499938964844,0.0,-0.0,286.1133117675781,0.7389165163040161,0.2113457769155502,0.9600405097007751,286.1133728027344,284.95001220703125,296.6000061035156,287.95556640625,296.5965881347656,297.40380859375,286.1137084960937,1.0,0.4811763167381286,1.0,1.0,0.0,1.0,-2.521694660186768,2.521689414978028,5.121035883348668e-06,1.951988935470581,1.0,1.0,0.0,110.05403137207033,115.0,26742.208984375,0.0,1388.565185546875,1.0,283.1499938964844,285.1136779785156,290.9933776855469,292.7304992675781,293.1499938964844,293.1499938964844,283.1499938964844,23906.0234375,26640.0,313.1499938964844,0.0,18000.0,1.0,0.0,0.0,0.0,1.0,0.7549072504043579,1.0,0.0,0.0,3.256699085235596,3.2567174434661865,7.076990300447505e-07,4.265924453735352,4.265914440155029,9.78592834144365e-06,0.0,0.0,-0.0,4632.6123046875,0.0,1057.3043212890625,1895.4371337890625,0.0,2068.054443359375,0.8024961948394775,1.0,0.0,3.0,1.0,0.0
12131160,297.4402770996094,297.1499938964844,293.1499938964844,0.0,-0.0,286.1189270019531,0.9990000128746032,0.6071462631225586,0.478946715593338,297.4290466308594,297.1499938964844,293.1499938964844,0.0,-0.0,286.11871337890625,0.8127797842025757,0.2837070822715759,0.2699574530124664,297.2775573730469,297.1499938964844,293.1499938964844,0.0,-0.0,286.1186828613281,0.8007144331932068,0.27068692445755,0.1907044351100921,297.3143920898437,297.1499938964844,293.1499938964844,0.0,-0.0,286.1185913085937,0.7411850690841675,0.2140736430883407,0.2047273963689804,297.2358703613281,297.1499938964844,293.1499938964844,0.0,-0.0,286.1185607910156,0.7389712929725647,0.2117488235235214,0.9618738889694214,286.1188049316406,284.95001220703125,296.6759948730469,287.9830627441406,296.6726379394531,297.40447998046875,286.1195983886719,1.0,0.4824030697345733,1.0,1.0,0.0,1.0,-2.5284996032714844,2.5284945964813232,5.148689069756074e-06,1.9572482109069824,1.0,1.0,0.0,110.50902557373048,118.0,26987.716796875,0.0,1399.25146484375,1.0,283.1499938964844,285.1090393066406,291.0194091796875,292.771240234375,293.1499938964844,293.1499938964844,283.1499938964844,24445.103515625,27720.0,313.1499938964844,0.0,18000.0,1.0,0.0,0.0,0.0,1.0,0.7584676146507263,1.0,0.0,0.0,3.2932138442993164,3.2932324409484863,7.236576493596658e-07,4.265924453735352,4.265914440155029,9.78592834144365e-06,0.0,0.0,-0.0,4652.13671875,0.0,1093.2686767578125,1895.4371337890625,0.0,2099.145263671875,0.8142263889312744,1.0,0.0,3.0,1.0,0.0
12131220,297.4397888183594,297.1499938964844,293.1499938964844,0.0,-0.0,286.1284484863281,0.9990000128746032,0.6107814908027649,0.4819242358207702,297.42950439453125,297.1499938964844,293.1499938964844,0.0,-0.0,286.128173828125,0.8144280910491943,0.2872882485389709,0.273351788520813,297.2759704589844,297.1499938964844,293.1499938964844,0.0,-0.0,286.1281433105469,0.8004987239837646,0.2721440196037292,0.1917392611503601,297.3116455078125,297.1499938964844,293.1499938964844,0.0,-0.0,286.12799072265625,0.741703450679779,0.215878278017044,0.2064607888460159,297.23309326171875,297.1499938964844,293.1499938964844,0.0,-0.0,286.12799072265625,0.7384446263313293,0.2125546783208847,0.9656382203102112,286.1283264160156,284.95001220703125,296.8236083984375,288.0341491699219,296.8204040527344,297.4039306640625,286.1292724609375,1.0,0.4854111969470978,1.0,1.0,0.0,1.0,-2.5440025329589844,2.543997287750244,5.211985353525961e-06,1.9692378044128416,1.0,1.0,0.0,111.87998962402344,121.0,27506.193359375,0.0,1425.23583984375,1.0,283.1499938964844,285.0965270996094,291.0702514648437,292.8537292480469,293.1499938964844,293.1499938964844,283.1499938964844,25712.8984375,28800.0,313.1499938964844,0.0,18000.0,1.0,0.0,0.0,0.0,1.0,0.7656762003898621,1.0,0.0,0.0,3.3775322437286377,3.377551794052124,7.61188630349352e-07,4.265924453735352,4.265914440155029,9.78592834144365e-06,0.0,0.0,-0.0,4693.34912109375,0.0,1179.4124755859375,1895.4371337890625,0.0,2162.54052734375,0.8348780274391174,1.0,0.0,3.0,1.0,0.0
12131280,297.4397888183594,297.1499938964844,293.1499938964844,0.0,-0.0,286.1284484863281,0.9990000128746032,0.6107814908027649,0.4819242358207702,297.42950439453125,297.1499938964844,293.1499938964844,0.0,-0.0,286.128173828125,0.8144280910491943,0.2872882485389709,0.273351788520813,297.2759704589844,297.1499938964844,293.1499938964844,0.0,-0.0,286.1281433105469,0.8004987239837646,0.2721440196037292,0.1917392611503601,297.3116455078125,297.1499938964844,293.1499938964844,0.0,-0.0,286.12799072265625,0.741703450679779,0.215878278017044,0.2064607888460159,297.23309326171875,297.1499938964844,293.1499938964844,0.0,-0.0,286.12799072265625,0.7384446263313293,0.2125546783208847,0.9656382203102112,286.1283264160156,284.95001220703125,296.8236083984375,288.0341491699219,296.8204040527344,297.4039306640625,286.1292724609375,1.0,0.4854111969470978,1.0,1.0,0.0,1.0,-2.5440025329589844,2.543997287750244,5.211985353525961e-06,1.9692378044128416,1.0,1.0,0.0,111.87998962402344,121.0,27506.193359375,0.0,1425.23583984375,1.0,283.1499938964844,285.0965270996094,291.0702514648437,292.8537292480469,293.1499938964844,293.1499938964844,283.1499938964844,25712.8984375,28800.0,313.1499938964844,0.0,18000.0,1.0,0.0,0.0,0.0,1.0,0.7656762003898621,1.0,0.0,0.0,3.3775322437286377,3.377551794052124,7.61188630349352e-07,4.265924453735352,4.265914440155029,9.78592834144365e-06,0.0,0.0,-0.0,4693.34912109375,0.0,1179.4124755859375,1895.4371337890625,0.0,2162.54052734375,0.8348780274391174,1.0,0.0,3.0,1.0,0.0
12131340,297.4342346191406,297.1499938964844,293.1499938964844,0.0,-0.0,286.14093017578125,0.9990000128746032,0.6138928532600403,0.4863136708736419,297.4303283691406,297.1499938964844,293.1499938964844,0.0,-0.0,286.140625,0.8153342604637146,0.2909108400344848,0.2768031060695648,297.2747497558594,297.1499938964844,293.1499938964844,0.0,-0.0,286.1405944824219,0.7995197176933289,0.2736144065856933,0.1927962601184845,297.3092956542969,297.1499938964844,293.1499938964844,0.0,-0.0,286.14044189453125,0.7415628433227539,0.2176865935325622,0.2082151621580124,297.23052978515625,297.1499938964844,293.1499938964844,0.0,-0.0,286.14044189453125,0.7372660636901855,0.213346853852272,0.9694350361824036,286.1407775878906,284.95001220703125,296.9648132324219,288.07965087890625,296.9617919921875,297.4011535644531,286.141845703125,1.0,0.4889745712280273,1.0,1.0,0.0,1.0,-2.561362028121948,2.561356544494629,5.283337031869451e-06,1.9826685190200808,1.0,1.0,0.0,113.72946166992188,124.0,28026.3046875,0.0,1456.04052734375,1.0,283.1499938964844,285.08770751953125,291.11676025390625,292.9327392578125,293.1499938964844,293.1499938964844,283.1499938964844,26932.82421875,29880.0,313.1499938964844,0.0,18000.0,1.0,0.0,0.0,0.0,1.0,0.7731134295463562,1.0,0.0,0.0,3.456725835800171,3.4567463397979736,7.973025617502572e-07,4.265924453735352,4.265914440155029,9.78592834144365e-06,0.0,0.0,-0.0,4733.8720703125,0.0,1264.3349609375,1895.4371337890625,0.0,2228.535888671875,0.8542918562889099,1.0,0.0,3.0,1.0,0.0
12131400,297.4342346191406,297.1499938964844,293.1499938964844,0.0,-0.0,286.14093017578125,0.9990000128746032,0.6138928532600403,0.4863136708736419,297.4303283691406,297.1499938964844,293.1499938964844,0.0,-0.0,286.140625,0.8153342604637146,0.2909108400344848,0.2768031060695648,297.2747497558594,297.1499938964844,293.1499938964844,0.0,-0.0,286.1405944824219,0.7995197176933289,0.2736144065856933,0.1927962601184845,297.3092956542969,297.1499938964844,293.1499938964844,0.0,-0.0,286.14044189453125,0.7415628433227539,0.2176865935325622,0.2082151621580124,297.23052978515625,297.1499938964844,293.1499938964844,0.0,-0.0,286.14044189453125,0.7372660636901855,0.213346853852272,0.9694350361824036,286.1407775878906,284.95001220703125,296.9648132324219,288.07965087890625,296.9617919921875,297.4011535644531,286.141845703125,1.0,0.4889745712280273,1.0,1.0,0.0,1.0,-2.561362028121948,2.561356544494629,5.283337031869451e-06,1.9826685190200808,1.0,1.0,0.0,113.72946166992188,124.0,28026.3046875,0.0,1456.04052734375,1.0,283.1499938964844,285.08770751953125,291.11676025390625,292.9327392578125,293.1499938964844,293.1499938964844,283.1499938964844,26932.82421875,29880.0,313.1499938964844,0.0,18000.0,1.0,0.0,0.0,0.0,1.0,0.7731134295463562,1.0,0.0,0.0,3.456725835800171,3.4567463397979736,7.973025617502572e-07,4.265924453735352,4.265914440155029,9.78592834144365e-06,0.0,0.0,-0.0,4733.8720703125,0.0,1264.3349609375,1895.4371337890625,0.0,2228.535888671875,0.8542918562889099,1.0,0.0,3.0,1.0,0.0
12131460,297.4246520996094,297.1499938964844,293.1499938964844,0.0,-0.0,286.1549987792969,0.9990000128746032,0.6165252327919006,0.4917121827602386,297.43133544921875,297.1499938964844,293.1499938964844,0.0,-0.0,286.1547241210937,0.8157263398170471,0.2945656478404999,0.2802985906600952,297.27374267578125,297.1499938964844,293.1499938964844,0.0,-0.0,286.1546630859375,0.7980133295059204,0.2750909924507141,0.1938676685094833,297.30718994140625,297.1499938964844,293.1499938964844,0.0,-0.0,286.1545104980469,0.7409602403640747,0.2194920182228088,0.2099802643060684,297.22802734375,297.1499938964844,293.1499938964844,0.0,-0.0,286.15447998046875,0.7356290221214294,0.2141143828630447,0.9731888771057128,286.1548767089844,284.95001220703125,297.0989074707031,288.1190490722656,297.0960998535156,297.3965759277344,286.1559753417969,1.0,0.4929229617118835,1.0,1.0,0.0,1.0,-2.5799663066864014,2.579961061477661,5.360353043215582e-06,1.9970645904541016,1.0,1.0,0.0,115.93119049072266,127.0,28542.8828125,0.0,1490.4373779296875,1.0,283.1499938964844,285.0812683105469,291.1571655273437,293.0059509277344,293.1499938964844,293.1499938964844,283.1499938964844,28119.111328125,30960.0,313.1499938964844,0.0,18000.0,1.0,0.0,0.0,0.0,1.0,0.7807707786560059,1.0,0.0,0.0,3.5320332050323486,3.532054662704468,8.324206532961398e-07,4.265924453735352,4.265914440155029,9.78592834144365e-06,0.0,0.0,-0.0,4772.9404296875,0.0,1348.781982421875,1895.4371337890625,0.0,2297.0634765625,0.8727657198905945,1.0,0.0,3.0,1.0,0.0
12131520,297.4246520996094,297.1499938964844,293.1499938964844,0.0,-0.0,286.1549987792969,0.9990000128746032,0.6165252327919006,0.4917121827602386,297.43133544921875,297.1499938964844,293.1499938964844,0.0,-0.0,286.1547241210937,0.8157263398170471,0.2945656478404999,0.2802985906600952,297.27374267578125,297.1499938964844,293.1499938964844,0.0,-0.0,286.1546630859375,0.7980133295059204,0.2750909924507141,0.1938676685094833,297.30718994140625,297.1499938964844,293.1499938964844,0.0,-0.0,286.1545104980469,0.7409602403640747,0.2194920182228088,0.2099802643060684,297.22802734375,297.1499938964844,293.1499938964844,0.0,-0.0,286.15447998046875,0.7356290221214294,0.2141143828630447,0.9731888771057128,286.1548767089844,284.95001220703125,297.0989074707031,288.1190490722656,297.0960998535156,297.3965759277344,286.1559753417969,1.0,0.4929229617118835,1.0,1.0,0.0,1.0,-2.5799663066864014,2.579961061477661,5.360353043215582e-06,1.9970645904541016,1.0,1.0,0.0,115.93119049072266,127.0,28542.8828125,0.0,1490.4373779296875,1.0,283.1499938964844,285.0812683105469,291.1571655273437,293.0059509277344,293.1499938964844,293.1499938964844,283.1499938964844,28119.111328125,30960.0,313.1499938964844,0.0,18000.0,1.0,0.0,0.0,0.0,1.0,0.7807707786560059,1.0,0.0,0.0,3.5320332050323486,3.532054662704468,8.324206532961398e-07,4.265924453735352,4.265914440155029,9.78592834144365e-06,0.0,0.0,-0.0,4772.9404296875,0.0,1348.781982421875,1895.4371337890625,0.0,2297.0634765625,0.8727657198905945,1.0,0.0,3.0,1.0,0.0
12131580,297.4119567871094,297.1499938964844,293.1499938964844,0.0,-0.0,286.1697082519531,0.9990000128746032,0.6187208890914917,0.4978213608264923,297.4324951171875,297.1499938964844,293.1499938964844,0.0,-0.0,286.16943359375,0.815768301486969,0.2982441782951355,0.2838269472122192,297.2728271484375,297.1499938964844,293.1499938964844,0.0,-0.0,286.1693725585937,0.7961533069610596,0.276566743850708,0.194946214556694,297.3052673339844,297.1499938964844,293.1499938964844,0.0,-0.0,286.1692199707031,0.7400423288345337,0.2212884575128555,0.2117470949888229,297.2255554199219,297.1499938964844,293.1499938964844,0.0,-0.0,286.169189453125,0.7336786985397339,0.2148505449295044,0.9768511056900024,286.1695556640625,284.95001220703125,297.2251892089844,288.15185546875,297.2225646972656,297.3907470703125,286.170654296875,1.0,0.4971311092376709,1.0,1.0,0.0,1.0,-2.599365472793579,2.59935998916626,5.441258053906495e-06,2.0120770931243896,1.0,1.0,0.0,118.39205932617188,130.0,29051.337890625,0.0,1527.511962890625,1.0,283.1499938964844,285.076171875,291.1905822753906,293.0718994140625,293.1499938964844,293.1499938964844,283.1499938964844,29281.8828125,32040.0,313.1499938964844,0.0,18000.0,1.0,0.0,0.0,0.0,1.0,0.7885500192642212,1.0,0.0,0.0,3.604321002960205,3.6043434143066406,8.668425834912341e-07,4.265924453735352,4.265914440155029,9.78592834144365e-06,0.0,0.0,-0.0,4810.01708984375,0.0,1433.302734375,1895.4371337890625,0.0,2367.234619140625,0.8905080556869507,1.0,0.0,3.0,1.0,0.0
12131640,297.4119567871094,297.1499938964844,293.1499938964844,0.0,-0.0,286.1697082519531,0.9990000128746032,0.6187208890914917,0.4978213608264923,297.4324951171875,297.1499938964844,293.1499938964844,0.0,-0.0,286.16943359375,0.815768301486969,0.2982441782951355,0.2838269472122192,297.2728271484375,297.1499938964844,293.1499938964844,0.0,-0.0,286.1693725585937,0.7961533069610596,0.276566743850708,0.194946214556694,297.3052673339844,297.1499938964844,293.1499938964844,0.0,-0.0,286.1692199707031,0.7400423288345337,0.2212884575128555,0.2117470949888229,297.2255554199219,297.1499938964844,293.1499938964844,0.0,-0.0,286.169189453125,0.7336786985397339,0.2148505449295044,0.9768511056900024,286.1695556640625,284.95001220703125,297.2251892089844,288.15185546875,297.2225646972656,297.3907470703125,286.170654296875,1.0,0.4971311092376709,1.0,1.0,0.0,1.0,-2.599365472793579,2.59935998916626,5.441258053906495e-06,2.0120770931243896,1.0,1.0,0.0,118.39205932617188,130.0,29051.337890625,0.0,1527.511962890625,1.0,283.1499938964844,285.076171875,291.1905822753906,293.0718994140625,293.1499938964844,293.1499938964844,283.1499938964844,29281.8828125,32040.0,313.1499938964844,0.0,18000.0,1.0,0.0,0.0,0.0,1.0,0.7885500192642212,1.0,0.0,0.0,3.604321002960205,3.6043434143066406,8.668425834912341e-07,4.265924453735352,4.265914440155029,9.78592834144365e-06,0.0,0.0,-0.0,4810.01708984375,0.0,1433.302734375,1895.4371337890625,0.0,2367.234619140625,0.8905080556869507,1.0,0.0,3.0,1.0,0.0
12131700,297.4046630859375,297.1499938964844,293.1499938964844,0.0,-0.0,286.17486572265625,0.9990000128746032,0.6196643114089966,0.5010685324668884,297.4330444335937,297.1499938964844,293.1499938964844,0.0,-0.0,286.1746826171875,0.815698504447937,0.3000898361206054,0.2856014668941498,297.2723999023437,297.1499938964844,293.1499938964844,0.0,-0.0,286.1746520996094,0.795134425163269,0.2773021757602691,0.1954870969057083,297.3043518066406,297.1499938964844,293.1499938964844,0.0,-0.0,286.174560546875,0.739501953125,0.2221816182136535,0.2126296311616897,297.2242736816406,297.1499938964844,293.1499938964844,0.0,-0.0,286.1745300292969,0.7326223850250244,0.2152054607868194,0.9786412715911864,286.1747741699219,284.95001220703125,297.2851867675781,288.1656188964844,297.2826538085937,297.3874816894531,286.17559814453125,1.0,0.4993029832839966,1.0,1.0,0.0,1.0,-2.6092607975006104,2.609255313873291,5.4827619351272006e-06,2.019735336303711,1.0,1.0,0.0,119.69671630859376,130.0,29311.162109375,0.0,1546.835693359375,1.0,283.1499938964844,285.0707702636719,291.2047119140625,293.10272216796875,293.1499938964844,293.1499938964844,283.1499938964844,29987.044921875,32040.0,313.1499938964844,0.0,18000.0,1.0,0.0,0.0,0.0,1.0,0.7924755215644836,1.0,0.0,0.0,3.6474623680114746,3.647485256195069,8.877177606336772e-07,4.265924453735352,4.265914440155029,9.78592834144365e-06,0.0,0.0,-0.0,4828.6142578125,0.0,1485.388427734375,1895.4371337890625,0.0,2402.83935546875,0.898291289806366,1.0,0.0,3.0,1.0,0.0
12131760,297.3968505859375,297.1499938964844,293.1499938964844,0.0,-0.0,286.1842956542969,0.9990000128746032,0.6205098032951355,0.5044218301773071,297.4336242675781,297.1499938964844,293.1499938964844,0.0,-0.0,286.1840209960937,0.8155773878097534,0.3019391000270843,0.2873787879943847,297.27197265625,297.1499938964844,293.1499938964844,0.0,-0.0,286.1839599609375,0.7940657138824463,0.2780355513095855,0.196025863289833,297.303466796875,297.1499938964844,293.1499938964844,0.0,-0.0,286.183837890625,0.7389159202575684,0.2230708450078964,0.2135083973407745,297.2230224609375,297.1499938964844,293.1499938964844,0.0,-0.0,286.1838073730469,0.7315200567245483,0.2155510932207107,0.9803895950317384,286.18414306640625,284.95001220703125,297.34295654296875,288.17755126953125,297.34051513671875,297.384033203125,286.1852111816406,1.0,0.5015072822570801,1.0,1.0,0.0,1.0,-2.619229793548584,2.619224071502685,5.524735115614021e-06,2.027451038360596,1.0,1.0,0.0,121.04326629638672,118.0,29547.52734375,0.0,1566.580810546875,1.0,283.1499938964844,285.07183837890625,291.2164306640625,293.1296691894531,293.1499938964844,293.1499938964844,283.1499938964844,30427.54296875,33120.0,313.1499938964844,0.0,18000.0,1.0,0.0,0.0,0.0,1.0,0.7963555455207825,1.0,0.0,0.0,3.67415452003479,3.674177885055542,9.007579819808598e-07,4.265924453735352,4.265914440155029,9.78592834144365e-06,0.0,0.0,-0.0,4844.70361328125,0.0,1518.238037109375,1895.4371337890625,0.0,2438.15283203125,0.9076548218727112,1.0,0.0,3.0,1.0,0.0
12131820,297.3929443359375,297.1499938964844,293.1499938964844,0.0,-0.0,286.1886291503906,0.9990000128746032,0.6232134699821472,0.4990560710430145,297.434326171875,297.1499938964844,293.1499938964844,0.0,-0.0,286.1885986328125,0.8213673830032349,0.3056026399135589,0.2907767593860626,297.27069091796875,297.1499938964844,293.1499938964844,0.0,-0.0,286.1885986328125,0.7983099818229675,0.2794509828090668,0.1969764083623886,297.3013000488281,297.1499938964844,293.1499938964844,0.0,-0.0,286.1885681152344,0.7431043982505798,0.2247965484857559,0.2150898277759552,297.2201538085937,297.1499938964844,293.1499938964844,0.0,-0.0,286.18853759765625,0.7345411777496338,0.216186061501503,0.9830068945884703,286.1886291503906,284.95001220703125,297.4514465332031,288.1957092285156,297.4492492675781,297.38165283203125,286.18878173828125,1.0,0.5005503296852112,1.0,1.0,0.0,1.0,-2.6230742931365967,2.6230688095092773,5.541510290640872e-06,2.0306930541992188,1.0,1.0,0.0,119.5933837890625,121.0,29883.255859375,0.0,1565.4149169921875,1.0,283.1499938964844,285.0592346191406,291.2327575683594,293.1727905273437,293.1499938964844,293.1499938964844,283.1499938964844,31562.474609375,34200.0,313.1499938964844,0.0,18000.0,1.0,0.0,0.0,0.0,1.0,0.8038704991340637,1.0,0.0,0.0,3.742049217224121,3.7420732975006095,9.3435579628931e-07,4.265924453735352,4.265914440155029,9.78592834144365e-06,0.0,0.0,-0.0,4868.7744140625,0.0,1603.9698486328125,1895.4371337890625,0.0,2506.864990234375,0.9243297576904296,1.0,0.0,3.0,1.0,0.0
12131880,297.3929443359375,297.1499938964844,293.1499938964844,0.0,-0.0,286.1886291503906,0.9990000128746032,0.6232134699821472,0.4990560710430145,297.434326171875,297.1499938964844,293.1499938964844,0.0,-0.0,286.1885986328125,0.8213673830032349,0.3056026399135589,0.2907767593860626,297.27069091796875,297.1499938964844,293.1499938964844,0.0,-0.0,286.1885986328125,0.7983099818229675,0.2794509828090668,0.1969764083623886,297.3013000488281,297.1499938964844,293.1499938964844,0.0,-0.0,286.1885681152344,0.7431043982505798,0.2247965484857559,0.2150898277759552,297.2201538085937,297.1499938964844,293.1499938964844,0.0,-0.0,286.18853759765625,0.7345411777496338,0.216186061501503,0.9830068945884703,286.1886291503906,284.95001220703125,297.4514465332031,288.1957092285156,297.4492492675781,297.38165283203125,286.18878173828125,1.0,0.5005503296852112,1.0,1.0,0.0,1.0,-2.6230742931365967,2.6230688095092773,5.541510290640872e-06,2.0306930541992188,1.0,1.0,0.0,119.5933837890625,121.0,29883.255859375,0.0,1565.4149169921875,1.0,283.1499938964844,285.0592346191406,291.2327575683594,293.1727905273437,293.1499938964844,293.1499938964844,283.1499938964844,31562.474609375,34200.0,313.1499938964844,0.0,18000.0,1.0,0.0,0.0,0.0,1.0,0.8038704991340637,1.0,0.0,0.0,3.742049217224121,3.7420732975006095,9.3435579628931e-07,4.265924453735352,4.265914440155029,9.78592834144365e-06,0.0,0.0,-0.0,4868.7744140625,0.0,1603.9698486328125,1895.4371337890625,0.0,2506.864990234375,0.9243297576904296,1.0,0.0,3.0,1.0,0.0
12131940,297.39898681640625,297.1499938964844,293.1499938964844,0.0,-0.0,286.1867980957031,0.9990000128746032,0.6254060864448547,0.4972557723522186,297.4346618652344,297.1499938964844,293.1499938964844,0.0,-0.0,286.186767578125,0.8238517045974731,0.3075085580348968,0.2925473153591156,297.2699890136719,297.1499938964844,293.1499938964844,0.0,-0.0,286.1867370605469,0.7999826669692993,0.2801785171031952,0.1974672824144363,297.3002319335937,297.1499938964844,293.1499938964844,0.0,-0.0,286.18670654296875,0.7448420524597168,0.2256881296634674,0.2159087210893631,297.2189025878906,297.1499938964844,293.1499938964844,0.0,-0.0,286.18670654296875,0.7356815934181213,0.2165240794420242,0.9843878149986268,286.186767578125,284.95001220703125,297.5039978027344,288.2019958496094,297.5018920898437,297.3840026855469,286.1870422363281,1.0,0.5009039640426636,1.0,1.0,0.0,1.0,-2.626260995864868,2.626255512237549,5.5547134252265096e-06,2.0330288410186768,1.0,1.0,0.0,119.16715240478516,121.0,30061.515625,0.0,1567.9322509765625,1.0,283.1499938964844,285.049072265625,291.2364196777344,293.18804931640625,293.1499938964844,293.1499938964844,283.1499938964844,32280.21875,34200.0,313.1499938964844,0.0,18000.0,1.0,0.0,0.0,0.0,1.0,0.8073301911354065,1.0,0.0,0.0,3.784358024597168,3.7843828201293945,9.55603468355548e-07,4.265924453735352,4.265914440155029,9.78592834144365e-06,0.0,0.0,-0.0,4879.83154296875,0.0,1658.992431640625,1895.4371337890625,0.0,2538.629150390625,0.9319016337394714,1.0,0.0,3.0,1.0,0.0
12132000,297.4037475585937,297.1499938964844,293.1499938964844,0.0,-0.0,286.19073486328125,0.9990000128746032,0.6273869276046753,0.4967271089553833,297.4349975585937,297.1499938964844,293.1499938964844,0.0,-0.0,286.19061279296875,0.8255684971809387,0.3092732429504394,0.2941989600658417,297.2694091796875,297.1499938964844,293.1499938964844,0.0,-0.0,286.1905822753906,0.8009152412414551,0.2808495163917541,0.1979288905858993,297.29931640625,297.1499938964844,293.1499938964844,0.0,-0.0,286.1905212402344,0.745931088924408,0.2265107482671737,0.2166779190301895,297.2178955078125,297.1499938964844,293.1499938964844,0.0,-0.0,286.19049072265625,0.7362438440322876,0.2168445438146591,0.985771119594574,286.190673828125,284.95001220703125,297.54998779296875,288.2057800292969,297.5480041503906,297.3859558105469,286.19122314453125,1.0,0.5015202760696411,1.0,1.0,0.0,1.0,-2.6307497024536133,2.630744218826294,5.5736709327902645e-06,2.036480665206909,1.0,1.0,0.0,119.1675033569336,124.0,30220.453125,0.0,1574.1722412109375,1.0,283.1499938964844,285.0467834472656,291.23785400390625,293.1993103027344,293.1499938964844,293.1499938964844,283.1499938964844,32689.275390625,35280.0,313.1499938964844,0.0,18000.0,1.0,0.0,0.0,0.0,1.0,0.8102802634239197,1.0,0.0,0.0,3.808260440826416,3.8082852363586426,9.677129355623038e-07,4.265924453735352,4.265914440155029,9.78592834144365e-06,0.0,0.0,-0.0,4888.93212890625,0.0,1690.62646484375,1895.4371337890625,0.0,2565.774658203125,0.9405943751335144,1.0,0.0,3.0,1.0,0.0
12132060,297.40545654296875,297.1499938964844,293.1499938964844,0.0,-0.0,286.1853942871094,0.9990000128746032,0.6307901740074158,0.4996684193611145,297.4352722167969,297.1499938964844,293.1499938964844,0.0,-0.0,286.1855163574219,0.8270661234855652,0.3129104375839233,0.2976725697517395,297.2677001953125,297.1499938964844,293.1499938964844,0.0,-0.0,286.185546875,0.800641655921936,0.282190591096878,0.1989025473594665,297.2970275878906,297.1499938964844,293.1499938964844,0.0,-0.0,286.18560791015625,0.7462958693504333,0.2281724959611892,0.2182975262403488,297.215576171875,297.1499938964844,293.1499938964844,0.0,-0.0,286.1856384277344,0.7355992197990417,0.2174694240093231,0.988806128501892,286.1854858398437,284.95001220703125,297.6420593261719,288.2116394042969,297.55682373046875,297.386474609375,286.1850280761719,1.0,0.5034844875335693,0.7576183080673218,0.7576183080673218,0.4000000059604645,1.0,-2.6452083587646484,1.753598928451538,0.891609251499176,1.1593111753463743,1.0,1.0,0.0,120.0571517944336,127.0,30452.201171875,0.0,1594.697509765625,1.0,283.1499938964844,285.030029296875,291.2384033203125,293.21795654296875,293.1499938964844,293.1499938964844,283.04998779296875,33810.08203125,36000.0,313.1499938964844,0.0,18000.0,1.0,0.0,0.0,0.0,1.0,0.8157294988632202,1.0,0.0,0.0,3.872996330261232,3.873022317886353,1.0008925528381951e-06,4.265924453735352,4.265914440155029,9.78592834144365e-06,0.0,0.0,-0.0,4997.072265625,0.0,1778.31689453125,1895.4371337890625,0.0,2616.052734375,0.9554991722106934,1.0,0.0,3.0,1.0,0.0
12132120,297.40545654296875,297.1499938964844,293.1499938964844,0.0,-0.0,286.1853942871094,0.9990000128746032,0.6307901740074158,0.4996684193611145,297.4352722167969,297.1499938964844,293.1499938964844,0.0,-0.0,286.1855163574219,0.8270661234855652,0.3129104375839233,0.2976725697517395,297.2677001953125,297.1499938964844,293.1499938964844,0.0,-0.0,286.185546875,0.800641655921936,0.282190591096878,0.1989025473594665,297.2970275878906,297.1499938964844,293.1499938964844,0.0,-0.0,286.18560791015625,0.7462958693504333,0.2281724959611892,0.2182975262403488,297.215576171875,297.1499938964844,293.1499938964844,0.0,-0.0,286.1856384277344,0.7355992197990417,0.2174694240093231,0.988806128501892,286.1854858398437,284.95001220703125,297.6420593261719,288.2116394042969,297.55682373046875,297.386474609375,286.1850280761719,1.0,0.5034844875335693,0.7576183080673218,0.7576183080673218,0.4000000059604645,1.0,-2.6452083587646484,1.753598928451538,0.891609251499176,1.1593111753463743,1.0,1.0,0.0,120.0571517944336,127.0,30452.201171875,0.0,1594.697509765625,1.0,283.1499938964844,285.030029296875,291.2384033203125,293.21795654296875,293.1499938964844,293.1499938964844,283.04998779296875,33810.08203125,36000.0,313.1499938964844,0.0,18000.0,1.0,0.0,0.0,0.0,1.0,0.8157294988632202,1.0,0.0,0.0,3.872996330261232,3.873022317886353,1.0008925528381951e-06,4.265924453735352,4.265914440155029,9.78592834144365e-06,0.0,0.0,-0.0,4997.072265625,0.0,1778.31689453125,1895.4371337890625,0.0,2616.052734375,0.9554991722106934,1.0,0.0,3.0,1.0,0.0
12132180,297.39019775390625,297.1499938964844,293.1499938964844,0.0,-0.0,286.093994140625,0.9990000128746032,0.6324952840805054,0.5035808086395264,297.432373046875,297.1499938964844,293.1499938964844,0.0,-0.0,286.0942687988281,0.8278709650039673,0.3162352740764618,0.3009443879127502,297.26275634765625,297.1499938964844,293.1499938964844,0.0,-0.0,286.0943298339844,0.7996070384979248,0.2831846177577972,0.1997053325176239,297.2925109863281,297.1499938964844,293.1499938964844,0.0,-0.0,286.0945129394531,0.7460193037986755,0.2295809984207153,0.2197496145963668,297.2109375,297.1499938964844,293.1499938964844,0.0,-0.0,286.0945739746094,0.7343406081199646,0.2178347408771515,0.9910429120063782,286.0941467285156,284.95001220703125,297.73162841796875,288.21734619140625,297.51611328125,297.3782043457031,286.0932006835937,1.0,0.5061766505241394,0.5152365565299988,0.5152365565299988,0.800000011920929,1.0,-2.6592299938201904,1.0338572263717651,1.6253726482391355,0.4375577270984649,1.0,1.0,0.0,121.51614379882812,130.0,30762.234375,0.0,1620.1044921875,1.0,283.05206298828125,284.9261169433594,291.25177001953125,293.2643127441406,293.1499938964844,293.1499938964844,282.75,34749.734375,36000.0,313.1499938964844,0.0,18000.0,1.0,0.0,0.0,0.0,1.0,0.8241441249847412,1.0,0.0,0.0,3.926446914672852,3.926473379135132,1.02870944829192e-06,4.265924453735352,4.265914440155029,9.78592834144365e-06,0.0,0.0,-0.0,5228.80029296875,0.0,1852.964599609375,1895.4371337890625,0.0,2694.003662109375,0.966546595096588,1.0,0.0,3.0,1.0,0.0
12132240,297.39019775390625,297.1499938964844,293.1499938964844,0.0,-0.0,286.093994140625,0.9990000128746032,0.6324952840805054,0.5035808086395264,297.432373046875,297.1499938964844,293.1499938964844,0.0,-0.0,286.0942687988281,0.8278709650039673,0.3162352740764618,0.3009443879127502,297.26275634765625,297.1499938964844,293.1499938964844,0.0,-0.0,286.0943298339844,0.7996070384979248,0.2831846177577972,0.1997053325176239,297.2925109863281,297.1499938964844,293.1499938964844,0.0,-0.0,286.0945129394531,0.7460193037986755,0.2295809984207153,0.2197496145963668,297.2109375,297.1499938964844,293.1499938964844,0.0,-0.0,286.0945739746094,0.7343406081199646,0.2178347408771515,0.9910429120063782,286.0941467285156,284.95001220703125,297.73162841796875,288.21734619140625,297.51611328125,297.3782043457031,286.0932006835937,1.0,0.5061766505241394,0.5152365565299988,0.5152365565299988,0.800000011920929,1.0,-2.6592299938201904,1.0338572263717651,1.6253726482391355,0.4375577270984649,1.0,1.0,0.0,121.51614379882812,130.0,30762.234375,0.0,1620.1044921875,1.0,283.05206298828125,284.9261169433594,291.25177001953125,293.2643127441406,293.1499938964844,293.1499938964844,282.75,34749.734375,36000.0,313.1499938964844,0.0,18000.0,1.0,0.0,0.0,0.0,1.0,0.8241441249847412,1.0,0.0,0.0,3.926446914672852,3.926473379135132,1.02870944829192e-06,4.265924453735352,4.265914440155029,9.78592834144365e-06,0.0,0.0,-0.0,5228.80029296875,0.0,1852.964599609375,1895.4371337890625,0.0,2694.003662109375,0.966546595096588,1.0,0.0,3.0,1.0,0.0
12132300,297.3744812011719,297.1499938964844,293.1499938964844,0.0,-0.0,285.9140319824219,0.9990000128746032,0.6324831247329712,0.5059607625007629,297.4282531738281,297.1499938964844,293.1499938964844,0.0,-0.0,285.9173583984375,0.8279178142547607,0.3176228404045105,0.3024217486381531,297.257568359375,297.1499938964844,293.1499938964844,0.0,-0.0,285.9183044433594,0.7986928224563599,0.2833916842937469,0.1999809741973877,297.28826904296875,297.1499938964844,293.1499938964844,0.0,-0.0,285.9204406738281,0.7455472350120544,0.2300666719675064,0.2203471511602401,297.20654296875,297.1499938964844,293.1499938964844,0.0,-0.0,285.92108154296875,0.7333818078041077,0.2177926748991012,0.9915210604667664,285.9158020019531,284.95001220703125,297.77545166015625,288.2201538085937,297.4879150390625,297.3696594238281,285.9036560058594,1.0,0.5077409744262695,0.3940457105636596,0.3940457105636596,1.0,1.0,-2.665488004684448,0.7691518664360046,1.8963360786437988,0.1717298030853271,1.0,1.0,0.0,122.4068832397461,130.0,31390.505859375,0.0,1634.0115966796875,1.0,282.7935791015625,284.7156066894531,291.3040466308594,293.4276733398437,293.1499938964844,293.1499938964844,282.75,35033.421875,36000.0,313.1499938964844,0.0,18000.0,1.0,0.0,0.0,0.0,1.0,0.8351397514343262,1.0,0.0,0.0,3.942441463470459,3.9424681663513184,1.037107494994416e-06,4.265924453735352,4.265914440155029,9.78592834144365e-06,0.0,0.0,-0.0,5054.263671875,0.0,1875.701416015625,1895.4371337890625,0.0,2796.341796875,0.970352053642273,1.0,0.0,3.0,1.0,0.0
12132360,297.3521728515625,297.1499938964844,293.1499938964844,0.0,-0.0,285.8558044433594,0.9990000128746032,0.6317130327224731,0.5095936059951782,297.42193603515625,297.1499938964844,293.1499938964844,0.0,-0.0,285.856201171875,0.8270905613899231,0.3187628984451294,0.3036143183708191,297.2501220703125,297.1499938964844,293.1499938964844,0.0,-0.0,285.8563232421875,0.79680997133255,0.2833420634269714,0.2000361531972885,297.2822265625,297.1499938964844,293.1499938964844,0.0,-0.0,285.8565979003906,0.7442654371261597,0.2303491532802581,0.2207233905792236,297.20025634765625,297.1499938964844,293.1499938964844,0.0,-0.0,285.856689453125,0.7316292524337769,0.217533141374588,0.9909211993217468,285.85601806640625,284.95001220703125,297.8186340332031,288.2229309082031,297.49322509765625,297.3570556640625,285.8546447753906,1.0,0.5093078017234802,0.413158655166626,0.413158655166626,1.0,1.0,-2.6710879802703857,0.7940282821655273,1.8770595788955688,0.1953028738498687,1.0,1.0,0.0,123.698486328125,133.0,31485.291015625,0.0,1647.7647705078125,1.0,282.75604248046875,284.6614074707031,291.2823486328125,293.36578369140625,293.1499938964844,293.1499938964844,282.45001220703125,35253.32421875,36000.0,313.1499938964844,0.0,18000.0,1.0,0.0,0.0,0.0,1.0,0.8402417898178101,1.0,0.0,0.0,3.9547953605651855,3.954822301864624,1.043617430696031e-06,4.265924453735352,4.265914440155029,9.78592834144365e-06,0.0,0.0,-0.0,5308.68798828125,0.0,1893.3896484375,1895.4371337890625,0.0,2843.974609375,0.9732909798622132,1.0,0.0,3.0,1.0,0.0
12132420,297.2946472167969,297.1499938964844,293.1499938964844,0.0,-0.0,285.62353515625,0.9990000128746032,0.6284639239311218,0.518160343170166,297.4063720703125,297.1499938964844,293.1499938964844,0.0,-0.0,285.6239624023437,0.8244932889938354,0.3206348419189453,0.30560964345932,297.2326354980469,297.1499938964844,293.1499938964844,0.0,-0.0,285.62408447265625,0.7920214533805847,0.2828413248062134,0.1998583376407623,297.2677001953125,297.1499938964844,293.1499938964844,0.0,-0.0,285.62432861328125,0.7408155202865601,0.2305559664964676,0.2211364358663559,297.1849670410156,297.1499938964844,293.1499938964844,0.0,-0.0,285.6244201660156,0.7272014021873474,0.2166241705417633,0.9879302978515624,285.623779296875,284.95001220703125,297.9031677246094,288.2284545898437,297.510498046875,297.3197937011719,285.6224060058594,1.0,0.5124263167381287,0.4513845443725586,0.4513845443725586,1.0,1.0,-2.680471181869507,0.8817790746688843,1.798692226409912,0.2808984220027923,1.0,1.0,0.0,126.65122985839844,121.0,32272.19921875,0.0,1674.3343505859375,1.0,282.4559631347656,284.4004211425781,291.2808837890625,293.4179992675781,293.1499938964844,293.1499938964844,282.1499938964844,35555.16796875,36000.0,313.1499938964844,0.0,18000.0,1.0,0.0,0.0,0.0,1.0,0.854252278804779,1.0,0.0,0.0,3.971689939498901,3.971717119216919,1.0525529887672749e-06,4.265924453735352,4.265914440155029,9.78592834144365e-06,0.0,0.0,-0.0,5380.10888671875,0.0,1917.7589111328125,1895.4371337890625,0.0,2975.113525390625,0.9773098230361938,1.0,0.0,3.0,1.0,0.0
12132480,297.2946472167969,297.1499938964844,293.1499938964844,0.0,-0.0,285.62353515625,0.9990000128746032,0.6284639239311218,0.518160343170166,297.4063720703125,297.1499938964844,293.1499938964844,0.0,-0.0,285.6239624023437,0.8244932889938354,0.3206348419189453,0.30560964345932,297.2326354980469,297.1499938964844,293.1499938964844,0.0,-0.0,285.62408447265625,0.7920214533805847,0.2828413248062134,0.1998583376407623,297.2677001953125,297.1499938964844,293.1499938964844,0.0,-0.0,285.62432861328125,0.7408155202865601,0.2305559664964676,0.2211364358663559,297.1849670410156,297.1499938964844,293.1499938964844,0.0,-0.0,285.6244201660156,0.7272014021873474,0.2166241705417633,0.9879302978515624,285.623779296875,284.95001220703125,297.9031677246094,288.2284545898437,297.510498046875,297.3197937011719,285.6224060058594,1.0,0.5124263167381287,0.4513845443725586,0.4513845443725586,1.0,1.0,-2.680471181869507,0.8817790746688843,1.798692226409912,0.2808984220027923,1.0,1.0,0.0,126.65122985839844,121.0,32272.19921875,0.0,1674.3343505859375,1.0,282.4559631347656,284.4004211425781,291.2808837890625,293.4179992675781,293.1499938964844,293.1499938964844,282.1499938964844,35555.16796875,36000.0,313.1499938964844,0.0,18000.0,1.0,0.0,0.0,0.0,1.0,0.854252278804779,1.0,0.0,0.0,3.971689939498901,3.971717119216919,1.0525529887672749e-06,4.265924453735352,4.265914440155029,9.78592834144365e-06,0.0,0.0,-0.0,5380.10888671875,0.0,1917.7589111328125,1895.4371337890625,0.0,2975.113525390625,0.9773098230361938,1.0,0.0,3.0,1.0,0.0
12132540,297.2383117675781,297.1499938964844,293.1499938964844,0.0,-0.0,285.383056640625,0.9990000128746032,0.6245670914649963,0.5155813097953796,297.3883972167969,297.1499938964844,293.1499938964844,0.0,-0.0,285.3835754394531,0.8269577026367188,0.3220630884170532,0.3070228695869446,297.21319580078125,297.1499938964844,293.1499938964844,0.0,-0.0,285.3837585449219,0.792569100856781,0.2819226086139679,0.1992643922567367,297.2510681152344,297.1499938964844,293.1499938964844,0.0,-0.0,285.3841247558594,0.7418453693389893,0.230365440249443,0.2210146337747573,297.1675109863281,297.1499938964844,293.1499938964844,0.0,-0.0,285.3842468261719,0.7270354628562927,0.2152986973524093,0.9822860956192015,285.38336181640625,284.95001220703125,297.9851989746094,288.2338562011719,297.5331420898437,297.2844543457031,285.3812561035156,1.0,0.5100266933441162,0.4896104037761688,0.4896104037761688,1.0,1.0,-2.671452045440674,0.9528427720069884,1.7186092138290403,0.3541913330554962,1.0,1.0,0.0,125.56846618652344,109.0,32887.984375,0.0,1656.05810546875,1.0,282.1558837890625,284.1330261230469,291.2734069824219,293.4525451660156,293.1499938964844,293.1499938964844,281.8500061035156,35735.37890625,36000.0,313.1499938964844,0.0,18000.0,1.0,0.0,0.0,0.0,1.0,0.8654842376708984,1.0,0.0,0.0,3.981742382049561,3.981769800186157,1.0578877436273617e-06,4.265924453735352,4.265914440155029,9.78592834144365e-06,0.0,0.0,-0.0,5441.1865234375,0.0,1932.3575439453125,1895.4371337890625,0.0,3080.4482421875,0.979700803756714,1.0,0.0,3.0,1.0,0.0
12132600,297.2383117675781,297.1499938964844,293.1499938964844,0.0,-0.0,285.383056640625,0.9990000128746032,0.6245670914649963,0.5155813097953796,297.3883972167969,297.1499938964844,293.1499938964844,0.0,-0.0,285.3835754394531,0.8269577026367188,0.3220630884170532,0.3070228695869446,297.21319580078125,297.1499938964844,293.1499938964844,0.0,-0.0,285.3837585449219,0.792569100856781,0.2819226086139679,0.1992643922567367,297.2510681152344,297.1499938964844,293.1499938964844,0.0,-0.0,285.3841247558594,0.7418453693389893,0.230365440249443,0.2210146337747573,297.1675109863281,297.1499938964844,293.1499938964844,0.0,-0.0,285.3842468261719,0.7270354628562927,0.2152986973524093,0.9822860956192015,285.38336181640625,284.95001220703125,297.9851989746094,288.2338562011719,297.5331420898437,297.2844543457031,285.3812561035156,1.0,0.5100266933441162,0.4896104037761688,0.4896104037761688,1.0,1.0,-2.671452045440674,0.9528427720069884,1.7186092138290403,0.3541913330554962,1.0,1.0,0.0,125.56846618652344,109.0,32887.984375,0.0,1656.05810546875,1.0,282.1558837890625,284.1330261230469,291.2734069824219,293.4525451660156,293.1499938964844,293.1499938964844,281.8500061035156,35735.37890625,36000.0,313.1499938964844,0.0,18000.0,1.0,0.0,0.0,0.0,1.0,0.8654842376708984,1.0,0.0,0.0,3.981742382049561,3.981769800186157,1.0578877436273617e-06,4.265924453735352,4.265914440155029,9.78592834144365e-06,0.0,0.0,-0.0,5441.1865234375,0.0,1932.3575439453125,1895.4371337890625,0.0,3080.4482421875,0.979700803756714,1.0,0.0,3.0,1.0,0.0
12132660,297.2073059082031,297.1499938964844,293.1499938964844,0.0,-0.0,285.1375732421875,0.9990000128746032,0.6225166916847229,0.5040768384933472,297.3695068359375,297.1499938964844,293.1499938964844,0.0,-0.0,285.1380920410156,0.8336026668548584,0.3231718242168426,0.3079993426799774,297.19342041015625,297.1499938964844,293.1499938964844,0.0,-0.0,285.1383056640625,0.7975015044212341,0.2807202339172363,0.1983713656663894,297.2338562011719,297.1499938964844,293.1499938964844,0.0,-0.0,285.138671875,0.746592104434967,0.2299023568630218,0.2204992175102234,297.14959716796875,297.1499938964844,293.1499938964844,0.0,-0.0,285.1387939453125,0.730380117893219,0.213705912232399,0.9747722744941713,285.13787841796875,284.95001220703125,298.0647277832031,288.2391967773437,297.54541015625,297.26141357421875,285.1355895996094,1.0,0.5039394497871399,0.48582723736763,0.48582723736763,1.0,1.0,-2.64808988571167,0.9388027787208556,1.7092872858047483,0.3455121219158172,1.0,1.0,0.0,121.2804183959961,112.0,33386.24609375,0.0,1603.4554443359375,1.0,281.8558654785156,283.8600158691406,291.265625,293.47625732421875,293.1499938964844,293.1499938964844,281.54998779296875,35842.71875,36000.0,313.1499938964844,0.0,18000.0,1.0,0.0,0.0,0.0,1.0,0.8739818930625916,1.0,0.0,0.0,3.987718105316162,3.987745523452759,1.0610654044285184e-06,4.265924453735352,4.265914440155029,9.78592834144365e-06,0.0,0.0,-0.0,5495.2666015625,0.0,1941.070556640625,1895.4371337890625,0.0,3160.1591796875,0.9811220765113832,1.0,0.0,3.0,1.0,0.0
12132720,297.2073059082031,297.1499938964844,293.1499938964844,0.0,-0.0,285.1375732421875,0.9990000128746032,0.6225166916847229,0.5040768384933472,297.3695068359375,297.1499938964844,293.1499938964844,0.0,-0.0,285.1380920410156,0.8336026668548584,0.3231718242168426,0.3079993426799774,297.19342041015625,297.1499938964844,293.1499938964844,0.0,-0.0,285.1383056640625,0.7975015044212341,0.2807202339172363,0.1983713656663894,297.2338562011719,297.1499938964844,293.1499938964844,0.0,-0.0,285.138671875,0.746592104434967,0.2299023568630218,0.2204992175102234,297.14959716796875,297.1499938964844,293.1499938964844,0.0,-0.0,285.1387939453125,0.730380117893219,0.213705912232399,0.9747722744941713,285.13787841796875,284.95001220703125,298.0647277832031,288.2391967773437,297.54541015625,297.26141357421875,285.1355895996094,1.0,0.5039394497871399,0.48582723736763,0.48582723736763,1.0,1.0,-2.64808988571167,0.9388027787208556,1.7092872858047483,0.3455121219158172,1.0,1.0,0.0,121.2804183959961,112.0,33386.24609375,0.0,1603.4554443359375,1.0,281.8558654785156,283.8600158691406,291.265625,293.47625732421875,293.1499938964844,293.1499938964844,281.54998779296875,35842.71875,36000.0,313.1499938964844,0.0,18000.0,1.0,0.0,0.0,0.0,1.0,0.8739818930625916,1.0,0.0,0.0,3.987718105316162,3.987745523452759,1.0610654044285184e-06,4.265924453735352,4.265914440155029,9.78592834144365e-06,0.0,0.0,-0.0,5495.2666015625,0.0,1941.070556640625,1895.4371337890625,0.0,3160.1591796875,0.9811220765113832,1.0,0.0,3.0,1.0,0.0
12132780,297.1914367675781,297.1499938964844,293.1499938964844,0.0,-0.0,284.919189453125,0.9990000128746032,0.6216438412666321,0.4985503852367401,297.3519592285156,297.1499938964844,293.1499938964844,0.0,-0.0,284.9196472167969,0.8372394442558289,0.3241742849349975,0.3088955879211426,297.17547607421875,297.1499938964844,293.1499938964844,0.0,-0.0,284.9197998046875,0.7992395162582397,0.2794495820999145,0.1974455118179321,297.2179870605469,297.1499938964844,293.1499938964844,0.0,-0.0,284.92010498046875,0.7486004829406738,0.2293556183576584,0.2199310511350631,297.1332397460937,297.1499938964844,293.1499938964844,0.0,-0.0,284.92022705078125,0.7310733795166016,0.2120420634746551,0.9670590162277222,284.9194641113281,284.95001220703125,298.1418151855469,288.2444763183594,297.5593566894531,297.2448425292969,284.91766357421875,1.0,0.5006088614463806,0.4820441007614136,0.4820441007614136,1.0,1.0,-2.631447553634644,0.9250850081443788,1.7063627243041992,0.3353280425071716,0.9991741180419922,0.9991741180419922,0.0,119.05126190185548,115.0,34115.40234375,0.0,1570.2269287109375,1.0,281.5558166503906,283.60162353515625,291.26678466796875,293.51629638671875,293.1499938964844,293.1499938964844,281.25,35929.3359375,36000.0,313.1499938964844,0.0,18000.0,1.0,0.0,0.0,0.0,1.0,0.8814508318901062,1.0,0.0,0.0,3.990750789642334,3.99077820777893,1.0626799848978408e-06,4.265924453735352,4.265914440155029,9.78592834144365e-06,0.0,0.0,-0.0,5568.29931640625,0.0,1945.76513671875,1895.4371337890625,0.0,3230.17578125,0.981856644153595,1.0,0.0,3.0,1.0,0.0
12132840,297.1914367675781,297.1499938964844,293.1499938964844,0.0,-0.0,284.919189453125,0.9990000128746032,0.6216438412666321,0.4985503852367401,297.3519592285156,297.1499938964844,293.1499938964844,0.0,-0.0,284.9196472167969,0.8372394442558289,0.3241742849349975,0.3088955879211426,297.17547607421875,297.1499938964844,293.1499938964844,0.0,-0.0,284.9197998046875,0.7992395162582397,0.2794495820999145,0.1974455118179321,297.2179870605469,297.1499938964844,293.1499938964844,0.0,-0.0,284.92010498046875,0.7486004829406738,0.2293556183576584,0.2199310511350631,297.1332397460937,297.1499938964844,293.1499938964844,0.0,-0.0,284.92022705078125,0.7310733795166016,0.2120420634746551,0.9670590162277222,284.9194641113281,284.95001220703125,298.1418151855469,288.2444763183594,297.5593566894531,297.2448425292969,284.91766357421875,1.0,0.5006088614463806,0.4820441007614136,0.4820441007614136,1.0,1.0,-2.631447553634644,0.9250850081443788,1.7063627243041992,0.3353280425071716,0.9991741180419922,0.9991741180419922,0.0,119.05126190185548,115.0,34115.40234375,0.0,1570.2269287109375,1.0,281.5558166503906,283.60162353515625,291.26678466796875,293.51629638671875,293.1499938964844,293.1499938964844,281.25,35929.3359375,36000.0,313.1499938964844,0.0,18000.0,1.0,0.0,0.0,0.0,1.0,0.8814508318901062,1.0,0.0,0.0,3.990750789642334,3.99077820777893,1.0626799848978408e-06,4.265924453735352,4.265914440155029,9.78592834144365e-06,0.0,0.0,-0.0,5568.29931640625,0.0,1945.76513671875,1895.4371337890625,0.0,3230.17578125,0.981856644153595,1.0,0.0,3.0,1.0,0.0
12132900,297.17999267578125,297.1499938964844,293.1499938964844,0.0,-0.0,284.7579345703125,0.9990000128746032,0.6207882165908813,0.4976893067359924,297.34381103515625,297.1499938964844,293.1499938964844,0.0,-0.0,284.7606201171875,0.8380982279777527,0.3246526718139648,0.3093716204166412,297.167236328125,297.1499938964844,293.1499938964844,0.0,-0.0,284.7616882324219,0.7991117835044861,0.2788046002388,0.1970126628875732,297.2106628417969,297.1499938964844,293.1499938964844,0.0,-0.0,284.7634582519531,0.7487331032752991,0.229066863656044,0.2196731269359588,297.125732421875,297.1499938964844,293.1499938964844,0.0,-0.0,284.7643127441406,0.7305965423583984,0.2112020403146743,0.9633464813232422,284.759521484375,284.95001220703125,298.1794128417969,288.2471008300781,297.5653686523437,297.23590087890625,284.7488708496094,1.0,0.4996117353439331,0.4801525175571441,0.4801525175571441,1.0,1.0,-2.6256914138793945,0.919251263141632,1.7064402103424072,0.3307415246963501,0.996358036994934,0.996358036994934,0.0,118.5958480834961,115.0,34866.1875,0.0,1560.2373046875,1.0,281.2929077148437,283.3982849121094,291.2992248535156,293.6448059082031,293.1499938964844,293.1499938964844,281.25,36020.109375,36000.0,313.1499938964844,0.0,18000.0,1.0,0.0,0.0,0.0,1.0,0.8881718516349792,1.0,0.0,0.0,3.990161895751953,3.99018931388855,1.0623663229125668e-06,4.265924453735352,4.265914440155029,9.78592834144365e-06,0.0,0.0,-0.0,5365.85546875,0.0,1945.7330322265625,1895.4371337890625,0.0,3293.106689453125,0.9817517995834352,1.0,0.0,3.0,1.0,0.0
12132960,297.1642761230469,297.1499938964844,293.1499938964844,0.0,-0.0,284.7071838378906,0.9990000128746032,0.6194338202476501,0.4979462325572967,297.33563232421875,297.1499938964844,293.1499938964844,0.0,-0.0,284.7075500488281,0.8382973074913025,0.3250773847103119,0.3097656071186065,297.1590881347656,297.1499938964844,293.1499938964844,0.0,-0.0,284.7077331542969,0.7982900142669678,0.2781123518943786,0.1965240091085434,297.2033996582031,297.1499938964844,293.1499938964844,0.0,-0.0,284.7079772949219,0.7482696771621704,0.2287375330924987,0.2193602919578552,297.118408203125,297.1499938964844,293.1499938964844,0.0,-0.0,284.7080993652344,0.729561448097229,0.2103284746408462,0.9594184756278992,284.7073974609375,284.95001220703125,298.2164001464844,288.2497253417969,297.5713806152344,297.2254333496094,284.70587158203125,1.0,0.4989581704139709,0.4802991449832916,0.4802991449832916,1.0,1.0,-2.620788812637329,0.9172853231430054,1.7035036087036133,0.329832524061203,0.9941660165786744,0.9941660165786744,0.0,118.50109100341795,118.0,34890.27734375,0.0,1553.055908203125,1.0,281.255859375,283.349365234375,291.27471923828125,293.5694274902344,293.1499938964844,293.1499938964844,280.95001220703125,36097.55078125,36000.0,313.1499938964844,0.0,18000.0,1.0,0.0,0.0,0.0,1.0,0.8895900249481201,1.0,0.0,0.0,3.9877243041992174,3.987751722335816,1.0610687013468123e-06,4.265924453735352,4.265914440155029,9.78592834144365e-06,0.0,0.0,-0.0,5648.33056640625,0.0,1943.161865234375,1895.4371337890625,0.0,3306.373291015625,0.981267273426056,1.0,0.0,3.0,1.0,0.0
12133020,297.1223449707031,297.1499938964844,293.1499938964844,0.0,-0.0,284.5069274902344,0.9990000128746032,0.6153848171234131,0.5005614757537842,297.3204345703125,297.1499938964844,293.1499938964844,0.0,-0.0,284.5072326660156,0.8376104831695557,0.3258878886699676,0.3105802536010742,297.1441650390625,297.1499938964844,293.1499938964844,0.0,-0.0,284.5073547363281,0.7955452799797058,0.2767139375209808,0.1955833733081817,297.19000244140625,297.1499938964844,293.1499938964844,0.0,-0.0,284.507568359375,0.7463764548301697,0.2280559092760086,0.2187621593475341,297.1050109863281,297.1499938964844,293.1499938964844,0.0,-0.0,284.5076904296875,0.7265821695327759,0.2085706293582916,0.951746702194214,284.5071105957031,284.95001220703125,298.2885131835937,288.2549133300781,297.5830383300781,297.2044677734375,284.50592041015625,1.0,0.4984951615333557,0.4805924296379089,0.4805924296379089,1.0,1.0,-2.613839864730835,0.9150002598762512,1.698839783668518,0.329019546508789,0.9865711331367492,0.9865711331367492,0.0,119.03287506103516,106.0,35827.0703125,0.0,1545.882568359375,1.0,280.95587158203125,283.1103820800781,291.2856750488281,293.6346740722656,293.1499938964844,293.1499938964844,280.6499938964844,36282.5234375,36000.0,313.1499938964844,0.0,18000.0,1.0,0.0,0.0,0.0,1.0,0.8988234400749207,1.0,0.0,0.0,3.97790789604187,3.977935314178467,1.0558512713032542e-06,4.265924453735352,4.265914440155029,9.78592834144365e-06,0.0,0.0,-0.0,5742.42431640625,0.0,1931.8028564453125,1895.4371337890625,0.0,3392.6142578125,0.97915518283844,1.0,0.0,3.0,1.0,0.0
12133080,297.1223449707031,297.1499938964844,293.1499938964844,0.0,-0.0,284.5069274902344,0.9990000128746032,0.6153848171234131,0.5005614757537842,297.3204345703125,297.1499938964844,293.1499938964844,0.0,-0.0,284.5072326660156,0.8376104831695557,0.3258878886699676,0.3105802536010742,297.1441650390625,297.1499938964844,293.1499938964844,0.0,-0.0,284.5073547363281,0.7955452799797058,0.2767139375209808,0.1955833733081817,297.19000244140625,297.1499938964844,293.1499938964844,0.0,-0.0,284.507568359375,0.7463764548301697,0.2280559092760086,0.2187621593475341,297.1050109863281,297.1499938964844,293.1499938964844,0.0,-0.0,284.5076904296875,0.7265821695327759,0.2085706293582916,0.951746702194214,284.5071105957031,284.95001220703125,298.2885131835937,288.2549133300781,297.5830383300781,297.2044677734375,284.50592041015625,1.0,0.4984951615333557,0.4805924296379089,0.4805924296379089,1.0,1.0,-2.613839864730835,0.9150002598762512,1.698839783668518,0.329019546508789,0.9865711331367492,0.9865711331367492,0.0,119.03287506103516,106.0,35827.0703125,0.0,1545.882568359375,1.0,280.95587158203125,283.1103820800781,291.2856750488281,293.6346740722656,293.1499938964844,293.1499938964844,280.6499938964844,36282.5234375,36000.0,313.1499938964844,0.0,18000.0,1.0,0.0,0.0,0.0,1.0,0.8988234400749207,1.0,0.0,0.0,3.97790789604187,3.977935314178467,1.0558512713032542e-06,4.265924453735352,4.265914440155029,9.78592834144365e-06,0.0,0.0,-0.0,5742.42431640625,0.0,1931.8028564453125,1895.4371337890625,0.0,3392.6142578125,0.97915518283844,1.0,0.0,3.0,1.0,0.0
12133140,297.0959167480469,297.1499938964844,293.1499938964844,0.0,-0.0,284.3358154296875,0.9990000128746032,0.6125614047050476,0.4972175359725952,297.3116149902344,297.1499938964844,293.1499938964844,0.0,-0.0,284.3375549316406,0.8397297859191895,0.3263131380081177,0.310996413230896,297.1356506347656,297.1499938964844,293.1499938964844,0.0,-0.0,284.33837890625,0.7965273261070251,0.2758311331272125,0.194976344704628,297.18231201171875,297.1499938964844,293.1499938964844,0.0,-0.0,284.3395690917969,0.7475028038024902,0.2276031672954559,0.2183350026607513,297.09735107421875,297.1499938964844,293.1499938964844,0.0,-0.0,284.3402099609375,0.7269226312637329,0.2074722647666931,0.9468235373497008,284.3368835449219,284.95001220703125,298.33062744140625,288.2580261230469,297.5907287597656,297.19384765625,284.32965087890625,1.0,0.4958642721176147,0.4807684123516083,0.4807684123516083,1.0,1.0,-2.603179693222046,0.9109581112861632,1.6922215223312378,0.3275189995765686,0.980096399784088,0.980096399784088,0.0,117.68582153320312,106.0,36687.9453125,0.0,1525.331298828125,1.0,280.6790771484375,282.8998413085937,291.3180236816406,293.7587280273437,293.1499938964844,293.1499938964844,280.6499938964844,36418.546875,36000.0,313.1499938964844,0.0,18000.0,1.0,0.0,0.0,0.0,1.0,0.907626450061798,1.0,0.0,0.0,3.9684536457061768,3.968481063842773,1.0508383638807572e-06,4.265924453735352,4.265914440155029,9.78592834144365e-06,0.0,0.0,-0.0,5518.44189453125,0.0,1920.569580078125,1895.4371337890625,0.0,3474.563232421875,0.9770784974098206,1.0,0.0,3.0,1.0,0.0
12133200,297.0838317871094,297.1499938964844,293.1499938964844,0.0,-0.0,284.3029479980469,0.9990000128746032,0.6111060976982117,0.4930909872055053,297.3058776855469,297.1499938964844,293.1499938964844,0.0,-0.0,284.3033752441406,0.8420941233634949,0.3265722990036011,0.3111752271652221,297.13018798828125,297.1499938964844,293.1499938964844,0.0,-0.0,284.3035888671875,0.7981440424919128,0.2752254605293274,0.1945040822029113,297.1773681640625,297.1499938964844,293.1499938964844,0.0,-0.0,284.30389404296875,0.7490954995155334,0.2272835224866867,0.2179735600948333,297.0923767089844,297.1499938964844,293.1499938964844,0.0,-0.0,284.3040466308594,0.7279286980628967,0.2067198306322097,0.9431831240653992,284.30322265625,284.95001220703125,298.35821533203125,288.26007080078125,297.5964660644531,297.18804931640625,284.3012390136719,1.0,0.4934054911136627,0.4808857142925262,0.4808857142925262,1.0,1.0,-2.593064069747925,0.9070418477058412,1.686022162437439,0.3258899748325348,0.9762677550315856,0.9762677550315856,0.0,116.13058471679688,109.0,36639.609375,0.0,1504.752197265625,1.0,280.65594482421875,282.8695983886719,291.2950439453125,293.6988220214844,293.1499938964844,293.1499938964844,280.3500061035156,36491.58203125,36000.0,313.1499938964844,0.0,18000.0,1.0,0.0,0.0,0.0,1.0,0.9090253710746764,1.0,0.0,0.0,3.960517644882202,3.96054482460022,1.0466395679031848e-06,4.265924453735352,4.265914440155029,9.78592834144365e-06,0.0,0.0,-0.0,5830.63330078125,0.0,1910.844482421875,1895.4371337890625,0.0,3487.556396484375,0.9753475189208984,1.0,0.0,3.0,1.0,0.0
12133260,297.05877685546875,297.1499938964844,293.1499938964844,0.0,-0.0,284.0990905761719,0.9990000128746032,0.6077386140823364,0.4900907576084137,297.2920837402344,297.1499938964844,293.1499938964844,0.0,-0.0,284.09942626953125,0.8441832661628723,0.3271494805812835,0.3117081224918365,297.1172790527344,297.1499938964844,293.1499938964844,0.0,-0.0,284.0995788574219,0.7982641458511353,0.2736667096614837,0.1934054642915725,297.165771484375,297.1499938964844,293.1499938964844,0.0,-0.0,284.09979248046875,0.7496711015701294,0.2264536321163177,0.2171684056520462,297.080810546875,297.1499938964844,293.1499938964844,0.0,-0.0,284.0999450683594,0.7272350788116455,0.2048184275627136,0.9345524907112122,284.09930419921875,284.95001220703125,298.4254455566406,288.26519775390625,297.6111145019531,297.1751403808594,284.0979309082031,1.0,0.4907132387161255,0.4808657169342041,0.4808657169342041,1.0,1.0,-2.577428102493286,0.900665283203125,1.6767628192901611,0.3227721452713012,0.9632167816162108,0.9632167816162108,0.0,114.71512603759766,112.0,37441.45703125,0.0,1477.58251953125,1.0,280.3560485839844,282.632568359375,291.2980651855469,293.7510681152344,293.1499938964844,293.1499938964844,280.04998779296875,36734.21484375,36000.0,313.1499938964844,0.0,18000.0,1.0,0.0,0.0,0.0,1.0,0.9186687469482422,1.0,0.0,0.0,3.934226274490357,3.934253454208374,1.0327898962714244e-06,4.265924453735352,4.265914440155029,9.78592834144365e-06,0.0,0.0,-0.0,5916.68408203125,0.0,1878.89306640625,1895.4371337890625,0.0,3576.86767578125,0.96955806016922,1.0,0.0,3.0,1.0,0.0
12133320,297.05877685546875,297.1499938964844,293.1499938964844,0.0,-0.0,284.0990905761719,0.9990000128746032,0.6077386140823364,0.4900907576084137,297.2920837402344,297.1499938964844,293.1499938964844,0.0,-0.0,284.09942626953125,0.8441832661628723,0.3271494805812835,0.3117081224918365,297.1172790527344,297.1499938964844,293.1499938964844,0.0,-0.0,284.0995788574219,0.7982641458511353,0.2736667096614837,0.1934054642915725,297.165771484375,297.1499938964844,293.1499938964844,0.0,-0.0,284.09979248046875,0.7496711015701294,0.2264536321163177,0.2171684056520462,297.080810546875,297.1499938964844,293.1499938964844,0.0,-0.0,284.0999450683594,0.7272350788116455,0.2048184275627136,0.9345524907112122,284.09930419921875,284.95001220703125,298.4254455566406,288.26519775390625,297.6111145019531,297.1751403808594,284.0979309082031,1.0,0.4907132387161255,0.4808657169342041,0.4808657169342041,1.0,1.0,-2.577428102493286,0.900665283203125,1.6767628192901611,0.3227721452713012,0.9632167816162108,0.9632167816162108,0.0,114.71512603759766,112.0,37441.45703125,0.0,1477.58251953125,1.0,280.3560485839844,282.632568359375,291.2980651855469,293.7510681152344,293.1499938964844,293.1499938964844,280.04998779296875,36734.21484375,36000.0,313.1499938964844,0.0,18000.0,1.0,0.0,0.0,0.0,1.0,0.9186687469482422,1.0,0.0,0.0,3.934226274490357,3.934253454208374,1.0327898962714244e-06,4.265924453735352,4.265914440155029,9.78592834144365e-06,0.0,0.0,-0.0,5916.68408203125,0.0,1878.89306640625,1895.4371337890625,0.0,3576.86767578125,0.96955806016922,1.0,0.0,3.0,1.0,0.0
12133380,297.023193359375,297.1499938964844,293.1499938964844,0.0,-0.0,283.9041442871094,0.9990000128746032,0.6029952168464661,0.4913411140441894,297.2790832519531,297.1499938964844,293.1499938964844,0.0,-0.0,283.9043884277344,0.8439231514930725,0.327632188796997,0.3122003972530365,297.1053466796875,297.1499938964844,293.1499938964844,0.0,-0.0,283.9045104980469,0.795997142791748,0.2720441222190857,0.1922985762357711,297.1550598144531,297.1499938964844,293.1499938964844,0.0,-0.0,283.9046936035156,0.7481715083122253,0.2255676537752151,0.2163614630699157,297.07012939453125,297.1499938964844,293.1499938964844,0.0,-0.0,283.9048156738281,0.7245817184448242,0.2028597891330719,0.9259307980537416,283.904296875,284.95001220703125,298.490234375,288.270263671875,297.6257629394531,297.1633605957031,283.9032897949219,1.0,0.4894363582134247,0.4808457195758819,0.4808457195758819,1.0,1.0,-2.566859722137451,0.8963283896446228,1.670531153678894,0.3206623792648315,0.9476335644721984,0.9476335644721984,0.0,114.71612548828124,100.0,38271.45703125,0.0,1463.5704345703125,1.0,280.0562744140625,282.404541015625,291.30145263671875,293.8046264648437,293.1499938964844,293.1499938964844,279.75,37010.83203125,36000.0,313.1499938964844,0.0,18000.0,1.0,0.0,0.0,0.0,1.0,0.9278728365898132,1.0,0.0,0.0,3.897799253463745,3.897825956344605,1.0137531489817777e-06,4.265924453735352,4.265914440155029,9.78592834144365e-06,0.0,0.0,-0.0,6007.09375,0.0,1834.8048095703125,1895.4371337890625,0.0,3661.628173828125,0.961515247821808,1.0,0.0,3.0,1.0,0.0
12133440,297.023193359375,297.1499938964844,293.1499938964844,0.0,-0.0,283.9041442871094,0.9990000128746032,0.6029952168464661,0.4913411140441894,297.2790832519531,297.1499938964844,293.1499938964844,0.0,-0.0,283.9043884277344,0.8439231514930725,0.327632188796997,0.3122003972530365,297.1053466796875,297.1499938964844,293.1499938964844,0.0,-0.0,283.9045104980469,0.795997142791748,0.2720441222190857,0.1922985762357711,297.1550598144531,297.1499938964844,293.1499938964844,0.0,-0.0,283.9046936035156,0.7481715083122253,0.2255676537752151,0.2163614630699157,297.07012939453125,297.1499938964844,293.1499938964844,0.0,-0.0,283.9048156738281,0.7245817184448242,0.2028597891330719,0.9259307980537416,283.904296875,284.95001220703125,298.490234375,288.270263671875,297.6257629394531,297.1633605957031,283.9032897949219,1.0,0.4894363582134247,0.4808457195758819,0.4808457195758819,1.0,1.0,-2.566859722137451,0.8963283896446228,1.670531153678894,0.3206623792648315,0.9476335644721984,0.9476335644721984,0.0,114.71612548828124,100.0,38271.45703125,0.0,1463.5704345703125,1.0,280.0562744140625,282.404541015625,291.30145263671875,293.8046264648437,293.1499938964844,293.1499938964844,279.75,37010.83203125,36000.0,313.1499938964844,0.0,18000.0,1.0,0.0,0.0,0.0,1.0,0.9278728365898132,1.0,0.0,0.0,3.897799253463745,3.897825956344605,1.0137531489817777e-06,4.265924453735352,4.265914440155029,9.78592834144365e-06,0.0,0.0,-0.0,6007.09375,0.0,1834.8048095703125,1895.4371337890625,0.0,3661.628173828125,0.961515247821808,1.0,0.0,3.0,1.0,0.0
12133500,297.0044250488281,297.1499938964844,293.1499938964844,0.0,-0.0,283.7556457519531,0.9990000128746032,0.6003473997116089,0.4883306324481964,297.2728576660156,297.1499938964844,293.1499938964844,0.0,-0.0,283.758056640625,0.8457493782043457,0.3278414011001587,0.3124019205570221,297.09979248046875,297.1499938964844,293.1499938964844,0.0,-0.0,283.7593688964844,0.7968538403511047,0.2712150812149048,0.1917202770709991,297.1499938964844,297.1499938964844,293.1499938964844,0.0,-0.0,283.760986328125,0.7491467595100403,0.2251029014587402,0.2159154415130615,297.06500244140625,297.1499938964844,293.1499938964844,0.0,-0.0,283.7621154785156,0.7248556613922119,0.201850950717926,0.92138010263443,283.7572021484375,284.95001220703125,298.521728515625,288.2727966308594,297.6334228515625,297.15875244140625,283.7466735839844,1.0,0.4869911968708038,0.4808357357978821,0.4808357357978821,1.0,1.0,-2.556800127029419,0.892191469669342,1.664608597755432,0.3188915848731994,0.938269317150116,0.938269317150116,0.0,113.5087432861328,100.0,39057.0859375,0.0,1445.0494384765625,1.0,279.7952575683594,282.22076416015625,291.3299865722656,293.9335021972656,293.1499938964844,293.1499938964844,279.75,37177.85546875,36000.0,313.1499938964844,0.0,18000.0,1.0,0.0,0.0,0.0,1.0,0.9349125623703004,1.0,0.0,0.0,3.875436305999756,3.875462770462036,1.0021540219895542e-06,4.265924453735352,4.265914440155029,9.78592834144365e-06,0.0,0.0,-0.0,5793.41796875,0.0,1808.0958251953125,1895.4371337890625,0.0,3726.0859375,0.9565512537956238,1.0,0.0,3.0,1.0,0.0
12133560,296.9917297363281,297.1499938964844,293.1499938964844,0.0,-0.0,283.7046813964844,0.9990000128746032,0.5981736779212952,0.4829373061656952,297.2664489746094,297.1499938964844,293.1499938964844,0.0,-0.0,283.7050476074219,0.8488260507583618,0.327987939119339,0.3124765455722809,297.09405517578125,297.1499938964844,293.1499938964844,0.0,-0.0,283.7052917480469,0.7989451289176941,0.2703336775302887,0.1910567730665207,297.1448059082031,297.1499938964844,293.1499938964844,0.0,-0.0,283.7055358886719,0.7512117028236389,0.2245941758155822,0.2153729051351547,297.0597839355469,297.1499938964844,293.1499938964844,0.0,-0.0,283.70574951171875,0.7261274456977844,0.2007991820573806,0.9163785576820374,283.7049255371094,284.95001220703125,298.5526123046875,288.2753295898437,297.6407775878906,297.1540832519531,283.7030944824219,1.0,0.483688622713089,0.4809010624885559,0.4809010624885559,1.0,1.0,-2.542956113815308,0.8866475224494934,1.6563085317611694,0.3164497911930084,0.9293951392173768,0.9293951392173768,0.0,111.49305725097656,103.0,38960.24609375,0.0,1418.246826171875,1.0,279.756591796875,282.1777648925781,291.3047180175781,293.85498046875,293.1499938964844,293.1499938964844,279.45001220703125,37338.53125,36000.0,313.1499938964844,0.0,18000.0,1.0,0.0,0.0,0.0,1.0,0.936732292175293,1.0,0.0,0.0,3.8494272232055664,3.849453449249268,9.887478427117458e-07,4.265924453735352,4.265914440155029,9.78592834144365e-06,0.0,0.0,-0.0,6089.34130859375,0.0,1777.12841796875,1895.4371337890625,0.0,3742.69091796875,0.9508318901062012,1.0,0.0,3.0,1.0,0.0
12133620,296.9733581542969,297.1499938964844,293.1499938964844,0.0,-0.0,283.5082397460937,0.9990000128746032,0.5943198800086975,0.4792315065860748,297.2545471191406,297.1499938964844,293.1499938964844,0.0,-0.0,283.50848388671875,0.8511361479759216,0.3282575011253357,0.3127062916755676,297.0837097167969,297.1499938964844,293.1499938964844,0.0,-0.0,283.5086364746094,0.7992616891860962,0.2685770988464355,0.1898098289966583,297.1354675292969,297.1499938964844,293.1499938964844,0.0,-0.0,283.5088195800781,0.751959502696991,0.223580852150917,0.2143822908401489,297.0506286621094,297.1499938964844,293.1499938964844,0.0,-0.0,283.5089416503906,0.7255221009254456,0.1987276524305343,0.9068986177444458,283.5083923339844,284.95001220703125,298.612548828125,288.2803649902344,297.6549377441406,297.1445007324219,283.50732421875,1.0,0.4804601371288299,0.4810317456722259,0.4810317456722259,1.0,1.0,-2.524687051773072,0.8794516324996948,1.6452354192733765,0.3130488097667694,0.9085281491279602,0.9085281491279602,0.0,109.81643676757812,106.0,39667.578125,0.0,1387.52099609375,1.0,279.4569396972656,281.96209716796875,291.30621337890625,293.899658203125,293.1499938964844,293.1499938964844,279.1499938964844,37731.7890625,36000.0,313.1499938964844,0.0,18000.0,1.0,0.0,0.0,0.0,1.0,0.9447469711303712,1.0,0.0,0.0,3.786488056182861,3.786513805389404,9.566795142745832e-07,4.265924453735352,4.265914440155029,9.78592834144365e-06,0.0,0.0,-0.0,6171.5595703125,0.0,1703.8280029296875,1895.4371337890625,0.0,3815.517578125,0.9369540810585022,1.0,0.0,3.0,1.0,0.0
12133680,296.9733581542969,297.1499938964844,293.1499938964844,0.0,-0.0,283.5082397460937,0.9990000128746032,0.5943198800086975,0.4792315065860748,297.2545471191406,297.1499938964844,293.1499938964844,0.0,-0.0,283.50848388671875,0.8511361479759216,0.3282575011253357,0.3127062916755676,297.0837097167969,297.1499938964844,293.1499938964844,0.0,-0.0,283.5086364746094,0.7992616891860962,0.2685770988464355,0.1898098289966583,297.1354675292969,297.1499938964844,293.1499938964844,0.0,-0.0,283.5088195800781,0.751959502696991,0.223580852150917,0.2143822908401489,297.0506286621094,297.1499938964844,293.1499938964844,0.0,-0.0,283.5089416503906,0.7255221009254456,0.1987276524305343,0.9068986177444458,283.5083923339844,284.95001220703125,298.612548828125,288.2803649902344,297.6549377441406,297.1445007324219,283.50732421875,1.0,0.4804601371288299,0.4810317456722259,0.4810317456722259,1.0,1.0,-2.524687051773072,0.8794516324996948,1.6452354192733765,0.3130488097667694,0.9085281491279602,0.9085281491279602,0.0,109.81643676757812,106.0,39667.578125,0.0,1387.52099609375,1.0,279.4569396972656,281.96209716796875,291.30621337890625,293.899658203125,293.1499938964844,293.1499938964844,279.1499938964844,37731.7890625,36000.0,313.1499938964844,0.0,18000.0,1.0,0.0,0.0,0.0,1.0,0.9447469711303712,1.0,0.0,0.0,3.786488056182861,3.786513805389404,9.566795142745832e-07,4.265924453735352,4.265914440155029,9.78592834144365e-06,0.0,0.0,-0.0,6171.5595703125,0.0,1703.8280029296875,1895.4371337890625,0.0,3815.517578125,0.9369540810585022,1.0,0.0,3.0,1.0,0.0
12133740,296.9445495605469,297.1499938964844,293.1499938964844,0.0,-0.0,283.32501220703125,0.9990000128746032,0.5891791582107544,0.479931116104126,297.2436218261719,297.1499938964844,293.1499938964844,0.0,-0.0,283.3251342773437,0.8509336709976196,0.3284756541252136,0.3129321038722992,297.074462890625,297.1499938964844,293.1499938964844,0.0,-0.0,283.32525634765625,0.7970860600471497,0.2668008804321289,0.1885826587677002,297.1270446777344,297.1499938964844,293.1499938964844,0.0,-0.0,283.3253479003906,0.7505193948745728,0.2225445955991745,0.2134184688329696,297.0424499511719,297.1499938964844,293.1499938964844,0.0,-0.0,283.3254699707031,0.7228837013244629,0.1966421753168106,0.8976300954818726,283.3251037597656,284.95001220703125,298.6700744628906,288.28533935546875,297.6676940917969,297.1338195800781,283.3246154785156,1.0,0.4787582159042358,0.481162428855896,0.481162428855896,1.0,1.0,-2.512026786804199,0.8745330572128296,1.63749361038208,0.3107772469520569,0.8853204846382141,0.8853204846382141,0.0,109.5894012451172,94.0,40357.6640625,0.0,1370.4580078125,1.0,279.157470703125,281.7604064941406,291.3089599609375,293.94512939453125,293.1499938964844,293.1499938964844,279.45001220703125,38187.44921875,36000.0,313.1499938964844,0.0,18000.0,1.0,0.0,0.0,0.0,1.0,0.9522438049316406,1.0,0.0,0.0,3.706555128097534,3.70658016204834,9.167147823063716e-07,4.265924453735352,4.265914440155029,9.78592834144365e-06,0.0,0.0,-0.0,5534.4365234375,0.0,1613.6243896484375,1895.4371337890625,0.0,3883.1533203125,0.91936993598938,1.0,0.0,3.0,1.0,0.0
12133800,296.9445495605469,297.1499938964844,293.1499938964844,0.0,-0.0,283.32501220703125,0.9990000128746032,0.5891791582107544,0.479931116104126,297.2436218261719,297.1499938964844,293.1499938964844,0.0,-0.0,283.3251342773437,0.8509336709976196,0.3284756541252136,0.3129321038722992,297.074462890625,297.1499938964844,293.1499938964844,0.0,-0.0,283.32525634765625,0.7970860600471497,0.2668008804321289,0.1885826587677002,297.1270446777344,297.1499938964844,293.1499938964844,0.0,-0.0,283.3253479003906,0.7505193948745728,0.2225445955991745,0.2134184688329696,297.0424499511719,297.1499938964844,293.1499938964844,0.0,-0.0,283.3254699707031,0.7228837013244629,0.1966421753168106,0.8976300954818726,283.3251037597656,284.95001220703125,298.6700744628906,288.28533935546875,297.6676940917969,297.1338195800781,283.3246154785156,1.0,0.4787582159042358,0.481162428855896,0.481162428855896,1.0,1.0,-2.512026786804199,0.8745330572128296,1.63749361038208,0.3107772469520569,0.8853204846382141,0.8853204846382141,0.0,109.5894012451172,94.0,40357.6640625,0.0,1370.4580078125,1.0,279.157470703125,281.7604064941406,291.3089599609375,293.94512939453125,293.1499938964844,293.1499938964844,279.45001220703125,38187.44921875,36000.0,313.1499938964844,0.0,18000.0,1.0,0.0,0.0,0.0,1.0,0.9522438049316406,1.0,0.0,0.0,3.706555128097534,3.70658016204834,9.167147823063716e-07,4.265924453735352,4.265914440155029,9.78592834144365e-06,0.0,0.0,-0.0,5534.4365234375,0.0,1613.6243896484375,1895.4371337890625,0.0,3883.1533203125,0.91936993598938,1.0,0.0,3.0,1.0,0.0
12133860,296.9502868652344,297.1499938964844,293.1499938964844,0.0,-0.0,283.5278015136719,0.9990000128746032,0.5870817303657532,0.4693838655948639,297.2455444335937,297.1499938964844,293.1499938964844,0.0,-0.0,283.5272827148437,0.8578101992607117,0.3298365771770477,0.3137202560901642,297.0778503417969,297.1499938964844,293.1499938964844,0.0,-0.0,283.52691650390625,0.8020071387290955,0.2661702334880829,0.1877786815166473,297.12799072265625,297.1499938964844,293.1499938964844,0.0,-0.0,283.52655029296875,0.7552452087402344,0.2223359942436218,0.212826132774353,297.0430603027344,297.1499938964844,293.1499938964844,0.0,-0.0,283.5262451171875,0.7259373664855957,0.195327803492546,0.8899070024490356,283.5274353027344,284.95001220703125,298.7252197265625,288.290283203125,297.6879577636719,297.1361389160156,283.5299377441406,1.0,0.472788393497467,0.481464147567749,0.481464147567749,1.0,1.0,-2.489357709884644,0.8657965660095215,1.6235610246658323,0.307116836309433,0.8679408431053162,0.8679408431053162,0.0,105.8788604736328,97.0,38905.73828125,0.0,1326.2479248046875,1.0,279.4422607421875,282.0047912597656,291.2186889648437,293.7003479003906,293.1499938964844,293.1499938964844,279.75,38243.703125,36000.0,313.1499938964844,0.0,18000.0,1.0,0.0,0.0,0.0,1.0,0.9335126280784608,1.0,0.0,0.0,3.6221094131469727,3.622133493423462,8.754199143368169e-07,4.265924453735352,4.265914440155029,9.78592834144365e-06,0.0,0.0,-0.0,5373.71435546875,0.0,1519.0191650390625,1895.4371337890625,0.0,3713.295654296875,0.9006248712539673,1.0,0.0,3.0,1.0,0.0
12133920,296.9502868652344,297.1499938964844,293.1499938964844,0.0,-0.0,283.5278015136719,0.9990000128746032,0.5870817303657532,0.4693838655948639,297.2455444335937,297.1499938964844,293.1499938964844,0.0,-0.0,283.5272827148437,0.8578101992607117,0.3298365771770477,0.3137202560901642,297.0778503417969,297.1499938964844,293.1499938964844,0.0,-0.0,283.52691650390625,0.8020071387290955,0.2661702334880829,0.1877786815166473,297.12799072265625,297.1499938964844,293.1499938964844,0.0,-0.0,283.52655029296875,0.7552452087402344,0.2223359942436218,0.212826132774353,297.0430603027344,297.1499938964844,293.1499938964844,0.0,-0.0,283.5262451171875,0.7259373664855957,0.195327803492546,0.8899070024490356,283.5274353027344,284.95001220703125,298.7252197265625,288.290283203125,297.6879577636719,297.1361389160156,283.5299377441406,1.0,0.472788393497467,0.481464147567749,0.481464147567749,1.0,1.0,-2.489357709884644,0.8657965660095215,1.6235610246658323,0.307116836309433,0.8679408431053162,0.8679408431053162,0.0,105.8788604736328,97.0,38905.73828125,0.0,1326.2479248046875,1.0,279.4422607421875,282.0047912597656,291.2186889648437,293.7003479003906,293.1499938964844,293.1499938964844,279.75,38243.703125,36000.0,313.1499938964844,0.0,18000.0,1.0,0.0,0.0,0.0,1.0,0.9335126280784608,1.0,0.0,0.0,3.6221094131469727,3.622133493423462,8.754199143368169e-07,4.265924453735352,4.265914440155029,9.78592834144365e-06,0.0,0.0,-0.0,5373.71435546875,0.0,1519.0191650390625,1895.4371337890625,0.0,3713.295654296875,0.9006248712539673,1.0,0.0,3.0,1.0,0.0
12133980,297.0001525878906,297.1499938964844,293.1499938964844,0.0,-0.0,283.7559509277344,0.9990000128746032,0.5895872712135315,0.4608780741691589,297.2589111328125,297.1499938964844,293.1499938964844,0.0,-0.0,283.7552795410156,0.8648859858512878,0.3323927521705627,0.3157915771007538,297.09246826171875,297.1499938964844,293.1499938964844,0.0,-0.0,283.7547912597656,0.8072398900985718,0.2667291760444641,0.187924176454544,297.1382751464844,297.1499938964844,293.1499938964844,0.0,-0.0,283.7543029785156,0.7602629661560059,0.2230908274650573,0.2132433801889419,297.053955078125,297.1499938964844,293.1499938964844,0.0,-0.0,283.7538757324219,0.7293607592582703,0.1950668096542358,0.8872051239013672,283.7554626464844,284.95001220703125,298.7779846191406,288.295166015625,297.7159423828125,297.1509704589844,283.7590026855469,1.0,0.4698486626148224,0.481765866279602,0.481765866279602,1.0,1.0,-2.4790380001068115,0.8621508479118347,1.616887092590332,0.3054021596908569,0.8537943363189697,0.8537943363189697,0.0,103.18190002441406,100.0,37648.75390625,0.0,1302.1171875,1.0,279.7411804199219,282.2760314941406,291.2055053710937,293.5846252441406,293.1499938964844,293.1499938964844,280.04998779296875,38129.66015625,36000.0,313.1499938964844,0.0,18000.0,1.0,0.0,0.0,0.0,1.0,0.9119501709938048,1.0,0.0,0.0,3.5414726734161377,3.5414960384368896,8.368759836230311e-07,4.265924453735352,4.265914440155029,9.78592834144365e-06,0.0,0.0,-0.0,5266.5556640625,0.0,1431.2060546875,1895.4371337890625,0.0,3514.693603515625,0.8826449513435364,1.0,0.0,3.0,1.0,0.0
12134040,297.0001525878906,297.1499938964844,293.1499938964844,0.0,-0.0,283.7559509277344,0.9990000128746032,0.5895872712135315,0.4608780741691589,297.2589111328125,297.1499938964844,293.1499938964844,0.0,-0.0,283.7552795410156,0.8648859858512878,0.3323927521705627,0.3157915771007538,297.09246826171875,297.1499938964844,293.1499938964844,0.0,-0.0,283.7547912597656,0.8072398900985718,0.2667291760444641,0.187924176454544,297.1382751464844,297.1499938964844,293.1499938964844,0.0,-0.0,283.7543029785156,0.7602629661560059,0.2230908274650573,0.2132433801889419,297.053955078125,297.1499938964844,293.1499938964844,0.0,-0.0,283.7538757324219,0.7293607592582703,0.1950668096542358,0.8872051239013672,283.7554626464844,284.95001220703125,298.7779846191406,288.295166015625,297.7159423828125,297.1509704589844,283.7590026855469,1.0,0.4698486626148224,0.481765866279602,0.481765866279602,1.0,1.0,-2.4790380001068115,0.8621508479118347,1.616887092590332,0.3054021596908569,0.8537943363189697,0.8537943363189697,0.0,103.18190002441406,100.0,37648.75390625,0.0,1302.1171875,1.0,279.7411804199219,282.2760314941406,291.2055053710937,293.5846252441406,293.1499938964844,293.1499938964844,280.04998779296875,38129.66015625,36000.0,313.1499938964844,0.0,18000.0,1.0,0.0,0.0,0.0,1.0,0.9119501709938048,1.0,0.0,0.0,3.5414726734161377,3.5414960384368896,8.368759836230311e-07,4.265924453735352,4.265914440155029,9.78592834144365e-06,0.0,0.0,-0.0,5266.5556640625,0.0,1431.2060546875,1895.4371337890625,0.0,3514.693603515625,0.8826449513435364,1.0,0.0,3.0,1.0,0.0
12134100,297.0283508300781,297.1499938964844,293.1499938964844,0.0,-0.0,283.9153137207031,0.9990000128746032,0.5914026498794556,0.4579995274543762,297.2675476074219,297.1499938964844,293.1499938964844,0.0,-0.0,283.9128723144531,0.8679057955741882,0.3339289426803589,0.3171151280403137,297.1015014648437,297.1499938964844,293.1499938964844,0.0,-0.0,283.9110412597656,0.8093268275260925,0.2672488093376159,0.1882014125585556,297.1451721191406,297.1499938964844,293.1499938964844,0.0,-0.0,283.90924072265625,0.7623783946037292,0.2236912846565246,0.2137033641338348,297.0614929199219,297.1499938964844,293.1499938964844,0.0,-0.0,283.9075622558594,0.7307798266410828,0.1951969712972641,0.8872436285018921,283.9135437011719,284.95001220703125,298.803466796875,288.297607421875,297.7299499511719,297.1585998535156,283.9264831542969,1.0,0.4691953361034393,0.4819167554378509,0.4819167554378509,1.0,1.0,-2.478097677230835,0.8620449900627136,1.6160526275634766,0.30538409948349,0.8484030961990356,0.8484030961990356,0.0,102.3622817993164,100.0,36740.421875,0.0,1297.5045166015625,1.0,279.9952392578125,282.4784545898437,291.18756103515625,293.4573974609375,293.1499938964844,293.1499938964844,280.04998779296875,38012.32421875,36000.0,313.1499938964844,0.0,18000.0,1.0,0.0,0.0,0.0,1.0,0.8999336957931519,1.0,0.0,0.0,3.5037763118743896,3.5037992000579834,8.191549341063364e-07,4.265924453735352,4.265914440155029,9.78592834144365e-06,0.0,0.0,-0.0,5420.1201171875,0.0,1390.9444580078125,1895.4371337890625,0.0,3402.96630859375,0.8742523789405823,1.0,0.0,3.0,1.0,0.0
12134160,297.05731201171875,297.1499938964844,293.1499938964844,0.0,-0.0,283.98785400390625,0.9990000128746032,0.5934788584709167,0.45572629570961,297.2772521972656,297.1499938964844,293.1499938964844,0.0,-0.0,283.9872131347656,0.8707564473152161,0.3356264531612396,0.3186419606208801,297.1114196777344,297.1499938964844,293.1499938964844,0.0,-0.0,283.9866943359375,0.8112385869026184,0.2679157853126526,0.1886170804500579,297.1529846191406,297.1499938964844,293.1499938964844,0.0,-0.0,283.9862060546875,0.7643787264823914,0.2244282066822052,0.2143298089504242,297.0700378417969,297.1499938964844,293.1499938964844,0.0,-0.0,283.9857482910156,0.7321258783340454,0.1954755634069442,0.8881276845932007,283.9873962402344,284.95001220703125,298.8283386230469,288.3000183105469,297.7450561523437,297.16815185546875,283.9911193847656,1.0,0.469017893075943,0.4820533394813537,0.4820533394813537,1.0,1.0,-2.4795114994049072,0.8628774881362915,1.6166340112686155,0.305783063173294,0.8427749276161194,0.8427749276161194,0.0,101.7876434326172,103.0,36587.4296875,0.0,1296.8084716796875,1.0,280.04052734375,282.554931640625,291.22271728515625,293.5289306640625,293.1499938964844,293.1499938964844,280.3500061035156,37896.68359375,36000.0,313.1499938964844,0.0,18000.0,1.0,0.0,0.0,0.0,1.0,0.893547534942627,1.0,0.0,0.0,3.469223499298096,3.4692461490631104,8.030782510104473e-07,4.265924453735352,4.265914440155029,9.78592834144365e-06,0.0,0.0,-0.0,5183.59423828125,0.0,1354.68115234375,1895.4371337890625,0.0,3343.367431640625,0.8664743304252625,1.0,0.0,3.0,1.0,0.0
12134220,297.1109619140625,297.1499938964844,293.1499938964844,0.0,-0.0,284.220458984375,0.9990000128746032,0.5977445840835571,0.453341543674469,297.2974548339844,297.1499938964844,293.1499938964844,0.0,-0.0,284.2198181152344,0.8753563165664673,0.3392815887928009,0.3219650387763977,297.13165283203125,297.1499938964844,293.1499938964844,0.0,-0.0,284.2192687988281,0.8140181303024292,0.2694748044013977,0.1896242797374725,297.16943359375,297.1499938964844,293.1499938964844,0.0,-0.0,284.2187805175781,0.7675031423568726,0.2261320054531097,0.2158327400684356,297.087890625,297.1499938964844,293.1499938964844,0.0,-0.0,284.2182922363281,0.734092116355896,0.1962720453739166,0.8911951184272766,284.219970703125,284.95001220703125,298.8763427734375,288.3048095703125,297.77685546875,297.19024658203125,284.223876953125,1.0,0.469835877418518,0.4823265373706817,0.4823265373706817,1.0,1.0,-2.4873342514038086,0.8665801882743835,1.6207541227340698,0.307528018951416,0.8348537087440491,0.8348537087440491,0.0,101.39085388183594,106.0,35636.32421875,0.0,1304.7288818359375,1.0,280.3397521972656,282.8320617675781,291.2425842285156,293.4886779785156,293.1499938964844,293.1499938964844,280.6499938964844,37578.8515625,36000.0,313.1499938964844,0.0,18000.0,1.0,0.0,0.0,0.0,1.0,0.8784053921699524,1.0,0.0,0.0,3.408672332763672,3.408694267272949,7.752893225188018e-07,4.265924453735352,4.265914440155029,9.78592834144365e-06,0.0,0.0,-0.0,5110.26416015625,0.0,1291.9207763671875,1895.4371337890625,0.0,3201.635009765625,0.8528508543968201,1.0,0.0,3.0,1.0,0.0
12134280,297.1109619140625,297.1499938964844,293.1499938964844,0.0,-0.0,284.220458984375,0.9990000128746032,0.5977445840835571,0.453341543674469,297.2974548339844,297.1499938964844,293.1499938964844,0.0,-0.0,284.2198181152344,0.8753563165664673,0.3392815887928009,0.3219650387763977,297.13165283203125,297.1499938964844,293.1499938964844,0.0,-0.0,284.2192687988281,0.8140181303024292,0.2694748044013977,0.1896242797374725,297.16943359375,297.1499938964844,293.1499938964844,0.0,-0.0,284.2187805175781,0.7675031423568726,0.2261320054531097,0.2158327400684356,297.087890625,297.1499938964844,293.1499938964844,0.0,-0.0,284.2182922363281,0.734092116355896,0.1962720453739166,0.8911951184272766,284.219970703125,284.95001220703125,298.8763427734375,288.3048095703125,297.77685546875,297.19024658203125,284.223876953125,1.0,0.469835877418518,0.4823265373706817,0.4823265373706817,1.0,1.0,-2.4873342514038086,0.8665801882743835,1.6207541227340698,0.307528018951416,0.8348537087440491,0.8348537087440491,0.0,101.39085388183594,106.0,35636.32421875,0.0,1304.7288818359375,1.0,280.3397521972656,282.8320617675781,291.2425842285156,293.4886779785156,293.1499938964844,293.1499938964844,280.6499938964844,37578.8515625,36000.0,313.1499938964844,0.0,18000.0,1.0,0.0,0.0,0.0,1.0,0.8784053921699524,1.0,0.0,0.0,3.408672332763672,3.408694267272949,7.752893225188018e-07,4.265924453735352,4.265914440155029,9.78592834144365e-06,0.0,0.0,-0.0,5110.26416015625,0.0,1291.9207763671875,1895.4371337890625,0.0,3201.635009765625,0.8528508543968201,1.0,0.0,3.0,1.0,0.0
12134340,297.1432800292969,297.1499938964844,293.1499938964844,0.0,-0.0,284.4153747558594,0.9990000128746032,0.6006141304969788,0.4531209170818329,297.3115539550781,297.1499938964844,293.1499938964844,0.0,-0.0,284.4140014648437,0.8777379989624023,0.3419515490531921,0.3243988752365112,297.1455383300781,297.1499938964844,293.1499938964844,0.0,-0.0,284.412841796875,0.8152393698692322,0.2706956267356872,0.1904221326112747,297.1809997558594,297.1499938964844,293.1499938964844,0.0,-0.0,284.4117736816406,0.7690286636352539,0.2274452149868011,0.2170103043317794,297.1001892089844,297.1499938964844,293.1499938964844,0.0,-0.0,284.4106750488281,0.7349166870117188,0.196956917643547,0.8940043449401855,284.4143371582031,284.95001220703125,298.9076232910156,288.3080139160156,297.7991638183594,297.20684814453125,284.4223327636719,1.0,0.4711279571056366,0.4825122952461242,0.4825122952461242,1.0,1.0,-2.4957385063171387,0.8703598380088806,1.6253787279129028,0.3092995584011078,0.8317069411277771,0.8317069411277771,0.0,101.60049438476562,106.0,34794.74609375,0.0,1315.98828125,1.0,280.6181030273437,283.06756591796875,291.23291015625,293.4012145996094,293.1499938964844,293.1499938964844,280.6499938964844,37301.73828125,36000.0,313.1499938964844,0.0,18000.0,1.0,0.0,0.0,0.0,1.0,0.8671808242797852,1.0,0.0,0.0,3.3755476474761963,3.3755693435668945,7.602944265272527e-07,4.265924453735352,4.265914440155029,9.78592834144365e-06,0.0,0.0,-0.0,5284.1240234375,0.0,1257.7335205078125,1895.4371337890625,0.0,3096.3642578125,0.845349133014679,1.0,0.0,3.0,1.0,0.0
12134400,297.1568908691406,297.1499938964844,293.1499938964844,0.0,-0.0,284.45172119140625,0.9990000128746032,0.6019088625907898,0.4532724618911743,297.318115234375,297.1499938964844,293.1499938964844,0.0,-0.0,284.4511108398437,0.8787602782249451,0.3432420194149017,0.3256215453147888,297.1519775390625,297.1499938964844,293.1499938964844,0.0,-0.0,284.4505615234375,0.8157348036766052,0.2713000178337097,0.1908493638038635,297.1863708496094,297.1499938964844,293.1499938964844,0.0,-0.0,284.4500732421875,0.7696723937988281,0.2280939519405365,0.2176247388124466,297.1058654785156,297.1499938964844,293.1499938964844,0.0,-0.0,284.4495544433594,0.7352408170700073,0.1973063349723816,0.8955798149108887,284.4512634277344,284.95001220703125,298.9219665527344,288.3095092773437,297.8096618652344,297.2148132324219,284.45513916015625,1.0,0.4719120562076568,0.4825997054576874,0.4825997054576874,1.0,1.0,-2.500532865524292,0.8724819421768188,1.6280509233474731,0.3102940618991852,0.8300020098686218,0.8300020098686218,0.0,101.79578399658205,109.0,34777.453125,0.0,1322.7635498046875,1.0,280.63916015625,283.10498046875,291.258056640625,293.4512634277344,293.1499938964844,293.1499938964844,280.95001220703125,37203.22265625,36000.0,313.1499938964844,0.0,18000.0,1.0,0.0,0.0,0.0,1.0,0.865454912185669,1.0,0.0,0.0,3.362178325653076,3.3622000217437744,7.542838602603297e-07,4.265924453735352,4.265914440155029,9.78592834144365e-06,0.0,0.0,-0.0,5043.50439453125,0.0,1244.2017822265625,1895.4371337890625,0.0,3080.17333984375,0.8422937393188477,1.0,0.0,3.0,1.0,0.0
12134460,297.19464111328125,297.1499938964844,293.1499938964844,0.0,-0.0,284.6867980957031,0.9990000128746032,0.6058266162872314,0.4549881517887115,297.3388061523437,297.1499938964844,293.1499938964844,0.0,-0.0,284.6861877441406,0.8812189102172852,0.3474665582180023,0.3295489847660064,297.1720275878906,297.1499938964844,293.1499938964844,0.0,-0.0,284.6856384277344,0.8166528344154358,0.2733561098575592,0.1922512948513031,297.20330810546875,297.1499938964844,293.1499938964844,0.0,-0.0,284.68511962890625,0.7710840702056885,0.2302683889865875,0.2196421027183532,297.1233825683594,297.1499938964844,293.1499938964844,0.0,-0.0,284.6846008300781,0.7357273697853088,0.1985201388597488,0.9008943438529968,284.68634033203125,284.95001220703125,298.9652099609375,288.3141174316406,297.8412475585937,297.23944091796875,284.6902160644531,1.0,0.4749455153942108,0.4823445379734039,0.4823445379734039,1.0,1.0,-2.5178029537200928,0.8791429400444031,1.638659954071045,0.3129275143146515,0.8283029794692993,0.8283029794692993,0.0,102.8183135986328,112.0,34130.1015625,0.0,1348.73193359375,1.0,280.938720703125,283.3800354003906,291.2716064453125,293.42144775390625,293.1499938964844,293.1499938964844,281.25,36785.38671875,36000.0,313.1499938964844,0.0,18000.0,1.0,0.0,0.0,0.0,1.0,0.8541801571846008,1.0,0.0,0.0,3.3313889503479004,3.3314101696014404,7.405322435261041e-07,4.265924453735352,4.265914440155029,9.78592834144365e-06,0.0,0.0,-0.0,4989.5009765625,0.0,1212.1104736328125,1895.4371337890625,0.0,2974.437255859375,0.8351638913154602,1.0,0.0,3.0,1.0,0.0
12134520,297.19464111328125,297.1499938964844,293.1499938964844,0.0,-0.0,284.6867980957031,0.9990000128746032,0.6058266162872314,0.4549881517887115,297.3388061523437,297.1499938964844,293.1499938964844,0.0,-0.0,284.6861877441406,0.8812189102172852,0.3474665582180023,0.3295489847660064,297.1720275878906,297.1499938964844,293.1499938964844,0.0,-0.0,284.6856384277344,0.8166528344154358,0.2733561098575592,0.1922512948513031,297.20330810546875,297.1499938964844,293.1499938964844,0.0,-0.0,284.68511962890625,0.7710840702056885,0.2302683889865875,0.2196421027183532,297.1233825683594,297.1499938964844,293.1499938964844,0.0,-0.0,284.6846008300781,0.7357273697853088,0.1985201388597488,0.9008943438529968,284.68634033203125,284.95001220703125,298.9652099609375,288.3141174316406,297.8412475585937,297.23944091796875,284.6902160644531,1.0,0.4749455153942108,0.4823445379734039,0.4823445379734039,1.0,1.0,-2.5178029537200928,0.8791429400444031,1.638659954071045,0.3129275143146515,0.8283029794692993,0.8283029794692993,0.0,102.8183135986328,112.0,34130.1015625,0.0,1348.73193359375,1.0,280.938720703125,283.3800354003906,291.2716064453125,293.42144775390625,293.1499938964844,293.1499938964844,281.25,36785.38671875,36000.0,313.1499938964844,0.0,18000.0,1.0,0.0,0.0,0.0,1.0,0.8541801571846008,1.0,0.0,0.0,3.3313889503479004,3.3314101696014404,7.405322435261041e-07,4.265924453735352,4.265914440155029,9.78592834144365e-06,0.0,0.0,-0.0,4989.5009765625,0.0,1212.1104736328125,1895.4371337890625,0.0,2974.437255859375,0.8351638913154602,1.0,0.0,3.0,1.0,0.0
12134580,297.2253723144531,297.1499938964844,293.1499938964844,0.0,-0.0,284.9202880859375,0.9990000128746032,0.6095116138458252,0.4579706192016601,297.359375,297.1499938964844,293.1499938964844,0.0,-0.0,284.9197082519531,0.8830472826957703,0.3519412875175476,0.3337315618991852,297.19171142578125,297.1499938964844,293.1499938964844,0.0,-0.0,284.9191589355469,0.8170647621154785,0.2756305932998657,0.1938198506832122,297.22003173828125,297.1499938964844,293.1499938964844,0.0,-0.0,284.918701171875,0.772000253200531,0.2326370328664779,0.2218623608350753,297.14031982421875,297.1499938964844,293.1499938964844,0.0,-0.0,284.9181823730469,0.7357865571975708,0.1998998373746872,0.90703547000885,284.9198303222656,284.95001220703125,299.0061340332031,288.3186340332031,297.87127685546875,297.2628173828125,284.9235534667969,1.0,0.4787146151065826,0.4820893704891205,0.4820893704891205,1.0,1.0,-2.538339376449585,0.8871027231216431,1.6512365341186523,0.3161433935165405,0.8297191858291626,0.8297191858291626,0.0,104.29922485351562,115.0,33568.15625,0.0,1381.171875,1.0,281.23846435546875,283.6509704589844,291.2854919433594,293.40069580078125,293.1499938964844,293.1499938964844,281.54998779296875,36347.63671875,36000.0,313.1499938964844,0.0,18000.0,1.0,0.0,0.0,0.0,1.0,0.8448231816291809,1.0,0.0,0.0,3.317234516143799,3.31725549697876,7.342528078879695e-07,4.265924453735352,4.265914440155029,9.78592834144365e-06,0.0,0.0,-0.0,4943.0078125,0.0,1195.8702392578125,1895.4371337890625,0.0,2886.809326171875,0.83167564868927,1.0,0.0,3.0,1.0,0.0
12134640,297.2253723144531,297.1499938964844,293.1499938964844,0.0,-0.0,284.9202880859375,0.9990000128746032,0.6095116138458252,0.4579706192016601,297.359375,297.1499938964844,293.1499938964844,0.0,-0.0,284.9197082519531,0.8830472826957703,0.3519412875175476,0.3337315618991852,297.19171142578125,297.1499938964844,293.1499938964844,0.0,-0.0,284.9191589355469,0.8170647621154785,0.2756305932998657,0.1938198506832122,297.22003173828125,297.1499938964844,293.1499938964844,0.0,-0.0,284.918701171875,0.772000253200531,0.2326370328664779,0.2218623608350753,297.14031982421875,297.1499938964844,293.1499938964844,0.0,-0.0,284.9181823730469,0.7357865571975708,0.1998998373746872,0.90703547000885,284.9198303222656,284.95001220703125,299.0061340332031,288.3186340332031,297.87127685546875,297.2628173828125,284.9235534667969,1.0,0.4787146151065826,0.4820893704891205,0.4820893704891205,1.0,1.0,-2.538339376449585,0.8871027231216431,1.6512365341186523,0.3161433935165405,0.8297191858291626,0.8297191858291626,0.0,104.29922485351562,115.0,33568.15625,0.0,1381.171875,1.0,281.23846435546875,283.6509704589844,291.2854919433594,293.40069580078125,293.1499938964844,293.1499938964844,281.54998779296875,36347.63671875,36000.0,313.1499938964844,0.0,18000.0,1.0,0.0,0.0,0.0,1.0,0.8448231816291809,1.0,0.0,0.0,3.317234516143799,3.31725549697876,7.342528078879695e-07,4.265924453735352,4.265914440155029,9.78592834144365e-06,0.0,0.0,-0.0,4943.0078125,0.0,1195.8702392578125,1895.4371337890625,0.0,2886.809326171875,0.83167564868927,1.0,0.0,3.0,1.0,0.0
12134700,297.2380065917969,297.1499938964844,293.1499938964844,0.0,-0.0,285.075927734375,0.9990000128746032,0.611225426197052,0.4598900973796844,297.3692932128906,297.1499938964844,293.1499938964844,0.0,-0.0,285.0738830566406,0.8837177753448486,0.3542408645153045,0.3358762860298157,297.2011413574219,297.1499938964844,293.1499938964844,0.0,-0.0,285.0719909667969,0.8170717358589172,0.2768191993236542,0.1946374326944351,297.2280578613281,297.1499938964844,293.1499938964844,0.0,-0.0,285.0703430175781,0.7722641825675964,0.2338697463274002,0.2230181396007537,297.1484069824219,297.1499938964844,293.1499938964844,0.0,-0.0,285.06854248046875,0.7356522679328918,0.2006324678659439,0.9103000164031982,285.0743408203125,284.95001220703125,299.0257263183594,288.32086181640625,297.8852844238281,297.2733154296875,285.0870361328125,1.0,0.480817049741745,0.4819617867469787,0.4819617867469787,1.0,1.0,-2.5495147705078125,0.8914502263069153,1.6580644845962524,0.3179229497909546,0.8320302367210388,0.8320302367210388,0.0,105.19109344482422,115.0,32998.375,0.0,1399.396240234375,1.0,281.48876953125,283.8426513671875,291.2662048339844,293.2994079589844,293.1499938964844,293.1499938964844,281.54998779296875,36117.03515625,36000.0,313.1499938964844,0.0,18000.0,1.0,0.0,0.0,0.0,1.0,0.8383669257164001,1.0,0.0,0.0,3.3160715103149414,3.3160924911499023,7.337381475736038e-07,4.265924453735352,4.265914440155029,9.78592834144365e-06,0.0,0.0,-0.0,5083.39990234375,0.0,1193.21875,1895.4371337890625,0.0,2826.461181640625,0.8312680721282959,1.0,0.0,3.0,1.0,0.0
12134760,297.25,297.1499938964844,293.1499938964844,0.0,-0.0,285.1480407714844,0.9990000128746032,0.6129652261734009,0.4618759751319885,297.3794860839844,297.1499938964844,293.1499938964844,0.0,-0.0,285.1474914550781,0.8844423890113831,0.3566344380378723,0.3381370007991791,297.21075439453125,297.1499938964844,293.1499938964844,0.0,-0.0,285.1470031738281,0.8171402215957642,0.2780891060829162,0.1955296695232391,297.2362670898437,297.1499938964844,293.1499938964844,0.0,-0.0,285.1465759277344,0.7725829482078552,0.2351708859205246,0.2242552489042282,297.1565856933594,297.1499938964844,293.1499938964844,0.0,-0.0,285.1461181640625,0.7355700731277466,0.2014260292053222,0.91390061378479,285.1476135253906,284.95001220703125,299.0447692871094,288.3230285644531,297.89910888671875,297.2840881347656,285.1510314941406,1.0,0.4830566644668579,0.481687992811203,0.481687992811203,1.0,1.0,-2.5615005493164062,0.8958801031112671,1.6656203269958496,0.3196020126342773,0.8341371417045593,0.8341371417045593,0.0,106.13206481933594,118.0,33061.47265625,0.0,1419.0343017578125,1.0,281.5386047363281,283.9132385253906,291.2967834472656,293.3812255859375,293.1499938964844,293.1499938964844,281.8500061035156,35911.7890625,36000.0,313.1499938964844,0.0,18000.0,1.0,0.0,0.0,0.0,1.0,0.8368425965309143,1.0,0.0,0.0,3.3196277618408203,3.319648742675781,7.35312767119467e-07,4.265924453735352,4.265914440155029,9.78592834144365e-06,0.0,0.0,-0.0,4898.87255859375,0.0,1195.1375732421875,1895.4371337890625,0.0,2812.22998046875,0.8318319320678711,1.0,0.0,3.0,1.0,0.0
12134820,297.2710876464844,297.1499938964844,293.1499938964844,0.0,-0.0,285.3960876464844,0.9990000128746032,0.6163663268089294,0.4663010239601135,297.3997802734375,297.1499938964844,293.1499938964844,0.0,-0.0,285.3955383300781,0.8856754302978516,0.3615927398204803,0.3427706658840179,297.2297668457031,297.1499938964844,293.1499938964844,0.0,-0.0,285.39501953125,0.8171197772026062,0.2807795703411102,0.1973873525857925,297.25244140625,297.1499938964844,293.1499938964844,0.0,-0.0,285.39459228515625,0.7730628252029419,0.2379004061222076,0.2268205136060714,297.1726989746094,297.1499938964844,293.1499938964844,0.0,-0.0,285.3940734863281,0.7352944612503052,0.2031387537717819,0.9215392470359802,285.3956604003906,284.95001220703125,299.0809631347656,288.3273010253906,297.9252319335937,297.30426025390625,285.39923095703125,1.0,0.4878339767456054,0.4811426103115082,0.4811426103115082,1.0,1.0,-2.586874961853028,0.9052690267562866,1.6816058158874512,0.3231823742389679,0.8420092463493347,0.8420092463493347,0.0,108.19983673095705,121.0,32765.1015625,0.0,1461.4879150390625,1.0,281.83843994140625,284.17840576171875,291.3082580566406,293.37115478515625,293.1499938964844,293.1499938964844,282.1499938964844,35460.5703125,36000.0,313.1499938964844,0.0,18000.0,1.0,0.0,0.0,0.0,1.0,0.8301481604576111,1.0,0.0,0.0,3.3389334678649902,3.338954448699951,7.438901548084687e-07,4.265924453735352,4.265914440155029,9.78592834144365e-06,0.0,0.0,-0.0,4866.79638671875,0.0,1210.1549072265625,1895.4371337890625,0.0,2749.82470703125,0.8357166051864624,1.0,0.0,3.0,1.0,0.0
12134880,297.2710876464844,297.1499938964844,293.1499938964844,0.0,-0.0,285.3960876464844,0.9990000128746032,0.6163663268089294,0.4663010239601135,297.3997802734375,297.1499938964844,293.1499938964844,0.0,-0.0,285.3955383300781,0.8856754302978516,0.3615927398204803,0.3427706658840179,297.2297668457031,297.1499938964844,293.1499938964844,0.0,-0.0,285.39501953125,0.8171197772026062,0.2807795703411102,0.1973873525857925,297.25244140625,297.1499938964844,293.1499938964844,0.0,-0.0,285.39459228515625,0.7730628252029419,0.2379004061222076,0.2268205136060714,297.1726989746094,297.1499938964844,293.1499938964844,0.0,-0.0,285.3940734863281,0.7352944612503052,0.2031387537717819,0.9215392470359802,285.3956604003906,284.95001220703125,299.0809631347656,288.3273010253906,297.9252319335937,297.30426025390625,285.39923095703125,1.0,0.4878339767456054,0.4811426103115082,0.4811426103115082,1.0,1.0,-2.586874961853028,0.9052690267562866,1.6816058158874512,0.3231823742389679,0.8420092463493347,0.8420092463493347,0.0,108.19983673095705,121.0,32765.1015625,0.0,1461.4879150390625,1.0,281.83843994140625,284.17840576171875,291.3082580566406,293.37115478515625,293.1499938964844,293.1499938964844,282.1499938964844,35460.5703125,36000.0,313.1499938964844,0.0,18000.0,1.0,0.0,0.0,0.0,1.0,0.8301481604576111,1.0,0.0,0.0,3.3389334678649902,3.338954448699951,7.438901548084687e-07,4.265924453735352,4.265914440155029,9.78592834144365e-06,0.0,0.0,-0.0,4866.79638671875,0.0,1210.1549072265625,1895.4371337890625,0.0,2749.82470703125,0.8357166051864624,1.0,0.0,3.0,1.0,0.0
12134940,297.2911376953125,297.1499938964844,293.1499938964844,0.0,-0.0,285.64404296875,0.9990000128746032,0.6199285387992859,0.4709184765815735,297.4205627441406,297.1499938964844,293.1499938964844,0.0,-0.0,285.6435546875,0.8870218992233276,0.3668604791164398,0.3477051556110382,297.2489318847656,297.1499938964844,293.1499938964844,0.0,-0.0,285.6430969238281,0.8172413110733032,0.2837331295013428,0.1994357109069824,297.2688293457031,297.1499938964844,293.1499938964844,0.0,-0.0,285.6427001953125,0.7736783027648926,0.240856796503067,0.2296066135168075,297.1889038085937,297.1499938964844,293.1499938964844,0.0,-0.0,285.6422424316406,0.7351750731468201,0.2050675153732299,0.9301760196685792,285.6436462402344,284.95001220703125,299.1148986816406,288.3314208984375,297.9506225585937,297.32440185546875,285.6467590332031,1.0,0.4929962456226349,0.4805964827537536,0.4805964827537536,1.0,1.0,-2.6145365238189697,0.9155696630477904,1.6989668607711792,0.3271704614162445,0.8532246947288513,0.8532246947288513,0.0,110.4200668334961,124.0,32531.912109375,0.0,1508.472900390625,1.0,282.1388244628906,284.4381408691406,291.3209533691406,293.3691101074219,293.1499938964844,293.1499938964844,282.45001220703125,35024.234375,36000.0,313.1499938964844,0.0,18000.0,1.0,0.0,0.0,0.0,1.0,0.8252220749855042,1.0,0.0,0.0,3.3747920989990234,3.3748135566711426,7.59954104978533e-07,4.265924453735352,4.265914440155029,9.78592834144365e-06,0.0,0.0,-0.0,4839.1533203125,0.0,1241.2489013671875,1895.4371337890625,0.0,2704.014404296875,0.8432905673980713,1.0,0.0,3.0,1.0,0.0
12135000,297.2911376953125,297.1499938964844,293.1499938964844,0.0,-0.0,285.64404296875,0.9990000128746032,0.6199285387992859,0.4709184765815735,297.4205627441406,297.1499938964844,293.1499938964844,0.0,-0.0,285.6435546875,0.8870218992233276,0.3668604791164398,0.3477051556110382,297.2489318847656,297.1499938964844,293.1499938964844,0.0,-0.0,285.6430969238281,0.8172413110733032,0.2837331295013428,0.1994357109069824,297.2688293457031,297.1499938964844,293.1499938964844,0.0,-0.0,285.6427001953125,0.7736783027648926,0.240856796503067,0.2296066135168075,297.1889038085937,297.1499938964844,293.1499938964844,0.0,-0.0,285.6422424316406,0.7351750731468201,0.2050675153732299,0.9301760196685792,285.6436462402344,284.95001220703125,299.1148986816406,288.3314208984375,297.9506225585937,297.32440185546875,285.6467590332031,1.0,0.4929962456226349,0.4805964827537536,0.4805964827537536,1.0,1.0,-2.6145365238189697,0.9155696630477904,1.6989668607711792,0.3271704614162445,0.8532246947288513,0.8532246947288513,0.0,110.4200668334961,124.0,32531.912109375,0.0,1508.472900390625,1.0,282.1388244628906,284.4381408691406,291.3209533691406,293.3691101074219,293.1499938964844,293.1499938964844,282.45001220703125,35024.234375,36000.0,313.1499938964844,0.0,18000.0,1.0,0.0,0.0,0.0,1.0,0.8252220749855042,1.0,0.0,0.0,3.3747920989990234,3.3748135566711426,7.59954104978533e-07,4.265924453735352,4.265914440155029,9.78592834144365e-06,0.0,0.0,-0.0,4839.1533203125,0.0,1241.2489013671875,1895.4371337890625,0.0,2704.014404296875,0.8432905673980713,1.0,0.0,3.0,1.0,0.0
12135060,297.31024169921875,297.1499938964844,293.1499938964844,0.0,-0.0,285.8861694335937,0.9990000128746032,0.623650848865509,0.4756864607334137,297.4411926269531,297.1499938964844,293.1499938964844,0.0,-0.0,285.8857421875,0.8884547352790833,0.3723748028278351,0.3528847098350525,297.26776123046875,297.1499938964844,293.1499938964844,0.0,-0.0,285.88531494140625,0.8174737691879272,0.2868918478488922,0.2016362845897674,297.28497314453125,297.1499938964844,293.1499938964844,0.0,-0.0,285.8849792480469,0.7744054794311523,0.2439971417188644,0.2325763404369354,297.2048034667969,297.1499938964844,293.1499938964844,0.0,-0.0,285.8845520019531,0.7351886630058289,0.2071724683046341,0.939650058746338,285.8858337402344,284.95001220703125,299.1465148925781,288.3353576660156,297.9747009277344,297.3440856933594,285.8885803222656,1.0,0.4984742999076843,0.4798109531402588,0.4798109531402588,1.0,1.0,-2.644084215164185,0.9261844158172609,1.7178999185562134,0.331060528755188,0.8676369190216064,0.8676369190216064,0.0,112.77104949951172,127.0,32322.041015625,0.0,1559.5615234375,1.0,282.4393310546875,284.69049072265625,291.3309326171875,293.3668518066406,293.1499938964844,293.1499938964844,282.75,34627.71484375,36000.0,313.1499938964844,0.0,18000.0,1.0,0.0,0.0,0.0,1.0,0.8214847445487976,1.0,0.0,0.0,3.425550937652588,3.425572633743286,7.829862624930684e-07,4.265924453735352,4.265914440155029,9.78592834144365e-06,0.0,0.0,-0.0,4811.9521484375,0.0,1287.8646240234375,1895.4371337890625,0.0,2669.329833984375,0.8542352318763733,1.0,0.0,3.0,1.0,0.0
12135120,297.31024169921875,297.1499938964844,293.1499938964844,0.0,-0.0,285.8861694335937,0.9990000128746032,0.623650848865509,0.4756864607334137,297.4411926269531,297.1499938964844,293.1499938964844,0.0,-0.0,285.8857421875,0.8884547352790833,0.3723748028278351,0.3528847098350525,297.26776123046875,297.1499938964844,293.1499938964844,0.0,-0.0,285.88531494140625,0.8174737691879272,0.2868918478488922,0.2016362845897674,297.28497314453125,297.1499938964844,293.1499938964844,0.0,-0.0,285.8849792480469,0.7744054794311523,0.2439971417188644,0.2325763404369354,297.2048034667969,297.1499938964844,293.1499938964844,0.0,-0.0,285.8845520019531,0.7351886630058289,0.2071724683046341,0.939650058746338,285.8858337402344,284.95001220703125,299.1465148925781,288.3353576660156,297.9747009277344,297.3440856933594,285.8885803222656,1.0,0.4984742999076843,0.4798109531402588,0.4798109531402588,1.0,1.0,-2.644084215164185,0.9261844158172609,1.7178999185562134,0.331060528755188,0.8676369190216064,0.8676369190216064,0.0,112.77104949951172,127.0,32322.041015625,0.0,1559.5615234375,1.0,282.4393310546875,284.69049072265625,291.3309326171875,293.3668518066406,293.1499938964844,293.1499938964844,282.75,34627.71484375,36000.0,313.1499938964844,0.0,18000.0,1.0,0.0,0.0,0.0,1.0,0.8214847445487976,1.0,0.0,0.0,3.425550937652588,3.425572633743286,7.829862624930684e-07,4.265924453735352,4.265914440155029,9.78592834144365e-06,0.0,0.0,-0.0,4811.9521484375,0.0,1287.8646240234375,1895.4371337890625,0.0,2669.329833984375,0.8542352318763733,1.0,0.0,3.0,1.0,0.0
12135180,297.3283996582031,297.1499938964844,293.1499938964844,0.0,-0.0,286.1236572265625,0.9990000128746032,0.6275182962417603,0.480562686920166,297.46112060546875,297.1499938964844,293.1499938964844,0.0,-0.0,286.123291015625,0.8899553418159485,0.3780832588672638,0.3582615256309509,297.2860412597656,297.1499938964844,293.1499938964844,0.0,-0.0,286.1228942871094,0.8178094029426575,0.2902350127696991,0.2039681375026703,297.3007507324219,297.1499938964844,293.1499938964844,0.0,-0.0,286.12261962890625,0.775238037109375,0.2473043352365493,0.2357071191072464,297.2202453613281,297.1499938964844,293.1499938964844,0.0,-0.0,286.1222229003906,0.7353222966194153,0.209431380033493,0.9498405456542968,286.12335205078125,284.95001220703125,299.1758117675781,288.3391418457031,297.9974670410156,297.363037109375,286.12579345703125,1.0,0.5042135715484619,0.4790254533290863,0.4790254533290863,1.0,1.0,-2.6752126216888428,0.9373927116394044,1.737819790840149,0.3351994156837463,0.885193943977356,0.885193943977356,0.0,115.2335433959961,130.0,32126.63671875,0.0,1614.432861328125,1.0,282.7398986816406,284.93719482421875,291.3379821777344,293.3626403808594,293.1499938964844,293.1499938964844,283.04998779296875,34284.4296875,36000.0,313.1499938964844,0.0,18000.0,1.0,0.0,0.0,0.0,1.0,0.8183348178863525,1.0,0.0,0.0,3.489135503768921,3.4891576766967773,8.123234351842257e-07,4.265924453735352,4.265914440155029,9.78592834144365e-06,0.0,0.0,-0.0,4784.8134765625,0.0,1349.1846923828125,1895.4371337890625,0.0,2640.149658203125,0.8681234121322632,1.0,0.0,3.0,1.0,0.0
12135240,297.3283996582031,297.1499938964844,293.1499938964844,0.0,-0.0,286.1236572265625,0.9990000128746032,0.6275182962417603,0.480562686920166,297.46112060546875,297.1499938964844,293.1499938964844,0.0,-0.0,286.123291015625,0.8899553418159485,0.3780832588672638,0.3582615256309509,297.2860412597656,297.1499938964844,293.1499938964844,0.0,-0.0,286.1228942871094,0.8178094029426575,0.2902350127696991,0.2039681375026703,297.3007507324219,297.1499938964844,293.1499938964844,0.0,-0.0,286.12261962890625,0.775238037109375,0.2473043352365493,0.2357071191072464,297.2202453613281,297.1499938964844,293.1499938964844,0.0,-0.0,286.1222229003906,0.7353222966194153,0.209431380033493,0.9498405456542968,286.12335205078125,284.95001220703125,299.1758117675781,288.3391418457031,297.9974670410156,297.363037109375,286.12579345703125,1.0,0.5042135715484619,0.4790254533290863,0.4790254533290863,1.0,1.0,-2.6752126216888428,0.9373927116394044,1.737819790840149,0.3351994156837463,0.885193943977356,0.885193943977356,0.0,115.2335433959961,130.0,32126.63671875,0.0,1614.432861328125,1.0,282.7398986816406,284.93719482421875,291.3379821777344,293.3626403808594,293.1499938964844,293.1499938964844,283.04998779296875,34284.4296875,36000.0,313.1499938964844,0.0,18000.0,1.0,0.0,0.0,0.0,1.0,0.8183348178863525,1.0,0.0,0.0,3.489135503768921,3.4891576766967773,8.123234351842257e-07,4.265924453735352,4.265914440155029,9.78592834144365e-06,0.0,0.0,-0.0,4784.8134765625,0.0,1349.1846923828125,1895.4371337890625,0.0,2640.149658203125,0.8681234121322632,1.0,0.0,3.0,1.0,0.0
12135300,297.3368225097656,297.1499938964844,293.1499938964844,0.0,-0.0,286.2935485839844,0.9990000128746032,0.629472017288208,0.4831060469150543,297.4705810546875,297.1499938964844,293.1499938964844,0.0,-0.0,286.2917175292969,0.8906441330909729,0.3809816539287567,0.3609710037708282,297.2947998046875,297.1499938964844,293.1499938964844,0.0,-0.0,286.28973388671875,0.8179454207420349,0.2919556200504303,0.2051557153463363,297.308349609375,297.1499938964844,293.1499938964844,0.0,-0.0,286.2882385253906,0.7756267786026001,0.2490043640136718,0.2373053431510925,297.2276611328125,297.1499938964844,293.1499938964844,0.0,-0.0,286.28631591796875,0.7353733777999878,0.2106017768383026,0.9550819993019104,286.29205322265625,284.95001220703125,299.1896057128906,288.3409423828125,298.00811767578125,297.37176513671875,286.30419921875,1.0,0.5071622729301453,0.4786326885223388,0.4786326885223388,1.0,1.0,-2.691170215606689,0.9431422352790833,1.7480279207229614,0.3373320698738098,0.8957624435424805,0.8957624435424805,0.0,116.51912689208984,130.0,31758.576171875,0.0,1643.1151123046875,1.0,282.9945983886719,285.1263122558594,291.31317138671875,293.2648620605469,293.1499938964844,293.1499938964844,283.04998779296875,34123.3828125,36000.0,313.1499938964844,0.0,18000.0,1.0,0.0,0.0,0.0,1.0,0.8142874836921692,1.0,0.0,0.0,3.524747133255005,3.5247695446014404,8.289898687507957e-07,4.265924453735352,4.265914440155029,9.78592834144365e-06,0.0,0.0,-0.0,4939.02099609375,0.0,1384.6728515625,1895.4371337890625,0.0,2602.731201171875,0.8759889602661133,1.0,0.0,3.0,1.0,0.0
12135360,297.3458557128906,297.1499938964844,293.1499938964844,0.0,-0.0,286.35791015625,0.9990000128746032,0.6315438747406006,0.4854830503463745,297.4803161621094,297.1499938964844,293.1499938964844,0.0,-0.0,286.3575744628906,0.8915310502052307,0.3839670121669769,0.3638009130954742,297.3038024902344,297.1499938964844,293.1499938964844,0.0,-0.0,286.35723876953125,0.8182711601257324,0.2937566936016083,0.2064256519079208,297.3161315917969,297.1499938964844,293.1499938964844,0.0,-0.0,286.3569641113281,0.77619868516922,0.2507725656032562,0.2389917224645614,297.2351989746094,297.1499938964844,293.1499938964844,0.0,-0.0,286.35662841796875,0.7355876564979553,0.2118339538574218,0.9606857299804688,286.3576354980469,284.95001220703125,299.20281982421875,288.3426818847656,298.0188903808594,297.3812866210937,286.3598022460937,1.0,0.5101706385612488,0.4781197607517242,0.4781197607517242,1.0,1.0,-2.707712888717652,0.948905110359192,1.75880765914917,0.3393451273441314,0.905862033367157,0.905862033367157,0.0,117.78458404541016,133.0,31937.818359375,0.0,1672.8621826171875,1.0,283.04071044921875,285.1801452636719,291.3430480957031,293.3565979003906,293.1499938964844,293.1499938964844,282.75,34006.0546875,36000.0,313.1499938964844,0.0,18000.0,1.0,0.0,0.0,0.0,1.0,0.8154199123382568,1.0,0.0,0.0,3.563068151473999,3.5630910396575928,8.471134833598626e-07,4.265924453735352,4.265914440155029,9.78592834144365e-06,0.0,0.0,-0.0,5283.97900390625,0.0,1424.0225830078125,1895.4371337890625,0.0,2613.191650390625,0.884428083896637,1.0,0.0,3.0,1.0,0.0
12135420,297.328125,297.1499938964844,293.1499938964844,0.0,-0.0,286.1464233398437,0.9990000128746032,0.6322833895683289,0.4924416840076446,297.48260498046875,297.1499938964844,293.1499938964844,0.0,-0.0,286.146728515625,0.8911415338516235,0.3884091675281524,0.3685457408428192,297.3059997558594,297.1499938964844,293.1499938964844,0.0,-0.0,286.1470947265625,0.8169875741004944,0.2959500551223755,0.2083462923765182,297.319580078125,297.1499938964844,293.1499938964844,0.0,-0.0,286.1473693847656,0.7754763960838318,0.253244549036026,0.2417527437210083,297.2394104003906,297.1499938964844,293.1499938964844,0.0,-0.0,286.147705078125,0.7344008088111877,0.2133568823337555,0.9693784117698668,286.1466979980469,284.95001220703125,299.2275390625,288.34600830078125,298.0229797363281,297.3747863769531,286.1446228027344,1.0,0.5161311626434326,0.4770939350128174,0.4770939350128174,1.0,1.0,-2.737855672836304,0.959159016609192,1.7786966562271118,0.3428652882575989,0.9201556444168092,0.9201556444168092,0.0,120.8778839111328,136.0,32948.0859375,0.0,1731.577392578125,1.0,282.7582092285156,284.9307556152344,291.44793701171875,293.60357666015625,293.1499938964844,293.1499938964844,282.45001220703125,34176.8984375,36000.0,313.1499938964844,0.0,18000.0,1.0,0.0,0.0,0.0,1.0,0.8410934209823608,1.0,0.0,0.0,3.6321115493774414,3.632135152816773,8.802613820080296e-07,4.265924453735352,4.265914440155029,9.78592834144365e-06,0.0,0.0,-0.0,5424.27001953125,0.0,1499.7838134765625,1895.4371337890625,0.0,2851.9326171875,0.8999781608581543,1.0,0.0,3.0,1.0,0.0
12135480,297.328125,297.1499938964844,293.1499938964844,0.0,-0.0,286.1464233398437,0.9990000128746032,0.6322833895683289,0.4924416840076446,297.48260498046875,297.1499938964844,293.1499938964844,0.0,-0.0,286.146728515625,0.8911415338516235,0.3884091675281524,0.3685457408428192,297.3059997558594,297.1499938964844,293.1499938964844,0.0,-0.0,286.1470947265625,0.8169875741004944,0.2959500551223755,0.2083462923765182,297.319580078125,297.1499938964844,293.1499938964844,0.0,-0.0,286.1473693847656,0.7754763960838318,0.253244549036026,0.2417527437210083,297.2394104003906,297.1499938964844,293.1499938964844,0.0,-0.0,286.147705078125,0.7344008088111877,0.2133568823337555,0.9693784117698668,286.1466979980469,284.95001220703125,299.2275390625,288.34600830078125,298.0229797363281,297.3747863769531,286.1446228027344,1.0,0.5161311626434326,0.4770939350128174,0.4770939350128174,1.0,1.0,-2.737855672836304,0.959159016609192,1.7786966562271118,0.3428652882575989,0.9201556444168092,0.9201556444168092,0.0,120.8778839111328,136.0,32948.0859375,0.0,1731.577392578125,1.0,282.7582092285156,284.9307556152344,291.44793701171875,293.60357666015625,293.1499938964844,293.1499938964844,282.45001220703125,34176.8984375,36000.0,313.1499938964844,0.0,18000.0,1.0,0.0,0.0,0.0,1.0,0.8410934209823608,1.0,0.0,0.0,3.6321115493774414,3.632135152816773,8.802613820080296e-07,4.265924453735352,4.265914440155029,9.78592834144365e-06,0.0,0.0,-0.0,5424.27001953125,0.0,1499.7838134765625,1895.4371337890625,0.0,2851.9326171875,0.8999781608581543,1.0,0.0,3.0,1.0,0.0
12135540,297.2842712402344,297.1499938964844,293.1499938964844,0.0,-0.0,285.9239501953125,0.9990000128746032,0.6296453475952148,0.5000476837158203,297.47314453125,297.1499938964844,293.1499938964844,0.0,-0.0,285.9247131347656,0.8885343670845032,0.3906746506690979,0.37105393409729,297.297119140625,297.1499938964844,293.1499938964844,0.0,-0.0,285.925537109375,0.8138763308525085,0.2965735793113708,0.2090471386909485,297.3133239746094,297.1499938964844,293.1499938964844,0.0,-0.0,285.9261474609375,0.7728402018547058,0.2542590498924255,0.2430283725261688,297.2343444824219,297.1499938964844,293.1499938964844,0.0,-0.0,285.9269714355469,0.7316446900367737,0.2137190401554107,0.9724255204200744,285.9245910644531,284.95001220703125,299.24481201171875,288.3483581542969,298.01544189453125,297.3544616699219,285.9197692871094,1.0,0.520374596118927,0.4763143062591553,0.4763143062591553,1.0,1.0,-2.7560524940490723,0.9650118350982666,1.7910406589508057,0.3446645438671112,0.9281020760536194,0.9281020760536194,0.0,123.77159118652344,136.0,33803.64453125,0.0,1772.4144287109375,1.0,282.4697570800781,284.67608642578125,291.4692687988281,293.72039794921875,293.1499938964844,293.1499938964844,282.45001220703125,34410.71875,36000.0,313.1499938964844,0.0,18000.0,1.0,0.0,0.0,0.0,1.0,0.8617259860038757,1.0,0.0,0.0,3.67708420753479,3.6771082878112793,9.021950972964988e-07,4.265924453735352,4.265914440155029,9.78592834144365e-06,0.0,0.0,-0.0,5227.271484375,0.0,1551.5308837890625,1895.4371337890625,0.0,3045.19384765625,0.9102097153663636,1.0,0.0,3.0,1.0,0.0
12135600,297.2669982910156,297.1499938964844,293.1499938964844,0.0,-0.0,285.9053955078125,0.9990000128746032,0.6283857822418213,0.5027444958686829,297.4693603515625,297.1499938964844,293.1499938964844,0.0,-0.0,285.9057312011719,0.8874123096466064,0.3912912905216217,0.3716814517974853,297.29351806640625,297.1499938964844,293.1499938964844,0.0,-0.0,285.9061279296875,0.812600314617157,0.2966744899749756,0.2091539949178695,297.310546875,297.1499938964844,293.1499938964844,0.0,-0.0,285.9064025878906,0.7717285752296448,0.2544874250888824,0.24329873919487,297.2319030761719,297.1499938964844,293.1499938964844,0.0,-0.0,285.9067687988281,0.7305206060409546,0.2137406319379806,0.9728034734725952,285.9057006835937,284.95001220703125,299.25,288.3490905761719,298.0127258300781,297.3477478027344,285.90350341796875,1.0,0.5216436386108398,0.4760681092739105,0.4760681092739105,1.0,1.0,-2.760956287384033,0.9665150046348572,1.7944412231445312,0.3450712561607361,0.9309346079826356,0.9309346079826356,0.0,124.75059509277344,139.0,33873.8359375,0.0,1784.4420166015625,1.0,282.4581604003906,284.656494140625,291.4468994140625,293.684814453125,293.1499938964844,293.1499938964844,282.1499938964844,34463.6875,36000.0,313.1499938964844,0.0,18000.0,1.0,0.0,0.0,0.0,1.0,0.8646837472915649,1.0,0.0,0.0,3.690120697021485,3.6901447772979736,9.086035674954474e-07,4.265924453735352,4.265914440155029,9.78592834144365e-06,0.0,0.0,-0.0,5509.9296875,0.0,1566.643310546875,1895.4371337890625,0.0,3072.9384765625,0.91318541765213,1.0,0.0,3.0,1.0,0.0
12135660,297.1795349121094,297.1499938964844,293.1499938964844,0.0,-0.0,285.6637878417969,0.9990000128746032,0.6210249662399292,0.5144714117050171,297.44927978515625,297.1499938964844,293.1499938964844,0.0,-0.0,285.66412353515625,0.8822304010391235,0.3933068513870239,0.3738890588283539,297.2746276855469,297.1499938964844,293.1499938964844,0.0,-0.0,285.6644897460937,0.806637167930603,0.2965819835662842,0.2093131840229034,297.295166015625,297.1499938964844,293.1499938964844,0.0,-0.0,285.66473388671875,0.766572117805481,0.2549678385257721,0.2440481930971145,297.2174377441406,297.1499938964844,293.1499938964844,0.0,-0.0,285.66510009765625,0.725254476070404,0.2133184224367141,0.9724273681640624,285.6640625,284.95001220703125,299.27130126953125,288.3548583984375,298.0029602050781,297.3225402832031,285.6620178222656,1.0,0.526572585105896,0.4749832153320312,0.4749832153320312,1.0,1.0,-2.7783474922180176,0.9714153409004213,1.806932091712952,0.3460935950279236,0.9384717345237732,0.9384717345237732,0.0,128.91868591308594,127.0,34737.75,0.0,1830.71337890625,1.0,282.15771484375,284.3838195800781,291.4209289550781,293.7139587402344,293.1499938964844,293.1499938964844,281.8500061035156,34781.27734375,36000.0,313.1499938964844,0.0,18000.0,1.0,0.0,0.0,0.0,1.0,0.8809373378753662,1.0,0.0,0.0,3.736239671707153,3.736264228820801,9.314568387708276e-07,4.265924453735352,4.265914440155029,9.78592834144365e-06,0.0,0.0,-0.0,5586.00146484375,0.0,1621.91357421875,1895.4371337890625,0.0,3225.364013671875,0.9237577319145204,1.0,0.0,3.0,1.0,0.0
12135720,297.1795349121094,297.1499938964844,293.1499938964844,0.0,-0.0,285.6637878417969,0.9990000128746032,0.6210249662399292,0.5144714117050171,297.44927978515625,297.1499938964844,293.1499938964844,0.0,-0.0,285.66412353515625,0.8822304010391235,0.3933068513870239,0.3738890588283539,297.2746276855469,297.1499938964844,293.1499938964844,0.0,-0.0,285.6644897460937,0.806637167930603,0.2965819835662842,0.2093131840229034,297.295166015625,297.1499938964844,293.1499938964844,0.0,-0.0,285.66473388671875,0.766572117805481,0.2549678385257721,0.2440481930971145,297.2174377441406,297.1499938964844,293.1499938964844,0.0,-0.0,285.66510009765625,0.725254476070404,0.2133184224367141,0.9724273681640624,285.6640625,284.95001220703125,299.27130126953125,288.3548583984375,298.0029602050781,297.3225402832031,285.6620178222656,1.0,0.526572585105896,0.4749832153320312,0.4749832153320312,1.0,1.0,-2.7783474922180176,0.9714153409004213,1.806932091712952,0.3460935950279236,0.9384717345237732,0.9384717345237732,0.0,128.91868591308594,127.0,34737.75,0.0,1830.71337890625,1.0,282.15771484375,284.3838195800781,291.4209289550781,293.7139587402344,293.1499938964844,293.1499938964844,281.8500061035156,34781.27734375,36000.0,313.1499938964844,0.0,18000.0,1.0,0.0,0.0,0.0,1.0,0.8809373378753662,1.0,0.0,0.0,3.736239671707153,3.736264228820801,9.314568387708276e-07,4.265924453735352,4.265914440155029,9.78592834144365e-06,0.0,0.0,-0.0,5586.00146484375,0.0,1621.91357421875,1895.4371337890625,0.0,3225.364013671875,0.9237577319145204,1.0,0.0,3.0,1.0,0.0
12135780,297.0949401855469,297.1499938964844,293.1499938964844,0.0,-0.0,285.42010498046875,0.9990000128746032,0.6128004193305969,0.5144216418266296,297.4259338378906,297.1499938964844,293.1499938964844,0.0,-0.0,285.42047119140625,0.8834425806999207,0.3947374522686004,0.3753602802753448,297.2528686523437,297.1499938964844,293.1499938964844,0.0,-0.0,285.4208374023437,0.8062060475349426,0.2959589958190918,0.208963081240654,297.2764892578125,297.1499938964844,293.1499938964844,0.0,-0.0,285.4211120605469,0.7666683793067932,0.2549189329147339,0.2441163808107376,297.1982116699219,297.1499938964844,293.1499938964844,0.0,-0.0,285.4214782714844,0.7243084907531738,0.2122278809547424,0.9682486057281494,285.42041015625,284.95001220703125,299.2925720214844,288.36602783203125,297.9960021972656,297.3030090332031,285.4180908203125,1.0,0.5255209803581238,0.4738982915878296,0.4738982915878296,1.0,1.0,-2.774722099304199,0.9677850604057312,1.8069369792938232,0.3435513377189636,0.9427348375320436,0.9427348375320436,0.0,128.78414916992188,115.0,35443.89453125,0.0,1824.4921875,1.0,281.8574523925781,284.1083374023437,291.4066162109375,293.7412109375,293.1499938964844,293.1499938964844,281.54998779296875,35105.00390625,36000.0,313.1499938964844,0.0,18000.0,1.0,0.0,0.0,0.0,1.0,0.8919022083282471,1.0,0.0,0.0,3.77030086517334,3.7703258991241455,9.485173677603598e-07,4.265924453735352,4.265914440155029,9.78592834144365e-06,0.0,0.0,-0.0,5656.607421875,0.0,1664.255859375,1895.4371337890625,0.0,3327.99267578125,0.9316287636756896,1.0,0.0,3.0,1.0,0.0
12135840,297.0949401855469,297.1499938964844,293.1499938964844,0.0,-0.0,285.42010498046875,0.9990000128746032,0.6128004193305969,0.5144216418266296,297.4259338378906,297.1499938964844,293.1499938964844,0.0,-0.0,285.42047119140625,0.8834425806999207,0.3947374522686004,0.3753602802753448,297.2528686523437,297.1499938964844,293.1499938964844,0.0,-0.0,285.4208374023437,0.8062060475349426,0.2959589958190918,0.208963081240654,297.2764892578125,297.1499938964844,293.1499938964844,0.0,-0.0,285.4211120605469,0.7666683793067932,0.2549189329147339,0.2441163808107376,297.1982116699219,297.1499938964844,293.1499938964844,0.0,-0.0,285.4214782714844,0.7243084907531738,0.2122278809547424,0.9682486057281494,285.42041015625,284.95001220703125,299.2925720214844,288.36602783203125,297.9960021972656,297.3030090332031,285.4180908203125,1.0,0.5255209803581238,0.4738982915878296,0.4738982915878296,1.0,1.0,-2.774722099304199,0.9677850604057312,1.8069369792938232,0.3435513377189636,0.9427348375320436,0.9427348375320436,0.0,128.78414916992188,115.0,35443.89453125,0.0,1824.4921875,1.0,281.8574523925781,284.1083374023437,291.4066162109375,293.7412109375,293.1499938964844,293.1499938964844,281.54998779296875,35105.00390625,36000.0,313.1499938964844,0.0,18000.0,1.0,0.0,0.0,0.0,1.0,0.8919022083282471,1.0,0.0,0.0,3.77030086517334,3.7703258991241455,9.485173677603598e-07,4.265924453735352,4.265914440155029,9.78592834144365e-06,0.0,0.0,-0.0,5656.607421875,0.0,1664.255859375,1895.4371337890625,0.0,3327.99267578125,0.9316287636756896,1.0,0.0,3.0,1.0,0.0
12135900,297.0659484863281,297.1499938964844,293.1499938964844,0.0,-0.0,285.2578430175781,0.9990000128746032,0.6096044182777405,0.5105639696121216,297.41436767578125,297.1499938964844,293.1499938964844,0.0,-0.0,285.2594909667969,0.8861894607543945,0.3953511714935303,0.3759447634220123,297.2421875,297.1499938964844,293.1499938964844,0.0,-0.0,285.26141357421875,0.8078942894935608,0.2955643534660339,0.2086870372295379,297.26708984375,297.1499938964844,293.1499938964844,0.0,-0.0,285.2626647949219,0.7684757709503174,0.2547963559627533,0.2439971417188644,297.18817138671875,297.1499938964844,293.1499938964844,0.0,-0.0,285.2645568847656,0.7252945899963379,0.2115501016378402,0.9652137160301208,285.25927734375,284.95001220703125,299.3031921386719,288.3735656738281,297.9914855957031,297.2921142578125,285.2484741210937,1.0,0.5234102606773376,0.4733558297157287,0.4733558297157287,1.0,1.0,-2.7666726112365723,0.9634639024734496,1.8032087087631223,0.3410821259021759,0.9432397484779358,0.9432397484779358,0.0,127.3216552734375,115.0,36185.26953125,0.0,1805.25634765625,1.0,281.5979919433594,283.9037170410156,291.4331970214844,293.8617553710937,293.1499938964844,293.1499938964844,281.54998779296875,35268.5390625,36000.0,313.1499938964844,0.0,18000.0,1.0,0.0,0.0,0.0,1.0,0.8987874984741211,1.0,0.0,0.0,3.783231019973755,3.78325629234314,9.550344657327514e-07,4.265924453735352,4.265914440155029,9.78592834144365e-06,0.0,0.0,-0.0,5470.4248046875,0.0,1680.8350830078125,1895.4371337890625,0.0,3392.279052734375,0.9346137642860411,1.0,0.0,3.0,1.0,0.0
12135960,297.045654296875,297.1499938964844,293.1499938964844,0.0,-0.0,285.1949157714844,0.9990000128746032,0.6070740222930908,0.5048549175262451,297.4026794433594,297.1499938964844,293.1499938964844,0.0,-0.0,285.1952819824219,0.889958381652832,0.3958761096000671,0.3763751983642578,297.2314758300781,297.1499938964844,293.1499938964844,0.0,-0.0,285.1957397460937,0.8104267120361328,0.2950949370861053,0.2083121389150619,297.2575378417969,297.1499938964844,293.1499938964844,0.0,-0.0,285.196044921875,0.7711265087127686,0.2545996606349945,0.2437546402215957,297.1781005859375,297.1499938964844,293.1499938964844,0.0,-0.0,285.1965026855469,0.7269771695137024,0.2108021974563598,0.9616003632545472,285.1952514648437,284.95001220703125,299.3138122558594,288.3822937011719,297.9872741699219,297.2813415527344,285.1925048828125,1.0,0.520437479019165,0.4730788171291351,0.4730788171291351,1.0,1.0,-2.7552499771118164,0.9582776427268982,1.796972393989563,0.3384909033775329,0.9441840648651124,0.9441840648651124,0.0,125.1912612915039,103.0,36160.8125,0.0,1777.8740234375,1.0,281.55718994140625,283.8399658203125,291.40985107421875,293.7854919433594,293.1499938964844,293.1499938964844,281.25,35408.34375,36000.0,313.1499938964844,0.0,18000.0,1.0,0.0,0.0,0.0,1.0,0.9001865386962891,1.0,0.0,0.0,3.7930774688720703,3.793102741241455,9.600121302355549e-07,4.265924453735352,4.265914440155029,9.78592834144365e-06,0.0,0.0,-0.0,5733.98583984375,0.0,1693.65087890625,1895.4371337890625,0.0,3405.322998046875,0.9369481801986694,1.0,0.0,3.0,1.0,0.0
12136020,297.0300598144531,297.1499938964844,293.1499938964844,0.0,-0.0,284.96356201171875,0.9990000128746032,0.6041431427001953,0.4882850646972656,297.38006591796875,297.1499938964844,293.1499938964844,0.0,-0.0,284.96392822265625,0.9008088707923888,0.396786630153656,0.3770953118801117,297.2109680175781,297.1499938964844,293.1499938964844,0.0,-0.0,284.96441650390625,0.8180960416793823,0.2940491735935211,0.2074760943651199,297.2391052246094,297.1499938964844,293.1499938964844,0.0,-0.0,284.9647521972656,0.7792152762413025,0.2540931403636932,0.2431293874979019,297.1593933105469,297.1499938964844,293.1499938964844,0.0,-0.0,284.9652404785156,0.7326715588569641,0.2092605978250503,0.9538809657096864,284.9638977050781,284.95001220703125,299.3349914550781,288.4032592773437,297.9798278808594,297.2618103027344,284.9609375,1.0,0.512444019317627,0.4725247621536255,0.4725247621536255,1.0,1.0,-2.725178003311157,0.9450700283050536,1.780108094215393,0.33205246925354,0.9425015449523926,0.9425015449523926,0.0,119.2340087890625,106.0,36737.6953125,0.0,1705.1556396484375,1.0,281.2570495605469,283.569091796875,291.4230041503906,293.8343200683594,293.1499938964844,293.1499938964844,280.95001220703125,35710.2265625,36000.0,313.1499938964844,0.0,18000.0,1.0,0.0,0.0,0.0,1.0,0.9070586562156676,1.0,0.0,0.0,3.804684400558472,3.804709911346436,9.658964472691878e-07,4.265924453735352,4.265914440155029,9.78592834144365e-06,0.0,0.0,-0.0,5804.8984375,0.0,1709.9083251953125,1895.4371337890625,0.0,3469.286865234375,0.9397522807121276,1.0,0.0,3.0,1.0,0.0
12136080,297.0300598144531,297.1499938964844,293.1499938964844,0.0,-0.0,284.96356201171875,0.9990000128746032,0.6041431427001953,0.4882850646972656,297.38006591796875,297.1499938964844,293.1499938964844,0.0,-0.0,284.96392822265625,0.9008088707923888,0.396786630153656,0.3770953118801117,297.2109680175781,297.1499938964844,293.1499938964844,0.0,-0.0,284.96441650390625,0.8180960416793823,0.2940491735935211,0.2074760943651199,297.2391052246094,297.1499938964844,293.1499938964844,0.0,-0.0,284.9647521972656,0.7792152762413025,0.2540931403636932,0.2431293874979019,297.1593933105469,297.1499938964844,293.1499938964844,0.0,-0.0,284.9652404785156,0.7326715588569641,0.2092605978250503,0.9538809657096864,284.9638977050781,284.95001220703125,299.3349914550781,288.4032592773437,297.9798278808594,297.2618103027344,284.9609375,1.0,0.512444019317627,0.4725247621536255,0.4725247621536255,1.0,1.0,-2.725178003311157,0.9450700283050536,1.780108094215393,0.33205246925354,0.9425015449523926,0.9425015449523926,0.0,119.2340087890625,106.0,36737.6953125,0.0,1705.1556396484375,1.0,281.2570495605469,283.569091796875,291.4230041503906,293.8343200683594,293.1499938964844,293.1499938964844,280.95001220703125,35710.2265625,36000.0,313.1499938964844,0.0,18000.0,1.0,0.0,0.0,0.0,1.0,0.9070586562156676,1.0,0.0,0.0,3.804684400558472,3.804709911346436,9.658964472691878e-07,4.265924453735352,4.265914440155029,9.78592834144365e-06,0.0,0.0,-0.0,5804.8984375,0.0,1709.9083251953125,1895.4371337890625,0.0,3469.286865234375,0.9397522807121276,1.0,0.0,3.0,1.0,0.0
12136140,297.0276794433594,297.1499938964844,293.1499938964844,0.0,-0.0,284.7450561523437,0.9990000128746032,0.6023918986320496,0.4790311455726623,297.3589782714844,297.1499938964844,293.1499938964844,0.0,-0.0,284.7453308105469,0.9074146151542664,0.3975634276866913,0.3777459561824798,297.1920166015625,297.1499938964844,293.1499938964844,0.0,-0.0,284.7456970214844,0.8219450116157532,0.2929002046585083,0.206613540649414,297.22198486328125,297.1499938964844,293.1499938964844,0.0,-0.0,284.74591064453125,0.7835964560508728,0.2534884512424469,0.242472693324089,297.1431884765625,297.1499938964844,293.1499938964844,0.0,-0.0,284.7463073730469,0.7352540493011475,0.2077370285987854,0.9465289115905762,284.74530029296875,284.95001220703125,299.35614013671875,288.42852783203125,297.9736633300781,297.24383544921875,284.7432556152344,1.0,0.5077791213989258,0.4719707071781158,0.4719707071781158,1.0,1.0,-2.7041611671447754,0.9355463981628418,1.7686148881912231,0.3269674181938171,0.9379623532295228,0.9379623532295228,0.0,115.82003021240234,109.0,37478.0859375,0.0,1658.671630859375,1.0,280.95703125,283.3141174316406,291.444580078125,293.89483642578125,293.1499938964844,293.1499938964844,280.6499938964844,36005.50390625,36000.0,313.1499938964844,0.0,18000.0,1.0,0.0,0.0,0.0,1.0,0.9130514860153198,1.0,0.0,0.0,3.805268526077272,3.8052942752838135,9.661930562288037e-07,4.265924453735352,4.265914440155029,9.78592834144365e-06,0.0,0.0,-0.0,5889.72216796875,0.0,1712.913818359375,1895.4371337890625,0.0,3524.90087890625,0.9400742650032043,1.0,0.0,3.0,1.0,0.0
12136200,297.0276794433594,297.1499938964844,293.1499938964844,0.0,-0.0,284.7450561523437,0.9990000128746032,0.6023918986320496,0.4790311455726623,297.3589782714844,297.1499938964844,293.1499938964844,0.0,-0.0,284.7453308105469,0.9074146151542664,0.3975634276866913,0.3777459561824798,297.1920166015625,297.1499938964844,293.1499938964844,0.0,-0.0,284.7456970214844,0.8219450116157532,0.2929002046585083,0.206613540649414,297.22198486328125,297.1499938964844,293.1499938964844,0.0,-0.0,284.74591064453125,0.7835964560508728,0.2534884512424469,0.242472693324089,297.1431884765625,297.1499938964844,293.1499938964844,0.0,-0.0,284.7463073730469,0.7352540493011475,0.2077370285987854,0.9465289115905762,284.74530029296875,284.95001220703125,299.35614013671875,288.42852783203125,297.9736633300781,297.24383544921875,284.7432556152344,1.0,0.5077791213989258,0.4719707071781158,0.4719707071781158,1.0,1.0,-2.7041611671447754,0.9355463981628418,1.7686148881912231,0.3269674181938171,0.9379623532295228,0.9379623532295228,0.0,115.82003021240234,109.0,37478.0859375,0.0,1658.671630859375,1.0,280.95703125,283.3141174316406,291.444580078125,293.89483642578125,293.1499938964844,293.1499938964844,280.6499938964844,36005.50390625,36000.0,313.1499938964844,0.0,18000.0,1.0,0.0,0.0,0.0,1.0,0.9130514860153198,1.0,0.0,0.0,3.805268526077272,3.8052942752838135,9.661930562288037e-07,4.265924453735352,4.265914440155029,9.78592834144365e-06,0.0,0.0,-0.0,5889.72216796875,0.0,1712.913818359375,1895.4371337890625,0.0,3524.90087890625,0.9400742650032043,1.0,0.0,3.0,1.0,0.0
12136260,297.012451171875,297.1499938964844,293.1499938964844,0.0,-0.0,284.5410461425781,0.9990000128746032,0.5993202924728394,0.4757674932479858,297.3397827148437,297.1499938964844,293.1499938964844,0.0,-0.0,284.541259765625,0.9102566838264464,0.3982634842395782,0.3783890604972839,297.1748352050781,297.1499938964844,293.1499938964844,0.0,-0.0,284.54156494140625,0.822634220123291,0.2916910648345947,0.2057579308748245,297.2064208984375,297.1499938964844,293.1499938964844,0.0,-0.0,284.541748046875,0.7847129106521606,0.2528226375579834,0.2418251633644104,297.1288452148437,297.1499938964844,293.1499938964844,0.0,-0.0,284.5420837402344,0.7351168394088745,0.2061963826417923,0.9395129084587096,284.541259765625,284.95001220703125,299.3772277832031,288.4577331542969,297.9691772460937,297.2265014648437,284.5395812988281,1.0,0.5052045583724976,0.4721180498600006,0.4721180498600006,1.0,1.0,-2.6907691955566406,0.930406928062439,1.760362148284912,0.3247052431106567,0.9308257102966307,0.9308257102966307,0.0,114.41734313964844,112.0,38340.91796875,0.0,1632.930908203125,1.0,280.6570739746094,283.07421875,291.4773254394531,293.9771728515625,293.1499938964844,293.1499938964844,280.3500061035156,36293.90625,36000.0,313.1499938964844,0.0,18000.0,1.0,0.0,0.0,0.0,1.0,0.919812023639679,1.0,0.0,0.0,3.795196294784546,3.7952218055725098,9.610849929231335e-07,4.265924453735352,4.265914440155029,9.78592834144365e-06,0.0,0.0,-0.0,5988.7236328125,0.0,1703.072509765625,1895.4371337890625,0.0,3587.42333984375,0.9379958510398864,1.0,0.0,3.0,1.0,0.0
12136320,297.012451171875,297.1499938964844,293.1499938964844,0.0,-0.0,284.5410461425781,0.9990000128746032,0.5993202924728394,0.4757674932479858,297.3397827148437,297.1499938964844,293.1499938964844,0.0,-0.0,284.541259765625,0.9102566838264464,0.3982634842395782,0.3783890604972839,297.1748352050781,297.1499938964844,293.1499938964844,0.0,-0.0,284.54156494140625,0.822634220123291,0.2916910648345947,0.2057579308748245,297.2064208984375,297.1499938964844,293.1499938964844,0.0,-0.0,284.541748046875,0.7847129106521606,0.2528226375579834,0.2418251633644104,297.1288452148437,297.1499938964844,293.1499938964844,0.0,-0.0,284.5420837402344,0.7351168394088745,0.2061963826417923,0.9395129084587096,284.541259765625,284.95001220703125,299.3772277832031,288.4577331542969,297.9691772460937,297.2265014648437,284.5395812988281,1.0,0.5052045583724976,0.4721180498600006,0.4721180498600006,1.0,1.0,-2.6907691955566406,0.930406928062439,1.760362148284912,0.3247052431106567,0.9308257102966307,0.9308257102966307,0.0,114.41734313964844,112.0,38340.91796875,0.0,1632.930908203125,1.0,280.6570739746094,283.07421875,291.4773254394531,293.9771728515625,293.1499938964844,293.1499938964844,280.3500061035156,36293.90625,36000.0,313.1499938964844,0.0,18000.0,1.0,0.0,0.0,0.0,1.0,0.919812023639679,1.0,0.0,0.0,3.795196294784546,3.7952218055725098,9.610849929231335e-07,4.265924453735352,4.265914440155029,9.78592834144365e-06,0.0,0.0,-0.0,5988.7236328125,0.0,1703.072509765625,1895.4371337890625,0.0,3587.42333984375,0.9379958510398864,1.0,0.0,3.0,1.0,0.0
12136380,296.9818115234375,297.1499938964844,293.1499938964844,0.0,-0.0,284.3448791503906,0.9990000128746032,0.5944890379905701,0.4766200184822082,297.3219909667969,297.1499938964844,293.1499938964844,0.0,-0.0,284.34503173828125,0.9101881980895996,0.3988645374774933,0.3789900243282318,297.1590576171875,297.1499938964844,293.1499938964844,0.0,-0.0,284.3453063964844,0.8210852742195129,0.2904066443443298,0.2048861533403396,297.1921081542969,297.1499938964844,293.1499938964844,0.0,-0.0,284.345458984375,0.7834915518760681,0.252084344625473,0.2411577701568603,297.1154479980469,297.1499938964844,293.1499938964844,0.0,-0.0,284.3457336425781,0.7329871654510498,0.2045692652463913,0.9323942065238952,284.34503173828125,284.95001220703125,299.39825439453125,288.4905090332031,297.9652099609375,297.2095642089844,284.3437194824219,1.0,0.504108726978302,0.4722654223442077,0.4722654223442077,1.0,1.0,-2.682108163833618,0.927211582660675,1.7548964023590088,0.3233598172664642,0.9211270809173584,0.9211270809173584,0.0,114.34911346435548,115.0,39220.390625,0.0,1620.2415771484375,1.0,280.357177734375,282.8429870605469,291.5137939453125,294.0668640136719,293.1499938964844,293.1499938964844,280.04998779296875,36588.9375,36000.0,313.1499938964844,0.0,18000.0,1.0,0.0,0.0,0.0,1.0,0.9273558855056764,1.0,0.0,0.0,3.774207353591919,3.774232625961304,9.504839795226872e-07,4.265924453735352,4.265914440155029,9.78592834144365e-06,0.0,0.0,-0.0,6091.7939453125,0.0,1680.3521728515625,1895.4371337890625,0.0,3656.8818359375,0.9334734082221984,1.0,0.0,3.0,1.0,0.0
12136440,296.9818115234375,297.1499938964844,293.1499938964844,0.0,-0.0,284.3448791503906,0.9990000128746032,0.5944890379905701,0.4766200184822082,297.3219909667969,297.1499938964844,293.1499938964844,0.0,-0.0,284.34503173828125,0.9101881980895996,0.3988645374774933,0.3789900243282318,297.1590576171875,297.1499938964844,293.1499938964844,0.0,-0.0,284.3453063964844,0.8210852742195129,0.2904066443443298,0.2048861533403396,297.1921081542969,297.1499938964844,293.1499938964844,0.0,-0.0,284.345458984375,0.7834915518760681,0.252084344625473,0.2411577701568603,297.1154479980469,297.1499938964844,293.1499938964844,0.0,-0.0,284.3457336425781,0.7329871654510498,0.2045692652463913,0.9323942065238952,284.34503173828125,284.95001220703125,299.39825439453125,288.4905090332031,297.9652099609375,297.2095642089844,284.3437194824219,1.0,0.504108726978302,0.4722654223442077,0.4722654223442077,1.0,1.0,-2.682108163833618,0.927211582660675,1.7548964023590088,0.3233598172664642,0.9211270809173584,0.9211270809173584,0.0,114.34911346435548,115.0,39220.390625,0.0,1620.2415771484375,1.0,280.357177734375,282.8429870605469,291.5137939453125,294.0668640136719,293.1499938964844,293.1499938964844,280.04998779296875,36588.9375,36000.0,313.1499938964844,0.0,18000.0,1.0,0.0,0.0,0.0,1.0,0.9273558855056764,1.0,0.0,0.0,3.774207353591919,3.774232625961304,9.504839795226872e-07,4.265924453735352,4.265914440155029,9.78592834144365e-06,0.0,0.0,-0.0,6091.7939453125,0.0,1680.3521728515625,1895.4371337890625,0.0,3656.8818359375,0.9334734082221984,1.0,0.0,3.0,1.0,0.0
12136500,296.96142578125,297.1499938964844,293.1499938964844,0.0,-0.0,284.2010192871094,0.9990000128746032,0.5914272665977478,0.478152185678482,297.3136901855469,297.1499938964844,293.1499938964844,0.0,-0.0,284.2021789550781,0.90938800573349,0.3991396427154541,0.3793033361434936,297.1517639160156,297.1499938964844,293.1499938964844,0.0,-0.0,284.2040405273437,0.8197294473648071,0.2897491455078125,0.2044631242752075,297.1854248046875,297.1499938964844,293.1499938964844,0.0,-0.0,284.2051086425781,0.7822732925415039,0.2516976594924927,0.2408338636159896,297.1090393066406,297.1499938964844,293.1499938964844,0.0,-0.0,284.2070617675781,0.731391429901123,0.2037219107151031,0.928801953792572,284.20220947265625,284.95001220703125,299.40875244140625,288.50811767578125,297.96356201171875,297.2015380859375,284.1927185058594,1.0,0.5039696097373962,0.4723390936851501,0.4723390936851501,1.0,1.0,-2.679110050201416,0.926149606704712,1.7529605627059937,0.3229320347309112,0.9147658348083496,0.9147658348083496,0.0,114.67581176757812,115.0,40062.64453125,0.0,1617.465576171875,1.0,280.09820556640625,282.6622314453125,291.5580139160156,294.2129821777344,293.1499938964844,293.1499938964844,280.04998779296875,36754.8046875,36000.0,313.1499938964844,0.0,18000.0,1.0,0.0,0.0,0.0,1.0,0.9336786270141602,1.0,0.0,0.0,3.759615182876587,3.759640455245972,9.431485068489564e-07,4.265924453735352,4.265914440155029,9.78592834144365e-06,0.0,0.0,-0.0,5896.18798828125,0.0,1664.3917236328125,1895.4371337890625,0.0,3714.81298828125,0.9302736520767212,1.0,0.0,3.0,1.0,0.0
12136560,296.9375,297.1499938964844,293.1499938964844,0.0,-0.0,284.1559753417969,0.9990000128746032,0.5878840088844299,0.4804702699184418,297.3053283691406,297.1499938964844,293.1499938964844,0.0,-0.0,284.1560974121094,0.9079720377922058,0.39935502409935,0.3795225322246551,297.1444702148437,297.1499938964844,293.1499938964844,0.0,-0.0,284.15631103515625,0.817879319190979,0.2890427112579345,0.2039841115474701,297.17877197265625,297.1499938964844,293.1499938964844,0.0,-0.0,284.15643310546875,0.7805594801902771,0.2512681186199188,0.2404512912034988,297.1024780273437,297.1499938964844,293.1499938964844,0.0,-0.0,284.1566772460937,0.7293596863746643,0.2028187960386276,0.9249160885810852,284.1560974121094,284.95001220703125,299.4192199707031,288.5264892578125,297.96148681640625,297.19317626953125,284.1551208496094,1.0,0.5040289163589478,0.4722544848918915,0.4722544848918915,1.0,1.0,-2.676453351974488,0.9249373078346252,1.7515159845352173,0.32228684425354,0.9089620113372804,0.9089620113372804,0.0,115.2400360107422,103.0,40097.3515625,0.0,1616.2640380859375,1.0,280.0572814941406,282.6202392578125,291.55133056640625,294.15838623046875,293.1499938964844,293.1499938964844,279.75,36900.25390625,36000.0,313.1499938964844,0.0,18000.0,1.0,0.0,0.0,0.0,1.0,0.9351662397384644,1.0,0.0,0.0,3.74168872833252,3.741714000701904,9.341758300251968e-07,4.265924453735352,4.265914440155029,9.78592834144365e-06,0.0,0.0,-0.0,6196.61376953125,0.0,1644.4945068359375,1895.4371337890625,0.0,3728.402099609375,0.9263848066329956,1.0,0.0,3.0,1.0,0.0
12136620,296.89892578125,297.1499938964844,293.1499938964844,0.0,-0.0,283.9628295898437,0.9990000128746032,0.5812567472457886,0.4738133251667022,297.2891540527344,297.1499938964844,293.1499938964844,0.0,-0.0,283.9630126953125,0.9129296541213988,0.3996858596801758,0.3798046410083771,297.1305236816406,297.1499938964844,293.1499938964844,0.0,-0.0,283.9633178710937,0.8201289772987366,0.2875604927539825,0.2029228508472442,297.1659545898437,297.1499938964844,293.1499938964844,0.0,-0.0,283.9635009765625,0.7832590937614441,0.2503346800804138,0.2395296692848205,297.089599609375,297.1499938964844,293.1499938964844,0.0,-0.0,283.9638671875,0.7303683757781982,0.2009127289056778,0.916201651096344,283.9630126953125,284.95001220703125,299.4400939941406,288.5652770996094,297.9573974609375,297.1778259277344,283.9613037109375,1.0,0.4991708993911743,0.4720853269100189,0.4720853269100189,1.0,1.0,-2.6559598445892334,0.9163295030593872,1.7396303415298462,0.3184822797775268,0.8942216038703918,0.8942216038703918,0.0,112.65049743652344,91.0,40772.48828125,0.0,1575.5921630859375,1.0,279.7576599121094,282.396240234375,291.5878601074219,294.24249267578125,293.1499938964844,293.1499938964844,280.04998779296875,37246.1640625,36000.0,313.1499938964844,0.0,18000.0,1.0,0.0,0.0,0.0,1.0,0.9425533413887024,1.0,0.0,0.0,3.696430206298828,3.696455001831055,9.117133572544844e-07,4.265924453735352,4.265914440155029,9.78592834144365e-06,0.0,0.0,-0.0,5579.396484375,0.0,1594.8831787109375,1895.4371337890625,0.0,3795.63623046875,0.916482150554657,1.0,0.0,3.0,1.0,0.0
12136680,296.89892578125,297.1499938964844,293.1499938964844,0.0,-0.0,283.9628295898437,0.9990000128746032,0.5812567472457886,0.4738133251667022,297.2891540527344,297.1499938964844,293.1499938964844,0.0,-0.0,283.9630126953125,0.9129296541213988,0.3996858596801758,0.3798046410083771,297.1305236816406,297.1499938964844,293.1499938964844,0.0,-0.0,283.9633178710937,0.8201289772987366,0.2875604927539825,0.2029228508472442,297.1659545898437,297.1499938964844,293.1499938964844,0.0,-0.0,283.9635009765625,0.7832590937614441,0.2503346800804138,0.2395296692848205,297.089599609375,297.1499938964844,293.1499938964844,0.0,-0.0,283.9638671875,0.7303683757781982,0.2009127289056778,0.916201651096344,283.9630126953125,284.95001220703125,299.4400939941406,288.5652770996094,297.9573974609375,297.1778259277344,283.9613037109375,1.0,0.4991708993911743,0.4720853269100189,0.4720853269100189,1.0,1.0,-2.6559598445892334,0.9163295030593872,1.7396303415298462,0.3184822797775268,0.8942216038703918,0.8942216038703918,0.0,112.65049743652344,91.0,40772.48828125,0.0,1575.5921630859375,1.0,279.7576599121094,282.396240234375,291.5878601074219,294.24249267578125,293.1499938964844,293.1499938964844,280.04998779296875,37246.1640625,36000.0,313.1499938964844,0.0,18000.0,1.0,0.0,0.0,0.0,1.0,0.9425533413887024,1.0,0.0,0.0,3.696430206298828,3.696455001831055,9.117133572544844e-07,4.265924453735352,4.265914440155029,9.78592834144365e-06,0.0,0.0,-0.0,5579.396484375,0.0,1594.8831787109375,1895.4371337890625,0.0,3795.63623046875,0.916482150554657,1.0,0.0,3.0,1.0,0.0
12136740,296.9114685058594,297.1499938964844,293.1499938964844,0.0,-0.0,284.13232421875,0.9990000128746032,0.5797954797744751,0.4602903127670288,297.2870483398437,297.1499938964844,293.1499938964844,0.0,-0.0,284.1320495605469,0.9237379431724548,0.4009393453598022,0.3804430365562439,297.12890625,297.1499938964844,293.1499938964844,0.0,-0.0,284.1315002441406,0.8267596364021301,0.2871792912483215,0.2022915482521057,297.1630554199219,297.1499938964844,293.1499938964844,0.0,-0.0,284.1311950683594,0.7904554605484009,0.2502029836177826,0.238988995552063,297.086181640625,297.1499938964844,293.1499938964844,0.0,-0.0,284.1305847167969,0.7353355288505554,0.1999169588088989,0.9098241925239564,284.13201904296875,284.95001220703125,299.45758056640625,288.5997314453125,297.9609680175781,297.1762084960937,284.1346130371094,1.0,0.4926795661449432,0.4719432294368744,0.4719432294368744,1.0,1.0,-2.6314077377319336,0.9061599373817444,1.7252479791641235,0.3137994706630707,0.886465847492218,0.886465847492218,0.0,108.05487823486328,91.0,39507.40625,0.0,1520.9246826171875,1.0,280.0362548828125,282.6124267578125,291.5238952636719,294.02716064453125,293.1499938964844,293.1499938964844,280.04998779296875,37221.5,36000.0,313.1499938964844,0.0,18000.0,1.0,0.0,0.0,0.0,1.0,0.9255580902099608,1.0,0.0,0.0,3.657378435134888,3.657402753829956,8.925511565394117e-07,4.265924453735352,4.265914440155029,9.78592834144365e-06,0.0,0.0,-0.0,5752.89111328125,0.0,1550.5509033203125,1895.4371337890625,0.0,3640.360595703125,0.9077826738357544,1.0,0.0,3.0,1.0,0.0
12136800,296.9186706542969,297.1499938964844,293.1499938964844,0.0,-0.0,284.1394348144531,0.9990000128746032,0.5800045728683472,0.4568454921245575,297.2877197265625,297.1499938964844,293.1499938964844,0.0,-0.0,284.1392822265625,0.926688313484192,0.4012829661369324,0.3807001709938049,297.1296081542969,297.1499938964844,293.1499938964844,0.0,-0.0,284.13897705078125,0.8286505341529846,0.2872026264667511,0.2022599279880523,297.1633605957031,297.1499938964844,293.1499938964844,0.0,-0.0,284.1388244628906,0.792483925819397,0.2502574324607849,0.2389783859252929,297.08648681640625,297.1499938964844,293.1499938964844,0.0,-0.0,284.13848876953125,0.7368515729904175,0.1998161822557449,0.9090417623519896,284.1392517089844,284.95001220703125,299.4609069824219,288.6064758300781,297.9624328613281,297.1771240234375,284.1405944824219,1.0,0.4912666976451874,0.471916139125824,0.471916139125824,1.0,1.0,-2.6265869140625,0.904164731502533,1.7224222421646118,0.3128816783428192,0.8848258256912231,0.8848258256912231,0.0,106.95216369628906,94.0,39430.5390625,0.0,1509.403076171875,1.0,280.0423583984375,282.6209411621094,291.5329895019531,294.0374755859375,293.1499938964844,293.1499938964844,280.3500061035156,37223.55859375,36000.0,313.1499938964844,0.0,18000.0,1.0,0.0,0.0,0.0,1.0,0.9233974814414978,1.0,0.0,0.0,3.650075674057007,3.650099754333496,8.889903142517142e-07,4.265924453735352,4.265914440155029,9.78592834144365e-06,0.0,0.0,-0.0,5432.82958984375,0.0,1542.40771484375,1895.4371337890625,0.0,3620.478515625,0.9061475396156312,1.0,0.0,3.0,1.0,0.0
12136860,296.980712890625,297.1499938964844,293.1499938964844,0.0,-0.0,284.34442138671875,0.9990000128746032,0.5833460688591003,0.4436459839344024,297.29931640625,297.1499938964844,293.1499938964844,0.0,-0.0,284.3442077636719,0.939501166343689,0.4041921496391296,0.3830335438251495,297.140380859375,297.1499938964844,293.1499938964844,0.0,-0.0,284.34375,0.8366344571113586,0.2880256474018097,0.202555626630783,297.1709289550781,297.1499938964844,293.1499938964844,0.0,-0.0,284.3434753417969,0.80110102891922,0.251185804605484,0.2395049631595611,297.0948791503906,297.1499938964844,293.1499938964844,0.0,-0.0,284.3429870605469,0.743196427822113,0.1998509019613266,0.9073678851127625,284.3441772460937,284.95001220703125,299.48162841796875,288.6497497558594,297.9776611328125,297.1900939941406,284.3466186523437,1.0,0.4870032072067261,0.4720998406410217,0.4720998406410217,1.0,1.0,-2.612484931945801,0.8988348841667175,1.713650107383728,0.3104182183742523,0.8783844113349915,0.8783844113349915,0.0,102.93193817138672,97.0,38268.33984375,0.0,1472.397216796875,1.0,280.3415832519531,282.8709716796875,291.559326171875,293.96734619140625,293.1499938964844,293.1499938964844,280.6499938964844,37059.3515625,36000.0,313.1499938964844,0.0,18000.0,1.0,0.0,0.0,0.0,1.0,0.9016695618629456,1.0,0.0,0.0,3.6097137928009033,3.6097376346588135,8.694384519003506e-07,4.265924453735352,4.265914440155029,9.78592834144365e-06,0.0,0.0,-0.0,5340.4501953125,0.0,1496.6470947265625,1895.4371337890625,0.0,3419.142333984375,0.8970446586608887,1.0,0.0,3.0,1.0,0.0
12136920,296.980712890625,297.1499938964844,293.1499938964844,0.0,-0.0,284.34442138671875,0.9990000128746032,0.5833460688591003,0.4436459839344024,297.29931640625,297.1499938964844,293.1499938964844,0.0,-0.0,284.3442077636719,0.939501166343689,0.4041921496391296,0.3830335438251495,297.140380859375,297.1499938964844,293.1499938964844,0.0,-0.0,284.34375,0.8366344571113586,0.2880256474018097,0.202555626630783,297.1709289550781,297.1499938964844,293.1499938964844,0.0,-0.0,284.3434753417969,0.80110102891922,0.251185804605484,0.2395049631595611,297.0948791503906,297.1499938964844,293.1499938964844,0.0,-0.0,284.3429870605469,0.743196427822113,0.1998509019613266,0.9073678851127625,284.3441772460937,284.95001220703125,299.48162841796875,288.6497497558594,297.9776611328125,297.1900939941406,284.3466186523437,1.0,0.4870032072067261,0.4720998406410217,0.4720998406410217,1.0,1.0,-2.612484931945801,0.8988348841667175,1.713650107383728,0.3104182183742523,0.8783844113349915,0.8783844113349915,0.0,102.93193817138672,97.0,38268.33984375,0.0,1472.397216796875,1.0,280.3415832519531,282.8709716796875,291.559326171875,293.96734619140625,293.1499938964844,293.1499938964844,280.6499938964844,37059.3515625,36000.0,313.1499938964844,0.0,18000.0,1.0,0.0,0.0,0.0,1.0,0.9016695618629456,1.0,0.0,0.0,3.6097137928009033,3.6097376346588135,8.694384519003506e-07,4.265924453735352,4.265914440155029,9.78592834144365e-06,0.0,0.0,-0.0,5340.4501953125,0.0,1496.6470947265625,1895.4371337890625,0.0,3419.142333984375,0.8970446586608887,1.0,0.0,3.0,1.0,0.0
12136980,297.04644775390625,297.1499938964844,293.1499938964844,0.0,-0.0,284.5601501464844,0.9990000128746032,0.5878605842590332,0.4348545372486114,297.31671142578125,297.1499938964844,293.1499938964844,0.0,-0.0,284.5599670410156,0.9495710730552672,0.4078409969806671,0.3862210810184479,297.1561584472656,297.1499938964844,293.1499938964844,0.0,-0.0,284.5594177246094,0.8430498838424683,0.2894975244998932,0.2034158706665039,297.1835327148437,297.1499938964844,293.1499938964844,0.0,-0.0,284.55914306640625,0.8079957365989685,0.252723753452301,0.2407382130622863,297.1091613769531,297.1499938964844,293.1499938964844,0.0,-0.0,284.5585632324219,0.7485032081604004,0.2005978524684906,0.9095988273620604,284.5599060058594,284.95001220703125,299.50225830078125,288.6946716308594,297.9974365234375,297.2090148925781,284.562744140625,1.0,0.4853077828884125,0.4722835421562195,0.4722835421562195,1.0,1.0,-2.61093807220459,0.8985720872879028,1.712365984916687,0.3103786110877991,0.8749010562896729,0.8749010562896729,0.0,100.584228515625,100.0,37289.27734375,0.0,1459.87744140625,1.0,280.6412658691406,283.1268920898437,291.6166076660156,293.95623779296875,293.1499938964844,293.1499938964844,280.95001220703125,36805.27734375,36000.0,313.1499938964844,0.0,18000.0,1.0,0.0,0.0,0.0,1.0,0.8830493092536926,1.0,0.0,0.0,3.578709602355957,3.578732967376709,8.545671335014049e-07,4.265924453735352,4.265914440155029,9.78592834144365e-06,0.0,0.0,-0.0,5271.3095703125,0.0,1461.1988525390625,1895.4371337890625,0.0,3245.150146484375,0.8899626731872559,1.0,0.0,3.0,1.0,0.0
12137040,297.04644775390625,297.1499938964844,293.1499938964844,0.0,-0.0,284.5601501464844,0.9990000128746032,0.5878605842590332,0.4348545372486114,297.31671142578125,297.1499938964844,293.1499938964844,0.0,-0.0,284.5599670410156,0.9495710730552672,0.4078409969806671,0.3862210810184479,297.1561584472656,297.1499938964844,293.1499938964844,0.0,-0.0,284.5594177246094,0.8430498838424683,0.2894975244998932,0.2034158706665039,297.1835327148437,297.1499938964844,293.1499938964844,0.0,-0.0,284.55914306640625,0.8079957365989685,0.252723753452301,0.2407382130622863,297.1091613769531,297.1499938964844,293.1499938964844,0.0,-0.0,284.5585632324219,0.7485032081604004,0.2005978524684906,0.9095988273620604,284.5599060058594,284.95001220703125,299.50225830078125,288.6946716308594,297.9974365234375,297.2090148925781,284.562744140625,1.0,0.4853077828884125,0.4722835421562195,0.4722835421562195,1.0,1.0,-2.61093807220459,0.8985720872879028,1.712365984916687,0.3103786110877991,0.8749010562896729,0.8749010562896729,0.0,100.584228515625,100.0,37289.27734375,0.0,1459.87744140625,1.0,280.6412658691406,283.1268920898437,291.6166076660156,293.95623779296875,293.1499938964844,293.1499938964844,280.95001220703125,36805.27734375,36000.0,313.1499938964844,0.0,18000.0,1.0,0.0,0.0,0.0,1.0,0.8830493092536926,1.0,0.0,0.0,3.578709602355957,3.578732967376709,8.545671335014049e-07,4.265924453735352,4.265914440155029,9.78592834144365e-06,0.0,0.0,-0.0,5271.3095703125,0.0,1461.1988525390625,1895.4371337890625,0.0,3245.150146484375,0.8899626731872559,1.0,0.0,3.0,1.0,0.0
12137100,297.07745361328125,297.1499938964844,293.1499938964844,0.0,-0.0,284.71270751953125,0.9990000128746032,0.5902464985847473,0.4319199025630951,297.3262634277344,297.1499938964844,293.1499938964844,0.0,-0.0,284.7119140625,0.953517198562622,0.4098308086395263,0.3879877030849457,297.1646728515625,297.1499938964844,293.1499938964844,0.0,-0.0,284.7096862792969,0.8455824851989746,0.2903737127780914,0.2039583921432495,297.1906433105469,297.1499938964844,293.1499938964844,0.0,-0.0,284.70855712890625,0.8106662631034851,0.2536334991455078,0.241510197520256,297.1171875,297.1499938964844,293.1499938964844,0.0,-0.0,284.70611572265625,0.7506435513496399,0.2011251151561737,0.9115607142448424,284.7116394042969,284.95001220703125,299.5125427246094,288.7176513671875,298.0063781738281,297.2168273925781,284.72296142578125,1.0,0.4852332174777984,0.4723753929138183,0.4723753929138183,1.0,1.0,-2.6134679317474365,0.8997713923454285,1.7136965990066528,0.3109698891639709,0.874773383140564,0.874773383140564,0.0,99.91497802734376,100.0,36452.7734375,0.0,1460.2822265625,1.0,280.8966064453125,283.31805419921875,291.62188720703125,293.8622131347656,293.1499938964844,293.1499938964844,280.95001220703125,36643.58984375,36000.0,313.1499938964844,0.0,18000.0,1.0,0.0,0.0,0.0,1.0,0.8726350665092468,1.0,0.0,0.0,3.5671844482421875,3.5672078132629395,8.490717959830363e-07,4.265924453735352,4.265914440155029,9.78592834144365e-06,0.0,0.0,-0.0,5436.43310546875,0.0,1447.67529296875,1895.4371337890625,0.0,3147.527587890625,0.8873201012611389,1.0,0.0,3.0,1.0,0.0
12137160,297.1073913574219,297.1499938964844,293.1499938964844,0.0,-0.0,284.7762451171875,0.9990000128746032,0.5927290320396423,0.4296676218509674,297.33642578125,297.1499938964844,293.1499938964844,0.0,-0.0,284.77606201171875,0.9570217728614808,0.4119468629360199,0.3899300098419189,297.1737670898437,297.1499938964844,293.1499938964844,0.0,-0.0,284.7755126953125,0.8478622436523438,0.2913576066493988,0.2046109586954116,297.19830322265625,297.1499938964844,293.1499938964844,0.0,-0.0,284.7752685546875,0.8130330443382263,0.2546440064907074,0.2424150854349136,297.1256408691406,297.1499938964844,293.1499938964844,0.0,-0.0,284.7746887207031,0.7525842785835266,0.2017479389905929,0.9141142964363098,284.7760009765625,284.95001220703125,299.5227966308594,288.7408752441406,298.0162658691406,297.2261962890625,284.7787780761719,1.0,0.4855963885784149,0.4723243117332458,0.4723243117332458,1.0,1.0,-2.618032217025757,0.901536464691162,1.7164956331253052,0.3116780519485473,0.874306857585907,0.874306857585907,0.0,99.49455261230467,118.0,36402.42578125,0.0,1464.5240478515625,1.0,280.9410400390625,283.3809814453125,291.6781005859375,293.9626159667969,293.1499938964844,293.1499938964844,281.25,36499.046875,36000.0,313.1499938964844,0.0,18000.0,1.0,0.0,0.0,0.0,1.0,0.8677240610122681,1.0,0.0,0.0,3.559133291244507,3.559156656265259,8.452434485661797e-07,4.265924453735352,4.265914440155029,9.78592834144365e-06,0.0,0.0,-0.0,5211.7255859375,0.0,1438.046142578125,1895.4371337890625,0.0,3101.46044921875,0.8853835463523865,1.0,0.0,3.0,1.0,0.0
12137220,297.1429748535156,297.1499938964844,293.1499938964844,0.0,-0.0,285.0045166015625,0.9990000128746032,0.595845639705658,0.4407600164413452,297.3572998046875,297.1499938964844,293.1499938964844,0.0,-0.0,285.0042419433594,0.9519599080085754,0.4164207875728607,0.3941534459590912,297.19219970703125,297.1499938964844,293.1499938964844,0.0,-0.0,285.0035400390625,0.8430076837539673,0.2935258150100708,0.2061457633972168,297.2142333984375,297.1499938964844,293.1499938964844,0.0,-0.0,285.003173828125,0.8085927963256836,0.2568658888339996,0.2445485442876815,297.1426696777344,297.1499938964844,293.1499938964844,0.0,-0.0,285.0023803710937,0.7481783628463745,0.2031621634960174,0.9206973910331726,285.004150390625,284.95001220703125,299.543212890625,288.7879943847656,298.03729248046875,297.2453918457031,285.00799560546875,1.0,0.4929251074790954,0.4722221493721008,0.4722221493721008,1.0,1.0,-2.648725271224976,0.9137507677078248,1.7349745035171509,0.3167051672935486,0.876802384853363,0.876802384853363,0.0,103.40119934082033,136.0,35783.109375,0.0,1523.7745361328125,1.0,281.24090576171875,283.6434631347656,291.73785400390625,293.979248046875,293.1499938964844,293.1499938964844,281.54998779296875,36155.26171875,36000.0,313.1499938964844,0.0,18000.0,1.0,0.0,0.0,0.0,1.0,0.854830801486969,1.0,0.0,0.0,3.552273750305176,3.5522968769073486,8.419884807153721e-07,4.265924453735352,4.265914440155029,9.78592834144365e-06,0.0,0.0,-0.0,5169.54736328125,0.0,1428.2674560546875,1895.4371337890625,0.0,2980.536376953125,0.8836087584495544,1.0,0.0,3.0,1.0,0.0
12137280,297.1429748535156,297.1499938964844,293.1499938964844,0.0,-0.0,285.0045166015625,0.9990000128746032,0.595845639705658,0.4407600164413452,297.3572998046875,297.1499938964844,293.1499938964844,0.0,-0.0,285.0042419433594,0.9519599080085754,0.4164207875728607,0.3941534459590912,297.19219970703125,297.1499938964844,293.1499938964844,0.0,-0.0,285.0035400390625,0.8430076837539673,0.2935258150100708,0.2061457633972168,297.2142333984375,297.1499938964844,293.1499938964844,0.0,-0.0,285.003173828125,0.8085927963256836,0.2568658888339996,0.2445485442876815,297.1426696777344,297.1499938964844,293.1499938964844,0.0,-0.0,285.0023803710937,0.7481783628463745,0.2031621634960174,0.9206973910331726,285.004150390625,284.95001220703125,299.543212890625,288.7879943847656,298.03729248046875,297.2453918457031,285.00799560546875,1.0,0.4929251074790954,0.4722221493721008,0.4722221493721008,1.0,1.0,-2.648725271224976,0.9137507677078248,1.7349745035171509,0.3167051672935486,0.876802384853363,0.876802384853363,0.0,103.40119934082033,136.0,35783.109375,0.0,1523.7745361328125,1.0,281.24090576171875,283.6434631347656,291.73785400390625,293.979248046875,293.1499938964844,293.1499938964844,281.54998779296875,36155.26171875,36000.0,313.1499938964844,0.0,18000.0,1.0,0.0,0.0,0.0,1.0,0.854830801486969,1.0,0.0,0.0,3.552273750305176,3.5522968769073486,8.419884807153721e-07,4.265924453735352,4.265914440155029,9.78592834144365e-06,0.0,0.0,-0.0,5169.54736328125,0.0,1428.2674560546875,1895.4371337890625,0.0,2980.536376953125,0.8836087584495544,1.0,0.0,3.0,1.0,0.0
12137340,297.12841796875,297.1499938964844,293.1499938964844,0.0,-0.0,285.2549133300781,0.9990000128746032,0.5943294167518616,0.4641979932785034,297.3792724609375,297.1499938964844,293.1499938964844,0.0,-0.0,285.2545471191406,0.9377740621566772,0.4212702810764313,0.3988615870475769,297.2113647460937,297.1499938964844,293.1499938964844,0.0,-0.0,285.2537536621094,0.8317422270774841,0.2959994971752167,0.2079925388097763,297.2308654785156,297.1499938964844,293.1499938964844,0.0,-0.0,285.2533569335937,0.797226071357727,0.2593636810779571,0.2470820993185043,297.15936279296875,297.1499938964844,293.1499938964844,0.0,-0.0,285.25250244140625,0.7381259202957153,0.204761728644371,0.9288294315338136,285.25445556640625,284.95001220703125,299.5635070800781,288.83563232421875,298.0576171875,297.2622985839844,285.25885009765625,1.0,0.5050652623176575,0.4721199870109558,0.4721199870109558,1.0,1.0,-2.69756817817688,0.9332496523857116,1.764318585395813,0.3251410126686096,0.882813036441803,0.882813036441803,0.0,111.39312744140624,154.0,35553.91796875,0.0,1628.8262939453125,1.0,281.5408935546875,283.9220275878906,291.8030090332031,294.02374267578125,293.1499938964844,293.1499938964844,281.8500061035156,35773.33984375,36000.0,313.1499938964844,0.0,18000.0,1.0,0.0,0.0,0.0,1.0,0.8453378677368164,1.0,0.0,0.0,3.5596845149993896,3.5597076416015625,8.455052693534526e-07,4.265924453735352,4.265914440155029,9.78592834144365e-06,0.0,0.0,-0.0,5153.01220703125,0.0,1433.3363037109375,1895.4371337890625,0.0,2891.625244140625,0.884983479976654,1.0,0.0,3.0,1.0,0.0
12137400,297.12841796875,297.1499938964844,293.1499938964844,0.0,-0.0,285.2549133300781,0.9990000128746032,0.5943294167518616,0.4641979932785034,297.3792724609375,297.1499938964844,293.1499938964844,0.0,-0.0,285.2545471191406,0.9377740621566772,0.4212702810764313,0.3988615870475769,297.2113647460937,297.1499938964844,293.1499938964844,0.0,-0.0,285.2537536621094,0.8317422270774841,0.2959994971752167,0.2079925388097763,297.2308654785156,297.1499938964844,293.1499938964844,0.0,-0.0,285.2533569335937,0.797226071357727,0.2593636810779571,0.2470820993185043,297.15936279296875,297.1499938964844,293.1499938964844,0.0,-0.0,285.25250244140625,0.7381259202957153,0.204761728644371,0.9288294315338136,285.25445556640625,284.95001220703125,299.5635070800781,288.83563232421875,298.0576171875,297.2622985839844,285.25885009765625,1.0,0.5050652623176575,0.4721199870109558,0.4721199870109558,1.0,1.0,-2.69756817817688,0.9332496523857116,1.764318585395813,0.3251410126686096,0.882813036441803,0.882813036441803,0.0,111.39312744140624,154.0,35553.91796875,0.0,1628.8262939453125,1.0,281.5408935546875,283.9220275878906,291.8030090332031,294.02374267578125,293.1499938964844,293.1499938964844,281.8500061035156,35773.33984375,36000.0,313.1499938964844,0.0,18000.0,1.0,0.0,0.0,0.0,1.0,0.8453378677368164,1.0,0.0,0.0,3.5596845149993896,3.5597076416015625,8.455052693534526e-07,4.265924453735352,4.265914440155029,9.78592834144365e-06,0.0,0.0,-0.0,5153.01220703125,0.0,1433.3363037109375,1895.4371337890625,0.0,2891.625244140625,0.884983479976654,1.0,0.0,3.0,1.0,0.0
12137460,297.0713195800781,297.1499938964844,293.1499938964844,0.0,-0.0,285.5104064941406,0.9990000128746032,0.5883039236068726,0.4955235719680786,297.4016418457031,297.1499938964844,293.1499938964844,0.0,-0.0,285.5099792480469,0.9188457131385804,0.426439881324768,0.4039905071258545,297.2306823730469,297.1499938964844,293.1499938964844,0.0,-0.0,285.5091552734375,0.8175497651100159,0.2987324297428131,0.2101067304611206,297.2476806640625,297.1499938964844,293.1499938964844,0.0,-0.0,285.5087890625,0.7826647758483887,0.262092262506485,0.2499493211507797,297.1747741699219,297.1499938964844,293.1499938964844,0.0,-0.0,285.5079040527344,0.7255795001983643,0.2064448446035385,0.9379699230194092,285.5099182128906,284.95001220703125,299.58367919921875,288.8833923339844,298.0787658691406,297.2821350097656,285.5142822265625,1.0,0.5205509662628174,0.4710703194141388,0.4710703194141388,1.0,1.0,-2.7583372592926025,0.9556941390037536,1.802643060684204,0.3339186608791351,0.8922763466835022,0.8922763466835022,0.0,122.47396087646484,157.0,35452.1640625,0.0,1769.841064453125,1.0,281.8410339355469,284.20098876953125,291.8681945800781,294.081298828125,293.1499938964844,293.1499938964844,282.1499938964844,35388.0859375,36000.0,313.1499938964844,0.0,18000.0,1.0,0.0,0.0,0.0,1.0,0.8394371271133423,1.0,0.0,0.0,3.581551313400269,3.5815744400024414,8.559248385608953e-07,4.265924453735352,4.265914440155029,9.78592834144365e-06,0.0,0.0,-0.0,5145.6162109375,0.0,1453.8482666015625,1895.4371337890625,0.0,2836.45654296875,0.8895834684371948,1.0,0.0,3.0,1.0,0.0
12137520,297.0713195800781,297.1499938964844,293.1499938964844,0.0,-0.0,285.5104064941406,0.9990000128746032,0.5883039236068726,0.4955235719680786,297.4016418457031,297.1499938964844,293.1499938964844,0.0,-0.0,285.5099792480469,0.9188457131385804,0.426439881324768,0.4039905071258545,297.2306823730469,297.1499938964844,293.1499938964844,0.0,-0.0,285.5091552734375,0.8175497651100159,0.2987324297428131,0.2101067304611206,297.2476806640625,297.1499938964844,293.1499938964844,0.0,-0.0,285.5087890625,0.7826647758483887,0.262092262506485,0.2499493211507797,297.1747741699219,297.1499938964844,293.1499938964844,0.0,-0.0,285.5079040527344,0.7255795001983643,0.2064448446035385,0.9379699230194092,285.5099182128906,284.95001220703125,299.58367919921875,288.8833923339844,298.0787658691406,297.2821350097656,285.5142822265625,1.0,0.5205509662628174,0.4710703194141388,0.4710703194141388,1.0,1.0,-2.7583372592926025,0.9556941390037536,1.802643060684204,0.3339186608791351,0.8922763466835022,0.8922763466835022,0.0,122.47396087646484,157.0,35452.1640625,0.0,1769.841064453125,1.0,281.8410339355469,284.20098876953125,291.8681945800781,294.081298828125,293.1499938964844,293.1499938964844,282.1499938964844,35388.0859375,36000.0,313.1499938964844,0.0,18000.0,1.0,0.0,0.0,0.0,1.0,0.8394371271133423,1.0,0.0,0.0,3.581551313400269,3.5815744400024414,8.559248385608953e-07,4.265924453735352,4.265914440155029,9.78592834144365e-06,0.0,0.0,-0.0,5145.6162109375,0.0,1453.8482666015625,1895.4371337890625,0.0,2836.45654296875,0.8895834684371948,1.0,0.0,3.0,1.0,0.0
12137580,297.0035400390625,297.1499938964844,293.1499938964844,0.0,-0.0,285.75054931640625,0.9990000128746032,0.5804200768470764,0.5195267796516418,297.4229736328125,297.1499938964844,293.1499938964844,0.0,-0.0,285.7502136230469,0.907078206539154,0.4317893385887146,0.4092620015144348,297.2489318847656,297.1499938964844,293.1499938964844,0.0,-0.0,285.7496032714844,0.8078201413154602,0.3016040325164795,0.2122937738895416,297.2636108398437,297.1499938964844,293.1499938964844,0.0,-0.0,285.7492980957031,0.7732532620429993,0.2649446129798889,0.2528969049453735,297.1874389648437,297.1499938964844,293.1499938964844,0.0,-0.0,285.7486267089844,0.7169278264045715,0.2080422341823578,0.946590006351471,285.7501525878906,284.95001220703125,299.603759765625,288.9309387207031,298.0965270996094,297.2977294921875,285.7533569335937,1.0,0.532831072807312,0.4700206220149994,0.4700206220149994,1.0,1.0,-2.8100643157958984,0.9743130207061768,1.8357514142990112,0.3412171006202698,0.904873549938202,0.904873549938202,0.0,131.59713745117188,160.0,35233.12109375,0.0,1892.955810546875,1.0,282.14129638671875,284.4651794433594,291.9259948730469,294.132080078125,293.1499938964844,293.1499938964844,281.8500061035156,35036.48828125,36000.0,313.1499938964844,0.0,18000.0,1.0,0.0,0.0,0.0,1.0,0.8357009887695312,1.0,0.0,0.0,3.616732835769653,3.616756439208984,8.72822965902742e-07,4.265924453735352,4.265914440155029,9.78592834144365e-06,0.0,0.0,-0.0,5715.39794921875,0.0,1489.3277587890625,1895.4371337890625,0.0,2801.577392578125,0.8971919417381287,1.0,0.0,3.0,1.0,0.0
12137640,297.0035400390625,297.1499938964844,293.1499938964844,0.0,-0.0,285.75054931640625,0.9990000128746032,0.5804200768470764,0.5195267796516418,297.4229736328125,297.1499938964844,293.1499938964844,0.0,-0.0,285.7502136230469,0.907078206539154,0.4317893385887146,0.4092620015144348,297.2489318847656,297.1499938964844,293.1499938964844,0.0,-0.0,285.7496032714844,0.8078201413154602,0.3016040325164795,0.2122937738895416,297.2636108398437,297.1499938964844,293.1499938964844,0.0,-0.0,285.7492980957031,0.7732532620429993,0.2649446129798889,0.2528969049453735,297.1874389648437,297.1499938964844,293.1499938964844,0.0,-0.0,285.7486267089844,0.7169278264045715,0.2080422341823578,0.946590006351471,285.7501525878906,284.95001220703125,299.603759765625,288.9309387207031,298.0965270996094,297.2977294921875,285.7533569335937,1.0,0.532831072807312,0.4700206220149994,0.4700206220149994,1.0,1.0,-2.8100643157958984,0.9743130207061768,1.8357514142990112,0.3412171006202698,0.904873549938202,0.904873549938202,0.0,131.59713745117188,160.0,35233.12109375,0.0,1892.955810546875,1.0,282.14129638671875,284.4651794433594,291.9259948730469,294.132080078125,293.1499938964844,293.1499938964844,281.8500061035156,35036.48828125,36000.0,313.1499938964844,0.0,18000.0,1.0,0.0,0.0,0.0,1.0,0.8357009887695312,1.0,0.0,0.0,3.616732835769653,3.616756439208984,8.72822965902742e-07,4.265924453735352,4.265914440155029,9.78592834144365e-06,0.0,0.0,-0.0,5715.39794921875,0.0,1489.3277587890625,1895.4371337890625,0.0,2801.577392578125,0.8971919417381287,1.0,0.0,3.0,1.0,0.0
12137700,296.9712829589844,297.1499938964844,293.1499938964844,0.0,-0.0,285.6312561035156,0.99326354265213,0.5763258934020996,0.5206334590911865,297.4275207519531,297.1499938964844,293.1499938964844,0.0,-0.0,285.6322937011719,0.8996372818946838,0.4339706897735595,0.4118001163005829,297.2528381347656,297.1499938964844,293.1499938964844,0.0,-0.0,285.6341857910156,0.8009835481643677,0.3026201426982879,0.2133304625749588,297.2674865722656,297.1499938964844,293.1499938964844,0.0,-0.0,285.63507080078125,0.7670009732246399,0.2660486102104187,0.2543285191059112,297.1898498535156,297.1499938964844,293.1499938964844,0.0,-0.0,285.6371154785156,0.7108796238899231,0.2085195630788803,0.950502872467041,285.6324462890625,284.95001220703125,299.6137390136719,288.9544982910156,298.1018981933594,297.3012390136719,285.6236267089844,1.0,0.5376518964767456,0.4694957733154297,0.4694957733154297,1.0,1.0,-2.822128772735596,0.9780378937721252,1.8440908193588257,0.3426682651042938,0.908325731754303,0.908325731754303,0.0,136.97708129882812,160.0,36195.90625,0.0,1937.9185791015625,1.0,281.8991394042969,284.2979431152344,292.0425720214844,294.4093322753906,293.1499938964844,293.1499938964844,281.8500061035156,35048.75390625,36000.0,313.1499938964844,0.0,18000.0,1.0,0.0,0.0,0.0,1.0,0.8493810296058655,1.0,0.0,0.0,3.6350178718566895,3.635041475296021,8.816705872050079e-07,4.265924453735352,4.265914440155029,9.78592834144365e-06,0.0,0.0,-0.0,5601.5791015625,0.0,1509.4757080078125,1895.4371337890625,0.0,2929.4736328125,0.901233434677124,1.0,0.0,3.0,1.0,0.0
12137760,296.9486389160156,297.1499938964844,293.1499938964844,0.0,-0.0,285.58209228515625,0.983433187007904,0.5729629993438721,0.5174596905708313,297.4260559082031,297.1499938964844,293.1499938964844,0.0,-0.0,285.582275390625,0.8916988968849182,0.4355851113796234,0.4137464165687561,297.2514953613281,297.1499938964844,293.1499938964844,0.0,-0.0,285.5826110839844,0.793482780456543,0.3031399846076965,0.2139915525913238,297.2670288085937,297.1499938964844,293.1499938964844,0.0,-0.0,285.5827941894531,0.7602958083152771,0.2667480111122131,0.2553599774837494,297.1884155273437,297.1499938964844,293.1499938964844,0.0,-0.0,285.5831604003906,0.7039117217063904,0.2086313515901565,0.9527037739753724,285.5823059082031,284.95001220703125,299.6236572265625,288.9778747558594,298.1031799316406,297.2997131347656,285.5807189941406,1.0,0.5414342284202576,0.4686932861804962,0.4686932861804962,1.0,1.0,-2.8253631591796875,0.9777188301086426,1.847644329071045,0.3417540788650512,0.9119935631752014,0.9119935631752014,0.0,142.44789123535156,163.0,36367.51953125,0.0,1969.4310302734373,1.0,281.85797119140625,284.2420349121094,292.0704345703125,294.4303283691406,293.1499938964844,293.1499938964844,281.54998779296875,35092.953125,36000.0,313.1499938964844,0.0,18000.0,1.0,0.0,0.0,0.0,1.0,0.8594356775283813,1.0,0.0,0.0,3.6514081954956055,3.651432037353516,8.896395229385234e-07,4.265924453735352,4.265914440155029,9.78592834144365e-06,0.0,0.0,-0.0,5881.30029296875,0.0,1527.946533203125,1895.4371337890625,0.0,3023.712646484375,0.9049570560455322,1.0,0.0,3.0,1.0,0.0
12137820,296.9165344238281,297.1499938964844,293.1499938964844,0.0,-0.0,285.37725830078125,0.966060996055603,0.5671541094779968,0.5124340057373047,297.4136657714844,297.1499938964844,293.1499938964844,0.0,-0.0,285.37744140625,0.879351019859314,0.4378374516963959,0.4165111780166626,297.2403869628906,297.1499938964844,293.1499938964844,0.0,-0.0,285.3778686523437,0.7814067006111145,0.3033103346824646,0.2145671099424362,297.25860595703125,297.1499938964844,293.1499938964844,0.0,-0.0,285.3780517578125,0.7498025894165039,0.2673858404159546,0.2565501928329468,297.17926025390625,297.1499938964844,293.1499938964844,0.0,-0.0,285.37847900390625,0.6923433542251587,0.2081995755434036,0.9534155130386353,285.37750244140625,284.95001220703125,299.6434631347656,289.0238037109375,298.1000671386719,297.2886962890625,285.3755798339844,1.0,0.5469891428947449,0.4670882523059845,0.4670882523059845,1.0,1.0,-2.825631618499756,0.9745243787765504,1.8511072397232056,0.3386251330375671,0.9160234332084656,0.9160234332084656,0.0,151.4508819580078,166.0,37342.13671875,0.0,2013.2518310546875,1.0,281.5581359863281,283.9879150390625,292.1094055175781,294.5556640625,293.1499938964844,293.1499938964844,281.25,35279.13671875,36000.0,313.1499938964844,0.0,18000.0,1.0,0.0,0.0,0.0,1.0,0.8803567290306091,1.0,0.0,0.0,3.678924798965454,3.678948879241944,9.030984529090348e-07,4.265924453735352,4.265914440155029,9.78592834144365e-06,0.0,0.0,-0.0,5986.7041015625,0.0,1560.1510009765625,1895.4371337890625,0.0,3219.923583984375,0.9112409353256226,1.0,0.0,3.0,1.0,0.0
12137880,296.9165344238281,297.1499938964844,293.1499938964844,0.0,-0.0,285.37725830078125,0.966060996055603,0.5671541094779968,0.5124340057373047,297.4136657714844,297.1499938964844,293.1499938964844,0.0,-0.0,285.37744140625,0.879351019859314,0.4378374516963959,0.4165111780166626,297.2403869628906,297.1499938964844,293.1499938964844,0.0,-0.0,285.3778686523437,0.7814067006111145,0.3033103346824646,0.2145671099424362,297.25860595703125,297.1499938964844,293.1499938964844,0.0,-0.0,285.3780517578125,0.7498025894165039,0.2673858404159546,0.2565501928329468,297.17926025390625,297.1499938964844,293.1499938964844,0.0,-0.0,285.37847900390625,0.6923433542251587,0.2081995755434036,0.9534155130386353,285.37750244140625,284.95001220703125,299.6434631347656,289.0238037109375,298.1000671386719,297.2886962890625,285.3755798339844,1.0,0.5469891428947449,0.4670882523059845,0.4670882523059845,1.0,1.0,-2.825631618499756,0.9745243787765504,1.8511072397232056,0.3386251330375671,0.9160234332084656,0.9160234332084656,0.0,151.4508819580078,166.0,37342.13671875,0.0,2013.2518310546875,1.0,281.5581359863281,283.9879150390625,292.1094055175781,294.5556640625,293.1499938964844,293.1499938964844,281.25,35279.13671875,36000.0,313.1499938964844,0.0,18000.0,1.0,0.0,0.0,0.0,1.0,0.8803567290306091,1.0,0.0,0.0,3.678924798965454,3.678948879241944,9.030984529090348e-07,4.265924453735352,4.265914440155029,9.78592834144365e-06,0.0,0.0,-0.0,5986.7041015625,0.0,1560.1510009765625,1895.4371337890625,0.0,3219.923583984375,0.9112409353256226,1.0,0.0,3.0,1.0,0.0
12137940,296.8913879394531,297.1499938964844,293.1499938964844,0.0,-0.0,285.1796569824219,0.9520502090454102,0.5618978142738342,0.5080446600914001,297.3969116210937,297.1499938964844,293.1499938964844,0.0,-0.0,285.1799011230469,0.8707869052886963,0.4392249286174774,0.4182328879833221,297.225341796875,297.1499938964844,293.1499938964844,0.0,-0.0,285.180419921875,0.7726556658744812,0.3028520047664642,0.2145456373691558,297.2460632324219,297.1499938964844,293.1499938964844,0.0,-0.0,285.1806335449219,0.7423555850982666,0.2673894166946411,0.2569510638713836,297.1669006347656,297.1499938964844,293.1499938964844,0.0,-0.0,285.18121337890625,0.6836627125740051,0.2072968333959579,0.9511796832084656,285.1799621582031,284.95001220703125,299.6615295410156,289.0648498535156,298.09356689453125,297.2735900878906,285.1776428222656,1.0,0.5503371953964233,0.4656116366386413,0.4656116366386413,1.0,1.0,-2.8201992511749268,0.9693112373352052,1.8508880138397217,0.3347108662128448,0.9171901345252992,0.9171901345252992,0.0,158.03964233398438,166.0,38364.671875,0.0,2036.1370849609373,1.0,281.2606811523437,283.7457275390625,292.1307983398437,294.6463928222656,293.1499938964844,293.1499938964844,281.25,35499.171875,36000.0,313.1499938964844,0.0,18000.0,1.0,0.0,0.0,0.0,1.0,0.8945146799087524,1.0,0.0,0.0,3.696526050567627,3.6965503692626953,9.117605941355578e-07,4.265924453735352,4.265914440155029,9.78592834144365e-06,0.0,0.0,-0.0,5758.82568359375,0.0,1581.754638671875,1895.4371337890625,0.0,3352.40185546875,0.9153293967247008,1.0,0.0,3.0,1.0,0.0
12138000,296.8896179199219,297.1499938964844,293.1499938964844,0.0,-0.0,285.17584228515625,0.9509018659591676,0.5614687204360962,0.5076549053192139,297.3955078125,297.1499938964844,293.1499938964844,0.0,-0.0,285.176025390625,0.8701335191726685,0.439342737197876,0.4183564484119415,297.2240905761719,297.1499938964844,293.1499938964844,0.0,-0.0,285.1764221191406,0.7719729542732239,0.3028082549571991,0.2145262956619262,297.2449645996094,297.1499938964844,293.1499938964844,0.0,-0.0,285.1766052246094,0.7417777180671692,0.267382264137268,0.2569628357887268,297.1658020019531,297.1499938964844,293.1499938964844,0.0,-0.0,285.1770324707031,0.6829726696014404,0.2072105705738067,0.9508875012397766,285.17608642578125,284.95001220703125,299.6630859375,289.068359375,298.093017578125,297.2723083496094,285.1741943359375,1.0,0.5505666136741638,0.4654832184314728,0.4654832184314728,1.0,1.0,-2.81951904296875,0.9687753915786744,1.850743651390076,0.3343285322189331,0.9173814058303832,0.9173814058303832,0.0,158.55242919921875,169.0,38372.83984375,0.0,2037.494873046875,1.0,281.2579345703125,283.7416076660156,292.1268920898437,294.63739013671875,293.1499938964844,293.1499938964844,280.95001220703125,35510.6953125,36000.0,313.1499938964844,0.0,18000.0,1.0,0.0,0.0,0.0,1.0,0.8947685360908508,1.0,0.0,0.0,3.697806835174561,3.697831153869629,9.123925792664522e-07,4.265924453735352,4.265914440155029,9.78592834144365e-06,0.0,0.0,-0.0,6092.26611328125,0.0,1583.30029296875,1895.4371337890625,0.0,3354.772216796875,0.9156273603439332,1.0,0.0,3.0,1.0,0.0
12138060,296.86492919921875,297.1499938964844,293.1499938964844,0.0,-0.0,284.9757385253906,0.9375578761100768,0.5556671023368835,0.5027576684951782,297.375732421875,297.1499938964844,293.1499938964844,0.0,-0.0,284.9759216308594,0.8630357980728149,0.4404506683349609,0.4197224080562591,297.2064208984375,297.1499938964844,293.1499938964844,0.0,-0.0,284.976318359375,0.7643892765045166,0.3019582033157348,0.2141666859388351,297.2294921875,297.1499938964844,293.1499938964844,0.0,-0.0,284.9764709472656,0.7353668808937073,0.2670205533504486,0.256938099861145,297.15093994140625,297.1499938964844,293.1499938964844,0.0,-0.0,284.9769287109375,0.6751598119735718,0.2059059888124466,0.9465045928955078,284.9759521484375,284.95001220703125,299.6825866699219,289.1111755371094,298.0865173339844,297.2542724609375,284.9740905761719,1.0,0.5528327822685242,0.4650427103042602,0.4650427103042602,1.0,1.0,-2.8095486164093018,0.9638176560401917,1.845730900764465,0.331657350063324,0.916089117527008,0.916089117527008,0.0,164.28216552734375,172.0,39376.046875,0.0,2048.734619140625,1.0,280.95782470703125,283.4997253417969,292.15338134765625,294.72381591796875,293.1499938964844,293.1499938964844,280.6499938964844,35765.9453125,36000.0,313.1499938964844,0.0,18000.0,1.0,0.0,0.0,0.0,1.0,0.9058049917221068,1.0,0.0,0.0,3.707249879837036,3.707274436950684,9.17058457616804e-07,4.265924453735352,4.265914440155029,9.78592834144365e-06,0.0,0.0,-0.0,6200.89501953125,0.0,1596.020751953125,1895.4371337890625,0.0,3457.632568359375,0.9179142713546752,1.0,0.0,3.0,1.0,0.0
12138120,296.86492919921875,297.1499938964844,293.1499938964844,0.0,-0.0,284.9757385253906,0.9375578761100768,0.5556671023368835,0.5027576684951782,297.375732421875,297.1499938964844,293.1499938964844,0.0,-0.0,284.9759216308594,0.8630357980728149,0.4404506683349609,0.4197224080562591,297.2064208984375,297.1499938964844,293.1499938964844,0.0,-0.0,284.976318359375,0.7643892765045166,0.3019582033157348,0.2141666859388351,297.2294921875,297.1499938964844,293.1499938964844,0.0,-0.0,284.9764709472656,0.7353668808937073,0.2670205533504486,0.256938099861145,297.15093994140625,297.1499938964844,293.1499938964844,0.0,-0.0,284.9769287109375,0.6751598119735718,0.2059059888124466,0.9465045928955078,284.9759521484375,284.95001220703125,299.6825866699219,289.1111755371094,298.0865173339844,297.2542724609375,284.9740905761719,1.0,0.5528327822685242,0.4650427103042602,0.4650427103042602,1.0,1.0,-2.8095486164093018,0.9638176560401917,1.845730900764465,0.331657350063324,0.916089117527008,0.916089117527008,0.0,164.28216552734375,172.0,39376.046875,0.0,2048.734619140625,1.0,280.95782470703125,283.4997253417969,292.15338134765625,294.72381591796875,293.1499938964844,293.1499938964844,280.6499938964844,35765.9453125,36000.0,313.1499938964844,0.0,18000.0,1.0,0.0,0.0,0.0,1.0,0.9058049917221068,1.0,0.0,0.0,3.707249879837036,3.707274436950684,9.17058457616804e-07,4.265924453735352,4.265914440155029,9.78592834144365e-06,0.0,0.0,-0.0,6200.89501953125,0.0,1596.020751953125,1895.4371337890625,0.0,3457.632568359375,0.9179142713546752,1.0,0.0,3.0,1.0,0.0
12138180,296.8417053222656,297.1499938964844,293.1499938964844,0.0,-0.0,284.7754211425781,0.92562597990036,0.549704372882843,0.4976888000965118,297.35565185546875,297.1499938964844,293.1499938964844,0.0,-0.0,284.77557373046875,0.8572670817375183,0.4412772953510284,0.4207710027694702,297.1886901855469,297.1499938964844,293.1499938964844,0.0,-0.0,284.7759704589844,0.7579948306083679,0.3008766174316406,0.2136064171791076,297.213623046875,297.1499938964844,293.1499938964844,0.0,-0.0,284.776123046875,0.7299357056617737,0.2664210200309753,0.2566339075565338,297.1358947753906,297.1499938964844,293.1499938964844,0.0,-0.0,284.7765808105469,0.6683706641197205,0.2043945491313934,0.9409409165382384,284.775634765625,284.95001220703125,299.701904296875,289.1518859863281,298.0796813964844,297.2359313964844,284.7737731933594,1.0,0.5542323589324951,0.4646022021770477,0.4646022021770477,1.0,1.0,-2.796993494033813,0.9579132199287416,1.8390803337097168,0.3286015093326568,0.9121211171150208,0.9121211171150208,0.0,169.09075927734375,175.0,40309.58984375,0.0,2051.26904296875,1.0,280.65777587890625,283.2601623535156,292.1858825683594,294.8135986328125,293.1499938964844,293.1499938964844,280.3500061035156,36039.203125,36000.0,313.1499938964844,0.0,18000.0,1.0,0.0,0.0,0.0,1.0,0.9152655005455016,1.0,0.0,0.0,3.706575632095337,3.706600189208984,9.167249004349288e-07,4.265924453735352,4.265914440155029,9.78592834144365e-06,0.0,0.0,-0.0,6307.978515625,0.0,1597.3251953125,1895.4371337890625,0.0,3545.40283203125,0.917945384979248,1.0,0.0,3.0,1.0,0.0
12138240,296.8417053222656,297.1499938964844,293.1499938964844,0.0,-0.0,284.7754211425781,0.92562597990036,0.549704372882843,0.4976888000965118,297.35565185546875,297.1499938964844,293.1499938964844,0.0,-0.0,284.77557373046875,0.8572670817375183,0.4412772953510284,0.4207710027694702,297.1886901855469,297.1499938964844,293.1499938964844,0.0,-0.0,284.7759704589844,0.7579948306083679,0.3008766174316406,0.2136064171791076,297.213623046875,297.1499938964844,293.1499938964844,0.0,-0.0,284.776123046875,0.7299357056617737,0.2664210200309753,0.2566339075565338,297.1358947753906,297.1499938964844,293.1499938964844,0.0,-0.0,284.7765808105469,0.6683706641197205,0.2043945491313934,0.9409409165382384,284.775634765625,284.95001220703125,299.701904296875,289.1518859863281,298.0796813964844,297.2359313964844,284.7737731933594,1.0,0.5542323589324951,0.4646022021770477,0.4646022021770477,1.0,1.0,-2.796993494033813,0.9579132199287416,1.8390803337097168,0.3286015093326568,0.9121211171150208,0.9121211171150208,0.0,169.09075927734375,175.0,40309.58984375,0.0,2051.26904296875,1.0,280.65777587890625,283.2601623535156,292.1858825683594,294.8135986328125,293.1499938964844,293.1499938964844,280.3500061035156,36039.203125,36000.0,313.1499938964844,0.0,18000.0,1.0,0.0,0.0,0.0,1.0,0.9152655005455016,1.0,0.0,0.0,3.706575632095337,3.706600189208984,9.167249004349288e-07,4.265924453735352,4.265914440155029,9.78592834144365e-06,0.0,0.0,-0.0,6307.978515625,0.0,1597.3251953125,1895.4371337890625,0.0,3545.40283203125,0.917945384979248,1.0,0.0,3.0,1.0,0.0
12138300,296.83087158203125,297.1499938964844,293.1499938964844,0.0,-0.0,284.6283569335937,0.9202417731285096,0.5466917753219604,0.4951663911342621,297.34588623046875,297.1499938964844,293.1499938964844,0.0,-0.0,284.62921142578125,0.8548009395599365,0.4416203796863556,0.4212400317192077,297.1801147460937,297.1499938964844,293.1499938964844,0.0,-0.0,284.6313171386719,0.7551809549331665,0.3002827167510986,0.2132925540208816,297.2059020996094,297.1499938964844,293.1499938964844,0.0,-0.0,284.6322021484375,0.7275229096412659,0.2660651504993438,0.2564271986484527,297.1286315917969,297.1499938964844,293.1499938964844,0.0,-0.0,284.6346435546875,0.6653155088424683,0.203592911362648,0.9379215240478516,284.6295166015625,284.95001220703125,299.7115173339844,289.1713256835937,298.076416015625,297.2270812988281,284.6199951171875,1.0,0.5547125339508057,0.4643819630146026,0.4643819630146026,1.0,1.0,-2.7902719974517822,0.9547863006591796,1.8354856967926023,0.3269901573657989,0.9085734486579896,0.9085734486579896,0.0,171.21194458007812,175.0,41160.7265625,0.0,2050.447265625,1.0,280.3998107910156,283.0753479003906,292.2274475097656,294.95770263671875,293.1499938964844,293.1499938964844,280.3500061035156,36195.19921875,36000.0,313.1499938964844,0.0,18000.0,1.0,0.0,0.0,0.0,1.0,0.9219788908958436,1.0,0.0,0.0,3.702414035797119,3.702438592910767,9.146675665760996e-07,4.265924453735352,4.265914440155029,9.78592834144365e-06,0.0,0.0,-0.0,6113.81298828125,0.0,1593.7489013671875,1895.4371337890625,0.0,3607.409423828125,0.9170835614204408,1.0,0.0,3.0,1.0,0.0
12138360,296.82000732421875,297.1499938964844,293.1499938964844,0.0,-0.0,284.5760803222656,0.9148887395858764,0.5436016917228699,0.4924698770046234,297.3358764648437,297.1499938964844,293.1499938964844,0.0,-0.0,284.57623291015625,0.8523228764533997,0.4418789148330688,0.4215768277645111,297.17144775390625,297.1499938964844,293.1499938964844,0.0,-0.0,284.5765991210937,0.7523573040962219,0.2996205687522888,0.21290123462677,297.1980285644531,297.1499938964844,293.1499938964844,0.0,-0.0,284.5767517089844,0.7250778079032898,0.2656468749046325,0.2561317980289459,297.1213073730469,297.1499938964844,293.1499938964844,0.0,-0.0,284.57720947265625,0.6622558236122131,0.2027373164892196,0.9345660209655762,284.5762939453125,284.95001220703125,299.7210693359375,289.1900939941406,298.072998046875,297.2178649902344,284.57452392578125,1.0,0.5550535917282104,0.4642554223537445,0.4642554223537445,1.0,1.0,-2.782578945159912,0.9514537453651428,1.8311251401901243,0.3253933489322662,0.9055017828941344,0.9055017828941344,0.0,173.29763793945312,178.0,41178.03125,0.0,2047.8758544921875,1.0,280.35772705078125,283.0240478515625,292.2195129394531,294.90185546875,293.1499938964844,293.1499938964844,280.04998779296875,36329.66796875,36000.0,313.1499938964844,0.0,18000.0,1.0,0.0,0.0,0.0,1.0,0.923827588558197,1.0,0.0,0.0,3.695149183273315,3.695173740386963,9.110815994972654e-07,4.265924453735352,4.265914440155029,9.78592834144365e-06,0.0,0.0,-0.0,6412.0830078125,0.0,1586.47900390625,1895.4371337890625,0.0,3624.43896484375,0.9155805110931396,1.0,0.0,3.0,1.0,0.0
12138420,296.7999267578125,297.1499938964844,293.1499938964844,0.0,-0.0,284.3792419433594,0.905324161052704,0.5373884439468384,0.4871308207511902,297.31671142578125,297.1499938964844,293.1499938964844,0.0,-0.0,284.3793640136719,0.8478981852531433,0.4422896206378937,0.4221817851066589,297.15496826171875,297.1499938964844,293.1499938964844,0.0,-0.0,284.3797302246094,0.7472112774848938,0.2982237339019775,0.2120823711156845,297.1830444335937,297.1499938964844,293.1499938964844,0.0,-0.0,284.3798828125,0.7205354571342468,0.2647356688976288,0.2554786205291748,297.10748291015625,297.1499938964844,293.1499938964844,0.0,-0.0,284.3803100585937,0.6566037535667419,0.2009728103876114,0.9276057481765748,284.3794250488281,284.95001220703125,299.74005126953125,289.22540283203125,298.0667419433594,297.200439453125,284.37774658203125,1.0,0.5554829239845276,0.4640023708343506,0.4640023708343506,1.0,1.0,-2.766756772994995,0.9446424841880798,1.82211434841156,0.3221353888511657,0.8962751030921936,0.8962751030921936,0.0,177.1146240234375,166.0,42020.8984375,0.0,2040.3629150390625,1.0,280.0579528808594,282.7955627441406,292.25177001953125,294.98712158203125,293.1499938964844,293.1499938964844,280.3500061035156,36640.11328125,36000.0,313.1499938964844,0.0,18000.0,1.0,0.0,0.0,0.0,1.0,0.9317378997802734,1.0,0.0,0.0,3.6722123622894287,3.672236680984497,8.998059115583601e-07,4.265924453735352,4.265914440155029,9.78592834144365e-06,0.0,0.0,-0.0,5798.38916015625,0.0,1562.840087890625,1895.4371337890625,0.0,3697.060302734375,0.9106579422950744,1.0,0.0,3.0,1.0,0.0
12138480,296.7999267578125,297.1499938964844,293.1499938964844,0.0,-0.0,284.3792419433594,0.905324161052704,0.5373884439468384,0.4871308207511902,297.31671142578125,297.1499938964844,293.1499938964844,0.0,-0.0,284.3793640136719,0.8478981852531433,0.4422896206378937,0.4221817851066589,297.15496826171875,297.1499938964844,293.1499938964844,0.0,-0.0,284.3797302246094,0.7472112774848938,0.2982237339019775,0.2120823711156845,297.1830444335937,297.1499938964844,293.1499938964844,0.0,-0.0,284.3798828125,0.7205354571342468,0.2647356688976288,0.2554786205291748,297.10748291015625,297.1499938964844,293.1499938964844,0.0,-0.0,284.3803100585937,0.6566037535667419,0.2009728103876114,0.9276057481765748,284.3794250488281,284.95001220703125,299.74005126953125,289.22540283203125,298.0667419433594,297.200439453125,284.37774658203125,1.0,0.5554829239845276,0.4640023708343506,0.4640023708343506,1.0,1.0,-2.766756772994995,0.9446424841880798,1.82211434841156,0.3221353888511657,0.8962751030921936,0.8962751030921936,0.0,177.1146240234375,166.0,42020.8984375,0.0,2040.3629150390625,1.0,280.0579528808594,282.7955627441406,292.25177001953125,294.98712158203125,293.1499938964844,293.1499938964844,280.3500061035156,36640.11328125,36000.0,313.1499938964844,0.0,18000.0,1.0,0.0,0.0,0.0,1.0,0.9317378997802734,1.0,0.0,0.0,3.6722123622894287,3.672236680984497,8.998059115583601e-07,4.265924453735352,4.265914440155029,9.78592834144365e-06,0.0,0.0,-0.0,5798.38916015625,0.0,1562.840087890625,1895.4371337890625,0.0,3697.060302734375,0.9106579422950744,1.0,0.0,3.0,1.0,0.0
12138540,296.8067932128906,297.1499938964844,293.1499938964844,0.0,-0.0,284.55596923828125,0.906465232372284,0.5336146950721741,0.4829452931880951,297.3139953613281,297.1499938964844,293.1499938964844,0.0,-0.0,284.55584716796875,0.8519484400749207,0.4441028535366058,0.4232961535453796,297.15240478515625,297.1499938964844,293.1499938964844,0.0,-0.0,284.5554504394531,0.7495105862617493,0.2980069518089294,0.211547702550888,297.1791381835937,297.1499938964844,293.1499938964844,0.0,-0.0,284.5552978515625,0.7229006886482239,0.2647420465946197,0.255045473575592,297.1033630371094,297.1499938964844,293.1499938964844,0.0,-0.0,284.5548095703125,0.6578037738800049,0.2000007927417755,0.9213315844535828,284.5557556152344,284.95001220703125,299.7588806152344,289.25750732421875,298.0701904296875,297.1974792480469,284.5575256347656,1.0,0.5514552593231201,0.4637493193149566,0.4637493193149566,1.0,1.0,-2.754352569580078,0.9392048120498656,1.8151477575302124,0.3193432092666626,0.8924189209938049,0.8924189209938049,0.0,173.60546875,154.0,40841.0703125,0.0,2003.9716796875,1.0,280.3422546386719,283.0132141113281,292.1953430175781,294.78887939453125,293.1499938964844,293.1499938964844,280.6499938964844,36579.375,36000.0,313.1499938964844,0.0,18000.0,1.0,0.0,0.0,0.0,1.0,0.914907932281494,1.0,0.0,0.0,3.649780035018921,3.64980411529541,8.888462730283209e-07,4.265924453735352,4.265914440155029,9.78592834144365e-06,0.0,0.0,-0.0,5659.4873046875,0.0,1537.2584228515625,1895.4371337890625,0.0,3542.093505859375,0.905637502670288,1.0,0.0,3.0,1.0,0.0
12138600,296.8067932128906,297.1499938964844,293.1499938964844,0.0,-0.0,284.55596923828125,0.906465232372284,0.5336146950721741,0.4829452931880951,297.3139953613281,297.1499938964844,293.1499938964844,0.0,-0.0,284.55584716796875,0.8519484400749207,0.4441028535366058,0.4232961535453796,297.15240478515625,297.1499938964844,293.1499938964844,0.0,-0.0,284.5554504394531,0.7495105862617493,0.2980069518089294,0.211547702550888,297.1791381835937,297.1499938964844,293.1499938964844,0.0,-0.0,284.5552978515625,0.7229006886482239,0.2647420465946197,0.255045473575592,297.1033630371094,297.1499938964844,293.1499938964844,0.0,-0.0,284.5548095703125,0.6578037738800049,0.2000007927417755,0.9213315844535828,284.5557556152344,284.95001220703125,299.7588806152344,289.25750732421875,298.0701904296875,297.1974792480469,284.5575256347656,1.0,0.5514552593231201,0.4637493193149566,0.4637493193149566,1.0,1.0,-2.754352569580078,0.9392048120498656,1.8151477575302124,0.3193432092666626,0.8924189209938049,0.8924189209938049,0.0,173.60546875,154.0,40841.0703125,0.0,2003.9716796875,1.0,280.3422546386719,283.0132141113281,292.1953430175781,294.78887939453125,293.1499938964844,293.1499938964844,280.6499938964844,36579.375,36000.0,313.1499938964844,0.0,18000.0,1.0,0.0,0.0,0.0,1.0,0.914907932281494,1.0,0.0,0.0,3.649780035018921,3.64980411529541,8.888462730283209e-07,4.265924453735352,4.265914440155029,9.78592834144365e-06,0.0,0.0,-0.0,5659.4873046875,0.0,1537.2584228515625,1895.4371337890625,0.0,3542.093505859375,0.905637502670288,1.0,0.0,3.0,1.0,0.0
12138660,296.8310241699219,297.1499938964844,293.1499938964844,0.0,-0.0,284.7591247558594,0.9167135953903198,0.5317125916481018,0.4806224405765533,297.32550048828125,297.1499938964844,293.1499938964844,0.0,-0.0,284.75897216796875,0.8633936643600464,0.447334885597229,0.4257237315177917,297.1624450683594,297.1499938964844,293.1499938964844,0.0,-0.0,284.75848388671875,0.758392870426178,0.2990448772907257,0.2118413895368576,297.1862487792969,297.1499938964844,293.1499938964844,0.0,-0.0,284.75830078125,0.7311786413192749,0.2658238708972931,0.2555127143859863,297.11016845703125,297.1499938964844,293.1499938964844,0.0,-0.0,284.7577209472656,0.6652093529701233,0.2000890672206878,0.919078528881073,284.7588806152344,284.95001220703125,299.7774963378906,289.28594970703125,298.0832214355469,297.2080383300781,284.76104736328125,1.0,0.5458748936653137,0.463626354932785,0.463626354932785,1.0,1.0,-2.752676725387573,0.9382904171943665,1.814386367797852,0.3186802864074707,0.891513466835022,0.891513466835022,0.0,165.15415954589844,142.0,39821.67578125,0.0,1961.6456298828125,1.0,280.6416931152344,283.2564697265625,292.2138977050781,294.7238464355469,293.1499938964844,293.1499938964844,280.95001220703125,36388.6171875,36000.0,313.1499938964844,0.0,18000.0,1.0,0.0,0.0,0.0,1.0,0.8969879150390625,1.0,0.0,0.0,3.634526252746582,3.634550094604492,8.814321859063057e-07,4.265924453735352,4.265914440155029,9.78592834144365e-06,0.0,0.0,-0.0,5574.1875,0.0,1518.91650390625,1895.4371337890625,0.0,3375.491455078125,0.9021089673042296,1.0,0.0,3.0,1.0,0.0
12138720,296.8310241699219,297.1499938964844,293.1499938964844,0.0,-0.0,284.7591247558594,0.9167135953903198,0.5317125916481018,0.4806224405765533,297.32550048828125,297.1499938964844,293.1499938964844,0.0,-0.0,284.75897216796875,0.8633936643600464,0.447334885597229,0.4257237315177917,297.1624450683594,297.1499938964844,293.1499938964844,0.0,-0.0,284.75848388671875,0.758392870426178,0.2990448772907257,0.2118413895368576,297.1862487792969,297.1499938964844,293.1499938964844,0.0,-0.0,284.75830078125,0.7311786413192749,0.2658238708972931,0.2555127143859863,297.11016845703125,297.1499938964844,293.1499938964844,0.0,-0.0,284.7577209472656,0.6652093529701233,0.2000890672206878,0.919078528881073,284.7588806152344,284.95001220703125,299.7774963378906,289.28594970703125,298.0832214355469,297.2080383300781,284.76104736328125,1.0,0.5458748936653137,0.463626354932785,0.463626354932785,1.0,1.0,-2.752676725387573,0.9382904171943665,1.814386367797852,0.3186802864074707,0.891513466835022,0.891513466835022,0.0,165.15415954589844,142.0,39821.67578125,0.0,1961.6456298828125,1.0,280.6416931152344,283.2564697265625,292.2138977050781,294.7238464355469,293.1499938964844,293.1499938964844,280.95001220703125,36388.6171875,36000.0,313.1499938964844,0.0,18000.0,1.0,0.0,0.0,0.0,1.0,0.8969879150390625,1.0,0.0,0.0,3.634526252746582,3.634550094604492,8.814321859063057e-07,4.265924453735352,4.265914440155029,9.78592834144365e-06,0.0,0.0,-0.0,5574.1875,0.0,1518.91650390625,1895.4371337890625,0.0,3375.491455078125,0.9021089673042296,1.0,0.0,3.0,1.0,0.0
12138780,296.8604431152344,297.1499938964844,293.1499938964844,0.0,-0.0,284.9656066894531,0.9332743883132936,0.5306494832038879,0.47910937666893,297.34295654296875,297.1499938964844,293.1499938964844,0.0,-0.0,284.9654541015625,0.8800138235092163,0.4513227939605713,0.4288862645626068,297.177978515625,297.1499938964844,293.1499938964844,0.0,-0.0,284.9649658203125,0.7718721032142639,0.3007696866989136,0.2126214802265167,297.1988220214844,297.1499938964844,293.1499938964844,0.0,-0.0,284.9647521972656,0.7434172034263611,0.2675514817237854,0.256578117609024,297.1228942871094,297.1499938964844,293.1499938964844,0.0,-0.0,284.96417236328125,0.6770182847976685,0.2008695155382156,0.9198486804962158,284.96533203125,284.95001220703125,299.7959289550781,289.3103942871094,298.1004333496094,297.2245483398437,284.96759033203125,1.0,0.5397182703018188,0.4635034203529358,0.4635034203529358,1.0,1.0,-2.757797241210937,0.9400833249092102,1.8177138566970823,0.3192333281040191,0.8933881521224976,0.8933881521224976,0.0,154.4805145263672,130.0,38904.984375,0.0,1919.5567626953125,1.0,280.94158935546875,283.500244140625,292.2518310546875,294.7014465332031,293.1499938964844,293.1499938964844,281.25,36135.3671875,36000.0,313.1499938964844,0.0,18000.0,1.0,0.0,0.0,0.0,1.0,0.8823953866958618,1.0,0.0,0.0,3.6286797523498535,3.628703594207764,8.785987688497698e-07,4.265924453735352,4.265914440155029,9.78592834144365e-06,0.0,0.0,-0.0,5503.57373046875,0.0,1510.5848388671875,1895.4371337890625,0.0,3239.025146484375,0.9006311297416687,1.0,0.0,3.0,1.0,0.0
12138840,296.8604431152344,297.1499938964844,293.1499938964844,0.0,-0.0,284.9656066894531,0.9332743883132936,0.5306494832038879,0.47910937666893,297.34295654296875,297.1499938964844,293.1499938964844,0.0,-0.0,284.9654541015625,0.8800138235092163,0.4513227939605713,0.4288862645626068,297.177978515625,297.1499938964844,293.1499938964844,0.0,-0.0,284.9649658203125,0.7718721032142639,0.3007696866989136,0.2126214802265167,297.1988220214844,297.1499938964844,293.1499938964844,0.0,-0.0,284.9647521972656,0.7434172034263611,0.2675514817237854,0.256578117609024,297.1228942871094,297.1499938964844,293.1499938964844,0.0,-0.0,284.96417236328125,0.6770182847976685,0.2008695155382156,0.9198486804962158,284.96533203125,284.95001220703125,299.7959289550781,289.3103942871094,298.1004333496094,297.2245483398437,284.96759033203125,1.0,0.5397182703018188,0.4635034203529358,0.4635034203529358,1.0,1.0,-2.757797241210937,0.9400833249092102,1.8177138566970823,0.3192333281040191,0.8933881521224976,0.8933881521224976,0.0,154.4805145263672,130.0,38904.984375,0.0,1919.5567626953125,1.0,280.94158935546875,283.500244140625,292.2518310546875,294.7014465332031,293.1499938964844,293.1499938964844,281.25,36135.3671875,36000.0,313.1499938964844,0.0,18000.0,1.0,0.0,0.0,0.0,1.0,0.8823953866958618,1.0,0.0,0.0,3.6286797523498535,3.628703594207764,8.785987688497698e-07,4.265924453735352,4.265914440155029,9.78592834144365e-06,0.0,0.0,-0.0,5503.57373046875,0.0,1510.5848388671875,1895.4371337890625,0.0,3239.025146484375,0.9006311297416687,1.0,0.0,3.0,1.0,0.0
12138900,296.8756103515625,297.1499938964844,293.1499938964844,0.0,-0.0,285.1141357421875,0.9431636333465576,0.5302993059158325,0.4784730970859527,297.3525390625,297.1499938964844,293.1499938964844,0.0,-0.0,285.1134948730469,0.8899256587028503,0.4534829556941986,0.4306045770645141,297.1864929199219,297.1499938964844,293.1499938964844,0.0,-0.0,285.1112060546875,0.7800436019897461,0.3017833530902862,0.2131063640117645,297.2060241699219,297.1499938964844,293.1499938964844,0.0,-0.0,285.1103210449219,0.750862181186676,0.2685661613941192,0.2572419643402099,297.1303405761719,297.1499938964844,293.1499938964844,0.0,-0.0,285.1075744628906,0.6842691898345947,0.2014269828796386,0.9209598898887634,285.1130065917969,284.95001220703125,299.8050537109375,289.32098388671875,298.109619140625,297.2335510253906,285.123046875,1.0,0.5365661978721619,0.46344193816185,0.46344193816185,1.0,1.0,-2.7618117332458496,0.941556453704834,1.820255160331726,0.3197704255580902,0.8958998918533325,0.8958998918533325,0.0,148.76377868652344,130.0,38070.80078125,0.0,1898.9285888671875,1.0,281.1981506347656,283.685546875,292.2441101074219,294.595458984375,293.1499938964844,293.1499938964844,281.25,35983.39453125,36000.0,313.1499938964844,0.0,18000.0,1.0,0.0,0.0,0.0,1.0,0.8738300204277039,1.0,0.0,0.0,3.629487991333008,3.629511833190918,8.789901926320454e-07,4.265924453735352,4.265914440155029,9.78592834144365e-06,0.0,0.0,-0.0,5677.1611328125,0.0,1510.343994140625,1895.4371337890625,0.0,3158.73486328125,0.9007418751716614,1.0,0.0,3.0,1.0,0.0
12138960,296.891357421875,297.1499938964844,293.1499938964844,0.0,-0.0,285.1714172363281,0.9541566371917723,0.5301108360290527,0.4780693650245666,297.36279296875,297.1499938964844,293.1499938964844,0.0,-0.0,285.1712951660156,0.9011505246162416,0.455773264169693,0.4324903488159179,297.1956481933594,297.1499938964844,293.1499938964844,0.0,-0.0,285.1708068847656,0.7894084453582764,0.3029126524925232,0.2136953324079513,297.2138366699219,297.1499938964844,293.1499938964844,0.0,-0.0,285.1706237792969,0.7594929933547974,0.2696898281574249,0.258030354976654,297.138427734375,297.1499938964844,293.1499938964844,0.0,-0.0,285.1700439453125,0.6925972104072571,0.2020987272262573,0.9226446747779846,285.1711730957031,284.95001220703125,299.81414794921875,289.3304443359375,298.1190795898437,297.2434387207031,285.17340087890625,1.0,0.5334361791610718,0.4631953239440918,0.4631953239440918,1.0,1.0,-2.767271041870117,0.9432481527328492,1.824022889137268,0.3201991021633148,0.8980051279067993,0.8980051279067993,0.0,142.80380249023438,118.0,38055.765625,0.0,1879.33544921875,1.0,281.2415466308594,283.7412414550781,292.28515625,294.6839904785156,293.1499938964844,293.1499938964844,281.54998779296875,35853.38671875,36000.0,313.1499938964844,0.0,18000.0,1.0,0.0,0.0,0.0,1.0,0.870607316493988,1.0,0.0,0.0,3.633360147476196,3.6333839893341056,8.808667075754784e-07,4.265924453735352,4.265914440155029,9.78592834144365e-06,0.0,0.0,-0.0,5438.556640625,0.0,1513.642578125,1895.4371337890625,0.0,3128.507568359375,0.9014817476272584,1.0,0.0,3.0,1.0,0.0
12139020,296.9223937988281,297.1499938964844,293.1499938964844,0.0,-0.0,285.3751220703125,0.9772233963012696,0.5299777388572693,0.4773897230625152,297.3833923339844,297.1499938964844,293.1499938964844,0.0,-0.0,285.375,0.9291818141937256,0.4605539739131927,0.436406522989273,297.2140197753906,297.1499938964844,293.1499938964844,0.0,-0.0,285.3745422363281,0.810889482498169,0.305350512266159,0.2149748504161834,297.2298278808594,297.1499938964844,293.1499938964844,0.0,-0.0,285.3743591308594,0.7800213694572449,0.2721163034439087,0.2597557008266449,297.15509033203125,297.1499938964844,293.1499938964844,0.0,-0.0,285.3738098144531,0.7117266654968262,0.2036376893520355,0.926853895187378,285.3749084472656,284.95001220703125,299.8321838378906,289.34576416015625,298.137939453125,297.26318359375,285.3769836425781,1.0,0.5272293090820312,0.462702065706253,0.462702065706253,1.0,1.0,-2.77982759475708,0.9472249746322632,1.8326027393341064,0.3212935030460357,0.9053253531455994,0.9053253531455994,0.0,130.67945861816406,106.0,37252.8203125,0.0,1841.4605712890625,1.0,281.5416564941406,283.9784240722656,292.3089294433594,294.660888671875,293.1499938964844,293.1499938964844,281.25,35566.1171875,36000.0,313.1499938964844,0.0,18000.0,1.0,0.0,0.0,0.0,1.0,0.8604848980903625,1.0,0.0,0.0,3.6487820148468018,3.648805856704712,8.883602049536421e-07,4.265924453735352,4.265914440155029,9.78592834144365e-06,0.0,0.0,-0.0,6001.85009765625,0.0,1528.5684814453125,1895.4371337890625,0.0,3033.552734375,0.9047313332557678,1.0,0.0,3.0,1.0,0.0
12139080,296.9223937988281,297.1499938964844,293.1499938964844,0.0,-0.0,285.3751220703125,0.9772233963012696,0.5299777388572693,0.4773897230625152,297.3833923339844,297.1499938964844,293.1499938964844,0.0,-0.0,285.375,0.9291818141937256,0.4605539739131927,0.436406522989273,297.2140197753906,297.1499938964844,293.1499938964844,0.0,-0.0,285.3745422363281,0.810889482498169,0.305350512266159,0.2149748504161834,297.2298278808594,297.1499938964844,293.1499938964844,0.0,-0.0,285.3743591308594,0.7800213694572449,0.2721163034439087,0.2597557008266449,297.15509033203125,297.1499938964844,293.1499938964844,0.0,-0.0,285.3738098144531,0.7117266654968262,0.2036376893520355,0.926853895187378,285.3749084472656,284.95001220703125,299.8321838378906,289.34576416015625,298.137939453125,297.26318359375,285.3769836425781,1.0,0.5272293090820312,0.462702065706253,0.462702065706253,1.0,1.0,-2.77982759475708,0.9472249746322632,1.8326027393341064,0.3212935030460357,0.9053253531455994,0.9053253531455994,0.0,130.67945861816406,106.0,37252.8203125,0.0,1841.4605712890625,1.0,281.5416564941406,283.9784240722656,292.3089294433594,294.660888671875,293.1499938964844,293.1499938964844,281.25,35566.1171875,36000.0,313.1499938964844,0.0,18000.0,1.0,0.0,0.0,0.0,1.0,0.8604848980903625,1.0,0.0,0.0,3.6487820148468018,3.648805856704712,8.883602049536421e-07,4.265924453735352,4.265914440155029,9.78592834144365e-06,0.0,0.0,-0.0,6001.85009765625,0.0,1528.5684814453125,1895.4371337890625,0.0,3033.552734375,0.9047313332557678,1.0,0.0,3.0,1.0,0.0
12139140,296.9281921386719,297.1499938964844,293.1499938964844,0.0,-0.0,285.20965576171875,0.9975091814994812,0.5277132391929626,0.4755837023258209,297.3880920410156,297.1499938964844,293.1499938964844,0.0,-0.0,285.209716796875,0.9597045183181764,0.4640105366706848,0.4396414756774902,297.21954345703125,297.1499938964844,293.1499938964844,0.0,-0.0,285.2100524902344,0.8323703408241272,0.3067397177219391,0.2158712297677993,297.2357177734375,297.1499938964844,293.1499938964844,0.0,-0.0,285.2101745605469,0.8028464317321777,0.2737408280372619,0.2611164152622223,297.16339111328125,297.1499938964844,293.1499938964844,0.0,-0.0,285.2105712890625,0.7305088639259338,0.2045587301254272,0.9299335479736328,285.2098083496094,284.95001220703125,299.8500061035156,289.3558959960937,298.1471862792969,297.2688903808594,285.2084045410156,1.0,0.5208330750465393,0.4622088372707367,0.4622088372707367,1.0,1.0,-2.7879679203033447,0.9494256973266602,1.838542342185974,0.3217668235301971,0.9074702858924866,0.9074702858924866,0.0,119.26781463623048,109.0,38413.8125,0.0,1799.8204345703125,1.0,281.2577819824219,283.76708984375,292.4219055175781,294.9176025390625,293.1499938964844,293.1499938964844,280.95001220703125,35633.21875,36000.0,313.1499938964844,0.0,18000.0,1.0,0.0,0.0,0.0,1.0,0.878453254699707,1.0,0.0,0.0,3.6632139682769775,3.663238048553467,8.95401569778187e-07,4.265924453735352,4.265914440155029,9.78592834144365e-06,0.0,0.0,-0.0,6164.525390625,0.0,1545.1651611328125,1895.4371337890625,0.0,3202.083251953125,0.90797621011734,1.0,0.0,3.0,1.0,0.0
12139200,296.9281921386719,297.1499938964844,293.1499938964844,0.0,-0.0,285.20965576171875,0.9975091814994812,0.5277132391929626,0.4755837023258209,297.3880920410156,297.1499938964844,293.1499938964844,0.0,-0.0,285.209716796875,0.9597045183181764,0.4640105366706848,0.4396414756774902,297.21954345703125,297.1499938964844,293.1499938964844,0.0,-0.0,285.2100524902344,0.8323703408241272,0.3067397177219391,0.2158712297677993,297.2357177734375,297.1499938964844,293.1499938964844,0.0,-0.0,285.2101745605469,0.8028464317321777,0.2737408280372619,0.2611164152622223,297.16339111328125,297.1499938964844,293.1499938964844,0.0,-0.0,285.2105712890625,0.7305088639259338,0.2045587301254272,0.9299335479736328,285.2098083496094,284.95001220703125,299.8500061035156,289.3558959960937,298.1471862792969,297.2688903808594,285.2084045410156,1.0,0.5208330750465393,0.4622088372707367,0.4622088372707367,1.0,1.0,-2.7879679203033447,0.9494256973266602,1.838542342185974,0.3217668235301971,0.9074702858924866,0.9074702858924866,0.0,119.26781463623048,109.0,38413.8125,0.0,1799.8204345703125,1.0,281.2577819824219,283.76708984375,292.4219055175781,294.9176025390625,293.1499938964844,293.1499938964844,280.95001220703125,35633.21875,36000.0,313.1499938964844,0.0,18000.0,1.0,0.0,0.0,0.0,1.0,0.878453254699707,1.0,0.0,0.0,3.6632139682769775,3.663238048553467,8.95401569778187e-07,4.265924453735352,4.265914440155029,9.78592834144365e-06,0.0,0.0,-0.0,6164.525390625,0.0,1545.1651611328125,1895.4371337890625,0.0,3202.083251953125,0.90797621011734,1.0,0.0,3.0,1.0,0.0
12139260,296.900146484375,297.1499938964844,293.1499938964844,0.0,-0.0,285.0013732910156,0.9986934661865234,0.5220548510551453,0.47099369764328,297.357421875,297.1499938964844,293.1499938964844,0.0,-0.0,285.00146484375,0.9649590253829956,0.4639132916927337,0.4401800632476806,297.19158935546875,297.1499938964844,293.1499938964844,0.0,-0.0,285.0019226074219,0.8350645899772644,0.3047811090946197,0.2149467915296554,297.2088928222656,297.1499938964844,293.1499938964844,0.0,-0.0,285.0020751953125,0.8058769106864929,0.2721007764339447,0.2601677477359772,297.1385192871094,297.1499938964844,293.1499938964844,0.0,-0.0,285.00262451171875,0.7319597005844116,0.202204093337059,0.9223234057426452,285.0015869140625,284.95001220703125,299.86773681640625,289.3627319335937,298.1324462890625,297.24078369140625,284.9993896484375,1.0,0.5172654986381531,0.4615419805049896,0.4615419805049896,1.0,1.0,-2.771721363067627,0.9416030049324036,1.8301182985305784,0.3177641928195953,0.906494677066803,0.906494677066803,0.0,116.70616149902344,112.0,39282.32421875,0.0,1762.9281005859375,1.0,280.9580993652344,283.51983642578125,292.435546875,295.0141906738281,293.1499938964844,293.1499938964844,280.6499938964844,35824.81640625,36000.0,313.1499938964844,0.0,18000.0,1.0,0.0,0.0,0.0,1.0,0.8968400955200195,1.0,0.0,0.0,3.670556545257568,3.6705806255340576,8.989946422843786e-07,4.265924453735352,4.265914440155029,9.78592834144365e-06,0.0,0.0,-0.0,6260.2919921875,0.0,1554.8409423828125,1895.4371337890625,0.0,3374.11181640625,0.9097389578819276,1.0,0.0,3.0,1.0,0.0
12139320,296.900146484375,297.1499938964844,293.1499938964844,0.0,-0.0,285.0013732910156,0.9986934661865234,0.5220548510551453,0.47099369764328,297.357421875,297.1499938964844,293.1499938964844,0.0,-0.0,285.00146484375,0.9649590253829956,0.4639132916927337,0.4401800632476806,297.19158935546875,297.1499938964844,293.1499938964844,0.0,-0.0,285.0019226074219,0.8350645899772644,0.3047811090946197,0.2149467915296554,297.2088928222656,297.1499938964844,293.1499938964844,0.0,-0.0,285.0020751953125,0.8058769106864929,0.2721007764339447,0.2601677477359772,297.1385192871094,297.1499938964844,293.1499938964844,0.0,-0.0,285.00262451171875,0.7319597005844116,0.202204093337059,0.9223234057426452,285.0015869140625,284.95001220703125,299.86773681640625,289.3627319335937,298.1324462890625,297.24078369140625,284.9993896484375,1.0,0.5172654986381531,0.4615419805049896,0.4615419805049896,1.0,1.0,-2.771721363067627,0.9416030049324036,1.8301182985305784,0.3177641928195953,0.906494677066803,0.906494677066803,0.0,116.70616149902344,112.0,39282.32421875,0.0,1762.9281005859375,1.0,280.9580993652344,283.51983642578125,292.435546875,295.0141906738281,293.1499938964844,293.1499938964844,280.6499938964844,35824.81640625,36000.0,313.1499938964844,0.0,18000.0,1.0,0.0,0.0,0.0,1.0,0.8968400955200195,1.0,0.0,0.0,3.670556545257568,3.6705806255340576,8.989946422843786e-07,4.265924453735352,4.265914440155029,9.78592834144365e-06,0.0,0.0,-0.0,6260.2919921875,0.0,1554.8409423828125,1895.4371337890625,0.0,3374.11181640625,0.9097389578819276,1.0,0.0,3.0,1.0,0.0
12139380,296.87261962890625,297.1499938964844,293.1499938964844,0.0,-0.0,284.7886657714844,0.9939757585525512,0.5160965919494629,0.4658637344837188,297.331787109375,297.1499938964844,293.1499938964844,0.0,-0.0,284.78875732421875,0.9622625708580016,0.4639407396316528,0.4402424097061157,297.1697998046875,297.1499938964844,293.1499938964844,0.0,-0.0,284.789306640625,0.8314794898033142,0.3030979931354522,0.2137770801782608,297.187744140625,297.1499938964844,293.1499938964844,0.0,-0.0,284.7894897460937,0.802187442779541,0.2706999778747558,0.2588532865047455,297.1185302734375,297.1499938964844,293.1499938964844,0.0,-0.0,284.7901611328125,0.7277105450630188,0.2000293284654617,0.9126510620117188,284.7889099121094,284.95001220703125,299.885498046875,289.36834716796875,298.1204528808594,297.2171630859375,284.78643798828125,1.0,0.514854907989502,0.4608751237392425,0.4608751237392425,1.0,1.0,-2.7510225772857666,0.9320390820503236,1.818983554840088,0.3127164840698242,0.902629852294922,0.902629852294922,0.0,117.07117462158205,115.0,40057.55859375,0.0,1733.5286865234375,1.0,280.6580810546875,283.27166748046875,292.4191589355469,295.05108642578125,293.1499938964844,293.1499938964844,280.3500061035156,36076.36328125,36000.0,313.1499938964844,0.0,18000.0,1.0,0.0,0.0,0.0,1.0,0.9097747206687928,1.0,0.0,0.0,3.6685423851013184,3.668566465377808,8.980082952803059e-07,4.265924453735352,4.265914440155029,9.78592834144365e-06,0.0,0.0,-0.0,6342.0283203125,0.0,1554.4700927734375,1895.4371337890625,0.0,3494.5126953125,0.9094547629356384,1.0,0.0,3.0,1.0,0.0
12139440,296.87261962890625,297.1499938964844,293.1499938964844,0.0,-0.0,284.7886657714844,0.9939757585525512,0.5160965919494629,0.4658637344837188,297.331787109375,297.1499938964844,293.1499938964844,0.0,-0.0,284.78875732421875,0.9622625708580016,0.4639407396316528,0.4402424097061157,297.1697998046875,297.1499938964844,293.1499938964844,0.0,-0.0,284.789306640625,0.8314794898033142,0.3030979931354522,0.2137770801782608,297.187744140625,297.1499938964844,293.1499938964844,0.0,-0.0,284.7894897460937,0.802187442779541,0.2706999778747558,0.2588532865047455,297.1185302734375,297.1499938964844,293.1499938964844,0.0,-0.0,284.7901611328125,0.7277105450630188,0.2000293284654617,0.9126510620117188,284.7889099121094,284.95001220703125,299.885498046875,289.36834716796875,298.1204528808594,297.2171630859375,284.78643798828125,1.0,0.514854907989502,0.4608751237392425,0.4608751237392425,1.0,1.0,-2.7510225772857666,0.9320390820503236,1.818983554840088,0.3127164840698242,0.902629852294922,0.902629852294922,0.0,117.07117462158205,115.0,40057.55859375,0.0,1733.5286865234375,1.0,280.6580810546875,283.27166748046875,292.4191589355469,295.05108642578125,293.1499938964844,293.1499938964844,280.3500061035156,36076.36328125,36000.0,313.1499938964844,0.0,18000.0,1.0,0.0,0.0,0.0,1.0,0.9097747206687928,1.0,0.0,0.0,3.6685423851013184,3.668566465377808,8.980082952803059e-07,4.265924453735352,4.265914440155029,9.78592834144365e-06,0.0,0.0,-0.0,6342.0283203125,0.0,1554.4700927734375,1895.4371337890625,0.0,3494.5126953125,0.9094547629356384,1.0,0.0,3.0,1.0,0.0
12139500,296.8612976074219,297.1499938964844,293.1499938964844,0.0,-0.0,284.6370544433594,0.9909406304359436,0.5132298469543457,0.4633756577968597,297.3202209472656,297.1499938964844,293.1499938964844,0.0,-0.0,284.6374816894531,0.960172176361084,0.4639592468738556,0.4403295516967773,297.1604309082031,297.1499938964844,293.1499938964844,0.0,-0.0,284.639892578125,0.8291845917701721,0.3023052811622619,0.2132611274719238,297.1786193847656,297.1499938964844,293.1499938964844,0.0,-0.0,284.6407470703125,0.799799919128418,0.2700454890727997,0.2582788467407226,297.1099548339844,297.1499938964844,293.1499938964844,0.0,-0.0,284.64373779296875,0.7251482605934143,0.1989888101816177,0.9081565141677856,284.6380920410156,284.95001220703125,299.8943786621094,289.3707275390625,298.1153869628906,297.2068176269531,284.6278076171875,1.0,0.5139768719673157,0.460541695356369,0.460541695356369,1.0,1.0,-2.74142861366272,0.9275608658790588,1.813867688179016,0.3103100955486297,0.8990939259529114,0.8990939259529114,0.0,117.60372924804688,115.0,40835.08203125,0.0,1721.7274169921875,1.0,280.4008178710937,283.08404541015625,292.4363098144531,295.16522216796875,293.1499938964844,293.1499938964844,280.3500061035156,36230.484375,36000.0,313.1499938964844,0.0,18000.0,1.0,0.0,0.0,0.0,1.0,0.917046070098877,1.0,0.0,0.0,3.66374945640564,3.663773775100708,8.956633905654598e-07,4.265924453735352,4.265914440155029,9.78592834144365e-06,0.0,0.0,-0.0,6139.22705078125,0.0,1550.2503662109375,1895.4371337890625,0.0,3561.873291015625,0.9084513187408448,1.0,0.0,3.0,1.0,0.0
12139560,296.850341796875,297.1499938964844,293.1499938964844,0.0,-0.0,284.57916259765625,0.987175464630127,0.5103240609169006,0.4607844948768616,297.308837890625,297.1499938964844,293.1499938964844,0.0,-0.0,284.5792541503906,0.9572968482971193,0.4639172255992889,0.4403244853019714,297.15142822265625,297.1499938964844,293.1499938964844,0.0,-0.0,284.5797424316406,0.8263317942619324,0.3014839589595794,0.212710827589035,297.1698913574219,297.1499938964844,293.1499938964844,0.0,-0.0,284.5799255371094,0.7968264222145081,0.2693683505058288,0.2576740086078644,297.1018371582031,297.1499938964844,293.1499938964844,0.0,-0.0,284.58056640625,0.7221009135246277,0.1979357600212097,0.9036051034927368,284.5793762207031,284.95001220703125,299.9032897949219,289.3728332519531,298.1109924316406,297.1965026855469,284.5771179199219,1.0,0.5132299065589905,0.4605713486671448,0.4605713486671448,1.0,1.0,-2.73145055770874,0.9236291646957396,1.8078213930130005,0.3085395693778991,0.8959859013557434,0.8959859013557434,0.0,118.4188461303711,118.0,40799.24609375,0.0,1710.742431640625,1.0,280.3581848144531,283.029052734375,292.4067077636719,295.08270263671875,293.1499938964844,293.1499938964844,280.6499938964844,36366.46484375,36000.0,313.1499938964844,0.0,18000.0,1.0,0.0,0.0,0.0,1.0,0.919084131717682,1.0,0.0,0.0,3.655760288238525,3.655784368515015,8.917614877645974e-07,4.265924453735352,4.265914440155029,9.78592834144365e-06,0.0,0.0,-0.0,5727.74072265625,0.0,1542.3328857421875,1895.4371337890625,0.0,3580.70361328125,0.906792163848877,1.0,0.0,3.0,1.0,0.0
12139620,296.8547668457031,297.1499938964844,293.1499938964844,0.0,-0.0,284.7457275390625,0.9818063974380492,0.5069430470466614,0.457142174243927,297.3037109375,297.1499938964844,293.1499938964844,0.0,-0.0,284.74566650390625,0.9541814923286438,0.4653857946395874,0.4412795007228851,297.14794921875,297.1499938964844,293.1499938964844,0.0,-0.0,284.7453308105469,0.8228340744972229,0.3011314272880554,0.2122085839509964,297.164306640625,297.1499938964844,293.1499938964844,0.0,-0.0,284.7452087402344,0.7931352257728577,0.2690367698669433,0.2570936977863312,297.095703125,297.1499938964844,293.1499938964844,0.0,-0.0,284.7447509765625,0.7178593873977661,0.1966888606548309,0.8969590663909912,284.7455749511719,284.95001220703125,299.92108154296875,289.3761291503906,298.1132202148437,297.1915588378906,284.7470092773437,1.0,0.5124205946922302,0.4606306552886963,0.4606306552886963,1.0,1.0,-2.718919515609741,0.9188162684440612,1.8001033067703247,0.3062078058719635,0.8945855498313904,0.8945855498313904,0.0,119.54507446289062,121.0,39651.08203125,0.0,1697.5228271484375,1.0,280.6421813964844,283.23992919921875,292.3154602050781,294.84674072265625,293.1499938964844,293.1499938964844,280.95001220703125,36295.734375,36000.0,313.1499938964844,0.0,18000.0,1.0,0.0,0.0,0.0,1.0,0.9023947715759276,1.0,0.0,0.0,3.6439013481140137,3.643925428390503,8.859852869136375e-07,4.265924453735352,4.265914440155029,9.78592834144365e-06,0.0,0.0,-0.0,5586.4375,0.0,1528.6031494140625,1895.4371337890625,0.0,3425.897216796875,0.904126524925232,1.0,0.0,3.0,1.0,0.0
12139680,296.8547668457031,297.1499938964844,293.1499938964844,0.0,-0.0,284.7457275390625,0.9818063974380492,0.5069430470466614,0.457142174243927,297.3037109375,297.1499938964844,293.1499938964844,0.0,-0.0,284.74566650390625,0.9541814923286438,0.4653857946395874,0.4412795007228851,297.14794921875,297.1499938964844,293.1499938964844,0.0,-0.0,284.7453308105469,0.8228340744972229,0.3011314272880554,0.2122085839509964,297.164306640625,297.1499938964844,293.1499938964844,0.0,-0.0,284.7452087402344,0.7931352257728577,0.2690367698669433,0.2570936977863312,297.095703125,297.1499938964844,293.1499938964844,0.0,-0.0,284.7447509765625,0.7178593873977661,0.1966888606548309,0.8969590663909912,284.7455749511719,284.95001220703125,299.92108154296875,289.3761291503906,298.1132202148437,297.1915588378906,284.7470092773437,1.0,0.5124205946922302,0.4606306552886963,0.4606306552886963,1.0,1.0,-2.718919515609741,0.9188162684440612,1.8001033067703247,0.3062078058719635,0.8945855498313904,0.8945855498313904,0.0,119.54507446289062,121.0,39651.08203125,0.0,1697.5228271484375,1.0,280.6421813964844,283.23992919921875,292.3154602050781,294.84674072265625,293.1499938964844,293.1499938964844,280.95001220703125,36295.734375,36000.0,313.1499938964844,0.0,18000.0,1.0,0.0,0.0,0.0,1.0,0.9023947715759276,1.0,0.0,0.0,3.6439013481140137,3.643925428390503,8.859852869136375e-07,4.265924453735352,4.265914440155029,9.78592834144365e-06,0.0,0.0,-0.0,5586.4375,0.0,1528.6031494140625,1895.4371337890625,0.0,3425.897216796875,0.904126524925232,1.0,0.0,3.0,1.0,0.0
12139740,296.87628173828125,297.1499938964844,293.1499938964844,0.0,-0.0,284.9414978027344,0.97955983877182,0.5053738951683044,0.455461710691452,297.3132019042969,297.1499938964844,293.1499938964844,0.0,-0.0,284.94146728515625,0.954701006412506,0.4682837128639221,0.4437481462955475,297.1572265625,297.1499938964844,293.1499938964844,0.0,-0.0,284.9410095214844,0.8223497271537781,0.3020360469818115,0.2126719057559967,297.169921875,297.1499938964844,293.1499938964844,0.0,-0.0,284.9408569335937,0.7925601005554199,0.2697774767875671,0.2575970590114593,297.1003723144531,297.1499938964844,293.1499938964844,0.0,-0.0,284.9402770996094,0.7164285778999329,0.1964652687311172,0.8950388431549072,284.9413146972656,284.95001220703125,299.9388732910156,289.3782958984375,298.1253356933594,297.2005310058594,284.9432067871094,1.0,0.5128448009490967,0.4606899917125702,0.4606899917125702,1.0,1.0,-2.718711376190185,0.9188808798789978,1.7998305559158323,0.3060320913791656,0.8960595726966858,0.8960595726966858,0.0,120.10680389404295,124.0,38639.8984375,0.0,1699.825927734375,1.0,280.9416809082031,283.4759521484375,292.3065185546875,294.752685546875,293.1499938964844,293.1499938964844,281.25,36104.5703125,36000.0,313.1499938964844,0.0,18000.0,1.0,0.0,0.0,0.0,1.0,0.8844605088233948,1.0,0.0,0.0,3.639268159866333,3.639292001724243,8.837336622491421e-07,4.265924453735352,4.265914440155029,9.78592834144365e-06,0.0,0.0,-0.0,5498.29638671875,0.0,1522.041748046875,1895.4371337890625,0.0,3258.366943359375,0.9029689431190492,1.0,0.0,3.0,1.0,0.0
12139800,296.87628173828125,297.1499938964844,293.1499938964844,0.0,-0.0,284.9414978027344,0.97955983877182,0.5053738951683044,0.455461710691452,297.3132019042969,297.1499938964844,293.1499938964844,0.0,-0.0,284.94146728515625,0.954701006412506,0.4682837128639221,0.4437481462955475,297.1572265625,297.1499938964844,293.1499938964844,0.0,-0.0,284.9410095214844,0.8223497271537781,0.3020360469818115,0.2126719057559967,297.169921875,297.1499938964844,293.1499938964844,0.0,-0.0,284.9408569335937,0.7925601005554199,0.2697774767875671,0.2575970590114593,297.1003723144531,297.1499938964844,293.1499938964844,0.0,-0.0,284.9402770996094,0.7164285778999329,0.1964652687311172,0.8950388431549072,284.9413146972656,284.95001220703125,299.9388732910156,289.3782958984375,298.1253356933594,297.2005310058594,284.9432067871094,1.0,0.5128448009490967,0.4606899917125702,0.4606899917125702,1.0,1.0,-2.718711376190185,0.9188808798789978,1.7998305559158323,0.3060320913791656,0.8960595726966858,0.8960595726966858,0.0,120.10680389404295,124.0,38639.8984375,0.0,1699.825927734375,1.0,280.9416809082031,283.4759521484375,292.3065185546875,294.752685546875,293.1499938964844,293.1499938964844,281.25,36104.5703125,36000.0,313.1499938964844,0.0,18000.0,1.0,0.0,0.0,0.0,1.0,0.8844605088233948,1.0,0.0,0.0,3.639268159866333,3.639292001724243,8.837336622491421e-07,4.265924453735352,4.265914440155029,9.78592834144365e-06,0.0,0.0,-0.0,5498.29638671875,0.0,1522.041748046875,1895.4371337890625,0.0,3258.366943359375,0.9029689431190492,1.0,0.0,3.0,1.0,0.0
12139860,296.90289306640625,297.1499938964844,293.1499938964844,0.0,-0.0,285.1419372558594,0.9779202938079834,0.5045965313911438,0.4546407759189605,297.3286437988281,297.1499938964844,293.1499938964844,0.0,-0.0,285.1418762207031,0.9559364914894104,0.4719094932079315,0.4470268785953522,297.1719970703125,297.1499938964844,293.1499938964844,0.0,-0.0,285.1413879394531,0.8226063847541809,0.3036174774169922,0.2136862128973007,297.1808776855469,297.1499938964844,293.1499938964844,0.0,-0.0,285.1412353515625,0.7927759289741516,0.2711363136768341,0.2587719857692718,297.1107788085937,297.1499938964844,293.1499938964844,0.0,-0.0,285.140625,0.7159077525138855,0.1968870311975479,0.8963904976844788,285.1417236328125,284.95001220703125,299.9566650390625,289.3793640136719,298.14141845703125,297.2154235839844,285.14373779296875,1.0,0.5143665671348572,0.4605605602264404,0.4605605602264404,1.0,1.0,-2.725914478302002,0.9215053915977478,1.8044090270996087,0.3067851364612579,0.9002435207366943,0.9002435207366943,0.0,120.8936538696289,127.0,37736.06640625,0.0,1714.0927734375,1.0,281.2416687011719,283.7135314941406,292.32135009765625,294.70672607421875,293.1499938964844,293.1499938964844,281.54998779296875,35860.19921875,36000.0,313.1499938964844,0.0,18000.0,1.0,0.0,0.0,0.0,1.0,0.8699362277984619,1.0,0.0,0.0,3.6437253952026367,3.643749237060547,8.85899737568252e-07,4.265924453735352,4.265914440155029,9.78592834144365e-06,0.0,0.0,-0.0,5425.83154296875,0.0,1525.1546630859375,1895.4371337890625,0.0,3122.212646484375,0.9038004279136658,1.0,0.0,3.0,1.0,0.0
12139920,296.90289306640625,297.1499938964844,293.1499938964844,0.0,-0.0,285.1419372558594,0.9779202938079834,0.5045965313911438,0.4546407759189605,297.3286437988281,297.1499938964844,293.1499938964844,0.0,-0.0,285.1418762207031,0.9559364914894104,0.4719094932079315,0.4470268785953522,297.1719970703125,297.1499938964844,293.1499938964844,0.0,-0.0,285.1413879394531,0.8226063847541809,0.3036174774169922,0.2136862128973007,297.1808776855469,297.1499938964844,293.1499938964844,0.0,-0.0,285.1412353515625,0.7927759289741516,0.2711363136768341,0.2587719857692718,297.1107788085937,297.1499938964844,293.1499938964844,0.0,-0.0,285.140625,0.7159077525138855,0.1968870311975479,0.8963904976844788,285.1417236328125,284.95001220703125,299.9566650390625,289.3793640136719,298.14141845703125,297.2154235839844,285.14373779296875,1.0,0.5143665671348572,0.4605605602264404,0.4605605602264404,1.0,1.0,-2.725914478302002,0.9215053915977478,1.8044090270996087,0.3067851364612579,0.9002435207366943,0.9002435207366943,0.0,120.8936538696289,127.0,37736.06640625,0.0,1714.0927734375,1.0,281.2416687011719,283.7135314941406,292.32135009765625,294.70672607421875,293.1499938964844,293.1499938964844,281.54998779296875,35860.19921875,36000.0,313.1499938964844,0.0,18000.0,1.0,0.0,0.0,0.0,1.0,0.8699362277984619,1.0,0.0,0.0,3.6437253952026367,3.643749237060547,8.85899737568252e-07,4.265924453735352,4.265914440155029,9.78592834144365e-06,0.0,0.0,-0.0,5425.83154296875,0.0,1525.1546630859375,1895.4371337890625,0.0,3122.212646484375,0.9038004279136658,1.0,0.0,3.0,1.0,0.0
12139980,296.93084716796875,297.1499938964844,293.1499938964844,0.0,-0.0,285.3428649902344,0.976018488407135,0.5042967796325684,0.4543046653270721,297.3463439941406,297.1499938964844,293.1499938964844,0.0,-0.0,285.3428039550781,0.9568671584129332,0.4759648144245147,0.450772613286972,297.18896484375,297.1499938964844,293.1499938964844,0.0,-0.0,285.34234619140625,0.822775661945343,0.3056125342845917,0.2150315642356872,297.1942138671875,297.1499938964844,293.1499938964844,0.0,-0.0,285.3421936035156,0.7929145097732544,0.272875964641571,0.260361909866333,297.1238708496094,297.1499938964844,293.1499938964844,0.0,-0.0,285.3415832519531,0.7154954075813293,0.197715163230896,0.8998403549194336,285.3426818847656,284.95001220703125,299.97442626953125,289.3793640136719,298.1593017578125,297.23272705078125,285.3446655273437,1.0,0.5167550444602966,0.4604310989379883,0.4604310989379883,1.0,1.0,-2.7376811504364014,0.925922393798828,1.8117588758468628,0.3083115518093109,0.907113254070282,0.907113254070282,0.0,122.12046813964844,130.0,36900.234375,0.0,1737.268310546875,1.0,281.541748046875,283.949462890625,292.3347473144531,294.6692199707031,293.1499938964844,293.1499938964844,281.25,35595.17578125,36000.0,313.1499938964844,0.0,18000.0,1.0,0.0,0.0,0.0,1.0,0.8582488298416138,1.0,0.0,0.0,3.658072471618652,3.6580965518951416,8.928899433158222e-07,4.265924453735352,4.265914440155029,9.78592834144365e-06,0.0,0.0,-0.0,5983.67822265625,0.0,1539.132568359375,1895.4371337890625,0.0,3012.582275390625,0.906828999519348,1.0,0.0,3.0,1.0,0.0
12140040,296.93084716796875,297.1499938964844,293.1499938964844,0.0,-0.0,285.3428649902344,0.976018488407135,0.5042967796325684,0.4543046653270721,297.3463439941406,297.1499938964844,293.1499938964844,0.0,-0.0,285.3428039550781,0.9568671584129332,0.4759648144245147,0.450772613286972,297.18896484375,297.1499938964844,293.1499938964844,0.0,-0.0,285.34234619140625,0.822775661945343,0.3056125342845917,0.2150315642356872,297.1942138671875,297.1499938964844,293.1499938964844,0.0,-0.0,285.3421936035156,0.7929145097732544,0.272875964641571,0.260361909866333,297.1238708496094,297.1499938964844,293.1499938964844,0.0,-0.0,285.3415832519531,0.7154954075813293,0.197715163230896,0.8998403549194336,285.3426818847656,284.95001220703125,299.97442626953125,289.3793640136719,298.1593017578125,297.23272705078125,285.3446655273437,1.0,0.5167550444602966,0.4604310989379883,0.4604310989379883,1.0,1.0,-2.7376811504364014,0.925922393798828,1.8117588758468628,0.3083115518093109,0.907113254070282,0.907113254070282,0.0,122.12046813964844,130.0,36900.234375,0.0,1737.268310546875,1.0,281.541748046875,283.949462890625,292.3347473144531,294.6692199707031,293.1499938964844,293.1499938964844,281.25,35595.17578125,36000.0,313.1499938964844,0.0,18000.0,1.0,0.0,0.0,0.0,1.0,0.8582488298416138,1.0,0.0,0.0,3.658072471618652,3.6580965518951416,8.928899433158222e-07,4.265924453735352,4.265914440155029,9.78592834144365e-06,0.0,0.0,-0.0,5983.67822265625,0.0,1539.132568359375,1895.4371337890625,0.0,3012.582275390625,0.906828999519348,1.0,0.0,3.0,1.0,0.0
12140100,296.9364929199219,297.1499938964844,293.1499938964844,0.0,-0.0,285.2209777832031,0.9742560982704164,0.5034719705581665,0.4539960622787475,297.3500671386719,297.1499938964844,293.1499938964844,0.0,-0.0,285.22119140625,0.9564892649650574,0.4775776267051697,0.4525860548019409,297.1935729980469,297.1499938964844,293.1499938964844,0.0,-0.0,285.2232971191406,0.8222483992576599,0.3063158392906189,0.215692400932312,297.1979675292969,297.1499938964844,293.1499938964844,0.0,-0.0,285.2240600585937,0.7923558354377747,0.2735280394554138,0.2611626088619232,297.1283569335937,297.1499938964844,293.1499938964844,0.0,-0.0,285.2267761230469,0.7147971391677856,0.197991281747818,0.9017588496208192,285.2218322753906,284.95001220703125,299.9833068847656,289.3789367675781,298.16534423828125,297.2370910644531,285.2131042480469,1.0,0.5181537866592407,0.4603663980960846,0.4603663980960846,1.0,1.0,-2.7435567378997803,0.9281198382377625,1.815436840057373,0.3091394603252411,0.9077863693237304,0.9077863693237304,0.0,123.08293151855467,130.0,37872.78515625,0.0,1750.539794921875,1.0,281.29833984375,283.7855224609375,292.4285583496094,294.9154968261719,293.1499938964844,293.1499938964844,281.25,35625.37890625,36000.0,313.1499938964844,0.0,18000.0,1.0,0.0,0.0,0.0,1.0,0.8681201934814453,1.0,0.0,0.0,3.665459632873535,3.665483713150024,8.964997846305778e-07,4.265924453735352,4.265914440155029,9.78592834144365e-06,0.0,0.0,-0.0,5849.13916015625,0.0,1547.6214599609375,1895.4371337890625,0.0,3105.176513671875,0.9084486961364746,1.0,0.0,3.0,1.0,0.0
12140160,296.9349060058594,297.1499938964844,293.1499938964844,0.0,-0.0,285.1741027832031,0.9704594016075134,0.5019642114639282,0.4529378414154053,297.348388671875,297.1499938964844,293.1499938964844,0.0,-0.0,285.17413330078125,0.9540651440620422,0.4786819815635681,0.4538723230361938,297.19384765625,297.1499938964844,293.1499938964844,0.0,-0.0,285.17449951171875,0.8201417326927185,0.3066209554672241,0.2160601466894149,297.1981506347656,297.1499938964844,293.1499938964844,0.0,-0.0,285.17462158203125,0.7901754975318909,0.2738496363162994,0.2616538107395172,297.1297607421875,297.1499938964844,293.1499938964844,0.0,-0.0,285.17510986328125,0.7126742601394653,0.1979917883872985,0.9025713205337524,285.1742248535156,284.95001220703125,299.9921569824219,289.3782653808594,298.1673583984375,297.2362365722656,285.1727294921875,1.0,0.519461452960968,0.460085779428482,0.460085779428482,1.0,1.0,-2.745845079421997,0.9284804463386536,1.8173646926879885,0.3089369833469391,0.908760666847229,0.908760666847229,0.0,124.64305877685548,133.0,38021.953125,0.0,1761.2718505859375,1.0,281.2577209472656,283.7362976074219,292.4400329589844,294.9150390625,293.1499938964844,293.1499938964844,280.95001220703125,35674.2421875,36000.0,313.1499938964844,0.0,18000.0,1.0,0.0,0.0,0.0,1.0,0.8754276037216187,1.0,0.0,0.0,3.6709916591644287,3.671015739440918,8.992078051051067e-07,4.265924453735352,4.265914440155029,9.78592834144365e-06,0.0,0.0,-0.0,6140.23583984375,0.0,1554.1968994140625,1895.4371337890625,0.0,3173.716796875,0.909744918346405,1.0,0.0,3.0,1.0,0.0
12140220,296.9224548339844,297.1499938964844,293.1499938964844,0.0,-0.0,284.9770812988281,0.959858775138855,0.4979870319366455,0.4498152732849121,297.3365783691406,297.1499938964844,293.1499938964844,0.0,-0.0,284.97711181640625,0.946369767189026,0.4800076484680176,0.4555427432060241,297.1874389648437,297.1499938964844,293.1499938964844,0.0,-0.0,284.9775695800781,0.8137494921684265,0.3065338730812073,0.2162733525037765,297.19207763671875,297.1499938964844,293.1499938964844,0.0,-0.0,284.97772216796875,0.7836236357688904,0.2738541066646576,0.2620137929916382,297.1263732910156,297.1499938964844,293.1499938964844,0.0,-0.0,284.9783020019531,0.7061209082603455,0.1974023431539535,0.901561975479126,284.9772644042969,284.95001220703125,300.0098571777344,289.3761291503906,298.1657409667969,297.22674560546875,284.975341796875,1.0,0.5216810703277588,0.4595245718955993,0.4595245718955993,1.0,1.0,-2.74358344078064,0.926444172859192,1.8171393871307373,0.3072292506694793,0.9075213074684144,0.9075213074684144,0.0,128.5288543701172,136.0,39032.81640625,0.0,1776.0533447265625,1.0,280.9580383300781,283.4986877441406,292.44927978515625,295.0115966796875,293.1499938964844,293.1499938964844,280.6499938964844,35860.98828125,36000.0,313.1499938964844,0.0,18000.0,1.0,0.0,0.0,0.0,1.0,0.8937896490097046,1.0,0.0,0.0,3.676870107650757,3.676894426345825,9.02090050658444e-07,4.265924453735352,4.265914440155029,9.78592834144365e-06,0.0,0.0,-0.0,6244.3486328125,0.0,1562.22119140625,1895.4371337890625,0.0,3345.629638671875,0.9111791849136353,1.0,0.0,3.0,1.0,0.0
12140280,296.9224548339844,297.1499938964844,293.1499938964844,0.0,-0.0,284.9770812988281,0.959858775138855,0.4979870319366455,0.4498152732849121,297.3365783691406,297.1499938964844,293.1499938964844,0.0,-0.0,284.97711181640625,0.946369767189026,0.4800076484680176,0.4555427432060241,297.1874389648437,297.1499938964844,293.1499938964844,0.0,-0.0,284.9775695800781,0.8137494921684265,0.3065338730812073,0.2162733525037765,297.19207763671875,297.1499938964844,293.1499938964844,0.0,-0.0,284.97772216796875,0.7836236357688904,0.2738541066646576,0.2620137929916382,297.1263732910156,297.1499938964844,293.1499938964844,0.0,-0.0,284.9783020019531,0.7061209082603455,0.1974023431539535,0.901561975479126,284.9772644042969,284.95001220703125,300.0098571777344,289.3761291503906,298.1657409667969,297.22674560546875,284.975341796875,1.0,0.5216810703277588,0.4595245718955993,0.4595245718955993,1.0,1.0,-2.74358344078064,0.926444172859192,1.8171393871307373,0.3072292506694793,0.9075213074684144,0.9075213074684144,0.0,128.5288543701172,136.0,39032.81640625,0.0,1776.0533447265625,1.0,280.9580383300781,283.4986877441406,292.44927978515625,295.0115966796875,293.1499938964844,293.1499938964844,280.6499938964844,35860.98828125,36000.0,313.1499938964844,0.0,18000.0,1.0,0.0,0.0,0.0,1.0,0.8937896490097046,1.0,0.0,0.0,3.676870107650757,3.676894426345825,9.02090050658444e-07,4.265924453735352,4.265914440155029,9.78592834144365e-06,0.0,0.0,-0.0,6244.3486328125,0.0,1562.22119140625,1895.4371337890625,0.0,3345.629638671875,0.9111791849136353,1.0,0.0,3.0,1.0,0.0
12140340,296.9052734375,297.1499938964844,293.1499938964844,0.0,-0.0,284.7748718261719,0.9473639130592346,0.4933694899082184,0.4459853768348694,297.3191223144531,297.1499938964844,293.1499938964844,0.0,-0.0,284.77490234375,0.9371544718742372,0.4806059598922729,0.45642951130867,297.1763610839844,297.1499938964844,293.1499938964844,0.0,-0.0,284.775390625,0.8060668110847473,0.3058891296386719,0.2160378396511078,297.18121337890625,297.1499938964844,293.1499938964844,0.0,-0.0,284.7755432128906,0.7760311961174011,0.2732900381088257,0.2617776989936828,297.117919921875,297.1499938964844,293.1499938964844,0.0,-0.0,284.7761535644531,0.6982160210609436,0.1962498724460601,0.897806704044342,284.7750549316406,284.95001220703125,300.0274658203125,289.3729858398437,298.16021728515625,297.21197509765625,284.77301025390625,1.0,0.5232881903648376,0.4589633643627167,0.4589633643627167,1.0,1.0,-2.734971284866333,0.9219051003456116,1.8130661249160769,0.3043660819530487,0.9035430550575256,0.9035430550575256,0.0,132.72772216796875,139.0,39932.5859375,0.0,1782.6925048828125,1.0,280.6580505371094,283.2593078613281,292.4289855957031,295.05255126953125,293.1499938964844,293.1499938964844,280.3500061035156,36102.609375,36000.0,313.1499938964844,0.0,18000.0,1.0,0.0,0.0,0.0,1.0,0.9078274965286256,1.0,0.0,0.0,3.673831701278688,3.673856019973755,9.005997299027513e-07,4.265924453735352,4.265914440155029,9.78592834144365e-06,0.0,0.0,-0.0,6334.4619140625,0.0,1560.6171875,1895.4371337890625,0.0,3476.43115234375,0.9106584191322328,1.0,0.0,3.0,1.0,0.0
12140400,296.9052734375,297.1499938964844,293.1499938964844,0.0,-0.0,284.7748718261719,0.9473639130592346,0.4933694899082184,0.4459853768348694,297.3191223144531,297.1499938964844,293.1499938964844,0.0,-0.0,284.77490234375,0.9371544718742372,0.4806059598922729,0.45642951130867,297.1763610839844,297.1499938964844,293.1499938964844,0.0,-0.0,284.775390625,0.8060668110847473,0.3058891296386719,0.2160378396511078,297.18121337890625,297.1499938964844,293.1499938964844,0.0,-0.0,284.7755432128906,0.7760311961174011,0.2732900381088257,0.2617776989936828,297.117919921875,297.1499938964844,293.1499938964844,0.0,-0.0,284.7761535644531,0.6982160210609436,0.1962498724460601,0.897806704044342,284.7750549316406,284.95001220703125,300.0274658203125,289.3729858398437,298.16021728515625,297.21197509765625,284.77301025390625,1.0,0.5232881903648376,0.4589633643627167,0.4589633643627167,1.0,1.0,-2.734971284866333,0.9219051003456116,1.8130661249160769,0.3043660819530487,0.9035430550575256,0.9035430550575256,0.0,132.72772216796875,139.0,39932.5859375,0.0,1782.6925048828125,1.0,280.6580505371094,283.2593078613281,292.4289855957031,295.05255126953125,293.1499938964844,293.1499938964844,280.3500061035156,36102.609375,36000.0,313.1499938964844,0.0,18000.0,1.0,0.0,0.0,0.0,1.0,0.9078274965286256,1.0,0.0,0.0,3.673831701278688,3.673856019973755,9.005997299027513e-07,4.265924453735352,4.265914440155029,9.78592834144365e-06,0.0,0.0,-0.0,6334.4619140625,0.0,1560.6171875,1895.4371337890625,0.0,3476.43115234375,0.9106584191322328,1.0,0.0,3.0,1.0,0.0
12140460,296.8871765136719,297.1499938964844,293.1499938964844,0.0,-0.0,284.5716247558594,0.9345406889915466,0.4884376525878906,0.4418245851993561,297.299560546875,297.1499938964844,293.1499938964844,0.0,-0.0,284.5716552734375,0.9279375076293944,0.4807685017585754,0.4568555653095245,297.16375732421875,297.1499938964844,293.1499938964844,0.0,-0.0,284.5721130371094,0.7982094287872314,0.3049478828907013,0.2155606895685196,297.1683349609375,297.1499938964844,293.1499938964844,0.0,-0.0,284.5722961425781,0.7685545682907104,0.272382527589798,0.2611750066280365,297.10711669921875,297.1499938964844,293.1499938964844,0.0,-0.0,284.5729064941406,0.6901736855506897,0.1947501003742218,0.8922896981239319,284.5718078613281,284.95001220703125,300.0450134277344,289.36883544921875,298.1537475585937,297.1952209472656,284.5697937011719,1.0,0.5243536233901978,0.4587326645851135,0.4587326645851135,1.0,1.0,-2.72255802154541,0.9165313839912416,1.806026577949524,0.3014664947986603,0.8968448638916016,0.8968448638916016,0.0,136.82029724121094,142.0,40745.3515625,0.0,1783.0682373046875,1.0,280.35809326171875,283.02178955078125,292.4091796875,295.0828857421875,293.1499938964844,293.1499938964844,280.6499938964844,36383.09765625,36000.0,313.1499938964844,0.0,18000.0,1.0,0.0,0.0,0.0,1.0,0.918488085269928,1.0,0.0,0.0,3.660418510437012,3.660442590713501,8.94035508736124e-07,4.265924453735352,4.265914440155029,9.78592834144365e-06,0.0,0.0,-0.0,5723.69775390625,0.0,1547.6650390625,1895.4371337890625,0.0,3575.19921875,0.907846450805664,1.0,0.0,3.0,1.0,0.0
12140520,296.8871765136719,297.1499938964844,293.1499938964844,0.0,-0.0,284.5716247558594,0.9345406889915466,0.4884376525878906,0.4418245851993561,297.299560546875,297.1499938964844,293.1499938964844,0.0,-0.0,284.5716552734375,0.9279375076293944,0.4807685017585754,0.4568555653095245,297.16375732421875,297.1499938964844,293.1499938964844,0.0,-0.0,284.5721130371094,0.7982094287872314,0.3049478828907013,0.2155606895685196,297.1683349609375,297.1499938964844,293.1499938964844,0.0,-0.0,284.5722961425781,0.7685545682907104,0.272382527589798,0.2611750066280365,297.10711669921875,297.1499938964844,293.1499938964844,0.0,-0.0,284.5729064941406,0.6901736855506897,0.1947501003742218,0.8922896981239319,284.5718078613281,284.95001220703125,300.0450134277344,289.36883544921875,298.1537475585937,297.1952209472656,284.5697937011719,1.0,0.5243536233901978,0.4587326645851135,0.4587326645851135,1.0,1.0,-2.72255802154541,0.9165313839912416,1.806026577949524,0.3014664947986603,0.8968448638916016,0.8968448638916016,0.0,136.82029724121094,142.0,40745.3515625,0.0,1783.0682373046875,1.0,280.35809326171875,283.02178955078125,292.4091796875,295.0828857421875,293.1499938964844,293.1499938964844,280.6499938964844,36383.09765625,36000.0,313.1499938964844,0.0,18000.0,1.0,0.0,0.0,0.0,1.0,0.918488085269928,1.0,0.0,0.0,3.660418510437012,3.660442590713501,8.94035508736124e-07,4.265924453735352,4.265914440155029,9.78592834144365e-06,0.0,0.0,-0.0,5723.69775390625,0.0,1547.6650390625,1895.4371337890625,0.0,3575.19921875,0.907846450805664,1.0,0.0,3.0,1.0,0.0
12140580,296.89276123046875,297.1499938964844,293.1499938964844,0.0,-0.0,284.74200439453125,0.925390362739563,0.4856443405151367,0.438817948102951,297.2961730957031,297.1499938964844,293.1499938964844,0.0,-0.0,284.74200439453125,0.9221529364585876,0.4822965860366821,0.457951933145523,297.1640319824219,297.1499938964844,293.1499938964844,0.0,-0.0,284.7416076660156,0.7930893301963806,0.3051306009292602,0.2154983133077621,297.1652526855469,297.1499938964844,293.1499938964844,0.0,-0.0,284.7414855957031,0.7635887265205383,0.2722869217395782,0.2609197199344635,297.103759765625,297.1499938964844,293.1499938964844,0.0,-0.0,284.740966796875,0.6844107508659363,0.1938545554876327,0.8877756595611572,284.7418518066406,284.95001220703125,300.0625,289.3637084960937,298.1568603515625,297.1924133300781,284.743408203125,1.0,0.5253244042396545,0.4585019648075104,0.4585019648075104,1.0,1.0,-2.7144439220428467,0.9128965139389038,1.801547288894653,0.2991511523723602,0.8954240083694458,0.8954240083694458,0.0,139.83639526367188,145.0,39638.0859375,0.0,1784.8848876953125,1.0,280.6422119140625,283.2359924316406,292.3084716796875,294.8407592773437,293.1499938964844,293.1499938964844,280.95001220703125,36306.1015625,36000.0,313.1499938964844,0.0,18000.0,1.0,0.0,0.0,0.0,1.0,0.9028939604759216,1.0,0.0,0.0,3.648165464401245,3.6481895446777344,8.880600148586382e-07,4.265924453735352,4.265914440155029,9.78592834144365e-06,0.0,0.0,-0.0,5583.50244140625,0.0,1533.41748046875,1895.4371337890625,0.0,3430.54541015625,0.9050877690315248,1.0,0.0,3.0,1.0,0.0
12140640,296.89276123046875,297.1499938964844,293.1499938964844,0.0,-0.0,284.74200439453125,0.925390362739563,0.4856443405151367,0.438817948102951,297.2961730957031,297.1499938964844,293.1499938964844,0.0,-0.0,284.74200439453125,0.9221529364585876,0.4822965860366821,0.457951933145523,297.1640319824219,297.1499938964844,293.1499938964844,0.0,-0.0,284.7416076660156,0.7930893301963806,0.3051306009292602,0.2154983133077621,297.1652526855469,297.1499938964844,293.1499938964844,0.0,-0.0,284.7414855957031,0.7635887265205383,0.2722869217395782,0.2609197199344635,297.103759765625,297.1499938964844,293.1499938964844,0.0,-0.0,284.740966796875,0.6844107508659363,0.1938545554876327,0.8877756595611572,284.7418518066406,284.95001220703125,300.0625,289.3637084960937,298.1568603515625,297.1924133300781,284.743408203125,1.0,0.5253244042396545,0.4585019648075104,0.4585019648075104,1.0,1.0,-2.7144439220428467,0.9128965139389038,1.801547288894653,0.2991511523723602,0.8954240083694458,0.8954240083694458,0.0,139.83639526367188,145.0,39638.0859375,0.0,1784.8848876953125,1.0,280.6422119140625,283.2359924316406,292.3084716796875,294.8407592773437,293.1499938964844,293.1499938964844,280.95001220703125,36306.1015625,36000.0,313.1499938964844,0.0,18000.0,1.0,0.0,0.0,0.0,1.0,0.9028939604759216,1.0,0.0,0.0,3.648165464401245,3.6481895446777344,8.880600148586382e-07,4.265924453735352,4.265914440155029,9.78592834144365e-06,0.0,0.0,-0.0,5583.50244140625,0.0,1533.41748046875,1895.4371337890625,0.0,3430.54541015625,0.9050877690315248,1.0,0.0,3.0,1.0,0.0
12140700,296.9023132324219,297.1499938964844,293.1499938964844,0.0,-0.0,284.8854675292969,0.9227164387702942,0.4849474430084228,0.438019186258316,297.3002014160156,297.1499938964844,293.1499938964844,0.0,-0.0,284.8854675292969,0.9210007190704346,0.483614832162857,0.459048181772232,297.1689453125,297.1499938964844,293.1499938964844,0.0,-0.0,284.883056640625,0.7919553518295288,0.3057014346122741,0.215810164809227,297.1677551269531,297.1499938964844,293.1499938964844,0.0,-0.0,284.8822326660156,0.7623959183692932,0.2726270854473114,0.2611535191535949,297.105712890625,297.1499938964844,293.1499938964844,0.0,-0.0,284.8790283203125,0.6828222274780273,0.193750575184822,0.8869659304618835,284.8846435546875,284.95001220703125,300.0711975097656,289.3607788085937,298.16217041015625,297.1962585449219,284.89453125,1.0,0.5260205268859863,0.4583866000175476,0.4583866000175476,1.0,1.0,-2.7144792079925537,0.912694215774536,1.8017851114273071,0.298708826303482,0.8963614106178284,0.8963614106178284,0.0,140.86375427246094,145.0,38728.70703125,0.0,1789.6962890625,1.0,280.898681640625,283.4193725585937,292.26812744140625,294.68133544921875,293.1499938964844,293.1499938964844,280.95001220703125,36204.84765625,36000.0,313.1499938964844,0.0,18000.0,1.0,0.0,0.0,0.0,1.0,0.8916420936584473,1.0,0.0,0.0,3.6444742679595934,3.644498348236084,8.862639333528932e-07,4.265924453735352,4.265914440155029,9.78592834144365e-06,0.0,0.0,-0.0,5748.91943359375,0.0,1528.5599365234375,1895.4371337890625,0.0,3325.560791015625,0.9042344093322754,1.0,0.0,3.0,1.0,0.0
12140760,296.9142761230469,297.1499938964844,293.1499938964844,0.0,-0.0,284.9397888183594,0.9210026264190674,0.4845552444458008,0.437624990940094,297.30670166015625,297.1499938964844,293.1499938964844,0.0,-0.0,284.9397888183594,0.9207276701927184,0.4852042198181152,0.46048504114151,297.1760559082031,297.1499938964844,293.1499938964844,0.0,-0.0,284.9393310546875,0.791562020778656,0.306517630815506,0.2163380682468414,297.1722106933594,297.1499938964844,293.1499938964844,0.0,-0.0,284.9391784667969,0.7618716955184937,0.2731773555278778,0.2616267204284668,297.10955810546875,297.1499938964844,293.1499938964844,0.0,-0.0,284.9385681152344,0.681934118270874,0.1938483566045761,0.887172281742096,284.93963623046875,284.95001220703125,300.07989501953125,289.3576354980469,298.1694641113281,297.2027587890625,284.94158935546875,1.0,0.5269144773483276,0.458340436220169,0.458340436220169,1.0,1.0,-2.717179298400879,0.9136762619018556,1.803503036499024,0.2988621294498443,0.896889865398407,0.896889865398407,0.0,141.6747589111328,148.0,38648.8125,0.0,1797.5113525390625,1.0,280.9418334960937,283.473876953125,292.2898254394531,294.73858642578125,293.1499938964844,293.1499938964844,281.25,36111.15234375,36000.0,313.1499938964844,0.0,18000.0,1.0,0.0,0.0,0.0,1.0,0.8857703804969788,1.0,0.0,0.0,3.6432785987854,3.643302440643311,8.85682482021366e-07,4.265924453735352,4.265914440155029,9.78592834144365e-06,0.0,0.0,-0.0,5494.80810546875,0.0,1526.5335693359375,1895.4371337890625,0.0,3270.631103515625,0.9038704633712769,1.0,0.0,3.0,1.0,0.0
12140820,296.9403991699219,297.1499938964844,293.1499938964844,0.0,-0.0,285.14111328125,0.9182023406028748,0.4842122793197632,0.4372292459011078,297.3227233886719,297.1499938964844,293.1499938964844,0.0,-0.0,285.14111328125,0.9207810759544371,0.4888085424900055,0.4637797474861145,297.1929931640625,297.1499938964844,293.1499938964844,0.0,-0.0,285.140625,0.7913697957992554,0.308561623096466,0.2176992297172546,297.1839599609375,297.1499938964844,293.1499938964844,0.0,-0.0,285.1404724121094,0.7613770961761475,0.27464359998703,0.2629416584968567,297.12030029296875,297.1499938964844,293.1499938964844,0.0,-0.0,285.1398010253906,0.6808510422706604,0.194419577717781,0.889401376247406,285.14093017578125,284.95001220703125,300.09716796875,289.3506164550781,298.186279296875,297.2187194824219,285.1430053710937,1.0,0.5291970372200012,0.4582481384277344,0.4582481384277344,1.0,1.0,-2.726552248001098,0.9172229766845704,1.8093293905258176,0.2998956441879272,0.9010700583457948,0.9010700583457948,0.0,143.30499267578125,151.0,37758.04296875,0.0,1819.23681640625,1.0,281.24169921875,283.71240234375,292.2955017089844,294.6841125488281,293.1499938964844,293.1499938964844,280.95001220703125,35864.984375,36000.0,313.1499938964844,0.0,18000.0,1.0,0.0,0.0,0.0,1.0,0.8718308806419373,1.0,0.0,0.0,3.647552728652954,3.6475768089294434,8.877618711267132e-07,4.265924453735352,4.265914440155029,9.78592834144365e-06,0.0,0.0,-0.0,6057.84326171875,0.0,1529.4381103515625,1895.4371337890625,0.0,3139.98486328125,0.9046602249145508,1.0,0.0,3.0,1.0,0.0
12140880,296.9403991699219,297.1499938964844,293.1499938964844,0.0,-0.0,285.14111328125,0.9182023406028748,0.4842122793197632,0.4372292459011078,297.3227233886719,297.1499938964844,293.1499938964844,0.0,-0.0,285.14111328125,0.9207810759544371,0.4888085424900055,0.4637797474861145,297.1929931640625,297.1499938964844,293.1499938964844,0.0,-0.0,285.140625,0.7913697957992554,0.308561623096466,0.2176992297172546,297.1839599609375,297.1499938964844,293.1499938964844,0.0,-0.0,285.1404724121094,0.7613770961761475,0.27464359998703,0.2629416584968567,297.12030029296875,297.1499938964844,293.1499938964844,0.0,-0.0,285.1398010253906,0.6808510422706604,0.194419577717781,0.889401376247406,285.14093017578125,284.95001220703125,300.09716796875,289.3506164550781,298.186279296875,297.2187194824219,285.1430053710937,1.0,0.5291970372200012,0.4582481384277344,0.4582481384277344,1.0,1.0,-2.726552248001098,0.9172229766845704,1.8093293905258176,0.2998956441879272,0.9010700583457948,0.9010700583457948,0.0,143.30499267578125,151.0,37758.04296875,0.0,1819.23681640625,1.0,281.24169921875,283.71240234375,292.2955017089844,294.6841125488281,293.1499938964844,293.1499938964844,280.95001220703125,35864.984375,36000.0,313.1499938964844,0.0,18000.0,1.0,0.0,0.0,0.0,1.0,0.8718308806419373,1.0,0.0,0.0,3.647552728652954,3.6475768089294434,8.877618711267132e-07,4.265924453735352,4.265914440155029,9.78592834144365e-06,0.0,0.0,-0.0,6057.84326171875,0.0,1529.4381103515625,1895.4371337890625,0.0,3139.98486328125,0.9046602249145508,1.0,0.0,3.0,1.0,0.0
12140940,296.9444580078125,297.1499938964844,293.1499938964844,0.0,-0.0,284.9734802246094,0.9128071665763856,0.481998473405838,0.4359392821788788,297.3239440917969,297.1499938964844,293.1499938964844,0.0,-0.0,284.9734802246094,0.9184268712997437,0.4911421537399292,0.4665186107158661,297.1988525390625,297.1499938964844,293.1499938964844,0.0,-0.0,284.9738464355469,0.789370596408844,0.309717059135437,0.2188219130039215,297.1873474121094,297.1499938964844,293.1499938964844,0.0,-0.0,284.9739685058594,0.7592966556549072,0.2754318714141845,0.2640495896339416,297.1251525878906,297.1499938964844,293.1499938964844,0.0,-0.0,284.9744567871094,0.6783690452575684,0.1945474594831466,0.8913878202438354,284.9736022949219,284.95001220703125,300.11431884765625,289.3426818847656,298.1943054199219,297.22186279296875,284.97216796875,1.0,0.5317484736442566,0.4581558108329773,0.4581558108329773,1.0,1.0,-2.7333712577819824,0.9197441339492798,1.8136271238327024,0.300652801990509,0.900050163269043,0.900050163269043,0.0,145.94302368164062,154.0,38821.07421875,0.0,1841.884521484375,1.0,280.95782470703125,283.5028381347656,292.3959350585937,294.921142578125,293.1499938964844,293.1499938964844,280.6499938964844,35958.94140625,36000.0,313.1499938964844,0.0,18000.0,1.0,0.0,0.0,0.0,1.0,0.8872409462928772,1.0,0.0,0.0,3.649913787841797,3.649937629699707,8.889114155863354e-07,4.265924453735352,4.265914440155029,9.78592834144365e-06,0.0,0.0,-0.0,6211.4521484375,0.0,1532.765380859375,1895.4371337890625,0.0,3284.39599609375,0.9052224159240724,1.0,0.0,3.0,1.0,0.0
12141000,296.9444580078125,297.1499938964844,293.1499938964844,0.0,-0.0,284.9734802246094,0.9128071665763856,0.481998473405838,0.4359392821788788,297.3239440917969,297.1499938964844,293.1499938964844,0.0,-0.0,284.9734802246094,0.9184268712997437,0.4911421537399292,0.4665186107158661,297.1988525390625,297.1499938964844,293.1499938964844,0.0,-0.0,284.9738464355469,0.789370596408844,0.309717059135437,0.2188219130039215,297.1873474121094,297.1499938964844,293.1499938964844,0.0,-0.0,284.9739685058594,0.7592966556549072,0.2754318714141845,0.2640495896339416,297.1251525878906,297.1499938964844,293.1499938964844,0.0,-0.0,284.9744567871094,0.6783690452575684,0.1945474594831466,0.8913878202438354,284.9736022949219,284.95001220703125,300.11431884765625,289.3426818847656,298.1943054199219,297.22186279296875,284.97216796875,1.0,0.5317484736442566,0.4581558108329773,0.4581558108329773,1.0,1.0,-2.7333712577819824,0.9197441339492798,1.8136271238327024,0.300652801990509,0.900050163269043,0.900050163269043,0.0,145.94302368164062,154.0,38821.07421875,0.0,1841.884521484375,1.0,280.95782470703125,283.5028381347656,292.3959350585937,294.921142578125,293.1499938964844,293.1499938964844,280.6499938964844,35958.94140625,36000.0,313.1499938964844,0.0,18000.0,1.0,0.0,0.0,0.0,1.0,0.8872409462928772,1.0,0.0,0.0,3.649913787841797,3.649937629699707,8.889114155863354e-07,4.265924453735352,4.265914440155029,9.78592834144365e-06,0.0,0.0,-0.0,6211.4521484375,0.0,1532.765380859375,1895.4371337890625,0.0,3284.39599609375,0.9052224159240724,1.0,0.0,3.0,1.0,0.0
12141060,296.9328308105469,297.1499938964844,293.1499938964844,0.0,-0.0,284.7785949707031,0.9039329290390016,0.4782262444496155,0.4329836964607239,297.3116455078125,297.1499938964844,293.1499938964844,0.0,-0.0,284.778564453125,0.9124343395233154,0.4921112060546875,0.467847615480423,297.1938171386719,297.1499938964844,293.1499938964844,0.0,-0.0,284.7790222167969,0.7843941450119019,0.3098332285881042,0.2191677242517471,297.1813049316406,297.1499938964844,293.1499938964844,0.0,-0.0,284.7791748046875,0.7545532584190369,0.2752998173236847,0.2642706334590912,297.1216125488281,297.1499938964844,293.1499938964844,0.0,-0.0,284.7797546386719,0.6731989979743958,0.1938824653625488,0.8899675607681274,284.7787475585937,284.95001220703125,300.13134765625,289.3338623046875,298.1925048828125,297.2123107910156,284.77691650390625,1.0,0.5338312983512878,0.4576824903488159,0.4576824903488159,1.0,1.0,-2.730397939682007,0.9176427125930786,1.812755227088928,0.2989292442798614,0.8961794376373291,0.8961794376373291,0.0,149.8016815185547,157.0,39775.24609375,0.0,1855.3101806640625,1.0,280.65826416015625,283.2698059082031,292.4012756347656,295.0103759765625,293.1499938964844,293.1499938964844,280.95001220703125,36160.55078125,36000.0,313.1499938964844,0.0,18000.0,1.0,0.0,0.0,0.0,1.0,0.9044201374053956,1.0,0.0,0.0,3.64467716217041,3.64470100402832,8.863625566846167e-07,4.265924453735352,4.265914440155029,9.78592834144365e-06,0.0,0.0,-0.0,5637.021484375,0.0,1528.4541015625,1895.4371337890625,0.0,3444.75048828125,0.9041813015937804,1.0,0.0,3.0,1.0,0.0
12141120,296.9328308105469,297.1499938964844,293.1499938964844,0.0,-0.0,284.7785949707031,0.9039329290390016,0.4782262444496155,0.4329836964607239,297.3116455078125,297.1499938964844,293.1499938964844,0.0,-0.0,284.778564453125,0.9124343395233154,0.4921112060546875,0.467847615480423,297.1938171386719,297.1499938964844,293.1499938964844,0.0,-0.0,284.7790222167969,0.7843941450119019,0.3098332285881042,0.2191677242517471,297.1813049316406,297.1499938964844,293.1499938964844,0.0,-0.0,284.7791748046875,0.7545532584190369,0.2752998173236847,0.2642706334590912,297.1216125488281,297.1499938964844,293.1499938964844,0.0,-0.0,284.7797546386719,0.6731989979743958,0.1938824653625488,0.8899675607681274,284.7787475585937,284.95001220703125,300.13134765625,289.3338623046875,298.1925048828125,297.2123107910156,284.77691650390625,1.0,0.5338312983512878,0.4576824903488159,0.4576824903488159,1.0,1.0,-2.730397939682007,0.9176427125930786,1.812755227088928,0.2989292442798614,0.8961794376373291,0.8961794376373291,0.0,149.8016815185547,157.0,39775.24609375,0.0,1855.3101806640625,1.0,280.65826416015625,283.2698059082031,292.4012756347656,295.0103759765625,293.1499938964844,293.1499938964844,280.95001220703125,36160.55078125,36000.0,313.1499938964844,0.0,18000.0,1.0,0.0,0.0,0.0,1.0,0.9044201374053956,1.0,0.0,0.0,3.64467716217041,3.64470100402832,8.863625566846167e-07,4.265924453735352,4.265914440155029,9.78592834144365e-06,0.0,0.0,-0.0,5637.021484375,0.0,1528.4541015625,1895.4371337890625,0.0,3444.75048828125,0.9041813015937804,1.0,0.0,3.0,1.0,0.0
12141180,296.939697265625,297.1499938964844,293.1499938964844,0.0,-0.0,284.9499206542969,0.8972116112709045,0.4761433601379394,0.4306846559047699,297.31103515625,297.1499938964844,293.1499938964844,0.0,-0.0,284.9499206542969,0.9080495238304138,0.4940761923789978,0.4694176912307739,297.19732666015625,297.1499938964844,293.1499938964844,0.0,-0.0,284.9495544433594,0.7806065082550049,0.3107298910617828,0.2196499854326248,297.18121337890625,297.1499938964844,293.1499938964844,0.0,-0.0,284.94940185546875,0.7508055567741394,0.275674968957901,0.2645182609558105,297.12164306640625,297.1499938964844,293.1499938964844,0.0,-0.0,284.9488830566406,0.6688541769981384,0.1935157477855682,0.8881295919418335,284.9497985839844,284.95001220703125,300.14825439453125,289.3241577148437,298.1972961425781,297.2126159667969,284.95135498046875,1.0,0.535673201084137,0.4572091698646545,0.4572091698646545,1.0,1.0,-2.7281806468963623,0.9158313274383544,1.812349319458008,0.2971286475658417,0.8975387215614319,0.8975387215614319,0.0,153.0700225830078,160.0,38758.8359375,0.0,1867.1304931640625,1.0,280.942138671875,283.482421875,292.28826904296875,294.76861572265625,293.1499938964844,293.1499938964844,281.25,36037.49609375,36000.0,313.1499938964844,0.0,18000.0,1.0,0.0,0.0,0.0,1.0,0.8928503394126892,1.0,0.0,0.0,3.642400026321411,3.642424106597901,8.852553605720459e-07,4.265924453735352,4.265914440155029,9.78592834144365e-06,0.0,0.0,-0.0,5502.57666015625,0.0,1525.0096435546875,1895.4371337890625,0.0,3336.853271484375,0.9036162495613098,1.0,0.0,3.0,1.0,0.0
12141240,296.939697265625,297.1499938964844,293.1499938964844,0.0,-0.0,284.9499206542969,0.8972116112709045,0.4761433601379394,0.4306846559047699,297.31103515625,297.1499938964844,293.1499938964844,0.0,-0.0,284.9499206542969,0.9080495238304138,0.4940761923789978,0.4694176912307739,297.19732666015625,297.1499938964844,293.1499938964844,0.0,-0.0,284.9495544433594,0.7806065082550049,0.3107298910617828,0.2196499854326248,297.18121337890625,297.1499938964844,293.1499938964844,0.0,-0.0,284.94940185546875,0.7508055567741394,0.275674968957901,0.2645182609558105,297.12164306640625,297.1499938964844,293.1499938964844,0.0,-0.0,284.9488830566406,0.6688541769981384,0.1935157477855682,0.8881295919418335,284.9497985839844,284.95001220703125,300.14825439453125,289.3241577148437,298.1972961425781,297.2126159667969,284.95135498046875,1.0,0.535673201084137,0.4572091698646545,0.4572091698646545,1.0,1.0,-2.7281806468963623,0.9158313274383544,1.812349319458008,0.2971286475658417,0.8975387215614319,0.8975387215614319,0.0,153.0700225830078,160.0,38758.8359375,0.0,1867.1304931640625,1.0,280.942138671875,283.482421875,292.28826904296875,294.76861572265625,293.1499938964844,293.1499938964844,281.25,36037.49609375,36000.0,313.1499938964844,0.0,18000.0,1.0,0.0,0.0,0.0,1.0,0.8928503394126892,1.0,0.0,0.0,3.642400026321411,3.642424106597901,8.852553605720459e-07,4.265924453735352,4.265914440155029,9.78592834144365e-06,0.0,0.0,-0.0,5502.57666015625,0.0,1525.0096435546875,1895.4371337890625,0.0,3336.853271484375,0.9036162495613098,1.0,0.0,3.0,1.0,0.0
12141300,296.9491271972656,297.1499938964844,293.1499938964844,0.0,-0.0,285.0926513671875,0.8951799869537354,0.4757359325885772,0.4301637411117553,297.3157043457031,297.1499938964844,293.1499938964844,0.0,-0.0,285.0928039550781,0.9071601629257202,0.4955509901046753,0.4706797301769256,297.2030639648437,297.1499938964844,293.1499938964844,0.0,-0.0,285.0904235839844,0.7798135280609131,0.3115904331207275,0.2201791107654571,297.1844482421875,297.1499938964844,293.1499938964844,0.0,-0.0,285.089599609375,0.7498893141746521,0.2761890888214111,0.2649361491203308,297.1243896484375,297.1499938964844,293.1499938964844,0.0,-0.0,285.0863037109375,0.6676390767097473,0.1936037093400955,0.8882932066917419,285.0919189453125,284.95001220703125,300.1566467285156,289.3190002441406,298.2029113769531,297.2173767089844,285.1016540527344,1.0,0.5367361307144165,0.4569725096225738,0.4569725096225738,1.0,1.0,-2.7304017543792725,0.9162350296974182,1.814166784286499,0.2968145310878753,0.8998522162437439,0.8998522162437439,0.0,154.27268981933594,160.0,37880.18359375,0.0,1876.144287109375,1.0,281.1986083984375,283.6640930175781,292.2401428222656,294.6042785644531,293.1499938964844,293.1499938964844,281.25,35923.57421875,36000.0,313.1499938964844,0.0,18000.0,1.0,0.0,0.0,0.0,1.0,0.8827019333839417,1.0,0.0,0.0,3.644058227539064,3.644082307815552,8.860616276251676e-07,4.265924453735352,4.265914440155029,9.78592834144365e-06,0.0,0.0,-0.0,5663.9169921875,0.0,1525.9971923828125,1895.4371337890625,0.0,3241.896484375,0.9039472937583924,1.0,0.0,3.0,1.0,0.0
12141360,296.9608154296875,297.1499938964844,293.1499938964844,0.0,-0.0,285.1462707519531,0.893871009349823,0.4756097197532654,0.4300192892551422,297.3225402832031,297.1499938964844,293.1499938964844,0.0,-0.0,285.14630126953125,0.9069703817367554,0.4972728490829468,0.4722565412521362,297.21063232421875,297.1499938964844,293.1499938964844,0.0,-0.0,285.1458740234375,0.7796416878700256,0.3126683831214905,0.2209019362926483,297.1893615722656,297.1499938964844,293.1499938964844,0.0,-0.0,285.1457214355469,0.749517023563385,0.2768879532814026,0.2655655145645141,297.128662109375,297.1499938964844,293.1499938964844,0.0,-0.0,285.14508056640625,0.6669908761978149,0.1938613057136535,0.8893060088157654,285.1461486816406,284.95001220703125,300.1650085449219,289.3136291503906,298.21044921875,297.2244873046875,285.14801025390625,1.0,0.5379536747932434,0.456855297088623,0.456855297088623,1.0,1.0,-2.734961748123169,0.9177896976470948,1.817172169685364,0.2971420586109161,0.9017496109008788,0.9017496109008788,0.0,155.25965881347656,163.0,37830.1328125,0.0,1887.775390625,1.0,281.2418212890625,283.7169494628906,292.2555847167969,294.6561889648437,293.1499938964844,293.1499938964844,280.95001220703125,35822.18359375,36000.0,313.1499938964844,0.0,18000.0,1.0,0.0,0.0,0.0,1.0,0.8775849342346191,1.0,0.0,0.0,3.6482975482940674,3.6483213901519775,8.881243616087886e-07,4.265924453735352,4.265914440155029,9.78592834144365e-06,0.0,0.0,-0.0,6053.7900390625,0.0,1529.9454345703125,1895.4371337890625,0.0,3193.943603515625,0.9047933220863342,1.0,0.0,3.0,1.0,0.0
12141420,296.9630126953125,297.1499938964844,293.1499938964844,0.0,-0.0,284.97625732421875,0.8892821073532104,0.4734664261341095,0.4287578761577606,297.3216247558594,297.1499938964844,293.1499938964844,0.0,-0.0,284.9762268066406,0.90478777885437,0.4993862807750702,0.474767804145813,297.2148132324219,297.1499938964844,293.1499938964844,0.0,-0.0,284.9765930175781,0.777814507484436,0.3138753473758697,0.2220464497804641,297.1908874511719,297.1499938964844,293.1499938964844,0.0,-0.0,284.97674560546875,0.7475152015686035,0.2775556147098541,0.2665437757968902,297.1313781738281,297.1499938964844,293.1499938964844,0.0,-0.0,284.9772644042969,0.6645647287368774,0.1938758194446563,0.8907111287117004,284.97637939453125,284.95001220703125,300.1815795898437,289.3022766113281,298.2165832519531,297.22564697265625,284.974853515625,1.0,0.5404388308525085,0.4566209018230438,0.4566209018230438,1.0,1.0,-2.740712404251098,0.91958349943161,1.8211289644241333,0.2974440455436706,0.900747776031494,0.900747776031494,0.0,158.05923461914062,166.0,38877.4453125,0.0,1909.7503662109373,1.0,280.95782470703125,283.50543212890625,292.34716796875,294.87677001953125,293.1499938964844,293.1499938964844,280.6499938964844,35933.3046875,36000.0,313.1499938964844,0.0,18000.0,1.0,0.0,0.0,0.0,1.0,0.8910318613052368,1.0,0.0,0.0,3.651627779006958,3.6516518592834473,8.897465590962383e-07,4.265924453735352,4.265914440155029,9.78592834144365e-06,0.0,0.0,-0.0,6204.13818359375,0.0,1534.4810791015625,1895.4371337890625,0.0,3319.85595703125,0.9055859446525574,1.0,0.0,3.0,1.0,0.0
12141480,296.9630126953125,297.1499938964844,293.1499938964844,0.0,-0.0,284.97625732421875,0.8892821073532104,0.4734664261341095,0.4287578761577606,297.3216247558594,297.1499938964844,293.1499938964844,0.0,-0.0,284.9762268066406,0.90478777885437,0.4993862807750702,0.474767804145813,297.2148132324219,297.1499938964844,293.1499938964844,0.0,-0.0,284.9765930175781,0.777814507484436,0.3138753473758697,0.2220464497804641,297.1908874511719,297.1499938964844,293.1499938964844,0.0,-0.0,284.97674560546875,0.7475152015686035,0.2775556147098541,0.2665437757968902,297.1313781738281,297.1499938964844,293.1499938964844,0.0,-0.0,284.9772644042969,0.6645647287368774,0.1938758194446563,0.8907111287117004,284.97637939453125,284.95001220703125,300.1815795898437,289.3022766113281,298.2165832519531,297.22564697265625,284.974853515625,1.0,0.5404388308525085,0.4566209018230438,0.4566209018230438,1.0,1.0,-2.740712404251098,0.91958349943161,1.8211289644241333,0.2974440455436706,0.900747776031494,0.900747776031494,0.0,158.05923461914062,166.0,38877.4453125,0.0,1909.7503662109373,1.0,280.95782470703125,283.50543212890625,292.34716796875,294.87677001953125,293.1499938964844,293.1499938964844,280.6499938964844,35933.3046875,36000.0,313.1499938964844,0.0,18000.0,1.0,0.0,0.0,0.0,1.0,0.8910318613052368,1.0,0.0,0.0,3.651627779006958,3.6516518592834473,8.897465590962383e-07,4.265924453735352,4.265914440155029,9.78592834144365e-06,0.0,0.0,-0.0,6204.13818359375,0.0,1534.4810791015625,1895.4371337890625,0.0,3319.85595703125,0.9055859446525574,1.0,0.0,3.0,1.0,0.0
12141540,296.9505615234375,297.1499938964844,293.1499938964844,0.0,-0.0,284.7801513671875,0.8818318843841553,0.4698461890220642,0.4259255826473236,297.3080749511719,297.1499938964844,293.1499938964844,0.0,-0.0,284.78009033203125,0.8999517560005188,0.50019770860672,0.4759382009506225,297.2089233398437,297.1499938964844,293.1499938964844,0.0,-0.0,284.780517578125,0.7735826969146729,0.3141101002693176,0.2224657088518142,297.1838073730469,297.1499938964844,293.1499938964844,0.0,-0.0,284.7807006835937,0.743412435054779,0.2773636281490326,0.2666974365711212,297.1266174316406,297.1499938964844,293.1499938964844,0.0,-0.0,284.78131103515625,0.6600287556648254,0.1931654661893844,0.8890261054039001,284.7802734375,284.95001220703125,300.197998046875,289.2901306152344,298.21417236328125,297.21490478515625,284.7784118652344,1.0,0.5424565672874451,0.4563865065574646,0.4563865065574646,1.0,1.0,-2.7373855113983154,0.9178054332733154,1.8195799589157104,0.2961883544921875,0.8968879580497742,0.8968879580497742,0.0,161.92776489257812,169.0,39824.55859375,0.0,1922.6348876953125,1.0,280.6582336425781,283.2714233398437,292.3525390625,294.9639587402344,293.1499938964844,293.1499938964844,280.95001220703125,36144.609375,36000.0,313.1499938964844,0.0,18000.0,1.0,0.0,0.0,0.0,1.0,0.9071614146232604,1.0,0.0,0.0,3.646994829177856,3.647018671035767,8.874902164279774e-07,4.265924453735352,4.265914440155029,9.78592834144365e-06,0.0,0.0,-0.0,5629.11474609375,0.0,1530.90869140625,1895.4371337890625,0.0,3470.241943359375,0.9046871662139891,1.0,0.0,3.0,1.0,0.0
12141600,296.9505615234375,297.1499938964844,293.1499938964844,0.0,-0.0,284.7801513671875,0.8818318843841553,0.4698461890220642,0.4259255826473236,297.3080749511719,297.1499938964844,293.1499938964844,0.0,-0.0,284.78009033203125,0.8999517560005188,0.50019770860672,0.4759382009506225,297.2089233398437,297.1499938964844,293.1499938964844,0.0,-0.0,284.780517578125,0.7735826969146729,0.3141101002693176,0.2224657088518142,297.1838073730469,297.1499938964844,293.1499938964844,0.0,-0.0,284.7807006835937,0.743412435054779,0.2773636281490326,0.2666974365711212,297.1266174316406,297.1499938964844,293.1499938964844,0.0,-0.0,284.78131103515625,0.6600287556648254,0.1931654661893844,0.8890261054039001,284.7802734375,284.95001220703125,300.197998046875,289.2901306152344,298.21417236328125,297.21490478515625,284.7784118652344,1.0,0.5424565672874451,0.4563865065574646,0.4563865065574646,1.0,1.0,-2.7373855113983154,0.9178054332733154,1.8195799589157104,0.2961883544921875,0.8968879580497742,0.8968879580497742,0.0,161.92776489257812,169.0,39824.55859375,0.0,1922.6348876953125,1.0,280.6582336425781,283.2714233398437,292.3525390625,294.9639587402344,293.1499938964844,293.1499938964844,280.95001220703125,36144.609375,36000.0,313.1499938964844,0.0,18000.0,1.0,0.0,0.0,0.0,1.0,0.9071614146232604,1.0,0.0,0.0,3.646994829177856,3.647018671035767,8.874902164279774e-07,4.265924453735352,4.265914440155029,9.78592834144365e-06,0.0,0.0,-0.0,5629.11474609375,0.0,1530.90869140625,1895.4371337890625,0.0,3470.241943359375,0.9046871662139891,1.0,0.0,3.0,1.0,0.0
12141660,296.9566650390625,297.1499938964844,293.1499938964844,0.0,-0.0,284.9505920410156,0.8759826421737671,0.4679110944271087,0.4237603843212127,297.30694580078125,297.1499938964844,293.1499938964844,0.0,-0.0,284.9506225585937,0.8964251279830933,0.5020638108253479,0.4773979485034942,297.2122497558594,297.1499938964844,293.1499938964844,0.0,-0.0,284.95025634765625,0.770499587059021,0.3151741921901703,0.2230549752712249,297.1831970214844,297.1499938964844,293.1499938964844,0.0,-0.0,284.9501342773437,0.7402345538139343,0.2777175009250641,0.2669150829315185,297.1259460449219,297.1499938964844,293.1499938964844,0.0,-0.0,284.9495849609375,0.6562950611114502,0.1927893012762069,0.8871063590049744,284.95050048828125,284.95001220703125,300.2142333984375,289.2772216796875,298.2186889648437,297.21484375,284.9520263671875,1.0,0.54425448179245,0.4560237228870392,0.4560237228870392,1.0,1.0,-2.735190391540528,0.9162287712097168,1.8189616203308103,0.2947118580341339,0.8982513546943665,0.8982513546943665,0.0,165.1593475341797,172.0,38801.7109375,0.0,1934.2965087890625,1.0,280.942138671875,283.4834289550781,292.239501953125,294.7220458984375,293.1499938964844,293.1499938964844,281.25,36028.4140625,36000.0,313.1499938964844,0.0,18000.0,1.0,0.0,0.0,0.0,1.0,0.8952643871307373,1.0,0.0,0.0,3.645068645477295,3.645092487335205,8.865529821378004e-07,4.265924453735352,4.265914440155029,9.78592834144365e-06,0.0,0.0,-0.0,5493.94921875,0.0,1527.9012451171875,1895.4371337890625,0.0,3359.40283203125,0.904205858707428,1.0,0.0,3.0,1.0,0.0
12141720,296.9566650390625,297.1499938964844,293.1499938964844,0.0,-0.0,284.9505920410156,0.8759826421737671,0.4679110944271087,0.4237603843212127,297.30694580078125,297.1499938964844,293.1499938964844,0.0,-0.0,284.9506225585937,0.8964251279830933,0.5020638108253479,0.4773979485034942,297.2122497558594,297.1499938964844,293.1499938964844,0.0,-0.0,284.95025634765625,0.770499587059021,0.3151741921901703,0.2230549752712249,297.1831970214844,297.1499938964844,293.1499938964844,0.0,-0.0,284.9501342773437,0.7402345538139343,0.2777175009250641,0.2669150829315185,297.1259460449219,297.1499938964844,293.1499938964844,0.0,-0.0,284.9495849609375,0.6562950611114502,0.1927893012762069,0.8871063590049744,284.95050048828125,284.95001220703125,300.2142333984375,289.2772216796875,298.2186889648437,297.21484375,284.9520263671875,1.0,0.54425448179245,0.4560237228870392,0.4560237228870392,1.0,1.0,-2.735190391540528,0.9162287712097168,1.8189616203308103,0.2947118580341339,0.8982513546943665,0.8982513546943665,0.0,165.1593475341797,172.0,38801.7109375,0.0,1934.2965087890625,1.0,280.942138671875,283.4834289550781,292.239501953125,294.7220458984375,293.1499938964844,293.1499938964844,281.25,36028.4140625,36000.0,313.1499938964844,0.0,18000.0,1.0,0.0,0.0,0.0,1.0,0.8952643871307373,1.0,0.0,0.0,3.645068645477295,3.645092487335205,8.865529821378004e-07,4.265924453735352,4.265914440155029,9.78592834144365e-06,0.0,0.0,-0.0,5493.94921875,0.0,1527.9012451171875,1895.4371337890625,0.0,3359.40283203125,0.904205858707428,1.0,0.0,3.0,1.0,0.0
12141780,296.9770202636719,297.1499938964844,293.1499938964844,0.0,-0.0,285.1462707519531,0.8731981515884399,0.4675154685974121,0.4232184290885925,297.3186950683594,297.1499938964844,293.1499938964844,0.0,-0.0,285.1463317871094,0.8957148790359497,0.5052313208580017,0.4801903367042541,297.2257080078125,297.1499938964844,293.1499938964844,0.0,-0.0,285.1459045410156,0.7699982523918152,0.3173205554485321,0.2244428992271423,297.1910400390625,297.1499938964844,293.1499938964844,0.0,-0.0,285.145751953125,0.7392532229423523,0.2789263427257538,0.2679539620876312,297.1324768066406,297.1499938964844,293.1499938964844,0.0,-0.0,285.1451110839844,0.6547871232032776,0.1931418776512146,0.8882898092269897,285.14617919921875,284.95001220703125,300.2302551269531,289.2635192871094,298.2318420410156,297.22705078125,285.1480407714844,1.0,0.5465106964111328,0.4556609392166137,0.4556609392166137,1.0,1.0,-2.742225885391236,0.9182645082473756,1.82396137714386,0.2948563694953918,0.902459681034088,0.902459681034088,0.0,167.3092498779297,175.0,37869.34375,0.0,1955.3670654296875,1.0,281.2417297363281,283.7174987792969,292.20526123046875,294.608154296875,293.1499938964844,293.1499938964844,280.95001220703125,35817.89453125,36000.0,313.1499938964844,0.0,18000.0,1.0,0.0,0.0,0.0,1.0,0.8799677491188049,1.0,0.0,0.0,3.6511363983154297,3.651160478591919,8.895071346159966e-07,4.265924453735352,4.265914440155029,9.78592834144365e-06,0.0,0.0,-0.0,6044.41845703125,0.0,1533.0703125,1895.4371337890625,0.0,3216.2783203125,0.9054251313209534,1.0,0.0,3.0,1.0,0.0
12141840,296.9770202636719,297.1499938964844,293.1499938964844,0.0,-0.0,285.1462707519531,0.8731981515884399,0.4675154685974121,0.4232184290885925,297.3186950683594,297.1499938964844,293.1499938964844,0.0,-0.0,285.1463317871094,0.8957148790359497,0.5052313208580017,0.4801903367042541,297.2257080078125,297.1499938964844,293.1499938964844,0.0,-0.0,285.1459045410156,0.7699982523918152,0.3173205554485321,0.2244428992271423,297.1910400390625,297.1499938964844,293.1499938964844,0.0,-0.0,285.145751953125,0.7392532229423523,0.2789263427257538,0.2679539620876312,297.1324768066406,297.1499938964844,293.1499938964844,0.0,-0.0,285.1451110839844,0.6547871232032776,0.1931418776512146,0.8882898092269897,285.14617919921875,284.95001220703125,300.2302551269531,289.2635192871094,298.2318420410156,297.22705078125,285.1480407714844,1.0,0.5465106964111328,0.4556609392166137,0.4556609392166137,1.0,1.0,-2.742225885391236,0.9182645082473756,1.82396137714386,0.2948563694953918,0.902459681034088,0.902459681034088,0.0,167.3092498779297,175.0,37869.34375,0.0,1955.3670654296875,1.0,281.2417297363281,283.7174987792969,292.20526123046875,294.608154296875,293.1499938964844,293.1499938964844,280.95001220703125,35817.89453125,36000.0,313.1499938964844,0.0,18000.0,1.0,0.0,0.0,0.0,1.0,0.8799677491188049,1.0,0.0,0.0,3.6511363983154297,3.651160478591919,8.895071346159966e-07,4.265924453735352,4.265914440155029,9.78592834144365e-06,0.0,0.0,-0.0,6044.41845703125,0.0,1533.0703125,1895.4371337890625,0.0,3216.2783203125,0.9054251313209534,1.0,0.0,3.0,1.0,0.0
12141900,296.9811096191406,297.1499938964844,293.1499938964844,0.0,-0.0,285.0237121582031,0.871827244758606,0.4668279588222503,0.4229840338230133,297.3209228515625,297.1499938964844,293.1499938964844,0.0,-0.0,285.0234375,0.8954106569290161,0.5065246224403381,0.4816906154155731,297.2298889160156,297.1499938964844,293.1499938964844,0.0,-0.0,285.0255126953125,0.7698330879211426,0.3182134628295898,0.2252230048179626,297.1932373046875,297.1499938964844,293.1499938964844,0.0,-0.0,285.0263366699219,0.7388427257537842,0.2794044017791748,0.2685774266719818,297.1349182128906,297.1499938964844,293.1499938964844,0.0,-0.0,285.0294189453125,0.6541731357574463,0.1932716965675354,0.8894656300544739,285.0242919921875,284.95001220703125,300.2381896972656,289.25640869140625,298.2364807128906,297.2302551269531,285.0155029296875,1.0,0.5477954745292664,0.4554795622825622,0.4554795622825622,1.0,1.0,-2.7468509674072266,0.9197065830230712,1.8271443843841555,0.2952078580856323,0.9018051028251648,0.9018051028251648,0.0,168.44992065429688,175.0,38800.546875,0.0,1967.9886474609373,1.0,280.9985656738281,283.55426025390625,292.28814697265625,294.8371887207031,293.1499938964844,293.1499938964844,280.95001220703125,35867.05859375,36000.0,313.1499938964844,0.0,18000.0,1.0,0.0,0.0,0.0,1.0,0.8877895474433899,1.0,0.0,0.0,3.653912544250488,3.6539366245269775,8.908602922019782e-07,4.265924453735352,4.265914440155029,9.78592834144365e-06,0.0,0.0,-0.0,5902.34130859375,0.0,1536.5301513671875,1895.4371337890625,0.0,3289.529541015625,0.906025230884552,1.0,0.0,3.0,1.0,0.0
12141960,296.97882080078125,297.1499938964844,293.1499938964844,0.0,-0.0,284.9760131835937,0.8692967295646667,0.4655330181121826,0.4220916032791137,297.31817626953125,297.1499938964844,293.1499938964844,0.0,-0.0,284.9759826660156,0.8940384387969971,0.5073356032371521,0.4826907515525818,297.2301940917969,297.1499938964844,293.1499938964844,0.0,-0.0,284.976318359375,0.7687357664108276,0.3187496960163116,0.2257390916347503,297.1922912597656,297.1499938964844,293.1499938964844,0.0,-0.0,284.9764709472656,0.737637996673584,0.2795852422714233,0.2689237892627716,297.1348876953125,297.1499938964844,293.1499938964844,0.0,-0.0,284.9769897460937,0.652808666229248,0.1931733787059784,0.8897495269775391,284.97613525390625,284.95001220703125,300.2460632324219,289.2491455078125,298.23760986328125,297.2284851074219,284.9746398925781,1.0,0.5489880442619324,0.4553011059761047,0.4553011059761047,1.0,1.0,-2.7483630180358887,0.919929563999176,1.8284335136413568,0.2950498163700104,0.9014539122581482,0.9014539122581482,0.0,170.07443237304688,178.0,38918.08984375,0.0,1977.9866943359373,1.0,280.9576416015625,283.5057983398437,292.2944030761719,294.8263244628906,293.1499938964844,293.1499938964844,280.6499938964844,35930.96484375,36000.0,313.1499938964844,0.0,18000.0,1.0,0.0,0.0,0.0,1.0,0.8934689164161682,1.0,0.0,0.0,3.6545581817626953,3.654582262039185,8.911751478990482e-07,4.265924453735352,4.265914440155029,9.78592834144365e-06,0.0,0.0,-0.0,6194.369140625,0.0,1537.728515625,1895.4371337890625,0.0,3342.6328125,0.9062398672103882,1.0,0.0,3.0,1.0,0.0
12142020,296.9660949707031,297.1499938964844,293.1499938964844,0.0,-0.0,284.7800598144531,0.8628191351890564,0.4620838165283203,0.4194070696830749,297.3049011230469,297.1499938964844,293.1499938964844,0.0,-0.0,284.77996826171875,0.8898547887802124,0.508131206035614,0.4838447570800781,297.22467041015625,297.1499938964844,293.1499938964844,0.0,-0.0,284.7803955078125,0.7652740478515625,0.3192145824432373,0.2263148576021194,297.1849060058594,297.1499938964844,293.1499938964844,0.0,-0.0,284.78057861328125,0.7340984344482422,0.2793788611888885,0.2690624296665191,297.12994384765625,297.1499938964844,293.1499938964844,0.0,-0.0,284.7812194824219,0.6489443182945251,0.1924875229597091,0.8881562352180481,284.7801513671875,284.95001220703125,300.2616577148437,289.2340393066406,298.23468017578125,297.21783447265625,284.7783203125,1.0,0.5510130524635315,0.4549441933631897,0.4549441933631897,1.0,1.0,-2.745474338531494,0.9180578589439392,1.8274164199829104,0.2936938107013702,0.8975935578346252,0.8975935578346252,0.0,173.91294860839844,181.0,39867.078125,0.0,1991.38525390625,1.0,280.658203125,283.27203369140625,292.2969055175781,294.91082763671875,293.1499938964844,293.1499938964844,280.95001220703125,36142.6328125,36000.0,313.1499938964844,0.0,18000.0,1.0,0.0,0.0,0.0,1.0,0.9096904397010804,1.0,0.0,0.0,3.6499991416931152,3.6500229835510254,8.889529681255226e-07,4.265924453735352,4.265914440155029,9.78592834144365e-06,0.0,0.0,-0.0,5619.0078125,0.0,1534.234619140625,1895.4371337890625,0.0,3493.730712890625,0.9053575992584229,1.0,0.0,3.0,1.0,0.0
12142080,296.9660949707031,297.1499938964844,293.1499938964844,0.0,-0.0,284.7800598144531,0.8628191351890564,0.4620838165283203,0.4194070696830749,297.3049011230469,297.1499938964844,293.1499938964844,0.0,-0.0,284.77996826171875,0.8898547887802124,0.508131206035614,0.4838447570800781,297.22467041015625,297.1499938964844,293.1499938964844,0.0,-0.0,284.7803955078125,0.7652740478515625,0.3192145824432373,0.2263148576021194,297.1849060058594,297.1499938964844,293.1499938964844,0.0,-0.0,284.78057861328125,0.7340984344482422,0.2793788611888885,0.2690624296665191,297.12994384765625,297.1499938964844,293.1499938964844,0.0,-0.0,284.7812194824219,0.6489443182945251,0.1924875229597091,0.8881562352180481,284.7801513671875,284.95001220703125,300.2616577148437,289.2340393066406,298.23468017578125,297.21783447265625,284.7783203125,1.0,0.5510130524635315,0.4549441933631897,0.4549441933631897,1.0,1.0,-2.745474338531494,0.9180578589439392,1.8274164199829104,0.2936938107013702,0.8975935578346252,0.8975935578346252,0.0,173.91294860839844,181.0,39867.078125,0.0,1991.38525390625,1.0,280.658203125,283.27203369140625,292.2969055175781,294.91082763671875,293.1499938964844,293.1499938964844,280.95001220703125,36142.6328125,36000.0,313.1499938964844,0.0,18000.0,1.0,0.0,0.0,0.0,1.0,0.9096904397010804,1.0,0.0,0.0,3.6499991416931152,3.6500229835510254,8.889529681255226e-07,4.265924453735352,4.265914440155029,9.78592834144365e-06,0.0,0.0,-0.0,5619.0078125,0.0,1534.234619140625,1895.4371337890625,0.0,3493.730712890625,0.9053575992584229,1.0,0.0,3.0,1.0,0.0
12142140,296.9716796875,297.1499938964844,293.1499938964844,0.0,-0.0,284.9504089355469,0.8577653169631958,0.460294097661972,0.417376697063446,297.3041687011719,297.1499938964844,293.1499938964844,0.0,-0.0,284.9504699707031,0.8868216276168823,0.50999915599823,0.4852998554706573,297.2284851074219,297.1499938964844,293.1499938964844,0.0,-0.0,284.9501037597656,0.7628329992294312,0.3205289542675018,0.227073848247528,297.18408203125,297.1499938964844,293.1499938964844,0.0,-0.0,284.949951171875,0.7313413619995117,0.2797257602214813,0.2692691087722778,297.1291198730469,297.1499938964844,293.1499938964844,0.0,-0.0,284.94940185546875,0.6457537412643433,0.1921385824680328,0.8863495588302612,284.9503173828125,284.95001220703125,300.27703857421875,289.2182312011719,298.2392272949219,297.2182312011719,284.95184326171875,1.0,0.5528302192687988,0.4545872807502746,0.4545872807502746,1.0,1.0,-2.743762493133545,0.9166626334190368,1.8270998001098635,0.2923846244812011,0.8989548087120056,0.8989548087120056,0.0,177.1210174560547,184.0,38843.2578125,0.0,2003.688232421875,1.0,280.9421691894531,283.48406982421875,292.1810607910156,294.6661376953125,293.1499938964844,293.1499938964844,281.25,36027.609375,36000.0,313.1499938964844,0.0,18000.0,1.0,0.0,0.0,0.0,1.0,0.8979038000106812,1.0,0.0,0.0,3.648108720779419,3.648132562637329,8.880324458004907e-07,4.265924453735352,4.265914440155029,9.78592834144365e-06,0.0,0.0,-0.0,5482.89501953125,0.0,1531.2718505859375,1895.4371337890625,0.0,3384.03662109375,0.9048850536346436,1.0,0.0,3.0,1.0,0.0
12142200,296.9716796875,297.1499938964844,293.1499938964844,0.0,-0.0,284.9504089355469,0.8577653169631958,0.460294097661972,0.417376697063446,297.3041687011719,297.1499938964844,293.1499938964844,0.0,-0.0,284.9504699707031,0.8868216276168823,0.50999915599823,0.4852998554706573,297.2284851074219,297.1499938964844,293.1499938964844,0.0,-0.0,284.9501037597656,0.7628329992294312,0.3205289542675018,0.227073848247528,297.18408203125,297.1499938964844,293.1499938964844,0.0,-0.0,284.949951171875,0.7313413619995117,0.2797257602214813,0.2692691087722778,297.1291198730469,297.1499938964844,293.1499938964844,0.0,-0.0,284.94940185546875,0.6457537412643433,0.1921385824680328,0.8863495588302612,284.9503173828125,284.95001220703125,300.27703857421875,289.2182312011719,298.2392272949219,297.2182312011719,284.95184326171875,1.0,0.5528302192687988,0.4545872807502746,0.4545872807502746,1.0,1.0,-2.743762493133545,0.9166626334190368,1.8270998001098635,0.2923846244812011,0.8989548087120056,0.8989548087120056,0.0,177.1210174560547,184.0,38843.2578125,0.0,2003.688232421875,1.0,280.9421691894531,283.48406982421875,292.1810607910156,294.6661376953125,293.1499938964844,293.1499938964844,281.25,36027.609375,36000.0,313.1499938964844,0.0,18000.0,1.0,0.0,0.0,0.0,1.0,0.8979038000106812,1.0,0.0,0.0,3.648108720779419,3.648132562637329,8.880324458004907e-07,4.265924453735352,4.265914440155029,9.78592834144365e-06,0.0,0.0,-0.0,5482.89501953125,0.0,1531.2718505859375,1895.4371337890625,0.0,3384.03662109375,0.9048850536346436,1.0,0.0,3.0,1.0,0.0
12142260,296.9914855957031,297.1499938964844,293.1499938964844,0.0,-0.0,285.1459045410156,0.8554372191429138,0.4600324034690857,0.4169541001319885,297.3160400390625,297.1499938964844,293.1499938964844,0.0,-0.0,285.14599609375,0.8863403797149658,0.5131450891494751,0.488079696893692,297.24224853515625,297.1499938964844,293.1499938964844,0.0,-0.0,285.14556884765625,0.7627142071723938,0.3229120075702667,0.228629469871521,297.1918640136719,297.1499938964844,293.1499938964844,0.0,-0.0,285.1454162597656,0.7305648326873779,0.2809382677078247,0.2703077495098114,297.135498046875,297.1499938964844,293.1499938964844,0.0,-0.0,285.1447448730469,0.6445263028144836,0.1925162523984909,0.8876430988311768,285.14581298828125,284.95001220703125,300.29217529296875,289.2018127441406,298.2525939941406,297.2308654785156,285.1476745605469,1.0,0.555108368396759,0.4543341696262359,0.4543341696262359,1.0,1.0,-2.751260042190552,0.9190818071365356,1.832178235054016,0.2929168939590454,0.9031581282615662,0.9031581282615662,0.0,179.26605224609375,187.0,37909.48828125,0.0,2025.70751953125,1.0,281.24176025390625,283.7181091308594,292.1439514160156,294.5492248535156,293.1499938964844,293.1499938964844,280.95001220703125,35818.36328125,36000.0,313.1499938964844,0.0,18000.0,1.0,0.0,0.0,0.0,1.0,0.8826904296875,1.0,0.0,0.0,3.654162168502808,3.654186248779297,8.909819939617591e-07,4.265924453735352,4.265914440155029,9.78592834144365e-06,0.0,0.0,-0.0,6032.53076171875,0.0,1536.4434814453125,1895.4371337890625,0.0,3241.78857421875,0.906102418899536,1.0,0.0,3.0,1.0,0.0
12142320,296.9914855957031,297.1499938964844,293.1499938964844,0.0,-0.0,285.1459045410156,0.8554372191429138,0.4600324034690857,0.4169541001319885,297.3160400390625,297.1499938964844,293.1499938964844,0.0,-0.0,285.14599609375,0.8863403797149658,0.5131450891494751,0.488079696893692,297.24224853515625,297.1499938964844,293.1499938964844,0.0,-0.0,285.14556884765625,0.7627142071723938,0.3229120075702667,0.228629469871521,297.1918640136719,297.1499938964844,293.1499938964844,0.0,-0.0,285.1454162597656,0.7305648326873779,0.2809382677078247,0.2703077495098114,297.135498046875,297.1499938964844,293.1499938964844,0.0,-0.0,285.1447448730469,0.6445263028144836,0.1925162523984909,0.8876430988311768,285.14581298828125,284.95001220703125,300.29217529296875,289.2018127441406,298.2525939941406,297.2308654785156,285.1476745605469,1.0,0.555108368396759,0.4543341696262359,0.4543341696262359,1.0,1.0,-2.751260042190552,0.9190818071365356,1.832178235054016,0.2929168939590454,0.9031581282615662,0.9031581282615662,0.0,179.26605224609375,187.0,37909.48828125,0.0,2025.70751953125,1.0,281.24176025390625,283.7181091308594,292.1439514160156,294.5492248535156,293.1499938964844,293.1499938964844,280.95001220703125,35818.36328125,36000.0,313.1499938964844,0.0,18000.0,1.0,0.0,0.0,0.0,1.0,0.8826904296875,1.0,0.0,0.0,3.654162168502808,3.654186248779297,8.909819939617591e-07,4.265924453735352,4.265914440155029,9.78592834144365e-06,0.0,0.0,-0.0,6032.53076171875,0.0,1536.4434814453125,1895.4371337890625,0.0,3241.78857421875,0.906102418899536,1.0,0.0,3.0,1.0,0.0
12142380,296.9930114746094,297.1499938964844,293.1499938964844,0.0,-0.0,284.9757995605469,0.8520936965942383,0.458206295967102,0.415958434343338,297.3150329589844,297.1499938964844,293.1499938964844,0.0,-0.0,284.9757385253906,0.884922206401825,0.5151684880256653,0.4905160665512085,297.24664306640625,297.1499938964844,293.1499938964844,0.0,-0.0,284.97607421875,0.7618613839149475,0.3245413303375244,0.2300695478916168,297.1930236816406,297.1499938964844,293.1499938964844,0.0,-0.0,284.9762268066406,0.729199230670929,0.281598687171936,0.2712796032428741,297.13775634765625,297.1499938964844,293.1499938964844,0.0,-0.0,284.9767761230469,0.6428771018981934,0.1925709247589111,0.8892038464546204,284.97589111328125,284.95001220703125,300.3070373535156,289.18475341796875,298.25811767578125,297.2320861816406,284.974365234375,1.0,0.5576024651527405,0.4540810883045196,0.4540810883045196,1.0,1.0,-2.757775068283081,0.9210987091064452,1.836676359176636,0.2935076951980591,0.9021472930908204,0.9021472930908204,0.0,182.04104614257807,190.0,38959.796875,0.0,2049.201904296875,1.0,280.9577941894531,283.5066223144531,292.2301940917969,294.7645263671875,293.1499938964844,293.1499938964844,280.6499938964844,35931.21875,36000.0,313.1499938964844,0.0,18000.0,1.0,0.0,0.0,0.0,1.0,0.8962495923042297,1.0,0.0,0.0,3.657564401626587,3.657588481903076,8.926418217924947e-07,4.265924453735352,4.265914440155029,9.78592834144365e-06,0.0,0.0,-0.0,6182.330078125,0.0,1541.0848388671875,1895.4371337890625,0.0,3368.6005859375,0.906912624835968,1.0,0.0,3.0,1.0,0.0
12142440,296.9930114746094,297.1499938964844,293.1499938964844,0.0,-0.0,284.9757995605469,0.8520936965942383,0.458206295967102,0.415958434343338,297.3150329589844,297.1499938964844,293.1499938964844,0.0,-0.0,284.9757385253906,0.884922206401825,0.5151684880256653,0.4905160665512085,297.24664306640625,297.1499938964844,293.1499938964844,0.0,-0.0,284.97607421875,0.7618613839149475,0.3245413303375244,0.2300695478916168,297.1930236816406,297.1499938964844,293.1499938964844,0.0,-0.0,284.9762268066406,0.729199230670929,0.281598687171936,0.2712796032428741,297.13775634765625,297.1499938964844,293.1499938964844,0.0,-0.0,284.9767761230469,0.6428771018981934,0.1925709247589111,0.8892038464546204,284.97589111328125,284.95001220703125,300.3070373535156,289.18475341796875,298.25811767578125,297.2320861816406,284.974365234375,1.0,0.5576024651527405,0.4540810883045196,0.4540810883045196,1.0,1.0,-2.757775068283081,0.9210987091064452,1.836676359176636,0.2935076951980591,0.9021472930908204,0.9021472930908204,0.0,182.04104614257807,190.0,38959.796875,0.0,2049.201904296875,1.0,280.9577941894531,283.5066223144531,292.2301940917969,294.7645263671875,293.1499938964844,293.1499938964844,280.6499938964844,35931.21875,36000.0,313.1499938964844,0.0,18000.0,1.0,0.0,0.0,0.0,1.0,0.8962495923042297,1.0,0.0,0.0,3.657564401626587,3.657588481903076,8.926418217924947e-07,4.265924453735352,4.265914440155029,9.78592834144365e-06,0.0,0.0,-0.0,6182.330078125,0.0,1541.0848388671875,1895.4371337890625,0.0,3368.6005859375,0.906912624835968,1.0,0.0,3.0,1.0,0.0
12142500,296.9877014160156,297.1499938964844,293.1499938964844,0.0,-0.0,284.8329467773437,0.8495036363601685,0.4566937983036041,0.4148677885532379,297.3092346191406,297.1499938964844,293.1499938964844,0.0,-0.0,284.8324584960937,0.8832963109016418,0.5156459212303162,0.4912151992321014,297.2447204589844,297.1499938964844,293.1499938964844,0.0,-0.0,284.8346862792969,0.7606380581855774,0.3249675929546356,0.2305157631635666,297.19012451171875,297.1499938964844,293.1499938964844,0.0,-0.0,284.83563232421875,0.7278176546096802,0.2815889716148376,0.2714577615261078,297.1360168457031,297.1499938964844,293.1499938964844,0.0,-0.0,284.8390808105469,0.6413945555686951,0.1923247575759887,0.8888875842094421,284.8334655761719,284.95001220703125,300.3143615722656,289.17596435546875,298.2572937011719,297.2276916503906,284.8238525390625,1.0,0.5587007403373718,0.4539545178413391,0.4539545178413391,1.0,1.0,-2.757678747177124,0.9207924604415894,1.836886167526245,0.2932358980178833,0.8999990820884705,0.8999990820884705,0.0,183.85682678222656,190.0,39853.71875,0.0,2057.582275390625,1.0,280.7010192871094,283.32489013671875,292.2620849609375,294.91522216796875,293.1499938964844,293.1499938964844,280.6499938964844,36041.82421875,36000.0,313.1499938964844,0.0,18000.0,1.0,0.0,0.0,0.0,1.0,0.9070326089859008,1.0,0.0,0.0,3.656576871871948,3.6566009521484375,8.921599032873928e-07,4.265924453735352,4.265914440155029,9.78592834144365e-06,0.0,0.0,-0.0,5999.87109375,0.0,1540.8114013671875,1895.4371337890625,0.0,3469.044921875,0.906728208065033,1.0,0.0,3.0,1.0,0.0
12142560,296.98016357421875,297.1499938964844,293.1499938964844,0.0,-0.0,284.7795104980469,0.8464360237121582,0.454924464225769,0.4134231507778168,297.3011169433594,297.1499938964844,293.1499938964844,0.0,-0.0,284.7794189453125,0.8811705112457275,0.5158562660217285,0.4915739595890045,297.240966796875,297.1499938964844,293.1499938964844,0.0,-0.0,284.7798156738281,0.7589762806892395,0.3251984119415283,0.2307796031236648,297.1855163574219,297.1499938964844,293.1499938964844,0.0,-0.0,284.7799987792969,0.7260335683822632,0.2813894748687744,0.271416574716568,297.1326904296875,297.1499938964844,293.1499938964844,0.0,-0.0,284.7806701660156,0.6395244598388672,0.1919095814228058,0.8877180218696594,284.77960205078125,284.95001220703125,300.3216247558594,289.16705322265625,298.2545471191406,297.22088623046875,284.7777709960937,1.0,0.5596418976783752,0.4537419080734253,0.4537419080734253,1.0,1.0,-2.755238771438598,0.9193979501724244,1.835840940475464,0.292400449514389,0.8982774019241333,0.8982774019241333,0.0,185.8826446533203,178.0,39911.35546875,0.0,2063.1611328125,1.0,280.6580810546875,283.2725830078125,292.2304992675781,294.8467712402344,293.1499938964844,293.1499938964844,280.95001220703125,36142.703125,36000.0,313.1499938964844,0.0,18000.0,1.0,0.0,0.0,0.0,1.0,0.912568747997284,1.0,0.0,0.0,3.653003454208374,3.6530275344848633,8.904170840651204e-07,4.265924453735352,4.265914440155029,9.78592834144365e-06,0.0,0.0,-0.0,5606.35595703125,0.0,1537.581298828125,1895.4371337890625,0.0,3520.427490234375,0.9060296416282654,1.0,0.0,3.0,1.0,0.0
12142620,296.98553466796875,297.1499938964844,293.1499938964844,0.0,-0.0,284.9481201171875,0.8479368090629578,0.4532912969589233,0.4113004207611084,297.300048828125,297.1499938964844,293.1499938964844,0.0,-0.0,284.9482116699219,0.8850783109664917,0.5176423788070679,0.4926971197128296,297.2449645996094,297.1499938964844,293.1499938964844,0.0,-0.0,284.9478759765625,0.7624423503875732,0.3267385959625244,0.2315064072608947,297.1847839355469,297.1499938964844,293.1499938964844,0.0,-0.0,284.9477233886719,0.7284063100814819,0.2817516028881073,0.2713856399059295,297.13189697265625,297.1499938964844,293.1499938964844,0.0,-0.0,284.9472045898437,0.6410616636276245,0.1915982365608215,0.8848937749862671,284.94805908203125,284.95001220703125,300.3359680175781,289.1488037109375,298.2584228515625,297.2213439941406,284.949462890625,1.0,0.5569637417793274,0.4533166587352752,0.4533166587352752,1.0,1.0,-2.751473188400269,0.9170331358909608,1.8344401121139529,0.2907804548740387,0.8996016383171082,0.8996016383171082,0.0,182.85464477539065,166.0,38860.23828125,0.0,2042.886474609375,1.0,280.94219970703125,283.4832763671875,292.1117858886719,294.59832763671875,293.1499938964844,293.1499938964844,281.25,36029.53125,36000.0,313.1499938964844,0.0,18000.0,1.0,0.0,0.0,0.0,1.0,0.9008230566978456,1.0,0.0,0.0,3.6510629653930655,3.651087045669556,8.894713232621143e-07,4.265924453735352,4.265914440155029,9.78592834144365e-06,0.0,0.0,-0.0,5467.77685546875,0.0,1534.5726318359375,1895.4371337890625,0.0,3411.25537109375,0.90554678440094,1.0,0.0,3.0,1.0,0.0
12142680,296.98553466796875,297.1499938964844,293.1499938964844,0.0,-0.0,284.9481201171875,0.8479368090629578,0.4532912969589233,0.4113004207611084,297.300048828125,297.1499938964844,293.1499938964844,0.0,-0.0,284.9482116699219,0.8850783109664917,0.5176423788070679,0.4926971197128296,297.2449645996094,297.1499938964844,293.1499938964844,0.0,-0.0,284.9478759765625,0.7624423503875732,0.3267385959625244,0.2315064072608947,297.1847839355469,297.1499938964844,293.1499938964844,0.0,-0.0,284.9477233886719,0.7284063100814819,0.2817516028881073,0.2713856399059295,297.13189697265625,297.1499938964844,293.1499938964844,0.0,-0.0,284.9472045898437,0.6410616636276245,0.1915982365608215,0.8848937749862671,284.94805908203125,284.95001220703125,300.3359680175781,289.1488037109375,298.2584228515625,297.2213439941406,284.949462890625,1.0,0.5569637417793274,0.4533166587352752,0.4533166587352752,1.0,1.0,-2.751473188400269,0.9170331358909608,1.8344401121139529,0.2907804548740387,0.8996016383171082,0.8996016383171082,0.0,182.85464477539065,166.0,38860.23828125,0.0,2042.886474609375,1.0,280.94219970703125,283.4832763671875,292.1117858886719,294.59832763671875,293.1499938964844,293.1499938964844,281.25,36029.53125,36000.0,313.1499938964844,0.0,18000.0,1.0,0.0,0.0,0.0,1.0,0.9008230566978456,1.0,0.0,0.0,3.6510629653930655,3.651087045669556,8.894713232621143e-07,4.265924453735352,4.265914440155029,9.78592834144365e-06,0.0,0.0,-0.0,5467.77685546875,0.0,1534.5726318359375,1895.4371337890625,0.0,3411.25537109375,0.90554678440094,1.0,0.0,3.0,1.0,0.0
12142740,297.0054626464844,297.1499938964844,293.1499938964844,0.0,-0.0,285.14068603515625,0.8561079502105713,0.4532168507575989,0.4106633067131042,297.3121337890625,297.1499938964844,293.1499938964844,0.0,-0.0,285.1407775878906,0.8960526585578918,0.5207575559616089,0.4950430989265442,297.25946044921875,297.1499938964844,293.1499938964844,0.0,-0.0,285.1404113769531,0.772040605545044,0.3294022977352142,0.2329571545124054,297.193115234375,297.1499938964844,293.1499938964844,0.0,-0.0,285.1402282714844,0.7360275387763977,0.2830287218093872,0.2720798254013061,297.1387939453125,297.1499938964844,293.1499938964844,0.0,-0.0,285.1396179199219,0.6475287675857544,0.1920605599880218,0.8846430778503418,285.1405944824219,284.95001220703125,300.3500061035156,289.1300048828125,298.2713317871094,297.2347412109375,285.1423034667969,1.0,0.5524688959121704,0.4528913795948028,0.4528913795948028,1.0,1.0,-2.7557966709136963,0.9178276658058168,1.8379690647125244,0.2905752062797546,0.9037169814109802,0.9037169814109802,0.0,174.9238739013672,154.0,37888.23828125,0.0,2012.59130859375,1.0,281.2417907714844,283.71502685546875,292.07135009765625,294.4760131835937,293.1499938964844,293.1499938964844,280.95001220703125,35824.23828125,36000.0,313.1499938964844,0.0,18000.0,1.0,0.0,0.0,0.0,1.0,0.8854532837867737,1.0,0.0,0.0,3.6569128036499023,3.656936883926392,8.923238397073874e-07,4.265924453735352,4.265914440155029,9.78592834144365e-06,0.0,0.0,-0.0,6013.38427734375,0.0,1539.555419921875,1895.4371337890625,0.0,3267.662841796875,0.9067214727401732,1.0,0.0,3.0,1.0,0.0
12142800,297.0054626464844,297.1499938964844,293.1499938964844,0.0,-0.0,285.14068603515625,0.8561079502105713,0.4532168507575989,0.4106633067131042,297.3121337890625,297.1499938964844,293.1499938964844,0.0,-0.0,285.1407775878906,0.8960526585578918,0.5207575559616089,0.4950430989265442,297.25946044921875,297.1499938964844,293.1499938964844,0.0,-0.0,285.1404113769531,0.772040605545044,0.3294022977352142,0.2329571545124054,297.193115234375,297.1499938964844,293.1499938964844,0.0,-0.0,285.1402282714844,0.7360275387763977,0.2830287218093872,0.2720798254013061,297.1387939453125,297.1499938964844,293.1499938964844,0.0,-0.0,285.1396179199219,0.6475287675857544,0.1920605599880218,0.8846430778503418,285.1405944824219,284.95001220703125,300.3500061035156,289.1300048828125,298.2713317871094,297.2347412109375,285.1423034667969,1.0,0.5524688959121704,0.4528913795948028,0.4528913795948028,1.0,1.0,-2.7557966709136963,0.9178276658058168,1.8379690647125244,0.2905752062797546,0.9037169814109802,0.9037169814109802,0.0,174.9238739013672,154.0,37888.23828125,0.0,2012.59130859375,1.0,281.2417907714844,283.71502685546875,292.07135009765625,294.4760131835937,293.1499938964844,293.1499938964844,280.95001220703125,35824.23828125,36000.0,313.1499938964844,0.0,18000.0,1.0,0.0,0.0,0.0,1.0,0.8854532837867737,1.0,0.0,0.0,3.6569128036499023,3.656936883926392,8.923238397073874e-07,4.265924453735352,4.265914440155029,9.78592834144365e-06,0.0,0.0,-0.0,6013.38427734375,0.0,1539.555419921875,1895.4371337890625,0.0,3267.662841796875,0.9067214727401732,1.0,0.0,3.0,1.0,0.0
12142860,297.04742431640625,297.1499938964844,293.1499938964844,0.0,-0.0,284.9960632324219,0.874596357345581,0.4557024836540222,0.4121153950691223,297.35333251953125,297.1499938964844,293.1499938964844,0.0,-0.0,284.9960632324219,0.9191825985908508,0.5270395874977112,0.4999411106109619,297.3072509765625,297.1499938964844,293.1499938964844,0.0,-0.0,284.9960632324219,0.7922334671020508,0.3356782495975494,0.2364808619022369,297.2391052246094,297.1499938964844,293.1499938964844,0.0,-0.0,284.99609375,0.7534716725349426,0.2882780134677887,0.2757696211338043,297.1881408691406,297.1499938964844,293.1499938964844,0.0,-0.0,284.99615478515625,0.6647893786430359,0.1969555467367172,0.8998926281929016,284.9960632324219,284.95001220703125,300.3634338378906,289.107666015625,298.30548095703125,297.2768249511719,284.9962463378906,1.0,0.5485833883285522,0.4526416063308716,0.4526416063308716,1.0,1.0,-2.7903976440429688,0.9308226704597472,1.8595749139785769,0.2956705093383789,0.9030911326408386,0.9030911326408386,0.0,161.81231689453125,142.0,39291.765625,0.0,2006.0888671875,1.0,280.957763671875,283.5245361328125,292.1573486328125,294.7019958496094,293.1499938964844,293.1499938964844,280.6499938964844,35918.0,36000.0,313.1499938964844,0.0,18000.0,1.0,0.0,0.0,0.0,1.0,0.8996148705482483,1.0,0.0,0.0,3.66054916381836,3.6605732440948486,8.940993438955047e-07,4.265924453735352,4.265914440155029,9.78592834144365e-06,0.0,0.0,-0.0,6188.1826171875,0.0,1544.3212890625,1895.4371337890625,0.0,3399.994384765625,0.9075772762298584,1.0,0.0,3.0,1.0,0.0
12142920,297.04742431640625,297.1499938964844,293.1499938964844,0.0,-0.0,284.9960632324219,0.874596357345581,0.4557024836540222,0.4121153950691223,297.35333251953125,297.1499938964844,293.1499938964844,0.0,-0.0,284.9960632324219,0.9191825985908508,0.5270395874977112,0.4999411106109619,297.3072509765625,297.1499938964844,293.1499938964844,0.0,-0.0,284.9960632324219,0.7922334671020508,0.3356782495975494,0.2364808619022369,297.2391052246094,297.1499938964844,293.1499938964844,0.0,-0.0,284.99609375,0.7534716725349426,0.2882780134677887,0.2757696211338043,297.1881408691406,297.1499938964844,293.1499938964844,0.0,-0.0,284.99615478515625,0.6647893786430359,0.1969555467367172,0.8998926281929016,284.9960632324219,284.95001220703125,300.3634338378906,289.107666015625,298.30548095703125,297.2768249511719,284.9962463378906,1.0,0.5485833883285522,0.4526416063308716,0.4526416063308716,1.0,1.0,-2.7903976440429688,0.9308226704597472,1.8595749139785769,0.2956705093383789,0.9030911326408386,0.9030911326408386,0.0,161.81231689453125,142.0,39291.765625,0.0,2006.0888671875,1.0,280.957763671875,283.5245361328125,292.1573486328125,294.7019958496094,293.1499938964844,293.1499938964844,280.6499938964844,35918.0,36000.0,313.1499938964844,0.0,18000.0,1.0,0.0,0.0,0.0,1.0,0.8996148705482483,1.0,0.0,0.0,3.66054916381836,3.6605732440948486,8.940993438955047e-07,4.265924453735352,4.265914440155029,9.78592834144365e-06,0.0,0.0,-0.0,6188.1826171875,0.0,1544.3212890625,1895.4371337890625,0.0,3399.994384765625,0.9075772762298584,1.0,0.0,3.0,1.0,0.0
12142980,297.0521850585937,297.1499938964844,293.1499938964844,0.0,-0.0,284.82843017578125,0.8913033604621887,0.4549084901809692,0.4115022718906402,297.3594055175781,297.1499938964844,293.1499938964844,0.0,-0.0,284.828369140625,0.9419540762901306,0.5302570462226868,0.5030611753463745,297.3224182128906,297.1499938964844,293.1499938964844,0.0,-0.0,284.8285827636719,0.8106526136398315,0.3392326831817627,0.2389852851629257,297.2543029785156,297.1499938964844,293.1499938964844,0.0,-0.0,284.82867431640625,0.7701402306556702,0.2909715175628662,0.2783481180667877,297.2089233398437,297.1499938964844,293.1499938964844,0.0,-0.0,284.8290405273437,0.6813656687736511,0.1995687633752823,0.9116634130477904,284.8284606933594,284.95001220703125,300.3759155273437,289.0791015625,298.31622314453125,297.2855529785156,284.8276672363281,1.0,0.5444438457489014,0.4523918330669403,0.4523918330669403,1.0,1.0,-2.813685417175293,0.9393421411514282,1.8743433952331543,0.2994001507759094,0.9000767469406128,0.9000767469406128,0.0,150.70140075683594,130.0,40577.5625,0.0,1990.4891357421875,1.0,280.6581726074219,283.3118591308594,292.1578674316406,294.80828857421875,293.1499938964844,293.1499938964844,280.3500061035156,36091.99609375,36000.0,313.1499938964844,0.0,18000.0,1.0,0.0,0.0,0.0,1.0,0.9190912842750548,1.0,0.0,0.0,3.657771348953247,3.657795667648315,8.927429462346481e-07,4.265924453735352,4.265914440155029,9.78592834144365e-06,0.0,0.0,-0.0,6316.69921875,0.0,1542.5216064453125,1895.4371337890625,0.0,3580.77001953125,0.9070661067962646,1.0,0.0,3.0,1.0,0.0
12143040,297.0521850585937,297.1499938964844,293.1499938964844,0.0,-0.0,284.82843017578125,0.8913033604621887,0.4549084901809692,0.4115022718906402,297.3594055175781,297.1499938964844,293.1499938964844,0.0,-0.0,284.828369140625,0.9419540762901306,0.5302570462226868,0.5030611753463745,297.3224182128906,297.1499938964844,293.1499938964844,0.0,-0.0,284.8285827636719,0.8106526136398315,0.3392326831817627,0.2389852851629257,297.2543029785156,297.1499938964844,293.1499938964844,0.0,-0.0,284.82867431640625,0.7701402306556702,0.2909715175628662,0.2783481180667877,297.2089233398437,297.1499938964844,293.1499938964844,0.0,-0.0,284.8290405273437,0.6813656687736511,0.1995687633752823,0.9116634130477904,284.8284606933594,284.95001220703125,300.3759155273437,289.0791015625,298.31622314453125,297.2855529785156,284.8276672363281,1.0,0.5444438457489014,0.4523918330669403,0.4523918330669403,1.0,1.0,-2.813685417175293,0.9393421411514282,1.8743433952331543,0.2994001507759094,0.9000767469406128,0.9000767469406128,0.0,150.70140075683594,130.0,40577.5625,0.0,1990.4891357421875,1.0,280.6581726074219,283.3118591308594,292.1578674316406,294.80828857421875,293.1499938964844,293.1499938964844,280.3500061035156,36091.99609375,36000.0,313.1499938964844,0.0,18000.0,1.0,0.0,0.0,0.0,1.0,0.9190912842750548,1.0,0.0,0.0,3.657771348953247,3.657795667648315,8.927429462346481e-07,4.265924453735352,4.265914440155029,9.78592834144365e-06,0.0,0.0,-0.0,6316.69921875,0.0,1542.5216064453125,1895.4371337890625,0.0,3580.77001953125,0.9070661067962646,1.0,0.0,3.0,1.0,0.0
12143100,297.049072265625,297.1499938964844,293.1499938964844,0.0,-0.0,284.6927185058594,0.8990064263343811,0.4539874196052551,0.4106582403182983,297.3561706542969,297.1499938964844,293.1499938964844,0.0,-0.0,284.6921691894531,0.9521870017051696,0.5312678217887878,0.5039984583854675,297.323974609375,297.1499938964844,293.1499938964844,0.0,-0.0,284.694091796875,0.8186390995979309,0.3404789268970489,0.2398234158754348,297.2555236816406,297.1499938964844,293.1499938964844,0.0,-0.0,284.6950378417969,0.7778974175453186,0.291753888130188,0.2790526151657104,297.21258544921875,297.1499938964844,293.1499938964844,0.0,-0.0,284.6981506347656,0.6888172626495361,0.2003043889999389,0.9148012399673462,284.6930847167969,284.95001220703125,300.3818359375,289.0626220703125,298.317138671875,297.2840270996094,284.6844177246094,1.0,0.5419670343399048,0.4522669613361358,0.4522669613361358,1.0,1.0,-2.8194289207458496,0.9412990808486938,1.878129959106445,0.3002387285232544,0.8970617651939392,0.8970617651939392,0.0,145.68170166015625,130.0,41538.6328125,0.0,1975.6273193359373,1.0,280.401123046875,283.1366882324219,292.1636962890625,294.92999267578125,293.1499938964844,293.1499938964844,280.3500061035156,36215.2578125,36000.0,313.1499938964844,0.0,18000.0,1.0,0.0,0.0,0.0,1.0,0.9303610920906068,1.0,0.0,0.0,3.653464555740357,3.6534886360168457,8.906418429432961e-07,4.265924453735352,4.265914440155029,9.78592834144365e-06,0.0,0.0,-0.0,6127.787109375,0.0,1538.638671875,1895.4371337890625,0.0,3684.45068359375,0.9061493277549744,1.0,0.0,3.0,1.0,0.0
12143160,297.0436706542969,297.1499938964844,293.1499938964844,0.0,-0.0,284.6461486816406,0.9065446257591248,0.4528156518936157,0.4094796776771545,297.35009765625,297.1499938964844,293.1499938964844,0.0,-0.0,284.64605712890625,0.9617125988006592,0.5319781303405762,0.5045610666275024,297.3228454589844,297.1499938964844,293.1499938964844,0.0,-0.0,284.6463317871094,0.8261930346488953,0.3414705097675323,0.240429401397705,297.2538452148437,297.1499938964844,293.1499938964844,0.0,-0.0,284.646484375,0.7854402661323547,0.2922579050064087,0.2794359624385834,297.21307373046875,297.1499938964844,293.1499938964844,0.0,-0.0,284.64697265625,0.6958872079849243,0.2007486075162887,0.9164282083511353,284.64617919921875,284.95001220703125,300.38751220703125,289.0447082519531,298.315185546875,297.27960205078125,284.6449279785156,1.0,0.5391778349876404,0.4517954587936401,0.4517954587936401,1.0,1.0,-2.821838140487671,0.9412533044815063,1.8805848360061648,0.2998111248016357,0.894520103931427,0.894520103931427,0.0,140.8519744873047,118.0,41642.94921875,0.0,1956.2686767578125,1.0,280.3582763671875,283.09039306640625,292.11541748046875,294.84283447265625,293.1499938964844,293.1499938964844,280.6499938964844,36323.7578125,36000.0,313.1499938964844,0.0,18000.0,1.0,0.0,0.0,0.0,1.0,0.936185657978058,1.0,0.0,0.0,3.64645004272461,3.646474123001098,8.872251555658295e-07,4.265924453735352,4.265914440155029,9.78592834144365e-06,0.0,0.0,-0.0,5721.34765625,0.0,1531.6427001953125,1895.4371337890625,0.0,3737.70556640625,0.9046887755393982,1.0,0.0,3.0,1.0,0.0
12143220,297.052001953125,297.1499938964844,293.1499938964844,0.0,-0.0,284.8244323730469,0.9282402396202089,0.4522900879383087,0.4080716073513031,297.3523254394531,297.1499938964844,293.1499938964844,0.0,-0.0,284.8245544433594,0.9830155372619628,0.534715473651886,0.5062720775604248,297.3306884765625,297.1499938964844,293.1499938964844,0.0,-0.0,284.8241882324219,0.844996988773346,0.3444406688213348,0.241935983300209,297.25689697265625,297.1499938964844,293.1499938964844,0.0,-0.0,284.823974609375,0.8041757941246033,0.2938728928565979,0.2803128361701965,297.21685791015625,297.1499938964844,293.1499938964844,0.0,-0.0,284.8233642578125,0.7127812504768372,0.2019236087799072,0.9190818667411804,284.8243713378906,284.95001220703125,300.3981628417969,289.0048828125,298.3191223144531,297.282958984375,284.8262023925781,1.0,0.533168613910675,0.4508524537086487,0.4508524537086487,1.0,1.0,-2.8282485008239746,0.9416919946670532,1.8865565061569207,0.2989407777786255,0.894263744354248,0.894263744354248,0.0,130.13470458984375,106.0,40662.6328125,0.0,1914.8931884765625,1.0,280.6421203613281,283.3104248046875,291.9762268066406,294.5744934082031,293.1499938964844,293.1499938964844,280.95001220703125,36212.87890625,36000.0,313.1499938964844,0.0,18000.0,1.0,0.0,0.0,0.0,1.0,0.9260448813438416,1.0,0.0,0.0,3.637640476226807,3.637664556503296,8.829433681967203e-07,4.265924453735352,4.265914440155029,9.78592834144365e-06,0.0,0.0,-0.0,5577.64697265625,0.0,1521.048828125,1895.4371337890625,0.0,3644.836181640625,0.902673840522766,1.0,0.0,3.0,1.0,0.0
12143280,297.052001953125,297.1499938964844,293.1499938964844,0.0,-0.0,284.8244323730469,0.9282402396202089,0.4522900879383087,0.4080716073513031,297.3523254394531,297.1499938964844,293.1499938964844,0.0,-0.0,284.8245544433594,0.9830155372619628,0.534715473651886,0.5062720775604248,297.3306884765625,297.1499938964844,293.1499938964844,0.0,-0.0,284.8241882324219,0.844996988773346,0.3444406688213348,0.241935983300209,297.25689697265625,297.1499938964844,293.1499938964844,0.0,-0.0,284.823974609375,0.8041757941246033,0.2938728928565979,0.2803128361701965,297.21685791015625,297.1499938964844,293.1499938964844,0.0,-0.0,284.8233642578125,0.7127812504768372,0.2019236087799072,0.9190818667411804,284.8243713378906,284.95001220703125,300.3981628417969,289.0048828125,298.3191223144531,297.282958984375,284.8262023925781,1.0,0.533168613910675,0.4508524537086487,0.4508524537086487,1.0,1.0,-2.8282485008239746,0.9416919946670532,1.8865565061569207,0.2989407777786255,0.894263744354248,0.894263744354248,0.0,130.13470458984375,106.0,40662.6328125,0.0,1914.8931884765625,1.0,280.6421203613281,283.3104248046875,291.9762268066406,294.5744934082031,293.1499938964844,293.1499938964844,280.95001220703125,36212.87890625,36000.0,313.1499938964844,0.0,18000.0,1.0,0.0,0.0,0.0,1.0,0.9260448813438416,1.0,0.0,0.0,3.637640476226807,3.637664556503296,8.829433681967203e-07,4.265924453735352,4.265914440155029,9.78592834144365e-06,0.0,0.0,-0.0,5577.64697265625,0.0,1521.048828125,1895.4371337890625,0.0,3644.836181640625,0.902673840522766,1.0,0.0,3.0,1.0,0.0
12143340,297.0727844238281,297.1499938964844,293.1499938964844,0.0,-0.0,285.0204467773437,0.9557258486747742,0.4531482458114624,0.4082038998603821,297.3692932128906,297.1499938964844,293.1499938964844,0.0,-0.0,285.0205078125,0.9990000128746032,0.5389764308929443,0.5006903409957886,297.3471069335937,297.1499938964844,293.1499938964844,0.0,-0.0,285.02032470703125,0.8691830635070801,0.3483858704566955,0.2442233711481094,297.2668151855469,297.1499938964844,293.1499938964844,0.0,-0.0,285.0202331542969,0.8258813619613647,0.2962249517440796,0.2819510102272033,297.2253112792969,297.1499938964844,293.1499938964844,0.0,-0.0,285.0198669433594,0.7315215468406677,0.2036246210336685,0.924120306968689,285.0204162597656,284.95001220703125,300.4078674316406,288.9600524902344,298.3305053710937,297.2981872558594,285.02056884765625,1.0,0.5268692374229431,0.4499094784259796,0.4499094784259796,1.0,1.0,-2.8339638710021973,0.9419326186180116,1.892031192779541,0.2970035374164581,0.8968252539634705,0.8968252539634705,0.0,119.16393280029295,109.0,39655.2890625,0.0,1870.0115966796875,1.0,280.941650390625,283.5451354980469,291.912841796875,294.43212890625,293.1499938964844,293.1499938964844,281.25,36000.62890625,36000.0,313.1499938964844,0.0,18000.0,1.0,0.0,0.0,0.0,1.0,0.9130837321281432,1.0,0.0,0.0,3.636919260025024,3.636943101882935,8.825932695799565e-07,4.265924453735352,4.265914440155029,9.78592834144365e-06,0.0,0.0,-0.0,5475.0517578125,0.0,1518.6688232421875,1895.4371337890625,0.0,3525.199462890625,0.9023715257644652,1.0,0.0,3.0,1.0,0.0
12143400,297.0727844238281,297.1499938964844,293.1499938964844,0.0,-0.0,285.0204467773437,0.9557258486747742,0.4531482458114624,0.4082038998603821,297.3692932128906,297.1499938964844,293.1499938964844,0.0,-0.0,285.0205078125,0.9990000128746032,0.5389764308929443,0.5006903409957886,297.3471069335937,297.1499938964844,293.1499938964844,0.0,-0.0,285.02032470703125,0.8691830635070801,0.3483858704566955,0.2442233711481094,297.2668151855469,297.1499938964844,293.1499938964844,0.0,-0.0,285.0202331542969,0.8258813619613647,0.2962249517440796,0.2819510102272033,297.2253112792969,297.1499938964844,293.1499938964844,0.0,-0.0,285.0198669433594,0.7315215468406677,0.2036246210336685,0.924120306968689,285.0204162597656,284.95001220703125,300.4078674316406,288.9600524902344,298.3305053710937,297.2981872558594,285.02056884765625,1.0,0.5268692374229431,0.4499094784259796,0.4499094784259796,1.0,1.0,-2.8339638710021973,0.9419326186180116,1.892031192779541,0.2970035374164581,0.8968252539634705,0.8968252539634705,0.0,119.16393280029295,109.0,39655.2890625,0.0,1870.0115966796875,1.0,280.941650390625,283.5451354980469,291.912841796875,294.43212890625,293.1499938964844,293.1499938964844,281.25,36000.62890625,36000.0,313.1499938964844,0.0,18000.0,1.0,0.0,0.0,0.0,1.0,0.9130837321281432,1.0,0.0,0.0,3.636919260025024,3.636943101882935,8.825932695799565e-07,4.265924453735352,4.265914440155029,9.78592834144365e-06,0.0,0.0,-0.0,5475.0517578125,0.0,1518.6688232421875,1895.4371337890625,0.0,3525.199462890625,0.9023715257644652,1.0,0.0,3.0,1.0,0.0
12143460,297.0951538085937,297.1499938964844,293.1499938964844,0.0,-0.0,285.2052917480469,0.9669952988624572,0.454434335231781,0.4091158807277679,297.4185485839844,297.1499938964844,293.1499938964844,0.0,-0.0,285.20538330078125,0.9990000128746032,0.546720564365387,0.4850805103778839,297.36553955078125,297.1499938964844,293.1499938964844,0.0,-0.0,285.2050476074219,0.8819960951805115,0.3527474403381347,0.247067779302597,297.27886962890625,297.1499938964844,293.1499938964844,0.0,-0.0,285.2048645019531,0.8361773490905762,0.2989253103733063,0.2842546701431274,297.2358093261719,297.1499938964844,293.1499938964844,0.0,-0.0,285.2043151855469,0.7406837940216064,0.2056398838758468,0.9320086240768432,285.2052307128906,284.95001220703125,300.4166564941406,288.9106140136719,298.3546447753906,297.331787109375,285.2066650390625,1.0,0.5240193009376526,0.4494591653347015,0.4494591653347015,1.0,1.0,-2.830483913421631,0.9394364953041076,1.8910473585128784,0.2967856228351593,0.9017364382743835,0.9017364382743835,0.0,114.9926986694336,112.0,38633.8203125,0.0,1845.3792724609373,1.0,281.2416687011719,283.7721252441406,291.8665771484375,294.3175964355469,293.1499938964844,293.1499938964844,280.95001220703125,35765.55078125,36000.0,313.1499938964844,0.0,18000.0,1.0,0.0,0.0,0.0,1.0,0.9014072418212892,1.0,0.0,0.0,3.644953489303589,3.644977331161499,8.864970482136414e-07,4.265924453735352,4.265914440155029,9.78592834144365e-06,0.0,0.0,-0.0,6016.82080078125,0.0,1525.8095703125,1895.4371337890625,0.0,3416.698486328125,0.9040079116821288,1.0,0.0,3.0,1.0,0.0
12143520,297.0951538085937,297.1499938964844,293.1499938964844,0.0,-0.0,285.2052917480469,0.9669952988624572,0.454434335231781,0.4091158807277679,297.4185485839844,297.1499938964844,293.1499938964844,0.0,-0.0,285.20538330078125,0.9990000128746032,0.546720564365387,0.4850805103778839,297.36553955078125,297.1499938964844,293.1499938964844,0.0,-0.0,285.2050476074219,0.8819960951805115,0.3527474403381347,0.247067779302597,297.27886962890625,297.1499938964844,293.1499938964844,0.0,-0.0,285.2048645019531,0.8361773490905762,0.2989253103733063,0.2842546701431274,297.2358093261719,297.1499938964844,293.1499938964844,0.0,-0.0,285.2043151855469,0.7406837940216064,0.2056398838758468,0.9320086240768432,285.2052307128906,284.95001220703125,300.4166564941406,288.9106140136719,298.3546447753906,297.331787109375,285.2066650390625,1.0,0.5240193009376526,0.4494591653347015,0.4494591653347015,1.0,1.0,-2.830483913421631,0.9394364953041076,1.8910473585128784,0.2967856228351593,0.9017364382743835,0.9017364382743835,0.0,114.9926986694336,112.0,38633.8203125,0.0,1845.3792724609373,1.0,281.2416687011719,283.7721252441406,291.8665771484375,294.3175964355469,293.1499938964844,293.1499938964844,280.95001220703125,35765.55078125,36000.0,313.1499938964844,0.0,18000.0,1.0,0.0,0.0,0.0,1.0,0.9014072418212892,1.0,0.0,0.0,3.644953489303589,3.644977331161499,8.864970482136414e-07,4.265924453735352,4.265914440155029,9.78592834144365e-06,0.0,0.0,-0.0,6016.82080078125,0.0,1525.8095703125,1895.4371337890625,0.0,3416.698486328125,0.9040079116821288,1.0,0.0,3.0,1.0,0.0
12143580,297.0959777832031,297.1499938964844,293.1499938964844,0.0,-0.0,285.0299987792969,0.9721099138259888,0.4538494348526001,0.4090942442417145,297.45733642578125,297.1499938964844,293.1499938964844,0.0,-0.0,285.0299377441406,0.9990000128746032,0.5540820956230164,0.4772756099700928,297.3705139160156,297.1499938964844,293.1499938964844,0.0,-0.0,285.0301818847656,0.8899469375610352,0.3560019433498382,0.2495551258325576,297.28076171875,297.1499938964844,293.1499938964844,0.0,-0.0,285.0303649902344,0.8422793745994568,0.3007647395133972,0.2862206101417541,297.2391357421875,297.1499938964844,293.1499938964844,0.0,-0.0,285.0308837890625,0.74626624584198,0.2070774435997009,0.9391584992408752,285.0300598144531,284.95001220703125,300.4245300292969,288.8570251464844,298.3717041015625,297.35479736328125,285.0285949707031,1.0,0.5235576629638672,0.4490088820457458,0.4490088820457458,1.0,1.0,-2.835021734237671,0.940188467502594,1.894833207130432,0.2967992424964905,0.9013922214508056,0.9013922214508056,0.0,113.1656723022461,115.0,39636.7734375,0.0,1843.67333984375,1.0,280.95782470703125,283.55584716796875,291.9141540527344,294.4955749511719,293.1499938964844,293.1499938964844,280.6499938964844,35867.80859375,36000.0,313.1499938964844,0.0,18000.0,1.0,0.0,0.0,0.0,1.0,0.9173985123634338,1.0,0.0,0.0,3.650687456130981,3.650711536407471,8.892884011402202e-07,4.265924453735352,4.265914440155029,9.78592834144365e-06,0.0,0.0,-0.0,6155.71923828125,0.0,1532.9443359375,1895.4371337890625,0.0,3565.131103515625,0.9053314328193665,1.0,0.0,3.0,1.0,0.0
12143640,297.0959777832031,297.1499938964844,293.1499938964844,0.0,-0.0,285.0299987792969,0.9721099138259888,0.4538494348526001,0.4090942442417145,297.45733642578125,297.1499938964844,293.1499938964844,0.0,-0.0,285.0299377441406,0.9990000128746032,0.5540820956230164,0.4772756099700928,297.3705139160156,297.1499938964844,293.1499938964844,0.0,-0.0,285.0301818847656,0.8899469375610352,0.3560019433498382,0.2495551258325576,297.28076171875,297.1499938964844,293.1499938964844,0.0,-0.0,285.0303649902344,0.8422793745994568,0.3007647395133972,0.2862206101417541,297.2391357421875,297.1499938964844,293.1499938964844,0.0,-0.0,285.0308837890625,0.74626624584198,0.2070774435997009,0.9391584992408752,285.0300598144531,284.95001220703125,300.4245300292969,288.8570251464844,298.3717041015625,297.35479736328125,285.0285949707031,1.0,0.5235576629638672,0.4490088820457458,0.4490088820457458,1.0,1.0,-2.835021734237671,0.940188467502594,1.894833207130432,0.2967992424964905,0.9013922214508056,0.9013922214508056,0.0,113.1656723022461,115.0,39636.7734375,0.0,1843.67333984375,1.0,280.95782470703125,283.55584716796875,291.9141540527344,294.4955749511719,293.1499938964844,293.1499938964844,280.6499938964844,35867.80859375,36000.0,313.1499938964844,0.0,18000.0,1.0,0.0,0.0,0.0,1.0,0.9173985123634338,1.0,0.0,0.0,3.650687456130981,3.650711536407471,8.892884011402202e-07,4.265924453735352,4.265914440155029,9.78592834144365e-06,0.0,0.0,-0.0,6155.71923828125,0.0,1532.9443359375,1895.4371337890625,0.0,3565.131103515625,0.9053314328193665,1.0,0.0,3.0,1.0,0.0
12143700,297.090087890625,297.1499938964844,293.1499938964844,0.0,-0.0,284.8887939453125,0.9722076654434204,0.4529350996017456,0.4084633588790893,297.4661560058594,297.1499938964844,293.1499938964844,0.0,-0.0,284.88836669921875,0.9990000128746032,0.5569015741348267,0.4763896465301513,297.3682556152344,297.1499938964844,293.1499938964844,0.0,-0.0,284.8899230957031,0.8916413187980652,0.3571809232234955,0.2504768371582031,297.27752685546875,297.1499938964844,293.1499938964844,0.0,-0.0,284.8909606933594,0.8433430194854736,0.3012778759002685,0.2868293821811676,297.2372741699219,297.1499938964844,293.1499938964844,0.0,-0.0,284.89410400390625,0.7472637891769409,0.2074611783027649,0.9413684010505676,284.8890991210937,284.95001220703125,300.4281311035156,288.8287658691406,298.3749084472656,297.3584899902344,284.88006591796875,1.0,0.523874819278717,0.4487837255001068,0.4487837255001068,1.0,1.0,-2.837693929672241,0.9407182335853576,1.8969756364822388,0.2968831956386566,0.899626612663269,0.899626612663269,0.0,113.04605102539062,115.0,40569.08984375,0.0,1847.29150390625,1.0,280.701171875,283.375732421875,291.92486572265625,294.6264343261719,293.1499938964844,293.1499938964844,280.6499938964844,35972.93359375,36000.0,313.1499938964844,0.0,18000.0,1.0,0.0,0.0,0.0,1.0,0.9290867447853088,1.0,0.0,0.0,3.651010513305664,3.651034593582153,8.894458005670458e-07,4.265924453735352,4.265914440155029,9.78592834144365e-06,0.0,0.0,-0.0,5972.32080078125,0.0,1534.090576171875,1895.4371337890625,0.0,3672.767333984375,0.9054371118545532,1.0,0.0,3.0,1.0,0.0
12143760,297.08203125,297.1499938964844,293.1499938964844,0.0,-0.0,284.8382568359375,0.9709460735321044,0.4517629146575928,0.4074802994728088,297.4681396484375,297.1499938964844,293.1499938964844,0.0,-0.0,284.8381652832031,0.9990000128746032,0.5590999722480774,0.477169007062912,297.364013671875,297.1499938964844,293.1499938964844,0.0,-0.0,284.83843994140625,0.8920218348503113,0.3581458330154419,0.2511987090110779,297.2723083496094,297.1499938964844,293.1499938964844,0.0,-0.0,284.838623046875,0.8432421684265137,0.3015738725662231,0.287190318107605,297.2335205078125,297.1499938964844,293.1499938964844,0.0,-0.0,284.8391418457031,0.7471818923950195,0.2076434791088104,0.9425833225250244,284.8382873535156,284.95001220703125,300.4314880371094,288.7996520996094,298.37481689453125,297.3573303222656,284.8368225097656,1.0,0.5244312882423401,0.4485624730587005,0.4485624730587005,1.0,1.0,-2.8402109146118164,0.94119393825531,1.8990168571472168,0.2969560325145721,0.8983269929885864,0.8983269929885864,0.0,113.34575653076172,118.0,40676.8203125,0.0,1852.7017822265625,1.0,280.6581115722656,283.32550048828125,291.8732604980469,294.5398254394531,293.1499938964844,293.1499938964844,280.95001220703125,36066.7109375,36000.0,313.1499938964844,0.0,18000.0,1.0,0.0,0.0,0.0,1.0,0.935637354850769,1.0,0.0,0.0,3.6488966941833496,3.648920774459839,8.884161388778011e-07,4.265924453735352,4.265914440155029,9.78592834144365e-06,0.0,0.0,-0.0,5576.240234375,0.0,1532.4404296875,1895.4371337890625,0.0,3732.70263671875,0.9050602912902832,1.0,0.0,3.0,1.0,0.0
12143820,297.0855712890625,297.1499938964844,293.1499938964844,0.0,-0.0,285.01129150390625,0.968652367591858,0.4512344598770141,0.4065020382404327,297.4755554199219,297.1499938964844,293.1499938964844,0.0,-0.0,285.0113830566406,0.9990000128746032,0.5638696551322937,0.4794926047325134,297.36737060546875,297.1499938964844,293.1499938964844,0.0,-0.0,285.0111083984375,0.8927960991859436,0.361178457736969,0.2530607581138611,297.2702331542969,297.1499938964844,293.1499938964844,0.0,-0.0,285.01092529296875,0.8428938388824463,0.3028977811336517,0.2882129848003387,297.231201171875,297.1499938964844,293.1499938964844,0.0,-0.0,285.0104064941406,0.7467774152755737,0.2084562331438064,0.9455597400665284,285.0112609863281,284.95001220703125,300.4375,288.73895263671875,298.3798217773437,297.36260986328125,285.0128173828125,1.0,0.5262454152107239,0.4481199383735657,0.4481199383735657,1.0,1.0,-2.848865270614624,0.9435514211654664,1.9053138494491573,0.2976256906986236,0.900529146194458,0.900529146194458,0.0,114.27371215820312,136.0,39715.53515625,0.0,1870.8748779296875,1.0,280.9421691894531,283.5397033691406,291.71502685546875,294.25689697265625,293.1499938964844,293.1499938964844,280.6499938964844,35942.59375,36000.0,313.1499938964844,0.0,18000.0,1.0,0.0,0.0,0.0,1.0,0.9265521764755248,1.0,0.0,0.0,3.650189876556397,3.6502139568328857,8.890459639587789e-07,4.265924453735352,4.265914440155029,9.78592834144365e-06,0.0,0.0,-0.0,6087.8515625,0.0,1532.9501953125,1895.4371337890625,0.0,3649.498291015625,0.9052920937538148,1.0,0.0,3.0,1.0,0.0
12143880,297.0855712890625,297.1499938964844,293.1499938964844,0.0,-0.0,285.01129150390625,0.968652367591858,0.4512344598770141,0.4065020382404327,297.4755554199219,297.1499938964844,293.1499938964844,0.0,-0.0,285.0113830566406,0.9990000128746032,0.5638696551322937,0.4794926047325134,297.36737060546875,297.1499938964844,293.1499938964844,0.0,-0.0,285.0111083984375,0.8927960991859436,0.361178457736969,0.2530607581138611,297.2702331542969,297.1499938964844,293.1499938964844,0.0,-0.0,285.01092529296875,0.8428938388824463,0.3028977811336517,0.2882129848003387,297.231201171875,297.1499938964844,293.1499938964844,0.0,-0.0,285.0104064941406,0.7467774152755737,0.2084562331438064,0.9455597400665284,285.0112609863281,284.95001220703125,300.4375,288.73895263671875,298.3798217773437,297.36260986328125,285.0128173828125,1.0,0.5262454152107239,0.4481199383735657,0.4481199383735657,1.0,1.0,-2.848865270614624,0.9435514211654664,1.9053138494491573,0.2976256906986236,0.900529146194458,0.900529146194458,0.0,114.27371215820312,136.0,39715.53515625,0.0,1870.8748779296875,1.0,280.9421691894531,283.5397033691406,291.71502685546875,294.25689697265625,293.1499938964844,293.1499938964844,280.6499938964844,35942.59375,36000.0,313.1499938964844,0.0,18000.0,1.0,0.0,0.0,0.0,1.0,0.9265521764755248,1.0,0.0,0.0,3.650189876556397,3.6502139568328857,8.890459639587789e-07,4.265924453735352,4.265914440155029,9.78592834144365e-06,0.0,0.0,-0.0,6087.8515625,0.0,1532.9501953125,1895.4371337890625,0.0,3649.498291015625,0.9052920937538148,1.0,0.0,3.0,1.0,0.0
12143940,297.0815734863281,297.1499938964844,293.1499938964844,0.0,-0.0,284.8538513183594,0.9564895629882812,0.4500316083431244,0.4059716165065765,297.46099853515625,297.1499938964844,293.1499938964844,0.0,-0.0,284.8537902832031,0.9990000128746032,0.5665683746337891,0.4968402087688446,297.3668212890625,297.1499938964844,293.1499938964844,0.0,-0.0,284.8539123535156,0.8845974802970886,0.3638902306556701,0.2552501857280731,297.2659606933594,297.1499938964844,293.1499938964844,0.0,-0.0,284.8539733886719,0.8347939252853394,0.3039979636669159,0.2896074056625366,297.2274780273437,297.1499938964844,293.1499938964844,0.0,-0.0,284.8542175292969,0.7395694851875305,0.2091167271137237,0.9500090479850768,284.8538513183594,284.95001220703125,300.4425964355469,288.67535400390625,298.3769836425781,297.3550720214844,284.8535461425781,1.0,0.5343196392059326,0.4476773738861084,0.4476773738861084,1.0,1.0,-2.878708600997925,0.9541094303131104,1.924599051475525,0.301584243774414,0.8979383707046509,0.8979383707046509,0.0,119.92322540283205,139.0,40943.3984375,0.0,1946.3311767578125,1.0,280.6578369140625,283.3422241210937,291.724365234375,294.38494873046875,293.1499938964844,293.1499938964844,280.95001220703125,36084.125,36000.0,313.1499938964844,0.0,18000.0,1.0,0.0,0.0,0.0,1.0,0.9399137496948242,1.0,0.0,0.0,3.64779543876648,3.6478195190429688,8.878799349076871e-07,4.265924453735352,4.265914440155029,9.78592834144365e-06,0.0,0.0,-0.0,5558.05078125,0.0,1531.3463134765625,1895.4371337890625,0.0,3771.660400390625,0.9048326015472412,1.0,0.0,3.0,1.0,0.0
12144000,297.0815734863281,297.1499938964844,293.1499938964844,0.0,-0.0,284.8538513183594,0.9564895629882812,0.4500316083431244,0.4059716165065765,297.46099853515625,297.1499938964844,293.1499938964844,0.0,-0.0,284.8537902832031,0.9990000128746032,0.5665683746337891,0.4968402087688446,297.3668212890625,297.1499938964844,293.1499938964844,0.0,-0.0,284.8539123535156,0.8845974802970886,0.3638902306556701,0.2552501857280731,297.2659606933594,297.1499938964844,293.1499938964844,0.0,-0.0,284.8539733886719,0.8347939252853394,0.3039979636669159,0.2896074056625366,297.2274780273437,297.1499938964844,293.1499938964844,0.0,-0.0,284.8542175292969,0.7395694851875305,0.2091167271137237,0.9500090479850768,284.8538513183594,284.95001220703125,300.4425964355469,288.67535400390625,298.3769836425781,297.3550720214844,284.8535461425781,1.0,0.5343196392059326,0.4476773738861084,0.4476773738861084,1.0,1.0,-2.878708600997925,0.9541094303131104,1.924599051475525,0.301584243774414,0.8979383707046509,0.8979383707046509,0.0,119.92322540283205,139.0,40943.3984375,0.0,1946.3311767578125,1.0,280.6578369140625,283.3422241210937,291.724365234375,294.38494873046875,293.1499938964844,293.1499938964844,280.95001220703125,36084.125,36000.0,313.1499938964844,0.0,18000.0,1.0,0.0,0.0,0.0,1.0,0.9399137496948242,1.0,0.0,0.0,3.64779543876648,3.6478195190429688,8.878799349076871e-07,4.265924453735352,4.265914440155029,9.78592834144365e-06,0.0,0.0,-0.0,5558.05078125,0.0,1531.3463134765625,1895.4371337890625,0.0,3771.660400390625,0.9048326015472412,1.0,0.0,3.0,1.0,0.0
12144060,297.08843994140625,297.1499938964844,293.1499938964844,0.0,-0.0,285.0417785644531,0.9453451633453368,0.44983971118927,0.4055207371711731,297.4316711425781,297.1499938964844,293.1499938964844,0.0,-0.0,285.0419311523437,0.9990000128746032,0.5675237774848938,0.5124074816703796,297.3727722167969,297.1499938964844,293.1499938964844,0.0,-0.0,285.04156494140625,0.8779298663139343,0.3672251105308532,0.2574657499790191,297.2661437988281,297.1499938964844,293.1499938964844,0.0,-0.0,285.04132080078125,0.8280091285705566,0.3054742515087127,0.2909495830535888,297.2260437011719,297.1499938964844,293.1499938964844,0.0,-0.0,285.0406188964844,0.7334499955177307,0.209945410490036,0.953857123851776,285.0417175292969,284.95001220703125,300.4467468261719,288.6092834472656,298.3690795898437,297.341552734375,285.0438232421875,1.0,0.5409796237945557,0.4469016790390014,0.4469016790390014,1.0,1.0,-2.9057888984680176,0.962812602519989,1.942976355552673,0.3047136664390564,0.9006578922271729,0.9006578922271729,0.0,125.17179107666016,142.0,40180.2421875,0.0,2016.654052734375,1.0,280.942138671875,283.5691833496094,291.5902709960937,294.1495056152344,293.1499938964844,293.1499938964844,280.6499938964844,35926.88671875,36000.0,313.1499938964844,0.0,18000.0,1.0,0.0,0.0,0.0,1.0,0.9323588609695436,1.0,0.0,0.0,3.649636030197144,3.649660110473633,8.887761850928655e-07,4.265924453735352,4.265914440155029,9.78592834144365e-06,0.0,0.0,-0.0,6090.63232421875,0.0,1532.2166748046875,1895.4371337890625,0.0,3702.74365234375,0.9051615595817566,1.0,0.0,3.0,1.0,0.0
12144120,297.08843994140625,297.1499938964844,293.1499938964844,0.0,-0.0,285.0417785644531,0.9453451633453368,0.44983971118927,0.4055207371711731,297.4316711425781,297.1499938964844,293.1499938964844,0.0,-0.0,285.0419311523437,0.9990000128746032,0.5675237774848938,0.5124074816703796,297.3727722167969,297.1499938964844,293.1499938964844,0.0,-0.0,285.04156494140625,0.8779298663139343,0.3672251105308532,0.2574657499790191,297.2661437988281,297.1499938964844,293.1499938964844,0.0,-0.0,285.04132080078125,0.8280091285705566,0.3054742515087127,0.2909495830535888,297.2260437011719,297.1499938964844,293.1499938964844,0.0,-0.0,285.0406188964844,0.7334499955177307,0.209945410490036,0.953857123851776,285.0417175292969,284.95001220703125,300.4467468261719,288.6092834472656,298.3690795898437,297.341552734375,285.0438232421875,1.0,0.5409796237945557,0.4469016790390014,0.4469016790390014,1.0,1.0,-2.9057888984680176,0.962812602519989,1.942976355552673,0.3047136664390564,0.9006578922271729,0.9006578922271729,0.0,125.17179107666016,142.0,40180.2421875,0.0,2016.654052734375,1.0,280.942138671875,283.5691833496094,291.5902709960937,294.1495056152344,293.1499938964844,293.1499938964844,280.6499938964844,35926.88671875,36000.0,313.1499938964844,0.0,18000.0,1.0,0.0,0.0,0.0,1.0,0.9323588609695436,1.0,0.0,0.0,3.649636030197144,3.649660110473633,8.887761850928655e-07,4.265924453735352,4.265914440155029,9.78592834144365e-06,0.0,0.0,-0.0,6090.63232421875,0.0,1532.2166748046875,1895.4371337890625,0.0,3702.74365234375,0.9051615595817566,1.0,0.0,3.0,1.0,0.0
12144180,297.084716796875,297.1499938964844,293.1499938964844,0.0,-0.0,284.87890625,0.9359345436096193,0.4487055242061615,0.4050730466842651,297.3949279785156,297.1499938964844,293.1499938964844,0.0,-0.0,284.8788146972656,0.9990000128746032,0.5673863887786865,0.5254392623901367,297.3724975585937,297.1499938964844,293.1499938964844,0.0,-0.0,284.8790283203125,0.8730847239494324,0.3700331449508667,0.2597315013408661,297.2622985839844,297.1499938964844,293.1499938964844,0.0,-0.0,284.8791809082031,0.8227894306182861,0.3065687417984009,0.2923423051834106,297.2218933105469,297.1499938964844,293.1499938964844,0.0,-0.0,284.87957763671875,0.728715717792511,0.2104947119951248,0.957779347896576,284.8789367675781,284.95001220703125,300.45001220703125,288.54119873046875,298.35601806640625,297.32135009765625,284.8780212402344,1.0,0.5469741821289062,0.4461259543895721,0.4461259543895721,1.0,1.0,-2.9300332069396973,0.9703636169433594,1.959669589996338,0.3072785139083862,0.8983824253082275,0.8983824253082275,0.0,129.7349090576172,145.0,41299.59375,0.0,2079.971923828125,1.0,280.6578369140625,283.3658752441406,291.5989990234375,294.2831115722656,293.1499938964844,293.1499938964844,280.95001220703125,36057.6171875,36000.0,313.1499938964844,0.0,18000.0,1.0,0.0,0.0,0.0,1.0,0.94781756401062,1.0,0.0,0.0,3.648293972015381,3.64831805229187,8.881226563062228e-07,4.265924453735352,4.265914440155029,9.78592834144365e-06,0.0,0.0,-0.0,5553.74267578125,0.0,1531.7021484375,1895.4371337890625,0.0,3843.279541015625,0.9049255847930908,1.0,0.0,3.0,1.0,0.0
12144240,297.084716796875,297.1499938964844,293.1499938964844,0.0,-0.0,284.87890625,0.9359345436096193,0.4487055242061615,0.4050730466842651,297.3949279785156,297.1499938964844,293.1499938964844,0.0,-0.0,284.8788146972656,0.9990000128746032,0.5673863887786865,0.5254392623901367,297.3724975585937,297.1499938964844,293.1499938964844,0.0,-0.0,284.8790283203125,0.8730847239494324,0.3700331449508667,0.2597315013408661,297.2622985839844,297.1499938964844,293.1499938964844,0.0,-0.0,284.8791809082031,0.8227894306182861,0.3065687417984009,0.2923423051834106,297.2218933105469,297.1499938964844,293.1499938964844,0.0,-0.0,284.87957763671875,0.728715717792511,0.2104947119951248,0.957779347896576,284.8789367675781,284.95001220703125,300.45001220703125,288.54119873046875,298.35601806640625,297.32135009765625,284.8780212402344,1.0,0.5469741821289062,0.4461259543895721,0.4461259543895721,1.0,1.0,-2.9300332069396973,0.9703636169433594,1.959669589996338,0.3072785139083862,0.8983824253082275,0.8983824253082275,0.0,129.7349090576172,145.0,41299.59375,0.0,2079.971923828125,1.0,280.6578369140625,283.3658752441406,291.5989990234375,294.2831115722656,293.1499938964844,293.1499938964844,280.95001220703125,36057.6171875,36000.0,313.1499938964844,0.0,18000.0,1.0,0.0,0.0,0.0,1.0,0.94781756401062,1.0,0.0,0.0,3.648293972015381,3.64831805229187,8.881226563062228e-07,4.265924453735352,4.265914440155029,9.78592834144365e-06,0.0,0.0,-0.0,5553.74267578125,0.0,1531.7021484375,1895.4371337890625,0.0,3843.279541015625,0.9049255847930908,1.0,0.0,3.0,1.0,0.0
12144300,297.0853881835937,297.1499938964844,293.1499938964844,0.0,-0.0,285.01031494140625,0.9310575723648072,0.4483512639999389,0.4045541286468506,297.3776550292969,297.1499938964844,293.1499938964844,0.0,-0.0,285.0111694335937,0.9990000128746032,0.5672367215156555,0.5318822860717773,297.3736572265625,297.1499938964844,293.1499938964844,0.0,-0.0,285.0094299316406,0.8706073760986328,0.3715518712997436,0.2607066929340362,297.26104736328125,297.1499938964844,293.1499938964844,0.0,-0.0,285.00830078125,0.820102870464325,0.3071519136428833,0.2928462326526642,297.219970703125,297.1499938964844,293.1499938964844,0.0,-0.0,285.0052185058594,0.7262566685676575,0.2107608318328857,0.9589624404907228,285.0101928710937,284.95001220703125,300.4512634277344,288.5065002441406,298.3500061035156,297.3122253417969,285.0189208984375,1.0,0.5496947765350342,0.4457381069660187,0.4457381069660187,1.0,1.0,-2.9403536319732666,0.9734367728233336,1.9669169187545776,0.3082141578197479,0.9000291228294373,0.9000291228294373,0.0,131.96115112304688,145.0,40531.44921875,0.0,2108.646240234375,1.0,280.9012756347656,283.5373229980469,291.4950256347656,294.0453796386719,293.1499938964844,293.1499938964844,280.95001220703125,35982.43359375,36000.0,313.1499938964844,0.0,18000.0,1.0,0.0,0.0,0.0,1.0,0.943136990070343,1.0,0.0,0.0,3.648481369018554,3.648505449295044,8.882138899934944e-07,4.265924453735352,4.265914440155029,9.78592834144365e-06,0.0,0.0,-0.0,5693.419921875,0.0,1531.3482666015625,1895.4371337890625,0.0,3800.9296875,0.9049702882766724,1.0,0.0,3.0,1.0,0.0
12144360,297.09112548828125,297.1499938964844,293.1499938964844,0.0,-0.0,285.0632629394531,0.9272669553756714,0.44850754737854,0.4045910239219665,297.3658752441406,297.1499938964844,293.1499938964844,0.0,-0.0,285.0634460449219,0.9990000128746032,0.567522406578064,0.5365580320358276,297.3783264160156,297.1499938964844,293.1499938964844,0.0,-0.0,285.0631103515625,0.8689280152320862,0.3734288513660431,0.2619637548923492,297.2625427246094,297.1499938964844,293.1499938964844,0.0,-0.0,285.0628967285156,0.8180562853813171,0.3080019354820251,0.2936131954193115,297.22021484375,297.1499938964844,293.1499938964844,0.0,-0.0,285.0622863769531,0.724358320236206,0.2112261652946472,0.9609906673431396,285.0632629394531,284.95001220703125,300.4523010253906,288.47149658203125,298.3470458984375,297.30828857421875,285.0650329589844,1.0,0.552315890789032,0.4452175796031952,0.4452175796031952,1.0,1.0,-2.950891256332397,0.9762994647026062,1.974591851234436,0.3089156746864319,0.9013617038726808,0.9013617038726808,0.0,133.99209594726562,148.0,40528.0390625,0.0,2136.897705078125,1.0,280.9421081542969,283.5917663574219,291.4567565917969,294.0383605957031,293.1499938964844,293.1499938964844,280.6499938964844,35899.125,36000.0,313.1499938964844,0.0,18000.0,1.0,0.0,0.0,0.0,1.0,0.9410768151283264,1.0,0.0,0.0,3.651151418685913,3.6511754989624015,8.895144105736108e-07,4.265924453735352,4.265914440155029,9.78592834144365e-06,0.0,0.0,-0.0,6085.0244140625,0.0,1533.6949462890625,1895.4371337890625,0.0,3782.231689453125,0.9054810404777528,1.0,0.0,3.0,1.0,0.0
12144420,297.08624267578125,297.1499938964844,293.1499938964844,0.0,-0.0,284.8851013183594,0.9177546501159668,0.4472882151603699,0.4041073620319366,297.3406677246094,297.1499938964844,293.1499938964844,0.0,-0.0,284.8848876953125,0.9940744638442992,0.567704439163208,0.5380196571350098,297.37725830078125,297.1499938964844,293.1499938964844,0.0,-0.0,284.88525390625,0.8641018867492676,0.376226395368576,0.2642503976821899,297.25811767578125,297.1499938964844,293.1499938964844,0.0,-0.0,284.885498046875,0.8126271963119507,0.3089908361434936,0.2949406504631042,297.2156677246094,297.1499938964844,293.1499938964844,0.0,-0.0,284.8861083984375,0.7194496393203735,0.2116649001836776,0.9645185470581056,284.8851013183594,284.95001220703125,300.4537048339844,288.4006652832031,298.3362731933594,297.2942810058594,284.8840026855469,1.0,0.5568479299545288,0.4441764950752258,0.4441764950752258,1.0,1.0,-2.964174270629883,0.9789972305297852,1.9851770401000977,0.3086992800235748,0.8990705609321594,0.8990705609321594,0.0,138.5319366455078,151.0,41471.33984375,0.0,2180.199462890625,1.0,280.6578369140625,283.3746643066406,291.4565124511719,294.1534729003906,293.1499938964844,293.1499938964844,280.95001220703125,36040.89453125,36000.0,313.1499938964844,0.0,18000.0,1.0,0.0,0.0,0.0,1.0,0.9562019109725952,1.0,0.0,0.0,3.650517702102661,3.6505415439605713,8.8920558027894e-07,4.265924453735352,4.265914440155029,9.78592834144365e-06,0.0,0.0,-0.0,5530.65771484375,0.0,1534.050537109375,1895.4371337890625,0.0,3918.658203125,0.9054091572761536,1.0,0.0,3.0,1.0,0.0
12144480,297.08624267578125,297.1499938964844,293.1499938964844,0.0,-0.0,284.8851013183594,0.9177546501159668,0.4472882151603699,0.4041073620319366,297.3406677246094,297.1499938964844,293.1499938964844,0.0,-0.0,284.8848876953125,0.9940744638442992,0.567704439163208,0.5380196571350098,297.37725830078125,297.1499938964844,293.1499938964844,0.0,-0.0,284.88525390625,0.8641018867492676,0.376226395368576,0.2642503976821899,297.25811767578125,297.1499938964844,293.1499938964844,0.0,-0.0,284.885498046875,0.8126271963119507,0.3089908361434936,0.2949406504631042,297.2156677246094,297.1499938964844,293.1499938964844,0.0,-0.0,284.8861083984375,0.7194496393203735,0.2116649001836776,0.9645185470581056,284.8851013183594,284.95001220703125,300.4537048339844,288.4006652832031,298.3362731933594,297.2942810058594,284.8840026855469,1.0,0.5568479299545288,0.4441764950752258,0.4441764950752258,1.0,1.0,-2.964174270629883,0.9789972305297852,1.9851770401000977,0.3086992800235748,0.8990705609321594,0.8990705609321594,0.0,138.5319366455078,151.0,41471.33984375,0.0,2180.199462890625,1.0,280.6578369140625,283.3746643066406,291.4565124511719,294.1534729003906,293.1499938964844,293.1499938964844,280.95001220703125,36040.89453125,36000.0,313.1499938964844,0.0,18000.0,1.0,0.0,0.0,0.0,1.0,0.9562019109725952,1.0,0.0,0.0,3.650517702102661,3.6505415439605713,8.8920558027894e-07,4.265924453735352,4.265914440155029,9.78592834144365e-06,0.0,0.0,-0.0,5530.65771484375,0.0,1534.050537109375,1895.4371337890625,0.0,3918.658203125,0.9054091572761536,1.0,0.0,3.0,1.0,0.0
12144540,297.09130859375,297.1499938964844,293.1499938964844,0.0,-0.0,285.062255859375,0.9079233407974244,0.446971595287323,0.4035637378692627,297.3353576660156,297.1499938964844,293.1499938964844,0.0,-0.0,285.0624084472656,0.987585425376892,0.5695534348487854,0.5393711924552917,297.3822631835937,297.1499938964844,293.1499938964844,0.0,-0.0,285.0621337890625,0.85872882604599,0.3795975148677826,0.2664963901042938,297.25750732421875,297.1499938964844,293.1499938964844,0.0,-0.0,285.0619506835937,0.8063868880271912,0.3102877140045166,0.2961306869983673,297.21368408203125,297.1499938964844,293.1499938964844,0.0,-0.0,285.0614318847656,0.7138259410858154,0.2122848480939865,0.9674306511878968,285.062255859375,284.95001220703125,300.45416259765625,288.3291320800781,298.3332214355469,297.2929382324219,285.0636901855469,1.0,0.5603418946266174,0.4431354403495788,0.4431354403495788,1.0,1.0,-2.969260931015014,0.9784873723983764,1.9907735586166384,0.3077090084552765,0.9020004868507384,0.9020004868507384,0.0,143.33070373535156,154.0,40607.91015625,0.0,2215.970703125,1.0,280.94219970703125,283.5956115722656,291.30938720703125,293.8966064453125,293.1499938964844,293.1499938964844,280.6499938964844,35892.92578125,36000.0,313.1499938964844,0.0,18000.0,1.0,0.0,0.0,0.0,1.0,0.9483934044837952,1.0,0.0,0.0,3.653653383255005,3.653677225112915,8.907338724384317e-07,4.265924453735352,4.265914440155029,9.78592834144365e-06,0.0,0.0,-0.0,6054.68115234375,0.0,1536.434814453125,1895.4371337890625,0.0,3848.477294921875,0.9060348272323608,1.0,0.0,3.0,1.0,0.0
12144600,297.09130859375,297.1499938964844,293.1499938964844,0.0,-0.0,285.062255859375,0.9079233407974244,0.446971595287323,0.4035637378692627,297.3353576660156,297.1499938964844,293.1499938964844,0.0,-0.0,285.0624084472656,0.987585425376892,0.5695534348487854,0.5393711924552917,297.3822631835937,297.1499938964844,293.1499938964844,0.0,-0.0,285.0621337890625,0.85872882604599,0.3795975148677826,0.2664963901042938,297.25750732421875,297.1499938964844,293.1499938964844,0.0,-0.0,285.0619506835937,0.8063868880271912,0.3102877140045166,0.2961306869983673,297.21368408203125,297.1499938964844,293.1499938964844,0.0,-0.0,285.0614318847656,0.7138259410858154,0.2122848480939865,0.9674306511878968,285.062255859375,284.95001220703125,300.45416259765625,288.3291320800781,298.3332214355469,297.2929382324219,285.0636901855469,1.0,0.5603418946266174,0.4431354403495788,0.4431354403495788,1.0,1.0,-2.969260931015014,0.9784873723983764,1.9907735586166384,0.3077090084552765,0.9020004868507384,0.9020004868507384,0.0,143.33070373535156,154.0,40607.91015625,0.0,2215.970703125,1.0,280.94219970703125,283.5956115722656,291.30938720703125,293.8966064453125,293.1499938964844,293.1499938964844,280.6499938964844,35892.92578125,36000.0,313.1499938964844,0.0,18000.0,1.0,0.0,0.0,0.0,1.0,0.9483934044837952,1.0,0.0,0.0,3.653653383255005,3.653677225112915,8.907338724384317e-07,4.265924453735352,4.265914440155029,9.78592834144365e-06,0.0,0.0,-0.0,6054.68115234375,0.0,1536.434814453125,1895.4371337890625,0.0,3848.477294921875,0.9060348272323608,1.0,0.0,3.0,1.0,0.0
12144660,297.0859375,297.1499938964844,293.1499938964844,0.0,-0.0,284.8831787109375,0.9014137983322144,0.4457060098648071,0.4030006229877472,297.3254699707031,297.1499938964844,293.1499938964844,0.0,-0.0,284.8830261230469,0.9832135438919068,0.5709173679351807,0.5411390662193298,297.38092041015625,297.1499938964844,293.1499938964844,0.0,-0.0,284.88330078125,0.8557708859443665,0.3824173212051391,0.2687756717205047,297.2528076171875,297.1499938964844,293.1499938964844,0.0,-0.0,284.8835144042969,0.8022700548171997,0.3111839592456817,0.2973406612873077,297.2094116210937,297.1499938964844,293.1499938964844,0.0,-0.0,284.884033203125,0.710037887096405,0.212667241692543,0.9705578684806824,284.8832092285156,284.95001220703125,300.4537048339844,288.2573547363281,298.3272399902344,297.2865905761719,284.8817138671875,1.0,0.5637860298156738,0.4423546493053436,0.4423546493053436,1.0,1.0,-2.97867202758789,0.9802191853523254,1.99845290184021,0.3077399432659149,0.8996661901473999,0.8996661901473999,0.0,147.0517578125,157.0,41524.546875,0.0,2251.432861328125,1.0,280.6578063964844,283.3776550292969,291.3085632324219,294.0079345703125,293.1499938964844,293.1499938964844,280.95001220703125,36039.69140625,36000.0,313.1499938964844,0.0,18000.0,1.0,0.0,0.0,0.0,1.0,0.9625157713890076,1.0,0.0,0.0,3.6530416011810303,3.65306568145752,8.904356150196691e-07,4.265924453735352,4.265914440155029,9.78592834144365e-06,0.0,0.0,-0.0,5500.16259765625,0.0,1536.852294921875,1895.4371337890625,0.0,3974.979736328125,0.9059725403785706,1.0,0.0,3.0,1.0,0.0
12144720,297.0859375,297.1499938964844,293.1499938964844,0.0,-0.0,284.8831787109375,0.9014137983322144,0.4457060098648071,0.4030006229877472,297.3254699707031,297.1499938964844,293.1499938964844,0.0,-0.0,284.8830261230469,0.9832135438919068,0.5709173679351807,0.5411390662193298,297.38092041015625,297.1499938964844,293.1499938964844,0.0,-0.0,284.88330078125,0.8557708859443665,0.3824173212051391,0.2687756717205047,297.2528076171875,297.1499938964844,293.1499938964844,0.0,-0.0,284.8835144042969,0.8022700548171997,0.3111839592456817,0.2973406612873077,297.2094116210937,297.1499938964844,293.1499938964844,0.0,-0.0,284.884033203125,0.710037887096405,0.212667241692543,0.9705578684806824,284.8832092285156,284.95001220703125,300.4537048339844,288.2573547363281,298.3272399902344,297.2865905761719,284.8817138671875,1.0,0.5637860298156738,0.4423546493053436,0.4423546493053436,1.0,1.0,-2.97867202758789,0.9802191853523254,1.99845290184021,0.3077399432659149,0.8996661901473999,0.8996661901473999,0.0,147.0517578125,157.0,41524.546875,0.0,2251.432861328125,1.0,280.6578063964844,283.3776550292969,291.3085632324219,294.0079345703125,293.1499938964844,293.1499938964844,280.95001220703125,36039.69140625,36000.0,313.1499938964844,0.0,18000.0,1.0,0.0,0.0,0.0,1.0,0.9625157713890076,1.0,0.0,0.0,3.6530416011810303,3.65306568145752,8.904356150196691e-07,4.265924453735352,4.265914440155029,9.78592834144365e-06,0.0,0.0,-0.0,5500.16259765625,0.0,1536.852294921875,1895.4371337890625,0.0,3974.979736328125,0.9059725403785706,1.0,0.0,3.0,1.0,0.0
12144780,297.0910949707031,297.1499938964844,293.1499938964844,0.0,-0.0,285.059814453125,0.8957670331001282,0.4453956484794616,0.4023954272270202,297.3250732421875,297.1499938964844,293.1499938964844,0.0,-0.0,285.0599670410156,0.9793010354042052,0.573080837726593,0.5428795218467712,297.3862609863281,297.1499938964844,293.1499938964844,0.0,-0.0,285.0596923828125,0.8534154295921326,0.3858672678470611,0.2710204422473907,297.2523803710937,297.1499938964844,293.1499938964844,0.0,-0.0,285.0595092773437,0.7986512780189514,0.3124313056468963,0.2984114587306976,297.2079467773437,297.1499938964844,293.1499938964844,0.0,-0.0,285.0590209960937,0.7065197825431824,0.2132640033960342,0.9730361700057985,285.059814453125,284.95001220703125,300.4523010253906,288.185791015625,298.32623291015625,297.2879333496094,285.0611877441406,1.0,0.5669127702713013,0.4415738582611084,0.4415738582611084,1.0,1.0,-2.986992597579956,0.9815585017204284,2.005434274673462,0.3073868155479431,0.9025577902793884,0.9025577902793884,0.0,150.4295196533203,160.0,40683.0,0.0,2283.423095703125,1.0,280.9422302246094,283.5987548828125,291.1634826660156,293.7527160644531,293.1499938964844,293.1499938964844,280.6499938964844,35894.24609375,36000.0,313.1499938964844,0.0,18000.0,1.0,0.0,0.0,0.0,1.0,0.954203963279724,1.0,0.0,0.0,3.65613317489624,3.6561572551727295,8.919434435483709e-07,4.265924453735352,4.265914440155029,9.78592834144365e-06,0.0,0.0,-0.0,6023.73876953125,0.0,1539.2100830078125,1895.4371337890625,0.0,3900.7548828125,0.9065908193588256,1.0,0.0,3.0,1.0,0.0
12144840,297.0910949707031,297.1499938964844,293.1499938964844,0.0,-0.0,285.059814453125,0.8957670331001282,0.4453956484794616,0.4023954272270202,297.3250732421875,297.1499938964844,293.1499938964844,0.0,-0.0,285.0599670410156,0.9793010354042052,0.573080837726593,0.5428795218467712,297.3862609863281,297.1499938964844,293.1499938964844,0.0,-0.0,285.0596923828125,0.8534154295921326,0.3858672678470611,0.2710204422473907,297.2523803710937,297.1499938964844,293.1499938964844,0.0,-0.0,285.0595092773437,0.7986512780189514,0.3124313056468963,0.2984114587306976,297.2079467773437,297.1499938964844,293.1499938964844,0.0,-0.0,285.0590209960937,0.7065197825431824,0.2132640033960342,0.9730361700057985,285.059814453125,284.95001220703125,300.4523010253906,288.185791015625,298.32623291015625,297.2879333496094,285.0611877441406,1.0,0.5669127702713013,0.4415738582611084,0.4415738582611084,1.0,1.0,-2.986992597579956,0.9815585017204284,2.005434274673462,0.3073868155479431,0.9025577902793884,0.9025577902793884,0.0,150.4295196533203,160.0,40683.0,0.0,2283.423095703125,1.0,280.9422302246094,283.5987548828125,291.1634826660156,293.7527160644531,293.1499938964844,293.1499938964844,280.6499938964844,35894.24609375,36000.0,313.1499938964844,0.0,18000.0,1.0,0.0,0.0,0.0,1.0,0.954203963279724,1.0,0.0,0.0,3.65613317489624,3.6561572551727295,8.919434435483709e-07,4.265924453735352,4.265914440155029,9.78592834144365e-06,0.0,0.0,-0.0,6023.73876953125,0.0,1539.2100830078125,1895.4371337890625,0.0,3900.7548828125,0.9065908193588256,1.0,0.0,3.0,1.0,0.0
12144900,297.0910339355469,297.1499938964844,293.1499938964844,0.0,-0.0,284.9296569824219,0.893801748752594,0.4450231790542602,0.402383029460907,297.3232727050781,297.1499938964844,293.1499938964844,0.0,-0.0,284.9287414550781,0.9780545234680176,0.5740165710449219,0.5440409183502197,297.3874816894531,297.1499938964844,293.1499938964844,0.0,-0.0,284.9302673339844,0.8529741764068604,0.3874878883361816,0.2723161280155182,297.25152587890625,297.1499938964844,293.1499938964844,0.0,-0.0,284.9314270019531,0.797558069229126,0.3129980862140655,0.2991197407245636,297.20709228515625,297.1499938964844,293.1499938964844,0.0,-0.0,284.9343566894531,0.7054218649864197,0.2135488986968994,0.9749280214309692,284.9296569824219,284.95001220703125,300.4512634277344,288.1502685546875,298.32489013671875,297.2875061035156,284.92144775390625,1.0,0.5685493350028992,0.441183477640152,0.441183477640152,1.0,1.0,-2.9930613040924072,0.9829421639442444,2.0101189613342285,0.3075902163982391,0.9011840224266052,0.9011840224266052,0.0,151.85728454589844,160.0,41512.125,0.0,2301.5625,1.0,280.69854736328125,283.4297790527344,291.1978454589844,293.9256896972656,293.1499938964844,293.1499938964844,280.6499938964844,35964.7890625,36000.0,313.1499938964844,0.0,18000.0,1.0,0.0,0.0,0.0,1.0,0.962555766105652,1.0,0.0,0.0,3.656960487365722,3.656984567642212,8.923471455091203e-07,4.265924453735352,4.265914440155029,9.78592834144365e-06,0.0,0.0,-0.0,5861.38623046875,0.0,1540.6622314453125,1895.4371337890625,0.0,3975.3349609375,0.9067692756652832,1.0,0.0,3.0,1.0,0.0
12144960,297.0857849121094,297.1499938964844,293.1499938964844,0.0,-0.0,284.8803405761719,0.8905608654022217,0.4441330730915069,0.4018189311027527,297.31671142578125,297.1499938964844,293.1499938964844,0.0,-0.0,284.88018798828125,0.9756693243980408,0.5744699239730835,0.5447028279304504,297.3849792480469,297.1499938964844,293.1499938964844,0.0,-0.0,284.8804626464844,0.8514686822891235,0.3887457847595215,0.2733321785926819,297.24774169921875,297.1499938964844,293.1499938964844,0.0,-0.0,284.88067626953125,0.7954443693161011,0.3132714331150055,0.2995531558990478,297.2040405273437,297.1499938964844,293.1499938964844,0.0,-0.0,284.8811950683594,0.7033981084823608,0.2136108577251434,0.9759340882301332,284.8803405761719,284.95001220703125,300.45001220703125,288.11492919921875,298.3202209472656,297.28240966796875,284.87890625,1.0,0.5700425505638123,0.4407902359962463,0.4407902359962463,1.0,1.0,-2.99613618850708,0.9831753969192504,2.01296067237854,0.3073280453681946,0.9001827239990234,0.9001827239990234,0.0,153.7184600830078,163.0,41599.16015625,0.0,2316.59423828125,1.0,280.6576538085937,283.38055419921875,291.1650085449219,293.86627197265625,293.1499938964844,293.1499938964844,280.3500061035156,36042.23046875,36000.0,313.1499938964844,0.0,18000.0,1.0,0.0,0.0,0.0,1.0,0.9680886268615724,1.0,0.0,0.0,3.655431509017944,3.6554555892944336,8.916011324799911e-07,4.265924453735352,4.265914440155029,9.78592834144365e-06,0.0,0.0,-0.0,6150.70458984375,0.0,1539.5362548828125,1895.4371337890625,0.0,4024.351806640625,0.9065089821815492,1.0,0.0,3.0,1.0,0.0
12145020,297.0685729980469,297.1499938964844,293.1499938964844,0.0,-0.0,284.6782531738281,0.8826592564582825,0.4415823221206665,0.3999176919460296,297.2963562011719,297.1499938964844,293.1499938964844,0.0,-0.0,284.6780700683594,0.9693430066108704,0.5745291113853455,0.5451802611351013,297.3743591308594,297.1499938964844,293.1499938964844,0.0,-0.0,284.6783752441406,0.8472263813018799,0.3906545042991638,0.274914413690567,297.2352600097656,297.1499938964844,293.1499938964844,0.0,-0.0,284.6786193847656,0.7899393439292908,0.3132493793964386,0.2998733818531036,297.1937255859375,297.1499938964844,293.1499938964844,0.0,-0.0,284.67919921875,0.6980898380279541,0.2132556140422821,0.9758433699607848,284.6782531738281,284.95001220703125,300.4467468261719,288.04522705078125,298.3060913085937,297.2659912109375,284.6766052246094,1.0,0.5725612044334412,0.440003752708435,0.440003752708435,1.0,1.0,-2.996610403060913,0.9814824461936952,2.015127897262573,0.305851399898529,0.8948981761932373,0.8948981761932373,0.0,157.89413452148438,166.0,42420.23046875,0.0,2338.796142578125,1.0,280.3581848144531,283.142333984375,291.1052551269531,293.8744812011719,293.1499938964844,293.1499938964844,280.6499938964844,36279.8828125,36000.0,313.1499938964844,0.0,18000.0,1.0,0.0,0.0,0.0,1.0,0.9833887219429016,1.0,0.0,0.0,3.64577889442444,3.6458027362823486,8.868985332810553e-07,4.265924453735352,4.265914440155029,9.78592834144365e-06,0.0,0.0,-0.0,5540.32666015625,0.0,1530.569091796875,1895.4371337890625,0.0,4158.109375,0.9045067429542542,1.0,0.0,3.0,1.0,0.0
12145080,297.0685729980469,297.1499938964844,293.1499938964844,0.0,-0.0,284.6782531738281,0.8826592564582825,0.4415823221206665,0.3999176919460296,297.2963562011719,297.1499938964844,293.1499938964844,0.0,-0.0,284.6780700683594,0.9693430066108704,0.5745291113853455,0.5451802611351013,297.3743591308594,297.1499938964844,293.1499938964844,0.0,-0.0,284.6783752441406,0.8472263813018799,0.3906545042991638,0.274914413690567,297.2352600097656,297.1499938964844,293.1499938964844,0.0,-0.0,284.6786193847656,0.7899393439292908,0.3132493793964386,0.2998733818531036,297.1937255859375,297.1499938964844,293.1499938964844,0.0,-0.0,284.67919921875,0.6980898380279541,0.2132556140422821,0.9758433699607848,284.6782531738281,284.95001220703125,300.4467468261719,288.04522705078125,298.3060913085937,297.2659912109375,284.6766052246094,1.0,0.5725612044334412,0.440003752708435,0.440003752708435,1.0,1.0,-2.996610403060913,0.9814824461936952,2.015127897262573,0.305851399898529,0.8948981761932373,0.8948981761932373,0.0,157.89413452148438,166.0,42420.23046875,0.0,2338.796142578125,1.0,280.3581848144531,283.142333984375,291.1052551269531,293.8744812011719,293.1499938964844,293.1499938964844,280.6499938964844,36279.8828125,36000.0,313.1499938964844,0.0,18000.0,1.0,0.0,0.0,0.0,1.0,0.9833887219429016,1.0,0.0,0.0,3.64577889442444,3.6458027362823486,8.868985332810553e-07,4.265924453735352,4.265914440155029,9.78592834144365e-06,0.0,0.0,-0.0,5540.32666015625,0.0,1530.569091796875,1895.4371337890625,0.0,4158.109375,0.9045067429542542,1.0,0.0,3.0,1.0,0.0
12145140,297.07037353515625,297.1499938964844,293.1499938964844,0.0,-0.0,284.8529968261719,0.8770606517791748,0.440706193447113,0.3987003266811371,297.29205322265625,297.1499938964844,293.1499938964844,0.0,-0.0,284.8531494140625,0.964850127696991,0.575920045375824,0.5460990071296692,297.3764343261719,297.1499938964844,293.1499938964844,0.0,-0.0,284.8529052734375,0.8448488712310791,0.3936872184276581,0.2768043577671051,297.2314453125,297.1499938964844,293.1499938964844,0.0,-0.0,284.85272216796875,0.7861299514770508,0.3139267861843109,0.3003400862216949,297.1892395019531,297.1499938964844,293.1499938964844,0.0,-0.0,284.85223388671875,0.6942066550254822,0.2133411914110183,0.9758077263832092,284.8529968261719,284.95001220703125,300.4425964355469,287.9771728515625,298.30133056640625,297.2635803222656,284.8543701171875,1.0,0.5748340487480164,0.4392172992229461,0.4392172992229461,1.0,1.0,-2.9990296363830566,0.9805423617362976,2.0184874534606934,0.3044372797012329,0.8950150012969971,0.8950150012969971,0.0,161.15017700195312,169.0,41487.546875,0.0,2359.847412109375,1.0,280.64215087890625,283.3641357421875,290.9454345703125,293.5849609375,293.1499938964844,293.1499938964844,280.95001220703125,36169.22265625,36000.0,313.1499938964844,0.0,18000.0,1.0,0.0,0.0,0.0,1.0,0.9727311730384828,1.0,0.0,0.0,3.638618469238281,3.638642311096192,8.834181244310457e-07,4.265924453735352,4.265914440155029,9.78592834144365e-06,0.0,0.0,-0.0,5389.30517578125,0.0,1521.804931640625,1895.4371337890625,0.0,4065.22509765625,0.902861475944519,1.0,0.0,3.0,1.0,0.0
12145200,297.07037353515625,297.1499938964844,293.1499938964844,0.0,-0.0,284.8529968261719,0.8770606517791748,0.440706193447113,0.3987003266811371,297.29205322265625,297.1499938964844,293.1499938964844,0.0,-0.0,284.8531494140625,0.964850127696991,0.575920045375824,0.5460990071296692,297.3764343261719,297.1499938964844,293.1499938964844,0.0,-0.0,284.8529052734375,0.8448488712310791,0.3936872184276581,0.2768043577671051,297.2314453125,297.1499938964844,293.1499938964844,0.0,-0.0,284.85272216796875,0.7861299514770508,0.3139267861843109,0.3003400862216949,297.1892395019531,297.1499938964844,293.1499938964844,0.0,-0.0,284.85223388671875,0.6942066550254822,0.2133411914110183,0.9758077263832092,284.8529968261719,284.95001220703125,300.4425964355469,287.9771728515625,298.30133056640625,297.2635803222656,284.8543701171875,1.0,0.5748340487480164,0.4392172992229461,0.4392172992229461,1.0,1.0,-2.9990296363830566,0.9805423617362976,2.0184874534606934,0.3044372797012329,0.8950150012969971,0.8950150012969971,0.0,161.15017700195312,169.0,41487.546875,0.0,2359.847412109375,1.0,280.64215087890625,283.3641357421875,290.9454345703125,293.5849609375,293.1499938964844,293.1499938964844,280.95001220703125,36169.22265625,36000.0,313.1499938964844,0.0,18000.0,1.0,0.0,0.0,0.0,1.0,0.9727311730384828,1.0,0.0,0.0,3.638618469238281,3.638642311096192,8.834181244310457e-07,4.265924453735352,4.265914440155029,9.78592834144365e-06,0.0,0.0,-0.0,5389.30517578125,0.0,1521.804931640625,1895.4371337890625,0.0,4065.22509765625,0.902861475944519,1.0,0.0,3.0,1.0,0.0
12145260,297.08673095703125,297.1499938964844,293.1499938964844,0.0,-0.0,285.0526733398437,0.8752347230911255,0.4413468241691589,0.3990674614906311,297.302978515625,297.1499938964844,293.1499938964844,0.0,-0.0,285.0528564453125,0.9640207290649414,0.5788164138793945,0.5485818982124329,297.3902282714844,297.1499938964844,293.1499938964844,0.0,-0.0,285.0525817871094,0.8456769585609436,0.3979443907737732,0.279627650976181,297.23785400390625,297.1499938964844,293.1499938964844,0.0,-0.0,285.0523681640625,0.7855042219161987,0.3155994713306427,0.3017693758010864,297.1933288574219,297.1499938964844,293.1499938964844,0.0,-0.0,285.0517883300781,0.6933411359786987,0.214246854186058,0.9792959094047546,285.0527038574219,284.95001220703125,300.4375,287.91119384765625,298.3066101074219,297.2752380371094,285.0543518066406,1.0,0.5776679515838623,0.4385826587677002,0.4385826587677002,1.0,1.0,-3.0117523670196533,0.9838433861732484,2.02790904045105,0.3049820065498352,0.8980255126953125,0.8980255126953125,0.0,163.1151123046875,172.0,40662.00390625,0.0,2393.13671875,1.0,280.9416809082031,283.6085205078125,290.8644714355469,293.4296875,293.1499938964844,293.1499938964844,281.25,35955.515625,36000.0,313.1499938964844,0.0,18000.0,1.0,0.0,0.0,0.0,1.0,0.9599195122718812,1.0,0.0,0.0,3.6395673751831055,3.639591217041016,8.838789540277503e-07,4.265924453735352,4.265914440155029,9.78592834144365e-06,0.0,0.0,-0.0,5288.2880859375,0.0,1521.2606201171875,1895.4371337890625,0.0,3951.8681640625,0.9029335975646972,1.0,0.0,3.0,1.0,0.0
12145320,297.08673095703125,297.1499938964844,293.1499938964844,0.0,-0.0,285.0526733398437,0.8752347230911255,0.4413468241691589,0.3990674614906311,297.302978515625,297.1499938964844,293.1499938964844,0.0,-0.0,285.0528564453125,0.9640207290649414,0.5788164138793945,0.5485818982124329,297.3902282714844,297.1499938964844,293.1499938964844,0.0,-0.0,285.0525817871094,0.8456769585609436,0.3979443907737732,0.279627650976181,297.23785400390625,297.1499938964844,293.1499938964844,0.0,-0.0,285.0523681640625,0.7855042219161987,0.3155994713306427,0.3017693758010864,297.1933288574219,297.1499938964844,293.1499938964844,0.0,-0.0,285.0517883300781,0.6933411359786987,0.214246854186058,0.9792959094047546,285.0527038574219,284.95001220703125,300.4375,287.91119384765625,298.3066101074219,297.2752380371094,285.0543518066406,1.0,0.5776679515838623,0.4385826587677002,0.4385826587677002,1.0,1.0,-3.0117523670196533,0.9838433861732484,2.02790904045105,0.3049820065498352,0.8980255126953125,0.8980255126953125,0.0,163.1151123046875,172.0,40662.00390625,0.0,2393.13671875,1.0,280.9416809082031,283.6085205078125,290.8644714355469,293.4296875,293.1499938964844,293.1499938964844,281.25,35955.515625,36000.0,313.1499938964844,0.0,18000.0,1.0,0.0,0.0,0.0,1.0,0.9599195122718812,1.0,0.0,0.0,3.6395673751831055,3.639591217041016,8.838789540277503e-07,4.265924453735352,4.265914440155029,9.78592834144365e-06,0.0,0.0,-0.0,5288.2880859375,0.0,1521.2606201171875,1895.4371337890625,0.0,3951.8681640625,0.9029335975646972,1.0,0.0,3.0,1.0,0.0
12145380,297.1077880859375,297.1499938964844,293.1499938964844,0.0,-0.0,285.2646179199219,0.8746745586395264,0.4426746070384979,0.4001459777355194,297.3199462890625,297.1499938964844,293.1499938964844,0.0,-0.0,285.2648620605469,0.9644777774810792,0.5824674963951111,0.5518768429756165,297.4087219238281,297.1499938964844,293.1499938964844,0.0,-0.0,285.2645263671875,0.8476386070251465,0.4028558731079101,0.2829584181308746,297.2491760253906,297.1499938964844,293.1499938964844,0.0,-0.0,285.2642517089844,0.7860763669013977,0.3178553283214569,0.3038036227226257,297.2022705078125,297.1499938964844,293.1499938964844,0.0,-0.0,285.2635498046875,0.6937395334243774,0.2156958580017089,0.985392153263092,285.2646484375,284.95001220703125,300.4314880371094,287.8478088378906,298.3158569335937,297.2927551269531,285.26708984375,1.0,0.581152081489563,0.4379480183124542,0.4379480183124542,1.0,1.0,-3.0307822227478027,0.9895216822624208,2.0412607192993164,0.3065136075019836,0.9039210677146912,0.9039210677146912,0.0,164.8328399658203,175.0,39996.72265625,0.0,2437.0791015625,1.0,281.24169921875,283.8570251464844,290.8106384277344,293.3250427246094,293.1499938964844,293.1499938964844,280.95001220703125,35694.36328125,36000.0,313.1499938964844,0.0,18000.0,1.0,0.0,0.0,0.0,1.0,0.9495816230773926,1.0,0.0,0.0,3.650129795074463,3.650153875350952,8.890166895980656e-07,4.265924453735352,4.265914440155029,9.78592834144365e-06,0.0,0.0,-0.0,5849.287109375,0.0,1531.026123046875,1895.4371337890625,0.0,3859.1923828125,0.9051209092140198,1.0,0.0,3.0,1.0,0.0
12145440,297.1077880859375,297.1499938964844,293.1499938964844,0.0,-0.0,285.2646179199219,0.8746745586395264,0.4426746070384979,0.4001459777355194,297.3199462890625,297.1499938964844,293.1499938964844,0.0,-0.0,285.2648620605469,0.9644777774810792,0.5824674963951111,0.5518768429756165,297.4087219238281,297.1499938964844,293.1499938964844,0.0,-0.0,285.2645263671875,0.8476386070251465,0.4028558731079101,0.2829584181308746,297.2491760253906,297.1499938964844,293.1499938964844,0.0,-0.0,285.2642517089844,0.7860763669013977,0.3178553283214569,0.3038036227226257,297.2022705078125,297.1499938964844,293.1499938964844,0.0,-0.0,285.2635498046875,0.6937395334243774,0.2156958580017089,0.985392153263092,285.2646484375,284.95001220703125,300.4314880371094,287.8478088378906,298.3158569335937,297.2927551269531,285.26708984375,1.0,0.581152081489563,0.4379480183124542,0.4379480183124542,1.0,1.0,-3.0307822227478027,0.9895216822624208,2.0412607192993164,0.3065136075019836,0.9039210677146912,0.9039210677146912,0.0,164.8328399658203,175.0,39996.72265625,0.0,2437.0791015625,1.0,281.24169921875,283.8570251464844,290.8106384277344,293.3250427246094,293.1499938964844,293.1499938964844,280.95001220703125,35694.36328125,36000.0,313.1499938964844,0.0,18000.0,1.0,0.0,0.0,0.0,1.0,0.9495816230773926,1.0,0.0,0.0,3.650129795074463,3.650153875350952,8.890166895980656e-07,4.265924453735352,4.265914440155029,9.78592834144365e-06,0.0,0.0,-0.0,5849.287109375,0.0,1531.026123046875,1895.4371337890625,0.0,3859.1923828125,0.9051209092140198,1.0,0.0,3.0,1.0,0.0
12145500,297.1108703613281,297.1499938964844,293.1499938964844,0.0,-0.0,285.1277160644531,0.8739913702011108,0.4427177309989929,0.4005981981754303,297.3221740722656,297.1499938964844,293.1499938964844,0.0,-0.0,285.1267395019531,0.9643011689186096,0.5837682485580444,0.5534807443618774,297.4129638671875,297.1499938964844,293.1499938964844,0.0,-0.0,285.1280822753906,0.848289966583252,0.4049152433872223,0.2846151888370514,297.25164794921875,297.1499938964844,293.1499938964844,0.0,-0.0,285.1293029785156,0.7860748767852783,0.318728893995285,0.3048493862152099,297.20477294921875,297.1499938964844,293.1499938964844,0.0,-0.0,285.1321716308594,0.6937288641929626,0.2162767648696899,0.9887470006942748,285.12762451171875,284.95001220703125,300.4281311035156,287.8172302246094,298.316650390625,297.29608154296875,285.1197509765625,1.0,0.5830525159835815,0.4376307129859924,0.4376307129859924,1.0,1.0,-3.0405426025390625,0.9924363493919371,2.04810643196106,0.3074025809764862,0.903794765472412,0.903794765472412,0.0,165.95364379882812,175.0,40814.94921875,0.0,2461.043212890625,1.0,280.99853515625,283.6851501464844,290.8701477050781,293.5350952148437,293.1499938964844,293.1499938964844,280.95001220703125,35741.5078125,36000.0,313.1499938964844,0.0,18000.0,1.0,0.0,0.0,0.0,1.0,0.9595987796783448,1.0,0.0,0.0,3.6553242206573486,3.655348300933838,8.915488365346391e-07,4.265924453735352,4.265914440155029,9.78592834144365e-06,0.0,0.0,-0.0,5698.98291015625,0.0,1537.1632080078125,1895.4371337890625,0.0,3949.00830078125,0.906254231929779,1.0,0.0,3.0,1.0,0.0
12145560,297.10711669921875,297.1499938964844,293.1499938964844,0.0,-0.0,285.0798645019531,0.8716384768486023,0.4421005249023437,0.4003260731697082,297.3177185058594,297.1499938964844,293.1499938964844,0.0,-0.0,285.0796813964844,0.9624353647232056,0.5844228863716125,0.5543917417526245,297.4119873046875,297.1499938964844,293.1499938964844,0.0,-0.0,285.0799255371094,0.8475069403648376,0.4064855277538299,0.2858802080154419,297.2499389648437,297.1499938964844,293.1499938964844,0.0,-0.0,285.08013916015625,0.784691333770752,0.3192064166069031,0.3055117130279541,297.2040710449219,297.1499938964844,293.1499938964844,0.0,-0.0,285.0806579589844,0.6924479007720947,0.2165536135435104,0.990850269794464,285.079833984375,284.95001220703125,300.4245300292969,287.7875061035156,298.3124084472656,297.2928466796875,285.0784606933594,1.0,0.5847960114479065,0.4371377825736999,0.4371377825736999,1.0,1.0,-3.046163558959961,0.9933881759643556,2.052775382995605,0.3072625696659088,0.9041379690170288,0.9041379690170288,0.0,167.74253845214844,178.0,40941.3515625,0.0,2480.849609375,1.0,280.95782470703125,283.6356201171875,290.849853515625,293.4972839355469,293.1499938964844,293.1499938964844,280.6499938964844,35797.23828125,36000.0,313.1499938964844,0.0,18000.0,1.0,0.0,0.0,0.0,1.0,0.9668034315109252,1.0,0.0,0.0,3.658497095108032,3.6585211753845215,8.930971375775698e-07,4.265924453735352,4.265914440155029,9.78592834144365e-06,0.0,0.0,-0.0,5987.99462890625,0.0,1541.121826171875,1895.4371337890625,0.0,4012.995361328125,0.907030701637268,1.0,0.0,3.0,1.0,0.0
12145620,297.09088134765625,297.1499938964844,293.1499938964844,0.0,-0.0,284.8783264160156,0.8650156259536743,0.4399223625659942,0.3988053202629089,297.29888916015625,297.1499938964844,293.1499938964844,0.0,-0.0,284.8781433105469,0.9564846158027648,0.5846520066261292,0.5550960898399353,297.40240478515625,297.1499938964844,293.1499938964844,0.0,-0.0,284.87841796875,0.8442018628120422,0.4088424444198608,0.2878114581108093,297.239501953125,297.1499938964844,293.1499938964844,0.0,-0.0,284.878662109375,0.7801397442817688,0.3194243311882019,0.3061079084873199,297.1964416503906,297.1499938964844,293.1499938964844,0.0,-0.0,284.8792724609375,0.6881186962127686,0.2164750397205352,0.992218017578125,284.8783264160156,284.95001220703125,300.4166564941406,287.7307434082031,298.2973937988281,297.27783203125,284.8766174316406,1.0,0.5877363085746765,0.4361518919467926,0.4361518919467926,1.0,1.0,-3.049874782562256,0.992393434047699,2.057481288909912,0.3056849241256714,0.9015241861343384,0.9015241861343384,0.0,172.0486602783203,181.0,41841.5703125,0.0,2510.22802734375,1.0,280.6581726074219,283.3945007324219,290.8026123046875,293.52752685546875,293.1499938964844,293.1499938964844,280.3500061035156,36000.53125,36000.0,313.1499938964844,0.0,18000.0,1.0,0.0,0.0,0.0,1.0,0.9847182035446168,1.0,0.0,0.0,3.6591856479644775,3.659209728240967,8.934334232435504e-07,4.265924453735352,4.265914440155029,9.78592834144365e-06,0.0,0.0,-0.0,6079.45068359375,0.0,1543.416015625,1895.4371337890625,0.0,4169.599609375,0.907315194606781,1.0,0.0,3.0,1.0,0.0
12145680,297.09088134765625,297.1499938964844,293.1499938964844,0.0,-0.0,284.8783264160156,0.8650156259536743,0.4399223625659942,0.3988053202629089,297.29888916015625,297.1499938964844,293.1499938964844,0.0,-0.0,284.8781433105469,0.9564846158027648,0.5846520066261292,0.5550960898399353,297.40240478515625,297.1499938964844,293.1499938964844,0.0,-0.0,284.87841796875,0.8442018628120422,0.4088424444198608,0.2878114581108093,297.239501953125,297.1499938964844,293.1499938964844,0.0,-0.0,284.878662109375,0.7801397442817688,0.3194243311882019,0.3061079084873199,297.1964416503906,297.1499938964844,293.1499938964844,0.0,-0.0,284.8792724609375,0.6881186962127686,0.2164750397205352,0.992218017578125,284.8783264160156,284.95001220703125,300.4166564941406,287.7307434082031,298.2973937988281,297.27783203125,284.8766174316406,1.0,0.5877363085746765,0.4361518919467926,0.4361518919467926,1.0,1.0,-3.049874782562256,0.992393434047699,2.057481288909912,0.3056849241256714,0.9015241861343384,0.9015241861343384,0.0,172.0486602783203,181.0,41841.5703125,0.0,2510.22802734375,1.0,280.6581726074219,283.3945007324219,290.8026123046875,293.52752685546875,293.1499938964844,293.1499938964844,280.3500061035156,36000.53125,36000.0,313.1499938964844,0.0,18000.0,1.0,0.0,0.0,0.0,1.0,0.9847182035446168,1.0,0.0,0.0,3.6591856479644775,3.659209728240967,8.934334232435504e-07,4.265924453735352,4.265914440155029,9.78592834144365e-06,0.0,0.0,-0.0,6079.45068359375,0.0,1543.416015625,1895.4371337890625,0.0,4169.599609375,0.907315194606781,1.0,0.0,3.0,1.0,0.0
12145740,297.0701904296875,297.1499938964844,293.1499938964844,0.0,-0.0,284.673583984375,0.8576024174690247,0.4370794892311096,0.3965643644332886,297.2737731933594,297.1499938964844,293.1499938964844,0.0,-0.0,284.6733703613281,0.9492567777633668,0.5839986205101013,0.5548446178436279,297.387939453125,297.1499938964844,293.1499938964844,0.0,-0.0,284.67364501953125,0.8400816917419434,0.4105792343616485,0.2892427146434784,297.2240295410156,297.1499938964844,293.1499938964844,0.0,-0.0,284.6739196777344,0.7746676802635193,0.3189939856529236,0.3060183227062225,297.1838684082031,297.1499938964844,293.1499938964844,0.0,-0.0,284.6745300292969,0.6827417612075806,0.2157924622297287,0.990631341934204,284.6735534667969,284.95001220703125,300.4078674316406,287.677978515625,298.2782897949219,297.2577209472656,284.6718444824219,1.0,0.5899079442024231,0.4351660013198852,0.4351660013198852,1.0,1.0,-3.0465898513793945,0.9887643456459044,2.0578255653381348,0.3029658198356628,0.8961513638496399,0.8961513638496399,0.0,176.5656280517578,184.0,42637.45703125,0.0,2527.52001953125,1.0,280.3581848144531,283.1531677246094,290.7339782714844,293.5118103027344,293.1499938964844,293.1499938964844,280.6499938964844,36258.92578125,36000.0,313.1499938964844,0.0,18000.0,1.0,0.0,0.0,0.0,1.0,0.998647928237915,1.0,0.0,0.0,3.6503207683563232,3.650344848632813,8.891096854313219e-07,4.265924453735352,4.265914440155029,9.78592834144365e-06,0.0,0.0,-0.0,5466.03515625,0.0,1535.462890625,1895.4371337890625,0.0,4288.591796875,0.9055055379867554,1.0,0.0,3.0,1.0,0.0
12145800,297.0701904296875,297.1499938964844,293.1499938964844,0.0,-0.0,284.673583984375,0.8576024174690247,0.4370794892311096,0.3965643644332886,297.2737731933594,297.1499938964844,293.1499938964844,0.0,-0.0,284.6733703613281,0.9492567777633668,0.5839986205101013,0.5548446178436279,297.387939453125,297.1499938964844,293.1499938964844,0.0,-0.0,284.67364501953125,0.8400816917419434,0.4105792343616485,0.2892427146434784,297.2240295410156,297.1499938964844,293.1499938964844,0.0,-0.0,284.6739196777344,0.7746676802635193,0.3189939856529236,0.3060183227062225,297.1838684082031,297.1499938964844,293.1499938964844,0.0,-0.0,284.6745300292969,0.6827417612075806,0.2157924622297287,0.990631341934204,284.6735534667969,284.95001220703125,300.4078674316406,287.677978515625,298.2782897949219,297.2577209472656,284.6718444824219,1.0,0.5899079442024231,0.4351660013198852,0.4351660013198852,1.0,1.0,-3.0465898513793945,0.9887643456459044,2.0578255653381348,0.3029658198356628,0.8961513638496399,0.8961513638496399,0.0,176.5656280517578,184.0,42637.45703125,0.0,2527.52001953125,1.0,280.3581848144531,283.1531677246094,290.7339782714844,293.5118103027344,293.1499938964844,293.1499938964844,280.6499938964844,36258.92578125,36000.0,313.1499938964844,0.0,18000.0,1.0,0.0,0.0,0.0,1.0,0.998647928237915,1.0,0.0,0.0,3.6503207683563232,3.650344848632813,8.891096854313219e-07,4.265924453735352,4.265914440155029,9.78592834144365e-06,0.0,0.0,-0.0,5466.03515625,0.0,1535.462890625,1895.4371337890625,0.0,4288.591796875,0.9055055379867554,1.0,0.0,3.0,1.0,0.0
12145860,297.0706481933594,297.1499938964844,293.1499938964844,0.0,-0.0,284.8465576171875,0.8527721762657166,0.4360876977443695,0.3952249884605407,297.2674560546875,297.1499938964844,293.1499938964844,0.0,-0.0,284.8467102050781,0.9445931911468506,0.5848982930183411,0.5552643537521362,297.3885498046875,297.1499938964844,293.1499938964844,0.0,-0.0,284.8465270996094,0.8381106853485107,0.4136326611042022,0.2911213338375091,297.2190246582031,297.1499938964844,293.1499938964844,0.0,-0.0,284.8463134765625,0.7711937427520752,0.3194087147712707,0.3062124848365783,297.1783752441406,297.1499938964844,293.1499938964844,0.0,-0.0,284.8458251953125,0.6790915131568909,0.2156523019075393,0.9895040392875672,284.8465881347656,284.95001220703125,300.3981628417969,287.6297607421875,298.2709350585937,297.2539367675781,284.847900390625,1.0,0.5918364524841309,0.4344947040081024,0.4344947040081024,1.0,1.0,-3.046607732772827,0.9871280193328856,2.0594797134399414,0.301251471042633,0.8961726427078247,0.8961726427078247,0.0,179.84060668945312,187.0,41676.22265625,0.0,2544.5947265625,1.0,280.6421813964844,283.3729858398437,290.5884094238281,293.2301940917969,293.1499938964844,293.1499938964844,280.95001220703125,36162.14453125,36000.0,313.1499938964844,0.0,18000.0,1.0,0.0,0.0,0.0,1.0,0.9859076142311096,1.0,0.0,0.0,3.643456220626831,3.643480062484741,8.857688271746156e-07,4.265924453735352,4.265914440155029,9.78592834144365e-06,0.0,0.0,-0.0,5314.8466796875,0.0,1527.1114501953125,1895.4371337890625,0.0,4179.85986328125,0.9039363265037536,1.0,0.0,3.0,1.0,0.0
12145920,297.0706481933594,297.1499938964844,293.1499938964844,0.0,-0.0,284.8465576171875,0.8527721762657166,0.4360876977443695,0.3952249884605407,297.2674560546875,297.1499938964844,293.1499938964844,0.0,-0.0,284.8467102050781,0.9445931911468506,0.5848982930183411,0.5552643537521362,297.3885498046875,297.1499938964844,293.1499938964844,0.0,-0.0,284.8465270996094,0.8381106853485107,0.4136326611042022,0.2911213338375091,297.2190246582031,297.1499938964844,293.1499938964844,0.0,-0.0,284.8463134765625,0.7711937427520752,0.3194087147712707,0.3062124848365783,297.1783752441406,297.1499938964844,293.1499938964844,0.0,-0.0,284.8458251953125,0.6790915131568909,0.2156523019075393,0.9895040392875672,284.8465881347656,284.95001220703125,300.3981628417969,287.6297607421875,298.2709350585937,297.2539367675781,284.847900390625,1.0,0.5918364524841309,0.4344947040081024,0.4344947040081024,1.0,1.0,-3.046607732772827,0.9871280193328856,2.0594797134399414,0.301251471042633,0.8961726427078247,0.8961726427078247,0.0,179.84060668945312,187.0,41676.22265625,0.0,2544.5947265625,1.0,280.6421813964844,283.3729858398437,290.5884094238281,293.2301940917969,293.1499938964844,293.1499938964844,280.95001220703125,36162.14453125,36000.0,313.1499938964844,0.0,18000.0,1.0,0.0,0.0,0.0,1.0,0.9859076142311096,1.0,0.0,0.0,3.643456220626831,3.643480062484741,8.857688271746156e-07,4.265924453735352,4.265914440155029,9.78592834144365e-06,0.0,0.0,-0.0,5314.8466796875,0.0,1527.1114501953125,1895.4371337890625,0.0,4179.85986328125,0.9039363265037536,1.0,0.0,3.0,1.0,0.0
12145980,297.08648681640625,297.1499938964844,293.1499938964844,0.0,-0.0,285.052490234375,0.851321280002594,0.4366768598556518,0.3955267071723938,297.27789306640625,297.1499938964844,293.1499938964844,0.0,-0.0,285.05279541015625,0.9437978863716124,0.5874313116073608,0.5573743581771851,297.4018859863281,297.1499938964844,293.1499938964844,0.0,-0.0,285.05242919921875,0.8391180038452148,0.4179969727993011,0.2940023243427276,297.22528076171875,297.1499938964844,293.1499938964844,0.0,-0.0,285.0520935058594,0.7706809639930725,0.3209057450294494,0.3074546754360199,297.1822814941406,297.1499938964844,293.1499938964844,0.0,-0.0,285.0513000488281,0.6782971024513245,0.2164002805948257,0.99220472574234,285.05255126953125,284.95001220703125,300.38751220703125,287.5865173339844,298.2739562988281,297.2651062011719,285.0550537109375,1.0,0.594369649887085,0.4338234066963196,0.4338234066963196,1.0,1.0,-3.0577008724212646,0.9896619319915771,2.0680389404296875,0.3012584447860718,0.8991965651512146,0.8991965651512146,0.0,181.7270965576172,190.0,40876.9140625,0.0,2575.56103515625,1.0,280.94171142578125,283.6191711425781,290.5301208496094,293.09588623046875,293.1499938964844,293.1499938964844,281.25,35952.65625,36000.0,313.1499938964844,0.0,18000.0,1.0,0.0,0.0,0.0,1.0,0.9710978269577026,1.0,0.0,0.0,3.644440174102783,3.644464015960693,8.862473350745859e-07,4.265924453735352,4.265914440155029,9.78592834144365e-06,0.0,0.0,-0.0,5219.72265625,0.0,1526.637939453125,1895.4371337890625,0.0,4050.872314453125,0.9040223956108092,1.0,0.0,3.0,1.0,0.0
12146040,297.08648681640625,297.1499938964844,293.1499938964844,0.0,-0.0,285.052490234375,0.851321280002594,0.4366768598556518,0.3955267071723938,297.27789306640625,297.1499938964844,293.1499938964844,0.0,-0.0,285.05279541015625,0.9437978863716124,0.5874313116073608,0.5573743581771851,297.4018859863281,297.1499938964844,293.1499938964844,0.0,-0.0,285.05242919921875,0.8391180038452148,0.4179969727993011,0.2940023243427276,297.22528076171875,297.1499938964844,293.1499938964844,0.0,-0.0,285.0520935058594,0.7706809639930725,0.3209057450294494,0.3074546754360199,297.1822814941406,297.1499938964844,293.1499938964844,0.0,-0.0,285.0513000488281,0.6782971024513245,0.2164002805948257,0.99220472574234,285.05255126953125,284.95001220703125,300.38751220703125,287.5865173339844,298.2739562988281,297.2651062011719,285.0550537109375,1.0,0.594369649887085,0.4338234066963196,0.4338234066963196,1.0,1.0,-3.0577008724212646,0.9896619319915771,2.0680389404296875,0.3012584447860718,0.8991965651512146,0.8991965651512146,0.0,181.7270965576172,190.0,40876.9140625,0.0,2575.56103515625,1.0,280.94171142578125,283.6191711425781,290.5301208496094,293.09588623046875,293.1499938964844,293.1499938964844,281.25,35952.65625,36000.0,313.1499938964844,0.0,18000.0,1.0,0.0,0.0,0.0,1.0,0.9710978269577026,1.0,0.0,0.0,3.644440174102783,3.644464015960693,8.862473350745859e-07,4.265924453735352,4.265914440155029,9.78592834144365e-06,0.0,0.0,-0.0,5219.72265625,0.0,1526.637939453125,1895.4371337890625,0.0,4050.872314453125,0.9040223956108092,1.0,0.0,3.0,1.0,0.0
12146100,297.09722900390625,297.1499938964844,293.1499938964844,0.0,-0.0,285.2273864746094,0.851055920124054,0.4373258352279663,0.3959643840789795,297.2865600585937,297.1499938964844,293.1499938964844,0.0,-0.0,285.2287292480469,0.9439542293548584,0.5890876650810242,0.5587748885154724,297.41119384765625,297.1499938964844,293.1499938964844,0.0,-0.0,285.2271728515625,0.8400468230247498,0.4205023944377899,0.2956492006778717,297.23095703125,297.1499938964844,293.1499938964844,0.0,-0.0,285.2254638671875,0.7708828449249268,0.3219389319419861,0.3083319664001465,297.1866455078125,297.1499938964844,293.1499938964844,0.0,-0.0,285.2217712402344,0.6783916354179382,0.2170286327600479,0.9946524500846864,285.2275695800781,284.95001220703125,300.3818359375,287.5669250488281,298.27752685546875,297.27362060546875,285.2379150390625,1.0,0.5958991050720215,0.4334877431392669,0.4334877431392669,1.0,1.0,-3.0658838748931885,0.991909682750702,2.073974370956421,0.3016596138477325,0.9027456045150756,0.9027456045150756,0.0,182.5555877685547,190.0,40334.16796875,0.0,2595.5830078125,1.0,281.1986083984375,283.81939697265625,290.4913024902344,292.96142578125,293.1499938964844,293.1499938964844,281.25,35795.30859375,36000.0,313.1499938964844,0.0,18000.0,1.0,0.0,0.0,0.0,1.0,0.9625450372695924,1.0,0.0,0.0,3.64870285987854,3.648726940155029,8.883217788024922e-07,4.265924453735352,4.265914440155029,9.78592834144365e-06,0.0,0.0,-0.0,5397.79345703125,0.0,1530.1949462890625,1895.4371337890625,0.0,3975.23974609375,0.9049103260040284,1.0,0.0,3.0,1.0,0.0
12146160,297.1094665527344,297.1499938964844,293.1499938964844,0.0,-0.0,285.2926940917969,0.8512834906578064,0.4381955862045288,0.3967179954051971,297.29705810546875,297.1499938964844,293.1499938964844,0.0,-0.0,285.2929382324219,0.9446764588356018,0.5909850597381592,0.5605102181434631,297.42193603515625,297.1499938964844,293.1499938964844,0.0,-0.0,285.2926330566406,0.841420590877533,0.4232115149497986,0.2975036799907684,297.2381286621094,297.1499938964844,293.1499938964844,0.0,-0.0,285.29229736328125,0.7715312242507935,0.3231547772884369,0.3094347715377807,297.1923828125,297.1499938964844,293.1499938964844,0.0,-0.0,285.29156494140625,0.6789416074752808,0.2178244143724441,0.9979977607727052,285.292724609375,284.95001220703125,300.3759155273437,287.5487365722656,298.2823486328125,297.2842102050781,285.2948913574219,1.0,0.5976480841636658,0.4330910146236419,0.4330910146236419,1.0,1.0,-3.0764496326446533,0.9949028491973876,2.0815467834472656,0.3022716343402862,0.9057364463806152,0.9057364463806152,0.0,183.24058532714844,193.0,40409.6640625,0.0,2619.552734375,1.0,281.2418518066406,283.87969970703125,290.5075988769531,293.0325622558594,293.1499938964844,293.1499938964844,280.95001220703125,35664.625,36000.0,313.1499938964844,0.0,18000.0,1.0,0.0,0.0,0.0,1.0,0.9598856568336488,1.0,0.0,0.0,3.6561129093170166,3.656136989593506,8.919335527934891e-07,4.265924453735352,4.265914440155029,9.78592834144365e-06,0.0,0.0,-0.0,5802.18408203125,0.0,1537.466552734375,1895.4371337890625,0.0,3951.56640625,0.9064398407936096,1.0,0.0,3.0,1.0,0.0
12146220,297.1090087890625,297.1499938964844,293.1499938964844,0.0,-0.0,285.09478759765625,0.8490110635757446,0.4376678764820099,0.3969876170158386,297.29510498046875,297.1499938964844,293.1499938964844,0.0,-0.0,285.0945739746094,0.9429575204849244,0.5926809906959534,0.5628446340560913,297.4247131347656,297.1499938964844,293.1499938964844,0.0,-0.0,285.09478759765625,0.841745913028717,0.42696213722229,0.3005531132221222,297.2394714355469,297.1499938964844,293.1499938964844,0.0,-0.0,285.09503173828125,0.7705945372581482,0.3244276046752929,0.3110998570919037,297.1948547363281,297.1499938964844,293.1499938964844,0.0,-0.0,285.0955810546875,0.6780545115470886,0.2186267971992492,1.0032904148101809,285.0947570800781,284.95001220703125,300.3634338378906,287.51690673828125,298.2771911621094,297.284423828125,285.09332275390625,1.0,0.6011464595794678,0.4322975575923919,0.4322975575923919,1.0,1.0,-3.091626644134521,0.998604416847229,2.093022346496582,0.3028024435043335,0.906057357788086,0.906057357788086,0.0,186.06509399414065,181.0,41269.7578125,0.0,2663.929443359375,1.0,280.95770263671875,283.65191650390625,290.5757141113281,293.2327880859375,293.1499938964844,293.1499938964844,280.6499938964844,35774.53515625,36000.0,313.1499938964844,0.0,18000.0,1.0,0.0,0.0,0.0,1.0,0.9765638709068298,1.0,0.0,0.0,3.6653974056243896,3.665421485900879,8.964693165580684e-07,4.265924453735352,4.265914440155029,9.78592834144365e-06,0.0,0.0,-0.0,5943.40625,0.0,1548.67236328125,1895.4371337890625,0.0,4098.7841796875,0.9085589051246644,1.0,0.0,3.0,1.0,0.0
12146280,297.1090087890625,297.1499938964844,293.1499938964844,0.0,-0.0,285.09478759765625,0.8490110635757446,0.4376678764820099,0.3969876170158386,297.29510498046875,297.1499938964844,293.1499938964844,0.0,-0.0,285.0945739746094,0.9429575204849244,0.5926809906959534,0.5628446340560913,297.4247131347656,297.1499938964844,293.1499938964844,0.0,-0.0,285.09478759765625,0.841745913028717,0.42696213722229,0.3005531132221222,297.2394714355469,297.1499938964844,293.1499938964844,0.0,-0.0,285.09503173828125,0.7705945372581482,0.3244276046752929,0.3110998570919037,297.1948547363281,297.1499938964844,293.1499938964844,0.0,-0.0,285.0955810546875,0.6780545115470886,0.2186267971992492,1.0032904148101809,285.0947570800781,284.95001220703125,300.3634338378906,287.51690673828125,298.2771911621094,297.284423828125,285.09332275390625,1.0,0.6011464595794678,0.4322975575923919,0.4322975575923919,1.0,1.0,-3.091626644134521,0.998604416847229,2.093022346496582,0.3028024435043335,0.906057357788086,0.906057357788086,0.0,186.06509399414065,181.0,41269.7578125,0.0,2663.929443359375,1.0,280.95770263671875,283.65191650390625,290.5757141113281,293.2327880859375,293.1499938964844,293.1499938964844,280.6499938964844,35774.53515625,36000.0,313.1499938964844,0.0,18000.0,1.0,0.0,0.0,0.0,1.0,0.9765638709068298,1.0,0.0,0.0,3.6653974056243896,3.665421485900879,8.964693165580684e-07,4.265924453735352,4.265914440155029,9.78592834144365e-06,0.0,0.0,-0.0,5943.40625,0.0,1548.67236328125,1895.4371337890625,0.0,4098.7841796875,0.9085589051246644,1.0,0.0,3.0,1.0,0.0
12146340,297.09130859375,297.1499938964844,293.1499938964844,0.0,-0.0,284.8725280761719,0.8500687479972839,0.4353645443916321,0.3951427340507507,297.27410888671875,297.1499938964844,293.1499938964844,0.0,-0.0,284.872314453125,0.9460123777389526,0.5924049615859985,0.5628736615180969,297.4128723144531,297.1499938964844,293.1499938964844,0.0,-0.0,284.87255859375,0.8455607891082764,0.429253876209259,0.3022762238979339,297.22833251953125,297.1499938964844,293.1499938964844,0.0,-0.0,284.8728332519531,0.7729614973068237,0.3244409263134002,0.3112775981426239,297.18701171875,297.1499938964844,293.1499938964844,0.0,-0.0,284.8734130859375,0.6800221800804138,0.2184090465307235,1.0029265880584717,284.8724975585937,284.95001220703125,300.3500061035156,287.49151611328125,298.25982666015625,297.2681884765625,284.87078857421875,1.0,0.5994988679885864,0.4315040707588196,0.4315040707588196,1.0,1.0,-3.091306209564209,0.9965130686759948,2.0947930812835693,0.3009735345840454,0.9031596779823304,0.9031596779823304,0.0,183.97137451171875,169.0,42009.96484375,0.0,2652.26025390625,1.0,280.6581115722656,283.4002380371094,290.55450439453125,293.2799987792969,293.1499938964844,293.1499938964844,280.3500061035156,35998.54296875,36000.0,313.1499938964844,0.0,18000.0,1.0,0.0,0.0,0.0,1.0,0.992749273777008,1.0,0.0,0.0,3.666160345077514,3.666184663772583,8.968425504463085e-07,4.265924453735352,4.265914440155029,9.78592834144365e-06,0.0,0.0,-0.0,6030.11181640625,0.0,1551.2113037109375,1895.4371337890625,0.0,4238.52197265625,0.9088738560676576,1.0,0.0,3.0,1.0,0.0
12146400,297.09130859375,297.1499938964844,293.1499938964844,0.0,-0.0,284.8725280761719,0.8500687479972839,0.4353645443916321,0.3951427340507507,297.27410888671875,297.1499938964844,293.1499938964844,0.0,-0.0,284.872314453125,0.9460123777389526,0.5924049615859985,0.5628736615180969,297.4128723144531,297.1499938964844,293.1499938964844,0.0,-0.0,284.87255859375,0.8455607891082764,0.429253876209259,0.3022762238979339,297.22833251953125,297.1499938964844,293.1499938964844,0.0,-0.0,284.8728332519531,0.7729614973068237,0.3244409263134002,0.3112775981426239,297.18701171875,297.1499938964844,293.1499938964844,0.0,-0.0,284.8734130859375,0.6800221800804138,0.2184090465307235,1.0029265880584717,284.8724975585937,284.95001220703125,300.3500061035156,287.49151611328125,298.25982666015625,297.2681884765625,284.87078857421875,1.0,0.5994988679885864,0.4315040707588196,0.4315040707588196,1.0,1.0,-3.091306209564209,0.9965130686759948,2.0947930812835693,0.3009735345840454,0.9031596779823304,0.9031596779823304,0.0,183.97137451171875,169.0,42009.96484375,0.0,2652.26025390625,1.0,280.6581115722656,283.4002380371094,290.55450439453125,293.2799987792969,293.1499938964844,293.1499938964844,280.3500061035156,35998.54296875,36000.0,313.1499938964844,0.0,18000.0,1.0,0.0,0.0,0.0,1.0,0.992749273777008,1.0,0.0,0.0,3.666160345077514,3.666184663772583,8.968425504463085e-07,4.265924453735352,4.265914440155029,9.78592834144365e-06,0.0,0.0,-0.0,6030.11181640625,0.0,1551.2113037109375,1895.4371337890625,0.0,4238.52197265625,0.9088738560676576,1.0,0.0,3.0,1.0,0.0
12146460,297.0705871582031,297.1499938964844,293.1499938964844,0.0,-0.0,284.6678161621094,0.8545685410499573,0.4325243830680847,0.3924921154975891,297.2470397949219,297.1499938964844,293.1499938964844,0.0,-0.0,284.6676025390625,0.953377604484558,0.591239333152771,0.5617417693138123,297.3976135253906,297.1499938964844,293.1499938964844,0.0,-0.0,284.6678161621094,0.852881908416748,0.4310401082038879,0.3034210205078125,297.2127685546875,297.1499938964844,293.1499938964844,0.0,-0.0,284.6681213378906,0.778471052646637,0.3238602578639984,0.3106293082237243,297.17510986328125,297.1499938964844,293.1499938964844,0.0,-0.0,284.6687316894531,0.6846806406974792,0.2176746875047683,0.9990803599357604,284.66778564453125,284.95001220703125,300.3360290527344,287.4756164550781,298.2392883300781,297.2484130859375,284.6660461425781,1.0,0.5949270725250244,0.4306147694587707,0.4306147694587707,1.0,1.0,-3.082737684249878,0.9911283254623412,2.091609477996826,0.2975746095180511,0.8977066278457642,0.8977066278457642,0.0,178.15626525878906,157.0,42783.80078125,0.0,2605.004638671875,1.0,280.358154296875,283.1573791503906,290.5303955078125,293.3001403808594,293.1499938964844,293.1499938964844,280.6499938964844,36259.84375,36000.0,313.1499938964844,0.0,18000.0,1.0,0.0,0.0,0.0,1.0,1.0,1.0,0.0,0.0,3.657260179519653,3.657284259796143,8.924933467824303e-07,4.265924453735352,4.265914440155029,9.78592834144365e-06,0.0,0.0,-0.0,5426.27978515625,0.0,1543.2088623046875,1895.4371337890625,0.0,4300.0,0.907057762145996,1.0,0.0,3.0,1.0,0.0
12146520,297.0705871582031,297.1499938964844,293.1499938964844,0.0,-0.0,284.6678161621094,0.8545685410499573,0.4325243830680847,0.3924921154975891,297.2470397949219,297.1499938964844,293.1499938964844,0.0,-0.0,284.6676025390625,0.953377604484558,0.591239333152771,0.5617417693138123,297.3976135253906,297.1499938964844,293.1499938964844,0.0,-0.0,284.6678161621094,0.852881908416748,0.4310401082038879,0.3034210205078125,297.2127685546875,297.1499938964844,293.1499938964844,0.0,-0.0,284.6681213378906,0.778471052646637,0.3238602578639984,0.3106293082237243,297.17510986328125,297.1499938964844,293.1499938964844,0.0,-0.0,284.6687316894531,0.6846806406974792,0.2176746875047683,0.9990803599357604,284.66778564453125,284.95001220703125,300.3360290527344,287.4756164550781,298.2392883300781,297.2484130859375,284.6660461425781,1.0,0.5949270725250244,0.4306147694587707,0.4306147694587707,1.0,1.0,-3.082737684249878,0.9911283254623412,2.091609477996826,0.2975746095180511,0.8977066278457642,0.8977066278457642,0.0,178.15626525878906,157.0,42783.80078125,0.0,2605.004638671875,1.0,280.358154296875,283.1573791503906,290.5303955078125,293.3001403808594,293.1499938964844,293.1499938964844,280.6499938964844,36259.84375,36000.0,313.1499938964844,0.0,18000.0,1.0,0.0,0.0,0.0,1.0,1.0,1.0,0.0,0.0,3.657260179519653,3.657284259796143,8.924933467824303e-07,4.265924453735352,4.265914440155029,9.78592834144365e-06,0.0,0.0,-0.0,5426.27978515625,0.0,1543.2088623046875,1895.4371337890625,0.0,4300.0,0.907057762145996,1.0,0.0,3.0,1.0,0.0
12146580,297.0718078613281,297.1499938964844,293.1499938964844,0.0,-0.0,284.8405456542969,0.8646960854530334,0.4316127002239227,0.3907535672187805,297.2399597167969,297.1499938964844,293.1499938964844,0.0,-0.0,284.8407287597656,0.9665560126304626,0.5917213559150696,0.5612550973892212,297.3990783691406,297.1499938964844,293.1499938964844,0.0,-0.0,284.8405456542969,0.8657748103141785,0.4343002438545227,0.3050597608089447,297.2085876464844,297.1499938964844,293.1499938964844,0.0,-0.0,284.8403015136719,0.7889319658279419,0.3242127597332001,0.3102608621120453,297.1712341308594,297.1499938964844,293.1499938964844,0.0,-0.0,284.8398132324219,0.6937497854232788,0.2175850421190261,0.9957868456840516,284.840576171875,284.95001220703125,300.32183837890625,287.4715881347656,298.23077392578125,297.2460021972656,284.8418884277344,1.0,0.5889257788658142,0.4297254383563995,0.4297254383563995,1.0,1.0,-3.0776164531707764,0.9870380163192748,2.090578317642212,0.2944559752941131,0.8976490497589111,0.8976490497589111,0.0,168.96661376953125,145.0,41790.125,0.0,2546.8974609375,1.0,280.6422119140625,283.3754272460937,290.4234619140625,293.0597229003906,293.1499938964844,293.1499938964844,280.95001220703125,36166.62890625,36000.0,313.1499938964844,0.0,18000.0,1.0,0.0,0.0,0.0,1.0,0.9880877733230592,1.0,0.0,0.0,3.65024733543396,3.650271415710449,8.890739877642773e-07,4.265924453735352,4.265914440155029,9.78592834144365e-06,0.0,0.0,-0.0,5281.5703125,0.0,1534.690673828125,1895.4371337890625,0.0,4198.61962890625,0.9054572582244872,1.0,0.0,3.0,1.0,0.0
12146640,297.0718078613281,297.1499938964844,293.1499938964844,0.0,-0.0,284.8405456542969,0.8646960854530334,0.4316127002239227,0.3907535672187805,297.2399597167969,297.1499938964844,293.1499938964844,0.0,-0.0,284.8407287597656,0.9665560126304626,0.5917213559150696,0.5612550973892212,297.3990783691406,297.1499938964844,293.1499938964844,0.0,-0.0,284.8405456542969,0.8657748103141785,0.4343002438545227,0.3050597608089447,297.2085876464844,297.1499938964844,293.1499938964844,0.0,-0.0,284.8403015136719,0.7889319658279419,0.3242127597332001,0.3102608621120453,297.1712341308594,297.1499938964844,293.1499938964844,0.0,-0.0,284.8398132324219,0.6937497854232788,0.2175850421190261,0.9957868456840516,284.840576171875,284.95001220703125,300.32183837890625,287.4715881347656,298.23077392578125,297.2460021972656,284.8418884277344,1.0,0.5889257788658142,0.4297254383563995,0.4297254383563995,1.0,1.0,-3.0776164531707764,0.9870380163192748,2.090578317642212,0.2944559752941131,0.8976490497589111,0.8976490497589111,0.0,168.96661376953125,145.0,41790.125,0.0,2546.8974609375,1.0,280.6422119140625,283.3754272460937,290.4234619140625,293.0597229003906,293.1499938964844,293.1499938964844,280.95001220703125,36166.62890625,36000.0,313.1499938964844,0.0,18000.0,1.0,0.0,0.0,0.0,1.0,0.9880877733230592,1.0,0.0,0.0,3.65024733543396,3.650271415710449,8.890739877642773e-07,4.265924453735352,4.265914440155029,9.78592834144365e-06,0.0,0.0,-0.0,5281.5703125,0.0,1534.690673828125,1895.4371337890625,0.0,4198.61962890625,0.9054572582244872,1.0,0.0,3.0,1.0,0.0
12146700,297.0792541503906,297.1499938964844,293.1499938964844,0.0,-0.0,285.0005187988281,0.8724868297576904,0.4318438768386841,0.3905190229415893,297.244140625,297.1499938964844,293.1499938964844,0.0,-0.0,285.0019226074219,0.9753721356391908,0.5926966071128845,0.561689019203186,297.4055480957031,297.1499938964844,293.1499938964844,0.0,-0.0,285.00054931640625,0.8749421238899231,0.436509370803833,0.3062758445739746,297.2113647460937,297.1499938964844,293.1499938964844,0.0,-0.0,284.9987487792969,0.7965733408927917,0.3248544335365295,0.3104782402515411,297.1732482910156,297.1499938964844,293.1499938964844,0.0,-0.0,284.9951171875,0.7004793882369995,0.2179155200719833,0.9955806732177734,285.00079345703125,284.95001220703125,300.314697265625,287.4737243652344,298.23095703125,297.2510986328125,285.0101318359375,1.0,0.5858652591705322,0.4292807877063751,0.4292807877063751,1.0,1.0,-3.0793256759643555,0.9865776896476746,2.092747926712036,0.2935413122177124,0.8995255827903748,0.8995255827903748,0.0,163.3243408203125,145.0,41074.33984375,0.0,2520.535888671875,1.0,280.8987731933594,283.5682678222656,290.3844909667969,292.90496826171875,293.1499938964844,293.1499938964844,280.95001220703125,36050.41796875,36000.0,313.1499938964844,0.0,18000.0,1.0,0.0,0.0,0.0,1.0,0.9769800305366516,1.0,0.0,0.0,3.6494641304016113,3.6494882106781006,8.886924547368835e-07,4.265924453735352,4.265914440155029,9.78592834144365e-06,0.0,0.0,-0.0,5451.5966796875,0.0,1532.9495849609375,1895.4371337890625,0.0,4102.4169921875,0.9052491784095764,1.0,0.0,3.0,1.0,0.0
12146760,297.0896911621094,297.1499938964844,293.1499938964844,0.0,-0.0,285.0620422363281,0.8822557926177979,0.4324216246604919,0.3907074928283691,297.25213623046875,297.1499938964844,293.1499938964844,0.0,-0.0,285.0622863769531,0.9852399826049804,0.5940773487091064,0.5626030564308167,297.4147033691406,297.1499938964844,293.1499938964844,0.0,-0.0,285.0620422363281,0.8860939741134644,0.439029186964035,0.3077699244022369,297.2167358398437,297.1499938964844,293.1499938964844,0.0,-0.0,285.06170654296875,0.8059085011482239,0.3257714211940765,0.3109950423240661,297.1775207519531,297.1499938964844,293.1499938964844,0.0,-0.0,285.0609741210937,0.7087420225143433,0.218484342098236,0.9965111017227172,285.06207275390625,284.95001220703125,300.3074951171875,287.478515625,298.2339782714844,297.259521484375,285.0640563964844,1.0,0.5829114317893982,0.4290271401405334,0.4290271401405334,1.0,1.0,-3.084182024002075,0.9877261519432068,2.0964560508728027,0.2935350239276886,0.900939166545868,0.900939166545868,0.0,157.16624450683594,133.0,41082.84765625,0.0,2497.397216796875,1.0,280.9417419433594,283.62701416015625,290.4123229980469,292.9747619628906,293.1499938964844,293.1499938964844,280.6499938964844,35943.40234375,36000.0,313.1499938964844,0.0,18000.0,1.0,0.0,0.0,0.0,1.0,0.971159040927887,1.0,0.0,0.0,3.651515245437622,3.6515393257141113,8.896917051970377e-07,4.265924453735352,4.265914440155029,9.78592834144365e-06,0.0,0.0,-0.0,5860.06884765625,0.0,1534.431396484375,1895.4371337890625,0.0,4051.4111328125,0.905598521232605,1.0,0.0,3.0,1.0,0.0
12146820,297.0888366699219,297.1499938964844,293.1499938964844,0.0,-0.0,284.8670959472656,0.9006140232086182,0.431600421667099,0.3901418149471283,297.2492370605469,297.1499938964844,293.1499938964844,0.0,-0.0,284.86688232421875,0.9990000128746032,0.5951013565063477,0.5604410171508789,297.41632080078125,297.1499938964844,293.1499938964844,0.0,-0.0,284.8670959472656,0.9076446890830994,0.4425665140151977,0.310251384973526,297.2168884277344,297.1499938964844,293.1499938964844,0.0,-0.0,284.86737060546875,0.8226515054702759,0.326648086309433,0.3117096722126007,297.1792297363281,297.1499938964844,293.1499938964844,0.0,-0.0,284.867919921875,0.7233964800834656,0.2190159559249878,0.9978691935539246,284.8670654296875,284.95001220703125,300.29296875,287.4955749511719,298.2283020019531,297.2597961425781,284.86529541015625,1.0,0.5766541957855225,0.4285198152065277,0.4285198152065277,1.0,1.0,-3.0860509872436523,0.987125277519226,2.098925828933716,0.292987048625946,0.8982276320457458,0.8982276320457458,0.0,146.26614379882812,121.0,41836.3203125,0.0,2443.8251953125,1.0,280.6578369140625,283.4014587402344,290.525634765625,293.20623779296875,293.1499938964844,293.1499938964844,280.95001220703125,36085.7265625,36000.0,313.1499938964844,0.0,18000.0,1.0,0.0,0.0,0.0,1.0,0.981742262840271,1.0,0.0,0.0,3.649207353591919,3.649231433868408,8.885673992153897e-07,4.265924453735352,4.265914440155029,9.78592834144365e-06,0.0,0.0,-0.0,5332.048828125,0.0,1532.9281005859375,1895.4371337890625,0.0,4143.849609375,0.9051491618156432,1.0,0.0,3.0,1.0,0.0
12146880,297.0888366699219,297.1499938964844,293.1499938964844,0.0,-0.0,284.8670959472656,0.9006140232086182,0.431600421667099,0.3901418149471283,297.2492370605469,297.1499938964844,293.1499938964844,0.0,-0.0,284.86688232421875,0.9990000128746032,0.5951013565063477,0.5604410171508789,297.41632080078125,297.1499938964844,293.1499938964844,0.0,-0.0,284.8670959472656,0.9076446890830994,0.4425665140151977,0.310251384973526,297.2168884277344,297.1499938964844,293.1499938964844,0.0,-0.0,284.86737060546875,0.8226515054702759,0.326648086309433,0.3117096722126007,297.1792297363281,297.1499938964844,293.1499938964844,0.0,-0.0,284.867919921875,0.7233964800834656,0.2190159559249878,0.9978691935539246,284.8670654296875,284.95001220703125,300.29296875,287.4955749511719,298.2283020019531,297.2597961425781,284.86529541015625,1.0,0.5766541957855225,0.4285198152065277,0.4285198152065277,1.0,1.0,-3.0860509872436523,0.987125277519226,2.098925828933716,0.292987048625946,0.8982276320457458,0.8982276320457458,0.0,146.26614379882812,121.0,41836.3203125,0.0,2443.8251953125,1.0,280.6578369140625,283.4014587402344,290.525634765625,293.20623779296875,293.1499938964844,293.1499938964844,280.95001220703125,36085.7265625,36000.0,313.1499938964844,0.0,18000.0,1.0,0.0,0.0,0.0,1.0,0.981742262840271,1.0,0.0,0.0,3.649207353591919,3.649231433868408,8.885673992153897e-07,4.265924453735352,4.265914440155029,9.78592834144365e-06,0.0,0.0,-0.0,5332.048828125,0.0,1532.9281005859375,1895.4371337890625,0.0,4143.849609375,0.9051491618156432,1.0,0.0,3.0,1.0,0.0
12146940,297.095458984375,297.1499938964844,293.1499938964844,0.0,-0.0,285.0458984375,0.9146621823310852,0.43147674202919,0.3893594741821289,297.28076171875,297.1499938964844,293.1499938964844,0.0,-0.0,285.0459899902344,0.9990000128746032,0.5994879007339478,0.5359408259391785,297.4232177734375,297.1499938964844,293.1499938964844,0.0,-0.0,285.0458984375,0.9259507060050964,0.446623831987381,0.3126095533370971,297.2192687988281,297.1499938964844,293.1499938964844,0.0,-0.0,285.0457763671875,0.8346536159515381,0.327724277973175,0.3122308552265167,297.1815795898437,297.1499938964844,293.1499938964844,0.0,-0.0,285.04547119140625,0.7336575984954834,0.2196186780929565,0.998579740524292,285.0459289550781,284.95001220703125,300.2782287597656,287.5219116210937,298.2301025390625,297.2727966308594,285.0464172363281,1.0,0.5682830810546875,0.4280125200748443,0.4280125200748443,1.0,1.0,-3.060340404510498,0.976334273815155,2.0840063095092773,0.2879303991794586,0.90098375082016,0.90098375082016,0.0,138.01336669921875,109.0,40832.375,0.0,2352.4423828125,1.0,280.942138671875,283.61309814453125,290.47735595703125,293.04461669921875,293.1499938964844,293.1499938964844,280.6499938964844,35925.5234375,36000.0,313.1499938964844,0.0,18000.0,1.0,0.0,0.0,0.0,1.0,0.9691427946090698,1.0,0.0,0.0,3.6511480808258057,3.651172161102295,8.895128189578827e-07,4.265924453735352,4.265914440155029,9.78592834144365e-06,0.0,0.0,-0.0,5860.2646484375,0.0,1533.8887939453125,1895.4371337890625,0.0,4033.65380859375,0.9054962396621704,1.0,0.0,3.0,1.0,0.0
12147000,297.095458984375,297.1499938964844,293.1499938964844,0.0,-0.0,285.0458984375,0.9146621823310852,0.43147674202919,0.3893594741821289,297.28076171875,297.1499938964844,293.1499938964844,0.0,-0.0,285.0459899902344,0.9990000128746032,0.5994879007339478,0.5359408259391785,297.4232177734375,297.1499938964844,293.1499938964844,0.0,-0.0,285.0458984375,0.9259507060050964,0.446623831987381,0.3126095533370971,297.2192687988281,297.1499938964844,293.1499938964844,0.0,-0.0,285.0457763671875,0.8346536159515381,0.327724277973175,0.3122308552265167,297.1815795898437,297.1499938964844,293.1499938964844,0.0,-0.0,285.04547119140625,0.7336575984954834,0.2196186780929565,0.998579740524292,285.0459289550781,284.95001220703125,300.2782287597656,287.5219116210937,298.2301025390625,297.2727966308594,285.0464172363281,1.0,0.5682830810546875,0.4280125200748443,0.4280125200748443,1.0,1.0,-3.060340404510498,0.976334273815155,2.0840063095092773,0.2879303991794586,0.90098375082016,0.90098375082016,0.0,138.01336669921875,109.0,40832.375,0.0,2352.4423828125,1.0,280.942138671875,283.61309814453125,290.47735595703125,293.04461669921875,293.1499938964844,293.1499938964844,280.6499938964844,35925.5234375,36000.0,313.1499938964844,0.0,18000.0,1.0,0.0,0.0,0.0,1.0,0.9691427946090698,1.0,0.0,0.0,3.6511480808258057,3.651172161102295,8.895128189578827e-07,4.265924453735352,4.265914440155029,9.78592834144365e-06,0.0,0.0,-0.0,5860.2646484375,0.0,1533.8887939453125,1895.4371337890625,0.0,4033.65380859375,0.9054962396621704,1.0,0.0,3.0,1.0,0.0
12147060,297.088623046875,297.1499938964844,293.1499938964844,0.0,-0.0,284.820068359375,0.9330443739891052,0.430115669965744,0.3883655369281769,297.3352355957031,297.1499938964844,293.1499938964844,0.0,-0.0,284.81982421875,0.9990000128746032,0.6066657900810242,0.5078060030937195,297.4193115234375,297.1499938964844,293.1499938964844,0.0,-0.0,284.82000732421875,0.9479060769081116,0.449709415435791,0.314842015504837,297.2149963378906,297.1499938964844,293.1499938964844,0.0,-0.0,284.8204650878906,0.8493857383728027,0.3281827270984649,0.3126559853553772,297.17950439453125,297.1499938964844,293.1499938964844,0.0,-0.0,284.8212890625,0.7462093234062195,0.2198193967342376,0.9989936947822572,284.82000732421875,284.95001220703125,300.2633361816406,287.5566711425781,298.23590087890625,297.2922668457031,284.8173828125,1.0,0.5585761070251465,0.4275295436382293,0.4275295436382293,1.0,1.0,-3.029025793075561,0.9635164737701416,2.06550931930542,0.282202273607254,0.897432804107666,0.897432804107666,0.0,128.91534423828125,112.0,41227.83203125,0.0,2248.338134765625,1.0,280.6578674316406,283.3634948730469,290.57525634765625,293.2281799316406,293.1499938964844,293.1499938964844,280.95001220703125,36116.8828125,36000.0,313.1499938964844,0.0,18000.0,1.0,0.0,0.0,0.0,1.0,0.976925253868103,1.0,0.0,0.0,3.647826910018921,3.647850751876831,8.878952257873607e-07,4.265924453735352,4.265914440155029,9.78592834144365e-06,0.0,0.0,-0.0,5303.5947265625,0.0,1531.626220703125,1895.4371337890625,0.0,4101.939453125,0.9048548936843872,1.0,0.0,3.0,1.0,0.0
12147120,297.088623046875,297.1499938964844,293.1499938964844,0.0,-0.0,284.820068359375,0.9330443739891052,0.430115669965744,0.3883655369281769,297.3352355957031,297.1499938964844,293.1499938964844,0.0,-0.0,284.81982421875,0.9990000128746032,0.6066657900810242,0.5078060030937195,297.4193115234375,297.1499938964844,293.1499938964844,0.0,-0.0,284.82000732421875,0.9479060769081116,0.449709415435791,0.314842015504837,297.2149963378906,297.1499938964844,293.1499938964844,0.0,-0.0,284.8204650878906,0.8493857383728027,0.3281827270984649,0.3126559853553772,297.17950439453125,297.1499938964844,293.1499938964844,0.0,-0.0,284.8212890625,0.7462093234062195,0.2198193967342376,0.9989936947822572,284.82000732421875,284.95001220703125,300.2633361816406,287.5566711425781,298.23590087890625,297.2922668457031,284.8173828125,1.0,0.5585761070251465,0.4275295436382293,0.4275295436382293,1.0,1.0,-3.029025793075561,0.9635164737701416,2.06550931930542,0.282202273607254,0.897432804107666,0.897432804107666,0.0,128.91534423828125,112.0,41227.83203125,0.0,2248.338134765625,1.0,280.6578674316406,283.3634948730469,290.57525634765625,293.2281799316406,293.1499938964844,293.1499938964844,280.95001220703125,36116.8828125,36000.0,313.1499938964844,0.0,18000.0,1.0,0.0,0.0,0.0,1.0,0.976925253868103,1.0,0.0,0.0,3.647826910018921,3.647850751876831,8.878952257873607e-07,4.265924453735352,4.265914440155029,9.78592834144365e-06,0.0,0.0,-0.0,5303.5947265625,0.0,1531.626220703125,1895.4371337890625,0.0,4101.939453125,0.9048548936843872,1.0,0.0,3.0,1.0,0.0
12147180,297.0936584472656,297.1499938964844,293.1499938964844,0.0,-0.0,285.00701904296875,0.9450328946113586,0.4298229515552521,0.3874341547489166,297.4006042480469,297.1499938964844,293.1499938964844,0.0,-0.0,285.00714111328125,0.9990000128746032,0.6156289577484131,0.4899840354919433,297.4245910644531,297.1499938964844,293.1499938964844,0.0,-0.0,285.0070495605469,0.9626003503799438,0.4536349177360534,0.317116230726242,297.21588134765625,297.1499938964844,293.1499938964844,0.0,-0.0,285.0068054199219,0.8596659898757935,0.3290822803974151,0.313043475151062,297.1811828613281,297.1499938964844,293.1499938964844,0.0,-0.0,285.0063171386719,0.7549310922622681,0.2203490585088729,0.9994925856590272,285.0070495605469,284.95001220703125,300.24822998046875,287.5989990234375,298.2547607421875,297.3298645019531,285.0082702636719,1.0,0.5531325340270996,0.4270465970039367,0.4270465970039367,1.0,1.0,-3.0102527141571045,0.9553911089897156,2.0548617839813232,0.2778993248939514,0.8996940851211548,0.8996940851211548,0.0,123.3979263305664,130.0,40340.51953125,0.0,2186.590576171875,1.0,280.9421081542969,283.58233642578125,290.5379333496094,293.06890869140625,293.1499938964844,293.1499938964844,281.25,35969.71484375,36000.0,313.1499938964844,0.0,18000.0,1.0,0.0,0.0,0.0,1.0,0.960560381412506,1.0,0.0,0.0,3.647975206375122,3.647999048233032,8.879674169293139e-07,4.265924453735352,4.265914440155029,9.78592834144365e-06,0.0,0.0,-0.0,5186.61376953125,0.0,1530.6904296875,1895.4371337890625,0.0,3957.57958984375,0.9048176407814026,1.0,0.0,3.0,1.0,0.0
12147240,297.0936584472656,297.1499938964844,293.1499938964844,0.0,-0.0,285.00701904296875,0.9450328946113586,0.4298229515552521,0.3874341547489166,297.4006042480469,297.1499938964844,293.1499938964844,0.0,-0.0,285.00714111328125,0.9990000128746032,0.6156289577484131,0.4899840354919433,297.4245910644531,297.1499938964844,293.1499938964844,0.0,-0.0,285.0070495605469,0.9626003503799438,0.4536349177360534,0.317116230726242,297.21588134765625,297.1499938964844,293.1499938964844,0.0,-0.0,285.0068054199219,0.8596659898757935,0.3290822803974151,0.313043475151062,297.1811828613281,297.1499938964844,293.1499938964844,0.0,-0.0,285.0063171386719,0.7549310922622681,0.2203490585088729,0.9994925856590272,285.0070495605469,284.95001220703125,300.24822998046875,287.5989990234375,298.2547607421875,297.3298645019531,285.0082702636719,1.0,0.5531325340270996,0.4270465970039367,0.4270465970039367,1.0,1.0,-3.0102527141571045,0.9553911089897156,2.0548617839813232,0.2778993248939514,0.8996940851211548,0.8996940851211548,0.0,123.3979263305664,130.0,40340.51953125,0.0,2186.590576171875,1.0,280.9421081542969,283.58233642578125,290.5379333496094,293.06890869140625,293.1499938964844,293.1499938964844,281.25,35969.71484375,36000.0,313.1499938964844,0.0,18000.0,1.0,0.0,0.0,0.0,1.0,0.960560381412506,1.0,0.0,0.0,3.647975206375122,3.647999048233032,8.879674169293139e-07,4.265924453735352,4.265914440155029,9.78592834144365e-06,0.0,0.0,-0.0,5186.61376953125,0.0,1530.6904296875,1895.4371337890625,0.0,3957.57958984375,0.9048176407814026,1.0,0.0,3.0,1.0,0.0
12147300,297.102294921875,297.1499938964844,293.1499938964844,0.0,-0.0,285.17791748046875,0.946436643600464,0.4303103685379028,0.3876339197158813,297.4315185546875,297.1499938964844,293.1499938964844,0.0,-0.0,285.1788024902344,0.9990000128746032,0.6202523112297058,0.4883015155792236,297.4324645996094,297.1499938964844,293.1499938964844,0.0,-0.0,285.17822265625,0.9653546810150146,0.4561419188976288,0.3186937272548675,297.22039794921875,297.1499938964844,293.1499938964844,0.0,-0.0,285.1762390136719,0.8612214922904968,0.3299404978752136,0.3136835694313049,297.18536376953125,297.1499938964844,293.1499938964844,0.0,-0.0,285.1724853515625,0.7562773823738098,0.2209552824497223,1.001531958580017,285.1781311035156,284.95001220703125,300.2406311035156,287.6227111816406,298.2670593261719,297.3519287109375,285.1886901855469,1.0,0.5538079738616943,0.4268051385879516,0.4268051385879516,1.0,1.0,-3.0135602951049805,0.9560520052909852,2.0575082302093506,0.2774791717529297,0.9028668999671936,0.9028668999671936,0.0,123.07080841064452,130.0,39758.24609375,0.0,2190.76611328125,1.0,281.1987609863281,283.7799072265625,290.5259704589844,292.9494323730469,293.1499938964844,293.1499938964844,281.25,35831.06640625,36000.0,313.1499938964844,0.0,18000.0,1.0,0.0,0.0,0.0,1.0,0.9489827752113342,1.0,0.0,0.0,3.6514179706573486,3.651441812515259,8.896442409422889e-07,4.265924453735352,4.265914440155029,9.78592834144365e-06,0.0,0.0,-0.0,5366.89013671875,0.0,1533.4820556640625,1895.4371337890625,0.0,3853.793212890625,0.9055387377738952,1.0,0.0,3.0,1.0,0.0
12147360,297.11346435546875,297.1499938964844,293.1499938964844,0.0,-0.0,285.2452392578125,0.9452104568481444,0.4311062693595886,0.3882986009120941,297.4556884765625,297.1499938964844,293.1499938964844,0.0,-0.0,285.2454528808594,0.9990000128746032,0.6244121789932251,0.4908320605754852,297.442626953125,297.1499938964844,293.1499938964844,0.0,-0.0,285.24530029296875,0.965603768825531,0.4589305520057678,0.3205910325050354,297.2270202636719,297.1499938964844,293.1499938964844,0.0,-0.0,285.2448425292969,0.860640823841095,0.331037700176239,0.3146655559539795,297.1913757324219,297.1499938964844,293.1499938964844,0.0,-0.0,285.2440185546875,0.7558444142341614,0.2217709869146347,1.0049536228179932,285.24530029296875,284.95001220703125,300.23297119140625,287.64801025390625,298.2787170410156,297.3719482421875,285.24786376953125,1.0,0.5562185645103455,0.4267555475234985,0.4267555475234985,1.0,1.0,-3.024961471557617,0.9601420760154724,2.0648193359375,0.2788316607475281,0.90556138753891,0.90556138753891,0.0,124.17473602294922,148.0,39857.15625,0.0,2216.666015625,1.0,281.2417297363281,283.8417358398437,290.5797424316406,293.0520324707031,293.1499938964844,293.1499938964844,280.95001220703125,35708.8671875,36000.0,313.1499938964844,0.0,18000.0,1.0,0.0,0.0,0.0,1.0,0.9432295560836792,1.0,0.0,0.0,3.657935619354248,3.657959699630737,8.928230954552419e-07,4.265924453735352,4.265914440155029,9.78592834144365e-06,0.0,0.0,-0.0,5779.02880859375,0.0,1539.8321533203125,1895.4371337890625,0.0,3801.768798828125,0.9068768620491028,1.0,0.0,3.0,1.0,0.0
12147420,297.1132507324219,297.1499938964844,293.1499938964844,0.0,-0.0,285.063720703125,0.9325119256973268,0.4306521713733673,0.3886640667915344,297.4557800292969,297.1499938964844,293.1499938964844,0.0,-0.0,285.06365966796875,0.9990000128746032,0.6283665299415588,0.5089437961578369,297.4446716308594,297.1499938964844,293.1499938964844,0.0,-0.0,285.0636901855469,0.9568948149681092,0.462868720293045,0.3238328397274017,297.228515625,297.1499938964844,293.1499938964844,0.0,-0.0,285.06378173828125,0.8519302010536194,0.3321812748908996,0.3162755668163299,297.1950378417969,297.1499938964844,293.1499938964844,0.0,-0.0,285.06402587890625,0.7485445141792297,0.2226809710264206,1.0111202001571655,285.0636901855469,284.95001220703125,300.2174987792969,287.702880859375,298.2772216796875,297.3749084472656,285.0634460449219,1.0,0.5650162100791931,0.426656424999237,0.426656424999237,1.0,1.0,-3.0604071617126465,0.9730378985404968,2.087369203567505,0.283627450466156,0.9055578112602234,0.9055578112602234,0.0,130.42086791992188,166.0,40924.96875,0.0,2312.9990234375,1.0,280.95770263671875,283.6278991699219,290.7413024902344,293.34912109375,293.1499938964844,293.1499938964844,280.6499938964844,35817.2109375,36000.0,313.1499938964844,0.0,18000.0,1.0,0.0,0.0,0.0,1.0,0.9556361436843872,1.0,0.0,0.0,3.665534496307373,3.6655585765838623,8.965363917923241e-07,4.265924453735352,4.265914440155029,9.78592834144365e-06,0.0,0.0,-0.0,5957.7041015625,0.0,1549.146728515625,1895.4371337890625,0.0,3913.592041015625,0.9086211919784546,1.0,0.0,3.0,1.0,0.0
12147480,297.1132507324219,297.1499938964844,293.1499938964844,0.0,-0.0,285.063720703125,0.9325119256973268,0.4306521713733673,0.3886640667915344,297.4557800292969,297.1499938964844,293.1499938964844,0.0,-0.0,285.06365966796875,0.9990000128746032,0.6283665299415588,0.5089437961578369,297.4446716308594,297.1499938964844,293.1499938964844,0.0,-0.0,285.0636901855469,0.9568948149681092,0.462868720293045,0.3238328397274017,297.228515625,297.1499938964844,293.1499938964844,0.0,-0.0,285.06378173828125,0.8519302010536194,0.3321812748908996,0.3162755668163299,297.1950378417969,297.1499938964844,293.1499938964844,0.0,-0.0,285.06402587890625,0.7485445141792297,0.2226809710264206,1.0111202001571655,285.0636901855469,284.95001220703125,300.2174987792969,287.702880859375,298.2772216796875,297.3749084472656,285.0634460449219,1.0,0.5650162100791931,0.426656424999237,0.426656424999237,1.0,1.0,-3.0604071617126465,0.9730378985404968,2.087369203567505,0.283627450466156,0.9055578112602234,0.9055578112602234,0.0,130.42086791992188,166.0,40924.96875,0.0,2312.9990234375,1.0,280.95770263671875,283.6278991699219,290.7413024902344,293.34912109375,293.1499938964844,293.1499938964844,280.6499938964844,35817.2109375,36000.0,313.1499938964844,0.0,18000.0,1.0,0.0,0.0,0.0,1.0,0.9556361436843872,1.0,0.0,0.0,3.665534496307373,3.6655585765838623,8.965363917923241e-07,4.265924453735352,4.265914440155029,9.78592834144365e-06,0.0,0.0,-0.0,5957.7041015625,0.0,1549.146728515625,1895.4371337890625,0.0,3913.592041015625,0.9086211919784546,1.0,0.0,3.0,1.0,0.0
12147540,297.09783935546875,297.1499938964844,293.1499938964844,0.0,-0.0,284.879150390625,0.9097643494606018,0.4286318123340606,0.3874401152133941,297.39666748046875,297.1499938964844,293.1499938964844,0.0,-0.0,284.879150390625,0.9990000128746032,0.6263043284416199,0.5409944653511047,297.4330749511719,297.1499938964844,293.1499938964844,0.0,-0.0,284.879150390625,0.9377813935279846,0.4654347598552704,0.3260465860366821,297.2186584472656,297.1499938964844,293.1499938964844,0.0,-0.0,284.879150390625,0.8360390663146973,0.3321871757507324,0.3168524801731109,297.1883850097656,297.1499938964844,293.1499938964844,0.0,-0.0,284.87921142578125,0.7348661422729492,0.2225847393274307,1.0133827924728394,284.879150390625,284.95001220703125,300.20184326171875,287.7627258300781,298.2490234375,297.3383483886719,284.8794860839844,1.0,0.577290952205658,0.4265573024749756,0.4265573024749756,1.0,1.0,-3.1035356521606445,0.988736093044281,2.1147994995117188,0.2895803451538086,0.9029751420021056,0.9029751420021056,0.0,141.15594482421875,169.0,42130.59765625,0.0,2449.619873046875,1.0,280.6581115722656,283.4060974121094,290.8192443847656,293.51922607421875,293.1499938964844,293.1499938964844,280.3500061035156,36010.52734375,36000.0,313.1499938964844,0.0,18000.0,1.0,0.0,0.0,0.0,1.0,0.9705408215522766,1.0,0.0,0.0,3.6656298637390137,3.665653944015503,8.9658300339579e-07,4.265924453735352,4.265914440155029,9.78592834144365e-06,0.0,0.0,-0.0,6104.1162109375,0.0,1550.7061767578125,1895.4371337890625,0.0,4045.970947265625,0.9087703227996826,1.0,0.0,3.0,1.0,0.0
12147600,297.09783935546875,297.1499938964844,293.1499938964844,0.0,-0.0,284.879150390625,0.9097643494606018,0.4286318123340606,0.3874401152133941,297.39666748046875,297.1499938964844,293.1499938964844,0.0,-0.0,284.879150390625,0.9990000128746032,0.6263043284416199,0.5409944653511047,297.4330749511719,297.1499938964844,293.1499938964844,0.0,-0.0,284.879150390625,0.9377813935279846,0.4654347598552704,0.3260465860366821,297.2186584472656,297.1499938964844,293.1499938964844,0.0,-0.0,284.879150390625,0.8360390663146973,0.3321871757507324,0.3168524801731109,297.1883850097656,297.1499938964844,293.1499938964844,0.0,-0.0,284.87921142578125,0.7348661422729492,0.2225847393274307,1.0133827924728394,284.879150390625,284.95001220703125,300.20184326171875,287.7627258300781,298.2490234375,297.3383483886719,284.8794860839844,1.0,0.577290952205658,0.4265573024749756,0.4265573024749756,1.0,1.0,-3.1035356521606445,0.988736093044281,2.1147994995117188,0.2895803451538086,0.9029751420021056,0.9029751420021056,0.0,141.15594482421875,169.0,42130.59765625,0.0,2449.619873046875,1.0,280.6581115722656,283.4060974121094,290.8192443847656,293.51922607421875,293.1499938964844,293.1499938964844,280.3500061035156,36010.52734375,36000.0,313.1499938964844,0.0,18000.0,1.0,0.0,0.0,0.0,1.0,0.9705408215522766,1.0,0.0,0.0,3.6656298637390137,3.665653944015503,8.9658300339579e-07,4.265924453735352,4.265914440155029,9.78592834144365e-06,0.0,0.0,-0.0,6104.1162109375,0.0,1550.7061767578125,1895.4371337890625,0.0,4045.970947265625,0.9087703227996826,1.0,0.0,3.0,1.0,0.0
12147660,297.0877380371094,297.1499938964844,293.1499938964844,0.0,-0.0,284.7395324707031,0.8998561501502991,0.4272720217704773,0.3865045309066772,297.347412109375,297.1499938964844,293.1499938964844,0.0,-0.0,284.7387390136719,0.9990000128746032,0.6232053637504578,0.5566864609718323,297.4247436523437,297.1499938964844,293.1499938964844,0.0,-0.0,284.7392883300781,0.9285858869552612,0.4666262567043304,0.3270867466926574,297.2110900878906,297.1499938964844,293.1499938964844,0.0,-0.0,284.7404479980469,0.8286563754081726,0.33193039894104,0.3168878853321075,297.1820373535156,297.1499938964844,293.1499938964844,0.0,-0.0,284.7425537109375,0.7283644080162048,0.2222345471382141,1.0131512880325315,284.73931884765625,284.95001220703125,300.1929931640625,287.798095703125,298.2252197265625,297.3087158203125,284.7339782714844,1.0,0.582640528678894,0.4257881641387939,0.4257881641387939,1.0,1.0,-3.122309446334839,0.9938092231750488,2.12850022315979,0.2906574606895447,0.9000880718231201,0.9000880718231201,0.0,146.5383758544922,169.0,43168.80859375,0.0,2513.9814453125,1.0,280.3908386230469,283.2216186523437,290.8760070800781,293.68768310546875,293.1499938964844,293.1499938964844,280.3500061035156,36145.49609375,36000.0,313.1499938964844,0.0,18000.0,1.0,0.0,0.0,0.0,1.0,0.9804256558418274,1.0,0.0,0.0,3.662393569946289,3.6624176502227774,8.95000539458124e-07,4.265924453735352,4.265914440155029,9.78592834144365e-06,0.0,0.0,-0.0,5923.88720703125,0.0,1548.093017578125,1895.4371337890625,0.0,4132.42236328125,0.9081050157546996,1.0,0.0,3.0,1.0,0.0
12147720,297.0796203613281,297.1499938964844,293.1499938964844,0.0,-0.0,284.7135314941406,0.8930918574333191,0.4261277914047241,0.3855849206447601,297.3065185546875,297.1499938964844,293.1499938964844,0.0,-0.0,284.7135009765625,0.9990000128746032,0.6203069090843201,0.567693293094635,297.41778564453125,297.1499938964844,293.1499938964844,0.0,-0.0,284.7135314941406,0.9222767949104308,0.467475414276123,0.327764481306076,297.20458984375,297.1499938964844,293.1499938964844,0.0,-0.0,284.7135925292969,0.8235190510749817,0.3316326141357422,0.3167513906955719,297.17626953125,297.1499938964844,293.1499938964844,0.0,-0.0,284.7137451171875,0.7237519025802612,0.2218469977378845,1.0121818780899048,284.7135314941406,284.95001220703125,300.1860046386719,287.8266906738281,298.2059631347656,297.28497314453125,284.7134094238281,1.0,0.5863054394721985,0.4251838624477386,0.4251838624477386,1.0,1.0,-3.133927345275879,0.9965500831604004,2.1373772621154785,0.2908482253551483,0.8984047174453735,0.8984047174453735,0.0,150.3264923095703,172.0,43346.38671875,0.0,2556.62646484375,1.0,280.3581237792969,283.1917724609375,290.877197265625,293.658447265625,293.1499938964844,293.1499938964844,280.6499938964844,36223.7109375,36000.0,313.1499938964844,0.0,18000.0,1.0,0.0,0.0,0.0,1.0,0.9834757447242736,1.0,0.0,0.0,3.657921075820923,3.657945156097412,8.928159900278843e-07,4.265924453735352,4.265914440155029,9.78592834144365e-06,0.0,0.0,-0.0,5548.2294921875,0.0,1543.676513671875,1895.4371337890625,0.0,4158.8623046875,0.9071874618530272,1.0,0.0,3.0,1.0,0.0
12147780,297.0819702148437,297.1499938964844,293.1499938964844,0.0,-0.0,284.9166259765625,0.8810163736343384,0.4254484176635742,0.3846729397773742,297.2356872558594,297.1499938964844,293.1499938964844,0.0,-0.0,284.9169616699219,0.9978028535842896,0.6150727272033691,0.5838779807090759,297.4194030761719,297.1499938964844,293.1499938964844,0.0,-0.0,284.9167175292969,0.9115871787071228,0.4710069000720978,0.3300421833992004,297.2015380859375,297.1499938964844,293.1499938964844,0.0,-0.0,284.91632080078125,0.8140875697135925,0.3319986164569855,0.3170221745967865,297.1712951660156,297.1499938964844,293.1499938964844,0.0,-0.0,284.91558837890625,0.7150591015815735,0.2216634601354599,1.011496663093567,284.9167175292969,284.95001220703125,300.1700134277344,287.8939819335937,298.1803894042969,297.2580871582031,284.9186706542969,1.0,0.5932030081748962,0.4238104224205017,0.4238104224205017,1.0,1.0,-3.154472589492798,1.0005687475204468,2.153903722763061,0.2905578315258026,0.89958256483078,0.89958256483078,0.0,157.8837432861328,175.0,42667.9140625,0.0,2637.44873046875,1.0,280.6422119140625,283.42950439453125,290.8505249023437,293.519775390625,293.1499938964844,293.1499938964844,280.95001220703125,36084.71484375,36000.0,313.1499938964844,0.0,18000.0,1.0,0.0,0.0,0.0,1.0,0.9703476428985596,1.0,0.0,0.0,3.65385103225708,3.653875112533569,8.908302220334008e-07,4.265924453735352,4.265914440155029,9.78592834144365e-06,0.0,0.0,-0.0,5445.822265625,0.0,1538.0916748046875,1895.4371337890625,0.0,4044.27001953125,0.906212329864502,1.0,0.0,3.0,1.0,0.0
12147840,297.0819702148437,297.1499938964844,293.1499938964844,0.0,-0.0,284.9166259765625,0.8810163736343384,0.4254484176635742,0.3846729397773742,297.2356872558594,297.1499938964844,293.1499938964844,0.0,-0.0,284.9169616699219,0.9978028535842896,0.6150727272033691,0.5838779807090759,297.4194030761719,297.1499938964844,293.1499938964844,0.0,-0.0,284.9167175292969,0.9115871787071228,0.4710069000720978,0.3300421833992004,297.2015380859375,297.1499938964844,293.1499938964844,0.0,-0.0,284.91632080078125,0.8140875697135925,0.3319986164569855,0.3170221745967865,297.1712951660156,297.1499938964844,293.1499938964844,0.0,-0.0,284.91558837890625,0.7150591015815735,0.2216634601354599,1.011496663093567,284.9167175292969,284.95001220703125,300.1700134277344,287.8939819335937,298.1803894042969,297.2580871582031,284.9186706542969,1.0,0.5932030081748962,0.4238104224205017,0.4238104224205017,1.0,1.0,-3.154472589492798,1.0005687475204468,2.153903722763061,0.2905578315258026,0.89958256483078,0.89958256483078,0.0,157.8837432861328,175.0,42667.9140625,0.0,2637.44873046875,1.0,280.6422119140625,283.42950439453125,290.8505249023437,293.519775390625,293.1499938964844,293.1499938964844,280.95001220703125,36084.71484375,36000.0,313.1499938964844,0.0,18000.0,1.0,0.0,0.0,0.0,1.0,0.9703476428985596,1.0,0.0,0.0,3.65385103225708,3.653875112533569,8.908302220334008e-07,4.265924453735352,4.265914440155029,9.78592834144365e-06,0.0,0.0,-0.0,5445.822265625,0.0,1538.0916748046875,1895.4371337890625,0.0,4044.27001953125,0.906212329864502,1.0,0.0,3.0,1.0,0.0
12147900,297.08868408203125,297.1499938964844,293.1499938964844,0.0,-0.0,285.0675048828125,0.8751122951507568,0.4256743192672729,0.3848420977592468,297.21832275390625,297.1499938964844,293.1499938964844,0.0,-0.0,285.06890869140625,0.9921035766601562,0.6139012575149536,0.5823226571083069,297.4251708984375,297.1499938964844,293.1499938964844,0.0,-0.0,285.0679626464844,0.9064137935638428,0.4732785224914551,0.3316031396389007,297.20416259765625,297.1499938964844,293.1499938964844,0.0,-0.0,285.0661926269531,0.8092085719108582,0.3325805366039276,0.317588210105896,297.1723022460937,297.1499938964844,293.1499938964844,0.0,-0.0,285.0630187988281,0.7105361819267273,0.2218944877386093,1.0127198696136477,285.06793212890625,284.95001220703125,300.16192626953125,287.9286193847656,298.17578125,297.2571716308594,285.076416015625,1.0,0.5957326889038086,0.423123687505722,0.423123687505722,1.0,1.0,-3.1569089889526367,0.999707818031311,2.1572012901306152,0.2890423834323883,0.9018381834030152,0.9018381834030152,0.0,161.81629943847656,175.0,41874.27734375,0.0,2663.394775390625,1.0,280.8988952636719,283.6176452636719,290.84637451171875,293.4054870605469,293.1499938964844,293.1499938964844,280.95001220703125,35963.04296875,36000.0,313.1499938964844,0.0,18000.0,1.0,0.0,0.0,0.0,1.0,0.9600886702537536,1.0,0.0,0.0,3.654831886291504,3.654855966567993,8.913086730899522e-07,4.265924453735352,4.265914440155029,9.78592834144365e-06,0.0,0.0,-0.0,5625.8408203125,0.0,1538.2740478515625,1895.4371337890625,0.0,3953.376220703125,0.906385898590088,1.0,0.0,3.0,1.0,0.0
12147960,297.097412109375,297.1499938964844,293.1499938964844,0.0,-0.0,285.1239624023437,0.8715206980705261,0.4261426627635956,0.3853068947792053,297.2123718261719,297.1499938964844,293.1499938964844,0.0,-0.0,285.124267578125,0.988375186920166,0.6137445569038391,0.581873893737793,297.4329833984375,297.1499938964844,293.1499938964844,0.0,-0.0,285.12408447265625,0.9038304686546326,0.4757867455482483,0.3333733081817627,297.2088317871094,297.1499938964844,293.1499938964844,0.0,-0.0,285.1236877441406,0.8062509894371033,0.3333823680877685,0.3183740377426147,297.17529296875,297.1499938964844,293.1499938964844,0.0,-0.0,285.1230163574219,0.7077476978302002,0.2223306596279144,1.014805555343628,285.1240539550781,284.95001220703125,300.15380859375,287.9637451171875,298.17535400390625,297.2617492675781,285.1259765625,1.0,0.5980719923973083,0.422603577375412,0.422603577375412,1.0,1.0,-3.162503719329834,1.0003951787948608,2.162108421325684,0.2883923053741455,0.903605580329895,0.903605580329895,0.0,164.6694793701172,178.0,41863.10546875,0.0,2689.921630859375,1.0,280.94189453125,283.6731872558594,290.9025573730469,293.5042724609375,293.1499938964844,293.1499938964844,280.6499938964844,35860.69140625,36000.0,313.1499938964844,0.0,18000.0,1.0,0.0,0.0,0.0,1.0,0.9547038674354552,1.0,0.0,0.0,3.6583545207977295,3.6583786010742174,8.930275612328842e-07,4.265924453735352,4.265914440155029,9.78592834144365e-06,0.0,0.0,-0.0,6047.314453125,0.0,1541.4384765625,1895.4371337890625,0.0,3905.237548828125,0.9070714116096495,1.0,0.0,3.0,1.0,0.0
12148020,297.0955810546875,297.1499938964844,293.1499938964844,0.0,-0.0,284.9609069824219,0.8645246028900146,0.4253178834915161,0.3852656185626983,297.1956481933594,297.1499938964844,293.1499938964844,0.0,-0.0,284.96075439453125,0.9815041422843932,0.6128551363945007,0.581459641456604,297.4324645996094,297.1499938964844,293.1499938964844,0.0,-0.0,284.9608459472656,0.8991118669509888,0.4793412983417511,0.3363115191459656,297.2083740234375,297.1499938964844,293.1499938964844,0.0,-0.0,284.9610595703125,0.8006572723388672,0.3340951800346374,0.3195329308509826,297.1751708984375,297.1499938964844,293.1499938964844,0.0,-0.0,284.9613952636719,0.7025894522666931,0.2226488441228866,1.018072247505188,284.9608459472656,284.95001220703125,300.1374206542969,288.03515625,298.1661682128906,297.2589111328125,284.9599914550781,1.0,0.6020521521568298,0.4215633571147918,0.4215633571147918,1.0,1.0,-3.170821189880371,1.0007411241531372,2.1700799465179443,0.2869738340377807,0.9024071097373962,0.9024071097373962,0.0,169.9011688232422,181.0,42908.41015625,0.0,2734.86767578125,1.0,280.6577453613281,283.4618835449219,291.0687255859375,293.8031616210937,293.1499938964844,293.1499938964844,280.3500061035156,35964.65234375,36000.0,313.1499938964844,0.0,18000.0,1.0,0.0,0.0,0.0,1.0,0.9658266305923462,1.0,0.0,0.0,3.660413980484009,3.660438060760498,8.940332918427885e-07,4.265924453735352,4.265914440155029,9.78592834144365e-06,0.0,0.0,-0.0,6230.55322265625,0.0,1544.520263671875,1895.4371337890625,0.0,4004.3515625,0.907575786113739,1.0,0.0,3.0,1.0,0.0
12148080,297.0955810546875,297.1499938964844,293.1499938964844,0.0,-0.0,284.9609069824219,0.8645246028900146,0.4253178834915161,0.3852656185626983,297.1956481933594,297.1499938964844,293.1499938964844,0.0,-0.0,284.96075439453125,0.9815041422843932,0.6128551363945007,0.581459641456604,297.4324645996094,297.1499938964844,293.1499938964844,0.0,-0.0,284.9608459472656,0.8991118669509888,0.4793412983417511,0.3363115191459656,297.2083740234375,297.1499938964844,293.1499938964844,0.0,-0.0,284.9610595703125,0.8006572723388672,0.3340951800346374,0.3195329308509826,297.1751708984375,297.1499938964844,293.1499938964844,0.0,-0.0,284.9613952636719,0.7025894522666931,0.2226488441228866,1.018072247505188,284.9608459472656,284.95001220703125,300.1374206542969,288.03515625,298.1661682128906,297.2589111328125,284.9599914550781,1.0,0.6020521521568298,0.4215633571147918,0.4215633571147918,1.0,1.0,-3.170821189880371,1.0007411241531372,2.1700799465179443,0.2869738340377807,0.9024071097373962,0.9024071097373962,0.0,169.9011688232422,181.0,42908.41015625,0.0,2734.86767578125,1.0,280.6577453613281,283.4618835449219,291.0687255859375,293.8031616210937,293.1499938964844,293.1499938964844,280.3500061035156,35964.65234375,36000.0,313.1499938964844,0.0,18000.0,1.0,0.0,0.0,0.0,1.0,0.9658266305923462,1.0,0.0,0.0,3.660413980484009,3.660438060760498,8.940332918427885e-07,4.265924453735352,4.265914440155029,9.78592834144365e-06,0.0,0.0,-0.0,6230.55322265625,0.0,1544.520263671875,1895.4371337890625,0.0,4004.3515625,0.907575786113739,1.0,0.0,3.0,1.0,0.0
12148140,297.080322265625,297.1499938964844,293.1499938964844,0.0,-0.0,284.77362060546875,0.8562024831771851,0.4230901300907135,0.3837181031703949,297.1712951660156,297.1499938964844,293.1499938964844,0.0,-0.0,284.7734375,0.9732699394226074,0.6109707951545715,0.5801148414611816,297.4198608398437,297.1499938964844,293.1499938964844,0.0,-0.0,284.7735595703125,0.89307701587677,0.4816517531871795,0.3382393717765808,297.19805908203125,297.1499938964844,293.1499938964844,0.0,-0.0,284.7738037109375,0.7938512563705444,0.3337990939617157,0.3196726441383362,297.1673889160156,297.1499938964844,293.1499938964844,0.0,-0.0,284.77423095703125,0.6962506175041199,0.222187727689743,1.0178205966949463,284.7735595703125,284.95001220703125,300.1208190917969,288.107421875,298.1495056152344,297.2458190917969,284.7724304199219,1.0,0.6048546433448792,0.4205231368541717,0.4205231368541717,1.0,1.0,-3.1695353984832764,0.99757581949234,2.171959638595581,0.2841579914093017,0.8984870314598083,0.8984870314598083,0.0,175.26400756835938,184.0,43856.76171875,0.0,2761.294189453125,1.0,280.358154296875,283.2287292480469,291.154052734375,293.9703674316406,293.1499938964844,293.1499938964844,280.6499938964844,36164.046875,36000.0,313.1499938964844,0.0,18000.0,1.0,0.0,0.0,0.0,1.0,0.9786280393600464,1.0,0.0,0.0,3.654958963394165,3.6549830436706543,8.913706324165105e-07,4.265924453735352,4.265914440155029,9.78592834144365e-06,0.0,0.0,-0.0,5653.447265625,0.0,1539.9217529296875,1895.4371337890625,0.0,4116.78662109375,0.9064844846725464,1.0,0.0,3.0,1.0,0.0
12148200,297.080322265625,297.1499938964844,293.1499938964844,0.0,-0.0,284.77362060546875,0.8562024831771851,0.4230901300907135,0.3837181031703949,297.1712951660156,297.1499938964844,293.1499938964844,0.0,-0.0,284.7734375,0.9732699394226074,0.6109707951545715,0.5801148414611816,297.4198608398437,297.1499938964844,293.1499938964844,0.0,-0.0,284.7735595703125,0.89307701587677,0.4816517531871795,0.3382393717765808,297.19805908203125,297.1499938964844,293.1499938964844,0.0,-0.0,284.7738037109375,0.7938512563705444,0.3337990939617157,0.3196726441383362,297.1673889160156,297.1499938964844,293.1499938964844,0.0,-0.0,284.77423095703125,0.6962506175041199,0.222187727689743,1.0178205966949463,284.7735595703125,284.95001220703125,300.1208190917969,288.107421875,298.1495056152344,297.2458190917969,284.7724304199219,1.0,0.6048546433448792,0.4205231368541717,0.4205231368541717,1.0,1.0,-3.1695353984832764,0.99757581949234,2.171959638595581,0.2841579914093017,0.8984870314598083,0.8984870314598083,0.0,175.26400756835938,184.0,43856.76171875,0.0,2761.294189453125,1.0,280.358154296875,283.2287292480469,291.154052734375,293.9703674316406,293.1499938964844,293.1499938964844,280.6499938964844,36164.046875,36000.0,313.1499938964844,0.0,18000.0,1.0,0.0,0.0,0.0,1.0,0.9786280393600464,1.0,0.0,0.0,3.654958963394165,3.6549830436706543,8.913706324165105e-07,4.265924453735352,4.265914440155029,9.78592834144365e-06,0.0,0.0,-0.0,5653.447265625,0.0,1539.9217529296875,1895.4371337890625,0.0,4116.78662109375,0.9064844846725464,1.0,0.0,3.0,1.0,0.0
12148260,297.0824890136719,297.1499938964844,293.1499938964844,0.0,-0.0,284.9564514160156,0.8506873250007629,0.4224034249782562,0.3827321529388428,297.1660461425781,297.1499938964844,293.1499938964844,0.0,-0.0,284.9566955566406,0.9674416780471802,0.6106796264648438,0.5794204473495483,297.4220886230469,297.1499938964844,293.1499938964844,0.0,-0.0,284.95654296875,0.8898231387138367,0.4852733910083771,0.3405107855796814,297.1962890625,297.1499938964844,293.1499938964844,0.0,-0.0,284.9562072753906,0.7893428206443787,0.3342103362083435,0.3199076354503631,297.1650390625,297.1499938964844,293.1499938964844,0.0,-0.0,284.95562744140625,0.6918665766716003,0.2221573442220688,1.017395257949829,284.95654296875,284.95001220703125,300.10406494140625,288.17974853515625,298.14288330078125,297.2462463378906,284.9581604003906,1.0,0.6071116924285889,0.4197728335857391,0.4197728335857391,1.0,1.0,-3.170004367828369,0.9957895874977112,2.1742148399353027,0.2820650041103363,0.9000481367111206,0.9000481367111206,0.0,179.1391143798828,187.0,42977.03125,0.0,2783.225830078125,1.0,280.6422424316406,283.4506530761719,291.1323547363281,293.8260803222656,293.1499938964844,293.1499938964844,280.95001220703125,36031.1171875,36000.0,313.1499938964844,0.0,18000.0,1.0,0.0,0.0,0.0,1.0,0.9648436903953552,1.0,0.0,0.0,3.6529483795166016,3.652972459793091,8.903902539714181e-07,4.265924453735352,4.265914440155029,9.78592834144365e-06,0.0,0.0,-0.0,5536.45166015625,0.0,1536.684326171875,1895.4371337890625,0.0,3995.643798828125,0.905972421169281,1.0,0.0,3.0,1.0,0.0
12148320,297.0824890136719,297.1499938964844,293.1499938964844,0.0,-0.0,284.9564514160156,0.8506873250007629,0.4224034249782562,0.3827321529388428,297.1660461425781,297.1499938964844,293.1499938964844,0.0,-0.0,284.9566955566406,0.9674416780471802,0.6106796264648438,0.5794204473495483,297.4220886230469,297.1499938964844,293.1499938964844,0.0,-0.0,284.95654296875,0.8898231387138367,0.4852733910083771,0.3405107855796814,297.1962890625,297.1499938964844,293.1499938964844,0.0,-0.0,284.9562072753906,0.7893428206443787,0.3342103362083435,0.3199076354503631,297.1650390625,297.1499938964844,293.1499938964844,0.0,-0.0,284.95562744140625,0.6918665766716003,0.2221573442220688,1.017395257949829,284.95654296875,284.95001220703125,300.10406494140625,288.17974853515625,298.14288330078125,297.2462463378906,284.9581604003906,1.0,0.6071116924285889,0.4197728335857391,0.4197728335857391,1.0,1.0,-3.170004367828369,0.9957895874977112,2.1742148399353027,0.2820650041103363,0.9000481367111206,0.9000481367111206,0.0,179.1391143798828,187.0,42977.03125,0.0,2783.225830078125,1.0,280.6422424316406,283.4506530761719,291.1323547363281,293.8260803222656,293.1499938964844,293.1499938964844,280.95001220703125,36031.1171875,36000.0,313.1499938964844,0.0,18000.0,1.0,0.0,0.0,0.0,1.0,0.9648436903953552,1.0,0.0,0.0,3.6529483795166016,3.652972459793091,8.903902539714181e-07,4.265924453735352,4.265914440155029,9.78592834144365e-06,0.0,0.0,-0.0,5536.45166015625,0.0,1536.684326171875,1895.4371337890625,0.0,3995.643798828125,0.905972421169281,1.0,0.0,3.0,1.0,0.0
12148380,297.0984191894531,297.1499938964844,293.1499938964844,0.0,-0.0,285.162841796875,0.8488970994949341,0.4231510460376739,0.3832195401191711,297.17822265625,297.1499938964844,293.1499938964844,0.0,-0.0,285.16314697265625,0.9655162692070008,0.6121047735214233,0.5804948210716248,297.43701171875,297.1499938964844,293.1499938964844,0.0,-0.0,285.1629943847656,0.890377402305603,0.4902210831642151,0.3438063859939575,297.20477294921875,297.1499938964844,293.1499938964844,0.0,-0.0,285.16259765625,0.7882546782493591,0.3356505930423736,0.3211234807968139,297.1711120605469,297.1499938964844,293.1499938964844,0.0,-0.0,285.16192626953125,0.6906805634498596,0.2229553759098053,1.0204521417617798,285.1629638671875,284.95001220703125,300.0871276855469,288.2513427734375,298.1455078125,297.259521484375,285.16485595703125,1.0,0.6098088026046753,0.4190225303173065,0.4190225303173065,1.0,1.0,-3.1809723377227783,0.9978302121162416,2.1831421852111816,0.2814933359622955,0.9045811891555786,0.9045811891555786,0.0,181.3751983642578,190.0,42199.53515625,0.0,2817.6953125,1.0,280.9418029785156,283.6942749023437,291.1878662109375,293.8124694824219,293.1499938964844,293.1499938964844,280.6499938964844,35806.34375,36000.0,313.1499938964844,0.0,18000.0,1.0,0.0,0.0,0.0,1.0,0.9486439824104308,1.0,0.0,0.0,3.659458160400391,3.65948224067688,8.935664936871035e-07,4.265924453735352,4.265914440155029,9.78592834144365e-06,0.0,0.0,-0.0,6146.74951171875,0.0,1542.2640380859375,1895.4371337890625,0.0,3850.737548828125,0.9072811603546144,1.0,0.0,3.0,1.0,0.0
12148440,297.0984191894531,297.1499938964844,293.1499938964844,0.0,-0.0,285.162841796875,0.8488970994949341,0.4231510460376739,0.3832195401191711,297.17822265625,297.1499938964844,293.1499938964844,0.0,-0.0,285.16314697265625,0.9655162692070008,0.6121047735214233,0.5804948210716248,297.43701171875,297.1499938964844,293.1499938964844,0.0,-0.0,285.1629943847656,0.890377402305603,0.4902210831642151,0.3438063859939575,297.20477294921875,297.1499938964844,293.1499938964844,0.0,-0.0,285.16259765625,0.7882546782493591,0.3356505930423736,0.3211234807968139,297.1711120605469,297.1499938964844,293.1499938964844,0.0,-0.0,285.16192626953125,0.6906805634498596,0.2229553759098053,1.0204521417617798,285.1629638671875,284.95001220703125,300.0871276855469,288.2513427734375,298.1455078125,297.259521484375,285.16485595703125,1.0,0.6098088026046753,0.4190225303173065,0.4190225303173065,1.0,1.0,-3.1809723377227783,0.9978302121162416,2.1831421852111816,0.2814933359622955,0.9045811891555786,0.9045811891555786,0.0,181.3751983642578,190.0,42199.53515625,0.0,2817.6953125,1.0,280.9418029785156,283.6942749023437,291.1878662109375,293.8124694824219,293.1499938964844,293.1499938964844,280.6499938964844,35806.34375,36000.0,313.1499938964844,0.0,18000.0,1.0,0.0,0.0,0.0,1.0,0.9486439824104308,1.0,0.0,0.0,3.659458160400391,3.65948224067688,8.935664936871035e-07,4.265924453735352,4.265914440155029,9.78592834144365e-06,0.0,0.0,-0.0,6146.74951171875,0.0,1542.2640380859375,1895.4371337890625,0.0,3850.737548828125,0.9072811603546144,1.0,0.0,3.0,1.0,0.0
12148500,297.1007080078125,297.1499938964844,293.1499938964844,0.0,-0.0,285.0412902832031,0.848029375076294,0.4230575561523437,0.3834917843341827,297.1798400878906,297.1499938964844,293.1499938964844,0.0,-0.0,285.04010009765625,0.964621901512146,0.6124469041824341,0.581163227558136,297.4397277832031,297.1499938964844,293.1499938964844,0.0,-0.0,285.0407409667969,0.8906846046447754,0.4923117458820343,0.3454959094524383,297.206787109375,297.1499938964844,293.1499938964844,0.0,-0.0,285.0423278808594,0.7878071665763855,0.336198627948761,0.321843683719635,297.1730651855469,297.1499938964844,293.1499938964844,0.0,-0.0,285.04498291015625,0.6902363896369934,0.2232828438282013,1.0225886106491089,285.0408935546875,284.95001220703125,300.0785827636719,288.2865905761719,298.14422607421875,297.262451171875,285.0339660644531,1.0,0.6113096475601196,0.4186473786830902,0.4186473786830902,1.0,1.0,-3.187575340270996,0.9992414712905884,2.1883339881896973,0.2814727425575256,0.9040246605873108,0.9040246605873108,0.0,182.5552673339844,190.0,43116.8515625,0.0,2837.636474609375,1.0,280.6983642578125,283.5294189453125,291.30926513671875,294.085205078125,293.1499938964844,293.1499938964844,280.6499938964844,35853.2890625,36000.0,313.1499938964844,0.0,18000.0,1.0,0.0,0.0,0.0,1.0,0.9553896188735962,1.0,0.0,0.0,3.6624972820281982,3.6625216007232666,8.950513006311667e-07,4.265924453735352,4.265914440155029,9.78592834144365e-06,0.0,0.0,-0.0,6009.68115234375,0.0,1546.0155029296875,1895.4371337890625,0.0,3911.384033203125,0.9079391360282898,1.0,0.0,3.0,1.0,0.0
12148560,297.09722900390625,297.1499938964844,293.1499938964844,0.0,-0.0,284.9997863769531,0.8458802700042725,0.422402948141098,0.3831569254398346,297.17529296875,297.1499938964844,293.1499938964844,0.0,-0.0,284.9996337890625,0.9623258113861084,0.6121900081634521,0.5812077522277832,297.4373474121094,297.1499938964844,293.1499938964844,0.0,-0.0,284.9997253417969,0.8896612524986267,0.493912011384964,0.346779316663742,297.2051086425781,297.1499938964844,293.1499938964844,0.0,-0.0,284.9999389648437,0.7862227559089661,0.3363924622535705,0.3222252130508423,297.1722717285156,297.1499938964844,293.1499938964844,0.0,-0.0,285.0002746582031,0.6887646317481995,0.2233506143093109,1.023683786392212,284.999755859375,284.95001220703125,300.07000732421875,288.3214111328125,298.1391296386719,297.2601013183594,284.9989013671875,1.0,0.6126644611358643,0.418241947889328,0.418241947889328,1.0,1.0,-3.1905517578125,0.9992594122886658,2.191292285919189,0.2808867990970611,0.903903067111969,0.903903067111969,0.0,184.33523559570312,193.0,43266.9296875,0.0,2853.444580078125,1.0,280.6575927734375,283.482666015625,291.3549499511719,294.1146545410156,293.1499938964844,293.1499938964844,280.3500061035156,35907.73828125,36000.0,313.1499938964844,0.0,18000.0,1.0,0.0,0.0,0.0,1.0,0.9597437977790833,1.0,0.0,0.0,3.6636343002319336,3.663658380508423,8.956070587373688e-07,4.265924453735352,4.265914440155029,9.78592834144365e-06,0.0,0.0,-0.0,6332.35498046875,0.0,1547.6973876953125,1895.4371337890625,0.0,3950.3017578125,0.90825754404068,1.0,0.0,3.0,1.0,0.0
12148620,297.0824279785156,297.1499938964844,293.1499938964844,0.0,-0.0,284.8122253417969,0.8400765061378479,0.4202426373958587,0.3816278874874115,297.1564636230469,297.1499938964844,293.1499938964844,0.0,-0.0,284.8120422363281,0.9557887315750122,0.6106162667274475,0.5802221894264221,297.4251708984375,297.1499938964844,293.1499938964844,0.0,-0.0,284.8121337890625,0.8859952092170715,0.4963279366493225,0.3487490117549896,297.1952209472656,297.1499938964844,293.1499938964844,0.0,-0.0,284.8124084472656,0.7815567851066589,0.3360987305641174,0.322326511144638,297.16522216796875,297.1499938964844,293.1499938964844,0.0,-0.0,284.8128356933594,0.6843672394752502,0.2229274064302444,1.0234220027923584,284.8121643066406,284.95001220703125,300.0526733398437,288.38922119140625,298.123779296875,297.2484130859375,284.81103515625,1.0,0.6148685216903687,0.4174310564994812,0.4174310564994812,1.0,1.0,-3.1897127628326416,0.996825873851776,2.1928870677948,0.278703361749649,0.9004961252212524,0.9004961252212524,0.0,188.5546722412109,196.0,44229.33984375,0.0,2874.689208984375,1.0,280.3581237792969,283.24884033203125,291.43701171875,294.2806396484375,293.1499938964844,293.1499938964844,280.04998779296875,36104.21875,36000.0,313.1499938964844,0.0,18000.0,1.0,0.0,0.0,0.0,1.0,0.9727773666381836,1.0,0.0,0.0,3.660402774810791,3.66042685508728,8.940278348745778e-07,4.265924453735352,4.265914440155029,9.78592834144365e-06,0.0,0.0,-0.0,6466.42041015625,0.0,1545.554931640625,1895.4371337890625,0.0,4065.630615234375,0.9076609015464784,1.0,0.0,3.0,1.0,0.0
12148680,297.0824279785156,297.1499938964844,293.1499938964844,0.0,-0.0,284.8122253417969,0.8400765061378479,0.4202426373958587,0.3816278874874115,297.1564636230469,297.1499938964844,293.1499938964844,0.0,-0.0,284.8120422363281,0.9557887315750122,0.6106162667274475,0.5802221894264221,297.4251708984375,297.1499938964844,293.1499938964844,0.0,-0.0,284.8121337890625,0.8859952092170715,0.4963279366493225,0.3487490117549896,297.1952209472656,297.1499938964844,293.1499938964844,0.0,-0.0,284.8124084472656,0.7815567851066589,0.3360987305641174,0.322326511144638,297.16522216796875,297.1499938964844,293.1499938964844,0.0,-0.0,284.8128356933594,0.6843672394752502,0.2229274064302444,1.0234220027923584,284.8121643066406,284.95001220703125,300.0526733398437,288.38922119140625,298.123779296875,297.2484130859375,284.81103515625,1.0,0.6148685216903687,0.4174310564994812,0.4174310564994812,1.0,1.0,-3.1897127628326416,0.996825873851776,2.1928870677948,0.278703361749649,0.9004961252212524,0.9004961252212524,0.0,188.5546722412109,196.0,44229.33984375,0.0,2874.689208984375,1.0,280.3581237792969,283.24884033203125,291.43701171875,294.2806396484375,293.1499938964844,293.1499938964844,280.04998779296875,36104.21875,36000.0,313.1499938964844,0.0,18000.0,1.0,0.0,0.0,0.0,1.0,0.9727773666381836,1.0,0.0,0.0,3.660402774810791,3.66042685508728,8.940278348745778e-07,4.265924453735352,4.265914440155029,9.78592834144365e-06,0.0,0.0,-0.0,6466.42041015625,0.0,1545.554931640625,1895.4371337890625,0.0,4065.630615234375,0.9076609015464784,1.0,0.0,3.0,1.0,0.0
12148740,297.06427001953125,297.1499938964844,293.1499938964844,0.0,-0.0,284.6326599121094,0.8336971998214722,0.4175489246845245,0.3794887065887451,297.1324157714844,297.1499938964844,293.1499938964844,0.0,-0.0,284.6324768066406,0.948164701461792,0.6082631349563599,0.5783496499061584,297.4093322753906,297.1499938964844,293.1499938964844,0.0,-0.0,284.632568359375,0.881653904914856,0.4982112348079681,0.3502613008022308,297.1811828613281,297.1499938964844,293.1499938964844,0.0,-0.0,284.6328125,0.7761796116828918,0.3352506160736084,0.3218201994895935,297.1540832519531,297.1499938964844,293.1499938964844,0.0,-0.0,284.6332092285156,0.6791641712188721,0.2219950556755066,1.02061128616333,284.6325988769531,284.95001220703125,300.0351867675781,288.4539794921875,298.105712890625,297.23321533203125,284.63153076171875,1.0,0.6163772940635681,0.4166201949119568,0.4166201949119568,1.0,1.0,-3.1827242374420166,0.9921724796295166,2.1905517578125,0.2756166160106659,0.8947528004646301,0.8947528004646301,0.0,192.9181671142578,199.0,45286.48828125,0.0,2883.984619140625,1.0,280.0582275390625,283.0272827148437,291.4935302734375,294.4067077636719,293.1499938964844,293.1499938964844,280.3500061035156,36340.15234375,36000.0,313.1499938964844,0.0,18000.0,1.0,0.0,0.0,0.0,1.0,0.9833008646965028,1.0,0.0,0.0,3.648386955261232,3.64841103553772,8.88167903667636e-07,4.265924453735352,4.265914440155029,9.78592834144365e-06,0.0,0.0,-0.0,5867.37939453125,0.0,1533.9185791015625,1895.4371337890625,0.0,4157.349609375,0.9051332473754884,1.0,0.0,3.0,1.0,0.0
12148800,297.06427001953125,297.1499938964844,293.1499938964844,0.0,-0.0,284.6326599121094,0.8336971998214722,0.4175489246845245,0.3794887065887451,297.1324157714844,297.1499938964844,293.1499938964844,0.0,-0.0,284.6324768066406,0.948164701461792,0.6082631349563599,0.5783496499061584,297.4093322753906,297.1499938964844,293.1499938964844,0.0,-0.0,284.632568359375,0.881653904914856,0.4982112348079681,0.3502613008022308,297.1811828613281,297.1499938964844,293.1499938964844,0.0,-0.0,284.6328125,0.7761796116828918,0.3352506160736084,0.3218201994895935,297.1540832519531,297.1499938964844,293.1499938964844,0.0,-0.0,284.6332092285156,0.6791641712188721,0.2219950556755066,1.02061128616333,284.6325988769531,284.95001220703125,300.0351867675781,288.4539794921875,298.105712890625,297.23321533203125,284.63153076171875,1.0,0.6163772940635681,0.4166201949119568,0.4166201949119568,1.0,1.0,-3.1827242374420166,0.9921724796295166,2.1905517578125,0.2756166160106659,0.8947528004646301,0.8947528004646301,0.0,192.9181671142578,199.0,45286.48828125,0.0,2883.984619140625,1.0,280.0582275390625,283.0272827148437,291.4935302734375,294.4067077636719,293.1499938964844,293.1499938964844,280.3500061035156,36340.15234375,36000.0,313.1499938964844,0.0,18000.0,1.0,0.0,0.0,0.0,1.0,0.9833008646965028,1.0,0.0,0.0,3.648386955261232,3.64841103553772,8.88167903667636e-07,4.265924453735352,4.265914440155029,9.78592834144365e-06,0.0,0.0,-0.0,5867.37939453125,0.0,1533.9185791015625,1895.4371337890625,0.0,4157.349609375,0.9051332473754884,1.0,0.0,3.0,1.0,0.0
12148860,297.0629577636719,297.1499938964844,293.1499938964844,0.0,-0.0,284.7803955078125,0.8305181264877319,0.4167130291461944,0.3784037232398987,297.126953125,297.1499938964844,293.1499938964844,0.0,-0.0,284.7811889648437,0.9442186951637268,0.6075685620307922,0.5773546099662781,297.4084167480469,297.1499938964844,293.1499938964844,0.0,-0.0,284.78082275390625,0.8798168301582336,0.500211775302887,0.3514142632484436,297.17755126953125,297.1499938964844,293.1499938964844,0.0,-0.0,284.7797546386719,0.773497462272644,0.3351387977600097,0.3215597867965698,297.1504211425781,297.1499938964844,293.1499938964844,0.0,-0.0,284.7779846191406,0.6764646768569946,0.2216598987579345,1.0187524557113647,284.7806701660156,284.95001220703125,300.0238952636719,288.4935302734375,298.0997009277344,297.23101806640625,284.78533935546875,1.0,0.6171786785125732,0.4162243008613586,0.4162243008613586,1.0,1.0,-3.179051637649536,0.9898014068603516,2.189250230789185,0.2739147245883941,0.8946408033370972,0.8946408033370972,0.0,195.1651153564453,199.0,44266.265625,0.0,2888.609130859375,1.0,280.3207397460937,283.21490478515625,291.44268798828125,294.2088317871094,293.1499938964844,293.1499938964844,280.3500061035156,36267.375,36000.0,313.1499938964844,0.0,18000.0,1.0,0.0,0.0,0.0,1.0,0.9726428985595704,1.0,0.0,0.0,3.6415843963623047,3.641608476638794,8.848589914123295e-07,4.265924453735352,4.265914440155029,9.78592834144365e-06,0.0,0.0,-0.0,6042.255859375,0.0,1525.8218994140625,1895.4371337890625,0.0,4064.4501953125,0.9036096334457396,1.0,0.0,3.0,1.0,0.0
12148920,297.0657043457031,297.1499938964844,293.1499938964844,0.0,-0.0,284.8077392578125,0.8295906186103821,0.4165853857994079,0.3782200515270233,297.1279296875,297.1499938964844,293.1499938964844,0.0,-0.0,284.8080139160156,0.9430437088012696,0.607558012008667,0.5772495269775391,297.4111328125,297.1499938964844,293.1499938964844,0.0,-0.0,284.8078918457031,0.8796939849853516,0.5016557574272156,0.3523643016815185,297.1780700683594,297.1499938964844,293.1499938964844,0.0,-0.0,284.8074951171875,0.7727756500244141,0.335312932729721,0.3216713070869446,297.1503601074219,297.1499938964844,293.1499938964844,0.0,-0.0,284.806884765625,0.675674319267273,0.2216566354036331,1.0185554027557373,284.8078308105469,284.95001220703125,300.0174865722656,288.5150146484375,298.0986022949219,297.2330017089844,284.8095092773437,1.0,0.6177429556846619,0.4160016179084778,0.4160016179084778,1.0,1.0,-3.179739236831665,0.9894700050354004,2.1902692317962646,0.2733542323112488,0.8942665457725525,0.8942665457725525,0.0,195.99560546875,202.0,44220.8359375,0.0,2894.543701171875,1.0,280.3421325683594,283.2429504394531,291.4637145996094,294.2429504394531,293.1499938964844,293.1499938964844,280.6499938964844,36234.14453125,36000.0,313.1499938964844,0.0,18000.0,1.0,0.0,0.0,0.0,1.0,0.9687900543212892,1.0,0.0,0.0,3.638848543167114,3.638872385025024,8.835298785925261e-07,4.265924453735352,4.265914440155029,9.78592834144365e-06,0.0,0.0,-0.0,5731.80517578125,0.0,1522.5438232421875,1895.4371337890625,0.0,4030.542724609375,0.9029580354690552,1.0,0.0,3.0,1.0,0.0
12148980,297.0811767578125,297.1499938964844,293.1499938964844,0.0,-0.0,285.01043701171875,0.8283781409263611,0.4170761704444885,0.3784573376178741,297.1405639648437,297.1499938964844,293.1499938964844,0.0,-0.0,285.0107421875,0.9415373206138612,0.6085458397865295,0.5779008865356445,297.42645263671875,297.1499938964844,293.1499938964844,0.0,-0.0,285.0105895996094,0.8808062672615051,0.5065056085586548,0.3555670976638794,297.18609619140625,297.1499938964844,293.1499938964844,0.0,-0.0,285.0101623535156,0.7721316814422607,0.336473673582077,0.3225943148136139,297.1559753417969,297.1499938964844,293.1499938964844,0.0,-0.0,285.0094909667969,0.6748365163803101,0.2222205549478531,1.0204168558120728,285.0105285644531,284.95001220703125,299.9996337890625,288.5715026855469,298.1010131835937,297.2460021972656,285.01251220703125,1.0,0.6197913885116577,0.4153830707073211,0.4153830707073211,1.0,1.0,-3.187996387481689,0.9908311367034912,2.1971652507781982,0.2726936936378479,0.8967251777648926,0.8967251777648926,0.0,197.72515869140625,205.0,43321.38671875,0.0,2921.083984375,1.0,280.64166259765625,283.4843139648437,291.5068664550781,294.2095642089844,293.1499938964844,293.1499938964844,280.95001220703125,36019.94140625,36000.0,313.1499938964844,0.0,18000.0,1.0,0.0,0.0,0.0,1.0,0.9524277448654176,1.0,0.0,0.0,3.637372970581055,3.637396812438965,8.828134809846233e-07,4.265924453735352,4.265914440155029,9.78592834144365e-06,0.0,0.0,-0.0,5651.64013671875,0.0,1519.3143310546875,1895.4371337890625,0.0,3884.806884765625,0.9024885296821594,1.0,0.0,3.0,1.0,0.0
12149040,297.0811767578125,297.1499938964844,293.1499938964844,0.0,-0.0,285.01043701171875,0.8283781409263611,0.4170761704444885,0.3784573376178741,297.1405639648437,297.1499938964844,293.1499938964844,0.0,-0.0,285.0107421875,0.9415373206138612,0.6085458397865295,0.5779008865356445,297.42645263671875,297.1499938964844,293.1499938964844,0.0,-0.0,285.0105895996094,0.8808062672615051,0.5065056085586548,0.3555670976638794,297.18609619140625,297.1499938964844,293.1499938964844,0.0,-0.0,285.0101623535156,0.7721316814422607,0.336473673582077,0.3225943148136139,297.1559753417969,297.1499938964844,293.1499938964844,0.0,-0.0,285.0094909667969,0.6748365163803101,0.2222205549478531,1.0204168558120728,285.0105285644531,284.95001220703125,299.9996337890625,288.5715026855469,298.1010131835937,297.2460021972656,285.01251220703125,1.0,0.6197913885116577,0.4153830707073211,0.4153830707073211,1.0,1.0,-3.187996387481689,0.9908311367034912,2.1971652507781982,0.2726936936378479,0.8967251777648926,0.8967251777648926,0.0,197.72515869140625,205.0,43321.38671875,0.0,2921.083984375,1.0,280.64166259765625,283.4843139648437,291.5068664550781,294.2095642089844,293.1499938964844,293.1499938964844,280.95001220703125,36019.94140625,36000.0,313.1499938964844,0.0,18000.0,1.0,0.0,0.0,0.0,1.0,0.9524277448654176,1.0,0.0,0.0,3.637372970581055,3.637396812438965,8.828134809846233e-07,4.265924453735352,4.265914440155029,9.78592834144365e-06,0.0,0.0,-0.0,5651.64013671875,0.0,1519.3143310546875,1895.4371337890625,0.0,3884.806884765625,0.9024885296821594,1.0,0.0,3.0,1.0,0.0
12149100,297.0908203125,297.1499938964844,293.1499938964844,0.0,-0.0,285.16229248046875,0.8281081318855286,0.4175827503204345,0.3788149058818817,297.14971923828125,297.1499938964844,293.1499938964844,0.0,-0.0,285.16375732421875,0.9412333965301514,0.609381377696991,0.5785639882087708,297.43621826171875,297.1499938964844,293.1499938964844,0.0,-0.0,285.16314697265625,0.8817210793495178,0.509211540222168,0.3573640286922455,297.1922302246094,297.1499938964844,293.1499938964844,0.0,-0.0,285.1611633300781,0.7721809148788452,0.3373015224933624,0.3232994079589844,297.1607971191406,297.1499938964844,293.1499938964844,0.0,-0.0,285.157958984375,0.6748271584510803,0.2227314114570617,1.0224134922027588,285.162841796875,284.95001220703125,299.9906311035156,288.59783935546875,298.10382080078125,297.2546691894531,285.1713562011719,1.0,0.6210894584655762,0.4150737822055816,0.4150737822055816,1.0,1.0,-3.194629192352295,0.9924076199531556,2.202221632003784,0.2727231979370117,0.8996247053146362,0.8996247053146362,0.0,198.52423095703125,205.0,42568.9921875,0.0,2939.2685546875,1.0,280.8984069824219,283.67364501953125,291.51416015625,294.11651611328125,293.1499938964844,293.1499938964844,280.95001220703125,35876.5234375,36000.0,313.1499938964844,0.0,18000.0,1.0,0.0,0.0,0.0,1.0,0.943092167377472,1.0,0.0,0.0,3.6401097774505615,3.640133619308472,8.841424232741701e-07,4.265924453735352,4.265914440155029,9.78592834144365e-06,0.0,0.0,-0.0,5842.251953125,0.0,1521.271484375,1895.4371337890625,0.0,3800.5234375,0.903038203716278,1.0,0.0,3.0,1.0,0.0
12149160,297.1013488769531,297.1499938964844,293.1499938964844,0.0,-0.0,285.21978759765625,0.8281586170196533,0.4182438254356384,0.3794032037258148,297.1602478027344,297.1499938964844,293.1499938964844,0.0,-0.0,285.2201232910156,0.941331386566162,0.6104154586791992,0.5795069932937622,297.4469909667969,297.1499938964844,293.1499938964844,0.0,-0.0,285.219970703125,0.8829767107963562,0.5120849609375,0.359345018863678,297.1994323730469,297.1499938964844,293.1499938964844,0.0,-0.0,285.21954345703125,0.7725462317466736,0.3382762968540191,0.3241920471191406,297.1667175292969,297.1499938964844,293.1499938964844,0.0,-0.0,285.2188415527344,0.6751468181610107,0.2233809679746627,1.0251734256744385,285.21990966796875,284.95001220703125,299.9815673828125,288.622802734375,298.1075134277344,297.2647399902344,285.22186279296875,1.0,0.6225916147232056,0.4147036671638489,0.4147036671638489,1.0,1.0,-3.2032411098480225,0.9945405721664428,2.208700656890869,0.2728694677352905,0.9020405411720276,0.9020405411720276,0.0,199.2401733398437,208.0,42589.4453125,0.0,2961.21875,1.0,280.9417724609375,283.7301940917969,291.5709228515625,294.2239990234375,293.1499938964844,293.1499938964844,280.6499938964844,35757.7265625,36000.0,313.1499938964844,0.0,18000.0,1.0,0.0,0.0,0.0,1.0,0.9392389059066772,1.0,0.0,0.0,3.645673036575317,3.645696878433228,8.868469763001485e-07,4.265924453735352,4.265914440155029,9.78592834144365e-06,0.0,0.0,-0.0,6273.82763671875,0.0,1526.5491943359375,1895.4371337890625,0.0,3765.522216796875,0.9041661620140076,1.0,0.0,3.0,1.0,0.0
12149220,297.101806640625,297.1499938964844,293.1499938964844,0.0,-0.0,285.0575561523437,0.8260260224342346,0.4176987707614898,0.3795439600944519,297.1605834960937,297.1499938964844,293.1499938964844,0.0,-0.0,285.0574035644531,0.938748061656952,0.6106090545654297,0.580369770526886,297.44970703125,297.1499938964844,293.1499938964844,0.0,-0.0,285.0574645996094,0.8830835223197937,0.5161461234092712,0.362603485584259,297.2019348144531,297.1499938964844,293.1499938964844,0.0,-0.0,285.0577087402344,0.7713136076927185,0.3391734957695007,0.3254707455635071,297.1703796386719,297.1499938964844,293.1499938964844,0.0,-0.0,285.0580749511719,0.6740648746490479,0.2239769846200943,1.0294173955917358,285.0574951171875,284.95001220703125,299.9633483886719,288.6681213378906,298.1025390625,297.2675170898437,285.0565795898437,1.0,0.6255967020988464,0.4139634370803833,0.4139634370803833,1.0,1.0,-3.2150206565856934,0.9967973828315736,2.2182233333587646,0.2726165056228637,0.9021405577659608,0.9021405577659608,0.0,202.0564422607422,211.0,43683.36328125,0.0,3001.4765625,1.0,280.6578369140625,283.51910400390625,291.7151794433594,294.5118408203125,293.1499938964844,293.1499938964844,280.3500061035156,35841.62890625,36000.0,313.1499938964844,0.0,18000.0,1.0,0.0,0.0,0.0,1.0,0.9532594084739684,1.0,0.0,0.0,3.652299404144287,3.652323484420776,8.900738635020389e-07,4.265924453735352,4.265914440155029,9.78592834144365e-06,0.0,0.0,-0.0,6456.68701171875,0.0,1534.5426025390625,1895.4371337890625,0.0,3892.27734375,0.9056767225265504,1.0,0.0,3.0,1.0,0.0
12149280,297.101806640625,297.1499938964844,293.1499938964844,0.0,-0.0,285.0575561523437,0.8260260224342346,0.4176987707614898,0.3795439600944519,297.1605834960937,297.1499938964844,293.1499938964844,0.0,-0.0,285.0574035644531,0.938748061656952,0.6106090545654297,0.580369770526886,297.44970703125,297.1499938964844,293.1499938964844,0.0,-0.0,285.0574645996094,0.8830835223197937,0.5161461234092712,0.362603485584259,297.2019348144531,297.1499938964844,293.1499938964844,0.0,-0.0,285.0577087402344,0.7713136076927185,0.3391734957695007,0.3254707455635071,297.1703796386719,297.1499938964844,293.1499938964844,0.0,-0.0,285.0580749511719,0.6740648746490479,0.2239769846200943,1.0294173955917358,285.0574951171875,284.95001220703125,299.9633483886719,288.6681213378906,298.1025390625,297.2675170898437,285.0565795898437,1.0,0.6255967020988464,0.4139634370803833,0.4139634370803833,1.0,1.0,-3.2150206565856934,0.9967973828315736,2.2182233333587646,0.2726165056228637,0.9021405577659608,0.9021405577659608,0.0,202.0564422607422,211.0,43683.36328125,0.0,3001.4765625,1.0,280.6578369140625,283.51910400390625,291.7151794433594,294.5118408203125,293.1499938964844,293.1499938964844,280.3500061035156,35841.62890625,36000.0,313.1499938964844,0.0,18000.0,1.0,0.0,0.0,0.0,1.0,0.9532594084739684,1.0,0.0,0.0,3.652299404144287,3.652323484420776,8.900738635020389e-07,4.265924453735352,4.265914440155029,9.78592834144365e-06,0.0,0.0,-0.0,6456.68701171875,0.0,1534.5426025390625,1895.4371337890625,0.0,3892.27734375,0.9056767225265504,1.0,0.0,3.0,1.0,0.0
12149340,297.08819580078125,297.1499938964844,293.1499938964844,0.0,-0.0,284.8785705566406,0.8211437463760376,0.4157170951366424,0.3781701028347015,297.14385986328125,297.1499938964844,293.1499938964844,0.0,-0.0,284.8783874511719,0.9325820207595824,0.609061062335968,0.5794134736061096,297.4390563964844,297.1499938964844,293.1499938964844,0.0,-0.0,284.8784484863281,0.8802587389945984,0.5188724994659424,0.3647878170013428,297.1932373046875,297.1499938964844,293.1499938964844,0.0,-0.0,284.87872314453125,0.7674806118011475,0.338958591222763,0.3256546258926391,297.164794921875,297.1499938964844,293.1499938964844,0.0,-0.0,284.879150390625,0.670498251914978,0.2236776053905487,1.0297597646713257,284.8785095214844,284.95001220703125,299.9449157714844,288.706787109375,298.0880126953125,297.257080078125,284.8773803710937,1.0,0.6279304623603821,0.4132232069969177,0.4132232069969177,1.0,1.0,-3.2154879570007324,0.994988739490509,2.220499038696289,0.2707693576812744,0.8996841907501221,0.8996841907501221,0.0,206.29022216796875,214.0,44833.90625,0.0,3025.70166015625,1.0,280.35821533203125,283.2950439453125,291.7672424316406,294.6578674316406,293.1499938964844,293.1499938964844,280.6499938964844,36020.43359375,36000.0,313.1499938964844,0.0,18000.0,1.0,0.0,0.0,0.0,1.0,0.9687052369117736,1.0,0.0,0.0,3.652122259140015,3.652146100997925,8.899874615053704e-07,4.265924453735352,4.265914440155029,9.78592834144365e-06,0.0,0.0,-0.0,5871.92724609375,0.0,1535.683837890625,1895.4371337890625,0.0,4029.79443359375,0.9057522416114808,1.0,0.0,3.0,1.0,0.0
12149400,297.08819580078125,297.1499938964844,293.1499938964844,0.0,-0.0,284.8785705566406,0.8211437463760376,0.4157170951366424,0.3781701028347015,297.14385986328125,297.1499938964844,293.1499938964844,0.0,-0.0,284.8783874511719,0.9325820207595824,0.609061062335968,0.5794134736061096,297.4390563964844,297.1499938964844,293.1499938964844,0.0,-0.0,284.8784484863281,0.8802587389945984,0.5188724994659424,0.3647878170013428,297.1932373046875,297.1499938964844,293.1499938964844,0.0,-0.0,284.87872314453125,0.7674806118011475,0.338958591222763,0.3256546258926391,297.164794921875,297.1499938964844,293.1499938964844,0.0,-0.0,284.879150390625,0.670498251914978,0.2236776053905487,1.0297597646713257,284.8785095214844,284.95001220703125,299.9449157714844,288.706787109375,298.0880126953125,297.257080078125,284.8773803710937,1.0,0.6279304623603821,0.4132232069969177,0.4132232069969177,1.0,1.0,-3.2154879570007324,0.994988739490509,2.220499038696289,0.2707693576812744,0.8996841907501221,0.8996841907501221,0.0,206.29022216796875,214.0,44833.90625,0.0,3025.70166015625,1.0,280.35821533203125,283.2950439453125,291.7672424316406,294.6578674316406,293.1499938964844,293.1499938964844,280.6499938964844,36020.43359375,36000.0,313.1499938964844,0.0,18000.0,1.0,0.0,0.0,0.0,1.0,0.9687052369117736,1.0,0.0,0.0,3.652122259140015,3.652146100997925,8.899874615053704e-07,4.265924453735352,4.265914440155029,9.78592834144365e-06,0.0,0.0,-0.0,5871.92724609375,0.0,1535.683837890625,1895.4371337890625,0.0,4029.79443359375,0.9057522416114808,1.0,0.0,3.0,1.0,0.0
12149460,297.0903625488281,297.1499938964844,293.1499938964844,0.0,-0.0,285.048583984375,0.8175109624862671,0.4151312708854675,0.3772982954978943,297.1416320800781,297.1499938964844,293.1499938964844,0.0,-0.0,285.0488586425781,0.9278895854949952,0.608730673789978,0.5787451267242432,297.44305419921875,297.1499938964844,293.1499938964844,0.0,-0.0,285.0487670898437,0.8788095712661743,0.522916316986084,0.3673354387283325,297.1920166015625,297.1499938964844,293.1499938964844,0.0,-0.0,285.0484313964844,0.7646490335464478,0.3393675684928894,0.3258895576000213,297.1634521484375,297.1499938964844,293.1499938964844,0.0,-0.0,285.0478820800781,0.6677120327949524,0.2237191945314407,1.0296653509140017,285.0487060546875,284.95001220703125,299.9263000488281,288.738037109375,298.0818786621094,297.25897216796875,285.0501403808594,1.0,0.6299577951431274,0.4123896360397339,0.4123896360397339,1.0,1.0,-3.2168562412261963,0.9932743906974792,2.2235817909240723,0.2685529589653015,0.9023793339729308,0.9023793339729308,0.0,209.65220642089844,217.0,43819.5703125,0.0,3047.091796875,1.0,280.6422119140625,283.5041809082031,291.7055969238281,294.4710693359375,293.1499938964844,293.1499938964844,280.3500061035156,35892.44140625,36000.0,313.1499938964844,0.0,18000.0,1.0,0.0,0.0,0.0,1.0,0.9580847024917604,1.0,0.0,0.0,3.655353307723999,3.655377388000488,8.915629905459355e-07,4.265924453735352,4.265914440155029,9.78592834144365e-06,0.0,0.0,-0.0,6440.3388671875,0.0,1538.32666015625,1895.4371337890625,0.0,3935.49462890625,0.9064128398895264,1.0,0.0,3.0,1.0,0.0
12149520,297.0903625488281,297.1499938964844,293.1499938964844,0.0,-0.0,285.048583984375,0.8175109624862671,0.4151312708854675,0.3772982954978943,297.1416320800781,297.1499938964844,293.1499938964844,0.0,-0.0,285.0488586425781,0.9278895854949952,0.608730673789978,0.5787451267242432,297.44305419921875,297.1499938964844,293.1499938964844,0.0,-0.0,285.0487670898437,0.8788095712661743,0.522916316986084,0.3673354387283325,297.1920166015625,297.1499938964844,293.1499938964844,0.0,-0.0,285.0484313964844,0.7646490335464478,0.3393675684928894,0.3258895576000213,297.1634521484375,297.1499938964844,293.1499938964844,0.0,-0.0,285.0478820800781,0.6677120327949524,0.2237191945314407,1.0296653509140017,285.0487060546875,284.95001220703125,299.9263000488281,288.738037109375,298.0818786621094,297.25897216796875,285.0501403808594,1.0,0.6299577951431274,0.4123896360397339,0.4123896360397339,1.0,1.0,-3.2168562412261963,0.9932743906974792,2.2235817909240723,0.2685529589653015,0.9023793339729308,0.9023793339729308,0.0,209.65220642089844,217.0,43819.5703125,0.0,3047.091796875,1.0,280.6422119140625,283.5041809082031,291.7055969238281,294.4710693359375,293.1499938964844,293.1499938964844,280.3500061035156,35892.44140625,36000.0,313.1499938964844,0.0,18000.0,1.0,0.0,0.0,0.0,1.0,0.9580847024917604,1.0,0.0,0.0,3.655353307723999,3.655377388000488,8.915629905459355e-07,4.265924453735352,4.265914440155029,9.78592834144365e-06,0.0,0.0,-0.0,6440.3388671875,0.0,1538.32666015625,1895.4371337890625,0.0,3935.49462890625,0.9064128398895264,1.0,0.0,3.0,1.0,0.0
12149580,297.085205078125,297.1499938964844,293.1499938964844,0.0,-0.0,284.8887634277344,0.814372718334198,0.4138729274272918,0.3766455948352813,297.1336364746094,297.1499938964844,293.1499938964844,0.0,-0.0,284.8885803222656,0.92393296957016,0.6078341603279114,0.578393816947937,297.4400634765625,297.1499938964844,293.1499938964844,0.0,-0.0,284.8886413574219,0.8779171109199524,0.5263426303863525,0.3700528144836426,297.1878967285156,297.1499938964844,293.1499938964844,0.0,-0.0,284.8888854980469,0.7623733878135681,0.3394940793514251,0.3263381421566009,297.1606140136719,297.1499938964844,293.1499938964844,0.0,-0.0,284.8893127441406,0.665477454662323,0.2236103862524032,1.0304234027862549,284.8887023925781,284.95001220703125,299.9075012207031,288.76123046875,298.07208251953125,297.2557067871094,284.8876647949219,1.0,0.6320817470550537,0.41155606508255,0.41155606508255,1.0,1.0,-3.2203760147094727,0.9922985434532166,2.228077411651612,0.2668451070785522,0.9002482891082764,0.9002482891082764,0.0,212.7789001464844,220.0,44964.9296875,0.0,3071.794189453125,1.0,280.3577880859375,283.3006896972656,291.7966003417969,294.6839599609375,293.1499938964844,293.1499938964844,280.04998779296875,36030.28125,36000.0,313.1499938964844,0.0,18000.0,1.0,0.0,0.0,0.0,1.0,0.968654990196228,1.0,0.0,0.0,3.654973268508911,3.6549973487854,8.913775104701926e-07,4.265924453735352,4.265914440155029,9.78592834144365e-06,0.0,0.0,-0.0,6616.88720703125,0.0,1538.9354248046875,1895.4371337890625,0.0,4029.350830078125,0.9063997268676758,1.0,0.0,3.0,1.0,0.0
12149640,297.085205078125,297.1499938964844,293.1499938964844,0.0,-0.0,284.8887634277344,0.814372718334198,0.4138729274272918,0.3766455948352813,297.1336364746094,297.1499938964844,293.1499938964844,0.0,-0.0,284.8885803222656,0.92393296957016,0.6078341603279114,0.578393816947937,297.4400634765625,297.1499938964844,293.1499938964844,0.0,-0.0,284.8886413574219,0.8779171109199524,0.5263426303863525,0.3700528144836426,297.1878967285156,297.1499938964844,293.1499938964844,0.0,-0.0,284.8888854980469,0.7623733878135681,0.3394940793514251,0.3263381421566009,297.1606140136719,297.1499938964844,293.1499938964844,0.0,-0.0,284.8893127441406,0.665477454662323,0.2236103862524032,1.0304234027862549,284.8887023925781,284.95001220703125,299.9075012207031,288.76123046875,298.07208251953125,297.2557067871094,284.8876647949219,1.0,0.6320817470550537,0.41155606508255,0.41155606508255,1.0,1.0,-3.2203760147094727,0.9922985434532166,2.228077411651612,0.2668451070785522,0.9002482891082764,0.9002482891082764,0.0,212.7789001464844,220.0,44964.9296875,0.0,3071.794189453125,1.0,280.3577880859375,283.3006896972656,291.7966003417969,294.6839599609375,293.1499938964844,293.1499938964844,280.04998779296875,36030.28125,36000.0,313.1499938964844,0.0,18000.0,1.0,0.0,0.0,0.0,1.0,0.968654990196228,1.0,0.0,0.0,3.654973268508911,3.6549973487854,8.913775104701926e-07,4.265924453735352,4.265914440155029,9.78592834144365e-06,0.0,0.0,-0.0,6616.88720703125,0.0,1538.9354248046875,1895.4371337890625,0.0,4029.350830078125,0.9063997268676758,1.0,0.0,3.0,1.0,0.0
12149700,297.0784606933594,297.1499938964844,293.1499938964844,0.0,-0.0,284.7533264160156,0.8121256232261658,0.4128045737743377,0.3759170472621918,297.1250305175781,297.1499938964844,293.1499938964844,0.0,-0.0,284.75201416015625,0.9211658239364624,0.6068883538246155,0.5777657628059387,297.4345397949219,297.1499938964844,293.1499938964844,0.0,-0.0,284.7524108886719,0.8768009543418884,0.527642011642456,0.371122270822525,297.1829528808594,297.1499938964844,293.1499938964844,0.0,-0.0,284.7542419433594,0.7606732845306396,0.3392501771450043,0.3262970149517059,297.156982421875,297.1499938964844,293.1499938964844,0.0,-0.0,284.7570495605469,0.6638301014900208,0.2233202755451202,1.0298956632614136,284.7527770996094,284.95001220703125,299.8980407714844,288.7695617675781,298.0645446777344,297.2504577636719,284.7454833984375,1.0,0.63297039270401,0.4111392796039581,0.4111392796039581,1.0,1.0,-3.219350814819336,0.9908141493797302,2.228536605834961,0.2656114101409912,0.897614061832428,0.897614061832428,0.0,214.6746826171875,220.0,45941.9921875,0.0,3080.017822265625,1.0,280.1011047363281,283.12579345703125,291.84002685546875,294.8490295410156,293.1499938964844,293.1499938964844,280.04998779296875,36147.53125,36000.0,313.1499938964844,0.0,18000.0,1.0,0.0,0.0,0.0,1.0,0.9775540828704834,1.0,0.0,0.0,3.6519484519958496,3.651972532272339,8.899027648112678e-07,4.265924453735352,4.265914440155029,9.78592834144365e-06,0.0,0.0,-0.0,6429.80322265625,0.0,1536.4417724609375,1895.4371337890625,0.0,4107.42626953125,0.9057665467262268,1.0,0.0,3.0,1.0,0.0
12149760,297.0702209472656,297.1499938964844,293.1499938964844,0.0,-0.0,284.7069396972656,0.8094161152839661,0.4115393757820129,0.3749066889286041,297.1143798828125,297.1499938964844,293.1499938964844,0.0,-0.0,284.70672607421875,0.9178998470306396,0.6056840419769287,0.576794445514679,297.4275207519531,297.1499938964844,293.1499938964844,0.0,-0.0,284.706787109375,0.875257134437561,0.5287517309188843,0.3719812929630279,297.1765441894531,297.1499938964844,293.1499938964844,0.0,-0.0,284.70709228515625,0.7586025595664978,0.3388314843177795,0.326043039560318,297.15203857421875,297.1499938964844,293.1499938964844,0.0,-0.0,284.7075500488281,0.6618192195892334,0.2228804528713226,1.0285848379135132,284.70684814453125,284.95001220703125,299.8885192871094,288.7756042480469,298.05596923828125,297.2435302734375,284.70562744140625,1.0,0.633687436580658,0.4108098447322845,0.4108098447322845,1.0,1.0,-3.216122627258301,0.988763153553009,2.2273595333099365,0.264297604560852,0.8954911231994629,0.8954911231994629,0.0,216.7654266357422,223.0,46027.92578125,0.0,3084.580810546875,1.0,280.05810546875,283.0777282714844,291.8262939453125,294.7987365722656,293.1499938964844,293.1499938964844,280.3500061035156,36246.859375,36000.0,313.1499938964844,0.0,18000.0,1.0,0.0,0.0,0.0,1.0,0.9819096922874452,1.0,0.0,0.0,3.646446466445923,3.646470308303833,8.872233365764259e-07,4.265924453735352,4.265914440155029,9.78592834144365e-06,0.0,0.0,-0.0,6002.40478515625,0.0,1531.063720703125,1895.4371337890625,0.0,4145.30126953125,0.9046361446380616,1.0,0.0,3.0,1.0,0.0
12149820,297.0719909667969,297.1499938964844,293.1499938964844,0.0,-0.0,284.87481689453125,0.8057733178138733,0.4106866717338562,0.3737770915031433,297.11138916015625,297.1499938964844,293.1499938964844,0.0,-0.0,284.87506103515625,0.9135800004005432,0.6049041152000427,0.5756732225418091,297.4310913085937,297.1499938964844,293.1499938964844,0.0,-0.0,284.8749694824219,0.8740703463554382,0.5326080918312073,0.3743733763694763,297.1743469238281,297.1499938964844,293.1499938964844,0.0,-0.0,284.8746337890625,0.7559534907341003,0.3389267027378082,0.3259503841400146,297.1494445800781,297.1499938964844,293.1499938964844,0.0,-0.0,284.8741149902344,0.6591128706932068,0.2226303666830063,1.0270204544067385,284.8749084472656,284.95001220703125,299.8693542480469,288.7804870605469,298.0494689941406,297.24468994140625,284.87628173828125,1.0,0.6351463198661804,0.4101509153842926,0.4101509153842926,1.0,1.0,-3.2142868041992188,0.9863545894622804,2.2279322147369385,0.2620927691459656,0.895853579044342,0.895853579044342,0.0,219.82012939453125,226.0,44920.47265625,0.0,3097.42626953125,1.0,280.34210205078125,283.2879638671875,291.7462158203125,294.5871887207031,293.1499938964844,293.1499938964844,280.6499938964844,36137.046875,36000.0,313.1499938964844,0.0,18000.0,1.0,0.0,0.0,0.0,1.0,0.9710113406181335,1.0,0.0,0.0,3.6405630111694336,3.640587091445923,8.843626915222558e-07,4.265924453735352,4.265914440155029,9.78592834144365e-06,0.0,0.0,-0.0,5850.619140625,0.0,1523.717529296875,1895.4371337890625,0.0,4050.111572265625,0.9032731652259828,1.0,0.0,3.0,1.0,0.0
12149880,297.0719909667969,297.1499938964844,293.1499938964844,0.0,-0.0,284.87481689453125,0.8057733178138733,0.4106866717338562,0.3737770915031433,297.11138916015625,297.1499938964844,293.1499938964844,0.0,-0.0,284.87506103515625,0.9135800004005432,0.6049041152000427,0.5756732225418091,297.4310913085937,297.1499938964844,293.1499938964844,0.0,-0.0,284.8749694824219,0.8740703463554382,0.5326080918312073,0.3743733763694763,297.1743469238281,297.1499938964844,293.1499938964844,0.0,-0.0,284.8746337890625,0.7559534907341003,0.3389267027378082,0.3259503841400146,297.1494445800781,297.1499938964844,293.1499938964844,0.0,-0.0,284.8741149902344,0.6591128706932068,0.2226303666830063,1.0270204544067385,284.8749084472656,284.95001220703125,299.8693542480469,288.7804870605469,298.0494689941406,297.24468994140625,284.87628173828125,1.0,0.6351463198661804,0.4101509153842926,0.4101509153842926,1.0,1.0,-3.2142868041992188,0.9863545894622804,2.2279322147369385,0.2620927691459656,0.895853579044342,0.895853579044342,0.0,219.82012939453125,226.0,44920.47265625,0.0,3097.42626953125,1.0,280.34210205078125,283.2879638671875,291.7462158203125,294.5871887207031,293.1499938964844,293.1499938964844,280.6499938964844,36137.046875,36000.0,313.1499938964844,0.0,18000.0,1.0,0.0,0.0,0.0,1.0,0.9710113406181335,1.0,0.0,0.0,3.6405630111694336,3.640587091445923,8.843626915222558e-07,4.265924453735352,4.265914440155029,9.78592834144365e-06,0.0,0.0,-0.0,5850.619140625,0.0,1523.717529296875,1895.4371337890625,0.0,4050.111572265625,0.9032731652259828,1.0,0.0,3.0,1.0,0.0
12149940,297.0865783691406,297.1499938964844,293.1499938964844,0.0,-0.0,285.0648498535156,0.8046358227729797,0.4111664593219757,0.3740328848361969,297.1238708496094,297.1499938964844,293.1499938964844,0.0,-0.0,285.06512451171875,0.912209689617157,0.6056683659553528,0.5761510133743286,297.44744873046875,297.1499938964844,293.1499938964844,0.0,-0.0,285.0650634765625,0.8753682374954224,0.5378157496452332,0.3778358101844787,297.18231201171875,297.1499938964844,293.1499938964844,0.0,-0.0,285.0646667480469,0.7554437518119812,0.3400342464447021,0.3268460929393768,297.1552734375,297.1499938964844,293.1499938964844,0.0,-0.0,285.0640869140625,0.6584712862968445,0.2232083231210708,1.0290402173995972,285.0649719238281,284.95001220703125,299.8500061035156,288.7751159667969,298.05181884765625,297.2581787109375,285.0665588378906,1.0,0.6372359991073608,0.409492015838623,0.409492015838623,1.0,1.0,-3.222828388214112,0.9876338243484496,2.235194444656372,0.2613084614276886,0.898955762386322,0.898955762386322,0.0,221.6474151611328,229.0,43894.47265625,0.0,3125.8759765625,1.0,280.6416931152344,283.5185546875,291.7263488769531,294.4864501953125,293.1499938964844,293.1499938964844,280.95001220703125,35932.8359375,36000.0,313.1499938964844,0.0,18000.0,1.0,0.0,0.0,0.0,1.0,0.9579678773880004,1.0,0.0,0.0,3.6424155235290527,3.642439603805542,8.852629207467544e-07,4.265924453735352,4.265914440155029,9.78592834144365e-06,0.0,0.0,-0.0,5745.49951171875,0.0,1524.245361328125,1895.4371337890625,0.0,3934.450927734375,0.9035534262657166,1.0,0.0,3.0,1.0,0.0
12150000,297.0865783691406,297.1499938964844,293.1499938964844,0.0,-0.0,285.0648498535156,0.8046358227729797,0.4111664593219757,0.3740328848361969,297.1238708496094,297.1499938964844,293.1499938964844,0.0,-0.0,285.06512451171875,0.912209689617157,0.6056683659553528,0.5761510133743286,297.44744873046875,297.1499938964844,293.1499938964844,0.0,-0.0,285.0650634765625,0.8753682374954224,0.5378157496452332,0.3778358101844787,297.18231201171875,297.1499938964844,293.1499938964844,0.0,-0.0,285.0646667480469,0.7554437518119812,0.3400342464447021,0.3268460929393768,297.1552734375,297.1499938964844,293.1499938964844,0.0,-0.0,285.0640869140625,0.6584712862968445,0.2232083231210708,1.0290402173995972,285.0649719238281,284.95001220703125,299.8500061035156,288.7751159667969,298.05181884765625,297.2581787109375,285.0665588378906,1.0,0.6372359991073608,0.409492015838623,0.409492015838623,1.0,1.0,-3.222828388214112,0.9876338243484496,2.235194444656372,0.2613084614276886,0.898955762386322,0.898955762386322,0.0,221.6474151611328,229.0,43894.47265625,0.0,3125.8759765625,1.0,280.6416931152344,283.5185546875,291.7263488769531,294.4864501953125,293.1499938964844,293.1499938964844,280.95001220703125,35932.8359375,36000.0,313.1499938964844,0.0,18000.0,1.0,0.0,0.0,0.0,1.0,0.9579678773880004,1.0,0.0,0.0,3.6424155235290527,3.642439603805542,8.852629207467544e-07,4.265924453735352,4.265914440155029,9.78592834144365e-06,0.0,0.0,-0.0,5745.49951171875,0.0,1524.245361328125,1895.4371337890625,0.0,3934.450927734375,0.9035534262657166,1.0,0.0,3.0,1.0,0.0
12150060,297.1000671386719,297.1499938964844,293.1499938964844,0.0,-0.0,285.2416381835937,0.8043460845947266,0.4119268953800201,0.374596357345581,297.1371765136719,297.1499938964844,293.1499938964844,0.0,-0.0,285.2423400878906,0.911848247051239,0.60675048828125,0.5770159959793091,297.4625549316406,297.1499938964844,293.1499938964844,0.0,-0.0,285.2421569824219,0.8768113851547241,0.5420275926589966,0.3806504309177398,297.1912536621094,297.1499938964844,293.1499938964844,0.0,-0.0,285.2411804199219,0.7555812001228333,0.3412175476551056,0.3278666734695434,297.1625671386719,297.1499938964844,293.1499938964844,0.0,-0.0,285.2396850585937,0.6585682034492493,0.2239785641431808,1.032121658325195,285.241943359375,284.95001220703125,299.8359680175781,288.76715087890625,298.0560913085937,297.2713623046875,285.24591064453125,1.0,0.6391575336456299,0.4090268909931183,0.4090268909931183,1.0,1.0,-3.2328572273254395,0.9899482131004332,2.2429089546203613,0.2612933218479156,0.9033283591270448,0.9033283591270448,0.0,222.8563995361328,229.0,43003.421875,0.0,3154.2744140625,1.0,280.9269714355469,283.7345275878906,291.7051086425781,294.3825378417969,293.1499938964844,293.1499938964844,280.95001220703125,35737.96484375,36000.0,313.1499938964844,0.0,18000.0,1.0,0.0,0.0,0.0,1.0,0.9477383494377136,1.0,0.0,0.0,3.6494874954223633,3.649511575698853,8.887038234206557e-07,4.265924453735352,4.265914440155029,9.78592834144365e-06,0.0,0.0,-0.0,5964.2900390625,0.0,1530.63818359375,1895.4371337890625,0.0,3842.564453125,0.9050190448760986,1.0,0.0,3.0,1.0,0.0
12150120,297.10516357421875,297.1499938964844,293.1499938964844,0.0,-0.0,285.26104736328125,0.8043627738952637,0.4122432768344879,0.3749159276485443,297.1424560546875,297.1499938964844,293.1499938964844,0.0,-0.0,285.2613220214844,0.9118510484695436,0.6072148084640503,0.5774780511856079,297.4683532714844,297.1499938964844,293.1499938964844,0.0,-0.0,285.2612609863281,0.8774964809417725,0.543696403503418,0.3818304538726806,297.1949462890625,297.1499938964844,293.1499938964844,0.0,-0.0,285.2608337402344,0.755749523639679,0.3417199850082397,0.3283512592315674,297.16571044921875,297.1499938964844,293.1499938964844,0.0,-0.0,285.26025390625,0.6587309241294861,0.2243267744779586,1.0336875915527344,285.2611694335937,284.95001220703125,299.8305053710937,288.76397705078125,298.057861328125,297.2766418457031,285.2630310058594,1.0,0.6400046944618225,0.408845990896225,0.408845990896225,1.0,1.0,-3.2376809120178223,0.9911730289459229,2.2465078830718994,0.2614220976829529,0.9047158360481262,0.9047158360481262,0.0,223.30532836914065,232.0,43027.31640625,0.0,3167.25341796875,1.0,280.94171142578125,283.75341796875,291.7217712402344,294.4230041503906,293.1499938964844,293.1499938964844,280.6499938964844,35688.5390625,36000.0,313.1499938964844,0.0,18000.0,1.0,0.0,0.0,0.0,1.0,0.9467839002609252,1.0,0.0,0.0,3.653331756591797,3.653355598449707,8.905770414457947e-07,4.265924453735352,4.265914440155029,9.78592834144365e-06,0.0,0.0,-0.0,6348.39697265625,0.0,1534.5458984375,1895.4371337890625,0.0,3833.94287109375,0.9058300852775574,1.0,0.0,3.0,1.0,0.0
12150180,297.1048278808594,297.1499938964844,293.1499938964844,0.0,-0.0,285.0975646972656,0.8022904992103577,0.4116651117801666,0.3750098347663879,297.14215087890625,297.1499938964844,293.1499938964844,0.0,-0.0,285.0973815917969,0.909555435180664,0.6071166396141052,0.5780558586120605,297.4708251953125,297.1499938964844,293.1499938964844,0.0,-0.0,285.097412109375,0.8778471946716309,0.5480048656463623,0.3852687776088714,297.1968078613281,297.1499938964844,293.1499938964844,0.0,-0.0,285.0976867675781,0.7547077536582947,0.342494398355484,0.3295162618160248,297.16900634765625,297.1499938964844,293.1499938964844,0.0,-0.0,285.0981140136719,0.6578575372695923,0.2248723357915878,1.0377213954925537,285.09747314453125,284.95001220703125,299.8109436035156,288.7520751953125,298.0523681640625,297.27880859375,285.0964050292969,1.0,0.6429258584976196,0.4081999659538269,0.4081999659538269,1.0,1.0,-3.2488889694213867,0.9933876395225524,2.255501270294189,0.2612664699554443,0.905334770679474,0.905334770679474,0.0,226.2206878662109,235.0,44183.1015625,0.0,3207.909423828125,1.0,280.65777587890625,283.54400634765625,291.8036193847656,294.6466064453125,293.1499938964844,293.1499938964844,280.3500061035156,35776.625,36000.0,313.1499938964844,0.0,18000.0,1.0,0.0,0.0,0.0,1.0,0.9615241885185242,1.0,0.0,0.0,3.662346601486206,3.6623706817626953,8.949775747169042e-07,4.265924453735352,4.265914440155029,9.78592834144365e-06,0.0,0.0,-0.0,6521.404296875,0.0,1545.2711181640625,1895.4371337890625,0.0,3966.1611328125,0.9078797101974488,1.0,0.0,3.0,1.0,0.0
12150240,297.1048278808594,297.1499938964844,293.1499938964844,0.0,-0.0,285.0975646972656,0.8022904992103577,0.4116651117801666,0.3750098347663879,297.14215087890625,297.1499938964844,293.1499938964844,0.0,-0.0,285.0973815917969,0.909555435180664,0.6071166396141052,0.5780558586120605,297.4708251953125,297.1499938964844,293.1499938964844,0.0,-0.0,285.097412109375,0.8778471946716309,0.5480048656463623,0.3852687776088714,297.1968078613281,297.1499938964844,293.1499938964844,0.0,-0.0,285.0976867675781,0.7547077536582947,0.342494398355484,0.3295162618160248,297.16900634765625,297.1499938964844,293.1499938964844,0.0,-0.0,285.0981140136719,0.6578575372695923,0.2248723357915878,1.0377213954925537,285.09747314453125,284.95001220703125,299.8109436035156,288.7520751953125,298.0523681640625,297.27880859375,285.0964050292969,1.0,0.6429258584976196,0.4081999659538269,0.4081999659538269,1.0,1.0,-3.2488889694213867,0.9933876395225524,2.255501270294189,0.2612664699554443,0.905334770679474,0.905334770679474,0.0,226.2206878662109,235.0,44183.1015625,0.0,3207.909423828125,1.0,280.65777587890625,283.54400634765625,291.8036193847656,294.6466064453125,293.1499938964844,293.1499938964844,280.3500061035156,35776.625,36000.0,313.1499938964844,0.0,18000.0,1.0,0.0,0.0,0.0,1.0,0.9615241885185242,1.0,0.0,0.0,3.662346601486206,3.6623706817626953,8.949775747169042e-07,4.265924453735352,4.265914440155029,9.78592834144365e-06,0.0,0.0,-0.0,6521.404296875,0.0,1545.2711181640625,1895.4371337890625,0.0,3966.1611328125,0.9078797101974488,1.0,0.0,3.0,1.0,0.0
12150300,297.0988464355469,297.1499938964844,293.1499938964844,0.0,-0.0,284.9609680175781,0.8002194762229919,0.4107971489429474,0.3744917511940002,297.13507080078125,297.1499938964844,293.1499938964844,0.0,-0.0,284.9596252441406,0.9072899222373962,0.6063758730888367,0.5776685476303101,297.4663391113281,297.1499938964844,293.1499938964844,0.0,-0.0,284.9598999023437,0.8770164847373962,0.5495991706848145,0.3865693211555481,297.1932067871094,297.1499938964844,293.1499938964844,0.0,-0.0,284.9618225097656,0.75333172082901,0.3424400091171264,0.3296895921230316,297.1669921875,297.1499938964844,293.1499938964844,0.0,-0.0,284.9646301269531,0.6566078662872314,0.2247974574565887,1.038307547569275,284.9603576660156,284.95001220703125,299.8011169433594,288.745849609375,298.0456848144531,297.27447509765625,284.9530639648437,1.0,0.6441534757614136,0.407876968383789,0.407876968383789,1.0,1.0,-3.2502830028533936,0.9930003881454468,2.2572827339172363,0.2606123983860016,0.9040719270706176,0.9040719270706176,0.0,228.2328491210937,235.0,45199.4296875,0.0,3222.135009765625,1.0,280.4008483886719,283.3670349121094,291.83270263671875,294.8014221191406,293.1499938964844,293.1499938964844,280.3500061035156,35875.31640625,36000.0,313.1499938964844,0.0,18000.0,1.0,0.0,0.0,0.0,1.0,0.9721057415008544,1.0,0.0,0.0,3.66450309753418,3.664527177810669,8.960319632933533e-07,4.265924453735352,4.265914440155029,9.78592834144365e-06,0.0,0.0,-0.0,6336.70068359375,0.0,1548.4273681640625,1895.4371337890625,0.0,4059.73291015625,0.9083926677703856,1.0,0.0,3.0,1.0,0.0
12150360,297.0908508300781,297.1499938964844,293.1499938964844,0.0,-0.0,284.912841796875,0.7976240515708923,0.4096878170967102,0.3736432492733001,297.1251525878906,297.1499938964844,293.1499938964844,0.0,-0.0,284.91259765625,0.9045105576515198,0.6053078770637512,0.5768594145774841,297.4597473144531,297.1499938964844,293.1499938964844,0.0,-0.0,284.91265869140625,0.8756805658340454,0.5509557127952576,0.3876159489154815,297.1875305175781,297.1499938964844,293.1499938964844,0.0,-0.0,284.9129943847656,0.7515118718147278,0.3421572744846344,0.3295913934707641,297.1630859375,297.1499938964844,293.1499938964844,0.0,-0.0,284.9135131835937,0.6549147963523865,0.2245220988988876,1.0378605127334597,284.9127502441406,284.95001220703125,299.7912902832031,288.73944091796875,298.03717041015625,297.26788330078125,284.911376953125,1.0,0.6451630592346191,0.4074409008026123,0.4074409008026123,1.0,1.0,-3.248897075653076,0.9913408756256104,2.257556200027466,0.2592951655387878,0.9033052325248718,0.9033052325248718,0.0,230.4864196777344,238.0,45312.3359375,0.0,3231.583251953125,1.0,280.3580322265625,283.31646728515625,291.8036499023437,294.7381286621094,293.1499938964844,293.1499938964844,280.04998779296875,35959.90625,36000.0,313.1499938964844,0.0,18000.0,1.0,0.0,0.0,0.0,1.0,0.9776818156242372,1.0,0.0,0.0,3.6644632816314697,3.664487600326538,8.960124660006841e-07,4.265924453735352,4.265914440155029,9.78592834144365e-06,0.0,0.0,-0.0,6650.1298828125,0.0,1549.0181884765625,1895.4371337890625,0.0,4108.5400390625,0.9084705710411072,1.0,0.0,3.0,1.0,0.0
12150420,297.0727233886719,297.1499938964844,293.1499938964844,0.0,-0.0,284.72393798828125,0.7922103404998779,0.4071049392223358,0.3716271817684173,297.1017761230469,297.1499938964844,293.1499938964844,0.0,-0.0,284.7236633300781,0.8988645076751709,0.6026297211647034,0.5747119188308716,297.4439697265625,297.1499938964844,293.1499938964844,0.0,-0.0,284.7237243652344,0.8728170990943909,0.5532855987548828,0.3894562721252441,297.1732482910156,297.1499938964844,293.1499938964844,0.0,-0.0,284.7240905761719,0.7476173043251038,0.3411880135536194,0.3289950489997864,297.1522216796875,297.1499938964844,293.1499938964844,0.0,-0.0,284.7246398925781,0.6511850953102112,0.2235907465219497,1.0351574420928955,284.72381591796875,284.95001220703125,299.77154541015625,288.7261962890625,298.0184631347656,297.2526550292969,284.72235107421875,1.0,0.6466677784919739,0.4065687358379364,0.4065687358379364,1.0,1.0,-3.242141962051392,0.9865766763687134,2.255565404891968,0.2560617923736572,0.8987206816673279,0.8987206816673279,0.0,234.9309539794922,241.0,46325.390625,0.0,3241.322998046875,1.0,280.05816650390625,283.08807373046875,291.779052734375,294.7819519042969,293.1499938964844,293.1499938964844,280.3500061035156,36194.07421875,36000.0,313.1499938964844,0.0,18000.0,1.0,0.0,0.0,0.0,1.0,0.9908627867698668,1.0,0.0,0.0,3.657925844192505,3.657949924468994,8.928183206080575e-07,4.265924453735352,4.265914440155029,9.78592834144365e-06,0.0,0.0,-0.0,6013.5478515625,0.0,1543.4595947265625,1895.4371337890625,0.0,4222.408203125,0.9071640372276306,1.0,0.0,3.0,1.0,0.0
12150480,297.0727233886719,297.1499938964844,293.1499938964844,0.0,-0.0,284.72393798828125,0.7922103404998779,0.4071049392223358,0.3716271817684173,297.1017761230469,297.1499938964844,293.1499938964844,0.0,-0.0,284.7236633300781,0.8988645076751709,0.6026297211647034,0.5747119188308716,297.4439697265625,297.1499938964844,293.1499938964844,0.0,-0.0,284.7237243652344,0.8728170990943909,0.5532855987548828,0.3894562721252441,297.1732482910156,297.1499938964844,293.1499938964844,0.0,-0.0,284.7240905761719,0.7476173043251038,0.3411880135536194,0.3289950489997864,297.1522216796875,297.1499938964844,293.1499938964844,0.0,-0.0,284.7246398925781,0.6511850953102112,0.2235907465219497,1.0351574420928955,284.72381591796875,284.95001220703125,299.77154541015625,288.7261962890625,298.0184631347656,297.2526550292969,284.72235107421875,1.0,0.6466677784919739,0.4065687358379364,0.4065687358379364,1.0,1.0,-3.242141962051392,0.9865766763687134,2.255565404891968,0.2560617923736572,0.8987206816673279,0.8987206816673279,0.0,234.9309539794922,241.0,46325.390625,0.0,3241.322998046875,1.0,280.05816650390625,283.08807373046875,291.779052734375,294.7819519042969,293.1499938964844,293.1499938964844,280.3500061035156,36194.07421875,36000.0,313.1499938964844,0.0,18000.0,1.0,0.0,0.0,0.0,1.0,0.9908627867698668,1.0,0.0,0.0,3.657925844192505,3.657949924468994,8.928183206080575e-07,4.265924453735352,4.265914440155029,9.78592834144365e-06,0.0,0.0,-0.0,6013.5478515625,0.0,1543.4595947265625,1895.4371337890625,0.0,4222.408203125,0.9071640372276306,1.0,0.0,3.0,1.0,0.0
12150540,297.0730285644531,297.1499938964844,293.1499938964844,0.0,-0.0,284.88653564453125,0.7886098623275757,0.4061329662799835,0.3703822493553161,297.0968322753906,297.1499938964844,293.1499938964844,0.0,-0.0,284.8867492675781,0.8950140476226807,0.6014916300773621,0.573235809803009,297.4466247558594,297.1499938964844,293.1499938964844,0.0,-0.0,284.88671875,0.8717418909072876,0.5572534799575806,0.3919028043746948,297.1694641113281,297.1499938964844,293.1499938964844,0.0,-0.0,284.88641357421875,0.7450575828552246,0.3410825431346893,0.3287002444267273,297.1482238769531,297.1499938964844,293.1499938964844,0.0,-0.0,284.88592529296875,0.6485862135887146,0.2232022136449813,1.0329426527023315,284.8866271972656,284.95001220703125,299.7517395019531,288.7123718261719,298.0106201171875,297.25274658203125,284.8878479003906,1.0,0.6479784250259399,0.4056965708732605,0.4056965708732605,1.0,1.0,-3.2387800216674805,0.9830275774002076,2.2557523250579834,0.2530447244644165,0.8992040753364563,0.8992040753364563,0.0,238.1083984375,244.0,45173.1484375,0.0,3251.51123046875,1.0,280.3422241210937,283.2944641113281,291.6741943359375,294.5359191894531,293.1499938964844,293.1499938964844,280.6499938964844,36101.05078125,36000.0,313.1499938964844,0.0,18000.0,1.0,0.0,0.0,0.0,1.0,0.9790503978729248,1.0,0.0,0.0,3.6534266471862793,3.653450727462769,8.906233119887474e-07,4.265924453735352,4.265914440155029,9.78592834144365e-06,0.0,0.0,-0.0,5851.439453125,0.0,1537.740966796875,1895.4371337890625,0.0,4120.4638671875,0.9061225056648254,1.0,0.0,3.0,1.0,0.0
12150600,297.0730285644531,297.1499938964844,293.1499938964844,0.0,-0.0,284.88653564453125,0.7886098623275757,0.4061329662799835,0.3703822493553161,297.0968322753906,297.1499938964844,293.1499938964844,0.0,-0.0,284.8867492675781,0.8950140476226807,0.6014916300773621,0.573235809803009,297.4466247558594,297.1499938964844,293.1499938964844,0.0,-0.0,284.88671875,0.8717418909072876,0.5572534799575806,0.3919028043746948,297.1694641113281,297.1499938964844,293.1499938964844,0.0,-0.0,284.88641357421875,0.7450575828552246,0.3410825431346893,0.3287002444267273,297.1482238769531,297.1499938964844,293.1499938964844,0.0,-0.0,284.88592529296875,0.6485862135887146,0.2232022136449813,1.0329426527023315,284.8866271972656,284.95001220703125,299.7517395019531,288.7123718261719,298.0106201171875,297.25274658203125,284.8878479003906,1.0,0.6479784250259399,0.4056965708732605,0.4056965708732605,1.0,1.0,-3.2387800216674805,0.9830275774002076,2.2557523250579834,0.2530447244644165,0.8992040753364563,0.8992040753364563,0.0,238.1083984375,244.0,45173.1484375,0.0,3251.51123046875,1.0,280.3422241210937,283.2944641113281,291.6741943359375,294.5359191894531,293.1499938964844,293.1499938964844,280.6499938964844,36101.05078125,36000.0,313.1499938964844,0.0,18000.0,1.0,0.0,0.0,0.0,1.0,0.9790503978729248,1.0,0.0,0.0,3.6534266471862793,3.653450727462769,8.906233119887474e-07,4.265924453735352,4.265914440155029,9.78592834144365e-06,0.0,0.0,-0.0,5851.439453125,0.0,1537.740966796875,1895.4371337890625,0.0,4120.4638671875,0.9061225056648254,1.0,0.0,3.0,1.0,0.0
12150660,297.0866394042969,297.1499938964844,293.1499938964844,0.0,-0.0,285.07330322265625,0.7875266671180725,0.406528115272522,0.370558351278305,297.10821533203125,297.1499938964844,293.1499938964844,0.0,-0.0,285.0735778808594,0.8937387466430664,0.6019586324691772,0.5734266638755798,297.4628295898437,297.1499938964844,293.1499938964844,0.0,-0.0,285.07354736328125,0.8730965852737427,0.5626425743103027,0.3954824209213257,297.1766052246094,297.1499938964844,293.1499938964844,0.0,-0.0,285.0731506347656,0.7445399761199951,0.342046320438385,0.3294515907764435,297.1533203125,297.1499938964844,293.1499938964844,0.0,-0.0,285.0726013183594,0.6479524374008179,0.2236874997615814,1.0345118045806885,285.07342529296875,284.95001220703125,299.7318725585937,288.697998046875,298.012939453125,297.26580810546875,285.0749206542969,1.0,0.6499192714691162,0.4052021503448486,0.4052021503448486,1.0,1.0,-3.2463059425354004,0.9843094944953918,2.2619965076446533,0.2524785697460174,0.9023973345756532,0.9023973345756532,0.0,239.94772338867188,247.0,44118.37890625,0.0,3278.3525390625,1.0,280.64178466796875,283.52264404296875,291.6434631347656,294.4187316894531,293.1499938964844,293.1499938964844,280.3500061035156,35910.265625,36000.0,313.1499938964844,0.0,18000.0,1.0,0.0,0.0,0.0,1.0,0.9648388028144836,1.0,0.0,0.0,3.6561434268951416,3.656167507171631,8.919483889258117e-07,4.265924453735352,4.265914440155029,9.78592834144365e-06,0.0,0.0,-0.0,6448.70556640625,0.0,1539.341552734375,1895.4371337890625,0.0,3995.600341796875,0.9066072702407836,1.0,0.0,3.0,1.0,0.0
12150720,297.0866394042969,297.1499938964844,293.1499938964844,0.0,-0.0,285.07330322265625,0.7875266671180725,0.406528115272522,0.370558351278305,297.10821533203125,297.1499938964844,293.1499938964844,0.0,-0.0,285.0735778808594,0.8937387466430664,0.6019586324691772,0.5734266638755798,297.4628295898437,297.1499938964844,293.1499938964844,0.0,-0.0,285.07354736328125,0.8730965852737427,0.5626425743103027,0.3954824209213257,297.1766052246094,297.1499938964844,293.1499938964844,0.0,-0.0,285.0731506347656,0.7445399761199951,0.342046320438385,0.3294515907764435,297.1533203125,297.1499938964844,293.1499938964844,0.0,-0.0,285.0726013183594,0.6479524374008179,0.2236874997615814,1.0345118045806885,285.07342529296875,284.95001220703125,299.7318725585937,288.697998046875,298.012939453125,297.26580810546875,285.0749206542969,1.0,0.6499192714691162,0.4052021503448486,0.4052021503448486,1.0,1.0,-3.2463059425354004,0.9843094944953918,2.2619965076446533,0.2524785697460174,0.9023973345756532,0.9023973345756532,0.0,239.94772338867188,247.0,44118.37890625,0.0,3278.3525390625,1.0,280.64178466796875,283.52264404296875,291.6434631347656,294.4187316894531,293.1499938964844,293.1499938964844,280.3500061035156,35910.265625,36000.0,313.1499938964844,0.0,18000.0,1.0,0.0,0.0,0.0,1.0,0.9648388028144836,1.0,0.0,0.0,3.6561434268951416,3.656167507171631,8.919483889258117e-07,4.265924453735352,4.265914440155029,9.78592834144365e-06,0.0,0.0,-0.0,6448.70556640625,0.0,1539.341552734375,1895.4371337890625,0.0,3995.600341796875,0.9066072702407836,1.0,0.0,3.0,1.0,0.0
12150780,297.08502197265625,297.1499938964844,293.1499938964844,0.0,-0.0,284.91265869140625,0.7854248285293579,0.405584305524826,0.3702643513679504,297.1054992675781,297.1499938964844,293.1499938964844,0.0,-0.0,284.9124450683594,0.8915160298347473,0.6011794805526733,0.5732858180999756,297.46343994140625,297.1499938964844,293.1499938964844,0.0,-0.0,284.9124755859375,0.8734256029129028,0.5666899085044861,0.3987085521221161,297.17626953125,297.1499938964844,293.1499938964844,0.0,-0.0,284.91278076171875,0.7433813810348511,0.3423640131950378,0.3301323056221008,297.1541748046875,297.1499938964844,293.1499938964844,0.0,-0.0,284.9132080078125,0.646869957447052,0.22382752597332,1.0364983081817627,284.9125671386719,284.95001220703125,299.71197509765625,288.68316650390625,298.0063781738281,297.26629638671875,284.9114685058594,1.0,0.6521342992782593,0.4047077298164367,0.4047077298164367,1.0,1.0,-3.252881526947021,0.9852662086486816,2.26761531829834,0.2520651519298553,0.9005820155143738,0.9005820155143738,0.0,242.64947509765625,250.0,45260.51171875,0.0,3307.95361328125,1.0,280.3577880859375,283.3193664550781,291.7214050292969,294.631103515625,293.1499938964844,293.1499938964844,280.04998779296875,36024.515625,36000.0,313.1499938964844,0.0,18000.0,1.0,0.0,0.0,0.0,1.0,0.9766175746917723,1.0,0.0,0.0,3.65596604347229,3.6559901237487793,8.918618163988867e-07,4.265924453735352,4.265914440155029,9.78592834144365e-06,0.0,0.0,-0.0,6623.3984375,0.0,1539.999755859375,1895.4371337890625,0.0,4099.2529296875,0.9066203236579896,1.0,0.0,3.0,1.0,0.0
12150840,297.08502197265625,297.1499938964844,293.1499938964844,0.0,-0.0,284.91265869140625,0.7854248285293579,0.405584305524826,0.3702643513679504,297.1054992675781,297.1499938964844,293.1499938964844,0.0,-0.0,284.9124450683594,0.8915160298347473,0.6011794805526733,0.5732858180999756,297.46343994140625,297.1499938964844,293.1499938964844,0.0,-0.0,284.9124755859375,0.8734256029129028,0.5666899085044861,0.3987085521221161,297.17626953125,297.1499938964844,293.1499938964844,0.0,-0.0,284.91278076171875,0.7433813810348511,0.3423640131950378,0.3301323056221008,297.1541748046875,297.1499938964844,293.1499938964844,0.0,-0.0,284.9132080078125,0.646869957447052,0.22382752597332,1.0364983081817627,284.9125671386719,284.95001220703125,299.71197509765625,288.68316650390625,298.0063781738281,297.26629638671875,284.9114685058594,1.0,0.6521342992782593,0.4047077298164367,0.4047077298164367,1.0,1.0,-3.252881526947021,0.9852662086486816,2.26761531829834,0.2520651519298553,0.9005820155143738,0.9005820155143738,0.0,242.64947509765625,250.0,45260.51171875,0.0,3307.95361328125,1.0,280.3577880859375,283.3193664550781,291.7214050292969,294.631103515625,293.1499938964844,293.1499938964844,280.04998779296875,36024.515625,36000.0,313.1499938964844,0.0,18000.0,1.0,0.0,0.0,0.0,1.0,0.9766175746917723,1.0,0.0,0.0,3.65596604347229,3.6559901237487793,8.918618163988867e-07,4.265924453735352,4.265914440155029,9.78592834144365e-06,0.0,0.0,-0.0,6623.3984375,0.0,1539.999755859375,1895.4371337890625,0.0,4099.2529296875,0.9066203236579896,1.0,0.0,3.0,1.0,0.0
12150900,297.0790405273437,297.1499938964844,293.1499938964844,0.0,-0.0,284.776123046875,0.7835128903388977,0.4045882523059845,0.3696164488792419,297.0981140136719,297.1499938964844,293.1499938964844,0.0,-0.0,284.7747497558594,0.8895250558853149,0.6001741886138916,0.5726291537284851,297.4584350585937,297.1499938964844,293.1499938964844,0.0,-0.0,284.7749328613281,0.8727479577064514,0.5681869983673096,0.3999349176883697,297.1722412109375,297.1499938964844,293.1499938964844,0.0,-0.0,284.77691650390625,0.7421229481697083,0.3421351611614227,0.3301248252391815,297.151611328125,297.1499938964844,293.1499938964844,0.0,-0.0,284.7797546386719,0.6457000970840454,0.2236028164625167,1.0363322496414185,284.7754821777344,284.95001220703125,299.7019958496094,288.67559814453125,297.9996643066406,297.2617492675781,284.7681884765625,1.0,0.6530675292015076,0.4044604897499084,0.4044604897499084,1.0,1.0,-3.2525839805603027,0.9844818711280824,2.268101930618286,0.2513821423053741,0.8980867266654968,0.8980867266654968,0.0,244.51377868652344,250.0,46233.4765625,0.0,3317.638427734375,1.0,280.10107421875,283.1439208984375,291.7509155273437,294.7839050292969,293.1499938964844,293.1499938964844,280.04998779296875,36134.92578125,36000.0,313.1499938964844,0.0,18000.0,1.0,0.0,0.0,0.0,1.0,0.986133337020874,1.0,0.0,0.0,3.6532235145568848,3.653247594833374,8.905242907530919e-07,4.265924453735352,4.265914440155029,9.78592834144365e-06,0.0,0.0,-0.0,6432.39697265625,0.0,1537.7681884765625,1895.4371337890625,0.0,4181.8046875,0.906044900417328,1.0,0.0,3.0,1.0,0.0
12150960,297.0712280273437,297.1499938964844,293.1499938964844,0.0,-0.0,284.72833251953125,0.7811347842216492,0.4033707976341247,0.3686602115631103,297.08819580078125,297.1499938964844,293.1499938964844,0.0,-0.0,284.72808837890625,0.8870487809181213,0.5988706946372986,0.5715835690498352,297.4515075683594,297.1499938964844,293.1499938964844,0.0,-0.0,284.72808837890625,0.8716134428977966,0.5694596171379089,0.4009149670600891,297.1663513183594,297.1499938964844,293.1499938964844,0.0,-0.0,284.7284545898437,0.7404800057411194,0.3416996896266937,0.3298696279525757,297.1473999023437,297.1499938964844,293.1499938964844,0.0,-0.0,284.7289733886719,0.6441563963890076,0.2232008725404739,1.0352519750595093,284.72821044921875,284.95001220703125,299.6919860839844,288.6679382324219,297.9912414550781,297.2552490234375,284.72686767578125,1.0,0.653817892074585,0.4040910899639129,0.4040910899639129,1.0,1.0,-3.24975323677063,0.9824936389923096,2.2672595977783203,0.2500518560409546,0.8960930705070496,0.8960930705070496,0.0,246.62228393554688,253.0,46308.85546875,0.0,3323.02099609375,1.0,280.05810546875,283.094970703125,291.7230834960937,294.71905517578125,293.1499938964844,293.1499938964844,280.3500061035156,36229.2890625,36000.0,313.1499938964844,0.0,18000.0,1.0,0.0,0.0,0.0,1.0,0.9909278750419616,1.0,0.0,0.0,3.648087501525879,3.648111581802368,8.880221571416769e-07,4.265924453735352,4.265914440155029,9.78592834144365e-06,0.0,0.0,-0.0,5999.78466796875,0.0,1532.756591796875,1895.4371337890625,0.0,4222.96484375,0.9049919843673706,1.0,0.0,3.0,1.0,0.0
12151020,297.07305908203125,297.1499938964844,293.1499938964844,0.0,-0.0,284.892578125,0.7779629230499268,0.4025346934795379,0.3675702214241028,297.0856018066406,297.1499938964844,293.1499938964844,0.0,-0.0,284.892822265625,0.8836072087287903,0.5978012681007385,0.5702211260795593,297.455810546875,297.1499938964844,293.1499938964844,0.0,-0.0,284.8927917480469,0.8709067702293396,0.5736917853355408,0.4035583436489105,297.16461181640625,297.1499938964844,293.1499938964844,0.0,-0.0,284.8924560546875,0.7383046746253967,0.3417151272296905,0.329718142747879,297.1456298828125,297.1499938964844,293.1499938964844,0.0,-0.0,284.8919677734375,0.6420138478279114,0.222976952791214,1.033887267112732,284.8927001953125,284.95001220703125,299.6719665527344,288.6523742675781,297.9851379394531,297.2572631835937,284.8939514160156,1.0,0.6553057432174683,0.4033522605895996,0.4033522605895996,1.0,1.0,-3.248146772384644,0.9799149632453918,2.2682318687438965,0.2476347982883453,0.8966690301895142,0.8966690301895142,0.0,249.7638397216797,256.0,45172.95703125,0.0,3336.876708984375,1.0,280.3421325683594,283.3027648925781,291.6195678710937,294.4804077148437,293.1499938964844,293.1499938964844,280.6499938964844,36116.0859375,36000.0,313.1499938964844,0.0,18000.0,1.0,0.0,0.0,0.0,1.0,0.9803748726844788,1.0,0.0,0.0,3.642999649047852,3.643023729324341,8.85546910467383e-07,4.265924453735352,4.265914440155029,9.78592834144365e-06,0.0,0.0,-0.0,5839.2607421875,0.0,1526.26123046875,1895.4371337890625,0.0,4131.98095703125,0.903803527355194,1.0,0.0,3.0,1.0,0.0
12151080,297.07305908203125,297.1499938964844,293.1499938964844,0.0,-0.0,284.892578125,0.7779629230499268,0.4025346934795379,0.3675702214241028,297.0856018066406,297.1499938964844,293.1499938964844,0.0,-0.0,284.892822265625,0.8836072087287903,0.5978012681007385,0.5702211260795593,297.455810546875,297.1499938964844,293.1499938964844,0.0,-0.0,284.8927917480469,0.8709067702293396,0.5736917853355408,0.4035583436489105,297.16461181640625,297.1499938964844,293.1499938964844,0.0,-0.0,284.8924560546875,0.7383046746253967,0.3417151272296905,0.329718142747879,297.1456298828125,297.1499938964844,293.1499938964844,0.0,-0.0,284.8919677734375,0.6420138478279114,0.222976952791214,1.033887267112732,284.8927001953125,284.95001220703125,299.6719665527344,288.6523742675781,297.9851379394531,297.2572631835937,284.8939514160156,1.0,0.6553057432174683,0.4033522605895996,0.4033522605895996,1.0,1.0,-3.248146772384644,0.9799149632453918,2.2682318687438965,0.2476347982883453,0.8966690301895142,0.8966690301895142,0.0,249.7638397216797,256.0,45172.95703125,0.0,3336.876708984375,1.0,280.3421325683594,283.3027648925781,291.6195678710937,294.4804077148437,293.1499938964844,293.1499938964844,280.6499938964844,36116.0859375,36000.0,313.1499938964844,0.0,18000.0,1.0,0.0,0.0,0.0,1.0,0.9803748726844788,1.0,0.0,0.0,3.642999649047852,3.643023729324341,8.85546910467383e-07,4.265924453735352,4.265914440155029,9.78592834144365e-06,0.0,0.0,-0.0,5839.2607421875,0.0,1526.26123046875,1895.4371337890625,0.0,4131.98095703125,0.903803527355194,1.0,0.0,3.0,1.0,0.0
12151140,297.0871276855469,297.1499938964844,293.1499938964844,0.0,-0.0,285.07977294921875,0.7769845128059387,0.4029796123504638,0.3678069710731506,297.0978088378906,297.1499938964844,293.1499938964844,0.0,-0.0,285.0800476074219,0.8823834657669067,0.5982125997543335,0.5703839659690857,297.4728088378906,297.1499938964844,293.1499938964844,0.0,-0.0,285.0800170898437,0.8723278641700745,0.5792779326438904,0.4072845578193664,297.1727294921875,297.1499938964844,293.1499938964844,0.0,-0.0,285.0796203613281,0.7378659844398499,0.342715322971344,0.3305215835571289,297.1518859863281,297.1499938964844,293.1499938964844,0.0,-0.0,285.0790710449219,0.6415223479270935,0.2235478460788726,1.0359233617782593,285.07989501953125,284.95001220703125,299.6518859863281,288.6365051269531,297.9877014160156,297.27130126953125,285.0813903808594,1.0,0.6573734283447266,0.4026134610176086,0.4026134610176086,1.0,1.0,-3.2565131187438965,0.980828046798706,2.2756850719451904,0.2465294748544693,0.8999508619308472,0.8999508619308472,0.0,251.692138671875,259.0,44124.67578125,0.0,3366.365966796875,1.0,280.6416931152344,283.53125,291.5853271484375,294.3609619140625,293.1499938964844,293.1499938964844,280.95001220703125,35912.48046875,36000.0,313.1499938964844,0.0,18000.0,1.0,0.0,0.0,0.0,1.0,0.9668607115745544,1.0,0.0,0.0,3.645622730255127,3.645646572113037,8.868225904734572e-07,4.265924453735352,4.265914440155029,9.78592834144365e-06,0.0,0.0,-0.0,5728.10595703125,0.0,1527.6500244140625,1895.4371337890625,0.0,4013.50146484375,0.9042564034461976,1.0,0.0,3.0,1.0,0.0
12151200,297.0871276855469,297.1499938964844,293.1499938964844,0.0,-0.0,285.07977294921875,0.7769845128059387,0.4029796123504638,0.3678069710731506,297.0978088378906,297.1499938964844,293.1499938964844,0.0,-0.0,285.0800476074219,0.8823834657669067,0.5982125997543335,0.5703839659690857,297.4728088378906,297.1499938964844,293.1499938964844,0.0,-0.0,285.0800170898437,0.8723278641700745,0.5792779326438904,0.4072845578193664,297.1727294921875,297.1499938964844,293.1499938964844,0.0,-0.0,285.0796203613281,0.7378659844398499,0.342715322971344,0.3305215835571289,297.1518859863281,297.1499938964844,293.1499938964844,0.0,-0.0,285.0790710449219,0.6415223479270935,0.2235478460788726,1.0359233617782593,285.07989501953125,284.95001220703125,299.6518859863281,288.6365051269531,297.9877014160156,297.27130126953125,285.0813903808594,1.0,0.6573734283447266,0.4026134610176086,0.4026134610176086,1.0,1.0,-3.2565131187438965,0.980828046798706,2.2756850719451904,0.2465294748544693,0.8999508619308472,0.8999508619308472,0.0,251.692138671875,259.0,44124.67578125,0.0,3366.365966796875,1.0,280.6416931152344,283.53125,291.5853271484375,294.3609619140625,293.1499938964844,293.1499938964844,280.95001220703125,35912.48046875,36000.0,313.1499938964844,0.0,18000.0,1.0,0.0,0.0,0.0,1.0,0.9668607115745544,1.0,0.0,0.0,3.645622730255127,3.645646572113037,8.868225904734572e-07,4.265924453735352,4.265914440155029,9.78592834144365e-06,0.0,0.0,-0.0,5728.10595703125,0.0,1527.6500244140625,1895.4371337890625,0.0,4013.50146484375,0.9042564034461976,1.0,0.0,3.0,1.0,0.0
12151260,297.1017150878906,297.1499938964844,293.1499938964844,0.0,-0.0,285.26171875,0.7767587900161743,0.4037962555885315,0.368430882692337,297.11236572265625,297.1499938964844,293.1499938964844,0.0,-0.0,285.26226806640625,0.881996214389801,0.5991321802139282,0.5711050033569336,297.4900207519531,297.1499938964844,293.1499938964844,0.0,-0.0,285.2622375488281,0.8739917874336243,0.5842667818069458,0.410637766122818,297.1828308105469,297.1499938964844,293.1499938964844,0.0,-0.0,285.26141357421875,0.7380250692367554,0.3439525365829468,0.3315956890583038,297.1602783203125,297.1499938964844,293.1499938964844,0.0,-0.0,285.26031494140625,0.6416864395141602,0.2244032025337219,1.0393949747085571,285.2619934082031,284.95001220703125,299.6358337402344,288.6236267089844,297.9927978515625,297.2862854003906,285.2648620605469,1.0,0.6594832539558411,0.402134507894516,0.402134507894516,1.0,1.0,-3.267622947692871,0.9833909273147584,2.2842321395874023,0.246518537402153,0.9048547744750975,0.9048547744750975,0.0,253.095947265625,259.0,43227.1640625,0.0,3399.26611328125,1.0,280.932861328125,283.75274658203125,291.5633850097656,294.26080322265625,293.1499938964844,293.1499938964844,280.95001220703125,35703.36328125,36000.0,313.1499938964844,0.0,18000.0,1.0,0.0,0.0,0.0,1.0,0.9556080102920532,1.0,0.0,0.0,3.654322385787964,3.654346466064453,8.910600968192739e-07,4.265924453735352,4.265914440155029,9.78592834144365e-06,0.0,0.0,-0.0,5953.77880859375,0.0,1535.7606201171875,1895.4371337890625,0.0,3913.33984375,0.9060713052749634,1.0,0.0,3.0,1.0,0.0
12151320,297.1051330566406,297.1499938964844,293.1499938964844,0.0,-0.0,285.27349853515625,0.7767724394798279,0.4040022492408752,0.3686488568782806,297.11590576171875,297.1499938964844,293.1499938964844,0.0,-0.0,285.2737731933594,0.8819705843925476,0.599379301071167,0.5713646411895752,297.4940795898437,297.1499938964844,293.1499938964844,0.0,-0.0,285.2737731933594,0.8744737505912781,0.5855182409286499,0.411530464887619,297.1854248046875,297.1499938964844,293.1499938964844,0.0,-0.0,285.2733459472656,0.7381266951560974,0.344283789396286,0.3319217562675476,297.1625366210937,297.1499938964844,293.1499938964844,0.0,-0.0,285.27276611328125,0.6417959928512573,0.2246456295251846,1.040507674217224,285.27362060546875,284.95001220703125,299.6318054199219,288.6203918457031,297.9940490722656,297.2899780273437,285.27520751953125,1.0,0.660076379776001,0.4020147621631622,0.4020147621631622,1.0,1.0,-3.271000862121582,0.9842421412467957,2.2867586612701416,0.2466071844100952,0.905859351158142,0.905859351158142,0.0,253.4385681152344,262.0,43236.50390625,0.0,3408.8349609375,1.0,280.9417419433594,283.7641296386719,291.5749206542969,294.2882080078125,293.1499938964844,293.1499938964844,280.6499938964844,35671.00390625,36000.0,313.1499938964844,0.0,18000.0,1.0,0.0,0.0,0.0,1.0,0.9549658298492432,1.0,0.0,0.0,3.657202005386353,3.657226085662842,8.924650387598376e-07,4.265924453735352,4.265914440155029,9.78592834144365e-06,0.0,0.0,-0.0,6328.17236328125,0.0,1538.7294921875,1895.4371337890625,0.0,3907.586181640625,0.9066840410232544,1.0,0.0,3.0,1.0,0.0
12151380,297.1045837402344,297.1499938964844,293.1499938964844,0.0,-0.0,285.10906982421875,0.7750314474105835,0.4034033715724945,0.3687166273593902,297.1153869628906,297.1499938964844,293.1499938964844,0.0,-0.0,285.1088562011719,0.8800541758537292,0.5989211797714233,0.5716009140014648,297.4955444335937,297.1499938964844,293.1499938964844,0.0,-0.0,285.1088562011719,0.8750529885292053,0.5900517702102661,0.4151504933834076,297.18719482421875,297.1499938964844,293.1499938964844,0.0,-0.0,285.10919189453125,0.7372927069664001,0.3449289798736572,0.3329718112945556,297.1658935546875,297.1499938964844,293.1499938964844,0.0,-0.0,285.109619140625,0.6411700248718262,0.2251601964235305,1.044432282447815,285.10894775390625,284.95001220703125,299.6116638183594,288.6041564941406,297.98828125,297.2916564941406,285.1078491210937,1.0,0.6628981232643127,0.4014160931110382,0.4014160931110382,1.0,1.0,-3.2817163467407227,0.9863190054893494,2.2953972816467285,0.2464397400617599,0.9066243171691896,0.9066243171691896,0.0,256.4219055175781,265.0,44390.484375,0.0,3449.913330078125,1.0,280.6577453613281,283.55401611328125,291.6537780761719,294.50811767578125,293.1499938964844,293.1499938964844,280.3500061035156,35759.5703125,36000.0,313.1499938964844,0.0,18000.0,1.0,0.0,0.0,0.0,1.0,0.9692956805229188,1.0,0.0,0.0,3.6668484210968018,3.666872501373291,8.97179234016221e-07,4.265924453735352,4.265914440155029,9.78592834144365e-06,0.0,0.0,-0.0,6501.22216796875,0.0,1550.1868896484375,1895.4371337890625,0.0,4035.001953125,0.9088757038116456,1.0,0.0,3.0,1.0,0.0
12151440,297.1045837402344,297.1499938964844,293.1499938964844,0.0,-0.0,285.10906982421875,0.7750314474105835,0.4034033715724945,0.3687166273593902,297.1153869628906,297.1499938964844,293.1499938964844,0.0,-0.0,285.1088562011719,0.8800541758537292,0.5989211797714233,0.5716009140014648,297.4955444335937,297.1499938964844,293.1499938964844,0.0,-0.0,285.1088562011719,0.8750529885292053,0.5900517702102661,0.4151504933834076,297.18719482421875,297.1499938964844,293.1499938964844,0.0,-0.0,285.10919189453125,0.7372927069664001,0.3449289798736572,0.3329718112945556,297.1658935546875,297.1499938964844,293.1499938964844,0.0,-0.0,285.109619140625,0.6411700248718262,0.2251601964235305,1.044432282447815,285.10894775390625,284.95001220703125,299.6116638183594,288.6041564941406,297.98828125,297.2916564941406,285.1078491210937,1.0,0.6628981232643127,0.4014160931110382,0.4014160931110382,1.0,1.0,-3.2817163467407227,0.9863190054893494,2.2953972816467285,0.2464397400617599,0.9066243171691896,0.9066243171691896,0.0,256.4219055175781,265.0,44390.484375,0.0,3449.913330078125,1.0,280.6577453613281,283.55401611328125,291.6537780761719,294.50811767578125,293.1499938964844,293.1499938964844,280.3500061035156,35759.5703125,36000.0,313.1499938964844,0.0,18000.0,1.0,0.0,0.0,0.0,1.0,0.9692956805229188,1.0,0.0,0.0,3.6668484210968018,3.666872501373291,8.97179234016221e-07,4.265924453735352,4.265914440155029,9.78592834144365e-06,0.0,0.0,-0.0,6501.22216796875,0.0,1550.1868896484375,1895.4371337890625,0.0,4035.001953125,0.9088757038116456,1.0,0.0,3.0,1.0,0.0
12151500,297.0986328125,297.1499938964844,293.1499938964844,0.0,-0.0,284.9718322753906,0.7732736468315125,0.402534544467926,0.3681965470314026,297.1082763671875,297.1499938964844,293.1499938964844,0.0,-0.0,284.970458984375,0.8781834244728088,0.5980093479156494,0.5710522532463074,297.4902648925781,297.1499938964844,293.1499938964844,0.0,-0.0,284.9704895019531,0.8744558691978455,0.5917245745658875,0.4165146946907043,297.1835021972656,297.1499938964844,293.1499938964844,0.0,-0.0,284.9725646972656,0.7361587285995483,0.3448050618171692,0.3330828845500946,297.16387939453125,297.1499938964844,293.1499938964844,0.0,-0.0,284.97540283203125,0.6401812434196472,0.2250646650791168,1.0449408292770386,284.9711303710937,284.95001220703125,299.6015930175781,288.5959777832031,297.9813842773437,297.2869567871094,284.9638671875,1.0,0.6640685796737671,0.4011167585849762,0.4011167585849762,1.0,1.0,-3.282822370529175,0.9858703017234802,2.296952247619629,0.2457981258630752,0.905425190925598,0.905425190925598,0.0,258.4559936523437,265.0,45406.01953125,0.0,3463.83935546875,1.0,280.4007263183594,283.37652587890625,291.6815795898437,294.6615295410156,293.1499938964844,293.1499938964844,280.3500061035156,35858.515625,36000.0,313.1499938964844,0.0,18000.0,1.0,0.0,0.0,0.0,1.0,0.979788303375244,1.0,0.0,0.0,3.669312715530396,3.6693367958068848,8.983854513644474e-07,4.265924453735352,4.265914440155029,9.78592834144365e-06,0.0,0.0,-0.0,6316.23095703125,0.0,1553.6968994140625,1895.4371337890625,0.0,4126.8828125,0.9094579219818116,1.0,0.0,3.0,1.0,0.0
12151560,297.0906677246094,297.1499938964844,293.1499938964844,0.0,-0.0,284.9230041503906,0.771064817905426,0.4014275670051574,0.3673507273197174,297.0984191894531,297.1499938964844,293.1499938964844,0.0,-0.0,284.9227294921875,0.8758423328399658,0.5967754125595093,0.570087194442749,297.4828186035156,297.1499938964844,293.1499938964844,0.0,-0.0,284.9227294921875,0.8734056353569031,0.5931471586227417,0.4176084101200104,297.177734375,297.1499938964844,293.1499938964844,0.0,-0.0,284.9231262207031,0.7346410155296326,0.3444507122039795,0.3329192101955414,297.1599426269531,297.1499938964844,293.1499938964844,0.0,-0.0,284.9236755371094,0.6388130784034729,0.2247658371925354,1.0444000959396362,284.9228515625,284.95001220703125,299.59149169921875,288.5877685546875,297.9726867675781,297.2800598144531,284.92144775390625,1.0,0.6650179624557495,0.4007046818733215,0.4007046818733215,1.0,1.0,-3.2811174392700195,0.9841474294662476,2.2969698905944824,0.2444993257522583,0.904719889163971,0.904719889163971,0.0,260.7247619628906,268.0,45512.4296875,0.0,3472.64404296875,1.0,280.35797119140625,283.325439453125,291.6513061523437,294.5967102050781,293.1499938964844,293.1499938964844,280.04998779296875,35943.23828125,36000.0,313.1499938964844,0.0,18000.0,1.0,0.0,0.0,0.0,1.0,0.9853296279907228,1.0,0.0,0.0,3.669585943222046,3.669610023498535,8.985193176158646e-07,4.265924453735352,4.265914440155029,9.78592834144365e-06,0.0,0.0,-0.0,6629.52099609375,0.0,1554.6412353515625,1895.4371337890625,0.0,4174.8759765625,0.9096055626869202,1.0,0.0,3.0,1.0,0.0
12151620,297.0726013183594,297.1499938964844,293.1499938964844,0.0,-0.0,284.7326354980469,0.7664574384689331,0.3988485336303711,0.3653395771980285,297.0751647949219,297.1499938964844,293.1499938964844,0.0,-0.0,284.7323608398437,0.8709214925765991,0.593772292137146,0.567634642124176,297.465087890625,297.1499938964844,293.1499938964844,0.0,-0.0,284.7323608398437,0.8711103200912476,0.5955728888511658,0.4195234477519989,297.1632080078125,297.1499938964844,293.1499938964844,0.0,-0.0,284.7327880859375,0.7313427329063416,0.3433340489864349,0.332187294960022,297.1489562988281,297.1499938964844,293.1499938964844,0.0,-0.0,284.7333374023437,0.6357427835464478,0.2237815707921981,1.0414774417877195,284.73248291015625,284.95001220703125,299.5713195800781,288.57135009765625,297.9535827636719,297.2640991210937,284.73095703125,1.0,0.666398823261261,0.3998805582523346,0.3998805582523346,1.0,1.0,-3.2736642360687256,0.9792555570602416,2.294408798217773,0.2413190156221389,0.9002405405044556,0.9002405405044556,0.0,265.1835021972656,271.0,46517.328125,0.0,3480.51123046875,1.0,280.05810546875,283.0959167480469,291.6241149902344,294.637451171875,293.1499938964844,293.1499938964844,279.75,36177.60546875,36000.0,313.1499938964844,0.0,18000.0,1.0,0.0,0.0,0.0,1.0,0.9984970092773438,1.0,0.0,0.0,3.663663625717163,3.663687705993652,8.956214401223406e-07,4.265924453735352,4.265914440155029,9.78592834144365e-06,0.0,0.0,-0.0,6744.5927734375,0.0,1549.757080078125,1895.4371337890625,0.0,4287.31689453125,0.9084360003471376,1.0,0.0,3.0,1.0,0.0
12151680,297.0726013183594,297.1499938964844,293.1499938964844,0.0,-0.0,284.7326354980469,0.7664574384689331,0.3988485336303711,0.3653395771980285,297.0751647949219,297.1499938964844,293.1499938964844,0.0,-0.0,284.7323608398437,0.8709214925765991,0.593772292137146,0.567634642124176,297.465087890625,297.1499938964844,293.1499938964844,0.0,-0.0,284.7323608398437,0.8711103200912476,0.5955728888511658,0.4195234477519989,297.1632080078125,297.1499938964844,293.1499938964844,0.0,-0.0,284.7327880859375,0.7313427329063416,0.3433340489864349,0.332187294960022,297.1489562988281,297.1499938964844,293.1499938964844,0.0,-0.0,284.7333374023437,0.6357427835464478,0.2237815707921981,1.0414774417877195,284.73248291015625,284.95001220703125,299.5713195800781,288.57135009765625,297.9535827636719,297.2640991210937,284.73095703125,1.0,0.666398823261261,0.3998805582523346,0.3998805582523346,1.0,1.0,-3.2736642360687256,0.9792555570602416,2.294408798217773,0.2413190156221389,0.9002405405044556,0.9002405405044556,0.0,265.1835021972656,271.0,46517.328125,0.0,3480.51123046875,1.0,280.05810546875,283.0959167480469,291.6241149902344,294.637451171875,293.1499938964844,293.1499938964844,279.75,36177.60546875,36000.0,313.1499938964844,0.0,18000.0,1.0,0.0,0.0,0.0,1.0,0.9984970092773438,1.0,0.0,0.0,3.663663625717163,3.663687705993652,8.956214401223406e-07,4.265924453735352,4.265914440155029,9.78592834144365e-06,0.0,0.0,-0.0,6744.5927734375,0.0,1549.757080078125,1895.4371337890625,0.0,4287.31689453125,0.9084360003471376,1.0,0.0,3.0,1.0,0.0
12151740,297.0534973144531,297.1499938964844,293.1499938964844,0.0,-0.0,284.5415344238281,0.7617709040641785,0.3959318995475769,0.3629809617996216,297.04998779296875,297.1499938964844,293.1499938964844,0.0,-0.0,284.541259765625,0.8659022450447083,0.5902730822563171,0.5646496415138245,297.445556640625,297.1499938964844,293.1499938964844,0.0,-0.0,284.541259765625,0.8687220215797424,0.5975952744483948,0.4211256802082062,297.1466979980469,297.1499938964844,293.1499938964844,0.0,-0.0,284.54168701171875,0.7278699278831482,0.3418312072753906,0.3310419619083404,297.1356506347656,297.1499938964844,293.1499938964844,0.0,-0.0,284.542236328125,0.6324257254600525,0.2224234342575073,1.0366607904434204,284.5413818359375,284.95001220703125,299.55108642578125,288.5549011230469,297.933349609375,297.2467346191406,284.5399169921875,1.0,0.6671749949455261,0.3990554809570312,0.3990554809570312,1.0,1.0,-3.2619998455047607,0.97289776802063,2.289102077484131,0.2375883758068084,0.8931926488876343,0.8931926488876343,0.0,269.4227294921875,274.0,47425.97265625,0.0,3477.4697265625,1.0,279.758544921875,282.8686218261719,291.62518310546875,294.6864929199219,293.1499938964844,293.1499938964844,280.04998779296875,36449.05859375,36000.0,313.1499938964844,0.0,18000.0,1.0,0.0,0.0,0.0,1.0,1.0,1.0,0.0,0.0,3.647653818130493,3.6476778984069824,8.87810983840609e-07,4.265924453735352,4.265914440155029,9.78592834144365e-06,0.0,0.0,-0.0,6092.13671875,0.0,1533.9176025390625,1895.4371337890625,0.0,4300.0,0.9050403833389282,1.0,0.0,3.0,1.0,0.0
12151800,297.0534973144531,297.1499938964844,293.1499938964844,0.0,-0.0,284.5415344238281,0.7617709040641785,0.3959318995475769,0.3629809617996216,297.04998779296875,297.1499938964844,293.1499938964844,0.0,-0.0,284.541259765625,0.8659022450447083,0.5902730822563171,0.5646496415138245,297.445556640625,297.1499938964844,293.1499938964844,0.0,-0.0,284.541259765625,0.8687220215797424,0.5975952744483948,0.4211256802082062,297.1466979980469,297.1499938964844,293.1499938964844,0.0,-0.0,284.54168701171875,0.7278699278831482,0.3418312072753906,0.3310419619083404,297.1356506347656,297.1499938964844,293.1499938964844,0.0,-0.0,284.542236328125,0.6324257254600525,0.2224234342575073,1.0366607904434204,284.5413818359375,284.95001220703125,299.55108642578125,288.5549011230469,297.933349609375,297.2467346191406,284.5399169921875,1.0,0.6671749949455261,0.3990554809570312,0.3990554809570312,1.0,1.0,-3.2619998455047607,0.97289776802063,2.289102077484131,0.2375883758068084,0.8931926488876343,0.8931926488876343,0.0,269.4227294921875,274.0,47425.97265625,0.0,3477.4697265625,1.0,279.758544921875,282.8686218261719,291.62518310546875,294.6864929199219,293.1499938964844,293.1499938964844,280.04998779296875,36449.05859375,36000.0,313.1499938964844,0.0,18000.0,1.0,0.0,0.0,0.0,1.0,1.0,1.0,0.0,0.0,3.647653818130493,3.6476778984069824,8.87810983840609e-07,4.265924453735352,4.265914440155029,9.78592834144365e-06,0.0,0.0,-0.0,6092.13671875,0.0,1533.9176025390625,1895.4371337890625,0.0,4300.0,0.9050403833389282,1.0,0.0,3.0,1.0,0.0
12151860,297.0536804199219,297.1499938964844,293.1499938964844,0.0,-0.0,284.70428466796875,0.7587640881538391,0.3947048485279083,0.361497700214386,297.0448608398437,297.1499938964844,293.1499938964844,0.0,-0.0,284.7044982910156,0.8625426292419434,0.58846116065979,0.5625195503234863,297.4468078613281,297.1499938964844,293.1499938964844,0.0,-0.0,284.7045288085937,0.8680157661437988,0.6014316082000732,0.4234445095062256,297.1423645019531,297.1499938964844,293.1499938964844,0.0,-0.0,284.70416259765625,0.7256195545196533,0.3413336277008056,0.3303462266921997,297.1308898925781,297.1499938964844,293.1499938964844,0.0,-0.0,284.70367431640625,0.6301601529121399,0.2217452228069305,1.0329976081848145,284.70440673828125,284.95001220703125,299.5309143066406,288.53857421875,297.92596435546875,297.24615478515625,284.70562744140625,1.0,0.6678981184959412,0.3986710608005523,0.3986710608005523,1.0,1.0,-3.2551863193511963,0.9694362878799438,2.285750150680542,0.2354466170072555,0.8912588953971863,0.8912588953971863,0.0,272.3128356933594,277.0,46192.42578125,0.0,3478.000732421875,1.0,280.0421142578125,283.0777587890625,291.5135498046875,294.4408874511719,293.1499938964844,293.1499938964844,280.3500061035156,36371.81640625,36000.0,313.1499938964844,0.0,18000.0,1.0,0.0,0.0,0.0,1.0,0.9944711923599244,1.0,0.0,0.0,3.6330950260162354,3.6331191062927246,8.807381846054341e-07,4.265924453735352,4.265914440155029,9.78592834144365e-06,0.0,0.0,-0.0,5918.4658203125,0.0,1517.2113037109375,1895.4371337890625,0.0,4253.18798828125,0.9017652869224548,1.0,0.0,3.0,1.0,0.0
12151920,297.0536804199219,297.1499938964844,293.1499938964844,0.0,-0.0,284.70428466796875,0.7587640881538391,0.3947048485279083,0.361497700214386,297.0448608398437,297.1499938964844,293.1499938964844,0.0,-0.0,284.7044982910156,0.8625426292419434,0.58846116065979,0.5625195503234863,297.4468078613281,297.1499938964844,293.1499938964844,0.0,-0.0,284.7045288085937,0.8680157661437988,0.6014316082000732,0.4234445095062256,297.1423645019531,297.1499938964844,293.1499938964844,0.0,-0.0,284.70416259765625,0.7256195545196533,0.3413336277008056,0.3303462266921997,297.1308898925781,297.1499938964844,293.1499938964844,0.0,-0.0,284.70367431640625,0.6301601529121399,0.2217452228069305,1.0329976081848145,284.70440673828125,284.95001220703125,299.5309143066406,288.53857421875,297.92596435546875,297.24615478515625,284.70562744140625,1.0,0.6678981184959412,0.3986710608005523,0.3986710608005523,1.0,1.0,-3.2551863193511963,0.9694362878799438,2.285750150680542,0.2354466170072555,0.8912588953971863,0.8912588953971863,0.0,272.3128356933594,277.0,46192.42578125,0.0,3478.000732421875,1.0,280.0421142578125,283.0777587890625,291.5135498046875,294.4408874511719,293.1499938964844,293.1499938964844,280.3500061035156,36371.81640625,36000.0,313.1499938964844,0.0,18000.0,1.0,0.0,0.0,0.0,1.0,0.9944711923599244,1.0,0.0,0.0,3.6330950260162354,3.6331191062927246,8.807381846054341e-07,4.265924453735352,4.265914440155029,9.78592834144365e-06,0.0,0.0,-0.0,5918.4658203125,0.0,1517.2113037109375,1895.4371337890625,0.0,4253.18798828125,0.9017652869224548,1.0,0.0,3.0,1.0,0.0
12151980,297.0672912597656,297.1499938964844,293.1499938964844,0.0,-0.0,284.8921203613281,0.7578606605529785,0.3948565423488617,0.3614489734172821,297.056396484375,297.1499938964844,293.1499938964844,0.0,-0.0,284.8924255371094,0.8613304495811462,0.5882856845855713,0.5620980858802795,297.4623718261719,297.1499938964844,293.1499938964844,0.0,-0.0,284.8924255371094,0.8694093823432922,0.6067585945129395,0.4269700348377228,297.1497497558594,297.1499938964844,293.1499938964844,0.0,-0.0,284.8919982910156,0.7251251935958862,0.3419751822948456,0.3307764530181885,297.1360168457031,297.1499938964844,293.1499938964844,0.0,-0.0,284.89141845703125,0.6295672059059143,0.2220135331153869,1.0335063934326172,284.89227294921875,284.95001220703125,299.5107116699219,288.5223693847656,297.9283447265625,297.2588806152344,284.8938293457031,1.0,0.6693590879440308,0.3982857167720794,0.3982857167720794,1.0,1.0,-3.259978771209717,0.9700406789779664,2.28993821144104,0.2348459810018539,0.8920411467552185,0.8920411467552185,0.0,273.9384765625,280.0,45071.59375,0.0,3498.01806640625,1.0,280.3415832519531,283.3092346191406,291.4721069335937,294.3076171875,293.1499938964844,293.1499938964844,280.6499938964844,36182.44921875,36000.0,313.1499938964844,0.0,18000.0,1.0,0.0,0.0,0.0,1.0,0.9810925126075744,1.0,0.0,0.0,3.625638961791992,3.6256628036499023,8.771268653617881e-07,4.265924453735352,4.265914440155029,9.78592834144365e-06,0.0,0.0,-0.0,5797.12255859375,0.0,1507.5902099609375,1895.4371337890625,0.0,4138.212890625,0.8999770283699036,1.0,0.0,3.0,1.0,0.0
12152040,297.0672912597656,297.1499938964844,293.1499938964844,0.0,-0.0,284.8921203613281,0.7578606605529785,0.3948565423488617,0.3614489734172821,297.056396484375,297.1499938964844,293.1499938964844,0.0,-0.0,284.8924255371094,0.8613304495811462,0.5882856845855713,0.5620980858802795,297.4623718261719,297.1499938964844,293.1499938964844,0.0,-0.0,284.8924255371094,0.8694093823432922,0.6067585945129395,0.4269700348377228,297.1497497558594,297.1499938964844,293.1499938964844,0.0,-0.0,284.8919982910156,0.7251251935958862,0.3419751822948456,0.3307764530181885,297.1360168457031,297.1499938964844,293.1499938964844,0.0,-0.0,284.89141845703125,0.6295672059059143,0.2220135331153869,1.0335063934326172,284.89227294921875,284.95001220703125,299.5107116699219,288.5223693847656,297.9283447265625,297.2588806152344,284.8938293457031,1.0,0.6693590879440308,0.3982857167720794,0.3982857167720794,1.0,1.0,-3.259978771209717,0.9700406789779664,2.28993821144104,0.2348459810018539,0.8920411467552185,0.8920411467552185,0.0,273.9384765625,280.0,45071.59375,0.0,3498.01806640625,1.0,280.3415832519531,283.3092346191406,291.4721069335937,294.3076171875,293.1499938964844,293.1499938964844,280.6499938964844,36182.44921875,36000.0,313.1499938964844,0.0,18000.0,1.0,0.0,0.0,0.0,1.0,0.9810925126075744,1.0,0.0,0.0,3.625638961791992,3.6256628036499023,8.771268653617881e-07,4.265924453735352,4.265914440155029,9.78592834144365e-06,0.0,0.0,-0.0,5797.12255859375,0.0,1507.5902099609375,1895.4371337890625,0.0,4138.212890625,0.8999770283699036,1.0,0.0,3.0,1.0,0.0
12152100,297.0758361816406,297.1499938964844,293.1499938964844,0.0,-0.0,285.0319519042969,0.7576474547386169,0.3951685130596161,0.3616470098495483,297.0647888183594,297.1499938964844,293.1499938964844,0.0,-0.0,285.0334167480469,0.8609850406646729,0.5885132551193237,0.5622067451477051,297.4720458984375,297.1499938964844,293.1499938964844,0.0,-0.0,285.03350830078125,0.8703262805938721,0.6096837520599365,0.4289164841175079,297.1555480957031,297.1499938964844,293.1499938964844,0.0,-0.0,285.03125,0.7251235842704773,0.3425415456295013,0.3312400281429291,297.1406555175781,297.1499938964844,293.1499938964844,0.0,-0.0,285.0282897949219,0.629549503326416,0.2223799973726272,1.0348693132400513,285.0327453613281,284.95001220703125,299.5006103515625,288.5143127441406,297.9309997558594,297.2671813964844,285.0403137207031,1.0,0.6703670024871826,0.3980930149555206,0.3980930149555206,1.0,1.0,-3.264881134033203,0.9712101817131042,2.293670892715454,0.234881967306137,0.8939590454101562,0.8939590454101562,0.0,274.72320556640625,280.0,44120.3828125,0.0,3513.64404296875,1.0,280.5980529785156,283.4881286621094,291.4403991699219,294.16436767578125,293.1499938964844,293.1499938964844,280.6499938964844,36051.1328125,36000.0,313.1499938964844,0.0,18000.0,1.0,0.0,0.0,0.0,1.0,0.9724993705749512,1.0,0.0,0.0,3.62506103515625,3.62508487701416,8.768473094278306e-07,4.265924453735352,4.265914440155029,9.78592834144365e-06,0.0,0.0,-0.0,5968.3681640625,0.0,1505.9793701171875,1895.4371337890625,0.0,4063.18994140625,0.8997926115989685,1.0,0.0,3.0,1.0,0.0
12152160,297.0851745605469,297.1499938964844,293.1499938964844,0.0,-0.0,285.0833435058594,0.7576602101325989,0.3956174254417419,0.3620514273643493,297.07440185546875,297.1499938964844,293.1499938964844,0.0,-0.0,285.0836181640625,0.8608657717704773,0.5889198780059814,0.5625703930854797,297.4825744628906,297.1499938964844,293.1499938964844,0.0,-0.0,285.0836486816406,0.8714643716812134,0.6127598881721497,0.4310463964939117,297.16241455078125,297.1499938964844,293.1499938964844,0.0,-0.0,285.08319091796875,0.7253217101097107,0.34324911236763,0.3318860232830047,297.1463928222656,297.1499938964844,293.1499938964844,0.0,-0.0,285.0826110839844,0.6297426819801331,0.2228835970163345,1.0369904041290283,285.08349609375,284.95001220703125,299.490478515625,288.5063171386719,297.93438720703125,297.2767028808594,285.0850830078125,1.0,0.6715725064277649,0.3978047966957092,0.3978047966957092,1.0,1.0,-3.271690368652344,0.972790002822876,2.298900365829468,0.2349069714546203,0.8953990340232849,0.8953990340232849,0.0,275.4515380859375,283.0,44054.625,0.0,3533.39404296875,1.0,280.64166259765625,283.54119873046875,291.45806884765625,294.2234191894531,293.1499938964844,293.1499938964844,280.95001220703125,35942.49609375,36000.0,313.1499938964844,0.0,18000.0,1.0,0.0,0.0,0.0,1.0,0.9686989784240724,1.0,0.0,0.0,3.62710952758789,3.627133369445801,8.778384881225065e-07,4.265924453735352,4.265914440155029,9.78592834144365e-06,0.0,0.0,-0.0,5693.89013671875,0.0,1507.4229736328125,1895.4371337890625,0.0,4029.739013671875,0.900141716003418,1.0,0.0,3.0,1.0,0.0
12152220,297.1045227050781,297.1499938964844,293.1499938964844,0.0,-0.0,285.2797241210937,0.7576895952224731,0.3967536687850952,0.3630232214927673,297.094970703125,297.1499938964844,293.1499938964844,0.0,-0.0,285.280029296875,0.8606337904930115,0.5900426506996155,0.5635529160499573,297.504638671875,297.1499938964844,293.1499938964844,0.0,-0.0,285.2800598144531,0.8737022876739502,0.6192024946212769,0.4354529976844787,297.1773376464844,297.1499938964844,293.1499938964844,0.0,-0.0,285.2795715332031,0.7257738709449768,0.3449157476425171,0.3334080278873443,297.1593322753906,297.1499938964844,293.1499938964844,0.0,-0.0,285.2789611816406,0.6302674412727356,0.2241452187299728,1.0424230098724363,285.2798767089844,284.95001220703125,299.47027587890625,288.4905090332031,297.9418640136719,297.2966613769531,285.28155517578125,1.0,0.6744024157524109,0.3972283005714416,0.3972283005714416,1.0,1.0,-3.2876980304718018,0.9767295718193054,2.310968399047852,0.2352283298969268,0.901411473751068,0.901411473751068,0.0,277.19482421875,286.0,43209.96484375,0.0,3580.26806640625,1.0,280.94158935546875,283.776611328125,291.4504089355469,294.1594543457031,293.1499938964844,293.1499938964844,280.6499938964844,35677.0,36000.0,313.1499938964844,0.0,18000.0,1.0,0.0,0.0,0.0,1.0,0.9580146074295044,1.0,0.0,0.0,3.638449668884277,3.638473510742188,8.833362699078862e-07,4.265924453735352,4.265914440155029,9.78592834144365e-06,0.0,0.0,-0.0,6292.07177734375,0.0,1517.9471435546875,1895.4371337890625,0.0,3934.8681640625,0.9024938941001892,1.0,0.0,3.0,1.0,0.0
12152280,297.1045227050781,297.1499938964844,293.1499938964844,0.0,-0.0,285.2797241210937,0.7576895952224731,0.3967536687850952,0.3630232214927673,297.094970703125,297.1499938964844,293.1499938964844,0.0,-0.0,285.280029296875,0.8606337904930115,0.5900426506996155,0.5635529160499573,297.504638671875,297.1499938964844,293.1499938964844,0.0,-0.0,285.2800598144531,0.8737022876739502,0.6192024946212769,0.4354529976844787,297.1773376464844,297.1499938964844,293.1499938964844,0.0,-0.0,285.2795715332031,0.7257738709449768,0.3449157476425171,0.3334080278873443,297.1593322753906,297.1499938964844,293.1499938964844,0.0,-0.0,285.2789611816406,0.6302674412727356,0.2241452187299728,1.0424230098724363,285.2798767089844,284.95001220703125,299.47027587890625,288.4905090332031,297.9418640136719,297.2966613769531,285.28155517578125,1.0,0.6744024157524109,0.3972283005714416,0.3972283005714416,1.0,1.0,-3.2876980304718018,0.9767295718193054,2.310968399047852,0.2352283298969268,0.901411473751068,0.901411473751068,0.0,277.19482421875,286.0,43209.96484375,0.0,3580.26806640625,1.0,280.94158935546875,283.776611328125,291.4504089355469,294.1594543457031,293.1499938964844,293.1499938964844,280.6499938964844,35677.0,36000.0,313.1499938964844,0.0,18000.0,1.0,0.0,0.0,0.0,1.0,0.9580146074295044,1.0,0.0,0.0,3.638449668884277,3.638473510742188,8.833362699078862e-07,4.265924453735352,4.265914440155029,9.78592834144365e-06,0.0,0.0,-0.0,6292.07177734375,0.0,1517.9471435546875,1895.4371337890625,0.0,3934.8681640625,0.9024938941001892,1.0,0.0,3.0,1.0,0.0
12152340,297.10467529296875,297.1499938964844,293.1499938964844,0.0,-0.0,285.1147766113281,0.7562412619590759,0.3962176442146301,0.3631569743156433,297.0958251953125,297.1499938964844,293.1499938964844,0.0,-0.0,285.1145324707031,0.8589374423027039,0.5894597768783569,0.5636873245239258,297.5048217773437,297.1499938964844,293.1499938964844,0.0,-0.0,285.114501953125,0.8743338584899902,0.6237433552742004,0.4391126930713653,297.1801452636719,297.1499938964844,293.1499938964844,0.0,-0.0,285.1148986816406,0.7250997424125671,0.345566987991333,0.3344860970973968,297.16387939453125,297.1499938964844,293.1499938964844,0.0,-0.0,285.1153564453125,0.6298664808273315,0.2247393429279327,1.0468052625656128,285.1146240234375,284.95001220703125,299.4501037597656,288.4750366210937,297.9361267089844,297.2981262207031,285.1136169433594,1.0,0.6772921681404114,0.3966518342494964,0.3966518342494964,1.0,1.0,-3.29900336265564,0.9790107607841492,2.3199925422668457,0.2351842224597931,0.9022499918937684,0.9022499918937684,0.0,280.2861633300781,289.0,44340.7421875,0.0,3624.06396484375,1.0,280.6578674316406,283.565673828125,291.5277404785156,294.3779296875,293.1499938964844,293.1499938964844,280.3500061035156,35758.5625,36000.0,313.1499938964844,0.0,18000.0,1.0,0.0,0.0,0.0,1.0,0.9729862213134766,1.0,0.0,0.0,3.648151636123657,3.6481757164001465,8.880533641786315e-07,4.265924453735352,4.265914440155029,9.78592834144365e-06,0.0,0.0,-0.0,6463.236328125,0.0,1529.3076171875,1895.4371337890625,0.0,4067.463134765625,0.9046908617019652,1.0,0.0,3.0,1.0,0.0
12152400,297.10467529296875,297.1499938964844,293.1499938964844,0.0,-0.0,285.1147766113281,0.7562412619590759,0.3962176442146301,0.3631569743156433,297.0958251953125,297.1499938964844,293.1499938964844,0.0,-0.0,285.1145324707031,0.8589374423027039,0.5894597768783569,0.5636873245239258,297.5048217773437,297.1499938964844,293.1499938964844,0.0,-0.0,285.114501953125,0.8743338584899902,0.6237433552742004,0.4391126930713653,297.1801452636719,297.1499938964844,293.1499938964844,0.0,-0.0,285.1148986816406,0.7250997424125671,0.345566987991333,0.3344860970973968,297.16387939453125,297.1499938964844,293.1499938964844,0.0,-0.0,285.1153564453125,0.6298664808273315,0.2247393429279327,1.0468052625656128,285.1146240234375,284.95001220703125,299.4501037597656,288.4750366210937,297.9361267089844,297.2981262207031,285.1136169433594,1.0,0.6772921681404114,0.3966518342494964,0.3966518342494964,1.0,1.0,-3.29900336265564,0.9790107607841492,2.3199925422668457,0.2351842224597931,0.9022499918937684,0.9022499918937684,0.0,280.2861633300781,289.0,44340.7421875,0.0,3624.06396484375,1.0,280.6578674316406,283.565673828125,291.5277404785156,294.3779296875,293.1499938964844,293.1499938964844,280.3500061035156,35758.5625,36000.0,313.1499938964844,0.0,18000.0,1.0,0.0,0.0,0.0,1.0,0.9729862213134766,1.0,0.0,0.0,3.648151636123657,3.6481757164001465,8.880533641786315e-07,4.265924453735352,4.265914440155029,9.78592834144365e-06,0.0,0.0,-0.0,6463.236328125,0.0,1529.3076171875,1895.4371337890625,0.0,4067.463134765625,0.9046908617019652,1.0,0.0,3.0,1.0,0.0
12152460,297.0928955078125,297.1499938964844,293.1499938964844,0.0,-0.0,284.93511962890625,0.753261923789978,0.3945378065109253,0.3620486557483673,297.0820617675781,297.1499938964844,293.1499938964844,0.0,-0.0,284.9347229003906,0.8556952476501465,0.587483286857605,0.5623145699501038,297.49188232421875,297.1499938964844,293.1499938964844,0.0,-0.0,284.9346923828125,0.8730974197387695,0.6264054179191589,0.4412767589092254,297.1724853515625,297.1499938964844,293.1499938964844,0.0,-0.0,284.935302734375,0.7230378985404968,0.3451393842697143,0.3344664573669433,297.15936279296875,297.1499938964844,293.1499938964844,0.0,-0.0,284.93609619140625,0.6281396150588989,0.2244470715522766,1.0471479892730713,284.9349060058594,284.95001220703125,299.4323425292969,288.461669921875,297.9219665527344,297.28741455078125,284.932861328125,1.0,0.6792151927947998,0.3959161937236786,0.3959161937236786,1.0,1.0,-3.2990212440490723,0.9769613742828368,2.322059631347656,0.2332645058631897,0.9005419611930847,0.9005419611930847,0.0,284.1410827636719,289.0,45458.42578125,0.0,3645.815185546875,1.0,280.36279296875,283.3435363769531,291.53436279296875,294.4820861816406,293.1499938964844,293.1499938964844,280.3500061035156,35927.2109375,36000.0,313.1499938964844,0.0,18000.0,1.0,0.0,0.0,0.0,1.0,0.9883761405944824,1.0,0.0,0.0,3.650928497314453,3.6509525775909424,8.894058396435867e-07,4.265924453735352,4.265914440155029,9.78592834144365e-06,0.0,0.0,-0.0,6224.36572265625,0.0,1533.6571044921875,1895.4371337890625,0.0,4201.09619140625,0.9054149389266968,1.0,0.0,3.0,1.0,0.0
12152520,297.0912475585937,297.1499938964844,293.1499938964844,0.0,-0.0,284.9294128417969,0.752793550491333,0.3942927420139313,0.3618407249450683,297.0799560546875,297.1499938964844,293.1499938964844,0.0,-0.0,284.9291381835937,0.8551868200302124,0.5871792435646057,0.5620498061180115,297.4900817871094,297.1499938964844,293.1499938964844,0.0,-0.0,284.9291076660156,0.8728638291358948,0.6267532706260681,0.4415229856967926,297.17120361328125,297.1499938964844,293.1499938964844,0.0,-0.0,284.9295349121094,0.7226940989494324,0.3450500667095184,0.3344082236289978,297.158447265625,297.1499938964844,293.1499938964844,0.0,-0.0,284.9300842285156,0.6278402209281921,0.2243743389844894,1.0469666719436646,284.92926025390625,284.95001220703125,299.429931640625,288.4598693847656,297.9199523925781,297.2858581542969,284.9278259277344,1.0,0.679425835609436,0.3958158791065216,0.3958158791065216,1.0,1.0,-3.298460960388184,0.9764850735664368,2.321975946426392,0.2329189181327819,0.9004378318786621,0.9004378318786621,0.0,284.6937866210937,292.0,45463.8125,0.0,3647.61083984375,1.0,280.3582458496094,283.33770751953125,291.52447509765625,294.4654235839844,293.1499938964844,293.1499938964844,280.04998779296875,35940.1484375,36000.0,313.1499938964844,0.0,18000.0,1.0,0.0,0.0,0.0,1.0,0.9892148971557616,1.0,0.0,0.0,3.651003837585449,3.6510279178619385,8.894425036487519e-07,4.265924453735352,4.265914440155029,9.78592834144365e-06,0.0,0.0,-0.0,6591.85693359375,0.0,1533.837646484375,1895.4371337890625,0.0,4208.2939453125,0.9054450988769532,1.0,0.0,3.0,1.0,0.0
12152580,297.07354736328125,297.1499938964844,293.1499938964844,0.0,-0.0,284.7392272949219,0.7487761378288269,0.391759306192398,0.3598745167255401,297.05780029296875,297.1499938964844,293.1499938964844,0.0,-0.0,284.73895263671875,0.8508144021034241,0.5840514898300171,0.5594806671142578,297.47027587890625,297.1499938964844,293.1499938964844,0.0,-0.0,284.7388916015625,0.8707890510559082,0.6290563941001892,0.4433604478836059,297.15692138671875,297.1499938964844,293.1499938964844,0.0,-0.0,284.7393493652344,0.7196255326271057,0.3438765704631805,0.3336295485496521,297.147705078125,297.1499938964844,293.1499938964844,0.0,-0.0,284.73992919921875,0.6251014471054077,0.2233958840370178,1.044106125831604,284.73907470703125,284.95001220703125,299.4097595214844,288.4451599121094,297.9002990722656,297.2689819335937,284.7375183105469,1.0,0.6807880401611328,0.3949799239635467,0.3949799239635467,1.0,1.0,-3.290846824645996,0.971498727798462,2.319348096847534,0.2297163605690002,0.8960494995117188,0.8960494995117188,0.0,289.21875,295.0,46468.3125,0.0,3655.14990234375,1.0,280.0582580566406,283.1083374023437,291.5023193359375,294.5083312988281,293.1499938964844,293.1499938964844,280.3500061035156,36175.6640625,36000.0,313.1499938964844,0.0,18000.0,1.0,0.0,0.0,0.0,1.0,1.0,1.0,0.0,0.0,3.645150661468506,3.645174503326416,8.865928862178407e-07,4.265924453735352,4.265914440155029,9.78592834144365e-06,0.0,0.0,-0.0,5960.6171875,0.0,1529.0926513671875,1895.4371337890625,0.0,4300.0,0.9042940139770508,1.0,0.0,3.0,1.0,0.0
12152640,297.07354736328125,297.1499938964844,293.1499938964844,0.0,-0.0,284.7392272949219,0.7487761378288269,0.391759306192398,0.3598745167255401,297.05780029296875,297.1499938964844,293.1499938964844,0.0,-0.0,284.73895263671875,0.8508144021034241,0.5840514898300171,0.5594806671142578,297.47027587890625,297.1499938964844,293.1499938964844,0.0,-0.0,284.7388916015625,0.8707890510559082,0.6290563941001892,0.4433604478836059,297.15692138671875,297.1499938964844,293.1499938964844,0.0,-0.0,284.7393493652344,0.7196255326271057,0.3438765704631805,0.3336295485496521,297.147705078125,297.1499938964844,293.1499938964844,0.0,-0.0,284.73992919921875,0.6251014471054077,0.2233958840370178,1.044106125831604,284.73907470703125,284.95001220703125,299.4097595214844,288.4451599121094,297.9002990722656,297.2689819335937,284.7375183105469,1.0,0.6807880401611328,0.3949799239635467,0.3949799239635467,1.0,1.0,-3.290846824645996,0.971498727798462,2.319348096847534,0.2297163605690002,0.8960494995117188,0.8960494995117188,0.0,289.21875,295.0,46468.3125,0.0,3655.14990234375,1.0,280.0582580566406,283.1083374023437,291.5023193359375,294.5083312988281,293.1499938964844,293.1499938964844,280.3500061035156,36175.6640625,36000.0,313.1499938964844,0.0,18000.0,1.0,0.0,0.0,0.0,1.0,1.0,1.0,0.0,0.0,3.645150661468506,3.645174503326416,8.865928862178407e-07,4.265924453735352,4.265914440155029,9.78592834144365e-06,0.0,0.0,-0.0,5960.6171875,0.0,1529.0926513671875,1895.4371337890625,0.0,4300.0,0.9042940139770508,1.0,0.0,3.0,1.0,0.0
12152700,297.0708312988281,297.1499938964844,293.1499938964844,0.0,-0.0,284.85601806640625,0.7470318675041199,0.3910003900527954,0.3589702844619751,297.0527038574219,297.1499938964844,293.1499938964844,0.0,-0.0,284.8573303222656,0.8488826155662537,0.5829609036445618,0.5582226514816284,297.4674987792969,297.1499938964844,293.1499938964844,0.0,-0.0,284.8575134277344,0.8700364828109741,0.6308059096336365,0.444352388381958,297.1530456542969,297.1499938964844,293.1499938964844,0.0,-0.0,284.85546875,0.7182382941246033,0.3435362577438354,0.3332064747810364,297.1441650390625,297.1499938964844,293.1499938964844,0.0,-0.0,284.8529052734375,0.6238194704055786,0.2230329066514969,1.0423120260238647,284.8567810058594,284.95001220703125,299.3996887207031,288.4379577636719,297.8938293457031,297.2651672363281,284.8632507324219,1.0,0.6812950372695923,0.3945619463920593,0.3945619463920593,1.0,1.0,-3.286766529083252,0.9689196944236756,2.317846775054932,0.2279733419418335,0.8965526223182678,0.8965526223182678,0.0,291.1498718261719,295.0,45440.5859375,0.0,3656.40869140625,1.0,280.3012084960937,283.265869140625,291.4139099121094,294.2646789550781,293.1499938964844,293.1499938964844,280.3500061035156,36133.82421875,36000.0,313.1499938964844,0.0,18000.0,1.0,0.0,0.0,0.0,1.0,0.9948079586029052,1.0,0.0,0.0,3.642320871353149,3.642344951629639,8.85216934420896e-07,4.265924453735352,4.265914440155029,9.78592834144365e-06,0.0,0.0,-0.0,6098.27001953125,0.0,1525.64111328125,1895.4371337890625,0.0,4256.05126953125,0.9036865830421448,1.0,0.0,3.0,1.0,0.0
12152760,297.0735168457031,297.1499938964844,293.1499938964844,0.0,-0.0,284.8984069824219,0.7461109161376953,0.3907625079154968,0.3586305677890777,297.0536804199219,297.1499938964844,293.1499938964844,0.0,-0.0,284.89862060546875,0.8477663993835449,0.5824388861656189,0.5575759410858154,297.4707336425781,297.1499938964844,293.1499938964844,0.0,-0.0,284.898681640625,0.8701612949371338,0.6331339478492737,0.4458517730236053,297.1531982421875,297.1499938964844,293.1499938964844,0.0,-0.0,284.8983154296875,0.7175217866897583,0.3435697853565216,0.3331458568572998,297.1437072753906,297.1499938964844,293.1499938964844,0.0,-0.0,284.8978881835937,0.6231163740158081,0.2229493558406829,1.041651964187622,284.8985290527344,284.95001220703125,299.3896484375,288.4308776855469,297.89239501953125,297.2679443359375,284.899658203125,1.0,0.6819385290145874,0.3943526148796081,0.3943526148796081,1.0,1.0,-3.2865092754364014,0.9682088494300842,2.318300485610962,0.227232277393341,0.8966668248176575,0.8966668248176575,0.0,292.4356994628906,283.0,45290.99609375,0.0,3663.02880859375,1.0,280.34210205078125,283.3119812011719,291.3949890136719,294.2612609863281,293.1499938964844,293.1499938964844,280.6499938964844,36083.34765625,36000.0,313.1499938964844,0.0,18000.0,1.0,0.0,0.0,0.0,1.0,0.9901790022850036,1.0,0.0,0.0,3.641315698623657,3.6413397789001465,8.847283652357874e-07,4.265924453735352,4.265914440155029,9.78592834144365e-06,0.0,0.0,-0.0,5794.64208984375,0.0,1524.150390625,1895.4371337890625,0.0,4216.55615234375,0.9034016132354736,1.0,0.0,3.0,1.0,0.0
12152820,297.08660888671875,297.1499938964844,293.1499938964844,0.0,-0.0,285.0809326171875,0.7488659024238586,0.3911124467849731,0.3585104346275329,297.0652770996094,297.1499938964844,293.1499938964844,0.0,-0.0,285.0811767578125,0.8507475256919861,0.5823824405670166,0.557015061378479,297.4855651855469,297.1499938964844,293.1499938964844,0.0,-0.0,285.0812072753906,0.8759666681289673,0.6386913657188416,0.4493397176265716,297.16070556640625,297.1499938964844,293.1499938964844,0.0,-0.0,285.080810546875,0.7204579710960388,0.3443627059459686,0.3334595859050751,297.1489562988281,297.1499938964844,293.1499938964844,0.0,-0.0,285.080322265625,0.6254751086235046,0.223394900560379,1.0417400598526,285.0810546875,284.95001220703125,299.3695373535156,288.41717529296875,297.8951416015625,297.28106689453125,285.0823669433594,1.0,0.6795246601104736,0.3939339518547058,0.3939339518547058,1.0,1.0,-3.2903621196746826,0.9683589935302734,2.322003126144409,0.2264506071805954,0.8999349474906921,0.8999349474906921,0.0,287.3676452636719,271.0,44190.80078125,0.0,3643.65625,1.0,280.6416931152344,283.5365600585937,291.3617858886719,294.138916015625,293.1499938964844,293.1499938964844,280.95001220703125,35894.30078125,36000.0,313.1499938964844,0.0,18000.0,1.0,0.0,0.0,0.0,1.0,0.9757959246635436,1.0,0.0,0.0,3.644653797149658,3.644677639007568,8.863511880008446e-07,4.265924453735352,4.265914440155029,9.78592834144365e-06,0.0,0.0,-0.0,5679.1943359375,0.0,1526.43896484375,1895.4371337890625,0.0,4092.07373046875,0.90402489900589,1.0,0.0,3.0,1.0,0.0
12152880,297.08660888671875,297.1499938964844,293.1499938964844,0.0,-0.0,285.0809326171875,0.7488659024238586,0.3911124467849731,0.3585104346275329,297.0652770996094,297.1499938964844,293.1499938964844,0.0,-0.0,285.0811767578125,0.8507475256919861,0.5823824405670166,0.557015061378479,297.4855651855469,297.1499938964844,293.1499938964844,0.0,-0.0,285.0812072753906,0.8759666681289673,0.6386913657188416,0.4493397176265716,297.16070556640625,297.1499938964844,293.1499938964844,0.0,-0.0,285.080810546875,0.7204579710960388,0.3443627059459686,0.3334595859050751,297.1489562988281,297.1499938964844,293.1499938964844,0.0,-0.0,285.080322265625,0.6254751086235046,0.223394900560379,1.0417400598526,285.0810546875,284.95001220703125,299.3695373535156,288.41717529296875,297.8951416015625,297.28106689453125,285.0823669433594,1.0,0.6795246601104736,0.3939339518547058,0.3939339518547058,1.0,1.0,-3.2903621196746826,0.9683589935302734,2.322003126144409,0.2264506071805954,0.8999349474906921,0.8999349474906921,0.0,287.3676452636719,271.0,44190.80078125,0.0,3643.65625,1.0,280.6416931152344,283.5365600585937,291.3617858886719,294.138916015625,293.1499938964844,293.1499938964844,280.95001220703125,35894.30078125,36000.0,313.1499938964844,0.0,18000.0,1.0,0.0,0.0,0.0,1.0,0.9757959246635436,1.0,0.0,0.0,3.644653797149658,3.644677639007568,8.863511880008446e-07,4.265924453735352,4.265914440155029,9.78592834144365e-06,0.0,0.0,-0.0,5679.1943359375,0.0,1526.43896484375,1895.4371337890625,0.0,4092.07373046875,0.90402489900589,1.0,0.0,3.0,1.0,0.0
12152940,297.10455322265625,297.1499938964844,293.1499938964844,0.0,-0.0,285.2711486816406,0.7546049356460571,0.3921222686767578,0.3589241802692413,297.08367919921875,297.1499938964844,293.1499938964844,0.0,-0.0,285.2714233398437,0.857103705406189,0.5831677913665771,0.5571997165679932,297.5049743652344,297.1499938964844,293.1499938964844,0.0,-0.0,285.271484375,0.8853352665901184,0.6449047327041626,0.4532577395439148,297.1737976074219,297.1499938964844,293.1499938964844,0.0,-0.0,285.27105712890625,0.72612065076828,0.345820665359497,0.3343138694763183,297.1597595214844,297.1499938964844,293.1499938964844,0.0,-0.0,285.2705078125,0.630355954170227,0.2244699448347091,1.0441105365753174,285.27130126953125,284.95001220703125,299.3494873046875,288.4040222167969,297.9013671875,297.2988586425781,285.2727355957031,1.0,0.6758949160575867,0.3935153186321258,0.3935153186321258,1.0,1.0,-3.299665689468384,0.9703785181045532,2.329287052154541,0.2263286262750625,0.9057930111885072,0.9057930111885072,0.0,278.2013244628906,259.0,43270.4296875,0.0,3613.947998046875,1.0,280.9417419433594,283.7669982910156,291.3545227050781,294.06671142578125,293.1499938964844,293.1499938964844,280.6499938964844,35663.02734375,36000.0,313.1499938964844,0.0,18000.0,1.0,0.0,0.0,0.0,1.0,0.9630824327468872,1.0,0.0,0.0,3.6565561294555664,3.656580209732056,8.921497851588356e-07,4.265924453735352,4.265914440155029,9.78592834144365e-06,0.0,0.0,-0.0,6274.7001953125,0.0,1537.948974609375,1895.4371337890625,0.0,3980.0146484375,0.906532347202301,1.0,0.0,3.0,1.0,0.0
12153000,297.10455322265625,297.1499938964844,293.1499938964844,0.0,-0.0,285.2711486816406,0.7546049356460571,0.3921222686767578,0.3589241802692413,297.08367919921875,297.1499938964844,293.1499938964844,0.0,-0.0,285.2714233398437,0.857103705406189,0.5831677913665771,0.5571997165679932,297.5049743652344,297.1499938964844,293.1499938964844,0.0,-0.0,285.271484375,0.8853352665901184,0.6449047327041626,0.4532577395439148,297.1737976074219,297.1499938964844,293.1499938964844,0.0,-0.0,285.27105712890625,0.72612065076828,0.345820665359497,0.3343138694763183,297.1597595214844,297.1499938964844,293.1499938964844,0.0,-0.0,285.2705078125,0.630355954170227,0.2244699448347091,1.0441105365753174,285.27130126953125,284.95001220703125,299.3494873046875,288.4040222167969,297.9013671875,297.2988586425781,285.2727355957031,1.0,0.6758949160575867,0.3935153186321258,0.3935153186321258,1.0,1.0,-3.299665689468384,0.9703785181045532,2.329287052154541,0.2263286262750625,0.9057930111885072,0.9057930111885072,0.0,278.2013244628906,259.0,43270.4296875,0.0,3613.947998046875,1.0,280.9417419433594,283.7669982910156,291.3545227050781,294.06671142578125,293.1499938964844,293.1499938964844,280.6499938964844,35663.02734375,36000.0,313.1499938964844,0.0,18000.0,1.0,0.0,0.0,0.0,1.0,0.9630824327468872,1.0,0.0,0.0,3.6565561294555664,3.656580209732056,8.921497851588356e-07,4.265924453735352,4.265914440155029,9.78592834144365e-06,0.0,0.0,-0.0,6274.7001953125,0.0,1537.948974609375,1895.4371337890625,0.0,3980.0146484375,0.906532347202301,1.0,0.0,3.0,1.0,0.0
12153060,297.1048889160156,297.1499938964844,293.1499938964844,0.0,-0.0,285.1014709472656,0.7605546712875366,0.3916052877902984,0.3585695624351501,297.0844116210937,297.1499938964844,293.1499938964844,0.0,-0.0,285.10125732421875,0.8639200925827026,0.5824270844459534,0.5566480159759521,297.5028076171875,297.1499938964844,293.1499938964844,0.0,-0.0,285.1012268066406,0.8950677514076233,0.6492084860801697,0.4563843309879303,297.1763916015625,297.1499938964844,293.1499938964844,0.0,-0.0,285.1015930175781,0.7320684194564819,0.3464008867740631,0.33479705452919,297.1639404296875,297.1499938964844,293.1499938964844,0.0,-0.0,285.1020812988281,0.6356511116027832,0.2250291109085083,1.045809626579285,285.1013488769531,284.95001220703125,299.3294982910156,288.3915100097656,297.8946838378906,297.29913330078125,285.1001281738281,1.0,0.6713873147964478,0.3928715884685516,0.3928715884685516,1.0,1.0,-3.3049747943878174,0.97038733959198,2.334587574005127,0.2253379374742508,0.9064183235168456,0.9064183235168456,0.0,268.3335266113281,247.0,44351.74609375,0.0,3570.73974609375,1.0,280.6577453613281,283.5522155761719,291.4373474121094,294.286376953125,293.1499938964844,293.1499938964844,280.3500061035156,35761.4140625,36000.0,313.1499938964844,0.0,18000.0,1.0,0.0,0.0,0.0,1.0,0.9766584038734436,1.0,0.0,0.0,3.666157484054565,3.666181564331055,8.968411293608369e-07,4.265924453735352,4.265914440155029,9.78592834144365e-06,0.0,0.0,-0.0,6443.21044921875,0.0,1549.4259033203125,1895.4371337890625,0.0,4099.609375,0.908721089363098,1.0,0.0,3.0,1.0,0.0
12153120,297.1048889160156,297.1499938964844,293.1499938964844,0.0,-0.0,285.1014709472656,0.7605546712875366,0.3916052877902984,0.3585695624351501,297.0844116210937,297.1499938964844,293.1499938964844,0.0,-0.0,285.10125732421875,0.8639200925827026,0.5824270844459534,0.5566480159759521,297.5028076171875,297.1499938964844,293.1499938964844,0.0,-0.0,285.1012268066406,0.8950677514076233,0.6492084860801697,0.4563843309879303,297.1763916015625,297.1499938964844,293.1499938964844,0.0,-0.0,285.1015930175781,0.7320684194564819,0.3464008867740631,0.33479705452919,297.1639404296875,297.1499938964844,293.1499938964844,0.0,-0.0,285.1020812988281,0.6356511116027832,0.2250291109085083,1.045809626579285,285.1013488769531,284.95001220703125,299.3294982910156,288.3915100097656,297.8946838378906,297.29913330078125,285.1001281738281,1.0,0.6713873147964478,0.3928715884685516,0.3928715884685516,1.0,1.0,-3.3049747943878174,0.97038733959198,2.334587574005127,0.2253379374742508,0.9064183235168456,0.9064183235168456,0.0,268.3335266113281,247.0,44351.74609375,0.0,3570.73974609375,1.0,280.6577453613281,283.5522155761719,291.4373474121094,294.286376953125,293.1499938964844,293.1499938964844,280.3500061035156,35761.4140625,36000.0,313.1499938964844,0.0,18000.0,1.0,0.0,0.0,0.0,1.0,0.9766584038734436,1.0,0.0,0.0,3.666157484054565,3.666181564331055,8.968411293608369e-07,4.265924453735352,4.265914440155029,9.78592834144365e-06,0.0,0.0,-0.0,6443.21044921875,0.0,1549.4259033203125,1895.4371337890625,0.0,4099.609375,0.908721089363098,1.0,0.0,3.0,1.0,0.0
12153180,297.092529296875,297.1499938964844,293.1499938964844,0.0,-0.0,284.9118957519531,0.7654379606246948,0.3897905349731445,0.3568201065063476,297.06951904296875,297.1499938964844,293.1499938964844,0.0,-0.0,284.9115905761719,0.8697574734687805,0.5801002979278564,0.5544033050537109,297.4862976074219,297.1499938964844,293.1499938964844,0.0,-0.0,284.9115295410156,0.9038154482841492,0.6520135402679443,0.4582455158233642,297.1679992675781,297.1499938964844,293.1499938964844,0.0,-0.0,284.9120178222656,0.7371396422386169,0.3458944857120514,0.3341706097126007,297.1591491699219,297.1499938964844,293.1499938964844,0.0,-0.0,284.91259765625,0.6401294469833374,0.2247301936149597,1.0435941219329834,284.9117126464844,284.95001220703125,299.3095397949219,288.3797302246094,297.8784484863281,297.286376953125,284.9101257324219,1.0,0.665652871131897,0.3922278583049774,0.3922278583049774,1.0,1.0,-3.2990026473999023,0.9665062427520752,2.332496404647827,0.2229209095239639,0.9043402671813964,0.9043402671813964,0.0,258.7666931152344,235.0,45424.01171875,0.0,3502.962646484375,1.0,280.35809326171875,283.32086181640625,291.4397888183594,294.3765869140625,293.1499938964844,293.1499938964844,280.04998779296875,35952.66015625,36000.0,313.1499938964844,0.0,18000.0,1.0,0.0,0.0,0.0,1.0,0.99201238155365,1.0,0.0,0.0,3.6685595512390137,3.668583869934082,8.98016821793135e-07,4.265924453735352,4.265914440155029,9.78592834144365e-06,0.0,0.0,-0.0,6569.048828125,0.0,1553.5592041015625,1895.4371337890625,0.0,4232.2333984375,0.9093812108039856,1.0,0.0,3.0,1.0,0.0
12153240,297.092529296875,297.1499938964844,293.1499938964844,0.0,-0.0,284.9118957519531,0.7654379606246948,0.3897905349731445,0.3568201065063476,297.06951904296875,297.1499938964844,293.1499938964844,0.0,-0.0,284.9115905761719,0.8697574734687805,0.5801002979278564,0.5544033050537109,297.4862976074219,297.1499938964844,293.1499938964844,0.0,-0.0,284.9115295410156,0.9038154482841492,0.6520135402679443,0.4582455158233642,297.1679992675781,297.1499938964844,293.1499938964844,0.0,-0.0,284.9120178222656,0.7371396422386169,0.3458944857120514,0.3341706097126007,297.1591491699219,297.1499938964844,293.1499938964844,0.0,-0.0,284.91259765625,0.6401294469833374,0.2247301936149597,1.0435941219329834,284.9117126464844,284.95001220703125,299.3095397949219,288.3797302246094,297.8784484863281,297.286376953125,284.9101257324219,1.0,0.665652871131897,0.3922278583049774,0.3922278583049774,1.0,1.0,-3.2990026473999023,0.9665062427520752,2.332496404647827,0.2229209095239639,0.9043402671813964,0.9043402671813964,0.0,258.7666931152344,235.0,45424.01171875,0.0,3502.962646484375,1.0,280.35809326171875,283.32086181640625,291.4397888183594,294.3765869140625,293.1499938964844,293.1499938964844,280.04998779296875,35952.66015625,36000.0,313.1499938964844,0.0,18000.0,1.0,0.0,0.0,0.0,1.0,0.99201238155365,1.0,0.0,0.0,3.6685595512390137,3.668583869934082,8.98016821793135e-07,4.265924453735352,4.265914440155029,9.78592834144365e-06,0.0,0.0,-0.0,6569.048828125,0.0,1553.5592041015625,1895.4371337890625,0.0,4232.2333984375,0.9093812108039856,1.0,0.0,3.0,1.0,0.0
12153300,297.08477783203125,297.1499938964844,293.1499938964844,0.0,-0.0,284.76959228515625,0.7679252624511719,0.3886673748493194,0.3557377457618713,297.0599365234375,297.1499938964844,293.1499938964844,0.0,-0.0,284.7680969238281,0.872738778591156,0.5786523818969727,0.5529747605323792,297.4761962890625,297.1499938964844,293.1499938964844,0.0,-0.0,284.7677307128906,0.9084708094596864,0.6531550884246826,0.4589922726154327,297.161865234375,297.1499938964844,293.1499938964844,0.0,-0.0,284.7701721191406,0.7396866083145142,0.3454082012176513,0.3336161971092224,297.1549072265625,297.1499938964844,293.1499938964844,0.0,-0.0,284.7731628417969,0.6423348188400269,0.2243709564208984,1.0414588451385498,284.7686767578125,284.95001220703125,299.299560546875,288.37408447265625,297.86798095703125,297.2767333984375,284.7610778808594,1.0,0.6624002456665039,0.3919059932231903,0.3919059932231903,1.0,1.0,-3.293649911880493,0.9637572169303894,2.329892873764038,0.2214080542325973,0.9017383456230164,0.9017383456230164,0.0,253.8089294433593,235.0,46348.40625,0.0,3462.75,1.0,280.1007995605469,283.1405029296875,291.4528503417969,294.5001525878906,293.1499938964844,293.1499938964844,280.04998779296875,36084.046875,36000.0,313.1499938964844,0.0,18000.0,1.0,0.0,0.0,0.0,1.0,1.0,1.0,0.0,0.0,3.666614532470703,3.666638851165772,8.970648082140542e-07,4.265924453735352,4.265914440155029,9.78592834144365e-06,0.0,0.0,-0.0,6369.4716796875,0.0,1552.3634033203125,1895.4371337890625,0.0,4300.0,0.9090001583099364,1.0,0.0,3.0,1.0,0.0
12153360,297.0762939453125,297.1499938964844,293.1499938964844,0.0,-0.0,284.71697998046875,0.7703304886817932,0.3874200582504272,0.354456216096878,297.0495300292969,297.1499938964844,293.1499938964844,0.0,-0.0,284.7166748046875,0.8756712675094604,0.577059805393219,0.5513182282447815,297.4652709960937,297.1499938964844,293.1499938964844,0.0,-0.0,284.71661376953125,0.913254737854004,0.6541453003883362,0.4595451056957245,297.15478515625,297.1499938964844,293.1499938964844,0.0,-0.0,284.7171325683594,0.7421706318855286,0.3447871506214142,0.3328807950019836,297.149658203125,297.1499938964844,293.1499938964844,0.0,-0.0,284.7177429199219,0.6444558501243591,0.2238865196704864,1.0386017560958862,284.716796875,284.95001220703125,299.28961181640625,288.3686828613281,297.8569030761719,297.2660827636719,284.7151184082031,1.0,0.6588996648788452,0.3916728496551513,0.3916728496551513,1.0,1.0,-3.286464214324951,0.9606168270111084,2.3258473873138428,0.2199098616838455,0.8996224403381348,0.8996224403381348,0.0,248.8284606933593,223.0,46372.0859375,0.0,3418.354736328125,1.0,280.0580139160156,283.087890625,291.4289245605469,294.4253234863281,293.1499938964844,293.1499938964844,279.75,36195.21875,36000.0,313.1499938964844,0.0,18000.0,1.0,0.0,0.0,0.0,1.0,1.0,1.0,0.0,0.0,3.662009954452514,3.662034273147583,8.948131267061399e-07,4.265924453735352,4.265914440155029,9.78592834144365e-06,0.0,0.0,-0.0,6683.04736328125,0.0,1548.036865234375,1895.4371337890625,0.0,4300.0,0.9080770611763,1.0,0.0,3.0,1.0,0.0
12153420,297.0591735839844,297.1499938964844,293.1499938964844,0.0,-0.0,284.5221862792969,0.7756556868553162,0.3847518861293793,0.3517700135707855,297.0284423828125,297.1499938964844,293.1499938964844,0.0,-0.0,284.5218505859375,0.8821367025375366,0.5736512541770935,0.5478234887123108,297.4428100585937,297.1499938964844,293.1499938964844,0.0,-0.0,284.52178955078125,0.9238923192024232,0.6558670401573181,0.4605174362659454,297.13983154296875,297.1499938964844,293.1499938964844,0.0,-0.0,284.5223083496094,0.7475693821907043,0.3433324992656708,0.3312020003795624,297.1380615234375,297.1499938964844,293.1499938964844,0.0,-0.0,284.5229187011719,0.6490098834037781,0.2227103263139724,1.031852126121521,284.52197265625,284.95001220703125,299.269775390625,288.3584289550781,297.8348388671875,297.2449645996094,284.52032470703125,1.0,0.6513763666152954,0.3912065625190735,0.3912065625190735,1.0,1.0,-3.270069122314453,0.953679859638214,2.316389322280884,0.2166845351457595,0.8923037052154541,0.8923037052154541,0.0,238.410385131836,211.0,47226.41796875,0.0,3323.019287109375,1.0,279.7582092285156,282.8579406738281,291.45086669921875,294.49542236328125,293.1499938964844,293.1499938964844,280.04998779296875,36474.52734375,36000.0,313.1499938964844,0.0,18000.0,1.0,0.0,0.0,0.0,1.0,1.0,1.0,0.0,0.0,3.645107984542847,3.645132064819336,8.865721383699565e-07,4.265924453735352,4.265914440155029,9.78592834144365e-06,0.0,0.0,-0.0,6036.36865234375,0.0,1531.2784423828125,1895.4371337890625,0.0,4300.0,0.9044880270957948,1.0,0.0,3.0,1.0,0.0
12153480,297.0591735839844,297.1499938964844,293.1499938964844,0.0,-0.0,284.5221862792969,0.7756556868553162,0.3847518861293793,0.3517700135707855,297.0284423828125,297.1499938964844,293.1499938964844,0.0,-0.0,284.5218505859375,0.8821367025375366,0.5736512541770935,0.5478234887123108,297.4428100585937,297.1499938964844,293.1499938964844,0.0,-0.0,284.52178955078125,0.9238923192024232,0.6558670401573181,0.4605174362659454,297.13983154296875,297.1499938964844,293.1499938964844,0.0,-0.0,284.5223083496094,0.7475693821907043,0.3433324992656708,0.3312020003795624,297.1380615234375,297.1499938964844,293.1499938964844,0.0,-0.0,284.5229187011719,0.6490098834037781,0.2227103263139724,1.031852126121521,284.52197265625,284.95001220703125,299.269775390625,288.3584289550781,297.8348388671875,297.2449645996094,284.52032470703125,1.0,0.6513763666152954,0.3912065625190735,0.3912065625190735,1.0,1.0,-3.270069122314453,0.953679859638214,2.316389322280884,0.2166845351457595,0.8923037052154541,0.8923037052154541,0.0,238.410385131836,211.0,47226.41796875,0.0,3323.019287109375,1.0,279.7582092285156,282.8579406738281,291.45086669921875,294.49542236328125,293.1499938964844,293.1499938964844,280.04998779296875,36474.52734375,36000.0,313.1499938964844,0.0,18000.0,1.0,0.0,0.0,0.0,1.0,1.0,1.0,0.0,0.0,3.645107984542847,3.645132064819336,8.865721383699565e-07,4.265924453735352,4.265914440155029,9.78592834144365e-06,0.0,0.0,-0.0,6036.36865234375,0.0,1531.2784423828125,1895.4371337890625,0.0,4300.0,0.9044880270957948,1.0,0.0,3.0,1.0,0.0
12153540,297.060791015625,297.1499938964844,293.1499938964844,0.0,-0.0,284.6817626953125,0.783549964427948,0.3837435841560364,0.3499409258365631,297.02655029296875,297.1499938964844,293.1499938964844,0.0,-0.0,284.6819763183594,0.8912747502326965,0.5718929767608643,0.5451863408088684,297.4432067871094,297.1499938964844,293.1499938964844,0.0,-0.0,284.6820373535156,0.9379165172576904,0.6595866084098816,0.4622926115989685,297.1371154785156,297.1499938964844,293.1499938964844,0.0,-0.0,284.6816711425781,0.7551273703575134,0.3429114818572998,0.3299950957298279,297.1350402832031,297.1499938964844,293.1499938964844,0.0,-0.0,284.68121337890625,0.6554617881774902,0.2222390621900558,1.026352047920227,284.6819152832031,284.95001220703125,299.25,288.3490905761719,297.82763671875,297.24444580078125,284.6830139160156,1.0,0.6436960101127625,0.3907402753829956,0.3907402753829956,1.0,1.0,-3.258752584457397,0.9484999775886536,2.3102524280548096,0.2138537466526031,0.8900327086448669,0.8900327086448669,0.0,226.53341674804688,199.0,45946.671875,0.0,3231.69287109375,1.0,280.0420837402344,283.06475830078125,291.3367004394531,294.2492980957031,293.1499938964844,293.1499938964844,280.3500061035156,36403.78125,36000.0,313.1499938964844,0.0,18000.0,1.0,0.0,0.0,0.0,1.0,0.9975535869598388,1.0,0.0,0.0,3.629316568374634,3.629340410232544,8.789070875536709e-07,4.265924453735352,4.265914440155029,9.78592834144365e-06,0.0,0.0,-0.0,5858.36865234375,0.0,1513.28271484375,1895.4371337890625,0.0,4279.33935546875,0.9009429216384888,1.0,0.0,3.0,1.0,0.0
12153600,297.060791015625,297.1499938964844,293.1499938964844,0.0,-0.0,284.6817626953125,0.783549964427948,0.3837435841560364,0.3499409258365631,297.02655029296875,297.1499938964844,293.1499938964844,0.0,-0.0,284.6819763183594,0.8912747502326965,0.5718929767608643,0.5451863408088684,297.4432067871094,297.1499938964844,293.1499938964844,0.0,-0.0,284.6820373535156,0.9379165172576904,0.6595866084098816,0.4622926115989685,297.1371154785156,297.1499938964844,293.1499938964844,0.0,-0.0,284.6816711425781,0.7551273703575134,0.3429114818572998,0.3299950957298279,297.1350402832031,297.1499938964844,293.1499938964844,0.0,-0.0,284.68121337890625,0.6554617881774902,0.2222390621900558,1.026352047920227,284.6819152832031,284.95001220703125,299.25,288.3490905761719,297.82763671875,297.24444580078125,284.6830139160156,1.0,0.6436960101127625,0.3907402753829956,0.3907402753829956,1.0,1.0,-3.258752584457397,0.9484999775886536,2.3102524280548096,0.2138537466526031,0.8900327086448669,0.8900327086448669,0.0,226.53341674804688,199.0,45946.671875,0.0,3231.69287109375,1.0,280.0420837402344,283.06475830078125,291.3367004394531,294.2492980957031,293.1499938964844,293.1499938964844,280.3500061035156,36403.78125,36000.0,313.1499938964844,0.0,18000.0,1.0,0.0,0.0,0.0,1.0,0.9975535869598388,1.0,0.0,0.0,3.629316568374634,3.629340410232544,8.789070875536709e-07,4.265924453735352,4.265914440155029,9.78592834144365e-06,0.0,0.0,-0.0,5858.36865234375,0.0,1513.28271484375,1895.4371337890625,0.0,4279.33935546875,0.9009429216384888,1.0,0.0,3.0,1.0,0.0
12153660,297.0752258300781,297.1499938964844,293.1499938964844,0.0,-0.0,284.8661804199219,0.7946444153785706,0.3841066062450409,0.3495442569255829,297.0395812988281,297.1499938964844,293.1499938964844,0.0,-0.0,284.86651611328125,0.9037178158760072,0.5716979503631592,0.5442035794258118,297.4583740234375,297.1499938964844,293.1499938964844,0.0,-0.0,284.8666076660156,0.9550407528877258,0.6646756529808044,0.4652218520641327,297.14581298828125,297.1499938964844,293.1499938964844,0.0,-0.0,284.8660583496094,0.765623927116394,0.343624085187912,0.3299282193183899,297.1416320800781,297.1499938964844,293.1499938964844,0.0,-0.0,284.86541748046875,0.6647197604179382,0.2227150499820709,1.0251249074935913,284.86639404296875,284.95001220703125,299.2312927246094,288.3406677246094,297.8323669433594,297.2591857910156,284.8680419921875,1.0,0.636954128742218,0.3905634880065918,0.3905634880065918,1.0,1.0,-3.259049415588379,0.9480853080749512,2.310964107513428,0.2132500261068344,0.8905009031295776,0.8905009031295776,0.0,213.82899475097656,199.0,44794.734375,0.0,3161.699462890625,1.0,280.3402099609375,283.29315185546875,291.29034423828125,294.1054992675781,293.1499938964844,293.1499938964844,280.3500061035156,36221.78515625,36000.0,313.1499938964844,0.0,18000.0,1.0,0.0,0.0,0.0,1.0,0.9846268892288208,1.0,0.0,0.0,3.6208033561706543,3.620827198028565,8.747887250137865e-07,4.265924453735352,4.265914440155029,9.78592834144365e-06,0.0,0.0,-0.0,6076.19189453125,0.0,1502.573974609375,1895.4371337890625,0.0,4168.81103515625,0.8989255428314209,1.0,0.0,3.0,1.0,0.0
12153720,297.0758056640625,297.1499938964844,293.1499938964844,0.0,-0.0,284.8678894042969,0.7951613068580627,0.3841260373592376,0.3495452105998993,297.0401611328125,297.1499938964844,293.1499938964844,0.0,-0.0,284.8681945800781,0.9043036699295044,0.5716978311538696,0.5441844463348389,297.458984375,297.1499938964844,293.1499938964844,0.0,-0.0,284.8682861328125,0.9557898640632628,0.6648901104927063,0.4653589427471161,297.146240234375,297.1499938964844,293.1499938964844,0.0,-0.0,284.8677978515625,0.7661182880401611,0.3436630368232727,0.3299429416656494,297.1419982910156,297.1499938964844,293.1499938964844,0.0,-0.0,284.8672180175781,0.6651613116264343,0.2227452844381332,1.0251476764678955,284.8680725097656,284.95001220703125,299.23052978515625,288.3403015136719,297.83258056640625,297.25982666015625,284.8695678710937,1.0,0.6366888284683228,0.390556126832962,0.390556126832962,1.0,1.0,-3.25923752784729,0.9481289982795716,2.311108350753784,0.2132506519556045,0.890479326248169,0.890479326248169,0.0,213.29122924804688,187.0,44791.8046875,0.0,3159.11962890625,1.0,280.341552734375,283.2949523925781,291.2920227050781,294.1090087890625,293.1499938964844,293.1499938964844,280.6499938964844,36217.77734375,36000.0,313.1499938964844,0.0,18000.0,1.0,0.0,0.0,0.0,1.0,0.9844359159469604,1.0,0.0,0.0,3.620543956756592,3.620567798614502,8.746634421186172e-07,4.265924453735352,4.265914440155029,9.78592834144365e-06,0.0,0.0,-0.0,5733.89990234375,0.0,1502.2598876953125,1895.4371337890625,0.0,4167.16162109375,0.8988634347915649,1.0,0.0,3.0,1.0,0.0
12153780,297.0950927734375,297.1499938964844,293.1499938964844,0.0,-0.0,285.0578918457031,0.80909663438797,0.3851368725299835,0.3498144447803497,297.05963134765625,297.1499938964844,293.1499938964844,0.0,-0.0,285.0581970214844,0.9213083982467652,0.5722748041152954,0.5440285205841064,297.479736328125,297.1499938964844,293.1499938964844,0.0,-0.0,285.05828857421875,0.9745980501174928,0.6709012985229492,0.4690036177635193,297.1606750488281,297.1499938964844,293.1499938964844,0.0,-0.0,285.0577697753906,0.7797174453735352,0.3450740873813629,0.3305932283401489,297.1542053222656,297.1499938964844,293.1499938964844,0.0,-0.0,285.05718994140625,0.6774151921272278,0.223875805735588,1.0270119905471802,285.0580749511719,284.95001220703125,299.21160888671875,288.3318176269531,297.8420104980469,297.28094482421875,285.0596618652344,1.0,0.6304053068161011,0.3903719782829284,0.3903719782829284,1.0,1.0,-3.266773700714112,0.9501931071281432,2.3165805339813232,0.213550329208374,0.8934900760650635,0.8934900760650635,0.0,199.8639373779297,175.0,43747.2578125,0.0,3100.775634765625,1.0,280.6414794921875,283.5259094238281,291.2811584472656,294.0247497558594,293.1499938964844,293.1499938964844,280.95001220703125,35979.11328125,36000.0,313.1499938964844,0.0,18000.0,1.0,0.0,0.0,0.0,1.0,0.971460461616516,1.0,0.0,0.0,3.6206517219543457,3.620675563812256,8.747154538468749e-07,4.265924453735352,4.265914440155029,9.78592834144365e-06,0.0,0.0,-0.0,5629.44921875,0.0,1500.6065673828125,1895.4371337890625,0.0,4054.061279296875,0.8987241983413696,1.0,0.0,3.0,1.0,0.0
12153840,297.0950927734375,297.1499938964844,293.1499938964844,0.0,-0.0,285.0578918457031,0.80909663438797,0.3851368725299835,0.3498144447803497,297.05963134765625,297.1499938964844,293.1499938964844,0.0,-0.0,285.0581970214844,0.9213083982467652,0.5722748041152954,0.5440285205841064,297.479736328125,297.1499938964844,293.1499938964844,0.0,-0.0,285.05828857421875,0.9745980501174928,0.6709012985229492,0.4690036177635193,297.1606750488281,297.1499938964844,293.1499938964844,0.0,-0.0,285.0577697753906,0.7797174453735352,0.3450740873813629,0.3305932283401489,297.1542053222656,297.1499938964844,293.1499938964844,0.0,-0.0,285.05718994140625,0.6774151921272278,0.223875805735588,1.0270119905471802,285.0580749511719,284.95001220703125,299.21160888671875,288.3318176269531,297.8420104980469,297.28094482421875,285.0596618652344,1.0,0.6304053068161011,0.3903719782829284,0.3903719782829284,1.0,1.0,-3.266773700714112,0.9501931071281432,2.3165805339813232,0.213550329208374,0.8934900760650635,0.8934900760650635,0.0,199.8639373779297,175.0,43747.2578125,0.0,3100.775634765625,1.0,280.6414794921875,283.5259094238281,291.2811584472656,294.0247497558594,293.1499938964844,293.1499938964844,280.95001220703125,35979.11328125,36000.0,313.1499938964844,0.0,18000.0,1.0,0.0,0.0,0.0,1.0,0.971460461616516,1.0,0.0,0.0,3.6206517219543457,3.620675563812256,8.747154538468749e-07,4.265924453735352,4.265914440155029,9.78592834144365e-06,0.0,0.0,-0.0,5629.44921875,0.0,1500.6065673828125,1895.4371337890625,0.0,4054.061279296875,0.8987241983413696,1.0,0.0,3.0,1.0,0.0
12153900,297.1051940917969,297.1499938964844,293.1499938964844,0.0,-0.0,285.2002868652344,0.8163490891456604,0.385777473449707,0.3500509262084961,297.0701599121094,297.1499938964844,293.1499938964844,0.0,-0.0,285.2018737792969,0.9310500621795654,0.5727320909500122,0.5440958738327026,297.4907531738281,297.1499938964844,293.1499938964844,0.0,-0.0,285.2023620605469,0.9836835265159608,0.6740677952766418,0.4709099233150482,297.1687316894531,297.1499938964844,293.1499938964844,0.0,-0.0,285.19970703125,0.7873000502586365,0.345929890871048,0.3310607075691223,297.1612243652344,297.1499938964844,293.1499938964844,0.0,-0.0,285.19659423828125,0.6843104958534241,0.2245914489030838,1.028656840324402,285.2012939453125,284.95001220703125,299.20233154296875,288.3276672363281,297.8472900390625,297.2921447753906,285.20916748046875,1.0,0.6274875998497009,0.3902798891067505,0.3902798891067505,1.0,1.0,-3.271969079971313,0.9517115354537964,2.320257663726806,0.2138765305280685,0.8965539336204529,0.8965539336204529,0.0,193.2635803222656,175.0,42901.20703125,0.0,3075.2197265625,1.0,280.89794921875,283.7069396972656,291.25592041015625,293.8944396972656,293.1499938964844,293.1499938964844,280.95001220703125,35833.09765625,36000.0,313.1499938964844,0.0,18000.0,1.0,0.0,0.0,0.0,1.0,0.9632431864738464,1.0,0.0,0.0,3.6242384910583496,3.62426233291626,8.76449405495805e-07,4.265924453735352,4.265914440155029,9.78592834144365e-06,0.0,0.0,-0.0,5802.09033203125,0.0,1503.4560546875,1895.4371337890625,0.0,3981.442626953125,0.8994592428207397,1.0,0.0,3.0,1.0,0.0
12153960,297.1158447265625,297.1499938964844,293.1499938964844,0.0,-0.0,285.253662109375,0.8241003751754761,0.3865394592285156,0.3504652678966522,297.0813903808594,297.1499938964844,293.1499938964844,0.0,-0.0,285.25396728515625,0.9416801333427428,0.5733305215835571,0.544365406036377,297.50244140625,297.1499938964844,293.1499938964844,0.0,-0.0,285.25408935546875,0.9926544427871704,0.6773749589920044,0.472990870475769,297.1773986816406,297.1499938964844,293.1499938964844,0.0,-0.0,285.2535705566406,0.7956661581993103,0.3469025194644928,0.3316769003868103,297.1689147949219,297.1499938964844,293.1499938964844,0.0,-0.0,285.2529296875,0.6919413208961487,0.2254163324832916,1.0308974981307983,285.2538757324219,284.95001220703125,299.1931457519531,288.3236083984375,297.8530578613281,297.3044128417969,285.2554626464844,1.0,0.6247376203536987,0.3899948894977569,0.3899948894977569,1.0,1.0,-3.278727054595948,0.9532517194747924,2.325475215911865,0.2138691693544387,0.8991516828536987,0.8991516828536987,0.0,186.6093597412109,163.0,42878.0078125,0.0,3052.65576171875,1.0,280.9414978027344,283.76080322265625,291.27984619140625,293.965087890625,293.1499938964844,293.1499938964844,281.25,35712.625,36000.0,313.1499938964844,0.0,18000.0,1.0,0.0,0.0,0.0,1.0,0.9599990248680116,1.0,0.0,0.0,3.630665063858032,3.6306889057159424,8.79560445810057e-07,4.265924453735352,4.265914440155029,9.78592834144365e-06,0.0,0.0,-0.0,5542.158203125,0.0,1509.625,1895.4371337890625,0.0,3952.5771484375,0.9007776379585266,1.0,0.0,3.0,1.0,0.0
12154020,297.13641357421875,297.1499938964844,293.1499938964844,0.0,-0.0,285.4437866210937,0.8375558257102966,0.3881921470165252,0.3514969646930694,297.10369873046875,297.1499938964844,293.1499938964844,0.0,-0.0,285.4439392089844,0.9593108892440796,0.5747228860855103,0.5451761484146118,297.5371398925781,297.1499938964844,293.1499938964844,0.0,-0.0,285.4440002441406,0.9990000128746032,0.6853119134902954,0.4640869498252868,297.1945495605469,297.1499938964844,293.1499938964844,0.0,-0.0,285.4437255859375,0.810290515422821,0.348987728357315,0.3331671953201294,297.1842041015625,297.1499938964844,293.1499938964844,0.0,-0.0,285.44342041015625,0.705481231212616,0.2272077649831771,1.0366684198379517,285.4438781738281,284.95001220703125,299.1751708984375,288.3156433105469,297.8661804199219,297.3314819335937,285.444580078125,1.0,0.6187282800674438,0.3894248306751251,0.3894248306751251,1.0,1.0,-3.2789957523345947,0.9517093300819396,2.3272862434387207,0.2125945538282394,0.9073585867881776,0.9073585867881776,0.0,175.75003051757812,166.0,41996.5625,0.0,2992.450439453125,1.0,281.2416687011719,283.9889831542969,291.2798767089844,293.914306640625,293.1499938964844,293.1499938964844,280.95001220703125,35444.765625,36000.0,313.1499938964844,0.0,18000.0,1.0,0.0,0.0,0.0,1.0,0.95024836063385,1.0,0.0,0.0,3.650799036026001,3.65082311630249,8.893427434486512e-07,4.265924453735352,4.265914440155029,9.78592834144365e-06,0.0,0.0,-0.0,6124.951171875,0.0,1529.9024658203125,1895.4371337890625,0.0,3865.19921875,0.905093252658844,1.0,0.0,3.0,1.0,0.0
12154080,297.13641357421875,297.1499938964844,293.1499938964844,0.0,-0.0,285.4437866210937,0.8375558257102966,0.3881921470165252,0.3514969646930694,297.10369873046875,297.1499938964844,293.1499938964844,0.0,-0.0,285.4439392089844,0.9593108892440796,0.5747228860855103,0.5451761484146118,297.5371398925781,297.1499938964844,293.1499938964844,0.0,-0.0,285.4440002441406,0.9990000128746032,0.6853119134902954,0.4640869498252868,297.1945495605469,297.1499938964844,293.1499938964844,0.0,-0.0,285.4437255859375,0.810290515422821,0.348987728357315,0.3331671953201294,297.1842041015625,297.1499938964844,293.1499938964844,0.0,-0.0,285.44342041015625,0.705481231212616,0.2272077649831771,1.0366684198379517,285.4438781738281,284.95001220703125,299.1751708984375,288.3156433105469,297.8661804199219,297.3314819335937,285.444580078125,1.0,0.6187282800674438,0.3894248306751251,0.3894248306751251,1.0,1.0,-3.2789957523345947,0.9517093300819396,2.3272862434387207,0.2125945538282394,0.9073585867881776,0.9073585867881776,0.0,175.75003051757812,166.0,41996.5625,0.0,2992.450439453125,1.0,281.2416687011719,283.9889831542969,291.2798767089844,293.914306640625,293.1499938964844,293.1499938964844,280.95001220703125,35444.765625,36000.0,313.1499938964844,0.0,18000.0,1.0,0.0,0.0,0.0,1.0,0.95024836063385,1.0,0.0,0.0,3.650799036026001,3.65082311630249,8.893427434486512e-07,4.265924453735352,4.265914440155029,9.78592834144365e-06,0.0,0.0,-0.0,6124.951171875,0.0,1529.9024658203125,1895.4371337890625,0.0,3865.19921875,0.905093252658844,1.0,0.0,3.0,1.0,0.0
12154140,297.1366577148437,297.1499938964844,293.1499938964844,0.0,-0.0,285.2624816894531,0.8430551290512085,0.3880694806575775,0.3517515659332275,297.1054077148437,297.1499938964844,293.1499938964844,0.0,-0.0,285.26220703125,0.9659608006477356,0.574336588382721,0.5452300906181335,297.57574462890625,297.1499938964844,293.1499938964844,0.0,-0.0,285.2621459960937,0.9990000128746032,0.6941618919372559,0.4548810422420501,297.197998046875,297.1499938964844,293.1499938964844,0.0,-0.0,285.2626037597656,0.8164052367210388,0.3499183356761932,0.3342635333538055,297.1902770996094,297.1499938964844,293.1499938964844,0.0,-0.0,285.2631530761719,0.7116407752037048,0.2282685935497284,1.0418734550476074,285.2623291015625,284.95001220703125,299.1576232910156,288.3079528808594,297.875732421875,297.35357666015625,285.2608642578125,1.0,0.616290271282196,0.3888548016548157,0.3888548016548157,1.0,1.0,-3.275865077972412,0.9490352272987366,2.3268299102783203,0.2104440182447433,0.9100425839424132,0.9100425839424132,0.0,171.4578857421875,169.0,42979.609375,0.0,2961.765380859375,1.0,280.957763671875,283.76123046875,291.3608703613281,294.1267395019531,293.1499938964844,293.1499938964844,280.6499938964844,35538.3359375,36000.0,313.1499938964844,0.0,18000.0,1.0,0.0,0.0,0.0,1.0,0.9653510451316832,1.0,0.0,0.0,3.668712139129639,3.668736219406128,8.980914572020993e-07,4.265924453735352,4.265914440155029,9.78592834144365e-06,0.0,0.0,-0.0,6280.4892578125,0.0,1550.6146240234375,1895.4371337890625,0.0,4000.139892578125,0.9091399312019348,1.0,0.0,3.0,1.0,0.0
12154200,297.1366577148437,297.1499938964844,293.1499938964844,0.0,-0.0,285.2624816894531,0.8430551290512085,0.3880694806575775,0.3517515659332275,297.1054077148437,297.1499938964844,293.1499938964844,0.0,-0.0,285.26220703125,0.9659608006477356,0.574336588382721,0.5452300906181335,297.57574462890625,297.1499938964844,293.1499938964844,0.0,-0.0,285.2621459960937,0.9990000128746032,0.6941618919372559,0.4548810422420501,297.197998046875,297.1499938964844,293.1499938964844,0.0,-0.0,285.2626037597656,0.8164052367210388,0.3499183356761932,0.3342635333538055,297.1902770996094,297.1499938964844,293.1499938964844,0.0,-0.0,285.2631530761719,0.7116407752037048,0.2282685935497284,1.0418734550476074,285.2623291015625,284.95001220703125,299.1576232910156,288.3079528808594,297.875732421875,297.35357666015625,285.2608642578125,1.0,0.616290271282196,0.3888548016548157,0.3888548016548157,1.0,1.0,-3.275865077972412,0.9490352272987366,2.3268299102783203,0.2104440182447433,0.9100425839424132,0.9100425839424132,0.0,171.4578857421875,169.0,42979.609375,0.0,2961.765380859375,1.0,280.957763671875,283.76123046875,291.3608703613281,294.1267395019531,293.1499938964844,293.1499938964844,280.6499938964844,35538.3359375,36000.0,313.1499938964844,0.0,18000.0,1.0,0.0,0.0,0.0,1.0,0.9653510451316832,1.0,0.0,0.0,3.668712139129639,3.668736219406128,8.980914572020993e-07,4.265924453735352,4.265914440155029,9.78592834144365e-06,0.0,0.0,-0.0,6280.4892578125,0.0,1550.6146240234375,1895.4371337890625,0.0,4000.139892578125,0.9091399312019348,1.0,0.0,3.0,1.0,0.0
12154260,297.1234741210937,297.1499938964844,293.1499938964844,0.0,-0.0,285.0686340332031,0.8429390788078308,0.386573314666748,0.3506249487400055,297.0909118652344,297.1499938964844,293.1499938964844,0.0,-0.0,285.068359375,0.9658951163291932,0.572313129901886,0.543609619140625,297.58416748046875,297.1499938964844,293.1499938964844,0.0,-0.0,285.0682983398437,0.9990000128746032,0.7004388570785522,0.4536210596561432,297.1889953613281,297.1499938964844,293.1499938964844,0.0,-0.0,285.0687561035156,0.8170807361602783,0.349624902009964,0.3342086672782898,297.1860046386719,297.1499938964844,293.1499938964844,0.0,-0.0,285.0693054199219,0.7125967144966125,0.2283558249473571,1.0431537628173828,285.0684509277344,284.95001220703125,299.14044189453125,288.3005065917969,297.86822509765625,297.35125732421875,285.0669860839844,1.0,0.6155438423156738,0.388395756483078,0.388395756483078,1.0,1.0,-3.2725210189819336,0.9465867877006532,2.325934410095215,0.2086911648511886,0.9100035429000854,0.9100035429000854,0.0,170.7500762939453,172.0,44051.03125,0.0,2950.693359375,1.0,280.6580505371094,283.5227355957031,291.3624572753906,294.2123413085937,293.1499938964844,293.1499938964844,280.3500061035156,35724.8046875,36000.0,313.1499938964844,0.0,18000.0,1.0,0.0,0.0,0.0,1.0,0.9810377955436708,1.0,0.0,0.0,3.6795456409454346,3.679569959640503,9.034033041643852e-07,4.265924453735352,4.265914440155029,9.78592834144365e-06,0.0,0.0,-0.0,6401.6123046875,0.0,1564.212890625,1895.4371337890625,0.0,4137.73828125,0.9116860032081604,1.0,0.0,3.0,1.0,0.0
12154320,297.1234741210937,297.1499938964844,293.1499938964844,0.0,-0.0,285.0686340332031,0.8429390788078308,0.386573314666748,0.3506249487400055,297.0909118652344,297.1499938964844,293.1499938964844,0.0,-0.0,285.068359375,0.9658951163291932,0.572313129901886,0.543609619140625,297.58416748046875,297.1499938964844,293.1499938964844,0.0,-0.0,285.0682983398437,0.9990000128746032,0.7004388570785522,0.4536210596561432,297.1889953613281,297.1499938964844,293.1499938964844,0.0,-0.0,285.0687561035156,0.8170807361602783,0.349624902009964,0.3342086672782898,297.1860046386719,297.1499938964844,293.1499938964844,0.0,-0.0,285.0693054199219,0.7125967144966125,0.2283558249473571,1.0431537628173828,285.0684509277344,284.95001220703125,299.14044189453125,288.3005065917969,297.86822509765625,297.35125732421875,285.0669860839844,1.0,0.6155438423156738,0.388395756483078,0.388395756483078,1.0,1.0,-3.2725210189819336,0.9465867877006532,2.325934410095215,0.2086911648511886,0.9100035429000854,0.9100035429000854,0.0,170.7500762939453,172.0,44051.03125,0.0,2950.693359375,1.0,280.6580505371094,283.5227355957031,291.3624572753906,294.2123413085937,293.1499938964844,293.1499938964844,280.3500061035156,35724.8046875,36000.0,313.1499938964844,0.0,18000.0,1.0,0.0,0.0,0.0,1.0,0.9810377955436708,1.0,0.0,0.0,3.6795456409454346,3.679569959640503,9.034033041643852e-07,4.265924453735352,4.265914440155029,9.78592834144365e-06,0.0,0.0,-0.0,6401.6123046875,0.0,1564.212890625,1895.4371337890625,0.0,4137.73828125,0.9116860032081604,1.0,0.0,3.0,1.0,0.0
12154380,297.1062927246094,297.1499938964844,293.1499938964844,0.0,-0.0,284.877685546875,0.839945912361145,0.3845008611679077,0.3489328324794769,297.0714416503906,297.1499938964844,293.1499938964844,0.0,-0.0,284.8774108886719,0.9623695611953736,0.5695967674255371,0.5412533283233643,297.5704040527344,297.1499938964844,293.1499938964844,0.0,-0.0,284.8773193359375,0.9990000128746032,0.7045641541481018,0.4565429985523224,297.1746826171875,297.1499938964844,293.1499938964844,0.0,-0.0,284.8777770996094,0.814862847328186,0.3486740291118622,0.3334984481334686,297.1759338378906,297.1499938964844,293.1499938964844,0.0,-0.0,284.8783569335937,0.7106866836547852,0.2277960330247879,1.0415488481521606,284.87750244140625,284.95001220703125,299.1236267089844,288.2933044433594,297.85009765625,297.33380126953125,284.87603759765625,1.0,0.6156663298606873,0.3879367411136627,0.3879367411136627,1.0,1.0,-3.268383264541626,0.9438799619674684,2.324503421783448,0.2068444192409515,0.907450556755066,0.907450556755066,0.0,171.8726806640625,175.0,45127.5234375,0.0,2948.167236328125,1.0,280.3580017089844,283.29052734375,291.3458251953125,294.2655029296875,293.1499938964844,293.1499938964844,280.04998779296875,35952.8203125,36000.0,313.1499938964844,0.0,18000.0,1.0,0.0,0.0,0.0,1.0,0.994170606136322,1.0,0.0,0.0,3.681961059570313,3.681985378265381,9.045897968462668e-07,4.265924453735352,4.265914440155029,9.78592834144365e-06,0.0,0.0,-0.0,6521.3876953125,0.0,1568.662353515625,1895.4371337890625,0.0,4250.63037109375,0.912377953529358,1.0,0.0,3.0,1.0,0.0
12154440,297.1062927246094,297.1499938964844,293.1499938964844,0.0,-0.0,284.877685546875,0.839945912361145,0.3845008611679077,0.3489328324794769,297.0714416503906,297.1499938964844,293.1499938964844,0.0,-0.0,284.8774108886719,0.9623695611953736,0.5695967674255371,0.5412533283233643,297.5704040527344,297.1499938964844,293.1499938964844,0.0,-0.0,284.8773193359375,0.9990000128746032,0.7045641541481018,0.4565429985523224,297.1746826171875,297.1499938964844,293.1499938964844,0.0,-0.0,284.8777770996094,0.814862847328186,0.3486740291118622,0.3334984481334686,297.1759338378906,297.1499938964844,293.1499938964844,0.0,-0.0,284.8783569335937,0.7106866836547852,0.2277960330247879,1.0415488481521606,284.87750244140625,284.95001220703125,299.1236267089844,288.2933044433594,297.85009765625,297.33380126953125,284.87603759765625,1.0,0.6156663298606873,0.3879367411136627,0.3879367411136627,1.0,1.0,-3.268383264541626,0.9438799619674684,2.324503421783448,0.2068444192409515,0.907450556755066,0.907450556755066,0.0,171.8726806640625,175.0,45127.5234375,0.0,2948.167236328125,1.0,280.3580017089844,283.29052734375,291.3458251953125,294.2655029296875,293.1499938964844,293.1499938964844,280.04998779296875,35952.8203125,36000.0,313.1499938964844,0.0,18000.0,1.0,0.0,0.0,0.0,1.0,0.994170606136322,1.0,0.0,0.0,3.681961059570313,3.681985378265381,9.045897968462668e-07,4.265924453735352,4.265914440155029,9.78592834144365e-06,0.0,0.0,-0.0,6521.3876953125,0.0,1568.662353515625,1895.4371337890625,0.0,4250.63037109375,0.912377953529358,1.0,0.0,3.0,1.0,0.0
12154500,297.09722900390625,297.1499938964844,293.1499938964844,0.0,-0.0,284.7369079589844,0.8379150629043579,0.3833366334438324,0.3480102717876434,297.0611267089844,297.1499938964844,293.1499938964844,0.0,-0.0,284.7353820800781,0.9598942399024964,0.5680893659591675,0.539967954158783,297.5580139160156,297.1499938964844,293.1499938964844,0.0,-0.0,284.7349853515625,0.9990000128746032,0.7060137987136841,0.4588556885719299,297.166748046875,297.1499938964844,293.1499938964844,0.0,-0.0,284.7373962402344,0.8131687641143799,0.348052978515625,0.3330215513706207,297.1697082519531,297.1499938964844,293.1499938964844,0.0,-0.0,284.74029541015625,0.7091034054756165,0.2273517102003097,1.0400571823120115,284.7359313964844,284.95001220703125,299.1153259277344,288.289794921875,297.8389892578125,297.3222045898437,284.7284851074219,1.0,0.6159070134162903,0.3877072036266327,0.3877072036266327,1.0,1.0,-3.266142606735229,0.9424689412117004,2.323673725128174,0.2058963179588318,0.9046450257301332,0.9046450257301332,0.0,172.81240844726562,175.0,46076.375,0.0,2948.64990234375,1.0,280.1004333496094,283.111328125,291.3617858886719,294.3887023925781,293.1499938964844,293.1499938964844,280.04998779296875,36093.75390625,36000.0,313.1499938964844,0.0,18000.0,1.0,0.0,0.0,0.0,1.0,1.0,1.0,0.0,0.0,3.679763793945313,3.679788112640381,9.03510397165519e-07,4.265924453735352,4.265914440155029,9.78592834144365e-06,0.0,0.0,-0.0,6324.171875,0.0,1567.2421875,1895.4371337890625,0.0,4300.0,0.911947786808014,1.0,0.0,3.0,1.0,0.0
12154560,297.0877685546875,297.1499938964844,293.1499938964844,0.0,-0.0,284.68719482421875,0.8354577422142029,0.3820714056491852,0.3469269573688507,297.05035400390625,297.1499938964844,293.1499938964844,0.0,-0.0,284.6869201660156,0.956861972808838,0.5664678812026978,0.538505494594574,297.54266357421875,297.1499938964844,293.1499938964844,0.0,-0.0,284.68682861328125,0.9990000128746032,0.7070909142494202,0.4617379605770111,297.1583251953125,297.1499938964844,293.1499938964844,0.0,-0.0,284.6872863769531,0.8110346794128418,0.3473315238952636,0.3324109315872192,297.1628112792969,297.1499938964844,293.1499938964844,0.0,-0.0,284.68780517578125,0.707053542137146,0.2267976105213165,1.0379718542099,284.68701171875,284.95001220703125,299.10711669921875,288.2863464355469,297.8266296386719,297.3086242675781,284.68560791015625,1.0,0.6161954998970032,0.3875424265861511,0.3875424265861511,1.0,1.0,-3.263306140899658,0.9410269856452942,2.3222789764404297,0.2050526291131973,0.902359426021576,0.902359426021576,0.0,173.98980712890625,178.0,46136.40625,0.0,2949.18798828125,1.0,280.0578918457031,283.0614624023437,291.3435974121094,294.3203430175781,293.1499938964844,293.1499938964844,279.75,36210.796875,36000.0,313.1499938964844,0.0,18000.0,1.0,0.0,0.0,0.0,1.0,1.0,1.0,0.0,0.0,3.674829006195069,3.6748533248901367,9.010887538352108e-07,4.265924453735352,4.265914440155029,9.78592834144365e-06,0.0,0.0,-0.0,6642.03271484375,0.0,1562.5557861328125,1895.4371337890625,0.0,4300.0,0.9109547138214112,1.0,0.0,3.0,1.0,0.0
12154620,297.0689697265625,297.1499938964844,293.1499938964844,0.0,-0.0,284.4991455078125,0.8301899433135986,0.3793792128562927,0.3446893692016601,297.0290222167969,297.1499938964844,293.1499938964844,0.0,-0.0,284.4988708496094,0.9501380324363708,0.5630427598953247,0.5354797840118408,297.5065002441406,297.1499938964844,293.1499938964844,0.0,-0.0,284.4988098144531,0.9990000128746032,0.7084066271781921,0.4681701958179474,297.1415100097656,297.1499938964844,293.1499938964844,0.0,-0.0,284.4992370605469,0.8062301874160767,0.3457315862178802,0.3310774266719818,297.1483154296875,297.1499938964844,293.1499938964844,0.0,-0.0,284.4997253417969,0.7024266719818115,0.2254941910505294,1.0330047607421875,284.4989624023437,284.95001220703125,299.09088134765625,288.2796325683594,297.8005065917969,297.27947998046875,284.4976806640625,1.0,0.616875171661377,0.3872128129005432,0.3872128129005432,1.0,1.0,-3.257136583328247,0.9379998445510864,2.319136619567871,0.2033201456069946,0.8947754502296448,0.8947754502296448,0.0,176.65374755859375,181.0,47077.6015625,0.0,2950.92236328125,1.0,279.7580871582031,282.8373718261719,291.3737487792969,294.4041748046875,293.1499938964844,293.1499938964844,280.04998779296875,36493.0078125,36000.0,313.1499938964844,0.0,18000.0,1.0,0.0,0.0,0.0,1.0,1.0,1.0,0.0,0.0,3.657226324081421,3.65725040435791,8.924768053475418e-07,4.265924453735352,4.265914440155029,9.78592834144365e-06,0.0,0.0,-0.0,6004.74365234375,0.0,1544.9190673828125,1895.4371337890625,0.0,4300.0,0.907209575176239,1.0,0.0,3.0,1.0,0.0
12154680,297.0689697265625,297.1499938964844,293.1499938964844,0.0,-0.0,284.4991455078125,0.8301899433135986,0.3793792128562927,0.3446893692016601,297.0290222167969,297.1499938964844,293.1499938964844,0.0,-0.0,284.4988708496094,0.9501380324363708,0.5630427598953247,0.5354797840118408,297.5065002441406,297.1499938964844,293.1499938964844,0.0,-0.0,284.4988098144531,0.9990000128746032,0.7084066271781921,0.4681701958179474,297.1415100097656,297.1499938964844,293.1499938964844,0.0,-0.0,284.4992370605469,0.8062301874160767,0.3457315862178802,0.3310774266719818,297.1483154296875,297.1499938964844,293.1499938964844,0.0,-0.0,284.4997253417969,0.7024266719818115,0.2254941910505294,1.0330047607421875,284.4989624023437,284.95001220703125,299.09088134765625,288.2796325683594,297.8005065917969,297.27947998046875,284.4976806640625,1.0,0.616875171661377,0.3872128129005432,0.3872128129005432,1.0,1.0,-3.257136583328247,0.9379998445510864,2.319136619567871,0.2033201456069946,0.8947754502296448,0.8947754502296448,0.0,176.65374755859375,181.0,47077.6015625,0.0,2950.92236328125,1.0,279.7580871582031,282.8373718261719,291.3737487792969,294.4041748046875,293.1499938964844,293.1499938964844,280.04998779296875,36493.0078125,36000.0,313.1499938964844,0.0,18000.0,1.0,0.0,0.0,0.0,1.0,1.0,1.0,0.0,0.0,3.657226324081421,3.65725040435791,8.924768053475418e-07,4.265924453735352,4.265914440155029,9.78592834144365e-06,0.0,0.0,-0.0,6004.74365234375,0.0,1544.9190673828125,1895.4371337890625,0.0,4300.0,0.907209575176239,1.0,0.0,3.0,1.0,0.0
12154740,297.0684814453125,297.1499938964844,293.1499938964844,0.0,-0.0,284.6658020019531,0.8262490034103394,0.3782805800437927,0.3433197140693664,297.02655029296875,297.1499938964844,293.1499938964844,0.0,-0.0,284.6660461425781,0.944732427597046,0.5612349510192871,0.5333566665649414,297.4912109375,297.1499938964844,293.1499938964844,0.0,-0.0,284.6661376953125,0.9990000128746032,0.7113400101661682,0.4735082685947418,297.1373596191406,297.1499938964844,293.1499938964844,0.0,-0.0,284.66571044921875,0.8024667501449585,0.3451879024505615,0.3303005397319793,297.1426086425781,297.1499938964844,293.1499938964844,0.0,-0.0,284.6651916503906,0.6987661719322205,0.2248779386281967,1.0294817686080933,284.6659851074219,284.95001220703125,299.07489013671875,288.27313232421875,297.78924560546875,297.2708435058594,284.66729736328125,1.0,0.6178138852119446,0.3868832290172577,0.3868832290172577,1.0,1.0,-3.2541754245758057,0.936072587966919,2.3181028366088867,0.2018351256847381,0.8923463821411133,0.8923463821411133,0.0,178.97947692871094,184.0,45871.40234375,0.0,2957.577880859375,1.0,280.0421447753906,283.0502014160156,291.2644348144531,294.1695251464844,293.1499938964844,293.1499938964844,280.3500061035156,36421.57421875,36000.0,313.1499938964844,0.0,18000.0,1.0,0.0,0.0,0.0,1.0,0.9982691407203674,1.0,0.0,0.0,3.640773296356201,3.6407971382141113,8.844647823025298e-07,4.265924453735352,4.265914440155029,9.78592834144365e-06,0.0,0.0,-0.0,5834.2587890625,0.0,1526.07373046875,1895.4371337890625,0.0,4285.390625,0.9035150408744812,1.0,0.0,3.0,1.0,0.0
12154800,297.0684814453125,297.1499938964844,293.1499938964844,0.0,-0.0,284.6658020019531,0.8262490034103394,0.3782805800437927,0.3433197140693664,297.02655029296875,297.1499938964844,293.1499938964844,0.0,-0.0,284.6660461425781,0.944732427597046,0.5612349510192871,0.5333566665649414,297.4912109375,297.1499938964844,293.1499938964844,0.0,-0.0,284.6661376953125,0.9990000128746032,0.7113400101661682,0.4735082685947418,297.1373596191406,297.1499938964844,293.1499938964844,0.0,-0.0,284.66571044921875,0.8024667501449585,0.3451879024505615,0.3303005397319793,297.1426086425781,297.1499938964844,293.1499938964844,0.0,-0.0,284.6651916503906,0.6987661719322205,0.2248779386281967,1.0294817686080933,284.6659851074219,284.95001220703125,299.07489013671875,288.27313232421875,297.78924560546875,297.2708435058594,284.66729736328125,1.0,0.6178138852119446,0.3868832290172577,0.3868832290172577,1.0,1.0,-3.2541754245758057,0.936072587966919,2.3181028366088867,0.2018351256847381,0.8923463821411133,0.8923463821411133,0.0,178.97947692871094,184.0,45871.40234375,0.0,2957.577880859375,1.0,280.0421447753906,283.0502014160156,291.2644348144531,294.1695251464844,293.1499938964844,293.1499938964844,280.3500061035156,36421.57421875,36000.0,313.1499938964844,0.0,18000.0,1.0,0.0,0.0,0.0,1.0,0.9982691407203674,1.0,0.0,0.0,3.640773296356201,3.6407971382141113,8.844647823025298e-07,4.265924453735352,4.265914440155029,9.78592834144365e-06,0.0,0.0,-0.0,5834.2587890625,0.0,1526.07373046875,1895.4371337890625,0.0,4285.390625,0.9035150408744812,1.0,0.0,3.0,1.0,0.0
12154860,297.0808410644531,297.1499938964844,293.1499938964844,0.0,-0.0,284.8556213378906,0.8245061635971069,0.3784915506839752,0.3433386981487274,297.0389709472656,297.1499938964844,293.1499938964844,0.0,-0.0,284.8559265136719,0.9419407844543456,0.5609213709831238,0.5328403115272522,297.49884033203125,297.1499938964844,293.1499938964844,0.0,-0.0,284.8560485839844,0.9990000128746032,0.7164163589477539,0.4767622947692871,297.14501953125,297.1499938964844,293.1499938964844,0.0,-0.0,284.85552978515625,0.800917387008667,0.3457931280136108,0.3306997120380401,297.1468200683594,297.1499938964844,293.1499938964844,0.0,-0.0,284.8549194335937,0.6972596645355225,0.2252048999071121,1.0302735567092896,284.8558349609375,284.95001220703125,299.0591125488281,288.2668762207031,297.7920837402344,297.2815856933594,284.857421875,1.0,0.6194128394126892,0.3865911066532135,0.3865911066532135,1.0,1.0,-3.2589142322540283,0.9368631839752196,2.3220510482788086,0.2013654708862304,0.8926583528518677,0.8926583528518677,0.0,180.6864471435547,187.0,44751.75390625,0.0,2977.151611328125,1.0,280.3416442871094,283.28350830078125,291.2215881347656,294.0342102050781,293.1499938964844,293.1499938964844,280.6499938964844,36235.39453125,36000.0,313.1499938964844,0.0,18000.0,1.0,0.0,0.0,0.0,1.0,0.9857603311538696,1.0,0.0,0.0,3.631342887878418,3.631366729736328,8.798888870842347e-07,4.265924453735352,4.265914440155029,9.78592834144365e-06,0.0,0.0,-0.0,5712.98583984375,0.0,1514.2628173828125,1895.4371337890625,0.0,4178.58984375,0.9012885093688964,1.0,0.0,3.0,1.0,0.0
12154920,297.0808410644531,297.1499938964844,293.1499938964844,0.0,-0.0,284.8556213378906,0.8245061635971069,0.3784915506839752,0.3433386981487274,297.0389709472656,297.1499938964844,293.1499938964844,0.0,-0.0,284.8559265136719,0.9419407844543456,0.5609213709831238,0.5328403115272522,297.49884033203125,297.1499938964844,293.1499938964844,0.0,-0.0,284.8560485839844,0.9990000128746032,0.7164163589477539,0.4767622947692871,297.14501953125,297.1499938964844,293.1499938964844,0.0,-0.0,284.85552978515625,0.800917387008667,0.3457931280136108,0.3306997120380401,297.1468200683594,297.1499938964844,293.1499938964844,0.0,-0.0,284.8549194335937,0.6972596645355225,0.2252048999071121,1.0302735567092896,284.8558349609375,284.95001220703125,299.0591125488281,288.2668762207031,297.7920837402344,297.2815856933594,284.857421875,1.0,0.6194128394126892,0.3865911066532135,0.3865911066532135,1.0,1.0,-3.2589142322540283,0.9368631839752196,2.3220510482788086,0.2013654708862304,0.8926583528518677,0.8926583528518677,0.0,180.6864471435547,187.0,44751.75390625,0.0,2977.151611328125,1.0,280.3416442871094,283.28350830078125,291.2215881347656,294.0342102050781,293.1499938964844,293.1499938964844,280.6499938964844,36235.39453125,36000.0,313.1499938964844,0.0,18000.0,1.0,0.0,0.0,0.0,1.0,0.9857603311538696,1.0,0.0,0.0,3.631342887878418,3.631366729736328,8.798888870842347e-07,4.265924453735352,4.265914440155029,9.78592834144365e-06,0.0,0.0,-0.0,5712.98583984375,0.0,1514.2628173828125,1895.4371337890625,0.0,4178.58984375,0.9012885093688964,1.0,0.0,3.0,1.0,0.0
12154980,297.0974426269531,297.1499938964844,293.1499938964844,0.0,-0.0,285.04815673828125,0.8235793113708496,0.3792954385280609,0.3439907431602478,297.0570373535156,297.1499938964844,293.1499938964844,0.0,-0.0,285.0484924316406,0.9401615858078004,0.5613411068916321,0.5331354737281799,297.5176696777344,297.1499938964844,293.1499938964844,0.0,-0.0,285.0486145019531,0.9990000128746032,0.7227332592010498,0.4793972074985504,297.1579284667969,297.1499938964844,293.1499938964844,0.0,-0.0,285.0480651855469,0.8003048300743103,0.347033828496933,0.3317859172821045,297.156494140625,297.1499938964844,293.1499938964844,0.0,-0.0,285.0474548339844,0.6968069672584534,0.2261383533477783,1.034075379371643,285.0483703613281,284.95001220703125,299.0434875488281,288.2608337402344,297.8014221191406,297.3011474609375,285.0500183105469,1.0,0.6216800808906555,0.3862990140914917,0.3862990140914917,1.0,1.0,-3.269093990325928,0.9394989609718324,2.32959508895874,0.2015515714883804,0.8955590724945068,0.8955590724945068,0.0,182.34727478027344,190.0,43729.609375,0.0,3008.169677734375,1.0,280.6415710449219,283.51666259765625,291.2119445800781,293.9527893066406,293.1499938964844,293.1499938964844,280.95001220703125,35996.4453125,36000.0,313.1499938964844,0.0,18000.0,1.0,0.0,0.0,0.0,1.0,0.9731264114379884,1.0,0.0,0.0,3.6307976245880127,3.630821228027344,8.79624565186532e-07,4.265924453735352,4.265914440155029,9.78592834144365e-06,0.0,0.0,-0.0,5610.4423828125,0.0,1511.883056640625,1895.4371337890625,0.0,4068.693603515625,0.901004195213318,1.0,0.0,3.0,1.0,0.0
12155040,297.0974426269531,297.1499938964844,293.1499938964844,0.0,-0.0,285.04815673828125,0.8235793113708496,0.3792954385280609,0.3439907431602478,297.0570373535156,297.1499938964844,293.1499938964844,0.0,-0.0,285.0484924316406,0.9401615858078004,0.5613411068916321,0.5331354737281799,297.5176696777344,297.1499938964844,293.1499938964844,0.0,-0.0,285.0486145019531,0.9990000128746032,0.7227332592010498,0.4793972074985504,297.1579284667969,297.1499938964844,293.1499938964844,0.0,-0.0,285.0480651855469,0.8003048300743103,0.347033828496933,0.3317859172821045,297.156494140625,297.1499938964844,293.1499938964844,0.0,-0.0,285.0474548339844,0.6968069672584534,0.2261383533477783,1.034075379371643,285.0483703613281,284.95001220703125,299.0434875488281,288.2608337402344,297.8014221191406,297.3011474609375,285.0500183105469,1.0,0.6216800808906555,0.3862990140914917,0.3862990140914917,1.0,1.0,-3.269093990325928,0.9394989609718324,2.32959508895874,0.2015515714883804,0.8955590724945068,0.8955590724945068,0.0,182.34727478027344,190.0,43729.609375,0.0,3008.169677734375,1.0,280.6415710449219,283.51666259765625,291.2119445800781,293.9527893066406,293.1499938964844,293.1499938964844,280.95001220703125,35996.4453125,36000.0,313.1499938964844,0.0,18000.0,1.0,0.0,0.0,0.0,1.0,0.9731264114379884,1.0,0.0,0.0,3.6307976245880127,3.630821228027344,8.79624565186532e-07,4.265924453735352,4.265914440155029,9.78592834144365e-06,0.0,0.0,-0.0,5610.4423828125,0.0,1511.883056640625,1895.4371337890625,0.0,4068.693603515625,0.901004195213318,1.0,0.0,3.0,1.0,0.0
12155100,297.1062316894531,297.1499938964844,293.1499938964844,0.0,-0.0,285.190673828125,0.8231573104858398,0.3798232972621918,0.3444101810455322,297.0668334960937,297.1499938964844,293.1499938964844,0.0,-0.0,285.1922912597656,0.9393221139907836,0.5617093443870544,0.5334185361862183,297.5289001464844,297.1499938964844,293.1499938964844,0.0,-0.0,285.1929016113281,0.9990000128746032,0.7261614799499512,0.4807722270488739,297.1651916503906,297.1499938964844,293.1499938964844,0.0,-0.0,285.1902160644531,0.800078272819519,0.3477964699268341,0.3324629366397857,297.1623229980469,297.1499938964844,293.1499938964844,0.0,-0.0,285.1871032714844,0.696716845035553,0.2267512381076812,1.0366640090942385,285.1917724609375,284.95001220703125,299.0357360839844,288.2579040527344,297.8070678710937,297.3122253417969,285.19989013671875,1.0,0.6230283975601196,0.386152982711792,0.386152982711792,1.0,1.0,-3.275516986846924,0.9412659406661988,2.334251165390014,0.2018042206764221,0.8985626101493835,0.8985626101493835,0.0,183.2655487060547,190.0,42856.43359375,0.0,3027.10400390625,1.0,280.8982238769531,283.6977233886719,291.1872863769531,293.8229675292969,293.1499938964844,293.1499938964844,280.95001220703125,35851.02734375,36000.0,313.1499938964844,0.0,18000.0,1.0,0.0,0.0,0.0,1.0,0.9649914503097534,1.0,0.0,0.0,3.634052276611328,3.6340761184692383,8.812023679638514e-07,4.265924453735352,4.265914440155029,9.78592834144365e-06,0.0,0.0,-0.0,5782.9375,0.0,1514.388427734375,1895.4371337890625,0.0,3996.953369140625,0.9016655683517456,1.0,0.0,3.0,1.0,0.0
12155160,297.1155700683594,297.1499938964844,293.1499938964844,0.0,-0.0,285.2450866699219,0.8229336142539978,0.3804638385772705,0.3450008630752563,297.0772705078125,297.1499938964844,293.1499938964844,0.0,-0.0,285.24542236328125,0.9387130737304688,0.5622100234031677,0.5338962078094482,297.5412292480469,297.1499938964844,293.1499938964844,0.0,-0.0,285.2455444335937,0.9990000128746032,0.7297743558883667,0.4820170700550079,297.173095703125,297.1499938964844,293.1499938964844,0.0,-0.0,285.2449951171875,0.8000467419624329,0.3486697077751159,0.3332854211330414,297.1688232421875,297.1499938964844,293.1499938964844,0.0,-0.0,285.2443542480469,0.6968351006507874,0.227469265460968,1.0398447513580322,285.24530029296875,284.95001220703125,299.02801513671875,288.2550048828125,297.8134765625,297.3246154785156,285.2469787597656,1.0,0.6245224475860596,0.385876715183258,0.385876715183258,1.0,1.0,-3.283110380172729,0.9430797696113586,2.340030670166016,0.2018391788005828,0.9011133313179016,0.9011133313179016,0.0,184.1748046875,193.0,42861.3359375,0.0,3048.588623046875,1.0,280.9415588378906,283.7523193359375,291.2118530273437,293.8945617675781,293.1499938964844,293.1499938964844,280.6499938964844,35730.48046875,36000.0,313.1499938964844,0.0,18000.0,1.0,0.0,0.0,0.0,1.0,0.9617773294448853,1.0,0.0,0.0,3.640137195587158,3.640161037445069,8.841557814776024e-07,4.265924453735352,4.265914440155029,9.78592834144365e-06,0.0,0.0,-0.0,6203.3154296875,0.0,1520.212158203125,1895.4371337890625,0.0,3968.413330078125,0.9029090404510498,1.0,0.0,3.0,1.0,0.0
12155220,297.1156921386719,297.1499938964844,293.1499938964844,0.0,-0.0,285.0835876464844,0.8206949830055237,0.3800631761550903,0.3452063500881195,297.0793762207031,297.1499938964844,293.1499938964844,0.0,-0.0,285.0833740234375,0.935323178768158,0.5615264177322388,0.5338595509529114,297.5398864746094,297.1499938964844,293.1499938964844,0.0,-0.0,285.0832824707031,0.9990000128746032,0.7346291542053223,0.4865297973155975,297.1763610839844,297.1499938964844,293.1499938964844,0.0,-0.0,285.0836486816406,0.7983485460281372,0.3493103981018066,0.3343279063701629,297.173095703125,297.1499938964844,293.1499938964844,0.0,-0.0,285.08404541015625,0.6956368088722229,0.2281534522771835,1.0445103645324707,285.0834350585937,284.95001220703125,299.0126037597656,288.2493896484375,297.8084411621094,297.3245849609375,285.0824890136719,1.0,0.6275858879089355,0.3853242397308349,0.3853242397308349,1.0,1.0,-3.295612096786499,0.9457314014434814,2.3498806953430176,0.2016757130622863,0.9015557169914246,0.9015557169914246,0.0,186.85513305664065,196.0,44021.91796875,0.0,3090.80322265625,1.0,280.6578674316406,283.5447998046875,291.30059814453125,294.1246032714844,293.1499938964844,293.1499938964844,280.3500061035156,35809.046875,36000.0,313.1499938964844,0.0,18000.0,1.0,0.0,0.0,0.0,1.0,0.9764284491539,1.0,0.0,0.0,3.647938966751098,3.647963047027588,8.879498523128859e-07,4.265924453735352,4.265914440155029,9.78592834144365e-06,0.0,0.0,-0.0,6379.05322265625,0.0,1529.4488525390625,1895.4371337890625,0.0,4097.60107421875,0.904679000377655,1.0,0.0,3.0,1.0,0.0
12155280,297.1156921386719,297.1499938964844,293.1499938964844,0.0,-0.0,285.0835876464844,0.8206949830055237,0.3800631761550903,0.3452063500881195,297.0793762207031,297.1499938964844,293.1499938964844,0.0,-0.0,285.0833740234375,0.935323178768158,0.5615264177322388,0.5338595509529114,297.5398864746094,297.1499938964844,293.1499938964844,0.0,-0.0,285.0832824707031,0.9990000128746032,0.7346291542053223,0.4865297973155975,297.1763610839844,297.1499938964844,293.1499938964844,0.0,-0.0,285.0836486816406,0.7983485460281372,0.3493103981018066,0.3343279063701629,297.173095703125,297.1499938964844,293.1499938964844,0.0,-0.0,285.08404541015625,0.6956368088722229,0.2281534522771835,1.0445103645324707,285.0834350585937,284.95001220703125,299.0126037597656,288.2493896484375,297.8084411621094,297.3245849609375,285.0824890136719,1.0,0.6275858879089355,0.3853242397308349,0.3853242397308349,1.0,1.0,-3.295612096786499,0.9457314014434814,2.3498806953430176,0.2016757130622863,0.9015557169914246,0.9015557169914246,0.0,186.85513305664065,196.0,44021.91796875,0.0,3090.80322265625,1.0,280.6578674316406,283.5447998046875,291.30059814453125,294.1246032714844,293.1499938964844,293.1499938964844,280.3500061035156,35809.046875,36000.0,313.1499938964844,0.0,18000.0,1.0,0.0,0.0,0.0,1.0,0.9764284491539,1.0,0.0,0.0,3.647938966751098,3.647963047027588,8.879498523128859e-07,4.265924453735352,4.265914440155029,9.78592834144365e-06,0.0,0.0,-0.0,6379.05322265625,0.0,1529.4488525390625,1895.4371337890625,0.0,4097.60107421875,0.904679000377655,1.0,0.0,3.0,1.0,0.0
12155340,297.1029357910156,297.1499938964844,293.1499938964844,0.0,-0.0,284.9026794433594,0.8160502314567566,0.378345638513565,0.3440285623073578,297.0667724609375,297.1499938964844,293.1499938964844,0.0,-0.0,284.9024353027344,0.9289450645446776,0.55936598777771,0.5322490930557251,297.5123291015625,297.1499938964844,293.1499938964844,0.0,-0.0,284.90234375,0.9990000128746032,0.7368001937866211,0.4936808943748474,297.1679992675781,297.1499938964844,293.1499938964844,0.0,-0.0,284.9027709960937,0.7942721843719482,0.3488071262836456,0.3342195153236389,297.16754150390625,297.1499938964844,293.1499938964844,0.0,-0.0,284.9032287597656,0.6921368837356567,0.2278930246829986,1.044948935508728,284.90252685546875,284.95001220703125,298.9972839355469,288.24395751953125,297.7880554199219,297.3031311035156,284.9013061523437,1.0,0.6302825212478638,0.3847717344760895,0.3847717344760895,1.0,1.0,-3.301262378692627,0.9460578560829164,2.3552045822143555,0.2006964683532714,0.8994143009185791,0.8994143009185791,0.0,190.5332946777344,199.0,45189.5234375,0.0,3123.88134765625,1.0,280.3582458496094,283.321044921875,291.30889892578125,294.22625732421875,293.1499938964844,293.1499938964844,280.6499938964844,35986.15625,36000.0,313.1499938964844,0.0,18000.0,1.0,0.0,0.0,0.0,1.0,0.9927592873573304,1.0,0.0,0.0,3.649056673049927,3.649080753326416,8.884940143616404e-07,4.265924453735352,4.265914440155029,9.78592834144365e-06,0.0,0.0,-0.0,5789.3037109375,0.0,1532.0157470703125,1895.4371337890625,0.0,4238.607421875,0.9050424695014954,1.0,0.0,3.0,1.0,0.0
12155400,297.1029357910156,297.1499938964844,293.1499938964844,0.0,-0.0,284.9026794433594,0.8160502314567566,0.378345638513565,0.3440285623073578,297.0667724609375,297.1499938964844,293.1499938964844,0.0,-0.0,284.9024353027344,0.9289450645446776,0.55936598777771,0.5322490930557251,297.5123291015625,297.1499938964844,293.1499938964844,0.0,-0.0,284.90234375,0.9990000128746032,0.7368001937866211,0.4936808943748474,297.1679992675781,297.1499938964844,293.1499938964844,0.0,-0.0,284.9027709960937,0.7942721843719482,0.3488071262836456,0.3342195153236389,297.16754150390625,297.1499938964844,293.1499938964844,0.0,-0.0,284.9032287597656,0.6921368837356567,0.2278930246829986,1.044948935508728,284.90252685546875,284.95001220703125,298.9972839355469,288.24395751953125,297.7880554199219,297.3031311035156,284.9013061523437,1.0,0.6302825212478638,0.3847717344760895,0.3847717344760895,1.0,1.0,-3.301262378692627,0.9460578560829164,2.3552045822143555,0.2006964683532714,0.8994143009185791,0.8994143009185791,0.0,190.5332946777344,199.0,45189.5234375,0.0,3123.88134765625,1.0,280.3582458496094,283.321044921875,291.30889892578125,294.22625732421875,293.1499938964844,293.1499938964844,280.6499938964844,35986.15625,36000.0,313.1499938964844,0.0,18000.0,1.0,0.0,0.0,0.0,1.0,0.9927592873573304,1.0,0.0,0.0,3.649056673049927,3.649080753326416,8.884940143616404e-07,4.265924453735352,4.265914440155029,9.78592834144365e-06,0.0,0.0,-0.0,5789.3037109375,0.0,1532.0157470703125,1895.4371337890625,0.0,4238.607421875,0.9050424695014954,1.0,0.0,3.0,1.0,0.0
12155460,297.1036376953125,297.1499938964844,293.1499938964844,0.0,-0.0,285.0662841796875,0.8120705485343933,0.3777987658977508,0.3432491719722748,297.0668029785156,297.1499938964844,293.1499938964844,0.0,-0.0,285.0665283203125,0.9233790636062622,0.5582935810089111,0.5309386253356934,297.49639892578125,297.1499938964844,293.1499938964844,0.0,-0.0,285.0666198730469,0.9990000128746032,0.7397484183311462,0.5001218914985657,297.166748046875,297.1499938964844,293.1499938964844,0.0,-0.0,285.06622314453125,0.7906906008720398,0.3488942980766296,0.3341511487960815,297.1656188964844,297.1499938964844,293.1499938964844,0.0,-0.0,285.0657653808594,0.6889073848724365,0.2279092967510223,1.0447787046432495,285.0664367675781,284.95001220703125,298.98199462890625,288.2387084960937,297.7772216796875,297.2950134277344,285.067626953125,1.0,0.6327307224273682,0.3841834664344787,0.3841834664344787,1.0,1.0,-3.306201457977295,0.9460474848747252,2.360153913497925,0.199380487203598,0.9023074507713318,0.9023074507713318,0.0,193.87384033203125,202.0,44128.234375,0.0,3153.604736328125,1.0,280.6421813964844,283.52618408203125,291.2094116210937,293.99755859375,293.1499938964844,293.1499938964844,280.3500061035156,35862.625,36000.0,313.1499938964844,0.0,18000.0,1.0,0.0,0.0,0.0,1.0,0.982849657535553,1.0,0.0,0.0,3.65343713760376,3.653461217880249,8.906284847398638e-07,4.265924453735352,4.265914440155029,9.78592834144365e-06,0.0,0.0,-0.0,6340.14404296875,0.0,1535.9671630859375,1895.4371337890625,0.0,4153.4443359375,0.9059624075889589,1.0,0.0,3.0,1.0,0.0
12155520,297.1036376953125,297.1499938964844,293.1499938964844,0.0,-0.0,285.0662841796875,0.8120705485343933,0.3777987658977508,0.3432491719722748,297.0668029785156,297.1499938964844,293.1499938964844,0.0,-0.0,285.0665283203125,0.9233790636062622,0.5582935810089111,0.5309386253356934,297.49639892578125,297.1499938964844,293.1499938964844,0.0,-0.0,285.0666198730469,0.9990000128746032,0.7397484183311462,0.5001218914985657,297.166748046875,297.1499938964844,293.1499938964844,0.0,-0.0,285.06622314453125,0.7906906008720398,0.3488942980766296,0.3341511487960815,297.1656188964844,297.1499938964844,293.1499938964844,0.0,-0.0,285.0657653808594,0.6889073848724365,0.2279092967510223,1.0447787046432495,285.0664367675781,284.95001220703125,298.98199462890625,288.2387084960937,297.7772216796875,297.2950134277344,285.067626953125,1.0,0.6327307224273682,0.3841834664344787,0.3841834664344787,1.0,1.0,-3.306201457977295,0.9460474848747252,2.360153913497925,0.199380487203598,0.9023074507713318,0.9023074507713318,0.0,193.87384033203125,202.0,44128.234375,0.0,3153.604736328125,1.0,280.6421813964844,283.52618408203125,291.2094116210937,293.99755859375,293.1499938964844,293.1499938964844,280.3500061035156,35862.625,36000.0,313.1499938964844,0.0,18000.0,1.0,0.0,0.0,0.0,1.0,0.982849657535553,1.0,0.0,0.0,3.65343713760376,3.653461217880249,8.906284847398638e-07,4.265924453735352,4.265914440155029,9.78592834144365e-06,0.0,0.0,-0.0,6340.14404296875,0.0,1535.9671630859375,1895.4371337890625,0.0,4153.4443359375,0.9059624075889589,1.0,0.0,3.0,1.0,0.0
12155580,297.097412109375,297.1499938964844,293.1499938964844,0.0,-0.0,284.902587890625,0.8084291219711304,0.3765976727008819,0.3426172137260437,297.0609130859375,297.1499938964844,293.1499938964844,0.0,-0.0,284.90234375,0.918433427810669,0.5566582083702087,0.5298581719398499,297.47283935546875,297.1499938964844,293.1499938964844,0.0,-0.0,284.9022521972656,0.9990000128746032,0.741771399974823,0.5060741305351257,297.16229248046875,297.1499938964844,293.1499938964844,0.0,-0.0,284.90264892578125,0.7875843048095703,0.3486649096012115,0.3342694938182831,297.16180419921875,297.1499938964844,293.1499938964844,0.0,-0.0,284.9031066894531,0.6861191987991333,0.2277299761772155,1.0452502965927124,284.9024353027344,284.95001220703125,298.9666748046875,288.2336730957031,297.7614440917969,297.2801208496094,284.9013061523437,1.0,0.6351789236068726,0.383595198392868,0.383595198392868,1.0,1.0,-3.3120148181915283,0.9463146328926086,2.3657002449035645,0.1982829421758651,0.9003288149833679,0.9003288149833679,0.0,197.05831909179688,205.0,45253.46484375,0.0,3184.459716796875,1.0,280.3578186035156,283.320556640625,291.26910400390625,294.1747741699219,293.1499938964844,293.1499938964844,280.04998779296875,36005.45703125,36000.0,313.1499938964844,0.0,18000.0,1.0,0.0,0.0,0.0,1.0,0.9933866262435912,1.0,0.0,0.0,3.653985500335693,3.654009580612183,8.90895876182185e-07,4.265924453735352,4.265914440155029,9.78592834144365e-06,0.0,0.0,-0.0,6508.671875,0.0,1537.6480712890625,1895.4371337890625,0.0,4243.95458984375,0.9061607718467712,1.0,0.0,3.0,1.0,0.0
12155640,297.097412109375,297.1499938964844,293.1499938964844,0.0,-0.0,284.902587890625,0.8084291219711304,0.3765976727008819,0.3426172137260437,297.0609130859375,297.1499938964844,293.1499938964844,0.0,-0.0,284.90234375,0.918433427810669,0.5566582083702087,0.5298581719398499,297.47283935546875,297.1499938964844,293.1499938964844,0.0,-0.0,284.9022521972656,0.9990000128746032,0.741771399974823,0.5060741305351257,297.16229248046875,297.1499938964844,293.1499938964844,0.0,-0.0,284.90264892578125,0.7875843048095703,0.3486649096012115,0.3342694938182831,297.16180419921875,297.1499938964844,293.1499938964844,0.0,-0.0,284.9031066894531,0.6861191987991333,0.2277299761772155,1.0452502965927124,284.9024353027344,284.95001220703125,298.9666748046875,288.2336730957031,297.7614440917969,297.2801208496094,284.9013061523437,1.0,0.6351789236068726,0.383595198392868,0.383595198392868,1.0,1.0,-3.3120148181915283,0.9463146328926086,2.3657002449035645,0.1982829421758651,0.9003288149833679,0.9003288149833679,0.0,197.05831909179688,205.0,45253.46484375,0.0,3184.459716796875,1.0,280.3578186035156,283.320556640625,291.26910400390625,294.1747741699219,293.1499938964844,293.1499938964844,280.04998779296875,36005.45703125,36000.0,313.1499938964844,0.0,18000.0,1.0,0.0,0.0,0.0,1.0,0.9933866262435912,1.0,0.0,0.0,3.653985500335693,3.654009580612183,8.90895876182185e-07,4.265924453735352,4.265914440155029,9.78592834144365e-06,0.0,0.0,-0.0,6508.671875,0.0,1537.6480712890625,1895.4371337890625,0.0,4243.95458984375,0.9061607718467712,1.0,0.0,3.0,1.0,0.0
12155700,297.09051513671875,297.1499938964844,293.1499938964844,0.0,-0.0,284.7666015625,0.8059954047203064,0.3755897283554077,0.3419241309165954,297.05389404296875,297.1499938964844,293.1499938964844,0.0,-0.0,284.76513671875,0.9153720140457152,0.5554080605506897,0.5289137363433838,297.4546813964844,297.1499938964844,293.1499938964844,0.0,-0.0,284.764404296875,0.9990000128746032,0.7420376539230347,0.5095939040184021,297.1571350097656,297.1499938964844,293.1499938964844,0.0,-0.0,284.7669677734375,0.7855404615402222,0.3482387959957123,0.3340510129928589,297.1576232910156,297.1499938964844,293.1499938964844,0.0,-0.0,284.769775390625,0.6842532753944397,0.2273957282304763,1.0445045232772827,284.7655334472656,284.95001220703125,298.958984375,288.231201171875,297.7498779296875,297.2676086425781,284.7584533691406,1.0,0.6362774968147278,0.3833010494709015,0.3833010494709015,1.0,1.0,-3.3131215572357178,0.9458401799201964,2.367281436920166,0.1975269317626953,0.8977676630020142,0.8977676630020142,0.0,198.85699462890625,205.0,46236.8203125,0.0,3197.09033203125,1.0,280.10113525390625,283.1456604003906,291.30206298828125,294.3265686035156,293.1499938964844,293.1499938964844,280.04998779296875,36124.66015625,36000.0,313.1499938964844,0.0,18000.0,1.0,0.0,0.0,0.0,1.0,1.0,1.0,0.0,0.0,3.651368141174317,3.6513922214508057,8.896200256458542e-07,4.265924453735352,4.265914440155029,9.78592834144365e-06,0.0,0.0,-0.0,6322.5556640625,0.0,1535.624267578125,1895.4371337890625,0.0,4300.0,0.9056206345558168,1.0,0.0,3.0,1.0,0.0
12155760,297.0821838378906,297.1499938964844,293.1499938964844,0.0,-0.0,284.71929931640625,0.8031339049339294,0.3743958175182342,0.3409664034843445,297.045166015625,297.1499938964844,293.1499938964844,0.0,-0.0,284.71905517578125,0.9119365215301514,0.5539426803588867,0.5276700258255005,297.4333190917969,297.1499938964844,293.1499938964844,0.0,-0.0,284.71893310546875,0.9990000128746032,0.7418688535690308,0.513480544090271,297.15057373046875,297.1499938964844,293.1499938964844,0.0,-0.0,284.7193603515625,0.7831511497497559,0.3476399779319763,0.3336148858070373,297.1521911621094,297.1499938964844,293.1499938964844,0.0,-0.0,284.7198486328125,0.6820402145385742,0.2269081175327301,1.0429348945617676,284.7191162109375,284.95001220703125,298.9512939453125,288.2287902832031,297.7366027832031,297.25262451171875,284.7178955078125,1.0,0.6372528672218323,0.3830618262290954,0.3830618262290954,1.0,1.0,-3.3127386569976807,0.9450125694274902,2.3677260875701904,0.1967487335205078,0.8957220315933228,0.8957220315933228,0.0,200.7876739501953,208.0,46325.01171875,0.0,3207.15869140625,1.0,280.05810546875,283.097412109375,291.2938842773437,294.2748413085937,293.1499938964844,293.1499938964844,280.3500061035156,36224.78125,36000.0,313.1499938964844,0.0,18000.0,1.0,0.0,0.0,0.0,1.0,1.0,1.0,0.0,0.0,3.646274566650391,3.64629864692688,8.871397199072817e-07,4.265924453735352,4.265914440155029,9.78592834144365e-06,0.0,0.0,-0.0,5899.23193359375,0.0,1530.7078857421875,1895.4371337890625,0.0,4300.0,0.9045819640159608,1.0,0.0,3.0,1.0,0.0
12155820,297.0820617675781,297.1499938964844,293.1499938964844,0.0,-0.0,284.8827514648437,0.7987352609634399,0.3735026717185974,0.3398594558238983,297.0440368652344,297.1499938964844,293.1499938964844,0.0,-0.0,284.88299560546875,0.9065940380096436,0.5524789094924927,0.5259714722633362,297.4138488769531,297.1499938964844,293.1499938964844,0.0,-0.0,284.88311767578125,0.9990000128746032,0.7434491515159607,0.5189543962478638,297.1481628417969,297.1499938964844,293.1499938964844,0.0,-0.0,284.8826904296875,0.7794135808944702,0.3473853766918182,0.3331994712352752,297.1484375,297.1499938964844,293.1499938964844,0.0,-0.0,284.8822326660156,0.6784894466400146,0.2265457510948181,1.0409351587295532,284.8829345703125,284.95001220703125,298.93585205078125,288.2240905761719,297.7240905761719,297.2421264648437,284.8840637207031,1.0,0.6390923261642456,0.3825833797454834,0.3825833797454834,1.0,1.0,-3.313037395477295,0.9437416791915894,2.369295597076416,0.1952140778303146,0.8961687088012695,0.8961687088012695,0.0,204.13417053222656,211.0,45179.51953125,0.0,3226.7626953125,1.0,280.34210205078125,283.3048095703125,291.1981811523437,294.0528869628906,293.1499938964844,293.1499938964844,280.6499938964844,36119.90234375,36000.0,313.1499938964844,0.0,18000.0,1.0,0.0,0.0,0.0,1.0,0.993797481060028,1.0,0.0,0.0,3.641069173812866,3.641093254089356,8.846085961522476e-07,4.265924453735352,4.265914440155029,9.78592834144365e-06,0.0,0.0,-0.0,5739.02734375,0.0,1524.1502685546875,1895.4371337890625,0.0,4247.45458984375,0.9033733010292052,1.0,0.0,3.0,1.0,0.0
12155880,297.0820617675781,297.1499938964844,293.1499938964844,0.0,-0.0,284.8827514648437,0.7987352609634399,0.3735026717185974,0.3398594558238983,297.0440368652344,297.1499938964844,293.1499938964844,0.0,-0.0,284.88299560546875,0.9065940380096436,0.5524789094924927,0.5259714722633362,297.4138488769531,297.1499938964844,293.1499938964844,0.0,-0.0,284.88311767578125,0.9990000128746032,0.7434491515159607,0.5189543962478638,297.1481628417969,297.1499938964844,293.1499938964844,0.0,-0.0,284.8826904296875,0.7794135808944702,0.3473853766918182,0.3331994712352752,297.1484375,297.1499938964844,293.1499938964844,0.0,-0.0,284.8822326660156,0.6784894466400146,0.2265457510948181,1.0409351587295532,284.8829345703125,284.95001220703125,298.93585205078125,288.2240905761719,297.7240905761719,297.2421264648437,284.8840637207031,1.0,0.6390923261642456,0.3825833797454834,0.3825833797454834,1.0,1.0,-3.313037395477295,0.9437416791915894,2.369295597076416,0.1952140778303146,0.8961687088012695,0.8961687088012695,0.0,204.13417053222656,211.0,45179.51953125,0.0,3226.7626953125,1.0,280.34210205078125,283.3048095703125,291.1981811523437,294.0528869628906,293.1499938964844,293.1499938964844,280.6499938964844,36119.90234375,36000.0,313.1499938964844,0.0,18000.0,1.0,0.0,0.0,0.0,1.0,0.993797481060028,1.0,0.0,0.0,3.641069173812866,3.641093254089356,8.846085961522476e-07,4.265924453735352,4.265914440155029,9.78592834144365e-06,0.0,0.0,-0.0,5739.02734375,0.0,1524.1502685546875,1895.4371337890625,0.0,4247.45458984375,0.9033733010292052,1.0,0.0,3.0,1.0,0.0
12155940,297.09381103515625,297.1499938964844,293.1499938964844,0.0,-0.0,285.06689453125,0.7966143488883972,0.3738256096839905,0.3400179147720337,297.0561828613281,297.1499938964844,293.1499938964844,0.0,-0.0,285.0671691894531,0.9037901759147644,0.5523583292961121,0.525688111782074,297.4195251464844,297.1499938964844,293.1499938964844,0.0,-0.0,285.0673217773437,0.9989238977432252,0.7473481297492981,0.5219642519950867,297.1559143066406,297.1499938964844,293.1499938964844,0.0,-0.0,285.0668334960937,0.7777084708213806,0.348141998052597,0.3337928354740143,297.1531677246094,297.1499938964844,293.1499938964844,0.0,-0.0,285.0662841796875,0.6768841743469238,0.2269985079765319,1.0425316095352173,285.0671081542969,284.95001220703125,298.9202880859375,288.2195739746094,297.7251892089844,297.25054931640625,285.0684814453125,1.0,0.6412056088447571,0.3821049332618713,0.3821049332618713,1.0,1.0,-3.31913161277771,0.9444155097007751,2.37471604347229,0.1943055093288421,0.8992601633071899,0.8992601633071899,0.0,206.583251953125,214.0,44092.10546875,0.0,3254.277587890625,1.0,280.6416931152344,283.531005859375,291.1683959960937,293.9354553222656,293.1499938964844,293.1499938964844,280.95001220703125,35923.69921875,36000.0,313.1499938964844,0.0,18000.0,1.0,0.0,0.0,0.0,1.0,0.980236291885376,1.0,0.0,0.0,3.6432950496673584,3.643319129943848,8.856905537868442e-07,4.265924453735352,4.265914440155029,9.78592834144365e-06,0.0,0.0,-0.0,5625.0322265625,0.0,1525.1519775390625,1895.4371337890625,0.0,4130.77734375,0.9037426114082336,1.0,0.0,3.0,1.0,0.0
12156000,297.09381103515625,297.1499938964844,293.1499938964844,0.0,-0.0,285.06689453125,0.7966143488883972,0.3738256096839905,0.3400179147720337,297.0561828613281,297.1499938964844,293.1499938964844,0.0,-0.0,285.0671691894531,0.9037901759147644,0.5523583292961121,0.525688111782074,297.4195251464844,297.1499938964844,293.1499938964844,0.0,-0.0,285.0673217773437,0.9989238977432252,0.7473481297492981,0.5219642519950867,297.1559143066406,297.1499938964844,293.1499938964844,0.0,-0.0,285.0668334960937,0.7777084708213806,0.348141998052597,0.3337928354740143,297.1531677246094,297.1499938964844,293.1499938964844,0.0,-0.0,285.0662841796875,0.6768841743469238,0.2269985079765319,1.0425316095352173,285.0671081542969,284.95001220703125,298.9202880859375,288.2195739746094,297.7251892089844,297.25054931640625,285.0684814453125,1.0,0.6412056088447571,0.3821049332618713,0.3821049332618713,1.0,1.0,-3.31913161277771,0.9444155097007751,2.37471604347229,0.1943055093288421,0.8992601633071899,0.8992601633071899,0.0,206.583251953125,214.0,44092.10546875,0.0,3254.277587890625,1.0,280.6416931152344,283.531005859375,291.1683959960937,293.9354553222656,293.1499938964844,293.1499938964844,280.95001220703125,35923.69921875,36000.0,313.1499938964844,0.0,18000.0,1.0,0.0,0.0,0.0,1.0,0.980236291885376,1.0,0.0,0.0,3.6432950496673584,3.643319129943848,8.856905537868442e-07,4.265924453735352,4.265914440155029,9.78592834144365e-06,0.0,0.0,-0.0,5625.0322265625,0.0,1525.1519775390625,1895.4371337890625,0.0,4130.77734375,0.9037426114082336,1.0,0.0,3.0,1.0,0.0
12156060,297.1098327636719,297.1499938964844,293.1499938964844,0.0,-0.0,285.2587280273437,0.7956944704055786,0.3747306764125824,0.3407680094242096,297.0736999511719,297.1499938964844,293.1499938964844,0.0,-0.0,285.2590637207031,0.9023244976997375,0.5529378056526184,0.5261445045471191,297.4357604980469,297.1499938964844,293.1499938964844,0.0,-0.0,285.2592163085937,0.999002993106842,0.7523971199989319,0.5252240896224976,297.1685485839844,297.1499938964844,293.1499938964844,0.0,-0.0,285.2586669921875,0.7771872878074646,0.3494909703731537,0.3349958956241607,297.16278076171875,297.1499938964844,293.1499938964844,0.0,-0.0,285.2580871582031,0.6765183806419373,0.2280070930719375,1.04675555229187,285.25897216796875,284.95001220703125,298.9045715332031,288.2152099609375,297.7323303222656,297.2671813964844,285.26043701171875,1.0,0.6438218951225281,0.381666898727417,0.381666898727417,1.0,1.0,-3.331023693084717,0.9471378922462464,2.3838858604431152,0.194185122847557,0.9049617648124696,0.9049617648124696,0.0,208.60107421875,217.0,43178.72265625,0.0,3292.519775390625,1.0,280.9417419433594,283.7626037597656,291.1661376953125,293.8681335449219,293.1499938964844,293.1499938964844,280.6499938964844,35686.578125,36000.0,313.1499938964844,0.0,18000.0,1.0,0.0,0.0,0.0,1.0,0.9675589203834534,1.0,0.0,0.0,3.654307365417481,3.6543314456939697,8.910528208616597e-07,4.265924453735352,4.265914440155029,9.78592834144365e-06,0.0,0.0,-0.0,6218.64599609375,0.0,1535.6182861328125,1895.4371337890625,0.0,4019.673095703125,0.9060462713241576,1.0,0.0,3.0,1.0,0.0
12156120,297.1098327636719,297.1499938964844,293.1499938964844,0.0,-0.0,285.2587280273437,0.7956944704055786,0.3747306764125824,0.3407680094242096,297.0736999511719,297.1499938964844,293.1499938964844,0.0,-0.0,285.2590637207031,0.9023244976997375,0.5529378056526184,0.5261445045471191,297.4357604980469,297.1499938964844,293.1499938964844,0.0,-0.0,285.2592163085937,0.999002993106842,0.7523971199989319,0.5252240896224976,297.1685485839844,297.1499938964844,293.1499938964844,0.0,-0.0,285.2586669921875,0.7771872878074646,0.3494909703731537,0.3349958956241607,297.16278076171875,297.1499938964844,293.1499938964844,0.0,-0.0,285.2580871582031,0.6765183806419373,0.2280070930719375,1.04675555229187,285.25897216796875,284.95001220703125,298.9045715332031,288.2152099609375,297.7323303222656,297.2671813964844,285.26043701171875,1.0,0.6438218951225281,0.381666898727417,0.381666898727417,1.0,1.0,-3.331023693084717,0.9471378922462464,2.3838858604431152,0.194185122847557,0.9049617648124696,0.9049617648124696,0.0,208.60107421875,217.0,43178.72265625,0.0,3292.519775390625,1.0,280.9417419433594,283.7626037597656,291.1661376953125,293.8681335449219,293.1499938964844,293.1499938964844,280.6499938964844,35686.578125,36000.0,313.1499938964844,0.0,18000.0,1.0,0.0,0.0,0.0,1.0,0.9675589203834534,1.0,0.0,0.0,3.654307365417481,3.6543314456939697,8.910528208616597e-07,4.265924453735352,4.265914440155029,9.78592834144365e-06,0.0,0.0,-0.0,6218.64599609375,0.0,1535.6182861328125,1895.4371337890625,0.0,4019.673095703125,0.9060462713241576,1.0,0.0,3.0,1.0,0.0
12156180,297.1087646484375,297.1499938964844,293.1499938964844,0.0,-0.0,285.093994140625,0.7930800318717957,0.3741393685340881,0.3408163785934448,297.074462890625,297.1499938964844,293.1499938964844,0.0,-0.0,285.09375,0.8991937637329102,0.5520726442337036,0.5259420275688171,297.4285583496094,297.1499938964844,293.1499938964844,0.0,-0.0,285.0936279296875,0.9980801343917848,0.7553200125694275,0.5281379222869873,297.1703491210937,297.1499938964844,293.1499938964844,0.0,-0.0,285.0940246582031,0.7752983570098877,0.3499263823032379,0.3358538448810577,297.1654357910156,297.1499938964844,293.1499938964844,0.0,-0.0,285.094482421875,0.6750180125236511,0.2284499704837799,1.0503753423690796,285.09381103515625,284.95001220703125,298.8886413574219,288.2109680175781,297.7250671386719,297.2640380859375,285.0926513671875,1.0,0.646522581577301,0.3812288641929626,0.3812288641929626,1.0,1.0,-3.3397417068481445,0.9487783908843994,2.390963315963745,0.193939670920372,0.9055187106132508,0.9055187106132508,0.0,211.6641387939453,220.0,44315.59765625,0.0,3329.724609375,1.0,280.65777587890625,283.55206298828125,291.25738525390625,294.0985412597656,293.1499938964844,293.1499938964844,280.3500061035156,35778.36328125,36000.0,313.1499938964844,0.0,18000.0,1.0,0.0,0.0,0.0,1.0,0.9812096953392028,1.0,0.0,0.0,3.663254499435425,3.663278579711914,8.954213512879505e-07,4.265924453735352,4.265914440155029,9.78592834144365e-06,0.0,0.0,-0.0,6393.93603515625,0.0,1546.3004150390625,1895.4371337890625,0.0,4139.2294921875,0.90808367729187,1.0,0.0,3.0,1.0,0.0
12156240,297.1087646484375,297.1499938964844,293.1499938964844,0.0,-0.0,285.093994140625,0.7930800318717957,0.3741393685340881,0.3408163785934448,297.074462890625,297.1499938964844,293.1499938964844,0.0,-0.0,285.09375,0.8991937637329102,0.5520726442337036,0.5259420275688171,297.4285583496094,297.1499938964844,293.1499938964844,0.0,-0.0,285.0936279296875,0.9980801343917848,0.7553200125694275,0.5281379222869873,297.1703491210937,297.1499938964844,293.1499938964844,0.0,-0.0,285.0940246582031,0.7752983570098877,0.3499263823032379,0.3358538448810577,297.1654357910156,297.1499938964844,293.1499938964844,0.0,-0.0,285.094482421875,0.6750180125236511,0.2284499704837799,1.0503753423690796,285.09381103515625,284.95001220703125,298.8886413574219,288.2109680175781,297.7250671386719,297.2640380859375,285.0926513671875,1.0,0.646522581577301,0.3812288641929626,0.3812288641929626,1.0,1.0,-3.3397417068481445,0.9487783908843994,2.390963315963745,0.193939670920372,0.9055187106132508,0.9055187106132508,0.0,211.6641387939453,220.0,44315.59765625,0.0,3329.724609375,1.0,280.65777587890625,283.55206298828125,291.25738525390625,294.0985412597656,293.1499938964844,293.1499938964844,280.3500061035156,35778.36328125,36000.0,313.1499938964844,0.0,18000.0,1.0,0.0,0.0,0.0,1.0,0.9812096953392028,1.0,0.0,0.0,3.663254499435425,3.663278579711914,8.954213512879505e-07,4.265924453735352,4.265914440155029,9.78592834144365e-06,0.0,0.0,-0.0,6393.93603515625,0.0,1546.3004150390625,1895.4371337890625,0.0,4139.2294921875,0.90808367729187,1.0,0.0,3.0,1.0,0.0
12156300,297.1028137207031,297.1499938964844,293.1499938964844,0.0,-0.0,284.9570617675781,0.7906401753425598,0.3732966780662536,0.340316891670227,297.0688171386719,297.1499938964844,293.1499938964844,0.0,-0.0,284.95556640625,0.8964769840240479,0.5510454773902893,0.5252617001533508,297.4179382324219,297.1499938964844,293.1499938964844,0.0,-0.0,284.9547424316406,0.9966090321540833,0.7560462951660156,0.5288854241371155,297.16668701171875,297.1499938964844,293.1499938964844,0.0,-0.0,284.9573974609375,0.7733442187309265,0.3496981263160705,0.3358718156814575,297.1630859375,297.1499938964844,293.1499938964844,0.0,-0.0,284.960205078125,0.6733165383338928,0.2283204346895218,1.050753831863403,284.9559326171875,284.95001220703125,298.8805847167969,288.2089233398437,297.7167053222656,297.2560729980469,284.94879150390625,1.0,0.6476086378097534,0.3810098469257355,0.3810098469257355,1.0,1.0,-3.339704751968384,0.9481269717216492,2.39157772064209,0.1933105438947677,0.9042167067527772,0.9042167067527772,0.0,213.76695251464844,220.0,45327.421875,0.0,3341.626708984375,1.0,280.4008178710937,283.374755859375,291.2920227050781,294.2582702636719,293.1499938964844,293.1499938964844,280.3500061035156,35878.859375,36000.0,313.1499938964844,0.0,18000.0,1.0,0.0,0.0,0.0,1.0,0.99148428440094,1.0,0.0,0.0,3.665329694747925,3.665354013442993,8.964362336882914e-07,4.265924453735352,4.265914440155029,9.78592834144365e-06,0.0,0.0,-0.0,6213.4912109375,0.0,1549.3804931640625,1895.4371337890625,0.0,4227.72216796875,0.90857994556427,1.0,0.0,3.0,1.0,0.0
12156360,297.09490966796875,297.1499938964844,293.1499938964844,0.0,-0.0,284.9075622558594,0.7876591086387634,0.3722188770771026,0.3395038545131683,297.060791015625,297.1499938964844,293.1499938964844,0.0,-0.0,284.90728759765625,0.8932156562805176,0.5497419834136963,0.5242186784744263,297.4052429199219,297.1499938964844,293.1499938964844,0.0,-0.0,284.9071044921875,0.9946783185005188,0.756494402885437,0.5293067097663879,297.16094970703125,297.1499938964844,293.1499938964844,0.0,-0.0,284.9076232910156,0.7709000110626221,0.3492409586906433,0.335615336894989,297.15887451171875,297.1499938964844,293.1499938964844,0.0,-0.0,284.9081726074219,0.6711263656616211,0.2279891669750213,1.0500863790512085,284.9073486328125,284.95001220703125,298.8724975585937,288.2069091796875,297.7065734863281,297.2457275390625,284.9059143066406,1.0,0.6484594345092773,0.3807208836078644,0.3807208836078644,1.0,1.0,-3.3368725776672363,0.9463512301445008,2.390521287918091,0.1921664178371429,0.9034051895141602,0.9034051895141602,0.0,216.09713745117188,223.0,45423.5390625,0.0,3348.451171875,1.0,280.3580017089844,283.3232727050781,291.26837158203125,294.1999816894531,293.1499938964844,293.1499938964844,280.04998779296875,35964.765625,36000.0,313.1499938964844,0.0,18000.0,1.0,0.0,0.0,0.0,1.0,0.9968488216400146,1.0,0.0,0.0,3.665195226669312,3.665219306945801,8.963704090092506e-07,4.265924453735352,4.265914440155029,9.78592834144365e-06,0.0,0.0,-0.0,6524.8935546875,0.0,1549.875,1895.4371337890625,0.0,4273.37109375,0.9086372256278992,1.0,0.0,3.0,1.0,0.0
12156420,297.0768737792969,297.1499938964844,293.1499938964844,0.0,-0.0,284.71697998046875,0.7815415263175964,0.3696974515914917,0.3375502228736877,297.0416564941406,297.1499938964844,293.1499938964844,0.0,-0.0,284.7166748046875,0.8865472078323364,0.5466763973236084,0.5216891169548035,297.3773803710937,297.1499938964844,293.1499938964844,0.0,-0.0,284.71649169921875,0.9905852675437928,0.7569099068641663,0.5298516750335693,297.1465759277344,297.1499938964844,293.1499938964844,0.0,-0.0,284.717041015625,0.7658177018165588,0.3479253947734833,0.3347018361091614,297.1474304199219,297.1499938964844,293.1499938964844,0.0,-0.0,284.7176208496094,0.6664396524429321,0.2269448935985565,1.0469244718551636,284.7167358398437,284.95001220703125,298.8560791015625,288.2029724121094,297.6846008300781,297.2230529785156,284.7152099609375,1.0,0.6496145725250244,0.3801430165767669,0.3801430165767669,1.0,1.0,-3.3272411823272705,0.9414525032043456,2.385788679122925,0.189378336071968,0.8987143039703369,0.8987143039703369,0.0,220.6442108154297,226.0,46415.0546875,0.0,3352.3779296875,1.0,280.0581359863281,283.0936584472656,291.28228759765625,294.2718811035156,293.1499938964844,293.1499938964844,280.3500061035156,36201.95703125,36000.0,313.1499938964844,0.0,18000.0,1.0,0.0,0.0,0.0,1.0,1.0,1.0,0.0,0.0,3.658367872238159,3.658392190933228,8.93034155069472e-07,4.265924453735352,4.265914440155029,9.78592834144365e-06,0.0,0.0,-0.0,5902.68701171875,0.0,1544.0126953125,1895.4371337890625,0.0,4300.0,0.9072677493095398,1.0,0.0,3.0,1.0,0.0
12156480,297.0768737792969,297.1499938964844,293.1499938964844,0.0,-0.0,284.71697998046875,0.7815415263175964,0.3696974515914917,0.3375502228736877,297.0416564941406,297.1499938964844,293.1499938964844,0.0,-0.0,284.7166748046875,0.8865472078323364,0.5466763973236084,0.5216891169548035,297.3773803710937,297.1499938964844,293.1499938964844,0.0,-0.0,284.71649169921875,0.9905852675437928,0.7569099068641663,0.5298516750335693,297.1465759277344,297.1499938964844,293.1499938964844,0.0,-0.0,284.717041015625,0.7658177018165588,0.3479253947734833,0.3347018361091614,297.1474304199219,297.1499938964844,293.1499938964844,0.0,-0.0,284.7176208496094,0.6664396524429321,0.2269448935985565,1.0469244718551636,284.7167358398437,284.95001220703125,298.8560791015625,288.2029724121094,297.6846008300781,297.2230529785156,284.7152099609375,1.0,0.6496145725250244,0.3801430165767669,0.3801430165767669,1.0,1.0,-3.3272411823272705,0.9414525032043456,2.385788679122925,0.189378336071968,0.8987143039703369,0.8987143039703369,0.0,220.6442108154297,226.0,46415.0546875,0.0,3352.3779296875,1.0,280.0581359863281,283.0936584472656,291.28228759765625,294.2718811035156,293.1499938964844,293.1499938964844,280.3500061035156,36201.95703125,36000.0,313.1499938964844,0.0,18000.0,1.0,0.0,0.0,0.0,1.0,1.0,1.0,0.0,0.0,3.658367872238159,3.658392190933228,8.93034155069472e-07,4.265924453735352,4.265914440155029,9.78592834144365e-06,0.0,0.0,-0.0,5902.68701171875,0.0,1544.0126953125,1895.4371337890625,0.0,4300.0,0.9072677493095398,1.0,0.0,3.0,1.0,0.0
12156540,297.0757751464844,297.1499938964844,293.1499938964844,0.0,-0.0,284.8755798339844,0.7774600982666016,0.3686375617980957,0.3362712860107422,297.0390014648437,297.1499938964844,293.1499938964844,0.0,-0.0,284.8758239746094,0.8819433450698853,0.5450120568275452,0.5197800993919373,297.374267578125,297.1499938964844,293.1499938964844,0.0,-0.0,284.8759460449219,0.9881857633590698,0.7594435214996338,0.5312018394470215,297.1429443359375,297.1499938964844,293.1499938964844,0.0,-0.0,284.87554931640625,0.7624266147613525,0.3474988639354706,0.3341042399406433,297.1430053710937,297.1499938964844,293.1499938964844,0.0,-0.0,284.8751220703125,0.663183331489563,0.2264525592327118,1.0442619323730469,284.8757629394531,284.95001220703125,298.83935546875,288.1991577148437,297.6764221191406,297.219482421875,284.8768615722656,1.0,0.6505645513534546,0.3795651197433471,0.3795651197433471,1.0,1.0,-3.321095943450928,0.9377344846725464,2.383361339569092,0.1867581158876419,0.8990283012390137,0.8990283012390137,0.0,223.83914184570312,229.0,45213.14453125,0.0,3356.547119140625,1.0,280.3422241210937,283.2972717285156,291.177734375,294.03741455078125,293.1499938964844,293.1499938964844,280.6499938964844,36113.890625,36000.0,313.1499938964844,0.0,18000.0,1.0,0.0,0.0,0.0,1.0,0.9953010082244872,1.0,0.0,0.0,3.653413057327272,3.65343713760376,8.906167181521596e-07,4.265924453735352,4.265914440155029,9.78592834144365e-06,0.0,0.0,-0.0,5735.68212890625,0.0,1537.8218994140625,1895.4371337890625,0.0,4260.24072265625,0.9061276912689208,1.0,0.0,3.0,1.0,0.0
12156600,297.0757751464844,297.1499938964844,293.1499938964844,0.0,-0.0,284.8755798339844,0.7774600982666016,0.3686375617980957,0.3362712860107422,297.0390014648437,297.1499938964844,293.1499938964844,0.0,-0.0,284.8758239746094,0.8819433450698853,0.5450120568275452,0.5197800993919373,297.374267578125,297.1499938964844,293.1499938964844,0.0,-0.0,284.8759460449219,0.9881857633590698,0.7594435214996338,0.5312018394470215,297.1429443359375,297.1499938964844,293.1499938964844,0.0,-0.0,284.87554931640625,0.7624266147613525,0.3474988639354706,0.3341042399406433,297.1430053710937,297.1499938964844,293.1499938964844,0.0,-0.0,284.8751220703125,0.663183331489563,0.2264525592327118,1.0442619323730469,284.8757629394531,284.95001220703125,298.83935546875,288.1991577148437,297.6764221191406,297.219482421875,284.8768615722656,1.0,0.6505645513534546,0.3795651197433471,0.3795651197433471,1.0,1.0,-3.321095943450928,0.9377344846725464,2.383361339569092,0.1867581158876419,0.8990283012390137,0.8990283012390137,0.0,223.83914184570312,229.0,45213.14453125,0.0,3356.547119140625,1.0,280.3422241210937,283.2972717285156,291.177734375,294.03741455078125,293.1499938964844,293.1499938964844,280.6499938964844,36113.890625,36000.0,313.1499938964844,0.0,18000.0,1.0,0.0,0.0,0.0,1.0,0.9953010082244872,1.0,0.0,0.0,3.653413057327272,3.65343713760376,8.906167181521596e-07,4.265924453735352,4.265914440155029,9.78592834144365e-06,0.0,0.0,-0.0,5735.68212890625,0.0,1537.8218994140625,1895.4371337890625,0.0,4260.24072265625,0.9061276912689208,1.0,0.0,3.0,1.0,0.0
12156660,297.0875244140625,297.1499938964844,293.1499938964844,0.0,-0.0,285.05908203125,0.7761051654815674,0.368878424167633,0.3363215327262878,297.0506896972656,297.1499938964844,293.1499938964844,0.0,-0.0,285.0593566894531,0.8801101446151733,0.5447795391082764,0.5193527340888977,297.3876037597656,297.1499938964844,293.1499938964844,0.0,-0.0,285.0595397949219,0.9881361722946168,0.763625979423523,0.5339189767837524,297.1505432128906,297.1499938964844,293.1499938964844,0.0,-0.0,285.0590209960937,0.7614511847496033,0.3481684029102325,0.3345764577388763,297.1478271484375,297.1499938964844,293.1499938964844,0.0,-0.0,285.0585021972656,0.6622269153594971,0.2268430888652801,1.0454157590866089,285.0592956542969,284.95001220703125,298.82232666015625,288.1954650878906,297.6798400878906,297.231201171875,285.0606689453125,1.0,0.6521614789962769,0.3793417811393738,0.3793417811393738,1.0,1.0,-3.325855016708374,0.9386496543884276,2.3872053623199463,0.1864116191864013,0.9020119309425354,0.9020119309425354,0.0,225.6507873535156,232.0,44113.9296875,0.0,3377.6865234375,1.0,280.64178466796875,283.52294921875,291.1440734863281,293.9130249023437,293.1499938964844,293.1499938964844,280.3500061035156,35927.78515625,36000.0,313.1499938964844,0.0,18000.0,1.0,0.0,0.0,0.0,1.0,0.9815936088562012,1.0,0.0,0.0,3.655494451522827,3.655518531799317,8.916318279261759e-07,4.265924453735352,4.265914440155029,9.78592834144365e-06,0.0,0.0,-0.0,6321.671875,0.0,1538.7489013671875,1895.4371337890625,0.0,4142.56005859375,0.9064735770225524,1.0,0.0,3.0,1.0,0.0
12156720,297.0875244140625,297.1499938964844,293.1499938964844,0.0,-0.0,285.05908203125,0.7761051654815674,0.368878424167633,0.3363215327262878,297.0506896972656,297.1499938964844,293.1499938964844,0.0,-0.0,285.0593566894531,0.8801101446151733,0.5447795391082764,0.5193527340888977,297.3876037597656,297.1499938964844,293.1499938964844,0.0,-0.0,285.0595397949219,0.9881361722946168,0.763625979423523,0.5339189767837524,297.1505432128906,297.1499938964844,293.1499938964844,0.0,-0.0,285.0590209960937,0.7614511847496033,0.3481684029102325,0.3345764577388763,297.1478271484375,297.1499938964844,293.1499938964844,0.0,-0.0,285.0585021972656,0.6622269153594971,0.2268430888652801,1.0454157590866089,285.0592956542969,284.95001220703125,298.82232666015625,288.1954650878906,297.6798400878906,297.231201171875,285.0606689453125,1.0,0.6521614789962769,0.3793417811393738,0.3793417811393738,1.0,1.0,-3.325855016708374,0.9386496543884276,2.3872053623199463,0.1864116191864013,0.9020119309425354,0.9020119309425354,0.0,225.6507873535156,232.0,44113.9296875,0.0,3377.6865234375,1.0,280.64178466796875,283.52294921875,291.1440734863281,293.9130249023437,293.1499938964844,293.1499938964844,280.3500061035156,35927.78515625,36000.0,313.1499938964844,0.0,18000.0,1.0,0.0,0.0,0.0,1.0,0.9815936088562012,1.0,0.0,0.0,3.655494451522827,3.655518531799317,8.916318279261759e-07,4.265924453735352,4.265914440155029,9.78592834144365e-06,0.0,0.0,-0.0,6321.671875,0.0,1538.7489013671875,1895.4371337890625,0.0,4142.56005859375,0.9064735770225524,1.0,0.0,3.0,1.0,0.0
12156780,297.0856018066406,297.1499938964844,293.1499938964844,0.0,-0.0,284.8981018066406,0.7736769914627075,0.3679133951663971,0.3359772861003876,297.0497436523437,297.1499938964844,293.1499938964844,0.0,-0.0,284.8978576660156,0.8772428631782532,0.5434468388557434,0.5186383724212646,297.3798217773437,297.1499938964844,293.1499938964844,0.0,-0.0,284.8977355957031,0.9869728684425354,0.7658748626708984,0.5360245704650879,297.150634765625,297.1499938964844,293.1499938964844,0.0,-0.0,284.89813232421875,0.7597008347511292,0.3481991291046142,0.3349921405315399,297.1484069824219,297.1499938964844,293.1499938964844,0.0,-0.0,284.8985900878906,0.6606999039649963,0.2268867939710617,1.0470017194747925,284.8979187011719,284.95001220703125,298.8049011230469,288.19189453125,297.6718444824219,297.2273254394531,284.89678955078125,1.0,0.6540305018424988,0.379118412733078,0.379118412733078,1.0,1.0,-3.329533815383911,0.9392204880714417,2.3903133869171143,0.1862490773200988,0.899996817111969,0.899996817111969,0.0,228.36502075195312,235.0,45241.4375,0.0,3401.512939453125,1.0,280.3577880859375,283.3193054199219,291.2286071777344,294.1285705566406,293.1499938964844,293.1499938964844,280.04998779296875,36044.65625,36000.0,313.1499938964844,0.0,18000.0,1.0,0.0,0.0,0.0,1.0,0.99294775724411,1.0,0.0,0.0,3.654565095901489,3.6545891761779785,8.911784448173421e-07,4.265924453735352,4.265914440155029,9.78592834144365e-06,0.0,0.0,-0.0,6497.48095703125,0.0,1538.5877685546875,1895.4371337890625,0.0,4240.21484375,0.9063205122947692,1.0,0.0,3.0,1.0,0.0
12156840,297.0856018066406,297.1499938964844,293.1499938964844,0.0,-0.0,284.8981018066406,0.7736769914627075,0.3679133951663971,0.3359772861003876,297.0497436523437,297.1499938964844,293.1499938964844,0.0,-0.0,284.8978576660156,0.8772428631782532,0.5434468388557434,0.5186383724212646,297.3798217773437,297.1499938964844,293.1499938964844,0.0,-0.0,284.8977355957031,0.9869728684425354,0.7658748626708984,0.5360245704650879,297.150634765625,297.1499938964844,293.1499938964844,0.0,-0.0,284.89813232421875,0.7597008347511292,0.3481991291046142,0.3349921405315399,297.1484069824219,297.1499938964844,293.1499938964844,0.0,-0.0,284.8985900878906,0.6606999039649963,0.2268867939710617,1.0470017194747925,284.8979187011719,284.95001220703125,298.8049011230469,288.19189453125,297.6718444824219,297.2273254394531,284.89678955078125,1.0,0.6540305018424988,0.379118412733078,0.379118412733078,1.0,1.0,-3.329533815383911,0.9392204880714417,2.3903133869171143,0.1862490773200988,0.899996817111969,0.899996817111969,0.0,228.36502075195312,235.0,45241.4375,0.0,3401.512939453125,1.0,280.3577880859375,283.3193054199219,291.2286071777344,294.1285705566406,293.1499938964844,293.1499938964844,280.04998779296875,36044.65625,36000.0,313.1499938964844,0.0,18000.0,1.0,0.0,0.0,0.0,1.0,0.99294775724411,1.0,0.0,0.0,3.654565095901489,3.6545891761779785,8.911784448173421e-07,4.265924453735352,4.265914440155029,9.78592834144365e-06,0.0,0.0,-0.0,6497.48095703125,0.0,1538.5877685546875,1895.4371337890625,0.0,4240.21484375,0.9063205122947692,1.0,0.0,3.0,1.0,0.0
12156900,297.0797119140625,297.1499938964844,293.1499938964844,0.0,-0.0,284.7618103027344,0.7715550661087036,0.366932064294815,0.3353367447853088,297.0439758300781,297.1499938964844,293.1499938964844,0.0,-0.0,284.76031494140625,0.8749011158943176,0.5422487854957581,0.5177761316299438,297.369384765625,297.1499938964844,293.1499938964844,0.0,-0.0,284.7593994140625,0.9855358004570008,0.7663096785545349,0.5365594625473022,297.1467590332031,297.1499938964844,293.1499938964844,0.0,-0.0,284.7620849609375,0.7580476403236389,0.3478276431560516,0.3348539471626282,297.14569091796875,297.1499938964844,293.1499938964844,0.0,-0.0,284.764892578125,0.6592119932174683,0.2266120612621307,1.0466314554214478,284.7606201171875,284.95001220703125,298.7960205078125,288.1901550292969,297.6636962890625,297.2197570800781,284.7535095214844,1.0,0.6547828316688538,0.3790067434310913,0.3790067434310913,1.0,1.0,-3.327763557434082,0.938303291797638,2.3894600868225098,0.1857587099075317,0.897398829460144,0.897398829460144,0.0,230.24703979492188,235.0,46210.51171875,0.0,3408.143798828125,1.0,280.10113525390625,283.1439819335937,291.2648010253906,294.2857971191406,293.1499938964844,293.1499938964844,280.04998779296875,36156.60546875,36000.0,313.1499938964844,0.0,18000.0,1.0,0.0,0.0,0.0,1.0,1.0,1.0,0.0,0.0,3.6514062881469727,3.651430130004883,8.896385566004028e-07,4.265924453735352,4.265914440155029,9.78592834144365e-06,0.0,0.0,-0.0,6311.306640625,0.0,1535.90576171875,1895.4371337890625,0.0,4300.0,0.9056532979011536,1.0,0.0,3.0,1.0,0.0
12156960,297.0720520019531,297.1499938964844,293.1499938964844,0.0,-0.0,284.7132263183594,0.7689500451087952,0.3657331168651581,0.3344031274318695,297.0360412597656,297.1499938964844,293.1499938964844,0.0,-0.0,284.71295166015625,0.872075080871582,0.5407975912094116,0.5165790915489197,297.3568115234375,297.1499938964844,293.1499938964844,0.0,-0.0,284.7127685546875,0.9836158752441406,0.7664642930030823,0.5367739200592041,297.14111328125,297.1499938964844,293.1499938964844,0.0,-0.0,284.7132873535156,0.7559663653373718,0.347251832485199,0.3344690799713135,297.1413879394531,297.1499938964844,293.1499938964844,0.0,-0.0,284.7138061523437,0.6573043465614319,0.2261600792407989,1.0453441143035889,284.7130126953125,284.95001220703125,298.7870483398437,288.1884460449219,297.6537170410156,297.2099609375,284.7116394042969,1.0,0.6553465127944946,0.3787801861763,0.3787801861763,1.0,1.0,-3.3234522342681885,0.9362269043922424,2.387225151062012,0.1846685856580734,0.8953010439872742,0.8953010439872742,0.0,232.37673950195312,238.0,46272.75390625,0.0,3410.347900390625,1.0,280.0581359863281,283.09454345703125,291.2580261230469,294.2354431152344,293.1499938964844,293.1499938964844,280.3500061035156,36251.96484375,36000.0,313.1499938964844,0.0,18000.0,1.0,0.0,0.0,0.0,1.0,1.0,1.0,0.0,0.0,3.6458425521850586,3.645866632461548,8.869295129443344e-07,4.265924453735352,4.265914440155029,9.78592834144365e-06,0.0,0.0,-0.0,5886.95166015625,0.0,1530.43115234375,1895.4371337890625,0.0,4300.0,0.9045055508613586,1.0,0.0,3.0,1.0,0.0
12157020,297.0726623535156,297.1499938964844,293.1499938964844,0.0,-0.0,284.8744506835937,0.7654263973236084,0.3647876679897308,0.3332573175430298,297.0356140136719,297.1499938964844,293.1499938964844,0.0,-0.0,284.87469482421875,0.8680884838104248,0.5392891764640808,0.5148569941520691,297.3557434082031,297.1499938964844,293.1499938964844,0.0,-0.0,284.8748474121094,0.981384575366974,0.7689473032951355,0.5381066203117371,297.13995361328125,297.1499938964844,293.1499938964844,0.0,-0.0,284.8744201660156,0.7531519532203674,0.3470056653022766,0.3340707719326019,297.139404296875,297.1499938964844,293.1499938964844,0.0,-0.0,284.8739624023437,0.6546384692192078,0.2258402109146118,1.0435689687728882,284.8746337890625,284.95001220703125,298.7687683105469,288.1850891113281,297.6469116210937,297.2085266113281,284.87579345703125,1.0,0.656466007232666,0.3783270418643951,0.3783270418643951,1.0,1.0,-3.318979024887085,0.9334279298782348,2.38555121421814,0.1826746016740799,0.8956178426742554,0.8956178426742554,0.0,235.5128936767578,241.0,45093.29296875,0.0,3417.89453125,1.0,280.3421325683594,283.3001708984375,291.1609802246094,294.0107421875,293.1499938964844,293.1499938964844,280.6499938964844,36142.01171875,36000.0,313.1499938964844,0.0,18000.0,1.0,0.0,0.0,0.0,1.0,0.9942864179611206,1.0,0.0,0.0,3.6398050785064697,3.63982892036438,8.839944030114566e-07,4.265924453735352,4.265914440155029,9.78592834144365e-06,0.0,0.0,-0.0,5723.83154296875,0.0,1522.915283203125,1895.4371337890625,0.0,4251.6162109375,0.9031070470809937,1.0,0.0,3.0,1.0,0.0
12157080,297.0726623535156,297.1499938964844,293.1499938964844,0.0,-0.0,284.8744506835937,0.7654263973236084,0.3647876679897308,0.3332573175430298,297.0356140136719,297.1499938964844,293.1499938964844,0.0,-0.0,284.87469482421875,0.8680884838104248,0.5392891764640808,0.5148569941520691,297.3557434082031,297.1499938964844,293.1499938964844,0.0,-0.0,284.8748474121094,0.981384575366974,0.7689473032951355,0.5381066203117371,297.13995361328125,297.1499938964844,293.1499938964844,0.0,-0.0,284.8744201660156,0.7531519532203674,0.3470056653022766,0.3340707719326019,297.139404296875,297.1499938964844,293.1499938964844,0.0,-0.0,284.8739624023437,0.6546384692192078,0.2258402109146118,1.0435689687728882,284.8746337890625,284.95001220703125,298.7687683105469,288.1850891113281,297.6469116210937,297.2085266113281,284.87579345703125,1.0,0.656466007232666,0.3783270418643951,0.3783270418643951,1.0,1.0,-3.318979024887085,0.9334279298782348,2.38555121421814,0.1826746016740799,0.8956178426742554,0.8956178426742554,0.0,235.5128936767578,241.0,45093.29296875,0.0,3417.89453125,1.0,280.3421325683594,283.3001708984375,291.1609802246094,294.0107421875,293.1499938964844,293.1499938964844,280.6499938964844,36142.01171875,36000.0,313.1499938964844,0.0,18000.0,1.0,0.0,0.0,0.0,1.0,0.9942864179611206,1.0,0.0,0.0,3.6398050785064697,3.63982892036438,8.839944030114566e-07,4.265924453735352,4.265914440155029,9.78592834144365e-06,0.0,0.0,-0.0,5723.83154296875,0.0,1522.915283203125,1895.4371337890625,0.0,4251.6162109375,0.9031070470809937,1.0,0.0,3.0,1.0,0.0
12157140,297.08514404296875,297.1499938964844,293.1499938964844,0.0,-0.0,285.0590209960937,0.7642150521278381,0.365062952041626,0.3333532512187958,297.0481872558594,297.1499938964844,293.1499938964844,0.0,-0.0,285.0592956542969,0.8664225935935974,0.539106547832489,0.514496922492981,297.37030029296875,297.1499938964844,293.1499938964844,0.0,-0.0,285.0594787597656,0.9813445806503296,0.7730173468589783,0.5407553911209106,297.1488037109375,297.1499938964844,293.1499938964844,0.0,-0.0,285.0589599609375,0.7523446679115295,0.3477673530578613,0.3346480131149292,297.1455078125,297.1499938964844,293.1499938964844,0.0,-0.0,285.0584411621094,0.6538708806037903,0.2263177931308746,1.0452016592025757,285.0592346191406,284.95001220703125,298.75,288.1817932128906,297.6502990722656,297.22119140625,285.0606689453125,1.0,0.658183753490448,0.3778738975524902,0.3778738975524902,1.0,1.0,-3.3244950771331787,0.933948814868927,2.3905460834503174,0.181842640042305,0.8986066579818726,0.8986066579818726,0.0,237.40847778320312,244.0,44004.7734375,0.0,3441.333251953125,1.0,280.64166259765625,283.5267333984375,291.1304626464844,293.8917541503906,293.1499938964844,293.1499938964844,280.95001220703125,35941.0625,36000.0,313.1499938964844,0.0,18000.0,1.0,0.0,0.0,0.0,1.0,0.9806577563285828,1.0,0.0,0.0,3.641375541687012,3.641399383544922,8.847574122228252e-07,4.265924453735352,4.265914440155029,9.78592834144365e-06,0.0,0.0,-0.0,5609.65869140625,0.0,1523.154541015625,1895.4371337890625,0.0,4134.4384765625,0.9033260345458984,1.0,0.0,3.0,1.0,0.0
12157200,297.08514404296875,297.1499938964844,293.1499938964844,0.0,-0.0,285.0590209960937,0.7642150521278381,0.365062952041626,0.3333532512187958,297.0481872558594,297.1499938964844,293.1499938964844,0.0,-0.0,285.0592956542969,0.8664225935935974,0.539106547832489,0.514496922492981,297.37030029296875,297.1499938964844,293.1499938964844,0.0,-0.0,285.0594787597656,0.9813445806503296,0.7730173468589783,0.5407553911209106,297.1488037109375,297.1499938964844,293.1499938964844,0.0,-0.0,285.0589599609375,0.7523446679115295,0.3477673530578613,0.3346480131149292,297.1455078125,297.1499938964844,293.1499938964844,0.0,-0.0,285.0584411621094,0.6538708806037903,0.2263177931308746,1.0452016592025757,285.0592346191406,284.95001220703125,298.75,288.1817932128906,297.6502990722656,297.22119140625,285.0606689453125,1.0,0.658183753490448,0.3778738975524902,0.3778738975524902,1.0,1.0,-3.3244950771331787,0.933948814868927,2.3905460834503174,0.181842640042305,0.8986066579818726,0.8986066579818726,0.0,237.40847778320312,244.0,44004.7734375,0.0,3441.333251953125,1.0,280.64166259765625,283.5267333984375,291.1304626464844,293.8917541503906,293.1499938964844,293.1499938964844,280.95001220703125,35941.0625,36000.0,313.1499938964844,0.0,18000.0,1.0,0.0,0.0,0.0,1.0,0.9806577563285828,1.0,0.0,0.0,3.641375541687012,3.641399383544922,8.847574122228252e-07,4.265924453735352,4.265914440155029,9.78592834144365e-06,0.0,0.0,-0.0,5609.65869140625,0.0,1523.154541015625,1895.4371337890625,0.0,4134.4384765625,0.9033260345458984,1.0,0.0,3.0,1.0,0.0
12157260,297.0997619628906,297.1499938964844,293.1499938964844,0.0,-0.0,285.248779296875,0.7635995745658875,0.365723967552185,0.3339493870735168,297.0640869140625,297.1499938964844,293.1499938964844,0.0,-0.0,285.24908447265625,0.8653638958930969,0.5394262075424194,0.5147777199745178,297.3878479003906,297.1499938964844,293.1499938964844,0.0,-0.0,285.249267578125,0.9817937612533568,0.7775846123695374,0.5438877940177917,297.1604919433594,297.1499938964844,293.1499938964844,0.0,-0.0,285.24871826171875,0.752116858959198,0.3489342331886291,0.3357454240322113,297.1541442871094,297.1499938964844,293.1499938964844,0.0,-0.0,285.2481384277344,0.6537246108055115,0.2271335870027542,1.0489164590835571,285.2490234375,284.95001220703125,298.729736328125,288.1781005859375,297.6561584472656,297.2374572753906,285.2504577636719,1.0,0.660494863986969,0.3775604963302612,0.3775604963302612,1.0,1.0,-3.335100650787353,0.9365445375442504,2.3985562324523926,0.1820658445358276,0.9041622281074524,0.9041622281074524,0.0,239.2713623046875,247.0,43051.44140625,0.0,3476.429443359375,1.0,280.94171142578125,283.7562561035156,291.128173828125,293.82257080078125,293.1499938964844,293.1499938964844,280.6499938964844,35702.63671875,36000.0,313.1499938964844,0.0,18000.0,1.0,0.0,0.0,0.0,1.0,0.9678092002868652,1.0,0.0,0.0,3.6518054008483887,3.651829242706299,8.898330179363256e-07,4.265924453735352,4.265914440155029,9.78592834144365e-06,0.0,0.0,-0.0,6198.60986328125,0.0,1532.951904296875,1895.4371337890625,0.0,4021.884521484375,0.9054973721504213,1.0,0.0,3.0,1.0,0.0
12157320,297.0997619628906,297.1499938964844,293.1499938964844,0.0,-0.0,285.248779296875,0.7635995745658875,0.365723967552185,0.3339493870735168,297.0640869140625,297.1499938964844,293.1499938964844,0.0,-0.0,285.24908447265625,0.8653638958930969,0.5394262075424194,0.5147777199745178,297.3878479003906,297.1499938964844,293.1499938964844,0.0,-0.0,285.249267578125,0.9817937612533568,0.7775846123695374,0.5438877940177917,297.1604919433594,297.1499938964844,293.1499938964844,0.0,-0.0,285.24871826171875,0.752116858959198,0.3489342331886291,0.3357454240322113,297.1541442871094,297.1499938964844,293.1499938964844,0.0,-0.0,285.2481384277344,0.6537246108055115,0.2271335870027542,1.0489164590835571,285.2490234375,284.95001220703125,298.729736328125,288.1781005859375,297.6561584472656,297.2374572753906,285.2504577636719,1.0,0.660494863986969,0.3775604963302612,0.3775604963302612,1.0,1.0,-3.335100650787353,0.9365445375442504,2.3985562324523926,0.1820658445358276,0.9041622281074524,0.9041622281074524,0.0,239.2713623046875,247.0,43051.44140625,0.0,3476.429443359375,1.0,280.94171142578125,283.7562561035156,291.128173828125,293.82257080078125,293.1499938964844,293.1499938964844,280.6499938964844,35702.63671875,36000.0,313.1499938964844,0.0,18000.0,1.0,0.0,0.0,0.0,1.0,0.9678092002868652,1.0,0.0,0.0,3.6518054008483887,3.651829242706299,8.898330179363256e-07,4.265924453735352,4.265914440155029,9.78592834144365e-06,0.0,0.0,-0.0,6198.60986328125,0.0,1532.951904296875,1895.4371337890625,0.0,4021.884521484375,0.9054973721504213,1.0,0.0,3.0,1.0,0.0
12157380,297.0954284667969,297.1499938964844,293.1499938964844,0.0,-0.0,285.0823974609375,0.7609919309616089,0.3646719753742218,0.333644151687622,297.061279296875,297.1499938964844,293.1499938964844,0.0,-0.0,285.0821228027344,0.8623295426368713,0.5380789041519165,0.5141852498054504,297.3778686523437,297.1499938964844,293.1499938964844,0.0,-0.0,285.0819396972656,0.9801629781723022,0.7796176075935364,0.5459508895874023,297.158935546875,297.1499938964844,293.1499938964844,0.0,-0.0,285.0824279785156,0.7502116560935974,0.3489291071891784,0.3362610340118408,297.1529235839844,297.1499938964844,293.1499938964844,0.0,-0.0,285.0829467773437,0.6520348191261292,0.2270785570144653,1.0507034063339231,285.0821838378906,284.95001220703125,298.7069396972656,288.1734619140625,297.645263671875,297.23175048828125,285.0808410644531,1.0,0.6627252697944641,0.3772470951080322,0.3772470951080322,1.0,1.0,-3.3392891883850098,0.9370022416114808,2.402287006378174,0.1818728446960449,0.9045608639717102,0.9045608639717102,0.0,242.6466064453125,250.0,44165.1875,0.0,3505.374267578125,1.0,280.65777587890625,283.5448913574219,291.219482421875,294.052001953125,293.1499938964844,293.1499938964844,280.3500061035156,35795.0625,36000.0,313.1499938964844,0.0,18000.0,1.0,0.0,0.0,0.0,1.0,0.9813669919967652,1.0,0.0,0.0,3.660153865814209,3.660177946090698,8.939061899582157e-07,4.265924453735352,4.265914440155029,9.78592834144365e-06,0.0,0.0,-0.0,6371.8525390625,0.0,1542.956787109375,1895.4371337890625,0.0,4140.5947265625,0.9074005484580994,1.0,0.0,3.0,1.0,0.0
12157440,297.0954284667969,297.1499938964844,293.1499938964844,0.0,-0.0,285.0823974609375,0.7609919309616089,0.3646719753742218,0.333644151687622,297.061279296875,297.1499938964844,293.1499938964844,0.0,-0.0,285.0821228027344,0.8623295426368713,0.5380789041519165,0.5141852498054504,297.3778686523437,297.1499938964844,293.1499938964844,0.0,-0.0,285.0819396972656,0.9801629781723022,0.7796176075935364,0.5459508895874023,297.158935546875,297.1499938964844,293.1499938964844,0.0,-0.0,285.0824279785156,0.7502116560935974,0.3489291071891784,0.3362610340118408,297.1529235839844,297.1499938964844,293.1499938964844,0.0,-0.0,285.0829467773437,0.6520348191261292,0.2270785570144653,1.0507034063339231,285.0821838378906,284.95001220703125,298.7069396972656,288.1734619140625,297.645263671875,297.23175048828125,285.0808410644531,1.0,0.6627252697944641,0.3772470951080322,0.3772470951080322,1.0,1.0,-3.3392891883850098,0.9370022416114808,2.402287006378174,0.1818728446960449,0.9045608639717102,0.9045608639717102,0.0,242.6466064453125,250.0,44165.1875,0.0,3505.374267578125,1.0,280.65777587890625,283.5448913574219,291.219482421875,294.052001953125,293.1499938964844,293.1499938964844,280.3500061035156,35795.0625,36000.0,313.1499938964844,0.0,18000.0,1.0,0.0,0.0,0.0,1.0,0.9813669919967652,1.0,0.0,0.0,3.660153865814209,3.660177946090698,8.939061899582157e-07,4.265924453735352,4.265914440155029,9.78592834144365e-06,0.0,0.0,-0.0,6371.8525390625,0.0,1542.956787109375,1895.4371337890625,0.0,4140.5947265625,0.9074005484580994,1.0,0.0,3.0,1.0,0.0
12157500,297.0874328613281,297.1499938964844,293.1499938964844,0.0,-0.0,284.9433288574219,0.7587146759033203,0.36354461312294,0.3329150974750519,297.053466796875,297.1499938964844,293.1499938964844,0.0,-0.0,284.9417724609375,0.8598442673683167,0.5367540121078491,0.5132530927658081,297.3652038574219,297.1499938964844,293.1499938964844,0.0,-0.0,284.9407653808594,0.978352963924408,0.7798248529434204,0.5463656187057495,297.1531066894531,297.1499938964844,293.1499938964844,0.0,-0.0,284.94354248046875,0.7483964562416077,0.348417729139328,0.3360418975353241,297.1480712890625,297.1499938964844,293.1499938964844,0.0,-0.0,284.9464416503906,0.6503425240516663,0.2266235202550888,1.049782633781433,284.94207763671875,284.95001220703125,298.6946105957031,288.1707458496094,297.63458251953125,297.2221374511719,284.9347229003906,1.0,0.663516640663147,0.3770904242992401,0.3770904242992401,1.0,1.0,-3.3364264965057373,0.93558669090271,2.400839805603028,0.1812246441841125,0.903144359588623,0.903144359588623,0.0,244.9002227783203,250.0,45143.96484375,0.0,3511.544921875,1.0,280.4009094238281,283.36590576171875,291.25347900390625,294.2095947265625,293.1499938964844,293.1499938964844,280.3500061035156,35897.9296875,36000.0,313.1499938964844,0.0,18000.0,1.0,0.0,0.0,0.0,1.0,0.9916035532951356,1.0,0.0,0.0,3.661863803863525,3.661887884140015,8.94741617685213e-07,4.265924453735352,4.265914440155029,9.78592834144365e-06,0.0,0.0,-0.0,6189.576171875,0.0,1545.641357421875,1895.4371337890625,0.0,4228.7412109375,0.9078163504600524,1.0,0.0,3.0,1.0,0.0
12157560,297.0773010253906,297.1499938964844,293.1499938964844,0.0,-0.0,284.8909912109375,0.7559693455696106,0.3621531128883362,0.3318468332290649,297.0430603027344,297.1499938964844,293.1499938964844,0.0,-0.0,284.8906555175781,0.8568956851959229,0.5351210236549377,0.5119290351867676,297.3500671386719,297.1499938964844,293.1499938964844,0.0,-0.0,284.89044189453125,0.9760273694992064,0.7796986699104309,0.5464169383049011,297.1450500488281,297.1499938964844,293.1499938964844,0.0,-0.0,284.8910522460937,0.746152400970459,0.3476454615592956,0.3355157971382141,297.14111328125,297.1499938964844,293.1499938964844,0.0,-0.0,284.89166259765625,0.6482086777687073,0.2259278744459152,1.047627329826355,284.8907165527344,284.95001220703125,298.681640625,288.1678161621094,297.6216735839844,297.2098083496094,284.8890380859375,1.0,0.6640356183052063,0.376857042312622,0.376857042312622,1.0,1.0,-3.3303918838500977,0.9329097867012024,2.39748215675354,0.1800170242786407,0.9021947383880616,0.9021947383880616,0.0,247.3817443847656,253.0,45202.83984375,0.0,3511.61865234375,1.0,280.3580322265625,283.31231689453125,291.2286071777344,294.1484069824219,293.1499938964844,293.1499938964844,280.04998779296875,35987.015625,36000.0,313.1499938964844,0.0,18000.0,1.0,0.0,0.0,0.0,1.0,0.9968889951705932,1.0,0.0,0.0,3.6612954139709473,3.661319494247437,8.944639375840779e-07,4.265924453735352,4.265914440155029,9.78592834144365e-06,0.0,0.0,-0.0,6496.23095703125,0.0,1545.6741943359375,1895.4371337890625,0.0,4273.7119140625,0.907778799533844,1.0,0.0,3.0,1.0,0.0
12157620,297.0545959472656,297.1499938964844,293.1499938964844,0.0,-0.0,284.6937866210937,0.7503081560134888,0.3589365184307098,0.3293147087097168,297.01885986328125,297.1499938964844,293.1499938964844,0.0,-0.0,284.69342041015625,0.8508390188217163,0.5313163995742798,0.5087553262710571,297.3167419433594,297.1499938964844,293.1499938964844,0.0,-0.0,284.69317626953125,0.971075177192688,0.7788611054420471,0.5461407899856567,297.12567138671875,297.1499938964844,293.1499938964844,0.0,-0.0,284.6938171386719,0.7414259314537048,0.3456228971481323,0.3339850306510925,297.123779296875,297.1499938964844,293.1499938964844,0.0,-0.0,284.6944885253906,0.6435840725898743,0.2240626513957977,1.0410394668579102,284.6934814453125,284.95001220703125,298.6538391113281,288.1611328125,297.5932312011719,297.1824951171875,284.691650390625,1.0,0.664425790309906,0.3763903081417084,0.3763903081417084,1.0,1.0,-3.313442707061768,0.9259132742881776,2.3875293731689453,0.1770274639129638,0.8971514701843262,0.8971514701843262,0.0,252.2080535888672,256.0,46102.9375,0.0,3499.65478515625,1.0,280.05816650390625,283.07781982421875,291.23834228515625,294.2115783691406,293.1499938964844,293.1499938964844,280.3500061035156,36233.58203125,36000.0,313.1499938964844,0.0,18000.0,1.0,0.0,0.0,0.0,1.0,1.0,1.0,0.0,0.0,3.653329372406006,3.653353452682495,8.905759614208364e-07,4.265924453735352,4.265914440155029,9.78592834144365e-06,0.0,0.0,-0.0,5869.36474609375,0.0,1538.6251220703125,1895.4371337890625,0.0,4300.0,0.9061613082885742,1.0,0.0,3.0,1.0,0.0
12157680,297.0545959472656,297.1499938964844,293.1499938964844,0.0,-0.0,284.6937866210937,0.7503081560134888,0.3589365184307098,0.3293147087097168,297.01885986328125,297.1499938964844,293.1499938964844,0.0,-0.0,284.69342041015625,0.8508390188217163,0.5313163995742798,0.5087553262710571,297.3167419433594,297.1499938964844,293.1499938964844,0.0,-0.0,284.69317626953125,0.971075177192688,0.7788611054420471,0.5461407899856567,297.12567138671875,297.1499938964844,293.1499938964844,0.0,-0.0,284.6938171386719,0.7414259314537048,0.3456228971481323,0.3339850306510925,297.123779296875,297.1499938964844,293.1499938964844,0.0,-0.0,284.6944885253906,0.6435840725898743,0.2240626513957977,1.0410394668579102,284.6934814453125,284.95001220703125,298.6538391113281,288.1611328125,297.5932312011719,297.1824951171875,284.691650390625,1.0,0.664425790309906,0.3763903081417084,0.3763903081417084,1.0,1.0,-3.313442707061768,0.9259132742881776,2.3875293731689453,0.1770274639129638,0.8971514701843262,0.8971514701843262,0.0,252.2080535888672,256.0,46102.9375,0.0,3499.65478515625,1.0,280.05816650390625,283.07781982421875,291.23834228515625,294.2115783691406,293.1499938964844,293.1499938964844,280.3500061035156,36233.58203125,36000.0,313.1499938964844,0.0,18000.0,1.0,0.0,0.0,0.0,1.0,1.0,1.0,0.0,0.0,3.653329372406006,3.653353452682495,8.905759614208364e-07,4.265924453735352,4.265914440155029,9.78592834144365e-06,0.0,0.0,-0.0,5869.36474609375,0.0,1538.6251220703125,1895.4371337890625,0.0,4300.0,0.9061613082885742,1.0,0.0,3.0,1.0,0.0
12157740,297.04840087890625,297.1499938964844,293.1499938964844,0.0,-0.0,284.844482421875,0.7462337613105774,0.3570770025253296,0.327368289232254,297.010498046875,297.1499938964844,293.1499938964844,0.0,-0.0,284.8446655273437,0.8463687300682068,0.5287853479385376,0.5060900449752808,297.30865478515625,297.1499938964844,293.1499938964844,0.0,-0.0,284.8447570800781,0.9678273797035216,0.7801207900047302,0.5466307997703552,297.1168212890625,297.1499938964844,293.1499938964844,0.0,-0.0,284.8444519042969,0.7379533052444458,0.344400405883789,0.3326842486858368,297.1131591796875,297.1499938964844,293.1499938964844,0.0,-0.0,284.8441467285156,0.6399709582328796,0.2226436734199524,1.034465789794922,284.8446350097656,284.95001220703125,298.62353515625,288.1533508300781,297.5774230957031,297.1734619140625,284.8453674316406,1.0,0.6644887328147888,0.375923603773117,0.375923603773117,1.0,1.0,-3.2990036010742188,0.9197654724121094,2.3792381286621094,0.1741166859865188,0.8969982862472534,0.8969982862472534,0.0,255.658432006836,244.0,44797.40234375,0.0,3485.799072265625,1.0,280.3421630859375,283.275634765625,291.1284484863281,293.9656677246094,293.1499938964844,293.1499938964844,280.6499938964844,36155.1328125,36000.0,313.1499938964844,0.0,18000.0,1.0,0.0,0.0,0.0,1.0,0.994566023349762,1.0,0.0,0.0,3.646870613098145,3.646894693374634,8.874297918737284e-07,4.265924453735352,4.265914440155029,9.78592834144365e-06,0.0,0.0,-0.0,5694.27587890625,0.0,1530.8494873046875,1895.4371337890625,0.0,4253.994140625,0.9046916961669922,1.0,0.0,3.0,1.0,0.0
12157800,297.04840087890625,297.1499938964844,293.1499938964844,0.0,-0.0,284.844482421875,0.7462337613105774,0.3570770025253296,0.327368289232254,297.010498046875,297.1499938964844,293.1499938964844,0.0,-0.0,284.8446655273437,0.8463687300682068,0.5287853479385376,0.5060900449752808,297.30865478515625,297.1499938964844,293.1499938964844,0.0,-0.0,284.8447570800781,0.9678273797035216,0.7801207900047302,0.5466307997703552,297.1168212890625,297.1499938964844,293.1499938964844,0.0,-0.0,284.8444519042969,0.7379533052444458,0.344400405883789,0.3326842486858368,297.1131591796875,297.1499938964844,293.1499938964844,0.0,-0.0,284.8441467285156,0.6399709582328796,0.2226436734199524,1.034465789794922,284.8446350097656,284.95001220703125,298.62353515625,288.1533508300781,297.5774230957031,297.1734619140625,284.8453674316406,1.0,0.6644887328147888,0.375923603773117,0.375923603773117,1.0,1.0,-3.2990036010742188,0.9197654724121094,2.3792381286621094,0.1741166859865188,0.8969982862472534,0.8969982862472534,0.0,255.658432006836,244.0,44797.40234375,0.0,3485.799072265625,1.0,280.3421630859375,283.275634765625,291.1284484863281,293.9656677246094,293.1499938964844,293.1499938964844,280.6499938964844,36155.1328125,36000.0,313.1499938964844,0.0,18000.0,1.0,0.0,0.0,0.0,1.0,0.994566023349762,1.0,0.0,0.0,3.646870613098145,3.646894693374634,8.874297918737284e-07,4.265924453735352,4.265914440155029,9.78592834144365e-06,0.0,0.0,-0.0,5694.27587890625,0.0,1530.8494873046875,1895.4371337890625,0.0,4253.994140625,0.9046916961669922,1.0,0.0,3.0,1.0,0.0
12157860,297.0551147460937,297.1499938964844,293.1499938964844,0.0,-0.0,285.0176086425781,0.7484715580940247,0.3564599752426147,0.3264332711696625,297.0162353515625,297.1499938964844,293.1499938964844,0.0,-0.0,285.017822265625,0.8488698601722717,0.5275901556015015,0.5045405030250549,297.3173828125,297.1499938964844,293.1499938964844,0.0,-0.0,285.0179443359375,0.9726437330245972,0.783004879951477,0.5482832789421082,297.1190795898437,297.1499938964844,293.1499938964844,0.0,-0.0,285.017578125,0.7403854727745056,0.3442020714282989,0.3321149945259094,297.1117248535156,297.1499938964844,293.1499938964844,0.0,-0.0,285.0171813964844,0.6416123509407043,0.222022458910942,1.0300341844558716,285.01776123046875,284.95001220703125,298.5906982421875,288.1444702148437,297.5726013183594,297.1796875,285.0186767578125,1.0,0.6608495116233826,0.3759119510650635,0.3759119510650635,1.0,1.0,-3.2919845581054688,0.917353332042694,2.374631404876709,0.1734253317117691,0.8993608951568604,0.8993608951568604,0.0,250.8816833496093,232.0,43558.93359375,0.0,3442.819091796875,1.0,280.6417236328125,283.49371337890625,291.088623046875,293.8278503417969,293.1499938964844,293.1499938964844,280.95001220703125,35980.2109375,36000.0,313.1499938964844,0.0,18000.0,1.0,0.0,0.0,0.0,1.0,0.9799638986587524,1.0,0.0,0.0,3.647047519683838,3.647071599960327,8.875159096533025e-07,4.265924453735352,4.265914440155029,9.78592834144365e-06,0.0,0.0,-0.0,5567.93994140625,0.0,1529.7384033203125,1895.4371337890625,0.0,4128.40966796875,0.9046183228492736,1.0,0.0,3.0,1.0,0.0
12157920,297.0551147460937,297.1499938964844,293.1499938964844,0.0,-0.0,285.0176086425781,0.7484715580940247,0.3564599752426147,0.3264332711696625,297.0162353515625,297.1499938964844,293.1499938964844,0.0,-0.0,285.017822265625,0.8488698601722717,0.5275901556015015,0.5045405030250549,297.3173828125,297.1499938964844,293.1499938964844,0.0,-0.0,285.0179443359375,0.9726437330245972,0.783004879951477,0.5482832789421082,297.1190795898437,297.1499938964844,293.1499938964844,0.0,-0.0,285.017578125,0.7403854727745056,0.3442020714282989,0.3321149945259094,297.1117248535156,297.1499938964844,293.1499938964844,0.0,-0.0,285.0171813964844,0.6416123509407043,0.222022458910942,1.0300341844558716,285.01776123046875,284.95001220703125,298.5906982421875,288.1444702148437,297.5726013183594,297.1796875,285.0186767578125,1.0,0.6608495116233826,0.3759119510650635,0.3759119510650635,1.0,1.0,-3.2919845581054688,0.917353332042694,2.374631404876709,0.1734253317117691,0.8993608951568604,0.8993608951568604,0.0,250.8816833496093,232.0,43558.93359375,0.0,3442.819091796875,1.0,280.6417236328125,283.49371337890625,291.088623046875,293.8278503417969,293.1499938964844,293.1499938964844,280.95001220703125,35980.2109375,36000.0,313.1499938964844,0.0,18000.0,1.0,0.0,0.0,0.0,1.0,0.9799638986587524,1.0,0.0,0.0,3.647047519683838,3.647071599960327,8.875159096533025e-07,4.265924453735352,4.265914440155029,9.78592834144365e-06,0.0,0.0,-0.0,5567.93994140625,0.0,1529.7384033203125,1895.4371337890625,0.0,4128.40966796875,0.9046183228492736,1.0,0.0,3.0,1.0,0.0
12157980,297.0665588378906,297.1499938964844,293.1499938964844,0.0,-0.0,285.1943054199219,0.7541386485099792,0.3564130663871765,0.3259578049182892,297.0277709960937,297.1499938964844,293.1499938964844,0.0,-0.0,285.194580078125,0.8552092909812927,0.527057945728302,0.5035659074783325,297.3313293457031,297.1499938964844,293.1499938964844,0.0,-0.0,285.1947631835937,0.9812328815460204,0.7865351438522339,0.5503684282302856,297.1268005371094,297.1499938964844,293.1499938964844,0.0,-0.0,285.1942749023437,0.7461397647857666,0.3445872366428375,0.3320134282112121,297.1156311035156,297.1499938964844,293.1499938964844,0.0,-0.0,285.1938171386719,0.6462953090667725,0.2219297587871551,1.0274550914764404,285.19451904296875,284.95001220703125,298.55535888671875,288.1344299316406,297.5716857910156,297.1921081542969,285.1956481933594,1.0,0.6558451652526855,0.3759002685546875,0.3759002685546875,1.0,1.0,-3.2895209789276123,0.9164918661117554,2.3730292320251465,0.1733119487762451,0.904101312160492,0.904101312160492,0.0,242.020263671875,220.0,42411.0625,0.0,3387.437744140625,1.0,280.9417419433594,283.7132568359375,291.07763671875,293.7390441894531,293.1499938964844,293.1499938964844,280.6499938964844,35765.078125,36000.0,313.1499938964844,0.0,18000.0,1.0,0.0,0.0,0.0,1.0,0.965735137462616,1.0,0.0,0.0,3.655207872390747,3.655231952667236,8.914919931157783e-07,4.265924453735352,4.265914440155029,9.78592834144365e-06,0.0,0.0,-0.0,6137.13037109375,0.0,1537.2100830078125,1895.4371337890625,0.0,4003.541748046875,0.906299352645874,1.0,0.0,3.0,1.0,0.0
12158040,297.0665588378906,297.1499938964844,293.1499938964844,0.0,-0.0,285.1943054199219,0.7541386485099792,0.3564130663871765,0.3259578049182892,297.0277709960937,297.1499938964844,293.1499938964844,0.0,-0.0,285.194580078125,0.8552092909812927,0.527057945728302,0.5035659074783325,297.3313293457031,297.1499938964844,293.1499938964844,0.0,-0.0,285.1947631835937,0.9812328815460204,0.7865351438522339,0.5503684282302856,297.1268005371094,297.1499938964844,293.1499938964844,0.0,-0.0,285.1942749023437,0.7461397647857666,0.3445872366428375,0.3320134282112121,297.1156311035156,297.1499938964844,293.1499938964844,0.0,-0.0,285.1938171386719,0.6462953090667725,0.2219297587871551,1.0274550914764404,285.19451904296875,284.95001220703125,298.55535888671875,288.1344299316406,297.5716857910156,297.1921081542969,285.1956481933594,1.0,0.6558451652526855,0.3759002685546875,0.3759002685546875,1.0,1.0,-3.2895209789276123,0.9164918661117554,2.3730292320251465,0.1733119487762451,0.904101312160492,0.904101312160492,0.0,242.020263671875,220.0,42411.0625,0.0,3387.437744140625,1.0,280.9417419433594,283.7132568359375,291.07763671875,293.7390441894531,293.1499938964844,293.1499938964844,280.6499938964844,35765.078125,36000.0,313.1499938964844,0.0,18000.0,1.0,0.0,0.0,0.0,1.0,0.965735137462616,1.0,0.0,0.0,3.655207872390747,3.655231952667236,8.914919931157783e-07,4.265924453735352,4.265914440155029,9.78592834144365e-06,0.0,0.0,-0.0,6137.13037109375,0.0,1537.2100830078125,1895.4371337890625,0.0,4003.541748046875,0.906299352645874,1.0,0.0,3.0,1.0,0.0
12158100,297.06689453125,297.1499938964844,293.1499938964844,0.0,-0.0,285.0694885253906,0.7574414610862732,0.3559224307537079,0.3256222605705261,297.0284118652344,297.1499938964844,293.1499938964844,0.0,-0.0,285.0679626464844,0.8589536547660828,0.5263540148735046,0.5030051469802856,297.32928466796875,297.1499938964844,293.1499938964844,0.0,-0.0,285.0669250488281,0.9857629537582396,0.7874913215637207,0.5512440800666809,297.1275634765625,297.1499938964844,293.1499938964844,0.0,-0.0,285.06964111328125,0.7495343089103699,0.3445169627666473,0.3319465517997741,297.11590576171875,297.1499938964844,293.1499938964844,0.0,-0.0,285.072509765625,0.6491318941116333,0.2217409163713455,1.026280164718628,285.0682373046875,284.95001220703125,298.5367736816406,288.12896728515625,297.5663452148437,297.1920471191406,285.0611572265625,1.0,0.6530191898345947,0.3758944571018219,0.3758944571018219,1.0,1.0,-3.288010835647583,0.9159622192382812,2.3720486164093018,0.173340305685997,0.903677225112915,0.903677225112915,0.0,237.07861328125,220.0,43357.14453125,0.0,3356.271240234375,1.0,280.6984558105469,283.5482177734375,291.1575012207031,293.9677124023437,293.1499938964844,293.1499938964844,280.6499938964844,35815.48828125,36000.0,313.1499938964844,0.0,18000.0,1.0,0.0,0.0,0.0,1.0,0.9730257391929626,1.0,0.0,0.0,3.658905506134033,3.6589295864105225,8.932966011343524e-07,4.265924453735352,4.265914440155029,9.78592834144365e-06,0.0,0.0,-0.0,5990.53857421875,0.0,1541.7149658203125,1895.4371337890625,0.0,4067.81005859375,0.9071090221405028,1.0,0.0,3.0,1.0,0.0
12158160,297.06207275390625,297.1499938964844,293.1499938964844,0.0,-0.0,285.01959228515625,0.7601167559623718,0.35492604970932,0.3247420489788055,297.0237121582031,297.1499938964844,293.1499938964844,0.0,-0.0,285.0192565917969,0.8621346354484558,0.5251229405403137,0.501874566078186,297.32000732421875,297.1499938964844,293.1499938964844,0.0,-0.0,285.0190124511719,0.989510715007782,0.7877138257026672,0.5514559149742126,297.1243591308594,297.1499938964844,293.1499938964844,0.0,-0.0,285.0196533203125,0.7524513006210327,0.344063401222229,0.3314940929412842,297.1133117675781,297.1499938964844,293.1499938964844,0.0,-0.0,285.0202941894531,0.6515329480171204,0.2212695181369781,1.0238831043243408,285.0193176269531,284.95001220703125,298.5175170898437,288.1231994628906,297.5559387207031,297.1853942871094,285.0176086425781,1.0,0.649825930595398,0.3757814168930053,0.3757814168930053,1.0,1.0,-3.282428979873657,0.9137904644012452,2.368638515472412,0.1726486384868621,0.9036104679107666,0.9036104679107666,0.0,232.4260711669922,208.0,43425.80078125,0.0,3317.604248046875,1.0,280.6578063964844,283.49664306640625,291.1633605957031,293.9543762207031,293.1499938964844,293.1499938964844,280.3500061035156,35874.140625,36000.0,313.1499938964844,0.0,18000.0,1.0,0.0,0.0,0.0,1.0,0.9780924320220948,1.0,0.0,0.0,3.660661458969116,3.6606855392456055,8.941542546381243e-07,4.265924453735352,4.265914440155029,9.78592834144365e-06,0.0,0.0,-0.0,6297.90234375,0.0,1544.117919921875,1895.4371337890625,0.0,4112.1201171875,0.9075665473937988,1.0,0.0,3.0,1.0,0.0
12158220,297.0452880859375,297.1499938964844,293.1499938964844,0.0,-0.0,284.81951904296875,0.7649210095405579,0.3521199524402618,0.3221489191055298,297.0058898925781,297.1499938964844,293.1499938964844,0.0,-0.0,284.819091796875,0.8680627942085266,0.5217267870903015,0.498639851808548,297.2919006347656,297.1499938964844,293.1499938964844,0.0,-0.0,284.8188171386719,0.9961970448493958,0.7870301604270935,0.5509849190711975,297.1112365722656,297.1499938964844,293.1499938964844,0.0,-0.0,284.8195495605469,0.7578593492507935,0.3424157202243805,0.3298369646072387,297.1025085449219,297.1499938964844,293.1499938964844,0.0,-0.0,284.8203125,0.6558328866958618,0.2197191715240478,1.0162588357925415,284.81915283203125,284.95001220703125,298.4771728515625,288.1107177734375,297.5284423828125,297.16375732421875,284.8171081542969,1.0,0.6424646973609924,0.3755553066730499,0.3755553066730499,1.0,1.0,-3.263705015182495,0.9069019556045532,2.3568031787872314,0.1703493446111679,0.9002298712730408,0.9002298712730408,0.0,223.10061645507807,196.0,44330.3046875,0.0,3223.80615234375,1.0,280.358154296875,283.2582397460937,291.1668395996094,294.0370178222656,293.1499938964844,293.1499938964844,280.04998779296875,36083.19140625,36000.0,313.1499938964844,0.0,18000.0,1.0,0.0,0.0,0.0,1.0,0.9927298426628112,1.0,0.0,0.0,3.658272504806519,3.658296585083008,8.929874866225873e-07,4.265924453735352,4.265914440155029,9.78592834144365e-06,0.0,0.0,-0.0,6408.05419921875,0.0,1543.015380859375,1895.4371337890625,0.0,4238.3564453125,0.907166600227356,1.0,0.0,3.0,1.0,0.0
12158280,297.0452880859375,297.1499938964844,293.1499938964844,0.0,-0.0,284.81951904296875,0.7649210095405579,0.3521199524402618,0.3221489191055298,297.0058898925781,297.1499938964844,293.1499938964844,0.0,-0.0,284.819091796875,0.8680627942085266,0.5217267870903015,0.498639851808548,297.2919006347656,297.1499938964844,293.1499938964844,0.0,-0.0,284.8188171386719,0.9961970448493958,0.7870301604270935,0.5509849190711975,297.1112365722656,297.1499938964844,293.1499938964844,0.0,-0.0,284.8195495605469,0.7578593492507935,0.3424157202243805,0.3298369646072387,297.1025085449219,297.1499938964844,293.1499938964844,0.0,-0.0,284.8203125,0.6558328866958618,0.2197191715240478,1.0162588357925415,284.81915283203125,284.95001220703125,298.4771728515625,288.1107177734375,297.5284423828125,297.16375732421875,284.8171081542969,1.0,0.6424646973609924,0.3755553066730499,0.3755553066730499,1.0,1.0,-3.263705015182495,0.9069019556045532,2.3568031787872314,0.1703493446111679,0.9002298712730408,0.9002298712730408,0.0,223.10061645507807,196.0,44330.3046875,0.0,3223.80615234375,1.0,280.358154296875,283.2582397460937,291.1668395996094,294.0370178222656,293.1499938964844,293.1499938964844,280.04998779296875,36083.19140625,36000.0,313.1499938964844,0.0,18000.0,1.0,0.0,0.0,0.0,1.0,0.9927298426628112,1.0,0.0,0.0,3.658272504806519,3.658296585083008,8.929874866225873e-07,4.265924453735352,4.265914440155029,9.78592834144365e-06,0.0,0.0,-0.0,6408.05419921875,0.0,1543.015380859375,1895.4371337890625,0.0,4238.3564453125,0.907166600227356,1.0,0.0,3.0,1.0,0.0
12158340,297.0245056152344,297.1499938964844,293.1499938964844,0.0,-0.0,284.6122436523437,0.7688371539115906,0.3486892580986023,0.3189246654510498,296.9826965332031,297.1499938964844,293.1499938964844,0.0,-0.0,284.6116943359375,0.8730947375297546,0.5175548195838928,0.4945957362651825,297.2622985839844,297.1499938964844,293.1499938964844,0.0,-0.0,284.6112976074219,0.9990000128746032,0.7858209609985352,0.5457999110221863,297.0932312011719,297.1499938964844,293.1499938964844,0.0,-0.0,284.6122741699219,0.7624270915985107,0.3401066660881042,0.3275085687637329,297.0872497558594,297.1499938964844,293.1499938964844,0.0,-0.0,284.6131591796875,0.6592015027999878,0.2175748646259308,1.0058642625808716,284.6117858886719,284.95001220703125,298.434326171875,288.096923828125,297.49755859375,297.13873291015625,284.609375,1.0,0.633675754070282,0.3753292262554168,0.3753292262554168,1.0,1.0,-3.232423782348633,0.8957985043525696,2.336625337600708,0.167450800538063,0.8940382599830627,0.8940382599830627,0.0,214.23971557617188,184.0,45065.74609375,0.0,3107.3671875,1.0,280.0582275390625,283.01641845703125,291.1532897949219,294.0726013183594,293.1499938964844,293.1499938964844,280.3500061035156,36349.76171875,36000.0,313.1499938964844,0.0,18000.0,1.0,0.0,0.0,0.0,1.0,1.0,1.0,0.0,0.0,3.646064519882202,3.6460886001586914,8.8703751544017e-07,4.265924453735352,4.265914440155029,9.78592834144365e-06,0.0,0.0,-0.0,5772.39111328125,0.0,1531.40869140625,1895.4371337890625,0.0,4300.0,0.904614806175232,1.0,0.0,3.0,1.0,0.0
12158400,297.0245056152344,297.1499938964844,293.1499938964844,0.0,-0.0,284.6122436523437,0.7688371539115906,0.3486892580986023,0.3189246654510498,296.9826965332031,297.1499938964844,293.1499938964844,0.0,-0.0,284.6116943359375,0.8730947375297546,0.5175548195838928,0.4945957362651825,297.2622985839844,297.1499938964844,293.1499938964844,0.0,-0.0,284.6112976074219,0.9990000128746032,0.7858209609985352,0.5457999110221863,297.0932312011719,297.1499938964844,293.1499938964844,0.0,-0.0,284.6122741699219,0.7624270915985107,0.3401066660881042,0.3275085687637329,297.0872497558594,297.1499938964844,293.1499938964844,0.0,-0.0,284.6131591796875,0.6592015027999878,0.2175748646259308,1.0058642625808716,284.6117858886719,284.95001220703125,298.434326171875,288.096923828125,297.49755859375,297.13873291015625,284.609375,1.0,0.633675754070282,0.3753292262554168,0.3753292262554168,1.0,1.0,-3.232423782348633,0.8957985043525696,2.336625337600708,0.167450800538063,0.8940382599830627,0.8940382599830627,0.0,214.23971557617188,184.0,45065.74609375,0.0,3107.3671875,1.0,280.0582275390625,283.01641845703125,291.1532897949219,294.0726013183594,293.1499938964844,293.1499938964844,280.3500061035156,36349.76171875,36000.0,313.1499938964844,0.0,18000.0,1.0,0.0,0.0,0.0,1.0,1.0,1.0,0.0,0.0,3.646064519882202,3.6460886001586914,8.8703751544017e-07,4.265924453735352,4.265914440155029,9.78592834144365e-06,0.0,0.0,-0.0,5772.39111328125,0.0,1531.40869140625,1895.4371337890625,0.0,4300.0,0.904614806175232,1.0,0.0,3.0,1.0,0.0
12158460,297.01953125,297.1499938964844,293.1499938964844,0.0,-0.0,284.7466735839844,0.7739623188972473,0.3465752303600311,0.316313236951828,296.9747009277344,297.1499938964844,293.1499938964844,0.0,-0.0,284.7467346191406,0.8792726993560791,0.5146046876907349,0.4910823106765747,297.281005859375,297.1499938964844,293.1499938964844,0.0,-0.0,284.7467346191406,0.9990000128746032,0.7890790700912476,0.5307760238647461,297.0852966308594,297.1499938964844,293.1499938964844,0.0,-0.0,284.7466735839844,0.7679376006126404,0.3385658264160156,0.325448215007782,297.07861328125,297.1499938964844,293.1499938964844,0.0,-0.0,284.74658203125,0.6632831692695618,0.2158932089805603,0.9958677291870116,284.7467041015625,284.95001220703125,298.3889465332031,288.0818176269531,297.4866638183594,297.14178466796875,284.7466125488281,1.0,0.6235507726669312,0.3755201399326324,0.3755201399326324,1.0,1.0,-3.1935222148895264,0.8833882808685303,2.310133934020996,0.1632771342992782,0.8924734592437744,0.8924734592437744,0.0,204.63609313964844,172.0,43514.6875,0.0,2970.9326171875,1.0,280.3421325683594,283.2021484375,291.0370788574219,293.80126953125,293.1499938964844,293.1499938964844,280.6499938964844,36293.23046875,36000.0,313.1499938964844,0.0,18000.0,1.0,0.0,0.0,0.0,1.0,0.9892481565475464,1.0,0.0,0.0,3.634531974792481,3.634555816650391,8.81434914390411e-07,4.265924453735352,4.265914440155029,9.78592834144365e-06,0.0,0.0,-0.0,5581.63671875,0.0,1518.212158203125,1895.4371337890625,0.0,4208.5791015625,0.90202659368515,1.0,0.0,3.0,1.0,0.0
12158520,297.01953125,297.1499938964844,293.1499938964844,0.0,-0.0,284.7466735839844,0.7739623188972473,0.3465752303600311,0.316313236951828,296.9747009277344,297.1499938964844,293.1499938964844,0.0,-0.0,284.7467346191406,0.8792726993560791,0.5146046876907349,0.4910823106765747,297.281005859375,297.1499938964844,293.1499938964844,0.0,-0.0,284.7467346191406,0.9990000128746032,0.7890790700912476,0.5307760238647461,297.0852966308594,297.1499938964844,293.1499938964844,0.0,-0.0,284.7466735839844,0.7679376006126404,0.3385658264160156,0.325448215007782,297.07861328125,297.1499938964844,293.1499938964844,0.0,-0.0,284.74658203125,0.6632831692695618,0.2158932089805603,0.9958677291870116,284.7467041015625,284.95001220703125,298.3889465332031,288.0818176269531,297.4866638183594,297.14178466796875,284.7466125488281,1.0,0.6235507726669312,0.3755201399326324,0.3755201399326324,1.0,1.0,-3.1935222148895264,0.8833882808685303,2.310133934020996,0.1632771342992782,0.8924734592437744,0.8924734592437744,0.0,204.63609313964844,172.0,43514.6875,0.0,2970.9326171875,1.0,280.3421325683594,283.2021484375,291.0370788574219,293.80126953125,293.1499938964844,293.1499938964844,280.6499938964844,36293.23046875,36000.0,313.1499938964844,0.0,18000.0,1.0,0.0,0.0,0.0,1.0,0.9892481565475464,1.0,0.0,0.0,3.634531974792481,3.634555816650391,8.81434914390411e-07,4.265924453735352,4.265914440155029,9.78592834144365e-06,0.0,0.0,-0.0,5581.63671875,0.0,1518.212158203125,1895.4371337890625,0.0,4208.5791015625,0.90202659368515,1.0,0.0,3.0,1.0,0.0
12158580,297.02703857421875,297.1499938964844,293.1499938964844,0.0,-0.0,284.9033203125,0.7822664380073547,0.3456745147705078,0.3149476945400238,296.9803771972656,297.1499938964844,293.1499938964844,0.0,-0.0,284.9034118652344,0.88871830701828,0.512948215007782,0.4889161586761474,297.3383178710937,297.1499938964844,293.1499938964844,0.0,-0.0,284.9034729003906,0.9990000128746032,0.796515703201294,0.5121557116508484,297.0878601074219,297.1499938964844,293.1499938964844,0.0,-0.0,284.9033203125,0.7763557434082031,0.3379984200000763,0.3243501186370849,297.0790710449219,297.1499938964844,293.1499938964844,0.0,-0.0,284.9031066894531,0.670056939125061,0.2150253355503082,0.9893813729286194,284.9034118652344,284.95001220703125,298.341064453125,288.0653381347656,297.49462890625,297.1717224121094,284.9035949707031,1.0,0.6129482984542847,0.375711053609848,0.375711053609848,1.0,1.0,-3.1577651500701904,0.8719934225082397,2.285771608352661,0.1601142287254333,0.8931953310966492,0.8931953310966492,0.0,193.6399078369141,160.0,42027.17578125,0.0,2837.351806640625,1.0,280.6416015625,283.4078674316406,290.99298095703125,293.6446228027344,293.1499938964844,293.1499938964844,280.95001220703125,36139.62109375,36000.0,313.1499938964844,0.0,18000.0,1.0,0.0,0.0,0.0,1.0,0.9713576436042786,1.0,0.0,0.0,3.628812789916992,3.6288366317749023,8.786631724433391e-07,4.265924453735352,4.265914440155029,9.78592834144365e-06,0.0,0.0,-0.0,5439.78759765625,0.0,1510.762939453125,1895.4371337890625,0.0,4053.1572265625,0.9006499648094177,1.0,0.0,3.0,1.0,0.0
12158640,297.02703857421875,297.1499938964844,293.1499938964844,0.0,-0.0,284.9033203125,0.7822664380073547,0.3456745147705078,0.3149476945400238,296.9803771972656,297.1499938964844,293.1499938964844,0.0,-0.0,284.9034118652344,0.88871830701828,0.512948215007782,0.4889161586761474,297.3383178710937,297.1499938964844,293.1499938964844,0.0,-0.0,284.9034729003906,0.9990000128746032,0.796515703201294,0.5121557116508484,297.0878601074219,297.1499938964844,293.1499938964844,0.0,-0.0,284.9033203125,0.7763557434082031,0.3379984200000763,0.3243501186370849,297.0790710449219,297.1499938964844,293.1499938964844,0.0,-0.0,284.9031066894531,0.670056939125061,0.2150253355503082,0.9893813729286194,284.9034118652344,284.95001220703125,298.341064453125,288.0653381347656,297.49462890625,297.1717224121094,284.9035949707031,1.0,0.6129482984542847,0.375711053609848,0.375711053609848,1.0,1.0,-3.1577651500701904,0.8719934225082397,2.285771608352661,0.1601142287254333,0.8931953310966492,0.8931953310966492,0.0,193.6399078369141,160.0,42027.17578125,0.0,2837.351806640625,1.0,280.6416015625,283.4078674316406,290.99298095703125,293.6446228027344,293.1499938964844,293.1499938964844,280.95001220703125,36139.62109375,36000.0,313.1499938964844,0.0,18000.0,1.0,0.0,0.0,0.0,1.0,0.9713576436042786,1.0,0.0,0.0,3.628812789916992,3.6288366317749023,8.786631724433391e-07,4.265924453735352,4.265914440155029,9.78592834144365e-06,0.0,0.0,-0.0,5439.78759765625,0.0,1510.762939453125,1895.4371337890625,0.0,4053.1572265625,0.9006499648094177,1.0,0.0,3.0,1.0,0.0
12158700,297.032470703125,297.1499938964844,293.1499938964844,0.0,-0.0,285.027587890625,0.7872206568717957,0.3454258441925049,0.314452588558197,296.9853515625,297.1499938964844,293.1499938964844,0.0,-0.0,285.0290832519531,0.8943130373954773,0.5123609900474548,0.4880691468715668,297.3741760253906,297.1499938964844,293.1499938964844,0.0,-0.0,285.0299377441406,0.9990000128746032,0.8012259006500244,0.5020027756690979,297.091064453125,297.1499938964844,293.1499938964844,0.0,-0.0,285.0274658203125,0.7813755869865417,0.3379162549972534,0.3239973187446594,297.08135986328125,297.1499938964844,293.1499938964844,0.0,-0.0,285.0245666503906,0.6742422580718994,0.2148002982139587,0.9870814681053162,285.0287780761719,284.95001220703125,298.316162109375,288.0565795898437,297.5025939941406,297.19244384765625,285.035400390625,1.0,0.6075735688209534,0.3758065104484558,0.3758065104484558,1.0,1.0,-3.140754222869873,0.8665739893913269,2.2741801738739014,0.1586284786462783,0.8949326276779175,0.8949326276779175,0.0,187.8969116210937,160.0,40896.78515625,0.0,2772.024169921875,1.0,280.89813232421875,283.5746765136719,290.9586486816406,293.4890441894531,293.1499938964844,293.1499938964844,280.95001220703125,36029.11328125,36000.0,313.1499938964844,0.0,18000.0,1.0,0.0,0.0,0.0,1.0,0.9602803587913512,1.0,0.0,0.0,3.6285133361816406,3.628537178039551,8.785182217252441e-07,4.265924453735352,4.265914440155029,9.78592834144365e-06,0.0,0.0,-0.0,5586.25,0.0,1509.611328125,1895.4371337890625,0.0,3955.084716796875,0.9005425572395325,1.0,0.0,3.0,1.0,0.0
12158760,297.0386962890625,297.1499938964844,293.1499938964844,0.0,-0.0,285.06475830078125,0.7928010821342468,0.3452942073345184,0.3141333758831024,296.9914245605469,297.1499938964844,293.1499938964844,0.0,-0.0,285.0648803710937,0.9005702137947083,0.5119142532348633,0.4874268770217895,297.4132385253906,297.1499938964844,293.1499938964844,0.0,-0.0,285.06494140625,0.9990000128746032,0.806480348110199,0.4912723004817962,297.0952453613281,297.1499938964844,293.1499938964844,0.0,-0.0,285.06475830078125,0.7870103120803833,0.3379547595977783,0.3238030672073364,297.0848388671875,297.1499938964844,293.1499938964844,0.0,-0.0,285.0644836425781,0.6790307760238647,0.2147058099508285,0.9854865074157716,285.0648498535156,284.95001220703125,298.2906799316406,288.0474548339844,297.5130615234375,297.2167053222656,285.0651550292969,1.0,0.6021892428398132,0.3760962188243866,0.3760962188243866,1.0,1.0,-3.124545097351074,0.8619219064712524,2.262623071670532,0.1577294468879699,0.8961036205291748,0.8961036205291748,0.0,182.0133514404297,163.0,40637.60546875,0.0,2708.18359375,1.0,280.9415283203125,283.614990234375,290.9755554199219,293.5350341796875,293.1499938964844,293.1499938964844,281.25,35940.62109375,36000.0,313.1499938964844,0.0,18000.0,1.0,0.0,0.0,0.0,1.0,0.9541032314300536,1.0,0.0,0.0,3.630476474761963,3.630500316619873,8.794690415925288e-07,4.265924453735352,4.265914440155029,9.78592834144365e-06,0.0,0.0,-0.0,5316.1650390625,0.0,1511.1141357421875,1895.4371337890625,0.0,3899.850830078125,0.9008868336677552,1.0,0.0,3.0,1.0,0.0
12158820,297.0521545410156,297.1499938964844,293.1499938964844,0.0,-0.0,285.2426147460937,0.7996743321418762,0.3452468812465668,0.3137955963611603,297.0051574707031,297.1499938964844,293.1499938964844,0.0,-0.0,285.2428283691406,0.9083155393600464,0.511293888092041,0.4865162372589111,297.485595703125,297.1499938964844,293.1499938964844,0.0,-0.0,285.242919921875,0.9990000128746032,0.8171638250350952,0.4785539507865906,297.1052551269531,297.1499938964844,293.1499938964844,0.0,-0.0,285.2425842285156,0.7941079139709473,0.3382718861103058,0.3237834870815277,297.0938720703125,297.1499938964844,293.1499938964844,0.0,-0.0,285.2421569824219,0.6851086616516113,0.2147935628890991,0.9843289256095886,285.2427673339844,284.95001220703125,298.2377624511719,288.0281066894531,297.5346069335937,297.266357421875,285.2436828613281,1.0,0.5964158773422241,0.3766755759716034,0.3766755759716034,1.0,1.0,-3.1063156127929688,0.8574252724647522,2.2488903999328613,0.1573310792446136,0.9014893770217896,0.9014893770217896,0.0,175.22384643554688,166.0,39553.7890625,0.0,2636.214111328125,1.0,281.2416076660156,283.8358459472656,290.9654541015625,293.4516296386719,293.1499938964844,293.1499938964844,280.95001220703125,35707.30859375,36000.0,313.1499938964844,0.0,18000.0,1.0,0.0,0.0,0.0,1.0,0.9387114644050598,1.0,0.0,0.0,3.640726804733277,3.6407506465911865,8.84442215465242e-07,4.265924453735352,4.265914440155029,9.78592834144365e-06,0.0,0.0,-0.0,5856.4970703125,0.0,1520.691650390625,1895.4371337890625,0.0,3760.7216796875,0.9030201435089112,1.0,0.0,3.0,1.0,0.0
12158880,297.0521545410156,297.1499938964844,293.1499938964844,0.0,-0.0,285.2426147460937,0.7996743321418762,0.3452468812465668,0.3137955963611603,297.0051574707031,297.1499938964844,293.1499938964844,0.0,-0.0,285.2428283691406,0.9083155393600464,0.511293888092041,0.4865162372589111,297.485595703125,297.1499938964844,293.1499938964844,0.0,-0.0,285.242919921875,0.9990000128746032,0.8171638250350952,0.4785539507865906,297.1052551269531,297.1499938964844,293.1499938964844,0.0,-0.0,285.2425842285156,0.7941079139709473,0.3382718861103058,0.3237834870815277,297.0938720703125,297.1499938964844,293.1499938964844,0.0,-0.0,285.2421569824219,0.6851086616516113,0.2147935628890991,0.9843289256095886,285.2427673339844,284.95001220703125,298.2377624511719,288.0281066894531,297.5346069335937,297.266357421875,285.2436828613281,1.0,0.5964158773422241,0.3766755759716034,0.3766755759716034,1.0,1.0,-3.1063156127929688,0.8574252724647522,2.2488903999328613,0.1573310792446136,0.9014893770217896,0.9014893770217896,0.0,175.22384643554688,166.0,39553.7890625,0.0,2636.214111328125,1.0,281.2416076660156,283.8358459472656,290.9654541015625,293.4516296386719,293.1499938964844,293.1499938964844,280.95001220703125,35707.30859375,36000.0,313.1499938964844,0.0,18000.0,1.0,0.0,0.0,0.0,1.0,0.9387114644050598,1.0,0.0,0.0,3.640726804733277,3.6407506465911865,8.84442215465242e-07,4.265924453735352,4.265914440155029,9.78592834144365e-06,0.0,0.0,-0.0,5856.4970703125,0.0,1520.691650390625,1895.4371337890625,0.0,3760.7216796875,0.9030201435089112,1.0,0.0,3.0,1.0,0.0
12158940,297.0487060546875,297.1499938964844,293.1499938964844,0.0,-0.0,285.0581970214844,0.8016703724861145,0.3436790108680725,0.3127798736095428,297.0021667480469,297.1499938964844,293.1499938964844,0.0,-0.0,285.0578308105469,0.9107573628425598,0.5091792345046997,0.4849491715431213,297.512939453125,297.1499938964844,293.1499938964844,0.0,-0.0,285.0576477050781,0.9990000128746032,0.8242417573928833,0.4735482335090637,297.1036071777344,297.1499938964844,293.1499938964844,0.0,-0.0,285.0581970214844,0.796644926071167,0.3375559151172638,0.323387861251831,297.0950927734375,297.1499938964844,293.1499938964844,0.0,-0.0,285.0588684082031,0.6872404217720032,0.2142195403575897,0.982562780380249,285.05792236328125,284.95001220703125,298.1823425292969,288.0072631835937,297.530517578125,297.2816467285156,285.0559997558594,1.0,0.5934399962425232,0.3772549331188202,0.3772549331188202,1.0,1.0,-3.094594955444336,0.8550772666931152,2.2395176887512207,0.157907485961914,0.9014376997947692,0.9014376997947692,0.0,172.4274139404297,169.0,40411.97265625,0.0,2598.619873046875,1.0,280.9578552246094,283.6089782714844,291.0491943359375,293.6579284667969,293.1499938964844,293.1499938964844,280.6499938964844,35819.42578125,36000.0,313.1499938964844,0.0,18000.0,1.0,0.0,0.0,0.0,1.0,0.9516862034797668,1.0,0.0,0.0,3.64826774597168,3.648291826248169,8.88109923380398e-07,4.265924453735352,4.265914440155029,9.78592834144365e-06,0.0,0.0,-0.0,5997.80859375,0.0,1529.891845703125,1895.4371337890625,0.0,3878.139892578125,0.9047549366950988,1.0,0.0,3.0,1.0,0.0
12159000,297.0487060546875,297.1499938964844,293.1499938964844,0.0,-0.0,285.0581970214844,0.8016703724861145,0.3436790108680725,0.3127798736095428,297.0021667480469,297.1499938964844,293.1499938964844,0.0,-0.0,285.0578308105469,0.9107573628425598,0.5091792345046997,0.4849491715431213,297.512939453125,297.1499938964844,293.1499938964844,0.0,-0.0,285.0576477050781,0.9990000128746032,0.8242417573928833,0.4735482335090637,297.1036071777344,297.1499938964844,293.1499938964844,0.0,-0.0,285.0581970214844,0.796644926071167,0.3375559151172638,0.323387861251831,297.0950927734375,297.1499938964844,293.1499938964844,0.0,-0.0,285.0588684082031,0.6872404217720032,0.2142195403575897,0.982562780380249,285.05792236328125,284.95001220703125,298.1823425292969,288.0072631835937,297.530517578125,297.2816467285156,285.0559997558594,1.0,0.5934399962425232,0.3772549331188202,0.3772549331188202,1.0,1.0,-3.094594955444336,0.8550772666931152,2.2395176887512207,0.157907485961914,0.9014376997947692,0.9014376997947692,0.0,172.4274139404297,169.0,40411.97265625,0.0,2598.619873046875,1.0,280.9578552246094,283.6089782714844,291.0491943359375,293.6579284667969,293.1499938964844,293.1499938964844,280.6499938964844,35819.42578125,36000.0,313.1499938964844,0.0,18000.0,1.0,0.0,0.0,0.0,1.0,0.9516862034797668,1.0,0.0,0.0,3.64826774597168,3.648291826248169,8.88109923380398e-07,4.265924453735352,4.265914440155029,9.78592834144365e-06,0.0,0.0,-0.0,5997.80859375,0.0,1529.891845703125,1895.4371337890625,0.0,3878.139892578125,0.9047549366950988,1.0,0.0,3.0,1.0,0.0
12159060,297.03302001953125,297.1499938964844,293.1499938964844,0.0,-0.0,284.85723876953125,0.7988541722297668,0.3408141732215881,0.3104715645313263,296.9852905273437,297.1499938964844,293.1499938964844,0.0,-0.0,284.8568115234375,0.9076997637748718,0.5056080222129822,0.4819060266017914,297.4998474121094,297.1499938964844,293.1499938964844,0.0,-0.0,284.8565979003906,0.9990000128746032,0.8275474309921265,0.4749034345149994,297.09039306640625,297.1499938964844,293.1499938964844,0.0,-0.0,284.85723876953125,0.7945675849914551,0.3356405198574066,0.3218556642532348,297.08648681640625,297.1499938964844,293.1499938964844,0.0,-0.0,284.8580322265625,0.6850854754447937,0.2126609683036804,0.9767274856567384,284.8569030761719,284.95001220703125,298.1244201660156,287.9848937988281,297.5027770996094,297.2655029296875,284.8548583984375,1.0,0.5918136835098267,0.3775469064712524,0.3775469064712524,1.0,1.0,-3.0809359550476074,0.8512993454933167,2.2296366691589355,0.1574948281049728,0.8985568881034851,0.8985568881034851,0.0,172.52088928222656,172.0,41328.4765625,0.0,2572.761962890625,1.0,280.65826416015625,283.3697509765625,291.04595947265625,293.7335205078125,293.1499938964844,293.1499938964844,280.95001220703125,36028.515625,36000.0,313.1499938964844,0.0,18000.0,1.0,0.0,0.0,0.0,1.0,0.9674401879310608,1.0,0.0,0.0,3.647924900054932,3.647948741912842,8.879429174157849e-07,4.265924453735352,4.265914440155029,9.78592834144365e-06,0.0,0.0,-0.0,5424.90576171875,0.0,1531.07421875,1895.4371337890625,0.0,4018.624267578125,0.904814064502716,1.0,0.0,3.0,1.0,0.0
12159120,297.03302001953125,297.1499938964844,293.1499938964844,0.0,-0.0,284.85723876953125,0.7988541722297668,0.3408141732215881,0.3104715645313263,296.9852905273437,297.1499938964844,293.1499938964844,0.0,-0.0,284.8568115234375,0.9076997637748718,0.5056080222129822,0.4819060266017914,297.4998474121094,297.1499938964844,293.1499938964844,0.0,-0.0,284.8565979003906,0.9990000128746032,0.8275474309921265,0.4749034345149994,297.09039306640625,297.1499938964844,293.1499938964844,0.0,-0.0,284.85723876953125,0.7945675849914551,0.3356405198574066,0.3218556642532348,297.08648681640625,297.1499938964844,293.1499938964844,0.0,-0.0,284.8580322265625,0.6850854754447937,0.2126609683036804,0.9767274856567384,284.8569030761719,284.95001220703125,298.1244201660156,287.9848937988281,297.5027770996094,297.2655029296875,284.8548583984375,1.0,0.5918136835098267,0.3775469064712524,0.3775469064712524,1.0,1.0,-3.0809359550476074,0.8512993454933167,2.2296366691589355,0.1574948281049728,0.8985568881034851,0.8985568881034851,0.0,172.52088928222656,172.0,41328.4765625,0.0,2572.761962890625,1.0,280.65826416015625,283.3697509765625,291.04595947265625,293.7335205078125,293.1499938964844,293.1499938964844,280.95001220703125,36028.515625,36000.0,313.1499938964844,0.0,18000.0,1.0,0.0,0.0,0.0,1.0,0.9674401879310608,1.0,0.0,0.0,3.647924900054932,3.647948741912842,8.879429174157849e-07,4.265924453735352,4.265914440155029,9.78592834144365e-06,0.0,0.0,-0.0,5424.90576171875,0.0,1531.07421875,1895.4371337890625,0.0,4018.624267578125,0.904814064502716,1.0,0.0,3.0,1.0,0.0
12159180,297.0294189453125,297.1499938964844,293.1499938964844,0.0,-0.0,285.0092468261719,0.7952305674552917,0.3389509618282318,0.3085053265094757,296.9799194335937,297.1499938964844,293.1499938964844,0.0,-0.0,285.0093994140625,0.903602123260498,0.5029569268226624,0.4791032373905182,297.4889831542969,297.1499938964844,293.1499938964844,0.0,-0.0,285.0094909667969,0.9990000128746032,0.8308601975440979,0.4781892597675323,297.08416748046875,297.1499938964844,293.1499938964844,0.0,-0.0,285.0092468261719,0.7914091944694519,0.3342389166355133,0.320343941450119,297.0807800292969,297.1499938964844,293.1499938964844,0.0,-0.0,285.0088806152344,0.6817550659179688,0.2112701386213302,0.970113217830658,285.0093688964844,284.95001220703125,298.0639953613281,287.9609069824219,297.48126220703125,297.2586669921875,285.01007080078125,1.0,0.5910277366638184,0.3778388500213623,0.3778388500213623,1.0,1.0,-3.0693767070770264,0.8482010960578918,2.2211754322052,0.1571637541055679,0.9006039500236511,0.9006039500236511,0.0,173.59947204589844,175.0,40115.8359375,0.0,2556.270751953125,1.0,280.9421691894531,283.5668640136719,290.9219665527344,293.47235107421875,293.1499938964844,293.1499938964844,280.6499938964844,35927.71875,36000.0,313.1499938964844,0.0,18000.0,1.0,0.0,0.0,0.0,1.0,0.9554709196090698,1.0,0.0,0.0,3.64989709854126,3.64992094039917,8.889032869774383e-07,4.265924453735352,4.265914440155029,9.78592834144365e-06,0.0,0.0,-0.0,5919.14892578125,0.0,1532.51318359375,1895.4371337890625,0.0,3912.1123046875,0.9052124619483948,1.0,0.0,3.0,1.0,0.0
12159240,297.0294189453125,297.1499938964844,293.1499938964844,0.0,-0.0,285.0092468261719,0.7952305674552917,0.3389509618282318,0.3085053265094757,296.9799194335937,297.1499938964844,293.1499938964844,0.0,-0.0,285.0093994140625,0.903602123260498,0.5029569268226624,0.4791032373905182,297.4889831542969,297.1499938964844,293.1499938964844,0.0,-0.0,285.0094909667969,0.9990000128746032,0.8308601975440979,0.4781892597675323,297.08416748046875,297.1499938964844,293.1499938964844,0.0,-0.0,285.0092468261719,0.7914091944694519,0.3342389166355133,0.320343941450119,297.0807800292969,297.1499938964844,293.1499938964844,0.0,-0.0,285.0088806152344,0.6817550659179688,0.2112701386213302,0.970113217830658,285.0093688964844,284.95001220703125,298.0639953613281,287.9609069824219,297.48126220703125,297.2586669921875,285.01007080078125,1.0,0.5910277366638184,0.3778388500213623,0.3778388500213623,1.0,1.0,-3.0693767070770264,0.8482010960578918,2.2211754322052,0.1571637541055679,0.9006039500236511,0.9006039500236511,0.0,173.59947204589844,175.0,40115.8359375,0.0,2556.270751953125,1.0,280.9421691894531,283.5668640136719,290.9219665527344,293.47235107421875,293.1499938964844,293.1499938964844,280.6499938964844,35927.71875,36000.0,313.1499938964844,0.0,18000.0,1.0,0.0,0.0,0.0,1.0,0.9554709196090698,1.0,0.0,0.0,3.64989709854126,3.64992094039917,8.889032869774383e-07,4.265924453735352,4.265914440155029,9.78592834144365e-06,0.0,0.0,-0.0,5919.14892578125,0.0,1532.51318359375,1895.4371337890625,0.0,3912.1123046875,0.9052124619483948,1.0,0.0,3.0,1.0,0.0
12159300,297.0262451171875,297.1499938964844,293.1499938964844,0.0,-0.0,284.8809509277344,0.793573796749115,0.3378791511058807,0.3077780604362488,296.97637939453125,297.1499938964844,293.1499938964844,0.0,-0.0,284.87921142578125,0.9017293453216552,0.5015353560447693,0.4779981672763824,297.4797668457031,297.1499938964844,293.1499938964844,0.0,-0.0,284.8782653808594,0.9990000128746032,0.8321070671081543,0.4799691438674927,297.08087158203125,297.1499938964844,293.1499938964844,0.0,-0.0,284.88104248046875,0.7899470329284668,0.3335008025169372,0.3198080956935882,297.077880859375,297.1499938964844,293.1499938964844,0.0,-0.0,284.8844299316406,0.6801854968070984,0.2105469554662704,0.9674307107925416,284.87957763671875,284.95001220703125,298.0328369140625,287.9483337402344,297.4682922363281,297.2526550292969,284.8714599609375,1.0,0.5909429788589478,0.3779848217964172,0.3779848217964172,1.0,1.0,-3.065445899963379,0.8472689390182495,2.218177080154419,0.1572546362876892,0.8988944292068481,0.8988944292068481,0.0,174.2848663330078,175.0,40974.31640625,0.0,2552.347900390625,1.0,280.6986999511719,283.3999938964844,290.9757080078125,293.657470703125,293.1499938964844,293.1499938964844,280.6499938964844,36011.25390625,36000.0,313.1499938964844,0.0,18000.0,1.0,0.0,0.0,0.0,1.0,0.961553692817688,1.0,0.0,0.0,3.649739980697632,3.649764060974121,8.888268325790705e-07,4.265924453735352,4.265914440155029,9.78592834144365e-06,0.0,0.0,-0.0,5766.03515625,0.0,1532.9635009765625,1895.4371337890625,0.0,3966.42333984375,0.9051836133003236,1.0,0.0,3.0,1.0,0.0
12159360,297.0194702148437,297.1499938964844,293.1499938964844,0.0,-0.0,284.8271179199219,0.7910540699958801,0.3364292979240417,0.3066531717777252,296.9691162109375,297.1499938964844,293.1499938964844,0.0,-0.0,284.82672119140625,0.8990158438682556,0.4997241497039795,0.4764872193336487,297.4638366699219,297.1499938964844,293.1499938964844,0.0,-0.0,284.8265075683594,0.9990000128746032,0.832633912563324,0.4826663434505462,297.0749206542969,297.1499938964844,293.1499938964844,0.0,-0.0,284.8271179199219,0.7877475023269653,0.3324794471263885,0.3190010488033294,297.0729675292969,297.1499938964844,293.1499938964844,0.0,-0.0,284.827880859375,0.6779454350471497,0.2096088230609893,0.9638670086860656,284.8268127441406,284.95001220703125,298.0010681152344,287.9353332519531,297.450439453125,297.2401428222656,284.8249206542969,1.0,0.5909135937690735,0.3781102299690246,0.3781102299690246,1.0,1.0,-3.060267925262451,0.8458619713783264,2.214406013488769,0.1571642756462097,0.8975037932395935,0.8975037932395935,0.0,175.35784912109375,178.0,40995.30859375,0.0,2548.079833984375,1.0,280.65771484375,283.3476867675781,290.9666442871094,293.6186218261719,293.1499938964844,293.1499938964844,280.95001220703125,36099.3828125,36000.0,313.1499938964844,0.0,18000.0,1.0,0.0,0.0,0.0,1.0,0.9652730822563172,1.0,0.0,0.0,3.647087574005127,3.647111415863037,8.875353501025529e-07,4.265924453735352,4.265914440155029,9.78592834144365e-06,0.0,0.0,-0.0,5382.01806640625,0.0,1530.673583984375,1895.4371337890625,0.0,3999.448974609375,0.9046788811683656,1.0,0.0,3.0,1.0,0.0
12159420,297.017333984375,297.1499938964844,293.1499938964844,0.0,-0.0,284.981201171875,0.7863613367080688,0.3345444202423095,0.3047614991664886,296.9657897949219,297.1499938964844,293.1499938964844,0.0,-0.0,284.9813842773437,0.8938303589820862,0.4970803558826446,0.4737922251224518,297.4447021484375,297.1499938964844,293.1499938964844,0.0,-0.0,284.9814758300781,0.9990000128746032,0.8346484303474426,0.4880848526954651,297.0707092285156,297.1499938964844,293.1499938964844,0.0,-0.0,284.981201171875,0.7835374474525452,0.3310889303684234,0.3175727128982544,297.0678100585937,297.1499938964844,293.1499938964844,0.0,-0.0,284.9808349609375,0.6735593676567078,0.2081021070480346,0.9569626450538636,284.9813537597656,284.95001220703125,297.93560791015625,287.9080810546875,297.4247741699219,297.2294921875,284.9820861816406,1.0,0.5910947322845459,0.3783610761165619,0.3783610761165619,1.0,1.0,-3.0512454509735107,0.8434944152832031,2.207751035690308,0.156992569565773,0.8991937637329102,0.8991937637329102,0.0,177.58387756347656,181.0,39786.56640625,0.0,2542.527099609375,1.0,280.942138671875,283.5473327636719,290.8642578125,293.3898010253906,293.1499938964844,293.1499938964844,281.25,35985.4296875,36000.0,313.1499938964844,0.0,18000.0,1.0,0.0,0.0,0.0,1.0,0.9527729153633118,1.0,0.0,0.0,3.64689564704895,3.646919488906861,8.874418995219457e-07,4.265924453735352,4.265914440155029,9.78592834144365e-06,0.0,0.0,-0.0,5231.04931640625,0.0,1529.6085205078125,1895.4371337890625,0.0,3887.908203125,0.9045827388763428,1.0,0.0,3.0,1.0,0.0
12159480,297.017333984375,297.1499938964844,293.1499938964844,0.0,-0.0,284.981201171875,0.7863613367080688,0.3345444202423095,0.3047614991664886,296.9657897949219,297.1499938964844,293.1499938964844,0.0,-0.0,284.9813842773437,0.8938303589820862,0.4970803558826446,0.4737922251224518,297.4447021484375,297.1499938964844,293.1499938964844,0.0,-0.0,284.9814758300781,0.9990000128746032,0.8346484303474426,0.4880848526954651,297.0707092285156,297.1499938964844,293.1499938964844,0.0,-0.0,284.981201171875,0.7835374474525452,0.3310889303684234,0.3175727128982544,297.0678100585937,297.1499938964844,293.1499938964844,0.0,-0.0,284.9808349609375,0.6735593676567078,0.2081021070480346,0.9569626450538636,284.9813537597656,284.95001220703125,297.93560791015625,287.9080810546875,297.4247741699219,297.2294921875,284.9820861816406,1.0,0.5910947322845459,0.3783610761165619,0.3783610761165619,1.0,1.0,-3.0512454509735107,0.8434944152832031,2.207751035690308,0.156992569565773,0.8991937637329102,0.8991937637329102,0.0,177.58387756347656,181.0,39786.56640625,0.0,2542.527099609375,1.0,280.942138671875,283.5473327636719,290.8642578125,293.3898010253906,293.1499938964844,293.1499938964844,281.25,35985.4296875,36000.0,313.1499938964844,0.0,18000.0,1.0,0.0,0.0,0.0,1.0,0.9527729153633118,1.0,0.0,0.0,3.64689564704895,3.646919488906861,8.874418995219457e-07,4.265924453735352,4.265914440155029,9.78592834144365e-06,0.0,0.0,-0.0,5231.04931640625,0.0,1529.6085205078125,1895.4371337890625,0.0,3887.908203125,0.9045827388763428,1.0,0.0,3.0,1.0,0.0
12159540,297.0242614746094,297.1499938964844,293.1499938964844,0.0,-0.0,285.16070556640625,0.7830919623374939,0.3335593938827514,0.30380380153656,296.9726257324219,297.1499938964844,293.1499938964844,0.0,-0.0,285.16094970703125,0.8899964094161987,0.4954310655593872,0.4721381962299347,297.4396667480469,297.1499938964844,293.1499938964844,0.0,-0.0,285.1610717773437,0.9990000128746032,0.8378574252128601,0.4925111532211303,297.0746459960937,297.1499938964844,293.1499938964844,0.0,-0.0,285.16070556640625,0.7805793881416321,0.3304770886898041,0.3169228732585907,297.0688171386719,297.1499938964844,293.1499938964844,0.0,-0.0,285.1602478027344,0.6703340411186218,0.2071573138236999,0.9525545239448548,285.160888671875,284.95001220703125,297.8676452636719,287.879150390625,297.40838623046875,297.2325744628906,285.161865234375,1.0,0.591785728931427,0.3786119222640991,0.3786119222640991,1.0,1.0,-3.047341823577881,0.842850387096405,2.20449161529541,0.157389834523201,0.9034996628761292,0.9034996628761292,0.0,179.5640869140625,184.0,38705.5546875,0.0,2545.416748046875,1.0,281.24176025390625,283.7708435058594,290.81768798828125,293.2582397460937,293.1499938964844,293.1499938964844,280.95001220703125,35789.0390625,36000.0,313.1499938964844,0.0,18000.0,1.0,0.0,0.0,0.0,1.0,0.937022864818573,1.0,0.0,0.0,3.6541244983673096,3.654148578643799,8.90963690380886e-07,4.265924453735352,4.265914440155029,9.78592834144365e-06,0.0,0.0,-0.0,5756.81005859375,0.0,1536.181884765625,1895.4371337890625,0.0,3745.340087890625,0.9060711860656738,1.0,0.0,3.0,1.0,0.0
12159600,297.0242614746094,297.1499938964844,293.1499938964844,0.0,-0.0,285.16070556640625,0.7830919623374939,0.3335593938827514,0.30380380153656,296.9726257324219,297.1499938964844,293.1499938964844,0.0,-0.0,285.16094970703125,0.8899964094161987,0.4954310655593872,0.4721381962299347,297.4396667480469,297.1499938964844,293.1499938964844,0.0,-0.0,285.1610717773437,0.9990000128746032,0.8378574252128601,0.4925111532211303,297.0746459960937,297.1499938964844,293.1499938964844,0.0,-0.0,285.16070556640625,0.7805793881416321,0.3304770886898041,0.3169228732585907,297.0688171386719,297.1499938964844,293.1499938964844,0.0,-0.0,285.1602478027344,0.6703340411186218,0.2071573138236999,0.9525545239448548,285.160888671875,284.95001220703125,297.8676452636719,287.879150390625,297.40838623046875,297.2325744628906,285.161865234375,1.0,0.591785728931427,0.3786119222640991,0.3786119222640991,1.0,1.0,-3.047341823577881,0.842850387096405,2.20449161529541,0.157389834523201,0.9034996628761292,0.9034996628761292,0.0,179.5640869140625,184.0,38705.5546875,0.0,2545.416748046875,1.0,281.24176025390625,283.7708435058594,290.81768798828125,293.2582397460937,293.1499938964844,293.1499938964844,280.95001220703125,35789.0390625,36000.0,313.1499938964844,0.0,18000.0,1.0,0.0,0.0,0.0,1.0,0.937022864818573,1.0,0.0,0.0,3.6541244983673096,3.654148578643799,8.90963690380886e-07,4.265924453735352,4.265914440155029,9.78592834144365e-06,0.0,0.0,-0.0,5756.81005859375,0.0,1536.181884765625,1895.4371337890625,0.0,3745.340087890625,0.9060711860656738,1.0,0.0,3.0,1.0,0.0
12159660,297.0176086425781,297.1499938964844,293.1499938964844,0.0,-0.0,284.975341796875,0.77872234582901,0.3313118815422058,0.3023211658000946,296.96630859375,297.1499938964844,293.1499938964844,0.0,-0.0,284.9749450683594,0.8851236701011658,0.492563396692276,0.47000852227211,297.4139404296875,297.1499938964844,293.1499938964844,0.0,-0.0,284.9747009277344,0.9990000128746032,0.8389532566070557,0.4982134997844696,297.0699768066406,297.1499938964844,293.1499938964844,0.0,-0.0,284.975341796875,0.7767756581306458,0.3290649950504303,0.3160234689712524,297.06463623046875,297.1499938964844,293.1499938964844,0.0,-0.0,284.97613525390625,0.6664423942565918,0.2057171612977981,0.9476651549339294,284.9750061035156,284.95001220703125,297.79718017578125,287.84844970703125,297.3765869140625,297.2156066894531,284.9731140136719,1.0,0.5927354693412781,0.3788222372531891,0.3788222372531891,1.0,1.0,-3.0429024696350098,0.8419100642204285,2.2009923458099365,0.1577291041612625,0.9023410081863404,0.9023410081863404,0.0,182.17079162597656,187.0,39558.734375,0.0,2550.522705078125,1.0,280.957763671875,283.5460510253906,290.8888854980469,293.4474182128906,293.1499938964844,293.1499938964844,280.6499938964844,35920.421875,36000.0,313.1499938964844,0.0,18000.0,1.0,0.0,0.0,0.0,1.0,0.9495353698730468,1.0,0.0,0.0,3.657933473587036,3.6579573154449454,8.928219585868646e-07,4.265924453735352,4.265914440155029,9.78592834144365e-06,0.0,0.0,-0.0,5892.63720703125,0.0,1541.416015625,1895.4371337890625,0.0,3858.775634765625,0.9069854617118835,1.0,0.0,3.0,1.0,0.0
12159720,297.0176086425781,297.1499938964844,293.1499938964844,0.0,-0.0,284.975341796875,0.77872234582901,0.3313118815422058,0.3023211658000946,296.96630859375,297.1499938964844,293.1499938964844,0.0,-0.0,284.9749450683594,0.8851236701011658,0.492563396692276,0.47000852227211,297.4139404296875,297.1499938964844,293.1499938964844,0.0,-0.0,284.9747009277344,0.9990000128746032,0.8389532566070557,0.4982134997844696,297.0699768066406,297.1499938964844,293.1499938964844,0.0,-0.0,284.975341796875,0.7767756581306458,0.3290649950504303,0.3160234689712524,297.06463623046875,297.1499938964844,293.1499938964844,0.0,-0.0,284.97613525390625,0.6664423942565918,0.2057171612977981,0.9476651549339294,284.9750061035156,284.95001220703125,297.79718017578125,287.84844970703125,297.3765869140625,297.2156066894531,284.9731140136719,1.0,0.5927354693412781,0.3788222372531891,0.3788222372531891,1.0,1.0,-3.0429024696350098,0.8419100642204285,2.2009923458099365,0.1577291041612625,0.9023410081863404,0.9023410081863404,0.0,182.17079162597656,187.0,39558.734375,0.0,2550.522705078125,1.0,280.957763671875,283.5460510253906,290.8888854980469,293.4474182128906,293.1499938964844,293.1499938964844,280.6499938964844,35920.421875,36000.0,313.1499938964844,0.0,18000.0,1.0,0.0,0.0,0.0,1.0,0.9495353698730468,1.0,0.0,0.0,3.657933473587036,3.6579573154449454,8.928219585868646e-07,4.265924453735352,4.265914440155029,9.78592834144365e-06,0.0,0.0,-0.0,5892.63720703125,0.0,1541.416015625,1895.4371337890625,0.0,3858.775634765625,0.9069854617118835,1.0,0.0,3.0,1.0,0.0
12159780,297.00018310546875,297.1499938964844,293.1499938964844,0.0,-0.0,284.77069091796875,0.7721985578536987,0.3278778195381164,0.2996078431606293,296.9477233886719,297.1499938964844,293.1499938964844,0.0,-0.0,284.7702331542969,0.8781115412712097,0.4883630871772766,0.4664813578128814,297.3649597167969,297.1499938964844,293.1499938964844,0.0,-0.0,284.7699279785156,0.9990000128746032,0.8373539447784424,0.5061512589454651,297.0555725097656,297.1499938964844,293.1499938964844,0.0,-0.0,284.77069091796875,0.7710176110267639,0.326599657535553,0.3140718340873718,297.0528259277344,297.1499938964844,293.1499938964844,0.0,-0.0,284.7715759277344,0.6607277393341064,0.2034448981285095,0.9390824437141418,284.77032470703125,284.95001220703125,297.72418212890625,287.81597900390625,297.3302917480469,297.1795654296875,284.76812744140625,1.0,0.593412458896637,0.379032552242279,0.379032552242279,1.0,1.0,-3.03228497505188,0.8388781547546387,2.193406820297241,0.1573282480239868,0.8982813358306885,0.8982813358306885,0.0,185.668701171875,190.0,40416.9765625,0.0,2548.5166015625,1.0,280.658203125,283.3061218261719,290.8768310546875,293.5106201171875,293.1499938964844,293.1499938964844,280.95001220703125,36145.16015625,36000.0,313.1499938964844,0.0,18000.0,1.0,0.0,0.0,0.0,1.0,0.9652846455574036,1.0,0.0,0.0,3.653287649154663,3.653311729431152,8.905556114768842e-07,4.265924453735352,4.265914440155029,9.78592834144365e-06,0.0,0.0,-0.0,5321.27685546875,0.0,1537.9163818359375,1895.4371337890625,0.0,3999.551025390625,0.9060927629470824,1.0,0.0,3.0,1.0,0.0
12159840,297.00018310546875,297.1499938964844,293.1499938964844,0.0,-0.0,284.77069091796875,0.7721985578536987,0.3278778195381164,0.2996078431606293,296.9477233886719,297.1499938964844,293.1499938964844,0.0,-0.0,284.7702331542969,0.8781115412712097,0.4883630871772766,0.4664813578128814,297.3649597167969,297.1499938964844,293.1499938964844,0.0,-0.0,284.7699279785156,0.9990000128746032,0.8373539447784424,0.5061512589454651,297.0555725097656,297.1499938964844,293.1499938964844,0.0,-0.0,284.77069091796875,0.7710176110267639,0.326599657535553,0.3140718340873718,297.0528259277344,297.1499938964844,293.1499938964844,0.0,-0.0,284.7715759277344,0.6607277393341064,0.2034448981285095,0.9390824437141418,284.77032470703125,284.95001220703125,297.72418212890625,287.81597900390625,297.3302917480469,297.1795654296875,284.76812744140625,1.0,0.593412458896637,0.379032552242279,0.379032552242279,1.0,1.0,-3.03228497505188,0.8388781547546387,2.193406820297241,0.1573282480239868,0.8982813358306885,0.8982813358306885,0.0,185.668701171875,190.0,40416.9765625,0.0,2548.5166015625,1.0,280.658203125,283.3061218261719,290.8768310546875,293.5106201171875,293.1499938964844,293.1499938964844,280.95001220703125,36145.16015625,36000.0,313.1499938964844,0.0,18000.0,1.0,0.0,0.0,0.0,1.0,0.9652846455574036,1.0,0.0,0.0,3.653287649154663,3.653311729431152,8.905556114768842e-07,4.265924453735352,4.265914440155029,9.78592834144365e-06,0.0,0.0,-0.0,5321.27685546875,0.0,1537.9163818359375,1895.4371337890625,0.0,3999.551025390625,0.9060927629470824,1.0,0.0,3.0,1.0,0.0
12159900,296.99560546875,297.1499938964844,293.1499938964844,0.0,-0.0,284.8827209472656,0.7689127922058105,0.3264731168746948,0.2981963753700256,296.94207763671875,297.1499938964844,293.1499938964844,0.0,-0.0,284.8843078613281,0.8745533227920532,0.4865235388278961,0.4646052420139313,297.3446044921875,297.1499938964844,293.1499938964844,0.0,-0.0,284.8853454589844,0.9990000128746032,0.8367100358009338,0.5101935863494873,297.0505065917969,297.1499938964844,293.1499938964844,0.0,-0.0,284.8826904296875,0.7680531144142151,0.3255016207695007,0.3129686415195465,297.0478210449219,297.1499938964844,293.1499938964844,0.0,-0.0,284.8795471191406,0.6577390432357788,0.20233716070652,0.934110462665558,284.884033203125,284.95001220703125,297.686767578125,287.799072265625,297.3102111816406,297.166015625,284.89093017578125,1.0,0.5936357378959656,0.3791376948356628,0.3791376948356628,1.0,1.0,-3.025887250900269,0.8369957804679871,2.1888914108276367,0.1569372713565826,0.8989191651344299,0.8989191651344299,0.0,187.4313201904297,190.0,39372.09375,0.0,2545.526611328125,1.0,280.9013977050781,283.46209716796875,290.77301025390625,293.25506591796875,293.1499938964844,293.1499938964844,280.95001220703125,36103.7109375,36000.0,313.1499938964844,0.0,18000.0,1.0,0.0,0.0,0.0,1.0,0.9582102298736572,1.0,0.0,0.0,3.651013851165772,3.6510379314422607,8.894473921827739e-07,4.265924453735352,4.265914440155029,9.78592834144365e-06,0.0,0.0,-0.0,5436.28173828125,0.0,1535.0731201171875,1895.4371337890625,0.0,3936.615478515625,0.9056100249290466,1.0,0.0,3.0,1.0,0.0
12159960,296.9954528808594,297.1499938964844,293.1499938964844,0.0,-0.0,284.9209899902344,0.7664274573326111,0.3254815340042114,0.2972352504730224,296.94110107421875,297.1499938964844,293.1499938964844,0.0,-0.0,284.921142578125,0.871757447719574,0.485110878944397,0.4631930589675903,297.3312072753906,297.1499938964844,293.1499938964844,0.0,-0.0,284.9212341308594,0.9990000128746032,0.8366257548332214,0.5134938955307007,297.0489196777344,297.1499938964844,293.1499938964844,0.0,-0.0,284.9209899902344,0.7657532691955566,0.3247143924236297,0.31217822432518,297.0452575683594,297.1499938964844,293.1499938964844,0.0,-0.0,284.920654296875,0.6553258299827576,0.2014372795820236,0.930015504360199,284.9211120605469,284.95001220703125,297.6487121582031,287.7816772460937,297.2947692871094,297.1591491699219,284.92169189453125,1.0,0.593903660774231,0.3792679607868194,0.3792679607868194,1.0,1.0,-3.0211257934570312,0.8357300758361816,2.1853957176208496,0.156777486205101,0.8991397023200989,0.8991397023200989,0.0,188.9005279541016,193.0,39157.609375,0.0,2544.11572265625,1.0,280.9422607421875,283.5037841796875,290.7407531738281,293.23516845703125,293.1499938964844,293.1499938964844,281.25,36053.43359375,36000.0,313.1499938964844,0.0,18000.0,1.0,0.0,0.0,0.0,1.0,0.952911615371704,1.0,0.0,0.0,3.650578260421753,3.650602340698242,8.892351957001665e-07,4.265924453735352,4.265914440155029,9.78592834144365e-06,0.0,0.0,-0.0,5159.53759765625,0.0,1534.2119140625,1895.4371337890625,0.0,3889.15380859375,0.905451238155365,1.0,0.0,3.0,1.0,0.0
12160020,297.0015869140625,297.1499938964844,293.1499938964844,0.0,-0.0,285.0981750488281,0.7626215219497681,0.3241361975669861,0.2959543764591217,296.9465637207031,297.1499938964844,293.1499938964844,0.0,-0.0,285.098388671875,0.8673346042633057,0.483007401227951,0.4611105322837829,297.3176574707031,297.1499938964844,293.1499938964844,0.0,-0.0,285.0985412597656,0.9990000128746032,0.8375324606895447,0.5189957618713379,297.0517883300781,297.1499938964844,293.1499938964844,0.0,-0.0,285.0981750488281,0.762229323387146,0.3237153887748718,0.3111700713634491,297.04498291015625,297.1499938964844,293.1499938964844,0.0,-0.0,285.09771728515625,0.6515145301818848,0.2000769823789596,0.9237845540046692,285.0983581542969,284.95001220703125,297.5707092285156,287.7455139160156,297.2709045410156,297.1558532714844,285.0992431640625,1.0,0.5946391820907593,0.3795284628868103,0.3795284628868103,1.0,1.0,-3.0149896144866943,0.8343501091003418,2.1806395053863525,0.1568569391965866,0.9025955200195312,0.9025955200195312,0.0,191.4464263916016,196.0,38036.3203125,0.0,2545.651611328125,1.0,281.2417907714844,283.7266540527344,290.67950439453125,293.0820007324219,293.1499938964844,293.1499938964844,280.95001220703125,35869.34375,36000.0,313.1499938964844,0.0,18000.0,1.0,0.0,0.0,0.0,1.0,0.9360392689704896,1.0,0.0,0.0,3.6548216342926025,3.654845714569092,8.913036140256736e-07,4.265924453735352,4.265914440155029,9.78592834144365e-06,0.0,0.0,-0.0,5672.40576171875,0.0,1537.5606689453125,1895.4371337890625,0.0,3736.3701171875,0.9062814712524414,1.0,0.0,3.0,1.0,0.0
12160080,297.0015869140625,297.1499938964844,293.1499938964844,0.0,-0.0,285.0981750488281,0.7626215219497681,0.3241361975669861,0.2959543764591217,296.9465637207031,297.1499938964844,293.1499938964844,0.0,-0.0,285.098388671875,0.8673346042633057,0.483007401227951,0.4611105322837829,297.3176574707031,297.1499938964844,293.1499938964844,0.0,-0.0,285.0985412597656,0.9990000128746032,0.8375324606895447,0.5189957618713379,297.0517883300781,297.1499938964844,293.1499938964844,0.0,-0.0,285.0981750488281,0.762229323387146,0.3237153887748718,0.3111700713634491,297.04498291015625,297.1499938964844,293.1499938964844,0.0,-0.0,285.09771728515625,0.6515145301818848,0.2000769823789596,0.9237845540046692,285.0983581542969,284.95001220703125,297.5707092285156,287.7455139160156,297.2709045410156,297.1558532714844,285.0992431640625,1.0,0.5946391820907593,0.3795284628868103,0.3795284628868103,1.0,1.0,-3.0149896144866943,0.8343501091003418,2.1806395053863525,0.1568569391965866,0.9025955200195312,0.9025955200195312,0.0,191.4464263916016,196.0,38036.3203125,0.0,2545.651611328125,1.0,281.2417907714844,283.7266540527344,290.67950439453125,293.0820007324219,293.1499938964844,293.1499938964844,280.95001220703125,35869.34375,36000.0,313.1499938964844,0.0,18000.0,1.0,0.0,0.0,0.0,1.0,0.9360392689704896,1.0,0.0,0.0,3.6548216342926025,3.654845714569092,8.913036140256736e-07,4.265924453735352,4.265914440155029,9.78592834144365e-06,0.0,0.0,-0.0,5672.40576171875,0.0,1537.5606689453125,1895.4371337890625,0.0,3736.3701171875,0.9062814712524414,1.0,0.0,3.0,1.0,0.0
12160140,296.9949951171875,297.1499938964844,293.1499938964844,0.0,-0.0,284.9095153808594,0.7581773996353149,0.321607768535614,0.294222891330719,296.9399108886719,297.1499938964844,293.1499938964844,0.0,-0.0,284.9090881347656,0.8623692393302917,0.4797767698764801,0.4586380422115326,297.28515625,297.1499938964844,293.1499938964844,0.0,-0.0,284.9087829589844,0.9990000128746032,0.8363965153694153,0.5251997709274292,297.0468139648437,297.1499938964844,293.1499938964844,0.0,-0.0,284.9095153808594,0.7582892179489136,0.3219829797744751,0.3099704384803772,297.0404968261719,297.1499938964844,293.1499938964844,0.0,-0.0,284.910400390625,0.6474615931510925,0.1982998102903366,0.9173694849014282,284.9091796875,284.95001220703125,297.4902038574219,287.7074584960937,297.2344055175781,297.13623046875,284.9071350097656,1.0,0.5954858064651489,0.3797889947891235,0.3797889947891235,1.0,1.0,-3.008246898651123,0.8327546715736389,2.175492286682129,0.1569716483354568,0.9005357623100281,0.9005357623100281,0.0,194.3656311035156,199.0,38826.94921875,0.0,2547.937744140625,1.0,280.9577941894531,283.5001525878906,290.7443542480469,293.2594909667969,293.1499938964844,293.1499938964844,280.6499938964844,36011.45703125,36000.0,313.1499938964844,0.0,18000.0,1.0,0.0,0.0,0.0,1.0,0.9478145837783812,1.0,0.0,0.0,3.65527081489563,3.655294895172119,8.91522745405382e-07,4.265924453735352,4.265914440155029,9.78592834144365e-06,0.0,0.0,-0.0,5800.55322265625,0.0,1539.12646484375,1895.4371337890625,0.0,3843.252685546875,0.9064515829086304,1.0,0.0,3.0,1.0,0.0
12160200,296.9949951171875,297.1499938964844,293.1499938964844,0.0,-0.0,284.9095153808594,0.7581773996353149,0.321607768535614,0.294222891330719,296.9399108886719,297.1499938964844,293.1499938964844,0.0,-0.0,284.9090881347656,0.8623692393302917,0.4797767698764801,0.4586380422115326,297.28515625,297.1499938964844,293.1499938964844,0.0,-0.0,284.9087829589844,0.9990000128746032,0.8363965153694153,0.5251997709274292,297.0468139648437,297.1499938964844,293.1499938964844,0.0,-0.0,284.9095153808594,0.7582892179489136,0.3219829797744751,0.3099704384803772,297.0404968261719,297.1499938964844,293.1499938964844,0.0,-0.0,284.910400390625,0.6474615931510925,0.1982998102903366,0.9173694849014282,284.9091796875,284.95001220703125,297.4902038574219,287.7074584960937,297.2344055175781,297.13623046875,284.9071350097656,1.0,0.5954858064651489,0.3797889947891235,0.3797889947891235,1.0,1.0,-3.008246898651123,0.8327546715736389,2.175492286682129,0.1569716483354568,0.9005357623100281,0.9005357623100281,0.0,194.3656311035156,199.0,38826.94921875,0.0,2547.937744140625,1.0,280.9577941894531,283.5001525878906,290.7443542480469,293.2594909667969,293.1499938964844,293.1499938964844,280.6499938964844,36011.45703125,36000.0,313.1499938964844,0.0,18000.0,1.0,0.0,0.0,0.0,1.0,0.9478145837783812,1.0,0.0,0.0,3.65527081489563,3.655294895172119,8.91522745405382e-07,4.265924453735352,4.265914440155029,9.78592834144365e-06,0.0,0.0,-0.0,5800.55322265625,0.0,1539.12646484375,1895.4371337890625,0.0,3843.252685546875,0.9064515829086304,1.0,0.0,3.0,1.0,0.0
12160260,296.9778747558594,297.1499938964844,293.1499938964844,0.0,-0.0,284.702880859375,0.7520028948783875,0.3179164528846741,0.2912842333316803,296.92144775390625,297.1499938964844,293.1499938964844,0.0,-0.0,284.7024230957031,0.8557270765304565,0.4752549827098846,0.454810619354248,297.22998046875,297.1499938964844,293.1499938964844,0.0,-0.0,284.7020568847656,0.9990000128746032,0.8325356245040894,0.5332112908363342,297.0326232910156,297.1499938964844,293.1499938964844,0.0,-0.0,284.702880859375,0.7528122663497925,0.3192445039749145,0.3077613115310669,297.029052734375,297.1499938964844,293.1499938964844,0.0,-0.0,284.703857421875,0.6420319080352783,0.195761576294899,0.9075648784637452,284.7024841308594,284.95001220703125,297.4071655273437,287.6674499511719,297.1849670410156,297.0996398925781,284.7002258300781,1.0,0.5959860682487488,0.3800498247146606,0.3800498247146606,1.0,1.0,-2.9953083992004395,0.829056441783905,2.1662518978118896,0.1563373506069183,0.8955579996109009,0.8955579996109009,0.0,198.0207672119141,187.0,39636.61328125,0.0,2542.331787109375,1.0,280.6582336425781,283.2596435546875,290.7267761230469,293.3139343261719,293.1499938964844,293.1499938964844,280.95001220703125,36246.03125,36000.0,313.1499938964844,0.0,18000.0,1.0,0.0,0.0,0.0,1.0,0.9632893800735474,1.0,0.0,0.0,3.646893739700317,3.646917819976807,8.874411037140817e-07,4.265924453735352,4.265914440155029,9.78592834144365e-06,0.0,0.0,-0.0,5233.0625,0.0,1531.5548095703125,1895.4371337890625,0.0,3981.85302734375,0.90473210811615,1.0,0.0,3.0,1.0,0.0
12160320,296.9778747558594,297.1499938964844,293.1499938964844,0.0,-0.0,284.702880859375,0.7520028948783875,0.3179164528846741,0.2912842333316803,296.92144775390625,297.1499938964844,293.1499938964844,0.0,-0.0,284.7024230957031,0.8557270765304565,0.4752549827098846,0.454810619354248,297.22998046875,297.1499938964844,293.1499938964844,0.0,-0.0,284.7020568847656,0.9990000128746032,0.8325356245040894,0.5332112908363342,297.0326232910156,297.1499938964844,293.1499938964844,0.0,-0.0,284.702880859375,0.7528122663497925,0.3192445039749145,0.3077613115310669,297.029052734375,297.1499938964844,293.1499938964844,0.0,-0.0,284.703857421875,0.6420319080352783,0.195761576294899,0.9075648784637452,284.7024841308594,284.95001220703125,297.4071655273437,287.6674499511719,297.1849670410156,297.0996398925781,284.7002258300781,1.0,0.5959860682487488,0.3800498247146606,0.3800498247146606,1.0,1.0,-2.9953083992004395,0.829056441783905,2.1662518978118896,0.1563373506069183,0.8955579996109009,0.8955579996109009,0.0,198.0207672119141,187.0,39636.61328125,0.0,2542.331787109375,1.0,280.6582336425781,283.2596435546875,290.7267761230469,293.3139343261719,293.1499938964844,293.1499938964844,280.95001220703125,36246.03125,36000.0,313.1499938964844,0.0,18000.0,1.0,0.0,0.0,0.0,1.0,0.9632893800735474,1.0,0.0,0.0,3.646893739700317,3.646917819976807,8.874411037140817e-07,4.265924453735352,4.265914440155029,9.78592834144365e-06,0.0,0.0,-0.0,5233.0625,0.0,1531.5548095703125,1895.4371337890625,0.0,3981.85302734375,0.90473210811615,1.0,0.0,3.0,1.0,0.0
12160380,296.97320556640625,297.1499938964844,293.1499938964844,0.0,-0.0,284.84552001953125,0.7504568696022034,0.315243512392044,0.2884966731071472,296.91461181640625,297.1499938964844,293.1499938964844,0.0,-0.0,284.8455810546875,0.8542910218238831,0.471648097038269,0.4510212540626526,297.2025451660156,297.1499938964844,293.1499938964844,0.0,-0.0,284.8456115722656,0.9990000128746032,0.830712080001831,0.5315012335777283,297.02593994140625,297.1499938964844,293.1499938964844,0.0,-0.0,284.84552001953125,0.7517414093017578,0.3170666396617889,0.3054224550724029,297.0219421386719,297.1499938964844,293.1499938964844,0.0,-0.0,284.8453369140625,0.6401683688163757,0.1934976875782013,0.8965021967887878,284.8455810546875,284.95001220703125,297.3216552734375,287.62548828125,297.1485290527344,297.0818786621094,284.8456115722656,1.0,0.5912805795669556,0.3803106546401977,0.3803106546401977,1.0,1.0,-2.9692506790161133,0.820888876914978,2.148361921310425,0.1542370468378067,0.8953699469566345,0.8953699469566345,0.0,196.1201934814453,175.0,38240.515625,0.0,2484.170166015625,1.0,280.9421081542969,283.45135498046875,290.5813293457031,293.0243225097656,293.1499938964844,293.1499938964844,281.25,36162.9921875,36000.0,313.1499938964844,0.0,18000.0,1.0,0.0,0.0,0.0,1.0,0.9503079056739808,1.0,0.0,0.0,3.640158653259277,3.640182733535767,8.841662406666728e-07,4.265924453735352,4.265914440155029,9.78592834144365e-06,0.0,0.0,-0.0,5062.54296875,0.0,1523.46337890625,1895.4371337890625,0.0,3865.7353515625,0.9031957983970642,1.0,0.0,3.0,1.0,0.0
12160440,296.97320556640625,297.1499938964844,293.1499938964844,0.0,-0.0,284.84552001953125,0.7504568696022034,0.315243512392044,0.2884966731071472,296.91461181640625,297.1499938964844,293.1499938964844,0.0,-0.0,284.8455810546875,0.8542910218238831,0.471648097038269,0.4510212540626526,297.2025451660156,297.1499938964844,293.1499938964844,0.0,-0.0,284.8456115722656,0.9990000128746032,0.830712080001831,0.5315012335777283,297.02593994140625,297.1499938964844,293.1499938964844,0.0,-0.0,284.84552001953125,0.7517414093017578,0.3170666396617889,0.3054224550724029,297.0219421386719,297.1499938964844,293.1499938964844,0.0,-0.0,284.8453369140625,0.6401683688163757,0.1934976875782013,0.8965021967887878,284.8455810546875,284.95001220703125,297.3216552734375,287.62548828125,297.1485290527344,297.0818786621094,284.8456115722656,1.0,0.5912805795669556,0.3803106546401977,0.3803106546401977,1.0,1.0,-2.9692506790161133,0.820888876914978,2.148361921310425,0.1542370468378067,0.8953699469566345,0.8953699469566345,0.0,196.1201934814453,175.0,38240.515625,0.0,2484.170166015625,1.0,280.9421081542969,283.45135498046875,290.5813293457031,293.0243225097656,293.1499938964844,293.1499938964844,281.25,36162.9921875,36000.0,313.1499938964844,0.0,18000.0,1.0,0.0,0.0,0.0,1.0,0.9503079056739808,1.0,0.0,0.0,3.640158653259277,3.640182733535767,8.841662406666728e-07,4.265924453735352,4.265914440155029,9.78592834144365e-06,0.0,0.0,-0.0,5062.54296875,0.0,1523.46337890625,1895.4371337890625,0.0,3865.7353515625,0.9031957983970642,1.0,0.0,3.0,1.0,0.0
12160500,296.9755249023437,297.1499938964844,293.1499938964844,0.0,-0.0,284.9713134765625,0.7514634728431702,0.3143483996391296,0.287475049495697,296.9161376953125,297.1499938964844,293.1499938964844,0.0,-0.0,284.9730834960937,0.8555127382278442,0.4703030586242676,0.4495197832584381,297.2060241699219,297.1499938964844,293.1499938964844,0.0,-0.0,284.9743957519531,0.9990000128746032,0.8313789367675781,0.5274131894111633,297.0263366699219,297.1499938964844,293.1499938964844,0.0,-0.0,284.9713439941406,0.7528951168060303,0.3163187503814697,0.3045185208320617,297.0213317871094,297.1499938964844,293.1499938964844,0.0,-0.0,284.9676208496094,0.6406656503677368,0.1926240622997284,0.8917655348777771,284.9728088378906,284.95001220703125,297.2779541015625,287.6037292480469,297.1377868652344,297.08367919921875,284.9801940917969,1.0,0.5878276228904724,0.3804410696029663,0.3804410696029663,1.0,1.0,-2.9545249938964844,0.8162246942520142,2.1383001804351807,0.1529128551483154,0.8967428207397461,0.8967428207397461,0.0,193.4281311035156,175.0,37178.65625,0.0,2443.53662109375,1.0,281.198486328125,283.6224670410156,290.5127868652344,292.8287048339844,293.1499938964844,293.1499938964844,281.25,36070.2578125,36000.0,313.1499938964844,0.0,18000.0,1.0,0.0,0.0,0.0,1.0,0.9387778639793396,1.0,0.0,0.0,3.63894295692444,3.6389667987823486,8.835756943881279e-07,4.265924453735352,4.265914440155029,9.78592834144365e-06,0.0,0.0,-0.0,5193.1396484375,0.0,1521.42578125,1895.4371337890625,0.0,3761.32666015625,0.9028998613357544,1.0,0.0,3.0,1.0,0.0
12160560,296.9798583984375,297.1499938964844,293.1499938964844,0.0,-0.0,285.00927734375,0.7534604668617249,0.3136698305606842,0.2867063879966736,296.9199523925781,297.1499938964844,293.1499938964844,0.0,-0.0,285.0093688964844,0.8578079342842102,0.4691972136497497,0.448300689458847,297.2187805175781,297.1499938964844,293.1499938964844,0.0,-0.0,285.0094299316406,0.9990000128746032,0.8329825401306152,0.5216917991638184,297.02862548828125,297.1499938964844,293.1499938964844,0.0,-0.0,285.00927734375,0.7549967169761658,0.3157599866390228,0.303819328546524,297.0224304199219,297.1499938964844,293.1499938964844,0.0,-0.0,285.009033203125,0.641987681388855,0.1919175535440445,0.8877679109573364,285.0093688964844,284.95001220703125,297.2336120605469,287.5814819335937,297.13134765625,297.0916748046875,285.00946044921875,1.0,0.583874523639679,0.3807365000247955,0.3807365000247955,1.0,1.0,-2.939613342285156,0.8118990659713745,2.127714395523072,0.1519533842802047,0.8975527286529541,0.8975527286529541,0.0,189.910873413086,178.0,36915.453125,0.0,2398.78564453125,1.0,281.2416381835937,283.6639709472656,290.5079345703125,292.848388671875,293.1499938964844,293.1499938964844,281.54998779296875,35991.84765625,36000.0,313.1499938964844,0.0,18000.0,1.0,0.0,0.0,0.0,1.0,0.931916117668152,1.0,0.0,0.0,3.639893293380737,3.639917135238648,8.840373197926965e-07,4.265924453735352,4.265914440155029,9.78592834144365e-06,0.0,0.0,-0.0,4937.48876953125,0.0,1521.892578125,1895.4371337890625,0.0,3698.69189453125,0.9030249118804932,1.0,0.0,3.0,1.0,0.0
12160620,296.9911499023437,297.1499938964844,293.1499938964844,0.0,-0.0,285.1839599609375,0.7550788521766663,0.312654048204422,0.2855916321277618,296.93096923828125,297.1499938964844,293.1499938964844,0.0,-0.0,285.18414306640625,0.8595566153526306,0.4673928320407867,0.4463694095611572,297.2522888183594,297.1499938964844,293.1499938964844,0.0,-0.0,285.18426513671875,0.9990000128746032,0.8372494578361511,0.516234278678894,297.0361328125,297.1499938964844,293.1499938964844,0.0,-0.0,285.1839599609375,0.7568123936653137,0.3149780929088592,0.3028676509857178,297.02789306640625,297.1499938964844,293.1499938964844,0.0,-0.0,285.1835632324219,0.6428044438362122,0.190849557518959,0.8819500803947449,285.1841125488281,284.95001220703125,297.14306640625,287.5354309082031,297.1231384277344,297.1147766113281,285.1847229003906,1.0,0.5798943638801575,0.381327360868454,0.381327360868454,1.0,1.0,-2.921237230300904,0.8071966171264648,2.1140406131744385,0.1511788070201873,0.9021421670913696,0.9021421670913696,0.0,186.41873168945312,181.0,35802.69921875,0.0,2348.4013671875,1.0,281.54168701171875,283.88555908203125,290.4654235839844,292.7278747558594,293.1499938964844,293.1499938964844,281.25,35776.96875,36000.0,313.1499938964844,0.0,18000.0,1.0,0.0,0.0,0.0,1.0,0.9147493839263916,1.0,0.0,0.0,3.647570848464966,3.647594690322876,8.877706250132178e-07,4.265924453735352,4.265914440155029,9.78592834144365e-06,0.0,0.0,-0.0,5429.8994140625,0.0,1528.7999267578125,1895.4371337890625,0.0,3540.626220703125,0.9045975804328918,1.0,0.0,3.0,1.0,0.0
12160680,296.9911499023437,297.1499938964844,293.1499938964844,0.0,-0.0,285.1839599609375,0.7550788521766663,0.312654048204422,0.2855916321277618,296.93096923828125,297.1499938964844,293.1499938964844,0.0,-0.0,285.18414306640625,0.8595566153526306,0.4673928320407867,0.4463694095611572,297.2522888183594,297.1499938964844,293.1499938964844,0.0,-0.0,285.18426513671875,0.9990000128746032,0.8372494578361511,0.516234278678894,297.0361328125,297.1499938964844,293.1499938964844,0.0,-0.0,285.1839599609375,0.7568123936653137,0.3149780929088592,0.3028676509857178,297.02789306640625,297.1499938964844,293.1499938964844,0.0,-0.0,285.1835632324219,0.6428044438362122,0.190849557518959,0.8819500803947449,285.1841125488281,284.95001220703125,297.14306640625,287.5354309082031,297.1231384277344,297.1147766113281,285.1847229003906,1.0,0.5798943638801575,0.381327360868454,0.381327360868454,1.0,1.0,-2.921237230300904,0.8071966171264648,2.1140406131744385,0.1511788070201873,0.9021421670913696,0.9021421670913696,0.0,186.41873168945312,181.0,35802.69921875,0.0,2348.4013671875,1.0,281.54168701171875,283.88555908203125,290.4654235839844,292.7278747558594,293.1499938964844,293.1499938964844,281.25,35776.96875,36000.0,313.1499938964844,0.0,18000.0,1.0,0.0,0.0,0.0,1.0,0.9147493839263916,1.0,0.0,0.0,3.647570848464966,3.647594690322876,8.877706250132178e-07,4.265924453735352,4.265914440155029,9.78592834144365e-06,0.0,0.0,-0.0,5429.8994140625,0.0,1528.7999267578125,1895.4371337890625,0.0,3540.626220703125,0.9045975804328918,1.0,0.0,3.0,1.0,0.0
12160740,296.9873046875,297.1499938964844,293.1499938964844,0.0,-0.0,284.985595703125,0.7538390755653381,0.3102753162384033,0.2838992774486542,296.92724609375,297.1499938964844,293.1499938964844,0.0,-0.0,284.9850769042969,0.8582345247268677,0.4642634391784668,0.443895012140274,297.2507019042969,297.1499938964844,293.1499938964844,0.0,-0.0,284.9847106933594,0.9990000128746032,0.8384336829185486,0.5157825350761414,297.0334167480469,297.1499938964844,293.1499938964844,0.0,-0.0,284.9855651855469,0.7559949159622192,0.3132784366607666,0.3016009032726288,297.02740478515625,297.1499938964844,293.1499938964844,0.0,-0.0,284.98663330078125,0.6415525078773499,0.1892669051885604,0.87586510181427,284.98516845703125,284.95001220703125,297.04998779296875,287.4873046875,297.09619140625,297.1131896972656,284.9827575683594,1.0,0.5777468681335449,0.3819182217121124,0.3819182217121124,1.0,1.0,-2.9068522453308105,0.8038236498832703,2.1030285358428955,0.1510646194219589,0.9010388851165771,0.9010388851165771,0.0,185.64224243164065,184.0,36471.7578125,0.0,2319.03857421875,1.0,281.2578125,283.6488647460937,290.5301208496094,292.9034118652344,293.1499938964844,293.1499938964844,280.95001220703125,35910.7578125,36000.0,313.1499938964844,0.0,18000.0,1.0,0.0,0.0,0.0,1.0,0.9280757308006288,1.0,0.0,0.0,3.651823043823242,3.651846885681152,8.898416581359925e-07,4.265924453735352,4.265914440155029,9.78592834144365e-06,0.0,0.0,-0.0,5544.5517578125,0.0,1534.529541015625,1895.4371337890625,0.0,3663.490966796875,0.9056106209754944,1.0,0.0,3.0,1.0,0.0
12160800,296.9873046875,297.1499938964844,293.1499938964844,0.0,-0.0,284.985595703125,0.7538390755653381,0.3102753162384033,0.2838992774486542,296.92724609375,297.1499938964844,293.1499938964844,0.0,-0.0,284.9850769042969,0.8582345247268677,0.4642634391784668,0.443895012140274,297.2507019042969,297.1499938964844,293.1499938964844,0.0,-0.0,284.9847106933594,0.9990000128746032,0.8384336829185486,0.5157825350761414,297.0334167480469,297.1499938964844,293.1499938964844,0.0,-0.0,284.9855651855469,0.7559949159622192,0.3132784366607666,0.3016009032726288,297.02740478515625,297.1499938964844,293.1499938964844,0.0,-0.0,284.98663330078125,0.6415525078773499,0.1892669051885604,0.87586510181427,284.98516845703125,284.95001220703125,297.04998779296875,287.4873046875,297.09619140625,297.1131896972656,284.9827575683594,1.0,0.5777468681335449,0.3819182217121124,0.3819182217121124,1.0,1.0,-2.9068522453308105,0.8038236498832703,2.1030285358428955,0.1510646194219589,0.9010388851165771,0.9010388851165771,0.0,185.64224243164065,184.0,36471.7578125,0.0,2319.03857421875,1.0,281.2578125,283.6488647460937,290.5301208496094,292.9034118652344,293.1499938964844,293.1499938964844,280.95001220703125,35910.7578125,36000.0,313.1499938964844,0.0,18000.0,1.0,0.0,0.0,0.0,1.0,0.9280757308006288,1.0,0.0,0.0,3.651823043823242,3.651846885681152,8.898416581359925e-07,4.265924453735352,4.265914440155029,9.78592834144365e-06,0.0,0.0,-0.0,5544.5517578125,0.0,1534.529541015625,1895.4371337890625,0.0,3663.490966796875,0.9056106209754944,1.0,0.0,3.0,1.0,0.0
12160860,296.9715576171875,297.1499938964844,293.1499938964844,0.0,-0.0,284.7669982910156,0.7494659423828125,0.3066256642341614,0.2809345126152038,296.9101867675781,297.1499938964844,293.1499938964844,0.0,-0.0,284.76641845703125,0.8536437749862671,0.4597249329090118,0.4399876892566681,297.21441650390625,297.1499938964844,293.1499938964844,0.0,-0.0,284.7659912109375,0.9990000128746032,0.8360608816146851,0.5197091698646545,297.0201416015625,297.1499938964844,293.1499938964844,0.0,-0.0,284.7669677734375,0.7522345781326294,0.3104631304740906,0.2992549836635589,297.01873779296875,297.1499938964844,293.1499938964844,0.0,-0.0,284.76812744140625,0.6377456188201904,0.1868422776460647,0.8662489652633667,284.7665100097656,284.95001220703125,296.9544677734375,287.4375305175781,297.05084228515625,297.0871276855469,284.7640380859375,1.0,0.5763712525367737,0.3825206160545349,0.3825206160545349,1.0,1.0,-2.888937473297119,0.7992550134658813,2.089682340621948,0.1505281329154968,0.8968175649642944,0.8968175649642944,0.0,186.9550018310547,187.0,37133.92578125,0.0,2294.048583984375,1.0,280.958251953125,283.3956604003906,290.5001525878906,292.93756103515625,293.1499938964844,293.1499938964844,281.25,36148.41796875,36000.0,313.1499938964844,0.0,18000.0,1.0,0.0,0.0,0.0,1.0,0.9443983435630798,1.0,0.0,0.0,3.647096157073975,3.6471199989318848,8.875394996721298e-07,4.265924453735352,4.265914440155029,9.78592834144365e-06,0.0,0.0,-0.0,4991.61865234375,0.0,1531.0498046875,1895.4371337890625,0.0,3812.36083984375,0.9047091603279114,1.0,0.0,3.0,1.0,0.0
12160920,296.9715576171875,297.1499938964844,293.1499938964844,0.0,-0.0,284.7669982910156,0.7494659423828125,0.3066256642341614,0.2809345126152038,296.9101867675781,297.1499938964844,293.1499938964844,0.0,-0.0,284.76641845703125,0.8536437749862671,0.4597249329090118,0.4399876892566681,297.21441650390625,297.1499938964844,293.1499938964844,0.0,-0.0,284.7659912109375,0.9990000128746032,0.8360608816146851,0.5197091698646545,297.0201416015625,297.1499938964844,293.1499938964844,0.0,-0.0,284.7669677734375,0.7522345781326294,0.3104631304740906,0.2992549836635589,297.01873779296875,297.1499938964844,293.1499938964844,0.0,-0.0,284.76812744140625,0.6377456188201904,0.1868422776460647,0.8662489652633667,284.7665100097656,284.95001220703125,296.9544677734375,287.4375305175781,297.05084228515625,297.0871276855469,284.7640380859375,1.0,0.5763712525367737,0.3825206160545349,0.3825206160545349,1.0,1.0,-2.888937473297119,0.7992550134658813,2.089682340621948,0.1505281329154968,0.8968175649642944,0.8968175649642944,0.0,186.9550018310547,187.0,37133.92578125,0.0,2294.048583984375,1.0,280.958251953125,283.3956604003906,290.5001525878906,292.93756103515625,293.1499938964844,293.1499938964844,281.25,36148.41796875,36000.0,313.1499938964844,0.0,18000.0,1.0,0.0,0.0,0.0,1.0,0.9443983435630798,1.0,0.0,0.0,3.647096157073975,3.6471199989318848,8.875394996721298e-07,4.265924453735352,4.265914440155029,9.78592834144365e-06,0.0,0.0,-0.0,4991.61865234375,0.0,1531.0498046875,1895.4371337890625,0.0,3812.36083984375,0.9047091603279114,1.0,0.0,3.0,1.0,0.0
12160980,296.96795654296875,297.1499938964844,293.1499938964844,0.0,-0.0,284.9201354980469,0.7450271844863892,0.3039810359477997,0.2782957851886749,296.9045104980469,297.1499938964844,293.1499938964844,0.0,-0.0,284.9202880859375,0.8487852811813354,0.4560921788215637,0.4362993538379669,297.1882019042969,297.1499938964844,293.1499938964844,0.0,-0.0,284.92041015625,0.9990000128746032,0.834194540977478,0.5245397090911865,297.01416015625,297.1499938964844,293.1499938964844,0.0,-0.0,284.9201354980469,0.7481610774993896,0.3081981539726257,0.2969618141651153,297.0135498046875,297.1499938964844,293.1499938964844,0.0,-0.0,284.9197692871094,0.6335368752479553,0.1846450716257095,0.8561603426933289,284.9202575683594,284.95001220703125,296.8565673828125,287.38671875,297.012451171875,297.07135009765625,284.9208679199219,1.0,0.5754789710044861,0.3831230103969574,0.3831230103969574,1.0,1.0,-2.8722500801086426,0.795095682144165,2.077154397964477,0.1499886661767959,0.897678554058075,0.897678554058075,0.0,188.7908935546875,190.0,35948.1484375,0.0,2273.994873046875,1.0,281.2421264648437,283.5976257324219,290.3407897949219,292.6407775878906,293.1499938964844,293.1499938964844,281.54998779296875,36055.07421875,36000.0,313.1499938964844,0.0,18000.0,1.0,0.0,0.0,0.0,1.0,0.9307937026023864,1.0,0.0,0.0,3.644268035888672,3.644291877746582,8.86163547875185e-07,4.265924453735352,4.265914440155029,9.78592834144365e-06,0.0,0.0,-0.0,4836.30078125,0.0,1527.2120361328125,1895.4371337890625,0.0,3688.414306640625,0.904041349887848,1.0,0.0,3.0,1.0,0.0
12161040,296.96795654296875,297.1499938964844,293.1499938964844,0.0,-0.0,284.9201354980469,0.7450271844863892,0.3039810359477997,0.2782957851886749,296.9045104980469,297.1499938964844,293.1499938964844,0.0,-0.0,284.9202880859375,0.8487852811813354,0.4560921788215637,0.4362993538379669,297.1882019042969,297.1499938964844,293.1499938964844,0.0,-0.0,284.92041015625,0.9990000128746032,0.834194540977478,0.5245397090911865,297.01416015625,297.1499938964844,293.1499938964844,0.0,-0.0,284.9201354980469,0.7481610774993896,0.3081981539726257,0.2969618141651153,297.0135498046875,297.1499938964844,293.1499938964844,0.0,-0.0,284.9197692871094,0.6335368752479553,0.1846450716257095,0.8561603426933289,284.9202575683594,284.95001220703125,296.8565673828125,287.38671875,297.012451171875,297.07135009765625,284.9208679199219,1.0,0.5754789710044861,0.3831230103969574,0.3831230103969574,1.0,1.0,-2.8722500801086426,0.795095682144165,2.077154397964477,0.1499886661767959,0.897678554058075,0.897678554058075,0.0,188.7908935546875,190.0,35948.1484375,0.0,2273.994873046875,1.0,281.2421264648437,283.5976257324219,290.3407897949219,292.6407775878906,293.1499938964844,293.1499938964844,281.54998779296875,36055.07421875,36000.0,313.1499938964844,0.0,18000.0,1.0,0.0,0.0,0.0,1.0,0.9307937026023864,1.0,0.0,0.0,3.644268035888672,3.644291877746582,8.86163547875185e-07,4.265924453735352,4.265914440155029,9.78592834144365e-06,0.0,0.0,-0.0,4836.30078125,0.0,1527.2120361328125,1895.4371337890625,0.0,3688.414306640625,0.904041349887848,1.0,0.0,3.0,1.0,0.0
12161100,296.9706726074219,297.1499938964844,293.1499938964844,0.0,-0.0,285.0552673339844,0.7433322072029114,0.3030933737754822,0.2774041891098022,296.9065856933594,297.1499938964844,293.1499938964844,0.0,-0.0,285.0572814941406,0.8468300104141235,0.454736977815628,0.434914231300354,297.1820983886719,297.1499938964844,293.1499938964844,0.0,-0.0,285.05877685546875,0.9990000128746032,0.8338310122489929,0.5266509652137756,297.0149230957031,297.1499938964844,293.1499938964844,0.0,-0.0,285.05535888671875,0.7465522289276123,0.3074095249176025,0.2961451411247253,297.0135498046875,297.1499938964844,293.1499938964844,0.0,-0.0,285.0510559082031,0.6317957043647766,0.1837784349918365,0.8520990610122681,285.0569763183594,284.95001220703125,296.8067932128906,287.36090087890625,296.9971008300781,297.069091796875,285.0653991699219,1.0,0.5752770304679871,0.3834242224693298,0.3834242224693298,1.0,1.0,-2.866185426712036,0.7937917113304138,2.072393655776977,0.1499836295843124,0.8997065424919128,0.8997065424919128,0.0,189.64749145507807,190.0,35045.94921875,0.0,2267.67431640625,1.0,281.4986267089844,283.7779541015625,290.2686767578125,292.4496459960937,293.1499938964844,293.1499938964844,281.54998779296875,35953.10546875,36000.0,313.1499938964844,0.0,18000.0,1.0,0.0,0.0,0.0,1.0,0.9191405773162842,1.0,0.0,0.0,3.6452841758728014,3.645308256149292,8.866578582455986e-07,4.265924453735352,4.265914440155029,9.78592834144365e-06,0.0,0.0,-0.0,4968.73828125,0.0,1527.577880859375,1895.4371337890625,0.0,3581.22509765625,0.9042387008666992,1.0,0.0,3.0,1.0,0.0
12161160,296.9752197265625,297.1499938964844,293.1499938964844,0.0,-0.0,285.10009765625,0.7419668436050415,0.3024051785469055,0.2767797112464905,296.9107971191406,297.1499938964844,293.1499938964844,0.0,-0.0,285.1003112792969,0.8451850414276123,0.4536091387271881,0.4338323473930359,297.1792907714844,297.1499938964844,293.1499938964844,0.0,-0.0,285.1004333496094,0.9990000128746032,0.8337607383728027,0.5285513401031494,297.0174560546875,297.1499938964844,293.1499938964844,0.0,-0.0,285.10009765625,0.7452327609062195,0.3068037331104278,0.2955580651760101,297.01495361328125,297.1499938964844,293.1499938964844,0.0,-0.0,285.0996398925781,0.6303191781044006,0.1830534636974334,0.8488060832023621,285.10028076171875,284.95001220703125,296.7564697265625,287.3348693847656,296.9836120605469,297.0697631835937,285.1009826660156,1.0,0.5752491354942322,0.3837274014949798,0.3837274014949798,1.0,1.0,-2.861752510070801,0.793050229549408,2.068702220916748,0.1501742452383041,0.901189625263214,0.901189625263214,0.0,190.4608459472656,178.0,34879.0390625,0.0,2263.978759765625,1.0,281.5418395996094,283.82440185546875,290.2629699707031,292.4739074707031,293.1499938964844,293.1499938964844,281.25,35866.328125,36000.0,313.1499938964844,0.0,18000.0,1.0,0.0,0.0,0.0,1.0,0.912592887878418,1.0,0.0,0.0,3.64862060546875,3.6486446857452393,8.882816473487765e-07,4.265924453735352,4.265914440155029,9.78592834144365e-06,0.0,0.0,-0.0,5313.76171875,0.0,1530.6346435546875,1895.4371337890625,0.0,3520.6513671875,0.9048916101455688,1.0,0.0,3.0,1.0,0.0
12161220,296.9697570800781,297.1499938964844,293.1499938964844,0.0,-0.0,284.89532470703125,0.7418318390846252,0.2996566295623779,0.2746618986129761,296.9048767089844,297.1499938964844,293.1499938964844,0.0,-0.0,284.89471435546875,0.8452128767967224,0.4500019252300262,0.4308074414730072,297.1575927734375,297.1499938964844,293.1499938964844,0.0,-0.0,284.89422607421875,0.9990000128746032,0.8319477438926697,0.5248117446899414,297.0126953125,297.1499938964844,293.1499938964844,0.0,-0.0,284.8952941894531,0.7454780340194702,0.3046570122241974,0.2937724590301513,297.0118713378906,297.1499938964844,293.1499938964844,0.0,-0.0,284.8966064453125,0.6297472715377808,0.1810406744480133,0.8403579592704773,284.8948059082031,284.95001220703125,296.6543273925781,287.2821044921875,296.9457702636719,297.056640625,284.891845703125,1.0,0.5703763365745544,0.3843337893486023,0.3843337893486023,1.0,1.0,-2.838800430297852,0.7866873145103455,2.0521130561828613,0.1491559147834777,0.898853063583374,0.898853063583374,0.0,187.681869506836,166.0,35428.6484375,0.0,2211.104736328125,1.0,281.2578125,283.5829772949219,290.31890869140625,292.63140869140625,293.1499938964844,293.1499938964844,281.54998779296875,36023.2890625,36000.0,313.1499938964844,0.0,18000.0,1.0,0.0,0.0,0.0,1.0,0.92460036277771,1.0,0.0,0.0,3.6487796306610094,3.6488037109375,8.883591249286837e-07,4.265924453735352,4.265914440155029,9.78592834144365e-06,0.0,0.0,-0.0,4818.67919921875,0.0,1531.9854736328125,1895.4371337890625,0.0,3631.55126953125,0.9050044417381288,1.0,0.0,3.0,1.0,0.0
12161280,296.9697570800781,297.1499938964844,293.1499938964844,0.0,-0.0,284.89532470703125,0.7418318390846252,0.2996566295623779,0.2746618986129761,296.9048767089844,297.1499938964844,293.1499938964844,0.0,-0.0,284.89471435546875,0.8452128767967224,0.4500019252300262,0.4308074414730072,297.1575927734375,297.1499938964844,293.1499938964844,0.0,-0.0,284.89422607421875,0.9990000128746032,0.8319477438926697,0.5248117446899414,297.0126953125,297.1499938964844,293.1499938964844,0.0,-0.0,284.8952941894531,0.7454780340194702,0.3046570122241974,0.2937724590301513,297.0118713378906,297.1499938964844,293.1499938964844,0.0,-0.0,284.8966064453125,0.6297472715377808,0.1810406744480133,0.8403579592704773,284.8948059082031,284.95001220703125,296.6543273925781,287.2821044921875,296.9457702636719,297.056640625,284.891845703125,1.0,0.5703763365745544,0.3843337893486023,0.3843337893486023,1.0,1.0,-2.838800430297852,0.7866873145103455,2.0521130561828613,0.1491559147834777,0.898853063583374,0.898853063583374,0.0,187.681869506836,166.0,35428.6484375,0.0,2211.104736328125,1.0,281.2578125,283.5829772949219,290.31890869140625,292.63140869140625,293.1499938964844,293.1499938964844,281.54998779296875,36023.2890625,36000.0,313.1499938964844,0.0,18000.0,1.0,0.0,0.0,0.0,1.0,0.92460036277771,1.0,0.0,0.0,3.6487796306610094,3.6488037109375,8.883591249286837e-07,4.265924453735352,4.265914440155029,9.78592834144365e-06,0.0,0.0,-0.0,4818.67919921875,0.0,1531.9854736328125,1895.4371337890625,0.0,3631.55126953125,0.9050044417381288,1.0,0.0,3.0,1.0,0.0
12161340,296.9695129394531,297.1499938964844,293.1499938964844,0.0,-0.0,285.0412902832031,0.7438235878944397,0.2973330020904541,0.2721300423145294,296.9033203125,297.1499938964844,293.1499938964844,0.0,-0.0,285.04132080078125,0.8477970957756042,0.4467237293720245,0.42727130651474,297.1626281738281,297.1499938964844,293.1499938964844,0.0,-0.0,285.0413513183594,0.9990000128746032,0.8325085043907166,0.5155544281005859,297.01031494140625,297.1499938964844,293.1499938964844,0.0,-0.0,285.0412902832031,0.7478818893432617,0.3026670217514038,0.2915330529212951,297.01007080078125,297.1499938964844,293.1499938964844,0.0,-0.0,285.0411376953125,0.630866289138794,0.1790998429059982,0.8302328586578369,285.04132080078125,284.95001220703125,296.5502624511719,287.2284240722656,296.917724609375,297.0573425292969,285.0411682128906,1.0,0.5625714063644409,0.3849401772022247,0.3849401772022247,1.0,1.0,-2.805523633956909,0.7767468690872192,2.0287766456604004,0.1465976387262344,0.9012985229492188,0.9012985229492188,0.0,181.72625732421875,169.0,34185.2734375,0.0,2126.559326171875,1.0,281.54217529296875,283.7784423828125,290.1832275390625,292.37322998046875,293.1499938964844,293.1499938964844,281.25,35904.625,36000.0,313.1499938964844,0.0,18000.0,1.0,0.0,0.0,0.0,1.0,0.9118059277534484,1.0,0.0,0.0,3.651599884033203,3.651623964309693,8.897329735191306e-07,4.265924453735352,4.265914440155029,9.78592834144365e-06,0.0,0.0,-0.0,5247.51904296875,0.0,1534.2353515625,1895.4371337890625,0.0,3513.355712890625,0.9055781364440918,1.0,0.0,3.0,1.0,0.0
12161400,296.9695129394531,297.1499938964844,293.1499938964844,0.0,-0.0,285.0412902832031,0.7438235878944397,0.2973330020904541,0.2721300423145294,296.9033203125,297.1499938964844,293.1499938964844,0.0,-0.0,285.04132080078125,0.8477970957756042,0.4467237293720245,0.42727130651474,297.1626281738281,297.1499938964844,293.1499938964844,0.0,-0.0,285.0413513183594,0.9990000128746032,0.8325085043907166,0.5155544281005859,297.01031494140625,297.1499938964844,293.1499938964844,0.0,-0.0,285.0412902832031,0.7478818893432617,0.3026670217514038,0.2915330529212951,297.01007080078125,297.1499938964844,293.1499938964844,0.0,-0.0,285.0411376953125,0.630866289138794,0.1790998429059982,0.8302328586578369,285.04132080078125,284.95001220703125,296.5502624511719,287.2284240722656,296.917724609375,297.0573425292969,285.0411682128906,1.0,0.5625714063644409,0.3849401772022247,0.3849401772022247,1.0,1.0,-2.805523633956909,0.7767468690872192,2.0287766456604004,0.1465976387262344,0.9012985229492188,0.9012985229492188,0.0,181.72625732421875,169.0,34185.2734375,0.0,2126.559326171875,1.0,281.54217529296875,283.7784423828125,290.1832275390625,292.37322998046875,293.1499938964844,293.1499938964844,281.25,35904.625,36000.0,313.1499938964844,0.0,18000.0,1.0,0.0,0.0,0.0,1.0,0.9118059277534484,1.0,0.0,0.0,3.651599884033203,3.651623964309693,8.897329735191306e-07,4.265924453735352,4.265914440155029,9.78592834144365e-06,0.0,0.0,-0.0,5247.51904296875,0.0,1534.2353515625,1895.4371337890625,0.0,3513.355712890625,0.9055781364440918,1.0,0.0,3.0,1.0,0.0
12161460,296.9623413085937,297.1499938964844,293.1499938964844,0.0,-0.0,284.8309020996094,0.7435110211372375,0.2943357825279236,0.2696957290172577,296.89501953125,297.1499938964844,293.1499938964844,0.0,-0.0,284.8302917480469,0.8476759791374207,0.44277423620224,0.4238259196281433,297.16021728515625,297.1499938964844,293.1499938964844,0.0,-0.0,284.8298034667969,0.9990000128746032,0.8324640393257141,0.5116251707077026,297.0032958984375,297.1499938964844,293.1499938964844,0.0,-0.0,284.83087158203125,0.7479369640350342,0.300197035074234,0.2893781363964081,297.0060119628906,297.1499938964844,293.1499938964844,0.0,-0.0,284.8321838378906,0.6301271319389343,0.1769255995750427,0.8208238482475281,284.83038330078125,284.95001220703125,296.4444274902344,287.1739807128906,296.88525390625,297.0531005859375,284.8275451660156,1.0,0.5579648613929749,0.3857646882534027,0.3857646882534027,1.0,1.0,-2.7798280715942383,0.7699241042137146,2.009904146194458,0.1453056931495666,0.8980426788330078,0.8980426788330078,0.0,178.79641723632812,172.0,34689.46484375,0.0,2070.38671875,1.0,281.2578125,283.5340576171875,290.20672607421875,292.4797058105469,293.1499938964844,293.1499938964844,281.54998779296875,36092.11328125,36000.0,313.1499938964844,0.0,18000.0,1.0,0.0,0.0,0.0,1.0,0.9223912358283995,1.0,0.0,0.0,3.6491858959198,3.649209976196289,8.885569400263194e-07,4.265924453735352,4.265914440155029,9.78592834144365e-06,0.0,0.0,-0.0,4746.11376953125,0.0,1532.9520263671875,1895.4371337890625,0.0,3611.2099609375,0.9051405191421508,1.0,0.0,3.0,1.0,0.0
12161520,296.9623413085937,297.1499938964844,293.1499938964844,0.0,-0.0,284.8309020996094,0.7435110211372375,0.2943357825279236,0.2696957290172577,296.89501953125,297.1499938964844,293.1499938964844,0.0,-0.0,284.8302917480469,0.8476759791374207,0.44277423620224,0.4238259196281433,297.16021728515625,297.1499938964844,293.1499938964844,0.0,-0.0,284.8298034667969,0.9990000128746032,0.8324640393257141,0.5116251707077026,297.0032958984375,297.1499938964844,293.1499938964844,0.0,-0.0,284.83087158203125,0.7479369640350342,0.300197035074234,0.2893781363964081,297.0060119628906,297.1499938964844,293.1499938964844,0.0,-0.0,284.8321838378906,0.6301271319389343,0.1769255995750427,0.8208238482475281,284.83038330078125,284.95001220703125,296.4444274902344,287.1739807128906,296.88525390625,297.0531005859375,284.8275451660156,1.0,0.5579648613929749,0.3857646882534027,0.3857646882534027,1.0,1.0,-2.7798280715942383,0.7699241042137146,2.009904146194458,0.1453056931495666,0.8980426788330078,0.8980426788330078,0.0,178.79641723632812,172.0,34689.46484375,0.0,2070.38671875,1.0,281.2578125,283.5340576171875,290.20672607421875,292.4797058105469,293.1499938964844,293.1499938964844,281.54998779296875,36092.11328125,36000.0,313.1499938964844,0.0,18000.0,1.0,0.0,0.0,0.0,1.0,0.9223912358283995,1.0,0.0,0.0,3.6491858959198,3.649209976196289,8.885569400263194e-07,4.265924453735352,4.265914440155029,9.78592834144365e-06,0.0,0.0,-0.0,4746.11376953125,0.0,1532.9520263671875,1895.4371337890625,0.0,3611.2099609375,0.9051405191421508,1.0,0.0,3.0,1.0,0.0
12161580,296.9620056152344,297.1499938964844,293.1499938964844,0.0,-0.0,284.9857788085937,0.7413116097450256,0.2919082641601562,0.267232745885849,296.8931579589844,297.1499938964844,293.1499938964844,0.0,-0.0,284.9859313964844,0.8453444838523865,0.4393374919891357,0.4203002154827118,297.15631103515625,297.1499938964844,293.1499938964844,0.0,-0.0,284.98602294921875,0.9990000128746032,0.8321821689605713,0.5117616057395935,297.00006103515625,297.1499938964844,293.1499938964844,0.0,-0.0,284.9857788085937,0.7460099458694458,0.2979989945888519,0.2871136665344238,297.00408935546875,297.1499938964844,293.1499938964844,0.0,-0.0,284.98541259765625,0.6277455687522888,0.1748972982168197,0.8111603856086731,284.98590087890625,284.95001220703125,296.3369445800781,287.1187744140625,296.8533630371094,297.0502319335937,284.986328125,1.0,0.5550324320793152,0.3865891993045807,0.3865891993045807,1.0,1.0,-2.7584519386291504,0.7645778059959412,1.993874192237854,0.1445178389549255,0.8997982144355774,0.8997982144355774,0.0,178.0778350830078,175.0,33555.72265625,0.0,2032.416748046875,1.0,281.54217529296875,283.7380065917969,290.0653076171875,292.2140197753906,293.1499938964844,293.1499938964844,281.8500061035156,35978.6015625,36000.0,313.1499938964844,0.0,18000.0,1.0,0.0,0.0,0.0,1.0,0.9076313376426696,1.0,0.0,0.0,3.6491854190826416,3.649209499359131,8.885567694960628e-07,4.265924453735352,4.265914440155029,9.78592834144365e-06,0.0,0.0,-0.0,4603.94970703125,0.0,1532.1025390625,1895.4371337890625,0.0,3474.6083984375,0.9050898551940918,1.0,0.0,3.0,1.0,0.0
12161640,296.9620056152344,297.1499938964844,293.1499938964844,0.0,-0.0,284.9857788085937,0.7413116097450256,0.2919082641601562,0.267232745885849,296.8931579589844,297.1499938964844,293.1499938964844,0.0,-0.0,284.9859313964844,0.8453444838523865,0.4393374919891357,0.4203002154827118,297.15631103515625,297.1499938964844,293.1499938964844,0.0,-0.0,284.98602294921875,0.9990000128746032,0.8321821689605713,0.5117616057395935,297.00006103515625,297.1499938964844,293.1499938964844,0.0,-0.0,284.9857788085937,0.7460099458694458,0.2979989945888519,0.2871136665344238,297.00408935546875,297.1499938964844,293.1499938964844,0.0,-0.0,284.98541259765625,0.6277455687522888,0.1748972982168197,0.8111603856086731,284.98590087890625,284.95001220703125,296.3369445800781,287.1187744140625,296.8533630371094,297.0502319335937,284.986328125,1.0,0.5550324320793152,0.3865891993045807,0.3865891993045807,1.0,1.0,-2.7584519386291504,0.7645778059959412,1.993874192237854,0.1445178389549255,0.8997982144355774,0.8997982144355774,0.0,178.0778350830078,175.0,33555.72265625,0.0,2032.416748046875,1.0,281.54217529296875,283.7380065917969,290.0653076171875,292.2140197753906,293.1499938964844,293.1499938964844,281.8500061035156,35978.6015625,36000.0,313.1499938964844,0.0,18000.0,1.0,0.0,0.0,0.0,1.0,0.9076313376426696,1.0,0.0,0.0,3.6491854190826416,3.649209499359131,8.885567694960628e-07,4.265924453735352,4.265914440155029,9.78592834144365e-06,0.0,0.0,-0.0,4603.94970703125,0.0,1532.1025390625,1895.4371337890625,0.0,3474.6083984375,0.9050898551940918,1.0,0.0,3.0,1.0,0.0
12161700,296.9654846191406,297.1499938964844,293.1499938964844,0.0,-0.0,285.1200256347656,0.7403164505958557,0.2910578846931457,0.2663629651069641,296.8961486816406,297.1499938964844,293.1499938964844,0.0,-0.0,285.1221618652344,0.8441837430000305,0.438002735376358,0.4189239740371704,297.1575012207031,297.1499938964844,293.1499938964844,0.0,-0.0,285.1237487792969,0.9990000128746032,0.8323344588279724,0.5122929215431213,297.0013122558594,297.1499938964844,293.1499938964844,0.0,-0.0,285.1201477050781,0.7450533509254456,0.2971702516078949,0.2862483859062195,297.005126953125,297.1499938964844,293.1499938964844,0.0,-0.0,285.1153869628906,0.6265832185745239,0.1740753948688507,0.8072074055671692,285.121826171875,284.95001220703125,296.2826538085937,287.0909118652344,296.8395690917969,297.05206298828125,285.13067626953125,1.0,0.5541107654571533,0.3870014548301697,0.3870014548301697,1.0,1.0,-2.7505974769592285,0.7628768682479858,1.987720608711243,0.144465759396553,0.9022471308708192,0.9022471308708192,0.0,178.0556640625,175.0,32660.4375,0.0,2019.720458984375,1.0,281.7987976074219,283.91802978515625,289.993408203125,292.0268859863281,293.1499938964844,293.1499938964844,281.8500061035156,35872.8515625,36000.0,313.1499938964844,0.0,18000.0,1.0,0.0,0.0,0.0,1.0,0.8956034183502197,1.0,0.0,0.0,3.651726484298706,3.651750326156616,8.897945917851757e-07,4.265924453735352,4.265914440155029,9.78592834144365e-06,0.0,0.0,-0.0,4728.70263671875,0.0,1534.1383056640625,1895.4371337890625,0.0,3362.568115234375,0.9056251049041748,1.0,0.0,3.0,1.0,0.0
12161760,296.97052001953125,297.1499938964844,293.1499938964844,0.0,-0.0,285.1647644042969,0.7394617795944214,0.2903834581375122,0.2657358646392822,296.9009704589844,297.1499938964844,293.1499938964844,0.0,-0.0,285.1649780273437,0.8431174159049988,0.4368678629398346,0.4178215563297272,297.1600952148437,297.1499938964844,293.1499938964844,0.0,-0.0,285.16510009765625,0.9990000128746032,0.8326395153999329,0.5129832029342651,297.0039978027344,297.1499938964844,293.1499938964844,0.0,-0.0,285.164794921875,0.7441904544830322,0.2964948713779449,0.2855835258960724,297.00732421875,297.1499938964844,293.1499938964844,0.0,-0.0,285.164306640625,0.6255241632461548,0.1733738332986831,0.803943395614624,285.1649475097656,284.95001220703125,296.2279968261719,287.0628967285156,296.8269348144531,297.0557861328125,285.16558837890625,1.0,0.5535062551498413,0.3874364793300628,0.3874364793300628,1.0,1.0,-2.744624137878418,0.7618770599365234,1.982746958732605,0.1446938514709472,0.904160737991333,0.904160737991333,0.0,178.18222045898438,178.0,32488.986328125,0.0,2010.774169921875,1.0,281.8418884277344,283.96337890625,289.987548828125,292.0513000488281,293.1499938964844,293.1499938964844,281.54998779296875,35782.6328125,36000.0,313.1499938964844,0.0,18000.0,1.0,0.0,0.0,0.0,1.0,0.8887993097305298,1.0,0.0,0.0,3.656644582748413,3.6566684246063232,8.921929293137509e-07,4.265924453735352,4.265914440155029,9.78592834144365e-06,0.0,0.0,-0.0,5056.7705078125,0.0,1538.944091796875,1895.4371337890625,0.0,3298.976806640625,0.9066298007965088,1.0,0.0,3.0,1.0,0.0
12161820,296.96612548828125,297.1499938964844,293.1499938964844,0.0,-0.0,284.962890625,0.7361999750137329,0.2876838743686676,0.2637955248355865,296.8963317871094,297.1499938964844,293.1499938964844,0.0,-0.0,284.9623107910156,0.8394443988800049,0.4332663416862488,0.4149409830570221,297.1349792480469,297.1499938964844,293.1499938964844,0.0,-0.0,284.9618530273437,0.9990000128746032,0.8302674889564514,0.5165374875068665,296.99957275390625,297.1499938964844,293.1499938964844,0.0,-0.0,284.9628601074219,0.7411308288574219,0.2942115068435669,0.2838137447834015,297.0057373046875,297.1499938964844,293.1499938964844,0.0,-0.0,284.9641418457031,0.6223196387290955,0.1714144200086593,0.7964237332344055,284.96240234375,284.95001220703125,296.11773681640625,287.00640869140625,296.7863464355469,297.04266357421875,284.9598083496094,1.0,0.5528398752212524,0.3883065581321716,0.3883065581321716,1.0,1.0,-2.731942653656006,0.7596070766448975,1.9723354578018188,0.1451477855443954,0.9027356505393982,0.9027356505393982,0.0,179.51490783691406,181.0,33116.33984375,0.0,1996.833740234375,1.0,281.5577392578125,283.7241516113281,290.04754638671875,292.2141418457031,293.1499938964844,293.1499938964844,281.25,35929.234375,36000.0,313.1499938964844,0.0,18000.0,1.0,0.0,0.0,0.0,1.0,0.9017629027366638,1.0,0.0,0.0,3.660252332687378,3.660276412963867,8.939542794905719e-07,4.265924453735352,4.265914440155029,9.78592834144365e-06,0.0,0.0,-0.0,5161.3740234375,0.0,1544.0736083984375,1895.4371337890625,0.0,3420.01171875,0.9075078964233398,1.0,0.0,3.0,1.0,0.0
12161880,296.96612548828125,297.1499938964844,293.1499938964844,0.0,-0.0,284.962890625,0.7361999750137329,0.2876838743686676,0.2637955248355865,296.8963317871094,297.1499938964844,293.1499938964844,0.0,-0.0,284.9623107910156,0.8394443988800049,0.4332663416862488,0.4149409830570221,297.1349792480469,297.1499938964844,293.1499938964844,0.0,-0.0,284.9618530273437,0.9990000128746032,0.8302674889564514,0.5165374875068665,296.99957275390625,297.1499938964844,293.1499938964844,0.0,-0.0,284.9628601074219,0.7411308288574219,0.2942115068435669,0.2838137447834015,297.0057373046875,297.1499938964844,293.1499938964844,0.0,-0.0,284.9641418457031,0.6223196387290955,0.1714144200086593,0.7964237332344055,284.96240234375,284.95001220703125,296.11773681640625,287.00640869140625,296.7863464355469,297.04266357421875,284.9598083496094,1.0,0.5528398752212524,0.3883065581321716,0.3883065581321716,1.0,1.0,-2.731942653656006,0.7596070766448975,1.9723354578018188,0.1451477855443954,0.9027356505393982,0.9027356505393982,0.0,179.51490783691406,181.0,33116.33984375,0.0,1996.833740234375,1.0,281.5577392578125,283.7241516113281,290.04754638671875,292.2141418457031,293.1499938964844,293.1499938964844,281.25,35929.234375,36000.0,313.1499938964844,0.0,18000.0,1.0,0.0,0.0,0.0,1.0,0.9017629027366638,1.0,0.0,0.0,3.660252332687378,3.660276412963867,8.939542794905719e-07,4.265924453735352,4.265914440155029,9.78592834144365e-06,0.0,0.0,-0.0,5161.3740234375,0.0,1544.0736083984375,1895.4371337890625,0.0,3420.01171875,0.9075078964233398,1.0,0.0,3.0,1.0,0.0
12161940,296.9517822265625,297.1499938964844,293.1499938964844,0.0,-0.0,284.7445678710937,0.7312372326850891,0.2841123044490814,0.2609308063983917,296.8808288574219,297.1499938964844,293.1499938964844,0.0,-0.0,284.7438049316406,0.8341215252876282,0.4287652969360351,0.4110918641090393,297.0841369628906,297.1499938964844,293.1499938964844,0.0,-0.0,284.7431945800781,0.9990000128746032,0.8249901533126831,0.522245466709137,296.9869079589844,297.1499938964844,293.1499938964844,0.0,-0.0,284.7445068359375,0.7365542650222778,0.2911957800388336,0.2812956273555755,296.9979248046875,297.1499938964844,293.1499938964844,0.0,-0.0,284.7461853027344,0.6176859736442566,0.168957233428955,0.7866984605789185,284.743896484375,284.95001220703125,296.0155639648437,286.95416259765625,296.7380676269531,297.0155639648437,284.7406005859375,1.0,0.5523903965950012,0.3891042470932007,0.3891042470932007,1.0,1.0,-2.716024398803711,0.7560096383094788,1.960014700889588,0.1449883878231048,0.8984166979789734,0.8984166979789734,0.0,181.8462371826172,181.0,33712.0625,0.0,1982.521240234375,1.0,281.26104736328125,283.4704895019531,290.02557373046875,292.2578430175781,293.1499938964844,293.1499938964844,281.25,36164.38671875,36000.0,313.1499938964844,0.0,18000.0,1.0,0.0,0.0,0.0,1.0,0.9183043837547302,1.0,0.0,0.0,3.655251026153565,3.6552751064300537,8.915130820241757e-07,4.265924453735352,4.265914440155029,9.78592834144365e-06,0.0,0.0,-0.0,4925.84619140625,0.0,1540.250244140625,1895.4371337890625,0.0,3573.502197265625,0.9065388441085817,1.0,0.0,3.0,1.0,0.0
12162000,296.950439453125,297.1499938964844,293.1499938964844,0.0,-0.0,284.7389831542969,0.7307282090187073,0.2837755680084228,0.2606361806392669,296.8793334960937,297.1499938964844,293.1499938964844,0.0,-0.0,284.73834228515625,0.8335800170898438,0.428337961435318,0.4107005298137665,297.07891845703125,297.1499938964844,293.1499938964844,0.0,-0.0,284.73785400390625,0.9990000128746032,0.8244233131408691,0.5228360295295715,296.98565673828125,297.1499938964844,293.1499938964844,0.0,-0.0,284.7389221191406,0.7360842227935791,0.2909044921398163,0.2810339033603668,296.9971008300781,297.1499938964844,293.1499938964844,0.0,-0.0,284.74029541015625,0.6172002553939819,0.1687174886465072,0.7856963872909546,284.7384338378906,284.95001220703125,296.0062561035156,286.94940185546875,296.7336730957031,297.0130920410156,284.7357177734375,1.0,0.5523475408554077,0.389176607131958,0.389176607131958,1.0,1.0,-2.714390993118286,0.7556162476539612,1.9587748050689693,0.1449455022811889,0.8981117606163025,0.8981117606163025,0.0,182.08984375,169.0,33691.93359375,0.0,1981.07958984375,1.0,281.2581787109375,283.46563720703125,290.01446533203125,292.240966796875,293.1499938964844,293.1499938964844,281.54998779296875,36177.765625,36000.0,313.1499938964844,0.0,18000.0,1.0,0.0,0.0,0.0,1.0,0.9188008308410645,1.0,0.0,0.0,3.6544947624206543,3.654518842697144,8.91144168235769e-07,4.265924453735352,4.265914440155029,9.78592834144365e-06,0.0,0.0,-0.0,4639.14697265625,0.0,1539.506591796875,1895.4371337890625,0.0,3578.087646484375,0.9063824415206908,1.0,0.0,3.0,1.0,0.0
12162060,296.9452209472656,297.1499938964844,293.1499938964844,0.0,-0.0,284.82232666015625,0.7289941310882568,0.2816092371940613,0.2584604024887085,296.87261962890625,297.1499938964844,293.1499938964844,0.0,-0.0,284.8221130371094,0.8318824768066406,0.4254417419433594,0.4077469408512115,297.04998779296875,297.1499938964844,293.1499938964844,0.0,-0.0,284.8218688964844,0.9990000128746032,0.8209555149078369,0.5224850177764893,296.9794006347656,297.1499938964844,293.1499938964844,0.0,-0.0,284.82232666015625,0.7345954775810242,0.2889254987239837,0.2790127694606781,296.9925537109375,297.1499938964844,293.1499938964844,0.0,-0.0,284.8224182128906,0.615231990814209,0.167008563876152,0.7776265740394592,284.8221435546875,284.95001220703125,295.93328857421875,286.9121398925781,296.5757751464844,297.0005187988281,284.8201904296875,1.0,0.5491024851799011,0.5478712320327759,0.5478712320327759,0.7401955723762512,1.0,-2.695692300796509,1.0863847732543943,1.6093074083328247,0.4795416593551636,0.8978206515312195,0.8978206515312195,0.0,181.2972717285156,169.0,32115.685546875,0.0,1946.97021484375,1.0,281.5218811035156,283.6210327148437,289.86346435546875,291.9375915527344,293.1499938964844,293.1499938964844,281.54998779296875,36150.6484375,36000.0,313.1499938964844,0.0,18000.0,1.0,0.0,0.0,0.0,1.0,0.907668113708496,1.0,0.0,0.0,3.6505162715911865,3.650540351867676,8.892049550013326e-07,4.265924453735352,4.265914440155029,9.78592834144365e-06,0.0,0.0,-0.0,4719.43603515625,0.0,1534.8702392578125,1895.4371337890625,0.0,3474.950439453125,0.9055038094520568,1.0,0.0,3.0,1.0,0.0
12162120,296.9440002441406,297.1499938964844,293.1499938964844,0.0,-0.0,284.811279296875,0.7289941906929016,0.2805808782577514,0.2574712634086609,296.8706359863281,297.1499938964844,293.1499938964844,0.0,-0.0,284.8108825683594,0.8319778442382812,0.4240161478519439,0.4063360095024109,297.0406799316406,297.1499938964844,293.1499938964844,0.0,-0.0,284.8105163574219,0.9990000128746032,0.8196033835411072,0.5204852223396301,296.9772033691406,297.1499938964844,293.1499938964844,0.0,-0.0,284.8112487792969,0.7346695065498352,0.2879562973976135,0.2780354619026184,296.990966796875,297.1499938964844,293.1499938964844,0.0,-0.0,284.8119506835937,0.6149288415908813,0.1661534309387207,0.7735109329223633,284.8109436035156,284.95001220703125,295.89373779296875,286.8919372558594,296.48077392578125,296.9967346191406,284.8086853027344,1.0,0.5467838644981384,0.6335059404373169,0.6335059404373169,0.6000000238418579,1.0,-2.68428635597229,1.2724077701568604,1.4118785858154297,0.6678223013877869,0.8970467448234558,0.8970467448234558,0.0,179.9076385498047,157.0,31760.21484375,0.0,1922.8502197265625,1.0,281.5422058105469,283.6230773925781,289.8294982910156,291.8943176269531,293.1499938964844,293.1499938964844,281.8500061035156,36165.06640625,36000.0,313.1499938964844,0.0,18000.0,1.0,0.0,0.0,0.0,1.0,0.9022787809371948,1.0,0.0,0.0,3.6483020782470703,3.648325920104981,8.881265216587053e-07,4.265924453735352,4.265914440155029,9.78592834144365e-06,0.0,0.0,-0.0,4445.263671875,0.0,1532.5146484375,1895.4371337890625,0.0,3424.81640625,0.9050059914588928,1.0,0.0,3.0,1.0,0.0
12162180,296.9449768066406,297.1499938964844,293.1499938964844,0.0,-0.0,284.93035888671875,0.7298444509506226,0.2793176174163818,0.25609090924263,296.8705749511719,297.1499938964844,293.1499938964844,0.0,-0.0,284.9317932128906,0.8330722451210022,0.4221675992012024,0.4043350517749786,297.0376281738281,297.1499938964844,293.1499938964844,0.0,-0.0,284.932861328125,0.9990000128746032,0.8185728192329407,0.5157400965690613,296.9761047363281,297.1499938964844,293.1499938964844,0.0,-0.0,284.9304504394531,0.7356100678443909,0.2867062985897064,0.2766431272029876,296.9901123046875,297.1499938964844,293.1499938964844,0.0,-0.0,284.9268798828125,0.6152294278144836,0.1650193929672241,0.7675785422325134,284.9315795898437,284.95001220703125,295.8348693847656,286.86187744140625,296.2589416503906,296.9944763183594,284.9365234375,1.0,0.5427715182304382,0.760557234287262,0.760557234287262,0.3919999897480011,1.0,-2.6657211780548096,1.7177852392196655,0.9479359984397888,1.116377592086792,0.8980656862258911,0.8980656862258911,0.0,176.96798706054688,157.0,30531.80078125,0.0,1882.0841064453125,1.0,281.8023376464844,283.7891540527344,289.7358703613281,291.6649169921875,293.1499938964844,293.1499938964844,281.8500061035156,36090.28125,36000.0,313.1499938964844,0.0,18000.0,1.0,0.0,0.0,0.0,1.0,0.8859124183654785,1.0,0.0,0.0,3.64643144607544,3.6464552879333496,8.872160037753929e-07,4.265924453735352,4.265914440155029,9.78592834144365e-06,0.0,0.0,-0.0,4544.3671875,0.0,1529.876708984375,1895.4371337890625,0.0,3271.961181640625,0.9045807123184204,1.0,0.0,3.0,1.0,0.0
12162240,296.9476928710937,297.1499938964844,293.1499938964844,0.0,-0.0,284.9189147949219,0.7316706776618958,0.2783369719982147,0.2550648152828216,296.8725280761719,297.1499938964844,293.1499938964844,0.0,-0.0,284.9178771972656,0.8352090120315552,0.4206596314907074,0.4027555286884308,297.044921875,297.1499938964844,293.1499938964844,0.0,-0.0,284.9169921875,0.9990000128746032,0.8186028599739075,0.5095240473747253,296.9765930175781,297.1499938964844,293.1499938964844,0.0,-0.0,284.9188537597656,0.737464427947998,0.2856977880001068,0.2755386531352997,296.9905700683594,297.1499938964844,293.1499938964844,0.0,-0.0,284.9208679199219,0.6163992881774902,0.1640926301479339,0.7626757025718689,284.9180603027344,284.95001220703125,295.7803039550781,286.8340759277344,295.9833679199219,296.9950561523437,284.9126892089844,1.0,0.5386227369308472,0.8778353333473206,0.8778353333473206,0.2000000029802322,1.0,-2.6479084491729736,2.2313432693481445,0.4165651202201843,1.6322513818740845,0.8977811336517334,0.8977811336517334,0.0,173.45645141601562,160.0,29749.009765625,0.0,1841.27978515625,1.0,281.8417663574219,283.79443359375,289.71685791015625,291.6454467773437,293.1499938964844,293.1499938964844,282.1499938964844,36062.109375,36000.0,313.1499938964844,0.0,18000.0,1.0,0.0,0.0,0.0,1.0,0.8747879862785339,1.0,0.0,0.0,3.64590048789978,3.6459243297576895,8.869576504366705e-07,4.265924453735352,4.265914440155029,9.78592834144365e-06,0.0,0.0,-0.0,4288.78857421875,0.0,1529.076416015625,1895.4371337890625,0.0,3167.71875,0.904398798942566,1.0,0.0,3.0,1.0,0.0
12162300,296.95074462890625,297.1499938964844,293.1499938964844,0.0,-0.0,285.0084228515625,0.7325084805488586,0.2773551642894745,0.2540553212165832,296.875,297.1499938964844,293.1499938964844,0.0,-0.0,285.0101013183594,0.836195170879364,0.4191427826881408,0.4011863470077514,297.0572509765625,297.1499938964844,293.1499938964844,0.0,-0.0,285.0114440917969,0.9990000128746032,0.8191432952880859,0.5056267976760864,296.9774169921875,297.1499938964844,293.1499938964844,0.0,-0.0,285.008544921875,0.7383255362510681,0.2846803963184356,0.2744602859020233,296.9914855957031,297.1499938964844,293.1499938964844,0.0,-0.0,285.0047607421875,0.6167142987251282,0.1631730645895004,0.7580154538154602,285.00982666015625,284.95001220703125,295.7232971191406,286.8050231933594,295.7257995605469,296.9960021972656,285.01727294921875,1.0,0.5359954237937927,1.0,1.0,0.0,1.0,-2.633229970932007,2.6332035064697266,2.648867302923464e-05,2.035642623901367,0.8990345597267151,0.8990345597267151,0.0,171.26806640625,160.0,28437.4921875,0.0,1811.4720458984373,1.0,282.0986022949219,283.9449157714844,289.6444702148437,291.4354553222656,293.1499938964844,293.1499938964844,282.1499938964844,36002.26171875,36000.0,313.1499938964844,0.0,18000.0,1.0,0.0,0.0,0.0,1.0,0.8565858602523804,1.0,0.0,0.0,3.645724058151245,3.6457479000091553,8.868718737176096e-07,4.265924453735352,4.265914440155029,9.78592834144365e-06,0.0,0.0,-0.0,4375.310546875,0.0,1528.433349609375,1895.4371337890625,0.0,2996.9892578125,0.9043588042259216,1.0,0.0,3.0,1.0,0.0
12162360,296.95526123046875,297.1499938964844,293.1499938964844,0.0,-0.0,285.046875,0.7326284050941467,0.2765360176563263,0.2532460391521454,296.87908935546875,297.1499938964844,293.1499938964844,0.0,-0.0,285.0469665527344,0.8362899422645569,0.4178036749362945,0.3998408615589142,297.0707092285156,297.1499938964844,293.1499938964844,0.0,-0.0,285.0469970703125,0.9990000128746032,0.8198790550231934,0.5037485361099243,296.9793395996094,297.1499938964844,293.1499938964844,0.0,-0.0,285.046875,0.7384079694747925,0.2837741374969482,0.2735389769077301,296.9931640625,297.1499938964844,293.1499938964844,0.0,-0.0,285.04656982421875,0.6163791418075562,0.1623346209526062,0.7539561986923218,285.04693603515625,284.95001220703125,295.6661376953125,286.7759094238281,295.6685791015625,296.9975280761719,285.0469970703125,1.0,0.5339212417602539,1.0,1.0,0.0,1.0,-2.622394800186157,2.622389316558838,5.532857358048204e-06,2.027144193649292,0.9000993371009827,0.9000993371009827,0.0,169.95401000976562,163.0,28175.908203125,0.0,1789.5762939453125,1.0,282.1417236328125,283.9861755371094,289.6385803222656,291.4444274902344,293.1499938964844,293.1499938964844,282.45001220703125,35931.22265625,36000.0,313.1499938964844,0.0,18000.0,1.0,0.0,0.0,0.0,1.0,0.843549907207489,1.0,0.0,0.0,3.647667646408081,3.647691488265991,8.878176913640345e-07,4.265924453735352,4.265914440155029,9.78592834144365e-06,0.0,0.0,-0.0,4163.96240234375,0.0,1530.0609130859375,1895.4371337890625,0.0,2874.8994140625,0.9047211408615112,1.0,0.0,3.0,1.0,0.0
12162420,296.96795654296875,297.1499938964844,293.1499938964844,0.0,-0.0,285.2425842285156,0.7322379350662231,0.2753508687019348,0.2520238757133484,296.8915405273437,297.1499938964844,293.1499938964844,0.0,-0.0,285.2427062988281,0.8356403708457947,0.4156281352043152,0.3976108431816101,297.0970153808594,297.1499938964844,293.1499938964844,0.0,-0.0,285.2427673339844,0.9990000128746032,0.8215396404266357,0.502185046672821,296.9862365722656,297.1499938964844,293.1499938964844,0.0,-0.0,285.2425842285156,0.7378421425819397,0.2823088765144348,0.272018164396286,296.9989013671875,297.1499938964844,293.1499938964844,0.0,-0.0,285.2421875,0.6151425242424011,0.1609254777431488,0.7470889687538147,285.24267578125,284.95001220703125,295.5513610839844,286.7174987792969,295.5538330078125,297.0029296875,285.2428894042969,1.0,0.5312363505363464,1.0,1.0,0.0,1.0,-2.6062817573547363,2.606276273727417,5.464176865643822e-06,2.0144383907318115,0.9056580066680908,0.9056580066680908,0.0,168.6120147705078,166.0,27181.951171875,0.0,1760.0340576171875,1.0,282.4418029785156,284.2159729003906,289.6021728515625,291.3334655761719,293.1499938964844,293.1499938964844,282.1499938964844,35698.875,36000.0,313.1499938964844,0.0,18000.0,1.0,0.0,0.0,0.0,1.0,0.8167768120765686,1.0,0.0,0.0,3.658190488815308,3.6582143306732178,8.929474688557093e-07,4.265924453735352,4.265914440155029,9.78592834144365e-06,0.0,0.0,-0.0,4579.29248046875,0.0,1540.041748046875,1895.4371337890625,0.0,2625.73486328125,0.9069204330444336,1.0,0.0,3.0,1.0,0.0
12162480,296.96795654296875,297.1499938964844,293.1499938964844,0.0,-0.0,285.2425842285156,0.7322379350662231,0.2753508687019348,0.2520238757133484,296.8915405273437,297.1499938964844,293.1499938964844,0.0,-0.0,285.2427062988281,0.8356403708457947,0.4156281352043152,0.3976108431816101,297.0970153808594,297.1499938964844,293.1499938964844,0.0,-0.0,285.2427673339844,0.9990000128746032,0.8215396404266357,0.502185046672821,296.9862365722656,297.1499938964844,293.1499938964844,0.0,-0.0,285.2425842285156,0.7378421425819397,0.2823088765144348,0.272018164396286,296.9989013671875,297.1499938964844,293.1499938964844,0.0,-0.0,285.2421875,0.6151425242424011,0.1609254777431488,0.7470889687538147,285.24267578125,284.95001220703125,295.5513610839844,286.7174987792969,295.5538330078125,297.0029296875,285.2428894042969,1.0,0.5312363505363464,1.0,1.0,0.0,1.0,-2.6062817573547363,2.606276273727417,5.464176865643822e-06,2.0144383907318115,0.9056580066680908,0.9056580066680908,0.0,168.6120147705078,166.0,27181.951171875,0.0,1760.0340576171875,1.0,282.4418029785156,284.2159729003906,289.6021728515625,291.3334655761719,293.1499938964844,293.1499938964844,282.1499938964844,35698.875,36000.0,313.1499938964844,0.0,18000.0,1.0,0.0,0.0,0.0,1.0,0.8167768120765686,1.0,0.0,0.0,3.658190488815308,3.6582143306732178,8.929474688557093e-07,4.265924453735352,4.265914440155029,9.78592834144365e-06,0.0,0.0,-0.0,4579.29248046875,0.0,1540.041748046875,1895.4371337890625,0.0,2625.73486328125,0.9069204330444336,1.0,0.0,3.0,1.0,0.0
12162540,296.965576171875,297.1499938964844,293.1499938964844,0.0,-0.0,285.0019836425781,0.7301005721092224,0.273017555475235,0.2504322230815887,296.8891296386719,297.1499938964844,293.1499938964844,0.0,-0.0,285.0009765625,0.8331817984580994,0.4124053120613098,0.3951173424720764,297.0845642089844,297.1499938964844,293.1499938964844,0.0,-0.0,285.0001525878906,0.9990000128746032,0.8197226524353027,0.5037699937820435,296.9833679199219,297.1499938964844,293.1499938964844,0.0,-0.0,285.0019226074219,0.7357118725776672,0.2801320850849151,0.2703433036804199,296.9988708496094,297.1499938964844,293.1499938964844,0.0,-0.0,285.0042724609375,0.6126042604446411,0.1591754853725433,0.7403771877288818,285.0011291503906,284.95001220703125,295.4457092285156,286.6637878417969,295.4481811523437,296.9989624023437,284.9966735839844,1.0,0.5299333333969116,1.0,1.0,0.0,1.0,-2.5932040214538574,2.593198537826538,5.409272034739843e-06,2.004228115081787,0.9043534398078918,0.9043534398078918,0.0,168.93682861328125,166.0,27460.130859375,0.0,1742.52685546875,1.0,282.16046142578125,283.95770263671875,289.698486328125,291.52362060546875,293.1499938964844,293.1499938964844,282.1499938964844,35863.43359375,36000.0,313.1499938964844,0.0,18000.0,1.0,0.0,0.0,0.0,1.0,0.8286817669868469,1.0,0.0,0.0,3.663846492767334,3.6638705730438232,8.957107979767898e-07,4.265924453735352,4.265914440155029,9.78592834144365e-06,0.0,0.0,-0.0,4403.73876953125,0.0,1547.602294921875,1895.4371337890625,0.0,2736.177490234375,0.9082597494125366,1.0,0.0,3.0,1.0,0.0
12162600,296.9647827148437,297.1499938964844,293.1499938964844,0.0,-0.0,284.9945678710937,0.7297526597976685,0.2727465033531189,0.2502094209194183,296.8882141113281,297.1499938964844,293.1499938964844,0.0,-0.0,284.99371337890625,0.8328056335449219,0.4120424091815948,0.3948043882846832,297.0815734863281,297.1499938964844,293.1499938964844,0.0,-0.0,284.9930419921875,0.9990000128746032,0.8193680644035339,0.5041011571884155,296.982666015625,297.1499938964844,293.1499938964844,0.0,-0.0,284.9945068359375,0.7353854775428772,0.2798885107040405,0.270133227109909,296.99853515625,297.1499938964844,293.1499938964844,0.0,-0.0,284.9964599609375,0.6122437119483948,0.1589855104684829,0.7396038174629211,284.9938659667969,284.95001220703125,295.43609619140625,286.658935546875,295.4385986328125,296.9986267089844,284.9900817871094,1.0,0.5298399329185486,1.0,1.0,0.0,1.0,-2.5917766094207764,2.591771125793457,5.403293471317738e-06,2.003112316131592,0.9043089151382446,0.9043089151382446,0.0,169.05062866210938,169.0,27430.32421875,0.0,1740.9705810546875,1.0,282.15771484375,283.9517517089844,289.6936950683594,291.5152282714844,293.1499938964844,293.1499938964844,281.8500061035156,35873.59765625,36000.0,313.1499938964844,0.0,18000.0,1.0,0.0,0.0,0.0,1.0,0.8292713165283203,1.0,0.0,0.0,3.66408109664917,3.6641054153442383,8.958255648394697e-07,4.265924453735352,4.265914440155029,9.78592834144365e-06,0.0,0.0,-0.0,4660.9326171875,0.0,1547.941650390625,1895.4371337890625,0.0,2741.663330078125,0.90832257270813,1.0,0.0,3.0,1.0,0.0
12162660,296.9471435546875,297.1499938964844,293.1499938964844,0.0,-0.0,284.72216796875,0.7243316769599915,0.2686245739459991,0.2469134926795959,296.86871337890625,297.1499938964844,293.1499938964844,0.0,-0.0,284.7212829589844,0.8270213603973389,0.4067598879337311,0.3902717530727386,297.0205078125,297.1499938964844,293.1499938964844,0.0,-0.0,284.7205505371094,0.9990000128746032,0.8123518824577332,0.5096140503883362,296.96807861328125,297.1499938964844,293.1499938964844,0.0,-0.0,284.7221069335937,0.7303727269172668,0.2762999236583709,0.267099380493164,296.9901733398437,297.1499938964844,293.1499938964844,0.0,-0.0,284.72418212890625,0.6066526770591736,0.1562253981828689,0.7286100387573242,284.721435546875,284.95001220703125,295.3205261230469,286.6002502441406,295.3230285644531,296.9904479980469,284.717529296875,1.0,0.5288628935813904,1.0,1.0,0.0,1.0,-2.5721428394317627,2.5721375942230225,5.321462595020421e-06,1.9877983331680296,0.8990916013717651,0.8990916013717651,0.0,171.10916137695312,172.0,27631.4453125,-0.0,1721.8546142578125,1.0,281.8581237792969,283.6679382324219,289.6640930175781,291.529541015625,293.1499938964844,293.1499938964844,282.1499938964844,36171.4765625,36000.0,313.1499938964844,0.0,18000.0,1.0,0.0,0.0,0.0,1.0,0.8466997146606445,1.0,0.0,0.0,3.6587629318237305,3.65878701210022,8.932269679462479e-07,4.265924453735352,4.265914440155029,9.78592834144365e-06,0.0,0.0,-0.0,4178.57958984375,0.0,1544.2255859375,1895.4371337890625,0.0,2904.369873046875,0.9073267579078674,1.0,0.0,3.0,1.0,0.0
12162720,296.9471435546875,297.1499938964844,293.1499938964844,0.0,-0.0,284.72216796875,0.7243316769599915,0.2686245739459991,0.2469134926795959,296.86871337890625,297.1499938964844,293.1499938964844,0.0,-0.0,284.7212829589844,0.8270213603973389,0.4067598879337311,0.3902717530727386,297.0205078125,297.1499938964844,293.1499938964844,0.0,-0.0,284.7205505371094,0.9990000128746032,0.8123518824577332,0.5096140503883362,296.96807861328125,297.1499938964844,293.1499938964844,0.0,-0.0,284.7221069335937,0.7303727269172668,0.2762999236583709,0.267099380493164,296.9901733398437,297.1499938964844,293.1499938964844,0.0,-0.0,284.72418212890625,0.6066526770591736,0.1562253981828689,0.7286100387573242,284.721435546875,284.95001220703125,295.3205261230469,286.6002502441406,295.3230285644531,296.9904479980469,284.717529296875,1.0,0.5288628935813904,1.0,1.0,0.0,1.0,-2.5721428394317627,2.5721375942230225,5.321462595020421e-06,1.9877983331680296,0.8990916013717651,0.8990916013717651,0.0,171.10916137695312,172.0,27631.4453125,-0.0,1721.8546142578125,1.0,281.8581237792969,283.6679382324219,289.6640930175781,291.529541015625,293.1499938964844,293.1499938964844,282.1499938964844,36171.4765625,36000.0,313.1499938964844,0.0,18000.0,1.0,0.0,0.0,0.0,1.0,0.8466997146606445,1.0,0.0,0.0,3.6587629318237305,3.65878701210022,8.932269679462479e-07,4.265924453735352,4.265914440155029,9.78592834144365e-06,0.0,0.0,-0.0,4178.57958984375,0.0,1544.2255859375,1895.4371337890625,0.0,2904.369873046875,0.9073267579078674,1.0,0.0,3.0,1.0,0.0
12162780,296.9418334960937,297.1499938964844,293.1499938964844,0.0,-0.0,284.8966369628906,0.7188419699668884,0.2654947340488434,0.2438145726919174,296.8622436523437,297.1499938964844,293.1499938964844,0.0,-0.0,284.89678955078125,0.8211955428123474,0.4025193154811859,0.3859741389751434,296.9709777832031,297.1499938964844,293.1499938964844,0.0,-0.0,284.8968505859375,0.9990000128746032,0.8056575655937195,0.5155777931213379,296.9612121582031,297.1499938964844,293.1499938964844,0.0,-0.0,284.89666748046875,0.7252241969108582,0.2732838094234466,0.2641014158725738,296.9848937988281,297.1499938964844,293.1499938964844,0.0,-0.0,284.8962097167969,0.600544273853302,0.1536585539579391,0.7169936299324036,284.8967590332031,284.95001220703125,295.20477294921875,286.5415954589844,295.2073059082031,296.9849853515625,284.8970031738281,1.0,0.5281349420547485,1.0,1.0,0.0,1.0,-2.552855491638184,2.5528504848480225,5.241452072368702e-06,1.972636222839356,0.8998199105262756,0.8998199105262756,0.0,173.4370574951172,160.0,26621.19140625,-0.0,1704.6102294921875,1.0,282.1422424316406,283.8811950683594,289.4720764160156,291.208251953125,293.1499938964844,293.1499938964844,282.45001220703125,36077.61328125,36000.0,313.1499938964844,0.0,18000.0,1.0,0.0,0.0,0.0,1.0,0.8277815580368042,1.0,0.0,0.0,3.654963731765747,3.654987812042236,8.913728493098461e-07,4.265924453735352,4.265914440155029,9.78592834144365e-06,0.0,0.0,-0.0,4043.625,0.0,1539.279296875,1895.4371337890625,0.0,2727.803955078125,0.9064483046531676,1.0,0.0,3.0,1.0,0.0
12162840,296.9418334960937,297.1499938964844,293.1499938964844,0.0,-0.0,284.8966369628906,0.7188419699668884,0.2654947340488434,0.2438145726919174,296.8622436523437,297.1499938964844,293.1499938964844,0.0,-0.0,284.89678955078125,0.8211955428123474,0.4025193154811859,0.3859741389751434,296.9709777832031,297.1499938964844,293.1499938964844,0.0,-0.0,284.8968505859375,0.9990000128746032,0.8056575655937195,0.5155777931213379,296.9612121582031,297.1499938964844,293.1499938964844,0.0,-0.0,284.89666748046875,0.7252241969108582,0.2732838094234466,0.2641014158725738,296.9848937988281,297.1499938964844,293.1499938964844,0.0,-0.0,284.8962097167969,0.600544273853302,0.1536585539579391,0.7169936299324036,284.8967590332031,284.95001220703125,295.20477294921875,286.5415954589844,295.2073059082031,296.9849853515625,284.8970031738281,1.0,0.5281349420547485,1.0,1.0,0.0,1.0,-2.552855491638184,2.5528504848480225,5.241452072368702e-06,1.972636222839356,0.8998199105262756,0.8998199105262756,0.0,173.4370574951172,160.0,26621.19140625,-0.0,1704.6102294921875,1.0,282.1422424316406,283.8811950683594,289.4720764160156,291.208251953125,293.1499938964844,293.1499938964844,282.45001220703125,36077.61328125,36000.0,313.1499938964844,0.0,18000.0,1.0,0.0,0.0,0.0,1.0,0.8277815580368042,1.0,0.0,0.0,3.654963731765747,3.654987812042236,8.913728493098461e-07,4.265924453735352,4.265914440155029,9.78592834144365e-06,0.0,0.0,-0.0,4043.625,0.0,1539.279296875,1895.4371337890625,0.0,2727.803955078125,0.9064483046531676,1.0,0.0,3.0,1.0,0.0
12162900,296.94451904296875,297.1499938964844,293.1499938964844,0.0,-0.0,285.0463256835937,0.7181656956672668,0.2644355595111847,0.242697387933731,296.8644104003906,297.1499938964844,293.1499938964844,0.0,-0.0,285.04901123046875,0.8204840421676636,0.4009054899215698,0.3842773735523224,296.9585266113281,297.1499938964844,293.1499938964844,0.0,-0.0,285.05126953125,0.9990000128746032,0.8032897114753723,0.5147353410720825,296.961669921875,297.1499938964844,293.1499938964844,0.0,-0.0,285.0465393066406,0.7245497107505798,0.2721300721168518,0.2628795206546783,296.9846496582031,297.1499938964844,293.1499938964844,0.0,-0.0,285.0400085449219,0.5992789268493652,0.1525870710611343,0.7117671370506287,285.04864501953125,284.95001220703125,295.1468811035156,286.51226806640625,295.1494445800781,296.9845886230469,285.059326171875,1.0,0.5258545875549316,1.0,1.0,0.0,1.0,-2.5407235622406006,2.5407183170318604,5.191784566704882e-06,1.9632742404937744,0.9019308686256408,0.9019308686256408,0.0,172.6019287109375,160.0,25828.142578125,-0.0,1683.887451171875,1.0,282.39892578125,284.0682067871094,289.3857116699219,291.0082702636719,293.1499938964844,293.1499938964844,282.45001220703125,35970.2109375,36000.0,313.1499938964844,0.0,18000.0,1.0,0.0,0.0,0.0,1.0,0.8121488094329834,1.0,0.0,0.0,3.6556222438812256,3.655646085739136,8.916940714698285e-07,4.265924453735352,4.265914440155029,9.78592834144365e-06,0.0,0.0,-0.0,4147.65869140625,0.0,1539.209228515625,1895.4371337890625,0.0,2582.99560546875,0.9065677523612976,1.0,0.0,3.0,1.0,0.0
12162960,296.9493408203125,297.1499938964844,293.1499938964844,0.0,-0.0,285.0915832519531,0.7187979817390442,0.263609766960144,0.2418379634618759,296.868896484375,297.1499938964844,293.1499938964844,0.0,-0.0,285.0916442871094,0.8211556673049927,0.3995378017425537,0.3828593790531158,296.95751953125,297.1499938964844,293.1499938964844,0.0,-0.0,285.0916748046875,0.9990000128746032,0.8019753694534302,0.5114966034889221,296.9640197753906,297.1499938964844,293.1499938964844,0.0,-0.0,285.0915832519531,0.7250880002975464,0.2711707949638366,0.2618520259857178,296.9859313964844,297.1499938964844,293.1499938964844,0.0,-0.0,285.09130859375,0.5992113947868347,0.1516642123460769,0.7070745825767517,285.0916442871094,284.95001220703125,295.0889892578125,286.4830017089844,295.091552734375,296.98583984375,285.0914611816406,1.0,0.5227936506271362,1.0,1.0,0.0,1.0,-2.5272247791290283,2.527219772338867,5.136617801326793e-06,1.9527629613876345,0.9033659100532532,0.9033659100532532,0.0,170.515625,148.0,25567.9140625,-0.0,1656.0443115234375,1.0,282.4419250488281,284.1106872558594,289.3768005371094,291.0241394042969,293.1499938964844,293.1499938964844,282.1499938964844,35879.32421875,36000.0,313.1499938964844,0.0,18000.0,1.0,0.0,0.0,0.0,1.0,0.8020930886268616,1.0,0.0,0.0,3.658796787261963,3.658820867538452,8.932435662245553e-07,4.265924453735352,4.265914440155029,9.78592834144365e-06,0.0,0.0,-0.0,4427.033203125,0.0,1542.072509765625,1895.4371337890625,0.0,2490.5771484375,0.9071766138076782,1.0,0.0,3.0,1.0,0.0
12163020,296.9442443847656,297.1499938964844,293.1499938964844,0.0,-0.0,284.8332214355469,0.7207497358322144,0.2605733871459961,0.2393663376569748,296.8632202148437,297.1499938964844,293.1499938964844,0.0,-0.0,284.8321838378906,0.8235673308372498,0.3954249918460846,0.3792575299739837,296.9452819824219,297.1499938964844,293.1499938964844,0.0,-0.0,284.831298828125,0.9990000128746032,0.7983194589614868,0.501943826675415,296.9588928222656,297.1499938964844,293.1499938964844,0.0,-0.0,284.8331298828125,0.7271094918251038,0.2683093547821045,0.2592856287956238,296.9832763671875,297.1499938964844,293.1499938964844,0.0,-0.0,284.8355712890625,0.600070595741272,0.1493268460035324,0.6965487599372864,284.83233642578125,284.95001220703125,294.97332763671875,286.424560546875,294.9759216308594,296.9834289550781,284.8276672363281,1.0,0.5146294832229614,1.0,1.0,0.0,1.0,-2.4927308559417725,2.492725849151612,4.99723182656453e-06,1.9260181188583367,0.8998059034347534,0.8998059034347534,0.0,164.6190643310547,151.0,25635.990234375,-0.0,1583.6474609375,1.0,282.1577453613281,283.8385925292969,289.4480895996094,291.16766357421875,293.1499938964844,293.1499938964844,281.8500061035156,36087.3671875,36000.0,313.1499938964844,0.0,18000.0,1.0,0.0,0.0,0.0,1.0,0.8119874000549316,1.0,0.0,0.0,3.656855344772339,3.656879425048828,8.92295815901889e-07,4.265924453735352,4.265914440155029,9.78592834144365e-06,0.0,0.0,-0.0,4491.3310546875,0.0,1541.4637451171875,1895.4371337890625,0.0,2581.50732421875,0.9068486094474792,1.0,0.0,3.0,1.0,0.0
12163080,296.9442443847656,297.1499938964844,293.1499938964844,0.0,-0.0,284.8332214355469,0.7207497358322144,0.2605733871459961,0.2393663376569748,296.8632202148437,297.1499938964844,293.1499938964844,0.0,-0.0,284.8321838378906,0.8235673308372498,0.3954249918460846,0.3792575299739837,296.9452819824219,297.1499938964844,293.1499938964844,0.0,-0.0,284.831298828125,0.9990000128746032,0.7983194589614868,0.501943826675415,296.9588928222656,297.1499938964844,293.1499938964844,0.0,-0.0,284.8331298828125,0.7271094918251038,0.2683093547821045,0.2592856287956238,296.9832763671875,297.1499938964844,293.1499938964844,0.0,-0.0,284.8355712890625,0.600070595741272,0.1493268460035324,0.6965487599372864,284.83233642578125,284.95001220703125,294.97332763671875,286.424560546875,294.9759216308594,296.9834289550781,284.8276672363281,1.0,0.5146294832229614,1.0,1.0,0.0,1.0,-2.4927308559417725,2.492725849151612,4.99723182656453e-06,1.9260181188583367,0.8998059034347534,0.8998059034347534,0.0,164.6190643310547,151.0,25635.990234375,-0.0,1583.6474609375,1.0,282.1577453613281,283.8385925292969,289.4480895996094,291.16766357421875,293.1499938964844,293.1499938964844,281.8500061035156,36087.3671875,36000.0,313.1499938964844,0.0,18000.0,1.0,0.0,0.0,0.0,1.0,0.8119874000549316,1.0,0.0,0.0,3.656855344772339,3.656879425048828,8.92295815901889e-07,4.265924453735352,4.265914440155029,9.78592834144365e-06,0.0,0.0,-0.0,4491.3310546875,0.0,1541.4637451171875,1895.4371337890625,0.0,2581.50732421875,0.9068486094474792,1.0,0.0,3.0,1.0,0.0
12163140,296.927734375,297.1499938964844,293.1499938964844,0.0,-0.0,284.5519714355469,0.7184913754463196,0.2563027441501617,0.2357095628976822,296.8451538085937,297.1499938964844,293.1499938964844,0.0,-0.0,284.55096435546875,0.8216206431388855,0.3899692595005035,0.3743358254432678,296.91363525390625,297.1499938964844,293.1499938964844,0.0,-0.0,284.5501403808594,0.9990000128746032,0.7925499677658081,0.4992041289806366,296.94439697265625,297.1499938964844,293.1499938964844,0.0,-0.0,284.5518798828125,0.7252822518348694,0.264427900314331,0.2557801604270935,296.9743957519531,297.1499938964844,293.1499938964844,0.0,-0.0,284.5543212890625,0.5970746278762817,0.146322101354599,0.6835228204727173,284.5511169433594,284.95001220703125,294.85791015625,286.3663330078125,294.86053466796875,296.9747009277344,284.5467224121094,1.0,0.5093349814414978,1.0,1.0,0.0,1.0,-2.4592630863189697,2.459258317947388,4.863446065428434e-06,1.899848222732544,0.8922585248947144,0.8922585248947144,0.0,162.16334533691406,154.0,25698.044921875,-0.0,1528.7432861328125,1.0,281.85821533203125,283.5494689941406,289.4149475097656,291.1651611328125,293.1499938964844,293.1499938964844,282.1499938964844,36420.625,36000.0,313.1499938964844,0.0,18000.0,1.0,0.0,0.0,0.0,1.0,0.8262568712234497,1.0,0.0,0.0,3.6423499584198,3.642374038696289,8.852310315887735e-07,4.265924453735352,4.265914440155029,9.78592834144365e-06,0.0,0.0,-0.0,4020.366455078125,0.0,1527.814697265625,1895.4371337890625,0.0,2713.62890625,0.9038262963294984,1.0,0.0,3.0,1.0,0.0
12163200,296.927734375,297.1499938964844,293.1499938964844,0.0,-0.0,284.5519714355469,0.7184913754463196,0.2563027441501617,0.2357095628976822,296.8451538085937,297.1499938964844,293.1499938964844,0.0,-0.0,284.55096435546875,0.8216206431388855,0.3899692595005035,0.3743358254432678,296.91363525390625,297.1499938964844,293.1499938964844,0.0,-0.0,284.5501403808594,0.9990000128746032,0.7925499677658081,0.4992041289806366,296.94439697265625,297.1499938964844,293.1499938964844,0.0,-0.0,284.5518798828125,0.7252822518348694,0.264427900314331,0.2557801604270935,296.9743957519531,297.1499938964844,293.1499938964844,0.0,-0.0,284.5543212890625,0.5970746278762817,0.146322101354599,0.6835228204727173,284.5511169433594,284.95001220703125,294.85791015625,286.3663330078125,294.86053466796875,296.9747009277344,284.5467224121094,1.0,0.5093349814414978,1.0,1.0,0.0,1.0,-2.4592630863189697,2.459258317947388,4.863446065428434e-06,1.899848222732544,0.8922585248947144,0.8922585248947144,0.0,162.16334533691406,154.0,25698.044921875,-0.0,1528.7432861328125,1.0,281.85821533203125,283.5494689941406,289.4149475097656,291.1651611328125,293.1499938964844,293.1499938964844,282.1499938964844,36420.625,36000.0,313.1499938964844,0.0,18000.0,1.0,0.0,0.0,0.0,1.0,0.8262568712234497,1.0,0.0,0.0,3.6423499584198,3.642374038696289,8.852310315887735e-07,4.265924453735352,4.265914440155029,9.78592834144365e-06,0.0,0.0,-0.0,4020.366455078125,0.0,1527.814697265625,1895.4371337890625,0.0,2713.62890625,0.9038262963294984,1.0,0.0,3.0,1.0,0.0
12163260,296.9243469238281,297.1499938964844,293.1499938964844,0.0,-0.0,284.72442626953125,0.7150298357009888,0.253122866153717,0.2324736565351486,296.83953857421875,297.1499938964844,293.1499938964844,0.0,-0.0,284.7245788574219,0.818151593208313,0.3855179846286773,0.3697525858879089,296.8930053710937,297.1499938964844,293.1499938964844,0.0,-0.0,284.72467041015625,0.9990000128746032,0.7874357104301453,0.4997880756855011,296.93817138671875,297.1499938964844,293.1499938964844,0.0,-0.0,284.7244567871094,0.722065269947052,0.2611765563488006,0.252445638179779,296.96954345703125,297.1499938964844,293.1499938964844,0.0,-0.0,284.72393798828125,0.5925074219703674,0.1435968577861786,0.6706012487411499,284.7245788574219,284.95001220703125,294.742919921875,286.3084411621094,294.7455749511719,296.9696044921875,284.72479248046875,1.0,0.505687415599823,1.0,1.0,0.0,1.0,-2.4310319423675537,2.431027173995972,4.751975666295039e-06,1.8777363300323489,0.8906616568565369,0.8906616568565369,0.0,161.52252197265625,142.0,24638.740234375,-0.0,1489.314453125,1.0,282.14208984375,283.762939453125,289.21990966796875,290.8363952636719,293.1499938964844,293.1499938964844,282.45001220703125,36339.3125,36000.0,313.1499938964844,0.0,18000.0,1.0,0.0,0.0,0.0,1.0,0.8034307956695557,1.0,0.0,0.0,3.628732442855835,3.628756523132324,8.786242915448383e-07,4.265924453735352,4.265914440155029,9.78592834144365e-06,0.0,0.0,-0.0,3885.486328125,0.0,1512.159912109375,1895.4371337890625,0.0,2502.833984375,0.9007665514945984,1.0,0.0,3.0,1.0,0.0
12163320,296.9243469238281,297.1499938964844,293.1499938964844,0.0,-0.0,284.72442626953125,0.7150298357009888,0.253122866153717,0.2324736565351486,296.83953857421875,297.1499938964844,293.1499938964844,0.0,-0.0,284.7245788574219,0.818151593208313,0.3855179846286773,0.3697525858879089,296.8930053710937,297.1499938964844,293.1499938964844,0.0,-0.0,284.72467041015625,0.9990000128746032,0.7874357104301453,0.4997880756855011,296.93817138671875,297.1499938964844,293.1499938964844,0.0,-0.0,284.7244567871094,0.722065269947052,0.2611765563488006,0.252445638179779,296.96954345703125,297.1499938964844,293.1499938964844,0.0,-0.0,284.72393798828125,0.5925074219703674,0.1435968577861786,0.6706012487411499,284.7245788574219,284.95001220703125,294.742919921875,286.3084411621094,294.7455749511719,296.9696044921875,284.72479248046875,1.0,0.505687415599823,1.0,1.0,0.0,1.0,-2.4310319423675537,2.431027173995972,4.751975666295039e-06,1.8777363300323489,0.8906616568565369,0.8906616568565369,0.0,161.52252197265625,142.0,24638.740234375,-0.0,1489.314453125,1.0,282.14208984375,283.762939453125,289.21990966796875,290.8363952636719,293.1499938964844,293.1499938964844,282.45001220703125,36339.3125,36000.0,313.1499938964844,0.0,18000.0,1.0,0.0,0.0,0.0,1.0,0.8034307956695557,1.0,0.0,0.0,3.628732442855835,3.628756523132324,8.786242915448383e-07,4.265924453735352,4.265914440155029,9.78592834144365e-06,0.0,0.0,-0.0,3885.486328125,0.0,1512.159912109375,1895.4371337890625,0.0,2502.833984375,0.9007665514945984,1.0,0.0,3.0,1.0,0.0
12163380,296.9286499023437,297.1499938964844,293.1499938964844,0.0,-0.0,284.8935241699219,0.7153363227844238,0.2518263161182403,0.2310714125633239,296.8428649902344,297.1499938964844,293.1499938964844,0.0,-0.0,284.8955383300781,0.8185285329818726,0.3834837079048157,0.3675764799118042,296.8936462402344,297.1499938964844,293.1499938964844,0.0,-0.0,284.89715576171875,0.9990000128746032,0.7855313420295715,0.4961209297180176,296.939453125,297.1499938964844,293.1499938964844,0.0,-0.0,284.8937072753906,0.7222803235054016,0.2596912086009979,0.2508321702480316,296.9700622558594,297.1499938964844,293.1499938964844,0.0,-0.0,284.888427734375,0.5918886065483093,0.1422740817070007,0.6638664603233337,284.8952331542969,284.95001220703125,294.6741638183594,286.2738952636719,294.67681884765625,296.969970703125,284.9027709960937,1.0,0.5015565156936646,1.0,1.0,0.0,1.0,-2.412305355072021,2.4123005867004395,4.679092398873763e-06,1.8632404804229736,0.8917813301086426,0.8917813301086426,0.0,159.13204956054688,142.0,23782.642578125,-0.0,1455.4769287109375,1.0,282.4139404296875,283.9690856933594,289.1259765625,290.6353759765625,293.1499938964844,293.1499938964844,282.45001220703125,36202.14453125,36000.0,313.1499938964844,0.0,18000.0,1.0,0.0,0.0,0.0,1.0,0.7826650142669678,1.0,0.0,0.0,3.624163627624512,3.6241872310638414,8.764130825511529e-07,4.265924453735352,4.265914440155029,9.78592834144365e-06,0.0,0.0,-0.0,3992.152587890625,0.0,1506.115478515625,1895.4371337890625,0.0,2314.100830078125,0.8996908664703369,1.0,0.0,3.0,1.0,0.0
12163440,296.9327392578125,297.1499938964844,293.1499938964844,0.0,-0.0,284.9206237792969,0.7164853811264038,0.2511056363582611,0.2303284108638763,296.8465576171875,297.1499938964844,293.1499938964844,0.0,-0.0,284.9207458496094,0.819766104221344,0.3822873830795288,0.3663413822650909,296.90093994140625,297.1499938964844,293.1499938964844,0.0,-0.0,284.9208068847656,0.9990000128746032,0.7849451899528503,0.4920825958251953,296.94158935546875,297.1499938964844,293.1499938964844,0.0,-0.0,284.920654296875,0.7232939600944519,0.2588316798210144,0.249911680817604,296.9715576171875,297.1499938964844,293.1499938964844,0.0,-0.0,284.920166015625,0.5923750996589661,0.1415075957775116,0.6598767042160034,284.92071533203125,284.95001220703125,294.62847900390625,286.2509460449219,294.6311340332031,296.971435546875,284.9206848144531,1.0,0.4983153343200683,1.0,1.0,0.0,1.0,-2.399179458618164,2.399174690246582,4.628258011507569e-06,1.8530278205871584,0.8919235467910767,0.8919235467910767,0.0,156.75640869140625,145.0,23568.169921875,-0.0,1429.1651611328125,1.0,282.44158935546875,283.9947204589844,289.12603759765625,290.6509094238281,293.1499938964844,293.1499938964844,282.75,36138.078125,36000.0,313.1499938964844,0.0,18000.0,1.0,0.0,0.0,0.0,1.0,0.7738550901412964,1.0,0.0,0.0,3.622863531112671,3.622887372970581,8.757845080253901e-07,4.265924453735352,4.265914440155029,9.78592834144365e-06,0.0,0.0,-0.0,3793.126953125,0.0,1504.21240234375,1895.4371337890625,0.0,2235.147705078125,0.8993233442306519,1.0,0.0,3.0,1.0,0.0
12163500,296.93853759765625,297.1499938964844,293.1499938964844,0.0,-0.0,285.0684814453125,0.7169021964073181,0.2502965331077575,0.22947658598423,296.85205078125,297.1499938964844,293.1499938964844,0.0,-0.0,285.071533203125,0.8201658725738525,0.3809012472629547,0.3648951649665832,296.9142761230469,297.1499938964844,293.1499938964844,0.0,-0.0,285.07403564453125,0.9990000128746032,0.7846705317497253,0.4893785119056701,296.945068359375,297.1499938964844,293.1499938964844,0.0,-0.0,285.0687561035156,0.7235881686210632,0.257852554321289,0.2488633841276168,296.9743347167969,297.1499938964844,293.1499938964844,0.0,-0.0,285.0610046386719,0.5921038389205933,0.1406474113464355,0.6554661393165588,285.071044921875,284.95001220703125,294.5715026855469,286.22235107421875,294.5741577148437,296.9740905761719,285.08306884765625,1.0,0.4959152638912201,1.0,1.0,0.0,1.0,-2.38660192489624,2.3865973949432373,4.579560936690541e-06,1.84310245513916,0.8941580653190613,0.8941580653190613,0.0,155.04998779296875,145.0,22802.240234375,-0.0,1406.5103759765625,1.0,282.697998046875,284.18212890625,289.06768798828125,290.4901428222656,293.1499938964844,293.1499938964844,282.75,36005.515625,36000.0,313.1499938964844,0.0,18000.0,1.0,0.0,0.0,0.0,1.0,0.7569153904914856,1.0,0.0,0.0,3.623019218444824,3.6230430603027344,8.758597687119618e-07,4.265924453735352,4.265914440155029,9.78592834144365e-06,0.0,0.0,-0.0,3893.2666015625,0.0,1503.3988037109375,1895.4371337890625,0.0,2085.572021484375,0.8993110656738281,1.0,0.0,3.0,1.0,0.0
12163560,296.9453125,297.1499938964844,293.1499938964844,0.0,-0.0,285.1197204589844,0.7170401215553284,0.2496225386857986,0.2288235276937484,296.85870361328125,297.1499938964844,293.1499938964844,0.0,-0.0,285.1199035644531,0.8201920986175537,0.3796700835227966,0.3636761605739593,296.9287414550781,297.1499938964844,293.1499938964844,0.0,-0.0,285.1200561523437,0.9990000128746032,0.784602701663971,0.4876938760280609,296.9496154785156,297.1499938964844,293.1499938964844,0.0,-0.0,285.1197509765625,0.7235807776451111,0.2570005357265472,0.2479985803365707,296.97808837890625,297.1499938964844,293.1499938964844,0.0,-0.0,285.1191101074219,0.5916138887405396,0.1399039030075073,0.6518006920814514,285.1199035644531,284.95001220703125,294.51470947265625,286.19390869140625,294.51739501953125,296.9778747558594,285.12030029296875,1.0,0.4940648972988128,1.0,1.0,0.0,1.0,-2.3768832683563232,2.3768787384033203,4.542200713331113e-06,1.835478901863098,0.8958408236503601,0.8958408236503601,0.0,153.93324279785156,148.0,22589.986328125,-0.0,1389.959228515625,1.0,282.7416381835937,284.2285461425781,289.0782470703125,290.531982421875,293.1499938964844,293.1499938964844,283.04998779296875,35888.4296875,36000.0,313.1499938964844,0.0,18000.0,1.0,0.0,0.0,0.0,1.0,0.7468860745429993,1.0,0.0,0.0,3.626221179962158,3.626244783401489,8.774085245022434e-07,4.265924453735352,4.265914440155029,9.78592834144365e-06,0.0,0.0,-0.0,3718.20703125,0.0,1506.0445556640625,1895.4371337890625,0.0,1998.5726318359373,0.8999033570289612,1.0,0.0,3.0,1.0,0.0
12163620,296.9590148925781,297.1499938964844,293.1499938964844,0.0,-0.0,285.3229064941406,0.7164164781570435,0.2484178841114044,0.2276721447706222,296.87274169921875,297.1499938964844,293.1499938964844,0.0,-0.0,285.3231201171875,0.8192160129547119,0.3774002492427826,0.3614507615566253,296.95379638671875,297.1499938964844,293.1499938964844,0.0,-0.0,285.3232727050781,0.9990000128746032,0.7843412756919861,0.4865525364875793,296.95928955078125,297.1499938964844,293.1499938964844,0.0,-0.0,285.32293701171875,0.7227040529251099,0.2554421424865722,0.2464571148157119,296.9865417480469,297.1499938964844,293.1499938964844,0.0,-0.0,285.3221740722656,0.5899412035942078,0.1385812014341354,0.6455091238021851,285.3230895996094,284.95001220703125,294.4017944335937,286.1374816894531,294.4044494628906,296.9862976074219,285.3236389160156,1.0,0.49171844124794,1.0,1.0,0.0,1.0,-2.3620407581329346,2.362036228179932,4.485455974645447e-06,1.8238385915756223,0.9025018811225892,0.9025018811225892,0.0,152.9174346923828,151.0,21692.015625,-0.0,1367.6781005859375,1.0,283.0416259765625,284.4640197753906,289.0431823730469,290.4392395019531,293.1499938964844,293.1499938964844,282.75,35614.75390625,36000.0,313.1499938964844,0.0,18000.0,1.0,0.0,0.0,0.0,1.0,0.7245014309883118,1.0,0.0,0.0,3.639794111251831,3.639817953109741,8.839891734169214e-07,4.265924453735352,4.265914440155029,9.78592834144365e-06,0.0,0.0,-0.0,4082.351806640625,0.0,1518.96923828125,1895.4371337890625,0.0,1809.2159423828125,0.902749478816986,1.0,0.0,3.0,1.0,0.0
12163680,296.9590148925781,297.1499938964844,293.1499938964844,0.0,-0.0,285.3229064941406,0.7164164781570435,0.2484178841114044,0.2276721447706222,296.87274169921875,297.1499938964844,293.1499938964844,0.0,-0.0,285.3231201171875,0.8192160129547119,0.3774002492427826,0.3614507615566253,296.95379638671875,297.1499938964844,293.1499938964844,0.0,-0.0,285.3232727050781,0.9990000128746032,0.7843412756919861,0.4865525364875793,296.95928955078125,297.1499938964844,293.1499938964844,0.0,-0.0,285.32293701171875,0.7227040529251099,0.2554421424865722,0.2464571148157119,296.9865417480469,297.1499938964844,293.1499938964844,0.0,-0.0,285.3221740722656,0.5899412035942078,0.1385812014341354,0.6455091238021851,285.3230895996094,284.95001220703125,294.4017944335937,286.1374816894531,294.4044494628906,296.9862976074219,285.3236389160156,1.0,0.49171844124794,1.0,1.0,0.0,1.0,-2.3620407581329346,2.362036228179932,4.485455974645447e-06,1.8238385915756223,0.9025018811225892,0.9025018811225892,0.0,152.9174346923828,151.0,21692.015625,-0.0,1367.6781005859375,1.0,283.0416259765625,284.4640197753906,289.0431823730469,290.4392395019531,293.1499938964844,293.1499938964844,282.75,35614.75390625,36000.0,313.1499938964844,0.0,18000.0,1.0,0.0,0.0,0.0,1.0,0.7245014309883118,1.0,0.0,0.0,3.639794111251831,3.639817953109741,8.839891734169214e-07,4.265924453735352,4.265914440155029,9.78592834144365e-06,0.0,0.0,-0.0,4082.351806640625,0.0,1518.96923828125,1895.4371337890625,0.0,1809.2159423828125,0.902749478816986,1.0,0.0,3.0,1.0,0.0
12163740,296.9566345214844,297.1499938964844,293.1499938964844,0.0,-0.0,285.0758972167969,0.7134235501289368,0.245780348777771,0.2258144617080688,296.8708801269531,297.1499938964844,293.1499938964844,0.0,-0.0,285.0749206542969,0.8159231543540955,0.3737227916717529,0.3585246205329895,296.9369812011719,297.1499938964844,293.1499938964844,0.0,-0.0,285.0740966796875,0.9990000128746032,0.7802121043205261,0.4888046979904175,296.9575500488281,297.1499938964844,293.1499938964844,0.0,-0.0,285.0758056640625,0.7197902202606201,0.2528658509254455,0.2444309592247009,296.98809814453125,297.1499938964844,293.1499938964844,0.0,-0.0,285.0783386230469,0.5863085985183716,0.1366815119981765,0.6382665634155273,285.0750732421875,284.95001220703125,294.28985595703125,286.0816955566406,294.2925109863281,296.9881896972656,285.0709228515625,1.0,0.4905566275119781,1.0,1.0,0.0,1.0,-2.3478689193725586,2.347864389419556,4.431837169249775e-06,1.812841773033142,0.9022676944732666,0.9022676944732666,0.0,153.55177307128906,154.0,21937.572265625,-0.0,1353.03173828125,1.0,282.7578430175781,284.19927978515625,289.1462097167969,290.6320495605469,293.1499938964844,293.1499938964844,282.45001220703125,35771.35546875,36000.0,313.1499938964844,0.0,18000.0,1.0,0.0,0.0,0.0,1.0,0.7432705760002136,1.0,0.0,0.0,3.649553060531616,3.6495769023895264,8.887357125786366e-07,4.265924453735352,4.265914440155029,9.78592834144365e-06,0.0,0.0,-0.0,4161.947265625,0.0,1530.960693359375,1895.4371337890625,0.0,1967.52099609375,0.9050015211105348,1.0,0.0,3.0,1.0,0.0
12163800,296.9566345214844,297.1499938964844,293.1499938964844,0.0,-0.0,285.0758972167969,0.7134235501289368,0.245780348777771,0.2258144617080688,296.8708801269531,297.1499938964844,293.1499938964844,0.0,-0.0,285.0749206542969,0.8159231543540955,0.3737227916717529,0.3585246205329895,296.9369812011719,297.1499938964844,293.1499938964844,0.0,-0.0,285.0740966796875,0.9990000128746032,0.7802121043205261,0.4888046979904175,296.9575500488281,297.1499938964844,293.1499938964844,0.0,-0.0,285.0758056640625,0.7197902202606201,0.2528658509254455,0.2444309592247009,296.98809814453125,297.1499938964844,293.1499938964844,0.0,-0.0,285.0783386230469,0.5863085985183716,0.1366815119981765,0.6382665634155273,285.0750732421875,284.95001220703125,294.28985595703125,286.0816955566406,294.2925109863281,296.9881896972656,285.0709228515625,1.0,0.4905566275119781,1.0,1.0,0.0,1.0,-2.3478689193725586,2.347864389419556,4.431837169249775e-06,1.812841773033142,0.9022676944732666,0.9022676944732666,0.0,153.55177307128906,154.0,21937.572265625,-0.0,1353.03173828125,1.0,282.7578430175781,284.19927978515625,289.1462097167969,290.6320495605469,293.1499938964844,293.1499938964844,282.45001220703125,35771.35546875,36000.0,313.1499938964844,0.0,18000.0,1.0,0.0,0.0,0.0,1.0,0.7432705760002136,1.0,0.0,0.0,3.649553060531616,3.6495769023895264,8.887357125786366e-07,4.265924453735352,4.265914440155029,9.78592834144365e-06,0.0,0.0,-0.0,4161.947265625,0.0,1530.960693359375,1895.4371337890625,0.0,1967.52099609375,0.9050015211105348,1.0,0.0,3.0,1.0,0.0
12163860,296.94110107421875,297.1499938964844,293.1499938964844,0.0,-0.0,284.8021240234375,0.7071071267127991,0.2417665272951126,0.2225662320852279,296.85479736328125,297.1499938964844,293.1499938964844,0.0,-0.0,284.8011169433594,0.8096158504486084,0.3685698509216308,0.3540734648704529,296.8774719238281,297.1499938964844,293.1499938964844,0.0,-0.0,284.8002014160156,0.9990000128746032,0.7715210914611816,0.4944576621055603,296.94451904296875,297.1499938964844,293.1499938964844,0.0,-0.0,284.8020324707031,0.7141076326370239,0.2491167932748794,0.2412430197000503,296.980712890625,297.1499938964844,293.1499938964844,0.0,-0.0,284.8046875,0.5796384811401367,0.133890300989151,0.6272063255310059,284.80126953125,284.95001220703125,294.1790466308594,286.0266418457031,294.18170166015625,296.98101806640625,284.7969055175781,1.0,0.4897895157337188,1.0,1.0,0.0,1.0,-2.328298330307007,2.328294038772583,4.358352725830628e-06,1.7976583242416382,0.898125410079956,0.898125410079956,0.0,155.6697540283203,142.0,22139.890625,-0.0,1337.9500732421875,1.0,282.4582214355469,283.9134521484375,289.11773681640625,290.6504821777344,293.1499938964844,293.1499938964844,282.75,36061.10546875,36000.0,313.1499938964844,0.0,18000.0,1.0,0.0,0.0,0.0,1.0,0.7666131258010864,1.0,0.0,0.0,3.6483757495880127,3.648399829864502,8.881625035428442e-07,4.265924453735352,4.265914440155029,9.78592834144365e-06,0.0,0.0,-0.0,3740.637451171875,0.0,1531.8193359375,1895.4371337890625,0.0,2170.822265625,0.9049273133277892,1.0,0.0,3.0,1.0,0.0
12163920,296.94110107421875,297.1499938964844,293.1499938964844,0.0,-0.0,284.8021240234375,0.7071071267127991,0.2417665272951126,0.2225662320852279,296.85479736328125,297.1499938964844,293.1499938964844,0.0,-0.0,284.8011169433594,0.8096158504486084,0.3685698509216308,0.3540734648704529,296.8774719238281,297.1499938964844,293.1499938964844,0.0,-0.0,284.8002014160156,0.9990000128746032,0.7715210914611816,0.4944576621055603,296.94451904296875,297.1499938964844,293.1499938964844,0.0,-0.0,284.8020324707031,0.7141076326370239,0.2491167932748794,0.2412430197000503,296.980712890625,297.1499938964844,293.1499938964844,0.0,-0.0,284.8046875,0.5796384811401367,0.133890300989151,0.6272063255310059,284.80126953125,284.95001220703125,294.1790466308594,286.0266418457031,294.18170166015625,296.98101806640625,284.7969055175781,1.0,0.4897895157337188,1.0,1.0,0.0,1.0,-2.328298330307007,2.328294038772583,4.358352725830628e-06,1.7976583242416382,0.898125410079956,0.898125410079956,0.0,155.6697540283203,142.0,22139.890625,-0.0,1337.9500732421875,1.0,282.4582214355469,283.9134521484375,289.11773681640625,290.6504821777344,293.1499938964844,293.1499938964844,282.75,36061.10546875,36000.0,313.1499938964844,0.0,18000.0,1.0,0.0,0.0,0.0,1.0,0.7666131258010864,1.0,0.0,0.0,3.6483757495880127,3.648399829864502,8.881625035428442e-07,4.265924453735352,4.265914440155029,9.78592834144365e-06,0.0,0.0,-0.0,3740.637451171875,0.0,1531.8193359375,1895.4371337890625,0.0,2170.822265625,0.9049273133277892,1.0,0.0,3.0,1.0,0.0
12163980,296.9369812011719,297.1499938964844,293.1499938964844,0.0,-0.0,284.9755554199219,0.7049033045768738,0.2386824339628219,0.2193897813558578,296.8491516113281,297.1499938964844,293.1499938964844,0.0,-0.0,284.9756774902344,0.8076623678207397,0.3642382621765136,0.3495828509330749,296.8413391113281,297.1499938964844,293.1499938964844,0.0,-0.0,284.97576904296875,0.9990000128746032,0.7643448710441589,0.4917450249195099,296.9378356933594,297.1499938964844,293.1499938964844,0.0,-0.0,284.9755859375,0.7120514512062073,0.2458230108022689,0.2378464341163635,296.9750671386719,297.1499938964844,293.1499938964844,0.0,-0.0,284.9750366210937,0.5760623216629028,0.1311665177345276,0.614201545715332,284.9756774902344,285.0498046875,294.06951904296875,285.972412109375,294.0721740722656,296.97515869140625,284.97564697265625,1.0,0.4840220808982849,1.0,1.0,0.0,1.0,-2.29613733291626,2.296133041381836,4.239097961544758e-06,1.7727645635604858,0.8980657458305359,0.8980657458305359,0.0,153.3792266845703,130.0,21129.783203125,-0.0,1290.946533203125,1.0,282.7421875,284.1254577636719,288.8985595703125,290.3079528808594,293.1499938964844,293.1499938964844,283.04998779296875,36044.64453125,36000.0,313.1499938964844,0.0,18000.0,1.0,0.0,0.0,0.0,1.0,0.7466768622398376,1.0,0.0,0.0,3.646717071533203,3.646741151809693,8.873550996213453e-07,4.265924453735352,4.265914440155029,9.78592834144365e-06,0.0,0.0,-0.0,3607.67919921875,0.0,1529.85302734375,1895.4371337890625,0.0,1996.7708740234373,0.9045594930648804,1.0,0.0,3.0,1.0,0.0
12164040,296.9369812011719,297.1499938964844,293.1499938964844,0.0,-0.0,284.9755554199219,0.7049033045768738,0.2386824339628219,0.2193897813558578,296.8491516113281,297.1499938964844,293.1499938964844,0.0,-0.0,284.9756774902344,0.8076623678207397,0.3642382621765136,0.3495828509330749,296.8413391113281,297.1499938964844,293.1499938964844,0.0,-0.0,284.97576904296875,0.9990000128746032,0.7643448710441589,0.4917450249195099,296.9378356933594,297.1499938964844,293.1499938964844,0.0,-0.0,284.9755859375,0.7120514512062073,0.2458230108022689,0.2378464341163635,296.9750671386719,297.1499938964844,293.1499938964844,0.0,-0.0,284.9750366210937,0.5760623216629028,0.1311665177345276,0.614201545715332,284.9756774902344,285.0498046875,294.06951904296875,285.972412109375,294.0721740722656,296.97515869140625,284.97564697265625,1.0,0.4840220808982849,1.0,1.0,0.0,1.0,-2.29613733291626,2.296133041381836,4.239097961544758e-06,1.7727645635604858,0.8980657458305359,0.8980657458305359,0.0,153.3792266845703,130.0,21129.783203125,-0.0,1290.946533203125,1.0,282.7421875,284.1254577636719,288.8985595703125,290.3079528808594,293.1499938964844,293.1499938964844,283.04998779296875,36044.64453125,36000.0,313.1499938964844,0.0,18000.0,1.0,0.0,0.0,0.0,1.0,0.7466768622398376,1.0,0.0,0.0,3.646717071533203,3.646741151809693,8.873550996213453e-07,4.265924453735352,4.265914440155029,9.78592834144365e-06,0.0,0.0,-0.0,3607.67919921875,0.0,1529.85302734375,1895.4371337890625,0.0,1996.7708740234373,0.9045594930648804,1.0,0.0,3.0,1.0,0.0
12164100,296.93963623046875,297.1499938964844,293.1499938964844,0.0,-0.0,285.12286376953125,0.7057710289955139,0.237590417265892,0.2181952595710754,296.85113525390625,297.1499938964844,293.1499938964844,0.0,-0.0,285.1261291503906,0.8086524605751038,0.362525075674057,0.3477403819561004,296.8416442871094,297.1499938964844,293.1499938964844,0.0,-0.0,285.12890625,0.9990000128746032,0.7624117732048035,0.487361878156662,296.93804931640625,297.1499938964844,293.1499938964844,0.0,-0.0,285.1231384277344,0.7127383351325989,0.2444974780082702,0.2364068478345871,296.9747619628906,297.1499938964844,293.1499938964844,0.0,-0.0,285.1144104003906,0.5759074091911316,0.1300266683101654,0.6083201169967651,285.1256408691406,285.1170654296875,294.0152587890625,285.9456481933594,294.0179138183594,296.9747009277344,285.1382141113281,1.0,0.4800005853176117,1.0,1.0,0.0,1.0,-2.278430700302124,2.2784264087677,4.174089099251432e-06,1.759003758430481,0.8988715410232544,0.8988715410232544,0.0,150.7417449951172,130.0,20357.23828125,-0.0,1260.1856689453125,1.0,282.9986877441406,284.3134155273437,288.7984313964844,290.095458984375,293.1499938964844,293.1499938964844,283.04998779296875,36014.59765625,36000.0,313.1499938964844,0.0,18000.0,1.0,0.0,0.0,0.0,1.0,0.7281621694564819,1.0,0.0,0.0,3.646074295043945,3.646098136901856,8.870422334439354e-07,4.265924453735352,4.265914440155029,9.78592834144365e-06,0.0,0.0,-0.0,3689.657470703125,0.0,1528.9144287109375,1895.4371337890625,0.0,1839.6922607421875,0.9044402241706848,1.0,0.0,3.0,1.0,0.0
12164160,296.9443664550781,297.1499938964844,293.1499938964844,0.0,-0.0,285.1731262207031,0.7077503204345703,0.236723318696022,0.2172524631023407,296.8554077148437,297.1499938964844,293.1499938964844,0.0,-0.0,285.1732788085937,0.8107312917709351,0.3610510230064392,0.346172571182251,296.8524475097656,297.1499938964844,293.1499938964844,0.0,-0.0,285.1733703613281,0.9990000128746032,0.7615175843238831,0.4814039766788482,296.9400329589844,297.1499938964844,293.1499938964844,0.0,-0.0,285.17315673828125,0.7143926024436951,0.243352472782135,0.2351595163345337,296.97613525390625,297.1499938964844,293.1499938964844,0.0,-0.0,285.1725158691406,0.5767683982849121,0.1290522813796997,0.6031201481819153,285.1732482910156,285.1838684082031,293.9613952636719,285.91912841796875,293.96405029296875,296.9760437011719,285.1733093261719,1.0,0.4754284024238586,1.0,1.0,0.0,1.0,-2.2605140209198,2.260509967803955,4.10883558288333e-06,1.745071530342102,0.8986719250679016,0.8986719250679016,0.0,147.37730407714844,118.0,20102.90234375,-0.0,1226.794189453125,1.0,283.0418395996094,284.3577880859375,288.7847595214844,290.10205078125,293.1499938964844,293.1499938964844,283.1499938964844,35999.25,35280.0,313.1499938964844,0.0,18000.0,1.0,0.0,0.0,0.0,1.0,0.7148281335830688,1.0,0.0,0.0,3.6465673446655273,3.6465914249420166,8.872822263583657e-07,4.265924453735352,4.265914440155029,9.78592834144365e-06,0.0,0.0,-0.0,3646.05029296875,0.0,1529.347412109375,1895.4371337890625,0.0,1729.6807861328125,0.9024996757507324,1.0,0.0,3.0,1.0,0.0
12164220,296.9508972167969,297.1499938964844,293.1499938964844,0.0,-0.0,285.2236022949219,0.7131763100624084,0.2347836047410965,0.2153197079896927,296.8614501953125,297.1499938964844,293.1499938964844,0.0,-0.0,285.2233581542969,0.8165326118469238,0.3579334020614624,0.3430253267288208,296.8845520019531,297.1499938964844,293.1499938964844,0.0,-0.0,285.2231140136719,0.9990000128746032,0.7609864473342896,0.4665750861167907,296.9427185058594,297.1499938964844,293.1499938964844,0.0,-0.0,285.2235717773437,0.7191616296768188,0.2409647107124328,0.2326716631650924,296.9797668457031,297.1499938964844,293.1499938964844,0.0,-0.0,285.2240600585937,0.5802660584449768,0.1272150576114654,0.5934478044509888,285.223388671875,285.3160095214844,293.8548278808594,285.86688232421875,293.8575134277344,296.9796447753906,285.2218933105469,1.0,0.4649553000926971,1.0,1.0,0.0,1.0,-2.221996068954468,2.221992254257202,3.970433681388386e-06,1.715139389038086,0.8970299959182739,0.8970299959182739,0.0,139.35406494140625,121.0,19424.125,-0.0,1153.556640625,1.0,283.1470642089844,284.4280700683594,288.7810363769531,290.06817626953125,293.1499938964844,293.1499938964844,283.1499938964844,35701.91796875,34200.0,313.1499938964844,0.0,18000.0,1.0,0.0,0.0,0.0,1.0,0.6965577006340027,1.0,0.0,0.0,3.6252121925354,3.625236034393311,8.769204100644856e-07,4.265924453735352,4.265914440155029,9.78592834144365e-06,0.0,0.0,-0.0,3680.94970703125,0.0,1503.5501708984375,1895.4371337890625,0.0,1583.6937255859375,0.8961488008499146,1.0,0.0,3.0,1.0,0.0
12164280,296.9508972167969,297.1499938964844,293.1499938964844,0.0,-0.0,285.2236022949219,0.7131763100624084,0.2347836047410965,0.2153197079896927,296.8614501953125,297.1499938964844,293.1499938964844,0.0,-0.0,285.2233581542969,0.8165326118469238,0.3579334020614624,0.3430253267288208,296.8845520019531,297.1499938964844,293.1499938964844,0.0,-0.0,285.2231140136719,0.9990000128746032,0.7609864473342896,0.4665750861167907,296.9427185058594,297.1499938964844,293.1499938964844,0.0,-0.0,285.2235717773437,0.7191616296768188,0.2409647107124328,0.2326716631650924,296.9797668457031,297.1499938964844,293.1499938964844,0.0,-0.0,285.2240600585937,0.5802660584449768,0.1272150576114654,0.5934478044509888,285.223388671875,285.3160095214844,293.8548278808594,285.86688232421875,293.8575134277344,296.9796447753906,285.2218933105469,1.0,0.4649553000926971,1.0,1.0,0.0,1.0,-2.221996068954468,2.221992254257202,3.970433681388386e-06,1.715139389038086,0.8970299959182739,0.8970299959182739,0.0,139.35406494140625,121.0,19424.125,-0.0,1153.556640625,1.0,283.1470642089844,284.4280700683594,288.7810363769531,290.06817626953125,293.1499938964844,293.1499938964844,283.1499938964844,35701.91796875,34200.0,313.1499938964844,0.0,18000.0,1.0,0.0,0.0,0.0,1.0,0.6965577006340027,1.0,0.0,0.0,3.6252121925354,3.625236034393311,8.769204100644856e-07,4.265924453735352,4.265914440155029,9.78592834144365e-06,0.0,0.0,-0.0,3680.94970703125,0.0,1503.5501708984375,1895.4371337890625,0.0,1583.6937255859375,0.8961488008499146,1.0,0.0,3.0,1.0,0.0
12164340,296.9524841308594,303.1499938964844,285.1499938964844,0.0,-0.0,285.19854736328125,0.7149539589881897,0.0,0.2131736725568771,296.8627319335937,303.1499938964844,285.1499938964844,0.0,-0.0,285.1982116699219,0.8185393214225769,0.0,0.3396763503551483,296.91217041015625,303.1499938964844,285.1499938964844,0.0,-0.0,285.1979064941406,0.9990000128746032,0.0,0.4584446549415588,296.9421081542969,303.1499938964844,285.1499938964844,0.0,-0.0,285.1985168457031,0.720609188079834,0.0,0.2300773710012436,296.9825439453125,303.1499938964844,285.1499938964844,0.0,-0.0,285.1993408203125,0.5808091163635254,0.0,0.5844799280166626,285.1982727050781,294.1499938964844,293.75,285.8157043457031,293.7526550292969,296.98248291015625,285.19659423828125,0.0,0.0,1.0,1.0,0.0,1.0,-2.1917312145233154,2.19172739982605,3.863196525344392e-06,1.691464066505432,0.0,0.0,0.0,134.78700256347656,60.0,18980.93359375,-0.0,1104.0411376953125,0.0,283.1499328613281,284.4178161621094,288.7828369140625,290.0605163574219,293.1499938964844,293.1499938964844,278.1499938964844,35170.78125,18000.0,313.1499938964844,0.0,18000.0,0.0,0.0,0.0,0.0,0.0,0.0,0.0,0.0,0.0,3.5804245471954346,3.5804479122161865,8.553864176974457e-07,4.265924453735352,4.265914440155029,9.78592834144365e-06,0.0,0.0,-0.0,0.0,0.0,1451.0452880859375,1895.4371337890625,0.0,0.0,0.0,0.0,0.0,4.0,0.0,0.0
12164400,296.9524841308594,303.1499938964844,285.1499938964844,0.0,-0.0,285.19854736328125,0.7149539589881897,0.0,0.2131736725568771,296.8627319335937,303.1499938964844,285.1499938964844,0.0,-0.0,285.1982116699219,0.8185393214225769,0.0,0.3396763503551483,296.91217041015625,303.1499938964844,285.1499938964844,0.0,-0.0,285.1979064941406,0.9990000128746032,0.0,0.4584446549415588,296.9421081542969,303.1499938964844,285.1499938964844,0.0,-0.0,285.1985168457031,0.720609188079834,0.0,0.2300773710012436,296.9825439453125,303.1499938964844,285.1499938964844,0.0,-0.0,285.1993408203125,0.5808091163635254,0.0,0.5844799280166626,285.1982727050781,294.1499938964844,293.75,285.8157043457031,293.7526550292969,296.98248291015625,285.19659423828125,0.0,0.0,1.0,1.0,0.0,1.0,-2.1917312145233154,2.19172739982605,3.863196525344392e-06,1.691464066505432,0.0,0.0,0.0,134.78700256347656,60.0,18980.93359375,-0.0,1104.0411376953125,0.0,283.1499328613281,284.4178161621094,288.7828369140625,290.0605163574219,293.1499938964844,293.1499938964844,278.1499938964844,35170.78125,18000.0,313.1499938964844,0.0,18000.0,0.0,0.0,0.0,0.0,0.0,0.0,0.0,0.0,0.0,3.5804245471954346,3.5804479122161865,8.553864176974457e-07,4.265924453735352,4.265914440155029,9.78592834144365e-06,0.0,0.0,-0.0,0.0,0.0,1451.0452880859375,1895.4371337890625,0.0,0.0,0.0,0.0,0.0,4.0,0.0,0.0
12164460,297.25,303.1499938964844,285.1499938964844,0.0,-0.0,285.2596435546875,0.1458320468664169,0.0,0.0016024456126615,297.1820373535156,303.1499938964844,285.1499938964844,0.0,-0.0,285.26153564453125,0.414602130651474,0.0,0.001687457319349,297.60870361328125,303.1499938964844,285.1499938964844,0.0,-0.0,285.2619934082031,0.414602130651474,0.0,0.0012463509337976,297.1511535644531,303.1499938964844,285.1499938964844,0.0,-0.0,285.2598876953125,0.2981927692890167,0.0,0.0016874531283974,297.0898742675781,303.1499938964844,285.1499938964844,0.0,-0.0,285.2542724609375,0.0,0.0,0.0080044781789183,285.2686767578125,294.1499938964844,293.6954650878906,285.789794921875,293.7283020019531,296.5681457519531,284.59039306640625,0.0,0.0,0.7897212505340576,0.7897212505340576,0.2102787494659423,1.0,-0.0170766618102788,0.0171924550086259,-0.0001157923616119,-0.021493898704648,0.0,0.0,0.0,-0.0900078490376472,60.0,1172.75439453125,-0.0,-1.988216899917461e-05,0.0,283.35400390625,284.5365905761719,288.9228210449219,289.824462890625,293.1499938964844,293.1499938964844,278.1499938964844,5.18804881721735e-07,18000.0,313.1499938964844,0.0,18000.0,0.0,0.0,0.0,0.0,0.0,0.0,0.0,0.0,0.0,1.078788208937198e-12,1.0788831850475078e-12,2.822240988357424e-18,4.881206203122268e-11,4.881198917283669e-11,7.109948237138294e-17,0.0,0.0,-0.0,0.0,0.0,1.2299284106514005e-21,4.653494528964003e-20,0.0,0.0,0.0,0.0,0.0,4.0,0.0,0.0
12164520,297.49267578125,303.1499938964844,285.1499938964844,0.0,-0.0,285.2560729980469,0.0,0.0,0.0008552257204428,297.4461364746094,303.1499938964844,285.1499938964844,0.0,-0.0,285.25689697265625,0.0,0.0,0.0013222998240962,298.0361022949219,303.1499938964844,285.1499938964844,0.0,-0.0,285.2552185058594,0.0,0.0,0.0007962436066009,297.3428955078125,303.1499938964844,285.1499938964844,0.0,-0.0,285.2563171386719,0.0,0.0,0.0009209515410475,297.2285461425781,303.1499938964844,285.1499938964844,0.0,-0.0,285.2514343261719,0.0,0.0,0.0025170722510665,285.26220703125,294.1499938964844,293.6464233398437,285.7675170898437,293.7211608886719,296.0672302246094,284.2889709472656,0.0,0.0,0.6000000238418579,0.6000000238418579,0.4000000059604645,1.0,-0.0203020814806222,0.0189765319228172,0.0013255494413897,-0.0210895873606205,0.0,0.0,0.0,-0.1076967641711235,60.0,512.59619140625,-0.0,-4.037472081108717e-06,0.0,283.35400390625,284.5365905761719,288.9228210449219,289.824462890625,293.1499938964844,293.1499938964844,278.1499938964844,0.0,18000.0,313.1499938964844,0.0,18000.0,0.0,0.0,0.0,0.0,0.0,0.0,0.0,0.0,0.0,3.1725798233054757e-28,3.7485238768671315e-28,4.280575844056089e-31,6.307437872764354e-18,6.302946695628498e-18,4.491178347547014e-21,0.0,0.0,-0.0,0.0,0.0,0.0,0.0,0.0,0.0,0.0,0.0,0.0,4.0,0.0,0.0
12164580,297.67926025390625,303.1499938964844,285.1499938964844,0.0,-0.0,285.25390625,0.0,0.0,0.0001220179110532,297.6554870605469,303.1499938964844,285.1499938964844,0.0,-0.0,285.25396728515625,0.0,0.0,0.0001406685041729,298.3100280761719,303.1499938964844,285.1499938964844,0.0,-0.0,285.2499084472656,0.0,0.0,0.0001337692228844,297.50299072265625,303.1499938964844,285.1499938964844,0.0,-0.0,285.2541198730469,0.0,0.0,0.000129078500322,297.3668212890625,303.1499938964844,285.1499938964844,0.0,-0.0,285.25,0.0,0.0,0.0005588233470916,285.2589416503906,294.1499938964844,293.5948791503906,285.7451171875,293.7189636230469,295.4612121582031,284.16217041015625,0.0,0.0,0.4000000059604645,0.4000000059604645,0.6000000238418579,1.0,-0.0013014387805014,0.0053301379084587,-0.0040286993607878,-0.0293440837413072,0.0,0.0,0.0,-0.0105284182354807,60.0,202.3884735107422,-0.0,-1.1547631828534577e-07,0.0,283.35400390625,284.5365905761719,288.9228210449219,289.824462890625,293.1499938964844,293.1499938964844,278.1499938964844,0.0,18000.0,313.1499938964844,0.0,18000.0,0.0,0.0,0.0,0.0,0.0,0.0,0.0,0.0,0.0,-1.2373843790573502e-39,-1.6609955035242778e-39,-3.839697922096431e-40,-2.2107007715654874e-20,-1.7867665071055126e-20,-4.239342644599748e-21,0.0,0.0,-0.0,0.0,0.0,0.0,-0.0,0.0,0.0,0.0,0.0,0.0,4.0,0.0,0.0
12164640,297.8190002441406,303.1499938964844,285.1499938964844,0.0,-0.0,285.2530822753906,0.0,0.0,0.0001005536396405,297.8150329589844,303.1499938964844,285.1499938964844,0.0,-0.0,285.25311279296875,0.0,0.0,0.0001061973525793,298.4857177734375,303.1499938964844,285.1499938964844,0.0,-0.0,285.2489929199219,0.0,0.0,7.919550262158737e-05,297.631103515625,303.1499938964844,285.1499938964844,0.0,-0.0,285.2532958984375,0.0,0.0,0.0001059027636074,297.4915771484375,303.1499938964844,285.1499938964844,0.0,-0.0,285.2492370605469,0.0,0.0,0.0005009962478652,285.2576904296875,294.1499938964844,293.5435485839844,285.72381591796875,293.71746826171875,294.9722595214844,284.1270751953125,0.0,0.0,0.2000000029802322,0.2000000029802322,0.800000011920929,1.0,-0.0010715625248849,0.0014258587034419,-0.0003542961494531,-0.0330460742115974,0.0,0.0,0.0,-0.0110531030222773,60.0,78.17335510253906,-0.0,-7.828894155181845e-08,0.0,283.35400390625,284.5365905761719,288.9228210449219,289.824462890625,293.1499938964844,293.1499938964844,278.1499938964844,0.0,18000.0,313.1499938964844,0.0,18000.0,0.0,0.0,0.0,0.0,0.0,0.0,0.0,0.0,0.0,0.0,0.0,0.0,-5.439538092561576e-21,-2.7914633506763658e-21,-2.64807474188521e-21,0.0,0.0,-0.0,0.0,0.0,0.0,-0.0,0.0,0.0,0.0,0.0,0.0,4.0,0.0,0.0
12164700,297.9278259277344,303.1499938964844,285.1499938964844,0.0,-0.0,285.25225830078125,0.0,0.0,9.9950993899256e-05,297.9395751953125,303.1499938964844,285.1499938964844,0.0,-0.0,285.25225830078125,0.0,0.0,0.0001052571169566,298.6080322265625,303.1499938964844,285.1499938964844,0.0,-0.0,285.2481994628906,0.0,0.0,7.775131234666333e-05,297.7354431152344,303.1499938964844,285.1499938964844,0.0,-0.0,285.25244140625,0.0,0.0,0.0001052533989422,297.6015930175781,303.1499938964844,285.1499938964844,0.0,-0.0,285.2484130859375,0.0,0.0,0.0004992578178644,285.2564697265625,294.1499938964844,293.49237060546875,285.7035522460937,293.715576171875,294.5972900390625,284.1287536621094,0.0,0.0,0.0,0.0,1.0,1.0,-0.0010651986813172,6.387917039774038e-08,0.0010651347693055,-0.0343308746814727,0.0,0.0,0.0,-0.0114921545609831,60.0,32.629302978515625,-0.0,-7.734904983180969e-08,0.0,283.35400390625,284.5365905761719,288.9228210449219,289.824462890625,293.1499938964844,293.1499938964844,278.1499938964844,0.0,18000.0,313.1499938964844,0.0,18000.0,0.0,0.0,0.0,0.0,0.0,0.0,0.0,0.0,0.0,0.0,0.0,0.0,-5.540813191533553e-21,-2.771208128933579e-21,-2.7696050625999737e-21,0.0,0.0,-0.0,0.0,0.0,0.0,-0.0,0.0,0.0,0.0,0.0,0.0,4.0,0.0,0.0
12164760,298.0154113769531,303.1499938964844,285.1499938964844,0.0,-0.0,285.2513732910156,0.0,0.0,9.990432590711862e-05,298.0391540527344,303.1499938964844,285.1499938964844,0.0,-0.0,285.2513732910156,0.0,0.0,0.0001052047009579,298.70001220703125,303.1499938964844,285.1499938964844,0.0,-0.0,285.2473449707031,0.0,0.0,7.770457887090743e-05,297.82183837890625,303.1499938964844,285.1499938964844,0.0,-0.0,285.2515563964844,0.0,0.0,0.0001052040970535,297.6979064941406,303.1499938964844,285.1499938964844,0.0,-0.0,285.24755859375,0.0,0.0,0.0004990383167751,285.2551574707031,294.1499938964844,293.4413757324219,285.6842956542969,293.7132263183594,294.3067626953125,284.1443176269531,0.0,0.0,0.0,0.0,1.0,1.0,-0.0010646197479218,1.3422017275388498e-08,0.0010646062437444,-0.034197486937046,0.0,0.0,0.0,-0.0114657627418637,60.0,16.19480323791504,-0.0,-7.727664552703575e-08,0.0,283.35400390625,284.5365905761719,288.9228210449219,289.824462890625,293.1499938964844,293.1499938964844,278.1499938964844,0.0,18000.0,313.1499938964844,0.0,18000.0,0.0,0.0,0.0,0.0,0.0,0.0,0.0,0.0,0.0,-0.0,-0.0,-0.0,-5.54193037003664e-21,-2.7709839662187518e-21,-2.7709464038178884e-21,0.0,0.0,-0.0,0.0,0.0,0.0,-0.0,0.0,0.0,0.0,0.0,0.0,4.0,0.0,0.0
12164820,298.1487731933594,303.1499938964844,285.1499938964844,0.0,-0.0,285.2494506835937,0.0,0.0,9.982224582927302e-05,298.1882629394531,303.1499938964844,285.1499938964844,0.0,-0.0,285.2494812011719,0.0,0.0,0.0001051181825459,298.83447265625,303.1499938964844,285.1499938964844,0.0,-0.0,285.2454833984375,0.0,0.0,7.764047768432647e-05,297.9559936523437,303.1499938964844,285.1499938964844,0.0,-0.0,285.2496643066406,0.0,0.0,0.000105117658677,297.85662841796875,303.1499938964844,285.1499938964844,0.0,-0.0,285.2456970214844,0.0,0.0,0.0004986287094652,285.2523803710937,294.1499938964844,293.33990478515625,285.64862060546875,293.7071228027344,293.8961181640625,284.1869201660156,0.0,0.0,0.0,0.0,1.0,1.0,-0.0010637429077178,1.3317805525048245e-08,0.0010637296363711,-0.0339297614991664,0.0,0.0,0.0,-0.0114150196313858,60.0,7.935068130493164,-0.0,-7.714942995562525e-08,0.0,283.35400390625,284.5365905761719,288.9228210449219,289.824462890625,293.1499938964844,293.1499938964844,278.1499938964844,0.0,18000.0,313.1499938964844,0.0,18000.0,0.0,0.0,0.0,0.0,0.0,0.0,0.0,0.0,0.0,0.0,0.0,0.0,-5.5419566233275656e-21,-2.7709783116637828e-21,-2.7709781097153907e-21,0.0,0.0,-0.0,0.0,0.0,0.0,-0.0,0.0,0.0,0.0,0.0,0.0,4.0,0.0,0.0
12164880,298.1487731933594,303.1499938964844,285.1499938964844,0.0,-0.0,285.2494506835937,0.0,0.0,9.982224582927302e-05,298.1882629394531,303.1499938964844,285.1499938964844,0.0,-0.0,285.2494812011719,0.0,0.0,0.0001051181825459,298.83447265625,303.1499938964844,285.1499938964844,0.0,-0.0,285.2454833984375,0.0,0.0,7.764047768432647e-05,297.9559936523437,303.1499938964844,285.1499938964844,0.0,-0.0,285.2496643066406,0.0,0.0,0.000105117658677,297.85662841796875,303.1499938964844,285.1499938964844,0.0,-0.0,285.2456970214844,0.0,0.0,0.0004986287094652,285.2523803710937,294.1499938964844,293.33990478515625,285.64862060546875,293.7071228027344,293.8961181640625,284.1869201660156,0.0,0.0,0.0,0.0,1.0,1.0,-0.0010637429077178,1.3317805525048245e-08,0.0010637296363711,-0.0339297614991664,0.0,0.0,0.0,-0.0114150196313858,60.0,7.935068130493164,-0.0,-7.714942995562525e-08,0.0,283.35400390625,284.5365905761719,288.9228210449219,289.824462890625,293.1499938964844,293.1499938964844,278.1499938964844,0.0,18000.0,313.1499938964844,0.0,18000.0,0.0,0.0,0.0,0.0,0.0,0.0,0.0,0.0,0.0,0.0,0.0,0.0,-5.5419566233275656e-21,-2.7709783116637828e-21,-2.7709781097153907e-21,0.0,0.0,-0.0,0.0,0.0,0.0,-0.0,0.0,0.0,0.0,0.0,0.0,4.0,0.0,0.0
12164940,298.2466125488281,303.1499938964844,285.1499938964844,0.0,-0.0,285.2474060058594,0.0,0.0,9.973988198908046e-05,298.294921875,303.1499938964844,285.1499938964844,0.0,-0.0,285.2474060058594,0.0,0.0,0.0001050314385793,298.9324951171875,303.1499938964844,285.1499938964844,0.0,-0.0,285.24346923828125,0.0,0.0,7.757639832561836e-05,298.05450439453125,303.1499938964844,285.1499938964844,0.0,-0.0,285.2475891113281,0.0,0.0,0.0001050309292622,297.9833679199219,303.1499938964844,285.1499938964844,0.0,-0.0,285.2436828613281,0.0,0.0,0.0004982173559255,285.2493896484375,294.1499938964844,293.2391357421875,285.6164855957031,293.69927978515625,293.6249389648437,284.2315673828125,0.0,0.0,0.0,0.0,1.0,1.0,-0.001062863273546,1.3214937588656994e-08,0.0010628501186147,-0.0336606502532959,0.0,0.0,0.0,-0.0113640232011675,60.0,6.7687602043151855,-0.0,-7.702188042912894e-08,0.0,283.35400390625,284.5365905761719,288.9228210449219,289.824462890625,293.1499938964844,293.1499938964844,278.1499938964844,0.0,18000.0,313.1499938964844,0.0,18000.0,0.0,0.0,0.0,0.0,0.0,0.0,0.0,0.0,0.0,0.0,0.0,0.0,-5.5419562194307814e-21,-2.7709781097153907e-21,-2.7709781097153907e-21,0.0,0.0,-0.0,0.0,0.0,0.0,-0.0,0.0,0.0,0.0,0.0,0.0,4.0,0.0,0.0
12165000,298.2466125488281,303.1499938964844,285.1499938964844,0.0,-0.0,285.2474060058594,0.0,0.0,9.973988198908046e-05,298.294921875,303.1499938964844,285.1499938964844,0.0,-0.0,285.2474060058594,0.0,0.0,0.0001050314385793,298.9324951171875,303.1499938964844,285.1499938964844,0.0,-0.0,285.24346923828125,0.0,0.0,7.757639832561836e-05,298.05450439453125,303.1499938964844,285.1499938964844,0.0,-0.0,285.2475891113281,0.0,0.0,0.0001050309292622,297.9833679199219,303.1499938964844,285.1499938964844,0.0,-0.0,285.2436828613281,0.0,0.0,0.0004982173559255,285.2493896484375,294.1499938964844,293.2391357421875,285.6164855957031,293.69927978515625,293.6249389648437,284.2315673828125,0.0,0.0,0.0,0.0,1.0,1.0,-0.001062863273546,1.3214937588656994e-08,0.0010628501186147,-0.0336606502532959,0.0,0.0,0.0,-0.0113640232011675,60.0,6.7687602043151855,-0.0,-7.702188042912894e-08,0.0,283.35400390625,284.5365905761719,288.9228210449219,289.824462890625,293.1499938964844,293.1499938964844,278.1499938964844,0.0,18000.0,313.1499938964844,0.0,18000.0,0.0,0.0,0.0,0.0,0.0,0.0,0.0,0.0,0.0,0.0,0.0,0.0,-5.5419562194307814e-21,-2.7709781097153907e-21,-2.7709781097153907e-21,0.0,0.0,-0.0,0.0,0.0,0.0,-0.0,0.0,0.0,0.0,0.0,0.0,4.0,0.0,0.0
12165060,298.2874755859375,303.1499938964844,285.1499938964844,0.0,-0.0,285.24627685546875,0.0,0.0,9.969781967811286e-05,298.3386535644531,303.1499938964844,285.1499938964844,0.0,-0.0,285.2463073730469,0.0,0.0,0.0001049871352734,298.9740295410156,303.1499938964844,285.1499938964844,0.0,-0.0,285.2424011230469,0.0,0.0,7.754367834422737e-05,298.0949401855469,303.1499938964844,285.1499938964844,0.0,-0.0,285.2464904785156,0.0,0.0,0.0001049866259563,298.0392150878906,303.1499938964844,285.1499938964844,0.0,-0.0,285.2426147460937,0.0,0.0,0.0004980072262696,285.2477722167969,294.1499938964844,293.1881408691406,285.60137939453125,293.6946105957031,293.51922607421875,284.2538452148437,0.0,0.0,0.0,0.0,1.0,1.0,-0.0010624140268191,1.3162400058774892e-08,0.0010624008718878,-0.0335232056677341,0.0,0.0,0.0,-0.0113379778340458,60.0,6.619267463684082,-0.0,-7.69567805036786e-08,0.0,283.35400390625,284.5365905761719,288.9228210449219,289.824462890625,293.1499938964844,293.1499938964844,278.1499938964844,0.0,18000.0,313.1499938964844,0.0,18000.0,0.0,0.0,0.0,0.0,0.0,0.0,0.0,0.0,0.0,-0.0,-0.0,-0.0,-5.5419562194307814e-21,-2.7709781097153907e-21,-2.7709781097153907e-21,0.0,0.0,-0.0,0.0,0.0,0.0,-0.0,0.0,0.0,0.0,0.0,0.0,4.0,0.0,0.0
12165120,298.32257080078125,303.1499938964844,285.1499938964844,0.0,-0.0,285.24517822265625,0.0,0.0,9.965713252313436e-05,298.3759155273437,303.1499938964844,285.1499938964844,0.0,-0.0,285.2452087402344,0.0,0.0,0.0001049442944349,299.01007080078125,303.1499938964844,285.1499938964844,0.0,-0.0,285.2413024902344,0.0,0.0,7.751202792860568e-05,298.1290588378906,303.1499938964844,285.1499938964844,0.0,-0.0,285.245361328125,0.0,0.0,0.0001049437851179,298.0879821777344,303.1499938964844,285.1499938964844,0.0,-0.0,285.24151611328125,0.0,0.0,0.0004978040233254,285.2461853027344,294.1499938964844,293.1390991210937,285.5875244140625,293.6896667480469,293.43096923828125,284.2748718261719,0.0,0.0,0.0,0.0,1.0,1.0,-0.0010619794484227,1.3111590924097529e-08,0.0010619664099067,-0.0333902835845947,0.0,0.0,0.0,-0.0113127902150154,60.0,6.533724308013916,-0.0,-7.689384773357234e-08,0.0,283.35400390625,284.5365905761719,288.9228210449219,289.824462890625,293.1499938964844,293.1499938964844,278.1499938964844,0.0,18000.0,313.1499938964844,0.0,18000.0,0.0,0.0,0.0,0.0,0.0,0.0,0.0,0.0,0.0,-0.0,-0.0,-0.0,-5.5419562194307814e-21,-2.7709781097153907e-21,-2.7709781097153907e-21,0.0,0.0,-0.0,0.0,0.0,0.0,-0.0,0.0,0.0,0.0,0.0,0.0,4.0,0.0,0.0
12165180,298.3832092285156,303.1499938964844,285.1499938964844,0.0,-0.0,285.2428283691406,0.0,0.0,9.957402653526516e-05,298.43975830078125,303.1499938964844,285.1499938964844,0.0,-0.0,285.24285888671875,0.0,0.0,0.0001048567719408,299.0728454589844,303.1499938964844,285.1499938964844,0.0,-0.0,285.239013671875,0.0,0.0,7.744738104520366e-05,298.1864929199219,303.1499938964844,285.1499938964844,0.0,-0.0,285.2430114746094,0.0,0.0,0.0001048562698997,298.17169189453125,303.1499938964844,285.1499938964844,0.0,-0.0,285.2392272949219,0.0,0.0,0.0004973890027031,285.2428283691406,294.1499938964844,293.03973388671875,285.5614624023437,293.6783752441406,293.279296875,284.3163146972656,0.0,0.0,0.0,0.0,1.0,1.0,-0.0010610920144245,1.3007809052112408e-08,0.0010610789759084,-0.0331187695264816,0.0,0.0,0.0,-0.0112613411620259,60.0,6.408529281616211,-0.0,-7.67653816069469e-08,0.0,283.35400390625,284.5365905761719,288.9228210449219,289.824462890625,293.1499938964844,293.1499938964844,278.1499938964844,0.0,18000.0,313.1499938964844,0.0,18000.0,0.0,0.0,0.0,0.0,0.0,0.0,0.0,0.0,0.0,-0.0,-0.0,-0.0,-5.5419562194307814e-21,-2.7709781097153907e-21,-2.7709781097153907e-21,0.0,0.0,-0.0,0.0,0.0,0.0,-0.0,0.0,0.0,0.0,0.0,0.0,4.0,0.0,0.0
12165240,298.3832092285156,303.1499938964844,285.1499938964844,0.0,-0.0,285.2428283691406,0.0,0.0,9.957402653526516e-05,298.43975830078125,303.1499938964844,285.1499938964844,0.0,-0.0,285.24285888671875,0.0,0.0,0.0001048567719408,299.0728454589844,303.1499938964844,285.1499938964844,0.0,-0.0,285.239013671875,0.0,0.0,7.744738104520366e-05,298.1864929199219,303.1499938964844,285.1499938964844,0.0,-0.0,285.2430114746094,0.0,0.0,0.0001048562698997,298.17169189453125,303.1499938964844,285.1499938964844,0.0,-0.0,285.2392272949219,0.0,0.0,0.0004973890027031,285.2428283691406,294.1499938964844,293.03973388671875,285.5614624023437,293.6783752441406,293.279296875,284.3163146972656,0.0,0.0,0.0,0.0,1.0,1.0,-0.0010610920144245,1.3007809052112408e-08,0.0010610789759084,-0.0331187695264816,0.0,0.0,0.0,-0.0112613411620259,60.0,6.408529281616211,-0.0,-7.67653816069469e-08,0.0,283.35400390625,284.5365905761719,288.9228210449219,289.824462890625,293.1499938964844,293.1499938964844,278.1499938964844,0.0,18000.0,313.1499938964844,0.0,18000.0,0.0,0.0,0.0,0.0,0.0,0.0,0.0,0.0,0.0,-0.0,-0.0,-0.0,-5.5419562194307814e-21,-2.7709781097153907e-21,-2.7709781097153907e-21,0.0,0.0,-0.0,0.0,0.0,0.0,-0.0,0.0,0.0,0.0,0.0,0.0,4.0,0.0,0.0
12165300,298.40875244140625,303.1499938964844,285.1499938964844,0.0,-0.0,285.2416076660156,0.0,0.0,9.953235712600872e-05,298.46649169921875,303.1499938964844,285.1499938964844,0.0,-0.0,285.2416381835937,0.0,0.0,0.0001048128833645,299.0992431640625,303.1499938964844,285.1499938964844,0.0,-0.0,285.2378234863281,0.0,0.0,7.741495937807485e-05,298.21002197265625,303.1499938964844,285.1499938964844,0.0,-0.0,285.2417907714844,0.0,0.0,0.0001048123885993,298.206298828125,303.1499938964844,285.1499938964844,0.0,-0.0,285.238037109375,0.0,0.0,0.0004971808521077,285.2410888671875,294.1499938964844,292.9903259277344,285.5494384765625,293.672119140625,293.2133178710937,284.3362731933594,0.0,0.0,0.0,0.0,1.0,1.0,-0.0010606469586491,1.2955768013966916e-08,0.0010606340365484,-0.0329826213419437,0.0,0.0,0.0,-0.0112355425953865,60.0,6.3535637855529785,-0.0,-7.670100643508705e-08,0.0,283.35400390625,284.5365905761719,288.9228210449219,289.824462890625,293.1499938964844,293.1499938964844,278.1499938964844,0.0,18000.0,313.1499938964844,0.0,18000.0,0.0,0.0,0.0,0.0,0.0,0.0,0.0,0.0,0.0,-0.0,-0.0,-0.0,-5.5419562194307814e-21,-2.7709781097153907e-21,-2.7709781097153907e-21,0.0,0.0,-0.0,0.0,0.0,0.0,-0.0,0.0,0.0,0.0,0.0,0.0,4.0,0.0,0.0
12165360,298.43145751953125,303.1499938964844,285.1499938964844,0.0,-0.0,285.2403564453125,0.0,0.0,9.949060768121852e-05,298.4902648925781,303.1499938964844,285.1499938964844,0.0,-0.0,285.2403869628906,0.0,0.0,0.0001047689220285,299.1225891113281,303.1499938964844,285.1499938964844,0.0,-0.0,285.2366027832031,0.0,0.0,7.738247950328514e-05,298.2320251464844,303.1499938964844,285.1499938964844,0.0,-0.0,285.24053955078125,0.0,0.0,0.0001047684272634,298.2363586425781,303.1499938964844,285.1499938964844,0.0,-0.0,285.2367858886719,0.0,0.0,0.0004969723522663,285.23931884765625,294.1499938964844,292.94110107421875,285.5379943847656,293.6654663085937,293.1517028808594,284.35577392578125,0.0,0.0,0.0,0.0,1.0,1.0,-0.0010602012043818,1.29036354934442e-08,0.0010601882822811,-0.0328462272882461,0.0,0.0,0.0,-0.0112096983939409,60.0,6.299948215484619,-0.0,-7.663653889267152e-08,0.0,283.35400390625,284.5365905761719,288.9228210449219,289.824462890625,293.1499938964844,293.1499938964844,278.1499938964844,0.0,18000.0,313.1499938964844,0.0,18000.0,0.0,0.0,0.0,0.0,0.0,0.0,0.0,0.0,0.0,-0.0,-0.0,-0.0,-5.5419562194307814e-21,-2.7709781097153907e-21,-2.7709781097153907e-21,0.0,0.0,-0.0,0.0,0.0,0.0,-0.0,0.0,0.0,0.0,0.0,0.0,4.0,0.0,0.0
12165420,298.4692687988281,303.1499938964844,285.1499938964844,0.0,-0.0,285.23779296875,0.0,0.0,9.940690506482496e-05,298.53009033203125,303.1499938964844,285.1499938964844,0.0,-0.0,285.23779296875,0.0,0.0,0.0001046807665261,299.160888671875,303.1499938964844,285.1499938964844,0.0,-0.0,285.23406982421875,0.0,0.0,7.731736695859581e-05,298.27215576171875,303.1499938964844,285.1499938964844,0.0,-0.0,285.23797607421875,0.0,0.0,0.0001046802790369,298.2849426269531,303.1499938964844,285.1499938964844,0.0,-0.0,285.2342529296875,0.0,0.0,0.0004965542466379,285.23565673828125,294.1499938964844,292.8431701660156,285.51678466796875,293.65093994140625,293.03759765625,284.3932800292969,0.0,0.0,0.0,0.0,1.0,1.0,-0.0010593073675408,1.2799111104300213e-08,0.0010592945618554,-0.0325727574527263,0.0,0.0,0.0,-0.0111578814685344,60.0,6.195004940032959,-0.0,-7.65073693287377e-08,0.0,283.35400390625,284.5365905761719,288.9228210449219,289.824462890625,293.1499938964844,293.1499938964844,278.1499938964844,0.0,18000.0,313.1499938964844,0.0,18000.0,0.0,0.0,0.0,0.0,0.0,0.0,0.0,0.0,0.0,0.0,0.0,0.0,-5.5419562194307814e-21,-2.7709781097153907e-21,-2.7709781097153907e-21,0.0,0.0,-0.0,0.0,0.0,0.0,-0.0,0.0,0.0,0.0,0.0,0.0,4.0,0.0,0.0
12165480,298.4692687988281,303.1499938964844,285.1499938964844,0.0,-0.0,285.23779296875,0.0,0.0,9.940690506482496e-05,298.53009033203125,303.1499938964844,285.1499938964844,0.0,-0.0,285.23779296875,0.0,0.0,0.0001046807665261,299.160888671875,303.1499938964844,285.1499938964844,0.0,-0.0,285.23406982421875,0.0,0.0,7.731736695859581e-05,298.27215576171875,303.1499938964844,285.1499938964844,0.0,-0.0,285.23797607421875,0.0,0.0,0.0001046802790369,298.2849426269531,303.1499938964844,285.1499938964844,0.0,-0.0,285.2342529296875,0.0,0.0,0.0004965542466379,285.23565673828125,294.1499938964844,292.8431701660156,285.51678466796875,293.65093994140625,293.03759765625,284.3932800292969,0.0,0.0,0.0,0.0,1.0,1.0,-0.0010593073675408,1.2799111104300213e-08,0.0010592945618554,-0.0325727574527263,0.0,0.0,0.0,-0.0111578814685344,60.0,6.195004940032959,-0.0,-7.65073693287377e-08,0.0,283.35400390625,284.5365905761719,288.9228210449219,289.824462890625,293.1499938964844,293.1499938964844,278.1499938964844,0.0,18000.0,313.1499938964844,0.0,18000.0,0.0,0.0,0.0,0.0,0.0,0.0,0.0,0.0,0.0,0.0,0.0,0.0,-5.5419562194307814e-21,-2.7709781097153907e-21,-2.7709781097153907e-21,0.0,0.0,-0.0,0.0,0.0,0.0,-0.0,0.0,0.0,0.0,0.0,0.0,4.0,0.0,0.0
12165540,298.4984436035156,303.1499938964844,285.1499938964844,0.0,-0.0,285.235107421875,0.0,0.0,9.93229477899149e-05,298.5613098144531,303.1499938964844,285.1499938964844,0.0,-0.0,285.235107421875,0.0,0.0,0.0001045923490892,299.1898193359375,303.1499938964844,285.1499938964844,0.0,-0.0,285.2314453125,0.0,0.0,7.72520579630509e-05,298.3055114746094,303.1499938964844,285.1499938964844,0.0,-0.0,285.2352905273437,0.0,0.0,0.000104591868876,298.32177734375,303.1499938964844,285.1499938964844,0.0,-0.0,285.23162841796875,0.0,0.0,0.0004961349186487,285.2318725585937,294.1499938964844,292.7459716796875,285.49755859375,293.6348876953125,292.93133544921875,284.4288635253906,0.0,0.0,0.0,0.0,1.0,1.0,-0.0010584108531475,1.2694277629066164e-08,0.0010583981638774,-0.0322984680533409,0.0,0.0,0.0,-0.0111059108749032,60.0,6.092351913452148,-0.0,-7.637792975856429e-08,0.0,283.35400390625,284.5365905761719,288.9228210449219,289.824462890625,293.1499938964844,293.1499938964844,278.1499938964844,0.0,18000.0,313.1499938964844,0.0,18000.0,0.0,0.0,0.0,0.0,0.0,0.0,0.0,0.0,0.0,0.0,0.0,0.0,-5.5419562194307814e-21,-2.7709781097153907e-21,-2.7709781097153907e-21,0.0,0.0,-0.0,0.0,0.0,0.0,-0.0,0.0,0.0,0.0,0.0,0.0,4.0,0.0,0.0
12165600,298.4984436035156,303.1499938964844,285.1499938964844,0.0,-0.0,285.235107421875,0.0,0.0,9.93229477899149e-05,298.5613098144531,303.1499938964844,285.1499938964844,0.0,-0.0,285.235107421875,0.0,0.0,0.0001045923490892,299.1898193359375,303.1499938964844,285.1499938964844,0.0,-0.0,285.2314453125,0.0,0.0,7.72520579630509e-05,298.3055114746094,303.1499938964844,285.1499938964844,0.0,-0.0,285.2352905273437,0.0,0.0,0.000104591868876,298.32177734375,303.1499938964844,285.1499938964844,0.0,-0.0,285.23162841796875,0.0,0.0,0.0004961349186487,285.2318725585937,294.1499938964844,292.7459716796875,285.49755859375,293.6348876953125,292.93133544921875,284.4288635253906,0.0,0.0,0.0,0.0,1.0,1.0,-0.0010584108531475,1.2694277629066164e-08,0.0010583981638774,-0.0322984680533409,0.0,0.0,0.0,-0.0111059108749032,60.0,6.092351913452148,-0.0,-7.637792975856429e-08,0.0,283.35400390625,284.5365905761719,288.9228210449219,289.824462890625,293.1499938964844,293.1499938964844,278.1499938964844,0.0,18000.0,313.1499938964844,0.0,18000.0,0.0,0.0,0.0,0.0,0.0,0.0,0.0,0.0,0.0,0.0,0.0,0.0,-5.5419562194307814e-21,-2.7709781097153907e-21,-2.7709781097153907e-21,0.0,0.0,-0.0,0.0,0.0,0.0,-0.0,0.0,0.0,0.0,0.0,0.0,4.0,0.0,0.0
12165660,298.52081298828125,303.1499938964844,285.1499938964844,0.0,-0.0,285.2323303222656,0.0,0.0,9.923877223627642e-05,298.585693359375,303.1499938964844,285.1499938964844,0.0,-0.0,285.2323608398437,0.0,0.0,0.0001045036988216,299.2115783691406,303.1499938964844,285.1499938964844,0.0,-0.0,285.22869873046875,0.0,0.0,7.718657434452325e-05,298.3323059082031,303.1499938964844,285.1499938964844,0.0,-0.0,285.2325134277344,0.0,0.0,0.0001045032258844,298.3498840332031,303.1499938964844,285.1499938964844,0.0,-0.0,285.2289123535156,0.0,0.0,0.0004957145429216,285.2279968261719,294.1499938964844,292.6494445800781,285.48004150390625,293.6173095703125,292.8298034667969,284.4625244140625,0.0,0.0,0.0,0.0,1.0,1.0,-0.0010575120104476,1.2589171483057273e-08,0.0010574994375929,-0.0320234633982181,0.0,0.0,0.0,-0.0110538052394986,60.0,5.991790294647217,-0.0,-7.624826281471543e-08,0.0,283.35400390625,284.5365905761719,288.9228210449219,289.824462890625,293.1499938964844,293.1499938964844,278.1499938964844,0.0,18000.0,313.1499938964844,0.0,18000.0,0.0,0.0,0.0,0.0,0.0,0.0,0.0,0.0,0.0,-0.0,-0.0,-0.0,-5.5419562194307814e-21,-2.7709781097153907e-21,-2.7709781097153907e-21,0.0,0.0,-0.0,0.0,0.0,0.0,-0.0,0.0,0.0,0.0,0.0,0.0,4.0,0.0,0.0
12165720,298.52081298828125,303.1499938964844,285.1499938964844,0.0,-0.0,285.2323303222656,0.0,0.0,9.923877223627642e-05,298.585693359375,303.1499938964844,285.1499938964844,0.0,-0.0,285.2323608398437,0.0,0.0,0.0001045036988216,299.2115783691406,303.1499938964844,285.1499938964844,0.0,-0.0,285.22869873046875,0.0,0.0,7.718657434452325e-05,298.3323059082031,303.1499938964844,285.1499938964844,0.0,-0.0,285.2325134277344,0.0,0.0,0.0001045032258844,298.3498840332031,303.1499938964844,285.1499938964844,0.0,-0.0,285.2289123535156,0.0,0.0,0.0004957145429216,285.2279968261719,294.1499938964844,292.6494445800781,285.48004150390625,293.6173095703125,292.8298034667969,284.4625244140625,0.0,0.0,0.0,0.0,1.0,1.0,-0.0010575120104476,1.2589171483057273e-08,0.0010574994375929,-0.0320234633982181,0.0,0.0,0.0,-0.0110538052394986,60.0,5.991790294647217,-0.0,-7.624826281471543e-08,0.0,283.35400390625,284.5365905761719,288.9228210449219,289.824462890625,293.1499938964844,293.1499938964844,278.1499938964844,0.0,18000.0,313.1499938964844,0.0,18000.0,0.0,0.0,0.0,0.0,0.0,0.0,0.0,0.0,0.0,-0.0,-0.0,-0.0,-5.5419562194307814e-21,-2.7709781097153907e-21,-2.7709781097153907e-21,0.0,0.0,-0.0,0.0,0.0,0.0,-0.0,0.0,0.0,0.0,0.0,0.0,4.0,0.0,0.0
12165780,298.5342102050781,303.1499938964844,285.1499938964844,0.0,-0.0,285.2301940917969,0.0,0.0,9.917467104969546e-05,298.6005859375,303.1499938964844,285.1499938964844,0.0,-0.0,285.2301940917969,0.0,0.0,0.0001044361924869,299.22442626953125,303.1499938964844,285.1499938964844,0.0,-0.0,285.2265930175781,0.0,0.0,7.713670493103564e-05,298.34881591796875,303.1499938964844,285.1499938964844,0.0,-0.0,285.2303466796875,0.0,0.0,0.0001044357268256,298.3668518066406,303.1499938964844,285.1499938964844,0.0,-0.0,285.2267761230469,0.0,0.0,0.0004953943425789,285.2249755859375,294.1499938964844,292.5765686035156,285.4676513671875,293.6029968261719,292.75469970703125,284.48687744140625,0.0,0.0,0.0,0.0,1.0,1.0,-0.0010568276047706,1.2509133284765994e-08,0.0010568150319159,-0.0318140424787998,0.0,0.0,0.0,-0.0110141271725296,60.0,5.91672420501709,-0.0,-7.614958974500041e-08,0.0,283.35400390625,284.5365905761719,288.9228210449219,289.824462890625,293.1499938964844,293.1499938964844,278.1499938964844,0.0,18000.0,313.1499938964844,0.0,18000.0,0.0,0.0,0.0,0.0,0.0,0.0,0.0,0.0,0.0,-0.0,-0.0,-0.0,-5.5419562194307814e-21,-2.7709781097153907e-21,-2.7709781097153907e-21,0.0,0.0,-0.0,0.0,0.0,0.0,-0.0,0.0,0.0,0.0,0.0,0.0,4.0,0.0,0.0
12165840,298.53790283203125,303.1499938964844,285.1499938964844,0.0,-0.0,285.2294921875,0.0,0.0,9.915440750773996e-05,298.604736328125,303.1499938964844,285.1499938964844,0.0,-0.0,285.2294921875,0.0,0.0,0.0001044148521032,299.2279357910156,303.1499938964844,285.1499938964844,0.0,-0.0,285.2259216308594,0.0,0.0,7.71209379308857e-05,298.3534240722656,303.1499938964844,285.1499938964844,0.0,-0.0,285.22967529296875,0.0,0.0,0.0001044143864419,298.37158203125,303.1499938964844,285.1499938964844,0.0,-0.0,285.2261047363281,0.0,0.0,0.0004952931194566,285.2240295410156,294.1499938964844,292.5536499023437,285.4638977050781,293.5982971191406,292.73126220703125,284.49432373046875,0.0,0.0,0.0,0.0,1.0,1.0,-0.0010566111886873,1.2483831746123997e-08,0.0010565987322479,-0.0317478403449058,0.0,0.0,0.0,-0.0110015841200947,60.0,5.893258571624756,-0.0,-7.611841823518263e-08,0.0,283.35400390625,284.5365905761719,288.9228210449219,289.824462890625,293.1499938964844,293.1499938964844,278.1499938964844,0.0,18000.0,313.1499938964844,0.0,18000.0,0.0,0.0,0.0,0.0,0.0,0.0,0.0,0.0,0.0,0.0,0.0,0.0,-5.5419562194307814e-21,-2.7709781097153907e-21,-2.7709781097153907e-21,0.0,0.0,-0.0,0.0,0.0,0.0,-0.0,0.0,0.0,0.0,0.0,0.0,4.0,0.0,0.0
12165900,298.5448303222656,303.1499938964844,285.1499938964844,0.0,-0.0,285.22802734375,0.0,0.0,9.91121560218744e-05,298.61260986328125,303.1499938964844,285.1499938964844,0.0,-0.0,285.2280578613281,0.0,0.0,0.0001043703596224,299.2344665527344,303.1499938964844,285.1499938964844,0.0,-0.0,285.2244873046875,0.0,0.0,7.708807970630005e-05,298.3622131347656,303.1499938964844,285.1499938964844,0.0,-0.0,285.22821044921875,0.0,0.0,0.000104369901237,298.3805236816406,303.1499938964844,285.1499938964844,0.0,-0.0,285.22467041015625,0.0,0.0,0.0004950821166858,285.2220153808594,294.1499938964844,292.5060119628906,285.456298828125,293.5882568359375,292.6827697753906,284.50958251953125,0.0,0.0,0.0,0.0,1.0,1.0,-0.0010561601957306,1.2431086382491683e-08,0.0010561477392911,-0.0316098257899284,0.0,0.0,0.0,-0.0109754363074898,60.0,5.844739437103272,-0.0,-7.605343910199738e-08,0.0,283.35400390625,284.5365905761719,288.9228210449219,289.824462890625,293.1499938964844,293.1499938964844,278.1499938964844,0.0,18000.0,313.1499938964844,0.0,18000.0,0.0,0.0,0.0,0.0,0.0,0.0,0.0,0.0,0.0,-0.0,-0.0,-0.0,-5.5419562194307814e-21,-2.7709781097153907e-21,-2.7709781097153907e-21,0.0,0.0,-0.0,0.0,0.0,0.0,-0.0,0.0,0.0,0.0,0.0,0.0,4.0,0.0,0.0
12165960,298.5508728027344,303.1499938964844,285.1499938964844,0.0,-0.0,285.2265930175781,0.0,0.0,9.906987543217838e-05,298.6195678710937,303.1499938964844,285.1499938964844,0.0,-0.0,285.2265930175781,0.0,0.0,0.0001043258307618,299.2401428222656,303.1499938964844,285.1499938964844,0.0,-0.0,285.2230529785156,0.0,0.0,7.705518510192633e-05,298.3699951171875,303.1499938964844,285.1499938964844,0.0,-0.0,285.22674560546875,0.0,0.0,0.0001043253723764,298.3883972167969,303.1499938964844,285.1499938964844,0.0,-0.0,285.2232360839844,0.0,0.0,0.000494870939292,285.219970703125,294.1499938964844,292.4585266113281,285.44891357421875,293.577880859375,292.6347045898437,284.5243835449219,0.0,0.0,0.0,0.0,1.0,1.0,-0.0010557087371125,1.2378294833581549e-08,0.0010556962806731,-0.0314716920256614,0.0,0.0,0.0,-0.0109492652118206,60.0,5.796708583831787,-0.0,-7.598843865253002e-08,0.0,283.35400390625,284.5365905761719,288.9228210449219,289.824462890625,293.1499938964844,293.1499938964844,278.1499938964844,0.0,18000.0,313.1499938964844,0.0,18000.0,0.0,0.0,0.0,0.0,0.0,0.0,0.0,0.0,0.0,0.0,0.0,0.0,-5.5419562194307814e-21,-2.7709781097153907e-21,-2.7709781097153907e-21,0.0,0.0,-0.0,0.0,0.0,0.0,-0.0,0.0,0.0,0.0,0.0,0.0,4.0,0.0,0.0
12166020,298.56072998046875,303.1499938964844,285.1499938964844,0.0,-0.0,285.2236022949219,0.0,0.0,9.898521238937974e-05,298.6311340332031,303.1499938964844,285.1499938964844,0.0,-0.0,285.2236328125,0.0,0.0,0.0001042366711772,299.249267578125,303.1499938964844,285.1499938964844,0.0,-0.0,285.2201232910156,0.0,0.0,7.698932313360274e-05,298.3829650878906,303.1499938964844,285.1499938964844,0.0,-0.0,285.2237854003906,0.0,0.0,0.0001042362200678,298.401611328125,303.1499938964844,285.1499938964844,0.0,-0.0,285.2203063964844,0.0,0.0,0.0004944480606354,285.21588134765625,294.1499938964844,292.3641357421875,285.4347839355469,293.5560607910156,292.5395812988281,284.5527038574219,0.0,0.0,0.0,0.0,1.0,1.0,-0.0010548047721385,1.2272593608031457e-08,0.0010547925485298,-0.0311951078474521,0.0,0.0,0.0,-0.0108968652784824,60.0,5.702078819274902,-0.0,-7.585836669932179e-08,0.0,283.35400390625,284.5365905761719,288.9228210449219,289.824462890625,293.1499938964844,293.1499938964844,278.1499938964844,0.0,18000.0,313.1499938964844,0.0,18000.0,0.0,0.0,0.0,0.0,0.0,0.0,0.0,0.0,0.0,0.0,0.0,0.0,-5.5419562194307814e-21,-2.7709781097153907e-21,-2.7709781097153907e-21,0.0,0.0,-0.0,0.0,0.0,0.0,-0.0,0.0,0.0,0.0,0.0,0.0,4.0,0.0,0.0
12166080,298.56072998046875,303.1499938964844,285.1499938964844,0.0,-0.0,285.2236022949219,0.0,0.0,9.898521238937974e-05,298.6311340332031,303.1499938964844,285.1499938964844,0.0,-0.0,285.2236328125,0.0,0.0,0.0001042366711772,299.249267578125,303.1499938964844,285.1499938964844,0.0,-0.0,285.2201232910156,0.0,0.0,7.698932313360274e-05,298.3829650878906,303.1499938964844,285.1499938964844,0.0,-0.0,285.2237854003906,0.0,0.0,0.0001042362200678,298.401611328125,303.1499938964844,285.1499938964844,0.0,-0.0,285.2203063964844,0.0,0.0,0.0004944480606354,285.21588134765625,294.1499938964844,292.3641357421875,285.4347839355469,293.5560607910156,292.5395812988281,284.5527038574219,0.0,0.0,0.0,0.0,1.0,1.0,-0.0010548047721385,1.2272593608031457e-08,0.0010547925485298,-0.0311951078474521,0.0,0.0,0.0,-0.0108968652784824,60.0,5.702078819274902,-0.0,-7.585836669932179e-08,0.0,283.35400390625,284.5365905761719,288.9228210449219,289.824462890625,293.1499938964844,293.1499938964844,278.1499938964844,0.0,18000.0,313.1499938964844,0.0,18000.0,0.0,0.0,0.0,0.0,0.0,0.0,0.0,0.0,0.0,0.0,0.0,0.0,-5.5419562194307814e-21,-2.7709781097153907e-21,-2.7709781097153907e-21,0.0,0.0,-0.0,0.0,0.0,0.0,-0.0,0.0,0.0,0.0,0.0,0.0,4.0,0.0,0.0
12166140,298.5681457519531,303.1499938964844,285.1499938964844,0.0,-0.0,285.2205810546875,0.0,0.0,9.890044020721688e-05,298.6401672363281,303.1499938964844,285.1499938964844,0.0,-0.0,285.2206115722656,0.0,0.0,0.0001041473951772,299.2560119628906,303.1499938964844,285.1499938964844,0.0,-0.0,285.2171630859375,0.0,0.0,7.69233811297454e-05,298.3930969238281,303.1499938964844,285.1499938964844,0.0,-0.0,285.22076416015625,0.0,0.0,0.0001041469513438,298.4120483398437,303.1499938964844,285.1499938964844,0.0,-0.0,285.21734619140625,0.0,0.0,0.0004940247163176,285.2117004394531,294.1499938964844,292.2704467773437,285.4212341308594,293.5329284667969,292.4455871582031,284.57940673828125,0.0,0.0,0.0,0.0,1.0,1.0,-0.0010538997594267,1.2166763596610508e-08,0.0010538876522332,-0.0309181772172451,0.0,0.0,0.0,-0.010844400152564,60.0,5.609314441680908,-0.0,-7.57282521135494e-08,0.0,283.35400390625,284.5365905761719,288.9228210449219,289.824462890625,293.1499938964844,293.1499938964844,278.1499938964844,0.0,18000.0,313.1499938964844,0.0,18000.0,0.0,0.0,0.0,0.0,0.0,0.0,0.0,0.0,0.0,0.0,0.0,0.0,-5.5419562194307814e-21,-2.7709781097153907e-21,-2.7709781097153907e-21,0.0,0.0,-0.0,0.0,0.0,0.0,-0.0,0.0,0.0,0.0,0.0,0.0,4.0,0.0,0.0
12166200,298.5681457519531,303.1499938964844,285.1499938964844,0.0,-0.0,285.2205810546875,0.0,0.0,9.890044020721688e-05,298.6401672363281,303.1499938964844,285.1499938964844,0.0,-0.0,285.2206115722656,0.0,0.0,0.0001041473951772,299.2560119628906,303.1499938964844,285.1499938964844,0.0,-0.0,285.2171630859375,0.0,0.0,7.69233811297454e-05,298.3930969238281,303.1499938964844,285.1499938964844,0.0,-0.0,285.22076416015625,0.0,0.0,0.0001041469513438,298.4120483398437,303.1499938964844,285.1499938964844,0.0,-0.0,285.21734619140625,0.0,0.0,0.0004940247163176,285.2117004394531,294.1499938964844,292.2704467773437,285.4212341308594,293.5329284667969,292.4455871582031,284.57940673828125,0.0,0.0,0.0,0.0,1.0,1.0,-0.0010538997594267,1.2166763596610508e-08,0.0010538876522332,-0.0309181772172451,0.0,0.0,0.0,-0.010844400152564,60.0,5.609314441680908,-0.0,-7.57282521135494e-08,0.0,283.35400390625,284.5365905761719,288.9228210449219,289.824462890625,293.1499938964844,293.1499938964844,278.1499938964844,0.0,18000.0,313.1499938964844,0.0,18000.0,0.0,0.0,0.0,0.0,0.0,0.0,0.0,0.0,0.0,0.0,0.0,0.0,-5.5419562194307814e-21,-2.7709781097153907e-21,-2.7709781097153907e-21,0.0,0.0,-0.0,0.0,0.0,0.0,-0.0,0.0,0.0,0.0,0.0,0.0,4.0,0.0,0.0
12166260,298.5736694335937,303.1499938964844,285.1499938964844,0.0,-0.0,285.217529296875,0.0,0.0,9.88155952654779e-05,298.64715576171875,303.1499938964844,285.1499938964844,0.0,-0.0,285.217529296875,0.0,0.0,0.0001040580391418,299.2609558105469,303.1499938964844,285.1499938964844,0.0,-0.0,285.2141418457031,0.0,0.0,7.685737364226952e-05,298.4010314941406,303.1499938964844,285.1499938964844,0.0,-0.0,285.2177124023437,0.0,0.0,0.0001040576025843,298.4203796386719,303.1499938964844,285.1499938964844,0.0,-0.0,285.2143249511719,0.0,0.0,0.0004936009063385,285.20751953125,294.1499938964844,292.1774597167969,285.40802001953125,293.5085144042969,292.3525695800781,284.6045837402344,0.0,0.0,0.0,0.0,1.0,1.0,-0.0010529939318075,1.2060835885563392e-08,0.0010529818246141,-0.0306409858167171,0.0,0.0,0.0,-0.0107918875291943,60.0,5.518352508544922,-0.0,-7.559813042234964e-08,0.0,283.35400390625,284.5365905761719,288.9228210449219,289.824462890625,293.1499938964844,293.1499938964844,278.1499938964844,0.0,18000.0,313.1499938964844,0.0,18000.0,0.0,0.0,0.0,0.0,0.0,0.0,0.0,0.0,0.0,0.0,0.0,0.0,-5.5419562194307814e-21,-2.7709781097153907e-21,-2.7709781097153907e-21,0.0,0.0,-0.0,0.0,0.0,0.0,-0.0,0.0,0.0,0.0,0.0,0.0,4.0,0.0,0.0
12166320,298.5736694335937,303.1499938964844,285.1499938964844,0.0,-0.0,285.217529296875,0.0,0.0,9.88155952654779e-05,298.64715576171875,303.1499938964844,285.1499938964844,0.0,-0.0,285.217529296875,0.0,0.0,0.0001040580391418,299.2609558105469,303.1499938964844,285.1499938964844,0.0,-0.0,285.2141418457031,0.0,0.0,7.685737364226952e-05,298.4010314941406,303.1499938964844,285.1499938964844,0.0,-0.0,285.2177124023437,0.0,0.0,0.0001040576025843,298.4203796386719,303.1499938964844,285.1499938964844,0.0,-0.0,285.2143249511719,0.0,0.0,0.0004936009063385,285.20751953125,294.1499938964844,292.1774597167969,285.40802001953125,293.5085144042969,292.3525695800781,284.6045837402344,0.0,0.0,0.0,0.0,1.0,1.0,-0.0010529939318075,1.2060835885563392e-08,0.0010529818246141,-0.0306409858167171,0.0,0.0,0.0,-0.0107918875291943,60.0,5.518352508544922,-0.0,-7.559813042234964e-08,0.0,283.35400390625,284.5365905761719,288.9228210449219,289.824462890625,293.1499938964844,293.1499938964844,278.1499938964844,0.0,18000.0,313.1499938964844,0.0,18000.0,0.0,0.0,0.0,0.0,0.0,0.0,0.0,0.0,0.0,0.0,0.0,0.0,-5.5419562194307814e-21,-2.7709781097153907e-21,-2.7709781097153907e-21,0.0,0.0,-0.0,0.0,0.0,0.0,-0.0,0.0,0.0,0.0,0.0,0.0,4.0,0.0,0.0
12166380,298.5777587890625,303.1499938964844,285.1499938964844,0.0,-0.0,285.2144470214844,0.0,0.0,9.873068484012038e-05,298.6525573730469,303.1499938964844,285.1499938964844,0.0,-0.0,285.2144470214844,0.0,0.0,0.0001039686248986,299.2645263671875,303.1499938964844,285.1499938964844,0.0,-0.0,285.2110900878906,0.0,0.0,7.679132249904796e-05,298.4072570800781,303.1499938964844,285.1499938964844,0.0,-0.0,285.214599609375,0.0,0.0,0.0001039681883412,298.42706298828125,303.1499938964844,285.1499938964844,0.0,-0.0,285.2112731933594,0.0,0.0,0.0004931768053211,285.20330810546875,294.1499938964844,292.085205078125,285.3948669433594,293.4828491210937,292.2603759765625,284.6282958984375,0.0,0.0,0.0,0.0,1.0,1.0,-0.0010520875221118,1.195484244931322e-08,0.0010520755313336,-0.0303636137396097,0.0,0.0,0.0,-0.0107393423095345,60.0,5.429129600524902,-0.0,-7.546803004743198e-08,0.0,283.35400390625,284.5365905761719,288.9228210449219,289.824462890625,293.1499938964844,293.1499938964844,278.1499938964844,0.0,18000.0,313.1499938964844,0.0,18000.0,0.0,0.0,0.0,0.0,0.0,0.0,0.0,0.0,0.0,0.0,0.0,0.0,-5.5419562194307814e-21,-2.7709781097153907e-21,-2.7709781097153907e-21,0.0,0.0,-0.0,0.0,0.0,0.0,-0.0,0.0,0.0,0.0,0.0,0.0,4.0,0.0,0.0
12166440,298.5777587890625,303.1499938964844,285.1499938964844,0.0,-0.0,285.2144470214844,0.0,0.0,9.873068484012038e-05,298.6525573730469,303.1499938964844,285.1499938964844,0.0,-0.0,285.2144470214844,0.0,0.0,0.0001039686248986,299.2645263671875,303.1499938964844,285.1499938964844,0.0,-0.0,285.2110900878906,0.0,0.0,7.679132249904796e-05,298.4072570800781,303.1499938964844,285.1499938964844,0.0,-0.0,285.214599609375,0.0,0.0,0.0001039681883412,298.42706298828125,303.1499938964844,285.1499938964844,0.0,-0.0,285.2112731933594,0.0,0.0,0.0004931768053211,285.20330810546875,294.1499938964844,292.085205078125,285.3948669433594,293.4828491210937,292.2603759765625,284.6282958984375,0.0,0.0,0.0,0.0,1.0,1.0,-0.0010520875221118,1.195484244931322e-08,0.0010520755313336,-0.0303636137396097,0.0,0.0,0.0,-0.0107393423095345,60.0,5.429129600524902,-0.0,-7.546803004743198e-08,0.0,283.35400390625,284.5365905761719,288.9228210449219,289.824462890625,293.1499938964844,293.1499938964844,278.1499938964844,0.0,18000.0,313.1499938964844,0.0,18000.0,0.0,0.0,0.0,0.0,0.0,0.0,0.0,0.0,0.0,0.0,0.0,0.0,-5.5419562194307814e-21,-2.7709781097153907e-21,-2.7709781097153907e-21,0.0,0.0,-0.0,0.0,0.0,0.0,-0.0,0.0,0.0,0.0,0.0,0.0,4.0,0.0,0.0
12166500,298.579345703125,303.1499938964844,285.1499938964844,0.0,-0.0,285.2128601074219,0.0,0.0,9.8688222351484e-05,298.65478515625,303.1499938964844,285.1499938964844,0.0,-0.0,285.212890625,0.0,0.0,0.0001039238995872,299.265869140625,303.1499938964844,285.1499938964844,0.0,-0.0,285.2095642089844,0.0,0.0,7.675828965147957e-05,298.4097900390625,303.1499938964844,285.1499938964844,0.0,-0.0,285.2130432128906,0.0,0.0,0.0001039234703057,298.429931640625,303.1499938964844,285.1499938964844,0.0,-0.0,285.209716796875,0.0,0.0,0.0004929646966047,285.201171875,294.1499938964844,292.0393371582031,285.38824462890625,293.46954345703125,292.214599609375,284.6396179199219,0.0,0.0,0.0,0.0,1.0,1.0,-0.0010516342008486,1.1901829743976576e-08,0.0010516222100704,-0.0302248857915401,0.0,0.0,0.0,-0.010713062249124,60.0,5.3851518630981445,-0.0,-7.540300828168256e-08,0.0,283.35400390625,284.5365905761719,288.9228210449219,289.824462890625,293.1499938964844,293.1499938964844,278.1499938964844,0.0,18000.0,313.1499938964844,0.0,18000.0,0.0,0.0,0.0,0.0,0.0,0.0,0.0,0.0,0.0,0.0,0.0,0.0,-5.5419562194307814e-21,-2.7709781097153907e-21,-2.7709781097153907e-21,0.0,0.0,-0.0,0.0,0.0,0.0,-0.0,0.0,0.0,0.0,0.0,0.0,4.0,0.0,0.0
12166560,298.5806579589844,303.1499938964844,285.1499938964844,0.0,-0.0,285.2113037109375,0.0,0.0,9.864575258689e-05,298.6567077636719,303.1499938964844,285.1499938964844,0.0,-0.0,285.2113342285156,0.0,0.0,0.0001038791742757,299.2669982910156,303.1499938964844,285.1499938964844,0.0,-0.0,285.2080078125,0.0,0.0,7.672524952795357e-05,298.4120178222656,303.1499938964844,285.1499938964844,0.0,-0.0,285.21148681640625,0.0,0.0,0.0001038787449942,298.4325256347656,303.1499938964844,285.1499938964844,0.0,-0.0,285.20819091796875,0.0,0.0,0.0004927525878883,285.1990661621094,294.1499938964844,291.9936218261719,285.3815612792969,293.4559631347656,292.16900634765625,284.6506042480469,0.0,0.0,0.0,0.0,1.0,1.0,-0.0010511807631701,1.1848811709569418e-08,0.0010511688888072,-0.0300861410796642,0.0,0.0,0.0,-0.0106867784634232,60.0,5.341583251953125,-0.0,-7.533800783221525e-08,0.0,283.35400390625,284.5365905761719,288.9228210449219,289.824462890625,293.1499938964844,293.1499938964844,278.1499938964844,0.0,18000.0,313.1499938964844,0.0,18000.0,0.0,0.0,0.0,0.0,0.0,0.0,0.0,0.0,0.0,0.0,0.0,0.0,-5.5419562194307814e-21,-2.7709781097153907e-21,-2.7709781097153907e-21,0.0,0.0,-0.0,0.0,0.0,0.0,-0.0,0.0,0.0,0.0,0.0,0.0,4.0,0.0,0.0
12166620,298.58270263671875,303.1499938964844,285.1499938964844,0.0,-0.0,285.2081604003906,0.0,0.0,9.856080578174442e-05,298.65985107421875,303.1499938964844,285.1499938964844,0.0,-0.0,285.2081604003906,0.0,0.0,0.0001037897163769,299.2685852050781,303.1499938964844,285.1499938964844,0.0,-0.0,285.20489501953125,0.0,0.0,7.665916928090155e-05,298.4156494140625,303.1499938964844,285.1499938964844,0.0,-0.0,285.20831298828125,0.0,0.0,0.0001037892943713,298.4369506835937,303.1499938964844,285.1499938964844,0.0,-0.0,285.205078125,0.0,0.0,0.0004923283122479,285.1947937011719,294.1499938964844,291.9027709960937,285.3678283691406,293.42791748046875,292.078369140625,284.6716613769531,0.0,0.0,0.0,0.0,1.0,1.0,-0.0010502740042284,1.174277475257668e-08,0.0010502622462809,-0.0298086423426866,0.0,0.0,0.0,-0.0106342118233442,60.0,5.255648136138916,-0.0,-7.520808509298149e-08,0.0,283.35400390625,284.5365905761719,288.9228210449219,289.824462890625,293.1499938964844,293.1499938964844,278.1499938964844,0.0,18000.0,313.1499938964844,0.0,18000.0,0.0,0.0,0.0,0.0,0.0,0.0,0.0,0.0,0.0,-0.0,-0.0,-0.0,-5.5419562194307814e-21,-2.7709781097153907e-21,-2.7709781097153907e-21,0.0,0.0,-0.0,0.0,0.0,0.0,-0.0,0.0,0.0,0.0,0.0,0.0,4.0,0.0,0.0
12166680,298.58270263671875,303.1499938964844,285.1499938964844,0.0,-0.0,285.2081604003906,0.0,0.0,9.856080578174442e-05,298.65985107421875,303.1499938964844,285.1499938964844,0.0,-0.0,285.2081604003906,0.0,0.0,0.0001037897163769,299.2685852050781,303.1499938964844,285.1499938964844,0.0,-0.0,285.20489501953125,0.0,0.0,7.665916928090155e-05,298.4156494140625,303.1499938964844,285.1499938964844,0.0,-0.0,285.20831298828125,0.0,0.0,0.0001037892943713,298.4369506835937,303.1499938964844,285.1499938964844,0.0,-0.0,285.205078125,0.0,0.0,0.0004923283122479,285.1947937011719,294.1499938964844,291.9027709960937,285.3678283691406,293.42791748046875,292.078369140625,284.6716613769531,0.0,0.0,0.0,0.0,1.0,1.0,-0.0010502740042284,1.174277475257668e-08,0.0010502622462809,-0.0298086423426866,0.0,0.0,0.0,-0.0106342118233442,60.0,5.255648136138916,-0.0,-7.520808509298149e-08,0.0,283.35400390625,284.5365905761719,288.9228210449219,289.824462890625,293.1499938964844,293.1499938964844,278.1499938964844,0.0,18000.0,313.1499938964844,0.0,18000.0,0.0,0.0,0.0,0.0,0.0,0.0,0.0,0.0,0.0,-0.0,-0.0,-0.0,-5.5419562194307814e-21,-2.7709781097153907e-21,-2.7709781097153907e-21,0.0,0.0,-0.0,0.0,0.0,0.0,-0.0,0.0,0.0,0.0,0.0,0.0,4.0,0.0,0.0
12166740,298.583984375,303.1499938964844,285.1499938964844,0.0,-0.0,285.2049865722656,0.0,0.0,9.847587352851406e-05,298.6622009277344,303.1499938964844,285.1499938964844,0.0,-0.0,285.2050170898437,0.0,0.0,0.0001037002730299,299.2695007324219,303.1499938964844,285.1499938964844,0.0,-0.0,285.2017822265625,0.0,0.0,7.659310358576477e-05,298.4183654785156,303.1499938964844,285.1499938964844,0.0,-0.0,285.2051696777344,0.0,0.0,0.0001036998583003,298.44061279296875,303.1499938964844,285.1499938964844,0.0,-0.0,285.20196533203125,0.0,0.0,0.0004919040948152,285.1905517578125,294.1499938964844,291.8126220703125,285.3534545898437,293.3987121582031,291.9884948730469,284.69146728515625,0.0,0.0,0.0,0.0,1.0,1.0,-0.001049367361702,1.1636758223687592e-08,0.0010493557201698,-0.0295311901718378,0.0,0.0,0.0,-0.0105816544964909,60.0,5.171266078948975,-0.0,-7.507829735686755e-08,0.0,283.35400390625,284.5365905761719,288.9228210449219,289.824462890625,293.1499938964844,293.1499938964844,278.1499938964844,0.0,18000.0,313.1499938964844,0.0,18000.0,0.0,0.0,0.0,0.0,0.0,0.0,0.0,0.0,0.0,-0.0,-0.0,-0.0,-5.5419562194307814e-21,-2.7709781097153907e-21,-2.7709781097153907e-21,0.0,0.0,-0.0,0.0,0.0,0.0,-0.0,0.0,0.0,0.0,0.0,0.0,4.0,0.0,0.0
12166800,298.583984375,303.1499938964844,285.1499938964844,0.0,-0.0,285.2049865722656,0.0,0.0,9.847587352851406e-05,298.6622009277344,303.1499938964844,285.1499938964844,0.0,-0.0,285.2050170898437,0.0,0.0,0.0001037002730299,299.2695007324219,303.1499938964844,285.1499938964844,0.0,-0.0,285.2017822265625,0.0,0.0,7.659310358576477e-05,298.4183654785156,303.1499938964844,285.1499938964844,0.0,-0.0,285.2051696777344,0.0,0.0,0.0001036998583003,298.44061279296875,303.1499938964844,285.1499938964844,0.0,-0.0,285.20196533203125,0.0,0.0,0.0004919040948152,285.1905517578125,294.1499938964844,291.8126220703125,285.3534545898437,293.3987121582031,291.9884948730469,284.69146728515625,0.0,0.0,0.0,0.0,1.0,1.0,-0.001049367361702,1.1636758223687592e-08,0.0010493557201698,-0.0295311901718378,0.0,0.0,0.0,-0.0105816544964909,60.0,5.171266078948975,-0.0,-7.507829735686755e-08,0.0,283.35400390625,284.5365905761719,288.9228210449219,289.824462890625,293.1499938964844,293.1499938964844,278.1499938964844,0.0,18000.0,313.1499938964844,0.0,18000.0,0.0,0.0,0.0,0.0,0.0,0.0,0.0,0.0,0.0,-0.0,-0.0,-0.0,-5.5419562194307814e-21,-2.7709781097153907e-21,-2.7709781097153907e-21,0.0,0.0,-0.0,0.0,0.0,0.0,-0.0,0.0,0.0,0.0,0.0,0.0,4.0,0.0,0.0
12166860,298.5846862792969,303.1499938964844,285.1499938964844,0.0,-0.0,285.2018127441406,0.0,0.0,9.839097765507177e-05,298.6639099121094,303.1499938964844,285.1499938964844,0.0,-0.0,285.20184326171875,0.0,0.0,0.0001036108660628,299.26983642578125,303.1499938964844,285.1499938964844,0.0,-0.0,285.1986389160156,0.0,0.0,7.652705971850082e-05,298.4203491210937,303.1499938964844,285.1499938964844,0.0,-0.0,285.2019958496094,0.0,0.0,0.0001036104586091,298.4436340332031,303.1499938964844,285.1499938964844,0.0,-0.0,285.1988220214844,0.0,0.0,0.0004914801102131,285.186279296875,294.1499938964844,291.7231750488281,285.33819580078125,293.3684387207031,291.8993225097656,284.71014404296875,0.0,0.0,0.0,0.0,1.0,1.0,-0.0010484611848369,1.1530788768254752e-08,0.00104844965972,-0.0292538534849882,0.0,0.0,0.0,-0.0105291213840246,60.0,5.088377952575684,-0.0,-7.49486801510102e-08,0.0,283.35400390625,284.5365905761719,288.9228210449219,289.824462890625,293.1499938964844,293.1499938964844,278.1499938964844,0.0,18000.0,313.1499938964844,0.0,18000.0,0.0,0.0,0.0,0.0,0.0,0.0,0.0,0.0,0.0,-0.0,-0.0,-0.0,-5.5419562194307814e-21,-2.7709781097153907e-21,-2.7709781097153907e-21,0.0,0.0,-0.0,0.0,0.0,0.0,-0.0,0.0,0.0,0.0,0.0,0.0,4.0,0.0,0.0
12166920,298.5846862792969,303.1499938964844,285.1499938964844,0.0,-0.0,285.2018127441406,0.0,0.0,9.839097765507177e-05,298.6639099121094,303.1499938964844,285.1499938964844,0.0,-0.0,285.20184326171875,0.0,0.0,0.0001036108660628,299.26983642578125,303.1499938964844,285.1499938964844,0.0,-0.0,285.1986389160156,0.0,0.0,7.652705971850082e-05,298.4203491210937,303.1499938964844,285.1499938964844,0.0,-0.0,285.2019958496094,0.0,0.0,0.0001036104586091,298.4436340332031,303.1499938964844,285.1499938964844,0.0,-0.0,285.1988220214844,0.0,0.0,0.0004914801102131,285.186279296875,294.1499938964844,291.7231750488281,285.33819580078125,293.3684387207031,291.8993225097656,284.71014404296875,0.0,0.0,0.0,0.0,1.0,1.0,-0.0010484611848369,1.1530788768254752e-08,0.00104844965972,-0.0292538534849882,0.0,0.0,0.0,-0.0105291213840246,60.0,5.088377952575684,-0.0,-7.49486801510102e-08,0.0,283.35400390625,284.5365905761719,288.9228210449219,289.824462890625,293.1499938964844,293.1499938964844,278.1499938964844,0.0,18000.0,313.1499938964844,0.0,18000.0,0.0,0.0,0.0,0.0,0.0,0.0,0.0,0.0,0.0,-0.0,-0.0,-0.0,-5.5419562194307814e-21,-2.7709781097153907e-21,-2.7709781097153907e-21,0.0,0.0,-0.0,0.0,0.0,0.0,-0.0,0.0,0.0,0.0,0.0,0.0,4.0,0.0,0.0
12166980,298.5848999023437,303.1499938964844,285.1499938964844,0.0,-0.0,285.1991577148437,0.0,0.0,9.831970965024084e-05,298.6648864746094,303.1499938964844,285.1499938964844,0.0,-0.0,285.1991577148437,0.0,0.0,0.000103535807284,299.269775390625,303.1499938964844,285.1499938964844,0.0,-0.0,285.1960144042969,0.0,0.0,7.647162419743836e-05,298.4216003417969,303.1499938964844,285.1499938964844,0.0,-0.0,285.1993103027344,0.0,0.0,0.0001035354071063,298.4457702636719,303.1499938964844,285.1499938964844,0.0,-0.0,285.1961669921875,0.0,0.0,0.000491124112159,285.1827087402344,294.1499938964844,291.6485900878906,285.32452392578125,293.3421630859375,291.8249816894531,284.7249755859375,0.0,0.0,0.0,0.0,1.0,1.0,-0.0010477004107087,1.1441829705916008e-08,0.0010476890020072,-0.02902103215456,0.0,0.0,0.0,-0.0104850204661488,60.0,5.019862174987793,-0.0,-7.483996000701154e-08,0.0,283.35400390625,284.5365905761719,288.9228210449219,289.824462890625,293.1499938964844,293.1499938964844,278.1499938964844,0.0,18000.0,313.1499938964844,0.0,18000.0,0.0,0.0,0.0,0.0,0.0,0.0,0.0,0.0,0.0,-0.0,-0.0,-0.0,-5.5419562194307814e-21,-2.7709781097153907e-21,-2.7709781097153907e-21,0.0,0.0,-0.0,0.0,0.0,0.0,-0.0,0.0,0.0,0.0,0.0,0.0,4.0,0.0,0.0
12167040,298.5848999023437,303.1499938964844,285.1499938964844,0.0,-0.0,285.1986389160156,0.0,0.0,9.83061399892904e-05,298.6650390625,303.1499938964844,285.1499938964844,0.0,-0.0,285.1986389160156,0.0,0.0,0.0001035215173033,299.26971435546875,303.1499938964844,285.1499938964844,0.0,-0.0,285.19549560546875,0.0,0.0,7.646106678294018e-05,298.4217834472656,303.1499938964844,285.1499938964844,0.0,-0.0,285.19879150390625,0.0,0.0,0.0001035211171256,298.4461669921875,303.1499938964844,285.1499938964844,0.0,-0.0,285.1956787109375,0.0,0.0,0.0004910563584417,285.1820373535156,294.1499938964844,291.6344299316406,285.3218078613281,293.3370666503906,291.8108825683594,284.72772216796875,0.0,0.0,0.0,0.0,1.0,1.0,-0.0010475555900484,1.1424892143452324e-08,0.0010475441813468,-0.0289767030626535,0.0,0.0,0.0,-0.0104766236618161,60.0,5.006923675537109,-0.0,-7.481926189711886e-08,0.0,283.35400390625,284.5365905761719,288.9228210449219,289.824462890625,293.1499938964844,293.1499938964844,278.1499938964844,0.0,18000.0,313.1499938964844,0.0,18000.0,0.0,0.0,0.0,0.0,0.0,0.0,0.0,0.0,0.0,0.0,0.0,0.0,-5.5419562194307814e-21,-2.7709781097153907e-21,-2.7709781097153907e-21,0.0,0.0,-0.0,0.0,0.0,0.0,-0.0,0.0,0.0,0.0,0.0,0.0,4.0,0.0,0.0
12167100,298.5848693847656,303.1499938964844,285.1499938964844,0.0,-0.0,285.1970520019531,0.0,0.0,9.826374298427254e-05,298.6654663085937,303.1499938964844,285.1499938964844,0.0,-0.0,285.1970520019531,0.0,0.0,0.0001034768720273,299.2695007324219,303.1499938964844,285.1499938964844,0.0,-0.0,285.1939392089844,0.0,0.0,7.64280921430327e-05,298.4223022460937,303.1499938964844,285.1499938964844,0.0,-0.0,285.1972045898437,0.0,0.0,0.0001034764718497,298.4472351074219,303.1499938964844,285.1499938964844,0.0,-0.0,285.194091796875,0.0,0.0,0.0004908445989713,285.179931640625,294.1499938964844,291.59033203125,285.3131408691406,293.32098388671875,291.7669372558594,284.73614501953125,0.0,0.0,0.0,0.0,1.0,1.0,-0.0010471030836924,1.137197802592027e-08,0.0010470916749909,-0.0288382153958082,0.0,0.0,0.0,-0.010450392961502,60.0,4.966720104217529,-0.0,-7.475464514072885e-08,0.0,283.35400390625,284.5365905761719,288.9228210449219,289.824462890625,293.1499938964844,293.1499938964844,278.1499938964844,0.0,18000.0,313.1499938964844,0.0,18000.0,0.0,0.0,0.0,0.0,0.0,0.0,0.0,0.0,0.0,0.0,0.0,0.0,-5.5419562194307814e-21,-2.7709781097153907e-21,-2.7709781097153907e-21,0.0,0.0,-0.0,0.0,0.0,0.0,-0.0,0.0,0.0,0.0,0.0,0.0,4.0,0.0,0.0
12167160,298.5847473144531,303.1499938964844,285.1499938964844,0.0,-0.0,285.1954650878906,0.0,0.0,9.822137508308516e-05,298.665771484375,303.1499938964844,285.1499938964844,0.0,-0.0,285.1954650878906,0.0,0.0,0.0001034322558552,299.2691955566406,303.1499938964844,285.1499938964844,0.0,-0.0,285.1923522949219,0.0,0.0,7.639512477908283e-05,298.4227600097656,303.1499938964844,285.1499938964844,0.0,-0.0,285.19561767578125,0.0,0.0,0.0001034318556776,298.4482421875,303.1499938964844,285.1499938964844,0.0,-0.0,285.1925354003906,0.0,0.0,0.0004906329559162,285.17779541015625,294.1499938964844,291.5464172363281,285.3040771484375,293.3046875,291.7231750488281,284.74432373046875,0.0,0.0,0.0,0.0,1.0,1.0,-0.0010466508101671,1.1319092330097646e-08,0.0010466395178809,-0.0286997985094785,0.0,0.0,0.0,-0.0104241743683815,60.0,4.926856517791748,-0.0,-7.46900781223303e-08,0.0,283.35400390625,284.5365905761719,288.9228210449219,289.824462890625,293.1499938964844,293.1499938964844,278.1499938964844,0.0,18000.0,313.1499938964844,0.0,18000.0,0.0,0.0,0.0,0.0,0.0,0.0,0.0,0.0,0.0,-0.0,-0.0,-0.0,-5.5419562194307814e-21,-2.7709781097153907e-21,-2.7709781097153907e-21,0.0,0.0,-0.0,0.0,0.0,0.0,-0.0,0.0,0.0,0.0,0.0,0.0,4.0,0.0,0.0
12167220,298.584228515625,303.1499938964844,285.1499938964844,0.0,-0.0,285.1922607421875,0.0,0.0,9.81367047643289e-05,298.6661071777344,303.1499938964844,285.1499938964844,0.0,-0.0,285.1922912597656,0.0,0.0,0.0001033430889947,299.2683410644531,303.1499938964844,285.1499938964844,0.0,-0.0,285.189208984375,0.0,0.0,7.632926281075925e-05,298.42333984375,303.1499938964844,285.1499938964844,0.0,-0.0,285.1924133300781,0.0,0.0,0.000103342696093,298.4499816894531,303.1499938964844,285.1499938964844,0.0,-0.0,285.1893920898437,0.0,0.0,0.0004902100772596,285.1736145019531,294.1499938964844,291.4590759277344,285.2847900390625,293.27130126953125,291.6361694335937,284.760009765625,0.0,0.0,0.0,0.0,1.0,1.0,-0.0010457470780238,1.1213414197186466e-08,0.0010457359021529,-0.0284232068806886,0.0,0.0,0.0,-0.0103717856109142,60.0,4.848118305206299,-0.0,-7.456115724835399e-08,0.0,283.35400390625,284.5365905761719,288.9228210449219,289.824462890625,293.1499938964844,293.1499938964844,278.1499938964844,0.0,18000.0,313.1499938964844,0.0,18000.0,0.0,0.0,0.0,0.0,0.0,0.0,0.0,0.0,0.0,-0.0,-0.0,-0.0,-5.5419562194307814e-21,-2.7709781097153907e-21,-2.7709781097153907e-21,0.0,0.0,-0.0,0.0,0.0,0.0,-0.0,0.0,0.0,0.0,0.0,0.0,4.0,0.0,0.0
12167280,298.584228515625,303.1499938964844,285.1499938964844,0.0,-0.0,285.1922607421875,0.0,0.0,9.81367047643289e-05,298.6661071777344,303.1499938964844,285.1499938964844,0.0,-0.0,285.1922912597656,0.0,0.0,0.0001033430889947,299.2683410644531,303.1499938964844,285.1499938964844,0.0,-0.0,285.189208984375,0.0,0.0,7.632926281075925e-05,298.42333984375,303.1499938964844,285.1499938964844,0.0,-0.0,285.1924133300781,0.0,0.0,0.000103342696093,298.4499816894531,303.1499938964844,285.1499938964844,0.0,-0.0,285.1893920898437,0.0,0.0,0.0004902100772596,285.1736145019531,294.1499938964844,291.4590759277344,285.2847900390625,293.27130126953125,291.6361694335937,284.760009765625,0.0,0.0,0.0,0.0,1.0,1.0,-0.0010457470780238,1.1213414197186466e-08,0.0010457359021529,-0.0284232068806886,0.0,0.0,0.0,-0.0103717856109142,60.0,4.848118305206299,-0.0,-7.456115724835399e-08,0.0,283.35400390625,284.5365905761719,288.9228210449219,289.824462890625,293.1499938964844,293.1499938964844,278.1499938964844,0.0,18000.0,313.1499938964844,0.0,18000.0,0.0,0.0,0.0,0.0,0.0,0.0,0.0,0.0,0.0,-0.0,-0.0,-0.0,-5.5419562194307814e-21,-2.7709781097153907e-21,-2.7709781097153907e-21,0.0,0.0,-0.0,0.0,0.0,0.0,-0.0,0.0,0.0,0.0,0.0,0.0,4.0,0.0,0.0
12167340,298.5834655761719,303.1499938964844,285.1499938964844,0.0,-0.0,285.1890869140625,0.0,0.0,9.805215086089448e-05,298.6661071777344,303.1499938964844,285.1499938964844,0.0,-0.0,285.1891174316406,0.0,0.0,0.0001032540385494,299.2672119140625,303.1499938964844,285.1499938964844,0.0,-0.0,285.18609619140625,0.0,0.0,7.626348815392703e-05,298.42364501953125,303.1499938964844,285.1499938964844,0.0,-0.0,285.1892395019531,0.0,0.0,0.0001032536529237,298.451416015625,303.1499938964844,285.1499938964844,0.0,-0.0,285.1862487792969,0.0,0.0,0.0004897877224721,285.16943359375,294.1499938964844,291.3724670410156,285.2637023925781,293.2369384765625,291.5498962402344,284.7747802734375,0.0,0.0,0.0,0.0,1.0,1.0,-0.001044844626449,1.1107879949179278e-08,0.0010448334505781,-0.0281469859182834,0.0,0.0,0.0,-0.0103194685652852,60.0,4.770665645599365,-0.0,-7.443251348604464e-08,0.0,283.35400390625,284.5365905761719,288.9228210449219,289.824462890625,293.1499938964844,293.1499938964844,278.1499938964844,0.0,18000.0,313.1499938964844,0.0,18000.0,0.0,0.0,0.0,0.0,0.0,0.0,0.0,0.0,0.0,-0.0,-0.0,-0.0,-5.5419562194307814e-21,-2.7709781097153907e-21,-2.7709781097153907e-21,0.0,0.0,-0.0,0.0,0.0,0.0,-0.0,0.0,0.0,0.0,0.0,0.0,4.0,0.0,0.0
12167400,298.5834655761719,303.1499938964844,285.1499938964844,0.0,-0.0,285.1890869140625,0.0,0.0,9.805215086089448e-05,298.6661071777344,303.1499938964844,285.1499938964844,0.0,-0.0,285.1891174316406,0.0,0.0,0.0001032540385494,299.2672119140625,303.1499938964844,285.1499938964844,0.0,-0.0,285.18609619140625,0.0,0.0,7.626348815392703e-05,298.42364501953125,303.1499938964844,285.1499938964844,0.0,-0.0,285.1892395019531,0.0,0.0,0.0001032536529237,298.451416015625,303.1499938964844,285.1499938964844,0.0,-0.0,285.1862487792969,0.0,0.0,0.0004897877224721,285.16943359375,294.1499938964844,291.3724670410156,285.2637023925781,293.2369384765625,291.5498962402344,284.7747802734375,0.0,0.0,0.0,0.0,1.0,1.0,-0.001044844626449,1.1107879949179278e-08,0.0010448334505781,-0.0281469859182834,0.0,0.0,0.0,-0.0103194685652852,60.0,4.770665645599365,-0.0,-7.443251348604464e-08,0.0,283.35400390625,284.5365905761719,288.9228210449219,289.824462890625,293.1499938964844,293.1499938964844,278.1499938964844,0.0,18000.0,313.1499938964844,0.0,18000.0,0.0,0.0,0.0,0.0,0.0,0.0,0.0,0.0,0.0,-0.0,-0.0,-0.0,-5.5419562194307814e-21,-2.7709781097153907e-21,-2.7709781097153907e-21,0.0,0.0,-0.0,0.0,0.0,0.0,-0.0,0.0,0.0,0.0,0.0,0.0,4.0,0.0,0.0
12167460,298.5824279785156,303.1499938964844,285.1499938964844,0.0,-0.0,285.1859436035156,0.0,0.0,9.796772064873947e-05,298.6658630371094,303.1499938964844,285.1499938964844,0.0,-0.0,285.1859436035156,0.0,0.0,0.0001031651336234,299.26580810546875,303.1499938964844,285.1499938964844,0.0,-0.0,285.1829528808594,0.0,0.0,7.619781536050141e-05,298.42364501953125,303.1499938964844,285.1499938964844,0.0,-0.0,285.1860656738281,0.0,0.0,0.0001031647479976,298.4526062011719,303.1499938964844,285.1499938964844,0.0,-0.0,285.18310546875,0.0,0.0,0.0004893660661764,285.165283203125,294.1499938964844,291.2865600585937,285.2406616210937,293.20166015625,291.4642944335937,284.78875732421875,0.0,0.0,0.0,0.0,1.0,1.0,-0.0010439434554427,1.1002511790536572e-08,0.0010439325124025,-0.0278711915016174,0.0,0.0,0.0,-0.0102672325447201,60.0,4.694448471069336,-0.0,-7.430418946796635e-08,0.0,283.35400390625,284.5365905761719,288.9228210449219,289.824462890625,293.1499938964844,293.1499938964844,278.1499938964844,0.0,18000.0,313.1499938964844,0.0,18000.0,0.0,0.0,0.0,0.0,0.0,0.0,0.0,0.0,0.0,-0.0,-0.0,-0.0,-5.5419562194307814e-21,-2.7709781097153907e-21,-2.7709781097153907e-21,0.0,0.0,-0.0,0.0,0.0,0.0,-0.0,0.0,0.0,0.0,0.0,0.0,4.0,0.0,0.0
12167520,298.5824279785156,303.1499938964844,285.1499938964844,0.0,-0.0,285.1859436035156,0.0,0.0,9.796772064873947e-05,298.6658630371094,303.1499938964844,285.1499938964844,0.0,-0.0,285.1859436035156,0.0,0.0,0.0001031651336234,299.26580810546875,303.1499938964844,285.1499938964844,0.0,-0.0,285.1829528808594,0.0,0.0,7.619781536050141e-05,298.42364501953125,303.1499938964844,285.1499938964844,0.0,-0.0,285.1860656738281,0.0,0.0,0.0001031647479976,298.4526062011719,303.1499938964844,285.1499938964844,0.0,-0.0,285.18310546875,0.0,0.0,0.0004893660661764,285.165283203125,294.1499938964844,291.2865600585937,285.2406616210937,293.20166015625,291.4642944335937,284.78875732421875,0.0,0.0,0.0,0.0,1.0,1.0,-0.0010439434554427,1.1002511790536572e-08,0.0010439325124025,-0.0278711915016174,0.0,0.0,0.0,-0.0102672325447201,60.0,4.694448471069336,-0.0,-7.430418946796635e-08,0.0,283.35400390625,284.5365905761719,288.9228210449219,289.824462890625,293.1499938964844,293.1499938964844,278.1499938964844,0.0,18000.0,313.1499938964844,0.0,18000.0,0.0,0.0,0.0,0.0,0.0,0.0,0.0,0.0,0.0,-0.0,-0.0,-0.0,-5.5419562194307814e-21,-2.7709781097153907e-21,-2.7709781097153907e-21,0.0,0.0,-0.0,0.0,0.0,0.0,-0.0,0.0,0.0,0.0,0.0,0.0,4.0,0.0,0.0
12167580,298.5811767578125,303.1499938964844,285.1499938964844,0.0,-0.0,285.1827697753906,0.0,0.0,9.78834432316944e-05,298.6653747558594,303.1499938964844,285.1499938964844,0.0,-0.0,285.18280029296875,0.0,0.0,0.0001030763742164,299.26422119140625,303.1499938964844,285.1499938964844,0.0,-0.0,285.1798400878906,0.0,0.0,7.613225898239762e-05,298.4234619140625,303.1499938964844,285.1499938964844,0.0,-0.0,285.18292236328125,0.0,0.0,0.0001030759958666,298.4535827636719,303.1499938964844,285.1499938964844,0.0,-0.0,285.17999267578125,0.0,0.0,0.0004889451083727,285.1611633300781,294.1499938964844,291.20135498046875,285.21539306640625,293.1654663085937,291.37945556640625,284.8019714355469,0.0,0.0,0.0,0.0,1.0,1.0,-0.0010430440306663,1.0897330149362006e-08,0.001043033087626,-0.027595879510045,0.0,0.0,0.0,-0.0102150896564126,60.0,4.6194257736206055,-0.0,-7.41761994049739e-08,0.0,283.35400390625,284.5365905761719,288.9228210449219,289.824462890625,293.1499938964844,293.1499938964844,278.1499938964844,0.0,18000.0,313.1499938964844,0.0,18000.0,0.0,0.0,0.0,0.0,0.0,0.0,0.0,0.0,0.0,-0.0,-0.0,-0.0,-5.5419562194307814e-21,-2.7709781097153907e-21,-2.7709781097153907e-21,0.0,0.0,-0.0,0.0,0.0,0.0,-0.0,0.0,0.0,0.0,0.0,0.0,4.0,0.0,0.0
12167640,298.5811767578125,303.1499938964844,285.1499938964844,0.0,-0.0,285.1827697753906,0.0,0.0,9.78834432316944e-05,298.6653747558594,303.1499938964844,285.1499938964844,0.0,-0.0,285.18280029296875,0.0,0.0,0.0001030763742164,299.26422119140625,303.1499938964844,285.1499938964844,0.0,-0.0,285.1798400878906,0.0,0.0,7.613225898239762e-05,298.4234619140625,303.1499938964844,285.1499938964844,0.0,-0.0,285.18292236328125,0.0,0.0,0.0001030759958666,298.4535827636719,303.1499938964844,285.1499938964844,0.0,-0.0,285.17999267578125,0.0,0.0,0.0004889451083727,285.1611633300781,294.1499938964844,291.20135498046875,285.21539306640625,293.1654663085937,291.37945556640625,284.8019714355469,0.0,0.0,0.0,0.0,1.0,1.0,-0.0010430440306663,1.0897330149362006e-08,0.001043033087626,-0.027595879510045,0.0,0.0,0.0,-0.0102150896564126,60.0,4.6194257736206055,-0.0,-7.41761994049739e-08,0.0,283.35400390625,284.5365905761719,288.9228210449219,289.824462890625,293.1499938964844,293.1499938964844,278.1499938964844,0.0,18000.0,313.1499938964844,0.0,18000.0,0.0,0.0,0.0,0.0,0.0,0.0,0.0,0.0,0.0,-0.0,-0.0,-0.0,-5.5419562194307814e-21,-2.7709781097153907e-21,-2.7709781097153907e-21,0.0,0.0,-0.0,0.0,0.0,0.0,-0.0,0.0,0.0,0.0,0.0,0.0,4.0,0.0,0.0
12167700,298.5805053710937,303.1499938964844,285.1499938964844,0.0,-0.0,285.18121337890625,0.0,0.0,9.784136636881158e-05,298.6650390625,303.1499938964844,285.1499938964844,0.0,-0.0,285.18121337890625,0.0,0.0,0.0001030320636346,299.2633361816406,303.1499938964844,285.1499938964844,0.0,-0.0,285.17828369140625,0.0,0.0,7.60995244490914e-05,298.4233093261719,303.1499938964844,285.1499938964844,0.0,-0.0,285.18133544921875,0.0,0.0,0.0001030316852848,298.4540100097656,303.1499938964844,285.1499938964844,0.0,-0.0,285.1784362792969,0.0,0.0,0.0004887349205091,285.1591186523437,294.1499938964844,291.1590270996094,285.20184326171875,293.1470642089844,291.3372802734375,284.80828857421875,0.0,0.0,0.0,0.0,1.0,1.0,-0.0010425949003547,1.0844815712118816e-08,0.0010425840737298,-0.0274584200233221,0.0,0.0,0.0,-0.0101890563964843,60.0,4.582351207733154,-0.0,-7.411234292931115e-08,0.0,283.35400390625,284.5365905761719,288.9228210449219,289.824462890625,293.1499938964844,293.1499938964844,278.1499938964844,0.0,18000.0,313.1499938964844,0.0,18000.0,0.0,0.0,0.0,0.0,0.0,0.0,0.0,0.0,0.0,0.0,0.0,0.0,-5.5419562194307814e-21,-2.7709781097153907e-21,-2.7709781097153907e-21,0.0,0.0,-0.0,0.0,0.0,0.0,-0.0,0.0,0.0,0.0,0.0,0.0,4.0,0.0,0.0
12167760,298.57977294921875,303.1499938964844,285.1499938964844,0.0,-0.0,285.1796264648437,0.0,0.0,9.779933316167444e-05,298.6646728515625,303.1499938964844,285.1499938964844,0.0,-0.0,285.1796569824219,0.0,0.0,0.0001029877967084,299.2624206542969,303.1499938964844,285.1499938964844,0.0,-0.0,285.1767272949219,0.0,0.0,7.606682629557326e-05,298.423095703125,303.1499938964844,285.1499938964844,0.0,-0.0,285.1797790527344,0.0,0.0,0.0001029874256346,298.4543762207031,303.1499938964844,285.1499938964844,0.0,-0.0,285.1769104003906,0.0,0.0,0.0004885249654762,285.1571044921875,294.1499938964844,291.11688232421875,285.1877136230469,293.12841796875,291.2952880859375,284.814453125,0.0,0.0,0.0,0.0,1.0,1.0,-0.0010421463521197,1.0792355453759228e-08,0.0010421355254948,-0.0273211020976305,0.0,0.0,0.0,-0.0101630492135882,60.0,4.545558929443359,-0.0,-7.404857171877667e-08,0.0,283.35400390625,284.5365905761719,288.9228210449219,289.824462890625,293.1499938964844,293.1499938964844,278.1499938964844,0.0,18000.0,313.1499938964844,0.0,18000.0,0.0,0.0,0.0,0.0,0.0,0.0,0.0,0.0,0.0,-0.0,-0.0,-0.0,-5.5419562194307814e-21,-2.7709781097153907e-21,-2.7709781097153907e-21,0.0,0.0,-0.0,0.0,0.0,0.0,-0.0,0.0,0.0,0.0,0.0,0.0,4.0,0.0,0.0
12167820,298.57818603515625,303.1499938964844,285.1499938964844,0.0,-0.0,285.176513671875,0.0,0.0,9.771539771463722e-05,298.6637878417969,303.1499938964844,285.1499938964844,0.0,-0.0,285.176513671875,0.0,0.0,0.0001028994010994,299.26043701171875,303.1499938964844,285.1499938964844,0.0,-0.0,285.17364501953125,0.0,0.0,7.600153185194358e-05,298.42254638671875,303.1499938964844,285.1499938964844,0.0,-0.0,285.1766662597656,0.0,0.0,0.0001028990373015,298.4550170898437,303.1499938964844,285.1499938964844,0.0,-0.0,285.1737976074219,0.0,0.0,0.0004881057539023,285.153076171875,294.1499938964844,291.0330810546875,285.15740966796875,293.0905456542969,291.2118530273437,284.8262939453125,0.0,0.0,0.0,0.0,1.0,1.0,-0.0010412505362182,1.0687606355475054e-08,0.0010412398260086,-0.0270469114184379,0.0,0.0,0.0,-0.0101111205294728,60.0,4.472805500030518,-0.0,-7.392132772565675e-08,0.0,283.35400390625,284.5365905761719,288.9228210449219,289.824462890625,293.1499938964844,293.1499938964844,278.1499938964844,0.0,18000.0,313.1499938964844,0.0,18000.0,0.0,0.0,0.0,0.0,0.0,0.0,0.0,0.0,0.0,-0.0,-0.0,-0.0,-5.5419562194307814e-21,-2.7709781097153907e-21,-2.7709781097153907e-21,0.0,0.0,-0.0,0.0,0.0,0.0,-0.0,0.0,0.0,0.0,0.0,0.0,4.0,0.0,0.0
12167880,298.57818603515625,303.1499938964844,285.1499938964844,0.0,-0.0,285.176513671875,0.0,0.0,9.771539771463722e-05,298.6637878417969,303.1499938964844,285.1499938964844,0.0,-0.0,285.176513671875,0.0,0.0,0.0001028994010994,299.26043701171875,303.1499938964844,285.1499938964844,0.0,-0.0,285.17364501953125,0.0,0.0,7.600153185194358e-05,298.42254638671875,303.1499938964844,285.1499938964844,0.0,-0.0,285.1766662597656,0.0,0.0,0.0001028990373015,298.4550170898437,303.1499938964844,285.1499938964844,0.0,-0.0,285.1737976074219,0.0,0.0,0.0004881057539023,285.153076171875,294.1499938964844,291.0330810546875,285.15740966796875,293.0905456542969,291.2118530273437,284.8262939453125,0.0,0.0,0.0,0.0,1.0,1.0,-0.0010412505362182,1.0687606355475054e-08,0.0010412398260086,-0.0270469114184379,0.0,0.0,0.0,-0.0101111205294728,60.0,4.472805500030518,-0.0,-7.392132772565675e-08,0.0,283.35400390625,284.5365905761719,288.9228210449219,289.824462890625,293.1499938964844,293.1499938964844,278.1499938964844,0.0,18000.0,313.1499938964844,0.0,18000.0,0.0,0.0,0.0,0.0,0.0,0.0,0.0,0.0,0.0,-0.0,-0.0,-0.0,-5.5419562194307814e-21,-2.7709781097153907e-21,-2.7709781097153907e-21,0.0,0.0,-0.0,0.0,0.0,0.0,-0.0,0.0,0.0,0.0,0.0,0.0,4.0,0.0,0.0
12167940,298.5765075683594,303.1499938964844,285.1499938964844,0.0,-0.0,285.1734313964844,0.0,0.0,9.763165871845558e-05,298.6627502441406,303.1499938964844,285.1499938964844,0.0,-0.0,285.1734313964844,0.0,0.0,0.0001028112164931,299.2583312988281,303.1499938964844,285.1499938964844,0.0,-0.0,285.17059326171875,0.0,0.0,7.59363902034238e-05,298.4218444824219,303.1499938964844,285.1499938964844,0.0,-0.0,285.1735534667969,0.0,0.0,0.0001028108526952,298.4554748535156,303.1499938964844,285.1499938964844,0.0,-0.0,285.1707458496094,0.0,0.0,0.0004876875027548,285.1490783691406,294.1499938964844,290.95001220703125,285.1242980957031,293.0518493652344,291.1291198730469,284.8375244140625,0.0,0.0,0.0,0.0,1.0,1.0,-0.0010403568157926,1.0583102394434718e-08,0.0010403462219983,-0.0267733540385961,0.0,0.0,0.0,-0.0100593138486146,60.0,4.401144027709961,-0.0,-7.379449584732356e-08,0.0,283.35400390625,284.5365905761719,288.9228210449219,289.824462890625,293.1499938964844,293.1499938964844,278.1499938964844,0.0,18000.0,313.1499938964844,0.0,18000.0,0.0,0.0,0.0,0.0,0.0,0.0,0.0,0.0,0.0,-0.0,-0.0,-0.0,-5.5419562194307814e-21,-2.7709781097153907e-21,-2.7709781097153907e-21,0.0,0.0,-0.0,0.0,0.0,0.0,-0.0,0.0,0.0,0.0,0.0,0.0,4.0,0.0,0.0
12168000,298.5765075683594,303.1499938964844,285.1499938964844,0.0,-0.0,285.1734313964844,0.0,0.0,9.763165871845558e-05,298.6627502441406,303.1499938964844,285.1499938964844,0.0,-0.0,285.1734313964844,0.0,0.0,0.0001028112164931,299.2583312988281,303.1499938964844,285.1499938964844,0.0,-0.0,285.17059326171875,0.0,0.0,7.59363902034238e-05,298.4218444824219,303.1499938964844,285.1499938964844,0.0,-0.0,285.1735534667969,0.0,0.0,0.0001028108526952,298.4554748535156,303.1499938964844,285.1499938964844,0.0,-0.0,285.1707458496094,0.0,0.0,0.0004876875027548,285.1490783691406,294.1499938964844,290.95001220703125,285.1242980957031,293.0518493652344,291.1291198730469,284.8375244140625,0.0,0.0,0.0,0.0,1.0,1.0,-0.0010403568157926,1.0583102394434718e-08,0.0010403462219983,-0.0267733540385961,0.0,0.0,0.0,-0.0100593138486146,60.0,4.401144027709961,-0.0,-7.379449584732356e-08,0.0,283.35400390625,284.5365905761719,288.9228210449219,289.824462890625,293.1499938964844,293.1499938964844,278.1499938964844,0.0,18000.0,313.1499938964844,0.0,18000.0,0.0,0.0,0.0,0.0,0.0,0.0,0.0,0.0,0.0,-0.0,-0.0,-0.0,-5.5419562194307814e-21,-2.7709781097153907e-21,-2.7709781097153907e-21,0.0,0.0,-0.0,0.0,0.0,0.0,-0.0,0.0,0.0,0.0,0.0,0.0,4.0,0.0,0.0
12168060,298.57470703125,303.1499938964844,285.1499938964844,0.0,-0.0,285.1703491210937,0.0,0.0,9.754812344908714e-05,298.6615600585937,303.1499938964844,285.1499938964844,0.0,-0.0,285.1703491210937,0.0,0.0,0.0001027232428896,299.2560729980469,303.1499938964844,285.1499938964844,0.0,-0.0,285.16754150390625,0.0,0.0,7.587141590192914e-05,298.4210510253906,303.1499938964844,285.1499938964844,0.0,-0.0,285.17047119140625,0.0,0.0,0.0001027228863677,298.4558410644531,303.1499938964844,285.1499938964844,0.0,-0.0,285.1676940917969,0.0,0.0,0.0004872702702414,285.1451416015625,294.1499938964844,290.87530517578125,285.0921325683594,293.0124206542969,291.0482482910156,284.84814453125,0.0,0.0,0.0,0.0,1.0,1.0,-0.0010394654236733,1.0478859557849772e-08,0.0010394549462944,-0.0265004765242338,0.0,0.0,0.0,-0.0100076366215944,60.0,4.332640647888184,-0.0,-7.366808318920448e-08,0.0,283.35400390625,284.5365905761719,288.9228210449219,289.824462890625,293.1499938964844,293.1499938964844,278.1499938964844,0.0,18000.0,313.1499938964844,0.0,18000.0,0.0,0.0,0.0,0.0,0.0,0.0,0.0,0.0,0.0,-0.0,-0.0,-0.0,-5.5419562194307814e-21,-2.7709781097153907e-21,-2.7709781097153907e-21,0.0,0.0,-0.0,0.0,0.0,0.0,-0.0,0.0,0.0,0.0,0.0,0.0,4.0,0.0,0.0
12168120,298.57470703125,303.1499938964844,285.1499938964844,0.0,-0.0,285.1703491210937,0.0,0.0,9.754812344908714e-05,298.6615600585937,303.1499938964844,285.1499938964844,0.0,-0.0,285.1703491210937,0.0,0.0,0.0001027232428896,299.2560729980469,303.1499938964844,285.1499938964844,0.0,-0.0,285.16754150390625,0.0,0.0,7.587141590192914e-05,298.4210510253906,303.1499938964844,285.1499938964844,0.0,-0.0,285.17047119140625,0.0,0.0,0.0001027228863677,298.4558410644531,303.1499938964844,285.1499938964844,0.0,-0.0,285.1676940917969,0.0,0.0,0.0004872702702414,285.1451416015625,294.1499938964844,290.87530517578125,285.0921325683594,293.0124206542969,291.0482482910156,284.84814453125,0.0,0.0,0.0,0.0,1.0,1.0,-0.0010394654236733,1.0478859557849772e-08,0.0010394549462944,-0.0265004765242338,0.0,0.0,0.0,-0.0100076366215944,60.0,4.332640647888184,-0.0,-7.366808318920448e-08,0.0,283.35400390625,284.5365905761719,288.9228210449219,289.824462890625,293.1499938964844,293.1499938964844,278.1499938964844,0.0,18000.0,313.1499938964844,0.0,18000.0,0.0,0.0,0.0,0.0,0.0,0.0,0.0,0.0,0.0,-0.0,-0.0,-0.0,-5.5419562194307814e-21,-2.7709781097153907e-21,-2.7709781097153907e-21,0.0,0.0,-0.0,0.0,0.0,0.0,-0.0,0.0,0.0,0.0,0.0,0.0,4.0,0.0,0.0
12168180,298.57305908203125,303.1499938964844,285.1499938964844,0.0,-0.0,285.16754150390625,0.0,0.0,9.747147123562172e-05,298.6603698730469,303.1499938964844,285.1499938964844,0.0,-0.0,285.16754150390625,0.0,0.0,0.0001026425234158,299.25390625,303.1499938964844,285.1499938964844,0.0,-0.0,285.1647644042969,0.0,0.0,7.581178215332329e-05,298.42022705078125,303.1499938964844,285.1499938964844,0.0,-0.0,285.16766357421875,0.0,0.0,0.0001026421668939,298.4560852050781,303.1499938964844,285.1499938964844,0.0,-0.0,285.1649169921875,0.0,0.0,0.0004868874093517,285.1415710449219,294.1499938964844,290.8201599121094,285.0666198730469,292.9757385253906,290.9789733886719,284.8574523925781,0.0,0.0,0.0,0.0,1.0,1.0,-0.0010386473732069,1.0383202742048072e-08,0.0010386370122432,-0.0262500699609518,0.0,0.0,0.0,-0.0099602155387401,60.0,4.277754783630371,-0.0,-7.355217945814729e-08,0.0,283.35400390625,284.5365905761719,288.9228210449219,289.824462890625,293.1499938964844,293.1499938964844,278.1499938964844,0.0,18000.0,313.1499938964844,0.0,18000.0,0.0,0.0,0.0,0.0,0.0,0.0,0.0,0.0,0.0,-0.0,-0.0,-0.0,-5.5419562194307814e-21,-2.7709781097153907e-21,-2.7709781097153907e-21,0.0,0.0,-0.0,0.0,0.0,0.0,-0.0,0.0,0.0,0.0,0.0,0.0,4.0,0.0,0.0
12168240,298.57293701171875,303.1499938964844,285.1499938964844,0.0,-0.0,285.16729736328125,0.0,0.0,9.746481373440474e-05,298.6602478027344,303.1499938964844,285.1499938964844,0.0,-0.0,285.16729736328125,0.0,0.0,0.0001026355093927,299.25372314453125,303.1499938964844,285.1499938964844,0.0,-0.0,285.16455078125,0.0,0.0,7.580660894745961e-05,298.4201354980469,303.1499938964844,285.1499938964844,0.0,-0.0,285.1674194335937,0.0,0.0,0.0001026351601467,298.45611572265625,303.1499938964844,285.1499938964844,0.0,-0.0,285.1646728515625,0.0,0.0,0.0004868541727773,285.1412658691406,294.1499938964844,290.8159484863281,285.0645751953125,292.9725341796875,290.9732971191406,284.8582458496094,0.0,0.0,0.0,0.0,1.0,1.0,-0.0010385763598605,1.0374896497467034e-08,0.0010385658824816,-0.0262283254414796,0.0,0.0,0.0,-0.0099560972303152,60.0,4.273415565490723,-0.0,-7.354211817300893e-08,0.0,283.35400390625,284.5365905761719,288.9228210449219,289.824462890625,293.1499938964844,293.1499938964844,278.1499938964844,0.0,18000.0,313.1499938964844,0.0,18000.0,0.0,0.0,0.0,0.0,0.0,0.0,0.0,0.0,0.0,-0.0,-0.0,-0.0,-5.5419562194307814e-21,-2.7709781097153907e-21,-2.7709781097153907e-21,0.0,0.0,-0.0,0.0,0.0,0.0,-0.0,0.0,0.0,0.0,0.0,0.0,4.0,0.0,0.0
12168300,298.57208251953125,303.1499938964844,285.1499938964844,0.0,-0.0,285.165771484375,0.0,0.0,9.742324618855493e-05,298.6595764160156,303.1499938964844,285.1499938964844,0.0,-0.0,285.165771484375,0.0,0.0,0.0001025917372317,299.25250244140625,303.1499938964844,285.1499938964844,0.0,-0.0,285.1630554199219,0.0,0.0,7.577427459182218e-05,298.419677734375,303.1499938964844,285.1499938964844,0.0,-0.0,285.1658935546875,0.0,0.0,0.0001025913879857,298.4562072753906,303.1499938964844,285.1499938964844,0.0,-0.0,285.1631774902344,0.0,0.0,0.0004866465460509,285.13934326171875,294.1499938964844,290.7916564941406,285.052490234375,292.9525146484375,290.9390869140625,284.86309814453125,0.0,0.0,0.0,0.0,1.0,1.0,-0.0010381327010691,1.0323025101399708e-08,0.0010381223401054,-0.0260925330221653,0.0,0.0,0.0,-0.0099303824827075,60.0,4.247888565063477,-0.0,-7.347930619516775e-08,0.0,283.35400390625,284.5365905761719,288.9228210449219,289.824462890625,293.1499938964844,293.1499938964844,278.1499938964844,0.0,18000.0,313.1499938964844,0.0,18000.0,0.0,0.0,0.0,0.0,0.0,0.0,0.0,0.0,0.0,0.0,0.0,0.0,-5.5419562194307814e-21,-2.7709781097153907e-21,-2.7709781097153907e-21,0.0,0.0,-0.0,0.0,0.0,0.0,-0.0,0.0,0.0,0.0,0.0,0.0,4.0,0.0,0.0
12168360,298.5712280273437,303.1499938964844,285.1499938964844,0.0,-0.0,285.1642761230469,0.0,0.0,9.7381736850366e-05,298.65887451171875,303.1499938964844,285.1499938964844,0.0,-0.0,285.1642761230469,0.0,0.0,0.0001025480232783,299.2512512207031,303.1499938964844,285.1499938964844,0.0,-0.0,285.1615600585937,0.0,0.0,7.574198389193043e-05,298.419189453125,303.1499938964844,285.1499938964844,0.0,-0.0,285.1643981933594,0.0,0.0,0.0001025476740323,298.456298828125,303.1499938964844,285.1499938964844,0.0,-0.0,285.16168212890625,0.0,0.0,0.0004864392103627,285.1374206542969,294.1499938964844,290.77081298828125,285.0414733886719,292.9324645996094,290.90740966796875,284.8678283691406,0.0,0.0,0.0,0.0,1.0,1.0,-0.0010376897407695,1.0271229200498055e-08,0.0010376794962212,-0.0259569399058818,0.0,0.0,0.0,-0.0099047049880027,60.0,4.224997520446777,-0.0,-7.341662211501898e-08,0.0,283.35400390625,284.5365905761719,288.9228210449219,289.824462890625,293.1499938964844,293.1499938964844,278.1499938964844,0.0,18000.0,313.1499938964844,0.0,18000.0,0.0,0.0,0.0,0.0,0.0,0.0,0.0,0.0,0.0,-0.0,-0.0,-0.0,-5.5419562194307814e-21,-2.7709781097153907e-21,-2.7709781097153907e-21,0.0,0.0,-0.0,0.0,0.0,0.0,-0.0,0.0,0.0,0.0,0.0,0.0,4.0,0.0,0.0
12168420,298.5696716308594,303.1499938964844,285.1499938964844,0.0,-0.0,285.1612548828125,0.0,0.0,9.729890734888612e-05,298.6575012207031,303.1499938964844,285.1499938964844,0.0,-0.0,285.1612854003906,0.0,0.0,0.0001024607990984,299.248779296875,303.1499938964844,285.1499938964844,0.0,-0.0,285.1585998535156,0.0,0.0,7.567755528725684e-05,298.4181823730469,303.1499938964844,285.1499938964844,0.0,-0.0,285.1614074707031,0.0,0.0,0.0001024604571284,298.4564208984375,303.1499938964844,285.1499938964844,0.0,-0.0,285.1587219238281,0.0,0.0,0.0004860255285166,285.1336364746094,294.1499938964844,290.73883056640625,285.0224914550781,292.8924560546875,290.85205078125,284.876953125,0.0,0.0,0.0,0.0,1.0,1.0,-0.0010368059156462,1.0167871877797552e-08,0.0010367956710979,-0.0256863627582788,0.0,0.0,0.0,-0.0098534664139151,60.0,4.1867265701293945,-0.0,-7.329160212066199e-08,0.0,283.35400390625,284.5365905761719,288.9228210449219,289.824462890625,293.1499938964844,293.1499938964844,278.1499938964844,0.0,18000.0,313.1499938964844,0.0,18000.0,0.0,0.0,0.0,0.0,0.0,0.0,0.0,0.0,0.0,-0.0,-0.0,-0.0,-5.5419562194307814e-21,-2.7709781097153907e-21,-2.7709781097153907e-21,0.0,0.0,-0.0,0.0,0.0,0.0,-0.0,0.0,0.0,0.0,0.0,0.0,4.0,0.0,0.0
12168480,298.5696716308594,303.1499938964844,285.1499938964844,0.0,-0.0,285.1612548828125,0.0,0.0,9.729890734888612e-05,298.6575012207031,303.1499938964844,285.1499938964844,0.0,-0.0,285.1612854003906,0.0,0.0,0.0001024607990984,299.248779296875,303.1499938964844,285.1499938964844,0.0,-0.0,285.1585998535156,0.0,0.0,7.567755528725684e-05,298.4181823730469,303.1499938964844,285.1499938964844,0.0,-0.0,285.1614074707031,0.0,0.0,0.0001024604571284,298.4564208984375,303.1499938964844,285.1499938964844,0.0,-0.0,285.1587219238281,0.0,0.0,0.0004860255285166,285.1336364746094,294.1499938964844,290.73883056640625,285.0224914550781,292.8924560546875,290.85205078125,284.876953125,0.0,0.0,0.0,0.0,1.0,1.0,-0.0010368059156462,1.0167871877797552e-08,0.0010367956710979,-0.0256863627582788,0.0,0.0,0.0,-0.0098534664139151,60.0,4.1867265701293945,-0.0,-7.329160212066199e-08,0.0,283.35400390625,284.5365905761719,288.9228210449219,289.824462890625,293.1499938964844,293.1499938964844,278.1499938964844,0.0,18000.0,313.1499938964844,0.0,18000.0,0.0,0.0,0.0,0.0,0.0,0.0,0.0,0.0,0.0,-0.0,-0.0,-0.0,-5.5419562194307814e-21,-2.7709781097153907e-21,-2.7709781097153907e-21,0.0,0.0,-0.0,0.0,0.0,0.0,-0.0,0.0,0.0,0.0,0.0,0.0,4.0,0.0,0.0
12168540,298.5682983398437,303.1499938964844,285.1499938964844,0.0,-0.0,285.1582946777344,0.0,0.0,9.721633978188038e-05,298.6560974121094,303.1499938964844,285.1499938964844,0.0,-0.0,285.1583251953125,0.0,0.0,0.000102373844129,299.2462463378906,303.1499938964844,285.1499938964844,0.0,-0.0,285.1556701660156,0.0,0.0,7.561332313343883e-05,298.417236328125,303.1499938964844,285.1499938964844,0.0,-0.0,285.1584167480469,0.0,0.0,0.000102373502159,298.4565124511719,303.1499938964844,285.1499938964844,0.0,-0.0,285.1557922363281,0.0,0.0,0.0004856130981352,285.12994384765625,294.1499938964844,290.71893310546875,285.0073547363281,292.85272216796875,290.80780029296875,284.8856201171875,0.0,0.0,0.0,0.0,1.0,1.0,-0.0010359247680753,1.0064840516577078e-08,0.0010359147563576,-0.0254166312515735,0.0,0.0,0.0,-0.0098023898899555,60.0,4.157859325408936,-0.0,-7.316708661164739e-08,0.0,283.35400390625,284.5365905761719,288.9228210449219,289.824462890625,293.1499938964844,293.1499938964844,278.1499938964844,0.0,18000.0,313.1499938964844,0.0,18000.0,0.0,0.0,0.0,0.0,0.0,0.0,0.0,0.0,0.0,-0.0,-0.0,-0.0,-5.5419562194307814e-21,-2.7709781097153907e-21,-2.7709781097153907e-21,0.0,0.0,-0.0,0.0,0.0,0.0,-0.0,0.0,0.0,0.0,0.0,0.0,4.0,0.0,0.0
12168600,298.5682983398437,303.1499938964844,285.1499938964844,0.0,-0.0,285.1582946777344,0.0,0.0,9.721633978188038e-05,298.6560974121094,303.1499938964844,285.1499938964844,0.0,-0.0,285.1583251953125,0.0,0.0,0.000102373844129,299.2462463378906,303.1499938964844,285.1499938964844,0.0,-0.0,285.1556701660156,0.0,0.0,7.561332313343883e-05,298.417236328125,303.1499938964844,285.1499938964844,0.0,-0.0,285.1584167480469,0.0,0.0,0.000102373502159,298.4565124511719,303.1499938964844,285.1499938964844,0.0,-0.0,285.1557922363281,0.0,0.0,0.0004856130981352,285.12994384765625,294.1499938964844,290.71893310546875,285.0073547363281,292.85272216796875,290.80780029296875,284.8856201171875,0.0,0.0,0.0,0.0,1.0,1.0,-0.0010359247680753,1.0064840516577078e-08,0.0010359147563576,-0.0254166312515735,0.0,0.0,0.0,-0.0098023898899555,60.0,4.157859325408936,-0.0,-7.316708661164739e-08,0.0,283.35400390625,284.5365905761719,288.9228210449219,289.824462890625,293.1499938964844,293.1499938964844,278.1499938964844,0.0,18000.0,313.1499938964844,0.0,18000.0,0.0,0.0,0.0,0.0,0.0,0.0,0.0,0.0,0.0,-0.0,-0.0,-0.0,-5.5419562194307814e-21,-2.7709781097153907e-21,-2.7709781097153907e-21,0.0,0.0,-0.0,0.0,0.0,0.0,-0.0,0.0,0.0,0.0,0.0,0.0,4.0,0.0,0.0
12168660,298.5671081542969,303.1499938964844,285.1499938964844,0.0,-0.0,285.1553649902344,0.0,0.0,9.713404142530636e-05,298.6547546386719,303.1499938964844,285.1499938964844,0.0,-0.0,285.1553649902344,0.0,0.0,0.0001022871729219,299.2437438964844,303.1499938964844,285.1499938964844,0.0,-0.0,285.1527404785156,0.0,0.0,7.554930925834924e-05,298.41632080078125,303.1499938964844,285.1499938964844,0.0,-0.0,285.1554870605469,0.0,0.0,0.0001022868382278,298.45660400390625,303.1499938964844,285.1499938964844,0.0,-0.0,285.15289306640625,0.0,0.0,0.0004852020356338,285.12628173828125,294.1499938964844,290.7099914550781,284.9956970214844,292.8135070800781,290.7745666503906,284.8938903808594,0.0,0.0,0.0,0.0,1.0,1.0,-0.0010350465308874,9.96214843951293e-09,0.0010350366355851,-0.0251477863639593,0.0,0.0,0.0,-0.0097514810040593,60.0,4.13756799697876,-0.0,-7.304308269340255e-08,0.0,283.35400390625,284.5365905761719,288.9228210449219,289.824462890625,293.1499938964844,293.1499938964844,278.1499938964844,0.0,18000.0,313.1499938964844,0.0,18000.0,0.0,0.0,0.0,0.0,0.0,0.0,0.0,0.0,0.0,-0.0,-0.0,-0.0,-5.5419562194307814e-21,-2.7709781097153907e-21,-2.7709781097153907e-21,0.0,0.0,-0.0,0.0,0.0,0.0,-0.0,0.0,0.0,0.0,0.0,0.0,4.0,0.0,0.0
12168720,298.5671081542969,303.1499938964844,285.1499938964844,0.0,-0.0,285.1553649902344,0.0,0.0,9.713404142530636e-05,298.6547546386719,303.1499938964844,285.1499938964844,0.0,-0.0,285.1553649902344,0.0,0.0,0.0001022871729219,299.2437438964844,303.1499938964844,285.1499938964844,0.0,-0.0,285.1527404785156,0.0,0.0,7.554930925834924e-05,298.41632080078125,303.1499938964844,285.1499938964844,0.0,-0.0,285.1554870605469,0.0,0.0,0.0001022868382278,298.45660400390625,303.1499938964844,285.1499938964844,0.0,-0.0,285.15289306640625,0.0,0.0,0.0004852020356338,285.12628173828125,294.1499938964844,290.7099914550781,284.9956970214844,292.8135070800781,290.7745666503906,284.8938903808594,0.0,0.0,0.0,0.0,1.0,1.0,-0.0010350465308874,9.96214843951293e-09,0.0010350366355851,-0.0251477863639593,0.0,0.0,0.0,-0.0097514810040593,60.0,4.13756799697876,-0.0,-7.304308269340255e-08,0.0,283.35400390625,284.5365905761719,288.9228210449219,289.824462890625,293.1499938964844,293.1499938964844,278.1499938964844,0.0,18000.0,313.1499938964844,0.0,18000.0,0.0,0.0,0.0,0.0,0.0,0.0,0.0,0.0,0.0,-0.0,-0.0,-0.0,-5.5419562194307814e-21,-2.7709781097153907e-21,-2.7709781097153907e-21,0.0,0.0,-0.0,0.0,0.0,0.0,-0.0,0.0,0.0,0.0,0.0,0.0,4.0,0.0,0.0
12168780,298.5661315917969,303.1499938964844,285.1499938964844,0.0,-0.0,285.1524658203125,0.0,0.0,9.705202683107927e-05,298.6534729003906,303.1499938964844,285.1499938964844,0.0,-0.0,285.1524658203125,0.0,0.0,0.000102200800029,299.24127197265625,303.1499938964844,285.1499938964844,0.0,-0.0,285.14990234375,0.0,0.0,7.548550638603047e-05,298.4154663085937,303.1499938964844,285.1499938964844,0.0,-0.0,285.152587890625,0.0,0.0,0.000102200472611,298.4566650390625,303.1499938964844,285.1499938964844,0.0,-0.0,285.1500244140625,0.0,0.0,0.0004847923992201,285.1226806640625,294.1499938964844,290.7109069824219,284.9871826171875,292.77496337890625,290.7520446777344,284.9017639160156,0.0,0.0,0.0,0.0,1.0,1.0,-0.0010341714369133,9.859809857459824e-09,0.0010341615416109,-0.0248798597604036,0.0,0.0,0.0,-0.0097007472068071,60.0,4.125057220458984,-0.0,-7.29196116822095e-08,0.0,283.35400390625,284.5365905761719,288.9228210449219,289.824462890625,293.1499938964844,293.1499938964844,278.1499938964844,0.0,18000.0,313.1499938964844,0.0,18000.0,0.0,0.0,0.0,0.0,0.0,0.0,0.0,0.0,0.0,-0.0,-0.0,-0.0,-5.5419562194307814e-21,-2.7709781097153907e-21,-2.7709781097153907e-21,0.0,0.0,-0.0,0.0,0.0,0.0,-0.0,0.0,0.0,0.0,0.0,0.0,4.0,0.0,0.0
12168840,298.5661315917969,303.1499938964844,285.1499938964844,0.0,-0.0,285.1524658203125,0.0,0.0,9.705202683107927e-05,298.6534729003906,303.1499938964844,285.1499938964844,0.0,-0.0,285.1524658203125,0.0,0.0,0.000102200800029,299.24127197265625,303.1499938964844,285.1499938964844,0.0,-0.0,285.14990234375,0.0,0.0,7.548550638603047e-05,298.4154663085937,303.1499938964844,285.1499938964844,0.0,-0.0,285.152587890625,0.0,0.0,0.000102200472611,298.4566650390625,303.1499938964844,285.1499938964844,0.0,-0.0,285.1500244140625,0.0,0.0,0.0004847923992201,285.1226806640625,294.1499938964844,290.7109069824219,284.9871826171875,292.77496337890625,290.7520446777344,284.9017639160156,0.0,0.0,0.0,0.0,1.0,1.0,-0.0010341714369133,9.859809857459824e-09,0.0010341615416109,-0.0248798597604036,0.0,0.0,0.0,-0.0097007472068071,60.0,4.125057220458984,-0.0,-7.29196116822095e-08,0.0,283.35400390625,284.5365905761719,288.9228210449219,289.824462890625,293.1499938964844,293.1499938964844,278.1499938964844,0.0,18000.0,313.1499938964844,0.0,18000.0,0.0,0.0,0.0,0.0,0.0,0.0,0.0,0.0,0.0,-0.0,-0.0,-0.0,-5.5419562194307814e-21,-2.7709781097153907e-21,-2.7709781097153907e-21,0.0,0.0,-0.0,0.0,0.0,0.0,-0.0,0.0,0.0,0.0,0.0,0.0,4.0,0.0,0.0
12168900,298.5657043457031,303.1499938964844,285.1499938964844,0.0,-0.0,285.1510314941406,0.0,0.0,9.701112867332996e-05,298.65289306640625,303.1499938964844,285.1499938964844,0.0,-0.0,285.1510314941406,0.0,0.0,0.0001021577336359,299.2400207519531,303.1499938964844,285.1499938964844,0.0,-0.0,285.1484680175781,0.0,0.0,7.545369589934126e-05,298.4150695800781,303.1499938964844,285.1499938964844,0.0,-0.0,285.1511535644531,0.0,0.0,0.0001021574062178,298.45672607421875,303.1499938964844,285.1499938964844,0.0,-0.0,285.1485900878906,0.0,0.0,0.0004845881194341,285.1208801269531,294.1499938964844,290.7147521972656,284.9840087890625,292.7560119628906,290.7445983886719,284.90557861328125,0.0,0.0,0.0,0.0,1.0,1.0,-0.0010337349958717,9.808776901820693e-09,0.0010337252169847,-0.0247462503612041,0.0,0.0,0.0,-0.0096754478290677,60.0,4.121490955352783,-0.0,-7.285808578672005e-08,0.0,283.35400390625,284.5365905761719,288.9228210449219,289.824462890625,293.1499938964844,293.1499938964844,278.1499938964844,0.0,18000.0,313.1499938964844,0.0,18000.0,0.0,0.0,0.0,0.0,0.0,0.0,0.0,0.0,0.0,-0.0,-0.0,-0.0,-5.5419562194307814e-21,-2.7709781097153907e-21,-2.7709781097153907e-21,0.0,0.0,-0.0,0.0,0.0,0.0,-0.0,0.0,0.0,0.0,0.0,0.0,4.0,0.0,0.0
12168960,298.5653686523437,303.1499938964844,285.1499938964844,0.0,-0.0,285.14959716796875,0.0,0.0,9.697030327515677e-05,298.6522827148437,303.1499938964844,285.1499938964844,0.0,-0.0,285.14959716796875,0.0,0.0,0.0001021147400024,299.2388000488281,303.1499938964844,285.1499938964844,0.0,-0.0,285.1470642089844,0.0,0.0,7.542193634435534e-05,298.4147033691406,303.1499938964844,285.1499938964844,0.0,-0.0,285.14971923828125,0.0,0.0,0.0001021144125843,298.4567565917969,303.1499938964844,285.1499938964844,0.0,-0.0,285.1471862792969,0.0,0.0,0.0004843841888941,285.119140625,294.1499938964844,290.7206420898437,284.9814758300781,292.7372741699219,290.73956298828125,284.9093017578125,0.0,0.0,0.0,0.0,1.0,1.0,-0.0010332993697375,9.757837204915631e-09,0.0010332895908504,-0.0246128849685192,0.0,0.0,0.0,-0.009650195017457,60.0,4.119542598724365,-0.0,-7.279668778892302e-08,0.0,283.35400390625,284.5365905761719,288.9228210449219,289.824462890625,293.1499938964844,293.1499938964844,278.1499938964844,0.0,18000.0,313.1499938964844,0.0,18000.0,0.0,0.0,0.0,0.0,0.0,0.0,0.0,0.0,0.0,-0.0,-0.0,-0.0,-5.5419562194307814e-21,-2.7709781097153907e-21,-2.7709781097153907e-21,0.0,0.0,-0.0,0.0,0.0,0.0,-0.0,0.0,0.0,0.0,0.0,0.0,4.0,0.0,0.0
12169020,298.5648498535156,303.1499938964844,285.1499938964844,0.0,-0.0,285.14703369140625,0.0,0.0,9.689646685728805e-05,298.6513061523437,303.1499938964844,285.1499938964844,0.0,-0.0,285.14703369140625,0.0,0.0,0.0001020369818434,299.23663330078125,303.1499938964844,285.1499938964844,0.0,-0.0,285.1445007324219,0.0,0.0,7.536449993494898e-05,298.4140625,303.1499938964844,285.1499938964844,0.0,-0.0,285.14715576171875,0.0,0.0,0.0001020366617012,298.4568786621094,303.1499938964844,285.1499938964844,0.0,-0.0,285.1446533203125,0.0,0.0,0.0004840154142584,285.115966796875,294.1499938964844,290.73614501953125,284.9784240722656,292.7039489746094,290.73614501953125,284.91583251953125,0.0,0.0,0.0,0.0,1.0,1.0,-0.0010325114708393,9.665709121975397e-09,0.0010325018083676,-0.0243716798722744,0.0,0.0,0.0,-0.0096045229583978,60.0,4.119787216186523,-0.0,-7.268572232987935e-08,0.0,283.35400390625,284.5365905761719,288.9228210449219,289.824462890625,293.1499938964844,293.1499938964844,278.1499938964844,0.0,18000.0,313.1499938964844,0.0,18000.0,0.0,0.0,0.0,0.0,0.0,0.0,0.0,0.0,0.0,-0.0,-0.0,-0.0,-5.5419562194307814e-21,-2.7709781097153907e-21,-2.7709781097153907e-21,0.0,0.0,-0.0,0.0,0.0,0.0,-0.0,0.0,0.0,0.0,0.0,0.0,4.0,0.0,0.0
12169080,298.5648193359375,303.1499938964844,285.1499938964844,0.0,-0.0,285.1467590332031,0.0,0.0,9.688887803349644e-05,298.6512145996094,303.1499938964844,285.1499938964844,0.0,-0.0,285.14678955078125,0.0,0.0,0.0001020289928419,299.23638916015625,303.1499938964844,285.1499938964844,0.0,-0.0,285.1442565917969,0.0,0.0,7.535859913332388e-05,298.4140014648437,303.1499938964844,285.1499938964844,0.0,-0.0,285.1468811035156,0.0,0.0,0.0001020286726998,298.4568786621094,303.1499938964844,285.1499938964844,0.0,-0.0,285.1443786621094,0.0,0.0,0.0004839775210712,285.1156616210937,294.1499938964844,290.7380676269531,284.97821044921875,292.7005615234375,290.7362060546875,284.91650390625,0.0,0.0,0.0,0.0,1.0,1.0,-0.0010324305621907,9.656243804556652e-09,0.0010324208997189,-0.024346899241209,0.0,0.0,0.0,-0.0095998309552669,60.0,4.120094299316406,-0.0,-7.267432522439776e-08,0.0,283.35400390625,284.5365905761719,288.9228210449219,289.824462890625,293.1499938964844,293.1499938964844,278.1499938964844,0.0,18000.0,313.1499938964844,0.0,18000.0,0.0,0.0,0.0,0.0,0.0,0.0,0.0,0.0,0.0,-0.0,-0.0,-0.0,-5.5419562194307814e-21,-2.7709781097153907e-21,-2.7709781097153907e-21,0.0,0.0,-0.0,0.0,0.0,0.0,-0.0,0.0,0.0,0.0,0.0,0.0,4.0,0.0,0.0
12169140,298.5644836425781,303.1499938964844,285.1499938964844,0.0,-0.0,285.1439819335937,0.0,0.0,9.680776565801352e-05,298.65020751953125,303.1499938964844,285.1499938964844,0.0,-0.0,285.1439819335937,0.0,0.0,0.0001019435730995,299.2340393066406,303.1499938964844,285.1499938964844,0.0,-0.0,285.1414794921875,0.0,0.0,7.52955093048513e-05,298.41339111328125,303.1499938964844,285.1499938964844,0.0,-0.0,285.14410400390625,0.0,0.0,0.0001019432602333,298.45703125,303.1499938964844,285.1499938964844,0.0,-0.0,285.1416320800781,0.0,0.0,0.0004835723666474,285.1122436523437,294.1499938964844,290.7620849609375,284.9770202636719,292.6649475097656,290.7411193847656,284.9233703613281,0.0,0.0,0.0,0.0,1.0,1.0,-0.0010315651306882,9.555040314523922e-09,0.0010315555846318,-0.02408192679286,0.0,0.0,0.0,-0.0095496596768498,60.0,4.125982284545898,-0.0,-7.255253109406112e-08,0.0,283.35400390625,284.5365905761719,288.9228210449219,289.824462890625,293.1499938964844,293.1499938964844,278.1499938964844,0.0,18000.0,313.1499938964844,0.0,18000.0,0.0,0.0,0.0,0.0,0.0,0.0,0.0,0.0,0.0,-0.0,-0.0,-0.0,-5.5419562194307814e-21,-2.7709781097153907e-21,-2.7709781097153907e-21,0.0,0.0,-0.0,0.0,0.0,0.0,-0.0,0.0,0.0,0.0,0.0,0.0,4.0,0.0,0.0
12169200,298.5644836425781,303.1499938964844,285.1499938964844,0.0,-0.0,285.1439819335937,0.0,0.0,9.680776565801352e-05,298.65020751953125,303.1499938964844,285.1499938964844,0.0,-0.0,285.1439819335937,0.0,0.0,0.0001019435730995,299.2340393066406,303.1499938964844,285.1499938964844,0.0,-0.0,285.1414794921875,0.0,0.0,7.52955093048513e-05,298.41339111328125,303.1499938964844,285.1499938964844,0.0,-0.0,285.14410400390625,0.0,0.0,0.0001019432602333,298.45703125,303.1499938964844,285.1499938964844,0.0,-0.0,285.1416320800781,0.0,0.0,0.0004835723666474,285.1122436523437,294.1499938964844,290.7620849609375,284.9770202636719,292.6649475097656,290.7411193847656,284.9233703613281,0.0,0.0,0.0,0.0,1.0,1.0,-0.0010315651306882,9.555040314523922e-09,0.0010315555846318,-0.02408192679286,0.0,0.0,0.0,-0.0095496596768498,60.0,4.125982284545898,-0.0,-7.255253109406112e-08,0.0,283.35400390625,284.5365905761719,288.9228210449219,289.824462890625,293.1499938964844,293.1499938964844,278.1499938964844,0.0,18000.0,313.1499938964844,0.0,18000.0,0.0,0.0,0.0,0.0,0.0,0.0,0.0,0.0,0.0,-0.0,-0.0,-0.0,-5.5419562194307814e-21,-2.7709781097153907e-21,-2.7709781097153907e-21,0.0,0.0,-0.0,0.0,0.0,0.0,-0.0,0.0,0.0,0.0,0.0,0.0,4.0,0.0,0.0
12169260,298.5643310546875,303.1499938964844,285.1499938964844,0.0,-0.0,285.1412048339844,0.0,0.0,9.672698070062324e-05,298.6493225097656,303.1499938964844,285.1499938964844,0.0,-0.0,285.1412353515625,0.0,0.0,0.0001018584953271,299.2317199707031,303.1499938964844,285.1499938964844,0.0,-0.0,285.1387634277344,0.0,0.0,7.523265958297998e-05,298.4128723144531,303.1499938964844,285.1499938964844,0.0,-0.0,285.1413269042969,0.0,0.0,0.000101858182461,298.45721435546875,303.1499938964844,285.1499938964844,0.0,-0.0,285.1388854980469,0.0,0.0,0.0004831688420381,285.10888671875,294.1499938964844,290.7916259765625,284.9774780273437,292.6304931640625,290.75347900390625,284.9299621582031,0.0,0.0,0.0,0.0,1.0,1.0,-0.0010307030752301,9.454238281136897e-09,0.001030693645589,-0.02381800301373,0.0,0.0,0.0,-0.0094996886327862,60.0,4.136431694030762,-0.0,-7.243132671419519e-08,0.0,283.35400390625,284.5365905761719,288.9228210449219,289.824462890625,293.1499938964844,293.1499938964844,278.1499938964844,0.0,18000.0,313.1499938964844,0.0,18000.0,0.0,0.0,0.0,0.0,0.0,0.0,0.0,0.0,0.0,-0.0,-0.0,-0.0,-5.5419562194307814e-21,-2.7709781097153907e-21,-2.7709781097153907e-21,0.0,0.0,-0.0,0.0,0.0,0.0,-0.0,0.0,0.0,0.0,0.0,0.0,4.0,0.0,0.0
12169320,298.5643310546875,303.1499938964844,285.1499938964844,0.0,-0.0,285.1412048339844,0.0,0.0,9.672698070062324e-05,298.6493225097656,303.1499938964844,285.1499938964844,0.0,-0.0,285.1412353515625,0.0,0.0,0.0001018584953271,299.2317199707031,303.1499938964844,285.1499938964844,0.0,-0.0,285.1387634277344,0.0,0.0,7.523265958297998e-05,298.4128723144531,303.1499938964844,285.1499938964844,0.0,-0.0,285.1413269042969,0.0,0.0,0.000101858182461,298.45721435546875,303.1499938964844,285.1499938964844,0.0,-0.0,285.1388854980469,0.0,0.0,0.0004831688420381,285.10888671875,294.1499938964844,290.7916259765625,284.9774780273437,292.6304931640625,290.75347900390625,284.9299621582031,0.0,0.0,0.0,0.0,1.0,1.0,-0.0010307030752301,9.454238281136897e-09,0.001030693645589,-0.02381800301373,0.0,0.0,0.0,-0.0094996886327862,60.0,4.136431694030762,-0.0,-7.243132671419519e-08,0.0,283.35400390625,284.5365905761719,288.9228210449219,289.824462890625,293.1499938964844,293.1499938964844,278.1499938964844,0.0,18000.0,313.1499938964844,0.0,18000.0,0.0,0.0,0.0,0.0,0.0,0.0,0.0,0.0,0.0,-0.0,-0.0,-0.0,-5.5419562194307814e-21,-2.7709781097153907e-21,-2.7709781097153907e-21,0.0,0.0,-0.0,0.0,0.0,0.0,-0.0,0.0,0.0,0.0,0.0,0.0,4.0,0.0,0.0
12169380,298.5643615722656,303.1499938964844,285.1499938964844,0.0,-0.0,285.13848876953125,0.0,0.0,9.6646515885368e-05,298.6485595703125,303.1499938964844,285.1499938964844,0.0,-0.0,285.1385192871094,0.0,0.0,0.0001017737595248,299.2294921875,303.1499938964844,285.1499938964844,0.0,-0.0,285.1360778808594,0.0,0.0,7.517007179558277e-05,298.41241455078125,303.1499938964844,285.1499938964844,0.0,-0.0,285.1386108398437,0.0,0.0,0.0001017734539345,298.4573974609375,303.1499938964844,285.1499938964844,0.0,-0.0,285.1361999511719,0.0,0.0,0.0004827669472433,285.1056213378906,294.1499938964844,290.8255920410156,284.97930908203125,292.5972900390625,290.7722473144531,284.9363098144531,0.0,0.0,0.0,0.0,1.0,1.0,-0.0010298445122316,9.353849250715033e-09,0.0010298351990059,-0.0235551539808511,0.0,0.0,0.0,-0.0094499206170439,60.0,4.1506218910217285,-0.0,-7.23107120847999e-08,0.0,283.35400390625,284.5365905761719,288.9228210449219,289.824462890625,293.1499938964844,293.1499938964844,278.1499938964844,0.0,18000.0,313.1499938964844,0.0,18000.0,0.0,0.0,0.0,0.0,0.0,0.0,0.0,0.0,0.0,-0.0,-0.0,-0.0,-5.5419562194307814e-21,-2.7709781097153907e-21,-2.7709781097153907e-21,0.0,0.0,-0.0,0.0,0.0,0.0,-0.0,0.0,0.0,0.0,0.0,0.0,4.0,0.0,0.0
12169440,298.5643615722656,303.1499938964844,285.1499938964844,0.0,-0.0,285.13848876953125,0.0,0.0,9.6646515885368e-05,298.6485595703125,303.1499938964844,285.1499938964844,0.0,-0.0,285.1385192871094,0.0,0.0,0.0001017737595248,299.2294921875,303.1499938964844,285.1499938964844,0.0,-0.0,285.1360778808594,0.0,0.0,7.517007179558277e-05,298.41241455078125,303.1499938964844,285.1499938964844,0.0,-0.0,285.1386108398437,0.0,0.0,0.0001017734539345,298.4573974609375,303.1499938964844,285.1499938964844,0.0,-0.0,285.1361999511719,0.0,0.0,0.0004827669472433,285.1056213378906,294.1499938964844,290.8255920410156,284.97930908203125,292.5972900390625,290.7722473144531,284.9363098144531,0.0,0.0,0.0,0.0,1.0,1.0,-0.0010298445122316,9.353849250715033e-09,0.0010298351990059,-0.0235551539808511,0.0,0.0,0.0,-0.0094499206170439,60.0,4.1506218910217285,-0.0,-7.23107120847999e-08,0.0,283.35400390625,284.5365905761719,288.9228210449219,289.824462890625,293.1499938964844,293.1499938964844,278.1499938964844,0.0,18000.0,313.1499938964844,0.0,18000.0,0.0,0.0,0.0,0.0,0.0,0.0,0.0,0.0,0.0,-0.0,-0.0,-0.0,-5.5419562194307814e-21,-2.7709781097153907e-21,-2.7709781097153907e-21,0.0,0.0,-0.0,0.0,0.0,0.0,-0.0,0.0,0.0,0.0,0.0,0.0,4.0,0.0,0.0
12169500,298.5644226074219,303.1499938964844,285.1499938964844,0.0,-0.0,285.1371459960937,0.0,0.0,9.66064108069986e-05,298.6482238769531,303.1499938964844,285.1499938964844,0.0,-0.0,285.1371459960937,0.0,0.0,0.0001017315225908,299.2283630371094,303.1499938964844,285.1499938964844,0.0,-0.0,285.134765625,0.0,0.0,7.513887976529077e-05,298.4122314453125,303.1499938964844,285.1499938964844,0.0,-0.0,285.13726806640625,0.0,0.0,0.0001017312242765,298.45751953125,303.1499938964844,285.1499938964844,0.0,-0.0,285.1348876953125,0.0,0.0,0.0004825666546821,285.10400390625,294.1499938964844,290.8438720703125,284.9805908203125,292.5812072753906,290.7838134765625,284.9393615722656,0.0,0.0,0.0,0.0,1.0,1.0,-0.0010294166859239,9.303813719441225e-09,0.0010294073726981,-0.02342414483428,0.0,0.0,0.0,-0.0094251167029142,60.0,4.158911228179932,-0.0,-7.225063569649137e-08,0.0,283.35400390625,284.5365905761719,288.9228210449219,289.824462890625,293.1499938964844,293.1499938964844,278.1499938964844,0.0,18000.0,313.1499938964844,0.0,18000.0,0.0,0.0,0.0,0.0,0.0,0.0,0.0,0.0,0.0,-0.0,-0.0,-0.0,-5.5419562194307814e-21,-2.7709781097153907e-21,-2.7709781097153907e-21,0.0,0.0,-0.0,0.0,0.0,0.0,-0.0,0.0,0.0,0.0,0.0,0.0,4.0,0.0,0.0
12169560,298.5645446777344,303.1499938964844,285.1499938964844,0.0,-0.0,285.13580322265625,0.0,0.0,9.65663930401206e-05,298.6479187011719,303.1499938964844,285.1499938964844,0.0,-0.0,285.1358337402344,0.0,0.0,0.0001016893802443,299.227294921875,303.1499938964844,285.1499938964844,0.0,-0.0,285.1334228515625,0.0,0.0,7.510774594265968e-05,298.4120483398437,303.1499938964844,285.1499938964844,0.0,-0.0,285.13592529296875,0.0,0.0,0.00010168908193,298.4576416015625,303.1499938964844,285.1499938964844,0.0,-0.0,285.133544921875,0.0,0.0,0.0004823667695745,285.1023864746094,294.1499938964844,290.8628845214844,284.9820556640625,292.5654296875,290.796630859375,284.9423828125,0.0,0.0,0.0,0.0,1.0,1.0,-0.0010289896745234,9.25388388139936e-09,0.0010289803612977,-0.0232934113591909,0.0,0.0,0.0,-0.0094003640115261,60.0,4.167814254760742,-0.0,-7.219070852215739e-08,0.0,283.35400390625,284.5365905761719,288.9228210449219,289.824462890625,293.1499938964844,293.1499938964844,278.1499938964844,0.0,18000.0,313.1499938964844,0.0,18000.0,0.0,0.0,0.0,0.0,0.0,0.0,0.0,0.0,0.0,-0.0,-0.0,-0.0,-5.5419562194307814e-21,-2.7709781097153907e-21,-2.7709781097153907e-21,0.0,0.0,-0.0,0.0,0.0,0.0,-0.0,0.0,0.0,0.0,0.0,0.0,4.0,0.0,0.0
12169620,298.5648193359375,303.1499938964844,285.1499938964844,0.0,-0.0,285.1334228515625,0.0,0.0,9.649404819356278e-05,298.6473999023437,303.1499938964844,285.1499938964844,0.0,-0.0,285.1334228515625,0.0,0.0,0.0001016131864162,299.2253112792969,303.1499938964844,285.1499938964844,0.0,-0.0,285.1310729980469,0.0,0.0,7.505146641051397e-05,298.4117736816406,303.1499938964844,285.1499938964844,0.0,-0.0,285.133544921875,0.0,0.0,0.0001016128881019,298.4578857421875,303.1499938964844,285.1499938964844,0.0,-0.0,285.1311950683594,0.0,0.0,0.0004820053873118,285.0995483398437,294.1499938964844,290.8986511230469,284.9851379394531,292.53765869140625,290.82244873046875,284.9476928710937,0.0,0.0,0.0,0.0,1.0,1.0,-0.0010282177245244,9.163618308605237e-09,0.001028208527714,-0.023057060316205,0.0,0.0,0.0,-0.0093556158244609,60.0,4.185196399688721,-0.0,-7.208243602008224e-08,0.0,283.35400390625,284.5365905761719,288.9228210449219,289.824462890625,293.1499938964844,293.1499938964844,278.1499938964844,0.0,18000.0,313.1499938964844,0.0,18000.0,0.0,0.0,0.0,0.0,0.0,0.0,0.0,0.0,0.0,-0.0,-0.0,-0.0,-5.5419562194307814e-21,-2.7709781097153907e-21,-2.7709781097153907e-21,0.0,0.0,-0.0,0.0,0.0,0.0,-0.0,0.0,0.0,0.0,0.0,0.0,4.0,0.0,0.0
12169680,298.5648803710937,303.1499938964844,285.1499938964844,0.0,-0.0,285.1331787109375,0.0,0.0,9.648661216488108e-05,298.6473388671875,303.1499938964844,285.1499938964844,0.0,-0.0,285.1331787109375,0.0,0.0,0.0001016053647617,299.2251281738281,303.1499938964844,285.1499938964844,0.0,-0.0,285.1308288574219,0.0,0.0,7.50456893001683e-05,298.4117736816406,303.1499938964844,285.1499938964844,0.0,-0.0,285.13330078125,0.0,0.0,0.0001016050664475,298.4579162597656,303.1499938964844,285.1499938964844,0.0,-0.0,285.1309509277344,0.0,0.0,0.0004819682799279,285.0992431640625,294.1499938964844,290.90240478515625,284.9854431152344,292.53485107421875,290.82525634765625,284.9482116699219,0.0,0.0,0.0,0.0,1.0,1.0,-0.0010281384456902,9.154346614081987e-09,0.0010281292488798,-0.0230327863246202,0.0,0.0,0.0,-0.0093510197475552,60.0,4.187057971954346,-0.0,-7.207132313169495e-08,0.0,283.35400390625,284.5365905761719,288.9228210449219,289.824462890625,293.1499938964844,293.1499938964844,278.1499938964844,0.0,18000.0,313.1499938964844,0.0,18000.0,0.0,0.0,0.0,0.0,0.0,0.0,0.0,0.0,0.0,-0.0,-0.0,-0.0,-5.5419562194307814e-21,-2.7709781097153907e-21,-2.7709781097153907e-21,0.0,0.0,-0.0,0.0,0.0,0.0,-0.0,0.0,0.0,0.0,0.0,0.0,4.0,0.0,0.0
12169740,298.5653076171875,303.1499938964844,285.1499938964844,0.0,-0.0,285.1305847167969,0.0,0.0,9.640718781156464e-05,298.6468811035156,303.1499938964844,285.1499938964844,0.0,-0.0,285.1305847167969,0.0,0.0,0.000101521720353,299.2230224609375,303.1499938964844,285.1499938964844,0.0,-0.0,285.1282653808594,0.0,0.0,7.498390186810866e-05,298.4115295410156,303.1499938964844,285.1499938964844,0.0,-0.0,285.13067626953125,0.0,0.0,0.0001015214293147,298.45819091796875,303.1499938964844,285.1499938964844,0.0,-0.0,285.1283874511719,0.0,0.0,0.000481571565615,285.0961608886719,294.1499938964844,290.943115234375,284.9891052246094,292.505615234375,290.8573608398437,284.953857421875,0.0,0.0,0.0,0.0,1.0,1.0,-0.0010272909421473,9.055253435974464e-09,0.0010272819781675,-0.022773316130042,0.0,0.0,0.0,-0.0093018943443894,60.0,4.207701206207275,-0.0,-7.195256301884001e-08,0.0,283.35400390625,284.5365905761719,288.9228210449219,289.824462890625,293.1499938964844,293.1499938964844,278.1499938964844,0.0,18000.0,313.1499938964844,0.0,18000.0,0.0,0.0,0.0,0.0,0.0,0.0,0.0,0.0,0.0,-0.0,-0.0,-0.0,-5.5419562194307814e-21,-2.7709781097153907e-21,-2.7709781097153907e-21,0.0,0.0,-0.0,0.0,0.0,0.0,-0.0,0.0,0.0,0.0,0.0,0.0,4.0,0.0,0.0
12169800,298.5653076171875,303.1499938964844,285.1499938964844,0.0,-0.0,285.1305847167969,0.0,0.0,9.640718781156464e-05,298.6468811035156,303.1499938964844,285.1499938964844,0.0,-0.0,285.1305847167969,0.0,0.0,0.000101521720353,299.2230224609375,303.1499938964844,285.1499938964844,0.0,-0.0,285.1282653808594,0.0,0.0,7.498390186810866e-05,298.4115295410156,303.1499938964844,285.1499938964844,0.0,-0.0,285.13067626953125,0.0,0.0,0.0001015214293147,298.45819091796875,303.1499938964844,285.1499938964844,0.0,-0.0,285.1283874511719,0.0,0.0,0.000481571565615,285.0961608886719,294.1499938964844,290.943115234375,284.9891052246094,292.505615234375,290.8573608398437,284.953857421875,0.0,0.0,0.0,0.0,1.0,1.0,-0.0010272909421473,9.055253435974464e-09,0.0010272819781675,-0.022773316130042,0.0,0.0,0.0,-0.0093018943443894,60.0,4.207701206207275,-0.0,-7.195256301884001e-08,0.0,283.35400390625,284.5365905761719,288.9228210449219,289.824462890625,293.1499938964844,293.1499938964844,278.1499938964844,0.0,18000.0,313.1499938964844,0.0,18000.0,0.0,0.0,0.0,0.0,0.0,0.0,0.0,0.0,0.0,-0.0,-0.0,-0.0,-5.5419562194307814e-21,-2.7709781097153907e-21,-2.7709781097153907e-21,0.0,0.0,-0.0,0.0,0.0,0.0,-0.0,0.0,0.0,0.0,0.0,0.0,4.0,0.0,0.0
12169860,298.5658569335937,303.1499938964844,285.1499938964844,0.0,-0.0,285.1280212402344,0.0,0.0,9.632811998017132e-05,298.646484375,303.1499938964844,285.1499938964844,0.0,-0.0,285.1280212402344,0.0,0.0,0.0001014384542941,299.220947265625,303.1499938964844,285.1499938964844,0.0,-0.0,285.125732421875,0.0,0.0,7.492240547435358e-05,298.411376953125,303.1499938964844,285.1499938964844,0.0,-0.0,285.1281433105469,0.0,0.0,0.0001014381632558,298.4585266113281,303.1499938964844,285.1499938964844,0.0,-0.0,285.1258544921875,0.0,0.0,0.0004811766266357,285.0931396484375,294.1499938964844,290.9838562011719,284.9927062988281,292.4776611328125,290.89190673828125,284.95928955078125,0.0,0.0,0.0,0.0,1.0,1.0,-0.0010264473967254,8.956610564325729e-09,0.0010264384327456,-0.022515021264553,0.0,0.0,0.0,-0.0092529933899641,60.0,4.228929996490479,-0.0,-7.183444239444725e-08,0.0,283.35400390625,284.5365905761719,288.9228210449219,289.824462890625,293.1499938964844,293.1499938964844,278.1499938964844,0.0,18000.0,313.1499938964844,0.0,18000.0,0.0,0.0,0.0,0.0,0.0,0.0,0.0,0.0,0.0,-0.0,-0.0,-0.0,-5.5419562194307814e-21,-2.7709781097153907e-21,-2.7709781097153907e-21,0.0,0.0,-0.0,0.0,0.0,0.0,-0.0,0.0,0.0,0.0,0.0,0.0,4.0,0.0,0.0
12169920,298.5658569335937,303.1499938964844,285.1499938964844,0.0,-0.0,285.1280212402344,0.0,0.0,9.632811998017132e-05,298.646484375,303.1499938964844,285.1499938964844,0.0,-0.0,285.1280212402344,0.0,0.0,0.0001014384542941,299.220947265625,303.1499938964844,285.1499938964844,0.0,-0.0,285.125732421875,0.0,0.0,7.492240547435358e-05,298.411376953125,303.1499938964844,285.1499938964844,0.0,-0.0,285.1281433105469,0.0,0.0,0.0001014381632558,298.4585266113281,303.1499938964844,285.1499938964844,0.0,-0.0,285.1258544921875,0.0,0.0,0.0004811766266357,285.0931396484375,294.1499938964844,290.9838562011719,284.9927062988281,292.4776611328125,290.89190673828125,284.95928955078125,0.0,0.0,0.0,0.0,1.0,1.0,-0.0010264473967254,8.956610564325729e-09,0.0010264384327456,-0.022515021264553,0.0,0.0,0.0,-0.0092529933899641,60.0,4.228929996490479,-0.0,-7.183444239444725e-08,0.0,283.35400390625,284.5365905761719,288.9228210449219,289.824462890625,293.1499938964844,293.1499938964844,278.1499938964844,0.0,18000.0,313.1499938964844,0.0,18000.0,0.0,0.0,0.0,0.0,0.0,0.0,0.0,0.0,0.0,-0.0,-0.0,-0.0,-5.5419562194307814e-21,-2.7709781097153907e-21,-2.7709781097153907e-21,0.0,0.0,-0.0,0.0,0.0,0.0,-0.0,0.0,0.0,0.0,0.0,0.0,4.0,0.0,0.0
12169980,298.56646728515625,303.1499938964844,285.1499938964844,0.0,-0.0,285.12548828125,0.0,0.0,9.624942322261631e-05,298.64617919921875,303.1499938964844,285.1499938964844,0.0,-0.0,285.1255187988281,0.0,0.0,0.0001013555738609,299.2189025878906,303.1499938964844,285.1499938964844,0.0,-0.0,285.12322998046875,0.0,0.0,7.486118556698784e-05,298.4112548828125,303.1499938964844,285.1499938964844,0.0,-0.0,285.1256103515625,0.0,0.0,0.0001013552900985,298.4588317871094,303.1499938964844,285.1499938964844,0.0,-0.0,285.12335205078125,0.0,0.0,0.0004807835503015,285.0901794433594,294.1499938964844,291.0235900878906,284.99591064453125,292.4510192871094,290.9278564453125,284.96453857421875,0.0,0.0,0.0,0.0,1.0,1.0,-0.0010256078094244,8.858426880919978e-09,0.0010255988454446,-0.022257924079895,0.0,0.0,0.0,-0.0092043196782469,60.0,4.249962329864502,-0.0,-7.17169612585167e-08,0.0,283.35400390625,284.5365905761719,288.9228210449219,289.824462890625,293.1499938964844,293.1499938964844,278.1499938964844,0.0,18000.0,313.1499938964844,0.0,18000.0,0.0,0.0,0.0,0.0,0.0,0.0,0.0,0.0,0.0,-0.0,-0.0,-0.0,-5.5419562194307814e-21,-2.7709781097153907e-21,-2.7709781097153907e-21,0.0,0.0,-0.0,0.0,0.0,0.0,-0.0,0.0,0.0,0.0,0.0,0.0,4.0,0.0,0.0
12170040,298.56646728515625,303.1499938964844,285.1499938964844,0.0,-0.0,285.12548828125,0.0,0.0,9.624942322261631e-05,298.64617919921875,303.1499938964844,285.1499938964844,0.0,-0.0,285.1255187988281,0.0,0.0,0.0001013555738609,299.2189025878906,303.1499938964844,285.1499938964844,0.0,-0.0,285.12322998046875,0.0,0.0,7.486118556698784e-05,298.4112548828125,303.1499938964844,285.1499938964844,0.0,-0.0,285.1256103515625,0.0,0.0,0.0001013552900985,298.4588317871094,303.1499938964844,285.1499938964844,0.0,-0.0,285.12335205078125,0.0,0.0,0.0004807835503015,285.0901794433594,294.1499938964844,291.0235900878906,284.99591064453125,292.4510192871094,290.9278564453125,284.96453857421875,0.0,0.0,0.0,0.0,1.0,1.0,-0.0010256078094244,8.858426880919978e-09,0.0010255988454446,-0.022257924079895,0.0,0.0,0.0,-0.0092043196782469,60.0,4.249962329864502,-0.0,-7.17169612585167e-08,0.0,283.35400390625,284.5365905761719,288.9228210449219,289.824462890625,293.1499938964844,293.1499938964844,278.1499938964844,0.0,18000.0,313.1499938964844,0.0,18000.0,0.0,0.0,0.0,0.0,0.0,0.0,0.0,0.0,0.0,-0.0,-0.0,-0.0,-5.5419562194307814e-21,-2.7709781097153907e-21,-2.7709781097153907e-21,0.0,0.0,-0.0,0.0,0.0,0.0,-0.0,0.0,0.0,0.0,0.0,0.0,4.0,0.0,0.0
12170100,298.5667724609375,303.1499938964844,285.1499938964844,0.0,-0.0,285.124267578125,0.0,0.0,9.62102203629911e-05,298.64605712890625,303.1499938964844,285.1499938964844,0.0,-0.0,285.124267578125,0.0,0.0,0.0001013142900774,299.2178955078125,303.1499938964844,285.1499938964844,0.0,-0.0,285.1220092773437,0.0,0.0,7.48306920286268e-05,298.41119384765625,303.1499938964844,285.1499938964844,0.0,-0.0,285.1243591308594,0.0,0.0,0.000101314006315,298.4590148925781,303.1499938964844,285.1499938964844,0.0,-0.0,285.12213134765625,0.0,0.0,0.0004805877397302,285.0887451171875,294.1499938964844,291.042724609375,284.99725341796875,292.43817138671875,290.946044921875,284.96710205078125,0.0,0.0,0.0,0.0,1.0,1.0,-0.001025189529173,8.80952022441761e-09,0.0010251806816086,-0.0221298579126596,0.0,0.0,0.0,-0.0091800736263394,60.0,4.260135650634766,-0.0,-7.165848359136362e-08,0.0,283.35400390625,284.5365905761719,288.9228210449219,289.824462890625,293.1499938964844,293.1499938964844,278.1499938964844,0.0,18000.0,313.1499938964844,0.0,18000.0,0.0,0.0,0.0,0.0,0.0,0.0,0.0,0.0,0.0,-0.0,-0.0,-0.0,-5.5419562194307814e-21,-2.7709781097153907e-21,-2.7709781097153907e-21,0.0,0.0,-0.0,0.0,0.0,0.0,-0.0,0.0,0.0,0.0,0.0,0.0,4.0,0.0,0.0
12170160,298.5671081542969,303.1499938964844,285.1499938964844,0.0,-0.0,285.1230163574219,0.0,0.0,9.617110481485724e-05,298.6459350585937,303.1499938964844,285.1499938964844,0.0,-0.0,285.1230163574219,0.0,0.0,0.0001012731008813,299.2168884277344,303.1499938964844,285.1499938964844,0.0,-0.0,285.12078857421875,0.0,0.0,7.480026397388428e-05,298.4111633300781,303.1499938964844,285.1499938964844,0.0,-0.0,285.1231384277344,0.0,0.0,0.000101272817119,298.4591979980469,303.1499938964844,285.1499938964844,0.0,-0.0,285.12091064453125,0.0,0.0,0.0004803923366125,285.0873107910156,294.1499938964844,291.0611877441406,284.9983825683594,292.42559814453125,290.9642333984375,284.9696350097656,0.0,0.0,0.0,0.0,1.0,1.0,-0.0010247721802443,8.760716596611928e-09,0.0010247633326798,-0.022002063691616,0.0,0.0,0.0,-0.009155879728496,60.0,4.269970417022705,-0.0,-7.160014803275774e-08,0.0,283.35400390625,284.5365905761719,288.9228210449219,289.824462890625,293.1499938964844,293.1499938964844,278.1499938964844,0.0,18000.0,313.1499938964844,0.0,18000.0,0.0,0.0,0.0,0.0,0.0,0.0,0.0,0.0,0.0,-0.0,-0.0,-0.0,-5.5419562194307814e-21,-2.7709781097153907e-21,-2.7709781097153907e-21,0.0,0.0,-0.0,0.0,0.0,0.0,-0.0,0.0,0.0,0.0,0.0,0.0,4.0,0.0,0.0
12170220,298.5677795410156,303.1499938964844,285.1499938964844,0.0,-0.0,285.1205749511719,0.0,0.0,9.609315020497888e-05,298.6456604003906,303.1499938964844,285.1499938964844,0.0,-0.0,285.12060546875,0.0,0.0,0.0001011910062516,299.2148742675781,303.1499938964844,285.1499938964844,0.0,-0.0,285.1183776855469,0.0,0.0,7.473962614312768e-05,298.4110717773437,303.1499938964844,285.1499938964844,0.0,-0.0,285.1206970214844,0.0,0.0,0.0001011907224892,298.45953369140625,303.1499938964844,285.1499938964844,0.0,-0.0,285.1184997558594,0.0,0.0,0.0004800029855687,285.08447265625,294.1499938964844,291.0955810546875,284.9998779296875,292.4013061523437,291.0000305175781,284.9745483398437,0.0,0.0,0.0,0.0,1.0,1.0,-0.0010239405091851,8.663466388725283e-09,0.001023931778036,-0.021747400984168,0.0,0.0,0.0,-0.0091076688840985,60.0,4.288334846496582,-0.0,-7.14839814008883e-08,0.0,283.35400390625,284.5365905761719,288.9228210449219,289.824462890625,293.1499938964844,293.1499938964844,278.1499938964844,0.0,18000.0,313.1499938964844,0.0,18000.0,0.0,0.0,0.0,0.0,0.0,0.0,0.0,0.0,0.0,-0.0,-0.0,-0.0,-5.5419562194307814e-21,-2.7709781097153907e-21,-2.7709781097153907e-21,0.0,0.0,-0.0,0.0,0.0,0.0,-0.0,0.0,0.0,0.0,0.0,0.0,4.0,0.0,0.0
12170280,298.5677795410156,303.1499938964844,285.1499938964844,0.0,-0.0,285.1205749511719,0.0,0.0,9.609315020497888e-05,298.6456604003906,303.1499938964844,285.1499938964844,0.0,-0.0,285.12060546875,0.0,0.0,0.0001011910062516,299.2148742675781,303.1499938964844,285.1499938964844,0.0,-0.0,285.1183776855469,0.0,0.0,7.473962614312768e-05,298.4110717773437,303.1499938964844,285.1499938964844,0.0,-0.0,285.1206970214844,0.0,0.0,0.0001011907224892,298.45953369140625,303.1499938964844,285.1499938964844,0.0,-0.0,285.1184997558594,0.0,0.0,0.0004800029855687,285.08447265625,294.1499938964844,291.0955810546875,284.9998779296875,292.4013061523437,291.0000305175781,284.9745483398437,0.0,0.0,0.0,0.0,1.0,1.0,-0.0010239405091851,8.663466388725283e-09,0.001023931778036,-0.021747400984168,0.0,0.0,0.0,-0.0091076688840985,60.0,4.288334846496582,-0.0,-7.14839814008883e-08,0.0,283.35400390625,284.5365905761719,288.9228210449219,289.824462890625,293.1499938964844,293.1499938964844,278.1499938964844,0.0,18000.0,313.1499938964844,0.0,18000.0,0.0,0.0,0.0,0.0,0.0,0.0,0.0,0.0,0.0,-0.0,-0.0,-0.0,-5.5419562194307814e-21,-2.7709781097153907e-21,-2.7709781097153907e-21,0.0,0.0,-0.0,0.0,0.0,0.0,-0.0,0.0,0.0,0.0,0.0,0.0,4.0,0.0,0.0
12170340,298.5684509277344,303.1499938964844,285.1499938964844,0.0,-0.0,285.1181945800781,0.0,0.0,9.601558849681167e-05,298.6453857421875,303.1499938964844,285.1499938964844,0.0,-0.0,285.1181945800781,0.0,0.0,0.0001011093263514,299.2128601074219,303.1499938964844,285.1499938964844,0.0,-0.0,285.1159973144531,0.0,0.0,7.467928662663326e-05,298.4110107421875,303.1499938964844,285.1499938964844,0.0,-0.0,285.1182861328125,0.0,0.0,0.000101109049865,298.4598693847656,303.1499938964844,285.1499938964844,0.0,-0.0,285.1161193847656,0.0,0.0,0.0004796155844815,285.08172607421875,294.1499938964844,291.12567138671875,285.00006103515625,292.3780212402344,291.03424072265625,284.9793701171875,0.0,0.0,0.0,0.0,1.0,1.0,-0.0010231130290776,8.566704678969472e-09,0.0010231044143438,-0.0214940160512924,0.0,0.0,0.0,-0.0090597001835703,60.0,4.304149150848389,-0.0,-7.136848978461785e-08,0.0,283.35400390625,284.5365905761719,288.9228210449219,289.824462890625,293.1499938964844,293.1499938964844,278.1499938964844,0.0,18000.0,313.1499938964844,0.0,18000.0,0.0,0.0,0.0,0.0,0.0,0.0,0.0,0.0,0.0,-0.0,-0.0,-0.0,-5.5419562194307814e-21,-2.7709781097153907e-21,-2.7709781097153907e-21,0.0,0.0,-0.0,0.0,0.0,0.0,-0.0,0.0,0.0,0.0,0.0,0.0,4.0,0.0,0.0
12170400,298.5684509277344,303.1499938964844,285.1499938964844,0.0,-0.0,285.1181945800781,0.0,0.0,9.601558849681167e-05,298.6453857421875,303.1499938964844,285.1499938964844,0.0,-0.0,285.1181945800781,0.0,0.0,0.0001011093263514,299.2128601074219,303.1499938964844,285.1499938964844,0.0,-0.0,285.1159973144531,0.0,0.0,7.467928662663326e-05,298.4110107421875,303.1499938964844,285.1499938964844,0.0,-0.0,285.1182861328125,0.0,0.0,0.000101109049865,298.4598693847656,303.1499938964844,285.1499938964844,0.0,-0.0,285.1161193847656,0.0,0.0,0.0004796155844815,285.08172607421875,294.1499938964844,291.12567138671875,285.00006103515625,292.3780212402344,291.03424072265625,284.9793701171875,0.0,0.0,0.0,0.0,1.0,1.0,-0.0010231130290776,8.566704678969472e-09,0.0010231044143438,-0.0214940160512924,0.0,0.0,0.0,-0.0090597001835703,60.0,4.304149150848389,-0.0,-7.136848978461785e-08,0.0,283.35400390625,284.5365905761719,288.9228210449219,289.824462890625,293.1499938964844,293.1499938964844,278.1499938964844,0.0,18000.0,313.1499938964844,0.0,18000.0,0.0,0.0,0.0,0.0,0.0,0.0,0.0,0.0,0.0,-0.0,-0.0,-0.0,-5.5419562194307814e-21,-2.7709781097153907e-21,-2.7709781097153907e-21,0.0,0.0,-0.0,0.0,0.0,0.0,-0.0,0.0,0.0,0.0,0.0,0.0,4.0,0.0,0.0
12170460,298.569091796875,303.1499938964844,285.1499938964844,0.0,-0.0,285.1158447265625,0.0,0.0,9.593841241439804e-05,298.64508056640625,303.1499938964844,285.1499938964844,0.0,-0.0,285.1158447265625,0.0,0.0,0.0001010280539048,299.2108459472656,303.1499938964844,285.1499938964844,0.0,-0.0,285.1136779785156,0.0,0.0,7.461925997631624e-05,298.4109191894531,303.1499938964844,285.1499938964844,0.0,-0.0,285.1159362792969,0.0,0.0,0.0001010277846944,298.460205078125,303.1499938964844,285.1499938964844,0.0,-0.0,285.1138000488281,0.0,0.0,0.0004792301042471,285.0790405273437,294.1499938964844,291.1503601074219,284.9986267089844,292.3556823730469,291.0658874511719,284.9840087890625,0.0,0.0,0.0,0.0,1.0,1.0,-0.0010222896235063,8.470433243701336e-09,0.0010222812416031,-0.0212419107556343,0.0,0.0,0.0,-0.0090119745582342,60.0,4.316668510437012,-0.0,-7.12536731839464e-08,0.0,283.35400390625,284.5365905761719,288.9228210449219,289.824462890625,293.1499938964844,293.1499938964844,278.1499938964844,0.0,18000.0,313.1499938964844,0.0,18000.0,0.0,0.0,0.0,0.0,0.0,0.0,0.0,0.0,0.0,-0.0,-0.0,-0.0,-5.5419562194307814e-21,-2.7709781097153907e-21,-2.7709781097153907e-21,0.0,0.0,-0.0,0.0,0.0,0.0,-0.0,0.0,0.0,0.0,0.0,0.0,4.0,0.0,0.0
12170520,298.569091796875,303.1499938964844,285.1499938964844,0.0,-0.0,285.1158447265625,0.0,0.0,9.593841241439804e-05,298.64508056640625,303.1499938964844,285.1499938964844,0.0,-0.0,285.1158447265625,0.0,0.0,0.0001010280539048,299.2108459472656,303.1499938964844,285.1499938964844,0.0,-0.0,285.1136779785156,0.0,0.0,7.461925997631624e-05,298.4109191894531,303.1499938964844,285.1499938964844,0.0,-0.0,285.1159362792969,0.0,0.0,0.0001010277846944,298.460205078125,303.1499938964844,285.1499938964844,0.0,-0.0,285.1138000488281,0.0,0.0,0.0004792301042471,285.0790405273437,294.1499938964844,291.1503601074219,284.9986267089844,292.3556823730469,291.0658874511719,284.9840087890625,0.0,0.0,0.0,0.0,1.0,1.0,-0.0010222896235063,8.470433243701336e-09,0.0010222812416031,-0.0212419107556343,0.0,0.0,0.0,-0.0090119745582342,60.0,4.316668510437012,-0.0,-7.12536731839464e-08,0.0,283.35400390625,284.5365905761719,288.9228210449219,289.824462890625,293.1499938964844,293.1499938964844,278.1499938964844,0.0,18000.0,313.1499938964844,0.0,18000.0,0.0,0.0,0.0,0.0,0.0,0.0,0.0,0.0,0.0,-0.0,-0.0,-0.0,-5.5419562194307814e-21,-2.7709781097153907e-21,-2.7709781097153907e-21,0.0,0.0,-0.0,0.0,0.0,0.0,-0.0,0.0,0.0,0.0,0.0,0.0,4.0,0.0,0.0
12170580,298.5696716308594,303.1499938964844,285.1499938964844,0.0,-0.0,285.113525390625,0.0,0.0,9.586163650965318e-05,298.6447448730469,303.1499938964844,285.1499938964844,0.0,-0.0,285.113525390625,0.0,0.0,0.0001009472034638,299.20880126953125,303.1499938964844,285.1499938964844,0.0,-0.0,285.11138916015625,0.0,0.0,7.455953891621903e-05,298.4107666015625,303.1499938964844,285.1499938964844,0.0,-0.0,285.1136474609375,0.0,0.0,0.0001009469342534,298.46051025390625,303.1499938964844,285.1499938964844,0.0,-0.0,285.11151123046875,0.0,0.0,0.000478846632177,285.076416015625,294.1499938964844,291.1685791015625,284.9953308105469,292.3341369628906,291.09393310546875,284.9885559082031,0.0,0.0,0.0,0.0,1.0,1.0,-0.0010214706417173,8.374657411991393e-09,0.0010214622598141,-0.0209910999983549,0.0,0.0,0.0,-0.0089644938707351,60.0,4.325130939483643,-0.0,-7.11395458097286e-08,0.0,283.35400390625,284.5365905761719,288.9228210449219,289.824462890625,293.1499938964844,293.1499938964844,278.1499938964844,0.0,18000.0,313.1499938964844,0.0,18000.0,0.0,0.0,0.0,0.0,0.0,0.0,0.0,0.0,0.0,-0.0,-0.0,-0.0,-5.5419562194307814e-21,-2.7709781097153907e-21,-2.7709781097153907e-21,0.0,0.0,-0.0,0.0,0.0,0.0,-0.0,0.0,0.0,0.0,0.0,0.0,4.0,0.0,0.0
12170640,298.5696716308594,303.1499938964844,285.1499938964844,0.0,-0.0,285.113525390625,0.0,0.0,9.586163650965318e-05,298.6447448730469,303.1499938964844,285.1499938964844,0.0,-0.0,285.113525390625,0.0,0.0,0.0001009472034638,299.20880126953125,303.1499938964844,285.1499938964844,0.0,-0.0,285.11138916015625,0.0,0.0,7.455953891621903e-05,298.4107666015625,303.1499938964844,285.1499938964844,0.0,-0.0,285.1136474609375,0.0,0.0,0.0001009469342534,298.46051025390625,303.1499938964844,285.1499938964844,0.0,-0.0,285.11151123046875,0.0,0.0,0.000478846632177,285.076416015625,294.1499938964844,291.1685791015625,284.9953308105469,292.3341369628906,291.09393310546875,284.9885559082031,0.0,0.0,0.0,0.0,1.0,1.0,-0.0010214706417173,8.374657411991393e-09,0.0010214622598141,-0.0209910999983549,0.0,0.0,0.0,-0.0089644938707351,60.0,4.325130939483643,-0.0,-7.11395458097286e-08,0.0,283.35400390625,284.5365905761719,288.9228210449219,289.824462890625,293.1499938964844,293.1499938964844,278.1499938964844,0.0,18000.0,313.1499938964844,0.0,18000.0,0.0,0.0,0.0,0.0,0.0,0.0,0.0,0.0,0.0,-0.0,-0.0,-0.0,-5.5419562194307814e-21,-2.7709781097153907e-21,-2.7709781097153907e-21,0.0,0.0,-0.0,0.0,0.0,0.0,-0.0,0.0,0.0,0.0,0.0,0.0,4.0,0.0,0.0
12170700,298.56988525390625,303.1499938964844,285.1499938964844,0.0,-0.0,285.1123962402344,0.0,0.0,9.582340862834826e-05,298.6445617675781,303.1499938964844,285.1499938964844,0.0,-0.0,285.1123962402344,0.0,0.0,0.0001009069383144,299.207763671875,303.1499938964844,285.1499938964844,0.0,-0.0,285.1102905273437,0.0,0.0,7.452980207744986e-05,298.41070556640625,303.1499938964844,285.1499938964844,0.0,-0.0,285.11248779296875,0.0,0.0,0.0001009066763799,298.46063232421875,303.1499938964844,285.1499938964844,0.0,-0.0,285.1103820800781,0.0,0.0,0.0004786556819453,285.0751342773437,294.1499938964844,291.1749267578125,284.99285888671875,292.3236389160156,291.1062316894531,284.99078369140625,0.0,0.0,0.0,0.0,1.0,1.0,-0.0010210627224296,8.326964007210336e-09,0.0010210544569417,-0.0208662003278732,0.0,0.0,0.0,-0.0089408503845334,60.0,4.327523231506348,-0.0,-7.108274502343195e-08,0.0,283.35400390625,284.5365905761719,288.9228210449219,289.824462890625,293.1499938964844,293.1499938964844,278.1499938964844,0.0,18000.0,313.1499938964844,0.0,18000.0,0.0,0.0,0.0,0.0,0.0,0.0,0.0,0.0,0.0,-0.0,-0.0,-0.0,-5.5419562194307814e-21,-2.7709781097153907e-21,-2.7709781097153907e-21,0.0,0.0,-0.0,0.0,0.0,0.0,-0.0,0.0,0.0,0.0,0.0,0.0,4.0,0.0,0.0
12170760,298.5700988769531,303.1499938964844,285.1499938964844,0.0,-0.0,285.1112670898437,0.0,0.0,9.578526805853473e-05,298.64434814453125,303.1499938964844,285.1499938964844,0.0,-0.0,285.1112670898437,0.0,0.0,0.0001008667750284,299.20672607421875,303.1499938964844,285.1499938964844,0.0,-0.0,285.1091613769531,0.0,0.0,7.450013799825683e-05,298.4106140136719,303.1499938964844,285.1499938964844,0.0,-0.0,285.1113586425781,0.0,0.0,0.0001008665130939,298.46075439453125,303.1499938964844,285.1499938964844,0.0,-0.0,285.1092834472656,0.0,0.0,0.000478465197375,285.0738525390625,294.1499938964844,291.1792297363281,284.9898376464844,292.3132629394531,291.11724853515625,284.9930114746094,0.0,0.0,0.0,0.0,1.0,1.0,-0.0010206558508798,8.279386953802259e-09,0.0010206475853919,-0.0207416079938411,0.0,0.0,0.0,-0.0089172646403312,60.0,4.328646659851074,-0.0,-7.102610055653713e-08,0.0,283.35400390625,284.5365905761719,288.9228210449219,289.824462890625,293.1499938964844,293.1499938964844,278.1499938964844,0.0,18000.0,313.1499938964844,0.0,18000.0,0.0,0.0,0.0,0.0,0.0,0.0,0.0,0.0,0.0,-0.0,-0.0,-0.0,-5.5419562194307814e-21,-2.7709781097153907e-21,-2.7709781097153907e-21,0.0,0.0,-0.0,0.0,0.0,0.0,-0.0,0.0,0.0,0.0,0.0,0.0,4.0,0.0,0.0
12170820,298.57037353515625,303.1499938964844,285.1499938964844,0.0,-0.0,285.1090393066406,0.0,0.0,9.57092925091274e-05,298.64385986328125,303.1499938964844,285.1499938964844,0.0,-0.0,285.1090393066406,0.0,0.0,0.0001007867685984,299.2046203613281,303.1499938964844,285.1499938964844,0.0,-0.0,285.1069641113281,0.0,0.0,7.444103539455682e-05,298.4103698730469,303.1499938964844,285.1499938964844,0.0,-0.0,285.109130859375,0.0,0.0,0.000100786506664,298.46099853515625,303.1499938964844,285.1499938964844,0.0,-0.0,285.1070861816406,0.0,0.0,0.0004780857125297,285.07135009765625,294.1499938964844,291.1811828613281,284.9818725585937,292.2928771972656,291.1352844238281,284.9973449707031,0.0,0.0,0.0,0.0,1.0,1.0,-0.0010198453674092,8.184612099171318e-09,0.0010198372183367,-0.0204934068024158,0.0,0.0,0.0,-0.0088702803477644,60.0,4.326894760131836,-0.0,-7.091334452979936e-08,0.0,283.35400390625,284.5365905761719,288.9228210449219,289.824462890625,293.1499938964844,293.1499938964844,278.1499938964844,0.0,18000.0,313.1499938964844,0.0,18000.0,0.0,0.0,0.0,0.0,0.0,0.0,0.0,0.0,0.0,-0.0,-0.0,-0.0,-5.5419562194307814e-21,-2.7709781097153907e-21,-2.7709781097153907e-21,0.0,0.0,-0.0,0.0,0.0,0.0,-0.0,0.0,0.0,0.0,0.0,0.0,4.0,0.0,0.0
12170880,298.57037353515625,303.1499938964844,285.1499938964844,0.0,-0.0,285.1090393066406,0.0,0.0,9.57092925091274e-05,298.64385986328125,303.1499938964844,285.1499938964844,0.0,-0.0,285.1090393066406,0.0,0.0,0.0001007867685984,299.2046203613281,303.1499938964844,285.1499938964844,0.0,-0.0,285.1069641113281,0.0,0.0,7.444103539455682e-05,298.4103698730469,303.1499938964844,285.1499938964844,0.0,-0.0,285.109130859375,0.0,0.0,0.000100786506664,298.46099853515625,303.1499938964844,285.1499938964844,0.0,-0.0,285.1070861816406,0.0,0.0,0.0004780857125297,285.07135009765625,294.1499938964844,291.1811828613281,284.9818725585937,292.2928771972656,291.1352844238281,284.9973449707031,0.0,0.0,0.0,0.0,1.0,1.0,-0.0010198453674092,8.184612099171318e-09,0.0010198372183367,-0.0204934068024158,0.0,0.0,0.0,-0.0088702803477644,60.0,4.326894760131836,-0.0,-7.091334452979936e-08,0.0,283.35400390625,284.5365905761719,288.9228210449219,289.824462890625,293.1499938964844,293.1499938964844,278.1499938964844,0.0,18000.0,313.1499938964844,0.0,18000.0,0.0,0.0,0.0,0.0,0.0,0.0,0.0,0.0,0.0,-0.0,-0.0,-0.0,-5.5419562194307814e-21,-2.7709781097153907e-21,-2.7709781097153907e-21,0.0,0.0,-0.0,0.0,0.0,0.0,-0.0,0.0,0.0,0.0,0.0,0.0,4.0,0.0,0.0
12170940,298.57049560546875,303.1499938964844,285.1499938964844,0.0,-0.0,285.1068420410156,0.0,0.0,9.563373896526171e-05,298.6432800292969,303.1499938964844,285.1499938964844,0.0,-0.0,285.1068725585937,0.0,0.0,0.000100707198726,299.2024230957031,303.1499938964844,285.1499938964844,0.0,-0.0,285.10479736328125,0.0,0.0,7.438226020894945e-05,298.4100341796875,303.1499938964844,285.1499938964844,0.0,-0.0,285.1069641113281,0.0,0.0,0.0001007069440674,298.461181640625,303.1499938964844,285.1499938964844,0.0,-0.0,285.1049194335937,0.0,0.0,0.0004777082940563,285.0689392089844,294.1499938964844,291.17340087890625,284.97119140625,292.27276611328125,291.1467590332031,285.0015869140625,0.0,0.0,0.0,0.0,1.0,1.0,-0.0010190393077209,8.090355940737481e-09,0.0010190311586484,-0.0202465653419494,0.0,0.0,0.0,-0.0088235540315508,60.0,4.318725109100342,-0.0,-7.080129194036999e-08,0.0,283.35400390625,284.5365905761719,288.9228210449219,289.824462890625,293.1499938964844,293.1499938964844,278.1499938964844,0.0,18000.0,313.1499938964844,0.0,18000.0,0.0,0.0,0.0,0.0,0.0,0.0,0.0,0.0,0.0,-0.0,-0.0,-0.0,-5.5419562194307814e-21,-2.7709781097153907e-21,-2.7709781097153907e-21,0.0,0.0,-0.0,0.0,0.0,0.0,-0.0,0.0,0.0,0.0,0.0,0.0,4.0,0.0,0.0
12171000,298.57049560546875,303.1499938964844,285.1499938964844,0.0,-0.0,285.1068420410156,0.0,0.0,9.563373896526171e-05,298.6432800292969,303.1499938964844,285.1499938964844,0.0,-0.0,285.1068725585937,0.0,0.0,0.000100707198726,299.2024230957031,303.1499938964844,285.1499938964844,0.0,-0.0,285.10479736328125,0.0,0.0,7.438226020894945e-05,298.4100341796875,303.1499938964844,285.1499938964844,0.0,-0.0,285.1069641113281,0.0,0.0,0.0001007069440674,298.461181640625,303.1499938964844,285.1499938964844,0.0,-0.0,285.1049194335937,0.0,0.0,0.0004777082940563,285.0689392089844,294.1499938964844,291.17340087890625,284.97119140625,292.27276611328125,291.1467590332031,285.0015869140625,0.0,0.0,0.0,0.0,1.0,1.0,-0.0010190393077209,8.090355940737481e-09,0.0010190311586484,-0.0202465653419494,0.0,0.0,0.0,-0.0088235540315508,60.0,4.318725109100342,-0.0,-7.080129194036999e-08,0.0,283.35400390625,284.5365905761719,288.9228210449219,289.824462890625,293.1499938964844,293.1499938964844,278.1499938964844,0.0,18000.0,313.1499938964844,0.0,18000.0,0.0,0.0,0.0,0.0,0.0,0.0,0.0,0.0,0.0,-0.0,-0.0,-0.0,-5.5419562194307814e-21,-2.7709781097153907e-21,-2.7709781097153907e-21,0.0,0.0,-0.0,0.0,0.0,0.0,-0.0,0.0,0.0,0.0,0.0,0.0,4.0,0.0,0.0
12171060,298.57037353515625,303.1499938964844,285.1499938964844,0.0,-0.0,285.1047058105469,0.0,0.0,9.555859287502244e-05,298.642578125,303.1499938964844,285.1499938964844,0.0,-0.0,285.1047058105469,0.0,0.0,0.000100628065411,299.2001953125,303.1499938964844,285.1499938964844,0.0,-0.0,285.1026916503906,0.0,0.0,7.432381244143471e-05,298.4096374511719,303.1499938964844,285.1499938964844,0.0,-0.0,285.10479736328125,0.0,0.0,0.0001006278107524,298.4612731933594,303.1499938964844,285.1499938964844,0.0,-0.0,285.1028137207031,0.0,0.0,0.0004773329419549,285.0665588378906,294.1499938964844,291.15478515625,284.9573974609375,292.2527770996094,291.1507873535156,285.0057373046875,0.0,0.0,0.0,0.0,1.0,1.0,-0.0010182376718148,7.99661670214391e-09,0.0010182296391576,-0.0200010705739259,0.0,0.0,0.0,-0.0087770828977227,60.0,4.30349063873291,-0.0,-7.068993568282167e-08,0.0,283.35400390625,284.5365905761719,288.9228210449219,289.824462890625,293.1499938964844,293.1499938964844,278.1499938964844,0.0,18000.0,313.1499938964844,0.0,18000.0,0.0,0.0,0.0,0.0,0.0,0.0,0.0,0.0,0.0,-0.0,-0.0,-0.0,-5.5419562194307814e-21,-2.7709781097153907e-21,-2.7709781097153907e-21,0.0,0.0,-0.0,0.0,0.0,0.0,-0.0,0.0,0.0,0.0,0.0,0.0,4.0,0.0,0.0
12171120,298.57037353515625,303.1499938964844,285.1499938964844,0.0,-0.0,285.1047058105469,0.0,0.0,9.555859287502244e-05,298.642578125,303.1499938964844,285.1499938964844,0.0,-0.0,285.1047058105469,0.0,0.0,0.000100628065411,299.2001953125,303.1499938964844,285.1499938964844,0.0,-0.0,285.1026916503906,0.0,0.0,7.432381244143471e-05,298.4096374511719,303.1499938964844,285.1499938964844,0.0,-0.0,285.10479736328125,0.0,0.0,0.0001006278107524,298.4612731933594,303.1499938964844,285.1499938964844,0.0,-0.0,285.1028137207031,0.0,0.0,0.0004773329419549,285.0665588378906,294.1499938964844,291.15478515625,284.9573974609375,292.2527770996094,291.1507873535156,285.0057373046875,0.0,0.0,0.0,0.0,1.0,1.0,-0.0010182376718148,7.99661670214391e-09,0.0010182296391576,-0.0200010705739259,0.0,0.0,0.0,-0.0087770828977227,60.0,4.30349063873291,-0.0,-7.068993568282167e-08,0.0,283.35400390625,284.5365905761719,288.9228210449219,289.824462890625,293.1499938964844,293.1499938964844,278.1499938964844,0.0,18000.0,313.1499938964844,0.0,18000.0,0.0,0.0,0.0,0.0,0.0,0.0,0.0,0.0,0.0,-0.0,-0.0,-0.0,-5.5419562194307814e-21,-2.7709781097153907e-21,-2.7709781097153907e-21,0.0,0.0,-0.0,0.0,0.0,0.0,-0.0,0.0,0.0,0.0,0.0,0.0,4.0,0.0,0.0
12171180,298.5700378417969,303.1499938964844,285.1499938964844,0.0,-0.0,285.10260009765625,0.0,0.0,9.548386151436716e-05,298.6417541503906,303.1499938964844,285.1499938964844,0.0,-0.0,285.1026306152344,0.0,0.0,0.0001005493686534,299.1978454589844,303.1499938964844,285.1499938964844,0.0,-0.0,285.1006164550781,0.0,0.0,7.426567754009739e-05,298.4090881347656,303.1499938964844,285.1499938964844,0.0,-0.0,285.10272216796875,0.0,0.0,0.0001005491139949,298.4613342285156,303.1499938964844,285.1499938964844,0.0,-0.0,285.1007385253906,0.0,0.0,0.0004769596853293,285.06427001953125,294.1499938964844,291.1242370605469,284.9402160644531,292.232666015625,291.1463623046875,285.0097961425781,0.0,0.0,0.0,0.0,1.0,1.0,-0.0010174404596909,7.903399712461123e-09,0.0010174325434491,-0.0197569411247968,0.0,0.0,0.0,-0.0087308716028928,60.0,4.280461311340332,-0.0,-7.057929707343646e-08,0.0,283.35400390625,284.5365905761719,288.9228210449219,289.824462890625,293.1499938964844,293.1499938964844,278.1499938964844,0.0,18000.0,313.1499938964844,0.0,18000.0,0.0,0.0,0.0,0.0,0.0,0.0,0.0,0.0,0.0,-0.0,-0.0,-0.0,-5.5419562194307814e-21,-2.7709781097153907e-21,-2.7709781097153907e-21,0.0,0.0,-0.0,0.0,0.0,0.0,-0.0,0.0,0.0,0.0,0.0,0.0,4.0,0.0,0.0
12171240,298.5700378417969,303.1499938964844,285.1499938964844,0.0,-0.0,285.10260009765625,0.0,0.0,9.548386151436716e-05,298.6417541503906,303.1499938964844,285.1499938964844,0.0,-0.0,285.1026306152344,0.0,0.0,0.0001005493686534,299.1978454589844,303.1499938964844,285.1499938964844,0.0,-0.0,285.1006164550781,0.0,0.0,7.426567754009739e-05,298.4090881347656,303.1499938964844,285.1499938964844,0.0,-0.0,285.10272216796875,0.0,0.0,0.0001005491139949,298.4613342285156,303.1499938964844,285.1499938964844,0.0,-0.0,285.1007385253906,0.0,0.0,0.0004769596853293,285.06427001953125,294.1499938964844,291.1242370605469,284.9402160644531,292.232666015625,291.1463623046875,285.0097961425781,0.0,0.0,0.0,0.0,1.0,1.0,-0.0010174404596909,7.903399712461123e-09,0.0010174325434491,-0.0197569411247968,0.0,0.0,0.0,-0.0087308716028928,60.0,4.280461311340332,-0.0,-7.057929707343646e-08,0.0,283.35400390625,284.5365905761719,288.9228210449219,289.824462890625,293.1499938964844,293.1499938964844,278.1499938964844,0.0,18000.0,313.1499938964844,0.0,18000.0,0.0,0.0,0.0,0.0,0.0,0.0,0.0,0.0,0.0,-0.0,-0.0,-0.0,-5.5419562194307814e-21,-2.7709781097153907e-21,-2.7709781097153907e-21,0.0,0.0,-0.0,0.0,0.0,0.0,-0.0,0.0,0.0,0.0,0.0,0.0,4.0,0.0,0.0
12171300,298.5697937011719,303.1499938964844,285.1499938964844,0.0,-0.0,285.1015625,0.0,0.0,9.544665954308584e-05,298.64129638671875,303.1499938964844,285.1499938964844,0.0,-0.0,285.1015930175781,0.0,0.0,0.0001005101876216,299.1966552734375,303.1499938964844,285.1499938964844,0.0,-0.0,285.099609375,0.0,0.0,7.423674105666578e-05,298.40875244140625,303.1499938964844,285.1499938964844,0.0,-0.0,285.1016845703125,0.0,0.0,0.0001005099402391,298.4613037109375,303.1499938964844,285.1499938964844,0.0,-0.0,285.0997009277344,0.0,0.0,0.0004767738573718,285.0631408691406,294.1499938964844,291.1041259765625,284.93023681640625,292.2225341796875,291.1405334472656,285.0118103027344,0.0,0.0,0.0,0.0,1.0,1.0,-0.0010170435998588,7.856991501853372e-09,0.0010170356836169,-0.0196353998035192,0.0,0.0,0.0,-0.0087078651413321,60.0,4.265679359436035,-0.0,-7.052424422226977e-08,0.0,283.35400390625,284.5365905761719,288.9228210449219,289.824462890625,293.1499938964844,293.1499938964844,278.1499938964844,0.0,18000.0,313.1499938964844,0.0,18000.0,0.0,0.0,0.0,0.0,0.0,0.0,0.0,0.0,0.0,-0.0,-0.0,-0.0,-5.5419562194307814e-21,-2.7709781097153907e-21,-2.7709781097153907e-21,0.0,0.0,-0.0,0.0,0.0,0.0,-0.0,0.0,0.0,0.0,0.0,0.0,4.0,0.0,0.0
12171360,298.5694274902344,303.1499938964844,285.1499938964844,0.0,-0.0,285.1005554199219,0.0,0.0,9.540955943521112e-05,298.6407775878906,303.1499938964844,285.1499938964844,0.0,-0.0,285.1005554199219,0.0,0.0,0.0001004711157293,299.1954345703125,303.1499938964844,285.1499938964844,0.0,-0.0,285.0985717773437,0.0,0.0,7.420788460876793e-05,298.4084167480469,303.1499938964844,285.1499938964844,0.0,-0.0,285.10064697265625,0.0,0.0,0.0001004708683467,298.4612731933594,303.1499938964844,285.1499938964844,0.0,-0.0,285.09869384765625,0.0,0.0,0.0004765885532833,285.06201171875,294.1499938964844,291.08062744140625,284.9192810058594,292.2122497558594,291.1322631835937,285.0137939453125,0.0,0.0,0.0,0.0,1.0,1.0,-0.0010166477877646,7.810712965294897e-09,0.0010166399879381,-0.0195141974836587,0.0,0.0,0.0,-0.008684922941029,60.0,4.248701572418213,-0.0,-7.046936900678702e-08,0.0,283.35400390625,284.5365905761719,288.9228210449219,289.824462890625,293.1499938964844,293.1499938964844,278.1499938964844,0.0,18000.0,313.1499938964844,0.0,18000.0,0.0,0.0,0.0,0.0,0.0,0.0,0.0,0.0,0.0,-0.0,-0.0,-0.0,-5.5419562194307814e-21,-2.7709781097153907e-21,-2.7709781097153907e-21,0.0,0.0,-0.0,0.0,0.0,0.0,-0.0,0.0,0.0,0.0,0.0,0.0,4.0,0.0,0.0
12171420,298.56854248046875,303.1499938964844,285.1499938964844,0.0,-0.0,285.0985412597656,0.0,0.0,9.533567208563908e-05,298.6396179199219,303.1499938964844,285.1499938964844,0.0,-0.0,285.0985412597656,0.0,0.0,0.0001003933066385,299.19287109375,303.1499938964844,285.1499938964844,0.0,-0.0,285.0965881347656,0.0,0.0,7.415041181957349e-05,298.4075927734375,303.1499938964844,285.1499938964844,0.0,-0.0,285.0986328125,0.0,0.0,0.0001003930665319,298.4611511230469,303.1499938964844,285.1499938964844,0.0,-0.0,285.0967102050781,0.0,0.0,0.0004762195167131,285.0598449707031,294.1499938964844,291.0229187011719,284.89422607421875,292.1912841796875,291.10821533203125,285.0177307128906,0.0,0.0,0.0,0.0,1.0,1.0,-0.0010158596560359,7.718549355217874e-09,0.0010158518562093,-0.0192728210240602,0.0,0.0,0.0,-0.008639233186841,60.0,4.208035469055176,-0.0,-7.036014437744599e-08,0.0,283.35400390625,284.5365905761719,288.9228210449219,289.824462890625,293.1499938964844,293.1499938964844,278.1499938964844,0.0,18000.0,313.1499938964844,0.0,18000.0,0.0,0.0,0.0,0.0,0.0,0.0,0.0,0.0,0.0,-0.0,-0.0,-0.0,-5.5419562194307814e-21,-2.7709781097153907e-21,-2.7709781097153907e-21,0.0,0.0,-0.0,0.0,0.0,0.0,-0.0,0.0,0.0,0.0,0.0,0.0,4.0,0.0,0.0
12171480,298.56854248046875,303.1499938964844,285.1499938964844,0.0,-0.0,285.0985412597656,0.0,0.0,9.533567208563908e-05,298.6396179199219,303.1499938964844,285.1499938964844,0.0,-0.0,285.0985412597656,0.0,0.0,0.0001003933066385,299.19287109375,303.1499938964844,285.1499938964844,0.0,-0.0,285.0965881347656,0.0,0.0,7.415041181957349e-05,298.4075927734375,303.1499938964844,285.1499938964844,0.0,-0.0,285.0986328125,0.0,0.0,0.0001003930665319,298.4611511230469,303.1499938964844,285.1499938964844,0.0,-0.0,285.0967102050781,0.0,0.0,0.0004762195167131,285.0598449707031,294.1499938964844,291.0229187011719,284.89422607421875,292.1912841796875,291.10821533203125,285.0177307128906,0.0,0.0,0.0,0.0,1.0,1.0,-0.0010158596560359,7.718549355217874e-09,0.0010158518562093,-0.0192728210240602,0.0,0.0,0.0,-0.008639233186841,60.0,4.208035469055176,-0.0,-7.036014437744599e-08,0.0,283.35400390625,284.5365905761719,288.9228210449219,289.824462890625,293.1499938964844,293.1499938964844,278.1499938964844,0.0,18000.0,313.1499938964844,0.0,18000.0,0.0,0.0,0.0,0.0,0.0,0.0,0.0,0.0,0.0,-0.0,-0.0,-0.0,-5.5419562194307814e-21,-2.7709781097153907e-21,-2.7709781097153907e-21,0.0,0.0,-0.0,0.0,0.0,0.0,-0.0,0.0,0.0,0.0,0.0,0.0,4.0,0.0,0.0
12171540,298.5673522949219,303.1499938964844,285.1499938964844,0.0,-0.0,285.0965576171875,0.0,0.0,9.526204667054115e-05,298.6382751464844,303.1499938964844,285.1499938964844,0.0,-0.0,285.0965576171875,0.0,0.0,0.0001003157740342,299.1902160644531,303.1499938964844,285.1499938964844,0.0,-0.0,285.0946350097656,0.0,0.0,7.409314275719225e-05,298.4065856933594,303.1499938964844,285.1499938964844,0.0,-0.0,285.0966491699219,0.0,0.0,0.0001003155339276,298.4609069824219,303.1499938964844,285.1499938964844,0.0,-0.0,285.0947570800781,0.0,0.0,0.0004758517607115,285.0577087402344,294.1499938964844,290.95001220703125,284.8645935058594,292.16949462890625,291.0728454589844,285.0216064453125,0.0,0.0,0.0,0.0,1.0,1.0,-0.0010150742018595,7.626711706620881e-09,0.0010150666348636,-0.0190322920680046,0.0,0.0,0.0,-0.0085937054827809,60.0,4.157189846038818,-0.0,-7.025138870631056e-08,0.0,283.35400390625,284.5365905761719,288.9228210449219,289.824462890625,293.1499938964844,293.1499938964844,278.1499938964844,0.0,18000.0,313.1499938964844,0.0,18000.0,0.0,0.0,0.0,0.0,0.0,0.0,0.0,0.0,0.0,-0.0,-0.0,-0.0,-5.5419562194307814e-21,-2.7709781097153907e-21,-2.7709781097153907e-21,0.0,0.0,-0.0,0.0,0.0,0.0,-0.0,0.0,0.0,0.0,0.0,0.0,4.0,0.0,0.0
12171600,298.5673522949219,303.1499938964844,285.1499938964844,0.0,-0.0,285.0965576171875,0.0,0.0,9.526204667054115e-05,298.6382751464844,303.1499938964844,285.1499938964844,0.0,-0.0,285.0965576171875,0.0,0.0,0.0001003157740342,299.1902160644531,303.1499938964844,285.1499938964844,0.0,-0.0,285.0946350097656,0.0,0.0,7.409314275719225e-05,298.4065856933594,303.1499938964844,285.1499938964844,0.0,-0.0,285.0966491699219,0.0,0.0,0.0001003155339276,298.4609069824219,303.1499938964844,285.1499938964844,0.0,-0.0,285.0947570800781,0.0,0.0,0.0004758517607115,285.0577087402344,294.1499938964844,290.95001220703125,284.8645935058594,292.16949462890625,291.0728454589844,285.0216064453125,0.0,0.0,0.0,0.0,1.0,1.0,-0.0010150742018595,7.626711706620881e-09,0.0010150666348636,-0.0190322920680046,0.0,0.0,0.0,-0.0085937054827809,60.0,4.157189846038818,-0.0,-7.025138870631056e-08,0.0,283.35400390625,284.5365905761719,288.9228210449219,289.824462890625,293.1499938964844,293.1499938964844,278.1499938964844,0.0,18000.0,313.1499938964844,0.0,18000.0,0.0,0.0,0.0,0.0,0.0,0.0,0.0,0.0,0.0,-0.0,-0.0,-0.0,-5.5419562194307814e-21,-2.7709781097153907e-21,-2.7709781097153907e-21,0.0,0.0,-0.0,0.0,0.0,0.0,-0.0,0.0,0.0,0.0,0.0,0.0,4.0,0.0,0.0
12171660,298.5658874511719,303.1499938964844,285.1499938964844,0.0,-0.0,285.0946350097656,0.0,0.0,9.51577167143114e-05,298.6365966796875,303.1499938964844,285.1499938964844,0.0,-0.0,285.0946350097656,0.0,0.0,0.0001002059070742,299.1874389648437,303.1499938964844,285.1499938964844,0.0,-0.0,285.0927429199219,0.0,0.0,7.401199400192127e-05,298.4053955078125,303.1499938964844,285.1499938964844,0.0,-0.0,285.0947265625,0.0,0.0,0.0001002056742436,298.4606018066406,303.1499938964844,285.1499938964844,0.0,-0.0,285.09283447265625,0.0,0.0,0.0004753306566271,285.0556640625,294.1499938964844,290.8644714355469,284.8321533203125,292.1466979980469,291.0263977050781,285.0254211425781,0.0,0.0,0.0,0.0,1.0,1.0,-0.0010139618534594,7.496621989844243e-09,0.0010139544028788,-0.0186915770173072,0.0,0.0,0.0,-0.0085292151197791,60.0,4.096477031707764,-0.0,-7.00974851497449e-08,0.0,283.35400390625,284.5365905761719,288.9228210449219,289.824462890625,293.1499938964844,293.1499938964844,278.1499938964844,0.0,18000.0,313.1499938964844,0.0,18000.0,0.0,0.0,0.0,0.0,0.0,0.0,0.0,0.0,0.0,-0.0,-0.0,-0.0,-5.5419562194307814e-21,-2.7709781097153907e-21,-2.7709781097153907e-21,0.0,0.0,-0.0,0.0,0.0,0.0,-0.0,0.0,0.0,0.0,0.0,0.0,4.0,0.0,0.0
12171720,298.5658874511719,303.1499938964844,285.1499938964844,0.0,-0.0,285.0946350097656,0.0,0.0,9.51577167143114e-05,298.6365966796875,303.1499938964844,285.1499938964844,0.0,-0.0,285.0946350097656,0.0,0.0,0.0001002059070742,299.1874389648437,303.1499938964844,285.1499938964844,0.0,-0.0,285.0927429199219,0.0,0.0,7.401199400192127e-05,298.4053955078125,303.1499938964844,285.1499938964844,0.0,-0.0,285.0947265625,0.0,0.0,0.0001002056742436,298.4606018066406,303.1499938964844,285.1499938964844,0.0,-0.0,285.09283447265625,0.0,0.0,0.0004753306566271,285.0556640625,294.1499938964844,290.8644714355469,284.8321533203125,292.1466979980469,291.0263977050781,285.0254211425781,0.0,0.0,0.0,0.0,1.0,1.0,-0.0010139618534594,7.496621989844243e-09,0.0010139544028788,-0.0186915770173072,0.0,0.0,0.0,-0.0085292151197791,60.0,4.096477031707764,-0.0,-7.00974851497449e-08,0.0,283.35400390625,284.5365905761719,288.9228210449219,289.824462890625,293.1499938964844,293.1499938964844,278.1499938964844,0.0,18000.0,313.1499938964844,0.0,18000.0,0.0,0.0,0.0,0.0,0.0,0.0,0.0,0.0,0.0,-0.0,-0.0,-0.0,-5.5419562194307814e-21,-2.7709781097153907e-21,-2.7709781097153907e-21,0.0,0.0,-0.0,0.0,0.0,0.0,-0.0,0.0,0.0,0.0,0.0,0.0,4.0,0.0,0.0
12171780,298.5643005371094,303.1499938964844,285.1499938964844,0.0,-0.0,285.0927429199219,0.0,0.0,9.499528096057476e-05,298.6342163085937,303.1499938964844,285.1499938964844,0.0,-0.0,285.0927429199219,0.0,0.0,0.0001000348493107,299.1844787597656,303.1499938964844,285.1499938964844,0.0,-0.0,285.0908508300781,0.0,0.0,7.388563972199336e-05,298.404052734375,303.1499938964844,285.1499938964844,0.0,-0.0,285.09283447265625,0.0,0.0,0.0001000346164801,298.4601745605469,303.1499938964844,285.1499938964844,0.0,-0.0,285.0909729003906,0.0,0.0,0.0004745192709378,285.0536804199219,294.1499938964844,290.7700500488281,284.7988586425781,292.1227111816406,290.9691162109375,285.0291748046875,0.0,0.0,0.0,0.0,1.0,1.0,-0.0010122302919626,7.294125747847602e-09,0.0010122229577973,-0.0181612074375152,0.0,0.0,0.0,-0.0084288297221064,60.0,4.026120662689209,-0.0,-6.985824541061447e-08,0.0,283.35400390625,284.5365905761719,288.9228210449219,289.824462890625,293.1499938964844,293.1499938964844,278.1499938964844,0.0,18000.0,313.1499938964844,0.0,18000.0,0.0,0.0,0.0,0.0,0.0,0.0,0.0,0.0,0.0,-0.0,-0.0,-0.0,-5.5419562194307814e-21,-2.7709781097153907e-21,-2.7709781097153907e-21,0.0,0.0,-0.0,0.0,0.0,0.0,-0.0,0.0,0.0,0.0,0.0,0.0,4.0,0.0,0.0
12171840,298.5643005371094,303.1499938964844,285.1499938964844,0.0,-0.0,285.0927429199219,0.0,0.0,9.499528096057476e-05,298.6342163085937,303.1499938964844,285.1499938964844,0.0,-0.0,285.0927429199219,0.0,0.0,0.0001000348493107,299.1844787597656,303.1499938964844,285.1499938964844,0.0,-0.0,285.0908508300781,0.0,0.0,7.388563972199336e-05,298.404052734375,303.1499938964844,285.1499938964844,0.0,-0.0,285.09283447265625,0.0,0.0,0.0001000346164801,298.4601745605469,303.1499938964844,285.1499938964844,0.0,-0.0,285.0909729003906,0.0,0.0,0.0004745192709378,285.0536804199219,294.1499938964844,290.7700500488281,284.7988586425781,292.1227111816406,290.9691162109375,285.0291748046875,0.0,0.0,0.0,0.0,1.0,1.0,-0.0010122302919626,7.294125747847602e-09,0.0010122229577973,-0.0181612074375152,0.0,0.0,0.0,-0.0084288297221064,60.0,4.026120662689209,-0.0,-6.985824541061447e-08,0.0,283.35400390625,284.5365905761719,288.9228210449219,289.824462890625,293.1499938964844,293.1499938964844,278.1499938964844,0.0,18000.0,313.1499938964844,0.0,18000.0,0.0,0.0,0.0,0.0,0.0,0.0,0.0,0.0,0.0,-0.0,-0.0,-0.0,-5.5419562194307814e-21,-2.7709781097153907e-21,-2.7709781097153907e-21,0.0,0.0,-0.0,0.0,0.0,0.0,-0.0,0.0,0.0,0.0,0.0,0.0,4.0,0.0,0.0
12171900,298.5635070800781,303.1499938964844,285.1499938964844,0.0,-0.0,285.091796875,0.0,0.0,9.489379590377212e-05,298.63262939453125,303.1499938964844,285.1499938964844,0.0,-0.0,285.0918273925781,0.0,0.0,9.992797276936471e-05,299.1829833984375,303.1499938964844,285.1499938964844,0.0,-0.0,285.0899353027344,0.0,0.0,7.380670285783708e-05,298.4032897949219,303.1499938964844,285.1499938964844,0.0,-0.0,285.0918884277344,0.0,0.0,9.992774721467867e-05,298.4599304199219,303.1499938964844,285.1499938964844,0.0,-0.0,285.0900573730469,0.0,0.0,0.0004740123113151,285.0527038574219,294.1499938964844,290.7197265625,284.7818298339844,292.1101989746094,290.93682861328125,285.0310363769531,0.0,0.0,0.0,0.0,1.0,1.0,-0.0010111485607922,7.1676264923326025e-09,0.0010111413430422,-0.01782988011837,0.0,0.0,0.0,-0.0083661191165447,60.0,3.987713575363159,-0.0,-6.970900301439542e-08,0.0,283.35400390625,284.5365905761719,288.9228210449219,289.824462890625,293.1499938964844,293.1499938964844,278.1499938964844,0.0,18000.0,313.1499938964844,0.0,18000.0,0.0,0.0,0.0,0.0,0.0,0.0,0.0,0.0,0.0,-0.0,-0.0,-0.0,-5.5419562194307814e-21,-2.7709781097153907e-21,-2.7709781097153907e-21,0.0,0.0,-0.0,0.0,0.0,0.0,-0.0,0.0,0.0,0.0,0.0,0.0,4.0,0.0,0.0
12171960,298.562744140625,303.1499938964844,285.1499938964844,0.0,-0.0,285.09088134765625,0.0,0.0,9.478277206653728e-05,298.630859375,303.1499938964844,285.1499938964844,0.0,-0.0,285.09088134765625,0.0,0.0,9.981106268242002e-05,299.1814270019531,303.1499938964844,285.1499938964844,0.0,-0.0,285.08905029296875,0.0,0.0,7.372035179287195e-05,298.4024963378906,303.1499938964844,285.1499938964844,0.0,-0.0,285.0909729003906,0.0,0.0,9.981083712773398e-05,298.4596862792969,303.1499938964844,285.1499938964844,0.0,-0.0,285.0891418457031,0.0,0.0,0.0004734577669296,285.0517272949219,294.1499938964844,290.6674194335937,284.7645568847656,292.097412109375,290.9027404785156,285.0328674316406,0.0,0.0,0.0,0.0,1.0,1.0,-0.0010099653154611,7.029251847257001e-09,0.0010099582141265,-0.0174674410372972,0.0,0.0,0.0,-0.0082975216209888,60.0,3.9477155208587646,-0.0,-6.954593345653849e-08,0.0,283.35400390625,284.5365905761719,288.9228210449219,289.824462890625,293.1499938964844,293.1499938964844,278.1499938964844,0.0,18000.0,313.1499938964844,0.0,18000.0,0.0,0.0,0.0,0.0,0.0,0.0,0.0,0.0,0.0,-0.0,-0.0,-0.0,-5.5419562194307814e-21,-2.7709781097153907e-21,-2.7709781097153907e-21,0.0,0.0,-0.0,0.0,0.0,0.0,-0.0,0.0,0.0,0.0,0.0,0.0,4.0,0.0,0.0
12172020,298.561279296875,303.1499938964844,285.1499938964844,0.0,-0.0,285.0890808105469,0.0,0.0,9.452958329347894e-05,298.6265563964844,303.1499938964844,285.1499938964844,0.0,-0.0,285.0890808105469,0.0,0.0,9.954444249160588e-05,299.1782531738281,303.1499938964844,285.1499938964844,0.0,-0.0,285.0872497558594,0.0,0.0,7.352342072408646e-05,298.4007568359375,303.1499938964844,285.1499938964844,0.0,-0.0,285.08917236328125,0.0,0.0,9.954421693691984e-05,298.4591369628906,303.1499938964844,285.1499938964844,0.0,-0.0,285.0873413085937,0.0,0.0,0.0004721930890809,285.04986572265625,294.1499938964844,290.55712890625,284.72918701171875,292.0707702636719,290.8294982910156,285.0364990234375,0.0,0.0,0.0,0.0,1.0,1.0,-0.0010072666918858,6.713691380610953e-09,0.0010072599397972,-0.0166408810764551,0.0,0.0,0.0,-0.0081410845741629,60.0,3.862581253051758,-0.0,-6.917477435308683e-08,0.0,283.35400390625,284.5365905761719,288.9228210449219,289.824462890625,293.1499938964844,293.1499938964844,278.1499938964844,0.0,18000.0,313.1499938964844,0.0,18000.0,0.0,0.0,0.0,0.0,0.0,0.0,0.0,0.0,0.0,-0.0,-0.0,-0.0,-5.5419562194307814e-21,-2.7709781097153907e-21,-2.7709781097153907e-21,0.0,0.0,-0.0,0.0,0.0,0.0,-0.0,0.0,0.0,0.0,0.0,0.0,4.0,0.0,0.0
12172080,298.561279296875,303.1499938964844,285.1499938964844,0.0,-0.0,285.0890808105469,0.0,0.0,9.452958329347894e-05,298.6265563964844,303.1499938964844,285.1499938964844,0.0,-0.0,285.0890808105469,0.0,0.0,9.954444249160588e-05,299.1782531738281,303.1499938964844,285.1499938964844,0.0,-0.0,285.0872497558594,0.0,0.0,7.352342072408646e-05,298.4007568359375,303.1499938964844,285.1499938964844,0.0,-0.0,285.08917236328125,0.0,0.0,9.954421693691984e-05,298.4591369628906,303.1499938964844,285.1499938964844,0.0,-0.0,285.0873413085937,0.0,0.0,0.0004721930890809,285.04986572265625,294.1499938964844,290.55712890625,284.72918701171875,292.0707702636719,290.8294982910156,285.0364990234375,0.0,0.0,0.0,0.0,1.0,1.0,-0.0010072666918858,6.713691380610953e-09,0.0010072599397972,-0.0166408810764551,0.0,0.0,0.0,-0.0081410845741629,60.0,3.862581253051758,-0.0,-6.917477435308683e-08,0.0,283.35400390625,284.5365905761719,288.9228210449219,289.824462890625,293.1499938964844,293.1499938964844,278.1499938964844,0.0,18000.0,313.1499938964844,0.0,18000.0,0.0,0.0,0.0,0.0,0.0,0.0,0.0,0.0,0.0,-0.0,-0.0,-0.0,-5.5419562194307814e-21,-2.7709781097153907e-21,-2.7709781097153907e-21,0.0,0.0,-0.0,0.0,0.0,0.0,-0.0,0.0,0.0,0.0,0.0,0.0,4.0,0.0,0.0
12172140,298.5599975585937,303.1499938964844,285.1499938964844,0.0,-0.0,285.0873107910156,0.0,0.0,9.424479503650218e-05,298.62115478515625,303.1499938964844,285.1499938964844,0.0,-0.0,285.0873413085937,0.0,0.0,9.924454207066448e-05,299.1749572753906,303.1499938964844,285.1499938964844,0.0,-0.0,285.08551025390625,0.0,0.0,7.330191147048026e-05,298.3988342285156,303.1499938964844,285.1499938964844,0.0,-0.0,285.08740234375,0.0,0.0,9.924431651597844e-05,298.4585266113281,303.1499938964844,285.1499938964844,0.0,-0.0,285.08563232421875,0.0,0.0,0.0004707704938482,285.0480651855469,294.1499938964844,290.4398193359375,284.6926574707031,292.0426025390625,290.75006103515625,285.04010009765625,0.0,0.0,0.0,0.0,1.0,1.0,-0.0010042313951998,6.35875485599513e-09,0.0010042249923571,-0.0157111398875713,0.0,0.0,0.0,-0.0079651279374957,60.0,3.77099609375,-0.0,-6.87584815750597e-08,0.0,283.35400390625,284.5365905761719,288.9228210449219,289.824462890625,293.1499938964844,293.1499938964844,278.1499938964844,0.0,18000.0,313.1499938964844,0.0,18000.0,0.0,0.0,0.0,0.0,0.0,0.0,0.0,0.0,0.0,-0.0,-0.0,-0.0,-5.5419562194307814e-21,-2.7709781097153907e-21,-2.7709781097153907e-21,0.0,0.0,-0.0,0.0,0.0,0.0,-0.0,0.0,0.0,0.0,0.0,0.0,4.0,0.0,0.0
12172200,298.5599975585937,303.1499938964844,285.1499938964844,0.0,-0.0,285.0873107910156,0.0,0.0,9.424479503650218e-05,298.62115478515625,303.1499938964844,285.1499938964844,0.0,-0.0,285.0873413085937,0.0,0.0,9.924454207066448e-05,299.1749572753906,303.1499938964844,285.1499938964844,0.0,-0.0,285.08551025390625,0.0,0.0,7.330191147048026e-05,298.3988342285156,303.1499938964844,285.1499938964844,0.0,-0.0,285.08740234375,0.0,0.0,9.924431651597844e-05,298.4585266113281,303.1499938964844,285.1499938964844,0.0,-0.0,285.08563232421875,0.0,0.0,0.0004707704938482,285.0480651855469,294.1499938964844,290.4398193359375,284.6926574707031,292.0426025390625,290.75006103515625,285.04010009765625,0.0,0.0,0.0,0.0,1.0,1.0,-0.0010042313951998,6.35875485599513e-09,0.0010042249923571,-0.0157111398875713,0.0,0.0,0.0,-0.0079651279374957,60.0,3.77099609375,-0.0,-6.87584815750597e-08,0.0,283.35400390625,284.5365905761719,288.9228210449219,289.824462890625,293.1499938964844,293.1499938964844,278.1499938964844,0.0,18000.0,313.1499938964844,0.0,18000.0,0.0,0.0,0.0,0.0,0.0,0.0,0.0,0.0,0.0,-0.0,-0.0,-0.0,-5.5419562194307814e-21,-2.7709781097153907e-21,-2.7709781097153907e-21,0.0,0.0,-0.0,0.0,0.0,0.0,-0.0,0.0,0.0,0.0,0.0,0.0,4.0,0.0,0.0
12172260,298.5589904785156,303.1499938964844,285.1499938964844,0.0,-0.0,285.0856018066406,0.0,0.0,9.39400342758745e-05,298.61480712890625,303.1499938964844,285.1499938964844,0.0,-0.0,285.0856018066406,0.0,0.0,9.892360685626044e-05,299.1715393066406,303.1499938964844,285.1499938964844,0.0,-0.0,285.0838317871094,0.0,0.0,7.306486804736778e-05,298.3966979980469,303.1499938964844,285.1499938964844,0.0,-0.0,285.085693359375,0.0,0.0,9.892338857753202e-05,298.45782470703125,303.1499938964844,285.1499938964844,0.0,-0.0,285.0839233398437,0.0,0.0,0.0004692481888923,285.0462951660156,294.1499938964844,290.316162109375,284.6548767089844,292.0129089355469,290.6659545898437,285.04364013671875,0.0,0.0,0.0,0.0,1.0,1.0,-0.0010009831748902,5.978941342021926e-09,0.0010009772377088,-0.0147161930799484,0.0,0.0,0.0,-0.0077768382616341,60.0,3.6743359565734863,-0.0,-6.8314399470637e-08,0.0,283.35400390625,284.5365905761719,288.9228210449219,289.824462890625,293.1499938964844,293.1499938964844,278.1499938964844,0.0,18000.0,313.1499938964844,0.0,18000.0,0.0,0.0,0.0,0.0,0.0,0.0,0.0,0.0,0.0,-0.0,-0.0,-0.0,-5.5419562194307814e-21,-2.7709781097153907e-21,-2.7709781097153907e-21,0.0,0.0,-0.0,0.0,0.0,0.0,-0.0,0.0,0.0,0.0,0.0,0.0,4.0,0.0,0.0
12172320,298.5589904785156,303.1499938964844,285.1499938964844,0.0,-0.0,285.0856018066406,0.0,0.0,9.39400342758745e-05,298.61480712890625,303.1499938964844,285.1499938964844,0.0,-0.0,285.0856018066406,0.0,0.0,9.892360685626044e-05,299.1715393066406,303.1499938964844,285.1499938964844,0.0,-0.0,285.0838317871094,0.0,0.0,7.306486804736778e-05,298.3966979980469,303.1499938964844,285.1499938964844,0.0,-0.0,285.085693359375,0.0,0.0,9.892338857753202e-05,298.45782470703125,303.1499938964844,285.1499938964844,0.0,-0.0,285.0839233398437,0.0,0.0,0.0004692481888923,285.0462951660156,294.1499938964844,290.316162109375,284.6548767089844,292.0129089355469,290.6659545898437,285.04364013671875,0.0,0.0,0.0,0.0,1.0,1.0,-0.0010009831748902,5.978941342021926e-09,0.0010009772377088,-0.0147161930799484,0.0,0.0,0.0,-0.0077768382616341,60.0,3.6743359565734863,-0.0,-6.8314399470637e-08,0.0,283.35400390625,284.5365905761719,288.9228210449219,289.824462890625,293.1499938964844,293.1499938964844,278.1499938964844,0.0,18000.0,313.1499938964844,0.0,18000.0,0.0,0.0,0.0,0.0,0.0,0.0,0.0,0.0,0.0,-0.0,-0.0,-0.0,-5.5419562194307814e-21,-2.7709781097153907e-21,-2.7709781097153907e-21,0.0,0.0,-0.0,0.0,0.0,0.0,-0.0,0.0,0.0,0.0,0.0,0.0,4.0,0.0,0.0
12172380,298.5582580566406,303.1499938964844,285.1499938964844,0.0,-0.0,285.0839233398437,0.0,0.0,9.362832497572526e-05,298.6075744628906,303.1499938964844,285.1499938964844,0.0,-0.0,285.0839538574219,0.0,0.0,9.859535930445418e-05,299.1679992675781,303.1499938964844,285.1499938964844,0.0,-0.0,285.0821838378906,0.0,0.0,7.282242586370558e-05,298.3943786621094,303.1499938964844,285.1499938964844,0.0,-0.0,285.0840148925781,0.0,0.0,9.859514830168337e-05,298.45703125,303.1499938964844,285.1499938964844,0.0,-0.0,285.082275390625,0.0,0.0,0.0004676911630667,285.04461669921875,294.1499938964844,290.18670654296875,284.6157531738281,291.9815979003906,290.5783386230469,285.047119140625,0.0,0.0,0.0,0.0,1.0,1.0,-0.0009976610308513,5.590479634776102e-09,0.0009976554429158,-0.0136985462158918,0.0,0.0,0.0,-0.0075842607766389,60.0,3.573509693145752,-0.0,-6.786169137740218e-08,0.0,283.35400390625,284.5365905761719,288.9228210449219,289.824462890625,293.1499938964844,293.1499938964844,278.1499938964844,0.0,18000.0,313.1499938964844,0.0,18000.0,0.0,0.0,0.0,0.0,0.0,0.0,0.0,0.0,0.0,-0.0,-0.0,-0.0,-5.5419562194307814e-21,-2.7709781097153907e-21,-2.7709781097153907e-21,0.0,0.0,-0.0,0.0,0.0,0.0,-0.0,0.0,0.0,0.0,0.0,0.0,4.0,0.0,0.0
12172440,298.5582580566406,303.1499938964844,285.1499938964844,0.0,-0.0,285.0839233398437,0.0,0.0,9.362832497572526e-05,298.6075744628906,303.1499938964844,285.1499938964844,0.0,-0.0,285.0839538574219,0.0,0.0,9.859535930445418e-05,299.1679992675781,303.1499938964844,285.1499938964844,0.0,-0.0,285.0821838378906,0.0,0.0,7.282242586370558e-05,298.3943786621094,303.1499938964844,285.1499938964844,0.0,-0.0,285.0840148925781,0.0,0.0,9.859514830168337e-05,298.45703125,303.1499938964844,285.1499938964844,0.0,-0.0,285.082275390625,0.0,0.0,0.0004676911630667,285.04461669921875,294.1499938964844,290.18670654296875,284.6157531738281,291.9815979003906,290.5783386230469,285.047119140625,0.0,0.0,0.0,0.0,1.0,1.0,-0.0009976610308513,5.590479634776102e-09,0.0009976554429158,-0.0136985462158918,0.0,0.0,0.0,-0.0075842607766389,60.0,3.573509693145752,-0.0,-6.786169137740218e-08,0.0,283.35400390625,284.5365905761719,288.9228210449219,289.824462890625,293.1499938964844,293.1499938964844,278.1499938964844,0.0,18000.0,313.1499938964844,0.0,18000.0,0.0,0.0,0.0,0.0,0.0,0.0,0.0,0.0,0.0,-0.0,-0.0,-0.0,-5.5419562194307814e-21,-2.7709781097153907e-21,-2.7709781097153907e-21,0.0,0.0,-0.0,0.0,0.0,0.0,-0.0,0.0,0.0,0.0,0.0,0.0,4.0,0.0,0.0
12172500,298.5580444335937,303.1499938964844,285.1499938964844,0.0,-0.0,285.0831298828125,0.0,0.0,9.347426384920254e-05,298.6036682128906,303.1499938964844,285.1499938964844,0.0,-0.0,285.0831298828125,0.0,0.0,9.843312727753072e-05,299.1661682128906,303.1499938964844,285.1499938964844,0.0,-0.0,285.08135986328125,0.0,0.0,7.270259811775759e-05,298.3931579589844,303.1499938964844,285.1499938964844,0.0,-0.0,285.08319091796875,0.0,0.0,9.84329089988023e-05,298.45660400390625,303.1499938964844,285.1499938964844,0.0,-0.0,285.0814514160156,0.0,0.0,0.0004669215995818,285.0437927246094,294.1499938964844,290.1200256347656,284.595703125,291.9652709960937,290.5334167480469,285.0488586425781,0.0,0.0,0.0,0.0,1.0,1.0,-0.0009960189927369,5.398479441254267e-09,0.0009960136376321,-0.0131955500692129,0.0,0.0,0.0,-0.0074890777468681,60.0,3.521790742874145,-0.0,-6.76384956932452e-08,0.0,283.35400390625,284.5365905761719,288.9228210449219,289.824462890625,293.1499938964844,293.1499938964844,278.1499938964844,0.0,18000.0,313.1499938964844,0.0,18000.0,0.0,0.0,0.0,0.0,0.0,0.0,0.0,0.0,0.0,-0.0,-0.0,-0.0,-5.5419562194307814e-21,-2.7709781097153907e-21,-2.7709781097153907e-21,0.0,0.0,-0.0,0.0,0.0,0.0,-0.0,0.0,0.0,0.0,0.0,0.0,4.0,0.0,0.0
12172560,298.55792236328125,303.1499938964844,285.1499938964844,0.0,-0.0,285.0823059082031,0.0,0.0,9.332495392300189e-05,298.5995788574219,303.1499938964844,285.1499938964844,0.0,-0.0,285.0823059082031,0.0,0.0,9.827589383348824e-05,299.1643371582031,303.1499938964844,285.1499938964844,0.0,-0.0,285.08056640625,0.0,0.0,7.258646655827761e-05,298.391845703125,303.1499938964844,285.1499938964844,0.0,-0.0,285.0823974609375,0.0,0.0,9.82756828307174e-05,298.4561767578125,303.1499938964844,285.1499938964844,0.0,-0.0,285.0806579589844,0.0,0.0,0.0004661758139263,285.0429992675781,294.1499938964844,290.0521240234375,284.57525634765625,291.948486328125,290.4879150390625,285.0505676269531,0.0,0.0,0.0,0.0,1.0,1.0,-0.0009944277117028,5.212406062327091e-09,0.0009944224730134,-0.0127080725505948,0.0,0.0,0.0,-0.0073968330398201,60.0,3.4693949222564697,-0.0,-6.742254043956565e-08,0.0,283.35400390625,284.5365905761719,288.9228210449219,289.824462890625,293.1499938964844,293.1499938964844,278.1499938964844,0.0,18000.0,313.1499938964844,0.0,18000.0,0.0,0.0,0.0,0.0,0.0,0.0,0.0,0.0,0.0,-0.0,-0.0,-0.0,-5.5419562194307814e-21,-2.7709781097153907e-21,-2.7709781097153907e-21,0.0,0.0,-0.0,0.0,0.0,0.0,-0.0,0.0,0.0,0.0,0.0,0.0,4.0,0.0,0.0
12172620,298.5579528808594,303.1499938964844,285.1499938964844,0.0,-0.0,285.0807189941406,0.0,0.0,9.304483683081344e-05,298.59100341796875,303.1499938964844,285.1499938964844,0.0,-0.0,285.08074951171875,0.0,0.0,9.7980911959894e-05,299.1605529785156,303.1499938964844,285.1499938964844,0.0,-0.0,285.0790100097656,0.0,0.0,7.236858800752088e-05,298.3891296386719,303.1499938964844,285.1499938964844,0.0,-0.0,285.080810546875,0.0,0.0,9.79807009571232e-05,298.4552001953125,303.1499938964844,285.1499938964844,0.0,-0.0,285.0791015625,0.0,0.0,0.0004647765599656,285.0414428710937,294.1499938964844,289.9130554199219,284.5332946777344,291.91363525390625,290.3954467773437,285.0539245605469,0.0,0.0,0.0,0.0,1.0,1.0,-0.0009914420079439,4.863303981750278e-09,0.0009914371185004,-0.0117934653535485,0.0,0.0,0.0,-0.0072237672284245,60.0,3.363255739212036,-0.0,-6.7018298466337e-08,0.0,283.35400390625,284.5365905761719,288.9228210449219,289.824462890625,293.1499938964844,293.1499938964844,278.1499938964844,0.0,18000.0,313.1499938964844,0.0,18000.0,0.0,0.0,0.0,0.0,0.0,0.0,0.0,0.0,0.0,-0.0,-0.0,-0.0,-5.5419562194307814e-21,-2.7709781097153907e-21,-2.7709781097153907e-21,0.0,0.0,-0.0,0.0,0.0,0.0,-0.0,0.0,0.0,0.0,0.0,0.0,4.0,0.0,0.0
12172680,298.5579528808594,303.1499938964844,285.1499938964844,0.0,-0.0,285.0807189941406,0.0,0.0,9.304483683081344e-05,298.59100341796875,303.1499938964844,285.1499938964844,0.0,-0.0,285.08074951171875,0.0,0.0,9.7980911959894e-05,299.1605529785156,303.1499938964844,285.1499938964844,0.0,-0.0,285.0790100097656,0.0,0.0,7.236858800752088e-05,298.3891296386719,303.1499938964844,285.1499938964844,0.0,-0.0,285.080810546875,0.0,0.0,9.79807009571232e-05,298.4552001953125,303.1499938964844,285.1499938964844,0.0,-0.0,285.0791015625,0.0,0.0,0.0004647765599656,285.0414428710937,294.1499938964844,289.9130554199219,284.5332946777344,291.91363525390625,290.3954467773437,285.0539245605469,0.0,0.0,0.0,0.0,1.0,1.0,-0.0009914420079439,4.863303981750278e-09,0.0009914371185004,-0.0117934653535485,0.0,0.0,0.0,-0.0072237672284245,60.0,3.363255739212036,-0.0,-6.7018298466337e-08,0.0,283.35400390625,284.5365905761719,288.9228210449219,289.824462890625,293.1499938964844,293.1499938964844,278.1499938964844,0.0,18000.0,313.1499938964844,0.0,18000.0,0.0,0.0,0.0,0.0,0.0,0.0,0.0,0.0,0.0,-0.0,-0.0,-0.0,-5.5419562194307814e-21,-2.7709781097153907e-21,-2.7709781097153907e-21,0.0,0.0,-0.0,0.0,0.0,0.0,-0.0,0.0,0.0,0.0,0.0,0.0,4.0,0.0,0.0
12172740,298.5584411621094,303.1499938964844,285.1499938964844,0.0,-0.0,285.0791931152344,0.0,0.0,9.28023728192784e-05,298.5819702148437,303.1499938964844,285.1499938964844,0.0,-0.0,285.0791931152344,0.0,0.0,9.772557677933946e-05,299.1566772460937,303.1499938964844,285.1499938964844,0.0,-0.0,285.0774841308594,0.0,0.0,7.217999518616125e-05,298.3861694335937,303.1499938964844,285.1499938964844,0.0,-0.0,285.07928466796875,0.0,0.0,9.772537305252628e-05,298.4541320800781,303.1499938964844,285.1499938964844,0.0,-0.0,285.0775756835937,0.0,0.0,0.000463565433165,285.0399169921875,294.1499938964844,289.7700500488281,284.4898986816406,291.8770446777344,290.3011169433594,285.0572509765625,0.0,0.0,0.0,0.0,1.0,1.0,-0.0009888575877994,4.561122146640173e-09,0.0009888530476018,-0.0110017601400613,0.0,0.0,0.0,-0.0070739616639912,60.0,3.255939483642578,-0.0,-6.66693722450873e-08,0.0,283.35400390625,284.5365905761719,288.9228210449219,289.824462890625,293.1499938964844,293.1499938964844,278.1499938964844,0.0,18000.0,313.1499938964844,0.0,18000.0,0.0,0.0,0.0,0.0,0.0,0.0,0.0,0.0,0.0,-0.0,-0.0,-0.0,-5.5419562194307814e-21,-2.7709781097153907e-21,-2.7709781097153907e-21,0.0,0.0,-0.0,0.0,0.0,0.0,-0.0,0.0,0.0,0.0,0.0,0.0,4.0,0.0,0.0
12172800,298.5584411621094,303.1499938964844,285.1499938964844,0.0,-0.0,285.0791931152344,0.0,0.0,9.28023728192784e-05,298.5819702148437,303.1499938964844,285.1499938964844,0.0,-0.0,285.0791931152344,0.0,0.0,9.772557677933946e-05,299.1566772460937,303.1499938964844,285.1499938964844,0.0,-0.0,285.0774841308594,0.0,0.0,7.217999518616125e-05,298.3861694335937,303.1499938964844,285.1499938964844,0.0,-0.0,285.07928466796875,0.0,0.0,9.772537305252628e-05,298.4541320800781,303.1499938964844,285.1499938964844,0.0,-0.0,285.0775756835937,0.0,0.0,0.000463565433165,285.0399169921875,294.1499938964844,289.7700500488281,284.4898986816406,291.8770446777344,290.3011169433594,285.0572509765625,0.0,0.0,0.0,0.0,1.0,1.0,-0.0009888575877994,4.561122146640173e-09,0.0009888530476018,-0.0110017601400613,0.0,0.0,0.0,-0.0070739616639912,60.0,3.255939483642578,-0.0,-6.66693722450873e-08,0.0,283.35400390625,284.5365905761719,288.9228210449219,289.824462890625,293.1499938964844,293.1499938964844,278.1499938964844,0.0,18000.0,313.1499938964844,0.0,18000.0,0.0,0.0,0.0,0.0,0.0,0.0,0.0,0.0,0.0,-0.0,-0.0,-0.0,-5.5419562194307814e-21,-2.7709781097153907e-21,-2.7709781097153907e-21,0.0,0.0,-0.0,0.0,0.0,0.0,-0.0,0.0,0.0,0.0,0.0,0.0,4.0,0.0,0.0
12172860,298.55938720703125,303.1499938964844,285.1499938964844,0.0,-0.0,285.07769775390625,0.0,0.0,9.261145896743984e-05,298.5726013183594,303.1499938964844,285.1499938964844,0.0,-0.0,285.07769775390625,0.0,0.0,9.752454207045956e-05,299.1526794433594,303.1499938964844,285.1499938964844,0.0,-0.0,285.0760192871094,0.0,0.0,7.2031507443171e-05,298.383056640625,303.1499938964844,285.1499938964844,0.0,-0.0,285.0777587890625,0.0,0.0,9.752433834364638e-05,298.4529724121094,303.1499938964844,285.1499938964844,0.0,-0.0,285.0761108398437,0.0,0.0,0.0004626118170563,285.0384826660156,294.1499938964844,289.623779296875,284.4449768066406,291.838623046875,290.20458984375,285.0605163574219,0.0,0.0,0.0,0.0,1.0,1.0,-0.0009868224151432,4.323175151199621e-09,0.0009868181077763,-0.0103783337399363,0.0,0.0,0.0,-0.0069560003466904,60.0,3.148238182067871,-0.0,-6.639525906848577e-08,0.0,283.35400390625,284.5365905761719,288.9228210449219,289.824462890625,293.1499938964844,293.1499938964844,278.1499938964844,0.0,18000.0,313.1499938964844,0.0,18000.0,0.0,0.0,0.0,0.0,0.0,0.0,0.0,0.0,0.0,-0.0,-0.0,-0.0,-5.5419562194307814e-21,-2.7709781097153907e-21,-2.7709781097153907e-21,0.0,0.0,-0.0,0.0,0.0,0.0,-0.0,0.0,0.0,0.0,0.0,0.0,4.0,0.0,0.0
12172920,298.55938720703125,303.1499938964844,285.1499938964844,0.0,-0.0,285.07769775390625,0.0,0.0,9.261145896743984e-05,298.5726013183594,303.1499938964844,285.1499938964844,0.0,-0.0,285.07769775390625,0.0,0.0,9.752454207045956e-05,299.1526794433594,303.1499938964844,285.1499938964844,0.0,-0.0,285.0760192871094,0.0,0.0,7.2031507443171e-05,298.383056640625,303.1499938964844,285.1499938964844,0.0,-0.0,285.0777587890625,0.0,0.0,9.752433834364638e-05,298.4529724121094,303.1499938964844,285.1499938964844,0.0,-0.0,285.0761108398437,0.0,0.0,0.0004626118170563,285.0384826660156,294.1499938964844,289.623779296875,284.4449768066406,291.838623046875,290.20458984375,285.0605163574219,0.0,0.0,0.0,0.0,1.0,1.0,-0.0009868224151432,4.323175151199621e-09,0.0009868181077763,-0.0103783337399363,0.0,0.0,0.0,-0.0069560003466904,60.0,3.148238182067871,-0.0,-6.639525906848577e-08,0.0,283.35400390625,284.5365905761719,288.9228210449219,289.824462890625,293.1499938964844,293.1499938964844,278.1499938964844,0.0,18000.0,313.1499938964844,0.0,18000.0,0.0,0.0,0.0,0.0,0.0,0.0,0.0,0.0,0.0,-0.0,-0.0,-0.0,-5.5419562194307814e-21,-2.7709781097153907e-21,-2.7709781097153907e-21,0.0,0.0,-0.0,0.0,0.0,0.0,-0.0,0.0,0.0,0.0,0.0,0.0,4.0,0.0,0.0
12172980,298.560791015625,303.1499938964844,285.1499938964844,0.0,-0.0,285.07623291015625,0.0,0.0,9.248137212125584e-05,298.56304931640625,303.1499938964844,285.1499938964844,0.0,-0.0,285.07623291015625,0.0,0.0,9.738754306454211e-05,299.1485290527344,303.1499938964844,285.1499938964844,0.0,-0.0,285.0745849609375,0.0,0.0,7.193032070063055e-05,298.37969970703125,303.1499938964844,285.1499938964844,0.0,-0.0,285.0763244628906,0.0,0.0,9.738734661368652e-05,298.4516906738281,303.1499938964844,285.1499938964844,0.0,-0.0,285.0746765136719,0.0,0.0,0.0004619620158337,285.0370788574219,294.1499938964844,289.474853515625,284.39862060546875,291.79833984375,290.1048889160156,285.0637512207031,0.0,0.0,0.0,0.0,1.0,1.0,-0.000985435442999,4.161011091241562e-09,0.0009854312520474,-0.0099534541368484,0.0,0.0,0.0,-0.0068756071850657,60.0,3.0408270359039307,-0.0,-6.620877002205816e-08,0.0,283.35400390625,284.5365905761719,288.9228210449219,289.824462890625,293.1499938964844,293.1499938964844,278.1499938964844,0.0,18000.0,313.1499938964844,0.0,18000.0,0.0,0.0,0.0,0.0,0.0,0.0,0.0,0.0,0.0,-0.0,-0.0,-0.0,-5.5419562194307814e-21,-2.7709781097153907e-21,-2.7709781097153907e-21,0.0,0.0,-0.0,0.0,0.0,0.0,-0.0,0.0,0.0,0.0,0.0,0.0,4.0,0.0,0.0
12173040,298.560791015625,303.1499938964844,285.1499938964844,0.0,-0.0,285.07623291015625,0.0,0.0,9.248137212125584e-05,298.56304931640625,303.1499938964844,285.1499938964844,0.0,-0.0,285.07623291015625,0.0,0.0,9.738754306454211e-05,299.1485290527344,303.1499938964844,285.1499938964844,0.0,-0.0,285.0745849609375,0.0,0.0,7.193032070063055e-05,298.37969970703125,303.1499938964844,285.1499938964844,0.0,-0.0,285.0763244628906,0.0,0.0,9.738734661368652e-05,298.4516906738281,303.1499938964844,285.1499938964844,0.0,-0.0,285.0746765136719,0.0,0.0,0.0004619620158337,285.0370788574219,294.1499938964844,289.474853515625,284.39862060546875,291.79833984375,290.1048889160156,285.0637512207031,0.0,0.0,0.0,0.0,1.0,1.0,-0.000985435442999,4.161011091241562e-09,0.0009854312520474,-0.0099534541368484,0.0,0.0,0.0,-0.0068756071850657,60.0,3.0408270359039307,-0.0,-6.620877002205816e-08,0.0,283.35400390625,284.5365905761719,288.9228210449219,289.824462890625,293.1499938964844,293.1499938964844,278.1499938964844,0.0,18000.0,313.1499938964844,0.0,18000.0,0.0,0.0,0.0,0.0,0.0,0.0,0.0,0.0,0.0,-0.0,-0.0,-0.0,-5.5419562194307814e-21,-2.7709781097153907e-21,-2.7709781097153907e-21,0.0,0.0,-0.0,0.0,0.0,0.0,-0.0,0.0,0.0,0.0,0.0,0.0,4.0,0.0,0.0
12173100,298.5616455078125,303.1499938964844,285.1499938964844,0.0,-0.0,285.07550048828125,0.0,0.0,9.243864769814536e-05,298.5582580566406,303.1499938964844,285.1499938964844,0.0,-0.0,285.0755310058594,0.0,0.0,9.734255581861362e-05,299.1464233398437,303.1499938964844,285.1499938964844,0.0,-0.0,285.0738830566406,0.0,0.0,7.189709140220657e-05,298.3779602050781,303.1499938964844,285.1499938964844,0.0,-0.0,285.0755920410156,0.0,0.0,9.734235209180042e-05,298.4510192871094,303.1499938964844,285.1499938964844,0.0,-0.0,285.0739440917969,0.0,0.0,0.0004617486265487,285.0364074707031,294.1499938964844,289.39959716796875,284.3749084472656,291.7775573730469,290.0536499023437,285.0653381347656,0.0,0.0,0.0,0.0,1.0,1.0,-0.000984979677014,4.107739037806368e-09,0.0009849756024777,-0.0098138758912682,0.0,0.0,0.0,-0.0068491976708173,60.0,2.9873576164245605,-0.0,-6.61475638707998e-08,0.0,283.35400390625,284.5365905761719,288.9228210449219,289.824462890625,293.1499938964844,293.1499938964844,278.1499938964844,0.0,18000.0,313.1499938964844,0.0,18000.0,0.0,0.0,0.0,0.0,0.0,0.0,0.0,0.0,0.0,-0.0,-0.0,-0.0,-5.5419562194307814e-21,-2.7709781097153907e-21,-2.7709781097153907e-21,0.0,0.0,-0.0,0.0,0.0,0.0,-0.0,0.0,0.0,0.0,0.0,0.0,4.0,0.0,0.0
12173160,298.5625915527344,303.1499938964844,285.1499938964844,0.0,-0.0,285.0747985839844,0.0,0.0,9.24144042073749e-05,298.553466796875,303.1499938964844,285.1499938964844,0.0,-0.0,285.0747985839844,0.0,0.0,9.731703175930306e-05,299.144287109375,303.1499938964844,285.1499938964844,0.0,-0.0,285.0731811523437,0.0,0.0,7.18782321200706e-05,298.37615966796875,303.1499938964844,285.1499938964844,0.0,-0.0,285.07489013671875,0.0,0.0,9.731682803248988e-05,298.4502868652344,303.1499938964844,285.1499938964844,0.0,-0.0,285.0732727050781,0.0,0.0,0.000461627554614,285.0357360839844,294.1499938964844,289.32391357421875,284.350830078125,291.7563171386719,290.00115966796875,285.0669250488281,0.0,0.0,0.0,0.0,1.0,1.0,-0.0009847208857536,4.077498783061628e-09,0.0009847168112173,-0.0097346436232328,0.0,0.0,0.0,-0.0068342052400112,60.0,2.934122562408448,-0.0,-6.611283254187583e-08,0.0,283.35400390625,284.5365905761719,288.9228210449219,289.824462890625,293.1499938964844,293.1499938964844,278.1499938964844,0.0,18000.0,313.1499938964844,0.0,18000.0,0.0,0.0,0.0,0.0,0.0,0.0,0.0,0.0,0.0,-0.0,-0.0,-0.0,-5.5419562194307814e-21,-2.7709781097153907e-21,-2.7709781097153907e-21,0.0,0.0,-0.0,0.0,0.0,0.0,-0.0,0.0,0.0,0.0,0.0,0.0,4.0,0.0,0.0
12173220,298.5648193359375,303.1499938964844,285.1499938964844,0.0,-0.0,285.07342529296875,0.0,0.0,9.241131192538889e-05,298.5439147949219,303.1499938964844,285.1499938964844,0.0,-0.0,285.07342529296875,0.0,0.0,9.73137648543343e-05,299.13995361328125,303.1499938964844,285.1499938964844,0.0,-0.0,285.0718078613281,0.0,0.0,7.18758165021427e-05,298.3724670410156,303.1499938964844,285.1499938964844,0.0,-0.0,285.073486328125,0.0,0.0,9.731356840347873e-05,298.4487609863281,303.1499938964844,285.1499938964844,0.0,-0.0,285.0718994140625,0.0,0.0,0.0004616121004801,285.034423828125,294.1499938964844,289.17156982421875,284.3016357421875,291.71246337890625,289.89178466796875,285.0700378417969,0.0,0.0,0.0,0.0,1.0,1.0,-0.0009846870088949,4.073559711770258e-09,0.0009846829343587,-0.0097243236377835,0.0,0.0,0.0,-0.0068322517909109,60.0,2.8284382820129395,-0.0,-6.610830638464904e-08,0.0,283.35400390625,284.5365905761719,288.9228210449219,289.824462890625,293.1499938964844,293.1499938964844,278.1499938964844,0.0,18000.0,313.1499938964844,0.0,18000.0,0.0,0.0,0.0,0.0,0.0,0.0,0.0,0.0,0.0,-0.0,-0.0,-0.0,-5.5419562194307814e-21,-2.7709781097153907e-21,-2.7709781097153907e-21,0.0,0.0,-0.0,0.0,0.0,0.0,-0.0,0.0,0.0,0.0,0.0,0.0,4.0,0.0,0.0
12173280,298.5648193359375,303.1499938964844,285.1499938964844,0.0,-0.0,285.07342529296875,0.0,0.0,9.241131192538889e-05,298.5439147949219,303.1499938964844,285.1499938964844,0.0,-0.0,285.07342529296875,0.0,0.0,9.73137648543343e-05,299.13995361328125,303.1499938964844,285.1499938964844,0.0,-0.0,285.0718078613281,0.0,0.0,7.18758165021427e-05,298.3724670410156,303.1499938964844,285.1499938964844,0.0,-0.0,285.073486328125,0.0,0.0,9.731356840347873e-05,298.4487609863281,303.1499938964844,285.1499938964844,0.0,-0.0,285.0718994140625,0.0,0.0,0.0004616121004801,285.034423828125,294.1499938964844,289.17156982421875,284.3016357421875,291.71246337890625,289.89178466796875,285.0700378417969,0.0,0.0,0.0,0.0,1.0,1.0,-0.0009846870088949,4.073559711770258e-09,0.0009846829343587,-0.0097243236377835,0.0,0.0,0.0,-0.0068322517909109,60.0,2.8284382820129395,-0.0,-6.610830638464904e-08,0.0,283.35400390625,284.5365905761719,288.9228210449219,289.824462890625,293.1499938964844,293.1499938964844,278.1499938964844,0.0,18000.0,313.1499938964844,0.0,18000.0,0.0,0.0,0.0,0.0,0.0,0.0,0.0,0.0,0.0,-0.0,-0.0,-0.0,-5.5419562194307814e-21,-2.7709781097153907e-21,-2.7709781097153907e-21,0.0,0.0,-0.0,0.0,0.0,0.0,-0.0,0.0,0.0,0.0,0.0,0.0,4.0,0.0,0.0
12173340,298.5674133300781,303.1499938964844,285.1499938964844,0.0,-0.0,285.0720520019531,0.0,0.0,9.246048284694552e-05,298.5345764160156,303.1499938964844,285.1499938964844,0.0,-0.0,285.07208251953125,0.0,0.0,9.736554056871682e-05,299.1354675292969,303.1499938964844,285.1499938964844,0.0,-0.0,285.0704650878906,0.0,0.0,7.191405893536285e-05,298.3685607910156,303.1499938964844,285.1499938964844,0.0,-0.0,285.0721435546875,0.0,0.0,9.736534411786124e-05,298.44708251953125,303.1499938964844,285.1499938964844,0.0,-0.0,285.070556640625,0.0,0.0,0.0004618577077053,285.033203125,294.1499938964844,289.0184020996094,284.2511291503906,291.66656494140625,289.7745666503906,285.0730895996094,0.0,0.0,0.0,0.0,1.0,1.0,-0.0009852101793512,4.134743658568141e-09,0.000985206104815,-0.0098846303299069,0.0,0.0,0.0,-0.0068625826388597,60.0,2.723870277404785,-0.0,-6.617858616664307e-08,0.0,283.35400390625,284.5365905761719,288.9228210449219,289.824462890625,293.1499938964844,293.1499938964844,278.1499938964844,0.0,18000.0,313.1499938964844,0.0,18000.0,0.0,0.0,0.0,0.0,0.0,0.0,0.0,0.0,0.0,-0.0,-0.0,-0.0,-5.5419562194307814e-21,-2.7709781097153907e-21,-2.7709781097153907e-21,0.0,0.0,-0.0,0.0,0.0,0.0,-0.0,0.0,0.0,0.0,0.0,0.0,4.0,0.0,0.0
12173400,298.5674133300781,303.1499938964844,285.1499938964844,0.0,-0.0,285.0720520019531,0.0,0.0,9.246048284694552e-05,298.5345764160156,303.1499938964844,285.1499938964844,0.0,-0.0,285.07208251953125,0.0,0.0,9.736554056871682e-05,299.1354675292969,303.1499938964844,285.1499938964844,0.0,-0.0,285.0704650878906,0.0,0.0,7.191405893536285e-05,298.3685607910156,303.1499938964844,285.1499938964844,0.0,-0.0,285.0721435546875,0.0,0.0,9.736534411786124e-05,298.44708251953125,303.1499938964844,285.1499938964844,0.0,-0.0,285.070556640625,0.0,0.0,0.0004618577077053,285.033203125,294.1499938964844,289.0184020996094,284.2511291503906,291.66656494140625,289.7745666503906,285.0730895996094,0.0,0.0,0.0,0.0,1.0,1.0,-0.0009852101793512,4.134743658568141e-09,0.000985206104815,-0.0098846303299069,0.0,0.0,0.0,-0.0068625826388597,60.0,2.723870277404785,-0.0,-6.617858616664307e-08,0.0,283.35400390625,284.5365905761719,288.9228210449219,289.824462890625,293.1499938964844,293.1499938964844,278.1499938964844,0.0,18000.0,313.1499938964844,0.0,18000.0,0.0,0.0,0.0,0.0,0.0,0.0,0.0,0.0,0.0,-0.0,-0.0,-0.0,-5.5419562194307814e-21,-2.7709781097153907e-21,-2.7709781097153907e-21,0.0,0.0,-0.0,0.0,0.0,0.0,-0.0,0.0,0.0,0.0,0.0,0.0,4.0,0.0,0.0
12173460,298.5703125,303.1499938964844,285.1499938964844,0.0,-0.0,285.0707397460937,0.0,0.0,9.254389442503452e-05,298.52545166015625,303.1499938964844,285.1499938964844,0.0,-0.0,285.0707397460937,0.0,0.0,9.745337592903525e-05,299.130859375,303.1499938964844,285.1499938964844,0.0,-0.0,285.0691833496094,0.0,0.0,7.19789313734509e-05,298.3645324707031,303.1499938964844,285.1499938964844,0.0,-0.0,285.0708312988281,0.0,0.0,9.745318675413728e-05,298.4453125,303.1499938964844,285.1499938964844,0.0,-0.0,285.0692443847656,0.0,0.0,0.0004622743872459,285.031982421875,294.1499938964844,288.8651123046875,284.19940185546875,291.61883544921875,289.64947509765625,285.0760803222656,0.0,0.0,0.0,0.0,1.0,1.0,-0.0009860983118414,4.238592143934738e-09,0.0009860940044745,-0.0101567218080163,0.0,0.0,0.0,-0.0069140642881393,60.0,2.620150327682495,-0.0,-6.629795734625078e-08,0.0,283.35400390625,284.5365905761719,288.9228210449219,289.824462890625,293.1499938964844,293.1499938964844,278.1499938964844,0.0,18000.0,313.1499938964844,0.0,18000.0,0.0,0.0,0.0,0.0,0.0,0.0,0.0,0.0,0.0,-0.0,-0.0,-0.0,-5.5419562194307814e-21,-2.7709781097153907e-21,-2.7709781097153907e-21,0.0,0.0,-0.0,0.0,0.0,0.0,-0.0,0.0,0.0,0.0,0.0,0.0,4.0,0.0,0.0
12173520,298.5703125,303.1499938964844,285.1499938964844,0.0,-0.0,285.0707397460937,0.0,0.0,9.254389442503452e-05,298.52545166015625,303.1499938964844,285.1499938964844,0.0,-0.0,285.0707397460937,0.0,0.0,9.745337592903525e-05,299.130859375,303.1499938964844,285.1499938964844,0.0,-0.0,285.0691833496094,0.0,0.0,7.19789313734509e-05,298.3645324707031,303.1499938964844,285.1499938964844,0.0,-0.0,285.0708312988281,0.0,0.0,9.745318675413728e-05,298.4453125,303.1499938964844,285.1499938964844,0.0,-0.0,285.0692443847656,0.0,0.0,0.0004622743872459,285.031982421875,294.1499938964844,288.8651123046875,284.19940185546875,291.61883544921875,289.64947509765625,285.0760803222656,0.0,0.0,0.0,0.0,1.0,1.0,-0.0009860983118414,4.238592143934738e-09,0.0009860940044745,-0.0101567218080163,0.0,0.0,0.0,-0.0069140642881393,60.0,2.620150327682495,-0.0,-6.629795734625078e-08,0.0,283.35400390625,284.5365905761719,288.9228210449219,289.824462890625,293.1499938964844,293.1499938964844,278.1499938964844,0.0,18000.0,313.1499938964844,0.0,18000.0,0.0,0.0,0.0,0.0,0.0,0.0,0.0,0.0,0.0,-0.0,-0.0,-0.0,-5.5419562194307814e-21,-2.7709781097153907e-21,-2.7709781097153907e-21,0.0,0.0,-0.0,0.0,0.0,0.0,-0.0,0.0,0.0,0.0,0.0,0.0,4.0,0.0,0.0
12173580,298.57342529296875,303.1499938964844,285.1499938964844,0.0,-0.0,285.0694580078125,0.0,0.0,9.263918764190748e-05,298.51666259765625,303.1499938964844,285.1499938964844,0.0,-0.0,285.0694580078125,0.0,0.0,9.755372593645006e-05,299.1261901855469,303.1499938964844,285.1499938964844,0.0,-0.0,285.0679016113281,0.0,0.0,7.205304427770898e-05,298.36041259765625,303.1499938964844,285.1499938964844,0.0,-0.0,285.0695495605469,0.0,0.0,9.75535367615521e-05,298.4434814453125,303.1499938964844,285.1499938964844,0.0,-0.0,285.0679931640625,0.0,0.0,0.0004627504386007,285.0308532714844,294.1499938964844,288.7122497558594,284.1465759277344,291.5692443847656,289.5164794921875,285.0790100097656,0.0,0.0,0.0,0.0,1.0,1.0,-0.0009871129877865,4.357248784003786e-09,0.0009871086804196,-0.0104676093906164,0.0,0.0,0.0,-0.0069728880189359,60.0,2.5170657634735107,-0.0,-6.643448102749971e-08,0.0,283.35400390625,284.5365905761719,288.9228210449219,289.824462890625,293.1499938964844,293.1499938964844,278.1499938964844,0.0,18000.0,313.1499938964844,0.0,18000.0,0.0,0.0,0.0,0.0,0.0,0.0,0.0,0.0,0.0,-0.0,-0.0,-0.0,-5.5419562194307814e-21,-2.7709781097153907e-21,-2.7709781097153907e-21,0.0,0.0,-0.0,0.0,0.0,0.0,-0.0,0.0,0.0,0.0,0.0,0.0,4.0,0.0,0.0
12173640,298.57342529296875,303.1499938964844,285.1499938964844,0.0,-0.0,285.0694580078125,0.0,0.0,9.263918764190748e-05,298.51666259765625,303.1499938964844,285.1499938964844,0.0,-0.0,285.0694580078125,0.0,0.0,9.755372593645006e-05,299.1261901855469,303.1499938964844,285.1499938964844,0.0,-0.0,285.0679016113281,0.0,0.0,7.205304427770898e-05,298.36041259765625,303.1499938964844,285.1499938964844,0.0,-0.0,285.0695495605469,0.0,0.0,9.75535367615521e-05,298.4434814453125,303.1499938964844,285.1499938964844,0.0,-0.0,285.0679931640625,0.0,0.0,0.0004627504386007,285.0308532714844,294.1499938964844,288.7122497558594,284.1465759277344,291.5692443847656,289.5164794921875,285.0790100097656,0.0,0.0,0.0,0.0,1.0,1.0,-0.0009871129877865,4.357248784003786e-09,0.0009871086804196,-0.0104676093906164,0.0,0.0,0.0,-0.0069728880189359,60.0,2.5170657634735107,-0.0,-6.643448102749971e-08,0.0,283.35400390625,284.5365905761719,288.9228210449219,289.824462890625,293.1499938964844,293.1499938964844,278.1499938964844,0.0,18000.0,313.1499938964844,0.0,18000.0,0.0,0.0,0.0,0.0,0.0,0.0,0.0,0.0,0.0,-0.0,-0.0,-0.0,-5.5419562194307814e-21,-2.7709781097153907e-21,-2.7709781097153907e-21,0.0,0.0,-0.0,0.0,0.0,0.0,-0.0,0.0,0.0,0.0,0.0,0.0,4.0,0.0,0.0
12173700,298.5750427246094,303.1499938964844,285.1499938964844,0.0,-0.0,285.06884765625,0.0,0.0,9.268353460356592e-05,298.5124206542969,303.1499938964844,285.1499938964844,0.0,-0.0,285.06884765625,0.0,0.0,9.76004230324179e-05,299.1238098144531,303.1499938964844,285.1499938964844,0.0,-0.0,285.0672912597656,0.0,0.0,7.208753959275782e-05,298.3583374023437,303.1499938964844,285.1499938964844,0.0,-0.0,285.06890869140625,0.0,0.0,9.760023385751992e-05,298.4425354003906,303.1499938964844,285.1499938964844,0.0,-0.0,285.0673828125,0.0,0.0,0.0004629719769582,285.0303039550781,294.1499938964844,288.6361999511719,284.1197814941406,291.543701171875,289.4471130371094,285.0804443359375,0.0,0.0,0.0,0.0,1.0,1.0,-0.0009875852847471,4.412464615910494e-09,0.0009875808609649,-0.0106122763827443,0.0,0.0,0.0,-0.0070002609863877,60.0,2.4656858444213867,-0.0,-6.649805328606817e-08,0.0,283.35400390625,284.5365905761719,288.9228210449219,289.824462890625,293.1499938964844,293.1499938964844,278.1499938964844,0.0,18000.0,313.1499938964844,0.0,18000.0,0.0,0.0,0.0,0.0,0.0,0.0,0.0,0.0,0.0,-0.0,-0.0,-0.0,-5.5419562194307814e-21,-2.7709781097153907e-21,-2.7709781097153907e-21,0.0,0.0,-0.0,0.0,0.0,0.0,-0.0,0.0,0.0,0.0,0.0,0.0,4.0,0.0,0.0
12173760,298.5766906738281,303.1499938964844,285.1499938964844,0.0,-0.0,285.0682067871094,0.0,0.0,9.272237366531044e-05,298.50830078125,303.1499938964844,285.1499938964844,0.0,-0.0,285.0682373046875,0.0,0.0,9.76413139142096e-05,299.1214599609375,303.1499938964844,285.1499938964844,0.0,-0.0,285.0666809082031,0.0,0.0,7.21177420928143e-05,298.3562316894531,303.1499938964844,285.1499938964844,0.0,-0.0,285.0682983398437,0.0,0.0,9.764113201526924e-05,298.4416198730469,303.1499938964844,285.1499938964844,0.0,-0.0,285.0667724609375,0.0,0.0,0.000463165983092,285.0297546386719,294.1499938964844,288.5604858398437,284.0927734375,291.5177307128906,289.3764343261719,285.0818786621094,0.0,0.0,0.0,0.0,1.0,1.0,-0.0009879987919703,4.46081260818687e-09,0.000987994368188,-0.0107389483600854,0.0,0.0,0.0,-0.007024229504168,60.0,2.4143667221069336,-0.0,-6.65537527311244e-08,0.0,283.35400390625,284.5365905761719,288.9228210449219,289.824462890625,293.1499938964844,293.1499938964844,278.1499938964844,0.0,18000.0,313.1499938964844,0.0,18000.0,0.0,0.0,0.0,0.0,0.0,0.0,0.0,0.0,0.0,-0.0,-0.0,-0.0,-5.5419562194307814e-21,-2.7709781097153907e-21,-2.7709781097153907e-21,0.0,0.0,-0.0,0.0,0.0,0.0,-0.0,0.0,0.0,0.0,0.0,0.0,4.0,0.0,0.0
12173820,298.57916259765625,303.1499938964844,285.1499938964844,0.0,-0.0,285.0670166015625,0.0,0.0,9.277489880332725e-05,298.5003967285156,303.1499938964844,285.1499938964844,0.0,-0.0,285.0670166015625,0.0,0.0,9.769662574399264e-05,299.1166687011719,303.1499938964844,285.1499938964844,0.0,-0.0,285.06549072265625,0.0,0.0,7.215858931886032e-05,298.35205078125,303.1499938964844,285.1499938964844,0.0,-0.0,285.06707763671875,0.0,0.0,9.769644384505229e-05,298.43975830078125,303.1499938964844,285.1499938964844,0.0,-0.0,285.0655822753906,0.0,0.0,0.0004634283832274,285.0286865234375,294.1499938964844,288.4104309082031,284.0381774902344,291.46453857421875,289.23211669921875,285.0846862792969,0.0,0.0,0.0,0.0,1.0,1.0,-0.0009885580511763,4.5261825398768e-09,0.0009885535109788,-0.0109102185815572,0.0,0.0,0.0,-0.0070566367357969,60.0,2.311909437179565,-0.0,-6.662909157739706e-08,0.0,283.35400390625,284.5365905761719,288.9228210449219,289.824462890625,293.1499938964844,293.1499938964844,278.1499938964844,0.0,18000.0,313.1499938964844,0.0,18000.0,0.0,0.0,0.0,0.0,0.0,0.0,0.0,0.0,0.0,-0.0,-0.0,-0.0,-5.5419562194307814e-21,-2.7709781097153907e-21,-2.7709781097153907e-21,0.0,0.0,-0.0,0.0,0.0,0.0,-0.0,0.0,0.0,0.0,0.0,0.0,4.0,0.0,0.0
12173880,298.57916259765625,303.1499938964844,285.1499938964844,0.0,-0.0,285.0670166015625,0.0,0.0,9.277489880332725e-05,298.5003967285156,303.1499938964844,285.1499938964844,0.0,-0.0,285.0670166015625,0.0,0.0,9.769662574399264e-05,299.1166687011719,303.1499938964844,285.1499938964844,0.0,-0.0,285.06549072265625,0.0,0.0,7.215858931886032e-05,298.35205078125,303.1499938964844,285.1499938964844,0.0,-0.0,285.06707763671875,0.0,0.0,9.769644384505229e-05,298.43975830078125,303.1499938964844,285.1499938964844,0.0,-0.0,285.0655822753906,0.0,0.0,0.0004634283832274,285.0286865234375,294.1499938964844,288.4104309082031,284.0381774902344,291.46453857421875,289.23211669921875,285.0846862792969,0.0,0.0,0.0,0.0,1.0,1.0,-0.0009885580511763,4.5261825398768e-09,0.0009885535109788,-0.0109102185815572,0.0,0.0,0.0,-0.0070566367357969,60.0,2.311909437179565,-0.0,-6.662909157739706e-08,0.0,283.35400390625,284.5365905761719,288.9228210449219,289.824462890625,293.1499938964844,293.1499938964844,278.1499938964844,0.0,18000.0,313.1499938964844,0.0,18000.0,0.0,0.0,0.0,0.0,0.0,0.0,0.0,0.0,0.0,-0.0,-0.0,-0.0,-5.5419562194307814e-21,-2.7709781097153907e-21,-2.7709781097153907e-21,0.0,0.0,-0.0,0.0,0.0,0.0,-0.0,0.0,0.0,0.0,0.0,0.0,4.0,0.0,0.0
12173940,298.5787353515625,303.1499938964844,285.1499938964844,0.0,-0.0,285.0658264160156,0.0,0.0,9.27864239201881e-05,298.4930114746094,303.1499938964844,285.1499938964844,0.0,-0.0,285.0658264160156,0.0,0.0,9.770876204129308e-05,299.11187744140625,303.1499938964844,285.1499938964844,0.0,-0.0,285.0643310546875,0.0,0.0,7.2167553298641e-05,298.3478698730469,303.1499938964844,285.1499938964844,0.0,-0.0,285.06591796875,0.0,0.0,9.770858014235272e-05,298.4378967285156,303.1499938964844,285.1499938964844,0.0,-0.0,285.0644226074219,0.0,0.0,0.0004634859797079,285.0276794433594,294.1499938964844,288.2626953125,283.98291015625,291.4096374511719,289.0858154296875,285.08746337890625,0.0,0.0,0.0,0.0,1.0,1.0,-0.0009886802872642,4.540468445668466e-09,0.0009886757470667,-0.0109476475045084,0.0,0.0,0.0,-0.0070637194439768,60.0,2.209859132766724,-0.0,-6.664556195801198e-08,0.0,283.35400390625,284.5365905761719,288.9228210449219,289.824462890625,293.1499938964844,293.1499938964844,278.1499938964844,0.0,18000.0,313.1499938964844,0.0,18000.0,0.0,0.0,0.0,0.0,0.0,0.0,0.0,0.0,0.0,-0.0,-0.0,-0.0,-5.5419562194307814e-21,-2.7709781097153907e-21,-2.7709781097153907e-21,0.0,0.0,-0.0,0.0,0.0,0.0,-0.0,0.0,0.0,0.0,0.0,0.0,4.0,0.0,0.0
12174000,298.5787353515625,303.1499938964844,285.1499938964844,0.0,-0.0,285.0658264160156,0.0,0.0,9.27864239201881e-05,298.4930114746094,303.1499938964844,285.1499938964844,0.0,-0.0,285.0658264160156,0.0,0.0,9.770876204129308e-05,299.11187744140625,303.1499938964844,285.1499938964844,0.0,-0.0,285.0643310546875,0.0,0.0,7.2167553298641e-05,298.3478698730469,303.1499938964844,285.1499938964844,0.0,-0.0,285.06591796875,0.0,0.0,9.770858014235272e-05,298.4378967285156,303.1499938964844,285.1499938964844,0.0,-0.0,285.0644226074219,0.0,0.0,0.0004634859797079,285.0276794433594,294.1499938964844,288.2626953125,283.98291015625,291.4096374511719,289.0858154296875,285.08746337890625,0.0,0.0,0.0,0.0,1.0,1.0,-0.0009886802872642,4.540468445668466e-09,0.0009886757470667,-0.0109476475045084,0.0,0.0,0.0,-0.0070637194439768,60.0,2.209859132766724,-0.0,-6.664556195801198e-08,0.0,283.35400390625,284.5365905761719,288.9228210449219,289.824462890625,293.1499938964844,293.1499938964844,278.1499938964844,0.0,18000.0,313.1499938964844,0.0,18000.0,0.0,0.0,0.0,0.0,0.0,0.0,0.0,0.0,0.0,-0.0,-0.0,-0.0,-5.5419562194307814e-21,-2.7709781097153907e-21,-2.7709781097153907e-21,0.0,0.0,-0.0,0.0,0.0,0.0,-0.0,0.0,0.0,0.0,0.0,0.0,4.0,0.0,0.0
12174060,298.57647705078125,303.1499938964844,285.1499938964844,0.0,-0.0,285.064697265625,0.0,0.0,9.27578439586796e-05,298.4862365722656,303.1499938964844,285.1499938964844,0.0,-0.0,285.064697265625,0.0,0.0,9.76786614046432e-05,299.1070556640625,303.1499938964844,285.1499938964844,0.0,-0.0,285.0632019042969,0.0,0.0,7.214531797217205e-05,298.3437194824219,303.1499938964844,285.1499938964844,0.0,-0.0,285.06475830078125,0.0,0.0,9.767848678166048e-05,298.4360046386719,303.1499938964844,285.1499938964844,0.0,-0.0,285.06329345703125,0.0,0.0,0.0004633432254195,285.0267333984375,294.1499938964844,288.1178894042969,283.9272155761719,291.3531188964844,288.94012451171875,285.09014892578125,0.0,0.0,0.0,0.0,1.0,1.0,-0.0009883752791211,4.504785433567804e-09,0.0009883707389235,-0.0108541576191782,0.0,0.0,0.0,-0.0070460303686559,60.0,2.1086437702178955,-0.0,-6.660442153361147e-08,0.0,283.35400390625,284.5365905761719,288.9228210449219,289.824462890625,293.1499938964844,293.1499938964844,278.1499938964844,0.0,18000.0,313.1499938964844,0.0,18000.0,0.0,0.0,0.0,0.0,0.0,0.0,0.0,0.0,0.0,-0.0,-0.0,-0.0,-5.5419562194307814e-21,-2.7709781097153907e-21,-2.7709781097153907e-21,0.0,0.0,-0.0,0.0,0.0,0.0,-0.0,0.0,0.0,0.0,0.0,0.0,4.0,0.0,0.0
12174120,298.57647705078125,303.1499938964844,285.1499938964844,0.0,-0.0,285.064697265625,0.0,0.0,9.27578439586796e-05,298.4862365722656,303.1499938964844,285.1499938964844,0.0,-0.0,285.064697265625,0.0,0.0,9.76786614046432e-05,299.1070556640625,303.1499938964844,285.1499938964844,0.0,-0.0,285.0632019042969,0.0,0.0,7.214531797217205e-05,298.3437194824219,303.1499938964844,285.1499938964844,0.0,-0.0,285.06475830078125,0.0,0.0,9.767848678166048e-05,298.4360046386719,303.1499938964844,285.1499938964844,0.0,-0.0,285.06329345703125,0.0,0.0,0.0004633432254195,285.0267333984375,294.1499938964844,288.1178894042969,283.9272155761719,291.3531188964844,288.94012451171875,285.09014892578125,0.0,0.0,0.0,0.0,1.0,1.0,-0.0009883752791211,4.504785433567804e-09,0.0009883707389235,-0.0108541576191782,0.0,0.0,0.0,-0.0070460303686559,60.0,2.1086437702178955,-0.0,-6.660442153361147e-08,0.0,283.35400390625,284.5365905761719,288.9228210449219,289.824462890625,293.1499938964844,293.1499938964844,278.1499938964844,0.0,18000.0,313.1499938964844,0.0,18000.0,0.0,0.0,0.0,0.0,0.0,0.0,0.0,0.0,0.0,-0.0,-0.0,-0.0,-5.5419562194307814e-21,-2.7709781097153907e-21,-2.7709781097153907e-21,0.0,0.0,-0.0,0.0,0.0,0.0,-0.0,0.0,0.0,0.0,0.0,0.0,4.0,0.0,0.0
12174180,298.5732421875,303.1499938964844,285.1499938964844,0.0,-0.0,285.0635681152344,0.0,0.0,9.269823203794658e-05,298.47998046875,303.1499938964844,285.1499938964844,0.0,-0.0,285.0635986328125,0.0,0.0,9.761589171830563e-05,299.1022033691406,303.1499938964844,285.1499938964844,0.0,-0.0,285.0621337890625,0.0,0.0,7.209894829429686e-05,298.33953857421875,303.1499938964844,285.1499938964844,0.0,-0.0,285.06365966796875,0.0,0.0,9.761571709532292e-05,298.4341125488281,303.1499938964844,285.1499938964844,0.0,-0.0,285.06219482421875,0.0,0.0,0.0004630454932339,285.0258178710937,294.1499938964844,287.9766845703125,283.8713073730469,291.2951354980469,288.7969055175781,285.0927734375,0.0,0.0,0.0,0.0,1.0,1.0,-0.0009877395350486,4.430445343928113e-09,0.0009877351112663,-0.010659385472536,0.0,0.0,0.0,-0.0070091770030558,60.0,2.008861541748047,-0.0,-6.651876560681559e-08,0.0,283.35400390625,284.5365905761719,288.9228210449219,289.824462890625,293.1499938964844,293.1499938964844,278.1499938964844,0.0,18000.0,313.1499938964844,0.0,18000.0,0.0,0.0,0.0,0.0,0.0,0.0,0.0,0.0,0.0,-0.0,-0.0,-0.0,-5.5419562194307814e-21,-2.7709781097153907e-21,-2.7709781097153907e-21,0.0,0.0,-0.0,0.0,0.0,0.0,-0.0,0.0,0.0,0.0,0.0,0.0,4.0,0.0,0.0
12174240,298.5732421875,303.1499938964844,285.1499938964844,0.0,-0.0,285.0635681152344,0.0,0.0,9.269823203794658e-05,298.47998046875,303.1499938964844,285.1499938964844,0.0,-0.0,285.0635986328125,0.0,0.0,9.761589171830563e-05,299.1022033691406,303.1499938964844,285.1499938964844,0.0,-0.0,285.0621337890625,0.0,0.0,7.209894829429686e-05,298.33953857421875,303.1499938964844,285.1499938964844,0.0,-0.0,285.06365966796875,0.0,0.0,9.761571709532292e-05,298.4341125488281,303.1499938964844,285.1499938964844,0.0,-0.0,285.06219482421875,0.0,0.0,0.0004630454932339,285.0258178710937,294.1499938964844,287.9766845703125,283.8713073730469,291.2951354980469,288.7969055175781,285.0927734375,0.0,0.0,0.0,0.0,1.0,1.0,-0.0009877395350486,4.430445343928113e-09,0.0009877351112663,-0.010659385472536,0.0,0.0,0.0,-0.0070091770030558,60.0,2.008861541748047,-0.0,-6.651876560681559e-08,0.0,283.35400390625,284.5365905761719,288.9228210449219,289.824462890625,293.1499938964844,293.1499938964844,278.1499938964844,0.0,18000.0,313.1499938964844,0.0,18000.0,0.0,0.0,0.0,0.0,0.0,0.0,0.0,0.0,0.0,-0.0,-0.0,-0.0,-5.5419562194307814e-21,-2.7709781097153907e-21,-2.7709781097153907e-21,0.0,0.0,-0.0,0.0,0.0,0.0,-0.0,0.0,0.0,0.0,0.0,0.0,4.0,0.0,0.0
12174300,298.5714111328125,303.1499938964844,285.1499938964844,0.0,-0.0,285.06304931640625,0.0,0.0,9.266036067856476e-05,298.47705078125,303.1499938964844,285.1499938964844,0.0,-0.0,285.06304931640625,0.0,0.0,9.757601219462232e-05,299.09979248046875,303.1499938964844,285.1499938964844,0.0,-0.0,285.06158447265625,0.0,0.0,7.206949521787465e-05,298.3374938964844,303.1499938964844,285.1499938964844,0.0,-0.0,285.0631103515625,0.0,0.0,9.757583029568195e-05,298.43316650390625,303.1499938964844,285.1499938964844,0.0,-0.0,285.0616760253906,0.0,0.0,0.0004628563183359,285.025390625,294.1499938964844,287.9075927734375,283.84332275390625,291.2655944824219,288.7266845703125,285.09405517578125,0.0,0.0,0.0,0.0,1.0,1.0,-0.0009873356902971,4.383223561887917e-09,0.0009873312665149,-0.0105356629937887,0.0,0.0,0.0,-0.0069857672788202,60.0,1.9597609043121336,-0.0,-6.64643806658205e-08,0.0,283.35400390625,284.5365905761719,288.9228210449219,289.824462890625,293.1499938964844,293.1499938964844,278.1499938964844,0.0,18000.0,313.1499938964844,0.0,18000.0,0.0,0.0,0.0,0.0,0.0,0.0,0.0,0.0,0.0,-0.0,-0.0,-0.0,-5.5419562194307814e-21,-2.7709781097153907e-21,-2.7709781097153907e-21,0.0,0.0,-0.0,0.0,0.0,0.0,-0.0,0.0,0.0,0.0,0.0,0.0,4.0,0.0,0.0
12174360,298.5694580078125,303.1499938964844,285.1499938964844,0.0,-0.0,285.0625,0.0,0.0,9.261957893613726e-05,298.47430419921875,303.1499938964844,285.1499938964844,0.0,-0.0,285.0625305175781,0.0,0.0,9.753305494086816e-05,299.0973815917969,303.1499938964844,285.1499938964844,0.0,-0.0,285.0610656738281,0.0,0.0,7.203776476671919e-05,298.3354187011719,303.1499938964844,285.1499938964844,0.0,-0.0,285.0625915527344,0.0,0.0,9.753288031788544e-05,298.4322204589844,303.1499938964844,285.1499938964844,0.0,-0.0,285.0611572265625,0.0,0.0,0.0004626525915227,285.02496337890625,294.1499938964844,287.8396301269531,283.8153686523437,291.2357482910156,288.65753173828125,285.0953063964844,0.0,0.0,0.0,0.0,1.0,1.0,-0.0009869008790701,4.332370906467986e-09,0.0009868965717032,-0.0104024270549416,0.0,0.0,0.0,-0.0069605577737092,60.0,1.9113171100616453,-0.0,-6.640583904982122e-08,0.0,283.35400390625,284.5365905761719,288.9228210449219,289.824462890625,293.1499938964844,293.1499938964844,278.1499938964844,0.0,18000.0,313.1499938964844,0.0,18000.0,0.0,0.0,0.0,0.0,0.0,0.0,0.0,0.0,0.0,-0.0,-0.0,-0.0,-5.5419562194307814e-21,-2.7709781097153907e-21,-2.7709781097153907e-21,0.0,0.0,-0.0,0.0,0.0,0.0,-0.0,0.0,0.0,0.0,0.0,0.0,4.0,0.0,0.0
12174420,298.5653991699219,303.1499938964844,285.1499938964844,0.0,-0.0,285.0614929199219,0.0,0.0,9.25321292015724e-05,298.4691467285156,303.1499938964844,285.1499938964844,0.0,-0.0,285.0614929199219,0.0,0.0,9.744097042130306e-05,299.092529296875,303.1499938964844,285.1499938964844,0.0,-0.0,285.06005859375,0.0,0.0,7.19697491149418e-05,298.331298828125,303.1499938964844,285.1499938964844,0.0,-0.0,285.0615539550781,0.0,0.0,9.744079579832032e-05,298.43035888671875,303.1499938964844,285.1499938964844,0.0,-0.0,285.06011962890625,0.0,0.0,0.0004622158012352,285.0241394042969,294.1499938964844,287.7074279785156,283.7596435546875,291.1751403808594,288.5226135253906,285.0978088378906,0.0,0.0,0.0,0.0,1.0,1.0,-0.0009859685087576,4.223347893628215e-09,0.0009859642013907,-0.0101167801767587,0.0,0.0,0.0,-0.0069065103307366,60.0,1.8166718482971191,-0.0,-6.628042825695958e-08,0.0,283.35400390625,284.5365905761719,288.9228210449219,289.824462890625,293.1499938964844,293.1499938964844,278.1499938964844,0.0,18000.0,313.1499938964844,0.0,18000.0,0.0,0.0,0.0,0.0,0.0,0.0,0.0,0.0,0.0,-0.0,-0.0,-0.0,-5.5419562194307814e-21,-2.7709781097153907e-21,-2.7709781097153907e-21,0.0,0.0,-0.0,0.0,0.0,0.0,-0.0,0.0,0.0,0.0,0.0,0.0,4.0,0.0,0.0
12174480,298.5653991699219,303.1499938964844,285.1499938964844,0.0,-0.0,285.0614929199219,0.0,0.0,9.25321292015724e-05,298.4691467285156,303.1499938964844,285.1499938964844,0.0,-0.0,285.0614929199219,0.0,0.0,9.744097042130306e-05,299.092529296875,303.1499938964844,285.1499938964844,0.0,-0.0,285.06005859375,0.0,0.0,7.19697491149418e-05,298.331298828125,303.1499938964844,285.1499938964844,0.0,-0.0,285.0615539550781,0.0,0.0,9.744079579832032e-05,298.43035888671875,303.1499938964844,285.1499938964844,0.0,-0.0,285.06011962890625,0.0,0.0,0.0004622158012352,285.0241394042969,294.1499938964844,287.7074279785156,283.7596435546875,291.1751403808594,288.5226135253906,285.0978088378906,0.0,0.0,0.0,0.0,1.0,1.0,-0.0009859685087576,4.223347893628215e-09,0.0009859642013907,-0.0101167801767587,0.0,0.0,0.0,-0.0069065103307366,60.0,1.8166718482971191,-0.0,-6.628042825695958e-08,0.0,283.35400390625,284.5365905761719,288.9228210449219,289.824462890625,293.1499938964844,293.1499938964844,278.1499938964844,0.0,18000.0,313.1499938964844,0.0,18000.0,0.0,0.0,0.0,0.0,0.0,0.0,0.0,0.0,0.0,-0.0,-0.0,-0.0,-5.5419562194307814e-21,-2.7709781097153907e-21,-2.7709781097153907e-21,0.0,0.0,-0.0,0.0,0.0,0.0,-0.0,0.0,0.0,0.0,0.0,0.0,4.0,0.0,0.0
12174540,298.5611877441406,303.1499938964844,285.1499938964844,0.0,-0.0,285.0604858398437,0.0,0.0,9.244204557035118e-05,298.4644470214844,303.1499938964844,285.1499938964844,0.0,-0.0,285.0604858398437,0.0,0.0,9.734610648592934e-05,299.0877380371094,303.1499938964844,285.1499938964844,0.0,-0.0,285.05908203125,0.0,0.0,7.189968164311722e-05,298.3272399902344,303.1499938964844,285.1499938964844,0.0,-0.0,285.060546875,0.0,0.0,9.73459391389042e-05,298.4284973144531,303.1499938964844,285.1499938964844,0.0,-0.0,285.05914306640625,0.0,0.0,0.0004617658269125,285.0233764648437,294.1499938964844,287.58062744140625,283.704345703125,291.1133728027344,288.3923645019531,285.1002502441406,0.0,0.0,0.0,0.0,1.0,1.0,-0.0009850079659372,4.111042173349233e-09,0.0009850038914009,-0.0098225306719541,0.0,0.0,0.0,-0.0068508354015648,60.0,1.725515604019165,-0.0,-6.615135816900874e-08,0.0,283.35400390625,284.5365905761719,288.9228210449219,289.824462890625,293.1499938964844,293.1499938964844,278.1499938964844,0.0,18000.0,313.1499938964844,0.0,18000.0,0.0,0.0,0.0,0.0,0.0,0.0,0.0,0.0,0.0,-0.0,-0.0,-0.0,-5.5419562194307814e-21,-2.7709781097153907e-21,-2.7709781097153907e-21,0.0,0.0,-0.0,0.0,0.0,0.0,-0.0,0.0,0.0,0.0,0.0,0.0,4.0,0.0,0.0
12174600,298.5611877441406,303.1499938964844,285.1499938964844,0.0,-0.0,285.0604858398437,0.0,0.0,9.244204557035118e-05,298.4644470214844,303.1499938964844,285.1499938964844,0.0,-0.0,285.0604858398437,0.0,0.0,9.734610648592934e-05,299.0877380371094,303.1499938964844,285.1499938964844,0.0,-0.0,285.05908203125,0.0,0.0,7.189968164311722e-05,298.3272399902344,303.1499938964844,285.1499938964844,0.0,-0.0,285.060546875,0.0,0.0,9.73459391389042e-05,298.4284973144531,303.1499938964844,285.1499938964844,0.0,-0.0,285.05914306640625,0.0,0.0,0.0004617658269125,285.0233764648437,294.1499938964844,287.58062744140625,283.704345703125,291.1133728027344,288.3923645019531,285.1002502441406,0.0,0.0,0.0,0.0,1.0,1.0,-0.0009850079659372,4.111042173349233e-09,0.0009850038914009,-0.0098225306719541,0.0,0.0,0.0,-0.0068508354015648,60.0,1.725515604019165,-0.0,-6.615135816900874e-08,0.0,283.35400390625,284.5365905761719,288.9228210449219,289.824462890625,293.1499938964844,293.1499938964844,278.1499938964844,0.0,18000.0,313.1499938964844,0.0,18000.0,0.0,0.0,0.0,0.0,0.0,0.0,0.0,0.0,0.0,-0.0,-0.0,-0.0,-5.5419562194307814e-21,-2.7709781097153907e-21,-2.7709781097153907e-21,0.0,0.0,-0.0,0.0,0.0,0.0,-0.0,0.0,0.0,0.0,0.0,0.0,4.0,0.0,0.0
12174660,298.5569152832031,303.1499938964844,285.1499938964844,0.0,-0.0,285.0595092773437,0.0,0.0,9.23803381738253e-05,298.4602355957031,303.1499938964844,285.1499938964844,0.0,-0.0,285.0595092773437,0.0,0.0,9.728112490847708e-05,299.0829162597656,303.1499938964844,285.1499938964844,0.0,-0.0,285.0581359863281,0.0,0.0,7.185168215073645e-05,298.3232116699219,303.1499938964844,285.1499938964844,0.0,-0.0,285.0596008300781,0.0,0.0,9.728095756145194e-05,298.4266662597656,303.1499938964844,285.1499938964844,0.0,-0.0,285.0581970214844,0.0,0.0,0.000461457617348,285.02264404296875,294.1499938964844,287.4598999023437,283.6498107910156,291.0505676269531,288.26666259765625,285.10260009765625,0.0,0.0,0.0,0.0,1.0,1.0,-0.0009843497537076,4.034091727334044e-09,0.0009843456791713,-0.0096209133043885,0.0,0.0,0.0,-0.0068126870319247,60.0,1.6388295888900757,-0.0,-6.606299507438963e-08,0.0,283.35400390625,284.5365905761719,288.9228210449219,289.824462890625,293.1499938964844,293.1499938964844,278.1499938964844,0.0,18000.0,313.1499938964844,0.0,18000.0,0.0,0.0,0.0,0.0,0.0,0.0,0.0,0.0,0.0,-0.0,-0.0,-0.0,-5.5419562194307814e-21,-2.7709781097153907e-21,-2.7709781097153907e-21,0.0,0.0,-0.0,0.0,0.0,0.0,-0.0,0.0,0.0,0.0,0.0,0.0,4.0,0.0,0.0
12174720,298.5569152832031,303.1499938964844,285.1499938964844,0.0,-0.0,285.0595092773437,0.0,0.0,9.23803381738253e-05,298.4602355957031,303.1499938964844,285.1499938964844,0.0,-0.0,285.0595092773437,0.0,0.0,9.728112490847708e-05,299.0829162597656,303.1499938964844,285.1499938964844,0.0,-0.0,285.0581359863281,0.0,0.0,7.185168215073645e-05,298.3232116699219,303.1499938964844,285.1499938964844,0.0,-0.0,285.0596008300781,0.0,0.0,9.728095756145194e-05,298.4266662597656,303.1499938964844,285.1499938964844,0.0,-0.0,285.0581970214844,0.0,0.0,0.000461457617348,285.02264404296875,294.1499938964844,287.4598999023437,283.6498107910156,291.0505676269531,288.26666259765625,285.10260009765625,0.0,0.0,0.0,0.0,1.0,1.0,-0.0009843497537076,4.034091727334044e-09,0.0009843456791713,-0.0096209133043885,0.0,0.0,0.0,-0.0068126870319247,60.0,1.6388295888900757,-0.0,-6.606299507438963e-08,0.0,283.35400390625,284.5365905761719,288.9228210449219,289.824462890625,293.1499938964844,293.1499938964844,278.1499938964844,0.0,18000.0,313.1499938964844,0.0,18000.0,0.0,0.0,0.0,0.0,0.0,0.0,0.0,0.0,0.0,-0.0,-0.0,-0.0,-5.5419562194307814e-21,-2.7709781097153907e-21,-2.7709781097153907e-21,0.0,0.0,-0.0,0.0,0.0,0.0,-0.0,0.0,0.0,0.0,0.0,0.0,4.0,0.0,0.0
12174780,298.5525817871094,303.1499938964844,285.1499938964844,0.0,-0.0,285.05859375,0.0,0.0,9.231081639882176e-05,298.4563903808594,303.1499938964844,285.1499938964844,0.0,-0.0,285.05859375,0.0,0.0,9.720790694700554e-05,299.0781555175781,303.1499938964844,285.1499938964844,0.0,-0.0,285.0572204589844,0.0,0.0,7.179760723374784e-05,298.3191833496094,303.1499938964844,285.1499938964844,0.0,-0.0,285.05865478515625,0.0,0.0,9.720774687593804e-05,298.4248046875,303.1499938964844,285.1499938964844,0.0,-0.0,285.0572814941406,0.0,0.0,0.000461110350443,285.02197265625,294.1499938964844,287.3458557128906,283.5962219238281,290.9868469238281,288.14483642578125,285.1048889160156,0.0,0.0,0.0,0.0,1.0,1.0,-0.0009836085373535,3.947403293125262e-09,0.0009836045792326,-0.009393778629601,0.0,0.0,0.0,-0.0067697120830416,60.0,1.5567296743392944,-0.0,-6.59635190913832e-08,0.0,283.35400390625,284.5365905761719,288.9228210449219,289.824462890625,293.1499938964844,293.1499938964844,278.1499938964844,0.0,18000.0,313.1499938964844,0.0,18000.0,0.0,0.0,0.0,0.0,0.0,0.0,0.0,0.0,0.0,-0.0,-0.0,-0.0,-5.5419562194307814e-21,-2.7709781097153907e-21,-2.7709781097153907e-21,0.0,0.0,-0.0,0.0,0.0,0.0,-0.0,0.0,0.0,0.0,0.0,0.0,4.0,0.0,0.0
12174840,298.5525817871094,303.1499938964844,285.1499938964844,0.0,-0.0,285.05859375,0.0,0.0,9.231081639882176e-05,298.4563903808594,303.1499938964844,285.1499938964844,0.0,-0.0,285.05859375,0.0,0.0,9.720790694700554e-05,299.0781555175781,303.1499938964844,285.1499938964844,0.0,-0.0,285.0572204589844,0.0,0.0,7.179760723374784e-05,298.3191833496094,303.1499938964844,285.1499938964844,0.0,-0.0,285.05865478515625,0.0,0.0,9.720774687593804e-05,298.4248046875,303.1499938964844,285.1499938964844,0.0,-0.0,285.0572814941406,0.0,0.0,0.000461110350443,285.02197265625,294.1499938964844,287.3458557128906,283.5962219238281,290.9868469238281,288.14483642578125,285.1048889160156,0.0,0.0,0.0,0.0,1.0,1.0,-0.0009836085373535,3.947403293125262e-09,0.0009836045792326,-0.009393778629601,0.0,0.0,0.0,-0.0067697120830416,60.0,1.5567296743392944,-0.0,-6.59635190913832e-08,0.0,283.35400390625,284.5365905761719,288.9228210449219,289.824462890625,293.1499938964844,293.1499938964844,278.1499938964844,0.0,18000.0,313.1499938964844,0.0,18000.0,0.0,0.0,0.0,0.0,0.0,0.0,0.0,0.0,0.0,-0.0,-0.0,-0.0,-5.5419562194307814e-21,-2.7709781097153907e-21,-2.7709781097153907e-21,0.0,0.0,-0.0,0.0,0.0,0.0,-0.0,0.0,0.0,0.0,0.0,0.0,4.0,0.0,0.0
12174900,298.5504150390625,303.1499938964844,285.1499938964844,0.0,-0.0,285.0581359863281,0.0,0.0,9.225749818142503e-05,298.45465087890625,303.1499938964844,285.1499938964844,0.0,-0.0,285.0581359863281,0.0,0.0,9.715175838209689e-05,299.0757751464844,303.1499938964844,285.1499938964844,0.0,-0.0,285.0567626953125,0.0,0.0,7.1756134275347e-05,298.31719970703125,303.1499938964844,285.1499938964844,0.0,-0.0,285.0581970214844,0.0,0.0,9.715159831102936e-05,298.42388916015625,303.1499938964844,285.1499938964844,0.0,-0.0,285.0568542480469,0.0,0.0,0.0004608440212905,285.0216369628906,294.1499938964844,287.2915344238281,283.56988525390625,290.9547119140625,288.0859069824219,285.10601806640625,0.0,0.0,0.0,0.0,1.0,1.0,-0.0009830401977524,3.8809391256222625e-09,0.0009830363560467,-0.0092196343466639,0.0,0.0,0.0,-0.0067367632873356,60.0,1.5171836614608765,-0.0,-6.588729917211823e-08,0.0,283.35400390625,284.5365905761719,288.9228210449219,289.824462890625,293.1499938964844,293.1499938964844,278.1499938964844,0.0,18000.0,313.1499938964844,0.0,18000.0,0.0,0.0,0.0,0.0,0.0,0.0,0.0,0.0,0.0,-0.0,-0.0,-0.0,-5.5419562194307814e-21,-2.7709781097153907e-21,-2.7709781097153907e-21,0.0,0.0,-0.0,0.0,0.0,0.0,-0.0,0.0,0.0,0.0,0.0,0.0,4.0,0.0,0.0
12174960,298.5482482910156,303.1499938964844,285.1499938964844,0.0,-0.0,285.05767822265625,0.0,0.0,9.219492494594306e-05,298.4529724121094,303.1499938964844,285.1499938964844,0.0,-0.0,285.0577087402344,0.0,0.0,9.708586730994284e-05,299.07342529296875,303.1499938964844,285.1499938964844,0.0,-0.0,285.05633544921875,0.0,0.0,7.170746539486572e-05,298.3152160644531,303.1499938964844,285.1499938964844,0.0,-0.0,285.0577697753906,0.0,0.0,9.708569996291772e-05,298.4230041503906,303.1499938964844,285.1499938964844,0.0,-0.0,285.056396484375,0.0,0.0,0.0004605314461514,285.0213317871094,294.1499938964844,287.2391052246094,283.5438842773437,290.92242431640625,288.0287780761719,285.10711669921875,0.0,0.0,0.0,0.0,1.0,1.0,-0.0009823732543736,3.802943737696296e-09,0.000982369412668,-0.0090152751654386,0.0,0.0,0.0,-0.0066980980336666,60.0,1.4788273572921753,-0.0,-6.579792000138697e-08,0.0,283.35400390625,284.5365905761719,288.9228210449219,289.824462890625,293.1499938964844,293.1499938964844,278.1499938964844,0.0,18000.0,313.1499938964844,0.0,18000.0,0.0,0.0,0.0,0.0,0.0,0.0,0.0,0.0,0.0,-0.0,-0.0,-0.0,-5.5419562194307814e-21,-2.7709781097153907e-21,-2.7709781097153907e-21,0.0,0.0,-0.0,0.0,0.0,0.0,-0.0,0.0,0.0,0.0,0.0,0.0,4.0,0.0,0.0
12175020,298.5439758300781,303.1499938964844,285.1499938964844,0.0,-0.0,285.05682373046875,0.0,0.0,9.206016693497077e-05,298.449951171875,303.1499938964844,285.1499938964844,0.0,-0.0,285.05682373046875,0.0,0.0,9.69439570326358e-05,299.0687561035156,303.1499938964844,285.1499938964844,0.0,-0.0,285.05548095703125,0.0,0.0,7.16026479494758e-05,298.311279296875,303.1499938964844,285.1499938964844,0.0,-0.0,285.056884765625,0.0,0.0,9.69437969615683e-05,298.4212951660156,303.1499938964844,285.1499938964844,0.0,-0.0,285.0555725097656,0.0,0.0,0.0004598583327606,285.0207214355469,294.1499938964844,287.1402893066406,283.4930419921875,290.857421875,287.9200744628906,285.1092834472656,0.0,0.0,0.0,0.0,1.0,1.0,-0.0009809368057176,3.6349832033266685e-09,0.0009809331968426,-0.008575189858675,0.0,0.0,0.0,-0.0066148326732218,60.0,1.4058339595794678,-0.0,-6.560564003166294e-08,0.0,283.35400390625,284.5365905761719,288.9228210449219,289.824462890625,293.1499938964844,293.1499938964844,278.1499938964844,0.0,18000.0,313.1499938964844,0.0,18000.0,0.0,0.0,0.0,0.0,0.0,0.0,0.0,0.0,0.0,-0.0,-0.0,-0.0,-5.5419562194307814e-21,-2.7709781097153907e-21,-2.7709781097153907e-21,0.0,0.0,-0.0,0.0,0.0,0.0,-0.0,0.0,0.0,0.0,0.0,0.0,4.0,0.0,0.0
12175080,298.5439758300781,303.1499938964844,285.1499938964844,0.0,-0.0,285.05682373046875,0.0,0.0,9.206016693497077e-05,298.449951171875,303.1499938964844,285.1499938964844,0.0,-0.0,285.05682373046875,0.0,0.0,9.69439570326358e-05,299.0687561035156,303.1499938964844,285.1499938964844,0.0,-0.0,285.05548095703125,0.0,0.0,7.16026479494758e-05,298.311279296875,303.1499938964844,285.1499938964844,0.0,-0.0,285.056884765625,0.0,0.0,9.69437969615683e-05,298.4212951660156,303.1499938964844,285.1499938964844,0.0,-0.0,285.0555725097656,0.0,0.0,0.0004598583327606,285.0207214355469,294.1499938964844,287.1402893066406,283.4930419921875,290.857421875,287.9200744628906,285.1092834472656,0.0,0.0,0.0,0.0,1.0,1.0,-0.0009809368057176,3.6349832033266685e-09,0.0009809331968426,-0.008575189858675,0.0,0.0,0.0,-0.0066148326732218,60.0,1.4058339595794678,-0.0,-6.560564003166294e-08,0.0,283.35400390625,284.5365905761719,288.9228210449219,289.824462890625,293.1499938964844,293.1499938964844,278.1499938964844,0.0,18000.0,313.1499938964844,0.0,18000.0,0.0,0.0,0.0,0.0,0.0,0.0,0.0,0.0,0.0,-0.0,-0.0,-0.0,-5.5419562194307814e-21,-2.7709781097153907e-21,-2.7709781097153907e-21,0.0,0.0,-0.0,0.0,0.0,0.0,-0.0,0.0,0.0,0.0,0.0,0.0,4.0,0.0,0.0
12175140,298.53973388671875,303.1499938964844,285.1499938964844,0.0,-0.0,285.0559997558594,0.0,0.0,9.192706784233452e-05,298.4472351074219,303.1499938964844,285.1499938964844,0.0,-0.0,285.0559997558594,0.0,0.0,9.680379298515618e-05,299.06414794921875,303.1499938964844,285.1499938964844,0.0,-0.0,285.0546875,0.0,0.0,7.149911834858358e-05,298.3074035644531,303.1499938964844,285.1499938964844,0.0,-0.0,285.0560607910156,0.0,0.0,9.680363291408868e-05,298.41961669921875,303.1499938964844,285.1499938964844,0.0,-0.0,285.05474853515625,0.0,0.0,0.0004591934848576,285.0201721191406,294.1499938964844,287.04998779296875,283.4439392089844,290.7920227050781,287.8191223144531,285.11138916015625,0.0,0.0,0.0,0.0,1.0,1.0,-0.0009795179357752,3.469083909024561e-09,0.0009795144433155,-0.0081405015662312,0.0,0.0,0.0,-0.0065325889736413,60.0,1.3386430740356443,-0.0,-6.54159890700612e-08,0.0,283.35400390625,284.5365905761719,288.9228210449219,289.824462890625,293.1499938964844,293.1499938964844,278.1499938964844,0.0,18000.0,313.1499938964844,0.0,18000.0,0.0,0.0,0.0,0.0,0.0,0.0,0.0,0.0,0.0,-0.0,-0.0,-0.0,-5.5419562194307814e-21,-2.7709781097153907e-21,-2.7709781097153907e-21,0.0,0.0,-0.0,0.0,0.0,0.0,-0.0,0.0,0.0,0.0,0.0,0.0,4.0,0.0,0.0
12175200,298.53973388671875,303.1499938964844,285.1499938964844,0.0,-0.0,285.0559997558594,0.0,0.0,9.192706784233452e-05,298.4472351074219,303.1499938964844,285.1499938964844,0.0,-0.0,285.0559997558594,0.0,0.0,9.680379298515618e-05,299.06414794921875,303.1499938964844,285.1499938964844,0.0,-0.0,285.0546875,0.0,0.0,7.149911834858358e-05,298.3074035644531,303.1499938964844,285.1499938964844,0.0,-0.0,285.0560607910156,0.0,0.0,9.680363291408868e-05,298.41961669921875,303.1499938964844,285.1499938964844,0.0,-0.0,285.05474853515625,0.0,0.0,0.0004591934848576,285.0201721191406,294.1499938964844,287.04998779296875,283.4439392089844,290.7920227050781,287.8191223144531,285.11138916015625,0.0,0.0,0.0,0.0,1.0,1.0,-0.0009795179357752,3.469083909024561e-09,0.0009795144433155,-0.0081405015662312,0.0,0.0,0.0,-0.0065325889736413,60.0,1.3386430740356443,-0.0,-6.54159890700612e-08,0.0,283.35400390625,284.5365905761719,288.9228210449219,289.824462890625,293.1499938964844,293.1499938964844,278.1499938964844,0.0,18000.0,313.1499938964844,0.0,18000.0,0.0,0.0,0.0,0.0,0.0,0.0,0.0,0.0,0.0,-0.0,-0.0,-0.0,-5.5419562194307814e-21,-2.7709781097153907e-21,-2.7709781097153907e-21,0.0,0.0,-0.0,0.0,0.0,0.0,-0.0,0.0,0.0,0.0,0.0,0.0,4.0,0.0,0.0
12175260,298.5355529785156,303.1499938964844,285.1499938964844,0.0,-0.0,285.0552062988281,0.0,0.0,9.178935579257086e-05,298.4447631835937,303.1499938964844,285.1499938964844,0.0,-0.0,285.0552062988281,0.0,0.0,9.665877587394788e-05,299.05963134765625,303.1499938964844,285.1499938964844,0.0,-0.0,285.05389404296875,0.0,0.0,7.139200897654518e-05,298.3036193847656,303.1499938964844,285.1499938964844,0.0,-0.0,285.0552673339844,0.0,0.0,9.6658623078838e-05,298.41802978515625,303.1499938964844,285.1499938964844,0.0,-0.0,285.0539855957031,0.0,0.0,0.0004585056158248,285.0196533203125,294.1499938964844,286.9642944335937,283.39483642578125,290.7263488769531,287.7254943847656,285.1134033203125,0.0,0.0,0.0,0.0,1.0,1.0,-0.0009780501713976,3.297447870309611e-09,0.0009780467953532,-0.0076907770708203,0.0,0.0,0.0,-0.0064475014805793,60.0,1.2759073972702026,-0.0,-6.522007822695741e-08,0.0,283.35400390625,284.5365905761719,288.9228210449219,289.824462890625,293.1499938964844,293.1499938964844,278.1499938964844,0.0,18000.0,313.1499938964844,0.0,18000.0,0.0,0.0,0.0,0.0,0.0,0.0,0.0,0.0,0.0,-0.0,-0.0,-0.0,-5.5419562194307814e-21,-2.7709781097153907e-21,-2.7709781097153907e-21,0.0,0.0,-0.0,0.0,0.0,0.0,-0.0,0.0,0.0,0.0,0.0,0.0,4.0,0.0,0.0
12175320,298.5355529785156,303.1499938964844,285.1499938964844,0.0,-0.0,285.0552062988281,0.0,0.0,9.178935579257086e-05,298.4447631835937,303.1499938964844,285.1499938964844,0.0,-0.0,285.0552062988281,0.0,0.0,9.665877587394788e-05,299.05963134765625,303.1499938964844,285.1499938964844,0.0,-0.0,285.05389404296875,0.0,0.0,7.139200897654518e-05,298.3036193847656,303.1499938964844,285.1499938964844,0.0,-0.0,285.0552673339844,0.0,0.0,9.6658623078838e-05,298.41802978515625,303.1499938964844,285.1499938964844,0.0,-0.0,285.0539855957031,0.0,0.0,0.0004585056158248,285.0196533203125,294.1499938964844,286.9642944335937,283.39483642578125,290.7263488769531,287.7254943847656,285.1134033203125,0.0,0.0,0.0,0.0,1.0,1.0,-0.0009780501713976,3.297447870309611e-09,0.0009780467953532,-0.0076907770708203,0.0,0.0,0.0,-0.0064475014805793,60.0,1.2759073972702026,-0.0,-6.522007822695741e-08,0.0,283.35400390625,284.5365905761719,288.9228210449219,289.824462890625,293.1499938964844,293.1499938964844,278.1499938964844,0.0,18000.0,313.1499938964844,0.0,18000.0,0.0,0.0,0.0,0.0,0.0,0.0,0.0,0.0,0.0,-0.0,-0.0,-0.0,-5.5419562194307814e-21,-2.7709781097153907e-21,-2.7709781097153907e-21,0.0,0.0,-0.0,0.0,0.0,0.0,-0.0,0.0,0.0,0.0,0.0,0.0,4.0,0.0,0.0
12175380,298.53143310546875,303.1499938964844,285.1499938964844,0.0,-0.0,285.054443359375,0.0,0.0,9.161214984487742e-05,298.4426574707031,303.1499938964844,285.1499938964844,0.0,-0.0,285.054443359375,0.0,0.0,9.647216938901693e-05,299.05517578125,303.1499938964844,285.1499938964844,0.0,-0.0,285.0531616210937,0.0,0.0,7.125418051145971e-05,298.2998962402344,303.1499938964844,285.1499938964844,0.0,-0.0,285.05450439453125,0.0,0.0,9.647201659390704e-05,298.41650390625,303.1499938964844,285.1499938964844,0.0,-0.0,285.05322265625,0.0,0.0,0.0004576204519253,285.0191955566406,294.1499938964844,286.8788452148437,283.3439025878906,290.6604309082031,287.6392517089844,285.1153869628906,0.0,0.0,0.0,0.0,1.0,1.0,-0.0009761616238392,3.076603860563409e-09,0.0009761585388332,-0.0071121091023087,0.0,0.0,0.0,-0.0063380203209817,60.0,1.2147293090820312,-0.0,-6.496842530623327e-08,0.0,283.35400390625,284.5365905761719,288.9228210449219,289.824462890625,293.1499938964844,293.1499938964844,278.1499938964844,0.0,18000.0,313.1499938964844,0.0,18000.0,0.0,0.0,0.0,0.0,0.0,0.0,0.0,0.0,0.0,-0.0,-0.0,-0.0,-5.5419562194307814e-21,-2.7709781097153907e-21,-2.7709781097153907e-21,0.0,0.0,-0.0,0.0,0.0,0.0,-0.0,0.0,0.0,0.0,0.0,0.0,4.0,0.0,0.0
12175440,298.53143310546875,303.1499938964844,285.1499938964844,0.0,-0.0,285.054443359375,0.0,0.0,9.161214984487742e-05,298.4426574707031,303.1499938964844,285.1499938964844,0.0,-0.0,285.054443359375,0.0,0.0,9.647216938901693e-05,299.05517578125,303.1499938964844,285.1499938964844,0.0,-0.0,285.0531616210937,0.0,0.0,7.125418051145971e-05,298.2998962402344,303.1499938964844,285.1499938964844,0.0,-0.0,285.05450439453125,0.0,0.0,9.647201659390704e-05,298.41650390625,303.1499938964844,285.1499938964844,0.0,-0.0,285.05322265625,0.0,0.0,0.0004576204519253,285.0191955566406,294.1499938964844,286.8788452148437,283.3439025878906,290.6604309082031,287.6392517089844,285.1153869628906,0.0,0.0,0.0,0.0,1.0,1.0,-0.0009761616238392,3.076603860563409e-09,0.0009761585388332,-0.0071121091023087,0.0,0.0,0.0,-0.0063380203209817,60.0,1.2147293090820312,-0.0,-6.496842530623327e-08,0.0,283.35400390625,284.5365905761719,288.9228210449219,289.824462890625,293.1499938964844,293.1499938964844,278.1499938964844,0.0,18000.0,313.1499938964844,0.0,18000.0,0.0,0.0,0.0,0.0,0.0,0.0,0.0,0.0,0.0,-0.0,-0.0,-0.0,-5.5419562194307814e-21,-2.7709781097153907e-21,-2.7709781097153907e-21,0.0,0.0,-0.0,0.0,0.0,0.0,-0.0,0.0,0.0,0.0,0.0,0.0,4.0,0.0,0.0
12175500,298.5294189453125,303.1499938964844,285.1499938964844,0.0,-0.0,285.0540771484375,0.0,0.0,9.149165271082892e-05,298.4417724609375,303.1499938964844,285.1499938964844,0.0,-0.0,285.0540771484375,0.0,0.0,9.634527668822555e-05,299.052978515625,303.1499938964844,285.1499938964844,0.0,-0.0,285.05279541015625,0.0,0.0,7.11604516254738e-05,298.2980651855469,303.1499938964844,285.1499938964844,0.0,-0.0,285.0541381835937,0.0,0.0,9.634512389311568e-05,298.415771484375,303.1499938964844,285.1499938964844,0.0,-0.0,285.0528564453125,0.0,0.0,0.0004570185265038,285.0189819335937,294.1499938964844,286.8362121582031,283.3178100585937,290.6274108886719,287.5993957519531,285.1163330078125,0.0,0.0,0.0,0.0,1.0,1.0,-0.0009748775046318,2.926438869010894e-09,0.0009748745360411,-0.0067186346277594,0.0,0.0,0.0,-0.0062635773792862,60.0,1.1841319799423218,-0.0,-6.479758951627447e-08,0.0,283.35400390625,284.5365905761719,288.9228210449219,289.824462890625,293.1499938964844,293.1499938964844,278.1499938964844,0.0,18000.0,313.1499938964844,0.0,18000.0,0.0,0.0,0.0,0.0,0.0,0.0,0.0,0.0,0.0,-0.0,-0.0,-0.0,-5.5419562194307814e-21,-2.7709781097153907e-21,-2.7709781097153907e-21,0.0,0.0,-0.0,0.0,0.0,0.0,-0.0,0.0,0.0,0.0,0.0,0.0,4.0,0.0,0.0
12175560,298.52740478515625,303.1499938964844,285.1499938964844,0.0,-0.0,285.0537109375,0.0,0.0,9.137342567555606e-05,298.4410705566406,303.1499938964844,285.1499938964844,0.0,-0.0,285.0537109375,0.0,0.0,9.622077777748927e-05,299.0508117675781,303.1499938964844,285.1499938964844,0.0,-0.0,285.05242919921875,0.0,0.0,7.106849807314575e-05,298.2962646484375,303.1499938964844,285.1499938964844,0.0,-0.0,285.05377197265625,0.0,0.0,9.622062498237938e-05,298.41510009765625,303.1499938964844,285.1499938964844,0.0,-0.0,285.0525207519531,0.0,0.0,0.00045642798068,285.0187683105469,294.1499938964844,286.793701171875,283.2913513183594,290.5943603515625,287.56231689453125,285.1172790527344,0.0,0.0,0.0,0.0,1.0,1.0,-0.0009736174251884,2.779109831152482e-09,0.0009736146894283,-0.006332587916404,0.0,0.0,0.0,-0.0061905398033559,60.0,1.1535671949386597,-0.0,-6.463019985858409e-08,0.0,283.35400390625,284.5365905761719,288.9228210449219,289.824462890625,293.1499938964844,293.1499938964844,278.1499938964844,0.0,18000.0,313.1499938964844,0.0,18000.0,0.0,0.0,0.0,0.0,0.0,0.0,0.0,0.0,0.0,-0.0,-0.0,-0.0,-5.5419562194307814e-21,-2.7709781097153907e-21,-2.7709781097153907e-21,0.0,0.0,-0.0,0.0,0.0,0.0,-0.0,0.0,0.0,0.0,0.0,0.0,4.0,0.0,0.0
12175620,298.5234375,303.1499938964844,285.1499938964844,0.0,-0.0,285.0530090332031,0.0,0.0,9.118866000790148e-05,298.4400329589844,303.1499938964844,285.1499938964844,0.0,-0.0,285.05303955078125,0.0,0.0,9.60262113949284e-05,299.0465393066406,303.1499938964844,285.1499938964844,0.0,-0.0,285.0517578125,0.0,0.0,7.092479063430801e-05,298.29266357421875,303.1499938964844,285.1499938964844,0.0,-0.0,285.0530700683594,0.0,0.0,9.60260585998185e-05,298.4137878417969,303.1499938964844,285.1499938964844,0.0,-0.0,285.05181884765625,0.0,0.0,0.0004555050691124,285.01837158203125,294.1499938964844,286.7089233398437,283.2373962402344,290.5281066894531,287.4928283691406,285.1191101074219,0.0,0.0,0.0,0.0,1.0,1.0,-0.000971648027189,2.5488520183358787e-09,0.0009716454660519,-0.0057292380370199,0.0,0.0,0.0,-0.0060763894580304,60.0,1.092961668968201,-0.0,-6.436902566520075e-08,0.0,283.35400390625,284.5365905761719,288.9228210449219,289.824462890625,293.1499938964844,293.1499938964844,278.1499938964844,0.0,18000.0,313.1499938964844,0.0,18000.0,0.0,0.0,0.0,0.0,0.0,0.0,0.0,0.0,0.0,-0.0,-0.0,-0.0,-5.5419562194307814e-21,-2.7709781097153907e-21,-2.7709781097153907e-21,0.0,0.0,-0.0,0.0,0.0,0.0,-0.0,0.0,0.0,0.0,0.0,0.0,4.0,0.0,0.0
12175680,298.5234375,303.1499938964844,285.1499938964844,0.0,-0.0,285.0530090332031,0.0,0.0,9.118866000790148e-05,298.4400329589844,303.1499938964844,285.1499938964844,0.0,-0.0,285.05303955078125,0.0,0.0,9.60262113949284e-05,299.0465393066406,303.1499938964844,285.1499938964844,0.0,-0.0,285.0517578125,0.0,0.0,7.092479063430801e-05,298.29266357421875,303.1499938964844,285.1499938964844,0.0,-0.0,285.0530700683594,0.0,0.0,9.60260585998185e-05,298.4137878417969,303.1499938964844,285.1499938964844,0.0,-0.0,285.05181884765625,0.0,0.0,0.0004555050691124,285.01837158203125,294.1499938964844,286.7089233398437,283.2373962402344,290.5281066894531,287.4928283691406,285.1191101074219,0.0,0.0,0.0,0.0,1.0,1.0,-0.000971648027189,2.5488520183358787e-09,0.0009716454660519,-0.0057292380370199,0.0,0.0,0.0,-0.0060763894580304,60.0,1.092961668968201,-0.0,-6.436902566520075e-08,0.0,283.35400390625,284.5365905761719,288.9228210449219,289.824462890625,293.1499938964844,293.1499938964844,278.1499938964844,0.0,18000.0,313.1499938964844,0.0,18000.0,0.0,0.0,0.0,0.0,0.0,0.0,0.0,0.0,0.0,-0.0,-0.0,-0.0,-5.5419562194307814e-21,-2.7709781097153907e-21,-2.7709781097153907e-21,0.0,0.0,-0.0,0.0,0.0,0.0,-0.0,0.0,0.0,0.0,0.0,0.0,4.0,0.0,0.0
12175740,298.51953125,303.1499938964844,285.1499938964844,0.0,-0.0,285.0523376464844,0.0,0.0,9.101961040869357e-05,298.4396057128906,303.1499938964844,285.1499938964844,0.0,-0.0,285.0523681640625,0.0,0.0,9.584819053998216e-05,299.0423583984375,303.1499938964844,285.1499938964844,0.0,-0.0,285.0511169433594,0.0,0.0,7.079329952830449e-05,298.2891845703125,303.1499938964844,285.1499938964844,0.0,-0.0,285.0523986816406,0.0,0.0,9.584803774487229e-05,298.4125366210937,303.1499938964844,285.1499938964844,0.0,-0.0,285.0511779785156,0.0,0.0,0.0004546606214717,285.0180053710937,294.1499938964844,286.62457275390625,283.1822204589844,290.461669921875,287.4296264648437,285.12091064453125,0.0,0.0,0.0,0.0,1.0,1.0,-0.0009698461508378,2.3381707681124912e-09,0.0009698438225314,-0.0051771788857877,0.0,0.0,0.0,-0.0059719453565776,60.0,1.033258318901062,-0.0,-6.413051778508816e-08,0.0,283.35400390625,284.5365905761719,288.9228210449219,289.824462890625,293.1499938964844,293.1499938964844,278.1499938964844,0.0,18000.0,313.1499938964844,0.0,18000.0,0.0,0.0,0.0,0.0,0.0,0.0,0.0,0.0,0.0,-0.0,-0.0,-0.0,-5.5419562194307814e-21,-2.7709781097153907e-21,-2.7709781097153907e-21,0.0,0.0,-0.0,0.0,0.0,0.0,-0.0,0.0,0.0,0.0,0.0,0.0,4.0,0.0,0.0
12175800,298.51953125,303.1499938964844,285.1499938964844,0.0,-0.0,285.0523376464844,0.0,0.0,9.101961040869357e-05,298.4396057128906,303.1499938964844,285.1499938964844,0.0,-0.0,285.0523681640625,0.0,0.0,9.584819053998216e-05,299.0423583984375,303.1499938964844,285.1499938964844,0.0,-0.0,285.0511169433594,0.0,0.0,7.079329952830449e-05,298.2891845703125,303.1499938964844,285.1499938964844,0.0,-0.0,285.0523986816406,0.0,0.0,9.584803774487229e-05,298.4125366210937,303.1499938964844,285.1499938964844,0.0,-0.0,285.0511779785156,0.0,0.0,0.0004546606214717,285.0180053710937,294.1499938964844,286.62457275390625,283.1822204589844,290.461669921875,287.4296264648437,285.12091064453125,0.0,0.0,0.0,0.0,1.0,1.0,-0.0009698461508378,2.3381707681124912e-09,0.0009698438225314,-0.0051771788857877,0.0,0.0,0.0,-0.0059719453565776,60.0,1.033258318901062,-0.0,-6.413051778508816e-08,0.0,283.35400390625,284.5365905761719,288.9228210449219,289.824462890625,293.1499938964844,293.1499938964844,278.1499938964844,0.0,18000.0,313.1499938964844,0.0,18000.0,0.0,0.0,0.0,0.0,0.0,0.0,0.0,0.0,0.0,-0.0,-0.0,-0.0,-5.5419562194307814e-21,-2.7709781097153907e-21,-2.7709781097153907e-21,0.0,0.0,-0.0,0.0,0.0,0.0,-0.0,0.0,0.0,0.0,0.0,0.0,4.0,0.0,0.0
12175860,298.5156555175781,303.1499938964844,285.1499938964844,0.0,-0.0,285.0516967773437,0.0,0.0,9.08455331227742e-05,298.4397888183594,303.1499938964844,285.1499938964844,0.0,-0.0,285.0517272949219,0.0,0.0,9.566487278789282e-05,299.0382080078125,303.1499938964844,285.1499938964844,0.0,-0.0,285.05047607421875,0.0,0.0,7.065790123306215e-05,298.2857666015625,303.1499938964844,285.1499938964844,0.0,-0.0,285.0517578125,0.0,0.0,9.566472726874052e-05,298.41131591796875,303.1499938964844,285.1499938964844,0.0,-0.0,285.050537109375,0.0,0.0,0.0004537910863291,285.0176696777344,294.1499938964844,286.540771484375,283.1260681152344,290.3950500488281,287.3725280761719,285.12261962890625,0.0,0.0,0.0,0.0,1.0,1.0,-0.0009679908980615,2.121229858431661e-09,0.000967988744378,-0.0046087126247584,0.0,0.0,0.0,-0.0058643985539674,60.0,0.9742329716682434,-0.0,-6.388538054125092e-08,0.0,283.35400390625,284.5365905761719,288.9228210449219,289.824462890625,293.1499938964844,293.1499938964844,278.1499938964844,0.0,18000.0,313.1499938964844,0.0,18000.0,0.0,0.0,0.0,0.0,0.0,0.0,0.0,0.0,0.0,-0.0,-0.0,-0.0,-5.5419562194307814e-21,-2.7709781097153907e-21,-2.7709781097153907e-21,0.0,0.0,-0.0,0.0,0.0,0.0,-0.0,0.0,0.0,0.0,0.0,0.0,4.0,0.0,0.0
12175920,298.5156555175781,303.1499938964844,285.1499938964844,0.0,-0.0,285.0516967773437,0.0,0.0,9.08455331227742e-05,298.4397888183594,303.1499938964844,285.1499938964844,0.0,-0.0,285.0517272949219,0.0,0.0,9.566487278789282e-05,299.0382080078125,303.1499938964844,285.1499938964844,0.0,-0.0,285.05047607421875,0.0,0.0,7.065790123306215e-05,298.2857666015625,303.1499938964844,285.1499938964844,0.0,-0.0,285.0517578125,0.0,0.0,9.566472726874052e-05,298.41131591796875,303.1499938964844,285.1499938964844,0.0,-0.0,285.050537109375,0.0,0.0,0.0004537910863291,285.0176696777344,294.1499938964844,286.540771484375,283.1260681152344,290.3950500488281,287.3725280761719,285.12261962890625,0.0,0.0,0.0,0.0,1.0,1.0,-0.0009679908980615,2.121229858431661e-09,0.000967988744378,-0.0046087126247584,0.0,0.0,0.0,-0.0058643985539674,60.0,0.9742329716682434,-0.0,-6.388538054125092e-08,0.0,283.35400390625,284.5365905761719,288.9228210449219,289.824462890625,293.1499938964844,293.1499938964844,278.1499938964844,0.0,18000.0,313.1499938964844,0.0,18000.0,0.0,0.0,0.0,0.0,0.0,0.0,0.0,0.0,0.0,-0.0,-0.0,-0.0,-5.5419562194307814e-21,-2.7709781097153907e-21,-2.7709781097153907e-21,0.0,0.0,-0.0,0.0,0.0,0.0,-0.0,0.0,0.0,0.0,0.0,0.0,4.0,0.0,0.0
12175980,298.5115966796875,303.1499938964844,285.1499938964844,0.0,-0.0,285.0511169433594,0.0,0.0,9.063925972441211e-05,298.4406433105469,303.1499938964844,285.1499938964844,0.0,-0.0,285.0511169433594,0.0,0.0,9.5447656349279e-05,299.0341491699219,303.1499938964844,285.1499938964844,0.0,-0.0,285.0498962402344,0.0,0.0,7.04974663676694e-05,298.2824401855469,303.1499938964844,285.1499938964844,0.0,-0.0,285.0511779785156,0.0,0.0,9.54475108301267e-05,298.4101867675781,303.1499938964844,285.1499938964844,0.0,-0.0,285.0499572753906,0.0,0.0,0.0004527607234194,285.01739501953125,294.1499938964844,286.4574890136719,283.06915283203125,290.3282775878906,287.3235778808594,285.124267578125,0.0,0.0,0.0,0.0,1.0,1.0,-0.0009657925693318,1.8641754806481003e-09,0.0009657907066866,-0.0039351284503936,0.0,0.0,0.0,-0.0057369656860828,60.0,0.9156753420829772,-0.0,-6.359552884305232e-08,0.0,283.35400390625,284.5365905761719,288.9228210449219,289.824462890625,293.1499938964844,293.1499938964844,278.1499938964844,0.0,18000.0,313.1499938964844,0.0,18000.0,0.0,0.0,0.0,0.0,0.0,0.0,0.0,0.0,0.0,-0.0,-0.0,-0.0,-5.5419562194307814e-21,-2.7709781097153907e-21,-2.7709781097153907e-21,0.0,0.0,-0.0,0.0,0.0,0.0,-0.0,0.0,0.0,0.0,0.0,0.0,4.0,0.0,0.0
12176040,298.5115966796875,303.1499938964844,285.1499938964844,0.0,-0.0,285.0511169433594,0.0,0.0,9.063925972441211e-05,298.4406433105469,303.1499938964844,285.1499938964844,0.0,-0.0,285.0511169433594,0.0,0.0,9.5447656349279e-05,299.0341491699219,303.1499938964844,285.1499938964844,0.0,-0.0,285.0498962402344,0.0,0.0,7.04974663676694e-05,298.2824401855469,303.1499938964844,285.1499938964844,0.0,-0.0,285.0511779785156,0.0,0.0,9.54475108301267e-05,298.4101867675781,303.1499938964844,285.1499938964844,0.0,-0.0,285.0499572753906,0.0,0.0,0.0004527607234194,285.01739501953125,294.1499938964844,286.4574890136719,283.06915283203125,290.3282775878906,287.3235778808594,285.124267578125,0.0,0.0,0.0,0.0,1.0,1.0,-0.0009657925693318,1.8641754806481003e-09,0.0009657907066866,-0.0039351284503936,0.0,0.0,0.0,-0.0057369656860828,60.0,0.9156753420829772,-0.0,-6.359552884305232e-08,0.0,283.35400390625,284.5365905761719,288.9228210449219,289.824462890625,293.1499938964844,293.1499938964844,278.1499938964844,0.0,18000.0,313.1499938964844,0.0,18000.0,0.0,0.0,0.0,0.0,0.0,0.0,0.0,0.0,0.0,-0.0,-0.0,-0.0,-5.5419562194307814e-21,-2.7709781097153907e-21,-2.7709781097153907e-21,0.0,0.0,-0.0,0.0,0.0,0.0,-0.0,0.0,0.0,0.0,0.0,0.0,4.0,0.0,0.0
12176100,298.5089416503906,303.1499938964844,285.1499938964844,0.0,-0.0,285.0508117675781,0.0,0.0,9.052467794390397e-05,298.4412841796875,303.1499938964844,285.1499938964844,0.0,-0.0,285.0508117675781,0.0,0.0,9.532699186820535e-05,299.0321350097656,303.1499938964844,285.1499938964844,0.0,-0.0,285.0495910644531,0.0,0.0,7.040834316285327e-05,298.28082275390625,303.1499938964844,285.1499938964844,0.0,-0.0,285.0508728027344,0.0,0.0,9.53268536250107e-05,298.4096374511719,303.1499938964844,285.1499938964844,0.0,-0.0,285.0496826171875,0.0,0.0,0.0004521883674897,285.01727294921875,294.1499938964844,286.4161071777344,283.0404357910156,290.2948608398437,287.3021545410156,285.1250915527344,0.0,0.0,0.0,0.0,1.0,1.0,-0.0009645714890211,1.721393139142435e-09,0.000964569800999,-0.0035609803162515,0.0,0.0,0.0,-0.0056661823764443,60.0,0.8865103125572205,-0.0,-6.343481118165073e-08,0.0,283.35400390625,284.5365905761719,288.9228210449219,289.824462890625,293.1499938964844,293.1499938964844,278.1499938964844,0.0,18000.0,313.1499938964844,0.0,18000.0,0.0,0.0,0.0,0.0,0.0,0.0,0.0,0.0,0.0,-0.0,-0.0,-0.0,-5.5419562194307814e-21,-2.7709781097153907e-21,-2.7709781097153907e-21,0.0,0.0,-0.0,0.0,0.0,0.0,-0.0,0.0,0.0,0.0,0.0,0.0,4.0,0.0,0.0
12176160,298.5058898925781,303.1499938964844,285.1499938964844,0.0,-0.0,285.050537109375,0.0,0.0,9.041022713063283e-05,298.4420471191406,303.1499938964844,285.1499938964844,0.0,-0.0,285.050537109375,0.0,0.0,9.520647290628403e-05,299.0301208496094,303.1499938964844,285.1499938964844,0.0,-0.0,285.04931640625,0.0,0.0,7.031932909740135e-05,298.2792053222656,303.1499938964844,285.1499938964844,0.0,-0.0,285.05059814453125,0.0,0.0,9.520632738713176e-05,298.4091186523437,303.1499938964844,285.1499938964844,0.0,-0.0,285.04937744140625,0.0,0.0,0.000451616680948,285.01715087890625,294.1499938964844,286.3748779296875,283.0116271972656,290.26141357421875,287.2835693359375,285.1258850097656,0.0,0.0,0.0,0.0,1.0,1.0,-0.0009633517474867,1.578773001220668e-09,0.0009633501758798,-0.0031872552353888,0.0,0.0,0.0,-0.0055954786948859,60.0,0.8575006127357483,-0.0,-6.327448431875382e-08,0.0,283.35400390625,284.5365905761719,288.9228210449219,289.824462890625,293.1499938964844,293.1499938964844,278.1499938964844,0.0,18000.0,313.1499938964844,0.0,18000.0,0.0,0.0,0.0,0.0,0.0,0.0,0.0,0.0,0.0,-0.0,-0.0,-0.0,-5.5419562194307814e-21,-2.7709781097153907e-21,-2.7709781097153907e-21,0.0,0.0,-0.0,0.0,0.0,0.0,-0.0,0.0,0.0,0.0,0.0,0.0,4.0,0.0,0.0
12176220,298.499267578125,303.1499938964844,285.1499938964844,0.0,-0.0,285.04998779296875,0.0,0.0,9.020968718687072e-05,298.4439392089844,303.1499938964844,285.1499938964844,0.0,-0.0,285.04998779296875,0.0,0.0,9.499529551248996e-05,299.02618408203125,303.1499938964844,285.1499938964844,0.0,-0.0,285.0487976074219,0.0,0.0,7.016334711806849e-05,298.27606201171875,303.1499938964844,285.1499938964844,0.0,-0.0,285.050048828125,0.0,0.0,9.49951572692953e-05,298.4081115722656,303.1499938964844,285.1499938964844,0.0,-0.0,285.0488586425781,0.0,0.0,0.0004506149853114,285.0169372558594,294.1499938964844,286.2929382324219,282.9537353515625,290.1944274902344,287.253173828125,285.1274108886719,0.0,0.0,0.0,0.0,1.0,1.0,-0.0009612143039703,1.3288705691394394e-09,0.0009612129651941,-0.0025324027519673,0.0,0.0,0.0,-0.005471589975059,60.0,0.8000831604003906,-0.0,-6.299404020637668e-08,0.0,283.35400390625,284.5365905761719,288.9228210449219,289.824462890625,293.1499938964844,293.1499938964844,278.1499938964844,0.0,18000.0,313.1499938964844,0.0,18000.0,0.0,0.0,0.0,0.0,0.0,0.0,0.0,0.0,0.0,-0.0,-0.0,-0.0,-5.5419562194307814e-21,-2.7709781097153907e-21,-2.7709781097153907e-21,0.0,0.0,-0.0,0.0,0.0,0.0,-0.0,0.0,0.0,0.0,0.0,0.0,4.0,0.0,0.0
12176280,298.499267578125,303.1499938964844,285.1499938964844,0.0,-0.0,285.04998779296875,0.0,0.0,9.020968718687072e-05,298.4439392089844,303.1499938964844,285.1499938964844,0.0,-0.0,285.04998779296875,0.0,0.0,9.499529551248996e-05,299.02618408203125,303.1499938964844,285.1499938964844,0.0,-0.0,285.0487976074219,0.0,0.0,7.016334711806849e-05,298.27606201171875,303.1499938964844,285.1499938964844,0.0,-0.0,285.050048828125,0.0,0.0,9.49951572692953e-05,298.4081115722656,303.1499938964844,285.1499938964844,0.0,-0.0,285.0488586425781,0.0,0.0,0.0004506149853114,285.0169372558594,294.1499938964844,286.2929382324219,282.9537353515625,290.1944274902344,287.253173828125,285.1274108886719,0.0,0.0,0.0,0.0,1.0,1.0,-0.0009612143039703,1.3288705691394394e-09,0.0009612129651941,-0.0025324027519673,0.0,0.0,0.0,-0.005471589975059,60.0,0.8000831604003906,-0.0,-6.299404020637668e-08,0.0,283.35400390625,284.5365905761719,288.9228210449219,289.824462890625,293.1499938964844,293.1499938964844,278.1499938964844,0.0,18000.0,313.1499938964844,0.0,18000.0,0.0,0.0,0.0,0.0,0.0,0.0,0.0,0.0,0.0,-0.0,-0.0,-0.0,-5.5419562194307814e-21,-2.7709781097153907e-21,-2.7709781097153907e-21,0.0,0.0,-0.0,0.0,0.0,0.0,-0.0,0.0,0.0,0.0,0.0,0.0,4.0,0.0,0.0
12176340,298.49468994140625,303.1499938964844,285.1499938964844,0.0,-0.0,285.04962158203125,0.0,0.0,9.011291695060208e-05,298.4454040527344,303.1499938964844,285.1499938964844,0.0,-0.0,285.04962158203125,0.0,0.0,9.489338845014572e-05,299.0234680175781,303.1499938964844,285.1499938964844,0.0,-0.0,285.0484313964844,0.0,0.0,7.008807733654976e-05,298.27392578125,303.1499938964844,285.1499938964844,0.0,-0.0,285.0496826171875,0.0,0.0,9.489325020695104e-05,298.4073791503906,303.1499938964844,285.1499938964844,0.0,-0.0,285.0484924316406,0.0,0.0,0.0004501315997913,285.0168151855469,294.1499938964844,286.2366943359375,282.9135437011719,290.1479797363281,287.2366943359375,285.1284484863281,0.0,0.0,0.0,0.0,1.0,1.0,-0.0009601826895959,1.2082649325506623e-09,0.000960181467235,-0.0022163623943924,0.0,0.0,0.0,-0.00541179953143,60.0,0.7610206007957458,-0.0,-6.285891629431718e-08,0.0,283.35400390625,284.5365905761719,288.9228210449219,289.824462890625,293.1499938964844,293.1499938964844,278.1499938964844,0.0,18000.0,313.1499938964844,0.0,18000.0,0.0,0.0,0.0,0.0,0.0,0.0,0.0,0.0,0.0,-0.0,-0.0,-0.0,-5.5419562194307814e-21,-2.7709781097153907e-21,-2.7709781097153907e-21,0.0,0.0,-0.0,0.0,0.0,0.0,-0.0,0.0,0.0,0.0,0.0,0.0,4.0,0.0,0.0
12176400,298.4927062988281,303.1499938964844,285.1499938964844,0.0,-0.0,285.0494689941406,0.0,0.0,9.00817904039286e-05,298.4460754394531,303.1499938964844,285.1499938964844,0.0,-0.0,285.0494689941406,0.0,0.0,9.486061026109384e-05,299.02227783203125,303.1499938964844,285.1499938964844,0.0,-0.0,285.0482788085937,0.0,0.0,7.006387022556737e-05,298.2729797363281,303.1499938964844,285.1499938964844,0.0,-0.0,285.0495300292969,0.0,0.0,9.486047201789916e-05,298.40704345703125,303.1499938964844,285.1499938964844,0.0,-0.0,285.04833984375,0.0,0.0,0.000449976127129,285.0167541503906,294.1499938964844,286.2117919921875,282.8956604003906,290.1273193359375,287.23016357421875,285.12890625,0.0,0.0,0.0,0.0,1.0,1.0,-0.0009598507895134,1.1694691881558583e-09,0.0009598496253602,-0.00211470015347,0.0,0.0,0.0,-0.0053925663232803,60.0,0.7438477277755737,-0.0,-6.281548081688015e-08,0.0,283.35400390625,284.5365905761719,288.9228210449219,289.824462890625,293.1499938964844,293.1499938964844,278.1499938964844,0.0,18000.0,313.1499938964844,0.0,18000.0,0.0,0.0,0.0,0.0,0.0,0.0,0.0,0.0,0.0,-0.0,-0.0,-0.0,-5.5419562194307814e-21,-2.7709781097153907e-21,-2.7709781097153907e-21,0.0,0.0,-0.0,0.0,0.0,0.0,-0.0,0.0,0.0,0.0,0.0,0.0,4.0,0.0,0.0
12176460,298.48663330078125,303.1499938964844,285.1499938964844,0.0,-0.0,285.0489807128906,0.0,0.0,9.002709703054279e-05,298.4482727050781,303.1499938964844,285.1499938964844,0.0,-0.0,285.0489807128906,0.0,0.0,9.480301378061996e-05,299.0183410644531,303.1499938964844,285.1499938964844,0.0,-0.0,285.0478210449219,0.0,0.0,7.002132770139724e-05,298.2698669433594,303.1499938964844,285.1499938964844,0.0,-0.0,285.04901123046875,0.0,0.0,9.480287553742528e-05,298.4059143066406,303.1499938964844,285.1499938964844,0.0,-0.0,285.0478820800781,0.0,0.0,0.0004497029294725,285.0166015625,294.1499938964844,286.1314697265625,282.8376159667969,290.06005859375,287.21063232421875,285.1303100585937,0.0,0.0,0.0,0.0,1.0,1.0,-0.0009592673159204,1.1012738498905603e-09,0.0009592662681825,-0.0019359979778528,0.0,0.0,0.0,-0.0053587579168379,60.0,0.6888740658760071,-0.0,-6.273916142163216e-08,0.0,283.35400390625,284.5365905761719,288.9228210449219,289.824462890625,293.1499938964844,293.1499938964844,278.1499938964844,0.0,18000.0,313.1499938964844,0.0,18000.0,0.0,0.0,0.0,0.0,0.0,0.0,0.0,0.0,0.0,-0.0,-0.0,-0.0,-5.5419562194307814e-21,-2.7709781097153907e-21,-2.7709781097153907e-21,0.0,0.0,-0.0,0.0,0.0,0.0,-0.0,0.0,0.0,0.0,0.0,0.0,4.0,0.0,0.0
12176520,298.48663330078125,303.1499938964844,285.1499938964844,0.0,-0.0,285.0489807128906,0.0,0.0,9.002709703054279e-05,298.4482727050781,303.1499938964844,285.1499938964844,0.0,-0.0,285.0489807128906,0.0,0.0,9.480301378061996e-05,299.0183410644531,303.1499938964844,285.1499938964844,0.0,-0.0,285.0478210449219,0.0,0.0,7.002132770139724e-05,298.2698669433594,303.1499938964844,285.1499938964844,0.0,-0.0,285.04901123046875,0.0,0.0,9.480287553742528e-05,298.4059143066406,303.1499938964844,285.1499938964844,0.0,-0.0,285.0478820800781,0.0,0.0,0.0004497029294725,285.0166015625,294.1499938964844,286.1314697265625,282.8376159667969,290.06005859375,287.21063232421875,285.1303100585937,0.0,0.0,0.0,0.0,1.0,1.0,-0.0009592673159204,1.1012738498905603e-09,0.0009592662681825,-0.0019359979778528,0.0,0.0,0.0,-0.0053587579168379,60.0,0.6888740658760071,-0.0,-6.273916142163216e-08,0.0,283.35400390625,284.5365905761719,288.9228210449219,289.824462890625,293.1499938964844,293.1499938964844,278.1499938964844,0.0,18000.0,313.1499938964844,0.0,18000.0,0.0,0.0,0.0,0.0,0.0,0.0,0.0,0.0,0.0,-0.0,-0.0,-0.0,-5.5419562194307814e-21,-2.7709781097153907e-21,-2.7709781097153907e-21,0.0,0.0,-0.0,0.0,0.0,0.0,-0.0,0.0,0.0,0.0,0.0,0.0,4.0,0.0,0.0
12176580,298.4813537597656,303.1499938964844,285.1499938964844,0.0,-0.0,285.0487670898437,0.0,0.0,9.002743900055066e-05,298.45025634765625,303.1499938964844,285.1499938964844,0.0,-0.0,285.0487670898437,0.0,0.0,9.480337030254304e-05,299.014404296875,303.1499938964844,285.1499938964844,0.0,-0.0,285.0476379394531,0.0,0.0,7.002158963587135e-05,298.2667541503906,303.1499938964844,285.1499938964844,0.0,-0.0,285.048828125,0.0,0.0,9.4803239335306e-05,298.4046936035156,303.1499938964844,285.1499938964844,0.0,-0.0,285.04766845703125,0.0,0.0,0.0004497046465985,285.01678466796875,294.1499938964844,286.0520324707031,282.7798156738281,289.9945373535156,287.1914978027344,285.1316833496094,0.0,0.0,0.0,0.0,1.0,1.0,-0.0009187149698846,1.0610275991140832e-09,0.0009187139221467,-0.0018707425333559,0.0,0.0,0.0,-0.005136695690453,60.0,0.6211711168289185,-0.0,-6.273958064184626e-08,0.0,283.35400390625,284.5365905761719,288.9228210449219,289.824462890625,293.1499938964844,293.1499938964844,278.1499938964844,0.0,18000.0,313.1499938964844,0.0,18000.0,0.0,0.0,0.0,0.0,0.0,0.0,0.0,0.0,0.0,-0.0,-0.0,-0.0,-5.5419562194307814e-21,-2.7709781097153907e-21,-2.7709781097153907e-21,0.0,0.0,-0.0,0.0,0.0,0.0,-0.0,0.0,0.0,0.0,0.0,0.0,4.0,0.0,0.0
12176640,298.4813537597656,303.1499938964844,285.1499938964844,0.0,-0.0,285.0487670898437,0.0,0.0,9.002743900055066e-05,298.45025634765625,303.1499938964844,285.1499938964844,0.0,-0.0,285.0487670898437,0.0,0.0,9.480337030254304e-05,299.014404296875,303.1499938964844,285.1499938964844,0.0,-0.0,285.0476379394531,0.0,0.0,7.002158963587135e-05,298.2667541503906,303.1499938964844,285.1499938964844,0.0,-0.0,285.048828125,0.0,0.0,9.4803239335306e-05,298.4046936035156,303.1499938964844,285.1499938964844,0.0,-0.0,285.04766845703125,0.0,0.0,0.0004497046465985,285.01678466796875,294.1499938964844,286.0520324707031,282.7798156738281,289.9945373535156,287.1914978027344,285.1316833496094,0.0,0.0,0.0,0.0,1.0,1.0,-0.0009187149698846,1.0610275991140832e-09,0.0009187139221467,-0.0018707425333559,0.0,0.0,0.0,-0.005136695690453,60.0,0.6211711168289185,-0.0,-6.273958064184626e-08,0.0,283.35400390625,284.5365905761719,288.9228210449219,289.824462890625,293.1499938964844,293.1499938964844,278.1499938964844,0.0,18000.0,313.1499938964844,0.0,18000.0,0.0,0.0,0.0,0.0,0.0,0.0,0.0,0.0,0.0,-0.0,-0.0,-0.0,-5.5419562194307814e-21,-2.7709781097153907e-21,-2.7709781097153907e-21,0.0,0.0,-0.0,0.0,0.0,0.0,-0.0,0.0,0.0,0.0,0.0,0.0,4.0,0.0,0.0
12176700,298.4789428710937,303.1499938964844,285.1499938964844,0.0,-0.0,285.0495910644531,0.0,0.0,9.001856960821897e-05,298.4511413574219,303.1499938964844,285.1499938964844,0.0,-0.0,285.0495910644531,0.0,0.0,9.479402797296645e-05,299.0124206542969,303.1499938964844,285.1499938964844,0.0,-0.0,285.04852294921875,0.0,0.0,7.001468475209549e-05,298.2651672363281,303.1499938964844,285.1499938964844,0.0,-0.0,285.04962158203125,0.0,0.0,9.479389700572938e-05,298.404052734375,303.1499938964844,285.1499938964844,0.0,-0.0,285.04852294921875,0.0,0.0,0.0004496603214647,285.0180969238281,294.1499938964844,286.0126647949219,282.75103759765625,289.9630432128906,287.1815795898437,285.1323547363281,0.0,0.0,0.0,0.0,1.0,1.0,-0.0009248324786312,1.0561727048497003e-09,0.0009248313726857,-0.0018518618308007,0.0,0.0,0.0,-0.0051652481779456,60.0,0.5787010788917542,-0.0,-6.27271887765346e-08,0.0,283.35400390625,284.5365905761719,288.9228210449219,289.824462890625,293.1499938964844,293.1499938964844,278.1499938964844,0.0,18000.0,313.1499938964844,0.0,18000.0,0.0,0.0,0.0,0.0,0.0,0.0,0.0,0.0,0.0,-0.0,-0.0,-0.0,-5.5419562194307814e-21,-2.7709781097153907e-21,-2.7709781097153907e-21,0.0,0.0,-0.0,0.0,0.0,0.0,-0.0,0.0,0.0,0.0,0.0,0.0,4.0,0.0,0.0
12176760,298.47674560546875,303.1499938964844,285.1499938964844,0.0,-0.0,285.0497131347656,0.0,0.0,9.00285376701504e-05,298.45184326171875,303.1499938964844,285.1499938964844,0.0,-0.0,285.0497131347656,0.0,0.0,9.48045271798037e-05,299.01043701171875,303.1499938964844,285.1499938964844,0.0,-0.0,285.04864501953125,0.0,0.0,7.002244092291221e-05,298.2635498046875,303.1499938964844,285.1499938964844,0.0,-0.0,285.0497436523437,0.0,0.0,9.480439621256664e-05,298.40338134765625,303.1499938964844,285.1499938964844,0.0,-0.0,285.04864501953125,0.0,0.0,0.0004497101472225,285.0186767578125,294.1499938964844,285.9735717773437,282.7223815917969,289.9314270019531,287.171630859375,285.13299560546875,0.0,0.0,0.0,0.0,1.0,1.0,-0.0008730396511964,1.0165872588174807e-09,0.0008730386616662,-0.0017995837843045,0.0,0.0,0.0,-0.0048869848251342,60.0,0.5462736487388611,-0.0,-6.274105857073664e-08,0.0,283.35400390625,284.5365905761719,288.9228210449219,289.824462890625,293.1499938964844,293.1499938964844,278.1499938964844,0.0,18000.0,313.1499938964844,0.0,18000.0,0.0,0.0,0.0,0.0,0.0,0.0,0.0,0.0,0.0,-0.0,-0.0,-0.0,-5.5419562194307814e-21,-2.7709781097153907e-21,-2.7709781097153907e-21,0.0,0.0,-0.0,0.0,0.0,0.0,-0.0,0.0,0.0,0.0,0.0,0.0,4.0,0.0,0.0
12176820,298.4729309082031,303.1499938964844,285.1499938964844,0.0,-0.0,285.0507507324219,0.0,0.0,4.1753050027182326e-05,298.4519958496094,303.1499938964844,285.1499938964844,0.0,-0.0,285.0507507324219,0.0,0.0,4.396803706185892e-05,299.0064697265625,303.1499938964844,285.1499938964844,0.0,-0.0,285.0497436523437,0.0,0.0,3.2474705221829936e-05,298.26031494140625,303.1499938964844,285.1499938964844,0.0,-0.0,285.0507507324219,0.0,0.0,4.39679752162192e-05,298.4020690917969,303.1499938964844,285.1499938964844,0.0,-0.0,285.0496520996094,0.0,0.0,0.0002085646556224,285.0198974609375,294.1499938964844,285.8961181640625,282.66558837890625,289.8715515136719,287.1522827148437,285.1342468261719,0.0,0.0,0.0,0.0,1.0,1.0,-0.0008402860257774,9.524744326583343e-10,0.0008402850944548,-0.0016637841472402,0.0,0.0,0.0,-0.0046727084554731,60.0,0.4744213819503784,-0.0,-1.3494833694949192e-08,0.0,283.35400390625,284.5365905761719,288.9228210449219,289.824462890625,293.1499938964844,293.1499938964844,278.1499938964844,0.0,18000.0,313.1499938964844,0.0,18000.0,0.0,0.0,0.0,0.0,0.0,0.0,0.0,0.0,0.0,-0.0,-0.0,-0.0,-5.5419562194307814e-21,-2.7709781097153907e-21,-2.7709781097153907e-21,0.0,0.0,-0.0,0.0,0.0,0.0,-0.0,0.0,0.0,0.0,0.0,0.0,4.0,0.0,0.0
12176880,298.4729309082031,303.1499938964844,285.1499938964844,0.0,-0.0,285.0507507324219,0.0,0.0,4.1753050027182326e-05,298.4519958496094,303.1499938964844,285.1499938964844,0.0,-0.0,285.0507507324219,0.0,0.0,4.396803706185892e-05,299.0064697265625,303.1499938964844,285.1499938964844,0.0,-0.0,285.0497436523437,0.0,0.0,3.2474705221829936e-05,298.26031494140625,303.1499938964844,285.1499938964844,0.0,-0.0,285.0507507324219,0.0,0.0,4.39679752162192e-05,298.4020690917969,303.1499938964844,285.1499938964844,0.0,-0.0,285.0496520996094,0.0,0.0,0.0002085646556224,285.0198974609375,294.1499938964844,285.8961181640625,282.66558837890625,289.8715515136719,287.1522827148437,285.1342468261719,0.0,0.0,0.0,0.0,1.0,1.0,-0.0008402860257774,9.524744326583343e-10,0.0008402850944548,-0.0016637841472402,0.0,0.0,0.0,-0.0046727084554731,60.0,0.4744213819503784,-0.0,-1.3494833694949192e-08,0.0,283.35400390625,284.5365905761719,288.9228210449219,289.824462890625,293.1499938964844,293.1499938964844,278.1499938964844,0.0,18000.0,313.1499938964844,0.0,18000.0,0.0,0.0,0.0,0.0,0.0,0.0,0.0,0.0,0.0,-0.0,-0.0,-0.0,-5.5419562194307814e-21,-2.7709781097153907e-21,-2.7709781097153907e-21,0.0,0.0,-0.0,0.0,0.0,0.0,-0.0,0.0,0.0,0.0,0.0,0.0,4.0,0.0,0.0
12176940,298.4706420898437,303.1499938964844,285.1499938964844,0.0,-0.0,285.0526428222656,0.0,0.0,9.004216553876176e-05,298.4512634277344,303.1499938964844,285.1499938964844,0.0,-0.0,285.0526428222656,0.0,0.0,9.481887536821888e-05,299.00372314453125,303.1499938964844,285.1499938964844,0.0,-0.0,285.0517272949219,0.0,0.0,7.003303471719846e-05,298.258056640625,303.1499938964844,285.1499938964844,0.0,-0.0,285.0526123046875,0.0,0.0,9.48187444009818e-05,298.4011535644531,303.1499938964844,285.1499938964844,0.0,-0.0,285.0515441894531,0.0,0.0,0.0004497782210819,285.022216796875,294.1499938964844,285.8431396484375,282.626708984375,289.8326416015625,287.1392517089844,285.1351013183594,0.0,0.0,0.0,0.0,1.0,1.0,-0.0006487888167612,8.087399638867511e-10,0.0006487880600616,-0.0014774017035961,0.0,0.0,0.0,-0.0036656763404607,60.0,0.4124646782875061,-0.0,-6.275997321836257e-08,0.0,283.35400390625,284.5365905761719,288.9228210449219,289.824462890625,293.1499938964844,293.1499938964844,278.1499938964844,0.0,18000.0,313.1499938964844,0.0,18000.0,0.0,0.0,0.0,0.0,0.0,0.0,0.0,0.0,0.0,-0.0,-0.0,-0.0,-5.5419562194307814e-21,-2.7709781097153907e-21,-2.7709781097153907e-21,0.0,0.0,-0.0,0.0,0.0,0.0,-0.0,0.0,0.0,0.0,0.0,0.0,4.0,0.0,0.0
12177000,298.4697265625,303.1499938964844,285.1499938964844,0.0,-0.0,285.0534362792969,0.0,0.0,8.164023165591061e-05,298.4507751464844,303.1499938964844,285.1499938964844,0.0,-0.0,285.0534362792969,0.0,0.0,8.597122359788045e-05,299.0025329589844,303.1499938964844,285.1499938964844,0.0,-0.0,285.05255126953125,0.0,0.0,6.34981770417653e-05,298.257080078125,303.1499938964844,285.1499938964844,0.0,-0.0,285.05340576171875,0.0,0.0,8.597109990660101e-05,298.4007568359375,303.1499938964844,285.1499938964844,0.0,-0.0,285.0523681640625,0.0,0.0,0.0004078089259564,285.0229797363281,294.1499938964844,285.8197631835937,282.60955810546875,289.8183898925781,287.133544921875,285.1354675292969,0.0,0.0,0.0,0.0,1.0,1.0,-0.000672772177495,8.014280350465697e-10,0.0006727713625878,-0.0014341954374685,0.0,0.0,0.0,-0.003779340069741,60.0,0.3717300593852997,-0.0,-5.1594007288713335e-08,0.0,283.35400390625,284.5365905761719,288.9228210449219,289.824462890625,293.1499938964844,293.1499938964844,278.1499938964844,0.0,18000.0,313.1499938964844,0.0,18000.0,0.0,0.0,0.0,0.0,0.0,0.0,0.0,0.0,0.0,-0.0,-0.0,-0.0,-5.5419562194307814e-21,-2.7709781097153907e-21,-2.7709781097153907e-21,0.0,0.0,-0.0,0.0,0.0,0.0,-0.0,0.0,0.0,0.0,0.0,0.0,4.0,0.0,0.0
12177060,298.46710205078125,303.1499938964844,285.1499938964844,0.0,-0.0,285.05645751953125,0.0,0.0,2.93657067231834e-05,298.44854736328125,303.1499938964844,285.1499938964844,0.0,-0.0,285.0564270019531,0.0,0.0,3.092354745604098e-05,298.99859619140625,303.1499938964844,285.1499938964844,0.0,-0.0,285.0556945800781,0.0,0.0,2.284007132402621e-05,298.2538146972656,303.1499938964844,285.1499938964844,0.0,-0.0,285.0563659667969,0.0,0.0,3.09235074382741e-05,298.3994445800781,303.1499938964844,285.1499938964844,0.0,-0.0,285.05535888671875,0.0,0.0,0.0001466874527977,285.0253295898437,294.1499938964844,285.7445678710937,282.5545349121094,289.77850341796875,287.118896484375,285.1366271972656,0.0,0.0,0.0,0.0,1.0,1.0,-0.0005330577259883,6.11868500310919e-10,0.000533057085704,-0.0010755552211776,0.0,0.0,0.0,-0.002968929009512,60.0,0.2670058906078338,-0.0,-6.6753114147388715e-09,0.0,283.35400390625,284.5365905761719,288.9228210449219,289.824462890625,293.1499938964844,293.1499938964844,278.1499938964844,0.0,18000.0,313.1499938964844,0.0,18000.0,0.0,0.0,0.0,0.0,0.0,0.0,0.0,0.0,0.0,-0.0,-0.0,-0.0,-5.5419562194307814e-21,-2.7709781097153907e-21,-2.7709781097153907e-21,0.0,0.0,-0.0,0.0,0.0,0.0,-0.0,0.0,0.0,0.0,0.0,0.0,4.0,0.0,0.0
12177120,298.46710205078125,303.1499938964844,285.1499938964844,0.0,-0.0,285.05645751953125,0.0,0.0,2.93657067231834e-05,298.44854736328125,303.1499938964844,285.1499938964844,0.0,-0.0,285.0564270019531,0.0,0.0,3.092354745604098e-05,298.99859619140625,303.1499938964844,285.1499938964844,0.0,-0.0,285.0556945800781,0.0,0.0,2.284007132402621e-05,298.2538146972656,303.1499938964844,285.1499938964844,0.0,-0.0,285.0563659667969,0.0,0.0,3.09235074382741e-05,298.3994445800781,303.1499938964844,285.1499938964844,0.0,-0.0,285.05535888671875,0.0,0.0,0.0001466874527977,285.0253295898437,294.1499938964844,285.7445678710937,282.5545349121094,289.77850341796875,287.118896484375,285.1366271972656,0.0,0.0,0.0,0.0,1.0,1.0,-0.0005330577259883,6.11868500310919e-10,0.000533057085704,-0.0010755552211776,0.0,0.0,0.0,-0.002968929009512,60.0,0.2670058906078338,-0.0,-6.6753114147388715e-09,0.0,283.35400390625,284.5365905761719,288.9228210449219,289.824462890625,293.1499938964844,293.1499938964844,278.1499938964844,0.0,18000.0,313.1499938964844,0.0,18000.0,0.0,0.0,0.0,0.0,0.0,0.0,0.0,0.0,0.0,-0.0,-0.0,-0.0,-5.5419562194307814e-21,-2.7709781097153907e-21,-2.7709781097153907e-21,0.0,0.0,-0.0,0.0,0.0,0.0,-0.0,0.0,0.0,0.0,0.0,0.0,4.0,0.0,0.0
12177180,298.4648742675781,303.1499938964844,285.1499938964844,0.0,-0.0,285.06549072265625,0.0,0.0,3.0270688512246124e-05,298.4457092285156,303.1499938964844,285.1499938964844,0.0,-0.0,285.0654602050781,0.0,0.0,3.1876537832431495e-05,298.9947204589844,303.1499938964844,285.1499938964844,0.0,-0.0,285.0650634765625,0.0,0.0,2.354394746362232e-05,298.2506103515625,303.1499938964844,285.1499938964844,0.0,-0.0,285.0652770996094,0.0,0.0,3.187649417668581e-05,298.398193359375,303.1499938964844,285.1499938964844,0.0,-0.0,285.0643615722656,0.0,0.0,0.0001512080052634,285.0349426269531,294.1499938964844,285.67059326171875,282.50067138671875,289.753662109375,287.1117858886719,285.1376953125,0.0,0.0,0.0,0.0,1.0,1.0,-0.0003225466643925,4.034244605044535e-10,0.0003225462569389,-0.000738063477911,0.0,0.0,0.0,-0.0018168148817494,60.0,0.1622276157140731,-0.0,-7.093083453924009e-09,0.0,283.35400390625,284.5365905761719,288.9228210449219,289.824462890625,293.1499938964844,293.1499938964844,278.1499938964844,0.0,18000.0,313.1499938964844,0.0,18000.0,0.0,0.0,0.0,0.0,0.0,0.0,0.0,0.0,0.0,-0.0,-0.0,-0.0,-5.5419562194307814e-21,-2.7709781097153907e-21,-2.7709781097153907e-21,0.0,0.0,-0.0,0.0,0.0,0.0,-0.0,0.0,0.0,0.0,0.0,0.0,4.0,0.0,0.0
12177240,298.4648742675781,303.1499938964844,285.1499938964844,0.0,-0.0,285.06549072265625,0.0,0.0,3.0270688512246124e-05,298.4457092285156,303.1499938964844,285.1499938964844,0.0,-0.0,285.0654602050781,0.0,0.0,3.1876537832431495e-05,298.9947204589844,303.1499938964844,285.1499938964844,0.0,-0.0,285.0650634765625,0.0,0.0,2.354394746362232e-05,298.2506103515625,303.1499938964844,285.1499938964844,0.0,-0.0,285.0652770996094,0.0,0.0,3.187649417668581e-05,298.398193359375,303.1499938964844,285.1499938964844,0.0,-0.0,285.0643615722656,0.0,0.0,0.0001512080052634,285.0349426269531,294.1499938964844,285.67059326171875,282.50067138671875,289.753662109375,287.1117858886719,285.1376953125,0.0,0.0,0.0,0.0,1.0,1.0,-0.0003225466643925,4.034244605044535e-10,0.0003225462569389,-0.000738063477911,0.0,0.0,0.0,-0.0018168148817494,60.0,0.1622276157140731,-0.0,-7.093083453924009e-09,0.0,283.35400390625,284.5365905761719,288.9228210449219,289.824462890625,293.1499938964844,293.1499938964844,278.1499938964844,0.0,18000.0,313.1499938964844,0.0,18000.0,0.0,0.0,0.0,0.0,0.0,0.0,0.0,0.0,0.0,-0.0,-0.0,-0.0,-5.5419562194307814e-21,-2.7709781097153907e-21,-2.7709781097153907e-21,0.0,0.0,-0.0,0.0,0.0,0.0,-0.0,0.0,0.0,0.0,0.0,0.0,4.0,0.0,0.0
12177300,298.4638366699219,303.1499938964844,285.1499938964844,0.0,-0.0,285.0684509277344,0.0,0.0,2.483455136825796e-05,298.444091796875,303.1499938964844,285.1499938964844,0.0,-0.0,285.06842041015625,0.0,0.0,2.615201447042637e-05,298.9927978515625,303.1499938964844,285.1499938964844,0.0,-0.0,285.0681457519531,0.0,0.0,1.9315826648380607e-05,298.2489624023437,303.1499938964844,285.1499938964844,0.0,-0.0,285.06817626953125,0.0,0.0,2.61519799096277e-05,298.3975524902344,303.1499938964844,285.1499938964844,0.0,-0.0,285.0672912597656,0.0,0.0,0.0001240534475073,285.0382385253906,294.1499938964844,285.63409423828125,282.4742736816406,289.74713134765625,287.1122436523437,285.1382141113281,0.0,0.0,0.0,0.0,1.0,1.0,-0.0002638371079228,3.301892648188698e-10,0.0002638367877807,-0.0006042363820597,0.0,0.0,0.0,-0.0014862398384138,60.0,0.1260611563920974,-0.0,-4.774226791681713e-09,0.0,283.35400390625,284.5365905761719,288.9228210449219,289.824462890625,293.1499938964844,293.1499938964844,278.1499938964844,0.0,18000.0,313.1499938964844,0.0,18000.0,0.0,0.0,0.0,0.0,0.0,0.0,0.0,0.0,0.0,-0.0,-0.0,-0.0,-5.5419562194307814e-21,-2.7709781097153907e-21,-2.7709781097153907e-21,0.0,0.0,-0.0,0.0,0.0,0.0,-0.0,0.0,0.0,0.0,0.0,0.0,4.0,0.0,0.0
12177360,298.4627990722656,303.1499938964844,285.1499938964844,0.0,-0.0,285.0706787109375,0.0,0.0,2.005182977882214e-05,298.4423828125,303.1499938964844,285.1499938964844,0.0,-0.0,285.0706481933594,0.0,0.0,2.1115572963026352e-05,298.9908752441406,303.1499938964844,285.1499938964844,0.0,-0.0,285.0704650878906,0.0,0.0,1.559592055855319e-05,298.24725341796875,303.1499938964844,285.1499938964844,0.0,-0.0,285.0704040527344,0.0,0.0,2.111554385919589e-05,298.3969116210937,303.1499938964844,285.1499938964844,0.0,-0.0,285.06951904296875,0.0,0.0,0.0001001628188532,285.041015625,294.1499938964844,285.5979309082031,282.4481811523437,289.7425842285156,287.11376953125,285.13873291015625,0.0,0.0,0.0,0.0,1.0,1.0,-0.0002136607945431,2.6723559476415915e-10,0.0002136605326086,-0.0004889064584858,0.0,0.0,0.0,-0.0012034904211759,60.0,0.0964867025613784,-0.0,-3.112421875783866e-09,0.0,283.35400390625,284.5365905761719,288.9228210449219,289.824462890625,293.1499938964844,293.1499938964844,278.1499938964844,0.0,18000.0,313.1499938964844,0.0,18000.0,0.0,0.0,0.0,0.0,0.0,0.0,0.0,0.0,0.0,-0.0,-0.0,-0.0,-5.5419562194307814e-21,-2.7709781097153907e-21,-2.7709781097153907e-21,0.0,0.0,-0.0,0.0,0.0,0.0,-0.0,0.0,0.0,0.0,0.0,0.0,4.0,0.0,0.0
12177420,298.4606628417969,303.1499938964844,285.1499938964844,0.0,-0.0,285.0734558105469,0.0,0.0,1.303402768826345e-05,298.43878173828125,303.1499938964844,285.1499938964844,0.0,-0.0,285.07342529296875,0.0,0.0,1.3725478311243933e-05,298.9870300292969,303.1499938964844,285.1499938964844,0.0,-0.0,285.0733642578125,0.0,0.0,1.0137610843230505e-05,298.2437744140625,303.1499938964844,285.1499938964844,0.0,-0.0,285.0731201171875,0.0,0.0,1.3725459211855195e-05,298.3955993652344,303.1499938964844,285.1499938964844,0.0,-0.0,285.0722961425781,0.0,0.0,6.510751700261608e-05,285.0448303222656,294.1499938964844,285.526611328125,282.3972473144531,289.7375793457031,287.1172180175781,285.13970947265625,0.0,0.0,0.0,0.0,1.0,1.0,-0.000138883042382,1.7370754834544755e-10,0.000138882867759,-0.000317797268508,0.0,0.0,0.0,-0.0007822883781045,60.0,0.054422240704298,-0.0,-1.315066389118158e-09,0.0,283.35400390625,284.5365905761719,288.9228210449219,289.824462890625,293.1499938964844,293.1499938964844,278.1499938964844,0.0,18000.0,313.1499938964844,0.0,18000.0,0.0,0.0,0.0,0.0,0.0,0.0,0.0,0.0,0.0,-0.0,-0.0,-0.0,-5.5419562194307814e-21,-2.7709781097153907e-21,-2.7709781097153907e-21,0.0,0.0,-0.0,0.0,0.0,0.0,-0.0,0.0,0.0,0.0,0.0,0.0,4.0,0.0,0.0
12177480,298.4606628417969,303.1499938964844,285.1499938964844,0.0,-0.0,285.0734558105469,0.0,0.0,1.303402768826345e-05,298.43878173828125,303.1499938964844,285.1499938964844,0.0,-0.0,285.07342529296875,0.0,0.0,1.3725478311243933e-05,298.9870300292969,303.1499938964844,285.1499938964844,0.0,-0.0,285.0733642578125,0.0,0.0,1.0137610843230505e-05,298.2437744140625,303.1499938964844,285.1499938964844,0.0,-0.0,285.0731201171875,0.0,0.0,1.3725459211855195e-05,298.3955993652344,303.1499938964844,285.1499938964844,0.0,-0.0,285.0722961425781,0.0,0.0,6.510751700261608e-05,285.0448303222656,294.1499938964844,285.526611328125,282.3972473144531,289.7375793457031,287.1172180175781,285.13970947265625,0.0,0.0,0.0,0.0,1.0,1.0,-0.000138883042382,1.7370754834544755e-10,0.000138882867759,-0.000317797268508,0.0,0.0,0.0,-0.0007822883781045,60.0,0.054422240704298,-0.0,-1.315066389118158e-09,0.0,283.35400390625,284.5365905761719,288.9228210449219,289.824462890625,293.1499938964844,293.1499938964844,278.1499938964844,0.0,18000.0,313.1499938964844,0.0,18000.0,0.0,0.0,0.0,0.0,0.0,0.0,0.0,0.0,0.0,-0.0,-0.0,-0.0,-5.5419562194307814e-21,-2.7709781097153907e-21,-2.7709781097153907e-21,0.0,0.0,-0.0,0.0,0.0,0.0,-0.0,0.0,0.0,0.0,0.0,0.0,4.0,0.0,0.0
12177540,298.4583435058594,303.1499938964844,285.1499938964844,0.0,-0.0,285.0748291015625,0.0,0.0,8.895417522580829e-06,298.4349365234375,303.1499938964844,285.1499938964844,0.0,-0.0,285.0747985839844,0.0,0.0,9.367316124553328e-06,298.983154296875,303.1499938964844,285.1499938964844,0.0,-0.0,285.0747985839844,0.0,0.0,6.918681265233317e-06,298.2403869628906,303.1499938964844,285.1499938964844,0.0,-0.0,285.0744934082031,0.0,0.0,9.367303391627502e-06,298.39422607421875,303.1499938964844,285.1499938964844,0.0,-0.0,285.0736694335937,0.0,0.0,4.443434954737313e-05,285.046875,294.1499938964844,285.4566955566406,282.3480224609375,289.7353210449219,287.11962890625,285.1406555175781,0.0,0.0,0.0,0.0,1.0,1.0,-9.478418360231444e-05,1.1855108561498184e-10,9.478406718699262e-05,-0.0002168888022424,0.0,0.0,0.0,-0.0005338921910151,60.0,0.0301231350749731,-0.0,-6.125239204735067e-10,0.0,283.35400390625,284.5365905761719,288.9228210449219,289.824462890625,293.1499938964844,293.1499938964844,278.1499938964844,0.0,18000.0,313.1499938964844,0.0,18000.0,0.0,0.0,0.0,0.0,0.0,0.0,0.0,0.0,0.0,-0.0,-0.0,-0.0,-5.5419562194307814e-21,-2.7709781097153907e-21,-2.7709781097153907e-21,0.0,0.0,-0.0,0.0,0.0,0.0,-0.0,0.0,0.0,0.0,0.0,0.0,4.0,0.0,0.0
12177600,298.4583435058594,303.1499938964844,285.1499938964844,0.0,-0.0,285.0748291015625,0.0,0.0,8.895417522580829e-06,298.4349365234375,303.1499938964844,285.1499938964844,0.0,-0.0,285.0747985839844,0.0,0.0,9.367316124553328e-06,298.983154296875,303.1499938964844,285.1499938964844,0.0,-0.0,285.0747985839844,0.0,0.0,6.918681265233317e-06,298.2403869628906,303.1499938964844,285.1499938964844,0.0,-0.0,285.0744934082031,0.0,0.0,9.367303391627502e-06,298.39422607421875,303.1499938964844,285.1499938964844,0.0,-0.0,285.0736694335937,0.0,0.0,4.443434954737313e-05,285.046875,294.1499938964844,285.4566955566406,282.3480224609375,289.7353210449219,287.11962890625,285.1406555175781,0.0,0.0,0.0,0.0,1.0,1.0,-9.478418360231444e-05,1.1855108561498184e-10,9.478406718699262e-05,-0.0002168888022424,0.0,0.0,0.0,-0.0005338921910151,60.0,0.0301231350749731,-0.0,-6.125239204735067e-10,0.0,283.35400390625,284.5365905761719,288.9228210449219,289.824462890625,293.1499938964844,293.1499938964844,278.1499938964844,0.0,18000.0,313.1499938964844,0.0,18000.0,0.0,0.0,0.0,0.0,0.0,0.0,0.0,0.0,0.0,-0.0,-0.0,-0.0,-5.5419562194307814e-21,-2.7709781097153907e-21,-2.7709781097153907e-21,0.0,0.0,-0.0,0.0,0.0,0.0,-0.0,0.0,0.0,0.0,0.0,0.0,4.0,0.0,0.0
12177660,298.45574951171875,303.1499938964844,285.1499938964844,0.0,-0.0,285.0755615234375,0.0,0.0,6.550037142005749e-06,298.4309387207031,303.1499938964844,285.1499938964844,0.0,-0.0,285.0755310058594,0.0,0.0,6.897514140291605e-06,298.9792785644531,303.1499938964844,285.1499938964844,0.0,-0.0,285.0755615234375,0.0,0.0,5.0944904614880215e-06,298.2371826171875,303.1499938964844,285.1499938964844,0.0,-0.0,285.0751953125,0.0,0.0,6.897505045344587e-06,298.3927917480469,303.1499938964844,285.1499938964844,0.0,-0.0,285.07440185546875,0.0,0.0,3.2718719012336805e-05,285.0480041503906,294.1499938964844,285.3882751464844,282.3007202148437,289.73419189453125,287.12109375,285.1415405273437,0.0,0.0,0.0,0.0,1.0,1.0,-6.979314639465883e-05,8.729358902392903e-11,6.979305908316746e-05,-0.0001597033988218,0.0,0.0,0.0,-0.0003931247629225,60.0,0.0165084600448608,-0.0,-3.3210692529372915e-10,0.0,283.35400390625,284.5365905761719,288.9228210449219,289.824462890625,293.1499938964844,293.1499938964844,278.1499938964844,0.0,18000.0,313.1499938964844,0.0,18000.0,0.0,0.0,0.0,0.0,0.0,0.0,0.0,0.0,0.0,-0.0,-0.0,-0.0,-5.5419562194307814e-21,-2.7709781097153907e-21,-2.7709781097153907e-21,0.0,0.0,-0.0,0.0,0.0,0.0,-0.0,0.0,0.0,0.0,0.0,0.0,4.0,0.0,0.0
12177720,298.45574951171875,303.1499938964844,285.1499938964844,0.0,-0.0,285.0755615234375,0.0,0.0,6.550037142005749e-06,298.4309387207031,303.1499938964844,285.1499938964844,0.0,-0.0,285.0755310058594,0.0,0.0,6.897514140291605e-06,298.9792785644531,303.1499938964844,285.1499938964844,0.0,-0.0,285.0755615234375,0.0,0.0,5.0944904614880215e-06,298.2371826171875,303.1499938964844,285.1499938964844,0.0,-0.0,285.0751953125,0.0,0.0,6.897505045344587e-06,298.3927917480469,303.1499938964844,285.1499938964844,0.0,-0.0,285.07440185546875,0.0,0.0,3.2718719012336805e-05,285.0480041503906,294.1499938964844,285.3882751464844,282.3007202148437,289.73419189453125,287.12109375,285.1415405273437,0.0,0.0,0.0,0.0,1.0,1.0,-6.979314639465883e-05,8.729358902392903e-11,6.979305908316746e-05,-0.0001597033988218,0.0,0.0,0.0,-0.0003931247629225,60.0,0.0165084600448608,-0.0,-3.3210692529372915e-10,0.0,283.35400390625,284.5365905761719,288.9228210449219,289.824462890625,293.1499938964844,293.1499938964844,278.1499938964844,0.0,18000.0,313.1499938964844,0.0,18000.0,0.0,0.0,0.0,0.0,0.0,0.0,0.0,0.0,0.0,-0.0,-0.0,-0.0,-5.5419562194307814e-21,-2.7709781097153907e-21,-2.7709781097153907e-21,0.0,0.0,-0.0,0.0,0.0,0.0,-0.0,0.0,0.0,0.0,0.0,0.0,4.0,0.0,0.0
12177780,298.4528503417969,303.1499938964844,285.1499938964844,0.0,-0.0,285.07598876953125,0.0,0.0,4.893042387266178e-06,298.42681884765625,303.1499938964844,285.1499938964844,0.0,-0.0,285.075927734375,0.0,0.0,5.15261672262568e-06,298.97540283203125,303.1499938964844,285.1499938964844,0.0,-0.0,285.07598876953125,0.0,0.0,3.8057125948398607e-06,298.2341003417969,303.1499938964844,285.1499938964844,0.0,-0.0,285.0755920410156,0.0,0.0,5.152609901415417e-06,298.3913269042969,303.1499938964844,285.1499938964844,0.0,-0.0,285.0747985839844,0.0,0.0,2.4441706045763567e-05,285.0486145019531,294.1499938964844,285.3213806152344,282.2555236816406,289.7335510253906,287.1219787597656,285.1423645019531,0.0,0.0,0.0,0.0,1.0,1.0,-5.213728582020849e-05,6.521058693031989e-11,5.213722033658996e-05,-0.0001193025382235,0.0,0.0,0.0,-0.0002936743549071,60.0,0.0093008121475577,-0.0,-1.8533112544627528e-10,0.0,283.35400390625,284.5365905761719,288.9228210449219,289.824462890625,293.1499938964844,293.1499938964844,278.1499938964844,0.0,18000.0,313.1499938964844,0.0,18000.0,0.0,0.0,0.0,0.0,0.0,0.0,0.0,0.0,0.0,-0.0,-0.0,-0.0,-5.5419562194307814e-21,-2.7709781097153907e-21,-2.7709781097153907e-21,0.0,0.0,-0.0,0.0,0.0,0.0,-0.0,0.0,0.0,0.0,0.0,0.0,4.0,0.0,0.0
12177840,298.4528503417969,303.1499938964844,285.1499938964844,0.0,-0.0,285.07598876953125,0.0,0.0,4.893042387266178e-06,298.42681884765625,303.1499938964844,285.1499938964844,0.0,-0.0,285.075927734375,0.0,0.0,5.15261672262568e-06,298.97540283203125,303.1499938964844,285.1499938964844,0.0,-0.0,285.07598876953125,0.0,0.0,3.8057125948398607e-06,298.2341003417969,303.1499938964844,285.1499938964844,0.0,-0.0,285.0755920410156,0.0,0.0,5.152609901415417e-06,298.3913269042969,303.1499938964844,285.1499938964844,0.0,-0.0,285.0747985839844,0.0,0.0,2.4441706045763567e-05,285.0486145019531,294.1499938964844,285.3213806152344,282.2555236816406,289.7335510253906,287.1219787597656,285.1423645019531,0.0,0.0,0.0,0.0,1.0,1.0,-5.213728582020849e-05,6.521058693031989e-11,5.213722033658996e-05,-0.0001193025382235,0.0,0.0,0.0,-0.0002936743549071,60.0,0.0093008121475577,-0.0,-1.8533112544627528e-10,0.0,283.35400390625,284.5365905761719,288.9228210449219,289.824462890625,293.1499938964844,293.1499938964844,278.1499938964844,0.0,18000.0,313.1499938964844,0.0,18000.0,0.0,0.0,0.0,0.0,0.0,0.0,0.0,0.0,0.0,-0.0,-0.0,-0.0,-5.5419562194307814e-21,-2.7709781097153907e-21,-2.7709781097153907e-21,0.0,0.0,-0.0,0.0,0.0,0.0,-0.0,0.0,0.0,0.0,0.0,0.0,4.0,0.0,0.0
12177900,298.4512939453125,303.1499938964844,285.1499938964844,0.0,-0.0,285.0761108398437,0.0,0.0,4.122457994526485e-06,298.4247131347656,303.1499938964844,285.1499938964844,0.0,-0.0,285.0760498046875,0.0,0.0,4.341152816778049e-06,298.97344970703125,303.1499938964844,285.1499938964844,0.0,-0.0,285.0761108398437,0.0,0.0,3.206366955055273e-06,298.23260498046875,303.1499938964844,285.1499938964844,0.0,-0.0,285.0757141113281,0.0,0.0,4.341146905062487e-06,298.3905944824219,303.1499938964844,285.1499938964844,0.0,-0.0,285.0749206542969,0.0,0.0,2.0592484361259267e-05,285.048828125,294.1499938964844,285.2885437011719,282.2337646484375,289.7333679199219,287.1222229003906,285.1427307128906,0.0,0.0,0.0,0.0,1.0,1.0,-4.392648770590313e-05,5.494095803304511e-11,4.392642949824221e-05,-0.0001005142185022,0.0,0.0,0.0,-0.0002474252833053,60.0,0.0069354521110653,-0.0,-1.3155362910133306e-10,0.0,283.35400390625,284.5365905761719,288.9228210449219,289.824462890625,293.1499938964844,293.1499938964844,278.1499938964844,0.0,18000.0,313.1499938964844,0.0,18000.0,0.0,0.0,0.0,0.0,0.0,0.0,0.0,0.0,0.0,-0.0,-0.0,-0.0,-5.5419562194307814e-21,-2.7709781097153907e-21,-2.7709781097153907e-21,0.0,0.0,-0.0,0.0,0.0,0.0,-0.0,0.0,0.0,0.0,0.0,0.0,4.0,0.0,0.0
12177960,298.4496765136719,303.1499938964844,285.1499938964844,0.0,-0.0,285.076171875,0.0,0.0,3.370799731783336e-06,298.4225769042969,303.1499938964844,285.1499938964844,0.0,-0.0,285.0761413574219,0.0,0.0,3.549619577825069e-06,298.97149658203125,303.1499938964844,285.1499938964844,0.0,-0.0,285.0762023925781,0.0,0.0,2.621741941766232e-06,298.23114013671875,303.1499938964844,285.1499938964844,0.0,-0.0,285.0758056640625,0.0,0.0,3.549614802977885e-06,298.3898620605469,303.1499938964844,285.1499938964844,0.0,-0.0,285.07501220703125,0.0,0.0,1.6837804651004262e-05,285.0489501953125,294.1499938964844,285.2561340332031,282.21258544921875,289.7332458496094,287.1224365234375,285.14312744140625,0.0,0.0,0.0,0.0,1.0,1.0,-3.591725544538349e-05,4.4923405273511457e-11,3.5917211789637804e-05,-8.218720176955685e-05,0.0,0.0,0.0,-0.0002023115812335,60.0,0.0049508293159306,-0.0,-8.795414396800537e-11,0.0,283.35400390625,284.5365905761719,288.9228210449219,289.824462890625,293.1499938964844,293.1499938964844,278.1499938964844,0.0,18000.0,313.1499938964844,0.0,18000.0,0.0,0.0,0.0,0.0,0.0,0.0,0.0,0.0,0.0,-0.0,-0.0,-0.0,-5.5419562194307814e-21,-2.7709781097153907e-21,-2.7709781097153907e-21,0.0,0.0,-0.0,0.0,0.0,0.0,-0.0,0.0,0.0,0.0,0.0,0.0,4.0,0.0,0.0
12178020,298.4462585449219,303.1499938964844,285.1499938964844,0.0,-0.0,285.0762634277344,0.0,0.0,2.0224022136972053e-06,298.4183044433594,303.1499938964844,285.1499938964844,0.0,-0.0,285.0762023925781,0.0,0.0,2.129689846697147e-06,298.96759033203125,303.1499938964844,285.1499938964844,0.0,-0.0,285.0762634277344,0.0,0.0,1.572984729136806e-06,298.2281799316406,303.1499938964844,285.1499938964844,0.0,-0.0,285.07586669921875,0.0,0.0,2.1296868908393662e-06,298.3883361816406,303.1499938964844,285.1499938964844,0.0,-0.0,285.0750732421875,0.0,0.0,1.010229425446596e-05,285.049072265625,294.1499938964844,285.1925354003906,282.172119140625,289.7331237792969,287.12261962890625,285.14385986328125,0.0,0.0,0.0,0.0,1.0,1.0,-2.154966568923556e-05,2.6953182741262797e-11,2.15496384043945e-05,-4.931065632263199e-05,0.0,0.0,0.0,-0.0001213830691995,60.0,0.0016096407780423,-0.0,-3.1661059191057106e-11,0.0,283.35400390625,284.5365905761719,288.9228210449219,289.824462890625,293.1499938964844,293.1499938964844,278.1499938964844,0.0,18000.0,313.1499938964844,0.0,18000.0,0.0,0.0,0.0,0.0,0.0,0.0,0.0,0.0,0.0,-0.0,-0.0,-0.0,-5.5419562194307814e-21,-2.7709781097153907e-21,-2.7709781097153907e-21,0.0,0.0,-0.0,0.0,0.0,0.0,-0.0,0.0,0.0,0.0,0.0,0.0,4.0,0.0,0.0
12178080,298.4462585449219,303.1499938964844,285.1499938964844,0.0,-0.0,285.0762634277344,0.0,0.0,2.0224022136972053e-06,298.4183044433594,303.1499938964844,285.1499938964844,0.0,-0.0,285.0762023925781,0.0,0.0,2.129689846697147e-06,298.96759033203125,303.1499938964844,285.1499938964844,0.0,-0.0,285.0762634277344,0.0,0.0,1.572984729136806e-06,298.2281799316406,303.1499938964844,285.1499938964844,0.0,-0.0,285.07586669921875,0.0,0.0,2.1296868908393662e-06,298.3883361816406,303.1499938964844,285.1499938964844,0.0,-0.0,285.0750732421875,0.0,0.0,1.010229425446596e-05,285.049072265625,294.1499938964844,285.1925354003906,282.172119140625,289.7331237792969,287.12261962890625,285.14385986328125,0.0,0.0,0.0,0.0,1.0,1.0,-2.154966568923556e-05,2.6953182741262797e-11,2.15496384043945e-05,-4.931065632263199e-05,0.0,0.0,0.0,-0.0001213830691995,60.0,0.0016096407780423,-0.0,-3.1661059191057106e-11,0.0,283.35400390625,284.5365905761719,288.9228210449219,289.824462890625,293.1499938964844,293.1499938964844,278.1499938964844,0.0,18000.0,313.1499938964844,0.0,18000.0,0.0,0.0,0.0,0.0,0.0,0.0,0.0,0.0,0.0,-0.0,-0.0,-0.0,-5.5419562194307814e-21,-2.7709781097153907e-21,-2.7709781097153907e-21,0.0,0.0,-0.0,0.0,0.0,0.0,-0.0,0.0,0.0,0.0,0.0,0.0,4.0,0.0,0.0
12178140,298.4438171386719,303.1499938964844,285.1499938964844,0.0,-0.0,285.0762634277344,0.0,0.0,1.3048644404989318e-06,298.41534423828125,303.1499938964844,285.1499938964844,0.0,-0.0,285.0762023925781,0.0,0.0,1.3740869917455711e-06,298.96490478515625,303.1499938964844,285.1499938964844,0.0,-0.0,285.0762634277344,0.0,0.0,1.0148979754376342e-06,298.22613525390625,303.1499938964844,285.1499938964844,0.0,-0.0,285.07586669921875,0.0,0.0,1.3740851727561676e-06,298.3872985839844,303.1499938964844,285.1499938964844,0.0,-0.0,285.0750732421875,0.0,0.0,6.5180529418285005e-06,285.049072265625,294.1499938964844,285.1499938964844,282.1458740234375,289.73309326171875,287.1226806640625,285.1443176269531,0.0,0.0,0.0,0.0,1.0,1.0,-1.3904006664233748e-05,1.7390363454827806e-11,1.3903989383834414e-05,-3.181557258358225e-05,0.0,0.0,0.0,-7.831724360585213e-05,60.0,0.0004324931069277,-0.0,-1.3180173966120812e-11,0.0,283.35400390625,284.5365905761719,288.9228210449219,289.824462890625,293.1499938964844,293.1499938964844,278.1499938964844,0.0,18000.0,313.1499938964844,0.0,18000.0,0.0,0.0,0.0,0.0,0.0,0.0,0.0,0.0,0.0,-0.0,-0.0,-0.0,-5.5419562194307814e-21,-2.7709781097153907e-21,-2.7709781097153907e-21,0.0,0.0,-0.0,0.0,0.0,0.0,-0.0,0.0,0.0,0.0,0.0,0.0,4.0,0.0,0.0
12178200,298.4426574707031,303.1499938964844,285.1499938964844,0.0,-0.0,285.0762634277344,0.0,0.0,1.0392209333076607e-06,298.4139709472656,303.1499938964844,285.1499938964844,0.0,-0.0,285.0762023925781,0.0,0.0,1.0943513188976794e-06,298.96368408203125,303.1499938964844,285.1499938964844,0.0,-0.0,285.0762634277344,0.0,0.0,8.082857334557048e-07,298.2252197265625,303.1499938964844,285.1499938964844,0.0,-0.0,285.07586669921875,0.0,0.0,1.094349840968789e-06,298.3868103027344,303.1499938964844,285.1499938964844,0.0,-0.0,285.0750732421875,0.0,0.0,5.191111995372921e-06,285.049072265625,294.1499938964844,285.1307067871094,282.1342468261719,289.73309326171875,287.1226806640625,285.14453125,0.0,0.0,0.0,0.0,1.0,1.0,-1.107352272811113e-05,1.3850097284329175e-11,1.1073509085690604e-05,-2.533871702325996e-05,0.0,0.0,0.0,-6.237393245100975e-05,60.0,0.0002160496369469,-0.0,-8.359998457385664e-12,0.0,283.35400390625,284.5365905761719,288.9228210449219,289.824462890625,293.1499938964844,293.1499938964844,278.1499938964844,0.0,18000.0,313.1499938964844,0.0,18000.0,0.0,0.0,0.0,0.0,0.0,0.0,0.0,0.0,0.0,-0.0,-0.0,-0.0,-5.5419562194307814e-21,-2.7709781097153907e-21,-2.7709781097153907e-21,0.0,0.0,-0.0,0.0,0.0,0.0,-0.0,0.0,0.0,0.0,0.0,0.0,4.0,0.0,0.0
12178260,298.4389038085937,303.1499938964844,285.1499938964844,0.0,-0.0,285.0762023925781,0.0,0.0,4.47808787384929e-07,298.4096069335937,303.1499938964844,285.1499938964844,0.0,-0.0,285.076171875,0.0,0.0,4.715649026820756e-07,298.95977783203125,303.1499938964844,285.1499938964844,0.0,-0.0,285.07623291015625,0.0,0.0,3.482969077595044e-07,298.2221984863281,303.1499938964844,285.1499938964844,0.0,-0.0,285.0758361816406,0.0,0.0,4.715642489827588e-07,298.3852844238281,303.1499938964844,285.1499938964844,0.0,-0.0,285.0750427246094,0.0,0.0,2.2368926693161484e-06,285.04901123046875,294.1499938964844,285.0706787109375,282.0992126464844,289.73309326171875,287.1226806640625,285.1451721191406,0.0,0.0,0.0,0.0,1.0,1.0,-4.771682142745704e-06,5.9681144574941225e-12,4.771676231030142e-06,-1.0918678526650185e-05,0.0,0.0,0.0,-2.687748929020017e-05,60.0,-0.0003605542588047,-0.0,-1.5522998468228688e-12,0.0,283.35400390625,284.5365905761719,288.9228210449219,289.824462890625,293.1499938964844,293.1499938964844,278.1499938964844,0.0,18000.0,313.1499938964844,0.0,18000.0,0.0,0.0,0.0,0.0,0.0,0.0,0.0,0.0,0.0,-0.0,-0.0,-0.0,-5.5419562194307814e-21,-2.7709781097153907e-21,-2.7709781097153907e-21,0.0,0.0,-0.0,0.0,0.0,0.0,-0.0,0.0,0.0,0.0,0.0,0.0,4.0,0.0,0.0
12178320,298.4389038085937,303.1499938964844,285.1499938964844,0.0,-0.0,285.0762023925781,0.0,0.0,4.47808787384929e-07,298.4096069335937,303.1499938964844,285.1499938964844,0.0,-0.0,285.076171875,0.0,0.0,4.715649026820756e-07,298.95977783203125,303.1499938964844,285.1499938964844,0.0,-0.0,285.07623291015625,0.0,0.0,3.482969077595044e-07,298.2221984863281,303.1499938964844,285.1499938964844,0.0,-0.0,285.0758361816406,0.0,0.0,4.715642489827588e-07,298.3852844238281,303.1499938964844,285.1499938964844,0.0,-0.0,285.0750427246094,0.0,0.0,2.2368926693161484e-06,285.04901123046875,294.1499938964844,285.0706787109375,282.0992126464844,289.73309326171875,287.1226806640625,285.1451721191406,0.0,0.0,0.0,0.0,1.0,1.0,-4.771682142745704e-06,5.9681144574941225e-12,4.771676231030142e-06,-1.0918678526650185e-05,0.0,0.0,0.0,-2.687748929020017e-05,60.0,-0.0003605542588047,-0.0,-1.5522998468228688e-12,0.0,283.35400390625,284.5365905761719,288.9228210449219,289.824462890625,293.1499938964844,293.1499938964844,278.1499938964844,0.0,18000.0,313.1499938964844,0.0,18000.0,0.0,0.0,0.0,0.0,0.0,0.0,0.0,0.0,0.0,-0.0,-0.0,-0.0,-5.5419562194307814e-21,-2.7709781097153907e-21,-2.7709781097153907e-21,0.0,0.0,-0.0,0.0,0.0,0.0,-0.0,0.0,0.0,0.0,0.0,0.0,4.0,0.0,0.0
12178380,298.4350280761719,303.1499938964844,285.1499938964844,0.0,-0.0,285.0762023925781,0.0,0.0,1.547729198136949e-07,298.4051513671875,303.1499938964844,285.1499938964844,0.0,-0.0,285.076171875,0.0,0.0,1.629835679750613e-07,298.9559020996094,303.1499938964844,285.1499938964844,0.0,-0.0,285.07623291015625,0.0,0.0,1.203793402737574e-07,298.2191772460937,303.1499938964844,285.1499938964844,0.0,-0.0,285.0758361816406,0.0,0.0,1.629833548122406e-07,298.3836975097656,303.1499938964844,285.1499938964844,0.0,-0.0,285.0750427246094,0.0,0.0,7.731210303063563e-07,285.04901123046875,294.1499938964844,285.0125427246094,282.0671691894531,289.73309326171875,287.1226806640625,285.145751953125,0.0,0.0,0.0,0.0,1.0,1.0,-1.6492227814524083e-06,2.062750144304904e-12,1.6492207350893295e-06,-3.7737779621238575e-06,0.0,0.0,0.0,-9.289593435823916e-06,60.0,-0.0002282229979755,-0.0,-1.854301488832949e-13,0.0,283.35400390625,284.5365905761719,288.9228210449219,289.824462890625,293.1499938964844,293.1499938964844,278.1499938964844,0.0,18000.0,313.1499938964844,0.0,18000.0,0.0,0.0,0.0,0.0,0.0,0.0,0.0,0.0,0.0,-0.0,-0.0,-0.0,-5.5419562194307814e-21,-2.7709781097153907e-21,-2.7709781097153907e-21,0.0,0.0,-0.0,0.0,0.0,0.0,-0.0,0.0,0.0,0.0,0.0,0.0,4.0,0.0,0.0
12178440,298.4350280761719,303.1499938964844,285.1499938964844,0.0,-0.0,285.0762023925781,0.0,0.0,1.547729198136949e-07,298.4051513671875,303.1499938964844,285.1499938964844,0.0,-0.0,285.076171875,0.0,0.0,1.629835679750613e-07,298.9559020996094,303.1499938964844,285.1499938964844,0.0,-0.0,285.07623291015625,0.0,0.0,1.203793402737574e-07,298.2191772460937,303.1499938964844,285.1499938964844,0.0,-0.0,285.0758361816406,0.0,0.0,1.629833548122406e-07,298.3836975097656,303.1499938964844,285.1499938964844,0.0,-0.0,285.0750427246094,0.0,0.0,7.731210303063563e-07,285.04901123046875,294.1499938964844,285.0125427246094,282.0671691894531,289.73309326171875,287.1226806640625,285.145751953125,0.0,0.0,0.0,0.0,1.0,1.0,-1.6492227814524083e-06,2.062750144304904e-12,1.6492207350893295e-06,-3.7737779621238575e-06,0.0,0.0,0.0,-9.289593435823916e-06,60.0,-0.0002282229979755,-0.0,-1.854301488832949e-13,0.0,283.35400390625,284.5365905761719,288.9228210449219,289.824462890625,293.1499938964844,293.1499938964844,278.1499938964844,0.0,18000.0,313.1499938964844,0.0,18000.0,0.0,0.0,0.0,0.0,0.0,0.0,0.0,0.0,0.0,-0.0,-0.0,-0.0,-5.5419562194307814e-21,-2.7709781097153907e-21,-2.7709781097153907e-21,0.0,0.0,-0.0,0.0,0.0,0.0,-0.0,0.0,0.0,0.0,0.0,0.0,4.0,0.0,0.0
12178500,298.4330749511719,303.1499938964844,285.1499938964844,0.0,-0.0,285.0762023925781,0.0,0.0,7.74340449538613e-08,298.4029235839844,303.1499938964844,285.1499938964844,0.0,-0.0,285.076171875,0.0,0.0,8.154189856668381e-08,298.9539489746094,303.1499938964844,285.1499938964844,0.0,-0.0,285.07623291015625,0.0,0.0,6.022668230798446e-08,298.2176513671875,303.1499938964844,285.1499938964844,0.0,-0.0,285.0758361816406,0.0,0.0,8.154178487984609e-08,298.3829345703125,303.1499938964844,285.1499938964844,0.0,-0.0,285.07501220703125,0.0,0.0,3.8679823433085403e-07,285.04901123046875,294.1499938964844,284.98419189453125,282.05230712890625,289.73309326171875,287.1226806640625,285.1460266113281,0.0,0.0,0.0,0.0,1.0,1.0,-8.251246299550985e-07,1.0319842853531713e-12,8.25123606773559e-07,-1.888058250187896e-06,0.0,0.0,0.0,-4.647677997127175e-06,60.0,-0.0001603326963959,-0.0,-4.641456625509646e-14,0.0,283.35400390625,284.5365905761719,288.9228210449219,289.824462890625,293.1499938964844,293.1499938964844,278.1499938964844,0.0,18000.0,313.1499938964844,0.0,18000.0,0.0,0.0,0.0,0.0,0.0,0.0,0.0,0.0,0.0,-0.0,-0.0,-0.0,-5.5419562194307814e-21,-2.7709781097153907e-21,-2.7709781097153907e-21,0.0,0.0,-0.0,0.0,0.0,0.0,-0.0,0.0,0.0,0.0,0.0,0.0,4.0,0.0,0.0
12178560,298.4311218261719,303.1499938964844,285.1499938964844,0.0,-0.0,285.0762023925781,0.0,0.0,3.2375222502878393e-08,298.40069580078125,303.1499938964844,285.1499938964844,0.0,-0.0,285.076171875,0.0,0.0,3.409271798204827e-08,298.9519958496094,303.1499938964844,285.1499938964844,0.0,-0.0,285.07623291015625,0.0,0.0,2.5180812102121308e-08,298.2160949707031,303.1499938964844,285.1499938964844,0.0,-0.0,285.0758361816406,0.0,0.0,3.4092668244056774e-08,298.38214111328125,303.1499938964844,285.1499938964844,0.0,-0.0,285.07501220703125,0.0,0.0,1.61720564051393e-07,285.04901123046875,294.1499938964844,284.9563293457031,282.0382995605469,289.73309326171875,287.1226806640625,285.14630126953125,0.0,0.0,0.0,0.0,1.0,1.0,-3.4497475098760333e-07,4.314775262342224e-13,3.449743246619619e-07,-7.893802376202075e-07,0.0,0.0,0.0,-1.943131792359054e-06,60.0,-0.0001038859481923,-0.0,-8.11364305142127e-15,0.0,283.35400390625,284.5365905761719,288.9228210449219,289.824462890625,293.1499938964844,293.1499938964844,278.1499938964844,0.0,18000.0,313.1499938964844,0.0,18000.0,0.0,0.0,0.0,0.0,0.0,0.0,0.0,0.0,0.0,-0.0,-0.0,-0.0,-5.5419562194307814e-21,-2.7709781097153907e-21,-2.7709781097153907e-21,0.0,0.0,-0.0,0.0,0.0,0.0,-0.0,0.0,0.0,0.0,0.0,0.0,4.0,0.0,0.0
12178620,298.4271240234375,303.1499938964844,285.1499938964844,0.0,-0.0,285.0762023925781,0.0,0.0,1.262834170567828e-09,298.39617919921875,303.1499938964844,285.1499938964844,0.0,-0.0,285.076171875,0.0,0.0,1.3298271372974562e-09,298.9480895996094,303.1499938964844,285.1499938964844,0.0,-0.0,285.07623291015625,0.0,0.0,9.822077595700307e-10,298.2129821777344,303.1499938964844,285.1499938964844,0.0,-0.0,285.0758361816406,0.0,0.0,1.329825360940617e-09,298.38055419921875,303.1499938964844,285.1499938964844,0.0,-0.0,285.07501220703125,0.0,0.0,6.308104261165681e-09,285.04901123046875,294.1499938964844,284.9021301269531,282.0127258300781,289.73309326171875,287.1226806640625,285.1468200683594,0.0,0.0,0.0,0.0,1.0,1.0,-1.3458548053790764e-08,1.6835045795024657e-14,1.3458531178400792e-08,-3.07936893761962e-08,0.0,0.0,0.0,-7.580092642456293e-08,60.0,-2.87228303932352e-05,-0.0,-1.2344772324208704e-17,0.0,283.35400390625,284.5365905761719,288.9228210449219,289.824462890625,293.1499938964844,293.1499938964844,278.1499938964844,0.0,18000.0,313.1499938964844,0.0,18000.0,0.0,0.0,0.0,0.0,0.0,0.0,0.0,0.0,0.0,-0.0,-0.0,-0.0,-5.5419562194307814e-21,-2.7709781097153907e-21,-2.7709781097153907e-21,0.0,0.0,-0.0,0.0,0.0,0.0,-0.0,0.0,0.0,0.0,0.0,0.0,4.0,0.0,0.0
12178680,298.4271240234375,303.1499938964844,285.1499938964844,0.0,-0.0,285.0762023925781,0.0,0.0,1.262834170567828e-09,298.39617919921875,303.1499938964844,285.1499938964844,0.0,-0.0,285.076171875,0.0,0.0,1.3298271372974562e-09,298.9480895996094,303.1499938964844,285.1499938964844,0.0,-0.0,285.07623291015625,0.0,0.0,9.822077595700307e-10,298.2129821777344,303.1499938964844,285.1499938964844,0.0,-0.0,285.0758361816406,0.0,0.0,1.329825360940617e-09,298.38055419921875,303.1499938964844,285.1499938964844,0.0,-0.0,285.07501220703125,0.0,0.0,6.308104261165681e-09,285.04901123046875,294.1499938964844,284.9021301269531,282.0127258300781,289.73309326171875,287.1226806640625,285.1468200683594,0.0,0.0,0.0,0.0,1.0,1.0,-1.3458548053790764e-08,1.6835045795024657e-14,1.3458531178400792e-08,-3.07936893761962e-08,0.0,0.0,0.0,-7.580092642456293e-08,60.0,-2.87228303932352e-05,-0.0,-1.2344772324208704e-17,0.0,283.35400390625,284.5365905761719,288.9228210449219,289.824462890625,293.1499938964844,293.1499938964844,278.1499938964844,0.0,18000.0,313.1499938964844,0.0,18000.0,0.0,0.0,0.0,0.0,0.0,0.0,0.0,0.0,0.0,-0.0,-0.0,-0.0,-5.5419562194307814e-21,-2.7709781097153907e-21,-2.7709781097153907e-21,0.0,0.0,-0.0,0.0,0.0,0.0,-0.0,0.0,0.0,0.0,0.0,0.0,4.0,0.0,0.0
12178740,298.423095703125,303.1499938964844,285.1499938964844,0.0,-0.0,285.0762023925781,0.0,0.0,-8.366021070349561e-11,298.3916015625,303.1499938964844,285.1499938964844,0.0,-0.0,285.076171875,0.0,0.0,-8.809835500001029e-11,298.9441833496094,303.1499938964844,285.1499938964844,0.0,-0.0,285.07623291015625,0.0,0.0,-6.506926941707292e-11,298.2098388671875,303.1499938964844,285.1499938964844,0.0,-0.0,285.0758361816406,0.0,0.0,-8.809823703881392e-11,298.37896728515625,303.1499938964844,285.1499938964844,0.0,-0.0,285.07501220703125,0.0,0.0,-4.17899131965882e-10,285.04901123046875,294.1499938964844,284.8500061035156,281.9906921386719,289.73309326171875,287.1226806640625,285.1473083496094,0.0,0.0,0.0,0.0,1.0,1.0,8.862180989055443e-10,-1.1062698159812025e-15,-8.862169886825201e-10,2.029592049979101e-09,0.0,0.0,0.0,4.976755008101463e-09,60.0,-2.34244384955673e-06,-0.0,-5.4178662836301136e-20,0.0,283.35400390625,284.5365905761719,288.9228210449219,289.824462890625,293.1499938964844,293.1499938964844,278.1499938964844,0.0,18000.0,313.1499938964844,0.0,18000.0,0.0,0.0,0.0,0.0,0.0,0.0,0.0,0.0,0.0,-0.0,-0.0,-0.0,-5.5419562194307814e-21,-2.7709781097153907e-21,-2.7709781097153907e-21,0.0,0.0,-0.0,0.0,0.0,0.0,-0.0,0.0,0.0,0.0,0.0,0.0,4.0,0.0,0.0
12178800,298.423095703125,303.1499938964844,285.1499938964844,0.0,-0.0,285.0762023925781,0.0,0.0,-8.366021070349561e-11,298.3916015625,303.1499938964844,285.1499938964844,0.0,-0.0,285.076171875,0.0,0.0,-8.809835500001029e-11,298.9441833496094,303.1499938964844,285.1499938964844,0.0,-0.0,285.07623291015625,0.0,0.0,-6.506926941707292e-11,298.2098388671875,303.1499938964844,285.1499938964844,0.0,-0.0,285.0758361816406,0.0,0.0,-8.809823703881392e-11,298.37896728515625,303.1499938964844,285.1499938964844,0.0,-0.0,285.07501220703125,0.0,0.0,-4.17899131965882e-10,285.04901123046875,294.1499938964844,284.8500061035156,281.9906921386719,289.73309326171875,287.1226806640625,285.1473083496094,0.0,0.0,0.0,0.0,1.0,1.0,8.862180989055443e-10,-1.1062698159812025e-15,-8.862169886825201e-10,2.029592049979101e-09,0.0,0.0,0.0,4.976755008101463e-09,60.0,-2.34244384955673e-06,-0.0,-5.4178662836301136e-20,0.0,283.35400390625,284.5365905761719,288.9228210449219,289.824462890625,293.1499938964844,293.1499938964844,278.1499938964844,0.0,18000.0,313.1499938964844,0.0,18000.0,0.0,0.0,0.0,0.0,0.0,0.0,0.0,0.0,0.0,-0.0,-0.0,-0.0,-5.5419562194307814e-21,-2.7709781097153907e-21,-2.7709781097153907e-21,0.0,0.0,-0.0,0.0,0.0,0.0,-0.0,0.0,0.0,0.0,0.0,0.0,4.0,0.0,0.0
12178860,298.41900634765625,303.1499938964844,285.1499938964844,0.0,-0.0,285.0762023925781,0.0,0.0,1.6118021847755237e-11,298.386962890625,303.1499938964844,285.1499938964844,0.0,-0.0,285.076171875,0.0,0.0,1.6973077457405058e-11,298.9402770996094,303.1499938964844,285.1499938964844,0.0,-0.0,285.07623291015625,0.0,0.0,1.2536281908392954e-11,298.2066650390625,303.1499938964844,285.1499938964844,0.0,-0.0,285.0758361816406,0.0,0.0,1.6973054905999874e-11,298.3773498535156,303.1499938964844,285.1499938964844,0.0,-0.0,285.07501220703125,0.0,0.0,8.051267291753206e-11,285.04901123046875,294.1499938964844,284.79931640625,281.9725341796875,289.73309326171875,287.1226806640625,285.14776611328125,0.0,0.0,0.0,0.0,1.0,1.0,-1.6744428066317596e-10,2.1333995172856423e-16,1.6744407249635884e-10,-3.8602404606180574e-10,0.0,0.0,0.0,-9.458744898438454e-10,60.0,4.264391918695765e-06,-0.0,-2.0110083453129977e-21,0.0,283.35400390625,284.5365905761719,288.9228210449219,289.824462890625,293.1499938964844,293.1499938964844,278.1499938964844,0.0,18000.0,313.1499938964844,0.0,18000.0,0.0,0.0,0.0,0.0,0.0,0.0,0.0,0.0,0.0,-0.0,-0.0,-0.0,-5.5419562194307814e-21,-2.7709781097153907e-21,-2.7709781097153907e-21,0.0,0.0,-0.0,0.0,0.0,0.0,-0.0,0.0,0.0,0.0,0.0,0.0,4.0,0.0,0.0
12178920,298.41900634765625,303.1499938964844,285.1499938964844,0.0,-0.0,285.0762023925781,0.0,0.0,1.6118021847755237e-11,298.386962890625,303.1499938964844,285.1499938964844,0.0,-0.0,285.076171875,0.0,0.0,1.6973077457405058e-11,298.9402770996094,303.1499938964844,285.1499938964844,0.0,-0.0,285.07623291015625,0.0,0.0,1.2536281908392954e-11,298.2066650390625,303.1499938964844,285.1499938964844,0.0,-0.0,285.0758361816406,0.0,0.0,1.6973054905999874e-11,298.3773498535156,303.1499938964844,285.1499938964844,0.0,-0.0,285.07501220703125,0.0,0.0,8.051267291753206e-11,285.04901123046875,294.1499938964844,284.79931640625,281.9725341796875,289.73309326171875,287.1226806640625,285.14776611328125,0.0,0.0,0.0,0.0,1.0,1.0,-1.6744428066317596e-10,2.1333995172856423e-16,1.6744407249635884e-10,-3.8602404606180574e-10,0.0,0.0,0.0,-9.458744898438454e-10,60.0,4.264391918695765e-06,-0.0,-2.0110083453129977e-21,0.0,283.35400390625,284.5365905761719,288.9228210449219,289.824462890625,293.1499938964844,293.1499938964844,278.1499938964844,0.0,18000.0,313.1499938964844,0.0,18000.0,0.0,0.0,0.0,0.0,0.0,0.0,0.0,0.0,0.0,-0.0,-0.0,-0.0,-5.5419562194307814e-21,-2.7709781097153907e-21,-2.7709781097153907e-21,0.0,0.0,-0.0,0.0,0.0,0.0,-0.0,0.0,0.0,0.0,0.0,0.0,4.0,0.0,0.0
12178980,298.41485595703125,303.1499938964844,285.1499938964844,0.0,-0.0,285.0762023925781,0.0,0.0,-3.5817826569278788e-12,298.3822937011719,303.1499938964844,285.1499938964844,0.0,-0.0,285.076171875,0.0,0.0,-3.771794942347695e-12,298.93634033203125,303.1499938964844,285.1499938964844,0.0,-0.0,285.07623291015625,0.0,0.0,-2.7858403518071784e-12,298.2034606933594,303.1499938964844,285.1499938964844,0.0,-0.0,285.0758361816406,0.0,0.0,-3.771789738177267e-12,298.3757629394531,303.1499938964844,285.1499938964844,0.0,-0.0,285.07501220703125,0.0,0.0,-1.7891705478279007e-11,285.04901123046875,294.1499938964844,284.7493896484375,281.958251953125,289.73309326171875,287.1226806640625,285.1481628417969,0.0,0.0,0.0,0.0,1.0,1.0,4.071060502597312e-11,-4.705649186823903e-17,-4.071055992316275e-11,9.04081184915917e-11,0.0,0.0,0.0,2.1827872842550278e-10,60.0,5.50766208107234e-06,-0.0,-9.930905564777453e-23,0.0,283.35400390625,284.5365905761719,288.9228210449219,289.824462890625,293.1499938964844,293.1499938964844,278.1499938964844,0.0,18000.0,313.1499938964844,0.0,18000.0,0.0,0.0,0.0,0.0,0.0,0.0,0.0,0.0,0.0,-0.0,-0.0,-0.0,-5.5419562194307814e-21,-2.7709781097153907e-21,-2.7709781097153907e-21,0.0,0.0,-0.0,0.0,0.0,0.0,-0.0,0.0,0.0,0.0,0.0,0.0,4.0,0.0,0.0
12179040,298.41485595703125,303.1499938964844,285.1499938964844,0.0,-0.0,285.0762023925781,0.0,0.0,-3.5817826569278788e-12,298.3822937011719,303.1499938964844,285.1499938964844,0.0,-0.0,285.076171875,0.0,0.0,-3.771794942347695e-12,298.93634033203125,303.1499938964844,285.1499938964844,0.0,-0.0,285.07623291015625,0.0,0.0,-2.7858403518071784e-12,298.2034606933594,303.1499938964844,285.1499938964844,0.0,-0.0,285.0758361816406,0.0,0.0,-3.771789738177267e-12,298.3757629394531,303.1499938964844,285.1499938964844,0.0,-0.0,285.07501220703125,0.0,0.0,-1.7891705478279007e-11,285.04901123046875,294.1499938964844,284.7493896484375,281.958251953125,289.73309326171875,287.1226806640625,285.1481628417969,0.0,0.0,0.0,0.0,1.0,1.0,4.071060502597312e-11,-4.705649186823903e-17,-4.071055992316275e-11,9.04081184915917e-11,0.0,0.0,0.0,2.1827872842550278e-10,60.0,5.50766208107234e-06,-0.0,-9.930905564777453e-23,0.0,283.35400390625,284.5365905761719,288.9228210449219,289.824462890625,293.1499938964844,293.1499938964844,278.1499938964844,0.0,18000.0,313.1499938964844,0.0,18000.0,0.0,0.0,0.0,0.0,0.0,0.0,0.0,0.0,0.0,-0.0,-0.0,-0.0,-5.5419562194307814e-21,-2.7709781097153907e-21,-2.7709781097153907e-21,0.0,0.0,-0.0,0.0,0.0,0.0,-0.0,0.0,0.0,0.0,0.0,0.0,4.0,0.0,0.0
12179100,298.4127502441406,303.1499938964844,285.1499938964844,0.0,-0.0,285.0762023925781,0.0,0.0,-2.5584162609629257e-13,298.3799133300781,303.1499938964844,285.1499938964844,0.0,-0.0,285.076171875,0.0,0.0,-2.6941393994200924e-13,298.93438720703125,303.1499938964844,285.1499938964844,0.0,-0.0,285.07623291015625,0.0,0.0,-1.989885984937309e-13,298.2018737792969,303.1499938964844,285.1499938964844,0.0,-0.0,285.0758361816406,0.0,0.0,-2.694135604712489e-13,298.3749389648437,303.1499938964844,285.1499938964844,0.0,-0.0,285.07501220703125,0.0,0.0,-1.2779789162684074e-12,285.04901123046875,294.1499938964844,284.7247314453125,281.9524841308594,289.73309326171875,287.1226806640625,285.1483764648437,0.0,0.0,0.0,0.0,1.0,1.0,-3.765111920156494e-12,5.579921770676003e-18,3.765106282305197e-12,-3.4982713340708797e-12,0.0,0.0,0.0,-1.4551915228366852e-11,60.0,5.487464022735367e-06,-0.0,-5.066788513209878e-25,0.0,283.35400390625,284.5365905761719,288.9228210449219,289.824462890625,293.1499938964844,293.1499938964844,278.1499938964844,0.0,18000.0,313.1499938964844,0.0,18000.0,0.0,0.0,0.0,0.0,0.0,0.0,0.0,0.0,0.0,-0.0,-0.0,-0.0,-5.5419562194307814e-21,-2.7709781097153907e-21,-2.7709781097153907e-21,0.0,0.0,-0.0,0.0,0.0,0.0,-0.0,0.0,0.0,0.0,0.0,0.0,4.0,0.0,0.0
12179160,298.41064453125,303.1499938964844,285.1499938964844,0.0,-0.0,285.0762023925781,0.0,0.0,0.0,298.37762451171875,303.1499938964844,285.1499938964844,0.0,-0.0,285.076171875,0.0,0.0,0.0,298.93243408203125,303.1499938964844,285.1499938964844,0.0,-0.0,285.07623291015625,0.0,0.0,0.0,298.2002868652344,303.1499938964844,285.1499938964844,0.0,-0.0,285.0758361816406,0.0,0.0,0.0,298.3741149902344,303.1499938964844,285.1499938964844,0.0,-0.0,285.07501220703125,0.0,0.0,0.0,285.04901123046875,294.1499938964844,284.70025634765625,281.9476013183594,289.73309326171875,287.1226806640625,285.1485595703125,0.0,0.0,0.0,0.0,1.0,1.0,1.6015573199232302e-12,8.788692678750881e-19,-1.6015582957051857e-12,3.494213382179701e-12,0.0,0.0,0.0,1.4551915228366852e-11,60.0,5.3815315368410666e-06,-0.0,-0.0,0.0,283.35400390625,284.5365905761719,288.9228210449219,289.824462890625,293.1499938964844,293.1499938964844,278.1499938964844,0.0,18000.0,313.1499938964844,0.0,18000.0,0.0,0.0,0.0,0.0,0.0,0.0,0.0,0.0,0.0,-0.0,-0.0,-0.0,-5.5419562194307814e-21,-2.7709781097153907e-21,-2.7709781097153907e-21,0.0,0.0,-0.0,0.0,0.0,0.0,-0.0,0.0,0.0,0.0,0.0,0.0,4.0,0.0,0.0
12179220,298.4063720703125,303.1499938964844,285.1499938964844,0.0,-0.0,285.0762023925781,0.0,0.0,0.0,298.3733215332031,303.1499938964844,285.1499938964844,0.0,-0.0,285.076171875,0.0,0.0,0.0,298.928466796875,303.1499938964844,285.1499938964844,0.0,-0.0,285.07623291015625,0.0,0.0,0.0,298.1970520019531,303.1499938964844,285.1499938964844,0.0,-0.0,285.0758361816406,0.0,0.0,0.0,298.3724060058594,303.1499938964844,285.1499938964844,0.0,-0.0,285.07501220703125,0.0,0.0,0.0,285.04901123046875,294.1499938964844,284.6519470214844,281.9402160644531,289.73309326171875,287.1226806640625,285.14892578125,0.0,0.0,0.0,0.0,1.0,1.0,1.6015573199232302e-12,8.78869061079935e-19,-1.6015582957051857e-12,3.494213382179701e-12,0.0,0.0,0.0,1.4551915228366852e-11,60.0,5.068152404419379e-06,-0.0,-0.0,0.0,283.35400390625,284.5365905761719,288.9228210449219,289.824462890625,293.1499938964844,293.1499938964844,278.1499938964844,0.0,18000.0,313.1499938964844,0.0,18000.0,0.0,0.0,0.0,0.0,0.0,0.0,0.0,0.0,0.0,-0.0,-0.0,-0.0,-5.5419562194307814e-21,-2.7709781097153907e-21,-2.7709781097153907e-21,0.0,0.0,-0.0,0.0,0.0,0.0,-0.0,0.0,0.0,0.0,0.0,0.0,4.0,0.0,0.0
12179280,298.4063720703125,303.1499938964844,285.1499938964844,0.0,-0.0,285.0762023925781,0.0,0.0,0.0,298.3733215332031,303.1499938964844,285.1499938964844,0.0,-0.0,285.076171875,0.0,0.0,0.0,298.928466796875,303.1499938964844,285.1499938964844,0.0,-0.0,285.07623291015625,0.0,0.0,0.0,298.1970520019531,303.1499938964844,285.1499938964844,0.0,-0.0,285.0758361816406,0.0,0.0,0.0,298.3724060058594,303.1499938964844,285.1499938964844,0.0,-0.0,285.07501220703125,0.0,0.0,0.0,285.04901123046875,294.1499938964844,284.6519470214844,281.9402160644531,289.73309326171875,287.1226806640625,285.14892578125,0.0,0.0,0.0,0.0,1.0,1.0,1.6015573199232302e-12,8.78869061079935e-19,-1.6015582957051857e-12,3.494213382179701e-12,0.0,0.0,0.0,1.4551915228366852e-11,60.0,5.068152404419379e-06,-0.0,-0.0,0.0,283.35400390625,284.5365905761719,288.9228210449219,289.824462890625,293.1499938964844,293.1499938964844,278.1499938964844,0.0,18000.0,313.1499938964844,0.0,18000.0,0.0,0.0,0.0,0.0,0.0,0.0,0.0,0.0,0.0,-0.0,-0.0,-0.0,-5.5419562194307814e-21,-2.7709781097153907e-21,-2.7709781097153907e-21,0.0,0.0,-0.0,0.0,0.0,0.0,-0.0,0.0,0.0,0.0,0.0,0.0,4.0,0.0,0.0
12179340,298.4020690917969,303.1499938964844,285.1499938964844,0.0,-0.0,285.0762023925781,0.0,0.0,0.0,298.369384765625,303.1499938964844,285.1499938964844,0.0,-0.0,285.076171875,0.0,0.0,0.0,298.92449951171875,303.1499938964844,285.1499938964844,0.0,-0.0,285.07623291015625,0.0,0.0,0.0,298.1937866210937,303.1499938964844,285.1499938964844,0.0,-0.0,285.0758361816406,0.0,0.0,0.0,298.37060546875,303.1499938964844,285.1499938964844,0.0,-0.0,285.07501220703125,0.0,0.0,0.0,285.04901123046875,294.1499938964844,284.6044616699219,281.93585205078125,289.73309326171875,287.1226806640625,285.1492614746094,0.0,0.0,0.0,0.0,1.0,1.0,-3.709455052153254e-12,6.198334404329837e-18,3.7094485469402194e-12,-5.179748123473882e-12,0.0,0.0,0.0,-1.4551915228366852e-11,60.0,4.717974206869258e-06,-0.0,-0.0,0.0,283.35400390625,284.5365905761719,288.9228210449219,289.824462890625,293.1499938964844,293.1499938964844,278.1499938964844,0.0,18000.0,313.1499938964844,0.0,18000.0,0.0,0.0,0.0,0.0,0.0,0.0,0.0,0.0,0.0,-0.0,-0.0,-0.0,-5.5419562194307814e-21,-2.7709781097153907e-21,-2.7709781097153907e-21,0.0,0.0,-0.0,0.0,0.0,0.0,-0.0,0.0,0.0,0.0,0.0,0.0,4.0,0.0,0.0
12179400,298.4020690917969,303.1499938964844,285.1499938964844,0.0,-0.0,285.0762023925781,0.0,0.0,0.0,298.369384765625,303.1499938964844,285.1499938964844,0.0,-0.0,285.076171875,0.0,0.0,0.0,298.92449951171875,303.1499938964844,285.1499938964844,0.0,-0.0,285.07623291015625,0.0,0.0,0.0,298.1937866210937,303.1499938964844,285.1499938964844,0.0,-0.0,285.0758361816406,0.0,0.0,0.0,298.37060546875,303.1499938964844,285.1499938964844,0.0,-0.0,285.07501220703125,0.0,0.0,0.0,285.04901123046875,294.1499938964844,284.6044616699219,281.93585205078125,289.73309326171875,287.1226806640625,285.1492614746094,0.0,0.0,0.0,0.0,1.0,1.0,-3.709455052153254e-12,6.198334404329837e-18,3.7094485469402194e-12,-5.179748123473882e-12,0.0,0.0,0.0,-1.4551915228366852e-11,60.0,4.717974206869258e-06,-0.0,-0.0,0.0,283.35400390625,284.5365905761719,288.9228210449219,289.824462890625,293.1499938964844,293.1499938964844,278.1499938964844,0.0,18000.0,313.1499938964844,0.0,18000.0,0.0,0.0,0.0,0.0,0.0,0.0,0.0,0.0,0.0,-0.0,-0.0,-0.0,-5.5419562194307814e-21,-2.7709781097153907e-21,-2.7709781097153907e-21,0.0,0.0,-0.0,0.0,0.0,0.0,-0.0,0.0,0.0,0.0,0.0,0.0,4.0,0.0,0.0
12179460,298.3976745605469,303.1499938964844,285.1499938964844,0.0,-0.0,285.0762023925781,0.0,0.0,-5.116832521925851e-13,298.3656311035156,303.1499938964844,285.1499938964844,0.0,-0.0,285.076171875,0.0,0.0,-5.388278798840185e-13,298.92047119140625,303.1499938964844,285.1499938964844,0.0,-0.0,285.07623291015625,0.0,0.0,-3.979771969874618e-13,298.19049072265625,303.1499938964844,285.1499938964844,0.0,-0.0,285.0758361816406,0.0,0.0,-5.388271209424977e-13,298.3687744140625,303.1499938964844,285.1499938964844,0.0,-0.0,285.07501220703125,0.0,0.0,-2.555957832536815e-12,285.04901123046875,294.1499938964844,284.557861328125,281.9341735839844,289.73309326171875,287.1226806640625,285.1495666503906,0.0,0.0,0.0,0.0,1.0,1.0,-3.820769221840603e-12,4.9615083098415596e-18,3.820764451351044e-12,-1.8167947615083121e-12,0.0,0.0,0.0,-1.4551915228366852e-11,60.0,4.382415681902785e-06,-0.0,-2.0267154052839512e-24,0.0,283.35400390625,284.5365905761719,288.9228210449219,289.824462890625,293.1499938964844,293.1499938964844,278.1499938964844,0.0,18000.0,313.1499938964844,0.0,18000.0,0.0,0.0,0.0,0.0,0.0,0.0,0.0,0.0,0.0,-0.0,-0.0,-0.0,-5.5419562194307814e-21,-2.7709781097153907e-21,-2.7709781097153907e-21,0.0,0.0,-0.0,0.0,0.0,0.0,-0.0,0.0,0.0,0.0,0.0,0.0,4.0,0.0,0.0
12179520,298.3976745605469,303.1499938964844,285.1499938964844,0.0,-0.0,285.0762023925781,0.0,0.0,-5.116832521925851e-13,298.3656311035156,303.1499938964844,285.1499938964844,0.0,-0.0,285.076171875,0.0,0.0,-5.388278798840185e-13,298.92047119140625,303.1499938964844,285.1499938964844,0.0,-0.0,285.07623291015625,0.0,0.0,-3.979771969874618e-13,298.19049072265625,303.1499938964844,285.1499938964844,0.0,-0.0,285.0758361816406,0.0,0.0,-5.388271209424977e-13,298.3687744140625,303.1499938964844,285.1499938964844,0.0,-0.0,285.07501220703125,0.0,0.0,-2.555957832536815e-12,285.04901123046875,294.1499938964844,284.557861328125,281.9341735839844,289.73309326171875,287.1226806640625,285.1495666503906,0.0,0.0,0.0,0.0,1.0,1.0,-3.820769221840603e-12,4.9615083098415596e-18,3.820764451351044e-12,-1.8167947615083121e-12,0.0,0.0,0.0,-1.4551915228366852e-11,60.0,4.382415681902785e-06,-0.0,-2.0267154052839512e-24,0.0,283.35400390625,284.5365905761719,288.9228210449219,289.824462890625,293.1499938964844,293.1499938964844,278.1499938964844,0.0,18000.0,313.1499938964844,0.0,18000.0,0.0,0.0,0.0,0.0,0.0,0.0,0.0,0.0,0.0,-0.0,-0.0,-0.0,-5.5419562194307814e-21,-2.7709781097153907e-21,-2.7709781097153907e-21,0.0,0.0,-0.0,0.0,0.0,0.0,-0.0,0.0,0.0,0.0,0.0,0.0,4.0,0.0,0.0
12179580,298.39324951171875,303.1499938964844,285.1499938964844,0.0,-0.0,285.0762023925781,0.0,0.0,-2.5584162609629257e-13,298.36199951171875,303.1499938964844,285.1499938964844,0.0,-0.0,285.076171875,0.0,0.0,-2.6941393994200924e-13,298.9164428710937,303.1499938964844,285.1499938964844,0.0,-0.0,285.07623291015625,0.0,0.0,-1.989885984937309e-13,298.1871643066406,303.1499938964844,285.1499938964844,0.0,-0.0,285.0758361816406,0.0,0.0,-2.694135604712489e-13,298.3669128417969,303.1499938964844,285.1499938964844,0.0,-0.0,285.07501220703125,0.0,0.0,-1.2779789162684074e-12,285.04901123046875,294.1499938964844,284.5121154785156,281.9349365234375,289.73309326171875,287.1226806640625,285.1498718261719,0.0,0.0,0.0,0.0,1.0,1.0,-3.765111920156494e-12,5.579921357085698e-18,3.765106282305197e-12,-3.4982713340708797e-12,0.0,0.0,0.0,-1.4551915228366852e-11,60.0,4.069218448421452e-06,-0.0,-5.066788513209878e-25,0.0,283.35400390625,284.5365905761719,288.9228210449219,289.824462890625,293.1499938964844,293.1499938964844,278.1499938964844,0.0,18000.0,313.1499938964844,0.0,18000.0,0.0,0.0,0.0,0.0,0.0,0.0,0.0,0.0,0.0,-0.0,-0.0,-0.0,-5.5419562194307814e-21,-2.7709781097153907e-21,-2.7709781097153907e-21,0.0,0.0,-0.0,0.0,0.0,0.0,-0.0,0.0,0.0,0.0,0.0,0.0,4.0,0.0,0.0
12179640,298.39324951171875,303.1499938964844,285.1499938964844,0.0,-0.0,285.0762023925781,0.0,0.0,-2.5584162609629257e-13,298.36199951171875,303.1499938964844,285.1499938964844,0.0,-0.0,285.076171875,0.0,0.0,-2.6941393994200924e-13,298.9164428710937,303.1499938964844,285.1499938964844,0.0,-0.0,285.07623291015625,0.0,0.0,-1.989885984937309e-13,298.1871643066406,303.1499938964844,285.1499938964844,0.0,-0.0,285.0758361816406,0.0,0.0,-2.694135604712489e-13,298.3669128417969,303.1499938964844,285.1499938964844,0.0,-0.0,285.07501220703125,0.0,0.0,-1.2779789162684074e-12,285.04901123046875,294.1499938964844,284.5121154785156,281.9349365234375,289.73309326171875,287.1226806640625,285.1498718261719,0.0,0.0,0.0,0.0,1.0,1.0,-3.765111920156494e-12,5.579921357085698e-18,3.765106282305197e-12,-3.4982713340708797e-12,0.0,0.0,0.0,-1.4551915228366852e-11,60.0,4.069218448421452e-06,-0.0,-5.066788513209878e-25,0.0,283.35400390625,284.5365905761719,288.9228210449219,289.824462890625,293.1499938964844,293.1499938964844,278.1499938964844,0.0,18000.0,313.1499938964844,0.0,18000.0,0.0,0.0,0.0,0.0,0.0,0.0,0.0,0.0,0.0,-0.0,-0.0,-0.0,-5.5419562194307814e-21,-2.7709781097153907e-21,-2.7709781097153907e-21,0.0,0.0,-0.0,0.0,0.0,0.0,-0.0,0.0,0.0,0.0,0.0,0.0,4.0,0.0,0.0
12179700,298.3910217285156,303.1499938964844,285.1499938964844,0.0,-0.0,285.0762023925781,0.0,0.0,0.0,298.3601989746094,303.1499938964844,285.1499938964844,0.0,-0.0,285.076171875,0.0,0.0,0.0,298.9144287109375,303.1499938964844,285.1499938964844,0.0,-0.0,285.07623291015625,0.0,0.0,0.0,298.1854858398437,303.1499938964844,285.1499938964844,0.0,-0.0,285.0758361816406,0.0,0.0,0.0,298.365966796875,303.1499938964844,285.1499938964844,0.0,-0.0,285.07501220703125,0.0,0.0,0.0,285.04901123046875,294.1499938964844,284.48956298828125,281.9361267089844,289.73309326171875,287.1226806640625,285.1499938964844,0.0,0.0,0.0,0.0,1.0,1.0,-1.0539487034846862e-12,3.538601732704885e-18,1.0539452340377342e-12,-8.42767316436982e-13,0.0,0.0,0.0,0.0,60.0,3.921523330063792e-06,-0.0,-0.0,0.0,283.35400390625,284.5365905761719,288.9228210449219,289.824462890625,293.1499938964844,293.1499938964844,278.1499938964844,0.0,18000.0,313.1499938964844,0.0,18000.0,0.0,0.0,0.0,0.0,0.0,0.0,0.0,0.0,0.0,-0.0,-0.0,-0.0,-5.5419562194307814e-21,-2.7709781097153907e-21,-2.7709781097153907e-21,0.0,0.0,-0.0,0.0,0.0,0.0,-0.0,0.0,0.0,0.0,0.0,0.0,4.0,0.0,0.0
12179760,298.3887634277344,303.1499938964844,285.1499938964844,0.0,-0.0,285.0762023925781,0.0,0.0,0.0,298.3584289550781,303.1499938964844,285.1499938964844,0.0,-0.0,285.076171875,0.0,0.0,0.0,298.91241455078125,303.1499938964844,285.1499938964844,0.0,-0.0,285.07623291015625,0.0,0.0,0.0,298.1838073730469,303.1499938964844,285.1499938964844,0.0,-0.0,285.0758361816406,0.0,0.0,0.0,298.3650207519531,303.1499938964844,285.1499938964844,0.0,-0.0,285.07501220703125,0.0,0.0,0.0,285.04901123046875,294.1499938964844,284.4672546386719,281.93780517578125,289.73309326171875,287.1226806640625,285.1501159667969,0.0,0.0,0.0,0.0,1.0,1.0,-1.0539487034846862e-12,3.5386013191145795e-18,1.0539452340377342e-12,-8.42767316436982e-13,0.0,0.0,0.0,0.0,60.0,3.7795211937918793e-06,-0.0,-0.0,0.0,283.35400390625,284.5365905761719,288.9228210449219,289.824462890625,293.1499938964844,293.1499938964844,278.1499938964844,0.0,18000.0,313.1499938964844,0.0,18000.0,0.0,0.0,0.0,0.0,0.0,0.0,0.0,0.0,0.0,-0.0,-0.0,-0.0,-5.5419562194307814e-21,-2.7709781097153907e-21,-2.7709781097153907e-21,0.0,0.0,-0.0,0.0,0.0,0.0,-0.0,0.0,0.0,0.0,0.0,0.0,4.0,0.0,0.0
12179820,298.3842468261719,303.1499938964844,285.1499938964844,0.0,-0.0,285.0762023925781,0.0,0.0,2.5584162609629257e-13,298.3549194335937,303.1499938964844,285.1499938964844,0.0,-0.0,285.076171875,0.0,0.0,2.6941393994200924e-13,298.9083557128906,303.1499938964844,285.1499938964844,0.0,-0.0,285.07623291015625,0.0,0.0,1.989885984937309e-13,298.1804504394531,303.1499938964844,285.1499938964844,0.0,-0.0,285.0758361816406,0.0,0.0,2.694135604712489e-13,298.3631286621094,303.1499938964844,285.1499938964844,0.0,-0.0,285.07501220703125,0.0,0.0,1.2779789162684074e-12,285.04901123046875,294.1499938964844,284.42333984375,281.9425354003906,289.73309326171875,287.1226806640625,285.150390625,0.0,0.0,0.0,0.0,1.0,1.0,-9.982915102207945e-13,4.157014779949023e-18,9.982873902525389e-13,-2.524244051629876e-12,0.0,0.0,0.0,0.0,60.0,3.5097489217150724e-06,-0.0,-5.066788513209878e-25,0.0,283.35400390625,284.5365905761719,288.9228210449219,289.824462890625,293.1499938964844,293.1499938964844,278.1499938964844,0.0,18000.0,313.1499938964844,0.0,18000.0,0.0,0.0,0.0,0.0,0.0,0.0,0.0,0.0,0.0,-0.0,-0.0,-0.0,-5.5419562194307814e-21,-2.7709781097153907e-21,-2.7709781097153907e-21,0.0,0.0,-0.0,0.0,0.0,0.0,-0.0,0.0,0.0,0.0,0.0,0.0,4.0,0.0,0.0
12179880,298.3842468261719,303.1499938964844,285.1499938964844,0.0,-0.0,285.0762023925781,0.0,0.0,2.5584162609629257e-13,298.3549194335937,303.1499938964844,285.1499938964844,0.0,-0.0,285.076171875,0.0,0.0,2.6941393994200924e-13,298.9083557128906,303.1499938964844,285.1499938964844,0.0,-0.0,285.07623291015625,0.0,0.0,1.989885984937309e-13,298.1804504394531,303.1499938964844,285.1499938964844,0.0,-0.0,285.0758361816406,0.0,0.0,2.694135604712489e-13,298.3631286621094,303.1499938964844,285.1499938964844,0.0,-0.0,285.07501220703125,0.0,0.0,1.2779789162684074e-12,285.04901123046875,294.1499938964844,284.42333984375,281.9425354003906,289.73309326171875,287.1226806640625,285.150390625,0.0,0.0,0.0,0.0,1.0,1.0,-9.982915102207945e-13,4.157014779949023e-18,9.982873902525389e-13,-2.524244051629876e-12,0.0,0.0,0.0,0.0,60.0,3.5097489217150724e-06,-0.0,-5.066788513209878e-25,0.0,283.35400390625,284.5365905761719,288.9228210449219,289.824462890625,293.1499938964844,293.1499938964844,278.1499938964844,0.0,18000.0,313.1499938964844,0.0,18000.0,0.0,0.0,0.0,0.0,0.0,0.0,0.0,0.0,0.0,-0.0,-0.0,-0.0,-5.5419562194307814e-21,-2.7709781097153907e-21,-2.7709781097153907e-21,0.0,0.0,-0.0,0.0,0.0,0.0,-0.0,0.0,0.0,0.0,0.0,0.0,4.0,0.0,0.0
12179940,298.3796691894531,303.1499938964844,285.1499938964844,0.0,-0.0,285.0762023925781,0.0,0.0,-2.5584162609629257e-13,298.3514709472656,303.1499938964844,285.1499938964844,0.0,-0.0,285.076171875,0.0,0.0,-2.6941393994200924e-13,298.9043273925781,303.1499938964844,285.1499938964844,0.0,-0.0,285.07623291015625,0.0,0.0,-1.989885984937309e-13,298.17706298828125,303.1499938964844,285.1499938964844,0.0,-0.0,285.0758361816406,0.0,0.0,-2.694135604712489e-13,298.3612060546875,303.1499938964844,285.1499938964844,0.0,-0.0,285.07501220703125,0.0,0.0,-1.2779789162684074e-12,285.04901123046875,294.1499938964844,284.3803405761719,281.9488220214844,289.73309326171875,287.1226806640625,285.1506042480469,0.0,0.0,0.0,0.0,1.0,1.0,-1.109606005168795e-12,2.9201884786655938e-18,1.1096030778229293e-12,8.387093103356946e-13,0.0,0.0,0.0,0.0,60.0,3.2595601169305155e-06,-0.0,-5.066788513209878e-25,0.0,283.35400390625,284.5365905761719,288.9228210449219,289.824462890625,293.1499938964844,293.1499938964844,278.1499938964844,0.0,18000.0,313.1499938964844,0.0,18000.0,0.0,0.0,0.0,0.0,0.0,0.0,0.0,0.0,0.0,-0.0,-0.0,-0.0,-5.5419562194307814e-21,-2.7709781097153907e-21,-2.7709781097153907e-21,0.0,0.0,-0.0,0.0,0.0,0.0,-0.0,0.0,0.0,0.0,0.0,0.0,4.0,0.0,0.0
12180000,298.3796691894531,303.1499938964844,285.1499938964844,0.0,-0.0,285.0762023925781,0.0,0.0,-2.5584162609629257e-13,298.3514709472656,303.1499938964844,285.1499938964844,0.0,-0.0,285.076171875,0.0,0.0,-2.6941393994200924e-13,298.9043273925781,303.1499938964844,285.1499938964844,0.0,-0.0,285.07623291015625,0.0,0.0,-1.989885984937309e-13,298.17706298828125,303.1499938964844,285.1499938964844,0.0,-0.0,285.0758361816406,0.0,0.0,-2.694135604712489e-13,298.3612060546875,303.1499938964844,285.1499938964844,0.0,-0.0,285.07501220703125,0.0,0.0,-1.2779789162684074e-12,285.04901123046875,294.1499938964844,284.3803405761719,281.9488220214844,289.73309326171875,287.1226806640625,285.1506042480469,0.0,0.0,0.0,0.0,1.0,1.0,-1.109606005168795e-12,2.9201884786655938e-18,1.1096030778229293e-12,8.387093103356946e-13,0.0,0.0,0.0,0.0,60.0,3.2595601169305155e-06,-0.0,-5.066788513209878e-25,0.0,283.35400390625,284.5365905761719,288.9228210449219,289.824462890625,293.1499938964844,293.1499938964844,278.1499938964844,0.0,18000.0,313.1499938964844,0.0,18000.0,0.0,0.0,0.0,0.0,0.0,0.0,0.0,0.0,0.0,-0.0,-0.0,-0.0,-5.5419562194307814e-21,-2.7709781097153907e-21,-2.7709781097153907e-21,0.0,0.0,-0.0,0.0,0.0,0.0,-0.0,0.0,0.0,0.0,0.0,0.0,4.0,0.0,0.0
12180060,298.3750305175781,303.1499938964844,285.1499938964844,0.0,-0.0,285.0762023925781,0.0,0.0,-2.5584162609629257e-13,298.3480224609375,303.1499938964844,285.1499938964844,0.0,-0.0,285.076171875,0.0,0.0,-2.6941393994200924e-13,298.9002685546875,303.1499938964844,285.1499938964844,0.0,-0.0,285.07623291015625,0.0,0.0,-1.989885984937309e-13,298.1737060546875,303.1499938964844,285.1499938964844,0.0,-0.0,285.0758361816406,0.0,0.0,-2.694135604712489e-13,298.3592834472656,303.1499938964844,285.1499938964844,0.0,-0.0,285.07501220703125,0.0,0.0,-1.2779789162684074e-12,285.04901123046875,294.1499938964844,284.3383178710937,281.9564208984375,289.73309326171875,287.1226806640625,285.1508178710937,0.0,0.0,0.0,0.0,1.0,1.0,-3.765111920156494e-12,5.579921357085698e-18,3.765106282305197e-12,-3.4982713340708797e-12,0.0,0.0,0.0,-1.4551915228366852e-11,60.0,3.02613102576288e-06,-0.0,-5.066788513209878e-25,0.0,283.35400390625,284.5365905761719,288.9228210449219,289.824462890625,293.1499938964844,293.1499938964844,278.1499938964844,0.0,18000.0,313.1499938964844,0.0,18000.0,0.0,0.0,0.0,0.0,0.0,0.0,0.0,0.0,0.0,-0.0,-0.0,-0.0,-5.5419562194307814e-21,-2.7709781097153907e-21,-2.7709781097153907e-21,0.0,0.0,-0.0,0.0,0.0,0.0,-0.0,0.0,0.0,0.0,0.0,0.0,4.0,0.0,0.0
12180120,298.3750305175781,303.1499938964844,285.1499938964844,0.0,-0.0,285.0762023925781,0.0,0.0,-2.5584162609629257e-13,298.3480224609375,303.1499938964844,285.1499938964844,0.0,-0.0,285.076171875,0.0,0.0,-2.6941393994200924e-13,298.9002685546875,303.1499938964844,285.1499938964844,0.0,-0.0,285.07623291015625,0.0,0.0,-1.989885984937309e-13,298.1737060546875,303.1499938964844,285.1499938964844,0.0,-0.0,285.0758361816406,0.0,0.0,-2.694135604712489e-13,298.3592834472656,303.1499938964844,285.1499938964844,0.0,-0.0,285.07501220703125,0.0,0.0,-1.2779789162684074e-12,285.04901123046875,294.1499938964844,284.3383178710937,281.9564208984375,289.73309326171875,287.1226806640625,285.1508178710937,0.0,0.0,0.0,0.0,1.0,1.0,-3.765111920156494e-12,5.579921357085698e-18,3.765106282305197e-12,-3.4982713340708797e-12,0.0,0.0,0.0,-1.4551915228366852e-11,60.0,3.02613102576288e-06,-0.0,-5.066788513209878e-25,0.0,283.35400390625,284.5365905761719,288.9228210449219,289.824462890625,293.1499938964844,293.1499938964844,278.1499938964844,0.0,18000.0,313.1499938964844,0.0,18000.0,0.0,0.0,0.0,0.0,0.0,0.0,0.0,0.0,0.0,-0.0,-0.0,-0.0,-5.5419562194307814e-21,-2.7709781097153907e-21,-2.7709781097153907e-21,0.0,0.0,-0.0,0.0,0.0,0.0,-0.0,0.0,0.0,0.0,0.0,0.0,4.0,0.0,0.0
12180180,298.370361328125,303.1499938964844,285.1499938964844,0.0,-0.0,285.0762023925781,0.0,0.0,-2.5584162609629257e-13,298.3446350097656,303.1499938964844,285.1499938964844,0.0,-0.0,285.076171875,0.0,0.0,-2.6941393994200924e-13,298.896240234375,303.1499938964844,285.1499938964844,0.0,-0.0,285.07623291015625,0.0,0.0,-1.989885984937309e-13,298.1703186035156,303.1499938964844,285.1499938964844,0.0,-0.0,285.0758361816406,0.0,0.0,-2.694135604712489e-13,298.3573303222656,303.1499938964844,285.1499938964844,0.0,-0.0,285.07501220703125,0.0,0.0,-1.2779789162684074e-12,285.04901123046875,294.1499938964844,284.2972717285156,281.96502685546875,289.73309326171875,287.1226806640625,285.1510314941406,0.0,0.0,0.0,0.0,1.0,1.0,-3.765111920156494e-12,5.579921357085698e-18,3.765106282305197e-12,-3.4982713340708797e-12,0.0,0.0,0.0,-1.4551915228366852e-11,60.0,2.8118752197769936e-06,-0.0,-5.066788513209878e-25,0.0,283.35400390625,284.5365905761719,288.9228210449219,289.824462890625,293.1499938964844,293.1499938964844,278.1499938964844,0.0,18000.0,313.1499938964844,0.0,18000.0,0.0,0.0,0.0,0.0,0.0,0.0,0.0,0.0,0.0,-0.0,-0.0,-0.0,-5.5419562194307814e-21,-2.7709781097153907e-21,-2.7709781097153907e-21,0.0,0.0,-0.0,0.0,0.0,0.0,-0.0,0.0,0.0,0.0,0.0,0.0,4.0,0.0,0.0
12180240,298.370361328125,303.1499938964844,285.1499938964844,0.0,-0.0,285.0762023925781,0.0,0.0,-2.5584162609629257e-13,298.3446350097656,303.1499938964844,285.1499938964844,0.0,-0.0,285.076171875,0.0,0.0,-2.6941393994200924e-13,298.896240234375,303.1499938964844,285.1499938964844,0.0,-0.0,285.07623291015625,0.0,0.0,-1.989885984937309e-13,298.1703186035156,303.1499938964844,285.1499938964844,0.0,-0.0,285.0758361816406,0.0,0.0,-2.694135604712489e-13,298.3573303222656,303.1499938964844,285.1499938964844,0.0,-0.0,285.07501220703125,0.0,0.0,-1.2779789162684074e-12,285.04901123046875,294.1499938964844,284.2972717285156,281.96502685546875,289.73309326171875,287.1226806640625,285.1510314941406,0.0,0.0,0.0,0.0,1.0,1.0,-3.765111920156494e-12,5.579921357085698e-18,3.765106282305197e-12,-3.4982713340708797e-12,0.0,0.0,0.0,-1.4551915228366852e-11,60.0,2.8118752197769936e-06,-0.0,-5.066788513209878e-25,0.0,283.35400390625,284.5365905761719,288.9228210449219,289.824462890625,293.1499938964844,293.1499938964844,278.1499938964844,0.0,18000.0,313.1499938964844,0.0,18000.0,0.0,0.0,0.0,0.0,0.0,0.0,0.0,0.0,0.0,-0.0,-0.0,-0.0,-5.5419562194307814e-21,-2.7709781097153907e-21,-2.7709781097153907e-21,0.0,0.0,-0.0,0.0,0.0,0.0,-0.0,0.0,0.0,0.0,0.0,0.0,4.0,0.0,0.0
12180300,298.36798095703125,303.1499938964844,285.1499938964844,0.0,-0.0,285.0762023925781,0.0,0.0,2.5584162609629257e-13,298.34295654296875,303.1499938964844,285.1499938964844,0.0,-0.0,285.076171875,0.0,0.0,2.6941393994200924e-13,298.89422607421875,303.1499938964844,285.1499938964844,0.0,-0.0,285.07623291015625,0.0,0.0,1.989885984937309e-13,298.16864013671875,303.1499938964844,285.1499938964844,0.0,-0.0,285.0758361816406,0.0,0.0,2.694135604712489e-13,298.3563842773437,303.1499938964844,285.1499938964844,0.0,-0.0,285.07501220703125,0.0,0.0,1.2779789162684074e-12,285.04901123046875,294.1499938964844,284.2771301269531,281.9696350097656,289.73309326171875,287.1226806640625,285.151123046875,0.0,0.0,0.0,0.0,1.0,1.0,1.657214513187122e-12,1.4972820049264965e-18,-1.657216031070164e-12,1.812736809617133e-12,0.0,0.0,0.0,1.4551915228366852e-11,60.0,2.7106339075544383e-06,-0.0,-5.066788513209878e-25,0.0,283.35400390625,284.5365905761719,288.9228210449219,289.824462890625,293.1499938964844,293.1499938964844,278.1499938964844,0.0,18000.0,313.1499938964844,0.0,18000.0,0.0,0.0,0.0,0.0,0.0,0.0,0.0,0.0,0.0,-0.0,-0.0,-0.0,-5.5419562194307814e-21,-2.7709781097153907e-21,-2.7709781097153907e-21,0.0,0.0,-0.0,0.0,0.0,0.0,-0.0,0.0,0.0,0.0,0.0,0.0,4.0,0.0,0.0
12180360,298.3656311035156,303.1499938964844,285.1499938964844,0.0,-0.0,285.0762023925781,0.0,0.0,0.0,298.34130859375,303.1499938964844,285.1499938964844,0.0,-0.0,285.076171875,0.0,0.0,0.0,298.8922119140625,303.1499938964844,285.1499938964844,0.0,-0.0,285.07623291015625,0.0,0.0,0.0,298.1669616699219,303.1499938964844,285.1499938964844,0.0,-0.0,285.0758361816406,0.0,0.0,0.0,298.3554077148437,303.1499938964844,285.1499938964844,0.0,-0.0,285.07501220703125,0.0,0.0,0.0,285.04901123046875,294.1499938964844,284.2572326660156,281.974365234375,289.73309326171875,287.1226806640625,285.1512145996094,0.0,0.0,0.0,0.0,1.0,1.0,-1.0539487034846862e-12,3.538602146295191e-18,1.0539452340377342e-12,-8.42767316436982e-13,0.0,0.0,0.0,0.0,60.0,2.6130812784685986e-06,-0.0,-0.0,0.0,283.35400390625,284.5365905761719,288.9228210449219,289.824462890625,293.1499938964844,293.1499938964844,278.1499938964844,0.0,18000.0,313.1499938964844,0.0,18000.0,0.0,0.0,0.0,0.0,0.0,0.0,0.0,0.0,0.0,-0.0,-0.0,-0.0,-5.5419562194307814e-21,-2.7709781097153907e-21,-2.7709781097153907e-21,0.0,0.0,-0.0,0.0,0.0,0.0,-0.0,0.0,0.0,0.0,0.0,0.0,4.0,0.0,0.0
12180420,298.36083984375,303.1499938964844,285.1499938964844,0.0,-0.0,285.0762023925781,0.0,0.0,0.0,298.3380126953125,303.1499938964844,285.1499938964844,0.0,-0.0,285.076171875,0.0,0.0,0.0,298.88818359375,303.1499938964844,285.1499938964844,0.0,-0.0,285.07623291015625,0.0,0.0,0.0,298.16357421875,303.1499938964844,285.1499938964844,0.0,-0.0,285.0758361816406,0.0,0.0,0.0,298.3534545898437,303.1499938964844,285.1499938964844,0.0,-0.0,285.07501220703125,0.0,0.0,0.0,285.04901123046875,294.1499938964844,284.2182006835937,281.9842224121094,289.73309326171875,287.1226806640625,285.1513977050781,0.0,0.0,0.0,0.0,1.0,1.0,-1.0539487034846862e-12,3.538601732704885e-18,1.0539452340377342e-12,-8.42767316436982e-13,0.0,0.0,0.0,0.0,60.0,2.427517529213219e-06,-0.0,-0.0,0.0,283.35400390625,284.5365905761719,288.9228210449219,289.824462890625,293.1499938964844,293.1499938964844,278.1499938964844,0.0,18000.0,313.1499938964844,0.0,18000.0,0.0,0.0,0.0,0.0,0.0,0.0,0.0,0.0,0.0,-0.0,-0.0,-0.0,-5.5419562194307814e-21,-2.7709781097153907e-21,-2.7709781097153907e-21,0.0,0.0,-0.0,0.0,0.0,0.0,-0.0,0.0,0.0,0.0,0.0,0.0,4.0,0.0,0.0
12180480,298.36083984375,303.1499938964844,285.1499938964844,0.0,-0.0,285.0762023925781,0.0,0.0,0.0,298.3380126953125,303.1499938964844,285.1499938964844,0.0,-0.0,285.076171875,0.0,0.0,0.0,298.88818359375,303.1499938964844,285.1499938964844,0.0,-0.0,285.07623291015625,0.0,0.0,0.0,298.16357421875,303.1499938964844,285.1499938964844,0.0,-0.0,285.0758361816406,0.0,0.0,0.0,298.3534545898437,303.1499938964844,285.1499938964844,0.0,-0.0,285.07501220703125,0.0,0.0,0.0,285.04901123046875,294.1499938964844,284.2182006835937,281.9842224121094,289.73309326171875,287.1226806640625,285.1513977050781,0.0,0.0,0.0,0.0,1.0,1.0,-1.0539487034846862e-12,3.538601732704885e-18,1.0539452340377342e-12,-8.42767316436982e-13,0.0,0.0,0.0,0.0,60.0,2.427517529213219e-06,-0.0,-0.0,0.0,283.35400390625,284.5365905761719,288.9228210449219,289.824462890625,293.1499938964844,293.1499938964844,278.1499938964844,0.0,18000.0,313.1499938964844,0.0,18000.0,0.0,0.0,0.0,0.0,0.0,0.0,0.0,0.0,0.0,-0.0,-0.0,-0.0,-5.5419562194307814e-21,-2.7709781097153907e-21,-2.7709781097153907e-21,0.0,0.0,-0.0,0.0,0.0,0.0,-0.0,0.0,0.0,0.0,0.0,0.0,4.0,0.0,0.0
12180540,298.35601806640625,303.1499938964844,285.1499938964844,0.0,-0.0,285.0762023925781,0.0,0.0,0.0,298.3347473144531,303.1499938964844,285.1499938964844,0.0,-0.0,285.076171875,0.0,0.0,0.0,298.8841857910156,303.1499938964844,285.1499938964844,0.0,-0.0,285.07623291015625,0.0,0.0,0.0,298.1601867675781,303.1499938964844,285.1499938964844,0.0,-0.0,285.0758361816406,0.0,0.0,0.0,298.3515014648437,303.1499938964844,285.1499938964844,0.0,-0.0,285.07501220703125,0.0,0.0,0.0,285.04901123046875,294.1499938964844,284.1802062988281,281.99432373046875,289.73309326171875,287.1226806640625,285.15155029296875,0.0,0.0,0.0,0.0,1.0,1.0,-1.0539487034846862e-12,3.538601732704885e-18,1.0539452340377342e-12,-8.42767316436982e-13,0.0,0.0,0.0,0.0,60.0,2.255297886222252e-06,-0.0,-0.0,0.0,283.35400390625,284.5365905761719,288.9228210449219,289.824462890625,293.1499938964844,293.1499938964844,278.1499938964844,0.0,18000.0,313.1499938964844,0.0,18000.0,0.0,0.0,0.0,0.0,0.0,0.0,0.0,0.0,0.0,-0.0,-0.0,-0.0,-5.5419562194307814e-21,-2.7709781097153907e-21,-2.7709781097153907e-21,0.0,0.0,-0.0,0.0,0.0,0.0,-0.0,0.0,0.0,0.0,0.0,0.0,4.0,0.0,0.0
12180600,298.35601806640625,303.1499938964844,285.1499938964844,0.0,-0.0,285.0762023925781,0.0,0.0,0.0,298.3347473144531,303.1499938964844,285.1499938964844,0.0,-0.0,285.076171875,0.0,0.0,0.0,298.8841857910156,303.1499938964844,285.1499938964844,0.0,-0.0,285.07623291015625,0.0,0.0,0.0,298.1601867675781,303.1499938964844,285.1499938964844,0.0,-0.0,285.0758361816406,0.0,0.0,0.0,298.3515014648437,303.1499938964844,285.1499938964844,0.0,-0.0,285.07501220703125,0.0,0.0,0.0,285.04901123046875,294.1499938964844,284.1802062988281,281.99432373046875,289.73309326171875,287.1226806640625,285.15155029296875,0.0,0.0,0.0,0.0,1.0,1.0,-1.0539487034846862e-12,3.538601732704885e-18,1.0539452340377342e-12,-8.42767316436982e-13,0.0,0.0,0.0,0.0,60.0,2.255297886222252e-06,-0.0,-0.0,0.0,283.35400390625,284.5365905761719,288.9228210449219,289.824462890625,293.1499938964844,293.1499938964844,278.1499938964844,0.0,18000.0,313.1499938964844,0.0,18000.0,0.0,0.0,0.0,0.0,0.0,0.0,0.0,0.0,0.0,-0.0,-0.0,-0.0,-5.5419562194307814e-21,-2.7709781097153907e-21,-2.7709781097153907e-21,0.0,0.0,-0.0,0.0,0.0,0.0,-0.0,0.0,0.0,0.0,0.0,0.0,4.0,0.0,0.0
12180660,298.3511657714844,303.1499938964844,285.1499938964844,0.0,-0.0,285.0762023925781,0.0,0.0,2.5584162609629257e-13,298.33154296875,303.1499938964844,285.1499938964844,0.0,-0.0,285.076171875,0.0,0.0,2.6941393994200924e-13,298.8802185058594,303.1499938964844,285.1499938964844,0.0,-0.0,285.07623291015625,0.0,0.0,1.989885984937309e-13,298.1568298339844,303.1499938964844,285.1499938964844,0.0,-0.0,285.0758361816406,0.0,0.0,2.694135604712489e-13,298.3495483398437,303.1499938964844,285.1499938964844,0.0,-0.0,285.07501220703125,0.0,0.0,1.2779789162684074e-12,285.04901123046875,294.1499938964844,284.143310546875,282.0043640136719,289.73309326171875,287.1226806640625,285.1517028808594,0.0,0.0,0.0,0.0,1.0,1.0,1.657214513187122e-12,1.4972820049264965e-18,-1.657216031070164e-12,1.812736809617133e-12,0.0,0.0,0.0,1.4551915228366852e-11,60.0,2.095237960020313e-06,-0.0,-5.066788513209878e-25,0.0,283.35400390625,284.5365905761719,288.9228210449219,289.824462890625,293.1499938964844,293.1499938964844,278.1499938964844,0.0,18000.0,313.1499938964844,0.0,18000.0,0.0,0.0,0.0,0.0,0.0,0.0,0.0,0.0,0.0,-0.0,-0.0,-0.0,-5.5419562194307814e-21,-2.7709781097153907e-21,-2.7709781097153907e-21,0.0,0.0,-0.0,0.0,0.0,0.0,-0.0,0.0,0.0,0.0,0.0,0.0,4.0,0.0,0.0
12180720,298.3511657714844,303.1499938964844,285.1499938964844,0.0,-0.0,285.0762023925781,0.0,0.0,2.5584162609629257e-13,298.33154296875,303.1499938964844,285.1499938964844,0.0,-0.0,285.076171875,0.0,0.0,2.6941393994200924e-13,298.8802185058594,303.1499938964844,285.1499938964844,0.0,-0.0,285.07623291015625,0.0,0.0,1.989885984937309e-13,298.1568298339844,303.1499938964844,285.1499938964844,0.0,-0.0,285.0758361816406,0.0,0.0,2.694135604712489e-13,298.3495483398437,303.1499938964844,285.1499938964844,0.0,-0.0,285.07501220703125,0.0,0.0,1.2779789162684074e-12,285.04901123046875,294.1499938964844,284.143310546875,282.0043640136719,289.73309326171875,287.1226806640625,285.1517028808594,0.0,0.0,0.0,0.0,1.0,1.0,1.657214513187122e-12,1.4972820049264965e-18,-1.657216031070164e-12,1.812736809617133e-12,0.0,0.0,0.0,1.4551915228366852e-11,60.0,2.095237960020313e-06,-0.0,-5.066788513209878e-25,0.0,283.35400390625,284.5365905761719,288.9228210449219,289.824462890625,293.1499938964844,293.1499938964844,278.1499938964844,0.0,18000.0,313.1499938964844,0.0,18000.0,0.0,0.0,0.0,0.0,0.0,0.0,0.0,0.0,0.0,-0.0,-0.0,-0.0,-5.5419562194307814e-21,-2.7709781097153907e-21,-2.7709781097153907e-21,0.0,0.0,-0.0,0.0,0.0,0.0,-0.0,0.0,0.0,0.0,0.0,0.0,4.0,0.0,0.0
12180780,298.346435546875,303.1499938964844,285.1499938964844,0.0,-0.0,285.0762023925781,0.0,0.0,2.5584162609629257e-13,298.328369140625,303.1499938964844,285.1499938964844,0.0,-0.0,285.076171875,0.0,0.0,2.6941393994200924e-13,298.876220703125,303.1499938964844,285.1499938964844,0.0,-0.0,285.07623291015625,0.0,0.0,1.989885984937309e-13,298.1534729003906,303.1499938964844,285.1499938964844,0.0,-0.0,285.0758361816406,0.0,0.0,2.694135604712489e-13,298.3475646972656,303.1499938964844,285.1499938964844,0.0,-0.0,285.07501220703125,0.0,0.0,1.2779789162684074e-12,285.04901123046875,294.1499938964844,284.10748291015625,282.0141296386719,289.73309326171875,287.1226806640625,285.15185546875,0.0,0.0,0.0,0.0,1.0,1.0,1.657214513187122e-12,1.49728190152892e-18,-1.657216031070164e-12,1.812736809617133e-12,0.0,0.0,0.0,1.4551915228366852e-11,60.0,1.946654947460047e-06,-0.0,-5.066788513209878e-25,0.0,283.35400390625,284.5365905761719,288.9228210449219,289.824462890625,293.1499938964844,293.1499938964844,278.1499938964844,0.0,18000.0,313.1499938964844,0.0,18000.0,0.0,0.0,0.0,0.0,0.0,0.0,0.0,0.0,0.0,-0.0,-0.0,-0.0,-5.5419562194307814e-21,-2.7709781097153907e-21,-2.7709781097153907e-21,0.0,0.0,-0.0,0.0,0.0,0.0,-0.0,0.0,0.0,0.0,0.0,0.0,4.0,0.0,0.0
12180840,298.346435546875,303.1499938964844,285.1499938964844,0.0,-0.0,285.0762023925781,0.0,0.0,2.5584162609629257e-13,298.328369140625,303.1499938964844,285.1499938964844,0.0,-0.0,285.076171875,0.0,0.0,2.6941393994200924e-13,298.876220703125,303.1499938964844,285.1499938964844,0.0,-0.0,285.07623291015625,0.0,0.0,1.989885984937309e-13,298.1534729003906,303.1499938964844,285.1499938964844,0.0,-0.0,285.0758361816406,0.0,0.0,2.694135604712489e-13,298.3475646972656,303.1499938964844,285.1499938964844,0.0,-0.0,285.07501220703125,0.0,0.0,1.2779789162684074e-12,285.04901123046875,294.1499938964844,284.10748291015625,282.0141296386719,289.73309326171875,287.1226806640625,285.15185546875,0.0,0.0,0.0,0.0,1.0,1.0,1.657214513187122e-12,1.49728190152892e-18,-1.657216031070164e-12,1.812736809617133e-12,0.0,0.0,0.0,1.4551915228366852e-11,60.0,1.946654947460047e-06,-0.0,-5.066788513209878e-25,0.0,283.35400390625,284.5365905761719,288.9228210449219,289.824462890625,293.1499938964844,293.1499938964844,278.1499938964844,0.0,18000.0,313.1499938964844,0.0,18000.0,0.0,0.0,0.0,0.0,0.0,0.0,0.0,0.0,0.0,-0.0,-0.0,-0.0,-5.5419562194307814e-21,-2.7709781097153907e-21,-2.7709781097153907e-21,0.0,0.0,-0.0,0.0,0.0,0.0,-0.0,0.0,0.0,0.0,0.0,0.0,4.0,0.0,0.0
12180900,298.3443908691406,303.1499938964844,285.1499938964844,0.0,-0.0,285.0762023925781,0.0,0.0,0.0,298.3267517089844,303.1499938964844,285.1499938964844,0.0,-0.0,285.076171875,0.0,0.0,0.0,298.8742370605469,303.1499938964844,285.1499938964844,0.0,-0.0,285.07623291015625,0.0,0.0,0.0,298.1517944335937,303.1499938964844,285.1499938964844,0.0,-0.0,285.0758361816406,0.0,0.0,0.0,298.3465270996094,303.1499938964844,285.1499938964844,0.0,-0.0,285.07501220703125,0.0,0.0,0.0,285.04901123046875,294.1499938964844,284.0899658203125,282.0188293457031,289.73309326171875,287.1226806640625,285.15191650390625,0.0,0.0,0.0,0.0,1.0,1.0,-1.0539487034846862e-12,3.538601732704885e-18,1.0539452340377342e-12,-8.42767316436982e-13,0.0,0.0,0.0,0.0,60.0,1.8759725435302244e-06,-0.0,-1.401298464324817e-45,0.0,283.35400390625,284.5365905761719,288.9228210449219,289.824462890625,293.1499938964844,293.1499938964844,278.1499938964844,0.0,18000.0,313.1499938964844,0.0,18000.0,0.0,0.0,0.0,0.0,0.0,0.0,0.0,0.0,0.0,-0.0,-0.0,-0.0,-5.5419562194307814e-21,-2.7709781097153907e-21,-2.7709781097153907e-21,0.0,0.0,-0.0,0.0,0.0,0.0,-0.0,0.0,0.0,0.0,0.0,0.0,4.0,0.0,0.0
12180960,298.34246826171875,303.1499938964844,285.1499938964844,0.0,-0.0,285.0762023925781,0.0,0.0,0.0,298.3250732421875,303.1499938964844,285.1499938964844,0.0,-0.0,285.076171875,0.0,0.0,0.0,298.87225341796875,303.1499938964844,285.1499938964844,0.0,-0.0,285.07623291015625,0.0,0.0,0.0,298.15008544921875,303.1499938964844,285.1499938964844,0.0,-0.0,285.0758361816406,0.0,0.0,0.0,298.3454895019531,303.1499938964844,285.1499938964844,0.0,-0.0,285.07501220703125,0.0,0.0,0.0,285.04901123046875,294.1499938964844,284.07275390625,282.0233764648437,289.73309326171875,287.1226806640625,285.1519775390625,0.0,0.0,0.0,0.0,1.0,1.0,4.312720753435473e-12,-1.1624509768911832e-18,-4.312719452392866e-12,6.1497174540237065e-12,0.0,0.0,0.0,1.4551915228366852e-11,60.0,1.8079090295941569e-06,-0.0,-0.0,0.0,283.35400390625,284.5365905761719,288.9228210449219,289.824462890625,293.1499938964844,293.1499938964844,278.1499938964844,0.0,18000.0,313.1499938964844,0.0,18000.0,0.0,0.0,0.0,0.0,0.0,0.0,0.0,0.0,0.0,-0.0,-0.0,-0.0,-5.5419562194307814e-21,-2.7709781097153907e-21,-2.7709781097153907e-21,0.0,0.0,-0.0,0.0,0.0,0.0,-0.0,0.0,0.0,0.0,0.0,0.0,4.0,0.0,0.0
12181020,298.3388671875,303.1499938964844,285.1499938964844,0.0,-0.0,285.0762023925781,0.0,0.0,0.0,298.3217468261719,303.1499938964844,285.1499938964844,0.0,-0.0,285.076171875,0.0,0.0,0.0,298.8682556152344,303.1499938964844,285.1499938964844,0.0,-0.0,285.07623291015625,0.0,0.0,0.0,298.1466979980469,303.1499938964844,285.1499938964844,0.0,-0.0,285.0758361816406,0.0,0.0,0.0,298.3433837890625,303.1499938964844,285.1499938964844,0.0,-0.0,285.07501220703125,0.0,0.0,0.0,285.04901123046875,294.1499938964844,284.0391540527344,282.0318298339844,289.73309326171875,287.1226806640625,285.152099609375,0.0,0.0,0.0,0.0,1.0,1.0,-3.709455052153254e-12,6.198334404329837e-18,3.7094485469402194e-12,-5.179748123473882e-12,0.0,0.0,0.0,-1.4551915228366852e-11,60.0,1.6797973785287468e-06,-0.0,-0.0,0.0,283.35400390625,284.5365905761719,288.9228210449219,289.824462890625,293.1499938964844,293.1499938964844,278.1499938964844,0.0,18000.0,313.1499938964844,0.0,18000.0,0.0,0.0,0.0,0.0,0.0,0.0,0.0,0.0,0.0,-0.0,-0.0,-0.0,-5.5419562194307814e-21,-2.7709781097153907e-21,-2.7709781097153907e-21,0.0,0.0,-0.0,0.0,0.0,0.0,-0.0,0.0,0.0,0.0,0.0,0.0,4.0,0.0,0.0
12181080,298.3388671875,303.1499938964844,285.1499938964844,0.0,-0.0,285.0762023925781,0.0,0.0,0.0,298.3217468261719,303.1499938964844,285.1499938964844,0.0,-0.0,285.076171875,0.0,0.0,0.0,298.8682556152344,303.1499938964844,285.1499938964844,0.0,-0.0,285.07623291015625,0.0,0.0,0.0,298.1466979980469,303.1499938964844,285.1499938964844,0.0,-0.0,285.0758361816406,0.0,0.0,0.0,298.3433837890625,303.1499938964844,285.1499938964844,0.0,-0.0,285.07501220703125,0.0,0.0,0.0,285.04901123046875,294.1499938964844,284.0391540527344,282.0318298339844,289.73309326171875,287.1226806640625,285.152099609375,0.0,0.0,0.0,0.0,1.0,1.0,-3.709455052153254e-12,6.198334404329837e-18,3.7094485469402194e-12,-5.179748123473882e-12,0.0,0.0,0.0,-1.4551915228366852e-11,60.0,1.6797973785287468e-06,-0.0,-0.0,0.0,283.35400390625,284.5365905761719,288.9228210449219,289.824462890625,293.1499938964844,293.1499938964844,278.1499938964844,0.0,18000.0,313.1499938964844,0.0,18000.0,0.0,0.0,0.0,0.0,0.0,0.0,0.0,0.0,0.0,-0.0,-0.0,-0.0,-5.5419562194307814e-21,-2.7709781097153907e-21,-2.7709781097153907e-21,0.0,0.0,-0.0,0.0,0.0,0.0,-0.0,0.0,0.0,0.0,0.0,0.0,4.0,0.0,0.0
12181140,298.33544921875,303.1499938964844,285.1499938964844,0.0,-0.0,285.0762023925781,0.0,0.0,2.5584162609629257e-13,298.318359375,303.1499938964844,285.1499938964844,0.0,-0.0,285.076171875,0.0,0.0,2.6941393994200924e-13,298.8642578125,303.1499938964844,285.1499938964844,0.0,-0.0,285.07623291015625,0.0,0.0,1.989885984937309e-13,298.143310546875,303.1499938964844,285.1499938964844,0.0,-0.0,285.0758361816406,0.0,0.0,2.694135604712489e-13,298.3412780761719,303.1499938964844,285.1499938964844,0.0,-0.0,285.07501220703125,0.0,0.0,1.2779789162684074e-12,285.04901123046875,294.1499938964844,284.0067138671875,282.0392761230469,289.73309326171875,287.1226806640625,285.1522216796875,0.0,0.0,0.0,0.0,1.0,1.0,1.657214513187122e-12,1.49728190152892e-18,-1.657216031070164e-12,1.812736809617133e-12,0.0,0.0,0.0,1.4551915228366852e-11,60.0,1.5596556295349728e-06,-0.0,-5.066788513209878e-25,0.0,283.35400390625,284.5365905761719,288.9228210449219,289.824462890625,293.1499938964844,293.1499938964844,278.1499938964844,0.0,18000.0,313.1499938964844,0.0,18000.0,0.0,0.0,0.0,0.0,0.0,0.0,0.0,0.0,0.0,-0.0,-0.0,-0.0,-5.5419562194307814e-21,-2.7709781097153907e-21,-2.7709781097153907e-21,0.0,0.0,-0.0,0.0,0.0,0.0,-0.0,0.0,0.0,0.0,0.0,0.0,4.0,0.0,0.0
12181200,298.33544921875,303.1499938964844,285.1499938964844,0.0,-0.0,285.0762023925781,0.0,0.0,2.5584162609629257e-13,298.318359375,303.1499938964844,285.1499938964844,0.0,-0.0,285.076171875,0.0,0.0,2.6941393994200924e-13,298.8642578125,303.1499938964844,285.1499938964844,0.0,-0.0,285.07623291015625,0.0,0.0,1.989885984937309e-13,298.143310546875,303.1499938964844,285.1499938964844,0.0,-0.0,285.0758361816406,0.0,0.0,2.694135604712489e-13,298.3412780761719,303.1499938964844,285.1499938964844,0.0,-0.0,285.07501220703125,0.0,0.0,1.2779789162684074e-12,285.04901123046875,294.1499938964844,284.0067138671875,282.0392761230469,289.73309326171875,287.1226806640625,285.1522216796875,0.0,0.0,0.0,0.0,1.0,1.0,1.657214513187122e-12,1.49728190152892e-18,-1.657216031070164e-12,1.812736809617133e-12,0.0,0.0,0.0,1.4551915228366852e-11,60.0,1.5596556295349728e-06,-0.0,-5.066788513209878e-25,0.0,283.35400390625,284.5365905761719,288.9228210449219,289.824462890625,293.1499938964844,293.1499938964844,278.1499938964844,0.0,18000.0,313.1499938964844,0.0,18000.0,0.0,0.0,0.0,0.0,0.0,0.0,0.0,0.0,0.0,-0.0,-0.0,-0.0,-5.5419562194307814e-21,-2.7709781097153907e-21,-2.7709781097153907e-21,0.0,0.0,-0.0,0.0,0.0,0.0,-0.0,0.0,0.0,0.0,0.0,0.0,4.0,0.0,0.0
12181260,298.33209228515625,303.1499938964844,285.1499938964844,0.0,-0.0,285.0762023925781,0.0,0.0,0.0,298.31494140625,303.1499938964844,285.1499938964844,0.0,-0.0,285.076171875,0.0,0.0,0.0,298.8601989746094,303.1499938964844,285.1499938964844,0.0,-0.0,285.07623291015625,0.0,0.0,0.0,298.1399230957031,303.1499938964844,285.1499938964844,0.0,-0.0,285.0758361816406,0.0,0.0,0.0,298.3391418457031,303.1499938964844,285.1499938964844,0.0,-0.0,285.07501220703125,0.0,0.0,0.0,285.04901123046875,294.1499938964844,283.9754333496094,282.0454406738281,289.73309326171875,287.1226806640625,285.1523132324219,0.0,0.0,0.0,0.0,1.0,1.0,-1.0539487034846862e-12,3.538601732704885e-18,1.0539452340377342e-12,-8.42767316436982e-13,0.0,0.0,0.0,0.0,60.0,1.4490551620838232e-06,-0.0,-0.0,0.0,283.35400390625,284.5365905761719,288.9228210449219,289.824462890625,293.1499938964844,293.1499938964844,278.1499938964844,0.0,18000.0,313.1499938964844,0.0,18000.0,0.0,0.0,0.0,0.0,0.0,0.0,0.0,0.0,0.0,-0.0,-0.0,-0.0,-5.5419562194307814e-21,-2.7709781097153907e-21,-2.7709781097153907e-21,0.0,0.0,-0.0,0.0,0.0,0.0,-0.0,0.0,0.0,0.0,0.0,0.0,4.0,0.0,0.0
12181320,298.33209228515625,303.1499938964844,285.1499938964844,0.0,-0.0,285.0762023925781,0.0,0.0,0.0,298.31494140625,303.1499938964844,285.1499938964844,0.0,-0.0,285.076171875,0.0,0.0,0.0,298.8601989746094,303.1499938964844,285.1499938964844,0.0,-0.0,285.07623291015625,0.0,0.0,0.0,298.1399230957031,303.1499938964844,285.1499938964844,0.0,-0.0,285.0758361816406,0.0,0.0,0.0,298.3391418457031,303.1499938964844,285.1499938964844,0.0,-0.0,285.07501220703125,0.0,0.0,0.0,285.04901123046875,294.1499938964844,283.9754333496094,282.0454406738281,289.73309326171875,287.1226806640625,285.1523132324219,0.0,0.0,0.0,0.0,1.0,1.0,-1.0539487034846862e-12,3.538601732704885e-18,1.0539452340377342e-12,-8.42767316436982e-13,0.0,0.0,0.0,0.0,60.0,1.4490551620838232e-06,-0.0,-0.0,0.0,283.35400390625,284.5365905761719,288.9228210449219,289.824462890625,293.1499938964844,293.1499938964844,278.1499938964844,0.0,18000.0,313.1499938964844,0.0,18000.0,0.0,0.0,0.0,0.0,0.0,0.0,0.0,0.0,0.0,-0.0,-0.0,-0.0,-5.5419562194307814e-21,-2.7709781097153907e-21,-2.7709781097153907e-21,0.0,0.0,-0.0,0.0,0.0,0.0,-0.0,0.0,0.0,0.0,0.0,0.0,4.0,0.0,0.0
12181380,298.32879638671875,303.1499938964844,285.1499938964844,0.0,-0.0,285.0762023925781,0.0,0.0,0.0,298.3115234375,303.1499938964844,285.1499938964844,0.0,-0.0,285.076171875,0.0,0.0,0.0,298.8561706542969,303.1499938964844,285.1499938964844,0.0,-0.0,285.07623291015625,0.0,0.0,0.0,298.1365051269531,303.1499938964844,285.1499938964844,0.0,-0.0,285.0758361816406,0.0,0.0,0.0,298.3370056152344,303.1499938964844,285.1499938964844,0.0,-0.0,285.07501220703125,0.0,0.0,0.0,285.04901123046875,294.1499938964844,283.9453430175781,282.0500793457031,289.73309326171875,287.1226806640625,285.15240478515625,0.0,0.0,0.0,0.0,1.0,1.0,-3.709455052153254e-12,6.198334817920141e-18,3.7094485469402194e-12,-5.179748123473882e-12,0.0,0.0,0.0,-1.4551915228366852e-11,60.0,1.3449217703964678e-06,-0.0,-0.0,0.0,283.35400390625,284.5365905761719,288.9228210449219,289.824462890625,293.1499938964844,293.1499938964844,278.1499938964844,0.0,18000.0,313.1499938964844,0.0,18000.0,0.0,0.0,0.0,0.0,0.0,0.0,0.0,0.0,0.0,-0.0,-0.0,-0.0,-5.5419562194307814e-21,-2.7709781097153907e-21,-2.7709781097153907e-21,0.0,0.0,-0.0,0.0,0.0,0.0,-0.0,0.0,0.0,0.0,0.0,0.0,4.0,0.0,0.0
12181440,298.32879638671875,303.1499938964844,285.1499938964844,0.0,-0.0,285.0762023925781,0.0,0.0,0.0,298.3115234375,303.1499938964844,285.1499938964844,0.0,-0.0,285.076171875,0.0,0.0,0.0,298.8561706542969,303.1499938964844,285.1499938964844,0.0,-0.0,285.07623291015625,0.0,0.0,0.0,298.1365051269531,303.1499938964844,285.1499938964844,0.0,-0.0,285.0758361816406,0.0,0.0,0.0,298.3370056152344,303.1499938964844,285.1499938964844,0.0,-0.0,285.07501220703125,0.0,0.0,0.0,285.04901123046875,294.1499938964844,283.9453430175781,282.0500793457031,289.73309326171875,287.1226806640625,285.15240478515625,0.0,0.0,0.0,0.0,1.0,1.0,-3.709455052153254e-12,6.198334817920141e-18,3.7094485469402194e-12,-5.179748123473882e-12,0.0,0.0,0.0,-1.4551915228366852e-11,60.0,1.3449217703964678e-06,-0.0,-0.0,0.0,283.35400390625,284.5365905761719,288.9228210449219,289.824462890625,293.1499938964844,293.1499938964844,278.1499938964844,0.0,18000.0,313.1499938964844,0.0,18000.0,0.0,0.0,0.0,0.0,0.0,0.0,0.0,0.0,0.0,-0.0,-0.0,-0.0,-5.5419562194307814e-21,-2.7709781097153907e-21,-2.7709781097153907e-21,0.0,0.0,-0.0,0.0,0.0,0.0,-0.0,0.0,0.0,0.0,0.0,0.0,4.0,0.0,0.0
12181500,298.3271789550781,303.1499938964844,285.1499938964844,0.0,-0.0,285.0762023925781,0.0,0.0,0.0,298.309814453125,303.1499938964844,285.1499938964844,0.0,-0.0,285.076171875,0.0,0.0,0.0,298.8541259765625,303.1499938964844,285.1499938964844,0.0,-0.0,285.07623291015625,0.0,0.0,0.0,298.13482666015625,303.1499938964844,285.1499938964844,0.0,-0.0,285.0758361816406,0.0,0.0,0.0,298.3359375,303.1499938964844,285.1499938964844,0.0,-0.0,285.07501220703125,0.0,0.0,0.0,285.04901123046875,294.1499938964844,283.9307556152344,282.0517578125,289.73309326171875,287.1226806640625,285.1524658203125,0.0,0.0,0.0,0.0,1.0,1.0,-1.0539487034846862e-12,3.538601732704885e-18,1.0539452340377342e-12,-8.42767316436982e-13,0.0,0.0,0.0,0.0,60.0,1.2969881026947403e-06,-0.0,-0.0,0.0,283.35400390625,284.5365905761719,288.9228210449219,289.824462890625,293.1499938964844,293.1499938964844,278.1499938964844,0.0,18000.0,313.1499938964844,0.0,18000.0,0.0,0.0,0.0,0.0,0.0,0.0,0.0,0.0,0.0,-0.0,-0.0,-0.0,-5.5419562194307814e-21,-2.7709781097153907e-21,-2.7709781097153907e-21,0.0,0.0,-0.0,0.0,0.0,0.0,-0.0,0.0,0.0,0.0,0.0,0.0,4.0,0.0,0.0
12181560,298.3255310058594,303.1499938964844,285.1499938964844,0.0,-0.0,285.0762023925781,0.0,0.0,0.0,298.30810546875,303.1499938964844,285.1499938964844,0.0,-0.0,285.076171875,0.0,0.0,0.0,298.85211181640625,303.1499938964844,285.1499938964844,0.0,-0.0,285.07623291015625,0.0,0.0,0.0,298.13311767578125,303.1499938964844,285.1499938964844,0.0,-0.0,285.0758361816406,0.0,0.0,0.0,298.3348693847656,303.1499938964844,285.1499938964844,0.0,-0.0,285.07501220703125,0.0,0.0,0.0,285.04901123046875,294.1499938964844,283.9164733886719,282.052978515625,289.73309326171875,287.1226806640625,285.1524963378906,0.0,0.0,0.0,0.0,1.0,1.0,-1.0539487034846862e-12,3.538601732704885e-18,1.0539452340377342e-12,-8.42767316436982e-13,0.0,0.0,0.0,0.0,60.0,1.250739501301723e-06,-0.0,-0.0,0.0,283.35400390625,284.5365905761719,288.9228210449219,289.824462890625,293.1499938964844,293.1499938964844,278.1499938964844,0.0,18000.0,313.1499938964844,0.0,18000.0,0.0,0.0,0.0,0.0,0.0,0.0,0.0,0.0,0.0,-0.0,-0.0,-0.0,-5.5419562194307814e-21,-2.7709781097153907e-21,-2.7709781097153907e-21,0.0,0.0,-0.0,0.0,0.0,0.0,-0.0,0.0,0.0,0.0,0.0,0.0,4.0,0.0,0.0
12181620,298.322265625,303.1499938964844,285.1499938964844,0.0,-0.0,285.0762023925781,0.0,0.0,0.0,298.3046875,303.1499938964844,285.1499938964844,0.0,-0.0,285.076171875,0.0,0.0,0.0,298.8480224609375,303.1499938964844,285.1499938964844,0.0,-0.0,285.07623291015625,0.0,0.0,0.0,298.12969970703125,303.1499938964844,285.1499938964844,0.0,-0.0,285.0758361816406,0.0,0.0,0.0,298.3327331542969,303.1499938964844,285.1499938964844,0.0,-0.0,285.07501220703125,0.0,0.0,0.0,285.04901123046875,294.1499938964844,283.8888244628906,282.05389404296875,289.73309326171875,287.1226806640625,285.152587890625,0.0,0.0,0.0,0.0,1.0,1.0,-3.709455052153254e-12,6.198334404329837e-18,3.7094485469402194e-12,-5.179748123473882e-12,0.0,0.0,0.0,-1.4551915228366852e-11,60.0,1.1625231763900956e-06,-0.0,-0.0,0.0,283.35400390625,284.5365905761719,288.9228210449219,289.824462890625,293.1499938964844,293.1499938964844,278.1499938964844,0.0,18000.0,313.1499938964844,0.0,18000.0,0.0,0.0,0.0,0.0,0.0,0.0,0.0,0.0,0.0,-0.0,-0.0,-0.0,-5.5419562194307814e-21,-2.7709781097153907e-21,-2.7709781097153907e-21,0.0,0.0,-0.0,0.0,0.0,0.0,-0.0,0.0,0.0,0.0,0.0,0.0,4.0,0.0,0.0
12181680,298.322265625,303.1499938964844,285.1499938964844,0.0,-0.0,285.0762023925781,0.0,0.0,0.0,298.3046875,303.1499938964844,285.1499938964844,0.0,-0.0,285.076171875,0.0,0.0,0.0,298.8480224609375,303.1499938964844,285.1499938964844,0.0,-0.0,285.07623291015625,0.0,0.0,0.0,298.12969970703125,303.1499938964844,285.1499938964844,0.0,-0.0,285.0758361816406,0.0,0.0,0.0,298.3327331542969,303.1499938964844,285.1499938964844,0.0,-0.0,285.07501220703125,0.0,0.0,0.0,285.04901123046875,294.1499938964844,283.8888244628906,282.05389404296875,289.73309326171875,287.1226806640625,285.152587890625,0.0,0.0,0.0,0.0,1.0,1.0,-3.709455052153254e-12,6.198334404329837e-18,3.7094485469402194e-12,-5.179748123473882e-12,0.0,0.0,0.0,-1.4551915228366852e-11,60.0,1.1625231763900956e-06,-0.0,-0.0,0.0,283.35400390625,284.5365905761719,288.9228210449219,289.824462890625,293.1499938964844,293.1499938964844,278.1499938964844,0.0,18000.0,313.1499938964844,0.0,18000.0,0.0,0.0,0.0,0.0,0.0,0.0,0.0,0.0,0.0,-0.0,-0.0,-0.0,-5.5419562194307814e-21,-2.7709781097153907e-21,-2.7709781097153907e-21,0.0,0.0,-0.0,0.0,0.0,0.0,-0.0,0.0,0.0,0.0,0.0,0.0,4.0,0.0,0.0
12181740,298.3190002441406,303.1499938964844,285.1499938964844,0.0,-0.0,285.0762023925781,0.0,0.0,-2.5584162609629257e-13,298.30126953125,303.1499938964844,285.1499938964844,0.0,-0.0,285.076171875,0.0,0.0,-2.6941393994200924e-13,298.8439636230469,303.1499938964844,285.1499938964844,0.0,-0.0,285.07623291015625,0.0,0.0,-1.989885984937309e-13,298.1263122558594,303.1499938964844,285.1499938964844,0.0,-0.0,285.0758361816406,0.0,0.0,-2.694135604712489e-13,298.33056640625,303.1499938964844,285.1499938964844,0.0,-0.0,285.07501220703125,0.0,0.0,-1.2779789162684074e-12,285.04901123046875,294.1499938964844,283.8624267578125,282.05255126953125,289.73309326171875,287.1226806640625,285.15264892578125,0.0,0.0,0.0,0.0,1.0,1.0,-3.765111920156494e-12,5.579921770676003e-18,3.765106282305197e-12,-3.4982713340708797e-12,0.0,0.0,0.0,-1.4551915228366852e-11,60.0,1.0803414625115693e-06,-0.0,-5.066788513209878e-25,0.0,283.35400390625,284.5365905761719,288.9228210449219,289.824462890625,293.1499938964844,293.1499938964844,278.1499938964844,0.0,18000.0,313.1499938964844,0.0,18000.0,0.0,0.0,0.0,0.0,0.0,0.0,0.0,0.0,0.0,-0.0,-0.0,-0.0,-5.5419562194307814e-21,-2.7709781097153907e-21,-2.7709781097153907e-21,0.0,0.0,-0.0,0.0,0.0,0.0,-0.0,0.0,0.0,0.0,0.0,0.0,4.0,0.0,0.0
12181800,298.3190002441406,303.1499938964844,285.1499938964844,0.0,-0.0,285.0762023925781,0.0,0.0,-2.5584162609629257e-13,298.30126953125,303.1499938964844,285.1499938964844,0.0,-0.0,285.076171875,0.0,0.0,-2.6941393994200924e-13,298.8439636230469,303.1499938964844,285.1499938964844,0.0,-0.0,285.07623291015625,0.0,0.0,-1.989885984937309e-13,298.1263122558594,303.1499938964844,285.1499938964844,0.0,-0.0,285.0758361816406,0.0,0.0,-2.694135604712489e-13,298.33056640625,303.1499938964844,285.1499938964844,0.0,-0.0,285.07501220703125,0.0,0.0,-1.2779789162684074e-12,285.04901123046875,294.1499938964844,283.8624267578125,282.05255126953125,289.73309326171875,287.1226806640625,285.15264892578125,0.0,0.0,0.0,0.0,1.0,1.0,-3.765111920156494e-12,5.579921770676003e-18,3.765106282305197e-12,-3.4982713340708797e-12,0.0,0.0,0.0,-1.4551915228366852e-11,60.0,1.0803414625115693e-06,-0.0,-5.066788513209878e-25,0.0,283.35400390625,284.5365905761719,288.9228210449219,289.824462890625,293.1499938964844,293.1499938964844,278.1499938964844,0.0,18000.0,313.1499938964844,0.0,18000.0,0.0,0.0,0.0,0.0,0.0,0.0,0.0,0.0,0.0,-0.0,-0.0,-0.0,-5.5419562194307814e-21,-2.7709781097153907e-21,-2.7709781097153907e-21,0.0,0.0,-0.0,0.0,0.0,0.0,-0.0,0.0,0.0,0.0,0.0,0.0,4.0,0.0,0.0
12181860,298.3157653808594,303.1499938964844,285.1499938964844,0.0,-0.0,285.0762023925781,0.0,0.0,0.0,298.2978515625,303.1499938964844,285.1499938964844,0.0,-0.0,285.076171875,0.0,0.0,0.0,298.83990478515625,303.1499938964844,285.1499938964844,0.0,-0.0,285.07623291015625,0.0,0.0,0.0,298.1229248046875,303.1499938964844,285.1499938964844,0.0,-0.0,285.0758361816406,0.0,0.0,0.0,298.3283996582031,303.1499938964844,285.1499938964844,0.0,-0.0,285.07501220703125,0.0,0.0,0.0,285.04901123046875,294.1499938964844,283.8373107910156,282.0487060546875,289.73309326171875,287.1226806640625,285.1527404785156,0.0,0.0,0.0,0.0,1.0,1.0,-1.0539487034846862e-12,3.538601732704885e-18,1.0539452340377342e-12,-8.42767316436982e-13,0.0,0.0,0.0,0.0,60.0,1.00394356650213e-06,-0.0,-0.0,0.0,283.35400390625,284.5365905761719,288.9228210449219,289.824462890625,293.1499938964844,293.1499938964844,278.1499938964844,0.0,18000.0,313.1499938964844,0.0,18000.0,0.0,0.0,0.0,0.0,0.0,0.0,0.0,0.0,0.0,-0.0,-0.0,-0.0,-5.5419562194307814e-21,-2.7709781097153907e-21,-2.7709781097153907e-21,0.0,0.0,-0.0,0.0,0.0,0.0,-0.0,0.0,0.0,0.0,0.0,0.0,4.0,0.0,0.0
12181920,298.3157653808594,303.1499938964844,285.1499938964844,0.0,-0.0,285.0762023925781,0.0,0.0,0.0,298.2978515625,303.1499938964844,285.1499938964844,0.0,-0.0,285.076171875,0.0,0.0,0.0,298.83990478515625,303.1499938964844,285.1499938964844,0.0,-0.0,285.07623291015625,0.0,0.0,0.0,298.1229248046875,303.1499938964844,285.1499938964844,0.0,-0.0,285.0758361816406,0.0,0.0,0.0,298.3283996582031,303.1499938964844,285.1499938964844,0.0,-0.0,285.07501220703125,0.0,0.0,0.0,285.04901123046875,294.1499938964844,283.8373107910156,282.0487060546875,289.73309326171875,287.1226806640625,285.1527404785156,0.0,0.0,0.0,0.0,1.0,1.0,-1.0539487034846862e-12,3.538601732704885e-18,1.0539452340377342e-12,-8.42767316436982e-13,0.0,0.0,0.0,0.0,60.0,1.00394356650213e-06,-0.0,-0.0,0.0,283.35400390625,284.5365905761719,288.9228210449219,289.824462890625,293.1499938964844,293.1499938964844,278.1499938964844,0.0,18000.0,313.1499938964844,0.0,18000.0,0.0,0.0,0.0,0.0,0.0,0.0,0.0,0.0,0.0,-0.0,-0.0,-0.0,-5.5419562194307814e-21,-2.7709781097153907e-21,-2.7709781097153907e-21,0.0,0.0,-0.0,0.0,0.0,0.0,-0.0,0.0,0.0,0.0,0.0,0.0,4.0,0.0,0.0
12181980,298.3125305175781,303.1499938964844,285.1499938964844,0.0,-0.0,285.0762023925781,0.0,0.0,0.0,298.29443359375,303.1499938964844,285.1499938964844,0.0,-0.0,285.076171875,0.0,0.0,0.0,298.8358154296875,303.1499938964844,285.1499938964844,0.0,-0.0,285.07623291015625,0.0,0.0,0.0,298.1195373535156,303.1499938964844,285.1499938964844,0.0,-0.0,285.0758361816406,0.0,0.0,0.0,298.3262634277344,303.1499938964844,285.1499938964844,0.0,-0.0,285.07501220703125,0.0,0.0,0.0,285.04901123046875,294.1499938964844,283.8135070800781,282.04217529296875,289.73309326171875,287.1226806640625,285.1528015136719,0.0,0.0,0.0,0.0,1.0,1.0,-1.0539487034846862e-12,3.538601732704885e-18,1.0539452340377342e-12,-8.42767316436982e-13,0.0,0.0,0.0,0.0,60.0,9.329651788902992e-07,-0.0,-0.0,0.0,283.35400390625,284.5365905761719,288.9228210449219,289.824462890625,293.1499938964844,293.1499938964844,278.1499938964844,0.0,18000.0,313.1499938964844,0.0,18000.0,0.0,0.0,0.0,0.0,0.0,0.0,0.0,0.0,0.0,-0.0,-0.0,-0.0,-5.5419562194307814e-21,-2.7709781097153907e-21,-2.7709781097153907e-21,0.0,0.0,-0.0,0.0,0.0,0.0,-0.0,0.0,0.0,0.0,0.0,0.0,4.0,0.0,0.0
12182040,298.3125305175781,303.1499938964844,285.1499938964844,0.0,-0.0,285.0762023925781,0.0,0.0,0.0,298.29443359375,303.1499938964844,285.1499938964844,0.0,-0.0,285.076171875,0.0,0.0,0.0,298.8358154296875,303.1499938964844,285.1499938964844,0.0,-0.0,285.07623291015625,0.0,0.0,0.0,298.1195373535156,303.1499938964844,285.1499938964844,0.0,-0.0,285.0758361816406,0.0,0.0,0.0,298.3262634277344,303.1499938964844,285.1499938964844,0.0,-0.0,285.07501220703125,0.0,0.0,0.0,285.04901123046875,294.1499938964844,283.8135070800781,282.04217529296875,289.73309326171875,287.1226806640625,285.1528015136719,0.0,0.0,0.0,0.0,1.0,1.0,-1.0539487034846862e-12,3.538601732704885e-18,1.0539452340377342e-12,-8.42767316436982e-13,0.0,0.0,0.0,0.0,60.0,9.329651788902992e-07,-0.0,-0.0,0.0,283.35400390625,284.5365905761719,288.9228210449219,289.824462890625,293.1499938964844,293.1499938964844,278.1499938964844,0.0,18000.0,313.1499938964844,0.0,18000.0,0.0,0.0,0.0,0.0,0.0,0.0,0.0,0.0,0.0,-0.0,-0.0,-0.0,-5.5419562194307814e-21,-2.7709781097153907e-21,-2.7709781097153907e-21,0.0,0.0,-0.0,0.0,0.0,0.0,-0.0,0.0,0.0,0.0,0.0,0.0,4.0,0.0,0.0
12182100,298.3109130859375,303.1499938964844,285.1499938964844,0.0,-0.0,285.0762023925781,0.0,0.0,0.0,298.292724609375,303.1499938964844,285.1499938964844,0.0,-0.0,285.076171875,0.0,0.0,0.0,298.83380126953125,303.1499938964844,285.1499938964844,0.0,-0.0,285.07623291015625,0.0,0.0,0.0,298.11785888671875,303.1499938964844,285.1499938964844,0.0,-0.0,285.0758361816406,0.0,0.0,0.0,298.3251647949219,303.1499938964844,285.1499938964844,0.0,-0.0,285.07501220703125,0.0,0.0,0.0,285.04901123046875,294.1499938964844,283.80206298828125,282.0378112792969,289.73309326171875,287.1226806640625,285.15283203125,0.0,0.0,0.0,0.0,1.0,1.0,-1.0539487034846862e-12,3.538601732704885e-18,1.0539452340377342e-12,-8.42767316436982e-13,0.0,0.0,0.0,0.0,60.0,8.996279348139069e-07,-0.0,-0.0,0.0,283.35400390625,284.5365905761719,288.9228210449219,289.824462890625,293.1499938964844,293.1499938964844,278.1499938964844,0.0,18000.0,313.1499938964844,0.0,18000.0,0.0,0.0,0.0,0.0,0.0,0.0,0.0,0.0,0.0,-0.0,-0.0,-0.0,-5.5419562194307814e-21,-2.7709781097153907e-21,-2.7709781097153907e-21,0.0,0.0,-0.0,0.0,0.0,0.0,-0.0,0.0,0.0,0.0,0.0,0.0,4.0,0.0,0.0
12182160,298.3092956542969,303.1499938964844,285.1499938964844,0.0,-0.0,285.0762023925781,0.0,0.0,2.5584162609629257e-13,298.291015625,303.1499938964844,285.1499938964844,0.0,-0.0,285.076171875,0.0,0.0,2.6941393994200924e-13,298.8317565917969,303.1499938964844,285.1499938964844,0.0,-0.0,285.07623291015625,0.0,0.0,1.989885984937309e-13,298.1161804199219,303.1499938964844,285.1499938964844,0.0,-0.0,285.0758361816406,0.0,0.0,2.694135604712489e-13,298.3240966796875,303.1499938964844,285.1499938964844,0.0,-0.0,285.07501220703125,0.0,0.0,1.2779789162684074e-12,285.04901123046875,294.1499938964844,283.7909851074219,282.0326843261719,289.73309326171875,287.1226806640625,285.1528625488281,0.0,0.0,0.0,0.0,1.0,1.0,1.657214513187122e-12,1.497282108324073e-18,-1.657216031070164e-12,1.812736809617133e-12,0.0,0.0,0.0,1.4551915228366852e-11,60.0,8.673381444168626e-07,-0.0,-5.066788513209878e-25,0.0,283.35400390625,284.5365905761719,288.9228210449219,289.824462890625,293.1499938964844,293.1499938964844,278.1499938964844,0.0,18000.0,313.1499938964844,0.0,18000.0,0.0,0.0,0.0,0.0,0.0,0.0,0.0,0.0,0.0,-0.0,-0.0,-0.0,-5.5419562194307814e-21,-2.7709781097153907e-21,-2.7709781097153907e-21,0.0,0.0,-0.0,0.0,0.0,0.0,-0.0,0.0,0.0,0.0,0.0,0.0,4.0,0.0,0.0
12182220,298.3060913085937,303.1499938964844,285.1499938964844,0.0,-0.0,285.0762023925781,0.0,0.0,0.0,298.2876281738281,303.1499938964844,285.1499938964844,0.0,-0.0,285.076171875,0.0,0.0,0.0,298.82769775390625,303.1499938964844,285.1499938964844,0.0,-0.0,285.07623291015625,0.0,0.0,0.0,298.11279296875,303.1499938964844,285.1499938964844,0.0,-0.0,285.0758361816406,0.0,0.0,0.0,298.3219299316406,303.1499938964844,285.1499938964844,0.0,-0.0,285.07501220703125,0.0,0.0,0.0,285.04901123046875,294.1499938964844,283.7698059082031,282.0199584960937,289.73309326171875,287.1226806640625,285.1529235839844,0.0,0.0,0.0,0.0,1.0,1.0,-3.709455052153254e-12,6.198334817920141e-18,3.7094485469402194e-12,-5.179748123473882e-12,0.0,0.0,0.0,-1.4551915228366852e-11,60.0,8.063109362410614e-07,-0.0,-0.0,0.0,283.35400390625,284.5365905761719,288.9228210449219,289.824462890625,293.1499938964844,293.1499938964844,278.1499938964844,0.0,18000.0,313.1499938964844,0.0,18000.0,0.0,0.0,0.0,0.0,0.0,0.0,0.0,0.0,0.0,-0.0,-0.0,-0.0,-5.5419562194307814e-21,-2.7709781097153907e-21,-2.7709781097153907e-21,0.0,0.0,-0.0,0.0,0.0,0.0,-0.0,0.0,0.0,0.0,0.0,0.0,4.0,0.0,0.0
12182280,298.3060913085937,303.1499938964844,285.1499938964844,0.0,-0.0,285.0762023925781,0.0,0.0,0.0,298.2876281738281,303.1499938964844,285.1499938964844,0.0,-0.0,285.076171875,0.0,0.0,0.0,298.82769775390625,303.1499938964844,285.1499938964844,0.0,-0.0,285.07623291015625,0.0,0.0,0.0,298.11279296875,303.1499938964844,285.1499938964844,0.0,-0.0,285.0758361816406,0.0,0.0,0.0,298.3219299316406,303.1499938964844,285.1499938964844,0.0,-0.0,285.07501220703125,0.0,0.0,0.0,285.04901123046875,294.1499938964844,283.7698059082031,282.0199584960937,289.73309326171875,287.1226806640625,285.1529235839844,0.0,0.0,0.0,0.0,1.0,1.0,-3.709455052153254e-12,6.198334817920141e-18,3.7094485469402194e-12,-5.179748123473882e-12,0.0,0.0,0.0,-1.4551915228366852e-11,60.0,8.063109362410614e-07,-0.0,-0.0,0.0,283.35400390625,284.5365905761719,288.9228210449219,289.824462890625,293.1499938964844,293.1499938964844,278.1499938964844,0.0,18000.0,313.1499938964844,0.0,18000.0,0.0,0.0,0.0,0.0,0.0,0.0,0.0,0.0,0.0,-0.0,-0.0,-0.0,-5.5419562194307814e-21,-2.7709781097153907e-21,-2.7709781097153907e-21,0.0,0.0,-0.0,0.0,0.0,0.0,-0.0,0.0,0.0,0.0,0.0,0.0,4.0,0.0,0.0
12182340,298.3028869628906,303.1499938964844,285.1499938964844,0.0,-0.0,285.0762023925781,0.0,0.0,-2.5584162609629257e-13,298.28424072265625,303.1499938964844,285.1499938964844,0.0,-0.0,285.076171875,0.0,0.0,-2.6941393994200924e-13,298.8236389160156,303.1499938964844,285.1499938964844,0.0,-0.0,285.07623291015625,0.0,0.0,-1.989885984937309e-13,298.1094665527344,303.1499938964844,285.1499938964844,0.0,-0.0,285.0758361816406,0.0,0.0,-2.694135604712489e-13,298.3197631835937,303.1499938964844,285.1499938964844,0.0,-0.0,285.07501220703125,0.0,0.0,-1.2779789162684074e-12,285.04901123046875,294.1499938964844,283.75,282.0038146972656,289.73309326171875,287.1226806640625,285.1529846191406,0.0,0.0,0.0,0.0,1.0,1.0,-1.109606005168795e-12,2.920189099051053e-18,1.1096030778229293e-12,8.387093103356946e-13,0.0,0.0,0.0,0.0,60.0,7.490409643651219e-07,-0.0,-5.066788513209878e-25,0.0,283.35400390625,284.5365905761719,288.9228210449219,289.824462890625,293.1499938964844,293.1499938964844,278.1499938964844,0.0,18000.0,313.1499938964844,0.0,18000.0,0.0,0.0,0.0,0.0,0.0,0.0,0.0,0.0,0.0,-0.0,-0.0,-0.0,-5.5419562194307814e-21,-2.7709781097153907e-21,-2.7709781097153907e-21,0.0,0.0,-0.0,0.0,0.0,0.0,-0.0,0.0,0.0,0.0,0.0,0.0,4.0,0.0,0.0
12182400,298.3028869628906,303.1499938964844,285.1499938964844,0.0,-0.0,285.0762023925781,0.0,0.0,-2.5584162609629257e-13,298.28424072265625,303.1499938964844,285.1499938964844,0.0,-0.0,285.076171875,0.0,0.0,-2.6941393994200924e-13,298.8236389160156,303.1499938964844,285.1499938964844,0.0,-0.0,285.07623291015625,0.0,0.0,-1.989885984937309e-13,298.1094665527344,303.1499938964844,285.1499938964844,0.0,-0.0,285.0758361816406,0.0,0.0,-2.694135604712489e-13,298.3197631835937,303.1499938964844,285.1499938964844,0.0,-0.0,285.07501220703125,0.0,0.0,-1.2779789162684074e-12,285.04901123046875,294.1499938964844,283.75,282.0038146972656,289.73309326171875,287.1226806640625,285.1529846191406,0.0,0.0,0.0,0.0,1.0,1.0,-1.109606005168795e-12,2.920189099051053e-18,1.1096030778229293e-12,8.387093103356946e-13,0.0,0.0,0.0,0.0,60.0,7.490409643651219e-07,-0.0,-5.066788513209878e-25,0.0,283.35400390625,284.5365905761719,288.9228210449219,289.824462890625,293.1499938964844,293.1499938964844,278.1499938964844,0.0,18000.0,313.1499938964844,0.0,18000.0,0.0,0.0,0.0,0.0,0.0,0.0,0.0,0.0,0.0,-0.0,-0.0,-0.0,-5.5419562194307814e-21,-2.7709781097153907e-21,-2.7709781097153907e-21,0.0,0.0,-0.0,0.0,0.0,0.0,-0.0,0.0,0.0,0.0,0.0,0.0,4.0,0.0,0.0
12182460,298.2997436523437,303.1499938964844,285.1499938964844,0.0,-0.0,285.0762023925781,0.0,0.0,2.5584162609629257e-13,298.2809143066406,303.1499938964844,285.1499938964844,0.0,-0.0,285.076171875,0.0,0.0,2.6941393994200924e-13,298.81964111328125,303.1499938964844,285.1499938964844,0.0,-0.0,285.07623291015625,0.0,0.0,1.989885984937309e-13,298.1061706542969,303.1499938964844,285.1499938964844,0.0,-0.0,285.0758361816406,0.0,0.0,2.694135604712489e-13,298.3176574707031,303.1499938964844,285.1499938964844,0.0,-0.0,285.07501220703125,0.0,0.0,1.2779789162684074e-12,285.04901123046875,294.1499938964844,283.73291015625,281.9877624511719,289.73309326171875,287.1226806640625,285.15301513671875,0.0,0.0,0.0,0.0,1.0,1.0,7.079541380211607e-12,-2.5853571404375508e-18,-7.079538778126393e-12,7.12374473646471e-12,0.0,0.0,0.0,1.4551915228366852e-11,60.0,6.960747782613907e-07,-0.0,-5.066788513209878e-25,0.0,283.35400390625,284.5365905761719,288.9228210449219,289.824462890625,293.1499938964844,293.1499938964844,278.1499938964844,0.0,18000.0,313.1499938964844,0.0,18000.0,0.0,0.0,0.0,0.0,0.0,0.0,0.0,0.0,0.0,-0.0,-0.0,-0.0,-5.5419562194307814e-21,-2.7709781097153907e-21,-2.7709781097153907e-21,0.0,0.0,-0.0,0.0,0.0,0.0,-0.0,0.0,0.0,0.0,0.0,0.0,4.0,0.0,0.0
12182520,298.2997436523437,303.1499938964844,285.1499938964844,0.0,-0.0,285.0762023925781,0.0,0.0,2.5584162609629257e-13,298.2809143066406,303.1499938964844,285.1499938964844,0.0,-0.0,285.076171875,0.0,0.0,2.6941393994200924e-13,298.81964111328125,303.1499938964844,285.1499938964844,0.0,-0.0,285.07623291015625,0.0,0.0,1.989885984937309e-13,298.1061706542969,303.1499938964844,285.1499938964844,0.0,-0.0,285.0758361816406,0.0,0.0,2.694135604712489e-13,298.3176574707031,303.1499938964844,285.1499938964844,0.0,-0.0,285.07501220703125,0.0,0.0,1.2779789162684074e-12,285.04901123046875,294.1499938964844,283.73291015625,281.9877624511719,289.73309326171875,287.1226806640625,285.15301513671875,0.0,0.0,0.0,0.0,1.0,1.0,7.079541380211607e-12,-2.5853571404375508e-18,-7.079538778126393e-12,7.12374473646471e-12,0.0,0.0,0.0,1.4551915228366852e-11,60.0,6.960747782613907e-07,-0.0,-5.066788513209878e-25,0.0,283.35400390625,284.5365905761719,288.9228210449219,289.824462890625,293.1499938964844,293.1499938964844,278.1499938964844,0.0,18000.0,313.1499938964844,0.0,18000.0,0.0,0.0,0.0,0.0,0.0,0.0,0.0,0.0,0.0,-0.0,-0.0,-0.0,-5.5419562194307814e-21,-2.7709781097153907e-21,-2.7709781097153907e-21,0.0,0.0,-0.0,0.0,0.0,0.0,-0.0,0.0,0.0,0.0,0.0,0.0,4.0,0.0,0.0
12182580,298.2966613769531,303.1499938964844,285.1499938964844,0.0,-0.0,285.0762023925781,0.0,0.0,0.0,298.2776794433594,303.1499938964844,285.1499938964844,0.0,-0.0,285.076171875,0.0,0.0,0.0,298.8157043457031,303.1499938964844,285.1499938964844,0.0,-0.0,285.07623291015625,0.0,0.0,0.0,298.1029968261719,303.1499938964844,285.1499938964844,0.0,-0.0,285.0758361816406,0.0,0.0,0.0,298.3156433105469,303.1499938964844,285.1499938964844,0.0,-0.0,285.07501220703125,0.0,0.0,0.0,285.04901123046875,294.1499938964844,283.7197265625,281.9753723144531,289.73309326171875,287.1226806640625,285.153076171875,0.0,0.0,0.0,0.0,1.0,1.0,-1.0539487034846862e-12,3.538602146295191e-18,1.0539452340377342e-12,-8.42767316436982e-13,0.0,0.0,0.0,0.0,60.0,6.46387718461483e-07,-0.0,-0.0,0.0,283.35400390625,284.5365905761719,288.9228210449219,289.824462890625,293.1499938964844,293.1499938964844,278.1499938964844,0.0,18000.0,313.1499938964844,0.0,18000.0,0.0,0.0,0.0,0.0,0.0,0.0,0.0,0.0,0.0,-0.0,-0.0,-0.0,-5.5419562194307814e-21,-2.7709781097153907e-21,-2.7709781097153907e-21,0.0,0.0,-0.0,0.0,0.0,0.0,-0.0,0.0,0.0,0.0,0.0,0.0,4.0,0.0,0.0
12182640,298.2966613769531,303.1499938964844,285.1499938964844,0.0,-0.0,285.0762023925781,0.0,0.0,0.0,298.2776794433594,303.1499938964844,285.1499938964844,0.0,-0.0,285.076171875,0.0,0.0,0.0,298.8157043457031,303.1499938964844,285.1499938964844,0.0,-0.0,285.07623291015625,0.0,0.0,0.0,298.1029968261719,303.1499938964844,285.1499938964844,0.0,-0.0,285.0758361816406,0.0,0.0,0.0,298.3156433105469,303.1499938964844,285.1499938964844,0.0,-0.0,285.07501220703125,0.0,0.0,0.0,285.04901123046875,294.1499938964844,283.7197265625,281.9753723144531,289.73309326171875,287.1226806640625,285.153076171875,0.0,0.0,0.0,0.0,1.0,1.0,-1.0539487034846862e-12,3.538602146295191e-18,1.0539452340377342e-12,-8.42767316436982e-13,0.0,0.0,0.0,0.0,60.0,6.46387718461483e-07,-0.0,-0.0,0.0,283.35400390625,284.5365905761719,288.9228210449219,289.824462890625,293.1499938964844,293.1499938964844,278.1499938964844,0.0,18000.0,313.1499938964844,0.0,18000.0,0.0,0.0,0.0,0.0,0.0,0.0,0.0,0.0,0.0,-0.0,-0.0,-0.0,-5.5419562194307814e-21,-2.7709781097153907e-21,-2.7709781097153907e-21,0.0,0.0,-0.0,0.0,0.0,0.0,-0.0,0.0,0.0,0.0,0.0,0.0,4.0,0.0,0.0
12182700,298.295166015625,303.1499938964844,285.1499938964844,0.0,-0.0,285.0762023925781,0.0,0.0,2.5584162609629257e-13,298.27606201171875,303.1499938964844,285.1499938964844,0.0,-0.0,285.076171875,0.0,0.0,2.6941393994200924e-13,298.81378173828125,303.1499938964844,285.1499938964844,0.0,-0.0,285.07623291015625,0.0,0.0,1.989885984937309e-13,298.1014404296875,303.1499938964844,285.1499938964844,0.0,-0.0,285.0758361816406,0.0,0.0,2.694135604712489e-13,298.31463623046875,303.1499938964844,285.1499938964844,0.0,-0.0,285.07501220703125,0.0,0.0,1.2779789162684074e-12,285.04901123046875,294.1499938964844,283.7144775390625,281.970458984375,289.73309326171875,287.1226806640625,285.153076171875,0.0,0.0,0.0,0.0,1.0,1.0,1.657214513187122e-12,1.4972823151192262e-18,-1.657216031070164e-12,1.812736809617133e-12,0.0,0.0,0.0,1.4551915228366852e-11,60.0,6.23411381184269e-07,-0.0,-5.066788513209878e-25,0.0,283.35400390625,284.5365905761719,288.9228210449219,289.824462890625,293.1499938964844,293.1499938964844,278.1499938964844,0.0,18000.0,313.1499938964844,0.0,18000.0,0.0,0.0,0.0,0.0,0.0,0.0,0.0,0.0,0.0,-0.0,-0.0,-0.0,-5.5419562194307814e-21,-2.7709781097153907e-21,-2.7709781097153907e-21,0.0,0.0,-0.0,0.0,0.0,0.0,-0.0,0.0,0.0,0.0,0.0,0.0,4.0,0.0,0.0
12182760,298.2936706542969,303.1499938964844,285.1499938964844,0.0,-0.0,285.0762023925781,0.0,0.0,2.5584162609629257e-13,298.2745056152344,303.1499938964844,285.1499938964844,0.0,-0.0,285.076171875,0.0,0.0,2.6941393994200924e-13,298.8118591308594,303.1499938964844,285.1499938964844,0.0,-0.0,285.07623291015625,0.0,0.0,1.989885984937309e-13,298.0998840332031,303.1499938964844,285.1499938964844,0.0,-0.0,285.0758361816406,0.0,0.0,2.694135604712489e-13,298.31365966796875,303.1499938964844,285.1499938964844,0.0,-0.0,285.07501220703125,0.0,0.0,1.2779789162684074e-12,285.04901123046875,294.1499938964844,283.7101135253906,281.9663391113281,289.73309326171875,287.1226806640625,285.1531066894531,0.0,0.0,0.0,0.0,1.0,1.0,1.657214513187122e-12,1.4972823151192262e-18,-1.657216031070164e-12,1.812736809617133e-12,0.0,0.0,0.0,1.4551915228366852e-11,60.0,6.012548396938655e-07,-0.0,-5.066788513209878e-25,0.0,283.35400390625,284.5365905761719,288.9228210449219,289.824462890625,293.1499938964844,293.1499938964844,278.1499938964844,0.0,18000.0,313.1499938964844,0.0,18000.0,0.0,0.0,0.0,0.0,0.0,0.0,0.0,0.0,0.0,-0.0,-0.0,-0.0,-5.5419562194307814e-21,-2.7709781097153907e-21,-2.7709781097153907e-21,0.0,0.0,-0.0,0.0,0.0,0.0,-0.0,0.0,0.0,0.0,0.0,0.0,4.0,0.0,0.0
12182820,298.29071044921875,303.1499938964844,285.1499938964844,0.0,-0.0,285.0762023925781,0.0,0.0,-2.5584162609629257e-13,298.2713623046875,303.1499938964844,285.1499938964844,0.0,-0.0,285.076171875,0.0,0.0,-2.6941393994200924e-13,298.8080444335937,303.1499938964844,285.1499938964844,0.0,-0.0,285.07623291015625,0.0,0.0,-1.989885984937309e-13,298.0968322753906,303.1499938964844,285.1499938964844,0.0,-0.0,285.0758361816406,0.0,0.0,-2.694135604712489e-13,298.3117370605469,303.1499938964844,285.1499938964844,0.0,-0.0,285.07501220703125,0.0,0.0,-1.2779789162684074e-12,285.04901123046875,294.1499938964844,283.7038269042969,281.96044921875,289.73309326171875,287.1226806640625,285.15313720703125,0.0,0.0,0.0,0.0,1.0,1.0,-3.765111920156494e-12,5.579921770676003e-18,3.765106282305197e-12,-3.4982713340708797e-12,0.0,0.0,0.0,-1.4551915228366852e-11,60.0,5.590367777585925e-07,-0.0,-5.066788513209878e-25,0.0,283.35400390625,284.5365905761719,288.9228210449219,289.824462890625,293.1499938964844,293.1499938964844,278.1499938964844,0.0,18000.0,313.1499938964844,0.0,18000.0,0.0,0.0,0.0,0.0,0.0,0.0,0.0,0.0,0.0,-0.0,-0.0,-0.0,-5.5419562194307814e-21,-2.7709781097153907e-21,-2.7709781097153907e-21,0.0,0.0,-0.0,0.0,0.0,0.0,-0.0,0.0,0.0,0.0,0.0,0.0,4.0,0.0,0.0
12182880,298.29071044921875,303.1499938964844,285.1499938964844,0.0,-0.0,285.0762023925781,0.0,0.0,-2.5584162609629257e-13,298.2713623046875,303.1499938964844,285.1499938964844,0.0,-0.0,285.076171875,0.0,0.0,-2.6941393994200924e-13,298.8080444335937,303.1499938964844,285.1499938964844,0.0,-0.0,285.07623291015625,0.0,0.0,-1.989885984937309e-13,298.0968322753906,303.1499938964844,285.1499938964844,0.0,-0.0,285.0758361816406,0.0,0.0,-2.694135604712489e-13,298.3117370605469,303.1499938964844,285.1499938964844,0.0,-0.0,285.07501220703125,0.0,0.0,-1.2779789162684074e-12,285.04901123046875,294.1499938964844,283.7038269042969,281.96044921875,289.73309326171875,287.1226806640625,285.15313720703125,0.0,0.0,0.0,0.0,1.0,1.0,-3.765111920156494e-12,5.579921770676003e-18,3.765106282305197e-12,-3.4982713340708797e-12,0.0,0.0,0.0,-1.4551915228366852e-11,60.0,5.590367777585925e-07,-0.0,-5.066788513209878e-25,0.0,283.35400390625,284.5365905761719,288.9228210449219,289.824462890625,293.1499938964844,293.1499938964844,278.1499938964844,0.0,18000.0,313.1499938964844,0.0,18000.0,0.0,0.0,0.0,0.0,0.0,0.0,0.0,0.0,0.0,-0.0,-0.0,-0.0,-5.5419562194307814e-21,-2.7709781097153907e-21,-2.7709781097153907e-21,0.0,0.0,-0.0,0.0,0.0,0.0,-0.0,0.0,0.0,0.0,0.0,0.0,4.0,0.0,0.0
12182940,298.2878112792969,303.1499938964844,285.1499938964844,0.0,-0.0,285.0762023925781,0.0,0.0,0.0,298.268310546875,303.1499938964844,285.1499938964844,0.0,-0.0,285.076171875,0.0,0.0,0.0,298.80426025390625,303.1499938964844,285.1499938964844,0.0,-0.0,285.07623291015625,0.0,0.0,0.0,298.0938415527344,303.1499938964844,285.1499938964844,0.0,-0.0,285.0758361816406,0.0,0.0,0.0,298.3098449707031,303.1499938964844,285.1499938964844,0.0,-0.0,285.07501220703125,0.0,0.0,0.0,285.04901123046875,294.1499938964844,283.7005615234375,281.9573669433594,289.73309326171875,287.1226806640625,285.1531982421875,0.0,0.0,0.0,0.0,1.0,1.0,-1.0539487034846862e-12,3.538602146295191e-18,1.0539452340377342e-12,-8.42767316436982e-13,0.0,0.0,0.0,0.0,60.0,5.194146410758549e-07,-0.0,-0.0,0.0,283.35400390625,284.5365905761719,288.9228210449219,289.824462890625,293.1499938964844,293.1499938964844,278.1499938964844,0.0,18000.0,313.1499938964844,0.0,18000.0,0.0,0.0,0.0,0.0,0.0,0.0,0.0,0.0,0.0,-0.0,-0.0,-0.0,-5.5419562194307814e-21,-2.7709781097153907e-21,-2.7709781097153907e-21,0.0,0.0,-0.0,0.0,0.0,0.0,-0.0,0.0,0.0,0.0,0.0,0.0,4.0,0.0,0.0
12183000,298.2878112792969,303.1499938964844,285.1499938964844,0.0,-0.0,285.0762023925781,0.0,0.0,0.0,298.268310546875,303.1499938964844,285.1499938964844,0.0,-0.0,285.076171875,0.0,0.0,0.0,298.80426025390625,303.1499938964844,285.1499938964844,0.0,-0.0,285.07623291015625,0.0,0.0,0.0,298.0938415527344,303.1499938964844,285.1499938964844,0.0,-0.0,285.0758361816406,0.0,0.0,0.0,298.3098449707031,303.1499938964844,285.1499938964844,0.0,-0.0,285.07501220703125,0.0,0.0,0.0,285.04901123046875,294.1499938964844,283.7005615234375,281.9573669433594,289.73309326171875,287.1226806640625,285.1531982421875,0.0,0.0,0.0,0.0,1.0,1.0,-1.0539487034846862e-12,3.538602146295191e-18,1.0539452340377342e-12,-8.42767316436982e-13,0.0,0.0,0.0,0.0,60.0,5.194146410758549e-07,-0.0,-0.0,0.0,283.35400390625,284.5365905761719,288.9228210449219,289.824462890625,293.1499938964844,293.1499938964844,278.1499938964844,0.0,18000.0,313.1499938964844,0.0,18000.0,0.0,0.0,0.0,0.0,0.0,0.0,0.0,0.0,0.0,-0.0,-0.0,-0.0,-5.5419562194307814e-21,-2.7709781097153907e-21,-2.7709781097153907e-21,0.0,0.0,-0.0,0.0,0.0,0.0,-0.0,0.0,0.0,0.0,0.0,0.0,4.0,0.0,0.0
12183060,298.28497314453125,303.1499938964844,285.1499938964844,0.0,-0.0,285.0762023925781,0.0,0.0,-2.5584162609629257e-13,298.2652893066406,303.1499938964844,285.1499938964844,0.0,-0.0,285.076171875,0.0,0.0,-2.6941393994200924e-13,298.800537109375,303.1499938964844,285.1499938964844,0.0,-0.0,285.07623291015625,0.0,0.0,-1.989885984937309e-13,298.0909118652344,303.1499938964844,285.1499938964844,0.0,-0.0,285.0758361816406,0.0,0.0,-2.694135604712489e-13,298.3080139160156,303.1499938964844,285.1499938964844,0.0,-0.0,285.07501220703125,0.0,0.0,-1.2779789162684074e-12,285.04901123046875,294.1499938964844,283.70001220703125,281.95684814453125,289.73309326171875,287.1226806640625,285.1532287597656,0.0,0.0,0.0,0.0,1.0,1.0,-3.765111920156494e-12,5.579921770676003e-18,3.765106282305197e-12,-3.4982713340708797e-12,0.0,0.0,0.0,-1.4551915228366852e-11,60.0,4.817280228053278e-07,-0.0,-5.066788513209878e-25,0.0,283.35400390625,284.5365905761719,288.9228210449219,289.824462890625,293.1499938964844,293.1499938964844,278.1499938964844,0.0,18000.0,313.1499938964844,0.0,18000.0,0.0,0.0,0.0,0.0,0.0,0.0,0.0,0.0,0.0,-0.0,-0.0,-0.0,-5.5419562194307814e-21,-2.7709781097153907e-21,-2.7709781097153907e-21,0.0,0.0,-0.0,0.0,0.0,0.0,-0.0,0.0,0.0,0.0,0.0,0.0,4.0,0.0,0.0
12183120,298.28497314453125,303.1499938964844,285.1499938964844,0.0,-0.0,285.0762023925781,0.0,0.0,-2.5584162609629257e-13,298.2652893066406,303.1499938964844,285.1499938964844,0.0,-0.0,285.076171875,0.0,0.0,-2.6941393994200924e-13,298.800537109375,303.1499938964844,285.1499938964844,0.0,-0.0,285.07623291015625,0.0,0.0,-1.989885984937309e-13,298.0909118652344,303.1499938964844,285.1499938964844,0.0,-0.0,285.0758361816406,0.0,0.0,-2.694135604712489e-13,298.3080139160156,303.1499938964844,285.1499938964844,0.0,-0.0,285.07501220703125,0.0,0.0,-1.2779789162684074e-12,285.04901123046875,294.1499938964844,283.70001220703125,281.95684814453125,289.73309326171875,287.1226806640625,285.1532287597656,0.0,0.0,0.0,0.0,1.0,1.0,-3.765111920156494e-12,5.579921770676003e-18,3.765106282305197e-12,-3.4982713340708797e-12,0.0,0.0,0.0,-1.4551915228366852e-11,60.0,4.817280228053278e-07,-0.0,-5.066788513209878e-25,0.0,283.35400390625,284.5365905761719,288.9228210449219,289.824462890625,293.1499938964844,293.1499938964844,278.1499938964844,0.0,18000.0,313.1499938964844,0.0,18000.0,0.0,0.0,0.0,0.0,0.0,0.0,0.0,0.0,0.0,-0.0,-0.0,-0.0,-5.5419562194307814e-21,-2.7709781097153907e-21,-2.7709781097153907e-21,0.0,0.0,-0.0,0.0,0.0,0.0,-0.0,0.0,0.0,0.0,0.0,0.0,4.0,0.0,0.0
12183180,298.2821960449219,303.1499938964844,285.1499938964844,0.0,-0.0,285.0762023925781,0.0,0.0,0.0,298.2623291015625,303.1499938964844,285.1499938964844,0.0,-0.0,285.076171875,0.0,0.0,0.0,298.796875,303.1499938964844,285.1499938964844,0.0,-0.0,285.07623291015625,0.0,0.0,0.0,298.0880432128906,303.1499938964844,285.1499938964844,0.0,-0.0,285.0758361816406,0.0,0.0,0.0,298.30621337890625,303.1499938964844,285.1499938964844,0.0,-0.0,285.07501220703125,0.0,0.0,0.0,285.04901123046875,294.1499938964844,283.701904296875,281.9586486816406,289.73309326171875,287.1226806640625,285.1532592773437,0.0,0.0,0.0,0.0,1.0,1.0,-1.0539487034846862e-12,3.538602146295191e-18,1.0539452340377342e-12,-8.42767316436982e-13,0.0,0.0,0.0,0.0,60.0,4.483224529394647e-07,-0.0,-0.0,0.0,283.35400390625,284.5365905761719,288.9228210449219,289.824462890625,293.1499938964844,293.1499938964844,278.1499938964844,0.0,18000.0,313.1499938964844,0.0,18000.0,0.0,0.0,0.0,0.0,0.0,0.0,0.0,0.0,0.0,-0.0,-0.0,-0.0,-5.5419562194307814e-21,-2.7709781097153907e-21,-2.7709781097153907e-21,0.0,0.0,-0.0,0.0,0.0,0.0,-0.0,0.0,0.0,0.0,0.0,0.0,4.0,0.0,0.0
12183240,298.2821960449219,303.1499938964844,285.1499938964844,0.0,-0.0,285.0762023925781,0.0,0.0,0.0,298.2623291015625,303.1499938964844,285.1499938964844,0.0,-0.0,285.076171875,0.0,0.0,0.0,298.796875,303.1499938964844,285.1499938964844,0.0,-0.0,285.07623291015625,0.0,0.0,0.0,298.0880432128906,303.1499938964844,285.1499938964844,0.0,-0.0,285.0758361816406,0.0,0.0,0.0,298.30621337890625,303.1499938964844,285.1499938964844,0.0,-0.0,285.07501220703125,0.0,0.0,0.0,285.04901123046875,294.1499938964844,283.701904296875,281.9586486816406,289.73309326171875,287.1226806640625,285.1532592773437,0.0,0.0,0.0,0.0,1.0,1.0,-1.0539487034846862e-12,3.538602146295191e-18,1.0539452340377342e-12,-8.42767316436982e-13,0.0,0.0,0.0,0.0,60.0,4.483224529394647e-07,-0.0,-0.0,0.0,283.35400390625,284.5365905761719,288.9228210449219,289.824462890625,293.1499938964844,293.1499938964844,278.1499938964844,0.0,18000.0,313.1499938964844,0.0,18000.0,0.0,0.0,0.0,0.0,0.0,0.0,0.0,0.0,0.0,-0.0,-0.0,-0.0,-5.5419562194307814e-21,-2.7709781097153907e-21,-2.7709781097153907e-21,0.0,0.0,-0.0,0.0,0.0,0.0,-0.0,0.0,0.0,0.0,0.0,0.0,4.0,0.0,0.0
12183300,298.2807922363281,303.1499938964844,285.1499938964844,0.0,-0.0,285.0762023925781,0.0,0.0,2.5584162609629257e-13,298.2608642578125,303.1499938964844,285.1499938964844,0.0,-0.0,285.076171875,0.0,0.0,2.6941393994200924e-13,298.7950439453125,303.1499938964844,285.1499938964844,0.0,-0.0,285.07623291015625,0.0,0.0,1.989885984937309e-13,298.0866394042969,303.1499938964844,285.1499938964844,0.0,-0.0,285.0758361816406,0.0,0.0,2.694135604712489e-13,298.3052978515625,303.1499938964844,285.1499938964844,0.0,-0.0,285.07501220703125,0.0,0.0,1.2779789162684074e-12,285.04901123046875,294.1499938964844,283.70367431640625,281.9602966308594,289.73309326171875,287.1226806640625,285.1532592773437,0.0,0.0,0.0,0.0,1.0,1.0,1.657214513187122e-12,1.497282108324073e-18,-1.657216031070164e-12,1.812736809617133e-12,0.0,0.0,0.0,1.4551915228366852e-11,60.0,4.3235971247668203e-07,-0.0,-5.066788513209878e-25,0.0,283.35400390625,284.5365905761719,288.9228210449219,289.824462890625,293.1499938964844,293.1499938964844,278.1499938964844,0.0,18000.0,313.1499938964844,0.0,18000.0,0.0,0.0,0.0,0.0,0.0,0.0,0.0,0.0,0.0,-0.0,-0.0,-0.0,-5.5419562194307814e-21,-2.7709781097153907e-21,-2.7709781097153907e-21,0.0,0.0,-0.0,0.0,0.0,0.0,-0.0,0.0,0.0,0.0,0.0,0.0,4.0,0.0,0.0
12183360,298.2794189453125,303.1499938964844,285.1499938964844,0.0,-0.0,285.0762023925781,0.0,0.0,0.0,298.2593994140625,303.1499938964844,285.1499938964844,0.0,-0.0,285.076171875,0.0,0.0,0.0,298.793212890625,303.1499938964844,285.1499938964844,0.0,-0.0,285.07623291015625,0.0,0.0,0.0,298.0852355957031,303.1499938964844,285.1499938964844,0.0,-0.0,285.0758361816406,0.0,0.0,0.0,298.3044128417969,303.1499938964844,285.1499938964844,0.0,-0.0,285.07501220703125,0.0,0.0,0.0,285.04901123046875,294.1499938964844,283.7059326171875,281.9624328613281,289.73309326171875,287.1226806640625,285.1532897949219,0.0,0.0,0.0,0.0,1.0,1.0,-1.0539487034846862e-12,3.538601732704885e-18,1.0539452340377342e-12,-8.42767316436982e-13,0.0,0.0,0.0,0.0,60.0,4.1694352148624603e-07,-0.0,-0.0,0.0,283.35400390625,284.5365905761719,288.9228210449219,289.824462890625,293.1499938964844,293.1499938964844,278.1499938964844,0.0,18000.0,313.1499938964844,0.0,18000.0,0.0,0.0,0.0,0.0,0.0,0.0,0.0,0.0,0.0,-0.0,-0.0,-0.0,-5.5419562194307814e-21,-2.7709781097153907e-21,-2.7709781097153907e-21,0.0,0.0,-0.0,0.0,0.0,0.0,-0.0,0.0,0.0,0.0,0.0,0.0,4.0,0.0,0.0
12183420,298.2767333984375,303.1499938964844,285.1499938964844,0.0,-0.0,285.0762023925781,0.0,0.0,-2.5584162609629257e-13,298.25653076171875,303.1499938964844,285.1499938964844,0.0,-0.0,285.076171875,0.0,0.0,-2.6941393994200924e-13,298.78961181640625,303.1499938964844,285.1499938964844,0.0,-0.0,285.07623291015625,0.0,0.0,-1.989885984937309e-13,298.0824890136719,303.1499938964844,285.1499938964844,0.0,-0.0,285.0758361816406,0.0,0.0,-2.694135604712489e-13,298.3026733398437,303.1499938964844,285.1499938964844,0.0,-0.0,285.07501220703125,0.0,0.0,-1.2779789162684074e-12,285.04901123046875,294.1499938964844,283.7118225097656,281.96795654296875,289.73309326171875,287.1226806640625,285.1533203125,0.0,0.0,0.0,0.0,1.0,1.0,-3.765111920156494e-12,5.579921770676003e-18,3.765106282305197e-12,-3.4982713340708797e-12,0.0,0.0,0.0,-1.4551915228366852e-11,60.0,3.865665405555774e-07,-0.0,-5.066788513209878e-25,0.0,283.35400390625,284.5365905761719,288.9228210449219,289.824462890625,293.1499938964844,293.1499938964844,278.1499938964844,0.0,18000.0,313.1499938964844,0.0,18000.0,0.0,0.0,0.0,0.0,0.0,0.0,0.0,0.0,0.0,-0.0,-0.0,-0.0,-5.5419562194307814e-21,-2.7709781097153907e-21,-2.7709781097153907e-21,0.0,0.0,-0.0,0.0,0.0,0.0,-0.0,0.0,0.0,0.0,0.0,0.0,4.0,0.0,0.0
12183480,298.2767333984375,303.1499938964844,285.1499938964844,0.0,-0.0,285.0762023925781,0.0,0.0,-2.5584162609629257e-13,298.25653076171875,303.1499938964844,285.1499938964844,0.0,-0.0,285.076171875,0.0,0.0,-2.6941393994200924e-13,298.78961181640625,303.1499938964844,285.1499938964844,0.0,-0.0,285.07623291015625,0.0,0.0,-1.989885984937309e-13,298.0824890136719,303.1499938964844,285.1499938964844,0.0,-0.0,285.0758361816406,0.0,0.0,-2.694135604712489e-13,298.3026733398437,303.1499938964844,285.1499938964844,0.0,-0.0,285.07501220703125,0.0,0.0,-1.2779789162684074e-12,285.04901123046875,294.1499938964844,283.7118225097656,281.96795654296875,289.73309326171875,287.1226806640625,285.1533203125,0.0,0.0,0.0,0.0,1.0,1.0,-3.765111920156494e-12,5.579921770676003e-18,3.765106282305197e-12,-3.4982713340708797e-12,0.0,0.0,0.0,-1.4551915228366852e-11,60.0,3.865665405555774e-07,-0.0,-5.066788513209878e-25,0.0,283.35400390625,284.5365905761719,288.9228210449219,289.824462890625,293.1499938964844,293.1499938964844,278.1499938964844,0.0,18000.0,313.1499938964844,0.0,18000.0,0.0,0.0,0.0,0.0,0.0,0.0,0.0,0.0,0.0,-0.0,-0.0,-0.0,-5.5419562194307814e-21,-2.7709781097153907e-21,-2.7709781097153907e-21,0.0,0.0,-0.0,0.0,0.0,0.0,-0.0,0.0,0.0,0.0,0.0,0.0,4.0,0.0,0.0
12183540,298.2740478515625,303.1499938964844,285.1499938964844,0.0,-0.0,285.0762023925781,0.0,0.0,0.0,298.2536315917969,303.1499938964844,285.1499938964844,0.0,-0.0,285.076171875,0.0,0.0,0.0,298.7860717773437,303.1499938964844,285.1499938964844,0.0,-0.0,285.07623291015625,0.0,0.0,0.0,298.07977294921875,303.1499938964844,285.1499938964844,0.0,-0.0,285.0758361816406,0.0,0.0,0.0,298.30096435546875,303.1499938964844,285.1499938964844,0.0,-0.0,285.07501220703125,0.0,0.0,0.0,285.04901123046875,294.1499938964844,283.71929931640625,281.9749755859375,289.73309326171875,287.1226806640625,285.1533508300781,0.0,0.0,0.0,0.0,1.0,1.0,-1.0539487034846862e-12,3.538601732704885e-18,1.0539452340377342e-12,-8.42767316436982e-13,0.0,0.0,0.0,0.0,60.0,3.598784985570092e-07,-0.0,-0.0,0.0,283.35400390625,284.5365905761719,288.9228210449219,289.824462890625,293.1499938964844,293.1499938964844,278.1499938964844,0.0,18000.0,313.1499938964844,0.0,18000.0,0.0,0.0,0.0,0.0,0.0,0.0,0.0,0.0,0.0,-0.0,-0.0,-0.0,-5.5419562194307814e-21,-2.7709781097153907e-21,-2.7709781097153907e-21,0.0,0.0,-0.0,0.0,0.0,0.0,-0.0,0.0,0.0,0.0,0.0,0.0,4.0,0.0,0.0
12183600,298.2740478515625,303.1499938964844,285.1499938964844,0.0,-0.0,285.0762023925781,0.0,0.0,0.0,298.2536315917969,303.1499938964844,285.1499938964844,0.0,-0.0,285.076171875,0.0,0.0,0.0,298.7860717773437,303.1499938964844,285.1499938964844,0.0,-0.0,285.07623291015625,0.0,0.0,0.0,298.07977294921875,303.1499938964844,285.1499938964844,0.0,-0.0,285.0758361816406,0.0,0.0,0.0,298.30096435546875,303.1499938964844,285.1499938964844,0.0,-0.0,285.07501220703125,0.0,0.0,0.0,285.04901123046875,294.1499938964844,283.71929931640625,281.9749755859375,289.73309326171875,287.1226806640625,285.1533508300781,0.0,0.0,0.0,0.0,1.0,1.0,-1.0539487034846862e-12,3.538601732704885e-18,1.0539452340377342e-12,-8.42767316436982e-13,0.0,0.0,0.0,0.0,60.0,3.598784985570092e-07,-0.0,-0.0,0.0,283.35400390625,284.5365905761719,288.9228210449219,289.824462890625,293.1499938964844,293.1499938964844,278.1499938964844,0.0,18000.0,313.1499938964844,0.0,18000.0,0.0,0.0,0.0,0.0,0.0,0.0,0.0,0.0,0.0,-0.0,-0.0,-0.0,-5.5419562194307814e-21,-2.7709781097153907e-21,-2.7709781097153907e-21,0.0,0.0,-0.0,0.0,0.0,0.0,-0.0,0.0,0.0,0.0,0.0,0.0,4.0,0.0,0.0
12183660,298.2714538574219,303.1499938964844,285.1499938964844,0.0,-0.0,285.0762023925781,0.0,0.0,0.0,298.2505187988281,303.1499938964844,285.1499938964844,0.0,-0.0,285.076171875,0.0,0.0,0.0,298.78253173828125,303.1499938964844,285.1499938964844,0.0,-0.0,285.07623291015625,0.0,0.0,0.0,298.0771179199219,303.1499938964844,285.1499938964844,0.0,-0.0,285.0758361816406,0.0,0.0,0.0,298.2993469238281,303.1499938964844,285.1499938964844,0.0,-0.0,285.07501220703125,0.0,0.0,0.0,285.04901123046875,294.1499938964844,283.72802734375,281.9831848144531,289.73309326171875,287.1226806640625,285.1533508300781,0.0,0.0,0.0,0.0,1.0,1.0,-1.0539487034846862e-12,3.538601732704885e-18,1.0539452340377342e-12,-8.42767316436982e-13,0.0,0.0,0.0,0.0,60.0,3.3471616234237445e-07,-0.0,-0.0,0.0,283.35400390625,284.5365905761719,288.9228210449219,289.824462890625,293.1499938964844,293.1499938964844,278.1499938964844,0.0,18000.0,313.1499938964844,0.0,18000.0,0.0,0.0,0.0,0.0,0.0,0.0,0.0,0.0,0.0,-0.0,-0.0,-0.0,-5.5419562194307814e-21,-2.7709781097153907e-21,-2.7709781097153907e-21,0.0,0.0,-0.0,0.0,0.0,0.0,-0.0,0.0,0.0,0.0,0.0,0.0,4.0,0.0,0.0
12183720,298.2714538574219,303.1499938964844,285.1499938964844,0.0,-0.0,285.0762023925781,0.0,0.0,0.0,298.2505187988281,303.1499938964844,285.1499938964844,0.0,-0.0,285.076171875,0.0,0.0,0.0,298.78253173828125,303.1499938964844,285.1499938964844,0.0,-0.0,285.07623291015625,0.0,0.0,0.0,298.0771179199219,303.1499938964844,285.1499938964844,0.0,-0.0,285.0758361816406,0.0,0.0,0.0,298.2993469238281,303.1499938964844,285.1499938964844,0.0,-0.0,285.07501220703125,0.0,0.0,0.0,285.04901123046875,294.1499938964844,283.72802734375,281.9831848144531,289.73309326171875,287.1226806640625,285.1533508300781,0.0,0.0,0.0,0.0,1.0,1.0,-1.0539487034846862e-12,3.538601732704885e-18,1.0539452340377342e-12,-8.42767316436982e-13,0.0,0.0,0.0,0.0,60.0,3.3471616234237445e-07,-0.0,-0.0,0.0,283.35400390625,284.5365905761719,288.9228210449219,289.824462890625,293.1499938964844,293.1499938964844,278.1499938964844,0.0,18000.0,313.1499938964844,0.0,18000.0,0.0,0.0,0.0,0.0,0.0,0.0,0.0,0.0,0.0,-0.0,-0.0,-0.0,-5.5419562194307814e-21,-2.7709781097153907e-21,-2.7709781097153907e-21,0.0,0.0,-0.0,0.0,0.0,0.0,-0.0,0.0,0.0,0.0,0.0,0.0,4.0,0.0,0.0
12183780,298.2688903808594,303.1499938964844,285.1499938964844,0.0,-0.0,285.0762023925781,0.0,0.0,0.0,298.2469482421875,303.1499938964844,285.1499938964844,0.0,-0.0,285.076171875,0.0,0.0,0.0,298.77911376953125,303.1499938964844,285.1499938964844,0.0,-0.0,285.07623291015625,0.0,0.0,0.0,298.07452392578125,303.1499938964844,285.1499938964844,0.0,-0.0,285.0758361816406,0.0,0.0,0.0,298.2978515625,303.1499938964844,285.1499938964844,0.0,-0.0,285.07501220703125,0.0,0.0,0.0,285.04901123046875,294.1499938964844,283.7377624511719,281.9923095703125,289.73309326171875,287.1226806640625,285.15338134765625,0.0,0.0,0.0,0.0,1.0,1.0,-1.0539487034846862e-12,3.538602146295191e-18,1.0539452340377342e-12,-8.42767316436982e-13,0.0,0.0,0.0,0.0,60.0,3.131516734811157e-07,-0.0,-0.0,0.0,283.35400390625,284.5365905761719,288.9228210449219,289.824462890625,293.1499938964844,293.1499938964844,278.1499938964844,0.0,18000.0,313.1499938964844,0.0,18000.0,0.0,0.0,0.0,0.0,0.0,0.0,0.0,0.0,0.0,-0.0,-0.0,-0.0,-5.5419562194307814e-21,-2.7709781097153907e-21,-2.7709781097153907e-21,0.0,0.0,-0.0,0.0,0.0,0.0,-0.0,0.0,0.0,0.0,0.0,0.0,4.0,0.0,0.0
12183840,298.2688903808594,303.1499938964844,285.1499938964844,0.0,-0.0,285.0762023925781,0.0,0.0,0.0,298.2469482421875,303.1499938964844,285.1499938964844,0.0,-0.0,285.076171875,0.0,0.0,0.0,298.77911376953125,303.1499938964844,285.1499938964844,0.0,-0.0,285.07623291015625,0.0,0.0,0.0,298.07452392578125,303.1499938964844,285.1499938964844,0.0,-0.0,285.0758361816406,0.0,0.0,0.0,298.2978515625,303.1499938964844,285.1499938964844,0.0,-0.0,285.07501220703125,0.0,0.0,0.0,285.04901123046875,294.1499938964844,283.7377624511719,281.9923095703125,289.73309326171875,287.1226806640625,285.15338134765625,0.0,0.0,0.0,0.0,1.0,1.0,-1.0539487034846862e-12,3.538602146295191e-18,1.0539452340377342e-12,-8.42767316436982e-13,0.0,0.0,0.0,0.0,60.0,3.131516734811157e-07,-0.0,-0.0,0.0,283.35400390625,284.5365905761719,288.9228210449219,289.824462890625,293.1499938964844,293.1499938964844,278.1499938964844,0.0,18000.0,313.1499938964844,0.0,18000.0,0.0,0.0,0.0,0.0,0.0,0.0,0.0,0.0,0.0,-0.0,-0.0,-0.0,-5.5419562194307814e-21,-2.7709781097153907e-21,-2.7709781097153907e-21,0.0,0.0,-0.0,0.0,0.0,0.0,-0.0,0.0,0.0,0.0,0.0,0.0,4.0,0.0,0.0
12183900,298.2676696777344,303.1499938964844,285.1499938964844,0.0,-0.0,285.0762023925781,0.0,0.0,2.5584162609629257e-13,298.2449951171875,303.1499938964844,285.1499938964844,0.0,-0.0,285.076171875,0.0,0.0,2.6941393994200924e-13,298.77740478515625,303.1499938964844,285.1499938964844,0.0,-0.0,285.07623291015625,0.0,0.0,1.989885984937309e-13,298.0732727050781,303.1499938964844,285.1499938964844,0.0,-0.0,285.0758361816406,0.0,0.0,2.694135604712489e-13,298.297119140625,303.1499938964844,285.1499938964844,0.0,-0.0,285.07501220703125,0.0,0.0,1.2779789162684074e-12,285.04901123046875,294.1499938964844,283.7428894042969,281.99713134765625,289.73309326171875,287.1226806640625,285.1534118652344,0.0,0.0,0.0,0.0,1.0,1.0,1.657214513187122e-12,1.4972822117216496e-18,-1.657216031070164e-12,1.812736809617133e-12,0.0,0.0,0.0,1.4551915228366852e-11,60.0,3.010828493188456e-07,-0.0,-5.066788513209878e-25,0.0,283.35400390625,284.5365905761719,288.9228210449219,289.824462890625,293.1499938964844,293.1499938964844,278.1499938964844,0.0,18000.0,313.1499938964844,0.0,18000.0,0.0,0.0,0.0,0.0,0.0,0.0,0.0,0.0,0.0,-0.0,-0.0,-0.0,-5.5419562194307814e-21,-2.7709781097153907e-21,-2.7709781097153907e-21,0.0,0.0,-0.0,0.0,0.0,0.0,-0.0,0.0,0.0,0.0,0.0,0.0,4.0,0.0,0.0
12183960,298.2664489746094,303.1499938964844,285.1499938964844,0.0,-0.0,285.0762023925781,0.0,0.0,0.0,298.2430114746094,303.1499938964844,285.1499938964844,0.0,-0.0,285.076171875,0.0,0.0,0.0,298.7757263183594,303.1499938964844,285.1499938964844,0.0,-0.0,285.07623291015625,0.0,0.0,0.0,298.072021484375,303.1499938964844,285.1499938964844,0.0,-0.0,285.0758361816406,0.0,0.0,0.0,298.29644775390625,303.1499938964844,285.1499938964844,0.0,-0.0,285.07501220703125,0.0,0.0,0.0,285.04901123046875,294.1499938964844,283.7481689453125,282.0021057128906,289.73309326171875,287.1226806640625,285.1534118652344,0.0,0.0,0.0,0.0,1.0,1.0,-1.0539487034846862e-12,3.538601732704885e-18,1.0539452340377342e-12,-8.42767316436982e-13,0.0,0.0,0.0,0.0,60.0,2.8976549515391525e-07,-0.0,-0.0,0.0,283.35400390625,284.5365905761719,288.9228210449219,289.824462890625,293.1499938964844,293.1499938964844,278.1499938964844,0.0,18000.0,313.1499938964844,0.0,18000.0,0.0,0.0,0.0,0.0,0.0,0.0,0.0,0.0,0.0,-0.0,-0.0,-0.0,-5.5419562194307814e-21,-2.7709781097153907e-21,-2.7709781097153907e-21,0.0,0.0,-0.0,0.0,0.0,0.0,-0.0,0.0,0.0,0.0,0.0,0.0,4.0,0.0,0.0
12184020,298.2640686035156,303.1499938964844,285.1499938964844,0.0,-0.0,285.0762023925781,0.0,0.0,0.0,298.2388610839844,303.1499938964844,285.1499938964844,0.0,-0.0,285.076171875,0.0,0.0,0.0,298.7724304199219,303.1499938964844,285.1499938964844,0.0,-0.0,285.07623291015625,0.0,0.0,0.0,298.069580078125,303.1499938964844,285.1499938964844,0.0,-0.0,285.0758361816406,0.0,0.0,0.0,298.2951354980469,303.1499938964844,285.1499938964844,0.0,-0.0,285.07501220703125,0.0,0.0,0.0,285.04901123046875,294.1499938964844,283.7590026855469,282.01226806640625,289.73309326171875,287.1226806640625,285.1534118652344,0.0,0.0,0.0,0.0,1.0,1.0,-1.0539487034846862e-12,3.538601732704885e-18,1.0539452340377342e-12,-8.42767316436982e-13,0.0,0.0,0.0,0.0,60.0,2.688386189220182e-07,-0.0,-0.0,0.0,283.35400390625,284.5365905761719,288.9228210449219,289.824462890625,293.1499938964844,293.1499938964844,278.1499938964844,0.0,18000.0,313.1499938964844,0.0,18000.0,0.0,0.0,0.0,0.0,0.0,0.0,0.0,0.0,0.0,-0.0,-0.0,-0.0,-5.5419562194307814e-21,-2.7709781097153907e-21,-2.7709781097153907e-21,0.0,0.0,-0.0,0.0,0.0,0.0,-0.0,0.0,0.0,0.0,0.0,0.0,4.0,0.0,0.0
12184080,298.2640686035156,303.1499938964844,285.1499938964844,0.0,-0.0,285.0762023925781,0.0,0.0,0.0,298.2388610839844,303.1499938964844,285.1499938964844,0.0,-0.0,285.076171875,0.0,0.0,0.0,298.7724304199219,303.1499938964844,285.1499938964844,0.0,-0.0,285.07623291015625,0.0,0.0,0.0,298.069580078125,303.1499938964844,285.1499938964844,0.0,-0.0,285.0758361816406,0.0,0.0,0.0,298.2951354980469,303.1499938964844,285.1499938964844,0.0,-0.0,285.07501220703125,0.0,0.0,0.0,285.04901123046875,294.1499938964844,283.7590026855469,282.01226806640625,289.73309326171875,287.1226806640625,285.1534118652344,0.0,0.0,0.0,0.0,1.0,1.0,-1.0539487034846862e-12,3.538601732704885e-18,1.0539452340377342e-12,-8.42767316436982e-13,0.0,0.0,0.0,0.0,60.0,2.688386189220182e-07,-0.0,-0.0,0.0,283.35400390625,284.5365905761719,288.9228210449219,289.824462890625,293.1499938964844,293.1499938964844,278.1499938964844,0.0,18000.0,313.1499938964844,0.0,18000.0,0.0,0.0,0.0,0.0,0.0,0.0,0.0,0.0,0.0,-0.0,-0.0,-0.0,-5.5419562194307814e-21,-2.7709781097153907e-21,-2.7709781097153907e-21,0.0,0.0,-0.0,0.0,0.0,0.0,-0.0,0.0,0.0,0.0,0.0,0.0,4.0,0.0,0.0
12184140,298.26171875,303.1499938964844,285.1499938964844,0.0,-0.0,285.0762023925781,0.0,0.0,-2.5584162609629257e-13,298.234619140625,303.1499938964844,285.1499938964844,0.0,-0.0,285.076171875,0.0,0.0,-2.6941393994200924e-13,298.7691955566406,303.1499938964844,285.1499938964844,0.0,-0.0,285.07623291015625,0.0,0.0,-1.989885984937309e-13,298.06719970703125,303.1499938964844,285.1499938964844,0.0,-0.0,285.0758361816406,0.0,0.0,-2.694135604712489e-13,298.2938537597656,303.1499938964844,285.1499938964844,0.0,-0.0,285.07501220703125,0.0,0.0,-1.2779789162684074e-12,285.04901123046875,294.1499938964844,283.7699279785156,282.02252197265625,289.73309326171875,287.1226806640625,285.1534423828125,0.0,0.0,0.0,0.0,1.0,1.0,-3.765111920156494e-12,5.579921770676003e-18,3.765106282305197e-12,-3.4982713340708797e-12,0.0,0.0,0.0,-1.4551915228366852e-11,60.0,2.498700837350043e-07,-0.0,-5.066788513209878e-25,0.0,283.35400390625,284.5365905761719,288.9228210449219,289.824462890625,293.1499938964844,293.1499938964844,278.1499938964844,0.0,18000.0,313.1499938964844,0.0,18000.0,0.0,0.0,0.0,0.0,0.0,0.0,0.0,0.0,0.0,-0.0,-0.0,-0.0,-5.5419562194307814e-21,-2.7709781097153907e-21,-2.7709781097153907e-21,0.0,0.0,-0.0,0.0,0.0,0.0,-0.0,0.0,0.0,0.0,0.0,0.0,4.0,0.0,0.0
12184200,298.26171875,303.1499938964844,285.1499938964844,0.0,-0.0,285.0762023925781,0.0,0.0,-2.5584162609629257e-13,298.234619140625,303.1499938964844,285.1499938964844,0.0,-0.0,285.076171875,0.0,0.0,-2.6941393994200924e-13,298.7691955566406,303.1499938964844,285.1499938964844,0.0,-0.0,285.07623291015625,0.0,0.0,-1.989885984937309e-13,298.06719970703125,303.1499938964844,285.1499938964844,0.0,-0.0,285.0758361816406,0.0,0.0,-2.694135604712489e-13,298.2938537597656,303.1499938964844,285.1499938964844,0.0,-0.0,285.07501220703125,0.0,0.0,-1.2779789162684074e-12,285.04901123046875,294.1499938964844,283.7699279785156,282.02252197265625,289.73309326171875,287.1226806640625,285.1534423828125,0.0,0.0,0.0,0.0,1.0,1.0,-3.765111920156494e-12,5.579921770676003e-18,3.765106282305197e-12,-3.4982713340708797e-12,0.0,0.0,0.0,-1.4551915228366852e-11,60.0,2.498700837350043e-07,-0.0,-5.066788513209878e-25,0.0,283.35400390625,284.5365905761719,288.9228210449219,289.824462890625,293.1499938964844,293.1499938964844,278.1499938964844,0.0,18000.0,313.1499938964844,0.0,18000.0,0.0,0.0,0.0,0.0,0.0,0.0,0.0,0.0,0.0,-0.0,-0.0,-0.0,-5.5419562194307814e-21,-2.7709781097153907e-21,-2.7709781097153907e-21,0.0,0.0,-0.0,0.0,0.0,0.0,-0.0,0.0,0.0,0.0,0.0,0.0,4.0,0.0,0.0
12184260,298.2594299316406,303.1499938964844,285.1499938964844,0.0,-0.0,285.0762023925781,0.0,0.0,-2.5584162609629257e-13,298.23028564453125,303.1499938964844,285.1499938964844,0.0,-0.0,285.076171875,0.0,0.0,-2.6941393994200924e-13,298.7660217285156,303.1499938964844,285.1499938964844,0.0,-0.0,285.07623291015625,0.0,0.0,-1.989885984937309e-13,298.0648803710937,303.1499938964844,285.1499938964844,0.0,-0.0,285.0758361816406,0.0,0.0,-2.694135604712489e-13,298.2926330566406,303.1499938964844,285.1499938964844,0.0,-0.0,285.07501220703125,0.0,0.0,-1.2779789162684074e-12,285.04901123046875,294.1499938964844,283.7806701660156,282.0326232910156,289.73309326171875,287.1226806640625,285.1534729003906,0.0,0.0,0.0,0.0,1.0,1.0,-1.109606005168795e-12,2.9201888922559e-18,1.1096030778229293e-12,8.387093103356946e-13,0.0,0.0,0.0,0.0,60.0,2.323133685422363e-07,-0.0,-5.066788513209878e-25,0.0,283.35400390625,284.5365905761719,288.9228210449219,289.824462890625,293.1499938964844,293.1499938964844,278.1499938964844,0.0,18000.0,313.1499938964844,0.0,18000.0,0.0,0.0,0.0,0.0,0.0,0.0,0.0,0.0,0.0,-0.0,-0.0,-0.0,-5.5419562194307814e-21,-2.7709781097153907e-21,-2.7709781097153907e-21,0.0,0.0,-0.0,0.0,0.0,0.0,-0.0,0.0,0.0,0.0,0.0,0.0,4.0,0.0,0.0
12184320,298.2594299316406,303.1499938964844,285.1499938964844,0.0,-0.0,285.0762023925781,0.0,0.0,-2.5584162609629257e-13,298.23028564453125,303.1499938964844,285.1499938964844,0.0,-0.0,285.076171875,0.0,0.0,-2.6941393994200924e-13,298.7660217285156,303.1499938964844,285.1499938964844,0.0,-0.0,285.07623291015625,0.0,0.0,-1.989885984937309e-13,298.0648803710937,303.1499938964844,285.1499938964844,0.0,-0.0,285.0758361816406,0.0,0.0,-2.694135604712489e-13,298.2926330566406,303.1499938964844,285.1499938964844,0.0,-0.0,285.07501220703125,0.0,0.0,-1.2779789162684074e-12,285.04901123046875,294.1499938964844,283.7806701660156,282.0326232910156,289.73309326171875,287.1226806640625,285.1534729003906,0.0,0.0,0.0,0.0,1.0,1.0,-1.109606005168795e-12,2.9201888922559e-18,1.1096030778229293e-12,8.387093103356946e-13,0.0,0.0,0.0,0.0,60.0,2.323133685422363e-07,-0.0,-5.066788513209878e-25,0.0,283.35400390625,284.5365905761719,288.9228210449219,289.824462890625,293.1499938964844,293.1499938964844,278.1499938964844,0.0,18000.0,313.1499938964844,0.0,18000.0,0.0,0.0,0.0,0.0,0.0,0.0,0.0,0.0,0.0,-0.0,-0.0,-0.0,-5.5419562194307814e-21,-2.7709781097153907e-21,-2.7709781097153907e-21,0.0,0.0,-0.0,0.0,0.0,0.0,-0.0,0.0,0.0,0.0,0.0,0.0,4.0,0.0,0.0
12184380,298.2572021484375,303.1499938964844,285.1499938964844,0.0,-0.0,285.0762023925781,0.0,0.0,-2.5584162609629257e-13,298.2259826660156,303.1499938964844,285.1499938964844,0.0,-0.0,285.076171875,0.0,0.0,-2.6941393994200924e-13,298.7628479003906,303.1499938964844,285.1499938964844,0.0,-0.0,285.07623291015625,0.0,0.0,-1.989885984937309e-13,298.0625915527344,303.1499938964844,285.1499938964844,0.0,-0.0,285.0758361816406,0.0,0.0,-2.694135604712489e-13,298.2914428710937,303.1499938964844,285.1499938964844,0.0,-0.0,285.07501220703125,0.0,0.0,-1.2779789162684074e-12,285.04901123046875,294.1499938964844,283.7909851074219,282.04229736328125,289.73309326171875,287.1226806640625,285.1534729003906,0.0,0.0,0.0,0.0,1.0,1.0,-3.765111920156494e-12,5.579921770676003e-18,3.765106282305197e-12,-3.4982713340708797e-12,0.0,0.0,0.0,-1.4551915228366852e-11,60.0,2.1487051071744645e-07,-0.0,-5.066788513209878e-25,0.0,283.35400390625,284.5365905761719,288.9228210449219,289.824462890625,293.1499938964844,293.1499938964844,278.1499938964844,0.0,18000.0,313.1499938964844,0.0,18000.0,0.0,0.0,0.0,0.0,0.0,0.0,0.0,0.0,0.0,-0.0,-0.0,-0.0,-5.5419562194307814e-21,-2.7709781097153907e-21,-2.7709781097153907e-21,0.0,0.0,-0.0,0.0,0.0,0.0,-0.0,0.0,0.0,0.0,0.0,0.0,4.0,0.0,0.0
12184440,298.2572021484375,303.1499938964844,285.1499938964844,0.0,-0.0,285.0762023925781,0.0,0.0,-2.5584162609629257e-13,298.2259826660156,303.1499938964844,285.1499938964844,0.0,-0.0,285.076171875,0.0,0.0,-2.6941393994200924e-13,298.7628479003906,303.1499938964844,285.1499938964844,0.0,-0.0,285.07623291015625,0.0,0.0,-1.989885984937309e-13,298.0625915527344,303.1499938964844,285.1499938964844,0.0,-0.0,285.0758361816406,0.0,0.0,-2.694135604712489e-13,298.2914428710937,303.1499938964844,285.1499938964844,0.0,-0.0,285.07501220703125,0.0,0.0,-1.2779789162684074e-12,285.04901123046875,294.1499938964844,283.7909851074219,282.04229736328125,289.73309326171875,287.1226806640625,285.1534729003906,0.0,0.0,0.0,0.0,1.0,1.0,-3.765111920156494e-12,5.579921770676003e-18,3.765106282305197e-12,-3.4982713340708797e-12,0.0,0.0,0.0,-1.4551915228366852e-11,60.0,2.1487051071744645e-07,-0.0,-5.066788513209878e-25,0.0,283.35400390625,284.5365905761719,288.9228210449219,289.824462890625,293.1499938964844,293.1499938964844,278.1499938964844,0.0,18000.0,313.1499938964844,0.0,18000.0,0.0,0.0,0.0,0.0,0.0,0.0,0.0,0.0,0.0,-0.0,-0.0,-0.0,-5.5419562194307814e-21,-2.7709781097153907e-21,-2.7709781097153907e-21,0.0,0.0,-0.0,0.0,0.0,0.0,-0.0,0.0,0.0,0.0,0.0,0.0,4.0,0.0,0.0
12184500,298.256103515625,303.1499938964844,285.1499938964844,0.0,-0.0,285.0762023925781,0.0,0.0,0.0,298.22381591796875,303.1499938964844,285.1499938964844,0.0,-0.0,285.076171875,0.0,0.0,0.0,298.76129150390625,303.1499938964844,285.1499938964844,0.0,-0.0,285.07623291015625,0.0,0.0,0.0,298.0614624023437,303.1499938964844,285.1499938964844,0.0,-0.0,285.0758361816406,0.0,0.0,0.0,298.2908630371094,303.1499938964844,285.1499938964844,0.0,-0.0,285.07501220703125,0.0,0.0,0.0,285.04901123046875,294.1499938964844,283.7958374023437,282.046875,289.73309326171875,287.1226806640625,285.1534729003906,0.0,0.0,0.0,0.0,1.0,1.0,-1.0539487034846862e-12,3.538601732704885e-18,1.0539452340377342e-12,-8.42767316436982e-13,0.0,0.0,0.0,0.0,60.0,2.076292133779134e-07,-0.0,-0.0,0.0,283.35400390625,284.5365905761719,288.9228210449219,289.824462890625,293.1499938964844,293.1499938964844,278.1499938964844,0.0,18000.0,313.1499938964844,0.0,18000.0,0.0,0.0,0.0,0.0,0.0,0.0,0.0,0.0,0.0,-0.0,-0.0,-0.0,-5.5419562194307814e-21,-2.7709781097153907e-21,-2.7709781097153907e-21,0.0,0.0,-0.0,0.0,0.0,0.0,-0.0,0.0,0.0,0.0,0.0,0.0,4.0,0.0,0.0
12184560,298.2550048828125,303.1499938964844,285.1499938964844,0.0,-0.0,285.0762023925781,0.0,0.0,0.0,298.2216796875,303.1499938964844,285.1499938964844,0.0,-0.0,285.076171875,0.0,0.0,0.0,298.7597351074219,303.1499938964844,285.1499938964844,0.0,-0.0,285.07623291015625,0.0,0.0,0.0,298.06036376953125,303.1499938964844,285.1499938964844,0.0,-0.0,285.0758361816406,0.0,0.0,0.0,298.290283203125,303.1499938964844,285.1499938964844,0.0,-0.0,285.07501220703125,0.0,0.0,0.0,285.04901123046875,294.1499938964844,283.8005065917969,282.0512390136719,289.73309326171875,287.1226806640625,285.15350341796875,0.0,0.0,0.0,0.0,1.0,1.0,-1.0539487034846862e-12,3.538601732704885e-18,1.0539452340377342e-12,-8.42767316436982e-13,0.0,0.0,0.0,0.0,60.0,2.004790076171048e-07,-0.0,-0.0,0.0,283.35400390625,284.5365905761719,288.9228210449219,289.824462890625,293.1499938964844,293.1499938964844,278.1499938964844,0.0,18000.0,313.1499938964844,0.0,18000.0,0.0,0.0,0.0,0.0,0.0,0.0,0.0,0.0,0.0,-0.0,-0.0,-0.0,-5.5419562194307814e-21,-2.7709781097153907e-21,-2.7709781097153907e-21,0.0,0.0,-0.0,0.0,0.0,0.0,-0.0,0.0,0.0,0.0,0.0,0.0,4.0,0.0,0.0
12184620,298.2528076171875,303.1499938964844,285.1499938964844,0.0,-0.0,285.0762023925781,0.0,0.0,2.5584162609629257e-13,298.2173767089844,303.1499938964844,285.1499938964844,0.0,-0.0,285.076171875,0.0,0.0,2.6941393994200924e-13,298.75665283203125,303.1499938964844,285.1499938964844,0.0,-0.0,285.07623291015625,0.0,0.0,1.989885984937309e-13,298.0581359863281,303.1499938964844,285.1499938964844,0.0,-0.0,285.0758361816406,0.0,0.0,2.694135604712489e-13,298.28912353515625,303.1499938964844,285.1499938964844,0.0,-0.0,285.07501220703125,0.0,0.0,1.2779789162684074e-12,285.04901123046875,294.1499938964844,283.8089904785156,282.0592041015625,289.73309326171875,287.1226806640625,285.15350341796875,0.0,0.0,0.0,0.0,1.0,1.0,1.657214513187122e-12,1.4972816947337674e-18,-1.657216031070164e-12,1.812736809617133e-12,0.0,0.0,0.0,1.4551915228366852e-11,60.0,1.8654294819953066e-07,-0.0,-5.066788513209878e-25,0.0,283.35400390625,284.5365905761719,288.9228210449219,289.824462890625,293.1499938964844,293.1499938964844,278.1499938964844,0.0,18000.0,313.1499938964844,0.0,18000.0,0.0,0.0,0.0,0.0,0.0,0.0,0.0,0.0,0.0,-0.0,-0.0,-0.0,-5.5419562194307814e-21,-2.7709781097153907e-21,-2.7709781097153907e-21,0.0,0.0,-0.0,0.0,0.0,0.0,-0.0,0.0,0.0,0.0,0.0,0.0,4.0,0.0,0.0
12184680,298.2528076171875,303.1499938964844,285.1499938964844,0.0,-0.0,285.0762023925781,0.0,0.0,2.5584162609629257e-13,298.2173767089844,303.1499938964844,285.1499938964844,0.0,-0.0,285.076171875,0.0,0.0,2.6941393994200924e-13,298.75665283203125,303.1499938964844,285.1499938964844,0.0,-0.0,285.07623291015625,0.0,0.0,1.989885984937309e-13,298.0581359863281,303.1499938964844,285.1499938964844,0.0,-0.0,285.0758361816406,0.0,0.0,2.694135604712489e-13,298.28912353515625,303.1499938964844,285.1499938964844,0.0,-0.0,285.07501220703125,0.0,0.0,1.2779789162684074e-12,285.04901123046875,294.1499938964844,283.8089904785156,282.0592041015625,289.73309326171875,287.1226806640625,285.15350341796875,0.0,0.0,0.0,0.0,1.0,1.0,1.657214513187122e-12,1.4972816947337674e-18,-1.657216031070164e-12,1.812736809617133e-12,0.0,0.0,0.0,1.4551915228366852e-11,60.0,1.8654294819953066e-07,-0.0,-5.066788513209878e-25,0.0,283.35400390625,284.5365905761719,288.9228210449219,289.824462890625,293.1499938964844,293.1499938964844,278.1499938964844,0.0,18000.0,313.1499938964844,0.0,18000.0,0.0,0.0,0.0,0.0,0.0,0.0,0.0,0.0,0.0,-0.0,-0.0,-0.0,-5.5419562194307814e-21,-2.7709781097153907e-21,-2.7709781097153907e-21,0.0,0.0,-0.0,0.0,0.0,0.0,-0.0,0.0,0.0,0.0,0.0,0.0,4.0,0.0,0.0
12184740,298.2506408691406,303.1499938964844,285.1499938964844,0.0,-0.0,285.0762023925781,0.0,0.0,0.0,298.213134765625,303.1499938964844,285.1499938964844,0.0,-0.0,285.076171875,0.0,0.0,0.0,298.7535400390625,303.1499938964844,285.1499938964844,0.0,-0.0,285.07623291015625,0.0,0.0,0.0,298.05596923828125,303.1499938964844,285.1499938964844,0.0,-0.0,285.0758361816406,0.0,0.0,0.0,298.2879638671875,303.1499938964844,285.1499938964844,0.0,-0.0,285.07501220703125,0.0,0.0,0.0,285.04901123046875,294.1499938964844,283.8161315917969,282.06591796875,289.73309326171875,287.1226806640625,285.15350341796875,0.0,0.0,0.0,0.0,1.0,1.0,-1.0539487034846862e-12,3.538601732704885e-18,1.0539452340377342e-12,-8.42767316436982e-13,0.0,0.0,0.0,0.0,60.0,1.7374544825088378e-07,-0.0,-0.0,0.0,283.35400390625,284.5365905761719,288.9228210449219,289.824462890625,293.1499938964844,293.1499938964844,278.1499938964844,0.0,18000.0,313.1499938964844,0.0,18000.0,0.0,0.0,0.0,0.0,0.0,0.0,0.0,0.0,0.0,-0.0,-0.0,-0.0,-5.5419562194307814e-21,-2.7709781097153907e-21,-2.7709781097153907e-21,0.0,0.0,-0.0,0.0,0.0,0.0,-0.0,0.0,0.0,0.0,0.0,0.0,4.0,0.0,0.0
12184800,298.2506408691406,303.1499938964844,285.1499938964844,0.0,-0.0,285.0762023925781,0.0,0.0,0.0,298.213134765625,303.1499938964844,285.1499938964844,0.0,-0.0,285.076171875,0.0,0.0,0.0,298.7535400390625,303.1499938964844,285.1499938964844,0.0,-0.0,285.07623291015625,0.0,0.0,0.0,298.05596923828125,303.1499938964844,285.1499938964844,0.0,-0.0,285.0758361816406,0.0,0.0,0.0,298.2879638671875,303.1499938964844,285.1499938964844,0.0,-0.0,285.07501220703125,0.0,0.0,0.0,285.04901123046875,294.1499938964844,283.8161315917969,282.06591796875,289.73309326171875,287.1226806640625,285.15350341796875,0.0,0.0,0.0,0.0,1.0,1.0,-1.0539487034846862e-12,3.538601732704885e-18,1.0539452340377342e-12,-8.42767316436982e-13,0.0,0.0,0.0,0.0,60.0,1.7374544825088378e-07,-0.0,-0.0,0.0,283.35400390625,284.5365905761719,288.9228210449219,289.824462890625,293.1499938964844,293.1499938964844,278.1499938964844,0.0,18000.0,313.1499938964844,0.0,18000.0,0.0,0.0,0.0,0.0,0.0,0.0,0.0,0.0,0.0,-0.0,-0.0,-0.0,-5.5419562194307814e-21,-2.7709781097153907e-21,-2.7709781097153907e-21,0.0,0.0,-0.0,0.0,0.0,0.0,-0.0,0.0,0.0,0.0,0.0,0.0,4.0,0.0,0.0
12184860,298.2484741210937,303.1499938964844,285.1499938964844,0.0,-0.0,285.0762023925781,0.0,0.0,0.0,298.2089538574219,303.1499938964844,285.1499938964844,0.0,-0.0,285.076171875,0.0,0.0,0.0,298.75048828125,303.1499938964844,285.1499938964844,0.0,-0.0,285.07623291015625,0.0,0.0,0.0,298.05377197265625,303.1499938964844,285.1499938964844,0.0,-0.0,285.0758361816406,0.0,0.0,0.0,298.2868347167969,303.1499938964844,285.1499938964844,0.0,-0.0,285.07501220703125,0.0,0.0,0.0,285.04901123046875,294.1499938964844,283.8216552734375,282.07110595703125,289.73309326171875,287.1226806640625,285.1535339355469,0.0,0.0,0.0,0.0,1.0,1.0,-1.0539487034846862e-12,3.538601732704885e-18,1.0539452340377342e-12,-8.42767316436982e-13,0.0,0.0,0.0,0.0,60.0,1.6217759934988862e-07,-0.0,-0.0,0.0,283.35400390625,284.5365905761719,288.9228210449219,289.824462890625,293.1499938964844,293.1499938964844,278.1499938964844,0.0,18000.0,313.1499938964844,0.0,18000.0,0.0,0.0,0.0,0.0,0.0,0.0,0.0,0.0,0.0,-0.0,-0.0,-0.0,-5.5419562194307814e-21,-2.7709781097153907e-21,-2.7709781097153907e-21,0.0,0.0,-0.0,0.0,0.0,0.0,-0.0,0.0,0.0,0.0,0.0,0.0,4.0,0.0,0.0
12184920,298.2484741210937,303.1499938964844,285.1499938964844,0.0,-0.0,285.0762023925781,0.0,0.0,0.0,298.2089538574219,303.1499938964844,285.1499938964844,0.0,-0.0,285.076171875,0.0,0.0,0.0,298.75048828125,303.1499938964844,285.1499938964844,0.0,-0.0,285.07623291015625,0.0,0.0,0.0,298.05377197265625,303.1499938964844,285.1499938964844,0.0,-0.0,285.0758361816406,0.0,0.0,0.0,298.2868347167969,303.1499938964844,285.1499938964844,0.0,-0.0,285.07501220703125,0.0,0.0,0.0,285.04901123046875,294.1499938964844,283.8216552734375,282.07110595703125,289.73309326171875,287.1226806640625,285.1535339355469,0.0,0.0,0.0,0.0,1.0,1.0,-1.0539487034846862e-12,3.538601732704885e-18,1.0539452340377342e-12,-8.42767316436982e-13,0.0,0.0,0.0,0.0,60.0,1.6217759934988862e-07,-0.0,-0.0,0.0,283.35400390625,284.5365905761719,288.9228210449219,289.824462890625,293.1499938964844,293.1499938964844,278.1499938964844,0.0,18000.0,313.1499938964844,0.0,18000.0,0.0,0.0,0.0,0.0,0.0,0.0,0.0,0.0,0.0,-0.0,-0.0,-0.0,-5.5419562194307814e-21,-2.7709781097153907e-21,-2.7709781097153907e-21,0.0,0.0,-0.0,0.0,0.0,0.0,-0.0,0.0,0.0,0.0,0.0,0.0,4.0,0.0,0.0
12184980,298.2463073730469,303.1499938964844,285.1499938964844,0.0,-0.0,285.0762023925781,0.0,0.0,-2.5584162609629257e-13,298.20477294921875,303.1499938964844,285.1499938964844,0.0,-0.0,285.076171875,0.0,0.0,-2.6941393994200924e-13,298.7474060058594,303.1499938964844,285.1499938964844,0.0,-0.0,285.07623291015625,0.0,0.0,-1.989885984937309e-13,298.0516052246094,303.1499938964844,285.1499938964844,0.0,-0.0,285.0758361816406,0.0,0.0,-2.694135604712489e-13,298.28570556640625,303.1499938964844,285.1499938964844,0.0,-0.0,285.07501220703125,0.0,0.0,-1.2779789162684074e-12,285.04901123046875,294.1499938964844,283.8252258300781,282.074462890625,289.73309326171875,287.1226806640625,285.1535339355469,0.0,0.0,0.0,0.0,1.0,1.0,-3.765111920156494e-12,5.579921357085698e-18,3.765106282305197e-12,-3.4982713340708797e-12,0.0,0.0,0.0,-1.4551915228366852e-11,60.0,1.507008278167632e-07,-0.0,-5.066788513209878e-25,0.0,283.35400390625,284.5365905761719,288.9228210449219,289.824462890625,293.1499938964844,293.1499938964844,278.1499938964844,0.0,18000.0,313.1499938964844,0.0,18000.0,0.0,0.0,0.0,0.0,0.0,0.0,0.0,0.0,0.0,-0.0,-0.0,-0.0,-5.5419562194307814e-21,-2.7709781097153907e-21,-2.7709781097153907e-21,0.0,0.0,-0.0,0.0,0.0,0.0,-0.0,0.0,0.0,0.0,0.0,0.0,4.0,0.0,0.0
12185040,298.2463073730469,303.1499938964844,285.1499938964844,0.0,-0.0,285.0762023925781,0.0,0.0,-2.5584162609629257e-13,298.20477294921875,303.1499938964844,285.1499938964844,0.0,-0.0,285.076171875,0.0,0.0,-2.6941393994200924e-13,298.7474060058594,303.1499938964844,285.1499938964844,0.0,-0.0,285.07623291015625,0.0,0.0,-1.989885984937309e-13,298.0516052246094,303.1499938964844,285.1499938964844,0.0,-0.0,285.0758361816406,0.0,0.0,-2.694135604712489e-13,298.28570556640625,303.1499938964844,285.1499938964844,0.0,-0.0,285.07501220703125,0.0,0.0,-1.2779789162684074e-12,285.04901123046875,294.1499938964844,283.8252258300781,282.074462890625,289.73309326171875,287.1226806640625,285.1535339355469,0.0,0.0,0.0,0.0,1.0,1.0,-3.765111920156494e-12,5.579921357085698e-18,3.765106282305197e-12,-3.4982713340708797e-12,0.0,0.0,0.0,-1.4551915228366852e-11,60.0,1.507008278167632e-07,-0.0,-5.066788513209878e-25,0.0,283.35400390625,284.5365905761719,288.9228210449219,289.824462890625,293.1499938964844,293.1499938964844,278.1499938964844,0.0,18000.0,313.1499938964844,0.0,18000.0,0.0,0.0,0.0,0.0,0.0,0.0,0.0,0.0,0.0,-0.0,-0.0,-0.0,-5.5419562194307814e-21,-2.7709781097153907e-21,-2.7709781097153907e-21,0.0,0.0,-0.0,0.0,0.0,0.0,-0.0,0.0,0.0,0.0,0.0,0.0,4.0,0.0,0.0
12185100,298.2452392578125,303.1499938964844,285.1499938964844,0.0,-0.0,285.0762023925781,0.0,0.0,2.5584162609629257e-13,298.20269775390625,303.1499938964844,285.1499938964844,0.0,-0.0,285.076171875,0.0,0.0,2.6941393994200924e-13,298.7458801269531,303.1499938964844,285.1499938964844,0.0,-0.0,285.07623291015625,0.0,0.0,1.989885984937309e-13,298.050537109375,303.1499938964844,285.1499938964844,0.0,-0.0,285.0758361816406,0.0,0.0,2.694135604712489e-13,298.28515625,303.1499938964844,285.1499938964844,0.0,-0.0,285.07501220703125,0.0,0.0,1.2779789162684074e-12,285.04901123046875,294.1499938964844,283.82623291015625,282.07537841796875,289.73309326171875,287.1226806640625,285.1535339355469,0.0,0.0,0.0,0.0,1.0,1.0,1.657214513187122e-12,1.4972815913361902e-18,-1.657216031070164e-12,1.812736809617133e-12,0.0,0.0,0.0,1.4551915228366852e-11,60.0,1.451901567861569e-07,-0.0,-5.066788513209878e-25,0.0,283.35400390625,284.5365905761719,288.9228210449219,289.824462890625,293.1499938964844,293.1499938964844,278.1499938964844,0.0,18000.0,313.1499938964844,0.0,18000.0,0.0,0.0,0.0,0.0,0.0,0.0,0.0,0.0,0.0,-0.0,-0.0,-0.0,-5.5419562194307814e-21,-2.7709781097153907e-21,-2.7709781097153907e-21,0.0,0.0,-0.0,0.0,0.0,0.0,-0.0,0.0,0.0,0.0,0.0,0.0,4.0,0.0,0.0
12185160,298.2441711425781,303.1499938964844,285.1499938964844,0.0,-0.0,285.0762023925781,0.0,0.0,0.0,298.2006530761719,303.1499938964844,285.1499938964844,0.0,-0.0,285.076171875,0.0,0.0,0.0,298.7443542480469,303.1499938964844,285.1499938964844,0.0,-0.0,285.07623291015625,0.0,0.0,0.0,298.0494689941406,303.1499938964844,285.1499938964844,0.0,-0.0,285.0758361816406,0.0,0.0,0.0,298.2845764160156,303.1499938964844,285.1499938964844,0.0,-0.0,285.07501220703125,0.0,0.0,0.0,285.04901123046875,294.1499938964844,283.8266296386719,282.0757751464844,289.73309326171875,287.1226806640625,285.1535339355469,0.0,0.0,0.0,0.0,1.0,1.0,-1.0539487034846862e-12,3.5386013191145795e-18,1.0539452340377342e-12,-8.42767316436982e-13,0.0,0.0,0.0,0.0,60.0,1.4002105785948518e-07,-0.0,-0.0,0.0,283.35400390625,284.5365905761719,288.9228210449219,289.824462890625,293.1499938964844,293.1499938964844,278.1499938964844,0.0,18000.0,313.1499938964844,0.0,18000.0,0.0,0.0,0.0,0.0,0.0,0.0,0.0,0.0,0.0,-0.0,-0.0,-0.0,-5.5419562194307814e-21,-2.7709781097153907e-21,-2.7709781097153907e-21,0.0,0.0,-0.0,0.0,0.0,0.0,-0.0,0.0,0.0,0.0,0.0,0.0,4.0,0.0,0.0
12185220,298.24200439453125,303.1499938964844,285.1499938964844,0.0,-0.0,285.0762023925781,0.0,0.0,0.0,298.196533203125,303.1499938964844,285.1499938964844,0.0,-0.0,285.076171875,0.0,0.0,0.0,298.7413024902344,303.1499938964844,285.1499938964844,0.0,-0.0,285.07623291015625,0.0,0.0,0.0,298.0473022460937,303.1499938964844,285.1499938964844,0.0,-0.0,285.0758361816406,0.0,0.0,0.0,298.283447265625,303.1499938964844,285.1499938964844,0.0,-0.0,285.07501220703125,0.0,0.0,0.0,285.04901123046875,294.1499938964844,283.82550048828125,282.07470703125,289.73309326171875,287.1226806640625,285.153564453125,0.0,0.0,0.0,0.0,1.0,1.0,-3.709455052153254e-12,6.1983339907395294e-18,3.7094485469402194e-12,-5.179748123473882e-12,0.0,0.0,0.0,-1.4551915228366852e-11,60.0,1.3325796999197337e-07,-0.0,-0.0,0.0,283.35400390625,284.5365905761719,288.9228210449219,289.824462890625,293.1499938964844,293.1499938964844,278.1499938964844,0.0,18000.0,313.1499938964844,0.0,18000.0,0.0,0.0,0.0,0.0,0.0,0.0,0.0,0.0,0.0,-0.0,-0.0,-0.0,-5.5419562194307814e-21,-2.7709781097153907e-21,-2.7709781097153907e-21,0.0,0.0,-0.0,0.0,0.0,0.0,-0.0,0.0,0.0,0.0,0.0,0.0,4.0,0.0,0.0
12185280,298.24200439453125,303.1499938964844,285.1499938964844,0.0,-0.0,285.0762023925781,0.0,0.0,0.0,298.196533203125,303.1499938964844,285.1499938964844,0.0,-0.0,285.076171875,0.0,0.0,0.0,298.7413024902344,303.1499938964844,285.1499938964844,0.0,-0.0,285.07623291015625,0.0,0.0,0.0,298.0473022460937,303.1499938964844,285.1499938964844,0.0,-0.0,285.0758361816406,0.0,0.0,0.0,298.283447265625,303.1499938964844,285.1499938964844,0.0,-0.0,285.07501220703125,0.0,0.0,0.0,285.04901123046875,294.1499938964844,283.82550048828125,282.07470703125,289.73309326171875,287.1226806640625,285.153564453125,0.0,0.0,0.0,0.0,1.0,1.0,-3.709455052153254e-12,6.1983339907395294e-18,3.7094485469402194e-12,-5.179748123473882e-12,0.0,0.0,0.0,-1.4551915228366852e-11,60.0,1.3325796999197337e-07,-0.0,-0.0,0.0,283.35400390625,284.5365905761719,288.9228210449219,289.824462890625,293.1499938964844,293.1499938964844,278.1499938964844,0.0,18000.0,313.1499938964844,0.0,18000.0,0.0,0.0,0.0,0.0,0.0,0.0,0.0,0.0,0.0,-0.0,-0.0,-0.0,-5.5419562194307814e-21,-2.7709781097153907e-21,-2.7709781097153907e-21,0.0,0.0,-0.0,0.0,0.0,0.0,-0.0,0.0,0.0,0.0,0.0,0.0,4.0,0.0,0.0
12185340,298.2398376464844,303.1499938964844,285.1499938964844,0.0,-0.0,285.0762023925781,0.0,0.0,-2.5584162609629257e-13,298.1924743652344,303.1499938964844,285.1499938964844,0.0,-0.0,285.076171875,0.0,0.0,-2.6941393994200924e-13,298.7382202148437,303.1499938964844,285.1499938964844,0.0,-0.0,285.07623291015625,0.0,0.0,-1.989885984937309e-13,298.04510498046875,303.1499938964844,285.1499938964844,0.0,-0.0,285.0758361816406,0.0,0.0,-2.694135604712489e-13,298.2823181152344,303.1499938964844,285.1499938964844,0.0,-0.0,285.07501220703125,0.0,0.0,-1.2779789162684074e-12,285.04901123046875,294.1499938964844,283.82159423828125,282.071044921875,289.73309326171875,287.1226806640625,285.153564453125,0.0,0.0,0.0,0.0,1.0,1.0,-1.109606005168795e-12,2.920188271870441e-18,1.1096030778229293e-12,8.387093103356946e-13,0.0,0.0,0.0,0.0,60.0,1.2235048529873893e-07,-0.0,-5.066788513209878e-25,0.0,283.35400390625,284.5365905761719,288.9228210449219,289.824462890625,293.1499938964844,293.1499938964844,278.1499938964844,0.0,18000.0,313.1499938964844,0.0,18000.0,0.0,0.0,0.0,0.0,0.0,0.0,0.0,0.0,0.0,-0.0,-0.0,-0.0,-5.5419562194307814e-21,-2.7709781097153907e-21,-2.7709781097153907e-21,0.0,0.0,-0.0,0.0,0.0,0.0,-0.0,0.0,0.0,0.0,0.0,0.0,4.0,0.0,0.0
12185400,298.2398376464844,303.1499938964844,285.1499938964844,0.0,-0.0,285.0762023925781,0.0,0.0,-2.5584162609629257e-13,298.1924743652344,303.1499938964844,285.1499938964844,0.0,-0.0,285.076171875,0.0,0.0,-2.6941393994200924e-13,298.7382202148437,303.1499938964844,285.1499938964844,0.0,-0.0,285.07623291015625,0.0,0.0,-1.989885984937309e-13,298.04510498046875,303.1499938964844,285.1499938964844,0.0,-0.0,285.0758361816406,0.0,0.0,-2.694135604712489e-13,298.2823181152344,303.1499938964844,285.1499938964844,0.0,-0.0,285.07501220703125,0.0,0.0,-1.2779789162684074e-12,285.04901123046875,294.1499938964844,283.82159423828125,282.071044921875,289.73309326171875,287.1226806640625,285.153564453125,0.0,0.0,0.0,0.0,1.0,1.0,-1.109606005168795e-12,2.920188271870441e-18,1.1096030778229293e-12,8.387093103356946e-13,0.0,0.0,0.0,0.0,60.0,1.2235048529873893e-07,-0.0,-5.066788513209878e-25,0.0,283.35400390625,284.5365905761719,288.9228210449219,289.824462890625,293.1499938964844,293.1499938964844,278.1499938964844,0.0,18000.0,313.1499938964844,0.0,18000.0,0.0,0.0,0.0,0.0,0.0,0.0,0.0,0.0,0.0,-0.0,-0.0,-0.0,-5.5419562194307814e-21,-2.7709781097153907e-21,-2.7709781097153907e-21,0.0,0.0,-0.0,0.0,0.0,0.0,-0.0,0.0,0.0,0.0,0.0,0.0,4.0,0.0,0.0
12185460,298.2376403808594,303.1499938964844,285.1499938964844,0.0,-0.0,285.0762023925781,0.0,0.0,2.5584162609629257e-13,298.1884155273437,303.1499938964844,285.1499938964844,0.0,-0.0,285.076171875,0.0,0.0,2.6941393994200924e-13,298.73516845703125,303.1499938964844,285.1499938964844,0.0,-0.0,285.07623291015625,0.0,0.0,1.989885984937309e-13,298.0429382324219,303.1499938964844,285.1499938964844,0.0,-0.0,285.0758361816406,0.0,0.0,2.694135604712489e-13,298.2811584472656,303.1499938964844,285.1499938964844,0.0,-0.0,285.07501220703125,0.0,0.0,1.2779789162684074e-12,285.04901123046875,294.1499938964844,283.8146057128906,282.0644836425781,289.73309326171875,287.1226806640625,285.153564453125,0.0,0.0,0.0,0.0,1.0,1.0,1.657214513187122e-12,1.4972816947337674e-18,-1.657216031070164e-12,1.812736809617133e-12,0.0,0.0,0.0,1.4551915228366852e-11,60.0,1.1287760770528621e-07,-0.0,-5.066788513209878e-25,0.0,283.35400390625,284.5365905761719,288.9228210449219,289.824462890625,293.1499938964844,293.1499938964844,278.1499938964844,0.0,18000.0,313.1499938964844,0.0,18000.0,0.0,0.0,0.0,0.0,0.0,0.0,0.0,0.0,0.0,-0.0,-0.0,-0.0,-5.5419562194307814e-21,-2.7709781097153907e-21,-2.7709781097153907e-21,0.0,0.0,-0.0,0.0,0.0,0.0,-0.0,0.0,0.0,0.0,0.0,0.0,4.0,0.0,0.0
12185520,298.2376403808594,303.1499938964844,285.1499938964844,0.0,-0.0,285.0762023925781,0.0,0.0,2.5584162609629257e-13,298.1884155273437,303.1499938964844,285.1499938964844,0.0,-0.0,285.076171875,0.0,0.0,2.6941393994200924e-13,298.73516845703125,303.1499938964844,285.1499938964844,0.0,-0.0,285.07623291015625,0.0,0.0,1.989885984937309e-13,298.0429382324219,303.1499938964844,285.1499938964844,0.0,-0.0,285.0758361816406,0.0,0.0,2.694135604712489e-13,298.2811584472656,303.1499938964844,285.1499938964844,0.0,-0.0,285.07501220703125,0.0,0.0,1.2779789162684074e-12,285.04901123046875,294.1499938964844,283.8146057128906,282.0644836425781,289.73309326171875,287.1226806640625,285.153564453125,0.0,0.0,0.0,0.0,1.0,1.0,1.657214513187122e-12,1.4972816947337674e-18,-1.657216031070164e-12,1.812736809617133e-12,0.0,0.0,0.0,1.4551915228366852e-11,60.0,1.1287760770528621e-07,-0.0,-5.066788513209878e-25,0.0,283.35400390625,284.5365905761719,288.9228210449219,289.824462890625,293.1499938964844,293.1499938964844,278.1499938964844,0.0,18000.0,313.1499938964844,0.0,18000.0,0.0,0.0,0.0,0.0,0.0,0.0,0.0,0.0,0.0,-0.0,-0.0,-0.0,-5.5419562194307814e-21,-2.7709781097153907e-21,-2.7709781097153907e-21,0.0,0.0,-0.0,0.0,0.0,0.0,-0.0,0.0,0.0,0.0,0.0,0.0,4.0,0.0,0.0
12185580,298.2354736328125,303.1499938964844,285.1499938964844,0.0,-0.0,285.0762023925781,0.0,0.0,0.0,298.1843566894531,303.1499938964844,285.1499938964844,0.0,-0.0,285.076171875,0.0,0.0,0.0,298.7320556640625,303.1499938964844,285.1499938964844,0.0,-0.0,285.07623291015625,0.0,0.0,0.0,298.04071044921875,303.1499938964844,285.1499938964844,0.0,-0.0,285.0758361816406,0.0,0.0,0.0,298.280029296875,303.1499938964844,285.1499938964844,0.0,-0.0,285.07501220703125,0.0,0.0,0.0,285.04901123046875,294.1499938964844,283.8042297363281,282.05474853515625,289.73309326171875,287.1226806640625,285.1535949707031,0.0,0.0,0.0,0.0,1.0,1.0,-1.0539487034846862e-12,3.5386013191145795e-18,1.0539452340377342e-12,-8.42767316436982e-13,0.0,0.0,0.0,0.0,60.0,1.0477100431671717e-07,-0.0,-0.0,0.0,283.35400390625,284.5365905761719,288.9228210449219,289.824462890625,293.1499938964844,293.1499938964844,278.1499938964844,0.0,18000.0,313.1499938964844,0.0,18000.0,0.0,0.0,0.0,0.0,0.0,0.0,0.0,0.0,0.0,-0.0,-0.0,-0.0,-5.5419562194307814e-21,-2.7709781097153907e-21,-2.7709781097153907e-21,0.0,0.0,-0.0,0.0,0.0,0.0,-0.0,0.0,0.0,0.0,0.0,0.0,4.0,0.0,0.0
12185640,298.2354736328125,303.1499938964844,285.1499938964844,0.0,-0.0,285.0762023925781,0.0,0.0,0.0,298.1843566894531,303.1499938964844,285.1499938964844,0.0,-0.0,285.076171875,0.0,0.0,0.0,298.7320556640625,303.1499938964844,285.1499938964844,0.0,-0.0,285.07623291015625,0.0,0.0,0.0,298.04071044921875,303.1499938964844,285.1499938964844,0.0,-0.0,285.0758361816406,0.0,0.0,0.0,298.280029296875,303.1499938964844,285.1499938964844,0.0,-0.0,285.07501220703125,0.0,0.0,0.0,285.04901123046875,294.1499938964844,283.8042297363281,282.05474853515625,289.73309326171875,287.1226806640625,285.1535949707031,0.0,0.0,0.0,0.0,1.0,1.0,-1.0539487034846862e-12,3.5386013191145795e-18,1.0539452340377342e-12,-8.42767316436982e-13,0.0,0.0,0.0,0.0,60.0,1.0477100431671717e-07,-0.0,-0.0,0.0,283.35400390625,284.5365905761719,288.9228210449219,289.824462890625,293.1499938964844,293.1499938964844,278.1499938964844,0.0,18000.0,313.1499938964844,0.0,18000.0,0.0,0.0,0.0,0.0,0.0,0.0,0.0,0.0,0.0,-0.0,-0.0,-0.0,-5.5419562194307814e-21,-2.7709781097153907e-21,-2.7709781097153907e-21,0.0,0.0,-0.0,0.0,0.0,0.0,-0.0,0.0,0.0,0.0,0.0,0.0,4.0,0.0,0.0
12185700,298.2343444824219,303.1499938964844,285.1499938964844,0.0,-0.0,285.0762023925781,0.0,0.0,0.0,298.18231201171875,303.1499938964844,285.1499938964844,0.0,-0.0,285.076171875,0.0,0.0,0.0,298.73052978515625,303.1499938964844,285.1499938964844,0.0,-0.0,285.07623291015625,0.0,0.0,0.0,298.03961181640625,303.1499938964844,285.1499938964844,0.0,-0.0,285.0758361816406,0.0,0.0,0.0,298.2794494628906,303.1499938964844,285.1499938964844,0.0,-0.0,285.07501220703125,0.0,0.0,0.0,285.04901123046875,294.1499938964844,283.7976989746094,282.0486145019531,289.73309326171875,287.1226806640625,285.1535949707031,0.0,0.0,0.0,0.0,1.0,1.0,-1.0539487034846862e-12,3.5386013191145795e-18,1.0539452340377342e-12,-8.42767316436982e-13,0.0,0.0,0.0,0.0,60.0,1.0112758985769689e-07,-0.0,-0.0,0.0,283.35400390625,284.5365905761719,288.9228210449219,289.824462890625,293.1499938964844,293.1499938964844,278.1499938964844,0.0,18000.0,313.1499938964844,0.0,18000.0,0.0,0.0,0.0,0.0,0.0,0.0,0.0,0.0,0.0,-0.0,-0.0,-0.0,-5.5419562194307814e-21,-2.7709781097153907e-21,-2.7709781097153907e-21,0.0,0.0,-0.0,0.0,0.0,0.0,-0.0,0.0,0.0,0.0,0.0,0.0,4.0,0.0,0.0
12185760,298.2332458496094,303.1499938964844,285.1499938964844,0.0,-0.0,285.0762023925781,0.0,0.0,2.5584162609629257e-13,298.1802978515625,303.1499938964844,285.1499938964844,0.0,-0.0,285.076171875,0.0,0.0,2.6941393994200924e-13,298.7289733886719,303.1499938964844,285.1499938964844,0.0,-0.0,285.07623291015625,0.0,0.0,1.989885984937309e-13,298.0384826660156,303.1499938964844,285.1499938964844,0.0,-0.0,285.0758361816406,0.0,0.0,2.694135604712489e-13,298.2788391113281,303.1499938964844,285.1499938964844,0.0,-0.0,285.07501220703125,0.0,0.0,1.2779789162684074e-12,285.04901123046875,294.1499938964844,283.79022216796875,282.04156494140625,289.73309326171875,287.1226806640625,285.1535949707031,0.0,0.0,0.0,0.0,1.0,1.0,1.657214513187122e-12,1.4972815913361902e-18,-1.657216031070164e-12,1.812736809617133e-12,0.0,0.0,0.0,1.4551915228366852e-11,60.0,9.752971408261146e-08,-0.0,-5.066788513209878e-25,0.0,283.35400390625,284.5365905761719,288.9228210449219,289.824462890625,293.1499938964844,293.1499938964844,278.1499938964844,0.0,18000.0,313.1499938964844,0.0,18000.0,0.0,0.0,0.0,0.0,0.0,0.0,0.0,0.0,0.0,-0.0,-0.0,-0.0,-5.5419562194307814e-21,-2.7709781097153907e-21,-2.7709781097153907e-21,0.0,0.0,-0.0,0.0,0.0,0.0,-0.0,0.0,0.0,0.0,0.0,0.0,4.0,0.0,0.0
12185820,298.23101806640625,303.1499938964844,285.1499938964844,0.0,-0.0,285.0762023925781,0.0,0.0,0.0,298.1762390136719,303.1499938964844,285.1499938964844,0.0,-0.0,285.076171875,0.0,0.0,0.0,298.725830078125,303.1499938964844,285.1499938964844,0.0,-0.0,285.07623291015625,0.0,0.0,0.0,298.0362243652344,303.1499938964844,285.1499938964844,0.0,-0.0,285.0758361816406,0.0,0.0,0.0,298.2776794433594,303.1499938964844,285.1499938964844,0.0,-0.0,285.07501220703125,0.0,0.0,0.0,285.04901123046875,294.1499938964844,283.772216796875,282.0246887207031,289.73309326171875,287.1226806640625,285.1535949707031,0.0,0.0,0.0,0.0,1.0,1.0,-1.0539487034846862e-12,3.5386013191145795e-18,1.0539452340377342e-12,-8.42767316436982e-13,0.0,0.0,0.0,0.0,60.0,9.090324937233164e-08,-0.0,-0.0,0.0,283.35400390625,284.5365905761719,288.9228210449219,289.824462890625,293.1499938964844,293.1499938964844,278.1499938964844,0.0,18000.0,313.1499938964844,0.0,18000.0,0.0,0.0,0.0,0.0,0.0,0.0,0.0,0.0,0.0,-0.0,-0.0,-0.0,-5.5419562194307814e-21,-2.7709781097153907e-21,-2.7709781097153907e-21,0.0,0.0,-0.0,0.0,0.0,0.0,-0.0,0.0,0.0,0.0,0.0,0.0,4.0,0.0,0.0
12185880,298.23101806640625,303.1499938964844,285.1499938964844,0.0,-0.0,285.0762023925781,0.0,0.0,0.0,298.1762390136719,303.1499938964844,285.1499938964844,0.0,-0.0,285.076171875,0.0,0.0,0.0,298.725830078125,303.1499938964844,285.1499938964844,0.0,-0.0,285.07623291015625,0.0,0.0,0.0,298.0362243652344,303.1499938964844,285.1499938964844,0.0,-0.0,285.0758361816406,0.0,0.0,0.0,298.2776794433594,303.1499938964844,285.1499938964844,0.0,-0.0,285.07501220703125,0.0,0.0,0.0,285.04901123046875,294.1499938964844,283.772216796875,282.0246887207031,289.73309326171875,287.1226806640625,285.1535949707031,0.0,0.0,0.0,0.0,1.0,1.0,-1.0539487034846862e-12,3.5386013191145795e-18,1.0539452340377342e-12,-8.42767316436982e-13,0.0,0.0,0.0,0.0,60.0,9.090324937233164e-08,-0.0,-0.0,0.0,283.35400390625,284.5365905761719,288.9228210449219,289.824462890625,293.1499938964844,293.1499938964844,278.1499938964844,0.0,18000.0,313.1499938964844,0.0,18000.0,0.0,0.0,0.0,0.0,0.0,0.0,0.0,0.0,0.0,-0.0,-0.0,-0.0,-5.5419562194307814e-21,-2.7709781097153907e-21,-2.7709781097153907e-21,0.0,0.0,-0.0,0.0,0.0,0.0,-0.0,0.0,0.0,0.0,0.0,0.0,4.0,0.0,0.0
12185940,298.2287292480469,303.1499938964844,285.1499938964844,0.0,-0.0,285.0762023925781,0.0,0.0,1.3370282658797803e-09,298.17218017578125,303.1499938964844,285.1499938964844,0.0,-0.0,285.076171875,0.0,0.0,1.4079571952763104e-09,298.72271728515625,303.1499938964844,285.1499938964844,0.0,-0.0,285.07623291015625,0.0,0.0,1.0399143768324848e-09,298.033935546875,303.1499938964844,285.1499938964844,0.0,-0.0,285.0758361816406,0.0,0.0,1.4079553078971683e-09,298.2764892578125,303.1499938964844,285.1499938964844,0.0,-0.0,285.07501220703125,0.0,0.0,6.678718023067631e-09,285.04901123046875,294.1499938964844,283.75,282.0038146972656,289.73309326171875,287.1226806640625,285.1535949707031,0.0,0.0,0.0,0.0,1.0,1.0,-1.4254825764226098e-08,1.7862283307741415e-14,1.4254808000657704e-08,-3.2613478140319785e-08,0.0,0.0,0.0,-8.02974682301283e-08,60.0,-8.411715498368721e-06,-0.0,-1.3837944172069004e-17,0.0,283.35400390625,284.5365905761719,288.9228210449219,289.824462890625,293.1499938964844,293.1499938964844,278.1499938964844,0.0,18000.0,313.1499938964844,0.0,18000.0,0.0,0.0,0.0,0.0,0.0,0.0,0.0,0.0,0.0,-0.0,-0.0,-0.0,-5.5419562194307814e-21,-2.7709781097153907e-21,-2.7709781097153907e-21,0.0,0.0,-0.0,0.0,0.0,0.0,-0.0,0.0,0.0,0.0,0.0,0.0,4.0,0.0,0.0
12186000,298.2287292480469,303.1499938964844,285.1499938964844,0.0,-0.0,285.0762023925781,0.0,0.0,1.3370282658797803e-09,298.17218017578125,303.1499938964844,285.1499938964844,0.0,-0.0,285.076171875,0.0,0.0,1.4079571952763104e-09,298.72271728515625,303.1499938964844,285.1499938964844,0.0,-0.0,285.07623291015625,0.0,0.0,1.0399143768324848e-09,298.033935546875,303.1499938964844,285.1499938964844,0.0,-0.0,285.0758361816406,0.0,0.0,1.4079553078971683e-09,298.2764892578125,303.1499938964844,285.1499938964844,0.0,-0.0,285.07501220703125,0.0,0.0,6.678718023067631e-09,285.04901123046875,294.1499938964844,283.75,282.0038146972656,289.73309326171875,287.1226806640625,285.1535949707031,0.0,0.0,0.0,0.0,1.0,1.0,-1.4254825764226098e-08,1.7862283307741415e-14,1.4254808000657704e-08,-3.2613478140319785e-08,0.0,0.0,0.0,-8.02974682301283e-08,60.0,-8.411715498368721e-06,-0.0,-1.3837944172069004e-17,0.0,283.35400390625,284.5365905761719,288.9228210449219,289.824462890625,293.1499938964844,293.1499938964844,278.1499938964844,0.0,18000.0,313.1499938964844,0.0,18000.0,0.0,0.0,0.0,0.0,0.0,0.0,0.0,0.0,0.0,-0.0,-0.0,-0.0,-5.5419562194307814e-21,-2.7709781097153907e-21,-2.7709781097153907e-21,0.0,0.0,-0.0,0.0,0.0,0.0,-0.0,0.0,0.0,0.0,0.0,0.0,4.0,0.0,0.0
12186060,298.2264404296875,303.1499938964844,285.1499938964844,0.0,-0.0,285.0762023925781,0.0,0.0,7.977397409320021e-09,298.1680908203125,303.1499938964844,285.1499938964844,0.0,-0.0,285.076171875,0.0,0.0,8.400595774560315e-09,298.71954345703125,303.1499938964844,285.1499938964844,0.0,-0.0,285.0762023925781,0.0,0.0,6.204663449693726e-09,298.0316162109375,303.1499938964844,285.1499938964844,0.0,-0.0,285.0758056640625,0.0,0.0,8.400584228240861e-09,298.2752990722656,303.1499938964844,285.1499938964844,0.0,-0.0,285.07501220703125,0.0,0.0,3.9848661259611624e-08,285.0489807128906,294.1499938964844,283.7240295410156,281.9794311523437,289.73309326171875,287.1226806640625,285.1535949707031,0.0,0.0,0.0,0.0,1.0,1.0,-8.499734605038611e-08,1.0631381571531845e-13,8.499723946897576e-08,-1.944962377820048e-07,0.0,0.0,0.0,-4.787580110132694e-07,60.0,-1.349444210063666e-05,-0.0,-4.926209154750634e-16,0.0,283.35400390625,284.5365905761719,288.9228210449219,289.824462890625,293.1499938964844,293.1499938964844,278.1499938964844,0.0,18000.0,313.1499938964844,0.0,18000.0,0.0,0.0,0.0,0.0,0.0,0.0,0.0,0.0,0.0,-0.0,-0.0,-0.0,-5.5419562194307814e-21,-2.7709781097153907e-21,-2.7709781097153907e-21,0.0,0.0,-0.0,0.0,0.0,0.0,-0.0,0.0,0.0,0.0,0.0,0.0,4.0,0.0,0.0
12186120,298.2264404296875,303.1499938964844,285.1499938964844,0.0,-0.0,285.0762023925781,0.0,0.0,7.977397409320021e-09,298.1680908203125,303.1499938964844,285.1499938964844,0.0,-0.0,285.076171875,0.0,0.0,8.400595774560315e-09,298.71954345703125,303.1499938964844,285.1499938964844,0.0,-0.0,285.0762023925781,0.0,0.0,6.204663449693726e-09,298.0316162109375,303.1499938964844,285.1499938964844,0.0,-0.0,285.0758056640625,0.0,0.0,8.400584228240861e-09,298.2752990722656,303.1499938964844,285.1499938964844,0.0,-0.0,285.07501220703125,0.0,0.0,3.9848661259611624e-08,285.0489807128906,294.1499938964844,283.7240295410156,281.9794311523437,289.73309326171875,287.1226806640625,285.1535949707031,0.0,0.0,0.0,0.0,1.0,1.0,-8.499734605038611e-08,1.0631381571531845e-13,8.499723946897576e-08,-1.944962377820048e-07,0.0,0.0,0.0,-4.787580110132694e-07,60.0,-1.349444210063666e-05,-0.0,-4.926209154750634e-16,0.0,283.35400390625,284.5365905761719,288.9228210449219,289.824462890625,293.1499938964844,293.1499938964844,278.1499938964844,0.0,18000.0,313.1499938964844,0.0,18000.0,0.0,0.0,0.0,0.0,0.0,0.0,0.0,0.0,0.0,-0.0,-0.0,-0.0,-5.5419562194307814e-21,-2.7709781097153907e-21,-2.7709781097153907e-21,0.0,0.0,-0.0,0.0,0.0,0.0,-0.0,0.0,0.0,0.0,0.0,0.0,4.0,0.0,0.0
12186180,298.22412109375,303.1499938964844,285.1499938964844,0.0,-0.0,285.0761413574219,0.0,0.0,1.3276772392600833e-07,298.1639709472656,303.1499938964844,285.1499938964844,0.0,-0.0,285.0761108398437,0.0,0.0,1.3981100721593978e-07,298.7163391113281,303.1499938964844,285.1499938964844,0.0,-0.0,285.0761413574219,0.0,0.0,1.0326413502070865e-07,298.0292358398437,303.1499938964844,285.1499938964844,0.0,-0.0,285.07574462890625,0.0,0.0,1.3981082247482848e-07,298.2740478515625,303.1499938964844,285.1499938964844,0.0,-0.0,285.074951171875,0.0,0.0,6.63200808048714e-07,285.04888916015625,294.1499938964844,283.6951599121094,281.9523010253906,289.7331237792969,287.1226501464844,285.15362548828125,0.0,0.0,0.0,0.0,1.0,1.0,-1.4146227158562397e-06,1.7693882383568173e-12,1.4146210105536738e-06,-3.237039663872565e-06,0.0,0.0,0.0,-7.968177669681609e-06,60.0,-0.0005749846459366,-0.0,-1.3645059745732296e-13,0.0,283.35400390625,284.5365905761719,288.9228210449219,289.824462890625,293.1499938964844,293.1499938964844,278.1499938964844,0.0,18000.0,313.1499938964844,0.0,18000.0,0.0,0.0,0.0,0.0,0.0,0.0,0.0,0.0,0.0,-0.0,-0.0,-0.0,-5.5419562194307814e-21,-2.7709781097153907e-21,-2.7709781097153907e-21,0.0,0.0,-0.0,0.0,0.0,0.0,-0.0,0.0,0.0,0.0,0.0,0.0,4.0,0.0,0.0
12186240,298.22412109375,303.1499938964844,285.1499938964844,0.0,-0.0,285.0761413574219,0.0,0.0,1.3276772392600833e-07,298.1639709472656,303.1499938964844,285.1499938964844,0.0,-0.0,285.0761108398437,0.0,0.0,1.3981100721593978e-07,298.7163391113281,303.1499938964844,285.1499938964844,0.0,-0.0,285.0761413574219,0.0,0.0,1.0326413502070865e-07,298.0292358398437,303.1499938964844,285.1499938964844,0.0,-0.0,285.07574462890625,0.0,0.0,1.3981082247482848e-07,298.2740478515625,303.1499938964844,285.1499938964844,0.0,-0.0,285.074951171875,0.0,0.0,6.63200808048714e-07,285.04888916015625,294.1499938964844,283.6951599121094,281.9523010253906,289.7331237792969,287.1226501464844,285.15362548828125,0.0,0.0,0.0,0.0,1.0,1.0,-1.4146227158562397e-06,1.7693882383568173e-12,1.4146210105536738e-06,-3.237039663872565e-06,0.0,0.0,0.0,-7.968177669681609e-06,60.0,-0.0005749846459366,-0.0,-1.3645059745732296e-13,0.0,283.35400390625,284.5365905761719,288.9228210449219,289.824462890625,293.1499938964844,293.1499938964844,278.1499938964844,0.0,18000.0,313.1499938964844,0.0,18000.0,0.0,0.0,0.0,0.0,0.0,0.0,0.0,0.0,0.0,-0.0,-0.0,-0.0,-5.5419562194307814e-21,-2.7709781097153907e-21,-2.7709781097153907e-21,0.0,0.0,-0.0,0.0,0.0,0.0,-0.0,0.0,0.0,0.0,0.0,0.0,4.0,0.0,0.0
12186300,298.2229309082031,303.1499938964844,285.1499938964844,0.0,-0.0,285.0761413574219,0.0,0.0,2.832560710430698e-07,298.1618957519531,303.1499938964844,285.1499938964844,0.0,-0.0,285.0761108398437,0.0,0.0,2.982827140840527e-07,298.7146911621094,303.1499938964844,285.1499938964844,0.0,-0.0,285.0761413574219,0.0,0.0,2.203110227583239e-07,298.0279846191406,303.1499938964844,285.1499938964844,0.0,-0.0,285.07574462890625,0.0,0.0,2.982822877584113e-07,298.2734375,303.1499938964844,285.1499938964844,0.0,-0.0,285.074951171875,0.0,0.0,1.4149195521895308e-06,285.04888916015625,294.1499938964844,283.6797180175781,281.93780517578125,289.7331237792969,287.1226501464844,285.15362548828125,0.0,0.0,0.0,0.0,1.0,1.0,-3.018091774720233e-06,3.7749013984122995e-12,3.0180879093677504e-06,-6.906186627020361e-06,0.0,0.0,0.0,-1.700005668681115e-05,60.0,-0.001759203034453,-0.0,-6.210818534815865e-13,0.0,283.35400390625,284.5365905761719,288.9228210449219,289.824462890625,293.1499938964844,293.1499938964844,278.1499938964844,0.0,18000.0,313.1499938964844,0.0,18000.0,0.0,0.0,0.0,0.0,0.0,0.0,0.0,0.0,0.0,-0.0,-0.0,-0.0,-5.5419562194307814e-21,-2.7709781097153907e-21,-2.7709781097153907e-21,0.0,0.0,-0.0,0.0,0.0,0.0,-0.0,0.0,0.0,0.0,0.0,0.0,4.0,0.0,0.0
12186360,298.2217102050781,303.1499938964844,285.1499938964844,0.0,-0.0,285.0761413574219,0.0,0.0,5.534457727662812e-07,298.1597900390625,303.1499938964844,285.1499938964844,0.0,-0.0,285.0761108398437,0.0,0.0,5.828059101986582e-07,298.71307373046875,303.1499938964844,285.1499938964844,0.0,-0.0,285.0761413574219,0.0,0.0,4.304592948756181e-07,298.0267333984375,303.1499938964844,285.1499938964844,0.0,-0.0,285.0757751464844,0.0,0.0,5.828051143907942e-07,298.2727966308594,303.1499938964844,285.1499938964844,0.0,-0.0,285.074951171875,0.0,0.0,2.764570126601029e-06,285.0489196777344,294.1499938964844,283.6636047363281,281.92266845703125,289.7331237792969,287.1226501464844,285.15362548828125,0.0,0.0,0.0,0.0,1.0,1.0,-5.896979473618558e-06,7.375685132093857e-12,5.896971742913593e-06,-1.349382546322886e-05,0.0,0.0,0.0,-3.321601252537221e-05,60.0,-0.0038224733434617,-0.0,-2.371049320423757e-12,0.0,283.35400390625,284.5365905761719,288.9228210449219,289.824462890625,293.1499938964844,293.1499938964844,278.1499938964844,0.0,18000.0,313.1499938964844,0.0,18000.0,0.0,0.0,0.0,0.0,0.0,0.0,0.0,0.0,0.0,-0.0,-0.0,-0.0,-5.5419562194307814e-21,-2.7709781097153907e-21,-2.7709781097153907e-21,0.0,0.0,-0.0,0.0,0.0,0.0,-0.0,0.0,0.0,0.0,0.0,0.0,4.0,0.0,0.0
12186420,298.21923828125,303.1499938964844,285.1499938964844,0.0,-0.0,285.076171875,0.0,0.0,1.578951128067274e-06,298.1554870605469,303.1499938964844,285.1499938964844,0.0,-0.0,285.0761413574219,0.0,0.0,1.662713884797995e-06,298.709716796875,303.1499938964844,285.1499938964844,0.0,-0.0,285.076171875,0.0,0.0,1.2280772807571338e-06,298.02410888671875,303.1499938964844,285.1499938964844,0.0,-0.0,285.0758056640625,0.0,0.0,1.6627116110612403e-06,298.2715148925781,303.1499938964844,285.1499938964844,0.0,-0.0,285.0749816894531,0.0,0.0,7.887169886089396e-06,285.0489501953125,294.1499938964844,283.6295471191406,281.89068603515625,289.7330627441406,287.1227111816406,285.15362548828125,0.0,0.0,0.0,0.0,1.0,1.0,-1.6823836631374434e-05,2.10424681151844e-11,1.6823816622490995e-05,-3.849728091154248e-05,0.0,0.0,0.0,-9.476390550844373e-05,60.0,-0.012109057046473,-0.0,-1.929868591321604e-11,0.0,283.35400390625,284.5365905761719,288.9228210449219,289.824462890625,293.1499938964844,293.1499938964844,278.1499938964844,0.0,18000.0,313.1499938964844,0.0,18000.0,0.0,0.0,0.0,0.0,0.0,0.0,0.0,0.0,0.0,-0.0,-0.0,-0.0,-5.5419562194307814e-21,-2.7709781097153907e-21,-2.7709781097153907e-21,0.0,0.0,-0.0,0.0,0.0,0.0,-0.0,0.0,0.0,0.0,0.0,0.0,4.0,0.0,0.0
12186480,298.21923828125,303.1499938964844,285.1499938964844,0.0,-0.0,285.076171875,0.0,0.0,1.578951128067274e-06,298.1554870605469,303.1499938964844,285.1499938964844,0.0,-0.0,285.0761413574219,0.0,0.0,1.662713884797995e-06,298.709716796875,303.1499938964844,285.1499938964844,0.0,-0.0,285.076171875,0.0,0.0,1.2280772807571338e-06,298.02410888671875,303.1499938964844,285.1499938964844,0.0,-0.0,285.0758056640625,0.0,0.0,1.6627116110612403e-06,298.2715148925781,303.1499938964844,285.1499938964844,0.0,-0.0,285.0749816894531,0.0,0.0,7.887169886089396e-06,285.0489501953125,294.1499938964844,283.6295471191406,281.89068603515625,289.7330627441406,287.1227111816406,285.15362548828125,0.0,0.0,0.0,0.0,1.0,1.0,-1.6823836631374434e-05,2.10424681151844e-11,1.6823816622490995e-05,-3.849728091154248e-05,0.0,0.0,0.0,-9.476390550844373e-05,60.0,-0.012109057046473,-0.0,-1.929868591321604e-11,0.0,283.35400390625,284.5365905761719,288.9228210449219,289.824462890625,293.1499938964844,293.1499938964844,278.1499938964844,0.0,18000.0,313.1499938964844,0.0,18000.0,0.0,0.0,0.0,0.0,0.0,0.0,0.0,0.0,0.0,-0.0,-0.0,-0.0,-5.5419562194307814e-21,-2.7709781097153907e-21,-2.7709781097153907e-21,0.0,0.0,-0.0,0.0,0.0,0.0,-0.0,0.0,0.0,0.0,0.0,0.0,4.0,0.0,0.0
12186540,298.2166442871094,303.1499938964844,285.1499938964844,0.0,-0.0,285.0762939453125,0.0,0.0,3.36684911417251e-06,298.15106201171875,303.1499938964844,285.1499938964844,0.0,-0.0,285.0762634277344,0.0,0.0,3.5454593216854846e-06,298.706298828125,303.1499938964844,285.1499938964844,0.0,-0.0,285.0763244628906,0.0,0.0,2.6186692139162915e-06,298.02130126953125,303.1499938964844,285.1499938964844,0.0,-0.0,285.075927734375,0.0,0.0,3.5454545468383003e-06,298.2701721191406,303.1499938964844,285.1499938964844,0.0,-0.0,285.0751342773437,0.0,0.0,1.6818070434965193e-05,285.0491638183594,294.1499938964844,283.5932006835937,281.8565673828125,289.7328186035156,287.1229248046875,285.15362548828125,0.0,0.0,0.0,0.0,1.0,1.0,-3.5874192690243945e-05,4.4869788440315965e-11,3.587414903449826e-05,-8.20892964839004e-05,0.0,0.0,0.0,-0.0002020691754296,60.0,-0.0283167585730552,-0.0,-8.774809351352886e-11,0.0,283.35400390625,284.5365905761719,288.9228210449219,289.824462890625,293.1499938964844,293.1499938964844,278.1499938964844,0.0,18000.0,313.1499938964844,0.0,18000.0,0.0,0.0,0.0,0.0,0.0,0.0,0.0,0.0,0.0,-0.0,-0.0,-0.0,-5.5419562194307814e-21,-2.7709781097153907e-21,-2.7709781097153907e-21,0.0,0.0,-0.0,0.0,0.0,0.0,-0.0,0.0,0.0,0.0,0.0,0.0,4.0,0.0,0.0
12186600,298.2166442871094,303.1499938964844,285.1499938964844,0.0,-0.0,285.0762939453125,0.0,0.0,3.36684911417251e-06,298.15106201171875,303.1499938964844,285.1499938964844,0.0,-0.0,285.0762634277344,0.0,0.0,3.5454593216854846e-06,298.706298828125,303.1499938964844,285.1499938964844,0.0,-0.0,285.0763244628906,0.0,0.0,2.6186692139162915e-06,298.02130126953125,303.1499938964844,285.1499938964844,0.0,-0.0,285.075927734375,0.0,0.0,3.5454545468383003e-06,298.2701721191406,303.1499938964844,285.1499938964844,0.0,-0.0,285.0751342773437,0.0,0.0,1.6818070434965193e-05,285.0491638183594,294.1499938964844,283.5932006835937,281.8565673828125,289.7328186035156,287.1229248046875,285.15362548828125,0.0,0.0,0.0,0.0,1.0,1.0,-3.5874192690243945e-05,4.4869788440315965e-11,3.587414903449826e-05,-8.20892964839004e-05,0.0,0.0,0.0,-0.0002020691754296,60.0,-0.0283167585730552,-0.0,-8.774809351352886e-11,0.0,283.35400390625,284.5365905761719,288.9228210449219,289.824462890625,293.1499938964844,293.1499938964844,278.1499938964844,0.0,18000.0,313.1499938964844,0.0,18000.0,0.0,0.0,0.0,0.0,0.0,0.0,0.0,0.0,0.0,-0.0,-0.0,-0.0,-5.5419562194307814e-21,-2.7709781097153907e-21,-2.7709781097153907e-21,0.0,0.0,-0.0,0.0,0.0,0.0,-0.0,0.0,0.0,0.0,0.0,0.0,4.0,0.0,0.0
12186660,298.2136535644531,303.1499938964844,285.1499938964844,0.0,-0.0,285.0765991210937,0.0,0.0,5.536922344617778e-06,298.1465759277344,303.1499938964844,285.1499938964844,0.0,-0.0,285.0765686035156,0.0,0.0,5.830654117744416e-06,298.7027893066406,303.1499938964844,285.1499938964844,0.0,-0.0,285.0766296386719,0.0,0.0,4.306509708840167e-06,298.0182800292969,303.1499938964844,285.1499938964844,0.0,-0.0,285.07623291015625,0.0,0.0,5.8306459322921e-06,298.268798828125,303.1499938964844,285.1499938964844,0.0,-0.0,285.075439453125,0.0,0.0,2.7658010367304087e-05,285.0496520996094,294.1499938964844,283.5548095703125,281.82049560546875,289.73223876953125,287.1234130859375,285.15362548828125,0.0,0.0,0.0,0.0,1.0,1.0,-5.899686584598385e-05,7.379048760913776e-11,5.8996793086407706e-05,-0.0001349996891804,0.0,0.0,0.0,-0.0003323126002214,60.0,-0.0511947907507419,-0.0,-2.3731611120680896e-10,0.0,283.35400390625,284.5365905761719,288.9228210449219,289.824462890625,293.1499938964844,293.1499938964844,278.1499938964844,0.0,18000.0,313.1499938964844,0.0,18000.0,0.0,0.0,0.0,0.0,0.0,0.0,0.0,0.0,0.0,-0.0,-0.0,-0.0,-5.5419562194307814e-21,-2.7709781097153907e-21,-2.7709781097153907e-21,0.0,0.0,-0.0,0.0,0.0,0.0,-0.0,0.0,0.0,0.0,0.0,0.0,4.0,0.0,0.0
12186720,298.2136535644531,303.1499938964844,285.1499938964844,0.0,-0.0,285.0765991210937,0.0,0.0,5.536922344617778e-06,298.1465759277344,303.1499938964844,285.1499938964844,0.0,-0.0,285.0765686035156,0.0,0.0,5.830654117744416e-06,298.7027893066406,303.1499938964844,285.1499938964844,0.0,-0.0,285.0766296386719,0.0,0.0,4.306509708840167e-06,298.0182800292969,303.1499938964844,285.1499938964844,0.0,-0.0,285.07623291015625,0.0,0.0,5.8306459322921e-06,298.268798828125,303.1499938964844,285.1499938964844,0.0,-0.0,285.075439453125,0.0,0.0,2.7658010367304087e-05,285.0496520996094,294.1499938964844,283.5548095703125,281.82049560546875,289.73223876953125,287.1234130859375,285.15362548828125,0.0,0.0,0.0,0.0,1.0,1.0,-5.899686584598385e-05,7.379048760913776e-11,5.8996793086407706e-05,-0.0001349996891804,0.0,0.0,0.0,-0.0003323126002214,60.0,-0.0511947907507419,-0.0,-2.3731611120680896e-10,0.0,283.35400390625,284.5365905761719,288.9228210449219,289.824462890625,293.1499938964844,293.1499938964844,278.1499938964844,0.0,18000.0,313.1499938964844,0.0,18000.0,0.0,0.0,0.0,0.0,0.0,0.0,0.0,0.0,0.0,-0.0,-0.0,-0.0,-5.5419562194307814e-21,-2.7709781097153907e-21,-2.7709781097153907e-21,0.0,0.0,-0.0,0.0,0.0,0.0,-0.0,0.0,0.0,0.0,0.0,0.0,4.0,0.0,0.0
12186780,298.20965576171875,303.1499938964844,285.1499938964844,0.0,-0.0,285.07720947265625,0.0,0.0,8.429022273048759e-06,298.142333984375,303.1499938964844,285.1499938964844,0.0,-0.0,285.0771484375,0.0,0.0,8.876179890648928e-06,298.6991882324219,303.1499938964844,285.1499938964844,0.0,-0.0,285.0772399902344,0.0,0.0,6.555928848683834e-06,298.0151062011719,303.1499938964844,285.1499938964844,0.0,-0.0,285.0768127441406,0.0,0.0,8.876167157723103e-06,298.267333984375,303.1499938964844,285.1499938964844,0.0,-0.0,285.0760192871094,0.0,0.0,4.2104617023142055e-05,285.05059814453125,294.1499938964844,283.5145263671875,281.7826538085937,289.7309265136719,287.1242370605469,285.15362548828125,0.0,0.0,0.0,0.0,1.0,1.0,-8.981264545582235e-05,1.1233342034344672e-10,8.981253631645814e-05,-0.0002055139921139,0.0,0.0,0.0,-0.0005058891838416,60.0,-0.0837751105427742,-0.0,-5.499773969575017e-10,0.0,283.35400390625,284.5365905761719,288.9228210449219,289.824462890625,293.1499938964844,293.1499938964844,278.1499938964844,0.0,18000.0,313.1499938964844,0.0,18000.0,0.0,0.0,0.0,0.0,0.0,0.0,0.0,0.0,0.0,-0.0,-0.0,-0.0,-5.5419562194307814e-21,-2.7709781097153907e-21,-2.7709781097153907e-21,0.0,0.0,-0.0,0.0,0.0,0.0,-0.0,0.0,0.0,0.0,0.0,0.0,4.0,0.0,0.0
12186840,298.20965576171875,303.1499938964844,285.1499938964844,0.0,-0.0,285.07720947265625,0.0,0.0,8.429022273048759e-06,298.142333984375,303.1499938964844,285.1499938964844,0.0,-0.0,285.0771484375,0.0,0.0,8.876179890648928e-06,298.6991882324219,303.1499938964844,285.1499938964844,0.0,-0.0,285.0772399902344,0.0,0.0,6.555928848683834e-06,298.0151062011719,303.1499938964844,285.1499938964844,0.0,-0.0,285.0768127441406,0.0,0.0,8.876167157723103e-06,298.267333984375,303.1499938964844,285.1499938964844,0.0,-0.0,285.0760192871094,0.0,0.0,4.2104617023142055e-05,285.05059814453125,294.1499938964844,283.5145263671875,281.7826538085937,289.7309265136719,287.1242370605469,285.15362548828125,0.0,0.0,0.0,0.0,1.0,1.0,-8.981264545582235e-05,1.1233342034344672e-10,8.981253631645814e-05,-0.0002055139921139,0.0,0.0,0.0,-0.0005058891838416,60.0,-0.0837751105427742,-0.0,-5.499773969575017e-10,0.0,283.35400390625,284.5365905761719,288.9228210449219,289.824462890625,293.1499938964844,293.1499938964844,278.1499938964844,0.0,18000.0,313.1499938964844,0.0,18000.0,0.0,0.0,0.0,0.0,0.0,0.0,0.0,0.0,0.0,-0.0,-0.0,-0.0,-5.5419562194307814e-21,-2.7709781097153907e-21,-2.7709781097153907e-21,0.0,0.0,-0.0,0.0,0.0,0.0,-0.0,0.0,0.0,0.0,0.0,0.0,4.0,0.0,0.0
12186900,298.207275390625,303.1499938964844,285.1499938964844,0.0,-0.0,285.07781982421875,0.0,0.0,1.090087698685238e-05,298.1402587890625,303.1499938964844,285.1499938964844,0.0,-0.0,285.0777893066406,0.0,0.0,1.147916464105947e-05,298.6973571777344,303.1499938964844,285.1499938964844,0.0,-0.0,285.0779113769531,0.0,0.0,8.478487870888785e-06,298.0134582519531,303.1499938964844,285.1499938964844,0.0,-0.0,285.0774230957031,0.0,0.0,1.147914917964954e-05,298.2665710449219,303.1499938964844,285.1499938964844,0.0,-0.0,285.07666015625,0.0,0.0,5.445201168186031e-05,285.0515441894531,294.1499938964844,283.4937438964844,281.7631530761719,289.7295837402344,287.1247863769531,285.15362548828125,0.0,0.0,0.0,0.0,1.0,1.0,-0.0001161503823823,1.4527548608533889e-10,0.0001161502368631,-0.0002657815639395,0.0,0.0,0.0,-0.0006542422343045,60.0,-0.1051793545484542,-0.0,-9.198420358735859e-10,0.0,283.35400390625,284.5365905761719,288.9228210449219,289.824462890625,293.1499938964844,293.1499938964844,278.1499938964844,0.0,18000.0,313.1499938964844,0.0,18000.0,0.0,0.0,0.0,0.0,0.0,0.0,0.0,0.0,0.0,-0.0,-0.0,-0.0,-5.5419562194307814e-21,-2.7709781097153907e-21,-2.7709781097153907e-21,0.0,0.0,-0.0,0.0,0.0,0.0,-0.0,0.0,0.0,0.0,0.0,0.0,4.0,0.0,0.0
12186960,298.2046203613281,303.1499938964844,285.1499938964844,0.0,-0.0,285.078857421875,0.0,0.0,1.473023439757526e-05,298.13818359375,303.1499938964844,285.1499938964844,0.0,-0.0,285.07879638671875,0.0,0.0,1.5511668607359752e-05,298.69549560546875,303.1499938964844,285.1499938964844,0.0,-0.0,285.0789794921875,0.0,0.0,1.1456887477834243e-05,298.0118713378906,303.1499938964844,285.1499938964844,0.0,-0.0,285.07843017578125,0.0,0.0,1.551164677948691e-05,298.26580810546875,303.1499938964844,285.1499938964844,0.0,-0.0,285.0776672363281,0.0,0.0,7.358040602412075e-05,285.0530090332031,294.1499938964844,283.4725952148437,281.7432861328125,289.72723388671875,287.1252746582031,285.15362548828125,0.0,0.0,0.0,0.0,1.0,1.0,-0.0001569523883517,1.9630883030252727e-10,0.0001569521846249,-0.0003591471468098,0.0,0.0,0.0,-0.0008840686059556,60.0,-0.1378611624240875,-0.0,-1.6796148916142783e-09,0.0,283.35400390625,284.5365905761719,288.9228210449219,289.824462890625,293.1499938964844,293.1499938964844,278.1499938964844,0.0,18000.0,313.1499938964844,0.0,18000.0,0.0,0.0,0.0,0.0,0.0,0.0,0.0,0.0,0.0,-0.0,-0.0,-0.0,-5.5419562194307814e-21,-2.7709781097153907e-21,-2.7709781097153907e-21,0.0,0.0,-0.0,0.0,0.0,0.0,-0.0,0.0,0.0,0.0,0.0,0.0,4.0,0.0,0.0
12187020,298.19854736328125,303.1499938964844,285.1499938964844,0.0,-0.0,285.0828552246094,0.0,0.0,2.761438190646004e-05,298.1339111328125,303.1499938964844,285.1499938964844,0.0,-0.0,285.0827941894531,0.0,0.0,2.907931593654212e-05,298.691650390625,303.1499938964844,285.1499938964844,0.0,-0.0,285.0831298828125,0.0,0.0,2.1477924747159705e-05,298.0088806152344,303.1499938964844,285.1499938964844,0.0,-0.0,285.0823974609375,0.0,0.0,2.907927591877524e-05,298.2641906738281,303.1499938964844,285.1499938964844,0.0,-0.0,285.08172607421875,0.0,0.0,0.0001379392488161,285.0580749511719,294.1499938964844,283.42919921875,281.7025451660156,289.7157897949219,287.122314453125,285.15362548828125,0.0,0.0,0.0,0.0,1.0,1.0,-0.000294234487228,3.6801509062378557e-10,0.0002942341088782,-0.0006732837646268,0.0,0.0,0.0,-0.0016573411412537,60.0,-0.2546916007995605,-0.0,-5.902840438665181e-09,0.0,283.35400390625,284.5365905761719,288.9228210449219,289.824462890625,293.1499938964844,293.1499938964844,278.1499938964844,0.0,18000.0,313.1499938964844,0.0,18000.0,0.0,0.0,0.0,0.0,0.0,0.0,0.0,0.0,0.0,-0.0,-0.0,-0.0,-5.5419562194307814e-21,-2.7709781097153907e-21,-2.7709781097153907e-21,0.0,0.0,-0.0,0.0,0.0,0.0,-0.0,0.0,0.0,0.0,0.0,0.0,4.0,0.0,0.0
12187080,298.19854736328125,303.1499938964844,285.1499938964844,0.0,-0.0,285.0828552246094,0.0,0.0,2.761438190646004e-05,298.1339111328125,303.1499938964844,285.1499938964844,0.0,-0.0,285.0827941894531,0.0,0.0,2.907931593654212e-05,298.691650390625,303.1499938964844,285.1499938964844,0.0,-0.0,285.0831298828125,0.0,0.0,2.1477924747159705e-05,298.0088806152344,303.1499938964844,285.1499938964844,0.0,-0.0,285.0823974609375,0.0,0.0,2.907927591877524e-05,298.2641906738281,303.1499938964844,285.1499938964844,0.0,-0.0,285.08172607421875,0.0,0.0,0.0001379392488161,285.0580749511719,294.1499938964844,283.42919921875,281.7025451660156,289.7157897949219,287.122314453125,285.15362548828125,0.0,0.0,0.0,0.0,1.0,1.0,-0.000294234487228,3.6801509062378557e-10,0.0002942341088782,-0.0006732837646268,0.0,0.0,0.0,-0.0016573411412537,60.0,-0.2546916007995605,-0.0,-5.902840438665181e-09,0.0,283.35400390625,284.5365905761719,288.9228210449219,289.824462890625,293.1499938964844,293.1499938964844,278.1499938964844,0.0,18000.0,313.1499938964844,0.0,18000.0,0.0,0.0,0.0,0.0,0.0,0.0,0.0,0.0,0.0,-0.0,-0.0,-0.0,-5.5419562194307814e-21,-2.7709781097153907e-21,-2.7709781097153907e-21,0.0,0.0,-0.0,0.0,0.0,0.0,-0.0,0.0,0.0,0.0,0.0,0.0,4.0,0.0,0.0
12187140,298.1912841796875,303.1499938964844,285.1499938964844,0.0,-0.0,285.09033203125,0.0,0.0,4.596383223542944e-05,298.1293640136719,303.1499938964844,285.1499938964844,0.0,-0.0,285.0902099609375,0.0,0.0,4.840219844481908e-05,298.68768310546875,303.1499938964844,285.1499938964844,0.0,-0.0,285.09088134765625,0.0,0.0,3.5749766539083794e-05,298.0060119628906,303.1499938964844,285.1499938964844,0.0,-0.0,285.0897521972656,0.0,0.0,4.840213296120055e-05,298.262451171875,303.1499938964844,285.1499938964844,0.0,-0.0,285.0892333984375,0.0,0.0,0.0002295983431395,285.0638427734375,294.1499938964844,283.38458251953125,281.6606140136719,289.681884765625,287.0965576171875,285.15362548828125,0.0,0.0,0.0,0.0,1.0,1.0,-0.0004986985586583,6.215201686643468e-10,0.000498697918374,-0.0011352886212989,0.0,0.0,0.0,-0.0028076684102416,60.0,-0.4618399441242218,-0.0,-1.6353952858594312e-08,0.0,283.35400390625,284.5365905761719,288.9228210449219,289.824462890625,293.1499938964844,293.1499938964844,278.1499938964844,0.0,18000.0,313.1499938964844,0.0,18000.0,0.0,0.0,0.0,0.0,0.0,0.0,0.0,0.0,0.0,-0.0,-0.0,-0.0,-5.5419562194307814e-21,-2.7709781097153907e-21,-2.7709781097153907e-21,0.0,0.0,-0.0,0.0,0.0,0.0,-0.0,0.0,0.0,0.0,0.0,0.0,4.0,0.0,0.0
12187200,298.1912841796875,303.1499938964844,285.1499938964844,0.0,-0.0,285.09033203125,0.0,0.0,4.596383223542944e-05,298.1293640136719,303.1499938964844,285.1499938964844,0.0,-0.0,285.0902099609375,0.0,0.0,4.840219844481908e-05,298.68768310546875,303.1499938964844,285.1499938964844,0.0,-0.0,285.09088134765625,0.0,0.0,3.5749766539083794e-05,298.0060119628906,303.1499938964844,285.1499938964844,0.0,-0.0,285.0897521972656,0.0,0.0,4.840213296120055e-05,298.262451171875,303.1499938964844,285.1499938964844,0.0,-0.0,285.0892333984375,0.0,0.0,0.0002295983431395,285.0638427734375,294.1499938964844,283.38458251953125,281.6606140136719,289.681884765625,287.0965576171875,285.15362548828125,0.0,0.0,0.0,0.0,1.0,1.0,-0.0004986985586583,6.215201686643468e-10,0.000498697918374,-0.0011352886212989,0.0,0.0,0.0,-0.0028076684102416,60.0,-0.4618399441242218,-0.0,-1.6353952858594312e-08,0.0,283.35400390625,284.5365905761719,288.9228210449219,289.824462890625,293.1499938964844,293.1499938964844,278.1499938964844,0.0,18000.0,313.1499938964844,0.0,18000.0,0.0,0.0,0.0,0.0,0.0,0.0,0.0,0.0,0.0,-0.0,-0.0,-0.0,-5.5419562194307814e-21,-2.7709781097153907e-21,-2.7709781097153907e-21,0.0,0.0,-0.0,0.0,0.0,0.0,-0.0,0.0,0.0,0.0,0.0,0.0,4.0,0.0,0.0
12187260,298.1830139160156,303.1499938964844,285.1499938964844,0.0,-0.0,285.0947265625,0.0,0.0,9.007524204207584e-05,298.1245422363281,303.1499938964844,285.1499938964844,0.0,-0.0,285.0946044921875,0.0,0.0,9.485369810136036e-05,298.68359375,303.1499938964844,285.1499938964844,0.0,-0.0,285.0954284667969,0.0,0.0,7.00587552273646e-05,298.0028686523437,303.1499938964844,285.1499938964844,0.0,-0.0,285.0941162109375,0.0,0.0,9.48535671341233e-05,298.26055908203125,303.1499938964844,285.1499938964844,0.0,-0.0,285.0936584472656,0.0,0.0,0.0004499434726312,285.0687255859375,294.1499938964844,283.3388977050781,281.6177062988281,289.62030029296875,287.0503234863281,285.1535949707031,0.0,0.0,0.0,0.0,1.0,1.0,-0.0005713076679967,7.718822248037324e-10,0.0005713069112971,-0.0014579832786694,0.0,0.0,0.0,-0.0032595302909612,60.0,-0.6950390934944153,-0.0,-6.280596664964834e-08,0.0,283.35400390625,284.5365905761719,288.9228210449219,289.824462890625,293.1499938964844,293.1499938964844,278.1499938964844,0.0,18000.0,313.1499938964844,0.0,18000.0,0.0,0.0,0.0,0.0,0.0,0.0,0.0,0.0,0.0,-0.0,-0.0,-0.0,-5.5419562194307814e-21,-2.7709781097153907e-21,-2.7709781097153907e-21,0.0,0.0,-0.0,0.0,0.0,0.0,-0.0,0.0,0.0,0.0,0.0,0.0,4.0,0.0,0.0
12187320,298.1830139160156,303.1499938964844,285.1499938964844,0.0,-0.0,285.0947265625,0.0,0.0,9.007524204207584e-05,298.1245422363281,303.1499938964844,285.1499938964844,0.0,-0.0,285.0946044921875,0.0,0.0,9.485369810136036e-05,298.68359375,303.1499938964844,285.1499938964844,0.0,-0.0,285.0954284667969,0.0,0.0,7.00587552273646e-05,298.0028686523437,303.1499938964844,285.1499938964844,0.0,-0.0,285.0941162109375,0.0,0.0,9.48535671341233e-05,298.26055908203125,303.1499938964844,285.1499938964844,0.0,-0.0,285.0936584472656,0.0,0.0,0.0004499434726312,285.0687255859375,294.1499938964844,283.3388977050781,281.6177062988281,289.62030029296875,287.0503234863281,285.1535949707031,0.0,0.0,0.0,0.0,1.0,1.0,-0.0005713076679967,7.718822248037324e-10,0.0005713069112971,-0.0014579832786694,0.0,0.0,0.0,-0.0032595302909612,60.0,-0.6950390934944153,-0.0,-6.280596664964834e-08,0.0,283.35400390625,284.5365905761719,288.9228210449219,289.824462890625,293.1499938964844,293.1499938964844,278.1499938964844,0.0,18000.0,313.1499938964844,0.0,18000.0,0.0,0.0,0.0,0.0,0.0,0.0,0.0,0.0,0.0,-0.0,-0.0,-0.0,-5.5419562194307814e-21,-2.7709781097153907e-21,-2.7709781097153907e-21,0.0,0.0,-0.0,0.0,0.0,0.0,-0.0,0.0,0.0,0.0,0.0,0.0,4.0,0.0,0.0
12187380,298.1746826171875,303.1499938964844,285.1499938964844,0.0,-0.0,285.0960388183594,0.0,0.0,9.00456216186285e-05,298.1195068359375,303.1499938964844,285.1499938964844,0.0,-0.0,285.0959167480469,0.0,0.0,9.482250607106836e-05,298.6793518066406,303.1499938964844,285.1499938964844,0.0,-0.0,285.0968017578125,0.0,0.0,7.003571226960048e-05,297.99951171875,303.1499938964844,285.1499938964844,0.0,-0.0,285.09539794921875,0.0,0.0,9.48223823797889e-05,298.258544921875,303.1499938964844,285.1499938964844,0.0,-0.0,285.094970703125,0.0,0.0,0.000449795537861,285.0697021484375,294.1499938964844,283.2923889160156,281.57403564453125,289.54034423828125,286.9942626953125,285.153564453125,0.0,0.0,0.0,0.0,1.0,1.0,-0.0007153534679673,8.795401074124241e-10,0.0007153525948524,-0.0015969715313985,0.0,0.0,0.0,-0.0040323194116353,60.0,-0.8772046566009521,-0.0,-6.276463437870916e-08,0.0,283.35400390625,284.5365905761719,288.9228210449219,289.824462890625,293.1499938964844,293.1499938964844,278.1499938964844,0.0,18000.0,313.1499938964844,0.0,18000.0,0.0,0.0,0.0,0.0,0.0,0.0,0.0,0.0,0.0,-0.0,-0.0,-0.0,-5.5419562194307814e-21,-2.7709781097153907e-21,-2.7709781097153907e-21,0.0,0.0,-0.0,0.0,0.0,0.0,-0.0,0.0,0.0,0.0,0.0,0.0,4.0,0.0,0.0
12187440,298.1746826171875,303.1499938964844,285.1499938964844,0.0,-0.0,285.0960388183594,0.0,0.0,9.00456216186285e-05,298.1195068359375,303.1499938964844,285.1499938964844,0.0,-0.0,285.0959167480469,0.0,0.0,9.482250607106836e-05,298.6793518066406,303.1499938964844,285.1499938964844,0.0,-0.0,285.0968017578125,0.0,0.0,7.003571226960048e-05,297.99951171875,303.1499938964844,285.1499938964844,0.0,-0.0,285.09539794921875,0.0,0.0,9.48223823797889e-05,298.258544921875,303.1499938964844,285.1499938964844,0.0,-0.0,285.094970703125,0.0,0.0,0.000449795537861,285.0697021484375,294.1499938964844,283.2923889160156,281.57403564453125,289.54034423828125,286.9942626953125,285.153564453125,0.0,0.0,0.0,0.0,1.0,1.0,-0.0007153534679673,8.795401074124241e-10,0.0007153525948524,-0.0015969715313985,0.0,0.0,0.0,-0.0040323194116353,60.0,-0.8772046566009521,-0.0,-6.276463437870916e-08,0.0,283.35400390625,284.5365905761719,288.9228210449219,289.824462890625,293.1499938964844,293.1499938964844,278.1499938964844,0.0,18000.0,313.1499938964844,0.0,18000.0,0.0,0.0,0.0,0.0,0.0,0.0,0.0,0.0,0.0,-0.0,-0.0,-0.0,-5.5419562194307814e-21,-2.7709781097153907e-21,-2.7709781097153907e-21,0.0,0.0,-0.0,0.0,0.0,0.0,-0.0,0.0,0.0,0.0,0.0,0.0,4.0,0.0,0.0
12187500,298.1707763671875,303.1499938964844,285.1499938964844,0.0,-0.0,285.0968017578125,0.0,0.0,3.859843491227366e-05,298.1160888671875,303.1499938964844,285.1499938964844,0.0,-0.0,285.0966491699219,0.0,0.0,4.064606764586642e-05,298.6772155761719,303.1499938964844,285.1499938964844,0.0,-0.0,285.0975952148437,0.0,0.0,3.00211031571962e-05,297.99774169921875,303.1499938964844,285.1499938964844,0.0,-0.0,285.0961608886719,0.0,0.0,4.064601307618432e-05,298.2574768066406,303.1499938964844,285.1499938964844,0.0,-0.0,285.09576416015625,0.0,0.0,0.0001928067358676,285.071044921875,294.1499938964844,283.2688903808594,281.5519714355469,289.4968566894531,286.967041015625,285.1535339355469,0.0,0.0,0.0,0.0,1.0,1.0,-0.0008447018917649,9.48522038690669e-10,0.0008447009604424,-0.001648977631703,0.0,0.0,0.0,-0.0046917707659304,60.0,-0.9562850594520568,-0.0,-1.1532646837508764e-08,0.0,283.35400390625,284.5365905761719,288.9228210449219,289.824462890625,293.1499938964844,293.1499938964844,278.1499938964844,0.0,18000.0,313.1499938964844,0.0,18000.0,0.0,0.0,0.0,0.0,0.0,0.0,0.0,0.0,0.0,-0.0,-0.0,-0.0,-5.5419562194307814e-21,-2.7709781097153907e-21,-2.7709781097153907e-21,0.0,0.0,-0.0,0.0,0.0,0.0,-0.0,0.0,0.0,0.0,0.0,0.0,4.0,0.0,0.0
12187560,298.1672058105469,303.1499938964844,285.1499938964844,0.0,-0.0,285.0982360839844,0.0,0.0,9.002791193779558e-05,298.11181640625,303.1499938964844,285.1499938964844,0.0,-0.0,285.0980834960937,0.0,0.0,9.48038577917032e-05,298.675048828125,303.1499938964844,285.1499938964844,0.0,-0.0,285.0990905761719,0.0,0.0,7.002193888183683e-05,297.9959716796875,303.1499938964844,285.1499938964844,0.0,-0.0,285.0975952148437,0.0,0.0,9.480373410042375e-05,298.2563781738281,303.1499938964844,285.1499938964844,0.0,-0.0,285.0971984863281,0.0,0.0,0.0004497070622164,285.0726318359375,294.1499938964844,283.2452697753906,281.52978515625,289.47430419921875,286.9323425292969,285.1535339355469,0.0,0.0,0.0,0.0,1.0,1.0,-0.0009013444068841,1.043916619813956e-09,0.0009013433591462,-0.0018431282369419,0.0,0.0,0.0,-0.0050416341982781,60.0,-0.7958127856254578,-0.0,-6.273990749150471e-08,0.0,283.35400390625,284.5365905761719,288.9228210449219,289.824462890625,293.1499938964844,293.1499938964844,278.1499938964844,0.0,18000.0,313.1499938964844,0.0,18000.0,0.0,0.0,0.0,0.0,0.0,0.0,0.0,0.0,0.0,-0.0,-0.0,-0.0,-5.5419562194307814e-21,-2.7709781097153907e-21,-2.7709781097153907e-21,0.0,0.0,-0.0,0.0,0.0,0.0,-0.0,0.0,0.0,0.0,0.0,0.0,4.0,0.0,0.0
12187620,298.16180419921875,303.1499938964844,285.1499938964844,0.0,-0.0,285.10137939453125,0.0,0.0,9.020979632623494e-05,298.1010437011719,303.1499938964844,285.1499938964844,0.0,-0.0,285.1012268066406,0.0,0.0,9.499539009993896e-05,298.6705627441406,303.1499938964844,285.1499938964844,0.0,-0.0,285.10235595703125,0.0,0.0,7.01634053257294e-05,297.9921569824219,303.1499938964844,285.1499938964844,0.0,-0.0,285.1006774902344,0.0,0.0,9.499526640865952e-05,298.25396728515625,303.1499938964844,285.1499938964844,0.0,-0.0,285.10040283203125,0.0,0.0,0.0004506156546995,285.0772399902344,294.1499938964844,283.19775390625,281.4851379394531,289.37042236328125,286.8556213378906,285.1534423828125,0.0,0.0,0.0,0.0,1.0,1.0,-0.0010068367701023,1.37419897683344e-09,0.0010068353731185,-0.0026059483643621,0.0,0.0,0.0,-0.0057214386761188,60.0,-1.1816927194595337,-0.0,-6.299362098616258e-08,0.0,283.35400390625,284.5365905761719,288.9228210449219,289.824462890625,293.1499938964844,293.1499938964844,278.1499938964844,0.0,18000.0,313.1499938964844,0.0,18000.0,0.0,0.0,0.0,0.0,0.0,0.0,0.0,0.0,0.0,-0.0,-0.0,-0.0,-5.5419562194307814e-21,-2.7709781097153907e-21,-2.7709781097153907e-21,0.0,0.0,-0.0,0.0,0.0,0.0,-0.0,0.0,0.0,0.0,0.0,0.0,4.0,0.0,0.0
12187680,298.16180419921875,303.1499938964844,285.1499938964844,0.0,-0.0,285.10137939453125,0.0,0.0,9.020979632623494e-05,298.1010437011719,303.1499938964844,285.1499938964844,0.0,-0.0,285.1012268066406,0.0,0.0,9.499539009993896e-05,298.6705627441406,303.1499938964844,285.1499938964844,0.0,-0.0,285.10235595703125,0.0,0.0,7.01634053257294e-05,297.9921569824219,303.1499938964844,285.1499938964844,0.0,-0.0,285.1006774902344,0.0,0.0,9.499526640865952e-05,298.25396728515625,303.1499938964844,285.1499938964844,0.0,-0.0,285.10040283203125,0.0,0.0,0.0004506156546995,285.0772399902344,294.1499938964844,283.19775390625,281.4851379394531,289.37042236328125,286.8556213378906,285.1534423828125,0.0,0.0,0.0,0.0,1.0,1.0,-0.0010068367701023,1.37419897683344e-09,0.0010068353731185,-0.0026059483643621,0.0,0.0,0.0,-0.0057214386761188,60.0,-1.1816927194595337,-0.0,-6.299362098616258e-08,0.0,283.35400390625,284.5365905761719,288.9228210449219,289.824462890625,293.1499938964844,293.1499938964844,278.1499938964844,0.0,18000.0,313.1499938964844,0.0,18000.0,0.0,0.0,0.0,0.0,0.0,0.0,0.0,0.0,0.0,-0.0,-0.0,-0.0,-5.5419562194307814e-21,-2.7709781097153907e-21,-2.7709781097153907e-21,0.0,0.0,-0.0,0.0,0.0,0.0,-0.0,0.0,0.0,0.0,0.0,0.0,4.0,0.0,0.0
12187740,298.15887451171875,303.1499938964844,285.1499938964844,0.0,-0.0,285.1007385253906,0.0,0.0,9.058132854988798e-05,298.0864562988281,303.1499938964844,285.1499938964844,0.0,-0.0,285.1005859375,0.0,0.0,9.538663289276884e-05,298.6659240722656,303.1499938964844,285.1499938964844,0.0,-0.0,285.1017150878906,0.0,0.0,7.04523699823767e-05,297.9881591796875,303.1499938964844,285.1499938964844,0.0,-0.0,285.1000366210937,0.0,0.0,9.53865092014894e-05,298.2513122558594,303.1499938964844,285.1499938964844,0.0,-0.0,285.0997619628906,0.0,0.0,0.00045247154776,285.07672119140625,294.1499938964844,283.1499938964844,281.4403076171875,289.26495361328125,286.710205078125,285.1533508300781,0.0,0.0,0.0,0.0,1.0,1.0,-0.0009651681175455,1.791338410939147e-09,0.000965166313108,-0.0037442671600729,0.0,0.0,0.0,-0.0057008489966392,60.0,-1.2938475608825684,-0.0,-6.351351800049089e-08,0.0,283.35400390625,284.5365905761719,288.9228210449219,289.824462890625,293.1499938964844,293.1499938964844,278.1499938964844,0.0,18000.0,313.1499938964844,0.0,18000.0,0.0,0.0,0.0,0.0,0.0,0.0,0.0,0.0,0.0,-0.0,-0.0,-0.0,-5.5419562194307814e-21,-2.7709781097153907e-21,-2.7709781097153907e-21,0.0,0.0,-0.0,0.0,0.0,0.0,-0.0,0.0,0.0,0.0,0.0,0.0,4.0,0.0,0.0
12187800,298.15887451171875,303.1499938964844,285.1499938964844,0.0,-0.0,285.1007385253906,0.0,0.0,9.058132854988798e-05,298.0864562988281,303.1499938964844,285.1499938964844,0.0,-0.0,285.1005859375,0.0,0.0,9.538663289276884e-05,298.6659240722656,303.1499938964844,285.1499938964844,0.0,-0.0,285.1017150878906,0.0,0.0,7.04523699823767e-05,297.9881591796875,303.1499938964844,285.1499938964844,0.0,-0.0,285.1000366210937,0.0,0.0,9.53865092014894e-05,298.2513122558594,303.1499938964844,285.1499938964844,0.0,-0.0,285.0997619628906,0.0,0.0,0.00045247154776,285.07672119140625,294.1499938964844,283.1499938964844,281.4403076171875,289.26495361328125,286.710205078125,285.1533508300781,0.0,0.0,0.0,0.0,1.0,1.0,-0.0009651681175455,1.791338410939147e-09,0.000965166313108,-0.0037442671600729,0.0,0.0,0.0,-0.0057008489966392,60.0,-1.2938475608825684,-0.0,-6.351351800049089e-08,0.0,283.35400390625,284.5365905761719,288.9228210449219,289.824462890625,293.1499938964844,293.1499938964844,278.1499938964844,0.0,18000.0,313.1499938964844,0.0,18000.0,0.0,0.0,0.0,0.0,0.0,0.0,0.0,0.0,0.0,-0.0,-0.0,-0.0,-5.5419562194307814e-21,-2.7709781097153907e-21,-2.7709781097153907e-21,0.0,0.0,-0.0,0.0,0.0,0.0,-0.0,0.0,0.0,0.0,0.0,0.0,4.0,0.0,0.0
12187860,298.154541015625,303.1499938964844,285.1499938964844,0.0,-0.0,285.10009765625,0.0,0.0,9.092685650102794e-05,298.0699462890625,303.1499938964844,285.1499938964844,0.0,-0.0,285.0999450683594,0.0,0.0,9.575048898113891e-05,298.6611633300781,303.1499938964844,285.1499938964844,0.0,-0.0,285.10107421875,0.0,0.0,7.072111475281417e-05,297.98406982421875,303.1499938964844,285.1499938964844,0.0,-0.0,285.09942626953125,0.0,0.0,9.575036528985947e-05,298.2483825683594,303.1499938964844,285.1499938964844,0.0,-0.0,285.09912109375,0.0,0.0,0.0004541974922176,285.07623291015625,294.1499938964844,283.1022644042969,281.3954467773437,289.1597900390625,286.5025939941406,285.1532287597656,0.0,0.0,0.0,0.0,1.0,1.0,-0.0009688493446446,2.221774098032369e-09,0.0009688471327535,-0.004872178658843,0.0,0.0,0.0,-0.0059142354875802,60.0,-1.3406113386154177,-0.0,-6.39989394812801e-08,0.0,283.35400390625,284.5365905761719,288.9228210449219,289.824462890625,293.1499938964844,293.1499938964844,278.1499938964844,0.0,18000.0,313.1499938964844,0.0,18000.0,0.0,0.0,0.0,0.0,0.0,0.0,0.0,0.0,0.0,-0.0,-0.0,-0.0,-5.5419562194307814e-21,-2.7709781097153907e-21,-2.7709781097153907e-21,0.0,0.0,-0.0,0.0,0.0,0.0,-0.0,0.0,0.0,0.0,0.0,0.0,4.0,0.0,0.0
12187920,298.154541015625,303.1499938964844,285.1499938964844,0.0,-0.0,285.10009765625,0.0,0.0,9.092685650102794e-05,298.0699462890625,303.1499938964844,285.1499938964844,0.0,-0.0,285.0999450683594,0.0,0.0,9.575048898113891e-05,298.6611633300781,303.1499938964844,285.1499938964844,0.0,-0.0,285.10107421875,0.0,0.0,7.072111475281417e-05,297.98406982421875,303.1499938964844,285.1499938964844,0.0,-0.0,285.09942626953125,0.0,0.0,9.575036528985947e-05,298.2483825683594,303.1499938964844,285.1499938964844,0.0,-0.0,285.09912109375,0.0,0.0,0.0004541974922176,285.07623291015625,294.1499938964844,283.1022644042969,281.3954467773437,289.1597900390625,286.5025939941406,285.1532287597656,0.0,0.0,0.0,0.0,1.0,1.0,-0.0009688493446446,2.221774098032369e-09,0.0009688471327535,-0.004872178658843,0.0,0.0,0.0,-0.0059142354875802,60.0,-1.3406113386154177,-0.0,-6.39989394812801e-08,0.0,283.35400390625,284.5365905761719,288.9228210449219,289.824462890625,293.1499938964844,293.1499938964844,278.1499938964844,0.0,18000.0,313.1499938964844,0.0,18000.0,0.0,0.0,0.0,0.0,0.0,0.0,0.0,0.0,0.0,-0.0,-0.0,-0.0,-5.5419562194307814e-21,-2.7709781097153907e-21,-2.7709781097153907e-21,0.0,0.0,-0.0,0.0,0.0,0.0,-0.0,0.0,0.0,0.0,0.0,0.0,4.0,0.0,0.0
12187980,298.14947509765625,303.1499938964844,285.1499938964844,0.0,-0.0,285.0995178222656,0.0,0.0,9.101047180593014e-05,298.054931640625,303.1499938964844,285.1499938964844,0.0,-0.0,285.0993347167969,0.0,0.0,9.583854262018576e-05,298.6562194824219,303.1499938964844,285.1499938964844,0.0,-0.0,285.1004638671875,0.0,0.0,7.078614726196975e-05,297.97979736328125,303.1499938964844,285.1499938964844,0.0,-0.0,285.09881591796875,0.0,0.0,9.583841892890632e-05,298.2451171875,303.1499938964844,285.1499938964844,0.0,-0.0,285.0985412597656,0.0,0.0,0.0004546152194961,285.0757751464844,294.1499938964844,283.0547180175781,281.3507995605469,289.0554504394531,286.266845703125,285.153076171875,0.0,0.0,0.0,0.0,1.0,1.0,-0.0009697404457256,2.3259061343594567e-09,0.0009697381174191,-0.005145042669028,0.0,0.0,0.0,-0.0059658610261976,60.0,-1.3762736320495603,-0.0,-6.411664799088612e-08,0.0,283.35400390625,284.5365905761719,288.9228210449219,289.824462890625,293.1499938964844,293.1499938964844,278.1499938964844,0.0,18000.0,313.1499938964844,0.0,18000.0,0.0,0.0,0.0,0.0,0.0,0.0,0.0,0.0,0.0,-0.0,-0.0,-0.0,-5.5419562194307814e-21,-2.7709781097153907e-21,-2.7709781097153907e-21,0.0,0.0,-0.0,0.0,0.0,0.0,-0.0,0.0,0.0,0.0,0.0,0.0,4.0,0.0,0.0
12188040,298.14947509765625,303.1499938964844,285.1499938964844,0.0,-0.0,285.0995178222656,0.0,0.0,9.101047180593014e-05,298.054931640625,303.1499938964844,285.1499938964844,0.0,-0.0,285.0993347167969,0.0,0.0,9.583854262018576e-05,298.6562194824219,303.1499938964844,285.1499938964844,0.0,-0.0,285.1004638671875,0.0,0.0,7.078614726196975e-05,297.97979736328125,303.1499938964844,285.1499938964844,0.0,-0.0,285.09881591796875,0.0,0.0,9.583841892890632e-05,298.2451171875,303.1499938964844,285.1499938964844,0.0,-0.0,285.0985412597656,0.0,0.0,0.0004546152194961,285.0757751464844,294.1499938964844,283.0547180175781,281.3507995605469,289.0554504394531,286.266845703125,285.153076171875,0.0,0.0,0.0,0.0,1.0,1.0,-0.0009697404457256,2.3259061343594567e-09,0.0009697381174191,-0.005145042669028,0.0,0.0,0.0,-0.0059658610261976,60.0,-1.3762736320495603,-0.0,-6.411664799088612e-08,0.0,283.35400390625,284.5365905761719,288.9228210449219,289.824462890625,293.1499938964844,293.1499938964844,278.1499938964844,0.0,18000.0,313.1499938964844,0.0,18000.0,0.0,0.0,0.0,0.0,0.0,0.0,0.0,0.0,0.0,-0.0,-0.0,-0.0,-5.5419562194307814e-21,-2.7709781097153907e-21,-2.7709781097153907e-21,0.0,0.0,-0.0,0.0,0.0,0.0,-0.0,0.0,0.0,0.0,0.0,0.0,4.0,0.0,0.0
12188100,298.1468811035156,303.1499938964844,285.1499938964844,0.0,-0.0,285.0992126464844,0.0,0.0,9.099236922338604e-05,298.0488586425781,303.1499938964844,285.1499938964844,0.0,-0.0,285.0990600585937,0.0,0.0,9.58194796112366e-05,298.6532592773437,303.1499938964844,285.1499938964844,0.0,-0.0,285.10015869140625,0.0,0.0,7.07720682839863e-05,297.9776306152344,303.1499938964844,285.1499938964844,0.0,-0.0,285.0985412597656,0.0,0.0,9.581935591995716e-05,298.2434387207031,303.1499938964844,285.1499938964844,0.0,-0.0,285.0982666015625,0.0,0.0,0.0004545247938949,285.0755615234375,294.1499938964844,283.0310974121094,281.32861328125,289.00360107421875,286.14959716796875,285.1529846191406,0.0,0.0,0.0,0.0,1.0,1.0,-0.0009695480694063,2.303329971198309e-09,0.0009695457410998,-0.0050858836621046,0.0,0.0,0.0,-0.0059546725824475,60.0,-1.3928035497665403,-0.0,-6.409111819039026e-08,0.0,283.35400390625,284.5365905761719,288.9228210449219,289.824462890625,293.1499938964844,293.1499938964844,278.1499938964844,0.0,18000.0,313.1499938964844,0.0,18000.0,0.0,0.0,0.0,0.0,0.0,0.0,0.0,0.0,0.0,-0.0,-0.0,-0.0,-5.5419562194307814e-21,-2.7709781097153907e-21,-2.7709781097153907e-21,0.0,0.0,-0.0,0.0,0.0,0.0,-0.0,0.0,0.0,0.0,0.0,0.0,4.0,0.0,0.0
12188160,298.1442565917969,303.1499938964844,285.1499938964844,0.0,-0.0,285.09893798828125,0.0,0.0,9.089170634979382e-05,298.0442199707031,303.1499938964844,285.1499938964844,0.0,-0.0,285.0987854003906,0.0,0.0,9.571346890879796e-05,298.6480407714844,303.1499938964844,285.1499938964844,0.0,-0.0,285.099853515625,0.0,0.0,7.069376442814246e-05,297.9753723144531,303.1499938964844,285.1499938964844,0.0,-0.0,285.0982666015625,0.0,0.0,9.571334521751852e-05,298.2417297363281,303.1499938964844,285.1499938964844,0.0,-0.0,285.0979919433594,0.0,0.0,0.0004540219379123,285.07537841796875,294.1499938964844,283.0075988769531,281.3065490722656,288.9520263671875,286.0419921875,285.15289306640625,0.0,0.0,0.0,0.0,1.0,1.0,-0.0009684755350463,2.177883429155258e-09,0.0009684733231551,-0.004757166840136,0.0,0.0,0.0,-0.0058924849145114,60.0,-1.4081417322158811,-0.0,-6.39493507037514e-08,0.0,283.35400390625,284.5365905761719,288.9228210449219,289.824462890625,293.1499938964844,293.1499938964844,278.1499938964844,0.0,18000.0,313.1499938964844,0.0,18000.0,0.0,0.0,0.0,0.0,0.0,0.0,0.0,0.0,0.0,-0.0,-0.0,-0.0,-5.5419562194307814e-21,-2.7709781097153907e-21,-2.7709781097153907e-21,0.0,0.0,-0.0,0.0,0.0,0.0,-0.0,0.0,0.0,0.0,0.0,0.0,4.0,0.0,0.0
12188220,298.1382751464844,303.1499938964844,285.1499938964844,0.0,-0.0,285.098388671875,0.0,0.0,9.087588114198296e-05,298.0394287109375,303.1499938964844,285.1499938964844,0.0,-0.0,285.0982360839844,0.0,0.0,9.569680696586148e-05,298.6329650878906,303.1499938964844,285.1499938964844,0.0,-0.0,285.09930419921875,0.0,0.0,7.068146078381687e-05,297.970458984375,303.1499938964844,285.1499938964844,0.0,-0.0,285.09771728515625,0.0,0.0,9.569668327458204e-05,298.23828125,303.1499938964844,285.1499938964844,0.0,-0.0,285.0974426269531,0.0,0.0,0.0004539429210126,285.0749816894531,294.1499938964844,282.9610900878906,281.2628479003906,288.84967041015625,285.8492431640625,285.15264892578125,0.0,0.0,0.0,0.0,1.0,1.0,-0.0009683050448074,2.1581252340752144e-09,0.000968302891124,-0.0047053941525518,0.0,0.0,0.0,-0.0058826822787523,60.0,-1.4376763105392456,-0.0,-6.392703966184854e-08,0.0,283.35400390625,284.5365905761719,288.9228210449219,289.824462890625,293.1499938964844,293.1499938964844,278.1499938964844,0.0,18000.0,313.1499938964844,0.0,18000.0,0.0,0.0,0.0,0.0,0.0,0.0,0.0,0.0,0.0,-0.0,-0.0,-0.0,-5.5419562194307814e-21,-2.7709781097153907e-21,-2.7709781097153907e-21,0.0,0.0,-0.0,0.0,0.0,0.0,-0.0,0.0,0.0,0.0,0.0,0.0,4.0,0.0,0.0
12188280,298.1382751464844,303.1499938964844,285.1499938964844,0.0,-0.0,285.098388671875,0.0,0.0,9.087588114198296e-05,298.0394287109375,303.1499938964844,285.1499938964844,0.0,-0.0,285.0982360839844,0.0,0.0,9.569680696586148e-05,298.6329650878906,303.1499938964844,285.1499938964844,0.0,-0.0,285.09930419921875,0.0,0.0,7.068146078381687e-05,297.970458984375,303.1499938964844,285.1499938964844,0.0,-0.0,285.09771728515625,0.0,0.0,9.569668327458204e-05,298.23828125,303.1499938964844,285.1499938964844,0.0,-0.0,285.0974426269531,0.0,0.0,0.0004539429210126,285.0749816894531,294.1499938964844,282.9610900878906,281.2628479003906,288.84967041015625,285.8492431640625,285.15264892578125,0.0,0.0,0.0,0.0,1.0,1.0,-0.0009683050448074,2.1581252340752144e-09,0.000968302891124,-0.0047053941525518,0.0,0.0,0.0,-0.0058826822787523,60.0,-1.4376763105392456,-0.0,-6.392703966184854e-08,0.0,283.35400390625,284.5365905761719,288.9228210449219,289.824462890625,293.1499938964844,293.1499938964844,278.1499938964844,0.0,18000.0,313.1499938964844,0.0,18000.0,0.0,0.0,0.0,0.0,0.0,0.0,0.0,0.0,0.0,-0.0,-0.0,-0.0,-5.5419562194307814e-21,-2.7709781097153907e-21,-2.7709781097153907e-21,0.0,0.0,-0.0,0.0,0.0,0.0,-0.0,0.0,0.0,0.0,0.0,0.0,4.0,0.0,0.0
12188340,298.1298828125,303.1499938964844,285.1499938964844,0.0,-0.0,285.09783935546875,0.0,0.0,9.139271423919126e-05,298.0399169921875,303.1499938964844,285.1499938964844,0.0,-0.0,285.0976867675781,0.0,0.0,9.624105587136e-05,298.6150817871094,303.1499938964844,285.1499938964844,0.0,-0.0,285.0987548828125,0.0,0.0,7.108343561412767e-05,297.96490478515625,303.1499938964844,285.1499938964844,0.0,-0.0,285.0971984863281,0.0,0.0,9.624093945603818e-05,298.2348022460937,303.1499938964844,285.1499938964844,0.0,-0.0,285.096923828125,0.0,0.0,0.0004565246345009,285.0746154785156,294.1499938964844,282.9154357910156,281.219970703125,288.7480163574219,285.6227111816406,285.1523742675781,0.0,0.0,0.0,0.0,1.0,1.0,-0.0009738101507537,2.8019961906267103e-09,0.0009738073567859,-0.0063925604335963,0.0,0.0,0.0,-0.0062018702737987,60.0,-1.472339749336243,-0.0,-6.46561915118582e-08,0.0,283.35400390625,284.5365905761719,288.9228210449219,289.824462890625,293.1499938964844,293.1499938964844,278.1499938964844,0.0,18000.0,313.1499938964844,0.0,18000.0,0.0,0.0,0.0,0.0,0.0,0.0,0.0,0.0,0.0,-0.0,-0.0,-0.0,-5.5419562194307814e-21,-2.7709781097153907e-21,-2.7709781097153907e-21,0.0,0.0,-0.0,0.0,0.0,0.0,-0.0,0.0,0.0,0.0,0.0,0.0,4.0,0.0,0.0
12188400,298.1298828125,303.1499938964844,285.1499938964844,0.0,-0.0,285.09783935546875,0.0,0.0,9.139271423919126e-05,298.0399169921875,303.1499938964844,285.1499938964844,0.0,-0.0,285.0976867675781,0.0,0.0,9.624105587136e-05,298.6150817871094,303.1499938964844,285.1499938964844,0.0,-0.0,285.0987548828125,0.0,0.0,7.108343561412767e-05,297.96490478515625,303.1499938964844,285.1499938964844,0.0,-0.0,285.0971984863281,0.0,0.0,9.624093945603818e-05,298.2348022460937,303.1499938964844,285.1499938964844,0.0,-0.0,285.096923828125,0.0,0.0,0.0004565246345009,285.0746154785156,294.1499938964844,282.9154357910156,281.219970703125,288.7480163574219,285.6227111816406,285.1523742675781,0.0,0.0,0.0,0.0,1.0,1.0,-0.0009738101507537,2.8019961906267103e-09,0.0009738073567859,-0.0063925604335963,0.0,0.0,0.0,-0.0062018702737987,60.0,-1.472339749336243,-0.0,-6.46561915118582e-08,0.0,283.35400390625,284.5365905761719,288.9228210449219,289.824462890625,293.1499938964844,293.1499938964844,278.1499938964844,0.0,18000.0,313.1499938964844,0.0,18000.0,0.0,0.0,0.0,0.0,0.0,0.0,0.0,0.0,0.0,-0.0,-0.0,-0.0,-5.5419562194307814e-21,-2.7709781097153907e-21,-2.7709781097153907e-21,0.0,0.0,-0.0,0.0,0.0,0.0,-0.0,0.0,0.0,0.0,0.0,0.0,4.0,0.0,0.0
12188460,298.1187744140625,303.1499938964844,285.1499938964844,0.0,-0.0,285.0973205566406,0.0,0.0,9.211745782522485e-05,298.0435485839844,303.1499938964844,285.1499938964844,0.0,-0.0,285.0971984863281,0.0,0.0,9.700423834146932e-05,298.5971984863281,303.1499938964844,285.1499938964844,0.0,-0.0,285.0982360839844,0.0,0.0,7.16471258783713e-05,297.95880126953125,303.1499938964844,285.1499938964844,0.0,-0.0,285.0966796875,0.0,0.0,9.700412192614748e-05,298.2313537597656,303.1499938964844,285.1499938964844,0.0,-0.0,285.0964050292969,0.0,0.0,0.0004601448599714,285.0743103027344,294.1499938964844,282.87078857421875,281.17803955078125,288.6466064453125,285.3182678222656,285.15203857421875,0.0,0.0,0.0,0.0,1.0,1.0,-0.0009815321536734,3.704901274659278e-09,0.0009815284283831,-0.0087583903223276,0.0,0.0,0.0,-0.0066494811326265,60.0,-1.512431263923645,-0.0,-6.56856471437095e-08,0.0,283.35400390625,284.5365905761719,288.9228210449219,289.824462890625,293.1499938964844,293.1499938964844,278.1499938964844,0.0,18000.0,313.1499938964844,0.0,18000.0,0.0,0.0,0.0,0.0,0.0,0.0,0.0,0.0,0.0,-0.0,-0.0,-0.0,-5.5419562194307814e-21,-2.7709781097153907e-21,-2.7709781097153907e-21,0.0,0.0,-0.0,0.0,0.0,0.0,-0.0,0.0,0.0,0.0,0.0,0.0,4.0,0.0,0.0
12188520,298.1187744140625,303.1499938964844,285.1499938964844,0.0,-0.0,285.0973205566406,0.0,0.0,9.211745782522485e-05,298.0435485839844,303.1499938964844,285.1499938964844,0.0,-0.0,285.0971984863281,0.0,0.0,9.700423834146932e-05,298.5971984863281,303.1499938964844,285.1499938964844,0.0,-0.0,285.0982360839844,0.0,0.0,7.16471258783713e-05,297.95880126953125,303.1499938964844,285.1499938964844,0.0,-0.0,285.0966796875,0.0,0.0,9.700412192614748e-05,298.2313537597656,303.1499938964844,285.1499938964844,0.0,-0.0,285.0964050292969,0.0,0.0,0.0004601448599714,285.0743103027344,294.1499938964844,282.87078857421875,281.17803955078125,288.6466064453125,285.3182678222656,285.15203857421875,0.0,0.0,0.0,0.0,1.0,1.0,-0.0009815321536734,3.704901274659278e-09,0.0009815284283831,-0.0087583903223276,0.0,0.0,0.0,-0.0066494811326265,60.0,-1.512431263923645,-0.0,-6.56856471437095e-08,0.0,283.35400390625,284.5365905761719,288.9228210449219,289.824462890625,293.1499938964844,293.1499938964844,278.1499938964844,0.0,18000.0,313.1499938964844,0.0,18000.0,0.0,0.0,0.0,0.0,0.0,0.0,0.0,0.0,0.0,-0.0,-0.0,-0.0,-5.5419562194307814e-21,-2.7709781097153907e-21,-2.7709781097153907e-21,0.0,0.0,-0.0,0.0,0.0,0.0,-0.0,0.0,0.0,0.0,0.0,0.0,4.0,0.0,0.0
12188580,298.10614013671875,303.1499938964844,285.1499938964844,0.0,-0.0,285.0968322753906,0.0,0.0,9.267596760764718e-05,298.0426025390625,303.1499938964844,285.1499938964844,0.0,-0.0,285.0967102050781,0.0,0.0,9.75923758232966e-05,298.5810241699219,303.1499938964844,285.1499938964844,0.0,-0.0,285.09771728515625,0.0,0.0,7.208152237581089e-05,297.9521484375,303.1499938964844,285.1499938964844,0.0,-0.0,285.09619140625,0.0,0.0,9.759225940797478e-05,298.227783203125,303.1499938964844,285.1499938964844,0.0,-0.0,285.095947265625,0.0,0.0,0.0004629347240552,285.0740051269531,294.1499938964844,282.8274230957031,281.13726806640625,288.5454406738281,284.95855712890625,285.1517028808594,0.0,0.0,0.0,0.0,1.0,1.0,-0.0009874851675704,4.400707354079714e-09,0.0009874807437881,-0.0105814719572663,0.0,0.0,0.0,-0.0069944346323609,60.0,-1.5527957677841189,-0.0,-6.648451744695194e-08,0.0,283.35400390625,284.5365905761719,288.9228210449219,289.824462890625,293.1499938964844,293.1499938964844,278.1499938964844,0.0,18000.0,313.1499938964844,0.0,18000.0,0.0,0.0,0.0,0.0,0.0,0.0,0.0,0.0,0.0,-0.0,-0.0,-0.0,-5.5419562194307814e-21,-2.7709781097153907e-21,-2.7709781097153907e-21,0.0,0.0,-0.0,0.0,0.0,0.0,-0.0,0.0,0.0,0.0,0.0,0.0,4.0,0.0,0.0
12188640,298.10614013671875,303.1499938964844,285.1499938964844,0.0,-0.0,285.0968322753906,0.0,0.0,9.267596760764718e-05,298.0426025390625,303.1499938964844,285.1499938964844,0.0,-0.0,285.0967102050781,0.0,0.0,9.75923758232966e-05,298.5810241699219,303.1499938964844,285.1499938964844,0.0,-0.0,285.09771728515625,0.0,0.0,7.208152237581089e-05,297.9521484375,303.1499938964844,285.1499938964844,0.0,-0.0,285.09619140625,0.0,0.0,9.759225940797478e-05,298.227783203125,303.1499938964844,285.1499938964844,0.0,-0.0,285.095947265625,0.0,0.0,0.0004629347240552,285.0740051269531,294.1499938964844,282.8274230957031,281.13726806640625,288.5454406738281,284.95855712890625,285.1517028808594,0.0,0.0,0.0,0.0,1.0,1.0,-0.0009874851675704,4.400707354079714e-09,0.0009874807437881,-0.0105814719572663,0.0,0.0,0.0,-0.0069944346323609,60.0,-1.5527957677841189,-0.0,-6.648451744695194e-08,0.0,283.35400390625,284.5365905761719,288.9228210449219,289.824462890625,293.1499938964844,293.1499938964844,278.1499938964844,0.0,18000.0,313.1499938964844,0.0,18000.0,0.0,0.0,0.0,0.0,0.0,0.0,0.0,0.0,0.0,-0.0,-0.0,-0.0,-5.5419562194307814e-21,-2.7709781097153907e-21,-2.7709781097153907e-21,0.0,0.0,-0.0,0.0,0.0,0.0,-0.0,0.0,0.0,0.0,0.0,0.0,4.0,0.0,0.0
12188700,298.1003112792969,303.1499938964844,285.1499938964844,0.0,-0.0,285.0966186523437,0.0,0.0,9.262983803637326e-05,298.04119873046875,303.1499938964844,285.1499938964844,0.0,-0.0,285.0964660644531,0.0,0.0,9.754380153026432e-05,298.5743713378906,303.1499938964844,285.1499938964844,0.0,-0.0,285.09747314453125,0.0,0.0,7.204564462881535e-05,297.9486999511719,303.1499938964844,285.1499938964844,0.0,-0.0,285.0959777832031,0.0,0.0,9.754368511494248e-05,298.2259216308594,303.1499938964844,285.1499938964844,0.0,-0.0,285.095703125,0.0,0.0,0.0004627043090295,285.0738525390625,294.1499938964844,282.8062438964844,281.1174011230469,288.4951477050781,284.78472900390625,285.1514892578125,0.0,0.0,0.0,0.0,1.0,1.0,-0.0009869935456663,4.343213344526475e-09,0.0009869892382994,-0.0104308351874351,0.0,0.0,0.0,-0.0069659324362874,60.0,-1.5698809623718262,-0.0,-6.641832328568853e-08,0.0,283.35400390625,284.5365905761719,288.9228210449219,289.824462890625,293.1499938964844,293.1499938964844,278.1499938964844,0.0,18000.0,313.1499938964844,0.0,18000.0,0.0,0.0,0.0,0.0,0.0,0.0,0.0,0.0,0.0,-0.0,-0.0,-0.0,-5.5419562194307814e-21,-2.7709781097153907e-21,-2.7709781097153907e-21,0.0,0.0,-0.0,0.0,0.0,0.0,-0.0,0.0,0.0,0.0,0.0,0.0,4.0,0.0,0.0
12188760,298.0951843261719,303.1499938964844,285.1499938964844,0.0,-0.0,285.09637451171875,0.0,0.0,9.254928590962665e-05,298.0397644042969,303.1499938964844,285.1499938964844,0.0,-0.0,285.0962219238281,0.0,0.0,9.745897114044055e-05,298.56890869140625,303.1499938964844,285.1499938964844,0.0,-0.0,285.0972595214844,0.0,0.0,7.1982984081842e-05,297.9452209472656,303.1499938964844,285.1499938964844,0.0,-0.0,285.0957336425781,0.0,0.0,9.745885472511873e-05,298.2239990234375,303.1499938964844,285.1499938964844,0.0,-0.0,285.0954895019531,0.0,0.0,0.0004623019194696,285.07373046875,294.1499938964844,282.78546142578125,281.0978698730469,288.4450988769531,284.6259765625,285.1513061523437,0.0,0.0,0.0,0.0,1.0,1.0,-0.0009861355647444,4.2428243141046096e-09,0.0009861313737928,-0.0101678101345896,0.0,0.0,0.0,-0.0069161681458354,60.0,-1.5844988822937012,-0.0,-6.630282456399075e-08,0.0,283.35400390625,284.5365905761719,288.9228210449219,289.824462890625,293.1499938964844,293.1499938964844,278.1499938964844,0.0,18000.0,313.1499938964844,0.0,18000.0,0.0,0.0,0.0,0.0,0.0,0.0,0.0,0.0,0.0,-0.0,-0.0,-0.0,-5.5419562194307814e-21,-2.7709781097153907e-21,-2.7709781097153907e-21,0.0,0.0,-0.0,0.0,0.0,0.0,-0.0,0.0,0.0,0.0,0.0,0.0,4.0,0.0,0.0
12188820,298.08709716796875,303.1499938964844,285.1499938964844,0.0,-0.0,285.0959167480469,0.0,0.0,9.224432142218576e-05,298.0372314453125,303.1499938964844,285.1499938964844,0.0,-0.0,285.0957946777344,0.0,0.0,9.713783219922334e-05,298.561279296875,303.1499938964844,285.1499938964844,0.0,-0.0,285.0968017578125,0.0,0.0,7.174578786361963e-05,297.9344177246094,303.1499938964844,285.1499938964844,0.0,-0.0,285.0953063964844,0.0,0.0,9.713771578390153e-05,298.2201843261719,303.1499938964844,285.1499938964844,0.0,-0.0,285.09503173828125,0.0,0.0,0.0004607785958796,285.073486328125,294.1499938964844,282.7452087402344,281.06005859375,288.3460693359375,284.3590087890625,285.1508483886719,0.0,0.0,0.0,0.0,1.0,1.0,-0.0009828859474509,3.862826947198528e-09,0.0009828821057453,-0.0091721769422292,0.0,0.0,0.0,-0.0067277876660227,60.0,-1.6089056730270386,-0.0,-6.586653711337932e-08,0.0,283.35400390625,284.5365905761719,288.9228210449219,289.824462890625,293.1499938964844,293.1499938964844,278.1499938964844,0.0,18000.0,313.1499938964844,0.0,18000.0,0.0,0.0,0.0,0.0,0.0,0.0,0.0,0.0,0.0,-0.0,-0.0,-0.0,-5.5419562194307814e-21,-2.7709781097153907e-21,-2.7709781097153907e-21,0.0,0.0,-0.0,0.0,0.0,0.0,-0.0,0.0,0.0,0.0,0.0,0.0,4.0,0.0,0.0
12188880,298.08709716796875,303.1499938964844,285.1499938964844,0.0,-0.0,285.0959167480469,0.0,0.0,9.224432142218576e-05,298.0372314453125,303.1499938964844,285.1499938964844,0.0,-0.0,285.0957946777344,0.0,0.0,9.713783219922334e-05,298.561279296875,303.1499938964844,285.1499938964844,0.0,-0.0,285.0968017578125,0.0,0.0,7.174578786361963e-05,297.9344177246094,303.1499938964844,285.1499938964844,0.0,-0.0,285.0953063964844,0.0,0.0,9.713771578390153e-05,298.2201843261719,303.1499938964844,285.1499938964844,0.0,-0.0,285.09503173828125,0.0,0.0,0.0004607785958796,285.073486328125,294.1499938964844,282.7452087402344,281.06005859375,288.3460693359375,284.3590087890625,285.1508483886719,0.0,0.0,0.0,0.0,1.0,1.0,-0.0009828859474509,3.862826947198528e-09,0.0009828821057453,-0.0091721769422292,0.0,0.0,0.0,-0.0067277876660227,60.0,-1.6089056730270386,-0.0,-6.586653711337932e-08,0.0,283.35400390625,284.5365905761719,288.9228210449219,289.824462890625,293.1499938964844,293.1499938964844,278.1499938964844,0.0,18000.0,313.1499938964844,0.0,18000.0,0.0,0.0,0.0,0.0,0.0,0.0,0.0,0.0,0.0,-0.0,-0.0,-0.0,-5.5419562194307814e-21,-2.7709781097153907e-21,-2.7709781097153907e-21,0.0,0.0,-0.0,0.0,0.0,0.0,-0.0,0.0,0.0,0.0,0.0,0.0,4.0,0.0,0.0
12188940,298.0805969238281,303.1499938964844,285.1499938964844,0.0,-0.0,285.0954895019531,0.0,0.0,9.197335748467594e-05,298.0350952148437,303.1499938964844,285.1499938964844,0.0,-0.0,285.0953674316406,0.0,0.0,9.685249096946792e-05,298.5574951171875,303.1499938964844,285.1499938964844,0.0,-0.0,285.09637451171875,0.0,0.0,7.15350397513248e-05,297.9148254394531,303.1499938964844,285.1499938964844,0.0,-0.0,285.0948791503906,0.0,0.0,9.68523818301037e-05,298.216064453125,303.1499938964844,285.1499938964844,0.0,-0.0,285.0946350097656,0.0,0.0,0.0004594250931404,285.0732727050781,294.1499938964844,282.706787109375,281.0239562988281,288.2483825683594,284.1498718261719,285.1503601074219,0.0,0.0,0.0,0.0,1.0,1.0,-0.0009799979161471,3.5251861429941304e-09,0.0009799943072721,-0.0082875005900859,0.0,0.0,0.0,-0.0065604019910097,60.0,-1.6300923824310305,-0.0,-6.548009423568146e-08,0.0,283.35400390625,284.5365905761719,288.9228210449219,289.824462890625,293.1499938964844,293.1499938964844,278.1499938964844,0.0,18000.0,313.1499938964844,0.0,18000.0,0.0,0.0,0.0,0.0,0.0,0.0,0.0,0.0,0.0,-0.0,-0.0,-0.0,-5.5419562194307814e-21,-2.7709781097153907e-21,-2.7709781097153907e-21,0.0,0.0,-0.0,0.0,0.0,0.0,-0.0,0.0,0.0,0.0,0.0,0.0,4.0,0.0,0.0
12189000,298.0805969238281,303.1499938964844,285.1499938964844,0.0,-0.0,285.0954895019531,0.0,0.0,9.197335748467594e-05,298.0350952148437,303.1499938964844,285.1499938964844,0.0,-0.0,285.0953674316406,0.0,0.0,9.685249096946792e-05,298.5574951171875,303.1499938964844,285.1499938964844,0.0,-0.0,285.09637451171875,0.0,0.0,7.15350397513248e-05,297.9148254394531,303.1499938964844,285.1499938964844,0.0,-0.0,285.0948791503906,0.0,0.0,9.68523818301037e-05,298.216064453125,303.1499938964844,285.1499938964844,0.0,-0.0,285.0946350097656,0.0,0.0,0.0004594250931404,285.0732727050781,294.1499938964844,282.706787109375,281.0239562988281,288.2483825683594,284.1498718261719,285.1503601074219,0.0,0.0,0.0,0.0,1.0,1.0,-0.0009799979161471,3.5251861429941304e-09,0.0009799943072721,-0.0082875005900859,0.0,0.0,0.0,-0.0065604019910097,60.0,-1.6300923824310305,-0.0,-6.548009423568146e-08,0.0,283.35400390625,284.5365905761719,288.9228210449219,289.824462890625,293.1499938964844,293.1499938964844,278.1499938964844,0.0,18000.0,313.1499938964844,0.0,18000.0,0.0,0.0,0.0,0.0,0.0,0.0,0.0,0.0,0.0,-0.0,-0.0,-0.0,-5.5419562194307814e-21,-2.7709781097153907e-21,-2.7709781097153907e-21,0.0,0.0,-0.0,0.0,0.0,0.0,-0.0,0.0,0.0,0.0,0.0,0.0,4.0,0.0,0.0
12189060,298.0740966796875,303.1499938964844,285.1499938964844,0.0,-0.0,285.0950927734375,0.0,0.0,9.19358863029629e-05,298.03240966796875,303.1499938964844,285.1499938964844,0.0,-0.0,285.094970703125,0.0,0.0,9.681302617536858e-05,298.5568542480469,303.1499938964844,285.1499938964844,0.0,-0.0,285.095947265625,0.0,0.0,7.150588498916477e-05,297.8919982910156,303.1499938964844,285.1499938964844,0.0,-0.0,285.094482421875,0.0,0.0,9.681291703600436e-05,298.21148681640625,303.1499938964844,285.1499938964844,0.0,-0.0,285.09423828125,0.0,0.0,0.0004592378973029,285.0730895996094,294.1499938964844,282.6704406738281,280.9898376464844,288.1519470214844,283.9743347167969,285.1498413085937,0.0,0.0,0.0,0.0,1.0,1.0,-0.0009795973310247,3.4784506386387193e-09,0.000979593838565,-0.00816504471004,0.0,0.0,0.0,-0.0065372288227081,60.0,-1.6521711349487305,-0.0,-6.542668984366173e-08,0.0,283.35400390625,284.5365905761719,288.9228210449219,289.824462890625,293.1499938964844,293.1499938964844,278.1499938964844,0.0,18000.0,313.1499938964844,0.0,18000.0,0.0,0.0,0.0,0.0,0.0,0.0,0.0,0.0,0.0,-0.0,-0.0,-0.0,-5.5419562194307814e-21,-2.7709781097153907e-21,-2.7709781097153907e-21,0.0,0.0,-0.0,0.0,0.0,0.0,-0.0,0.0,0.0,0.0,0.0,0.0,4.0,0.0,0.0
12189120,298.0740966796875,303.1499938964844,285.1499938964844,0.0,-0.0,285.0950927734375,0.0,0.0,9.19358863029629e-05,298.03240966796875,303.1499938964844,285.1499938964844,0.0,-0.0,285.094970703125,0.0,0.0,9.681302617536858e-05,298.5568542480469,303.1499938964844,285.1499938964844,0.0,-0.0,285.095947265625,0.0,0.0,7.150588498916477e-05,297.8919982910156,303.1499938964844,285.1499938964844,0.0,-0.0,285.094482421875,0.0,0.0,9.681291703600436e-05,298.21148681640625,303.1499938964844,285.1499938964844,0.0,-0.0,285.09423828125,0.0,0.0,0.0004592378973029,285.0730895996094,294.1499938964844,282.6704406738281,280.9898376464844,288.1519470214844,283.9743347167969,285.1498413085937,0.0,0.0,0.0,0.0,1.0,1.0,-0.0009795973310247,3.4784506386387193e-09,0.000979593838565,-0.00816504471004,0.0,0.0,0.0,-0.0065372288227081,60.0,-1.6521711349487305,-0.0,-6.542668984366173e-08,0.0,283.35400390625,284.5365905761719,288.9228210449219,289.824462890625,293.1499938964844,293.1499938964844,278.1499938964844,0.0,18000.0,313.1499938964844,0.0,18000.0,0.0,0.0,0.0,0.0,0.0,0.0,0.0,0.0,0.0,-0.0,-0.0,-0.0,-5.5419562194307814e-21,-2.7709781097153907e-21,-2.7709781097153907e-21,0.0,0.0,-0.0,0.0,0.0,0.0,-0.0,0.0,0.0,0.0,0.0,0.0,4.0,0.0,0.0
12189180,298.06671142578125,303.1499938964844,285.1499938964844,0.0,-0.0,285.0947265625,0.0,0.0,9.21138416742906e-05,298.0284729003906,303.1499938964844,285.1499938964844,0.0,-0.0,285.0945739746094,0.0,0.0,9.700042573967949e-05,298.558349609375,303.1499938964844,285.1499938964844,0.0,-0.0,285.0955505371094,0.0,0.0,7.164429553085938e-05,297.86981201171875,303.1499938964844,285.1499938964844,0.0,-0.0,285.0941162109375,0.0,0.0,9.700031660031529e-05,298.2065124511719,303.1499938964844,285.1499938964844,0.0,-0.0,285.0938720703125,0.0,0.0,0.0004601268738042,285.07293701171875,294.1499938964844,282.63641357421875,280.95782470703125,288.05645751953125,283.8099365234375,285.1492614746094,0.0,0.0,0.0,0.0,1.0,1.0,-0.0009814926888793,3.700126649519575e-09,0.000981488963589,-0.0087458789348602,0.0,0.0,0.0,-0.0066471211612224,60.0,-1.6767244338989258,-0.0,-6.568018307007152e-08,0.0,283.35400390625,284.5365905761719,288.9228210449219,289.824462890625,293.1499938964844,293.1499938964844,278.1499938964844,0.0,18000.0,313.1499938964844,0.0,18000.0,0.0,0.0,0.0,0.0,0.0,0.0,0.0,0.0,0.0,-0.0,-0.0,-0.0,-5.5419562194307814e-21,-2.7709781097153907e-21,-2.7709781097153907e-21,0.0,0.0,-0.0,0.0,0.0,0.0,-0.0,0.0,0.0,0.0,0.0,0.0,4.0,0.0,0.0
12189240,298.06671142578125,303.1499938964844,285.1499938964844,0.0,-0.0,285.0947265625,0.0,0.0,9.21138416742906e-05,298.0284729003906,303.1499938964844,285.1499938964844,0.0,-0.0,285.0945739746094,0.0,0.0,9.700042573967949e-05,298.558349609375,303.1499938964844,285.1499938964844,0.0,-0.0,285.0955505371094,0.0,0.0,7.164429553085938e-05,297.86981201171875,303.1499938964844,285.1499938964844,0.0,-0.0,285.0941162109375,0.0,0.0,9.700031660031529e-05,298.2065124511719,303.1499938964844,285.1499938964844,0.0,-0.0,285.0938720703125,0.0,0.0,0.0004601268738042,285.07293701171875,294.1499938964844,282.63641357421875,280.95782470703125,288.05645751953125,283.8099365234375,285.1492614746094,0.0,0.0,0.0,0.0,1.0,1.0,-0.0009814926888793,3.700126649519575e-09,0.000981488963589,-0.0087458789348602,0.0,0.0,0.0,-0.0066471211612224,60.0,-1.6767244338989258,-0.0,-6.568018307007152e-08,0.0,283.35400390625,284.5365905761719,288.9228210449219,289.824462890625,293.1499938964844,293.1499938964844,278.1499938964844,0.0,18000.0,313.1499938964844,0.0,18000.0,0.0,0.0,0.0,0.0,0.0,0.0,0.0,0.0,0.0,-0.0,-0.0,-0.0,-5.5419562194307814e-21,-2.7709781097153907e-21,-2.7709781097153907e-21,0.0,0.0,-0.0,0.0,0.0,0.0,-0.0,0.0,0.0,0.0,0.0,0.0,4.0,0.0,0.0
12189300,298.0626525878906,303.1499938964844,285.1499938964844,0.0,-0.0,285.09454345703125,0.0,0.0,9.223943197866902e-05,298.0259704589844,303.1499938964844,285.1499938964844,0.0,-0.0,285.0943908691406,0.0,0.0,9.713267354527488e-05,298.5595092773437,303.1499938964844,285.1499938964844,0.0,-0.0,285.0953674316406,0.0,0.0,7.17419752618298e-05,297.8596496582031,303.1499938964844,285.1499938964844,0.0,-0.0,285.09393310546875,0.0,0.0,9.713256440591068e-05,298.2038879394531,303.1499938964844,285.1499938964844,0.0,-0.0,285.0936889648437,0.0,0.0,0.0004607542068697,285.0728759765625,294.1499938964844,282.62030029296875,280.9427185058594,288.009033203125,283.7287902832031,285.1489562988281,0.0,0.0,0.0,0.0,1.0,1.0,-0.0009828306501731,3.856574171123839e-09,0.0009828268084675,-0.0091557949781417,0.0,0.0,0.0,-0.0067246789112687,60.0,-1.6895751953125,-0.0,-6.585937484260286e-08,0.0,283.35400390625,284.5365905761719,288.9228210449219,289.824462890625,293.1499938964844,293.1499938964844,278.1499938964844,0.0,18000.0,313.1499938964844,0.0,18000.0,0.0,0.0,0.0,0.0,0.0,0.0,0.0,0.0,0.0,-0.0,-0.0,-0.0,-5.5419562194307814e-21,-2.7709781097153907e-21,-2.7709781097153907e-21,0.0,0.0,-0.0,0.0,0.0,0.0,-0.0,0.0,0.0,0.0,0.0,0.0,4.0,0.0,0.0
12189360,298.0584411621094,303.1499938964844,285.1499938964844,0.0,-0.0,285.0943603515625,0.0,0.0,9.236342884832992e-05,298.023193359375,303.1499938964844,285.1499938964844,0.0,-0.0,285.09423828125,0.0,0.0,9.726324788061902e-05,298.5606994628906,303.1499938964844,285.1499938964844,0.0,-0.0,285.0951843261719,0.0,0.0,7.18384180800058e-05,297.8503723144531,303.1499938964844,285.1499938964844,0.0,-0.0,285.09375,0.0,0.0,9.726314601721242e-05,298.20123291015625,303.1499938964844,285.1499938964844,0.0,-0.0,285.093505859375,0.0,0.0,0.0004613735945895,285.0727844238281,294.1499938964844,282.6048278808594,280.9281921386719,287.9618530273437,283.6484680175781,285.1486511230469,0.0,0.0,0.0,0.0,1.0,1.0,-0.0009841517312452,4.011041720985986e-09,0.0009841477731242,-0.0095605198293924,0.0,0.0,0.0,-0.0068012555129826,60.0,-1.7023292779922483,-0.0,-6.603653446290991e-08,0.0,283.35400390625,284.5365905761719,288.9228210449219,289.824462890625,293.1499938964844,293.1499938964844,278.1499938964844,0.0,18000.0,313.1499938964844,0.0,18000.0,0.0,0.0,0.0,0.0,0.0,0.0,0.0,0.0,0.0,-0.0,-0.0,-0.0,-5.5419562194307814e-21,-2.7709781097153907e-21,-2.7709781097153907e-21,0.0,0.0,-0.0,0.0,0.0,0.0,-0.0,0.0,0.0,0.0,0.0,0.0,4.0,0.0,0.0
12189420,298.0500183105469,303.1499938964844,285.1499938964844,0.0,-0.0,285.0940246582031,0.0,0.0,9.255771146854386e-05,298.0172119140625,303.1499938964844,285.1499938964844,0.0,-0.0,285.0938720703125,0.0,0.0,9.746784053277224e-05,298.5624084472656,303.1499938964844,285.1499938964844,0.0,-0.0,285.0948181152344,0.0,0.0,7.198952516773716e-05,297.8343200683594,303.1499938964844,285.1499938964844,0.0,-0.0,285.0934143066406,0.0,0.0,9.746773866936564e-05,298.19580078125,303.1499938964844,285.1499938964844,0.0,-0.0,285.0932006835937,0.0,0.0,0.0004623441200237,285.0726928710937,294.1499938964844,282.5759582519531,280.90106201171875,287.8681030273437,283.4926452636719,285.14801025390625,0.0,0.0,0.0,0.0,1.0,1.0,-0.0009862218284979,4.253060126302444e-09,0.0009862176375463,-0.0101946284994483,0.0,0.0,0.0,-0.0069212364032864,60.0,-1.726522445678711,-0.0,-6.631459825712227e-08,0.0,283.35400390625,284.5365905761719,288.9228210449219,289.824462890625,293.1499938964844,293.1499938964844,278.1499938964844,0.0,18000.0,313.1499938964844,0.0,18000.0,0.0,0.0,0.0,0.0,0.0,0.0,0.0,0.0,0.0,-0.0,-0.0,-0.0,-5.5419562194307814e-21,-2.7709781097153907e-21,-2.7709781097153907e-21,0.0,0.0,-0.0,0.0,0.0,0.0,-0.0,0.0,0.0,0.0,0.0,0.0,4.0,0.0,0.0
12189480,298.0500183105469,303.1499938964844,285.1499938964844,0.0,-0.0,285.0940246582031,0.0,0.0,9.255771146854386e-05,298.0172119140625,303.1499938964844,285.1499938964844,0.0,-0.0,285.0938720703125,0.0,0.0,9.746784053277224e-05,298.5624084472656,303.1499938964844,285.1499938964844,0.0,-0.0,285.0948181152344,0.0,0.0,7.198952516773716e-05,297.8343200683594,303.1499938964844,285.1499938964844,0.0,-0.0,285.0934143066406,0.0,0.0,9.746773866936564e-05,298.19580078125,303.1499938964844,285.1499938964844,0.0,-0.0,285.0932006835937,0.0,0.0,0.0004623441200237,285.0726928710937,294.1499938964844,282.5759582519531,280.90106201171875,287.8681030273437,283.4926452636719,285.14801025390625,0.0,0.0,0.0,0.0,1.0,1.0,-0.0009862218284979,4.253060126302444e-09,0.0009862176375463,-0.0101946284994483,0.0,0.0,0.0,-0.0069212364032864,60.0,-1.726522445678711,-0.0,-6.631459825712227e-08,0.0,283.35400390625,284.5365905761719,288.9228210449219,289.824462890625,293.1499938964844,293.1499938964844,278.1499938964844,0.0,18000.0,313.1499938964844,0.0,18000.0,0.0,0.0,0.0,0.0,0.0,0.0,0.0,0.0,0.0,-0.0,-0.0,-0.0,-5.5419562194307814e-21,-2.7709781097153907e-21,-2.7709781097153907e-21,0.0,0.0,-0.0,0.0,0.0,0.0,-0.0,0.0,0.0,0.0,0.0,0.0,4.0,0.0,0.0
12189540,298.0421447753906,303.1499938964844,285.1499938964844,0.0,-0.0,285.0936889648437,0.0,0.0,9.26300199353136e-05,298.0111389160156,303.1499938964844,285.1499938964844,0.0,-0.0,285.09356689453125,0.0,0.0,9.754398342920469e-05,298.561767578125,303.1499938964844,285.1499938964844,0.0,-0.0,285.094482421875,0.0,0.0,7.20457683200948e-05,297.8222045898437,303.1499938964844,285.1499938964844,0.0,-0.0,285.0931091308594,0.0,0.0,9.754388156579807e-05,298.1903991699219,303.1499938964844,285.1499938964844,0.0,-0.0,285.0928649902344,0.0,0.0,0.0004627053276635,285.0726013183594,294.1499938964844,282.54998779296875,280.8766784667969,287.7754211425781,283.3500061035156,285.1473388671875,0.0,0.0,0.0,0.0,1.0,1.0,-0.0009869923815131,4.343107207205321e-09,0.0009869880741462,-0.0104305576533079,0.0,0.0,0.0,-0.0069658788852393,60.0,-1.747222065925598,-0.0,-6.641820249342345e-08,0.0,283.35400390625,284.5365905761719,288.9228210449219,289.824462890625,293.1499938964844,293.1499938964844,278.1499938964844,0.0,18000.0,313.1499938964844,0.0,18000.0,0.0,0.0,0.0,0.0,0.0,0.0,0.0,0.0,0.0,-0.0,-0.0,-0.0,-5.5419562194307814e-21,-2.7709781097153907e-21,-2.7709781097153907e-21,0.0,0.0,-0.0,0.0,0.0,0.0,-0.0,0.0,0.0,0.0,0.0,0.0,4.0,0.0,0.0
12189600,298.0421447753906,303.1499938964844,285.1499938964844,0.0,-0.0,285.0936889648437,0.0,0.0,9.26300199353136e-05,298.0111389160156,303.1499938964844,285.1499938964844,0.0,-0.0,285.09356689453125,0.0,0.0,9.754398342920469e-05,298.561767578125,303.1499938964844,285.1499938964844,0.0,-0.0,285.094482421875,0.0,0.0,7.20457683200948e-05,297.8222045898437,303.1499938964844,285.1499938964844,0.0,-0.0,285.0931091308594,0.0,0.0,9.754388156579807e-05,298.1903991699219,303.1499938964844,285.1499938964844,0.0,-0.0,285.0928649902344,0.0,0.0,0.0004627053276635,285.0726013183594,294.1499938964844,282.54998779296875,280.8766784667969,287.7754211425781,283.3500061035156,285.1473388671875,0.0,0.0,0.0,0.0,1.0,1.0,-0.0009869923815131,4.343107207205321e-09,0.0009869880741462,-0.0104305576533079,0.0,0.0,0.0,-0.0069658788852393,60.0,-1.747222065925598,-0.0,-6.641820249342345e-08,0.0,283.35400390625,284.5365905761719,288.9228210449219,289.824462890625,293.1499938964844,293.1499938964844,278.1499938964844,0.0,18000.0,313.1499938964844,0.0,18000.0,0.0,0.0,0.0,0.0,0.0,0.0,0.0,0.0,0.0,-0.0,-0.0,-0.0,-5.5419562194307814e-21,-2.7709781097153907e-21,-2.7709781097153907e-21,0.0,0.0,-0.0,0.0,0.0,0.0,-0.0,0.0,0.0,0.0,0.0,0.0,4.0,0.0,0.0
12189660,298.0353088378906,303.1499938964844,285.1499938964844,0.0,-0.0,285.0933837890625,0.0,0.0,9.25658969208598e-05,298.00555419921875,303.1499938964844,285.1499938964844,0.0,-0.0,285.09326171875,0.0,0.0,9.747645526658744e-05,298.5576171875,303.1499938964844,285.1499938964844,0.0,-0.0,285.0941772460937,0.0,0.0,7.199589163064957e-05,297.8138427734375,303.1499938964844,285.1499938964844,0.0,-0.0,285.0928039550781,0.0,0.0,9.747635340318084e-05,298.1851501464844,303.1499938964844,285.1499938964844,0.0,-0.0,285.0925598144531,0.0,0.0,0.0004623850109055,285.0725402832031,294.1499938964844,282.52618408203125,280.85565185546875,287.6839294433594,283.22576904296875,285.1466064453125,0.0,0.0,0.0,0.0,1.0,1.0,-0.0009863091399893,4.2631724816999395e-09,0.0009863049490377,-0.0102211227640509,0.0,0.0,0.0,-0.0069262534379959,60.0,-1.7637497186660769,-0.0,-6.63262227362793e-08,0.0,283.35400390625,284.5365905761719,288.9228210449219,289.824462890625,293.1499938964844,293.1499938964844,278.1499938964844,0.0,18000.0,313.1499938964844,0.0,18000.0,0.0,0.0,0.0,0.0,0.0,0.0,0.0,0.0,0.0,-0.0,-0.0,-0.0,-5.5419562194307814e-21,-2.7709781097153907e-21,-2.7709781097153907e-21,0.0,0.0,-0.0,0.0,0.0,0.0,-0.0,0.0,0.0,0.0,0.0,0.0,4.0,0.0,0.0
12189720,298.0353088378906,303.1499938964844,285.1499938964844,0.0,-0.0,285.0933837890625,0.0,0.0,9.25658969208598e-05,298.00555419921875,303.1499938964844,285.1499938964844,0.0,-0.0,285.09326171875,0.0,0.0,9.747645526658744e-05,298.5576171875,303.1499938964844,285.1499938964844,0.0,-0.0,285.0941772460937,0.0,0.0,7.199589163064957e-05,297.8138427734375,303.1499938964844,285.1499938964844,0.0,-0.0,285.0928039550781,0.0,0.0,9.747635340318084e-05,298.1851501464844,303.1499938964844,285.1499938964844,0.0,-0.0,285.0925598144531,0.0,0.0,0.0004623850109055,285.0725402832031,294.1499938964844,282.52618408203125,280.85565185546875,287.6839294433594,283.22576904296875,285.1466064453125,0.0,0.0,0.0,0.0,1.0,1.0,-0.0009863091399893,4.2631724816999395e-09,0.0009863049490377,-0.0102211227640509,0.0,0.0,0.0,-0.0069262534379959,60.0,-1.7637497186660769,-0.0,-6.63262227362793e-08,0.0,283.35400390625,284.5365905761719,288.9228210449219,289.824462890625,293.1499938964844,293.1499938964844,278.1499938964844,0.0,18000.0,313.1499938964844,0.0,18000.0,0.0,0.0,0.0,0.0,0.0,0.0,0.0,0.0,0.0,-0.0,-0.0,-0.0,-5.5419562194307814e-21,-2.7709781097153907e-21,-2.7709781097153907e-21,0.0,0.0,-0.0,0.0,0.0,0.0,-0.0,0.0,0.0,0.0,0.0,0.0,4.0,0.0,0.0
12189780,298.0295715332031,303.1499938964844,285.1499938964844,0.0,-0.0,285.0931091308594,0.0,0.0,9.23898332985118e-05,298.000732421875,303.1499938964844,285.1499938964844,0.0,-0.0,285.09295654296875,0.0,0.0,9.72910493146628e-05,298.5498046875,303.1499938964844,285.1499938964844,0.0,-0.0,285.0938720703125,0.0,0.0,7.18589435564354e-05,297.8089599609375,303.1499938964844,285.1499938964844,0.0,-0.0,285.092529296875,0.0,0.0,9.729094745125622e-05,298.1802062988281,303.1499938964844,285.1499938964844,0.0,-0.0,285.09228515625,0.0,0.0,0.0004615055222529,285.0724792480469,294.1499938964844,282.5036315917969,280.83837890625,287.59375,283.121337890625,285.1458740234375,0.0,0.0,0.0,0.0,1.0,1.0,-0.0009844329906627,4.043765322592208e-09,0.0009844290325418,-0.0096462583169341,0.0,0.0,0.0,-0.0068174852058291,60.0,-1.776808261871338,-0.0,-6.607410085734955e-08,0.0,283.35400390625,284.5365905761719,288.9228210449219,289.824462890625,293.1499938964844,293.1499938964844,278.1499938964844,0.0,18000.0,313.1499938964844,0.0,18000.0,0.0,0.0,0.0,0.0,0.0,0.0,0.0,0.0,0.0,-0.0,-0.0,-0.0,-5.5419562194307814e-21,-2.7709781097153907e-21,-2.7709781097153907e-21,0.0,0.0,-0.0,0.0,0.0,0.0,-0.0,0.0,0.0,0.0,0.0,0.0,4.0,0.0,0.0
12189840,298.0295715332031,303.1499938964844,285.1499938964844,0.0,-0.0,285.0931091308594,0.0,0.0,9.23898332985118e-05,298.000732421875,303.1499938964844,285.1499938964844,0.0,-0.0,285.09295654296875,0.0,0.0,9.72910493146628e-05,298.5498046875,303.1499938964844,285.1499938964844,0.0,-0.0,285.0938720703125,0.0,0.0,7.18589435564354e-05,297.8089599609375,303.1499938964844,285.1499938964844,0.0,-0.0,285.092529296875,0.0,0.0,9.729094745125622e-05,298.1802062988281,303.1499938964844,285.1499938964844,0.0,-0.0,285.09228515625,0.0,0.0,0.0004615055222529,285.0724792480469,294.1499938964844,282.5036315917969,280.83837890625,287.59375,283.121337890625,285.1458740234375,0.0,0.0,0.0,0.0,1.0,1.0,-0.0009844329906627,4.043765322592208e-09,0.0009844290325418,-0.0096462583169341,0.0,0.0,0.0,-0.0068174852058291,60.0,-1.776808261871338,-0.0,-6.607410085734955e-08,0.0,283.35400390625,284.5365905761719,288.9228210449219,289.824462890625,293.1499938964844,293.1499938964844,278.1499938964844,0.0,18000.0,313.1499938964844,0.0,18000.0,0.0,0.0,0.0,0.0,0.0,0.0,0.0,0.0,0.0,-0.0,-0.0,-0.0,-5.5419562194307814e-21,-2.7709781097153907e-21,-2.7709781097153907e-21,0.0,0.0,-0.0,0.0,0.0,0.0,-0.0,0.0,0.0,0.0,0.0,0.0,4.0,0.0,0.0
12189900,298.0271301269531,303.1499938964844,285.1499938964844,0.0,-0.0,285.09295654296875,0.0,0.0,9.22742547118105e-05,297.9986267089844,303.1499938964844,285.1499938964844,0.0,-0.0,285.09283447265625,0.0,0.0,9.716933709569275e-05,298.5446472167969,303.1499938964844,285.1499938964844,0.0,-0.0,285.09375,0.0,0.0,7.176904910011217e-05,297.8078308105469,303.1499938964844,285.1499938964844,0.0,-0.0,285.0924072265625,0.0,0.0,9.716923523228616e-05,298.1778564453125,303.1499938964844,285.1499938964844,0.0,-0.0,285.0921630859375,0.0,0.0,0.000460928218672,285.07244873046875,294.1499938964844,282.4927673339844,280.8310546875,287.5491943359375,283.0765380859375,285.1454772949219,0.0,0.0,0.0,0.0,1.0,1.0,-0.0009832014329731,3.8997498563730915e-09,0.0009831974748522,-0.0092689199373126,0.0,0.0,0.0,-0.0067460904829204,60.0,-1.7822564840316772,-0.0,-6.59088712495759e-08,0.0,283.35400390625,284.5365905761719,288.9228210449219,289.824462890625,293.1499938964844,293.1499938964844,278.1499938964844,0.0,18000.0,313.1499938964844,0.0,18000.0,0.0,0.0,0.0,0.0,0.0,0.0,0.0,0.0,0.0,-0.0,-0.0,-0.0,-5.5419562194307814e-21,-2.7709781097153907e-21,-2.7709781097153907e-21,0.0,0.0,-0.0,0.0,0.0,0.0,-0.0,0.0,0.0,0.0,0.0,0.0,4.0,0.0,0.0
12189960,298.0248718261719,303.1499938964844,285.1499938964844,0.0,-0.0,285.09283447265625,0.0,0.0,9.215484169544652e-05,297.9967346191406,303.1499938964844,285.1499938964844,0.0,-0.0,285.0926818847656,0.0,0.0,9.704359399620444e-05,298.538818359375,303.1499938964844,285.1499938964844,0.0,-0.0,285.0935974121094,0.0,0.0,7.167617150116712e-05,297.8075866699219,303.1499938964844,285.1499938964844,0.0,-0.0,285.0922546386719,0.0,0.0,9.704349213279784e-05,298.1756286621094,303.1499938964844,285.1499938964844,0.0,-0.0,285.092041015625,0.0,0.0,0.0004603317356668,285.07244873046875,294.1499938964844,282.4822082519531,280.8246154785156,287.5050048828125,283.0361328125,285.14508056640625,0.0,0.0,0.0,0.0,1.0,1.0,-0.0009819288970902,3.750953769809939e-09,0.0009819251717999,-0.0088790524750947,0.0,0.0,0.0,-0.0066723260097205,60.0,-1.7872213125228882,-0.0,-6.57383694147029e-08,0.0,283.35400390625,284.5365905761719,288.9228210449219,289.824462890625,293.1499938964844,293.1499938964844,278.1499938964844,0.0,18000.0,313.1499938964844,0.0,18000.0,0.0,0.0,0.0,0.0,0.0,0.0,0.0,0.0,0.0,-0.0,-0.0,-0.0,-5.5419562194307814e-21,-2.7709781097153907e-21,-2.7709781097153907e-21,0.0,0.0,-0.0,0.0,0.0,0.0,-0.0,0.0,0.0,0.0,0.0,0.0,4.0,0.0,0.0
12190020,298.0207214355469,303.1499938964844,285.1499938964844,0.0,-0.0,285.0925598144531,0.0,0.0,9.196231985697524e-05,297.9932556152344,303.1499938964844,285.1499938964844,0.0,-0.0,285.0924377441406,0.0,0.0,9.684085671324284e-05,298.5259704589844,303.1499938964844,285.1499938964844,0.0,-0.0,285.09332275390625,0.0,0.0,7.152643229346722e-05,297.8095397949219,303.1499938964844,285.1499938964844,0.0,-0.0,285.0920104980469,0.0,0.0,9.684075484983624e-05,298.1714172363281,303.1499938964844,285.1499938964844,0.0,-0.0,285.091796875,0.0,0.0,0.000459370057797,285.07244873046875,294.1499938964844,282.4618835449219,280.8140869140625,287.4176025390625,282.96514892578125,285.1442565917969,0.0,0.0,0.0,0.0,1.0,1.0,-0.0009798768442124,3.5110503393553927e-09,0.0009798733517527,-0.0082504618912935,0.0,0.0,0.0,-0.0065533933229744,60.0,-1.7966243028640747,-0.0,-6.546393649387029e-08,0.0,283.35400390625,284.5365905761719,288.9228210449219,289.824462890625,293.1499938964844,293.1499938964844,278.1499938964844,0.0,18000.0,313.1499938964844,0.0,18000.0,0.0,0.0,0.0,0.0,0.0,0.0,0.0,0.0,0.0,-0.0,-0.0,-0.0,-5.5419562194307814e-21,-2.7709781097153907e-21,-2.7709781097153907e-21,0.0,0.0,-0.0,0.0,0.0,0.0,-0.0,0.0,0.0,0.0,0.0,0.0,4.0,0.0,0.0
12190080,298.0207214355469,303.1499938964844,285.1499938964844,0.0,-0.0,285.0925598144531,0.0,0.0,9.196231985697524e-05,297.9932556152344,303.1499938964844,285.1499938964844,0.0,-0.0,285.0924377441406,0.0,0.0,9.684085671324284e-05,298.5259704589844,303.1499938964844,285.1499938964844,0.0,-0.0,285.09332275390625,0.0,0.0,7.152643229346722e-05,297.8095397949219,303.1499938964844,285.1499938964844,0.0,-0.0,285.0920104980469,0.0,0.0,9.684075484983624e-05,298.1714172363281,303.1499938964844,285.1499938964844,0.0,-0.0,285.091796875,0.0,0.0,0.000459370057797,285.07244873046875,294.1499938964844,282.4618835449219,280.8140869140625,287.4176025390625,282.96514892578125,285.1442565917969,0.0,0.0,0.0,0.0,1.0,1.0,-0.0009798768442124,3.5110503393553927e-09,0.0009798733517527,-0.0082504618912935,0.0,0.0,0.0,-0.0065533933229744,60.0,-1.7966243028640747,-0.0,-6.546393649387029e-08,0.0,283.35400390625,284.5365905761719,288.9228210449219,289.824462890625,293.1499938964844,293.1499938964844,278.1499938964844,0.0,18000.0,313.1499938964844,0.0,18000.0,0.0,0.0,0.0,0.0,0.0,0.0,0.0,0.0,0.0,-0.0,-0.0,-0.0,-5.5419562194307814e-21,-2.7709781097153907e-21,-2.7709781097153907e-21,0.0,0.0,-0.0,0.0,0.0,0.0,-0.0,0.0,0.0,0.0,0.0,0.0,4.0,0.0,0.0
12190140,298.0165100097656,303.1499938964844,285.1499938964844,0.0,-0.0,285.09234619140625,0.0,0.0,9.19427038752474e-05,297.98980712890625,303.1499938964844,285.1499938964844,0.0,-0.0,285.0921936035156,0.0,0.0,9.682019299361856e-05,298.51251220703125,303.1499938964844,285.1499938964844,0.0,-0.0,285.09307861328125,0.0,0.0,7.151116733439267e-05,297.8153381347656,303.1499938964844,285.1499938964844,0.0,-0.0,285.091796875,0.0,0.0,9.682009840616956e-05,298.1677551269531,303.1499938964844,285.1499938964844,0.0,-0.0,285.091552734375,0.0,0.0,0.0004592720651999,285.07244873046875,294.1499938964844,282.4425048828125,280.8065795898437,287.3314819335937,282.9035339355469,285.1434326171875,0.0,0.0,0.0,0.0,1.0,1.0,-0.0009796667145565,3.486568367350173e-09,0.0009796632220968,-0.0081863151863217,0.0,0.0,0.0,-0.006541253067553,60.0,-1.807294845581055,-0.0,-6.543596953179076e-08,0.0,283.35400390625,284.5365905761719,288.9228210449219,289.824462890625,293.1499938964844,293.1499938964844,278.1499938964844,0.0,18000.0,313.1499938964844,0.0,18000.0,0.0,0.0,0.0,0.0,0.0,0.0,0.0,0.0,0.0,-0.0,-0.0,-0.0,-5.5419562194307814e-21,-2.7709781097153907e-21,-2.7709781097153907e-21,0.0,0.0,-0.0,0.0,0.0,0.0,-0.0,0.0,0.0,0.0,0.0,0.0,4.0,0.0,0.0
12190200,298.0165100097656,303.1499938964844,285.1499938964844,0.0,-0.0,285.09234619140625,0.0,0.0,9.19427038752474e-05,297.98980712890625,303.1499938964844,285.1499938964844,0.0,-0.0,285.0921936035156,0.0,0.0,9.682019299361856e-05,298.51251220703125,303.1499938964844,285.1499938964844,0.0,-0.0,285.09307861328125,0.0,0.0,7.151116733439267e-05,297.8153381347656,303.1499938964844,285.1499938964844,0.0,-0.0,285.091796875,0.0,0.0,9.682009840616956e-05,298.1677551269531,303.1499938964844,285.1499938964844,0.0,-0.0,285.091552734375,0.0,0.0,0.0004592720651999,285.07244873046875,294.1499938964844,282.4425048828125,280.8065795898437,287.3314819335937,282.9035339355469,285.1434326171875,0.0,0.0,0.0,0.0,1.0,1.0,-0.0009796667145565,3.486568367350173e-09,0.0009796632220968,-0.0081863151863217,0.0,0.0,0.0,-0.006541253067553,60.0,-1.807294845581055,-0.0,-6.543596953179076e-08,0.0,283.35400390625,284.5365905761719,288.9228210449219,289.824462890625,293.1499938964844,293.1499938964844,278.1499938964844,0.0,18000.0,313.1499938964844,0.0,18000.0,0.0,0.0,0.0,0.0,0.0,0.0,0.0,0.0,0.0,-0.0,-0.0,-0.0,-5.5419562194307814e-21,-2.7709781097153907e-21,-2.7709781097153907e-21,0.0,0.0,-0.0,0.0,0.0,0.0,-0.0,0.0,0.0,0.0,0.0,0.0,4.0,0.0,0.0
12190260,298.0115966796875,303.1499938964844,285.1499938964844,0.0,-0.0,285.09210205078125,0.0,0.0,9.215003228746356e-05,297.9857177734375,303.1499938964844,285.1499938964844,0.0,-0.0,285.09197998046875,0.0,0.0,9.703852265374736e-05,298.49981689453125,303.1499938964844,285.1499938964844,0.0,-0.0,285.0928649902344,0.0,0.0,7.167242438299581e-05,297.8251647949219,303.1499938964844,285.1499938964844,0.0,-0.0,285.091552734375,0.0,0.0,9.703842806629837e-05,298.1647644042969,303.1499938964844,285.1499938964844,0.0,-0.0,285.0913391113281,0.0,0.0,0.0004603077250067,285.0724792480469,294.1499938964844,282.424072265625,280.8018798828125,287.2464294433594,282.844482421875,285.1425476074219,0.0,0.0,0.0,0.0,1.0,1.0,-0.0009818748803809,3.744839549568724e-09,0.0009818711550906,-0.0088630337268114,0.0,0.0,0.0,-0.006669286172837,60.0,-1.8212093114852903,-0.0,-6.573137056875566e-08,0.0,283.35400390625,284.5365905761719,288.9228210449219,289.824462890625,293.1499938964844,293.1499938964844,278.1499938964844,0.0,18000.0,313.1499938964844,0.0,18000.0,0.0,0.0,0.0,0.0,0.0,0.0,0.0,0.0,0.0,-0.0,-0.0,-0.0,-5.5419562194307814e-21,-2.7709781097153907e-21,-2.7709781097153907e-21,0.0,0.0,-0.0,0.0,0.0,0.0,-0.0,0.0,0.0,0.0,0.0,0.0,4.0,0.0,0.0
12190320,298.0115966796875,303.1499938964844,285.1499938964844,0.0,-0.0,285.09210205078125,0.0,0.0,9.215003228746356e-05,297.9857177734375,303.1499938964844,285.1499938964844,0.0,-0.0,285.09197998046875,0.0,0.0,9.703852265374736e-05,298.49981689453125,303.1499938964844,285.1499938964844,0.0,-0.0,285.0928649902344,0.0,0.0,7.167242438299581e-05,297.8251647949219,303.1499938964844,285.1499938964844,0.0,-0.0,285.091552734375,0.0,0.0,9.703842806629837e-05,298.1647644042969,303.1499938964844,285.1499938964844,0.0,-0.0,285.0913391113281,0.0,0.0,0.0004603077250067,285.0724792480469,294.1499938964844,282.424072265625,280.8018798828125,287.2464294433594,282.844482421875,285.1425476074219,0.0,0.0,0.0,0.0,1.0,1.0,-0.0009818748803809,3.744839549568724e-09,0.0009818711550906,-0.0088630337268114,0.0,0.0,0.0,-0.006669286172837,60.0,-1.8212093114852903,-0.0,-6.573137056875566e-08,0.0,283.35400390625,284.5365905761719,288.9228210449219,289.824462890625,293.1499938964844,293.1499938964844,278.1499938964844,0.0,18000.0,313.1499938964844,0.0,18000.0,0.0,0.0,0.0,0.0,0.0,0.0,0.0,0.0,0.0,-0.0,-0.0,-0.0,-5.5419562194307814e-21,-2.7709781097153907e-21,-2.7709781097153907e-21,0.0,0.0,-0.0,0.0,0.0,0.0,-0.0,0.0,0.0,0.0,0.0,0.0,4.0,0.0,0.0
12190380,298.00592041015625,303.1499938964844,285.1499938964844,0.0,-0.0,285.0918884277344,0.0,0.0,9.246441186405718e-05,297.98077392578125,303.1499938964844,285.1499938964844,0.0,-0.0,285.0917663574219,0.0,0.0,9.73695787251927e-05,298.489013671875,303.1499938964844,285.1499938964844,0.0,-0.0,285.0926513671875,0.0,0.0,7.191694021457806e-05,297.8388977050781,303.1499938964844,285.1499938964844,0.0,-0.0,285.09136962890625,0.0,0.0,9.736948413774373e-05,298.16241455078125,303.1499938964844,285.1499938964844,0.0,-0.0,285.0911560058594,0.0,0.0,0.0004618781094904,285.072509765625,294.1499938964844,282.406494140625,280.7996826171875,287.1622619628906,282.7846069335937,285.1416320800781,0.0,0.0,0.0,0.0,1.0,1.0,-0.0009852243820205,4.1364827119139144e-09,0.0009852203074842,-0.0098891872912645,0.0,0.0,0.0,-0.0068634413182735,60.0,-1.837918400764465,-0.0,-6.618058279173057e-08,0.0,283.35400390625,284.5365905761719,288.9228210449219,289.824462890625,293.1499938964844,293.1499938964844,278.1499938964844,0.0,18000.0,313.1499938964844,0.0,18000.0,0.0,0.0,0.0,0.0,0.0,0.0,0.0,0.0,0.0,-0.0,-0.0,-0.0,-5.5419562194307814e-21,-2.7709781097153907e-21,-2.7709781097153907e-21,0.0,0.0,-0.0,0.0,0.0,0.0,-0.0,0.0,0.0,0.0,0.0,0.0,4.0,0.0,0.0
12190440,298.00592041015625,303.1499938964844,285.1499938964844,0.0,-0.0,285.0918884277344,0.0,0.0,9.246441186405718e-05,297.98077392578125,303.1499938964844,285.1499938964844,0.0,-0.0,285.0917663574219,0.0,0.0,9.73695787251927e-05,298.489013671875,303.1499938964844,285.1499938964844,0.0,-0.0,285.0926513671875,0.0,0.0,7.191694021457806e-05,297.8388977050781,303.1499938964844,285.1499938964844,0.0,-0.0,285.09136962890625,0.0,0.0,9.736948413774373e-05,298.16241455078125,303.1499938964844,285.1499938964844,0.0,-0.0,285.0911560058594,0.0,0.0,0.0004618781094904,285.072509765625,294.1499938964844,282.406494140625,280.7996826171875,287.1622619628906,282.7846069335937,285.1416320800781,0.0,0.0,0.0,0.0,1.0,1.0,-0.0009852243820205,4.1364827119139144e-09,0.0009852203074842,-0.0098891872912645,0.0,0.0,0.0,-0.0068634413182735,60.0,-1.837918400764465,-0.0,-6.618058279173057e-08,0.0,283.35400390625,284.5365905761719,288.9228210449219,289.824462890625,293.1499938964844,293.1499938964844,278.1499938964844,0.0,18000.0,313.1499938964844,0.0,18000.0,0.0,0.0,0.0,0.0,0.0,0.0,0.0,0.0,0.0,-0.0,-0.0,-0.0,-5.5419562194307814e-21,-2.7709781097153907e-21,-2.7709781097153907e-21,0.0,0.0,-0.0,0.0,0.0,0.0,-0.0,0.0,0.0,0.0,0.0,0.0,4.0,0.0,0.0
12190500,298.0030822753906,303.1499938964844,285.1499938964844,0.0,-0.0,285.091796875,0.0,0.0,9.258552745450288e-05,297.9781494140625,303.1499938964844,285.1499938964844,0.0,-0.0,285.0916748046875,0.0,0.0,9.749711898621172e-05,298.4847106933594,303.1499938964844,285.1499938964844,0.0,-0.0,285.092529296875,0.0,0.0,7.20111420378089e-05,297.8456726074219,303.1499938964844,285.1499938964844,0.0,-0.0,285.0912780761719,0.0,0.0,9.749702439876272e-05,298.1614990234375,303.1499938964844,285.1499938964844,0.0,-0.0,285.091064453125,0.0,0.0,0.000462483119918,285.0725402832031,294.1499938964844,282.3979797363281,280.7994689941406,287.1205444335937,282.7547607421875,285.14117431640625,0.0,0.0,0.0,0.0,1.0,1.0,-0.0009865149622783,4.287362465049682e-09,0.0009865107713267,-0.0102845039218664,0.0,0.0,0.0,-0.0069382404908537,60.0,-1.846303939819336,-0.0,-6.635405469523904e-08,0.0,283.35400390625,284.5365905761719,288.9228210449219,289.824462890625,293.1499938964844,293.1499938964844,278.1499938964844,0.0,18000.0,313.1499938964844,0.0,18000.0,0.0,0.0,0.0,0.0,0.0,0.0,0.0,0.0,0.0,-0.0,-0.0,-0.0,-5.5419562194307814e-21,-2.7709781097153907e-21,-2.7709781097153907e-21,0.0,0.0,-0.0,0.0,0.0,0.0,-0.0,0.0,0.0,0.0,0.0,0.0,4.0,0.0,0.0
12190560,298.0003662109375,303.1499938964844,285.1499938964844,0.0,-0.0,285.0917053222656,0.0,0.0,9.265312110073864e-05,297.9755554199219,303.1499938964844,285.1499938964844,0.0,-0.0,285.0915832519531,0.0,0.0,9.756829967955127e-05,298.4811706542969,303.1499938964844,285.1499938964844,0.0,-0.0,285.0924377441406,0.0,0.0,7.206371083157137e-05,297.85040283203125,303.1499938964844,285.1499938964844,0.0,-0.0,285.0911865234375,0.0,0.0,9.756820509210228e-05,298.1606750488281,303.1499938964844,285.1499938964844,0.0,-0.0,285.0909729003906,0.0,0.0,0.0004628207825589,285.07257080078125,294.1499938964844,282.3896484375,280.7998046875,287.0790405273437,282.7256774902344,285.1407165527344,0.0,0.0,0.0,0.0,1.0,1.0,-0.000987235456705,4.371559558791205e-09,0.0009872311493381,-0.0105051035061478,0.0,0.0,0.0,-0.0069799828343093,60.0,-1.8540372848510744,-0.0,-6.645095140811463e-08,0.0,283.35400390625,284.5365905761719,288.9228210449219,289.824462890625,293.1499938964844,293.1499938964844,278.1499938964844,0.0,18000.0,313.1499938964844,0.0,18000.0,0.0,0.0,0.0,0.0,0.0,0.0,0.0,0.0,0.0,-0.0,-0.0,-0.0,-5.5419562194307814e-21,-2.7709781097153907e-21,-2.7709781097153907e-21,0.0,0.0,-0.0,0.0,0.0,0.0,-0.0,0.0,0.0,0.0,0.0,0.0,4.0,0.0,0.0
12190620,297.9958190917969,303.1499938964844,285.1499938964844,0.0,-0.0,285.0915222167969,0.0,0.0,9.243344538845122e-05,297.9711303710937,303.1499938964844,285.1499938964844,0.0,-0.0,285.0914001464844,0.0,0.0,9.733696788316593e-05,298.4769897460937,303.1499938964844,285.1499938964844,0.0,-0.0,285.0922546386719,0.0,0.0,7.18928495189175e-05,297.8556213378906,303.1499938964844,285.1499938964844,0.0,-0.0,285.09100341796875,0.0,0.0,9.733687329571694e-05,298.1592102050781,303.1499938964844,285.1499938964844,0.0,-0.0,285.0907897949219,0.0,0.0,0.0004617234517354,285.0726623535156,294.1499938964844,282.3734741210937,280.802001953125,286.9969482421875,282.672607421875,285.1397399902344,0.0,0.0,0.0,0.0,1.0,1.0,-0.0009848974877968,4.0978309634454035e-09,0.0009848934132605,-0.0097879134118556,0.0,0.0,0.0,-0.0068442984484136,60.0,-1.8653786182403564,-0.0,-6.613618097617291e-08,0.0,283.35400390625,284.5365905761719,288.9228210449219,289.824462890625,293.1499938964844,293.1499938964844,278.1499938964844,0.0,18000.0,313.1499938964844,0.0,18000.0,0.0,0.0,0.0,0.0,0.0,0.0,0.0,0.0,0.0,-0.0,-0.0,-0.0,-5.5419562194307814e-21,-2.7709781097153907e-21,-2.7709781097153907e-21,0.0,0.0,-0.0,0.0,0.0,0.0,-0.0,0.0,0.0,0.0,0.0,0.0,4.0,0.0,0.0
12190680,297.9958190917969,303.1499938964844,285.1499938964844,0.0,-0.0,285.0915222167969,0.0,0.0,9.243344538845122e-05,297.9711303710937,303.1499938964844,285.1499938964844,0.0,-0.0,285.0914001464844,0.0,0.0,9.733696788316593e-05,298.4769897460937,303.1499938964844,285.1499938964844,0.0,-0.0,285.0922546386719,0.0,0.0,7.18928495189175e-05,297.8556213378906,303.1499938964844,285.1499938964844,0.0,-0.0,285.09100341796875,0.0,0.0,9.733687329571694e-05,298.1592102050781,303.1499938964844,285.1499938964844,0.0,-0.0,285.0907897949219,0.0,0.0,0.0004617234517354,285.0726623535156,294.1499938964844,282.3734741210937,280.802001953125,286.9969482421875,282.672607421875,285.1397399902344,0.0,0.0,0.0,0.0,1.0,1.0,-0.0009848974877968,4.0978309634454035e-09,0.0009848934132605,-0.0097879134118556,0.0,0.0,0.0,-0.0068442984484136,60.0,-1.8653786182403564,-0.0,-6.613618097617291e-08,0.0,283.35400390625,284.5365905761719,288.9228210449219,289.824462890625,293.1499938964844,293.1499938964844,278.1499938964844,0.0,18000.0,313.1499938964844,0.0,18000.0,0.0,0.0,0.0,0.0,0.0,0.0,0.0,0.0,0.0,-0.0,-0.0,-0.0,-5.5419562194307814e-21,-2.7709781097153907e-21,-2.7709781097153907e-21,0.0,0.0,-0.0,0.0,0.0,0.0,-0.0,0.0,0.0,0.0,0.0,0.0,4.0,0.0,0.0
12190740,297.99468994140625,303.1499938964844,285.1499938964844,0.0,-0.0,285.09136962890625,0.0,0.0,9.1781526862178e-05,297.968994140625,303.1499938964844,285.1499938964844,0.0,-0.0,285.0912475585937,0.0,0.0,9.665045945439488e-05,298.47802734375,303.1499938964844,285.1499938964844,0.0,-0.0,285.0920715332031,0.0,0.0,7.138579530874267e-05,297.8576965332031,303.1499938964844,285.1499938964844,0.0,-0.0,285.0908508300781,0.0,0.0,9.66503721429035e-05,298.1579895019531,303.1499938964844,285.1499938964844,0.0,-0.0,285.09063720703125,0.0,0.0,0.0004584669950418,285.07275390625,294.1499938964844,282.35791015625,280.8059997558594,286.9164733886719,282.6333312988281,285.1387634277344,0.0,0.0,0.0,0.0,1.0,1.0,-0.0009779502870514,3.285567595767702e-09,0.0009779470274224,-0.0076596457511186,0.0,0.0,0.0,-0.0064416206441819,60.0,-1.865921258926392,-0.0,-6.520652817698648e-08,0.0,283.35400390625,284.5365905761719,288.9228210449219,289.824462890625,293.1499938964844,293.1499938964844,278.1499938964844,0.0,18000.0,313.1499938964844,0.0,18000.0,0.0,0.0,0.0,0.0,0.0,0.0,0.0,0.0,0.0,-0.0,-0.0,-0.0,-5.5419562194307814e-21,-2.7709781097153907e-21,-2.7709781097153907e-21,0.0,0.0,-0.0,0.0,0.0,0.0,-0.0,0.0,0.0,0.0,0.0,0.0,4.0,0.0,0.0
12190800,297.99468994140625,303.1499938964844,285.1499938964844,0.0,-0.0,285.09136962890625,0.0,0.0,9.1781526862178e-05,297.968994140625,303.1499938964844,285.1499938964844,0.0,-0.0,285.0912475585937,0.0,0.0,9.665045945439488e-05,298.47802734375,303.1499938964844,285.1499938964844,0.0,-0.0,285.0920715332031,0.0,0.0,7.138579530874267e-05,297.8576965332031,303.1499938964844,285.1499938964844,0.0,-0.0,285.0908508300781,0.0,0.0,9.66503721429035e-05,298.1579895019531,303.1499938964844,285.1499938964844,0.0,-0.0,285.09063720703125,0.0,0.0,0.0004584669950418,285.07275390625,294.1499938964844,282.35791015625,280.8059997558594,286.9164733886719,282.6333312988281,285.1387634277344,0.0,0.0,0.0,0.0,1.0,1.0,-0.0009779502870514,3.285567595767702e-09,0.0009779470274224,-0.0076596457511186,0.0,0.0,0.0,-0.0064416206441819,60.0,-1.865921258926392,-0.0,-6.520652817698648e-08,0.0,283.35400390625,284.5365905761719,288.9228210449219,289.824462890625,293.1499938964844,293.1499938964844,278.1499938964844,0.0,18000.0,313.1499938964844,0.0,18000.0,0.0,0.0,0.0,0.0,0.0,0.0,0.0,0.0,0.0,-0.0,-0.0,-0.0,-5.5419562194307814e-21,-2.7709781097153907e-21,-2.7709781097153907e-21,0.0,0.0,-0.0,0.0,0.0,0.0,-0.0,0.0,0.0,0.0,0.0,0.0,4.0,0.0,0.0
12190860,297.99639892578125,303.1499938964844,285.1499938964844,0.0,-0.0,285.0912170410156,0.0,0.0,9.112627594731748e-05,297.96270751953125,303.1499938964844,285.1499938964844,0.0,-0.0,285.0910949707031,0.0,0.0,9.59604512900114e-05,298.4833068847656,303.1499938964844,285.1499938964844,0.0,-0.0,285.0919189453125,0.0,0.0,7.087615813361481e-05,297.8583374023437,303.1499938964844,285.1499938964844,0.0,-0.0,285.0906982421875,0.0,0.0,9.596035670256242e-05,298.15704345703125,303.1499938964844,285.1499938964844,0.0,-0.0,285.0904846191406,0.0,0.0,0.0004551938909571,285.0728454589844,294.1499938964844,282.3428649902344,280.8116149902344,286.8376770019531,282.606689453125,285.13775634765625,0.0,0.0,0.0,0.0,1.0,1.0,-0.0009709676378406,2.469164428475778e-09,0.0009709651931189,-0.0055204280652105,0.0,0.0,0.0,-0.0060368906706571,60.0,-1.862409830093384,-0.0,-6.427875831604979e-08,0.0,283.35400390625,284.5365905761719,288.9228210449219,289.824462890625,293.1499938964844,293.1499938964844,278.1499938964844,0.0,18000.0,313.1499938964844,0.0,18000.0,0.0,0.0,0.0,0.0,0.0,0.0,0.0,0.0,0.0,-0.0,-0.0,-0.0,-5.5419562194307814e-21,-2.7709781097153907e-21,-2.7709781097153907e-21,0.0,0.0,-0.0,0.0,0.0,0.0,-0.0,0.0,0.0,0.0,0.0,0.0,4.0,0.0,0.0
12190920,297.99639892578125,303.1499938964844,285.1499938964844,0.0,-0.0,285.0912170410156,0.0,0.0,9.112627594731748e-05,297.96270751953125,303.1499938964844,285.1499938964844,0.0,-0.0,285.0910949707031,0.0,0.0,9.59604512900114e-05,298.4833068847656,303.1499938964844,285.1499938964844,0.0,-0.0,285.0919189453125,0.0,0.0,7.087615813361481e-05,297.8583374023437,303.1499938964844,285.1499938964844,0.0,-0.0,285.0906982421875,0.0,0.0,9.596035670256242e-05,298.15704345703125,303.1499938964844,285.1499938964844,0.0,-0.0,285.0904846191406,0.0,0.0,0.0004551938909571,285.0728454589844,294.1499938964844,282.3428649902344,280.8116149902344,286.8376770019531,282.606689453125,285.13775634765625,0.0,0.0,0.0,0.0,1.0,1.0,-0.0009709676378406,2.469164428475778e-09,0.0009709651931189,-0.0055204280652105,0.0,0.0,0.0,-0.0060368906706571,60.0,-1.862409830093384,-0.0,-6.427875831604979e-08,0.0,283.35400390625,284.5365905761719,288.9228210449219,289.824462890625,293.1499938964844,293.1499938964844,278.1499938964844,0.0,18000.0,313.1499938964844,0.0,18000.0,0.0,0.0,0.0,0.0,0.0,0.0,0.0,0.0,0.0,-0.0,-0.0,-0.0,-5.5419562194307814e-21,-2.7709781097153907e-21,-2.7709781097153907e-21,0.0,0.0,-0.0,0.0,0.0,0.0,-0.0,0.0,0.0,0.0,0.0,0.0,4.0,0.0,0.0
12190980,297.9991760253906,303.1499938964844,285.1499938964844,0.0,-0.0,285.091064453125,0.0,0.0,9.083212353289127e-05,297.9516296386719,303.1499938964844,285.1499938964844,0.0,-0.0,285.0909423828125,0.0,0.0,9.56506992224604e-05,298.4918518066406,303.1499938964844,285.1499938964844,0.0,-0.0,285.0917663574219,0.0,0.0,7.064737292239442e-05,297.8583679199219,303.1499938964844,285.1499938964844,0.0,-0.0,285.0905456542969,0.0,0.0,9.56506046350114e-05,298.1561889648437,303.1499938964844,285.1499938964844,0.0,-0.0,285.0903625488281,0.0,0.0,0.0004537245840765,285.0729675292969,294.1499938964844,282.3282470703125,280.81854248046875,286.7604064941406,282.5882263183594,285.1367492675781,0.0,0.0,0.0,0.0,1.0,1.0,-0.0009678315254859,2.102653606783633e-09,0.0009678294300101,-0.0045600365847349,0.0,0.0,0.0,-0.0058551868423819,60.0,-1.861675262451172,-0.0,-6.386441242511864e-08,0.0,283.35400390625,284.5365905761719,288.9228210449219,289.824462890625,293.1499938964844,293.1499938964844,278.1499938964844,0.0,18000.0,313.1499938964844,0.0,18000.0,0.0,0.0,0.0,0.0,0.0,0.0,0.0,0.0,0.0,-0.0,-0.0,-0.0,-5.5419562194307814e-21,-2.7709781097153907e-21,-2.7709781097153907e-21,0.0,0.0,-0.0,0.0,0.0,0.0,-0.0,0.0,0.0,0.0,0.0,0.0,4.0,0.0,0.0
12191040,297.9991760253906,303.1499938964844,285.1499938964844,0.0,-0.0,285.091064453125,0.0,0.0,9.083212353289127e-05,297.9516296386719,303.1499938964844,285.1499938964844,0.0,-0.0,285.0909423828125,0.0,0.0,9.56506992224604e-05,298.4918518066406,303.1499938964844,285.1499938964844,0.0,-0.0,285.0917663574219,0.0,0.0,7.064737292239442e-05,297.8583679199219,303.1499938964844,285.1499938964844,0.0,-0.0,285.0905456542969,0.0,0.0,9.56506046350114e-05,298.1561889648437,303.1499938964844,285.1499938964844,0.0,-0.0,285.0903625488281,0.0,0.0,0.0004537245840765,285.0729675292969,294.1499938964844,282.3282470703125,280.81854248046875,286.7604064941406,282.5882263183594,285.1367492675781,0.0,0.0,0.0,0.0,1.0,1.0,-0.0009678315254859,2.102653606783633e-09,0.0009678294300101,-0.0045600365847349,0.0,0.0,0.0,-0.0058551868423819,60.0,-1.861675262451172,-0.0,-6.386441242511864e-08,0.0,283.35400390625,284.5365905761719,288.9228210449219,289.824462890625,293.1499938964844,293.1499938964844,278.1499938964844,0.0,18000.0,313.1499938964844,0.0,18000.0,0.0,0.0,0.0,0.0,0.0,0.0,0.0,0.0,0.0,-0.0,-0.0,-0.0,-5.5419562194307814e-21,-2.7709781097153907e-21,-2.7709781097153907e-21,0.0,0.0,-0.0,0.0,0.0,0.0,-0.0,0.0,0.0,0.0,0.0,0.0,4.0,0.0,0.0
12191100,298.0001220703125,303.1499938964844,285.1499938964844,0.0,-0.0,285.09100341796875,0.0,0.0,9.087949729291722e-05,297.9455261230469,303.1499938964844,285.1499938964844,0.0,-0.0,285.09088134765625,0.0,0.0,9.570058318786324e-05,298.4970092773437,303.1499938964844,285.1499938964844,0.0,-0.0,285.0916748046875,0.0,0.0,7.068421837175265e-05,297.8583068847656,303.1499938964844,285.1499938964844,0.0,-0.0,285.0904846191406,0.0,0.0,9.570049587637186e-05,298.1557312011719,303.1499938964844,285.1499938964844,0.0,-0.0,285.0903015136719,0.0,0.0,0.0004539612273219,285.0730285644531,294.1499938964844,282.32110595703125,280.8224792480469,286.72222900390625,282.57977294921875,285.13623046875,0.0,0.0,0.0,0.0,1.0,1.0,-0.0009683354292064,2.161656631471942e-09,0.000968333275523,-0.0047146482393145,0.0,0.0,0.0,-0.0058844336308538,60.0,-1.864449143409729,-0.0,-6.393102580659615e-08,0.0,283.35400390625,284.5365905761719,288.9228210449219,289.824462890625,293.1499938964844,293.1499938964844,278.1499938964844,0.0,18000.0,313.1499938964844,0.0,18000.0,0.0,0.0,0.0,0.0,0.0,0.0,0.0,0.0,0.0,-0.0,-0.0,-0.0,-5.5419562194307814e-21,-2.7709781097153907e-21,-2.7709781097153907e-21,0.0,0.0,-0.0,0.0,0.0,0.0,-0.0,0.0,0.0,0.0,0.0,0.0,4.0,0.0,0.0
12191160,298.0005798339844,303.1499938964844,285.1499938964844,0.0,-0.0,285.0909423828125,0.0,0.0,9.098339796764776e-05,297.9395751953125,303.1499938964844,285.1499938964844,0.0,-0.0,285.0908203125,0.0,0.0,9.580999176250772e-05,298.50262451171875,303.1499938964844,285.1499938964844,0.0,-0.0,285.09161376953125,0.0,0.0,7.076502515701577e-05,297.8582763671875,303.1499938964844,285.1499938964844,0.0,-0.0,285.0904235839844,0.0,0.0,9.580990445101634e-05,298.1552734375,303.1499938964844,285.1499938964844,0.0,-0.0,285.0902404785156,0.0,0.0,0.0004544802068267,285.0730895996094,294.1499938964844,282.3139953613281,280.8266296386719,286.68426513671875,282.5706787109375,285.1356811523437,0.0,0.0,0.0,0.0,1.0,1.0,-0.0009694422478787,2.2910842112366936e-09,0.0009694399777799,-0.00505379633978,0.0,0.0,0.0,-0.0059485961683094,60.0,-1.8693245649337769,-0.0,-6.40772697124703e-08,0.0,283.35400390625,284.5365905761719,288.9228210449219,289.824462890625,293.1499938964844,293.1499938964844,278.1499938964844,0.0,18000.0,313.1499938964844,0.0,18000.0,0.0,0.0,0.0,0.0,0.0,0.0,0.0,0.0,0.0,-0.0,-0.0,-0.0,-5.5419562194307814e-21,-2.7709781097153907e-21,-2.7709781097153907e-21,0.0,0.0,-0.0,0.0,0.0,0.0,-0.0,0.0,0.0,0.0,0.0,0.0,4.0,0.0,0.0
12191220,298.000732421875,303.1499938964844,285.1499938964844,0.0,-0.0,285.0908203125,0.0,0.0,9.099578892346472e-05,297.9297790527344,303.1499938964844,285.1499938964844,0.0,-0.0,285.0906982421875,0.0,0.0,9.582303755450994e-05,298.5117492675781,303.1499938964844,285.1499938964844,0.0,-0.0,285.09149169921875,0.0,0.0,7.077465852489695e-05,297.8582763671875,303.1499938964844,285.1499938964844,0.0,-0.0,285.09033203125,0.0,0.0,9.582295024301855e-05,298.15435791015625,303.1499938964844,285.1499938964844,0.0,-0.0,285.0901184082031,0.0,0.0,0.000454542110674,285.0732421875,294.1499938964844,282.300048828125,280.8355712890625,286.6091003417969,282.5516662597656,285.1346130371094,0.0,0.0,0.0,0.0,1.0,1.0,-0.0009695752523839,2.306488999792577e-09,0.0009695729240775,-0.0050941612571477,0.0,0.0,0.0,-0.0059562395326793,60.0,-1.879663228988648,-0.0,-6.409468511492379e-08,0.0,283.35400390625,284.5365905761719,288.9228210449219,289.824462890625,293.1499938964844,293.1499938964844,278.1499938964844,0.0,18000.0,313.1499938964844,0.0,18000.0,0.0,0.0,0.0,0.0,0.0,0.0,0.0,0.0,0.0,-0.0,-0.0,-0.0,-5.5419562194307814e-21,-2.7709781097153907e-21,-2.7709781097153907e-21,0.0,0.0,-0.0,0.0,0.0,0.0,-0.0,0.0,0.0,0.0,0.0,0.0,4.0,0.0,0.0
12191280,298.000732421875,303.1499938964844,285.1499938964844,0.0,-0.0,285.0908203125,0.0,0.0,9.099578892346472e-05,297.9297790527344,303.1499938964844,285.1499938964844,0.0,-0.0,285.0906982421875,0.0,0.0,9.582303755450994e-05,298.5117492675781,303.1499938964844,285.1499938964844,0.0,-0.0,285.09149169921875,0.0,0.0,7.077465852489695e-05,297.8582763671875,303.1499938964844,285.1499938964844,0.0,-0.0,285.09033203125,0.0,0.0,9.582295024301855e-05,298.15435791015625,303.1499938964844,285.1499938964844,0.0,-0.0,285.0901184082031,0.0,0.0,0.000454542110674,285.0732421875,294.1499938964844,282.300048828125,280.8355712890625,286.6091003417969,282.5516662597656,285.1346130371094,0.0,0.0,0.0,0.0,1.0,1.0,-0.0009695752523839,2.306488999792577e-09,0.0009695729240775,-0.0050941612571477,0.0,0.0,0.0,-0.0059562395326793,60.0,-1.879663228988648,-0.0,-6.409468511492379e-08,0.0,283.35400390625,284.5365905761719,288.9228210449219,289.824462890625,293.1499938964844,293.1499938964844,278.1499938964844,0.0,18000.0,313.1499938964844,0.0,18000.0,0.0,0.0,0.0,0.0,0.0,0.0,0.0,0.0,0.0,-0.0,-0.0,-0.0,-5.5419562194307814e-21,-2.7709781097153907e-21,-2.7709781097153907e-21,0.0,0.0,-0.0,0.0,0.0,0.0,-0.0,0.0,0.0,0.0,0.0,0.0,4.0,0.0,0.0
12191340,298.0004272460937,303.1499938964844,285.1499938964844,0.0,-0.0,285.0906982421875,0.0,0.0,9.087724902201444e-05,297.92462158203125,303.1499938964844,285.1499938964844,0.0,-0.0,285.0906066894531,0.0,0.0,9.5698211225681e-05,298.5142517089844,303.1499938964844,285.1499938964844,0.0,-0.0,285.09136962890625,0.0,0.0,7.068246486596763e-05,297.8580017089844,303.1499938964844,285.1499938964844,0.0,-0.0,285.0902099609375,0.0,0.0,9.569812391418964e-05,298.1534118652344,303.1499938964844,285.1499938964844,0.0,-0.0,285.09002685546875,0.0,0.0,0.0004539500223472,285.0733947753906,294.1499938964844,282.2862854003906,280.8451843261719,286.5350646972656,282.5340881347656,285.133544921875,0.0,0.0,0.0,0.0,1.0,1.0,-0.0009683129028417,2.158772494098571e-09,0.0009683107491582,-0.0047070877626538,0.0,0.0,0.0,-0.0058830147609114,60.0,-1.887009024620056,-0.0,-6.392777152086637e-08,0.0,283.35400390625,284.5365905761719,288.9228210449219,289.824462890625,293.1499938964844,293.1499938964844,278.1499938964844,0.0,18000.0,313.1499938964844,0.0,18000.0,0.0,0.0,0.0,0.0,0.0,0.0,0.0,0.0,0.0,-0.0,-0.0,-0.0,-5.5419562194307814e-21,-2.7709781097153907e-21,-2.7709781097153907e-21,0.0,0.0,-0.0,0.0,0.0,0.0,-0.0,0.0,0.0,0.0,0.0,0.0,4.0,0.0,0.0
12191400,298.0004272460937,303.1499938964844,285.1499938964844,0.0,-0.0,285.0906982421875,0.0,0.0,9.087724902201444e-05,297.92462158203125,303.1499938964844,285.1499938964844,0.0,-0.0,285.0906066894531,0.0,0.0,9.5698211225681e-05,298.5142517089844,303.1499938964844,285.1499938964844,0.0,-0.0,285.09136962890625,0.0,0.0,7.068246486596763e-05,297.8580017089844,303.1499938964844,285.1499938964844,0.0,-0.0,285.0902099609375,0.0,0.0,9.569812391418964e-05,298.1534118652344,303.1499938964844,285.1499938964844,0.0,-0.0,285.09002685546875,0.0,0.0,0.0004539500223472,285.0733947753906,294.1499938964844,282.2862854003906,280.8451843261719,286.5350646972656,282.5340881347656,285.133544921875,0.0,0.0,0.0,0.0,1.0,1.0,-0.0009683129028417,2.158772494098571e-09,0.0009683107491582,-0.0047070877626538,0.0,0.0,0.0,-0.0058830147609114,60.0,-1.887009024620056,-0.0,-6.392777152086637e-08,0.0,283.35400390625,284.5365905761719,288.9228210449219,289.824462890625,293.1499938964844,293.1499938964844,278.1499938964844,0.0,18000.0,313.1499938964844,0.0,18000.0,0.0,0.0,0.0,0.0,0.0,0.0,0.0,0.0,0.0,-0.0,-0.0,-0.0,-5.5419562194307814e-21,-2.7709781097153907e-21,-2.7709781097153907e-21,0.0,0.0,-0.0,0.0,0.0,0.0,-0.0,0.0,0.0,0.0,0.0,0.0,4.0,0.0,0.0
12191460,298.0003967285156,303.1499938964844,285.1499938964844,0.0,-0.0,285.0906066894531,0.0,0.0,9.054218389792368e-05,297.9252014160156,303.1499938964844,285.1499938964844,0.0,-0.0,285.09051513671875,0.0,0.0,9.534536366118118e-05,298.51373291015625,303.1499938964844,285.1499938964844,0.0,-0.0,285.0912780761719,0.0,0.0,7.04218473401852e-05,297.85723876953125,303.1499938964844,285.1499938964844,0.0,-0.0,285.0901184082031,0.0,0.0,9.534528362564744e-05,298.152587890625,303.1499938964844,285.1499938964844,0.0,-0.0,285.0899353027344,0.0,0.0,0.0004522762610577,285.07354736328125,294.1499938964844,282.27264404296875,280.8551940917969,286.4621887207031,282.5203552246094,285.1324157714844,0.0,0.0,0.0,0.0,1.0,1.0,-0.0009647416882216,1.741281341338663e-09,0.0009647399419918,-0.0036130954977124,0.0,0.0,0.0,-0.0056760418228805,60.0,-1.8901652097702024,-0.0,-6.345718617239984e-08,0.0,283.35400390625,284.5365905761719,288.9228210449219,289.824462890625,293.1499938964844,293.1499938964844,278.1499938964844,0.0,18000.0,313.1499938964844,0.0,18000.0,0.0,0.0,0.0,0.0,0.0,0.0,0.0,0.0,0.0,-0.0,-0.0,-0.0,-5.5419562194307814e-21,-2.7709781097153907e-21,-2.7709781097153907e-21,0.0,0.0,-0.0,0.0,0.0,0.0,-0.0,0.0,0.0,0.0,0.0,0.0,4.0,0.0,0.0
12191520,298.0003967285156,303.1499938964844,285.1499938964844,0.0,-0.0,285.0906066894531,0.0,0.0,9.054218389792368e-05,297.9252014160156,303.1499938964844,285.1499938964844,0.0,-0.0,285.09051513671875,0.0,0.0,9.534536366118118e-05,298.51373291015625,303.1499938964844,285.1499938964844,0.0,-0.0,285.0912780761719,0.0,0.0,7.04218473401852e-05,297.85723876953125,303.1499938964844,285.1499938964844,0.0,-0.0,285.0901184082031,0.0,0.0,9.534528362564744e-05,298.152587890625,303.1499938964844,285.1499938964844,0.0,-0.0,285.0899353027344,0.0,0.0,0.0004522762610577,285.07354736328125,294.1499938964844,282.27264404296875,280.8551940917969,286.4621887207031,282.5203552246094,285.1324157714844,0.0,0.0,0.0,0.0,1.0,1.0,-0.0009647416882216,1.741281341338663e-09,0.0009647399419918,-0.0036130954977124,0.0,0.0,0.0,-0.0056760418228805,60.0,-1.8901652097702024,-0.0,-6.345718617239984e-08,0.0,283.35400390625,284.5365905761719,288.9228210449219,289.824462890625,293.1499938964844,293.1499938964844,278.1499938964844,0.0,18000.0,313.1499938964844,0.0,18000.0,0.0,0.0,0.0,0.0,0.0,0.0,0.0,0.0,0.0,-0.0,-0.0,-0.0,-5.5419562194307814e-21,-2.7709781097153907e-21,-2.7709781097153907e-21,0.0,0.0,-0.0,0.0,0.0,0.0,-0.0,0.0,0.0,0.0,0.0,0.0,4.0,0.0,0.0
12191580,297.9990234375,303.1499938964844,285.1499938964844,0.0,-0.0,285.09051513671875,0.0,0.0,9.018758282763883e-05,297.9304504394531,303.1499938964844,285.1499938964844,0.0,-0.0,285.0904235839844,0.0,0.0,9.497196151642127e-05,298.511962890625,303.1499938964844,285.1499938964844,0.0,-0.0,285.0911865234375,0.0,0.0,7.014605216681957e-05,297.8560791015625,303.1499938964844,285.1499938964844,0.0,-0.0,285.0900573730469,0.0,0.0,9.497187420492992e-05,298.1520080566406,303.1499938964844,285.1499938964844,0.0,-0.0,285.08984375,0.0,0.0,0.0004505050019361,285.0736999511719,294.1499938964844,282.259033203125,280.8653869628906,286.3906555175781,282.51129150390625,285.1313171386719,0.0,0.0,0.0,0.0,1.0,1.0,-0.0009609634289517,1.299470087090526e-09,0.0009609621483832,-0.0024553597904741,0.0,0.0,0.0,-0.0054570180363953,60.0,-1.8919167518615725,-0.0,-6.296108523429211e-08,0.0,283.35400390625,284.5365905761719,288.9228210449219,289.824462890625,293.1499938964844,293.1499938964844,278.1499938964844,0.0,18000.0,313.1499938964844,0.0,18000.0,0.0,0.0,0.0,0.0,0.0,0.0,0.0,0.0,0.0,-0.0,-0.0,-0.0,-5.5419562194307814e-21,-2.7709781097153907e-21,-2.7709781097153907e-21,0.0,0.0,-0.0,0.0,0.0,0.0,-0.0,0.0,0.0,0.0,0.0,0.0,4.0,0.0,0.0
12191640,297.9990234375,303.1499938964844,285.1499938964844,0.0,-0.0,285.09051513671875,0.0,0.0,9.018758282763883e-05,297.9304504394531,303.1499938964844,285.1499938964844,0.0,-0.0,285.0904235839844,0.0,0.0,9.497196151642127e-05,298.511962890625,303.1499938964844,285.1499938964844,0.0,-0.0,285.0911865234375,0.0,0.0,7.014605216681957e-05,297.8560791015625,303.1499938964844,285.1499938964844,0.0,-0.0,285.0900573730469,0.0,0.0,9.497187420492992e-05,298.1520080566406,303.1499938964844,285.1499938964844,0.0,-0.0,285.08984375,0.0,0.0,0.0004505050019361,285.0736999511719,294.1499938964844,282.259033203125,280.8653869628906,286.3906555175781,282.51129150390625,285.1313171386719,0.0,0.0,0.0,0.0,1.0,1.0,-0.0009609634289517,1.299470087090526e-09,0.0009609621483832,-0.0024553597904741,0.0,0.0,0.0,-0.0054570180363953,60.0,-1.8919167518615725,-0.0,-6.296108523429211e-08,0.0,283.35400390625,284.5365905761719,288.9228210449219,289.824462890625,293.1499938964844,293.1499938964844,278.1499938964844,0.0,18000.0,313.1499938964844,0.0,18000.0,0.0,0.0,0.0,0.0,0.0,0.0,0.0,0.0,0.0,-0.0,-0.0,-0.0,-5.5419562194307814e-21,-2.7709781097153907e-21,-2.7709781097153907e-21,0.0,0.0,-0.0,0.0,0.0,0.0,-0.0,0.0,0.0,0.0,0.0,0.0,4.0,0.0,0.0
12191700,297.9972229003906,303.1499938964844,285.1499938964844,0.0,-0.0,285.0904846191406,0.0,0.0,9.00502855074592e-05,297.9341735839844,303.1499938964844,285.1499938964844,0.0,-0.0,285.0903625488281,0.0,0.0,9.482737368671224e-05,298.51092529296875,303.1499938964844,285.1499938964844,0.0,-0.0,285.09112548828125,0.0,0.0,7.00392629369162e-05,297.85546875,303.1499938964844,285.1499938964844,0.0,-0.0,285.09002685546875,0.0,0.0,9.482728637522088e-05,298.1517944335937,303.1499938964844,285.1499938964844,0.0,-0.0,285.0898132324219,0.0,0.0,0.0004498191701713,285.07379150390625,294.1499938964844,282.2522277832031,280.8704833984375,286.3553466796875,282.5085144042969,285.1307373046875,0.0,0.0,0.0,0.0,1.0,1.0,-0.0009594997973181,1.1283938228245916e-09,0.0009594986913725,-0.0020070641767233,0.0,0.0,0.0,-0.0053722052834928,60.0,-1.892578721046448,-0.0,-6.27695087018765e-08,0.0,283.35400390625,284.5365905761719,288.9228210449219,289.824462890625,293.1499938964844,293.1499938964844,278.1499938964844,0.0,18000.0,313.1499938964844,0.0,18000.0,0.0,0.0,0.0,0.0,0.0,0.0,0.0,0.0,0.0,-0.0,-0.0,-0.0,-5.5419562194307814e-21,-2.7709781097153907e-21,-2.7709781097153907e-21,0.0,0.0,-0.0,0.0,0.0,0.0,-0.0,0.0,0.0,0.0,0.0,0.0,4.0,0.0,0.0
12191760,297.9952087402344,303.1499938964844,285.1499938964844,0.0,-0.0,285.0909118652344,0.0,0.0,9.003363084048033e-05,297.9381103515625,303.1499938964844,285.1499938964844,0.0,-0.0,285.0908203125,0.0,0.0,9.480983862886204e-05,298.5098876953125,303.1499938964844,285.1499938964844,0.0,-0.0,285.0915832519531,0.0,0.0,7.002631173236296e-05,297.8548278808594,303.1499938964844,285.1499938964844,0.0,-0.0,285.0904541015625,0.0,0.0,9.480975131737068e-05,298.15167236328125,303.1499938964844,285.1499938964844,0.0,-0.0,285.0902709960937,0.0,0.0,0.0004497359914239,285.0742492675781,294.1499938964844,282.2453918457031,280.8755187988281,286.3231506347656,282.50634765625,285.1301574707031,0.0,0.0,0.0,0.0,1.0,1.0,-0.000830010510981,9.78115144434355e-10,0.0008300095214508,-0.0017414693720638,0.0,0.0,0.0,-0.0046532778069376,60.0,-1.8127599954605105,-0.0,-6.274628105984449e-08,0.0,283.35400390625,284.5365905761719,288.9228210449219,289.824462890625,293.1499938964844,293.1499938964844,278.1499938964844,0.0,18000.0,313.1499938964844,0.0,18000.0,0.0,0.0,0.0,0.0,0.0,0.0,0.0,0.0,0.0,-0.0,-0.0,-0.0,-5.5419562194307814e-21,-2.7709781097153907e-21,-2.7709781097153907e-21,0.0,0.0,-0.0,0.0,0.0,0.0,-0.0,0.0,0.0,0.0,0.0,0.0,4.0,0.0,0.0
12191820,297.9915466308594,303.1499938964844,285.1499938964844,0.0,-0.0,285.093017578125,0.0,0.0,4.1344370401930064e-05,297.9455871582031,303.1499938964844,285.1499938964844,0.0,-0.0,285.0928955078125,0.0,0.0,4.353764961706474e-05,298.5077209472656,303.1499938964844,285.1499938964844,0.0,-0.0,285.0937805175781,0.0,0.0,3.2156800443772227e-05,297.853515625,303.1499938964844,285.1499938964844,0.0,-0.0,285.092529296875,0.0,0.0,4.353761323727667e-05,298.1514892578125,303.1499938964844,285.1499938964844,0.0,-0.0,285.0924072265625,0.0,0.0,0.0002065233857138,285.0765075683594,294.1499938964844,282.23162841796875,280.8853759765625,286.2631225585937,282.5022277832031,285.1290283203125,0.0,0.0,0.0,0.0,1.0,1.0,-0.0008507955935783,9.619142149475124e-10,0.0008507946622557,-0.0016780919395387,0.0,0.0,0.0,-0.0047296346165239,60.0,-1.6700512170791626,-0.0,-1.3231558071424844e-08,0.0,283.35400390625,284.5365905761719,288.9228210449219,289.824462890625,293.1499938964844,293.1499938964844,278.1499938964844,0.0,18000.0,313.1499938964844,0.0,18000.0,0.0,0.0,0.0,0.0,0.0,0.0,0.0,0.0,0.0,-0.0,-0.0,-0.0,-5.5419562194307814e-21,-2.7709781097153907e-21,-2.7709781097153907e-21,0.0,0.0,-0.0,0.0,0.0,0.0,-0.0,0.0,0.0,0.0,0.0,0.0,4.0,0.0,0.0
12191880,297.9915466308594,303.1499938964844,285.1499938964844,0.0,-0.0,285.093017578125,0.0,0.0,4.1344370401930064e-05,297.9455871582031,303.1499938964844,285.1499938964844,0.0,-0.0,285.0928955078125,0.0,0.0,4.353764961706474e-05,298.5077209472656,303.1499938964844,285.1499938964844,0.0,-0.0,285.0937805175781,0.0,0.0,3.2156800443772227e-05,297.853515625,303.1499938964844,285.1499938964844,0.0,-0.0,285.092529296875,0.0,0.0,4.353761323727667e-05,298.1514892578125,303.1499938964844,285.1499938964844,0.0,-0.0,285.0924072265625,0.0,0.0,0.0002065233857138,285.0765075683594,294.1499938964844,282.23162841796875,280.8853759765625,286.2631225585937,282.5022277832031,285.1290283203125,0.0,0.0,0.0,0.0,1.0,1.0,-0.0008507955935783,9.619142149475124e-10,0.0008507946622557,-0.0016780919395387,0.0,0.0,0.0,-0.0047296346165239,60.0,-1.6700512170791626,-0.0,-1.3231558071424844e-08,0.0,283.35400390625,284.5365905761719,288.9228210449219,289.824462890625,293.1499938964844,293.1499938964844,278.1499938964844,0.0,18000.0,313.1499938964844,0.0,18000.0,0.0,0.0,0.0,0.0,0.0,0.0,0.0,0.0,0.0,-0.0,-0.0,-0.0,-5.5419562194307814e-21,-2.7709781097153907e-21,-2.7709781097153907e-21,0.0,0.0,-0.0,0.0,0.0,0.0,-0.0,0.0,0.0,0.0,0.0,0.0,4.0,0.0,0.0
12191940,297.9889221191406,303.1499938964844,285.1499938964844,0.0,-0.0,285.0950927734375,0.0,0.0,9.003283776110038e-05,297.9514465332031,303.1499938964844,285.1499938964844,0.0,-0.0,285.094970703125,0.0,0.0,9.48089946177788e-05,298.50567626953125,303.1499938964844,285.1499938964844,0.0,-0.0,285.0959167480469,0.0,0.0,7.002568600000814e-05,297.85223388671875,303.1499938964844,285.1499938964844,0.0,-0.0,285.0946044921875,0.0,0.0,9.480891458224504e-05,298.1514587402344,303.1499938964844,285.1499938964844,0.0,-0.0,285.0945129394531,0.0,0.0,0.0004497320041991,285.0791015625,294.1499938964844,282.2176818847656,280.89471435546875,286.2276916503906,282.49688720703125,285.1278686523437,0.0,0.0,0.0,0.0,1.0,1.0,-0.0007110555889084,8.579412180687026e-10,0.0007110547157935,-0.0015444859163835,0.0,0.0,0.0,-0.0040009371004998,60.0,-1.168467998504639,-0.0,-6.274511576975783e-08,0.0,283.35400390625,284.5365905761719,288.9228210449219,289.824462890625,293.1499938964844,293.1499938964844,278.1499938964844,0.0,18000.0,313.1499938964844,0.0,18000.0,0.0,0.0,0.0,0.0,0.0,0.0,0.0,0.0,0.0,-0.0,-0.0,-0.0,-5.5419562194307814e-21,-2.7709781097153907e-21,-2.7709781097153907e-21,0.0,0.0,-0.0,0.0,0.0,0.0,-0.0,0.0,0.0,0.0,0.0,0.0,4.0,0.0,0.0
12192000,297.9889221191406,303.1499938964844,285.1499938964844,0.0,-0.0,285.0950927734375,0.0,0.0,9.003283776110038e-05,297.9514465332031,303.1499938964844,285.1499938964844,0.0,-0.0,285.094970703125,0.0,0.0,9.48089946177788e-05,298.50567626953125,303.1499938964844,285.1499938964844,0.0,-0.0,285.0959167480469,0.0,0.0,7.002568600000814e-05,297.85223388671875,303.1499938964844,285.1499938964844,0.0,-0.0,285.0946044921875,0.0,0.0,9.480891458224504e-05,298.1514587402344,303.1499938964844,285.1499938964844,0.0,-0.0,285.0945129394531,0.0,0.0,0.0004497320041991,285.0791015625,294.1499938964844,282.2176818847656,280.89471435546875,286.2276916503906,282.49688720703125,285.1278686523437,0.0,0.0,0.0,0.0,1.0,1.0,-0.0007110555889084,8.579412180687026e-10,0.0007110547157935,-0.0015444859163835,0.0,0.0,0.0,-0.0040009371004998,60.0,-1.168467998504639,-0.0,-6.274511576975783e-08,0.0,283.35400390625,284.5365905761719,288.9228210449219,289.824462890625,293.1499938964844,293.1499938964844,278.1499938964844,0.0,18000.0,313.1499938964844,0.0,18000.0,0.0,0.0,0.0,0.0,0.0,0.0,0.0,0.0,0.0,-0.0,-0.0,-0.0,-5.5419562194307814e-21,-2.7709781097153907e-21,-2.7709781097153907e-21,0.0,0.0,-0.0,0.0,0.0,0.0,-0.0,0.0,0.0,0.0,0.0,0.0,4.0,0.0,0.0
12192060,297.9880676269531,303.1499938964844,285.1499938964844,0.0,-0.0,285.098388671875,0.0,0.0,3.849968561553396e-05,297.95440673828125,303.1499938964844,285.1499938964844,0.0,-0.0,285.0982666015625,0.0,0.0,4.054206146975048e-05,298.5036315917969,303.1499938964844,285.1499938964844,0.0,-0.0,285.0993347167969,0.0,0.0,2.9944263587822206e-05,297.85089111328125,303.1499938964844,285.1499938964844,0.0,-0.0,285.09783935546875,0.0,0.0,4.054202508996241e-05,298.1513977050781,303.1499938964844,285.1499938964844,0.0,-0.0,285.09783935546875,0.0,0.0,0.0001923136296682,285.08221435546875,294.1499938964844,282.2034606933594,280.9032897949219,286.18389892578125,282.4932556152344,285.126708984375,0.0,0.0,0.0,0.0,1.0,1.0,-0.0005741946515627,6.77318978681285e-10,0.0005741940112784,-0.0012064885813742,0.0,0.0,0.0,-0.0032092293258756,60.0,-1.242843747138977,-0.0,-1.1473404448736346e-08,0.0,283.35400390625,284.5365905761719,288.9228210449219,289.824462890625,293.1499938964844,293.1499938964844,278.1499938964844,0.0,18000.0,313.1499938964844,0.0,18000.0,0.0,0.0,0.0,0.0,0.0,0.0,0.0,0.0,0.0,-0.0,-0.0,-0.0,-5.5419562194307814e-21,-2.7709781097153907e-21,-2.7709781097153907e-21,0.0,0.0,-0.0,0.0,0.0,0.0,-0.0,0.0,0.0,0.0,0.0,0.0,4.0,0.0,0.0
12192120,297.9880676269531,303.1499938964844,285.1499938964844,0.0,-0.0,285.098388671875,0.0,0.0,3.849968561553396e-05,297.95440673828125,303.1499938964844,285.1499938964844,0.0,-0.0,285.0982666015625,0.0,0.0,4.054206146975048e-05,298.5036315917969,303.1499938964844,285.1499938964844,0.0,-0.0,285.0993347167969,0.0,0.0,2.9944263587822206e-05,297.85089111328125,303.1499938964844,285.1499938964844,0.0,-0.0,285.09783935546875,0.0,0.0,4.054202508996241e-05,298.1513977050781,303.1499938964844,285.1499938964844,0.0,-0.0,285.09783935546875,0.0,0.0,0.0001923136296682,285.08221435546875,294.1499938964844,282.2034606933594,280.9032897949219,286.18389892578125,282.4932556152344,285.126708984375,0.0,0.0,0.0,0.0,1.0,1.0,-0.0005741946515627,6.77318978681285e-10,0.0005741940112784,-0.0012064885813742,0.0,0.0,0.0,-0.0032092293258756,60.0,-1.242843747138977,-0.0,-1.1473404448736346e-08,0.0,283.35400390625,284.5365905761719,288.9228210449219,289.824462890625,293.1499938964844,293.1499938964844,278.1499938964844,0.0,18000.0,313.1499938964844,0.0,18000.0,0.0,0.0,0.0,0.0,0.0,0.0,0.0,0.0,0.0,-0.0,-0.0,-0.0,-5.5419562194307814e-21,-2.7709781097153907e-21,-2.7709781097153907e-21,0.0,0.0,-0.0,0.0,0.0,0.0,-0.0,0.0,0.0,0.0,0.0,0.0,4.0,0.0,0.0
12192180,297.9885559082031,303.1499938964844,285.1499938964844,0.0,-0.0,285.10552978515625,0.0,0.0,2.977344229293521e-05,297.95574951171875,303.1499938964844,285.1499938964844,0.0,-0.0,285.1053771972656,0.0,0.0,3.135289443889633e-05,298.5016784667969,303.1499938964844,285.1499938964844,0.0,-0.0,285.1067199707031,0.0,0.0,2.315717028977815e-05,297.849609375,303.1499938964844,285.1499938964844,0.0,-0.0,285.1049194335937,0.0,0.0,3.135286897304468e-05,298.1513977050781,303.1499938964844,285.1499938964844,0.0,-0.0,285.1050720214844,0.0,0.0,0.0001487242989242,285.0893859863281,294.1499938964844,282.1888732910156,280.9109191894531,286.1607971191406,282.5011291503906,285.1255798339844,0.0,0.0,0.0,0.0,1.0,1.0,-0.000318485108437,3.9803518814274236e-10,0.0003184847009833,-0.0007279565325006,0.0,0.0,0.0,-0.0017937475349754,60.0,-0.853000819683075,-0.0,-6.861766710386519e-09,0.0,283.35400390625,284.5365905761719,288.9228210449219,289.824462890625,293.1499938964844,293.1499938964844,278.1499938964844,0.0,18000.0,313.1499938964844,0.0,18000.0,0.0,0.0,0.0,0.0,0.0,0.0,0.0,0.0,0.0,-0.0,-0.0,-0.0,-5.5419562194307814e-21,-2.7709781097153907e-21,-2.7709781097153907e-21,0.0,0.0,-0.0,0.0,0.0,0.0,-0.0,0.0,0.0,0.0,0.0,0.0,4.0,0.0,0.0
12192240,297.9885559082031,303.1499938964844,285.1499938964844,0.0,-0.0,285.10552978515625,0.0,0.0,2.977344229293521e-05,297.95574951171875,303.1499938964844,285.1499938964844,0.0,-0.0,285.1053771972656,0.0,0.0,3.135289443889633e-05,298.5016784667969,303.1499938964844,285.1499938964844,0.0,-0.0,285.1067199707031,0.0,0.0,2.315717028977815e-05,297.849609375,303.1499938964844,285.1499938964844,0.0,-0.0,285.1049194335937,0.0,0.0,3.135286897304468e-05,298.1513977050781,303.1499938964844,285.1499938964844,0.0,-0.0,285.1050720214844,0.0,0.0,0.0001487242989242,285.0893859863281,294.1499938964844,282.1888732910156,280.9109191894531,286.1607971191406,282.5011291503906,285.1255798339844,0.0,0.0,0.0,0.0,1.0,1.0,-0.000318485108437,3.9803518814274236e-10,0.0003184847009833,-0.0007279565325006,0.0,0.0,0.0,-0.0017937475349754,60.0,-0.853000819683075,-0.0,-6.861766710386519e-09,0.0,283.35400390625,284.5365905761719,288.9228210449219,289.824462890625,293.1499938964844,293.1499938964844,278.1499938964844,0.0,18000.0,313.1499938964844,0.0,18000.0,0.0,0.0,0.0,0.0,0.0,0.0,0.0,0.0,0.0,-0.0,-0.0,-0.0,-5.5419562194307814e-21,-2.7709781097153907e-21,-2.7709781097153907e-21,0.0,0.0,-0.0,0.0,0.0,0.0,-0.0,0.0,0.0,0.0,0.0,0.0,4.0,0.0,0.0
12192300,297.9890441894531,303.1499938964844,285.1499938964844,0.0,-0.0,285.1083374023437,0.0,0.0,2.2102136426838115e-05,297.9560241699219,303.1499938964844,285.1499938964844,0.0,-0.0,285.1081848144531,0.0,0.0,2.327463516849093e-05,298.5007019042969,303.1499938964844,285.1499938964844,0.0,-0.0,285.1096496582031,0.0,0.0,1.719058673188556e-05,297.848876953125,303.1499938964844,285.1499938964844,0.0,-0.0,285.1076965332031,0.0,0.0,2.327461515960749e-05,298.1513671875,303.1499938964844,285.1499938964844,0.0,-0.0,285.10791015625,0.0,0.0,0.0001104045950341,285.092529296875,294.1499938964844,282.1814270019531,280.9142761230469,286.1563415527344,282.5051574707031,285.125,0.0,0.0,0.0,0.0,1.0,1.0,-0.0002387275453656,2.9778465804319865e-10,0.0002387272543273,-0.0005441537941806,0.0,0.0,0.0,-0.0013441919581964,60.0,-0.6614261269569397,-0.0,-3.781345458975238e-09,0.0,283.35400390625,284.5365905761719,288.9228210449219,289.824462890625,293.1499938964844,293.1499938964844,278.1499938964844,0.0,18000.0,313.1499938964844,0.0,18000.0,0.0,0.0,0.0,0.0,0.0,0.0,0.0,0.0,0.0,-0.0,-0.0,-0.0,-5.5419562194307814e-21,-2.7709781097153907e-21,-2.7709781097153907e-21,0.0,0.0,-0.0,0.0,0.0,0.0,-0.0,0.0,0.0,0.0,0.0,0.0,4.0,0.0,0.0
12192360,297.9895324707031,303.1499938964844,285.1499938964844,0.0,-0.0,285.1103515625,0.0,0.0,1.6343796232831664e-05,297.95611572265625,303.1499938964844,285.1499938964844,0.0,-0.0,285.11016845703125,0.0,0.0,1.72108193510212e-05,298.4997253417969,303.1499938964844,285.1499938964844,0.0,-0.0,285.1117248535156,0.0,0.0,1.2711868293990848e-05,297.8480529785156,303.1499938964844,285.1499938964844,0.0,-0.0,285.10968017578125,0.0,0.0,1.7210804799105972e-05,298.1513366699219,303.1499938964844,285.1499938964844,0.0,-0.0,285.1099548339844,0.0,0.0,8.164052997017279e-05,285.0948486328125,294.1499938964844,282.1738586425781,280.91729736328125,286.1545104980469,282.5086364746094,285.1244506835937,0.0,0.0,0.0,0.0,1.0,1.0,-0.0001753217948134,2.1899064506225583e-10,0.0001753215765347,-0.0004004086076747,0.0,0.0,0.0,-0.0009873581584542,60.0,-0.4857721924781799,-0.0,-2.067681803552545e-09,0.0,283.35400390625,284.5365905761719,288.9228210449219,289.824462890625,293.1499938964844,293.1499938964844,278.1499938964844,0.0,18000.0,313.1499938964844,0.0,18000.0,0.0,0.0,0.0,0.0,0.0,0.0,0.0,0.0,0.0,-0.0,-0.0,-0.0,-5.5419562194307814e-21,-2.7709781097153907e-21,-2.7709781097153907e-21,0.0,0.0,-0.0,0.0,0.0,0.0,-0.0,0.0,0.0,0.0,0.0,0.0,4.0,0.0,0.0
12192420,297.9899597167969,303.1499938964844,285.1499938964844,0.0,-0.0,285.1116943359375,0.0,0.0,1.2354734280961566e-05,297.9560241699219,303.1499938964844,285.1499938964844,0.0,-0.0,285.11151123046875,0.0,0.0,1.3010141628910787e-05,298.4987487792969,303.1499938964844,285.1499938964844,0.0,-0.0,285.1131286621094,0.0,0.0,9.609258086129556e-06,297.84716796875,303.1499938964844,285.1499938964844,0.0,-0.0,285.11102294921875,0.0,0.0,1.3010130714974366e-05,298.1513061523437,303.1499938964844,285.1499938964844,0.0,-0.0,285.1112976074219,0.0,0.0,6.171436689328402e-05,285.0966186523437,294.1499938964844,282.1658630371094,280.9200744628906,286.1534118652344,282.51171875,285.1238708496094,0.0,0.0,0.0,0.0,1.0,1.0,-0.0001273445814149,1.6034679140020103e-10,0.0001273444213438,-0.000294210127322,0.0,0.0,0.0,-0.0007179523818194,60.0,-0.3601406216621399,-0.0,-1.1815296518946639e-09,0.0,283.35400390625,284.5365905761719,288.9228210449219,289.824462890625,293.1499938964844,293.1499938964844,278.1499938964844,0.0,18000.0,313.1499938964844,0.0,18000.0,0.0,0.0,0.0,0.0,0.0,0.0,0.0,0.0,0.0,-0.0,-0.0,-0.0,-5.5419562194307814e-21,-2.7709781097153907e-21,-2.7709781097153907e-21,0.0,0.0,-0.0,0.0,0.0,0.0,-0.0,0.0,0.0,0.0,0.0,0.0,4.0,0.0,0.0
12192480,297.990234375,303.1499938964844,285.1499938964844,0.0,-0.0,285.1125183105469,0.0,0.0,1.002109274850227e-05,297.9558410644531,303.1499938964844,285.1499938964844,0.0,-0.0,285.11236572265625,0.0,0.0,1.0552702406130264e-05,298.497802734375,303.1499938964844,285.1499938964844,0.0,-0.0,285.114013671875,0.0,0.0,7.794199518684763e-06,297.8464050292969,303.1499938964844,285.1499938964844,0.0,-0.0,285.1118469238281,0.0,0.0,1.055269422067795e-05,298.1512451171875,303.1499938964844,285.1499938964844,0.0,-0.0,285.1121520996094,0.0,0.0,5.005736238672398e-05,285.0978698730469,294.1499938964844,282.1583557128906,280.9222717285156,286.1527709960937,282.5137939453125,285.1233215332031,0.0,0.0,0.0,0.0,1.0,1.0,-9.7195828857366e-05,1.2395469373149837e-10,9.719570516608655e-05,-0.0002286833332618,0.0,0.0,0.0,-0.0005489403847604,60.0,-0.2757005393505096,-0.0,-7.773345855888181e-10,0.0,283.35400390625,284.5365905761719,288.9228210449219,289.824462890625,293.1499938964844,293.1499938964844,278.1499938964844,0.0,18000.0,313.1499938964844,0.0,18000.0,0.0,0.0,0.0,0.0,0.0,0.0,0.0,0.0,0.0,-0.0,-0.0,-0.0,-5.5419562194307814e-21,-2.7709781097153907e-21,-2.7709781097153907e-21,0.0,0.0,-0.0,0.0,0.0,0.0,-0.0,0.0,0.0,0.0,0.0,0.0,4.0,0.0,0.0
12192540,297.9903564453125,303.1499938964844,285.1499938964844,0.0,-0.0,285.113037109375,0.0,0.0,6.302608198893722e-06,297.9551086425781,303.1499938964844,285.1499938964844,0.0,-0.0,285.1128845214844,0.0,0.0,6.636955731664784e-06,298.495849609375,303.1499938964844,285.1499938964844,0.0,-0.0,285.1145324707031,0.0,0.0,4.902038654108765e-06,297.8450622558594,303.1499938964844,285.1499938964844,0.0,-0.0,285.11236572265625,0.0,0.0,6.636950274696574e-06,298.1510009765625,303.1499938964844,285.1499938964844,0.0,-0.0,285.1126708984375,0.0,0.0,3.148278847220354e-05,285.0987243652344,294.1499938964844,282.1422424316406,280.9255676269531,286.1519470214844,282.5163269042969,285.1222229003906,0.0,0.0,0.0,0.0,1.0,1.0,-6.715592462569475e-05,8.399506784551035e-11,6.715583731420338e-05,-0.0001536686759209,0.0,0.0,0.0,-0.000378270051442,60.0,-0.1781211644411087,-0.0,-3.0748109614009407e-10,0.0,283.35400390625,284.5365905761719,288.9228210449219,289.824462890625,293.1499938964844,293.1499938964844,278.1499938964844,0.0,18000.0,313.1499938964844,0.0,18000.0,0.0,0.0,0.0,0.0,0.0,0.0,0.0,0.0,0.0,-0.0,-0.0,-0.0,-5.5419562194307814e-21,-2.7709781097153907e-21,-2.7709781097153907e-21,0.0,0.0,-0.0,0.0,0.0,0.0,-0.0,0.0,0.0,0.0,0.0,0.0,4.0,0.0,0.0
12192600,297.9903564453125,303.1499938964844,285.1499938964844,0.0,-0.0,285.113037109375,0.0,0.0,6.302608198893722e-06,297.9551086425781,303.1499938964844,285.1499938964844,0.0,-0.0,285.1128845214844,0.0,0.0,6.636955731664784e-06,298.495849609375,303.1499938964844,285.1499938964844,0.0,-0.0,285.1145324707031,0.0,0.0,4.902038654108765e-06,297.8450622558594,303.1499938964844,285.1499938964844,0.0,-0.0,285.11236572265625,0.0,0.0,6.636950274696574e-06,298.1510009765625,303.1499938964844,285.1499938964844,0.0,-0.0,285.1126708984375,0.0,0.0,3.148278847220354e-05,285.0987243652344,294.1499938964844,282.1422424316406,280.9255676269531,286.1519470214844,282.5163269042969,285.1222229003906,0.0,0.0,0.0,0.0,1.0,1.0,-6.715592462569475e-05,8.399506784551035e-11,6.715583731420338e-05,-0.0001536686759209,0.0,0.0,0.0,-0.000378270051442,60.0,-0.1781211644411087,-0.0,-3.0748109614009407e-10,0.0,283.35400390625,284.5365905761719,288.9228210449219,289.824462890625,293.1499938964844,293.1499938964844,278.1499938964844,0.0,18000.0,313.1499938964844,0.0,18000.0,0.0,0.0,0.0,0.0,0.0,0.0,0.0,0.0,0.0,-0.0,-0.0,-0.0,-5.5419562194307814e-21,-2.7709781097153907e-21,-2.7709781097153907e-21,0.0,0.0,-0.0,0.0,0.0,0.0,-0.0,0.0,0.0,0.0,0.0,0.0,4.0,0.0,0.0
12192660,297.9898376464844,303.1499938964844,285.1499938964844,0.0,-0.0,285.1133728027344,0.0,0.0,4.028554485557834e-06,297.9540405273437,303.1499938964844,285.1499938964844,0.0,-0.0,285.1131896972656,0.0,0.0,4.242265276843682e-06,298.49383544921875,303.1499938964844,285.1499938964844,0.0,-0.0,285.1148986816406,0.0,0.0,3.1333265724242665e-06,297.8440246582031,303.1499938964844,285.1499938964844,0.0,-0.0,285.1127014160156,0.0,0.0,4.242261638864875e-06,298.15069580078125,303.1499938964844,285.1499938964844,0.0,-0.0,285.1130065917969,0.0,0.0,2.012343429669272e-05,285.0992431640625,294.1499938964844,282.1254577636719,280.92694091796875,286.151611328125,282.5175476074219,285.12115478515625,0.0,0.0,0.0,0.0,1.0,1.0,-4.292549783713184e-05,5.3688879730895416e-11,4.2925443267449737e-05,-9.822357969824223e-05,0.0,0.0,0.0,-0.0002417869691271,60.0,-0.1177093312144279,-0.0,-1.2562506590541034e-10,0.0,283.35400390625,284.5365905761719,288.9228210449219,289.824462890625,293.1499938964844,293.1499938964844,278.1499938964844,0.0,18000.0,313.1499938964844,0.0,18000.0,0.0,0.0,0.0,0.0,0.0,0.0,0.0,0.0,0.0,-0.0,-0.0,-0.0,-5.5419562194307814e-21,-2.7709781097153907e-21,-2.7709781097153907e-21,0.0,0.0,-0.0,0.0,0.0,0.0,-0.0,0.0,0.0,0.0,0.0,0.0,4.0,0.0,0.0
12192720,297.9898376464844,303.1499938964844,285.1499938964844,0.0,-0.0,285.1133728027344,0.0,0.0,4.028554485557834e-06,297.9540405273437,303.1499938964844,285.1499938964844,0.0,-0.0,285.1131896972656,0.0,0.0,4.242265276843682e-06,298.49383544921875,303.1499938964844,285.1499938964844,0.0,-0.0,285.1148986816406,0.0,0.0,3.1333265724242665e-06,297.8440246582031,303.1499938964844,285.1499938964844,0.0,-0.0,285.1127014160156,0.0,0.0,4.242261638864875e-06,298.15069580078125,303.1499938964844,285.1499938964844,0.0,-0.0,285.1130065917969,0.0,0.0,2.012343429669272e-05,285.0992431640625,294.1499938964844,282.1254577636719,280.92694091796875,286.151611328125,282.5175476074219,285.12115478515625,0.0,0.0,0.0,0.0,1.0,1.0,-4.292549783713184e-05,5.3688879730895416e-11,4.2925443267449737e-05,-9.822357969824223e-05,0.0,0.0,0.0,-0.0002417869691271,60.0,-0.1177093312144279,-0.0,-1.2562506590541034e-10,0.0,283.35400390625,284.5365905761719,288.9228210449219,289.824462890625,293.1499938964844,293.1499938964844,278.1499938964844,0.0,18000.0,313.1499938964844,0.0,18000.0,0.0,0.0,0.0,0.0,0.0,0.0,0.0,0.0,0.0,-0.0,-0.0,-0.0,-5.5419562194307814e-21,-2.7709781097153907e-21,-2.7709781097153907e-21,0.0,0.0,-0.0,0.0,0.0,0.0,-0.0,0.0,0.0,0.0,0.0,0.0,4.0,0.0,0.0
12192780,297.98883056640625,303.1499938964844,285.1499938964844,0.0,-0.0,285.1134338378906,0.0,0.0,1.993114437937038e-06,297.9527893066406,303.1499938964844,285.1499938964844,0.0,-0.0,285.1132507324219,0.0,0.0,2.098847289744299e-06,298.49176025390625,303.1499938964844,285.1499938964844,0.0,-0.0,285.1149597167969,0.0,0.0,1.5502033647862843e-06,297.84307861328125,303.1499938964844,285.1499938964844,0.0,-0.0,285.1127319335937,0.0,0.0,2.098845470754896e-06,298.1502685546875,303.1499938964844,285.1499938964844,0.0,-0.0,285.1130676269531,0.0,0.0,9.95600476016989e-06,285.099365234375,294.1499938964844,282.10791015625,280.9262084960937,286.1515197753906,282.5179443359375,285.1201477050781,0.0,0.0,0.0,0.0,1.0,1.0,-2.1237454348010942e-05,2.6562601077029235e-11,2.123742706316989e-05,-4.859612818108872e-05,0.0,0.0,0.0,-0.0001196244265884,60.0,-0.0694566443562507,-0.0,-3.0749798540785633e-11,0.0,283.35400390625,284.5365905761719,288.9228210449219,289.824462890625,293.1499938964844,293.1499938964844,278.1499938964844,0.0,18000.0,313.1499938964844,0.0,18000.0,0.0,0.0,0.0,0.0,0.0,0.0,0.0,0.0,0.0,-0.0,-0.0,-0.0,-5.5419562194307814e-21,-2.7709781097153907e-21,-2.7709781097153907e-21,0.0,0.0,-0.0,0.0,0.0,0.0,-0.0,0.0,0.0,0.0,0.0,0.0,4.0,0.0,0.0
12192840,297.98883056640625,303.1499938964844,285.1499938964844,0.0,-0.0,285.1134338378906,0.0,0.0,1.993114437937038e-06,297.9527893066406,303.1499938964844,285.1499938964844,0.0,-0.0,285.1132507324219,0.0,0.0,2.098847289744299e-06,298.49176025390625,303.1499938964844,285.1499938964844,0.0,-0.0,285.1149597167969,0.0,0.0,1.5502033647862843e-06,297.84307861328125,303.1499938964844,285.1499938964844,0.0,-0.0,285.1127319335937,0.0,0.0,2.098845470754896e-06,298.1502685546875,303.1499938964844,285.1499938964844,0.0,-0.0,285.1130676269531,0.0,0.0,9.95600476016989e-06,285.099365234375,294.1499938964844,282.10791015625,280.9262084960937,286.1515197753906,282.5179443359375,285.1201477050781,0.0,0.0,0.0,0.0,1.0,1.0,-2.1237454348010942e-05,2.6562601077029235e-11,2.123742706316989e-05,-4.859612818108872e-05,0.0,0.0,0.0,-0.0001196244265884,60.0,-0.0694566443562507,-0.0,-3.0749798540785633e-11,0.0,283.35400390625,284.5365905761719,288.9228210449219,289.824462890625,293.1499938964844,293.1499938964844,278.1499938964844,0.0,18000.0,313.1499938964844,0.0,18000.0,0.0,0.0,0.0,0.0,0.0,0.0,0.0,0.0,0.0,-0.0,-0.0,-0.0,-5.5419562194307814e-21,-2.7709781097153907e-21,-2.7709781097153907e-21,0.0,0.0,-0.0,0.0,0.0,0.0,-0.0,0.0,0.0,0.0,0.0,0.0,4.0,0.0,0.0
12192900,297.9881591796875,303.1499938964844,285.1499938964844,0.0,-0.0,285.1134338378906,0.0,0.0,1.2382760132823023e-06,297.9521179199219,303.1499938964844,285.1499938964844,0.0,-0.0,285.11328125,0.0,0.0,1.3039654049862293e-06,298.4906921386719,303.1499938964844,285.1499938964844,0.0,-0.0,285.1149597167969,0.0,0.0,9.631055490899598e-07,297.8426208496094,303.1499938964844,285.1499938964844,0.0,-0.0,285.1127624511719,0.0,0.0,1.3039643818046898e-06,298.1499938964844,303.1499938964844,285.1499938964844,0.0,-0.0,285.11309814453125,0.0,0.0,6.185436632222263e-06,285.0993957519531,294.1499938964844,282.0988464355469,280.9249572753906,286.1515197753906,282.5180053710937,285.11962890625,0.0,0.0,0.0,0.0,1.0,1.0,-1.3194440725783352e-05,1.6502830352260744e-11,1.319442435487872e-05,-3.019181895069778e-05,0.0,0.0,0.0,-7.432044367305934e-05,60.0,-0.0491216033697128,-0.0,-1.1868961542760292e-11,0.0,283.35400390625,284.5365905761719,288.9228210449219,289.824462890625,293.1499938964844,293.1499938964844,278.1499938964844,0.0,18000.0,313.1499938964844,0.0,18000.0,0.0,0.0,0.0,0.0,0.0,0.0,0.0,0.0,0.0,-0.0,-0.0,-0.0,-5.5419562194307814e-21,-2.7709781097153907e-21,-2.7709781097153907e-21,0.0,0.0,-0.0,0.0,0.0,0.0,-0.0,0.0,0.0,0.0,0.0,0.0,4.0,0.0,0.0
12192960,297.9873962402344,303.1499938964844,285.1499938964844,0.0,-0.0,285.1134338378906,0.0,0.0,7.039361662464216e-07,297.9513854980469,303.1499938964844,285.1499938964844,0.0,-0.0,285.11328125,0.0,0.0,7.412793365801917e-07,298.4896240234375,303.1499938964844,285.1499938964844,0.0,-0.0,285.1149597167969,0.0,0.0,5.475070565807982e-07,297.8421325683594,303.1499938964844,285.1499938964844,0.0,-0.0,285.1127624511719,0.0,0.0,7.412787113025843e-07,298.14971923828125,303.1499938964844,285.1499938964844,0.0,-0.0,285.11309814453125,0.0,0.0,3.5163018310413463e-06,285.0993957519531,294.1499938964844,282.08953857421875,280.9231262207031,286.1515197753906,282.5180053710937,285.1191711425781,0.0,0.0,0.0,0.0,1.0,1.0,-7.500848369090818e-06,9.38160139851707e-12,7.5008392741438e-06,-1.71635729202535e-05,0.0,0.0,0.0,-4.225008888170123e-05,60.0,-0.0327868498861789,-0.0,-3.8356973847131215e-12,0.0,283.35400390625,284.5365905761719,288.9228210449219,289.824462890625,293.1499938964844,293.1499938964844,278.1499938964844,0.0,18000.0,313.1499938964844,0.0,18000.0,0.0,0.0,0.0,0.0,0.0,0.0,0.0,0.0,0.0,-0.0,-0.0,-0.0,-5.5419562194307814e-21,-2.7709781097153907e-21,-2.7709781097153907e-21,0.0,0.0,-0.0,0.0,0.0,0.0,-0.0,0.0,0.0,0.0,0.0,0.0,4.0,0.0,0.0
12193020,297.9857177734375,303.1499938964844,285.1499938964844,0.0,-0.0,285.1134338378906,0.0,0.0,1.2983944941424852e-07,297.9498596191406,303.1499938964844,285.1499938964844,0.0,-0.0,285.11328125,0.0,0.0,1.367273227970145e-07,298.4873962402344,303.1499938964844,285.1499938964844,0.0,-0.0,285.1149597167969,0.0,0.0,1.0098645475409285e-07,297.8410339355469,303.1499938964844,285.1499938964844,0.0,-0.0,285.1127624511719,0.0,0.0,1.3672720911017677e-07,298.1490783691406,303.1499938964844,285.1499938964844,0.0,-0.0,285.11309814453125,0.0,0.0,6.485740868811263e-07,285.0993957519531,294.1499938964844,282.0702514648437,280.9174499511719,286.1515197753906,282.5180053710937,285.11822509765625,0.0,0.0,0.0,0.0,1.0,1.0,-1.38357415835344e-06,1.7304691750721912e-12,1.3835723393640365e-06,-3.16587738780072e-06,0.0,0.0,0.0,-7.79324909672141e-06,60.0,-0.0116690173745155,-0.0,-1.3049419400959494e-13,0.0,283.35400390625,284.5365905761719,288.9228210449219,289.824462890625,293.1499938964844,293.1499938964844,278.1499938964844,0.0,18000.0,313.1499938964844,0.0,18000.0,0.0,0.0,0.0,0.0,0.0,0.0,0.0,0.0,0.0,-0.0,-0.0,-0.0,-5.5419562194307814e-21,-2.7709781097153907e-21,-2.7709781097153907e-21,0.0,0.0,-0.0,0.0,0.0,0.0,-0.0,0.0,0.0,0.0,0.0,0.0,4.0,0.0,0.0
12193080,297.9857177734375,303.1499938964844,285.1499938964844,0.0,-0.0,285.1134338378906,0.0,0.0,1.2983944941424852e-07,297.9498596191406,303.1499938964844,285.1499938964844,0.0,-0.0,285.11328125,0.0,0.0,1.367273227970145e-07,298.4873962402344,303.1499938964844,285.1499938964844,0.0,-0.0,285.1149597167969,0.0,0.0,1.0098645475409285e-07,297.8410339355469,303.1499938964844,285.1499938964844,0.0,-0.0,285.1127624511719,0.0,0.0,1.3672720911017677e-07,298.1490783691406,303.1499938964844,285.1499938964844,0.0,-0.0,285.11309814453125,0.0,0.0,6.485740868811263e-07,285.0993957519531,294.1499938964844,282.0702514648437,280.9174499511719,286.1515197753906,282.5180053710937,285.11822509765625,0.0,0.0,0.0,0.0,1.0,1.0,-1.38357415835344e-06,1.7304691750721912e-12,1.3835723393640365e-06,-3.16587738780072e-06,0.0,0.0,0.0,-7.79324909672141e-06,60.0,-0.0116690173745155,-0.0,-1.3049419400959494e-13,0.0,283.35400390625,284.5365905761719,288.9228210449219,289.824462890625,293.1499938964844,293.1499938964844,278.1499938964844,0.0,18000.0,313.1499938964844,0.0,18000.0,0.0,0.0,0.0,0.0,0.0,0.0,0.0,0.0,0.0,-0.0,-0.0,-0.0,-5.5419562194307814e-21,-2.7709781097153907e-21,-2.7709781097153907e-21,0.0,0.0,-0.0,0.0,0.0,0.0,-0.0,0.0,0.0,0.0,0.0,0.0,4.0,0.0,0.0
12193140,297.98388671875,303.1499938964844,285.1499938964844,0.0,-0.0,285.1134338378906,0.0,0.0,-5.0138009299871555e-09,297.9482116699219,303.1499938964844,285.1499938964844,0.0,-0.0,285.11328125,0.0,0.0,-5.279778392264234e-09,298.485107421875,303.1499938964844,285.1499938964844,0.0,-0.0,285.1149597167969,0.0,0.0,-3.8996308404648525e-09,297.8398132324219,303.1499938964844,285.1499938964844,0.0,-0.0,285.1127624511719,0.0,0.0,-5.279773951372135e-09,298.1483154296875,303.1499938964844,285.1499938964844,0.0,-0.0,285.11309814453125,0.0,0.0,-2.5044938567475583e-08,285.0993957519531,294.1499938964844,282.04998779296875,280.9089660644531,286.1515197753906,282.5180053710937,285.1173400878906,0.0,0.0,0.0,0.0,1.0,1.0,5.341774667044776e-08,-6.681927147006439e-14,-5.3417679168887844e-08,1.2223533474298165e-07,0.0,0.0,0.0,3.008753992617131e-07,60.0,-0.0028924236539751,-0.0,-1.9458616582032122e-16,0.0,283.35400390625,284.5365905761719,288.9228210449219,289.824462890625,293.1499938964844,293.1499938964844,278.1499938964844,0.0,18000.0,313.1499938964844,0.0,18000.0,0.0,0.0,0.0,0.0,0.0,0.0,0.0,0.0,0.0,-0.0,-0.0,-0.0,-5.5419562194307814e-21,-2.7709781097153907e-21,-2.7709781097153907e-21,0.0,0.0,-0.0,0.0,0.0,0.0,-0.0,0.0,0.0,0.0,0.0,0.0,4.0,0.0,0.0
12193200,297.98388671875,303.1499938964844,285.1499938964844,0.0,-0.0,285.1134338378906,0.0,0.0,-5.0138009299871555e-09,297.9482116699219,303.1499938964844,285.1499938964844,0.0,-0.0,285.11328125,0.0,0.0,-5.279778392264234e-09,298.485107421875,303.1499938964844,285.1499938964844,0.0,-0.0,285.1149597167969,0.0,0.0,-3.8996308404648525e-09,297.8398132324219,303.1499938964844,285.1499938964844,0.0,-0.0,285.1127624511719,0.0,0.0,-5.279773951372135e-09,298.1483154296875,303.1499938964844,285.1499938964844,0.0,-0.0,285.11309814453125,0.0,0.0,-2.5044938567475583e-08,285.0993957519531,294.1499938964844,282.04998779296875,280.9089660644531,286.1515197753906,282.5180053710937,285.1173400878906,0.0,0.0,0.0,0.0,1.0,1.0,5.341774667044776e-08,-6.681927147006439e-14,-5.3417679168887844e-08,1.2223533474298165e-07,0.0,0.0,0.0,3.008753992617131e-07,60.0,-0.0028924236539751,-0.0,-1.9458616582032122e-16,0.0,283.35400390625,284.5365905761719,288.9228210449219,289.824462890625,293.1499938964844,293.1499938964844,278.1499938964844,0.0,18000.0,313.1499938964844,0.0,18000.0,0.0,0.0,0.0,0.0,0.0,0.0,0.0,0.0,0.0,-0.0,-0.0,-0.0,-5.5419562194307814e-21,-2.7709781097153907e-21,-2.7709781097153907e-21,0.0,0.0,-0.0,0.0,0.0,0.0,-0.0,0.0,0.0,0.0,0.0,0.0,4.0,0.0,0.0
12193260,297.9818420410156,303.1499938964844,285.1499938964844,0.0,-0.0,285.1134338378906,0.0,0.0,0.0,297.9464416503906,303.1499938964844,285.1499938964844,0.0,-0.0,285.11328125,0.0,0.0,0.0,298.4826965332031,303.1499938964844,285.1499938964844,0.0,-0.0,285.1149597167969,0.0,0.0,0.0,297.8384094238281,303.1499938964844,285.1499938964844,0.0,-0.0,285.1127624511719,0.0,0.0,0.0,298.1474609375,303.1499938964844,285.1499938964844,0.0,-0.0,285.11309814453125,0.0,0.0,0.0,285.0993957519531,294.1499938964844,282.027587890625,280.89703369140625,286.1515197753906,282.5180053710937,285.1164855957031,0.0,0.0,0.0,0.0,1.0,1.0,-3.6105007872322403e-12,-2.967403120849508e-18,3.6105038229983233e-12,-4.608934327937631e-12,0.0,0.0,0.0,-1.4551915228366852e-11,60.0,-0.000666702107992,-0.0,-0.0,0.0,283.35400390625,284.5365905761719,288.9228210449219,289.824462890625,293.1499938964844,293.1499938964844,278.1499938964844,0.0,18000.0,313.1499938964844,0.0,18000.0,0.0,0.0,0.0,0.0,0.0,0.0,0.0,0.0,0.0,-0.0,-0.0,-0.0,-5.5419562194307814e-21,-2.7709781097153907e-21,-2.7709781097153907e-21,0.0,0.0,-0.0,0.0,0.0,0.0,-0.0,0.0,0.0,0.0,0.0,0.0,4.0,0.0,0.0
12193320,297.9818420410156,303.1499938964844,285.1499938964844,0.0,-0.0,285.1134338378906,0.0,0.0,0.0,297.9464416503906,303.1499938964844,285.1499938964844,0.0,-0.0,285.11328125,0.0,0.0,0.0,298.4826965332031,303.1499938964844,285.1499938964844,0.0,-0.0,285.1149597167969,0.0,0.0,0.0,297.8384094238281,303.1499938964844,285.1499938964844,0.0,-0.0,285.1127624511719,0.0,0.0,0.0,298.1474609375,303.1499938964844,285.1499938964844,0.0,-0.0,285.11309814453125,0.0,0.0,0.0,285.0993957519531,294.1499938964844,282.027587890625,280.89703369140625,286.1515197753906,282.5180053710937,285.1164855957031,0.0,0.0,0.0,0.0,1.0,1.0,-3.6105007872322403e-12,-2.967403120849508e-18,3.6105038229983233e-12,-4.608934327937631e-12,0.0,0.0,0.0,-1.4551915228366852e-11,60.0,-0.000666702107992,-0.0,-0.0,0.0,283.35400390625,284.5365905761719,288.9228210449219,289.824462890625,293.1499938964844,293.1499938964844,278.1499938964844,0.0,18000.0,313.1499938964844,0.0,18000.0,0.0,0.0,0.0,0.0,0.0,0.0,0.0,0.0,0.0,-0.0,-0.0,-0.0,-5.5419562194307814e-21,-2.7709781097153907e-21,-2.7709781097153907e-21,0.0,0.0,-0.0,0.0,0.0,0.0,-0.0,0.0,0.0,0.0,0.0,0.0,4.0,0.0,0.0
12193380,297.97967529296875,303.1499938964844,285.1499938964844,0.0,-0.0,285.1134338378906,0.0,0.0,0.0,297.9444885253906,303.1499938964844,285.1499938964844,0.0,-0.0,285.11328125,0.0,0.0,0.0,298.48016357421875,303.1499938964844,285.1499938964844,0.0,-0.0,285.1149597167969,0.0,0.0,0.0,297.8368225097656,303.1499938964844,285.1499938964844,0.0,-0.0,285.1127624511719,0.0,0.0,0.0,298.1465148925781,303.1499938964844,285.1499938964844,0.0,-0.0,285.11309814453125,0.0,0.0,0.0,285.0993957519531,294.1499938964844,282.00201416015625,280.8813171386719,286.1515197753906,282.5180053710937,285.1156921386719,0.0,0.0,0.0,0.0,1.0,1.0,-9.549946554041069e-13,-5.627135999269611e-18,9.550002932554036e-13,-2.719537377411652e-13,0.0,0.0,0.0,0.0,60.0,-0.0001445624657208,-0.0,-0.0,0.0,283.35400390625,284.5365905761719,288.9228210449219,289.824462890625,293.1499938964844,293.1499938964844,278.1499938964844,0.0,18000.0,313.1499938964844,0.0,18000.0,0.0,0.0,0.0,0.0,0.0,0.0,0.0,0.0,0.0,-0.0,-0.0,-0.0,-5.5419562194307814e-21,-2.7709781097153907e-21,-2.7709781097153907e-21,0.0,0.0,-0.0,0.0,0.0,0.0,-0.0,0.0,0.0,0.0,0.0,0.0,4.0,0.0,0.0
12193440,297.97967529296875,303.1499938964844,285.1499938964844,0.0,-0.0,285.1134338378906,0.0,0.0,0.0,297.9444885253906,303.1499938964844,285.1499938964844,0.0,-0.0,285.11328125,0.0,0.0,0.0,298.48016357421875,303.1499938964844,285.1499938964844,0.0,-0.0,285.1149597167969,0.0,0.0,0.0,297.8368225097656,303.1499938964844,285.1499938964844,0.0,-0.0,285.1127624511719,0.0,0.0,0.0,298.1465148925781,303.1499938964844,285.1499938964844,0.0,-0.0,285.11309814453125,0.0,0.0,0.0,285.0993957519531,294.1499938964844,282.00201416015625,280.8813171386719,286.1515197753906,282.5180053710937,285.1156921386719,0.0,0.0,0.0,0.0,1.0,1.0,-9.549946554041069e-13,-5.627135999269611e-18,9.550002932554036e-13,-2.719537377411652e-13,0.0,0.0,0.0,0.0,60.0,-0.0001445624657208,-0.0,-0.0,0.0,283.35400390625,284.5365905761719,288.9228210449219,289.824462890625,293.1499938964844,293.1499938964844,278.1499938964844,0.0,18000.0,313.1499938964844,0.0,18000.0,0.0,0.0,0.0,0.0,0.0,0.0,0.0,0.0,0.0,-0.0,-0.0,-0.0,-5.5419562194307814e-21,-2.7709781097153907e-21,-2.7709781097153907e-21,0.0,0.0,-0.0,0.0,0.0,0.0,-0.0,0.0,0.0,0.0,0.0,0.0,4.0,0.0,0.0
12193500,297.978515625,303.1499938964844,285.1499938964844,0.0,-0.0,285.1134338378906,0.0,0.0,0.0,297.9434814453125,303.1499938964844,285.1499938964844,0.0,-0.0,285.11328125,0.0,0.0,0.0,298.4788513183594,303.1499938964844,285.1499938964844,0.0,-0.0,285.1149597167969,0.0,0.0,0.0,297.8359680175781,303.1499938964844,285.1499938964844,0.0,-0.0,285.1127624511719,0.0,0.0,0.0,298.1460266113281,303.1499938964844,285.1499938964844,0.0,-0.0,285.11309814453125,0.0,0.0,0.0,285.0993957519531,294.1499938964844,281.9881286621094,280.8721008300781,286.1515197753906,282.5180053710937,285.11529541015625,0.0,0.0,0.0,0.0,1.0,1.0,1.700511476424027e-12,-8.286869084484867e-18,-1.7005031280672989e-12,4.0650269608755166e-12,0.0,0.0,0.0,1.4551915228366852e-11,60.0,-7.559734513051808e-05,-0.0,-0.0,0.0,283.35400390625,284.5365905761719,288.9228210449219,289.824462890625,293.1499938964844,293.1499938964844,278.1499938964844,0.0,18000.0,313.1499938964844,0.0,18000.0,0.0,0.0,0.0,0.0,0.0,0.0,0.0,0.0,0.0,-0.0,-0.0,-0.0,-5.5419562194307814e-21,-2.7709781097153907e-21,-2.7709781097153907e-21,0.0,0.0,-0.0,0.0,0.0,0.0,-0.0,0.0,0.0,0.0,0.0,0.0,4.0,0.0,0.0
12193560,297.9773254394531,303.1499938964844,285.1499938964844,0.0,-0.0,285.1134338378906,0.0,0.0,2.5584531238367897e-13,297.94244384765625,303.1499938964844,285.1499938964844,0.0,-0.0,285.11328125,0.0,0.0,2.694176804395043e-13,298.4775085449219,303.1499938964844,285.1499938964844,0.0,-0.0,285.1149597167969,0.0,0.0,1.989912276839992e-13,297.8350830078125,303.1499938964844,285.1499938964844,0.0,-0.0,285.1127624511719,0.0,0.0,2.694174635990698e-13,298.1454772949219,303.1499938964844,285.1499938964844,0.0,-0.0,285.11309814453125,0.0,0.0,1.2779985403277294e-12,285.0993957519531,294.1499938964844,281.9735717773437,280.862060546875,286.1515197753906,282.5180053710937,285.11492919921875,0.0,0.0,0.0,0.0,1.0,1.0,1.7561686696879186e-12,-7.668455623650423e-18,-1.756160971852494e-12,2.3835503883129494e-12,0.0,0.0,0.0,1.4551915228366852e-11,60.0,-4.169013845967129e-05,-0.0,-5.066788513209878e-25,0.0,283.35400390625,284.5365905761719,288.9228210449219,289.824462890625,293.1499938964844,293.1499938964844,278.1499938964844,0.0,18000.0,313.1499938964844,0.0,18000.0,0.0,0.0,0.0,0.0,0.0,0.0,0.0,0.0,0.0,-0.0,-0.0,-0.0,-5.5419562194307814e-21,-2.7709781097153907e-21,-2.7709781097153907e-21,0.0,0.0,-0.0,0.0,0.0,0.0,-0.0,0.0,0.0,0.0,0.0,0.0,4.0,0.0,0.0
12193620,297.975830078125,303.1499938964844,285.1499938964844,0.0,-0.0,285.1134338378906,0.0,0.0,0.0,297.9411315917969,303.1499938964844,285.1499938964844,0.0,-0.0,285.11328125,0.0,0.0,0.0,298.4758605957031,303.1499938964844,285.1499938964844,0.0,-0.0,285.1149597167969,0.0,0.0,0.0,297.8339538574219,303.1499938964844,285.1499938964844,0.0,-0.0,285.1127624511719,0.0,0.0,0.0,298.1448059082031,303.1499938964844,285.1499938964844,0.0,-0.0,285.11309814453125,0.0,0.0,0.0,285.0993957519531,294.1499938964844,281.9552001953125,280.848876953125,286.1515197753906,282.5180053710937,285.114501953125,0.0,0.0,0.0,0.0,1.0,1.0,-9.549946554041069e-13,-5.627135999269611e-18,9.550002932554036e-13,-2.719537377411652e-13,0.0,0.0,0.0,0.0,60.0,-2.2699488908983767e-05,-0.0,-3.45102436330562e-37,0.0,283.35400390625,284.5365905761719,288.9228210449219,289.824462890625,293.1499938964844,293.1499938964844,278.1499938964844,0.0,18000.0,313.1499938964844,0.0,18000.0,0.0,0.0,0.0,0.0,0.0,0.0,0.0,0.0,0.0,-0.0,-0.0,-0.0,-5.5419562194307814e-21,-2.7709781097153907e-21,-2.7709781097153907e-21,0.0,0.0,-0.0,0.0,0.0,0.0,-0.0,0.0,0.0,0.0,0.0,0.0,4.0,0.0,0.0
12193680,297.9748229980469,303.1499938964844,285.1499938964844,0.0,-0.0,285.1134338378906,0.0,0.0,0.0,297.94024658203125,303.1499938964844,285.1499938964844,0.0,-0.0,285.11328125,0.0,0.0,0.0,298.4747619628906,303.1499938964844,285.1499938964844,0.0,-0.0,285.1149597167969,0.0,0.0,0.0,297.8331604003906,303.1499938964844,285.1499938964844,0.0,-0.0,285.1127624511719,0.0,0.0,0.0,298.14434814453125,303.1499938964844,285.1499938964844,0.0,-0.0,285.11309814453125,0.0,0.0,0.0,285.0993957519531,294.1499938964844,281.94244384765625,280.8394775390625,286.1515197753906,282.5180053710937,285.1142272949219,0.0,0.0,0.0,0.0,1.0,1.0,-9.549946554041069e-13,-5.627135999269611e-18,9.550002932554036e-13,-2.719537377411652e-13,0.0,0.0,0.0,0.0,60.0,-1.5478191926376894e-05,-0.0,-0.0,0.0,283.35400390625,284.5365905761719,288.9228210449219,289.824462890625,293.1499938964844,293.1499938964844,278.1499938964844,0.0,18000.0,313.1499938964844,0.0,18000.0,0.0,0.0,0.0,0.0,0.0,0.0,0.0,0.0,0.0,-0.0,-0.0,-0.0,-5.5419562194307814e-21,-2.7709781097153907e-21,-2.7709781097153907e-21,0.0,0.0,-0.0,0.0,0.0,0.0,-0.0,0.0,0.0,0.0,0.0,0.0,4.0,0.0,0.0
12193740,297.9721984863281,303.1499938964844,285.1499938964844,0.0,-0.0,285.1134338378906,0.0,0.0,0.0,297.9379272460937,303.1499938964844,285.1499938964844,0.0,-0.0,285.11328125,0.0,0.0,0.0,298.47186279296875,303.1499938964844,285.1499938964844,0.0,-0.0,285.1149597167969,0.0,0.0,0.0,297.83111572265625,303.1499938964844,285.1499938964844,0.0,-0.0,285.1127624511719,0.0,0.0,0.0,298.14312744140625,303.1499938964844,285.1499938964844,0.0,-0.0,285.11309814453125,0.0,0.0,0.0,285.0993957519531,294.1499938964844,281.90887451171875,280.81378173828125,286.1515197753906,282.5180053710937,285.1135559082031,0.0,0.0,0.0,0.0,1.0,1.0,-9.549946554041069e-13,-5.627135999269611e-18,9.550002932554036e-13,-2.719537377411652e-13,0.0,0.0,0.0,0.0,60.0,-9.49936656979844e-06,-0.0,-0.0,0.0,283.35400390625,284.5365905761719,288.9228210449219,289.824462890625,293.1499938964844,293.1499938964844,278.1499938964844,0.0,18000.0,313.1499938964844,0.0,18000.0,0.0,0.0,0.0,0.0,0.0,0.0,0.0,0.0,0.0,-0.0,-0.0,-0.0,-5.5419562194307814e-21,-2.7709781097153907e-21,-2.7709781097153907e-21,0.0,0.0,-0.0,0.0,0.0,0.0,-0.0,0.0,0.0,0.0,0.0,0.0,4.0,0.0,0.0
12193800,297.9721984863281,303.1499938964844,285.1499938964844,0.0,-0.0,285.1134338378906,0.0,0.0,0.0,297.9379272460937,303.1499938964844,285.1499938964844,0.0,-0.0,285.11328125,0.0,0.0,0.0,298.47186279296875,303.1499938964844,285.1499938964844,0.0,-0.0,285.1149597167969,0.0,0.0,0.0,297.83111572265625,303.1499938964844,285.1499938964844,0.0,-0.0,285.1127624511719,0.0,0.0,0.0,298.14312744140625,303.1499938964844,285.1499938964844,0.0,-0.0,285.11309814453125,0.0,0.0,0.0,285.0993957519531,294.1499938964844,281.90887451171875,280.81378173828125,286.1515197753906,282.5180053710937,285.1135559082031,0.0,0.0,0.0,0.0,1.0,1.0,-9.549946554041069e-13,-5.627135999269611e-18,9.550002932554036e-13,-2.719537377411652e-13,0.0,0.0,0.0,0.0,60.0,-9.49936656979844e-06,-0.0,-0.0,0.0,283.35400390625,284.5365905761719,288.9228210449219,289.824462890625,293.1499938964844,293.1499938964844,278.1499938964844,0.0,18000.0,313.1499938964844,0.0,18000.0,0.0,0.0,0.0,0.0,0.0,0.0,0.0,0.0,0.0,-0.0,-0.0,-0.0,-5.5419562194307814e-21,-2.7709781097153907e-21,-2.7709781097153907e-21,0.0,0.0,-0.0,0.0,0.0,0.0,-0.0,0.0,0.0,0.0,0.0,0.0,4.0,0.0,0.0
12193860,297.9694519042969,303.1499938964844,285.1499938964844,0.0,-0.0,285.1134338378906,0.0,0.0,0.0,297.9354858398437,303.1499938964844,285.1499938964844,0.0,-0.0,285.11328125,0.0,0.0,0.0,298.4688720703125,303.1499938964844,285.1499938964844,0.0,-0.0,285.1149597167969,0.0,0.0,0.0,297.8289489746094,303.1499938964844,285.1499938964844,0.0,-0.0,285.1127624511719,0.0,0.0,0.0,298.1418151855469,303.1499938964844,285.1499938964844,0.0,-0.0,285.11309814453125,0.0,0.0,0.0,285.0993957519531,294.1499938964844,281.87310791015625,280.7852783203125,286.1515197753906,282.5180053710937,285.1129455566406,0.0,0.0,0.0,0.0,1.0,1.0,-9.549946554041069e-13,-5.627135999269611e-18,9.550002932554036e-13,-2.719537377411652e-13,0.0,0.0,0.0,0.0,60.0,-7.783636647218373e-06,-0.0,-0.0,0.0,283.35400390625,284.5365905761719,288.9228210449219,289.824462890625,293.1499938964844,293.1499938964844,278.1499938964844,0.0,18000.0,313.1499938964844,0.0,18000.0,0.0,0.0,0.0,0.0,0.0,0.0,0.0,0.0,0.0,-0.0,-0.0,-0.0,-5.5419562194307814e-21,-2.7709781097153907e-21,-2.7709781097153907e-21,0.0,0.0,-0.0,0.0,0.0,0.0,-0.0,0.0,0.0,0.0,0.0,0.0,4.0,0.0,0.0
12193920,297.9694519042969,303.1499938964844,285.1499938964844,0.0,-0.0,285.1134338378906,0.0,0.0,0.0,297.9354858398437,303.1499938964844,285.1499938964844,0.0,-0.0,285.11328125,0.0,0.0,0.0,298.4688720703125,303.1499938964844,285.1499938964844,0.0,-0.0,285.1149597167969,0.0,0.0,0.0,297.8289489746094,303.1499938964844,285.1499938964844,0.0,-0.0,285.1127624511719,0.0,0.0,0.0,298.1418151855469,303.1499938964844,285.1499938964844,0.0,-0.0,285.11309814453125,0.0,0.0,0.0,285.0993957519531,294.1499938964844,281.87310791015625,280.7852783203125,286.1515197753906,282.5180053710937,285.1129455566406,0.0,0.0,0.0,0.0,1.0,1.0,-9.549946554041069e-13,-5.627135999269611e-18,9.550002932554036e-13,-2.719537377411652e-13,0.0,0.0,0.0,0.0,60.0,-7.783636647218373e-06,-0.0,-0.0,0.0,283.35400390625,284.5365905761719,288.9228210449219,289.824462890625,293.1499938964844,293.1499938964844,278.1499938964844,0.0,18000.0,313.1499938964844,0.0,18000.0,0.0,0.0,0.0,0.0,0.0,0.0,0.0,0.0,0.0,-0.0,-0.0,-0.0,-5.5419562194307814e-21,-2.7709781097153907e-21,-2.7709781097153907e-21,0.0,0.0,-0.0,0.0,0.0,0.0,-0.0,0.0,0.0,0.0,0.0,0.0,4.0,0.0,0.0
12193980,297.96661376953125,303.1499938964844,285.1499938964844,0.0,-0.0,285.1134338378906,0.0,0.0,0.0,297.93292236328125,303.1499938964844,285.1499938964844,0.0,-0.0,285.11328125,0.0,0.0,0.0,298.4658203125,303.1499938964844,285.1499938964844,0.0,-0.0,285.1149597167969,0.0,0.0,0.0,297.82666015625,303.1499938964844,285.1499938964844,0.0,-0.0,285.1127624511719,0.0,0.0,0.0,298.1404113769531,303.1499938964844,285.1499938964844,0.0,-0.0,285.11309814453125,0.0,0.0,0.0,285.0993957519531,294.1499938964844,281.8353576660156,280.7541198730469,286.1515197753906,282.5180053710937,285.11236572265625,0.0,0.0,0.0,0.0,1.0,1.0,-9.549946554041069e-13,-5.627135999269611e-18,9.550002932554036e-13,-2.719537377411652e-13,0.0,0.0,0.0,0.0,60.0,-7.003763130342122e-06,-0.0,-0.0,0.0,283.35400390625,284.5365905761719,288.9228210449219,289.824462890625,293.1499938964844,293.1499938964844,278.1499938964844,0.0,18000.0,313.1499938964844,0.0,18000.0,0.0,0.0,0.0,0.0,0.0,0.0,0.0,0.0,0.0,-0.0,-0.0,-0.0,-5.5419562194307814e-21,-2.7709781097153907e-21,-2.7709781097153907e-21,0.0,0.0,-0.0,0.0,0.0,0.0,-0.0,0.0,0.0,0.0,0.0,0.0,4.0,0.0,0.0
12194040,297.96661376953125,303.1499938964844,285.1499938964844,0.0,-0.0,285.1134338378906,0.0,0.0,0.0,297.93292236328125,303.1499938964844,285.1499938964844,0.0,-0.0,285.11328125,0.0,0.0,0.0,298.4658203125,303.1499938964844,285.1499938964844,0.0,-0.0,285.1149597167969,0.0,0.0,0.0,297.82666015625,303.1499938964844,285.1499938964844,0.0,-0.0,285.1127624511719,0.0,0.0,0.0,298.1404113769531,303.1499938964844,285.1499938964844,0.0,-0.0,285.11309814453125,0.0,0.0,0.0,285.0993957519531,294.1499938964844,281.8353576660156,280.7541198730469,286.1515197753906,282.5180053710937,285.11236572265625,0.0,0.0,0.0,0.0,1.0,1.0,-9.549946554041069e-13,-5.627135999269611e-18,9.550002932554036e-13,-2.719537377411652e-13,0.0,0.0,0.0,0.0,60.0,-7.003763130342122e-06,-0.0,-0.0,0.0,283.35400390625,284.5365905761719,288.9228210449219,289.824462890625,293.1499938964844,293.1499938964844,278.1499938964844,0.0,18000.0,313.1499938964844,0.0,18000.0,0.0,0.0,0.0,0.0,0.0,0.0,0.0,0.0,0.0,-0.0,-0.0,-0.0,-5.5419562194307814e-21,-2.7709781097153907e-21,-2.7709781097153907e-21,0.0,0.0,-0.0,0.0,0.0,0.0,-0.0,0.0,0.0,0.0,0.0,0.0,4.0,0.0,0.0
12194100,297.96514892578125,303.1499938964844,285.1499938964844,0.0,-0.0,285.1134338378906,0.0,0.0,0.0,297.931640625,303.1499938964844,285.1499938964844,0.0,-0.0,285.11328125,0.0,0.0,0.0,298.4642333984375,303.1499938964844,285.1499938964844,0.0,-0.0,285.1149597167969,0.0,0.0,0.0,297.82550048828125,303.1499938964844,285.1499938964844,0.0,-0.0,285.1127624511719,0.0,0.0,0.0,298.13970947265625,303.1499938964844,285.1499938964844,0.0,-0.0,285.11309814453125,0.0,0.0,0.0,285.0993957519531,294.1499938964844,281.8158264160156,280.7376403808594,286.1515197753906,282.5180053710937,285.1120910644531,0.0,0.0,0.0,0.0,1.0,1.0,1.700511476424027e-12,-8.286869084484867e-18,-1.7005031280672989e-12,4.0650269608755166e-12,0.0,0.0,0.0,1.4551915228366852e-11,60.0,-6.714020400977461e-06,-0.0,-0.0,0.0,283.35400390625,284.5365905761719,288.9228210449219,289.824462890625,293.1499938964844,293.1499938964844,278.1499938964844,0.0,18000.0,313.1499938964844,0.0,18000.0,0.0,0.0,0.0,0.0,0.0,0.0,0.0,0.0,0.0,-0.0,-0.0,-0.0,-5.5419562194307814e-21,-2.7709781097153907e-21,-2.7709781097153907e-21,0.0,0.0,-0.0,0.0,0.0,0.0,-0.0,0.0,0.0,0.0,0.0,0.0,4.0,0.0,0.0
12194160,297.9636535644531,303.1499938964844,285.1499938964844,0.0,-0.0,285.1134338378906,0.0,0.0,0.0,297.9302978515625,303.1499938964844,285.1499938964844,0.0,-0.0,285.11328125,0.0,0.0,0.0,298.462646484375,303.1499938964844,285.1499938964844,0.0,-0.0,285.1149597167969,0.0,0.0,0.0,297.82427978515625,303.1499938964844,285.1499938964844,0.0,-0.0,285.1127624511719,0.0,0.0,0.0,298.13897705078125,303.1499938964844,285.1499938964844,0.0,-0.0,285.11309814453125,0.0,0.0,0.0,285.0993957519531,294.1499938964844,281.7958679199219,280.7206115722656,286.1515197753906,282.5180053710937,285.11181640625,0.0,0.0,0.0,0.0,1.0,1.0,-9.549946554041069e-13,-5.6271364128599174e-18,9.550002932554036e-13,-2.719537377411652e-13,0.0,0.0,0.0,0.0,60.0,-6.452149591495981e-06,-0.0,-0.0,0.0,283.35400390625,284.5365905761719,288.9228210449219,289.824462890625,293.1499938964844,293.1499938964844,278.1499938964844,0.0,18000.0,313.1499938964844,0.0,18000.0,0.0,0.0,0.0,0.0,0.0,0.0,0.0,0.0,0.0,-0.0,-0.0,-0.0,-5.5419562194307814e-21,-2.7709781097153907e-21,-2.7709781097153907e-21,0.0,0.0,-0.0,0.0,0.0,0.0,-0.0,0.0,0.0,0.0,0.0,0.0,4.0,0.0,0.0
12194220,297.96063232421875,303.1499938964844,285.1499938964844,0.0,-0.0,285.1134338378906,0.0,0.0,-2.5584531238367897e-13,297.9275817871094,303.1499938964844,285.1499938964844,0.0,-0.0,285.11328125,0.0,0.0,-2.694176804395043e-13,298.4594116210937,303.1499938964844,285.1499938964844,0.0,-0.0,285.1149597167969,0.0,0.0,-1.989912276839992e-13,297.82177734375,303.1499938964844,285.1499938964844,0.0,-0.0,285.1127624511719,0.0,0.0,-2.694174635990698e-13,298.137451171875,303.1499938964844,285.1499938964844,0.0,-0.0,285.11309814453125,0.0,0.0,-1.2779985403277294e-12,285.0993957519531,294.1499938964844,281.7548522949219,280.6849365234375,286.1515197753906,282.5180053710937,285.111328125,0.0,0.0,0.0,0.0,1.0,1.0,-1.0106518486679985e-12,-6.245549460104056e-18,1.010658137040599e-12,1.4095228890315117e-12,0.0,0.0,0.0,0.0,60.0,-5.979347861284623e-06,-0.0,-5.066788513209878e-25,0.0,283.35400390625,284.5365905761719,288.9228210449219,289.824462890625,293.1499938964844,293.1499938964844,278.1499938964844,0.0,18000.0,313.1499938964844,0.0,18000.0,0.0,0.0,0.0,0.0,0.0,0.0,0.0,0.0,0.0,-0.0,-0.0,-0.0,-5.5419562194307814e-21,-2.7709781097153907e-21,-2.7709781097153907e-21,0.0,0.0,-0.0,0.0,0.0,0.0,-0.0,0.0,0.0,0.0,0.0,0.0,4.0,0.0,0.0
12194280,297.96063232421875,303.1499938964844,285.1499938964844,0.0,-0.0,285.1134338378906,0.0,0.0,-2.5584531238367897e-13,297.9275817871094,303.1499938964844,285.1499938964844,0.0,-0.0,285.11328125,0.0,0.0,-2.694176804395043e-13,298.4594116210937,303.1499938964844,285.1499938964844,0.0,-0.0,285.1149597167969,0.0,0.0,-1.989912276839992e-13,297.82177734375,303.1499938964844,285.1499938964844,0.0,-0.0,285.1127624511719,0.0,0.0,-2.694174635990698e-13,298.137451171875,303.1499938964844,285.1499938964844,0.0,-0.0,285.11309814453125,0.0,0.0,-1.2779985403277294e-12,285.0993957519531,294.1499938964844,281.7548522949219,280.6849365234375,286.1515197753906,282.5180053710937,285.111328125,0.0,0.0,0.0,0.0,1.0,1.0,-1.0106518486679985e-12,-6.245549460104056e-18,1.010658137040599e-12,1.4095228890315117e-12,0.0,0.0,0.0,0.0,60.0,-5.979347861284623e-06,-0.0,-5.066788513209878e-25,0.0,283.35400390625,284.5365905761719,288.9228210449219,289.824462890625,293.1499938964844,293.1499938964844,278.1499938964844,0.0,18000.0,313.1499938964844,0.0,18000.0,0.0,0.0,0.0,0.0,0.0,0.0,0.0,0.0,0.0,-0.0,-0.0,-0.0,-5.5419562194307814e-21,-2.7709781097153907e-21,-2.7709781097153907e-21,0.0,0.0,-0.0,0.0,0.0,0.0,-0.0,0.0,0.0,0.0,0.0,0.0,4.0,0.0,0.0
12194340,297.95751953125,303.1499938964844,285.1499938964844,0.0,-0.0,285.1134338378906,0.0,0.0,2.5584531238367897e-13,297.9247741699219,303.1499938964844,285.1499938964844,0.0,-0.0,285.11328125,0.0,0.0,2.694176804395043e-13,298.45611572265625,303.1499938964844,285.1499938964844,0.0,-0.0,285.1149597167969,0.0,0.0,1.989912276839992e-13,297.8192138671875,303.1499938964844,285.1499938964844,0.0,-0.0,285.1127624511719,0.0,0.0,2.694174635990698e-13,298.1358642578125,303.1499938964844,285.1499938964844,0.0,-0.0,285.11309814453125,0.0,0.0,1.2779985403277294e-12,285.0993957519531,294.1499938964844,281.7125549316406,280.6473388671875,286.1515197753906,282.5180053710937,285.11083984375,0.0,0.0,0.0,0.0,1.0,1.0,-8.99337462140215e-13,-5.008722952025473e-18,8.993425036803171e-13,-1.953430472934059e-12,0.0,0.0,0.0,0.0,60.0,-5.550472451432142e-06,-0.0,-5.066788513209878e-25,0.0,283.35400390625,284.5365905761719,288.9228210449219,289.824462890625,293.1499938964844,293.1499938964844,278.1499938964844,0.0,18000.0,313.1499938964844,0.0,18000.0,0.0,0.0,0.0,0.0,0.0,0.0,0.0,0.0,0.0,-0.0,-0.0,-0.0,-5.5419562194307814e-21,-2.7709781097153907e-21,-2.7709781097153907e-21,0.0,0.0,-0.0,0.0,0.0,0.0,-0.0,0.0,0.0,0.0,0.0,0.0,4.0,0.0,0.0
12194400,297.95751953125,303.1499938964844,285.1499938964844,0.0,-0.0,285.1134338378906,0.0,0.0,2.5584531238367897e-13,297.9247741699219,303.1499938964844,285.1499938964844,0.0,-0.0,285.11328125,0.0,0.0,2.694176804395043e-13,298.45611572265625,303.1499938964844,285.1499938964844,0.0,-0.0,285.1149597167969,0.0,0.0,1.989912276839992e-13,297.8192138671875,303.1499938964844,285.1499938964844,0.0,-0.0,285.1127624511719,0.0,0.0,2.694174635990698e-13,298.1358642578125,303.1499938964844,285.1499938964844,0.0,-0.0,285.11309814453125,0.0,0.0,1.2779985403277294e-12,285.0993957519531,294.1499938964844,281.7125549316406,280.6473388671875,286.1515197753906,282.5180053710937,285.11083984375,0.0,0.0,0.0,0.0,1.0,1.0,-8.99337462140215e-13,-5.008722952025473e-18,8.993425036803171e-13,-1.953430472934059e-12,0.0,0.0,0.0,0.0,60.0,-5.550472451432142e-06,-0.0,-5.066788513209878e-25,0.0,283.35400390625,284.5365905761719,288.9228210449219,289.824462890625,293.1499938964844,293.1499938964844,278.1499938964844,0.0,18000.0,313.1499938964844,0.0,18000.0,0.0,0.0,0.0,0.0,0.0,0.0,0.0,0.0,0.0,-0.0,-0.0,-0.0,-5.5419562194307814e-21,-2.7709781097153907e-21,-2.7709781097153907e-21,0.0,0.0,-0.0,0.0,0.0,0.0,-0.0,0.0,0.0,0.0,0.0,0.0,4.0,0.0,0.0
12194460,297.9543762207031,303.1499938964844,285.1499938964844,0.0,-0.0,285.1134338378906,0.0,0.0,2.5584531238367897e-13,297.9219055175781,303.1499938964844,285.1499938964844,0.0,-0.0,285.11328125,0.0,0.0,2.694176804395043e-13,298.4527282714844,303.1499938964844,285.1499938964844,0.0,-0.0,285.1149597167969,0.0,0.0,1.989912276839992e-13,297.8164978027344,303.1499938964844,285.1499938964844,0.0,-0.0,285.1127624511719,0.0,0.0,2.694174635990698e-13,298.1342163085937,303.1499938964844,285.1499938964844,0.0,-0.0,285.11309814453125,0.0,0.0,1.2779985403277294e-12,285.0993957519531,294.1499938964844,281.669189453125,280.6080627441406,286.1515197753906,282.5180053710937,285.11041259765625,0.0,0.0,0.0,0.0,1.0,1.0,1.7561686696879186e-12,-7.668455623650423e-18,-1.756160971852494e-12,2.3835503883129494e-12,0.0,0.0,0.0,1.4551915228366852e-11,60.0,-5.15333977091359e-06,-0.0,-5.066788513209878e-25,0.0,283.35400390625,284.5365905761719,288.9228210449219,289.824462890625,293.1499938964844,293.1499938964844,278.1499938964844,0.0,18000.0,313.1499938964844,0.0,18000.0,0.0,0.0,0.0,0.0,0.0,0.0,0.0,0.0,0.0,-0.0,-0.0,-0.0,-5.5419562194307814e-21,-2.7709781097153907e-21,-2.7709781097153907e-21,0.0,0.0,-0.0,0.0,0.0,0.0,-0.0,0.0,0.0,0.0,0.0,0.0,4.0,0.0,0.0
12194520,297.9543762207031,303.1499938964844,285.1499938964844,0.0,-0.0,285.1134338378906,0.0,0.0,2.5584531238367897e-13,297.9219055175781,303.1499938964844,285.1499938964844,0.0,-0.0,285.11328125,0.0,0.0,2.694176804395043e-13,298.4527282714844,303.1499938964844,285.1499938964844,0.0,-0.0,285.1149597167969,0.0,0.0,1.989912276839992e-13,297.8164978027344,303.1499938964844,285.1499938964844,0.0,-0.0,285.1127624511719,0.0,0.0,2.694174635990698e-13,298.1342163085937,303.1499938964844,285.1499938964844,0.0,-0.0,285.11309814453125,0.0,0.0,1.2779985403277294e-12,285.0993957519531,294.1499938964844,281.669189453125,280.6080627441406,286.1515197753906,282.5180053710937,285.11041259765625,0.0,0.0,0.0,0.0,1.0,1.0,1.7561686696879186e-12,-7.668455623650423e-18,-1.756160971852494e-12,2.3835503883129494e-12,0.0,0.0,0.0,1.4551915228366852e-11,60.0,-5.15333977091359e-06,-0.0,-5.066788513209878e-25,0.0,283.35400390625,284.5365905761719,288.9228210449219,289.824462890625,293.1499938964844,293.1499938964844,278.1499938964844,0.0,18000.0,313.1499938964844,0.0,18000.0,0.0,0.0,0.0,0.0,0.0,0.0,0.0,0.0,0.0,-0.0,-0.0,-0.0,-5.5419562194307814e-21,-2.7709781097153907e-21,-2.7709781097153907e-21,0.0,0.0,-0.0,0.0,0.0,0.0,-0.0,0.0,0.0,0.0,0.0,0.0,4.0,0.0,0.0
12194580,297.9512939453125,303.1499938964844,285.1499938964844,0.0,-0.0,285.1134338378906,0.0,0.0,2.5584531238367897e-13,297.9189758300781,303.1499938964844,285.1499938964844,0.0,-0.0,285.11328125,0.0,0.0,2.694176804395043e-13,298.4493103027344,303.1499938964844,285.1499938964844,0.0,-0.0,285.1149597167969,0.0,0.0,1.989912276839992e-13,297.8136901855469,303.1499938964844,285.1499938964844,0.0,-0.0,285.1127624511719,0.0,0.0,2.694174635990698e-13,298.13250732421875,303.1499938964844,285.1499938964844,0.0,-0.0,285.11309814453125,0.0,0.0,1.2779985403277294e-12,285.0993957519531,294.1499938964844,281.6249694824219,280.5673217773437,286.1515197753906,282.5180053710937,285.1099853515625,0.0,0.0,0.0,0.0,1.0,1.0,1.7561686696879186e-12,-7.668455623650423e-18,-1.756160971852494e-12,2.3835503883129494e-12,0.0,0.0,0.0,1.4551915228366852e-11,60.0,-4.7848311623965856e-06,-0.0,-5.066788513209878e-25,0.0,283.35400390625,284.5365905761719,288.9228210449219,289.824462890625,293.1499938964844,293.1499938964844,278.1499938964844,0.0,18000.0,313.1499938964844,0.0,18000.0,0.0,0.0,0.0,0.0,0.0,0.0,0.0,0.0,0.0,-0.0,-0.0,-0.0,-5.5419562194307814e-21,-2.7709781097153907e-21,-2.7709781097153907e-21,0.0,0.0,-0.0,0.0,0.0,0.0,-0.0,0.0,0.0,0.0,0.0,0.0,4.0,0.0,0.0
12194640,297.9512939453125,303.1499938964844,285.1499938964844,0.0,-0.0,285.1134338378906,0.0,0.0,2.5584531238367897e-13,297.9189758300781,303.1499938964844,285.1499938964844,0.0,-0.0,285.11328125,0.0,0.0,2.694176804395043e-13,298.4493103027344,303.1499938964844,285.1499938964844,0.0,-0.0,285.1149597167969,0.0,0.0,1.989912276839992e-13,297.8136901855469,303.1499938964844,285.1499938964844,0.0,-0.0,285.1127624511719,0.0,0.0,2.694174635990698e-13,298.13250732421875,303.1499938964844,285.1499938964844,0.0,-0.0,285.11309814453125,0.0,0.0,1.2779985403277294e-12,285.0993957519531,294.1499938964844,281.6249694824219,280.5673217773437,286.1515197753906,282.5180053710937,285.1099853515625,0.0,0.0,0.0,0.0,1.0,1.0,1.7561686696879186e-12,-7.668455623650423e-18,-1.756160971852494e-12,2.3835503883129494e-12,0.0,0.0,0.0,1.4551915228366852e-11,60.0,-4.7848311623965856e-06,-0.0,-5.066788513209878e-25,0.0,283.35400390625,284.5365905761719,288.9228210449219,289.824462890625,293.1499938964844,293.1499938964844,278.1499938964844,0.0,18000.0,313.1499938964844,0.0,18000.0,0.0,0.0,0.0,0.0,0.0,0.0,0.0,0.0,0.0,-0.0,-0.0,-0.0,-5.5419562194307814e-21,-2.7709781097153907e-21,-2.7709781097153907e-21,0.0,0.0,-0.0,0.0,0.0,0.0,-0.0,0.0,0.0,0.0,0.0,0.0,4.0,0.0,0.0
12194700,297.94976806640625,303.1499938964844,285.1499938964844,0.0,-0.0,285.1134338378906,0.0,0.0,0.0,297.91748046875,303.1499938964844,285.1499938964844,0.0,-0.0,285.11328125,0.0,0.0,0.0,298.44757080078125,303.1499938964844,285.1499938964844,0.0,-0.0,285.1149597167969,0.0,0.0,0.0,297.81219482421875,303.1499938964844,285.1499938964844,0.0,-0.0,285.1127624511719,0.0,0.0,0.0,298.13165283203125,303.1499938964844,285.1499938964844,0.0,-0.0,285.11309814453125,0.0,0.0,0.0,285.0993957519531,294.1499938964844,281.6026611328125,280.5465087890625,286.1515197753906,282.5180053710937,285.1098022460937,0.0,0.0,0.0,0.0,1.0,1.0,-9.549946554041069e-13,-5.627135999269611e-18,9.550002932554036e-13,-2.719537377411652e-13,0.0,0.0,0.0,0.0,60.0,-4.610470568877645e-06,-0.0,-0.0,0.0,283.35400390625,284.5365905761719,288.9228210449219,289.824462890625,293.1499938964844,293.1499938964844,278.1499938964844,0.0,18000.0,313.1499938964844,0.0,18000.0,0.0,0.0,0.0,0.0,0.0,0.0,0.0,0.0,0.0,-0.0,-0.0,-0.0,-5.5419562194307814e-21,-2.7709781097153907e-21,-2.7709781097153907e-21,0.0,0.0,-0.0,0.0,0.0,0.0,-0.0,0.0,0.0,0.0,0.0,0.0,4.0,0.0,0.0
12194760,297.9482421875,303.1499938964844,285.1499938964844,0.0,-0.0,285.1134338378906,0.0,0.0,0.0,297.9159851074219,303.1499938964844,285.1499938964844,0.0,-0.0,285.11328125,0.0,0.0,0.0,298.4458312988281,303.1499938964844,285.1499938964844,0.0,-0.0,285.1149597167969,0.0,0.0,0.0,297.8106994628906,303.1499938964844,285.1499938964844,0.0,-0.0,285.1127624511719,0.0,0.0,0.0,298.1307983398437,303.1499938964844,285.1499938964844,0.0,-0.0,285.11309814453125,0.0,0.0,0.0,285.0993957519531,294.1499938964844,281.5802001953125,280.525390625,286.1515197753906,282.5180053710937,285.1095886230469,0.0,0.0,0.0,0.0,1.0,1.0,-9.549946554041069e-13,-5.627135999269611e-18,9.550002932554036e-13,-2.719537377411652e-13,0.0,0.0,0.0,0.0,60.0,-4.442759745870717e-06,-0.0,-0.0,0.0,283.35400390625,284.5365905761719,288.9228210449219,289.824462890625,293.1499938964844,293.1499938964844,278.1499938964844,0.0,18000.0,313.1499938964844,0.0,18000.0,0.0,0.0,0.0,0.0,0.0,0.0,0.0,0.0,0.0,-0.0,-0.0,-0.0,-5.5419562194307814e-21,-2.7709781097153907e-21,-2.7709781097153907e-21,0.0,0.0,-0.0,0.0,0.0,0.0,-0.0,0.0,0.0,0.0,0.0,0.0,4.0,0.0,0.0
12194820,297.9461669921875,303.1499938964844,285.1499938964844,0.0,-0.0,285.1134338378906,0.0,0.0,2.5584531238367897e-13,297.9139099121094,303.1499938964844,285.1499938964844,0.0,-0.0,285.11328125,0.0,0.0,2.694176804395043e-13,298.44342041015625,303.1499938964844,285.1499938964844,0.0,-0.0,285.1149597167969,0.0,0.0,1.989912276839992e-13,297.8086242675781,303.1499938964844,285.1499938964844,0.0,-0.0,285.1127624511719,0.0,0.0,2.694174635990698e-13,298.12957763671875,303.1499938964844,285.1499938964844,0.0,-0.0,285.11309814453125,0.0,0.0,1.2779985403277294e-12,285.0993957519531,294.1499938964844,281.54949951171875,280.4963073730469,286.1515197753906,282.5180053710937,285.1093444824219,0.0,0.0,0.0,0.0,1.0,1.0,4.411674584675618e-12,-1.032818870886568e-17,-4.411664610015631e-12,6.720531249559958e-12,0.0,0.0,0.0,2.9103830456733704e-11,60.0,-4.225111297273543e-06,-0.0,-5.066242227033013e-25,0.0,283.35400390625,284.5365905761719,288.9228210449219,289.824462890625,293.1499938964844,293.1499938964844,278.1499938964844,0.0,18000.0,313.1499938964844,0.0,18000.0,0.0,0.0,0.0,0.0,0.0,0.0,0.0,0.0,0.0,-0.0,-0.0,-0.0,-5.5419562194307814e-21,-2.7709781097153907e-21,-2.7709781097153907e-21,0.0,0.0,-0.0,0.0,0.0,0.0,-0.0,0.0,0.0,0.0,0.0,0.0,4.0,0.0,0.0
12194880,297.9451904296875,303.1499938964844,285.1499938964844,0.0,-0.0,285.1134338378906,0.0,0.0,5.116906247673579e-13,297.9129333496094,303.1499938964844,285.1499938964844,0.0,-0.0,285.11328125,0.0,0.0,5.388353608790086e-13,298.4422912597656,303.1499938964844,285.1499938964844,0.0,-0.0,285.1149597167969,0.0,0.0,3.979824553679984e-13,297.8076171875,303.1499938964844,285.1499938964844,0.0,-0.0,285.1127624511719,0.0,0.0,5.388349271981396e-13,298.1289978027344,303.1499938964844,285.1499938964844,0.0,-0.0,285.11309814453125,0.0,0.0,2.555997080655459e-12,285.0993957519531,294.1499938964844,281.5350341796875,280.48248291015625,286.1515197753906,282.5180053710937,285.1092529296875,0.0,0.0,0.0,0.0,1.0,1.0,4.467331886359727e-12,-9.709776075211849e-18,-4.467322345380609e-12,5.039054243316521e-12,0.0,0.0,0.0,2.9103830456733704e-11,60.0,-4.127331067138584e-06,-0.0,-2.0267154052839512e-24,0.0,283.35400390625,284.5365905761719,288.9228210449219,289.824462890625,293.1499938964844,293.1499938964844,278.1499938964844,0.0,18000.0,313.1499938964844,0.0,18000.0,0.0,0.0,0.0,0.0,0.0,0.0,0.0,0.0,0.0,-0.0,-0.0,-0.0,-5.5419562194307814e-21,-2.7709781097153907e-21,-2.7709781097153907e-21,0.0,0.0,-0.0,0.0,0.0,0.0,-0.0,0.0,0.0,0.0,0.0,0.0,4.0,0.0,0.0
12194940,297.942138671875,303.1499938964844,285.1499938964844,0.0,-0.0,285.1134338378906,0.0,0.0,0.0,297.9098205566406,303.1499938964844,285.1499938964844,0.0,-0.0,285.11328125,0.0,0.0,0.0,298.438720703125,303.1499938964844,285.1499938964844,0.0,-0.0,285.1149597167969,0.0,0.0,0.0,297.804443359375,303.1499938964844,285.1499938964844,0.0,-0.0,285.1127624511719,0.0,0.0,0.0,298.127197265625,303.1499938964844,285.1499938964844,0.0,-0.0,285.11309814453125,0.0,0.0,0.0,285.0993957519531,294.1499938964844,281.48974609375,280.4388427734375,286.1515197753906,282.5180053710937,285.1089172363281,0.0,0.0,0.0,0.0,1.0,1.0,-9.549946554041069e-13,-5.627135999269611e-18,9.550002932554036e-13,-2.719537377411652e-13,0.0,0.0,0.0,0.0,60.0,-3.833830760413548e-06,-0.0,-0.0,0.0,283.35400390625,284.5365905761719,288.9228210449219,289.824462890625,293.1499938964844,293.1499938964844,278.1499938964844,0.0,18000.0,313.1499938964844,0.0,18000.0,0.0,0.0,0.0,0.0,0.0,0.0,0.0,0.0,0.0,-0.0,-0.0,-0.0,-5.5419562194307814e-21,-2.7709781097153907e-21,-2.7709781097153907e-21,0.0,0.0,-0.0,0.0,0.0,0.0,-0.0,0.0,0.0,0.0,0.0,0.0,4.0,0.0,0.0
12195000,297.942138671875,303.1499938964844,285.1499938964844,0.0,-0.0,285.1134338378906,0.0,0.0,0.0,297.9098205566406,303.1499938964844,285.1499938964844,0.0,-0.0,285.11328125,0.0,0.0,0.0,298.438720703125,303.1499938964844,285.1499938964844,0.0,-0.0,285.1149597167969,0.0,0.0,0.0,297.804443359375,303.1499938964844,285.1499938964844,0.0,-0.0,285.1127624511719,0.0,0.0,0.0,298.127197265625,303.1499938964844,285.1499938964844,0.0,-0.0,285.11309814453125,0.0,0.0,0.0,285.0993957519531,294.1499938964844,281.48974609375,280.4388427734375,286.1515197753906,282.5180053710937,285.1089172363281,0.0,0.0,0.0,0.0,1.0,1.0,-9.549946554041069e-13,-5.627135999269611e-18,9.550002932554036e-13,-2.719537377411652e-13,0.0,0.0,0.0,0.0,60.0,-3.833830760413548e-06,-0.0,-0.0,0.0,283.35400390625,284.5365905761719,288.9228210449219,289.824462890625,293.1499938964844,293.1499938964844,278.1499938964844,0.0,18000.0,313.1499938964844,0.0,18000.0,0.0,0.0,0.0,0.0,0.0,0.0,0.0,0.0,0.0,-0.0,-0.0,-0.0,-5.5419562194307814e-21,-2.7709781097153907e-21,-2.7709781097153907e-21,0.0,0.0,-0.0,0.0,0.0,0.0,-0.0,0.0,0.0,0.0,0.0,0.0,4.0,0.0,0.0
12195060,297.9390563964844,303.1499938964844,285.1499938964844,0.0,-0.0,285.1134338378906,0.0,0.0,0.0,297.9067077636719,303.1499938964844,285.1499938964844,0.0,-0.0,285.11328125,0.0,0.0,0.0,298.43511962890625,303.1499938964844,285.1499938964844,0.0,-0.0,285.1149597167969,0.0,0.0,0.0,297.8012390136719,303.1499938964844,285.1499938964844,0.0,-0.0,285.1127624511719,0.0,0.0,0.0,298.1253662109375,303.1499938964844,285.1499938964844,0.0,-0.0,285.11309814453125,0.0,0.0,0.0,285.0993957519531,294.1499938964844,281.44451904296875,280.3946838378906,286.1515197753906,282.5180053710937,285.1086120605469,0.0,0.0,0.0,0.0,1.0,1.0,1.700511476424027e-12,-8.286869084484867e-18,-1.7005031280672989e-12,4.0650269608755166e-12,0.0,0.0,0.0,1.4551915228366852e-11,60.0,-3.561827043085941e-06,-0.0,-0.0,0.0,283.35400390625,284.5365905761719,288.9228210449219,289.824462890625,293.1499938964844,293.1499938964844,278.1499938964844,0.0,18000.0,313.1499938964844,0.0,18000.0,0.0,0.0,0.0,0.0,0.0,0.0,0.0,0.0,0.0,-0.0,-0.0,-0.0,-5.5419562194307814e-21,-2.7709781097153907e-21,-2.7709781097153907e-21,0.0,0.0,-0.0,0.0,0.0,0.0,-0.0,0.0,0.0,0.0,0.0,0.0,4.0,0.0,0.0
12195120,297.9390563964844,303.1499938964844,285.1499938964844,0.0,-0.0,285.1134338378906,0.0,0.0,0.0,297.9067077636719,303.1499938964844,285.1499938964844,0.0,-0.0,285.11328125,0.0,0.0,0.0,298.43511962890625,303.1499938964844,285.1499938964844,0.0,-0.0,285.1149597167969,0.0,0.0,0.0,297.8012390136719,303.1499938964844,285.1499938964844,0.0,-0.0,285.1127624511719,0.0,0.0,0.0,298.1253662109375,303.1499938964844,285.1499938964844,0.0,-0.0,285.11309814453125,0.0,0.0,0.0,285.0993957519531,294.1499938964844,281.44451904296875,280.3946838378906,286.1515197753906,282.5180053710937,285.1086120605469,0.0,0.0,0.0,0.0,1.0,1.0,1.700511476424027e-12,-8.286869084484867e-18,-1.7005031280672989e-12,4.0650269608755166e-12,0.0,0.0,0.0,1.4551915228366852e-11,60.0,-3.561827043085941e-06,-0.0,-0.0,0.0,283.35400390625,284.5365905761719,288.9228210449219,289.824462890625,293.1499938964844,293.1499938964844,278.1499938964844,0.0,18000.0,313.1499938964844,0.0,18000.0,0.0,0.0,0.0,0.0,0.0,0.0,0.0,0.0,0.0,-0.0,-0.0,-0.0,-5.5419562194307814e-21,-2.7709781097153907e-21,-2.7709781097153907e-21,0.0,0.0,-0.0,0.0,0.0,0.0,-0.0,0.0,0.0,0.0,0.0,0.0,4.0,0.0,0.0
12195180,297.9359741210937,303.1499938964844,285.1499938964844,0.0,-0.0,285.1134338378906,0.0,0.0,0.0,297.9035339355469,303.1499938964844,285.1499938964844,0.0,-0.0,285.11328125,0.0,0.0,0.0,298.4314880371094,303.1499938964844,285.1499938964844,0.0,-0.0,285.1149597167969,0.0,0.0,0.0,297.7979431152344,303.1499938964844,285.1499938964844,0.0,-0.0,285.1127624511719,0.0,0.0,0.0,298.1234741210937,303.1499938964844,285.1499938964844,0.0,-0.0,285.11309814453125,0.0,0.0,0.0,285.0993957519531,294.1499938964844,281.3996276855469,280.3502502441406,286.1515197753906,282.5180053710937,285.1083068847656,0.0,0.0,0.0,0.0,1.0,1.0,-9.549946554041069e-13,-5.627135999269611e-18,9.550002932554036e-13,-2.719537377411652e-13,0.0,0.0,0.0,0.0,60.0,-3.3098619951488217e-06,-0.0,-0.0,0.0,283.35400390625,284.5365905761719,288.9228210449219,289.824462890625,293.1499938964844,293.1499938964844,278.1499938964844,0.0,18000.0,313.1499938964844,0.0,18000.0,0.0,0.0,0.0,0.0,0.0,0.0,0.0,0.0,0.0,-0.0,-0.0,-0.0,-5.5419562194307814e-21,-2.7709781097153907e-21,-2.7709781097153907e-21,0.0,0.0,-0.0,0.0,0.0,0.0,-0.0,0.0,0.0,0.0,0.0,0.0,4.0,0.0,0.0
12195240,297.9359741210937,303.1499938964844,285.1499938964844,0.0,-0.0,285.1134338378906,0.0,0.0,0.0,297.9035339355469,303.1499938964844,285.1499938964844,0.0,-0.0,285.11328125,0.0,0.0,0.0,298.4314880371094,303.1499938964844,285.1499938964844,0.0,-0.0,285.1149597167969,0.0,0.0,0.0,297.7979431152344,303.1499938964844,285.1499938964844,0.0,-0.0,285.1127624511719,0.0,0.0,0.0,298.1234741210937,303.1499938964844,285.1499938964844,0.0,-0.0,285.11309814453125,0.0,0.0,0.0,285.0993957519531,294.1499938964844,281.3996276855469,280.3502502441406,286.1515197753906,282.5180053710937,285.1083068847656,0.0,0.0,0.0,0.0,1.0,1.0,-9.549946554041069e-13,-5.627135999269611e-18,9.550002932554036e-13,-2.719537377411652e-13,0.0,0.0,0.0,0.0,60.0,-3.3098619951488217e-06,-0.0,-0.0,0.0,283.35400390625,284.5365905761719,288.9228210449219,289.824462890625,293.1499938964844,293.1499938964844,278.1499938964844,0.0,18000.0,313.1499938964844,0.0,18000.0,0.0,0.0,0.0,0.0,0.0,0.0,0.0,0.0,0.0,-0.0,-0.0,-0.0,-5.5419562194307814e-21,-2.7709781097153907e-21,-2.7709781097153907e-21,0.0,0.0,-0.0,0.0,0.0,0.0,-0.0,0.0,0.0,0.0,0.0,0.0,4.0,0.0,0.0
12195300,297.9344177246094,303.1499938964844,285.1499938964844,0.0,-0.0,285.1134338378906,0.0,0.0,0.0,297.9019470214844,303.1499938964844,285.1499938964844,0.0,-0.0,285.11328125,0.0,0.0,0.0,298.4296569824219,303.1499938964844,285.1499938964844,0.0,-0.0,285.1149597167969,0.0,0.0,0.0,297.7962951660156,303.1499938964844,285.1499938964844,0.0,-0.0,285.1127624511719,0.0,0.0,0.0,298.1225280761719,303.1499938964844,285.1499938964844,0.0,-0.0,285.11309814453125,0.0,0.0,0.0,285.0993957519531,294.1499938964844,281.3773803710937,280.3280029296875,286.1515197753906,282.5180053710937,285.1081848144531,0.0,0.0,0.0,0.0,1.0,1.0,-9.549946554041069e-13,-5.627135999269611e-18,9.550002932554036e-13,-2.719537377411652e-13,0.0,0.0,0.0,0.0,60.0,-3.190699544575182e-06,-0.0,-0.0,0.0,283.35400390625,284.5365905761719,288.9228210449219,289.824462890625,293.1499938964844,293.1499938964844,278.1499938964844,0.0,18000.0,313.1499938964844,0.0,18000.0,0.0,0.0,0.0,0.0,0.0,0.0,0.0,0.0,0.0,-0.0,-0.0,-0.0,-5.5419562194307814e-21,-2.7709781097153907e-21,-2.7709781097153907e-21,0.0,0.0,-0.0,0.0,0.0,0.0,-0.0,0.0,0.0,0.0,0.0,0.0,4.0,0.0,0.0
12195360,297.932861328125,303.1499938964844,285.1499938964844,0.0,-0.0,285.1134338378906,0.0,0.0,0.0,297.9003295898437,303.1499938964844,285.1499938964844,0.0,-0.0,285.11328125,0.0,0.0,0.0,298.42779541015625,303.1499938964844,285.1499938964844,0.0,-0.0,285.1149597167969,0.0,0.0,0.0,297.79461669921875,303.1499938964844,285.1499938964844,0.0,-0.0,285.1127624511719,0.0,0.0,0.0,298.12158203125,303.1499938964844,285.1499938964844,0.0,-0.0,285.11309814453125,0.0,0.0,0.0,285.0993957519531,294.1499938964844,281.35528564453125,280.3057861328125,286.1515197753906,282.5180053710937,285.1080322265625,0.0,0.0,0.0,0.0,1.0,1.0,-9.549946554041069e-13,-5.627135999269611e-18,9.550002932554036e-13,-2.719537377411652e-13,0.0,0.0,0.0,0.0,60.0,-3.0760456866119057e-06,-0.0,-0.0,0.0,283.35400390625,284.5365905761719,288.9228210449219,289.824462890625,293.1499938964844,293.1499938964844,278.1499938964844,0.0,18000.0,313.1499938964844,0.0,18000.0,0.0,0.0,0.0,0.0,0.0,0.0,0.0,0.0,0.0,-0.0,-0.0,-0.0,-5.5419562194307814e-21,-2.7709781097153907e-21,-2.7709781097153907e-21,0.0,0.0,-0.0,0.0,0.0,0.0,-0.0,0.0,0.0,0.0,0.0,0.0,4.0,0.0,0.0
12195420,297.9297180175781,303.1499938964844,285.1499938964844,0.0,-0.0,285.1134338378906,0.0,0.0,-2.5584531238367897e-13,297.8971252441406,303.1499938964844,285.1499938964844,0.0,-0.0,285.11328125,0.0,0.0,-2.694176804395043e-13,298.42413330078125,303.1499938964844,285.1499938964844,0.0,-0.0,285.1149597167969,0.0,0.0,-1.989912276839992e-13,297.7912902832031,303.1499938964844,285.1499938964844,0.0,-0.0,285.1127624511719,0.0,0.0,-2.694174635990698e-13,298.1196594238281,303.1499938964844,285.1499938964844,0.0,-0.0,285.11309814453125,0.0,0.0,-1.2779985403277294e-12,285.0993957519531,294.1499938964844,281.3117370605469,280.2615051269531,286.1515197753906,282.5180053710937,285.1077880859375,0.0,0.0,0.0,0.0,1.0,1.0,-3.666158088916349e-12,-3.585816374888799e-18,3.666161558363301e-12,-2.9274577553750625e-12,0.0,0.0,0.0,-1.4551915228366852e-11,60.0,-2.858670313798939e-06,-0.0,-5.066788513209878e-25,0.0,283.35400390625,284.5365905761719,288.9228210449219,289.824462890625,293.1499938964844,293.1499938964844,278.1499938964844,0.0,18000.0,313.1499938964844,0.0,18000.0,0.0,0.0,0.0,0.0,0.0,0.0,0.0,0.0,0.0,-0.0,-0.0,-0.0,-5.5419562194307814e-21,-2.7709781097153907e-21,-2.7709781097153907e-21,0.0,0.0,-0.0,0.0,0.0,0.0,-0.0,0.0,0.0,0.0,0.0,0.0,4.0,0.0,0.0
12195480,297.9297180175781,303.1499938964844,285.1499938964844,0.0,-0.0,285.1134338378906,0.0,0.0,-2.5584531238367897e-13,297.8971252441406,303.1499938964844,285.1499938964844,0.0,-0.0,285.11328125,0.0,0.0,-2.694176804395043e-13,298.42413330078125,303.1499938964844,285.1499938964844,0.0,-0.0,285.1149597167969,0.0,0.0,-1.989912276839992e-13,297.7912902832031,303.1499938964844,285.1499938964844,0.0,-0.0,285.1127624511719,0.0,0.0,-2.694174635990698e-13,298.1196594238281,303.1499938964844,285.1499938964844,0.0,-0.0,285.11309814453125,0.0,0.0,-1.2779985403277294e-12,285.0993957519531,294.1499938964844,281.3117370605469,280.2615051269531,286.1515197753906,282.5180053710937,285.1077880859375,0.0,0.0,0.0,0.0,1.0,1.0,-3.666158088916349e-12,-3.585816374888799e-18,3.666161558363301e-12,-2.9274577553750625e-12,0.0,0.0,0.0,-1.4551915228366852e-11,60.0,-2.858670313798939e-06,-0.0,-5.066788513209878e-25,0.0,283.35400390625,284.5365905761719,288.9228210449219,289.824462890625,293.1499938964844,293.1499938964844,278.1499938964844,0.0,18000.0,313.1499938964844,0.0,18000.0,0.0,0.0,0.0,0.0,0.0,0.0,0.0,0.0,0.0,-0.0,-0.0,-0.0,-5.5419562194307814e-21,-2.7709781097153907e-21,-2.7709781097153907e-21,0.0,0.0,-0.0,0.0,0.0,0.0,-0.0,0.0,0.0,0.0,0.0,0.0,4.0,0.0,0.0
12195540,297.92657470703125,303.1499938964844,285.1499938964844,0.0,-0.0,285.1134338378906,0.0,0.0,2.5584531238367897e-13,297.8938903808594,303.1499938964844,285.1499938964844,0.0,-0.0,285.11328125,0.0,0.0,2.694176804395043e-13,298.42041015625,303.1499938964844,285.1499938964844,0.0,-0.0,285.1149597167969,0.0,0.0,1.989912276839992e-13,297.78790283203125,303.1499938964844,285.1499938964844,0.0,-0.0,285.1127624511719,0.0,0.0,2.694174635990698e-13,298.11773681640625,303.1499938964844,285.1499938964844,0.0,-0.0,285.11309814453125,0.0,0.0,1.2779985403277294e-12,285.0993957519531,294.1499938964844,281.2691955566406,280.2176818847656,286.1515197753906,282.5180053710937,285.1075744628906,0.0,0.0,0.0,0.0,1.0,1.0,4.411674584675618e-12,-1.032818870886568e-17,-4.411664610015631e-12,6.720531249559958e-12,0.0,0.0,0.0,2.9103830456733704e-11,60.0,-2.6567340682959184e-06,-0.0,-5.066788513209878e-25,0.0,283.35400390625,284.5365905761719,288.9228210449219,289.824462890625,293.1499938964844,293.1499938964844,278.1499938964844,0.0,18000.0,313.1499938964844,0.0,18000.0,0.0,0.0,0.0,0.0,0.0,0.0,0.0,0.0,0.0,-0.0,-0.0,-0.0,-5.5419562194307814e-21,-2.7709781097153907e-21,-2.7709781097153907e-21,0.0,0.0,-0.0,0.0,0.0,0.0,-0.0,0.0,0.0,0.0,0.0,0.0,4.0,0.0,0.0
12195600,297.92657470703125,303.1499938964844,285.1499938964844,0.0,-0.0,285.1134338378906,0.0,0.0,2.5584531238367897e-13,297.8938903808594,303.1499938964844,285.1499938964844,0.0,-0.0,285.11328125,0.0,0.0,2.694176804395043e-13,298.42041015625,303.1499938964844,285.1499938964844,0.0,-0.0,285.1149597167969,0.0,0.0,1.989912276839992e-13,297.78790283203125,303.1499938964844,285.1499938964844,0.0,-0.0,285.1127624511719,0.0,0.0,2.694174635990698e-13,298.11773681640625,303.1499938964844,285.1499938964844,0.0,-0.0,285.11309814453125,0.0,0.0,1.2779985403277294e-12,285.0993957519531,294.1499938964844,281.2691955566406,280.2176818847656,286.1515197753906,282.5180053710937,285.1075744628906,0.0,0.0,0.0,0.0,1.0,1.0,4.411674584675618e-12,-1.032818870886568e-17,-4.411664610015631e-12,6.720531249559958e-12,0.0,0.0,0.0,2.9103830456733704e-11,60.0,-2.6567340682959184e-06,-0.0,-5.066788513209878e-25,0.0,283.35400390625,284.5365905761719,288.9228210449219,289.824462890625,293.1499938964844,293.1499938964844,278.1499938964844,0.0,18000.0,313.1499938964844,0.0,18000.0,0.0,0.0,0.0,0.0,0.0,0.0,0.0,0.0,0.0,-0.0,-0.0,-0.0,-5.5419562194307814e-21,-2.7709781097153907e-21,-2.7709781097153907e-21,0.0,0.0,-0.0,0.0,0.0,0.0,-0.0,0.0,0.0,0.0,0.0,0.0,4.0,0.0,0.0
12195660,297.9234313964844,303.1499938964844,285.1499938964844,0.0,-0.0,285.1134338378906,0.0,0.0,0.0,297.8906555175781,303.1499938964844,285.1499938964844,0.0,-0.0,285.11328125,0.0,0.0,0.0,298.4167175292969,303.1499938964844,285.1499938964844,0.0,-0.0,285.1149597167969,0.0,0.0,0.0,297.7845458984375,303.1499938964844,285.1499938964844,0.0,-0.0,285.1127624511719,0.0,0.0,0.0,298.1158142089844,303.1499938964844,285.1499938964844,0.0,-0.0,285.11309814453125,0.0,0.0,0.0,285.0993957519531,294.1499938964844,281.2279052734375,280.17449951171875,286.1515197753906,282.5180053710937,285.1073608398437,0.0,0.0,0.0,0.0,1.0,1.0,-9.549946554041069e-13,-5.6271364128599174e-18,9.550002932554036e-13,-2.719537377411652e-13,0.0,0.0,0.0,0.0,60.0,-2.468984121151152e-06,-0.0,-0.0,0.0,283.35400390625,284.5365905761719,288.9228210449219,289.824462890625,293.1499938964844,293.1499938964844,278.1499938964844,0.0,18000.0,313.1499938964844,0.0,18000.0,0.0,0.0,0.0,0.0,0.0,0.0,0.0,0.0,0.0,-0.0,-0.0,-0.0,-5.5419562194307814e-21,-2.7709781097153907e-21,-2.7709781097153907e-21,0.0,0.0,-0.0,0.0,0.0,0.0,-0.0,0.0,0.0,0.0,0.0,0.0,4.0,0.0,0.0
12195720,297.9234313964844,303.1499938964844,285.1499938964844,0.0,-0.0,285.1134338378906,0.0,0.0,0.0,297.8906555175781,303.1499938964844,285.1499938964844,0.0,-0.0,285.11328125,0.0,0.0,0.0,298.4167175292969,303.1499938964844,285.1499938964844,0.0,-0.0,285.1149597167969,0.0,0.0,0.0,297.7845458984375,303.1499938964844,285.1499938964844,0.0,-0.0,285.1127624511719,0.0,0.0,0.0,298.1158142089844,303.1499938964844,285.1499938964844,0.0,-0.0,285.11309814453125,0.0,0.0,0.0,285.0993957519531,294.1499938964844,281.2279052734375,280.17449951171875,286.1515197753906,282.5180053710937,285.1073608398437,0.0,0.0,0.0,0.0,1.0,1.0,-9.549946554041069e-13,-5.6271364128599174e-18,9.550002932554036e-13,-2.719537377411652e-13,0.0,0.0,0.0,0.0,60.0,-2.468984121151152e-06,-0.0,-0.0,0.0,283.35400390625,284.5365905761719,288.9228210449219,289.824462890625,293.1499938964844,293.1499938964844,278.1499938964844,0.0,18000.0,313.1499938964844,0.0,18000.0,0.0,0.0,0.0,0.0,0.0,0.0,0.0,0.0,0.0,-0.0,-0.0,-0.0,-5.5419562194307814e-21,-2.7709781097153907e-21,-2.7709781097153907e-21,0.0,0.0,-0.0,0.0,0.0,0.0,-0.0,0.0,0.0,0.0,0.0,0.0,4.0,0.0,0.0
12195780,297.9202880859375,303.1499938964844,285.1499938964844,0.0,-0.0,285.1134338378906,0.0,0.0,0.0,297.8874206542969,303.1499938964844,285.1499938964844,0.0,-0.0,285.11328125,0.0,0.0,0.0,298.4129943847656,303.1499938964844,285.1499938964844,0.0,-0.0,285.1149597167969,0.0,0.0,0.0,297.7811584472656,303.1499938964844,285.1499938964844,0.0,-0.0,285.1127624511719,0.0,0.0,0.0,298.1138610839844,303.1499938964844,285.1499938964844,0.0,-0.0,285.11309814453125,0.0,0.0,0.0,285.0993957519531,294.1499938964844,281.1880798339844,280.1322326660156,286.1515197753906,282.5180053710937,285.1071472167969,0.0,0.0,0.0,0.0,1.0,1.0,-9.549946554041069e-13,-5.6271364128599174e-18,9.550002932554036e-13,-2.719537377411652e-13,0.0,0.0,0.0,0.0,60.0,-2.294874320796225e-06,-0.0,-0.0,0.0,283.35400390625,284.5365905761719,288.9228210449219,289.824462890625,293.1499938964844,293.1499938964844,278.1499938964844,0.0,18000.0,313.1499938964844,0.0,18000.0,0.0,0.0,0.0,0.0,0.0,0.0,0.0,0.0,0.0,-0.0,-0.0,-0.0,-5.5419562194307814e-21,-2.7709781097153907e-21,-2.7709781097153907e-21,0.0,0.0,-0.0,0.0,0.0,0.0,-0.0,0.0,0.0,0.0,0.0,0.0,4.0,0.0,0.0
12195840,297.9202880859375,303.1499938964844,285.1499938964844,0.0,-0.0,285.1134338378906,0.0,0.0,0.0,297.8874206542969,303.1499938964844,285.1499938964844,0.0,-0.0,285.11328125,0.0,0.0,0.0,298.4129943847656,303.1499938964844,285.1499938964844,0.0,-0.0,285.1149597167969,0.0,0.0,0.0,297.7811584472656,303.1499938964844,285.1499938964844,0.0,-0.0,285.1127624511719,0.0,0.0,0.0,298.1138610839844,303.1499938964844,285.1499938964844,0.0,-0.0,285.11309814453125,0.0,0.0,0.0,285.0993957519531,294.1499938964844,281.1880798339844,280.1322326660156,286.1515197753906,282.5180053710937,285.1071472167969,0.0,0.0,0.0,0.0,1.0,1.0,-9.549946554041069e-13,-5.6271364128599174e-18,9.550002932554036e-13,-2.719537377411652e-13,0.0,0.0,0.0,0.0,60.0,-2.294874320796225e-06,-0.0,-0.0,0.0,283.35400390625,284.5365905761719,288.9228210449219,289.824462890625,293.1499938964844,293.1499938964844,278.1499938964844,0.0,18000.0,313.1499938964844,0.0,18000.0,0.0,0.0,0.0,0.0,0.0,0.0,0.0,0.0,0.0,-0.0,-0.0,-0.0,-5.5419562194307814e-21,-2.7709781097153907e-21,-2.7709781097153907e-21,0.0,0.0,-0.0,0.0,0.0,0.0,-0.0,0.0,0.0,0.0,0.0,0.0,4.0,0.0,0.0
12195900,297.918701171875,303.1499938964844,285.1499938964844,0.0,-0.0,285.1134338378906,0.0,0.0,2.5584531238367897e-13,297.88580322265625,303.1499938964844,285.1499938964844,0.0,-0.0,285.11328125,0.0,0.0,2.694176804395043e-13,298.4111328125,303.1499938964844,285.1499938964844,0.0,-0.0,285.1149597167969,0.0,0.0,1.989912276839992e-13,297.7794494628906,303.1499938964844,285.1499938964844,0.0,-0.0,285.1127624511719,0.0,0.0,2.694174635990698e-13,298.1128845214844,303.1499938964844,285.1499938964844,0.0,-0.0,285.11309814453125,0.0,0.0,1.2779985403277294e-12,285.0993957519531,294.1499938964844,281.1687927246094,280.11151123046875,286.1515197753906,282.5180053710937,285.1070556640625,0.0,0.0,0.0,0.0,1.0,1.0,1.7561686696879186e-12,-7.668456450831037e-18,-1.756160971852494e-12,2.3835503883129494e-12,0.0,0.0,0.0,1.4551915228366852e-11,60.0,-2.213102561654523e-06,-0.0,-5.066788513209878e-25,0.0,283.35400390625,284.5365905761719,288.9228210449219,289.824462890625,293.1499938964844,293.1499938964844,278.1499938964844,0.0,18000.0,313.1499938964844,0.0,18000.0,0.0,0.0,0.0,0.0,0.0,0.0,0.0,0.0,0.0,-0.0,-0.0,-0.0,-5.5419562194307814e-21,-2.7709781097153907e-21,-2.7709781097153907e-21,0.0,0.0,-0.0,0.0,0.0,0.0,-0.0,0.0,0.0,0.0,0.0,0.0,4.0,0.0,0.0
12195960,297.9171447753906,303.1499938964844,285.1499938964844,0.0,-0.0,285.1134338378906,0.0,0.0,2.5584531238367897e-13,297.8841857910156,303.1499938964844,285.1499938964844,0.0,-0.0,285.11328125,0.0,0.0,2.694176804395043e-13,298.4092712402344,303.1499938964844,285.1499938964844,0.0,-0.0,285.1149597167969,0.0,0.0,1.989912276839992e-13,297.7777709960937,303.1499938964844,285.1499938964844,0.0,-0.0,285.1127624511719,0.0,0.0,2.694174635990698e-13,298.1119079589844,303.1499938964844,285.1499938964844,0.0,-0.0,285.11309814453125,0.0,0.0,1.2779985403277294e-12,285.0993957519531,294.1499938964844,281.1499328613281,280.0910949707031,286.1515197753906,282.5180053710937,285.1069641113281,0.0,0.0,0.0,0.0,1.0,1.0,1.7561686696879186e-12,-7.668456450831037e-18,-1.756160971852494e-12,2.3835503883129494e-12,0.0,0.0,0.0,1.4551915228366852e-11,60.0,-2.134245278284652e-06,-0.0,-5.066788513209878e-25,0.0,283.35400390625,284.5365905761719,288.9228210449219,289.824462890625,293.1499938964844,293.1499938964844,278.1499938964844,0.0,18000.0,313.1499938964844,0.0,18000.0,0.0,0.0,0.0,0.0,0.0,0.0,0.0,0.0,0.0,-0.0,-0.0,-0.0,-5.5419562194307814e-21,-2.7709781097153907e-21,-2.7709781097153907e-21,0.0,0.0,-0.0,0.0,0.0,0.0,-0.0,0.0,0.0,0.0,0.0,0.0,4.0,0.0,0.0
12196020,297.91473388671875,303.1499938964844,285.1499938964844,0.0,-0.0,285.1134338378906,0.0,0.0,2.5584531238367897e-13,297.8817138671875,303.1499938964844,285.1499938964844,0.0,-0.0,285.11328125,0.0,0.0,2.694176804395043e-13,298.40643310546875,303.1499938964844,285.1499938964844,0.0,-0.0,285.1149597167969,0.0,0.0,1.989912276839992e-13,297.77520751953125,303.1499938964844,285.1499938964844,0.0,-0.0,285.1127624511719,0.0,0.0,2.694174635990698e-13,298.11041259765625,303.1499938964844,285.1499938964844,0.0,-0.0,285.11309814453125,0.0,0.0,1.2779985403277294e-12,285.0993957519531,294.1499938964844,281.12225341796875,280.06072998046875,286.1515197753906,282.5180053710937,285.1068420410156,0.0,0.0,0.0,0.0,1.0,1.0,1.7561686696879186e-12,-7.668455623650423e-18,-1.756160971852494e-12,2.3835503883129494e-12,0.0,0.0,0.0,1.4551915228366852e-11,60.0,-2.018111445067916e-06,-0.0,-5.066233845385895e-25,0.0,283.35400390625,284.5365905761719,288.9228210449219,289.824462890625,293.1499938964844,293.1499938964844,278.1499938964844,0.0,18000.0,313.1499938964844,0.0,18000.0,0.0,0.0,0.0,0.0,0.0,0.0,0.0,0.0,0.0,-0.0,-0.0,-0.0,-5.5419562194307814e-21,-2.7709781097153907e-21,-2.7709781097153907e-21,0.0,0.0,-0.0,0.0,0.0,0.0,-0.0,0.0,0.0,0.0,0.0,0.0,4.0,0.0,0.0
12196080,297.9140014648437,303.1499938964844,285.1499938964844,0.0,-0.0,285.1134338378906,0.0,0.0,0.0,297.8809509277344,303.1499938964844,285.1499938964844,0.0,-0.0,285.11328125,0.0,0.0,0.0,298.4055480957031,303.1499938964844,285.1499938964844,0.0,-0.0,285.1149597167969,0.0,0.0,0.0,297.7743835449219,303.1499938964844,285.1499938964844,0.0,-0.0,285.1127624511719,0.0,0.0,0.0,298.1099548339844,303.1499938964844,285.1499938964844,0.0,-0.0,285.11309814453125,0.0,0.0,0.0,285.0993957519531,294.1499938964844,281.1137390136719,280.05133056640625,286.1515197753906,282.5180053710937,285.1067810058594,0.0,0.0,0.0,0.0,1.0,1.0,-9.549946554041069e-13,-5.6271364128599174e-18,9.550002932554036e-13,-2.719537377411652e-13,0.0,0.0,0.0,0.0,60.0,-1.983134552574484e-06,-0.0,-0.0,0.0,283.35400390625,284.5365905761719,288.9228210449219,289.824462890625,293.1499938964844,293.1499938964844,278.1499938964844,0.0,18000.0,313.1499938964844,0.0,18000.0,0.0,0.0,0.0,0.0,0.0,0.0,0.0,0.0,0.0,-0.0,-0.0,-0.0,-5.5419562194307814e-21,-2.7709781097153907e-21,-2.7709781097153907e-21,0.0,0.0,-0.0,0.0,0.0,0.0,-0.0,0.0,0.0,0.0,0.0,0.0,4.0,0.0,0.0
12196140,297.9108581542969,303.1499938964844,285.1499938964844,0.0,-0.0,285.1134338378906,0.0,0.0,-2.5584531238367897e-13,297.8777160644531,303.1499938964844,285.1499938964844,0.0,-0.0,285.11328125,0.0,0.0,-2.694176804395043e-13,298.40185546875,303.1499938964844,285.1499938964844,0.0,-0.0,285.1149597167969,0.0,0.0,-1.989912276839992e-13,297.7710266113281,303.1499938964844,285.1499938964844,0.0,-0.0,285.1127624511719,0.0,0.0,-2.694174635990698e-13,298.1080017089844,303.1499938964844,285.1499938964844,0.0,-0.0,285.11309814453125,0.0,0.0,-1.2779985403277294e-12,285.0993957519531,294.1499938964844,281.0797119140625,280.0131530761719,286.1515197753906,282.5180053710937,285.10662841796875,0.0,0.0,0.0,0.0,1.0,1.0,-3.666158088916349e-12,-3.585816374888799e-18,3.666161558363301e-12,-2.9274577553750625e-12,0.0,0.0,0.0,-1.4551915228366852e-11,60.0,-1.843705604187562e-06,-0.0,-5.066788513209878e-25,0.0,283.35400390625,284.5365905761719,288.9228210449219,289.824462890625,293.1499938964844,293.1499938964844,278.1499938964844,0.0,18000.0,313.1499938964844,0.0,18000.0,0.0,0.0,0.0,0.0,0.0,0.0,0.0,0.0,0.0,-0.0,-0.0,-0.0,-5.5419562194307814e-21,-2.7709781097153907e-21,-2.7709781097153907e-21,0.0,0.0,-0.0,0.0,0.0,0.0,-0.0,0.0,0.0,0.0,0.0,0.0,4.0,0.0,0.0
12196200,297.9108581542969,303.1499938964844,285.1499938964844,0.0,-0.0,285.1134338378906,0.0,0.0,-2.5584531238367897e-13,297.8777160644531,303.1499938964844,285.1499938964844,0.0,-0.0,285.11328125,0.0,0.0,-2.694176804395043e-13,298.40185546875,303.1499938964844,285.1499938964844,0.0,-0.0,285.1149597167969,0.0,0.0,-1.989912276839992e-13,297.7710266113281,303.1499938964844,285.1499938964844,0.0,-0.0,285.1127624511719,0.0,0.0,-2.694174635990698e-13,298.1080017089844,303.1499938964844,285.1499938964844,0.0,-0.0,285.11309814453125,0.0,0.0,-1.2779985403277294e-12,285.0993957519531,294.1499938964844,281.0797119140625,280.0131530761719,286.1515197753906,282.5180053710937,285.10662841796875,0.0,0.0,0.0,0.0,1.0,1.0,-3.666158088916349e-12,-3.585816374888799e-18,3.666161558363301e-12,-2.9274577553750625e-12,0.0,0.0,0.0,-1.4551915228366852e-11,60.0,-1.843705604187562e-06,-0.0,-5.066788513209878e-25,0.0,283.35400390625,284.5365905761719,288.9228210449219,289.824462890625,293.1499938964844,293.1499938964844,278.1499938964844,0.0,18000.0,313.1499938964844,0.0,18000.0,0.0,0.0,0.0,0.0,0.0,0.0,0.0,0.0,0.0,-0.0,-0.0,-0.0,-5.5419562194307814e-21,-2.7709781097153907e-21,-2.7709781097153907e-21,0.0,0.0,-0.0,0.0,0.0,0.0,-0.0,0.0,0.0,0.0,0.0,0.0,4.0,0.0,0.0
12196260,297.9077453613281,303.1499938964844,285.1499938964844,0.0,-0.0,285.1134338378906,0.0,0.0,-2.5584531238367897e-13,297.87451171875,303.1499938964844,285.1499938964844,0.0,-0.0,285.11328125,0.0,0.0,-2.694176804395043e-13,298.39813232421875,303.1499938964844,285.1499938964844,0.0,-0.0,285.1149597167969,0.0,0.0,-1.989912276839992e-13,297.7677001953125,303.1499938964844,285.1499938964844,0.0,-0.0,285.1127624511719,0.0,0.0,-2.694174635990698e-13,298.1060791015625,303.1499938964844,285.1499938964844,0.0,-0.0,285.11309814453125,0.0,0.0,-1.2779985403277294e-12,285.0993957519531,294.1499938964844,281.0480651855469,279.976806640625,286.1515197753906,282.5180053710937,285.1064758300781,0.0,0.0,0.0,0.0,1.0,1.0,-1.0106518486679985e-12,-6.245549460104056e-18,1.010658137040599e-12,1.4095228890315117e-12,0.0,0.0,0.0,0.0,60.0,-1.713589995233633e-06,-0.0,-5.066788513209878e-25,0.0,283.35400390625,284.5365905761719,288.9228210449219,289.824462890625,293.1499938964844,293.1499938964844,278.1499938964844,0.0,18000.0,313.1499938964844,0.0,18000.0,0.0,0.0,0.0,0.0,0.0,0.0,0.0,0.0,0.0,-0.0,-0.0,-0.0,-5.5419562194307814e-21,-2.7709781097153907e-21,-2.7709781097153907e-21,0.0,0.0,-0.0,0.0,0.0,0.0,-0.0,0.0,0.0,0.0,0.0,0.0,4.0,0.0,0.0
12196320,297.9077453613281,303.1499938964844,285.1499938964844,0.0,-0.0,285.1134338378906,0.0,0.0,-2.5584531238367897e-13,297.87451171875,303.1499938964844,285.1499938964844,0.0,-0.0,285.11328125,0.0,0.0,-2.694176804395043e-13,298.39813232421875,303.1499938964844,285.1499938964844,0.0,-0.0,285.1149597167969,0.0,0.0,-1.989912276839992e-13,297.7677001953125,303.1499938964844,285.1499938964844,0.0,-0.0,285.1127624511719,0.0,0.0,-2.694174635990698e-13,298.1060791015625,303.1499938964844,285.1499938964844,0.0,-0.0,285.11309814453125,0.0,0.0,-1.2779985403277294e-12,285.0993957519531,294.1499938964844,281.0480651855469,279.976806640625,286.1515197753906,282.5180053710937,285.1064758300781,0.0,0.0,0.0,0.0,1.0,1.0,-1.0106518486679985e-12,-6.245549460104056e-18,1.010658137040599e-12,1.4095228890315117e-12,0.0,0.0,0.0,0.0,60.0,-1.713589995233633e-06,-0.0,-5.066788513209878e-25,0.0,283.35400390625,284.5365905761719,288.9228210449219,289.824462890625,293.1499938964844,293.1499938964844,278.1499938964844,0.0,18000.0,313.1499938964844,0.0,18000.0,0.0,0.0,0.0,0.0,0.0,0.0,0.0,0.0,0.0,-0.0,-0.0,-0.0,-5.5419562194307814e-21,-2.7709781097153907e-21,-2.7709781097153907e-21,0.0,0.0,-0.0,0.0,0.0,0.0,-0.0,0.0,0.0,0.0,0.0,0.0,4.0,0.0,0.0
12196380,297.9046630859375,303.1499938964844,285.1499938964844,0.0,-0.0,285.1134338378906,0.0,0.0,0.0,297.8713073730469,303.1499938964844,285.1499938964844,0.0,-0.0,285.11328125,0.0,0.0,0.0,298.3944702148437,303.1499938964844,285.1499938964844,0.0,-0.0,285.1149597167969,0.0,0.0,0.0,297.7643737792969,303.1499938964844,285.1499938964844,0.0,-0.0,285.1127624511719,0.0,0.0,0.0,298.1041259765625,303.1499938964844,285.1499938964844,0.0,-0.0,285.11309814453125,0.0,0.0,0.0,285.0993957519531,294.1499938964844,281.01904296875,279.9425048828125,286.1515197753906,282.5180053710937,285.1063232421875,0.0,0.0,0.0,0.0,1.0,1.0,-9.549946554041069e-13,-5.6271364128599174e-18,9.550002932554036e-13,-2.719537377411652e-13,0.0,0.0,0.0,0.0,60.0,-1.5929473420328577e-06,-0.0,-0.0,0.0,283.35400390625,284.5365905761719,288.9228210449219,289.824462890625,293.1499938964844,293.1499938964844,278.1499938964844,0.0,18000.0,313.1499938964844,0.0,18000.0,0.0,0.0,0.0,0.0,0.0,0.0,0.0,0.0,0.0,-0.0,-0.0,-0.0,-5.5419562194307814e-21,-2.7709781097153907e-21,-2.7709781097153907e-21,0.0,0.0,-0.0,0.0,0.0,0.0,-0.0,0.0,0.0,0.0,0.0,0.0,4.0,0.0,0.0
12196440,297.9046630859375,303.1499938964844,285.1499938964844,0.0,-0.0,285.1134338378906,0.0,0.0,0.0,297.8713073730469,303.1499938964844,285.1499938964844,0.0,-0.0,285.11328125,0.0,0.0,0.0,298.3944702148437,303.1499938964844,285.1499938964844,0.0,-0.0,285.1149597167969,0.0,0.0,0.0,297.7643737792969,303.1499938964844,285.1499938964844,0.0,-0.0,285.1127624511719,0.0,0.0,0.0,298.1041259765625,303.1499938964844,285.1499938964844,0.0,-0.0,285.11309814453125,0.0,0.0,0.0,285.0993957519531,294.1499938964844,281.01904296875,279.9425048828125,286.1515197753906,282.5180053710937,285.1063232421875,0.0,0.0,0.0,0.0,1.0,1.0,-9.549946554041069e-13,-5.6271364128599174e-18,9.550002932554036e-13,-2.719537377411652e-13,0.0,0.0,0.0,0.0,60.0,-1.5929473420328577e-06,-0.0,-0.0,0.0,283.35400390625,284.5365905761719,288.9228210449219,289.824462890625,293.1499938964844,293.1499938964844,278.1499938964844,0.0,18000.0,313.1499938964844,0.0,18000.0,0.0,0.0,0.0,0.0,0.0,0.0,0.0,0.0,0.0,-0.0,-0.0,-0.0,-5.5419562194307814e-21,-2.7709781097153907e-21,-2.7709781097153907e-21,0.0,0.0,-0.0,0.0,0.0,0.0,-0.0,0.0,0.0,0.0,0.0,0.0,4.0,0.0,0.0
12196500,297.90313720703125,303.1499938964844,285.1499938964844,0.0,-0.0,285.1134338378906,0.0,0.0,0.0,297.8697204589844,303.1499938964844,285.1499938964844,0.0,-0.0,285.11328125,0.0,0.0,0.0,298.39263916015625,303.1499938964844,285.1499938964844,0.0,-0.0,285.1149597167969,0.0,0.0,0.0,297.7627258300781,303.1499938964844,285.1499938964844,0.0,-0.0,285.1127624511719,0.0,0.0,0.0,298.1031799316406,303.1499938964844,285.1499938964844,0.0,-0.0,285.11309814453125,0.0,0.0,0.0,285.0993957519531,294.1499938964844,281.0055847167969,279.9262084960937,286.1515197753906,282.5180053710937,285.10626220703125,0.0,0.0,0.0,0.0,1.0,1.0,-9.549946554041069e-13,-5.6271364128599174e-18,9.550002932554036e-13,-2.719537377411652e-13,0.0,0.0,0.0,0.0,60.0,-1.535859610157786e-06,-0.0,-0.0,0.0,283.35400390625,284.5365905761719,288.9228210449219,289.824462890625,293.1499938964844,293.1499938964844,278.1499938964844,0.0,18000.0,313.1499938964844,0.0,18000.0,0.0,0.0,0.0,0.0,0.0,0.0,0.0,0.0,0.0,-0.0,-0.0,-0.0,-5.5419562194307814e-21,-2.7709781097153907e-21,-2.7709781097153907e-21,0.0,0.0,-0.0,0.0,0.0,0.0,-0.0,0.0,0.0,0.0,0.0,0.0,4.0,0.0,0.0
12196560,297.901611328125,303.1499938964844,285.1499938964844,0.0,-0.0,285.1134338378906,0.0,0.0,0.0,297.8681640625,303.1499938964844,285.1499938964844,0.0,-0.0,285.11328125,0.0,0.0,0.0,298.39080810546875,303.1499938964844,285.1499938964844,0.0,-0.0,285.1149597167969,0.0,0.0,0.0,297.7610778808594,303.1499938964844,285.1499938964844,0.0,-0.0,285.1127624511719,0.0,0.0,0.0,298.1022033691406,303.1499938964844,285.1499938964844,0.0,-0.0,285.11309814453125,0.0,0.0,0.0,285.0993957519531,294.1499938964844,280.99285888671875,279.9105224609375,286.1515197753906,282.5180053710937,285.106201171875,0.0,0.0,0.0,0.0,1.0,1.0,-9.549946554041069e-13,-5.6271364128599174e-18,9.550002932554036e-13,-2.719537377411652e-13,0.0,0.0,0.0,0.0,60.0,-1.4808667856414104e-06,-0.0,-0.0,0.0,283.35400390625,284.5365905761719,288.9228210449219,289.824462890625,293.1499938964844,293.1499938964844,278.1499938964844,0.0,18000.0,313.1499938964844,0.0,18000.0,0.0,0.0,0.0,0.0,0.0,0.0,0.0,0.0,0.0,-0.0,-0.0,-0.0,-5.5419562194307814e-21,-2.7709781097153907e-21,-2.7709781097153907e-21,0.0,0.0,-0.0,0.0,0.0,0.0,-0.0,0.0,0.0,0.0,0.0,0.0,4.0,0.0,0.0
12196620,297.8985900878906,303.1499938964844,285.1499938964844,0.0,-0.0,285.1134338378906,0.0,0.0,6.403808594512839e-10,297.8650207519531,303.1499938964844,285.1499938964844,0.0,-0.0,285.11328125,0.0,0.0,6.743524627594866e-10,298.3871765136719,303.1499938964844,285.1499938964844,0.0,-0.0,285.1149597167969,0.0,0.0,4.980750256677876e-10,297.7578430175781,303.1499938964844,285.1499938964844,0.0,-0.0,285.1127624511719,0.0,0.0,6.743519076479743e-10,298.1003112792969,303.1499938964844,285.1499938964844,0.0,-0.0,285.11309814453125,0.0,0.0,3.198830533790442e-09,285.0993957519531,294.1499938964844,280.96978759765625,279.88104248046875,286.1515197753906,282.5180053710937,285.1060791015625,0.0,0.0,0.0,0.0,1.0,1.0,-6.82592427025952e-09,8.56327355081227e-15,6.825915832564533e-09,-1.5618537574368933e-08,0.0,0.0,0.0,-3.84607119485736e-08,60.0,-1.3780404515273403e-05,-0.0,-3.174347580088331e-18,0.0,283.35400390625,284.5365905761719,288.9228210449219,289.824462890625,293.1499938964844,293.1499938964844,278.1499938964844,0.0,18000.0,313.1499938964844,0.0,18000.0,0.0,0.0,0.0,0.0,0.0,0.0,0.0,0.0,0.0,-0.0,-0.0,-0.0,-5.5419562194307814e-21,-2.7709781097153907e-21,-2.7709781097153907e-21,0.0,0.0,-0.0,0.0,0.0,0.0,-0.0,0.0,0.0,0.0,0.0,0.0,4.0,0.0,0.0
12196680,297.8985900878906,303.1499938964844,285.1499938964844,0.0,-0.0,285.1134338378906,0.0,0.0,6.403808594512839e-10,297.8650207519531,303.1499938964844,285.1499938964844,0.0,-0.0,285.11328125,0.0,0.0,6.743524627594866e-10,298.3871765136719,303.1499938964844,285.1499938964844,0.0,-0.0,285.1149597167969,0.0,0.0,4.980750256677876e-10,297.7578430175781,303.1499938964844,285.1499938964844,0.0,-0.0,285.1127624511719,0.0,0.0,6.743519076479743e-10,298.1003112792969,303.1499938964844,285.1499938964844,0.0,-0.0,285.11309814453125,0.0,0.0,3.198830533790442e-09,285.0993957519531,294.1499938964844,280.96978759765625,279.88104248046875,286.1515197753906,282.5180053710937,285.1060791015625,0.0,0.0,0.0,0.0,1.0,1.0,-6.82592427025952e-09,8.56327355081227e-15,6.825915832564533e-09,-1.5618537574368933e-08,0.0,0.0,0.0,-3.84607119485736e-08,60.0,-1.3780404515273403e-05,-0.0,-3.174347580088331e-18,0.0,283.35400390625,284.5365905761719,288.9228210449219,289.824462890625,293.1499938964844,293.1499938964844,278.1499938964844,0.0,18000.0,313.1499938964844,0.0,18000.0,0.0,0.0,0.0,0.0,0.0,0.0,0.0,0.0,0.0,-0.0,-0.0,-0.0,-5.5419562194307814e-21,-2.7709781097153907e-21,-2.7709781097153907e-21,0.0,0.0,-0.0,0.0,0.0,0.0,-0.0,0.0,0.0,0.0,0.0,0.0,4.0,0.0,0.0
12196740,297.8955993652344,303.1499938964844,285.1499938964844,0.0,-0.0,285.1134338378906,0.0,0.0,2.2197139681878753e-09,297.8619384765625,303.1499938964844,285.1499938964844,0.0,-0.0,285.11328125,0.0,0.0,2.337467774893298e-09,298.3835754394531,303.1499938964844,285.1499938964844,0.0,-0.0,285.1149597167969,0.0,0.0,1.726447873551251e-09,297.754638671875,303.1499938964844,285.1499938964844,0.0,-0.0,285.1127624511719,0.0,0.0,2.3374657764918542e-09,298.0984191894531,303.1499938964844,285.1499938964844,0.0,-0.0,285.11309814453125,0.0,0.0,1.1087915474661258e-08,285.0993957519531,294.1499938964844,280.95001220703125,279.8543395996094,286.1515197753906,282.5180053710937,285.1059875488281,0.0,0.0,0.0,0.0,1.0,1.0,-2.3647638514034952e-08,2.96043571601512e-14,2.3647610092325522e-08,-5.411422066003979e-08,0.0,0.0,0.0,-1.3320823200047016e-07,60.0,-1.029137729346985e-05,-0.0,-3.8139223475843823e-17,0.0,283.35400390625,284.5365905761719,288.9228210449219,289.824462890625,293.1499938964844,293.1499938964844,278.1499938964844,0.0,18000.0,313.1499938964844,0.0,18000.0,0.0,0.0,0.0,0.0,0.0,0.0,0.0,0.0,0.0,-0.0,-0.0,-0.0,-5.5419562194307814e-21,-2.7709781097153907e-21,-2.7709781097153907e-21,0.0,0.0,-0.0,0.0,0.0,0.0,-0.0,0.0,0.0,0.0,0.0,0.0,4.0,0.0,0.0
12196800,297.8955993652344,303.1499938964844,285.1499938964844,0.0,-0.0,285.1134338378906,0.0,0.0,2.2197139681878753e-09,297.8619384765625,303.1499938964844,285.1499938964844,0.0,-0.0,285.11328125,0.0,0.0,2.337467774893298e-09,298.3835754394531,303.1499938964844,285.1499938964844,0.0,-0.0,285.1149597167969,0.0,0.0,1.726447873551251e-09,297.754638671875,303.1499938964844,285.1499938964844,0.0,-0.0,285.1127624511719,0.0,0.0,2.3374657764918542e-09,298.0984191894531,303.1499938964844,285.1499938964844,0.0,-0.0,285.11309814453125,0.0,0.0,1.1087915474661258e-08,285.0993957519531,294.1499938964844,280.95001220703125,279.8543395996094,286.1515197753906,282.5180053710937,285.1059875488281,0.0,0.0,0.0,0.0,1.0,1.0,-2.3647638514034952e-08,2.96043571601512e-14,2.3647610092325522e-08,-5.411422066003979e-08,0.0,0.0,0.0,-1.3320823200047016e-07,60.0,-1.029137729346985e-05,-0.0,-3.8139223475843823e-17,0.0,283.35400390625,284.5365905761719,288.9228210449219,289.824462890625,293.1499938964844,293.1499938964844,278.1499938964844,0.0,18000.0,313.1499938964844,0.0,18000.0,0.0,0.0,0.0,0.0,0.0,0.0,0.0,0.0,0.0,-0.0,-0.0,-0.0,-5.5419562194307814e-21,-2.7709781097153907e-21,-2.7709781097153907e-21,0.0,0.0,-0.0,0.0,0.0,0.0,-0.0,0.0,0.0,0.0,0.0,0.0,4.0,0.0,0.0
12196860,297.89263916015625,303.1499938964844,285.1499938964844,0.0,-0.0,285.1134338378906,0.0,0.0,1.329254644133471e-07,297.85888671875,303.1499938964844,285.1499938964844,0.0,-0.0,285.11328125,0.0,0.0,1.3997703263157748e-07,298.3800048828125,303.1499938964844,285.1499938964844,0.0,-0.0,285.1149597167969,0.0,0.0,1.033866823263452e-07,297.75146484375,303.1499938964844,285.1499938964844,0.0,-0.0,285.1127624511719,0.0,0.0,1.3997691894473976e-07,298.0965270996094,303.1499938964844,285.1499938964844,0.0,-0.0,285.11309814453125,0.0,0.0,6.639892831117322e-07,285.0993957519531,294.1499938964844,280.93487548828125,279.8304748535156,286.1515197753906,282.5180053710937,285.1058654785156,0.0,0.0,0.0,0.0,1.0,1.0,-1.4162800425765454e-06,1.771420900589793e-12,1.4162782235871418e-06,-3.240834303142037e-06,0.0,0.0,0.0,-7.977505447342992e-06,60.0,-0.0021797292865812,-0.0,-1.367710469619282e-13,0.0,283.35400390625,284.5365905761719,288.9228210449219,289.824462890625,293.1499938964844,293.1499938964844,278.1499938964844,0.0,18000.0,313.1499938964844,0.0,18000.0,0.0,0.0,0.0,0.0,0.0,0.0,0.0,0.0,0.0,-0.0,-0.0,-0.0,-5.5419562194307814e-21,-2.7709781097153907e-21,-2.7709781097153907e-21,0.0,0.0,-0.0,0.0,0.0,0.0,-0.0,0.0,0.0,0.0,0.0,0.0,4.0,0.0,0.0
12196920,297.89263916015625,303.1499938964844,285.1499938964844,0.0,-0.0,285.1134338378906,0.0,0.0,1.329254644133471e-07,297.85888671875,303.1499938964844,285.1499938964844,0.0,-0.0,285.11328125,0.0,0.0,1.3997703263157748e-07,298.3800048828125,303.1499938964844,285.1499938964844,0.0,-0.0,285.1149597167969,0.0,0.0,1.033866823263452e-07,297.75146484375,303.1499938964844,285.1499938964844,0.0,-0.0,285.1127624511719,0.0,0.0,1.3997691894473976e-07,298.0965270996094,303.1499938964844,285.1499938964844,0.0,-0.0,285.11309814453125,0.0,0.0,6.639892831117322e-07,285.0993957519531,294.1499938964844,280.93487548828125,279.8304748535156,286.1515197753906,282.5180053710937,285.1058654785156,0.0,0.0,0.0,0.0,1.0,1.0,-1.4162800425765454e-06,1.771420900589793e-12,1.4162782235871418e-06,-3.240834303142037e-06,0.0,0.0,0.0,-7.977505447342992e-06,60.0,-0.0021797292865812,-0.0,-1.367710469619282e-13,0.0,283.35400390625,284.5365905761719,288.9228210449219,289.824462890625,293.1499938964844,293.1499938964844,278.1499938964844,0.0,18000.0,313.1499938964844,0.0,18000.0,0.0,0.0,0.0,0.0,0.0,0.0,0.0,0.0,0.0,-0.0,-0.0,-0.0,-5.5419562194307814e-21,-2.7709781097153907e-21,-2.7709781097153907e-21,0.0,0.0,-0.0,0.0,0.0,0.0,-0.0,0.0,0.0,0.0,0.0,0.0,4.0,0.0,0.0
12196980,297.8896789550781,303.1499938964844,285.1499938964844,0.0,-0.0,285.1134033203125,0.0,0.0,7.124110084077984e-07,297.8558044433594,303.1499938964844,285.1499938964844,0.0,-0.0,285.1132202148437,0.0,0.0,7.502038101847575e-07,298.3764343261719,303.1499938964844,285.1499938964844,0.0,-0.0,285.1148986816406,0.0,0.0,5.540986194318975e-07,297.74822998046875,303.1499938964844,285.1499938964844,0.0,-0.0,285.1127014160156,0.0,0.0,7.502031280637311e-07,298.0946655273437,303.1499938964844,285.1499938964844,0.0,-0.0,285.113037109375,0.0,0.0,3.55863562617742e-06,285.09930419921875,294.1499938964844,280.925537109375,279.8095397949219,286.1515197753906,282.5180053710937,285.10577392578125,0.0,0.0,0.0,0.0,1.0,1.0,-7.590624591102824e-06,9.494052245762052e-12,7.590615041408455e-06,-1.7369346096529625e-05,0.0,0.0,0.0,-4.275586979929358e-05,60.0,-0.0126614784821867,-0.0,-3.928611342490784e-12,0.0,283.35400390625,284.5365905761719,288.9228210449219,289.824462890625,293.1499938964844,293.1499938964844,278.1499938964844,0.0,18000.0,313.1499938964844,0.0,18000.0,0.0,0.0,0.0,0.0,0.0,0.0,0.0,0.0,0.0,-0.0,-0.0,-0.0,-5.5419562194307814e-21,-2.7709781097153907e-21,-2.7709781097153907e-21,0.0,0.0,-0.0,0.0,0.0,0.0,-0.0,0.0,0.0,0.0,0.0,0.0,4.0,0.0,0.0
12197040,297.8896789550781,303.1499938964844,285.1499938964844,0.0,-0.0,285.1134033203125,0.0,0.0,7.124110084077984e-07,297.8558044433594,303.1499938964844,285.1499938964844,0.0,-0.0,285.1132202148437,0.0,0.0,7.502038101847575e-07,298.3764343261719,303.1499938964844,285.1499938964844,0.0,-0.0,285.1148986816406,0.0,0.0,5.540986194318975e-07,297.74822998046875,303.1499938964844,285.1499938964844,0.0,-0.0,285.1127014160156,0.0,0.0,7.502031280637311e-07,298.0946655273437,303.1499938964844,285.1499938964844,0.0,-0.0,285.113037109375,0.0,0.0,3.55863562617742e-06,285.09930419921875,294.1499938964844,280.925537109375,279.8095397949219,286.1515197753906,282.5180053710937,285.10577392578125,0.0,0.0,0.0,0.0,1.0,1.0,-7.590624591102824e-06,9.494052245762052e-12,7.590615041408455e-06,-1.7369346096529625e-05,0.0,0.0,0.0,-4.275586979929358e-05,60.0,-0.0126614784821867,-0.0,-3.928611342490784e-12,0.0,283.35400390625,284.5365905761719,288.9228210449219,289.824462890625,293.1499938964844,293.1499938964844,278.1499938964844,0.0,18000.0,313.1499938964844,0.0,18000.0,0.0,0.0,0.0,0.0,0.0,0.0,0.0,0.0,0.0,-0.0,-0.0,-0.0,-5.5419562194307814e-21,-2.7709781097153907e-21,-2.7709781097153907e-21,0.0,0.0,-0.0,0.0,0.0,0.0,-0.0,0.0,0.0,0.0,0.0,0.0,4.0,0.0,0.0
12197100,297.88818359375,303.1499938964844,285.1499938964844,0.0,-0.0,285.1134033203125,0.0,0.0,1.246883130079368e-06,297.8542785644531,303.1499938964844,285.1499938964844,0.0,-0.0,285.1132202148437,0.0,0.0,1.3130292018104228e-06,298.3746337890625,303.1499938964844,285.1499938964844,0.0,-0.0,285.11492919921875,0.0,0.0,9.697999985291972e-07,297.7466125488281,303.1499938964844,285.1499938964844,0.0,-0.0,285.1127319335937,0.0,0.0,1.3130280649420456e-06,298.09375,303.1499938964844,285.1499938964844,0.0,-0.0,285.113037109375,0.0,0.0,6.228430720511824e-06,285.0993347167969,294.1499938964844,280.9229736328125,279.8001403808594,286.1514892578125,282.5180358886719,285.105712890625,0.0,0.0,0.0,0.0,1.0,1.0,-1.328538837697124e-05,1.661677219433333e-11,1.3285371096571907e-05,-3.040042975044344e-05,0.0,0.0,0.0,-7.48328457120806e-05,60.0,-0.0243057403713464,-0.0,-1.2034535694371847e-11,0.0,283.35400390625,284.5365905761719,288.9228210449219,289.824462890625,293.1499938964844,293.1499938964844,278.1499938964844,0.0,18000.0,313.1499938964844,0.0,18000.0,0.0,0.0,0.0,0.0,0.0,0.0,0.0,0.0,0.0,-0.0,-0.0,-0.0,-5.5419562194307814e-21,-2.7709781097153907e-21,-2.7709781097153907e-21,0.0,0.0,-0.0,0.0,0.0,0.0,-0.0,0.0,0.0,0.0,0.0,0.0,4.0,0.0,0.0
12197160,297.8866882324219,303.1499938964844,285.1499938964844,0.0,-0.0,285.1134338378906,0.0,0.0,2.001342181756627e-06,297.85272216796875,303.1499938964844,285.1499938964844,0.0,-0.0,285.1132507324219,0.0,0.0,2.1075115910207387e-06,298.3728332519531,303.1499938964844,285.1499938964844,0.0,-0.0,285.1149597167969,0.0,0.0,1.5566026831947966e-06,297.74493408203125,303.1499938964844,285.1499938964844,0.0,-0.0,285.1127319335937,0.0,0.0,2.107509772031335e-06,298.0928039550781,303.1499938964844,285.1499938964844,0.0,-0.0,285.1130676269531,0.0,0.0,9.997103916248308e-06,285.099365234375,294.1499938964844,280.9218444824219,279.79150390625,286.1514587402344,282.51812744140625,285.1056823730469,0.0,0.0,0.0,0.0,1.0,1.0,-2.132411464117468e-05,2.6671241604159235e-11,2.132408735633362e-05,-4.879508924204856e-05,0.0,0.0,0.0,-0.0001201127161039,60.0,-0.041204709559679,-0.0,-3.1004195738537626e-11,0.0,283.35400390625,284.5365905761719,288.9228210449219,289.824462890625,293.1499938964844,293.1499938964844,278.1499938964844,0.0,18000.0,313.1499938964844,0.0,18000.0,0.0,0.0,0.0,0.0,0.0,0.0,0.0,0.0,0.0,-0.0,-0.0,-0.0,-5.5419562194307814e-21,-2.7709781097153907e-21,-2.7709781097153907e-21,0.0,0.0,-0.0,0.0,0.0,0.0,-0.0,0.0,0.0,0.0,0.0,0.0,4.0,0.0,0.0
12197220,297.8841247558594,303.1499938964844,285.1499938964844,0.0,-0.0,285.1134948730469,0.0,0.0,3.7530044210143375e-06,297.85009765625,303.1499938964844,285.1499938964844,0.0,-0.0,285.11334228515625,0.0,0.0,3.9520978134532925e-06,298.3697814941406,303.1499938964844,285.1499938964844,0.0,-0.0,285.1150207519531,0.0,0.0,2.9190096029196866e-06,297.7420349121094,303.1499938964844,285.1499938964844,0.0,-0.0,285.1128234863281,0.0,0.0,3.952094630221836e-06,298.0912475585937,303.1499938964844,285.1499938964844,0.0,-0.0,285.1131591796875,0.0,0.0,1.874700865300838e-05,285.0994873046875,294.1499938964844,280.92303466796875,279.7787170410156,286.1513366699219,282.5185241699219,285.1055908203125,0.0,0.0,0.0,0.0,1.0,1.0,-3.998811371275224e-05,5.001532174531143e-11,3.998806641902775e-05,-9.15030250325799e-05,0.0,0.0,0.0,-0.0002252417471027,60.0,-0.0830617249011993,-0.0,-1.0902748148744479e-10,0.0,283.35400390625,284.5365905761719,288.9228210449219,289.824462890625,293.1499938964844,293.1499938964844,278.1499938964844,0.0,18000.0,313.1499938964844,0.0,18000.0,0.0,0.0,0.0,0.0,0.0,0.0,0.0,0.0,0.0,-0.0,-0.0,-0.0,-5.5419562194307814e-21,-2.7709781097153907e-21,-2.7709781097153907e-21,0.0,0.0,-0.0,0.0,0.0,0.0,-0.0,0.0,0.0,0.0,0.0,0.0,4.0,0.0,0.0
12197280,297.8836364746094,303.1499938964844,285.1499938964844,0.0,-0.0,285.1134948730469,0.0,0.0,4.129628905502614e-06,297.849609375,303.1499938964844,285.1499938964844,0.0,-0.0,285.11334228515625,0.0,0.0,4.348702077550115e-06,298.36920166015625,303.1499938964844,285.1499938964844,0.0,-0.0,285.1150207519531,0.0,0.0,3.2119403385877376e-06,297.7414855957031,303.1499938964844,285.1499938964844,0.0,-0.0,285.1128234863281,0.0,0.0,4.348698439571308e-06,298.0909423828125,303.1499938964844,285.1499938964844,0.0,-0.0,285.1131591796875,0.0,0.0,2.062832390947733e-05,285.0995178222656,294.1499938964844,280.9237060546875,279.7765197753906,286.1513061523437,282.51861572265625,285.1055908203125,0.0,0.0,0.0,0.0,1.0,1.0,-4.400106627144851e-05,5.5034529017339295e-11,4.40010117017664e-05,-0.0001006856618914,0.0,0.0,0.0,-0.0002478455717209,60.0,-0.0923837572336196,-0.0,-1.3200789072964622e-10,0.0,283.35400390625,284.5365905761719,288.9228210449219,289.824462890625,293.1499938964844,293.1499938964844,278.1499938964844,0.0,18000.0,313.1499938964844,0.0,18000.0,0.0,0.0,0.0,0.0,0.0,0.0,0.0,0.0,0.0,-0.0,-0.0,-0.0,-5.5419562194307814e-21,-2.7709781097153907e-21,-2.7709781097153907e-21,0.0,0.0,-0.0,0.0,0.0,0.0,-0.0,0.0,0.0,0.0,0.0,0.0,4.0,0.0,0.0
12197340,297.88043212890625,303.1499938964844,285.1499938964844,0.0,-0.0,285.11395263671875,0.0,0.0,6.696924174320884e-06,297.846435546875,303.1499938964844,285.1499938964844,0.0,-0.0,285.11376953125,0.0,0.0,7.052190085232724e-06,298.36553955078125,303.1499938964844,285.1499938964844,0.0,-0.0,285.115478515625,0.0,0.0,5.208729817240965e-06,297.7378845214844,303.1499938964844,285.1499938964844,0.0,-0.0,285.1132507324219,0.0,0.0,7.052184173517162e-06,298.08905029296875,303.1499938964844,285.1499938964844,0.0,-0.0,285.1136169433594,0.0,0.0,3.345247750985436e-05,285.1002197265625,294.1499938964844,280.9309997558594,279.7645568847656,286.1507568359375,282.52001953125,285.1054992675781,0.0,0.0,0.0,0.0,1.0,1.0,-7.135586929507554e-05,8.924853217573414e-11,7.135578198358417e-05,-0.0001632801868254,0.0,0.0,0.0,-0.0004019273619633,60.0,-0.1622777432203292,-0.0,-3.4715913477256777e-10,0.0,283.35400390625,284.5365905761719,288.9228210449219,289.824462890625,293.1499938964844,293.1499938964844,278.1499938964844,0.0,18000.0,313.1499938964844,0.0,18000.0,0.0,0.0,0.0,0.0,0.0,0.0,0.0,0.0,0.0,-0.0,-0.0,-0.0,-5.5419562194307814e-21,-2.7709781097153907e-21,-2.7709781097153907e-21,0.0,0.0,-0.0,0.0,0.0,0.0,-0.0,0.0,0.0,0.0,0.0,0.0,4.0,0.0,0.0
12197400,297.88043212890625,303.1499938964844,285.1499938964844,0.0,-0.0,285.11395263671875,0.0,0.0,6.696924174320884e-06,297.846435546875,303.1499938964844,285.1499938964844,0.0,-0.0,285.11376953125,0.0,0.0,7.052190085232724e-06,298.36553955078125,303.1499938964844,285.1499938964844,0.0,-0.0,285.115478515625,0.0,0.0,5.208729817240965e-06,297.7378845214844,303.1499938964844,285.1499938964844,0.0,-0.0,285.1132507324219,0.0,0.0,7.052184173517162e-06,298.08905029296875,303.1499938964844,285.1499938964844,0.0,-0.0,285.1136169433594,0.0,0.0,3.345247750985436e-05,285.1002197265625,294.1499938964844,280.9309997558594,279.7645568847656,286.1507568359375,282.52001953125,285.1054992675781,0.0,0.0,0.0,0.0,1.0,1.0,-7.135586929507554e-05,8.924853217573414e-11,7.135578198358417e-05,-0.0001632801868254,0.0,0.0,0.0,-0.0004019273619633,60.0,-0.1622777432203292,-0.0,-3.4715913477256777e-10,0.0,283.35400390625,284.5365905761719,288.9228210449219,289.824462890625,293.1499938964844,293.1499938964844,278.1499938964844,0.0,18000.0,313.1499938964844,0.0,18000.0,0.0,0.0,0.0,0.0,0.0,0.0,0.0,0.0,0.0,-0.0,-0.0,-0.0,-5.5419562194307814e-21,-2.7709781097153907e-21,-2.7709781097153907e-21,0.0,0.0,-0.0,0.0,0.0,0.0,-0.0,0.0,0.0,0.0,0.0,0.0,4.0,0.0,0.0
12197460,297.8769226074219,303.1499938964844,285.1499938964844,0.0,-0.0,285.1147766113281,0.0,0.0,9.7190086307819e-06,297.8432312011719,303.1499938964844,285.1499938964844,0.0,-0.0,285.1146240234375,0.0,0.0,1.023459390125936e-05,298.36187744140625,303.1499938964844,285.1499938964844,0.0,-0.0,285.1163635253906,0.0,0.0,7.559244750154903e-06,297.73419189453125,303.1499938964844,285.1499938964844,0.0,-0.0,285.11407470703125,0.0,0.0,1.023458480631234e-05,298.0871276855469,303.1499938964844,285.1499938964844,0.0,-0.0,285.11444091796875,0.0,0.0,4.854839426116087e-05,285.1015319824219,294.1499938964844,280.943603515625,279.7557373046875,286.14959716796875,282.5225524902344,285.1054382324219,0.0,0.0,0.0,0.0,1.0,1.0,-0.0001035563182085,1.2952330874504978e-10,0.0001035561872413,-0.0002369628782616,0.0,0.0,0.0,-0.000583303393796,60.0,-0.2455507665872573,-0.0,-7.311757310723973e-10,0.0,283.35400390625,284.5365905761719,288.9228210449219,289.824462890625,293.1499938964844,293.1499938964844,278.1499938964844,0.0,18000.0,313.1499938964844,0.0,18000.0,0.0,0.0,0.0,0.0,0.0,0.0,0.0,0.0,0.0,-0.0,-0.0,-0.0,-5.5419562194307814e-21,-2.7709781097153907e-21,-2.7709781097153907e-21,0.0,0.0,-0.0,0.0,0.0,0.0,-0.0,0.0,0.0,0.0,0.0,0.0,4.0,0.0,0.0
12197520,297.8769226074219,303.1499938964844,285.1499938964844,0.0,-0.0,285.1147766113281,0.0,0.0,9.7190086307819e-06,297.8432312011719,303.1499938964844,285.1499938964844,0.0,-0.0,285.1146240234375,0.0,0.0,1.023459390125936e-05,298.36187744140625,303.1499938964844,285.1499938964844,0.0,-0.0,285.1163635253906,0.0,0.0,7.559244750154903e-06,297.73419189453125,303.1499938964844,285.1499938964844,0.0,-0.0,285.11407470703125,0.0,0.0,1.023458480631234e-05,298.0871276855469,303.1499938964844,285.1499938964844,0.0,-0.0,285.11444091796875,0.0,0.0,4.854839426116087e-05,285.1015319824219,294.1499938964844,280.943603515625,279.7557373046875,286.14959716796875,282.5225524902344,285.1054382324219,0.0,0.0,0.0,0.0,1.0,1.0,-0.0001035563182085,1.2952330874504978e-10,0.0001035561872413,-0.0002369628782616,0.0,0.0,0.0,-0.000583303393796,60.0,-0.2455507665872573,-0.0,-7.311757310723973e-10,0.0,283.35400390625,284.5365905761719,288.9228210449219,289.824462890625,293.1499938964844,293.1499938964844,278.1499938964844,0.0,18000.0,313.1499938964844,0.0,18000.0,0.0,0.0,0.0,0.0,0.0,0.0,0.0,0.0,0.0,-0.0,-0.0,-0.0,-5.5419562194307814e-21,-2.7709781097153907e-21,-2.7709781097153907e-21,0.0,0.0,-0.0,0.0,0.0,0.0,-0.0,0.0,0.0,0.0,0.0,0.0,4.0,0.0,0.0
12197580,297.8728942871094,303.1499938964844,285.1499938964844,0.0,-0.0,285.1165466308594,0.0,0.0,1.5198103938018905e-05,297.8399963378906,303.1499938964844,285.1499938964844,0.0,-0.0,285.11639404296875,0.0,0.0,1.600434916326776e-05,298.358154296875,303.1499938964844,285.1499938964844,0.0,-0.0,285.1181945800781,0.0,0.0,1.1820772670034785e-05,297.73052978515625,303.1499938964844,285.1499938964844,0.0,-0.0,285.1158447265625,0.0,0.0,1.6004336430341937e-05,298.0851745605469,303.1499938964844,285.1499938964844,0.0,-0.0,285.1162414550781,0.0,0.0,7.591757457703352e-05,285.1041564941406,294.1499938964844,280.96142578125,279.75006103515625,286.14678955078125,282.5269470214844,285.1053466796875,0.0,0.0,0.0,0.0,1.0,1.0,-0.0001619357790332,2.02541691751712e-10,0.0001619355753064,-0.0003705500857904,0.0,0.0,0.0,-0.0009121386101469,60.0,-0.3710815012454986,-0.0,-1.787955228316207e-09,0.0,283.35400390625,284.5365905761719,288.9228210449219,289.824462890625,293.1499938964844,293.1499938964844,278.1499938964844,0.0,18000.0,313.1499938964844,0.0,18000.0,0.0,0.0,0.0,0.0,0.0,0.0,0.0,0.0,0.0,-0.0,-0.0,-0.0,-5.5419562194307814e-21,-2.7709781097153907e-21,-2.7709781097153907e-21,0.0,0.0,-0.0,0.0,0.0,0.0,-0.0,0.0,0.0,0.0,0.0,0.0,4.0,0.0,0.0
12197640,297.8728942871094,303.1499938964844,285.1499938964844,0.0,-0.0,285.1165466308594,0.0,0.0,1.5198103938018905e-05,297.8399963378906,303.1499938964844,285.1499938964844,0.0,-0.0,285.11639404296875,0.0,0.0,1.600434916326776e-05,298.358154296875,303.1499938964844,285.1499938964844,0.0,-0.0,285.1181945800781,0.0,0.0,1.1820772670034785e-05,297.73052978515625,303.1499938964844,285.1499938964844,0.0,-0.0,285.1158447265625,0.0,0.0,1.6004336430341937e-05,298.0851745605469,303.1499938964844,285.1499938964844,0.0,-0.0,285.1162414550781,0.0,0.0,7.591757457703352e-05,285.1041564941406,294.1499938964844,280.96142578125,279.75006103515625,286.14678955078125,282.5269470214844,285.1053466796875,0.0,0.0,0.0,0.0,1.0,1.0,-0.0001619357790332,2.02541691751712e-10,0.0001619355753064,-0.0003705500857904,0.0,0.0,0.0,-0.0009121386101469,60.0,-0.3710815012454986,-0.0,-1.787955228316207e-09,0.0,283.35400390625,284.5365905761719,288.9228210449219,289.824462890625,293.1499938964844,293.1499938964844,278.1499938964844,0.0,18000.0,313.1499938964844,0.0,18000.0,0.0,0.0,0.0,0.0,0.0,0.0,0.0,0.0,0.0,-0.0,-0.0,-0.0,-5.5419562194307814e-21,-2.7709781097153907e-21,-2.7709781097153907e-21,0.0,0.0,-0.0,0.0,0.0,0.0,-0.0,0.0,0.0,0.0,0.0,0.0,4.0,0.0,0.0
12197700,297.8706359863281,303.1499938964844,285.1499938964844,0.0,-0.0,285.1181335449219,0.0,0.0,1.9860846805386245e-05,297.8383483886719,303.1499938964844,285.1499938964844,0.0,-0.0,285.1179504394531,0.0,0.0,2.0914445485686883e-05,298.3562927246094,303.1499938964844,285.1499938964844,0.0,-0.0,285.11981201171875,0.0,0.0,1.5447356418007985e-05,297.728759765625,303.1499938964844,285.1499938964844,0.0,-0.0,285.11737060546875,0.0,0.0,2.091442911478225e-05,298.0841369628906,303.1499938964844,285.1499938964844,0.0,-0.0,285.1178283691406,0.0,0.0,9.92089044302702e-05,285.1062927246094,294.1499938964844,280.9722595214844,279.7484130859375,286.1439514160156,282.5298156738281,285.1053161621094,0.0,0.0,0.0,0.0,1.0,1.0,-0.0002116168616339,2.6468058300643804e-10,0.0002116165996994,-0.0004842332855332,0.0,0.0,0.0,-0.0011919784592464,60.0,-0.468470424413681,-0.0,-3.053326924629118e-09,0.0,283.35400390625,284.5365905761719,288.9228210449219,289.824462890625,293.1499938964844,293.1499938964844,278.1499938964844,0.0,18000.0,313.1499938964844,0.0,18000.0,0.0,0.0,0.0,0.0,0.0,0.0,0.0,0.0,0.0,-0.0,-0.0,-0.0,-5.5419562194307814e-21,-2.7709781097153907e-21,-2.7709781097153907e-21,0.0,0.0,-0.0,0.0,0.0,0.0,-0.0,0.0,0.0,0.0,0.0,0.0,4.0,0.0,0.0
12197760,297.86822509765625,303.1499938964844,285.1499938964844,0.0,-0.0,285.1204528808594,0.0,0.0,2.626500827318523e-05,297.836669921875,303.1499938964844,285.1499938964844,0.0,-0.0,285.1202697753906,0.0,0.0,2.7658343242364936e-05,298.3544006347656,303.1499938964844,285.1499938964844,0.0,-0.0,285.12225341796875,0.0,0.0,2.042838241322897e-05,297.7271423339844,303.1499938964844,285.1499938964844,0.0,-0.0,285.11968994140625,0.0,0.0,2.765831959550269e-05,298.0831298828125,303.1499938964844,285.1499938964844,0.0,-0.0,285.1202087402344,0.0,0.0,0.0001311989763053,285.1091613769531,294.1499938964844,280.9843444824219,279.7475891113281,286.1388854980469,282.5322265625,285.1052551269531,0.0,0.0,0.0,0.0,1.0,1.0,-0.0002798528585117,3.5002714615650627e-10,0.0002798525092657,-0.0006403747829608,0.0,0.0,0.0,-0.0015763333067297,60.0,-0.6073924899101257,-0.0,-5.339896969047686e-09,0.0,283.35400390625,284.5365905761719,288.9228210449219,289.824462890625,293.1499938964844,293.1499938964844,278.1499938964844,0.0,18000.0,313.1499938964844,0.0,18000.0,0.0,0.0,0.0,0.0,0.0,0.0,0.0,0.0,0.0,-0.0,-0.0,-0.0,-5.5419562194307814e-21,-2.7709781097153907e-21,-2.7709781097153907e-21,0.0,0.0,-0.0,0.0,0.0,0.0,-0.0,0.0,0.0,0.0,0.0,0.0,4.0,0.0,0.0
12197820,297.8627624511719,303.1499938964844,285.1499938964844,0.0,-0.0,285.1275634765625,0.0,0.0,4.4052892917534336e-05,297.8331604003906,303.1499938964844,285.1499938964844,0.0,-0.0,285.1273498535156,0.0,0.0,4.638986138161272e-05,298.3506164550781,303.1499938964844,285.1499938964844,0.0,-0.0,285.1296081542969,0.0,0.0,3.4263433917658404e-05,297.724365234375,303.1499938964844,285.1499938964844,0.0,-0.0,285.126708984375,0.0,0.0,4.638982136384584e-05,298.0810241699219,303.1499938964844,285.1499938964844,0.0,-0.0,285.12744140625,0.0,0.0,0.0002200530288973,285.1152038574219,294.1499938964844,281.01226806640625,279.7483825683594,286.11541748046875,282.5272216796875,285.1051940917969,0.0,0.0,0.0,0.0,1.0,1.0,-0.0004707331245299,5.884351894636094e-10,0.0004707325424533,-0.0010762731544673,0.0,0.0,0.0,-0.0026513065677136,60.0,-1.027232646942139,-0.0,-1.502196056435423e-08,0.0,283.35400390625,284.5365905761719,288.9228210449219,289.824462890625,293.1499938964844,293.1499938964844,278.1499938964844,0.0,18000.0,313.1499938964844,0.0,18000.0,0.0,0.0,0.0,0.0,0.0,0.0,0.0,0.0,0.0,-0.0,-0.0,-0.0,-5.5419562194307814e-21,-2.7709781097153907e-21,-2.7709781097153907e-21,0.0,0.0,-0.0,0.0,0.0,0.0,-0.0,0.0,0.0,0.0,0.0,0.0,4.0,0.0,0.0
12197880,297.8627624511719,303.1499938964844,285.1499938964844,0.0,-0.0,285.1275634765625,0.0,0.0,4.4052892917534336e-05,297.8331604003906,303.1499938964844,285.1499938964844,0.0,-0.0,285.1273498535156,0.0,0.0,4.638986138161272e-05,298.3506164550781,303.1499938964844,285.1499938964844,0.0,-0.0,285.1296081542969,0.0,0.0,3.4263433917658404e-05,297.724365234375,303.1499938964844,285.1499938964844,0.0,-0.0,285.126708984375,0.0,0.0,4.638982136384584e-05,298.0810241699219,303.1499938964844,285.1499938964844,0.0,-0.0,285.12744140625,0.0,0.0,0.0002200530288973,285.1152038574219,294.1499938964844,281.01226806640625,279.7483825683594,286.11541748046875,282.5272216796875,285.1051940917969,0.0,0.0,0.0,0.0,1.0,1.0,-0.0004707331245299,5.884351894636094e-10,0.0004707325424533,-0.0010762731544673,0.0,0.0,0.0,-0.0026513065677136,60.0,-1.027232646942139,-0.0,-1.502196056435423e-08,0.0,283.35400390625,284.5365905761719,288.9228210449219,289.824462890625,293.1499938964844,293.1499938964844,278.1499938964844,0.0,18000.0,313.1499938964844,0.0,18000.0,0.0,0.0,0.0,0.0,0.0,0.0,0.0,0.0,0.0,-0.0,-0.0,-0.0,-5.5419562194307814e-21,-2.7709781097153907e-21,-2.7709781097153907e-21,0.0,0.0,-0.0,0.0,0.0,0.0,-0.0,0.0,0.0,0.0,0.0,0.0,4.0,0.0,0.0
12197940,297.8565673828125,303.1499938964844,285.1499938964844,0.0,-0.0,285.1297912597656,0.0,0.0,9.005723404698074e-05,297.8294982910156,303.1499938964844,285.1499938964844,0.0,-0.0,285.12957763671875,0.0,0.0,9.483468602411448e-05,298.3467712402344,303.1499938964844,285.1499938964844,0.0,-0.0,285.1319274902344,0.0,0.0,7.004466169746593e-05,297.7215881347656,303.1499938964844,285.1499938964844,0.0,-0.0,285.1289367675781,0.0,0.0,9.483460598858072e-05,298.0788269042969,303.1499938964844,285.1499938964844,0.0,-0.0,285.1297302246094,0.0,0.0,0.0004498539201449,285.1173095703125,294.1499938964844,281.0450439453125,279.7524719238281,286.06182861328125,282.5085144042969,285.1050720214844,0.0,0.0,0.0,0.0,1.0,1.0,-0.0007274053059518,9.043935045305315e-10,0.0007274044328369,-0.0016502595972269,0.0,0.0,0.0,-0.0041041509248316,60.0,-1.7049553394317627,-0.0,-6.277905839624509e-08,0.0,283.35400390625,284.5365905761719,288.9228210449219,289.824462890625,293.1499938964844,293.1499938964844,278.1499938964844,0.0,18000.0,313.1499938964844,0.0,18000.0,0.0,0.0,0.0,0.0,0.0,0.0,0.0,0.0,0.0,-0.0,-0.0,-0.0,-5.5419562194307814e-21,-2.7709781097153907e-21,-2.7709781097153907e-21,0.0,0.0,-0.0,0.0,0.0,0.0,-0.0,0.0,0.0,0.0,0.0,0.0,4.0,0.0,0.0
12198000,297.8565673828125,303.1499938964844,285.1499938964844,0.0,-0.0,285.1297912597656,0.0,0.0,9.005723404698074e-05,297.8294982910156,303.1499938964844,285.1499938964844,0.0,-0.0,285.12957763671875,0.0,0.0,9.483468602411448e-05,298.3467712402344,303.1499938964844,285.1499938964844,0.0,-0.0,285.1319274902344,0.0,0.0,7.004466169746593e-05,297.7215881347656,303.1499938964844,285.1499938964844,0.0,-0.0,285.1289367675781,0.0,0.0,9.483460598858072e-05,298.0788269042969,303.1499938964844,285.1499938964844,0.0,-0.0,285.1297302246094,0.0,0.0,0.0004498539201449,285.1173095703125,294.1499938964844,281.0450439453125,279.7524719238281,286.06182861328125,282.5085144042969,285.1050720214844,0.0,0.0,0.0,0.0,1.0,1.0,-0.0007274053059518,9.043935045305315e-10,0.0007274044328369,-0.0016502595972269,0.0,0.0,0.0,-0.0041041509248316,60.0,-1.7049553394317627,-0.0,-6.277905839624509e-08,0.0,283.35400390625,284.5365905761719,288.9228210449219,289.824462890625,293.1499938964844,293.1499938964844,278.1499938964844,0.0,18000.0,313.1499938964844,0.0,18000.0,0.0,0.0,0.0,0.0,0.0,0.0,0.0,0.0,0.0,-0.0,-0.0,-0.0,-5.5419562194307814e-21,-2.7709781097153907e-21,-2.7709781097153907e-21,0.0,0.0,-0.0,0.0,0.0,0.0,-0.0,0.0,0.0,0.0,0.0,0.0,4.0,0.0,0.0
12198060,297.8500671386719,303.1499938964844,285.1499938964844,0.0,-0.0,285.1398620605469,0.0,0.0,9.007228072732688e-05,297.8257141113281,303.1499938964844,285.1499938964844,0.0,-0.0,285.1396484375,0.0,0.0,9.485053305979818e-05,298.3428955078125,303.1499938964844,285.1499938964844,0.0,-0.0,285.14239501953125,0.0,0.0,7.005636143730953e-05,297.7186584472656,303.1499938964844,285.1499938964844,0.0,-0.0,285.138916015625,0.0,0.0,9.485045302426444e-05,298.07647705078125,303.1499938964844,285.1499938964844,0.0,-0.0,285.1399841308594,0.0,0.0,0.000449929095339,285.1320495605469,294.1499938964844,281.08258056640625,279.75994873046875,285.9827880859375,282.4833374023437,285.1049499511719,0.0,0.0,0.0,0.0,1.0,1.0,-0.0009186063543893,1.1144593026202188e-09,0.0009186052484437,-0.0020113233476877,0.0,0.0,0.0,-0.0051603415049612,60.0,-2.377835273742676,-0.0,-6.280001230152267e-08,0.0,283.35400390625,284.5365905761719,288.9228210449219,289.824462890625,293.1499938964844,293.1499938964844,278.1499938964844,0.0,18000.0,313.1499938964844,0.0,18000.0,0.0,0.0,0.0,0.0,0.0,0.0,0.0,0.0,0.0,-0.0,-0.0,-0.0,-5.5419562194307814e-21,-2.7709781097153907e-21,-2.7709781097153907e-21,0.0,0.0,-0.0,0.0,0.0,0.0,-0.0,0.0,0.0,0.0,0.0,0.0,4.0,0.0,0.0
12198120,297.8500671386719,303.1499938964844,285.1499938964844,0.0,-0.0,285.1398620605469,0.0,0.0,9.007228072732688e-05,297.8257141113281,303.1499938964844,285.1499938964844,0.0,-0.0,285.1396484375,0.0,0.0,9.485053305979818e-05,298.3428955078125,303.1499938964844,285.1499938964844,0.0,-0.0,285.14239501953125,0.0,0.0,7.005636143730953e-05,297.7186584472656,303.1499938964844,285.1499938964844,0.0,-0.0,285.138916015625,0.0,0.0,9.485045302426444e-05,298.07647705078125,303.1499938964844,285.1499938964844,0.0,-0.0,285.1399841308594,0.0,0.0,0.000449929095339,285.1320495605469,294.1499938964844,281.08258056640625,279.75994873046875,285.9827880859375,282.4833374023437,285.1049499511719,0.0,0.0,0.0,0.0,1.0,1.0,-0.0009186063543893,1.1144593026202188e-09,0.0009186052484437,-0.0020113233476877,0.0,0.0,0.0,-0.0051603415049612,60.0,-2.377835273742676,-0.0,-6.280001230152267e-08,0.0,283.35400390625,284.5365905761719,288.9228210449219,289.824462890625,293.1499938964844,293.1499938964844,278.1499938964844,0.0,18000.0,313.1499938964844,0.0,18000.0,0.0,0.0,0.0,0.0,0.0,0.0,0.0,0.0,0.0,-0.0,-0.0,-0.0,-5.5419562194307814e-21,-2.7709781097153907e-21,-2.7709781097153907e-21,0.0,0.0,-0.0,0.0,0.0,0.0,-0.0,0.0,0.0,0.0,0.0,0.0,4.0,0.0,0.0
12198180,297.84423828125,303.1499938964844,285.1499938964844,0.0,-0.0,285.1463317871094,0.0,0.0,9.014092211145908e-05,297.8216857910156,303.1499938964844,285.1499938964844,0.0,-0.0,285.1460876464844,0.0,0.0,9.492281242273748e-05,298.33905029296875,303.1499938964844,285.1499938964844,0.0,-0.0,285.14910888671875,0.0,0.0,7.01097451383248e-05,297.7157897949219,303.1499938964844,285.1499938964844,0.0,-0.0,285.1452941894531,0.0,0.0,9.492273238720372e-05,298.0741577148437,303.1499938964844,285.1499938964844,0.0,-0.0,285.1465759277344,0.0,0.0,0.0004502719675656,285.14117431640625,294.1499938964844,281.124755859375,279.77081298828125,285.9027709960937,282.4548034667969,285.1047668457031,0.0,0.0,0.0,0.0,1.0,1.0,-0.0008445160929113,1.1249982057037755e-09,0.0008445149287581,-0.0021131201647222,0.0,0.0,0.0,-0.0047926930710673,60.0,-2.5097572803497314,-0.0,-6.289572240802954e-08,0.0,283.35400390625,284.5365905761719,288.9228210449219,289.824462890625,293.1499938964844,293.1499938964844,278.1499938964844,0.0,18000.0,313.1499938964844,0.0,18000.0,0.0,0.0,0.0,0.0,0.0,0.0,0.0,0.0,0.0,-0.0,-0.0,-0.0,-5.5419562194307814e-21,-2.7709781097153907e-21,-2.7709781097153907e-21,0.0,0.0,-0.0,0.0,0.0,0.0,-0.0,0.0,0.0,0.0,0.0,0.0,4.0,0.0,0.0
12198240,297.84423828125,303.1499938964844,285.1499938964844,0.0,-0.0,285.1463317871094,0.0,0.0,9.014092211145908e-05,297.8216857910156,303.1499938964844,285.1499938964844,0.0,-0.0,285.1460876464844,0.0,0.0,9.492281242273748e-05,298.33905029296875,303.1499938964844,285.1499938964844,0.0,-0.0,285.14910888671875,0.0,0.0,7.01097451383248e-05,297.7157897949219,303.1499938964844,285.1499938964844,0.0,-0.0,285.1452941894531,0.0,0.0,9.492273238720372e-05,298.0741577148437,303.1499938964844,285.1499938964844,0.0,-0.0,285.1465759277344,0.0,0.0,0.0004502719675656,285.14117431640625,294.1499938964844,281.124755859375,279.77081298828125,285.9027709960937,282.4548034667969,285.1047668457031,0.0,0.0,0.0,0.0,1.0,1.0,-0.0008445160929113,1.1249982057037755e-09,0.0008445149287581,-0.0021131201647222,0.0,0.0,0.0,-0.0047926930710673,60.0,-2.5097572803497314,-0.0,-6.289572240802954e-08,0.0,283.35400390625,284.5365905761719,288.9228210449219,289.824462890625,293.1499938964844,293.1499938964844,278.1499938964844,0.0,18000.0,313.1499938964844,0.0,18000.0,0.0,0.0,0.0,0.0,0.0,0.0,0.0,0.0,0.0,-0.0,-0.0,-0.0,-5.5419562194307814e-21,-2.7709781097153907e-21,-2.7709781097153907e-21,0.0,0.0,-0.0,0.0,0.0,0.0,-0.0,0.0,0.0,0.0,0.0,0.0,4.0,0.0,0.0
12198300,297.84185791015625,303.1499938964844,285.1499938964844,0.0,-0.0,285.1457214355469,0.0,0.0,9.00922532309778e-05,297.8186950683594,303.1499938964844,285.1499938964844,0.0,-0.0,285.1454772949219,0.0,0.0,9.487156057730316e-05,298.337158203125,303.1499938964844,285.1499938964844,0.0,-0.0,285.1484375,0.0,0.0,7.007189560681581e-05,297.71441650390625,303.1499938964844,285.1499938964844,0.0,-0.0,285.1446838378906,0.0,0.0,9.487148781772704e-05,298.072998046875,303.1499938964844,285.1499938964844,0.0,-0.0,285.1459350585937,0.0,0.0,0.0004500288632698,285.14031982421875,294.1499938964844,281.1475524902344,279.77752685546875,285.8619384765625,282.4408264160156,285.10467529296875,0.0,0.0,0.0,0.0,1.0,1.0,-0.0009732001926749,1.1937627553137982e-09,0.0009731989703141,-0.0021652188152074,0.0,0.0,0.0,-0.0054706675000488,60.0,-2.573450088500977,-0.0,-6.282780873334559e-08,0.0,283.35400390625,284.5365905761719,288.9228210449219,289.824462890625,293.1499938964844,293.1499938964844,278.1499938964844,0.0,18000.0,313.1499938964844,0.0,18000.0,0.0,0.0,0.0,0.0,0.0,0.0,0.0,0.0,0.0,-0.0,-0.0,-0.0,-5.5419562194307814e-21,-2.7709781097153907e-21,-2.7709781097153907e-21,0.0,0.0,-0.0,0.0,0.0,0.0,-0.0,0.0,0.0,0.0,0.0,0.0,4.0,0.0,0.0
12198360,297.8399658203125,303.1499938964844,285.1499938964844,0.0,-0.0,285.1454772949219,0.0,0.0,9.010881331050768e-05,297.8149108886719,303.1499938964844,285.1499938964844,0.0,-0.0,285.145263671875,0.0,0.0,9.488899377174675e-05,298.33526611328125,303.1499938964844,285.1499938964844,0.0,-0.0,285.1482238769531,0.0,0.0,7.00847667758353e-05,297.71307373046875,303.1499938964844,285.1499938964844,0.0,-0.0,285.1444702148437,0.0,0.0,9.48889210121706e-05,298.0718078613281,303.1499938964844,285.1499938964844,0.0,-0.0,285.1457214355469,0.0,0.0,0.0004501115763559,285.1400451660156,294.1499938964844,281.1714782714844,279.7851257324219,285.822021484375,282.4267883300781,285.10455322265625,0.0,0.0,0.0,0.0,1.0,1.0,-0.00096012087306,1.2010975547482872e-09,0.0009601196506991,-0.0021975811105221,0.0,0.0,0.0,-0.0054082437418401,60.0,-2.583624124526977,-0.0,-6.285088716140308e-08,0.0,283.35400390625,284.5365905761719,288.9228210449219,289.824462890625,293.1499938964844,293.1499938964844,278.1499938964844,0.0,18000.0,313.1499938964844,0.0,18000.0,0.0,0.0,0.0,0.0,0.0,0.0,0.0,0.0,0.0,-0.0,-0.0,-0.0,-5.5419562194307814e-21,-2.7709781097153907e-21,-2.7709781097153907e-21,0.0,0.0,-0.0,0.0,0.0,0.0,-0.0,0.0,0.0,0.0,0.0,0.0,4.0,0.0,0.0
12198420,297.8378295898437,303.1499938964844,285.1499938964844,0.0,-0.0,285.14508056640625,0.0,0.0,9.02309620869346e-05,297.8059387207031,303.1499938964844,285.1499938964844,0.0,-0.0,285.1448669433594,0.0,0.0,9.50176254264079e-05,298.3318176269531,303.1499938964844,285.1499938964844,0.0,-0.0,285.1477966308594,0.0,0.0,7.017977623036131e-05,297.71063232421875,303.1499938964844,285.1499938964844,0.0,-0.0,285.1440734863281,0.0,0.0,9.501755266683176e-05,298.069580078125,303.1499938964844,285.1499938964844,0.0,-0.0,285.14532470703125,0.0,0.0,0.0004507217381615,285.1395568847656,294.1499938964844,281.2183532714844,279.8013916015625,285.74957275390625,282.398681640625,285.1042785644531,0.0,0.0,0.0,0.0,1.0,1.0,-0.0009614215232431,1.35325251005014e-09,0.0009614201844669,-0.0025962952058762,0.0,0.0,0.0,-0.0054836710914969,60.0,-2.574024438858032,-0.0,-6.302137478542137e-08,0.0,283.35400390625,284.5365905761719,288.9228210449219,289.824462890625,293.1499938964844,293.1499938964844,278.1499938964844,0.0,18000.0,313.1499938964844,0.0,18000.0,0.0,0.0,0.0,0.0,0.0,0.0,0.0,0.0,0.0,-0.0,-0.0,-0.0,-5.5419562194307814e-21,-2.7709781097153907e-21,-2.7709781097153907e-21,0.0,0.0,-0.0,0.0,0.0,0.0,-0.0,0.0,0.0,0.0,0.0,0.0,4.0,0.0,0.0
12198480,297.8377380371094,303.1499938964844,285.1499938964844,0.0,-0.0,285.1450500488281,0.0,0.0,9.02512256288901e-05,297.8050231933594,303.1499938964844,285.1499938964844,0.0,-0.0,285.14483642578125,0.0,0.0,9.50389658100903e-05,298.3315124511719,303.1499938964844,285.1499938964844,0.0,-0.0,285.14776611328125,0.0,0.0,7.019553595455363e-05,297.7104187011719,303.1499938964844,285.1499938964844,0.0,-0.0,285.14404296875,0.0,0.0,9.503889305051416e-05,298.0693664550781,303.1499938964844,285.1499938964844,0.0,-0.0,285.1452941894531,0.0,0.0,0.0004508229612838,285.1395263671875,294.1499938964844,281.2225952148437,279.8029479980469,285.7433776855469,282.3958435058594,285.104248046875,0.0,0.0,0.0,0.0,1.0,1.0,-0.0009616373572498,1.3784978714070915e-09,0.0009616360184736,-0.0026624493766576,0.0,0.0,0.0,-0.0054961857385933,60.0,-2.5722012519836426,-0.0,-6.304968280801404e-08,0.0,283.35400390625,284.5365905761719,288.9228210449219,289.824462890625,293.1499938964844,293.1499938964844,278.1499938964844,0.0,18000.0,313.1499938964844,0.0,18000.0,0.0,0.0,0.0,0.0,0.0,0.0,0.0,0.0,0.0,-0.0,-0.0,-0.0,-5.5419562194307814e-21,-2.7709781097153907e-21,-2.7709781097153907e-21,0.0,0.0,-0.0,0.0,0.0,0.0,-0.0,0.0,0.0,0.0,0.0,0.0,4.0,0.0,0.0
12198540,297.8380126953125,303.1499938964844,285.1499938964844,0.0,-0.0,285.1446228027344,0.0,0.0,9.062226308742538e-05,297.79205322265625,303.1499938964844,285.1499938964844,0.0,-0.0,285.1444091796875,0.0,0.0,9.542968473397195e-05,298.3277893066406,303.1499938964844,285.1499938964844,0.0,-0.0,285.14727783203125,0.0,0.0,7.048412226140499e-05,297.7077331542969,303.1499938964844,285.1499938964844,0.0,-0.0,285.1436462402344,0.0,0.0,9.54296119743958e-05,298.0668334960937,303.1499938964844,285.1499938964844,0.0,-0.0,285.1448669433594,0.0,0.0,0.0004526763805188,285.1390075683594,294.1499938964844,281.2780456542969,279.8243408203125,285.666748046875,282.3495788574219,285.1039123535156,0.0,0.0,0.0,0.0,1.0,1.0,-0.0009655900066718,1.840733787616955e-09,0.0009655881440266,-0.0038737040013074,0.0,0.0,0.0,-0.0057253339327871,60.0,-2.546501398086548,-0.0,-6.356913218041882e-08,0.0,283.35400390625,284.5365905761719,288.9228210449219,289.824462890625,293.1499938964844,293.1499938964844,278.1499938964844,0.0,18000.0,313.1499938964844,0.0,18000.0,0.0,0.0,0.0,0.0,0.0,0.0,0.0,0.0,0.0,-0.0,-0.0,-0.0,-5.5419562194307814e-21,-2.7709781097153907e-21,-2.7709781097153907e-21,0.0,0.0,-0.0,0.0,0.0,0.0,-0.0,0.0,0.0,0.0,0.0,0.0,4.0,0.0,0.0
12198600,297.8380126953125,303.1499938964844,285.1499938964844,0.0,-0.0,285.1446228027344,0.0,0.0,9.062226308742538e-05,297.79205322265625,303.1499938964844,285.1499938964844,0.0,-0.0,285.1444091796875,0.0,0.0,9.542968473397195e-05,298.3277893066406,303.1499938964844,285.1499938964844,0.0,-0.0,285.14727783203125,0.0,0.0,7.048412226140499e-05,297.7077331542969,303.1499938964844,285.1499938964844,0.0,-0.0,285.1436462402344,0.0,0.0,9.54296119743958e-05,298.0668334960937,303.1499938964844,285.1499938964844,0.0,-0.0,285.1448669433594,0.0,0.0,0.0004526763805188,285.1390075683594,294.1499938964844,281.2780456542969,279.8243408203125,285.666748046875,282.3495788574219,285.1039123535156,0.0,0.0,0.0,0.0,1.0,1.0,-0.0009655900066718,1.840733787616955e-09,0.0009655881440266,-0.0038737040013074,0.0,0.0,0.0,-0.0057253339327871,60.0,-2.546501398086548,-0.0,-6.356913218041882e-08,0.0,283.35400390625,284.5365905761719,288.9228210449219,289.824462890625,293.1499938964844,293.1499938964844,278.1499938964844,0.0,18000.0,313.1499938964844,0.0,18000.0,0.0,0.0,0.0,0.0,0.0,0.0,0.0,0.0,0.0,-0.0,-0.0,-0.0,-5.5419562194307814e-21,-2.7709781097153907e-21,-2.7709781097153907e-21,0.0,0.0,-0.0,0.0,0.0,0.0,-0.0,0.0,0.0,0.0,0.0,0.0,4.0,0.0,0.0
12198660,297.8398132324219,303.1499938964844,285.1499938964844,0.0,-0.0,285.1441955566406,0.0,0.0,9.098852751776576e-05,297.7768249511719,303.1499938964844,285.1499938964844,0.0,-0.0,285.1439819335937,0.0,0.0,9.58153759711422e-05,298.3240661621094,303.1499938964844,285.1499938964844,0.0,-0.0,285.1468505859375,0.0,0.0,7.07689905539155e-05,297.7051086425781,303.1499938964844,285.1499938964844,0.0,-0.0,285.1432189941406,0.0,0.0,9.581530321156606e-05,298.064208984375,303.1499938964844,285.1499938964844,0.0,-0.0,285.1444396972656,0.0,0.0,0.0004545059346128,285.1385192871094,294.1499938964844,281.3376770019531,279.8493347167969,285.5920715332031,282.2854919433594,285.1034851074219,0.0,0.0,0.0,0.0,1.0,1.0,-0.0009694927721284,2.2970174651248954e-09,0.0009694905020296,-0.0050693438388407,0.0,0.0,0.0,-0.0059515368193387,60.0,-2.519038200378418,-0.0,-6.408397723589587e-08,0.0,283.35400390625,284.5365905761719,288.9228210449219,289.824462890625,293.1499938964844,293.1499938964844,278.1499938964844,0.0,18000.0,313.1499938964844,0.0,18000.0,0.0,0.0,0.0,0.0,0.0,0.0,0.0,0.0,0.0,-0.0,-0.0,-0.0,-5.5419562194307814e-21,-2.7709781097153907e-21,-2.7709781097153907e-21,0.0,0.0,-0.0,0.0,0.0,0.0,-0.0,0.0,0.0,0.0,0.0,0.0,4.0,0.0,0.0
12198720,297.8398132324219,303.1499938964844,285.1499938964844,0.0,-0.0,285.1441955566406,0.0,0.0,9.098852751776576e-05,297.7768249511719,303.1499938964844,285.1499938964844,0.0,-0.0,285.1439819335937,0.0,0.0,9.58153759711422e-05,298.3240661621094,303.1499938964844,285.1499938964844,0.0,-0.0,285.1468505859375,0.0,0.0,7.07689905539155e-05,297.7051086425781,303.1499938964844,285.1499938964844,0.0,-0.0,285.1432189941406,0.0,0.0,9.581530321156606e-05,298.064208984375,303.1499938964844,285.1499938964844,0.0,-0.0,285.1444396972656,0.0,0.0,0.0004545059346128,285.1385192871094,294.1499938964844,281.3376770019531,279.8493347167969,285.5920715332031,282.2854919433594,285.1034851074219,0.0,0.0,0.0,0.0,1.0,1.0,-0.0009694927721284,2.2970174651248954e-09,0.0009694905020296,-0.0050693438388407,0.0,0.0,0.0,-0.0059515368193387,60.0,-2.519038200378418,-0.0,-6.408397723589587e-08,0.0,283.35400390625,284.5365905761719,288.9228210449219,289.824462890625,293.1499938964844,293.1499938964844,278.1499938964844,0.0,18000.0,313.1499938964844,0.0,18000.0,0.0,0.0,0.0,0.0,0.0,0.0,0.0,0.0,0.0,-0.0,-0.0,-0.0,-5.5419562194307814e-21,-2.7709781097153907e-21,-2.7709781097153907e-21,0.0,0.0,-0.0,0.0,0.0,0.0,-0.0,0.0,0.0,0.0,0.0,0.0,4.0,0.0,0.0
12198780,297.8392944335937,303.1499938964844,285.1499938964844,0.0,-0.0,285.143798828125,0.0,0.0,9.13901094463654e-05,297.760986328125,303.1499938964844,285.1499938964844,0.0,-0.0,285.1435546875,0.0,0.0,9.623826190363616e-05,298.3204040527344,303.1499938964844,285.1499938964844,0.0,-0.0,285.1463928222656,0.0,0.0,7.108132558641955e-05,297.70281982421875,303.1499938964844,285.1499938964844,0.0,-0.0,285.142822265625,0.0,0.0,9.623818914406002e-05,298.0613708496094,303.1499938964844,285.1499938964844,0.0,-0.0,285.1440124511719,0.0,0.0,0.000456511916127,285.13800048828125,294.1499938964844,281.4013977050781,279.87799072265625,285.5194396972656,282.2118530273437,285.1029968261719,0.0,0.0,0.0,0.0,1.0,1.0,-0.0009737706277519,2.797308829016742e-09,0.0009737678337842,-0.0063802772201597,0.0,0.0,0.0,-0.0061995494179427,60.0,-2.48783016204834,-0.0,-6.465086954676735e-08,0.0,283.35400390625,284.5365905761719,288.9228210449219,289.824462890625,293.1499938964844,293.1499938964844,278.1499938964844,0.0,18000.0,313.1499938964844,0.0,18000.0,0.0,0.0,0.0,0.0,0.0,0.0,0.0,0.0,0.0,-0.0,-0.0,-0.0,-5.5419562194307814e-21,-2.7709781097153907e-21,-2.7709781097153907e-21,0.0,0.0,-0.0,0.0,0.0,0.0,-0.0,0.0,0.0,0.0,0.0,0.0,4.0,0.0,0.0
12198840,297.8392944335937,303.1499938964844,285.1499938964844,0.0,-0.0,285.143798828125,0.0,0.0,9.13901094463654e-05,297.760986328125,303.1499938964844,285.1499938964844,0.0,-0.0,285.1435546875,0.0,0.0,9.623826190363616e-05,298.3204040527344,303.1499938964844,285.1499938964844,0.0,-0.0,285.1463928222656,0.0,0.0,7.108132558641955e-05,297.70281982421875,303.1499938964844,285.1499938964844,0.0,-0.0,285.142822265625,0.0,0.0,9.623818914406002e-05,298.0613708496094,303.1499938964844,285.1499938964844,0.0,-0.0,285.1440124511719,0.0,0.0,0.000456511916127,285.13800048828125,294.1499938964844,281.4013977050781,279.87799072265625,285.5194396972656,282.2118530273437,285.1029968261719,0.0,0.0,0.0,0.0,1.0,1.0,-0.0009737706277519,2.797308829016742e-09,0.0009737678337842,-0.0063802772201597,0.0,0.0,0.0,-0.0061995494179427,60.0,-2.48783016204834,-0.0,-6.465086954676735e-08,0.0,283.35400390625,284.5365905761719,288.9228210449219,289.824462890625,293.1499938964844,293.1499938964844,278.1499938964844,0.0,18000.0,313.1499938964844,0.0,18000.0,0.0,0.0,0.0,0.0,0.0,0.0,0.0,0.0,0.0,-0.0,-0.0,-0.0,-5.5419562194307814e-21,-2.7709781097153907e-21,-2.7709781097153907e-21,0.0,0.0,-0.0,0.0,0.0,0.0,-0.0,0.0,0.0,0.0,0.0,0.0,4.0,0.0,0.0
12198900,297.8385925292969,303.1499938964844,285.1499938964844,0.0,-0.0,285.1435852050781,0.0,0.0,9.143276110989972e-05,297.75341796875,303.1499938964844,285.1499938964844,0.0,-0.0,285.1433410644531,0.0,0.0,9.628317638998853e-05,298.31854248046875,303.1499938964844,285.1499938964844,0.0,-0.0,285.1461486816406,0.0,0.0,7.111450395314023e-05,297.70184326171875,303.1499938964844,285.1499938964844,0.0,-0.0,285.1426086425781,0.0,0.0,9.628310363041236e-05,298.0599060058594,303.1499938964844,285.1499938964844,0.0,-0.0,285.143798828125,0.0,0.0,0.0004567250143736,285.13775634765625,294.1499938964844,281.43475341796875,279.89373779296875,285.4839782714844,282.17364501953125,285.10272216796875,0.0,0.0,0.0,0.0,1.0,1.0,-0.0009742270922288,2.850439440038599e-09,0.0009742242400534,-0.006519494112581,0.0,0.0,0.0,-0.006225898861885,60.0,-2.4707016944885254,-0.0,-6.471121594131547e-08,0.0,283.35400390625,284.5365905761719,288.9228210449219,289.824462890625,293.1499938964844,293.1499938964844,278.1499938964844,0.0,18000.0,313.1499938964844,0.0,18000.0,0.0,0.0,0.0,0.0,0.0,0.0,0.0,0.0,0.0,-0.0,-0.0,-0.0,-5.5419562194307814e-21,-2.7709781097153907e-21,-2.7709781097153907e-21,0.0,0.0,-0.0,0.0,0.0,0.0,-0.0,0.0,0.0,0.0,0.0,0.0,4.0,0.0,0.0
12198960,297.8381042480469,303.1499938964844,285.1499938964844,0.0,-0.0,285.14337158203125,0.0,0.0,9.148644312517716e-05,297.74688720703125,303.1499938964844,285.1499938964844,0.0,-0.0,285.1431579589844,0.0,0.0,9.633971058065072e-05,298.31671142578125,303.1499938964844,285.1499938964844,0.0,-0.0,285.1459350585937,0.0,0.0,7.115625339793041e-05,297.7009582519531,303.1499938964844,285.1499938964844,0.0,-0.0,285.14239501953125,0.0,0.0,9.633963782107458e-05,298.05841064453125,303.1499938964844,285.1499938964844,0.0,-0.0,285.1435852050781,0.0,0.0,0.0004569931479636,285.13751220703125,294.1499938964844,281.4691162109375,279.910400390625,285.4490966796875,282.1385803222656,285.1024475097656,0.0,0.0,0.0,0.0,1.0,1.0,-0.00097479816759,2.9173063964549333e-09,0.000974795257207,-0.0066947061568498,0.0,0.0,0.0,-0.0062590441666543,60.0,-2.450568675994873,-0.0,-6.4787208486905e-08,0.0,283.35400390625,284.5365905761719,288.9228210449219,289.824462890625,293.1499938964844,293.1499938964844,278.1499938964844,0.0,18000.0,313.1499938964844,0.0,18000.0,0.0,0.0,0.0,0.0,0.0,0.0,0.0,0.0,0.0,-0.0,-0.0,-0.0,-5.5419562194307814e-21,-2.7709781097153907e-21,-2.7709781097153907e-21,0.0,0.0,-0.0,0.0,0.0,0.0,-0.0,0.0,0.0,0.0,0.0,0.0,4.0,0.0,0.0
12199020,297.83746337890625,303.1499938964844,285.1499938964844,0.0,-0.0,285.1429443359375,0.0,0.0,9.1534064267762e-05,297.736572265625,303.1499938964844,285.1499938964844,0.0,-0.0,285.1427307128906,0.0,0.0,9.638985648052768e-05,298.3128662109375,303.1499938964844,285.1499938964844,0.0,-0.0,285.1454772949219,0.0,0.0,7.119329529814422e-05,297.69952392578125,303.1499938964844,285.1499938964844,0.0,-0.0,285.1419982910156,0.0,0.0,9.638978372095151e-05,298.0555419921875,303.1499938964844,285.1499938964844,0.0,-0.0,285.1431579589844,0.0,0.0,0.0004572310426738,285.13702392578125,294.1499938964844,281.5406494140625,279.94659423828125,285.38104248046875,282.0762023925781,285.101806640625,0.0,0.0,0.0,0.0,1.0,1.0,-0.0009753060294315,2.976607405003051e-09,0.0009753030608408,-0.0068500908091664,0.0,0.0,0.0,-0.0062884455546736,60.0,-2.406779289245605,-0.0,-6.485463899252863e-08,0.0,283.35400390625,284.5365905761719,288.9228210449219,289.824462890625,293.1499938964844,293.1499938964844,278.1499938964844,0.0,18000.0,313.1499938964844,0.0,18000.0,0.0,0.0,0.0,0.0,0.0,0.0,0.0,0.0,0.0,-0.0,-0.0,-0.0,-5.5419562194307814e-21,-2.7709781097153907e-21,-2.7709781097153907e-21,0.0,0.0,-0.0,0.0,0.0,0.0,-0.0,0.0,0.0,0.0,0.0,0.0,4.0,0.0,0.0
12199080,297.83746337890625,303.1499938964844,285.1499938964844,0.0,-0.0,285.1429443359375,0.0,0.0,9.1534064267762e-05,297.736572265625,303.1499938964844,285.1499938964844,0.0,-0.0,285.1427307128906,0.0,0.0,9.638985648052768e-05,298.3128662109375,303.1499938964844,285.1499938964844,0.0,-0.0,285.1454772949219,0.0,0.0,7.119329529814422e-05,297.69952392578125,303.1499938964844,285.1499938964844,0.0,-0.0,285.1419982910156,0.0,0.0,9.638978372095151e-05,298.0555419921875,303.1499938964844,285.1499938964844,0.0,-0.0,285.1431579589844,0.0,0.0,0.0004572310426738,285.13702392578125,294.1499938964844,281.5406494140625,279.94659423828125,285.38104248046875,282.0762023925781,285.101806640625,0.0,0.0,0.0,0.0,1.0,1.0,-0.0009753060294315,2.976607405003051e-09,0.0009753030608408,-0.0068500908091664,0.0,0.0,0.0,-0.0062884455546736,60.0,-2.406779289245605,-0.0,-6.485463899252863e-08,0.0,283.35400390625,284.5365905761719,288.9228210449219,289.824462890625,293.1499938964844,293.1499938964844,278.1499938964844,0.0,18000.0,313.1499938964844,0.0,18000.0,0.0,0.0,0.0,0.0,0.0,0.0,0.0,0.0,0.0,-0.0,-0.0,-0.0,-5.5419562194307814e-21,-2.7709781097153907e-21,-2.7709781097153907e-21,0.0,0.0,-0.0,0.0,0.0,0.0,-0.0,0.0,0.0,0.0,0.0,0.0,4.0,0.0,0.0
12199140,297.8380432128906,303.1499938964844,285.1499938964844,0.0,-0.0,285.1425476074219,0.0,0.0,9.134766878560184e-05,297.73114013671875,303.1499938964844,285.1499938964844,0.0,-0.0,285.142333984375,0.0,0.0,9.619356569601224e-05,298.3028869628906,303.1499938964844,285.1499938964844,0.0,-0.0,285.1450500488281,0.0,0.0,7.1048314566724e-05,297.6981811523437,303.1499938964844,285.1499938964844,0.0,-0.0,285.1416015625,0.0,0.0,9.61935002123937e-05,298.05291748046875,303.1499938964844,285.1499938964844,0.0,-0.0,285.14276123046875,0.0,0.0,0.0004562999529298,285.13653564453125,294.1499938964844,281.6159362792969,279.9866638183594,285.3154602050781,282.02911376953125,285.1011047363281,0.0,0.0,0.0,0.0,1.0,1.0,-0.0009733200422488,2.7443514127867275e-09,0.0009733173064887,-0.006241510156542,0.0,0.0,0.0,-0.0061733075417578,60.0,-2.355560541152954,-0.0,-6.459074342046733e-08,0.0,283.35400390625,284.5365905761719,288.9228210449219,289.824462890625,293.1499938964844,293.1499938964844,278.1499938964844,0.0,18000.0,313.1499938964844,0.0,18000.0,0.0,0.0,0.0,0.0,0.0,0.0,0.0,0.0,0.0,-0.0,-0.0,-0.0,-5.5419562194307814e-21,-2.7709781097153907e-21,-2.7709781097153907e-21,0.0,0.0,-0.0,0.0,0.0,0.0,-0.0,0.0,0.0,0.0,0.0,0.0,4.0,0.0,0.0
12199200,297.8380432128906,303.1499938964844,285.1499938964844,0.0,-0.0,285.1425476074219,0.0,0.0,9.134766878560184e-05,297.73114013671875,303.1499938964844,285.1499938964844,0.0,-0.0,285.142333984375,0.0,0.0,9.619356569601224e-05,298.3028869628906,303.1499938964844,285.1499938964844,0.0,-0.0,285.1450500488281,0.0,0.0,7.1048314566724e-05,297.6981811523437,303.1499938964844,285.1499938964844,0.0,-0.0,285.1416015625,0.0,0.0,9.61935002123937e-05,298.05291748046875,303.1499938964844,285.1499938964844,0.0,-0.0,285.14276123046875,0.0,0.0,0.0004562999529298,285.13653564453125,294.1499938964844,281.6159362792969,279.9866638183594,285.3154602050781,282.02911376953125,285.1011047363281,0.0,0.0,0.0,0.0,1.0,1.0,-0.0009733200422488,2.7443514127867275e-09,0.0009733173064887,-0.006241510156542,0.0,0.0,0.0,-0.0061733075417578,60.0,-2.355560541152954,-0.0,-6.459074342046733e-08,0.0,283.35400390625,284.5365905761719,288.9228210449219,289.824462890625,293.1499938964844,293.1499938964844,278.1499938964844,0.0,18000.0,313.1499938964844,0.0,18000.0,0.0,0.0,0.0,0.0,0.0,0.0,0.0,0.0,0.0,-0.0,-0.0,-0.0,-5.5419562194307814e-21,-2.7709781097153907e-21,-2.7709781097153907e-21,0.0,0.0,-0.0,0.0,0.0,0.0,-0.0,0.0,0.0,0.0,0.0,0.0,4.0,0.0,0.0
12199260,297.8396301269531,303.1499938964844,285.1499938964844,0.0,-0.0,285.1421203613281,0.0,0.0,9.130508260568604e-05,297.73095703125,303.1499938964844,285.1499938964844,0.0,-0.0,285.14190673828125,0.0,0.0,9.61487166932784e-05,298.2865600585937,303.1499938964844,285.1499938964844,0.0,-0.0,285.14459228515625,0.0,0.0,7.101518713170663e-05,297.6961669921875,303.1499938964844,285.1499938964844,0.0,-0.0,285.1412048339844,0.0,0.0,9.614865120965987e-05,298.0506591796875,303.1499938964844,285.1499938964844,0.0,-0.0,285.142333984375,0.0,0.0,0.000456087233033,285.13604736328125,294.1499938964844,281.6948547363281,280.0306701660156,285.2524108886719,281.99664306640625,285.1003112792969,0.0,0.0,0.0,0.0,1.0,1.0,-0.0009728649747557,2.6912632122844116e-09,0.0009728622972033,-0.0061024036258459,0.0,0.0,0.0,-0.0061469841748476,60.0,-2.300635576248169,-0.0,-6.453049650190223e-08,0.0,283.35400390625,284.5365905761719,288.9228210449219,289.824462890625,293.1499938964844,293.1499938964844,278.1499938964844,0.0,18000.0,313.1499938964844,0.0,18000.0,0.0,0.0,0.0,0.0,0.0,0.0,0.0,0.0,0.0,-0.0,-0.0,-0.0,-5.5419562194307814e-21,-2.7709781097153907e-21,-2.7709781097153907e-21,0.0,0.0,-0.0,0.0,0.0,0.0,-0.0,0.0,0.0,0.0,0.0,0.0,4.0,0.0,0.0
12199320,297.8396301269531,303.1499938964844,285.1499938964844,0.0,-0.0,285.1421203613281,0.0,0.0,9.130508260568604e-05,297.73095703125,303.1499938964844,285.1499938964844,0.0,-0.0,285.14190673828125,0.0,0.0,9.61487166932784e-05,298.2865600585937,303.1499938964844,285.1499938964844,0.0,-0.0,285.14459228515625,0.0,0.0,7.101518713170663e-05,297.6961669921875,303.1499938964844,285.1499938964844,0.0,-0.0,285.1412048339844,0.0,0.0,9.614865120965987e-05,298.0506591796875,303.1499938964844,285.1499938964844,0.0,-0.0,285.142333984375,0.0,0.0,0.000456087233033,285.13604736328125,294.1499938964844,281.6948547363281,280.0306701660156,285.2524108886719,281.99664306640625,285.1003112792969,0.0,0.0,0.0,0.0,1.0,1.0,-0.0009728649747557,2.6912632122844116e-09,0.0009728622972033,-0.0061024036258459,0.0,0.0,0.0,-0.0061469841748476,60.0,-2.300635576248169,-0.0,-6.453049650190223e-08,0.0,283.35400390625,284.5365905761719,288.9228210449219,289.824462890625,293.1499938964844,293.1499938964844,278.1499938964844,0.0,18000.0,313.1499938964844,0.0,18000.0,0.0,0.0,0.0,0.0,0.0,0.0,0.0,0.0,0.0,-0.0,-0.0,-0.0,-5.5419562194307814e-21,-2.7709781097153907e-21,-2.7709781097153907e-21,0.0,0.0,-0.0,0.0,0.0,0.0,-0.0,0.0,0.0,0.0,0.0,0.0,4.0,0.0,0.0
12199380,297.8408203125,303.1499938964844,285.1499938964844,0.0,-0.0,285.1417236328125,0.0,0.0,9.16214776225388e-05,297.7349548339844,303.1499938964844,285.1499938964844,0.0,-0.0,285.1415100097656,0.0,0.0,9.64819046203047e-05,298.2684936523437,303.1499938964844,285.1499938964844,0.0,-0.0,285.1441650390625,0.0,0.0,7.126127457013354e-05,297.6932678222656,303.1499938964844,285.1499938964844,0.0,-0.0,285.14080810546875,0.0,0.0,9.648183186072856e-05,298.048828125,303.1499938964844,285.1499938964844,0.0,-0.0,285.1419372558594,0.0,0.0,0.0004576677165459,285.1355895996094,294.1499938964844,281.7773132324219,280.07867431640625,285.1918029785156,281.9723815917969,285.0994873046875,0.0,0.0,0.0,0.0,1.0,1.0,-0.0009762349072843,3.085429911564574e-09,0.0009762318222783,-0.007135238032788,0.0,0.0,0.0,-0.0063423849642276,60.0,-2.249683380126953,-0.0,-6.497847948594426e-08,0.0,283.35400390625,284.5365905761719,288.9228210449219,289.824462890625,293.1499938964844,293.1499938964844,278.1499938964844,0.0,18000.0,313.1499938964844,0.0,18000.0,0.0,0.0,0.0,0.0,0.0,0.0,0.0,0.0,0.0,-0.0,-0.0,-0.0,-5.5419562194307814e-21,-2.7709781097153907e-21,-2.7709781097153907e-21,0.0,0.0,-0.0,0.0,0.0,0.0,-0.0,0.0,0.0,0.0,0.0,0.0,4.0,0.0,0.0
12199440,297.8408203125,303.1499938964844,285.1499938964844,0.0,-0.0,285.1417236328125,0.0,0.0,9.16214776225388e-05,297.7349548339844,303.1499938964844,285.1499938964844,0.0,-0.0,285.1415100097656,0.0,0.0,9.64819046203047e-05,298.2684936523437,303.1499938964844,285.1499938964844,0.0,-0.0,285.1441650390625,0.0,0.0,7.126127457013354e-05,297.6932678222656,303.1499938964844,285.1499938964844,0.0,-0.0,285.14080810546875,0.0,0.0,9.648183186072856e-05,298.048828125,303.1499938964844,285.1499938964844,0.0,-0.0,285.1419372558594,0.0,0.0,0.0004576677165459,285.1355895996094,294.1499938964844,281.7773132324219,280.07867431640625,285.1918029785156,281.9723815917969,285.0994873046875,0.0,0.0,0.0,0.0,1.0,1.0,-0.0009762349072843,3.085429911564574e-09,0.0009762318222783,-0.007135238032788,0.0,0.0,0.0,-0.0063423849642276,60.0,-2.249683380126953,-0.0,-6.497847948594426e-08,0.0,283.35400390625,284.5365905761719,288.9228210449219,289.824462890625,293.1499938964844,293.1499938964844,278.1499938964844,0.0,18000.0,313.1499938964844,0.0,18000.0,0.0,0.0,0.0,0.0,0.0,0.0,0.0,0.0,0.0,-0.0,-0.0,-0.0,-5.5419562194307814e-21,-2.7709781097153907e-21,-2.7709781097153907e-21,0.0,0.0,-0.0,0.0,0.0,0.0,-0.0,0.0,0.0,0.0,0.0,0.0,4.0,0.0,0.0
12199500,297.84100341796875,303.1499938964844,285.1499938964844,0.0,-0.0,285.1415405273437,0.0,0.0,9.188785770675167e-05,297.7382202148437,303.1499938964844,285.1499938964844,0.0,-0.0,285.1413269042969,0.0,0.0,9.676241461420432e-05,298.2595520019531,303.1499938964844,285.1499938964844,0.0,-0.0,285.1439514160156,0.0,0.0,7.146846473915502e-05,297.6915283203125,303.1499938964844,285.1499938964844,0.0,-0.0,285.140625,0.0,0.0,9.67623491305858e-05,298.04803466796875,303.1499938964844,285.1499938964844,0.0,-0.0,285.1417236328125,0.0,0.0,0.0004589983436744,285.1353454589844,294.1499938964844,281.81982421875,280.1042175292969,285.1623229980469,281.9626770019531,285.0990600585937,0.0,0.0,0.0,0.0,1.0,1.0,-0.0009790728799998,3.417294669461057e-09,0.0009790693875402,-0.008004805073142,0.0,0.0,0.0,-0.0065069035626947,60.0,-2.22621488571167,-0.0,-6.535685059816387e-08,0.0,283.35400390625,284.5365905761719,288.9228210449219,289.824462890625,293.1499938964844,293.1499938964844,278.1499938964844,0.0,18000.0,313.1499938964844,0.0,18000.0,0.0,0.0,0.0,0.0,0.0,0.0,0.0,0.0,0.0,-0.0,-0.0,-0.0,-5.5419562194307814e-21,-2.7709781097153907e-21,-2.7709781097153907e-21,0.0,0.0,-0.0,0.0,0.0,0.0,-0.0,0.0,0.0,0.0,0.0,0.0,4.0,0.0,0.0
12199560,297.8409118652344,303.1499938964844,285.1499938964844,0.0,-0.0,285.1413269042969,0.0,0.0,9.219136700266972e-05,297.7423095703125,303.1499938964844,285.1499938964844,0.0,-0.0,285.14111328125,0.0,0.0,9.708202560432257e-05,298.2509155273437,303.1499938964844,285.1499938964844,0.0,-0.0,285.14373779296875,0.0,0.0,7.170452590798959e-05,297.6896667480469,303.1499938964844,285.1499938964844,0.0,-0.0,285.1404113769531,0.0,0.0,9.70819528447464e-05,298.04736328125,303.1499938964844,285.1499938964844,0.0,-0.0,285.1415405273437,0.0,0.0,0.0004605144204106,285.1351013183594,294.1499938964844,281.8631591796875,280.1307983398437,285.1334228515625,281.9551696777344,285.0986022949219,0.0,0.0,0.0,0.0,1.0,1.0,-0.0009823064319789,3.795415093321708e-09,0.0009823027066886,-0.0089955506846308,0.0,0.0,0.0,-0.0066943536512553,60.0,-2.2035067081451416,-0.0,-6.578929401257484e-08,0.0,283.35400390625,284.5365905761719,288.9228210449219,289.824462890625,293.1499938964844,293.1499938964844,278.1499938964844,0.0,18000.0,313.1499938964844,0.0,18000.0,0.0,0.0,0.0,0.0,0.0,0.0,0.0,0.0,0.0,-0.0,-0.0,-0.0,-5.5419562194307814e-21,-2.7709781097153907e-21,-2.7709781097153907e-21,0.0,0.0,-0.0,0.0,0.0,0.0,-0.0,0.0,0.0,0.0,0.0,0.0,4.0,0.0,0.0
12199620,297.84051513671875,303.1499938964844,285.1499938964844,0.0,-0.0,285.14093017578125,0.0,0.0,9.279300866182894e-05,297.7517395019531,303.1499938964844,285.1499938964844,0.0,-0.0,285.1407165527344,0.0,0.0,9.771557961357756e-05,298.23553466796875,303.1499938964844,285.1499938964844,0.0,-0.0,285.143310546875,0.0,0.0,7.217246457003057e-05,297.6858825683594,303.1499938964844,285.1499938964844,0.0,-0.0,285.1400451660156,0.0,0.0,9.771550685400145e-05,298.0463256835937,303.1499938964844,285.1499938964844,0.0,-0.0,285.1411437988281,0.0,0.0,0.0004635197401512,285.1346740722656,294.1499938964844,281.9494323730469,280.18524169921875,285.0789794921875,281.9494323730469,285.0976867675781,0.0,0.0,0.0,0.0,1.0,1.0,-0.0009887168416753,4.544963960739778e-09,0.0009887123014777,-0.0109594287350773,0.0,0.0,0.0,-0.0070659387856721,60.0,-2.1594018936157227,-0.0,-6.665074891998303e-08,0.0,283.35400390625,284.5365905761719,288.9228210449219,289.824462890625,293.1499938964844,293.1499938964844,278.1499938964844,0.0,18000.0,313.1499938964844,0.0,18000.0,0.0,0.0,0.0,0.0,0.0,0.0,0.0,0.0,0.0,-0.0,-0.0,-0.0,-5.5419562194307814e-21,-2.7709781097153907e-21,-2.7709781097153907e-21,0.0,0.0,-0.0,0.0,0.0,0.0,-0.0,0.0,0.0,0.0,0.0,0.0,4.0,0.0,0.0
12199680,297.8404846191406,303.1499938964844,285.1499938964844,0.0,-0.0,285.14093017578125,0.0,0.0,9.281194070354104e-05,297.75201416015625,303.1499938964844,285.1499938964844,0.0,-0.0,285.1407165527344,0.0,0.0,9.773551573744044e-05,298.2350769042969,303.1499938964844,285.1499938964844,0.0,-0.0,285.143310546875,0.0,0.0,7.218719110824168e-05,297.6857604980469,303.1499938964844,285.1499938964844,0.0,-0.0,285.1400451660156,0.0,0.0,9.773545025382192e-05,298.0462951660156,303.1499938964844,285.1499938964844,0.0,-0.0,285.14111328125,0.0,0.0,0.0004636143276002,285.1346435546875,294.1499938964844,281.9523010253906,280.18707275390625,285.0772399902344,281.9494934082031,285.09765625,0.0,0.0,0.0,0.0,1.0,1.0,-0.0009889180073514,4.568553535477804e-09,0.0009889134671539,-0.0110212340950965,0.0,0.0,0.0,-0.0070776301436126,60.0,-2.15793514251709,-0.0,-6.667794849590791e-08,0.0,283.35400390625,284.5365905761719,288.9228210449219,289.824462890625,293.1499938964844,293.1499938964844,278.1499938964844,0.0,18000.0,313.1499938964844,0.0,18000.0,0.0,0.0,0.0,0.0,0.0,0.0,0.0,0.0,0.0,-0.0,-0.0,-0.0,-5.5419562194307814e-21,-2.7709781097153907e-21,-2.7709781097153907e-21,0.0,0.0,-0.0,0.0,0.0,0.0,-0.0,0.0,0.0,0.0,0.0,0.0,4.0,0.0,0.0
12199740,297.84033203125,303.1499938964844,285.1499938964844,0.0,-0.0,285.1405334472656,0.0,0.0,9.335501817986368e-05,297.7579345703125,303.1499938964844,285.1499938964844,0.0,-0.0,285.14031982421875,0.0,0.0,9.830739872995764e-05,298.2214050292969,303.1499938964844,285.1499938964844,0.0,-0.0,285.14288330078125,0.0,0.0,7.260958227561787e-05,297.681884765625,303.1499938964844,285.1499938964844,0.0,-0.0,285.1396484375,0.0,0.0,9.830733324633913e-05,298.0454406738281,303.1499938964844,285.1499938964844,0.0,-0.0,285.1407165527344,0.0,0.0,0.000466327095637,285.1341857910156,294.1499938964844,282.04461669921875,280.24761962890625,285.023193359375,281.958984375,285.0966491699219,0.0,0.0,0.0,0.0,1.0,1.0,-0.0009947052458301,5.2451403220743495e-09,0.0009947000071406,-0.0127938333898782,0.0,0.0,0.0,-0.0074130487628281,60.0,-2.1094210147857666,-0.0,-6.746051184336467e-08,0.0,283.35400390625,284.5365905761719,288.9228210449219,289.824462890625,293.1499938964844,293.1499938964844,278.1499938964844,0.0,18000.0,313.1499938964844,0.0,18000.0,0.0,0.0,0.0,0.0,0.0,0.0,0.0,0.0,0.0,-0.0,-0.0,-0.0,-5.5419562194307814e-21,-2.7709781097153907e-21,-2.7709781097153907e-21,0.0,0.0,-0.0,0.0,0.0,0.0,-0.0,0.0,0.0,0.0,0.0,0.0,4.0,0.0,0.0
12199800,297.84033203125,303.1499938964844,285.1499938964844,0.0,-0.0,285.1405334472656,0.0,0.0,9.335501817986368e-05,297.7579345703125,303.1499938964844,285.1499938964844,0.0,-0.0,285.14031982421875,0.0,0.0,9.830739872995764e-05,298.2214050292969,303.1499938964844,285.1499938964844,0.0,-0.0,285.14288330078125,0.0,0.0,7.260958227561787e-05,297.681884765625,303.1499938964844,285.1499938964844,0.0,-0.0,285.1396484375,0.0,0.0,9.830733324633913e-05,298.0454406738281,303.1499938964844,285.1499938964844,0.0,-0.0,285.1407165527344,0.0,0.0,0.000466327095637,285.1341857910156,294.1499938964844,282.04461669921875,280.24761962890625,285.023193359375,281.958984375,285.0966491699219,0.0,0.0,0.0,0.0,1.0,1.0,-0.0009947052458301,5.2451403220743495e-09,0.0009947000071406,-0.0127938333898782,0.0,0.0,0.0,-0.0074130487628281,60.0,-2.1094210147857666,-0.0,-6.746051184336467e-08,0.0,283.35400390625,284.5365905761719,288.9228210449219,289.824462890625,293.1499938964844,293.1499938964844,278.1499938964844,0.0,18000.0,313.1499938964844,0.0,18000.0,0.0,0.0,0.0,0.0,0.0,0.0,0.0,0.0,0.0,-0.0,-0.0,-0.0,-5.5419562194307814e-21,-2.7709781097153907e-21,-2.7709781097153907e-21,0.0,0.0,-0.0,0.0,0.0,0.0,-0.0,0.0,0.0,0.0,0.0,0.0,4.0,0.0,0.0
12199860,297.8411865234375,303.1499938964844,285.1499938964844,0.0,-0.0,285.1401062011719,0.0,0.0,9.380862320540472e-05,297.7596130371094,303.1499938964844,285.1499938964844,0.0,-0.0,285.1399230957031,0.0,0.0,9.87850726232864e-05,298.210205078125,303.1499938964844,285.1499938964844,0.0,-0.0,285.1424560546875,0.0,0.0,7.296238618437201e-05,297.6784973144531,303.1499938964844,285.1499938964844,0.0,-0.0,285.1392517089844,0.0,0.0,9.878499986371024e-05,298.04461669921875,303.1499938964844,285.1499938964844,0.0,-0.0,285.14031982421875,0.0,0.0,0.0004685929743573,285.1337280273437,294.1499938964844,282.1400146484375,280.3125,284.9714660644531,281.9864807128906,285.0956115722656,0.0,0.0,0.0,0.0,1.0,1.0,-0.0009995382279157,5.810266046069046e-09,0.0009995324071496,-0.0142743242904543,0.0,0.0,0.0,-0.0076932059600949,60.0,-2.055985927581787,-0.0,-6.811764308167767e-08,0.0,283.35400390625,284.5365905761719,288.9228210449219,289.824462890625,293.1499938964844,293.1499938964844,278.1499938964844,0.0,18000.0,313.1499938964844,0.0,18000.0,0.0,0.0,0.0,0.0,0.0,0.0,0.0,0.0,0.0,-0.0,-0.0,-0.0,-5.5419562194307814e-21,-2.7709781097153907e-21,-2.7709781097153907e-21,0.0,0.0,-0.0,0.0,0.0,0.0,-0.0,0.0,0.0,0.0,0.0,0.0,4.0,0.0,0.0
12199920,297.8411865234375,303.1499938964844,285.1499938964844,0.0,-0.0,285.1401062011719,0.0,0.0,9.380862320540472e-05,297.7596130371094,303.1499938964844,285.1499938964844,0.0,-0.0,285.1399230957031,0.0,0.0,9.87850726232864e-05,298.210205078125,303.1499938964844,285.1499938964844,0.0,-0.0,285.1424560546875,0.0,0.0,7.296238618437201e-05,297.6784973144531,303.1499938964844,285.1499938964844,0.0,-0.0,285.1392517089844,0.0,0.0,9.878499986371024e-05,298.04461669921875,303.1499938964844,285.1499938964844,0.0,-0.0,285.14031982421875,0.0,0.0,0.0004685929743573,285.1337280273437,294.1499938964844,282.1400146484375,280.3125,284.9714660644531,281.9864807128906,285.0956115722656,0.0,0.0,0.0,0.0,1.0,1.0,-0.0009995382279157,5.810266046069046e-09,0.0009995324071496,-0.0142743242904543,0.0,0.0,0.0,-0.0076932059600949,60.0,-2.055985927581787,-0.0,-6.811764308167767e-08,0.0,283.35400390625,284.5365905761719,288.9228210449219,289.824462890625,293.1499938964844,293.1499938964844,278.1499938964844,0.0,18000.0,313.1499938964844,0.0,18000.0,0.0,0.0,0.0,0.0,0.0,0.0,0.0,0.0,0.0,-0.0,-0.0,-0.0,-5.5419562194307814e-21,-2.7709781097153907e-21,-2.7709781097153907e-21,0.0,0.0,-0.0,0.0,0.0,0.0,-0.0,0.0,0.0,0.0,0.0,0.0,4.0,0.0,0.0
12199980,297.8437805175781,303.1499938964844,285.1499938964844,0.0,-0.0,285.13970947265625,0.0,0.0,9.394580411026254e-05,297.75958251953125,303.1499938964844,285.1499938964844,0.0,-0.0,285.1395263671875,0.0,0.0,9.892952220980078e-05,298.2018737792969,303.1499938964844,285.1499938964844,0.0,-0.0,285.1419982910156,0.0,0.0,7.30690808268264e-05,297.6760559082031,303.1499938964844,285.1499938964844,0.0,-0.0,285.13885498046875,0.0,0.0,9.892945672618224e-05,298.0438537597656,303.1499938964844,285.1499938964844,0.0,-0.0,285.1399230957031,0.0,0.0,0.0004692781949415,285.1332702636719,294.1499938964844,282.23834228515625,280.3818664550781,284.9222717285156,282.0313415527344,285.09454345703125,0.0,0.0,0.0,0.0,1.0,1.0,-0.0010010014520958,5.981148909484091e-09,0.001000995398499,-0.0147219756618142,0.0,0.0,0.0,-0.0077779288403689,60.0,-1.996049165725708,-0.0,-6.831697874076782e-08,0.0,283.35400390625,284.5365905761719,288.9228210449219,289.824462890625,293.1499938964844,293.1499938964844,278.1499938964844,0.0,18000.0,313.1499938964844,0.0,18000.0,0.0,0.0,0.0,0.0,0.0,0.0,0.0,0.0,0.0,-0.0,-0.0,-0.0,-5.5419562194307814e-21,-2.7709781097153907e-21,-2.7709781097153907e-21,0.0,0.0,-0.0,0.0,0.0,0.0,-0.0,0.0,0.0,0.0,0.0,0.0,4.0,0.0,0.0
12200040,297.8437805175781,303.1499938964844,285.1499938964844,0.0,-0.0,285.13970947265625,0.0,0.0,9.394580411026254e-05,297.75958251953125,303.1499938964844,285.1499938964844,0.0,-0.0,285.1395263671875,0.0,0.0,9.892952220980078e-05,298.2018737792969,303.1499938964844,285.1499938964844,0.0,-0.0,285.1419982910156,0.0,0.0,7.30690808268264e-05,297.6760559082031,303.1499938964844,285.1499938964844,0.0,-0.0,285.13885498046875,0.0,0.0,9.892945672618224e-05,298.0438537597656,303.1499938964844,285.1499938964844,0.0,-0.0,285.1399230957031,0.0,0.0,0.0004692781949415,285.1332702636719,294.1499938964844,282.23834228515625,280.3818664550781,284.9222717285156,282.0313415527344,285.09454345703125,0.0,0.0,0.0,0.0,1.0,1.0,-0.0010010014520958,5.981148909484091e-09,0.001000995398499,-0.0147219756618142,0.0,0.0,0.0,-0.0077779288403689,60.0,-1.996049165725708,-0.0,-6.831697874076782e-08,0.0,283.35400390625,284.5365905761719,288.9228210449219,289.824462890625,293.1499938964844,293.1499938964844,278.1499938964844,0.0,18000.0,313.1499938964844,0.0,18000.0,0.0,0.0,0.0,0.0,0.0,0.0,0.0,0.0,0.0,-0.0,-0.0,-0.0,-5.5419562194307814e-21,-2.7709781097153907e-21,-2.7709781097153907e-21,0.0,0.0,-0.0,0.0,0.0,0.0,-0.0,0.0,0.0,0.0,0.0,0.0,4.0,0.0,0.0
12200100,297.8460998535156,303.1499938964844,285.1499938964844,0.0,-0.0,285.1395263671875,0.0,0.0,9.391526691615582e-05,297.7596130371094,303.1499938964844,285.1499938964844,0.0,-0.0,285.1393127441406,0.0,0.0,9.88973697531037e-05,298.1988525390625,303.1499938964844,285.1499938964844,0.0,-0.0,285.14178466796875,0.0,0.0,7.30453321011737e-05,297.6753845214844,303.1499938964844,285.1499938964844,0.0,-0.0,285.138671875,0.0,0.0,9.889730426948518e-05,298.04351806640625,303.1499938964844,285.1499938964844,0.0,-0.0,285.13970947265625,0.0,0.0,0.0004691256908699,285.133056640625,294.1499938964844,282.2886047363281,280.4182434082031,284.898681640625,282.05841064453125,285.093994140625,0.0,0.0,0.0,0.0,1.0,1.0,-0.0010006758384406,5.943094016913619e-09,0.0010006697848439,-0.0146222868934273,0.0,0.0,0.0,-0.0077590625733137,60.0,-1.9624285697937007,-0.0,-6.827256271435544e-08,0.0,283.35400390625,284.5365905761719,288.9228210449219,289.824462890625,293.1499938964844,293.1499938964844,278.1499938964844,0.0,18000.0,313.1499938964844,0.0,18000.0,0.0,0.0,0.0,0.0,0.0,0.0,0.0,0.0,0.0,-0.0,-0.0,-0.0,-5.5419562194307814e-21,-2.7709781097153907e-21,-2.7709781097153907e-21,0.0,0.0,-0.0,0.0,0.0,0.0,-0.0,0.0,0.0,0.0,0.0,0.0,4.0,0.0,0.0
12200160,297.848876953125,303.1499938964844,285.1499938964844,0.0,-0.0,285.1393127441406,0.0,0.0,9.390574268763884e-05,297.7596435546875,303.1499938964844,285.1499938964844,0.0,-0.0,285.1391296386719,0.0,0.0,9.888733620755374e-05,298.1964111328125,303.1499938964844,285.1499938964844,0.0,-0.0,285.1416015625,0.0,0.0,7.303791790036485e-05,297.675048828125,303.1499938964844,285.1499938964844,0.0,-0.0,285.1384582519531,0.0,0.0,9.888727072393522e-05,298.0432434082031,303.1499938964844,285.1499938964844,0.0,-0.0,285.1395263671875,0.0,0.0,0.0004690781061071,285.1328125,294.1499938964844,282.33953857421875,280.4557800292969,284.875732421875,282.087890625,285.0934143066406,0.0,0.0,0.0,0.0,1.0,1.0,-0.0010005740914493,5.931208857390402e-09,0.0010005681542679,-0.0145911518484354,0.0,0.0,0.0,-0.0077531700953841,60.0,-1.927794933319092,-0.0,-6.825869292015342e-08,0.0,283.35400390625,284.5365905761719,288.9228210449219,289.824462890625,293.1499938964844,293.1499938964844,278.1499938964844,0.0,18000.0,313.1499938964844,0.0,18000.0,0.0,0.0,0.0,0.0,0.0,0.0,0.0,0.0,0.0,-0.0,-0.0,-0.0,-5.5419562194307814e-21,-2.7709781097153907e-21,-2.7709781097153907e-21,0.0,0.0,-0.0,0.0,0.0,0.0,-0.0,0.0,0.0,0.0,0.0,0.0,4.0,0.0,0.0
12200220,297.8554077148437,303.1499938964844,285.1499938964844,0.0,-0.0,285.1389465332031,0.0,0.0,9.38792509259656e-05,297.7597961425781,303.1499938964844,285.1499938964844,0.0,-0.0,285.13873291015625,0.0,0.0,9.885944018606097e-05,298.193115234375,303.1499938964844,285.1499938964844,0.0,-0.0,285.14117431640625,0.0,0.0,7.301731238840148e-05,297.67529296875,303.1499938964844,285.1499938964844,0.0,-0.0,285.1380920410156,0.0,0.0,9.885937470244244e-05,298.0429992675781,303.1499938964844,285.1499938964844,0.0,-0.0,285.1391296386719,0.0,0.0,0.0004689457709901,285.13238525390625,294.1499938964844,282.4401550292969,280.53179931640625,284.83319091796875,282.1518249511719,285.0923156738281,0.0,0.0,0.0,0.0,1.0,1.0,-0.0010002915514633,5.8981739492480764e-09,0.0010002857306972,-0.0145046124234795,0.0,0.0,0.0,-0.007736793719232,60.0,-1.8587764501571653,-0.0,-6.822015308216578e-08,0.0,283.35400390625,284.5365905761719,288.9228210449219,289.824462890625,293.1499938964844,293.1499938964844,278.1499938964844,0.0,18000.0,313.1499938964844,0.0,18000.0,0.0,0.0,0.0,0.0,0.0,0.0,0.0,0.0,0.0,-0.0,-0.0,-0.0,-5.5419562194307814e-21,-2.7709781097153907e-21,-2.7709781097153907e-21,0.0,0.0,-0.0,0.0,0.0,0.0,-0.0,0.0,0.0,0.0,0.0,0.0,4.0,0.0,0.0
12200280,297.8556213378906,303.1499938964844,285.1499938964844,0.0,-0.0,285.138916015625,0.0,0.0,9.387845784658566e-05,297.7597961425781,303.1499938964844,285.1499938964844,0.0,-0.0,285.13873291015625,0.0,0.0,9.885860345093532e-05,298.1930236816406,303.1499938964844,285.1499938964844,0.0,-0.0,285.14117431640625,0.0,0.0,7.301670120796189e-05,297.6753234863281,303.1499938964844,285.1499938964844,0.0,-0.0,285.1380920410156,0.0,0.0,9.88585379673168e-05,298.0429992675781,303.1499938964844,285.1499938964844,0.0,-0.0,285.1391296386719,0.0,0.0,0.0004689418128691,285.13238525390625,294.1499938964844,282.4434509277344,280.53436279296875,284.83184814453125,282.1540222167969,285.09228515625,0.0,0.0,0.0,0.0,1.0,1.0,-0.0010002831695601,5.897188071202208e-09,0.0010002772323787,-0.0145020298659801,0.0,0.0,0.0,-0.0077363052405416,60.0,-1.8565013408660889,-0.0,-6.821900200293386e-08,0.0,283.35400390625,284.5365905761719,288.9228210449219,289.824462890625,293.1499938964844,293.1499938964844,278.1499938964844,0.0,18000.0,313.1499938964844,0.0,18000.0,0.0,0.0,0.0,0.0,0.0,0.0,0.0,0.0,0.0,-0.0,-0.0,-0.0,-5.5419562194307814e-21,-2.7709781097153907e-21,-2.7709781097153907e-21,0.0,0.0,-0.0,0.0,0.0,0.0,-0.0,0.0,0.0,0.0,0.0,0.0,4.0,0.0,0.0
12200340,297.8635559082031,303.1499938964844,285.1499938964844,0.0,-0.0,285.1385192871094,0.0,0.0,9.386511374032124e-05,297.7601013183594,303.1499938964844,285.1499938964844,0.0,-0.0,285.1383361816406,0.0,0.0,9.884455357678236e-05,298.1910400390625,303.1499938964844,285.1499938964844,0.0,-0.0,285.1407470703125,0.0,0.0,7.300631841644645e-05,297.6766357421875,303.1499938964844,285.1499938964844,0.0,-0.0,285.1376953125,0.0,0.0,9.884448809316382e-05,298.0431213378906,303.1499938964844,285.1499938964844,0.0,-0.0,285.13873291015625,0.0,0.0,0.0004688751650974,285.1319274902344,294.1499938964844,282.54998779296875,280.6177062988281,284.7906188964844,282.22808837890625,285.0910949707031,0.0,0.0,0.0,0.0,1.0,1.0,-0.0010001406772062,5.880533837654411e-09,0.0010001347400248,-0.0144584011286497,0.0,0.0,0.0,-0.0077280486002564,60.0,-1.7833248376846311,-0.0,-6.819957576453818e-08,0.0,283.35400390625,284.5365905761719,288.9228210449219,289.824462890625,293.1499938964844,293.1499938964844,278.1499938964844,0.0,18000.0,313.1499938964844,0.0,18000.0,0.0,0.0,0.0,0.0,0.0,0.0,0.0,0.0,0.0,-0.0,-0.0,-0.0,-5.5419562194307814e-21,-2.7709781097153907e-21,-2.7709781097153907e-21,0.0,0.0,-0.0,0.0,0.0,0.0,-0.0,0.0,0.0,0.0,0.0,0.0,4.0,0.0,0.0
12200400,297.8635559082031,303.1499938964844,285.1499938964844,0.0,-0.0,285.1385192871094,0.0,0.0,9.386511374032124e-05,297.7601013183594,303.1499938964844,285.1499938964844,0.0,-0.0,285.1383361816406,0.0,0.0,9.884455357678236e-05,298.1910400390625,303.1499938964844,285.1499938964844,0.0,-0.0,285.1407470703125,0.0,0.0,7.300631841644645e-05,297.6766357421875,303.1499938964844,285.1499938964844,0.0,-0.0,285.1376953125,0.0,0.0,9.884448809316382e-05,298.0431213378906,303.1499938964844,285.1499938964844,0.0,-0.0,285.13873291015625,0.0,0.0,0.0004688751650974,285.1319274902344,294.1499938964844,282.54998779296875,280.6177062988281,284.7906188964844,282.22808837890625,285.0910949707031,0.0,0.0,0.0,0.0,1.0,1.0,-0.0010001406772062,5.880533837654411e-09,0.0010001347400248,-0.0144584011286497,0.0,0.0,0.0,-0.0077280486002564,60.0,-1.7833248376846311,-0.0,-6.819957576453818e-08,0.0,283.35400390625,284.5365905761719,288.9228210449219,289.824462890625,293.1499938964844,293.1499938964844,278.1499938964844,0.0,18000.0,313.1499938964844,0.0,18000.0,0.0,0.0,0.0,0.0,0.0,0.0,0.0,0.0,0.0,-0.0,-0.0,-0.0,-5.5419562194307814e-21,-2.7709781097153907e-21,-2.7709781097153907e-21,0.0,0.0,-0.0,0.0,0.0,0.0,-0.0,0.0,0.0,0.0,0.0,0.0,4.0,0.0,0.0
12200460,297.8724670410156,303.1499938964844,285.1499938964844,0.0,-0.0,285.1381530761719,0.0,0.0,9.388024773215876e-05,297.760498046875,303.1499938964844,285.1499938964844,0.0,-0.0,285.137939453125,0.0,0.0,9.88604879239574e-05,298.19000244140625,303.1499938964844,285.1499938964844,0.0,-0.0,285.14031982421875,0.0,0.0,7.301808363990858e-05,297.6788635253906,303.1499938964844,285.1499938964844,0.0,-0.0,285.1373291015625,0.0,0.0,9.886042244033888e-05,298.04364013671875,303.1499938964844,285.1499938964844,0.0,-0.0,285.1383361816406,0.0,0.0,0.0004689507768489,285.1315002441406,294.1499938964844,282.6585693359375,280.70709228515625,284.7521057128906,282.3095397949219,285.08990478515625,0.0,0.0,0.0,0.0,1.0,1.0,-0.0010003015631809,5.899363220152054e-09,0.0010002957424148,-0.0145077286288142,0.0,0.0,0.0,-0.0077373827807605,60.0,-1.7088886499404907,-0.0,-6.822153864050051e-08,0.0,283.35400390625,284.5365905761719,288.9228210449219,289.824462890625,293.1499938964844,293.1499938964844,278.1499938964844,0.0,18000.0,313.1499938964844,0.0,18000.0,0.0,0.0,0.0,0.0,0.0,0.0,0.0,0.0,0.0,-0.0,-0.0,-0.0,-5.5419562194307814e-21,-2.7709781097153907e-21,-2.7709781097153907e-21,0.0,0.0,-0.0,0.0,0.0,0.0,-0.0,0.0,0.0,0.0,0.0,0.0,4.0,0.0,0.0
12200520,297.8724670410156,303.1499938964844,285.1499938964844,0.0,-0.0,285.1381530761719,0.0,0.0,9.388024773215876e-05,297.760498046875,303.1499938964844,285.1499938964844,0.0,-0.0,285.137939453125,0.0,0.0,9.88604879239574e-05,298.19000244140625,303.1499938964844,285.1499938964844,0.0,-0.0,285.14031982421875,0.0,0.0,7.301808363990858e-05,297.6788635253906,303.1499938964844,285.1499938964844,0.0,-0.0,285.1373291015625,0.0,0.0,9.886042244033888e-05,298.04364013671875,303.1499938964844,285.1499938964844,0.0,-0.0,285.1383361816406,0.0,0.0,0.0004689507768489,285.1315002441406,294.1499938964844,282.6585693359375,280.70709228515625,284.7521057128906,282.3095397949219,285.08990478515625,0.0,0.0,0.0,0.0,1.0,1.0,-0.0010003015631809,5.899363220152054e-09,0.0010002957424148,-0.0145077286288142,0.0,0.0,0.0,-0.0077373827807605,60.0,-1.7088886499404907,-0.0,-6.822153864050051e-08,0.0,283.35400390625,284.5365905761719,288.9228210449219,289.824462890625,293.1499938964844,293.1499938964844,278.1499938964844,0.0,18000.0,313.1499938964844,0.0,18000.0,0.0,0.0,0.0,0.0,0.0,0.0,0.0,0.0,0.0,-0.0,-0.0,-0.0,-5.5419562194307814e-21,-2.7709781097153907e-21,-2.7709781097153907e-21,0.0,0.0,-0.0,0.0,0.0,0.0,-0.0,0.0,0.0,0.0,0.0,0.0,4.0,0.0,0.0
12200580,297.8821105957031,303.1499938964844,285.1499938964844,0.0,-0.0,285.13775634765625,0.0,0.0,9.391348430654034e-05,297.760986328125,303.1499938964844,285.1499938964844,0.0,-0.0,285.1375732421875,0.0,0.0,9.889548528008164e-05,298.1896667480469,303.1499938964844,285.1499938964844,0.0,-0.0,285.139892578125,0.0,0.0,7.304393511731178e-05,297.6817626953125,303.1499938964844,285.1499938964844,0.0,-0.0,285.1369323730469,0.0,0.0,9.889542707242072e-05,298.04449462890625,303.1499938964844,285.1499938964844,0.0,-0.0,285.137939453125,0.0,0.0,0.0004691168142016,285.13104248046875,294.1499938964844,282.7686462402344,280.8034362792969,284.7160949707031,282.3971862792969,285.0887145996094,0.0,0.0,0.0,0.0,1.0,1.0,-0.0010006554657593,5.940745229082722e-09,0.0010006495285779,-0.0146161336451768,0.0,0.0,0.0,-0.0077578970231115,60.0,-1.6336697340011597,-0.0,-6.826982001939541e-08,0.0,283.35400390625,284.5365905761719,288.9228210449219,289.824462890625,293.1499938964844,293.1499938964844,278.1499938964844,0.0,18000.0,313.1499938964844,0.0,18000.0,0.0,0.0,0.0,0.0,0.0,0.0,0.0,0.0,0.0,-0.0,-0.0,-0.0,-5.5419562194307814e-21,-2.7709781097153907e-21,-2.7709781097153907e-21,0.0,0.0,-0.0,0.0,0.0,0.0,-0.0,0.0,0.0,0.0,0.0,0.0,4.0,0.0,0.0
12200640,297.8821105957031,303.1499938964844,285.1499938964844,0.0,-0.0,285.13775634765625,0.0,0.0,9.391348430654034e-05,297.760986328125,303.1499938964844,285.1499938964844,0.0,-0.0,285.1375732421875,0.0,0.0,9.889548528008164e-05,298.1896667480469,303.1499938964844,285.1499938964844,0.0,-0.0,285.139892578125,0.0,0.0,7.304393511731178e-05,297.6817626953125,303.1499938964844,285.1499938964844,0.0,-0.0,285.1369323730469,0.0,0.0,9.889542707242072e-05,298.04449462890625,303.1499938964844,285.1499938964844,0.0,-0.0,285.137939453125,0.0,0.0,0.0004691168142016,285.13104248046875,294.1499938964844,282.7686462402344,280.8034362792969,284.7160949707031,282.3971862792969,285.0887145996094,0.0,0.0,0.0,0.0,1.0,1.0,-0.0010006554657593,5.940745229082722e-09,0.0010006495285779,-0.0146161336451768,0.0,0.0,0.0,-0.0077578970231115,60.0,-1.6336697340011597,-0.0,-6.826982001939541e-08,0.0,283.35400390625,284.5365905761719,288.9228210449219,289.824462890625,293.1499938964844,293.1499938964844,278.1499938964844,0.0,18000.0,313.1499938964844,0.0,18000.0,0.0,0.0,0.0,0.0,0.0,0.0,0.0,0.0,0.0,-0.0,-0.0,-0.0,-5.5419562194307814e-21,-2.7709781097153907e-21,-2.7709781097153907e-21,0.0,0.0,-0.0,0.0,0.0,0.0,-0.0,0.0,0.0,0.0,0.0,0.0,4.0,0.0,0.0
12200700,297.8872375488281,303.1499938964844,285.1499938964844,0.0,-0.0,285.1375427246094,0.0,0.0,9.392986248712988e-05,297.7612609863281,303.1499938964844,285.1499938964844,0.0,-0.0,285.1373596191406,0.0,0.0,9.891273657558486e-05,298.1897888183594,303.1499938964844,285.1499938964844,0.0,-0.0,285.13970947265625,0.0,0.0,7.305667531909421e-05,297.6834411621094,303.1499938964844,285.1499938964844,0.0,-0.0,285.1367492675781,0.0,0.0,9.891267109196632e-05,298.0450439453125,303.1499938964844,285.1499938964844,0.0,-0.0,285.1377258300781,0.0,0.0,0.0004691986250691,285.1308288574219,294.1499938964844,282.8242492675781,280.8540954589844,284.6991271972656,282.4433288574219,285.0881042480469,0.0,0.0,0.0,0.0,1.0,1.0,-0.0010008299723267,5.961141358312716e-09,0.0010008240351453,-0.0146695636212825,0.0,0.0,0.0,-0.0077680083923041,60.0,-1.595677614212036,-0.0,-6.829362320104337e-08,0.0,283.35400390625,284.5365905761719,288.9228210449219,289.824462890625,293.1499938964844,293.1499938964844,278.1499938964844,0.0,18000.0,313.1499938964844,0.0,18000.0,0.0,0.0,0.0,0.0,0.0,0.0,0.0,0.0,0.0,-0.0,-0.0,-0.0,-5.5419562194307814e-21,-2.7709781097153907e-21,-2.7709781097153907e-21,0.0,0.0,-0.0,0.0,0.0,0.0,-0.0,0.0,0.0,0.0,0.0,0.0,4.0,0.0,0.0
12200760,297.8925476074219,303.1499938964844,285.1499938964844,0.0,-0.0,285.1373596191406,0.0,0.0,9.39588135224767e-05,297.7615661621094,303.1499938964844,285.1499938964844,0.0,-0.0,285.1371765136719,0.0,0.0,9.894321556203069e-05,298.1900939941406,303.1499938964844,285.1499938964844,0.0,-0.0,285.1394958496094,0.0,0.0,7.30791871319525e-05,297.68524169921875,303.1499938964844,285.1499938964844,0.0,-0.0,285.1365661621094,0.0,0.0,9.894315735436976e-05,298.045654296875,303.1499938964844,285.1499938964844,0.0,-0.0,285.1375427246094,0.0,0.0,0.0004693432128988,285.130615234375,294.1499938964844,282.8802185058594,280.9063415527344,284.68280029296875,282.4907531738281,285.0874938964844,0.0,0.0,0.0,0.0,1.0,1.0,-0.0010011381236836,5.9971907440115055e-09,0.0010011320700868,-0.0147640006616711,0.0,0.0,0.0,-0.0077858790755271,60.0,-1.557489991188049,-0.0,-6.83357015418551e-08,0.0,283.35400390625,284.5365905761719,288.9228210449219,289.824462890625,293.1499938964844,293.1499938964844,278.1499938964844,0.0,18000.0,313.1499938964844,0.0,18000.0,0.0,0.0,0.0,0.0,0.0,0.0,0.0,0.0,0.0,-0.0,-0.0,-0.0,-5.5419562194307814e-21,-2.7709781097153907e-21,-2.7709781097153907e-21,0.0,0.0,-0.0,0.0,0.0,0.0,-0.0,0.0,0.0,0.0,0.0,0.0,4.0,0.0,0.0
12200820,297.9039306640625,303.1499938964844,285.1499938964844,0.0,-0.0,285.136962890625,0.0,0.0,9.378977119922638e-05,297.7624816894531,303.1499938964844,285.1499938964844,0.0,-0.0,285.1368103027344,0.0,0.0,9.876520925899968e-05,298.1918029785156,303.1499938964844,285.1499938964844,0.0,-0.0,285.1390686035156,0.0,0.0,7.29477105778642e-05,297.6893310546875,303.1499938964844,285.1499938964844,0.0,-0.0,285.1361999511719,0.0,0.0,9.876515105133876e-05,298.047119140625,303.1499938964844,285.1499938964844,0.0,-0.0,285.1371459960937,0.0,0.0,0.0004684988525696,285.13018798828125,294.1499938964844,282.9933166503906,281.0154113769531,284.6519775390625,282.5875549316406,285.0862731933594,0.0,0.0,0.0,0.0,1.0,1.0,-0.0009993384592235,5.786559231779621e-09,0.0009993326384574,-0.0142122181132435,0.0,0.0,0.0,-0.007681468501687,60.0,-1.4792213439941406,-0.0,-6.809001007468396e-08,0.0,283.35400390625,284.5365905761719,288.9228210449219,289.824462890625,293.1499938964844,293.1499938964844,278.1499938964844,0.0,18000.0,313.1499938964844,0.0,18000.0,0.0,0.0,0.0,0.0,0.0,0.0,0.0,0.0,0.0,-0.0,-0.0,-0.0,-5.5419562194307814e-21,-2.7709781097153907e-21,-2.7709781097153907e-21,0.0,0.0,-0.0,0.0,0.0,0.0,-0.0,0.0,0.0,0.0,0.0,0.0,4.0,0.0,0.0
12200880,297.9039306640625,303.1499938964844,285.1499938964844,0.0,-0.0,285.136962890625,0.0,0.0,9.378977119922638e-05,297.7624816894531,303.1499938964844,285.1499938964844,0.0,-0.0,285.1368103027344,0.0,0.0,9.876520925899968e-05,298.1918029785156,303.1499938964844,285.1499938964844,0.0,-0.0,285.1390686035156,0.0,0.0,7.29477105778642e-05,297.6893310546875,303.1499938964844,285.1499938964844,0.0,-0.0,285.1361999511719,0.0,0.0,9.876515105133876e-05,298.047119140625,303.1499938964844,285.1499938964844,0.0,-0.0,285.1371459960937,0.0,0.0,0.0004684988525696,285.13018798828125,294.1499938964844,282.9933166503906,281.0154113769531,284.6519775390625,282.5875549316406,285.0862731933594,0.0,0.0,0.0,0.0,1.0,1.0,-0.0009993384592235,5.786559231779621e-09,0.0009993326384574,-0.0142122181132435,0.0,0.0,0.0,-0.007681468501687,60.0,-1.4792213439941406,-0.0,-6.809001007468396e-08,0.0,283.35400390625,284.5365905761719,288.9228210449219,289.824462890625,293.1499938964844,293.1499938964844,278.1499938964844,0.0,18000.0,313.1499938964844,0.0,18000.0,0.0,0.0,0.0,0.0,0.0,0.0,0.0,0.0,0.0,-0.0,-0.0,-0.0,-5.5419562194307814e-21,-2.7709781097153907e-21,-2.7709781097153907e-21,0.0,0.0,-0.0,0.0,0.0,0.0,-0.0,0.0,0.0,0.0,0.0,0.0,4.0,0.0,0.0
12200940,297.91729736328125,303.1499938964844,285.1499938964844,0.0,-0.0,285.1365966796875,0.0,0.0,9.33150586206466e-05,297.7646789550781,303.1499938964844,285.1499938964844,0.0,-0.0,285.13641357421875,0.0,0.0,9.82653145911172e-05,298.1959533691406,303.1499938964844,285.1499938964844,0.0,-0.0,285.138671875,0.0,0.0,7.257849210873246e-05,297.694580078125,303.1499938964844,285.1499938964844,0.0,-0.0,285.13580322265625,0.0,0.0,9.826525638345628e-05,298.0489501953125,303.1499938964844,285.1499938964844,0.0,-0.0,285.13677978515625,0.0,0.0,0.0004661275597754,285.1297607421875,294.1499938964844,283.10791015625,281.1302490234375,284.62384033203125,282.6797180175781,285.08502197265625,0.0,0.0,0.0,0.0,1.0,1.0,-0.0009942802134901,5.195090579945827e-09,0.0009942749748006,-0.0126627078279852,0.0,0.0,0.0,-0.0073882518336176,60.0,-1.3953697681427002,-0.0,-6.740246050185307e-08,0.0,283.35400390625,284.5365905761719,288.9228210449219,289.824462890625,293.1499938964844,293.1499938964844,278.1499938964844,0.0,18000.0,313.1499938964844,0.0,18000.0,0.0,0.0,0.0,0.0,0.0,0.0,0.0,0.0,0.0,-0.0,-0.0,-0.0,-5.5419562194307814e-21,-2.7709781097153907e-21,-2.7709781097153907e-21,0.0,0.0,-0.0,0.0,0.0,0.0,-0.0,0.0,0.0,0.0,0.0,0.0,4.0,0.0,0.0
12201000,297.91729736328125,303.1499938964844,285.1499938964844,0.0,-0.0,285.1365966796875,0.0,0.0,9.33150586206466e-05,297.7646789550781,303.1499938964844,285.1499938964844,0.0,-0.0,285.13641357421875,0.0,0.0,9.82653145911172e-05,298.1959533691406,303.1499938964844,285.1499938964844,0.0,-0.0,285.138671875,0.0,0.0,7.257849210873246e-05,297.694580078125,303.1499938964844,285.1499938964844,0.0,-0.0,285.13580322265625,0.0,0.0,9.826525638345628e-05,298.0489501953125,303.1499938964844,285.1499938964844,0.0,-0.0,285.13677978515625,0.0,0.0,0.0004661275597754,285.1297607421875,294.1499938964844,283.10791015625,281.1302490234375,284.62384033203125,282.6797180175781,285.08502197265625,0.0,0.0,0.0,0.0,1.0,1.0,-0.0009942802134901,5.195090579945827e-09,0.0009942749748006,-0.0126627078279852,0.0,0.0,0.0,-0.0073882518336176,60.0,-1.3953697681427002,-0.0,-6.740246050185307e-08,0.0,283.35400390625,284.5365905761719,288.9228210449219,289.824462890625,293.1499938964844,293.1499938964844,278.1499938964844,0.0,18000.0,313.1499938964844,0.0,18000.0,0.0,0.0,0.0,0.0,0.0,0.0,0.0,0.0,0.0,-0.0,-0.0,-0.0,-5.5419562194307814e-21,-2.7709781097153907e-21,-2.7709781097153907e-21,0.0,0.0,-0.0,0.0,0.0,0.0,-0.0,0.0,0.0,0.0,0.0,0.0,4.0,0.0,0.0
12201060,297.93243408203125,303.1499938964844,285.1499938964844,0.0,-0.0,285.1361999511719,0.0,0.0,9.274668991565704e-05,297.76788330078125,303.1499938964844,285.1499938964844,0.0,-0.0,285.13604736328125,0.0,0.0,9.766679431777447e-05,298.2027587890625,303.1499938964844,285.1499938964844,0.0,-0.0,285.1382751464844,0.0,0.0,7.213642675196752e-05,297.7009582519531,303.1499938964844,285.1499938964844,0.0,-0.0,285.13543701171875,0.0,0.0,9.766673611011356e-05,298.0512390136719,303.1499938964844,285.1499938964844,0.0,-0.0,285.1363830566406,0.0,0.0,0.0004632884811144,285.1293334960937,294.1499938964844,283.2240295410156,281.2504272460937,284.5982666015625,282.76483154296875,285.08380126953125,0.0,0.0,0.0,0.0,1.0,1.0,-0.0009882242884486,4.486942817294448e-09,0.0009882198646664,-0.0108074089512228,0.0,0.0,0.0,-0.0070371935144066,60.0,-1.3088458776474,-0.0,-6.658385842683856e-08,0.0,283.35400390625,284.5365905761719,288.9228210449219,289.824462890625,293.1499938964844,293.1499938964844,278.1499938964844,0.0,18000.0,313.1499938964844,0.0,18000.0,0.0,0.0,0.0,0.0,0.0,0.0,0.0,0.0,0.0,-0.0,-0.0,-0.0,-5.5419562194307814e-21,-2.7709781097153907e-21,-2.7709781097153907e-21,0.0,0.0,-0.0,0.0,0.0,0.0,-0.0,0.0,0.0,0.0,0.0,0.0,4.0,0.0,0.0
12201120,297.93243408203125,303.1499938964844,285.1499938964844,0.0,-0.0,285.1361999511719,0.0,0.0,9.274668991565704e-05,297.76788330078125,303.1499938964844,285.1499938964844,0.0,-0.0,285.13604736328125,0.0,0.0,9.766679431777447e-05,298.2027587890625,303.1499938964844,285.1499938964844,0.0,-0.0,285.1382751464844,0.0,0.0,7.213642675196752e-05,297.7009582519531,303.1499938964844,285.1499938964844,0.0,-0.0,285.13543701171875,0.0,0.0,9.766673611011356e-05,298.0512390136719,303.1499938964844,285.1499938964844,0.0,-0.0,285.1363830566406,0.0,0.0,0.0004632884811144,285.1293334960937,294.1499938964844,283.2240295410156,281.2504272460937,284.5982666015625,282.76483154296875,285.08380126953125,0.0,0.0,0.0,0.0,1.0,1.0,-0.0009882242884486,4.486942817294448e-09,0.0009882198646664,-0.0108074089512228,0.0,0.0,0.0,-0.0070371935144066,60.0,-1.3088458776474,-0.0,-6.658385842683856e-08,0.0,283.35400390625,284.5365905761719,288.9228210449219,289.824462890625,293.1499938964844,293.1499938964844,278.1499938964844,0.0,18000.0,313.1499938964844,0.0,18000.0,0.0,0.0,0.0,0.0,0.0,0.0,0.0,0.0,0.0,-0.0,-0.0,-0.0,-5.5419562194307814e-21,-2.7709781097153907e-21,-2.7709781097153907e-21,0.0,0.0,-0.0,0.0,0.0,0.0,-0.0,0.0,0.0,0.0,0.0,0.0,4.0,0.0,0.0
12201180,297.9493103027344,303.1499938964844,285.1499938964844,0.0,-0.0,285.1358337402344,0.0,0.0,9.210618009092286e-05,297.7675476074219,303.1499938964844,285.1499938964844,0.0,-0.0,285.1356506347656,0.0,0.0,9.699230577098206e-05,298.2124938964844,303.1499938964844,285.1499938964844,0.0,-0.0,285.1378479003906,0.0,0.0,7.163824193412438e-05,297.7085876464844,303.1499938964844,285.1499938964844,0.0,-0.0,285.13507080078125,0.0,0.0,9.699224756332114e-05,298.053955078125,303.1499938964844,285.1499938964844,0.0,-0.0,285.1360168457031,0.0,0.0,0.000460088980617,285.12890625,294.1499938964844,283.34161376953125,281.37554931640625,284.575439453125,282.8394775390625,285.08258056640625,0.0,0.0,0.0,0.0,1.0,1.0,-0.0009813995566219,3.688912952881651e-09,0.0009813958313316,-0.0087164938449859,0.0,0.0,0.0,-0.0066415756009519,60.0,-1.2207211256027222,-0.0,-6.566734356283632e-08,0.0,283.35400390625,284.5365905761719,288.9228210449219,289.824462890625,293.1499938964844,293.1499938964844,278.1499938964844,0.0,18000.0,313.1499938964844,0.0,18000.0,0.0,0.0,0.0,0.0,0.0,0.0,0.0,0.0,0.0,-0.0,-0.0,-0.0,-5.5419562194307814e-21,-2.7709781097153907e-21,-2.7709781097153907e-21,0.0,0.0,-0.0,0.0,0.0,0.0,-0.0,0.0,0.0,0.0,0.0,0.0,4.0,0.0,0.0
12201240,297.9493103027344,303.1499938964844,285.1499938964844,0.0,-0.0,285.1358337402344,0.0,0.0,9.210618009092286e-05,297.7675476074219,303.1499938964844,285.1499938964844,0.0,-0.0,285.1356506347656,0.0,0.0,9.699230577098206e-05,298.2124938964844,303.1499938964844,285.1499938964844,0.0,-0.0,285.1378479003906,0.0,0.0,7.163824193412438e-05,297.7085876464844,303.1499938964844,285.1499938964844,0.0,-0.0,285.13507080078125,0.0,0.0,9.699224756332114e-05,298.053955078125,303.1499938964844,285.1499938964844,0.0,-0.0,285.1360168457031,0.0,0.0,0.000460088980617,285.12890625,294.1499938964844,283.34161376953125,281.37554931640625,284.575439453125,282.8394775390625,285.08258056640625,0.0,0.0,0.0,0.0,1.0,1.0,-0.0009813995566219,3.688912952881651e-09,0.0009813958313316,-0.0087164938449859,0.0,0.0,0.0,-0.0066415756009519,60.0,-1.2207211256027222,-0.0,-6.566734356283632e-08,0.0,283.35400390625,284.5365905761719,288.9228210449219,289.824462890625,293.1499938964844,293.1499938964844,278.1499938964844,0.0,18000.0,313.1499938964844,0.0,18000.0,0.0,0.0,0.0,0.0,0.0,0.0,0.0,0.0,0.0,-0.0,-0.0,-0.0,-5.5419562194307814e-21,-2.7709781097153907e-21,-2.7709781097153907e-21,0.0,0.0,-0.0,0.0,0.0,0.0,-0.0,0.0,0.0,0.0,0.0,0.0,4.0,0.0,0.0
12201300,297.9582824707031,303.1499938964844,285.1499938964844,0.0,-0.0,285.1356506347656,0.0,0.0,9.1807174612768e-05,297.76513671875,303.1499938964844,285.1499938964844,0.0,-0.0,285.1354675292969,0.0,0.0,9.667743142927064e-05,298.21844482421875,303.1499938964844,285.1499938964844,0.0,-0.0,285.1376647949219,0.0,0.0,7.140568050090224e-05,297.7127685546875,303.1499938964844,285.1499938964844,0.0,-0.0,285.1348876953125,0.0,0.0,9.667737322160974e-05,298.05535888671875,303.1499938964844,285.1499938964844,0.0,-0.0,285.13580322265625,0.0,0.0,0.0004585953720379,285.1286926269531,294.1499938964844,283.4009704589844,281.4398498535156,284.56500244140625,282.8724060058594,285.0819702148437,0.0,0.0,0.0,0.0,1.0,1.0,-0.0009782132692635,3.316374064255001e-09,0.0009782100096344,-0.0077403662726283,0.0,0.0,0.0,-0.0064568906091153,60.0,-1.176569938659668,-0.0,-6.52416645152698e-08,0.0,283.35400390625,284.5365905761719,288.9228210449219,289.824462890625,293.1499938964844,293.1499938964844,278.1499938964844,0.0,18000.0,313.1499938964844,0.0,18000.0,0.0,0.0,0.0,0.0,0.0,0.0,0.0,0.0,0.0,-0.0,-0.0,-0.0,-5.5419562194307814e-21,-2.7709781097153907e-21,-2.7709781097153907e-21,0.0,0.0,-0.0,0.0,0.0,0.0,-0.0,0.0,0.0,0.0,0.0,0.0,4.0,0.0,0.0
12201360,297.9674987792969,303.1499938964844,285.1499938964844,0.0,-0.0,285.1354675292969,0.0,0.0,9.155939187621698e-05,297.7620849609375,303.1499938964844,285.1499938964844,0.0,-0.0,285.1352844238281,0.0,0.0,9.641650831326842e-05,298.2250671386719,303.1499938964844,285.1499938964844,0.0,-0.0,285.137451171875,0.0,0.0,7.121296221157536e-05,297.7171325683594,303.1499938964844,285.1499938964844,0.0,-0.0,285.1347045898437,0.0,0.0,9.641645010560752e-05,298.0567932128906,303.1499938964844,285.1499938964844,0.0,-0.0,285.1356201171875,0.0,0.0,0.0004573576734401,285.1285095214844,294.1499938964844,283.460693359375,281.50518798828125,284.5552062988281,282.9029541015625,285.08135986328125,0.0,0.0,0.0,0.0,1.0,1.0,-0.0009755726787261,3.007658566644977e-09,0.0009755696519277,-0.0069314525462687,0.0,0.0,0.0,-0.0063038445077836,60.0,-1.1327052116394043,-0.0,-6.488996007192327e-08,0.0,283.35400390625,284.5365905761719,288.9228210449219,289.824462890625,293.1499938964844,293.1499938964844,278.1499938964844,0.0,18000.0,313.1499938964844,0.0,18000.0,0.0,0.0,0.0,0.0,0.0,0.0,0.0,0.0,0.0,-0.0,-0.0,-0.0,-5.5419562194307814e-21,-2.7709781097153907e-21,-2.7709781097153907e-21,0.0,0.0,-0.0,0.0,0.0,0.0,-0.0,0.0,0.0,0.0,0.0,0.0,4.0,0.0,0.0
12201420,297.9862670898437,303.1499938964844,285.1499938964844,0.0,-0.0,285.13507080078125,0.0,0.0,9.132485138252378e-05,297.755126953125,303.1499938964844,285.1499938964844,0.0,-0.0,285.1349182128906,0.0,0.0,9.616952593205497e-05,298.2401733398437,303.1499938964844,285.1499938964844,0.0,-0.0,285.1370544433594,0.0,0.0,7.103053940227255e-05,297.7262268066406,303.1499938964844,285.1499938964844,0.0,-0.0,285.13433837890625,0.0,0.0,9.616946772439404e-05,298.0596618652344,303.1499938964844,285.1499938964844,0.0,-0.0,285.13525390625,0.0,0.0,0.000456186098745,285.1280822753906,294.1499938964844,283.5812683105469,281.6388854980469,284.5374755859375,282.9605407714844,285.0801696777344,0.0,0.0,0.0,0.0,1.0,1.0,-0.0009730721358209,2.715426772326168e-09,0.0009730694000609,-0.0061657191254198,0.0,0.0,0.0,-0.00615896563977,60.0,-1.0469651222229004,-0.0,-6.455791634607523e-08,0.0,283.35400390625,284.5365905761719,288.9228210449219,289.824462890625,293.1499938964844,293.1499938964844,278.1499938964844,0.0,18000.0,313.1499938964844,0.0,18000.0,0.0,0.0,0.0,0.0,0.0,0.0,0.0,0.0,0.0,-0.0,-0.0,-0.0,-5.5419562194307814e-21,-2.7709781097153907e-21,-2.7709781097153907e-21,0.0,0.0,-0.0,0.0,0.0,0.0,-0.0,0.0,0.0,0.0,0.0,0.0,4.0,0.0,0.0
12201480,297.9862670898437,303.1499938964844,285.1499938964844,0.0,-0.0,285.13507080078125,0.0,0.0,9.132485138252378e-05,297.755126953125,303.1499938964844,285.1499938964844,0.0,-0.0,285.1349182128906,0.0,0.0,9.616952593205497e-05,298.2401733398437,303.1499938964844,285.1499938964844,0.0,-0.0,285.1370544433594,0.0,0.0,7.103053940227255e-05,297.7262268066406,303.1499938964844,285.1499938964844,0.0,-0.0,285.13433837890625,0.0,0.0,9.616946772439404e-05,298.0596618652344,303.1499938964844,285.1499938964844,0.0,-0.0,285.13525390625,0.0,0.0,0.000456186098745,285.1280822753906,294.1499938964844,283.5812683105469,281.6388854980469,284.5374755859375,282.9605407714844,285.0801696777344,0.0,0.0,0.0,0.0,1.0,1.0,-0.0009730721358209,2.715426772326168e-09,0.0009730694000609,-0.0061657191254198,0.0,0.0,0.0,-0.00615896563977,60.0,-1.0469651222229004,-0.0,-6.455791634607523e-08,0.0,283.35400390625,284.5365905761719,288.9228210449219,289.824462890625,293.1499938964844,293.1499938964844,278.1499938964844,0.0,18000.0,313.1499938964844,0.0,18000.0,0.0,0.0,0.0,0.0,0.0,0.0,0.0,0.0,0.0,-0.0,-0.0,-0.0,-5.5419562194307814e-21,-2.7709781097153907e-21,-2.7709781097153907e-21,0.0,0.0,-0.0,0.0,0.0,0.0,-0.0,0.0,0.0,0.0,0.0,0.0,4.0,0.0,0.0
12201540,298.00506591796875,303.1499938964844,285.1499938964844,0.0,-0.0,285.1347045898437,0.0,0.0,9.14593692868948e-05,297.7481689453125,303.1499938964844,285.1499938964844,0.0,-0.0,285.1345520019531,0.0,0.0,9.63111815508455e-05,298.2574768066406,303.1499938964844,285.1499938964844,0.0,-0.0,285.1366577148437,0.0,0.0,7.113516767276451e-05,297.7355041503906,303.1499938964844,285.1499938964844,0.0,-0.0,285.13397216796875,0.0,0.0,9.63111233431846e-05,298.0625,303.1499938964844,285.1499938964844,0.0,-0.0,285.1348876953125,0.0,0.0,0.0004568580479826,285.127685546875,294.1499938964844,283.70330810546875,281.7762145996094,284.5221252441406,283.0233459472656,285.0789794921875,0.0,0.0,0.0,0.0,1.0,1.0,-0.0009745043353177,2.8829976184141515e-09,0.0009745014831423,-0.006604806985706,0.0,0.0,0.0,-0.0062420335598289,60.0,-0.9645588397979736,-0.0,-6.47482139015665e-08,0.0,283.35400390625,284.5365905761719,288.9228210449219,289.824462890625,293.1499938964844,293.1499938964844,278.1499938964844,0.0,18000.0,313.1499938964844,0.0,18000.0,0.0,0.0,0.0,0.0,0.0,0.0,0.0,0.0,0.0,-0.0,-0.0,-0.0,-5.5419562194307814e-21,-2.7709781097153907e-21,-2.7709781097153907e-21,0.0,0.0,-0.0,0.0,0.0,0.0,-0.0,0.0,0.0,0.0,0.0,0.0,4.0,0.0,0.0
12201600,298.00506591796875,303.1499938964844,285.1499938964844,0.0,-0.0,285.1347045898437,0.0,0.0,9.14593692868948e-05,297.7481689453125,303.1499938964844,285.1499938964844,0.0,-0.0,285.1345520019531,0.0,0.0,9.63111815508455e-05,298.2574768066406,303.1499938964844,285.1499938964844,0.0,-0.0,285.1366577148437,0.0,0.0,7.113516767276451e-05,297.7355041503906,303.1499938964844,285.1499938964844,0.0,-0.0,285.13397216796875,0.0,0.0,9.63111233431846e-05,298.0625,303.1499938964844,285.1499938964844,0.0,-0.0,285.1348876953125,0.0,0.0,0.0004568580479826,285.127685546875,294.1499938964844,283.70330810546875,281.7762145996094,284.5221252441406,283.0233459472656,285.0789794921875,0.0,0.0,0.0,0.0,1.0,1.0,-0.0009745043353177,2.8829976184141515e-09,0.0009745014831423,-0.006604806985706,0.0,0.0,0.0,-0.0062420335598289,60.0,-0.9645588397979736,-0.0,-6.47482139015665e-08,0.0,283.35400390625,284.5365905761719,288.9228210449219,289.824462890625,293.1499938964844,293.1499938964844,278.1499938964844,0.0,18000.0,313.1499938964844,0.0,18000.0,0.0,0.0,0.0,0.0,0.0,0.0,0.0,0.0,0.0,-0.0,-0.0,-0.0,-5.5419562194307814e-21,-2.7709781097153907e-21,-2.7709781097153907e-21,0.0,0.0,-0.0,0.0,0.0,0.0,-0.0,0.0,0.0,0.0,0.0,0.0,4.0,0.0,0.0
12201660,298.0245056152344,303.1499938964844,285.1499938964844,0.0,-0.0,285.13433837890625,0.0,0.0,9.162334026768804e-05,297.7425231933594,303.1499938964844,285.1499938964844,0.0,-0.0,285.1341857910156,0.0,0.0,9.648384730098768e-05,298.27593994140625,303.1499938964844,285.1499938964844,0.0,-0.0,285.1362609863281,0.0,0.0,7.12626933818683e-05,297.7450561523437,303.1499938964844,285.1499938964844,0.0,-0.0,285.13360595703125,0.0,0.0,9.648378909332678e-05,298.0653381347656,303.1499938964844,285.1499938964844,0.0,-0.0,285.1344909667969,0.0,0.0,0.0004576771170832,285.12725830078125,294.1499938964844,283.82684326171875,281.91668701171875,284.50909423828125,283.0986328125,285.07781982421875,0.0,0.0,0.0,0.0,1.0,1.0,-0.0009762520785443,3.0872602252429715e-09,0.0009762489935383,-0.0071400324814021,0.0,0.0,0.0,-0.0063432995229959,60.0,-0.8833706974983215,-0.0,-6.498056137616004e-08,0.0,283.35400390625,284.5365905761719,288.9228210449219,289.824462890625,293.1499938964844,293.1499938964844,278.1499938964844,0.0,18000.0,313.1499938964844,0.0,18000.0,0.0,0.0,0.0,0.0,0.0,0.0,0.0,0.0,0.0,-0.0,-0.0,-0.0,-5.5419562194307814e-21,-2.7709781097153907e-21,-2.7709781097153907e-21,0.0,0.0,-0.0,0.0,0.0,0.0,-0.0,0.0,0.0,0.0,0.0,0.0,4.0,0.0,0.0
12201720,298.0245056152344,303.1499938964844,285.1499938964844,0.0,-0.0,285.13433837890625,0.0,0.0,9.162334026768804e-05,297.7425231933594,303.1499938964844,285.1499938964844,0.0,-0.0,285.1341857910156,0.0,0.0,9.648384730098768e-05,298.27593994140625,303.1499938964844,285.1499938964844,0.0,-0.0,285.1362609863281,0.0,0.0,7.12626933818683e-05,297.7450561523437,303.1499938964844,285.1499938964844,0.0,-0.0,285.13360595703125,0.0,0.0,9.648378909332678e-05,298.0653381347656,303.1499938964844,285.1499938964844,0.0,-0.0,285.1344909667969,0.0,0.0,0.0004576771170832,285.12725830078125,294.1499938964844,283.82684326171875,281.91668701171875,284.50909423828125,283.0986328125,285.07781982421875,0.0,0.0,0.0,0.0,1.0,1.0,-0.0009762520785443,3.0872602252429715e-09,0.0009762489935383,-0.0071400324814021,0.0,0.0,0.0,-0.0063432995229959,60.0,-0.8833706974983215,-0.0,-6.498056137616004e-08,0.0,283.35400390625,284.5365905761719,288.9228210449219,289.824462890625,293.1499938964844,293.1499938964844,278.1499938964844,0.0,18000.0,313.1499938964844,0.0,18000.0,0.0,0.0,0.0,0.0,0.0,0.0,0.0,0.0,0.0,-0.0,-0.0,-0.0,-5.5419562194307814e-21,-2.7709781097153907e-21,-2.7709781097153907e-21,0.0,0.0,-0.0,0.0,0.0,0.0,-0.0,0.0,0.0,0.0,0.0,0.0,4.0,0.0,0.0
12201780,298.0466613769531,303.1499938964844,285.1499938964844,0.0,-0.0,285.13397216796875,0.0,0.0,9.15333948796615e-05,297.740478515625,303.1499938964844,285.1499938964844,0.0,-0.0,285.1337890625,0.0,0.0,9.638912888476624e-05,298.287841796875,303.1499938964844,285.1499938964844,0.0,-0.0,285.1358642578125,0.0,0.0,7.119274232536554e-05,297.7550048828125,303.1499938964844,285.1499938964844,0.0,-0.0,285.1332397460937,0.0,0.0,9.638907795306297e-05,298.0682678222656,303.1499938964844,285.1499938964844,0.0,-0.0,285.1341247558594,0.0,0.0,0.0004572278412524,285.1268615722656,294.1499938964844,283.95184326171875,282.0599365234375,284.4984130859375,283.1796875,285.07666015625,0.0,0.0,0.0,0.0,1.0,1.0,-0.0009752938640303,2.975179214104173e-09,0.000975290837232,-0.0068463487550616,0.0,0.0,0.0,-0.0062877377495169,60.0,-0.7997617721557617,-0.0,-6.48530189550911e-08,0.0,283.35400390625,284.5365905761719,288.9228210449219,289.824462890625,293.1499938964844,293.1499938964844,278.1499938964844,0.0,18000.0,313.1499938964844,0.0,18000.0,0.0,0.0,0.0,0.0,0.0,0.0,0.0,0.0,0.0,-0.0,-0.0,-0.0,-5.5419562194307814e-21,-2.7709781097153907e-21,-2.7709781097153907e-21,0.0,0.0,-0.0,0.0,0.0,0.0,-0.0,0.0,0.0,0.0,0.0,0.0,4.0,0.0,0.0
12201840,298.0466613769531,303.1499938964844,285.1499938964844,0.0,-0.0,285.13397216796875,0.0,0.0,9.15333948796615e-05,297.740478515625,303.1499938964844,285.1499938964844,0.0,-0.0,285.1337890625,0.0,0.0,9.638912888476624e-05,298.287841796875,303.1499938964844,285.1499938964844,0.0,-0.0,285.1358642578125,0.0,0.0,7.119274232536554e-05,297.7550048828125,303.1499938964844,285.1499938964844,0.0,-0.0,285.1332397460937,0.0,0.0,9.638907795306297e-05,298.0682678222656,303.1499938964844,285.1499938964844,0.0,-0.0,285.1341247558594,0.0,0.0,0.0004572278412524,285.1268615722656,294.1499938964844,283.95184326171875,282.0599365234375,284.4984130859375,283.1796875,285.07666015625,0.0,0.0,0.0,0.0,1.0,1.0,-0.0009752938640303,2.975179214104173e-09,0.000975290837232,-0.0068463487550616,0.0,0.0,0.0,-0.0062877377495169,60.0,-0.7997617721557617,-0.0,-6.48530189550911e-08,0.0,283.35400390625,284.5365905761719,288.9228210449219,289.824462890625,293.1499938964844,293.1499938964844,278.1499938964844,0.0,18000.0,313.1499938964844,0.0,18000.0,0.0,0.0,0.0,0.0,0.0,0.0,0.0,0.0,0.0,-0.0,-0.0,-0.0,-5.5419562194307814e-21,-2.7709781097153907e-21,-2.7709781097153907e-21,0.0,0.0,-0.0,0.0,0.0,0.0,-0.0,0.0,0.0,0.0,0.0,0.0,4.0,0.0,0.0
12201900,298.0589904785156,303.1499938964844,285.1499938964844,0.0,-0.0,285.1337890625,0.0,0.0,9.155828593065962e-05,297.740966796875,303.1499938964844,285.1499938964844,0.0,-0.0,285.13360595703125,0.0,0.0,9.641533688409254e-05,298.2916259765625,303.1499938964844,285.1499938964844,0.0,-0.0,285.1356811523437,0.0,0.0,7.121209637261927e-05,297.75982666015625,303.1499938964844,285.1499938964844,0.0,-0.0,285.133056640625,0.0,0.0,9.641528595238924e-05,298.0697631835937,303.1499938964844,285.1499938964844,0.0,-0.0,285.1339416503906,0.0,0.0,0.0004573521728161,285.12664794921875,294.1499938964844,284.014892578125,282.1324157714844,284.49395751953125,283.220947265625,285.0760803222656,0.0,0.0,0.0,0.0,1.0,1.0,-0.0009755581850185,3.006177307085522e-09,0.0009755551582202,-0.0069275731220841,0.0,0.0,0.0,-0.0063031008467078,60.0,-0.7573035359382629,-0.0,-6.48882831910669e-08,0.0,283.35400390625,284.5365905761719,288.9228210449219,289.824462890625,293.1499938964844,293.1499938964844,278.1499938964844,0.0,18000.0,313.1499938964844,0.0,18000.0,0.0,0.0,0.0,0.0,0.0,0.0,0.0,0.0,0.0,-0.0,-0.0,-0.0,-5.5419562194307814e-21,-2.7709781097153907e-21,-2.7709781097153907e-21,0.0,0.0,-0.0,0.0,0.0,0.0,-0.0,0.0,0.0,0.0,0.0,0.0,4.0,0.0,0.0
12201960,298.07232666015625,303.1499938964844,285.1499938964844,0.0,-0.0,285.13360595703125,0.0,0.0,9.129339014180005e-05,297.7427978515625,303.1499938964844,285.1499938964844,0.0,-0.0,285.1334228515625,0.0,0.0,9.613639122107998e-05,298.2945556640625,303.1499938964844,285.1499938964844,0.0,-0.0,285.1354675292969,0.0,0.0,7.100606308085844e-05,297.7645263671875,303.1499938964844,285.1499938964844,0.0,-0.0,285.13287353515625,0.0,0.0,9.613633301341906e-05,298.0712585449219,303.1499938964844,285.1499938964844,0.0,-0.0,285.1337585449219,0.0,0.0,0.0004560289671644,285.1264343261719,294.1499938964844,284.0783386230469,282.2054138183594,284.4901428222656,283.2606811523437,285.0755310058594,0.0,0.0,0.0,0.0,1.0,1.0,-0.0009727378492243,2.676141308555202e-09,0.0009727351716719,-0.0060627772472798,0.0,0.0,0.0,-0.0061394986696541,60.0,-0.7141834497451782,-0.0,-6.4513344000261e-08,0.0,283.35400390625,284.5365905761719,288.9228210449219,289.824462890625,293.1499938964844,293.1499938964844,278.1499938964844,0.0,18000.0,313.1499938964844,0.0,18000.0,0.0,0.0,0.0,0.0,0.0,0.0,0.0,0.0,0.0,-0.0,-0.0,-0.0,-5.5419562194307814e-21,-2.7709781097153907e-21,-2.7709781097153907e-21,0.0,0.0,-0.0,0.0,0.0,0.0,-0.0,0.0,0.0,0.0,0.0,0.0,4.0,0.0,0.0
12202020,298.1001892089844,303.1499938964844,285.1499938964844,0.0,-0.0,285.1332092285156,0.0,0.0,9.094808046938851e-05,297.750732421875,303.1499938964844,285.1499938964844,0.0,-0.0,285.133056640625,0.0,0.0,9.577276796335354e-05,298.29913330078125,303.1499938964844,285.1499938964844,0.0,-0.0,285.13507080078125,0.0,0.0,7.07374929334037e-05,297.7742614746094,303.1499938964844,285.1499938964844,0.0,-0.0,285.1325378417969,0.0,0.0,9.577270975569264e-05,298.0744323730469,303.1499938964844,285.1499938964844,0.0,-0.0,285.1333923339844,0.0,0.0,0.0004543040995486,285.12603759765625,294.1499938964844,284.2062683105469,282.3526916503906,284.4841613769531,283.3287658691406,285.0744323730469,0.0,0.0,0.0,0.0,1.0,1.0,-0.0009690579609014,2.245916563836658e-09,0.0009690557490102,-0.0049354382790625,0.0,0.0,0.0,-0.0059262146241962,60.0,-0.6261972784996033,-0.0,-6.402621721690593e-08,0.0,283.35400390625,284.5365905761719,288.9228210449219,289.824462890625,293.1499938964844,293.1499938964844,278.1499938964844,0.0,18000.0,313.1499938964844,0.0,18000.0,0.0,0.0,0.0,0.0,0.0,0.0,0.0,0.0,0.0,-0.0,-0.0,-0.0,-5.5419562194307814e-21,-2.7709781097153907e-21,-2.7709781097153907e-21,0.0,0.0,-0.0,0.0,0.0,0.0,-0.0,0.0,0.0,0.0,0.0,0.0,4.0,0.0,0.0
12202080,298.1001892089844,303.1499938964844,285.1499938964844,0.0,-0.0,285.1332092285156,0.0,0.0,9.094808046938851e-05,297.750732421875,303.1499938964844,285.1499938964844,0.0,-0.0,285.133056640625,0.0,0.0,9.577276796335354e-05,298.29913330078125,303.1499938964844,285.1499938964844,0.0,-0.0,285.13507080078125,0.0,0.0,7.07374929334037e-05,297.7742614746094,303.1499938964844,285.1499938964844,0.0,-0.0,285.1325378417969,0.0,0.0,9.577270975569264e-05,298.0744323730469,303.1499938964844,285.1499938964844,0.0,-0.0,285.1333923339844,0.0,0.0,0.0004543040995486,285.12603759765625,294.1499938964844,284.2062683105469,282.3526916503906,284.4841613769531,283.3287658691406,285.0744323730469,0.0,0.0,0.0,0.0,1.0,1.0,-0.0009690579609014,2.245916563836658e-09,0.0009690557490102,-0.0049354382790625,0.0,0.0,0.0,-0.0059262146241962,60.0,-0.6261972784996033,-0.0,-6.402621721690593e-08,0.0,283.35400390625,284.5365905761719,288.9228210449219,289.824462890625,293.1499938964844,293.1499938964844,278.1499938964844,0.0,18000.0,313.1499938964844,0.0,18000.0,0.0,0.0,0.0,0.0,0.0,0.0,0.0,0.0,0.0,-0.0,-0.0,-0.0,-5.5419562194307814e-21,-2.7709781097153907e-21,-2.7709781097153907e-21,0.0,0.0,-0.0,0.0,0.0,0.0,-0.0,0.0,0.0,0.0,0.0,0.0,4.0,0.0,0.0
12202140,298.1259460449219,303.1499938964844,285.1499938964844,0.0,-0.0,285.1328430175781,0.0,0.0,9.051952656591312e-05,297.76336669921875,303.1499938964844,285.1499938964844,0.0,-0.0,285.1326904296875,0.0,0.0,9.532147669233382e-05,298.3028259277344,303.1499938964844,285.1499938964844,0.0,-0.0,285.1346740722656,0.0,0.0,7.040417403914034e-05,297.7841796875,303.1499938964844,285.1499938964844,0.0,-0.0,285.1321716308594,0.0,0.0,9.532142576063052e-05,298.0780334472656,303.1499938964844,285.1499938964844,0.0,-0.0,285.13299560546875,0.0,0.0,0.0004521633964031,285.1256408691406,294.1499938964844,284.335693359375,282.50128173828125,284.4805603027344,283.38201904296875,285.0733642578125,0.0,0.0,0.0,0.0,1.0,1.0,-0.0009644916281104,1.7119778927821015e-09,0.0009644898818805,-0.0035363079514354,0.0,0.0,0.0,-0.0056615178473293,60.0,-0.5376121997833252,-0.0,-6.34242240948879e-08,0.0,283.35400390625,284.5365905761719,288.9228210449219,289.824462890625,293.1499938964844,293.1499938964844,278.1499938964844,0.0,18000.0,313.1499938964844,0.0,18000.0,0.0,0.0,0.0,0.0,0.0,0.0,0.0,0.0,0.0,-0.0,-0.0,-0.0,-5.5419562194307814e-21,-2.7709781097153907e-21,-2.7709781097153907e-21,0.0,0.0,-0.0,0.0,0.0,0.0,-0.0,0.0,0.0,0.0,0.0,0.0,4.0,0.0,0.0
12202200,298.1259460449219,303.1499938964844,285.1499938964844,0.0,-0.0,285.1328430175781,0.0,0.0,9.051952656591312e-05,297.76336669921875,303.1499938964844,285.1499938964844,0.0,-0.0,285.1326904296875,0.0,0.0,9.532147669233382e-05,298.3028259277344,303.1499938964844,285.1499938964844,0.0,-0.0,285.1346740722656,0.0,0.0,7.040417403914034e-05,297.7841796875,303.1499938964844,285.1499938964844,0.0,-0.0,285.1321716308594,0.0,0.0,9.532142576063052e-05,298.0780334472656,303.1499938964844,285.1499938964844,0.0,-0.0,285.13299560546875,0.0,0.0,0.0004521633964031,285.1256408691406,294.1499938964844,284.335693359375,282.50128173828125,284.4805603027344,283.38201904296875,285.0733642578125,0.0,0.0,0.0,0.0,1.0,1.0,-0.0009644916281104,1.7119778927821015e-09,0.0009644898818805,-0.0035363079514354,0.0,0.0,0.0,-0.0056615178473293,60.0,-0.5376121997833252,-0.0,-6.34242240948879e-08,0.0,283.35400390625,284.5365905761719,288.9228210449219,289.824462890625,293.1499938964844,293.1499938964844,278.1499938964844,0.0,18000.0,313.1499938964844,0.0,18000.0,0.0,0.0,0.0,0.0,0.0,0.0,0.0,0.0,0.0,-0.0,-0.0,-0.0,-5.5419562194307814e-21,-2.7709781097153907e-21,-2.7709781097153907e-21,0.0,0.0,-0.0,0.0,0.0,0.0,-0.0,0.0,0.0,0.0,0.0,0.0,4.0,0.0,0.0
12202260,298.146728515625,303.1499938964844,285.1499938964844,0.0,-0.0,285.1324768066406,0.0,0.0,9.02175161172636e-05,297.7797241210937,303.1499938964844,285.1499938964844,0.0,-0.0,285.13232421875,0.0,0.0,9.500343730906025e-05,298.3062744140625,303.1499938964844,285.1499938964844,0.0,-0.0,285.1343078613281,0.0,0.0,7.016926974756643e-05,297.79345703125,303.1499938964844,285.1499938964844,0.0,-0.0,285.1318054199219,0.0,0.0,9.500338637735696e-05,298.08221435546875,303.1499938964844,285.1499938964844,0.0,-0.0,285.13262939453125,0.0,0.0,0.0004506547702476,285.125244140625,294.1499938964844,284.466552734375,282.6507263183594,284.4792175292969,283.4178466796875,285.07232666015625,0.0,0.0,0.0,0.0,1.0,1.0,-0.0009612725698389,1.3356871164660331e-09,0.0009612712310627,-0.0025502650532871,0.0,0.0,0.0,-0.005474969279021,60.0,-0.44878950715065,-0.0,-6.30016785407861e-08,0.0,283.35400390625,284.5365905761719,288.9228210449219,289.824462890625,293.1499938964844,293.1499938964844,278.1499938964844,0.0,18000.0,313.1499938964844,0.0,18000.0,0.0,0.0,0.0,0.0,0.0,0.0,0.0,0.0,0.0,-0.0,-0.0,-0.0,-5.5419562194307814e-21,-2.7709781097153907e-21,-2.7709781097153907e-21,0.0,0.0,-0.0,0.0,0.0,0.0,-0.0,0.0,0.0,0.0,0.0,0.0,4.0,0.0,0.0
12202320,298.146728515625,303.1499938964844,285.1499938964844,0.0,-0.0,285.1324768066406,0.0,0.0,9.02175161172636e-05,297.7797241210937,303.1499938964844,285.1499938964844,0.0,-0.0,285.13232421875,0.0,0.0,9.500343730906025e-05,298.3062744140625,303.1499938964844,285.1499938964844,0.0,-0.0,285.1343078613281,0.0,0.0,7.016926974756643e-05,297.79345703125,303.1499938964844,285.1499938964844,0.0,-0.0,285.1318054199219,0.0,0.0,9.500338637735696e-05,298.08221435546875,303.1499938964844,285.1499938964844,0.0,-0.0,285.13262939453125,0.0,0.0,0.0004506547702476,285.125244140625,294.1499938964844,284.466552734375,282.6507263183594,284.4792175292969,283.4178466796875,285.07232666015625,0.0,0.0,0.0,0.0,1.0,1.0,-0.0009612725698389,1.3356871164660331e-09,0.0009612712310627,-0.0025502650532871,0.0,0.0,0.0,-0.005474969279021,60.0,-0.44878950715065,-0.0,-6.30016785407861e-08,0.0,283.35400390625,284.5365905761719,288.9228210449219,289.824462890625,293.1499938964844,293.1499938964844,278.1499938964844,0.0,18000.0,313.1499938964844,0.0,18000.0,0.0,0.0,0.0,0.0,0.0,0.0,0.0,0.0,0.0,-0.0,-0.0,-0.0,-5.5419562194307814e-21,-2.7709781097153907e-21,-2.7709781097153907e-21,0.0,0.0,-0.0,0.0,0.0,0.0,-0.0,0.0,0.0,0.0,0.0,0.0,4.0,0.0,0.0
12202380,298.1664428710937,303.1499938964844,285.1499938964844,0.0,-0.0,285.1321105957031,0.0,0.0,9.015967953018844e-05,297.79669189453125,303.1499938964844,285.1499938964844,0.0,-0.0,285.1319580078125,0.0,0.0,9.494253754382952e-05,298.3098449707031,303.1499938964844,285.1499938964844,0.0,-0.0,285.1339111328125,0.0,0.0,7.012428977759555e-05,297.80230712890625,303.1499938964844,285.1499938964844,0.0,-0.0,285.1314392089844,0.0,0.0,9.494248661212624e-05,298.0868530273437,303.1499938964844,285.1499938964844,0.0,-0.0,285.1322631835937,0.0,0.0,0.0004503658856265,285.12481689453125,294.1499938964844,284.598876953125,282.8005065917969,284.48016357421875,283.4464111328125,285.0713195800781,0.0,0.0,0.0,0.0,1.0,1.0,-0.0009606554522179,1.2636153234879544e-09,0.0009606541716493,-0.0023614058736711,0.0,0.0,0.0,-0.0054392362944781,60.0,-0.3605273365974426,-0.0,-6.292091114801225e-08,0.0,283.35400390625,284.5365905761719,288.9228210449219,289.824462890625,293.1499938964844,293.1499938964844,278.1499938964844,0.0,18000.0,313.1499938964844,0.0,18000.0,0.0,0.0,0.0,0.0,0.0,0.0,0.0,0.0,0.0,-0.0,-0.0,-0.0,-5.5419562194307814e-21,-2.7709781097153907e-21,-2.7709781097153907e-21,0.0,0.0,-0.0,0.0,0.0,0.0,-0.0,0.0,0.0,0.0,0.0,0.0,4.0,0.0,0.0
12202440,298.1664428710937,303.1499938964844,285.1499938964844,0.0,-0.0,285.1321105957031,0.0,0.0,9.015967953018844e-05,297.79669189453125,303.1499938964844,285.1499938964844,0.0,-0.0,285.1319580078125,0.0,0.0,9.494253754382952e-05,298.3098449707031,303.1499938964844,285.1499938964844,0.0,-0.0,285.1339111328125,0.0,0.0,7.012428977759555e-05,297.80230712890625,303.1499938964844,285.1499938964844,0.0,-0.0,285.1314392089844,0.0,0.0,9.494248661212624e-05,298.0868530273437,303.1499938964844,285.1499938964844,0.0,-0.0,285.1322631835937,0.0,0.0,0.0004503658856265,285.12481689453125,294.1499938964844,284.598876953125,282.8005065917969,284.48016357421875,283.4464111328125,285.0713195800781,0.0,0.0,0.0,0.0,1.0,1.0,-0.0009606554522179,1.2636153234879544e-09,0.0009606541716493,-0.0023614058736711,0.0,0.0,0.0,-0.0054392362944781,60.0,-0.3605273365974426,-0.0,-6.292091114801225e-08,0.0,283.35400390625,284.5365905761719,288.9228210449219,289.824462890625,293.1499938964844,293.1499938964844,278.1499938964844,0.0,18000.0,313.1499938964844,0.0,18000.0,0.0,0.0,0.0,0.0,0.0,0.0,0.0,0.0,0.0,-0.0,-0.0,-0.0,-5.5419562194307814e-21,-2.7709781097153907e-21,-2.7709781097153907e-21,0.0,0.0,-0.0,0.0,0.0,0.0,-0.0,0.0,0.0,0.0,0.0,0.0,4.0,0.0,0.0
12202500,298.1766357421875,303.1499938964844,285.1499938964844,0.0,-0.0,285.1319274902344,0.0,0.0,9.01602252270095e-05,297.8047790527344,303.1499938964844,285.1499938964844,0.0,-0.0,285.1317749023437,0.0,0.0,9.494311234448104e-05,298.31170654296875,303.1499938964844,285.1499938964844,0.0,-0.0,285.1336975097656,0.0,0.0,7.012471178313717e-05,297.8066101074219,303.1499938964844,285.1499938964844,0.0,-0.0,285.1312561035156,0.0,0.0,9.494306141277777e-05,298.0893249511719,303.1499938964844,285.1499938964844,0.0,-0.0,285.132080078125,0.0,0.0,0.0004503686213865,285.1246337890625,294.1499938964844,284.66558837890625,282.8753662109375,284.4815979003906,283.4613342285156,285.0708312988281,0.0,0.0,0.0,0.0,1.0,1.0,-0.0009606614476069,1.264289561930809e-09,0.0009606601670384,-0.0023631725925952,0.0,0.0,0.0,-0.005439571570605,60.0,-0.3163648843765259,-0.0,-6.292166432331214e-08,0.0,283.35400390625,284.5365905761719,288.9228210449219,289.824462890625,293.1499938964844,293.1499938964844,278.1499938964844,0.0,18000.0,313.1499938964844,0.0,18000.0,0.0,0.0,0.0,0.0,0.0,0.0,0.0,0.0,0.0,-0.0,-0.0,-0.0,-5.5419562194307814e-21,-2.7709781097153907e-21,-2.7709781097153907e-21,0.0,0.0,-0.0,0.0,0.0,0.0,-0.0,0.0,0.0,0.0,0.0,0.0,4.0,0.0,0.0
12202560,298.1871337890625,303.1499938964844,285.1499938964844,0.0,-0.0,285.1317443847656,0.0,0.0,9.015330579131842e-05,297.81256103515625,303.1499938964844,285.1499938964844,0.0,-0.0,285.131591796875,0.0,0.0,9.493582183495164e-05,298.3135986328125,303.1499938964844,285.1499938964844,0.0,-0.0,285.1335144042969,0.0,0.0,7.011932757450268e-05,297.8108825683594,303.1499938964844,285.1499938964844,0.0,-0.0,285.1310729980469,0.0,0.0,9.493577090324834e-05,298.0918884277344,303.1499938964844,285.1499938964844,0.0,-0.0,285.13189697265625,0.0,0.0,0.000450334046036,285.1244201660156,294.1499938964844,284.732666015625,282.9501342773437,284.48358154296875,283.4767150878906,285.0703430175781,0.0,0.0,0.0,0.0,1.0,1.0,-0.0009605876985006,1.255655024401392e-09,0.000960586417932,-0.0023405458778142,0.0,0.0,0.0,-0.0054352916777133,60.0,-0.2720580697059631,-0.0,-6.291199383667846e-08,0.0,283.35400390625,284.5365905761719,288.9228210449219,289.824462890625,293.1499938964844,293.1499938964844,278.1499938964844,0.0,18000.0,313.1499938964844,0.0,18000.0,0.0,0.0,0.0,0.0,0.0,0.0,0.0,0.0,0.0,-0.0,-0.0,-0.0,-5.5419562194307814e-21,-2.7709781097153907e-21,-2.7709781097153907e-21,0.0,0.0,-0.0,0.0,0.0,0.0,-0.0,0.0,0.0,0.0,0.0,0.0,4.0,0.0,0.0
12202620,298.2090148925781,303.1499938964844,285.1499938964844,0.0,-0.0,285.1313781738281,0.0,0.0,9.009068890009075e-05,297.8261108398437,303.1499938964844,285.1499938964844,0.0,-0.0,285.1312255859375,0.0,0.0,9.48698798310943e-05,298.31756591796875,303.1499938964844,285.1499938964844,0.0,-0.0,285.13311767578125,0.0,0.0,7.007062231423333e-05,297.8193359375,303.1499938964844,285.1499938964844,0.0,-0.0,285.1307067871094,0.0,0.0,9.48698361753486e-05,298.0970764160156,303.1499938964844,285.1499938964844,0.0,-0.0,285.13153076171875,0.0,0.0,0.0004500212380662,285.1240234375,294.1499938964844,284.8678894042969,283.0990905761719,284.4889831542969,283.5068664550781,285.0694274902344,0.0,0.0,0.0,0.0,1.0,1.0,-0.0009599204640835,1.1776215558256802e-09,0.0009599192999303,-0.0021360632963478,0.0,0.0,0.0,-0.0053966077975928,60.0,-0.1827908158302307,-0.0,-6.282460418560731e-08,0.0,283.35400390625,284.5365905761719,288.9228210449219,289.824462890625,293.1499938964844,293.1499938964844,278.1499938964844,0.0,18000.0,313.1499938964844,0.0,18000.0,0.0,0.0,0.0,0.0,0.0,0.0,0.0,0.0,0.0,-0.0,-0.0,-0.0,-5.5419562194307814e-21,-2.7709781097153907e-21,-2.7709781097153907e-21,0.0,0.0,-0.0,0.0,0.0,0.0,-0.0,0.0,0.0,0.0,0.0,0.0,4.0,0.0,0.0
12202680,298.2090148925781,303.1499938964844,285.1499938964844,0.0,-0.0,285.1313781738281,0.0,0.0,9.009068890009075e-05,297.8261108398437,303.1499938964844,285.1499938964844,0.0,-0.0,285.1312255859375,0.0,0.0,9.48698798310943e-05,298.31756591796875,303.1499938964844,285.1499938964844,0.0,-0.0,285.13311767578125,0.0,0.0,7.007062231423333e-05,297.8193359375,303.1499938964844,285.1499938964844,0.0,-0.0,285.1307067871094,0.0,0.0,9.48698361753486e-05,298.0970764160156,303.1499938964844,285.1499938964844,0.0,-0.0,285.13153076171875,0.0,0.0,0.0004500212380662,285.1240234375,294.1499938964844,284.8678894042969,283.0990905761719,284.4889831542969,283.5068664550781,285.0694274902344,0.0,0.0,0.0,0.0,1.0,1.0,-0.0009599204640835,1.1776215558256802e-09,0.0009599192999303,-0.0021360632963478,0.0,0.0,0.0,-0.0053966077975928,60.0,-0.1827908158302307,-0.0,-6.282460418560731e-08,0.0,283.35400390625,284.5365905761719,288.9228210449219,289.824462890625,293.1499938964844,293.1499938964844,278.1499938964844,0.0,18000.0,313.1499938964844,0.0,18000.0,0.0,0.0,0.0,0.0,0.0,0.0,0.0,0.0,0.0,-0.0,-0.0,-0.0,-5.5419562194307814e-21,-2.7709781097153907e-21,-2.7709781097153907e-21,0.0,0.0,-0.0,0.0,0.0,0.0,-0.0,0.0,0.0,0.0,0.0,0.0,4.0,0.0,0.0
12202740,298.23199462890625,303.1499938964844,285.1499938964844,0.0,-0.0,285.1322021484375,0.0,0.0,9.002931619761512e-05,297.837890625,303.1499938964844,285.1499938964844,0.0,-0.0,285.13201904296875,0.0,0.0,9.480525477556512e-05,298.3217163085937,303.1499938964844,285.1499938964844,0.0,-0.0,285.1339416503906,0.0,0.0,7.002289203228429e-05,297.8277587890625,303.1499938964844,285.1499938964844,0.0,-0.0,285.13153076171875,0.0,0.0,9.480521111981945e-05,298.1023864746094,303.1499938964844,285.1499938964844,0.0,-0.0,285.13232421875,0.0,0.0,0.00044971468742,285.1243896484375,294.1499938964844,285.00457763671875,283.2468566894531,284.4957275390625,283.5326232910156,285.0685119628906,0.0,0.0,0.0,0.0,1.0,1.0,-0.000738599919714,8.801282480597195e-10,0.0007385989883914,-0.0015752714825794,0.0,0.0,0.0,-0.0041494346223771,60.0,-0.0852561593055725,-0.0,-6.273901931308501e-08,0.0,283.35400390625,284.5365905761719,288.9228210449219,289.824462890625,293.1499938964844,293.1499938964844,278.1499938964844,0.0,18000.0,313.1499938964844,0.0,18000.0,0.0,0.0,0.0,0.0,0.0,0.0,0.0,0.0,0.0,-0.0,-0.0,-0.0,-5.5419562194307814e-21,-2.7709781097153907e-21,-2.7709781097153907e-21,0.0,0.0,-0.0,0.0,0.0,0.0,-0.0,0.0,0.0,0.0,0.0,0.0,4.0,0.0,0.0
12202800,298.23199462890625,303.1499938964844,285.1499938964844,0.0,-0.0,285.1322021484375,0.0,0.0,9.002931619761512e-05,297.837890625,303.1499938964844,285.1499938964844,0.0,-0.0,285.13201904296875,0.0,0.0,9.480525477556512e-05,298.3217163085937,303.1499938964844,285.1499938964844,0.0,-0.0,285.1339416503906,0.0,0.0,7.002289203228429e-05,297.8277587890625,303.1499938964844,285.1499938964844,0.0,-0.0,285.13153076171875,0.0,0.0,9.480521111981945e-05,298.1023864746094,303.1499938964844,285.1499938964844,0.0,-0.0,285.13232421875,0.0,0.0,0.00044971468742,285.1243896484375,294.1499938964844,285.00457763671875,283.2468566894531,284.4957275390625,283.5326232910156,285.0685119628906,0.0,0.0,0.0,0.0,1.0,1.0,-0.000738599919714,8.801282480597195e-10,0.0007385989883914,-0.0015752714825794,0.0,0.0,0.0,-0.0041494346223771,60.0,-0.0852561593055725,-0.0,-6.273901931308501e-08,0.0,283.35400390625,284.5365905761719,288.9228210449219,289.824462890625,293.1499938964844,293.1499938964844,278.1499938964844,0.0,18000.0,313.1499938964844,0.0,18000.0,0.0,0.0,0.0,0.0,0.0,0.0,0.0,0.0,0.0,-0.0,-0.0,-0.0,-5.5419562194307814e-21,-2.7709781097153907e-21,-2.7709781097153907e-21,0.0,0.0,-0.0,0.0,0.0,0.0,-0.0,0.0,0.0,0.0,0.0,0.0,4.0,0.0,0.0
12202860,298.25555419921875,303.1499938964844,285.1499938964844,0.0,-0.0,285.1351623535156,0.0,0.0,3.5041943192481995e-05,297.8490600585937,303.1499938964844,285.1499938964844,0.0,-0.0,285.1348876953125,0.0,0.0,3.690087396535091e-05,298.3260803222656,303.1499938964844,285.1499938964844,0.0,-0.0,285.13690185546875,0.0,0.0,2.7254880478722043e-05,297.836181640625,303.1499938964844,285.1499938964844,0.0,-0.0,285.1343688964844,0.0,0.0,3.690085577545688e-05,298.1077880859375,303.1499938964844,285.1499938964844,0.0,-0.0,285.13525390625,0.0,0.0,0.0001750416267896,285.1258239746094,294.1499938964844,285.1427001953125,283.3929443359375,284.5013427734375,283.5517272949219,285.06768798828125,0.0,0.0,0.0,0.0,1.0,1.0,-0.0004585251735989,5.522844404026728e-10,0.0004585246206261,-0.0009934403933584,0.0,0.0,0.0,-0.002569735283032,60.0,-0.0072428844869136,-0.0,-9.50486978013032e-09,0.0,283.35400390625,284.5365905761719,288.9228210449219,289.824462890625,293.1499938964844,293.1499938964844,278.1499938964844,0.0,18000.0,313.1499938964844,0.0,18000.0,0.0,0.0,0.0,0.0,0.0,0.0,0.0,0.0,0.0,-0.0,-0.0,-0.0,-5.5419562194307814e-21,-2.7709781097153907e-21,-2.7709781097153907e-21,0.0,0.0,-0.0,0.0,0.0,0.0,-0.0,0.0,0.0,0.0,0.0,0.0,4.0,0.0,0.0
12202920,298.25555419921875,303.1499938964844,285.1499938964844,0.0,-0.0,285.1351623535156,0.0,0.0,3.5041943192481995e-05,297.8490600585937,303.1499938964844,285.1499938964844,0.0,-0.0,285.1348876953125,0.0,0.0,3.690087396535091e-05,298.3260803222656,303.1499938964844,285.1499938964844,0.0,-0.0,285.13690185546875,0.0,0.0,2.7254880478722043e-05,297.836181640625,303.1499938964844,285.1499938964844,0.0,-0.0,285.1343688964844,0.0,0.0,3.690085577545688e-05,298.1077880859375,303.1499938964844,285.1499938964844,0.0,-0.0,285.13525390625,0.0,0.0,0.0001750416267896,285.1258239746094,294.1499938964844,285.1427001953125,283.3929443359375,284.5013427734375,283.5517272949219,285.06768798828125,0.0,0.0,0.0,0.0,1.0,1.0,-0.0004585251735989,5.522844404026728e-10,0.0004585246206261,-0.0009934403933584,0.0,0.0,0.0,-0.002569735283032,60.0,-0.0072428844869136,-0.0,-9.50486978013032e-09,0.0,283.35400390625,284.5365905761719,288.9228210449219,289.824462890625,293.1499938964844,293.1499938964844,278.1499938964844,0.0,18000.0,313.1499938964844,0.0,18000.0,0.0,0.0,0.0,0.0,0.0,0.0,0.0,0.0,0.0,-0.0,-0.0,-0.0,-5.5419562194307814e-21,-2.7709781097153907e-21,-2.7709781097153907e-21,0.0,0.0,-0.0,0.0,0.0,0.0,-0.0,0.0,0.0,0.0,0.0,0.0,4.0,0.0,0.0
12202980,298.2789611816406,303.1499938964844,285.1499938964844,0.0,-0.0,285.1420593261719,0.0,0.0,2.3761234842822887e-05,297.85992431640625,303.1499938964844,285.1499938964844,0.0,-0.0,285.1415710449219,0.0,0.0,2.5021738110808656e-05,298.33056640625,303.1499938964844,285.1499938964844,0.0,-0.0,285.1438293457031,0.0,0.0,1.84809832717292e-05,297.8441467285156,303.1499938964844,285.1499938964844,0.0,-0.0,285.1410827636719,0.0,0.0,2.502172537788283e-05,298.11328125,303.1499938964844,285.1499938964844,0.0,-0.0,285.14208984375,0.0,0.0,0.0001186921872431,285.13360595703125,294.1499938964844,285.2822570800781,283.5367736816406,284.5042724609375,283.5688171386719,285.06689453125,0.0,0.0,0.0,0.0,1.0,1.0,-0.0002531817008275,3.1666580468936445e-10,0.0002531813806854,-0.0005793385789729,0.0,0.0,0.0,-0.0014261004980653,60.0,0.0274698734283447,-0.0,-4.370264594655282e-09,0.0,283.35400390625,284.5365905761719,288.9228210449219,289.824462890625,293.1499938964844,293.1499938964844,278.1499938964844,0.0,18000.0,313.1499938964844,0.0,18000.0,0.0,0.0,0.0,0.0,0.0,0.0,0.0,0.0,0.0,-0.0,-0.0,-0.0,-5.5419562194307814e-21,-2.7709781097153907e-21,-2.7709781097153907e-21,0.0,0.0,-0.0,0.0,0.0,0.0,-0.0,0.0,0.0,0.0,0.0,0.0,4.0,0.0,0.0
12203040,298.2789611816406,303.1499938964844,285.1499938964844,0.0,-0.0,285.1420593261719,0.0,0.0,2.3761234842822887e-05,297.85992431640625,303.1499938964844,285.1499938964844,0.0,-0.0,285.1415710449219,0.0,0.0,2.5021738110808656e-05,298.33056640625,303.1499938964844,285.1499938964844,0.0,-0.0,285.1438293457031,0.0,0.0,1.84809832717292e-05,297.8441467285156,303.1499938964844,285.1499938964844,0.0,-0.0,285.1410827636719,0.0,0.0,2.502172537788283e-05,298.11328125,303.1499938964844,285.1499938964844,0.0,-0.0,285.14208984375,0.0,0.0,0.0001186921872431,285.13360595703125,294.1499938964844,285.2822570800781,283.5367736816406,284.5042724609375,283.5688171386719,285.06689453125,0.0,0.0,0.0,0.0,1.0,1.0,-0.0002531817008275,3.1666580468936445e-10,0.0002531813806854,-0.0005793385789729,0.0,0.0,0.0,-0.0014261004980653,60.0,0.0274698734283447,-0.0,-4.370264594655282e-09,0.0,283.35400390625,284.5365905761719,288.9228210449219,289.824462890625,293.1499938964844,293.1499938964844,278.1499938964844,0.0,18000.0,313.1499938964844,0.0,18000.0,0.0,0.0,0.0,0.0,0.0,0.0,0.0,0.0,0.0,-0.0,-0.0,-0.0,-5.5419562194307814e-21,-2.7709781097153907e-21,-2.7709781097153907e-21,0.0,0.0,-0.0,0.0,0.0,0.0,-0.0,0.0,0.0,0.0,0.0,0.0,4.0,0.0,0.0
12203100,298.2904357910156,303.1499938964844,285.1499938964844,0.0,-0.0,285.1441955566406,0.0,0.0,1.896300818771124e-05,297.8652648925781,303.1499938964844,285.1499938964844,0.0,-0.0,285.1436462402344,0.0,0.0,1.996897117351181e-05,298.3328552246094,303.1499938964844,285.1499938964844,0.0,-0.0,285.1459655761719,0.0,0.0,1.4749024558113888e-05,297.8481140136719,303.1499938964844,285.1499938964844,0.0,-0.0,285.14312744140625,0.0,0.0,1.99689602595754e-05,298.1160583496094,303.1499938964844,285.1499938964844,0.0,-0.0,285.1441955566406,0.0,0.0,9.472406964050606e-05,285.1362609863281,294.1499938964844,285.3525695800781,283.6076965332031,284.5049133300781,283.5753173828125,285.0664978027344,0.0,0.0,0.0,0.0,1.0,1.0,-0.0001942129310918,2.44864906129294e-10,0.0001942126837093,-0.0004495413741096,0.0,0.0,0.0,-0.0010951443109661,60.0,0.0338389240205287,-0.0,-2.78345457793705e-09,0.0,283.35400390625,284.5365905761719,288.9228210449219,289.824462890625,293.1499938964844,293.1499938964844,278.1499938964844,0.0,18000.0,313.1499938964844,0.0,18000.0,0.0,0.0,0.0,0.0,0.0,0.0,0.0,0.0,0.0,-0.0,-0.0,-0.0,-5.5419562194307814e-21,-2.7709781097153907e-21,-2.7709781097153907e-21,0.0,0.0,-0.0,0.0,0.0,0.0,-0.0,0.0,0.0,0.0,0.0,0.0,4.0,0.0,0.0
12203160,298.3017578125,303.1499938964844,285.1499938964844,0.0,-0.0,285.1452941894531,0.0,0.0,1.4821514923823996e-05,297.8705749511719,303.1499938964844,285.1499938964844,0.0,-0.0,285.1446838378906,0.0,0.0,1.56077767314855e-05,298.3351745605469,303.1499938964844,285.1499938964844,0.0,-0.0,285.1470642089844,0.0,0.0,1.1527858987392392e-05,297.8521423339844,303.1499938964844,285.1499938964844,0.0,-0.0,285.1441955566406,0.0,0.0,1.5607769455527887e-05,298.1188659667969,303.1499938964844,285.1499938964844,0.0,-0.0,285.145263671875,0.0,0.0,7.403647032333538e-05,285.1377258300781,294.1499938964844,285.4232482910156,283.6778259277344,284.50537109375,283.58013916015625,285.0661315917969,0.0,0.0,0.0,0.0,1.0,1.0,-0.0001579257223056,1.97525093503792e-10,0.0001579255331307,-0.0003613714652601,0.0,0.0,0.0,-0.0008895504288375,60.0,0.0366860479116439,-0.0,-1.700414808958328e-09,0.0,283.35400390625,284.5365905761719,288.9228210449219,289.824462890625,293.1499938964844,293.1499938964844,278.1499938964844,0.0,18000.0,313.1499938964844,0.0,18000.0,0.0,0.0,0.0,0.0,0.0,0.0,0.0,0.0,0.0,-0.0,-0.0,-0.0,-5.5419562194307814e-21,-2.7709781097153907e-21,-2.7709781097153907e-21,0.0,0.0,-0.0,0.0,0.0,0.0,-0.0,0.0,0.0,0.0,0.0,0.0,4.0,0.0,0.0
12203220,298.3238525390625,303.1499938964844,285.1499938964844,0.0,-0.0,285.14703369140625,0.0,0.0,1.0536434274399651e-05,297.8810119628906,303.1499938964844,285.1499938964844,0.0,-0.0,285.1463623046875,0.0,0.0,1.1095378795289434e-05,298.33984375,303.1499938964844,285.1499938964844,0.0,-0.0,285.1488037109375,0.0,0.0,8.195014743250795e-06,297.8605041503906,303.1499938964844,285.1499938964844,0.0,-0.0,285.1458740234375,0.0,0.0,1.1095373338321224e-05,298.1244812011719,303.1499938964844,285.1499938964844,0.0,-0.0,285.14697265625,0.0,0.0,5.263162893243134e-05,285.14019775390625,294.1499938964844,285.565673828125,283.8155517578125,284.5059509277344,283.586669921875,285.0654296875,0.0,0.0,0.0,0.0,1.0,1.0,-0.0001122671164921,1.40417816263394e-10,0.0001122669782489,-0.0002568939817138,0.0,0.0,0.0,-0.0006323685520328,60.0,0.0384486839175224,-0.0,-8.593242228904782e-10,0.0,283.35400390625,284.5365905761719,288.9228210449219,289.824462890625,293.1499938964844,293.1499938964844,278.1499938964844,0.0,18000.0,313.1499938964844,0.0,18000.0,0.0,0.0,0.0,0.0,0.0,0.0,0.0,0.0,0.0,-0.0,-0.0,-0.0,-5.5419562194307814e-21,-2.7709781097153907e-21,-2.7709781097153907e-21,0.0,0.0,-0.0,0.0,0.0,0.0,-0.0,0.0,0.0,0.0,0.0,0.0,4.0,0.0,0.0
12203280,298.3238525390625,303.1499938964844,285.1499938964844,0.0,-0.0,285.14703369140625,0.0,0.0,1.0536434274399651e-05,297.8810119628906,303.1499938964844,285.1499938964844,0.0,-0.0,285.1463623046875,0.0,0.0,1.1095378795289434e-05,298.33984375,303.1499938964844,285.1499938964844,0.0,-0.0,285.1488037109375,0.0,0.0,8.195014743250795e-06,297.8605041503906,303.1499938964844,285.1499938964844,0.0,-0.0,285.1458740234375,0.0,0.0,1.1095373338321224e-05,298.1244812011719,303.1499938964844,285.1499938964844,0.0,-0.0,285.14697265625,0.0,0.0,5.263162893243134e-05,285.14019775390625,294.1499938964844,285.565673828125,283.8155517578125,284.5059509277344,283.586669921875,285.0654296875,0.0,0.0,0.0,0.0,1.0,1.0,-0.0001122671164921,1.40417816263394e-10,0.0001122669782489,-0.0002568939817138,0.0,0.0,0.0,-0.0006323685520328,60.0,0.0384486839175224,-0.0,-8.593242228904782e-10,0.0,283.35400390625,284.5365905761719,288.9228210449219,289.824462890625,293.1499938964844,293.1499938964844,278.1499938964844,0.0,18000.0,313.1499938964844,0.0,18000.0,0.0,0.0,0.0,0.0,0.0,0.0,0.0,0.0,0.0,-0.0,-0.0,-0.0,-5.5419562194307814e-21,-2.7709781097153907e-21,-2.7709781097153907e-21,0.0,0.0,-0.0,0.0,0.0,0.0,-0.0,0.0,0.0,0.0,0.0,0.0,4.0,0.0,0.0
12203340,298.3459777832031,303.1499938964844,285.1499938964844,0.0,-0.0,285.14801025390625,0.0,0.0,7.393333362415433e-06,297.89141845703125,303.1499938964844,285.1499938964844,0.0,-0.0,285.1473388671875,0.0,0.0,7.785540219629183e-06,298.3446044921875,303.1499938964844,285.1499938964844,0.0,-0.0,285.1498107910156,0.0,0.0,5.7503775678924285e-06,297.8694152832031,303.1499938964844,285.1499938964844,0.0,-0.0,285.1468200683594,0.0,0.0,7.785535672155675e-06,298.13018798828125,303.1499938964844,285.1499938964844,0.0,-0.0,285.14794921875,0.0,0.0,3.693120015668683e-05,285.1416931152344,294.1499938964844,285.7095031738281,283.9493408203125,284.5062561035156,283.5906066894531,285.06475830078125,0.0,0.0,0.0,0.0,1.0,1.0,-7.877722237026319e-05,9.853036442297736e-11,7.877712050685659e-05,-0.0001802609185688,0.0,0.0,0.0,-0.0004437294555827,60.0,0.0372218713164329,-0.0,-4.2310704939652055e-10,0.0,283.35400390625,284.5365905761719,288.9228210449219,289.824462890625,293.1499938964844,293.1499938964844,278.1499938964844,0.0,18000.0,313.1499938964844,0.0,18000.0,0.0,0.0,0.0,0.0,0.0,0.0,0.0,0.0,0.0,-0.0,-0.0,-0.0,-5.5419562194307814e-21,-2.7709781097153907e-21,-2.7709781097153907e-21,0.0,0.0,-0.0,0.0,0.0,0.0,-0.0,0.0,0.0,0.0,0.0,0.0,4.0,0.0,0.0
12203400,298.3459777832031,303.1499938964844,285.1499938964844,0.0,-0.0,285.14801025390625,0.0,0.0,7.393333362415433e-06,297.89141845703125,303.1499938964844,285.1499938964844,0.0,-0.0,285.1473388671875,0.0,0.0,7.785540219629183e-06,298.3446044921875,303.1499938964844,285.1499938964844,0.0,-0.0,285.1498107910156,0.0,0.0,5.7503775678924285e-06,297.8694152832031,303.1499938964844,285.1499938964844,0.0,-0.0,285.1468200683594,0.0,0.0,7.785535672155675e-06,298.13018798828125,303.1499938964844,285.1499938964844,0.0,-0.0,285.14794921875,0.0,0.0,3.693120015668683e-05,285.1416931152344,294.1499938964844,285.7095031738281,283.9493408203125,284.5062561035156,283.5906066894531,285.06475830078125,0.0,0.0,0.0,0.0,1.0,1.0,-7.877722237026319e-05,9.853036442297736e-11,7.877712050685659e-05,-0.0001802609185688,0.0,0.0,0.0,-0.0004437294555827,60.0,0.0372218713164329,-0.0,-4.2310704939652055e-10,0.0,283.35400390625,284.5365905761719,288.9228210449219,289.824462890625,293.1499938964844,293.1499938964844,278.1499938964844,0.0,18000.0,313.1499938964844,0.0,18000.0,0.0,0.0,0.0,0.0,0.0,0.0,0.0,0.0,0.0,-0.0,-0.0,-0.0,-5.5419562194307814e-21,-2.7709781097153907e-21,-2.7709781097153907e-21,0.0,0.0,-0.0,0.0,0.0,0.0,-0.0,0.0,0.0,0.0,0.0,0.0,4.0,0.0,0.0
12203460,298.36798095703125,303.1499938964844,285.1499938964844,0.0,-0.0,285.1484375,0.0,0.0,4.334356617619051e-06,297.9019775390625,303.1499938964844,285.1499938964844,0.0,-0.0,285.1477355957031,0.0,0.0,4.56428870165837e-06,298.3495178222656,303.1499938964844,285.1499938964844,0.0,-0.0,285.1502380371094,0.0,0.0,3.3711703508743085e-06,297.8787841796875,303.1499938964844,285.1499938964844,0.0,-0.0,285.147216796875,0.0,0.0,4.564286427921616e-06,298.13604736328125,303.1499938964844,285.1499938964844,0.0,-0.0,285.1483764648437,0.0,0.0,2.165099067497067e-05,285.142333984375,294.1499938964844,285.8547668457031,284.0786437988281,284.50640869140625,283.5924072265625,285.0641174316406,0.0,0.0,0.0,0.0,1.0,1.0,-4.618361344910227e-05,5.776390130107778e-11,4.618355524144136e-05,-0.0001056788241839,0.0,0.0,0.0,-0.0002601389423944,60.0,0.0295355822890996,-0.0,-1.4541826076630568e-10,0.0,283.35400390625,284.5365905761719,288.9228210449219,289.824462890625,293.1499938964844,293.1499938964844,278.1499938964844,0.0,18000.0,313.1499938964844,0.0,18000.0,0.0,0.0,0.0,0.0,0.0,0.0,0.0,0.0,0.0,-0.0,-0.0,-0.0,-5.5419562194307814e-21,-2.7709781097153907e-21,-2.7709781097153907e-21,0.0,0.0,-0.0,0.0,0.0,0.0,-0.0,0.0,0.0,0.0,0.0,0.0,4.0,0.0,0.0
12203520,298.36798095703125,303.1499938964844,285.1499938964844,0.0,-0.0,285.1484375,0.0,0.0,4.334356617619051e-06,297.9019775390625,303.1499938964844,285.1499938964844,0.0,-0.0,285.1477355957031,0.0,0.0,4.56428870165837e-06,298.3495178222656,303.1499938964844,285.1499938964844,0.0,-0.0,285.1502380371094,0.0,0.0,3.3711703508743085e-06,297.8787841796875,303.1499938964844,285.1499938964844,0.0,-0.0,285.147216796875,0.0,0.0,4.564286427921616e-06,298.13604736328125,303.1499938964844,285.1499938964844,0.0,-0.0,285.1483764648437,0.0,0.0,2.165099067497067e-05,285.142333984375,294.1499938964844,285.8547668457031,284.0786437988281,284.50640869140625,283.5924072265625,285.0641174316406,0.0,0.0,0.0,0.0,1.0,1.0,-4.618361344910227e-05,5.776390130107778e-11,4.618355524144136e-05,-0.0001056788241839,0.0,0.0,0.0,-0.0002601389423944,60.0,0.0295355822890996,-0.0,-1.4541826076630568e-10,0.0,283.35400390625,284.5365905761719,288.9228210449219,289.824462890625,293.1499938964844,293.1499938964844,278.1499938964844,0.0,18000.0,313.1499938964844,0.0,18000.0,0.0,0.0,0.0,0.0,0.0,0.0,0.0,0.0,0.0,-0.0,-0.0,-0.0,-5.5419562194307814e-21,-2.7709781097153907e-21,-2.7709781097153907e-21,0.0,0.0,-0.0,0.0,0.0,0.0,-0.0,0.0,0.0,0.0,0.0,0.0,4.0,0.0,0.0
12203580,298.38946533203125,303.1499938964844,285.1499938964844,0.0,-0.0,285.1485595703125,0.0,0.0,2.0109775960008847e-06,297.9126892089844,303.1499938964844,285.1499938964844,0.0,-0.0,285.1478576660156,0.0,0.0,2.1176574591663666e-06,298.35455322265625,303.1499938964844,285.1499938964844,0.0,-0.0,285.1503295898437,0.0,0.0,1.5640956689821903e-06,297.8883056640625,303.1499938964844,285.1499938964844,0.0,-0.0,285.1473388671875,0.0,0.0,2.1176563222979894e-06,298.1420593261719,303.1499938964844,285.1499938964844,0.0,-0.0,285.1484680175781,0.0,0.0,1.0045240742329042e-05,285.1425170898437,294.1499938964844,286.00146484375,284.2028503417969,284.5064392089844,283.5929260253906,285.06353759765625,0.0,0.0,0.0,0.0,1.0,1.0,-2.142761695722584e-05,2.6800419522521324e-11,2.1427591491374187e-05,-4.903125227428973e-05,0.0,0.0,0.0,-0.0001206955639645,60.0,0.019248267635703,-0.0,-3.1302870018290456e-11,0.0,283.35400390625,284.5365905761719,288.9228210449219,289.824462890625,293.1499938964844,293.1499938964844,278.1499938964844,0.0,18000.0,313.1499938964844,0.0,18000.0,0.0,0.0,0.0,0.0,0.0,0.0,0.0,0.0,0.0,-0.0,-0.0,-0.0,-5.5419562194307814e-21,-2.7709781097153907e-21,-2.7709781097153907e-21,0.0,0.0,-0.0,0.0,0.0,0.0,-0.0,0.0,0.0,0.0,0.0,0.0,4.0,0.0,0.0
12203640,298.38946533203125,303.1499938964844,285.1499938964844,0.0,-0.0,285.1485595703125,0.0,0.0,2.0109775960008847e-06,297.9126892089844,303.1499938964844,285.1499938964844,0.0,-0.0,285.1478576660156,0.0,0.0,2.1176574591663666e-06,298.35455322265625,303.1499938964844,285.1499938964844,0.0,-0.0,285.1503295898437,0.0,0.0,1.5640956689821903e-06,297.8883056640625,303.1499938964844,285.1499938964844,0.0,-0.0,285.1473388671875,0.0,0.0,2.1176563222979894e-06,298.1420593261719,303.1499938964844,285.1499938964844,0.0,-0.0,285.1484680175781,0.0,0.0,1.0045240742329042e-05,285.1425170898437,294.1499938964844,286.00146484375,284.2028503417969,284.5064392089844,283.5929260253906,285.06353759765625,0.0,0.0,0.0,0.0,1.0,1.0,-2.142761695722584e-05,2.6800419522521324e-11,2.1427591491374187e-05,-4.903125227428973e-05,0.0,0.0,0.0,-0.0001206955639645,60.0,0.019248267635703,-0.0,-3.1302870018290456e-11,0.0,283.35400390625,284.5365905761719,288.9228210449219,289.824462890625,293.1499938964844,293.1499938964844,278.1499938964844,0.0,18000.0,313.1499938964844,0.0,18000.0,0.0,0.0,0.0,0.0,0.0,0.0,0.0,0.0,0.0,-0.0,-0.0,-0.0,-5.5419562194307814e-21,-2.7709781097153907e-21,-2.7709781097153907e-21,0.0,0.0,-0.0,0.0,0.0,0.0,-0.0,0.0,0.0,0.0,0.0,0.0,4.0,0.0,0.0
12203700,298.3999938964844,303.1499938964844,285.1499938964844,0.0,-0.0,285.1485595703125,0.0,0.0,1.250218474524445e-06,297.9181213378906,303.1499938964844,285.1499938964844,0.0,-0.0,285.1478576660156,0.0,0.0,1.3165409882276435e-06,298.35711669921875,303.1499938964844,285.1499938964844,0.0,-0.0,285.1503601074219,0.0,0.0,9.72393422671303e-07,297.89306640625,303.1499938964844,285.1499938964844,0.0,-0.0,285.1473388671875,0.0,0.0,1.3165403061066172e-06,298.1451416015625,303.1499938964844,285.1499938964844,0.0,-0.0,285.14849853515625,0.0,0.0,6.245095391932409e-06,285.1425476074219,294.1499938964844,286.0753479003906,284.2628479003906,284.5064392089844,283.5929870605469,285.0632629394531,0.0,0.0,0.0,0.0,1.0,1.0,-1.3321575352165382e-05,1.6661852453303538e-11,1.332155898126075e-05,-3.0482728107017465e-05,0.0,0.0,0.0,-7.50365579733625e-05,60.0,0.0144186867401003,-0.0,-1.2098779443581176e-11,0.0,283.35400390625,284.5365905761719,288.9228210449219,289.824462890625,293.1499938964844,293.1499938964844,278.1499938964844,0.0,18000.0,313.1499938964844,0.0,18000.0,0.0,0.0,0.0,0.0,0.0,0.0,0.0,0.0,0.0,-0.0,-0.0,-0.0,-5.5419562194307814e-21,-2.7709781097153907e-21,-2.7709781097153907e-21,0.0,0.0,-0.0,0.0,0.0,0.0,-0.0,0.0,0.0,0.0,0.0,0.0,4.0,0.0,0.0
12203760,298.4104309082031,303.1499938964844,285.1499938964844,0.0,-0.0,285.1485595703125,0.0,0.0,7.022837849035568e-07,297.9235534667969,303.1499938964844,285.1499938964844,0.0,-0.0,285.1478576660156,0.0,0.0,7.395390753117681e-07,298.3597106933594,303.1499938964844,285.1499938964844,0.0,-0.0,285.1503295898437,0.0,0.0,5.462214289764233e-07,297.8977966308594,303.1499938964844,285.1499938964844,0.0,-0.0,285.1473388671875,0.0,0.0,7.395386774078361e-07,298.1482849121094,303.1499938964844,285.1499938964844,0.0,-0.0,285.1484680175781,0.0,0.0,3.5080499856121605e-06,285.1425170898437,294.1499938964844,286.1495666503906,284.32135009765625,284.5064392089844,283.593017578125,285.06298828125,0.0,0.0,0.0,0.0,1.0,1.0,-7.48315142118372e-06,9.359515766582671e-12,7.483141871489352e-06,-1.7123089492088184e-05,0.0,0.0,0.0,-4.215042281430215e-05,60.0,0.0098700290545821,-0.0,-3.81764021437081e-12,0.0,283.35400390625,284.5365905761719,288.9228210449219,289.824462890625,293.1499938964844,293.1499938964844,278.1499938964844,0.0,18000.0,313.1499938964844,0.0,18000.0,0.0,0.0,0.0,0.0,0.0,0.0,0.0,0.0,0.0,-0.0,-0.0,-0.0,-5.5419562194307814e-21,-2.7709781097153907e-21,-2.7709781097153907e-21,0.0,0.0,-0.0,0.0,0.0,0.0,-0.0,0.0,0.0,0.0,0.0,0.0,4.0,0.0,0.0
12203820,298.43096923828125,303.1499938964844,285.1499938964844,0.0,-0.0,285.1485290527344,0.0,0.0,1.3187593594921054e-07,297.9342041015625,303.1499938964844,285.1499938964844,0.0,-0.0,285.1478271484375,0.0,0.0,1.3887178340610262e-07,298.3649597167969,303.1499938964844,285.1499938964844,0.0,-0.0,285.1502990722656,0.0,0.0,1.0257030425009361e-07,297.9072265625,303.1499938964844,285.1499938964844,0.0,-0.0,285.1473083496094,0.0,0.0,1.3887171235182905e-07,298.1547241210937,303.1499938964844,285.1499938964844,0.0,-0.0,285.1484375,0.0,0.0,6.587470693375508e-07,285.1424865722656,294.1499938964844,286.299072265625,284.4334716796875,284.5064392089844,283.5929870605469,285.0624694824219,0.0,0.0,0.0,0.0,1.0,1.0,-1.405194666403986e-06,1.7575391012339405e-12,1.4051928474145825e-06,-3.215393689970369e-06,0.0,0.0,0.0,-7.915048627182841e-06,60.0,0.0033225377555936,-0.0,-1.3461727934628578e-13,0.0,283.35400390625,284.5365905761719,288.9228210449219,289.824462890625,293.1499938964844,293.1499938964844,278.1499938964844,0.0,18000.0,313.1499938964844,0.0,18000.0,0.0,0.0,0.0,0.0,0.0,0.0,0.0,0.0,0.0,-0.0,-0.0,-0.0,-5.5419562194307814e-21,-2.7709781097153907e-21,-2.7709781097153907e-21,0.0,0.0,-0.0,0.0,0.0,0.0,-0.0,0.0,0.0,0.0,0.0,0.0,4.0,0.0,0.0
12203880,298.43096923828125,303.1499938964844,285.1499938964844,0.0,-0.0,285.1485290527344,0.0,0.0,1.3187593594921054e-07,297.9342041015625,303.1499938964844,285.1499938964844,0.0,-0.0,285.1478271484375,0.0,0.0,1.3887178340610262e-07,298.3649597167969,303.1499938964844,285.1499938964844,0.0,-0.0,285.1502990722656,0.0,0.0,1.0257030425009361e-07,297.9072265625,303.1499938964844,285.1499938964844,0.0,-0.0,285.1473083496094,0.0,0.0,1.3887171235182905e-07,298.1547241210937,303.1499938964844,285.1499938964844,0.0,-0.0,285.1484375,0.0,0.0,6.587470693375508e-07,285.1424865722656,294.1499938964844,286.299072265625,284.4334716796875,284.5064392089844,283.5929870605469,285.0624694824219,0.0,0.0,0.0,0.0,1.0,1.0,-1.405194666403986e-06,1.7575391012339405e-12,1.4051928474145825e-06,-3.215393689970369e-06,0.0,0.0,0.0,-7.915048627182841e-06,60.0,0.0033225377555936,-0.0,-1.3461727934628578e-13,0.0,283.35400390625,284.5365905761719,288.9228210449219,289.824462890625,293.1499938964844,293.1499938964844,278.1499938964844,0.0,18000.0,313.1499938964844,0.0,18000.0,0.0,0.0,0.0,0.0,0.0,0.0,0.0,0.0,0.0,-0.0,-0.0,-0.0,-5.5419562194307814e-21,-2.7709781097153907e-21,-2.7709781097153907e-21,0.0,0.0,-0.0,0.0,0.0,0.0,-0.0,0.0,0.0,0.0,0.0,0.0,4.0,0.0,0.0
12203940,298.45098876953125,297.1499938964844,293.1499938964844,0.0,-0.0,285.1485290527344,0.0,0.050000000745058,-3.720025842923746e-09,297.9442138671875,297.1499938964844,293.1499938964844,0.0,-0.0,285.1478271484375,0.0,0.050000000745058,-3.917368207595473e-09,298.3703918457031,297.1499938964844,293.1499938964844,0.0,-0.0,285.1502990722656,0.0,0.050000000745058,-2.893356887412324e-09,297.9165344238281,297.1499938964844,293.1499938964844,0.0,-0.0,285.1473083496094,0.0,0.050000000745058,-3.9173664312386344e-09,298.1615600585937,297.1499938964844,293.1499938964844,0.0,-0.0,285.1484375,0.0,0.050000000745058,-1.858228415585472e-08,285.1424865722656,291.1499938964844,286.45001220703125,284.5386047363281,284.5064392089844,283.5929870605469,285.0619812011719,1.0,0.1000000014901161,0.0,0.0,1.0,1.0,3.96357648924095e-08,-4.9568855964299293e-14,-3.9635715154418e-08,9.069639617109716e-08,0.0,0.0,0.0,2.232554834336043e-07,60.0,0.0007509470451623,-0.0,-1.0711778497813875e-16,1.0,283.35400390625,284.5365905761719,288.9228210449219,289.824462890625,293.1499938964844,293.1499938964844,278.1499938964844,0.0,18000.0,313.1499938964844,0.0,18000.0,0.0,0.0,0.0,0.0,0.0,0.0,0.0,0.0,0.0,-0.0,-0.0,-0.0,-5.5419562194307814e-21,-2.7709781097153907e-21,-2.7709781097153907e-21,0.0,0.0,-0.0,0.0,0.0,0.0,-0.0,0.0,0.0,0.0,0.0,0.0,4.0,0.0,0.0
12204000,298.45098876953125,297.1499938964844,293.1499938964844,0.0,-0.0,285.1485290527344,0.0,0.050000000745058,-3.720025842923746e-09,297.9442138671875,297.1499938964844,293.1499938964844,0.0,-0.0,285.1478271484375,0.0,0.050000000745058,-3.917368207595473e-09,298.3703918457031,297.1499938964844,293.1499938964844,0.0,-0.0,285.1502990722656,0.0,0.050000000745058,-2.893356887412324e-09,297.9165344238281,297.1499938964844,293.1499938964844,0.0,-0.0,285.1473083496094,0.0,0.050000000745058,-3.9173664312386344e-09,298.1615600585937,297.1499938964844,293.1499938964844,0.0,-0.0,285.1484375,0.0,0.050000000745058,-1.858228415585472e-08,285.1424865722656,291.1499938964844,286.45001220703125,284.5386047363281,284.5064392089844,283.5929870605469,285.0619812011719,1.0,0.1000000014901161,0.0,0.0,1.0,1.0,3.96357648924095e-08,-4.9568855964299293e-14,-3.9635715154418e-08,9.069639617109716e-08,0.0,0.0,0.0,2.232554834336043e-07,60.0,0.0007509470451623,-0.0,-1.0711778497813875e-16,1.0,283.35400390625,284.5365905761719,288.9228210449219,289.824462890625,293.1499938964844,293.1499938964844,278.1499938964844,0.0,18000.0,313.1499938964844,0.0,18000.0,0.0,0.0,0.0,0.0,0.0,0.0,0.0,0.0,0.0,-0.0,-0.0,-0.0,-5.5419562194307814e-21,-2.7709781097153907e-21,-2.7709781097153907e-21,0.0,0.0,-0.0,0.0,0.0,0.0,-0.0,0.0,0.0,0.0,0.0,0.0,4.0,0.0,0.0
12204060,298.4142150878906,297.1499938964844,293.1499938964844,0.0,-0.0,285.0999755859375,0.6341254711151123,0.050000000745058,0.0408409610390663,297.9183959960937,297.1499938964844,293.1499938964844,0.0,-0.0,285.0998229980469,0.6341254711151123,0.050000000745058,0.0430075041949749,298.3372802734375,297.1499938964844,293.1499938964844,0.0,-0.0,285.100341796875,0.6341254711151123,0.050000000745058,0.0317652001976966,297.89031982421875,297.1499938964844,293.1499938964844,0.0,-0.0,285.0997009277344,0.6341254711151123,0.050000000745058,0.0430075004696846,298.1331481933594,297.1499938964844,293.1499938964844,0.0,-0.0,285.0999450683594,0.6341254711151123,0.050000000745058,0.2040090262889862,285.09423828125,291.1499938964844,286.5262756347656,284.5895690917969,293.5315856933594,295.1000671386719,285.2068786621094,1.0,0.1097138077020645,0.0526830665767192,0.0526830665767192,1.0,1.0,-0.435410737991333,4.866715244133957e-05,0.4353620707988739,-0.1327349245548248,0.0,0.0,0.0,10.1770601272583,60.0,1179.23095703125,-0.0,12.278923034667969,1.0,283.35400390625,284.5365905761719,288.9228210449219,289.824462890625,293.1499938964844,293.1499938964844,278.1499938964844,0.0,18000.0,313.1499938964844,0.0,18000.0,0.0,0.0,0.0,0.0,0.0,0.0,0.0,0.0,0.0,-0.0,-0.0,-0.0,-5.5419562194307814e-21,-2.7709781097153907e-21,-2.7709781097153907e-21,0.0,0.0,-0.0,0.0,0.0,0.0,-0.0,0.0,0.0,0.0,0.0,0.0,4.0,0.0,0.0
12204120,298.3498229980469,297.1499938964844,293.1499938964844,0.0,-0.0,285.68634033203125,0.6313340067863464,0.050000000745058,0.0452359840273857,297.8694152832031,297.1499938964844,293.1499938964844,0.0,-0.0,285.6863098144531,0.6313340067863464,0.050000000745058,0.0476356707513332,298.2811584472656,297.1499938964844,293.1499938964844,0.0,-0.0,285.68634033203125,0.6313340067863464,0.050000000745058,0.0351835452020168,297.8402709960937,297.1499938964844,293.1499938964844,0.0,-0.0,285.6863098144531,0.6313340067863464,0.050000000745058,0.0476356707513332,298.07867431640625,297.1499938964844,293.1499938964844,0.0,-0.0,285.68634033203125,0.6313340067863464,0.050000000745058,0.2259631156921386,285.7749938964844,291.1499938964844,286.6034240722656,284.6410522460937,294.6849975585937,298.00390625,286.4114990234375,1.0,0.1210935786366462,0.1053661331534385,0.1053661331534385,1.0,1.0,-0.4819944500923157,0.0025046183727681,0.4794898331165313,-0.1413965821266174,0.0,0.0,0.0,12.501392364501951,60.0,2401.302490234375,-0.0,16.681230545043945,1.0,283.35400390625,284.5365905761719,288.9228210449219,289.824462890625,293.1499938964844,293.1499938964844,278.1499938964844,0.0,18000.0,313.1499938964844,0.0,18000.0,0.0,0.0,0.0,0.0,0.0,0.0,0.0,0.0,0.0,-0.0,-0.0,-0.0,-5.5419562194307814e-21,-2.7709781097153907e-21,-2.7709781097153907e-21,0.0,0.0,-0.0,0.0,0.0,0.0,-0.0,0.0,0.0,0.0,0.0,0.0,4.0,0.0,0.0
12204180,298.2769775390625,297.1499938964844,293.1499938964844,0.0,-0.0,287.7983703613281,0.5709531903266907,0.050000000745058,0.0456808730959892,297.801513671875,297.1499938964844,293.1499938964844,0.0,-0.0,287.7983703613281,0.5709531903266907,0.050000000745058,0.0481041595339775,298.2095947265625,297.1499938964844,293.1499938964844,0.0,-0.0,287.7983703613281,0.5709531903266907,0.050000000745058,0.0355295687913894,297.76922607421875,297.1499938964844,293.1499938964844,0.0,-0.0,287.7983703613281,0.5709531903266907,0.050000000745058,0.0481041595339775,297.9959411621094,297.1499938964844,293.1499938964844,0.0,-0.0,287.7983703613281,0.5709531903266907,0.050000000745058,0.2281854301691055,287.8836669921875,291.1499938964844,286.76031494140625,284.74542236328125,294.7301940917969,298.1244812011719,288.2705078125,1.0,0.1406007409095764,0.2107322663068771,0.2107322663068771,1.0,1.0,-0.4867385029792785,0.0260752756148576,0.4606631994247436,-0.1190775036811828,0.0,0.0,0.0,20.021163940429688,60.0,2348.360107421875,-0.0,23.190391540527344,1.0,283.35400390625,284.5365905761719,288.9228210449219,289.824462890625,293.1499938964844,293.1499938964844,278.1499938964844,0.0,18000.0,313.1499938964844,0.0,18000.0,0.0,0.0,0.0,0.0,0.0,0.0,0.0,0.0,0.0,-0.0,-0.0,-0.0,-5.5419562194307814e-21,-2.7709781097153907e-21,-2.7709781097153907e-21,0.0,0.0,-0.0,0.0,0.0,0.0,-0.0,0.0,0.0,0.0,0.0,0.0,4.0,0.0,0.0
12204240,298.2769775390625,297.1499938964844,293.1499938964844,0.0,-0.0,287.7983703613281,0.5709531903266907,0.050000000745058,0.0456808730959892,297.801513671875,297.1499938964844,293.1499938964844,0.0,-0.0,287.7983703613281,0.5709531903266907,0.050000000745058,0.0481041595339775,298.2095947265625,297.1499938964844,293.1499938964844,0.0,-0.0,287.7983703613281,0.5709531903266907,0.050000000745058,0.0355295687913894,297.76922607421875,297.1499938964844,293.1499938964844,0.0,-0.0,287.7983703613281,0.5709531903266907,0.050000000745058,0.0481041595339775,297.9959411621094,297.1499938964844,293.1499938964844,0.0,-0.0,287.7983703613281,0.5709531903266907,0.050000000745058,0.2281854301691055,287.8836669921875,291.1499938964844,286.76031494140625,284.74542236328125,294.7301940917969,298.1244812011719,288.2705078125,1.0,0.1406007409095764,0.2107322663068771,0.2107322663068771,1.0,1.0,-0.4867385029792785,0.0260752756148576,0.4606631994247436,-0.1190775036811828,0.0,0.0,0.0,20.021163940429688,60.0,2348.360107421875,-0.0,23.190391540527344,1.0,283.35400390625,284.5365905761719,288.9228210449219,289.824462890625,293.1499938964844,293.1499938964844,278.1499938964844,0.0,18000.0,313.1499938964844,0.0,18000.0,0.0,0.0,0.0,0.0,0.0,0.0,0.0,0.0,0.0,-0.0,-0.0,-0.0,-5.5419562194307814e-21,-2.7709781097153907e-21,-2.7709781097153907e-21,0.0,0.0,-0.0,0.0,0.0,0.0,-0.0,0.0,0.0,0.0,0.0,0.0,4.0,0.0,0.0
12204300,298.2597045898437,297.1499938964844,293.1499938964844,0.0,-0.0,288.5368347167969,0.549203097820282,0.050000000745058,0.0458181947469711,297.7801208496094,297.1499938964844,293.1499938964844,0.0,-0.0,288.5368347167969,0.549203097820282,0.050000000745058,0.0482487678527832,298.188232421875,297.1499938964844,293.1499938964844,0.0,-0.0,288.5368347167969,0.549203097820282,0.050000000745058,0.0356363765895366,297.7463073730469,297.1499938964844,293.1499938964844,0.0,-0.0,288.5368347167969,0.549203097820282,0.050000000745058,0.0482487678527832,297.9671325683594,297.1499938964844,293.1499938964844,0.0,-0.0,288.5368347167969,0.549203097820282,0.050000000745058,0.2288713753223419,288.6063537597656,291.1499938964844,286.8399353027344,284.7982177734375,294.7602233886719,298.1317443847656,288.9422912597656,1.0,0.1490057408809662,0.2634153366088867,0.2634153366088867,1.0,1.0,-0.4882020056247711,0.0398237071931362,0.4483782947063446,-0.1057508140802383,0.0,0.0,0.0,23.692323684692383,60.0,2139.724853515625,-0.0,26.3436336517334,1.0,283.35400390625,284.5365905761719,288.9228210449219,289.824462890625,293.1499938964844,293.1499938964844,278.1499938964844,0.0,18000.0,313.1499938964844,0.0,18000.0,0.0,0.0,0.0,0.0,0.0,0.0,0.0,0.0,0.0,-0.0,-0.0,-0.0,-5.5419562194307814e-21,-2.7709781097153907e-21,-2.7709781097153907e-21,0.0,0.0,-0.0,0.0,0.0,0.0,-0.0,0.0,0.0,0.0,0.0,0.0,4.0,0.0,0.0
12204360,298.2504577636719,297.1499938964844,293.1499938964844,0.0,-0.0,289.1896667480469,0.5323922038078308,0.050000000745058,0.0459497980773448,297.764892578125,297.1499938964844,293.1499938964844,0.0,-0.0,289.1896667480469,0.5323922038078308,0.050000000745058,0.0483873486518859,298.1732177734375,297.1499938964844,293.1499938964844,0.0,-0.0,289.1896667480469,0.5323922038078308,0.050000000745058,0.0357387289404869,297.7297058105469,297.1499938964844,293.1499938964844,0.0,-0.0,289.1896667480469,0.5323922038078308,0.050000000745058,0.0483873486518859,297.945068359375,297.1499938964844,293.1499938964844,0.0,-0.0,289.1896667480469,0.5323922038078308,0.050000000745058,0.2295287549495697,289.25213623046875,291.1499938964844,286.9203186035156,284.8514404296875,294.7940979003906,298.1495361328125,289.5606384277344,1.0,0.1565672308206558,0.4107322692871094,0.4107322692871094,0.997812807559967,1.0,-0.4896045625209808,0.0993415713310241,0.3902629911899566,-0.0468442551791667,0.0,0.0,0.0,27.218976974487305,60.0,1937.923583984375,-0.0,29.37508201599121,1.0,283.35400390625,284.5365905761719,288.9228210449219,289.824462890625,293.1499938964844,293.1499938964844,278.1499938964844,0.0,18000.0,313.1499938964844,0.0,18000.0,0.0,0.0,0.0,0.0,0.0,0.0,0.0,0.0,0.0,-0.0,-0.0,-0.0,-5.5419562194307814e-21,-2.7709781097153907e-21,-2.7709781097153907e-21,0.0,0.0,-0.0,0.0,0.0,0.0,-0.0,0.0,0.0,0.0,0.0,0.0,4.0,0.0,0.0
12204420,298.2486267089844,297.1499938964844,293.1499938964844,0.0,-0.0,290.3240966796875,0.5095488429069519,0.050000000745058,0.046189360320568,297.7486267089844,297.1499938964844,293.1499938964844,0.0,-0.0,290.3240966796875,0.5095488429069519,0.050000000745058,0.0486396215856075,298.15692138671875,297.1499938964844,293.1499938964844,0.0,-0.0,290.3240966796875,0.5095488429069519,0.050000000745058,0.0359250605106353,297.711181640625,297.1499938964844,293.1499938964844,0.0,-0.0,290.3240966796875,0.5095488429069519,0.050000000745058,0.0486396215856075,297.9173278808594,297.1499938964844,293.1499938964844,0.0,-0.0,290.3240966796875,0.5095488429069519,0.050000000745058,0.230725422501564,290.37286376953125,291.1499938964844,287.083251953125,284.9588623046875,293.7714233398437,298.20367431640625,290.5883178710937,1.0,0.1693880707025528,0.7053661346435547,0.7053661346435547,0.9934384226799012,1.0,-0.4921571612358093,0.2014984935522079,0.2906586825847626,0.0542526878416538,0.0,0.0,0.0,33.638404846191406,60.0,1356.40625,-0.0,34.94020462036133,1.0,283.35400390625,284.5365905761719,288.9228210449219,289.824462890625,293.1499938964844,293.1499938964844,278.1499938964844,0.0,18000.0,313.1499938964844,0.0,18000.0,0.0,0.0,0.0,0.0,0.0,0.0,0.0,0.0,0.0,-0.0,-0.0,-0.0,-5.5419562194307814e-21,-2.7709781097153907e-21,-2.7709781097153907e-21,0.0,0.0,-0.0,0.0,0.0,0.0,-0.0,0.0,0.0,0.0,0.0,0.0,4.0,0.0,0.0
12204480,298.2486267089844,297.1499938964844,293.1499938964844,0.0,-0.0,290.3240966796875,0.5095488429069519,0.050000000745058,0.046189360320568,297.7486267089844,297.1499938964844,293.1499938964844,0.0,-0.0,290.3240966796875,0.5095488429069519,0.050000000745058,0.0486396215856075,298.15692138671875,297.1499938964844,293.1499938964844,0.0,-0.0,290.3240966796875,0.5095488429069519,0.050000000745058,0.0359250605106353,297.711181640625,297.1499938964844,293.1499938964844,0.0,-0.0,290.3240966796875,0.5095488429069519,0.050000000745058,0.0486396215856075,297.9173278808594,297.1499938964844,293.1499938964844,0.0,-0.0,290.3240966796875,0.5095488429069519,0.050000000745058,0.230725422501564,290.37286376953125,291.1499938964844,287.083251953125,284.9588623046875,293.7714233398437,298.20367431640625,290.5883178710937,1.0,0.1693880707025528,0.7053661346435547,0.7053661346435547,0.9934384226799012,1.0,-0.4921571612358093,0.2014984935522079,0.2906586825847626,0.0542526878416538,0.0,0.0,0.0,33.638404846191406,60.0,1356.40625,-0.0,34.94020462036133,1.0,283.35400390625,284.5365905761719,288.9228210449219,289.824462890625,293.1499938964844,293.1499938964844,278.1499938964844,0.0,18000.0,313.1499938964844,0.0,18000.0,0.0,0.0,0.0,0.0,0.0,0.0,0.0,0.0,0.0,-0.0,-0.0,-0.0,-5.5419562194307814e-21,-2.7709781097153907e-21,-2.7709781097153907e-21,0.0,0.0,-0.0,0.0,0.0,0.0,-0.0,0.0,0.0,0.0,0.0,0.0,4.0,0.0,0.0
12204540,298.25341796875,297.1499938964844,293.1499938964844,0.0,-0.0,290.7484741210937,0.5010669231414795,0.050000000745058,0.046305738389492,297.7452087402344,297.1499938964844,293.1499938964844,0.0,-0.0,290.7484741210937,0.5010669231414795,0.050000000745058,0.048762172460556,298.153076171875,297.1499938964844,293.1499938964844,0.0,-0.0,290.7484741210937,0.5010669231414795,0.050000000745058,0.0360155738890171,297.7068176269531,297.1499938964844,293.1499938964844,0.0,-0.0,290.7484741210937,0.5010669231414795,0.050000000745058,0.048762172460556,297.9089050292969,297.1499938964844,293.1499938964844,0.0,-0.0,290.7484741210937,0.5010669231414795,0.050000000745058,0.2313067466020584,290.7821960449219,291.1499938964844,287.173828125,285.018310546875,293.4896545410156,298.2366943359375,290.9361572265625,1.0,0.1752636879682541,0.8670938611030579,0.8670938611030579,0.9910373091697692,1.0,-0.4933972060680389,0.2129065096378326,0.2804906964302063,0.0653125494718551,0.0,0.0,0.0,36.75182723999024,60.0,1040.696533203125,-0.0,37.67186737060547,1.0,283.35400390625,284.5365905761719,288.9228210449219,289.824462890625,293.1499938964844,293.1499938964844,278.1499938964844,0.0,18000.0,313.1499938964844,0.0,18000.0,0.0,0.0,0.0,0.0,0.0,0.0,0.0,0.0,0.0,-0.0,-0.0,-0.0,-5.5419562194307814e-21,-2.7709781097153907e-21,-2.7709781097153907e-21,0.0,0.0,-0.0,0.0,0.0,0.0,-0.0,0.0,0.0,0.0,0.0,0.0,4.0,0.0,0.0
12204600,298.2590026855469,297.1499938964844,293.1499938964844,0.0,-0.0,291.0233764648437,0.495449423789978,0.050000000745058,0.0463932566344738,297.7442321777344,297.1499938964844,293.1499938964844,0.0,-0.0,291.0233764648437,0.495449423789978,0.050000000745058,0.0488543361425399,298.1514892578125,297.1499938964844,293.1499938964844,0.0,-0.0,291.0233764648437,0.495449423789978,0.050000000745058,0.0360836461186409,297.70513916015625,297.1499938964844,293.1499938964844,0.0,-0.0,291.0233764648437,0.495449423789978,0.050000000745058,0.0488543361425399,297.90447998046875,297.1499938964844,293.1499938964844,0.0,-0.0,291.0233764648437,0.495449423789978,0.050000000745058,0.2317439317703247,291.0522155761719,291.1499938964844,287.2488098144531,285.0674133300781,293.4453430175781,298.24542236328125,291.1951599121094,1.0,0.1795469522476196,1.0,1.0,0.9890640377998352,1.0,-0.4943298101425171,0.2159393876791,0.2783904373645782,0.0681075155735015,0.0,0.0,0.0,39.0925407409668,60.0,884.7431030273438,-0.0,39.736106872558594,1.0,283.35400390625,284.5365905761719,288.9228210449219,289.824462890625,293.1499938964844,293.1499938964844,278.1499938964844,0.0,18000.0,313.1499938964844,0.0,18000.0,0.0,0.0,0.0,0.0,0.0,0.0,0.0,0.0,0.0,-0.0,-0.0,-0.0,-5.5419562194307814e-21,-2.7709781097153907e-21,-2.7709781097153907e-21,0.0,0.0,-0.0,0.0,0.0,0.0,-0.0,0.0,0.0,0.0,0.0,0.0,4.0,0.0,0.0
12204660,298.2754821777344,297.1499938964844,293.1499938964844,0.0,-0.0,291.5741271972656,0.4857754409313202,0.050000000745058,0.0465619824826717,297.7465209960937,297.1499938964844,293.1499938964844,0.0,-0.0,291.5741271972656,0.4857754409313202,0.050000000745058,0.0490320101380348,298.1520080566406,297.1499938964844,293.1499938964844,0.0,-0.0,291.5741271972656,0.4857754409313202,0.050000000745058,0.0362148769199848,297.7061767578125,297.1499938964844,293.1499938964844,0.0,-0.0,291.5741271972656,0.4857754409313202,0.050000000745058,0.0490320101380348,297.9010009765625,297.1499938964844,293.1499938964844,0.0,-0.0,291.5741271972656,0.4857754409313202,0.050000000745058,0.2325867414474487,291.5994567871094,290.6499938964844,287.4167175292969,285.1768493652344,293.5126342773437,298.2583312988281,291.724853515625,1.0,0.1875078976154327,1.0,1.0,0.9890978336334229,1.0,-0.4961277544498443,0.2168108522891998,0.2793168723583221,0.0685425549745559,0.0,0.0,0.0,43.60443115234375,48.0,682.2638549804688,-0.0,43.737979888916016,1.0,283.35400390625,284.5365905761719,288.9228210449219,289.824462890625,293.1499938964844,293.1499938964844,278.1499938964844,0.0,18000.0,313.1499938964844,0.0,18000.0,0.0,0.0,0.0,0.0,0.0,0.0,0.0,0.0,0.0,-0.0,-0.0,-0.0,-5.5419562194307814e-21,-2.7709781097153907e-21,-2.7709781097153907e-21,0.0,0.0,-0.0,0.0,0.0,0.0,-0.0,0.0,0.0,0.0,0.0,0.0,4.0,0.0,0.0
12204720,298.2754821777344,297.1499938964844,293.1499938964844,0.0,-0.0,291.5741271972656,0.4857754409313202,0.050000000745058,0.0465619824826717,297.7465209960937,297.1499938964844,293.1499938964844,0.0,-0.0,291.5741271972656,0.4857754409313202,0.050000000745058,0.0490320101380348,298.1520080566406,297.1499938964844,293.1499938964844,0.0,-0.0,291.5741271972656,0.4857754409313202,0.050000000745058,0.0362148769199848,297.7061767578125,297.1499938964844,293.1499938964844,0.0,-0.0,291.5741271972656,0.4857754409313202,0.050000000745058,0.0490320101380348,297.9010009765625,297.1499938964844,293.1499938964844,0.0,-0.0,291.5741271972656,0.4857754409313202,0.050000000745058,0.2325867414474487,291.5994567871094,290.6499938964844,287.4167175292969,285.1768493652344,293.5126342773437,298.2583312988281,291.724853515625,1.0,0.1875078976154327,1.0,1.0,0.9890978336334229,1.0,-0.4961277544498443,0.2168108522891998,0.2793168723583221,0.0685425549745559,0.0,0.0,0.0,43.60443115234375,48.0,682.2638549804688,-0.0,43.737979888916016,1.0,283.35400390625,284.5365905761719,288.9228210449219,289.824462890625,293.1499938964844,293.1499938964844,278.1499938964844,0.0,18000.0,313.1499938964844,0.0,18000.0,0.0,0.0,0.0,0.0,0.0,0.0,0.0,0.0,0.0,-0.0,-0.0,-0.0,-5.5419562194307814e-21,-2.7709781097153907e-21,-2.7709781097153907e-21,0.0,0.0,-0.0,0.0,0.0,0.0,-0.0,0.0,0.0,0.0,0.0,0.0,4.0,0.0,0.0
12204780,298.2950439453125,297.1499938964844,293.1499938964844,0.0,-0.0,292.0194396972656,0.4834422767162323,0.050000000745058,0.0466049946844577,297.7528991699219,297.1499938964844,293.1499938964844,0.0,-0.0,292.0194396972656,0.4834422767162323,0.050000000745058,0.0490773022174835,298.1564025878906,297.1499938964844,293.1499938964844,0.0,-0.0,292.0194396972656,0.4834422767162323,0.050000000745058,0.036248330026865,297.71160888671875,297.1499938964844,293.1499938964844,0.0,-0.0,292.0194396972656,0.4834422767162323,0.050000000745058,0.0490773022174835,297.90362548828125,297.1499938964844,293.1499938964844,0.0,-0.0,292.0194396972656,0.4834422767162323,0.050000000745058,0.2328016012907028,292.04052734375,290.6499938964844,287.57745361328125,285.2809753417969,293.59228515625,298.2748718261719,292.1435546875,1.0,0.1890117973089218,1.0,1.0,0.9891297221183776,1.0,-0.4965863525867462,0.2170045524835586,0.2795818150043487,0.0686291605234146,0.0,0.0,0.0,44.75465774536133,48.0,551.0199584960938,-0.0,44.76270294189453,1.0,283.35400390625,284.5365905761719,288.9228210449219,289.824462890625,293.1499938964844,293.1499938964844,278.1499938964844,0.0,18000.0,313.1499938964844,0.0,18000.0,0.0,0.0,0.0,0.0,0.0,0.0,0.0,0.0,0.0,-0.0,-0.0,-0.0,-5.5419562194307814e-21,-2.7709781097153907e-21,-2.7709781097153907e-21,0.0,0.0,-0.0,0.0,0.0,0.0,-0.0,0.0,0.0,0.0,0.0,0.0,4.0,0.0,0.0
12204840,298.2962341308594,297.1499938964844,293.1499938964844,0.0,-0.0,292.0423278808594,0.483490914106369,0.050000000745058,0.0466040931642055,297.7533569335937,297.1499938964844,293.1499938964844,0.0,-0.0,292.0423278808594,0.483490914106369,0.050000000745058,0.0490763522684574,298.15673828125,297.1499938964844,293.1499938964844,0.0,-0.0,292.0423278808594,0.483490914106369,0.050000000745058,0.0362476259469985,297.7120056152344,297.1499938964844,293.1499938964844,0.0,-0.0,292.0423278808594,0.483490914106369,0.050000000745058,0.0490763522684574,297.9039001464844,297.1499938964844,293.1499938964844,0.0,-0.0,292.0423278808594,0.483490914106369,0.050000000745058,0.232797086238861,292.06317138671875,290.1499938964844,287.5867004394531,285.28692626953125,293.5968933105469,298.2759094238281,292.1650085449219,1.0,0.1889526695013046,1.0,1.0,0.9891315698623656,1.0,-0.4965767562389374,0.2170003950595855,0.2795763611793518,0.0686274692416191,0.0,0.0,0.0,44.73055648803711,36.0,544.4932861328125,-0.0,44.7412109375,1.0,283.35400390625,284.5365905761719,288.9228210449219,289.824462890625,293.1499938964844,293.1499938964844,278.1499938964844,0.0,18000.0,313.1499938964844,0.0,18000.0,0.0,0.0,0.0,0.0,0.0,0.0,0.0,0.0,0.0,-0.0,-0.0,-0.0,-5.5419562194307814e-21,-2.7709781097153907e-21,-2.7709781097153907e-21,0.0,0.0,-0.0,0.0,0.0,0.0,-0.0,0.0,0.0,0.0,0.0,0.0,4.0,0.0,0.0
12204900,298.30767822265625,297.1499938964844,293.1499938964844,0.0,-0.0,292.2418212890625,0.4847026765346527,0.050000000745058,0.0465816967189312,297.7579650878906,297.1499938964844,293.1499938964844,0.0,-0.0,292.2418212890625,0.4847026765346527,0.050000000745058,0.0490527711808681,298.1601867675781,297.1499938964844,293.1499938964844,0.0,-0.0,292.2418212890625,0.4847026765346527,0.050000000745058,0.0362302102148532,297.7161560058594,297.1499938964844,293.1499938964844,0.0,-0.0,292.2418212890625,0.4847026765346527,0.050000000745058,0.0490527711808681,297.9069519042969,297.1499938964844,293.1499938964844,0.0,-0.0,292.2418212890625,0.4847026765346527,0.050000000745058,0.2326852232217788,292.2605285644531,290.1499938964844,287.6723937988281,285.3421325683594,293.63995361328125,298.2859802246094,292.3520202636719,1.0,0.1877617388963699,1.0,1.0,0.9891484379768372,1.0,-0.4963382184505462,0.2168980538845062,0.27944016456604,0.0685842707753181,0.0,0.0,0.0,44.13169479370117,36.0,488.4444885253906,-0.0,44.20748901367188,1.0,283.35400390625,284.5365905761719,288.9228210449219,289.824462890625,293.1499938964844,293.1499938964844,278.1499938964844,0.0,18000.0,313.1499938964844,0.0,18000.0,0.0,0.0,0.0,0.0,0.0,0.0,0.0,0.0,0.0,-0.0,-0.0,-0.0,-5.5419562194307814e-21,-2.7709781097153907e-21,-2.7709781097153907e-21,0.0,0.0,-0.0,0.0,0.0,0.0,-0.0,0.0,0.0,0.0,0.0,0.0,4.0,0.0,0.0
12204960,298.319580078125,297.1499938964844,293.1499938964844,0.0,-0.0,292.4210205078125,0.4872048199176788,0.050000000745058,0.0465359278023242,297.7631530761719,297.1499938964844,293.1499938964844,0.0,-0.0,292.4210205078125,0.4872048199176788,0.050000000745058,0.0490045733749866,298.1641845703125,297.1499938964844,293.1499938964844,0.0,-0.0,292.4210205078125,0.4872048199176788,0.050000000745058,0.0361946113407611,297.7208251953125,297.1499938964844,293.1499938964844,0.0,-0.0,292.4210205078125,0.4872048199176788,0.050000000745058,0.0490045733749866,297.91082763671875,297.1499938964844,293.1499938964844,0.0,-0.0,292.4210205078125,0.4872048199176788,0.050000000745058,0.2324565947055816,292.4378356933594,289.6499938964844,287.7585144042969,285.3973999023437,293.6830444335937,298.29669189453125,292.520263671875,1.0,0.1854823231697082,1.0,1.0,0.9872897863388062,1.0,-0.4958505928516388,0.2167161256074905,0.2791344821453094,0.0685216709971427,0.0,0.0,0.0,42.907814025878906,25.0,439.5138549804688,-0.0,43.118282318115234,1.0,283.35400390625,284.5365905761719,288.9228210449219,289.824462890625,293.1499938964844,293.1499938964844,278.1499938964844,0.0,18000.0,313.1499938964844,0.0,18000.0,0.0,0.0,0.0,0.0,0.0,0.0,0.0,0.0,0.0,-0.0,-0.0,-0.0,-5.5419562194307814e-21,-2.7709781097153907e-21,-2.7709781097153907e-21,0.0,0.0,-0.0,0.0,0.0,0.0,-0.0,0.0,0.0,0.0,0.0,0.0,4.0,0.0,0.0
12205020,298.33563232421875,297.1499938964844,293.1499938964844,0.0,-0.0,292.6285095214844,0.492024689912796,0.050000000745058,0.0464506745338439,297.7705078125,297.1499938964844,293.1499938964844,0.0,-0.0,292.6285095214844,0.492024689912796,0.050000000745058,0.048914797604084,298.1699523925781,297.1499938964844,293.1499938964844,0.0,-0.0,292.6285095214844,0.492024689912796,0.050000000745058,0.0361283011734485,297.72760009765625,297.1499938964844,293.1499938964844,0.0,-0.0,292.6285095214844,0.492024689912796,0.050000000745058,0.048914797604084,297.9167175292969,297.1499938964844,293.1499938964844,0.0,-0.0,292.6285095214844,0.492024689912796,0.050000000745058,0.2320307344198227,292.6432189941406,289.6499938964844,287.8715209960937,285.4696044921875,293.7396240234375,298.3113098144531,292.7154846191406,1.0,0.1812887340784073,1.0,1.0,0.9848631620407104,1.0,-0.4949422776699066,0.2163656502962112,0.2785766124725342,0.06839270144701,0.0,0.0,0.0,40.62808990478516,25.0,384.951171875,-0.0,41.09492111206055,1.0,283.35400390625,284.5365905761719,288.9228210449219,289.824462890625,293.1499938964844,293.1499938964844,278.1499938964844,0.0,18000.0,313.1499938964844,0.0,18000.0,0.0,0.0,0.0,0.0,0.0,0.0,0.0,0.0,0.0,-0.0,-0.0,-0.0,-5.5419562194307814e-21,-2.7709781097153907e-21,-2.7709781097153907e-21,0.0,0.0,-0.0,0.0,0.0,0.0,-0.0,0.0,0.0,0.0,0.0,0.0,4.0,0.0,0.0
12205080,298.3443298339844,297.1499938964844,293.1499938964844,0.0,-0.0,292.7281799316406,0.4953351020812988,0.050000000745058,0.0463951230049133,297.7746276855469,297.1499938964844,293.1499938964844,0.0,-0.0,292.7281799316406,0.4953351020812988,0.050000000745058,0.0488562993705272,298.1731872558594,297.1499938964844,293.1499938964844,0.0,-0.0,292.7281799316406,0.4953351020812988,0.050000000745058,0.036085095256567,297.7313842773437,297.1499938964844,293.1499938964844,0.0,-0.0,292.7281799316406,0.4953351020812988,0.050000000745058,0.0488562993705272,297.920166015625,297.1499938964844,293.1499938964844,0.0,-0.0,292.7281799316406,0.4953351020812988,0.050000000745058,0.231753259897232,292.741943359375,289.1499938964844,287.931884765625,285.50799560546875,293.7698974609375,298.3193359375,292.8095092773437,1.0,0.1785191297531128,1.0,1.0,0.9835724234580994,1.0,-0.4943503737449646,0.2161330580711364,0.2782173156738281,0.0683044791221618,0.0,0.0,0.0,39.14262771606445,25.0,359.7612609863281,-0.0,39.780372619628906,1.0,283.35400390625,284.5365905761719,288.9228210449219,289.824462890625,293.1499938964844,293.1499938964844,278.1499938964844,0.0,18000.0,313.1499938964844,0.0,18000.0,0.0,0.0,0.0,0.0,0.0,0.0,0.0,0.0,0.0,-0.0,-0.0,-0.0,-5.5419562194307814e-21,-2.7709781097153907e-21,-2.7709781097153907e-21,0.0,0.0,-0.0,0.0,0.0,0.0,-0.0,0.0,0.0,0.0,0.0,0.0,4.0,0.0,0.0
12205140,298.3581848144531,297.1499938964844,293.1499938964844,0.0,-0.0,292.8727111816406,0.4995419979095459,0.1802917420864105,0.0463286526501178,297.7813720703125,297.1499938964844,293.1499938964844,0.0,-0.0,292.8727111816406,0.4995419979095459,0.050000000745058,0.0487863011658191,298.17852783203125,297.1499938964844,293.1499938964844,0.0,-0.0,292.8727111816406,0.4995419979095459,0.050000000745058,0.0360333956778049,297.7375793457031,297.1499938964844,293.1499938964844,0.0,-0.0,292.8727111816406,0.4995419979095459,0.050000000745058,0.0487863011658191,297.9258728027344,297.1499938964844,293.1499938964844,0.0,-0.0,292.8727111816406,0.4995419979095459,0.050000000745058,0.2314212024211883,292.8851013183594,289.1499938964844,288.027587890625,285.56866455078125,293.8180847167969,298.33221435546875,292.9461975097656,1.0,0.175417348742485,1.0,1.0,0.9815319180488586,1.0,-0.4936419129371643,0.2158633023500442,0.2777785956859588,0.0682055503129959,0.0,0.0,0.0,37.36507415771485,25.0,324.7943725585937,-0.0,38.21134567260742,1.0,283.35400390625,284.5365905761719,288.9228210449219,289.824462890625,293.1499938964844,293.1499938964844,278.1499938964844,0.0,18000.0,313.1499938964844,0.0,18000.0,0.0,0.0,0.0,0.0,0.0,0.0,0.0,0.0,0.0,-0.0,-0.0,-0.0,-5.5419562194307814e-21,-2.7709781097153907e-21,-2.7709781097153907e-21,0.0,0.0,-0.0,0.0,0.0,0.0,-0.0,0.0,0.0,0.0,0.0,0.0,4.0,0.0,0.0
12205200,298.3307800292969,297.1499938964844,293.1499938964844,0.0,-0.0,293.02398681640625,0.7897206544876099,0.1845486909151077,0.1496799290180206,297.7877197265625,297.1499938964844,293.1499938964844,0.0,-0.0,292.9917907714844,0.5198792815208435,0.050000000745058,0.0485133975744247,298.183837890625,297.1499938964844,293.1499938964844,0.0,-0.0,292.9917907714844,0.5198792815208435,0.050000000745058,0.035831831395626,297.7437438964844,297.1499938964844,293.1499938964844,0.0,-0.0,292.9917907714844,0.5198792815208435,0.050000000745058,0.0485133975744247,297.93133544921875,297.1499938964844,293.1499938964844,0.0,-0.0,292.9917907714844,0.5198792815208435,0.050000000745058,0.230126678943634,293.01153564453125,288.6499938964844,288.10650634765625,285.61846923828125,293.87078857421875,298.32598876953125,293.0780639648437,1.0,0.174865186214447,1.0,1.0,0.9798550605773926,1.0,-0.6151970028877258,0.2673519551753998,0.3478450775146484,0.0925661250948906,0.0,0.0,0.0,31.41948890686035,25.0,336.2069091796875,-0.0,46.10625076293945,1.0,283.35400390625,284.5365905761719,288.9228210449219,289.824462890625,293.1499938964844,293.1499938964844,278.1499938964844,0.0,18000.0,313.1499938964844,0.0,18000.0,0.0,0.0,0.0,0.0,0.0,0.0,0.0,0.0,0.0,-0.0,-0.0,-0.0,-5.5419562194307814e-21,-2.7709781097153907e-21,-2.7709781097153907e-21,0.0,0.0,-0.0,0.0,0.0,0.0,-0.0,0.0,0.0,0.0,0.0,0.0,4.0,0.0,0.0
12205260,298.25048828125,297.1499938964844,293.1499938964844,0.0,-0.0,293.3330383300781,0.8658093214035034,0.1912774443626403,0.1706041395664215,297.79718017578125,297.1499938964844,293.1499938964844,0.0,-0.0,293.3016357421875,0.5519205927848816,0.050000000745058,0.0482278987765312,298.1256408691406,297.1499938964844,293.1499938964844,0.0,-0.0,293.331787109375,0.8357170224189758,0.171231135725975,0.1189094260334968,297.7551574707031,297.1499938964844,293.1499938964844,0.0,-0.0,293.3016357421875,0.5519205927848816,0.050000000745058,0.0482278987765312,297.9394226074219,297.1499938964844,293.1499938964844,0.0,-0.0,293.3016357421875,0.5519205927848816,0.050000000745058,0.2287724018096923,293.3251647949219,288.1499938964844,288.2821044921875,285.72857666015625,293.88427734375,298.2279968261719,293.3637390136719,1.0,0.1752841025590896,1.0,1.0,0.8825780749320984,1.0,-0.737704873085022,0.3219057619571686,0.4157991111278534,0.1243422105908393,0.0,0.0,0.0,25.318742752075195,25.0,304.944091796875,-0.0,54.56853485107422,1.0,283.35400390625,284.5365905761719,288.9228210449219,289.824462890625,293.1499938964844,293.1499938964844,278.1499938964844,0.0,18000.0,313.1499938964844,0.0,18000.0,0.0,0.0,0.0,0.0,0.0,0.0,0.0,0.0,0.0,-0.0,-0.0,-0.0,-5.5419562194307814e-21,-2.7709781097153907e-21,-2.7709781097153907e-21,0.0,0.0,-0.0,0.0,0.0,0.0,-0.0,0.0,0.0,0.0,0.0,0.0,4.0,0.0,0.0
12205320,298.25048828125,297.1499938964844,293.1499938964844,0.0,-0.0,293.3330383300781,0.8658093214035034,0.1912774443626403,0.1706041395664215,297.79718017578125,297.1499938964844,293.1499938964844,0.0,-0.0,293.3016357421875,0.5519205927848816,0.050000000745058,0.0482278987765312,298.1256408691406,297.1499938964844,293.1499938964844,0.0,-0.0,293.331787109375,0.8357170224189758,0.171231135725975,0.1189094260334968,297.7551574707031,297.1499938964844,293.1499938964844,0.0,-0.0,293.3016357421875,0.5519205927848816,0.050000000745058,0.0482278987765312,297.9394226074219,297.1499938964844,293.1499938964844,0.0,-0.0,293.3016357421875,0.5519205927848816,0.050000000745058,0.2287724018096923,293.3251647949219,288.1499938964844,288.2821044921875,285.72857666015625,293.88427734375,298.2279968261719,293.3637390136719,1.0,0.1752841025590896,1.0,1.0,0.8825780749320984,1.0,-0.737704873085022,0.3219057619571686,0.4157991111278534,0.1243422105908393,0.0,0.0,0.0,25.318742752075195,25.0,304.944091796875,-0.0,54.56853485107422,1.0,283.35400390625,284.5365905761719,288.9228210449219,289.824462890625,293.1499938964844,293.1499938964844,278.1499938964844,0.0,18000.0,313.1499938964844,0.0,18000.0,0.0,0.0,0.0,0.0,0.0,0.0,0.0,0.0,0.0,-0.0,-0.0,-0.0,-5.5419562194307814e-21,-2.7709781097153907e-21,-2.7709781097153907e-21,0.0,0.0,-0.0,0.0,0.0,0.0,-0.0,0.0,0.0,0.0,0.0,0.0,4.0,0.0,0.0
12205380,298.2292785644531,297.1499938964844,293.1499938964844,0.0,-0.0,293.4961853027344,0.8882868885993958,0.2022922933101654,0.1796610951423645,297.8035888671875,297.1499938964844,293.1499938964844,0.0,-0.0,293.4787902832031,0.5572577714920044,0.050000000745058,0.0481904409825801,298.08251953125,297.1499938964844,293.1499938964844,0.0,-0.0,293.4954528808594,0.8530915379524231,0.1785337030887603,0.1238531395792961,297.7606811523437,297.1499938964844,293.1499938964844,0.0,-0.0,293.4787902832031,0.5572577714920044,0.050000000745058,0.0481904409825801,297.9442138671875,297.1499938964844,293.1499938964844,0.0,-0.0,293.4787902832031,0.5572577714920044,0.15042445063591,0.2285947054624557,293.4917907714844,288.1499938964844,288.44891357421875,285.8321838378906,293.83660888671875,298.1551818847656,293.51300048828125,1.0,0.1755088120698928,1.0,1.0,0.790565013885498,1.0,-0.7542216181755066,0.3357405364513397,0.4184810817241668,0.1350758075714111,0.0,0.0,0.0,24.53223419189453,25.0,204.92730712890625,-0.0,55.83591079711914,1.0,283.35400390625,284.5365905761719,288.9228210449219,289.824462890625,293.1499938964844,293.1499938964844,278.1499938964844,0.0,18000.0,313.1499938964844,0.0,18000.0,0.0,0.0,0.0,0.0,0.0,0.0,0.0,0.0,0.0,-0.0,-0.0,-0.0,-5.5419562194307814e-21,-2.7709781097153907e-21,-2.7709781097153907e-21,0.0,0.0,-0.0,0.0,0.0,0.0,-0.0,0.0,0.0,0.0,0.0,0.0,4.0,0.0,0.0
12205440,298.22900390625,297.1499938964844,293.1499938964844,0.0,-0.0,293.5026550292969,0.9085256457328796,0.2030070126056671,0.1801730841398239,297.80419921875,297.1499938964844,293.1499938964844,0.0,-0.0,293.486083984375,0.5712499022483826,0.050000000745058,0.0481013990938663,298.0811767578125,297.1499938964844,293.1499938964844,0.0,-0.0,293.50201416015625,0.8713939189910889,0.1790422946214676,0.1241059005260467,297.7611999511719,297.1499938964844,293.1499938964844,0.0,-0.0,293.486083984375,0.5712499022483826,0.050000000745058,0.0481013990938663,297.944580078125,297.1499938964844,293.1499938964844,0.0,-0.0,293.48638916015625,0.5997246503829956,0.151005357503891,0.2584158778190613,293.4986572265625,287.6499938964844,288.4584655761719,285.8381042480469,293.82818603515625,298.1508178710937,293.51837158203125,1.0,0.1760138720273971,1.0,1.0,0.785301148891449,1.0,-0.79041588306427,0.3531972467899322,0.4372186064720154,0.1421353220939636,0.0,0.0,0.0,22.589614868164062,43.0,199.8701934814453,-0.0,58.43255615234375,1.0,283.35400390625,284.5365905761719,288.9228210449219,289.824462890625,293.1499938964844,293.1499938964844,278.1499938964844,0.0,18000.0,313.1499938964844,0.0,18000.0,0.0,0.0,0.0,0.0,0.0,0.0,0.0,0.0,0.0,-0.0,-0.0,-0.0,-5.5419562194307814e-21,-2.7709781097153907e-21,-2.7709781097153907e-21,0.0,0.0,-0.0,0.0,0.0,0.0,-0.0,0.0,0.0,0.0,0.0,0.0,4.0,0.0,0.0
12205500,298.2684020996094,297.1499938964844,293.1499938964844,0.0,-0.0,293.5662536621094,0.8880314826965332,0.2136781960725784,0.0977179184556007,297.8092041015625,297.1499938964844,293.1499938964844,0.0,-0.0,293.5540771484375,0.6892915368080139,0.050000000745058,0.0476533509790897,298.09259033203125,297.1499938964844,293.1499938964844,0.0,-0.0,293.5662536621094,0.8880314826965332,0.1860404759645462,0.0760028213262558,297.7651062011719,297.1499938964844,293.1499938964844,0.0,-0.0,293.5540771484375,0.6892915368080139,0.050000000745058,0.0476533509790897,297.92535400390625,297.1499938964844,293.1499938964844,0.0,-0.0,293.5679931640625,0.9342241287231444,0.1541667133569717,0.5606268048286438,293.56939697265625,287.6499938964844,288.5468444824219,285.8925476074219,293.7686767578125,298.09259033203125,293.5829467773437,1.0,0.1840031296014785,1.0,1.0,0.7366626262664795,1.0,-0.99563866853714,0.4518207907676697,0.5438178777694702,0.2060628980398178,0.0,0.0,0.0,13.575515747070312,43.0,155.11387634277344,-0.0,79.01278686523438,1.0,283.35400390625,284.5365905761719,288.9228210449219,289.824462890625,293.1499938964844,293.1499938964844,278.1499938964844,0.0,18000.0,313.1499938964844,0.0,18000.0,0.0,0.0,0.0,0.0,0.0,0.0,0.0,0.0,0.0,-0.0,-0.0,-0.0,-5.5419562194307814e-21,-2.7709781097153907e-21,-2.7709781097153907e-21,0.0,0.0,-0.0,0.0,0.0,0.0,-0.0,0.0,0.0,0.0,0.0,0.0,4.0,0.0,0.0
12205560,298.2975158691406,297.1499938964844,293.1499938964844,0.0,-0.0,293.605224609375,0.901330828666687,0.2236305326223373,0.1071995720267295,297.81060791015625,297.1499938964844,293.1499938964844,0.0,-0.0,293.59967041015625,0.6774208545684814,0.050000000745058,0.0476764626801013,298.1009826660156,297.1499938964844,293.1499938964844,0.0,-0.0,293.605224609375,0.901330828666687,0.1928394585847854,0.0833774507045745,297.7660217285156,297.1499938964844,293.1499938964844,0.0,-0.0,293.59967041015625,0.6774208545684814,0.050000000745058,0.0476764626801013,297.9029541015625,297.1499938964844,293.1499938964844,0.0,-0.0,293.6054077148437,0.9277008175849916,0.1568765342235565,0.5784519910812378,293.60577392578125,287.1499938964844,288.6352844238281,285.9467468261719,293.5562438964844,298.1915283203125,293.6054992675781,1.0,0.1918582767248153,1.0,1.0,0.6254456043243408,1.0,-1.0373016595840454,0.5085111260414124,0.5287905931472778,0.2545502781867981,0.0,0.0,0.0,14.680910110473633,63.0,66.13174438476562,-0.0,89.27052307128906,1.0,283.35400390625,284.5365905761719,288.9228210449219,289.824462890625,293.1499938964844,293.1499938964844,278.1499938964844,0.0,18000.0,313.1499938964844,0.0,18000.0,0.0,0.0,0.0,0.0,0.0,0.0,0.0,0.0,0.0,-0.0,-0.0,-0.0,-5.5419562194307814e-21,-2.7709781097153907e-21,-2.7709781097153907e-21,0.0,0.0,-0.0,0.0,0.0,0.0,-0.0,0.0,0.0,0.0,0.0,0.0,4.0,0.0,0.0
12205620,298.3134460449219,297.1499938964844,293.1499938964844,0.0,-0.0,293.47332763671875,0.905847668647766,0.2347109615802765,0.1105782017111778,297.7813415527344,297.1499938964844,293.1499938964844,0.0,-0.0,293.4700927734375,0.9519221782684326,0.1448369622230529,0.132674291729927,298.1004943847656,297.1499938964844,293.1499938964844,0.0,-0.0,293.47332763671875,0.905847668647766,0.2006626278162002,0.086005263030529,297.7652587890625,297.1499938964844,293.1499938964844,0.0,-0.0,293.50592041015625,0.673480212688446,0.1392494589090347,0.047684445977211,297.8802185058594,297.1499938964844,293.1499938964844,0.0,-0.0,293.4731750488281,0.908199429512024,0.1608434170484542,0.5563470721244812,293.4655456542969,287.1499938964844,288.7508544921875,286.0171203613281,292.6139831542969,298.2637634277344,293.4067687988281,1.0,0.2056284099817276,1.0,1.0,0.4802454710006714,1.0,-1.1199698448181152,0.6772541403770447,0.4427157044410705,0.4070513248443603,0.0,0.0,0.0,15.984246253967283,63.0,-340.7821960449219,-0.0,110.2694854736328,1.0,283.35400390625,284.5365905761719,288.9228210449219,289.824462890625,293.1499938964844,293.1499938964844,278.1499938964844,0.0,18000.0,313.1499938964844,0.0,18000.0,0.0,0.0,0.0,0.0,0.0,0.0,0.0,0.0,0.0,-0.0,-0.0,-0.0,-5.5419562194307814e-21,-2.7709781097153907e-21,-2.7709781097153907e-21,0.0,0.0,-0.0,0.0,0.0,0.0,-0.0,0.0,0.0,0.0,0.0,0.0,4.0,0.0,0.0
12205680,298.315673828125,297.1499938964844,293.1499938964844,0.0,-0.0,293.2327880859375,0.9024553894996644,0.240044429898262,0.1080400422215461,297.75689697265625,297.1499938964844,293.1499938964844,0.0,-0.0,293.22314453125,0.9670050144195556,0.1452378630638122,0.1370531618595123,298.0966491699219,297.1499938964844,293.1499938964844,0.0,-0.0,293.2327880859375,0.9024553894996644,0.2044704407453537,0.0840311422944068,297.7529296875,297.1499938964844,293.1499938964844,0.0,-0.0,293.24151611328125,0.8972513675689697,0.1407681554555893,0.1118727549910545,297.8690185546875,297.1499938964844,293.1499938964844,0.0,-0.0,293.2328186035156,0.9024553894996644,0.162965178489685,0.5396823883056641,293.214599609375,286.6499938964844,288.81231689453125,286.0543212890625,291.8270874023437,298.2585754394531,293.1138000488281,1.0,0.2144931107759475,1.0,1.0,0.4030116200447082,1.0,-1.1759579181671145,0.814731776714325,0.3612260818481445,0.5332928895950317,0.0,0.0,0.0,16.61151695251465,83.0,-712.5394897460938,-0.0,125.78099822998048,1.0,283.35400390625,284.5365905761719,288.9228210449219,289.824462890625,293.1499938964844,293.1499938964844,278.1499938964844,0.0,18000.0,313.1499938964844,0.0,18000.0,0.0,0.0,0.0,0.0,0.0,0.0,0.0,0.0,0.0,-0.0,-0.0,-0.0,-5.5419562194307814e-21,-2.7709781097153907e-21,-2.7709781097153907e-21,0.0,0.0,-0.0,0.0,0.0,0.0,-0.0,0.0,0.0,0.0,0.0,0.0,4.0,0.0,0.0
12205740,298.2869873046875,297.1499938964844,293.1499938964844,0.0,-0.0,291.8694152832031,0.917704701423645,0.2519689798355102,0.1193353682756424,297.6875915527344,297.1499938964844,293.1499938964844,0.0,-0.0,291.860107421875,0.9522027373313904,0.145907312631607,0.1383818835020065,298.0595397949219,297.1499938964844,293.1499938964844,0.0,-0.0,291.8694152832031,0.917704701423645,0.2127495110034942,0.0928163975477218,297.6696472167969,297.1499938964844,293.1499938964844,0.0,-0.0,291.863525390625,0.9385018348693848,0.1399801224470138,0.133139818906784,297.8160705566406,297.1499938964844,293.1499938964844,0.0,-0.0,291.8627014160156,0.9463006258010864,0.1667596697807312,0.6454777121543884,291.8359680175781,286.1499938964844,288.9892272949219,286.1605834960937,289.8332824707031,298.1580810546875,291.69732666015625,1.0,0.245177686214447,1.0,1.0,0.1805775910615921,1.0,-1.3569568395614624,1.2393146753311155,0.117642194032669,0.9210231900215148,0.0,0.0,0.0,20.16855239868164,103.0,-1663.9072265625,-0.0,188.64707946777344,1.0,283.35400390625,284.5365905761719,288.9228210449219,289.824462890625,293.1499938964844,293.1499938964844,278.1499938964844,0.0,18000.0,313.1499938964844,0.0,18000.0,0.0,0.0,0.0,0.0,0.0,0.0,0.0,0.0,0.0,-0.0,-0.0,-0.0,-5.5419562194307814e-21,-2.7709781097153907e-21,-2.7709781097153907e-21,0.0,0.0,-0.0,0.0,0.0,0.0,-0.0,0.0,0.0,0.0,0.0,0.0,4.0,0.0,0.0
12205800,298.2869873046875,297.1499938964844,293.1499938964844,0.0,-0.0,291.8694152832031,0.917704701423645,0.2519689798355102,0.1193353682756424,297.6875915527344,297.1499938964844,293.1499938964844,0.0,-0.0,291.860107421875,0.9522027373313904,0.145907312631607,0.1383818835020065,298.0595397949219,297.1499938964844,293.1499938964844,0.0,-0.0,291.8694152832031,0.917704701423645,0.2127495110034942,0.0928163975477218,297.6696472167969,297.1499938964844,293.1499938964844,0.0,-0.0,291.863525390625,0.9385018348693848,0.1399801224470138,0.133139818906784,297.8160705566406,297.1499938964844,293.1499938964844,0.0,-0.0,291.8627014160156,0.9463006258010864,0.1667596697807312,0.6454777121543884,291.8359680175781,286.1499938964844,288.9892272949219,286.1605834960937,289.8332824707031,298.1580810546875,291.69732666015625,1.0,0.245177686214447,1.0,1.0,0.1805775910615921,1.0,-1.3569568395614624,1.2393146753311155,0.117642194032669,0.9210231900215148,0.0,0.0,0.0,20.16855239868164,103.0,-1663.9072265625,-0.0,188.64707946777344,1.0,283.35400390625,284.5365905761719,288.9228210449219,289.824462890625,293.1499938964844,293.1499938964844,278.1499938964844,0.0,18000.0,313.1499938964844,0.0,18000.0,0.0,0.0,0.0,0.0,0.0,0.0,0.0,0.0,0.0,-0.0,-0.0,-0.0,-5.5419562194307814e-21,-2.7709781097153907e-21,-2.7709781097153907e-21,0.0,0.0,-0.0,0.0,0.0,0.0,-0.0,0.0,0.0,0.0,0.0,0.0,4.0,0.0,0.0
12205860,298.1993713378906,297.1499938964844,293.1499938964844,0.0,-0.0,290.6798400878906,0.9644771814346312,0.2575941383838653,0.1623449027538299,297.609619140625,297.1499938964844,293.1499938964844,0.0,-0.0,290.68878173828125,0.8911959528923035,0.1448228359222412,0.1378933936357498,297.9730224609375,297.1499938964844,293.1499938964844,0.0,-0.0,290.6795959472656,0.9644771814346312,0.2155904024839401,0.1262682527303695,297.5828552246094,297.1499938964844,293.1499938964844,0.0,-0.0,290.6914367675781,0.876742959022522,0.1377647668123245,0.1314444988965988,297.7129211425781,297.1499938964844,293.1499938964844,0.0,-0.0,290.6820373535156,0.9350742101669312,0.1647733747959137,0.7452619671821594,290.6683654785156,286.1462097167969,289.16583251953125,286.2652893066406,289.3473815917969,298.0768737792969,290.5941467285156,1.0,0.2826785743236542,1.0,1.0,0.1083465591073036,1.0,-1.5633959770202637,1.5341116189956665,0.0292843971401453,1.173269271850586,0.0,0.0,0.0,26.879188537597656,123.0,-1470.0224609375,-0.0,289.5192565917969,1.0,283.35400390625,284.5365905761719,288.9228210449219,289.824462890625,293.1499938964844,293.1499938964844,278.1499938964844,0.0,18000.0,313.1499938964844,0.0,18000.0,0.0,0.0,0.0,0.0,0.0,0.0,0.0,0.0,0.0,-0.0,-0.0,-0.0,-5.5419562194307814e-21,-2.7709781097153907e-21,-2.7709781097153907e-21,0.0,0.0,-0.0,0.0,0.0,0.0,-0.0,0.0,0.0,0.0,0.0,0.0,4.0,0.0,0.0
12205920,298.1993713378906,297.1499938964844,293.1499938964844,0.0,-0.0,290.6798400878906,0.9644771814346312,0.2575941383838653,0.1623449027538299,297.609619140625,297.1499938964844,293.1499938964844,0.0,-0.0,290.68878173828125,0.8911959528923035,0.1448228359222412,0.1378933936357498,297.9730224609375,297.1499938964844,293.1499938964844,0.0,-0.0,290.6795959472656,0.9644771814346312,0.2155904024839401,0.1262682527303695,297.5828552246094,297.1499938964844,293.1499938964844,0.0,-0.0,290.6914367675781,0.876742959022522,0.1377647668123245,0.1314444988965988,297.7129211425781,297.1499938964844,293.1499938964844,0.0,-0.0,290.6820373535156,0.9350742101669312,0.1647733747959137,0.7452619671821594,290.6683654785156,286.1462097167969,289.16583251953125,286.2652893066406,289.3473815917969,298.0768737792969,290.5941467285156,1.0,0.2826785743236542,1.0,1.0,0.1083465591073036,1.0,-1.5633959770202637,1.5341116189956665,0.0292843971401453,1.173269271850586,0.0,0.0,0.0,26.879188537597656,123.0,-1470.0224609375,-0.0,289.5192565917969,1.0,283.35400390625,284.5365905761719,288.9228210449219,289.824462890625,293.1499938964844,293.1499938964844,278.1499938964844,0.0,18000.0,313.1499938964844,0.0,18000.0,0.0,0.0,0.0,0.0,0.0,0.0,0.0,0.0,0.0,-0.0,-0.0,-0.0,-5.5419562194307814e-21,-2.7709781097153907e-21,-2.7709781097153907e-21,0.0,0.0,-0.0,0.0,0.0,0.0,-0.0,0.0,0.0,0.0,0.0,0.0,4.0,0.0,0.0
12205980,298.0441589355469,297.1499938964844,293.1499938964844,0.0,-0.0,290.100341796875,0.9543204307556152,0.2520556449890136,0.2294035702943802,297.54931640625,297.1499938964844,293.1499938964844,0.0,-0.0,290.11346435546875,0.7858871221542358,0.1431416422128677,0.1369701325893402,297.8500061035156,297.1499938964844,293.1499938964844,0.0,-0.0,290.1034545898437,0.8929721117019653,0.2110745012760162,0.1491978764533996,297.52008056640625,297.1499938964844,293.1499938964844,0.0,-0.0,290.1151733398437,0.7719916701316833,0.1355818659067154,0.129973217844963,297.6332397460937,297.1499938964844,293.1499938964844,0.0,-0.0,290.1097412109375,0.8195205926895142,0.1621280014514923,0.7362350225448608,290.1007080078125,286.1147766113281,289.2967529296875,286.3420104980469,289.296875,297.9437255859375,290.0645751953125,1.0,0.3114294707775116,1.0,1.0,0.0546292513608932,1.0,-1.66412615776062,1.663196086883545,0.0009301042300648,1.2794442176818848,0.0,0.0,0.0,40.14931106567383,123.0,-1099.7205810546875,-0.0,375.2737731933594,1.0,283.35400390625,284.5365905761719,288.9228210449219,289.824462890625,293.1499938964844,293.1499938964844,278.1499938964844,0.0,18000.0,313.1499938964844,0.0,18000.0,0.0,0.0,0.0,0.0,0.0,0.0,0.0,0.0,0.0,-0.0,-0.0,-0.0,-5.5419562194307814e-21,-2.7709781097153907e-21,-2.7709781097153907e-21,0.0,0.0,-0.0,0.0,0.0,0.0,-0.0,0.0,0.0,0.0,0.0,0.0,4.0,0.0,0.0
12206040,297.9916076660156,297.1499938964844,293.1499938964844,0.0,-0.0,289.9942932128906,0.888250470161438,0.2498797923326492,0.2275649011135101,297.52880859375,297.1499938964844,293.1499938964844,0.0,-0.0,290.00360107421875,0.7387754917144775,0.1424552947282791,0.1367378383874893,297.8140563964844,297.1499938964844,293.1499938964844,0.0,-0.0,289.9966125488281,0.8381661176681519,0.20987369120121,0.1484480202198028,297.49920654296875,297.1499938964844,293.1499938964844,0.0,-0.0,290.0048217773437,0.7266355156898499,0.1347641497850418,0.1295969486236572,297.6070861816406,297.1499938964844,293.1499938964844,0.0,-0.0,290.0010070800781,0.7688279747962952,0.1611712723970413,0.7337809205055237,289.99462890625,286.1039733886719,289.341796875,286.3681945800781,289.33697509765625,297.8952941894531,289.9692077636719,1.0,0.3197751343250274,1.0,1.0,0.0361155197024345,1.0,-1.6516739130020142,1.6515077352523804,0.0001662149297771,1.273582100868225,0.0,0.0,0.0,49.604862213134766,111.0,-929.8026123046876,-0.0,396.4307556152344,1.0,283.35400390625,284.5365905761719,288.9228210449219,289.824462890625,293.1499938964844,293.1499938964844,278.1499938964844,0.0,18000.0,313.1499938964844,0.0,18000.0,0.0,0.0,0.0,0.0,0.0,0.0,0.0,0.0,0.0,-0.0,-0.0,-0.0,-5.5419562194307814e-21,-2.7709781097153907e-21,-2.7709781097153907e-21,0.0,0.0,-0.0,0.0,0.0,0.0,-0.0,0.0,0.0,0.0,0.0,0.0,4.0,0.0,0.0
12206100,297.9173278808594,297.1499938964844,293.1499938964844,0.0,-0.0,289.8620910644531,0.8357094526290894,0.2479003071784973,0.2250601351261139,297.4921875,297.1499938964844,293.1499938964844,0.0,-0.0,289.8673400878906,0.6967447400093079,0.1412553042173385,0.1360441297292709,297.7564697265625,297.1499938964844,293.1499938964844,0.0,-0.0,289.8634033203125,0.7901865839958191,0.2084174305200576,0.1474024951457977,297.462158203125,297.1499938964844,293.1499938964844,0.0,-0.0,289.8680725097656,0.6830497980117798,0.1333366930484771,0.1286680847406387,297.56085205078125,297.1499938964844,293.1499938964844,0.0,-0.0,289.86590576171875,0.7255628108978271,0.1595221310853958,0.7282394170761108,289.8622436523437,286.0829162597656,289.429443359375,286.4189147949219,289.4234924316406,297.8291931152344,289.84747314453125,1.0,0.3307537734508514,1.0,1.0,0.0,1.0,-1.6388068199157717,1.6388038396835327,2.9279083264555084e-06,1.263543963432312,0.0,0.0,0.0,62.24003982543945,111.0,-641.6658325195312,-0.0,424.62799072265625,1.0,283.35400390625,284.5365905761719,288.9228210449219,289.824462890625,293.1499938964844,293.1499938964844,278.1499938964844,0.0,18000.0,313.1499938964844,0.0,18000.0,0.0,0.0,0.0,0.0,0.0,0.0,0.0,0.0,0.0,-0.0,-0.0,-0.0,-5.5419562194307814e-21,-2.7709781097153907e-21,-2.7709781097153907e-21,0.0,0.0,-0.0,0.0,0.0,0.0,-0.0,0.0,0.0,0.0,0.0,0.0,4.0,0.0,0.0
12206160,297.8679504394531,297.1499938964844,293.1499938964844,0.0,-0.0,289.7860717773437,0.810702383518219,0.2479019165039062,0.2245485186576843,297.460693359375,297.1499938964844,293.1499938964844,0.0,-0.0,289.7890319824219,0.6726230382919312,0.1403302252292633,0.1353950649499893,297.7117919921875,297.1499938964844,293.1499938964844,0.0,-0.0,289.78680419921875,0.7645444273948669,0.2078667134046554,0.146972507238388,297.430419921875,297.1499938964844,293.1499938964844,0.0,-0.0,289.7894592285156,0.6592815518379211,0.1321948766708374,0.1278094947338104,297.521240234375,297.1499938964844,293.1499938964844,0.0,-0.0,289.7882385253906,0.7016375660896301,0.158232033252716,0.7233371138572693,289.7861633300781,286.0619506835937,289.5168762207031,286.4690856933594,289.5108947753906,297.7881164550781,289.778076171875,1.0,0.338580310344696,1.0,1.0,0.0,1.0,-1.62997567653656,1.629973530769348,2.1691810161428293e-06,1.2565088272094729,0.0,0.0,0.0,71.16831970214844,99.0,-421.7667846679688,-0.0,444.4254760742188,1.0,283.35400390625,284.5365905761719,288.9228210449219,289.824462890625,293.1499938964844,293.1499938964844,278.1499938964844,0.0,18000.0,313.1499938964844,0.0,18000.0,0.0,0.0,0.0,0.0,0.0,0.0,0.0,0.0,0.0,-0.0,-0.0,-0.0,-5.5419562194307814e-21,-2.7709781097153907e-21,-2.7709781097153907e-21,0.0,0.0,-0.0,0.0,0.0,0.0,-0.0,0.0,0.0,0.0,0.0,0.0,4.0,0.0,0.0
12206220,297.8099365234375,297.1499938964844,293.1499938964844,0.0,-0.0,289.7419738769531,0.7903121709823608,0.2510753273963928,0.2268920689821243,297.41259765625,297.1499938964844,293.1499938964844,0.0,-0.0,289.7418212890625,0.6518713235855103,0.1393719911575317,0.1345924586057663,297.64892578125,297.1499938964844,293.1499938964844,0.0,-0.0,289.7419128417969,0.7443642616271973,0.2085795700550079,0.147355169057846,297.3817749023437,297.1499938964844,293.1499938964844,0.0,-0.0,289.7418212890625,0.6389766335487366,0.1307988315820694,0.1265946626663208,297.4603576660156,297.1499938964844,293.1499938964844,0.0,-0.0,289.7418518066406,0.6785284280776978,0.156740203499794,0.7168514132499695,289.741943359375,286.02020263671875,289.6907958984375,286.5677490234375,289.684814453125,297.745361328125,289.7428894042969,1.0,0.3470390737056732,1.0,1.0,0.0,1.0,-1.6230326890945437,1.623030424118042,2.151558646801277e-06,1.2509334087371826,0.0,0.0,0.0,80.8598403930664,87.0,-131.58360290527344,-0.0,467.21527099609375,1.0,283.35400390625,284.5365905761719,288.9228210449219,289.824462890625,293.1499938964844,293.1499938964844,278.1499938964844,0.0,18000.0,313.1499938964844,0.0,18000.0,0.0,0.0,0.0,0.0,0.0,0.0,0.0,0.0,0.0,-0.0,-0.0,-0.0,-5.5419562194307814e-21,-2.7709781097153907e-21,-2.7709781097153907e-21,0.0,0.0,-0.0,0.0,0.0,0.0,-0.0,0.0,0.0,0.0,0.0,0.0,4.0,0.0,0.0
12206280,297.8099365234375,297.1499938964844,293.1499938964844,0.0,-0.0,289.7419738769531,0.7903121709823608,0.2510753273963928,0.2268920689821243,297.41259765625,297.1499938964844,293.1499938964844,0.0,-0.0,289.7418212890625,0.6518713235855103,0.1393719911575317,0.1345924586057663,297.64892578125,297.1499938964844,293.1499938964844,0.0,-0.0,289.7419128417969,0.7443642616271973,0.2085795700550079,0.147355169057846,297.3817749023437,297.1499938964844,293.1499938964844,0.0,-0.0,289.7418212890625,0.6389766335487366,0.1307988315820694,0.1265946626663208,297.4603576660156,297.1499938964844,293.1499938964844,0.0,-0.0,289.7418518066406,0.6785284280776978,0.156740203499794,0.7168514132499695,289.741943359375,286.02020263671875,289.6907958984375,286.5677490234375,289.684814453125,297.745361328125,289.7428894042969,1.0,0.3470390737056732,1.0,1.0,0.0,1.0,-1.6230326890945437,1.623030424118042,2.151558646801277e-06,1.2509334087371826,0.0,0.0,0.0,80.8598403930664,87.0,-131.58360290527344,-0.0,467.21527099609375,1.0,283.35400390625,284.5365905761719,288.9228210449219,289.824462890625,293.1499938964844,293.1499938964844,278.1499938964844,0.0,18000.0,313.1499938964844,0.0,18000.0,0.0,0.0,0.0,0.0,0.0,0.0,0.0,0.0,0.0,-0.0,-0.0,-0.0,-5.5419562194307814e-21,-2.7709781097153907e-21,-2.7709781097153907e-21,0.0,0.0,-0.0,0.0,0.0,0.0,-0.0,0.0,0.0,0.0,0.0,0.0,4.0,0.0,0.0
12206340,297.7808532714844,297.1499938964844,293.1499938964844,0.0,-0.0,289.791015625,0.7919961214065552,0.2564664781093597,0.2313759177923202,297.380859375,297.1499938964844,293.1499938964844,0.0,-0.0,289.7889709472656,0.6488538980484009,0.1394678205251693,0.1345110833644867,297.609130859375,297.1499938964844,293.1499938964844,0.0,-0.0,289.7904663085937,0.7434400916099548,0.2108505070209503,0.1487502604722976,297.3494873046875,297.1499938964844,293.1499938964844,0.0,-0.0,289.7886657714844,0.6354711055755615,0.1304468959569931,0.1260920166969299,297.4193725585937,297.1499938964844,293.1499938964844,0.0,-0.0,289.7894592285156,0.6746277809143066,0.1565022319555282,0.7147625088691711,289.7908630371094,285.97882080078125,289.86328125,286.6639404296875,289.8573608398437,297.7283935546875,289.79705810546875,1.0,0.3489068150520324,1.0,1.0,0.0,1.0,-1.6268765926361084,1.6268744468688965,2.1611747342831222e-06,1.253909945487976,0.0,0.0,0.0,82.63822174072266,75.0,32.35426330566406,-0.0,474.4087524414063,1.0,283.35400390625,284.5365905761719,288.9228210449219,289.824462890625,293.1499938964844,293.1499938964844,278.1499938964844,0.0,18000.0,313.1499938964844,0.0,18000.0,0.0,0.0,0.0,0.0,0.0,0.0,0.0,0.0,0.0,-0.0,-0.0,-0.0,-5.5419562194307814e-21,-2.7709781097153907e-21,-2.7709781097153907e-21,0.0,0.0,-0.0,0.0,0.0,0.0,-0.0,0.0,0.0,0.0,0.0,0.0,4.0,0.0,0.0
12206400,297.7808532714844,297.1499938964844,293.1499938964844,0.0,-0.0,289.791015625,0.7919961214065552,0.2564664781093597,0.2313759177923202,297.380859375,297.1499938964844,293.1499938964844,0.0,-0.0,289.7889709472656,0.6488538980484009,0.1394678205251693,0.1345110833644867,297.609130859375,297.1499938964844,293.1499938964844,0.0,-0.0,289.7904663085937,0.7434400916099548,0.2108505070209503,0.1487502604722976,297.3494873046875,297.1499938964844,293.1499938964844,0.0,-0.0,289.7886657714844,0.6354711055755615,0.1304468959569931,0.1260920166969299,297.4193725585937,297.1499938964844,293.1499938964844,0.0,-0.0,289.7894592285156,0.6746277809143066,0.1565022319555282,0.7147625088691711,289.7908630371094,285.97882080078125,289.86328125,286.6639404296875,289.8573608398437,297.7283935546875,289.79705810546875,1.0,0.3489068150520324,1.0,1.0,0.0,1.0,-1.6268765926361084,1.6268744468688965,2.1611747342831222e-06,1.253909945487976,0.0,0.0,0.0,82.63822174072266,75.0,32.35426330566406,-0.0,474.4087524414063,1.0,283.35400390625,284.5365905761719,288.9228210449219,289.824462890625,293.1499938964844,293.1499938964844,278.1499938964844,0.0,18000.0,313.1499938964844,0.0,18000.0,0.0,0.0,0.0,0.0,0.0,0.0,0.0,0.0,0.0,-0.0,-0.0,-0.0,-5.5419562194307814e-21,-2.7709781097153907e-21,-2.7709781097153907e-21,0.0,0.0,-0.0,0.0,0.0,0.0,-0.0,0.0,0.0,0.0,0.0,0.0,4.0,0.0,0.0
12206460,297.7673645019531,297.1499938964844,293.1499938964844,0.0,-0.0,289.8938293457031,0.8064000606536865,0.2630771696567535,0.2369167804718017,297.3611145019531,297.1499938964844,293.1499938964844,0.0,-0.0,289.890625,0.6560376286506653,0.1403813064098358,0.1350493729114532,297.5838928222656,297.1499938964844,293.1499938964844,0.0,-0.0,289.8930053710937,0.753539502620697,0.2140956223011016,0.1507538408041,297.3291931152344,297.1499938964844,293.1499938964844,0.0,-0.0,289.8901672363281,0.6415307521820068,0.130906343460083,0.1262025833129882,297.3931884765625,297.1499938964844,293.1499938964844,0.0,-0.0,289.891357421875,0.6821281313896179,0.1572468429803848,0.7163729667663574,289.8935241699219,285.9378356933594,290.0340576171875,286.7574462890625,290.0282592773437,297.7099914550781,289.9027099609375,1.0,0.3466737866401672,1.0,1.0,0.0,1.0,-1.6386431455612185,1.6386409997940063,2.1909431779931765e-06,1.263161301612854,0.0,0.0,0.0,79.25188446044922,63.0,124.4376449584961,-0.0,471.9918212890625,1.0,283.35400390625,284.5365905761719,288.9228210449219,289.824462890625,293.1499938964844,293.1499938964844,278.1499938964844,0.0,18000.0,313.1499938964844,0.0,18000.0,0.0,0.0,0.0,0.0,0.0,0.0,0.0,0.0,0.0,-0.0,-0.0,-0.0,-5.5419562194307814e-21,-2.7709781097153907e-21,-2.7709781097153907e-21,0.0,0.0,-0.0,0.0,0.0,0.0,-0.0,0.0,0.0,0.0,0.0,0.0,4.0,0.0,0.0
12206520,297.7673645019531,297.1499938964844,293.1499938964844,0.0,-0.0,289.8938293457031,0.8064000606536865,0.2630771696567535,0.2369167804718017,297.3611145019531,297.1499938964844,293.1499938964844,0.0,-0.0,289.890625,0.6560376286506653,0.1403813064098358,0.1350493729114532,297.5838928222656,297.1499938964844,293.1499938964844,0.0,-0.0,289.8930053710937,0.753539502620697,0.2140956223011016,0.1507538408041,297.3291931152344,297.1499938964844,293.1499938964844,0.0,-0.0,289.8901672363281,0.6415307521820068,0.130906343460083,0.1262025833129882,297.3931884765625,297.1499938964844,293.1499938964844,0.0,-0.0,289.891357421875,0.6821281313896179,0.1572468429803848,0.7163729667663574,289.8935241699219,285.9378356933594,290.0340576171875,286.7574462890625,290.0282592773437,297.7099914550781,289.9027099609375,1.0,0.3466737866401672,1.0,1.0,0.0,1.0,-1.6386431455612185,1.6386409997940063,2.1909431779931765e-06,1.263161301612854,0.0,0.0,0.0,79.25188446044922,63.0,124.4376449584961,-0.0,471.9918212890625,1.0,283.35400390625,284.5365905761719,288.9228210449219,289.824462890625,293.1499938964844,293.1499938964844,278.1499938964844,0.0,18000.0,313.1499938964844,0.0,18000.0,0.0,0.0,0.0,0.0,0.0,0.0,0.0,0.0,0.0,-0.0,-0.0,-0.0,-5.5419562194307814e-21,-2.7709781097153907e-21,-2.7709781097153907e-21,0.0,0.0,-0.0,0.0,0.0,0.0,-0.0,0.0,0.0,0.0,0.0,0.0,4.0,0.0,0.0
12206580,297.76385498046875,297.1499938964844,293.1499938964844,0.0,-0.0,289.9828796386719,0.8212003111839294,0.2680880427360534,0.2411132752895355,297.3526611328125,297.1499938964844,293.1499938964844,0.0,-0.0,289.97918701171875,0.665947675704956,0.1413696110248565,0.1357077211141586,297.5722961425781,297.1499938964844,293.1499938964844,0.0,-0.0,289.9819030761719,0.7658842206001282,0.2167088985443115,0.1523683071136474,297.3203125,297.1499938964844,293.1499938964844,0.0,-0.0,289.9786071777344,0.6503241658210754,0.1315797865390777,0.1265645027160644,297.3814392089844,297.1499938964844,293.1499938964844,0.0,-0.0,289.9800109863281,0.6925961375236511,0.1581890434026718,0.7192083597183228,289.9825134277344,285.9100036621094,290.1499938964844,286.81988525390625,290.144287109375,297.7032775878906,289.99285888671875,1.0,0.343607634305954,1.0,1.0,0.0,1.0,-1.6502468585968018,1.6502447128295898,2.220571104771807e-06,1.2723016738891602,0.0,0.0,0.0,74.94493103027344,63.0,162.48013305664062,-0.0,466.833251953125,1.0,283.35400390625,284.5365905761719,288.9228210449219,289.824462890625,293.1499938964844,293.1499938964844,278.1499938964844,0.0,18000.0,313.1499938964844,0.0,18000.0,0.0,0.0,0.0,0.0,0.0,0.0,0.0,0.0,0.0,-0.0,-0.0,-0.0,-5.5419562194307814e-21,-2.7709781097153907e-21,-2.7709781097153907e-21,0.0,0.0,-0.0,0.0,0.0,0.0,-0.0,0.0,0.0,0.0,0.0,0.0,4.0,0.0,0.0
12206640,297.7633972167969,297.1499938964844,293.1499938964844,0.0,-0.0,290.027099609375,0.8291449546813965,0.2704896032810211,0.2431238442659378,297.3498229980469,297.1499938964844,293.1499938964844,0.0,-0.0,290.0232238769531,0.671879768371582,0.1419026106595993,0.1360754966735839,297.5681457519531,297.1499938964844,293.1499938964844,0.0,-0.0,290.02606201171875,0.773070752620697,0.2179890125989914,0.153159812092781,297.3173217773437,297.1499938964844,293.1499938964844,0.0,-0.0,290.0226135253906,0.6556774973869324,0.1319672763347625,0.1267953068017959,297.3773498535156,297.1499938964844,293.1499938964844,0.0,-0.0,290.0240783691406,0.6987724304199219,0.1587128341197967,0.720885157585144,290.02667236328125,285.8973083496094,290.202880859375,286.8480834960937,290.1972045898437,297.701416015625,290.0373840332031,1.0,0.3419000804424286,1.0,1.0,0.0,1.0,-1.6563421487808228,1.6563398838043213,2.2362360141414683e-06,1.2771046161651611,0.0,0.0,0.0,72.57716369628906,51.0,175.2806396484375,-0.0,463.78851318359375,1.0,283.35400390625,284.5365905761719,288.9228210449219,289.824462890625,293.1499938964844,293.1499938964844,278.1499938964844,0.0,18000.0,313.1499938964844,0.0,18000.0,0.0,0.0,0.0,0.0,0.0,0.0,0.0,0.0,0.0,-0.0,-0.0,-0.0,-5.5419562194307814e-21,-2.7709781097153907e-21,-2.7709781097153907e-21,0.0,0.0,-0.0,0.0,0.0,0.0,-0.0,0.0,0.0,0.0,0.0,0.0,4.0,0.0,0.0
12206700,297.7638854980469,297.1499938964844,293.1499938964844,0.0,-0.0,290.1004638671875,0.8437870740890503,0.2744194269180298,0.2464130073785781,297.3464660644531,297.1499938964844,293.1499938964844,0.0,-0.0,290.0964050292969,0.6832197308540344,0.1428369730710983,0.1367333531379699,297.56280517578125,297.1499938964844,293.1499938964844,0.0,-0.0,290.0993957519531,0.786604642868042,0.2201099544763565,0.1544721126556396,297.3136901855469,297.1499938964844,293.1499938964844,0.0,-0.0,290.09576416015625,0.6660856604576111,0.1326688677072525,0.1272341459989547,297.3721618652344,297.1499938964844,293.1499938964844,0.0,-0.0,290.0972900390625,0.7103385925292969,0.159643292427063,0.7239562273025513,290.1000061035156,285.87725830078125,290.2864685058594,286.8922119140625,290.2808532714844,297.6997985839844,290.1111755371094,1.0,0.3388818800449371,1.0,1.0,0.0,1.0,-1.6668695211410522,1.6668672561645508,2.2634553715761285e-06,1.285400629043579,0.0,0.0,0.0,68.41645050048828,51.0,191.09120178222656,-0.0,458.2615661621094,1.0,283.35400390625,284.5365905761719,288.9228210449219,289.824462890625,293.1499938964844,293.1499938964844,278.1499938964844,0.0,18000.0,313.1499938964844,0.0,18000.0,0.0,0.0,0.0,0.0,0.0,0.0,0.0,0.0,0.0,-0.0,-0.0,-0.0,-5.5419562194307814e-21,-2.7709781097153907e-21,-2.7709781097153907e-21,0.0,0.0,-0.0,0.0,0.0,0.0,-0.0,0.0,0.0,0.0,0.0,0.0,4.0,0.0,0.0
12206760,297.7655334472656,297.1499938964844,293.1499938964844,0.0,-0.0,290.1767272949219,0.8616569638252258,0.2784700393676758,0.2498033046722412,297.34423828125,297.1499938964844,293.1499938964844,0.0,-0.0,290.1724853515625,0.6970757246017456,0.1438640058040619,0.1374701857566833,297.5586853027344,297.1499938964844,293.1499938964844,0.0,-0.0,290.1755676269531,0.8029143810272217,0.2223203927278518,0.1558410972356796,297.3111877441406,297.1499938964844,293.1499938964844,0.0,-0.0,290.1718139648437,0.6791155934333801,0.1334613114595413,0.1277502477169037,297.36834716796875,297.1499938964844,293.1499938964844,0.0,-0.0,290.17340087890625,0.7232762575149536,0.1606759130954742,0.7274539470672607,290.1762084960937,285.8573303222656,290.36944580078125,286.9355773925781,290.3639221191406,297.699462890625,290.1876525878906,1.0,0.3355622291564941,1.0,1.0,0.0,1.0,-1.6782865524291992,1.6782842874526978,2.2932063075131737e-06,1.2943968772888184,0.0,0.0,0.0,63.859642028808594,39.0,202.53065490722656,-0.0,452.0430908203125,1.0,283.35400390625,284.5365905761719,288.9228210449219,289.824462890625,293.1499938964844,293.1499938964844,278.1499938964844,0.0,18000.0,313.1499938964844,0.0,18000.0,0.0,0.0,0.0,0.0,0.0,0.0,0.0,0.0,0.0,-0.0,-0.0,-0.0,-5.5419562194307814e-21,-2.7709781097153907e-21,-2.7709781097153907e-21,0.0,0.0,-0.0,0.0,0.0,0.0,-0.0,0.0,0.0,0.0,0.0,0.0,4.0,0.0,0.0
12206820,297.7715759277344,297.1499938964844,293.1499938964844,0.0,-0.0,290.33447265625,0.9108672738075256,0.2868750691413879,0.2568389773368835,297.3424987792969,297.1499938964844,293.1499938964844,0.0,-0.0,290.330078125,0.73160719871521,0.1461438685655594,0.1391387730836868,297.5533447265625,297.1499938964844,293.1499938964844,0.0,-0.0,290.3332824707031,0.8429226279258728,0.2269529402256012,0.1587137877941131,297.30889892578125,297.1499938964844,293.1499938964844,0.0,-0.0,290.3293762207031,0.7143961787223816,0.1352661997079849,0.1289721429347992,297.3638610839844,297.1499938964844,293.1499938964844,0.0,-0.0,290.3310241699219,0.757048487663269,0.1629830598831176,0.7354660034179688,290.3338928222656,285.8179626464844,290.53350830078125,287.0197448730469,290.5281677246094,297.7017822265625,290.3455505371094,1.0,0.3282690942287445,1.0,1.0,0.0,1.0,-1.703271508216858,1.703269124031067,2.35914922086522e-06,1.314077615737915,0.0,0.0,0.0,53.867183685302734,27.0,216.25314331054688,-0.0,438.0191040039063,1.0,283.35400390625,284.5365905761719,288.9228210449219,289.824462890625,293.1499938964844,293.1499938964844,278.1499938964844,0.0,18000.0,313.1499938964844,0.0,18000.0,0.0,0.0,0.0,0.0,0.0,0.0,0.0,0.0,0.0,-0.0,-0.0,-0.0,-5.5419562194307814e-21,-2.7709781097153907e-21,-2.7709781097153907e-21,0.0,0.0,-0.0,0.0,0.0,0.0,-0.0,0.0,0.0,0.0,0.0,0.0,4.0,0.0,0.0
12206880,297.7715759277344,297.1499938964844,293.1499938964844,0.0,-0.0,290.33447265625,0.9108672738075256,0.2868750691413879,0.2568389773368835,297.3424987792969,297.1499938964844,293.1499938964844,0.0,-0.0,290.330078125,0.73160719871521,0.1461438685655594,0.1391387730836868,297.5533447265625,297.1499938964844,293.1499938964844,0.0,-0.0,290.3332824707031,0.8429226279258728,0.2269529402256012,0.1587137877941131,297.30889892578125,297.1499938964844,293.1499938964844,0.0,-0.0,290.3293762207031,0.7143961787223816,0.1352661997079849,0.1289721429347992,297.3638610839844,297.1499938964844,293.1499938964844,0.0,-0.0,290.3310241699219,0.757048487663269,0.1629830598831176,0.7354660034179688,290.3338928222656,285.8179626464844,290.53350830078125,287.0197448730469,290.5281677246094,297.7017822265625,290.3455505371094,1.0,0.3282690942287445,1.0,1.0,0.0,1.0,-1.703271508216858,1.703269124031067,2.35914922086522e-06,1.314077615737915,0.0,0.0,0.0,53.867183685302734,27.0,216.25314331054688,-0.0,438.0191040039063,1.0,283.35400390625,284.5365905761719,288.9228210449219,289.824462890625,293.1499938964844,293.1499938964844,278.1499938964844,0.0,18000.0,313.1499938964844,0.0,18000.0,0.0,0.0,0.0,0.0,0.0,0.0,0.0,0.0,0.0,-0.0,-0.0,-0.0,-5.5419562194307814e-21,-2.7709781097153907e-21,-2.7709781097153907e-21,0.0,0.0,-0.0,0.0,0.0,0.0,-0.0,0.0,0.0,0.0,0.0,0.0,4.0,0.0,0.0
12206940,297.7801513671875,297.1499938964844,293.1499938964844,0.0,-0.0,290.4955139160156,0.9880625009536744,0.2956147491931915,0.2641574144363403,297.3432922363281,297.1499938964844,293.1499938964844,0.0,-0.0,290.4910583496094,0.7851096987724304,0.1486591547727584,0.1410127431154251,297.55078125,297.1499938964844,293.1499938964844,0.0,-0.0,290.4942626953125,0.9081873297691344,0.2317990511655807,0.1617227792739868,297.3091125488281,297.1499938964844,293.1499938964844,0.0,-0.0,290.49029541015625,0.7645907998085022,0.1372984945774078,0.1303920149803161,297.3623352050781,297.1499938964844,293.1499938964844,0.0,-0.0,290.4919738769531,0.814132571220398,0.1655333340167999,0.7445036172866821,290.494873046875,285.7792358398437,290.6947937011719,287.1003723144531,290.68963623046875,297.7069396972656,290.5064697265625,1.0,0.3204115927219391,1.0,1.0,0.0,1.0,-1.730476140975952,1.7304737567901611,2.4322484932781663e-06,1.3354917764663696,0.0,0.0,0.0,43.05323028564453,25.0,222.1612091064453,-0.0,422.3908386230469,1.0,283.35400390625,284.5365905761719,288.9228210449219,289.824462890625,293.1499938964844,293.1499938964844,278.1499938964844,0.0,18000.0,313.1499938964844,0.0,18000.0,0.0,0.0,0.0,0.0,0.0,0.0,0.0,0.0,0.0,-0.0,-0.0,-0.0,-5.5419562194307814e-21,-2.7709781097153907e-21,-2.7709781097153907e-21,0.0,0.0,-0.0,0.0,0.0,0.0,-0.0,0.0,0.0,0.0,0.0,0.0,4.0,0.0,0.0
12207000,297.7801513671875,297.1499938964844,293.1499938964844,0.0,-0.0,290.4955139160156,0.9880625009536744,0.2956147491931915,0.2641574144363403,297.3432922363281,297.1499938964844,293.1499938964844,0.0,-0.0,290.4910583496094,0.7851096987724304,0.1486591547727584,0.1410127431154251,297.55078125,297.1499938964844,293.1499938964844,0.0,-0.0,290.4942626953125,0.9081873297691344,0.2317990511655807,0.1617227792739868,297.3091125488281,297.1499938964844,293.1499938964844,0.0,-0.0,290.49029541015625,0.7645907998085022,0.1372984945774078,0.1303920149803161,297.3623352050781,297.1499938964844,293.1499938964844,0.0,-0.0,290.4919738769531,0.814132571220398,0.1655333340167999,0.7445036172866821,290.494873046875,285.7792358398437,290.6947937011719,287.1003723144531,290.68963623046875,297.7069396972656,290.5064697265625,1.0,0.3204115927219391,1.0,1.0,0.0,1.0,-1.730476140975952,1.7304737567901611,2.4322484932781663e-06,1.3354917764663696,0.0,0.0,0.0,43.05323028564453,25.0,222.1612091064453,-0.0,422.3908386230469,1.0,283.35400390625,284.5365905761719,288.9228210449219,289.824462890625,293.1499938964844,293.1499938964844,278.1499938964844,0.0,18000.0,313.1499938964844,0.0,18000.0,0.0,0.0,0.0,0.0,0.0,0.0,0.0,0.0,0.0,-0.0,-0.0,-0.0,-5.5419562194307814e-21,-2.7709781097153907e-21,-2.7709781097153907e-21,0.0,0.0,-0.0,0.0,0.0,0.0,-0.0,0.0,0.0,0.0,0.0,0.0,4.0,0.0,0.0
12207060,297.81121826171875,297.1499938964844,293.1499938964844,0.0,-0.0,290.6556396484375,0.9986674189567566,0.306689590215683,0.2421759217977523,297.3450622558594,297.1499938964844,293.1499938964844,0.0,-0.0,290.6517944335937,0.8238261938095093,0.1512885093688964,0.1432743668556213,297.5494689941406,297.1499938964844,293.1499938964844,0.0,-0.0,290.6549072265625,0.9606220722198486,0.2367408573627472,0.1650040000677108,297.3103332519531,297.1499938964844,293.1499938964844,0.0,-0.0,290.65106201171875,0.802575945854187,0.1394367218017578,0.1321920156478881,297.3623046875,297.1499938964844,293.1499938964844,0.0,-0.0,290.6526794433594,0.8517076373100281,0.1682202965021133,0.7554293274879456,290.6553955078125,285.74127197265625,290.85302734375,287.1772766113281,290.8479309082031,297.7256164550781,290.6665954589844,1.0,0.3143810033798218,1.0,1.0,0.0,1.0,-1.7260860204696655,1.7260836362838743,2.420719511064817e-06,1.332322359085083,0.0,0.0,0.0,37.80361175537109,43.0,222.12478637695312,-0.0,404.3819580078125,1.0,283.35400390625,284.5365905761719,288.9228210449219,289.824462890625,293.1499938964844,293.1499938964844,278.1499938964844,0.0,18000.0,313.1499938964844,0.0,18000.0,0.0,0.0,0.0,0.0,0.0,0.0,0.0,0.0,0.0,-0.0,-0.0,-0.0,-5.5419562194307814e-21,-2.7709781097153907e-21,-2.7709781097153907e-21,0.0,0.0,-0.0,0.0,0.0,0.0,-0.0,0.0,0.0,0.0,0.0,0.0,4.0,0.0,0.0
12207120,297.81121826171875,297.1499938964844,293.1499938964844,0.0,-0.0,290.6556396484375,0.9986674189567566,0.306689590215683,0.2421759217977523,297.3450622558594,297.1499938964844,293.1499938964844,0.0,-0.0,290.6517944335937,0.8238261938095093,0.1512885093688964,0.1432743668556213,297.5494689941406,297.1499938964844,293.1499938964844,0.0,-0.0,290.6549072265625,0.9606220722198486,0.2367408573627472,0.1650040000677108,297.3103332519531,297.1499938964844,293.1499938964844,0.0,-0.0,290.65106201171875,0.802575945854187,0.1394367218017578,0.1321920156478881,297.3623046875,297.1499938964844,293.1499938964844,0.0,-0.0,290.6526794433594,0.8517076373100281,0.1682202965021133,0.7554293274879456,290.6553955078125,285.74127197265625,290.85302734375,287.1772766113281,290.8479309082031,297.7256164550781,290.6665954589844,1.0,0.3143810033798218,1.0,1.0,0.0,1.0,-1.7260860204696655,1.7260836362838743,2.420719511064817e-06,1.332322359085083,0.0,0.0,0.0,37.80361175537109,43.0,222.12478637695312,-0.0,404.3819580078125,1.0,283.35400390625,284.5365905761719,288.9228210449219,289.824462890625,293.1499938964844,293.1499938964844,278.1499938964844,0.0,18000.0,313.1499938964844,0.0,18000.0,0.0,0.0,0.0,0.0,0.0,0.0,0.0,0.0,0.0,-0.0,-0.0,-0.0,-5.5419562194307814e-21,-2.7709781097153907e-21,-2.7709781097153907e-21,0.0,0.0,-0.0,0.0,0.0,0.0,-0.0,0.0,0.0,0.0,0.0,0.0,4.0,0.0,0.0
12207180,297.86236572265625,297.1499938964844,293.1499938964844,0.0,-0.0,290.8127136230469,0.9978262186050416,0.3202656507492065,0.2363241314888,297.3482360839844,297.1499938964844,293.1499938964844,0.0,-0.0,290.8091735839844,0.8337881565093994,0.1540776491165161,0.1458371132612228,297.5496826171875,297.1499938964844,293.1499938964844,0.0,-0.0,290.812255859375,0.9740440845489502,0.2418227195739746,0.1684944182634353,297.3128356933594,297.1499938964844,293.1499938964844,0.0,-0.0,290.8084411621094,0.8124788999557495,0.1417201310396194,0.1342814266681671,297.3648376464844,297.1499938964844,293.1499938964844,0.0,-0.0,290.8100280761719,0.8622689843177795,0.1711642444133758,0.768172562122345,290.8126525878906,285.7041015625,291.0079345703125,287.250244140625,291.0030212402344,297.76275634765625,290.8238830566406,1.0,0.3172473311424255,1.0,1.0,0.0,1.0,-1.7440658807754517,1.7440634965896606,2.469222636136692e-06,1.3461453914642334,0.0,0.0,0.0,37.46864318847656,61.0,220.1854705810547,-0.0,413.8306884765625,1.0,283.35400390625,284.5365905761719,288.9228210449219,289.824462890625,293.1499938964844,293.1499938964844,278.1499938964844,0.0,18000.0,313.1499938964844,0.0,18000.0,0.0,0.0,0.0,0.0,0.0,0.0,0.0,0.0,0.0,-0.0,-0.0,-0.0,-5.5419562194307814e-21,-2.7709781097153907e-21,-2.7709781097153907e-21,0.0,0.0,-0.0,0.0,0.0,0.0,-0.0,0.0,0.0,0.0,0.0,0.0,4.0,0.0,0.0
12207240,297.86236572265625,297.1499938964844,293.1499938964844,0.0,-0.0,290.8127136230469,0.9978262186050416,0.3202656507492065,0.2363241314888,297.3482360839844,297.1499938964844,293.1499938964844,0.0,-0.0,290.8091735839844,0.8337881565093994,0.1540776491165161,0.1458371132612228,297.5496826171875,297.1499938964844,293.1499938964844,0.0,-0.0,290.812255859375,0.9740440845489502,0.2418227195739746,0.1684944182634353,297.3128356933594,297.1499938964844,293.1499938964844,0.0,-0.0,290.8084411621094,0.8124788999557495,0.1417201310396194,0.1342814266681671,297.3648376464844,297.1499938964844,293.1499938964844,0.0,-0.0,290.8100280761719,0.8622689843177795,0.1711642444133758,0.768172562122345,290.8126525878906,285.7041015625,291.0079345703125,287.250244140625,291.0030212402344,297.76275634765625,290.8238830566406,1.0,0.3172473311424255,1.0,1.0,0.0,1.0,-1.7440658807754517,1.7440634965896606,2.469222636136692e-06,1.3461453914642334,0.0,0.0,0.0,37.46864318847656,61.0,220.1854705810547,-0.0,413.8306884765625,1.0,283.35400390625,284.5365905761719,288.9228210449219,289.824462890625,293.1499938964844,293.1499938964844,278.1499938964844,0.0,18000.0,313.1499938964844,0.0,18000.0,0.0,0.0,0.0,0.0,0.0,0.0,0.0,0.0,0.0,-0.0,-0.0,-0.0,-5.5419562194307814e-21,-2.7709781097153907e-21,-2.7709781097153907e-21,0.0,0.0,-0.0,0.0,0.0,0.0,-0.0,0.0,0.0,0.0,0.0,0.0,4.0,0.0,0.0
12207300,297.87811279296875,297.1499938964844,293.1499938964844,0.0,-0.0,290.8915100097656,0.9986600875854492,0.3263278603553772,0.2421153783798217,297.3502197265625,297.1499938964844,293.1499938964844,0.0,-0.0,290.887939453125,0.8308656811714172,0.1555292904376983,0.1472193896770477,297.5502624511719,297.1499938964844,293.1499938964844,0.0,-0.0,290.8909912109375,0.9709427952766418,0.2444115430116653,0.1703075170516967,297.3144836425781,297.1499938964844,293.1499938964844,0.0,-0.0,290.88720703125,0.8092253804206848,0.1429127603769302,0.1354211121797561,297.3666381835937,297.1499938964844,293.1499938964844,0.0,-0.0,290.8887634277344,0.8589430451393127,0.1727006584405899,0.7751144766807556,290.8913879394531,285.6858215332031,291.08404541015625,287.2851867675781,291.0792541503906,297.77557373046875,290.90252685546875,1.0,0.3214845955371856,1.0,1.0,0.0,1.0,-1.7645503282546997,1.7645477056503296,2.5255410491809016e-06,1.3621594905853271,0.0,0.0,0.0,38.63424301147461,61.0,219.4417724609375,-0.0,429.43792724609375,1.0,283.35400390625,284.5365905761719,288.9228210449219,289.824462890625,293.1499938964844,293.1499938964844,278.1499938964844,0.0,18000.0,313.1499938964844,0.0,18000.0,0.0,0.0,0.0,0.0,0.0,0.0,0.0,0.0,0.0,-0.0,-0.0,-0.0,-5.5419562194307814e-21,-2.7709781097153907e-21,-2.7709781097153907e-21,0.0,0.0,-0.0,0.0,0.0,0.0,-0.0,0.0,0.0,0.0,0.0,0.0,4.0,0.0,0.0
12207360,297.8855285644531,297.1499938964844,293.1499938964844,0.0,-0.0,290.9701843261719,0.9990000128746032,0.331671267747879,0.2525072395801544,297.3523864746094,297.1499938964844,293.1499938964844,0.0,-0.0,290.9665222167969,0.8236068487167358,0.1570103168487548,0.1486589610576629,297.5510559082031,297.1499938964844,293.1499938964844,0.0,-0.0,290.96954345703125,0.962184488773346,0.2470234930515289,0.1721584349870681,297.3162841796875,297.1499938964844,293.1499938964844,0.0,-0.0,290.9657897949219,0.8012470006942749,0.1441321820020675,0.1366149932146072,297.3684387207031,297.1499938964844,293.1499938964844,0.0,-0.0,290.96734619140625,0.8509334921836853,0.1742492467164993,0.7822861671447754,290.969970703125,285.66778564453125,291.15924072265625,287.3190612792969,291.1545715332031,297.7826232910156,290.98095703125,1.0,0.3273331522941589,1.0,1.0,0.0,1.0,-1.7910165786743164,1.7910139560699463,2.5994822863140143e-06,1.3828768730163574,0.0,0.0,0.0,40.61552047729492,79.0,218.5909118652344,-0.0,451.5484008789063,1.0,283.35400390625,284.5365905761719,288.9228210449219,289.824462890625,293.1499938964844,293.1499938964844,278.1499938964844,0.0,18000.0,313.1499938964844,0.0,18000.0,0.0,0.0,0.0,0.0,0.0,0.0,0.0,0.0,0.0,-0.0,-0.0,-0.0,-5.5419562194307814e-21,-2.7709781097153907e-21,-2.7709781097153907e-21,0.0,0.0,-0.0,0.0,0.0,0.0,-0.0,0.0,0.0,0.0,0.0,0.0,4.0,0.0,0.0
12207420,297.8810729980469,297.1499938964844,293.1499938964844,0.0,-0.0,291.0990600585937,0.9990000128746032,0.3389069736003876,0.2772351801395416,297.3561096191406,297.1499938964844,293.1499938964844,0.0,-0.0,291.0951538085937,0.8037903308868408,0.1594937145709991,0.1511390209197998,297.55255126953125,297.1499938964844,293.1499938964844,0.0,-0.0,291.0981140136719,0.9364016056060792,0.2513545751571655,0.1752766668796539,297.3194580078125,297.1499938964844,293.1499938964844,0.0,-0.0,291.09442138671875,0.7804542183876038,0.1461832672357559,0.1386875510215759,297.3709716796875,297.1499938964844,293.1499938964844,0.0,-0.0,291.095947265625,0.830631673336029,0.1767798513174057,0.7943737506866455,291.0985717773437,285.6385803222656,291.2808837890625,287.3724670410156,291.2764587402344,297.7819519042969,291.10919189453125,1.0,0.3399299085140228,1.0,1.0,0.0,1.0,-1.8444217443466189,1.844419002532959,2.752591171883978e-06,1.4246822595596311,0.0,0.0,0.0,45.6689338684082,79.0,216.68414306640625,-0.0,501.3414611816406,1.0,283.35400390625,284.5365905761719,288.9228210449219,289.824462890625,293.1499938964844,293.1499938964844,278.1499938964844,0.0,18000.0,313.1499938964844,0.0,18000.0,0.0,0.0,0.0,0.0,0.0,0.0,0.0,0.0,0.0,-0.0,-0.0,-0.0,-5.5419562194307814e-21,-2.7709781097153907e-21,-2.7709781097153907e-21,0.0,0.0,-0.0,0.0,0.0,0.0,-0.0,0.0,0.0,0.0,0.0,0.0,4.0,0.0,0.0
12207480,297.87774658203125,297.1499938964844,293.1499938964844,0.0,-0.0,291.1265869140625,0.9990000128746032,0.3402254581451416,0.2836241424083709,297.35693359375,297.1499938964844,293.1499938964844,0.0,-0.0,291.12261962890625,0.7985305190086365,0.1600331664085388,0.1516878008842468,297.5528869628906,297.1499938964844,293.1499938964844,0.0,-0.0,291.1255798339844,0.9295549988746644,0.2522889673709869,0.1759569644927978,297.3201599121094,297.1499938964844,293.1499938964844,0.0,-0.0,291.1219177246094,0.7753064036369324,0.1466299593448639,0.1391486823558807,297.37139892578125,297.1499938964844,293.1499938964844,0.0,-0.0,291.1234130859375,0.8256179690361023,0.177317202091217,0.7969951033592224,291.12603759765625,285.63238525390625,291.3066711425781,287.3835754394531,291.30230712890625,297.780029296875,291.1365661621094,1.0,0.3430590033531189,1.0,1.0,0.0,1.0,-1.8572723865509035,1.857269644737244,2.7901996872969903e-06,1.4347350597381592,0.0,0.0,0.0,47.03417205810547,82.0,216.1711883544922,-0.0,514.1988525390625,1.0,283.35400390625,284.5365905761719,288.9228210449219,289.824462890625,293.1499938964844,293.1499938964844,278.1499938964844,0.0,18000.0,313.1499938964844,0.0,18000.0,0.0,0.0,0.0,0.0,0.0,0.0,0.0,0.0,0.0,-0.0,-0.0,-0.0,-5.5419562194307814e-21,-2.7709781097153907e-21,-2.7709781097153907e-21,0.0,0.0,-0.0,0.0,0.0,0.0,-0.0,0.0,0.0,0.0,0.0,0.0,4.0,0.0,0.0
12207540,297.7596435546875,297.1499938964844,293.1499938964844,0.0,-0.0,287.5744934082031,0.9876083731651306,0.337854266166687,0.3077239990234375,297.327392578125,297.1499938964844,293.1499938964844,0.0,-0.0,287.70458984375,0.7670931220054626,0.1597982794046402,0.1536512523889541,297.4954833984375,297.1499938964844,293.1499938964844,0.0,-0.0,287.6123046875,0.8904428482055664,0.2518107295036316,0.1782745271921157,297.2925720214844,297.1499938964844,293.1499938964844,0.0,-0.0,287.7294921875,0.7454386353492737,0.146116018295288,0.1407113075256347,297.3348693847656,297.1499938964844,293.1499938964844,0.0,-0.0,287.6794738769531,0.7935900092124939,0.1765757799148559,0.8053739070892334,287.59698486328125,285.5979919433594,291.45001220703125,287.44354248046875,291.44586181640625,297.6864624023437,287.332275390625,1.0,0.3564509451389313,1.0,1.0,0.0,1.0,-1.9017354249954224,1.901732444763184,2.924655518654617e-06,1.470949411392212,0.977810561656952,0.977810561656952,0.0,55.27458572387695,85.0,10221.60546875,-0.0,571.8218383789062,1.0,283.3095703125,287.8294372558594,290.27020263671875,291.01104736328125,293.1499938964844,293.1499938964844,283.1499938964844,1678.480224609375,19080.0,313.1499938964844,0.0,18000.0,1.0,0.0,0.0,0.0,1.0,0.0254918951541185,1.0,0.0,0.0,0.8526480197906494,0.8526500463485718,5.1797208300286e-08,4.260123252868652,4.26011323928833,9.835341188590974e-06,0.0,0.0,-0.0,3958.01025390625,0.0,19.315963745117188,1894.6385498046875,0.0,0.0,0.2219807654619217,1.0,0.0,3.0,1.0,0.0
12207600,297.7596435546875,297.1499938964844,293.1499938964844,0.0,-0.0,287.5744934082031,0.9876083731651306,0.337854266166687,0.3077239990234375,297.327392578125,297.1499938964844,293.1499938964844,0.0,-0.0,287.70458984375,0.7670931220054626,0.1597982794046402,0.1536512523889541,297.4954833984375,297.1499938964844,293.1499938964844,0.0,-0.0,287.6123046875,0.8904428482055664,0.2518107295036316,0.1782745271921157,297.2925720214844,297.1499938964844,293.1499938964844,0.0,-0.0,287.7294921875,0.7454386353492737,0.146116018295288,0.1407113075256347,297.3348693847656,297.1499938964844,293.1499938964844,0.0,-0.0,287.6794738769531,0.7935900092124939,0.1765757799148559,0.8053739070892334,287.59698486328125,285.5979919433594,291.45001220703125,287.44354248046875,291.44586181640625,297.6864624023437,287.332275390625,1.0,0.3564509451389313,1.0,1.0,0.0,1.0,-1.9017354249954224,1.901732444763184,2.924655518654617e-06,1.470949411392212,0.977810561656952,0.977810561656952,0.0,55.27458572387695,85.0,10221.60546875,-0.0,571.8218383789062,1.0,283.3095703125,287.8294372558594,290.27020263671875,291.01104736328125,293.1499938964844,293.1499938964844,283.1499938964844,1678.480224609375,19080.0,313.1499938964844,0.0,18000.0,1.0,0.0,0.0,0.0,1.0,0.0254918951541185,1.0,0.0,0.0,0.8526480197906494,0.8526500463485718,5.1797208300286e-08,4.260123252868652,4.26011323928833,9.835341188590974e-06,0.0,0.0,-0.0,3958.01025390625,0.0,19.315963745117188,1894.6385498046875,0.0,0.0,0.2219807654619217,1.0,0.0,3.0,1.0,0.0
12207660,297.5027160644531,297.1499938964844,293.1499938964844,0.0,-0.0,285.7491455078125,0.8864998817443848,0.319381982088089,0.2919038534164428,297.21710205078125,297.1499938964844,293.1499938964844,0.0,-0.0,285.7686767578125,0.6959142088890076,0.1508518457412719,0.1469636261463165,297.31524658203125,297.1499938964844,293.1499938964844,0.0,-0.0,285.7550048828125,0.8071281909942627,0.237870842218399,0.1699760556221008,297.1867980957031,297.1499938964844,293.1499938964844,0.0,-0.0,285.7723999023437,0.6735824942588806,0.1371916532516479,0.1340792626142501,297.2011413574219,297.1499938964844,293.1499938964844,0.0,-0.0,285.7652282714844,0.7184664011001587,0.1653521656990051,0.7649449110031128,285.752685546875,285.5643310546875,291.59033203125,287.49957275390625,291.5860290527344,297.4332580566406,285.7085266113281,1.0,0.3619345426559448,1.0,1.0,0.0,1.0,-1.8099008798599243,1.8098982572555544,2.6547165816737106e-06,1.398927092552185,0.9644050002098083,0.9644050002098083,0.0,73.66075134277344,73.0,11610.353515625,-0.0,565.1364135742188,1.0,283.2015075683594,285.35089111328125,291.7672424316406,292.4144287109375,293.1499938964844,293.1499938964844,283.1499938964844,4517.0009765625,20160.0,313.1499938964844,0.0,18000.0,1.0,0.0,0.0,0.0,1.0,0.2959107160568237,1.0,0.0,0.0,1.3800843954086304,1.3800877332687378,1.270957881160939e-07,4.265919208526611,4.265909194946289,9.785972906684036e-06,0.0,0.0,-0.0,4169.90625,0.0,81.09432220458984,1895.4364013671875,0.0,108.2072296142578,0.3506230413913727,1.0,0.0,3.0,1.0,0.0
12207720,297.5027160644531,297.1499938964844,293.1499938964844,0.0,-0.0,285.7491455078125,0.8864998817443848,0.319381982088089,0.2919038534164428,297.21710205078125,297.1499938964844,293.1499938964844,0.0,-0.0,285.7686767578125,0.6959142088890076,0.1508518457412719,0.1469636261463165,297.31524658203125,297.1499938964844,293.1499938964844,0.0,-0.0,285.7550048828125,0.8071281909942627,0.237870842218399,0.1699760556221008,297.1867980957031,297.1499938964844,293.1499938964844,0.0,-0.0,285.7723999023437,0.6735824942588806,0.1371916532516479,0.1340792626142501,297.2011413574219,297.1499938964844,293.1499938964844,0.0,-0.0,285.7652282714844,0.7184664011001587,0.1653521656990051,0.7649449110031128,285.752685546875,285.5643310546875,291.59033203125,287.49957275390625,291.5860290527344,297.4332580566406,285.7085266113281,1.0,0.3619345426559448,1.0,1.0,0.0,1.0,-1.8099008798599243,1.8098982572555544,2.6547165816737106e-06,1.398927092552185,0.9644050002098083,0.9644050002098083,0.0,73.66075134277344,73.0,11610.353515625,-0.0,565.1364135742188,1.0,283.2015075683594,285.35089111328125,291.7672424316406,292.4144287109375,293.1499938964844,293.1499938964844,283.1499938964844,4517.0009765625,20160.0,313.1499938964844,0.0,18000.0,1.0,0.0,0.0,0.0,1.0,0.2959107160568237,1.0,0.0,0.0,1.3800843954086304,1.3800877332687378,1.270957881160939e-07,4.265919208526611,4.265909194946289,9.785972906684036e-06,0.0,0.0,-0.0,4169.90625,0.0,81.09432220458984,1895.4364013671875,0.0,108.2072296142578,0.3506230413913727,1.0,0.0,3.0,1.0,0.0
12207780,297.3843688964844,297.1499938964844,293.1499938964844,0.0,-0.0,285.3147888183594,0.8543930053710938,0.3117522597312927,0.2832657098770141,297.1416931152344,297.1499938964844,293.1499938964844,0.0,-0.0,285.3233642578125,0.6652814149856567,0.1440195888280868,0.1401994824409485,297.2055358886719,297.1499938964844,293.1499938964844,0.0,-0.0,285.3174133300781,0.7740939855575562,0.2287767082452774,0.162955954670906,297.1126403808594,297.1499938964844,293.1499938964844,0.0,-0.0,285.3250427246094,0.6437123417854309,0.1301030069589615,0.1271089613437652,297.1054077148437,297.1499938964844,293.1499938964844,0.0,-0.0,285.3220520019531,0.6849597096443176,0.156250774860382,0.7223278284072876,285.31646728515625,285.5794677734375,291.7289428710937,287.55230712890625,291.7244873046875,297.30279541015625,285.2966613769531,1.0,0.3576977252960205,1.0,1.0,0.0,1.0,-1.7234153747558594,1.7234128713607788,2.4140369987435406e-06,1.3306450843811035,0.957778811454773,0.957778811454773,0.0,80.65743255615234,61.0,12286.5126953125,-0.0,528.5758056640625,1.0,283.16021728515625,284.8101806640625,291.51373291015625,292.5582275390625,293.1499938964844,293.1499938964844,283.1499938964844,7995.13232421875,21240.0,313.1499938964844,0.0,18000.0,1.0,0.0,0.0,0.0,1.0,0.4983099400997162,1.0,0.0,0.0,1.826995015144348,1.827000856399536,2.22724580112299e-07,4.265924453735352,4.265914440155029,9.78592834144365e-06,0.0,0.0,-0.0,4106.96923828125,0.0,188.4371337890625,1895.4371337890625,0.0,501.7654113769531,0.45965176820755,1.0,0.0,3.0,1.0,0.0
12207840,297.3843688964844,297.1499938964844,293.1499938964844,0.0,-0.0,285.3147888183594,0.8543930053710938,0.3117522597312927,0.2832657098770141,297.1416931152344,297.1499938964844,293.1499938964844,0.0,-0.0,285.3233642578125,0.6652814149856567,0.1440195888280868,0.1401994824409485,297.2055358886719,297.1499938964844,293.1499938964844,0.0,-0.0,285.3174133300781,0.7740939855575562,0.2287767082452774,0.162955954670906,297.1126403808594,297.1499938964844,293.1499938964844,0.0,-0.0,285.3250427246094,0.6437123417854309,0.1301030069589615,0.1271089613437652,297.1054077148437,297.1499938964844,293.1499938964844,0.0,-0.0,285.3220520019531,0.6849597096443176,0.156250774860382,0.7223278284072876,285.31646728515625,285.5794677734375,291.7289428710937,287.55230712890625,291.7244873046875,297.30279541015625,285.2966613769531,1.0,0.3576977252960205,1.0,1.0,0.0,1.0,-1.7234153747558594,1.7234128713607788,2.4140369987435406e-06,1.3306450843811035,0.957778811454773,0.957778811454773,0.0,80.65743255615234,61.0,12286.5126953125,-0.0,528.5758056640625,1.0,283.16021728515625,284.8101806640625,291.51373291015625,292.5582275390625,293.1499938964844,293.1499938964844,283.1499938964844,7995.13232421875,21240.0,313.1499938964844,0.0,18000.0,1.0,0.0,0.0,0.0,1.0,0.4983099400997162,1.0,0.0,0.0,1.826995015144348,1.827000856399536,2.22724580112299e-07,4.265924453735352,4.265914440155029,9.78592834144365e-06,0.0,0.0,-0.0,4106.96923828125,0.0,188.4371337890625,1895.4371337890625,0.0,501.7654113769531,0.45965176820755,1.0,0.0,3.0,1.0,0.0
12207900,297.3530578613281,297.1499938964844,293.1499938964844,0.0,-0.0,285.1910095214844,0.8513296246528625,0.3101556301116943,0.2813190817832947,297.1169738769531,297.1499938964844,293.1499938964844,0.0,-0.0,285.1977233886719,0.6600399017333984,0.1415363997220993,0.1375958025455474,297.1717224121094,297.1499938964844,293.1499938964844,0.0,-0.0,285.1930847167969,0.7691766023635864,0.2258035391569137,0.1605732142925262,297.08843994140625,297.1499938964844,293.1499938964844,0.0,-0.0,285.1990661621094,0.638382613658905,0.1274883598089218,0.1243789568543434,297.0733642578125,297.1499938964844,293.1499938964844,0.0,-0.0,285.1967468261719,0.6782103180885315,0.1528191864490509,0.7054310441017151,285.1923828125,285.5616149902344,291.797607421875,287.5775146484375,291.7930908203125,297.2655944824219,285.1771545410156,1.0,0.3536645174026489,1.0,1.0,0.0,1.0,-1.6915172338485718,1.6915148496627808,2.3286943360290024e-06,1.3053996562957764,0.95423686504364,0.95423686504364,0.0,80.47383117675781,61.0,12498.5947265625,-0.0,507.7402648925781,1.0,283.15386962890625,284.65673828125,291.235107421875,292.3194885253906,293.1499938964844,293.1499938964844,283.1499938964844,9899.765625,21240.0,313.1499938964844,0.0,18000.0,1.0,0.0,0.0,0.0,1.0,0.5489939451217651,1.0,0.0,0.0,2.0259945392608643,2.0260016918182373,2.738860587214731e-07,4.265924453735352,4.265914440155029,9.78592834144365e-06,0.0,0.0,-0.0,4040.818115234375,0.0,257.2451171875,1895.4371337890625,0.0,682.414794921875,0.5054164528846741,1.0,0.0,3.0,1.0,0.0
12207960,297.331787109375,297.1499938964844,293.1499938964844,0.0,-0.0,285.1036376953125,0.852992832660675,0.3093490600585937,0.2802037596702575,297.0986328125,297.1499938964844,293.1499938964844,0.0,-0.0,285.1083984375,0.6587057709693909,0.139523833990097,0.135422870516777,297.1471252441406,297.1499938964844,293.1499938964844,0.0,-0.0,285.1051330566406,0.7687426209449768,0.223520815372467,0.1587080210447311,297.07061767578125,297.1499938964844,293.1499938964844,0.0,-0.0,285.1094055175781,0.6366342902183533,0.1253455430269241,0.1220818310976028,297.0494384765625,297.1499938964844,293.1499938964844,0.0,-0.0,285.1077575683594,0.6757022142410278,0.1499794274568557,0.691143274307251,285.1046447753906,285.5895690917969,291.8658447265625,287.6018981933594,291.8612976074219,297.2396545410156,285.09375,1.0,0.3488016724586487,1.0,1.0,0.0,1.0,-1.6654105186462402,1.6654082536697388,2.260234623463475e-06,1.2847193479537964,0.94998300075531,0.94998300075531,0.0,78.71150970458984,49.0,12628.1123046875,-0.0,486.5724792480469,1.0,283.1513366699219,284.5502319335937,290.9759521484375,292.0512390136719,293.1499938964844,293.1499938964844,283.1499938964844,11605.6376953125,22320.0,313.1499938964844,0.0,18000.0,1.0,0.0,0.0,0.0,1.0,0.5718287825584412,1.0,0.0,0.0,2.186652660369873,2.1866610050201416,3.190457960045024e-07,4.265924453735352,4.265914440155029,9.78592834144365e-06,0.0,0.0,-0.0,3977.1201171875,0.0,323.75347900390625,1895.4371337890625,0.0,783.7706298828125,0.5473268628120422,1.0,0.0,3.0,1.0,0.0
12208020,297.3089599609375,297.1499938964844,293.1499938964844,0.0,-0.0,284.9939880371094,0.8650471568107605,0.3091417253017425,0.2794490754604339,297.0771789550781,297.1499938964844,293.1499938964844,0.0,-0.0,284.9969787597656,0.6637235879898071,0.1367508023977279,0.1323023438453674,297.1181945800781,297.1499938964844,293.1499938964844,0.0,-0.0,284.99493408203125,0.7764354944229126,0.2205558866262436,0.1562066674232483,297.04998779296875,297.1499938964844,293.1499938964844,0.0,-0.0,284.99761962890625,0.6402089595794678,0.1223331466317176,0.1187344118952751,297.0211181640625,297.1499938964844,293.1499938964844,0.0,-0.0,284.99664306640625,0.679243803024292,0.145941361784935,0.6702872514724731,284.9946594238281,285.55487060546875,291.98974609375,287.6445617675781,291.9851379394531,297.2108154296875,284.9879455566406,1.0,0.3384246528148651,1.0,1.0,0.0,1.0,-1.6286871433258057,1.6286849975585938,2.166050990126678e-06,1.2556002140045166,0.9425342679023744,0.9425342679023744,0.0,72.76091003417969,49.0,12854.1640625,-0.0,448.0956115722656,1.0,283.150146484375,284.416015625,290.6656799316406,291.6835632324219,293.1499938964844,293.1499938964844,283.1499938964844,14736.5185546875,22320.0,313.1499938964844,0.0,18000.0,1.0,0.0,0.0,0.0,1.0,0.5691460967063904,1.0,0.0,0.0,2.446319818496704,2.446330308914185,3.993188499862299e-07,4.265924453735352,4.265914440155029,9.78592834144365e-06,0.0,0.0,-0.0,3904.158935546875,0.0,454.3879089355469,1895.4371337890625,0.0,771.1439819335938,0.6077382564544678,1.0,0.0,3.0,1.0,0.0
12208080,297.3075866699219,297.1499938964844,293.1499938964844,0.0,-0.0,284.98681640625,0.8666600584983826,0.3091803789138794,0.2794364392757416,297.0758056640625,297.1499938964844,293.1499938964844,0.0,-0.0,284.9896545410156,0.6645997762680054,0.1365434974431991,0.1320611089468002,297.1163330078125,297.1499938964844,293.1499938964844,0.0,-0.0,284.9877014160156,0.7776084542274475,0.220342144370079,0.1560208946466446,297.0487060546875,297.1499938964844,293.1499938964844,0.0,-0.0,284.9902648925781,0.6409121155738831,0.1221038624644279,0.1184723600745201,297.019287109375,297.1499938964844,293.1499938964844,0.0,-0.0,284.98931884765625,0.6800147294998169,0.1456310749053955,0.6686538457870483,284.9874572753906,285.5946960449219,292.0010070800781,287.6483459472656,291.99639892578125,297.20904541015625,284.9810485839844,1.0,0.3374046981334686,1.0,1.0,0.0,1.0,-1.6258831024169922,1.6258809566497805,2.158961024179007e-06,1.2533752918243408,0.9412784576416016,0.9412784576416016,0.0,72.0918197631836,37.0,12869.63671875,-0.0,444.6251831054688,1.0,283.1501159667969,284.4073791503906,290.6487121582031,291.6610412597656,293.1499938964844,293.1499938964844,283.1499938964844,14981.5830078125,23400.0,313.1499938964844,0.0,18000.0,1.0,0.0,0.0,0.0,1.0,0.5672430396080017,1.0,0.0,0.0,2.465010643005371,2.4650213718414307,4.054440978507046e-07,4.265924453735352,4.265914440155029,9.78592834144365e-06,0.0,0.0,-0.0,3900.22265625,0.0,464.97900390625,1895.4371337890625,0.0,762.3063354492188,0.6152667999267578,1.0,0.0,3.0,1.0,0.0
12208140,297.30059814453125,297.1499938964844,293.1499938964844,0.0,-0.0,284.9422912597656,0.8795444369316101,0.3096086382865906,0.279522031545639,297.06866455078125,297.1499938964844,293.1499938964844,0.0,-0.0,284.9446105957031,0.6721497178077698,0.1353106796741485,0.1305985003709793,297.1060485839844,297.1499938964844,293.1499938964844,0.0,-0.0,284.9430236816406,0.787319540977478,0.2190897911787033,0.1549138873815536,297.0420227050781,297.1499938964844,293.1499938964844,0.0,-0.0,284.94512939453125,0.6471505165100098,0.1207244396209716,0.116870678961277,297.0096435546875,297.1499938964844,293.1499938964844,0.0,-0.0,284.9443664550781,0.6869248747825623,0.1437513530254364,0.6586624383926392,284.9428100585937,285.5722045898437,292.0759582519531,287.6730041503906,292.0713195800781,297.19970703125,284.93768310546875,1.0,0.3303669393062591,1.0,1.0,0.0,1.0,-1.6089788675308228,1.6089767217636108,2.116524910888984e-06,1.2399582862854004,0.9363603591918944,0.9363603591918944,0.0,67.25450897216797,37.0,12985.080078125,-0.0,421.7309265136719,1.0,283.1500244140625,284.3519897460937,290.577880859375,291.5584411621094,293.1499938964844,293.1499938964844,283.1499938964844,16806.943359375,23400.0,313.1499938964844,0.0,18000.0,1.0,0.0,0.0,0.0,1.0,0.5517306923866272,1.0,0.0,0.0,2.5975258350372314,2.5975377559661865,4.502079207213683e-07,4.265924453735352,4.265914440155029,9.78592834144365e-06,0.0,0.0,-0.0,3885.86474609375,0.0,544.9844970703125,1895.4371337890625,0.0,693.8497314453125,0.6448990702629089,1.0,0.0,3.0,1.0,0.0
12208200,297.2972412109375,297.1499938964844,293.1499938964844,0.0,-0.0,284.9173278808594,0.8922975063323975,0.3101170063018799,0.2797530889511108,297.06500244140625,297.1499938964844,293.1499938964844,0.0,-0.0,284.9190673828125,0.6801915764808655,0.1344994306564331,0.1296026110649109,297.1003112792969,297.1499938964844,293.1499938964844,0.0,-0.0,284.9178771972656,0.7972410917282104,0.218281403183937,0.1541753858327865,297.0387268066406,297.1499938964844,293.1499938964844,0.0,-0.0,284.91943359375,0.6540197730064392,0.1197985336184501,0.1157658547163009,297.00457763671875,297.1499938964844,293.1499938964844,0.0,-0.0,284.9188842773437,0.6944856643676758,0.1424727290868759,0.6517526507377625,284.9177551269531,285.594970703125,292.13446044921875,287.69171142578125,292.1298217773437,297.19488525390625,284.9139404296875,1.0,0.324605256319046,1.0,1.0,0.0,1.0,-1.5975497961044312,1.5975476503372192,2.088130031552282e-06,1.2308824062347412,0.93200421333313,0.93200421333313,0.0,63.10402297973633,25.0,13046.560546875,-0.0,404.1065673828125,1.0,283.1500244140625,284.3210144042969,290.5641174316406,291.5251159667969,293.1499938964844,293.1499938964844,283.1499938964844,17958.69921875,24480.0,313.1499938964844,0.0,18000.0,1.0,0.0,0.0,0.0,1.0,0.5384504795074463,1.0,0.0,0.0,2.6750473976135254,2.6750600337982178,4.77481194138818e-07,4.265924453735352,4.265914440155029,9.78592834144365e-06,0.0,0.0,-0.0,3884.019775390625,0.0,595.9820556640625,1895.4371337890625,0.0,640.0817260742188,0.6667137742042542,1.0,0.0,3.0,1.0,0.0
12208260,297.2942199707031,297.1499938964844,293.1499938964844,0.0,-0.0,284.87579345703125,0.933757781982422,0.3116701543331146,0.2806591391563415,297.06121826171875,297.1499938964844,293.1499938964844,0.0,-0.0,284.8768005371094,0.7061180472373962,0.1330350935459137,0.1277135163545608,297.0923767089844,297.1499938964844,293.1499938964844,0.0,-0.0,284.8760986328125,0.8266627192497253,0.2168434709310531,0.1527968943119049,297.03570556640625,297.1499938964844,293.1499938964844,0.0,-0.0,284.8770446777344,0.67741858959198,0.1180771067738533,0.1136319115757942,296.9988098144531,297.1499938964844,293.1499938964844,0.0,-0.0,284.876708984375,0.7185890078544617,0.1400371789932251,0.6383019089698792,284.87603759765625,285.59051513671875,292.26611328125,287.73211669921875,292.261474609375,297.1896057128906,284.87384033203125,1.0,0.310937225818634,1.0,1.0,0.0,1.0,-1.5760008096694946,1.5759987831115725,2.0352420051494846e-06,1.2137596607208252,0.9224510788917542,0.9224510788917542,0.0,52.95464324951172,25.0,13178.6982421875,-0.0,365.2773132324219,1.0,283.1499938964844,284.2656555175781,290.61822509765625,291.5567932128906,293.1499938964844,293.1499938964844,283.1499938964844,20512.0546875,25560.0,313.1499938964844,0.0,18000.0,1.0,0.0,0.0,0.0,1.0,0.5142145752906799,1.0,0.0,0.0,2.831383466720581,2.831397771835327,5.349223215489474e-07,4.265924453735352,4.265914440155029,9.78592834144365e-06,0.0,0.0,-0.0,3902.175537109375,0.0,708.98046875,1895.4371337890625,0.0,552.5059814453125,0.7052479982376099,1.0,0.0,3.0,1.0,0.0
12208320,297.2942199707031,297.1499938964844,293.1499938964844,0.0,-0.0,284.87579345703125,0.933757781982422,0.3116701543331146,0.2806591391563415,297.06121826171875,297.1499938964844,293.1499938964844,0.0,-0.0,284.8768005371094,0.7061180472373962,0.1330350935459137,0.1277135163545608,297.0923767089844,297.1499938964844,293.1499938964844,0.0,-0.0,284.8760986328125,0.8266627192497253,0.2168434709310531,0.1527968943119049,297.03570556640625,297.1499938964844,293.1499938964844,0.0,-0.0,284.8770446777344,0.67741858959198,0.1180771067738533,0.1136319115757942,296.9988098144531,297.1499938964844,293.1499938964844,0.0,-0.0,284.876708984375,0.7185890078544617,0.1400371789932251,0.6383019089698792,284.87603759765625,285.59051513671875,292.26611328125,287.73211669921875,292.261474609375,297.1896057128906,284.87384033203125,1.0,0.310937225818634,1.0,1.0,0.0,1.0,-1.5760008096694946,1.5759987831115725,2.0352420051494846e-06,1.2137596607208252,0.9224510788917542,0.9224510788917542,0.0,52.95464324951172,25.0,13178.6982421875,-0.0,365.2773132324219,1.0,283.1499938964844,284.2656555175781,290.61822509765625,291.5567932128906,293.1499938964844,293.1499938964844,283.1499938964844,20512.0546875,25560.0,313.1499938964844,0.0,18000.0,1.0,0.0,0.0,0.0,1.0,0.5142145752906799,1.0,0.0,0.0,2.831383466720581,2.831397771835327,5.349223215489474e-07,4.265924453735352,4.265914440155029,9.78592834144365e-06,0.0,0.0,-0.0,3902.175537109375,0.0,708.98046875,1895.4371337890625,0.0,552.5059814453125,0.7052479982376099,1.0,0.0,3.0,1.0,0.0
12208380,297.29510498046875,297.1499938964844,293.1499938964844,0.0,-0.0,284.8515930175781,0.972815752029419,0.3135844469070434,0.2820389568805694,297.0614624023437,297.1499938964844,293.1499938964844,0.0,-0.0,284.8521423339844,0.7290046215057373,0.1319298595190048,0.1263170540332794,297.08892822265625,297.1499938964844,293.1499938964844,0.0,-0.0,284.8517761230469,0.8539414405822754,0.2157594114542007,0.151784211397171,297.0366516113281,297.1499938964844,293.1499938964844,0.0,-0.0,284.8522644042969,0.700677752494812,0.1167220771312713,0.1119969710707664,296.9980163574219,297.1499938964844,293.1499938964844,0.0,-0.0,284.85211181640625,0.7395198345184326,0.1380389630794525,0.6276002526283264,284.85174560546875,285.5814514160156,292.39599609375,287.7695617675781,292.391357421875,297.1891174316406,284.8506164550781,1.0,0.301014095544815,1.0,1.0,0.0,1.0,-1.5599513053894043,1.559949278831482,1.9963858903793152e-06,1.2009832859039309,0.9128330945968628,0.9128330945968628,0.0,45.59623336791992,25.0,13290.2353515625,-0.0,337.5385131835937,1.0,283.1499938964844,284.2296447753906,290.717041015625,291.6556396484375,293.1499938964844,293.1499938964844,283.1499938964844,22690.150390625,26640.0,313.1499938964844,0.0,18000.0,1.0,0.0,0.0,0.0,1.0,0.5035243034362793,1.0,0.0,0.0,2.9473555088043213,2.947371006011963,5.796400728286244e-07,4.265924453735352,4.265914440155029,9.78592834144365e-06,0.0,0.0,-0.0,3931.25732421875,0.0,802.5157470703125,1895.4371337890625,0.0,517.8516845703125,0.734106183052063,1.0,0.0,3.0,1.0,0.0
12208440,297.29510498046875,297.1499938964844,293.1499938964844,0.0,-0.0,284.8515930175781,0.972815752029419,0.3135844469070434,0.2820389568805694,297.0614624023437,297.1499938964844,293.1499938964844,0.0,-0.0,284.8521423339844,0.7290046215057373,0.1319298595190048,0.1263170540332794,297.08892822265625,297.1499938964844,293.1499938964844,0.0,-0.0,284.8517761230469,0.8539414405822754,0.2157594114542007,0.151784211397171,297.0366516113281,297.1499938964844,293.1499938964844,0.0,-0.0,284.8522644042969,0.700677752494812,0.1167220771312713,0.1119969710707664,296.9980163574219,297.1499938964844,293.1499938964844,0.0,-0.0,284.85211181640625,0.7395198345184326,0.1380389630794525,0.6276002526283264,284.85174560546875,285.5814514160156,292.39599609375,287.7695617675781,292.391357421875,297.1891174316406,284.8506164550781,1.0,0.301014095544815,1.0,1.0,0.0,1.0,-1.5599513053894043,1.559949278831482,1.9963858903793152e-06,1.2009832859039309,0.9128330945968628,0.9128330945968628,0.0,45.59623336791992,25.0,13290.2353515625,-0.0,337.5385131835937,1.0,283.1499938964844,284.2296447753906,290.717041015625,291.6556396484375,293.1499938964844,293.1499938964844,283.1499938964844,22690.150390625,26640.0,313.1499938964844,0.0,18000.0,1.0,0.0,0.0,0.0,1.0,0.5035243034362793,1.0,0.0,0.0,2.9473555088043213,2.947371006011963,5.796400728286244e-07,4.265924453735352,4.265914440155029,9.78592834144365e-06,0.0,0.0,-0.0,3931.25732421875,0.0,802.5157470703125,1895.4371337890625,0.0,517.8516845703125,0.734106183052063,1.0,0.0,3.0,1.0,0.0
12208500,297.2963562011719,297.1499938964844,293.1499938964844,0.0,-0.0,284.843017578125,0.9878113269805908,0.3146260678768158,0.282847911119461,297.0624084472656,297.1499938964844,293.1499938964844,0.0,-0.0,284.84356689453125,0.7390580177307129,0.1314637959003448,0.1257458329200744,297.0881652832031,297.1499938964844,293.1499938964844,0.0,-0.0,284.8432006835937,0.8670169115066528,0.215296670794487,0.1513673216104507,297.0379638671875,297.1499938964844,293.1499938964844,0.0,-0.0,284.8436889648437,0.7112313508987427,0.11613430082798,0.1113094314932823,296.9986877441406,297.1499938964844,293.1499938964844,0.0,-0.0,284.843505859375,0.749239981174469,0.1371436119079589,0.6229431629180908,284.8431396484375,285.5583190917969,292.4602355957031,287.7872314453125,292.45562744140625,297.1899108886719,284.842041015625,1.0,0.2970278263092041,1.0,1.0,0.0,1.0,-1.553318738937378,1.5533168315887451,1.98046768673521e-06,1.1957025527954102,0.9082111716270448,0.9082111716270448,0.0,42.78715896606445,25.0,13348.203125,-0.0,326.8460998535156,1.0,283.1499938964844,284.2146911621094,290.76434326171875,291.7084045410156,293.1499938964844,293.1499938964844,283.1499938964844,23797.421875,26640.0,313.1499938964844,0.0,18000.0,1.0,0.0,0.0,0.0,1.0,0.5027540922164917,1.0,0.0,0.0,3.001448154449463,3.0014641284942627,6.011114237480797e-07,4.265924453735352,4.265914440155029,9.78592834144365e-06,0.0,0.0,-0.0,3945.576416015625,0.0,849.1585693359375,1895.4371337890625,0.0,515.4426879882812,0.7448728680610657,1.0,0.0,3.0,1.0,0.0
12208560,297.2980651855469,297.1499938964844,293.1499938964844,0.0,-0.0,284.83837890625,0.9990000128746032,0.3157193064689636,0.2833220064640045,297.0637512207031,297.1499938964844,293.1499938964844,0.0,-0.0,284.838623046875,0.7485044598579407,0.1310390830039978,0.1252371221780777,297.0877990722656,297.1499938964844,293.1499938964844,0.0,-0.0,284.8384704589844,0.8793545365333557,0.2148694097995758,0.1509923636913299,297.0396423339844,297.1499938964844,293.1499938964844,0.0,-0.0,284.83868408203125,0.7202550768852234,0.1155901998281478,0.1106865853071212,296.9998474121094,297.1499938964844,293.1499938964844,0.0,-0.0,284.838623046875,0.7583684921264648,0.1362970918416977,0.6186219453811646,284.83843994140625,285.56787109375,292.5240478515625,287.80419921875,292.5194702148437,297.191162109375,284.8379211425781,1.0,0.2935570478439331,1.0,1.0,0.0,1.0,-1.5469436645507812,1.5469417572021484,1.965270485015936e-06,1.1906509399414062,0.9033131003379822,0.9033131003379822,0.0,40.44621276855469,25.0,13385.5029296875,-0.0,317.585205078125,1.0,283.1499938964844,284.20574951171875,290.8045349121094,291.7547912597656,293.1499938964844,293.1499938964844,283.1499938964844,24566.75390625,27720.0,313.1499938964844,0.0,18000.0,1.0,0.0,0.0,0.0,1.0,0.5040082335472107,1.0,0.0,0.0,3.033874034881592,3.03389048576355,6.1416972130246e-07,4.265924453735352,4.265914440155029,9.78592834144365e-06,0.0,0.0,-0.0,3957.038818359375,0.0,878.5480346679688,1895.4371337890625,0.0,519.3712768554688,0.7559208273887634,1.0,0.0,3.0,1.0,0.0
12208620,297.3216857910156,297.1499938964844,293.1499938964844,0.0,-0.0,284.82373046875,0.9990000128746032,0.3199569284915924,0.2718627750873565,297.0668029785156,297.1499938964844,293.1499938964844,0.0,-0.0,284.8241271972656,0.7574957609176636,0.1302563697099685,0.1243974566459655,297.08758544921875,297.1499938964844,293.1499938964844,0.0,-0.0,284.8238525390625,0.8913093209266663,0.214058831334114,0.1503598541021347,297.04345703125,297.1499938964844,293.1499938964844,0.0,-0.0,284.8242492675781,0.7279273867607117,0.1145760416984558,0.109625332057476,297.00299072265625,297.1499938964844,293.1499938964844,0.0,-0.0,284.8240966796875,0.7662455439567566,0.1347121298313141,0.6109629273414612,284.8238220214844,285.54986572265625,292.6502990722656,287.8360290527344,292.6457214355469,297.2043762207031,284.8228759765625,1.0,0.2872747182846069,1.0,1.0,0.0,1.0,-1.5207219123840332,1.5207200050354004,1.903611405396077e-06,1.1699289083480835,0.8938558101654053,0.8938558101654053,0.0,37.94847106933594,25.0,13368.0029296875,-0.0,298.8003845214844,1.0,283.1499938964844,284.18231201171875,290.85955810546875,291.82049560546875,293.1499938964844,293.1499938964844,283.1499938964844,26220.1796875,26640.0,313.1499938964844,0.0,18000.0,1.0,0.0,0.0,0.0,1.0,0.5092806220054626,1.0,0.0,0.0,3.0991322994232178,3.099149703979492,6.408753279174562e-07,4.265924453735352,4.265914440155029,9.78592834144365e-06,0.0,0.0,-0.0,3970.40087890625,0.0,940.1865844726562,1895.4371337890625,0.0,536.2257690429688,0.7666683793067932,1.0,0.0,3.0,1.0,0.0
12208680,297.3216857910156,297.1499938964844,293.1499938964844,0.0,-0.0,284.82373046875,0.9990000128746032,0.3199569284915924,0.2718627750873565,297.0668029785156,297.1499938964844,293.1499938964844,0.0,-0.0,284.8241271972656,0.7574957609176636,0.1302563697099685,0.1243974566459655,297.08758544921875,297.1499938964844,293.1499938964844,0.0,-0.0,284.8238525390625,0.8913093209266663,0.214058831334114,0.1503598541021347,297.04345703125,297.1499938964844,293.1499938964844,0.0,-0.0,284.8242492675781,0.7279273867607117,0.1145760416984558,0.109625332057476,297.00299072265625,297.1499938964844,293.1499938964844,0.0,-0.0,284.8240966796875,0.7662455439567566,0.1347121298313141,0.6109629273414612,284.8238220214844,285.54986572265625,292.6502990722656,287.8360290527344,292.6457214355469,297.2043762207031,284.8228759765625,1.0,0.2872747182846069,1.0,1.0,0.0,1.0,-1.5207219123840332,1.5207200050354004,1.903611405396077e-06,1.1699289083480835,0.8938558101654053,0.8938558101654053,0.0,37.94847106933594,25.0,13368.0029296875,-0.0,298.8003845214844,1.0,283.1499938964844,284.18231201171875,290.85955810546875,291.82049560546875,293.1499938964844,293.1499938964844,283.1499938964844,26220.1796875,26640.0,313.1499938964844,0.0,18000.0,1.0,0.0,0.0,0.0,1.0,0.5092806220054626,1.0,0.0,0.0,3.0991322994232178,3.099149703979492,6.408753279174562e-07,4.265924453735352,4.265914440155029,9.78592834144365e-06,0.0,0.0,-0.0,3970.40087890625,0.0,940.1865844726562,1895.4371337890625,0.0,536.2257690429688,0.7666683793067932,1.0,0.0,3.0,1.0,0.0
12208740,297.3631896972656,297.1499938964844,293.1499938964844,0.0,-0.0,284.8226928710937,0.9990000128746032,0.3263287544250488,0.2617531716823578,297.0705261230469,297.1499938964844,293.1499938964844,0.0,-0.0,284.8226623535156,0.7654920220375061,0.129578411579132,0.1236675232648849,297.0882568359375,297.1499938964844,293.1499938964844,0.0,-0.0,284.8226928710937,0.9017533659934998,0.2133349776268005,0.1497914344072342,297.0478820800781,297.1499938964844,293.1499938964844,0.0,-0.0,284.8226623535156,0.7344774007797241,0.1136741340160369,0.1086819246411323,297.0077819824219,297.1499938964844,293.1499938964844,0.0,-0.0,284.8226623535156,0.7731295824050903,0.1333340108394622,0.6042401790618896,284.8226928710937,285.5276184082031,292.77471923828125,287.8652038574219,292.7701110839844,297.2304992675781,284.8227233886719,1.0,0.2819623947143554,1.0,1.0,0.0,1.0,-1.4980031251907349,1.4980013370513916,1.8509628034735213e-06,1.1517406702041626,0.8847731947898865,0.8847731947898865,0.0,35.92980194091797,28.0,13298.1484375,-0.0,283.2918395996094,1.0,283.1499938964844,284.1791381835937,290.8837585449219,291.8473205566406,293.1499938964844,293.1499938964844,283.1499938964844,26658.95703125,25560.0,313.1499938964844,0.0,18000.0,1.0,0.0,0.0,0.0,1.0,0.5132794380187988,1.0,0.0,0.0,3.089319229125977,3.089336633682251,6.368232448039635e-07,4.265924453735352,4.265914440155029,9.78592834144365e-06,0.0,0.0,-0.0,3973.16015625,0.0,935.1124267578124,1895.4371337890625,0.0,549.3818969726562,0.7644168734550476,1.0,0.0,3.0,1.0,0.0
12208800,297.3631896972656,297.1499938964844,293.1499938964844,0.0,-0.0,284.8226928710937,0.9990000128746032,0.3263287544250488,0.2617531716823578,297.0705261230469,297.1499938964844,293.1499938964844,0.0,-0.0,284.8226623535156,0.7654920220375061,0.129578411579132,0.1236675232648849,297.0882568359375,297.1499938964844,293.1499938964844,0.0,-0.0,284.8226928710937,0.9017533659934998,0.2133349776268005,0.1497914344072342,297.0478820800781,297.1499938964844,293.1499938964844,0.0,-0.0,284.8226623535156,0.7344774007797241,0.1136741340160369,0.1086819246411323,297.0077819824219,297.1499938964844,293.1499938964844,0.0,-0.0,284.8226623535156,0.7731295824050903,0.1333340108394622,0.6042401790618896,284.8226928710937,285.5276184082031,292.77471923828125,287.8652038574219,292.7701110839844,297.2304992675781,284.8227233886719,1.0,0.2819623947143554,1.0,1.0,0.0,1.0,-1.4980031251907349,1.4980013370513916,1.8509628034735213e-06,1.1517406702041626,0.8847731947898865,0.8847731947898865,0.0,35.92980194091797,28.0,13298.1484375,-0.0,283.2918395996094,1.0,283.1499938964844,284.1791381835937,290.8837585449219,291.8473205566406,293.1499938964844,293.1499938964844,283.1499938964844,26658.95703125,25560.0,313.1499938964844,0.0,18000.0,1.0,0.0,0.0,0.0,1.0,0.5132794380187988,1.0,0.0,0.0,3.089319229125977,3.089336633682251,6.368232448039635e-07,4.265924453735352,4.265914440155029,9.78592834144365e-06,0.0,0.0,-0.0,3973.16015625,0.0,935.1124267578124,1895.4371337890625,0.0,549.3818969726562,0.7644168734550476,1.0,0.0,3.0,1.0,0.0
12208860,297.4034118652344,297.1499938964844,293.1499938964844,0.0,-0.0,284.83331298828125,0.9990000128746032,0.3331165313720703,0.2561369240283966,297.0748596191406,297.1499938964844,293.1499938964844,0.0,-0.0,284.8328857421875,0.7696506381034851,0.1290118843317031,0.1230724453926086,297.08990478515625,297.1499938964844,293.1499938964844,0.0,-0.0,284.83319091796875,0.9074323177337646,0.2127196341753006,0.149319127202034,297.0528869628906,297.1499938964844,293.1499938964844,0.0,-0.0,284.832763671875,0.7375755906105042,0.1128880158066749,0.1078780069947242,297.01385498046875,297.1499938964844,293.1499938964844,0.0,-0.0,284.8329162597656,0.7761677503585815,0.1321482807397842,0.598565399646759,284.8332214355469,285.5011901855469,292.89727783203125,287.8917541503906,292.8927001953125,297.2584533691406,284.83416748046875,1.0,0.2786821126937866,1.0,1.0,0.0,1.0,-1.4821969270706177,1.4821951389312744,1.8148414255847456e-06,1.1390345096588137,0.8762732148170471,0.8762732148170471,0.0,34.79911422729492,31.0,13244.45703125,-0.0,273.4669189453125,1.0,283.1499938964844,284.1889953613281,290.89654541015625,291.8579406738281,293.1499938964844,293.1499938964844,283.1499938964844,26493.21875,24480.0,313.1499938964844,0.0,18000.0,1.0,0.0,0.0,0.0,1.0,0.5142233371734619,1.0,0.0,0.0,3.0451345443725586,3.045151710510254,6.187373173816013e-07,4.265924453735352,4.265914440155029,9.78592834144365e-06,0.0,0.0,-0.0,3973.786376953125,0.0,899.251953125,1895.4371337890625,0.0,552.5353393554688,0.7539045214653015,1.0,0.0,3.0,1.0,0.0
12208920,297.4034118652344,297.1499938964844,293.1499938964844,0.0,-0.0,284.83331298828125,0.9990000128746032,0.3331165313720703,0.2561369240283966,297.0748596191406,297.1499938964844,293.1499938964844,0.0,-0.0,284.8328857421875,0.7696506381034851,0.1290118843317031,0.1230724453926086,297.08990478515625,297.1499938964844,293.1499938964844,0.0,-0.0,284.83319091796875,0.9074323177337646,0.2127196341753006,0.149319127202034,297.0528869628906,297.1499938964844,293.1499938964844,0.0,-0.0,284.832763671875,0.7375755906105042,0.1128880158066749,0.1078780069947242,297.01385498046875,297.1499938964844,293.1499938964844,0.0,-0.0,284.8329162597656,0.7761677503585815,0.1321482807397842,0.598565399646759,284.8332214355469,285.5011901855469,292.89727783203125,287.8917541503906,292.8927001953125,297.2584533691406,284.83416748046875,1.0,0.2786821126937866,1.0,1.0,0.0,1.0,-1.4821969270706177,1.4821951389312744,1.8148414255847456e-06,1.1390345096588137,0.8762732148170471,0.8762732148170471,0.0,34.79911422729492,31.0,13244.45703125,-0.0,273.4669189453125,1.0,283.1499938964844,284.1889953613281,290.89654541015625,291.8579406738281,293.1499938964844,293.1499938964844,283.1499938964844,26493.21875,24480.0,313.1499938964844,0.0,18000.0,1.0,0.0,0.0,0.0,1.0,0.5142233371734619,1.0,0.0,0.0,3.0451345443725586,3.045151710510254,6.187373173816013e-07,4.265924453735352,4.265914440155029,9.78592834144365e-06,0.0,0.0,-0.0,3973.786376953125,0.0,899.251953125,1895.4371337890625,0.0,552.5353393554688,0.7539045214653015,1.0,0.0,3.0,1.0,0.0
12208980,297.432861328125,297.1499938964844,293.1499938964844,0.0,-0.0,284.8531188964844,0.9990000128746032,0.3393213450908661,0.2546359002590179,297.07965087890625,297.1499938964844,293.1499938964844,0.0,-0.0,284.8524169921875,0.7701005339622498,0.1285449713468551,0.1225995123386383,297.0923156738281,297.1499938964844,293.1499938964844,0.0,-0.0,284.8529052734375,0.9084277153015136,0.2122008949518203,0.1489351987838745,297.05828857421875,297.1499938964844,293.1499938964844,0.0,-0.0,284.85223388671875,0.7374120354652405,0.1122056543827056,0.1072000935673713,297.0204162597656,297.1499938964844,293.1499938964844,0.0,-0.0,284.8524475097656,0.7754669785499573,0.1310865581035614,0.5936456918716431,284.8529357910156,285.4707336425781,293.0179748535156,287.915771484375,293.013427734375,297.2810974121094,284.85455322265625,1.0,0.2770475149154663,1.0,1.0,0.0,1.0,-1.4726433753967283,1.4726415872573853,1.793154183360457e-06,1.13127863407135,0.8685191869735718,0.8685191869735718,0.0,34.404624938964844,34.0,13214.2412109375,-0.0,268.3439025878906,1.0,283.1499938964844,284.2083435058594,290.9111022949219,291.8692321777344,293.1499938964844,293.1499938964844,283.1499938964844,25943.2890625,23400.0,313.1499938964844,0.0,18000.0,1.0,0.0,0.0,0.0,1.0,0.5131483674049377,1.0,0.0,0.0,2.981056928634644,2.9810733795166016,5.929716166974686e-07,4.265924453735352,4.265914440155029,9.78592834144365e-06,0.0,0.0,-0.0,3975.96533203125,0.0,847.0513305664062,1895.4371337890625,0.0,548.9454956054688,0.73857182264328,1.0,0.0,3.0,1.0,0.0
12209040,297.432861328125,297.1499938964844,293.1499938964844,0.0,-0.0,284.8531188964844,0.9990000128746032,0.3393213450908661,0.2546359002590179,297.07965087890625,297.1499938964844,293.1499938964844,0.0,-0.0,284.8524169921875,0.7701005339622498,0.1285449713468551,0.1225995123386383,297.0923156738281,297.1499938964844,293.1499938964844,0.0,-0.0,284.8529052734375,0.9084277153015136,0.2122008949518203,0.1489351987838745,297.05828857421875,297.1499938964844,293.1499938964844,0.0,-0.0,284.85223388671875,0.7374120354652405,0.1122056543827056,0.1072000935673713,297.0204162597656,297.1499938964844,293.1499938964844,0.0,-0.0,284.8524475097656,0.7754669785499573,0.1310865581035614,0.5936456918716431,284.8529357910156,285.4707336425781,293.0179748535156,287.915771484375,293.013427734375,297.2810974121094,284.85455322265625,1.0,0.2770475149154663,1.0,1.0,0.0,1.0,-1.4726433753967283,1.4726415872573853,1.793154183360457e-06,1.13127863407135,0.8685191869735718,0.8685191869735718,0.0,34.404624938964844,34.0,13214.2412109375,-0.0,268.3439025878906,1.0,283.1499938964844,284.2083435058594,290.9111022949219,291.8692321777344,293.1499938964844,293.1499938964844,283.1499938964844,25943.2890625,23400.0,313.1499938964844,0.0,18000.0,1.0,0.0,0.0,0.0,1.0,0.5131483674049377,1.0,0.0,0.0,2.981056928634644,2.9810733795166016,5.929716166974686e-07,4.265924453735352,4.265914440155029,9.78592834144365e-06,0.0,0.0,-0.0,3975.96533203125,0.0,847.0513305664062,1895.4371337890625,0.0,548.9454956054688,0.73857182264328,1.0,0.0,3.0,1.0,0.0
12209100,297.443115234375,297.1499938964844,293.1499938964844,0.0,-0.0,284.866455078125,0.9990000128746032,0.3421226441860199,0.2552193403244018,297.0821533203125,297.1499938964844,293.1499938964844,0.0,-0.0,284.865478515625,0.7691243290901184,0.1283443719148636,0.1224027425050735,297.0936889648437,297.1499938964844,293.1499938964844,0.0,-0.0,284.8661804199219,0.9073466062545776,0.2119713574647903,0.1487706750631332,297.06109619140625,297.1499938964844,293.1499938964844,0.0,-0.0,284.865234375,0.7362812161445618,0.1118992194533348,0.1069025322794914,297.02362060546875,297.1499938964844,293.1499938964844,0.0,-0.0,284.8655090332031,0.7738884687423706,0.1305827647447586,0.5913662910461426,284.8662109375,285.4432983398437,293.0776062011719,287.9268798828125,293.0730895996094,297.2897644042969,284.86846923828125,1.0,0.2767576575279236,1.0,1.0,0.0,1.0,-1.4698152542114258,1.4698134660720823,1.786722123142681e-06,1.1289397478103638,0.8650767803192139,0.8650767803192139,0.0,34.43497848510742,34.0,13198.970703125,-0.0,267.2067565917969,1.0,283.1499938964844,284.2225952148437,290.9200744628906,291.8764953613281,293.1499938964844,293.1499938964844,283.1499938964844,25445.1875,23400.0,313.1499938964844,0.0,18000.0,1.0,0.0,0.0,0.0,1.0,0.5123504996299744,1.0,0.0,0.0,2.9365813732147217,2.936597347259521,5.754100129706785e-07,4.265924453735352,4.265914440155029,9.78592834144365e-06,0.0,0.0,-0.0,3977.35302734375,0.0,811.3282470703125,1895.4371337890625,0.0,546.2965698242188,0.7306526303291321,1.0,0.0,3.0,1.0,0.0
12209160,297.4505310058594,297.1499938964844,293.1499938964844,0.0,-0.0,284.8793640136719,0.9990000128746032,0.3447082936763763,0.2565927505493164,297.0846862792969,297.1499938964844,293.1499938964844,0.0,-0.0,284.87847900390625,0.7674450874328613,0.1281643062829971,0.1222308278083801,297.0951538085937,297.1499938964844,293.1499938964844,0.0,-0.0,284.8791198730469,0.9053617715835572,0.2117595374584198,0.1486230194568634,297.0639343261719,297.1499938964844,293.1499938964844,0.0,-0.0,284.8782653808594,0.7345384359359741,0.1116147115826606,0.1066310778260231,297.0267639160156,297.1499938964844,293.1499938964844,0.0,-0.0,284.8785095214844,0.7715827822685242,0.1300902068614959,0.5891712307929993,284.879150390625,285.43634033203125,293.13677978515625,287.9373474121094,293.1322937011719,297.2966003417969,284.8812561035156,1.0,0.2767790257930755,1.0,1.0,0.0,1.0,-1.4681180715560913,1.468116283416748,1.782826984708663e-06,1.127495050430298,0.8616316318511963,0.8616316318511963,0.0,34.60104751586914,37.0,13203.9833984375,-0.0,266.8956298828125,1.0,283.1499938964844,284.234375,290.930419921875,291.88641357421875,293.1499938964844,293.1499938964844,283.1499938964844,25153.478515625,22320.0,313.1499938964844,0.0,18000.0,1.0,0.0,0.0,0.0,1.0,0.5116360783576965,1.0,0.0,0.0,2.9061765670776367,2.9061923027038574,5.635563411487965e-07,4.265924453735352,4.265914440155029,9.78592834144365e-06,0.0,0.0,-0.0,3980.243896484375,0.0,787.772216796875,1895.4371337890625,0.0,543.935791015625,0.7205779552459717,1.0,0.0,3.0,1.0,0.0
12209220,297.4576110839844,297.1499938964844,293.1499938964844,0.0,-0.0,284.9102478027344,0.9990000128746032,0.3492423295974731,0.2613642811775207,297.08984375,297.1499938964844,293.1499938964844,0.0,-0.0,284.9092102050781,0.7623205780982971,0.1278588622808456,0.1219525337219238,297.0982666015625,297.1499938964844,293.1499938964844,0.0,-0.0,284.9099426269531,0.8992512226104736,0.2113794982433319,0.1483685970306396,297.06964111328125,297.1499938964844,293.1499938964844,0.0,-0.0,284.908935546875,0.7295036315917969,0.1111050546169281,0.1061580181121826,297.0326232910156,297.1499938964844,293.1499938964844,0.0,-0.0,284.90924072265625,0.765131413936615,0.129123106598854,0.5849422216415405,284.90997314453125,285.3981628417969,293.253662109375,287.95660400390625,293.2492370605469,297.3049011230469,284.9123229980469,1.0,0.2776286602020263,1.0,1.0,0.0,1.0,-1.4675601720809937,1.4675583839416504,1.7813730437410411e-06,1.126850962638855,0.855705201625824,0.855705201625824,0.0,35.29685974121094,40.0,13233.8720703125,-0.0,268.3952331542969,1.0,283.1499938964844,284.2673034667969,290.95269775390625,291.9091491699219,293.1499938964844,293.1499938964844,283.1499938964844,24214.017578125,21240.0,313.1499938964844,0.0,18000.0,1.0,0.0,0.0,0.0,1.0,0.5107611417770386,1.0,0.0,0.0,2.8260815143585205,2.826096534729004,5.329208647708583e-07,4.265924453735352,4.265914440155029,9.78592834144365e-06,0.0,0.0,-0.0,3986.92333984375,0.0,726.8959350585938,1895.4371337890625,0.0,541.0587768554688,0.7012457251548767,1.0,0.0,3.0,1.0,0.0
12209280,297.4576110839844,297.1499938964844,293.1499938964844,0.0,-0.0,284.9102478027344,0.9990000128746032,0.3492423295974731,0.2613642811775207,297.08984375,297.1499938964844,293.1499938964844,0.0,-0.0,284.9092102050781,0.7623205780982971,0.1278588622808456,0.1219525337219238,297.0982666015625,297.1499938964844,293.1499938964844,0.0,-0.0,284.9099426269531,0.8992512226104736,0.2113794982433319,0.1483685970306396,297.06964111328125,297.1499938964844,293.1499938964844,0.0,-0.0,284.908935546875,0.7295036315917969,0.1111050546169281,0.1061580181121826,297.0326232910156,297.1499938964844,293.1499938964844,0.0,-0.0,284.90924072265625,0.765131413936615,0.129123106598854,0.5849422216415405,284.90997314453125,285.3981628417969,293.253662109375,287.95660400390625,293.2492370605469,297.3049011230469,284.9123229980469,1.0,0.2776286602020263,1.0,1.0,0.0,1.0,-1.4675601720809937,1.4675583839416504,1.7813730437410411e-06,1.126850962638855,0.855705201625824,0.855705201625824,0.0,35.29685974121094,40.0,13233.8720703125,-0.0,268.3952331542969,1.0,283.1499938964844,284.2673034667969,290.95269775390625,291.9091491699219,293.1499938964844,293.1499938964844,283.1499938964844,24214.017578125,21240.0,313.1499938964844,0.0,18000.0,1.0,0.0,0.0,0.0,1.0,0.5107611417770386,1.0,0.0,0.0,2.8260815143585205,2.826096534729004,5.329208647708583e-07,4.265924453735352,4.265914440155029,9.78592834144365e-06,0.0,0.0,-0.0,3986.92333984375,0.0,726.8959350585938,1895.4371337890625,0.0,541.0587768554688,0.7012457251548767,1.0,0.0,3.0,1.0,0.0
12209340,297.45733642578125,297.1499938964844,293.1499938964844,0.0,-0.0,284.93231201171875,0.9990000128746032,0.3517114520072937,0.2656130194664001,297.0931396484375,297.1499938964844,293.1499938964844,0.0,-0.0,284.9310913085937,0.7580553889274597,0.1276981085538864,0.1218162551522255,297.1003112792969,297.1499938964844,293.1499938964844,0.0,-0.0,284.93194580078125,0.8940559029579163,0.2111620008945465,0.1482304334640503,297.0733337402344,297.1499938964844,293.1499938964844,0.0,-0.0,284.9307556152344,0.7253805994987488,0.1108170822262764,0.1059003621339798,297.0360412597656,297.1499938964844,293.1499938964844,0.0,-0.0,284.9310913085937,0.7599716782569885,0.1285094767808914,0.5823069214820862,284.9319763183594,285.3612670898437,293.3274841308594,287.9677429199219,293.3230895996094,297.3067321777344,284.9347229003906,1.0,0.2786623537540436,1.0,1.0,0.0,1.0,-1.4688572883605957,1.4688555002212524,1.7841359749581898e-06,1.1277499198913574,0.8525746464729309,0.8525746464729309,0.0,35.97283172607422,40.0,13257.6904296875,-0.0,270.6417236328125,1.0,283.1499938964844,284.2926025390625,290.9671936035156,291.9250183105469,293.1499938964844,293.1499938964844,283.1499938964844,23461.392578125,21240.0,313.1499938964844,0.0,18000.0,1.0,0.0,0.0,0.0,1.0,0.5108106732368469,1.0,0.0,0.0,2.767442464828491,2.7674567699432373,5.110348979542323e-07,4.265924453735352,4.265914440155029,9.78592834144365e-06,0.0,0.0,-0.0,3991.3427734375,0.0,683.9521484375,1895.4371337890625,0.0,541.2210693359375,0.6898680925369263,1.0,0.0,3.0,1.0,0.0
12209400,297.45574951171875,297.1499938964844,293.1499938964844,0.0,-0.0,284.9436950683594,0.9990000128746032,0.3529592156410217,0.2683466970920563,297.0950012207031,297.1499938964844,293.1499938964844,0.0,-0.0,284.9425354003906,0.7554068565368652,0.12761852145195,0.1217530518770217,297.1014709472656,297.1499938964844,293.1499938964844,0.0,-0.0,284.943359375,0.8907840251922607,0.2110472917556762,0.1481606662273407,297.07537841796875,297.1499938964844,293.1499938964844,0.0,-0.0,284.9422302246094,0.722806990146637,0.1106671467423439,0.1057699918746948,297.037841796875,297.1499938964844,293.1499938964844,0.0,-0.0,284.94256591796875,0.7568089962005615,0.1281647384166717,0.5808418989181519,284.9433898925781,285.3563232421875,293.3686218261719,287.9736022949219,293.3642883300781,297.3067321777344,284.9459533691406,1.0,0.2793891727924347,1.0,1.0,0.0,1.0,-1.4700636863708496,1.4700618982315063,1.7867565702545107e-06,1.1286330223083496,0.8508093953132629,0.8508093953132629,0.0,36.424163818359375,43.0,13281.75390625,-0.0,272.2906799316406,1.0,283.1499938964844,284.30450439453125,290.97528076171875,291.9346618652344,293.1499938964844,293.1499938964844,283.1499938964844,23183.228515625,20160.0,313.1499938964844,0.0,18000.0,1.0,0.0,0.0,0.0,1.0,0.5110735893249512,1.0,0.0,0.0,2.7442820072174072,2.744296073913574,5.025170253247779e-07,4.265924453735352,4.265914440155029,9.78592834144365e-06,0.0,0.0,-0.0,3994.438232421875,0.0,667.55859375,1895.4371337890625,0.0,542.0842895507812,0.6814045906066895,1.0,0.0,3.0,1.0,0.0
12209460,297.4467163085937,297.1499938964844,293.1499938964844,0.0,-0.0,284.9796142578125,0.9990000128746032,0.3559217154979706,0.2770644128322601,297.1000671386719,297.1499938964844,293.1499938964844,0.0,-0.0,284.9783630371094,0.7474239468574524,0.1274361461400985,0.1216224282979965,297.1046447753906,297.1499938964844,293.1499938964844,0.0,-0.0,284.97918701171875,0.8807551264762878,0.2107561230659485,0.1479914784431457,297.0810241699219,297.1499938964844,293.1499938964844,0.0,-0.0,284.97802734375,0.7148163914680481,0.1102936267852783,0.1054570227861404,297.0423889160156,297.1499938964844,293.1499938964844,0.0,-0.0,284.9783630371094,0.7473768591880798,0.1272071003913879,0.5768101811408997,284.979248046875,285.3109130859375,293.4816589355469,287.9884338378906,293.4774169921875,297.3031921386719,284.9819641113281,1.0,0.2818821966648102,1.0,1.0,0.0,1.0,-1.4749524593353271,1.474950671195984,1.7975229411604232e-06,1.132327675819397,0.8470230102539062,0.8470230102539062,0.0,37.91712951660156,46.0,13339.228515625,-0.0,278.1558837890625,1.0,283.1499938964844,284.34478759765625,290.99481201171875,291.9584655761719,293.1499938964844,293.1499938964844,283.1499938964844,22096.421875,19080.0,313.1499938964844,0.0,18000.0,1.0,0.0,0.0,0.0,1.0,0.5123616456985474,1.0,0.0,0.0,2.662914514541626,2.662927865982056,4.731597584850533e-07,4.265924453735352,4.265914440155029,9.78592834144365e-06,0.0,0.0,-0.0,4001.620849609375,0.0,611.38330078125,1895.4371337890625,0.0,546.3335571289062,0.6615560054779053,1.0,0.0,3.0,1.0,0.0
12209520,297.4467163085937,297.1499938964844,293.1499938964844,0.0,-0.0,284.9796142578125,0.9990000128746032,0.3559217154979706,0.2770644128322601,297.1000671386719,297.1499938964844,293.1499938964844,0.0,-0.0,284.9783630371094,0.7474239468574524,0.1274361461400985,0.1216224282979965,297.1046447753906,297.1499938964844,293.1499938964844,0.0,-0.0,284.97918701171875,0.8807551264762878,0.2107561230659485,0.1479914784431457,297.0810241699219,297.1499938964844,293.1499938964844,0.0,-0.0,284.97802734375,0.7148163914680481,0.1102936267852783,0.1054570227861404,297.0423889160156,297.1499938964844,293.1499938964844,0.0,-0.0,284.9783630371094,0.7473768591880798,0.1272071003913879,0.5768101811408997,284.979248046875,285.3109130859375,293.4816589355469,287.9884338378906,293.4774169921875,297.3031921386719,284.9819641113281,1.0,0.2818821966648102,1.0,1.0,0.0,1.0,-1.4749524593353271,1.474950671195984,1.7975229411604232e-06,1.132327675819397,0.8470230102539062,0.8470230102539062,0.0,37.91712951660156,46.0,13339.228515625,-0.0,278.1558837890625,1.0,283.1499938964844,284.34478759765625,290.99481201171875,291.9584655761719,293.1499938964844,293.1499938964844,283.1499938964844,22096.421875,19080.0,313.1499938964844,0.0,18000.0,1.0,0.0,0.0,0.0,1.0,0.5123616456985474,1.0,0.0,0.0,2.662914514541626,2.662927865982056,4.731597584850533e-07,4.265924453735352,4.265914440155029,9.78592834144365e-06,0.0,0.0,-0.0,4001.620849609375,0.0,611.38330078125,1895.4371337890625,0.0,546.3335571289062,0.6615560054779053,1.0,0.0,3.0,1.0,0.0
12209580,297.43194580078125,297.1499938964844,293.1499938964844,0.0,-0.0,285.017333984375,0.9990000128746032,0.3581896722316742,0.2871166467666626,297.10504150390625,297.1499938964844,293.1499938964844,0.0,-0.0,285.0159912109375,0.7389637231826782,0.1273074299097061,0.1215541362762451,297.1078186035156,297.1499938964844,293.1499938964844,0.0,-0.0,285.0168762207031,0.869933545589447,0.2105027735233307,0.1478570401668548,297.0865478515625,297.1499938964844,293.1499938964844,0.0,-0.0,285.015625,0.7056044936180115,0.1099792644381523,0.105211891233921,297.04638671875,297.1499938964844,293.1499938964844,0.0,-0.0,285.0159606933594,0.7374573945999146,0.1262490153312683,0.5728272795677185,285.0169372558594,285.2620849609375,293.5927124023437,288.0011901855469,293.58856201171875,297.2953796386719,285.0197448730469,1.0,0.2849579155445099,1.0,1.0,0.0,1.0,-1.4817001819610596,1.4816983938217163,1.8126297618437093e-06,1.1375973224639893,0.8444111943244934,0.8444111943244934,0.0,39.718238830566406,49.0,13403.4619140625,-0.0,285.6573791503906,1.0,283.1499938964844,284.387451171875,291.0102844238281,291.9787902832031,293.1499938964844,293.1499938964844,283.1499938964844,20976.44921875,18000.0,313.1499938964844,0.0,18000.0,1.0,0.0,0.0,0.0,1.0,0.5141898393630981,1.0,0.0,0.0,2.583253860473633,2.583266496658325,4.452741961813445e-07,4.265924453735352,4.265914440155029,9.78592834144365e-06,0.0,0.0,-0.0,4008.074462890625,0.0,559.1050415039062,1895.4371337890625,0.0,552.423095703125,0.641998827457428,1.0,0.0,3.0,1.0,0.0
12209640,297.43194580078125,297.1499938964844,293.1499938964844,0.0,-0.0,285.017333984375,0.9990000128746032,0.3581896722316742,0.2871166467666626,297.10504150390625,297.1499938964844,293.1499938964844,0.0,-0.0,285.0159912109375,0.7389637231826782,0.1273074299097061,0.1215541362762451,297.1078186035156,297.1499938964844,293.1499938964844,0.0,-0.0,285.0168762207031,0.869933545589447,0.2105027735233307,0.1478570401668548,297.0865478515625,297.1499938964844,293.1499938964844,0.0,-0.0,285.015625,0.7056044936180115,0.1099792644381523,0.105211891233921,297.04638671875,297.1499938964844,293.1499938964844,0.0,-0.0,285.0159606933594,0.7374573945999146,0.1262490153312683,0.5728272795677185,285.0169372558594,285.2620849609375,293.5927124023437,288.0011901855469,293.58856201171875,297.2953796386719,285.0197448730469,1.0,0.2849579155445099,1.0,1.0,0.0,1.0,-1.4817001819610596,1.4816983938217163,1.8126297618437093e-06,1.1375973224639893,0.8444111943244934,0.8444111943244934,0.0,39.718238830566406,49.0,13403.4619140625,-0.0,285.6573791503906,1.0,283.1499938964844,284.387451171875,291.0102844238281,291.9787902832031,293.1499938964844,293.1499938964844,283.1499938964844,20976.44921875,18000.0,313.1499938964844,0.0,18000.0,1.0,0.0,0.0,0.0,1.0,0.5141898393630981,1.0,0.0,0.0,2.583253860473633,2.583266496658325,4.452741961813445e-07,4.265924453735352,4.265914440155029,9.78592834144365e-06,0.0,0.0,-0.0,4008.074462890625,0.0,559.1050415039062,1895.4371337890625,0.0,552.423095703125,0.641998827457428,1.0,0.0,3.0,1.0,0.0
12209700,297.4230651855469,297.1499938964844,293.1499938964844,0.0,-0.0,285.03790283203125,0.9990000128746032,0.3591024279594421,0.2925311923027038,297.10748291015625,297.1499938964844,293.1499938964844,0.0,-0.0,285.0362548828125,0.7346735000610352,0.1272640973329544,0.1215422600507736,297.1094055175781,297.1499938964844,293.1499938964844,0.0,-0.0,285.0373229980469,0.8644133806228638,0.2103911191225052,0.1478019505739212,297.0892639160156,297.1499938964844,293.1499938964844,0.0,-0.0,285.03582763671875,0.7007328271865845,0.1098443940281868,0.1051131933927536,297.0481872558594,297.1499938964844,293.1499938964844,0.0,-0.0,285.0362243652344,0.7324271202087402,0.1257702112197876,0.5708514451980591,285.0373840332031,285.2313842773437,293.6474914550781,288.0068664550781,293.6434020996094,297.29034423828125,285.0407409667969,1.0,0.2866739332675934,1.0,1.0,0.0,1.0,-1.4856290817260742,1.485627293586731,1.8214789179182844e-06,1.140679955482483,0.8436270356178284,0.8436270356178284,0.0,40.71911239624024,49.0,13428.4853515625,-0.0,289.9339599609375,1.0,283.1499938964844,284.4121398925781,291.0163879394531,291.9868469238281,293.1499938964844,293.1499938964844,283.1499938964844,20286.5390625,18000.0,313.1499938964844,0.0,18000.0,1.0,0.0,0.0,0.0,1.0,0.5151724815368652,1.0,0.0,0.0,2.5363523960113525,2.5363645553588867,4.292522248761088e-07,4.265924453735352,4.265914440155029,9.78592834144365e-06,0.0,0.0,-0.0,4010.389892578125,0.0,529.53857421875,1895.4371337890625,0.0,555.7246704101562,0.6332140564918518,1.0,0.0,3.0,1.0,0.0
12209760,297.4135131835937,297.1499938964844,293.1499938964844,0.0,-0.0,285.0563659667969,0.9990000128746032,0.3598965108394623,0.298145055770874,297.1099548339844,297.1499938964844,293.1499938964844,0.0,-0.0,285.0549621582031,0.7303900718688965,0.1272373795509338,0.1215480864048004,297.11102294921875,297.1499938964844,293.1499938964844,0.0,-0.0,285.05584716796875,0.8589133620262146,0.2102921903133392,0.1477575004100799,297.09197998046875,297.1499938964844,293.1499938964844,0.0,-0.0,285.0545959472656,0.6958317756652832,0.109726183116436,0.1050324216485023,297.0498962402344,297.1499938964844,293.1499938964844,0.0,-0.0,285.054931640625,0.727377712726593,0.125293493270874,0.5688932538032532,285.0559387207031,285.2099609375,293.7017822265625,288.01202392578125,293.6977233886719,297.28485107421875,285.0588073730469,1.0,0.2884903252124786,1.0,1.0,0.0,1.0,-1.489874005317688,1.4898722171783447,1.8310845462110592e-06,1.1440231800079346,0.843032717704773,0.843032717704773,0.0,41.77880859375,37.0,13471.814453125,-0.0,294.5234375,1.0,283.1499938964844,284.4320373535156,291.0220947265625,291.9955139160156,293.1499938964844,293.1499938964844,283.1499938964844,19838.44140625,18000.0,313.1499938964844,0.0,18000.0,1.0,0.0,0.0,0.0,1.0,0.5162061452865601,1.0,0.0,0.0,2.5060088634490967,2.506020784378052,4.190429763184511e-07,4.265924453735352,4.265914440155029,9.78592834144365e-06,0.0,0.0,-0.0,4013.79833984375,0.0,510.9363708496094,1895.4371337890625,0.0,559.2196655273438,0.6258993148803711,1.0,0.0,3.0,1.0,0.0
12209820,297.408447265625,297.1499938964844,293.1499938964844,0.0,-0.0,285.07843017578125,0.9990000128746032,0.3626840114593506,0.2960125207901001,297.11456298828125,297.1499938964844,293.1499938964844,0.0,-0.0,285.0779724121094,0.7319029569625854,0.1271977424621582,0.1214918196201324,297.11383056640625,297.1499938964844,293.1499938964844,0.0,-0.0,285.0782775878906,0.860653817653656,0.2100843489170074,0.14760522544384,297.0970458984375,297.1499938964844,293.1499938964844,0.0,-0.0,285.07781982421875,0.6970707178115845,0.1095060184597969,0.1048044189810752,297.052978515625,297.1499938964844,293.1499938964844,0.0,-0.0,285.07794189453125,0.727258563041687,0.1243384331464767,0.5645242929458618,285.07830810546875,285.1546630859375,293.8088684082031,288.02099609375,293.80487060546875,297.2806701660156,285.0791015625,1.0,0.2862927913665771,1.0,1.0,0.0,1.0,-1.4815579652786257,1.4815561771392822,1.8123514564649668e-06,1.1375253200531006,0.8426085114479065,0.8426085114479065,0.0,41.25340270996094,25.0,13455.8095703125,-0.0,289.4629211425781,1.0,283.1499938964844,284.4554748535156,291.031005859375,292.0080261230469,293.1499938964844,293.1499938964844,283.1499938964844,19183.39453125,18000.0,313.1499938964844,0.0,18000.0,1.0,0.0,0.0,0.0,1.0,0.5182860493659973,1.0,0.0,0.0,2.4621422290802,2.462153673171997,4.045010655318038e-07,4.265924453735352,4.265914440155029,9.78592834144365e-06,0.0,0.0,-0.0,4016.336669921875,0.0,484.74066162109375,1895.4371337890625,0.0,566.3201293945312,0.6152998208999634,1.0,0.0,3.0,1.0,0.0
12209880,297.408447265625,297.1499938964844,293.1499938964844,0.0,-0.0,285.07843017578125,0.9990000128746032,0.3626840114593506,0.2960125207901001,297.11456298828125,297.1499938964844,293.1499938964844,0.0,-0.0,285.0779724121094,0.7319029569625854,0.1271977424621582,0.1214918196201324,297.11383056640625,297.1499938964844,293.1499938964844,0.0,-0.0,285.0782775878906,0.860653817653656,0.2100843489170074,0.14760522544384,297.0970458984375,297.1499938964844,293.1499938964844,0.0,-0.0,285.07781982421875,0.6970707178115845,0.1095060184597969,0.1048044189810752,297.052978515625,297.1499938964844,293.1499938964844,0.0,-0.0,285.07794189453125,0.727258563041687,0.1243384331464767,0.5645242929458618,285.07830810546875,285.1546630859375,293.8088684082031,288.02099609375,293.80487060546875,297.2806701660156,285.0791015625,1.0,0.2862927913665771,1.0,1.0,0.0,1.0,-1.4815579652786257,1.4815561771392822,1.8123514564649668e-06,1.1375253200531006,0.8426085114479065,0.8426085114479065,0.0,41.25340270996094,25.0,13455.8095703125,-0.0,289.4629211425781,1.0,283.1499938964844,284.4554748535156,291.031005859375,292.0080261230469,293.1499938964844,293.1499938964844,283.1499938964844,19183.39453125,18000.0,313.1499938964844,0.0,18000.0,1.0,0.0,0.0,0.0,1.0,0.5182860493659973,1.0,0.0,0.0,2.4621422290802,2.462153673171997,4.045010655318038e-07,4.265924453735352,4.265914440155029,9.78592834144365e-06,0.0,0.0,-0.0,4016.336669921875,0.0,484.74066162109375,1895.4371337890625,0.0,566.3201293945312,0.6152998208999634,1.0,0.0,3.0,1.0,0.0
12209940,297.4390869140625,297.1499938964844,293.1499938964844,0.0,-0.0,285.0810241699219,0.9990000128746032,0.3690259456634521,0.281877338886261,297.1188049316406,297.1499938964844,293.1499938964844,0.0,-0.0,285.08111572265625,0.742885947227478,0.1271790266036987,0.1213736161589622,297.1160583496094,297.1499938964844,293.1499938964844,0.0,-0.0,285.0810546875,0.8743888735771179,0.2098514288663864,0.1473772525787353,297.10174560546875,297.1499938964844,293.1499938964844,0.0,-0.0,285.0811462402344,0.708536684513092,0.1093116104602813,0.1045188829302787,297.05670166015625,297.1499938964844,293.1499938964844,0.0,-0.0,285.0811462402344,0.7365260124206543,0.1234845072031021,0.5600869059562683,285.0810546875,285.0963439941406,293.9139404296875,288.0282287597656,293.90997314453125,297.2989501953125,285.0806579589844,1.0,0.2796693742275238,1.0,1.0,0.0,1.0,-1.458509922027588,1.4585081338882446,1.760801410455315e-06,1.1192395687103271,0.8428609371185303,0.8428609371185303,0.0,38.416465759277344,28.0,13346.82421875,-0.0,272.2768249511719,1.0,283.1499938964844,284.4606018066406,291.0319519042969,292.00665283203125,293.1499938964844,293.1499938964844,283.1499938964844,18746.421875,18000.0,313.1499938964844,0.0,18000.0,1.0,0.0,0.0,0.0,1.0,0.5191254019737244,1.0,0.0,0.0,2.4345037937164307,2.4345149993896484,3.954706357944815e-07,4.265924453735352,4.265914440155029,9.78592834144365e-06,0.0,0.0,-0.0,4012.57958984375,0.0,468.5554504394531,1895.4371337890625,0.0,569.2113647460938,0.6085779070854187,1.0,0.0,3.0,1.0,0.0
12210000,297.4390869140625,297.1499938964844,293.1499938964844,0.0,-0.0,285.0810241699219,0.9990000128746032,0.3690259456634521,0.281877338886261,297.1188049316406,297.1499938964844,293.1499938964844,0.0,-0.0,285.08111572265625,0.742885947227478,0.1271790266036987,0.1213736161589622,297.1160583496094,297.1499938964844,293.1499938964844,0.0,-0.0,285.0810546875,0.8743888735771179,0.2098514288663864,0.1473772525787353,297.10174560546875,297.1499938964844,293.1499938964844,0.0,-0.0,285.0811462402344,0.708536684513092,0.1093116104602813,0.1045188829302787,297.05670166015625,297.1499938964844,293.1499938964844,0.0,-0.0,285.0811462402344,0.7365260124206543,0.1234845072031021,0.5600869059562683,285.0810546875,285.0963439941406,293.9139404296875,288.0282287597656,293.90997314453125,297.2989501953125,285.0806579589844,1.0,0.2796693742275238,1.0,1.0,0.0,1.0,-1.458509922027588,1.4585081338882446,1.760801410455315e-06,1.1192395687103271,0.8428609371185303,0.8428609371185303,0.0,38.416465759277344,28.0,13346.82421875,-0.0,272.2768249511719,1.0,283.1499938964844,284.4606018066406,291.0319519042969,292.00665283203125,293.1499938964844,293.1499938964844,283.1499938964844,18746.421875,18000.0,313.1499938964844,0.0,18000.0,1.0,0.0,0.0,0.0,1.0,0.5191254019737244,1.0,0.0,0.0,2.4345037937164307,2.4345149993896484,3.954706357944815e-07,4.265924453735352,4.265914440155029,9.78592834144365e-06,0.0,0.0,-0.0,4012.57958984375,0.0,468.5554504394531,1895.4371337890625,0.0,569.2113647460938,0.6085779070854187,1.0,0.0,3.0,1.0,0.0
12210060,297.4875793457031,297.1499938964844,293.1499938964844,0.0,-0.0,285.080322265625,0.9990000128746032,0.3776083290576935,0.2721579670906067,297.1230163574219,297.1499938964844,293.1499938964844,0.0,-0.0,285.08026123046875,0.7511180639266968,0.1272095888853073,0.1213257387280464,297.1181030273437,297.1499938964844,293.1499938964844,0.0,-0.0,285.0802917480469,0.8844612240791321,0.2096284180879593,0.1471711844205856,297.1063537597656,297.1499938964844,293.1499938964844,0.0,-0.0,285.0802307128906,0.7164196372032166,0.1091681271791458,0.1043063774704933,297.0618591308594,297.1499938964844,293.1499938964844,0.0,-0.0,285.08026123046875,0.743182361125946,0.1228233650326728,0.5565981268882751,285.0802917480469,285.0351257324219,294.0169982910156,288.0338439941406,294.0130310058594,297.3322448730469,285.0804138183594,1.0,0.2755704224109649,1.0,1.0,0.0,1.0,-1.4420849084854126,1.4420832395553589,1.724490175547544e-06,1.1060452461242676,0.843876302242279,0.843876302242279,0.0,36.52510833740234,31.0,13292.626953125,-0.0,260.65008544921875,1.0,283.1499938964844,284.4638061523437,291.0293884277344,291.9997253417969,293.1499938964844,293.1499938964844,283.1499938964844,18443.048828125,18000.0,313.1499938964844,0.0,18000.0,1.0,0.0,0.0,0.0,1.0,0.5181738138198853,1.0,0.0,0.0,2.418095827102661,2.4181067943573,3.901578793374938e-07,4.265924453735352,4.265914440155029,9.78592834144365e-06,0.0,0.0,-0.0,4009.607177734375,0.0,458.8899230957031,1895.4371337890625,0.0,565.9345703125,0.6045235991477966,1.0,0.0,3.0,1.0,0.0
12210120,297.4875793457031,297.1499938964844,293.1499938964844,0.0,-0.0,285.080322265625,0.9990000128746032,0.3776083290576935,0.2721579670906067,297.1230163574219,297.1499938964844,293.1499938964844,0.0,-0.0,285.08026123046875,0.7511180639266968,0.1272095888853073,0.1213257387280464,297.1181030273437,297.1499938964844,293.1499938964844,0.0,-0.0,285.0802917480469,0.8844612240791321,0.2096284180879593,0.1471711844205856,297.1063537597656,297.1499938964844,293.1499938964844,0.0,-0.0,285.0802307128906,0.7164196372032166,0.1091681271791458,0.1043063774704933,297.0618591308594,297.1499938964844,293.1499938964844,0.0,-0.0,285.08026123046875,0.743182361125946,0.1228233650326728,0.5565981268882751,285.0802917480469,285.0351257324219,294.0169982910156,288.0338439941406,294.0130310058594,297.3322448730469,285.0804138183594,1.0,0.2755704224109649,1.0,1.0,0.0,1.0,-1.4420849084854126,1.4420832395553589,1.724490175547544e-06,1.1060452461242676,0.843876302242279,0.843876302242279,0.0,36.52510833740234,31.0,13292.626953125,-0.0,260.65008544921875,1.0,283.1499938964844,284.4638061523437,291.0293884277344,291.9997253417969,293.1499938964844,293.1499938964844,283.1499938964844,18443.048828125,18000.0,313.1499938964844,0.0,18000.0,1.0,0.0,0.0,0.0,1.0,0.5181738138198853,1.0,0.0,0.0,2.418095827102661,2.4181067943573,3.901578793374938e-07,4.265924453735352,4.265914440155029,9.78592834144365e-06,0.0,0.0,-0.0,4009.607177734375,0.0,458.8899230957031,1895.4371337890625,0.0,565.9345703125,0.6045235991477966,1.0,0.0,3.0,1.0,0.0
12210180,297.5263977050781,297.1499938964844,293.1499938964844,0.0,-0.0,285.08349609375,0.9990000128746032,0.38582843542099,0.2674252986907959,297.127197265625,297.1499938964844,293.1499938964844,0.0,-0.0,285.0833435058594,0.7554593682289124,0.127291589975357,0.1213615164160728,297.12017822265625,297.1499938964844,293.1499938964844,0.0,-0.0,285.0834655761719,0.8894506096839905,0.20943483710289,0.1470090597867965,297.1108703613281,297.1499938964844,293.1499938964844,0.0,-0.0,285.08331298828125,0.7201472520828247,0.1090723797678947,0.1041750982403755,297.0675964355469,297.1499938964844,293.1499938964844,0.0,-0.0,285.0833435058594,0.7461808323860168,0.122287668287754,0.5539444088935852,285.0834655761719,284.9711303710937,294.11798095703125,288.03790283203125,294.11407470703125,297.3616943359375,285.08380126953125,1.0,0.2733563482761383,1.0,1.0,0.0,1.0,-1.4329054355621338,1.43290376663208,1.7044073956640204e-06,1.0986669063568115,0.8458259105682373,0.8458259105682373,0.0,35.60503005981445,34.0,13298.546875,-0.0,254.5901031494141,1.0,283.1499938964844,284.4686889648437,291.0317687988281,292.0002136230469,293.1499938964844,293.1499938964844,283.1499938964844,18217.224609375,18000.0,313.1499938964844,0.0,18000.0,1.0,0.0,0.0,0.0,1.0,0.5168332457542419,1.0,0.0,0.0,2.4100961685180664,2.410107135772705,3.8758068399147305e-07,4.265924453735352,4.265914440155029,9.78592834144365e-06,0.0,0.0,-0.0,4010.415771484375,0.0,453.8367919921875,1895.4371337890625,0.0,561.350830078125,0.6024371981620789,1.0,0.0,3.0,1.0,0.0
12210240,297.5263977050781,297.1499938964844,293.1499938964844,0.0,-0.0,285.08349609375,0.9990000128746032,0.38582843542099,0.2674252986907959,297.127197265625,297.1499938964844,293.1499938964844,0.0,-0.0,285.0833435058594,0.7554593682289124,0.127291589975357,0.1213615164160728,297.12017822265625,297.1499938964844,293.1499938964844,0.0,-0.0,285.0834655761719,0.8894506096839905,0.20943483710289,0.1470090597867965,297.1108703613281,297.1499938964844,293.1499938964844,0.0,-0.0,285.08331298828125,0.7201472520828247,0.1090723797678947,0.1041750982403755,297.0675964355469,297.1499938964844,293.1499938964844,0.0,-0.0,285.0833435058594,0.7461808323860168,0.122287668287754,0.5539444088935852,285.0834655761719,284.9711303710937,294.11798095703125,288.03790283203125,294.11407470703125,297.3616943359375,285.08380126953125,1.0,0.2733563482761383,1.0,1.0,0.0,1.0,-1.4329054355621338,1.43290376663208,1.7044073956640204e-06,1.0986669063568115,0.8458259105682373,0.8458259105682373,0.0,35.60503005981445,34.0,13298.546875,-0.0,254.5901031494141,1.0,283.1499938964844,284.4686889648437,291.0317687988281,292.0002136230469,293.1499938964844,293.1499938964844,283.1499938964844,18217.224609375,18000.0,313.1499938964844,0.0,18000.0,1.0,0.0,0.0,0.0,1.0,0.5168332457542419,1.0,0.0,0.0,2.4100961685180664,2.410107135772705,3.8758068399147305e-07,4.265924453735352,4.265914440155029,9.78592834144365e-06,0.0,0.0,-0.0,4010.415771484375,0.0,453.8367919921875,1895.4371337890625,0.0,561.350830078125,0.6024371981620789,1.0,0.0,3.0,1.0,0.0
12210300,297.5411071777344,297.1499938964844,293.1499938964844,0.0,-0.0,285.0858459472656,0.9990000128746032,0.3896580338478088,0.2665595710277557,297.1292724609375,297.1499938964844,293.1499938964844,0.0,-0.0,285.0856628417969,0.7563449144363403,0.1273497641086578,0.1214058622717857,297.1212158203125,297.1499938964844,293.1499938964844,0.0,-0.0,285.0857849121094,0.8902987837791443,0.2093478888273239,0.1469423472881317,297.1130676269531,297.1499938964844,293.1499938964844,0.0,-0.0,285.0856018066406,0.7207924723625183,0.1090404167771339,0.1041345000267028,297.07037353515625,297.1499938964844,293.1499938964844,0.0,-0.0,285.08563232421875,0.7464504241943359,0.1220396906137466,0.5527856349945068,285.0857849121094,284.95001220703125,294.1676940917969,288.0394287109375,294.163818359375,297.3736572265625,285.0862121582031,1.0,0.2728542387485504,1.0,1.0,0.0,1.0,-1.4303983449935913,1.430396556854248,1.698923028925492e-06,1.096625804901123,0.8469882607460022,0.8469882607460022,0.0,35.42334747314453,34.0,13317.673828125,-0.0,253.11669921875,1.0,283.1499938964844,284.47137451171875,291.0347900390625,292.00347900390625,293.1499938964844,293.1499938964844,283.1499938964844,18127.0859375,18000.0,313.1499938964844,0.0,18000.0,1.0,0.0,0.0,0.0,1.0,0.5164395570755005,1.0,0.0,0.0,2.408611536026001,2.4086222648620605,3.871032845381706e-07,4.265924453735352,4.265914440155029,9.78592834144365e-06,0.0,0.0,-0.0,4011.9384765625,0.0,452.6642761230469,1895.4371337890625,0.0,560.0118408203125,0.6019796133041382,1.0,0.0,3.0,1.0,0.0
12210360,297.5526733398437,297.1499938964844,293.1499938964844,0.0,-0.0,285.08868408203125,0.9990000128746032,0.3932746350765228,0.2665886580944061,297.1312866210937,297.1499938964844,293.1499938964844,0.0,-0.0,285.0884704589844,0.7564398050308228,0.1274180263280868,0.1214657798409462,297.1222229003906,297.1499938964844,293.1499938964844,0.0,-0.0,285.088623046875,0.8901436924934387,0.2092660963535308,0.1468836814165115,297.115234375,297.1499938964844,293.1499938964844,0.0,-0.0,285.0884094238281,0.7207122445106506,0.1090181022882461,0.1041089743375778,297.072998046875,297.1499938964844,293.1499938964844,0.0,-0.0,285.08843994140625,0.7459522485733032,0.1217947453260421,0.5516822934150696,285.088623046875,284.95001220703125,294.2169189453125,288.04058837890625,294.21307373046875,297.3835754394531,285.08917236328125,1.0,0.2727029323577881,1.0,1.0,0.0,1.0,-1.4290783405303955,1.4290766716003418,1.6960101447693887e-06,1.0955208539962769,0.8479407429695129,0.8479407429695129,0.0,35.40354919433594,37.0,13345.5517578125,-0.0,252.5274353027344,1.0,283.1499938964844,284.474365234375,291.0385131835937,292.0082092285156,293.1499938964844,293.1499938964844,283.1499938964844,18064.158203125,18000.0,313.1499938964844,0.0,18000.0,1.0,0.0,0.0,0.0,1.0,0.5163536071777344,1.0,0.0,0.0,2.4080519676208496,2.408062696456909,3.869234603826044e-07,4.265924453735352,4.265914440155029,9.78592834144365e-06,0.0,0.0,-0.0,4013.968994140625,0.0,452.079833984375,1895.4371337890625,0.0,559.7200317382812,0.601763129234314,1.0,0.0,3.0,1.0,0.0
12210420,297.5671691894531,297.1499938964844,293.1499938964844,0.0,-0.0,285.09600830078125,0.9990000128746032,0.3998531103134155,0.2690166532993316,297.13525390625,297.1499938964844,293.1499938964844,0.0,-0.0,285.095703125,0.75454181432724,0.1275814175605774,0.121626928448677,297.12420654296875,297.1499938964844,293.1499938964844,0.0,-0.0,285.0959167480469,0.8871860504150391,0.2091150432825088,0.1467867046594619,297.119384765625,297.1499938964844,293.1499938964844,0.0,-0.0,285.0956115722656,0.7186290621757507,0.108999565243721,0.1040983274579048,297.07769775390625,297.1499938964844,293.1499938964844,0.0,-0.0,285.0956726074219,0.7429101467132568,0.1212954744696617,0.5495331287384033,285.0959167480469,284.95001220703125,294.3137512207031,288.0419921875,294.3099975585937,297.3971862792969,285.0966491699219,1.0,0.2733153402805328,1.0,1.0,0.0,1.0,-1.4294753074645996,1.429473638534546,1.696732738309947e-06,1.0957001447677612,0.8499335050582886,0.8499335050582886,0.0,35.79214859008789,40.0,13424.255859375,-0.0,253.6358184814453,1.0,283.1499938964844,284.4814147949219,291.0461120605469,292.0199584960937,293.1499938964844,293.1499938964844,283.1499938964844,17971.763671875,18000.0,313.1499938964844,0.0,18000.0,1.0,0.0,0.0,0.0,1.0,0.5171769261360168,1.0,0.0,0.0,2.4092369079589844,2.409247636795044,3.8730433971068123e-07,4.265924453735352,4.265914440155029,9.78592834144365e-06,0.0,0.0,-0.0,4019.03466796875,0.0,452.2033996582031,1895.4371337890625,0.0,562.5223388671875,0.6018943190574646,1.0,0.0,3.0,1.0,0.0
12210480,297.5671691894531,297.1499938964844,293.1499938964844,0.0,-0.0,285.09600830078125,0.9990000128746032,0.3998531103134155,0.2690166532993316,297.13525390625,297.1499938964844,293.1499938964844,0.0,-0.0,285.095703125,0.75454181432724,0.1275814175605774,0.121626928448677,297.12420654296875,297.1499938964844,293.1499938964844,0.0,-0.0,285.0959167480469,0.8871860504150391,0.2091150432825088,0.1467867046594619,297.119384765625,297.1499938964844,293.1499938964844,0.0,-0.0,285.0956115722656,0.7186290621757507,0.108999565243721,0.1040983274579048,297.07769775390625,297.1499938964844,293.1499938964844,0.0,-0.0,285.0956726074219,0.7429101467132568,0.1212954744696617,0.5495331287384033,285.0959167480469,284.95001220703125,294.3137512207031,288.0419921875,294.3099975585937,297.3971862792969,285.0966491699219,1.0,0.2733153402805328,1.0,1.0,0.0,1.0,-1.4294753074645996,1.429473638534546,1.696732738309947e-06,1.0957001447677612,0.8499335050582886,0.8499335050582886,0.0,35.79214859008789,40.0,13424.255859375,-0.0,253.6358184814453,1.0,283.1499938964844,284.4814147949219,291.0461120605469,292.0199584960937,293.1499938964844,293.1499938964844,283.1499938964844,17971.763671875,18000.0,313.1499938964844,0.0,18000.0,1.0,0.0,0.0,0.0,1.0,0.5171769261360168,1.0,0.0,0.0,2.4092369079589844,2.409247636795044,3.8730433971068123e-07,4.265924453735352,4.265914440155029,9.78592834144365e-06,0.0,0.0,-0.0,4019.03466796875,0.0,452.2033996582031,1895.4371337890625,0.0,562.5223388671875,0.6018943190574646,1.0,0.0,3.0,1.0,0.0
12210540,297.57110595703125,297.1499938964844,293.1499938964844,0.0,-0.0,285.1023864746094,0.9990000128746032,0.4040540158748626,0.2724590003490448,297.1379699707031,297.1499938964844,293.1499938964844,0.0,-0.0,285.10205078125,0.7517406344413757,0.1277188807725906,0.1217732951045036,297.12554931640625,297.1499938964844,293.1499938964844,0.0,-0.0,285.102294921875,0.8832236528396606,0.2090146541595459,0.1467311531305313,297.12225341796875,297.1499938964844,293.1499938964844,0.0,-0.0,285.1019592285156,0.7157500386238098,0.1090055406093597,0.1041205003857612,297.0805358886719,297.1499938964844,293.1499938964844,0.0,-0.0,285.1020202636719,0.739302933216095,0.1209181919693946,0.5479713082313538,285.102294921875,284.95001220703125,294.3821716308594,288.0422668457031,294.37847900390625,297.402099609375,285.1031188964844,1.0,0.2744063436985016,1.0,1.0,0.0,1.0,-1.4318673610687256,1.431865692138672,1.7017979416777962e-06,1.0974853038787842,0.8514496684074402,0.8514496684074402,0.0,36.383731842041016,40.0,13496.7158203125,-0.0,256.0611877441406,1.0,283.1499938964844,284.4872131347656,291.0506591796875,292.02880859375,293.1499938964844,293.1499938964844,283.1499938964844,17923.9453125,18000.0,313.1499938964844,0.0,18000.0,1.0,0.0,0.0,0.0,1.0,0.5185127854347229,1.0,0.0,0.0,2.411582469940185,2.411593198776245,3.8805885083093017e-07,4.265924453735352,4.265914440155029,9.78592834144365e-06,0.0,0.0,-0.0,4023.09033203125,0.0,453.115966796875,1895.4371337890625,0.0,567.0996704101562,0.6023464798927307,1.0,0.0,3.0,1.0,0.0
12210600,297.5713806152344,297.1499938964844,293.1499938964844,0.0,-0.0,285.1051025390625,0.9990000128746032,0.4055715799331665,0.2741231024265289,297.1390075683594,297.1499938964844,293.1499938964844,0.0,-0.0,285.104736328125,0.7503963112831116,0.1277763396501541,0.1218362897634506,297.1260681152344,297.1499938964844,293.1499938964844,0.0,-0.0,285.10498046875,0.8813527822494507,0.2089771628379821,0.1467122882604599,297.1233215332031,297.1499938964844,293.1499938964844,0.0,-0.0,285.1046142578125,0.7143617868423462,0.1090117320418357,0.1041350960731506,297.0815124511719,297.1499938964844,293.1499938964844,0.0,-0.0,285.10467529296875,0.7376450896263123,0.1207662671804428,0.5473524332046509,285.10498046875,284.95001220703125,294.4084777832031,288.042236328125,294.4048156738281,297.4029846191406,285.1058349609375,1.0,0.2749552726745605,1.0,1.0,0.0,1.0,-1.433192253112793,1.4331905841827393,1.70462396908988e-06,1.0984902381896973,0.8520592451095581,0.8520592451095581,0.0,36.67540740966797,43.0,13527.8330078125,-0.0,257.32000732421875,1.0,283.1499938964844,284.4896240234375,291.05206298828125,292.0321350097656,293.1499938964844,293.1499938964844,283.1499938964844,17908.328125,18000.0,313.1499938964844,0.0,18000.0,1.0,0.0,0.0,0.0,1.0,0.5191654562950134,1.0,0.0,0.0,2.412755012512207,2.4127657413482666,3.8843629113216593e-07,4.265924453735352,4.265914440155029,9.78592834144365e-06,0.0,0.0,-0.0,4024.69970703125,0.0,453.61376953125,1895.4371337890625,0.0,569.3497924804688,0.6025843620300293,1.0,0.0,3.0,1.0,0.0
12210660,297.5669860839844,297.1499938964844,293.1499938964844,0.0,-0.0,285.1161499023437,0.9990000128746032,0.4104706048965454,0.2813863158226013,297.142578125,297.1499938964844,293.1499938964844,0.0,-0.0,285.1156311035156,0.7446675896644592,0.1279991418123245,0.1220874562859535,297.1278076171875,297.1499938964844,293.1499938964844,0.0,-0.0,285.115966796875,0.8734564781188965,0.2088501155376434,0.1466564536094665,297.1270446777344,297.1499938964844,293.1499938964844,0.0,-0.0,285.115478515625,0.7082417011260986,0.109050840139389,0.1042128503322601,297.0844421386719,297.1499938964844,293.1499938964844,0.0,-0.0,285.1155700683594,0.7307657599449158,0.1201976910233497,0.5450717210769653,285.115966796875,284.95001220703125,294.5010986328125,288.0414123535156,294.4975280761719,297.4019470214844,285.1174011230469,1.0,0.2774253189563751,1.0,1.0,0.0,1.0,-1.439500331878662,1.4394985437393188,1.7181744169647573e-06,1.1033276319503784,0.854342520236969,0.854342520236969,0.0,37.97796249389648,46.0,13658.1650390625,-0.0,263.13214111328125,1.0,283.1499938964844,284.4990539550781,291.0552673339844,292.04302978515625,293.1499938964844,293.1499938964844,283.1499938964844,17862.96875,18000.0,313.1499938964844,0.0,18000.0,1.0,0.0,0.0,0.0,1.0,0.5219693183898926,1.0,0.0,0.0,2.4179580211639404,2.41796875,3.901133709405258e-07,4.265924453735352,4.265914440155029,9.78592834144365e-06,0.0,0.0,-0.0,4030.5810546875,0.0,455.9466247558594,1895.4371337890625,0.0,579.1201782226562,0.6036745309829712,1.0,0.0,3.0,1.0,0.0
12210720,297.5669860839844,297.1499938964844,293.1499938964844,0.0,-0.0,285.1161499023437,0.9990000128746032,0.4104706048965454,0.2813863158226013,297.142578125,297.1499938964844,293.1499938964844,0.0,-0.0,285.1156311035156,0.7446675896644592,0.1279991418123245,0.1220874562859535,297.1278076171875,297.1499938964844,293.1499938964844,0.0,-0.0,285.115966796875,0.8734564781188965,0.2088501155376434,0.1466564536094665,297.1270446777344,297.1499938964844,293.1499938964844,0.0,-0.0,285.115478515625,0.7082417011260986,0.109050840139389,0.1042128503322601,297.0844421386719,297.1499938964844,293.1499938964844,0.0,-0.0,285.1155700683594,0.7307657599449158,0.1201976910233497,0.5450717210769653,285.115966796875,284.95001220703125,294.5010986328125,288.0414123535156,294.4975280761719,297.4019470214844,285.1174011230469,1.0,0.2774253189563751,1.0,1.0,0.0,1.0,-1.439500331878662,1.4394985437393188,1.7181744169647573e-06,1.1033276319503784,0.854342520236969,0.854342520236969,0.0,37.97796249389648,46.0,13658.1650390625,-0.0,263.13214111328125,1.0,283.1499938964844,284.4990539550781,291.0552673339844,292.04302978515625,293.1499938964844,293.1499938964844,283.1499938964844,17862.96875,18000.0,313.1499938964844,0.0,18000.0,1.0,0.0,0.0,0.0,1.0,0.5219693183898926,1.0,0.0,0.0,2.4179580211639404,2.41796875,3.901133709405258e-07,4.265924453735352,4.265914440155029,9.78592834144365e-06,0.0,0.0,-0.0,4030.5810546875,0.0,455.9466247558594,1895.4371337890625,0.0,579.1201782226562,0.6036745309829712,1.0,0.0,3.0,1.0,0.0
12210780,297.5560302734375,297.1499938964844,293.1499938964844,0.0,-0.0,285.1365051269531,0.9990000128746032,0.414649486541748,0.2902852296829223,297.14605712890625,297.1499938964844,293.1499938964844,0.0,-0.0,285.1356811523437,0.7380005121231079,0.1282572001218795,0.1223811954259872,297.1296081542969,297.1499938964844,293.1499938964844,0.0,-0.0,285.1361999511719,0.8643301129341125,0.2087510675191879,0.14662466943264,297.130615234375,297.1499938964844,293.1499938964844,0.0,-0.0,285.13543701171875,0.7007924318313599,0.1091225072741508,0.104331225156784,297.08673095703125,297.1499938964844,293.1499938964844,0.0,-0.0,285.1355895996094,0.7227868437767029,0.1195990368723869,0.5426964163780212,285.13623046875,284.95001220703125,294.5915832519531,288.0397033691406,294.5881042480469,297.3955993652344,285.1380615234375,1.0,0.2805459797382355,1.0,1.0,0.0,1.0,-1.4477872848510742,1.4477856159210205,1.7361470554533298e-06,1.109745740890503,0.8569575548171997,0.8569575548171997,0.0,39.62820053100586,49.0,13837.85546875,-0.0,270.6898193359375,1.0,283.1499938964844,284.5128479003906,291.05694580078125,292.0545654296875,293.1499938964844,293.1499938964844,283.1499938964844,17823.498046875,18000.0,313.1499938964844,0.0,18000.0,1.0,0.0,0.0,0.0,1.0,0.5254095792770386,1.0,0.0,0.0,2.4245941638946533,2.424605131149292,3.922577320736309e-07,4.265924453735352,4.265914440155029,9.78592834144365e-06,0.0,0.0,-0.0,4038.2587890625,0.0,459.0269165039063,1895.4371337890625,0.0,591.3411865234375,0.6050931215286255,1.0,0.0,3.0,1.0,0.0
12210840,297.5560302734375,297.1499938964844,293.1499938964844,0.0,-0.0,285.1365051269531,0.9990000128746032,0.414649486541748,0.2902852296829223,297.14605712890625,297.1499938964844,293.1499938964844,0.0,-0.0,285.1356811523437,0.7380005121231079,0.1282572001218795,0.1223811954259872,297.1296081542969,297.1499938964844,293.1499938964844,0.0,-0.0,285.1361999511719,0.8643301129341125,0.2087510675191879,0.14662466943264,297.130615234375,297.1499938964844,293.1499938964844,0.0,-0.0,285.13543701171875,0.7007924318313599,0.1091225072741508,0.104331225156784,297.08673095703125,297.1499938964844,293.1499938964844,0.0,-0.0,285.1355895996094,0.7227868437767029,0.1195990368723869,0.5426964163780212,285.13623046875,284.95001220703125,294.5915832519531,288.0397033691406,294.5881042480469,297.3955993652344,285.1380615234375,1.0,0.2805459797382355,1.0,1.0,0.0,1.0,-1.4477872848510742,1.4477856159210205,1.7361470554533298e-06,1.109745740890503,0.8569575548171997,0.8569575548171997,0.0,39.62820053100586,49.0,13837.85546875,-0.0,270.6898193359375,1.0,283.1499938964844,284.5128479003906,291.05694580078125,292.0545654296875,293.1499938964844,293.1499938964844,283.1499938964844,17823.498046875,18000.0,313.1499938964844,0.0,18000.0,1.0,0.0,0.0,0.0,1.0,0.5254095792770386,1.0,0.0,0.0,2.4245941638946533,2.424605131149292,3.922577320736309e-07,4.265924453735352,4.265914440155029,9.78592834144365e-06,0.0,0.0,-0.0,4038.2587890625,0.0,459.0269165039063,1895.4371337890625,0.0,591.3411865234375,0.6050931215286255,1.0,0.0,3.0,1.0,0.0
12210900,297.548583984375,297.1499938964844,293.1499938964844,0.0,-0.0,285.1471862792969,0.9990000128746032,0.4164895117282867,0.295218676328659,297.14776611328125,297.1499938964844,293.1499938964844,0.0,-0.0,285.1463317871094,0.7344650030136108,0.1284007728099823,0.1225462183356285,297.13055419921875,297.1499938964844,293.1499938964844,0.0,-0.0,285.1468811035156,0.8595191836357117,0.2087143361568451,0.1466212123632431,297.1323547363281,297.1499938964844,293.1499938964844,0.0,-0.0,285.1461181640625,0.696795642375946,0.1091715916991233,0.1044073328375816,297.0876770019531,297.1499938964844,293.1499938964844,0.0,-0.0,285.146240234375,0.7184582352638245,0.1192911714315414,0.5414884090423584,285.1469116210937,284.95001220703125,294.6360168457031,288.0385437011719,294.6325988769531,297.3908386230469,285.14874267578125,1.0,0.2823091745376587,1.0,1.0,0.0,1.0,-1.4525445699691772,1.4525429010391235,1.7465417840867303e-06,1.1134518384933472,0.8583782911300659,0.8583782911300659,0.0,40.5670166015625,49.0,13932.6630859375,-0.0,275.0437927246094,1.0,283.1499938964844,284.52001953125,291.0575561523437,292.0606994628906,293.1499938964844,293.1499938964844,283.1499938964844,17805.55859375,18000.0,313.1499938964844,0.0,18000.0,1.0,0.0,0.0,0.0,1.0,0.5274015069007874,1.0,0.0,0.0,2.42841911315918,2.4284300804138184,3.934962649054796e-07,4.265924453735352,4.265914440155029,9.78592834144365e-06,0.0,0.0,-0.0,4042.292724609375,0.0,460.833251953125,1895.4371337890625,0.0,598.5364379882812,0.6059175729751587,1.0,0.0,3.0,1.0,0.0
12210960,297.5400390625,297.1499938964844,293.1499938964844,0.0,-0.0,285.1579895019531,0.9990000128746032,0.4181722998619079,0.3004121482372284,297.1494445800781,297.1499938964844,293.1499938964844,0.0,-0.0,285.1571350097656,0.7308481335639954,0.1285524666309356,0.1227218359708786,297.1315002441406,297.1499938964844,293.1499938964844,0.0,-0.0,285.1576843261719,0.8546322584152222,0.2086836844682693,0.1466243118047714,297.1340637207031,297.1499938964844,293.1499938964844,0.0,-0.0,285.1568908691406,0.6926888823509216,0.109228141605854,0.1044933348894119,297.0885009765625,297.1499938964844,293.1499938964844,0.0,-0.0,285.15704345703125,0.7138928771018982,0.1189774498343467,0.5402657985687256,285.15771484375,284.95001220703125,294.6799011230469,288.0372009277344,294.6765441894531,297.38525390625,285.1595764160156,1.0,0.284184455871582,1.0,1.0,0.0,1.0,-1.4576289653778076,1.4576271772384644,1.7577100379639887e-06,1.1174262762069702,0.8598725199699402,0.8598725199699402,0.0,41.5728874206543,52.0,14030.0244140625,-0.0,279.7325744628906,1.0,283.1499938964844,284.5272521972656,291.0577697753906,292.06671142578125,293.1499938964844,293.1499938964844,283.1499938964844,17788.681640625,18000.0,313.1499938964844,0.0,18000.0,1.0,0.0,0.0,0.0,1.0,0.5295417904853821,1.0,0.0,0.0,2.4325485229492188,2.4325594902038574,3.948356948058064e-07,4.265924453735352,4.265914440155029,9.78592834144365e-06,0.0,0.0,-0.0,4046.3505859375,0.0,462.8018493652344,1895.4371337890625,0.0,606.3663330078125,0.6068114638328552,1.0,0.0,3.0,1.0,0.0
12211020,297.52008056640625,297.1499938964844,293.1499938964844,0.0,-0.0,285.17987060546875,0.9990000128746032,0.4210924208164215,0.3114222884178161,297.1527404785156,297.1499938964844,293.1499938964844,0.0,-0.0,285.1789855957031,0.7234535813331604,0.1288779079914093,0.1231010630726814,297.1333312988281,297.1499938964844,293.1499938964844,0.0,-0.0,285.17950439453125,0.8448275327682495,0.2086363434791565,0.1466460227966308,297.1373596191406,297.1499938964844,293.1499938964844,0.0,-0.0,285.1787414550781,0.684322714805603,0.1093606725335121,0.1046911031007766,297.0898132324219,297.1499938964844,293.1499938964844,0.0,-0.0,285.1788635253906,0.703967809677124,0.118332915008068,0.5377734899520874,285.1795654296875,284.95001220703125,294.7660522460937,288.0340576171875,294.7627868652344,297.3719482421875,285.1814270019531,1.0,0.2882121801376343,1.0,1.0,0.0,1.0,-1.468572735786438,1.4685709476470947,1.7819492086346145e-06,1.1260221004486084,0.8630803823471069,0.8630803823471069,0.0,43.76326751708984,55.0,14230.732421875,-0.0,289.9911499023437,1.0,283.1499938964844,284.541748046875,291.056884765625,292.077880859375,293.1499938964844,293.1499938964844,283.1499938964844,17757.4296875,18000.0,313.1499938964844,0.0,18000.0,1.0,0.0,0.0,0.0,1.0,0.5341292023658752,1.0,0.0,0.0,2.441657543182373,2.441668748855591,3.977982885317033e-07,4.265924453735352,4.265914440155029,9.78592834144365e-06,0.0,0.0,-0.0,4054.408935546875,0.0,467.1959533691406,1895.4371337890625,0.0,623.4985961914062,0.6087927222251892,1.0,0.0,3.0,1.0,0.0
12211080,297.52008056640625,297.1499938964844,293.1499938964844,0.0,-0.0,285.17987060546875,0.9990000128746032,0.4210924208164215,0.3114222884178161,297.1527404785156,297.1499938964844,293.1499938964844,0.0,-0.0,285.1789855957031,0.7234535813331604,0.1288779079914093,0.1231010630726814,297.1333312988281,297.1499938964844,293.1499938964844,0.0,-0.0,285.17950439453125,0.8448275327682495,0.2086363434791565,0.1466460227966308,297.1373596191406,297.1499938964844,293.1499938964844,0.0,-0.0,285.1787414550781,0.684322714805603,0.1093606725335121,0.1046911031007766,297.0898132324219,297.1499938964844,293.1499938964844,0.0,-0.0,285.1788635253906,0.703967809677124,0.118332915008068,0.5377734899520874,285.1795654296875,284.95001220703125,294.7660522460937,288.0340576171875,294.7627868652344,297.3719482421875,285.1814270019531,1.0,0.2882121801376343,1.0,1.0,0.0,1.0,-1.468572735786438,1.4685709476470947,1.7819492086346145e-06,1.1260221004486084,0.8630803823471069,0.8630803823471069,0.0,43.76326751708984,55.0,14230.732421875,-0.0,289.9911499023437,1.0,283.1499938964844,284.541748046875,291.056884765625,292.077880859375,293.1499938964844,293.1499938964844,283.1499938964844,17757.4296875,18000.0,313.1499938964844,0.0,18000.0,1.0,0.0,0.0,0.0,1.0,0.5341292023658752,1.0,0.0,0.0,2.441657543182373,2.441668748855591,3.977982885317033e-07,4.265924453735352,4.265914440155029,9.78592834144365e-06,0.0,0.0,-0.0,4054.408935546875,0.0,467.1959533691406,1895.4371337890625,0.0,623.4985961914062,0.6087927222251892,1.0,0.0,3.0,1.0,0.0
12211140,297.4970703125,297.1499938964844,293.1499938964844,0.0,-0.0,285.2017822265625,0.9990000128746032,0.4234484732151031,0.3230586647987366,297.1558532714844,297.1499938964844,293.1499938964844,0.0,-0.0,285.2008972167969,0.7158565521240234,0.1292299181222915,0.1235138699412345,297.1351013183594,297.1499938964844,293.1499938964844,0.0,-0.0,285.201416015625,0.8351867198944092,0.2086037993431091,0.1466844081878662,297.1404724121094,297.1499938964844,293.1499938964844,0.0,-0.0,285.2006530761719,0.6759867668151855,0.1095160990953445,0.1049190014600753,297.0907592773437,297.1499938964844,293.1499938964844,0.0,-0.0,285.2007751464844,0.6936969757080078,0.1176672428846359,0.5352191925048828,285.20147705078125,284.95001220703125,294.8500061035156,288.0303649902344,294.84686279296875,297.3565979003906,285.2033386230469,1.0,0.2925329506397247,1.0,1.0,0.0,1.0,-1.4802906513214111,1.480288863182068,1.8081988173435093e-06,1.1352792978286743,0.8665825724601746,0.8665825724601746,0.0,46.16212463378906,58.0,14437.2822265625,-0.0,301.2677001953125,1.0,283.1499938964844,284.5561218261719,291.0543212890625,292.0876770019531,293.1499938964844,293.1499938964844,283.1499938964844,17728.857421875,18000.0,313.1499938964844,0.0,18000.0,1.0,0.0,0.0,0.0,1.0,0.5389334559440613,1.0,0.0,0.0,2.451833486557007,2.451844453811645,4.0112090005095524e-07,4.265924453735352,4.265914440155029,9.78592834144365e-06,0.0,0.0,-0.0,4062.329345703125,0.0,472.1725158691406,1895.4371337890625,0.0,641.96240234375,0.6110164523124695,1.0,0.0,3.0,1.0,0.0
12211200,297.4970703125,297.1499938964844,293.1499938964844,0.0,-0.0,285.2017822265625,0.9990000128746032,0.4234484732151031,0.3230586647987366,297.1558532714844,297.1499938964844,293.1499938964844,0.0,-0.0,285.2008972167969,0.7158565521240234,0.1292299181222915,0.1235138699412345,297.1351013183594,297.1499938964844,293.1499938964844,0.0,-0.0,285.201416015625,0.8351867198944092,0.2086037993431091,0.1466844081878662,297.1404724121094,297.1499938964844,293.1499938964844,0.0,-0.0,285.2006530761719,0.6759867668151855,0.1095160990953445,0.1049190014600753,297.0907592773437,297.1499938964844,293.1499938964844,0.0,-0.0,285.2007751464844,0.6936969757080078,0.1176672428846359,0.5352191925048828,285.20147705078125,284.95001220703125,294.8500061035156,288.0303649902344,294.84686279296875,297.3565979003906,285.2033386230469,1.0,0.2925329506397247,1.0,1.0,0.0,1.0,-1.4802906513214111,1.480288863182068,1.8081988173435093e-06,1.1352792978286743,0.8665825724601746,0.8665825724601746,0.0,46.16212463378906,58.0,14437.2822265625,-0.0,301.2677001953125,1.0,283.1499938964844,284.5561218261719,291.0543212890625,292.0876770019531,293.1499938964844,293.1499938964844,283.1499938964844,17728.857421875,18000.0,313.1499938964844,0.0,18000.0,1.0,0.0,0.0,0.0,1.0,0.5389334559440613,1.0,0.0,0.0,2.451833486557007,2.451844453811645,4.0112090005095524e-07,4.265924453735352,4.265914440155029,9.78592834144365e-06,0.0,0.0,-0.0,4062.329345703125,0.0,472.1725158691406,1895.4371337890625,0.0,641.96240234375,0.6110164523124695,1.0,0.0,3.0,1.0,0.0
12211260,297.4756774902344,297.1499938964844,293.1499938964844,0.0,-0.0,285.22412109375,0.9990000128746032,0.425670862197876,0.334546834230423,297.16229248046875,297.1499938964844,293.1499938964844,0.0,-0.0,285.2231750488281,0.7087351083755493,0.1299511939287185,0.1241480633616447,297.1401062011719,297.1499938964844,293.1499938964844,0.0,-0.0,285.2237243652344,0.8264885544776917,0.2089174538850784,0.1468738317489624,297.1468811035156,297.1499938964844,293.1499938964844,0.0,-0.0,285.222900390625,0.668724536895752,0.1100394502282142,0.1053660884499549,297.094970703125,297.1499938964844,293.1499938964844,0.0,-0.0,285.2230224609375,0.6843469142913818,0.1173357591032981,0.5335381627082825,285.2237854003906,284.95001220703125,294.9324645996094,288.027099609375,294.92938232421875,297.3432922363281,285.22576904296875,1.0,0.2970951199531555,1.0,1.0,0.0,1.0,-1.493588089942932,1.493586182594299,1.8383115047981848e-06,1.145804762840271,0.8703808784484863,0.8703808784484863,0.0,48.64326095581055,61.0,14656.0078125,-0.0,313.6522216796875,1.0,283.1499938964844,284.57086181640625,291.0509033203125,292.0967712402344,293.1499938964844,293.1499938964844,283.1499938964844,17702.26953125,18000.0,313.1499938964844,0.0,18000.0,1.0,0.0,0.0,0.0,1.0,0.5437096357345581,1.0,0.0,0.0,2.462985277175904,2.462996482849121,4.047781203553314e-07,4.265924453735352,4.265914440155029,9.78592834144365e-06,0.0,0.0,-0.0,4070.51611328125,0.0,477.6944274902344,1895.4371337890625,0.0,660.8605346679688,0.6134620308876038,1.0,0.0,3.0,1.0,0.0
12211320,297.4756774902344,297.1499938964844,293.1499938964844,0.0,-0.0,285.22412109375,0.9990000128746032,0.425670862197876,0.334546834230423,297.16229248046875,297.1499938964844,293.1499938964844,0.0,-0.0,285.2231750488281,0.7087351083755493,0.1299511939287185,0.1241480633616447,297.1401062011719,297.1499938964844,293.1499938964844,0.0,-0.0,285.2237243652344,0.8264885544776917,0.2089174538850784,0.1468738317489624,297.1468811035156,297.1499938964844,293.1499938964844,0.0,-0.0,285.222900390625,0.668724536895752,0.1100394502282142,0.1053660884499549,297.094970703125,297.1499938964844,293.1499938964844,0.0,-0.0,285.2230224609375,0.6843469142913818,0.1173357591032981,0.5335381627082825,285.2237854003906,284.95001220703125,294.9324645996094,288.027099609375,294.92938232421875,297.3432922363281,285.22576904296875,1.0,0.2970951199531555,1.0,1.0,0.0,1.0,-1.493588089942932,1.493586182594299,1.8383115047981848e-06,1.145804762840271,0.8703808784484863,0.8703808784484863,0.0,48.64326095581055,61.0,14656.0078125,-0.0,313.6522216796875,1.0,283.1499938964844,284.57086181640625,291.0509033203125,292.0967712402344,293.1499938964844,293.1499938964844,283.1499938964844,17702.26953125,18000.0,313.1499938964844,0.0,18000.0,1.0,0.0,0.0,0.0,1.0,0.5437096357345581,1.0,0.0,0.0,2.462985277175904,2.462996482849121,4.047781203553314e-07,4.265924453735352,4.265914440155029,9.78592834144365e-06,0.0,0.0,-0.0,4070.51611328125,0.0,477.6944274902344,1895.4371337890625,0.0,660.8605346679688,0.6134620308876038,1.0,0.0,3.0,1.0,0.0
12211380,297.4599304199219,297.1499938964844,293.1499938964844,0.0,-0.0,285.2490539550781,0.9990000128746032,0.4281951487064361,0.3450147211551666,297.1732177734375,297.1499938964844,293.1499938964844,0.0,-0.0,285.2479858398437,0.7033941745758057,0.1312104761600494,0.1253079921007156,297.1492004394531,297.1499938964844,293.1499938964844,0.0,-0.0,285.24859619140625,0.8195273280143738,0.2097120285034179,0.1474162489175796,297.1578369140625,297.1499938964844,293.1499938964844,0.0,-0.0,285.2476806640625,0.6637200713157654,0.1111054196953773,0.1063421890139579,297.10382080078125,297.1499938964844,293.1499938964844,0.0,-0.0,285.247802734375,0.6772291660308838,0.1175326555967331,0.5342789888381958,285.2486572265625,284.95001220703125,295.0141296386719,288.02508544921875,295.0111083984375,297.3357238769531,285.2508544921875,1.0,0.3019442856311798,1.0,1.0,0.0,1.0,-1.5102587938308716,1.5102568864822388,1.8765352933769464e-06,1.1590145826339722,0.8745270371437073,0.8745270371437073,0.0,51.05936050415039,64.0,14904.0517578125,-0.0,327.6801452636719,1.0,283.1499938964844,284.587646484375,291.0488586425781,292.1081237792969,293.1499938964844,293.1499938964844,283.1499938964844,17675.908203125,18000.0,313.1499938964844,0.0,18000.0,1.0,0.0,0.0,0.0,1.0,0.548449695110321,1.0,0.0,0.0,2.4751088619232178,2.4751200675964355,4.087727916157746e-07,4.265924453735352,4.265914440155029,9.78592834144365e-06,0.0,0.0,-0.0,4080.30517578125,0.0,483.76312255859375,1895.4371337890625,0.0,680.1630859375,0.6161267161369324,1.0,0.0,3.0,1.0,0.0
12211440,297.4599304199219,297.1499938964844,293.1499938964844,0.0,-0.0,285.2490539550781,0.9990000128746032,0.4281951487064361,0.3450147211551666,297.1732177734375,297.1499938964844,293.1499938964844,0.0,-0.0,285.2479858398437,0.7033941745758057,0.1312104761600494,0.1253079921007156,297.1492004394531,297.1499938964844,293.1499938964844,0.0,-0.0,285.24859619140625,0.8195273280143738,0.2097120285034179,0.1474162489175796,297.1578369140625,297.1499938964844,293.1499938964844,0.0,-0.0,285.2476806640625,0.6637200713157654,0.1111054196953773,0.1063421890139579,297.10382080078125,297.1499938964844,293.1499938964844,0.0,-0.0,285.247802734375,0.6772291660308838,0.1175326555967331,0.5342789888381958,285.2486572265625,284.95001220703125,295.0141296386719,288.02508544921875,295.0111083984375,297.3357238769531,285.2508544921875,1.0,0.3019442856311798,1.0,1.0,0.0,1.0,-1.5102587938308716,1.5102568864822388,1.8765352933769464e-06,1.1590145826339722,0.8745270371437073,0.8745270371437073,0.0,51.05936050415039,64.0,14904.0517578125,-0.0,327.6801452636719,1.0,283.1499938964844,284.587646484375,291.0488586425781,292.1081237792969,293.1499938964844,293.1499938964844,283.1499938964844,17675.908203125,18000.0,313.1499938964844,0.0,18000.0,1.0,0.0,0.0,0.0,1.0,0.548449695110321,1.0,0.0,0.0,2.4751088619232178,2.4751200675964355,4.087727916157746e-07,4.265924453735352,4.265914440155029,9.78592834144365e-06,0.0,0.0,-0.0,4080.30517578125,0.0,483.76312255859375,1895.4371337890625,0.0,680.1630859375,0.6161267161369324,1.0,0.0,3.0,1.0,0.0
12211500,297.45379638671875,297.1499938964844,293.1499938964844,0.0,-0.0,285.2624206542969,0.9990000128746032,0.4295536279678345,0.3500286340713501,297.1795654296875,297.1499938964844,293.1499938964844,0.0,-0.0,285.26129150390625,0.7012513279914856,0.1319819092750549,0.1260364055633545,297.1545104980469,297.1499938964844,293.1499938964844,0.0,-0.0,285.2619323730469,0.8164409399032593,0.2102282643318176,0.1477806121110916,297.1642150878906,297.1499938964844,293.1499938964844,0.0,-0.0,285.260986328125,0.6617900133132935,0.1117829084396362,0.106981061398983,297.1092529296875,297.1499938964844,293.1499938964844,0.0,-0.0,285.2611083984375,0.674262523651123,0.1177748665213584,0.5353565216064453,285.2619934082031,284.95001220703125,295.0546569824219,288.0245361328125,295.0516662597656,297.3336181640625,285.2642822265625,1.0,0.30447718501091,1.0,1.0,0.0,1.0,-1.5196490287780762,1.5196471214294434,1.898294954116864e-06,1.166459321975708,0.8767420649528503,0.8767420649528503,0.0,52.26754760742188,64.0,15037.689453125,-0.0,335.3106689453125,1.0,283.1499938964844,284.59674072265625,291.048828125,292.11529541015625,293.1499938964844,293.1499938964844,283.1499938964844,17662.57421875,18000.0,313.1499938964844,0.0,18000.0,1.0,0.0,0.0,0.0,1.0,0.5509039759635925,1.0,0.0,0.0,2.4815444946289062,2.481555700302124,4.109012650133082e-07,4.265924453735352,4.265914440155029,9.78592834144365e-06,0.0,0.0,-0.0,4085.88330078125,0.0,487.0104370117188,1895.4371337890625,0.0,690.3756103515625,0.61754310131073,1.0,0.0,3.0,1.0,0.0
12211560,297.4484558105469,297.1499938964844,293.1499938964844,0.0,-0.0,285.2762451171875,0.9990000128746032,0.4309524595737457,0.3549593389034271,297.1862487792969,297.1499938964844,293.1499938964844,0.0,-0.0,285.27508544921875,0.6993569731712341,0.1328253000974655,0.126839593052864,297.1600952148437,297.1499938964844,293.1499938964844,0.0,-0.0,285.2757263183594,0.8135207295417786,0.2108044326305389,0.148190751671791,297.17095947265625,297.1499938964844,293.1499938964844,0.0,-0.0,285.2747802734375,0.6601285338401794,0.1125353202223777,0.107696995139122,297.1151123046875,297.1499938964844,293.1499938964844,0.0,-0.0,285.2748718261719,0.6715847253799438,0.1180924847722053,0.5368005633354187,285.2758178710937,284.95001220703125,295.0950012207031,288.0242614746094,295.0920715332031,297.3323059082031,285.27813720703125,1.0,0.3070773482322693,1.0,1.0,0.0,1.0,-1.5296176671981812,1.5296157598495483,1.9215731299482286e-06,1.174363374710083,0.8790534138679504,0.8790534138679504,0.0,53.48540878295898,52.0,15176.69921875,-0.0,343.3350524902344,1.0,283.1499938964844,284.60614013671875,291.04937744140625,292.1234436035156,293.1499938964844,293.1499938964844,283.1499938964844,17649.169921875,18000.0,313.1499938964844,0.0,18000.0,1.0,0.0,0.0,0.0,1.0,0.5534565448760986,1.0,0.0,0.0,2.4882266521453857,2.4882380962371826,4.131171635890496e-07,4.265924453735352,4.265914440155029,9.78592834144365e-06,0.0,0.0,-0.0,4091.86572265625,0.0,490.4010925292969,1895.4371337890625,0.0,701.1577758789062,0.6190149784088135,1.0,0.0,3.0,1.0,0.0
12211620,297.4543151855469,297.1499938964844,293.1499938964844,0.0,-0.0,285.2943420410156,0.9990000128746032,0.4352881610393524,0.3517050147056579,297.2000427246094,297.1499938964844,293.1499938964844,0.0,-0.0,285.2939147949219,0.7048954963684082,0.1346807181835174,0.128512442111969,297.1714172363281,297.1499938964844,293.1499938964844,0.0,-0.0,285.2941589355469,0.8173872232437134,0.2120809257030487,0.1490324437618255,297.18487548828125,297.1499938964844,293.1499938964844,0.0,-0.0,285.2937927246094,0.6654037833213806,0.1142093986272811,0.1091994643211364,297.12762451171875,297.1499938964844,293.1499938964844,0.0,-0.0,285.2938232421875,0.675212562084198,0.1189167723059654,0.5400689244270325,285.294189453125,284.95001220703125,295.1751403808594,288.0246276855469,295.1722412109375,297.3389587402344,285.294921875,1.0,0.3065009415149688,1.0,1.0,0.0,1.0,-1.5344692468643188,1.534467339515686,1.9331127987243235e-06,1.1783429384231567,0.8837886452674866,0.8837886452674866,0.0,52.89932632446289,55.0,15338.53125,-0.0,344.1928100585937,1.0,283.1499938964844,284.6150207519531,291.05010986328125,292.1371154785156,293.1499938964844,293.1499938964844,283.1499938964844,17626.865234375,18000.0,313.1499938964844,0.0,18000.0,1.0,0.0,0.0,0.0,1.0,0.5586364269256592,1.0,0.0,0.0,2.5022060871124268,2.502217531204224,4.177722132681083e-07,4.265924453735352,4.265914440155029,9.78592834144365e-06,0.0,0.0,-0.0,4099.6103515625,0.0,497.5787353515625,1895.4371337890625,0.0,723.549072265625,0.6221022605895996,1.0,0.0,3.0,1.0,0.0
12211680,297.4543151855469,297.1499938964844,293.1499938964844,0.0,-0.0,285.2943420410156,0.9990000128746032,0.4352881610393524,0.3517050147056579,297.2000427246094,297.1499938964844,293.1499938964844,0.0,-0.0,285.2939147949219,0.7048954963684082,0.1346807181835174,0.128512442111969,297.1714172363281,297.1499938964844,293.1499938964844,0.0,-0.0,285.2941589355469,0.8173872232437134,0.2120809257030487,0.1490324437618255,297.18487548828125,297.1499938964844,293.1499938964844,0.0,-0.0,285.2937927246094,0.6654037833213806,0.1142093986272811,0.1091994643211364,297.12762451171875,297.1499938964844,293.1499938964844,0.0,-0.0,285.2938232421875,0.675212562084198,0.1189167723059654,0.5400689244270325,285.294189453125,284.95001220703125,295.1751403808594,288.0246276855469,295.1722412109375,297.3389587402344,285.294921875,1.0,0.3065009415149688,1.0,1.0,0.0,1.0,-1.5344692468643188,1.534467339515686,1.9331127987243235e-06,1.1783429384231567,0.8837886452674866,0.8837886452674866,0.0,52.89932632446289,55.0,15338.53125,-0.0,344.1928100585937,1.0,283.1499938964844,284.6150207519531,291.05010986328125,292.1371154785156,293.1499938964844,293.1499938964844,283.1499938964844,17626.865234375,18000.0,313.1499938964844,0.0,18000.0,1.0,0.0,0.0,0.0,1.0,0.5586364269256592,1.0,0.0,0.0,2.5022060871124268,2.502217531204224,4.177722132681083e-07,4.265924453735352,4.265914440155029,9.78592834144365e-06,0.0,0.0,-0.0,4099.6103515625,0.0,497.5787353515625,1895.4371337890625,0.0,723.549072265625,0.6221022605895996,1.0,0.0,3.0,1.0,0.0
12211740,297.4758605957031,297.1499938964844,293.1499938964844,0.0,-0.0,285.3051452636719,0.9990000128746032,0.4405268728733063,0.3500335216522217,297.21148681640625,297.1499938964844,293.1499938964844,0.0,-0.0,285.304443359375,0.7089625597000122,0.1363329738378524,0.1300148069858551,297.1805725097656,297.1499938964844,293.1499938964844,0.0,-0.0,285.3048400878906,0.8199207186698914,0.2132152915000915,0.1497895568609237,297.1963195800781,297.1499938964844,293.1499938964844,0.0,-0.0,285.30426025390625,0.6693964004516602,0.1157085373997688,0.1105603948235511,297.13873291015625,297.1499938964844,293.1499938964844,0.0,-0.0,285.3043212890625,0.6779460906982422,0.1198005899786949,0.5436714887619019,285.30487060546875,284.95001220703125,295.2387084960937,288.0257873535156,295.23583984375,297.3565368652344,285.30633544921875,1.0,0.3073313534259796,1.0,1.0,0.0,1.0,-1.541126728057861,1.5411248207092283,1.948727913259063e-06,1.1835360527038574,0.8876516819000244,0.8876516819000244,0.0,52.67665100097656,55.0,15478.2412109375,-0.0,346.90496826171875,1.0,283.1499938964844,284.62078857421875,291.0475769042969,292.1422424316406,293.1499938964844,293.1499938964844,283.1499938964844,17614.853515625,18000.0,313.1499938964844,0.0,18000.0,1.0,0.0,0.0,0.0,1.0,0.5620653629302979,1.0,0.0,0.0,2.5137481689453125,2.5137596130371094,4.2163523517047e-07,4.265924453735352,4.265914440155029,9.78592834144365e-06,0.0,0.0,-0.0,4104.5498046875,0.0,503.5943908691406,1895.4371337890625,0.0,738.7549438476562,0.6246626973152161,1.0,0.0,3.0,1.0,0.0
12211800,297.4812316894531,297.1499938964844,293.1499938964844,0.0,-0.0,285.308837890625,0.9990000128746032,0.4418717622756958,0.3499601185321808,297.2143859863281,297.1499938964844,293.1499938964844,0.0,-0.0,285.30810546875,0.7097684741020203,0.1367682814598083,0.1304150074720382,297.1828918457031,297.1499938964844,293.1499938964844,0.0,-0.0,285.3085021972656,0.8203222155570984,0.2135151773691177,0.1499922424554824,297.1991882324219,297.1499938964844,293.1499938964844,0.0,-0.0,285.30792236328125,0.670215904712677,0.1161036416888237,0.1109237149357795,297.1416320800781,297.1499938964844,293.1499938964844,0.0,-0.0,285.3079528808594,0.6784620881080627,0.1200503408908844,0.5447248220443726,285.3085632324219,284.95001220703125,295.2545166015625,288.02618408203125,295.25164794921875,297.36114501953125,285.3100891113281,1.0,0.3076666593551636,1.0,1.0,0.0,1.0,-1.5434626340866089,1.543460726737976,1.954253093572333e-06,1.1853829622268677,0.8886517286300659,0.8886517286300659,0.0,52.70597839355469,58.0,15519.861328125,-0.0,348.14276123046875,1.0,283.1499938964844,284.6229553222656,291.0470886230469,292.1438293457031,293.1499938964844,293.1499938964844,283.1499938964844,17611.615234375,18000.0,313.1499938964844,0.0,18000.0,1.0,0.0,0.0,0.0,1.0,0.5628313422203064,1.0,0.0,0.0,2.5166938304901123,2.516705274581909,4.226239411764255e-07,4.265924453735352,4.265914440155029,9.78592834144365e-06,0.0,0.0,-0.0,4106.16943359375,0.0,505.1369934082031,1895.4371337890625,0.0,742.1939086914062,0.6253162622451782,1.0,0.0,3.0,1.0,0.0
12211860,297.5060119628906,297.1499938964844,293.1499938964844,0.0,-0.0,285.32977294921875,0.9990000128746032,0.4485821425914764,0.3508857488632202,297.22906494140625,297.1499938964844,293.1499938964844,0.0,-0.0,285.3288879394531,0.7130370736122131,0.1390717625617981,0.1325490623712539,297.19451904296875,297.1499938964844,293.1499938964844,0.0,-0.0,285.3293762207031,0.8215022683143616,0.2151113152503967,0.1510815918445587,297.2136535644531,297.1499938964844,293.1499938964844,0.0,-0.0,285.32867431640625,0.673683762550354,0.1181920543313026,0.1128608137369155,297.1563720703125,297.1499938964844,293.1499938964844,0.0,-0.0,285.3287048339844,0.6804678440093994,0.1214396879076957,0.550725519657135,285.3294372558594,284.95001220703125,295.33319091796875,288.02886962890625,295.33038330078125,297.3831787109375,285.331298828125,1.0,0.3100449740886688,1.0,1.0,0.0,1.0,-1.5579711198806765,1.557969093322754,1.988810026887222e-06,1.1968673467636108,0.8938471674919128,0.8938471674919128,0.0,53.1770133972168,61.0,15753.05859375,0.0,356.6668395996094,1.0,283.1499938964844,284.6358947753906,291.0478515625,292.1560974121094,293.1499938964844,293.1499938964844,283.1499938964844,17595.025390625,18000.0,313.1499938964844,0.0,18000.0,1.0,0.0,0.0,0.0,1.0,0.5665585398674011,1.0,0.0,0.0,2.531792640686035,2.531804323196411,4.277102050309623e-07,4.265924453735352,4.265914440155029,9.78592834144365e-06,0.0,0.0,-0.0,4116.17919921875,0.0,513.0972290039062,1895.4371337890625,0.0,759.1514892578125,0.6286681890487671,1.0,0.0,3.0,1.0,0.0
12211920,297.5060119628906,297.1499938964844,293.1499938964844,0.0,-0.0,285.32977294921875,0.9990000128746032,0.4485821425914764,0.3508857488632202,297.22906494140625,297.1499938964844,293.1499938964844,0.0,-0.0,285.3288879394531,0.7130370736122131,0.1390717625617981,0.1325490623712539,297.19451904296875,297.1499938964844,293.1499938964844,0.0,-0.0,285.3293762207031,0.8215022683143616,0.2151113152503967,0.1510815918445587,297.2136535644531,297.1499938964844,293.1499938964844,0.0,-0.0,285.32867431640625,0.673683762550354,0.1181920543313026,0.1128608137369155,297.1563720703125,297.1499938964844,293.1499938964844,0.0,-0.0,285.3287048339844,0.6804678440093994,0.1214396879076957,0.550725519657135,285.3294372558594,284.95001220703125,295.33319091796875,288.02886962890625,295.33038330078125,297.3831787109375,285.331298828125,1.0,0.3100449740886688,1.0,1.0,0.0,1.0,-1.5579711198806765,1.557969093322754,1.988810026887222e-06,1.1968673467636108,0.8938471674919128,0.8938471674919128,0.0,53.1770133972168,61.0,15753.05859375,0.0,356.6668395996094,1.0,283.1499938964844,284.6358947753906,291.0478515625,292.1560974121094,293.1499938964844,293.1499938964844,283.1499938964844,17595.025390625,18000.0,313.1499938964844,0.0,18000.0,1.0,0.0,0.0,0.0,1.0,0.5665585398674011,1.0,0.0,0.0,2.531792640686035,2.531804323196411,4.277102050309623e-07,4.265924453735352,4.265914440155029,9.78592834144365e-06,0.0,0.0,-0.0,4116.17919921875,0.0,513.0972290039062,1895.4371337890625,0.0,759.1514892578125,0.6286681890487671,1.0,0.0,3.0,1.0,0.0
12211980,297.5259704589844,297.1499938964844,293.1499938964844,0.0,-0.0,285.3544311523437,0.9990000128746032,0.4551202058792114,0.3536618947982788,297.24383544921875,297.1499938964844,293.1499938964844,0.0,-0.0,285.3534545898437,0.7152950167655945,0.1415717750787735,0.134888157248497,297.2062072753906,297.1499938964844,293.1499938964844,0.0,-0.0,285.3539733886719,0.8215233683586121,0.2168585658073425,0.1522894352674484,297.2279968261719,297.1499938964844,293.1499938964844,0.0,-0.0,285.35321044921875,0.6762410402297974,0.1204520761966705,0.1149800792336463,297.171142578125,297.1499938964844,293.1499938964844,0.0,-0.0,285.3532409667969,0.6816111207008362,0.1230178028345108,0.5577102899551392,285.35406494140625,284.95001220703125,295.4111633300781,288.0326843261719,295.40838623046875,297.4024963378906,285.3561706542969,1.0,0.3134204745292663,1.0,1.0,0.0,1.0,-1.57649028301239,1.5764882564544678,2.033496912190458e-06,1.2115370035171509,0.8993964791297913,0.8993964791297913,0.0,54.11724472045898,64.0,16022.5849609375,0.0,368.6541137695313,1.0,283.1499938964844,284.6517639160156,291.0535583496094,292.1756896972656,293.1499938964844,293.1499938964844,283.1499938964844,17577.462890625,18000.0,313.1499938964844,0.0,18000.0,1.0,0.0,0.0,0.0,1.0,0.5706881880760193,1.0,0.0,0.0,2.547529458999634,2.5475411415100098,4.33043766179253e-07,4.265924453735352,4.265914440155029,9.78592834144365e-06,0.0,0.0,-0.0,4129.10107421875,0.0,521.4871215820312,1895.4371337890625,0.0,778.3779296875,0.6321647763252258,1.0,0.0,3.0,1.0,0.0
12212040,297.5259704589844,297.1499938964844,293.1499938964844,0.0,-0.0,285.3544311523437,0.9990000128746032,0.4551202058792114,0.3536618947982788,297.24383544921875,297.1499938964844,293.1499938964844,0.0,-0.0,285.3534545898437,0.7152950167655945,0.1415717750787735,0.134888157248497,297.2062072753906,297.1499938964844,293.1499938964844,0.0,-0.0,285.3539733886719,0.8215233683586121,0.2168585658073425,0.1522894352674484,297.2279968261719,297.1499938964844,293.1499938964844,0.0,-0.0,285.35321044921875,0.6762410402297974,0.1204520761966705,0.1149800792336463,297.171142578125,297.1499938964844,293.1499938964844,0.0,-0.0,285.3532409667969,0.6816111207008362,0.1230178028345108,0.5577102899551392,285.35406494140625,284.95001220703125,295.4111633300781,288.0326843261719,295.40838623046875,297.4024963378906,285.3561706542969,1.0,0.3134204745292663,1.0,1.0,0.0,1.0,-1.57649028301239,1.5764882564544678,2.033496912190458e-06,1.2115370035171509,0.8993964791297913,0.8993964791297913,0.0,54.11724472045898,64.0,16022.5849609375,0.0,368.6541137695313,1.0,283.1499938964844,284.6517639160156,291.0535583496094,292.1756896972656,293.1499938964844,293.1499938964844,283.1499938964844,17577.462890625,18000.0,313.1499938964844,0.0,18000.0,1.0,0.0,0.0,0.0,1.0,0.5706881880760193,1.0,0.0,0.0,2.547529458999634,2.5475411415100098,4.33043766179253e-07,4.265924453735352,4.265914440155029,9.78592834144365e-06,0.0,0.0,-0.0,4129.10107421875,0.0,521.4871215820312,1895.4371337890625,0.0,778.3779296875,0.6321647763252258,1.0,0.0,3.0,1.0,0.0
12212100,297.5340881347656,297.1499938964844,293.1499938964844,0.0,-0.0,285.367919921875,0.9990000128746032,0.4582981467247009,0.3556331694126129,297.251220703125,297.1499938964844,293.1499938964844,0.0,-0.0,285.36688232421875,0.7161312699317932,0.1428908258676529,0.136129155755043,297.2120056152344,297.1499938964844,293.1499938964844,0.0,-0.0,285.367431640625,0.8211820721626282,0.2177854478359222,0.1529348194599151,297.2350769042969,297.1499938964844,293.1499938964844,0.0,-0.0,285.3666076660156,0.6772360801696777,0.1216413527727127,0.1161020547151565,297.17840576171875,297.1499938964844,293.1499938964844,0.0,-0.0,285.3666381835937,0.6819057464599609,0.1238646358251571,0.5615008473396301,285.3675231933594,284.95001220703125,295.44989013671875,288.03497314453125,295.4471435546875,297.41094970703125,285.3697509765625,1.0,0.3154228329658508,1.0,1.0,0.0,1.0,-1.587018609046936,1.5870165824890137,2.0591853626683587e-06,1.219876766204834,0.9023147225379944,0.9023147225379944,0.0,54.7388916015625,64.0,16169.0400390625,0.0,375.8133239746094,1.0,283.1499938964844,284.6606140136719,291.0577087402344,292.1877746582031,293.1499938964844,293.1499938964844,283.1499938964844,17568.3359375,18000.0,313.1499938964844,0.0,18000.0,1.0,0.0,0.0,0.0,1.0,0.5730510950088501,1.0,0.0,0.0,2.55564832687378,2.555660009384156,4.35808317433839e-07,4.265924453735352,4.265914440155029,9.78592834144365e-06,0.0,0.0,-0.0,4136.4365234375,0.0,525.8531494140625,1895.4371337890625,0.0,789.5891723632812,0.6339698433876038,1.0,0.0,3.0,1.0,0.0
12212160,297.541015625,297.1499938964844,293.1499938964844,0.0,-0.0,285.38201904296875,0.9990000128746032,0.4614128768444061,0.3579367399215698,297.2585754394531,297.1499938964844,293.1499938964844,0.0,-0.0,285.3809814453125,0.7168124914169312,0.1442537456750869,0.137415200471878,297.2178039550781,297.1499938964844,293.1499938964844,0.0,-0.0,285.38153076171875,0.8206490874290466,0.2187462449073791,0.1536063104867935,297.2420654296875,297.1499938964844,293.1499938964844,0.0,-0.0,285.38067626953125,0.6780747771263123,0.1228678524494171,0.1172628477215766,297.185546875,297.1499938964844,293.1499938964844,0.0,-0.0,285.3807373046875,0.6820456385612488,0.1247453317046165,0.5654638409614563,285.3816223144531,284.95001220703125,295.4884338378906,288.0375671386719,295.4857482910156,297.4185791015625,285.3839111328125,1.0,0.3176065683364868,1.0,1.0,0.0,1.0,-1.5982850790023804,1.598283052444458,2.086900849462836e-06,1.2287999391555786,0.9053335189819336,0.9053335189819336,0.0,55.449649810791016,67.0,16322.4013671875,0.0,383.68988037109375,1.0,283.1499938964844,284.669921875,291.0623474121094,292.2008972167969,293.1499938964844,293.1499938964844,283.1499938964844,17559.03125,19080.0,313.1499938964844,0.0,18000.0,1.0,0.0,0.0,0.0,1.0,0.575634777545929,1.0,0.0,0.0,2.5639381408691406,2.563950061798096,4.386401997180656e-07,4.265924453735352,4.265914440155029,9.78592834144365e-06,0.0,0.0,-0.0,4144.2255859375,0.0,530.3380737304688,1895.4371337890625,0.0,802.0252685546875,0.6388139128684998,1.0,0.0,3.0,1.0,0.0
12212220,297.5475158691406,297.1499938964844,293.1499938964844,0.0,-0.0,285.3919677734375,0.9990000128746032,0.4649118483066559,0.3609614074230194,297.2669372558594,297.1499938964844,293.1499938964844,0.0,-0.0,285.3913269042969,0.7174344062805176,0.1458739191293716,0.1389510929584503,297.2243347167969,297.1499938964844,293.1499938964844,0.0,-0.0,285.39166259765625,0.8198277354240417,0.2198868244886398,0.1544100940227508,297.25,297.1499938964844,293.1499938964844,0.0,-0.0,285.3911437988281,0.6788731217384338,0.1243229582905769,0.1186466664075851,297.19354248046875,297.1499938964844,293.1499938964844,0.0,-0.0,285.39117431640625,0.6820386052131653,0.1257958859205246,0.570225715637207,285.3917236328125,284.95001220703125,295.53271484375,288.0408630371094,295.5300598144531,297.4263000488281,285.39324951171875,1.0,0.3203269243240356,1.0,1.0,0.0,1.0,-1.612102746963501,1.612100601196289,2.121211082339869e-06,1.239740967750549,0.9088308215141296,0.9088308215141296,0.0,56.370872497558594,67.0,16527.56640625,0.0,393.6182861328125,1.0,283.1499938964844,284.6701965332031,291.069091796875,292.219482421875,293.1499938964844,293.1499938964844,283.1499938964844,17876.505859375,19080.0,313.1499938964844,0.0,18000.0,1.0,0.0,0.0,0.0,1.0,0.579033613204956,1.0,0.0,0.0,2.597438335418701,2.597450494766236,4.501775663356966e-07,4.265924453735352,4.265914440155029,9.78592834144365e-06,0.0,0.0,-0.0,4155.341796875,0.0,550.6303100585938,1895.4371337890625,0.0,818.6708984375,0.6442257165908813,1.0,0.0,3.0,1.0,0.0
12212280,297.55126953125,297.1499938964844,293.1499938964844,0.0,-0.0,285.4009094238281,0.9990000128746032,0.4674080014228821,0.3634105920791626,297.2729797363281,297.1499938964844,293.1499938964844,0.0,-0.0,285.4001159667969,0.7177853584289551,0.1470913589000702,0.1401077806949615,297.22900390625,297.1499938964844,293.1499938964844,0.0,-0.0,285.4005432128906,0.8190916180610657,0.2207412719726562,0.15501369535923,297.25567626953125,297.1499938964844,293.1499938964844,0.0,-0.0,285.39990234375,0.6793476343154907,0.1254142969846725,0.1196870803833007,297.1992492675781,297.1499938964844,293.1499938964844,0.0,-0.0,285.3999328613281,0.6819226145744324,0.1265859454870224,0.5738202333450317,285.4006042480469,284.95001220703125,295.5650329589844,288.04351806640625,295.5624084472656,297.4312438964844,285.40240478515625,1.0,0.3224439620971679,1.0,1.0,0.0,1.0,-1.622720718383789,1.6227185726165771,2.1478144844877534e-06,1.2481459379196167,0.9114658832550048,0.9114658832550048,0.0,57.11125946044922,70.0,16672.45703125,0.0,401.4385070800781,1.0,283.1499938964844,284.6739196777344,291.07379150390625,292.2325134277344,293.1499938964844,293.1499938964844,283.1499938964844,17990.142578125,20160.0,313.1499938964844,0.0,18000.0,1.0,0.0,0.0,0.0,1.0,0.5817179083824158,1.0,0.0,0.0,2.613388776779175,2.613400936126709,4.557234660751419e-07,4.265924453735352,4.265914440155029,9.78592834144365e-06,0.0,0.0,-0.0,4162.75390625,0.0,560.2656860351562,1895.4371337890625,0.0,832.049072265625,0.6509427428245544,1.0,0.0,3.0,1.0,0.0
12212340,297.5570678710937,297.1499938964844,293.1499938964844,0.0,-0.0,285.4150085449219,0.9990000128746032,0.4730824530124664,0.3698408901691437,297.28692626953125,297.1499938964844,293.1499938964844,0.0,-0.0,285.41436767578125,0.7183481454849243,0.1500604301691055,0.1429374516010284,297.2395935058594,297.1499938964844,293.1499938964844,0.0,-0.0,285.4147033691406,0.8170048594474792,0.2228158563375473,0.1564857959747314,297.2686462402344,297.1499938964844,293.1499938964844,0.0,-0.0,285.4142150878906,0.6801806092262268,0.1280682235956192,0.1222258508205413,297.2120666503906,297.1499938964844,293.1499938964844,0.0,-0.0,285.4142150878906,0.68136066198349,0.1285111010074615,0.5826214551925659,285.4147644042969,284.95001220703125,295.6409912109375,288.05047607421875,295.638427734375,297.44061279296875,285.4162902832031,1.0,0.327795147895813,1.0,1.0,0.0,1.0,-1.6492193937301636,1.649217128753662,2.215107770098257e-06,1.2691099643707275,0.917751133441925,0.917751133441925,0.0,59.05141067504883,73.0,17051.34375,0.0,421.6060485839844,1.0,283.1499938964844,284.6710205078125,291.0853881835937,292.2663879394531,293.1499938964844,293.1499938964844,283.1499938964844,18641.259765625,21240.0,313.1499938964844,0.0,18000.0,1.0,0.0,0.0,0.0,1.0,0.588749349117279,1.0,0.0,0.0,2.678715467453003,2.6787283420562744,4.787916054738162e-07,4.265924453735352,4.265914440155029,9.78592834144365e-06,0.0,0.0,-0.0,4182.58837890625,0.0,601.91455078125,1895.4371337890625,0.0,868.0819702148438,0.6668911576271057,1.0,0.0,3.0,1.0,0.0
12212400,297.5570678710937,297.1499938964844,293.1499938964844,0.0,-0.0,285.4150085449219,0.9990000128746032,0.4730824530124664,0.3698408901691437,297.28692626953125,297.1499938964844,293.1499938964844,0.0,-0.0,285.41436767578125,0.7183481454849243,0.1500604301691055,0.1429374516010284,297.2395935058594,297.1499938964844,293.1499938964844,0.0,-0.0,285.4147033691406,0.8170048594474792,0.2228158563375473,0.1564857959747314,297.2686462402344,297.1499938964844,293.1499938964844,0.0,-0.0,285.4142150878906,0.6801806092262268,0.1280682235956192,0.1222258508205413,297.2120666503906,297.1499938964844,293.1499938964844,0.0,-0.0,285.4142150878906,0.68136066198349,0.1285111010074615,0.5826214551925659,285.4147644042969,284.95001220703125,295.6409912109375,288.05047607421875,295.638427734375,297.44061279296875,285.4162902832031,1.0,0.327795147895813,1.0,1.0,0.0,1.0,-1.6492193937301636,1.649217128753662,2.215107770098257e-06,1.2691099643707275,0.917751133441925,0.917751133441925,0.0,59.05141067504883,73.0,17051.34375,0.0,421.6060485839844,1.0,283.1499938964844,284.6710205078125,291.0853881835937,292.2663879394531,293.1499938964844,293.1499938964844,283.1499938964844,18641.259765625,21240.0,313.1499938964844,0.0,18000.0,1.0,0.0,0.0,0.0,1.0,0.588749349117279,1.0,0.0,0.0,2.678715467453003,2.6787283420562744,4.787916054738162e-07,4.265924453735352,4.265914440155029,9.78592834144365e-06,0.0,0.0,-0.0,4182.58837890625,0.0,601.91455078125,1895.4371337890625,0.0,868.0819702148438,0.6668911576271057,1.0,0.0,3.0,1.0,0.0
12212460,297.5592041015625,297.1499938964844,293.1499938964844,0.0,-0.0,285.4265441894531,0.9990000128746032,0.4784596860408783,0.3769916892051697,297.30029296875,297.1499938964844,293.1499938964844,0.0,-0.0,285.4259948730469,0.7186467051506042,0.1531516760587692,0.1458914428949356,297.2496032714844,297.1499938964844,293.1499938964844,0.0,-0.0,285.42626953125,0.8145590424537659,0.224965438246727,0.1580157428979873,297.2809753417969,297.1499938964844,293.1499938964844,0.0,-0.0,285.42584228515625,0.6807173490524292,0.1308197677135467,0.1248659715056419,297.2240295410156,297.1499938964844,293.1499938964844,0.0,-0.0,285.42584228515625,0.680508017539978,0.1305104792118072,0.5917978882789612,285.42633056640625,284.95001220703125,295.71630859375,288.0584411621094,295.7138061523437,297.4472045898437,285.4277038574219,1.0,0.3335489928722381,1.0,1.0,0.0,1.0,-1.6773747205734253,1.6773724555969238,2.288015139129129e-06,1.291364312171936,0.9241714477539062,0.9241714477539062,0.0,61.222129821777344,76.0,17452.486328125,0.0,443.97412109375,1.0,283.1499938964844,284.66424560546875,291.0963439941406,292.301025390625,293.1499938964844,293.1499938964844,283.1499938964844,19442.720703125,22320.0,313.1499938964844,0.0,18000.0,1.0,0.0,0.0,0.0,1.0,0.5963843464851379,1.0,0.0,0.0,2.7543983459472656,2.754411697387696,5.06228786889551e-07,4.265924453735352,4.265914440155029,9.78592834144365e-06,0.0,0.0,-0.0,4203.294921875,0.0,652.8817749023438,1895.4371337890625,0.0,908.8676147460938,0.685321569442749,1.0,0.0,3.0,1.0,0.0
12212520,297.5592041015625,297.1499938964844,293.1499938964844,0.0,-0.0,285.4265441894531,0.9990000128746032,0.4784596860408783,0.3769916892051697,297.30029296875,297.1499938964844,293.1499938964844,0.0,-0.0,285.4259948730469,0.7186467051506042,0.1531516760587692,0.1458914428949356,297.2496032714844,297.1499938964844,293.1499938964844,0.0,-0.0,285.42626953125,0.8145590424537659,0.224965438246727,0.1580157428979873,297.2809753417969,297.1499938964844,293.1499938964844,0.0,-0.0,285.42584228515625,0.6807173490524292,0.1308197677135467,0.1248659715056419,297.2240295410156,297.1499938964844,293.1499938964844,0.0,-0.0,285.42584228515625,0.680508017539978,0.1305104792118072,0.5917978882789612,285.42633056640625,284.95001220703125,295.71630859375,288.0584411621094,295.7138061523437,297.4472045898437,285.4277038574219,1.0,0.3335489928722381,1.0,1.0,0.0,1.0,-1.6773747205734253,1.6773724555969238,2.288015139129129e-06,1.291364312171936,0.9241714477539062,0.9241714477539062,0.0,61.222129821777344,76.0,17452.486328125,0.0,443.97412109375,1.0,283.1499938964844,284.66424560546875,291.0963439941406,292.301025390625,293.1499938964844,293.1499938964844,283.1499938964844,19442.720703125,22320.0,313.1499938964844,0.0,18000.0,1.0,0.0,0.0,0.0,1.0,0.5963843464851379,1.0,0.0,0.0,2.7543983459472656,2.754411697387696,5.06228786889551e-07,4.265924453735352,4.265914440155029,9.78592834144365e-06,0.0,0.0,-0.0,4203.294921875,0.0,652.8817749023438,1895.4371337890625,0.0,908.8676147460938,0.685321569442749,1.0,0.0,3.0,1.0,0.0
12212580,297.5585327148437,297.1499938964844,293.1499938964844,0.0,-0.0,285.43701171875,0.9990000128746032,0.4835778176784515,0.3846507966518402,297.31317138671875,297.1499938964844,293.1499938964844,0.0,-0.0,285.4364624023437,0.7188117504119873,0.1563604921102523,0.1489630043506622,297.2591247558594,297.1499938964844,293.1499938964844,0.0,-0.0,285.4367370605469,0.8119061589241028,0.2271918654441833,0.159602865576744,297.29266357421875,297.1499938964844,293.1499938964844,0.0,-0.0,285.43634033203125,0.6810921430587769,0.1336639523506164,0.127600222826004,297.2352294921875,297.1499938964844,293.1499938964844,0.0,-0.0,285.43634033203125,0.6795071959495544,0.1325818002223968,0.6013244986534119,285.4367980957031,284.95001220703125,295.791015625,288.0673522949219,295.78857421875,297.4516296386719,285.4381103515625,1.0,0.3396145105361938,1.0,1.0,0.0,1.0,-1.706884264945984,1.7068818807601929,2.365981799812289e-06,1.314664602279663,0.930722713470459,0.930722713470459,0.0,63.57975387573242,79.0,17871.24609375,0.0,468.3714599609375,1.0,283.1499938964844,284.6557312011719,291.10693359375,292.33612060546875,293.1499938964844,293.1499938964844,283.1499938964844,20347.0234375,23400.0,313.1499938964844,0.0,18000.0,1.0,0.0,0.0,0.0,1.0,0.604339599609375,1.0,0.0,0.0,2.836667776107788,2.836682081222534,5.369208224692557e-07,4.265924453735352,4.265914440155029,9.78592834144365e-06,0.0,0.0,-0.0,4224.78662109375,0.0,711.5521850585938,1895.4371337890625,0.0,953.2327270507812,0.7053214311599731,1.0,0.0,3.0,1.0,0.0
12212640,297.5585327148437,297.1499938964844,293.1499938964844,0.0,-0.0,285.43701171875,0.9990000128746032,0.4835778176784515,0.3846507966518402,297.31317138671875,297.1499938964844,293.1499938964844,0.0,-0.0,285.4364624023437,0.7188117504119873,0.1563604921102523,0.1489630043506622,297.2591247558594,297.1499938964844,293.1499938964844,0.0,-0.0,285.4367370605469,0.8119061589241028,0.2271918654441833,0.159602865576744,297.29266357421875,297.1499938964844,293.1499938964844,0.0,-0.0,285.43634033203125,0.6810921430587769,0.1336639523506164,0.127600222826004,297.2352294921875,297.1499938964844,293.1499938964844,0.0,-0.0,285.43634033203125,0.6795071959495544,0.1325818002223968,0.6013244986534119,285.4367980957031,284.95001220703125,295.791015625,288.0673522949219,295.78857421875,297.4516296386719,285.4381103515625,1.0,0.3396145105361938,1.0,1.0,0.0,1.0,-1.706884264945984,1.7068818807601929,2.365981799812289e-06,1.314664602279663,0.930722713470459,0.930722713470459,0.0,63.57975387573242,79.0,17871.24609375,0.0,468.3714599609375,1.0,283.1499938964844,284.6557312011719,291.10693359375,292.33612060546875,293.1499938964844,293.1499938964844,283.1499938964844,20347.0234375,23400.0,313.1499938964844,0.0,18000.0,1.0,0.0,0.0,0.0,1.0,0.604339599609375,1.0,0.0,0.0,2.836667776107788,2.836682081222534,5.369208224692557e-07,4.265924453735352,4.265914440155029,9.78592834144365e-06,0.0,0.0,-0.0,4224.78662109375,0.0,711.5521850585938,1895.4371337890625,0.0,953.2327270507812,0.7053214311599731,1.0,0.0,3.0,1.0,0.0
12212700,297.557373046875,297.1499938964844,293.1499938964844,0.0,-0.0,285.44049072265625,0.9990000128746032,0.4860530495643616,0.3886124491691589,297.3194274902344,297.1499938964844,293.1499938964844,0.0,-0.0,285.4402160644531,0.718879759311676,0.1580087691545486,0.150542065501213,297.26373291015625,297.1499938964844,293.1499938964844,0.0,-0.0,285.4403381347656,0.8105435371398926,0.2283353060483932,0.1604189276695251,297.2982788085937,297.1499938964844,293.1499938964844,0.0,-0.0,285.4401550292969,0.6812559366226196,0.135120004415512,0.1290016621351242,297.24053955078125,297.1499938964844,293.1499938964844,0.0,-0.0,285.4401550292969,0.6789914965629578,0.1336450278759002,0.6062198281288147,285.4403686523437,284.95001220703125,295.828125,288.0721740722656,295.8257141113281,297.45318603515625,285.4411926269531,1.0,0.342740923166275,1.0,1.0,0.0,1.0,-1.722076416015625,1.722074031829834,2.406739213256514e-06,1.3266500234603882,0.934030055999756,0.934030055999756,0.0,64.81634521484375,79.0,18093.798828125,0.0,481.2896728515625,1.0,283.1499938964844,284.64813232421875,291.1124572753906,292.3547668457031,293.1499938964844,293.1499938964844,283.1499938964844,20944.125,23400.0,313.1499938964844,0.0,18000.0,1.0,0.0,0.0,0.0,1.0,0.6084027886390686,1.0,0.0,0.0,2.8875062465667725,2.8875210285186768,5.563386480389454e-07,4.265924453735352,4.265914440155029,9.78592834144365e-06,0.0,0.0,-0.0,4236.5078125,0.0,749.677978515625,1895.4371337890625,0.0,976.58984375,0.7148985266685486,1.0,0.0,3.0,1.0,0.0
12212760,297.5557861328125,297.1499938964844,293.1499938964844,0.0,-0.0,285.44732666015625,0.9990000128746032,0.4884774386882782,0.3926398754119873,297.3255920410156,297.1499938964844,293.1499938964844,0.0,-0.0,285.4468078613281,0.7189501523971558,0.159686654806137,0.1521491557359695,297.26824951171875,297.1499938964844,293.1499938964844,0.0,-0.0,285.4470520019531,0.8091686367988586,0.2294987291097641,0.161248579621315,297.30377197265625,297.1499938964844,293.1499938964844,0.0,-0.0,285.4466552734375,0.6814150810241699,0.1365977674722671,0.1304242014884948,297.2457275390625,297.1499938964844,293.1499938964844,0.0,-0.0,285.4466552734375,0.6784783601760864,0.1347265690565109,0.6111987233161926,285.4471130371094,284.95001220703125,295.8651123046875,288.07720947265625,295.8627319335937,297.45440673828125,285.4483947753906,1.0,0.3459194302558899,1.0,1.0,0.0,1.0,-1.7375235557556152,1.7375211715698242,2.448610757710412e-06,1.3388293981552124,0.9374104142189026,0.9374104142189026,0.0,66.08654022216797,82.0,18304.31640625,0.0,494.6683044433594,1.0,283.1499938964844,284.6466979980469,291.1176147460937,292.3720703125,293.1499938964844,293.1499938964844,283.1499938964844,21321.041015625,24480.0,313.1499938964844,0.0,18000.0,1.0,0.0,0.0,0.0,1.0,0.6124523878097534,1.0,0.0,0.0,2.9229414463043213,2.9229564666748047,5.700770770999952e-07,4.265924453735352,4.265914440155029,9.78592834144365e-06,0.0,0.0,-0.0,4247.0849609375,0.0,776.7774047851562,1895.4371337890625,0.0,1000.3236694335938,0.7262666821479797,1.0,0.0,3.0,1.0,0.0
12212820,297.5516357421875,297.1499938964844,293.1499938964844,0.0,-0.0,285.4580383300781,0.9990000128746032,0.4931966066360473,0.4008149802684784,297.337646484375,297.1499938964844,293.1499938964844,0.0,-0.0,285.4574890136719,0.7191470861434937,0.1631328761577606,0.1554511487483978,297.27703857421875,297.1499938964844,293.1499938964844,0.0,-0.0,285.4577331542969,0.8064392805099487,0.2318882793188095,0.1629538238048553,297.3143310546875,297.1499938964844,293.1499938964844,0.0,-0.0,285.4573669433594,0.6817670464515686,0.1396179795265197,0.1333332508802414,297.25567626953125,297.1499938964844,293.1499938964844,0.0,-0.0,285.45733642578125,0.6775130033493042,0.1369470804929733,0.6214239597320557,285.45782470703125,284.95001220703125,295.9386291503906,288.0879211425781,295.9363098144531,297.45611572265625,285.4591064453125,1.0,0.3524066507816314,1.0,1.0,0.0,1.0,-1.7691212892532349,1.7691187858581543,2.535607109166449e-06,1.3637195825576782,0.9442428350448608,0.9442428350448608,0.0,68.7107162475586,70.0,18749.4375,0.0,522.76611328125,1.0,283.1499938964844,284.63800048828125,291.1287841796875,292.4091186523437,293.1499938964844,293.1499938964844,283.1499938964844,22341.72265625,25560.0,313.1499938964844,0.0,18000.0,1.0,0.0,0.0,0.0,1.0,0.6206536293029785,1.0,0.0,0.0,3.011483192443848,3.0114991664886475,6.051376999494096e-07,4.265924453735352,4.265914440155029,9.78592834144365e-06,0.0,0.0,-0.0,4270.23779296875,0.0,847.7340698242188,1895.4371337890625,0.0,1049.751220703125,0.7477386593818665,1.0,0.0,3.0,1.0,0.0
12212880,297.5516357421875,297.1499938964844,293.1499938964844,0.0,-0.0,285.4580383300781,0.9990000128746032,0.4931966066360473,0.4008149802684784,297.337646484375,297.1499938964844,293.1499938964844,0.0,-0.0,285.4574890136719,0.7191470861434937,0.1631328761577606,0.1554511487483978,297.27703857421875,297.1499938964844,293.1499938964844,0.0,-0.0,285.4577331542969,0.8064392805099487,0.2318882793188095,0.1629538238048553,297.3143310546875,297.1499938964844,293.1499938964844,0.0,-0.0,285.4573669433594,0.6817670464515686,0.1396179795265197,0.1333332508802414,297.25567626953125,297.1499938964844,293.1499938964844,0.0,-0.0,285.45733642578125,0.6775130033493042,0.1369470804929733,0.6214239597320557,285.45782470703125,284.95001220703125,295.9386291503906,288.0879211425781,295.9363098144531,297.45611572265625,285.4591064453125,1.0,0.3524066507816314,1.0,1.0,0.0,1.0,-1.7691212892532349,1.7691187858581543,2.535607109166449e-06,1.3637195825576782,0.9442428350448608,0.9442428350448608,0.0,68.7107162475586,70.0,18749.4375,0.0,522.76611328125,1.0,283.1499938964844,284.63800048828125,291.1287841796875,292.4091186523437,293.1499938964844,293.1499938964844,283.1499938964844,22341.72265625,25560.0,313.1499938964844,0.0,18000.0,1.0,0.0,0.0,0.0,1.0,0.6206536293029785,1.0,0.0,0.0,3.011483192443848,3.0114991664886475,6.051376999494096e-07,4.265924453735352,4.265914440155029,9.78592834144365e-06,0.0,0.0,-0.0,4270.23779296875,0.0,847.7340698242188,1895.4371337890625,0.0,1049.751220703125,0.7477386593818665,1.0,0.0,3.0,1.0,0.0
12212940,297.55816650390625,297.1499938964844,293.1499938964844,0.0,-0.0,285.4594116210937,0.9990000128746032,0.4983065724372864,0.3975601196289062,297.3477783203125,297.1499938964844,293.1499938964844,0.0,-0.0,285.4594421386719,0.7251526117324829,0.1662450432777404,0.1583421379327774,297.2842712402344,297.1499938964844,293.1499938964844,0.0,-0.0,285.4594116210937,0.8110401034355164,0.2340333014726638,0.1644198596477508,297.3231201171875,297.1499938964844,293.1499938964844,0.0,-0.0,285.4594421386719,0.688326895236969,0.1423317044973373,0.1358545869588852,297.2639465332031,297.1499938964844,293.1499938964844,0.0,-0.0,285.4594421386719,0.682877779006958,0.1389575153589248,0.6302163600921631,285.4594116210937,284.95001220703125,296.0028381347656,288.0980224609375,296.0005798339844,297.4626770019531,285.4594421386719,1.0,0.353357583284378,1.0,1.0,0.0,1.0,-1.7840429544448853,1.7840403318405151,2.577538907644339e-06,1.3756322860717771,0.9502421021461488,0.9502421021461488,0.0,68.28242492675781,70.0,19036.9765625,0.0,531.2747192382812,1.0,283.1499938964844,284.6221923828125,291.137939453125,292.4388122558594,293.1499938964844,293.1499938964844,283.1499938964844,23307.14453125,25560.0,313.1499938964844,0.0,18000.0,1.0,0.0,0.0,0.0,1.0,0.6277437806129456,1.0,0.0,0.0,3.092813968658448,3.0928306579589844,6.382648507496924e-07,4.265924453735352,4.265914440155029,9.78592834144365e-06,0.0,0.0,-0.0,4286.48876953125,0.0,916.6564331054688,1895.4371337890625,0.0,1093.91455078125,0.7645009756088257,1.0,0.0,3.0,1.0,0.0
12213000,297.56103515625,297.1499938964844,293.1499938964844,0.0,-0.0,285.4593505859375,0.9990000128746032,0.4992020428180694,0.3963769376277923,297.3491516113281,297.1499938964844,293.1499938964844,0.0,-0.0,285.4593811035156,0.7263777852058411,0.1666755378246307,0.1587346494197845,297.28521728515625,297.1499938964844,293.1499938964844,0.0,-0.0,285.4593505859375,0.8121430277824402,0.2343285381793975,0.1646162122488021,297.32427978515625,297.1499938964844,293.1499938964844,0.0,-0.0,285.4593811035156,0.6896738409996033,0.1427064538002014,0.1361952722072601,297.2650756835937,297.1499938964844,293.1499938964844,0.0,-0.0,285.4593811035156,0.6840623021125793,0.1392393112182617,0.6314072608947754,285.4593505859375,284.95001220703125,296.0115661621094,288.0994567871094,296.0093078613281,297.4648132324219,285.4593505859375,1.0,0.3532177805900574,1.0,1.0,0.0,1.0,-1.7851693630218506,1.7851667404174805,2.5807196379901143e-06,1.376530647277832,0.9510563611984252,0.9510563611984252,0.0,68.0300064086914,73.0,19065.1484375,0.0,531.252685546875,1.0,283.1499938964844,284.62042236328125,291.13873291015625,292.4417724609375,293.1499938964844,293.1499938964844,283.1499938964844,23398.142578125,26640.0,313.1499938964844,0.0,18000.0,1.0,0.0,0.0,0.0,1.0,0.6286304593086243,1.0,0.0,0.0,3.1011033058166504,3.1011202335357666,6.416907467610145e-07,4.265924453735352,4.265914440155029,9.78592834144365e-06,0.0,0.0,-0.0,4287.984375,0.0,923.8298950195312,1895.4371337890625,0.0,1099.5289306640625,0.7694550156593323,1.0,0.0,3.0,1.0,0.0
12213060,297.5887451171875,297.1499938964844,293.1499938964844,0.0,-0.0,285.4585266113281,0.9990000128746032,0.5072188377380371,0.3938550353050232,297.3604736328125,297.1499938964844,293.1499938964844,0.0,-0.0,285.4582824707031,0.7325924634933472,0.1703448146581649,0.1621436774730682,297.2930603027344,297.1499938964844,293.1499938964844,0.0,-0.0,285.4583740234375,0.8165140151977539,0.2368358373641967,0.1663308292627334,297.333984375,297.1499938964844,293.1499938964844,0.0,-0.0,285.4582214355469,0.6965627670288086,0.1458976715803146,0.1391602009534835,297.27496337890625,297.1499938964844,293.1499938964844,0.0,-0.0,285.45819091796875,0.6897374391555786,0.1416979432106018,0.6421076059341431,285.4584045410156,284.95001220703125,296.083984375,288.11181640625,296.0817565917969,297.4867553710937,285.4591064453125,1.0,0.3557681739330292,1.0,1.0,0.0,1.0,-1.80469298362732,1.8046903610229488,2.635812506923685e-06,1.3917865753173828,0.9578070044517516,0.9578070044517516,0.0,67.88262176513672,76.0,19397.92578125,0.0,543.8392944335938,1.0,283.1499938964844,284.6034240722656,291.1448974609375,292.466552734375,293.1499938964844,293.1499938964844,283.1499938964844,24479.943359375,27720.0,313.1499938964844,0.0,18000.0,1.0,0.0,0.0,0.0,1.0,0.635265052318573,1.0,0.0,0.0,3.1907219886779785,3.190739870071411,6.79315121487889e-07,4.265924453735352,4.265914440155029,9.78592834144365e-06,0.0,0.0,-0.0,4304.57568359375,0.0,1004.3629150390624,1895.4371337890625,0.0,1142.170166015625,0.7911645174026489,1.0,0.0,3.0,1.0,0.0
12213120,297.5887451171875,297.1499938964844,293.1499938964844,0.0,-0.0,285.4585266113281,0.9990000128746032,0.5072188377380371,0.3938550353050232,297.3604736328125,297.1499938964844,293.1499938964844,0.0,-0.0,285.4582824707031,0.7325924634933472,0.1703448146581649,0.1621436774730682,297.2930603027344,297.1499938964844,293.1499938964844,0.0,-0.0,285.4583740234375,0.8165140151977539,0.2368358373641967,0.1663308292627334,297.333984375,297.1499938964844,293.1499938964844,0.0,-0.0,285.4582214355469,0.6965627670288086,0.1458976715803146,0.1391602009534835,297.27496337890625,297.1499938964844,293.1499938964844,0.0,-0.0,285.45819091796875,0.6897374391555786,0.1416979432106018,0.6421076059341431,285.4584045410156,284.95001220703125,296.083984375,288.11181640625,296.0817565917969,297.4867553710937,285.4591064453125,1.0,0.3557681739330292,1.0,1.0,0.0,1.0,-1.80469298362732,1.8046903610229488,2.635812506923685e-06,1.3917865753173828,0.9578070044517516,0.9578070044517516,0.0,67.88262176513672,76.0,19397.92578125,0.0,543.8392944335938,1.0,283.1499938964844,284.6034240722656,291.1448974609375,292.466552734375,293.1499938964844,293.1499938964844,283.1499938964844,24479.943359375,27720.0,313.1499938964844,0.0,18000.0,1.0,0.0,0.0,0.0,1.0,0.635265052318573,1.0,0.0,0.0,3.1907219886779785,3.190739870071411,6.79315121487889e-07,4.265924453735352,4.265914440155029,9.78592834144365e-06,0.0,0.0,-0.0,4304.57568359375,0.0,1004.3629150390624,1895.4371337890625,0.0,1142.170166015625,0.7911645174026489,1.0,0.0,3.0,1.0,0.0
12213180,297.6128234863281,297.1499938964844,293.1499938964844,0.0,-0.0,285.4637145996094,0.9990000128746032,0.5152221918106079,0.3940975666046142,297.3716735839844,297.1499938964844,293.1499938964844,0.0,-0.0,285.46337890625,0.7373902797698975,0.1741477996110916,0.1657053679227829,297.30078125,297.1499938964844,293.1499938964844,0.0,-0.0,285.4635314941406,0.8191208243370056,0.2394289672374725,0.1681223660707473,297.3435363769531,297.1499938964844,293.1499938964844,0.0,-0.0,285.4632873535156,0.7018598318099976,0.1491952389478683,0.1422528624534607,297.2850646972656,297.1499938964844,293.1499938964844,0.0,-0.0,285.4632873535156,0.6939758062362671,0.1443044394254684,0.6536487340927124,285.4635925292969,284.95001220703125,296.1558532714844,288.1249084472656,296.1536560058594,297.50714111328125,285.46453857421875,1.0,0.3594500422477722,1.0,1.0,0.0,1.0,-1.828981280326844,1.828978538513184,2.705426823013113e-06,1.4108434915542605,0.9646756649017334,0.9646756649017334,0.0,68.50104522705078,79.0,19779.068359375,0.0,562.3082275390625,1.0,283.1499938964844,284.5914306640625,291.1552429199219,292.49725341796875,293.1499938964844,293.1499938964844,283.1499938964844,25572.779296875,28800.0,313.1499938964844,0.0,18000.0,1.0,0.0,0.0,0.0,1.0,0.6412752866744995,1.0,0.0,0.0,3.279957294464112,3.2799761295318604,7.178433634180692e-07,4.265924453735352,4.265914440155029,9.78592834144365e-06,0.0,0.0,-0.0,4324.865234375,0.0,1089.0218505859375,1895.4371337890625,0.0,1181.7425537109375,0.8127670884132385,1.0,0.0,3.0,1.0,0.0
12213240,297.6128234863281,297.1499938964844,293.1499938964844,0.0,-0.0,285.4637145996094,0.9990000128746032,0.5152221918106079,0.3940975666046142,297.3716735839844,297.1499938964844,293.1499938964844,0.0,-0.0,285.46337890625,0.7373902797698975,0.1741477996110916,0.1657053679227829,297.30078125,297.1499938964844,293.1499938964844,0.0,-0.0,285.4635314941406,0.8191208243370056,0.2394289672374725,0.1681223660707473,297.3435363769531,297.1499938964844,293.1499938964844,0.0,-0.0,285.4632873535156,0.7018598318099976,0.1491952389478683,0.1422528624534607,297.2850646972656,297.1499938964844,293.1499938964844,0.0,-0.0,285.4632873535156,0.6939758062362671,0.1443044394254684,0.6536487340927124,285.4635925292969,284.95001220703125,296.1558532714844,288.1249084472656,296.1536560058594,297.50714111328125,285.46453857421875,1.0,0.3594500422477722,1.0,1.0,0.0,1.0,-1.828981280326844,1.828978538513184,2.705426823013113e-06,1.4108434915542605,0.9646756649017334,0.9646756649017334,0.0,68.50104522705078,79.0,19779.068359375,0.0,562.3082275390625,1.0,283.1499938964844,284.5914306640625,291.1552429199219,292.49725341796875,293.1499938964844,293.1499938964844,283.1499938964844,25572.779296875,28800.0,313.1499938964844,0.0,18000.0,1.0,0.0,0.0,0.0,1.0,0.6412752866744995,1.0,0.0,0.0,3.279957294464112,3.2799761295318604,7.178433634180692e-07,4.265924453735352,4.265914440155029,9.78592834144365e-06,0.0,0.0,-0.0,4324.865234375,0.0,1089.0218505859375,1895.4371337890625,0.0,1181.7425537109375,0.8127670884132385,1.0,0.0,3.0,1.0,0.0
12213300,297.622802734375,297.1499938964844,293.1499938964844,0.0,-0.0,285.4662475585937,0.9990000128746032,0.5191323161125183,0.3949407935142517,297.37725830078125,297.1499938964844,293.1499938964844,0.0,-0.0,285.4660339355469,0.7394275665283203,0.1760984361171722,0.1675399541854858,297.3045959472656,297.1499938964844,293.1499938964844,0.0,-0.0,285.46612548828125,0.8199820518493652,0.2407597601413726,0.1690470427274704,297.3482360839844,297.1499938964844,293.1499938964844,0.0,-0.0,285.4659729003906,0.7040892839431763,0.1508826315402984,0.1438430249691009,297.2900390625,297.1499938964844,293.1499938964844,0.0,-0.0,285.4659729003906,0.6957092881202698,0.1456496864557266,0.6596569418907166,285.4661560058594,284.95001220703125,296.19158935546875,288.1317138671875,296.1894226074219,297.5160522460937,285.46685791015625,1.0,0.3616430163383484,1.0,1.0,0.0,1.0,-1.8424298763275144,1.842427134513855,2.744430048551294e-06,1.4213905334472656,0.9681435227394104,0.9681435227394104,0.0,69.0130844116211,79.0,19988.865234375,0.0,573.2477416992188,1.0,283.1499938964844,284.58404541015625,291.1624755859375,292.5159912109375,293.1499938964844,293.1499938964844,283.1499938964844,26247.59375,28800.0,313.1499938964844,0.0,18000.0,1.0,0.0,0.0,0.0,1.0,0.6443639397621155,1.0,0.0,0.0,3.332329750061035,3.3323490619659424,7.409505542455008e-07,4.265924453735352,4.265914440155029,9.78592834144365e-06,0.0,0.0,-0.0,4336.734375,0.0,1141.012451171875,1895.4371337890625,0.0,1202.419677734375,0.8226664066314697,1.0,0.0,3.0,1.0,0.0
12213360,297.6313781738281,297.1499938964844,293.1499938964844,0.0,-0.0,285.4725036621094,0.9990000128746032,0.5229693055152893,0.3961953520774841,297.3827819824219,297.1499938964844,293.1499938964844,0.0,-0.0,285.4721069335937,0.7412571907043457,0.1780806481838226,0.1694077551364898,297.30841064453125,297.1499938964844,293.1499938964844,0.0,-0.0,285.4722900390625,0.8205955028533936,0.2421132177114486,0.1699893176555633,297.3528747558594,297.1499938964844,293.1499938964844,0.0,-0.0,285.47198486328125,0.7060776352882385,0.1525946408510208,0.1454598903656005,297.2949523925781,297.1499938964844,293.1499938964844,0.0,-0.0,285.4719543457031,0.6972149014472961,0.1470176130533218,0.6657898426055908,285.47235107421875,284.95001220703125,296.22723388671875,288.1387023925781,296.2250671386719,297.5240173339844,285.4734802246094,1.0,0.364035040140152,1.0,1.0,0.0,1.0,-1.8566155433654783,1.8566128015518188,2.785921651593526e-06,1.4325114488601685,0.9716865420341492,0.9716865420341492,0.0,69.64228057861328,82.0,20192.94921875,0.0,585.2178344726562,1.0,283.1499938964844,284.58270263671875,291.17022705078125,292.53497314453125,293.1499938964844,293.1499938964844,283.1499938964844,26671.57421875,29880.0,313.1499938964844,0.0,18000.0,1.0,0.0,0.0,0.0,1.0,0.647552490234375,1.0,0.0,0.0,3.3685431480407715,3.368562936782837,7.571423452645831e-07,4.265924453735352,4.265914440155029,9.78592834144365e-06,0.0,0.0,-0.0,4348.07080078125,0.0,1177.58447265625,1895.4371337890625,0.0,1224.0042724609375,0.8341996073722839,1.0,0.0,3.0,1.0,0.0
12213420,297.644775390625,297.1499938964844,293.1499938964844,0.0,-0.0,285.4840393066406,0.9990000128746032,0.5304309129714966,0.3997195363044739,297.3937072753906,297.1499938964844,293.1499938964844,0.0,-0.0,285.48358154296875,0.7444109916687012,0.1821359694004058,0.173240378499031,297.31597900390625,297.1499938964844,293.1499938964844,0.0,-0.0,285.4837646484375,0.8212350010871887,0.2448877990245819,0.1719289571046829,297.36199951171875,297.1499938964844,293.1499938964844,0.0,-0.0,285.4834289550781,0.7094612121582031,0.156089186668396,0.1487713605165481,297.3044128417969,297.1499938964844,293.1499938964844,0.0,-0.0,285.4833984375,0.6996634602546692,0.1498120129108429,0.678381085395813,285.4838562011719,284.95001220703125,296.298095703125,288.1531677246094,296.2959899902344,297.5372619628906,285.4851379394531,1.0,0.3693192601203918,1.0,1.0,0.0,1.0,-1.8868730068206787,1.8868701457977293,2.8756182928191265e-06,1.4562158584594729,0.9788693189620972,0.9788693189620972,0.0,71.1982650756836,85.0,20633.419921875,0.0,611.96875,1.0,283.1499938964844,284.5765991210937,291.1876220703125,292.5774230957031,293.1499938964844,293.1499938964844,283.1499938964844,27773.8515625,30960.0,313.1499938964844,0.0,18000.0,1.0,0.0,0.0,0.0,1.0,0.6544505953788757,1.0,0.0,0.0,3.456411600112915,3.456432342529297,7.97157667875581e-07,4.265924453735352,4.265914440155029,9.78592834144365e-06,0.0,0.0,-0.0,4373.3701171875,0.0,1269.98388671875,1895.4371337890625,0.0,1271.5133056640625,0.8554458022117615,1.0,0.0,3.0,1.0,0.0
12213480,297.644775390625,297.1499938964844,293.1499938964844,0.0,-0.0,285.4840393066406,0.9990000128746032,0.5304309129714966,0.3997195363044739,297.3937072753906,297.1499938964844,293.1499938964844,0.0,-0.0,285.48358154296875,0.7444109916687012,0.1821359694004058,0.173240378499031,297.31597900390625,297.1499938964844,293.1499938964844,0.0,-0.0,285.4837646484375,0.8212350010871887,0.2448877990245819,0.1719289571046829,297.36199951171875,297.1499938964844,293.1499938964844,0.0,-0.0,285.4834289550781,0.7094612121582031,0.156089186668396,0.1487713605165481,297.3044128417969,297.1499938964844,293.1499938964844,0.0,-0.0,285.4833984375,0.6996634602546692,0.1498120129108429,0.678381085395813,285.4838562011719,284.95001220703125,296.298095703125,288.1531677246094,296.2959899902344,297.5372619628906,285.4851379394531,1.0,0.3693192601203918,1.0,1.0,0.0,1.0,-1.8868730068206787,1.8868701457977293,2.8756182928191265e-06,1.4562158584594729,0.9788693189620972,0.9788693189620972,0.0,71.1982650756836,85.0,20633.419921875,0.0,611.96875,1.0,283.1499938964844,284.5765991210937,291.1876220703125,292.5774230957031,293.1499938964844,293.1499938964844,283.1499938964844,27773.8515625,30960.0,313.1499938964844,0.0,18000.0,1.0,0.0,0.0,0.0,1.0,0.6544505953788757,1.0,0.0,0.0,3.456411600112915,3.456432342529297,7.97157667875581e-07,4.265924453735352,4.265914440155029,9.78592834144365e-06,0.0,0.0,-0.0,4373.3701171875,0.0,1269.98388671875,1895.4371337890625,0.0,1271.5133056640625,0.8554458022117615,1.0,0.0,3.0,1.0,0.0
12213540,297.6499938964844,297.1499938964844,293.1499938964844,0.0,-0.0,285.489501953125,0.9990000128746032,0.5341815948486328,0.4019794464111328,297.3992614746094,297.1499938964844,293.1499938964844,0.0,-0.0,285.4891357421875,0.7458243370056152,0.1842768043279647,0.17526875436306,297.31988525390625,297.1499938964844,293.1499938964844,0.0,-0.0,285.4892883300781,0.8213211297988892,0.2463560253381729,0.1729590445756912,297.3666076660156,297.1499938964844,293.1499938964844,0.0,-0.0,285.4890441894531,0.7109338045120239,0.1579299122095108,0.1505205929279327,297.30908203125,297.1499938964844,293.1499938964844,0.0,-0.0,285.489013671875,0.7006860971450806,0.151282861828804,0.6850345730781555,285.4893493652344,284.95001220703125,296.3345031738281,288.160888671875,296.3324279785156,297.5428466796875,285.4903869628906,1.0,0.3722694516181946,1.0,1.0,0.0,1.0,-1.9033488035202024,1.9033459424972528,2.925141188825364e-06,1.4691141843795776,0.9826393127441406,0.9826393127441406,0.0,72.13557434082031,85.0,20875.76953125,0.0,627.1434936523438,1.0,283.1499938964844,284.57183837890625,291.19708251953125,292.6010437011719,293.1499938964844,293.1499938964844,283.1499938964844,28470.166015625,30960.0,313.1499938964844,0.0,18000.0,1.0,0.0,0.0,0.0,1.0,0.6582747101783752,1.0,0.0,0.0,3.509272813796997,3.509294033050537,8.217269851229503e-07,4.265924453735352,4.265914440155029,9.78592834144365e-06,0.0,0.0,-0.0,4387.5546875,0.0,1327.9989013671875,1895.4371337890625,0.0,1298.3192138671875,0.8654388189315796,1.0,0.0,3.0,1.0,0.0
12213600,297.6539611816406,297.1499938964844,293.1499938964844,0.0,-0.0,285.497802734375,0.9990000128746032,0.5376336574554443,0.404319703578949,297.4043884277344,297.1499938964844,293.1499938964844,0.0,-0.0,285.497314453125,0.7470369338989258,0.1863076984882354,0.1771945059299469,297.323486328125,297.1499938964844,293.1499938964844,0.0,-0.0,285.4975280761719,0.8212804198265076,0.2477511465549469,0.1739384084939956,297.3708801269531,297.1499938964844,293.1499938964844,0.0,-0.0,285.4971618652344,0.7121714353561401,0.1596736460924148,0.1521792411804199,297.3133544921875,297.1499938964844,293.1499938964844,0.0,-0.0,285.49713134765625,0.7015191912651062,0.1526748389005661,0.6913396120071411,285.49761962890625,284.95001220703125,296.36846923828125,288.1682434082031,296.3664245605469,297.5473327636719,285.4989929199219,1.0,0.3751446306705475,1.0,1.0,0.0,1.0,-1.9192101955413816,1.919207215309143,2.9732680104643805e-06,1.481525182723999,0.9862518906593324,0.9862518906593324,0.0,73.0840835571289,88.0,21095.55859375,0.0,642.1205444335938,1.0,283.1499938964844,284.5726318359375,291.20556640625,292.6222839355469,293.1499938964844,293.1499938964844,283.1499938964844,28876.8828125,32040.0,313.1499938964844,0.0,18000.0,1.0,0.0,0.0,0.0,1.0,0.6619439125061035,1.0,0.0,0.0,3.543459177017212,3.54348087310791,8.378150369026116e-07,4.265924453735352,4.265914440155029,9.78592834144365e-06,0.0,0.0,-0.0,4400.068359375,0.0,1366.0947265625,1895.4371337890625,0.0,1324.346923828125,0.8764818906784058,1.0,0.0,3.0,1.0,0.0
12213660,297.6573791503906,297.1499938964844,293.1499938964844,0.0,-0.0,285.50421142578125,0.9990000128746032,0.5412663817405701,0.4070176780223846,297.4098205566406,297.1499938964844,293.1499938964844,0.0,-0.0,285.5038146972656,0.7482411861419678,0.1885062307119369,0.1792821884155273,297.32733154296875,297.1499938964844,293.1499938964844,0.0,-0.0,285.5039978027344,0.821139395236969,0.2492638826370239,0.1750028878450393,297.3753356933594,297.1499938964844,293.1499938964844,0.0,-0.0,285.50372314453125,0.7133784890174866,0.1615587770938873,0.1539752185344696,297.3177490234375,297.1499938964844,293.1499938964844,0.0,-0.0,285.5036926269531,0.7023060917854309,0.1541782319545745,0.6981625556945801,285.5040588378906,284.95001220703125,296.4046630859375,288.1762390136719,296.40264892578125,297.551513671875,285.50518798828125,1.0,0.3783226311206817,1.0,1.0,0.0,1.0,-1.936584711074829,1.9365817308425903,3.0264911856647814e-06,1.4951133728027344,0.990132451057434,0.990132451057434,0.0,74.16356658935547,88.0,21347.521484375,0.0,658.9093017578125,1.0,283.1499938964844,284.56884765625,291.2149353027344,292.646484375,293.1499938964844,293.1499938964844,283.1499938964844,29574.923828125,32040.0,313.1499938964844,0.0,18000.0,1.0,0.0,0.0,0.0,1.0,0.6660078167915344,1.0,0.0,0.0,3.5958902835845947,3.5959126949310303,8.627920919934695e-07,4.265924453735352,4.265914440155029,9.78592834144365e-06,0.0,0.0,-0.0,4414.818359375,0.0,1426.43701171875,1895.4371337890625,0.0,1353.519287109375,0.8863632082939148,1.0,0.0,3.0,1.0,0.0
12213720,297.6598815917969,297.1499938964844,293.1499938964844,0.0,-0.0,285.5133056640625,0.9990000128746032,0.5446183681488037,0.4097045660018921,297.41485595703125,297.1499938964844,293.1499938964844,0.0,-0.0,285.5127868652344,0.7492930889129639,0.190589964389801,0.181261733174324,297.3309020996094,297.1499938964844,293.1499938964844,0.0,-0.0,285.51300048828125,0.8209285140037537,0.2506999969482422,0.1760135740041732,297.37945556640625,297.1499938964844,293.1499938964844,0.0,-0.0,285.5126342773437,0.7144154906272888,0.1633430868387222,0.1556760668754577,297.32177734375,297.1499938964844,293.1499938964844,0.0,-0.0,285.5126037597656,0.7029577493667603,0.155599758028984,0.7046184539794922,285.5130920410156,284.95001220703125,296.4384155273437,288.1838684082031,296.4364318847656,297.55487060546875,285.5145568847656,1.0,0.3813838958740234,1.0,1.0,0.0,1.0,-1.9531968832015991,1.9531937837600708,3.0778699056099867e-06,1.5080987215042114,0.9938528537750244,0.9938528537750244,0.0,75.2300033569336,91.0,21575.671875,0.0,675.3231811523438,1.0,283.1499938964844,284.57037353515625,291.2232666015625,292.6681823730469,293.1499938964844,293.1499938964844,283.1499938964844,29980.234375,33120.0,313.1499938964844,0.0,18000.0,1.0,0.0,0.0,0.0,1.0,0.6698556542396545,1.0,0.0,0.0,3.629704236984253,3.629727125167847,8.790949550530058e-07,4.265924453735352,4.265914440155029,9.78592834144365e-06,0.0,0.0,-0.0,4427.8173828125,0.0,1465.9151611328125,1895.4371337890625,0.0,1381.4683837890625,0.8973129987716675,1.0,0.0,3.0,1.0,0.0
12213780,297.6632995605469,297.1499938964844,293.1499938964844,0.0,-0.0,285.5301818847656,0.9990000128746032,0.5514258742332458,0.4156398475170135,297.425048828125,297.1499938964844,293.1499938964844,0.0,-0.0,285.5296630859375,0.7513091564178467,0.1949783265590667,0.1854355037212371,297.33819580078125,297.1499938964844,293.1499938964844,0.0,-0.0,285.5298767089844,0.8203341364860535,0.2537311613559723,0.1781507581472396,297.3877868652344,297.1499938964844,293.1499938964844,0.0,-0.0,285.5295104980469,0.7163602709770203,0.1670936048030853,0.1592559665441513,297.3297424316406,297.1499938964844,293.1499938964844,0.0,-0.0,285.5294494628906,0.7041246294975281,0.1585841178894043,0.718192994594574,285.52996826171875,284.95001220703125,296.5079040527344,288.2000427246094,296.5059509277344,297.5604248046875,285.531494140625,1.0,0.3879376947879791,1.0,1.0,0.0,1.0,-1.988502740859985,1.988499641418457,3.188647269780631e-06,1.5356757640838623,1.0,1.0,0.0,77.57987976074219,94.0,22070.30078125,0.0,711.3079833984375,1.0,283.1499938964844,284.56951904296875,291.2406616210937,292.7146911621094,293.1499938964844,293.1499938964844,283.1499938964844,31108.759765625,34200.0,313.1499938964844,0.0,18000.0,1.0,0.0,0.0,0.0,1.0,0.6780152916908264,1.0,0.0,0.0,3.714840650558472,3.714864492416382,9.208176834363258e-07,4.265924453735352,4.265914440155029,9.78592834144365e-06,0.0,0.0,-0.0,4456.4140625,0.0,1569.2633056640625,1895.4371337890625,0.0,1441.76220703125,0.917860209941864,1.0,0.0,3.0,1.0,0.0
12213840,297.6632995605469,297.1499938964844,293.1499938964844,0.0,-0.0,285.5301818847656,0.9990000128746032,0.5514258742332458,0.4156398475170135,297.425048828125,297.1499938964844,293.1499938964844,0.0,-0.0,285.5296630859375,0.7513091564178467,0.1949783265590667,0.1854355037212371,297.33819580078125,297.1499938964844,293.1499938964844,0.0,-0.0,285.5298767089844,0.8203341364860535,0.2537311613559723,0.1781507581472396,297.3877868652344,297.1499938964844,293.1499938964844,0.0,-0.0,285.5295104980469,0.7163602709770203,0.1670936048030853,0.1592559665441513,297.3297424316406,297.1499938964844,293.1499938964844,0.0,-0.0,285.5294494628906,0.7041246294975281,0.1585841178894043,0.718192994594574,285.52996826171875,284.95001220703125,296.5079040527344,288.2000427246094,296.5059509277344,297.5604248046875,285.531494140625,1.0,0.3879376947879791,1.0,1.0,0.0,1.0,-1.988502740859985,1.988499641418457,3.188647269780631e-06,1.5356757640838623,1.0,1.0,0.0,77.57987976074219,94.0,22070.30078125,0.0,711.3079833984375,1.0,283.1499938964844,284.56951904296875,291.2406616210937,292.7146911621094,293.1499938964844,293.1499938964844,283.1499938964844,31108.759765625,34200.0,313.1499938964844,0.0,18000.0,1.0,0.0,0.0,0.0,1.0,0.6780152916908264,1.0,0.0,0.0,3.714840650558472,3.714864492416382,9.208176834363258e-07,4.265924453735352,4.265914440155029,9.78592834144365e-06,0.0,0.0,-0.0,4456.4140625,0.0,1569.2633056640625,1895.4371337890625,0.0,1441.76220703125,0.917860209941864,1.0,0.0,3.0,1.0,0.0
12213900,297.664306640625,297.1499938964844,293.1499938964844,0.0,-0.0,285.5382080078125,0.9990000128746032,0.5547763109207153,0.4187526106834411,297.4300537109375,297.1499938964844,293.1499938964844,0.0,-0.0,285.5377502441406,0.75226229429245,0.1972118914127349,0.1875615715980529,297.3418273925781,297.1499938964844,293.1499938964844,0.0,-0.0,285.5379333496094,0.8199866414070129,0.255277544260025,0.1792424321174621,297.391845703125,297.1499938964844,293.1499938964844,0.0,-0.0,285.5376281738281,0.7172610759735107,0.1689988523721695,0.1610762476921081,297.3335876464844,297.1499938964844,293.1499938964844,0.0,-0.0,285.5375671386719,0.7046452164649963,0.1600988507270813,0.7250899076461792,285.5380249023437,284.95001220703125,296.54248046875,288.2082824707031,296.5405578613281,297.5626525878906,285.5393981933594,1.0,0.3913079798221588,1.0,1.0,0.0,1.0,-2.006573438644409,2.0065701007843018,3.2461709906783653e-06,1.549779772758484,1.0,1.0,0.0,78.81653594970703,94.0,22326.40625,0.0,730.2801513671875,1.0,283.1499938964844,284.5680847167969,291.2494201660156,292.7385559082031,293.1499938964844,293.1499938964844,283.1499938964844,31901.23828125,34200.0,313.1499938964844,0.0,18000.0,1.0,0.0,0.0,0.0,1.0,0.6821566820144653,1.0,0.0,0.0,3.7620773315429688,3.762101888656616,9.443842827749904e-07,4.265924453735352,4.265914440155029,9.78592834144365e-06,0.0,0.0,-0.0,4471.39111328125,0.0,1629.8623046875,1895.4371337890625,0.0,1472.8829345703125,0.9265950322151184,1.0,0.0,3.0,1.0,0.0
12213960,297.6649780273437,297.1499938964844,293.1499938964844,0.0,-0.0,285.5497741699219,0.9990000128746032,0.5581003427505493,0.4219375848770141,297.4350280761719,297.1499938964844,293.1499938964844,0.0,-0.0,285.5491943359375,0.7531918883323669,0.19947250187397,0.1897127479314804,297.34539794921875,297.1499938964844,293.1499938964844,0.0,-0.0,285.5494079589844,0.8196200132369995,0.2568456530570984,0.1803484261035919,297.3958740234375,297.1499938964844,293.1499938964844,0.0,-0.0,285.54901123046875,0.7181286215782166,0.1709246635437011,0.1629157662391662,297.3373413085937,297.1499938964844,293.1499938964844,0.0,-0.0,285.5489501953125,0.7051383852958679,0.1616295129060745,0.7320570349693298,285.5495300292969,284.95001220703125,296.57696533203125,288.2166442871094,296.5750732421875,297.5645751953125,285.5512390136719,1.0,0.3947299420833587,1.0,1.0,0.0,1.0,-2.024885892868042,2.0248825550079346,3.305028712929925e-06,1.5640655755996704,1.0,1.0,0.0,80.08826446533203,97.0,22573.033203125,0.0,749.877685546875,1.0,283.1499938964844,284.5722045898437,291.2577819824219,292.7613220214844,293.1499938964844,293.1499938964844,283.1499938964844,32406.525390625,35280.0,313.1499938964844,0.0,18000.0,1.0,0.0,0.0,0.0,1.0,0.6862726807594299,1.0,0.0,0.0,3.791754484176636,3.7917792797088623,9.593425147613743e-07,4.265924453735352,4.265914440155029,9.78592834144365e-06,0.0,0.0,-0.0,4485.50390625,0.0,1668.7388916015625,1895.4371337890625,0.0,1504.149169921875,0.9366637468338012,1.0,0.0,3.0,1.0,0.0
12214020,297.6656188964844,297.1499938964844,293.1499938964844,0.0,-0.0,285.5716552734375,0.9990000128746032,0.5646878480911255,0.4284413754940033,297.4447937011719,297.1499938964844,293.1499938964844,0.0,-0.0,285.571044921875,0.7550322413444519,0.2040742635726928,0.194093644618988,297.3525695800781,297.1499938964844,293.1499938964844,0.0,-0.0,285.5712585449219,0.8188875317573547,0.2600466609001159,0.1826079338788986,297.4037475585937,297.1499938964844,293.1499938964844,0.0,-0.0,285.57086181640625,0.7198169231414795,0.1748375594615936,0.1666552126407623,297.3446044921875,297.1499938964844,293.1499938964844,0.0,-0.0,285.5707702636719,0.7060989141464233,0.1647400110960006,0.7462214231491089,285.5714111328125,284.95001220703125,296.6456298828125,288.233642578125,296.6437683105469,297.56787109375,285.5731811523437,1.0,0.4017017483711242,1.0,1.0,0.0,1.0,-2.0621724128723145,2.062169075012207,3.426620878599352e-06,1.593132495880127,1.0,1.0,0.0,82.71661376953125,100.0,23085.109375,0.0,790.8872680664062,1.0,283.1499938964844,284.5775451660156,291.27490234375,292.8085327148437,293.1499938964844,293.1499938964844,283.04998779296875,33636.6875,36000.0,313.1499938964844,0.0,18000.0,1.0,0.0,0.0,0.0,1.0,0.6945451498031616,1.0,0.0,0.0,3.863052368164064,3.8630781173706055,9.957594784282264e-07,4.265924453735352,4.265914440155029,9.78592834144365e-06,0.0,0.0,-0.0,4597.7216796875,0.0,1764.6541748046875,1895.4371337890625,0.0,1567.9732666015625,0.953132152557373,1.0,0.0,3.0,1.0,0.0
12214080,297.6656188964844,297.1499938964844,293.1499938964844,0.0,-0.0,285.5716552734375,0.9990000128746032,0.5646878480911255,0.4284413754940033,297.4447937011719,297.1499938964844,293.1499938964844,0.0,-0.0,285.571044921875,0.7550322413444519,0.2040742635726928,0.194093644618988,297.3525695800781,297.1499938964844,293.1499938964844,0.0,-0.0,285.5712585449219,0.8188875317573547,0.2600466609001159,0.1826079338788986,297.4037475585937,297.1499938964844,293.1499938964844,0.0,-0.0,285.57086181640625,0.7198169231414795,0.1748375594615936,0.1666552126407623,297.3446044921875,297.1499938964844,293.1499938964844,0.0,-0.0,285.5707702636719,0.7060989141464233,0.1647400110960006,0.7462214231491089,285.5714111328125,284.95001220703125,296.6456298828125,288.233642578125,296.6437683105469,297.56787109375,285.5731811523437,1.0,0.4017017483711242,1.0,1.0,0.0,1.0,-2.0621724128723145,2.062169075012207,3.426620878599352e-06,1.593132495880127,1.0,1.0,0.0,82.71661376953125,100.0,23085.109375,0.0,790.8872680664062,1.0,283.1499938964844,284.5775451660156,291.27490234375,292.8085327148437,293.1499938964844,293.1499938964844,283.04998779296875,33636.6875,36000.0,313.1499938964844,0.0,18000.0,1.0,0.0,0.0,0.0,1.0,0.6945451498031616,1.0,0.0,0.0,3.863052368164064,3.8630781173706055,9.957594784282264e-07,4.265924453735352,4.265914440155029,9.78592834144365e-06,0.0,0.0,-0.0,4597.7216796875,0.0,1764.6541748046875,1895.4371337890625,0.0,1567.9732666015625,0.953132152557373,1.0,0.0,3.0,1.0,0.0
12214140,297.6608581542969,297.1499938964844,293.1499938964844,0.0,-0.0,285.51824951171875,0.9990000128746032,0.5704858899116516,0.4350099265575409,297.4524841308594,297.1499938964844,293.1499938964844,0.0,-0.0,285.5180358886719,0.7565741539001465,0.2084392458200454,0.1983086913824081,297.357177734375,297.1499938964844,293.1499938964844,0.0,-0.0,285.5180969238281,0.8179583549499512,0.2629797756671905,0.1847404986619949,297.4097900390625,297.1499938964844,293.1499938964844,0.0,-0.0,285.5180053710937,0.7211974859237671,0.178536057472229,0.1702431589365005,297.3500061035156,297.1499938964844,293.1499938964844,0.0,-0.0,285.5179748535156,0.7067833542823792,0.1676549911499023,0.7597528696060181,285.5181579589844,284.95001220703125,296.711181640625,288.2503356933594,296.7093505859375,297.5674743652344,285.51904296875,1.0,0.4085047245025635,1.0,1.0,0.0,1.0,-2.09824538230896,2.098241806030273,3.5465027394820936e-06,1.6212376356124878,1.0,1.0,0.0,85.37479400634766,100.0,23749.181640625,0.0,832.2301635742188,1.0,283.05242919921875,284.5010681152344,291.3127746582031,292.8992004394531,293.1499938964844,293.1499938964844,283.04998779296875,34616.3359375,36000.0,313.1499938964844,0.0,18000.0,1.0,0.0,0.0,0.0,1.0,0.708116888999939,1.0,0.0,0.0,3.918903112411499,3.9189295768737793,1.024760422296822e-06,4.265924453735352,4.265914440155029,9.78592834144365e-06,0.0,0.0,-0.0,4565.42138671875,0.0,1842.3048095703125,1895.4371337890625,0.0,1675.3896484375,0.9647516012191772,1.0,0.0,3.0,1.0,0.0
12214200,297.6606140136719,297.1499938964844,293.1499938964844,0.0,-0.0,285.518798828125,0.9990000128746032,0.5707194209098816,0.4352960884571075,297.4527893066406,297.1499938964844,293.1499938964844,0.0,-0.0,285.5185241699219,0.7566272020339966,0.2086205035448074,0.1984817683696746,297.3573608398437,297.1499938964844,293.1499938964844,0.0,-0.0,285.51861572265625,0.8179077506065369,0.2631001770496368,0.1848258078098297,297.4100036621094,297.1499938964844,293.1499938964844,0.0,-0.0,285.5184631347656,0.7212439775466919,0.1786892414093017,0.1703901588916778,297.3502197265625,297.1499938964844,293.1499938964844,0.0,-0.0,285.5184326171875,0.7067997455596924,0.1677749305963516,0.7603029608726501,285.5186767578125,284.95001220703125,296.7138977050781,288.25103759765625,296.7120666503906,297.5673828125,285.51971435546875,1.0,0.4087891280651092,1.0,1.0,0.0,1.0,-2.099736452102661,2.0997328758239746,3.551505415089196e-06,1.6223987340927124,1.0,1.0,0.0,85.48941802978516,103.0,23769.208984375,0.0,833.9833374023438,1.0,283.0520935058594,284.50115966796875,291.31256103515625,292.8995666503906,293.1499938964844,293.1499938964844,282.75,34644.4453125,36000.0,313.1499938964844,0.0,18000.0,1.0,0.0,0.0,0.0,1.0,0.7085199356079102,1.0,0.0,0.0,3.9204938411712646,3.920520305633545,1.0255924962621066e-06,4.265924453735352,4.265914440155029,9.78592834144365e-06,0.0,0.0,-0.0,4828.87841796875,0.0,1844.54931640625,1895.4371337890625,0.0,1678.628662109375,0.9651300311088562,1.0,0.0,3.0,1.0,0.0
12214260,297.63995361328125,297.1499938964844,293.1499938964844,0.0,-0.0,285.3111877441406,0.9990000128746032,0.5751164555549622,0.4431571662425995,297.45556640625,297.1499938964844,293.1499938964844,0.0,-0.0,285.3115539550781,0.757256269454956,0.2127441167831421,0.2025813311338424,297.3551330566406,297.1499938964844,293.1499938964844,0.0,-0.0,285.3114013671875,0.8158894777297974,0.2655113637447357,0.1867015957832336,297.41162109375,297.1499938964844,293.1499938964844,0.0,-0.0,285.31170654296875,0.7217532992362976,0.1821523606777191,0.1738583892583847,297.3509521484375,297.1499938964844,293.1499938964844,0.0,-0.0,285.3117980957031,0.7064750790596008,0.1703946739435196,0.7730221748352051,285.3113098144531,284.95001220703125,296.78179931640625,288.2686767578125,296.780029296875,297.556396484375,285.3109741210937,1.0,0.4158638119697571,1.0,1.0,0.0,1.0,-2.135798215866089,2.1357944011688232,3.673667379189282e-06,1.6504911184310913,1.0,1.0,0.0,88.5340576171875,106.0,24785.36328125,0.0,878.0403442382812,1.0,282.75604248046875,284.2568054199219,291.3682556152344,293.0467834472656,293.1499938964844,293.1499938964844,282.45001220703125,35190.01953125,36000.0,313.1499938964844,0.0,18000.0,1.0,0.0,0.0,0.0,1.0,0.7332056164741516,1.0,0.0,0.0,3.951242923736572,3.9512698650360094,1.0417433031761902e-06,4.265924453735352,4.265914440155029,9.78592834144365e-06,0.0,0.0,-0.0,4922.765625,0.0,1888.2919921875,1895.4371337890625,0.0,1882.0050048828125,0.9724459052085876,1.0,0.0,3.0,1.0,0.0
12214320,297.63995361328125,297.1499938964844,293.1499938964844,0.0,-0.0,285.3111877441406,0.9990000128746032,0.5751164555549622,0.4431571662425995,297.45556640625,297.1499938964844,293.1499938964844,0.0,-0.0,285.3115539550781,0.757256269454956,0.2127441167831421,0.2025813311338424,297.3551330566406,297.1499938964844,293.1499938964844,0.0,-0.0,285.3114013671875,0.8158894777297974,0.2655113637447357,0.1867015957832336,297.41162109375,297.1499938964844,293.1499938964844,0.0,-0.0,285.31170654296875,0.7217532992362976,0.1821523606777191,0.1738583892583847,297.3509521484375,297.1499938964844,293.1499938964844,0.0,-0.0,285.3117980957031,0.7064750790596008,0.1703946739435196,0.7730221748352051,285.3113098144531,284.95001220703125,296.78179931640625,288.2686767578125,296.780029296875,297.556396484375,285.3109741210937,1.0,0.4158638119697571,1.0,1.0,0.0,1.0,-2.135798215866089,2.1357944011688232,3.673667379189282e-06,1.6504911184310913,1.0,1.0,0.0,88.5340576171875,106.0,24785.36328125,0.0,878.0403442382812,1.0,282.75604248046875,284.2568054199219,291.3682556152344,293.0467834472656,293.1499938964844,293.1499938964844,282.45001220703125,35190.01953125,36000.0,313.1499938964844,0.0,18000.0,1.0,0.0,0.0,0.0,1.0,0.7332056164741516,1.0,0.0,0.0,3.951242923736572,3.9512698650360094,1.0417433031761902e-06,4.265924453735352,4.265914440155029,9.78592834144365e-06,0.0,0.0,-0.0,4922.765625,0.0,1888.2919921875,1895.4371337890625,0.0,1882.0050048828125,0.9724459052085876,1.0,0.0,3.0,1.0,0.0
12214380,297.6060485839844,297.1499938964844,293.1499938964844,0.0,-0.0,285.0987854003906,0.9990000128746032,0.5779001712799072,0.452139139175415,297.4538879394531,297.1499938964844,293.1499938964844,0.0,-0.0,285.0990905761719,0.7567397356033325,0.2164486497640609,0.206255704164505,297.3476257324219,297.1499938964844,293.1499938964844,0.0,-0.0,285.0989685058594,0.8126475811004639,0.2673549056053161,0.1881347298622131,297.4091186523437,297.1499938964844,293.1499938964844,0.0,-0.0,285.0992431640625,0.7211740612983704,0.1852166503667831,0.1769284456968307,297.34716796875,297.1499938964844,293.1499938964844,0.0,-0.0,285.09930419921875,0.7048752903938293,0.1725590527057647,0.7836258411407471,285.098876953125,284.95001220703125,296.8493347167969,288.2865905761719,296.8475952148437,297.5353698730469,285.0986328125,1.0,0.422774076461792,1.0,1.0,0.0,1.0,-2.1691455841064453,2.16914176940918,3.788583853747696e-06,1.6764484643936155,1.0,1.0,0.0,91.85757446289062,109.0,25785.77734375,0.0,921.8419189453124,1.0,282.4559631347656,284.0099182128906,291.3763427734375,293.125,293.1499938964844,293.1499938964844,282.1499938964844,35517.3046875,36000.0,313.1499938964844,0.0,18000.0,1.0,0.0,0.0,0.0,1.0,0.7552127242088318,1.0,0.0,0.0,3.969574689865112,3.96960186958313,1.0514321502341772e-06,4.265924453735352,4.265914440155029,9.78592834144365e-06,0.0,0.0,-0.0,4999.90576171875,0.0,1914.696533203125,1895.4371337890625,0.0,2070.716064453125,0.976806640625,1.0,0.0,3.0,1.0,0.0
12214440,297.6060485839844,297.1499938964844,293.1499938964844,0.0,-0.0,285.0987854003906,0.9990000128746032,0.5779001712799072,0.452139139175415,297.4538879394531,297.1499938964844,293.1499938964844,0.0,-0.0,285.0990905761719,0.7567397356033325,0.2164486497640609,0.206255704164505,297.3476257324219,297.1499938964844,293.1499938964844,0.0,-0.0,285.0989685058594,0.8126475811004639,0.2673549056053161,0.1881347298622131,297.4091186523437,297.1499938964844,293.1499938964844,0.0,-0.0,285.0992431640625,0.7211740612983704,0.1852166503667831,0.1769284456968307,297.34716796875,297.1499938964844,293.1499938964844,0.0,-0.0,285.09930419921875,0.7048752903938293,0.1725590527057647,0.7836258411407471,285.098876953125,284.95001220703125,296.8493347167969,288.2865905761719,296.8475952148437,297.5353698730469,285.0986328125,1.0,0.422774076461792,1.0,1.0,0.0,1.0,-2.1691455841064453,2.16914176940918,3.788583853747696e-06,1.6764484643936155,1.0,1.0,0.0,91.85757446289062,109.0,25785.77734375,0.0,921.8419189453124,1.0,282.4559631347656,284.0099182128906,291.3763427734375,293.125,293.1499938964844,293.1499938964844,282.1499938964844,35517.3046875,36000.0,313.1499938964844,0.0,18000.0,1.0,0.0,0.0,0.0,1.0,0.7552127242088318,1.0,0.0,0.0,3.969574689865112,3.96960186958313,1.0514321502341772e-06,4.265924453735352,4.265914440155029,9.78592834144365e-06,0.0,0.0,-0.0,4999.90576171875,0.0,1914.696533203125,1895.4371337890625,0.0,2070.716064453125,0.976806640625,1.0,0.0,3.0,1.0,0.0
12214500,297.5863647460937,297.1499938964844,293.1499938964844,0.0,-0.0,284.93341064453125,0.9990000128746032,0.5788589715957642,0.456761747598648,297.45220947265625,297.1499938964844,293.1499938964844,0.0,-0.0,284.9396667480469,0.7563211917877197,0.2182123661041259,0.2080112099647522,297.3432006835937,297.1499938964844,293.1499938964844,0.0,-0.0,284.9375,0.8108669519424438,0.2681745290756225,0.1887806951999664,297.4070739746094,297.1499938964844,293.1499938964844,0.0,-0.0,284.941650390625,0.7207202315330505,0.1866586655378341,0.1783796101808548,297.3443298339844,297.1499938964844,293.1499938964844,0.0,-0.0,284.9427185058594,0.7038654088973999,0.1735305488109588,0.7884249091148376,284.9359436035156,284.95001220703125,296.8829650878906,288.2956237792969,296.8812561035156,297.5228271484375,284.92236328125,1.0,0.4261505305767059,1.0,1.0,0.0,1.0,-2.1850900650024414,2.185086250305176,3.844185357593233e-06,1.688850164413452,0.9995031356811525,0.9995031356811525,0.0,93.55810546875,109.0,26547.931640625,0.0,943.6259155273438,1.0,282.1932983398437,283.8065185546875,291.40777587890625,293.25640869140625,293.1499938964844,293.1499938964844,282.1499938964844,35632.49609375,36000.0,313.1499938964844,0.0,18000.0,1.0,0.0,0.0,0.0,1.0,0.7675674557685852,1.0,0.0,0.0,3.975689172744751,3.975716352462769,1.0546737030381337e-06,4.265924453735352,4.265914440155029,9.78592834144365e-06,0.0,0.0,-0.0,4829.4248046875,0.0,1923.6043701171875,1895.4371337890625,0.0,2179.267822265625,0.9782565832138062,1.0,0.0,3.0,1.0,0.0
12214560,297.56463623046875,297.1499938964844,293.1499938964844,0.0,-0.0,284.8876342773437,0.9990000128746032,0.5794877409934998,0.4615778028964996,297.4499206542969,297.1499938964844,293.1499938964844,0.0,-0.0,284.88787841796875,0.7556867003440857,0.219898372888565,0.2096633315086364,297.3381652832031,297.1499938964844,293.1499938964844,0.0,-0.0,284.8877868652344,0.8088404536247253,0.2689007520675659,0.1893281489610672,297.4044189453125,297.1499938964844,293.1499938964844,0.0,-0.0,284.88800048828125,0.7200561165809631,0.1880243122577667,0.1797336786985397,297.3407897949219,297.1499938964844,293.1499938964844,0.0,-0.0,284.8880615234375,0.7026106119155884,0.1744138598442077,0.7927218675613403,284.8877258300781,284.95001220703125,296.9165344238281,288.3046875,296.9148254394531,297.5078430175781,284.8876037597656,1.0,0.4294601082801819,1.0,1.0,0.0,1.0,-2.200304746627808,2.200300931930542,3.897646365658147e-06,1.700683355331421,0.9985400438308716,0.9985400438308716,0.0,95.3070297241211,112.0,26774.484375,0.0,965.150634765625,1.0,282.15582275390625,283.76513671875,291.3748474121094,293.1832580566406,293.1499938964844,293.1499938964844,281.8500061035156,35754.203125,36000.0,313.1499938964844,0.0,18000.0,1.0,0.0,0.0,0.0,1.0,0.7727817893028259,1.0,0.0,0.0,3.979386329650879,3.979413747787476,1.0566361652308842e-06,4.265924453735352,4.265914440155029,9.78592834144365e-06,0.0,0.0,-0.0,5075.79296875,0.0,1929.427734375,1895.4371337890625,0.0,2225.58056640625,0.97917240858078,1.0,0.0,3.0,1.0,0.0
12214620,297.51885986328125,297.1499938964844,293.1499938964844,0.0,-0.0,284.6788330078125,0.9990000128746032,0.5801076889038086,0.4710604846477508,297.44482421875,297.1499938964844,293.1499938964844,0.0,-0.0,284.6790466308594,0.754456639289856,0.2231853604316711,0.212900161743164,297.3280944824219,297.1499938964844,293.1499938964844,0.0,-0.0,284.6789855957031,0.8048105835914612,0.2702653110027313,0.1903806030750274,297.3985900878906,297.1499938964844,293.1499938964844,0.0,-0.0,284.6791687011719,0.7187288403511047,0.1906597316265106,0.1823605597019195,297.3334045410156,297.1499938964844,293.1499938964844,0.0,-0.0,284.6792297363281,0.7000966668128967,0.17608243227005,0.8008542656898499,284.6789245605469,284.95001220703125,296.9834289550781,288.3229064941406,296.98175048828125,297.4704895019531,284.67889404296875,1.0,0.4359094202518463,1.0,1.0,0.0,1.0,-2.229771375656128,2.229767322540283,4.002280093118316e-06,1.7235857248306274,0.9931588172912598,0.9931588172912598,0.0,98.78629302978516,100.0,27753.54296875,0.0,1007.9456176757812,1.0,281.8558654785156,283.52362060546875,291.37945556640625,293.2445678710937,293.1499938964844,293.1499938964844,281.54998779296875,36005.17578125,36000.0,313.1499938964844,0.0,18000.0,1.0,0.0,0.0,0.0,1.0,0.7875014543533325,1.0,0.0,0.0,3.979935646057129,3.9799630641937256,1.056927885656478e-06,4.265924453735352,4.265914440155029,9.78592834144365e-06,0.0,0.0,-0.0,5154.80908203125,0.0,1932.19384765625,1895.4371337890625,0.0,2357.74560546875,0.9794455170631408,1.0,0.0,3.0,1.0,0.0
12214680,297.51885986328125,297.1499938964844,293.1499938964844,0.0,-0.0,284.6788330078125,0.9990000128746032,0.5801076889038086,0.4710604846477508,297.44482421875,297.1499938964844,293.1499938964844,0.0,-0.0,284.6790466308594,0.754456639289856,0.2231853604316711,0.212900161743164,297.3280944824219,297.1499938964844,293.1499938964844,0.0,-0.0,284.6789855957031,0.8048105835914612,0.2702653110027313,0.1903806030750274,297.3985900878906,297.1499938964844,293.1499938964844,0.0,-0.0,284.6791687011719,0.7187288403511047,0.1906597316265106,0.1823605597019195,297.3334045410156,297.1499938964844,293.1499938964844,0.0,-0.0,284.6792297363281,0.7000966668128967,0.17608243227005,0.8008542656898499,284.6789245605469,284.95001220703125,296.9834289550781,288.3229064941406,296.98175048828125,297.4704895019531,284.67889404296875,1.0,0.4359094202518463,1.0,1.0,0.0,1.0,-2.229771375656128,2.229767322540283,4.002280093118316e-06,1.7235857248306274,0.9931588172912598,0.9931588172912598,0.0,98.78629302978516,100.0,27753.54296875,0.0,1007.9456176757812,1.0,281.8558654785156,283.52362060546875,291.37945556640625,293.2445678710937,293.1499938964844,293.1499938964844,281.54998779296875,36005.17578125,36000.0,313.1499938964844,0.0,18000.0,1.0,0.0,0.0,0.0,1.0,0.7875014543533325,1.0,0.0,0.0,3.979935646057129,3.9799630641937256,1.056927885656478e-06,4.265924453735352,4.265914440155029,9.78592834144365e-06,0.0,0.0,-0.0,5154.80908203125,0.0,1932.19384765625,1895.4371337890625,0.0,2357.74560546875,0.9794455170631408,1.0,0.0,3.0,1.0,0.0
12214740,297.4858703613281,297.1499938964844,293.1499938964844,0.0,-0.0,284.46240234375,0.9990000128746032,0.5814056396484375,0.4680768251419067,297.43902587890625,297.1499938964844,293.1499938964844,0.0,-0.0,284.4629211425781,0.7594491839408875,0.2263336479663849,0.2158699780702591,297.3177185058594,297.1499938964844,293.1499938964844,0.0,-0.0,284.4627685546875,0.8077569007873535,0.2714711725711822,0.1912237703800201,297.3920288085937,297.1499938964844,293.1499938964844,0.0,-0.0,284.4631042480469,0.7230699062347412,0.1931453645229339,0.1847095340490341,297.3255615234375,297.1499938964844,293.1499938964844,0.0,-0.0,284.4632263183594,0.7037864923477173,0.1776128113269806,0.8076991438865662,284.4626159667969,284.95001220703125,297.04998779296875,288.3411560058594,297.04833984375,297.4422302246094,284.461669921875,1.0,0.4365602135658264,1.0,1.0,0.0,1.0,-2.241830348968506,2.241826295852661,4.045900368510047e-06,1.7331748008728027,0.9848616719245912,0.9848616719245912,0.0,98.31922149658205,103.0,28559.92578125,0.0,1018.5220336914062,1.0,281.5558776855469,283.2763366699219,291.3893737792969,293.3062744140625,293.1499938964844,293.1499938964844,281.25,36250.26171875,36000.0,313.1499938964844,0.0,18000.0,1.0,0.0,0.0,0.0,1.0,0.8006489276885986,1.0,0.0,0.0,3.971515655517578,3.971543073654175,1.0524606750550447e-06,4.265924453735352,4.265914440155029,9.78592834144365e-06,0.0,0.0,-0.0,5226.96240234375,0.0,1923.19091796875,1895.4371337890625,0.0,2477.359375,0.9776861071586608,1.0,0.0,3.0,1.0,0.0
12214800,297.4858703613281,297.1499938964844,293.1499938964844,0.0,-0.0,284.46240234375,0.9990000128746032,0.5814056396484375,0.4680768251419067,297.43902587890625,297.1499938964844,293.1499938964844,0.0,-0.0,284.4629211425781,0.7594491839408875,0.2263336479663849,0.2158699780702591,297.3177185058594,297.1499938964844,293.1499938964844,0.0,-0.0,284.4627685546875,0.8077569007873535,0.2714711725711822,0.1912237703800201,297.3920288085937,297.1499938964844,293.1499938964844,0.0,-0.0,284.4631042480469,0.7230699062347412,0.1931453645229339,0.1847095340490341,297.3255615234375,297.1499938964844,293.1499938964844,0.0,-0.0,284.4632263183594,0.7037864923477173,0.1776128113269806,0.8076991438865662,284.4626159667969,284.95001220703125,297.04998779296875,288.3411560058594,297.04833984375,297.4422302246094,284.461669921875,1.0,0.4365602135658264,1.0,1.0,0.0,1.0,-2.241830348968506,2.241826295852661,4.045900368510047e-06,1.7331748008728027,0.9848616719245912,0.9848616719245912,0.0,98.31922149658205,103.0,28559.92578125,0.0,1018.5220336914062,1.0,281.5558776855469,283.2763366699219,291.3893737792969,293.3062744140625,293.1499938964844,293.1499938964844,281.25,36250.26171875,36000.0,313.1499938964844,0.0,18000.0,1.0,0.0,0.0,0.0,1.0,0.8006489276885986,1.0,0.0,0.0,3.971515655517578,3.971543073654175,1.0524606750550447e-06,4.265924453735352,4.265914440155029,9.78592834144365e-06,0.0,0.0,-0.0,5226.96240234375,0.0,1923.19091796875,1895.4371337890625,0.0,2477.359375,0.9776861071586608,1.0,0.0,3.0,1.0,0.0
12214860,297.4686279296875,297.1499938964844,293.1499938964844,0.0,-0.0,284.2586364746094,0.9990000128746032,0.5839227437973022,0.4679012894630432,297.4300842285156,297.1499938964844,293.1499938964844,0.0,-0.0,284.2589111328125,0.7627002000808716,0.2290942221879959,0.218602105975151,297.3046569824219,297.1499938964844,293.1499938964844,0.0,-0.0,284.2587890625,0.8087807893753052,0.2722789943218231,0.1918792426586151,297.3822631835937,297.1499938964844,293.1499938964844,0.0,-0.0,284.2590026855469,0.7256951332092285,0.1952273696660995,0.1868086755275726,297.31494140625,297.1499938964844,293.1499938964844,0.0,-0.0,284.25909423828125,0.7056509852409363,0.1787676811218261,0.8134806752204895,284.2587280273437,284.95001220703125,297.1163635253906,288.3592529296875,297.1147155761719,297.4258117675781,284.2583923339844,1.0,0.438755601644516,1.0,1.0,0.0,1.0,-2.2551469802856445,2.2551429271698,4.093747065780917e-06,1.743409276008606,0.9738986492156982,0.9738986492156982,0.0,98.66088104248048,106.0,29458.458984375,0.0,1033.6162109375,1.0,281.2559814453125,283.0378723144531,291.4012145996094,293.3689880371094,293.1499938964844,293.1499938964844,280.95001220703125,36498.59765625,36000.0,313.1499938964844,0.0,18000.0,1.0,0.0,0.0,0.0,1.0,0.8123565912246704,1.0,0.0,0.0,3.953881740570069,3.953908920288086,1.0431352848172537e-06,4.265924453735352,4.265914440155029,9.78592834144365e-06,0.0,0.0,-0.0,5305.79736328125,0.0,1902.3028564453125,1895.4371337890625,0.0,2584.91162109375,0.973852038383484,1.0,0.0,3.0,1.0,0.0
12214920,297.4686279296875,297.1499938964844,293.1499938964844,0.0,-0.0,284.2586364746094,0.9990000128746032,0.5839227437973022,0.4679012894630432,297.4300842285156,297.1499938964844,293.1499938964844,0.0,-0.0,284.2589111328125,0.7627002000808716,0.2290942221879959,0.218602105975151,297.3046569824219,297.1499938964844,293.1499938964844,0.0,-0.0,284.2587890625,0.8087807893753052,0.2722789943218231,0.1918792426586151,297.3822631835937,297.1499938964844,293.1499938964844,0.0,-0.0,284.2590026855469,0.7256951332092285,0.1952273696660995,0.1868086755275726,297.31494140625,297.1499938964844,293.1499938964844,0.0,-0.0,284.25909423828125,0.7056509852409363,0.1787676811218261,0.8134806752204895,284.2587280273437,284.95001220703125,297.1163635253906,288.3592529296875,297.1147155761719,297.4258117675781,284.2583923339844,1.0,0.438755601644516,1.0,1.0,0.0,1.0,-2.2551469802856445,2.2551429271698,4.093747065780917e-06,1.743409276008606,0.9738986492156982,0.9738986492156982,0.0,98.66088104248048,106.0,29458.458984375,0.0,1033.6162109375,1.0,281.2559814453125,283.0378723144531,291.4012145996094,293.3689880371094,293.1499938964844,293.1499938964844,280.95001220703125,36498.59765625,36000.0,313.1499938964844,0.0,18000.0,1.0,0.0,0.0,0.0,1.0,0.8123565912246704,1.0,0.0,0.0,3.953881740570069,3.953908920288086,1.0431352848172537e-06,4.265924453735352,4.265914440155029,9.78592834144365e-06,0.0,0.0,-0.0,5305.79736328125,0.0,1902.3028564453125,1895.4371337890625,0.0,2584.91162109375,0.973852038383484,1.0,0.0,3.0,1.0,0.0
12214980,297.45001220703125,297.1499938964844,293.1499938964844,0.0,-0.0,284.0817565917969,0.9990000128746032,0.5849732160568237,0.4702435135841369,297.4212341308594,297.1499938964844,293.1499938964844,0.0,-0.0,284.0836486816406,0.7633888125419617,0.2307591140270233,0.2202955931425094,297.2933654785156,297.1499938964844,293.1499938964844,0.0,-0.0,284.0830993652344,0.8078420758247375,0.2725633084774017,0.1921694278717041,297.3726806640625,297.1499938964844,293.1499938964844,0.0,-0.0,284.0843505859375,0.7260352373123169,0.1963863968849182,0.1880284249782562,297.3048400878906,297.1499938964844,293.1499938964844,0.0,-0.0,284.0848083496094,0.7052667140960693,0.1792616248130798,0.8162888288497925,284.0825500488281,284.95001220703125,297.1638488769531,288.3719482421875,297.1622009277344,297.40948486328125,284.0784606933594,1.0,0.4407903850078583,1.0,1.0,0.0,1.0,-2.26518177986145,2.265177726745605,4.130125489609782e-06,1.7511941194534302,0.964055836200714,0.964055836200714,0.0,99.61078643798828,106.0,30370.75,0.0,1047.7611083984375,1.0,280.9686279296875,282.8191223144531,291.4364624023437,293.4813842773437,293.1499938964844,293.1499938964844,280.95001220703125,36696.328125,36000.0,313.1499938964844,0.0,18000.0,1.0,0.0,0.0,0.0,1.0,0.8233669996261597,1.0,0.0,0.0,3.9354307651519775,3.935457944869995,1.0334223361496695e-06,4.265924453735352,4.265914440155029,9.78592834144365e-06,0.0,0.0,-0.0,5093.6240234375,0.0,1880.13232421875,1895.4371337890625,0.0,2686.7900390625,0.9697924852371216,1.0,0.0,3.0,1.0,0.0
12215040,297.44158935546875,297.1499938964844,293.1499938964844,0.0,-0.0,284.0719299316406,0.9990000128746032,0.5852329134941101,0.4716010391712188,297.4176025390625,297.1499938964844,293.1499938964844,0.0,-0.0,284.0721435546875,0.7633463740348816,0.2313794642686844,0.2208945453166961,297.2889709472656,297.1499938964844,293.1499938964844,0.0,-0.0,284.0720520019531,0.8071473836898804,0.2726502120494842,0.192231073975563,297.36871337890625,297.1499938964844,293.1499938964844,0.0,-0.0,284.0722351074219,0.7258774042129517,0.1968001574277877,0.1884386986494064,297.3006286621094,297.1499938964844,293.1499938964844,0.0,-0.0,284.0722961425781,0.7047842741012573,0.1794086843729019,0.8170567750930786,284.0719909667969,284.95001220703125,297.1825561523437,288.3768920898437,297.1809387207031,297.40216064453125,284.0718688964844,1.0,0.4416669905185699,1.0,1.0,0.0,1.0,-2.2690210342407227,2.269016742706299,4.144083504797891e-06,1.7541693449020386,0.960616409778595,0.960616409778595,0.0,100.10427856445312,109.0,30449.63671875,0.0,1053.7049560546875,1.0,280.9560852050781,282.810302734375,291.4202880859375,293.44610595703125,293.1499938964844,293.1499938964844,280.6499938964844,36753.72265625,36000.0,313.1499938964844,0.0,18000.0,1.0,0.0,0.0,0.0,1.0,0.8243210315704346,1.0,0.0,0.0,3.926904201507568,3.926931142807007,1.0289491001458373e-06,4.265924453735352,4.265914440155029,9.78592834144365e-06,0.0,0.0,-0.0,5394.58203125,0.0,1869.6787109375,1895.4371337890625,0.0,2695.646240234375,0.9679188132286072,1.0,0.0,3.0,1.0,0.0
12215100,297.4241638183594,297.1499938964844,293.1499938964844,0.0,-0.0,283.9276428222656,0.9990000128746032,0.5853736400604248,0.4742806851863861,297.410888671875,297.1499938964844,293.1499938964844,0.0,-0.0,283.9325561523437,0.7631183862686157,0.2324169129133224,0.2219495773315429,297.2809753417969,297.1499938964844,293.1499938964844,0.0,-0.0,283.9311828613281,0.8057772517204285,0.2727473974227905,0.192356526851654,297.36138916015625,297.1499938964844,293.1499938964844,0.0,-0.0,283.9342346191406,0.725447952747345,0.1974684596061706,0.1891473531723022,297.2928771972656,297.1499938964844,293.1499938964844,0.0,-0.0,283.93536376953125,0.7037555575370789,0.1796032786369323,0.8183025121688843,283.9297180175781,284.95001220703125,297.215576171875,288.38555908203125,297.2139587402344,297.38800048828125,283.9184265136719,1.0,0.4433052837848663,1.0,1.0,0.0,1.0,-2.276005506515503,2.276001214981079,4.169544354226673e-06,1.7595843076705933,0.9524608850479126,0.9524608850479126,0.0,101.06453704833984,109.0,31276.23828125,0.0,1064.8067626953125,1.0,280.69451904296875,282.6224670410156,291.4601135253906,293.5875244140625,293.1499938964844,293.1499938964844,280.6499938964844,36899.9765625,36000.0,313.1499938964844,0.0,18000.0,1.0,0.0,0.0,0.0,1.0,0.8333455920219421,1.0,0.0,0.0,3.909808397293091,3.90983510017395,1.0200094493484355e-06,4.265924453735352,4.265914440155029,9.78592834144365e-06,0.0,0.0,-0.0,5210.81591796875,0.0,1849.09716796875,1895.4371337890625,0.0,2779.611328125,0.9641233086586,1.0,0.0,3.0,1.0,0.0
12215160,297.4035339355469,297.1499938964844,293.1499938964844,0.0,-0.0,283.8893737792969,0.9990000128746032,0.5850846767425537,0.4775205552577972,297.4037475585937,297.1499938964844,293.1499938964844,0.0,-0.0,283.8894958496094,0.7624763250350952,0.2333677411079406,0.2228984236717224,297.2726135253906,297.1499938964844,293.1499938964844,0.0,-0.0,283.8894348144531,0.803958535194397,0.2727560400962829,0.1923946887254715,297.3536682128906,297.1499938964844,293.1499938964844,0.0,-0.0,283.8895568847656,0.7246338129043579,0.1980465948581695,0.189750537276268,297.28466796875,297.1499938964844,293.1499938964844,0.0,-0.0,283.8896179199219,0.7022891044616699,0.1797028928995132,0.8190408945083618,283.889404296875,284.95001220703125,297.24853515625,288.3941345214844,297.2469177246094,297.3715515136719,283.88946533203125,1.0,0.4450180530548095,1.0,1.0,0.0,1.0,-2.2826945781707764,2.2826902866363525,4.194010216451716e-06,1.7647730112075806,0.944929838180542,0.944929838180542,0.0,102.17948150634766,97.0,31429.5390625,0.0,1076.2557373046875,1.0,280.6562194824219,282.5881652832031,291.43963623046875,293.525146484375,293.1499938964844,293.1499938964844,280.3500061035156,37035.578125,36000.0,313.1499938964844,0.0,18000.0,1.0,0.0,0.0,0.0,1.0,0.8367368578910828,1.0,0.0,0.0,3.889582633972168,3.8896093368530273,1.0094836397911422e-06,4.265924453735352,4.265914440155029,9.78592834144365e-06,0.0,0.0,-0.0,5484.58447265625,0.0,1824.666015625,1895.4371337890625,0.0,2811.243408203125,0.9596814513206482,1.0,0.0,3.0,1.0,0.0
12215220,297.37310791015625,297.1499938964844,293.1499938964844,0.0,-0.0,283.705322265625,0.9990000128746032,0.5851828455924988,0.4725324809551239,297.389404296875,297.1499938964844,293.1499938964844,0.0,-0.0,283.7057189941406,0.7670311331748962,0.2351292371749878,0.2245558202266693,297.2562561035156,297.1499938964844,293.1499938964844,0.0,-0.0,283.7055969238281,0.8067331314086914,0.2726534605026245,0.1923178881406784,297.3380126953125,297.1499938964844,293.1499938964844,0.0,-0.0,283.70587158203125,0.7281033992767334,0.1990434229373932,0.1906923651695251,297.26812744140625,297.1499938964844,293.1499938964844,0.0,-0.0,283.7059936523437,0.7049415111541748,0.179733008146286,0.8191888332366943,283.7054748535156,284.95001220703125,297.314208984375,288.41094970703125,297.3125915527344,297.3453369140625,283.7046203613281,1.0,0.443057656288147,1.0,1.0,0.0,1.0,-2.2799296379089355,2.279925584793091,4.18425543102785e-06,1.762837290763855,0.9268110394477844,0.9268110394477844,0.0,100.699951171875,100.0,32300.287109375,0.0,1067.5506591796875,1.0,280.3565979003906,282.3681640625,291.45623779296875,293.599609375,293.1499938964844,293.1499938964844,280.04998779296875,37359.2890625,36000.0,313.1499938964844,0.0,18000.0,1.0,0.0,0.0,0.0,1.0,0.8490862250328064,1.0,0.0,0.0,3.840409755706787,3.840435743331909,9.84120788416476e-07,4.265924453735352,4.265914440155029,9.78592834144365e-06,0.0,0.0,-0.0,5569.3427734375,0.0,1766.207275390625,1895.4371337890625,0.0,2926.712890625,0.9488208889961244,1.0,0.0,3.0,1.0,0.0
12215280,297.37310791015625,297.1499938964844,293.1499938964844,0.0,-0.0,283.705322265625,0.9990000128746032,0.5851828455924988,0.4725324809551239,297.389404296875,297.1499938964844,293.1499938964844,0.0,-0.0,283.7057189941406,0.7670311331748962,0.2351292371749878,0.2245558202266693,297.2562561035156,297.1499938964844,293.1499938964844,0.0,-0.0,283.7055969238281,0.8067331314086914,0.2726534605026245,0.1923178881406784,297.3380126953125,297.1499938964844,293.1499938964844,0.0,-0.0,283.70587158203125,0.7281033992767334,0.1990434229373932,0.1906923651695251,297.26812744140625,297.1499938964844,293.1499938964844,0.0,-0.0,283.7059936523437,0.7049415111541748,0.179733008146286,0.8191888332366943,283.7054748535156,284.95001220703125,297.314208984375,288.41094970703125,297.3125915527344,297.3453369140625,283.7046203613281,1.0,0.443057656288147,1.0,1.0,0.0,1.0,-2.2799296379089355,2.279925584793091,4.18425543102785e-06,1.762837290763855,0.9268110394477844,0.9268110394477844,0.0,100.699951171875,100.0,32300.287109375,0.0,1067.5506591796875,1.0,280.3565979003906,282.3681640625,291.45623779296875,293.599609375,293.1499938964844,293.1499938964844,280.04998779296875,37359.2890625,36000.0,313.1499938964844,0.0,18000.0,1.0,0.0,0.0,0.0,1.0,0.8490862250328064,1.0,0.0,0.0,3.840409755706787,3.840435743331909,9.84120788416476e-07,4.265924453735352,4.265914440155029,9.78592834144365e-06,0.0,0.0,-0.0,5569.3427734375,0.0,1766.207275390625,1895.4371337890625,0.0,2926.712890625,0.9488208889961244,1.0,0.0,3.0,1.0,0.0
12215340,297.3667907714844,297.1499938964844,293.1499938964844,0.0,-0.0,283.56134033203125,0.9990000128746032,0.5860246419906616,0.4710061252117157,297.3822937011719,297.1499938964844,293.1499938964844,0.0,-0.0,283.56573486328125,0.7688084840774536,0.2359966784715652,0.2253834158182144,297.2482604980469,297.1499938964844,293.1499938964844,0.0,-0.0,283.5645751953125,0.8075390458106995,0.2725628018379211,0.1922657787799835,297.3302307128906,297.1499938964844,293.1499938964844,0.0,-0.0,283.5672912597656,0.7293571829795837,0.1995084583759308,0.1911403238773346,297.25994873046875,297.1499938964844,293.1499938964844,0.0,-0.0,283.5684509277344,0.7057102918624878,0.1797011196613311,0.8190740942955017,283.563232421875,284.95001220703125,297.3479919433594,288.4194641113281,297.3464050292969,297.3375244140625,283.55279541015625,1.0,0.4428843855857849,1.0,1.0,0.0,1.0,-2.2794189453125,2.279414892196656,4.182173597655492e-06,1.7623196840286257,0.9159169793128968,0.9159169793128968,0.0,100.25305938720705,100.0,33118.5625,0.0,1065.2764892578125,1.0,280.0939025878906,282.18670654296875,291.490966796875,293.73150634765625,293.1499938964844,293.1499938964844,280.04998779296875,37561.37890625,36000.0,313.1499938964844,0.0,18000.0,1.0,0.0,0.0,0.0,1.0,0.8577895760536194,1.0,0.0,0.0,3.8098177909851074,3.8098435401916495,9.685045370133594e-07,4.265924453735352,4.265914440155029,9.78592834144365e-06,0.0,0.0,-0.0,5377.70751953125,0.0,1730.542724609375,1895.4371337890625,0.0,3008.275634765625,0.9420447945594788,1.0,0.0,3.0,1.0,0.0
12215400,297.3592529296875,297.1499938964844,293.1499938964844,0.0,-0.0,283.5263977050781,0.9990000128746032,0.5866134166717529,0.4709362983703613,297.3755798339844,297.1499938964844,293.1499938964844,0.0,-0.0,283.52655029296875,0.7696696519851685,0.2367611527442932,0.2261030226945877,297.24072265625,297.1499938964844,293.1499938964844,0.0,-0.0,283.5264892578125,0.8074358105659485,0.2724244296550751,0.1921640932559967,297.3229064941406,297.1499938964844,293.1499938964844,0.0,-0.0,283.526611328125,0.7298220992088318,0.199894368648529,0.1915076225996017,297.2522888183594,297.1499938964844,293.1499938964844,0.0,-0.0,283.5267028808594,0.7056482434272766,0.179624542593956,0.8187481760978699,283.52642822265625,284.95001220703125,297.3795471191406,288.4273681640625,297.3779602050781,297.3290405273437,283.5263671875,1.0,0.4430119395256042,1.0,1.0,0.0,1.0,-2.280125856399536,2.2801215648651123,4.184715180599596e-06,1.7628427743911743,0.9063137769699096,0.9063137769699096,0.0,100.25383758544922,103.0,33189.5234375,0.0,1066.031005859375,1.0,280.0570983886719,282.1578369140625,291.4686279296875,293.66558837890625,293.1499938964844,293.1499938964844,279.75,37738.6328125,36000.0,313.1499938964844,0.0,18000.0,1.0,0.0,0.0,0.0,1.0,0.8604759573936462,1.0,0.0,0.0,3.7771403789520255,3.777166128158569,9.519618515696492e-07,4.265924453735352,4.265914440155029,9.78592834144365e-06,0.0,0.0,-0.0,5654.06591796875,0.0,1692.7342529296875,1895.4371337890625,0.0,3033.46923828125,0.93486750125885,1.0,0.0,3.0,1.0,0.0
12215460,297.3394470214844,297.1499938964844,293.1499938964844,0.0,-0.0,283.3988342285156,0.9990000128746032,0.5869959592819214,0.4739768505096435,297.3640441894531,297.1499938964844,293.1499938964844,0.0,-0.0,283.3974914550781,0.7695502638816833,0.2381482422351837,0.2274577468633651,297.2279663085937,297.1499938964844,293.1499938964844,0.0,-0.0,283.3977966308594,0.8054644465446472,0.2721649706363678,0.1920148432254791,297.3101806640625,297.1499938964844,293.1499938964844,0.0,-0.0,283.3970947265625,0.7291789650917053,0.2005656957626342,0.1921933889389038,297.239013671875,297.1499938964844,293.1499938964844,0.0,-0.0,283.3968200683594,0.7038784027099609,0.1794431209564209,0.8181827664375305,283.398193359375,284.95001220703125,297.4374694824219,288.441650390625,297.40240478515625,297.311279296875,283.402587890625,1.0,0.4438456892967224,0.8319605588912964,0.8319605588912964,0.3565478026866913,1.0,-2.285363912582397,1.6483834981918335,0.636980414390564,1.132312297821045,0.8866153359413147,0.8866153359413147,0.0,100.95279693603516,103.0,34556.953125,0.0,1072.2294921875,1.0,279.7612609863281,281.9849853515625,291.4915771484375,293.76043701171875,293.1499938964844,293.1499938964844,279.75,38106.78515625,36000.0,313.1499938964844,0.0,18000.0,1.0,0.0,0.0,0.0,1.0,0.8715127110481262,1.0,0.0,0.0,3.707562923431397,3.707587957382202,9.172132990897808e-07,4.265924453735352,4.265914440155029,9.78592834144365e-06,0.0,0.0,-0.0,5443.958984375,0.0,1614.169921875,1895.4371337890625,0.0,3137.000244140625,0.9195531606674194,1.0,0.0,3.0,1.0,0.0
12215520,297.3370056152344,297.1499938964844,293.1499938964844,0.0,-0.0,283.4089050292969,0.9990000128746032,0.5870214700698853,0.4744746685028076,297.36297607421875,297.1499938964844,293.1499938964844,0.0,-0.0,283.4070739746094,0.7694670557975769,0.2383388727903366,0.2276233434677124,297.2268371582031,297.1499938964844,293.1499938964844,0.0,-0.0,283.407470703125,0.8051515817642212,0.2721633613109588,0.1919981688261032,297.3089294433594,297.1499938964844,293.1499938964844,0.0,-0.0,283.406494140625,0.7290394306182861,0.2006642818450927,0.1922758370637893,297.2376708984375,297.1499938964844,293.1499938964844,0.0,-0.0,283.40606689453125,0.7035948038101196,0.1794363707304,0.8181072473526001,283.4080505371094,284.95001220703125,297.44451904296875,288.4433898925781,297.4007263183594,297.30926513671875,283.4136962890625,1.0,0.4439911246299743,0.811481773853302,0.811481773853302,0.4000000059604645,1.0,-2.2861475944519043,1.5417709350585938,0.7443767189979553,1.0257810354232788,0.8845056295394897,0.8845056295394897,0.0,101.07826232910156,106.0,34670.25390625,0.0,1073.2694091796875,1.0,279.75750732421875,281.9920654296875,291.486572265625,293.7523193359375,293.1499938964844,293.1499938964844,280.04998779296875,38131.85546875,36000.0,313.1499938964844,0.0,18000.0,1.0,0.0,0.0,0.0,1.0,0.8718491196632385,1.0,0.0,0.0,3.6985487937927246,3.698573589324951,9.127586508839158e-07,4.265924453735352,4.265914440155029,9.78592834144365e-06,0.0,0.0,-0.0,5135.6005859375,0.0,1604.0181884765625,1895.4371337890625,0.0,3140.155517578125,0.9175646901130676,1.0,0.0,3.0,1.0,0.0
12215580,297.33990478515625,297.1499938964844,293.1499938964844,0.0,-0.0,283.716064453125,0.9990000128746032,0.5896406173706055,0.4771648347377777,297.3632507324219,297.1499938964844,293.1499938964844,0.0,-0.0,283.71368408203125,0.7705286741256714,0.2410490214824676,0.229855015873909,297.2292785644531,297.1499938964844,293.1499938964844,0.0,-0.0,283.7142333984375,0.8043511509895325,0.2733644843101501,0.1925259679555893,297.3062438964844,297.1499938964844,293.1499938964844,0.0,-0.0,283.7128295898437,0.7293475866317749,0.2023925930261612,0.1936313360929489,297.23388671875,297.1499938964844,293.1499938964844,0.0,-0.0,283.712158203125,0.7027847766876221,0.180148109793663,0.8200663924217224,283.7149963378906,284.95001220703125,297.509033203125,288.4590148925781,297.394775390625,297.30908203125,283.7213439941406,1.0,0.4459180533885956,0.6229634881019592,0.6229634881019592,0.800000011920929,1.0,-2.2966630458831787,0.9862064123153688,1.3104565143585205,0.4687165915966034,0.8703786730766296,0.8703786730766296,0.0,102.00682830810548,109.0,34593.52734375,0.0,1087.2252197265625,1.0,280.042236328125,282.3171691894531,291.4231872558594,293.6156616210937,293.1499938964844,293.1499938964844,280.3500061035156,38024.31640625,36000.0,313.1499938964844,0.0,18000.0,1.0,0.0,0.0,0.0,1.0,0.8597111105918884,1.0,0.0,0.0,3.621720552444458,3.6217446327209473,8.752319331506442e-07,4.265924453735352,4.265914440155029,9.78592834144365e-06,0.0,0.0,-0.0,5087.72509765625,0.0,1516.962158203125,1895.4371337890625,0.0,3026.295654296875,0.90040522813797,1.0,0.0,3.0,1.0,0.0
12215640,297.33990478515625,297.1499938964844,293.1499938964844,0.0,-0.0,283.716064453125,0.9990000128746032,0.5896406173706055,0.4771648347377777,297.3632507324219,297.1499938964844,293.1499938964844,0.0,-0.0,283.71368408203125,0.7705286741256714,0.2410490214824676,0.229855015873909,297.2292785644531,297.1499938964844,293.1499938964844,0.0,-0.0,283.7142333984375,0.8043511509895325,0.2733644843101501,0.1925259679555893,297.3062438964844,297.1499938964844,293.1499938964844,0.0,-0.0,283.7128295898437,0.7293475866317749,0.2023925930261612,0.1936313360929489,297.23388671875,297.1499938964844,293.1499938964844,0.0,-0.0,283.712158203125,0.7027847766876221,0.180148109793663,0.8200663924217224,283.7149963378906,284.95001220703125,297.509033203125,288.4590148925781,297.394775390625,297.30908203125,283.7213439941406,1.0,0.4459180533885956,0.6229634881019592,0.6229634881019592,0.800000011920929,1.0,-2.2966630458831787,0.9862064123153688,1.3104565143585205,0.4687165915966034,0.8703786730766296,0.8703786730766296,0.0,102.00682830810548,109.0,34593.52734375,0.0,1087.2252197265625,1.0,280.042236328125,282.3171691894531,291.4231872558594,293.6156616210937,293.1499938964844,293.1499938964844,280.3500061035156,38024.31640625,36000.0,313.1499938964844,0.0,18000.0,1.0,0.0,0.0,0.0,1.0,0.8597111105918884,1.0,0.0,0.0,3.621720552444458,3.6217446327209473,8.752319331506442e-07,4.265924453735352,4.265914440155029,9.78592834144365e-06,0.0,0.0,-0.0,5087.72509765625,0.0,1516.962158203125,1895.4371337890625,0.0,3026.295654296875,0.90040522813797,1.0,0.0,3.0,1.0,0.0
12215700,297.35223388671875,297.1499938964844,293.1499938964844,0.0,-0.0,283.8988952636719,0.9990000128746032,0.5920491218566895,0.4778356850147247,297.3672180175781,297.1499938964844,293.1499938964844,0.0,-0.0,283.892578125,0.7718908786773682,0.2427860796451568,0.2313886284828186,297.23492431640625,297.1499938964844,293.1499938964844,0.0,-0.0,283.8939819335937,0.8048816919326782,0.2744191586971283,0.1931686997413635,297.3084716796875,297.1499938964844,293.1499938964844,0.0,-0.0,283.8902282714844,0.7302418351173401,0.2035988718271255,0.1946762651205063,297.23541259765625,297.1499938964844,293.1499938964844,0.0,-0.0,283.8883972167969,0.7032312750816345,0.1808286160230636,0.8226974010467529,283.8960266113281,284.95001220703125,297.5411071777344,288.4666748046875,297.401611328125,297.3167419433594,283.91265869140625,1.0,0.447293758392334,0.5287044048309326,0.5287044048309326,1.0,1.0,-2.304495096206665,0.8706689476966858,1.433825969696045,0.3515487313270569,0.8650954961776733,0.8650954961776733,0.0,102.40991973876952,109.0,33883.09375,0.0,1097.4915771484375,1.0,280.297607421875,282.5313415527344,291.3961181640625,293.4922180175781,293.1499938964844,293.1499938964844,280.3500061035156,37907.60546875,36000.0,313.1499938964844,0.0,18000.0,1.0,0.0,0.0,0.0,1.0,0.8508906960487366,1.0,0.0,0.0,3.586124897003174,3.586148500442505,8.58112230162078e-07,4.265924453735352,4.265914440155029,9.78592834144365e-06,0.0,0.0,-0.0,5251.8134765625,0.0,1477.2818603515625,1895.4371337890625,0.0,2943.6142578125,0.8924518823623657,1.0,0.0,3.0,1.0,0.0
12215760,297.3686218261719,297.1499938964844,293.1499938964844,0.0,-0.0,283.9874572753906,0.9990000128746032,0.5949392914772034,0.4785300195217132,297.37274169921875,297.1499938964844,293.1499938964844,0.0,-0.0,283.9856872558594,0.7734827399253845,0.2447055429220199,0.2331433594226837,297.24224853515625,297.1499938964844,293.1499938964844,0.0,-0.0,283.986083984375,0.8056667447090149,0.2756772041320801,0.1940019428730011,297.312255859375,297.1499938964844,293.1499938964844,0.0,-0.0,283.9850158691406,0.7313494682312012,0.2049717605113983,0.1959205716848373,297.2385559082031,297.1499938964844,293.1499938964844,0.0,-0.0,283.9844970703125,0.7039369344711304,0.1816769242286682,0.8262373805046082,283.9866638183594,284.95001220703125,297.57305908203125,288.4742431640625,297.4212646484375,297.3284912109375,283.9915466308594,1.0,0.4489075243473053,0.5432030558586121,0.5432030558586121,1.0,1.0,-2.314183235168457,0.8839026093482971,1.4302805662155151,0.3625605404376983,0.8596431016921997,0.8596431016921997,0.0,102.89725494384766,112.0,33880.125,0.0,1109.892822265625,1.0,280.3412170410156,282.61376953125,291.42926025390625,293.5714416503906,293.1499938964844,293.1499938964844,280.6499938964844,37786.453125,36000.0,313.1499938964844,0.0,18000.0,1.0,0.0,0.0,0.0,1.0,0.8473232388496399,1.0,0.0,0.0,3.5537869930267334,3.5538103580474854,8.427060151916521e-07,4.265924453735352,4.265914440155029,9.78592834144365e-06,0.0,0.0,-0.0,5032.470703125,0.0,1441.7523193359375,1895.4371337890625,0.0,2910.206298828125,0.8851380348205566,1.0,0.0,3.0,1.0,0.0
12215820,297.40216064453125,297.1499938964844,293.1499938964844,0.0,-0.0,284.2352294921875,0.9990000128746032,0.6011050939559937,0.4805401265621185,297.3851928710937,297.1499938964844,293.1499938964844,0.0,-0.0,284.23358154296875,0.7766132950782776,0.2487859427928924,0.2369309365749359,297.2578430175781,297.1499938964844,293.1499938964844,0.0,-0.0,284.2339172363281,0.8071402311325073,0.2784236073493957,0.1958696246147155,297.3212585449219,297.1499938964844,293.1499938964844,0.0,-0.0,284.23297119140625,0.7335488200187683,0.2079391032457351,0.1986689865589141,297.2467041015625,297.1499938964844,293.1499938964844,0.0,-0.0,284.2324523925781,0.7054159045219421,0.1836217194795608,0.8346638083457947,284.2344665527344,284.95001220703125,297.6365661621094,288.4891052246094,297.46630859375,297.35528564453125,284.2391357421875,1.0,0.452744573354721,0.5722004771232605,0.5722004771232605,1.0,1.0,-2.336811780929565,0.9277111291885376,1.4091006517410278,0.4012415111064911,0.8520233035087585,0.8520233035087585,0.0,104.15775299072266,115.0,33159.7421875,0.0,1139.6632080078125,1.0,280.640625,282.9004211425781,291.4469299316406,293.5430603027344,293.1499938964844,293.1499938964844,280.95001220703125,37477.33984375,36000.0,313.1499938964844,0.0,18000.0,1.0,0.0,0.0,0.0,1.0,0.8359091877937317,1.0,0.0,0.0,3.497254610061645,3.49727749824524,8.161082973856537e-07,4.265924453735352,4.265914440155029,9.78592834144365e-06,0.0,0.0,-0.0,4978.45947265625,0.0,1380.3701171875,1895.4371337890625,0.0,2803.51953125,0.8723686933517456,1.0,0.0,3.0,1.0,0.0
12215880,297.40216064453125,297.1499938964844,293.1499938964844,0.0,-0.0,284.2352294921875,0.9990000128746032,0.6011050939559937,0.4805401265621185,297.3851928710937,297.1499938964844,293.1499938964844,0.0,-0.0,284.23358154296875,0.7766132950782776,0.2487859427928924,0.2369309365749359,297.2578430175781,297.1499938964844,293.1499938964844,0.0,-0.0,284.2339172363281,0.8071402311325073,0.2784236073493957,0.1958696246147155,297.3212585449219,297.1499938964844,293.1499938964844,0.0,-0.0,284.23297119140625,0.7335488200187683,0.2079391032457351,0.1986689865589141,297.2467041015625,297.1499938964844,293.1499938964844,0.0,-0.0,284.2324523925781,0.7054159045219421,0.1836217194795608,0.8346638083457947,284.2344665527344,284.95001220703125,297.6365661621094,288.4891052246094,297.46630859375,297.35528564453125,284.2391357421875,1.0,0.452744573354721,0.5722004771232605,0.5722004771232605,1.0,1.0,-2.336811780929565,0.9277111291885376,1.4091006517410278,0.4012415111064911,0.8520233035087585,0.8520233035087585,0.0,104.15775299072266,115.0,33159.7421875,0.0,1139.6632080078125,1.0,280.640625,282.9004211425781,291.4469299316406,293.5430603027344,293.1499938964844,293.1499938964844,280.95001220703125,37477.33984375,36000.0,313.1499938964844,0.0,18000.0,1.0,0.0,0.0,0.0,1.0,0.8359091877937317,1.0,0.0,0.0,3.497254610061645,3.49727749824524,8.161082973856537e-07,4.265924453735352,4.265914440155029,9.78592834144365e-06,0.0,0.0,-0.0,4978.45947265625,0.0,1380.3701171875,1895.4371337890625,0.0,2803.51953125,0.8723686933517456,1.0,0.0,3.0,1.0,0.0
12215940,297.43341064453125,297.1499938964844,293.1499938964844,0.0,-0.0,284.4805908203125,0.9990000128746032,0.6074659824371338,0.4833625555038452,297.39862060546875,297.1499938964844,293.1499938964844,0.0,-0.0,284.47900390625,0.7795630097389221,0.2531246244907379,0.2409939169883728,297.2741394042969,297.1499938964844,293.1499938964844,0.0,-0.0,284.47930908203125,0.8084070682525635,0.2814392149448395,0.1979445666074752,297.33135986328125,297.1499938964844,293.1499938964844,0.0,-0.0,284.4783630371094,0.735612690448761,0.21112921833992,0.2016613483428955,297.2562866210937,297.1499938964844,293.1499938964844,0.0,-0.0,284.47784423828125,0.7068352699279785,0.1858154237270355,0.8443780541419983,284.4798583984375,284.95001220703125,297.6994323730469,288.50360107421875,297.5121154785156,297.3832092285156,284.4844970703125,1.0,0.4572593867778778,0.6011978387832642,0.6011978387832642,1.0,1.0,-2.362837314605713,0.9679874181747437,1.3948498964309692,0.4356445670127868,0.8476505875587463,0.8476505875587463,0.0,105.76496124267578,118.0,32502.458984375,0.0,1175.1939697265625,1.0,280.94012451171875,283.1824951171875,291.4654541015625,293.52008056640625,293.1499938964844,293.1499938964844,281.25,37107.12890625,36000.0,313.1499938964844,0.0,18000.0,1.0,0.0,0.0,0.0,1.0,0.8253602385520935,1.0,0.0,0.0,3.454486131668091,3.4545085430145264,7.962697168295563e-07,4.265924453735352,4.265914440155029,9.78592834144365e-06,0.0,0.0,-0.0,4929.5380859375,0.0,1334.174072265625,1895.4371337890625,0.0,2705.2978515625,0.8626119494438171,1.0,0.0,3.0,1.0,0.0
12216000,297.43341064453125,297.1499938964844,293.1499938964844,0.0,-0.0,284.4805908203125,0.9990000128746032,0.6074659824371338,0.4833625555038452,297.39862060546875,297.1499938964844,293.1499938964844,0.0,-0.0,284.47900390625,0.7795630097389221,0.2531246244907379,0.2409939169883728,297.2741394042969,297.1499938964844,293.1499938964844,0.0,-0.0,284.47930908203125,0.8084070682525635,0.2814392149448395,0.1979445666074752,297.33135986328125,297.1499938964844,293.1499938964844,0.0,-0.0,284.4783630371094,0.735612690448761,0.21112921833992,0.2016613483428955,297.2562866210937,297.1499938964844,293.1499938964844,0.0,-0.0,284.47784423828125,0.7068352699279785,0.1858154237270355,0.8443780541419983,284.4798583984375,284.95001220703125,297.6994323730469,288.50360107421875,297.5121154785156,297.3832092285156,284.4844970703125,1.0,0.4572593867778778,0.6011978387832642,0.6011978387832642,1.0,1.0,-2.362837314605713,0.9679874181747437,1.3948498964309692,0.4356445670127868,0.8476505875587463,0.8476505875587463,0.0,105.76496124267578,118.0,32502.458984375,0.0,1175.1939697265625,1.0,280.94012451171875,283.1824951171875,291.4654541015625,293.52008056640625,293.1499938964844,293.1499938964844,281.25,37107.12890625,36000.0,313.1499938964844,0.0,18000.0,1.0,0.0,0.0,0.0,1.0,0.8253602385520935,1.0,0.0,0.0,3.454486131668091,3.4545085430145264,7.962697168295563e-07,4.265924453735352,4.265914440155029,9.78592834144365e-06,0.0,0.0,-0.0,4929.5380859375,0.0,1334.174072265625,1895.4371337890625,0.0,2705.2978515625,0.8626119494438171,1.0,0.0,3.0,1.0,0.0
12216060,297.4613342285156,297.1499938964844,293.1499938964844,0.0,-0.0,284.7249450683594,0.9990000128746032,0.6138849258422852,0.4868549704551697,297.4124755859375,297.1499938964844,293.1499938964844,0.0,-0.0,284.7233581542969,0.7823325991630554,0.2576746642589569,0.2452717423439026,297.29058837890625,297.1499938964844,293.1499938964844,0.0,-0.0,284.7236633300781,0.809497594833374,0.2846753299236297,0.2001864612102508,297.34185791015625,297.1499938964844,293.1499938964844,0.0,-0.0,284.72271728515625,0.737528920173645,0.214488998055458,0.204830914735794,297.2664489746094,297.1499938964844,293.1499938964844,0.0,-0.0,284.7221984863281,0.7081543207168579,0.1881921589374542,0.8550084829330444,284.72418212890625,284.95001220703125,297.7616882324219,288.5177307128906,297.55377197265625,297.410400390625,284.7288513183594,1.0,0.4623131155967712,0.598787248134613,0.598787248134613,1.0,1.0,-2.3914406299591064,0.9797365069389344,1.411704182624817,0.4409839510917663,0.846522331237793,0.846522331237793,0.0,107.65555572509766,121.0,31926.09765625,0.0,1215.65380859375,1.0,281.2397766113281,283.4598693847656,291.4839782714844,293.5019226074219,293.1499938964844,293.1499938964844,281.54998779296875,36697.27734375,36000.0,313.1499938964844,0.0,18000.0,1.0,0.0,0.0,0.0,1.0,0.8157016038894653,1.0,0.0,0.0,3.427095890045166,3.427117824554444,7.836927125026705e-07,4.265924453735352,4.265914440155029,9.78592834144365e-06,0.0,0.0,-0.0,4885.91552734375,0.0,1303.9276123046875,1895.4371337890625,0.0,2615.794921875,0.8562278747558594,1.0,0.0,3.0,1.0,0.0
12216120,297.4613342285156,297.1499938964844,293.1499938964844,0.0,-0.0,284.7249450683594,0.9990000128746032,0.6138849258422852,0.4868549704551697,297.4124755859375,297.1499938964844,293.1499938964844,0.0,-0.0,284.7233581542969,0.7823325991630554,0.2576746642589569,0.2452717423439026,297.29058837890625,297.1499938964844,293.1499938964844,0.0,-0.0,284.7236633300781,0.809497594833374,0.2846753299236297,0.2001864612102508,297.34185791015625,297.1499938964844,293.1499938964844,0.0,-0.0,284.72271728515625,0.737528920173645,0.214488998055458,0.204830914735794,297.2664489746094,297.1499938964844,293.1499938964844,0.0,-0.0,284.7221984863281,0.7081543207168579,0.1881921589374542,0.8550084829330444,284.72418212890625,284.95001220703125,297.7616882324219,288.5177307128906,297.55377197265625,297.410400390625,284.7288513183594,1.0,0.4623131155967712,0.598787248134613,0.598787248134613,1.0,1.0,-2.3914406299591064,0.9797365069389344,1.411704182624817,0.4409839510917663,0.846522331237793,0.846522331237793,0.0,107.65555572509766,121.0,31926.09765625,0.0,1215.65380859375,1.0,281.2397766113281,283.4598693847656,291.4839782714844,293.5019226074219,293.1499938964844,293.1499938964844,281.54998779296875,36697.27734375,36000.0,313.1499938964844,0.0,18000.0,1.0,0.0,0.0,0.0,1.0,0.8157016038894653,1.0,0.0,0.0,3.427095890045166,3.427117824554444,7.836927125026705e-07,4.265924453735352,4.265914440155029,9.78592834144365e-06,0.0,0.0,-0.0,4885.91552734375,0.0,1303.9276123046875,1895.4371337890625,0.0,2615.794921875,0.8562278747558594,1.0,0.0,3.0,1.0,0.0
12216180,297.48687744140625,297.1499938964844,293.1499938964844,0.0,-0.0,284.9712829589844,0.9990000128746032,0.6204147934913635,0.490861713886261,297.42657470703125,297.1499938964844,293.1499938964844,0.0,-0.0,284.9697570800781,0.7849797606468201,0.2624261379241943,0.2497453540563583,297.3070068359375,297.1499938964844,293.1499938964844,0.0,-0.0,284.97003173828125,0.810478150844574,0.288119375705719,0.2025775164365768,297.3525695800781,297.1499938964844,293.1499938964844,0.0,-0.0,284.9691467285156,0.739342212677002,0.2180037349462509,0.2081539630889892,297.27691650390625,297.1499938964844,293.1499938964844,0.0,-0.0,284.9686279296875,0.7093961238861084,0.190725952386856,0.8663894534111023,284.9705810546875,284.95001220703125,297.8232116699219,288.5315246582031,297.59393310546875,297.43603515625,284.9750671386719,1.0,0.4677904546260834,0.5963767170906067,0.5963767170906067,1.0,1.0,-2.422163486480713,0.9914761185646056,1.430687427520752,0.4458370208740234,0.8486941456794739,0.8486941456794739,0.0,109.78150177001952,124.0,31501.208984375,0.0,1260.461181640625,1.0,281.53955078125,283.7373352050781,291.5040588378906,293.4934387207031,293.1499938964844,293.1499938964844,281.8500061035156,36263.1796875,36000.0,313.1499938964844,0.0,18000.0,1.0,0.0,0.0,0.0,1.0,0.8072383403778076,1.0,0.0,0.0,3.416048765182495,3.4160706996917725,7.786484843563812e-07,4.265924453735352,4.265914440155029,9.78592834144365e-06,0.0,0.0,-0.0,4851.83837890625,0.0,1289.9730224609375,1895.4371337890625,0.0,2537.78466796875,0.8534372448921204,1.0,0.0,3.0,1.0,0.0
12216240,297.48687744140625,297.1499938964844,293.1499938964844,0.0,-0.0,284.9712829589844,0.9990000128746032,0.6204147934913635,0.490861713886261,297.42657470703125,297.1499938964844,293.1499938964844,0.0,-0.0,284.9697570800781,0.7849797606468201,0.2624261379241943,0.2497453540563583,297.3070068359375,297.1499938964844,293.1499938964844,0.0,-0.0,284.97003173828125,0.810478150844574,0.288119375705719,0.2025775164365768,297.3525695800781,297.1499938964844,293.1499938964844,0.0,-0.0,284.9691467285156,0.739342212677002,0.2180037349462509,0.2081539630889892,297.27691650390625,297.1499938964844,293.1499938964844,0.0,-0.0,284.9686279296875,0.7093961238861084,0.190725952386856,0.8663894534111023,284.9705810546875,284.95001220703125,297.8232116699219,288.5315246582031,297.59393310546875,297.43603515625,284.9750671386719,1.0,0.4677904546260834,0.5963767170906067,0.5963767170906067,1.0,1.0,-2.422163486480713,0.9914761185646056,1.430687427520752,0.4458370208740234,0.8486941456794739,0.8486941456794739,0.0,109.78150177001952,124.0,31501.208984375,0.0,1260.461181640625,1.0,281.53955078125,283.7373352050781,291.5040588378906,293.4934387207031,293.1499938964844,293.1499938964844,281.8500061035156,36263.1796875,36000.0,313.1499938964844,0.0,18000.0,1.0,0.0,0.0,0.0,1.0,0.8072383403778076,1.0,0.0,0.0,3.416048765182495,3.4160706996917725,7.786484843563812e-07,4.265924453735352,4.265914440155029,9.78592834144365e-06,0.0,0.0,-0.0,4851.83837890625,0.0,1289.9730224609375,1895.4371337890625,0.0,2537.78466796875,0.8534372448921204,1.0,0.0,3.0,1.0,0.0
12216300,297.4987487792969,297.1499938964844,293.1499938964844,0.0,-0.0,285.1368103027344,0.9990000128746032,0.6237128973007202,0.4930533766746521,297.4335327148437,297.1499938964844,293.1499938964844,0.0,-0.0,285.1318664550781,0.7862327694892883,0.2648610770702362,0.2520317733287811,297.3150329589844,297.1499938964844,293.1499938964844,0.0,-0.0,285.1327209472656,0.8109012842178345,0.2898984253406524,0.2038065046072006,297.3578491210937,297.1499938964844,293.1499938964844,0.0,-0.0,285.1298217773437,0.7401887774467468,0.2198041230440139,0.2098520845174789,297.2821350097656,297.1499938964844,293.1499938964844,0.0,-0.0,285.1280517578125,0.7099608778953552,0.1920400559902191,0.8722691535949707,285.1344909667969,284.95001220703125,297.85369873046875,288.5382995605469,297.6116027832031,297.4449157714844,285.148681640625,1.0,0.4706571698188782,0.5951713919639587,0.5951713919639587,1.0,1.0,-2.4381227493286133,0.9975891709327698,1.4405336380004885,0.4483737647533417,0.8514970541000366,0.8514970541000366,0.0,110.92721557617188,124.0,31010.427734375,0.0,1284.305419921875,1.0,281.7919311523437,283.9372253417969,291.4881286621094,293.3997802734375,293.1499938964844,293.1499938964844,281.8500061035156,36032.74609375,36000.0,313.1499938964844,0.0,18000.0,1.0,0.0,0.0,0.0,1.0,0.8011606931686401,1.0,0.0,0.0,3.416443586349488,3.4164655208587646,7.788284506204946e-07,4.265924453735352,4.265914440155029,9.78592834144365e-06,0.0,0.0,-0.0,5000.75537109375,0.0,1288.7476806640625,1895.4371337890625,0.0,2482.0419921875,0.8533837199211121,1.0,0.0,3.0,1.0,0.0
12216360,297.5110778808594,297.1499938964844,293.1499938964844,0.0,-0.0,285.2151184082031,0.9990000128746032,0.6271348595619202,0.4951836764812469,297.4408264160156,297.1499938964844,293.1499938964844,0.0,-0.0,285.2137451171875,0.7876026630401611,0.2673733234405517,0.2544099390506744,297.3233642578125,297.1499938964844,293.1499938964844,0.0,-0.0,285.2139892578125,0.8114525079727173,0.2917630672454834,0.2051135599613189,297.3634033203125,297.1499938964844,293.1499938964844,0.0,-0.0,285.2131652832031,0.7411355376243591,0.2216656506061554,0.2116227447986602,297.28765869140625,297.1499938964844,293.1499938964844,0.0,-0.0,285.212646484375,0.7106420397758484,0.1934199929237365,0.8784961700439453,285.2144775390625,284.95001220703125,297.88397216796875,288.54498291015625,297.6295471191406,297.454345703125,285.2186584472656,1.0,0.4736069142818451,0.594474196434021,0.594474196434021,1.0,1.0,-2.454716920852661,1.0044280290603638,1.4502887725830078,0.4514886438846588,0.8541157245635986,0.8541157245635986,0.0,112.08161926269533,127.0,31156.49609375,0.0,1309.234375,1.0,281.8394775390625,284.0101013183594,291.5255126953125,293.4933166503906,293.1499938964844,293.1499938964844,282.1499938964844,35826.265625,36000.0,313.1499938964844,0.0,18000.0,1.0,0.0,0.0,0.0,1.0,0.8004228472709656,1.0,0.0,0.0,3.4215328693389893,3.4215545654296875,7.811505042809586e-07,4.265924453735352,4.265914440155029,9.78592834144365e-06,0.0,0.0,-0.0,4822.890625,0.0,1292.3138427734375,1895.4371337890625,0.0,2475.291748046875,0.8543028831481934,1.0,0.0,3.0,1.0,0.0
12216420,297.5343322753906,297.1499938964844,293.1499938964844,0.0,-0.0,285.45263671875,0.9990000128746032,0.6340622305870056,0.4997048079967499,297.4550170898437,297.1499938964844,293.1499938964844,0.0,-0.0,285.4513854980469,0.7902378439903259,0.2724938988685608,0.2592455148696899,297.3393249511719,297.1499938964844,293.1499938964844,0.0,-0.0,285.4515991210937,0.812454342842102,0.295575350522995,0.2077740430831909,297.3741149902344,297.1499938964844,293.1499938964844,0.0,-0.0,285.45086669921875,0.7429400682449341,0.2254536300897598,0.2152179777622223,297.29840087890625,297.1499938964844,293.1499938964844,0.0,-0.0,285.4504089355469,0.7119309306144714,0.1962525099515915,0.8912762403488159,285.4520568847656,284.95001220703125,297.9439392089844,288.5581359863281,297.6645812988281,297.4720458984375,285.4558410644531,1.0,0.4796975553035736,0.5930797457695007,0.5930797457695007,1.0,1.0,-2.4888265132904053,1.0185576677322388,1.4702688455581665,0.4579666554927826,0.8626657128334045,0.8626657128334045,0.0,114.51744079589844,130.0,30829.767578125,0.0,1361.6785888671875,1.0,282.1396484375,284.27471923828125,291.5444030761719,293.4930419921875,293.1499938964844,293.1499938964844,282.45001220703125,35407.65625,36000.0,313.1499938964844,0.0,18000.0,1.0,0.0,0.0,0.0,1.0,0.7947720289230347,1.0,0.0,0.0,3.442819356918335,3.4428415298461914,7.909004011708021e-07,4.265924453735352,4.265914440155029,9.78592834144365e-06,0.0,0.0,-0.0,4794.5439453125,0.0,1310.47412109375,1895.4371337890625,0.0,2423.726806640625,0.8586935997009277,1.0,0.0,3.0,1.0,0.0
12216480,297.5343322753906,297.1499938964844,293.1499938964844,0.0,-0.0,285.45263671875,0.9990000128746032,0.6340622305870056,0.4997048079967499,297.4550170898437,297.1499938964844,293.1499938964844,0.0,-0.0,285.4513854980469,0.7902378439903259,0.2724938988685608,0.2592455148696899,297.3393249511719,297.1499938964844,293.1499938964844,0.0,-0.0,285.4515991210937,0.812454342842102,0.295575350522995,0.2077740430831909,297.3741149902344,297.1499938964844,293.1499938964844,0.0,-0.0,285.45086669921875,0.7429400682449341,0.2254536300897598,0.2152179777622223,297.29840087890625,297.1499938964844,293.1499938964844,0.0,-0.0,285.4504089355469,0.7119309306144714,0.1962525099515915,0.8912762403488159,285.4520568847656,284.95001220703125,297.9439392089844,288.5581359863281,297.6645812988281,297.4720458984375,285.4558410644531,1.0,0.4796975553035736,0.5930797457695007,0.5930797457695007,1.0,1.0,-2.4888265132904053,1.0185576677322388,1.4702688455581665,0.4579666554927826,0.8626657128334045,0.8626657128334045,0.0,114.51744079589844,130.0,30829.767578125,0.0,1361.6785888671875,1.0,282.1396484375,284.27471923828125,291.5444030761719,293.4930419921875,293.1499938964844,293.1499938964844,282.45001220703125,35407.65625,36000.0,313.1499938964844,0.0,18000.0,1.0,0.0,0.0,0.0,1.0,0.7947720289230347,1.0,0.0,0.0,3.442819356918335,3.4428415298461914,7.909004011708021e-07,4.265924453735352,4.265914440155029,9.78592834144365e-06,0.0,0.0,-0.0,4794.5439453125,0.0,1310.47412109375,1895.4371337890625,0.0,2423.726806640625,0.8586935997009277,1.0,0.0,3.0,1.0,0.0
12216540,297.557861328125,297.1499938964844,293.1499938964844,0.0,-0.0,285.7001647949219,0.9990000128746032,0.6413111090660095,0.5043213963508606,297.4693908691406,297.1499938964844,293.1499938964844,0.0,-0.0,285.698974609375,0.792938768863678,0.2778111398220062,0.2642547488212585,297.355224609375,297.1499938964844,293.1499938964844,0.0,-0.0,285.6991577148437,0.8135379552841187,0.2995828688144684,0.2105612605810165,297.3849182128906,297.1499938964844,293.1499938964844,0.0,-0.0,285.698486328125,0.744802713394165,0.2293858677148819,0.2189400345087051,297.3092041015625,297.1499938964844,293.1499938964844,0.0,-0.0,285.6980285644531,0.7132878303527832,0.1992251724004745,0.90465646982193,285.6995849609375,284.95001220703125,298.0030517578125,288.5709533691406,297.6993103027344,297.48980712890625,285.7029113769531,1.0,0.4860113263130188,0.5916852951049805,0.5916852951049805,1.0,1.0,-2.5242862701416016,1.033260941505432,1.491025447845459,0.4647105634212494,0.8745870590209961,0.8745870590209961,0.0,117.05449676513672,133.0,30616.69140625,0.0,1417.57421875,1.0,282.43994140625,284.5389099121094,291.5621337890625,293.49664306640625,293.1499938964844,293.1499938964844,282.75,35004.2734375,36000.0,313.1499938964844,0.0,18000.0,1.0,0.0,0.0,0.0,1.0,0.7899684906005859,1.0,0.0,0.0,3.4791600704193115,3.479182243347168,8.076852395788592e-07,4.265924453735352,4.265914440155029,9.78592834144365e-06,0.0,0.0,-0.0,4772.421875,0.0,1344.17578125,1895.4371337890625,0.0,2380.086181640625,0.8664605021476746,1.0,0.0,3.0,1.0,0.0
12216600,297.557861328125,297.1499938964844,293.1499938964844,0.0,-0.0,285.7001647949219,0.9990000128746032,0.6413111090660095,0.5043213963508606,297.4693908691406,297.1499938964844,293.1499938964844,0.0,-0.0,285.698974609375,0.792938768863678,0.2778111398220062,0.2642547488212585,297.355224609375,297.1499938964844,293.1499938964844,0.0,-0.0,285.6991577148437,0.8135379552841187,0.2995828688144684,0.2105612605810165,297.3849182128906,297.1499938964844,293.1499938964844,0.0,-0.0,285.698486328125,0.744802713394165,0.2293858677148819,0.2189400345087051,297.3092041015625,297.1499938964844,293.1499938964844,0.0,-0.0,285.6980285644531,0.7132878303527832,0.1992251724004745,0.90465646982193,285.6995849609375,284.95001220703125,298.0030517578125,288.5709533691406,297.6993103027344,297.48980712890625,285.7029113769531,1.0,0.4860113263130188,0.5916852951049805,0.5916852951049805,1.0,1.0,-2.5242862701416016,1.033260941505432,1.491025447845459,0.4647105634212494,0.8745870590209961,0.8745870590209961,0.0,117.05449676513672,133.0,30616.69140625,0.0,1417.57421875,1.0,282.43994140625,284.5389099121094,291.5621337890625,293.49664306640625,293.1499938964844,293.1499938964844,282.75,35004.2734375,36000.0,313.1499938964844,0.0,18000.0,1.0,0.0,0.0,0.0,1.0,0.7899684906005859,1.0,0.0,0.0,3.4791600704193115,3.479182243347168,8.076852395788592e-07,4.265924453735352,4.265914440155029,9.78592834144365e-06,0.0,0.0,-0.0,4772.421875,0.0,1344.17578125,1895.4371337890625,0.0,2380.086181640625,0.8664605021476746,1.0,0.0,3.0,1.0,0.0
12216660,297.583251953125,297.1499938964844,293.1499938964844,0.0,-0.0,285.9544982910156,0.9990000128746032,0.6490428447723389,0.5088327527046204,297.484375,297.1499938964844,293.1499938964844,0.0,-0.0,285.95343017578125,0.7958586812019348,0.2833742201328277,0.2694888114929199,297.3713684082031,297.1499938964844,293.1499938964844,0.0,-0.0,285.9535827636719,0.8148381114006042,0.3038163781166076,0.2135053724050521,297.3962097167969,297.1499938964844,293.1499938964844,0.0,-0.0,285.9529724121094,0.7468609809875488,0.2335051596164703,0.2228323817253112,297.3204345703125,297.1499938964844,293.1499938964844,0.0,-0.0,285.9525451660156,0.7148446440696716,0.202378511428833,0.9188142418861388,285.9539794921875,284.95001220703125,298.06121826171875,288.58349609375,297.7342529296875,297.5086975097656,285.9572448730469,1.0,0.4925262033939361,0.5899783372879028,0.5899783372879028,1.0,1.0,-2.56121826171875,1.0482817888259888,1.5129364728927612,0.4714382290840149,0.8899990320205688,0.8899990320205688,0.0,119.63878631591795,136.0,30507.44140625,0.0,1477.023193359375,1.0,282.74041748046875,284.8020935058594,291.58154296875,293.50830078125,293.1499938964844,293.1499938964844,283.04998779296875,34629.65234375,36000.0,313.1499938964844,0.0,18000.0,1.0,0.0,0.0,0.0,1.0,0.7865046858787537,1.0,0.0,0.0,3.5295965671539307,3.5296192169189453,8.31272586765408e-07,4.265924453735352,4.265914440155029,9.78592834144365e-06,0.0,0.0,-0.0,4755.759765625,0.0,1393.3792724609375,1895.4371337890625,0.0,2348.73388671875,0.8774183392524719,1.0,0.0,3.0,1.0,0.0
12216720,297.583251953125,297.1499938964844,293.1499938964844,0.0,-0.0,285.9544982910156,0.9990000128746032,0.6490428447723389,0.5088327527046204,297.484375,297.1499938964844,293.1499938964844,0.0,-0.0,285.95343017578125,0.7958586812019348,0.2833742201328277,0.2694888114929199,297.3713684082031,297.1499938964844,293.1499938964844,0.0,-0.0,285.9535827636719,0.8148381114006042,0.3038163781166076,0.2135053724050521,297.3962097167969,297.1499938964844,293.1499938964844,0.0,-0.0,285.9529724121094,0.7468609809875488,0.2335051596164703,0.2228323817253112,297.3204345703125,297.1499938964844,293.1499938964844,0.0,-0.0,285.9525451660156,0.7148446440696716,0.202378511428833,0.9188142418861388,285.9539794921875,284.95001220703125,298.06121826171875,288.58349609375,297.7342529296875,297.5086975097656,285.9572448730469,1.0,0.4925262033939361,0.5899783372879028,0.5899783372879028,1.0,1.0,-2.56121826171875,1.0482817888259888,1.5129364728927612,0.4714382290840149,0.8899990320205688,0.8899990320205688,0.0,119.63878631591795,136.0,30507.44140625,0.0,1477.023193359375,1.0,282.74041748046875,284.8020935058594,291.58154296875,293.50830078125,293.1499938964844,293.1499938964844,283.04998779296875,34629.65234375,36000.0,313.1499938964844,0.0,18000.0,1.0,0.0,0.0,0.0,1.0,0.7865046858787537,1.0,0.0,0.0,3.5295965671539307,3.5296192169189453,8.31272586765408e-07,4.265924453735352,4.265914440155029,9.78592834144365e-06,0.0,0.0,-0.0,4755.759765625,0.0,1393.3792724609375,1895.4371337890625,0.0,2348.73388671875,0.8774183392524719,1.0,0.0,3.0,1.0,0.0
12216780,297.6096496582031,297.1499938964844,293.1499938964844,0.0,-0.0,286.2047424316406,0.9990000128746032,0.6572033762931824,0.5132259726524353,297.4996643066406,297.1499938964844,293.1499938964844,0.0,-0.0,286.20379638671875,0.7989802360534668,0.2891559600830078,0.2749342322349548,297.3873596191406,297.1499938964844,293.1499938964844,0.0,-0.0,286.20391845703125,0.8163264989852905,0.3082400858402252,0.2165861874818802,297.4077453613281,297.1499938964844,293.1499938964844,0.0,-0.0,286.203369140625,0.7491065859794617,0.2377894818782806,0.2268849313259124,297.33184814453125,297.1499938964844,293.1499938964844,0.0,-0.0,286.2029724121094,0.7165852785110474,0.2056933641433715,0.933716595172882,286.20428466796875,284.95001220703125,298.1184387207031,288.59576416015625,297.7691345214844,297.52813720703125,286.2072448730469,1.0,0.4992238581180572,0.5882713198661804,0.5882713198661804,1.0,1.0,-2.599515199661255,1.063851833343506,1.535663366317749,0.4784088134765625,0.9087309837341307,0.9087309837341307,0.0,122.26399230957033,139.0,30401.865234375,0.0,1540.038818359375,1.0,283.0409545898437,285.0602722167969,291.5990295410156,293.52001953125,293.1499938964844,293.1499938964844,282.75,34311.37109375,36000.0,313.1499938964844,0.0,18000.0,1.0,0.0,0.0,0.0,1.0,0.7840797901153564,1.0,0.0,0.0,3.591939687728882,3.5919628143310547,8.608972734691633e-07,4.265924453735352,4.265914440155029,9.78592834144365e-06,0.0,0.0,-0.0,5258.0830078125,0.0,1457.0941162109375,1895.4371337890625,0.0,2326.846435546875,0.8911182880401611,1.0,0.0,3.0,1.0,0.0
12216840,297.6096496582031,297.1499938964844,293.1499938964844,0.0,-0.0,286.2047424316406,0.9990000128746032,0.6572033762931824,0.5132259726524353,297.4996643066406,297.1499938964844,293.1499938964844,0.0,-0.0,286.20379638671875,0.7989802360534668,0.2891559600830078,0.2749342322349548,297.3873596191406,297.1499938964844,293.1499938964844,0.0,-0.0,286.20391845703125,0.8163264989852905,0.3082400858402252,0.2165861874818802,297.4077453613281,297.1499938964844,293.1499938964844,0.0,-0.0,286.203369140625,0.7491065859794617,0.2377894818782806,0.2268849313259124,297.33184814453125,297.1499938964844,293.1499938964844,0.0,-0.0,286.2029724121094,0.7165852785110474,0.2056933641433715,0.933716595172882,286.20428466796875,284.95001220703125,298.1184387207031,288.59576416015625,297.7691345214844,297.52813720703125,286.2072448730469,1.0,0.4992238581180572,0.5882713198661804,0.5882713198661804,1.0,1.0,-2.599515199661255,1.063851833343506,1.535663366317749,0.4784088134765625,0.9087309837341307,0.9087309837341307,0.0,122.26399230957033,139.0,30401.865234375,0.0,1540.038818359375,1.0,283.0409545898437,285.0602722167969,291.5990295410156,293.52001953125,293.1499938964844,293.1499938964844,282.75,34311.37109375,36000.0,313.1499938964844,0.0,18000.0,1.0,0.0,0.0,0.0,1.0,0.7840797901153564,1.0,0.0,0.0,3.591939687728882,3.5919628143310547,8.608972734691633e-07,4.265924453735352,4.265914440155029,9.78592834144365e-06,0.0,0.0,-0.0,5258.0830078125,0.0,1457.0941162109375,1895.4371337890625,0.0,2326.846435546875,0.8911182880401611,1.0,0.0,3.0,1.0,0.0
12216900,297.6117248535156,297.1499938964844,293.1499938964844,0.0,-0.0,286.06005859375,0.9990000128746032,0.6603289246559143,0.5157395005226135,297.5031433105469,297.1499938964844,293.1499938964844,0.0,-0.0,286.06378173828125,0.800275981426239,0.2917175889015198,0.277589350938797,297.3901062011719,297.1499938964844,293.1499938964844,0.0,-0.0,286.06329345703125,0.8167984485626221,0.3100180029869079,0.2180439233779907,297.4100036621094,297.1499938964844,293.1499938964844,0.0,-0.0,286.0655212402344,0.750002384185791,0.2396488636732101,0.2288495302200317,297.3344116210937,297.1499938964844,293.1499938964844,0.0,-0.0,286.06707763671875,0.7172344923019409,0.2071003168821334,0.9409347772598268,286.0618591308594,284.95001220703125,298.14666748046875,288.601806640625,297.7823791503906,297.5311584472656,286.0508117675781,1.0,0.5026094317436218,0.5874178409576416,0.5874178409576416,1.0,1.0,-2.618513822555542,1.071540594100952,1.5469731092453003,0.481870025396347,0.914807915687561,0.914807915687561,0.0,123.6815948486328,139.0,31217.513671875,0.0,1572.4248046875,1.0,282.7995300292969,284.87957763671875,291.70489501953125,293.7779235839844,293.1499938964844,293.1499938964844,282.75,34361.2734375,36000.0,313.1499938964844,0.0,18000.0,1.0,0.0,0.0,0.0,1.0,0.7996019721031189,1.0,0.0,0.0,3.622826099395752,3.622849464416504,8.757663749747735e-07,4.265924453735352,4.265914440155029,9.78592834144365e-06,0.0,0.0,-0.0,5150.146484375,0.0,1490.975830078125,1895.4371337890625,0.0,2467.786376953125,0.89800626039505,1.0,0.0,3.0,1.0,0.0
12216960,297.6019897460937,297.1499938964844,293.1499938964844,0.0,-0.0,286.0049133300781,0.9990000128746032,0.6622983813285828,0.5194060802459717,297.5018920898437,297.1499938964844,293.1499938964844,0.0,-0.0,286.00543212890625,0.8005113005638123,0.2938331961631775,0.2798027098178863,297.3871765136719,297.1499938964844,293.1499938964844,0.0,-0.0,286.00537109375,0.8162056803703308,0.3112516701221466,0.2190920859575271,297.4081726074219,297.1499938964844,293.1499938964844,0.0,-0.0,286.0057067871094,0.7499585151672363,0.2411143183708191,0.2304344028234481,297.3329162597656,297.1499938964844,293.1499938964844,0.0,-0.0,286.0059509277344,0.7169546484947205,0.2081208676099777,0.9464736580848694,286.0051574707031,284.95001220703125,298.1746520996094,288.6077575683594,297.79052734375,297.5257873535156,286.0036926269531,1.0,0.5059080719947815,0.586426317691803,0.586426317691803,1.0,1.0,-2.635401964187622,1.0781216621398926,1.557280421257019,0.4847103059291839,0.9212202429771424,0.9212202429771424,0.0,125.39002990722656,142.0,31468.712890625,0.0,1603.57763671875,1.0,282.7579040527344,284.82147216796875,291.7178039550781,293.78466796875,293.1499938964844,293.1499938964844,282.45001220703125,34439.8515625,36000.0,313.1499938964844,0.0,18000.0,1.0,0.0,0.0,0.0,1.0,0.8115378022193909,1.0,0.0,0.0,3.651082992553711,3.651106595993042,8.894810434867395e-07,4.265924453735352,4.265914440155029,9.78592834144365e-06,0.0,0.0,-0.0,5400.52490234375,0.0,1522.6968994140625,1895.4371337890625,0.0,2577.362060546875,0.9044228196144104,1.0,0.0,3.0,1.0,0.0
12217020,297.5599060058594,297.1499938964844,293.1499938964844,0.0,-0.0,285.77520751953125,0.9990000128746032,0.6637890338897705,0.5287900567054749,297.4908752441406,297.1499938964844,293.1499938964844,0.0,-0.0,285.7758178710937,0.7990506887435913,0.2971853911876678,0.2833447158336639,297.3717956542969,297.1499938964844,293.1499938964844,0.0,-0.0,285.7757568359375,0.8131099939346313,0.312708705663681,0.2204169631004333,297.3966979980469,297.1499938964844,293.1499938964844,0.0,-0.0,285.776123046875,0.7481163740158081,0.2432323843240738,0.2327982783317566,297.321533203125,297.1499938964844,293.1499938964844,0.0,-0.0,285.7763977050781,0.7145291566848755,0.2092945128679275,0.9535648822784424,285.7755126953125,284.95001220703125,298.2297668457031,288.6195373535156,297.7973327636719,297.4997253417969,285.7737731933594,1.0,0.512130081653595,0.5844432711601257,0.5844432711601257,1.0,1.0,-2.6638941764831543,1.0888322591781616,1.575061917304993,0.4891064763069153,0.9303449988365172,0.9303449988365172,0.0,129.29832458496094,145.0,32451.1953125,0.0,1661.60546875,1.0,282.4579772949219,284.5574951171875,291.7250061035156,293.87896728515625,293.1499938964844,293.1499938964844,282.1499938964844,34687.9453125,36000.0,313.1499938964844,0.0,18000.0,1.0,0.0,0.0,0.0,1.0,0.8367957472801208,1.0,0.0,0.0,3.7006802558898926,3.700704574584961,9.138110499407048e-07,4.265924453735352,4.265914440155029,9.78592834144365e-06,0.0,0.0,-0.0,5488.51220703125,0.0,1580.3338623046875,1895.4371337890625,0.0,2811.79296875,0.9157137274742126,1.0,0.0,3.0,1.0,0.0
12217080,297.5599060058594,297.1499938964844,293.1499938964844,0.0,-0.0,285.77520751953125,0.9990000128746032,0.6637890338897705,0.5287900567054749,297.4908752441406,297.1499938964844,293.1499938964844,0.0,-0.0,285.7758178710937,0.7990506887435913,0.2971853911876678,0.2833447158336639,297.3717956542969,297.1499938964844,293.1499938964844,0.0,-0.0,285.7757568359375,0.8131099939346313,0.312708705663681,0.2204169631004333,297.3966979980469,297.1499938964844,293.1499938964844,0.0,-0.0,285.776123046875,0.7481163740158081,0.2432323843240738,0.2327982783317566,297.321533203125,297.1499938964844,293.1499938964844,0.0,-0.0,285.7763977050781,0.7145291566848755,0.2092945128679275,0.9535648822784424,285.7755126953125,284.95001220703125,298.2297668457031,288.6195373535156,297.7973327636719,297.4997253417969,285.7737731933594,1.0,0.512130081653595,0.5844432711601257,0.5844432711601257,1.0,1.0,-2.6638941764831543,1.0888322591781616,1.575061917304993,0.4891064763069153,0.9303449988365172,0.9303449988365172,0.0,129.29832458496094,145.0,32451.1953125,0.0,1661.60546875,1.0,282.4579772949219,284.5574951171875,291.7250061035156,293.87896728515625,293.1499938964844,293.1499938964844,282.1499938964844,34687.9453125,36000.0,313.1499938964844,0.0,18000.0,1.0,0.0,0.0,0.0,1.0,0.8367957472801208,1.0,0.0,0.0,3.7006802558898926,3.700704574584961,9.138110499407048e-07,4.265924453735352,4.265914440155029,9.78592834144365e-06,0.0,0.0,-0.0,5488.51220703125,0.0,1580.3338623046875,1895.4371337890625,0.0,2811.79296875,0.9157137274742126,1.0,0.0,3.0,1.0,0.0
12217140,297.501220703125,297.1499938964844,293.1499938964844,0.0,-0.0,285.5693664550781,0.9990000128746032,0.6630471348762512,0.5395293235778809,297.47412109375,297.1499938964844,293.1499938964844,0.0,-0.0,285.5698547363281,0.7961851358413696,0.2998097836971283,0.2860879302024841,297.35076904296875,297.1499938964844,293.1499938964844,0.0,-0.0,285.5697937011719,0.8085893392562866,0.3133928179740906,0.2210953533649444,297.3797302246094,297.1499938964844,293.1499938964844,0.0,-0.0,285.5700988769531,0.7449787259101868,0.2446431815624237,0.2344000339508056,297.3035583496094,297.1499938964844,293.1499938964844,0.0,-0.0,285.5703125,0.7104931473731995,0.2096523344516754,0.9565811157226562,285.5696105957031,284.95001220703125,298.28375244140625,288.6310729980469,297.796875,297.4623107910156,285.5682983398437,1.0,0.5177510380744934,0.5824601650238037,0.5824601650238037,1.0,1.0,-2.686464309692383,1.0968164205551147,1.589647889137268,0.4920777082443237,0.9368888139724731,0.9368888139724731,0.0,133.49261474609375,133.0,33555.12890625,0.0,1713.402587890625,1.0,282.15771484375,284.30499267578125,291.7071228027344,293.92803955078125,293.1499938964844,293.1499938964844,281.8500061035156,34953.5625,36000.0,313.1499938964844,0.0,18000.0,1.0,0.0,0.0,0.0,1.0,0.8549602627754211,1.0,0.0,0.0,3.7402305603027344,3.740255355834961,9.334478363598464e-07,4.265924453735352,4.265914440155029,9.78592834144365e-06,0.0,0.0,-0.0,5579.283203125,0.0,1627.867431640625,1895.4371337890625,0.0,2981.74951171875,0.9247751832008362,1.0,0.0,3.0,1.0,0.0
12217200,297.501220703125,297.1499938964844,293.1499938964844,0.0,-0.0,285.5693664550781,0.9990000128746032,0.6630471348762512,0.5395293235778809,297.47412109375,297.1499938964844,293.1499938964844,0.0,-0.0,285.5698547363281,0.7961851358413696,0.2998097836971283,0.2860879302024841,297.35076904296875,297.1499938964844,293.1499938964844,0.0,-0.0,285.5697937011719,0.8085893392562866,0.3133928179740906,0.2210953533649444,297.3797302246094,297.1499938964844,293.1499938964844,0.0,-0.0,285.5700988769531,0.7449787259101868,0.2446431815624237,0.2344000339508056,297.3035583496094,297.1499938964844,293.1499938964844,0.0,-0.0,285.5703125,0.7104931473731995,0.2096523344516754,0.9565811157226562,285.5696105957031,284.95001220703125,298.28375244140625,288.6310729980469,297.796875,297.4623107910156,285.5682983398437,1.0,0.5177510380744934,0.5824601650238037,0.5824601650238037,1.0,1.0,-2.686464309692383,1.0968164205551147,1.589647889137268,0.4920777082443237,0.9368888139724731,0.9368888139724731,0.0,133.49261474609375,133.0,33555.12890625,0.0,1713.402587890625,1.0,282.15771484375,284.30499267578125,291.7071228027344,293.92803955078125,293.1499938964844,293.1499938964844,281.8500061035156,34953.5625,36000.0,313.1499938964844,0.0,18000.0,1.0,0.0,0.0,0.0,1.0,0.8549602627754211,1.0,0.0,0.0,3.7402305603027344,3.740255355834961,9.334478363598464e-07,4.265924453735352,4.265914440155029,9.78592834144365e-06,0.0,0.0,-0.0,5579.283203125,0.0,1627.867431640625,1895.4371337890625,0.0,2981.74951171875,0.9247751832008362,1.0,0.0,3.0,1.0,0.0
12217260,297.4488525390625,297.1499938964844,293.1499938964844,0.0,-0.0,285.3597106933594,0.9990000128746032,0.6621641516685486,0.5385138988494873,297.4551086425781,297.1499938964844,293.1499938964844,0.0,-0.0,285.36041259765625,0.7987393140792847,0.3019899427890777,0.2882273495197296,297.328125,297.1499938964844,293.1499938964844,0.0,-0.0,285.3603515625,0.8093801736831665,0.3136414587497711,0.2213305234909057,297.3605041503906,297.1499938964844,293.1499938964844,0.0,-0.0,285.3607482910156,0.7464225888252258,0.2456057965755462,0.2353945523500442,297.28271484375,297.1499938964844,293.1499938964844,0.0,-0.0,285.3610534667969,0.7108820676803589,0.2094882130622863,0.9563154578208924,285.36004638671875,284.95001220703125,298.3365478515625,288.64239501953125,297.7967529296875,297.4267883300781,285.3578796386719,1.0,0.5174331665039062,0.5805798768997192,0.5805798768997192,1.0,1.0,-2.6889986991882324,1.0958184003829956,1.5931802988052368,0.4907917976379394,0.9406576156616212,0.9406576156616212,0.0,133.2697296142578,121.0,34497.91796875,0.0,1716.0804443359375,1.0,281.8573913574219,284.04833984375,291.6984558105469,293.9778747558594,293.1499938964844,293.1499938964844,281.54998779296875,35225.83203125,36000.0,313.1499938964844,0.0,18000.0,1.0,0.0,0.0,0.0,1.0,0.8690584301948547,1.0,0.0,0.0,3.7697486877441406,3.7697737216949454,9.48239630815806e-07,4.265924453735352,4.265914440155029,9.78592834144365e-06,0.0,0.0,-0.0,5665.31787109375,0.0,1664.5380859375,1895.4371337890625,0.0,3113.97802734375,0.9315873384475708,1.0,0.0,3.0,1.0,0.0
12217320,297.4488525390625,297.1499938964844,293.1499938964844,0.0,-0.0,285.3597106933594,0.9990000128746032,0.6621641516685486,0.5385138988494873,297.4551086425781,297.1499938964844,293.1499938964844,0.0,-0.0,285.36041259765625,0.7987393140792847,0.3019899427890777,0.2882273495197296,297.328125,297.1499938964844,293.1499938964844,0.0,-0.0,285.3603515625,0.8093801736831665,0.3136414587497711,0.2213305234909057,297.3605041503906,297.1499938964844,293.1499938964844,0.0,-0.0,285.3607482910156,0.7464225888252258,0.2456057965755462,0.2353945523500442,297.28271484375,297.1499938964844,293.1499938964844,0.0,-0.0,285.3610534667969,0.7108820676803589,0.2094882130622863,0.9563154578208924,285.36004638671875,284.95001220703125,298.3365478515625,288.64239501953125,297.7967529296875,297.4267883300781,285.3578796386719,1.0,0.5174331665039062,0.5805798768997192,0.5805798768997192,1.0,1.0,-2.6889986991882324,1.0958184003829956,1.5931802988052368,0.4907917976379394,0.9406576156616212,0.9406576156616212,0.0,133.2697296142578,121.0,34497.91796875,0.0,1716.0804443359375,1.0,281.8573913574219,284.04833984375,291.6984558105469,293.9778747558594,293.1499938964844,293.1499938964844,281.54998779296875,35225.83203125,36000.0,313.1499938964844,0.0,18000.0,1.0,0.0,0.0,0.0,1.0,0.8690584301948547,1.0,0.0,0.0,3.7697486877441406,3.7697737216949454,9.48239630815806e-07,4.265924453735352,4.265914440155029,9.78592834144365e-06,0.0,0.0,-0.0,5665.31787109375,0.0,1664.5380859375,1895.4371337890625,0.0,3113.97802734375,0.9315873384475708,1.0,0.0,3.0,1.0,0.0
12217380,297.42333984375,297.1499938964844,293.1499938964844,0.0,-0.0,285.141357421875,0.9990000128746032,0.663339376449585,0.5282212495803833,297.43524169921875,297.1499938964844,293.1499938964844,0.0,-0.0,285.14208984375,0.8056460618972778,0.3038434088230133,0.2899163663387298,297.3050537109375,297.1499938964844,293.1499938964844,0.0,-0.0,285.1420288085937,0.8143596053123474,0.3135610520839691,0.2212342023849487,297.3404846191406,297.1499938964844,293.1499938964844,0.0,-0.0,285.1424560546875,0.7515930533409119,0.2462450861930847,0.2359400540590286,297.261474609375,297.1499938964844,293.1499938964844,0.0,-0.0,285.1427917480469,0.7148606777191162,0.2090174406766891,0.9538894891738892,285.1417236328125,284.95001220703125,298.3881225585937,288.65350341796875,297.802490234375,297.40252685546875,285.13934326171875,1.0,0.5131428837776184,0.5786995887756348,0.5786995887756348,1.0,1.0,-2.67629623413086,1.0879801511764526,1.5883160829544067,0.4859071969985962,0.941436529159546,0.941436529159546,0.0,129.5724334716797,124.0,35295.203125,0.0,1680.70361328125,1.0,281.5572204589844,283.7873840332031,291.6952209472656,294.0233764648437,293.1499938964844,293.1499938964844,281.25,35506.21484375,36000.0,313.1499938964844,0.0,18000.0,1.0,0.0,0.0,0.0,1.0,0.8803184628486633,1.0,0.0,0.0,3.788857936859131,3.788883209228516,9.57877318796818e-07,4.265924453735352,4.265914440155029,9.78592834144365e-06,0.0,0.0,-0.0,5743.95361328125,0.0,1689.3765869140625,1895.4371337890625,0.0,3219.565185546875,0.936065435409546,1.0,0.0,3.0,1.0,0.0
12217440,297.42333984375,297.1499938964844,293.1499938964844,0.0,-0.0,285.141357421875,0.9990000128746032,0.663339376449585,0.5282212495803833,297.43524169921875,297.1499938964844,293.1499938964844,0.0,-0.0,285.14208984375,0.8056460618972778,0.3038434088230133,0.2899163663387298,297.3050537109375,297.1499938964844,293.1499938964844,0.0,-0.0,285.1420288085937,0.8143596053123474,0.3135610520839691,0.2212342023849487,297.3404846191406,297.1499938964844,293.1499938964844,0.0,-0.0,285.1424560546875,0.7515930533409119,0.2462450861930847,0.2359400540590286,297.261474609375,297.1499938964844,293.1499938964844,0.0,-0.0,285.1427917480469,0.7148606777191162,0.2090174406766891,0.9538894891738892,285.1417236328125,284.95001220703125,298.3881225585937,288.65350341796875,297.802490234375,297.40252685546875,285.13934326171875,1.0,0.5131428837776184,0.5786995887756348,0.5786995887756348,1.0,1.0,-2.67629623413086,1.0879801511764526,1.5883160829544067,0.4859071969985962,0.941436529159546,0.941436529159546,0.0,129.5724334716797,124.0,35295.203125,0.0,1680.70361328125,1.0,281.5572204589844,283.7873840332031,291.6952209472656,294.0233764648437,293.1499938964844,293.1499938964844,281.25,35506.21484375,36000.0,313.1499938964844,0.0,18000.0,1.0,0.0,0.0,0.0,1.0,0.8803184628486633,1.0,0.0,0.0,3.788857936859131,3.788883209228516,9.57877318796818e-07,4.265924453735352,4.265914440155029,9.78592834144365e-06,0.0,0.0,-0.0,5743.95361328125,0.0,1689.3765869140625,1895.4371337890625,0.0,3219.565185546875,0.936065435409546,1.0,0.0,3.0,1.0,0.0
12217500,297.4179382324219,297.1499938964844,293.1499938964844,0.0,-0.0,284.9881286621094,0.9990000128746032,0.6645451784133911,0.5249627232551575,297.4256896972656,297.1499938964844,293.1499938964844,0.0,-0.0,284.9913330078125,0.8080943822860718,0.3047128915786743,0.2907288074493408,297.2940368652344,297.1499938964844,293.1499938964844,0.0,-0.0,284.9911193847656,0.8158881664276123,0.3134631812572479,0.2211650162935257,297.3308410644531,297.1499938964844,293.1499938964844,0.0,-0.0,284.9930114746094,0.7533366084098816,0.246505007147789,0.2361754775047302,297.25146484375,297.1499938964844,293.1499938964844,0.0,-0.0,284.99462890625,0.7159774303436279,0.2087413519620895,0.9525643587112428,284.98974609375,284.95001220703125,298.4134521484375,288.6590270996094,297.8079528808594,297.395263671875,284.9794616699219,1.0,0.5120553970336914,0.5777593851089478,0.5777593851089478,1.0,1.0,-2.671952724456787,1.084986448287964,1.5869662761688232,0.483731746673584,0.9402318596839904,0.9402318596839904,0.0,128.39549255371094,124.0,36182.47265625,0.0,1669.0863037109375,1.0,281.297607421875,283.59478759765625,291.72344970703125,294.1510009765625,293.1499938964844,293.1499938964844,281.25,35654.80859375,36000.0,313.1499938964844,0.0,18000.0,1.0,0.0,0.0,0.0,1.0,0.8878679275512695,1.0,0.0,0.0,3.794715881347656,3.79474139213562,9.608417030904093e-07,4.265924453735352,4.265914440155029,9.78592834144365e-06,0.0,0.0,-0.0,5561.93505859375,0.0,1697.52587890625,1895.4371337890625,0.0,3290.262939453125,0.9374499917030334,1.0,0.0,3.0,1.0,0.0
12217560,297.4101257324219,297.1499938964844,293.1499938964844,0.0,-0.0,284.9351501464844,0.9990000128746032,0.6654728651046753,0.5234451293945312,297.4161376953125,297.1499938964844,293.1499938964844,0.0,-0.0,284.9356994628906,0.8095577359199524,0.3055213987827301,0.2914717495441437,297.28302001953125,297.1499938964844,293.1499938964844,0.0,-0.0,284.9356689453125,0.8164843320846558,0.3132943511009216,0.2210333198308944,297.3211975097656,297.1499938964844,293.1499938964844,0.0,-0.0,284.9360046386719,0.7542239427566528,0.2467053085565567,0.2363507598638534,297.2416381835937,297.1499938964844,293.1499938964844,0.0,-0.0,284.9363098144531,0.7162771224975586,0.2084171175956726,0.951039969921112,284.9354553222656,284.95001220703125,298.4384155273437,288.6644897460937,297.8123779296875,297.3861389160156,284.93365478515625,1.0,0.511382520198822,0.577225923538208,0.577225923538208,1.0,1.0,-2.669239997863769,1.0831388235092163,1.5861011743545532,0.4824486970901489,0.9395406246185304,0.9395406246185304,0.0,127.82672882080078,127.0,36261.09765625,0.0,1662.6021728515625,1.0,281.2571716308594,283.5422058105469,291.7005615234375,294.0824584960937,293.1499938964844,293.1499938964844,280.95001220703125,35779.16015625,36000.0,313.1499938964844,0.0,18000.0,1.0,0.0,0.0,0.0,1.0,0.8903224468231201,1.0,0.0,0.0,3.79778790473938,3.797813415527344,9.623980758988182e-07,4.265924453735352,4.265914440155029,9.78592834144365e-06,0.0,0.0,-0.0,5838.015625,0.0,1702.1705322265625,1895.4371337890625,0.0,3313.222900390625,0.9382502436637878,1.0,0.0,3.0,1.0,0.0
12217620,297.3866577148437,297.1499938964844,293.1499938964844,0.0,-0.0,284.7357482910156,0.9990000128746032,0.6664049625396729,0.5232457518577576,297.3980407714844,297.1499938964844,293.1499938964844,0.0,-0.0,284.7362365722656,0.8110062479972839,0.3070581555366516,0.2929505705833435,297.2620544433594,297.1499938964844,293.1499938964844,0.0,-0.0,284.7362060546875,0.8162598013877869,0.3128554224967956,0.2207577377557754,297.3028869628906,297.1499938964844,293.1499938964844,0.0,-0.0,284.7364807128906,0.754656195640564,0.2470179200172424,0.2366786301136016,297.2230834960937,297.1499938964844,293.1499938964844,0.0,-0.0,284.7367553710937,0.7156108617782593,0.2076973468065261,0.9479512572288512,284.7359924316406,284.95001220703125,298.48736572265625,288.67529296875,297.8182373046875,297.3635559082031,284.7344970703125,1.0,0.5111011266708374,0.5761589407920837,0.5761589407920837,1.0,1.0,-2.6671254634857178,1.0809814929962158,1.586143970489502,0.4806928634643554,0.9350368976593018,0.9350368976593018,0.0,127.68733978271484,130.0,37246.32421875,0.0,1658.9417724609375,1.0,280.95709228515625,283.3043518066406,291.7119140625,294.1523132324219,293.1499938964844,293.1499938964844,280.6499938964844,36048.046875,36000.0,313.1499938964844,0.0,18000.0,1.0,0.0,0.0,0.0,1.0,0.9005377888679504,1.0,0.0,0.0,3.796769857406616,3.79679536819458,9.618820513423998e-07,4.265924453735352,4.265914440155029,9.78592834144365e-06,0.0,0.0,-0.0,5937.52734375,0.0,1703.0438232421875,1895.4371337890625,0.0,3408.5966796875,0.9381942749023438,1.0,0.0,3.0,1.0,0.0
12217680,297.3866577148437,297.1499938964844,293.1499938964844,0.0,-0.0,284.7357482910156,0.9990000128746032,0.6664049625396729,0.5232457518577576,297.3980407714844,297.1499938964844,293.1499938964844,0.0,-0.0,284.7362365722656,0.8110062479972839,0.3070581555366516,0.2929505705833435,297.2620544433594,297.1499938964844,293.1499938964844,0.0,-0.0,284.7362060546875,0.8162598013877869,0.3128554224967956,0.2207577377557754,297.3028869628906,297.1499938964844,293.1499938964844,0.0,-0.0,284.7364807128906,0.754656195640564,0.2470179200172424,0.2366786301136016,297.2230834960937,297.1499938964844,293.1499938964844,0.0,-0.0,284.7367553710937,0.7156108617782593,0.2076973468065261,0.9479512572288512,284.7359924316406,284.95001220703125,298.48736572265625,288.67529296875,297.8182373046875,297.3635559082031,284.7344970703125,1.0,0.5111011266708374,0.5761589407920837,0.5761589407920837,1.0,1.0,-2.6671254634857178,1.0809814929962158,1.586143970489502,0.4806928634643554,0.9350368976593018,0.9350368976593018,0.0,127.68733978271484,130.0,37246.32421875,0.0,1658.9417724609375,1.0,280.95709228515625,283.3043518066406,291.7119140625,294.1523132324219,293.1499938964844,293.1499938964844,280.6499938964844,36048.046875,36000.0,313.1499938964844,0.0,18000.0,1.0,0.0,0.0,0.0,1.0,0.9005377888679504,1.0,0.0,0.0,3.796769857406616,3.79679536819458,9.618820513423998e-07,4.265924453735352,4.265914440155029,9.78592834144365e-06,0.0,0.0,-0.0,5937.52734375,0.0,1703.0438232421875,1895.4371337890625,0.0,3408.5966796875,0.9381942749023438,1.0,0.0,3.0,1.0,0.0
12217740,297.3521423339844,297.1499938964844,293.1499938964844,0.0,-0.0,284.5415954589844,0.9990000128746032,0.6659176349639893,0.526039183139801,297.380859375,297.1499938964844,293.1499938964844,0.0,-0.0,284.5419921875,0.8108447194099426,0.3084576725959778,0.2943352162837982,297.2420959472656,297.1499938964844,293.1499938964844,0.0,-0.0,284.5419921875,0.8144445419311523,0.3122525215148926,0.2203920781612396,297.2854919433594,297.1499938964844,293.1499938964844,0.0,-0.0,284.542236328125,0.7535924911499023,0.2471899837255478,0.2369084358215332,297.2055358886719,297.1499938964844,293.1499938964844,0.0,-0.0,284.5424499511719,0.7134987711906433,0.2068465501070022,0.9444564580917358,284.54180908203125,284.95001220703125,298.5349426269531,288.6859436035156,297.819580078125,297.3343200683594,284.5405578613281,1.0,0.5118346810340881,0.5750919580459595,0.5750919580459595,1.0,1.0,-2.667781114578247,1.080055594444275,1.5877255201339722,0.4795644879341125,0.9279791116714478,0.9279791116714478,0.0,128.5763702392578,133.0,38229.375,0.0,1663.9315185546875,1.0,280.6571350097656,283.07293701171875,291.7235412597656,294.2239074707031,293.1499938964844,293.1499938964844,280.3500061035156,36320.25390625,36000.0,313.1499938964844,0.0,18000.0,1.0,0.0,0.0,0.0,1.0,0.910961091518402,1.0,0.0,0.0,3.78568172454834,3.7857069969177246,9.56272060648189e-07,4.265924453735352,4.265914440155029,9.78592834144365e-06,0.0,0.0,-0.0,6039.40185546875,0.0,1691.910400390625,1895.4371337890625,0.0,3505.520751953125,0.935878038406372,1.0,0.0,3.0,1.0,0.0
12217800,297.3521423339844,297.1499938964844,293.1499938964844,0.0,-0.0,284.5415954589844,0.9990000128746032,0.6659176349639893,0.526039183139801,297.380859375,297.1499938964844,293.1499938964844,0.0,-0.0,284.5419921875,0.8108447194099426,0.3084576725959778,0.2943352162837982,297.2420959472656,297.1499938964844,293.1499938964844,0.0,-0.0,284.5419921875,0.8144445419311523,0.3122525215148926,0.2203920781612396,297.2854919433594,297.1499938964844,293.1499938964844,0.0,-0.0,284.542236328125,0.7535924911499023,0.2471899837255478,0.2369084358215332,297.2055358886719,297.1499938964844,293.1499938964844,0.0,-0.0,284.5424499511719,0.7134987711906433,0.2068465501070022,0.9444564580917358,284.54180908203125,284.95001220703125,298.5349426269531,288.6859436035156,297.819580078125,297.3343200683594,284.5405578613281,1.0,0.5118346810340881,0.5750919580459595,0.5750919580459595,1.0,1.0,-2.667781114578247,1.080055594444275,1.5877255201339722,0.4795644879341125,0.9279791116714478,0.9279791116714478,0.0,128.5763702392578,133.0,38229.375,0.0,1663.9315185546875,1.0,280.6571350097656,283.07293701171875,291.7235412597656,294.2239074707031,293.1499938964844,293.1499938964844,280.3500061035156,36320.25390625,36000.0,313.1499938964844,0.0,18000.0,1.0,0.0,0.0,0.0,1.0,0.910961091518402,1.0,0.0,0.0,3.78568172454834,3.7857069969177246,9.56272060648189e-07,4.265924453735352,4.265914440155029,9.78592834144365e-06,0.0,0.0,-0.0,6039.40185546875,0.0,1691.910400390625,1895.4371337890625,0.0,3505.520751953125,0.935878038406372,1.0,0.0,3.0,1.0,0.0
12217860,297.3080749511719,297.1499938964844,293.1499938964844,0.0,-0.0,284.3531799316406,0.9990000128746032,0.6640260219573975,0.5309227705001831,297.3645324707031,297.1499938964844,293.1499938964844,0.0,-0.0,284.3534851074219,0.809546172618866,0.3097294867038727,0.2956228256225586,297.22320556640625,297.1499938964844,293.1499938964844,0.0,-0.0,284.3534851074219,0.8114811778068542,0.3115043342113495,0.2199411541223526,297.2689819335937,297.1499938964844,293.1499938964844,0.0,-0.0,284.35369873046875,0.7514835000038147,0.2472327351570129,0.2370393127202987,297.18896484375,297.1499938964844,293.1499938964844,0.0,-0.0,284.3538818359375,0.7102839350700378,0.2058702558279037,0.9405112266540528,284.35333251953125,284.95001220703125,298.5810546875,288.6965026855469,297.8174133300781,297.30035400390625,284.3523864746094,1.0,0.5132367014884949,0.5739388465881348,0.5739388465881348,1.0,1.0,-2.670070171356201,1.0797533988952637,1.5903167724609375,0.4787045419216156,0.91844642162323,0.91844642162323,0.0,130.18429565429688,136.0,39204.12109375,0.0,1674.5450439453125,1.0,280.35723876953125,282.8483581542969,291.7339172363281,294.29425048828125,293.1499938964844,293.1499938964844,280.04998779296875,36603.046875,36000.0,313.1499938964844,0.0,18000.0,1.0,0.0,0.0,0.0,1.0,0.9213125705718994,1.0,0.0,0.0,3.7641282081604,3.764153480529785,9.454141149944916e-07,4.265924453735352,4.265914440155029,9.78592834144365e-06,0.0,0.0,-0.0,6142.697265625,0.0,1668.5404052734375,1895.4371337890625,0.0,3601.2666015625,0.9312231540679932,1.0,0.0,3.0,1.0,0.0
12217920,297.3080749511719,297.1499938964844,293.1499938964844,0.0,-0.0,284.3531799316406,0.9990000128746032,0.6640260219573975,0.5309227705001831,297.3645324707031,297.1499938964844,293.1499938964844,0.0,-0.0,284.3534851074219,0.809546172618866,0.3097294867038727,0.2956228256225586,297.22320556640625,297.1499938964844,293.1499938964844,0.0,-0.0,284.3534851074219,0.8114811778068542,0.3115043342113495,0.2199411541223526,297.2689819335937,297.1499938964844,293.1499938964844,0.0,-0.0,284.35369873046875,0.7514835000038147,0.2472327351570129,0.2370393127202987,297.18896484375,297.1499938964844,293.1499938964844,0.0,-0.0,284.3538818359375,0.7102839350700378,0.2058702558279037,0.9405112266540528,284.35333251953125,284.95001220703125,298.5810546875,288.6965026855469,297.8174133300781,297.30035400390625,284.3523864746094,1.0,0.5132367014884949,0.5739388465881348,0.5739388465881348,1.0,1.0,-2.670070171356201,1.0797533988952637,1.5903167724609375,0.4787045419216156,0.91844642162323,0.91844642162323,0.0,130.18429565429688,136.0,39204.12109375,0.0,1674.5450439453125,1.0,280.35723876953125,282.8483581542969,291.7339172363281,294.29425048828125,293.1499938964844,293.1499938964844,280.04998779296875,36603.046875,36000.0,313.1499938964844,0.0,18000.0,1.0,0.0,0.0,0.0,1.0,0.9213125705718994,1.0,0.0,0.0,3.7641282081604,3.764153480529785,9.454141149944916e-07,4.265924453735352,4.265914440155029,9.78592834144365e-06,0.0,0.0,-0.0,6142.697265625,0.0,1668.5404052734375,1895.4371337890625,0.0,3601.2666015625,0.9312231540679932,1.0,0.0,3.0,1.0,0.0
12217980,297.2557373046875,297.1499938964844,293.1499938964844,0.0,-0.0,284.1720275878906,0.9990000128746032,0.6607351303100586,0.5372227430343628,297.34918212890625,297.1499938964844,293.1499938964844,0.0,-0.0,284.1722717285156,0.8074582815170288,0.3108909428119659,0.2968199551105499,297.2054748535156,297.1499938964844,293.1499938964844,0.0,-0.0,284.1722717285156,0.8076856136322021,0.3106337487697601,0.2194142192602157,297.25341796875,297.1499938964844,293.1499938964844,0.0,-0.0,284.17242431640625,0.7486881017684937,0.2471632361412048,0.2370780110359192,297.1734313964844,297.1499938964844,293.1499938964844,0.0,-0.0,284.172607421875,0.7062236666679382,0.2047900110483169,0.9361572265625,284.17218017578125,284.95001220703125,298.62567138671875,288.7069702148437,297.8138427734375,297.26513671875,284.1715393066406,1.0,0.5150679349899292,0.5727856755256653,0.5727856755256653,1.0,1.0,-2.673259973526001,1.079838514328003,1.5934213399887085,0.4780358374118805,0.9065468311309814,0.9065468311309814,0.0,132.28878784179688,124.0,40190.69140625,0.0,1688.74072265625,1.0,280.0574645996094,282.633056640625,291.7435607910156,294.364013671875,293.1499938964844,293.1499938964844,279.75,36902.93359375,36000.0,313.1499938964844,0.0,18000.0,1.0,0.0,0.0,0.0,1.0,0.931427240371704,1.0,0.0,0.0,3.731450319290161,3.731475353240967,9.290704383602132e-07,4.265924453735352,4.265914440155029,9.78592834144365e-06,0.0,0.0,-0.0,6248.98095703125,0.0,1632.5948486328125,1895.4371337890625,0.0,3694.21630859375,0.9240950345993042,1.0,0.0,3.0,1.0,0.0
12218040,297.2557373046875,297.1499938964844,293.1499938964844,0.0,-0.0,284.1720275878906,0.9990000128746032,0.6607351303100586,0.5372227430343628,297.34918212890625,297.1499938964844,293.1499938964844,0.0,-0.0,284.1722717285156,0.8074582815170288,0.3108909428119659,0.2968199551105499,297.2054748535156,297.1499938964844,293.1499938964844,0.0,-0.0,284.1722717285156,0.8076856136322021,0.3106337487697601,0.2194142192602157,297.25341796875,297.1499938964844,293.1499938964844,0.0,-0.0,284.17242431640625,0.7486881017684937,0.2471632361412048,0.2370780110359192,297.1734313964844,297.1499938964844,293.1499938964844,0.0,-0.0,284.172607421875,0.7062236666679382,0.2047900110483169,0.9361572265625,284.17218017578125,284.95001220703125,298.62567138671875,288.7069702148437,297.8138427734375,297.26513671875,284.1715393066406,1.0,0.5150679349899292,0.5727856755256653,0.5727856755256653,1.0,1.0,-2.673259973526001,1.079838514328003,1.5934213399887085,0.4780358374118805,0.9065468311309814,0.9065468311309814,0.0,132.28878784179688,124.0,40190.69140625,0.0,1688.74072265625,1.0,280.0574645996094,282.633056640625,291.7435607910156,294.364013671875,293.1499938964844,293.1499938964844,279.75,36902.93359375,36000.0,313.1499938964844,0.0,18000.0,1.0,0.0,0.0,0.0,1.0,0.931427240371704,1.0,0.0,0.0,3.731450319290161,3.731475353240967,9.290704383602132e-07,4.265924453735352,4.265914440155029,9.78592834144365e-06,0.0,0.0,-0.0,6248.98095703125,0.0,1632.5948486328125,1895.4371337890625,0.0,3694.21630859375,0.9240950345993042,1.0,0.0,3.0,1.0,0.0
12218100,297.2293395996094,297.1499938964844,293.1499938964844,0.0,-0.0,284.0335693359375,0.9990000128746032,0.658814013004303,0.5361568927764893,297.3418884277344,297.1499938964844,293.1499938964844,0.0,-0.0,284.0364990234375,0.8084834218025208,0.3114385902881622,0.2973570525646209,297.19708251953125,297.1499938964844,293.1499938964844,0.0,-0.0,284.0364990234375,0.8078434467315674,0.3101645112037658,0.2191066294908523,297.2460021972656,297.1499938964844,293.1499938964844,0.0,-0.0,284.0381774902344,0.7491132616996765,0.2470923066139221,0.2370286732912063,297.1662292480469,297.1499938964844,293.1499938964844,0.0,-0.0,284.0399169921875,0.7060584425926208,0.2042306065559387,0.9336783289909364,284.03515625,284.95001220703125,298.6473999023437,288.712158203125,297.8131103515625,297.2499084472656,284.02557373046875,1.0,0.5139172673225403,0.5722091197967529,0.5722091197967529,1.0,1.0,-2.669232130050659,1.0773394107818604,1.5918926000595093,0.4766022562980652,0.8991363048553467,0.8991363048553467,0.0,131.8157958984375,124.0,41105.1484375,0.0,1680.7613525390625,1.0,279.7993469238281,282.46405029296875,291.77374267578125,294.5009460449219,293.1499938964844,293.1499938964844,279.75,37076.03515625,36000.0,313.1499938964844,0.0,18000.0,1.0,0.0,0.0,0.0,1.0,0.9388256669044496,1.0,0.0,0.0,3.710843563079834,3.710868358612061,9.188371450363776e-07,4.265924453735352,4.265914440155029,9.78592834144365e-06,0.0,0.0,-0.0,6054.736328125,0.0,1610.1044921875,1895.4371337890625,0.0,3761.76123046875,0.919558882713318,1.0,0.0,3.0,1.0,0.0
12218160,297.2088317871094,297.1499938964844,293.1499938964844,0.0,-0.0,283.9876708984375,0.9990000128746032,0.6572972536087036,0.5324459671974182,297.3345031738281,297.1499938964844,293.1499938964844,0.0,-0.0,283.988037109375,0.8107107877731323,0.3119265437126159,0.2977696657180786,297.1885986328125,297.1499938964844,293.1499938964844,0.0,-0.0,283.988037109375,0.8092098832130432,0.3096266686916351,0.2186974436044693,297.2385559082031,297.1499938964844,293.1499938964844,0.0,-0.0,283.9882507324219,0.7506167888641357,0.2469669133424759,0.2368668466806411,297.1591491699219,297.1499938964844,293.1499938964844,0.0,-0.0,283.9884948730469,0.7070140242576599,0.2036371529102325,0.930790364742279,283.9878845214844,284.95001220703125,298.6687316894531,288.71734619140625,297.81396484375,297.2378234863281,283.98663330078125,1.0,0.5117956399917603,0.5716102123260498,0.5716102123260498,1.0,1.0,-2.661118030548096,1.0730050802230835,1.5881128311157229,0.4741347432136535,0.8922001123428345,0.8922001123428345,0.0,130.3587188720703,127.0,41091.62890625,0.0,1662.4769287109375,1.0,279.7576599121094,282.4235534667969,291.7535095214844,294.4336853027344,293.1499938964844,293.1499938964844,280.04998779296875,37235.578125,36000.0,313.1499938964844,0.0,18000.0,1.0,0.0,0.0,0.0,1.0,0.9414302706718444,1.0,0.0,0.0,3.686518430709839,3.6865429878234863,9.068304507309222e-07,4.265924453735352,4.265914440155029,9.78592834144365e-06,0.0,0.0,-0.0,5639.6796875,0.0,1583.51513671875,1895.4371337890625,0.0,3785.44189453125,0.9142618179321288,1.0,0.0,3.0,1.0,0.0
12218220,297.2098083496094,297.1499938964844,293.1499938964844,0.0,-0.0,284.1822509765625,0.9990000128746032,0.658094584941864,0.5296277403831482,297.3323974609375,297.1499938964844,293.1499938964844,0.0,-0.0,284.1815490722656,0.8135086297988892,0.314031183719635,0.2993544638156891,297.1862487792969,297.1499938964844,293.1499938964844,0.0,-0.0,284.1815185546875,0.8104142546653748,0.3098571896553039,0.218523621559143,297.2342834472656,297.1499938964844,293.1499938964844,0.0,-0.0,284.1811218261719,0.7522045373916626,0.2476401031017303,0.237166553735733,297.15447998046875,297.1499938964844,293.1499938964844,0.0,-0.0,284.1806640625,0.7075037956237793,0.2032666653394699,0.9276917576789856,284.1818542480469,284.95001220703125,298.710205078125,288.7276916503906,297.82818603515625,297.2349548339844,284.18438720703125,1.0,0.5107311010360718,0.5704124569892883,0.5704124569892883,1.0,1.0,-2.6560447216033936,1.0693621635437012,1.5866825580596924,0.4713606536388397,0.8834711909294128,0.8834711909294128,0.0,129.28216552734375,130.0,39865.51953125,0.0,1650.3641357421875,1.0,280.0422668457031,282.654541015625,291.668701171875,294.20526123046875,293.1499938964844,293.1499938964844,280.3500061035156,37186.12109375,36000.0,313.1499938964844,0.0,18000.0,1.0,0.0,0.0,0.0,1.0,0.9252374172210692,1.0,0.0,0.0,3.641380786895752,3.641404867172241,8.84759970176674e-07,4.265924453735352,4.265914440155029,9.78592834144365e-06,0.0,0.0,-0.0,5493.158203125,0.0,1532.4541015625,1895.4371337890625,0.0,3637.411376953125,0.9041860103607178,1.0,0.0,3.0,1.0,0.0
12218280,297.2098083496094,297.1499938964844,293.1499938964844,0.0,-0.0,284.1822509765625,0.9990000128746032,0.658094584941864,0.5296277403831482,297.3323974609375,297.1499938964844,293.1499938964844,0.0,-0.0,284.1815490722656,0.8135086297988892,0.314031183719635,0.2993544638156891,297.1862487792969,297.1499938964844,293.1499938964844,0.0,-0.0,284.1815185546875,0.8104142546653748,0.3098571896553039,0.218523621559143,297.2342834472656,297.1499938964844,293.1499938964844,0.0,-0.0,284.1811218261719,0.7522045373916626,0.2476401031017303,0.237166553735733,297.15447998046875,297.1499938964844,293.1499938964844,0.0,-0.0,284.1806640625,0.7075037956237793,0.2032666653394699,0.9276917576789856,284.1818542480469,284.95001220703125,298.710205078125,288.7276916503906,297.82818603515625,297.2349548339844,284.18438720703125,1.0,0.5107311010360718,0.5704124569892883,0.5704124569892883,1.0,1.0,-2.6560447216033936,1.0693621635437012,1.5866825580596924,0.4713606536388397,0.8834711909294128,0.8834711909294128,0.0,129.28216552734375,130.0,39865.51953125,0.0,1650.3641357421875,1.0,280.0422668457031,282.654541015625,291.668701171875,294.20526123046875,293.1499938964844,293.1499938964844,280.3500061035156,37186.12109375,36000.0,313.1499938964844,0.0,18000.0,1.0,0.0,0.0,0.0,1.0,0.9252374172210692,1.0,0.0,0.0,3.641380786895752,3.641404867172241,8.84759970176674e-07,4.265924453735352,4.265914440155029,9.78592834144365e-06,0.0,0.0,-0.0,5493.158203125,0.0,1532.4541015625,1895.4371337890625,0.0,3637.411376953125,0.9041860103607178,1.0,0.0,3.0,1.0,0.0
12218340,297.2386169433594,297.1499938964844,293.1499938964844,0.0,-0.0,284.3992004394531,0.9990000128746032,0.6617525219917297,0.5278934240341187,297.34130859375,297.1499938964844,293.1499938964844,0.0,-0.0,284.3984375,0.816767692565918,0.3172380924224853,0.3021349012851715,297.1962890625,297.1499938964844,293.1499938964844,0.0,-0.0,284.3984069824219,0.8122832775115967,0.3113248348236084,0.219352051615715,297.23980712890625,297.1499938964844,293.1499938964844,0.0,-0.0,284.3979797363281,0.7543505430221558,0.2492608428001403,0.2384828478097915,297.1590881347656,297.1499938964844,293.1499938964844,0.0,-0.0,284.3974609375,0.7086783647537231,0.2037841975688934,0.9290408492088318,284.3987731933594,284.95001220703125,298.75,288.7380065917969,297.8517761230469,297.2486267089844,284.4015197753906,1.0,0.5112788677215576,0.5692146420478821,0.5692146420478821,1.0,1.0,-2.661492109298706,1.0703853368759155,1.591106653213501,0.4710314571857452,0.8778591156005859,0.8778591156005859,0.0,128.92210388183594,133.0,38864.06640625,0.0,1656.5234375,1.0,280.3415222167969,282.9142150878906,291.6644897460937,294.1154479980469,293.1499938964844,293.1499938964844,280.6499938964844,36993.19140625,36000.0,313.1499938964844,0.0,18000.0,1.0,0.0,0.0,0.0,1.0,0.9069342613220216,1.0,0.0,0.0,3.60347056388855,3.60349440574646,8.664335950925306e-07,4.265924453735352,4.265914440155029,9.78592834144365e-06,0.0,0.0,-0.0,5404.34130859375,0.0,1489.3524169921875,1895.4371337890625,0.0,3468.130615234375,0.8956086039543152,1.0,0.0,3.0,1.0,0.0
12218400,297.2386169433594,297.1499938964844,293.1499938964844,0.0,-0.0,284.3992004394531,0.9990000128746032,0.6617525219917297,0.5278934240341187,297.34130859375,297.1499938964844,293.1499938964844,0.0,-0.0,284.3984375,0.816767692565918,0.3172380924224853,0.3021349012851715,297.1962890625,297.1499938964844,293.1499938964844,0.0,-0.0,284.3984069824219,0.8122832775115967,0.3113248348236084,0.219352051615715,297.23980712890625,297.1499938964844,293.1499938964844,0.0,-0.0,284.3979797363281,0.7543505430221558,0.2492608428001403,0.2384828478097915,297.1590881347656,297.1499938964844,293.1499938964844,0.0,-0.0,284.3974609375,0.7086783647537231,0.2037841975688934,0.9290408492088318,284.3987731933594,284.95001220703125,298.75,288.7380065917969,297.8517761230469,297.2486267089844,284.4015197753906,1.0,0.5112788677215576,0.5692146420478821,0.5692146420478821,1.0,1.0,-2.661492109298706,1.0703853368759155,1.591106653213501,0.4710314571857452,0.8778591156005859,0.8778591156005859,0.0,128.92210388183594,133.0,38864.06640625,0.0,1656.5234375,1.0,280.3415222167969,282.9142150878906,291.6644897460937,294.1154479980469,293.1499938964844,293.1499938964844,280.6499938964844,36993.19140625,36000.0,313.1499938964844,0.0,18000.0,1.0,0.0,0.0,0.0,1.0,0.9069342613220216,1.0,0.0,0.0,3.60347056388855,3.60349440574646,8.664335950925306e-07,4.265924453735352,4.265914440155029,9.78592834144365e-06,0.0,0.0,-0.0,5404.34130859375,0.0,1489.3524169921875,1895.4371337890625,0.0,3468.130615234375,0.8956086039543152,1.0,0.0,3.0,1.0,0.0
12218460,297.2769470214844,297.1499938964844,293.1499938964844,0.0,-0.0,284.6164855957031,0.9990000128746032,0.6667520999908447,0.5274733304977417,297.3549499511719,297.1499938964844,293.1499938964844,0.0,-0.0,284.6157531738281,0.8199018836021423,0.3210383951663971,0.3055859506130218,297.2111511230469,297.1499938964844,293.1499938964844,0.0,-0.0,284.61572265625,0.8141083717346191,0.3134119212627411,0.2207084447145462,297.24981689453125,297.1499938964844,293.1499938964844,0.0,-0.0,284.61529541015625,0.756507158279419,0.2514088749885559,0.2403947710990905,297.1681823730469,297.1499938964844,293.1499938964844,0.0,-0.0,284.6147766113281,0.7099536657333374,0.2048147469758987,0.9331342577934264,284.6160888671875,284.95001220703125,298.78521728515625,288.7455139160156,297.8788757324219,297.27081298828125,284.6188659667969,1.0,0.5131440758705139,0.5681734681129456,0.5681734681129456,1.0,1.0,-2.6739747524261475,1.0747053623199463,1.5992695093154907,0.4724596440792084,0.8751453757286072,0.8751453757286072,0.0,129.22267150878906,136.0,37935.54296875,0.0,1675.82958984375,1.0,280.6412353515625,283.17242431640625,291.68511962890625,294.0742492675781,293.1499938964844,293.1499938964844,280.95001220703125,36724.4453125,36000.0,313.1499938964844,0.0,18000.0,1.0,0.0,0.0,0.0,1.0,0.8919159173965454,1.0,0.0,0.0,3.575500249862671,3.575523614883423,8.530351465196873e-07,4.265924453735352,4.265914440155029,9.78592834144365e-06,0.0,0.0,-0.0,5329.7783203125,0.0,1457.1624755859375,1895.4371337890625,0.0,3328.12060546875,0.889190137386322,1.0,0.0,3.0,1.0,0.0
12218520,297.2769470214844,297.1499938964844,293.1499938964844,0.0,-0.0,284.6164855957031,0.9990000128746032,0.6667520999908447,0.5274733304977417,297.3549499511719,297.1499938964844,293.1499938964844,0.0,-0.0,284.6157531738281,0.8199018836021423,0.3210383951663971,0.3055859506130218,297.2111511230469,297.1499938964844,293.1499938964844,0.0,-0.0,284.61572265625,0.8141083717346191,0.3134119212627411,0.2207084447145462,297.24981689453125,297.1499938964844,293.1499938964844,0.0,-0.0,284.61529541015625,0.756507158279419,0.2514088749885559,0.2403947710990905,297.1681823730469,297.1499938964844,293.1499938964844,0.0,-0.0,284.6147766113281,0.7099536657333374,0.2048147469758987,0.9331342577934264,284.6160888671875,284.95001220703125,298.78521728515625,288.7455139160156,297.8788757324219,297.27081298828125,284.6188659667969,1.0,0.5131440758705139,0.5681734681129456,0.5681734681129456,1.0,1.0,-2.6739747524261475,1.0747053623199463,1.5992695093154907,0.4724596440792084,0.8751453757286072,0.8751453757286072,0.0,129.22267150878906,136.0,37935.54296875,0.0,1675.82958984375,1.0,280.6412353515625,283.17242431640625,291.68511962890625,294.0742492675781,293.1499938964844,293.1499938964844,280.95001220703125,36724.4453125,36000.0,313.1499938964844,0.0,18000.0,1.0,0.0,0.0,0.0,1.0,0.8919159173965454,1.0,0.0,0.0,3.575500249862671,3.575523614883423,8.530351465196873e-07,4.265924453735352,4.265914440155029,9.78592834144365e-06,0.0,0.0,-0.0,5329.7783203125,0.0,1457.1624755859375,1895.4371337890625,0.0,3328.12060546875,0.889190137386322,1.0,0.0,3.0,1.0,0.0
12218580,297.3146057128906,297.1499938964844,293.1499938964844,0.0,-0.0,284.83172607421875,0.9990000128746032,0.6721770167350769,0.5284401178359985,297.37042236328125,297.1499938964844,293.1499938964844,0.0,-0.0,284.8310241699219,0.8226469159126282,0.3252004384994507,0.3094367384910583,297.2275695800781,297.1499938964844,293.1499938964844,0.0,-0.0,284.8309936523437,0.8155693411827087,0.315849244594574,0.2223567962646484,297.2616882324219,297.1499938964844,293.1499938964844,0.0,-0.0,284.83056640625,0.7583779096603394,0.2538737654685974,0.2426622360944748,297.17919921875,297.1499938964844,293.1499938964844,0.0,-0.0,284.830078125,0.7109979391098022,0.2061604857444763,0.9388765692710876,284.8313293457031,284.95001220703125,298.8133239746094,288.74774169921875,297.9053039550781,297.2964782714844,284.8340759277344,1.0,0.5160240530967712,0.5671322345733643,0.5671322345733643,1.0,1.0,-2.6913657188415527,1.0811944007873535,1.6101713180541992,0.47498419880867,0.8752856850624084,0.8752856850624084,0.0,130.13351440429688,139.0,37083.05859375,0.0,1705.24072265625,1.0,280.9410095214844,283.4267272949219,291.70166015625,294.0393371582031,293.1499938964844,293.1499938964844,281.25,36412.2734375,36000.0,313.1499938964844,0.0,18000.0,1.0,0.0,0.0,0.0,1.0,0.8799773454666138,1.0,0.0,0.0,3.559179306030273,3.5592024326324463,8.452652764390223e-07,4.265924453735352,4.265914440155029,9.78592834144365e-06,0.0,0.0,-0.0,5260.703125,0.0,1437.4619140625,1895.4371337890625,0.0,3216.3681640625,0.8853304982185364,1.0,0.0,3.0,1.0,0.0
12218640,297.3146057128906,297.1499938964844,293.1499938964844,0.0,-0.0,284.83172607421875,0.9990000128746032,0.6721770167350769,0.5284401178359985,297.37042236328125,297.1499938964844,293.1499938964844,0.0,-0.0,284.8310241699219,0.8226469159126282,0.3252004384994507,0.3094367384910583,297.2275695800781,297.1499938964844,293.1499938964844,0.0,-0.0,284.8309936523437,0.8155693411827087,0.315849244594574,0.2223567962646484,297.2616882324219,297.1499938964844,293.1499938964844,0.0,-0.0,284.83056640625,0.7583779096603394,0.2538737654685974,0.2426622360944748,297.17919921875,297.1499938964844,293.1499938964844,0.0,-0.0,284.830078125,0.7109979391098022,0.2061604857444763,0.9388765692710876,284.8313293457031,284.95001220703125,298.8133239746094,288.74774169921875,297.9053039550781,297.2964782714844,284.8340759277344,1.0,0.5160240530967712,0.5671322345733643,0.5671322345733643,1.0,1.0,-2.6913657188415527,1.0811944007873535,1.6101713180541992,0.47498419880867,0.8752856850624084,0.8752856850624084,0.0,130.13351440429688,139.0,37083.05859375,0.0,1705.24072265625,1.0,280.9410095214844,283.4267272949219,291.70166015625,294.0393371582031,293.1499938964844,293.1499938964844,281.25,36412.2734375,36000.0,313.1499938964844,0.0,18000.0,1.0,0.0,0.0,0.0,1.0,0.8799773454666138,1.0,0.0,0.0,3.559179306030273,3.5592024326324463,8.452652764390223e-07,4.265924453735352,4.265914440155029,9.78592834144365e-06,0.0,0.0,-0.0,5260.703125,0.0,1437.4619140625,1895.4371337890625,0.0,3216.3681640625,0.8853304982185364,1.0,0.0,3.0,1.0,0.0
12218700,297.3307189941406,297.1499938964844,293.1499938964844,0.0,-0.0,284.9831237792969,0.9990000128746032,0.6748001575469971,0.5294248461723328,297.3782958984375,297.1499938964844,293.1499938964844,0.0,-0.0,284.980224609375,0.8238260746002197,0.3273683190345764,0.3114420473575592,297.2357788085937,297.1499938964844,293.1499938964844,0.0,-0.0,284.9800109863281,0.8161055445671082,0.3171439170837402,0.2232318967580795,297.2677917480469,297.1499938964844,293.1499938964844,0.0,-0.0,284.9783020019531,0.7591471076011658,0.2551790773868561,0.2438671439886093,297.18505859375,297.1499938964844,293.1499938964844,0.0,-0.0,284.9761962890625,0.7113881707191467,0.2069197446107864,0.9421508312225342,284.9814453125,284.95001220703125,298.8248291015625,288.7469787597656,297.91729736328125,297.30889892578125,284.99224853515625,1.0,0.5177637934684753,0.566611647605896,0.566611647605896,1.0,1.0,-2.7013914585113525,1.0850213766098022,1.6163702011108398,0.4765395820140838,0.8769420385360718,0.8769420385360718,0.0,130.79541015625,139.0,36293.62890625,0.0,1722.9766845703125,1.0,281.1961364746094,283.6151733398437,291.6806030273437,293.9238586425781,293.1499938964844,293.1499938964844,281.25,36234.2734375,36000.0,313.1499938964844,0.0,18000.0,1.0,0.0,0.0,0.0,1.0,0.8723774552345276,1.0,0.0,0.0,3.5554511547088623,3.555474281311035,8.434953997493722e-07,4.265924453735352,4.265914440155029,9.78592834144365e-06,0.0,0.0,-0.0,5419.5908203125,0.0,1432.207763671875,1895.4371337890625,0.0,3145.111083984375,0.8844088315963745,1.0,0.0,3.0,1.0,0.0
12218760,297.34588623046875,297.1499938964844,293.1499938964844,0.0,-0.0,285.0447998046875,0.9990000128746032,0.677437961101532,0.5305210947990417,297.38653564453125,297.1499938964844,293.1499938964844,0.0,-0.0,285.04412841796875,0.8250378966331482,0.3296241760253906,0.3135651051998138,297.2442932128906,297.1499938964844,293.1499938964844,0.0,-0.0,285.0440673828125,0.8166860938072205,0.3185256421566009,0.2241958975791931,297.2742004394531,297.1499938964844,293.1499938964844,0.0,-0.0,285.0436706542969,0.7599575519561768,0.2565563917160034,0.2451669126749038,297.1912841796875,297.1499938964844,293.1499938964844,0.0,-0.0,285.0431823730469,0.7118362784385681,0.2077539414167404,0.9458661675453186,285.0444030761719,284.95001220703125,298.83477783203125,288.7450561523437,297.9288024902344,297.3218994140625,285.0470886230469,1.0,0.5196809768676758,0.5658243894577026,0.5658243894577026,1.0,1.0,-2.712443590164185,1.0889899730682373,1.6234536170959473,0.4780071377754211,0.8782505393028259,0.8782505393028259,0.0,131.5307159423828,142.0,36295.421875,0.0,1742.6900634765625,1.0,281.24090576171875,283.676513671875,291.70831298828125,293.9992980957031,293.1499938964844,293.1499938964844,281.54998779296875,36079.59765625,36000.0,313.1499938964844,0.0,18000.0,1.0,0.0,0.0,0.0,1.0,0.8698988556861877,1.0,0.0,0.0,3.5553183555603027,3.555341482162476,8.434324172412744e-07,4.265924453735352,4.265914440155029,9.78592834144365e-06,0.0,0.0,-0.0,5194.88037109375,0.0,1430.9398193359375,1895.4371337890625,0.0,3121.86181640625,0.8842275142669678,1.0,0.0,3.0,1.0,0.0
12218820,297.3725280761719,297.1499938964844,293.1499938964844,0.0,-0.0,285.2651062011719,0.9990000128746032,0.6826192140579224,0.533408522605896,297.4031066894531,297.1499938964844,293.1499938964844,0.0,-0.0,285.26446533203125,0.8271975517272949,0.3342969715595245,0.317935585975647,297.2611999511719,297.1499938964844,293.1499938964844,0.0,-0.0,285.264404296875,0.8175833225250244,0.3214323222637176,0.2261996865272522,297.287109375,297.1499938964844,293.1499938964844,0.0,-0.0,285.2640075683594,0.7613425254821777,0.2594356536865234,0.2478673160076141,297.20391845703125,297.1499938964844,293.1499938964844,0.0,-0.0,285.2635192871094,0.71254962682724,0.2095554769039154,0.9538602828979492,285.2647399902344,284.95001220703125,298.85009765625,288.73785400390625,297.9491882324219,297.3464660644531,285.2673645019531,1.0,0.5239351987838745,0.5642498731613159,0.5642498731613159,1.0,1.0,-2.736422777175904,1.0976818799972534,1.6387407779693604,0.4812881648540497,0.8842145800590515,0.8842145800590515,0.0,133.29563903808594,145.0,35732.9921875,0.0,1786.7391357421875,1.0,281.5409545898437,283.93280029296875,291.7098999023437,293.9647216796875,293.1499938964844,293.1499938964844,281.8500061035156,35733.703125,36000.0,313.1499938964844,0.0,18000.0,1.0,0.0,0.0,0.0,1.0,0.861426055431366,1.0,0.0,0.0,3.564386367797852,3.5644094944000244,8.477403525830596e-07,4.265924453735352,4.265914440155029,9.78592834144365e-06,0.0,0.0,-0.0,5142.93994140625,0.0,1438.0430908203125,1895.4371337890625,0.0,3042.380126953125,0.8859968185424805,1.0,0.0,3.0,1.0,0.0
12218880,297.3725280761719,297.1499938964844,293.1499938964844,0.0,-0.0,285.2651062011719,0.9990000128746032,0.6826192140579224,0.533408522605896,297.4031066894531,297.1499938964844,293.1499938964844,0.0,-0.0,285.26446533203125,0.8271975517272949,0.3342969715595245,0.317935585975647,297.2611999511719,297.1499938964844,293.1499938964844,0.0,-0.0,285.264404296875,0.8175833225250244,0.3214323222637176,0.2261996865272522,297.287109375,297.1499938964844,293.1499938964844,0.0,-0.0,285.2640075683594,0.7613425254821777,0.2594356536865234,0.2478673160076141,297.20391845703125,297.1499938964844,293.1499938964844,0.0,-0.0,285.2635192871094,0.71254962682724,0.2095554769039154,0.9538602828979492,285.2647399902344,284.95001220703125,298.85009765625,288.73785400390625,297.9491882324219,297.3464660644531,285.2673645019531,1.0,0.5239351987838745,0.5642498731613159,0.5642498731613159,1.0,1.0,-2.736422777175904,1.0976818799972534,1.6387407779693604,0.4812881648540497,0.8842145800590515,0.8842145800590515,0.0,133.29563903808594,145.0,35732.9921875,0.0,1786.7391357421875,1.0,281.5409545898437,283.93280029296875,291.7098999023437,293.9647216796875,293.1499938964844,293.1499938964844,281.8500061035156,35733.703125,36000.0,313.1499938964844,0.0,18000.0,1.0,0.0,0.0,0.0,1.0,0.861426055431366,1.0,0.0,0.0,3.564386367797852,3.5644094944000244,8.477403525830596e-07,4.265924453735352,4.265914440155029,9.78592834144365e-06,0.0,0.0,-0.0,5142.93994140625,0.0,1438.0430908203125,1895.4371337890625,0.0,3042.380126953125,0.8859968185424805,1.0,0.0,3.0,1.0,0.0
12218940,297.3958740234375,297.1499938964844,293.1499938964844,0.0,-0.0,285.4818725585937,0.9990000128746032,0.6878028512001038,0.5368465781211853,297.4197998046875,297.1499938964844,293.1499938964844,0.0,-0.0,285.48126220703125,0.82923823595047,0.339194655418396,0.3225334286689758,297.2779235839844,297.1499938964844,293.1499938964844,0.0,-0.0,285.481201171875,0.8183727264404297,0.3245334029197693,0.2283551394939422,297.30010986328125,297.1499938964844,293.1499938964844,0.0,-0.0,285.4808349609375,0.7626321911811829,0.2624875605106354,0.2507456243038177,297.2167053222656,297.1499938964844,293.1499938964844,0.0,-0.0,285.4803771972656,0.7132188677787781,0.2115334272384643,0.9627195596694946,285.48150634765625,284.95001220703125,298.8598022460937,288.7264709472656,297.96661376953125,297.3697814941406,285.48394775390625,1.0,0.5286555290222168,0.562675416469574,0.562675416469574,1.0,1.0,-2.7627737522125244,1.1073750257492063,1.655398726463318,0.485049158334732,0.8930488228797913,0.8930488228797913,0.0,135.33453369140625,148.0,35202.15625,0.0,1836.4036865234373,1.0,281.841064453125,284.1834411621094,291.70623779296875,293.9296569824219,293.1499938964844,293.1499938964844,282.1499938964844,35398.74609375,36000.0,313.1499938964844,0.0,18000.0,1.0,0.0,0.0,0.0,1.0,0.8545392155647278,1.0,0.0,0.0,3.5860354900360107,3.586058616638184,8.580694270676759e-07,4.265924453735352,4.265914440155029,9.78592834144365e-06,0.0,0.0,-0.0,5092.45849609375,0.0,1458.7425537109375,1895.4371337890625,0.0,2977.802978515625,0.8905848264694214,1.0,0.0,3.0,1.0,0.0
12219000,297.3958740234375,297.1499938964844,293.1499938964844,0.0,-0.0,285.4818725585937,0.9990000128746032,0.6878028512001038,0.5368465781211853,297.4197998046875,297.1499938964844,293.1499938964844,0.0,-0.0,285.48126220703125,0.82923823595047,0.339194655418396,0.3225334286689758,297.2779235839844,297.1499938964844,293.1499938964844,0.0,-0.0,285.481201171875,0.8183727264404297,0.3245334029197693,0.2283551394939422,297.30010986328125,297.1499938964844,293.1499938964844,0.0,-0.0,285.4808349609375,0.7626321911811829,0.2624875605106354,0.2507456243038177,297.2167053222656,297.1499938964844,293.1499938964844,0.0,-0.0,285.4803771972656,0.7132188677787781,0.2115334272384643,0.9627195596694946,285.48150634765625,284.95001220703125,298.8598022460937,288.7264709472656,297.96661376953125,297.3697814941406,285.48394775390625,1.0,0.5286555290222168,0.562675416469574,0.562675416469574,1.0,1.0,-2.7627737522125244,1.1073750257492063,1.655398726463318,0.485049158334732,0.8930488228797913,0.8930488228797913,0.0,135.33453369140625,148.0,35202.15625,0.0,1836.4036865234373,1.0,281.841064453125,284.1834411621094,291.70623779296875,293.9296569824219,293.1499938964844,293.1499938964844,282.1499938964844,35398.74609375,36000.0,313.1499938964844,0.0,18000.0,1.0,0.0,0.0,0.0,1.0,0.8545392155647278,1.0,0.0,0.0,3.5860354900360107,3.586058616638184,8.580694270676759e-07,4.265924453735352,4.265914440155029,9.78592834144365e-06,0.0,0.0,-0.0,5092.45849609375,0.0,1458.7425537109375,1895.4371337890625,0.0,2977.802978515625,0.8905848264694214,1.0,0.0,3.0,1.0,0.0
12219060,297.4167175292969,297.1499938964844,293.1499938964844,0.0,-0.0,285.6948547363281,0.9990000128746032,0.6930285692214966,0.540684700012207,297.43634033203125,297.1499938964844,293.1499938964844,0.0,-0.0,285.6943054199219,0.8312051892280579,0.3442873954772949,0.3273251950740814,297.29400634765625,297.1499938964844,293.1499938964844,0.0,-0.0,285.6942443847656,0.8190814256668091,0.3277814984321594,0.2306212335824966,297.3128967285156,297.1499938964844,293.1499938964844,0.0,-0.0,285.69390869140625,0.7638641595840454,0.2656844854354858,0.2537710070610046,297.2293395996094,297.1499938964844,293.1499938964844,0.0,-0.0,285.6934814453125,0.7138722538948059,0.2136582136154174,0.9722903966903688,285.69451904296875,284.95001220703125,298.8644104003906,288.7113647460937,297.9809265136719,297.3916320800781,285.69677734375,1.0,0.5337381362915039,0.5608116984367371,0.5608116984367371,1.0,1.0,-2.7910046577453613,1.1174815893173218,1.67352294921875,0.4888107776641845,0.9047019481658936,0.9047019481658936,0.0,137.58685302734375,151.0,34690.8828125,0.0,1890.871826171875,1.0,282.1413269042969,284.42877197265625,291.6956787109375,293.88922119140625,293.1499938964844,293.1499938964844,281.8500061035156,35089.3828125,36000.0,313.1499938964844,0.0,18000.0,1.0,0.0,0.0,0.0,1.0,0.848531186580658,1.0,0.0,0.0,3.6192803382873535,3.619303941726685,8.740529438000522e-07,4.265924453735352,4.265914440155029,9.78592834144365e-06,0.0,0.0,-0.0,5620.05419921875,0.0,1492.503173828125,1895.4371337890625,0.0,2921.515380859375,0.8977944850921631,1.0,0.0,3.0,1.0,0.0
12219120,297.4167175292969,297.1499938964844,293.1499938964844,0.0,-0.0,285.6948547363281,0.9990000128746032,0.6930285692214966,0.540684700012207,297.43634033203125,297.1499938964844,293.1499938964844,0.0,-0.0,285.6943054199219,0.8312051892280579,0.3442873954772949,0.3273251950740814,297.29400634765625,297.1499938964844,293.1499938964844,0.0,-0.0,285.6942443847656,0.8190814256668091,0.3277814984321594,0.2306212335824966,297.3128967285156,297.1499938964844,293.1499938964844,0.0,-0.0,285.69390869140625,0.7638641595840454,0.2656844854354858,0.2537710070610046,297.2293395996094,297.1499938964844,293.1499938964844,0.0,-0.0,285.6934814453125,0.7138722538948059,0.2136582136154174,0.9722903966903688,285.69451904296875,284.95001220703125,298.8644104003906,288.7113647460937,297.9809265136719,297.3916320800781,285.69677734375,1.0,0.5337381362915039,0.5608116984367371,0.5608116984367371,1.0,1.0,-2.7910046577453613,1.1174815893173218,1.67352294921875,0.4888107776641845,0.9047019481658936,0.9047019481658936,0.0,137.58685302734375,151.0,34690.8828125,0.0,1890.871826171875,1.0,282.1413269042969,284.42877197265625,291.6956787109375,293.88922119140625,293.1499938964844,293.1499938964844,281.8500061035156,35089.3828125,36000.0,313.1499938964844,0.0,18000.0,1.0,0.0,0.0,0.0,1.0,0.848531186580658,1.0,0.0,0.0,3.6192803382873535,3.619303941726685,8.740529438000522e-07,4.265924453735352,4.265914440155029,9.78592834144365e-06,0.0,0.0,-0.0,5620.05419921875,0.0,1492.503173828125,1895.4371337890625,0.0,2921.515380859375,0.8977944850921631,1.0,0.0,3.0,1.0,0.0
12219180,297.4044189453125,297.1499938964844,293.1499938964844,0.0,-0.0,285.5251159667969,0.9990000128746032,0.6952071785926819,0.5464938282966614,297.439697265625,297.1499938964844,293.1499938964844,0.0,-0.0,285.5254211425781,0.83174067735672,0.3482735455036163,0.3315276801586151,297.2951965332031,297.1499938964844,293.1499938964844,0.0,-0.0,285.52545166015625,0.8182637095451355,0.3297479748725891,0.2323604673147201,297.3149719238281,297.1499938964844,293.1499938964844,0.0,-0.0,285.5256652832031,0.7636856436729431,0.2679735422134399,0.2563169598579407,297.23272705078125,297.1499938964844,293.1499938964844,0.0,-0.0,285.5259094238281,0.7132231593132019,0.2150210440158844,0.98003751039505,285.5252990722656,284.95001220703125,298.8643798828125,288.6928405761719,297.9769592285156,297.3863525390625,285.5242004394531,1.0,0.5389373302459717,0.5589479804039001,0.5589479804039001,1.0,1.0,-2.8175032138824463,1.126729965209961,1.6907731294631958,0.4921937882900238,0.9110119938850404,0.9110119938850404,0.0,140.43626403808594,154.0,35862.640625,0.0,1946.4205322265625,1.0,281.8579406738281,284.2084350585937,291.7798156738281,294.1185607910156,293.1499938964844,293.1499938964844,281.54998779296875,35161.76953125,36000.0,313.1499938964844,0.0,18000.0,1.0,0.0,0.0,0.0,1.0,0.8708779215812683,1.0,0.0,0.0,3.651300668716431,3.65132474899292,8.895871701497526e-07,4.265924453735352,4.265914440155029,9.78592834144365e-06,0.0,0.0,-0.0,5770.46044921875,0.0,1528.3421630859375,1895.4371337890625,0.0,3131.045654296875,0.9049806594848632,1.0,0.0,3.0,1.0,0.0
12219240,297.4044189453125,297.1499938964844,293.1499938964844,0.0,-0.0,285.5251159667969,0.9990000128746032,0.6952071785926819,0.5464938282966614,297.439697265625,297.1499938964844,293.1499938964844,0.0,-0.0,285.5254211425781,0.83174067735672,0.3482735455036163,0.3315276801586151,297.2951965332031,297.1499938964844,293.1499938964844,0.0,-0.0,285.52545166015625,0.8182637095451355,0.3297479748725891,0.2323604673147201,297.3149719238281,297.1499938964844,293.1499938964844,0.0,-0.0,285.5256652832031,0.7636856436729431,0.2679735422134399,0.2563169598579407,297.23272705078125,297.1499938964844,293.1499938964844,0.0,-0.0,285.5259094238281,0.7132231593132019,0.2150210440158844,0.98003751039505,285.5252990722656,284.95001220703125,298.8643798828125,288.6928405761719,297.9769592285156,297.3863525390625,285.5242004394531,1.0,0.5389373302459717,0.5589479804039001,0.5589479804039001,1.0,1.0,-2.8175032138824463,1.126729965209961,1.6907731294631958,0.4921937882900238,0.9110119938850404,0.9110119938850404,0.0,140.43626403808594,154.0,35862.640625,0.0,1946.4205322265625,1.0,281.8579406738281,284.2084350585937,291.7798156738281,294.1185607910156,293.1499938964844,293.1499938964844,281.54998779296875,35161.76953125,36000.0,313.1499938964844,0.0,18000.0,1.0,0.0,0.0,0.0,1.0,0.8708779215812683,1.0,0.0,0.0,3.651300668716431,3.65132474899292,8.895871701497526e-07,4.265924453735352,4.265914440155029,9.78592834144365e-06,0.0,0.0,-0.0,5770.46044921875,0.0,1528.3421630859375,1895.4371337890625,0.0,3131.045654296875,0.9049806594848632,1.0,0.0,3.0,1.0,0.0
12219300,297.3852233886719,297.1499938964844,293.1499938964844,0.0,-0.0,285.3798522949219,0.9990000128746032,0.6949435472488403,0.5505428910255432,297.4363708496094,297.1499938964844,293.1499938964844,0.0,-0.0,285.3822326660156,0.8311012983322144,0.349784791469574,0.3331592977046966,297.2903747558594,297.1499938964844,293.1499938964844,0.0,-0.0,285.3825378417969,0.8168885111808777,0.3301968574523926,0.2328390330076217,297.3116760253906,297.1499938964844,293.1499938964844,0.0,-0.0,285.38397216796875,0.7626778483390808,0.2686975598335266,0.2571893036365509,297.2303466796875,297.1499938964844,293.1499938964844,0.0,-0.0,285.38592529296875,0.7119913697242737,0.2153120934963226,0.982199251651764,285.3812866210937,284.95001220703125,298.86279296875,288.6824035644531,297.9681091308594,297.3734436035156,285.3721008300781,1.0,0.5414339303970337,0.5580161213874817,0.5580161213874817,1.0,1.0,-2.82855486869812,1.1303600072860718,1.6981948614120483,0.4933818280696869,0.91250079870224,0.91250079870224,0.0,142.16357421875,154.0,36787.53515625,0.0,1972.4654541015625,1.0,281.6010131835937,284.0193786621094,291.8057556152344,294.26708984375,293.1499938964844,293.1499938964844,281.54998779296875,35257.80078125,36000.0,313.1499938964844,0.0,18000.0,1.0,0.0,0.0,0.0,1.0,0.8851804137229919,1.0,0.0,0.0,3.664975643157959,3.664999723434448,8.962630317910225e-07,4.265924453735352,4.265914440155029,9.78592834144365e-06,0.0,0.0,-0.0,5604.89013671875,0.0,1544.317626953125,1895.4371337890625,0.0,3265.108154296875,0.9080715775489808,1.0,0.0,3.0,1.0,0.0
12219360,297.35955810546875,297.1499938964844,293.1499938964844,0.0,-0.0,285.33038330078125,0.9990000128746032,0.6939138174057007,0.5552292466163635,297.4307556152344,297.1499938964844,293.1499938964844,0.0,-0.0,285.3307189941406,0.8299416899681091,0.3510463237762451,0.3344893753528595,297.2831420898437,297.1499938964844,293.1499938964844,0.0,-0.0,285.3307800292969,0.8149505853652954,0.3303771018981933,0.2330739349126815,297.3062744140625,297.1499938964844,293.1499938964844,0.0,-0.0,285.3309936523437,0.7611385583877563,0.2691926658153534,0.2577976286411285,297.225830078125,297.1499938964844,293.1499938964844,0.0,-0.0,285.331298828125,0.7101882100105286,0.215376928448677,0.9831823110580444,285.3305969238281,284.95001220703125,298.8602294921875,288.6712951660156,297.9559631347656,297.3557434082031,285.32928466796875,1.0,0.5438147187232971,0.5570042133331299,0.5570042133331299,1.0,1.0,-2.8379833698272705,1.133158802986145,1.7048245668411257,0.4941017925739288,0.9144822359085084,0.9144822359085084,0.0,144.05148315429688,157.0,36976.7265625,0.0,1996.8367919921875,1.0,281.5580139160156,283.96502685546875,291.7648010253906,294.1960754394531,293.1499938964844,293.1499938964844,281.25,35344.44921875,36000.0,313.1499938964844,0.0,18000.0,1.0,0.0,0.0,0.0,1.0,0.8933770060539246,1.0,0.0,0.0,3.676354169845581,3.6763784885406494,9.01836870070838e-07,4.265924453735352,4.265914440155029,9.78592834144365e-06,0.0,0.0,-0.0,5871.69580078125,0.0,1557.7467041015625,1895.4371337890625,0.0,3341.774169921875,0.910710632801056,1.0,0.0,3.0,1.0,0.0
12219420,297.29571533203125,297.1499938964844,293.1499938964844,0.0,-0.0,285.1342163085937,0.9990000128746032,0.6901156902313232,0.5652104020118713,297.416259765625,297.1499938964844,293.1499938964844,0.0,-0.0,285.134521484375,0.827069103717804,0.3531370162963867,0.3367225229740143,297.2653503417969,297.1499938964844,293.1499938964844,0.0,-0.0,285.13458251953125,0.8104121685028076,0.3302647769451141,0.2332031726837158,297.2923583984375,297.1499938964844,293.1499938964844,0.0,-0.0,285.134765625,0.7574705481529236,0.2697653472423553,0.2585995197296142,297.2133483886719,297.1499938964844,293.1499938964844,0.0,-0.0,285.1350402832031,0.7057626247406006,0.2150779664516449,0.983101487159729,285.1343994140625,284.95001220703125,298.8525085449219,288.6471252441406,297.9281005859375,297.3164367675781,285.1333312988281,1.0,0.548236608505249,0.554980456829071,0.554980456829071,1.0,1.0,-2.853689670562744,1.1373122930526731,1.7163772583007812,0.494787335395813,0.9153116941452026,0.9153116941452026,0.0,147.95497131347656,145.0,38039.3671875,0.0,2041.45751953125,1.0,281.2579650878906,283.7225952148437,291.7201843261719,294.2200622558594,293.1499938964844,293.1499938964844,280.95001220703125,35572.9296875,36000.0,313.1499938964844,0.0,18000.0,1.0,0.0,0.0,0.0,1.0,0.9108758568763732,1.0,0.0,0.0,3.692920923233032,3.6929452419281006,9.099830435843614e-07,4.265924453735352,4.265914440155029,9.78592834144365e-06,0.0,0.0,-0.0,5964.0625,0.0,1578.2135009765625,1895.4371337890625,0.0,3504.73046875,0.9145753383636476,1.0,0.0,3.0,1.0,0.0
12219480,297.29571533203125,297.1499938964844,293.1499938964844,0.0,-0.0,285.1342163085937,0.9990000128746032,0.6901156902313232,0.5652104020118713,297.416259765625,297.1499938964844,293.1499938964844,0.0,-0.0,285.134521484375,0.827069103717804,0.3531370162963867,0.3367225229740143,297.2653503417969,297.1499938964844,293.1499938964844,0.0,-0.0,285.13458251953125,0.8104121685028076,0.3302647769451141,0.2332031726837158,297.2923583984375,297.1499938964844,293.1499938964844,0.0,-0.0,285.134765625,0.7574705481529236,0.2697653472423553,0.2585995197296142,297.2133483886719,297.1499938964844,293.1499938964844,0.0,-0.0,285.1350402832031,0.7057626247406006,0.2150779664516449,0.983101487159729,285.1343994140625,284.95001220703125,298.8525085449219,288.6471252441406,297.9281005859375,297.3164367675781,285.1333312988281,1.0,0.548236608505249,0.554980456829071,0.554980456829071,1.0,1.0,-2.853689670562744,1.1373122930526731,1.7163772583007812,0.494787335395813,0.9153116941452026,0.9153116941452026,0.0,147.95497131347656,145.0,38039.3671875,0.0,2041.45751953125,1.0,281.2579650878906,283.7225952148437,291.7201843261719,294.2200622558594,293.1499938964844,293.1499938964844,280.95001220703125,35572.9296875,36000.0,313.1499938964844,0.0,18000.0,1.0,0.0,0.0,0.0,1.0,0.9108758568763732,1.0,0.0,0.0,3.692920923233032,3.6929452419281006,9.099830435843614e-07,4.265924453735352,4.265914440155029,9.78592834144365e-06,0.0,0.0,-0.0,5964.0625,0.0,1578.2135009765625,1895.4371337890625,0.0,3504.73046875,0.9145753383636476,1.0,0.0,3.0,1.0,0.0
12219540,297.23126220703125,297.1499938964844,293.1499938964844,0.0,-0.0,284.93975830078125,0.9990000128746032,0.6854124069213867,0.5635980367660522,297.3995056152344,297.1499938964844,293.1499938964844,0.0,-0.0,284.9402160644531,0.8290571570396423,0.3548157811164856,0.3383675217628479,297.2454528808594,297.1499938964844,293.1499938964844,0.0,-0.0,284.9403076171875,0.8107922077178955,0.3297127783298492,0.2328707575798034,297.2761535644531,297.1499938964844,293.1499938964844,0.0,-0.0,284.9405822753906,0.7583896517753601,0.2699286937713623,0.2588191330432892,297.19873046875,297.1499938964844,293.1499938964844,0.0,-0.0,284.9409484863281,0.7057741284370422,0.2144028097391128,0.9803420901298524,284.9400329589844,284.95001220703125,298.8416748046875,288.62066650390625,297.9031066894531,297.2846374511719,284.9381408691406,1.0,0.5469225645065308,0.5529566407203674,0.5529566407203674,1.0,1.0,-2.850302219390869,1.1329991817474363,1.7173030376434326,0.4915325939655304,0.9135939478874208,0.9135939478874208,0.0,147.30252075195312,133.0,39082.4921875,0.0,2032.7149658203125,1.0,280.9578552246094,283.48565673828125,291.67926025390625,294.24365234375,293.1499938964844,293.1499938964844,280.6499938964844,35822.30078125,36000.0,313.1499938964844,0.0,18000.0,1.0,0.0,0.0,0.0,1.0,0.92523455619812,1.0,0.0,0.0,3.700284719467163,3.7003092765808105,9.136157359534992e-07,4.265924453735352,4.265914440155029,9.78592834144365e-06,0.0,0.0,-0.0,6060.08349609375,0.0,1588.48779296875,1895.4371337890625,0.0,3637.385498046875,0.9163912534713744,1.0,0.0,3.0,1.0,0.0
12219600,297.23126220703125,297.1499938964844,293.1499938964844,0.0,-0.0,284.93975830078125,0.9990000128746032,0.6854124069213867,0.5635980367660522,297.3995056152344,297.1499938964844,293.1499938964844,0.0,-0.0,284.9402160644531,0.8290571570396423,0.3548157811164856,0.3383675217628479,297.2454528808594,297.1499938964844,293.1499938964844,0.0,-0.0,284.9403076171875,0.8107922077178955,0.3297127783298492,0.2328707575798034,297.2761535644531,297.1499938964844,293.1499938964844,0.0,-0.0,284.9405822753906,0.7583896517753601,0.2699286937713623,0.2588191330432892,297.19873046875,297.1499938964844,293.1499938964844,0.0,-0.0,284.9409484863281,0.7057741284370422,0.2144028097391128,0.9803420901298524,284.9400329589844,284.95001220703125,298.8416748046875,288.62066650390625,297.9031066894531,297.2846374511719,284.9381408691406,1.0,0.5469225645065308,0.5529566407203674,0.5529566407203674,1.0,1.0,-2.850302219390869,1.1329991817474363,1.7173030376434326,0.4915325939655304,0.9135939478874208,0.9135939478874208,0.0,147.30252075195312,133.0,39082.4921875,0.0,2032.7149658203125,1.0,280.9578552246094,283.48565673828125,291.67926025390625,294.24365234375,293.1499938964844,293.1499938964844,280.6499938964844,35822.30078125,36000.0,313.1499938964844,0.0,18000.0,1.0,0.0,0.0,0.0,1.0,0.92523455619812,1.0,0.0,0.0,3.700284719467163,3.7003092765808105,9.136157359534992e-07,4.265924453735352,4.265914440155029,9.78592834144365e-06,0.0,0.0,-0.0,6060.08349609375,0.0,1588.48779296875,1895.4371337890625,0.0,3637.385498046875,0.9163912534713744,1.0,0.0,3.0,1.0,0.0
12219660,297.19464111328125,297.1499938964844,293.1499938964844,0.0,-0.0,284.732666015625,0.9990000128746032,0.6826998591423035,0.5530590415000916,297.3819580078125,297.1499938964844,293.1499938964844,0.0,-0.0,284.73321533203125,0.8348872065544128,0.3561982214450836,0.3396002352237701,297.2251281738281,297.1499938964844,293.1499938964844,0.0,-0.0,284.7333374023437,0.8150255084037781,0.3288629353046417,0.2322296649217605,297.2591857910156,297.1499938964844,293.1499938964844,0.0,-0.0,284.733642578125,0.7629417777061462,0.2698100805282593,0.2586347162723541,297.18328857421875,297.1499938964844,293.1499938964844,0.0,-0.0,284.734130859375,0.7092918753623962,0.213456705212593,0.9757551550865172,284.7330017089844,284.95001220703125,298.8282165527344,288.59234619140625,297.8838195800781,297.2642517089844,284.7305908203125,1.0,0.541860044002533,0.5513092279434204,0.5513092279434204,1.0,1.0,-2.8326237201690674,1.1229256391525269,1.70969820022583,0.4855454266071319,0.9090242981910706,0.9090242981910706,0.0,143.16021728515625,136.0,39913.6015625,0.0,1983.856201171875,1.0,280.6578369140625,283.2417907714844,291.64019775390625,294.2586364746094,293.1499938964844,293.1499938964844,280.3500061035156,36102.078125,36000.0,313.1499938964844,0.0,18000.0,1.0,0.0,0.0,0.0,1.0,0.9375242590904236,1.0,0.0,0.0,3.69733452796936,3.697359085083008,9.121595212491228e-07,4.265924453735352,4.265914440155029,9.78592834144365e-06,0.0,0.0,-0.0,6142.70556640625,0.0,1587.24462890625,1895.4371337890625,0.0,3749.90966796875,0.9159156680107116,1.0,0.0,3.0,1.0,0.0
12219720,297.19464111328125,297.1499938964844,293.1499938964844,0.0,-0.0,284.732666015625,0.9990000128746032,0.6826998591423035,0.5530590415000916,297.3819580078125,297.1499938964844,293.1499938964844,0.0,-0.0,284.73321533203125,0.8348872065544128,0.3561982214450836,0.3396002352237701,297.2251281738281,297.1499938964844,293.1499938964844,0.0,-0.0,284.7333374023437,0.8150255084037781,0.3288629353046417,0.2322296649217605,297.2591857910156,297.1499938964844,293.1499938964844,0.0,-0.0,284.733642578125,0.7629417777061462,0.2698100805282593,0.2586347162723541,297.18328857421875,297.1499938964844,293.1499938964844,0.0,-0.0,284.734130859375,0.7092918753623962,0.213456705212593,0.9757551550865172,284.7330017089844,284.95001220703125,298.8282165527344,288.59234619140625,297.8838195800781,297.2642517089844,284.7305908203125,1.0,0.541860044002533,0.5513092279434204,0.5513092279434204,1.0,1.0,-2.8326237201690674,1.1229256391525269,1.70969820022583,0.4855454266071319,0.9090242981910706,0.9090242981910706,0.0,143.16021728515625,136.0,39913.6015625,0.0,1983.856201171875,1.0,280.6578369140625,283.2417907714844,291.64019775390625,294.2586364746094,293.1499938964844,293.1499938964844,280.3500061035156,36102.078125,36000.0,313.1499938964844,0.0,18000.0,1.0,0.0,0.0,0.0,1.0,0.9375242590904236,1.0,0.0,0.0,3.69733452796936,3.697359085083008,9.121595212491228e-07,4.265924453735352,4.265914440155029,9.78592834144365e-06,0.0,0.0,-0.0,6142.70556640625,0.0,1587.24462890625,1895.4371337890625,0.0,3749.90966796875,0.9159156680107116,1.0,0.0,3.0,1.0,0.0
12219780,297.1727294921875,297.1499938964844,293.1499938964844,0.0,-0.0,284.5276184082031,0.9990000128746032,0.6810550689697266,0.5484225749969482,297.364501953125,297.1499938964844,293.1499938964844,0.0,-0.0,284.5280456542969,0.8379278779029846,0.3573693037033081,0.3406875133514404,297.20526123046875,297.1499938964844,293.1499938964844,0.0,-0.0,284.52813720703125,0.8163748383522034,0.3278036415576935,0.2314825803041458,297.24249267578125,297.1499938964844,293.1499938964844,0.0,-0.0,284.5284118652344,0.7647714614868164,0.2695000171661377,0.25832399725914,297.1681213378906,297.1499938964844,293.1499938964844,0.0,-0.0,284.52880859375,0.7100669145584106,0.2123415172100067,0.9706453680992126,284.52789306640625,284.95001220703125,298.8127136230469,288.5625,297.8656616210937,297.2469177246094,284.5260925292969,1.0,0.5394366383552551,0.5496617555618286,0.5496617555618286,1.0,1.0,-2.820930957794189,1.1155259609222412,1.7054049968719482,0.4805817902088165,0.9017053246498108,0.9017053246498108,0.0,141.20333862304688,139.0,40727.078125,0.0,1955.6297607421875,1.0,280.35791015625,283.0038146972656,291.6017150878906,294.2681579589844,293.1499938964844,293.1499938964844,280.04998779296875,36405.4453125,36000.0,313.1499938964844,0.0,18000.0,1.0,0.0,0.0,0.0,1.0,0.9479929208755492,1.0,0.0,0.0,3.683087587356568,3.683111906051636,9.051433380591334e-07,4.265924453735352,4.265914440155029,9.78592834144365e-06,0.0,0.0,-0.0,6224.638671875,0.0,1573.3536376953125,1895.4371337890625,0.0,3844.86279296875,0.9129308462142944,1.0,0.0,3.0,1.0,0.0
12219840,297.1727294921875,297.1499938964844,293.1499938964844,0.0,-0.0,284.5276184082031,0.9990000128746032,0.6810550689697266,0.5484225749969482,297.364501953125,297.1499938964844,293.1499938964844,0.0,-0.0,284.5280456542969,0.8379278779029846,0.3573693037033081,0.3406875133514404,297.20526123046875,297.1499938964844,293.1499938964844,0.0,-0.0,284.52813720703125,0.8163748383522034,0.3278036415576935,0.2314825803041458,297.24249267578125,297.1499938964844,293.1499938964844,0.0,-0.0,284.5284118652344,0.7647714614868164,0.2695000171661377,0.25832399725914,297.1681213378906,297.1499938964844,293.1499938964844,0.0,-0.0,284.52880859375,0.7100669145584106,0.2123415172100067,0.9706453680992126,284.52789306640625,284.95001220703125,298.8127136230469,288.5625,297.8656616210937,297.2469177246094,284.5260925292969,1.0,0.5394366383552551,0.5496617555618286,0.5496617555618286,1.0,1.0,-2.820930957794189,1.1155259609222412,1.7054049968719482,0.4805817902088165,0.9017053246498108,0.9017053246498108,0.0,141.20333862304688,139.0,40727.078125,0.0,1955.6297607421875,1.0,280.35791015625,283.0038146972656,291.6017150878906,294.2681579589844,293.1499938964844,293.1499938964844,280.04998779296875,36405.4453125,36000.0,313.1499938964844,0.0,18000.0,1.0,0.0,0.0,0.0,1.0,0.9479929208755492,1.0,0.0,0.0,3.683087587356568,3.683111906051636,9.051433380591334e-07,4.265924453735352,4.265914440155029,9.78592834144365e-06,0.0,0.0,-0.0,6224.638671875,0.0,1573.3536376953125,1895.4371337890625,0.0,3844.86279296875,0.9129308462142944,1.0,0.0,3.0,1.0,0.0
12219900,297.1582336425781,297.1499938964844,293.1499938964844,0.0,-0.0,284.3816833496094,0.9990000128746032,0.6797798275947571,0.5479503273963928,297.3561096191406,297.1499938964844,293.1499938964844,0.0,-0.0,284.3838806152344,0.838570773601532,0.3579066395759582,0.3412266671657562,297.1958312988281,297.1499938964844,293.1499938964844,0.0,-0.0,284.3843994140625,0.8161783814430237,0.3272283375263214,0.2311080247163772,297.23443603515625,297.1499938964844,293.1499938964844,0.0,-0.0,284.3857116699219,0.7648295760154724,0.2692979872226715,0.2581605017185211,297.1608581542969,297.1499938964844,293.1499938964844,0.0,-0.0,284.3878173828125,0.7096270322799683,0.211742490530014,0.9680643677711488,284.3830871582031,284.95001220703125,298.8043212890625,288.547119140625,297.8564453125,297.2383728027344,284.3738708496094,1.0,0.5388301014900208,0.5488380789756775,0.5488380789756775,1.0,1.0,-2.8172607421875,1.1127673387527466,1.704493284225464,0.4786184728145599,0.8965265154838562,0.8965265154838562,0.0,140.91262817382812,139.0,41545.765625,0.0,1948.3677978515625,1.0,280.1005249023437,282.8231201171875,291.6082458496094,294.3740539550781,293.1499938964844,293.1499938964844,280.04998779296875,36576.7578125,36000.0,313.1499938964844,0.0,18000.0,1.0,0.0,0.0,0.0,1.0,0.9551857709884644,1.0,0.0,0.0,3.6717369556427,3.671761274337769,8.995730240712874e-07,4.265924453735352,4.265914440155029,9.78592834144365e-06,0.0,0.0,-0.0,6023.35791015625,0.0,1561.8277587890625,1895.4371337890625,0.0,3909.557373046875,0.9104723930358888,1.0,0.0,3.0,1.0,0.0
12219960,297.1397399902344,297.1499938964844,293.1499938964844,0.0,-0.0,284.3328552246094,0.9990000128746032,0.6780170202255249,0.548521101474762,297.34765625,297.1499938964844,293.1499938964844,0.0,-0.0,284.33319091796875,0.8386437296867371,0.3583802878856659,0.3416766822338104,297.1863708496094,297.1499938964844,293.1499938964844,0.0,-0.0,284.333251953125,0.8154093623161316,0.3265872001647949,0.2306644171476364,297.22637939453125,297.1499938964844,293.1499938964844,0.0,-0.0,284.3334655761719,0.7643334269523621,0.2690385282039642,0.2579255104064941,297.15350341796875,297.1499938964844,293.1499938964844,0.0,-0.0,284.33380126953125,0.7086426019668579,0.2110892087221145,0.9652039408683776,284.33306884765625,284.95001220703125,298.79559326171875,288.531494140625,297.8471069335937,297.2294616699219,284.3316650390625,1.0,0.5385259389877319,0.5483227372169495,0.5483227372169495,1.0,1.0,-2.814232587814331,1.1106919050216677,1.7035406827926636,0.4772047996520996,0.8918635249137878,0.8918635249137878,0.0,140.9853973388672,142.0,41558.55859375,0.0,1943.88818359375,1.0,280.05810546875,282.7766418457031,291.5669860839844,294.2828063964844,293.1499938964844,293.1499938964844,280.3500061035156,36724.3515625,36000.0,313.1499938964844,0.0,18000.0,1.0,0.0,0.0,0.0,1.0,0.957695245742798,1.0,0.0,0.0,3.6569840908050537,3.657008409500122,8.923586847231491e-07,4.265924453735352,4.265914440155029,9.78592834144365e-06,0.0,0.0,-0.0,5610.662109375,0.0,1546.3828125,1895.4371337890625,0.0,3932.0146484375,0.907312035560608,1.0,0.0,3.0,1.0,0.0
12220020,297.126220703125,297.1499938964844,293.1499938964844,0.0,-0.0,284.5110168457031,0.9990000128746032,0.6764819622039795,0.5499844551086426,297.3443908691406,297.1499938964844,293.1499938964844,0.0,-0.0,284.5106201171875,0.8392206430435181,0.3605337738990783,0.3433384299278259,297.1823425292969,297.1499938964844,293.1499938964844,0.0,-0.0,284.5105285644531,0.814409077167511,0.3266212940216064,0.2303929924964904,297.2210998535156,297.1499938964844,293.1499938964844,0.0,-0.0,284.5102844238281,0.7637650966644287,0.2694560587406158,0.2580349743366241,297.1478881835937,297.1499938964844,293.1499938964844,0.0,-0.0,284.5098876953125,0.7070719599723816,0.2105517536401748,0.9616748690605164,284.5107421875,284.95001220703125,298.7773742675781,288.4997253417969,297.8363647460937,297.2248229980469,284.5124816894531,1.0,0.5388009548187256,0.547292172908783,0.547292172908783,1.0,1.0,-2.8135433197021484,1.1089476346969604,1.704595685005188,0.4755140841007232,0.8874258399009705,0.8874258399009705,0.0,141.431396484375,130.0,40441.26171875,0.0,1944.941650390625,1.0,280.3421325683594,283.0002136230469,291.447021484375,294.0232238769531,293.1499938964844,293.1499938964844,280.6499938964844,36661.84765625,36000.0,313.1499938964844,0.0,18000.0,1.0,0.0,0.0,0.0,1.0,0.9427809715270996,1.0,0.0,0.0,3.631469488143921,3.631493330001831,8.799501642897667e-07,4.265924453735352,4.265914440155029,9.78592834144365e-06,0.0,0.0,-0.0,5461.01513671875,0.0,1517.5767822265625,1895.4371337890625,0.0,3797.701171875,0.9016052484512328,1.0,0.0,3.0,1.0,0.0
12220080,297.126220703125,297.1499938964844,293.1499938964844,0.0,-0.0,284.5110168457031,0.9990000128746032,0.6764819622039795,0.5499844551086426,297.3443908691406,297.1499938964844,293.1499938964844,0.0,-0.0,284.5106201171875,0.8392206430435181,0.3605337738990783,0.3433384299278259,297.1823425292969,297.1499938964844,293.1499938964844,0.0,-0.0,284.5105285644531,0.814409077167511,0.3266212940216064,0.2303929924964904,297.2210998535156,297.1499938964844,293.1499938964844,0.0,-0.0,284.5102844238281,0.7637650966644287,0.2694560587406158,0.2580349743366241,297.1478881835937,297.1499938964844,293.1499938964844,0.0,-0.0,284.5098876953125,0.7070719599723816,0.2105517536401748,0.9616748690605164,284.5107421875,284.95001220703125,298.7773742675781,288.4997253417969,297.8363647460937,297.2248229980469,284.5124816894531,1.0,0.5388009548187256,0.547292172908783,0.547292172908783,1.0,1.0,-2.8135433197021484,1.1089476346969604,1.704595685005188,0.4755140841007232,0.8874258399009705,0.8874258399009705,0.0,141.431396484375,130.0,40441.26171875,0.0,1944.941650390625,1.0,280.3421325683594,283.0002136230469,291.447021484375,294.0232238769531,293.1499938964844,293.1499938964844,280.6499938964844,36661.84765625,36000.0,313.1499938964844,0.0,18000.0,1.0,0.0,0.0,0.0,1.0,0.9427809715270996,1.0,0.0,0.0,3.631469488143921,3.631493330001831,8.799501642897667e-07,4.265924453735352,4.265914440155029,9.78592834144365e-06,0.0,0.0,-0.0,5461.01513671875,0.0,1517.5767822265625,1895.4371337890625,0.0,3797.701171875,0.9016052484512328,1.0,0.0,3.0,1.0,0.0
12220140,297.15087890625,297.1499938964844,293.1499938964844,0.0,-0.0,284.6988830566406,0.9990000128746032,0.6786221861839294,0.5389819741249084,297.3523254394531,297.1499938964844,293.1499938964844,0.0,-0.0,284.6986389160156,0.8467257022857666,0.3637906610965729,0.3460535109043121,297.1905212402344,297.1499938964844,293.1499938964844,0.0,-0.0,284.6985778808594,0.8202921152114868,0.3278509676456451,0.2309796214103698,297.2254638671875,297.1499938964844,293.1499938964844,0.0,-0.0,284.6983947753906,0.7698725461959839,0.2707926332950592,0.2589758038520813,297.15142822265625,297.1499938964844,293.1499938964844,0.0,-0.0,284.6981201171875,0.7119998931884766,0.2108749598264694,0.9616079926490784,284.69873046875,284.95001220703125,298.75860595703125,288.467529296875,297.8330078125,297.2330322265625,284.6997375488281,1.0,0.5349210500717163,0.5462616086006165,0.5462616086006165,1.0,1.0,-2.805354356765747,1.1038841009140017,1.7014702558517456,0.4724835455417633,0.885644793510437,0.885644793510437,0.0,137.58676147460938,133.0,39222.90625,0.0,1913.518798828125,1.0,280.6415405273437,283.2335510253906,291.4010009765625,293.88641357421875,293.1499938964844,293.1499938964844,280.95001220703125,36481.1640625,36000.0,313.1499938964844,0.0,18000.0,1.0,0.0,0.0,0.0,1.0,0.926103949546814,1.0,0.0,0.0,3.612888813018799,3.612912654876709,8.709686198926647e-07,4.265924453735352,4.265914440155029,9.78592834144365e-06,0.0,0.0,-0.0,5347.3701171875,0.0,1495.8348388671875,1895.4371337890625,0.0,3645.37890625,0.8973392248153687,1.0,0.0,3.0,1.0,0.0
12220200,297.15087890625,297.1499938964844,293.1499938964844,0.0,-0.0,284.6988830566406,0.9990000128746032,0.6786221861839294,0.5389819741249084,297.3523254394531,297.1499938964844,293.1499938964844,0.0,-0.0,284.6986389160156,0.8467257022857666,0.3637906610965729,0.3460535109043121,297.1905212402344,297.1499938964844,293.1499938964844,0.0,-0.0,284.6985778808594,0.8202921152114868,0.3278509676456451,0.2309796214103698,297.2254638671875,297.1499938964844,293.1499938964844,0.0,-0.0,284.6983947753906,0.7698725461959839,0.2707926332950592,0.2589758038520813,297.15142822265625,297.1499938964844,293.1499938964844,0.0,-0.0,284.6981201171875,0.7119998931884766,0.2108749598264694,0.9616079926490784,284.69873046875,284.95001220703125,298.75860595703125,288.467529296875,297.8330078125,297.2330322265625,284.6997375488281,1.0,0.5349210500717163,0.5462616086006165,0.5462616086006165,1.0,1.0,-2.805354356765747,1.1038841009140017,1.7014702558517456,0.4724835455417633,0.885644793510437,0.885644793510437,0.0,137.58676147460938,133.0,39222.90625,0.0,1913.518798828125,1.0,280.6415405273437,283.2335510253906,291.4010009765625,293.88641357421875,293.1499938964844,293.1499938964844,280.95001220703125,36481.1640625,36000.0,313.1499938964844,0.0,18000.0,1.0,0.0,0.0,0.0,1.0,0.926103949546814,1.0,0.0,0.0,3.612888813018799,3.612912654876709,8.709686198926647e-07,4.265924453735352,4.265914440155029,9.78592834144365e-06,0.0,0.0,-0.0,5347.3701171875,0.0,1495.8348388671875,1895.4371337890625,0.0,3645.37890625,0.8973392248153687,1.0,0.0,3.0,1.0,0.0
12220260,297.20623779296875,297.1499938964844,293.1499938964844,0.0,-0.0,284.88458251953125,0.9990000128746032,0.6842350959777832,0.5312989950180054,297.3651123046875,297.1499938964844,293.1499938964844,0.0,-0.0,284.88427734375,0.8533374667167664,0.3676457107067108,0.3494578599929809,297.2035827636719,297.1499938964844,293.1499938964844,0.0,-0.0,284.8841857910156,0.825208842754364,0.3296829760074615,0.2320922911167144,297.2345275878906,297.1499938964844,293.1499938964844,0.0,-0.0,284.88397216796875,0.7751749753952026,0.2726628482341766,0.2605298161506653,297.1602783203125,297.1499938964844,293.1499938964844,0.0,-0.0,284.8836364746094,0.7161158323287964,0.2117856591939926,0.9646376967430116,284.8843688964844,284.95001220703125,298.73974609375,288.435302734375,297.83563232421875,297.2510070800781,284.8858337402344,1.0,0.5339385867118835,0.5450383424758911,0.5450383424758911,1.0,1.0,-2.807039976119995,1.1029080152511597,1.704131841659546,0.4709322452545166,0.8862930536270142,0.8862930536270142,0.0,135.2011260986328,136.0,38090.2421875,0.0,1904.7861328125,1.0,280.9413757324219,283.46514892578125,291.3741760253906,293.7838439941406,293.1499938964844,293.1499938964844,281.25,36249.09375,36000.0,313.1499938964844,0.0,18000.0,1.0,0.0,0.0,0.0,1.0,0.9110018610954284,1.0,0.0,0.0,3.602857828140259,3.60288143157959,8.661388619657373e-07,4.265924453735352,4.265914440155029,9.78592834144365e-06,0.0,0.0,-0.0,5245.92919921875,0.0,1483.18994140625,1895.4371337890625,0.0,3505.899169921875,0.894941508769989,1.0,0.0,3.0,1.0,0.0
12220320,297.20623779296875,297.1499938964844,293.1499938964844,0.0,-0.0,284.88458251953125,0.9990000128746032,0.6842350959777832,0.5312989950180054,297.3651123046875,297.1499938964844,293.1499938964844,0.0,-0.0,284.88427734375,0.8533374667167664,0.3676457107067108,0.3494578599929809,297.2035827636719,297.1499938964844,293.1499938964844,0.0,-0.0,284.8841857910156,0.825208842754364,0.3296829760074615,0.2320922911167144,297.2345275878906,297.1499938964844,293.1499938964844,0.0,-0.0,284.88397216796875,0.7751749753952026,0.2726628482341766,0.2605298161506653,297.1602783203125,297.1499938964844,293.1499938964844,0.0,-0.0,284.8836364746094,0.7161158323287964,0.2117856591939926,0.9646376967430116,284.8843688964844,284.95001220703125,298.73974609375,288.435302734375,297.83563232421875,297.2510070800781,284.8858337402344,1.0,0.5339385867118835,0.5450383424758911,0.5450383424758911,1.0,1.0,-2.807039976119995,1.1029080152511597,1.704131841659546,0.4709322452545166,0.8862930536270142,0.8862930536270142,0.0,135.2011260986328,136.0,38090.2421875,0.0,1904.7861328125,1.0,280.9413757324219,283.46514892578125,291.3741760253906,293.7838439941406,293.1499938964844,293.1499938964844,281.25,36249.09375,36000.0,313.1499938964844,0.0,18000.0,1.0,0.0,0.0,0.0,1.0,0.9110018610954284,1.0,0.0,0.0,3.602857828140259,3.60288143157959,8.661388619657373e-07,4.265924453735352,4.265914440155029,9.78592834144365e-06,0.0,0.0,-0.0,5245.92919921875,0.0,1483.18994140625,1895.4371337890625,0.0,3505.899169921875,0.894941508769989,1.0,0.0,3.0,1.0,0.0
12220380,297.2618408203125,297.1499938964844,293.1499938964844,0.0,-0.0,285.0795288085937,0.9990000128746032,0.6905832886695862,0.5274034142494202,297.380126953125,297.1499938964844,293.1499938964844,0.0,-0.0,285.0791931152344,0.8584600687026978,0.3718900680541992,0.3533131182193756,297.2185363769531,297.1499938964844,293.1499938964844,0.0,-0.0,285.0790710449219,0.8286746144294739,0.3318731486797333,0.2335200309753418,297.2457580566406,297.1499938964844,293.1499938964844,0.0,-0.0,285.0788269042969,0.7790924906730652,0.2748691737651825,0.2624859511852264,297.1712951660156,297.1499938964844,293.1499938964844,0.0,-0.0,285.07843017578125,0.7190003991127014,0.2130308002233505,0.9696587920188904,285.07928466796875,284.95001220703125,298.7213134765625,288.40338134765625,297.8432312011719,297.2764892578125,285.0810852050781,1.0,0.5347897410392761,0.5438150763511658,0.5438150763511658,1.0,1.0,-2.8170862197875977,1.1055335998535156,1.7115527391433716,0.4712606966495514,0.8895992636680603,0.8895992636680603,0.0,134.34616088867188,139.0,37166.79296875,0.0,1916.5946044921875,1.0,281.2413330078125,283.70391845703125,291.35186767578125,293.7001953125,293.1499938964844,293.1499938964844,281.54998779296875,35977.9453125,36000.0,313.1499938964844,0.0,18000.0,1.0,0.0,0.0,0.0,1.0,0.8978491425514221,1.0,0.0,0.0,3.602885007858277,3.602908372879028,8.661519359520753e-07,4.265924453735352,4.265914440155029,9.78592834144365e-06,0.0,0.0,-0.0,5161.73876953125,0.0,1481.216796875,1895.4371337890625,0.0,3383.526611328125,0.8947582244873047,1.0,0.0,3.0,1.0,0.0
12220440,297.2618408203125,297.1499938964844,293.1499938964844,0.0,-0.0,285.0795288085937,0.9990000128746032,0.6905832886695862,0.5274034142494202,297.380126953125,297.1499938964844,293.1499938964844,0.0,-0.0,285.0791931152344,0.8584600687026978,0.3718900680541992,0.3533131182193756,297.2185363769531,297.1499938964844,293.1499938964844,0.0,-0.0,285.0790710449219,0.8286746144294739,0.3318731486797333,0.2335200309753418,297.2457580566406,297.1499938964844,293.1499938964844,0.0,-0.0,285.0788269042969,0.7790924906730652,0.2748691737651825,0.2624859511852264,297.1712951660156,297.1499938964844,293.1499938964844,0.0,-0.0,285.07843017578125,0.7190003991127014,0.2130308002233505,0.9696587920188904,285.07928466796875,284.95001220703125,298.7213134765625,288.40338134765625,297.8432312011719,297.2764892578125,285.0810852050781,1.0,0.5347897410392761,0.5438150763511658,0.5438150763511658,1.0,1.0,-2.8170862197875977,1.1055335998535156,1.7115527391433716,0.4712606966495514,0.8895992636680603,0.8895992636680603,0.0,134.34616088867188,139.0,37166.79296875,0.0,1916.5946044921875,1.0,281.2413330078125,283.70391845703125,291.35186767578125,293.7001953125,293.1499938964844,293.1499938964844,281.54998779296875,35977.9453125,36000.0,313.1499938964844,0.0,18000.0,1.0,0.0,0.0,0.0,1.0,0.8978491425514221,1.0,0.0,0.0,3.602885007858277,3.602908372879028,8.661519359520753e-07,4.265924453735352,4.265914440155029,9.78592834144365e-06,0.0,0.0,-0.0,5161.73876953125,0.0,1481.216796875,1895.4371337890625,0.0,3383.526611328125,0.8947582244873047,1.0,0.0,3.0,1.0,0.0
12220500,297.2874450683594,297.1499938964844,293.1499938964844,0.0,-0.0,285.2281494140625,0.9990000128746032,0.693801999092102,0.5265592336654663,297.3880310058594,297.1499938964844,293.1499938964844,0.0,-0.0,285.2261962890625,0.8605320453643799,0.3741213977336883,0.3553410470485687,297.22625732421875,297.1499938964844,293.1499938964844,0.0,-0.0,285.2255249023437,0.8299449682235718,0.3330647051334381,0.2342987805604934,297.25177001953125,297.1499938964844,293.1499938964844,0.0,-0.0,285.2242126464844,0.7805967926979065,0.2760624885559082,0.2635535001754761,297.177001953125,297.1499938964844,293.1499938964844,0.0,-0.0,285.2218933105469,0.7200437188148499,0.2137256413698196,0.9725528955459596,285.2267761230469,284.95001220703125,298.71240234375,288.3876647949219,297.8480529785156,297.29058837890625,285.2364807128906,1.0,0.5357471108436584,0.5432034134864807,0.5432034134864807,1.0,1.0,-2.8242037296295166,1.1077479124069214,1.7164556980133057,0.4718705117702484,0.8928661942481995,0.8928661942481995,0.0,134.34487915039062,139.0,36444.75,0.0,1927.9093017578125,1.0,281.4974670410156,283.8926696777344,291.3161926269531,293.5688171386719,293.1499938964844,293.1499938964844,281.54998779296875,35818.80859375,36000.0,313.1499938964844,0.0,18000.0,1.0,0.0,0.0,0.0,1.0,0.8897348046302795,1.0,0.0,0.0,3.606800317764282,3.606823921203613,8.68035499479447e-07,4.265924453735352,4.265914440155029,9.78592834144365e-06,0.0,0.0,-0.0,5320.66259765625,0.0,1484.2960205078125,1895.4371337890625,0.0,3307.727294921875,0.8955574035644531,1.0,0.0,3.0,1.0,0.0
12220560,297.31103515625,297.1499938964844,293.1499938964844,0.0,-0.0,285.2816772460937,0.9990000128746032,0.6969932913780212,0.5261173248291016,297.3964233398437,297.1499938964844,293.1499938964844,0.0,-0.0,285.2813415527344,0.8625072836875916,0.3764535784721374,0.3575144708156585,297.2344665527344,297.1499938964844,293.1499938964844,0.0,-0.0,285.2812194824219,0.8311342597007751,0.3343541324138641,0.2351830452680587,297.2581787109375,297.1499938964844,293.1499938964844,0.0,-0.0,285.281005859375,0.7820141911506653,0.2773378491401672,0.2647359073162079,297.18310546875,297.1499938964844,293.1499938964844,0.0,-0.0,285.28057861328125,0.721010684967041,0.2144947499036789,0.975888192653656,285.2814636230469,284.95001220703125,298.70379638671875,288.37213134765625,297.8534545898437,297.3056640625,285.2832336425781,1.0,0.5370041131973267,0.5424636602401733,0.5424636602401733,1.0,1.0,-2.8327746391296387,1.110412359237671,1.722362399101257,0.4726061522960663,0.8956717848777771,0.8956717848777771,0.0,134.52410888671875,142.0,36436.5859375,0.0,1942.4732666015625,1.0,281.5414733886719,283.9480285644531,291.332275390625,293.63299560546875,293.1499938964844,293.1499938964844,281.8500061035156,35685.91015625,36000.0,313.1499938964844,0.0,18000.0,1.0,0.0,0.0,0.0,1.0,0.887053370475769,1.0,0.0,0.0,3.6138391494750977,3.6138627529144287,8.714268915355206e-07,4.265924453735352,4.265914440155029,9.78592834144365e-06,0.0,0.0,-0.0,5091.52197265625,0.0,1490.98193359375,1895.4371337890625,0.0,3282.64013671875,0.8969988822937012,1.0,0.0,3.0,1.0,0.0
12220620,297.3485412597656,297.1499938964844,293.1499938964844,0.0,-0.0,285.4842224121094,0.9990000128746032,0.7028405666351318,0.5266581177711487,297.4132080078125,297.1499938964844,293.1499938964844,0.0,-0.0,285.48388671875,0.8657854795455933,0.381273865699768,0.3619921505451202,297.25067138671875,297.1499938964844,293.1499938964844,0.0,-0.0,285.4837646484375,0.8328958749771118,0.3370648324489593,0.2370319962501526,297.2710266113281,297.1499938964844,293.1499938964844,0.0,-0.0,285.4835510253906,0.784231424331665,0.2800100445747375,0.2672123312950134,297.195556640625,297.1499938964844,293.1499938964844,0.0,-0.0,285.4831237792969,0.7224633097648621,0.2161744982004165,0.9831905961036682,285.4839782714844,284.95001220703125,298.687744140625,288.3419494628906,297.86346435546875,297.3335266113281,285.4858093261719,1.0,0.5402255654335022,0.5409841537475586,0.5409841537475586,1.0,1.0,-2.8527774810791016,1.116927146911621,1.73585045337677,0.4746383428573608,0.9044495820999146,0.9044495820999146,0.0,135.4377899169922,145.0,35764.4140625,0.0,1979.1685791015625,1.0,281.8415222167969,284.1895446777344,291.3108825683594,293.5696105957031,293.1499938964844,293.1499938964844,281.54998779296875,35396.59765625,36000.0,313.1499938964844,0.0,18000.0,1.0,0.0,0.0,0.0,1.0,0.8780167102813721,1.0,0.0,0.0,3.635611772537232,3.6356356143951416,8.819588401820511e-07,4.265924453735352,4.265914440155029,9.78592834144365e-06,0.0,0.0,-0.0,5618.44091796875,0.0,1512.7227783203125,1895.4371337890625,0.0,3197.991455078125,0.901664137840271,1.0,0.0,3.0,1.0,0.0
12220680,297.3485412597656,297.1499938964844,293.1499938964844,0.0,-0.0,285.4842224121094,0.9990000128746032,0.7028405666351318,0.5266581177711487,297.4132080078125,297.1499938964844,293.1499938964844,0.0,-0.0,285.48388671875,0.8657854795455933,0.381273865699768,0.3619921505451202,297.25067138671875,297.1499938964844,293.1499938964844,0.0,-0.0,285.4837646484375,0.8328958749771118,0.3370648324489593,0.2370319962501526,297.2710266113281,297.1499938964844,293.1499938964844,0.0,-0.0,285.4835510253906,0.784231424331665,0.2800100445747375,0.2672123312950134,297.195556640625,297.1499938964844,293.1499938964844,0.0,-0.0,285.4831237792969,0.7224633097648621,0.2161744982004165,0.9831905961036682,285.4839782714844,284.95001220703125,298.687744140625,288.3419494628906,297.86346435546875,297.3335266113281,285.4858093261719,1.0,0.5402255654335022,0.5409841537475586,0.5409841537475586,1.0,1.0,-2.8527774810791016,1.116927146911621,1.73585045337677,0.4746383428573608,0.9044495820999146,0.9044495820999146,0.0,135.4377899169922,145.0,35764.4140625,0.0,1979.1685791015625,1.0,281.8415222167969,284.1895446777344,291.3108825683594,293.5696105957031,293.1499938964844,293.1499938964844,281.54998779296875,35396.59765625,36000.0,313.1499938964844,0.0,18000.0,1.0,0.0,0.0,0.0,1.0,0.8780167102813721,1.0,0.0,0.0,3.635611772537232,3.6356356143951416,8.819588401820511e-07,4.265924453735352,4.265914440155029,9.78592834144365e-06,0.0,0.0,-0.0,5618.44091796875,0.0,1512.7227783203125,1895.4371337890625,0.0,3197.991455078125,0.901664137840271,1.0,0.0,3.0,1.0,0.0
12220740,297.3459167480469,297.1499938964844,293.1499938964844,0.0,-0.0,285.3095703125,0.9990000128746032,0.7051446437835693,0.5302874445915222,297.4161071777344,297.1499938964844,293.1499938964844,0.0,-0.0,285.309814453125,0.8668773770332336,0.3849216103553772,0.3658664524555206,297.25201416015625,297.1499938964844,293.1499938964844,0.0,-0.0,285.3099060058594,0.8325876593589783,0.3384958505630493,0.238381952047348,297.27313232421875,297.1499938964844,293.1499938964844,0.0,-0.0,285.3100891113281,0.7844120860099792,0.2817715108394623,0.2692349851131439,297.1993103027344,297.1499938964844,293.1499938964844,0.0,-0.0,285.3103942871094,0.7222389578819275,0.2171447426080703,0.9889822006225586,285.3097229003906,284.95001220703125,298.6736145019531,288.3132019042969,297.8572692871094,297.3337097167969,285.3085327148437,1.0,0.5440260767936707,0.5395045876502991,0.5395045876502991,1.0,1.0,-2.8728151321411133,1.1233997344970703,1.7494152784347534,0.4767206013202667,0.9078394174575806,0.9078394174575806,0.0,137.33140563964844,148.0,36836.796875,0.0,2021.171875,1.0,281.557861328125,283.9690246582031,291.3861389160156,293.7818908691406,293.1499938964844,293.1499938964844,281.25,35475.62109375,36000.0,313.1499938964844,0.0,18000.0,1.0,0.0,0.0,0.0,1.0,0.8974957466125488,1.0,0.0,0.0,3.6559255123138414,3.655949354171753,8.918420348891232e-07,4.265924453735352,4.265914440155029,9.78592834144365e-06,0.0,0.0,-0.0,5762.74755859375,0.0,1535.8409423828125,1895.4371337890625,0.0,3380.22998046875,0.9062342047691344,1.0,0.0,3.0,1.0,0.0
12220800,297.3459167480469,297.1499938964844,293.1499938964844,0.0,-0.0,285.3095703125,0.9990000128746032,0.7051446437835693,0.5302874445915222,297.4161071777344,297.1499938964844,293.1499938964844,0.0,-0.0,285.309814453125,0.8668773770332336,0.3849216103553772,0.3658664524555206,297.25201416015625,297.1499938964844,293.1499938964844,0.0,-0.0,285.3099060058594,0.8325876593589783,0.3384958505630493,0.238381952047348,297.27313232421875,297.1499938964844,293.1499938964844,0.0,-0.0,285.3100891113281,0.7844120860099792,0.2817715108394623,0.2692349851131439,297.1993103027344,297.1499938964844,293.1499938964844,0.0,-0.0,285.3103942871094,0.7222389578819275,0.2171447426080703,0.9889822006225586,285.3097229003906,284.95001220703125,298.6736145019531,288.3132019042969,297.8572692871094,297.3337097167969,285.3085327148437,1.0,0.5440260767936707,0.5395045876502991,0.5395045876502991,1.0,1.0,-2.8728151321411133,1.1233997344970703,1.7494152784347534,0.4767206013202667,0.9078394174575806,0.9078394174575806,0.0,137.33140563964844,148.0,36836.796875,0.0,2021.171875,1.0,281.557861328125,283.9690246582031,291.3861389160156,293.7818908691406,293.1499938964844,293.1499938964844,281.25,35475.62109375,36000.0,313.1499938964844,0.0,18000.0,1.0,0.0,0.0,0.0,1.0,0.8974957466125488,1.0,0.0,0.0,3.6559255123138414,3.655949354171753,8.918420348891232e-07,4.265924453735352,4.265914440155029,9.78592834144365e-06,0.0,0.0,-0.0,5762.74755859375,0.0,1535.8409423828125,1895.4371337890625,0.0,3380.22998046875,0.9062342047691344,1.0,0.0,3.0,1.0,0.0
12220860,297.30584716796875,297.1499938964844,293.1499938964844,0.0,-0.0,285.1151123046875,0.9990000128746032,0.703597366809845,0.5376833081245422,297.4065856933594,297.1499938964844,293.1499938964844,0.0,-0.0,285.1153564453125,0.864924967288971,0.3873367607593536,0.3684681057929992,297.23992919921875,297.1499938964844,293.1499938964844,0.0,-0.0,285.115478515625,0.8293527364730835,0.3385762870311737,0.2386994808912277,297.2646484375,297.1499938964844,293.1499938964844,0.0,-0.0,285.1156616210937,0.7816703915596008,0.2824804782867431,0.2702075541019439,297.1932983398437,297.1499938964844,293.1499938964844,0.0,-0.0,285.1159973144531,0.7194436192512512,0.2171707898378372,0.9904826879501344,285.11529541015625,284.95001220703125,298.66192626953125,288.28619384765625,297.83599853515625,297.3080749511719,285.1140441894531,1.0,0.547836184501648,0.5376799702644348,0.5376799702644348,1.0,1.0,-2.8881897926330566,1.127301812171936,1.7608880996704102,0.477273553609848,0.9084317684173584,0.9084317684173584,0.0,140.2578887939453,151.0,37883.37890625,0.0,2061.0205078125,1.0,281.2581481933594,283.72869873046875,291.36883544921875,293.8509521484375,293.1499938964844,293.1499938964844,280.95001220703125,35659.19921875,36000.0,313.1499938964844,0.0,18000.0,1.0,0.0,0.0,0.0,1.0,0.917783796787262,1.0,0.0,0.0,3.669257402420044,3.669281482696533,8.983583938970696e-07,4.265924453735352,4.265914440155029,9.78592834144365e-06,0.0,0.0,-0.0,5861.81689453125,0.0,1552.1356201171875,1895.4371337890625,0.0,3568.69189453125,0.9093371033668518,1.0,0.0,3.0,1.0,0.0
12220920,297.30584716796875,297.1499938964844,293.1499938964844,0.0,-0.0,285.1151123046875,0.9990000128746032,0.703597366809845,0.5376833081245422,297.4065856933594,297.1499938964844,293.1499938964844,0.0,-0.0,285.1153564453125,0.864924967288971,0.3873367607593536,0.3684681057929992,297.23992919921875,297.1499938964844,293.1499938964844,0.0,-0.0,285.115478515625,0.8293527364730835,0.3385762870311737,0.2386994808912277,297.2646484375,297.1499938964844,293.1499938964844,0.0,-0.0,285.1156616210937,0.7816703915596008,0.2824804782867431,0.2702075541019439,297.1932983398437,297.1499938964844,293.1499938964844,0.0,-0.0,285.1159973144531,0.7194436192512512,0.2171707898378372,0.9904826879501344,285.11529541015625,284.95001220703125,298.66192626953125,288.28619384765625,297.83599853515625,297.3080749511719,285.1140441894531,1.0,0.547836184501648,0.5376799702644348,0.5376799702644348,1.0,1.0,-2.8881897926330566,1.127301812171936,1.7608880996704102,0.477273553609848,0.9084317684173584,0.9084317684173584,0.0,140.2578887939453,151.0,37883.37890625,0.0,2061.0205078125,1.0,281.2581481933594,283.72869873046875,291.36883544921875,293.8509521484375,293.1499938964844,293.1499938964844,280.95001220703125,35659.19921875,36000.0,313.1499938964844,0.0,18000.0,1.0,0.0,0.0,0.0,1.0,0.917783796787262,1.0,0.0,0.0,3.669257402420044,3.669281482696533,8.983583938970696e-07,4.265924453735352,4.265914440155029,9.78592834144365e-06,0.0,0.0,-0.0,5861.81689453125,0.0,1552.1356201171875,1895.4371337890625,0.0,3568.69189453125,0.9093371033668518,1.0,0.0,3.0,1.0,0.0
12220980,297.240478515625,297.1499938964844,293.1499938964844,0.0,-0.0,284.9223937988281,0.9990000128746032,0.698975682258606,0.5468054413795471,297.39190673828125,297.1499938964844,293.1499938964844,0.0,-0.0,284.9226379394531,0.8615834712982178,0.389103353023529,0.3703711330890655,297.22265625,297.1499938964844,293.1499938964844,0.0,-0.0,284.9227294921875,0.8247718214988708,0.3379670083522796,0.2384595274925232,297.2513122558594,297.1499938964844,293.1499938964844,0.0,-0.0,284.9228820800781,0.7775322794914246,0.2825857102870941,0.2705433666706085,297.1825561523437,297.1499938964844,293.1499938964844,0.0,-0.0,284.9231872558594,0.7152611017227173,0.2166343629360199,0.9891461730003356,284.9225769042969,284.95001220703125,298.6531982421875,288.2613220214844,297.81134033203125,297.27508544921875,284.9215087890625,1.0,0.5514408946037292,0.5358553528785706,0.5358553528785706,1.0,1.0,-2.899953365325928,1.1295784711837769,1.770374774932861,0.4769888818264007,0.9064566493034364,0.9064566493034364,0.0,143.64036560058594,154.0,38894.55859375,0.0,2097.4306640625,1.0,280.95806884765625,283.4907531738281,291.3267517089844,293.87371826171875,293.1499938964844,293.1499938964844,280.6499938964844,35888.37890625,36000.0,313.1499938964844,0.0,18000.0,1.0,0.0,0.0,0.0,1.0,0.9337429404258728,1.0,0.0,0.0,3.674088954925537,3.6741130352020255,9.007258086057846e-07,4.265924453735352,4.265914440155029,9.78592834144365e-06,0.0,0.0,-0.0,5954.02294921875,0.0,1559.29345703125,1895.4371337890625,0.0,3715.400634765625,0.910571813583374,1.0,0.0,3.0,1.0,0.0
12221040,297.240478515625,297.1499938964844,293.1499938964844,0.0,-0.0,284.9223937988281,0.9990000128746032,0.698975682258606,0.5468054413795471,297.39190673828125,297.1499938964844,293.1499938964844,0.0,-0.0,284.9226379394531,0.8615834712982178,0.389103353023529,0.3703711330890655,297.22265625,297.1499938964844,293.1499938964844,0.0,-0.0,284.9227294921875,0.8247718214988708,0.3379670083522796,0.2384595274925232,297.2513122558594,297.1499938964844,293.1499938964844,0.0,-0.0,284.9228820800781,0.7775322794914246,0.2825857102870941,0.2705433666706085,297.1825561523437,297.1499938964844,293.1499938964844,0.0,-0.0,284.9231872558594,0.7152611017227173,0.2166343629360199,0.9891461730003356,284.9225769042969,284.95001220703125,298.6531982421875,288.2613220214844,297.81134033203125,297.27508544921875,284.9215087890625,1.0,0.5514408946037292,0.5358553528785706,0.5358553528785706,1.0,1.0,-2.899953365325928,1.1295784711837769,1.770374774932861,0.4769888818264007,0.9064566493034364,0.9064566493034364,0.0,143.64036560058594,154.0,38894.55859375,0.0,2097.4306640625,1.0,280.95806884765625,283.4907531738281,291.3267517089844,293.87371826171875,293.1499938964844,293.1499938964844,280.6499938964844,35888.37890625,36000.0,313.1499938964844,0.0,18000.0,1.0,0.0,0.0,0.0,1.0,0.9337429404258728,1.0,0.0,0.0,3.674088954925537,3.6741130352020255,9.007258086057846e-07,4.265924453735352,4.265914440155029,9.78592834144365e-06,0.0,0.0,-0.0,5954.02294921875,0.0,1559.29345703125,1895.4371337890625,0.0,3715.400634765625,0.910571813583374,1.0,0.0,3.0,1.0,0.0
12221100,297.2014465332031,297.1499938964844,293.1499938964844,0.0,-0.0,284.7857666015625,0.9990000128746032,0.6957215666770935,0.5515263676643372,297.384033203125,297.1499938964844,293.1499938964844,0.0,-0.0,284.78741455078125,0.8597814440727234,0.3898650705814361,0.3712054789066314,297.213623046875,297.1499938964844,293.1499938964844,0.0,-0.0,284.7881164550781,0.8223425149917603,0.3375425040721893,0.2382507473230362,297.2440490722656,297.1499938964844,293.1499938964844,0.0,-0.0,284.7891845703125,0.7753119468688965,0.2825163006782532,0.2705895900726318,297.176513671875,297.1499938964844,293.1499938964844,0.0,-0.0,284.791259765625,0.7129541039466858,0.216248020529747,0.9879397749900818,284.7869567871094,284.95001220703125,298.65008544921875,288.24981689453125,297.8011169433594,297.2613220214844,284.7787475585937,1.0,0.553152322769165,0.5349429845809937,0.5349429845809937,1.0,1.0,-2.9049861431121826,1.130334496498108,1.7746517658233645,0.4766457080841064,0.9040601849555968,0.9040601849555968,0.0,145.3703155517578,154.0,39903.34375,0.0,2114.494384765625,1.0,280.7006530761719,283.3142395019531,291.3329772949219,293.9866027832031,293.1499938964844,293.1499938964844,280.6499938964844,36022.64453125,36000.0,313.1499938964844,0.0,18000.0,1.0,0.0,0.0,0.0,1.0,0.942905604839325,1.0,0.0,0.0,3.673260927200317,3.6732852458953857,9.003198897516995e-07,4.265924453735352,4.265914440155029,9.78592834144365e-06,0.0,0.0,-0.0,5776.962890625,0.0,1559.372314453125,1895.4371337890625,0.0,3798.831298828125,0.9104440212249756,1.0,0.0,3.0,1.0,0.0
12221160,297.1597595214844,297.1499938964844,293.1499938964844,0.0,-0.0,284.7439270019531,0.9990000128746032,0.6919525861740112,0.5564600229263306,297.37579345703125,297.1499938964844,293.1499938964844,0.0,-0.0,284.7441101074219,0.8578011393547058,0.3905364274978637,0.371907114982605,297.2043151855469,297.1499938964844,293.1499938964844,0.0,-0.0,284.74420166015625,0.8197265863418579,0.3370320498943329,0.2379458397626876,297.2364501953125,297.1499938964844,293.1499938964844,0.0,-0.0,284.74432373046875,0.7729144096374512,0.2823628187179565,0.2705222368240356,297.1698608398437,297.1499938964844,293.1499938964844,0.0,-0.0,284.7445983886719,0.710394024848938,0.2157605588436126,0.986196219921112,284.7440795898437,284.95001220703125,298.6479187011719,288.23895263671875,297.7926940917969,297.2498474121094,284.7431945800781,1.0,0.5547877550125122,0.53409343957901,0.53409343957901,1.0,1.0,-2.909217596054077,1.130825757980347,1.7783918380737305,0.4762189984321594,0.90221107006073,0.90221107006073,0.0,147.15354919433594,157.0,40062.66015625,0.0,2130.515380859375,1.0,280.6581115722656,283.26953125,291.2929077148437,293.9062194824219,293.1499938964844,293.1499938964844,280.3500061035156,36133.875,36000.0,313.1499938964844,0.0,18000.0,1.0,0.0,0.0,0.0,1.0,0.9470872282981871,1.0,0.0,0.0,3.669771432876587,3.6697957515716553,8.986101533992041e-07,4.265924453735352,4.265914440155029,9.78592834144365e-06,0.0,0.0,-0.0,6063.45751953125,0.0,1556.2838134765625,1895.4371337890625,0.0,3836.683837890625,0.9097723364830016,1.0,0.0,3.0,1.0,0.0
12221220,297.0739440917969,297.1499938964844,293.1499938964844,0.0,-0.0,284.56549072265625,0.9990000128746032,0.6833857893943787,0.5663219690322876,297.3593444824219,297.1499938964844,293.1499938964844,0.0,-0.0,284.565673828125,0.8538739085197449,0.3917312026023865,0.3732152581214905,297.18634033203125,297.1499938964844,293.1499938964844,0.0,-0.0,284.5657653808594,0.8144643306732178,0.3358992636203766,0.2372871488332748,297.22125244140625,297.1499938964844,293.1499938964844,0.0,-0.0,284.56591796875,0.7681335210800171,0.2819195389747619,0.2702841460704803,297.15545654296875,297.1499938964844,293.1499938964844,0.0,-0.0,284.5661926269531,0.7049456238746643,0.2145555913448333,0.981799840927124,284.5656433105469,284.95001220703125,298.6466064453125,288.21942138671875,297.78106689453125,297.23358154296875,284.5647277832031,1.0,0.5578629374504089,0.5323943495750427,0.5323943495750427,1.0,1.0,-2.9162838459014893,1.1311941146850586,1.7850897312164309,0.4750545918941498,0.8955906629562378,0.8955906629562378,0.0,150.7083282470703,145.0,41156.6796875,0.0,2160.238525390625,1.0,280.358154296875,283.0511474609375,291.268310546875,293.9476928710937,293.1499938964844,293.1499938964844,280.6499938964844,36400.0859375,36000.0,313.1499938964844,0.0,18000.0,1.0,0.0,0.0,0.0,1.0,0.9595131874084472,1.0,0.0,0.0,3.655606031417847,3.655630111694336,8.916861702346068e-07,4.265924453735352,4.265914440155029,9.78592834144365e-06,0.0,0.0,-0.0,5488.30908203125,0.0,1542.4124755859375,1895.4371337890625,0.0,3948.245361328125,0.9067853689193726,1.0,0.0,3.0,1.0,0.0
12221280,297.0739440917969,297.1499938964844,293.1499938964844,0.0,-0.0,284.56549072265625,0.9990000128746032,0.6833857893943787,0.5663219690322876,297.3593444824219,297.1499938964844,293.1499938964844,0.0,-0.0,284.565673828125,0.8538739085197449,0.3917312026023865,0.3732152581214905,297.18634033203125,297.1499938964844,293.1499938964844,0.0,-0.0,284.5657653808594,0.8144643306732178,0.3358992636203766,0.2372871488332748,297.22125244140625,297.1499938964844,293.1499938964844,0.0,-0.0,284.56591796875,0.7681335210800171,0.2819195389747619,0.2702841460704803,297.15545654296875,297.1499938964844,293.1499938964844,0.0,-0.0,284.5661926269531,0.7049456238746643,0.2145555913448333,0.981799840927124,284.5656433105469,284.95001220703125,298.6466064453125,288.21942138671875,297.78106689453125,297.23358154296875,284.5647277832031,1.0,0.5578629374504089,0.5323943495750427,0.5323943495750427,1.0,1.0,-2.9162838459014893,1.1311941146850586,1.7850897312164309,0.4750545918941498,0.8955906629562378,0.8955906629562378,0.0,150.7083282470703,145.0,41156.6796875,0.0,2160.238525390625,1.0,280.358154296875,283.0511474609375,291.268310546875,293.9476928710937,293.1499938964844,293.1499938964844,280.6499938964844,36400.0859375,36000.0,313.1499938964844,0.0,18000.0,1.0,0.0,0.0,0.0,1.0,0.9595131874084472,1.0,0.0,0.0,3.655606031417847,3.655630111694336,8.916861702346068e-07,4.265924453735352,4.265914440155029,9.78592834144365e-06,0.0,0.0,-0.0,5488.30908203125,0.0,1542.4124755859375,1895.4371337890625,0.0,3948.245361328125,0.9067853689193726,1.0,0.0,3.0,1.0,0.0
12221340,297.0344543457031,297.1499938964844,293.1499938964844,0.0,-0.0,284.7367553710937,0.9990000128746032,0.6783385872840881,0.5628030896186829,297.35595703125,297.1499938964844,293.1499938964844,0.0,-0.0,284.7365417480469,0.8569061756134033,0.3940208256244659,0.3749496638774872,297.1824645996094,297.1499938964844,293.1499938964844,0.0,-0.0,284.7364501953125,0.8157627582550049,0.3359472453594208,0.2369924932718277,297.2160949707031,297.1499938964844,293.1499938964844,0.0,-0.0,284.7362976074219,0.7697526812553406,0.2822838425636291,0.2702963352203369,297.14825439453125,297.1499938964844,293.1499938964844,0.0,-0.0,284.73602294921875,0.7054105997085571,0.2138836830854416,0.9775276184082032,284.7366027832031,284.95001220703125,298.6497497558594,288.2030944824219,297.7789001464844,297.23046875,284.737548828125,1.0,0.55555659532547,0.5306952595710754,0.5306952595710754,1.0,1.0,-2.908682584762573,1.1252121925354004,1.7834702730178833,0.4709989130496979,0.8941501975059509,0.8941501975059509,0.0,149.2503662109375,133.0,40016.96875,0.0,2140.020751953125,1.0,280.6421813964844,283.2649230957031,291.15625,293.7012634277344,293.1499938964844,293.1499938964844,280.95001220703125,36316.0390625,36000.0,313.1499938964844,0.0,18000.0,1.0,0.0,0.0,0.0,1.0,0.9458543658256532,1.0,0.0,0.0,3.6430978775024414,3.64312195777893,8.855946589392261e-07,4.265924453735352,4.265914440155029,9.78592834144365e-06,0.0,0.0,-0.0,5340.501953125,0.0,1527.8634033203125,1895.4371337890625,0.0,3825.5390625,0.9039608240127563,1.0,0.0,3.0,1.0,0.0
12221400,297.0344543457031,297.1499938964844,293.1499938964844,0.0,-0.0,284.7367553710937,0.9990000128746032,0.6783385872840881,0.5628030896186829,297.35595703125,297.1499938964844,293.1499938964844,0.0,-0.0,284.7365417480469,0.8569061756134033,0.3940208256244659,0.3749496638774872,297.1824645996094,297.1499938964844,293.1499938964844,0.0,-0.0,284.7364501953125,0.8157627582550049,0.3359472453594208,0.2369924932718277,297.2160949707031,297.1499938964844,293.1499938964844,0.0,-0.0,284.7362976074219,0.7697526812553406,0.2822838425636291,0.2702963352203369,297.14825439453125,297.1499938964844,293.1499938964844,0.0,-0.0,284.73602294921875,0.7054105997085571,0.2138836830854416,0.9775276184082032,284.7366027832031,284.95001220703125,298.6497497558594,288.2030944824219,297.7789001464844,297.23046875,284.737548828125,1.0,0.55555659532547,0.5306952595710754,0.5306952595710754,1.0,1.0,-2.908682584762573,1.1252121925354004,1.7834702730178833,0.4709989130496979,0.8941501975059509,0.8941501975059509,0.0,149.2503662109375,133.0,40016.96875,0.0,2140.020751953125,1.0,280.6421813964844,283.2649230957031,291.15625,293.7012634277344,293.1499938964844,293.1499938964844,280.95001220703125,36316.0390625,36000.0,313.1499938964844,0.0,18000.0,1.0,0.0,0.0,0.0,1.0,0.9458543658256532,1.0,0.0,0.0,3.6430978775024414,3.64312195777893,8.855946589392261e-07,4.265924453735352,4.265914440155029,9.78592834144365e-06,0.0,0.0,-0.0,5340.501953125,0.0,1527.8634033203125,1895.4371337890625,0.0,3825.5390625,0.9039608240127563,1.0,0.0,3.0,1.0,0.0
12221460,297.06134033203125,297.1499938964844,293.1499938964844,0.0,-0.0,284.9149475097656,0.9990000128746032,0.6795384883880615,0.5477311015129089,297.36376953125,297.1499938964844,293.1499938964844,0.0,-0.0,284.9147644042969,0.8667458295822144,0.3974123895168304,0.3777297139167785,297.1905822753906,297.1499938964844,293.1499938964844,0.0,-0.0,284.9146728515625,0.8233392834663391,0.3371699750423431,0.2375325709581375,297.22052001953125,297.1499938964844,293.1499938964844,0.0,-0.0,284.91455078125,0.7776499390602112,0.2835616171360016,0.2711219787597656,297.15087890625,297.1499938964844,293.1499938964844,0.0,-0.0,284.914306640625,0.71186763048172,0.2141166478395462,0.9766772389411926,284.914794921875,284.95001220703125,298.6578369140625,288.1903076171875,297.78497314453125,297.2375793457031,284.9155578613281,1.0,0.5501843690872192,0.5292574167251587,0.5292574167251587,1.0,1.0,-2.8945322036743164,1.1168328523635864,1.77769935131073,0.4658381044864654,0.8951748013496399,0.8951748013496399,0.0,143.75111389160156,136.0,38780.59375,0.0,2088.897705078125,1.0,280.9416809082031,283.48760986328125,291.1202087402344,293.5707702636719,293.1499938964844,293.1499938964844,281.25,36137.6640625,36000.0,313.1499938964844,0.0,18000.0,1.0,0.0,0.0,0.0,1.0,0.928367793560028,1.0,0.0,0.0,3.637362957000733,3.6373867988586426,8.828086492940201e-07,4.265924453735352,4.265914440155029,9.78592834144365e-06,0.0,0.0,-0.0,5227.79345703125,0.0,1520.1810302734375,1895.4371337890625,0.0,3666.17138671875,0.9025629162788392,1.0,0.0,3.0,1.0,0.0
12221520,297.06134033203125,297.1499938964844,293.1499938964844,0.0,-0.0,284.9149475097656,0.9990000128746032,0.6795384883880615,0.5477311015129089,297.36376953125,297.1499938964844,293.1499938964844,0.0,-0.0,284.9147644042969,0.8667458295822144,0.3974123895168304,0.3777297139167785,297.1905822753906,297.1499938964844,293.1499938964844,0.0,-0.0,284.9146728515625,0.8233392834663391,0.3371699750423431,0.2375325709581375,297.22052001953125,297.1499938964844,293.1499938964844,0.0,-0.0,284.91455078125,0.7776499390602112,0.2835616171360016,0.2711219787597656,297.15087890625,297.1499938964844,293.1499938964844,0.0,-0.0,284.914306640625,0.71186763048172,0.2141166478395462,0.9766772389411926,284.914794921875,284.95001220703125,298.6578369140625,288.1903076171875,297.78497314453125,297.2375793457031,284.9155578613281,1.0,0.5501843690872192,0.5292574167251587,0.5292574167251587,1.0,1.0,-2.8945322036743164,1.1168328523635864,1.77769935131073,0.4658381044864654,0.8951748013496399,0.8951748013496399,0.0,143.75111389160156,136.0,38780.59375,0.0,2088.897705078125,1.0,280.9416809082031,283.48760986328125,291.1202087402344,293.5707702636719,293.1499938964844,293.1499938964844,281.25,36137.6640625,36000.0,313.1499938964844,0.0,18000.0,1.0,0.0,0.0,0.0,1.0,0.928367793560028,1.0,0.0,0.0,3.637362957000733,3.6373867988586426,8.828086492940201e-07,4.265924453735352,4.265914440155029,9.78592834144365e-06,0.0,0.0,-0.0,5227.79345703125,0.0,1520.1810302734375,1895.4371337890625,0.0,3666.17138671875,0.9025629162788392,1.0,0.0,3.0,1.0,0.0
12221580,297.1219177246094,297.1499938964844,293.1499938964844,0.0,-0.0,285.1061706542969,0.9990000128746032,0.6845411658287048,0.53728848695755,297.3771667480469,297.1499938964844,293.1499938964844,0.0,-0.0,285.1058959960937,0.8751095533370972,0.4014724195003509,0.3812666535377502,297.2041015625,297.1499938964844,293.1499938964844,0.0,-0.0,285.1057434082031,0.8294768929481506,0.339050829410553,0.238639160990715,297.2301330566406,297.1499938964844,293.1499938964844,0.0,-0.0,285.1055603027344,0.7842428088188171,0.2854259610176086,0.2726174294948578,297.16033935546875,297.1499938964844,293.1499938964844,0.0,-0.0,285.10516357421875,0.7170806527137756,0.2150797545909881,0.9795944690704346,285.10595703125,284.95001220703125,298.6714172363281,288.1814270019531,297.7960205078125,297.2489929199219,285.1073608398437,1.0,0.5481849908828735,0.5278195738792419,0.5278195738792419,1.0,1.0,-2.8928446769714355,1.1138386726379397,1.7790061235427856,0.462958812713623,0.8988246321678162,0.8988246321678162,0.0,140.31431579589844,139.0,37838.83203125,0.0,2069.137939453125,1.0,281.2416381835937,283.7235717773437,291.11578369140625,293.4967041015625,293.1499938964844,293.1499938964844,281.54998779296875,35905.20703125,36000.0,313.1499938964844,0.0,18000.0,1.0,0.0,0.0,0.0,1.0,0.9121343493461608,1.0,0.0,0.0,3.640165090560913,3.6401889324188232,8.841693102112913e-07,4.265924453735352,4.265914440155029,9.78592834144365e-06,0.0,0.0,-0.0,5144.384765625,0.0,1521.5467529296875,1895.4371337890625,0.0,3516.40087890625,0.9030335545539856,1.0,0.0,3.0,1.0,0.0
12221640,297.1219177246094,297.1499938964844,293.1499938964844,0.0,-0.0,285.1061706542969,0.9990000128746032,0.6845411658287048,0.53728848695755,297.3771667480469,297.1499938964844,293.1499938964844,0.0,-0.0,285.1058959960937,0.8751095533370972,0.4014724195003509,0.3812666535377502,297.2041015625,297.1499938964844,293.1499938964844,0.0,-0.0,285.1057434082031,0.8294768929481506,0.339050829410553,0.238639160990715,297.2301330566406,297.1499938964844,293.1499938964844,0.0,-0.0,285.1055603027344,0.7842428088188171,0.2854259610176086,0.2726174294948578,297.16033935546875,297.1499938964844,293.1499938964844,0.0,-0.0,285.10516357421875,0.7170806527137756,0.2150797545909881,0.9795944690704346,285.10595703125,284.95001220703125,298.6714172363281,288.1814270019531,297.7960205078125,297.2489929199219,285.1073608398437,1.0,0.5481849908828735,0.5278195738792419,0.5278195738792419,1.0,1.0,-2.8928446769714355,1.1138386726379397,1.7790061235427856,0.462958812713623,0.8988246321678162,0.8988246321678162,0.0,140.31431579589844,139.0,37838.83203125,0.0,2069.137939453125,1.0,281.2416381835937,283.7235717773437,291.11578369140625,293.4967041015625,293.1499938964844,293.1499938964844,281.54998779296875,35905.20703125,36000.0,313.1499938964844,0.0,18000.0,1.0,0.0,0.0,0.0,1.0,0.9121343493461608,1.0,0.0,0.0,3.640165090560913,3.6401889324188232,8.841693102112913e-07,4.265924453735352,4.265914440155029,9.78592834144365e-06,0.0,0.0,-0.0,5144.384765625,0.0,1521.5467529296875,1895.4371337890625,0.0,3516.40087890625,0.9030335545539856,1.0,0.0,3.0,1.0,0.0
12221700,297.1527099609375,297.1499938964844,293.1499938964844,0.0,-0.0,285.2529602050781,0.9990000128746032,0.6873852610588074,0.5338789224624634,297.3849182128906,297.1499938964844,293.1499938964844,0.0,-0.0,285.2514038085937,0.8785138130187988,0.4036695063114166,0.3832109868526459,297.21173095703125,297.1499938964844,293.1499938964844,0.0,-0.0,285.25048828125,0.8318479061126709,0.3401389122009277,0.2393120229244232,297.2359619140625,297.1499938964844,293.1499938964844,0.0,-0.0,285.2493591308594,0.7868503332138062,0.2865017056465149,0.2735264897346496,297.1663513183594,297.1499938964844,293.1499938964844,0.0,-0.0,285.2469177246094,0.7191091179847717,0.2157364338636398,0.9820321798324584,285.251708984375,284.95001220703125,298.680419921875,288.1785888671875,297.8038024902344,297.2568054199219,285.2608642578125,1.0,0.5480440258979797,0.5271006226539612,0.5271006226539612,1.0,1.0,-2.8959107398986816,1.114000678062439,1.7819099426269531,0.462374597787857,0.9022422432899476,0.9022422432899476,0.0,139.3446502685547,139.0,37072.85546875,0.0,2069.48583984375,1.0,281.4985046386719,283.9101867675781,291.093017578125,293.3745422363281,293.1499938964844,293.1499938964844,281.54998779296875,35762.47265625,36000.0,313.1499938964844,0.0,18000.0,1.0,0.0,0.0,0.0,1.0,0.9026039242744446,1.0,0.0,0.0,3.645024299621582,3.645048141479492,8.865314384820522e-07,4.265924453735352,4.265914440155029,9.78592834144365e-06,0.0,0.0,-0.0,5306.9169921875,0.0,1525.8651123046875,1895.4371337890625,0.0,3427.844970703125,0.9040582180023192,1.0,0.0,3.0,1.0,0.0
12221760,297.1828918457031,297.1499938964844,293.1499938964844,0.0,-0.0,285.30401611328125,0.9990000128746032,0.6903685927391052,0.531203031539917,297.3934020996094,297.1499938964844,293.1499938964844,0.0,-0.0,285.30377197265625,0.8816763162612915,0.4059920907020569,0.3853379487991333,297.219970703125,297.1499938964844,293.1499938964844,0.0,-0.0,285.3036193847656,0.834015965461731,0.3413419723510742,0.2401106357574463,297.242431640625,297.1499938964844,293.1499938964844,0.0,-0.0,285.3034362792969,0.7892483472824097,0.2876818180084228,0.2745819687843323,297.17303466796875,297.1499938964844,293.1499938964844,0.0,-0.0,285.3030090332031,0.7209694385528564,0.2164966613054275,0.9851421117782592,285.3038330078125,284.95001220703125,298.69097900390625,288.1768493652344,297.8135070800781,297.2666015625,285.3053894042969,1.0,0.5483866333961487,0.526496946811676,0.526496946811676,1.0,1.0,-2.9012134075164795,1.11528742313385,1.7859259843826294,0.4624164402484894,0.905170202255249,0.905170202255249,0.0,138.69815063476562,142.0,37046.49609375,0.0,2075.17724609375,1.0,281.54180908203125,283.9629211425781,291.1235656738281,293.4512634277344,293.1499938964844,293.1499938964844,281.25,35644.12109375,36000.0,313.1499938964844,0.0,18000.0,1.0,0.0,0.0,0.0,1.0,0.8986138105392456,1.0,0.0,0.0,3.652709245681762,3.652733325958252,8.902736681193346e-07,4.265924453735352,4.265914440155029,9.78592834144365e-06,0.0,0.0,-0.0,5687.1572265625,0.0,1533.5201416015625,1895.4371337890625,0.0,3390.659423828125,0.9056609869003296,1.0,0.0,3.0,1.0,0.0
12221820,297.2037353515625,297.1499938964844,293.1499938964844,0.0,-0.0,285.1280212402344,0.9990000128746032,0.6929571032524109,0.5301086902618408,297.39605712890625,297.1499938964844,293.1499938964844,0.0,-0.0,285.12823486328125,0.8850707411766052,0.4093657732009887,0.3888971507549286,297.2217102050781,297.1499938964844,293.1499938964844,0.0,-0.0,285.1283569335937,0.8356964588165283,0.3424246609210968,0.2411656230688095,297.2447204589844,297.1499938964844,293.1499938964844,0.0,-0.0,285.1285095214844,0.7914124131202698,0.2891016602516174,0.2762118279933929,297.1777038574219,297.1499938964844,293.1499938964844,0.0,-0.0,285.1288452148437,0.7224889397621155,0.2172747105360031,0.9897446036338806,285.1282043457031,284.95001220703125,298.71697998046875,288.1768493652344,297.8258056640625,297.271728515625,285.1270446777344,1.0,0.550033450126648,0.5252896547317505,0.5252896547317505,1.0,1.0,-2.912936925888061,1.1183315515518188,1.794605374336243,0.4628272652626037,0.9061196446418762,0.9061196446418762,0.0,138.79983520507812,145.0,38055.96875,0.0,2095.416015625,1.0,281.2577514648437,283.7434387207031,291.2310791015625,293.6906433105469,293.1499938964844,293.1499938964844,280.95001220703125,35735.2578125,36000.0,313.1499938964844,0.0,18000.0,1.0,0.0,0.0,0.0,1.0,0.9143153429031372,1.0,0.0,0.0,3.663341522216797,3.663365602493286,8.954638701652584e-07,4.265924453735352,4.265914440155029,9.78592834144365e-06,0.0,0.0,-0.0,5838.388671875,0.0,1546.0740966796875,1895.4371337890625,0.0,3536.607666015625,0.908073663711548,1.0,0.0,3.0,1.0,0.0
12221880,297.2037353515625,297.1499938964844,293.1499938964844,0.0,-0.0,285.1280212402344,0.9990000128746032,0.6929571032524109,0.5301086902618408,297.39605712890625,297.1499938964844,293.1499938964844,0.0,-0.0,285.12823486328125,0.8850707411766052,0.4093657732009887,0.3888971507549286,297.2217102050781,297.1499938964844,293.1499938964844,0.0,-0.0,285.1283569335937,0.8356964588165283,0.3424246609210968,0.2411656230688095,297.2447204589844,297.1499938964844,293.1499938964844,0.0,-0.0,285.1285095214844,0.7914124131202698,0.2891016602516174,0.2762118279933929,297.1777038574219,297.1499938964844,293.1499938964844,0.0,-0.0,285.1288452148437,0.7224889397621155,0.2172747105360031,0.9897446036338806,285.1282043457031,284.95001220703125,298.71697998046875,288.1768493652344,297.8258056640625,297.271728515625,285.1270446777344,1.0,0.550033450126648,0.5252896547317505,0.5252896547317505,1.0,1.0,-2.912936925888061,1.1183315515518188,1.794605374336243,0.4628272652626037,0.9061196446418762,0.9061196446418762,0.0,138.79983520507812,145.0,38055.96875,0.0,2095.416015625,1.0,281.2577514648437,283.7434387207031,291.2310791015625,293.6906433105469,293.1499938964844,293.1499938964844,280.95001220703125,35735.2578125,36000.0,313.1499938964844,0.0,18000.0,1.0,0.0,0.0,0.0,1.0,0.9143153429031372,1.0,0.0,0.0,3.663341522216797,3.663365602493286,8.954638701652584e-07,4.265924453735352,4.265914440155029,9.78592834144365e-06,0.0,0.0,-0.0,5838.388671875,0.0,1546.0740966796875,1895.4371337890625,0.0,3536.607666015625,0.908073663711548,1.0,0.0,3.0,1.0,0.0
12221940,297.17901611328125,297.1499938964844,293.1499938964844,0.0,-0.0,284.9368896484375,0.9990000128746032,0.6911734342575073,0.5342476963996887,297.38653564453125,297.1499938964844,293.1499938964844,0.0,-0.0,284.93707275390625,0.8845130205154419,0.4115268290042877,0.3912114202976227,297.21063232421875,297.1499938964844,293.1499938964844,0.0,-0.0,284.93719482421875,0.8337546586990356,0.3422209918498993,0.2412443459033966,297.2369384765625,297.1499938964844,293.1499938964844,0.0,-0.0,284.9373474121094,0.7899373173713684,0.2895217537879944,0.2768591344356537,297.17291259765625,297.1499938964844,293.1499938964844,0.0,-0.0,284.9376525878906,0.7208638191223145,0.2171474993228912,0.9903267025947572,284.9370422363281,284.95001220703125,298.75,288.1817932128906,297.8306884765625,297.2605895996094,284.9360046386719,1.0,0.5522982478141785,0.5240823030471802,0.5240823030471802,1.0,1.0,-2.9222683906555176,1.1203304529190063,1.8019378185272217,0.4627226293087005,0.9043508172035216,0.9043508172035216,0.0,140.46185302734375,148.0,39076.1484375,0.0,2119.5078125,1.0,280.9580993652344,283.5077514648437,291.2498779296875,293.7933349609375,293.1499938964844,293.1499938964844,280.6499938964844,35923.24609375,36000.0,313.1499938964844,0.0,18000.0,1.0,0.0,0.0,0.0,1.0,0.9316654205322266,1.0,0.0,0.0,3.666836261749268,3.666860342025757,8.971732654572406e-07,4.265924453735352,4.265914440155029,9.78592834144365e-06,0.0,0.0,-0.0,5947.8291015625,0.0,1551.4034423828125,1895.4371337890625,0.0,3696.397216796875,0.908976912498474,1.0,0.0,3.0,1.0,0.0
12222000,297.17901611328125,297.1499938964844,293.1499938964844,0.0,-0.0,284.9368896484375,0.9990000128746032,0.6911734342575073,0.5342476963996887,297.38653564453125,297.1499938964844,293.1499938964844,0.0,-0.0,284.93707275390625,0.8845130205154419,0.4115268290042877,0.3912114202976227,297.21063232421875,297.1499938964844,293.1499938964844,0.0,-0.0,284.93719482421875,0.8337546586990356,0.3422209918498993,0.2412443459033966,297.2369384765625,297.1499938964844,293.1499938964844,0.0,-0.0,284.9373474121094,0.7899373173713684,0.2895217537879944,0.2768591344356537,297.17291259765625,297.1499938964844,293.1499938964844,0.0,-0.0,284.9376525878906,0.7208638191223145,0.2171474993228912,0.9903267025947572,284.9370422363281,284.95001220703125,298.75,288.1817932128906,297.8306884765625,297.2605895996094,284.9360046386719,1.0,0.5522982478141785,0.5240823030471802,0.5240823030471802,1.0,1.0,-2.9222683906555176,1.1203304529190063,1.8019378185272217,0.4627226293087005,0.9043508172035216,0.9043508172035216,0.0,140.46185302734375,148.0,39076.1484375,0.0,2119.5078125,1.0,280.9580993652344,283.5077514648437,291.2498779296875,293.7933349609375,293.1499938964844,293.1499938964844,280.6499938964844,35923.24609375,36000.0,313.1499938964844,0.0,18000.0,1.0,0.0,0.0,0.0,1.0,0.9316654205322266,1.0,0.0,0.0,3.666836261749268,3.666860342025757,8.971732654572406e-07,4.265924453735352,4.265914440155029,9.78592834144365e-06,0.0,0.0,-0.0,5947.8291015625,0.0,1551.4034423828125,1895.4371337890625,0.0,3696.397216796875,0.908976912498474,1.0,0.0,3.0,1.0,0.0
12222060,297.1255187988281,297.1499938964844,293.1499938964844,0.0,-0.0,284.75445556640625,0.9990000128746032,0.6861447691917419,0.5411875247955322,297.372314453125,297.1499938964844,293.1499938964844,0.0,-0.0,284.7546081542969,0.8819040656089783,0.4130858182907104,0.3928783237934112,297.1949768066406,297.1499938964844,293.1499938964844,0.0,-0.0,284.7547302246094,0.8299632668495178,0.3414039015769958,0.2408248633146286,297.22479248046875,297.1499938964844,293.1499938964844,0.0,-0.0,284.7548217773437,0.7865235805511475,0.2893964350223541,0.2769350409507751,297.1629638671875,297.1499938964844,293.1499938964844,0.0,-0.0,284.7550964355469,0.7174152135848999,0.2164353430271148,0.988138735294342,284.75457763671875,284.95001220703125,298.7866516113281,288.1893310546875,297.8339538574219,297.2451171875,284.75372314453125,1.0,0.5547885298728943,0.5224601030349731,0.5224601030349731,1.0,1.0,-2.929572343826294,1.120776653289795,1.808795690536499,0.461504191160202,0.9002029299736023,0.9002029299736023,0.0,142.952880859375,151.0,40167.73046875,0.0,2144.415771484375,1.0,280.6581420898437,283.2821350097656,291.2462463378906,293.8584289550781,293.1499938964844,293.1499938964844,280.3500061035156,36150.75390625,36000.0,313.1499938964844,0.0,18000.0,1.0,0.0,0.0,0.0,1.0,0.9458196759223938,1.0,0.0,0.0,3.661860942840576,3.6618850231170654,8.947403102865792e-07,4.265924453735352,4.265914440155029,9.78592834144365e-06,0.0,0.0,-0.0,6059.283203125,0.0,1547.5361328125,1895.4371337890625,0.0,3825.225341796875,0.9080165028572084,1.0,0.0,3.0,1.0,0.0
12222120,297.1255187988281,297.1499938964844,293.1499938964844,0.0,-0.0,284.75445556640625,0.9990000128746032,0.6861447691917419,0.5411875247955322,297.372314453125,297.1499938964844,293.1499938964844,0.0,-0.0,284.7546081542969,0.8819040656089783,0.4130858182907104,0.3928783237934112,297.1949768066406,297.1499938964844,293.1499938964844,0.0,-0.0,284.7547302246094,0.8299632668495178,0.3414039015769958,0.2408248633146286,297.22479248046875,297.1499938964844,293.1499938964844,0.0,-0.0,284.7548217773437,0.7865235805511475,0.2893964350223541,0.2769350409507751,297.1629638671875,297.1499938964844,293.1499938964844,0.0,-0.0,284.7550964355469,0.7174152135848999,0.2164353430271148,0.988138735294342,284.75457763671875,284.95001220703125,298.7866516113281,288.1893310546875,297.8339538574219,297.2451171875,284.75372314453125,1.0,0.5547885298728943,0.5224601030349731,0.5224601030349731,1.0,1.0,-2.929572343826294,1.120776653289795,1.808795690536499,0.461504191160202,0.9002029299736023,0.9002029299736023,0.0,142.952880859375,151.0,40167.73046875,0.0,2144.415771484375,1.0,280.6581420898437,283.2821350097656,291.2462463378906,293.8584289550781,293.1499938964844,293.1499938964844,280.3500061035156,36150.75390625,36000.0,313.1499938964844,0.0,18000.0,1.0,0.0,0.0,0.0,1.0,0.9458196759223938,1.0,0.0,0.0,3.661860942840576,3.6618850231170654,8.947403102865792e-07,4.265924453735352,4.265914440155029,9.78592834144365e-06,0.0,0.0,-0.0,6059.283203125,0.0,1547.5361328125,1895.4371337890625,0.0,3825.225341796875,0.9080165028572084,1.0,0.0,3.0,1.0,0.0
12222180,297.0564880371094,297.1499938964844,293.1499938964844,0.0,-0.0,284.5782470703125,0.9990000128746032,0.6788544058799744,0.5495274662971497,297.3566589355469,297.1499938964844,293.1499938964844,0.0,-0.0,284.5783996582031,0.8783372640609741,0.4143161177635193,0.3942100405693054,297.1783752441406,297.1499938964844,293.1499938964844,0.0,-0.0,284.5784912109375,0.8253375291824341,0.3402941823005676,0.240175649523735,297.2112121582031,297.1499938964844,293.1499938964844,0.0,-0.0,284.57861328125,0.7821936011314392,0.2889683842658996,0.2767013907432556,297.1502990722656,297.1499938964844,293.1499938964844,0.0,-0.0,284.578857421875,0.7128843665122986,0.2153170853853225,0.9840697050094604,284.578369140625,284.95001220703125,298.8233337402344,288.1968078613281,297.8383178710937,297.2316589355469,284.5775756835937,1.0,0.5573101043701172,0.5208379030227661,0.5208379030227661,1.0,1.0,-2.9352469444274902,1.1204761266708374,1.8147709369659424,0.4598999321460724,0.8937655687332153,0.8937655687332153,0.0,145.86590576171875,154.0,41280.7265625,0.0,2168.745361328125,1.0,280.3581848144531,283.0652160644531,291.2457580566406,293.9256286621094,293.1499938964844,293.1499938964844,280.6499938964844,36403.52734375,36000.0,313.1499938964844,0.0,18000.0,1.0,0.0,0.0,0.0,1.0,0.9582303762435912,1.0,0.0,0.0,3.647531747817993,3.6475558280944815,8.877515256244806e-07,4.265924453735352,4.265914440155029,9.78592834144365e-06,0.0,0.0,-0.0,5492.259765625,0.0,1533.4412841796875,1895.4371337890625,0.0,3936.795654296875,0.9049845933914183,1.0,0.0,3.0,1.0,0.0
12222240,297.0564880371094,297.1499938964844,293.1499938964844,0.0,-0.0,284.5782470703125,0.9990000128746032,0.6788544058799744,0.5495274662971497,297.3566589355469,297.1499938964844,293.1499938964844,0.0,-0.0,284.5783996582031,0.8783372640609741,0.4143161177635193,0.3942100405693054,297.1783752441406,297.1499938964844,293.1499938964844,0.0,-0.0,284.5784912109375,0.8253375291824341,0.3402941823005676,0.240175649523735,297.2112121582031,297.1499938964844,293.1499938964844,0.0,-0.0,284.57861328125,0.7821936011314392,0.2889683842658996,0.2767013907432556,297.1502990722656,297.1499938964844,293.1499938964844,0.0,-0.0,284.578857421875,0.7128843665122986,0.2153170853853225,0.9840697050094604,284.578369140625,284.95001220703125,298.8233337402344,288.1968078613281,297.8383178710937,297.2316589355469,284.5775756835937,1.0,0.5573101043701172,0.5208379030227661,0.5208379030227661,1.0,1.0,-2.9352469444274902,1.1204761266708374,1.8147709369659424,0.4598999321460724,0.8937655687332153,0.8937655687332153,0.0,145.86590576171875,154.0,41280.7265625,0.0,2168.745361328125,1.0,280.3581848144531,283.0652160644531,291.2457580566406,293.9256286621094,293.1499938964844,293.1499938964844,280.6499938964844,36403.52734375,36000.0,313.1499938964844,0.0,18000.0,1.0,0.0,0.0,0.0,1.0,0.9582303762435912,1.0,0.0,0.0,3.647531747817993,3.6475558280944815,8.877515256244806e-07,4.265924453735352,4.265914440155029,9.78592834144365e-06,0.0,0.0,-0.0,5492.259765625,0.0,1533.4412841796875,1895.4371337890625,0.0,3936.795654296875,0.9049845933914183,1.0,0.0,3.0,1.0,0.0
12222300,297.0292663574219,297.1499938964844,293.1499938964844,0.0,-0.0,284.7102355957031,0.9990000128746032,0.6755807399749756,0.5536619424819946,297.3534240722656,297.1499938964844,293.1499938964844,0.0,-0.0,284.70880126953125,0.8766652345657349,0.4153026938438415,0.3949517011642456,297.1748352050781,297.1499938964844,293.1499938964844,0.0,-0.0,284.70782470703125,0.8231385946273804,0.3401210308074951,0.2399167567491531,297.20770263671875,297.1499938964844,293.1499938964844,0.0,-0.0,284.7068176269531,0.7801194787025452,0.2890089154243469,0.2766222357749939,297.14599609375,297.1499938964844,293.1499938964844,0.0,-0.0,284.7044372558594,0.7105538249015808,0.2148955017328262,0.9818838238716124,284.7090148925781,284.95001220703125,298.8416748046875,288.20050048828125,297.84234619140625,297.2279357910156,284.71759033203125,1.0,0.5585737228393555,0.5200268626213074,0.5200268626213074,1.0,1.0,-2.938071727752685,1.1203134059906006,1.8177584409713743,0.4590480029582977,0.8934046626091003,0.8934046626091003,0.0,147.32391357421875,154.0,40396.23046875,0.0,2180.931884765625,1.0,280.6012268066406,283.2349548339844,291.16436767578125,293.6967163085937,293.1499938964844,293.1499938964844,280.6499938964844,36358.72265625,36000.0,313.1499938964844,0.0,18000.0,1.0,0.0,0.0,0.0,1.0,0.950187921524048,1.0,0.0,0.0,3.640480518341065,3.640504360198975,8.843225032251212e-07,4.265924453735352,4.265914440155029,9.78592834144365e-06,0.0,0.0,-0.0,5629.30859375,0.0,1525.2802734375,1895.4371337890625,0.0,3864.65478515625,0.9034361839294434,1.0,0.0,3.0,1.0,0.0
12222360,297.01220703125,297.1499938964844,293.1499938964844,0.0,-0.0,284.7617492675781,0.9990000128746032,0.6731396317481995,0.5568943619728088,297.354736328125,297.1499938964844,293.1499938964844,0.0,-0.0,284.7614440917969,0.8758462071418762,0.4167212843894958,0.3961629867553711,297.1760559082031,297.1499938964844,293.1499938964844,0.0,-0.0,284.76123046875,0.821746826171875,0.3403970599174499,0.2400117218494415,297.2077941894531,297.1499938964844,293.1499938964844,0.0,-0.0,284.76104736328125,0.7788274884223938,0.2893833518028259,0.2768866419792175,297.1446533203125,297.1499938964844,293.1499938964844,0.0,-0.0,284.7605285644531,0.7088784575462341,0.2147366851568222,0.980873703956604,284.7615051269531,284.95001220703125,298.8599853515625,288.2042236328125,297.8488464355469,297.22808837890625,284.76336669921875,1.0,0.559929609298706,0.519279420375824,0.519279420375824,1.0,1.0,-2.942627429962158,1.120979070663452,1.821648478507996,0.458626240491867,0.8927156925201416,0.8927156925201416,0.0,148.56028747558594,142.0,40313.6796875,0.0,2195.031005859375,1.0,280.6422424316406,283.2890014648437,291.1576538085937,293.7096252441406,293.1499938964844,293.1499938964844,280.95001220703125,36299.4296875,36000.0,313.1499938964844,0.0,18000.0,1.0,0.0,0.0,0.0,1.0,0.9445502161979676,1.0,0.0,0.0,3.635514974594116,3.6355388164520255,8.819117738312343e-07,4.265924453735352,4.265914440155029,9.78592834144365e-06,0.0,0.0,-0.0,5360.498046875,0.0,1519.34423828125,1895.4371337890625,0.0,3813.736083984375,0.9022585153579712,1.0,0.0,3.0,1.0,0.0
12222420,297.0123291015625,297.1499938964844,293.1499938964844,0.0,-0.0,284.9576110839844,0.9990000128746032,0.6713468432426453,0.5499845147132874,297.3642578125,297.1499938964844,293.1499938964844,0.0,-0.0,284.9573974609375,0.8818485736846924,0.420270025730133,0.3991908729076385,297.18572998046875,297.1499938964844,293.1499938964844,0.0,-0.0,284.95721435546875,0.8256649374961853,0.3417001664638519,0.2406823486089706,297.2138671875,297.1499938964844,293.1499938964844,0.0,-0.0,284.9570617675781,0.7831032276153564,0.2907213568687439,0.277875155210495,297.14764404296875,297.1499938964844,293.1499938964844,0.0,-0.0,284.9566345214844,0.7118500471115112,0.2149633765220642,0.980623722076416,284.9574279785156,284.95001220703125,298.89666748046875,288.2115478515625,297.86627197265625,297.236083984375,284.9588317871094,1.0,0.5576801896095276,0.5177845358848572,0.5177845358848572,1.0,1.0,-2.939673900604248,1.1171623468399048,1.8225114345550537,0.4556343257427215,0.894432544708252,0.894432544708252,0.0,146.1862335205078,130.0,39299.20703125,0.0,2178.007568359375,1.0,280.9416198730469,283.5260314941406,291.1474304199219,293.619384765625,293.1499938964844,293.1499938964844,281.25,36092.8203125,36000.0,313.1499938964844,0.0,18000.0,1.0,0.0,0.0,0.0,1.0,0.9282182455062866,1.0,0.0,0.0,3.6313765048980713,3.631400346755981,8.799050874586101e-07,4.265924453735352,4.265914440155029,9.78592834144365e-06,0.0,0.0,-0.0,5268.89599609375,0.0,1513.2384033203125,1895.4371337890625,0.0,3664.798828125,0.9011970162391664,1.0,0.0,3.0,1.0,0.0
12222480,297.0123291015625,297.1499938964844,293.1499938964844,0.0,-0.0,284.9576110839844,0.9990000128746032,0.6713468432426453,0.5499845147132874,297.3642578125,297.1499938964844,293.1499938964844,0.0,-0.0,284.9573974609375,0.8818485736846924,0.420270025730133,0.3991908729076385,297.18572998046875,297.1499938964844,293.1499938964844,0.0,-0.0,284.95721435546875,0.8256649374961853,0.3417001664638519,0.2406823486089706,297.2138671875,297.1499938964844,293.1499938964844,0.0,-0.0,284.9570617675781,0.7831032276153564,0.2907213568687439,0.277875155210495,297.14764404296875,297.1499938964844,293.1499938964844,0.0,-0.0,284.9566345214844,0.7118500471115112,0.2149633765220642,0.980623722076416,284.9574279785156,284.95001220703125,298.89666748046875,288.2115478515625,297.86627197265625,297.236083984375,284.9588317871094,1.0,0.5576801896095276,0.5177845358848572,0.5177845358848572,1.0,1.0,-2.939673900604248,1.1171623468399048,1.8225114345550537,0.4556343257427215,0.894432544708252,0.894432544708252,0.0,146.1862335205078,130.0,39299.20703125,0.0,2178.007568359375,1.0,280.9416198730469,283.5260314941406,291.1474304199219,293.619384765625,293.1499938964844,293.1499938964844,281.25,36092.8203125,36000.0,313.1499938964844,0.0,18000.0,1.0,0.0,0.0,0.0,1.0,0.9282182455062866,1.0,0.0,0.0,3.6313765048980713,3.631400346755981,8.799050874586101e-07,4.265924453735352,4.265914440155029,9.78592834144365e-06,0.0,0.0,-0.0,5268.89599609375,0.0,1513.2384033203125,1895.4371337890625,0.0,3664.798828125,0.9011970162391664,1.0,0.0,3.0,1.0,0.0
12222540,297.0609436035156,297.1499938964844,293.1499938964844,0.0,-0.0,285.1494140625,0.9990000128746032,0.6744808554649353,0.5328924059867859,297.3786315917969,297.1499938964844,293.1499938964844,0.0,-0.0,285.1492614746094,0.8941565752029419,0.4244358539581299,0.4027625024318695,297.2003479003906,297.1499938964844,293.1499938964844,0.0,-0.0,285.14910888671875,0.8349851369857788,0.3436299562454223,0.2417722642421722,297.2244873046875,297.1499938964844,293.1499938964844,0.0,-0.0,285.14898681640625,0.7930300831794739,0.2926033139228821,0.2793189883232116,297.1567077636719,297.1499938964844,293.1499938964844,0.0,-0.0,285.1486511230469,0.719718873500824,0.2158471792936325,0.9828447699546814,285.1492614746094,284.95001220703125,298.9333190917969,288.2188415527344,297.8875732421875,297.2507629394531,285.1502990722656,1.0,0.552546501159668,0.5162897109985352,0.5162897109985352,1.0,1.0,-2.929143190383911,1.110145926475525,1.818997383117676,0.4509835839271545,0.8986917734146118,0.8986917734146118,0.0,140.29310607910156,133.0,38349.2421875,0.0,2130.4345703125,1.0,281.2416076660156,283.7596435546875,291.161376953125,293.57080078125,293.1499938964844,293.1499938964844,281.54998779296875,35847.640625,36000.0,313.1499938964844,0.0,18000.0,1.0,0.0,0.0,0.0,1.0,0.9138002991676332,1.0,0.0,0.0,3.636391878128052,3.636415719985962,8.823373036648263e-07,4.265924453735352,4.265914440155029,9.78592834144365e-06,0.0,0.0,-0.0,5188.38427734375,0.0,1516.9456787109375,1895.4371337890625,0.0,3531.837890625,0.9021495580673218,1.0,0.0,3.0,1.0,0.0
12222600,297.0609436035156,297.1499938964844,293.1499938964844,0.0,-0.0,285.1494140625,0.9990000128746032,0.6744808554649353,0.5328924059867859,297.3786315917969,297.1499938964844,293.1499938964844,0.0,-0.0,285.1492614746094,0.8941565752029419,0.4244358539581299,0.4027625024318695,297.2003479003906,297.1499938964844,293.1499938964844,0.0,-0.0,285.14910888671875,0.8349851369857788,0.3436299562454223,0.2417722642421722,297.2244873046875,297.1499938964844,293.1499938964844,0.0,-0.0,285.14898681640625,0.7930300831794739,0.2926033139228821,0.2793189883232116,297.1567077636719,297.1499938964844,293.1499938964844,0.0,-0.0,285.1486511230469,0.719718873500824,0.2158471792936325,0.9828447699546814,285.1492614746094,284.95001220703125,298.9333190917969,288.2188415527344,297.8875732421875,297.2507629394531,285.1502990722656,1.0,0.552546501159668,0.5162897109985352,0.5162897109985352,1.0,1.0,-2.929143190383911,1.110145926475525,1.818997383117676,0.4509835839271545,0.8986917734146118,0.8986917734146118,0.0,140.29310607910156,133.0,38349.2421875,0.0,2130.4345703125,1.0,281.2416076660156,283.7596435546875,291.161376953125,293.57080078125,293.1499938964844,293.1499938964844,281.54998779296875,35847.640625,36000.0,313.1499938964844,0.0,18000.0,1.0,0.0,0.0,0.0,1.0,0.9138002991676332,1.0,0.0,0.0,3.636391878128052,3.636415719985962,8.823373036648263e-07,4.265924453735352,4.265914440155029,9.78592834144365e-06,0.0,0.0,-0.0,5188.38427734375,0.0,1516.9456787109375,1895.4371337890625,0.0,3531.837890625,0.9021495580673218,1.0,0.0,3.0,1.0,0.0
12222660,297.09832763671875,297.1499938964844,293.1499938964844,0.0,-0.0,285.2970886230469,0.9990000128746032,0.677564263343811,0.5261464715003967,297.3870849609375,297.1499938964844,293.1499938964844,0.0,-0.0,285.29595947265625,0.8996277451515198,0.4267698228359222,0.4047867059707641,297.2087707519531,297.1499938964844,293.1499938964844,0.0,-0.0,285.2949523925781,0.8390684723854065,0.3447856605052948,0.2424574643373489,297.23101806640625,297.1499938964844,293.1499938964844,0.0,-0.0,285.29400634765625,0.7973969578742981,0.2937330305576324,0.2802307307720184,297.1631774902344,297.1499938964844,293.1499938964844,0.0,-0.0,285.2916259765625,0.7231166958808899,0.2165239304304123,0.9850865006446838,285.2960510253906,284.95001220703125,298.952392578125,288.2226257324219,297.89825439453125,297.25738525390625,285.3042297363281,1.0,0.5513466000556946,0.5156416893005371,0.5156416893005371,1.0,1.0,-2.9280660152435303,1.1085854768753052,1.8194804191589355,0.4494497179985046,0.9024921655654908,0.9024921655654908,0.0,138.12258911132812,133.0,37536.73828125,0.0,2117.7734375,1.0,281.5020446777344,283.9473571777344,291.1435852050781,293.45489501953125,293.1499938964844,293.1499938964844,281.54998779296875,35698.52734375,36000.0,313.1499938964844,0.0,18000.0,1.0,0.0,0.0,0.0,1.0,0.9045178890228271,1.0,0.0,0.0,3.642648935317993,3.6426727771759033,8.853763802108006e-07,4.265924453735352,4.265914440155029,9.78592834144365e-06,0.0,0.0,-0.0,5355.3408203125,0.0,1522.75439453125,1895.4371337890625,0.0,3445.66015625,0.9034804105758668,1.0,0.0,3.0,1.0,0.0
12222720,297.1333923339844,297.1499938964844,293.1499938964844,0.0,-0.0,285.34185791015625,0.9990000128746032,0.6806905269622803,0.5213410258293152,297.3955078125,297.1499938964844,293.1499938964844,0.0,-0.0,285.3416748046875,0.9040522575378418,0.4290378987789154,0.4068437218666076,297.2170104980469,297.1499938964844,293.1499938964844,0.0,-0.0,285.3415222167969,0.842332661151886,0.3459535837173462,0.2432180941104889,297.23760986328125,297.1499938964844,293.1499938964844,0.0,-0.0,285.34136962890625,0.8008840680122375,0.2948722839355469,0.2812266945838928,297.169921875,297.1499938964844,293.1499938964844,0.0,-0.0,285.3409423828125,0.7258363366127014,0.2172669470310211,0.9879683256149292,285.3417053222656,284.95001220703125,298.9700012207031,288.22607421875,297.9091796875,297.26513671875,285.3431091308594,1.0,0.5508475303649902,0.5150435566902161,0.5150435566902161,1.0,1.0,-2.930332899093628,1.1085190773010254,1.8218138217926023,0.4487959146499634,0.9055029153823853,0.9055029153823853,0.0,136.71299743652344,136.0,37496.3359375,0.0,2114.599853515625,1.0,281.54168701171875,283.9935302734375,291.17681884765625,293.5313415527344,293.1499938964844,293.1499938964844,281.25,35588.640625,36000.0,313.1499938964844,0.0,18000.0,1.0,0.0,0.0,0.0,1.0,0.9010985493659972,1.0,0.0,0.0,3.6510226726531982,3.651046514511109,8.894515985957696e-07,4.265924453735352,4.265914440155029,9.78592834144365e-06,0.0,0.0,-0.0,5733.04443359375,0.0,1531.227783203125,1895.4371337890625,0.0,3413.822265625,0.905244529247284,1.0,0.0,3.0,1.0,0.0
12222780,297.1686096191406,297.1499938964844,293.1499938964844,0.0,-0.0,285.16290283203125,0.9990000128746032,0.684108555316925,0.5166338682174683,297.3980712890625,297.1499938964844,293.1499938964844,0.0,-0.0,285.1630554199219,0.909848690032959,0.4324285686016083,0.4103931784629822,297.2191772460937,297.1499938964844,293.1499938964844,0.0,-0.0,285.1632385253906,0.8459022641181946,0.347042977809906,0.2442508488893509,297.2404479980469,297.1499938964844,293.1499938964844,0.0,-0.0,285.16339111328125,0.8049238920211792,0.2962863743305206,0.2828136384487152,297.1755065917969,297.1499938964844,293.1499938964844,0.0,-0.0,285.1637878417969,0.7289180159568787,0.2180992066860199,0.9925789833068848,285.1630554199219,284.95001220703125,299.00665283203125,288.2332458496094,297.9247131347656,297.2696838378906,285.1617736816406,1.0,0.5511748790740967,0.5137974619865417,0.5137974619865417,1.0,1.0,-2.937631845474243,1.1094367504119873,1.828195095062256,0.4480584263801574,0.9068973064422609,0.9068973064422609,0.0,135.54356384277344,139.0,38478.12109375,0.0,2121.205810546875,1.0,281.2577819824219,283.77099609375,291.2878723144531,293.7732238769531,293.1499938964844,293.1499938964844,280.95001220703125,35681.859375,36000.0,313.1499938964844,0.0,18000.0,1.0,0.0,0.0,0.0,1.0,0.9168030619621276,1.0,0.0,0.0,3.663650512695313,3.6636745929718018,8.956150168160093e-07,4.265924453735352,4.265914440155029,9.78592834144365e-06,0.0,0.0,-0.0,5884.3828125,0.0,1546.019287109375,1895.4371337890625,0.0,3559.626220703125,0.908105492591858,1.0,0.0,3.0,1.0,0.0
12222840,297.1686096191406,297.1499938964844,293.1499938964844,0.0,-0.0,285.16290283203125,0.9990000128746032,0.684108555316925,0.5166338682174683,297.3980712890625,297.1499938964844,293.1499938964844,0.0,-0.0,285.1630554199219,0.909848690032959,0.4324285686016083,0.4103931784629822,297.2191772460937,297.1499938964844,293.1499938964844,0.0,-0.0,285.1632385253906,0.8459022641181946,0.347042977809906,0.2442508488893509,297.2404479980469,297.1499938964844,293.1499938964844,0.0,-0.0,285.16339111328125,0.8049238920211792,0.2962863743305206,0.2828136384487152,297.1755065917969,297.1499938964844,293.1499938964844,0.0,-0.0,285.1637878417969,0.7289180159568787,0.2180992066860199,0.9925789833068848,285.1630554199219,284.95001220703125,299.00665283203125,288.2332458496094,297.9247131347656,297.2696838378906,285.1617736816406,1.0,0.5511748790740967,0.5137974619865417,0.5137974619865417,1.0,1.0,-2.937631845474243,1.1094367504119873,1.828195095062256,0.4480584263801574,0.9068973064422609,0.9068973064422609,0.0,135.54356384277344,139.0,38478.12109375,0.0,2121.205810546875,1.0,281.2577819824219,283.77099609375,291.2878723144531,293.7732238769531,293.1499938964844,293.1499938964844,280.95001220703125,35681.859375,36000.0,313.1499938964844,0.0,18000.0,1.0,0.0,0.0,0.0,1.0,0.9168030619621276,1.0,0.0,0.0,3.663650512695313,3.6636745929718018,8.956150168160093e-07,4.265924453735352,4.265914440155029,9.78592834144365e-06,0.0,0.0,-0.0,5884.3828125,0.0,1546.019287109375,1895.4371337890625,0.0,3559.626220703125,0.908105492591858,1.0,0.0,3.0,1.0,0.0
12222900,297.1681823730469,297.1499938964844,293.1499938964844,0.0,-0.0,285.0164489746094,0.9990000128746032,0.6841940879821777,0.5168154835700989,297.3941345214844,297.1499938964844,293.1499938964844,0.0,-0.0,285.0175170898437,0.910785675048828,0.4336166083812713,0.4116796553134918,297.2148742675781,297.1499938964844,293.1499938964844,0.0,-0.0,285.01861572265625,0.8459636569023132,0.3470608294010162,0.2443922609090805,297.2376708984375,297.1499938964844,293.1499938964844,0.0,-0.0,285.0196228027344,0.8052376508712769,0.2965896427631378,0.2832357883453369,297.1744689941406,297.1499938964844,293.1499938964844,0.0,-0.0,285.0221252441406,0.7290315628051758,0.2181596457958221,0.993429958820343,285.0174865722656,284.95001220703125,299.0249938964844,288.23681640625,297.9290771484375,297.2665100097656,285.0087280273437,1.0,0.5517743825912476,0.5131744146347046,0.5131744146347046,1.0,1.0,-2.9410974979400635,1.1098077297210691,1.831289768218994,0.4476636946201324,0.9059404134750366,0.9059404134750366,0.0,135.7330322265625,139.0,39341.34765625,0.0,2128.08642578125,1.0,281.00079345703125,283.5836486816406,291.3301086425781,293.9336242675781,293.1499938964844,293.1499938964844,280.95001220703125,35784.296875,36000.0,313.1499938964844,0.0,18000.0,1.0,0.0,0.0,0.0,1.0,0.928210437297821,1.0,0.0,0.0,3.667506694793701,3.6675307750701904,8.975014225143241e-07,4.265924453735352,4.265914440155029,9.78592834144365e-06,0.0,0.0,-0.0,5711.306640625,0.0,1551.111328125,1895.4371337890625,0.0,3664.727294921875,0.9089994430541992,1.0,0.0,3.0,1.0,0.0
12222960,297.1574401855469,297.1499938964844,293.1499938964844,0.0,-0.0,284.9681701660156,0.9990000128746032,0.6832547783851624,0.5183863639831543,297.3879699707031,297.1499938964844,293.1499938964844,0.0,-0.0,284.96832275390625,0.910560667514801,0.4345580637454986,0.4126563370227813,297.2082824707031,297.1499938964844,293.1499938964844,0.0,-0.0,284.9684753417969,0.8450440168380737,0.3468231856822967,0.2443001270294189,297.23297119140625,297.1499938964844,293.1499938964844,0.0,-0.0,284.9686279296875,0.8045733571052551,0.2966815531253814,0.2834117710590362,297.17138671875,297.1499938964844,293.1499938964844,0.0,-0.0,284.968994140625,0.7283036708831787,0.218012049794197,0.9932254552841188,284.96832275390625,284.95001220703125,299.0433349609375,288.2403564453125,297.9315490722656,297.2604675292969,284.9671325683594,1.0,0.5525423884391785,0.5124673843383789,0.5124673843383789,1.0,1.0,-2.9440152645111084,1.1098030805587769,1.834212303161621,0.4470312893390655,0.9055224061012268,0.9055224061012268,0.0,136.3287353515625,142.0,39473.8125,0.0,2136.08251953125,1.0,280.9580078125,283.5321960449219,291.3083801269531,293.87677001953125,293.1499938964844,293.1499938964844,280.6499938964844,35872.88671875,36000.0,313.1499938964844,0.0,18000.0,1.0,0.0,0.0,0.0,1.0,0.9340738654136658,1.0,0.0,0.0,3.669033050537109,3.669057130813599,8.982485155684117e-07,4.265924453735352,4.265914440155029,9.78592834144365e-06,0.0,0.0,-0.0,5993.08251953125,0.0,1553.4908447265625,1895.4371337890625,0.0,3718.425048828125,0.9094335436820984,1.0,0.0,3.0,1.0,0.0
12223020,297.1142578125,297.1499938964844,293.1499938964844,0.0,-0.0,284.7789001464844,0.9990000128746032,0.6790025234222412,0.5238472819328308,297.37286376953125,297.1499938964844,293.1499938964844,0.0,-0.0,284.7790222167969,0.9083386659622192,0.4360459446907043,0.4142447113990783,297.19244384765625,297.1499938964844,293.1499938964844,0.0,-0.0,284.7791442871094,0.8417350649833679,0.3459609150886535,0.2438396513462066,297.2208251953125,297.1499938964844,293.1499938964844,0.0,-0.0,284.7792663574219,0.8017074465751648,0.2965073585510254,0.2834272980690002,297.1617126464844,297.1499938964844,293.1499938964844,0.0,-0.0,284.77960205078125,0.7254513502120972,0.2173098176717758,0.9910173416137696,284.7790222167969,284.95001220703125,299.0799865722656,288.2474060058594,297.9349060058594,297.2460021972656,284.7780456542969,1.0,0.5544223189353943,0.511053204536438,0.511053204536438,1.0,1.0,-2.949300765991211,1.109521985054016,1.8397787809371948,0.4456484615802765,0.9016495943069458,0.9016495943069458,0.0,138.22396850585938,145.0,40481.27734375,0.0,2154.7109375,1.0,280.6581115722656,283.2998962402344,291.3026428222656,293.9360046386719,293.1499938964844,293.1499938964844,280.3500061035156,36106.65234375,36000.0,313.1499938964844,0.0,18000.0,1.0,0.0,0.0,0.0,1.0,0.9479413628578186,1.0,0.0,0.0,3.665729999542236,3.6657540798187256,8.966319455794292e-07,4.265924453735352,4.265914440155029,9.78592834144365e-06,0.0,0.0,-0.0,6098.29833984375,0.0,1551.540771484375,1895.4371337890625,0.0,3844.397216796875,0.9088509678840636,1.0,0.0,3.0,1.0,0.0
12223080,297.1142578125,297.1499938964844,293.1499938964844,0.0,-0.0,284.7789001464844,0.9990000128746032,0.6790025234222412,0.5238472819328308,297.37286376953125,297.1499938964844,293.1499938964844,0.0,-0.0,284.7790222167969,0.9083386659622192,0.4360459446907043,0.4142447113990783,297.19244384765625,297.1499938964844,293.1499938964844,0.0,-0.0,284.7791442871094,0.8417350649833679,0.3459609150886535,0.2438396513462066,297.2208251953125,297.1499938964844,293.1499938964844,0.0,-0.0,284.7792663574219,0.8017074465751648,0.2965073585510254,0.2834272980690002,297.1617126464844,297.1499938964844,293.1499938964844,0.0,-0.0,284.77960205078125,0.7254513502120972,0.2173098176717758,0.9910173416137696,284.7790222167969,284.95001220703125,299.0799865722656,288.2474060058594,297.9349060058594,297.2460021972656,284.7780456542969,1.0,0.5544223189353943,0.511053204536438,0.511053204536438,1.0,1.0,-2.949300765991211,1.109521985054016,1.8397787809371948,0.4456484615802765,0.9016495943069458,0.9016495943069458,0.0,138.22396850585938,145.0,40481.27734375,0.0,2154.7109375,1.0,280.6581115722656,283.2998962402344,291.3026428222656,293.9360046386719,293.1499938964844,293.1499938964844,280.3500061035156,36106.65234375,36000.0,313.1499938964844,0.0,18000.0,1.0,0.0,0.0,0.0,1.0,0.9479413628578186,1.0,0.0,0.0,3.665729999542236,3.6657540798187256,8.966319455794292e-07,4.265924453735352,4.265914440155029,9.78592834144365e-06,0.0,0.0,-0.0,6098.29833984375,0.0,1551.540771484375,1895.4371337890625,0.0,3844.397216796875,0.9088509678840636,1.0,0.0,3.0,1.0,0.0
12223140,297.0522155761719,297.1499938964844,293.1499938964844,0.0,-0.0,284.60040283203125,0.9990000128746032,0.6722808480262756,0.5313044190406799,297.3563232421875,297.1499938964844,293.1499938964844,0.0,-0.0,284.6005249023437,0.904713809490204,0.4371949136257171,0.4154847264289856,297.1756896972656,297.1499938964844,293.1499938964844,0.0,-0.0,284.60064697265625,0.8372458219528198,0.344801664352417,0.2431441992521286,297.2071838378906,297.1499938964844,293.1499938964844,0.0,-0.0,284.60076904296875,0.7975413203239441,0.2960249483585357,0.2831272780895233,297.14923095703125,297.1499938964844,293.1499938964844,0.0,-0.0,284.6010437011719,0.7213277816772461,0.2161946296691894,0.9868909120559692,284.6005249023437,284.95001220703125,299.1166687011719,288.25439453125,297.938720703125,297.2323913574219,284.59967041015625,1.0,0.5565289258956909,0.5096390843391418,0.5096390843391418,1.0,1.0,-2.953599452972412,1.1087993383407593,1.8448002338409424,0.4440824687480926,0.8954902291297913,0.8954902291297913,0.0,140.7287139892578,148.0,41581.51171875,0.0,2174.76318359375,1.0,280.3581848144531,283.0809631347656,291.3009948730469,294.0001220703125,293.1499938964844,293.1499938964844,280.6499938964844,36361.6953125,36000.0,313.1499938964844,0.0,18000.0,1.0,0.0,0.0,0.0,1.0,0.9598309993743896,1.0,0.0,0.0,3.6529619693756095,3.6529860496521,8.903967909645871e-07,4.265924453735352,4.265914440155029,9.78592834144365e-06,0.0,0.0,-0.0,5525.99462890625,0.0,1539.1748046875,1895.4371337890625,0.0,3951.0791015625,0.906169056892395,1.0,0.0,3.0,1.0,0.0
12223200,297.0522155761719,297.1499938964844,293.1499938964844,0.0,-0.0,284.60040283203125,0.9990000128746032,0.6722808480262756,0.5313044190406799,297.3563232421875,297.1499938964844,293.1499938964844,0.0,-0.0,284.6005249023437,0.904713809490204,0.4371949136257171,0.4154847264289856,297.1756896972656,297.1499938964844,293.1499938964844,0.0,-0.0,284.60064697265625,0.8372458219528198,0.344801664352417,0.2431441992521286,297.2071838378906,297.1499938964844,293.1499938964844,0.0,-0.0,284.60076904296875,0.7975413203239441,0.2960249483585357,0.2831272780895233,297.14923095703125,297.1499938964844,293.1499938964844,0.0,-0.0,284.6010437011719,0.7213277816772461,0.2161946296691894,0.9868909120559692,284.6005249023437,284.95001220703125,299.1166687011719,288.25439453125,297.938720703125,297.2323913574219,284.59967041015625,1.0,0.5565289258956909,0.5096390843391418,0.5096390843391418,1.0,1.0,-2.953599452972412,1.1087993383407593,1.8448002338409424,0.4440824687480926,0.8954902291297913,0.8954902291297913,0.0,140.7287139892578,148.0,41581.51171875,0.0,2174.76318359375,1.0,280.3581848144531,283.0809631347656,291.3009948730469,294.0001220703125,293.1499938964844,293.1499938964844,280.6499938964844,36361.6953125,36000.0,313.1499938964844,0.0,18000.0,1.0,0.0,0.0,0.0,1.0,0.9598309993743896,1.0,0.0,0.0,3.6529619693756095,3.6529860496521,8.903967909645871e-07,4.265924453735352,4.265914440155029,9.78592834144365e-06,0.0,0.0,-0.0,5525.99462890625,0.0,1539.1748046875,1895.4371337890625,0.0,3951.0791015625,0.906169056892395,1.0,0.0,3.0,1.0,0.0
12223260,297.0118408203125,297.1499938964844,293.1499938964844,0.0,-0.0,284.7816772460937,0.9990000128746032,0.6669120192527771,0.5380833148956299,297.35430908203125,297.1499938964844,293.1499938964844,0.0,-0.0,284.78143310546875,0.902176797389984,0.4395842552185058,0.4173929095268249,297.17340087890625,297.1499938964844,293.1499938964844,0.0,-0.0,284.7812194824219,0.83372563123703,0.3448763787746429,0.2429491877555847,297.2040100097656,297.1499938964844,293.1499938964844,0.0,-0.0,284.781005859375,0.7942136526107788,0.2964112460613251,0.2832678854465484,297.143798828125,297.1499938964844,293.1499938964844,0.0,-0.0,284.780517578125,0.7176985144615173,0.2156237363815307,0.9836827516555786,284.78143310546875,284.95001220703125,299.1533203125,288.2613220214844,297.9483947753906,297.2281494140625,284.78326416015625,1.0,0.5588730573654175,0.5082313418388367,0.5082313418388367,1.0,1.0,-2.960113763809204,1.1090000867843628,1.8511136770248413,0.4428682327270508,0.8946913480758667,0.8946913480758667,0.0,143.13229370117188,151.0,40600.515625,0.0,2198.22705078125,1.0,280.64215087890625,283.30279541015625,291.2138061523437,293.78375244140625,293.1499938964844,293.1499938964844,280.95001220703125,36262.359375,36000.0,313.1499938964844,0.0,18000.0,1.0,0.0,0.0,0.0,1.0,0.945946455001831,1.0,0.0,0.0,3.642350196838379,3.642374277114868,8.852312021190301e-07,4.265924453735352,4.265914440155029,9.78592834144365e-06,0.0,0.0,-0.0,5392.7236328125,0.0,1526.6334228515625,1895.4371337890625,0.0,3826.3720703125,0.903759777545929,1.0,0.0,3.0,1.0,0.0
12223320,297.0118408203125,297.1499938964844,293.1499938964844,0.0,-0.0,284.7816772460937,0.9990000128746032,0.6669120192527771,0.5380833148956299,297.35430908203125,297.1499938964844,293.1499938964844,0.0,-0.0,284.78143310546875,0.902176797389984,0.4395842552185058,0.4173929095268249,297.17340087890625,297.1499938964844,293.1499938964844,0.0,-0.0,284.7812194824219,0.83372563123703,0.3448763787746429,0.2429491877555847,297.2040100097656,297.1499938964844,293.1499938964844,0.0,-0.0,284.781005859375,0.7942136526107788,0.2964112460613251,0.2832678854465484,297.143798828125,297.1499938964844,293.1499938964844,0.0,-0.0,284.780517578125,0.7176985144615173,0.2156237363815307,0.9836827516555786,284.78143310546875,284.95001220703125,299.1533203125,288.2613220214844,297.9483947753906,297.2281494140625,284.78326416015625,1.0,0.5588730573654175,0.5082313418388367,0.5082313418388367,1.0,1.0,-2.960113763809204,1.1090000867843628,1.8511136770248413,0.4428682327270508,0.8946913480758667,0.8946913480758667,0.0,143.13229370117188,151.0,40600.515625,0.0,2198.22705078125,1.0,280.64215087890625,283.30279541015625,291.2138061523437,293.78375244140625,293.1499938964844,293.1499938964844,280.95001220703125,36262.359375,36000.0,313.1499938964844,0.0,18000.0,1.0,0.0,0.0,0.0,1.0,0.945946455001831,1.0,0.0,0.0,3.642350196838379,3.642374277114868,8.852312021190301e-07,4.265924453735352,4.265914440155029,9.78592834144365e-06,0.0,0.0,-0.0,5392.7236328125,0.0,1526.6334228515625,1895.4371337890625,0.0,3826.3720703125,0.903759777545929,1.0,0.0,3.0,1.0,0.0
12223380,296.9999694824219,297.1499938964844,293.1499938964844,0.0,-0.0,284.9907531738281,0.9990000128746032,0.6639334559440613,0.5427095293998718,297.3648376464844,297.1499938964844,293.1499938964844,0.0,-0.0,284.9905090332031,0.9019145965576172,0.4432289600372314,0.4206255376338959,297.1839599609375,297.1499938964844,293.1499938964844,0.0,-0.0,284.990234375,0.8323544263839722,0.346233069896698,0.2437466531991958,297.2110290527344,297.1499938964844,293.1499938964844,0.0,-0.0,284.99005126953125,0.7929943203926086,0.2977992296218872,0.2844273746013641,297.1473388671875,297.1499938964844,293.1499938964844,0.0,-0.0,284.9894714355469,0.7158665657043457,0.2158952057361602,0.9842963218688964,284.9905090332031,284.95001220703125,299.19000244140625,288.2681884765625,297.9659118652344,297.2362670898437,284.9927673339844,1.0,0.5617353320121765,0.5068235397338867,0.5068235397338867,1.0,1.0,-2.972644567489624,1.1116896867752075,1.8609548807144165,0.4427792727947235,0.8969307541847229,0.8969307541847229,0.0,145.10301208496094,139.0,39809.7265625,0.0,2230.168212890625,1.0,280.9416809082031,283.5522155761719,291.2069396972656,293.7048034667969,293.1499938964844,293.1499938964844,281.25,36047.453125,36000.0,313.1499938964844,0.0,18000.0,1.0,0.0,0.0,0.0,1.0,0.9300951361656188,1.0,0.0,0.0,3.63981556892395,3.63983964920044,8.839996326059918e-07,4.265924453735352,4.265914440155029,9.78592834144365e-06,0.0,0.0,-0.0,5314.93115234375,0.0,1522.221435546875,1895.4371337890625,0.0,3682.013427734375,0.9030539393424988,1.0,0.0,3.0,1.0,0.0
12223440,296.9999694824219,297.1499938964844,293.1499938964844,0.0,-0.0,284.9907531738281,0.9990000128746032,0.6639334559440613,0.5427095293998718,297.3648376464844,297.1499938964844,293.1499938964844,0.0,-0.0,284.9905090332031,0.9019145965576172,0.4432289600372314,0.4206255376338959,297.1839599609375,297.1499938964844,293.1499938964844,0.0,-0.0,284.990234375,0.8323544263839722,0.346233069896698,0.2437466531991958,297.2110290527344,297.1499938964844,293.1499938964844,0.0,-0.0,284.99005126953125,0.7929943203926086,0.2977992296218872,0.2844273746013641,297.1473388671875,297.1499938964844,293.1499938964844,0.0,-0.0,284.9894714355469,0.7158665657043457,0.2158952057361602,0.9842963218688964,284.9905090332031,284.95001220703125,299.19000244140625,288.2681884765625,297.9659118652344,297.2362670898437,284.9927673339844,1.0,0.5617353320121765,0.5068235397338867,0.5068235397338867,1.0,1.0,-2.972644567489624,1.1116896867752075,1.8609548807144165,0.4427792727947235,0.8969307541847229,0.8969307541847229,0.0,145.10301208496094,139.0,39809.7265625,0.0,2230.168212890625,1.0,280.9416809082031,283.5522155761719,291.2069396972656,293.7048034667969,293.1499938964844,293.1499938964844,281.25,36047.453125,36000.0,313.1499938964844,0.0,18000.0,1.0,0.0,0.0,0.0,1.0,0.9300951361656188,1.0,0.0,0.0,3.63981556892395,3.63983964920044,8.839996326059918e-07,4.265924453735352,4.265914440155029,9.78592834144365e-06,0.0,0.0,-0.0,5314.93115234375,0.0,1522.221435546875,1895.4371337890625,0.0,3682.013427734375,0.9030539393424988,1.0,0.0,3.0,1.0,0.0
12223500,297.0032653808594,297.1499938964844,293.1499938964844,0.0,-0.0,285.1419372558594,0.9990000128746032,0.6632976531982422,0.5401239991188049,297.3720397949219,297.1499938964844,293.1499938964844,0.0,-0.0,285.14080810546875,0.9047548174858092,0.4452925324440002,0.4224360883235931,297.19122314453125,297.1499938964844,293.1499938964844,0.0,-0.0,285.1395568847656,0.8341806530952454,0.3471588492393493,0.2442976236343383,297.21630859375,297.1499938964844,293.1499938964844,0.0,-0.0,285.1386108398437,0.7950057983398438,0.2987017631530761,0.2851691246032715,297.1510314941406,297.1499938964844,293.1499938964844,0.0,-0.0,285.1358947753906,0.7172142863273621,0.2162384688854217,0.9853360056877136,285.1407775878906,284.95001220703125,299.2083435058594,288.2715759277344,297.97589111328125,297.2425231933594,285.1496276855469,1.0,0.561214804649353,0.5061196088790894,0.5061196088790894,1.0,1.0,-2.9745326042175293,1.11117422580719,1.8633582592010496,0.4420543611049652,0.8996614217758179,0.8996614217758179,0.0,144.3569793701172,139.0,39042.65234375,0.0,2229.703125,1.0,281.1984558105469,283.74139404296875,291.19012451171875,293.5888977050781,293.1499938964844,293.1499938964844,281.25,35906.640625,36000.0,313.1499938964844,0.0,18000.0,1.0,0.0,0.0,0.0,1.0,0.9209403395652772,1.0,0.0,0.0,3.641978025436402,3.642001867294312,8.850502126733772e-07,4.265924453735352,4.265914440155029,9.78592834144365e-06,0.0,0.0,-0.0,5486.7138671875,0.0,1523.5648193359375,1895.4371337890625,0.0,3597.833740234375,0.9034765958786012,1.0,0.0,3.0,1.0,0.0
12223560,297.0177001953125,297.1499938964844,293.1499938964844,0.0,-0.0,285.1920166015625,0.9990000128746032,0.6637833118438721,0.5342929363250732,297.380126953125,297.1499938964844,293.1499938964844,0.0,-0.0,285.1918640136719,0.9098376631736756,0.4474953413009643,0.4244068264961242,297.1994323730469,297.1499938964844,293.1499938964844,0.0,-0.0,285.191650390625,0.8377307653427124,0.3482250273227691,0.2449637800455093,297.22247314453125,297.1499938964844,293.1499938964844,0.0,-0.0,285.1915283203125,0.7987999320030212,0.2997271716594696,0.286031424999237,297.1559143066406,297.1499938964844,293.1499938964844,0.0,-0.0,285.19110107421875,0.7200663685798645,0.2167247384786605,0.9869351983070374,285.1918334960937,284.95001220703125,299.2266540527344,288.27496337890625,297.9867248535156,297.2503662109375,285.193115234375,1.0,0.5598500370979309,0.5053758025169373,0.5053758025169373,1.0,1.0,-2.973656415939331,1.1094484329223633,1.864208102226257,0.440585732460022,0.9018335938453674,0.9018335938453674,0.0,142.4679718017578,142.0,38968.6953125,0.0,2218.583984375,1.0,281.2417907714844,283.79296875,291.2247619628906,293.66961669921875,293.1499938964844,293.1499938964844,280.95001220703125,35792.70703125,36000.0,313.1499938964844,0.0,18000.0,1.0,0.0,0.0,0.0,1.0,0.9172197580337524,1.0,0.0,0.0,3.646876335144043,3.646900177001953,8.874325772012526e-07,4.265924453735352,4.265914440155029,9.78592834144365e-06,0.0,0.0,-0.0,5879.693359375,0.0,1528.1463623046875,1895.4371337890625,0.0,3563.47900390625,0.9044575691223145,1.0,0.0,3.0,1.0,0.0
12223620,297.0285339355469,297.1499938964844,293.1499938964844,0.0,-0.0,285.0159912109375,0.9990000128746032,0.6632487177848816,0.5306406021118164,297.38153076171875,297.1499938964844,293.1499938964844,0.0,-0.0,285.0161437988281,0.9148034453392028,0.4505724906921386,0.4276686310768127,297.2015991210937,297.1499938964844,293.1499938964844,0.0,-0.0,285.01629638671875,0.8404747843742371,0.3490909934043884,0.2458323985338211,297.2246398925781,297.1499938964844,293.1499938964844,0.0,-0.0,285.0164489746094,0.8019577860832214,0.3008795082569122,0.2873646318912506,297.1590270996094,297.1499938964844,293.1499938964844,0.0,-0.0,285.0168151855469,0.7221996188163757,0.2171270251274109,0.9894682168960572,285.0161437988281,284.95001220703125,299.2633361816406,288.2817077636719,298.0003967285156,297.2531433105469,285.0149841308594,1.0,0.5602183938026428,0.5038880705833435,0.5038880705833435,1.0,1.0,-2.9788684844970703,1.1089036464691162,1.869964838027954,0.4386999905109405,0.9012827277183532,0.9012827277183532,0.0,141.50875854492188,145.0,39930.01171875,0.0,2222.901123046875,1.0,280.95782470703125,283.5741271972656,291.33282470703125,293.907958984375,293.1499938964844,293.1499938964844,280.6499938964844,35893.81640625,36000.0,313.1499938964844,0.0,18000.0,1.0,0.0,0.0,0.0,1.0,0.9321714043617249,1.0,0.0,0.0,3.651608467102051,3.65163254737854,8.897371230887074e-07,4.265924453735352,4.265914440155029,9.78592834144365e-06,0.0,0.0,-0.0,6032.14208984375,0.0,1534.1639404296875,1895.4371337890625,0.0,3701.028564453125,0.9055564403533936,1.0,0.0,3.0,1.0,0.0
12223680,297.0285339355469,297.1499938964844,293.1499938964844,0.0,-0.0,285.0159912109375,0.9990000128746032,0.6632487177848816,0.5306406021118164,297.38153076171875,297.1499938964844,293.1499938964844,0.0,-0.0,285.0161437988281,0.9148034453392028,0.4505724906921386,0.4276686310768127,297.2015991210937,297.1499938964844,293.1499938964844,0.0,-0.0,285.01629638671875,0.8404747843742371,0.3490909934043884,0.2458323985338211,297.2246398925781,297.1499938964844,293.1499938964844,0.0,-0.0,285.0164489746094,0.8019577860832214,0.3008795082569122,0.2873646318912506,297.1590270996094,297.1499938964844,293.1499938964844,0.0,-0.0,285.0168151855469,0.7221996188163757,0.2171270251274109,0.9894682168960572,285.0161437988281,284.95001220703125,299.2633361816406,288.2817077636719,298.0003967285156,297.2531433105469,285.0149841308594,1.0,0.5602183938026428,0.5038880705833435,0.5038880705833435,1.0,1.0,-2.9788684844970703,1.1089036464691162,1.869964838027954,0.4386999905109405,0.9012827277183532,0.9012827277183532,0.0,141.50875854492188,145.0,39930.01171875,0.0,2222.901123046875,1.0,280.95782470703125,283.5741271972656,291.33282470703125,293.907958984375,293.1499938964844,293.1499938964844,280.6499938964844,35893.81640625,36000.0,313.1499938964844,0.0,18000.0,1.0,0.0,0.0,0.0,1.0,0.9321714043617249,1.0,0.0,0.0,3.651608467102051,3.65163254737854,8.897371230887074e-07,4.265924453735352,4.265914440155029,9.78592834144365e-06,0.0,0.0,-0.0,6032.14208984375,0.0,1534.1639404296875,1895.4371337890625,0.0,3701.028564453125,0.9055564403533936,1.0,0.0,3.0,1.0,0.0
12223740,297.00445556640625,297.1499938964844,293.1499938964844,0.0,-0.0,284.8238525390625,0.9990000128746032,0.659302830696106,0.533208429813385,297.37060546875,297.1499938964844,293.1499938964844,0.0,-0.0,284.823974609375,0.9147399663925172,0.4524063766002655,0.4296596348285675,297.1911926269531,297.1499938964844,293.1499938964844,0.0,-0.0,284.8241577148437,0.8391240239143372,0.348699152469635,0.2457634657621383,297.2170104980469,297.1499938964844,293.1499938964844,0.0,-0.0,284.82427978515625,0.8010117411613464,0.3010602593421936,0.2877621352672577,297.1537170410156,297.1499938964844,293.1499938964844,0.0,-0.0,284.8246765136719,0.7209139466285706,0.2167116850614547,0.988618791103363,284.823974609375,284.95001220703125,299.29998779296875,288.28839111328125,298.00616455078125,297.2434387207031,284.82281494140625,1.0,0.5614981055259705,0.5024003982543945,0.5024003982543945,1.0,1.0,-2.9837234020233154,1.1081801652908323,1.8755433559417725,0.4367524087429046,0.8980023264884949,0.8980023264884949,0.0,142.5009765625,148.0,40893.5234375,0.0,2236.522705078125,1.0,280.6582336425781,283.339599609375,291.3518371582031,294.0081787109375,293.1499938964844,293.1499938964844,280.95001220703125,36092.24609375,36000.0,313.1499938964844,0.0,18000.0,1.0,0.0,0.0,0.0,1.0,0.948441743850708,1.0,0.0,0.0,3.648839712142944,3.6488637924194336,8.883883424459782e-07,4.265924453735352,4.265914440155029,9.78592834144365e-06,0.0,0.0,-0.0,5467.4521484375,0.0,1532.5679931640625,1895.4371337890625,0.0,3848.9130859375,0.9050660729408264,1.0,0.0,3.0,1.0,0.0
12223800,297.00445556640625,297.1499938964844,293.1499938964844,0.0,-0.0,284.8238525390625,0.9990000128746032,0.659302830696106,0.533208429813385,297.37060546875,297.1499938964844,293.1499938964844,0.0,-0.0,284.823974609375,0.9147399663925172,0.4524063766002655,0.4296596348285675,297.1911926269531,297.1499938964844,293.1499938964844,0.0,-0.0,284.8241577148437,0.8391240239143372,0.348699152469635,0.2457634657621383,297.2170104980469,297.1499938964844,293.1499938964844,0.0,-0.0,284.82427978515625,0.8010117411613464,0.3010602593421936,0.2877621352672577,297.1537170410156,297.1499938964844,293.1499938964844,0.0,-0.0,284.8246765136719,0.7209139466285706,0.2167116850614547,0.988618791103363,284.823974609375,284.95001220703125,299.29998779296875,288.28839111328125,298.00616455078125,297.2434387207031,284.82281494140625,1.0,0.5614981055259705,0.5024003982543945,0.5024003982543945,1.0,1.0,-2.9837234020233154,1.1081801652908323,1.8755433559417725,0.4367524087429046,0.8980023264884949,0.8980023264884949,0.0,142.5009765625,148.0,40893.5234375,0.0,2236.522705078125,1.0,280.6582336425781,283.339599609375,291.3518371582031,294.0081787109375,293.1499938964844,293.1499938964844,280.95001220703125,36092.24609375,36000.0,313.1499938964844,0.0,18000.0,1.0,0.0,0.0,0.0,1.0,0.948441743850708,1.0,0.0,0.0,3.648839712142944,3.6488637924194336,8.883883424459782e-07,4.265924453735352,4.265914440155029,9.78592834144365e-06,0.0,0.0,-0.0,5467.4521484375,0.0,1532.5679931640625,1895.4371337890625,0.0,3848.9130859375,0.9050660729408264,1.0,0.0,3.0,1.0,0.0
12223860,296.9922790527344,297.1499938964844,293.1499938964844,0.0,-0.0,284.97589111328125,0.9990000128746032,0.6569836139678955,0.5358921885490417,297.3689270019531,297.1499938964844,293.1499938964844,0.0,-0.0,284.9752197265625,0.913931667804718,0.453909695148468,0.4308166801929474,297.1892395019531,297.1499938964844,293.1499938964844,0.0,-0.0,284.97430419921875,0.8377035856246948,0.3488127887248993,0.245671659708023,297.2153015136719,297.1499938964844,293.1499938964844,0.0,-0.0,284.97369384765625,0.7997866868972778,0.3013951480388641,0.2879221439361572,297.1518859863281,297.1499938964844,293.1499938964844,0.0,-0.0,284.9717712402344,0.7195149660110474,0.2165541499853134,0.9874924421310424,284.97515869140625,284.95001220703125,299.3219909667969,288.2923583984375,298.011962890625,297.2411193847656,284.9812316894531,1.0,0.5625501275062561,0.5015854835510254,0.5015854835510254,1.0,1.0,-2.9870641231536865,1.1080584526062012,1.879005670547485,0.435699999332428,0.8995788097381592,0.8995788097381592,0.0,143.472900390625,148.0,40112.95703125,0.0,2247.394287109375,1.0,280.9162292480469,283.5309753417969,291.2610778808594,293.7808532714844,293.1499938964844,293.1499938964844,280.95001220703125,36005.12109375,36000.0,313.1499938964844,0.0,18000.0,1.0,0.0,0.0,0.0,1.0,0.940232276916504,1.0,0.0,0.0,3.648406982421875,3.648431062698364,8.8817768073568e-07,4.265924453735352,4.265914440155029,9.78592834144365e-06,0.0,0.0,-0.0,5627.86572265625,0.0,1531.4351806640625,1895.4371337890625,0.0,3774.556640625,0.90496027469635,1.0,0.0,3.0,1.0,0.0
12223920,296.9887084960937,297.1499938964844,293.1499938964844,0.0,-0.0,285.0092163085937,0.9990000128746032,0.655836820602417,0.5372607111930847,297.3709716796875,297.1499938964844,293.1499938964844,0.0,-0.0,285.009033203125,0.9139672517776488,0.4552209675312042,0.431961327791214,297.1910705566406,297.1499938964844,293.1499938964844,0.0,-0.0,285.0087890625,0.8372454047203064,0.3491909503936767,0.2458696216344833,297.21649169921875,297.1499938964844,293.1499938964844,0.0,-0.0,285.00860595703125,0.7994301915168762,0.3018435537815094,0.2882824242115021,297.1524353027344,297.1499938964844,293.1499938964844,0.0,-0.0,285.0080871582031,0.7189513444900513,0.2166187167167663,0.9875695109367372,285.0090026855469,284.95001220703125,299.336669921875,288.2950134277344,298.01776123046875,297.2426452636719,285.0107421875,1.0,0.5634121298789978,0.5010422468185425,0.5010422468185425,1.0,1.0,-2.9908459186553955,1.1086241006851196,1.882221817970276,0.435278445482254,0.9002735018730164,0.9002735018730164,0.0,144.04922485351562,136.0,40105.2734375,0.0,2257.05078125,1.0,280.9421691894531,283.5652160644531,291.2600402832031,293.798583984375,293.1499938964844,293.1499938964844,280.6499938964844,35954.44921875,36000.0,313.1499938964844,0.0,18000.0,1.0,0.0,0.0,0.0,1.0,0.9370121955871582,1.0,0.0,0.0,3.649655342102051,3.64967942237854,8.887856211003964e-07,4.265924453735352,4.265914440155029,9.78592834144365e-06,0.0,0.0,-0.0,6002.7900390625,0.0,1532.4444580078125,1895.4371337890625,0.0,3745.24267578125,0.905182421207428,1.0,0.0,3.0,1.0,0.0
12223980,296.9741516113281,297.1499938964844,293.1499938964844,0.0,-0.0,284.8292541503906,0.9990000128746032,0.6523169279098511,0.5298868417739868,297.3660583496094,297.1499938964844,293.1499938964844,0.0,-0.0,284.8294372558594,0.9207736849784852,0.4575371742248535,0.4343557357788086,297.18670654296875,297.1499938964844,293.1499938964844,0.0,-0.0,284.8296813964844,0.8411126136779785,0.3492833077907562,0.2460740655660629,297.2128601074219,297.1499938964844,293.1499938964844,0.0,-0.0,284.829833984375,0.8037736415863037,0.3023264706134796,0.2888583242893219,297.1490173339844,297.1499938964844,293.1499938964844,0.0,-0.0,284.8303527832031,0.7218467593193054,0.2163118571043014,0.986519694328308,284.8294677734375,284.95001220703125,299.3733215332031,288.30157470703125,298.0267028808594,297.238525390625,284.8277282714844,1.0,0.5606005787849426,0.4996841549873352,0.4996841549873352,1.0,1.0,-2.984562873840332,1.103469729423523,1.8810930252075195,0.4315337836742401,0.8972324728965759,0.8972324728965759,0.0,141.46951293945312,124.0,40932.98046875,0.0,2232.768798828125,1.0,280.6578369140625,283.3441467285156,291.3361511230469,293.98175048828125,293.1499938964844,293.1499938964844,280.95001220703125,36111.1796875,36000.0,313.1499938964844,0.0,18000.0,1.0,0.0,0.0,0.0,1.0,0.9477545619010924,1.0,0.0,0.0,3.646439790725708,3.646463632583618,8.872200965015509e-07,4.265924453735352,4.265914440155029,9.78592834144365e-06,0.0,0.0,-0.0,5466.85400390625,0.0,1530.0421142578125,1895.4371337890625,0.0,3842.711181640625,0.9045439958572388,1.0,0.0,3.0,1.0,0.0
12224040,296.9741516113281,297.1499938964844,293.1499938964844,0.0,-0.0,284.8292541503906,0.9990000128746032,0.6523169279098511,0.5298868417739868,297.3660583496094,297.1499938964844,293.1499938964844,0.0,-0.0,284.8294372558594,0.9207736849784852,0.4575371742248535,0.4343557357788086,297.18670654296875,297.1499938964844,293.1499938964844,0.0,-0.0,284.8296813964844,0.8411126136779785,0.3492833077907562,0.2460740655660629,297.2128601074219,297.1499938964844,293.1499938964844,0.0,-0.0,284.829833984375,0.8037736415863037,0.3023264706134796,0.2888583242893219,297.1490173339844,297.1499938964844,293.1499938964844,0.0,-0.0,284.8303527832031,0.7218467593193054,0.2163118571043014,0.986519694328308,284.8294677734375,284.95001220703125,299.3733215332031,288.30157470703125,298.0267028808594,297.238525390625,284.8277282714844,1.0,0.5606005787849426,0.4996841549873352,0.4996841549873352,1.0,1.0,-2.984562873840332,1.103469729423523,1.8810930252075195,0.4315337836742401,0.8972324728965759,0.8972324728965759,0.0,141.46951293945312,124.0,40932.98046875,0.0,2232.768798828125,1.0,280.6578369140625,283.3441467285156,291.3361511230469,293.98175048828125,293.1499938964844,293.1499938964844,280.95001220703125,36111.1796875,36000.0,313.1499938964844,0.0,18000.0,1.0,0.0,0.0,0.0,1.0,0.9477545619010924,1.0,0.0,0.0,3.646439790725708,3.646463632583618,8.872200965015509e-07,4.265924453735352,4.265914440155029,9.78592834144365e-06,0.0,0.0,-0.0,5466.85400390625,0.0,1530.0421142578125,1895.4371337890625,0.0,3842.711181640625,0.9045439958572388,1.0,0.0,3.0,1.0,0.0
12224100,296.98028564453125,297.1499938964844,293.1499938964844,0.0,-0.0,284.9555358886719,0.9990000128746032,0.6517924666404724,0.5232521295547485,297.3651123046875,297.1499938964844,293.1499938964844,0.0,-0.0,284.9547424316406,0.9260594844818116,0.4588087797164917,0.4352795779705047,297.185791015625,297.1499938964844,293.1499938964844,0.0,-0.0,284.9535522460937,0.8443803191184998,0.3494225442409515,0.2459850460290908,297.2118835449219,297.1499938964844,293.1499938964844,0.0,-0.0,284.9527282714844,0.8073029518127441,0.3026264309883117,0.2889356613159179,297.14794921875,297.1499938964844,293.1499938964844,0.0,-0.0,284.95025634765625,0.7243788838386536,0.2161989957094192,0.9851778149604796,284.95458984375,284.95001220703125,299.39166259765625,288.3048095703125,298.0318298339844,297.2377319335937,284.9623413085937,1.0,0.5579368472099304,0.4990050792694092,0.4990050792694092,1.0,1.0,-2.976073980331421,1.0986920595169067,1.877382040023804,0.4285176396369934,0.89845210313797,0.89845210313797,0.0,139.05882263183594,124.0,40063.01171875,0.0,2205.582763671875,1.0,280.9012145996094,283.5102844238281,291.26727294921875,293.7728881835937,293.1499938964844,293.1499938964844,280.95001220703125,36046.15234375,36000.0,313.1499938964844,0.0,18000.0,1.0,0.0,0.0,0.0,1.0,0.9403116703033448,1.0,0.0,0.0,3.6453678607940674,3.6453919410705566,8.866986149769218e-07,4.265924453735352,4.265914440155029,9.78592834144365e-06,0.0,0.0,-0.0,5605.80517578125,0.0,1528.3660888671875,1895.4371337890625,0.0,3775.278564453125,0.9043148159980774,1.0,0.0,3.0,1.0,0.0
12224160,297.000732421875,297.1499938964844,293.1499938964844,0.0,-0.0,284.9966735839844,0.9990000128746032,0.6527226567268372,0.5140528082847595,297.3680419921875,297.1499938964844,293.1499938964844,0.0,-0.0,284.9966125488281,0.933562695980072,0.4604566693305969,0.4365848004817962,297.18853759765625,297.1499938964844,293.1499938964844,0.0,-0.0,284.9964904785156,0.8493702411651611,0.349919855594635,0.2461544126272201,297.2137145996094,297.1499938964844,293.1499938964844,0.0,-0.0,284.99639892578125,0.8123443722724915,0.3031998872756958,0.2892654538154602,297.14947509765625,297.1499938964844,293.1499938964844,0.0,-0.0,284.9961242675781,0.7282744646072388,0.2163348346948623,0.9847941398620604,284.99658203125,284.95001220703125,299.4100036621094,288.3080444335937,298.0395202636719,297.2409973144531,284.9972839355469,1.0,0.5546901226043701,0.4984070658683777,0.4984070658683777,1.0,1.0,-2.966724872589112,1.093705654144287,1.873019218444824,0.4254518747329712,0.8992283344268799,0.8992283344268799,0.0,135.8563690185547,127.0,39891.6953125,0.0,2173.03759765625,1.0,280.9422607421875,283.5548095703125,291.265380859375,293.79302978515625,293.1499938964844,293.1499938964844,281.25,35977.1328125,36000.0,313.1499938964844,0.0,18000.0,1.0,0.0,0.0,0.0,1.0,0.9353771209716796,1.0,0.0,0.0,3.646500587463379,3.646524667739868,8.872497119227774e-07,4.265924453735352,4.265914440155029,9.78592834144365e-06,0.0,0.0,-0.0,5336.005859375,0.0,1529.10791015625,1895.4371337890625,0.0,3730.327392578125,0.9044903516769408,1.0,0.0,3.0,1.0,0.0
12224220,297.0608215332031,297.1499938964844,293.1499938964844,0.0,-0.0,285.1881103515625,0.9990000128746032,0.6569104790687561,0.5025864839553833,297.3803405761719,297.1499938964844,293.1499938964844,0.0,-0.0,285.18798828125,0.9444717168807985,0.4644568562507629,0.4399856030941009,297.2002868652344,297.1499938964844,293.1499938964844,0.0,-0.0,285.1877746582031,0.856626570224762,0.3515892028808594,0.2470594048500061,297.22271728515625,297.1499938964844,293.1499938964844,0.0,-0.0,285.1876220703125,0.8193668723106384,0.3049097955226898,0.290563017129898,297.158203125,297.1499938964844,293.1499938964844,0.0,-0.0,285.1871643066406,0.7338965535163879,0.2172052711248397,0.9871503114700316,285.1879577636719,284.95001220703125,299.4466552734375,288.3144836425781,298.0595092773437,297.2539978027344,285.1893920898437,1.0,0.5522542595863342,0.4972110092639923,0.4972110092639923,1.0,1.0,-2.9624860286712646,1.0897603034973145,1.8727257251739504,0.4218004941940307,0.9039761424064636,0.9039761424064636,0.0,132.2019500732422,130.0,38981.6328125,0.0,2147.24267578125,1.0,281.24176025390625,283.7881774902344,291.25469970703125,293.7059936523437,293.1499938964844,293.1499938964844,280.95001220703125,35763.703125,36000.0,313.1499938964844,0.0,18000.0,1.0,0.0,0.0,0.0,1.0,0.9199234843254088,1.0,0.0,0.0,3.654604434967041,3.6546285152435294,8.911977147363359e-07,4.265924453735352,4.265914440155029,9.78592834144365e-06,0.0,0.0,-0.0,5888.75,0.0,1536.527099609375,1895.4371337890625,0.0,3588.451904296875,0.906163454055786,1.0,0.0,3.0,1.0,0.0
12224280,297.0608215332031,297.1499938964844,293.1499938964844,0.0,-0.0,285.1881103515625,0.9990000128746032,0.6569104790687561,0.5025864839553833,297.3803405761719,297.1499938964844,293.1499938964844,0.0,-0.0,285.18798828125,0.9444717168807985,0.4644568562507629,0.4399856030941009,297.2002868652344,297.1499938964844,293.1499938964844,0.0,-0.0,285.1877746582031,0.856626570224762,0.3515892028808594,0.2470594048500061,297.22271728515625,297.1499938964844,293.1499938964844,0.0,-0.0,285.1876220703125,0.8193668723106384,0.3049097955226898,0.290563017129898,297.158203125,297.1499938964844,293.1499938964844,0.0,-0.0,285.1871643066406,0.7338965535163879,0.2172052711248397,0.9871503114700316,285.1879577636719,284.95001220703125,299.4466552734375,288.3144836425781,298.0595092773437,297.2539978027344,285.1893920898437,1.0,0.5522542595863342,0.4972110092639923,0.4972110092639923,1.0,1.0,-2.9624860286712646,1.0897603034973145,1.8727257251739504,0.4218004941940307,0.9039761424064636,0.9039761424064636,0.0,132.2019500732422,130.0,38981.6328125,0.0,2147.24267578125,1.0,281.24176025390625,283.7881774902344,291.25469970703125,293.7059936523437,293.1499938964844,293.1499938964844,280.95001220703125,35763.703125,36000.0,313.1499938964844,0.0,18000.0,1.0,0.0,0.0,0.0,1.0,0.9199234843254088,1.0,0.0,0.0,3.654604434967041,3.6546285152435294,8.911977147363359e-07,4.265924453735352,4.265914440155029,9.78592834144365e-06,0.0,0.0,-0.0,5888.75,0.0,1536.527099609375,1895.4371337890625,0.0,3588.451904296875,0.906163454055786,1.0,0.0,3.0,1.0,0.0
12224340,297.0913391113281,297.1499938964844,293.1499938964844,0.0,-0.0,285.01007080078125,0.9990000128746032,0.6589233875274658,0.4974971413612366,297.38055419921875,297.1499938964844,293.1499938964844,0.0,-0.0,285.0101623535156,0.950559675693512,0.4674155712127685,0.4431074261665344,297.2008361816406,297.1499938964844,293.1499938964844,0.0,-0.0,285.0103759765625,0.8603318929672241,0.3523027300834656,0.247793361544609,297.223876953125,297.1499938964844,293.1499938964844,0.0,-0.0,285.010498046875,0.823049783706665,0.3059651851654053,0.2917755246162414,297.1620483398437,297.1499938964844,293.1499938964844,0.0,-0.0,285.01092529296875,0.7368837594985962,0.2177094966173172,0.9900711178779602,285.0102233886719,284.95001220703125,299.4833374023437,288.32086181640625,298.0715637207031,297.2543029785156,285.0089416503906,1.0,0.5519620776176453,0.4960149228572845,0.4960149228572845,1.0,1.0,-2.9659695625305176,1.088964343070984,1.8770052194595337,0.4198455810546875,0.9033381342887878,0.9033381342887878,0.0,130.80856323242188,148.0,39919.3046875,0.0,2146.231201171875,1.0,280.957763671875,283.5675964355469,291.3610534667969,293.93609619140625,293.1499938964844,293.1499938964844,280.6499938964844,35880.9921875,36000.0,313.1499938964844,0.0,18000.0,1.0,0.0,0.0,0.0,1.0,0.93246191740036,1.0,0.0,0.0,3.659849166870117,3.6598732471466064,8.937573738876381e-07,4.265924453735352,4.265914440155029,9.78592834144365e-06,0.0,0.0,-0.0,6039.31982421875,0.0,1543.2608642578125,1895.4371337890625,0.0,3703.6865234375,0.9073894619941713,1.0,0.0,3.0,1.0,0.0
12224400,297.0913391113281,297.1499938964844,293.1499938964844,0.0,-0.0,285.01007080078125,0.9990000128746032,0.6589233875274658,0.4974971413612366,297.38055419921875,297.1499938964844,293.1499938964844,0.0,-0.0,285.0101623535156,0.950559675693512,0.4674155712127685,0.4431074261665344,297.2008361816406,297.1499938964844,293.1499938964844,0.0,-0.0,285.0103759765625,0.8603318929672241,0.3523027300834656,0.247793361544609,297.223876953125,297.1499938964844,293.1499938964844,0.0,-0.0,285.010498046875,0.823049783706665,0.3059651851654053,0.2917755246162414,297.1620483398437,297.1499938964844,293.1499938964844,0.0,-0.0,285.01092529296875,0.7368837594985962,0.2177094966173172,0.9900711178779602,285.0102233886719,284.95001220703125,299.4833374023437,288.32086181640625,298.0715637207031,297.2543029785156,285.0089416503906,1.0,0.5519620776176453,0.4960149228572845,0.4960149228572845,1.0,1.0,-2.9659695625305176,1.088964343070984,1.8770052194595337,0.4198455810546875,0.9033381342887878,0.9033381342887878,0.0,130.80856323242188,148.0,39919.3046875,0.0,2146.231201171875,1.0,280.957763671875,283.5675964355469,291.3610534667969,293.93609619140625,293.1499938964844,293.1499938964844,280.6499938964844,35880.9921875,36000.0,313.1499938964844,0.0,18000.0,1.0,0.0,0.0,0.0,1.0,0.93246191740036,1.0,0.0,0.0,3.659849166870117,3.6598732471466064,8.937573738876381e-07,4.265924453735352,4.265914440155029,9.78592834144365e-06,0.0,0.0,-0.0,6039.31982421875,0.0,1543.2608642578125,1895.4371337890625,0.0,3703.6865234375,0.9073894619941713,1.0,0.0,3.0,1.0,0.0
12224460,297.0653991699219,297.1499938964844,293.1499938964844,0.0,-0.0,284.82794189453125,0.9990000128746032,0.6556299328804016,0.5115281939506531,297.369384765625,297.1499938964844,293.1499938964844,0.0,-0.0,284.8280029296875,0.942357897758484,0.4692135453224182,0.4451702237129211,297.190185546875,297.1499938964844,293.1499938964844,0.0,-0.0,284.8280639648437,0.8525246381759644,0.3518758714199066,0.2477744221687317,297.2162780761719,297.1499938964844,293.1499938964844,0.0,-0.0,284.828125,0.8163295388221741,0.3061380982398987,0.2922734916210174,297.1577453613281,297.1499938964844,293.1499938964844,0.0,-0.0,284.82830810546875,0.7306631207466125,0.2174328416585922,0.9904266595840454,284.8280029296875,284.95001220703125,299.5199890136719,288.3271484375,298.0782775878906,297.2451171875,284.8277282714844,1.0,0.5581843256950378,0.4949195981025696,0.4949195981025696,1.0,1.0,-2.986292839050293,1.095292091369629,1.8910008668899536,0.4210082292556762,0.9001510739326477,0.9001510739326477,0.0,135.76715087890625,166.0,41041.69140625,0.0,2206.862548828125,1.0,280.6581726074219,283.34185791015625,291.385986328125,294.0456237792969,293.1499938964844,293.1499938964844,280.3500061035156,36079.921875,36000.0,313.1499938964844,0.0,18000.0,1.0,0.0,0.0,0.0,1.0,0.9477229714393616,1.0,0.0,0.0,3.65743899345398,3.6574630737304688,8.925806014303816e-07,4.265924453735352,4.265914440155029,9.78592834144365e-06,0.0,0.0,-0.0,6161.44140625,0.0,1542.0595703125,1895.4371337890625,0.0,3842.42578125,0.9069826602935792,1.0,0.0,3.0,1.0,0.0
12224520,297.0653991699219,297.1499938964844,293.1499938964844,0.0,-0.0,284.82794189453125,0.9990000128746032,0.6556299328804016,0.5115281939506531,297.369384765625,297.1499938964844,293.1499938964844,0.0,-0.0,284.8280029296875,0.942357897758484,0.4692135453224182,0.4451702237129211,297.190185546875,297.1499938964844,293.1499938964844,0.0,-0.0,284.8280639648437,0.8525246381759644,0.3518758714199066,0.2477744221687317,297.2162780761719,297.1499938964844,293.1499938964844,0.0,-0.0,284.828125,0.8163295388221741,0.3061380982398987,0.2922734916210174,297.1577453613281,297.1499938964844,293.1499938964844,0.0,-0.0,284.82830810546875,0.7306631207466125,0.2174328416585922,0.9904266595840454,284.8280029296875,284.95001220703125,299.5199890136719,288.3271484375,298.0782775878906,297.2451171875,284.8277282714844,1.0,0.5581843256950378,0.4949195981025696,0.4949195981025696,1.0,1.0,-2.986292839050293,1.095292091369629,1.8910008668899536,0.4210082292556762,0.9001510739326477,0.9001510739326477,0.0,135.76715087890625,166.0,41041.69140625,0.0,2206.862548828125,1.0,280.6581726074219,283.34185791015625,291.385986328125,294.0456237792969,293.1499938964844,293.1499938964844,280.3500061035156,36079.921875,36000.0,313.1499938964844,0.0,18000.0,1.0,0.0,0.0,0.0,1.0,0.9477229714393616,1.0,0.0,0.0,3.65743899345398,3.6574630737304688,8.925806014303816e-07,4.265924453735352,4.265914440155029,9.78592834144365e-06,0.0,0.0,-0.0,6161.44140625,0.0,1542.0595703125,1895.4371337890625,0.0,3842.42578125,0.9069826602935792,1.0,0.0,3.0,1.0,0.0
12224580,296.97528076171875,297.1499938964844,293.1499938964844,0.0,-0.0,284.66473388671875,0.9990000128746032,0.6454845070838928,0.5385013818740845,297.3544311523437,297.1499938964844,293.1499938964844,0.0,-0.0,284.66473388671875,0.9251101016998292,0.470478892326355,0.4467871785163879,297.1759033203125,297.1499938964844,293.1499938964844,0.0,-0.0,284.6647644042969,0.8383069038391113,0.3509384095668793,0.2474347800016403,297.205078125,297.1499938964844,293.1499938964844,0.0,-0.0,284.664794921875,0.8027071356773376,0.3058443963527679,0.292417973279953,297.1476135253906,297.1499938964844,293.1499938964844,0.0,-0.0,284.6648864746094,0.7186601758003235,0.2165127098560333,0.9885891079902648,284.66473388671875,284.95001220703125,299.5566711425781,288.3334045410156,298.081298828125,297.22955322265625,284.6648864746094,1.0,0.5683921575546265,0.4938242435455322,0.4938242435455322,1.0,1.0,-3.0182080268859863,1.1063202619552612,1.9118876457214355,0.4245131909847259,0.8949294090270996,0.8949294090270996,0.0,145.4003448486328,169.0,42343.24609375,0.0,2313.111083984375,1.0,280.35821533203125,283.134521484375,291.38983154296875,294.12994384765625,293.1499938964844,293.1499938964844,280.6499938964844,36300.95703125,36000.0,313.1499938964844,0.0,18000.0,1.0,0.0,0.0,0.0,1.0,0.9617340564727784,1.0,0.0,0.0,3.646789789199829,3.6468138694763184,8.873904562278767e-07,4.265924453735352,4.265914440155029,9.78592834144365e-06,0.0,0.0,-0.0,5600.22900390625,0.0,1531.849853515625,1895.4371337890625,0.0,3968.0283203125,0.9047526717185974,1.0,0.0,3.0,1.0,0.0
12224640,296.97528076171875,297.1499938964844,293.1499938964844,0.0,-0.0,284.66473388671875,0.9990000128746032,0.6454845070838928,0.5385013818740845,297.3544311523437,297.1499938964844,293.1499938964844,0.0,-0.0,284.66473388671875,0.9251101016998292,0.470478892326355,0.4467871785163879,297.1759033203125,297.1499938964844,293.1499938964844,0.0,-0.0,284.6647644042969,0.8383069038391113,0.3509384095668793,0.2474347800016403,297.205078125,297.1499938964844,293.1499938964844,0.0,-0.0,284.664794921875,0.8027071356773376,0.3058443963527679,0.292417973279953,297.1476135253906,297.1499938964844,293.1499938964844,0.0,-0.0,284.6648864746094,0.7186601758003235,0.2165127098560333,0.9885891079902648,284.66473388671875,284.95001220703125,299.5566711425781,288.3334045410156,298.081298828125,297.22955322265625,284.6648864746094,1.0,0.5683921575546265,0.4938242435455322,0.4938242435455322,1.0,1.0,-3.0182080268859863,1.1063202619552612,1.9118876457214355,0.4245131909847259,0.8949294090270996,0.8949294090270996,0.0,145.4003448486328,169.0,42343.24609375,0.0,2313.111083984375,1.0,280.35821533203125,283.134521484375,291.38983154296875,294.12994384765625,293.1499938964844,293.1499938964844,280.6499938964844,36300.95703125,36000.0,313.1499938964844,0.0,18000.0,1.0,0.0,0.0,0.0,1.0,0.9617340564727784,1.0,0.0,0.0,3.646789789199829,3.6468138694763184,8.873904562278767e-07,4.265924453735352,4.265914440155029,9.78592834144365e-06,0.0,0.0,-0.0,5600.22900390625,0.0,1531.849853515625,1895.4371337890625,0.0,3968.0283203125,0.9047526717185974,1.0,0.0,3.0,1.0,0.0
12224700,296.9261779785156,297.1499938964844,293.1499938964844,0.0,-0.0,284.8064880371094,0.9990000128746032,0.6395502686500549,0.5501172542572021,297.3516540527344,297.1499938964844,293.1499938964844,0.0,-0.0,284.8055114746094,0.9181624054908752,0.4714980125427246,0.4476341903209686,297.1731262207031,297.1499938964844,293.1499938964844,0.0,-0.0,284.80401611328125,0.8325823545455933,0.3508267402648926,0.247291088104248,297.2024230957031,297.1499938964844,293.1499938964844,0.0,-0.0,284.8031616210937,0.7969110608100891,0.3059286773204803,0.2924779057502746,297.1433410644531,297.1499938964844,293.1499938964844,0.0,-0.0,284.8002319335937,0.7133275866508484,0.2160765677690506,0.9869712591171264,284.8052978515625,284.95001220703125,299.57501220703125,288.3365173339844,298.0847473144531,297.2249450683594,284.8143920898437,1.0,0.5723778605461121,0.4932765662670135,0.4932765662670135,1.0,1.0,-3.031155824661255,1.1105573177337646,1.9205985069274905,0.4258681237697601,0.8953089118003845,0.8953089118003845,0.0,149.66343688964844,169.0,41609.7890625,0.0,2358.64306640625,1.0,280.6012268066406,283.3124694824219,291.3108825683594,293.9107666015625,293.1499938964844,293.1499938964844,280.6499938964844,36238.74609375,36000.0,313.1499938964844,0.0,18000.0,1.0,0.0,0.0,0.0,1.0,0.9548938274383544,1.0,0.0,0.0,3.642091035842896,3.6421148777008057,8.851051234159968e-07,4.265924453735352,4.265914440155029,9.78592834144365e-06,0.0,0.0,-0.0,5751.7744140625,0.0,1526.1695556640625,1895.4371337890625,0.0,3906.940673828125,0.9037172198295592,1.0,0.0,3.0,1.0,0.0
12224760,296.88818359375,297.1499938964844,293.1499938964844,0.0,-0.0,284.8655090332031,0.9990000128746032,0.6344001293182373,0.5592416524887085,297.353759765625,297.1499938964844,293.1499938964844,0.0,-0.0,284.865234375,0.9134572744369508,0.4729795455932617,0.448970764875412,297.1751403808594,297.1499938964844,293.1499938964844,0.0,-0.0,284.8648986816406,0.8285402059555054,0.3511700630187988,0.2474878877401352,297.2033386230469,297.1499938964844,293.1499938964844,0.0,-0.0,284.8646850585937,0.7927812933921814,0.3063496947288513,0.2928623855113983,297.1414489746094,297.1499938964844,293.1499938964844,0.0,-0.0,284.86395263671875,0.7091580629348755,0.2158457785844802,0.9861266016960144,284.8652038574219,284.95001220703125,299.59332275390625,288.339599609375,298.0905456542969,297.2250061035156,284.8675537109375,1.0,0.5759920477867126,0.4923457503318786,0.4923457503318786,1.0,1.0,-3.043414831161499,1.1138067245483398,1.9296081066131592,0.4262371063232422,0.895388662815094,0.895388662815094,0.0,153.14517211914062,172.0,41651.4609375,0.0,2399.221923828125,1.0,280.64208984375,283.3728942871094,291.306396484375,293.9352111816406,293.1499938964844,293.1499938964844,280.95001220703125,36163.875,36000.0,313.1499938964844,0.0,18000.0,1.0,0.0,0.0,0.0,1.0,0.9507277607917786,1.0,0.0,0.0,3.639763832092285,3.6397879123687744,8.839744509714365e-07,4.265924453735352,4.265914440155029,9.78592834144365e-06,0.0,0.0,-0.0,5486.29052734375,0.0,1523.0328369140625,1895.4371337890625,0.0,3869.515869140625,0.9031173586845398,1.0,0.0,3.0,1.0,0.0
12224820,296.8454895019531,297.1499938964844,293.1499938964844,0.0,-0.0,285.0775451660156,0.9949093461036682,0.6266937851905823,0.565424382686615,297.36492919921875,297.1499938964844,293.1499938964844,0.0,-0.0,285.077392578125,0.9053211212158204,0.4766858518123626,0.4524716734886169,297.1864929199219,297.1499938964844,293.1499938964844,0.0,-0.0,285.0771484375,0.8213526010513306,0.3526307046413421,0.2485120445489883,297.2109069824219,297.1499938964844,293.1499938964844,0.0,-0.0,285.0769958496094,0.7853939533233643,0.3077883422374725,0.2942810356616974,297.14239501953125,297.1499938964844,293.1499938964844,0.0,-0.0,285.0765075683594,0.7012828588485718,0.2158272117376327,0.9865241646766664,285.07733154296875,284.95001220703125,299.6300048828125,288.345703125,298.1063842773437,297.2324523925781,285.0789794921875,1.0,0.581939697265625,0.4904841184616089,0.4904841184616089,1.0,1.0,-3.059309720993042,1.1166205406188965,1.942689299583435,0.4252837300300598,0.8988465666770935,0.8988465666770935,0.0,159.92449951171875,175.0,40921.10546875,0.0,2463.443359375,1.0,280.9416809082031,283.62384033203125,291.2991943359375,293.8664855957031,293.1499938964844,293.1499938964844,281.25,35929.62109375,36000.0,313.1499938964844,0.0,18000.0,1.0,0.0,0.0,0.0,1.0,0.937996506690979,1.0,0.0,0.0,3.641690254211426,3.641714096069336,8.849103778629797e-07,4.265924453735352,4.265914440155029,9.78592834144365e-06,0.0,0.0,-0.0,5411.61865234375,0.0,1523.417724609375,1895.4371337890625,0.0,3754.21142578125,0.9033908247947692,1.0,0.0,3.0,1.0,0.0
12224880,296.8454895019531,297.1499938964844,293.1499938964844,0.0,-0.0,285.0775451660156,0.9949093461036682,0.6266937851905823,0.565424382686615,297.36492919921875,297.1499938964844,293.1499938964844,0.0,-0.0,285.077392578125,0.9053211212158204,0.4766858518123626,0.4524716734886169,297.1864929199219,297.1499938964844,293.1499938964844,0.0,-0.0,285.0771484375,0.8213526010513306,0.3526307046413421,0.2485120445489883,297.2109069824219,297.1499938964844,293.1499938964844,0.0,-0.0,285.0769958496094,0.7853939533233643,0.3077883422374725,0.2942810356616974,297.14239501953125,297.1499938964844,293.1499938964844,0.0,-0.0,285.0765075683594,0.7012828588485718,0.2158272117376327,0.9865241646766664,285.07733154296875,284.95001220703125,299.6300048828125,288.345703125,298.1063842773437,297.2324523925781,285.0789794921875,1.0,0.581939697265625,0.4904841184616089,0.4904841184616089,1.0,1.0,-3.059309720993042,1.1166205406188965,1.942689299583435,0.4252837300300598,0.8988465666770935,0.8988465666770935,0.0,159.92449951171875,175.0,40921.10546875,0.0,2463.443359375,1.0,280.9416809082031,283.62384033203125,291.2991943359375,293.8664855957031,293.1499938964844,293.1499938964844,281.25,35929.62109375,36000.0,313.1499938964844,0.0,18000.0,1.0,0.0,0.0,0.0,1.0,0.937996506690979,1.0,0.0,0.0,3.641690254211426,3.641714096069336,8.849103778629797e-07,4.265924453735352,4.265914440155029,9.78592834144365e-06,0.0,0.0,-0.0,5411.61865234375,0.0,1523.417724609375,1895.4371337890625,0.0,3754.21142578125,0.9033908247947692,1.0,0.0,3.0,1.0,0.0
12224940,296.85528564453125,297.1499938964844,293.1499938964844,0.0,-0.0,285.2778625488281,0.986225724220276,0.6237975358963013,0.5621422529220581,297.3799133300781,297.1499938964844,293.1499938964844,0.0,-0.0,285.2777099609375,0.8995899558067322,0.4809224307537079,0.4565522670745849,297.2015686035156,297.1499938964844,293.1499938964844,0.0,-0.0,285.2774353027344,0.8158212900161743,0.3546155393123626,0.2499770224094391,297.22216796875,297.1499938964844,293.1499938964844,0.0,-0.0,285.2772827148437,0.7798177003860474,0.3096941709518432,0.2961920797824859,297.14874267578125,297.1499938964844,293.1499938964844,0.0,-0.0,285.2767333984375,0.695208728313446,0.2163691967725753,0.9893072843551636,285.27764892578125,284.95001220703125,299.6666564941406,288.35174560546875,298.1255187988281,297.2457580566406,285.2793273925781,1.0,0.5862694382667542,0.4886224865913391,0.4886224865913391,1.0,1.0,-3.066847562789917,1.115943431854248,1.9509042501449585,0.4229962527751922,0.9048675894737244,0.9048675894737244,0.0,165.78614807128906,178.0,40123.58984375,0.0,2508.96533203125,1.0,281.24176025390625,283.8636474609375,291.31005859375,293.8251037597656,293.1499938964844,293.1499938964844,280.95001220703125,35674.29296875,36000.0,313.1499938964844,0.0,18000.0,1.0,0.0,0.0,0.0,1.0,0.9268321394920348,1.0,0.0,0.0,3.653130292892456,3.653154134750366,8.904788160180033e-07,4.265924453735352,4.265914440155029,9.78592834144365e-06,0.0,0.0,-0.0,5988.1201171875,0.0,1534.2147216796875,1895.4371337890625,0.0,3652.07080078125,0.9057759642601012,1.0,0.0,3.0,1.0,0.0
12225000,296.85528564453125,297.1499938964844,293.1499938964844,0.0,-0.0,285.2778625488281,0.986225724220276,0.6237975358963013,0.5621422529220581,297.3799133300781,297.1499938964844,293.1499938964844,0.0,-0.0,285.2777099609375,0.8995899558067322,0.4809224307537079,0.4565522670745849,297.2015686035156,297.1499938964844,293.1499938964844,0.0,-0.0,285.2774353027344,0.8158212900161743,0.3546155393123626,0.2499770224094391,297.22216796875,297.1499938964844,293.1499938964844,0.0,-0.0,285.2772827148437,0.7798177003860474,0.3096941709518432,0.2961920797824859,297.14874267578125,297.1499938964844,293.1499938964844,0.0,-0.0,285.2767333984375,0.695208728313446,0.2163691967725753,0.9893072843551636,285.27764892578125,284.95001220703125,299.6666564941406,288.35174560546875,298.1255187988281,297.2457580566406,285.2793273925781,1.0,0.5862694382667542,0.4886224865913391,0.4886224865913391,1.0,1.0,-3.066847562789917,1.115943431854248,1.9509042501449585,0.4229962527751922,0.9048675894737244,0.9048675894737244,0.0,165.78614807128906,178.0,40123.58984375,0.0,2508.96533203125,1.0,281.24176025390625,283.8636474609375,291.31005859375,293.8251037597656,293.1499938964844,293.1499938964844,280.95001220703125,35674.29296875,36000.0,313.1499938964844,0.0,18000.0,1.0,0.0,0.0,0.0,1.0,0.9268321394920348,1.0,0.0,0.0,3.653130292892456,3.653154134750366,8.904788160180033e-07,4.265924453735352,4.265914440155029,9.78592834144365e-06,0.0,0.0,-0.0,5988.1201171875,0.0,1534.2147216796875,1895.4371337890625,0.0,3652.07080078125,0.9057759642601012,1.0,0.0,3.0,1.0,0.0
12225060,296.854736328125,297.1499938964844,293.1499938964844,0.0,-0.0,285.123779296875,0.9814582467079164,0.6212204098701477,0.5604782700538635,297.3817138671875,297.1499938964844,293.1499938964844,0.0,-0.0,285.12420654296875,0.8969767689704895,0.4830906987190246,0.4590782523155212,297.2040710449219,297.1499938964844,293.1499938964844,0.0,-0.0,285.1248779296875,0.8130346536636353,0.3553187847137451,0.2508034408092499,297.2244567871094,297.1499938964844,293.1499938964844,0.0,-0.0,285.1252746582031,0.7771608233451843,0.3105504512786865,0.2973649501800537,297.1506652832031,297.1499938964844,293.1499938964844,0.0,-0.0,285.1266784667969,0.6922858953475952,0.2165534496307373,0.9914326071739196,285.1242980957031,284.95001220703125,299.69158935546875,288.3558349609375,298.1345520019531,297.2482604980469,285.1202392578125,1.0,0.5888632535934448,0.4875409305095672,0.4875409305095672,1.0,1.0,-3.0728518962860107,1.1161634922027588,1.9566882848739624,0.4220040142536163,0.905093789100647,0.905093789100647,0.0,168.9961395263672,178.0,41074.70703125,0.0,2537.18701171875,1.0,280.9750671386719,283.6667175292969,291.4120178222656,294.0713195800781,293.1499938964844,293.1499938964844,280.95001220703125,35742.984375,36000.0,313.1499938964844,0.0,18000.0,1.0,0.0,0.0,0.0,1.0,0.938907027244568,1.0,0.0,0.0,3.660132884979248,3.660156965255737,8.938960149862396e-07,4.265924453735352,4.265914440155029,9.78592834144365e-06,0.0,0.0,-0.0,5820.15966796875,0.0,1542.542724609375,1895.4371337890625,0.0,3762.501953125,0.9073457717895508,1.0,0.0,3.0,1.0,0.0
12225120,296.8514099121094,297.1499938964844,293.1499938964844,0.0,-0.0,285.1038513183594,0.9785791635513306,0.6196988821029663,0.5592514872550964,297.3798522949219,297.1499938964844,293.1499938964844,0.0,-0.0,285.10400390625,0.8951871395111084,0.483849436044693,0.4599385559558868,297.2026672363281,297.1499938964844,293.1499938964844,0.0,-0.0,285.1042175292969,0.8111846446990967,0.355402410030365,0.2509703040122986,297.2234802246094,297.1499938964844,293.1499938964844,0.0,-0.0,285.1043395996094,0.7754273414611816,0.3107592761516571,0.2976935803890228,297.1500244140625,297.1499938964844,293.1499938964844,0.0,-0.0,285.10479736328125,0.6904663443565369,0.2164937108755111,0.9917277097702026,285.1040344238281,284.95001220703125,299.7033386230469,288.3577575683594,298.1371154785156,297.2468566894531,285.1026611328125,1.0,0.5898851156234741,0.4870319664478302,0.4870319664478302,1.0,1.0,-3.0733649730682373,1.1153331995010376,1.9580317735672,0.4210982620716095,0.9055160284042358,0.9055160284042358,0.0,170.6822967529297,181.0,41129.7734375,0.0,2547.0087890625,1.0,280.957763671875,283.6448669433594,291.4120483398437,294.0618896484375,293.1499938964844,293.1499938964844,280.6499938964844,35766.640625,36000.0,313.1499938964844,0.0,18000.0,1.0,0.0,0.0,0.0,1.0,0.942343533039093,1.0,0.0,0.0,3.662598609924317,3.6626226902008057,8.951008112489944e-07,4.265924453735352,4.265914440155029,9.78592834144365e-06,0.0,0.0,-0.0,6146.435546875,0.0,1545.478271484375,1895.4371337890625,0.0,3793.732421875,0.9079283475875854,1.0,0.0,3.0,1.0,0.0
12225180,296.83270263671875,297.1499938964844,293.1499938964844,0.0,-0.0,284.9039001464844,0.9685678482055664,0.6140318512916565,0.5546759366989136,297.36639404296875,297.1499938964844,293.1499938964844,0.0,-0.0,284.904052734375,0.8890098929405212,0.4854086637496948,0.461880087852478,297.1910705566406,297.1499938964844,293.1499938964844,0.0,-0.0,284.9043273925781,0.8045864701271057,0.3549050986766815,0.2509677410125732,297.21441650390625,297.1499938964844,293.1499938964844,0.0,-0.0,284.90447998046875,0.7694603800773621,0.3107782900333404,0.2981385290622711,297.1429138183594,297.1499938964844,293.1499938964844,0.0,-0.0,284.905029296875,0.684170663356781,0.2157821953296661,0.990421175956726,284.9040832519531,284.95001220703125,299.739990234375,288.3636779785156,298.1404113769531,297.2356262207031,284.9024353027344,1.0,0.592349112033844,0.4854414463043213,0.4854414463043213,1.0,1.0,-3.06916880607605,1.1103787422180176,1.9587901830673216,0.4171565473079681,0.9032559990882874,0.9032559990882874,0.0,175.96881103515625,184.0,42026.109375,0.0,2566.699462890625,1.0,280.6581115722656,283.4024658203125,291.4262084960937,294.1548767089844,293.1499938964844,293.1499938964844,280.3500061035156,35964.68359375,36000.0,313.1499938964844,0.0,18000.0,1.0,0.0,0.0,0.0,1.0,0.958384931087494,1.0,0.0,0.0,3.664605617523194,3.6646296977996826,8.960820423453697e-07,4.265924453735352,4.265914440155029,9.78592834144365e-06,0.0,0.0,-0.0,6252.421875,0.0,1549.2135009765625,1895.4371337890625,0.0,3938.17578125,0.9085040092468262,1.0,0.0,3.0,1.0,0.0
12225240,296.83270263671875,297.1499938964844,293.1499938964844,0.0,-0.0,284.9039001464844,0.9685678482055664,0.6140318512916565,0.5546759366989136,297.36639404296875,297.1499938964844,293.1499938964844,0.0,-0.0,284.904052734375,0.8890098929405212,0.4854086637496948,0.461880087852478,297.1910705566406,297.1499938964844,293.1499938964844,0.0,-0.0,284.9043273925781,0.8045864701271057,0.3549050986766815,0.2509677410125732,297.21441650390625,297.1499938964844,293.1499938964844,0.0,-0.0,284.90447998046875,0.7694603800773621,0.3107782900333404,0.2981385290622711,297.1429138183594,297.1499938964844,293.1499938964844,0.0,-0.0,284.905029296875,0.684170663356781,0.2157821953296661,0.990421175956726,284.9040832519531,284.95001220703125,299.739990234375,288.3636779785156,298.1404113769531,297.2356262207031,284.9024353027344,1.0,0.592349112033844,0.4854414463043213,0.4854414463043213,1.0,1.0,-3.06916880607605,1.1103787422180176,1.9587901830673216,0.4171565473079681,0.9032559990882874,0.9032559990882874,0.0,175.96881103515625,184.0,42026.109375,0.0,2566.699462890625,1.0,280.6581115722656,283.4024658203125,291.4262084960937,294.1548767089844,293.1499938964844,293.1499938964844,280.3500061035156,35964.68359375,36000.0,313.1499938964844,0.0,18000.0,1.0,0.0,0.0,0.0,1.0,0.958384931087494,1.0,0.0,0.0,3.664605617523194,3.6646296977996826,8.960820423453697e-07,4.265924453735352,4.265914440155029,9.78592834144365e-06,0.0,0.0,-0.0,6252.421875,0.0,1549.2135009765625,1895.4371337890625,0.0,3938.17578125,0.9085040092468262,1.0,0.0,3.0,1.0,0.0
12225300,296.82196044921875,297.1499938964844,293.1499938964844,0.0,-0.0,284.75323486328125,0.9633700251579284,0.6109708547592163,0.5521820187568665,297.35760498046875,297.1499938964844,293.1499938964844,0.0,-0.0,284.7540283203125,0.8859580755233765,0.4859179854393005,0.4625744521617889,297.1833190917969,297.1499938964844,293.1499938964844,0.0,-0.0,284.7555236816406,0.801198422908783,0.3544053435325622,0.250771701335907,297.2080078125,297.1499938964844,293.1499938964844,0.0,-0.0,284.7563171386719,0.7664804458618164,0.3105596005916595,0.2981247007846832,297.1376342773437,297.1499938964844,293.1499938964844,0.0,-0.0,284.7593078613281,0.6809577941894531,0.2152196019887924,0.9887537956237792,284.7543029785156,284.95001220703125,299.7583312988281,288.3666076660156,298.1407470703125,297.2281494140625,284.7456359863281,1.0,0.5932099223136902,0.4846461713314056,0.4846461713314056,1.0,1.0,-3.064751386642456,1.1069602966308594,1.957791090011597,0.4147346019744873,0.900499165058136,0.900499165058136,0.0,178.4663848876953,184.0,42804.26953125,0.0,2571.322265625,1.0,280.4009094238281,283.213623046875,291.4457702636719,294.2781066894531,293.1499938964844,293.1499938964844,280.3500061035156,36100.85546875,36000.0,313.1499938964844,0.0,18000.0,1.0,0.0,0.0,0.0,1.0,0.9671543836593628,1.0,0.0,0.0,3.662352561950684,3.662376642227173,8.94980530574685e-07,4.265924453735352,4.265914440155029,9.78592834144365e-06,0.0,0.0,-0.0,6053.970703125,0.0,1547.7119140625,1895.4371337890625,0.0,4016.098388671875,0.9080548286437988,1.0,0.0,3.0,1.0,0.0
12225360,296.810546875,297.1499938964844,293.1499938964844,0.0,-0.0,284.70068359375,0.9578426480293274,0.6077716946601868,0.549422562122345,297.3477783203125,297.1499938964844,293.1499938964844,0.0,-0.0,284.7008361816406,0.8827757239341736,0.4862671792507171,0.4630403518676758,297.17462158203125,297.1499938964844,293.1499938964844,0.0,-0.0,284.7011108398437,0.7976556420326233,0.3537603616714477,0.2504248917102813,297.2006530761719,297.1499938964844,293.1499938964844,0.0,-0.0,284.7012634277344,0.7633808255195618,0.3102054893970489,0.2979338765144348,297.13140869140625,297.1499938964844,293.1499938964844,0.0,-0.0,284.7018127441406,0.6775923371315002,0.2145298272371292,0.9863656163215636,284.7008972167969,284.95001220703125,299.77667236328125,288.3695373535156,298.1405029296875,297.2195129394531,284.69921875,1.0,0.5938303470611572,0.4840211868286133,0.4840211868286133,1.0,1.0,-3.0584793090820312,1.103118062019348,1.955361247062683,0.4122961759567261,0.8982563614845276,0.8982563614845276,0.0,180.95069885253903,187.0,42826.68359375,0.0,2572.31103515625,1.0,280.35809326171875,283.1600646972656,291.41607666015625,294.1990966796875,293.1499938964844,293.1499938964844,280.6499938964844,36217.43359375,36000.0,313.1499938964844,0.0,18000.0,1.0,0.0,0.0,0.0,1.0,0.9704092741012572,1.0,0.0,0.0,3.657270669937134,3.657294750213623,8.924985195335466e-07,4.265924453735352,4.265914440155029,9.78592834144365e-06,0.0,0.0,-0.0,5642.17578125,0.0,1542.9027099609375,1895.4371337890625,0.0,4044.812744140625,0.9070318341255188,1.0,0.0,3.0,1.0,0.0
12225420,296.81695556640625,297.1499938964844,293.1499938964844,0.0,-0.0,284.8748779296875,0.950112283229828,0.6040851473808289,0.5455259680747986,297.3448181152344,297.1499938964844,293.1499938964844,0.0,-0.0,284.874755859375,0.879298746585846,0.4884509146213531,0.4647690653800964,297.172119140625,297.1499938964844,293.1499938964844,0.0,-0.0,284.8745422363281,0.7932804226875305,0.3537991046905517,0.2502467334270477,297.1972045898437,297.1499938964844,293.1499938964844,0.0,-0.0,284.8744201660156,0.75960373878479,0.3104816377162933,0.2980196177959442,297.1275329589844,297.1499938964844,293.1499938964844,0.0,-0.0,284.8739318847656,0.6731171011924744,0.2138875126838684,0.9829849004745485,284.8747253417969,284.95001220703125,299.8133239746094,288.3753356933594,298.1493835449219,297.2164306640625,284.8759460449219,1.0,0.5949910283088684,0.4827711582183838,0.4827711582183838,1.0,1.0,-3.0516834259033203,1.0978232622146606,1.95386016368866,0.4082835018634796,0.8986572027206421,0.8986572027206421,0.0,184.3956756591797,190.0,41846.5390625,0.0,2577.310546875,1.0,280.6422119140625,283.3780212402344,291.326171875,293.97412109375,293.1499938964844,293.1499938964844,280.95001220703125,36119.25,36000.0,313.1499938964844,0.0,18000.0,1.0,0.0,0.0,0.0,1.0,0.9560595154762268,1.0,0.0,0.0,3.6520121097564697,3.652036190032959,8.899338013179658e-07,4.265924453735352,4.265914440155029,9.78592834144365e-06,0.0,0.0,-0.0,5505.08447265625,0.0,1536.301025390625,1895.4371337890625,0.0,3917.38330078125,0.905819535255432,1.0,0.0,3.0,1.0,0.0
12225480,296.81695556640625,297.1499938964844,293.1499938964844,0.0,-0.0,284.8748779296875,0.950112283229828,0.6040851473808289,0.5455259680747986,297.3448181152344,297.1499938964844,293.1499938964844,0.0,-0.0,284.874755859375,0.879298746585846,0.4884509146213531,0.4647690653800964,297.172119140625,297.1499938964844,293.1499938964844,0.0,-0.0,284.8745422363281,0.7932804226875305,0.3537991046905517,0.2502467334270477,297.1972045898437,297.1499938964844,293.1499938964844,0.0,-0.0,284.8744201660156,0.75960373878479,0.3104816377162933,0.2980196177959442,297.1275329589844,297.1499938964844,293.1499938964844,0.0,-0.0,284.8739318847656,0.6731171011924744,0.2138875126838684,0.9829849004745485,284.8747253417969,284.95001220703125,299.8133239746094,288.3753356933594,298.1493835449219,297.2164306640625,284.8759460449219,1.0,0.5949910283088684,0.4827711582183838,0.4827711582183838,1.0,1.0,-3.0516834259033203,1.0978232622146606,1.95386016368866,0.4082835018634796,0.8986572027206421,0.8986572027206421,0.0,184.3956756591797,190.0,41846.5390625,0.0,2577.310546875,1.0,280.6422119140625,283.3780212402344,291.326171875,293.97412109375,293.1499938964844,293.1499938964844,280.95001220703125,36119.25,36000.0,313.1499938964844,0.0,18000.0,1.0,0.0,0.0,0.0,1.0,0.9560595154762268,1.0,0.0,0.0,3.6520121097564697,3.652036190032959,8.899338013179658e-07,4.265924453735352,4.265914440155029,9.78592834144365e-06,0.0,0.0,-0.0,5505.08447265625,0.0,1536.301025390625,1895.4371337890625,0.0,3917.38330078125,0.905819535255432,1.0,0.0,3.0,1.0,0.0
12225540,296.84136962890625,297.1499938964844,293.1499938964844,0.0,-0.0,285.0755615234375,0.9464876651763916,0.6023306250572205,0.5437116026878357,297.3558654785156,297.1499938964844,293.1499938964844,0.0,-0.0,285.075439453125,0.8792392015457153,0.492025762796402,0.4679226279258728,297.1827392578125,297.1499938964844,293.1499938964844,0.0,-0.0,285.0751342773437,0.79225093126297,0.3551447987556457,0.2510433793067932,297.2046203613281,297.1499938964844,293.1499938964844,0.0,-0.0,285.0749816894531,0.7587980031967163,0.3118207454681396,0.2991329133510589,297.1335754394531,297.1499938964844,293.1499938964844,0.0,-0.0,285.07440185546875,0.6716565489768982,0.2142074704170227,0.9837630987167358,285.07537841796875,284.95001220703125,299.8500061035156,288.3810729980469,298.1669006347656,297.226318359375,285.0770874023437,1.0,0.5967481732368469,0.4815211296081543,0.4815211296081543,1.0,1.0,-3.056514978408813,1.0972083806991575,1.959306597709656,0.406389832496643,0.9019791483879088,0.9019791483879088,0.0,186.3121490478516,193.0,41004.95703125,0.0,2596.564697265625,1.0,280.9417724609375,283.6201477050781,291.3193664550781,293.8919982910156,293.1499938964844,293.1499938964844,280.6499938964844,35914.42578125,36000.0,313.1499938964844,0.0,18000.0,1.0,0.0,0.0,0.0,1.0,0.9401888847351074,1.0,0.0,0.0,3.654503583908081,3.6545276641845694,8.911484883356025e-07,4.265924453735352,4.265914440155029,9.78592834144365e-06,0.0,0.0,-0.0,6086.96240234375,0.0,1537.543701171875,1895.4371337890625,0.0,3774.162109375,0.906244695186615,1.0,0.0,3.0,1.0,0.0
12225600,296.84136962890625,297.1499938964844,293.1499938964844,0.0,-0.0,285.0755615234375,0.9464876651763916,0.6023306250572205,0.5437116026878357,297.3558654785156,297.1499938964844,293.1499938964844,0.0,-0.0,285.075439453125,0.8792392015457153,0.492025762796402,0.4679226279258728,297.1827392578125,297.1499938964844,293.1499938964844,0.0,-0.0,285.0751342773437,0.79225093126297,0.3551447987556457,0.2510433793067932,297.2046203613281,297.1499938964844,293.1499938964844,0.0,-0.0,285.0749816894531,0.7587980031967163,0.3118207454681396,0.2991329133510589,297.1335754394531,297.1499938964844,293.1499938964844,0.0,-0.0,285.07440185546875,0.6716565489768982,0.2142074704170227,0.9837630987167358,285.07537841796875,284.95001220703125,299.8500061035156,288.3810729980469,298.1669006347656,297.226318359375,285.0770874023437,1.0,0.5967481732368469,0.4815211296081543,0.4815211296081543,1.0,1.0,-3.056514978408813,1.0972083806991575,1.959306597709656,0.406389832496643,0.9019791483879088,0.9019791483879088,0.0,186.3121490478516,193.0,41004.95703125,0.0,2596.564697265625,1.0,280.9417724609375,283.6201477050781,291.3193664550781,293.8919982910156,293.1499938964844,293.1499938964844,280.6499938964844,35914.42578125,36000.0,313.1499938964844,0.0,18000.0,1.0,0.0,0.0,0.0,1.0,0.9401888847351074,1.0,0.0,0.0,3.654503583908081,3.6545276641845694,8.911484883356025e-07,4.265924453735352,4.265914440155029,9.78592834144365e-06,0.0,0.0,-0.0,6086.96240234375,0.0,1537.543701171875,1895.4371337890625,0.0,3774.162109375,0.906244695186615,1.0,0.0,3.0,1.0,0.0
12225660,296.8227233886719,297.1499938964844,293.1499938964844,0.0,-0.0,284.8892517089844,0.9367788434028624,0.5965451598167419,0.539791464805603,297.3338928222656,297.1499938964844,293.1499938964844,0.0,-0.0,284.889404296875,0.8742322325706482,0.4924114942550659,0.4693374335765838,297.1622619628906,297.1499938964844,293.1499938964844,0.0,-0.0,284.8897705078125,0.7864212989807129,0.3534858524799347,0.2506252825260162,297.1831359863281,297.1499938964844,293.1499938964844,0.0,-0.0,284.8899230957031,0.7535211443901062,0.3103342950344085,0.2986672818660736,297.11260986328125,297.1499938964844,293.1499938964844,0.0,-0.0,284.890625,0.6655277013778687,0.2118730545043945,0.9775350689888,284.8894958496094,284.95001220703125,299.8866577148437,288.3873291015625,298.16436767578125,297.2059936523437,284.8874206542969,1.0,0.5978816747665405,0.4803774058818817,0.4803774058818817,1.0,1.0,-3.044984579086304,1.0901597738265991,1.954824686050415,0.4021817147731781,0.8997088074684143,0.8997088074684143,0.0,190.9472198486328,196.0,41767.04296875,0.0,2598.584228515625,1.0,280.65777587890625,283.3937683105469,291.4230651855469,294.1170654296875,293.1499938964844,293.1499938964844,280.95001220703125,36047.6796875,36000.0,313.1499938964844,0.0,18000.0,1.0,0.0,0.0,0.0,1.0,0.9519103169441224,1.0,0.0,0.0,3.653677463531494,3.653701543807984,8.90745582182717e-07,4.265924453735352,4.265914440155029,9.78592834144365e-06,0.0,0.0,-0.0,5545.2001953125,0.0,1537.6207275390625,1895.4371337890625,0.0,3880.155517578125,0.9061203598976136,1.0,0.0,3.0,1.0,0.0
12225720,296.8227233886719,297.1499938964844,293.1499938964844,0.0,-0.0,284.8892517089844,0.9367788434028624,0.5965451598167419,0.539791464805603,297.3338928222656,297.1499938964844,293.1499938964844,0.0,-0.0,284.889404296875,0.8742322325706482,0.4924114942550659,0.4693374335765838,297.1622619628906,297.1499938964844,293.1499938964844,0.0,-0.0,284.8897705078125,0.7864212989807129,0.3534858524799347,0.2506252825260162,297.1831359863281,297.1499938964844,293.1499938964844,0.0,-0.0,284.8899230957031,0.7535211443901062,0.3103342950344085,0.2986672818660736,297.11260986328125,297.1499938964844,293.1499938964844,0.0,-0.0,284.890625,0.6655277013778687,0.2118730545043945,0.9775350689888,284.8894958496094,284.95001220703125,299.8866577148437,288.3873291015625,298.16436767578125,297.2059936523437,284.8874206542969,1.0,0.5978816747665405,0.4803774058818817,0.4803774058818817,1.0,1.0,-3.044984579086304,1.0901597738265991,1.954824686050415,0.4021817147731781,0.8997088074684143,0.8997088074684143,0.0,190.9472198486328,196.0,41767.04296875,0.0,2598.584228515625,1.0,280.65777587890625,283.3937683105469,291.4230651855469,294.1170654296875,293.1499938964844,293.1499938964844,280.95001220703125,36047.6796875,36000.0,313.1499938964844,0.0,18000.0,1.0,0.0,0.0,0.0,1.0,0.9519103169441224,1.0,0.0,0.0,3.653677463531494,3.653701543807984,8.90745582182717e-07,4.265924453735352,4.265914440155029,9.78592834144365e-06,0.0,0.0,-0.0,5545.2001953125,0.0,1537.6207275390625,1895.4371337890625,0.0,3880.155517578125,0.9061203598976136,1.0,0.0,3.0,1.0,0.0
12225780,296.8274841308594,297.1499938964844,293.1499938964844,0.0,-0.0,285.0547180175781,0.9285367727279664,0.5928497910499573,0.5359651446342468,297.32830810546875,297.1499938964844,293.1499938964844,0.0,-0.0,285.0546264648437,0.870455265045166,0.4941508173942566,0.4706546068191528,297.1575927734375,297.1499938964844,293.1499938964844,0.0,-0.0,285.054443359375,0.7817431688308716,0.3531456887722015,0.2501768469810486,297.1756896972656,297.1499938964844,293.1499938964844,0.0,-0.0,285.0543518066406,0.7492969632148743,0.3099811971187591,0.2981211841106415,297.10400390625,297.1499938964844,293.1499938964844,0.0,-0.0,285.053955078125,0.6603313684463501,0.210507333278656,0.970666229724884,285.0545959472656,284.95001220703125,299.92333984375,288.3946533203125,298.17120361328125,297.2001953125,285.0556030273437,1.0,0.5984495878219604,0.4792336523532867,0.4792336523532867,1.0,1.0,-3.032499313354492,1.0827879905700684,1.9497112035751345,0.3972887694835663,0.902449369430542,0.902449369430542,0.0,194.5827789306641,199.0,40749.44140625,0.0,2593.604736328125,1.0,280.94219970703125,283.6033630371094,291.3564147949219,293.9346923828125,293.1499938964844,293.1499938964844,280.6499938964844,35905.94140625,36000.0,313.1499938964844,0.0,18000.0,1.0,0.0,0.0,0.0,1.0,0.9405657649040222,1.0,0.0,0.0,3.656365633010864,3.6563897132873535,8.920567893255793e-07,4.265924453735352,4.265914440155029,9.78592834144365e-06,0.0,0.0,-0.0,6078.28662109375,0.0,1539.55712890625,1895.4371337890625,0.0,3777.587890625,0.9066497683525084,1.0,0.0,3.0,1.0,0.0
12225840,296.8274841308594,297.1499938964844,293.1499938964844,0.0,-0.0,285.0547180175781,0.9285367727279664,0.5928497910499573,0.5359651446342468,297.32830810546875,297.1499938964844,293.1499938964844,0.0,-0.0,285.0546264648437,0.870455265045166,0.4941508173942566,0.4706546068191528,297.1575927734375,297.1499938964844,293.1499938964844,0.0,-0.0,285.054443359375,0.7817431688308716,0.3531456887722015,0.2501768469810486,297.1756896972656,297.1499938964844,293.1499938964844,0.0,-0.0,285.0543518066406,0.7492969632148743,0.3099811971187591,0.2981211841106415,297.10400390625,297.1499938964844,293.1499938964844,0.0,-0.0,285.053955078125,0.6603313684463501,0.210507333278656,0.970666229724884,285.0545959472656,284.95001220703125,299.92333984375,288.3946533203125,298.17120361328125,297.2001953125,285.0556030273437,1.0,0.5984495878219604,0.4792336523532867,0.4792336523532867,1.0,1.0,-3.032499313354492,1.0827879905700684,1.9497112035751345,0.3972887694835663,0.902449369430542,0.902449369430542,0.0,194.5827789306641,199.0,40749.44140625,0.0,2593.604736328125,1.0,280.94219970703125,283.6033630371094,291.3564147949219,293.9346923828125,293.1499938964844,293.1499938964844,280.6499938964844,35905.94140625,36000.0,313.1499938964844,0.0,18000.0,1.0,0.0,0.0,0.0,1.0,0.9405657649040222,1.0,0.0,0.0,3.656365633010864,3.6563897132873535,8.920567893255793e-07,4.265924453735352,4.265914440155029,9.78592834144365e-06,0.0,0.0,-0.0,6078.28662109375,0.0,1539.55712890625,1895.4371337890625,0.0,3777.587890625,0.9066497683525084,1.0,0.0,3.0,1.0,0.0
12225900,296.8275146484375,297.1499938964844,293.1499938964844,0.0,-0.0,284.9205627441406,0.9257296919822692,0.5908150672912598,0.5345401167869568,297.3258056640625,297.1499938964844,293.1499938964844,0.0,-0.0,284.9211730957031,0.8696179389953613,0.4950388967990875,0.4717100262641907,297.15606689453125,297.1499938964844,293.1499938964844,0.0,-0.0,284.92266845703125,0.7804543972015381,0.3530477583408355,0.2502446472644806,297.1733703613281,297.1499938964844,293.1499938964844,0.0,-0.0,284.92340087890625,0.7481378316879272,0.3099172711372375,0.2981973588466644,297.101806640625,297.1499938964844,293.1499938964844,0.0,-0.0,284.9264221191406,0.6587480902671814,0.2100030481815338,0.9688140153884888,284.9215393066406,284.95001220703125,299.9416809082031,288.39874267578125,298.1753845214844,297.1983947753906,284.9132385253906,1.0,0.5988812446594238,0.4786618053913116,0.4786618053913116,1.0,1.0,-3.030003547668457,1.0805984735488892,1.9494051933288568,0.3956206142902374,0.900990903377533,0.900990903377533,0.0,195.8635406494141,199.0,41525.4609375,0.0,2595.4736328125,1.0,280.6985168457031,283.43096923828125,291.4294128417969,294.1427307128906,293.1499938964844,293.1499938964844,280.6499938964844,35978.62109375,36000.0,313.1499938964844,0.0,18000.0,1.0,0.0,0.0,0.0,1.0,0.947175681591034,1.0,0.0,0.0,3.656916856765747,3.656940937042236,8.923258292270475e-07,4.265924453735352,4.265914440155029,9.78592834144365e-06,0.0,0.0,-0.0,5919.95703125,0.0,1540.7171630859375,1895.4371337890625,0.0,3837.4833984375,0.9067686796188354,1.0,0.0,3.0,1.0,0.0
12225960,296.8218078613281,297.1499938964844,293.1499938964844,0.0,-0.0,284.8701171875,0.9219179153442384,0.5882132053375244,0.5324615836143494,297.3199462890625,297.1499938964844,293.1499938964844,0.0,-0.0,284.8702392578125,0.8680917620658875,0.4955759644508362,0.4724032878875732,297.15167236328125,297.1499938964844,293.1499938964844,0.0,-0.0,284.8705139160156,0.7785170078277588,0.3526549339294433,0.2500981390476227,297.1690368652344,297.1499938964844,293.1499938964844,0.0,-0.0,284.87066650390625,0.7464497685432434,0.3096389174461365,0.2980795800685882,297.09832763671875,297.1499938964844,293.1499938964844,0.0,-0.0,284.8712463378906,0.6567092537879944,0.2093568444252014,0.9664934277534484,284.87030029296875,284.95001220703125,299.9599914550781,288.403076171875,298.1776428222656,297.1934509277344,284.86865234375,1.0,0.5992305874824524,0.478197693824768,0.478197693824768,1.0,1.0,-3.0252349376678467,1.0777024030685425,1.947532534599304,0.3937773406505584,0.8999029994010925,0.8999029994010925,0.0,197.51126098632807,202.0,41564.19140625,0.0,2594.89892578125,1.0,280.6576843261719,283.3788146972656,291.4353332519531,294.1193542480469,293.1499938964844,293.1499938964844,280.3500061035156,36057.53515625,36000.0,313.1499938964844,0.0,18000.0,1.0,0.0,0.0,0.0,1.0,0.9508846998214722,1.0,0.0,0.0,3.655094146728516,3.655118227005005,8.914365139389702e-07,4.265924453735352,4.265914440155029,9.78592834144365e-06,0.0,0.0,-0.0,6216.2373046875,0.0,1539.2744140625,1895.4371337890625,0.0,3870.928955078125,0.9064435958862304,1.0,0.0,3.0,1.0,0.0
12226020,296.8041076660156,297.1499938964844,293.1499938964844,0.0,-0.0,284.66552734375,0.9133552312850952,0.5822703242301941,0.5275436639785767,297.3033142089844,297.1499938964844,293.1499938964844,0.0,-0.0,284.6656494140625,0.864233672618866,0.4960496127605438,0.4732009470462799,297.138671875,297.1499938964844,293.1499938964844,0.0,-0.0,284.6659851074219,0.7738626599311829,0.3513650894165039,0.2494413703680038,297.1571350097656,297.1499938964844,293.1499938964844,0.0,-0.0,284.6661376953125,0.7424373030662537,0.3086789548397064,0.2974714040756225,297.0889587402344,297.1499938964844,293.1499938964844,0.0,-0.0,284.6667785644531,0.6520482897758484,0.2077566385269165,0.9606044292449952,284.6657409667969,284.95001220703125,299.9966735839844,288.4125061035156,298.1792907714844,297.179443359375,284.6639404296875,1.0,0.5996561646461487,0.4772694706916809,0.4772694706916809,1.0,1.0,-3.0116872787475586,1.0703339576721191,1.94135320186615,0.3893660604953766,0.8944319486618042,0.8944319486618042,0.0,201.18185424804688,205.0,42310.0703125,0.0,2588.056640625,1.0,280.35821533203125,283.1361083984375,291.4544982910156,294.2021789550781,293.1499938964844,293.1499938964844,280.6499938964844,36298.6328125,36000.0,313.1499938964844,0.0,18000.0,1.0,0.0,0.0,0.0,1.0,0.9625812768936156,1.0,0.0,0.0,3.644747018814087,3.644771099090576,8.863966058925143e-07,4.265924453735352,4.265914440155029,9.78592834144365e-06,0.0,0.0,-0.0,5615.796875,0.0,1529.5634765625,1895.4371337890625,0.0,3975.56201171875,0.904289186000824,1.0,0.0,3.0,1.0,0.0
12226080,296.8041076660156,297.1499938964844,293.1499938964844,0.0,-0.0,284.66552734375,0.9133552312850952,0.5822703242301941,0.5275436639785767,297.3033142089844,297.1499938964844,293.1499938964844,0.0,-0.0,284.6656494140625,0.864233672618866,0.4960496127605438,0.4732009470462799,297.138671875,297.1499938964844,293.1499938964844,0.0,-0.0,284.6659851074219,0.7738626599311829,0.3513650894165039,0.2494413703680038,297.1571350097656,297.1499938964844,293.1499938964844,0.0,-0.0,284.6661376953125,0.7424373030662537,0.3086789548397064,0.2974714040756225,297.0889587402344,297.1499938964844,293.1499938964844,0.0,-0.0,284.6667785644531,0.6520482897758484,0.2077566385269165,0.9606044292449952,284.6657409667969,284.95001220703125,299.9966735839844,288.4125061035156,298.1792907714844,297.179443359375,284.6639404296875,1.0,0.5996561646461487,0.4772694706916809,0.4772694706916809,1.0,1.0,-3.0116872787475586,1.0703339576721191,1.94135320186615,0.3893660604953766,0.8944319486618042,0.8944319486618042,0.0,201.18185424804688,205.0,42310.0703125,0.0,2588.056640625,1.0,280.35821533203125,283.1361083984375,291.4544982910156,294.2021789550781,293.1499938964844,293.1499938964844,280.6499938964844,36298.6328125,36000.0,313.1499938964844,0.0,18000.0,1.0,0.0,0.0,0.0,1.0,0.9625812768936156,1.0,0.0,0.0,3.644747018814087,3.644771099090576,8.863966058925143e-07,4.265924453735352,4.265914440155029,9.78592834144365e-06,0.0,0.0,-0.0,5615.796875,0.0,1529.5634765625,1895.4371337890625,0.0,3975.56201171875,0.904289186000824,1.0,0.0,3.0,1.0,0.0
12226140,296.8119812011719,297.1499938964844,293.1499938964844,0.0,-0.0,284.83917236328125,0.9071862697601318,0.5786534547805786,0.5237289071083069,297.301513671875,297.1499938964844,293.1499938964844,0.0,-0.0,284.8390808105469,0.8618509769439697,0.4977884590625763,0.474496454000473,297.1386108398437,297.1499938964844,293.1499938964844,0.0,-0.0,284.8388366699219,0.7706350088119507,0.3511951565742492,0.249110460281372,297.1550598144531,297.1499938964844,293.1499938964844,0.0,-0.0,284.8387145996094,0.7396260499954224,0.3085447251796722,0.2971538007259369,297.0868530273437,297.1499938964844,293.1499938964844,0.0,-0.0,284.8382263183594,0.6485200524330139,0.2067551165819168,0.955544650554657,284.8390197753906,284.95001220703125,300.0333251953125,288.4229736328125,298.18914794921875,297.1779479980469,284.8403625488281,1.0,0.6000773310661316,0.4763412773609161,0.4763412773609161,1.0,1.0,-3.001782894134521,1.0644524097442627,1.9373306035995483,0.3853926956653595,0.8943501114845276,0.8943501114845276,0.0,203.9534912109375,208.0,41315.17578125,0.0,2583.5361328125,1.0,280.6421203613281,283.3542175292969,291.3729553222656,293.9879455566406,293.1499938964844,293.1499938964844,280.95001220703125,36190.0390625,36000.0,313.1499938964844,0.0,18000.0,1.0,0.0,0.0,0.0,1.0,0.9482141137123108,1.0,0.0,0.0,3.636812925338745,3.6368367671966553,8.825416557556309e-07,4.265924453735352,4.265914440155029,9.78592834144365e-06,0.0,0.0,-0.0,5480.57470703125,0.0,1519.96337890625,1895.4371337890625,0.0,3846.859130859375,0.9024723172187804,1.0,0.0,3.0,1.0,0.0
12226200,296.8119812011719,297.1499938964844,293.1499938964844,0.0,-0.0,284.83917236328125,0.9071862697601318,0.5786534547805786,0.5237289071083069,297.301513671875,297.1499938964844,293.1499938964844,0.0,-0.0,284.8390808105469,0.8618509769439697,0.4977884590625763,0.474496454000473,297.1386108398437,297.1499938964844,293.1499938964844,0.0,-0.0,284.8388366699219,0.7706350088119507,0.3511951565742492,0.249110460281372,297.1550598144531,297.1499938964844,293.1499938964844,0.0,-0.0,284.8387145996094,0.7396260499954224,0.3085447251796722,0.2971538007259369,297.0868530273437,297.1499938964844,293.1499938964844,0.0,-0.0,284.8382263183594,0.6485200524330139,0.2067551165819168,0.955544650554657,284.8390197753906,284.95001220703125,300.0333251953125,288.4229736328125,298.18914794921875,297.1779479980469,284.8403625488281,1.0,0.6000773310661316,0.4763412773609161,0.4763412773609161,1.0,1.0,-3.001782894134521,1.0644524097442627,1.9373306035995483,0.3853926956653595,0.8943501114845276,0.8943501114845276,0.0,203.9534912109375,208.0,41315.17578125,0.0,2583.5361328125,1.0,280.6421203613281,283.3542175292969,291.3729553222656,293.9879455566406,293.1499938964844,293.1499938964844,280.95001220703125,36190.0390625,36000.0,313.1499938964844,0.0,18000.0,1.0,0.0,0.0,0.0,1.0,0.9482141137123108,1.0,0.0,0.0,3.636812925338745,3.6368367671966553,8.825416557556309e-07,4.265924453735352,4.265914440155029,9.78592834144365e-06,0.0,0.0,-0.0,5480.57470703125,0.0,1519.96337890625,1895.4371337890625,0.0,3846.859130859375,0.9024723172187804,1.0,0.0,3.0,1.0,0.0
12226260,296.8309020996094,297.1499938964844,293.1499938964844,0.0,-0.0,285.0242004394531,0.904842734336853,0.5772783160209656,0.5222184658050537,297.3101806640625,297.1499938964844,293.1499938964844,0.0,-0.0,285.02398681640625,0.8617832660675049,0.500103235244751,0.4764551520347595,297.1477355957031,297.1499938964844,293.1499938964844,0.0,-0.0,285.0233154296875,0.7699299454689026,0.3519878387451172,0.2495179921388626,297.1611022949219,297.1499938964844,293.1499938964844,0.0,-0.0,285.0229797363281,0.7389757037162781,0.309188574552536,0.2976096868515014,297.0919189453125,297.1499938964844,293.1499938964844,0.0,-0.0,285.0216064453125,0.6473468542098999,0.2066473066806793,0.9544525146484376,285.0237731933594,284.95001220703125,300.0611877441406,288.4316101074219,298.2030334472656,297.1860656738281,285.02740478515625,1.0,0.6008802056312561,0.4757015705108642,0.4757015705108642,1.0,1.0,-3.00203800201416,1.063232183456421,1.9388059377670288,0.3839100301265716,0.8967123627662659,0.8967123627662659,0.0,205.22393798828125,208.0,40448.4140625,0.0,2590.5390625,1.0,280.9299621582031,283.580810546875,291.3516540527344,293.8743591308594,293.1499938964844,293.1499938964844,280.95001220703125,36011.0703125,36000.0,313.1499938964844,0.0,18000.0,1.0,0.0,0.0,0.0,1.0,0.9338030815124512,1.0,0.0,0.0,3.636321544647217,3.636345386505127,8.823031976135098e-07,4.265924453735352,4.265914440155029,9.78592834144365e-06,0.0,0.0,-0.0,5693.97265625,0.0,1518.0863037109375,1895.4371337890625,0.0,3715.95068359375,0.902258574962616,1.0,0.0,3.0,1.0,0.0
12226320,296.8370666503906,297.1499938964844,293.1499938964844,0.0,-0.0,285.0391845703125,0.9043567776679992,0.5769039988517761,0.521920382976532,297.3134765625,297.1499938964844,293.1499938964844,0.0,-0.0,285.0390930175781,0.8619663119316101,0.5009072422981262,0.4772176146507263,297.15118408203125,297.1499938964844,293.1499938964844,0.0,-0.0,285.0387878417969,0.7699190378189087,0.3523143827915191,0.2497463077306747,297.16357421875,297.1499938964844,293.1499938964844,0.0,-0.0,285.03863525390625,0.7389528751373291,0.3094614148139953,0.2978650629520416,297.0941772460937,297.1499938964844,293.1499938964844,0.0,-0.0,285.0379943847656,0.6471737027168274,0.2066887468099594,0.9545881152153016,285.0390014648437,284.95001220703125,300.07000732421875,288.4344482421875,298.2078857421875,297.1893005371094,285.04071044921875,1.0,0.6012393236160278,0.4754995703697204,0.4754995703697204,1.0,1.0,-3.0033397674560547,1.063335418701172,1.9400043487548828,0.3836776614189148,0.8971787095069885,0.8971787095069885,0.0,205.55349731445312,211.0,40445.47265625,0.0,2594.6962890625,1.0,280.941650390625,283.5961608886719,291.3708801269531,293.9096374511719,293.1499938964844,293.1499938964844,281.25,35976.05859375,36000.0,313.1499938964844,0.0,18000.0,1.0,0.0,0.0,0.0,1.0,0.9319796562194824,1.0,0.0,0.0,3.6369900703430176,3.637013912200928,8.826276030049485e-07,4.265924453735352,4.265914440155029,9.78592834144365e-06,0.0,0.0,-0.0,5397.4404296875,0.0,1518.56396484375,1895.4371337890625,0.0,3699.2734375,0.902371346950531,1.0,0.0,3.0,1.0,0.0
12226380,296.8669128417969,297.1499938964844,293.1499938964844,0.0,-0.0,285.24267578125,0.9025636911392212,0.575959324836731,0.5209712982177734,297.3308410644531,297.1499938964844,293.1499938964844,0.0,-0.0,285.2425842285156,0.8629322648048401,0.5047321319580078,0.4807079136371612,297.1689147949219,297.1499938964844,293.1499938964844,0.0,-0.0,285.24224853515625,0.7701345086097717,0.3541213274002075,0.2509322464466095,297.1769104003906,297.1499938964844,293.1499938964844,0.0,-0.0,285.2421264648437,0.7390968799591064,0.3109819293022156,0.2992176413536072,297.1064758300781,297.1499938964844,293.1499938964844,0.0,-0.0,285.241455078125,0.6467933058738708,0.2072258293628692,0.9566068649291992,285.24249267578125,284.95001220703125,300.1066589355469,288.4468688964844,298.2304382324219,297.20611572265625,285.2442321777344,1.0,0.6031695604324341,0.4746578335762024,0.4746578335762024,1.0,1.0,-3.011866807937622,1.0650012493133545,1.946865677833557,0.3832396268844604,0.9027506709098816,0.9027506709098816,0.0,207.0300750732422,214.0,39673.78125,0.0,2618.498291015625,1.0,281.2416687011719,283.838623046875,291.3944702148437,293.8797912597656,293.1499938964844,293.1499938964844,280.95001220703125,35720.37109375,36000.0,313.1499938964844,0.0,18000.0,1.0,0.0,0.0,0.0,1.0,0.9185977578163148,1.0,0.0,0.0,3.646692752838135,3.646716594696045,8.873432193468034e-07,4.265924453735352,4.265914440155029,9.78592834144365e-06,0.0,0.0,-0.0,5974.9501953125,0.0,1527.4017333984375,1895.4371337890625,0.0,3576.212158203125,0.9043673276901244,1.0,0.0,3.0,1.0,0.0
12226440,296.8669128417969,297.1499938964844,293.1499938964844,0.0,-0.0,285.24267578125,0.9025636911392212,0.575959324836731,0.5209712982177734,297.3308410644531,297.1499938964844,293.1499938964844,0.0,-0.0,285.2425842285156,0.8629322648048401,0.5047321319580078,0.4807079136371612,297.1689147949219,297.1499938964844,293.1499938964844,0.0,-0.0,285.24224853515625,0.7701345086097717,0.3541213274002075,0.2509322464466095,297.1769104003906,297.1499938964844,293.1499938964844,0.0,-0.0,285.2421264648437,0.7390968799591064,0.3109819293022156,0.2992176413536072,297.1064758300781,297.1499938964844,293.1499938964844,0.0,-0.0,285.241455078125,0.6467933058738708,0.2072258293628692,0.9566068649291992,285.24249267578125,284.95001220703125,300.1066589355469,288.4468688964844,298.2304382324219,297.20611572265625,285.2442321777344,1.0,0.6031695604324341,0.4746578335762024,0.4746578335762024,1.0,1.0,-3.011866807937622,1.0650012493133545,1.946865677833557,0.3832396268844604,0.9027506709098816,0.9027506709098816,0.0,207.0300750732422,214.0,39673.78125,0.0,2618.498291015625,1.0,281.2416687011719,283.838623046875,291.3944702148437,293.8797912597656,293.1499938964844,293.1499938964844,280.95001220703125,35720.37109375,36000.0,313.1499938964844,0.0,18000.0,1.0,0.0,0.0,0.0,1.0,0.9185977578163148,1.0,0.0,0.0,3.646692752838135,3.646716594696045,8.873432193468034e-07,4.265924453735352,4.265914440155029,9.78592834144365e-06,0.0,0.0,-0.0,5974.9501953125,0.0,1527.4017333984375,1895.4371337890625,0.0,3576.212158203125,0.9043673276901244,1.0,0.0,3.0,1.0,0.0
12226500,296.8724670410156,297.1499938964844,293.1499938964844,0.0,-0.0,285.11541748046875,0.9012997150421144,0.5747184157371521,0.5203576683998108,297.33428955078125,297.1499938964844,293.1499938964844,0.0,-0.0,285.1158447265625,0.863123893737793,0.5062232613563538,0.4824271500110626,297.1734924316406,297.1499938964844,293.1499938964844,0.0,-0.0,285.1173095703125,0.7700005173683167,0.354695588350296,0.2515308260917663,297.1805114746094,297.1499938964844,293.1499938964844,0.0,-0.0,285.1180114746094,0.7389735579490662,0.3115097880363464,0.2999259233474731,297.1107788085937,297.1499938964844,293.1499938964844,0.0,-0.0,285.1210632324219,0.6464844942092896,0.2073747813701629,0.9579877257347108,285.1163024902344,284.95001220703125,300.125,288.4534606933594,298.23895263671875,297.2103576660156,285.1083679199219,1.0,0.6043186783790588,0.4742369949817657,0.4742369949817657,1.0,1.0,-3.016433000564575,1.0659399032592771,1.9504929780960083,0.3831648826599121,0.9026615023612976,0.9026615023612976,0.0,208.07131958007807,214.0,40543.12109375,0.0,2632.57373046875,1.0,280.9986267089844,283.67047119140625,291.4924011230469,294.12860107421875,293.1499938964844,293.1499938964844,280.95001220703125,35761.1015625,36000.0,313.1499938964844,0.0,18000.0,1.0,0.0,0.0,0.0,1.0,0.9272685647010804,1.0,0.0,0.0,3.6515121459960938,3.651536226272583,8.896902272681473e-07,4.265924453735352,4.265914440155029,9.78592834144365e-06,0.0,0.0,-0.0,5835.36962890625,0.0,1533.0634765625,1895.4371337890625,0.0,3656.07958984375,0.9054169654846193,1.0,0.0,3.0,1.0,0.0
12226560,296.8701477050781,297.1499938964844,293.1499938964844,0.0,-0.0,285.0688171386719,0.8987269401550293,0.5727333426475525,0.5188977718353271,297.33221435546875,297.1499938964844,293.1499938964844,0.0,-0.0,285.0688781738281,0.8622393012046814,0.507188081741333,0.4835927784442901,297.1732482910156,297.1499938964844,293.1499938964844,0.0,-0.0,285.06915283203125,0.7688442468643188,0.3548204004764557,0.2517905235290527,297.18023681640625,297.1499938964844,293.1499938964844,0.0,-0.0,285.0692749023437,0.7379843592643738,0.3116745352745056,0.3002863526344299,297.1119384765625,297.1499938964844,293.1499938964844,0.0,-0.0,285.0697937011719,0.6453768014907837,0.2072403877973556,0.9582372307777404,285.0689697265625,284.95001220703125,300.1433410644531,288.46026611328125,298.2435607910156,297.2093200683594,285.0675964355469,1.0,0.6053423285484314,0.4736383557319641,0.4736383557319641,1.0,1.0,-3.017131328582764,1.0649771690368652,1.952154278755188,0.3820618987083435,0.9029380083084106,0.9029380083084106,0.0,209.7479705810547,217.0,40659.5078125,0.0,2642.541015625,1.0,280.95770263671875,283.6200561523437,291.5101623535156,294.1300354003906,293.1499938964844,293.1499938964844,280.6499938964844,35815.48046875,36000.0,313.1499938964844,0.0,18000.0,1.0,0.0,0.0,0.0,1.0,0.9333013892173768,1.0,0.0,0.0,3.654369831085205,3.6543936729431152,8.910832320907502e-07,4.265924453735352,4.265914440155029,9.78592834144365e-06,0.0,0.0,-0.0,6133.74365234375,0.0,1536.6531982421875,1895.4371337890625,0.0,3711.3642578125,0.9061199426651,1.0,0.0,3.0,1.0,0.0
12226620,296.8556823730469,297.1499938964844,293.1499938964844,0.0,-0.0,284.8683776855469,0.8920025825500488,0.5677353739738464,0.5148993134498596,297.31939697265625,297.1499938964844,293.1499938964844,0.0,-0.0,284.8684387207031,0.8590498566627502,0.5082064270973206,0.4849939346313476,297.1650695800781,297.1499938964844,293.1499938964844,0.0,-0.0,284.8687744140625,0.7651569843292236,0.3542951047420501,0.2517249286174774,297.1728210449219,297.1499938964844,293.1499938964844,0.0,-0.0,284.868896484375,0.7347950339317322,0.3113143742084503,0.3003304004669189,297.1080017089844,297.1499938964844,293.1499938964844,0.0,-0.0,284.8695373535156,0.641950786113739,0.2063669562339782,0.956038236618042,284.8685607910156,284.95001220703125,300.17999267578125,288.4745483398437,298.2472839355469,297.1993408203125,284.8668518066406,1.0,0.606926441192627,0.4724410772323608,0.4724410772323608,1.0,1.0,-3.0113487243652344,1.0601369142532349,1.9512118101119995,0.3784727752208709,0.9002040028572083,0.9002040028572083,0.0,213.82830810546875,220.0,41527.08203125,0.0,2652.438720703125,1.0,280.658203125,283.3775634765625,291.5345764160156,294.2325439453125,293.1499938964844,293.1499938964844,280.3500061035156,36017.828125,36000.0,313.1499938964844,0.0,18000.0,1.0,0.0,0.0,0.0,1.0,0.9489089846611024,1.0,0.0,0.0,3.654418468475342,3.654442548751831,8.911069926398341e-07,4.265924453735352,4.265914440155029,9.78592834144365e-06,0.0,0.0,-0.0,6238.87158203125,0.0,1538.223388671875,1895.4371337890625,0.0,3853.1279296875,0.9062607288360596,1.0,0.0,3.0,1.0,0.0
12226680,296.8556823730469,297.1499938964844,293.1499938964844,0.0,-0.0,284.8683776855469,0.8920025825500488,0.5677353739738464,0.5148993134498596,297.31939697265625,297.1499938964844,293.1499938964844,0.0,-0.0,284.8684387207031,0.8590498566627502,0.5082064270973206,0.4849939346313476,297.1650695800781,297.1499938964844,293.1499938964844,0.0,-0.0,284.8687744140625,0.7651569843292236,0.3542951047420501,0.2517249286174774,297.1728210449219,297.1499938964844,293.1499938964844,0.0,-0.0,284.868896484375,0.7347950339317322,0.3113143742084503,0.3003304004669189,297.1080017089844,297.1499938964844,293.1499938964844,0.0,-0.0,284.8695373535156,0.641950786113739,0.2063669562339782,0.956038236618042,284.8685607910156,284.95001220703125,300.17999267578125,288.4745483398437,298.2472839355469,297.1993408203125,284.8668518066406,1.0,0.606926441192627,0.4724410772323608,0.4724410772323608,1.0,1.0,-3.0113487243652344,1.0601369142532349,1.9512118101119995,0.3784727752208709,0.9002040028572083,0.9002040028572083,0.0,213.82830810546875,220.0,41527.08203125,0.0,2652.438720703125,1.0,280.658203125,283.3775634765625,291.5345764160156,294.2325439453125,293.1499938964844,293.1499938964844,280.3500061035156,36017.828125,36000.0,313.1499938964844,0.0,18000.0,1.0,0.0,0.0,0.0,1.0,0.9489089846611024,1.0,0.0,0.0,3.654418468475342,3.654442548751831,8.911069926398341e-07,4.265924453735352,4.265914440155029,9.78592834144365e-06,0.0,0.0,-0.0,6238.87158203125,0.0,1538.223388671875,1895.4371337890625,0.0,3853.1279296875,0.9062607288360596,1.0,0.0,3.0,1.0,0.0
12226740,296.8367004394531,297.1499938964844,293.1499938964844,0.0,-0.0,284.6641845703125,0.8845616579055786,0.5620861053466797,0.5101690888404846,297.3009948730469,297.1499938964844,293.1499938964844,0.0,-0.0,284.66424560546875,0.8551280498504639,0.5084934830665588,0.4855992197990417,297.152099609375,297.1499938964844,293.1499938964844,0.0,-0.0,284.6645812988281,0.7607538104057312,0.3531756699085235,0.251172125339508,297.1605224609375,297.1499938964844,293.1499938964844,0.0,-0.0,284.66473388671875,0.7309112548828125,0.3103619217872619,0.2997433841228485,297.0990295410156,297.1499938964844,293.1499938964844,0.0,-0.0,284.6653747558594,0.6377668380737305,0.2049304991960525,0.9510581493377686,284.66436767578125,284.95001220703125,300.2166748046875,288.48974609375,298.2471923828125,297.1842041015625,284.66259765625,1.0,0.6078509092330933,0.4712437987327575,0.4712437987327575,1.0,1.0,-2.9990384578704834,1.0526978969573977,1.9463404417037964,0.3736809492111206,0.894714891910553,0.894714891910553,0.0,218.12222290039065,223.0,42288.83984375,0.0,2650.880615234375,1.0,280.3582458496094,283.1345520019531,291.5335693359375,294.2841796875,293.1499938964844,293.1499938964844,280.6499938964844,36276.55859375,36000.0,313.1499938964844,0.0,18000.0,1.0,0.0,0.0,0.0,1.0,0.960427701473236,1.0,0.0,0.0,3.6449010372161865,3.644925117492676,8.864715255185729e-07,4.265924453735352,4.265914440155029,9.78592834144365e-06,0.0,0.0,-0.0,5632.8701171875,0.0,1529.5694580078125,1895.4371337890625,0.0,3956.397216796875,0.904306173324585,1.0,0.0,3.0,1.0,0.0
12226800,296.8367004394531,297.1499938964844,293.1499938964844,0.0,-0.0,284.6641845703125,0.8845616579055786,0.5620861053466797,0.5101690888404846,297.3009948730469,297.1499938964844,293.1499938964844,0.0,-0.0,284.66424560546875,0.8551280498504639,0.5084934830665588,0.4855992197990417,297.152099609375,297.1499938964844,293.1499938964844,0.0,-0.0,284.6645812988281,0.7607538104057312,0.3531756699085235,0.251172125339508,297.1605224609375,297.1499938964844,293.1499938964844,0.0,-0.0,284.66473388671875,0.7309112548828125,0.3103619217872619,0.2997433841228485,297.0990295410156,297.1499938964844,293.1499938964844,0.0,-0.0,284.6653747558594,0.6377668380737305,0.2049304991960525,0.9510581493377686,284.66436767578125,284.95001220703125,300.2166748046875,288.48974609375,298.2471923828125,297.1842041015625,284.66259765625,1.0,0.6078509092330933,0.4712437987327575,0.4712437987327575,1.0,1.0,-2.9990384578704834,1.0526978969573977,1.9463404417037964,0.3736809492111206,0.894714891910553,0.894714891910553,0.0,218.12222290039065,223.0,42288.83984375,0.0,2650.880615234375,1.0,280.3582458496094,283.1345520019531,291.5335693359375,294.2841796875,293.1499938964844,293.1499938964844,280.6499938964844,36276.55859375,36000.0,313.1499938964844,0.0,18000.0,1.0,0.0,0.0,0.0,1.0,0.960427701473236,1.0,0.0,0.0,3.6449010372161865,3.644925117492676,8.864715255185729e-07,4.265924453735352,4.265914440155029,9.78592834144365e-06,0.0,0.0,-0.0,5632.8701171875,0.0,1529.5694580078125,1895.4371337890625,0.0,3956.397216796875,0.904306173324585,1.0,0.0,3.0,1.0,0.0
12226860,296.8441162109375,297.1499938964844,293.1499938964844,0.0,-0.0,284.839599609375,0.8792866468429565,0.5588370561599731,0.5066885948181152,297.2988586425781,297.1499938964844,293.1499938964844,0.0,-0.0,284.83953857421875,0.8528523445129395,0.510164201259613,0.4868162274360657,297.15313720703125,297.1499938964844,293.1499938964844,0.0,-0.0,284.8392639160156,0.7579435110092163,0.3532879948616028,0.2510292530059814,297.158447265625,297.1499938964844,293.1499938964844,0.0,-0.0,284.8391418457031,0.7282984256744385,0.3102686107158661,0.2994672954082489,297.0969543457031,297.1499938964844,293.1499938964844,0.0,-0.0,284.8385925292969,0.6346839666366577,0.2040616124868393,0.9466732740402222,284.8394470214844,284.95001220703125,300.2533264160156,288.5057983398437,298.2568054199219,297.1825866699219,284.8408508300781,1.0,0.6086218357086182,0.4703944325447082,0.4703944325447082,1.0,1.0,-2.990529060363769,1.0475101470947266,1.943018913269043,0.3700648546218872,0.8946499228477478,0.8946499228477478,0.0,221.22198486328125,226.0,41316.64453125,0.0,2650.4755859375,1.0,280.6421203613281,283.353759765625,291.452880859375,294.0677795410156,293.1499938964844,293.1499938964844,280.95001220703125,36176.71484375,36000.0,313.1499938964844,0.0,18000.0,1.0,0.0,0.0,0.0,1.0,0.9452974796295166,1.0,0.0,0.0,3.637464046478272,3.6374878883361816,8.82857705164497e-07,4.265924453735352,4.265914440155029,9.78592834144365e-06,0.0,0.0,-0.0,5499.60400390625,0.0,1520.583984375,1895.4371337890625,0.0,3820.501220703125,0.9026076197624208,1.0,0.0,3.0,1.0,0.0
12226920,296.8441162109375,297.1499938964844,293.1499938964844,0.0,-0.0,284.839599609375,0.8792866468429565,0.5588370561599731,0.5066885948181152,297.2988586425781,297.1499938964844,293.1499938964844,0.0,-0.0,284.83953857421875,0.8528523445129395,0.510164201259613,0.4868162274360657,297.15313720703125,297.1499938964844,293.1499938964844,0.0,-0.0,284.8392639160156,0.7579435110092163,0.3532879948616028,0.2510292530059814,297.158447265625,297.1499938964844,293.1499938964844,0.0,-0.0,284.8391418457031,0.7282984256744385,0.3102686107158661,0.2994672954082489,297.0969543457031,297.1499938964844,293.1499938964844,0.0,-0.0,284.8385925292969,0.6346839666366577,0.2040616124868393,0.9466732740402222,284.8394470214844,284.95001220703125,300.2533264160156,288.5057983398437,298.2568054199219,297.1825866699219,284.8408508300781,1.0,0.6086218357086182,0.4703944325447082,0.4703944325447082,1.0,1.0,-2.990529060363769,1.0475101470947266,1.943018913269043,0.3700648546218872,0.8946499228477478,0.8946499228477478,0.0,221.22198486328125,226.0,41316.64453125,0.0,2650.4755859375,1.0,280.6421203613281,283.353759765625,291.452880859375,294.0677795410156,293.1499938964844,293.1499938964844,280.95001220703125,36176.71484375,36000.0,313.1499938964844,0.0,18000.0,1.0,0.0,0.0,0.0,1.0,0.9452974796295166,1.0,0.0,0.0,3.637464046478272,3.6374878883361816,8.82857705164497e-07,4.265924453735352,4.265914440155029,9.78592834144365e-06,0.0,0.0,-0.0,5499.60400390625,0.0,1520.583984375,1895.4371337890625,0.0,3820.501220703125,0.9026076197624208,1.0,0.0,3.0,1.0,0.0
12226980,296.8688049316406,297.1499938964844,293.1499938964844,0.0,-0.0,285.04156494140625,0.8768743872642517,0.5574548840522766,0.5052112340927124,297.3109436035156,297.1499938964844,293.1499938964844,0.0,-0.0,285.04150390625,0.8529525995254517,0.5132651329040527,0.4895175099372864,297.16717529296875,297.1499938964844,293.1499938964844,0.0,-0.0,285.0411682128906,0.7575135231018066,0.3547395169734955,0.2518932819366455,297.1671142578125,297.1499938964844,293.1499938964844,0.0,-0.0,285.041015625,0.727713942527771,0.3112456798553467,0.3002372980117798,297.1041564941406,297.1499938964844,293.1499938964844,0.0,-0.0,285.04034423828125,0.6335683465003967,0.204110637307167,0.946274995803833,285.0413818359375,284.95001220703125,300.2900085449219,288.522705078125,298.2756042480469,297.1943359375,285.0431823730469,1.0,0.6100413203239441,0.4695450663566589,0.4695450663566589,1.0,1.0,-2.993475914001465,1.0468968152999878,1.946579098701477,0.3685252368450165,0.8975233435630798,0.8975233435630798,0.0,223.0181121826172,229.0,40469.66796875,0.0,2665.2958984375,1.0,280.941650390625,283.596923828125,291.45721435546875,293.99639892578125,293.1499938964844,293.1499938964844,281.25,35966.5234375,36000.0,313.1499938964844,0.0,18000.0,1.0,0.0,0.0,0.0,1.0,0.9286456108093262,1.0,0.0,0.0,3.637992858886719,3.638016700744629,8.831144100440724e-07,4.265924453735352,4.265914440155029,9.78592834144365e-06,0.0,0.0,-0.0,5419.7509765625,0.0,1519.601318359375,1895.4371337890625,0.0,3668.720458984375,0.9025886058807372,1.0,0.0,3.0,1.0,0.0
12227040,296.8688049316406,297.1499938964844,293.1499938964844,0.0,-0.0,285.04156494140625,0.8768743872642517,0.5574548840522766,0.5052112340927124,297.3109436035156,297.1499938964844,293.1499938964844,0.0,-0.0,285.04150390625,0.8529525995254517,0.5132651329040527,0.4895175099372864,297.16717529296875,297.1499938964844,293.1499938964844,0.0,-0.0,285.0411682128906,0.7575135231018066,0.3547395169734955,0.2518932819366455,297.1671142578125,297.1499938964844,293.1499938964844,0.0,-0.0,285.041015625,0.727713942527771,0.3112456798553467,0.3002372980117798,297.1041564941406,297.1499938964844,293.1499938964844,0.0,-0.0,285.04034423828125,0.6335683465003967,0.204110637307167,0.946274995803833,285.0413818359375,284.95001220703125,300.2900085449219,288.522705078125,298.2756042480469,297.1943359375,285.0431823730469,1.0,0.6100413203239441,0.4695450663566589,0.4695450663566589,1.0,1.0,-2.993475914001465,1.0468968152999878,1.946579098701477,0.3685252368450165,0.8975233435630798,0.8975233435630798,0.0,223.0181121826172,229.0,40469.66796875,0.0,2665.2958984375,1.0,280.941650390625,283.596923828125,291.45721435546875,293.99639892578125,293.1499938964844,293.1499938964844,281.25,35966.5234375,36000.0,313.1499938964844,0.0,18000.0,1.0,0.0,0.0,0.0,1.0,0.9286456108093262,1.0,0.0,0.0,3.637992858886719,3.638016700744629,8.831144100440724e-07,4.265924453735352,4.265914440155029,9.78592834144365e-06,0.0,0.0,-0.0,5419.7509765625,0.0,1519.601318359375,1895.4371337890625,0.0,3668.720458984375,0.9025886058807372,1.0,0.0,3.0,1.0,0.0
12227100,296.883056640625,297.1499938964844,293.1499938964844,0.0,-0.0,285.1923217773437,0.8759873509407043,0.5570687055587769,0.504753589630127,297.3192138671875,297.1499938964844,293.1499938964844,0.0,-0.0,285.1920471191406,0.8532946705818176,0.5150917172431946,0.4911436140537262,297.17626953125,297.1499938964844,293.1499938964844,0.0,-0.0,285.1903381347656,0.757622480392456,0.3557382524013519,0.2525289356708526,297.17340087890625,297.1499938964844,293.1499938964844,0.0,-0.0,285.1895446777344,0.7277097105979919,0.3119687139987945,0.3008569777011871,297.10968017578125,297.1499938964844,293.1499938964844,0.0,-0.0,285.1860046386719,0.6333400011062622,0.2043630629777908,0.9471585750579834,285.1914367675781,284.95001220703125,300.3083190917969,288.5314636230469,298.2864990234375,297.2023010253906,285.2004699707031,1.0,0.6110103726387024,0.4691203832626343,0.4691203832626343,1.0,1.0,-2.997448444366455,1.0475770235061646,1.9498714208602903,0.3682107329368591,0.9005852937698364,0.9005852937698364,0.0,223.855224609375,229.0,39719.125,0.0,2677.20068359375,1.0,281.19842529296875,283.7857360839844,291.4461669921875,293.8851013183594,293.1499938964844,293.1499938964844,281.25,35827.87890625,36000.0,313.1499938964844,0.0,18000.0,1.0,0.0,0.0,0.0,1.0,0.9191213846206664,1.0,0.0,0.0,3.641600131988525,3.641624212265015,8.848666652738757e-07,4.265924453735352,4.265914440155029,9.78592834144365e-06,0.0,0.0,-0.0,5596.83251953125,0.0,1522.55859375,1895.4371337890625,0.0,3581.047607421875,0.903336763381958,1.0,0.0,3.0,1.0,0.0
12227160,296.8982849121094,297.1499938964844,293.1499938964844,0.0,-0.0,285.2471618652344,0.8754099011421204,0.556873619556427,0.5045877695083618,297.3285827636719,297.1499938964844,293.1499938964844,0.0,-0.0,285.2471008300781,0.8538929224014282,0.5170848965644836,0.4930022656917572,297.1864013671875,297.1499938964844,293.1499938964844,0.0,-0.0,285.24676513671875,0.7580000758171082,0.3569007813930511,0.2533237636089325,297.1806945800781,297.1499938964844,293.1499938964844,0.0,-0.0,285.2466125488281,0.7279407382011414,0.3128341734409332,0.3016548156738281,297.11627197265625,297.1499938964844,293.1499938964844,0.0,-0.0,285.24591064453125,0.633360743522644,0.2047547698020935,0.9487925171852112,285.2469787597656,284.95001220703125,300.32666015625,288.5404357910156,298.2982482910156,297.211669921875,285.2488098144531,1.0,0.6121702790260315,0.4686468243598938,0.4686468243598938,1.0,1.0,-3.003359317779541,1.0489243268966677,1.954434871673584,0.3681339025497436,0.903167963027954,0.903167963027954,0.0,224.61875915527344,232.0,39719.97265625,0.0,2692.49267578125,1.0,281.2417907714844,283.8407897949219,291.4874572753906,293.9747314453125,293.1499938964844,293.1499938964844,280.95001220703125,35711.83203125,36000.0,313.1499938964844,0.0,18000.0,1.0,0.0,0.0,0.0,1.0,0.915172278881073,1.0,0.0,0.0,3.648004293441773,3.6480281352996826,8.879815709406103e-07,4.265924453735352,4.265914440155029,9.78592834144365e-06,0.0,0.0,-0.0,6002.32177734375,0.0,1528.7943115234375,1895.4371337890625,0.0,3544.54052734375,0.9046546816825868,1.0,0.0,3.0,1.0,0.0
12227220,296.9017333984375,297.1499938964844,293.1499938964844,0.0,-0.0,285.0749206542969,0.8721796274185181,0.5540695190429688,0.5028743147850037,297.3298034667969,297.1499938964844,293.1499938964844,0.0,-0.0,285.074951171875,0.8534013032913208,0.5194957852363586,0.4958574175834656,297.19207763671875,297.1499938964844,293.1499938964844,0.0,-0.0,285.0752258300781,0.7572101354598999,0.3579569458961487,0.2544302940368652,297.18414306640625,297.1499938964844,293.1499938964844,0.0,-0.0,285.0753479003906,0.7270853519439697,0.3135876953601837,0.3027842044830322,297.1216125488281,297.1499938964844,293.1499938964844,0.0,-0.0,285.07586669921875,0.6323052048683167,0.2048802673816681,0.95091313123703,285.0750732421875,284.95001220703125,300.36334228515625,288.5589294433594,298.3113708496094,297.215087890625,285.0737609863281,1.0,0.6145090460777283,0.4676996767520904,0.4676996767520904,1.0,1.0,-3.009981632232666,1.04951012134552,1.960471510887146,0.3672528564929962,0.903445601463318,0.903445601463318,0.0,227.403549194336,235.0,40724.4453125,0.0,2719.583984375,1.0,280.95782470703125,283.6231689453125,291.6088562011719,294.232177734375,293.1499938964844,293.1499938964844,280.6499938964844,35806.20703125,36000.0,313.1499938964844,0.0,18000.0,1.0,0.0,0.0,0.0,1.0,0.9299150109291076,1.0,0.0,0.0,3.656014919281006,3.656038999557495,8.918856906348083e-07,4.265924453735352,4.265914440155029,9.78592834144365e-06,0.0,0.0,-0.0,6163.91748046875,0.0,1538.4183349609375,1895.4371337890625,0.0,3680.3623046875,0.9064818024635316,1.0,0.0,3.0,1.0,0.0
12227280,296.9017333984375,297.1499938964844,293.1499938964844,0.0,-0.0,285.0749206542969,0.8721796274185181,0.5540695190429688,0.5028743147850037,297.3298034667969,297.1499938964844,293.1499938964844,0.0,-0.0,285.074951171875,0.8534013032913208,0.5194957852363586,0.4958574175834656,297.19207763671875,297.1499938964844,293.1499938964844,0.0,-0.0,285.0752258300781,0.7572101354598999,0.3579569458961487,0.2544302940368652,297.18414306640625,297.1499938964844,293.1499938964844,0.0,-0.0,285.0753479003906,0.7270853519439697,0.3135876953601837,0.3027842044830322,297.1216125488281,297.1499938964844,293.1499938964844,0.0,-0.0,285.07586669921875,0.6323052048683167,0.2048802673816681,0.95091313123703,285.0750732421875,284.95001220703125,300.36334228515625,288.5589294433594,298.3113708496094,297.215087890625,285.0737609863281,1.0,0.6145090460777283,0.4676996767520904,0.4676996767520904,1.0,1.0,-3.009981632232666,1.04951012134552,1.960471510887146,0.3672528564929962,0.903445601463318,0.903445601463318,0.0,227.403549194336,235.0,40724.4453125,0.0,2719.583984375,1.0,280.95782470703125,283.6231689453125,291.6088562011719,294.232177734375,293.1499938964844,293.1499938964844,280.6499938964844,35806.20703125,36000.0,313.1499938964844,0.0,18000.0,1.0,0.0,0.0,0.0,1.0,0.9299150109291076,1.0,0.0,0.0,3.656014919281006,3.656038999557495,8.918856906348083e-07,4.265924453735352,4.265914440155029,9.78592834144365e-06,0.0,0.0,-0.0,6163.91748046875,0.0,1538.4183349609375,1895.4371337890625,0.0,3680.3623046875,0.9064818024635316,1.0,0.0,3.0,1.0,0.0
12227340,296.8876953125,297.1499938964844,293.1499938964844,0.0,-0.0,284.8758850097656,0.866422712802887,0.5495115518569946,0.4992641806602478,297.3164978027344,297.1499938964844,293.1499938964844,0.0,-0.0,284.8759155273437,0.8506818413734436,0.5204367637634277,0.4971905648708343,297.1851501464844,297.1499938964844,293.1499938964844,0.0,-0.0,284.876220703125,0.754304051399231,0.3577965199947357,0.2546159029006958,297.1767272949219,297.1499938964844,293.1499938964844,0.0,-0.0,284.8763732910156,0.7243369817733765,0.3132794499397278,0.3028778433799743,297.1176147460937,297.1499938964844,293.1499938964844,0.0,-0.0,284.8769836425781,0.6294773817062378,0.2041244357824325,0.9492291808128356,284.87603759765625,284.95001220703125,300.3999938964844,288.5782165527344,298.3151550292969,297.2049865722656,284.8743896484375,1.0,0.6162488460540771,0.4667525291442871,0.4667525291442871,1.0,1.0,-3.0055649280548096,1.0457192659378052,1.9598455429077148,0.3643999695777893,0.900820255279541,0.900820255279541,0.0,231.50672912597656,238.0,41610.9140625,0.0,2732.065185546875,1.0,280.6581726074219,283.38140869140625,291.6382751464844,294.3410339355469,293.1499938964844,293.1499938964844,280.3500061035156,36006.83203125,36000.0,313.1499938964844,0.0,18000.0,1.0,0.0,0.0,0.0,1.0,0.9455367922782898,1.0,0.0,0.0,3.6564650535583496,3.656489133834839,8.921053336052864e-07,4.265924453735352,4.265914440155029,9.78592834144365e-06,0.0,0.0,-0.0,6271.5595703125,0.0,1540.42431640625,1895.4371337890625,0.0,3822.666015625,0.9067112803459167,1.0,0.0,3.0,1.0,0.0
12227400,296.8876953125,297.1499938964844,293.1499938964844,0.0,-0.0,284.8758850097656,0.866422712802887,0.5495115518569946,0.4992641806602478,297.3164978027344,297.1499938964844,293.1499938964844,0.0,-0.0,284.8759155273437,0.8506818413734436,0.5204367637634277,0.4971905648708343,297.1851501464844,297.1499938964844,293.1499938964844,0.0,-0.0,284.876220703125,0.754304051399231,0.3577965199947357,0.2546159029006958,297.1767272949219,297.1499938964844,293.1499938964844,0.0,-0.0,284.8763732910156,0.7243369817733765,0.3132794499397278,0.3028778433799743,297.1176147460937,297.1499938964844,293.1499938964844,0.0,-0.0,284.8769836425781,0.6294773817062378,0.2041244357824325,0.9492291808128356,284.87603759765625,284.95001220703125,300.3999938964844,288.5782165527344,298.3151550292969,297.2049865722656,284.8743896484375,1.0,0.6162488460540771,0.4667525291442871,0.4667525291442871,1.0,1.0,-3.0055649280548096,1.0457192659378052,1.9598455429077148,0.3643999695777893,0.900820255279541,0.900820255279541,0.0,231.50672912597656,238.0,41610.9140625,0.0,2732.065185546875,1.0,280.6581726074219,283.38140869140625,291.6382751464844,294.3410339355469,293.1499938964844,293.1499938964844,280.3500061035156,36006.83203125,36000.0,313.1499938964844,0.0,18000.0,1.0,0.0,0.0,0.0,1.0,0.9455367922782898,1.0,0.0,0.0,3.6564650535583496,3.656489133834839,8.921053336052864e-07,4.265924453735352,4.265914440155029,9.78592834144365e-06,0.0,0.0,-0.0,6271.5595703125,0.0,1540.42431640625,1895.4371337890625,0.0,3822.666015625,0.9067112803459167,1.0,0.0,3.0,1.0,0.0
12227460,296.8716125488281,297.1499938964844,293.1499938964844,0.0,-0.0,284.6816711425781,0.8610912561416626,0.545113742351532,0.4956578612327575,297.3005065917969,297.1499938964844,293.1499938964844,0.0,-0.0,284.6817321777344,0.8478496670722961,0.5206078886985779,0.4976752400398254,297.17510986328125,297.1499938964844,293.1499938964844,0.0,-0.0,284.6822509765625,0.7513343095779419,0.3571699261665344,0.2543931007385254,297.1663818359375,297.1499938964844,293.1499938964844,0.0,-0.0,284.6825256347656,0.7214673161506653,0.3125308752059936,0.3024583458900451,297.1101379394531,297.1499938964844,293.1499938964844,0.0,-0.0,284.6836242675781,0.6265062689781189,0.2030348926782608,0.9456472396850586,284.68194580078125,284.95001220703125,300.4307861328125,288.594970703125,298.31494140625,297.1920166015625,284.6791381835937,1.0,0.6171984076499939,0.4658788740634918,0.4658788740634918,1.0,1.0,-2.996739387512207,1.0403523445129397,1.956387162208557,0.3609187006950378,0.8961567282676697,0.8961567282676697,0.0,235.1185607910156,238.0,42403.890625,0.0,2733.430908203125,1.0,280.36474609375,283.1475830078125,291.6518249511719,294.42156982421875,293.1499938964844,293.1499938964844,280.3500061035156,36235.7734375,36000.0,313.1499938964844,0.0,18000.0,1.0,0.0,0.0,0.0,1.0,0.9567416906356812,1.0,0.0,0.0,3.649393558502197,3.649417638778688,8.886580644684727e-07,4.265924453735352,4.265914440155029,9.78592834144365e-06,0.0,0.0,-0.0,6017.341796875,0.0,1534.2576904296875,1895.4371337890625,0.0,3923.488525390625,0.9052748680114746,1.0,0.0,3.0,1.0,0.0
12227520,296.8689880371094,297.1499938964844,293.1499938964844,0.0,-0.0,284.673095703125,0.8600477576255798,0.5442980527877808,0.4949187636375427,297.2975769042969,297.1499938964844,293.1499938964844,0.0,-0.0,284.6731262207031,0.8472757339477539,0.5206313133239746,0.4977099597454071,297.1732788085937,297.1499938964844,293.1499938964844,0.0,-0.0,284.6734313964844,0.7507357001304626,0.3570457100868225,0.2543174624443054,297.1643981933594,297.1499938964844,293.1499938964844,0.0,-0.0,284.673583984375,0.7208796739578247,0.3123734593391418,0.3023336827754974,297.1086120605469,297.1499938964844,293.1499938964844,0.0,-0.0,284.6742553710937,0.6258956789970398,0.202806293964386,0.9447696208953856,284.6732482910156,284.95001220703125,300.4366760253906,288.5982360839844,298.3148803710937,297.1895751953125,284.6715393066406,1.0,0.6173269748687744,0.4657124578952789,0.4657124578952789,1.0,1.0,-2.9945969581604004,1.0391477346420288,1.955449104309082,0.3601627349853515,0.8954589366912842,0.8954589366912842,0.0,235.8061981201172,226.0,42390.9765625,0.0,2732.7919921875,1.0,280.35821533203125,283.13922119140625,291.6419677734375,294.3985900878906,293.1499938964844,293.1499938964844,280.6499938964844,36262.97265625,36000.0,313.1499938964844,0.0,18000.0,1.0,0.0,0.0,0.0,1.0,0.9570397734642028,1.0,0.0,0.0,3.647446393966675,3.647470235824585,8.877099730852933e-07,4.265924453735352,4.265914440155029,9.78592834144365e-06,0.0,0.0,-0.0,5665.32666015625,0.0,1532.2955322265625,1895.4371337890625,0.0,3926.154541015625,0.904866099357605,1.0,0.0,3.0,1.0,0.0
12227580,296.8761901855469,297.1499938964844,293.1499938964844,0.0,-0.0,284.84832763671875,0.8605886101722717,0.5414366126060486,0.4915465414524078,297.2953796386719,297.1499938964844,293.1499938964844,0.0,-0.0,284.8482971191406,0.8501501083374023,0.5222533345222473,0.4986076056957245,297.1755676269531,297.1499938964844,293.1499938964844,0.0,-0.0,284.8480529785156,0.7527874112129211,0.3575490415096283,0.254250168800354,297.1625366210937,297.1499938964844,293.1499938964844,0.0,-0.0,284.8479309082031,0.7224974632263184,0.3123475611209869,0.3018543720245361,297.1065673828125,297.1499938964844,293.1499938964844,0.0,-0.0,284.84735107421875,0.6265555024147034,0.2020617127418518,0.93969988822937,284.84820556640625,284.95001220703125,300.47332763671875,288.61895751953125,298.3238830566406,297.1883239746094,284.8495483398437,1.0,0.6139013171195984,0.4646724164485931,0.4646724164485931,1.0,1.0,-2.98486065864563,1.033074975013733,1.951785564422608,0.3559589982032776,0.8955129981040955,0.8955129981040955,0.0,232.33221435546875,214.0,41412.10546875,0.0,2696.301513671875,1.0,280.64215087890625,283.3578186035156,291.56610107421875,294.18731689453125,293.1499938964844,293.1499938964844,280.95001220703125,36162.78125,36000.0,313.1499938964844,0.0,18000.0,1.0,0.0,0.0,0.0,1.0,0.9419307112693788,1.0,0.0,0.0,3.640541076660156,3.6405649185180655,8.843519481160911e-07,4.265924453735352,4.265914440155029,9.78592834144365e-06,0.0,0.0,-0.0,5532.96240234375,0.0,1523.8851318359375,1895.4371337890625,0.0,3789.9853515625,0.903285562992096,1.0,0.0,3.0,1.0,0.0
12227640,296.8761901855469,297.1499938964844,293.1499938964844,0.0,-0.0,284.84832763671875,0.8605886101722717,0.5414366126060486,0.4915465414524078,297.2953796386719,297.1499938964844,293.1499938964844,0.0,-0.0,284.8482971191406,0.8501501083374023,0.5222533345222473,0.4986076056957245,297.1755676269531,297.1499938964844,293.1499938964844,0.0,-0.0,284.8480529785156,0.7527874112129211,0.3575490415096283,0.254250168800354,297.1625366210937,297.1499938964844,293.1499938964844,0.0,-0.0,284.8479309082031,0.7224974632263184,0.3123475611209869,0.3018543720245361,297.1065673828125,297.1499938964844,293.1499938964844,0.0,-0.0,284.84735107421875,0.6265555024147034,0.2020617127418518,0.93969988822937,284.84820556640625,284.95001220703125,300.47332763671875,288.61895751953125,298.3238830566406,297.1883239746094,284.8495483398437,1.0,0.6139013171195984,0.4646724164485931,0.4646724164485931,1.0,1.0,-2.98486065864563,1.033074975013733,1.951785564422608,0.3559589982032776,0.8955129981040955,0.8955129981040955,0.0,232.33221435546875,214.0,41412.10546875,0.0,2696.301513671875,1.0,280.64215087890625,283.3578186035156,291.56610107421875,294.18731689453125,293.1499938964844,293.1499938964844,280.95001220703125,36162.78125,36000.0,313.1499938964844,0.0,18000.0,1.0,0.0,0.0,0.0,1.0,0.9419307112693788,1.0,0.0,0.0,3.640541076660156,3.6405649185180655,8.843519481160911e-07,4.265924453735352,4.265914440155029,9.78592834144365e-06,0.0,0.0,-0.0,5532.96240234375,0.0,1523.8851318359375,1895.4371337890625,0.0,3789.9853515625,0.903285562992096,1.0,0.0,3.0,1.0,0.0
12227700,296.88726806640625,297.1499938964844,293.1499938964844,0.0,-0.0,284.9960021972656,0.8631777763366699,0.5407835245132446,0.4905765652656555,297.3004150390625,297.1499938964844,293.1499938964844,0.0,-0.0,284.9958801269531,0.8537357449531555,0.5236652493476868,0.4995802640914917,297.1820983886719,297.1499938964844,293.1499938964844,0.0,-0.0,284.99420166015625,0.7557899951934814,0.3583506941795349,0.2545615434646606,297.1661071777344,297.1499938964844,293.1499938964844,0.0,-0.0,284.9933776855469,0.725065290927887,0.3127776384353637,0.3019607365131378,297.109375,297.1499938964844,293.1499938964844,0.0,-0.0,284.9897766113281,0.628451406955719,0.2020586878061294,0.9383845925331116,284.9952087402344,284.95001220703125,300.4916687011719,288.62957763671875,298.3322448730469,297.193359375,285.00408935546875,1.0,0.6115546822547913,0.4641523957252502,0.4641523957252502,1.0,1.0,-2.9837799072265625,1.0315330028533936,1.95224678516388,0.3545132577419281,0.8972349166870117,0.8972349166870117,0.0,228.468002319336,214.0,40600.078125,0.0,2674.568603515625,1.0,280.8985290527344,283.5450744628906,291.5393371582031,294.0449523925781,293.1499938964844,293.1499938964844,280.95001220703125,36051.5859375,36000.0,313.1499938964844,0.0,18000.0,1.0,0.0,0.0,0.0,1.0,0.9309170842170716,1.0,0.0,0.0,3.639771223068237,3.639795064926148,8.839779752634058e-07,4.265924453735352,4.265914440155029,9.78592834144365e-06,0.0,0.0,-0.0,5706.0947265625,0.0,1522.203125,1895.4371337890625,0.0,3689.54443359375,0.9030776619911194,1.0,0.0,3.0,1.0,0.0
12227760,296.90087890625,297.1499938964844,293.1499938964844,0.0,-0.0,285.0491638183594,0.8669894933700562,0.5404590964317322,0.49003466963768,297.3080444335937,297.1499938964844,293.1499938964844,0.0,-0.0,285.0491638183594,0.8584846258163452,0.5253668427467346,0.500899076461792,297.19097900390625,297.1499938964844,293.1499938964844,0.0,-0.0,285.048828125,0.7598732113838196,0.3594265282154083,0.2551029622554779,297.171875,297.1499938964844,293.1499938964844,0.0,-0.0,285.0486755371094,0.7285506725311279,0.3134446740150451,0.3023168742656708,297.1141967773437,297.1499938964844,293.1499938964844,0.0,-0.0,285.0480041503906,0.6312073469161987,0.2022748291492462,0.938051164150238,285.04901123046875,284.95001220703125,300.510009765625,288.640380859375,298.3429260253906,297.201171875,285.0507202148437,1.0,0.6090260148048401,0.4638107120990753,0.4638107120990753,1.0,1.0,-2.9853878021240234,1.0314115285873413,1.953976273536682,0.3538991510868072,0.8984805345535278,0.8984805345535278,0.0,223.70008850097656,202.0,40547.59375,0.0,2653.377685546875,1.0,280.9417419433594,283.59967041015625,291.5744934082031,294.1193542480469,293.1499938964844,293.1499938964844,281.25,35954.33984375,36000.0,313.1499938964844,0.0,18000.0,1.0,0.0,0.0,0.0,1.0,0.9252210855484008,1.0,0.0,0.0,3.6415297985076895,3.6415536403656006,8.848323886923026e-07,4.265924453735352,4.265914440155029,9.78592834144365e-06,0.0,0.0,-0.0,5453.14892578125,0.0,1523.4244384765625,1895.4371337890625,0.0,3637.261474609375,0.9033705592155457,1.0,0.0,3.0,1.0,0.0
12227820,296.9306335449219,297.1499938964844,293.1499938964844,0.0,-0.0,285.2533264160156,0.8767656683921814,0.5403135418891907,0.4893315732479095,297.3265686035156,297.1499938964844,293.1499938964844,0.0,-0.0,285.2533264160156,0.8702006936073303,0.5292424559593201,0.5039401054382324,297.21173095703125,297.1499938964844,293.1499938964844,0.0,-0.0,285.25299072265625,0.7700905799865723,0.3620442152023315,0.2564859986305237,297.1865234375,297.1499938964844,293.1499938964844,0.0,-0.0,285.2528381347656,0.7372162342071533,0.3152002990245819,0.3033944964408874,297.12713623046875,297.1499938964844,293.1499938964844,0.0,-0.0,285.2521057128906,0.638394296169281,0.2031278014183044,0.9391440153121948,285.253173828125,284.95001220703125,300.5466613769531,288.6624450683594,298.3667297363281,297.2200622558594,285.25494384765625,1.0,0.6036700010299683,0.4631273448467254,0.4631273448467254,1.0,1.0,-2.992464065551758,1.0327298641204834,1.9597342014312744,0.3534154593944549,0.904199481010437,0.904199481010437,0.0,212.839111328125,190.0,39779.55078125,0.0,2611.482421875,1.0,281.2417297363281,283.8418884277344,291.6087951660156,294.10064697265625,293.1499938964844,293.1499938964844,280.95001220703125,35702.5390625,36000.0,313.1499938964844,0.0,18000.0,1.0,0.0,0.0,0.0,1.0,0.9115999937057496,1.0,0.0,0.0,3.651895523071289,3.6519196033477774,8.898770715859428e-07,4.265924453735352,4.265914440155029,9.78592834144365e-06,0.0,0.0,-0.0,6038.0205078125,0.0,1533.0517578125,1895.4371337890625,0.0,3511.446533203125,0.9055189490318298,1.0,0.0,3.0,1.0,0.0
12227880,296.9306335449219,297.1499938964844,293.1499938964844,0.0,-0.0,285.2533264160156,0.8767656683921814,0.5403135418891907,0.4893315732479095,297.3265686035156,297.1499938964844,293.1499938964844,0.0,-0.0,285.2533264160156,0.8702006936073303,0.5292424559593201,0.5039401054382324,297.21173095703125,297.1499938964844,293.1499938964844,0.0,-0.0,285.25299072265625,0.7700905799865723,0.3620442152023315,0.2564859986305237,297.1865234375,297.1499938964844,293.1499938964844,0.0,-0.0,285.2528381347656,0.7372162342071533,0.3152002990245819,0.3033944964408874,297.12713623046875,297.1499938964844,293.1499938964844,0.0,-0.0,285.2521057128906,0.638394296169281,0.2031278014183044,0.9391440153121948,285.253173828125,284.95001220703125,300.5466613769531,288.6624450683594,298.3667297363281,297.2200622558594,285.25494384765625,1.0,0.6036700010299683,0.4631273448467254,0.4631273448467254,1.0,1.0,-2.992464065551758,1.0327298641204834,1.9597342014312744,0.3534154593944549,0.904199481010437,0.904199481010437,0.0,212.839111328125,190.0,39779.55078125,0.0,2611.482421875,1.0,281.2417297363281,283.8418884277344,291.6087951660156,294.10064697265625,293.1499938964844,293.1499938964844,280.95001220703125,35702.5390625,36000.0,313.1499938964844,0.0,18000.0,1.0,0.0,0.0,0.0,1.0,0.9115999937057496,1.0,0.0,0.0,3.651895523071289,3.6519196033477774,8.898770715859428e-07,4.265924453735352,4.265914440155029,9.78592834144365e-06,0.0,0.0,-0.0,6038.0205078125,0.0,1533.0517578125,1895.4371337890625,0.0,3511.446533203125,0.9055189490318298,1.0,0.0,3.0,1.0,0.0
12227940,296.9352111816406,297.1499938964844,293.1499938964844,0.0,-0.0,285.0794677734375,0.8867080807685852,0.5380294919013977,0.4875538647174835,297.3285217285156,297.1499938964844,293.1499938964844,0.0,-0.0,285.0794677734375,0.8824954628944397,0.5317013263702393,0.5063123106956482,297.21893310546875,297.1499938964844,293.1499938964844,0.0,-0.0,285.0797424316406,0.7808029651641846,0.3635744750499725,0.2575251162052154,297.191162109375,297.1499938964844,293.1499938964844,0.0,-0.0,285.0798645019531,0.7463479042053223,0.3161496222019195,0.3041703999042511,297.1336364746094,297.1499938964844,293.1499938964844,0.0,-0.0,285.0804443359375,0.6461535692214966,0.2035102248191833,0.9398331046104432,285.07958984375,284.95001220703125,300.5833435058594,288.68511962890625,298.3807983398437,297.2245788574219,285.07818603515625,1.0,0.5978624224662781,0.462444007396698,0.462444007396698,1.0,1.0,-2.996201515197754,1.032705545425415,1.9634959697723389,0.3525613844394684,0.904526710510254,0.904526710510254,0.0,202.0354156494141,178.0,40759.98046875,0.0,2563.36279296875,1.0,280.957763671875,283.6224670410156,291.73345947265625,294.3601989746094,293.1499938964844,293.1499938964844,280.6499938964844,35798.3984375,36000.0,313.1499938964844,0.0,18000.0,1.0,0.0,0.0,0.0,1.0,0.9260254502296448,1.0,0.0,0.0,3.660202980041504,3.660227060317993,8.939302347243938e-07,4.265924453735352,4.265914440155029,9.78592834144365e-06,0.0,0.0,-0.0,6198.55322265625,0.0,1543.036865234375,1895.4371337890625,0.0,3644.6572265625,0.9074135422706604,1.0,0.0,3.0,1.0,0.0
12228000,296.9352111816406,297.1499938964844,293.1499938964844,0.0,-0.0,285.0794677734375,0.8867080807685852,0.5380294919013977,0.4875538647174835,297.3285217285156,297.1499938964844,293.1499938964844,0.0,-0.0,285.0794677734375,0.8824954628944397,0.5317013263702393,0.5063123106956482,297.21893310546875,297.1499938964844,293.1499938964844,0.0,-0.0,285.0797424316406,0.7808029651641846,0.3635744750499725,0.2575251162052154,297.191162109375,297.1499938964844,293.1499938964844,0.0,-0.0,285.0798645019531,0.7463479042053223,0.3161496222019195,0.3041703999042511,297.1336364746094,297.1499938964844,293.1499938964844,0.0,-0.0,285.0804443359375,0.6461535692214966,0.2035102248191833,0.9398331046104432,285.07958984375,284.95001220703125,300.5833435058594,288.68511962890625,298.3807983398437,297.2245788574219,285.07818603515625,1.0,0.5978624224662781,0.462444007396698,0.462444007396698,1.0,1.0,-2.996201515197754,1.032705545425415,1.9634959697723389,0.3525613844394684,0.904526710510254,0.904526710510254,0.0,202.0354156494141,178.0,40759.98046875,0.0,2563.36279296875,1.0,280.957763671875,283.6224670410156,291.73345947265625,294.3601989746094,293.1499938964844,293.1499938964844,280.6499938964844,35798.3984375,36000.0,313.1499938964844,0.0,18000.0,1.0,0.0,0.0,0.0,1.0,0.9260254502296448,1.0,0.0,0.0,3.660202980041504,3.660227060317993,8.939302347243938e-07,4.265924453735352,4.265914440155029,9.78592834144365e-06,0.0,0.0,-0.0,6198.55322265625,0.0,1543.036865234375,1895.4371337890625,0.0,3644.6572265625,0.9074135422706604,1.0,0.0,3.0,1.0,0.0
12228060,296.92254638671875,297.1499938964844,293.1499938964844,0.0,-0.0,284.87847900390625,0.8952122926712036,0.5340385437011719,0.4839121699333191,297.3158264160156,297.1499938964844,293.1499938964844,0.0,-0.0,284.87847900390625,0.893730878829956,0.532687783241272,0.5071316361427307,297.2136535644531,297.1499938964844,293.1499938964844,0.0,-0.0,284.8787841796875,0.7904289960861206,0.3639211654663086,0.2576465904712677,297.18505859375,297.1499938964844,293.1499938964844,0.0,-0.0,284.8789367675781,0.7546437978744507,0.3160612285137176,0.3039097487926483,297.1311340332031,297.1499938964844,293.1499938964844,0.0,-0.0,284.879638671875,0.6530614495277405,0.203057199716568,0.9368205070495604,284.87860107421875,284.95001220703125,300.6199951171875,288.7084045410156,298.3844909667969,297.2153625488281,284.8768920898437,1.0,0.5910756587982178,0.4614339470863342,0.4614339470863342,1.0,1.0,-2.9890289306640625,1.027698278427124,1.961330771446228,0.3491080403327942,0.901922643184662,0.901922643184662,0.0,191.9520568847656,166.0,41620.01171875,0.0,2498.485107421875,1.0,280.6581420898437,283.3787536621094,291.766357421875,294.4709167480469,293.1499938964844,293.1499938964844,280.3500061035156,36000.51953125,36000.0,313.1499938964844,0.0,18000.0,1.0,0.0,0.0,0.0,1.0,0.94121915102005,1.0,0.0,0.0,3.660896062850952,3.6609201431274414,8.942688509705476e-07,4.265924453735352,4.265914440155029,9.78592834144365e-06,0.0,0.0,-0.0,6304.73193359375,0.0,1545.3287353515625,1895.4371337890625,0.0,3783.524169921875,0.907698094844818,1.0,0.0,3.0,1.0,0.0
12228120,296.92254638671875,297.1499938964844,293.1499938964844,0.0,-0.0,284.87847900390625,0.8952122926712036,0.5340385437011719,0.4839121699333191,297.3158264160156,297.1499938964844,293.1499938964844,0.0,-0.0,284.87847900390625,0.893730878829956,0.532687783241272,0.5071316361427307,297.2136535644531,297.1499938964844,293.1499938964844,0.0,-0.0,284.8787841796875,0.7904289960861206,0.3639211654663086,0.2576465904712677,297.18505859375,297.1499938964844,293.1499938964844,0.0,-0.0,284.8789367675781,0.7546437978744507,0.3160612285137176,0.3039097487926483,297.1311340332031,297.1499938964844,293.1499938964844,0.0,-0.0,284.879638671875,0.6530614495277405,0.203057199716568,0.9368205070495604,284.87860107421875,284.95001220703125,300.6199951171875,288.7084045410156,298.3844909667969,297.2153625488281,284.8768920898437,1.0,0.5910756587982178,0.4614339470863342,0.4614339470863342,1.0,1.0,-2.9890289306640625,1.027698278427124,1.961330771446228,0.3491080403327942,0.901922643184662,0.901922643184662,0.0,191.9520568847656,166.0,41620.01171875,0.0,2498.485107421875,1.0,280.6581420898437,283.3787536621094,291.766357421875,294.4709167480469,293.1499938964844,293.1499938964844,280.3500061035156,36000.51953125,36000.0,313.1499938964844,0.0,18000.0,1.0,0.0,0.0,0.0,1.0,0.94121915102005,1.0,0.0,0.0,3.660896062850952,3.6609201431274414,8.942688509705476e-07,4.265924453735352,4.265914440155029,9.78592834144365e-06,0.0,0.0,-0.0,6304.73193359375,0.0,1545.3287353515625,1895.4371337890625,0.0,3783.524169921875,0.907698094844818,1.0,0.0,3.0,1.0,0.0
12228180,296.90533447265625,297.1499938964844,293.1499938964844,0.0,-0.0,284.6737060546875,0.9039790630340576,0.5294156670570374,0.4795472621917724,297.29754638671875,297.1499938964844,293.1499938964844,0.0,-0.0,284.6737060546875,0.9053293466567992,0.5329385995864868,0.5071335434913635,297.2035522460937,297.1499938964844,293.1499938964844,0.0,-0.0,284.6740417480469,0.8002643585205078,0.3637083172798157,0.2572976350784302,297.174072265625,297.1499938964844,293.1499938964844,0.0,-0.0,284.6741943359375,0.7632231712341309,0.3153982162475586,0.3030214011669159,297.123779296875,297.1499938964844,293.1499938964844,0.0,-0.0,284.6749267578125,0.6600305438041687,0.2020767927169799,0.9311434030532836,284.6738586425781,284.95001220703125,300.6566772460937,288.7322692871094,298.3842468261719,297.2008972167969,284.6720886230469,1.0,0.5833821296691895,0.4604238867759704,0.4604238867759704,1.0,1.0,-2.975477457046509,1.020168423652649,1.95530903339386,0.3445078432559967,0.8965561985969543,0.8965561985969543,0.0,181.77207946777344,154.0,42373.8125,0.0,2421.750244140625,1.0,280.3581848144531,283.1346130371094,291.7737731933594,294.53057861328125,293.1499938964844,293.1499938964844,280.6499938964844,36258.16015625,36000.0,313.1499938964844,0.0,18000.0,1.0,0.0,0.0,0.0,1.0,0.9522718787193298,1.0,0.0,0.0,3.652067184448242,3.652091264724731,8.899606314116681e-07,4.265924453735352,4.265914440155029,9.78592834144365e-06,0.0,0.0,-0.0,5694.60888671875,0.0,1537.402099609375,1895.4371337890625,0.0,3883.406005859375,0.9058955907821656,1.0,0.0,3.0,1.0,0.0
12228240,296.90533447265625,297.1499938964844,293.1499938964844,0.0,-0.0,284.6737060546875,0.9039790630340576,0.5294156670570374,0.4795472621917724,297.29754638671875,297.1499938964844,293.1499938964844,0.0,-0.0,284.6737060546875,0.9053293466567992,0.5329385995864868,0.5071335434913635,297.2035522460937,297.1499938964844,293.1499938964844,0.0,-0.0,284.6740417480469,0.8002643585205078,0.3637083172798157,0.2572976350784302,297.174072265625,297.1499938964844,293.1499938964844,0.0,-0.0,284.6741943359375,0.7632231712341309,0.3153982162475586,0.3030214011669159,297.123779296875,297.1499938964844,293.1499938964844,0.0,-0.0,284.6749267578125,0.6600305438041687,0.2020767927169799,0.9311434030532836,284.6738586425781,284.95001220703125,300.6566772460937,288.7322692871094,298.3842468261719,297.2008972167969,284.6720886230469,1.0,0.5833821296691895,0.4604238867759704,0.4604238867759704,1.0,1.0,-2.975477457046509,1.020168423652649,1.95530903339386,0.3445078432559967,0.8965561985969543,0.8965561985969543,0.0,181.77207946777344,154.0,42373.8125,0.0,2421.750244140625,1.0,280.3581848144531,283.1346130371094,291.7737731933594,294.53057861328125,293.1499938964844,293.1499938964844,280.6499938964844,36258.16015625,36000.0,313.1499938964844,0.0,18000.0,1.0,0.0,0.0,0.0,1.0,0.9522718787193298,1.0,0.0,0.0,3.652067184448242,3.652091264724731,8.899606314116681e-07,4.265924453735352,4.265914440155029,9.78592834144365e-06,0.0,0.0,-0.0,5694.60888671875,0.0,1537.402099609375,1895.4371337890625,0.0,3883.406005859375,0.9058955907821656,1.0,0.0,3.0,1.0,0.0
12228300,296.9055480957031,297.1499938964844,293.1499938964844,0.0,-0.0,284.8018493652344,0.9095295071601868,0.5278806090354919,0.477541983127594,297.2939758300781,297.1499938964844,293.1499938964844,0.0,-0.0,284.8018798828125,0.9124104976654052,0.53351891040802,0.5071678161621094,297.2030639648437,297.1499938964844,293.1499938964844,0.0,-0.0,284.8003234863281,0.8059464693069458,0.3639950156211853,0.2571549415588379,297.1717834472656,297.1499938964844,293.1499938964844,0.0,-0.0,284.7995300292969,0.7682511210441589,0.3153228163719177,0.3025599122047424,297.1219482421875,297.1499938964844,293.1499938964844,0.0,-0.0,284.79608154296875,0.664110004901886,0.2017279714345932,0.9280381202697754,284.8011779785156,284.95001220703125,300.67498779296875,288.7444152832031,298.3871154785156,297.1981506347656,284.809326171875,1.0,0.5793159008026123,0.4599188566207886,0.4599188566207886,1.0,1.0,-2.9686427116394043,1.0163908004760742,1.9522517919540403,0.3421068489551544,0.8967719674110413,0.8967719674110413,0.0,176.335205078125,154.0,41513.15625,0.0,2381.774658203125,1.0,280.6013488769531,283.3032531738281,291.6992492675781,294.3023376464844,293.1499938964844,293.1499938964844,280.6499938964844,36215.98828125,36000.0,313.1499938964844,0.0,18000.0,1.0,0.0,0.0,0.0,1.0,0.9432100653648376,1.0,0.0,0.0,3.647647619247437,3.647671699523926,8.878079711394093e-07,4.265924453735352,4.265914440155029,9.78592834144365e-06,0.0,0.0,-0.0,5840.12451171875,0.0,1532.1680908203125,1895.4371337890625,0.0,3801.592041015625,0.904937982559204,1.0,0.0,3.0,1.0,0.0
12228360,296.9132385253906,297.1499938964844,293.1499938964844,0.0,-0.0,284.8495788574219,0.9175410866737366,0.527086079120636,0.4763635396957397,297.2962646484375,297.1499938964844,293.1499938964844,0.0,-0.0,284.8495788574219,0.921875536441803,0.5346547961235046,0.5077919363975525,297.2074890136719,297.1499938964844,293.1499938964844,0.0,-0.0,284.84930419921875,0.8130688071250916,0.3647670745849609,0.2573813498020172,297.1734924316406,297.1499938964844,293.1499938964844,0.0,-0.0,284.84918212890625,0.77485591173172,0.3156279325485229,0.3024643063545227,297.1231689453125,297.1499938964844,293.1499938964844,0.0,-0.0,284.8485412597656,0.6696012020111084,0.2016696035861969,0.9261001348495485,284.8494567871094,284.95001220703125,300.6933288574219,288.7566833496094,298.39434814453125,297.2010192871094,284.8509216308594,1.0,0.5753554105758667,0.4596350789070129,0.4596350789070129,1.0,1.0,-2.965796947479248,1.0146335363388062,1.951163411140442,0.3408321440219879,0.8966292142868042,0.8966292142868042,0.0,170.24655151367188,142.0,41403.93359375,0.0,2345.837890625,1.0,280.6421203613281,283.3536682128906,291.70233154296875,294.32342529296875,293.1499938964844,293.1499938964844,280.95001220703125,36159.1875,36000.0,313.1499938964844,0.0,18000.0,1.0,0.0,0.0,0.0,1.0,0.936832308769226,1.0,0.0,0.0,3.645289897918701,3.6453139781951904,8.866606435731228e-07,4.265924453735352,4.265914440155029,9.78592834144365e-06,0.0,0.0,-0.0,5564.150390625,0.0,1529.1241455078125,1895.4371337890625,0.0,3743.6025390625,0.9043443202972412,1.0,0.0,3.0,1.0,0.0
12228420,296.9379577636719,297.1499938964844,293.1499938964844,0.0,-0.0,285.052734375,0.9385963678359984,0.5265820026397705,0.4751208126544952,297.3097839355469,297.1499938964844,293.1499938964844,0.0,-0.0,285.0527648925781,0.9454559683799744,0.5378643870353699,0.5100026726722717,297.2240600585937,297.1499938964844,293.1499938964844,0.0,-0.0,285.05242919921875,0.829916775226593,0.3671643435955047,0.2584748566150665,297.18377685546875,297.1499938964844,293.1499938964844,0.0,-0.0,285.05224609375,0.7916591167449951,0.3169586062431335,0.3029805421829223,297.1315612792969,297.1499938964844,293.1499938964844,0.0,-0.0,285.051513671875,0.6839473247528076,0.2021746337413787,0.92499440908432,285.0525817871094,284.95001220703125,300.7300109863281,288.7816162109375,298.41485595703125,297.2151184082031,285.05438232421875,1.0,0.567855179309845,0.459067553281784,0.459067553281784,1.0,1.0,-2.9675567150115967,1.0140953063964844,1.9534614086151123,0.3396762609481811,0.8996599316596985,0.8996599316596985,0.0,157.2932586669922,130.0,40563.1875,0.0,2283.451416015625,1.0,280.9417419433594,283.5970153808594,291.7156066894531,294.2615661621094,293.1499938964844,293.1499938964844,281.25,35950.2265625,36000.0,313.1499938964844,0.0,18000.0,1.0,0.0,0.0,0.0,1.0,0.9200807809829712,1.0,0.0,0.0,3.646419286727905,3.646443128585816,8.872100920598314e-07,4.265924453735352,4.265914440155029,9.78592834144365e-06,0.0,0.0,-0.0,5487.48486328125,0.0,1528.8162841796875,1895.4371337890625,0.0,3589.904052734375,0.9044620990753174,1.0,0.0,3.0,1.0,0.0
12228480,296.9379577636719,297.1499938964844,293.1499938964844,0.0,-0.0,285.052734375,0.9385963678359984,0.5265820026397705,0.4751208126544952,297.3097839355469,297.1499938964844,293.1499938964844,0.0,-0.0,285.0527648925781,0.9454559683799744,0.5378643870353699,0.5100026726722717,297.2240600585937,297.1499938964844,293.1499938964844,0.0,-0.0,285.05242919921875,0.829916775226593,0.3671643435955047,0.2584748566150665,297.18377685546875,297.1499938964844,293.1499938964844,0.0,-0.0,285.05224609375,0.7916591167449951,0.3169586062431335,0.3029805421829223,297.1315612792969,297.1499938964844,293.1499938964844,0.0,-0.0,285.051513671875,0.6839473247528076,0.2021746337413787,0.92499440908432,285.0525817871094,284.95001220703125,300.7300109863281,288.7816162109375,298.41485595703125,297.2151184082031,285.05438232421875,1.0,0.567855179309845,0.459067553281784,0.459067553281784,1.0,1.0,-2.9675567150115967,1.0140953063964844,1.9534614086151123,0.3396762609481811,0.8996599316596985,0.8996599316596985,0.0,157.2932586669922,130.0,40563.1875,0.0,2283.451416015625,1.0,280.9417419433594,283.5970153808594,291.7156066894531,294.2615661621094,293.1499938964844,293.1499938964844,281.25,35950.2265625,36000.0,313.1499938964844,0.0,18000.0,1.0,0.0,0.0,0.0,1.0,0.9200807809829712,1.0,0.0,0.0,3.646419286727905,3.646443128585816,8.872100920598314e-07,4.265924453735352,4.265914440155029,9.78592834144365e-06,0.0,0.0,-0.0,5487.48486328125,0.0,1528.8162841796875,1895.4371337890625,0.0,3589.904052734375,0.9044620990753174,1.0,0.0,3.0,1.0,0.0
12228540,296.9673767089844,297.1499938964844,293.1499938964844,0.0,-0.0,285.25933837890625,0.9636330008506776,0.5268726944923401,0.4747202098369598,297.3288879394531,297.1499938964844,293.1499938964844,0.0,-0.0,285.2593688964844,0.9719234108924866,0.5418199300765991,0.5130237340927124,297.2454833984375,297.1499938964844,293.1499938964844,0.0,-0.0,285.259033203125,0.8509733080863953,0.3702694773674011,0.2601288259029388,297.198974609375,297.1499938964844,293.1499938964844,0.0,-0.0,285.25885009765625,0.8125675916671753,0.3189220428466797,0.3041618168354034,297.1448059082031,297.1499938964844,293.1499938964844,0.0,-0.0,285.2580871582031,0.7024145126342773,0.2032774537801742,0.9267875552177428,285.2592163085937,284.95001220703125,300.76666259765625,288.8070373535156,298.43951416015625,297.2350158691406,285.2611083984375,1.0,0.5609971880912781,0.4585000276565552,0.4585000276565552,1.0,1.0,-2.976264476776123,1.0162670612335205,1.959997296333313,0.3397465944290161,0.9054754972457886,0.9054754972457886,0.0,144.03271484375,133.0,39822.171875,0.0,2231.650146484375,1.0,281.24176025390625,283.84100341796875,291.75421142578125,294.2490539550781,293.1499938964844,293.1499938964844,280.95001220703125,35697.0703125,36000.0,313.1499938964844,0.0,18000.0,1.0,0.0,0.0,0.0,1.0,0.9066256284713744,1.0,0.0,0.0,3.656981229782105,3.6570053100585938,8.923572636376775e-07,4.265924453735352,4.265914440155029,9.78592834144365e-06,0.0,0.0,-0.0,6078.52783203125,0.0,1538.6785888671875,1895.4371337890625,0.0,3465.261962890625,0.9066538214683532,1.0,0.0,3.0,1.0,0.0
12228600,296.9673767089844,297.1499938964844,293.1499938964844,0.0,-0.0,285.25933837890625,0.9636330008506776,0.5268726944923401,0.4747202098369598,297.3288879394531,297.1499938964844,293.1499938964844,0.0,-0.0,285.2593688964844,0.9719234108924866,0.5418199300765991,0.5130237340927124,297.2454833984375,297.1499938964844,293.1499938964844,0.0,-0.0,285.259033203125,0.8509733080863953,0.3702694773674011,0.2601288259029388,297.198974609375,297.1499938964844,293.1499938964844,0.0,-0.0,285.25885009765625,0.8125675916671753,0.3189220428466797,0.3041618168354034,297.1448059082031,297.1499938964844,293.1499938964844,0.0,-0.0,285.2580871582031,0.7024145126342773,0.2032774537801742,0.9267875552177428,285.2592163085937,284.95001220703125,300.76666259765625,288.8070373535156,298.43951416015625,297.2350158691406,285.2611083984375,1.0,0.5609971880912781,0.4585000276565552,0.4585000276565552,1.0,1.0,-2.976264476776123,1.0162670612335205,1.959997296333313,0.3397465944290161,0.9054754972457886,0.9054754972457886,0.0,144.03271484375,133.0,39822.171875,0.0,2231.650146484375,1.0,281.24176025390625,283.84100341796875,291.75421142578125,294.2490539550781,293.1499938964844,293.1499938964844,280.95001220703125,35697.0703125,36000.0,313.1499938964844,0.0,18000.0,1.0,0.0,0.0,0.0,1.0,0.9066256284713744,1.0,0.0,0.0,3.656981229782105,3.6570053100585938,8.923572636376775e-07,4.265924453735352,4.265914440155029,9.78592834144365e-06,0.0,0.0,-0.0,6078.52783203125,0.0,1538.6785888671875,1895.4371337890625,0.0,3465.261962890625,0.9066538214683532,1.0,0.0,3.0,1.0,0.0
12228660,296.9720458984375,297.1499938964844,293.1499938964844,0.0,-0.0,285.0915832519531,0.9742639660835266,0.5252440571784973,0.4737015664577484,297.33111572265625,297.1499938964844,293.1499938964844,0.0,-0.0,285.091552734375,0.983903467655182,0.544150710105896,0.5154786705970764,297.252685546875,297.1499938964844,293.1499938964844,0.0,-0.0,285.09185791015625,0.8624770045280457,0.3721248507499695,0.2615411579608917,297.2037353515625,297.1499938964844,293.1499938964844,0.0,-0.0,285.0920104980469,0.822709321975708,0.319987803697586,0.3052456676959991,297.1510314941406,297.1499938964844,293.1499938964844,0.0,-0.0,285.0927429199219,0.7118673920631409,0.2038565278053283,0.9292898178100586,285.0917053222656,284.95001220703125,300.8004150390625,288.830810546875,298.452392578125,297.2396545410156,285.090087890625,1.0,0.5589081048965454,0.4576976299285888,0.4576976299285888,1.0,1.0,-2.9840080738067627,1.017536997795105,1.9664710760116573,0.3393201529979706,0.9058334231376648,0.9058334231376648,0.0,138.38552856445312,133.0,40836.0625,0.0,2216.588134765625,1.0,280.9603881835937,283.6272277832031,291.8818359375,294.5155639648437,293.1499938964844,293.1499938964844,280.95001220703125,35785.07421875,36000.0,313.1499938964844,0.0,18000.0,1.0,0.0,0.0,0.0,1.0,0.9206300973892212,1.0,0.0,0.0,3.665057182312012,3.665081262588501,8.963029358710628e-07,4.265924453735352,4.265914440155029,9.78592834144365e-06,0.0,0.0,-0.0,5896.8486328125,0.0,1548.3702392578125,1895.4371337890625,0.0,3594.971923828125,0.9084894061088562,1.0,0.0,3.0,1.0,0.0
12228720,296.9717712402344,297.1499938964844,293.1499938964844,0.0,-0.0,285.0887756347656,0.9745813608169556,0.5250378847122192,0.473518043756485,297.3307189941406,297.1499938964844,293.1499938964844,0.0,-0.0,285.0887451171875,0.984380066394806,0.5442959070205688,0.5156186819076538,297.2527770996094,297.1499938964844,293.1499938964844,0.0,-0.0,285.0889892578125,0.8629733324050903,0.3722399771213531,0.2616221308708191,297.2037048339844,297.1499938964844,293.1499938964844,0.0,-0.0,285.089111328125,0.8231179714202881,0.3200394213199615,0.3052964806556701,297.1512145996094,297.1499938964844,293.1499938964844,0.0,-0.0,285.0896301269531,0.712230384349823,0.2038737088441848,0.929374933242798,285.0888671875,284.95001220703125,300.8033447265625,288.8329162597656,298.4530944824219,297.2394714355469,285.0876770019531,1.0,0.5588101744651794,0.4576278626918793,0.4576278626918793,1.0,1.0,-2.984216928482056,1.0174638032913208,1.9667531251907349,0.3391990959644317,0.905945122241974,0.905945122241974,0.0,138.1641082763672,136.0,40848.00390625,0.0,2215.829345703125,1.0,280.9577331542969,283.6239929199219,291.8822937011719,294.51446533203125,293.1499938964844,293.1499938964844,280.6499938964844,35788.671875,36000.0,313.1499938964844,0.0,18000.0,1.0,0.0,0.0,0.0,1.0,0.9212719202041626,1.0,0.0,0.0,3.665624856948853,3.665648937225342,8.965806159721978e-07,4.265924453735352,4.265914440155029,9.78592834144365e-06,0.0,0.0,-0.0,6243.0244140625,0.0,1549.0335693359375,1895.4371337890625,0.0,3600.891845703125,0.9086214303970336,1.0,0.0,3.0,1.0,0.0
12228780,296.95855712890625,297.1499938964844,293.1499938964844,0.0,-0.0,284.8921813964844,0.9738560914993286,0.5214532613754272,0.470592737197876,297.3171081542969,297.1499938964844,293.1499938964844,0.0,-0.0,284.89215087890625,0.9860550165176392,0.5452197790145874,0.5167582631111145,297.2470397949219,297.1499938964844,293.1499938964844,0.0,-0.0,284.8924255371094,0.8647986054420471,0.3729700744152069,0.2622868418693542,297.197021484375,297.1499938964844,293.1499938964844,0.0,-0.0,284.892578125,0.8242771625518799,0.3200512528419494,0.305508553981781,297.1479797363281,297.1499938964844,293.1499938964844,0.0,-0.0,284.8932189941406,0.7130003571510315,0.2035701721906662,0.9288281798362732,284.8923034667969,284.95001220703125,300.8399963378906,288.85919189453125,298.4563903808594,297.229248046875,284.8907775878906,1.0,0.5582347512245178,0.4567557275295257,0.4567557275295257,1.0,1.0,-2.9824752807617188,1.0148440599441528,1.967631220817566,0.3369755744934082,0.903551995754242,0.903551995754242,0.0,137.48403930664062,139.0,41767.84375,0.0,2209.310302734375,1.0,280.6580810546875,283.3836364746094,291.9184875488281,294.63189697265625,293.1499938964844,293.1499938964844,280.3500061035156,35983.9140625,36000.0,313.1499938964844,0.0,18000.0,1.0,0.0,0.0,0.0,1.0,0.936732292175293,1.0,0.0,0.0,3.6669108867645264,3.6669352054595934,8.972098157755681e-07,4.265924453735352,4.265914440155029,9.78592834144365e-06,0.0,0.0,-0.0,6354.62548828125,0.0,1551.943359375,1895.4371337890625,0.0,3742.690673828125,0.9090338349342346,1.0,0.0,3.0,1.0,0.0
12228840,296.95855712890625,297.1499938964844,293.1499938964844,0.0,-0.0,284.8921813964844,0.9738560914993286,0.5214532613754272,0.470592737197876,297.3171081542969,297.1499938964844,293.1499938964844,0.0,-0.0,284.89215087890625,0.9860550165176392,0.5452197790145874,0.5167582631111145,297.2470397949219,297.1499938964844,293.1499938964844,0.0,-0.0,284.8924255371094,0.8647986054420471,0.3729700744152069,0.2622868418693542,297.197021484375,297.1499938964844,293.1499938964844,0.0,-0.0,284.892578125,0.8242771625518799,0.3200512528419494,0.305508553981781,297.1479797363281,297.1499938964844,293.1499938964844,0.0,-0.0,284.8932189941406,0.7130003571510315,0.2035701721906662,0.9288281798362732,284.8923034667969,284.95001220703125,300.8399963378906,288.85919189453125,298.4563903808594,297.229248046875,284.8907775878906,1.0,0.5582347512245178,0.4567557275295257,0.4567557275295257,1.0,1.0,-2.9824752807617188,1.0148440599441528,1.967631220817566,0.3369755744934082,0.903551995754242,0.903551995754242,0.0,137.48403930664062,139.0,41767.84375,0.0,2209.310302734375,1.0,280.6580810546875,283.3836364746094,291.9184875488281,294.63189697265625,293.1499938964844,293.1499938964844,280.3500061035156,35983.9140625,36000.0,313.1499938964844,0.0,18000.0,1.0,0.0,0.0,0.0,1.0,0.936732292175293,1.0,0.0,0.0,3.6669108867645264,3.6669352054595934,8.972098157755681e-07,4.265924453735352,4.265914440155029,9.78592834144365e-06,0.0,0.0,-0.0,6354.62548828125,0.0,1551.943359375,1895.4371337890625,0.0,3742.690673828125,0.9090338349342346,1.0,0.0,3.0,1.0,0.0
12228900,296.9499206542969,297.1499938964844,293.1499938964844,0.0,-0.0,284.7436218261719,0.9713798761367798,0.519395112991333,0.4689103066921234,297.3078918457031,297.1499938964844,293.1499938964844,0.0,-0.0,284.74346923828125,0.9849922060966492,0.5453748106956482,0.5170565843582153,297.2420654296875,297.1499938964844,293.1499938964844,0.0,-0.0,284.7451171875,0.8637282252311707,0.3730985820293426,0.2624678909778595,297.1915283203125,297.1499938964844,293.1499938964844,0.0,-0.0,284.7460021972656,0.8230556845664978,0.3198118507862091,0.305402934551239,297.14422607421875,297.1499938964844,293.1499938964844,0.0,-0.0,284.7497863769531,0.7116402387619019,0.2031896263360977,0.9276340007781982,284.7442932128906,284.95001220703125,300.8583374023437,288.8724975585937,298.4564514160156,297.22198486328125,284.7354431152344,1.0,0.5582160949707031,0.456319659948349,0.456319659948349,1.0,1.0,-2.9794692993164062,1.0127019882202148,1.966767430305481,0.3354853689670563,0.9007484316825868,0.9007484316825868,0.0,138.07281494140625,139.0,42554.171875,0.0,2207.02783203125,1.0,280.4008483886719,283.1955261230469,291.9486694335937,294.7667236328125,293.1499938964844,293.1499938964844,280.3500061035156,36117.8359375,36000.0,313.1499938964844,0.0,18000.0,1.0,0.0,0.0,0.0,1.0,0.945220410823822,1.0,0.0,0.0,3.6643590927124015,3.664383411407471,8.959615342973848e-07,4.265924453735352,4.265914440155029,9.78592834144365e-06,0.0,0.0,-0.0,6156.2724609375,0.0,1550.087646484375,1895.4371337890625,0.0,3819.8037109375,0.9085159301757812,1.0,0.0,3.0,1.0,0.0
12228960,296.9402770996094,297.1499938964844,293.1499938964844,0.0,-0.0,284.6920166015625,0.967645525932312,0.517180323600769,0.4669856131076813,297.29742431640625,297.1499938964844,293.1499938964844,0.0,-0.0,284.6919860839844,0.9828625321388244,0.5453462600708008,0.5171148777008057,297.2360534667969,297.1499938964844,293.1499938964844,0.0,-0.0,284.6922607421875,0.86158287525177,0.3730882406234741,0.262514978647232,297.1849365234375,297.1499938964844,293.1499938964844,0.0,-0.0,284.6924133300781,0.8208518624305725,0.3194259703159332,0.3051278293132782,297.1393127441406,297.1499938964844,293.1499938964844,0.0,-0.0,284.6930847167969,0.7092841863632202,0.2026706784963607,0.9257619976997375,284.692138671875,284.95001220703125,300.8766784667969,288.8858947753906,298.4555358886719,297.2132873535156,284.6905822753906,1.0,0.5582431554794312,0.4559136629104614,0.4559136629104614,1.0,1.0,-2.974703550338745,1.009936809539795,1.96476686000824,0.3337621390819549,0.8984600305557251,0.8984600305557251,0.0,139.13156127929688,142.0,42587.453125,0.0,2204.04931640625,1.0,280.3580322265625,283.1428527832031,291.9292907714844,294.6988525390625,293.1499938964844,293.1499938964844,280.6499938964844,36233.01953125,36000.0,313.1499938964844,0.0,18000.0,1.0,0.0,0.0,0.0,1.0,0.9481499791145324,1.0,0.0,0.0,3.6589956283569336,3.659019708633423,8.933405979405507e-07,4.265924453735352,4.265914440155029,9.78592834144365e-06,0.0,0.0,-0.0,5745.099609375,0.0,1544.947509765625,1895.4371337890625,0.0,3846.280517578125,0.9074289798736572,1.0,0.0,3.0,1.0,0.0
12229020,296.9462585449219,297.1499938964844,293.1499938964844,0.0,-0.0,284.8729248046875,0.96238112449646,0.5150988698005676,0.4645293951034546,297.2948303222656,297.1499938964844,293.1499938964844,0.0,-0.0,284.8729858398437,0.980309784412384,0.5469259023666382,0.5181533694267273,297.2389221191406,297.1499938964844,293.1499938964844,0.0,-0.0,284.8726806640625,0.8592222332954407,0.3744493126869201,0.2631895840167999,297.1829528808594,297.1499938964844,293.1499938964844,0.0,-0.0,284.8725280761719,0.8180133104324341,0.3196510076522827,0.3050843477249145,297.1368713378906,297.1499938964844,293.1499938964844,0.0,-0.0,284.871826171875,0.7059177160263062,0.2022773027420044,0.9232752919197084,284.8728332519531,284.95001220703125,300.913330078125,288.9129638671875,298.4648742675781,297.21221923828125,284.8744506835937,1.0,0.558783233165741,0.4551016390323639,0.4551016390323639,1.0,1.0,-2.9707553386688232,1.0066088438034058,1.9641464948654173,0.3310648798942566,0.8988794684410095,0.8988794684410095,0.0,140.7623291015625,145.0,41681.7734375,0.0,2205.421630859375,1.0,280.6422424316406,283.3657531738281,291.86151123046875,294.4992980957031,293.1499938964844,293.1499938964844,280.95001220703125,36127.70703125,36000.0,313.1499938964844,0.0,18000.0,1.0,0.0,0.0,0.0,1.0,0.9332883358001708,1.0,0.0,0.0,3.6533782482147217,3.653402328491211,8.905997788133391e-07,4.265924453735352,4.265914440155029,9.78592834144365e-06,0.0,0.0,-0.0,5620.19970703125,0.0,1537.88671875,1895.4371337890625,0.0,3711.245361328125,0.9061326384544371,1.0,0.0,3.0,1.0,0.0
12229080,296.9462585449219,297.1499938964844,293.1499938964844,0.0,-0.0,284.8729248046875,0.96238112449646,0.5150988698005676,0.4645293951034546,297.2948303222656,297.1499938964844,293.1499938964844,0.0,-0.0,284.8729858398437,0.980309784412384,0.5469259023666382,0.5181533694267273,297.2389221191406,297.1499938964844,293.1499938964844,0.0,-0.0,284.8726806640625,0.8592222332954407,0.3744493126869201,0.2631895840167999,297.1829528808594,297.1499938964844,293.1499938964844,0.0,-0.0,284.8725280761719,0.8180133104324341,0.3196510076522827,0.3050843477249145,297.1368713378906,297.1499938964844,293.1499938964844,0.0,-0.0,284.871826171875,0.7059177160263062,0.2022773027420044,0.9232752919197084,284.8728332519531,284.95001220703125,300.913330078125,288.9129638671875,298.4648742675781,297.21221923828125,284.8744506835937,1.0,0.558783233165741,0.4551016390323639,0.4551016390323639,1.0,1.0,-2.9707553386688232,1.0066088438034058,1.9641464948654173,0.3310648798942566,0.8988794684410095,0.8988794684410095,0.0,140.7623291015625,145.0,41681.7734375,0.0,2205.421630859375,1.0,280.6422424316406,283.3657531738281,291.86151123046875,294.4992980957031,293.1499938964844,293.1499938964844,280.95001220703125,36127.70703125,36000.0,313.1499938964844,0.0,18000.0,1.0,0.0,0.0,0.0,1.0,0.9332883358001708,1.0,0.0,0.0,3.6533782482147217,3.653402328491211,8.905997788133391e-07,4.265924453735352,4.265914440155029,9.78592834144365e-06,0.0,0.0,-0.0,5620.19970703125,0.0,1537.88671875,1895.4371337890625,0.0,3711.245361328125,0.9061326384544371,1.0,0.0,3.0,1.0,0.0
12229140,296.9686889648437,297.1499938964844,293.1499938964844,0.0,-0.0,285.080322265625,0.9606722593307496,0.5147804617881775,0.4639745950698852,297.3070983886719,297.1499938964844,293.1499938964844,0.0,-0.0,285.08038330078125,0.980626940727234,0.5499919056892395,0.5207703709602356,297.2541809082031,297.1499938964844,293.1499938964844,0.0,-0.0,285.0800170898437,0.8599085211753845,0.3771120011806488,0.2648718357086181,297.19171142578125,297.1499938964844,293.1499938964844,0.0,-0.0,285.079833984375,0.8178646564483643,0.3209474682807922,0.3061141073703766,297.1431579589844,297.1499938964844,293.1499938964844,0.0,-0.0,285.0790100097656,0.7052937150001526,0.2027408182621002,0.924599587917328,285.0802001953125,284.95001220703125,300.95001220703125,288.9403991699219,298.4842224121094,297.2253723144531,285.0821533203125,1.0,0.5603760480880737,0.4542896449565887,0.4542896449565887,1.0,1.0,-2.978076696395874,1.0076560974121094,1.9704205989837649,0.3303001821041107,0.9023075103759766,0.9023075103759766,0.0,141.69891357421875,148.0,40902.0625,0.0,2223.04345703125,1.0,280.9418334960937,283.6122131347656,291.8781433105469,294.4447937011719,293.1499938964844,293.1499938964844,280.6499938964844,35914.4296875,36000.0,313.1499938964844,0.0,18000.0,1.0,0.0,0.0,0.0,1.0,0.9173005223274232,1.0,0.0,0.0,3.655833005905152,3.6558570861816406,8.917969580579665e-07,4.265924453735352,4.265914440155029,9.78592834144365e-06,0.0,0.0,-0.0,6219.5859375,0.0,1539.0263671875,1895.4371337890625,0.0,3564.22509765625,0.906544029712677,1.0,0.0,3.0,1.0,0.0
12229200,296.9686889648437,297.1499938964844,293.1499938964844,0.0,-0.0,285.080322265625,0.9606722593307496,0.5147804617881775,0.4639745950698852,297.3070983886719,297.1499938964844,293.1499938964844,0.0,-0.0,285.08038330078125,0.980626940727234,0.5499919056892395,0.5207703709602356,297.2541809082031,297.1499938964844,293.1499938964844,0.0,-0.0,285.0800170898437,0.8599085211753845,0.3771120011806488,0.2648718357086181,297.19171142578125,297.1499938964844,293.1499938964844,0.0,-0.0,285.079833984375,0.8178646564483643,0.3209474682807922,0.3061141073703766,297.1431579589844,297.1499938964844,293.1499938964844,0.0,-0.0,285.0790100097656,0.7052937150001526,0.2027408182621002,0.924599587917328,285.0802001953125,284.95001220703125,300.95001220703125,288.9403991699219,298.4842224121094,297.2253723144531,285.0821533203125,1.0,0.5603760480880737,0.4542896449565887,0.4542896449565887,1.0,1.0,-2.978076696395874,1.0076560974121094,1.9704205989837649,0.3303001821041107,0.9023075103759766,0.9023075103759766,0.0,141.69891357421875,148.0,40902.0625,0.0,2223.04345703125,1.0,280.9418334960937,283.6122131347656,291.8781433105469,294.4447937011719,293.1499938964844,293.1499938964844,280.6499938964844,35914.4296875,36000.0,313.1499938964844,0.0,18000.0,1.0,0.0,0.0,0.0,1.0,0.9173005223274232,1.0,0.0,0.0,3.655833005905152,3.6558570861816406,8.917969580579665e-07,4.265924453735352,4.265914440155029,9.78592834144365e-06,0.0,0.0,-0.0,6219.5859375,0.0,1539.0263671875,1895.4371337890625,0.0,3564.22509765625,0.906544029712677,1.0,0.0,3.0,1.0,0.0
12229260,297.0097045898437,297.1499938964844,293.1499938964844,0.0,-0.0,284.9409484863281,0.9683063626289368,0.5167059302330017,0.4654244780540466,297.3471984863281,297.1499938964844,293.1499938964844,0.0,-0.0,284.94097900390625,0.9890352487564088,0.5561012029647827,0.5259785056114197,297.30035400390625,297.1499938964844,293.1499938964844,0.0,-0.0,284.9408874511719,0.8697639107704163,0.3831627666950226,0.2686105072498321,297.2364807128906,297.1499938964844,293.1499938964844,0.0,-0.0,284.9408569335937,0.8264382481575012,0.3260578513145447,0.3101607263088226,297.1913146972656,297.1499938964844,293.1499938964844,0.0,-0.0,284.9407958984375,0.7146750092506409,0.2075695097446441,0.9417362809181212,284.94091796875,284.95001220703125,300.9824523925781,288.9682312011719,298.523193359375,297.2670593261719,284.94158935546875,1.0,0.564376711845398,0.4535698294639587,0.4535698294639587,1.0,1.0,-3.016010999679565,1.020780324935913,1.9952306747436523,0.3346172571182251,0.9009606242179872,0.9009606242179872,0.0,139.8303985595703,151.0,42288.69921875,0.0,2280.97265625,1.0,280.6577453613281,283.4229736328125,292.00933837890625,294.7202453613281,293.1499938964844,293.1499938964844,280.3500061035156,36005.47265625,36000.0,313.1499938964844,0.0,18000.0,1.0,0.0,0.0,0.0,1.0,0.929860293865204,1.0,0.0,0.0,3.656168222427368,3.6561923027038574,8.919604965740291e-07,4.265924453735352,4.265914440155029,9.78592834144365e-06,0.0,0.0,-0.0,6414.607421875,0.0,1540.082763671875,1895.4371337890625,0.0,3679.860595703125,0.9066584706306458,1.0,0.0,3.0,1.0,0.0
12229320,297.0097045898437,297.1499938964844,293.1499938964844,0.0,-0.0,284.9409484863281,0.9683063626289368,0.5167059302330017,0.4654244780540466,297.3471984863281,297.1499938964844,293.1499938964844,0.0,-0.0,284.94097900390625,0.9890352487564088,0.5561012029647827,0.5259785056114197,297.30035400390625,297.1499938964844,293.1499938964844,0.0,-0.0,284.9408874511719,0.8697639107704163,0.3831627666950226,0.2686105072498321,297.2364807128906,297.1499938964844,293.1499938964844,0.0,-0.0,284.9408569335937,0.8264382481575012,0.3260578513145447,0.3101607263088226,297.1913146972656,297.1499938964844,293.1499938964844,0.0,-0.0,284.9407958984375,0.7146750092506409,0.2075695097446441,0.9417362809181212,284.94091796875,284.95001220703125,300.9824523925781,288.9682312011719,298.523193359375,297.2670593261719,284.94158935546875,1.0,0.564376711845398,0.4535698294639587,0.4535698294639587,1.0,1.0,-3.016010999679565,1.020780324935913,1.9952306747436523,0.3346172571182251,0.9009606242179872,0.9009606242179872,0.0,139.8303985595703,151.0,42288.69921875,0.0,2280.97265625,1.0,280.6577453613281,283.4229736328125,292.00933837890625,294.7202453613281,293.1499938964844,293.1499938964844,280.3500061035156,36005.47265625,36000.0,313.1499938964844,0.0,18000.0,1.0,0.0,0.0,0.0,1.0,0.929860293865204,1.0,0.0,0.0,3.656168222427368,3.6561923027038574,8.919604965740291e-07,4.265924453735352,4.265914440155029,9.78592834144365e-06,0.0,0.0,-0.0,6414.607421875,0.0,1540.082763671875,1895.4371337890625,0.0,3679.860595703125,0.9066584706306458,1.0,0.0,3.0,1.0,0.0
12229380,297.01202392578125,297.1499938964844,293.1499938964844,0.0,-0.0,284.7789306640625,0.965790867805481,0.5151876211166382,0.4646747708320617,297.35113525390625,297.1499938964844,293.1499938964844,0.0,-0.0,284.7789001464844,0.9890866279602052,0.5590245127677917,0.529355525970459,297.31231689453125,297.1499938964844,293.1499938964844,0.0,-0.0,284.77899169921875,0.870783269405365,0.386304497718811,0.2712273299694061,297.2490234375,297.1499938964844,293.1499938964844,0.0,-0.0,284.7790222167969,0.8271785974502563,0.3284476697444916,0.3129929900169372,297.2099304199219,297.1499938964844,293.1499938964844,0.0,-0.0,284.7792663574219,0.7165449261665344,0.2100050151348114,0.9552522301673888,284.7789611816406,284.95001220703125,301.0068054199219,288.9964904785156,298.5359802246094,297.2746887207031,284.7786865234375,1.0,0.568989634513855,0.4528499841690063,0.4528499841690063,1.0,1.0,-3.041989088058472,1.0291763544082642,2.012812614440918,0.3374656438827514,0.89730304479599,0.89730304479599,0.0,141.88096618652344,154.0,43543.98046875,0.0,2338.619873046875,1.0,280.3581848144531,283.2110595703125,292.0597839355469,294.8739318847656,293.1499938964844,293.1499938964844,280.6499938964844,36176.1953125,36000.0,313.1499938964844,0.0,18000.0,1.0,0.0,0.0,0.0,1.0,0.9461111426353456,1.0,0.0,0.0,3.650203943252564,3.6502280235290527,8.890527851690422e-07,4.265924453735352,4.265914440155029,9.78592834144365e-06,0.0,0.0,-0.0,5844.4013671875,0.0,1534.7138671875,1895.4371337890625,0.0,3827.861572265625,0.9054331183433532,1.0,0.0,3.0,1.0,0.0
12229440,297.01202392578125,297.1499938964844,293.1499938964844,0.0,-0.0,284.7789306640625,0.965790867805481,0.5151876211166382,0.4646747708320617,297.35113525390625,297.1499938964844,293.1499938964844,0.0,-0.0,284.7789001464844,0.9890866279602052,0.5590245127677917,0.529355525970459,297.31231689453125,297.1499938964844,293.1499938964844,0.0,-0.0,284.77899169921875,0.870783269405365,0.386304497718811,0.2712273299694061,297.2490234375,297.1499938964844,293.1499938964844,0.0,-0.0,284.7790222167969,0.8271785974502563,0.3284476697444916,0.3129929900169372,297.2099304199219,297.1499938964844,293.1499938964844,0.0,-0.0,284.7792663574219,0.7165449261665344,0.2100050151348114,0.9552522301673888,284.7789611816406,284.95001220703125,301.0068054199219,288.9964904785156,298.5359802246094,297.2746887207031,284.7786865234375,1.0,0.568989634513855,0.4528499841690063,0.4528499841690063,1.0,1.0,-3.041989088058472,1.0291763544082642,2.012812614440918,0.3374656438827514,0.89730304479599,0.89730304479599,0.0,141.88096618652344,154.0,43543.98046875,0.0,2338.619873046875,1.0,280.3581848144531,283.2110595703125,292.0597839355469,294.8739318847656,293.1499938964844,293.1499938964844,280.6499938964844,36176.1953125,36000.0,313.1499938964844,0.0,18000.0,1.0,0.0,0.0,0.0,1.0,0.9461111426353456,1.0,0.0,0.0,3.650203943252564,3.6502280235290527,8.890527851690422e-07,4.265924453735352,4.265914440155029,9.78592834144365e-06,0.0,0.0,-0.0,5844.4013671875,0.0,1534.7138671875,1895.4371337890625,0.0,3827.861572265625,0.9054331183433532,1.0,0.0,3.0,1.0,0.0
12229500,297.016357421875,297.1499938964844,293.1499938964844,0.0,-0.0,284.921142578125,0.9624311327934264,0.5147338509559631,0.4639983773231506,297.35321044921875,297.1499938964844,293.1499938964844,0.0,-0.0,284.92144775390625,0.9873470067977904,0.560497522354126,0.5305938720703125,297.31744384765625,297.1499938964844,293.1499938964844,0.0,-0.0,284.9198608398437,0.8692789673805237,0.3878325819969177,0.272219181060791,297.25274658203125,297.1499938964844,293.1499938964844,0.0,-0.0,284.9189147949219,0.8256763219833374,0.3294395804405212,0.3139173090457916,297.215087890625,297.1499938964844,293.1499938964844,0.0,-0.0,284.9152526855469,0.7155405282974243,0.2108886837959289,0.9595297574996948,284.92059326171875,284.95001220703125,301.0160827636719,289.0107727050781,298.54058837890625,297.2776184082031,284.9295654296875,1.0,0.5711086392402649,0.4524900615215301,0.4524900615215301,1.0,1.0,-3.0501089096069336,1.0314908027648926,2.018618106842041,0.3379426598548889,0.89846271276474,0.89846271276474,0.0,143.65509033203125,154.0,42856.30078125,0.0,2362.724609375,1.0,280.6013488769531,283.3896789550781,291.9930114746094,294.6697082519531,293.1499938964844,293.1499938964844,280.6499938964844,36100.05859375,36000.0,313.1499938964844,0.0,18000.0,1.0,0.0,0.0,0.0,1.0,0.9401145577430724,1.0,0.0,0.0,3.648181438446045,3.648205518722534,8.880679160938598e-07,4.265924453735352,4.265914440155029,9.78592834144365e-06,0.0,0.0,-0.0,6009.44580078125,0.0,1531.8946533203125,1895.4371337890625,0.0,3773.486328125,0.90498548746109,1.0,0.0,3.0,1.0,0.0
12229560,297.0260925292969,297.1499938964844,293.1499938964844,0.0,-0.0,284.9798889160156,0.960353136062622,0.5148429870605469,0.4639596343040466,297.3591613769531,297.1499938964844,293.1499938964844,0.0,-0.0,284.9799499511719,0.9865182042121888,0.5623679757118225,0.5322544574737549,297.3254699707031,297.1499938964844,293.1499938964844,0.0,-0.0,284.97955322265625,0.8688012957572937,0.3896795511245727,0.2734532058238983,297.2582397460937,297.1499938964844,293.1499938964844,0.0,-0.0,284.9793395996094,0.8249909281730652,0.3306298553943634,0.3150151968002319,297.2206726074219,297.1499938964844,293.1499938964844,0.0,-0.0,284.9784545898437,0.7151731848716736,0.2118506878614425,0.9639395475387572,284.979736328125,284.95001220703125,301.0235290527344,289.025146484375,298.5460510253906,297.2840576171875,284.9820861816406,1.0,0.5732870101928711,0.4517535865306854,0.4517535865306854,1.0,1.0,-3.060159683227539,1.0337330102920532,2.0264267921447754,0.3378917574882507,0.8992980718612671,0.8992980718612671,0.0,145.08602905273438,157.0,42897.3515625,0.0,2388.7373046875,1.0,280.6421203613281,283.4479675292969,291.9988098144531,294.70654296875,293.1499938964844,293.1499938964844,280.95001220703125,36016.30859375,36000.0,313.1499938964844,0.0,18000.0,1.0,0.0,0.0,0.0,1.0,0.9366047978401184,1.0,0.0,0.0,3.6486661434173584,3.648689985275269,8.883038162821322e-07,4.265924453735352,4.265914440155029,9.78592834144365e-06,0.0,0.0,-0.0,5737.7451171875,0.0,1531.806884765625,1895.4371337890625,0.0,3741.528076171875,0.9050072431564332,1.0,0.0,3.0,1.0,0.0
12229620,297.0514831542969,297.1499938964844,293.1499938964844,0.0,-0.0,285.1986389160156,0.9578000903129578,0.5158389210700989,0.4646803736686706,297.3763427734375,297.1499938964844,293.1499938964844,0.0,-0.0,285.19873046875,0.9860480427742004,0.5667509436607361,0.5362197160720825,297.3453369140625,297.1499938964844,293.1499938964844,0.0,-0.0,285.1983642578125,0.8691675066947937,0.3939096629619598,0.2763096690177917,297.2719421386719,297.1499938964844,293.1499938964844,0.0,-0.0,285.1981201171875,0.8247000575065613,0.3333846628665924,0.317545473575592,297.2327575683594,297.1499938964844,293.1499938964844,0.0,-0.0,285.1972351074219,0.7153138518333435,0.2139671146869659,0.9733721017837524,285.19854736328125,284.95001220703125,301.0331115722656,289.05401611328125,298.5580749511719,297.30145263671875,285.20086669921875,1.0,0.5778547525405884,0.4502806067466736,0.4502806067466736,1.0,1.0,-3.083603620529175,1.0393418073654177,2.044261932373047,0.3382095694541931,0.9043896794319152,0.9043896794319152,0.0,147.57777404785156,160.0,42285.14453125,0.0,2445.564208984375,1.0,280.9418029785156,283.7016906738281,292.01171875,294.6617431640625,293.1499938964844,293.1499938964844,280.6499938964844,35770.2421875,36000.0,313.1499938964844,0.0,18000.0,1.0,0.0,0.0,0.0,1.0,0.9247167706489564,1.0,0.0,0.0,3.6564650535583496,3.656489133834839,8.921053336052864e-07,4.265924453735352,4.265914440155029,9.78592834144365e-06,0.0,0.0,-0.0,6361.6015625,0.0,1538.6510009765625,1895.4371337890625,0.0,3632.622314453125,0.9065893888473512,1.0,0.0,3.0,1.0,0.0
12229680,297.0514831542969,297.1499938964844,293.1499938964844,0.0,-0.0,285.1986389160156,0.9578000903129578,0.5158389210700989,0.4646803736686706,297.3763427734375,297.1499938964844,293.1499938964844,0.0,-0.0,285.19873046875,0.9860480427742004,0.5667509436607361,0.5362197160720825,297.3453369140625,297.1499938964844,293.1499938964844,0.0,-0.0,285.1983642578125,0.8691675066947937,0.3939096629619598,0.2763096690177917,297.2719421386719,297.1499938964844,293.1499938964844,0.0,-0.0,285.1981201171875,0.8247000575065613,0.3333846628665924,0.317545473575592,297.2327575683594,297.1499938964844,293.1499938964844,0.0,-0.0,285.1972351074219,0.7153138518333435,0.2139671146869659,0.9733721017837524,285.19854736328125,284.95001220703125,301.0331115722656,289.05401611328125,298.5580749511719,297.30145263671875,285.20086669921875,1.0,0.5778547525405884,0.4502806067466736,0.4502806067466736,1.0,1.0,-3.083603620529175,1.0393418073654177,2.044261932373047,0.3382095694541931,0.9043896794319152,0.9043896794319152,0.0,147.57777404785156,160.0,42285.14453125,0.0,2445.564208984375,1.0,280.9418029785156,283.7016906738281,292.01171875,294.6617431640625,293.1499938964844,293.1499938964844,280.6499938964844,35770.2421875,36000.0,313.1499938964844,0.0,18000.0,1.0,0.0,0.0,0.0,1.0,0.9247167706489564,1.0,0.0,0.0,3.6564650535583496,3.656489133834839,8.921053336052864e-07,4.265924453735352,4.265914440155029,9.78592834144365e-06,0.0,0.0,-0.0,6361.6015625,0.0,1538.6510009765625,1895.4371337890625,0.0,3632.622314453125,0.9065893888473512,1.0,0.0,3.0,1.0,0.0
12229740,297.0538024902344,297.1499938964844,293.1499938964844,0.0,-0.0,285.0405578613281,0.9525362849235536,0.5148566961288452,0.4645363688468933,297.3764038085937,297.1499938964844,293.1499938964844,0.0,-0.0,285.04052734375,0.9835922122001648,0.5696520209312439,0.5395689010620117,297.3507995605469,297.1499938964844,293.1499938964844,0.0,-0.0,285.0406799316406,0.8674247860908508,0.3969607055187225,0.2788194715976715,297.2746276855469,297.1499938964844,293.1499938964844,0.0,-0.0,285.040771484375,0.8225939273834229,0.335220068693161,0.3197203576564789,297.2364501953125,297.1499938964844,293.1499938964844,0.0,-0.0,285.0411071777344,0.7137476801872253,0.2154050171375274,0.9815358519554138,285.0406188964844,284.95001220703125,301.0360412597656,289.0830078125,298.5576477050781,297.3039855957031,285.0398864746094,1.0,0.5823445320129395,0.4488076269626617,0.4488076269626617,1.0,1.0,-3.1029179096221924,1.043280839920044,2.0596370697021484,0.3380203247070312,0.9042977094650269,0.9042977094650269,0.0,150.98846435546875,163.0,43439.86328125,0.0,2500.14892578125,1.0,280.6577453613281,283.494873046875,292.1312255859375,294.923095703125,293.1499938964844,293.1499938964844,280.3500061035156,35858.30078125,36000.0,313.1499938964844,0.0,18000.0,1.0,0.0,0.0,0.0,1.0,0.938806653022766,1.0,0.0,0.0,3.662474393844605,3.662498712539673,8.950401024776511e-07,4.265924453735352,4.265914440155029,9.78592834144365e-06,0.0,0.0,-0.0,6541.5,0.0,1546.0274658203125,1895.4371337890625,0.0,3761.588134765625,0.9079651832580566,1.0,0.0,3.0,1.0,0.0
12229800,297.0538024902344,297.1499938964844,293.1499938964844,0.0,-0.0,285.0405578613281,0.9525362849235536,0.5148566961288452,0.4645363688468933,297.3764038085937,297.1499938964844,293.1499938964844,0.0,-0.0,285.04052734375,0.9835922122001648,0.5696520209312439,0.5395689010620117,297.3507995605469,297.1499938964844,293.1499938964844,0.0,-0.0,285.0406799316406,0.8674247860908508,0.3969607055187225,0.2788194715976715,297.2746276855469,297.1499938964844,293.1499938964844,0.0,-0.0,285.040771484375,0.8225939273834229,0.335220068693161,0.3197203576564789,297.2364501953125,297.1499938964844,293.1499938964844,0.0,-0.0,285.0411071777344,0.7137476801872253,0.2154050171375274,0.9815358519554138,285.0406188964844,284.95001220703125,301.0360412597656,289.0830078125,298.5576477050781,297.3039855957031,285.0398864746094,1.0,0.5823445320129395,0.4488076269626617,0.4488076269626617,1.0,1.0,-3.1029179096221924,1.043280839920044,2.0596370697021484,0.3380203247070312,0.9042977094650269,0.9042977094650269,0.0,150.98846435546875,163.0,43439.86328125,0.0,2500.14892578125,1.0,280.6577453613281,283.494873046875,292.1312255859375,294.923095703125,293.1499938964844,293.1499938964844,280.3500061035156,35858.30078125,36000.0,313.1499938964844,0.0,18000.0,1.0,0.0,0.0,0.0,1.0,0.938806653022766,1.0,0.0,0.0,3.662474393844605,3.662498712539673,8.950401024776511e-07,4.265924453735352,4.265914440155029,9.78592834144365e-06,0.0,0.0,-0.0,6541.5,0.0,1546.0274658203125,1895.4371337890625,0.0,3761.588134765625,0.9079651832580566,1.0,0.0,3.0,1.0,0.0
12229860,297.0393371582031,297.1499938964844,293.1499938964844,0.0,-0.0,284.8581237792969,0.9426050186157228,0.512184739112854,0.4625958800315857,297.3608703613281,297.1499938964844,293.1499938964844,0.0,-0.0,284.8580627441406,0.977551281452179,0.5709562301635742,0.5412642955780029,297.3431701660156,297.1499938964844,293.1499938964844,0.0,-0.0,284.8582763671875,0.8621139526367188,0.3987411260604858,0.2803582847118377,297.26568603515625,297.1499938964844,293.1499938964844,0.0,-0.0,284.8583679199219,0.8172666430473328,0.3359007835388183,0.3207642138004303,297.23004150390625,297.1499938964844,293.1499938964844,0.0,-0.0,284.8587951660156,0.7089164853096008,0.215858519077301,0.985373079776764,284.8581848144531,284.95001220703125,301.03277587890625,289.11199951171875,298.5453796386719,297.2921142578125,284.857177734375,1.0,0.5859680771827698,0.4475190043449402,0.4475190043449402,1.0,1.0,-3.110351800918579,1.0430530309677124,2.067298889160156,0.3362618088722229,0.9015341997146606,0.9015341997146606,0.0,155.6395721435547,166.0,44522.97265625,0.0,2539.046875,1.0,280.358154296875,283.2668762207031,292.16912841796875,295.0491027832031,293.1499938964844,293.1499938964844,280.04998779296875,36043.80859375,36000.0,313.1499938964844,0.0,18000.0,1.0,0.0,0.0,0.0,1.0,0.9536036849021912,1.0,0.0,0.0,3.661447763442993,3.6614718437194815,8.945384024627856e-07,4.265924453735352,4.265914440155029,9.78592834144365e-06,0.0,0.0,-0.0,6673.11083984375,0.0,1546.2708740234375,1895.4371337890625,0.0,3895.3681640625,0.9078546762466432,1.0,0.0,3.0,1.0,0.0
12229920,297.0393371582031,297.1499938964844,293.1499938964844,0.0,-0.0,284.8581237792969,0.9426050186157228,0.512184739112854,0.4625958800315857,297.3608703613281,297.1499938964844,293.1499938964844,0.0,-0.0,284.8580627441406,0.977551281452179,0.5709562301635742,0.5412642955780029,297.3431701660156,297.1499938964844,293.1499938964844,0.0,-0.0,284.8582763671875,0.8621139526367188,0.3987411260604858,0.2803582847118377,297.26568603515625,297.1499938964844,293.1499938964844,0.0,-0.0,284.8583679199219,0.8172666430473328,0.3359007835388183,0.3207642138004303,297.23004150390625,297.1499938964844,293.1499938964844,0.0,-0.0,284.8587951660156,0.7089164853096008,0.215858519077301,0.985373079776764,284.8581848144531,284.95001220703125,301.03277587890625,289.11199951171875,298.5453796386719,297.2921142578125,284.857177734375,1.0,0.5859680771827698,0.4475190043449402,0.4475190043449402,1.0,1.0,-3.110351800918579,1.0430530309677124,2.067298889160156,0.3362618088722229,0.9015341997146606,0.9015341997146606,0.0,155.6395721435547,166.0,44522.97265625,0.0,2539.046875,1.0,280.358154296875,283.2668762207031,292.16912841796875,295.0491027832031,293.1499938964844,293.1499938964844,280.04998779296875,36043.80859375,36000.0,313.1499938964844,0.0,18000.0,1.0,0.0,0.0,0.0,1.0,0.9536036849021912,1.0,0.0,0.0,3.661447763442993,3.6614718437194815,8.945384024627856e-07,4.265924453735352,4.265914440155029,9.78592834144365e-06,0.0,0.0,-0.0,6673.11083984375,0.0,1546.2708740234375,1895.4371337890625,0.0,3895.3681640625,0.9078546762466432,1.0,0.0,3.0,1.0,0.0
12229980,297.020751953125,297.1499938964844,293.1499938964844,0.0,-0.0,284.6788024902344,0.931622326374054,0.5089027881622314,0.4599549472332001,297.3397521972656,297.1499938964844,293.1499938964844,0.0,-0.0,284.6787414550781,0.9704554677009584,0.5714923143386841,0.5421019792556763,297.33087158203125,297.1499938964844,293.1499938964844,0.0,-0.0,284.6789245605469,0.8561893701553345,0.3999436199665069,0.2814111411571502,297.251708984375,297.1499938964844,293.1499938964844,0.0,-0.0,284.6790466308594,0.8111017942428589,0.3359538614749908,0.3211250007152557,297.2184143066406,297.1499938964844,293.1499938964844,0.0,-0.0,284.67950439453125,0.7029718160629272,0.2156984508037567,0.9861354231834412,284.6788635253906,284.95001220703125,301.0238037109375,289.140869140625,298.52734375,297.2749328613281,284.67779541015625,1.0,0.5887206196784973,0.4462303817272186,0.4462303817272186,1.0,1.0,-3.1108055114746094,1.0401575565338137,2.070648193359375,0.3333392143249511,0.8964163661003113,0.8964163661003113,0.0,160.36358642578125,169.0,45618.6171875,0.0,2565.006103515625,1.0,280.0581970214844,283.046142578125,292.1871643066406,295.1391906738281,293.1499938964844,293.1499938964844,280.3500061035156,36271.94140625,36000.0,313.1499938964844,0.0,18000.0,1.0,0.0,0.0,0.0,1.0,0.9654654264450072,1.0,0.0,0.0,3.651986837387085,3.652010917663574,8.89921466296073e-07,4.265924453735352,4.265914440155029,9.78592834144365e-06,0.0,0.0,-0.0,6054.09423828125,0.0,1537.4158935546875,1895.4371337890625,0.0,4001.15283203125,0.9058912992477416,1.0,0.0,3.0,1.0,0.0
12230040,297.020751953125,297.1499938964844,293.1499938964844,0.0,-0.0,284.6788024902344,0.931622326374054,0.5089027881622314,0.4599549472332001,297.3397521972656,297.1499938964844,293.1499938964844,0.0,-0.0,284.6787414550781,0.9704554677009584,0.5714923143386841,0.5421019792556763,297.33087158203125,297.1499938964844,293.1499938964844,0.0,-0.0,284.6789245605469,0.8561893701553345,0.3999436199665069,0.2814111411571502,297.251708984375,297.1499938964844,293.1499938964844,0.0,-0.0,284.6790466308594,0.8111017942428589,0.3359538614749908,0.3211250007152557,297.2184143066406,297.1499938964844,293.1499938964844,0.0,-0.0,284.67950439453125,0.7029718160629272,0.2156984508037567,0.9861354231834412,284.6788635253906,284.95001220703125,301.0238037109375,289.140869140625,298.52734375,297.2749328613281,284.67779541015625,1.0,0.5887206196784973,0.4462303817272186,0.4462303817272186,1.0,1.0,-3.1108055114746094,1.0401575565338137,2.070648193359375,0.3333392143249511,0.8964163661003113,0.8964163661003113,0.0,160.36358642578125,169.0,45618.6171875,0.0,2565.006103515625,1.0,280.0581970214844,283.046142578125,292.1871643066406,295.1391906738281,293.1499938964844,293.1499938964844,280.3500061035156,36271.94140625,36000.0,313.1499938964844,0.0,18000.0,1.0,0.0,0.0,0.0,1.0,0.9654654264450072,1.0,0.0,0.0,3.651986837387085,3.652010917663574,8.89921466296073e-07,4.265924453735352,4.265914440155029,9.78592834144365e-06,0.0,0.0,-0.0,6054.09423828125,0.0,1537.4158935546875,1895.4371337890625,0.0,4001.15283203125,0.9058912992477416,1.0,0.0,3.0,1.0,0.0
12230100,297.0195007324219,297.1499938964844,293.1499938964844,0.0,-0.0,284.80596923828125,0.9269739389419556,0.5079526901245117,0.4587841033935547,297.3348999023437,297.1499938964844,293.1499938964844,0.0,-0.0,284.80633544921875,0.96744704246521,0.5722113251686096,0.5425490140914917,297.3293762207031,297.1499938964844,293.1499938964844,0.0,-0.0,284.8050231933594,0.8538727760314941,0.4009397327899933,0.2819687724113464,297.2478942871094,297.1499938964844,293.1499938964844,0.0,-0.0,284.8041687011719,0.8084773421287537,0.3362210690975189,0.3212743103504181,297.2143859863281,297.1499938964844,293.1499938964844,0.0,-0.0,284.801025390625,0.7004166841506958,0.2157335579395294,0.9861350655555724,284.8056030273437,284.95001220703125,301.017333984375,289.1551818847656,298.5207214355469,297.2709045410156,284.8133239746094,1.0,0.5898904204368591,0.445586085319519,0.445586085319519,1.0,1.0,-3.110778570175171,1.038616180419922,2.072162389755249,0.331738144159317,0.8966640830039978,0.8966640830039978,0.0,162.386474609375,169.0,44686.93359375,0.0,2575.704345703125,1.0,280.3013610839844,283.21142578125,292.12042236328125,294.9193725585937,293.1499938964844,293.1499938964844,280.3500061035156,36222.80078125,36000.0,313.1499938964844,0.0,18000.0,1.0,0.0,0.0,0.0,1.0,0.9577434659004213,1.0,0.0,0.0,3.647525787353516,3.647549867630005,8.877487402969564e-07,4.265924453735352,4.265914440155029,9.78592834144365e-06,0.0,0.0,-0.0,6208.431640625,0.0,1532.0836181640625,1895.4371337890625,0.0,3932.445556640625,0.9049158692359924,1.0,0.0,3.0,1.0,0.0
12230160,297.02496337890625,297.1499938964844,293.1499938964844,0.0,-0.0,284.85626220703125,0.9244391918182372,0.5076619386672974,0.4583493769168854,297.3358764648437,297.1499938964844,293.1499938964844,0.0,-0.0,284.8563537597656,0.9660996198654176,0.5734776258468628,0.5435804724693298,297.3327331542969,297.1499938964844,293.1499938964844,0.0,-0.0,284.8560485839844,0.8530924320220947,0.402403712272644,0.2828908562660217,297.248046875,297.1499938964844,293.1499938964844,0.0,-0.0,284.8558654785156,0.8072555065155029,0.3368540108203888,0.3217766284942627,297.2133178710937,297.1499938964844,293.1499938964844,0.0,-0.0,284.8551940917969,0.6991786956787109,0.216037318110466,0.9872097373008728,284.856201171875,284.95001220703125,301.0096130371094,289.16943359375,298.5180053710937,297.2723693847656,284.85797119140625,1.0,0.5911785960197449,0.4451197385787964,0.4451197385787964,1.0,1.0,-3.1144936084747314,1.0388942956924438,2.075599431991577,0.3311171233654022,0.8965849280357361,0.8965849280357361,0.0,163.75143432617188,172.0,44610.73828125,0.0,2590.166015625,1.0,280.3422546386719,283.263671875,292.1258239746094,294.9449157714844,293.1499938964844,293.1499938964844,280.6499938964844,36161.7890625,36000.0,313.1499938964844,0.0,18000.0,1.0,0.0,0.0,0.0,1.0,0.9525002837181092,1.0,0.0,0.0,3.645127058029175,3.645151138305664,8.865814606906497e-07,4.265924453735352,4.265914440155029,9.78592834144365e-06,0.0,0.0,-0.0,5915.9609375,0.0,1528.962890625,1895.4371337890625,0.0,3885.45849609375,0.9043115973472596,1.0,0.0,3.0,1.0,0.0
12230220,297.0446472167969,297.1499938964844,293.1499938964844,0.0,-0.0,285.0600891113281,0.9221050143241882,0.5080631971359253,0.4584789276123047,297.3468933105469,297.1499938964844,293.1499938964844,0.0,-0.0,285.0601806640625,0.9656915068626404,0.5769375562667847,0.5465925335884094,297.3468933105469,297.1499938964844,293.1499938964844,0.0,-0.0,285.0598449707031,0.8536035418510437,0.406143307685852,0.2853428423404693,297.2552185058594,297.1499938964844,293.1499938964844,0.0,-0.0,285.0596008300781,0.8068282604217529,0.3388135433197021,0.3234589993953705,297.2171630859375,297.1499938964844,293.1499938964844,0.0,-0.0,285.05877685546875,0.698670506477356,0.217220589518547,0.9918956756591796,285.0599975585937,284.95001220703125,300.9906921386719,289.1976318359375,298.5175476074219,297.2838134765625,285.0620422363281,1.0,0.594206690788269,0.4441870450973511,0.4441870450973511,1.0,1.0,-3.1288657188415527,1.0421229600906372,2.086742639541626,0.3310754895210266,0.8997051119804382,0.8997051119804382,0.0,165.71104431152344,175.0,43747.65625,0.0,2628.66015625,1.0,280.6417236328125,283.5053100585937,292.1408386230469,294.88446044921875,293.1499938964844,293.1499938964844,280.95001220703125,35947.25,36000.0,313.1499938964844,0.0,18000.0,1.0,0.0,0.0,0.0,1.0,0.9377761483192444,1.0,0.0,0.0,3.646359205245972,3.646383285522461,8.871809313859558e-07,4.265924453735352,4.265914440155029,9.78592834144365e-06,0.0,0.0,-0.0,5832.3642578125,0.0,1528.7275390625,1895.4371337890625,0.0,3752.204345703125,0.9044475555419922,1.0,0.0,3.0,1.0,0.0
12230280,297.0446472167969,297.1499938964844,293.1499938964844,0.0,-0.0,285.0600891113281,0.9221050143241882,0.5080631971359253,0.4584789276123047,297.3468933105469,297.1499938964844,293.1499938964844,0.0,-0.0,285.0601806640625,0.9656915068626404,0.5769375562667847,0.5465925335884094,297.3468933105469,297.1499938964844,293.1499938964844,0.0,-0.0,285.0598449707031,0.8536035418510437,0.406143307685852,0.2853428423404693,297.2552185058594,297.1499938964844,293.1499938964844,0.0,-0.0,285.0596008300781,0.8068282604217529,0.3388135433197021,0.3234589993953705,297.2171630859375,297.1499938964844,293.1499938964844,0.0,-0.0,285.05877685546875,0.698670506477356,0.217220589518547,0.9918956756591796,285.0599975585937,284.95001220703125,300.9906921386719,289.1976318359375,298.5175476074219,297.2838134765625,285.0620422363281,1.0,0.594206690788269,0.4441870450973511,0.4441870450973511,1.0,1.0,-3.1288657188415527,1.0421229600906372,2.086742639541626,0.3310754895210266,0.8997051119804382,0.8997051119804382,0.0,165.71104431152344,175.0,43747.65625,0.0,2628.66015625,1.0,280.6417236328125,283.5053100585937,292.1408386230469,294.88446044921875,293.1499938964844,293.1499938964844,280.95001220703125,35947.25,36000.0,313.1499938964844,0.0,18000.0,1.0,0.0,0.0,0.0,1.0,0.9377761483192444,1.0,0.0,0.0,3.646359205245972,3.646383285522461,8.871809313859558e-07,4.265924453735352,4.265914440155029,9.78592834144365e-06,0.0,0.0,-0.0,5832.3642578125,0.0,1528.7275390625,1895.4371337890625,0.0,3752.204345703125,0.9044475555419922,1.0,0.0,3.0,1.0,0.0
12230340,297.0692749023437,297.1499938964844,293.1499938964844,0.0,-0.0,285.27264404296875,0.9214191436767578,0.5092211961746216,0.4593943357467651,297.36395263671875,297.1499938964844,293.1499938964844,0.0,-0.0,285.27276611328125,0.9666820764541626,0.5811542868614197,0.5504181981086731,297.3660583496094,297.1499938964844,293.1499938964844,0.0,-0.0,285.2724304199219,0.8554173707962036,0.4105757176876068,0.2883356511592865,297.267578125,297.1499938964844,293.1499938964844,0.0,-0.0,285.272216796875,0.8077155947685242,0.3413954079151153,0.3257896304130554,297.22607421875,297.1499938964844,293.1499938964844,0.0,-0.0,285.2714233398437,0.6995450258255005,0.2189710140228271,0.999302327632904,285.2725830078125,284.95001220703125,300.9674987792969,289.22528076171875,298.5201416015625,297.3014221191406,285.274658203125,1.0,0.5979132056236267,0.4432543218135834,0.4432543218135834,1.0,1.0,-3.149864912033081,1.0478296279907229,2.1020352840423584,0.33209428191185,0.9057437777519226,0.9057437777519226,0.0,167.3753662109375,178.0,43082.84375,0.0,2679.024169921875,1.0,280.9418029785156,283.7533874511719,292.1805419921875,294.876953125,293.1499938964844,293.1499938964844,280.6499938964844,35685.08984375,36000.0,313.1499938964844,0.0,18000.0,1.0,0.0,0.0,0.0,1.0,0.9260238409042358,1.0,0.0,0.0,3.657356977462769,3.657380819320679,8.925405836635036e-07,4.265924453735352,4.265914440155029,9.78592834144365e-06,0.0,0.0,-0.0,6468.39208984375,0.0,1539.0078125,1895.4371337890625,0.0,3644.642822265625,0.906731367111206,1.0,0.0,3.0,1.0,0.0
12230400,297.0692749023437,297.1499938964844,293.1499938964844,0.0,-0.0,285.27264404296875,0.9214191436767578,0.5092211961746216,0.4593943357467651,297.36395263671875,297.1499938964844,293.1499938964844,0.0,-0.0,285.27276611328125,0.9666820764541626,0.5811542868614197,0.5504181981086731,297.3660583496094,297.1499938964844,293.1499938964844,0.0,-0.0,285.2724304199219,0.8554173707962036,0.4105757176876068,0.2883356511592865,297.267578125,297.1499938964844,293.1499938964844,0.0,-0.0,285.272216796875,0.8077155947685242,0.3413954079151153,0.3257896304130554,297.22607421875,297.1499938964844,293.1499938964844,0.0,-0.0,285.2714233398437,0.6995450258255005,0.2189710140228271,0.999302327632904,285.2725830078125,284.95001220703125,300.9674987792969,289.22528076171875,298.5201416015625,297.3014221191406,285.274658203125,1.0,0.5979132056236267,0.4432543218135834,0.4432543218135834,1.0,1.0,-3.149864912033081,1.0478296279907229,2.1020352840423584,0.33209428191185,0.9057437777519226,0.9057437777519226,0.0,167.3753662109375,178.0,43082.84375,0.0,2679.024169921875,1.0,280.9418029785156,283.7533874511719,292.1805419921875,294.876953125,293.1499938964844,293.1499938964844,280.6499938964844,35685.08984375,36000.0,313.1499938964844,0.0,18000.0,1.0,0.0,0.0,0.0,1.0,0.9260238409042358,1.0,0.0,0.0,3.657356977462769,3.657380819320679,8.925405836635036e-07,4.265924453735352,4.265914440155029,9.78592834144365e-06,0.0,0.0,-0.0,6468.39208984375,0.0,1539.0078125,1895.4371337890625,0.0,3644.642822265625,0.906731367111206,1.0,0.0,3.0,1.0,0.0
12230460,297.07012939453125,297.1499938964844,293.1499938964844,0.0,-0.0,285.1108703613281,0.91762512922287,0.508313775062561,0.4593073427677154,297.3626708984375,297.1499938964844,293.1499938964844,0.0,-0.0,285.1108093261719,0.9650899767875672,0.583763062953949,0.5535004734992981,297.3701477050781,297.1499938964844,293.1499938964844,0.0,-0.0,285.1109619140625,0.8549864888191223,0.4137496948242187,0.2909282743930816,297.2690124511719,297.1499938964844,293.1499938964844,0.0,-0.0,285.111083984375,0.8065163493156433,0.3430468440055847,0.3277786374092102,297.2280578613281,297.1499938964844,293.1499938964844,0.0,-0.0,285.1114501953125,0.6986300945281982,0.2201470732688903,1.0061277151107788,285.11090087890625,284.95001220703125,300.9405517578125,289.2522888183594,298.5096130371094,297.3029479980469,285.1100158691406,1.0,0.6017801761627197,0.4420129954814911,0.4420129954814911,1.0,1.0,-3.1671957969665527,1.0513625144958496,2.115833282470703,0.3320023715496063,0.9065614342689514,0.9065614342689514,0.0,170.28756713867188,181.0,44220.296875,0.0,2729.34765625,1.0,280.6577453613281,283.5426025390625,292.3016662597656,295.1436462402344,293.1499938964844,293.1499938964844,280.3500061035156,35765.20703125,36000.0,313.1499938964844,0.0,18000.0,1.0,0.0,0.0,0.0,1.0,0.9405044913291932,1.0,0.0,0.0,3.6668198108673096,3.666843891143799,8.971651936917624e-07,4.265924453735352,4.265914440155029,9.78592834144365e-06,0.0,0.0,-0.0,6649.439453125,0.0,1550.1971435546875,1895.4371337890625,0.0,3777.031005859375,0.9088744521141052,1.0,0.0,3.0,1.0,0.0
12230520,297.07012939453125,297.1499938964844,293.1499938964844,0.0,-0.0,285.1108703613281,0.91762512922287,0.508313775062561,0.4593073427677154,297.3626708984375,297.1499938964844,293.1499938964844,0.0,-0.0,285.1108093261719,0.9650899767875672,0.583763062953949,0.5535004734992981,297.3701477050781,297.1499938964844,293.1499938964844,0.0,-0.0,285.1109619140625,0.8549864888191223,0.4137496948242187,0.2909282743930816,297.2690124511719,297.1499938964844,293.1499938964844,0.0,-0.0,285.111083984375,0.8065163493156433,0.3430468440055847,0.3277786374092102,297.2280578613281,297.1499938964844,293.1499938964844,0.0,-0.0,285.1114501953125,0.6986300945281982,0.2201470732688903,1.0061277151107788,285.11090087890625,284.95001220703125,300.9405517578125,289.2522888183594,298.5096130371094,297.3029479980469,285.1100158691406,1.0,0.6017801761627197,0.4420129954814911,0.4420129954814911,1.0,1.0,-3.1671957969665527,1.0513625144958496,2.115833282470703,0.3320023715496063,0.9065614342689514,0.9065614342689514,0.0,170.28756713867188,181.0,44220.296875,0.0,2729.34765625,1.0,280.6577453613281,283.5426025390625,292.3016662597656,295.1436462402344,293.1499938964844,293.1499938964844,280.3500061035156,35765.20703125,36000.0,313.1499938964844,0.0,18000.0,1.0,0.0,0.0,0.0,1.0,0.9405044913291932,1.0,0.0,0.0,3.6668198108673096,3.666843891143799,8.971651936917624e-07,4.265924453735352,4.265914440155029,9.78592834144365e-06,0.0,0.0,-0.0,6649.439453125,0.0,1550.1971435546875,1895.4371337890625,0.0,3777.031005859375,0.9088744521141052,1.0,0.0,3.0,1.0,0.0
12230580,297.0548400878906,297.1499938964844,293.1499938964844,0.0,-0.0,284.9326477050781,0.9096830487251282,0.5057647228240967,0.4574524164199829,297.345947265625,297.1499938964844,293.1499938964844,0.0,-0.0,284.9325866699219,0.9596453905105592,0.5847712159156799,0.5549022555351257,297.361572265625,297.1499938964844,293.1499938964844,0.0,-0.0,284.9327392578125,0.8512725830078125,0.415678322315216,0.2925534248352051,297.2591247558594,297.1499938964844,293.1499938964844,0.0,-0.0,284.9328918457031,0.8020259141921997,0.3435617089271545,0.3286484777927398,297.22076416015625,297.1499938964844,293.1499938964844,0.0,-0.0,284.933349609375,0.6946268677711487,0.2204052060842514,1.008965015411377,284.93267822265625,284.95001220703125,300.9102783203125,289.27850341796875,298.4877319335937,297.2899780273437,284.9316101074219,1.0,0.6049346923828125,0.4407716989517212,0.4407716989517212,1.0,1.0,-3.17307186126709,1.050519943237305,2.122551918029785,0.3300220966339111,0.9048371911048888,0.9048371911048888,0.0,174.60794067382812,184.0,45424.453125,0.0,2764.578857421875,1.0,280.35809326171875,283.3192138671875,292.3380126953125,295.27490234375,293.1499938964844,293.1499938964844,280.04998779296875,35938.203125,36000.0,313.1499938964844,0.0,18000.0,1.0,0.0,0.0,0.0,1.0,0.9557110071182252,1.0,0.0,0.0,3.669699668884277,3.669723749160767,8.985749673229293e-07,4.265924453735352,4.265914440155029,9.78592834144365e-06,0.0,0.0,-0.0,6792.79248046875,0.0,1554.7310791015625,1895.4371337890625,0.0,3914.262451171875,0.9096293449401855,1.0,0.0,3.0,1.0,0.0
12230640,297.0548400878906,297.1499938964844,293.1499938964844,0.0,-0.0,284.9326477050781,0.9096830487251282,0.5057647228240967,0.4574524164199829,297.345947265625,297.1499938964844,293.1499938964844,0.0,-0.0,284.9325866699219,0.9596453905105592,0.5847712159156799,0.5549022555351257,297.361572265625,297.1499938964844,293.1499938964844,0.0,-0.0,284.9327392578125,0.8512725830078125,0.415678322315216,0.2925534248352051,297.2591247558594,297.1499938964844,293.1499938964844,0.0,-0.0,284.9328918457031,0.8020259141921997,0.3435617089271545,0.3286484777927398,297.22076416015625,297.1499938964844,293.1499938964844,0.0,-0.0,284.933349609375,0.6946268677711487,0.2204052060842514,1.008965015411377,284.93267822265625,284.95001220703125,300.9102783203125,289.27850341796875,298.4877319335937,297.2899780273437,284.9316101074219,1.0,0.6049346923828125,0.4407716989517212,0.4407716989517212,1.0,1.0,-3.17307186126709,1.050519943237305,2.122551918029785,0.3300220966339111,0.9048371911048888,0.9048371911048888,0.0,174.60794067382812,184.0,45424.453125,0.0,2764.578857421875,1.0,280.35809326171875,283.3192138671875,292.3380126953125,295.27490234375,293.1499938964844,293.1499938964844,280.04998779296875,35938.203125,36000.0,313.1499938964844,0.0,18000.0,1.0,0.0,0.0,0.0,1.0,0.9557110071182252,1.0,0.0,0.0,3.669699668884277,3.669723749160767,8.985749673229293e-07,4.265924453735352,4.265914440155029,9.78592834144365e-06,0.0,0.0,-0.0,6792.79248046875,0.0,1554.7310791015625,1895.4371337890625,0.0,3914.262451171875,0.9096293449401855,1.0,0.0,3.0,1.0,0.0
12230700,297.04547119140625,297.1499938964844,293.1499938964844,0.0,-0.0,284.7955322265625,0.905579686164856,0.5042436718940735,0.4562957286834717,297.33526611328125,297.1499938964844,293.1499938964844,0.0,-0.0,284.7950744628906,0.9565234780311584,0.584967851638794,0.5552994608879089,297.3554382324219,297.1499938964844,293.1499938964844,0.0,-0.0,284.7962646484375,0.8491542339324951,0.4164163172245025,0.2932007610797882,297.252197265625,297.1499938964844,293.1499938964844,0.0,-0.0,284.79718017578125,0.7994565367698669,0.3435738086700439,0.3288390636444092,297.2151794433594,297.1499938964844,293.1499938964844,0.0,-0.0,284.8002014160156,0.6922587156295776,0.2203077971935272,1.0093168020248413,284.7958068847656,284.95001220703125,300.8940734863281,289.2912902832031,298.4749755859375,297.281494140625,284.7883605957031,1.0,0.6062324047088623,0.440151035785675,0.440151035785675,1.0,1.0,-3.173592567443848,1.049183368682861,2.1244089603424072,0.3286278545856476,0.9024804830551147,0.9024804830551147,0.0,176.82461547851562,184.0,46415.66015625,0.0,2777.64306640625,1.0,280.10076904296875,283.142822265625,292.3685913085937,295.4205627441406,293.1499938964844,293.1499938964844,280.04998779296875,36059.27734375,36000.0,313.1499938964844,0.0,18000.0,1.0,0.0,0.0,0.0,1.0,0.964357614517212,1.0,0.0,0.0,3.6682825088500977,3.668306589126587,8.978811365523143e-07,4.265924453735352,4.265914440155029,9.78592834144365e-06,0.0,0.0,-0.0,6596.41650390625,0.0,1554.0496826171875,1895.4371337890625,0.0,3991.33349609375,0.9093591570854188,1.0,0.0,3.0,1.0,0.0
12230760,297.0352478027344,297.1499938964844,293.1499938964844,0.0,-0.0,284.75018310546875,0.9013464450836182,0.5025784373283386,0.4549013376235962,297.323486328125,297.1499938964844,293.1499938964844,0.0,-0.0,284.7501220703125,0.9530303478240968,0.5849824547767639,0.5554398894309998,297.3483581542969,297.1499938964844,293.1499938964844,0.0,-0.0,284.75030517578125,0.8467873930931091,0.4170217216014862,0.2937033772468567,297.2442321777344,297.1499938964844,293.1499938964844,0.0,-0.0,284.7504577636719,0.7966079115867615,0.3434405028820038,0.3288440108299255,297.2086181640625,297.1499938964844,293.1499938964844,0.0,-0.0,284.7509155273437,0.6895968914031982,0.2200738787651062,1.0089199542999268,284.750244140625,284.95001220703125,300.8772277832031,289.3038330078125,298.46124267578125,297.271728515625,284.74908447265625,1.0,0.6073256731033325,0.4395864605903625,0.4395864605903625,1.0,1.0,-3.1722207069396973,1.04726243019104,2.124958276748657,0.3270653784275055,0.9006497263908386,0.9006497263908386,0.0,179.1150360107422,187.0,46521.99609375,0.0,2787.2666015625,1.0,280.0579833984375,283.09490966796875,292.3519592285156,295.36236572265625,293.1499938964844,293.1499938964844,279.75,36160.578125,36000.0,313.1499938964844,0.0,18000.0,1.0,0.0,0.0,0.0,1.0,0.9679323434829712,1.0,0.0,0.0,3.6643807888031006,3.664405107498169,8.959721071732929e-07,4.265924453735352,4.265914440155029,9.78592834144365e-06,0.0,0.0,-0.0,6924.46142578125,0.0,1550.4329833984375,1895.4371337890625,0.0,4022.971923828125,0.9085867404937744,1.0,0.0,3.0,1.0,0.0
12230820,297.0147705078125,297.1499938964844,293.1499938964844,0.0,-0.0,284.5673828125,0.8933773636817932,0.4990490674972534,0.4519946873188019,297.29901123046875,297.1499938964844,293.1499938964844,0.0,-0.0,284.5672912597656,0.9462315440177916,0.5847023725509644,0.5554606914520264,297.33349609375,297.1499938964844,293.1499938964844,0.0,-0.0,284.5674743652344,0.8423722386360168,0.4180318117141723,0.2945865988731384,297.2273864746094,297.1499938964844,293.1499938964844,0.0,-0.0,284.567626953125,0.7911276817321777,0.34292733669281,0.3286219239234924,297.1942749023437,297.1499938964844,293.1499938964844,0.0,-0.0,284.568115234375,0.6843659281730652,0.2193651497364044,1.0069708824157717,284.5674133300781,284.95001220703125,300.841796875,289.32818603515625,298.4327697753906,297.251708984375,284.5662536621094,1.0,0.6090744733810425,0.4384573101997375,0.4384573101997375,1.0,1.0,-3.167206048965454,1.0425840616226196,2.124622106552124,0.3235836923122406,0.8940184116363525,0.8940184116363525,0.0,183.41726684570312,190.0,47526.82421875,0.0,2800.364013671875,1.0,279.7581787109375,282.87310791015625,292.36505126953125,295.4391784667969,293.1499938964844,293.1499938964844,280.04998779296875,36417.8984375,36000.0,313.1499938964844,0.0,18000.0,1.0,0.0,0.0,0.0,1.0,0.9777148962020874,1.0,0.0,0.0,3.649528741836548,3.649552822113037,8.887238891475135e-07,4.265924453735352,4.265914440155029,9.78592834144365e-06,0.0,0.0,-0.0,6270.50341796875,0.0,1535.7706298828125,1895.4371337890625,0.0,4108.82861328125,0.9054398536682128,1.0,0.0,3.0,1.0,0.0
12230880,297.0147705078125,297.1499938964844,293.1499938964844,0.0,-0.0,284.5673828125,0.8933773636817932,0.4990490674972534,0.4519946873188019,297.29901123046875,297.1499938964844,293.1499938964844,0.0,-0.0,284.5672912597656,0.9462315440177916,0.5847023725509644,0.5554606914520264,297.33349609375,297.1499938964844,293.1499938964844,0.0,-0.0,284.5674743652344,0.8423722386360168,0.4180318117141723,0.2945865988731384,297.2273864746094,297.1499938964844,293.1499938964844,0.0,-0.0,284.567626953125,0.7911276817321777,0.34292733669281,0.3286219239234924,297.1942749023437,297.1499938964844,293.1499938964844,0.0,-0.0,284.568115234375,0.6843659281730652,0.2193651497364044,1.0069708824157717,284.5674133300781,284.95001220703125,300.841796875,289.32818603515625,298.4327697753906,297.251708984375,284.5662536621094,1.0,0.6090744733810425,0.4384573101997375,0.4384573101997375,1.0,1.0,-3.167206048965454,1.0425840616226196,2.124622106552124,0.3235836923122406,0.8940184116363525,0.8940184116363525,0.0,183.41726684570312,190.0,47526.82421875,0.0,2800.364013671875,1.0,279.7581787109375,282.87310791015625,292.36505126953125,295.4391784667969,293.1499938964844,293.1499938964844,280.04998779296875,36417.8984375,36000.0,313.1499938964844,0.0,18000.0,1.0,0.0,0.0,0.0,1.0,0.9777148962020874,1.0,0.0,0.0,3.649528741836548,3.649552822113037,8.887238891475135e-07,4.265924453735352,4.265914440155029,9.78592834144365e-06,0.0,0.0,-0.0,6270.50341796875,0.0,1535.7706298828125,1895.4371337890625,0.0,4108.82861328125,0.9054398536682128,1.0,0.0,3.0,1.0,0.0
12230940,297.01776123046875,297.1499938964844,293.1499938964844,0.0,-0.0,284.7414855957031,0.8883410096168518,0.4976121783256531,0.4502025544643402,297.2936706542969,297.1499938964844,293.1499938964844,0.0,-0.0,284.7416076660156,0.9422978162765504,0.5860234498977661,0.5562756657600403,297.3346252441406,297.1499938964844,293.1499938964844,0.0,-0.0,284.7413635253906,0.8403254747390747,0.4204473197460174,0.2960058748722076,297.2225036621094,297.1499938964844,293.1499938964844,0.0,-0.0,284.7411499023437,0.7879118323326111,0.3433951735496521,0.3288299441337585,297.188232421875,297.1499938964844,293.1499938964844,0.0,-0.0,284.7405090332031,0.6811053156852722,0.2193000465631485,1.0060511827468872,284.741455078125,284.95001220703125,300.8045349121094,289.3514404296875,298.41510009765625,297.2481994628906,284.7431335449219,1.0,0.6107353568077087,0.4373281598091125,0.4373281598091125,1.0,1.0,-3.166867256164551,1.0396705865859983,2.127196788787842,0.3206126987934112,0.8926363587379456,0.8926363587379456,0.0,186.38970947265625,193.0,46426.8046875,0.0,2815.767822265625,1.0,280.0421142578125,283.0896911621094,292.3049621582031,295.2395324707031,293.1499938964844,293.1499938964844,280.3500061035156,36324.9453125,36000.0,313.1499938964844,0.0,18000.0,1.0,0.0,0.0,0.0,1.0,0.9642642736434937,1.0,0.0,0.0,3.636608600616455,3.636632442474365,8.824424639897188e-07,4.265924453735352,4.265914440155029,9.78592834144365e-06,0.0,0.0,-0.0,6119.99609375,0.0,1520.7431640625,1895.4371337890625,0.0,3990.505615234375,0.9025198221206664,1.0,0.0,3.0,1.0,0.0
12231000,297.01776123046875,297.1499938964844,293.1499938964844,0.0,-0.0,284.7414855957031,0.8883410096168518,0.4976121783256531,0.4502025544643402,297.2936706542969,297.1499938964844,293.1499938964844,0.0,-0.0,284.7416076660156,0.9422978162765504,0.5860234498977661,0.5562756657600403,297.3346252441406,297.1499938964844,293.1499938964844,0.0,-0.0,284.7413635253906,0.8403254747390747,0.4204473197460174,0.2960058748722076,297.2225036621094,297.1499938964844,293.1499938964844,0.0,-0.0,284.7411499023437,0.7879118323326111,0.3433951735496521,0.3288299441337585,297.188232421875,297.1499938964844,293.1499938964844,0.0,-0.0,284.7405090332031,0.6811053156852722,0.2193000465631485,1.0060511827468872,284.741455078125,284.95001220703125,300.8045349121094,289.3514404296875,298.41510009765625,297.2481994628906,284.7431335449219,1.0,0.6107353568077087,0.4373281598091125,0.4373281598091125,1.0,1.0,-3.166867256164551,1.0396705865859983,2.127196788787842,0.3206126987934112,0.8926363587379456,0.8926363587379456,0.0,186.38970947265625,193.0,46426.8046875,0.0,2815.767822265625,1.0,280.0421142578125,283.0896911621094,292.3049621582031,295.2395324707031,293.1499938964844,293.1499938964844,280.3500061035156,36324.9453125,36000.0,313.1499938964844,0.0,18000.0,1.0,0.0,0.0,0.0,1.0,0.9642642736434937,1.0,0.0,0.0,3.636608600616455,3.636632442474365,8.824424639897188e-07,4.265924453735352,4.265914440155029,9.78592834144365e-06,0.0,0.0,-0.0,6119.99609375,0.0,1520.7431640625,1895.4371337890625,0.0,3990.505615234375,0.9025198221206664,1.0,0.0,3.0,1.0,0.0
12231060,297.0364074707031,297.1499938964844,293.1499938964844,0.0,-0.0,284.9405517578125,0.8868235349655151,0.4978169202804565,0.4501522779464721,297.3041687011719,297.1499938964844,293.1499938964844,0.0,-0.0,284.940673828125,0.9421175122261048,0.5888933539390564,0.5587159395217896,297.3486022949219,297.1499938964844,293.1499938964844,0.0,-0.0,284.9403991699219,0.8412132859230042,0.4241935312747955,0.29845130443573,297.2292175292969,297.1499938964844,293.1499938964844,0.0,-0.0,284.9401550292969,0.7876732349395752,0.344985157251358,0.3301469981670379,297.19195556640625,297.1499938964844,293.1499938964844,0.0,-0.0,284.9393920898437,0.6806713938713074,0.2201531827449798,1.009162425994873,284.94049072265625,284.95001220703125,300.7658996582031,289.3735046386719,298.4082946777344,297.2594299316406,284.9424743652344,1.0,0.6131215691566467,0.4364994466304779,0.4364994466304779,1.0,1.0,-3.177995443344116,1.0417548418045044,2.1362407207489014,0.3201546967029571,0.8941355347633362,0.8941355347633362,0.0,188.03732299804688,196.0,45442.75,0.0,2847.46044921875,1.0,280.34161376953125,283.32843017578125,292.3163452148437,295.16973876953125,293.1499938964844,293.1499938964844,280.6499938964844,36119.671875,36000.0,313.1499938964844,0.0,18000.0,1.0,0.0,0.0,0.0,1.0,0.949620485305786,1.0,0.0,0.0,3.631439924240112,3.6314637660980233,8.799358965916326e-07,4.265924453735352,4.265914440155029,9.78592834144365e-06,0.0,0.0,-0.0,6022.73193359375,0.0,1513.50830078125,1895.4371337890625,0.0,3859.54248046875,0.9012314081192015,1.0,0.0,3.0,1.0,0.0
12231120,297.0364074707031,297.1499938964844,293.1499938964844,0.0,-0.0,284.9405517578125,0.8868235349655151,0.4978169202804565,0.4501522779464721,297.3041687011719,297.1499938964844,293.1499938964844,0.0,-0.0,284.940673828125,0.9421175122261048,0.5888933539390564,0.5587159395217896,297.3486022949219,297.1499938964844,293.1499938964844,0.0,-0.0,284.9403991699219,0.8412132859230042,0.4241935312747955,0.29845130443573,297.2292175292969,297.1499938964844,293.1499938964844,0.0,-0.0,284.9401550292969,0.7876732349395752,0.344985157251358,0.3301469981670379,297.19195556640625,297.1499938964844,293.1499938964844,0.0,-0.0,284.9393920898437,0.6806713938713074,0.2201531827449798,1.009162425994873,284.94049072265625,284.95001220703125,300.7658996582031,289.3735046386719,298.4082946777344,297.2594299316406,284.9424743652344,1.0,0.6131215691566467,0.4364994466304779,0.4364994466304779,1.0,1.0,-3.177995443344116,1.0417548418045044,2.1362407207489014,0.3201546967029571,0.8941355347633362,0.8941355347633362,0.0,188.03732299804688,196.0,45442.75,0.0,2847.46044921875,1.0,280.34161376953125,283.32843017578125,292.3163452148437,295.16973876953125,293.1499938964844,293.1499938964844,280.6499938964844,36119.671875,36000.0,313.1499938964844,0.0,18000.0,1.0,0.0,0.0,0.0,1.0,0.949620485305786,1.0,0.0,0.0,3.631439924240112,3.6314637660980233,8.799358965916326e-07,4.265924453735352,4.265914440155029,9.78592834144365e-06,0.0,0.0,-0.0,6022.73193359375,0.0,1513.50830078125,1895.4371337890625,0.0,3859.54248046875,0.9012314081192015,1.0,0.0,3.0,1.0,0.0
12231180,297.0595397949219,297.1499938964844,293.1499938964844,0.0,-0.0,285.1423645019531,0.8863735198974609,0.4987187087535858,0.4508522748947143,297.3205261230469,297.1499938964844,293.1499938964844,0.0,-0.0,285.1425170898437,0.9431125521659852,0.5925011038780212,0.5619761943817139,297.3674011230469,297.1499938964844,293.1499938964844,0.0,-0.0,285.1422424316406,0.8430556654930115,0.4286108911037445,0.3014360070228576,297.2411499023437,297.1499938964844,293.1499938964844,0.0,-0.0,285.1419982910156,0.7884680032730103,0.3471925258636474,0.3321266174316406,297.2008972167969,297.1499938964844,293.1499938964844,0.0,-0.0,285.1412353515625,0.6813650131225586,0.2215860933065414,1.0151362419128418,285.142333984375,284.95001220703125,300.72637939453125,289.3943176269531,298.4056701660156,297.2767639160156,285.14434814453125,1.0,0.6162708401679993,0.4356707632541656,0.4356707632541656,1.0,1.0,-3.1959028244018555,1.0463685989379885,2.149534225463867,0.3207773566246032,0.8983501195907593,0.8983501195907593,0.0,189.5301055908203,199.0,44561.56640625,0.0,2892.5419921875,1.0,280.6416015625,283.56707763671875,292.3466796875,295.1409912109375,293.1499938964844,293.1499938964844,280.95001220703125,35865.890625,36000.0,313.1499938964844,0.0,18000.0,1.0,0.0,0.0,0.0,1.0,0.937430739402771,1.0,0.0,0.0,3.635724306106568,3.6357481479644775,8.820134098641574e-07,4.265924453735352,4.265914440155029,9.78592834144365e-06,0.0,0.0,-0.0,5941.12841796875,0.0,1516.3446044921875,1895.4371337890625,0.0,3749.05712890625,0.9020160436630248,1.0,0.0,3.0,1.0,0.0
12231240,297.0595397949219,297.1499938964844,293.1499938964844,0.0,-0.0,285.1423645019531,0.8863735198974609,0.4987187087535858,0.4508522748947143,297.3205261230469,297.1499938964844,293.1499938964844,0.0,-0.0,285.1425170898437,0.9431125521659852,0.5925011038780212,0.5619761943817139,297.3674011230469,297.1499938964844,293.1499938964844,0.0,-0.0,285.1422424316406,0.8430556654930115,0.4286108911037445,0.3014360070228576,297.2411499023437,297.1499938964844,293.1499938964844,0.0,-0.0,285.1419982910156,0.7884680032730103,0.3471925258636474,0.3321266174316406,297.2008972167969,297.1499938964844,293.1499938964844,0.0,-0.0,285.1412353515625,0.6813650131225586,0.2215860933065414,1.0151362419128418,285.142333984375,284.95001220703125,300.72637939453125,289.3943176269531,298.4056701660156,297.2767639160156,285.14434814453125,1.0,0.6162708401679993,0.4356707632541656,0.4356707632541656,1.0,1.0,-3.1959028244018555,1.0463685989379885,2.149534225463867,0.3207773566246032,0.8983501195907593,0.8983501195907593,0.0,189.5301055908203,199.0,44561.56640625,0.0,2892.5419921875,1.0,280.6416015625,283.56707763671875,292.3466796875,295.1409912109375,293.1499938964844,293.1499938964844,280.95001220703125,35865.890625,36000.0,313.1499938964844,0.0,18000.0,1.0,0.0,0.0,0.0,1.0,0.937430739402771,1.0,0.0,0.0,3.635724306106568,3.6357481479644775,8.820134098641574e-07,4.265924453735352,4.265914440155029,9.78592834144365e-06,0.0,0.0,-0.0,5941.12841796875,0.0,1516.3446044921875,1895.4371337890625,0.0,3749.05712890625,0.9020160436630248,1.0,0.0,3.0,1.0,0.0
12231300,297.0714416503906,297.1499938964844,293.1499938964844,0.0,-0.0,285.288330078125,0.8861335515975952,0.4993105232715606,0.4513035714626312,297.3294372558594,297.1499938964844,293.1499938964844,0.0,-0.0,285.2889099121094,0.943588137626648,0.5944511890411377,0.5637343525886536,297.3774108886719,297.1499938964844,293.1499938964844,0.0,-0.0,285.2877197265625,0.8439833521842957,0.4309688210487366,0.3030249178409576,297.2478942871094,297.1499938964844,293.1499938964844,0.0,-0.0,285.2866516113281,0.7888927459716797,0.3484298288822174,0.3332452774047851,297.206298828125,297.1499938964844,293.1499938964844,0.0,-0.0,285.28338623046875,0.6817977428436279,0.2224375009536743,1.018774151802063,285.2881164550781,284.95001220703125,300.7064208984375,289.4042358398437,298.4048767089844,297.2861633300781,285.2962646484375,1.0,0.6180784106254578,0.4352564215660095,0.4352564215660095,1.0,1.0,-3.2061870098114014,1.0491589307785034,2.1570281982421875,0.3212913870811462,0.902023196220398,0.902023196220398,0.0,190.40411376953125,199.0,43715.6484375,0.0,2918.723388671875,1.0,280.8984069824219,283.7485046386719,292.3381042480469,295.031982421875,293.1499938964844,293.1499938964844,280.95001220703125,35716.3984375,36000.0,313.1499938964844,0.0,18000.0,1.0,0.0,0.0,0.0,1.0,0.9299153685569764,1.0,0.0,0.0,3.641528367996216,3.641552209854126,8.848317634146952e-07,4.265924453735352,4.265914440155029,9.78592834144365e-06,0.0,0.0,-0.0,6130.50732421875,0.0,1521.6468505859375,1895.4371337890625,0.0,3680.365478515625,0.903243601322174,1.0,0.0,3.0,1.0,0.0
12231360,297.0837707519531,297.1499938964844,293.1499938964844,0.0,-0.0,285.3442077636719,0.8861427307128906,0.5000239610671997,0.451957494020462,297.3388671875,297.1499938964844,293.1499938964844,0.0,-0.0,285.3443603515625,0.9443088173866272,0.5965172052383423,0.565676212310791,297.387939453125,297.1499938964844,293.1499938964844,0.0,-0.0,285.3440856933594,0.845119833946228,0.4334423243999481,0.3047412633895874,297.2551574707031,297.1499938964844,293.1499938964844,0.0,-0.0,285.3438415527344,0.7895249724388123,0.3497657477855682,0.3344983458518982,297.2122802734375,297.1499938964844,293.1499938964844,0.0,-0.0,285.3431091308594,0.6824459433555603,0.2233827263116836,1.0229483842849731,285.3441772460937,284.95001220703125,300.6864318847656,289.4137878417969,298.4041748046875,297.29644775390625,285.3461608886719,1.0,0.6200512647628784,0.4346257150173187,0.4346257150173187,1.0,1.0,-3.217895984649658,1.0519583225250244,2.165937662124634,0.3214966356754303,0.9052560925483704,0.9052560925483704,0.0,191.2482452392578,202.0,43764.2890625,0.0,2947.885009765625,1.0,280.9416809082031,283.8036193847656,292.3758544921875,295.1203918457031,293.1499938964844,293.1499938964844,280.6499938964844,35594.2734375,36000.0,313.1499938964844,0.0,18000.0,1.0,0.0,0.0,0.0,1.0,0.9272818565368652,1.0,0.0,0.0,3.6501426696777344,3.650166511535645,8.890229423741403e-07,4.265924453735352,4.265914440155029,9.78592834144365e-06,0.0,0.0,-0.0,6572.14453125,0.0,1530.2913818359375,1895.4371337890625,0.0,3656.201416015625,0.9050540328025818,1.0,0.0,3.0,1.0,0.0
12231420,297.08453369140625,297.1499938964844,293.1499938964844,0.0,-0.0,285.19091796875,0.883364200592041,0.4992933869361877,0.4520089328289032,297.3378601074219,297.1499938964844,293.1499938964844,0.0,-0.0,285.1908569335937,0.9427646398544312,0.5988346338272095,0.568498432636261,297.392333984375,297.1499938964844,293.1499938964844,0.0,-0.0,285.19097900390625,0.8450915813446045,0.436923086643219,0.3075571656227112,297.2572021484375,297.1499938964844,293.1499938964844,0.0,-0.0,285.19110107421875,0.788552463054657,0.3513223826885223,0.3364135026931762,297.215576171875,297.1499938964844,293.1499938964844,0.0,-0.0,285.19146728515625,0.681780219078064,0.2245197594165802,1.0296800136566162,285.19091796875,284.95001220703125,300.6465759277344,289.4318542480469,298.389892578125,297.2984313964844,285.1900939941406,1.0,0.6239010095596313,0.4333643019199371,0.4333643019199371,1.0,1.0,-3.2351491451263428,1.055141568183899,2.1800076961517334,0.3210912942886352,0.9072057008743286,0.9072057008743286,0.0,194.3184356689453,205.0,45086.5625,0.0,3001.268310546875,1.0,280.65777587890625,283.6016540527344,292.4852905273437,295.3826599121094,293.1499938964844,293.1499938964844,280.3500061035156,35659.05859375,36000.0,313.1499938964844,0.0,18000.0,1.0,0.0,0.0,0.0,1.0,0.9423742294311525,1.0,0.0,0.0,3.663496494293213,3.663520574569702,8.955396992860187e-07,4.265924453735352,4.265914440155029,9.78592834144365e-06,0.0,0.0,-0.0,6767.537109375,0.0,1545.6754150390625,1895.4371337890625,0.0,3794.010986328125,0.9080585241317748,1.0,0.0,3.0,1.0,0.0
12231480,297.08453369140625,297.1499938964844,293.1499938964844,0.0,-0.0,285.19091796875,0.883364200592041,0.4992933869361877,0.4520089328289032,297.3378601074219,297.1499938964844,293.1499938964844,0.0,-0.0,285.1908569335937,0.9427646398544312,0.5988346338272095,0.568498432636261,297.392333984375,297.1499938964844,293.1499938964844,0.0,-0.0,285.19097900390625,0.8450915813446045,0.436923086643219,0.3075571656227112,297.2572021484375,297.1499938964844,293.1499938964844,0.0,-0.0,285.19110107421875,0.788552463054657,0.3513223826885223,0.3364135026931762,297.215576171875,297.1499938964844,293.1499938964844,0.0,-0.0,285.19146728515625,0.681780219078064,0.2245197594165802,1.0296800136566162,285.19091796875,284.95001220703125,300.6465759277344,289.4318542480469,298.389892578125,297.2984313964844,285.1900939941406,1.0,0.6239010095596313,0.4333643019199371,0.4333643019199371,1.0,1.0,-3.2351491451263428,1.055141568183899,2.1800076961517334,0.3210912942886352,0.9072057008743286,0.9072057008743286,0.0,194.3184356689453,205.0,45086.5625,0.0,3001.268310546875,1.0,280.65777587890625,283.6016540527344,292.4852905273437,295.3826599121094,293.1499938964844,293.1499938964844,280.3500061035156,35659.05859375,36000.0,313.1499938964844,0.0,18000.0,1.0,0.0,0.0,0.0,1.0,0.9423742294311525,1.0,0.0,0.0,3.663496494293213,3.663520574569702,8.955396992860187e-07,4.265924453735352,4.265914440155029,9.78592834144365e-06,0.0,0.0,-0.0,6767.537109375,0.0,1545.6754150390625,1895.4371337890625,0.0,3794.010986328125,0.9080585241317748,1.0,0.0,3.0,1.0,0.0
12231540,297.06915283203125,297.1499938964844,293.1499938964844,0.0,-0.0,285.0114440917969,0.8773394823074341,0.4969148635864258,0.450323611497879,297.3207397460937,297.1499938964844,293.1499938964844,0.0,-0.0,285.0113525390625,0.937572419643402,0.5994883179664612,0.5695937871932983,297.383544921875,297.1499938964844,293.1499938964844,0.0,-0.0,285.01153564453125,0.8422871828079224,0.4391135573387146,0.3093776106834411,297.2474060058594,297.1499938964844,293.1499938964844,0.0,-0.0,285.0116882324219,0.7847455143928528,0.3516960740089416,0.3371695876121521,297.2090759277344,297.1499938964844,293.1499938964844,0.0,-0.0,285.0121765136719,0.6784247756004333,0.2246981412172317,1.0322389602661133,285.011474609375,284.95001220703125,300.60723876953125,289.4484558105469,298.3650817871094,297.2852478027344,285.0102844238281,1.0,0.6269797086715698,0.4321028888225555,0.4321028888225555,1.0,1.0,-3.2406256198883057,1.0539308786392212,2.186694860458374,0.3188537657260895,0.9065284132957458,0.9065284132957458,0.0,198.763427734375,208.0,46310.68359375,0.0,3037.52294921875,1.0,280.35809326171875,283.37646484375,292.5113830566406,295.50714111328125,293.1499938964844,293.1499938964844,280.04998779296875,35825.87890625,36000.0,313.1499938964844,0.0,18000.0,1.0,0.0,0.0,0.0,1.0,0.9582632184028624,1.0,0.0,0.0,3.6705613136291504,3.6705856323242174,8.989970865513897e-07,4.265924453735352,4.265914440155029,9.78592834144365e-06,0.0,0.0,-0.0,6912.7548828125,0.0,1554.8544921875,1895.4371337890625,0.0,3937.0888671875,0.9097453951835632,1.0,0.0,3.0,1.0,0.0
12231600,297.06915283203125,297.1499938964844,293.1499938964844,0.0,-0.0,285.0114440917969,0.8773394823074341,0.4969148635864258,0.450323611497879,297.3207397460937,297.1499938964844,293.1499938964844,0.0,-0.0,285.0113525390625,0.937572419643402,0.5994883179664612,0.5695937871932983,297.383544921875,297.1499938964844,293.1499938964844,0.0,-0.0,285.01153564453125,0.8422871828079224,0.4391135573387146,0.3093776106834411,297.2474060058594,297.1499938964844,293.1499938964844,0.0,-0.0,285.0116882324219,0.7847455143928528,0.3516960740089416,0.3371695876121521,297.2090759277344,297.1499938964844,293.1499938964844,0.0,-0.0,285.0121765136719,0.6784247756004333,0.2246981412172317,1.0322389602661133,285.011474609375,284.95001220703125,300.60723876953125,289.4484558105469,298.3650817871094,297.2852478027344,285.0102844238281,1.0,0.6269797086715698,0.4321028888225555,0.4321028888225555,1.0,1.0,-3.2406256198883057,1.0539308786392212,2.186694860458374,0.3188537657260895,0.9065284132957458,0.9065284132957458,0.0,198.763427734375,208.0,46310.68359375,0.0,3037.52294921875,1.0,280.35809326171875,283.37646484375,292.5113830566406,295.50714111328125,293.1499938964844,293.1499938964844,280.04998779296875,35825.87890625,36000.0,313.1499938964844,0.0,18000.0,1.0,0.0,0.0,0.0,1.0,0.9582632184028624,1.0,0.0,0.0,3.6705613136291504,3.6705856323242174,8.989970865513897e-07,4.265924453735352,4.265914440155029,9.78592834144365e-06,0.0,0.0,-0.0,6912.7548828125,0.0,1554.8544921875,1895.4371337890625,0.0,3937.0888671875,0.9097453951835632,1.0,0.0,3.0,1.0,0.0
12231660,297.0489501953125,297.1499938964844,293.1499938964844,0.0,-0.0,284.8265686035156,0.870538592338562,0.4938487708568573,0.4478925168514251,297.2972717285156,297.1499938964844,293.1499938964844,0.0,-0.0,284.82647705078125,0.9312950372695924,0.5992791056632996,0.5697558522224426,297.36968994140625,297.1499938964844,293.1499938964844,0.0,-0.0,284.82666015625,0.8387331366539001,0.4406725466251373,0.3106870949268341,297.2321472167969,297.1499938964844,293.1499938964844,0.0,-0.0,284.8268127441406,0.7800610661506653,0.3513893485069275,0.33720463514328,297.1972045898437,297.1499938964844,293.1499938964844,0.0,-0.0,284.8273620605469,0.6740875840187073,0.2242496162652969,1.0317317247390747,284.8265991210937,284.95001220703125,300.5689392089844,289.4635314941406,298.336669921875,297.26641845703125,284.8252868652344,1.0,0.6292403936386108,0.4308808743953705,0.4308808743953705,1.0,1.0,-3.238910675048828,1.0501482486724854,2.1887624263763428,0.3155869245529175,0.9033411145210266,0.9033411145210266,0.0,203.38023376464844,211.0,47416.41015625,0.0,3059.388671875,1.0,280.0580749511719,283.1492919921875,292.5136413574219,295.5837097167969,293.1499938964844,293.1499938964844,279.75,36044.5703125,36000.0,313.1499938964844,0.0,18000.0,1.0,0.0,0.0,0.0,1.0,0.970852255821228,1.0,0.0,0.0,3.6695497035980233,3.669574022293091,8.9850158246918e-07,4.265924453735352,4.265914440155029,9.78592834144365e-06,0.0,0.0,-0.0,7044.74560546875,0.0,1555.36279296875,1895.4371337890625,0.0,4048.7119140625,0.9096634984016418,1.0,0.0,3.0,1.0,0.0
12231720,297.0489501953125,297.1499938964844,293.1499938964844,0.0,-0.0,284.8265686035156,0.870538592338562,0.4938487708568573,0.4478925168514251,297.2972717285156,297.1499938964844,293.1499938964844,0.0,-0.0,284.82647705078125,0.9312950372695924,0.5992791056632996,0.5697558522224426,297.36968994140625,297.1499938964844,293.1499938964844,0.0,-0.0,284.82666015625,0.8387331366539001,0.4406725466251373,0.3106870949268341,297.2321472167969,297.1499938964844,293.1499938964844,0.0,-0.0,284.8268127441406,0.7800610661506653,0.3513893485069275,0.33720463514328,297.1972045898437,297.1499938964844,293.1499938964844,0.0,-0.0,284.8273620605469,0.6740875840187073,0.2242496162652969,1.0317317247390747,284.8265991210937,284.95001220703125,300.5689392089844,289.4635314941406,298.336669921875,297.26641845703125,284.8252868652344,1.0,0.6292403936386108,0.4308808743953705,0.4308808743953705,1.0,1.0,-3.238910675048828,1.0501482486724854,2.1887624263763428,0.3155869245529175,0.9033411145210266,0.9033411145210266,0.0,203.38023376464844,211.0,47416.41015625,0.0,3059.388671875,1.0,280.0580749511719,283.1492919921875,292.5136413574219,295.5837097167969,293.1499938964844,293.1499938964844,279.75,36044.5703125,36000.0,313.1499938964844,0.0,18000.0,1.0,0.0,0.0,0.0,1.0,0.970852255821228,1.0,0.0,0.0,3.6695497035980233,3.669574022293091,8.9850158246918e-07,4.265924453735352,4.265914440155029,9.78592834144365e-06,0.0,0.0,-0.0,7044.74560546875,0.0,1555.36279296875,1895.4371337890625,0.0,4048.7119140625,0.9096634984016418,1.0,0.0,3.0,1.0,0.0
12231780,297.0277099609375,297.1499938964844,293.1499938964844,0.0,-0.0,284.6406555175781,0.8638337850570679,0.4904171228408813,0.4450824558734894,297.2715759277344,297.1499938964844,293.1499938964844,0.0,-0.0,284.6405334472656,0.924953281879425,0.5985434651374817,0.5693635940551758,297.35406494140625,297.1499938964844,293.1499938964844,0.0,-0.0,284.6407165527344,0.8351765275001526,0.4418723285198211,0.3117097914218902,297.2147521972656,297.1499938964844,293.1499938964844,0.0,-0.0,284.6408996582031,0.7752873301506042,0.3506690561771393,0.3367975652217865,297.18292236328125,297.1499938964844,293.1499938964844,0.0,-0.0,284.64141845703125,0.6695289611816406,0.2234037965536117,1.029213547706604,284.6406555175781,284.95001220703125,300.5321655273437,289.47705078125,298.30731201171875,297.24578857421875,284.6393737792969,1.0,0.6308223009109497,0.4296588599681854,0.4296588599681854,1.0,1.0,-3.232776641845703,1.044735550880432,2.188040971755981,0.3116420805454254,0.8976638913154602,0.8976638913154602,0.0,207.7574157714844,214.0,48427.14453125,0.0,3070.412353515625,1.0,279.75811767578125,282.9239807128906,292.5154113769531,295.64947509765625,293.1499938964844,293.1499938964844,280.04998779296875,36298.28125,36000.0,313.1499938964844,0.0,18000.0,1.0,0.0,0.0,0.0,1.0,0.980898141860962,1.0,0.0,0.0,3.659145593643189,3.6591696739196777,8.934137554206245e-07,4.265924453735352,4.265914440155029,9.78592834144365e-06,0.0,0.0,-0.0,6376.7265625,0.0,1545.6044921875,1895.4371337890625,0.0,4136.52587890625,0.907507061958313,1.0,0.0,3.0,1.0,0.0
12231840,297.0277099609375,297.1499938964844,293.1499938964844,0.0,-0.0,284.6406555175781,0.8638337850570679,0.4904171228408813,0.4450824558734894,297.2715759277344,297.1499938964844,293.1499938964844,0.0,-0.0,284.6405334472656,0.924953281879425,0.5985434651374817,0.5693635940551758,297.35406494140625,297.1499938964844,293.1499938964844,0.0,-0.0,284.6407165527344,0.8351765275001526,0.4418723285198211,0.3117097914218902,297.2147521972656,297.1499938964844,293.1499938964844,0.0,-0.0,284.6408996582031,0.7752873301506042,0.3506690561771393,0.3367975652217865,297.18292236328125,297.1499938964844,293.1499938964844,0.0,-0.0,284.64141845703125,0.6695289611816406,0.2234037965536117,1.029213547706604,284.6406555175781,284.95001220703125,300.5321655273437,289.47705078125,298.30731201171875,297.24578857421875,284.6393737792969,1.0,0.6308223009109497,0.4296588599681854,0.4296588599681854,1.0,1.0,-3.232776641845703,1.044735550880432,2.188040971755981,0.3116420805454254,0.8976638913154602,0.8976638913154602,0.0,207.7574157714844,214.0,48427.14453125,0.0,3070.412353515625,1.0,279.75811767578125,282.9239807128906,292.5154113769531,295.64947509765625,293.1499938964844,293.1499938964844,280.04998779296875,36298.28125,36000.0,313.1499938964844,0.0,18000.0,1.0,0.0,0.0,0.0,1.0,0.980898141860962,1.0,0.0,0.0,3.659145593643189,3.6591696739196777,8.934137554206245e-07,4.265924453735352,4.265914440155029,9.78592834144365e-06,0.0,0.0,-0.0,6376.7265625,0.0,1545.6044921875,1895.4371337890625,0.0,4136.52587890625,0.907507061958313,1.0,0.0,3.0,1.0,0.0
12231900,297.0252990722656,297.1499938964844,293.1499938964844,0.0,-0.0,284.7633972167969,0.8610668778419495,0.4893999695777893,0.4438553154468536,297.26531982421875,297.1499938964844,293.1499938964844,0.0,-0.0,284.7640075683594,0.9223924279212952,0.5986944437026978,0.5692500472068787,297.3518981933594,297.1499938964844,293.1499938964844,0.0,-0.0,284.7630310058594,0.8338612914085388,0.4429482519626617,0.312295913696289,297.2099914550781,297.1499938964844,293.1499938964844,0.0,-0.0,284.7620544433594,0.77333003282547,0.3506084978580475,0.3366153240203857,297.1783142089844,297.1499938964844,293.1499938964844,0.0,-0.0,284.7591857910156,0.6675973534584045,0.2231555879116058,1.027841329574585,284.7633056640625,284.95001220703125,300.5144958496094,289.48321533203125,298.29669189453125,297.2409973144531,284.7702941894531,1.0,0.6314789652824402,0.4290478527545929,0.4290478527545929,1.0,1.0,-3.229992628097534,1.0421406030654907,2.187852144241333,0.3096080422401428,0.8975920677185059,0.8975920677185059,0.0,209.5863037109375,214.0,47425.44921875,0.0,3074.5390625,1.0,280.0014953613281,283.0860595703125,292.44580078125,295.4206237792969,293.1499938964844,293.1499938964844,280.04998779296875,36260.43359375,36000.0,313.1499938964844,0.0,18000.0,1.0,0.0,0.0,0.0,1.0,0.9731653928756714,1.0,0.0,0.0,3.653919696807861,3.653943777084351,8.908637596505287e-07,4.265924453735352,4.265914440155029,9.78592834144365e-06,0.0,0.0,-0.0,6535.455078125,0.0,1539.4844970703125,1895.4371337890625,0.0,4069.035400390625,0.9063678979873656,1.0,0.0,3.0,1.0,0.0
12231960,297.0295715332031,297.1499938964844,293.1499938964844,0.0,-0.0,284.8093566894531,0.8596247434616089,0.4890297949314117,0.4433501362800598,297.2654113769531,297.1499938964844,293.1499938964844,0.0,-0.0,284.8094787597656,0.921306312084198,0.5994325280189514,0.5697678923606873,297.3549499511719,297.1499938964844,293.1499938964844,0.0,-0.0,284.8092956542969,0.8336580991744995,0.4445251226425171,0.3132855892181396,297.20953369140625,297.1499938964844,293.1499938964844,0.0,-0.0,284.80908203125,0.7724599242210388,0.3509427905082702,0.3368213772773742,297.1769714355469,297.1499938964844,293.1499938964844,0.0,-0.0,284.8085327148437,0.6666473746299744,0.2232037335634231,1.0276988744735718,284.8093566894531,284.95001220703125,300.49737548828125,289.4889831542969,298.2909240722656,297.2420959472656,284.810791015625,1.0,0.6323010921478271,0.4286454617977142,0.4286454617977142,1.0,1.0,-3.231266736984253,1.0415418148040771,2.189724922180176,0.3086588382720947,0.8971547484397888,0.8971547484397888,0.0,210.75924682617188,217.0,47298.93359375,0.0,3083.757080078125,1.0,280.04217529296875,283.13555908203125,292.44561767578125,295.4384765625,293.1499938964844,293.1499938964844,280.3500061035156,36211.015625,36000.0,313.1499938964844,0.0,18000.0,1.0,0.0,0.0,0.0,1.0,0.9681116342544556,1.0,0.0,0.0,3.650525093078613,3.650549173355103,8.892092182577471e-07,4.265924453735352,4.265914440155029,9.78592834144365e-06,0.0,0.0,-0.0,6219.42041015625,0.0,1535.3319091796875,1895.4371337890625,0.0,4024.554931640625,0.9055498838424684,1.0,0.0,3.0,1.0,0.0
12232020,297.0469665527344,297.1499938964844,293.1499938964844,0.0,-0.0,285.00299072265625,0.8583914637565613,0.4892563223838806,0.4433256983757019,297.2754821777344,297.1499938964844,293.1499938964844,0.0,-0.0,285.0031433105469,0.9210559725761414,0.6019026637077332,0.5718290209770203,297.368896484375,297.1499938964844,293.1499938964844,0.0,-0.0,285.0029296875,0.8347040414810181,0.4485262036323547,0.3159065842628479,297.2160949707031,297.1499938964844,293.1499938964844,0.0,-0.0,285.002685546875,0.7722218632698059,0.3523525595664978,0.3379680812358856,297.1808166503906,297.1499938964844,293.1499938964844,0.0,-0.0,285.00201416015625,0.6662164330482483,0.2239243388175964,1.0302248001098633,285.0029602050781,284.95001220703125,300.4650573730469,289.499267578125,298.2864990234375,297.2533264160156,285.0047302246094,1.0,0.634501576423645,0.4278406500816345,0.4278406500816345,1.0,1.0,-3.241273164749145,1.0431418418884275,2.1981313228607178,0.3079686164855957,0.8994536399841309,0.8994536399841309,0.0,212.41737365722656,220.0,46284.63671875,0.0,3114.522705078125,1.0,280.3417358398437,283.3694763183594,292.4454650878906,295.3555908203125,293.1499938964844,293.1499938964844,280.6499938964844,36016.328125,36000.0,313.1499938964844,0.0,18000.0,1.0,0.0,0.0,0.0,1.0,0.9541804790496826,1.0,0.0,0.0,3.649254560470581,3.6492786407470703,8.885903639566095e-07,4.265924453735352,4.265914440155029,9.78592834144365e-06,0.0,0.0,-0.0,6115.4873046875,0.0,1532.4615478515625,1895.4371337890625,0.0,3900.544189453125,0.9051406383514404,1.0,0.0,3.0,1.0,0.0
12232080,297.0469665527344,297.1499938964844,293.1499938964844,0.0,-0.0,285.00299072265625,0.8583914637565613,0.4892563223838806,0.4433256983757019,297.2754821777344,297.1499938964844,293.1499938964844,0.0,-0.0,285.0031433105469,0.9210559725761414,0.6019026637077332,0.5718290209770203,297.368896484375,297.1499938964844,293.1499938964844,0.0,-0.0,285.0029296875,0.8347040414810181,0.4485262036323547,0.3159065842628479,297.2160949707031,297.1499938964844,293.1499938964844,0.0,-0.0,285.002685546875,0.7722218632698059,0.3523525595664978,0.3379680812358856,297.1808166503906,297.1499938964844,293.1499938964844,0.0,-0.0,285.00201416015625,0.6662164330482483,0.2239243388175964,1.0302248001098633,285.0029602050781,284.95001220703125,300.4650573730469,289.499267578125,298.2864990234375,297.2533264160156,285.0047302246094,1.0,0.634501576423645,0.4278406500816345,0.4278406500816345,1.0,1.0,-3.241273164749145,1.0431418418884275,2.1981313228607178,0.3079686164855957,0.8994536399841309,0.8994536399841309,0.0,212.41737365722656,220.0,46284.63671875,0.0,3114.522705078125,1.0,280.3417358398437,283.3694763183594,292.4454650878906,295.3555908203125,293.1499938964844,293.1499938964844,280.6499938964844,36016.328125,36000.0,313.1499938964844,0.0,18000.0,1.0,0.0,0.0,0.0,1.0,0.9541804790496826,1.0,0.0,0.0,3.649254560470581,3.6492786407470703,8.885903639566095e-07,4.265924453735352,4.265914440155029,9.78592834144365e-06,0.0,0.0,-0.0,6115.4873046875,0.0,1532.4615478515625,1895.4371337890625,0.0,3900.544189453125,0.9051406383514404,1.0,0.0,3.0,1.0,0.0
12232140,297.0688781738281,297.1499938964844,293.1499938964844,0.0,-0.0,285.1996459960937,0.8580739498138428,0.490168422460556,0.4440391957759857,297.2916564941406,297.1499938964844,293.1499938964844,0.0,-0.0,285.1997985839844,0.9218857288360596,0.6051269769668579,0.5747283101081848,297.3877258300781,297.1499938964844,293.1499938964844,0.0,-0.0,285.1995849609375,0.8365922570228577,0.4532026052474975,0.3190698623657226,297.2279663085937,297.1499938964844,293.1499938964844,0.0,-0.0,285.1993408203125,0.7729069590568542,0.3543873429298401,0.3397852778434753,297.1898498535156,297.1499938964844,293.1499938964844,0.0,-0.0,285.1986389160156,0.666793167591095,0.2252258211374282,1.035617113113403,285.1996459960937,284.95001220703125,300.4356994628906,289.5079040527344,298.2875061035156,297.2706298828125,285.2014465332031,1.0,0.6374589204788208,0.4270358681678772,0.4270358681678772,1.0,1.0,-3.2580840587615967,1.047214388847351,2.210869789123535,0.3082915246486664,0.9044008255004884,0.9044008255004884,0.0,213.92335510253903,223.0,45372.75,0.0,3159.45556640625,1.0,280.6417541503906,283.6036376953125,292.46307373046875,295.3122863769531,293.1499938964844,293.1499938964844,280.3500061035156,35776.40234375,36000.0,313.1499938964844,0.0,18000.0,1.0,0.0,0.0,0.0,1.0,0.9425798058509828,1.0,0.0,0.0,3.656913995742798,3.656938076019287,8.92324408141576e-07,4.265924453735352,4.265914440155029,9.78592834144365e-06,0.0,0.0,-0.0,6758.36572265625,0.0,1539.1981201171875,1895.4371337890625,0.0,3795.8759765625,0.906692624092102,1.0,0.0,3.0,1.0,0.0
12232200,297.0688781738281,297.1499938964844,293.1499938964844,0.0,-0.0,285.1996459960937,0.8580739498138428,0.490168422460556,0.4440391957759857,297.2916564941406,297.1499938964844,293.1499938964844,0.0,-0.0,285.1997985839844,0.9218857288360596,0.6051269769668579,0.5747283101081848,297.3877258300781,297.1499938964844,293.1499938964844,0.0,-0.0,285.1995849609375,0.8365922570228577,0.4532026052474975,0.3190698623657226,297.2279663085937,297.1499938964844,293.1499938964844,0.0,-0.0,285.1993408203125,0.7729069590568542,0.3543873429298401,0.3397852778434753,297.1898498535156,297.1499938964844,293.1499938964844,0.0,-0.0,285.1986389160156,0.666793167591095,0.2252258211374282,1.035617113113403,285.1996459960937,284.95001220703125,300.4356994628906,289.5079040527344,298.2875061035156,297.2706298828125,285.2014465332031,1.0,0.6374589204788208,0.4270358681678772,0.4270358681678772,1.0,1.0,-3.2580840587615967,1.047214388847351,2.210869789123535,0.3082915246486664,0.9044008255004884,0.9044008255004884,0.0,213.92335510253903,223.0,45372.75,0.0,3159.45556640625,1.0,280.6417541503906,283.6036376953125,292.46307373046875,295.3122863769531,293.1499938964844,293.1499938964844,280.3500061035156,35776.40234375,36000.0,313.1499938964844,0.0,18000.0,1.0,0.0,0.0,0.0,1.0,0.9425798058509828,1.0,0.0,0.0,3.656913995742798,3.656938076019287,8.92324408141576e-07,4.265924453735352,4.265914440155029,9.78592834144365e-06,0.0,0.0,-0.0,6758.36572265625,0.0,1539.1981201171875,1895.4371337890625,0.0,3795.8759765625,0.906692624092102,1.0,0.0,3.0,1.0,0.0
12232260,297.069091796875,297.1499938964844,293.1499938964844,0.0,-0.0,285.04571533203125,0.8558017015457153,0.4891908168792724,0.4438348412513733,297.2898254394531,297.1499938964844,293.1499938964844,0.0,-0.0,285.0456237792969,0.9204980731010436,0.6067603826522827,0.5768905878067017,297.3912048339844,297.1499938964844,293.1499938964844,0.0,-0.0,285.0457458496094,0.8368296027183533,0.4565865695476532,0.3218088746070862,297.22918701171875,297.1499938964844,293.1499938964844,0.0,-0.0,285.0458984375,0.7720542550086975,0.3555163145065307,0.3412736654281616,297.1922302246094,297.1499938964844,293.1499938964844,0.0,-0.0,285.0462646484375,0.6661171913146973,0.2259847968816757,1.0405255556106567,285.04571533203125,284.95001220703125,300.4097595214844,289.51483154296875,298.277587890625,297.27178955078125,285.0448608398437,1.0,0.6406162977218628,0.4258777797222137,0.4258777797222137,1.0,1.0,-3.2714383602142334,1.0490831136703491,2.222355365753174,0.3074202239513397,0.9044101238250732,0.9044101238250732,0.0,216.7388153076172,226.0,46641.47265625,0.0,3204.469482421875,1.0,280.3577575683594,283.40362548828125,292.5608215332031,295.5587158203125,293.1499938964844,293.1499938964844,280.04998779296875,35857.51953125,36000.0,313.1499938964844,0.0,18000.0,1.0,0.0,0.0,0.0,1.0,0.9560751914978028,1.0,0.0,0.0,3.662894487380981,3.662918567657471,8.952454209065763e-07,4.265924453735352,4.265914440155029,9.78592834144365e-06,0.0,0.0,-0.0,6952.03271484375,0.0,1546.4918212890625,1895.4371337890625,0.0,3917.5234375,0.9080591797828674,1.0,0.0,3.0,1.0,0.0
12232320,297.069091796875,297.1499938964844,293.1499938964844,0.0,-0.0,285.04571533203125,0.8558017015457153,0.4891908168792724,0.4438348412513733,297.2898254394531,297.1499938964844,293.1499938964844,0.0,-0.0,285.0456237792969,0.9204980731010436,0.6067603826522827,0.5768905878067017,297.3912048339844,297.1499938964844,293.1499938964844,0.0,-0.0,285.0457458496094,0.8368296027183533,0.4565865695476532,0.3218088746070862,297.22918701171875,297.1499938964844,293.1499938964844,0.0,-0.0,285.0458984375,0.7720542550086975,0.3555163145065307,0.3412736654281616,297.1922302246094,297.1499938964844,293.1499938964844,0.0,-0.0,285.0462646484375,0.6661171913146973,0.2259847968816757,1.0405255556106567,285.04571533203125,284.95001220703125,300.4097595214844,289.51483154296875,298.277587890625,297.27178955078125,285.0448608398437,1.0,0.6406162977218628,0.4258777797222137,0.4258777797222137,1.0,1.0,-3.2714383602142334,1.0490831136703491,2.222355365753174,0.3074202239513397,0.9044101238250732,0.9044101238250732,0.0,216.7388153076172,226.0,46641.47265625,0.0,3204.469482421875,1.0,280.3577575683594,283.40362548828125,292.5608215332031,295.5587158203125,293.1499938964844,293.1499938964844,280.04998779296875,35857.51953125,36000.0,313.1499938964844,0.0,18000.0,1.0,0.0,0.0,0.0,1.0,0.9560751914978028,1.0,0.0,0.0,3.662894487380981,3.662918567657471,8.952454209065763e-07,4.265924453735352,4.265914440155029,9.78592834144365e-06,0.0,0.0,-0.0,6952.03271484375,0.0,1546.4918212890625,1895.4371337890625,0.0,3917.5234375,0.9080591797828674,1.0,0.0,3.0,1.0,0.0
12232380,297.0540771484375,297.1499938964844,293.1499938964844,0.0,-0.0,284.86627197265625,0.8508347272872925,0.4866530299186706,0.4419883489608764,297.2722473144531,297.1499938964844,293.1499938964844,0.0,-0.0,284.8661499023437,0.9159275889396667,0.6067615151405334,0.5773662328720093,297.38201904296875,297.1499938964844,293.1499938964844,0.0,-0.0,284.8663024902344,0.8346670269966125,0.4587207734584808,0.3235796391963959,297.2192687988281,297.1499938964844,293.1499938964844,0.0,-0.0,284.8664855957031,0.7687873840332031,0.3555224239826202,0.3416679501533508,297.1856384277344,297.1499938964844,293.1499938964844,0.0,-0.0,284.8669738769531,0.6631913781166077,0.2258606255054474,1.0416370630264282,284.86627197265625,284.95001220703125,300.38775634765625,289.5200500488281,298.2587585449219,297.2586669921875,284.8650817871094,1.0,0.6431161761283875,0.4247196912765503,0.4247196912765503,1.0,1.0,-3.273740291595459,1.046866774559021,2.2268736362457275,0.3048659563064575,0.9017943739891052,0.9017943739891052,0.0,220.9527282714844,229.0,47802.55859375,0.0,3233.10498046875,1.0,280.0581359863281,283.18072509765625,292.57720947265625,295.6693115234375,293.1499938964844,293.1499938964844,279.75,36036.0078125,36000.0,313.1499938964844,0.0,18000.0,1.0,0.0,0.0,0.0,1.0,0.970727801322937,1.0,0.0,0.0,3.662156105041504,3.662180185317993,8.948845220402291e-07,4.265924453735352,4.265914440155029,9.78592834144365e-06,0.0,0.0,-0.0,7094.15234375,0.0,1547.0052490234375,1895.4371337890625,0.0,4047.616455078125,0.9080076813697816,1.0,0.0,3.0,1.0,0.0
12232440,297.0540771484375,297.1499938964844,293.1499938964844,0.0,-0.0,284.86627197265625,0.8508347272872925,0.4866530299186706,0.4419883489608764,297.2722473144531,297.1499938964844,293.1499938964844,0.0,-0.0,284.8661499023437,0.9159275889396667,0.6067615151405334,0.5773662328720093,297.38201904296875,297.1499938964844,293.1499938964844,0.0,-0.0,284.8663024902344,0.8346670269966125,0.4587207734584808,0.3235796391963959,297.2192687988281,297.1499938964844,293.1499938964844,0.0,-0.0,284.8664855957031,0.7687873840332031,0.3555224239826202,0.3416679501533508,297.1856384277344,297.1499938964844,293.1499938964844,0.0,-0.0,284.8669738769531,0.6631913781166077,0.2258606255054474,1.0416370630264282,284.86627197265625,284.95001220703125,300.38775634765625,289.5200500488281,298.2587585449219,297.2586669921875,284.8650817871094,1.0,0.6431161761283875,0.4247196912765503,0.4247196912765503,1.0,1.0,-3.273740291595459,1.046866774559021,2.2268736362457275,0.3048659563064575,0.9017943739891052,0.9017943739891052,0.0,220.9527282714844,229.0,47802.55859375,0.0,3233.10498046875,1.0,280.0581359863281,283.18072509765625,292.57720947265625,295.6693115234375,293.1499938964844,293.1499938964844,279.75,36036.0078125,36000.0,313.1499938964844,0.0,18000.0,1.0,0.0,0.0,0.0,1.0,0.970727801322937,1.0,0.0,0.0,3.662156105041504,3.662180185317993,8.948845220402291e-07,4.265924453735352,4.265914440155029,9.78592834144365e-06,0.0,0.0,-0.0,7094.15234375,0.0,1547.0052490234375,1895.4371337890625,0.0,4047.616455078125,0.9080076813697816,1.0,0.0,3.0,1.0,0.0
12232500,297.0447692871094,297.1499938964844,293.1499938964844,0.0,-0.0,284.72869873046875,0.8481264114379883,0.4851347208023071,0.4408335387706756,297.2610168457031,297.1499938964844,293.1499938964844,0.0,-0.0,284.72802734375,0.9133444428443908,0.6064357161521912,0.5772824883460999,297.37554931640625,297.1499938964844,293.1499938964844,0.0,-0.0,284.7289123535156,0.833347737789154,0.4595569372177124,0.3242993950843811,297.2122802734375,297.1499938964844,293.1499938964844,0.0,-0.0,284.7300109863281,0.7668770551681519,0.3552785217761993,0.3416201472282409,297.1804504394531,297.1499938964844,293.1499938964844,0.0,-0.0,284.73297119140625,0.6614212989807129,0.2255776673555374,1.0411587953567505,284.7287292480469,284.95001220703125,300.3783569335937,289.5220031738281,298.2484130859375,297.25018310546875,284.7215270996094,1.0,0.6441025733947754,0.4241406619548797,0.4241406619548797,1.0,1.0,-3.2724874019622803,1.0448803901672363,2.227606773376465,0.3032184839248657,0.8989813923835754,0.8989813923835754,0.0,223.1240997314453,229.0,48772.18359375,0.0,3242.464599609375,1.0,279.8009948730469,283.0048828125,292.596435546875,295.8033142089844,293.1499938964844,293.1499938964844,279.75,36161.34765625,36000.0,313.1499938964844,0.0,18000.0,1.0,0.0,0.0,0.0,1.0,0.979069709777832,1.0,0.0,0.0,3.658812999725342,3.658837080001831,8.93251410616358e-07,4.265924453735352,4.265914440155029,9.78592834144365e-06,0.0,0.0,-0.0,6884.9033203125,0.0,1544.20556640625,1895.4371337890625,0.0,4120.6318359375,0.9073097109794616,1.0,0.0,3.0,1.0,0.0
12232560,297.0346984863281,297.1499938964844,293.1499938964844,0.0,-0.0,284.6824645996094,0.8451913595199585,0.4834775626659393,0.4394477009773254,297.2486267089844,297.1499938964844,293.1499938964844,0.0,-0.0,284.682373046875,0.9105094075202942,0.6059211492538452,0.5769310593605042,297.3681945800781,297.1499938964844,293.1499938964844,0.0,-0.0,284.6824951171875,0.8318067789077759,0.4602620005607605,0.3248685300350189,297.204345703125,297.1499938964844,293.1499938964844,0.0,-0.0,284.6827087402344,0.7647371888160706,0.3548913896083832,0.3413860201835632,297.1742553710937,297.1499938964844,293.1499938964844,0.0,-0.0,284.6831970214844,0.6594142913818359,0.2251632511615753,1.0399482250213623,284.6824951171875,284.95001220703125,300.3701171875,289.52349853515625,298.23779296875,297.24053955078125,284.6812438964844,1.0,0.6448941826820374,0.423628568649292,0.423628568649292,1.0,1.0,-3.269347906112671,1.0423721075057983,2.226975917816162,0.3014638721942901,0.8966929316520691,0.8966929316520691,0.0,225.3727264404297,217.0,48846.9296875,0.0,3248.061767578125,1.0,279.7580871582031,282.956787109375,292.57000732421875,295.7327880859375,293.1499938964844,293.1499938964844,280.04998779296875,36266.05078125,36000.0,313.1499938964844,0.0,18000.0,1.0,0.0,0.0,0.0,1.0,0.9825284481048584,1.0,0.0,0.0,3.652919769287109,3.652943849563599,8.903762136469595e-07,4.265924453735352,4.265914440155029,9.78592834144365e-06,0.0,0.0,-0.0,6423.9794921875,0.0,1538.41162109375,1895.4371337890625,0.0,4150.6630859375,0.906095325946808,1.0,0.0,3.0,1.0,0.0
12232620,297.03717041015625,297.1499938964844,293.1499938964844,0.0,-0.0,284.8483581542969,0.8470902442932129,0.4822386503219604,0.4376193583011627,297.2433776855469,297.1499938964844,293.1499938964844,0.0,-0.0,284.8484802246094,0.9143264889717102,0.6066112518310547,0.5769013166427612,297.3703308105469,297.1499938964844,293.1499938964844,0.0,-0.0,284.84832763671875,0.8359939455986023,0.4632209837436676,0.3264646232128143,297.20050048828125,297.1499938964844,293.1499938964844,0.0,-0.0,284.8481140136719,0.7674367427825928,0.3551729917526245,0.3411698937416076,297.1700439453125,297.1499938964844,293.1499938964844,0.0,-0.0,284.8476257324219,0.6614310145378113,0.2250289618968963,1.037564039230347,284.8483581542969,284.95001220703125,300.3573913574219,289.5251770019531,298.22955322265625,297.23834228515625,284.8496398925781,1.0,0.6422222256660461,0.4226043820381164,0.4226043820381164,1.0,1.0,-3.26589584350586,1.0384187698364258,2.2274768352508545,0.2981919050216675,0.8966896533966064,0.8966896533966064,0.0,221.7680206298828,205.0,47696.40625,0.0,3220.34765625,1.0,280.04217529296875,283.16571044921875,292.4876708984375,295.5093078613281,293.1499938964844,293.1499938964844,280.3500061035156,36166.61328125,36000.0,313.1499938964844,0.0,18000.0,1.0,0.0,0.0,0.0,1.0,0.9709514379501344,1.0,0.0,0.0,3.645965814590454,3.645989894866944,8.869895395946514e-07,4.265924453735352,4.265914440155029,9.78592834144365e-06,0.0,0.0,-0.0,6261.20654296875,0.0,1529.9302978515625,1895.4371337890625,0.0,4049.58447265625,0.9045005440711976,1.0,0.0,3.0,1.0,0.0
12232680,297.03717041015625,297.1499938964844,293.1499938964844,0.0,-0.0,284.8483581542969,0.8470902442932129,0.4822386503219604,0.4376193583011627,297.2433776855469,297.1499938964844,293.1499938964844,0.0,-0.0,284.8484802246094,0.9143264889717102,0.6066112518310547,0.5769013166427612,297.3703308105469,297.1499938964844,293.1499938964844,0.0,-0.0,284.84832763671875,0.8359939455986023,0.4632209837436676,0.3264646232128143,297.20050048828125,297.1499938964844,293.1499938964844,0.0,-0.0,284.8481140136719,0.7674367427825928,0.3551729917526245,0.3411698937416076,297.1700439453125,297.1499938964844,293.1499938964844,0.0,-0.0,284.8476257324219,0.6614310145378113,0.2250289618968963,1.037564039230347,284.8483581542969,284.95001220703125,300.3573913574219,289.5251770019531,298.22955322265625,297.23834228515625,284.8496398925781,1.0,0.6422222256660461,0.4226043820381164,0.4226043820381164,1.0,1.0,-3.26589584350586,1.0384187698364258,2.2274768352508545,0.2981919050216675,0.8966896533966064,0.8966896533966064,0.0,221.7680206298828,205.0,47696.40625,0.0,3220.34765625,1.0,280.04217529296875,283.16571044921875,292.4876708984375,295.5093078613281,293.1499938964844,293.1499938964844,280.3500061035156,36166.61328125,36000.0,313.1499938964844,0.0,18000.0,1.0,0.0,0.0,0.0,1.0,0.9709514379501344,1.0,0.0,0.0,3.645965814590454,3.645989894866944,8.869895395946514e-07,4.265924453735352,4.265914440155029,9.78592834144365e-06,0.0,0.0,-0.0,6261.20654296875,0.0,1529.9302978515625,1895.4371337890625,0.0,4049.58447265625,0.9045005440711976,1.0,0.0,3.0,1.0,0.0
12232740,297.05499267578125,297.1499938964844,293.1499938964844,0.0,-0.0,285.0368957519531,0.8553980588912964,0.4826064705848694,0.4373314678668976,297.2543640136719,297.1499938964844,293.1499938964844,0.0,-0.0,285.0370483398437,0.9261995553970336,0.6088970899581909,0.5783756375312805,297.3855895996094,297.1499938964844,293.1499938964844,0.0,-0.0,285.036865234375,0.8462547063827515,0.4675497710704803,0.329006165266037,297.20831298828125,297.1499938964844,293.1499938964844,0.0,-0.0,285.0366516113281,0.7760337591171265,0.3565965890884399,0.3419171273708343,297.17535400390625,297.1499938964844,293.1499938964844,0.0,-0.0,285.0360412597656,0.6687477827072144,0.2258140295743942,1.0384280681610107,285.0368957519531,284.95001220703125,300.3500061035156,289.5249938964844,298.2333984375,297.2507629394531,285.0384521484375,1.0,0.6382164359092712,0.4215802252292633,0.4215802252292633,1.0,1.0,-3.2723066806793213,1.0380386114120483,2.2342681884765625,0.2963125705718994,0.8994078636169434,0.8994078636169434,0.0,212.91493225097656,193.0,46639.9296875,0.0,3185.109619140625,1.0,280.3417053222656,283.3953552246094,292.4744873046875,295.4109802246094,293.1499938964844,293.1499938964844,280.6499938964844,35969.51953125,36000.0,313.1499938964844,0.0,18000.0,1.0,0.0,0.0,0.0,1.0,0.957692563533783,1.0,0.0,0.0,3.646462440490722,3.646486282348633,8.872311241248099e-07,4.265924453735352,4.265914440155029,9.78592834144365e-06,0.0,0.0,-0.0,6150.115234375,0.0,1529.008544921875,1895.4371337890625,0.0,3931.99072265625,0.904483437538147,1.0,0.0,3.0,1.0,0.0
12232800,297.05499267578125,297.1499938964844,293.1499938964844,0.0,-0.0,285.0368957519531,0.8553980588912964,0.4826064705848694,0.4373314678668976,297.2543640136719,297.1499938964844,293.1499938964844,0.0,-0.0,285.0370483398437,0.9261995553970336,0.6088970899581909,0.5783756375312805,297.3855895996094,297.1499938964844,293.1499938964844,0.0,-0.0,285.036865234375,0.8462547063827515,0.4675497710704803,0.329006165266037,297.20831298828125,297.1499938964844,293.1499938964844,0.0,-0.0,285.0366516113281,0.7760337591171265,0.3565965890884399,0.3419171273708343,297.17535400390625,297.1499938964844,293.1499938964844,0.0,-0.0,285.0360412597656,0.6687477827072144,0.2258140295743942,1.0384280681610107,285.0368957519531,284.95001220703125,300.3500061035156,289.5249938964844,298.2333984375,297.2507629394531,285.0384521484375,1.0,0.6382164359092712,0.4215802252292633,0.4215802252292633,1.0,1.0,-3.2723066806793213,1.0380386114120483,2.2342681884765625,0.2963125705718994,0.8994078636169434,0.8994078636169434,0.0,212.91493225097656,193.0,46639.9296875,0.0,3185.109619140625,1.0,280.3417053222656,283.3953552246094,292.4744873046875,295.4109802246094,293.1499938964844,293.1499938964844,280.6499938964844,35969.51953125,36000.0,313.1499938964844,0.0,18000.0,1.0,0.0,0.0,0.0,1.0,0.957692563533783,1.0,0.0,0.0,3.646462440490722,3.646486282348633,8.872311241248099e-07,4.265924453735352,4.265914440155029,9.78592834144365e-06,0.0,0.0,-0.0,6150.115234375,0.0,1529.008544921875,1895.4371337890625,0.0,3931.99072265625,0.904483437538147,1.0,0.0,3.0,1.0,0.0
12232860,297.0774841308594,297.1499938964844,293.1499938964844,0.0,-0.0,285.2280578613281,0.867663562297821,0.4836785197257995,0.4377192258834839,297.27166748046875,297.1499938964844,293.1499938964844,0.0,-0.0,285.22821044921875,0.9428456425666808,0.611967146396637,0.5806348919868469,297.40582275390625,297.1499938964844,293.1499938964844,0.0,-0.0,285.22802734375,0.8604932427406311,0.4725797176361084,0.3320477306842804,297.2215576171875,297.1499938964844,293.1499938964844,0.0,-0.0,285.227783203125,0.7883623838424683,0.3586707413196563,0.3432760834693908,297.1859436035156,297.1499938964844,293.1499938964844,0.0,-0.0,285.2271728515625,0.6795704364776611,0.2272026687860489,1.0418626070022583,285.2280578613281,284.95001220703125,300.3462219238281,289.52294921875,298.24322509765625,297.26934814453125,285.2296447753906,1.0,0.6338272094726562,0.4207148253917694,0.4207148253917694,1.0,1.0,-3.284905910491944,1.0402876138687134,2.2446181774139404,0.2957274317741394,0.9046973586082458,0.9046973586082458,0.0,201.8586578369141,181.0,45680.15234375,0.0,3150.95068359375,1.0,280.6417541503906,283.6249389648437,292.4796142578125,295.3519897460937,293.1499938964844,293.1499938964844,280.3500061035156,35732.796875,36000.0,313.1499938964844,0.0,18000.0,1.0,0.0,0.0,0.0,1.0,0.946391463279724,1.0,0.0,0.0,3.655774116516113,3.6557981967926025,8.91768195288023e-07,4.265924453735352,4.265914440155029,9.78592834144365e-06,0.0,0.0,-0.0,6788.84765625,0.0,1537.599609375,1895.4371337890625,0.0,3830.395751953125,0.9064065217971802,1.0,0.0,3.0,1.0,0.0
12232920,297.0774841308594,297.1499938964844,293.1499938964844,0.0,-0.0,285.2280578613281,0.867663562297821,0.4836785197257995,0.4377192258834839,297.27166748046875,297.1499938964844,293.1499938964844,0.0,-0.0,285.22821044921875,0.9428456425666808,0.611967146396637,0.5806348919868469,297.40582275390625,297.1499938964844,293.1499938964844,0.0,-0.0,285.22802734375,0.8604932427406311,0.4725797176361084,0.3320477306842804,297.2215576171875,297.1499938964844,293.1499938964844,0.0,-0.0,285.227783203125,0.7883623838424683,0.3586707413196563,0.3432760834693908,297.1859436035156,297.1499938964844,293.1499938964844,0.0,-0.0,285.2271728515625,0.6795704364776611,0.2272026687860489,1.0418626070022583,285.2280578613281,284.95001220703125,300.3462219238281,289.52294921875,298.24322509765625,297.26934814453125,285.2296447753906,1.0,0.6338272094726562,0.4207148253917694,0.4207148253917694,1.0,1.0,-3.284905910491944,1.0402876138687134,2.2446181774139404,0.2957274317741394,0.9046973586082458,0.9046973586082458,0.0,201.8586578369141,181.0,45680.15234375,0.0,3150.95068359375,1.0,280.6417541503906,283.6249389648437,292.4796142578125,295.3519897460937,293.1499938964844,293.1499938964844,280.3500061035156,35732.796875,36000.0,313.1499938964844,0.0,18000.0,1.0,0.0,0.0,0.0,1.0,0.946391463279724,1.0,0.0,0.0,3.655774116516113,3.6557981967926025,8.91768195288023e-07,4.265924453735352,4.265914440155029,9.78592834144365e-06,0.0,0.0,-0.0,6788.84765625,0.0,1537.599609375,1895.4371337890625,0.0,3830.395751953125,0.9064065217971802,1.0,0.0,3.0,1.0,0.0
12232980,297.07879638671875,297.1499938964844,293.1499938964844,0.0,-0.0,285.0698547363281,0.8804944753646851,0.4829189479351043,0.4371886253356933,297.2708435058594,297.1499938964844,293.1499938964844,0.0,-0.0,285.0697326660156,0.9592943787574768,0.6134504675865173,0.5821269154548645,297.41033935546875,297.1499938964844,293.1499938964844,0.0,-0.0,285.0698547363281,0.8757154941558838,0.4762971401214599,0.3346284031867981,297.22418212890625,297.1499938964844,293.1499938964844,0.0,-0.0,285.0700378417969,0.8013496398925781,0.3598595559597015,0.3442842364311218,297.1899719238281,297.1499938964844,293.1499938964844,0.0,-0.0,285.0704650878906,0.6911459565162659,0.228077232837677,1.0447288751602173,285.06982421875,284.95001220703125,300.3438720703125,289.5190734863281,298.2422790527344,297.2718200683594,285.0687866210937,1.0,0.6290217041969299,0.4198493957519531,0.4198493957519531,1.0,1.0,-3.2938387393951416,1.041189670562744,2.252649068832397,0.2948452532291412,0.9049988389015198,0.9049988389015198,0.0,190.99783325195312,169.0,46912.625,0.0,3109.55029296875,1.0,280.3577575683594,283.4213256835937,292.5648498535156,295.5832824707031,293.1499938964844,293.1499938964844,280.04998779296875,35818.07421875,36000.0,313.1499938964844,0.0,18000.0,1.0,0.0,0.0,0.0,1.0,0.9598018527030944,1.0,0.0,0.0,3.6632354259490967,3.663259744644165,8.954121426540951e-07,4.265924453735352,4.265914440155029,9.78592834144365e-06,0.0,0.0,-0.0,6977.2705078125,0.0,1546.5775146484375,1895.4371337890625,0.0,3950.819091796875,0.9081075191497804,1.0,0.0,3.0,1.0,0.0
12233040,297.07879638671875,297.1499938964844,293.1499938964844,0.0,-0.0,285.0698547363281,0.8804944753646851,0.4829189479351043,0.4371886253356933,297.2708435058594,297.1499938964844,293.1499938964844,0.0,-0.0,285.0697326660156,0.9592943787574768,0.6134504675865173,0.5821269154548645,297.41033935546875,297.1499938964844,293.1499938964844,0.0,-0.0,285.0698547363281,0.8757154941558838,0.4762971401214599,0.3346284031867981,297.22418212890625,297.1499938964844,293.1499938964844,0.0,-0.0,285.0700378417969,0.8013496398925781,0.3598595559597015,0.3442842364311218,297.1899719238281,297.1499938964844,293.1499938964844,0.0,-0.0,285.0704650878906,0.6911459565162659,0.228077232837677,1.0447288751602173,285.06982421875,284.95001220703125,300.3438720703125,289.5190734863281,298.2422790527344,297.2718200683594,285.0687866210937,1.0,0.6290217041969299,0.4198493957519531,0.4198493957519531,1.0,1.0,-3.2938387393951416,1.041189670562744,2.252649068832397,0.2948452532291412,0.9049988389015198,0.9049988389015198,0.0,190.99783325195312,169.0,46912.625,0.0,3109.55029296875,1.0,280.3577575683594,283.4213256835937,292.5648498535156,295.5832824707031,293.1499938964844,293.1499938964844,280.04998779296875,35818.07421875,36000.0,313.1499938964844,0.0,18000.0,1.0,0.0,0.0,0.0,1.0,0.9598018527030944,1.0,0.0,0.0,3.6632354259490967,3.663259744644165,8.954121426540951e-07,4.265924453735352,4.265914440155029,9.78592834144365e-06,0.0,0.0,-0.0,6977.2705078125,0.0,1546.5775146484375,1895.4371337890625,0.0,3950.819091796875,0.9081075191497804,1.0,0.0,3.0,1.0,0.0
12233100,297.07305908203125,297.1499938964844,293.1499938964844,0.0,-0.0,284.9331970214844,0.8864304423332214,0.4819092750549316,0.4362993538379669,297.2637939453125,297.1499938964844,293.1499938964844,0.0,-0.0,284.9324645996094,0.9665091633796692,0.6135284304618835,0.5822207927703857,297.4072265625,297.1499938964844,293.1499938964844,0.0,-0.0,284.9332580566406,0.8830245137214661,0.4776464104652405,0.3355427980422973,297.220947265625,297.1499938964844,293.1499938964844,0.0,-0.0,284.9344482421875,0.8073849081993103,0.3600163459777832,0.3443776965141296,297.1884460449219,297.1499938964844,293.1499938964844,0.0,-0.0,284.9374084472656,0.6965227723121643,0.2281850129365921,1.0447863340377808,284.93316650390625,284.95001220703125,300.3431701660156,289.5165100097656,298.2378234863281,297.2672424316406,284.926025390625,1.0,0.6262571215629578,0.4194166958332062,0.4194166958332062,1.0,1.0,-3.2941691875457764,1.040144443511963,2.254024744033813,0.2938044667243957,0.9035580158233644,0.9035580158233644,0.0,185.8983154296875,169.0,47929.84765625,0.0,3081.604248046875,1.0,280.100830078125,283.24493408203125,292.5955505371094,295.7411804199219,293.1499938964844,293.1499938964844,280.04998779296875,35916.86328125,36000.0,313.1499938964844,0.0,18000.0,1.0,0.0,0.0,0.0,1.0,0.9695038795471193,1.0,0.0,0.0,3.664618492126465,3.664642572402954,8.960883519648633e-07,4.265924453735352,4.265914440155029,9.78592834144365e-06,0.0,0.0,-0.0,6779.63330078125,0.0,1548.86865234375,1895.4371337890625,0.0,4036.837158203125,0.908447265625,1.0,0.0,3.0,1.0,0.0
12233160,297.065185546875,297.1499938964844,293.1499938964844,0.0,-0.0,284.8861083984375,0.8920912146568298,0.4806477725505829,0.4350446462631225,297.2540588378906,297.1499938964844,293.1499938964844,0.0,-0.0,284.885986328125,0.9731091260910034,0.6132923364639282,0.5819018483161926,297.4021301269531,297.1499938964844,293.1499938964844,0.0,-0.0,284.8861083984375,0.8901466131210327,0.4787718653678894,0.3362227380275726,297.2156982421875,297.1499938964844,293.1499938964844,0.0,-0.0,284.8863220214844,0.8129614591598511,0.3599480986595154,0.3441961407661438,297.1851501464844,297.1499938964844,293.1499938964844,0.0,-0.0,284.8868713378906,0.7016164064407349,0.2281027734279632,1.0438400506973269,284.8861083984375,284.95001220703125,300.3428039550781,289.5135192871094,298.2314453125,297.2601928710937,284.884765625,1.0,0.6232112050056458,0.4188770055770874,0.4188770055770874,1.0,1.0,-3.29174280166626,1.0378363132476809,2.25390625,0.2921002805233001,0.9026197791099548,0.9026197791099548,0.0,180.9554138183593,157.0,48037.5390625,0.0,3048.55712890625,1.0,280.0580139160156,283.1947631835937,292.5702514648437,295.68023681640625,293.1499938964844,293.1499938964844,279.75,36001.1171875,36000.0,313.1499938964844,0.0,18000.0,1.0,0.0,0.0,0.0,1.0,0.974332869052887,1.0,0.0,0.0,3.663813829421997,3.6638379096984863,8.956948818195087e-07,4.265924453735352,4.265914440155029,9.78592834144365e-06,0.0,0.0,-0.0,7114.0078125,0.0,1548.599853515625,1895.4371337890625,0.0,4079.270263671875,0.9083538055419922,1.0,0.0,3.0,1.0,0.0
12233220,297.0473327636719,297.1499938964844,293.1499938964844,0.0,-0.0,284.69842529296875,0.9043707847595216,0.4777681827545166,0.4322219789028168,297.2308959960937,297.1499938964844,293.1499938964844,0.0,-0.0,284.6982727050781,0.9860347509384156,0.6122688055038452,0.5807390213012695,297.3893127441406,297.1499938964844,293.1499938964844,0.0,-0.0,284.69842529296875,0.9054752588272096,0.4806715250015259,0.3373373448848724,297.2022399902344,297.1499938964844,293.1499938964844,0.0,-0.0,284.6986694335937,0.8243380784988403,0.3594226241111755,0.343440979719162,297.1756591796875,297.1499938964844,293.1499938964844,0.0,-0.0,284.69921875,0.712165355682373,0.2275913059711456,1.0402475595474243,284.69842529296875,284.95001220703125,300.34295654296875,289.5063781738281,298.2171325683594,297.2438049316406,284.697021484375,1.0,0.6164666414260864,0.4177975952625274,0.4177975952625274,1.0,1.0,-3.2830679416656494,1.031810641288757,2.2512574195861816,0.2880853414535522,0.8977035880088806,0.8977035880088806,0.0,170.82821655273438,145.0,49043.47265625,0.0,2973.070068359375,1.0,279.7581787109375,282.9675598144531,292.552490234375,295.73065185546875,293.1499938964844,293.1499938964844,280.04998779296875,36235.3359375,36000.0,313.1499938964844,0.0,18000.0,1.0,0.0,0.0,0.0,1.0,0.9860531687736512,1.0,0.0,0.0,3.655733585357666,3.6557576656341553,8.917484137782594e-07,4.265924453735352,4.265914440155029,9.78592834144365e-06,0.0,0.0,-0.0,6436.3046875,0.0,1541.3201904296875,1895.4371337890625,0.0,4181.1142578125,0.9067023992538452,1.0,0.0,3.0,1.0,0.0
12233280,297.0473327636719,297.1499938964844,293.1499938964844,0.0,-0.0,284.69842529296875,0.9043707847595216,0.4777681827545166,0.4322219789028168,297.2308959960937,297.1499938964844,293.1499938964844,0.0,-0.0,284.6982727050781,0.9860347509384156,0.6122688055038452,0.5807390213012695,297.3893127441406,297.1499938964844,293.1499938964844,0.0,-0.0,284.69842529296875,0.9054752588272096,0.4806715250015259,0.3373373448848724,297.2022399902344,297.1499938964844,293.1499938964844,0.0,-0.0,284.6986694335937,0.8243380784988403,0.3594226241111755,0.343440979719162,297.1756591796875,297.1499938964844,293.1499938964844,0.0,-0.0,284.69921875,0.712165355682373,0.2275913059711456,1.0402475595474243,284.69842529296875,284.95001220703125,300.34295654296875,289.5063781738281,298.2171325683594,297.2438049316406,284.697021484375,1.0,0.6164666414260864,0.4177975952625274,0.4177975952625274,1.0,1.0,-3.2830679416656494,1.031810641288757,2.2512574195861816,0.2880853414535522,0.8977035880088806,0.8977035880088806,0.0,170.82821655273438,145.0,49043.47265625,0.0,2973.070068359375,1.0,279.7581787109375,282.9675598144531,292.552490234375,295.73065185546875,293.1499938964844,293.1499938964844,280.04998779296875,36235.3359375,36000.0,313.1499938964844,0.0,18000.0,1.0,0.0,0.0,0.0,1.0,0.9860531687736512,1.0,0.0,0.0,3.655733585357666,3.6557576656341553,8.917484137782594e-07,4.265924453735352,4.265914440155029,9.78592834144365e-06,0.0,0.0,-0.0,6436.3046875,0.0,1541.3201904296875,1895.4371337890625,0.0,4181.1142578125,0.9067023992538452,1.0,0.0,3.0,1.0,0.0
12233340,297.05078125,297.1499938964844,293.1499938964844,0.0,-0.0,284.86114501953125,0.9225538372993468,0.4767894148826599,0.4303642511367798,297.2261047363281,297.1499938964844,293.1499938964844,0.0,-0.0,284.8612670898437,0.9990000128746032,0.6127809286117554,0.5786354541778564,297.3927917480469,297.1499938964844,293.1499938964844,0.0,-0.0,284.86114501953125,0.9271117448806764,0.4840350747108459,0.3389921486377716,297.1998291015625,297.1499938964844,293.1499938964844,0.0,-0.0,284.8609619140625,0.8389281630516052,0.3598210215568542,0.343044251203537,297.1732482910156,297.1499938964844,293.1499938964844,0.0,-0.0,284.8605041503906,0.7247308492660522,0.2276580929756164,1.0373928546905518,284.86114501953125,284.95001220703125,300.3441467285156,289.49774169921875,298.2141418457031,297.2431945800781,284.8620300292969,1.0,0.6093111634254456,0.4167181849479675,0.4167181849479675,1.0,1.0,-3.276144504547119,1.0264153480529783,2.2497291564941406,0.2843449115753174,0.8978490233421326,0.8978490233421326,0.0,159.606689453125,133.0,47856.78515625,0.0,2895.76953125,1.0,280.0422058105469,283.1737060546875,292.4607238769531,295.4955749511719,293.1499938964844,293.1499938964844,280.3500061035156,36141.4453125,36000.0,313.1499938964844,0.0,18000.0,1.0,0.0,0.0,0.0,1.0,0.9745835065841676,1.0,0.0,0.0,3.649730443954468,3.649754524230957,8.888221714187239e-07,4.265924453735352,4.265914440155029,9.78592834144365e-06,0.0,0.0,-0.0,6268.177734375,0.0,1533.9268798828125,1895.4371337890625,0.0,4081.46484375,0.9053241014480592,1.0,0.0,3.0,1.0,0.0
12233400,297.05078125,297.1499938964844,293.1499938964844,0.0,-0.0,284.86114501953125,0.9225538372993468,0.4767894148826599,0.4303642511367798,297.2261047363281,297.1499938964844,293.1499938964844,0.0,-0.0,284.8612670898437,0.9990000128746032,0.6127809286117554,0.5786354541778564,297.3927917480469,297.1499938964844,293.1499938964844,0.0,-0.0,284.86114501953125,0.9271117448806764,0.4840350747108459,0.3389921486377716,297.1998291015625,297.1499938964844,293.1499938964844,0.0,-0.0,284.8609619140625,0.8389281630516052,0.3598210215568542,0.343044251203537,297.1732482910156,297.1499938964844,293.1499938964844,0.0,-0.0,284.8605041503906,0.7247308492660522,0.2276580929756164,1.0373928546905518,284.86114501953125,284.95001220703125,300.3441467285156,289.49774169921875,298.2141418457031,297.2431945800781,284.8620300292969,1.0,0.6093111634254456,0.4167181849479675,0.4167181849479675,1.0,1.0,-3.276144504547119,1.0264153480529783,2.2497291564941406,0.2843449115753174,0.8978490233421326,0.8978490233421326,0.0,159.606689453125,133.0,47856.78515625,0.0,2895.76953125,1.0,280.0422058105469,283.1737060546875,292.4607238769531,295.4955749511719,293.1499938964844,293.1499938964844,280.3500061035156,36141.4453125,36000.0,313.1499938964844,0.0,18000.0,1.0,0.0,0.0,0.0,1.0,0.9745835065841676,1.0,0.0,0.0,3.649730443954468,3.649754524230957,8.888221714187239e-07,4.265924453735352,4.265914440155029,9.78592834144365e-06,0.0,0.0,-0.0,6268.177734375,0.0,1533.9268798828125,1895.4371337890625,0.0,4081.46484375,0.9053241014480592,1.0,0.0,3.0,1.0,0.0
12233460,297.0666198730469,297.1499938964844,293.1499938964844,0.0,-0.0,285.0238647460937,0.9409103393554688,0.4771305322647095,0.4301506578922272,297.2649230957031,297.1499938964844,293.1499938964844,0.0,-0.0,285.0238037109375,0.9990000128746032,0.617617130279541,0.5503186583518982,297.407470703125,297.1499938964844,293.1499938964844,0.0,-0.0,285.0238952636719,0.9484665989875792,0.4885881245136261,0.3417433202266693,297.2069396972656,297.1499938964844,293.1499938964844,0.0,-0.0,285.0238952636719,0.8533864617347717,0.3611675500869751,0.3437941670417785,297.1782531738281,297.1499938964844,293.1499938964844,0.0,-0.0,285.0238037109375,0.7365787625312805,0.2284529656171798,1.0386319160461426,285.0238647460937,284.95001220703125,300.34625244140625,289.4877624511719,298.22564697265625,297.262939453125,285.023681640625,1.0,0.6009091138839722,0.4160408973693847,0.4160408973693847,1.0,1.0,-3.25396990776062,1.0166963338851929,2.237273693084717,0.2780416011810303,0.9002456665039062,0.9002456665039062,0.0,149.81674194335938,121.0,46480.17578125,0.0,2789.31884765625,1.0,280.3417663574219,283.3822937011719,292.4346618652344,295.3714904785156,293.1499938964844,293.1499938964844,280.04998779296875,35969.35546875,36000.0,313.1499938964844,0.0,18000.0,1.0,0.0,0.0,0.0,1.0,0.9609490036964417,1.0,0.0,0.0,3.650423049926758,3.650447130203247,8.891595371096628e-07,4.265924453735352,4.265914440155029,9.78592834144365e-06,0.0,0.0,-0.0,6878.7119140625,0.0,1533.4100341796875,1895.4371337890625,0.0,3961.040771484375,0.905364155769348,1.0,0.0,3.0,1.0,0.0
12233520,297.0666198730469,297.1499938964844,293.1499938964844,0.0,-0.0,285.0238647460937,0.9409103393554688,0.4771305322647095,0.4301506578922272,297.2649230957031,297.1499938964844,293.1499938964844,0.0,-0.0,285.0238037109375,0.9990000128746032,0.617617130279541,0.5503186583518982,297.407470703125,297.1499938964844,293.1499938964844,0.0,-0.0,285.0238952636719,0.9484665989875792,0.4885881245136261,0.3417433202266693,297.2069396972656,297.1499938964844,293.1499938964844,0.0,-0.0,285.0238952636719,0.8533864617347717,0.3611675500869751,0.3437941670417785,297.1782531738281,297.1499938964844,293.1499938964844,0.0,-0.0,285.0238037109375,0.7365787625312805,0.2284529656171798,1.0386319160461426,285.0238647460937,284.95001220703125,300.34625244140625,289.4877624511719,298.22564697265625,297.262939453125,285.023681640625,1.0,0.6009091138839722,0.4160408973693847,0.4160408973693847,1.0,1.0,-3.25396990776062,1.0166963338851929,2.237273693084717,0.2780416011810303,0.9002456665039062,0.9002456665039062,0.0,149.81674194335938,121.0,46480.17578125,0.0,2789.31884765625,1.0,280.3417663574219,283.3822937011719,292.4346618652344,295.3714904785156,293.1499938964844,293.1499938964844,280.04998779296875,35969.35546875,36000.0,313.1499938964844,0.0,18000.0,1.0,0.0,0.0,0.0,1.0,0.9609490036964417,1.0,0.0,0.0,3.650423049926758,3.650447130203247,8.891595371096628e-07,4.265924453735352,4.265914440155029,9.78592834144365e-06,0.0,0.0,-0.0,6878.7119140625,0.0,1533.4100341796875,1895.4371337890625,0.0,3961.040771484375,0.905364155769348,1.0,0.0,3.0,1.0,0.0
12233580,297.06280517578125,297.1499938964844,293.1499938964844,0.0,-0.0,284.8314208984375,0.957382321357727,0.4757155179977417,0.4291670322418213,297.3245544433594,297.1499938964844,293.1499938964844,0.0,-0.0,284.8312683105469,0.9990000128746032,0.6251156330108643,0.5238513350486755,297.4073791503906,297.1499938964844,293.1499938964844,0.0,-0.0,284.8313903808594,0.9674580097198486,0.4918615221977234,0.3441290855407715,297.2049255371094,297.1499938964844,293.1499938964844,0.0,-0.0,284.8317565917969,0.8678079843521118,0.3616983890533447,0.3443224132061004,297.17822265625,297.1499938964844,293.1499938964844,0.0,-0.0,284.8326416015625,0.7483329772949219,0.228818878531456,1.0398144721984863,284.8314208984375,284.95001220703125,300.34918212890625,289.4765014648437,298.2388610839844,297.2854919433594,284.8290405273437,1.0,0.5910816788673401,0.415363609790802,0.415363609790802,1.0,1.0,-3.219723701477051,1.0024700164794922,2.2172539234161377,0.2731702327728271,0.8971381783485413,0.8971381783485413,0.0,140.8560333251953,141.0,47193.08203125,0.0,2675.1220703125,1.0,280.05780029296875,283.1551513671875,292.5024108886719,295.5517578125,293.1499938964844,293.1499938964844,280.3500061035156,36123.12109375,36000.0,313.1499938964844,0.0,18000.0,1.0,0.0,0.0,0.0,1.0,0.9701687693595886,1.0,0.0,0.0,3.6467318534851074,3.6467559337615967,8.873623187355406e-07,4.265924453735352,4.265914440155029,9.78592834144365e-06,0.0,0.0,-0.0,6251.51611328125,0.0,1530.4560546875,1895.4371337890625,0.0,4042.695068359375,0.904617190361023,1.0,0.0,3.0,1.0,0.0
12233640,297.06280517578125,297.1499938964844,293.1499938964844,0.0,-0.0,284.8314208984375,0.957382321357727,0.4757155179977417,0.4291670322418213,297.3245544433594,297.1499938964844,293.1499938964844,0.0,-0.0,284.8312683105469,0.9990000128746032,0.6251156330108643,0.5238513350486755,297.4073791503906,297.1499938964844,293.1499938964844,0.0,-0.0,284.8313903808594,0.9674580097198486,0.4918615221977234,0.3441290855407715,297.2049255371094,297.1499938964844,293.1499938964844,0.0,-0.0,284.8317565917969,0.8678079843521118,0.3616983890533447,0.3443224132061004,297.17822265625,297.1499938964844,293.1499938964844,0.0,-0.0,284.8326416015625,0.7483329772949219,0.228818878531456,1.0398144721984863,284.8314208984375,284.95001220703125,300.34918212890625,289.4765014648437,298.2388610839844,297.2854919433594,284.8290405273437,1.0,0.5910816788673401,0.415363609790802,0.415363609790802,1.0,1.0,-3.219723701477051,1.0024700164794922,2.2172539234161377,0.2731702327728271,0.8971381783485413,0.8971381783485413,0.0,140.8560333251953,141.0,47193.08203125,0.0,2675.1220703125,1.0,280.05780029296875,283.1551513671875,292.5024108886719,295.5517578125,293.1499938964844,293.1499938964844,280.3500061035156,36123.12109375,36000.0,313.1499938964844,0.0,18000.0,1.0,0.0,0.0,0.0,1.0,0.9701687693595886,1.0,0.0,0.0,3.6467318534851074,3.6467559337615967,8.873623187355406e-07,4.265924453735352,4.265914440155029,9.78592834144365e-06,0.0,0.0,-0.0,6251.51611328125,0.0,1530.4560546875,1895.4371337890625,0.0,4042.695068359375,0.904617190361023,1.0,0.0,3.0,1.0,0.0
12233700,297.063232421875,297.1499938964844,293.1499938964844,0.0,-0.0,284.94683837890625,0.959363043308258,0.4751971662044525,0.4283819198608398,297.3553771972656,297.1499938964844,293.1499938964844,0.0,-0.0,284.9472961425781,0.9990000128746032,0.6292474865913391,0.5198370218276978,297.40899658203125,297.1499938964844,293.1499938964844,0.0,-0.0,284.94696044921875,0.9708460569381714,0.4936466515064239,0.3451585173606872,297.2043762207031,297.1499938964844,293.1499938964844,0.0,-0.0,284.9457397460937,0.8701255321502686,0.361989676952362,0.3444140255451202,297.17852783203125,297.1499938964844,293.1499938964844,0.0,-0.0,284.9429016113281,0.7502344846725464,0.2290249764919281,1.0400712490081787,284.9468688964844,284.95001220703125,300.3509216308594,289.470458984375,298.24884033203125,297.3006286621094,284.9538269042969,1.0,0.590451180934906,0.415024995803833,0.415024995803833,1.0,1.0,-3.2155649662017822,1.0001097917556765,2.2154550552368164,0.2712078094482422,0.898208737373352,0.898208737373352,0.0,139.53138732910156,141.0,46182.203125,0.0,2659.5146484375,1.0,280.3012084960937,283.3117980957031,292.43316650390625,295.33074951171875,293.1499938964844,293.1499938964844,280.3500061035156,36063.13671875,36000.0,313.1499938964844,0.0,18000.0,1.0,0.0,0.0,0.0,1.0,0.963191568851471,1.0,0.0,0.0,3.6453278064727774,3.645351648330689,8.866790608408337e-07,4.265924453735352,4.265914440155029,9.78592834144365e-06,0.0,0.0,-0.0,6402.61865234375,0.0,1528.448486328125,1895.4371337890625,0.0,3980.984130859375,0.9043157696723938,1.0,0.0,3.0,1.0,0.0
12233760,297.06890869140625,297.1499938964844,293.1499938964844,0.0,-0.0,284.994140625,0.9583174586296082,0.4752074778079986,0.4282357692718506,297.3796691894531,297.1499938964844,293.1499938964844,0.0,-0.0,284.9942626953125,0.9990000128746032,0.6329401135444641,0.5212737321853638,297.4149475097656,297.1499938964844,293.1499938964844,0.0,-0.0,284.9941711425781,0.9712848663330078,0.4958693981170654,0.3465978801250458,297.2069091796875,297.1499938964844,293.1499938964844,0.0,-0.0,284.993896484375,0.869713544845581,0.3625843226909637,0.3448789715766907,297.1810913085937,297.1499938964844,293.1499938964844,0.0,-0.0,284.9932556152344,0.7499404549598694,0.2294567376375198,1.0416706800460815,284.994140625,284.95001220703125,300.352783203125,289.464111328125,298.2602233886719,297.3164978027344,284.99591064453125,1.0,0.5918312072753906,0.4148992598056793,0.4148992598056793,1.0,1.0,-3.221311569213867,1.0018174648284912,2.219494104385376,0.2714210450649261,0.899013876914978,0.899013876914978,0.0,140.16183471679688,161.0,46119.75390625,0.0,2674.568603515625,1.0,280.34210205078125,283.3617248535156,292.42608642578125,295.346923828125,293.1499938964844,293.1499938964844,280.6499938964844,35991.46875,36000.0,313.1499938964844,0.0,18000.0,1.0,0.0,0.0,0.0,1.0,0.9589583277702332,1.0,0.0,0.0,3.646167278289795,3.646191358566284,8.870875376487675e-07,4.265924453735352,4.265914440155029,9.78592834144365e-06,0.0,0.0,-0.0,6099.2880859375,0.0,1528.844970703125,1895.4371337890625,0.0,3943.294921875,0.9044286608695984,1.0,0.0,3.0,1.0,0.0
12233820,297.0877380371094,297.1499938964844,293.1499938964844,0.0,-0.0,285.20025634765625,0.949391543865204,0.4760782718658447,0.4289180338382721,297.40283203125,297.1499938964844,293.1499938964844,0.0,-0.0,285.200439453125,0.9990000128746032,0.6382288336753845,0.5357978940010071,297.4333190917969,297.1499938964844,293.1499938964844,0.0,-0.0,285.2003173828125,0.9657799601554872,0.5010800361633301,0.3501509130001068,297.217529296875,297.1499938964844,293.1499938964844,0.0,-0.0,285.19989013671875,0.8631507754325867,0.3643713891506195,0.3465303778648376,297.1903076171875,297.1499938964844,293.1499938964844,0.0,-0.0,285.1990051269531,0.744772732257843,0.2307798266410827,1.047660231590271,285.2002868652344,284.95001220703125,300.3569641113281,289.45068359375,298.2783203125,297.33984375,285.2027893066406,1.0,0.5995435118675232,0.4146478176116943,0.4146478176116943,1.0,1.0,-3.253028154373169,1.0125441551208496,2.24048376083374,0.2747765779495239,0.9040133357048036,0.9040133357048036,0.0,145.59521484375,181.0,45360.125,0.0,2769.322021484375,1.0,280.6417541503906,283.60406494140625,292.4065856933594,295.2586364746094,293.1499938964844,293.1499938964844,280.3500061035156,35760.46484375,36000.0,313.1499938964844,0.0,18000.0,1.0,0.0,0.0,0.0,1.0,0.9469777941703796,1.0,0.0,0.0,3.654340505599976,3.6543643474578857,8.910689075491973e-07,4.265924453735352,4.265914440155029,9.78592834144365e-06,0.0,0.0,-0.0,6741.859375,0.0,1536.20849609375,1895.4371337890625,0.0,3835.695068359375,0.9061058759689332,1.0,0.0,3.0,1.0,0.0
12233880,297.0877380371094,297.1499938964844,293.1499938964844,0.0,-0.0,285.20025634765625,0.949391543865204,0.4760782718658447,0.4289180338382721,297.40283203125,297.1499938964844,293.1499938964844,0.0,-0.0,285.200439453125,0.9990000128746032,0.6382288336753845,0.5357978940010071,297.4333190917969,297.1499938964844,293.1499938964844,0.0,-0.0,285.2003173828125,0.9657799601554872,0.5010800361633301,0.3501509130001068,297.217529296875,297.1499938964844,293.1499938964844,0.0,-0.0,285.19989013671875,0.8631507754325867,0.3643713891506195,0.3465303778648376,297.1903076171875,297.1499938964844,293.1499938964844,0.0,-0.0,285.1990051269531,0.744772732257843,0.2307798266410827,1.047660231590271,285.2002868652344,284.95001220703125,300.3569641113281,289.45068359375,298.2783203125,297.33984375,285.2027893066406,1.0,0.5995435118675232,0.4146478176116943,0.4146478176116943,1.0,1.0,-3.253028154373169,1.0125441551208496,2.24048376083374,0.2747765779495239,0.9040133357048036,0.9040133357048036,0.0,145.59521484375,181.0,45360.125,0.0,2769.322021484375,1.0,280.6417541503906,283.60406494140625,292.4065856933594,295.2586364746094,293.1499938964844,293.1499938964844,280.3500061035156,35760.46484375,36000.0,313.1499938964844,0.0,18000.0,1.0,0.0,0.0,0.0,1.0,0.9469777941703796,1.0,0.0,0.0,3.654340505599976,3.6543643474578857,8.910689075491973e-07,4.265924453735352,4.265914440155029,9.78592834144365e-06,0.0,0.0,-0.0,6741.859375,0.0,1536.20849609375,1895.4371337890625,0.0,3835.695068359375,0.9061058759689332,1.0,0.0,3.0,1.0,0.0
12233940,297.0886535644531,297.1499938964844,293.1499938964844,0.0,-0.0,285.0699768066406,0.9311161041259766,0.4754087626934051,0.4291396737098694,297.3726806640625,297.1499938964844,293.1499938964844,0.0,-0.0,285.07000732421875,0.9990000128746032,0.6384430527687073,0.5641146302223206,297.4374389648437,297.1499938964844,293.1499938964844,0.0,-0.0,285.0699768066406,0.9516360759735109,0.5051069855690002,0.3534966111183166,297.21929931640625,297.1499938964844,293.1499938964844,0.0,-0.0,285.0699768066406,0.8500313758850098,0.3654226064682007,0.3481462001800537,297.193359375,297.1499938964844,293.1499938964844,0.0,-0.0,285.0699462890625,0.7342828512191772,0.2316112071275711,1.0539789199829102,285.0699768066406,284.95001220703125,300.3615417480469,289.4363098144531,298.2729797363281,297.3282165527344,285.0704345703125,1.0,0.6119557023048401,0.4143963456153869,0.4143963456153869,1.0,1.0,-3.300899267196656,1.0290014743804932,2.271897792816162,0.280486911535263,0.9044874310493468,0.9044874310493468,0.0,155.97447204589844,199.0,46955.171875,0.0,2927.84765625,1.0,280.3577575683594,283.4238586425781,292.4871520996094,295.4997863769531,293.1499938964844,293.1499938964844,280.04998779296875,35827.390625,36000.0,313.1499938964844,0.0,18000.0,1.0,0.0,0.0,0.0,1.0,0.9612798690795898,1.0,0.0,0.0,3.66131329536438,3.661337375640869,8.944726346271636e-07,4.265924453735352,4.265914440155029,9.78592834144365e-06,0.0,0.0,-0.0,6958.94775390625,0.0,1544.4959716796875,1895.4371337890625,0.0,3963.986328125,0.9076881408691406,1.0,0.0,3.0,1.0,0.0
12234000,297.0886535644531,297.1499938964844,293.1499938964844,0.0,-0.0,285.0699768066406,0.9311161041259766,0.4754087626934051,0.4291396737098694,297.3726806640625,297.1499938964844,293.1499938964844,0.0,-0.0,285.07000732421875,0.9990000128746032,0.6384430527687073,0.5641146302223206,297.4374389648437,297.1499938964844,293.1499938964844,0.0,-0.0,285.0699768066406,0.9516360759735109,0.5051069855690002,0.3534966111183166,297.21929931640625,297.1499938964844,293.1499938964844,0.0,-0.0,285.0699768066406,0.8500313758850098,0.3654226064682007,0.3481462001800537,297.193359375,297.1499938964844,293.1499938964844,0.0,-0.0,285.0699462890625,0.7342828512191772,0.2316112071275711,1.0539789199829102,285.0699768066406,284.95001220703125,300.3615417480469,289.4363098144531,298.2729797363281,297.3282165527344,285.0704345703125,1.0,0.6119557023048401,0.4143963456153869,0.4143963456153869,1.0,1.0,-3.300899267196656,1.0290014743804932,2.271897792816162,0.280486911535263,0.9044874310493468,0.9044874310493468,0.0,155.97447204589844,199.0,46955.171875,0.0,2927.84765625,1.0,280.3577575683594,283.4238586425781,292.4871520996094,295.4997863769531,293.1499938964844,293.1499938964844,280.04998779296875,35827.390625,36000.0,313.1499938964844,0.0,18000.0,1.0,0.0,0.0,0.0,1.0,0.9612798690795898,1.0,0.0,0.0,3.66131329536438,3.661337375640869,8.944726346271636e-07,4.265924453735352,4.265914440155029,9.78592834144365e-06,0.0,0.0,-0.0,6958.94775390625,0.0,1544.4959716796875,1895.4371337890625,0.0,3963.986328125,0.9076881408691406,1.0,0.0,3.0,1.0,0.0
12234060,297.076171875,297.1499938964844,293.1499938964844,0.0,-0.0,284.92547607421875,0.9073129892349244,0.473373532295227,0.4279874563217163,297.29119873046875,297.1499938964844,293.1499938964844,0.0,-0.0,284.9255065917969,0.9990000128746032,0.6330505013465881,0.6005704402923584,297.4294738769531,297.1499938964844,293.1499938964844,0.0,-0.0,284.92547607421875,0.9308596849441528,0.507949948310852,0.3559633195400238,297.2109069824219,297.1499938964844,293.1499938964844,0.0,-0.0,284.9254455566406,0.833244264125824,0.3654574155807495,0.3488442003726959,297.1873474121094,297.1499938964844,293.1499938964844,0.0,-0.0,284.9254455566406,0.720238983631134,0.2315608561038971,1.056859016418457,284.92547607421875,284.95001220703125,300.3664245605469,289.4211120605469,298.2440795898437,297.2864990234375,284.9258728027344,1.0,0.6262623071670532,0.4128789007663727,0.4128789007663727,1.0,1.0,-3.3507285118103027,1.042702317237854,2.3080263137817383,0.2833147943019867,0.9028835892677308,0.9028835892677308,0.0,169.98611450195312,217.0,48582.15234375,0.0,3115.71240234375,1.0,280.0581359863281,283.229248046875,292.49127197265625,295.6234436035156,293.1499938964844,293.1499938964844,279.75,35970.6796875,36000.0,313.1499938964844,0.0,18000.0,1.0,0.0,0.0,0.0,1.0,0.9785335063934326,1.0,0.0,0.0,3.6628260612487793,3.662850141525269,8.952119401328673e-07,4.265924453735352,4.265914440155029,9.78592834144365e-06,0.0,0.0,-0.0,7140.93115234375,0.0,1547.2647705078125,1895.4371337890625,0.0,4115.962890625,0.9081189632415771,1.0,0.0,3.0,1.0,0.0
12234120,297.076171875,297.1499938964844,293.1499938964844,0.0,-0.0,284.92547607421875,0.9073129892349244,0.473373532295227,0.4279874563217163,297.29119873046875,297.1499938964844,293.1499938964844,0.0,-0.0,284.9255065917969,0.9990000128746032,0.6330505013465881,0.6005704402923584,297.4294738769531,297.1499938964844,293.1499938964844,0.0,-0.0,284.92547607421875,0.9308596849441528,0.507949948310852,0.3559633195400238,297.2109069824219,297.1499938964844,293.1499938964844,0.0,-0.0,284.9254455566406,0.833244264125824,0.3654574155807495,0.3488442003726959,297.1873474121094,297.1499938964844,293.1499938964844,0.0,-0.0,284.9254455566406,0.720238983631134,0.2315608561038971,1.056859016418457,284.92547607421875,284.95001220703125,300.3664245605469,289.4211120605469,298.2440795898437,297.2864990234375,284.9258728027344,1.0,0.6262623071670532,0.4128789007663727,0.4128789007663727,1.0,1.0,-3.3507285118103027,1.042702317237854,2.3080263137817383,0.2833147943019867,0.9028835892677308,0.9028835892677308,0.0,169.98611450195312,217.0,48582.15234375,0.0,3115.71240234375,1.0,280.0581359863281,283.229248046875,292.49127197265625,295.6234436035156,293.1499938964844,293.1499938964844,279.75,35970.6796875,36000.0,313.1499938964844,0.0,18000.0,1.0,0.0,0.0,0.0,1.0,0.9785335063934326,1.0,0.0,0.0,3.6628260612487793,3.662850141525269,8.952119401328673e-07,4.265924453735352,4.265914440155029,9.78592834144365e-06,0.0,0.0,-0.0,7140.93115234375,0.0,1547.2647705078125,1895.4371337890625,0.0,4115.962890625,0.9081189632415771,1.0,0.0,3.0,1.0,0.0
12234180,297.0564880371094,297.1499938964844,293.1499938964844,0.0,-0.0,284.7469787597656,0.8739131093025208,0.4704510867595672,0.4264373481273651,297.2167663574219,297.1499938964844,293.1499938964844,0.0,-0.0,284.746826171875,0.9681182503700256,0.6272484064102173,0.5963345170021057,297.4141845703125,297.1499938964844,293.1499938964844,0.0,-0.0,284.7469482421875,0.8971447348594666,0.5099475383758545,0.3581576943397522,297.1952819824219,297.1499938964844,293.1499938964844,0.0,-0.0,284.7471618652344,0.8059978485107422,0.3646535575389862,0.3491831123828888,297.1741943359375,297.1499938964844,293.1499938964844,0.0,-0.0,284.7476806640625,0.6949858069419861,0.2307074815034866,1.0581704378128052,284.7469482421875,284.95001220703125,300.3715209960937,289.4052124023437,298.2171936035156,297.2509155273437,284.74591064453125,1.0,0.6380260586738586,0.411361426115036,0.411361426115036,1.0,1.0,-3.348440408706665,1.0376673936843872,2.3107731342315674,0.2793001234531402,0.8987082242965698,0.8987082242965698,0.0,192.7115173339844,235.0,49680.71484375,0.0,3240.522705078125,1.0,279.7581787109375,283.0076599121094,292.4659729003906,295.6829833984375,293.1499938964844,293.1499938964844,280.04998779296875,36178.74609375,36000.0,313.1499938964844,0.0,18000.0,1.0,0.0,0.0,0.0,1.0,0.99341481924057,1.0,0.0,0.0,3.656911849975586,3.6569361686706543,8.923234418034554e-07,4.265924453735352,4.265914440155029,9.78592834144365e-06,0.0,0.0,-0.0,6468.1357421875,0.0,1542.2119140625,1895.4371337890625,0.0,4244.1953125,0.906928539276123,1.0,0.0,3.0,1.0,0.0
12234240,297.0564880371094,297.1499938964844,293.1499938964844,0.0,-0.0,284.7469787597656,0.8739131093025208,0.4704510867595672,0.4264373481273651,297.2167663574219,297.1499938964844,293.1499938964844,0.0,-0.0,284.746826171875,0.9681182503700256,0.6272484064102173,0.5963345170021057,297.4141845703125,297.1499938964844,293.1499938964844,0.0,-0.0,284.7469482421875,0.8971447348594666,0.5099475383758545,0.3581576943397522,297.1952819824219,297.1499938964844,293.1499938964844,0.0,-0.0,284.7471618652344,0.8059978485107422,0.3646535575389862,0.3491831123828888,297.1741943359375,297.1499938964844,293.1499938964844,0.0,-0.0,284.7476806640625,0.6949858069419861,0.2307074815034866,1.0581704378128052,284.7469482421875,284.95001220703125,300.3715209960937,289.4052124023437,298.2171936035156,297.2509155273437,284.74591064453125,1.0,0.6380260586738586,0.411361426115036,0.411361426115036,1.0,1.0,-3.348440408706665,1.0376673936843872,2.3107731342315674,0.2793001234531402,0.8987082242965698,0.8987082242965698,0.0,192.7115173339844,235.0,49680.71484375,0.0,3240.522705078125,1.0,279.7581787109375,283.0076599121094,292.4659729003906,295.6829833984375,293.1499938964844,293.1499938964844,280.04998779296875,36178.74609375,36000.0,313.1499938964844,0.0,18000.0,1.0,0.0,0.0,0.0,1.0,0.99341481924057,1.0,0.0,0.0,3.656911849975586,3.6569361686706543,8.923234418034554e-07,4.265924453735352,4.265914440155029,9.78592834144365e-06,0.0,0.0,-0.0,6468.1357421875,0.0,1542.2119140625,1895.4371337890625,0.0,4244.1953125,0.906928539276123,1.0,0.0,3.0,1.0,0.0
12234300,297.0532531738281,297.1499938964844,293.1499938964844,0.0,-0.0,284.8685302734375,0.8612070083618164,0.4695338904857635,0.425665020942688,297.1987609863281,297.1499938964844,293.1499938964844,0.0,-0.0,284.869384765625,0.9533211588859558,0.6258957982063293,0.5949148535728455,297.41180419921875,297.1499938964844,293.1499938964844,0.0,-0.0,284.8688049316406,0.8852188587188721,0.5113810896873474,0.3592329025268554,297.1905212402344,297.1499938964844,293.1499938964844,0.0,-0.0,284.8675537109375,0.7945215702056885,0.3644701540470123,0.3492405116558075,297.1694641113281,297.1499938964844,293.1499938964844,0.0,-0.0,284.86480712890625,0.684661328792572,0.2303915470838546,1.0581690073013306,284.86871337890625,284.95001220703125,300.3740539550781,289.39703369140625,298.2112731933594,297.2440185546875,284.8752746582031,1.0,0.6434008479118347,0.4106026887893677,0.4106026887893677,1.0,1.0,-3.347071409225464,1.0350840091705322,2.311987400054932,0.2770001292228699,0.8993348479270935,0.8993348479270935,0.0,203.1461334228516,235.0,48678.02734375,0.0,3297.162353515625,1.0,280.0014953613281,283.1680603027344,292.3795166015625,295.4385681152344,293.1499938964844,293.1499938964844,280.04998779296875,36129.6171875,36000.0,313.1499938964844,0.0,18000.0,1.0,0.0,0.0,0.0,1.0,0.9875558018684388,1.0,0.0,0.0,3.6542158126831055,3.6542398929595934,8.91008198777854e-07,4.265924453735352,4.265914440155029,9.78592834144365e-06,0.0,0.0,-0.0,6625.0185546875,0.0,1538.8349609375,1895.4371337890625,0.0,4194.04736328125,0.9063453078269958,1.0,0.0,3.0,1.0,0.0
12234360,297.0560302734375,297.1499938964844,293.1499938964844,0.0,-0.0,284.91278076171875,0.8514226675033569,0.4691959023475647,0.4255214929580688,297.1915283203125,297.1499938964844,293.1499938964844,0.0,-0.0,284.9129333496094,0.9408613443374634,0.6254899501800537,0.5945242643356323,297.41461181640625,297.1499938964844,293.1499938964844,0.0,-0.0,284.9128112792969,0.876069188117981,0.5133134722709656,0.3607121706008911,297.1898498535156,297.1499938964844,293.1499938964844,0.0,-0.0,284.91259765625,0.785451352596283,0.3646574020385742,0.349644124507904,297.1676940917969,297.1499938964844,293.1499938964844,0.0,-0.0,284.9120788574219,0.6765226125717163,0.2303418815135955,1.0591959953308103,284.9128112792969,284.95001220703125,300.3766174316406,289.3887023925781,298.21051025390625,297.24383544921875,284.9140930175781,1.0,0.6487942337989807,0.4100196063518524,0.4100196063518524,1.0,1.0,-3.3499205112457275,1.0344500541687012,2.3154704570770264,0.2756398022174835,0.8995663523674011,0.8995663523674011,0.0,212.60562133789065,253.0,48560.3359375,0.0,3357.742431640625,1.0,280.04229736328125,283.216064453125,292.3614196777344,295.439208984375,293.1499938964844,293.1499938964844,280.3500061035156,36073.8359375,36000.0,313.1499938964844,0.0,18000.0,1.0,0.0,0.0,0.0,1.0,0.9839321970939636,1.0,0.0,0.0,3.6534173488616943,3.653441429138184,8.906188782020763e-07,4.265924453735352,4.265914440155029,9.78592834144365e-06,0.0,0.0,-0.0,6300.138671875,0.0,1537.5269775390625,1895.4371337890625,0.0,4162.80908203125,0.9061029553413392,1.0,0.0,3.0,1.0,0.0
12234420,297.0697937011719,297.1499938964844,293.1499938964844,0.0,-0.0,285.1006774902344,0.8362458944320679,0.4693895876407623,0.4260927140712738,297.19415283203125,297.1499938964844,293.1499938964844,0.0,-0.0,285.10089111328125,0.9205213785171508,0.6262634992599487,0.5954585671424866,297.42779541015625,297.1499938964844,293.1499938964844,0.0,-0.0,285.10076904296875,0.8620545864105225,0.5179939270019531,0.3642721772193908,297.195556640625,297.1499938964844,293.1499938964844,0.0,-0.0,285.1004638671875,0.771227240562439,0.3657331764698028,0.3511165976524353,297.17010498046875,297.1499938964844,293.1499938964844,0.0,-0.0,285.0998840332031,0.6638891100883484,0.2308007180690765,1.0636268854141235,285.1007385253906,284.95001220703125,300.3816833496094,289.3717346191406,298.2158203125,297.2528381347656,285.1022644042969,1.0,0.659794807434082,0.4088533818721771,0.4088533818721771,1.0,1.0,-3.3631012439727783,1.0358636379241943,2.327237606048584,0.274040013551712,0.9031336903572084,0.9031336903572084,0.0,230.33493041992188,256.0,47538.3515625,0.0,3489.822998046875,1.0,280.341796875,283.445068359375,292.3282775878906,295.32196044921875,293.1499938964844,293.1499938964844,280.04998779296875,35876.765625,36000.0,313.1499938964844,0.0,18000.0,1.0,0.0,0.0,0.0,1.0,0.9720951914787292,1.0,0.0,0.0,3.657386064529419,3.657410144805908,8.925548513616377e-07,4.265924453735352,4.265914440155029,9.78592834144365e-06,0.0,0.0,-0.0,6944.55615234375,0.0,1540.4776611328125,1895.4371337890625,0.0,4059.640380859375,0.9068629145622252,1.0,0.0,3.0,1.0,0.0
12234480,297.0697937011719,297.1499938964844,293.1499938964844,0.0,-0.0,285.1006774902344,0.8362458944320679,0.4693895876407623,0.4260927140712738,297.19415283203125,297.1499938964844,293.1499938964844,0.0,-0.0,285.10089111328125,0.9205213785171508,0.6262634992599487,0.5954585671424866,297.42779541015625,297.1499938964844,293.1499938964844,0.0,-0.0,285.10076904296875,0.8620545864105225,0.5179939270019531,0.3642721772193908,297.195556640625,297.1499938964844,293.1499938964844,0.0,-0.0,285.1004638671875,0.771227240562439,0.3657331764698028,0.3511165976524353,297.17010498046875,297.1499938964844,293.1499938964844,0.0,-0.0,285.0998840332031,0.6638891100883484,0.2308007180690765,1.0636268854141235,285.1007385253906,284.95001220703125,300.3816833496094,289.3717346191406,298.2158203125,297.2528381347656,285.1022644042969,1.0,0.659794807434082,0.4088533818721771,0.4088533818721771,1.0,1.0,-3.3631012439727783,1.0358636379241943,2.327237606048584,0.274040013551712,0.9031336903572084,0.9031336903572084,0.0,230.33493041992188,256.0,47538.3515625,0.0,3489.822998046875,1.0,280.341796875,283.445068359375,292.3282775878906,295.32196044921875,293.1499938964844,293.1499938964844,280.04998779296875,35876.765625,36000.0,313.1499938964844,0.0,18000.0,1.0,0.0,0.0,0.0,1.0,0.9720951914787292,1.0,0.0,0.0,3.657386064529419,3.657410144805908,8.925548513616377e-07,4.265924453735352,4.265914440155029,9.78592834144365e-06,0.0,0.0,-0.0,6944.55615234375,0.0,1540.4776611328125,1895.4371337890625,0.0,4059.640380859375,0.9068629145622252,1.0,0.0,3.0,1.0,0.0
12234540,297.0661926269531,297.1499938964844,293.1499938964844,0.0,-0.0,284.94293212890625,0.8272625803947449,0.4680333733558655,0.4258099198341369,297.1864318847656,297.1499938964844,293.1499938964844,0.0,-0.0,284.9427795410156,0.909130871295929,0.6260625123977661,0.5961580872535706,297.42681884765625,297.1499938964844,293.1499938964844,0.0,-0.0,284.94287109375,0.8548016548156738,0.5214332938194275,0.3673058152198791,297.1933288574219,297.1499938964844,293.1499938964844,0.0,-0.0,284.9430847167969,0.7632900476455688,0.3660996258258819,0.352199375629425,297.168212890625,297.1499938964844,293.1499938964844,0.0,-0.0,284.9435119628906,0.6568909287452698,0.2308746576309204,1.0669527053833008,284.9429016113281,284.95001220703125,300.38653564453125,289.3543701171875,298.21295166015625,297.2504577636719,284.94189453125,1.0,0.6665575504302979,0.4076871573925018,0.4076871573925018,1.0,1.0,-3.372570037841797,1.0359185934066772,2.336651563644409,0.2722735702991485,0.9017425179481506,0.9017425179481506,0.0,241.807373046875,259.0,48733.47265625,0.0,3578.03271484375,1.0,280.0577697753906,283.2440185546875,292.393798828125,295.5270080566406,293.1499938964844,293.1499938964844,279.75,35983.98828125,36000.0,313.1499938964844,0.0,18000.0,1.0,0.0,0.0,0.0,1.0,0.9839720726013184,1.0,0.0,0.0,3.658689975738525,3.658714056015015,8.93191383966041e-07,4.265924453735352,4.265914440155029,9.78592834144365e-06,0.0,0.0,-0.0,7131.83203125,0.0,1542.738037109375,1895.4371337890625,0.0,4163.15380859375,0.9072025418281556,1.0,0.0,3.0,1.0,0.0
12234600,297.0661926269531,297.1499938964844,293.1499938964844,0.0,-0.0,284.94293212890625,0.8272625803947449,0.4680333733558655,0.4258099198341369,297.1864318847656,297.1499938964844,293.1499938964844,0.0,-0.0,284.9427795410156,0.909130871295929,0.6260625123977661,0.5961580872535706,297.42681884765625,297.1499938964844,293.1499938964844,0.0,-0.0,284.94287109375,0.8548016548156738,0.5214332938194275,0.3673058152198791,297.1933288574219,297.1499938964844,293.1499938964844,0.0,-0.0,284.9430847167969,0.7632900476455688,0.3660996258258819,0.352199375629425,297.168212890625,297.1499938964844,293.1499938964844,0.0,-0.0,284.9435119628906,0.6568909287452698,0.2308746576309204,1.0669527053833008,284.9429016113281,284.95001220703125,300.38653564453125,289.3543701171875,298.21295166015625,297.2504577636719,284.94189453125,1.0,0.6665575504302979,0.4076871573925018,0.4076871573925018,1.0,1.0,-3.372570037841797,1.0359185934066772,2.336651563644409,0.2722735702991485,0.9017425179481506,0.9017425179481506,0.0,241.807373046875,259.0,48733.47265625,0.0,3578.03271484375,1.0,280.0577697753906,283.2440185546875,292.393798828125,295.5270080566406,293.1499938964844,293.1499938964844,279.75,35983.98828125,36000.0,313.1499938964844,0.0,18000.0,1.0,0.0,0.0,0.0,1.0,0.9839720726013184,1.0,0.0,0.0,3.658689975738525,3.658714056015015,8.93191383966041e-07,4.265924453735352,4.265914440155029,9.78592834144365e-06,0.0,0.0,-0.0,7131.83203125,0.0,1542.738037109375,1895.4371337890625,0.0,4163.15380859375,0.9072025418281556,1.0,0.0,3.0,1.0,0.0
12234660,297.0497741699219,297.1499938964844,293.1499938964844,0.0,-0.0,284.7608337402344,0.8196415901184082,0.4653160274028778,0.4239407479763031,297.1654663085937,297.1499938964844,293.1499938964844,0.0,-0.0,284.7606506347656,0.9005619287490845,0.6244109869003296,0.595238983631134,297.4142150878906,297.1499938964844,293.1499938964844,0.0,-0.0,284.7607421875,0.8492968082427979,0.5236706137657166,0.3692694306373596,297.1815185546875,297.1499938964844,293.1499938964844,0.0,-0.0,284.7610168457031,0.7569243311882019,0.3654580414295196,0.3521426022052765,297.15924072265625,297.1499938964844,293.1499938964844,0.0,-0.0,284.76153564453125,0.6511995196342468,0.2302029728889465,1.0663318634033203,284.7607727050781,284.95001220703125,300.3910522460937,289.3367614746094,298.2021789550781,297.2369689941406,284.7594909667969,1.0,0.6706506013870239,0.4066679179668426,0.4066679179668426,1.0,1.0,-3.370774030685425,1.0324009656906128,2.3383731842041016,0.2693884670734405,0.8976998925209045,0.8976998925209045,0.0,250.4463653564453,247.0,49819.3125,0.0,3623.50732421875,1.0,279.7582092285156,283.0211181640625,292.38818359375,295.6090087890625,293.1499938964844,293.1499938964844,280.04998779296875,36182.06640625,36000.0,313.1499938964844,0.0,18000.0,1.0,0.0,0.0,0.0,1.0,0.9973325133323668,1.0,0.0,0.0,3.652541399002075,3.652565479278565,8.90191813596175e-07,4.265924453735352,4.265914440155029,9.78592834144365e-06,0.0,0.0,-0.0,6462.7255859375,0.0,1537.361083984375,1895.4371337890625,0.0,4277.46826171875,0.9059557914733888,1.0,0.0,3.0,1.0,0.0
12234720,297.0497741699219,297.1499938964844,293.1499938964844,0.0,-0.0,284.7608337402344,0.8196415901184082,0.4653160274028778,0.4239407479763031,297.1654663085937,297.1499938964844,293.1499938964844,0.0,-0.0,284.7606506347656,0.9005619287490845,0.6244109869003296,0.595238983631134,297.4142150878906,297.1499938964844,293.1499938964844,0.0,-0.0,284.7607421875,0.8492968082427979,0.5236706137657166,0.3692694306373596,297.1815185546875,297.1499938964844,293.1499938964844,0.0,-0.0,284.7610168457031,0.7569243311882019,0.3654580414295196,0.3521426022052765,297.15924072265625,297.1499938964844,293.1499938964844,0.0,-0.0,284.76153564453125,0.6511995196342468,0.2302029728889465,1.0663318634033203,284.7607727050781,284.95001220703125,300.3910522460937,289.3367614746094,298.2021789550781,297.2369689941406,284.7594909667969,1.0,0.6706506013870239,0.4066679179668426,0.4066679179668426,1.0,1.0,-3.370774030685425,1.0324009656906128,2.3383731842041016,0.2693884670734405,0.8976998925209045,0.8976998925209045,0.0,250.4463653564453,247.0,49819.3125,0.0,3623.50732421875,1.0,279.7582092285156,283.0211181640625,292.38818359375,295.6090087890625,293.1499938964844,293.1499938964844,280.04998779296875,36182.06640625,36000.0,313.1499938964844,0.0,18000.0,1.0,0.0,0.0,0.0,1.0,0.9973325133323668,1.0,0.0,0.0,3.652541399002075,3.652565479278565,8.90191813596175e-07,4.265924453735352,4.265914440155029,9.78592834144365e-06,0.0,0.0,-0.0,6462.7255859375,0.0,1537.361083984375,1895.4371337890625,0.0,4277.46826171875,0.9059557914733888,1.0,0.0,3.0,1.0,0.0
12234780,297.0518798828125,297.1499938964844,293.1499938964844,0.0,-0.0,284.9208068847656,0.8195580244064331,0.4642333686351776,0.4223955869674682,297.16082763671875,297.1499938964844,293.1499938964844,0.0,-0.0,284.92095947265625,0.9011508226394652,0.6241081357002258,0.5943917632102966,297.4170837402344,297.1499938964844,293.1499938964844,0.0,-0.0,284.9208679199219,0.8517717123031616,0.5272867679595947,0.3713786602020263,297.178955078125,297.1499938964844,293.1499938964844,0.0,-0.0,284.920654296875,0.7575703859329224,0.3655810058116913,0.3518910109996795,297.1561584472656,297.1499938964844,293.1499938964844,0.0,-0.0,284.92022705078125,0.6514735221862793,0.2299945056438446,1.0641330480575562,284.9208374023437,284.95001220703125,300.3951110839844,289.3190002441406,298.2005920410156,297.23687744140625,284.921875,1.0,0.6692049503326416,0.4056486785411834,0.4056486785411834,1.0,1.0,-3.3674778938293457,1.0283796787261963,2.3390982151031494,0.2661298215389251,0.8986290097236633,0.8986290097236633,0.0,249.13140869140625,235.0,48639.25390625,0.0,3608.147216796875,1.0,280.04217529296875,283.22509765625,292.289306640625,295.37139892578125,293.1499938964844,293.1499938964844,280.3500061035156,36071.296875,36000.0,313.1499938964844,0.0,18000.0,1.0,0.0,0.0,0.0,1.0,0.9875324368476868,1.0,0.0,0.0,3.6491732597351074,3.6491973400115967,8.885508577805012e-07,4.265924453735352,4.265914440155029,9.78592834144365e-06,0.0,0.0,-0.0,6290.28955078125,0.0,1532.7823486328125,1895.4371337890625,0.0,4193.8466796875,0.905152142047882,1.0,0.0,3.0,1.0,0.0
12234840,297.0518798828125,297.1499938964844,293.1499938964844,0.0,-0.0,284.9208068847656,0.8195580244064331,0.4642333686351776,0.4223955869674682,297.16082763671875,297.1499938964844,293.1499938964844,0.0,-0.0,284.92095947265625,0.9011508226394652,0.6241081357002258,0.5943917632102966,297.4170837402344,297.1499938964844,293.1499938964844,0.0,-0.0,284.9208679199219,0.8517717123031616,0.5272867679595947,0.3713786602020263,297.178955078125,297.1499938964844,293.1499938964844,0.0,-0.0,284.920654296875,0.7575703859329224,0.3655810058116913,0.3518910109996795,297.1561584472656,297.1499938964844,293.1499938964844,0.0,-0.0,284.92022705078125,0.6514735221862793,0.2299945056438446,1.0641330480575562,284.9208374023437,284.95001220703125,300.3951110839844,289.3190002441406,298.2005920410156,297.23687744140625,284.921875,1.0,0.6692049503326416,0.4056486785411834,0.4056486785411834,1.0,1.0,-3.3674778938293457,1.0283796787261963,2.3390982151031494,0.2661298215389251,0.8986290097236633,0.8986290097236633,0.0,249.13140869140625,235.0,48639.25390625,0.0,3608.147216796875,1.0,280.04217529296875,283.22509765625,292.289306640625,295.37139892578125,293.1499938964844,293.1499938964844,280.3500061035156,36071.296875,36000.0,313.1499938964844,0.0,18000.0,1.0,0.0,0.0,0.0,1.0,0.9875324368476868,1.0,0.0,0.0,3.6491732597351074,3.6491973400115967,8.885508577805012e-07,4.265924453735352,4.265914440155029,9.78592834144365e-06,0.0,0.0,-0.0,6290.28955078125,0.0,1532.7823486328125,1895.4371337890625,0.0,4193.8466796875,0.905152142047882,1.0,0.0,3.0,1.0,0.0
12234900,297.0589599609375,297.1499938964844,293.1499938964844,0.0,-0.0,285.0560913085937,0.8218694925308228,0.4643043875694275,0.422135055065155,297.1651306152344,297.1499938964844,293.1499938964844,0.0,-0.0,285.0570068359375,0.9042021036148072,0.6245970726013184,0.5944992899894714,297.4239807128906,297.1499938964844,293.1499938964844,0.0,-0.0,285.0565185546875,0.8554788827896118,0.5296515822410583,0.3727757632732391,297.1821594238281,297.1499938964844,293.1499938964844,0.0,-0.0,285.0551147460937,0.7600944638252258,0.3660764396190643,0.3520762324333191,297.1581420898437,297.1499938964844,293.1499938964844,0.0,-0.0,285.05224609375,0.6535449624061584,0.2302271574735641,1.0639978647232056,285.05633544921875,284.95001220703125,300.3969421386719,289.31011962890625,298.2035522460937,297.2421264648437,285.0632019042969,1.0,0.6676603555679321,0.4051390290260315,0.4051390290260315,1.0,1.0,-3.36902928352356,1.027488112449646,2.341541290283203,0.2649121284484863,0.9006565809249878,0.9006565809249878,0.0,245.86183166503903,235.0,47632.875,0.0,3593.039794921875,1.0,280.2987670898437,283.39971923828125,292.2454528808594,295.2034912109375,293.1499938964844,293.1499938964844,280.3500061035156,35963.74609375,36000.0,313.1499938964844,0.0,18000.0,1.0,0.0,0.0,0.0,1.0,0.979215145111084,1.0,0.0,0.0,3.6500730514526367,3.650097131729126,8.889890636964992e-07,4.265924453735352,4.265914440155029,9.78592834144365e-06,0.0,0.0,-0.0,6471.76708984375,0.0,1532.9786376953125,1895.4371337890625,0.0,4121.8974609375,0.905316174030304,1.0,0.0,3.0,1.0,0.0
12234960,297.0681457519531,297.1499938964844,293.1499938964844,0.0,-0.0,285.1021423339844,0.8253507018089294,0.4646314680576324,0.4221999943256378,297.1722412109375,297.1499938964844,293.1499938964844,0.0,-0.0,285.102294921875,0.908823311328888,0.625390887260437,0.594973623752594,297.43292236328125,297.1499938964844,293.1499938964844,0.0,-0.0,285.1022033691406,0.8604827523231506,0.5322656035423279,0.3744052052497864,297.1874389648437,297.1499938964844,293.1499938964844,0.0,-0.0,285.1019592285156,0.763777494430542,0.3668002784252167,0.352501779794693,297.1620178222656,297.1499938964844,293.1499938964844,0.0,-0.0,285.1014404296875,0.6566628813743591,0.230658084154129,1.064725399017334,285.1021728515625,284.95001220703125,300.39862060546875,289.3012390136719,298.20855712890625,297.2498779296875,285.1034240722656,1.0,0.6658649444580078,0.4047483205795288,0.4047483205795288,1.0,1.0,-3.37302041053772,1.0277601480484009,2.3452603816986084,0.2643240690231323,0.902170717716217,0.902170717716217,0.0,241.4859313964844,223.0,47535.7265625,0.0,3577.31494140625,1.0,280.3418884277344,283.4488830566406,292.255615234375,295.25006103515625,293.1499938964844,293.1499938964844,280.04998779296875,35875.40625,36000.0,313.1499938964844,0.0,18000.0,1.0,0.0,0.0,0.0,1.0,0.9753238558769226,1.0,0.0,0.0,3.6532154083251953,3.6532392501831055,8.905203117137717e-07,4.265924453735352,4.265914440155029,9.78592834144365e-06,0.0,0.0,-0.0,6926.3134765625,0.0,1535.815673828125,1895.4371337890625,0.0,4087.94482421875,0.9059280157089232,1.0,0.0,3.0,1.0,0.0
12235020,297.0673522949219,297.1499938964844,293.1499938964844,0.0,-0.0,284.93963623046875,0.8323455452919006,0.4635386168956756,0.4213736355304718,297.169189453125,297.1499938964844,293.1499938964844,0.0,-0.0,284.9394836425781,0.918941617012024,0.6253865361213684,0.5951014161109924,297.4342956542969,297.1499938964844,293.1499938964844,0.0,-0.0,284.9395751953125,0.8709121942520142,0.5360094904899597,0.377054214477539,297.1879577636719,297.1499938964844,293.1499938964844,0.0,-0.0,284.9398193359375,0.7715713381767273,0.3673426508903503,0.3529364466667175,297.16363525390625,297.1499938964844,293.1499938964844,0.0,-0.0,284.9403076171875,0.6633696556091309,0.2309859246015548,1.065311312675476,284.9396057128906,284.95001220703125,300.40142822265625,289.2835693359375,298.20806884765625,297.2508239746094,284.9384155273437,1.0,0.6614043712615967,0.4039668440818786,0.4039668440818786,1.0,1.0,-3.376607656478882,1.026788592338562,2.3498189449310303,0.2628632187843323,0.9007013440132141,0.9007013440132141,0.0,232.19129943847656,211.0,48674.30078125,0.0,3532.23193359375,1.0,280.05780029296875,283.2441101074219,292.3204040527344,295.4502258300781,293.1499938964844,293.1499938964844,279.75,35987.28125,36000.0,313.1499938964844,0.0,18000.0,1.0,0.0,0.0,0.0,1.0,0.9866652488708496,1.0,0.0,0.0,3.654409646987915,3.654433727264404,8.911026725400006e-07,4.265924453735352,4.265914440155029,9.78592834144365e-06,0.0,0.0,-0.0,7108.0322265625,0.0,1537.984619140625,1895.4371337890625,0.0,4186.3857421875,0.9062464237213136,1.0,0.0,3.0,1.0,0.0
12235080,297.0673522949219,297.1499938964844,293.1499938964844,0.0,-0.0,284.93963623046875,0.8323455452919006,0.4635386168956756,0.4213736355304718,297.169189453125,297.1499938964844,293.1499938964844,0.0,-0.0,284.9394836425781,0.918941617012024,0.6253865361213684,0.5951014161109924,297.4342956542969,297.1499938964844,293.1499938964844,0.0,-0.0,284.9395751953125,0.8709121942520142,0.5360094904899597,0.377054214477539,297.1879577636719,297.1499938964844,293.1499938964844,0.0,-0.0,284.9398193359375,0.7715713381767273,0.3673426508903503,0.3529364466667175,297.16363525390625,297.1499938964844,293.1499938964844,0.0,-0.0,284.9403076171875,0.6633696556091309,0.2309859246015548,1.065311312675476,284.9396057128906,284.95001220703125,300.40142822265625,289.2835693359375,298.20806884765625,297.2508239746094,284.9384155273437,1.0,0.6614043712615967,0.4039668440818786,0.4039668440818786,1.0,1.0,-3.376607656478882,1.026788592338562,2.3498189449310303,0.2628632187843323,0.9007013440132141,0.9007013440132141,0.0,232.19129943847656,211.0,48674.30078125,0.0,3532.23193359375,1.0,280.05780029296875,283.2441101074219,292.3204040527344,295.4502258300781,293.1499938964844,293.1499938964844,279.75,35987.28125,36000.0,313.1499938964844,0.0,18000.0,1.0,0.0,0.0,0.0,1.0,0.9866652488708496,1.0,0.0,0.0,3.654409646987915,3.654433727264404,8.911026725400006e-07,4.265924453735352,4.265914440155029,9.78592834144365e-06,0.0,0.0,-0.0,7108.0322265625,0.0,1537.984619140625,1895.4371337890625,0.0,4186.3857421875,0.9062464237213136,1.0,0.0,3.0,1.0,0.0
12235140,297.0535583496094,297.1499938964844,293.1499938964844,0.0,-0.0,284.7540283203125,0.8386415243148804,0.4611022770404815,0.419086754322052,297.1512451171875,297.1499938964844,293.1499938964844,0.0,-0.0,284.7538452148437,0.9286315441131592,0.6238245964050293,0.5935834646224976,297.4237060546875,297.1499938964844,293.1499938964844,0.0,-0.0,284.7539367675781,0.8809718489646912,0.5385459661483765,0.3787071704864502,297.1785888671875,297.1499938964844,293.1499938964844,0.0,-0.0,284.75421142578125,0.7788935899734497,0.3668810427188873,0.3523474931716919,297.1578369140625,297.1499938964844,293.1499938964844,0.0,-0.0,284.7547912597656,0.669619619846344,0.2305762022733688,1.062532663345337,284.75396728515625,284.95001220703125,300.40338134765625,289.26611328125,298.1988830566406,297.240234375,284.7525634765625,1.0,0.6556229591369629,0.4031853675842285,0.4031853675842285,1.0,1.0,-3.36997938156128,1.022252917289734,2.347726583480835,0.2600392401218414,0.8965445756912231,0.8965445756912231,0.0,222.8473052978516,199.0,49712.89453125,0.0,3462.9130859375,1.0,279.7582397460937,283.0184631347656,292.3151550292969,295.5293273925781,293.1499938964844,293.1499938964844,280.04998779296875,36190.6015625,36000.0,313.1499938964844,0.0,18000.0,1.0,0.0,0.0,0.0,1.0,0.999543070793152,1.0,0.0,0.0,3.647958993911743,3.647983074188232,8.879595156940923e-07,4.265924453735352,4.265914440155029,9.78592834144365e-06,0.0,0.0,-0.0,6437.76123046875,0.0,1532.32421875,1895.4371337890625,0.0,4296.1474609375,0.9049361944198608,1.0,0.0,3.0,1.0,0.0
12235200,297.0535583496094,297.1499938964844,293.1499938964844,0.0,-0.0,284.7540283203125,0.8386415243148804,0.4611022770404815,0.419086754322052,297.1512451171875,297.1499938964844,293.1499938964844,0.0,-0.0,284.7538452148437,0.9286315441131592,0.6238245964050293,0.5935834646224976,297.4237060546875,297.1499938964844,293.1499938964844,0.0,-0.0,284.7539367675781,0.8809718489646912,0.5385459661483765,0.3787071704864502,297.1785888671875,297.1499938964844,293.1499938964844,0.0,-0.0,284.75421142578125,0.7788935899734497,0.3668810427188873,0.3523474931716919,297.1578369140625,297.1499938964844,293.1499938964844,0.0,-0.0,284.7547912597656,0.669619619846344,0.2305762022733688,1.062532663345337,284.75396728515625,284.95001220703125,300.40338134765625,289.26611328125,298.1988830566406,297.240234375,284.7525634765625,1.0,0.6556229591369629,0.4031853675842285,0.4031853675842285,1.0,1.0,-3.36997938156128,1.022252917289734,2.347726583480835,0.2600392401218414,0.8965445756912231,0.8965445756912231,0.0,222.8473052978516,199.0,49712.89453125,0.0,3462.9130859375,1.0,279.7582397460937,283.0184631347656,292.3151550292969,295.5293273925781,293.1499938964844,293.1499938964844,280.04998779296875,36190.6015625,36000.0,313.1499938964844,0.0,18000.0,1.0,0.0,0.0,0.0,1.0,0.999543070793152,1.0,0.0,0.0,3.647958993911743,3.647983074188232,8.879595156940923e-07,4.265924453735352,4.265914440155029,9.78592834144365e-06,0.0,0.0,-0.0,6437.76123046875,0.0,1532.32421875,1895.4371337890625,0.0,4296.1474609375,0.9049361944198608,1.0,0.0,3.0,1.0,0.0
12235260,297.0575866699219,297.1499938964844,293.1499938964844,0.0,-0.0,284.91265869140625,0.8475992679595947,0.4602638483047485,0.4174135625362396,297.14874267578125,297.1499938964844,293.1499938964844,0.0,-0.0,284.91278076171875,0.9414648413658142,0.6235606670379639,0.5924072265625,297.4285888671875,297.1499938964844,293.1499938964844,0.0,-0.0,284.9127197265625,0.8940050005912781,0.542486310005188,0.3807577788829803,297.1780700683594,297.1499938964844,293.1499938964844,0.0,-0.0,284.9125061035156,0.7885890603065491,0.3671754002571106,0.351883977651596,297.1573486328125,297.1499938964844,293.1499938964844,0.0,-0.0,284.9120483398437,0.6778912544250488,0.2306147962808609,1.059678316116333,284.9126892089844,284.95001220703125,300.4044189453125,289.2490234375,298.1984558105469,297.2425537109375,284.9137268066406,1.0,0.6492287516593933,0.4023540019989013,0.4023540019989013,1.0,1.0,-3.3650152683258057,1.0181798934936523,2.3468353748321533,0.257020890712738,0.8973516225814819,0.8973516225814819,0.0,211.8661193847656,187.0,48517.734375,0.0,3388.315673828125,1.0,280.0421447753906,283.221435546875,292.21710205078125,295.29071044921875,293.1499938964844,293.1499938964844,280.3500061035156,36082.14453125,36000.0,313.1499938964844,0.0,18000.0,1.0,0.0,0.0,0.0,1.0,0.9892950654029846,1.0,0.0,0.0,3.6441783905029297,3.644202470779419,8.861200626597565e-07,4.265924453735352,4.265914440155029,9.78592834144365e-06,0.0,0.0,-0.0,6264.1884765625,0.0,1527.31494140625,1895.4371337890625,0.0,4208.9814453125,0.9040424823760986,1.0,0.0,3.0,1.0,0.0
12235320,297.0575866699219,297.1499938964844,293.1499938964844,0.0,-0.0,284.91265869140625,0.8475992679595947,0.4602638483047485,0.4174135625362396,297.14874267578125,297.1499938964844,293.1499938964844,0.0,-0.0,284.91278076171875,0.9414648413658142,0.6235606670379639,0.5924072265625,297.4285888671875,297.1499938964844,293.1499938964844,0.0,-0.0,284.9127197265625,0.8940050005912781,0.542486310005188,0.3807577788829803,297.1780700683594,297.1499938964844,293.1499938964844,0.0,-0.0,284.9125061035156,0.7885890603065491,0.3671754002571106,0.351883977651596,297.1573486328125,297.1499938964844,293.1499938964844,0.0,-0.0,284.9120483398437,0.6778912544250488,0.2306147962808609,1.059678316116333,284.9126892089844,284.95001220703125,300.4044189453125,289.2490234375,298.1984558105469,297.2425537109375,284.9137268066406,1.0,0.6492287516593933,0.4023540019989013,0.4023540019989013,1.0,1.0,-3.3650152683258057,1.0181798934936523,2.3468353748321533,0.257020890712738,0.8973516225814819,0.8973516225814819,0.0,211.8661193847656,187.0,48517.734375,0.0,3388.315673828125,1.0,280.0421447753906,283.221435546875,292.21710205078125,295.29071044921875,293.1499938964844,293.1499938964844,280.3500061035156,36082.14453125,36000.0,313.1499938964844,0.0,18000.0,1.0,0.0,0.0,0.0,1.0,0.9892950654029846,1.0,0.0,0.0,3.6441783905029297,3.644202470779419,8.861200626597565e-07,4.265924453735352,4.265914440155029,9.78592834144365e-06,0.0,0.0,-0.0,6264.1884765625,0.0,1527.31494140625,1895.4371337890625,0.0,4208.9814453125,0.9040424823760986,1.0,0.0,3.0,1.0,0.0
12235380,297.074951171875,297.1499938964844,293.1499938964844,0.0,-0.0,285.0939636230469,0.8610870242118835,0.4608448445796966,0.4172066450119018,297.1615600585937,297.1499938964844,293.1499938964844,0.0,-0.0,285.0941467285156,0.9588122367858888,0.6248325705528259,0.5927927494049072,297.44598388671875,297.1499938964844,293.1499938964844,0.0,-0.0,285.0940856933594,0.912180244922638,0.5477675199508667,0.3838521838188171,297.18798828125,297.1499938964844,293.1499938964844,0.0,-0.0,285.09381103515625,0.8023936748504639,0.3685271441936493,0.3524315059185028,297.1650085449219,297.1499938964844,293.1499938964844,0.0,-0.0,285.0932922363281,0.6899611949920654,0.2314764708280563,1.0602774620056152,285.0940246582031,284.95001220703125,300.40435791015625,289.2323608398437,298.2066650390625,297.25714111328125,285.0953063964844,1.0,0.6432304978370667,0.4015226066112518,0.4015226066112518,1.0,1.0,-3.3703207969665527,1.017671823501587,2.352648973464966,0.2553242444992065,0.9007846117019652,0.9007846117019652,0.0,199.1983184814453,175.0,47414.0078125,0.0,3327.703857421875,1.0,280.3417053222656,283.4452819824219,292.1850891113281,295.1706237792969,293.1499938964844,293.1499938964844,280.04998779296875,35886.0234375,36000.0,313.1499938964844,0.0,18000.0,1.0,0.0,0.0,0.0,1.0,0.9767491221427916,1.0,0.0,0.0,3.647824287414551,3.64784836769104,8.878939752321457e-07,4.265924453735352,4.265914440155029,9.78592834144365e-06,0.0,0.0,-0.0,6897.11181640625,0.0,1529.89697265625,1895.4371337890625,0.0,4100.40185546875,0.9047293066978456,1.0,0.0,3.0,1.0,0.0
12235440,297.074951171875,297.1499938964844,293.1499938964844,0.0,-0.0,285.0939636230469,0.8610870242118835,0.4608448445796966,0.4172066450119018,297.1615600585937,297.1499938964844,293.1499938964844,0.0,-0.0,285.0941467285156,0.9588122367858888,0.6248325705528259,0.5927927494049072,297.44598388671875,297.1499938964844,293.1499938964844,0.0,-0.0,285.0940856933594,0.912180244922638,0.5477675199508667,0.3838521838188171,297.18798828125,297.1499938964844,293.1499938964844,0.0,-0.0,285.09381103515625,0.8023936748504639,0.3685271441936493,0.3524315059185028,297.1650085449219,297.1499938964844,293.1499938964844,0.0,-0.0,285.0932922363281,0.6899611949920654,0.2314764708280563,1.0602774620056152,285.0940246582031,284.95001220703125,300.40435791015625,289.2323608398437,298.2066650390625,297.25714111328125,285.0953063964844,1.0,0.6432304978370667,0.4015226066112518,0.4015226066112518,1.0,1.0,-3.3703207969665527,1.017671823501587,2.352648973464966,0.2553242444992065,0.9007846117019652,0.9007846117019652,0.0,199.1983184814453,175.0,47414.0078125,0.0,3327.703857421875,1.0,280.3417053222656,283.4452819824219,292.1850891113281,295.1706237792969,293.1499938964844,293.1499938964844,280.04998779296875,35886.0234375,36000.0,313.1499938964844,0.0,18000.0,1.0,0.0,0.0,0.0,1.0,0.9767491221427916,1.0,0.0,0.0,3.647824287414551,3.64784836769104,8.878939752321457e-07,4.265924453735352,4.265914440155029,9.78592834144365e-06,0.0,0.0,-0.0,6897.11181640625,0.0,1529.89697265625,1895.4371337890625,0.0,4100.40185546875,0.9047293066978456,1.0,0.0,3.0,1.0,0.0
12235500,297.0777893066406,297.1499938964844,293.1499938964844,0.0,-0.0,284.97491455078125,0.8686224818229675,0.4606534540653229,0.4171201288700104,297.1634521484375,297.1499938964844,293.1499938964844,0.0,-0.0,284.9739990234375,0.967663049697876,0.6250959634780884,0.5930871367454529,297.4495849609375,297.1499938964844,293.1499938964844,0.0,-0.0,284.974365234375,0.9229083061218262,0.5500003695487976,0.3854322433471679,297.1905822753906,297.1499938964844,293.1499938964844,0.0,-0.0,284.97576904296875,0.8098893761634827,0.3690250813961029,0.3528183102607727,297.167724609375,297.1499938964844,293.1499938964844,0.0,-0.0,284.9784851074219,0.696688711643219,0.2318410575389862,1.0611854791641235,284.9746398925781,284.95001220703125,300.40386962890625,289.2242431640625,298.2079772949219,297.2606506347656,284.9682922363281,1.0,0.6403660774230957,0.4011069238185882,0.4011069238185882,1.0,1.0,-3.3740346431732178,1.0177748203277588,2.356259822845459,0.2547250092029571,0.8998046517372131,0.8998046517372131,0.0,192.92872619628903,175.0,48425.09765625,0.0,3300.1044921875,1.0,280.0986633300781,283.287353515625,292.2525634765625,295.39239501953125,293.1499938964844,293.1499938964844,280.04998779296875,35939.8203125,36000.0,313.1499938964844,0.0,18000.0,1.0,0.0,0.0,0.0,1.0,0.9835326075553894,1.0,0.0,0.0,3.649174451828003,3.649198532104492,8.885514262146899e-07,4.265924453735352,4.265914440155029,9.78592834144365e-06,0.0,0.0,-0.0,6734.74609375,0.0,1531.8001708984375,1895.4371337890625,0.0,4159.35400390625,0.9050173163414,1.0,0.0,3.0,1.0,0.0
12235560,297.074951171875,297.1499938964844,293.1499938964844,0.0,-0.0,284.9320983886719,0.8753337860107422,0.4599181115627289,0.4164305925369262,297.1595153808594,297.1499938964844,293.1499938964844,0.0,-0.0,284.93194580078125,0.9751575589179992,0.6247951984405518,0.5927883982658386,297.44805908203125,297.1499938964844,293.1499938964844,0.0,-0.0,284.9320068359375,0.9328555464744568,0.5517482757568359,0.3865992128849029,297.1894226074219,297.1499938964844,293.1499938964844,0.0,-0.0,284.9322509765625,0.8163565397262573,0.3691692948341369,0.3528627455234527,297.16778564453125,297.1499938964844,293.1499938964844,0.0,-0.0,284.9327392578125,0.7027493119239807,0.2319594323635101,1.0611070394515991,284.9320678710937,284.95001220703125,300.403076171875,289.2162780761719,298.2055969238281,297.25909423828125,284.9309387207031,1.0,0.6373419761657715,0.4007090032100677,0.4007090032100677,1.0,1.0,-3.374215841293335,1.016695499420166,2.357520341873169,0.2537439167499542,0.8992211818695068,0.8992211818695068,0.0,187.26161193847656,163.0,48553.69140625,0.0,3267.876708984375,1.0,280.05767822265625,283.2410888671875,292.2524108886719,295.3731994628906,293.1499938964844,293.1499938964844,280.3500061035156,35998.65625,36000.0,313.1499938964844,0.0,18000.0,1.0,0.0,0.0,0.0,1.0,0.9879357218742372,1.0,0.0,0.0,3.648603677749634,3.648627758026123,8.882734618964605e-07,4.265924453735352,4.265914440155029,9.78592834144365e-06,0.0,0.0,-0.0,6299.44921875,0.0,1531.6055908203125,1895.4371337890625,0.0,4197.3134765625,0.9049555659294128,1.0,0.0,3.0,1.0,0.0
12235620,297.0829162597656,297.1499938964844,293.1499938964844,0.0,-0.0,285.09381103515625,0.8913940191268921,0.4597547054290771,0.4154478311538696,297.1631774902344,297.1499938964844,293.1499938964844,0.0,-0.0,285.0939636230469,0.990721881389618,0.6252701282501221,0.5924032926559448,297.4573669433594,297.1499938964844,293.1499938964844,0.0,-0.0,285.09393310546875,0.9550299048423768,0.5564491748809814,0.3892238438129425,297.1937561035156,297.1499938964844,293.1499938964844,0.0,-0.0,285.0936889648437,0.8308005928993225,0.3700948059558868,0.3530407845973968,297.1718139648437,297.1499938964844,293.1499938964844,0.0,-0.0,285.0932312011719,0.7162310481071472,0.2325863093137741,1.0609889030456543,285.0938720703125,284.95001220703125,300.4004821777344,289.2008972167969,298.20782470703125,297.2662658691406,285.094970703125,1.0,0.6312099695205688,0.3999131321907043,0.3999131321907043,1.0,1.0,-3.3757898807525635,1.014977216720581,2.360812425613404,0.2516601681709289,0.9024704694747924,0.9024704694747924,0.0,175.41619873046875,166.0,47461.859375,0.0,3203.218994140625,1.0,280.3421630859375,283.4444274902344,292.1742248535156,295.1762084960937,293.1499938964844,293.1499938964844,280.04998779296875,35851.7890625,36000.0,313.1499938964844,0.0,18000.0,1.0,0.0,0.0,0.0,1.0,0.9792384505271912,1.0,0.0,0.0,3.653397560119629,3.653421640396118,8.906091579774511e-07,4.265924453735352,4.265914440155029,9.78592834144365e-06,0.0,0.0,-0.0,6900.15869140625,0.0,1535.841796875,1895.4371337890625,0.0,4122.10009765625,0.9059484601020812,1.0,0.0,3.0,1.0,0.0
12235680,297.0829162597656,297.1499938964844,293.1499938964844,0.0,-0.0,285.09381103515625,0.8913940191268921,0.4597547054290771,0.4154478311538696,297.1631774902344,297.1499938964844,293.1499938964844,0.0,-0.0,285.0939636230469,0.990721881389618,0.6252701282501221,0.5924032926559448,297.4573669433594,297.1499938964844,293.1499938964844,0.0,-0.0,285.09393310546875,0.9550299048423768,0.5564491748809814,0.3892238438129425,297.1937561035156,297.1499938964844,293.1499938964844,0.0,-0.0,285.0936889648437,0.8308005928993225,0.3700948059558868,0.3530407845973968,297.1718139648437,297.1499938964844,293.1499938964844,0.0,-0.0,285.0932312011719,0.7162310481071472,0.2325863093137741,1.0609889030456543,285.0938720703125,284.95001220703125,300.4004821777344,289.2008972167969,298.20782470703125,297.2662658691406,285.094970703125,1.0,0.6312099695205688,0.3999131321907043,0.3999131321907043,1.0,1.0,-3.3757898807525635,1.014977216720581,2.360812425613404,0.2516601681709289,0.9024704694747924,0.9024704694747924,0.0,175.41619873046875,166.0,47461.859375,0.0,3203.218994140625,1.0,280.3421630859375,283.4444274902344,292.1742248535156,295.1762084960937,293.1499938964844,293.1499938964844,280.04998779296875,35851.7890625,36000.0,313.1499938964844,0.0,18000.0,1.0,0.0,0.0,0.0,1.0,0.9792384505271912,1.0,0.0,0.0,3.653397560119629,3.653421640396118,8.906091579774511e-07,4.265924453735352,4.265914440155029,9.78592834144365e-06,0.0,0.0,-0.0,6900.15869140625,0.0,1535.841796875,1895.4371337890625,0.0,4122.10009765625,0.9059484601020812,1.0,0.0,3.0,1.0,0.0
12235740,297.0796813964844,297.1499938964844,293.1499938964844,0.0,-0.0,284.9306945800781,0.8989534974098206,0.4586001336574554,0.4146492481231689,297.1572265625,297.1499938964844,293.1499938964844,0.0,-0.0,284.9305419921875,0.997320830821991,0.6248542666435242,0.5922377109527588,297.4563903808594,297.1499938964844,293.1499938964844,0.0,-0.0,284.9306030273437,0.9662548303604126,0.5602633357048035,0.392009288072586,297.1922302246094,297.1499938964844,293.1499938964844,0.0,-0.0,284.93084716796875,0.8380375504493713,0.3705100417137146,0.3534915447235107,297.172119140625,297.1499938964844,293.1499938964844,0.0,-0.0,284.93133544921875,0.7225552797317505,0.2329025864601135,1.0622895956039429,284.9306640625,284.95001220703125,300.3964538574219,289.18634033203125,298.203857421875,297.26513671875,284.9295349121094,1.0,0.6293880343437195,0.3991172611713409,0.3991172611713409,1.0,1.0,-3.380093812942505,1.0141870975494385,2.365906953811645,0.2500882446765899,0.9008715748786926,0.9008715748786926,0.0,170.3916778564453,169.0,48605.22265625,0.0,3183.95166015625,1.0,280.05780029296875,283.2391357421875,292.223388671875,295.3500061035156,293.1499938964844,293.1499938964844,279.75,35980.29296875,36000.0,313.1499938964844,0.0,18000.0,1.0,0.0,0.0,0.0,1.0,0.9901878833770752,1.0,0.0,0.0,3.654850959777832,3.654875040054321,8.913179385672265e-07,4.265924453735352,4.265914440155029,9.78592834144365e-06,0.0,0.0,-0.0,7077.51806640625,0.0,1538.424560546875,1895.4371337890625,0.0,4216.63232421875,0.906338632106781,1.0,0.0,3.0,1.0,0.0
12235800,297.0796813964844,297.1499938964844,293.1499938964844,0.0,-0.0,284.9306945800781,0.8989534974098206,0.4586001336574554,0.4146492481231689,297.1572265625,297.1499938964844,293.1499938964844,0.0,-0.0,284.9305419921875,0.997320830821991,0.6248542666435242,0.5922377109527588,297.4563903808594,297.1499938964844,293.1499938964844,0.0,-0.0,284.9306030273437,0.9662548303604126,0.5602633357048035,0.392009288072586,297.1922302246094,297.1499938964844,293.1499938964844,0.0,-0.0,284.93084716796875,0.8380375504493713,0.3705100417137146,0.3534915447235107,297.172119140625,297.1499938964844,293.1499938964844,0.0,-0.0,284.93133544921875,0.7225552797317505,0.2329025864601135,1.0622895956039429,284.9306640625,284.95001220703125,300.3964538574219,289.18634033203125,298.203857421875,297.26513671875,284.9295349121094,1.0,0.6293880343437195,0.3991172611713409,0.3991172611713409,1.0,1.0,-3.380093812942505,1.0141870975494385,2.365906953811645,0.2500882446765899,0.9008715748786926,0.9008715748786926,0.0,170.3916778564453,169.0,48605.22265625,0.0,3183.95166015625,1.0,280.05780029296875,283.2391357421875,292.223388671875,295.3500061035156,293.1499938964844,293.1499938964844,279.75,35980.29296875,36000.0,313.1499938964844,0.0,18000.0,1.0,0.0,0.0,0.0,1.0,0.9901878833770752,1.0,0.0,0.0,3.654850959777832,3.654875040054321,8.913179385672265e-07,4.265924453735352,4.265914440155029,9.78592834144365e-06,0.0,0.0,-0.0,7077.51806640625,0.0,1538.424560546875,1895.4371337890625,0.0,4216.63232421875,0.906338632106781,1.0,0.0,3.0,1.0,0.0
12235860,297.0647277832031,297.1499938964844,293.1499938964844,0.0,-0.0,284.74725341796875,0.8975121378898621,0.456199437379837,0.4127243757247925,297.13824462890625,297.1499938964844,293.1499938964844,0.0,-0.0,284.7470703125,0.99673193693161,0.6230328679084778,0.5908098220825195,297.4441833496094,297.1499938964844,293.1499938964844,0.0,-0.0,284.74713134765625,0.9678813219070436,0.5629149675369263,0.3940028846263885,297.1815490722656,297.1499938964844,293.1499938964844,0.0,-0.0,284.7474060058594,0.8378009796142578,0.3699685931205749,0.3531792759895324,297.1649475097656,297.1499938964844,293.1499938964844,0.0,-0.0,284.7479553222656,0.7223016023635864,0.2324644029140472,1.0611127614974976,284.7471923828125,284.95001220703125,300.39080810546875,289.1726989746094,298.19171142578125,297.2535095214844,284.7458801269531,1.0,0.6289162039756775,0.3983135521411896,0.3983135521411896,1.0,1.0,-3.376676321029663,1.010700821876526,2.3659756183624268,0.2475384622812271,0.8966370224952698,0.8966370224952698,0.0,170.25299072265625,172.0,49673.10546875,0.0,3175.475830078125,1.0,279.7582397460937,283.01531982421875,292.22393798828125,295.4302062988281,293.1499938964844,293.1499938964844,280.04998779296875,36190.5546875,36000.0,313.1499938964844,0.0,18000.0,1.0,0.0,0.0,0.0,1.0,1.0,1.0,0.0,0.0,3.648397445678711,3.6484215259552,8.881730195753335e-07,4.265924453735352,4.265914440155029,9.78592834144365e-06,0.0,0.0,-0.0,6413.04150390625,0.0,1532.8114013671875,1895.4371337890625,0.0,4300.0,0.9050335884094238,1.0,0.0,3.0,1.0,0.0
12235920,297.0647277832031,297.1499938964844,293.1499938964844,0.0,-0.0,284.74725341796875,0.8975121378898621,0.456199437379837,0.4127243757247925,297.13824462890625,297.1499938964844,293.1499938964844,0.0,-0.0,284.7470703125,0.99673193693161,0.6230328679084778,0.5908098220825195,297.4441833496094,297.1499938964844,293.1499938964844,0.0,-0.0,284.74713134765625,0.9678813219070436,0.5629149675369263,0.3940028846263885,297.1815490722656,297.1499938964844,293.1499938964844,0.0,-0.0,284.7474060058594,0.8378009796142578,0.3699685931205749,0.3531792759895324,297.1649475097656,297.1499938964844,293.1499938964844,0.0,-0.0,284.7479553222656,0.7223016023635864,0.2324644029140472,1.0611127614974976,284.7471923828125,284.95001220703125,300.39080810546875,289.1726989746094,298.19171142578125,297.2535095214844,284.7458801269531,1.0,0.6289162039756775,0.3983135521411896,0.3983135521411896,1.0,1.0,-3.376676321029663,1.010700821876526,2.3659756183624268,0.2475384622812271,0.8966370224952698,0.8966370224952698,0.0,170.25299072265625,172.0,49673.10546875,0.0,3175.475830078125,1.0,279.7582397460937,283.01531982421875,292.22393798828125,295.4302062988281,293.1499938964844,293.1499938964844,280.04998779296875,36190.5546875,36000.0,313.1499938964844,0.0,18000.0,1.0,0.0,0.0,0.0,1.0,1.0,1.0,0.0,0.0,3.648397445678711,3.6484215259552,8.881730195753335e-07,4.265924453735352,4.265914440155029,9.78592834144365e-06,0.0,0.0,-0.0,6413.04150390625,0.0,1532.8114013671875,1895.4371337890625,0.0,4300.0,0.9050335884094238,1.0,0.0,3.0,1.0,0.0
12235980,297.0672607421875,297.1499938964844,293.1499938964844,0.0,-0.0,284.908935546875,0.8952125906944275,0.4553521573543548,0.4114927351474762,297.1350402832031,297.1499938964844,293.1499938964844,0.0,-0.0,284.9091186523437,0.99524188041687,0.6225343942642212,0.5898719429969788,297.4480285644531,297.1499938964844,293.1499938964844,0.0,-0.0,284.9090576171875,0.9684616923332214,0.5670106410980225,0.3964908719062805,297.1798400878906,297.1499938964844,293.1499938964844,0.0,-0.0,284.9088134765625,0.8365660905838013,0.370179533958435,0.3530983626842499,297.1629333496094,297.1499938964844,293.1499938964844,0.0,-0.0,284.9083251953125,0.7210907340049744,0.2324365675449371,1.0601797103881836,284.90899658203125,284.95001220703125,300.38348388671875,289.16015625,298.1883239746094,297.2548217773437,284.91015625,1.0,0.6293252110481262,0.3975098729133606,0.3975098729133606,1.0,1.0,-3.375826120376587,1.00811505317688,2.367711067199707,0.2450436949729919,0.89741450548172,0.89741450548172,0.0,171.072509765625,175.0,48514.88671875,0.0,3178.318115234375,1.0,280.0422058105469,283.2208251953125,292.1299743652344,295.2004699707031,293.1499938964844,293.1499938964844,280.3500061035156,36083.8515625,36000.0,313.1499938964844,0.0,18000.0,1.0,0.0,0.0,0.0,1.0,0.9916231036186218,1.0,0.0,0.0,3.64454197883606,3.644566059112549,8.862968456924136e-07,4.265924453735352,4.265914440155029,9.78592834144365e-06,0.0,0.0,-0.0,6243.36962890625,0.0,1527.7310791015625,1895.4371337890625,0.0,4228.908203125,0.9041253328323364,1.0,0.0,3.0,1.0,0.0
12236040,297.0672607421875,297.1499938964844,293.1499938964844,0.0,-0.0,284.908935546875,0.8952125906944275,0.4553521573543548,0.4114927351474762,297.1350402832031,297.1499938964844,293.1499938964844,0.0,-0.0,284.9091186523437,0.99524188041687,0.6225343942642212,0.5898719429969788,297.4480285644531,297.1499938964844,293.1499938964844,0.0,-0.0,284.9090576171875,0.9684616923332214,0.5670106410980225,0.3964908719062805,297.1798400878906,297.1499938964844,293.1499938964844,0.0,-0.0,284.9088134765625,0.8365660905838013,0.370179533958435,0.3530983626842499,297.1629333496094,297.1499938964844,293.1499938964844,0.0,-0.0,284.9083251953125,0.7210907340049744,0.2324365675449371,1.0601797103881836,284.90899658203125,284.95001220703125,300.38348388671875,289.16015625,298.1883239746094,297.2548217773437,284.91015625,1.0,0.6293252110481262,0.3975098729133606,0.3975098729133606,1.0,1.0,-3.375826120376587,1.00811505317688,2.367711067199707,0.2450436949729919,0.89741450548172,0.89741450548172,0.0,171.072509765625,175.0,48514.88671875,0.0,3178.318115234375,1.0,280.0422058105469,283.2208251953125,292.1299743652344,295.2004699707031,293.1499938964844,293.1499938964844,280.3500061035156,36083.8515625,36000.0,313.1499938964844,0.0,18000.0,1.0,0.0,0.0,0.0,1.0,0.9916231036186218,1.0,0.0,0.0,3.64454197883606,3.644566059112549,8.862968456924136e-07,4.265924453735352,4.265914440155029,9.78592834144365e-06,0.0,0.0,-0.0,6243.36962890625,0.0,1527.7310791015625,1895.4371337890625,0.0,4228.908203125,0.9041253328323364,1.0,0.0,3.0,1.0,0.0
12236100,297.0740966796875,297.1499938964844,293.1499938964844,0.0,-0.0,285.04559326171875,0.8949401378631592,0.4554970562458038,0.4114416539669037,297.1397705078125,297.1499938964844,293.1499938964844,0.0,-0.0,285.0466003417969,0.9951108694076538,0.6229007244110107,0.590009868144989,297.455322265625,297.1499938964844,293.1499938964844,0.0,-0.0,285.0463256835937,0.9695462584495544,0.5696095824241638,0.3981503546237945,297.1832275390625,297.1499938964844,293.1499938964844,0.0,-0.0,285.0447082519531,0.8366265892982483,0.3706974387168884,0.3534491062164306,297.1650695800781,297.1499938964844,293.1499938964844,0.0,-0.0,285.041748046875,0.7210951447486877,0.2327281385660171,1.0610085725784302,285.0459289550781,284.95001220703125,300.379150390625,289.154296875,298.1900634765625,297.2603759765625,285.05291748046875,1.0,0.6299889087677002,0.3971080183982849,0.3971080183982849,1.0,1.0,-3.3793392181396484,1.008177399635315,2.371161937713623,0.2442899644374847,0.8993873000144958,0.8993873000144958,0.0,171.3735809326172,175.0,47527.1796875,0.0,3187.970703125,1.0,280.29864501953125,283.3966064453125,292.0887145996094,295.0361328125,293.1499938964844,293.1499938964844,280.3500061035156,35975.87109375,36000.0,313.1499938964844,0.0,18000.0,1.0,0.0,0.0,0.0,1.0,0.983189344406128,1.0,0.0,0.0,3.645216703414917,3.645240545272827,8.866250027494971e-07,4.265924453735352,4.265914440155029,9.78592834144365e-06,0.0,0.0,-0.0,6424.8828125,0.0,1527.6729736328125,1895.4371337890625,0.0,4156.384765625,0.9042385816574096,1.0,0.0,3.0,1.0,0.0
12236160,297.08282470703125,297.1499938964844,293.1499938964844,0.0,-0.0,285.0935974121094,0.895206868648529,0.4558741450309753,0.4117292463779449,297.1470947265625,297.1499938964844,293.1499938964844,0.0,-0.0,285.0937805175781,0.9953750967979432,0.6235557198524475,0.5905392169952393,297.4645080566406,297.1499938964844,293.1499938964844,0.0,-0.0,285.0937194824219,0.9711129069328308,0.5724448561668396,0.4000697135925293,297.1885070800781,297.1499938964844,293.1499938964844,0.0,-0.0,285.0934143066406,0.8371284008026123,0.3714283108711242,0.3540666401386261,297.1688842773437,297.1499938964844,293.1499938964844,0.0,-0.0,285.0928649902344,0.7215149998664856,0.2331977486610412,1.0627998113632202,285.0936584472656,284.95001220703125,300.37432861328125,289.1487731933594,298.1933898925781,297.2681579589844,285.0950622558594,1.0,0.630971372127533,0.3967508971691131,0.3967508971691131,1.0,1.0,-3.3855228424072266,1.0092754364013672,2.37624740600586,0.2439862787723541,0.9008631110191344,0.9008631110191344,0.0,171.61346435546875,178.0,47450.34375,0.0,3203.3154296875,1.0,280.34185791015625,283.4473571777344,292.10205078125,295.0866394042969,293.1499938964844,293.1499938964844,280.04998779296875,35886.32421875,36000.0,313.1499938964844,0.0,18000.0,1.0,0.0,0.0,0.0,1.0,0.9791817665100098,1.0,0.0,0.0,3.648162841796875,3.648186922073364,8.88058877990261e-07,4.265924453735352,4.265914440155029,9.78592834144365e-06,0.0,0.0,-0.0,6879.447265625,0.0,1530.2755126953125,1895.4371337890625,0.0,4121.6064453125,0.904805600643158,1.0,0.0,3.0,1.0,0.0
12236220,297.0811767578125,297.1499938964844,293.1499938964844,0.0,-0.0,284.9354248046875,0.8922844529151917,0.4548805058002472,0.41141077876091,297.144287109375,297.1499938964844,293.1499938964844,0.0,-0.0,284.9352722167969,0.9933082461357116,0.623259425163269,0.5908381938934326,297.46490478515625,297.1499938964844,293.1499938964844,0.0,-0.0,284.935302734375,0.9708768725395204,0.5764925479888916,0.4032808244228363,297.1885986328125,297.1499938964844,293.1499938964844,0.0,-0.0,284.935546875,0.8354745507240295,0.3719398081302643,0.3549273610115051,297.1698608398437,297.1499938964844,293.1499938964844,0.0,-0.0,284.9359741210937,0.7201406359672546,0.2335454523563385,1.065654993057251,284.93536376953125,284.95001220703125,300.3631896972656,289.138671875,298.1888122558594,297.2685852050781,284.9343566894531,1.0,0.633185088634491,0.396036684513092,0.396036684513092,1.0,1.0,-3.393843650817871,1.0100704431533811,2.3837730884552,0.24313884973526,0.8993660807609558,0.8993660807609558,0.0,173.7059326171875,181.0,48635.6953125,0.0,3234.283203125,1.0,280.0578308105469,283.24609375,292.1752014160156,295.2974853515625,293.1499938964844,293.1499938964844,280.3500061035156,35995.56640625,36000.0,313.1499938964844,0.0,18000.0,1.0,0.0,0.0,0.0,1.0,0.9904636144638062,1.0,0.0,0.0,3.649034023284912,3.649058103561402,8.884830435818003e-07,4.265924453735352,4.265914440155029,9.78592834144365e-06,0.0,0.0,-0.0,6287.833984375,0.0,1532.06103515625,1895.4371337890625,0.0,4218.99267578125,0.9050502181053162,1.0,0.0,3.0,1.0,0.0
12236280,297.0811767578125,297.1499938964844,293.1499938964844,0.0,-0.0,284.9354248046875,0.8922844529151917,0.4548805058002472,0.41141077876091,297.144287109375,297.1499938964844,293.1499938964844,0.0,-0.0,284.9352722167969,0.9933082461357116,0.623259425163269,0.5908381938934326,297.46490478515625,297.1499938964844,293.1499938964844,0.0,-0.0,284.935302734375,0.9708768725395204,0.5764925479888916,0.4032808244228363,297.1885986328125,297.1499938964844,293.1499938964844,0.0,-0.0,284.935546875,0.8354745507240295,0.3719398081302643,0.3549273610115051,297.1698608398437,297.1499938964844,293.1499938964844,0.0,-0.0,284.9359741210937,0.7201406359672546,0.2335454523563385,1.065654993057251,284.93536376953125,284.95001220703125,300.3631896972656,289.138671875,298.1888122558594,297.2685852050781,284.9343566894531,1.0,0.633185088634491,0.396036684513092,0.396036684513092,1.0,1.0,-3.393843650817871,1.0100704431533811,2.3837730884552,0.24313884973526,0.8993660807609558,0.8993660807609558,0.0,173.7059326171875,181.0,48635.6953125,0.0,3234.283203125,1.0,280.0578308105469,283.24609375,292.1752014160156,295.2974853515625,293.1499938964844,293.1499938964844,280.3500061035156,35995.56640625,36000.0,313.1499938964844,0.0,18000.0,1.0,0.0,0.0,0.0,1.0,0.9904636144638062,1.0,0.0,0.0,3.649034023284912,3.649058103561402,8.884830435818003e-07,4.265924453735352,4.265914440155029,9.78592834144365e-06,0.0,0.0,-0.0,6287.833984375,0.0,1532.06103515625,1895.4371337890625,0.0,4218.99267578125,0.9050502181053162,1.0,0.0,3.0,1.0,0.0
12236340,297.0873107910156,297.1499938964844,293.1499938964844,0.0,-0.0,285.1000366210937,0.8882703185081482,0.4546118080615997,0.4108814001083374,297.14715576171875,297.1499938964844,293.1499938964844,0.0,-0.0,285.1001892089844,0.9902085065841676,0.6234586238861084,0.590764582157135,297.4728698730469,297.1499938964844,293.1499938964844,0.0,-0.0,285.10015869140625,0.9695436954498292,0.5812709331512451,0.4063683450222015,297.1914978027344,297.1499938964844,293.1499938964844,0.0,-0.0,285.0998840332031,0.8328301906585693,0.3727129995822906,0.3555304110050201,297.1719970703125,297.1499938964844,293.1499938964844,0.0,-0.0,285.0993957519531,0.7178274989128113,0.2340050041675567,1.0674940347671509,285.10009765625,284.95001220703125,300.3500061035156,289.1300048828125,298.1873474121094,297.2743530273437,285.101318359375,1.0,0.6353987455368042,0.3953224718570709,0.3953224718570709,1.0,1.0,-3.399759292602539,1.0100451707839966,2.389714241027832,0.24172243475914,0.9027177095413208,0.9027177095413208,0.0,176.33270263671875,184.0,47583.3515625,0.0,3263.01904296875,1.0,280.3421630859375,283.45166015625,292.1036071777344,295.1094055175781,293.1499938964844,293.1499938964844,280.04998779296875,35845.25390625,36000.0,313.1499938964844,0.0,18000.0,1.0,0.0,0.0,0.0,1.0,0.9818254113197328,1.0,0.0,0.0,3.654059886932373,3.6540839672088623,8.909321422834182e-07,4.265924453735352,4.265914440155029,9.78592834144365e-06,0.0,0.0,-0.0,6892.88720703125,0.0,1536.531005859375,1895.4371337890625,0.0,4144.5703125,0.9060927033424376,1.0,0.0,3.0,1.0,0.0
12236400,297.0873107910156,297.1499938964844,293.1499938964844,0.0,-0.0,285.1000366210937,0.8882703185081482,0.4546118080615997,0.4108814001083374,297.14715576171875,297.1499938964844,293.1499938964844,0.0,-0.0,285.1001892089844,0.9902085065841676,0.6234586238861084,0.590764582157135,297.4728698730469,297.1499938964844,293.1499938964844,0.0,-0.0,285.10015869140625,0.9695436954498292,0.5812709331512451,0.4063683450222015,297.1914978027344,297.1499938964844,293.1499938964844,0.0,-0.0,285.0998840332031,0.8328301906585693,0.3727129995822906,0.3555304110050201,297.1719970703125,297.1499938964844,293.1499938964844,0.0,-0.0,285.0993957519531,0.7178274989128113,0.2340050041675567,1.0674940347671509,285.10009765625,284.95001220703125,300.3500061035156,289.1300048828125,298.1873474121094,297.2743530273437,285.101318359375,1.0,0.6353987455368042,0.3953224718570709,0.3953224718570709,1.0,1.0,-3.399759292602539,1.0100451707839966,2.389714241027832,0.24172243475914,0.9027177095413208,0.9027177095413208,0.0,176.33270263671875,184.0,47583.3515625,0.0,3263.01904296875,1.0,280.3421630859375,283.45166015625,292.1036071777344,295.1094055175781,293.1499938964844,293.1499938964844,280.04998779296875,35845.25390625,36000.0,313.1499938964844,0.0,18000.0,1.0,0.0,0.0,0.0,1.0,0.9818254113197328,1.0,0.0,0.0,3.654059886932373,3.6540839672088623,8.909321422834182e-07,4.265924453735352,4.265914440155029,9.78592834144365e-06,0.0,0.0,-0.0,6892.88720703125,0.0,1536.531005859375,1895.4371337890625,0.0,4144.5703125,0.9060927033424376,1.0,0.0,3.0,1.0,0.0
12236460,297.0825500488281,297.1499938964844,293.1499938964844,0.0,-0.0,284.93878173828125,0.8837840557098389,0.4533562362194061,0.410283088684082,297.1404113769531,297.1499938964844,293.1499938964844,0.0,-0.0,284.9385986328125,0.9865707755088806,0.6227611899375916,0.5906467437744141,297.4701843261719,297.1499938964844,293.1499938964844,0.0,-0.0,284.9386291503906,0.9676695466041564,0.5851088166236877,0.4094108343124389,297.1886291503906,297.1499938964844,293.1499938964844,0.0,-0.0,284.9389038085937,0.8298221826553345,0.3729617595672607,0.3561391830444336,297.1704406738281,297.1499938964844,293.1499938964844,0.0,-0.0,284.9393615722656,0.7151695489883423,0.23413847386837,1.069468975067139,284.938720703125,284.95001220703125,300.3355712890625,289.1218566894531,298.1791381835937,297.271728515625,284.9376220703125,1.0,0.6377579569816589,0.3944282531738281,0.3944282531738281,1.0,1.0,-3.4056763648986816,1.009493112564087,2.3961832523345947,0.240020141005516,0.9012410640716552,0.9012410640716552,0.0,179.33831787109375,187.0,48748.73828125,0.0,3294.0400390625,1.0,280.05780029296875,283.2475891113281,292.159423828125,295.2919006347656,293.1499938964844,293.1499938964844,279.75,35970.36328125,36000.0,313.1499938964844,0.0,18000.0,1.0,0.0,0.0,0.0,1.0,0.9928704500198364,1.0,0.0,0.0,3.655879020690918,3.6559031009674072,8.918194680518354e-07,4.265924453735352,4.265914440155029,9.78592834144365e-06,0.0,0.0,-0.0,7074.52734375,0.0,1539.4970703125,1895.4371337890625,0.0,4239.55517578125,0.906562089920044,1.0,0.0,3.0,1.0,0.0
12236520,297.0825500488281,297.1499938964844,293.1499938964844,0.0,-0.0,284.93878173828125,0.8837840557098389,0.4533562362194061,0.410283088684082,297.1404113769531,297.1499938964844,293.1499938964844,0.0,-0.0,284.9385986328125,0.9865707755088806,0.6227611899375916,0.5906467437744141,297.4701843261719,297.1499938964844,293.1499938964844,0.0,-0.0,284.9386291503906,0.9676695466041564,0.5851088166236877,0.4094108343124389,297.1886291503906,297.1499938964844,293.1499938964844,0.0,-0.0,284.9389038085937,0.8298221826553345,0.3729617595672607,0.3561391830444336,297.1704406738281,297.1499938964844,293.1499938964844,0.0,-0.0,284.9393615722656,0.7151695489883423,0.23413847386837,1.069468975067139,284.938720703125,284.95001220703125,300.3355712890625,289.1218566894531,298.1791381835937,297.271728515625,284.9376220703125,1.0,0.6377579569816589,0.3944282531738281,0.3944282531738281,1.0,1.0,-3.4056763648986816,1.009493112564087,2.3961832523345947,0.240020141005516,0.9012410640716552,0.9012410640716552,0.0,179.33831787109375,187.0,48748.73828125,0.0,3294.0400390625,1.0,280.05780029296875,283.2475891113281,292.159423828125,295.2919006347656,293.1499938964844,293.1499938964844,279.75,35970.36328125,36000.0,313.1499938964844,0.0,18000.0,1.0,0.0,0.0,0.0,1.0,0.9928704500198364,1.0,0.0,0.0,3.655879020690918,3.6559031009674072,8.918194680518354e-07,4.265924453735352,4.265914440155029,9.78592834144365e-06,0.0,0.0,-0.0,7074.52734375,0.0,1539.4970703125,1895.4371337890625,0.0,4239.55517578125,0.906562089920044,1.0,0.0,3.0,1.0,0.0
12236580,297.0666198730469,297.1499938964844,293.1499938964844,0.0,-0.0,284.7558288574219,0.8764048218727112,0.4508953094482422,0.4084561467170715,297.1210021972656,297.1499938964844,293.1499938964844,0.0,-0.0,284.755615234375,0.9801471829414368,0.6206818222999573,0.5891404747962952,297.4564208984375,297.1499938964844,293.1499938964844,0.0,-0.0,284.7556457519531,0.9627903699874878,0.5877757668495178,0.4115377962589264,297.17694091796875,297.1499938964844,293.1499938964844,0.0,-0.0,284.7559814453125,0.8244284987449646,0.3722719848155975,0.3558509647846222,297.16192626953125,297.1499938964844,293.1499938964844,0.0,-0.0,284.7565002441406,0.7101172804832458,0.2335392385721206,1.0683417320251465,284.7557373046875,284.95001220703125,300.3209228515625,289.11328125,298.1632995605469,297.2589416503906,284.7544250488281,1.0,0.639509916305542,0.3935340344905853,0.3935340344905853,1.0,1.0,-3.4025321006774902,1.0058190822601318,2.396713256835937,0.2371774166822433,0.8971241116523743,0.8971241116523743,0.0,183.47813415527344,190.0,49825.0546875,0.0,3310.883544921875,1.0,279.7582092285156,283.0239562988281,292.1739196777344,295.38397216796875,293.1499938964844,293.1499938964844,280.04998779296875,36178.51171875,36000.0,313.1499938964844,0.0,18000.0,1.0,0.0,0.0,0.0,1.0,1.0,1.0,0.0,0.0,3.6498703956604,3.6498944759368896,8.888903835213569e-07,4.265924453735352,4.265914440155029,9.78592834144365e-06,0.0,0.0,-0.0,6413.74462890625,0.0,1534.360107421875,1895.4371337890625,0.0,4300.0,0.9053548574447632,1.0,0.0,3.0,1.0,0.0
12236640,297.0666198730469,297.1499938964844,293.1499938964844,0.0,-0.0,284.7558288574219,0.8764048218727112,0.4508953094482422,0.4084561467170715,297.1210021972656,297.1499938964844,293.1499938964844,0.0,-0.0,284.755615234375,0.9801471829414368,0.6206818222999573,0.5891404747962952,297.4564208984375,297.1499938964844,293.1499938964844,0.0,-0.0,284.7556457519531,0.9627903699874878,0.5877757668495178,0.4115377962589264,297.17694091796875,297.1499938964844,293.1499938964844,0.0,-0.0,284.7559814453125,0.8244284987449646,0.3722719848155975,0.3558509647846222,297.16192626953125,297.1499938964844,293.1499938964844,0.0,-0.0,284.7565002441406,0.7101172804832458,0.2335392385721206,1.0683417320251465,284.7557373046875,284.95001220703125,300.3209228515625,289.11328125,298.1632995605469,297.2589416503906,284.7544250488281,1.0,0.639509916305542,0.3935340344905853,0.3935340344905853,1.0,1.0,-3.4025321006774902,1.0058190822601318,2.396713256835937,0.2371774166822433,0.8971241116523743,0.8971241116523743,0.0,183.47813415527344,190.0,49825.0546875,0.0,3310.883544921875,1.0,279.7582092285156,283.0239562988281,292.1739196777344,295.38397216796875,293.1499938964844,293.1499938964844,280.04998779296875,36178.51171875,36000.0,313.1499938964844,0.0,18000.0,1.0,0.0,0.0,0.0,1.0,1.0,1.0,0.0,0.0,3.6498703956604,3.6498944759368896,8.888903835213569e-07,4.265924453735352,4.265914440155029,9.78592834144365e-06,0.0,0.0,-0.0,6413.74462890625,0.0,1534.360107421875,1895.4371337890625,0.0,4300.0,0.9053548574447632,1.0,0.0,3.0,1.0,0.0
12236700,297.064697265625,297.1499938964844,293.1499938964844,0.0,-0.0,284.8744506835937,0.8730372786521912,0.4501706659793854,0.4075575172901153,297.1163024902344,297.1499938964844,293.1499938964844,0.0,-0.0,284.8753662109375,0.9770174026489258,0.6200299859046936,0.5883058309555054,297.455322265625,297.1499938964844,293.1499938964844,0.0,-0.0,284.875244140625,0.9606045484542848,0.589604377746582,0.4126106202602386,297.173828125,297.1499938964844,293.1499938964844,0.0,-0.0,284.8736877441406,0.8219049572944641,0.3721342384815216,0.3556182980537414,297.1590576171875,297.1499938964844,293.1499938964844,0.0,-0.0,284.8710327148437,0.7076032161712646,0.2333307713270187,1.067261815071106,284.87481689453125,284.95001220703125,300.3134765625,289.1088562011719,298.15838623046875,297.2568054199219,284.8810729980469,1.0,0.6402117609977722,0.3930869400501251,0.3930869400501251,1.0,1.0,-3.400152444839477,1.0037134885787964,2.3964390754699707,0.2355356365442276,0.8977644443511963,0.8977644443511963,0.0,185.3707427978516,190.0,48799.92578125,0.0,3316.415771484375,1.0,280.0013427734375,283.1821594238281,292.0961608886719,295.1557312011719,293.1499938964844,293.1499938964844,280.04998779296875,36127.78125,36000.0,313.1499938964844,0.0,18000.0,1.0,0.0,0.0,0.0,1.0,0.9973097443580629,1.0,0.0,0.0,3.647227048873901,3.647251129150391,8.876032779880916e-07,4.265924453735352,4.265914440155029,9.78592834144365e-06,0.0,0.0,-0.0,6567.591796875,0.0,1531.041015625,1895.4371337890625,0.0,4277.27490234375,0.9047812223434448,1.0,0.0,3.0,1.0,0.0
12236760,297.068359375,297.1499938964844,293.1499938964844,0.0,-0.0,284.9168395996094,0.8712459206581116,0.4499908685684204,0.4072610139846802,297.11749267578125,297.1499938964844,293.1499938964844,0.0,-0.0,284.9169921875,0.9752734899520874,0.6199334263801575,0.5880594849586487,297.4596862792969,297.1499938964844,293.1499938964844,0.0,-0.0,284.9169616699219,0.9600462317466736,0.5919647812843323,0.4141407608985901,297.17462158203125,297.1499938964844,293.1499938964844,0.0,-0.0,284.9167175292969,0.8206148147583008,0.3723620474338531,0.3557409644126892,297.1590270996094,297.1499938964844,293.1499938964844,0.0,-0.0,284.9162292480469,0.7062624096870422,0.2333835810422897,1.0672309398651123,284.9169006347656,284.95001220703125,300.3059997558594,289.1043395996094,298.15740966796875,297.259765625,284.91802978515625,1.0,0.6410620808601379,0.3927376270294189,0.3927376270294189,1.0,1.0,-3.4014430046081543,1.0031269788742063,2.3983161449432373,0.234579712152481,0.8980026245117188,0.8980026245117188,0.0,186.61151123046875,193.0,48660.51953125,0.0,3326.60498046875,1.0,280.0422668457031,283.22882080078125,292.08038330078125,295.1596984863281,293.1499938964844,293.1499938964844,280.3500061035156,36071.796875,36000.0,313.1499938964844,0.0,18000.0,1.0,0.0,0.0,0.0,1.0,0.9939507842063904,1.0,0.0,0.0,3.646470069885254,3.646493911743164,8.872348189470358e-07,4.265924453735352,4.265914440155029,9.78592834144365e-06,0.0,0.0,-0.0,6243.25146484375,0.0,1529.7813720703125,1895.4371337890625,0.0,4248.75927734375,0.90454763174057,1.0,0.0,3.0,1.0,0.0
12236820,297.0832824707031,297.1499938964844,293.1499938964844,0.0,-0.0,285.1004943847656,0.8696155548095703,0.4504587650299072,0.4074975550174713,297.1293029785156,297.1499938964844,293.1499938964844,0.0,-0.0,285.1006774902344,0.9736464023590088,0.6207062602043152,0.5885457992553711,297.4760131835937,297.1499938964844,293.1499938964844,0.0,-0.0,285.10064697265625,0.9609646797180176,0.5975342392921448,0.4178447425365448,297.1829833984375,297.1499938964844,293.1499938964844,0.0,-0.0,285.1003112792969,0.8196977376937866,0.3735124468803406,0.3566630482673645,297.1645202636719,297.1499938964844,293.1499938964844,0.0,-0.0,285.0997619628906,0.7052903175354004,0.2340484261512756,1.0696271657943726,285.1005554199219,284.95001220703125,300.2908630371094,289.0951232910156,298.160888671875,297.27301025390625,285.1019592285156,1.0,0.6432697772979736,0.3920390009880066,0.3920390009880066,1.0,1.0,-3.41074800491333,1.0042736530303955,2.4064743518829346,0.2335507273674011,0.9015383720397948,0.9015383720397948,0.0,188.39871215820312,196.0,47589.671875,0.0,3358.5263671875,1.0,280.3417358398437,283.4543762207031,292.0511474609375,295.0439147949219,293.1499938964844,293.1499938964844,280.04998779296875,35875.73046875,36000.0,313.1499938964844,0.0,18000.0,1.0,0.0,0.0,0.0,1.0,0.982010781764984,1.0,0.0,0.0,3.650493621826172,3.650517702102661,8.891939842214924e-07,4.265924453735352,4.265914440155029,9.78592834144365e-06,0.0,0.0,-0.0,6878.91552734375,0.0,1532.7879638671875,1895.4371337890625,0.0,4146.177734375,0.9053195714950562,1.0,0.0,3.0,1.0,0.0
12236880,297.0832824707031,297.1499938964844,293.1499938964844,0.0,-0.0,285.1004943847656,0.8696155548095703,0.4504587650299072,0.4074975550174713,297.1293029785156,297.1499938964844,293.1499938964844,0.0,-0.0,285.1006774902344,0.9736464023590088,0.6207062602043152,0.5885457992553711,297.4760131835937,297.1499938964844,293.1499938964844,0.0,-0.0,285.10064697265625,0.9609646797180176,0.5975342392921448,0.4178447425365448,297.1829833984375,297.1499938964844,293.1499938964844,0.0,-0.0,285.1003112792969,0.8196977376937866,0.3735124468803406,0.3566630482673645,297.1645202636719,297.1499938964844,293.1499938964844,0.0,-0.0,285.0997619628906,0.7052903175354004,0.2340484261512756,1.0696271657943726,285.1005554199219,284.95001220703125,300.2908630371094,289.0951232910156,298.160888671875,297.27301025390625,285.1019592285156,1.0,0.6432697772979736,0.3920390009880066,0.3920390009880066,1.0,1.0,-3.41074800491333,1.0042736530303955,2.4064743518829346,0.2335507273674011,0.9015383720397948,0.9015383720397948,0.0,188.39871215820312,196.0,47589.671875,0.0,3358.5263671875,1.0,280.3417358398437,283.4543762207031,292.0511474609375,295.0439147949219,293.1499938964844,293.1499938964844,280.04998779296875,35875.73046875,36000.0,313.1499938964844,0.0,18000.0,1.0,0.0,0.0,0.0,1.0,0.982010781764984,1.0,0.0,0.0,3.650493621826172,3.650517702102661,8.891939842214924e-07,4.265924453735352,4.265914440155029,9.78592834144365e-06,0.0,0.0,-0.0,6878.91552734375,0.0,1532.7879638671875,1895.4371337890625,0.0,4146.177734375,0.9053195714950562,1.0,0.0,3.0,1.0,0.0
12236940,297.0813293457031,297.1499938964844,293.1499938964844,0.0,-0.0,284.9421691894531,0.8663089871406555,0.4494402110576629,0.4071738719940185,297.1263732910156,297.1499938964844,293.1499938964844,0.0,-0.0,284.9420166015625,0.9704055786132812,0.6201720237731934,0.5886452198028564,297.47576904296875,297.1499938964844,293.1499938964844,0.0,-0.0,284.9420166015625,0.960050404071808,0.6016619801521301,0.4211409091949463,297.1828308105469,297.1499938964844,293.1499938964844,0.0,-0.0,284.9422912597656,0.8175451755523682,0.3739309310913086,0.3574629127979278,297.16522216796875,297.1499938964844,293.1499938964844,0.0,-0.0,284.9427185058594,0.7032649517059326,0.2343150526285171,1.0722370147705078,284.9421081542969,284.95001220703125,300.2754821777344,289.085693359375,298.15484619140625,297.2730407714844,284.9410705566406,1.0,0.6457282304763794,0.3913403749465942,0.3913403749465942,1.0,1.0,-3.4185571670532227,1.0048836469650269,2.4136734008789062,0.2325962632894516,0.9001299738883972,0.9001299738883972,0.0,191.1690826416016,199.0,48775.26953125,0.0,3392.8359375,1.0,280.0578308105469,283.2528686523437,292.1232604980469,295.2535705566406,293.1499938964844,293.1499938964844,279.75,35984.796875,36000.0,313.1499938964844,0.0,18000.0,1.0,0.0,0.0,0.0,1.0,0.9934608936309814,1.0,0.0,0.0,3.651763677597046,3.651787757873535,8.898127248357923e-07,4.265924453735352,4.265914440155029,9.78592834144365e-06,0.0,0.0,-0.0,7067.3125,0.0,1535.017822265625,1895.4371337890625,0.0,4244.587890625,0.9056532979011536,1.0,0.0,3.0,1.0,0.0
12237000,297.0813293457031,297.1499938964844,293.1499938964844,0.0,-0.0,284.9421691894531,0.8663089871406555,0.4494402110576629,0.4071738719940185,297.1263732910156,297.1499938964844,293.1499938964844,0.0,-0.0,284.9420166015625,0.9704055786132812,0.6201720237731934,0.5886452198028564,297.47576904296875,297.1499938964844,293.1499938964844,0.0,-0.0,284.9420166015625,0.960050404071808,0.6016619801521301,0.4211409091949463,297.1828308105469,297.1499938964844,293.1499938964844,0.0,-0.0,284.9422912597656,0.8175451755523682,0.3739309310913086,0.3574629127979278,297.16522216796875,297.1499938964844,293.1499938964844,0.0,-0.0,284.9427185058594,0.7032649517059326,0.2343150526285171,1.0722370147705078,284.9421081542969,284.95001220703125,300.2754821777344,289.085693359375,298.15484619140625,297.2730407714844,284.9410705566406,1.0,0.6457282304763794,0.3913403749465942,0.3913403749465942,1.0,1.0,-3.4185571670532227,1.0048836469650269,2.4136734008789062,0.2325962632894516,0.9001299738883972,0.9001299738883972,0.0,191.1690826416016,199.0,48775.26953125,0.0,3392.8359375,1.0,280.0578308105469,283.2528686523437,292.1232604980469,295.2535705566406,293.1499938964844,293.1499938964844,279.75,35984.796875,36000.0,313.1499938964844,0.0,18000.0,1.0,0.0,0.0,0.0,1.0,0.9934608936309814,1.0,0.0,0.0,3.651763677597046,3.651787757873535,8.898127248357923e-07,4.265924453735352,4.265914440155029,9.78592834144365e-06,0.0,0.0,-0.0,7067.3125,0.0,1535.017822265625,1895.4371337890625,0.0,4244.587890625,0.9056532979011536,1.0,0.0,3.0,1.0,0.0
12237060,297.06646728515625,297.1499938964844,293.1499938964844,0.0,-0.0,284.76043701171875,0.8599093556404114,0.4470738768577575,0.4054514169692993,297.10858154296875,297.1499938964844,293.1499938964844,0.0,-0.0,284.76025390625,0.9637633562088012,0.618079662322998,0.5871564149856567,297.46258544921875,297.1499938964844,293.1499938964844,0.0,-0.0,284.7602844238281,0.9557031989097596,0.6044598817825317,0.4233754575252533,297.17236328125,297.1499938964844,293.1499938964844,0.0,-0.0,284.7605895996094,0.8126688003540039,0.3732949495315552,0.3572460114955902,297.1579284667969,297.1499938964844,293.1499938964844,0.0,-0.0,284.7611083984375,0.698584794998169,0.2337768673896789,1.0714490413665771,284.7603759765625,284.95001220703125,300.2599182128906,289.0761108398437,298.1396484375,297.2611999511719,284.75909423828125,1.0,0.6475641131401062,0.3904954195022583,0.3904954195022583,1.0,1.0,-3.4161837100982666,1.001615047454834,2.4145686626434326,0.2299832105636596,0.8960846662521362,0.8960846662521362,0.0,195.3155212402344,202.0,49861.9140625,0.0,3411.49609375,1.0,279.7582397460937,283.0302429199219,292.14324951171875,295.3536682128906,293.1499938964844,293.1499938964844,280.04998779296875,36184.17578125,36000.0,313.1499938964844,0.0,18000.0,1.0,0.0,0.0,0.0,1.0,1.0,1.0,0.0,0.0,3.645532369613648,3.6455562114715576,8.867785368238401e-07,4.265924453735352,4.265914440155029,9.78592834144365e-06,0.0,0.0,-0.0,6410.05224609375,0.0,1529.5799560546875,1895.4371337890625,0.0,4300.0,0.9043897986412048,1.0,0.0,3.0,1.0,0.0
12237120,297.06646728515625,297.1499938964844,293.1499938964844,0.0,-0.0,284.76043701171875,0.8599093556404114,0.4470738768577575,0.4054514169692993,297.10858154296875,297.1499938964844,293.1499938964844,0.0,-0.0,284.76025390625,0.9637633562088012,0.618079662322998,0.5871564149856567,297.46258544921875,297.1499938964844,293.1499938964844,0.0,-0.0,284.7602844238281,0.9557031989097596,0.6044598817825317,0.4233754575252533,297.17236328125,297.1499938964844,293.1499938964844,0.0,-0.0,284.7605895996094,0.8126688003540039,0.3732949495315552,0.3572460114955902,297.1579284667969,297.1499938964844,293.1499938964844,0.0,-0.0,284.7611083984375,0.698584794998169,0.2337768673896789,1.0714490413665771,284.7603759765625,284.95001220703125,300.2599182128906,289.0761108398437,298.1396484375,297.2611999511719,284.75909423828125,1.0,0.6475641131401062,0.3904954195022583,0.3904954195022583,1.0,1.0,-3.4161837100982666,1.001615047454834,2.4145686626434326,0.2299832105636596,0.8960846662521362,0.8960846662521362,0.0,195.3155212402344,202.0,49861.9140625,0.0,3411.49609375,1.0,279.7582397460937,283.0302429199219,292.14324951171875,295.3536682128906,293.1499938964844,293.1499938964844,280.04998779296875,36184.17578125,36000.0,313.1499938964844,0.0,18000.0,1.0,0.0,0.0,0.0,1.0,1.0,1.0,0.0,0.0,3.645532369613648,3.6455562114715576,8.867785368238401e-07,4.265924453735352,4.265914440155029,9.78592834144365e-06,0.0,0.0,-0.0,6410.05224609375,0.0,1529.5799560546875,1895.4371337890625,0.0,4300.0,0.9043897986412048,1.0,0.0,3.0,1.0,0.0
12237180,297.06854248046875,297.1499938964844,293.1499938964844,0.0,-0.0,284.92138671875,0.8553382158279419,0.446201354265213,0.4042998850345611,297.105712890625,297.1499938964844,293.1499938964844,0.0,-0.0,284.9215393066406,0.9586437940597534,0.6172395348548889,0.5860077142715454,297.4662780761719,297.1499938964844,293.1499938964844,0.0,-0.0,284.9215393066406,0.9532631635665894,0.6087705492973328,0.4260621964931488,297.170654296875,297.1499938964844,293.1499938964844,0.0,-0.0,284.9212646484375,0.809036910533905,0.3733876049518585,0.3571502268314361,297.1557312011719,297.1499938964844,293.1499938964844,0.0,-0.0,284.9207763671875,0.6950377821922302,0.2336412072181701,1.0704762935638428,284.92144775390625,284.95001220703125,300.2441101074219,289.0664367675781,298.1339111328125,297.2626647949219,284.9225769042969,1.0,0.6491650938987732,0.3896504640579223,0.3896504640579223,1.0,1.0,-3.4153499603271484,0.9988694787025452,2.416480302810669,0.2272647470235824,0.8970245718955994,0.8970245718955994,0.0,198.51217651367188,205.0,48699.47265625,0.0,3428.219482421875,1.0,280.0421447753906,283.2349853515625,292.0473327636719,295.1295471191406,293.1499938964844,293.1499938964844,280.3500061035156,36071.78125,36000.0,313.1499938964844,0.0,18000.0,1.0,0.0,0.0,0.0,1.0,0.9952802658081056,1.0,0.0,0.0,3.6421289443969727,3.642152786254883,8.851235975271265e-07,4.265924453735352,4.265914440155029,9.78592834144365e-06,0.0,0.0,-0.0,6238.78125,0.0,1524.965087890625,1895.4371337890625,0.0,4260.064453125,0.9035776257514954,1.0,0.0,3.0,1.0,0.0
12237240,297.06854248046875,297.1499938964844,293.1499938964844,0.0,-0.0,284.92138671875,0.8553382158279419,0.446201354265213,0.4042998850345611,297.105712890625,297.1499938964844,293.1499938964844,0.0,-0.0,284.9215393066406,0.9586437940597534,0.6172395348548889,0.5860077142715454,297.4662780761719,297.1499938964844,293.1499938964844,0.0,-0.0,284.9215393066406,0.9532631635665894,0.6087705492973328,0.4260621964931488,297.170654296875,297.1499938964844,293.1499938964844,0.0,-0.0,284.9212646484375,0.809036910533905,0.3733876049518585,0.3571502268314361,297.1557312011719,297.1499938964844,293.1499938964844,0.0,-0.0,284.9207763671875,0.6950377821922302,0.2336412072181701,1.0704762935638428,284.92144775390625,284.95001220703125,300.2441101074219,289.0664367675781,298.1339111328125,297.2626647949219,284.9225769042969,1.0,0.6491650938987732,0.3896504640579223,0.3896504640579223,1.0,1.0,-3.4153499603271484,0.9988694787025452,2.416480302810669,0.2272647470235824,0.8970245718955994,0.8970245718955994,0.0,198.51217651367188,205.0,48699.47265625,0.0,3428.219482421875,1.0,280.0421447753906,283.2349853515625,292.0473327636719,295.1295471191406,293.1499938964844,293.1499938964844,280.3500061035156,36071.78125,36000.0,313.1499938964844,0.0,18000.0,1.0,0.0,0.0,0.0,1.0,0.9952802658081056,1.0,0.0,0.0,3.6421289443969727,3.642152786254883,8.851235975271265e-07,4.265924453735352,4.265914440155029,9.78592834144365e-06,0.0,0.0,-0.0,6238.78125,0.0,1524.965087890625,1895.4371337890625,0.0,4260.064453125,0.9035776257514954,1.0,0.0,3.0,1.0,0.0
12237300,297.0750732421875,297.1499938964844,293.1499938964844,0.0,-0.0,285.0574035644531,0.8542797565460205,0.446321964263916,0.4042593240737915,297.1104431152344,297.1499938964844,293.1499938964844,0.0,-0.0,285.0584716796875,0.957390069961548,0.6174200773239136,0.5860062837600708,297.4736633300781,297.1499938964844,293.1499938964844,0.0,-0.0,285.0584411621094,0.953409731388092,0.6114941835403442,0.4278233647346496,297.17401123046875,297.1499938964844,293.1499938964844,0.0,-0.0,285.0566711425781,0.8082857131958008,0.3738456964492798,0.357474684715271,297.1578369140625,297.1499938964844,293.1499938964844,0.0,-0.0,285.05377197265625,0.6942938566207886,0.2338825762271881,1.071216702461243,285.057861328125,284.95001220703125,300.2361755371094,289.06158447265625,298.1347351074219,297.26837158203125,285.064697265625,1.0,0.6501725912094116,0.3892279863357544,0.3892279863357544,1.0,1.0,-3.4186925888061523,0.9987678527832032,2.419924736022949,0.2263554632663726,0.8990726470947266,0.8990726470947266,0.0,199.5682830810547,205.0,47705.7890625,0.0,3442.230224609375,1.0,280.298583984375,283.4101257324219,292.0033569335937,294.96209716796875,293.1499938964844,293.1499938964844,280.3500061035156,35962.1796875,36000.0,313.1499938964844,0.0,18000.0,1.0,0.0,0.0,0.0,1.0,0.987390637397766,1.0,0.0,0.0,3.643071413040161,3.6430954933166495,8.855817554831447e-07,4.265924453735352,4.265914440155029,9.78592834144365e-06,0.0,0.0,-0.0,6418.74755859375,0.0,1525.19140625,1895.4371337890625,0.0,4192.62744140625,0.9037495255470276,1.0,0.0,3.0,1.0,0.0
12237360,297.0834350585937,297.1499938964844,293.1499938964844,0.0,-0.0,285.10504150390625,0.8538697361946106,0.4466713666915893,0.4045441150665283,297.1177062988281,297.1499938964844,293.1499938964844,0.0,-0.0,285.105224609375,0.9568661451339722,0.6178832054138184,0.586381196975708,297.4829406738281,297.1499938964844,293.1499938964844,0.0,-0.0,285.105224609375,0.9542859196662904,0.6144565939903259,0.4298476576805115,297.1792907714844,297.1499938964844,293.1499938964844,0.0,-0.0,285.1048889160156,0.8081380724906921,0.3745172023773193,0.3580590188503265,297.16162109375,297.1499938964844,293.1499938964844,0.0,-0.0,285.1043395996094,0.6941426396369934,0.2343051880598068,1.0728983879089355,285.1051330566406,284.95001220703125,300.2281494140625,289.0567626953125,298.13739013671875,297.2763061523437,285.1064758300781,1.0,0.6513859629631042,0.3888983726501465,0.3888983726501465,1.0,1.0,-3.4246418476104736,0.999799370765686,2.424842596054077,0.2260087430477142,0.9006200432777405,0.9006200432777405,0.0,200.37144470214844,208.0,47627.0703125,0.0,3460.919677734375,1.0,280.3418273925781,283.46051025390625,292.0145568847656,295.0098876953125,293.1499938964844,293.1499938964844,280.04998779296875,35871.8515625,36000.0,313.1499938964844,0.0,18000.0,1.0,0.0,0.0,0.0,1.0,0.9836832284927368,1.0,0.0,0.0,3.646293163299561,3.64631724357605,8.871488148542994e-07,4.265924453735352,4.265914440155029,9.78592834144365e-06,0.0,0.0,-0.0,6872.66357421875,0.0,1528.0906982421875,1895.4371337890625,0.0,4160.65673828125,0.9043774604797364,1.0,0.0,3.0,1.0,0.0
12237420,297.0815734863281,297.1499938964844,293.1499938964844,0.0,-0.0,284.94683837890625,0.8509305119514465,0.4456630647182464,0.4042293727397918,297.11492919921875,297.1499938964844,293.1499938964844,0.0,-0.0,284.9466857910156,0.9534693360328674,0.6172183156013489,0.5863602161407471,297.4824523925781,297.1499938964844,293.1499938964844,0.0,-0.0,284.9466552734375,0.9535624384880066,0.6186497807502747,0.43320032954216,297.1792907714844,297.1499938964844,293.1499938964844,0.0,-0.0,284.9469299316406,0.8060421347618103,0.3749031126499176,0.3588336408138275,297.1625671386719,297.1499938964844,293.1499938964844,0.0,-0.0,284.9473876953125,0.6923003792762756,0.2345599830150604,1.0754796266555786,284.9467468261719,284.95001220703125,300.2120056152344,289.047119140625,298.1312866210937,297.2763671875,284.9457397460937,1.0,0.653830349445343,0.3882391452789306,0.3882391452789306,1.0,1.0,-3.4323203563690186,1.0004466772079468,2.4318737983703613,0.2251087874174118,0.8992748260498047,0.8992748260498047,0.0,203.1962738037109,211.0,48814.9453125,0.0,3495.59375,1.0,280.057861328125,283.259033203125,292.0851745605469,295.2177124023437,293.1499938964844,293.1499938964844,280.3500061035156,35979.703125,36000.0,313.1499938964844,0.0,18000.0,1.0,0.0,0.0,0.0,1.0,0.9952087998390198,1.0,0.0,0.0,3.647752285003662,3.647776365280152,8.878589596861275e-07,4.265924453735352,4.265914440155029,9.78592834144365e-06,0.0,0.0,-0.0,6281.15869140625,0.0,1530.517578125,1895.4371337890625,0.0,4259.45751953125,0.904752552509308,1.0,0.0,3.0,1.0,0.0
12237480,297.0815734863281,297.1499938964844,293.1499938964844,0.0,-0.0,284.94683837890625,0.8509305119514465,0.4456630647182464,0.4042293727397918,297.11492919921875,297.1499938964844,293.1499938964844,0.0,-0.0,284.9466857910156,0.9534693360328674,0.6172183156013489,0.5863602161407471,297.4824523925781,297.1499938964844,293.1499938964844,0.0,-0.0,284.9466552734375,0.9535624384880066,0.6186497807502747,0.43320032954216,297.1792907714844,297.1499938964844,293.1499938964844,0.0,-0.0,284.9469299316406,0.8060421347618103,0.3749031126499176,0.3588336408138275,297.1625671386719,297.1499938964844,293.1499938964844,0.0,-0.0,284.9473876953125,0.6923003792762756,0.2345599830150604,1.0754796266555786,284.9467468261719,284.95001220703125,300.2120056152344,289.047119140625,298.1312866210937,297.2763671875,284.9457397460937,1.0,0.653830349445343,0.3882391452789306,0.3882391452789306,1.0,1.0,-3.4323203563690186,1.0004466772079468,2.4318737983703613,0.2251087874174118,0.8992748260498047,0.8992748260498047,0.0,203.1962738037109,211.0,48814.9453125,0.0,3495.59375,1.0,280.057861328125,283.259033203125,292.0851745605469,295.2177124023437,293.1499938964844,293.1499938964844,280.3500061035156,35979.703125,36000.0,313.1499938964844,0.0,18000.0,1.0,0.0,0.0,0.0,1.0,0.9952087998390198,1.0,0.0,0.0,3.647752285003662,3.647776365280152,8.878589596861275e-07,4.265924453735352,4.265914440155029,9.78592834144365e-06,0.0,0.0,-0.0,6281.15869140625,0.0,1530.517578125,1895.4371337890625,0.0,4259.45751953125,0.904752552509308,1.0,0.0,3.0,1.0,0.0
12237540,297.0873718261719,297.1499938964844,293.1499938964844,0.0,-0.0,285.1098937988281,0.8475878238677979,0.4453656077384949,0.4036983549594879,297.1177673339844,297.1499938964844,293.1499938964844,0.0,-0.0,285.1100769042969,0.9494253396987916,0.6170435547828674,0.5859580636024475,297.4902648925781,297.1499938964844,293.1499938964844,0.0,-0.0,285.1100769042969,0.952345609664917,0.6236333847045898,0.4364230334758758,297.1821594238281,297.1499938964844,293.1499938964844,0.0,-0.0,285.1097717285156,0.8034229278564453,0.3755552470684051,0.3593378067016601,297.1647644042969,297.1499938964844,293.1499938964844,0.0,-0.0,285.1092834472656,0.689957857131958,0.2349328398704528,1.0769999027252195,285.1099853515625,284.95001220703125,300.1956787109375,289.0375671386719,298.1293334960937,297.2822570800781,285.11114501953125,1.0,0.6560915112495422,0.3875798881053924,0.3875798881053924,1.0,1.0,-3.4374992847442627,1.0002567768096924,2.4372427463531494,0.2236476838588714,0.9027483463287354,0.9027483463287354,0.0,206.21536254882807,214.0,47750.05078125,0.0,3525.622314453125,1.0,280.3421630859375,283.46319580078125,292.0119323730469,295.0272827148437,293.1499938964844,293.1499938964844,280.04998779296875,35830.08984375,36000.0,313.1499938964844,0.0,18000.0,1.0,0.0,0.0,0.0,1.0,0.9867182970046996,1.0,0.0,0.0,3.653352975845337,3.653377056121826,8.905874437914463e-07,4.265924453735352,4.265914440155029,9.78592834144365e-06,0.0,0.0,-0.0,6884.38671875,0.0,1535.629638671875,1895.4371337890625,0.0,4186.8427734375,0.9059238433837892,1.0,0.0,3.0,1.0,0.0
12237600,297.0873718261719,297.1499938964844,293.1499938964844,0.0,-0.0,285.1098937988281,0.8475878238677979,0.4453656077384949,0.4036983549594879,297.1177673339844,297.1499938964844,293.1499938964844,0.0,-0.0,285.1100769042969,0.9494253396987916,0.6170435547828674,0.5859580636024475,297.4902648925781,297.1499938964844,293.1499938964844,0.0,-0.0,285.1100769042969,0.952345609664917,0.6236333847045898,0.4364230334758758,297.1821594238281,297.1499938964844,293.1499938964844,0.0,-0.0,285.1097717285156,0.8034229278564453,0.3755552470684051,0.3593378067016601,297.1647644042969,297.1499938964844,293.1499938964844,0.0,-0.0,285.1092834472656,0.689957857131958,0.2349328398704528,1.0769999027252195,285.1099853515625,284.95001220703125,300.1956787109375,289.0375671386719,298.1293334960937,297.2822570800781,285.11114501953125,1.0,0.6560915112495422,0.3875798881053924,0.3875798881053924,1.0,1.0,-3.4374992847442627,1.0002567768096924,2.4372427463531494,0.2236476838588714,0.9027483463287354,0.9027483463287354,0.0,206.21536254882807,214.0,47750.05078125,0.0,3525.622314453125,1.0,280.3421630859375,283.46319580078125,292.0119323730469,295.0272827148437,293.1499938964844,293.1499938964844,280.04998779296875,35830.08984375,36000.0,313.1499938964844,0.0,18000.0,1.0,0.0,0.0,0.0,1.0,0.9867182970046996,1.0,0.0,0.0,3.653352975845337,3.653377056121826,8.905874437914463e-07,4.265924453735352,4.265914440155029,9.78592834144365e-06,0.0,0.0,-0.0,6884.38671875,0.0,1535.629638671875,1895.4371337890625,0.0,4186.8427734375,0.9059238433837892,1.0,0.0,3.0,1.0,0.0
12237660,297.08251953125,297.1499938964844,293.1499938964844,0.0,-0.0,284.9482421875,0.8441035747528076,0.4441015124320984,0.4030930399894714,297.1111145019531,297.1499938964844,293.1499938964844,0.0,-0.0,284.94805908203125,0.945120334625244,0.6159822940826416,0.585504412651062,297.4866638183594,297.1499938964844,293.1499938964844,0.0,-0.0,284.94805908203125,0.9508799910545348,0.6275973320007324,0.4395770132541656,297.1792297363281,297.1499938964844,293.1499938964844,0.0,-0.0,284.9483642578125,0.8006725311279297,0.3756797611713409,0.3598411977291107,297.1632995605469,297.1499938964844,293.1499938964844,0.0,-0.0,284.9488220214844,0.6875321865081787,0.2349825650453567,1.078648328781128,284.9481811523437,284.95001220703125,300.17919921875,289.0282287597656,298.1205444335937,297.279296875,284.9470520019531,1.0,0.6583971381187439,0.3867500722408294,0.3867500722408294,1.0,1.0,-3.4426193237304688,0.9995378255844116,2.443081378936768,0.2219214141368866,0.901394784450531,0.901394784450531,0.0,209.43670654296875,217.0,48915.15234375,0.0,3556.766845703125,1.0,280.05780029296875,283.2586669921875,292.06597900390625,295.20782470703125,293.1499938964844,293.1499938964844,279.75,35955.5078125,36000.0,313.1499938964844,0.0,18000.0,1.0,0.0,0.0,0.0,1.0,0.9977898001670836,1.0,0.0,0.0,3.655723571777344,3.655747652053833,8.917435820876563e-07,4.265924453735352,4.265914440155029,9.78592834144365e-06,0.0,0.0,-0.0,7066.189453125,0.0,1539.212158203125,1895.4371337890625,0.0,4281.33740234375,0.9065169095993042,1.0,0.0,3.0,1.0,0.0
12237720,297.08251953125,297.1499938964844,293.1499938964844,0.0,-0.0,284.9482421875,0.8441035747528076,0.4441015124320984,0.4030930399894714,297.1111145019531,297.1499938964844,293.1499938964844,0.0,-0.0,284.94805908203125,0.945120334625244,0.6159822940826416,0.585504412651062,297.4866638183594,297.1499938964844,293.1499938964844,0.0,-0.0,284.94805908203125,0.9508799910545348,0.6275973320007324,0.4395770132541656,297.1792297363281,297.1499938964844,293.1499938964844,0.0,-0.0,284.9483642578125,0.8006725311279297,0.3756797611713409,0.3598411977291107,297.1632995605469,297.1499938964844,293.1499938964844,0.0,-0.0,284.9488220214844,0.6875321865081787,0.2349825650453567,1.078648328781128,284.9481811523437,284.95001220703125,300.17919921875,289.0282287597656,298.1205444335937,297.279296875,284.9470520019531,1.0,0.6583971381187439,0.3867500722408294,0.3867500722408294,1.0,1.0,-3.4426193237304688,0.9995378255844116,2.443081378936768,0.2219214141368866,0.901394784450531,0.901394784450531,0.0,209.43670654296875,217.0,48915.15234375,0.0,3556.766845703125,1.0,280.05780029296875,283.2586669921875,292.06597900390625,295.20782470703125,293.1499938964844,293.1499938964844,279.75,35955.5078125,36000.0,313.1499938964844,0.0,18000.0,1.0,0.0,0.0,0.0,1.0,0.9977898001670836,1.0,0.0,0.0,3.655723571777344,3.655747652053833,8.917435820876563e-07,4.265924453735352,4.265914440155029,9.78592834144365e-06,0.0,0.0,-0.0,7066.189453125,0.0,1539.212158203125,1895.4371337890625,0.0,4281.33740234375,0.9065169095993042,1.0,0.0,3.0,1.0,0.0
12237780,297.0667419433594,297.1499938964844,293.1499938964844,0.0,-0.0,284.7647705078125,0.8385341763496399,0.4416536390781402,0.4012799263000488,297.09197998046875,297.1499938964844,293.1499938964844,0.0,-0.0,284.7645568847656,0.9381064176559448,0.6135588884353638,0.5836780667304993,297.4715270996094,297.1499938964844,293.1499938964844,0.0,-0.0,284.7645568847656,0.9468421339988708,0.6303362250328064,0.4417628943920135,297.1674499511719,297.1499938964844,293.1499938964844,0.0,-0.0,284.764892578125,0.7958621382713318,0.3748616576194763,0.3594391047954559,297.1548156738281,297.1499938964844,293.1499938964844,0.0,-0.0,284.76544189453125,0.6831811666488647,0.2342973798513412,1.0771669149398804,284.7646789550781,284.95001220703125,300.1625671386719,289.01910400390625,298.1040344238281,297.2660217285156,284.7633361816406,1.0,0.6600461602210999,0.3859202563762665,0.3859202563762665,1.0,1.0,-3.4386146068573,0.9957302808761596,2.4428842067718506,0.2191030830144882,0.8973932862281799,0.8973932862281799,0.0,213.68223571777344,220.0,49990.12890625,0.0,3572.13134765625,1.0,279.7582092285156,283.0344543457031,292.0979919433594,295.3128662109375,293.1499938964844,293.1499938964844,280.04998779296875,36163.88671875,36000.0,313.1499938964844,0.0,18000.0,1.0,0.0,0.0,0.0,1.0,1.0,1.0,0.0,0.0,3.650258302688599,3.650282382965088,8.890793310456502e-07,4.265924453735352,4.265914440155029,9.78592834144365e-06,0.0,0.0,-0.0,6409.60498046875,0.0,1534.682373046875,1895.4371337890625,0.0,4300.0,0.9054312705993652,1.0,0.0,3.0,1.0,0.0
12237840,297.0667419433594,297.1499938964844,293.1499938964844,0.0,-0.0,284.7647705078125,0.8385341763496399,0.4416536390781402,0.4012799263000488,297.09197998046875,297.1499938964844,293.1499938964844,0.0,-0.0,284.7645568847656,0.9381064176559448,0.6135588884353638,0.5836780667304993,297.4715270996094,297.1499938964844,293.1499938964844,0.0,-0.0,284.7645568847656,0.9468421339988708,0.6303362250328064,0.4417628943920135,297.1674499511719,297.1499938964844,293.1499938964844,0.0,-0.0,284.764892578125,0.7958621382713318,0.3748616576194763,0.3594391047954559,297.1548156738281,297.1499938964844,293.1499938964844,0.0,-0.0,284.76544189453125,0.6831811666488647,0.2342973798513412,1.0771669149398804,284.7646789550781,284.95001220703125,300.1625671386719,289.01910400390625,298.1040344238281,297.2660217285156,284.7633361816406,1.0,0.6600461602210999,0.3859202563762665,0.3859202563762665,1.0,1.0,-3.4386146068573,0.9957302808761596,2.4428842067718506,0.2191030830144882,0.8973932862281799,0.8973932862281799,0.0,213.68223571777344,220.0,49990.12890625,0.0,3572.13134765625,1.0,279.7582092285156,283.0344543457031,292.0979919433594,295.3128662109375,293.1499938964844,293.1499938964844,280.04998779296875,36163.88671875,36000.0,313.1499938964844,0.0,18000.0,1.0,0.0,0.0,0.0,1.0,1.0,1.0,0.0,0.0,3.650258302688599,3.650282382965088,8.890793310456502e-07,4.265924453735352,4.265914440155029,9.78592834144365e-06,0.0,0.0,-0.0,6409.60498046875,0.0,1534.682373046875,1895.4371337890625,0.0,4300.0,0.9054312705993652,1.0,0.0,3.0,1.0,0.0
12237900,297.0647277832031,297.1499938964844,293.1499938964844,0.0,-0.0,284.88250732421875,0.8359938263893127,0.440924197435379,0.4003856778144836,297.0873413085937,297.1499938964844,293.1499938964844,0.0,-0.0,284.88348388671875,0.9347993731498718,0.6127322912216187,0.5826849937438965,297.47021484375,297.1499938964844,293.1499938964844,0.0,-0.0,284.8835754394531,0.9450882077217102,0.6322372555732727,0.4428705275058746,297.1643371582031,297.1499938964844,293.1499938964844,0.0,-0.0,284.88189697265625,0.7936097383499146,0.3746626079082489,0.359149158000946,297.1520080566406,297.1499938964844,293.1499938964844,0.0,-0.0,284.8792724609375,0.6810895204544067,0.234047845005989,1.0759069919586182,284.88299560546875,284.95001220703125,300.1542053222656,289.0146789550781,298.0990295410156,297.263916015625,284.8890991210937,1.0,0.6606884002685547,0.385505348443985,0.385505348443985,1.0,1.0,-3.4358057975769043,0.9935632944107056,2.442242383956909,0.2174769043922424,0.8980814814567566,0.8980814814567566,0.0,215.6009979248047,220.0,48955.9375,0.0,3576.681640625,1.0,280.0013427734375,283.1919250488281,292.0215148925781,295.0898132324219,293.1499938964844,293.1499938964844,280.04998779296875,36113.875,36000.0,313.1499938964844,0.0,18000.0,1.0,0.0,0.0,0.0,1.0,0.9999805092811584,1.0,0.0,0.0,3.647872686386109,3.6478967666625977,8.87917565250973e-07,4.265924453735352,4.265914440155029,9.78592834144365e-06,0.0,0.0,-0.0,6562.82763671875,0.0,1531.6546630859375,1895.4371337890625,0.0,4299.8359375,0.904915452003479,1.0,0.0,3.0,1.0,0.0
12237960,297.0682373046875,297.1499938964844,293.1499938964844,0.0,-0.0,284.9243469238281,0.8346456289291382,0.4407281577587127,0.4000799059867859,297.08856201171875,297.1499938964844,293.1499938964844,0.0,-0.0,284.92449951171875,0.9329493641853333,0.6124542355537415,0.5822728276252747,297.4745483398437,297.1499938964844,293.1499938964844,0.0,-0.0,284.9245300292969,0.9447975158691406,0.6346897482872009,0.444460779428482,297.1651306152344,297.1499938964844,293.1499938964844,0.0,-0.0,284.9242248535156,0.7924628853797913,0.3748311400413513,0.359216958284378,297.1520080566406,297.1499938964844,293.1499938964844,0.0,-0.0,284.9237976074219,0.6799799799919128,0.2340623289346695,1.0757062435150146,284.9244384765625,284.95001220703125,300.14581298828125,289.01031494140625,298.0980529785156,297.2670288085937,284.9255065917969,1.0,0.6614754796028137,0.3851891458034515,0.3851891458034515,1.0,1.0,-3.436687707901001,0.992909610271454,2.4437780380249023,0.2165266573429107,0.8983630537986755,0.8983630537986755,0.0,216.86083984375,223.0,48812.73828125,0.0,3586.20068359375,1.0,280.04229736328125,283.2380676269531,291.99932861328125,295.0897216796875,293.1499938964844,293.1499938964844,280.3500061035156,36058.89453125,36000.0,313.1499938964844,0.0,18000.0,1.0,0.0,0.0,0.0,1.0,0.9975637793540956,1.0,0.0,0.0,3.647347927093506,3.647372007369995,8.876621109266125e-07,4.265924453735352,4.265914440155029,9.78592834144365e-06,0.0,0.0,-0.0,6236.2265625,0.0,1530.6602783203125,1895.4371337890625,0.0,4279.42529296875,0.90473473072052,1.0,0.0,3.0,1.0,0.0
12238020,297.0827331542969,297.1499938964844,293.1499938964844,0.0,-0.0,285.1068725585937,0.8334431052207947,0.4411508738994598,0.4002822935581207,297.100341796875,297.1499938964844,293.1499938964844,0.0,-0.0,285.1070556640625,0.9311814904212952,0.6128562092781067,0.582417368888855,297.4909973144531,297.1499938964844,293.1499938964844,0.0,-0.0,285.1070861816406,0.9460307955741882,0.640460193157196,0.4482995569705963,297.1735534667969,297.1499938964844,293.1499938964844,0.0,-0.0,285.1067199707031,0.7916858196258545,0.3758675754070282,0.360033243894577,297.15771484375,297.1499938964844,293.1499938964844,0.0,-0.0,285.1061706542969,0.6792105436325073,0.2346581667661667,1.077794909477234,285.1069641113281,284.95001220703125,300.12890625,289.0018920898437,298.10162353515625,297.28057861328125,285.1083068847656,1.0,0.663546085357666,0.384556770324707,0.384556770324707,1.0,1.0,-3.4452059268951416,0.9938967227935792,2.4513092041015625,0.2154788970947265,0.9019766449928284,0.9019766449928284,0.0,218.67930603027344,226.0,47731.34765625,0.0,3617.390380859375,1.0,280.3417663574219,283.46258544921875,291.96240234375,294.96435546875,293.1499938964844,293.1499938964844,280.04998779296875,35864.81640625,36000.0,313.1499938964844,0.0,18000.0,1.0,0.0,0.0,0.0,1.0,0.9864435195922852,1.0,0.0,0.0,3.6517860889434814,3.651809930801392,8.898236387722136e-07,4.265924453735352,4.265914440155029,9.78592834144365e-06,0.0,0.0,-0.0,6869.126953125,0.0,1534.14453125,1895.4371337890625,0.0,4184.4765625,0.9056008458137512,1.0,0.0,3.0,1.0,0.0
12238080,297.0827331542969,297.1499938964844,293.1499938964844,0.0,-0.0,285.1068725585937,0.8334431052207947,0.4411508738994598,0.4002822935581207,297.100341796875,297.1499938964844,293.1499938964844,0.0,-0.0,285.1070556640625,0.9311814904212952,0.6128562092781067,0.582417368888855,297.4909973144531,297.1499938964844,293.1499938964844,0.0,-0.0,285.1070861816406,0.9460307955741882,0.640460193157196,0.4482995569705963,297.1735534667969,297.1499938964844,293.1499938964844,0.0,-0.0,285.1067199707031,0.7916858196258545,0.3758675754070282,0.360033243894577,297.15771484375,297.1499938964844,293.1499938964844,0.0,-0.0,285.1061706542969,0.6792105436325073,0.2346581667661667,1.077794909477234,285.1069641113281,284.95001220703125,300.12890625,289.0018920898437,298.10162353515625,297.28057861328125,285.1083068847656,1.0,0.663546085357666,0.384556770324707,0.384556770324707,1.0,1.0,-3.4452059268951416,0.9938967227935792,2.4513092041015625,0.2154788970947265,0.9019766449928284,0.9019766449928284,0.0,218.67930603027344,226.0,47731.34765625,0.0,3617.390380859375,1.0,280.3417663574219,283.46258544921875,291.96240234375,294.96435546875,293.1499938964844,293.1499938964844,280.04998779296875,35864.81640625,36000.0,313.1499938964844,0.0,18000.0,1.0,0.0,0.0,0.0,1.0,0.9864435195922852,1.0,0.0,0.0,3.6517860889434814,3.651809930801392,8.898236387722136e-07,4.265924453735352,4.265914440155029,9.78592834144365e-06,0.0,0.0,-0.0,6869.126953125,0.0,1534.14453125,1895.4371337890625,0.0,4184.4765625,0.9056008458137512,1.0,0.0,3.0,1.0,0.0
12238140,297.0807189941406,297.1499938964844,293.1499938964844,0.0,-0.0,284.9484558105469,0.8309769034385681,0.4401195645332336,0.3999391794204712,297.0975952148437,297.1499938964844,293.1499938964844,0.0,-0.0,284.9482727050781,0.9279009103775024,0.6119742393493652,0.5821855068206787,297.4896850585937,297.1499938964844,293.1499938964844,0.0,-0.0,284.9482421875,0.9456192851066588,0.6446714401245117,0.4516760408878326,297.17340087890625,297.1499938964844,293.1499938964844,0.0,-0.0,284.94854736328125,0.7898557782173157,0.3761661946773529,0.3607247769832611,297.1585998535156,297.1499938964844,293.1499938964844,0.0,-0.0,284.948974609375,0.6776431202888489,0.2348565906286239,1.0801146030426023,284.9483642578125,284.95001220703125,300.1119079589844,288.993896484375,298.0951232910156,297.2802124023437,284.94732666015625,1.0,0.6658546924591064,0.3839243948459625,0.3839243948459625,1.0,1.0,-3.4522109031677246,0.9943524599075316,2.457858324050904,0.214520588517189,0.9006504416465759,0.9006504416465759,0.0,221.4747314453125,229.0,48918.671875,0.0,3650.78759765625,1.0,280.05780029296875,283.26080322265625,292.0321044921875,295.1702880859375,293.1499938964844,293.1499938964844,279.75,35974.2890625,36000.0,313.1499938964844,0.0,18000.0,1.0,0.0,0.0,0.0,1.0,0.9979480504989624,1.0,0.0,0.0,3.653443813323975,3.653467893600464,8.906317248147388e-07,4.265924453735352,4.265914440155029,9.78592834144365e-06,0.0,0.0,-0.0,7057.59423828125,0.0,1536.810791015625,1895.4371337890625,0.0,4282.67626953125,0.906021773815155,1.0,0.0,3.0,1.0,0.0
12238200,297.0807189941406,297.1499938964844,293.1499938964844,0.0,-0.0,284.9484558105469,0.8309769034385681,0.4401195645332336,0.3999391794204712,297.0975952148437,297.1499938964844,293.1499938964844,0.0,-0.0,284.9482727050781,0.9279009103775024,0.6119742393493652,0.5821855068206787,297.4896850585937,297.1499938964844,293.1499938964844,0.0,-0.0,284.9482421875,0.9456192851066588,0.6446714401245117,0.4516760408878326,297.17340087890625,297.1499938964844,293.1499938964844,0.0,-0.0,284.94854736328125,0.7898557782173157,0.3761661946773529,0.3607247769832611,297.1585998535156,297.1499938964844,293.1499938964844,0.0,-0.0,284.948974609375,0.6776431202888489,0.2348565906286239,1.0801146030426023,284.9483642578125,284.95001220703125,300.1119079589844,288.993896484375,298.0951232910156,297.2802124023437,284.94732666015625,1.0,0.6658546924591064,0.3839243948459625,0.3839243948459625,1.0,1.0,-3.4522109031677246,0.9943524599075316,2.457858324050904,0.214520588517189,0.9006504416465759,0.9006504416465759,0.0,221.4747314453125,229.0,48918.671875,0.0,3650.78759765625,1.0,280.05780029296875,283.26080322265625,292.0321044921875,295.1702880859375,293.1499938964844,293.1499938964844,279.75,35974.2890625,36000.0,313.1499938964844,0.0,18000.0,1.0,0.0,0.0,0.0,1.0,0.9979480504989624,1.0,0.0,0.0,3.653443813323975,3.653467893600464,8.906317248147388e-07,4.265924453735352,4.265914440155029,9.78592834144365e-06,0.0,0.0,-0.0,7057.59423828125,0.0,1536.810791015625,1895.4371337890625,0.0,4282.67626953125,0.906021773815155,1.0,0.0,3.0,1.0,0.0
12238260,297.0660400390625,297.1499938964844,293.1499938964844,0.0,-0.0,284.7664794921875,0.8260878920555115,0.4377637803554535,0.3982241749763489,297.0802307128906,297.1499938964844,293.1499938964844,0.0,-0.0,284.76629638671875,0.9215025305747986,0.6095626950263977,0.5803937911987305,297.4749450683594,297.1499938964844,293.1499938964844,0.0,-0.0,284.7662658691406,0.9421542882919312,0.6474894881248474,0.453931599855423,297.1628723144531,297.1499938964844,293.1499938964844,0.0,-0.0,284.7666015625,0.7856386303901672,0.3754048943519592,0.3603928685188293,297.15142822265625,297.1499938964844,293.1499938964844,0.0,-0.0,284.76715087890625,0.6738870739936829,0.2342460453510284,1.0790154933929443,284.7663879394531,284.95001220703125,300.09478759765625,288.98638916015625,298.07928466796875,297.26776123046875,284.7651062011719,1.0,0.6675390005111694,0.3831481635570526,0.3831481635570526,1.0,1.0,-3.448994874954224,0.990973949432373,2.4580209255218506,0.2119571566581726,0.8966838717460632,0.8966838717460632,0.0,225.6244354248047,232.0,50006.0703125,0.0,3667.441162109375,1.0,279.7582092285156,283.0378112792969,292.0698547363281,295.28387451171875,293.1499938964844,293.1499938964844,280.04998779296875,36173.57421875,36000.0,313.1499938964844,0.0,18000.0,1.0,0.0,0.0,0.0,1.0,1.0,1.0,0.0,0.0,3.6476058959960938,3.647629976272583,8.87787678038876e-07,4.265924453735352,4.265914440155029,9.78592834144365e-06,0.0,0.0,-0.0,6404.50732421875,0.0,1531.804443359375,1895.4371337890625,0.0,4300.0,0.9048458337783812,1.0,0.0,3.0,1.0,0.0
12238320,297.0660400390625,297.1499938964844,293.1499938964844,0.0,-0.0,284.7664794921875,0.8260878920555115,0.4377637803554535,0.3982241749763489,297.0802307128906,297.1499938964844,293.1499938964844,0.0,-0.0,284.76629638671875,0.9215025305747986,0.6095626950263977,0.5803937911987305,297.4749450683594,297.1499938964844,293.1499938964844,0.0,-0.0,284.7662658691406,0.9421542882919312,0.6474894881248474,0.453931599855423,297.1628723144531,297.1499938964844,293.1499938964844,0.0,-0.0,284.7666015625,0.7856386303901672,0.3754048943519592,0.3603928685188293,297.15142822265625,297.1499938964844,293.1499938964844,0.0,-0.0,284.76715087890625,0.6738870739936829,0.2342460453510284,1.0790154933929443,284.7663879394531,284.95001220703125,300.09478759765625,288.98638916015625,298.07928466796875,297.26776123046875,284.7651062011719,1.0,0.6675390005111694,0.3831481635570526,0.3831481635570526,1.0,1.0,-3.448994874954224,0.990973949432373,2.4580209255218506,0.2119571566581726,0.8966838717460632,0.8966838717460632,0.0,225.6244354248047,232.0,50006.0703125,0.0,3667.441162109375,1.0,279.7582092285156,283.0378112792969,292.0698547363281,295.28387451171875,293.1499938964844,293.1499938964844,280.04998779296875,36173.57421875,36000.0,313.1499938964844,0.0,18000.0,1.0,0.0,0.0,0.0,1.0,1.0,1.0,0.0,0.0,3.6476058959960938,3.647629976272583,8.87787678038876e-07,4.265924453735352,4.265914440155029,9.78592834144365e-06,0.0,0.0,-0.0,6404.50732421875,0.0,1531.804443359375,1895.4371337890625,0.0,4300.0,0.9048458337783812,1.0,0.0,3.0,1.0,0.0
12238380,297.0646667480469,297.1499938964844,293.1499938964844,0.0,-0.0,284.8941650390625,0.823577344417572,0.4370252192020416,0.3972947001457214,297.0762023925781,297.1499938964844,293.1499938964844,0.0,-0.0,284.8949584960937,0.9181870222091676,0.608661949634552,0.5793053507804871,297.4742431640625,297.1499938964844,293.1499938964844,0.0,-0.0,284.89508056640625,0.940507471561432,0.6497154831886292,0.4552314877510071,297.16015625,297.1499938964844,293.1499938964844,0.0,-0.0,284.8937072753906,0.7834240198135376,0.3752234876155853,0.3601047694683075,297.14898681640625,297.1499938964844,293.1499938964844,0.0,-0.0,284.8915710449219,0.6718520522117615,0.2340119630098343,1.077792048454285,284.8945617675781,284.95001220703125,300.0851745605469,288.9824523925781,298.0743713378906,297.2662658691406,284.8995056152344,1.0,0.6682834029197693,0.3827134668827057,0.3827134668827057,1.0,1.0,-3.446305274963379,0.9887863993644714,2.4575188159942627,0.2102641016244888,0.8974683284759521,0.8974683284759521,0.0,227.71969604492188,232.0,48939.4140625,0.0,3673.262939453125,1.0,280.0108642578125,283.2060852050781,291.98883056640625,295.0605773925781,293.1499938964844,293.1499938964844,280.04998779296875,36108.41015625,36000.0,313.1499938964844,0.0,18000.0,1.0,0.0,0.0,0.0,1.0,0.999976396560669,1.0,0.0,0.0,3.645066976547241,3.6450910568237305,8.865522431733552e-07,4.265924453735352,4.265914440155029,9.78592834144365e-06,0.0,0.0,-0.0,6569.07666015625,0.0,1528.497314453125,1895.4371337890625,0.0,4299.80078125,0.9042818546295166,1.0,0.0,3.0,1.0,0.0
12238440,297.06793212890625,297.1499938964844,293.1499938964844,0.0,-0.0,284.926513671875,0.8225356340408325,0.4368679225444793,0.3970635831356048,297.0776672363281,297.1499938964844,293.1499938964844,0.0,-0.0,284.9266967773437,0.9167413115501404,0.6083932518959045,0.57894366979599,297.4781799316406,297.1499938964844,293.1499938964844,0.0,-0.0,284.9267272949219,0.94039386510849,0.651909351348877,0.4566739797592163,297.1611633300781,297.1499938964844,293.1499938964844,0.0,-0.0,284.9264221191406,0.7825517654418945,0.3753777146339416,0.3601841330528259,297.1493530273437,297.1499938964844,293.1499938964844,0.0,-0.0,284.9259338378906,0.6710185408592224,0.2340425252914428,1.077736496925354,284.9266052246094,284.95001220703125,300.0775756835937,288.9794921875,298.07354736328125,297.2692565917969,284.9277038574219,1.0,0.6689941883087158,0.3823719322681427,0.3823719322681427,1.0,1.0,-3.447349786758423,0.9881212711334229,2.459228515625,0.2092817574739456,0.8976870775222778,0.8976870775222778,0.0,228.8117218017578,235.0,48833.64453125,0.0,3682.241455078125,1.0,280.0421447753906,283.2416687011719,291.9721984863281,295.0634460449219,293.1499938964844,293.1499938964844,280.3500061035156,36062.71484375,36000.0,313.1499938964844,0.0,18000.0,1.0,0.0,0.0,0.0,1.0,0.998293399810791,1.0,0.0,0.0,3.6445488929748535,3.644572973251343,8.863001994541264e-07,4.265924453735352,4.265914440155029,9.78592834144365e-06,0.0,0.0,-0.0,6231.5048828125,0.0,1527.5809326171875,1895.4371337890625,0.0,4285.59619140625,0.9041122198104858,1.0,0.0,3.0,1.0,0.0
12238500,297.07427978515625,297.1499938964844,293.1499938964844,0.0,-0.0,285.0621032714844,0.8217164874076843,0.4369668066501617,0.3970073461532593,297.0824584960937,297.1499938964844,293.1499938964844,0.0,-0.0,285.06317138671875,0.9155775904655457,0.6084039211273193,0.57878577709198,297.48553466796875,297.1499938964844,293.1499938964844,0.0,-0.0,285.0633544921875,0.9407141208648682,0.6547041535377502,0.4584780633449554,297.16455078125,297.1499938964844,293.1499938964844,0.0,-0.0,285.0614624023437,0.7819367051124573,0.3757780194282532,0.360454112291336,297.1515808105469,297.1499938964844,293.1499938964844,0.0,-0.0,285.05859375,0.67043137550354,0.2342533320188522,1.0783379077911377,285.0626525878906,284.95001220703125,300.0689392089844,288.97625732421875,298.0744323730469,297.27508544921875,285.06939697265625,1.0,0.669928789138794,0.3819838166236877,0.3819838166236877,1.0,1.0,-3.4503045082092285,0.9879520535469056,2.462352514266968,0.2083769887685775,0.8997640013694763,0.8997640013694763,0.0,229.8672790527344,235.0,47833.640625,0.0,3695.6630859375,1.0,280.29864501953125,283.4164123535156,291.9252624511719,294.89239501953125,293.1499938964844,293.1499938964844,280.3500061035156,35953.890625,36000.0,313.1499938964844,0.0,18000.0,1.0,0.0,0.0,0.0,1.0,0.9908846616744996,1.0,0.0,0.0,3.645643472671509,3.645667314529419,8.868325949151767e-07,4.265924453735352,4.265914440155029,9.78592834144365e-06,0.0,0.0,-0.0,6410.2392578125,0.0,1527.982421875,1895.4371337890625,0.0,4222.59521484375,0.9043185710906982,1.0,0.0,3.0,1.0,0.0
12238560,297.0824584960937,297.1499938964844,293.1499938964844,0.0,-0.0,285.1094970703125,0.8214176297187805,0.4372904896736145,0.3972706794738769,297.0897827148437,297.1499938964844,293.1499938964844,0.0,-0.0,285.10968017578125,0.9150699973106384,0.6086949706077576,0.57900071144104,297.4947814941406,297.1499938964844,293.1499938964844,0.0,-0.0,285.1097412109375,0.9416787028312684,0.6577374339103699,0.4605531692504883,297.1698608398437,297.1499938964844,293.1499938964844,0.0,-0.0,285.109375,0.7818419337272644,0.376392126083374,0.3609852790832519,297.1554870605469,297.1499938964844,293.1499938964844,0.0,-0.0,285.1088256835937,0.6703400611877441,0.2346472740173339,1.0798910856246948,285.1095886230469,284.95001220703125,300.0602722167969,288.97320556640625,298.0771484375,297.2830810546875,285.1109313964844,1.0,0.6710682511329651,0.3816883862018585,0.3816883862018585,1.0,1.0,-3.455878496170044,0.988910973072052,2.4669673442840576,0.2080275863409042,0.9013378620147704,0.9013378620147704,0.0,230.6734619140625,238.0,47753.64453125,0.0,3714.030517578125,1.0,280.34185791015625,283.466552734375,291.934814453125,294.93768310546875,293.1499938964844,293.1499938964844,280.04998779296875,35864.48046875,36000.0,313.1499938964844,0.0,18000.0,1.0,0.0,0.0,0.0,1.0,0.9873791933059692,1.0,0.0,0.0,3.648993730545044,3.649017810821533,8.884633757588745e-07,4.265924453735352,4.265914440155029,9.78592834144365e-06,0.0,0.0,-0.0,6863.9443359375,0.0,1531.03564453125,1895.4371337890625,0.0,4192.529296875,0.9049763083457948,1.0,0.0,3.0,1.0,0.0
12238620,297.0805358886719,297.1499938964844,293.1499938964844,0.0,-0.0,284.95147705078125,0.8191032409667969,0.4362656474113464,0.3969329297542572,297.0874328613281,297.1499938964844,293.1499938964844,0.0,-0.0,284.9512939453125,0.9120644330978394,0.6077166795730591,0.5786784291267395,297.49298095703125,297.1499938964844,293.1499938964844,0.0,-0.0,284.9512634277344,0.9413838386535645,0.6619497537612915,0.4639421999454498,297.1698303222656,297.1499938964844,293.1499938964844,0.0,-0.0,284.9515686035156,0.780159056186676,0.3766565024852752,0.3616493344306946,297.1566162109375,297.1499938964844,293.1499938964844,0.0,-0.0,284.9519958496094,0.6689324378967285,0.2348430454730987,1.0822203159332275,284.9513854980469,284.95001220703125,300.0429077148437,288.96759033203125,298.0705871582031,297.2825622558594,284.9503479003906,1.0,0.673360288143158,0.3810974955558777,0.3810974955558777,1.0,1.0,-3.4627747535705566,0.9894279837608336,2.473346710205078,0.207148790359497,0.9000546336174011,0.9000546336174011,0.0,233.50770568847656,241.0,48945.421875,0.0,3747.674560546875,1.0,280.0578308105469,283.26495361328125,292.0058898925781,295.1448669433594,293.1499938964844,293.1499938964844,279.75,35972.1640625,36000.0,313.1499938964844,0.0,18000.0,1.0,0.0,0.0,0.0,1.0,0.9988859295845032,1.0,0.0,0.0,3.650728225708008,3.650752067565918,8.893081826499838e-07,4.265924453735352,4.265914440155029,9.78592834144365e-06,0.0,0.0,-0.0,7053.12744140625,0.0,1533.7705078125,1895.4371337890625,0.0,4290.6015625,0.9054129719734192,1.0,0.0,3.0,1.0,0.0
12238680,297.0805358886719,297.1499938964844,293.1499938964844,0.0,-0.0,284.95147705078125,0.8191032409667969,0.4362656474113464,0.3969329297542572,297.0874328613281,297.1499938964844,293.1499938964844,0.0,-0.0,284.9512939453125,0.9120644330978394,0.6077166795730591,0.5786784291267395,297.49298095703125,297.1499938964844,293.1499938964844,0.0,-0.0,284.9512634277344,0.9413838386535645,0.6619497537612915,0.4639421999454498,297.1698303222656,297.1499938964844,293.1499938964844,0.0,-0.0,284.9515686035156,0.780159056186676,0.3766565024852752,0.3616493344306946,297.1566162109375,297.1499938964844,293.1499938964844,0.0,-0.0,284.9519958496094,0.6689324378967285,0.2348430454730987,1.0822203159332275,284.9513854980469,284.95001220703125,300.0429077148437,288.96759033203125,298.0705871582031,297.2825622558594,284.9503479003906,1.0,0.673360288143158,0.3810974955558777,0.3810974955558777,1.0,1.0,-3.4627747535705566,0.9894279837608336,2.473346710205078,0.207148790359497,0.9000546336174011,0.9000546336174011,0.0,233.50770568847656,241.0,48945.421875,0.0,3747.674560546875,1.0,280.0578308105469,283.26495361328125,292.0058898925781,295.1448669433594,293.1499938964844,293.1499938964844,279.75,35972.1640625,36000.0,313.1499938964844,0.0,18000.0,1.0,0.0,0.0,0.0,1.0,0.9988859295845032,1.0,0.0,0.0,3.650728225708008,3.650752067565918,8.893081826499838e-07,4.265924453735352,4.265914440155029,9.78592834144365e-06,0.0,0.0,-0.0,7053.12744140625,0.0,1533.7705078125,1895.4371337890625,0.0,4290.6015625,0.9054129719734192,1.0,0.0,3.0,1.0,0.0
12238740,297.0660095214844,297.1499938964844,293.1499938964844,0.0,-0.0,284.7698669433594,0.814434826374054,0.4339202642440796,0.3952280580997467,297.0704650878906,297.1499938964844,293.1499938964844,0.0,-0.0,284.7696838378906,0.9063996076583862,0.6052177548408508,0.5768043398857117,297.4775390625,297.1499938964844,293.1499938964844,0.0,-0.0,284.7696228027344,0.938177764415741,0.6647361516952515,0.4661803245544433,297.1593322753906,297.1499938964844,293.1499938964844,0.0,-0.0,284.7699890136719,0.776256263256073,0.3758536577224731,0.3612811267375946,297.14959716796875,297.1499938964844,293.1499938964844,0.0,-0.0,284.7705078125,0.6654953360557556,0.23422172665596,1.0810871124267578,284.769775390625,284.95001220703125,300.0254821777344,288.9627685546875,298.0549621582031,297.26983642578125,284.7684936523437,1.0,0.6750158667564392,0.3805066347122192,0.3805066347122192,1.0,1.0,-3.4593663215637207,0.9865198135375975,2.472846508026123,0.2050894945859909,0.8961358070373535,0.8961358070373535,0.0,237.68199157714844,244.0,50036.13671875,0.0,3763.963623046875,1.0,279.7582397460937,283.0421447753906,292.04962158203125,295.26385498046875,293.1499938964844,293.1499938964844,280.04998779296875,36170.5,36000.0,313.1499938964844,0.0,18000.0,1.0,0.0,0.0,0.0,1.0,1.0,1.0,0.0,0.0,3.6450021266937256,3.645026206970215,8.865206950758875e-07,4.265924453735352,4.265914440155029,9.78592834144365e-06,0.0,0.0,-0.0,6402.53369140625,0.0,1528.8892822265625,1895.4371337890625,0.0,4300.0,0.9042617082595824,1.0,0.0,3.0,1.0,0.0
12238800,297.0660095214844,297.1499938964844,293.1499938964844,0.0,-0.0,284.7698669433594,0.814434826374054,0.4339202642440796,0.3952280580997467,297.0704650878906,297.1499938964844,293.1499938964844,0.0,-0.0,284.7696838378906,0.9063996076583862,0.6052177548408508,0.5768043398857117,297.4775390625,297.1499938964844,293.1499938964844,0.0,-0.0,284.7696228027344,0.938177764415741,0.6647361516952515,0.4661803245544433,297.1593322753906,297.1499938964844,293.1499938964844,0.0,-0.0,284.7699890136719,0.776256263256073,0.3758536577224731,0.3612811267375946,297.14959716796875,297.1499938964844,293.1499938964844,0.0,-0.0,284.7705078125,0.6654953360557556,0.23422172665596,1.0810871124267578,284.769775390625,284.95001220703125,300.0254821777344,288.9627685546875,298.0549621582031,297.26983642578125,284.7684936523437,1.0,0.6750158667564392,0.3805066347122192,0.3805066347122192,1.0,1.0,-3.4593663215637207,0.9865198135375975,2.472846508026123,0.2050894945859909,0.8961358070373535,0.8961358070373535,0.0,237.68199157714844,244.0,50036.13671875,0.0,3763.963623046875,1.0,279.7582397460937,283.0421447753906,292.04962158203125,295.26385498046875,293.1499938964844,293.1499938964844,280.04998779296875,36170.5,36000.0,313.1499938964844,0.0,18000.0,1.0,0.0,0.0,0.0,1.0,1.0,1.0,0.0,0.0,3.6450021266937256,3.645026206970215,8.865206950758875e-07,4.265924453735352,4.265914440155029,9.78592834144365e-06,0.0,0.0,-0.0,6402.53369140625,0.0,1528.8892822265625,1895.4371337890625,0.0,4300.0,0.9042617082595824,1.0,0.0,3.0,1.0,0.0
12238860,297.0678405761719,297.1499938964844,293.1499938964844,0.0,-0.0,284.92974853515625,0.8109750747680664,0.433018147945404,0.3940673470497131,297.06817626953125,297.1499938964844,293.1499938964844,0.0,-0.0,284.929931640625,0.902315616607666,0.60395348072052,0.5752691030502319,297.4804382324219,297.1499938964844,293.1499938964844,0.0,-0.0,284.9299621582031,0.9365994930267334,0.669156014919281,0.4689154922962188,297.1576232910156,297.1499938964844,293.1499938964844,0.0,-0.0,284.9296569824219,0.7733933925628662,0.3757829666137695,0.3610326945781708,297.1476135253906,297.1499938964844,293.1499938964844,0.0,-0.0,284.9291687011719,0.6628599166870117,0.2340045422315597,1.079753279685974,284.9298400878906,284.95001220703125,300.00799560546875,288.9587707519531,298.0493469238281,297.2712707519531,284.93096923828125,1.0,0.6764360666275024,0.3798059821128845,0.3798059821128845,1.0,1.0,-3.457496404647827,0.983819305896759,2.473677158355713,0.2026019841432571,0.8971810340881348,0.8971810340881348,0.0,240.8832244873047,247.0,48864.0234375,0.0,3778.29296875,1.0,280.0421142578125,283.24578857421875,291.95391845703125,295.0465393066406,293.1499938964844,293.1499938964844,280.3500061035156,36058.64453125,36000.0,313.1499938964844,0.0,18000.0,1.0,0.0,0.0,0.0,1.0,0.998779833316803,1.0,0.0,0.0,3.6420955657958975,3.6421194076538086,8.851073971527512e-07,4.265924453735352,4.265914440155029,9.78592834144365e-06,0.0,0.0,-0.0,6229.806640625,0.0,1524.830078125,1895.4371337890625,0.0,4289.7060546875,0.9035608172416688,1.0,0.0,3.0,1.0,0.0
12238920,297.0678405761719,297.1499938964844,293.1499938964844,0.0,-0.0,284.92974853515625,0.8109750747680664,0.433018147945404,0.3940673470497131,297.06817626953125,297.1499938964844,293.1499938964844,0.0,-0.0,284.929931640625,0.902315616607666,0.60395348072052,0.5752691030502319,297.4804382324219,297.1499938964844,293.1499938964844,0.0,-0.0,284.9299621582031,0.9365994930267334,0.669156014919281,0.4689154922962188,297.1576232910156,297.1499938964844,293.1499938964844,0.0,-0.0,284.9296569824219,0.7733933925628662,0.3757829666137695,0.3610326945781708,297.1476135253906,297.1499938964844,293.1499938964844,0.0,-0.0,284.9291687011719,0.6628599166870117,0.2340045422315597,1.079753279685974,284.9298400878906,284.95001220703125,300.00799560546875,288.9587707519531,298.0493469238281,297.2712707519531,284.93096923828125,1.0,0.6764360666275024,0.3798059821128845,0.3798059821128845,1.0,1.0,-3.457496404647827,0.983819305896759,2.473677158355713,0.2026019841432571,0.8971810340881348,0.8971810340881348,0.0,240.8832244873047,247.0,48864.0234375,0.0,3778.29296875,1.0,280.0421142578125,283.24578857421875,291.95391845703125,295.0465393066406,293.1499938964844,293.1499938964844,280.3500061035156,36058.64453125,36000.0,313.1499938964844,0.0,18000.0,1.0,0.0,0.0,0.0,1.0,0.998779833316803,1.0,0.0,0.0,3.6420955657958975,3.6421194076538086,8.851073971527512e-07,4.265924453735352,4.265914440155029,9.78592834144365e-06,0.0,0.0,-0.0,6229.806640625,0.0,1524.830078125,1895.4371337890625,0.0,4289.7060546875,0.9035608172416688,1.0,0.0,3.0,1.0,0.0
12238980,297.0821838378906,297.1499938964844,293.1499938964844,0.0,-0.0,285.11260986328125,0.8098838925361633,0.4334246516227722,0.3942632377147674,297.0805053710937,297.1499938964844,293.1499938964844,0.0,-0.0,285.11279296875,0.9008719325065612,0.6041547656059265,0.575234591960907,297.4968566894531,297.1499938964844,293.1499938964844,0.0,-0.0,285.11285400390625,0.9379191398620604,0.6749964952468872,0.472802460193634,297.1663513183594,297.1499938964844,293.1499938964844,0.0,-0.0,285.11248779296875,0.7727423906326294,0.3767535984516144,0.3617940843105316,297.15380859375,297.1499938964844,293.1499938964844,0.0,-0.0,285.1119384765625,0.6622529029846191,0.234596386551857,1.0818544626235962,285.1127014160156,284.95001220703125,299.990478515625,288.95562744140625,298.05291748046875,297.2850341796875,285.11407470703125,1.0,0.6784691214561462,0.3791052997112274,0.3791052997112274,1.0,1.0,-3.465798854827881,0.9844726920127868,2.481326103210449,0.2012450695037841,0.900873601436615,0.900873601436615,0.0,242.757080078125,250.0,47785.3046875,0.0,3809.90771484375,1.0,280.3417053222656,283.4703674316406,291.9178771972656,294.9219055175781,293.1499938964844,293.1499938964844,280.04998779296875,35859.76953125,36000.0,313.1499938964844,0.0,18000.0,1.0,0.0,0.0,0.0,1.0,0.9879573583602904,1.0,0.0,0.0,3.646719455718994,3.646743297576904,8.873561796463036e-07,4.265924453735352,4.265914440155029,9.78592834144365e-06,0.0,0.0,-0.0,6861.93896484375,0.0,1528.473388671875,1895.4371337890625,0.0,4197.4990234375,0.9044642448425292,1.0,0.0,3.0,1.0,0.0
12239040,297.0821838378906,297.1499938964844,293.1499938964844,0.0,-0.0,285.11260986328125,0.8098838925361633,0.4334246516227722,0.3942632377147674,297.0805053710937,297.1499938964844,293.1499938964844,0.0,-0.0,285.11279296875,0.9008719325065612,0.6041547656059265,0.575234591960907,297.4968566894531,297.1499938964844,293.1499938964844,0.0,-0.0,285.11285400390625,0.9379191398620604,0.6749964952468872,0.472802460193634,297.1663513183594,297.1499938964844,293.1499938964844,0.0,-0.0,285.11248779296875,0.7727423906326294,0.3767535984516144,0.3617940843105316,297.15380859375,297.1499938964844,293.1499938964844,0.0,-0.0,285.1119384765625,0.6622529029846191,0.234596386551857,1.0818544626235962,285.1127014160156,284.95001220703125,299.990478515625,288.95562744140625,298.05291748046875,297.2850341796875,285.11407470703125,1.0,0.6784691214561462,0.3791052997112274,0.3791052997112274,1.0,1.0,-3.465798854827881,0.9844726920127868,2.481326103210449,0.2012450695037841,0.900873601436615,0.900873601436615,0.0,242.757080078125,250.0,47785.3046875,0.0,3809.90771484375,1.0,280.3417053222656,283.4703674316406,291.9178771972656,294.9219055175781,293.1499938964844,293.1499938964844,280.04998779296875,35859.76953125,36000.0,313.1499938964844,0.0,18000.0,1.0,0.0,0.0,0.0,1.0,0.9879573583602904,1.0,0.0,0.0,3.646719455718994,3.646743297576904,8.873561796463036e-07,4.265924453735352,4.265914440155029,9.78592834144365e-06,0.0,0.0,-0.0,6861.93896484375,0.0,1528.473388671875,1895.4371337890625,0.0,4197.4990234375,0.9044642448425292,1.0,0.0,3.0,1.0,0.0
12239100,297.0838928222656,297.1499938964844,293.1499938964844,0.0,-0.0,284.9960632324219,0.8092606663703918,0.4331687390804291,0.3943748772144317,297.082275390625,297.1499938964844,293.1499938964844,0.0,-0.0,284.9950866699219,0.9001063704490662,0.6038932204246521,0.5753152370452881,297.4985656738281,297.1499938964844,293.1499938964844,0.0,-0.0,284.9948425292969,0.938451886177063,0.6773682832717896,0.4747408330440521,297.168212890625,297.1499938964844,293.1499938964844,0.0,-0.0,284.9966125488281,0.7724119424819946,0.3770453035831451,0.3622817397117615,297.1557922363281,297.1499938964844,293.1499938964844,0.0,-0.0,284.99920654296875,0.6620040535926819,0.2348164170980453,1.0835039615631104,284.9955444335937,284.95001220703125,299.981689453125,288.9544372558594,298.0513610839844,297.2873229980469,284.98956298828125,1.0,0.6796640157699585,0.37875497341156,0.37875497341156,1.0,1.0,-3.4709386825561523,0.9851152896881104,2.485823631286621,0.2007963806390762,0.9000529646873474,0.9000529646873474,0.0,243.85641479492188,250.0,48830.8125,0.0,3829.17333984375,1.0,280.0986633300781,283.314208984375,291.9873352050781,295.1458435058594,293.1499938964844,293.1499938964844,280.04998779296875,35911.33203125,36000.0,313.1499938964844,0.0,18000.0,1.0,0.0,0.0,0.0,1.0,0.9949313998222352,1.0,0.0,0.0,3.648606777191162,3.648630619049072,8.882749398253509e-07,4.265924453735352,4.265914440155029,9.78592834144365e-06,0.0,0.0,-0.0,6704.3408203125,0.0,1530.955810546875,1895.4371337890625,0.0,4257.1005859375,0.9048715233802797,1.0,0.0,3.0,1.0,0.0
12239160,297.0802917480469,297.1499938964844,293.1499938964844,0.0,-0.0,284.9549255371094,0.8075951933860779,0.4323967397212982,0.3939197659492492,297.0784606933594,297.1499938964844,293.1499938964844,0.0,-0.0,284.9547424316406,0.8982909321784973,0.6030912399291992,0.574828565120697,297.4944763183594,297.1499938964844,293.1499938964844,0.0,-0.0,284.9547119140625,0.9377269744873048,0.6791725158691406,0.4761760234832763,297.1662902832031,297.1499938964844,293.1499938964844,0.0,-0.0,284.9550170898437,0.7712005972862244,0.376972496509552,0.3624167442321777,297.155029296875,297.1499938964844,293.1499938964844,0.0,-0.0,284.9554443359375,0.6609911322593689,0.2347788214683532,1.0841292142868042,284.954833984375,284.95001220703125,299.972900390625,288.9534606933594,298.0459289550781,297.2842102050781,284.9538269042969,1.0,0.6807147860527039,0.3784201741218567,0.3784201741218567,1.0,1.0,-3.472454071044922,0.9846001267433168,2.487853765487671,0.2000127285718917,0.8996409177780151,0.8996409177780151,0.0,245.6007537841797,253.0,48980.83984375,0.0,3843.283203125,1.0,280.05767822265625,283.2689208984375,291.9915771484375,295.13165283203125,293.1499938964844,293.1499938964844,280.3500061035156,35967.16015625,36000.0,313.1499938964844,0.0,18000.0,1.0,0.0,0.0,0.0,1.0,0.9993860125541688,1.0,0.0,0.0,3.6486451625823975,3.648669242858887,8.88293698153575e-07,4.265924453735352,4.265914440155029,9.78592834144365e-06,0.0,0.0,-0.0,6271.95263671875,0.0,1531.4161376953125,1895.4371337890625,0.0,4294.82275390625,0.9049436450004578,1.0,0.0,3.0,1.0,0.0
12239220,297.0858154296875,297.1499938964844,293.1499938964844,0.0,-0.0,285.1175537109375,0.8048996925354004,0.4320554137229919,0.3933618068695068,297.0819396972656,297.1499938964844,293.1499938964844,0.0,-0.0,285.11773681640625,0.8952804803848267,0.6025208234786987,0.5740620493888855,297.5013122558594,297.1499938964844,293.1499938964844,0.0,-0.0,285.1177978515625,0.9371262192726136,0.6842097043991089,0.4794109761714935,297.169189453125,297.1499938964844,293.1499938964844,0.0,-0.0,285.1174621582031,0.7692658305168152,0.3774591982364654,0.3627659380435943,297.157470703125,297.1499938964844,293.1499938964844,0.0,-0.0,285.1169738769531,0.6593341827392578,0.2350809574127197,1.0853351354599,285.1176452636719,284.95001220703125,299.955322265625,288.9523010253906,298.0436096191406,297.2898254394531,285.1188049316406,1.0,0.6827773451805115,0.3777505457401275,0.3777505457401275,1.0,1.0,-3.476612567901612,0.9839597940444946,2.4926528930664062,0.1982839107513427,0.9032149314880372,0.9032149314880372,0.0,248.6222686767578,256.0,47909.4453125,0.0,3871.61181640625,1.0,280.3421630859375,283.47247314453125,291.92498779296875,294.9468688964844,293.1499938964844,293.1499938964844,280.04998779296875,35818.26171875,36000.0,313.1499938964844,0.0,18000.0,1.0,0.0,0.0,0.0,1.0,0.9905335903167723,1.0,0.0,0.0,3.654694080352783,3.654718160629273,8.912414273254399e-07,4.265924453735352,4.265914440155029,9.78592834144365e-06,0.0,0.0,-0.0,6876.51611328125,0.0,1537.0357666015625,1895.4371337890625,0.0,4219.591796875,0.9062156677246094,1.0,0.0,3.0,1.0,0.0
12239280,297.0858154296875,297.1499938964844,293.1499938964844,0.0,-0.0,285.1175537109375,0.8048996925354004,0.4320554137229919,0.3933618068695068,297.0819396972656,297.1499938964844,293.1499938964844,0.0,-0.0,285.11773681640625,0.8952804803848267,0.6025208234786987,0.5740620493888855,297.5013122558594,297.1499938964844,293.1499938964844,0.0,-0.0,285.1177978515625,0.9371262192726136,0.6842097043991089,0.4794109761714935,297.169189453125,297.1499938964844,293.1499938964844,0.0,-0.0,285.1174621582031,0.7692658305168152,0.3774591982364654,0.3627659380435943,297.157470703125,297.1499938964844,293.1499938964844,0.0,-0.0,285.1169738769531,0.6593341827392578,0.2350809574127197,1.0853351354599,285.1176452636719,284.95001220703125,299.955322265625,288.9523010253906,298.0436096191406,297.2898254394531,285.1188049316406,1.0,0.6827773451805115,0.3777505457401275,0.3777505457401275,1.0,1.0,-3.476612567901612,0.9839597940444946,2.4926528930664062,0.1982839107513427,0.9032149314880372,0.9032149314880372,0.0,248.6222686767578,256.0,47909.4453125,0.0,3871.61181640625,1.0,280.3421630859375,283.47247314453125,291.92498779296875,294.9468688964844,293.1499938964844,293.1499938964844,280.04998779296875,35818.26171875,36000.0,313.1499938964844,0.0,18000.0,1.0,0.0,0.0,0.0,1.0,0.9905335903167723,1.0,0.0,0.0,3.654694080352783,3.654718160629273,8.912414273254399e-07,4.265924453735352,4.265914440155029,9.78592834144365e-06,0.0,0.0,-0.0,6876.51611328125,0.0,1537.0357666015625,1895.4371337890625,0.0,4219.591796875,0.9062156677246094,1.0,0.0,3.0,1.0,0.0
12239340,297.0809936523437,297.1499938964844,293.1499938964844,0.0,-0.0,284.95660400390625,0.8020259737968445,0.4307732880115509,0.3927315473556518,297.07623291015625,297.1499938964844,293.1499938964844,0.0,-0.0,284.9564208984375,0.89213627576828,0.6010993123054504,0.5732602477073669,297.4955444335937,297.1499938964844,293.1499938964844,0.0,-0.0,284.95635986328125,0.936282515525818,0.6880970597267151,0.4825429320335388,297.16619873046875,297.1499938964844,293.1499938964844,0.0,-0.0,284.9566955566406,0.7672353982925415,0.3774133622646332,0.3631132245063782,297.1562194824219,297.1499938964844,293.1499938964844,0.0,-0.0,284.9571533203125,0.6576262712478638,0.2350609451532364,1.086684226989746,284.9565124511719,284.95001220703125,299.937744140625,288.95220947265625,298.0343933105469,297.2859191894531,284.9554138183594,1.0,0.6848821640014648,0.3770809173583984,0.3770809173583984,1.0,1.0,-3.4807095527648926,0.9832800030708312,2.497429609298706,0.1967879086732864,0.9019764065742492,0.9019764065742492,0.0,251.8472595214844,259.0,49083.77734375,0.0,3901.036376953125,1.0,280.05780029296875,283.2680969238281,291.9891357421875,295.1366271972656,293.1499938964844,293.1499938964844,279.75,35942.90234375,36000.0,313.1499938964844,0.0,18000.0,1.0,0.0,0.0,0.0,1.0,1.0,1.0,0.0,0.0,3.6575264930725098,3.657550573348999,8.92623347681365e-07,4.265924453735352,4.265914440155029,9.78592834144365e-06,0.0,0.0,-0.0,7062.27685546875,0.0,1541.130126953125,1895.4371337890625,0.0,4300.0,0.9069116711616516,1.0,0.0,3.0,1.0,0.0
12239400,297.0809936523437,297.1499938964844,293.1499938964844,0.0,-0.0,284.95660400390625,0.8020259737968445,0.4307732880115509,0.3927315473556518,297.07623291015625,297.1499938964844,293.1499938964844,0.0,-0.0,284.9564208984375,0.89213627576828,0.6010993123054504,0.5732602477073669,297.4955444335937,297.1499938964844,293.1499938964844,0.0,-0.0,284.95635986328125,0.936282515525818,0.6880970597267151,0.4825429320335388,297.16619873046875,297.1499938964844,293.1499938964844,0.0,-0.0,284.9566955566406,0.7672353982925415,0.3774133622646332,0.3631132245063782,297.1562194824219,297.1499938964844,293.1499938964844,0.0,-0.0,284.9571533203125,0.6576262712478638,0.2350609451532364,1.086684226989746,284.9565124511719,284.95001220703125,299.937744140625,288.95220947265625,298.0343933105469,297.2859191894531,284.9554138183594,1.0,0.6848821640014648,0.3770809173583984,0.3770809173583984,1.0,1.0,-3.4807095527648926,0.9832800030708312,2.497429609298706,0.1967879086732864,0.9019764065742492,0.9019764065742492,0.0,251.8472595214844,259.0,49083.77734375,0.0,3901.036376953125,1.0,280.05780029296875,283.2680969238281,291.9891357421875,295.1366271972656,293.1499938964844,293.1499938964844,279.75,35942.90234375,36000.0,313.1499938964844,0.0,18000.0,1.0,0.0,0.0,0.0,1.0,1.0,1.0,0.0,0.0,3.6575264930725098,3.657550573348999,8.92623347681365e-07,4.265924453735352,4.265914440155029,9.78592834144365e-06,0.0,0.0,-0.0,7062.27685546875,0.0,1541.130126953125,1895.4371337890625,0.0,4300.0,0.9069116711616516,1.0,0.0,3.0,1.0,0.0
12239460,297.0653381347656,297.1499938964844,293.1499938964844,0.0,-0.0,284.77362060546875,0.7972532510757446,0.4283206462860107,0.3909158408641815,297.05816650390625,297.1499938964844,293.1499938964844,0.0,-0.0,284.7734069824219,0.8871007561683655,0.5983449220657349,0.5711216926574707,297.4767761230469,297.1499938964844,293.1499938964844,0.0,-0.0,284.7733154296875,0.9331859350204468,0.6905801892280579,0.4845816493034363,297.1541748046875,297.1499938964844,293.1499938964844,0.0,-0.0,284.7737121582031,0.7635788321495056,0.3764091432094574,0.3625428676605224,297.1478881835937,297.1499938964844,293.1499938964844,0.0,-0.0,284.7742614746094,0.654421865940094,0.2343006134033203,1.0848842859268188,284.77349853515625,284.95001220703125,299.920166015625,288.9532775878906,298.0169677734375,297.2709350585937,284.77215576171875,1.0,0.6863323450088501,0.3764183521270752,0.3764183521270752,1.0,1.0,-3.475563764572144,0.9795770645141602,2.4959867000579834,0.1942972391843795,0.8980954885482788,0.8980954885482788,0.0,256.0897521972656,262.0,50165.859375,0.0,3913.314208984375,1.0,279.7582092285156,283.0438537597656,292.0434875488281,295.2636108398437,293.1499938964844,293.1499938964844,280.04998779296875,36150.0,36000.0,313.1499938964844,0.0,18000.0,1.0,0.0,0.0,0.0,1.0,1.0,1.0,0.0,0.0,3.652573108673096,3.652597188949585,8.902072181626863e-07,4.265924453735352,4.265914440155029,9.78592834144365e-06,0.0,0.0,-0.0,6411.06396484375,0.0,1537.1561279296875,1895.4371337890625,0.0,4300.0,0.9059393405914308,1.0,0.0,3.0,1.0,0.0
12239520,297.0653381347656,297.1499938964844,293.1499938964844,0.0,-0.0,284.77362060546875,0.7972532510757446,0.4283206462860107,0.3909158408641815,297.05816650390625,297.1499938964844,293.1499938964844,0.0,-0.0,284.7734069824219,0.8871007561683655,0.5983449220657349,0.5711216926574707,297.4767761230469,297.1499938964844,293.1499938964844,0.0,-0.0,284.7733154296875,0.9331859350204468,0.6905801892280579,0.4845816493034363,297.1541748046875,297.1499938964844,293.1499938964844,0.0,-0.0,284.7737121582031,0.7635788321495056,0.3764091432094574,0.3625428676605224,297.1478881835937,297.1499938964844,293.1499938964844,0.0,-0.0,284.7742614746094,0.654421865940094,0.2343006134033203,1.0848842859268188,284.77349853515625,284.95001220703125,299.920166015625,288.9532775878906,298.0169677734375,297.2709350585937,284.77215576171875,1.0,0.6863323450088501,0.3764183521270752,0.3764183521270752,1.0,1.0,-3.475563764572144,0.9795770645141602,2.4959867000579834,0.1942972391843795,0.8980954885482788,0.8980954885482788,0.0,256.0897521972656,262.0,50165.859375,0.0,3913.314208984375,1.0,279.7582092285156,283.0438537597656,292.0434875488281,295.2636108398437,293.1499938964844,293.1499938964844,280.04998779296875,36150.0,36000.0,313.1499938964844,0.0,18000.0,1.0,0.0,0.0,0.0,1.0,1.0,1.0,0.0,0.0,3.652573108673096,3.652597188949585,8.902072181626863e-07,4.265924453735352,4.265914440155029,9.78592834144365e-06,0.0,0.0,-0.0,6411.06396484375,0.0,1537.1561279296875,1895.4371337890625,0.0,4300.0,0.9059393405914308,1.0,0.0,3.0,1.0,0.0
12239580,297.06402587890625,297.1499938964844,293.1499938964844,0.0,-0.0,284.9105224609375,0.7946208715438843,0.4274934828281402,0.3898747861385345,297.05419921875,297.1499938964844,293.1499938964844,0.0,-0.0,284.9111328125,0.8842677474021912,0.5971975922584534,0.5697619915008545,297.4749755859375,297.1499938964844,293.1499938964844,0.0,-0.0,284.91131591796875,0.9317140579223632,0.6930400133132935,0.4859917759895324,297.1510009765625,297.1499938964844,293.1499938964844,0.0,-0.0,284.91021728515625,0.7615298628807068,0.3761212527751922,0.3621262907981872,297.14501953125,297.1499938964844,293.1499938964844,0.0,-0.0,284.9086303710937,0.6525624990463257,0.2339945286512375,1.0832509994506836,284.9108581542969,284.95001220703125,299.9089050292969,288.9545593261719,298.0112609863281,297.26885986328125,284.9145202636719,1.0,0.6870524883270264,0.3759942948818207,0.3759942948818207,1.0,1.0,-3.471896409988404,0.9770954251289368,2.494801044464112,0.1924880146980285,0.8990071415901184,0.8990071415901184,0.0,258.40338134765625,262.0,49054.5,0.0,3917.8466796875,1.0,280.0208740234375,283.2224426269531,291.9618530273437,295.0452880859375,293.1499938964844,293.1499938964844,280.04998779296875,36076.33984375,36000.0,313.1499938964844,0.0,18000.0,1.0,0.0,0.0,0.0,1.0,1.0,1.0,0.0,0.0,3.650399208068848,3.650423288345337,8.891478842087963e-07,4.265924453735352,4.265914440155029,9.78592834144365e-06,0.0,0.0,-0.0,6588.57958984375,0.0,1534.1839599609375,1895.4371337890625,0.0,4300.0,0.9054453372955322,1.0,0.0,3.0,1.0,0.0
12239640,297.0664367675781,297.1499938964844,293.1499938964844,0.0,-0.0,284.9325561523437,0.7938493490219116,0.4273356795310974,0.3896806240081787,297.0554504394531,297.1499938964844,293.1499938964844,0.0,-0.0,284.9327392578125,0.8833684325218201,0.5968807339668274,0.56939297914505,297.4774169921875,297.1499938964844,293.1499938964844,0.0,-0.0,284.93280029296875,0.9317209720611572,0.6947588920593262,0.4871356189250946,297.1516418457031,297.1499938964844,293.1499938964844,0.0,-0.0,284.9324951171875,0.7609567642211914,0.3761877715587616,0.3621443510055542,297.1452331542969,297.1499938964844,293.1499938964844,0.0,-0.0,284.9320373535156,0.6520238518714905,0.2339923083782196,1.083101511001587,284.93267822265625,284.95001220703125,299.9025573730469,288.9555053710937,298.0104064941406,297.2708740234375,284.9337463378906,1.0,0.68756502866745,0.3757557570934295,0.3757557570934295,1.0,1.0,-3.4724326133728027,0.9765533804893494,2.4958791732788086,0.1917566806077957,0.899172842502594,0.899172842502594,0.0,259.2643737792969,265.0,48983.046875,0.0,3924.30859375,1.0,280.04217529296875,283.2466125488281,291.9524230957031,295.0515441894531,293.1499938964844,293.1499938964844,280.3500061035156,36045.8125,36000.0,313.1499938964844,0.0,18000.0,1.0,0.0,0.0,0.0,1.0,0.9991841316223145,1.0,0.0,0.0,3.6501615047454834,3.6501853466033936,8.890320941645768e-07,4.265924453735352,4.265914440155029,9.78592834144365e-06,0.0,0.0,-0.0,6238.228515625,0.0,1533.69091796875,1895.4371337890625,0.0,4293.119140625,0.905354917049408,1.0,0.0,3.0,1.0,0.0
12239700,297.0723876953125,297.1499938964844,293.1499938964844,0.0,-0.0,285.06787109375,0.7930748462677002,0.4273885190486908,0.3895847201347351,297.06024169921875,297.1499938964844,293.1499938964844,0.0,-0.0,285.0689697265625,0.8824316263198853,0.5967490673065186,0.5691014528274536,297.4838256835937,297.1499938964844,293.1499938964844,0.0,-0.0,285.0693664550781,0.93206387758255,0.697456955909729,0.4888650178909302,297.1547546386719,297.1499938964844,293.1499938964844,0.0,-0.0,285.0673522949219,0.7604343295097351,0.3765010237693786,0.3623302578926086,297.14727783203125,297.1499938964844,293.1499938964844,0.0,-0.0,285.0644836425781,0.6515404582023621,0.2341625690460205,1.0835078954696655,285.06854248046875,284.95001220703125,299.893798828125,288.95709228515625,298.01104736328125,297.2760925292969,285.0751953125,1.0,0.6883942484855652,0.3754244744777679,0.3754244744777679,1.0,1.0,-3.474752902984619,0.976316511631012,2.498436450958252,0.1909173727035522,0.9012876152992249,0.9012876152992249,0.0,260.30615234375,265.0,47977.69140625,0.0,3936.33984375,1.0,280.2987976074219,283.4210510253906,291.9079284667969,294.8823547363281,293.1499938964844,293.1499938964844,280.3500061035156,35939.67578125,36000.0,313.1499938964844,0.0,18000.0,1.0,0.0,0.0,0.0,1.0,0.991835117340088,1.0,0.0,0.0,3.6515049934387207,3.65152907371521,8.896867029761779e-07,4.265924453735352,4.265914440155029,9.78592834144365e-06,0.0,0.0,-0.0,6417.9052734375,0.0,1534.3919677734375,1895.4371337890625,0.0,4230.7197265625,0.9056189656257628,1.0,0.0,3.0,1.0,0.0
12239760,297.0802307128906,297.1499938964844,293.1499938964844,0.0,-0.0,285.1151428222656,0.792803168296814,0.4276660978794098,0.3898064792156219,297.06756591796875,297.1499938964844,293.1499938964844,0.0,-0.0,285.1153564453125,0.882003903388977,0.5969003438949585,0.5691841244697571,297.4922180175781,297.1499938964844,293.1499938964844,0.0,-0.0,285.11541748046875,0.9329837560653688,0.7003978490829468,0.4908765256404876,297.15985107421875,297.1499938964844,293.1499938964844,0.0,-0.0,285.11505126953125,0.7603539228439331,0.3770316243171692,0.3627819716930389,297.151123046875,297.1499938964844,293.1499938964844,0.0,-0.0,285.114501953125,0.6514779925346375,0.2345214635133743,1.0848950147628784,285.1152648925781,284.95001220703125,299.885009765625,288.9590148925781,298.0135192871094,297.2835693359375,285.1165771484375,1.0,0.6894312500953674,0.375168889760971,0.375168889760971,1.0,1.0,-3.479746103286743,0.9771689176559448,2.502577066421509,0.1905856877565384,0.9028969407081604,0.9028969407081604,0.0,261.0999450683594,268.0,47897.76171875,0.0,3953.656494140625,1.0,280.3418884277344,283.4708557128906,291.9207763671875,294.93048095703125,293.1499938964844,293.1499938964844,280.04998779296875,35852.53515625,36000.0,313.1499938964844,0.0,18000.0,1.0,0.0,0.0,0.0,1.0,0.9882551431655884,1.0,0.0,0.0,3.655057907104492,3.655081987380981,8.914188356357045e-07,4.265924453735352,4.265914440155029,9.78592834144365e-06,0.0,0.0,-0.0,6873.73193359375,0.0,1537.6981201171875,1895.4371337890625,0.0,4200.05712890625,0.9063243865966796,1.0,0.0,3.0,1.0,0.0
12239820,297.0780639648437,297.1499938964844,293.1499938964844,0.0,-0.0,284.9574279785156,0.7906467318534851,0.4265870153903961,0.3894109725952148,297.065673828125,297.1499938964844,293.1499938964844,0.0,-0.0,284.957275390625,0.8796354532241821,0.595687747001648,0.5686296820640564,297.48779296875,297.1499938964844,293.1499938964844,0.0,-0.0,284.9571838378906,0.932832419872284,0.7043087482452393,0.4940792918205261,297.1594543457031,297.1499938964844,293.1499938964844,0.0,-0.0,284.95751953125,0.7589764595031738,0.3771314620971679,0.3632917404174804,297.15216064453125,297.1499938964844,293.1499938964844,0.0,-0.0,284.9579467773437,0.6503862738609314,0.2346537709236145,1.0869371891021729,284.95733642578125,284.95001220703125,299.86749267578125,288.9638366699219,298.00616455078125,297.28155517578125,284.956298828125,1.0,0.691525399684906,0.3746576905250549,0.3746576905250549,1.0,1.0,-3.485539197921753,0.9775083661079408,2.508030891418457,0.1897743046283722,0.9016936421394348,0.9016936421394348,0.0,263.9128112792969,271.0,49096.2421875,0.0,3985.046630859375,1.0,280.0577697753906,283.2690734863281,292.00054931640625,295.14605712890625,293.1499938964844,293.1499938964844,279.75,35960.921875,36000.0,313.1499938964844,0.0,18000.0,1.0,0.0,0.0,0.0,1.0,0.9994139671325684,1.0,0.0,0.0,3.657203197479248,3.657227277755737,8.924655503506074e-07,4.265924453735352,4.265914440155029,9.78592834144365e-06,0.0,0.0,-0.0,7066.06640625,0.0,1540.9041748046875,1895.4371337890625,0.0,4295.05810546875,0.90685373544693,1.0,0.0,3.0,1.0,0.0
12239880,297.0780639648437,297.1499938964844,293.1499938964844,0.0,-0.0,284.9574279785156,0.7906467318534851,0.4265870153903961,0.3894109725952148,297.065673828125,297.1499938964844,293.1499938964844,0.0,-0.0,284.957275390625,0.8796354532241821,0.595687747001648,0.5686296820640564,297.48779296875,297.1499938964844,293.1499938964844,0.0,-0.0,284.9571838378906,0.932832419872284,0.7043087482452393,0.4940792918205261,297.1594543457031,297.1499938964844,293.1499938964844,0.0,-0.0,284.95751953125,0.7589764595031738,0.3771314620971679,0.3632917404174804,297.15216064453125,297.1499938964844,293.1499938964844,0.0,-0.0,284.9579467773437,0.6503862738609314,0.2346537709236145,1.0869371891021729,284.95733642578125,284.95001220703125,299.86749267578125,288.9638366699219,298.00616455078125,297.28155517578125,284.956298828125,1.0,0.691525399684906,0.3746576905250549,0.3746576905250549,1.0,1.0,-3.485539197921753,0.9775083661079408,2.508030891418457,0.1897743046283722,0.9016936421394348,0.9016936421394348,0.0,263.9128112792969,271.0,49096.2421875,0.0,3985.046630859375,1.0,280.0577697753906,283.2690734863281,292.00054931640625,295.14605712890625,293.1499938964844,293.1499938964844,279.75,35960.921875,36000.0,313.1499938964844,0.0,18000.0,1.0,0.0,0.0,0.0,1.0,0.9994139671325684,1.0,0.0,0.0,3.657203197479248,3.657227277755737,8.924655503506074e-07,4.265924453735352,4.265914440155029,9.78592834144365e-06,0.0,0.0,-0.0,7066.06640625,0.0,1540.9041748046875,1895.4371337890625,0.0,4295.05810546875,0.90685373544693,1.0,0.0,3.0,1.0,0.0
12239940,297.0637512207031,297.1499938964844,293.1499938964844,0.0,-0.0,284.776611328125,0.786381721496582,0.4242502450942993,0.3877111077308655,297.04998779296875,297.1499938964844,293.1499938964844,0.0,-0.0,284.7763977050781,0.8751869797706604,0.5930611491203308,0.566617488861084,297.4696655273437,297.1499938964844,293.1499938964844,0.0,-0.0,284.7763061523437,0.9301401376724244,0.7066881060600281,0.4960438311100006,297.1488647460937,297.1499938964844,293.1499938964844,0.0,-0.0,284.7767333984375,0.7558109760284424,0.3761861324310303,0.3627873063087463,297.145263671875,297.1499938964844,293.1499938964844,0.0,-0.0,284.7772827148437,0.6476745009422302,0.2339875847101211,1.085587501525879,284.7764892578125,284.95001220703125,299.8503112792969,288.9699401855469,297.98895263671875,297.2661437988281,284.7751159667969,1.0,0.692979097366333,0.3741552233695984,0.3741552233695984,1.0,1.0,-3.4812171459198,0.974561095237732,2.5066561698913574,0.1878872513771057,0.897904634475708,0.897904634475708,0.0,267.981689453125,271.0,50190.8359375,0.0,3998.27783203125,1.0,279.7587280273437,283.046630859375,292.0559997558594,295.27783203125,293.1499938964844,293.1499938964844,279.75,36156.5234375,36000.0,313.1499938964844,0.0,18000.0,1.0,0.0,0.0,0.0,1.0,1.0,1.0,0.0,0.0,3.652058362960816,3.6520824432373047,8.899563681552536e-07,4.265924453735352,4.265914440155029,9.78592834144365e-06,0.0,0.0,-0.0,6807.21728515625,0.0,1536.631591796875,1895.4371337890625,0.0,4300.0,0.9058293104171752,1.0,0.0,3.0,1.0,0.0
12240000,297.0635070800781,297.1499938964844,293.1499938964844,0.0,-0.0,284.7759704589844,0.7862995266914368,0.424209326505661,0.3876750469207763,297.0497131347656,297.1499938964844,293.1499938964844,0.0,-0.0,284.7757568359375,0.875101625919342,0.5930135846138,0.566574215888977,297.4693603515625,297.1499938964844,293.1499938964844,0.0,-0.0,284.77569580078125,0.9300841689109802,0.7067297697067261,0.4960722923278808,297.1486511230469,297.1499938964844,293.1499938964844,0.0,-0.0,284.7760925292969,0.7557483911514282,0.3761668503284454,0.3627718687057495,297.1451110839844,297.1499938964844,293.1499938964844,0.0,-0.0,284.776611328125,0.6476196050643921,0.2339727729558944,1.0855375528335571,284.7758483886719,284.95001220703125,299.8500061035156,288.9700622558594,297.9886474609375,297.265869140625,284.7745666503906,1.0,0.6929981708526611,0.3741464912891388,0.3741464912891388,1.0,1.0,-3.481077194213867,0.9744887351989746,2.5065884590148926,0.1878457516431808,0.8978565335273743,0.8978565335273743,0.0,268.055419921875,274.0,50190.1328125,0.0,3998.361083984375,1.0,279.7582092285156,283.0459899902344,292.0557556152344,295.2766418457031,293.1499938964844,293.1499938964844,280.04998779296875,36158.375,36000.0,313.1499938964844,0.0,18000.0,1.0,0.0,0.0,0.0,1.0,1.0,1.0,0.0,0.0,3.651926279067993,3.6519503593444815,8.898920214051032e-07,4.265924453735352,4.265914440155029,9.78592834144365e-06,0.0,0.0,-0.0,6415.97216796875,0.0,1536.4984130859375,1895.4371337890625,0.0,4300.0,0.9058015942573548,1.0,0.0,3.0,1.0,0.0
12240060,297.0650329589844,297.1499938964844,293.1499938964844,0.0,-0.0,284.9358215332031,0.7831351161003113,0.4232454001903534,0.3864677250385284,297.0484924316406,297.1499938964844,293.1499938964844,0.0,-0.0,284.9360046386719,0.8716769814491272,0.5915948748588562,0.5649027228355408,297.4706420898437,297.1499938964844,293.1499938964844,0.0,-0.0,284.9360656738281,0.9287853240966796,0.7108778953552246,0.4985977709293365,297.1467590332031,297.1499938964844,293.1499938964844,0.0,-0.0,284.93572998046875,0.7533599138259888,0.375939279794693,0.3623751103878021,297.1431884765625,297.1499938964844,293.1499938964844,0.0,-0.0,284.9352722167969,0.6454769372940063,0.2337033152580261,1.0839611291885376,284.9359436035156,284.95001220703125,299.8326721191406,288.97705078125,297.9826965332031,297.26629638671875,284.9370422363281,1.0,0.6942545175552368,0.3735242486000061,0.3735242486000061,1.0,1.0,-3.478264808654785,0.9716983437538148,2.5065665245056152,0.1854855716228485,0.8989822864532471,0.8989822864532471,0.0,271.2209167480469,277.0,49015.95703125,0.0,4010.0546875,1.0,280.04217529296875,283.2493591308594,291.9701843261719,295.0693664550781,293.1499938964844,293.1499938964844,280.3500061035156,36048.19140625,36000.0,313.1499938964844,0.0,18000.0,1.0,0.0,0.0,0.0,1.0,0.9984697103500366,1.0,0.0,0.0,3.649415254592896,3.6494393348693848,8.886686941877997e-07,4.265924453735352,4.265914440155029,9.78592834144365e-06,0.0,0.0,-0.0,6245.05712890625,0.0,1532.878662109375,1895.4371337890625,0.0,4287.0859375,0.9051904678344728,1.0,0.0,3.0,1.0,0.0
12240120,297.0650329589844,297.1499938964844,293.1499938964844,0.0,-0.0,284.9358215332031,0.7831351161003113,0.4232454001903534,0.3864677250385284,297.0484924316406,297.1499938964844,293.1499938964844,0.0,-0.0,284.9360046386719,0.8716769814491272,0.5915948748588562,0.5649027228355408,297.4706420898437,297.1499938964844,293.1499938964844,0.0,-0.0,284.9360656738281,0.9287853240966796,0.7108778953552246,0.4985977709293365,297.1467590332031,297.1499938964844,293.1499938964844,0.0,-0.0,284.93572998046875,0.7533599138259888,0.375939279794693,0.3623751103878021,297.1431884765625,297.1499938964844,293.1499938964844,0.0,-0.0,284.9352722167969,0.6454769372940063,0.2337033152580261,1.0839611291885376,284.9359436035156,284.95001220703125,299.8326721191406,288.97705078125,297.9826965332031,297.26629638671875,284.9370422363281,1.0,0.6942545175552368,0.3735242486000061,0.3735242486000061,1.0,1.0,-3.478264808654785,0.9716983437538148,2.5065665245056152,0.1854855716228485,0.8989822864532471,0.8989822864532471,0.0,271.2209167480469,277.0,49015.95703125,0.0,4010.0546875,1.0,280.04217529296875,283.2493591308594,291.9701843261719,295.0693664550781,293.1499938964844,293.1499938964844,280.3500061035156,36048.19140625,36000.0,313.1499938964844,0.0,18000.0,1.0,0.0,0.0,0.0,1.0,0.9984697103500366,1.0,0.0,0.0,3.649415254592896,3.6494393348693848,8.886686941877997e-07,4.265924453735352,4.265914440155029,9.78592834144365e-06,0.0,0.0,-0.0,6245.05712890625,0.0,1532.878662109375,1895.4371337890625,0.0,4287.0859375,0.9051904678344728,1.0,0.0,3.0,1.0,0.0
12240180,297.0790405273437,297.1499938964844,293.1499938964844,0.0,-0.0,285.1192932128906,0.7821630835533142,0.4235784709453583,0.3866004049777984,297.06103515625,297.1499938964844,293.1499938964844,0.0,-0.0,285.1195068359375,0.8703929781913757,0.591569721698761,0.5646736025810242,297.486083984375,297.1499938964844,293.1499938964844,0.0,-0.0,285.1195983886719,0.9300402998924256,0.716494619846344,0.5023235082626343,297.1553039550781,297.1499938964844,293.1499938964844,0.0,-0.0,285.11920166015625,0.7528073191642761,0.3767584860324859,0.3629942536354065,297.1495056152344,297.1499938964844,293.1499938964844,0.0,-0.0,285.1186218261719,0.6450093388557434,0.2342517524957656,1.085865139961243,285.1194152832031,284.95001220703125,299.8155212402344,288.984130859375,297.9873962402344,297.2809753417969,285.12078857421875,1.0,0.6961280703544617,0.3729020357131958,0.3729020357131958,1.0,1.0,-3.4856550693511963,0.9722265601158142,2.5134284496307373,0.1842110306024551,0.9027690291404724,0.9027690291404724,0.0,273.0863342285156,280.0,47941.296875,0.0,4039.99755859375,1.0,280.3417663574219,283.4740600585937,291.9447631835937,294.9557189941406,293.1499938964844,293.1499938964844,280.04998779296875,35850.7265625,36000.0,313.1499938964844,0.0,18000.0,1.0,0.0,0.0,0.0,1.0,0.9873141646385192,1.0,0.0,0.0,3.65437650680542,3.654400587081909,8.910865290090442e-07,4.265924453735352,4.265914440155029,9.78592834144365e-06,0.0,0.0,-0.0,6883.26611328125,0.0,1536.9249267578125,1895.4371337890625,0.0,4191.9697265625,0.9061712026596068,1.0,0.0,3.0,1.0,0.0
12240240,297.0790405273437,297.1499938964844,293.1499938964844,0.0,-0.0,285.1192932128906,0.7821630835533142,0.4235784709453583,0.3866004049777984,297.06103515625,297.1499938964844,293.1499938964844,0.0,-0.0,285.1195068359375,0.8703929781913757,0.591569721698761,0.5646736025810242,297.486083984375,297.1499938964844,293.1499938964844,0.0,-0.0,285.1195983886719,0.9300402998924256,0.716494619846344,0.5023235082626343,297.1553039550781,297.1499938964844,293.1499938964844,0.0,-0.0,285.11920166015625,0.7528073191642761,0.3767584860324859,0.3629942536354065,297.1495056152344,297.1499938964844,293.1499938964844,0.0,-0.0,285.1186218261719,0.6450093388557434,0.2342517524957656,1.085865139961243,285.1194152832031,284.95001220703125,299.8155212402344,288.984130859375,297.9873962402344,297.2809753417969,285.12078857421875,1.0,0.6961280703544617,0.3729020357131958,0.3729020357131958,1.0,1.0,-3.4856550693511963,0.9722265601158142,2.5134284496307373,0.1842110306024551,0.9027690291404724,0.9027690291404724,0.0,273.0863342285156,280.0,47941.296875,0.0,4039.99755859375,1.0,280.3417663574219,283.4740600585937,291.9447631835937,294.9557189941406,293.1499938964844,293.1499938964844,280.04998779296875,35850.7265625,36000.0,313.1499938964844,0.0,18000.0,1.0,0.0,0.0,0.0,1.0,0.9873141646385192,1.0,0.0,0.0,3.65437650680542,3.654400587081909,8.910865290090442e-07,4.265924453735352,4.265914440155029,9.78592834144365e-06,0.0,0.0,-0.0,6883.26611328125,0.0,1536.9249267578125,1895.4371337890625,0.0,4191.9697265625,0.9061712026596068,1.0,0.0,3.0,1.0,0.0
12240300,297.0806884765625,297.1499938964844,293.1499938964844,0.0,-0.0,285.00299072265625,0.7816130518913269,0.423296570777893,0.3866840302944183,297.0629577636719,297.1499938964844,293.1499938964844,0.0,-0.0,285.0019836425781,0.8697139024734497,0.5912014842033386,0.5646464228630066,297.48687744140625,297.1499938964844,293.1499938964844,0.0,-0.0,285.0015563964844,0.9305456280708312,0.7187091112136841,0.5041711926460266,297.1571350097656,297.1499938964844,293.1499938964844,0.0,-0.0,285.0034484863281,0.7525336146354675,0.376973807811737,0.3634117245674133,297.15155029296875,297.1499938964844,293.1499938964844,0.0,-0.0,285.0060119628906,0.6448329091072083,0.2344505786895752,1.0874258279800415,285.0023803710937,284.95001220703125,299.8070373535156,288.9877319335937,297.9857482910156,297.28277587890625,284.9964599609375,1.0,0.697241485118866,0.3725908994674682,0.3725908994674682,1.0,1.0,-3.4903314113616943,0.9728007316589355,2.517530679702759,0.1837995648384094,0.9019947052001952,0.9019947052001952,0.0,274.18878173828125,280.0,48993.87890625,0.0,4058.5224609375,1.0,280.0984802246094,283.3177490234375,292.0192565917969,295.1853332519531,293.1499938964844,293.1499938964844,280.04998779296875,35901.6875,36000.0,313.1499938964844,0.0,18000.0,1.0,0.0,0.0,0.0,1.0,0.9941636323928832,1.0,0.0,0.0,3.6564416885375977,3.656465768814087,8.920939080780954e-07,4.265924453735352,4.265914440155029,9.78592834144365e-06,0.0,0.0,-0.0,6726.04833984375,0.0,1539.610107421875,1895.4371337890625,0.0,4250.5712890625,0.9066182971000672,1.0,0.0,3.0,1.0,0.0
12240360,297.0770874023437,297.1499938964844,293.1499938964844,0.0,-0.0,284.9620666503906,0.7801353335380554,0.42250657081604,0.3862113058567047,297.0595397949219,297.1499938964844,293.1499938964844,0.0,-0.0,284.9618835449219,0.8681577444076538,0.5903136730194092,0.5640708208084106,297.48162841796875,297.1499938964844,293.1499938964844,0.0,-0.0,284.9618225097656,0.9299211502075196,0.7203264832496643,0.505483865737915,297.1551513671875,297.1499938964844,293.1499938964844,0.0,-0.0,284.9621276855469,0.7515286803245544,0.376824289560318,0.3634755313396454,297.1508483886719,297.1499938964844,293.1499938964844,0.0,-0.0,284.9625549316406,0.6440298557281494,0.2343910336494445,1.0879583358764648,284.9619445800781,284.95001220703125,299.798583984375,288.9913330078125,297.9798278808594,297.2786865234375,284.9609375,1.0,0.698211133480072,0.3722943663597107,0.3722943663597107,1.0,1.0,-3.491374015808105,0.9722291231155396,2.5191447734832764,0.1830660253763198,0.9016332030296326,0.9016332030296326,0.0,275.9329528808594,283.0,49144.77734375,0.0,4071.59033203125,1.0,280.0576477050781,283.2724914550781,292.0281677246094,295.1761169433594,293.1499938964844,293.1499938964844,279.75,35956.625,36000.0,313.1499938964844,0.0,18000.0,1.0,0.0,0.0,0.0,1.0,0.9984980225563048,1.0,0.0,0.0,3.65668535232544,3.6567094326019287,8.922128813537711e-07,4.265924453735352,4.265914440155029,9.78592834144365e-06,0.0,0.0,-0.0,7077.10498046875,0.0,1540.2939453125,1895.4371337890625,0.0,4287.3251953125,0.9067352414131165,1.0,0.0,3.0,1.0,0.0
12240420,297.0627136230469,297.1499938964844,293.1499938964844,0.0,-0.0,284.78057861328125,0.776038646697998,0.4201325476169586,0.3844797909259796,297.04449462890625,297.1499938964844,293.1499938964844,0.0,-0.0,284.7803955078125,0.8639323115348816,0.5876540541648865,0.5620177388191223,297.4627990722656,297.1499938964844,293.1499938964844,0.0,-0.0,284.7802734375,0.9273133277893066,0.7226272225379944,0.5073987245559692,297.1445007324219,297.1499938964844,293.1499938964844,0.0,-0.0,284.7806701660156,0.7485206127166748,0.3758180141448974,0.3629187345504761,297.1439208984375,297.1499938964844,293.1499938964844,0.0,-0.0,284.7812194824219,0.6414820551872253,0.2337082624435424,1.0865628719329834,284.78045654296875,284.95001220703125,299.78173828125,288.9985656738281,297.9613952636719,297.26171875,284.7791748046875,1.0,0.6996646523475647,0.3717012703418731,0.3717012703418731,1.0,1.0,-3.4867868423461914,0.9689210057258606,2.517865896224976,0.1808523386716842,0.897857666015625,0.897857666015625,0.0,280.0934753417969,286.0,50238.17578125,0.0,4084.609375,1.0,279.7582092285156,283.0494079589844,292.0811462402344,295.3055725097656,293.1499938964844,293.1499938964844,280.04998779296875,36152.83984375,36000.0,313.1499938964844,0.0,18000.0,1.0,0.0,0.0,0.0,1.0,1.0,1.0,0.0,0.0,3.651615858078003,3.651639699935913,8.897406473806768e-07,4.265924453735352,4.265914440155029,9.78592834144365e-06,0.0,0.0,-0.0,6425.91259765625,0.0,1536.1109619140625,1895.4371337890625,0.0,4300.0,0.90572851896286,1.0,0.0,3.0,1.0,0.0
12240480,297.0627136230469,297.1499938964844,293.1499938964844,0.0,-0.0,284.78057861328125,0.776038646697998,0.4201325476169586,0.3844797909259796,297.04449462890625,297.1499938964844,293.1499938964844,0.0,-0.0,284.7803955078125,0.8639323115348816,0.5876540541648865,0.5620177388191223,297.4627990722656,297.1499938964844,293.1499938964844,0.0,-0.0,284.7802734375,0.9273133277893066,0.7226272225379944,0.5073987245559692,297.1445007324219,297.1499938964844,293.1499938964844,0.0,-0.0,284.7806701660156,0.7485206127166748,0.3758180141448974,0.3629187345504761,297.1439208984375,297.1499938964844,293.1499938964844,0.0,-0.0,284.7812194824219,0.6414820551872253,0.2337082624435424,1.0865628719329834,284.78045654296875,284.95001220703125,299.78173828125,288.9985656738281,297.9613952636719,297.26171875,284.7791748046875,1.0,0.6996646523475647,0.3717012703418731,0.3717012703418731,1.0,1.0,-3.4867868423461914,0.9689210057258606,2.517865896224976,0.1808523386716842,0.897857666015625,0.897857666015625,0.0,280.0934753417969,286.0,50238.17578125,0.0,4084.609375,1.0,279.7582092285156,283.0494079589844,292.0811462402344,295.3055725097656,293.1499938964844,293.1499938964844,280.04998779296875,36152.83984375,36000.0,313.1499938964844,0.0,18000.0,1.0,0.0,0.0,0.0,1.0,1.0,1.0,0.0,0.0,3.651615858078003,3.651639699935913,8.897406473806768e-07,4.265924453735352,4.265914440155029,9.78592834144365e-06,0.0,0.0,-0.0,6425.91259765625,0.0,1536.1109619140625,1895.4371337890625,0.0,4300.0,0.90572851896286,1.0,0.0,3.0,1.0,0.0
12240540,297.064208984375,297.1499938964844,293.1499938964844,0.0,-0.0,284.9402770996094,0.7730571627616882,0.419157862663269,0.383267194032669,297.0437927246094,297.1499938964844,293.1499938964844,0.0,-0.0,284.9404602050781,0.8607370853424072,0.5862228870391846,0.5603446364402771,297.4640197753906,297.1499938964844,293.1499938964844,0.0,-0.0,284.9405517578125,0.926091969013214,0.7266866564750671,0.5098554491996765,297.1426696777344,297.1499938964844,293.1499938964844,0.0,-0.0,284.940185546875,0.7462826371192932,0.3755462765693664,0.3624816834926605,297.14208984375,297.1499938964844,293.1499938964844,0.0,-0.0,284.9397277832031,0.6394956707954407,0.2334340363740921,1.0849711894989014,284.9403991699219,284.95001220703125,299.7649841308594,289.005859375,297.9557800292969,297.2621765136719,284.9414978027344,1.0,0.7008967995643616,0.371108204126358,0.371108204126358,1.0,1.0,-3.483816385269165,0.9661551117897034,2.5176613330841064,0.1785280108451843,0.8990424275398254,0.8990424275398254,0.0,283.2708435058594,289.0,49063.94921875,0.0,4095.9208984375,1.0,280.04217529296875,283.2525939941406,291.9966125488281,295.0986022949219,293.1499938964844,293.1499938964844,280.3500061035156,36042.01953125,36000.0,313.1499938964844,0.0,18000.0,1.0,0.0,0.0,0.0,1.0,0.9979979991912842,1.0,0.0,0.0,3.649335622787476,3.649359703063965,8.886298701327178e-07,4.265924453735352,4.265914440155029,9.78592834144365e-06,0.0,0.0,-0.0,6255.16455078125,0.0,1532.743896484375,1895.4371337890625,0.0,4283.0986328125,0.905168354511261,1.0,0.0,3.0,1.0,0.0
12240600,297.064208984375,297.1499938964844,293.1499938964844,0.0,-0.0,284.9402770996094,0.7730571627616882,0.419157862663269,0.383267194032669,297.0437927246094,297.1499938964844,293.1499938964844,0.0,-0.0,284.9404602050781,0.8607370853424072,0.5862228870391846,0.5603446364402771,297.4640197753906,297.1499938964844,293.1499938964844,0.0,-0.0,284.9405517578125,0.926091969013214,0.7266866564750671,0.5098554491996765,297.1426696777344,297.1499938964844,293.1499938964844,0.0,-0.0,284.940185546875,0.7462826371192932,0.3755462765693664,0.3624816834926605,297.14208984375,297.1499938964844,293.1499938964844,0.0,-0.0,284.9397277832031,0.6394956707954407,0.2334340363740921,1.0849711894989014,284.9403991699219,284.95001220703125,299.7649841308594,289.005859375,297.9557800292969,297.2621765136719,284.9414978027344,1.0,0.7008967995643616,0.371108204126358,0.371108204126358,1.0,1.0,-3.483816385269165,0.9661551117897034,2.5176613330841064,0.1785280108451843,0.8990424275398254,0.8990424275398254,0.0,283.2708435058594,289.0,49063.94921875,0.0,4095.9208984375,1.0,280.04217529296875,283.2525939941406,291.9966125488281,295.0986022949219,293.1499938964844,293.1499938964844,280.3500061035156,36042.01953125,36000.0,313.1499938964844,0.0,18000.0,1.0,0.0,0.0,0.0,1.0,0.9979979991912842,1.0,0.0,0.0,3.649335622787476,3.649359703063965,8.886298701327178e-07,4.265924453735352,4.265914440155029,9.78592834144365e-06,0.0,0.0,-0.0,6255.16455078125,0.0,1532.743896484375,1895.4371337890625,0.0,4283.0986328125,0.905168354511261,1.0,0.0,3.0,1.0,0.0
12240660,297.078125,297.1499938964844,293.1499938964844,0.0,-0.0,285.1236267089844,0.7721446752548218,0.4194728136062622,0.3833857178688049,297.0565795898437,297.1499938964844,293.1499938964844,0.0,-0.0,285.12384033203125,0.8595283031463623,0.5861630439758301,0.5600889325141907,297.47955322265625,297.1499938964844,293.1499938964844,0.0,-0.0,285.1239624023437,0.9273090958595276,0.7322292327880859,0.51352858543396,297.1512756347656,297.1499938964844,293.1499938964844,0.0,-0.0,285.12353515625,0.7457587122917175,0.376319408416748,0.3630589544773102,297.14849853515625,297.1499938964844,293.1499938964844,0.0,-0.0,285.1229553222656,0.6390722990036011,0.2339763045310974,1.0868536233901978,285.1237487792969,284.95001220703125,299.748291015625,289.0131225585937,297.9612731933594,297.2772216796875,285.1251220703125,1.0,0.7027387022972107,0.3706412315368652,0.3706412315368652,1.0,1.0,-3.491018056869507,0.9670647382736206,2.523953437805176,0.1776579022407531,0.902886152267456,0.902886152267456,0.0,285.1514892578125,292.0,47989.64453125,0.0,4125.685546875,1.0,280.3417663574219,283.4770812988281,291.9729309082031,294.98681640625,293.1499938964844,293.1499938964844,280.04998779296875,35844.5,36000.0,313.1499938964844,0.0,18000.0,1.0,0.0,0.0,0.0,1.0,0.986703097820282,1.0,0.0,0.0,3.654529571533203,3.654553651809693,8.911611644180084e-07,4.265924453735352,4.265914440155029,9.78592834144365e-06,0.0,0.0,-0.0,6894.6337890625,0.0,1537.048828125,1895.4371337890625,0.0,4186.71142578125,0.9062011241912842,1.0,0.0,3.0,1.0,0.0
12240720,297.078125,297.1499938964844,293.1499938964844,0.0,-0.0,285.1236267089844,0.7721446752548218,0.4194728136062622,0.3833857178688049,297.0565795898437,297.1499938964844,293.1499938964844,0.0,-0.0,285.12384033203125,0.8595283031463623,0.5861630439758301,0.5600889325141907,297.47955322265625,297.1499938964844,293.1499938964844,0.0,-0.0,285.1239624023437,0.9273090958595276,0.7322292327880859,0.51352858543396,297.1512756347656,297.1499938964844,293.1499938964844,0.0,-0.0,285.12353515625,0.7457587122917175,0.376319408416748,0.3630589544773102,297.14849853515625,297.1499938964844,293.1499938964844,0.0,-0.0,285.1229553222656,0.6390722990036011,0.2339763045310974,1.0868536233901978,285.1237487792969,284.95001220703125,299.748291015625,289.0131225585937,297.9612731933594,297.2772216796875,285.1251220703125,1.0,0.7027387022972107,0.3706412315368652,0.3706412315368652,1.0,1.0,-3.491018056869507,0.9670647382736206,2.523953437805176,0.1776579022407531,0.902886152267456,0.902886152267456,0.0,285.1514892578125,292.0,47989.64453125,0.0,4125.685546875,1.0,280.3417663574219,283.4770812988281,291.9729309082031,294.98681640625,293.1499938964844,293.1499938964844,280.04998779296875,35844.5,36000.0,313.1499938964844,0.0,18000.0,1.0,0.0,0.0,0.0,1.0,0.986703097820282,1.0,0.0,0.0,3.654529571533203,3.654553651809693,8.911611644180084e-07,4.265924453735352,4.265914440155029,9.78592834144365e-06,0.0,0.0,-0.0,6894.6337890625,0.0,1537.048828125,1895.4371337890625,0.0,4186.71142578125,0.9062011241912842,1.0,0.0,3.0,1.0,0.0
12240780,297.07830810546875,297.1499938964844,293.1499938964844,0.0,-0.0,284.98077392578125,0.7710923552513123,0.4188469648361206,0.3833030164241791,297.0572509765625,297.1499938964844,293.1499938964844,0.0,-0.0,284.98028564453125,0.8583171963691711,0.5853915214538574,0.5598322153091431,297.477783203125,297.1499938964844,293.1499938964844,0.0,-0.0,284.9800720214844,0.9276241660118104,0.735076904296875,0.5159492492675781,297.15240478515625,297.1499938964844,293.1499938964844,0.0,-0.0,284.98095703125,0.7451485395431519,0.3764505684375763,0.3635106086730957,297.150390625,297.1499938964844,293.1499938964844,0.0,-0.0,284.9821472167969,0.6386473178863525,0.2341573387384414,1.0887507200241089,284.98046875,284.95001220703125,299.7362670898437,289.018310546875,297.9572448730469,297.277099609375,284.9777526855469,1.0,0.7042705416679382,0.3703050315380096,0.3703050315380096,1.0,1.0,-3.4963579177856445,0.967764377593994,2.5285935401916504,0.177254170179367,0.9019139409065248,0.9019139409065248,0.0,286.9843444824219,292.0,49144.77734375,0.0,4150.42138671875,1.0,280.0716552734375,283.2912292480469,292.0578308105469,295.218505859375,293.1499938964844,293.1499938964844,280.04998779296875,35928.76171875,36000.0,313.1499938964844,0.0,18000.0,1.0,0.0,0.0,0.0,1.0,0.9959762692451476,1.0,0.0,0.0,3.65684175491333,3.65686559677124,8.922891083784634e-07,4.265924453735352,4.265914440155029,9.78592834144365e-06,0.0,0.0,-0.0,6703.82568359375,0.0,1540.259521484375,1895.4371337890625,0.0,4265.97314453125,0.9067400097846984,1.0,0.0,3.0,1.0,0.0
12240840,297.0762634277344,297.1499938964844,293.1499938964844,0.0,-0.0,284.96649169921875,0.77024245262146,0.4183945059776306,0.382987767457962,297.0553283691406,297.1499938964844,293.1499938964844,0.0,-0.0,284.96630859375,0.8574345111846924,0.5848752856254578,0.5594502687454224,297.4747009277344,297.1499938964844,293.1499938964844,0.0,-0.0,284.9662170410156,0.92720228433609,0.7359398007392883,0.5166141986846924,297.1511535644531,297.1499938964844,293.1499938964844,0.0,-0.0,284.966552734375,0.7445623874664307,0.3763390183448791,0.3634972274303436,297.1498718261719,297.1499938964844,293.1499938964844,0.0,-0.0,284.96697998046875,0.6381795406341553,0.2341076582670211,1.0889173746109009,284.96636962890625,284.95001220703125,299.7315673828125,289.0203552246094,297.9537658691406,297.27447509765625,284.96533203125,1.0,0.7047827243804932,0.3701742887496948,0.3701742887496948,1.0,1.0,-3.4965062141418457,0.9674111008644104,2.52909517288208,0.1768845617771148,0.9018091559410096,0.9018091559410096,0.0,288.0127868652344,295.0,49193.296875,0.0,4156.9462890625,1.0,280.0577697753906,283.2755126953125,292.0568542480469,295.2080993652344,293.1499938964844,293.1499938964844,279.75,35950.01171875,36000.0,313.1499938964844,0.0,18000.0,1.0,0.0,0.0,0.0,1.0,0.9978470802307128,1.0,0.0,0.0,3.657081365585327,3.657105445861816,8.924061489778978e-07,4.265924453735352,4.265914440155029,9.78592834144365e-06,0.0,0.0,-0.0,7089.03515625,0.0,1540.6865234375,1895.4371337890625,0.0,4281.822265625,0.9068191647529602,1.0,0.0,3.0,1.0,0.0
12240900,297.07000732421875,297.1499938964844,293.1499938964844,0.0,-0.0,284.83154296875,0.7685269117355347,0.4173186123371124,0.3822796940803528,297.0491027832031,297.1499938964844,293.1499938964844,0.0,-0.0,284.8304138183594,0.8556637763977051,0.5836697816848755,0.5585947036743164,297.46600341796875,297.1499938964844,293.1499938964844,0.0,-0.0,284.829833984375,0.926211416721344,0.7371453046798706,0.5176735520362854,297.1468200683594,297.1499938964844,293.1499938964844,0.0,-0.0,284.8319702148437,0.7433335185050964,0.3759240508079529,0.3633330464363098,297.14727783203125,297.1499938964844,293.1499938964844,0.0,-0.0,284.83477783203125,0.6371667981147766,0.2338552474975586,1.088689208030701,284.8307800292969,284.95001220703125,299.72320556640625,289.02392578125,297.9455261230469,297.2670593261719,284.82421875,1.0,0.7055928707122803,0.3699408173561096,0.3699408173561096,1.0,1.0,-3.495433568954468,0.9663463830947876,2.52908706665039,0.1760856807231903,0.8996923565864563,0.8996923565864563,0.0,289.97174072265625,295.0,50206.62109375,0.0,4165.857421875,1.0,279.801025390625,283.1013488769531,292.1021728515625,295.3724060058594,293.1499938964844,293.1499938964844,279.75,36056.8203125,36000.0,313.1499938964844,0.0,18000.0,1.0,0.0,0.0,0.0,1.0,1.0,1.0,0.0,0.0,3.655801773071289,3.6558258533477774,8.917817240217119e-07,4.265924453735352,4.265914440155029,9.78592834144365e-06,0.0,0.0,-0.0,6892.33349609375,0.0,1540.05859375,1895.4371337890625,0.0,4300.0,0.9065694212913512,1.0,0.0,3.0,1.0,0.0
12240960,297.0619506835937,297.1499938964844,293.1499938964844,0.0,-0.0,284.78466796875,0.7664006948471069,0.4160199165344238,0.3812570571899414,297.04071044921875,297.1499938964844,293.1499938964844,0.0,-0.0,284.7844543457031,0.8535029888153076,0.5822054743766785,0.557388424873352,297.45526123046875,297.1499938964844,293.1499938964844,0.0,-0.0,284.78436279296875,0.9247177243232728,0.7380906343460083,0.518430769443512,297.1405639648437,297.1499938964844,293.1499938964844,0.0,-0.0,284.7847595214844,0.7417495250701904,0.3752897977828979,0.3629005551338196,297.1429748535156,297.1499938964844,293.1499938964844,0.0,-0.0,284.7852783203125,0.635815441608429,0.2334160357713699,1.0874881744384766,284.7845458984375,284.95001220703125,299.71484375,289.0274963378906,297.9354553222656,297.25738525390625,284.78326416015625,1.0,0.706197202205658,0.369636207818985,0.369636207818985,1.0,1.0,-3.4917025566101074,0.964217483997345,2.5274851322174072,0.1747966855764389,0.8980863690376282,0.8980863690376282,0.0,292.17266845703125,298.0,50288.69921875,0.0,4169.3115234375,1.0,279.7580871582031,283.052001953125,292.1074523925781,295.33575439453125,293.1499938964844,293.1499938964844,280.04998779296875,36146.3125,36000.0,313.1499938964844,0.0,18000.0,1.0,0.0,0.0,0.0,1.0,1.0,1.0,0.0,0.0,3.652256488800049,3.652280569076538,8.90053001967317e-07,4.265924453735352,4.265914440155029,9.78592834144365e-06,0.0,0.0,-0.0,6436.0244140625,0.0,1536.7760009765625,1895.4371337890625,0.0,4300.0,0.905867338180542,1.0,0.0,3.0,1.0,0.0
12241020,297.0634155273437,297.1499938964844,293.1499938964844,0.0,-0.0,284.94415283203125,0.7636002898216248,0.4150305390357971,0.3800346255302429,297.0402526855469,297.1499938964844,293.1499938964844,0.0,-0.0,284.9443359375,0.850517213344574,0.580751359462738,0.555696964263916,297.4562683105469,297.1499938964844,293.1499938964844,0.0,-0.0,284.9444580078125,0.9235550165176392,0.7420336008071899,0.5207984447479248,297.13885498046875,297.1499938964844,293.1499938964844,0.0,-0.0,284.944091796875,0.739643394947052,0.3749784231185913,0.3624255061149597,297.14117431640625,297.1499938964844,293.1499938964844,0.0,-0.0,284.943603515625,0.6339560151100159,0.2331321537494659,1.0858547687530518,284.9442749023437,284.95001220703125,299.697998046875,289.0345764160156,297.9297180175781,297.2577209472656,284.9454040527344,1.0,0.7073907256126404,0.3690270483493805,0.3690270483493805,1.0,1.0,-3.488495349884033,0.9613258242607116,2.5271694660186768,0.1723507493734359,0.8993223309516907,0.8993223309516907,0.0,295.3500061035156,301.0,49112.1484375,0.0,4179.95654296875,1.0,280.04217529296875,283.2549743652344,292.02349853515625,295.1283264160156,293.1499938964844,293.1499938964844,280.3500061035156,36035.78125,36000.0,313.1499938964844,0.0,18000.0,1.0,0.0,0.0,0.0,1.0,0.9975525736808776,1.0,0.0,0.0,3.650213479995728,3.6502373218536377,8.890573894859699e-07,4.265924453735352,4.265914440155029,9.78592834144365e-06,0.0,0.0,-0.0,6265.30712890625,0.0,1533.6737060546875,1895.4371337890625,0.0,4279.33056640625,0.905360221862793,1.0,0.0,3.0,1.0,0.0
12241080,297.0634155273437,297.1499938964844,293.1499938964844,0.0,-0.0,284.94415283203125,0.7636002898216248,0.4150305390357971,0.3800346255302429,297.0402526855469,297.1499938964844,293.1499938964844,0.0,-0.0,284.9443359375,0.850517213344574,0.580751359462738,0.555696964263916,297.4562683105469,297.1499938964844,293.1499938964844,0.0,-0.0,284.9444580078125,0.9235550165176392,0.7420336008071899,0.5207984447479248,297.13885498046875,297.1499938964844,293.1499938964844,0.0,-0.0,284.944091796875,0.739643394947052,0.3749784231185913,0.3624255061149597,297.14117431640625,297.1499938964844,293.1499938964844,0.0,-0.0,284.943603515625,0.6339560151100159,0.2331321537494659,1.0858547687530518,284.9442749023437,284.95001220703125,299.697998046875,289.0345764160156,297.9297180175781,297.2577209472656,284.9454040527344,1.0,0.7073907256126404,0.3690270483493805,0.3690270483493805,1.0,1.0,-3.488495349884033,0.9613258242607116,2.5271694660186768,0.1723507493734359,0.8993223309516907,0.8993223309516907,0.0,295.3500061035156,301.0,49112.1484375,0.0,4179.95654296875,1.0,280.04217529296875,283.2549743652344,292.02349853515625,295.1283264160156,293.1499938964844,293.1499938964844,280.3500061035156,36035.78125,36000.0,313.1499938964844,0.0,18000.0,1.0,0.0,0.0,0.0,1.0,0.9975525736808776,1.0,0.0,0.0,3.650213479995728,3.6502373218536377,8.890573894859699e-07,4.265924453735352,4.265914440155029,9.78592834144365e-06,0.0,0.0,-0.0,6265.30712890625,0.0,1533.6737060546875,1895.4371337890625,0.0,4279.33056640625,0.905360221862793,1.0,0.0,3.0,1.0,0.0
12241140,297.0772399902344,297.1499938964844,293.1499938964844,0.0,-0.0,285.1271667480469,0.7627484798431396,0.4153249263763428,0.3801362812519073,297.0531921386719,297.1499938964844,293.1499938964844,0.0,-0.0,285.1274108886719,0.849384069442749,0.5806641578674316,0.5554167628288269,297.4718017578125,297.1499938964844,293.1499938964844,0.0,-0.0,285.1275329589844,0.9247273802757264,0.7474778890609741,0.5244016051292419,297.1476135253906,297.1499938964844,293.1499938964844,0.0,-0.0,285.1270751953125,0.7391514778137207,0.3757166266441345,0.3629694581031799,297.1476135253906,297.1499938964844,293.1499938964844,0.0,-0.0,285.12652587890625,0.6335698366165161,0.233665257692337,1.0876989364624023,285.1273193359375,284.95001220703125,299.6810302734375,289.0415344238281,297.93487548828125,297.27264404296875,285.1286926269531,1.0,0.7091927528381348,0.368417888879776,0.368417888879776,1.0,1.0,-3.495476722717285,0.9617263078689576,2.533750295639038,0.1709751039743423,0.9032114148139954,0.9032114148139954,0.0,297.233642578125,289.0,48035.43359375,0.0,4209.3740234375,1.0,280.3417663574219,283.4791564941406,292.000732421875,295.01763916015625,293.1499938964844,293.1499938964844,280.04998779296875,35838.9453125,36000.0,313.1499938964844,0.0,18000.0,1.0,0.0,0.0,0.0,1.0,0.9861487746238708,1.0,0.0,0.0,3.655616760253906,3.655640840530396,8.916914566725609e-07,4.265924453735352,4.265914440155029,9.78592834144365e-06,0.0,0.0,-0.0,6905.83056640625,0.0,1538.219482421875,1895.4371337890625,0.0,4181.93798828125,0.906440496444702,1.0,0.0,3.0,1.0,0.0
12241200,297.0772399902344,297.1499938964844,293.1499938964844,0.0,-0.0,285.1271667480469,0.7627484798431396,0.4153249263763428,0.3801362812519073,297.0531921386719,297.1499938964844,293.1499938964844,0.0,-0.0,285.1274108886719,0.849384069442749,0.5806641578674316,0.5554167628288269,297.4718017578125,297.1499938964844,293.1499938964844,0.0,-0.0,285.1275329589844,0.9247273802757264,0.7474778890609741,0.5244016051292419,297.1476135253906,297.1499938964844,293.1499938964844,0.0,-0.0,285.1270751953125,0.7391514778137207,0.3757166266441345,0.3629694581031799,297.1476135253906,297.1499938964844,293.1499938964844,0.0,-0.0,285.12652587890625,0.6335698366165161,0.233665257692337,1.0876989364624023,285.1273193359375,284.95001220703125,299.6810302734375,289.0415344238281,297.93487548828125,297.27264404296875,285.1286926269531,1.0,0.7091927528381348,0.368417888879776,0.368417888879776,1.0,1.0,-3.495476722717285,0.9617263078689576,2.533750295639038,0.1709751039743423,0.9032114148139954,0.9032114148139954,0.0,297.233642578125,289.0,48035.43359375,0.0,4209.3740234375,1.0,280.3417663574219,283.4791564941406,292.000732421875,295.01763916015625,293.1499938964844,293.1499938964844,280.04998779296875,35838.9453125,36000.0,313.1499938964844,0.0,18000.0,1.0,0.0,0.0,0.0,1.0,0.9861487746238708,1.0,0.0,0.0,3.655616760253906,3.655640840530396,8.916914566725609e-07,4.265924453735352,4.265914440155029,9.78592834144365e-06,0.0,0.0,-0.0,6905.83056640625,0.0,1538.219482421875,1895.4371337890625,0.0,4181.93798828125,0.906440496444702,1.0,0.0,3.0,1.0,0.0
12241260,297.0755920410156,297.1499938964844,293.1499938964844,0.0,-0.0,284.9681396484375,0.7648661732673645,0.4142588675022125,0.3794769644737243,297.0523681640625,297.1499938964844,293.1499938964844,0.0,-0.0,284.96795654296875,0.8516950607299805,0.5793741941452026,0.554492712020874,297.4666442871094,297.1499938964844,293.1499938964844,0.0,-0.0,284.9678649902344,0.9302965998649596,0.7510578632354736,0.5271995663642883,297.14776611328125,297.1499938964844,293.1499938964844,0.0,-0.0,284.9682312011719,0.7415736317634583,0.3757191896438598,0.3631102442741394,297.1491394042969,297.1499938964844,293.1499938964844,0.0,-0.0,284.9686889648437,0.6357253193855286,0.2338019609451294,1.0884523391723633,284.968017578125,284.95001220703125,299.6639099121094,289.0483093261719,297.9272155761719,297.2699584960937,284.9668884277344,1.0,0.7070860266685486,0.3679490089416504,0.3679490089416504,1.0,1.0,-3.498031616210937,0.9610916376113892,2.536940097808838,0.1698884516954422,0.9021464586257936,0.9021464586257936,0.0,293.009033203125,277.0,49214.09765625,0.0,4190.794921875,1.0,280.0577697753906,283.2759094238281,292.0844421386719,295.238037109375,293.1499938964844,293.1499938964844,279.75,35945.96875,36000.0,313.1499938964844,0.0,18000.0,1.0,0.0,0.0,0.0,1.0,0.9972333908081056,1.0,0.0,0.0,3.658333539962769,3.658357620239258,8.930173294174892e-07,4.265924453735352,4.265914440155029,9.78592834144365e-06,0.0,0.0,-0.0,7098.20361328125,0.0,1542.0545654296875,1895.4371337890625,0.0,4276.62890625,0.9070961475372314,1.0,0.0,3.0,1.0,0.0
12241320,297.0755920410156,297.1499938964844,293.1499938964844,0.0,-0.0,284.9681396484375,0.7648661732673645,0.4142588675022125,0.3794769644737243,297.0523681640625,297.1499938964844,293.1499938964844,0.0,-0.0,284.96795654296875,0.8516950607299805,0.5793741941452026,0.554492712020874,297.4666442871094,297.1499938964844,293.1499938964844,0.0,-0.0,284.9678649902344,0.9302965998649596,0.7510578632354736,0.5271995663642883,297.14776611328125,297.1499938964844,293.1499938964844,0.0,-0.0,284.9682312011719,0.7415736317634583,0.3757191896438598,0.3631102442741394,297.1491394042969,297.1499938964844,293.1499938964844,0.0,-0.0,284.9686889648437,0.6357253193855286,0.2338019609451294,1.0884523391723633,284.968017578125,284.95001220703125,299.6639099121094,289.0483093261719,297.9272155761719,297.2699584960937,284.9668884277344,1.0,0.7070860266685486,0.3679490089416504,0.3679490089416504,1.0,1.0,-3.498031616210937,0.9610916376113892,2.536940097808838,0.1698884516954422,0.9021464586257936,0.9021464586257936,0.0,293.009033203125,277.0,49214.09765625,0.0,4190.794921875,1.0,280.0577697753906,283.2759094238281,292.0844421386719,295.238037109375,293.1499938964844,293.1499938964844,279.75,35945.96875,36000.0,313.1499938964844,0.0,18000.0,1.0,0.0,0.0,0.0,1.0,0.9972333908081056,1.0,0.0,0.0,3.658333539962769,3.658357620239258,8.930173294174892e-07,4.265924453735352,4.265914440155029,9.78592834144365e-06,0.0,0.0,-0.0,7098.20361328125,0.0,1542.0545654296875,1895.4371337890625,0.0,4276.62890625,0.9070961475372314,1.0,0.0,3.0,1.0,0.0
12241380,297.0621337890625,297.1499938964844,293.1499938964844,0.0,-0.0,284.78338623046875,0.7673677206039429,0.4119602739810943,0.3773949146270752,297.03857421875,297.1499938964844,293.1499938964844,0.0,-0.0,284.7831420898437,0.8546997308731079,0.5767512321472168,0.5520368218421936,297.447021484375,297.1499938964844,293.1499938964844,0.0,-0.0,284.78302001953125,0.9368031620979308,0.7530909776687622,0.5286155939102173,297.137939453125,297.1499938964844,293.1499938964844,0.0,-0.0,284.7834777832031,0.7444979548454285,0.3747034668922424,0.3621062934398651,297.1429748535156,297.1499938964844,293.1499938964844,0.0,-0.0,284.7840576171875,0.6382086873054504,0.2331706434488296,1.0852038860321045,284.7832336425781,284.95001220703125,299.6465759277344,289.0549011230469,297.9090881347656,297.2533264160156,284.78179931640625,1.0,0.7025386095046997,0.3674801588058471,0.3674801588058471,1.0,1.0,-3.4891722202301025,0.9567915797233582,2.5323805809021,0.1675817668437957,0.8983859419822693,0.8983859419822693,0.0,286.1778869628906,265.0,50271.2890625,0.0,4127.0830078125,1.0,279.7581481933594,283.0499572753906,292.1310729980469,295.3604736328125,293.1499938964844,293.1499938964844,280.04998779296875,36145.3359375,36000.0,313.1499938964844,0.0,18000.0,1.0,0.0,0.0,0.0,1.0,1.0,1.0,0.0,0.0,3.6535568237304688,3.653580904006958,8.90686806087615e-07,4.265924453735352,4.265914440155029,9.78592834144365e-06,0.0,0.0,-0.0,6440.3447265625,0.0,1538.2177734375,1895.4371337890625,0.0,4300.0,0.9061567187309264,1.0,0.0,3.0,1.0,0.0
12241440,297.0621337890625,297.1499938964844,293.1499938964844,0.0,-0.0,284.78338623046875,0.7673677206039429,0.4119602739810943,0.3773949146270752,297.03857421875,297.1499938964844,293.1499938964844,0.0,-0.0,284.7831420898437,0.8546997308731079,0.5767512321472168,0.5520368218421936,297.447021484375,297.1499938964844,293.1499938964844,0.0,-0.0,284.78302001953125,0.9368031620979308,0.7530909776687622,0.5286155939102173,297.137939453125,297.1499938964844,293.1499938964844,0.0,-0.0,284.7834777832031,0.7444979548454285,0.3747034668922424,0.3621062934398651,297.1429748535156,297.1499938964844,293.1499938964844,0.0,-0.0,284.7840576171875,0.6382086873054504,0.2331706434488296,1.0852038860321045,284.7832336425781,284.95001220703125,299.6465759277344,289.0549011230469,297.9090881347656,297.2533264160156,284.78179931640625,1.0,0.7025386095046997,0.3674801588058471,0.3674801588058471,1.0,1.0,-3.4891722202301025,0.9567915797233582,2.5323805809021,0.1675817668437957,0.8983859419822693,0.8983859419822693,0.0,286.1778869628906,265.0,50271.2890625,0.0,4127.0830078125,1.0,279.7581481933594,283.0499572753906,292.1310729980469,295.3604736328125,293.1499938964844,293.1499938964844,280.04998779296875,36145.3359375,36000.0,313.1499938964844,0.0,18000.0,1.0,0.0,0.0,0.0,1.0,1.0,1.0,0.0,0.0,3.6535568237304688,3.653580904006958,8.90686806087615e-07,4.265924453735352,4.265914440155029,9.78592834144365e-06,0.0,0.0,-0.0,6440.3447265625,0.0,1538.2177734375,1895.4371337890625,0.0,4300.0,0.9061567187309264,1.0,0.0,3.0,1.0,0.0
12241500,297.060791015625,297.1499938964844,293.1499938964844,0.0,-0.0,284.899169921875,0.7692208886146545,0.4112664759159088,0.3763210773468017,297.0362243652344,297.1499938964844,293.1499938964844,0.0,-0.0,284.90020751953125,0.8568340539932251,0.5758081674575806,0.5507085919380188,297.4446716308594,297.1499938964844,293.1499938964844,0.0,-0.0,284.9007873535156,0.9409009218215942,0.7547313570976257,0.5293169021606445,297.1356811523437,297.1499938964844,293.1499938964844,0.0,-0.0,284.8988037109375,0.7464574575424194,0.3744019269943237,0.3614768087863922,297.1412048339844,297.1499938964844,293.1499938964844,0.0,-0.0,284.896240234375,0.6398259401321411,0.232950672507286,1.082912802696228,284.89990234375,284.95001220703125,299.6378173828125,289.0581359863281,297.9042358398437,297.2507629394531,284.90576171875,1.0,0.6996859908103943,0.3672457337379455,0.3672457337379455,1.0,1.0,-3.4836068153381348,0.9542834758758544,2.5293233394622803,0.1661822497844696,0.8991714715957642,0.8991714715957642,0.0,281.79791259765625,265.0,49212.42578125,0.0,4086.701416015625,1.0,280.0014038085937,283.20574951171875,292.0609436035156,295.1427917480469,293.1499938964844,293.1499938964844,280.04998779296875,36094.1328125,36000.0,313.1499938964844,0.0,18000.0,1.0,0.0,0.0,0.0,1.0,0.9995643496513368,1.0,0.0,0.0,3.651555061340332,3.651579141616821,8.897110319594503e-07,4.265924453735352,4.265914440155029,9.78592834144365e-06,0.0,0.0,-0.0,6594.22314453125,0.0,1535.6038818359375,1895.4371337890625,0.0,4296.3271484375,0.9057251811027528,1.0,0.0,3.0,1.0,0.0
12241560,297.064697265625,297.1499938964844,293.1499938964844,0.0,-0.0,284.9397888183594,0.7722592949867249,0.4110838174819946,0.3757902383804321,297.03912353515625,297.1499938964844,293.1499938964844,0.0,-0.0,284.9399719238281,0.860124945640564,0.5753710269927979,0.5499086380004883,297.4486389160156,297.1499938964844,293.1499938964844,0.0,-0.0,284.9400634765625,0.9464267492294312,0.756989598274231,0.5305680632591248,297.1373291015625,297.1499938964844,293.1499938964844,0.0,-0.0,284.9397277832031,0.7493975758552551,0.3744703233242035,0.3611938953399658,297.1423034667969,297.1499938964844,293.1499938964844,0.0,-0.0,284.9393310546875,0.6422872543334961,0.2330013513565063,1.0816465616226196,284.9399108886719,284.95001220703125,299.62896728515625,289.061279296875,297.9040222167969,297.25445556640625,284.9408569335937,1.0,0.6968027949333191,0.367049902677536,0.367049902677536,1.0,1.0,-3.481640100479126,0.9530483484268188,2.5285918712615967,0.1652398109436035,0.8995415568351746,0.8995415568351746,0.0,276.4442443847656,253.0,49054.06640625,0.0,4049.843017578125,1.0,280.0423278808594,283.25048828125,292.04638671875,295.1488037109375,293.1499938964844,293.1499938964844,280.3500061035156,36039.10546875,36000.0,313.1499938964844,0.0,18000.0,1.0,0.0,0.0,0.0,1.0,0.9967708587646484,1.0,0.0,0.0,3.651397228240967,3.651421308517456,8.896341796571505e-07,4.265924453735352,4.265914440155029,9.78592834144365e-06,0.0,0.0,-0.0,6266.388671875,0.0,1535.0162353515625,1895.4371337890625,0.0,4272.7109375,0.905626654624939,1.0,0.0,3.0,1.0,0.0
12241620,297.07977294921875,297.1499938964844,293.1499938964844,0.0,-0.0,285.11981201171875,0.7804105281829834,0.4115242958068847,0.3755022585391998,297.0531921386719,297.1499938964844,293.1499938964844,0.0,-0.0,285.1200256347656,0.8688534498214722,0.5753822922706604,0.5491750240325928,297.4652099609375,297.1499938964844,293.1499938964844,0.0,-0.0,285.1201477050781,0.9594739675521852,0.7624412178993225,0.5337700843811035,297.1473999023437,297.1499938964844,293.1499938964844,0.0,-0.0,285.1197204589844,0.7571872472763062,0.3753219246864319,0.3612963557243347,297.150146484375,297.1499938964844,293.1499938964844,0.0,-0.0,285.11920166015625,0.6489582061767578,0.2336927950382232,1.081587553024292,285.1199645996094,284.95001220703125,299.611083984375,289.0674133300781,297.9100341796875,297.2703857421875,285.1212158203125,1.0,0.6911712884902954,0.3666582703590393,0.3666582703590393,1.0,1.0,-3.484304666519165,0.9527166485786438,2.531588077545166,0.1640912592411041,0.9033117294311525,0.9033117294311525,0.0,264.4130554199219,241.0,47939.18359375,0.0,3985.09521484375,1.0,280.341796875,283.4722595214844,292.02423095703125,295.03631591796875,293.1499938964844,293.1499938964844,280.04998779296875,35846.76953125,36000.0,313.1499938964844,0.0,18000.0,1.0,0.0,0.0,0.0,1.0,0.9849085807800292,1.0,0.0,0.0,3.6565189361572266,3.656543016433716,8.92131652108219e-07,4.265924453735352,4.265914440155029,9.78592834144365e-06,0.0,0.0,-0.0,6903.63232421875,0.0,1539.2847900390625,1895.4371337890625,0.0,4171.2431640625,0.9066472053527832,1.0,0.0,3.0,1.0,0.0
12241680,297.07977294921875,297.1499938964844,293.1499938964844,0.0,-0.0,285.11981201171875,0.7804105281829834,0.4115242958068847,0.3755022585391998,297.0531921386719,297.1499938964844,293.1499938964844,0.0,-0.0,285.1200256347656,0.8688534498214722,0.5753822922706604,0.5491750240325928,297.4652099609375,297.1499938964844,293.1499938964844,0.0,-0.0,285.1201477050781,0.9594739675521852,0.7624412178993225,0.5337700843811035,297.1473999023437,297.1499938964844,293.1499938964844,0.0,-0.0,285.1197204589844,0.7571872472763062,0.3753219246864319,0.3612963557243347,297.150146484375,297.1499938964844,293.1499938964844,0.0,-0.0,285.11920166015625,0.6489582061767578,0.2336927950382232,1.081587553024292,285.1199645996094,284.95001220703125,299.611083984375,289.0674133300781,297.9100341796875,297.2703857421875,285.1212158203125,1.0,0.6911712884902954,0.3666582703590393,0.3666582703590393,1.0,1.0,-3.484304666519165,0.9527166485786438,2.531588077545166,0.1640912592411041,0.9033117294311525,0.9033117294311525,0.0,264.4130554199219,241.0,47939.18359375,0.0,3985.09521484375,1.0,280.341796875,283.4722595214844,292.02423095703125,295.03631591796875,293.1499938964844,293.1499938964844,280.04998779296875,35846.76953125,36000.0,313.1499938964844,0.0,18000.0,1.0,0.0,0.0,0.0,1.0,0.9849085807800292,1.0,0.0,0.0,3.6565189361572266,3.656543016433716,8.92131652108219e-07,4.265924453735352,4.265914440155029,9.78592834144365e-06,0.0,0.0,-0.0,6903.63232421875,0.0,1539.2847900390625,1895.4371337890625,0.0,4171.2431640625,0.9066472053527832,1.0,0.0,3.0,1.0,0.0
12241740,297.0795288085937,297.1499938964844,293.1499938964844,0.0,-0.0,284.9595031738281,0.7885383367538452,0.4106298089027405,0.3747215270996094,297.0535888671875,297.1499938964844,293.1499938964844,0.0,-0.0,284.95928955078125,0.8778015375137329,0.5742201805114746,0.5480788350105286,297.460693359375,297.1499938964844,293.1499938964844,0.0,-0.0,284.95916748046875,0.9715407490730286,0.7660030126571655,0.5363513231277466,297.14892578125,297.1499938964844,293.1499938964844,0.0,-0.0,284.9595642089844,0.7653006911277771,0.3754588961601257,0.3612745702266693,297.1531677246094,297.1499938964844,293.1499938964844,0.0,-0.0,284.96002197265625,0.6560638546943665,0.2340117990970611,1.081785798072815,284.9593505859375,284.95001220703125,299.5928649902344,289.0732727050781,297.9029846191406,297.2687072753906,284.95819091796875,1.0,0.6854788064956665,0.3662666380405426,0.3662666380405426,1.0,1.0,-3.4853780269622803,0.9518566727638244,2.5335214138031006,0.163059800863266,0.902119517326355,0.902119517326355,0.0,252.84375,229.0,49101.10546875,0.0,3918.96044921875,1.0,280.0577697753906,283.2680969238281,292.1078796386719,295.25518798828125,293.1499938964844,293.1499938964844,279.75,35956.765625,36000.0,313.1499938964844,0.0,18000.0,1.0,0.0,0.0,0.0,1.0,0.9956981539726256,1.0,0.0,0.0,3.658833265304565,3.658857345581055,8.93261244527821e-07,4.265924453735352,4.265914440155029,9.78592834144365e-06,0.0,0.0,-0.0,7093.92626953125,0.0,1542.69384765625,1895.4371337890625,0.0,4263.61328125,0.907215178012848,1.0,0.0,3.0,1.0,0.0
12241800,297.0795288085937,297.1499938964844,293.1499938964844,0.0,-0.0,284.9595031738281,0.7885383367538452,0.4106298089027405,0.3747215270996094,297.0535888671875,297.1499938964844,293.1499938964844,0.0,-0.0,284.95928955078125,0.8778015375137329,0.5742201805114746,0.5480788350105286,297.460693359375,297.1499938964844,293.1499938964844,0.0,-0.0,284.95916748046875,0.9715407490730286,0.7660030126571655,0.5363513231277466,297.14892578125,297.1499938964844,293.1499938964844,0.0,-0.0,284.9595642089844,0.7653006911277771,0.3754588961601257,0.3612745702266693,297.1531677246094,297.1499938964844,293.1499938964844,0.0,-0.0,284.96002197265625,0.6560638546943665,0.2340117990970611,1.081785798072815,284.9593505859375,284.95001220703125,299.5928649902344,289.0732727050781,297.9029846191406,297.2687072753906,284.95819091796875,1.0,0.6854788064956665,0.3662666380405426,0.3662666380405426,1.0,1.0,-3.4853780269622803,0.9518566727638244,2.5335214138031006,0.163059800863266,0.902119517326355,0.902119517326355,0.0,252.84375,229.0,49101.10546875,0.0,3918.96044921875,1.0,280.0577697753906,283.2680969238281,292.1078796386719,295.25518798828125,293.1499938964844,293.1499938964844,279.75,35956.765625,36000.0,313.1499938964844,0.0,18000.0,1.0,0.0,0.0,0.0,1.0,0.9956981539726256,1.0,0.0,0.0,3.658833265304565,3.658857345581055,8.93261244527821e-07,4.265924453735352,4.265914440155029,9.78592834144365e-06,0.0,0.0,-0.0,7093.92626953125,0.0,1542.69384765625,1895.4371337890625,0.0,4263.61328125,0.907215178012848,1.0,0.0,3.0,1.0,0.0
12241860,297.0670166015625,297.1499938964844,293.1499938964844,0.0,-0.0,284.7746887207031,0.7951611280441284,0.4084793627262115,0.3726399540901184,297.0408630371094,297.1499938964844,293.1499938964844,0.0,-0.0,284.7744445800781,0.8854318857192993,0.571718156337738,0.5455938577651978,297.4412536621094,297.1499938964844,293.1499938964844,0.0,-0.0,284.7742919921875,0.981246292591095,0.7679772973060608,0.5376253724098206,297.14013671875,297.1499938964844,293.1499938964844,0.0,-0.0,284.7747497558594,0.7722805142402649,0.3745627403259277,0.3602423369884491,297.1480712890625,297.1499938964844,293.1499938964844,0.0,-0.0,284.7753295898437,0.6621419787406921,0.2335415631532669,1.0785998106002808,284.7745056152344,284.95001220703125,299.5742492675781,289.07879638671875,297.88507080078125,297.2527770996094,284.7731018066406,1.0,0.6790050864219666,0.3658012449741363,0.3658012449741363,1.0,1.0,-3.476353645324707,0.9475311636924744,2.528822422027588,0.160765141248703,0.8982414603233337,0.8982414603233337,0.0,242.3316650390625,217.0,50153.4609375,0.0,3833.885498046875,1.0,279.7582092285156,283.042236328125,292.1478576660156,295.3718566894531,293.1499938964844,293.1499938964844,280.04998779296875,36157.5234375,36000.0,313.1499938964844,0.0,18000.0,1.0,0.0,0.0,0.0,1.0,1.0,1.0,0.0,0.0,3.6536028385162354,3.6536269187927246,8.907093160814838e-07,4.265924453735352,4.265914440155029,9.78592834144365e-06,0.0,0.0,-0.0,6434.56201171875,0.0,1538.3604736328125,1895.4371337890625,0.0,4300.0,0.906175434589386,1.0,0.0,3.0,1.0,0.0
12241920,297.0670166015625,297.1499938964844,293.1499938964844,0.0,-0.0,284.7746887207031,0.7951611280441284,0.4084793627262115,0.3726399540901184,297.0408630371094,297.1499938964844,293.1499938964844,0.0,-0.0,284.7744445800781,0.8854318857192993,0.571718156337738,0.5455938577651978,297.4412536621094,297.1499938964844,293.1499938964844,0.0,-0.0,284.7742919921875,0.981246292591095,0.7679772973060608,0.5376253724098206,297.14013671875,297.1499938964844,293.1499938964844,0.0,-0.0,284.7747497558594,0.7722805142402649,0.3745627403259277,0.3602423369884491,297.1480712890625,297.1499938964844,293.1499938964844,0.0,-0.0,284.7753295898437,0.6621419787406921,0.2335415631532669,1.0785998106002808,284.7745056152344,284.95001220703125,299.5742492675781,289.07879638671875,297.88507080078125,297.2527770996094,284.7731018066406,1.0,0.6790050864219666,0.3658012449741363,0.3658012449741363,1.0,1.0,-3.476353645324707,0.9475311636924744,2.528822422027588,0.160765141248703,0.8982414603233337,0.8982414603233337,0.0,242.3316650390625,217.0,50153.4609375,0.0,3833.885498046875,1.0,279.7582092285156,283.042236328125,292.1478576660156,295.3718566894531,293.1499938964844,293.1499938964844,280.04998779296875,36157.5234375,36000.0,313.1499938964844,0.0,18000.0,1.0,0.0,0.0,0.0,1.0,1.0,1.0,0.0,0.0,3.6536028385162354,3.6536269187927246,8.907093160814838e-07,4.265924453735352,4.265914440155029,9.78592834144365e-06,0.0,0.0,-0.0,6434.56201171875,0.0,1538.3604736328125,1895.4371337890625,0.0,4300.0,0.906175434589386,1.0,0.0,3.0,1.0,0.0
12241980,297.068359375,297.1499938964844,293.1499938964844,0.0,-0.0,284.9229736328125,0.8016831874847412,0.4077557027339935,0.3712310492992401,297.0406188964844,297.1499938964844,293.1499938964844,0.0,-0.0,284.92333984375,0.8928132057189941,0.5705739855766296,0.5437532663345337,297.4415283203125,297.1499938964844,293.1499938964844,0.0,-0.0,284.9235534667969,0.989574670791626,0.7709376811981201,0.5389620661735535,297.1392822265625,297.1499938964844,293.1499938964844,0.0,-0.0,284.9228515625,0.77894127368927,0.3743681013584137,0.3594259023666382,297.1473693847656,297.1499938964844,293.1499938964844,0.0,-0.0,284.9219665527344,0.6678767204284668,0.2334443628787994,1.075639247894287,284.9232177734375,284.95001220703125,299.5590515136719,289.0829772949219,297.87994384765625,297.2526550292969,284.9252319335937,1.0,0.673530101776123,0.3654289245605469,0.3654289245605469,1.0,1.0,-3.4694974422454834,0.9441958069801332,2.525301694869995,0.1587369441986084,0.8992374539375305,0.8992374539375305,0.0,233.215576171875,217.0,48972.25,0.0,3762.864013671875,1.0,280.0337829589844,283.2338256835937,292.06365966796875,295.1522521972656,293.1499938964844,293.1499938964844,280.04998779296875,36064.59375,36000.0,313.1499938964844,0.0,18000.0,1.0,0.0,0.0,0.0,1.0,0.9963421821594238,1.0,0.0,0.0,3.651176691055298,3.651200771331787,8.895267455955036e-07,4.265924453735352,4.265914440155029,9.78592834144365e-06,0.0,0.0,-0.0,6627.62646484375,0.0,1534.9615478515625,1895.4371337890625,0.0,4269.0771484375,0.9056020975112916,1.0,0.0,3.0,1.0,0.0
12242040,297.07000732421875,297.1499938964844,293.1499938964844,0.0,-0.0,284.9315185546875,0.8037838339805603,0.4077084064483642,0.3710687756538391,297.0419921875,297.1499938964844,293.1499938964844,0.0,-0.0,284.93170166015625,0.8951413631439209,0.5704270601272583,0.5434830188751221,297.4431457519531,297.1499938964844,293.1499938964844,0.0,-0.0,284.93182373046875,0.9919443726539612,0.7718328237533569,0.5394884347915649,297.1401672363281,297.1499938964844,293.1499938964844,0.0,-0.0,284.9314880371094,0.781034529209137,0.3744263350963592,0.3593519628047943,297.14801025390625,297.1499938964844,293.1499938964844,0.0,-0.0,284.9310302734375,0.669694185256958,0.2335017174482345,1.0753037929534912,284.9316711425781,284.95001220703125,299.5552062988281,289.083984375,297.8798522949219,297.2542419433594,284.9326477050781,1.0,0.6722120046615601,0.3653358221054077,0.3653358221054077,1.0,1.0,-3.469115972518921,0.9437899589538574,2.5253260135650635,0.1583764553070068,0.8992910385131836,0.8992910385131836,0.0,230.71304321289065,205.0,48940.39453125,0.0,3747.1044921875,1.0,280.0422058105469,283.2431945800781,292.0643005371094,295.1591491699219,293.1499938964844,293.1499938964844,280.3500061035156,36051.45703125,36000.0,313.1499938964844,0.0,18000.0,1.0,0.0,0.0,0.0,1.0,0.9955172538757324,1.0,0.0,0.0,3.6509838104248047,3.651007890701294,8.89432669737289e-07,4.265924453735352,4.265914440155029,9.78592834144365e-06,0.0,0.0,-0.0,6261.318359375,0.0,1534.6484375,1895.4371337890625,0.0,4262.07763671875,0.9055428504943848,1.0,0.0,3.0,1.0,0.0
12242100,297.0766906738281,297.1499938964844,293.1499938964844,0.0,-0.0,285.0657958984375,0.8094000816345215,0.4078549444675445,0.3707870244979858,297.0480651855469,297.1499938964844,293.1499938964844,0.0,-0.0,285.06695556640625,0.9014386534690856,0.5703354477882385,0.5429555773735046,297.4505615234375,297.1499938964844,293.1499938964844,0.0,-0.0,285.0677185058594,0.9979152083396912,0.774412214756012,0.5409078598022461,297.1444396972656,297.1499938964844,293.1499938964844,0.0,-0.0,285.0654296875,0.7867156863212585,0.374780923128128,0.359288215637207,297.1512451171875,297.1499938964844,293.1499938964844,0.0,-0.0,285.0625915527344,0.6746675372123718,0.2338037639856338,1.0749329328536987,285.066650390625,284.95001220703125,299.5455322265625,289.0864562988281,297.8817138671875,297.2609558105469,285.0732421875,1.0,0.668998122215271,0.3651031255722046,0.3651031255722046,1.0,1.0,-3.469321012496948,0.943148136138916,2.526172876358032,0.1575829833745956,0.9013844728469848,0.9013844728469848,0.0,224.3394470214844,205.0,47921.33984375,0.0,3709.86572265625,1.0,280.298828125,283.4168395996094,292.0263061523437,294.9960632324219,293.1499938964844,293.1499938964844,280.3500061035156,35945.15625,36000.0,313.1499938964844,0.0,18000.0,1.0,0.0,0.0,0.0,1.0,0.9873656630516052,1.0,0.0,0.0,3.6522271633148193,3.6522512435913086,8.900386205823452e-07,4.265924453735352,4.265914440155029,9.78592834144365e-06,0.0,0.0,-0.0,6442.28955078125,0.0,1535.237060546875,1895.4371337890625,0.0,4192.4130859375,0.9057843685150146,1.0,0.0,3.0,1.0,0.0
12242160,297.0848693847656,297.1499938964844,293.1499938964844,0.0,-0.0,285.1090393066406,0.8141975998878479,0.4081940650939941,0.3708681762218475,297.0559997558594,297.1499938964844,293.1499938964844,0.0,-0.0,285.10919189453125,0.9070513248443604,0.5704710483551025,0.5428290963172913,297.4638977050781,297.1499938964844,293.1499938964844,0.0,-0.0,285.1092529296875,0.9990000128746032,0.7776215672492981,0.5359987616539001,297.1503601074219,297.1499938964844,293.1499938964844,0.0,-0.0,285.1090087890625,0.7917685508728027,0.3753257393836975,0.3595463335514068,297.1558837890625,297.1499938964844,293.1499938964844,0.0,-0.0,285.1086730957031,0.679163932800293,0.2342672497034073,1.0758014917373655,285.1091613769531,284.95001220703125,299.53570556640625,289.0888061523437,297.8861694335937,297.2713317871094,285.1097412109375,1.0,0.665549099445343,0.3649609982967376,0.3649609982967376,1.0,1.0,-3.464364767074585,0.9410853385925292,2.523279428482056,0.1569830924272537,0.9029168486595154,0.9029168486595154,0.0,218.9862670898437,193.0,47764.06640625,0.0,3666.44921875,1.0,280.341796875,283.4624328613281,292.04376220703125,295.04791259765625,293.1499938964844,293.1499938964844,280.04998779296875,35859.81640625,36000.0,313.1499938964844,0.0,18000.0,1.0,0.0,0.0,0.0,1.0,0.9833204746246338,1.0,0.0,0.0,3.655651569366455,3.655675649642944,8.917085096982191e-07,4.265924453735352,4.265914440155029,9.78592834144365e-06,0.0,0.0,-0.0,6894.3173828125,0.0,1538.4149169921875,1895.4371337890625,0.0,4157.51904296875,0.90646094083786,1.0,0.0,3.0,1.0,0.0
12242220,297.08331298828125,297.1499938964844,293.1499938964844,0.0,-0.0,284.93341064453125,0.8220670223236084,0.4072348475456238,0.3701498806476593,297.05517578125,297.1499938964844,293.1499938964844,0.0,-0.0,284.9331359863281,0.9174525141716005,0.5692194104194641,0.5417832136154175,297.4975280761719,297.1499938964844,293.1499938964844,0.0,-0.0,284.9329833984375,0.9990000128746032,0.7850048542022705,0.5189041495323181,297.1508178710937,297.1499938964844,293.1499938964844,0.0,-0.0,284.9335021972656,0.8006589412689209,0.3753933310508728,0.3595919907093048,297.1582336425781,297.1499938964844,293.1499938964844,0.0,-0.0,284.93414306640625,0.6872143745422363,0.2345896363258361,1.0765570402145386,284.9332275390625,284.95001220703125,299.5157165527344,289.0932312011719,297.89068603515625,297.2867431640625,284.9315185546875,1.0,0.6576892733573914,0.3646767437458038,0.3646767437458038,1.0,1.0,-3.443034648895264,0.933364987373352,2.509669542312622,0.1539649367332458,0.90127032995224,0.90127032995224,0.0,209.1750030517578,181.0,48725.2421875,0.0,3556.705810546875,1.0,280.0577697753906,283.24591064453125,292.12432861328125,295.2536926269531,293.1499938964844,293.1499938964844,279.75,35986.078125,36000.0,313.1499938964844,0.0,18000.0,1.0,0.0,0.0,0.0,1.0,0.9934744238853456,1.0,0.0,0.0,3.656944990158081,3.6569690704345694,8.92339528490993e-07,4.265924453735352,4.265914440155029,9.78592834144365e-06,0.0,0.0,-0.0,7064.8515625,0.0,1540.8045654296875,1895.4371337890625,0.0,4244.703125,0.906810462474823,1.0,0.0,3.0,1.0,0.0
12242280,297.08331298828125,297.1499938964844,293.1499938964844,0.0,-0.0,284.93341064453125,0.8220670223236084,0.4072348475456238,0.3701498806476593,297.05517578125,297.1499938964844,293.1499938964844,0.0,-0.0,284.9331359863281,0.9174525141716005,0.5692194104194641,0.5417832136154175,297.4975280761719,297.1499938964844,293.1499938964844,0.0,-0.0,284.9329833984375,0.9990000128746032,0.7850048542022705,0.5189041495323181,297.1508178710937,297.1499938964844,293.1499938964844,0.0,-0.0,284.9335021972656,0.8006589412689209,0.3753933310508728,0.3595919907093048,297.1582336425781,297.1499938964844,293.1499938964844,0.0,-0.0,284.93414306640625,0.6872143745422363,0.2345896363258361,1.0765570402145386,284.9332275390625,284.95001220703125,299.5157165527344,289.0932312011719,297.89068603515625,297.2867431640625,284.9315185546875,1.0,0.6576892733573914,0.3646767437458038,0.3646767437458038,1.0,1.0,-3.443034648895264,0.933364987373352,2.509669542312622,0.1539649367332458,0.90127032995224,0.90127032995224,0.0,209.1750030517578,181.0,48725.2421875,0.0,3556.705810546875,1.0,280.0577697753906,283.24591064453125,292.12432861328125,295.2536926269531,293.1499938964844,293.1499938964844,279.75,35986.078125,36000.0,313.1499938964844,0.0,18000.0,1.0,0.0,0.0,0.0,1.0,0.9934744238853456,1.0,0.0,0.0,3.656944990158081,3.6569690704345694,8.92339528490993e-07,4.265924453735352,4.265914440155029,9.78592834144365e-06,0.0,0.0,-0.0,7064.8515625,0.0,1540.8045654296875,1895.4371337890625,0.0,4244.703125,0.906810462474823,1.0,0.0,3.0,1.0,0.0
12242340,297.07012939453125,297.1499938964844,293.1499938964844,0.0,-0.0,284.7354736328125,0.8290441632270813,0.4050602316856384,0.3681015372276306,297.0413818359375,297.1499938964844,293.1499938964844,0.0,-0.0,284.73516845703125,0.9275076389312744,0.566628098487854,0.5392834544181824,297.5294494628906,297.1499938964844,293.1499938964844,0.0,-0.0,284.7350158691406,0.9990000128746032,0.7926454544067383,0.5021970272064209,297.1408386230469,297.1499938964844,293.1499938964844,0.0,-0.0,284.7355651855469,0.8088178634643555,0.3744023144245147,0.3585460782051086,297.15301513671875,297.1499938964844,293.1499938964844,0.0,-0.0,284.7362976074219,0.6946559548377991,0.2341715693473816,1.0738768577575684,284.7352600097656,284.95001220703125,299.4951477050781,289.0971984863281,297.8892822265625,297.2945556640625,284.7333068847656,1.0,0.6486839652061462,0.3643924593925476,0.3643924593925476,1.0,1.0,-3.412997245788574,0.9228413701057434,2.490155935287476,0.1501545906066894,0.8967805504798889,0.8967805504798889,0.0,199.4615020751953,169.0,49591.84765625,0.0,3428.7763671875,1.0,279.7582092285156,283.0093688964844,292.1495056152344,295.3470458984375,293.1499938964844,293.1499938964844,280.04998779296875,36205.72265625,36000.0,313.1499938964844,0.0,18000.0,1.0,0.0,0.0,0.0,1.0,1.0,1.0,0.0,0.0,3.64998722076416,3.6500113010406494,8.889472269402177e-07,4.265924453735352,4.265914440155029,9.78592834144365e-06,0.0,0.0,-0.0,6389.916015625,0.0,1534.693603515625,1895.4371337890625,0.0,4300.0,0.905397653579712,1.0,0.0,3.0,1.0,0.0
12242400,297.07012939453125,297.1499938964844,293.1499938964844,0.0,-0.0,284.7354736328125,0.8290441632270813,0.4050602316856384,0.3681015372276306,297.0413818359375,297.1499938964844,293.1499938964844,0.0,-0.0,284.73516845703125,0.9275076389312744,0.566628098487854,0.5392834544181824,297.5294494628906,297.1499938964844,293.1499938964844,0.0,-0.0,284.7350158691406,0.9990000128746032,0.7926454544067383,0.5021970272064209,297.1408386230469,297.1499938964844,293.1499938964844,0.0,-0.0,284.7355651855469,0.8088178634643555,0.3744023144245147,0.3585460782051086,297.15301513671875,297.1499938964844,293.1499938964844,0.0,-0.0,284.7362976074219,0.6946559548377991,0.2341715693473816,1.0738768577575684,284.7352600097656,284.95001220703125,299.4951477050781,289.0971984863281,297.8892822265625,297.2945556640625,284.7333068847656,1.0,0.6486839652061462,0.3643924593925476,0.3643924593925476,1.0,1.0,-3.412997245788574,0.9228413701057434,2.490155935287476,0.1501545906066894,0.8967805504798889,0.8967805504798889,0.0,199.4615020751953,169.0,49591.84765625,0.0,3428.7763671875,1.0,279.7582092285156,283.0093688964844,292.1495056152344,295.3470458984375,293.1499938964844,293.1499938964844,280.04998779296875,36205.72265625,36000.0,313.1499938964844,0.0,18000.0,1.0,0.0,0.0,0.0,1.0,1.0,1.0,0.0,0.0,3.64998722076416,3.6500113010406494,8.889472269402177e-07,4.265924453735352,4.265914440155029,9.78592834144365e-06,0.0,0.0,-0.0,6389.916015625,0.0,1534.693603515625,1895.4371337890625,0.0,4300.0,0.905397653579712,1.0,0.0,3.0,1.0,0.0
12242460,297.0726013183594,297.1499938964844,293.1499938964844,0.0,-0.0,284.8804626464844,0.8380842804908752,0.4042766988277435,0.3666042685508728,297.04150390625,297.1499938964844,293.1499938964844,0.0,-0.0,284.88055419921875,0.9401385188102722,0.5652427077293396,0.5371758341789246,297.5867614746094,297.1499938964844,293.1499938964844,0.0,-0.0,284.880615234375,0.9990000128746032,0.8032230138778687,0.483061283826828,297.1396484375,297.1499938964844,293.1499938964844,0.0,-0.0,284.88043212890625,0.8183384537696838,0.374148815870285,0.3576367795467376,297.1532287597656,297.1499938964844,293.1499938964844,0.0,-0.0,284.8801574707031,0.703700065612793,0.2342215776443481,1.071341633796692,284.8805236816406,284.95001220703125,299.4739990234375,289.1006774902344,297.9040832519531,297.3238830566406,284.8809509277344,1.0,0.6389508247375488,0.364438533782959,0.364438533782959,1.0,1.0,-3.381499052047729,0.9128135442733764,2.4686853885650635,0.1470040380954742,0.8970719575881958,0.8970719575881958,0.0,188.806884765625,172.0,48197.453125,0.0,3294.1474609375,1.0,280.04205322265625,283.2003479003906,292.065673828125,295.11834716796875,293.1499938964844,293.1499938964844,280.3500061035156,36116.30859375,36000.0,313.1499938964844,0.0,18000.0,1.0,0.0,0.0,0.0,1.0,0.9914565086364746,1.0,0.0,0.0,3.645004987716675,3.645029067993164,8.865220593179401e-07,4.265924453735352,4.265914440155029,9.78592834144365e-06,0.0,0.0,-0.0,6204.0126953125,0.0,1528.4874267578125,1895.4371337890625,0.0,4227.48486328125,0.9042482376098632,1.0,0.0,3.0,1.0,0.0
12242520,297.0726013183594,297.1499938964844,293.1499938964844,0.0,-0.0,284.8804626464844,0.8380842804908752,0.4042766988277435,0.3666042685508728,297.04150390625,297.1499938964844,293.1499938964844,0.0,-0.0,284.88055419921875,0.9401385188102722,0.5652427077293396,0.5371758341789246,297.5867614746094,297.1499938964844,293.1499938964844,0.0,-0.0,284.880615234375,0.9990000128746032,0.8032230138778687,0.483061283826828,297.1396484375,297.1499938964844,293.1499938964844,0.0,-0.0,284.88043212890625,0.8183384537696838,0.374148815870285,0.3576367795467376,297.1532287597656,297.1499938964844,293.1499938964844,0.0,-0.0,284.8801574707031,0.703700065612793,0.2342215776443481,1.071341633796692,284.8805236816406,284.95001220703125,299.4739990234375,289.1006774902344,297.9040832519531,297.3238830566406,284.8809509277344,1.0,0.6389508247375488,0.364438533782959,0.364438533782959,1.0,1.0,-3.381499052047729,0.9128135442733764,2.4686853885650635,0.1470040380954742,0.8970719575881958,0.8970719575881958,0.0,188.806884765625,172.0,48197.453125,0.0,3294.1474609375,1.0,280.04205322265625,283.2003479003906,292.065673828125,295.11834716796875,293.1499938964844,293.1499938964844,280.3500061035156,36116.30859375,36000.0,313.1499938964844,0.0,18000.0,1.0,0.0,0.0,0.0,1.0,0.9914565086364746,1.0,0.0,0.0,3.645004987716675,3.645029067993164,8.865220593179401e-07,4.265924453735352,4.265914440155029,9.78592834144365e-06,0.0,0.0,-0.0,6204.0126953125,0.0,1528.4874267578125,1895.4371337890625,0.0,4227.48486328125,0.9042482376098632,1.0,0.0,3.0,1.0,0.0
12242580,297.0854187011719,297.1499938964844,293.1499938964844,0.0,-0.0,285.05108642578125,0.8444935083389282,0.4046969711780548,0.3665445744991302,297.0532531738281,297.1499938964844,293.1499938964844,0.0,-0.0,285.0514221191406,0.9484427571296692,0.5652074813842773,0.5366595387458801,297.6499938964844,297.1499938964844,293.1499938964844,0.0,-0.0,285.0515441894531,0.9990000128746032,0.8144434094429016,0.4714733064174652,297.14776611328125,297.1499938964844,293.1499938964844,0.0,-0.0,285.051025390625,0.8247331380844116,0.3748439252376556,0.357857882976532,297.1609191894531,297.1499938964844,293.1499938964844,0.0,-0.0,285.0502624511719,0.7101016640663147,0.2350239902734756,1.073022484779358,285.0513000488281,284.95001220703125,299.45489501953125,289.10333251953125,297.9292297363281,297.36578369140625,285.0530700683594,1.0,0.6345378160476685,0.3644790053367615,0.3644790053367615,1.0,1.0,-3.3691301345825195,0.908965826034546,2.4601643085479736,0.1455491632223129,0.8997160792350769,0.8997160792350769,0.0,182.81588745117188,172.0,47006.4765625,0.0,3231.543212890625,1.0,280.33709716796875,283.41363525390625,292.0407409667969,294.98974609375,293.1499938964844,293.1499938964844,280.3500061035156,35946.01953125,36000.0,313.1499938964844,0.0,18000.0,1.0,0.0,0.0,0.0,1.0,0.9778544902801514,1.0,0.0,0.0,3.6463894844055176,3.646413564682007,8.871956538314407e-07,4.265924453735352,4.265914440155029,9.78592834144365e-06,0.0,0.0,-0.0,6432.28955078125,0.0,1528.751953125,1895.4371337890625,0.0,4110.04541015625,0.9044535160064696,1.0,0.0,3.0,1.0,0.0
12242640,297.0871887207031,297.1499938964844,293.1499938964844,0.0,-0.0,285.05615234375,0.8452427983283997,0.4047664999961853,0.3665983080863952,297.05499267578125,297.1499938964844,293.1499938964844,0.0,-0.0,285.0563659667969,0.949371874332428,0.5652266144752502,0.5366617441177368,297.6578369140625,297.1499938964844,293.1499938964844,0.0,-0.0,285.05645751953125,0.9990000128746032,0.8159635663032532,0.4702304899692535,297.14910888671875,297.1499938964844,293.1499938964844,0.0,-0.0,285.0560913085937,0.8254768252372742,0.3749669790267944,0.3579507768154144,297.1622314453125,297.1499938964844,293.1499938964844,0.0,-0.0,285.0556030273437,0.7108542919158936,0.235164999961853,1.0735186338424685,285.0563049316406,284.95001220703125,299.45220947265625,289.1036682128906,297.9325256347656,297.37127685546875,285.0574951171875,1.0,0.6341427564620972,0.3644846081733703,0.3644846081733703,1.0,1.0,-3.3684096336364746,0.908751368522644,2.45965838432312,0.1454727500677108,0.8999512791633606,0.8999512791633606,0.0,182.208984375,175.0,46996.6796875,0.0,3226.4267578125,1.0,280.3416748046875,283.41876220703125,292.048095703125,295.0034484863281,293.1499938964844,293.1499938964844,280.6499938964844,35933.04296875,36000.0,313.1499938964844,0.0,18000.0,1.0,0.0,0.0,0.0,1.0,0.9771246314048768,1.0,0.0,0.0,3.646887063980103,3.6469109058380127,8.874377499523689e-07,4.265924453735352,4.265914440155029,9.78592834144365e-06,0.0,0.0,-0.0,6077.80322265625,0.0,1529.2073974609375,1895.4371337890625,0.0,4103.67919921875,0.9045513868331908,1.0,0.0,3.0,1.0,0.0
12242700,297.095947265625,297.1499938964844,293.1499938964844,0.0,-0.0,285.1927795410156,0.8478888273239136,0.4052265584468841,0.3668386340141296,297.0638122558594,297.1499938964844,293.1499938964844,0.0,-0.0,285.1940002441406,0.952591359615326,0.5654883980751038,0.5367163419723511,297.689697265625,297.1499938964844,293.1499938964844,0.0,-0.0,285.1944580078125,0.9990000128746032,0.8223063945770264,0.4659586548805237,297.15576171875,297.1499938964844,293.1499938964844,0.0,-0.0,285.19244384765625,0.8281352519989014,0.3756140470504761,0.3583895266056061,297.16845703125,297.1499938964844,293.1499938964844,0.0,-0.0,285.1895446777344,0.7135560512542725,0.2358547747135162,1.0758731365203855,285.193603515625,284.95001220703125,299.4410705566406,289.10498046875,297.9466857910156,297.3947448730469,285.2006225585937,1.0,0.6329570412635803,0.3645076155662536,0.3645076155662536,1.0,1.0,-3.3669795989990234,0.9083636999130248,2.458615779876709,0.1453116238117218,0.9029121994972228,0.9029121994972228,0.0,180.17984008789065,175.0,46021.58203125,0.0,3211.540771484375,1.0,280.5986633300781,283.5933837890625,292.0276794433594,294.869384765625,293.1499938964844,293.1499938964844,280.6499938964844,35807.57421875,36000.0,313.1499938964844,0.0,18000.0,1.0,0.0,0.0,0.0,1.0,0.9682878851890564,1.0,0.0,0.0,3.65083122253418,3.650855302810669,8.893584322322567e-07,4.265924453735352,4.265914440155029,9.78592834144365e-06,0.0,0.0,-0.0,6260.4658203125,0.0,1532.6534423828125,1895.4371337890625,0.0,4026.11083984375,0.9053815603256226,1.0,0.0,3.0,1.0,0.0
12242760,297.10528564453125,297.1499938964844,293.1499938964844,0.0,-0.0,285.2413330078125,0.8502079844474792,0.4058021903038025,0.3672928214073181,297.07354736328125,297.1499938964844,293.1499938964844,0.0,-0.0,285.2415466308594,0.9552896022796632,0.5658990740776062,0.5370188355445862,297.7189025878906,297.1499938964844,293.1499938964844,0.0,-0.0,285.2416381835937,0.9990000128746032,0.8285955190658569,0.4625873863697052,297.16339111328125,297.1499938964844,293.1499938964844,0.0,-0.0,285.24127197265625,0.83046954870224,0.3763998448848724,0.3590349555015564,297.1755676269531,297.1499938964844,293.1499938964844,0.0,-0.0,285.2406921386719,0.7159436345100403,0.2366688847541809,1.0790483951568604,285.2414855957031,284.95001220703125,299.42974853515625,289.10614013671875,297.96051025390625,297.4178161621094,285.24285888671875,1.0,0.6324295997619629,0.3645327985286712,0.3645327985286712,1.0,1.0,-3.368424415588379,0.908908486366272,2.4595160484313965,0.1454591155052185,0.9053760766983032,0.9053760766983032,0.0,178.70449829101562,193.0,45961.34765625,0.0,3206.319091796875,1.0,280.6418151855469,283.6424255371094,292.055419921875,294.9392395019531,293.1499938964844,293.1499938964844,280.3500061035156,35706.08203125,36000.0,313.1499938964844,0.0,18000.0,1.0,0.0,0.0,0.0,1.0,0.9643040895462036,1.0,0.0,0.0,3.657217264175415,3.657241106033325,8.924724284042895e-07,4.265924453735352,4.265914440155029,9.78592834144365e-06,0.0,0.0,-0.0,6706.7060546875,0.0,1539.0093994140625,1895.4371337890625,0.0,3990.85888671875,0.906709849834442,1.0,0.0,3.0,1.0,0.0
12242820,297.1059875488281,297.1499938964844,293.1499938964844,0.0,-0.0,285.0906677246094,0.8457636833190918,0.4053304493427276,0.3674680590629577,297.0759582519531,297.1499938964844,293.1499938964844,0.0,-0.0,285.090576171875,0.9494202733039856,0.5651962757110596,0.536970317363739,297.7332763671875,297.1499938964844,293.1499938964844,0.0,-0.0,285.09051513671875,0.9990000128746032,0.8373300433158875,0.4704359769821167,297.166748046875,297.1499938964844,293.1499938964844,0.0,-0.0,285.0906982421875,0.8268358111381531,0.376926839351654,0.3600082993507385,297.181396484375,297.1499938964844,293.1499938964844,0.0,-0.0,285.0909729003906,0.7132959961891174,0.2375959604978561,1.0850162506103516,285.0906066894531,284.95001220703125,299.4065856933594,289.1080322265625,297.9615173339844,297.4270935058594,285.0901184082031,1.0,0.6376082897186279,0.3645831644535064,0.3645831644535064,1.0,1.0,-3.386343002319336,0.9148477911949158,2.4714951515197754,0.1471687257289886,0.9059841632843018,0.9059841632843018,0.0,183.0740966796875,211.0,47311.98046875,0.0,3272.14208984375,1.0,280.35772705078125,283.4446105957031,292.1493835449219,295.1806945800781,293.1499938964844,293.1499938964844,280.04998779296875,35788.8359375,36000.0,313.1499938964844,0.0,18000.0,1.0,0.0,0.0,0.0,1.0,0.9767245650291444,1.0,0.0,0.0,3.665683507919312,3.66570782661438,8.966093218987226e-07,4.265924453735352,4.265914440155029,9.78592834144365e-06,0.0,0.0,-0.0,6907.83447265625,0.0,1549.1007080078125,1895.4371337890625,0.0,4100.18701171875,0.9086368083953856,1.0,0.0,3.0,1.0,0.0
12242880,297.1059875488281,297.1499938964844,293.1499938964844,0.0,-0.0,285.0906677246094,0.8457636833190918,0.4053304493427276,0.3674680590629577,297.0759582519531,297.1499938964844,293.1499938964844,0.0,-0.0,285.090576171875,0.9494202733039856,0.5651962757110596,0.536970317363739,297.7332763671875,297.1499938964844,293.1499938964844,0.0,-0.0,285.09051513671875,0.9990000128746032,0.8373300433158875,0.4704359769821167,297.166748046875,297.1499938964844,293.1499938964844,0.0,-0.0,285.0906982421875,0.8268358111381531,0.376926839351654,0.3600082993507385,297.181396484375,297.1499938964844,293.1499938964844,0.0,-0.0,285.0909729003906,0.7132959961891174,0.2375959604978561,1.0850162506103516,285.0906066894531,284.95001220703125,299.4065856933594,289.1080322265625,297.9615173339844,297.4270935058594,285.0901184082031,1.0,0.6376082897186279,0.3645831644535064,0.3645831644535064,1.0,1.0,-3.386343002319336,0.9148477911949158,2.4714951515197754,0.1471687257289886,0.9059841632843018,0.9059841632843018,0.0,183.0740966796875,211.0,47311.98046875,0.0,3272.14208984375,1.0,280.35772705078125,283.4446105957031,292.1493835449219,295.1806945800781,293.1499938964844,293.1499938964844,280.04998779296875,35788.8359375,36000.0,313.1499938964844,0.0,18000.0,1.0,0.0,0.0,0.0,1.0,0.9767245650291444,1.0,0.0,0.0,3.665683507919312,3.66570782661438,8.966093218987226e-07,4.265924453735352,4.265914440155029,9.78592834144365e-06,0.0,0.0,-0.0,6907.83447265625,0.0,1549.1007080078125,1895.4371337890625,0.0,4100.18701171875,0.9086368083953856,1.0,0.0,3.0,1.0,0.0
12242940,297.09393310546875,297.1499938964844,293.1499938964844,0.0,-0.0,284.9239807128906,0.8341754674911499,0.4035608768463135,0.3664634525775909,297.0645751953125,297.1499938964844,293.1499938964844,0.0,-0.0,284.9238586425781,0.9338536262512208,0.5631162524223328,0.5356473326683044,297.6922302246094,297.1499938964844,293.1499938964844,0.0,-0.0,284.923828125,0.9990000128746032,0.8406058549880981,0.4901450276374817,297.1587219238281,297.1499938964844,293.1499938964844,0.0,-0.0,284.92401123046875,0.8163063526153564,0.3763339221477508,0.360039472579956,297.176513671875,297.1499938964844,293.1499938964844,0.0,-0.0,284.92431640625,0.7037872672080994,0.2375094145536422,1.0874342918395996,284.92388916015625,284.95001220703125,299.38262939453125,289.1093139648437,297.9336853027344,297.3968505859375,284.9233703613281,1.0,0.6463763117790222,0.3646335303783417,0.3646335303783417,1.0,1.0,-3.410188913345337,0.922680914402008,2.4875080585479736,0.1496697217226028,0.9042139053344728,0.9042139053344728,0.0,193.4171905517578,229.0,48677.0078125,0.0,3387.082275390625,1.0,280.05810546875,283.2320861816406,292.16778564453125,295.30279541015625,293.1499938964844,293.1499938964844,279.75,35954.8359375,36000.0,313.1499938964844,0.0,18000.0,1.0,0.0,0.0,0.0,1.0,0.9915997982025146,1.0,0.0,0.0,3.667881965637207,3.667906045913696,8.976849699138256e-07,4.265924453735352,4.265914440155029,9.78592834144365e-06,0.0,0.0,-0.0,7070.93017578125,0.0,1552.8145751953125,1895.4371337890625,0.0,4228.70947265625,0.9092354774475098,1.0,0.0,3.0,1.0,0.0
12243000,297.09393310546875,297.1499938964844,293.1499938964844,0.0,-0.0,284.9239807128906,0.8341754674911499,0.4035608768463135,0.3664634525775909,297.0645751953125,297.1499938964844,293.1499938964844,0.0,-0.0,284.9238586425781,0.9338536262512208,0.5631162524223328,0.5356473326683044,297.6922302246094,297.1499938964844,293.1499938964844,0.0,-0.0,284.923828125,0.9990000128746032,0.8406058549880981,0.4901450276374817,297.1587219238281,297.1499938964844,293.1499938964844,0.0,-0.0,284.92401123046875,0.8163063526153564,0.3763339221477508,0.360039472579956,297.176513671875,297.1499938964844,293.1499938964844,0.0,-0.0,284.92431640625,0.7037872672080994,0.2375094145536422,1.0874342918395996,284.92388916015625,284.95001220703125,299.38262939453125,289.1093139648437,297.9336853027344,297.3968505859375,284.9233703613281,1.0,0.6463763117790222,0.3646335303783417,0.3646335303783417,1.0,1.0,-3.410188913345337,0.922680914402008,2.4875080585479736,0.1496697217226028,0.9042139053344728,0.9042139053344728,0.0,193.4171905517578,229.0,48677.0078125,0.0,3387.082275390625,1.0,280.05810546875,283.2320861816406,292.16778564453125,295.30279541015625,293.1499938964844,293.1499938964844,279.75,35954.8359375,36000.0,313.1499938964844,0.0,18000.0,1.0,0.0,0.0,0.0,1.0,0.9915997982025146,1.0,0.0,0.0,3.667881965637207,3.667906045913696,8.976849699138256e-07,4.265924453735352,4.265914440155029,9.78592834144365e-06,0.0,0.0,-0.0,7070.93017578125,0.0,1552.8145751953125,1895.4371337890625,0.0,4228.70947265625,0.9092354774475098,1.0,0.0,3.0,1.0,0.0
12243060,297.0767822265625,297.1499938964844,293.1499938964844,0.0,-0.0,284.7571716308594,0.8198100924491882,0.401117205619812,0.3648917376995086,297.0474853515625,297.1499938964844,293.1499938964844,0.0,-0.0,284.757080078125,0.9141051769256592,0.5603062510490417,0.5336632132530212,297.6156616210937,297.1499938964844,293.1499938964844,0.0,-0.0,284.75701904296875,0.9990000128746032,0.839747428894043,0.5160478353500366,297.1454467773437,297.1499938964844,293.1499938964844,0.0,-0.0,284.7572021484375,0.8021150231361389,0.3751057386398315,0.3595139980316162,297.16485595703125,297.1499938964844,293.1499938964844,0.0,-0.0,284.75750732421875,0.6909041404724121,0.2366708815097808,1.0868399143218994,284.7571105957031,284.95001220703125,299.3578796386719,289.1099853515625,297.8896789550781,297.3461608886719,284.7566223144531,1.0,0.6570603847503662,0.364011138677597,0.364011138677597,1.0,1.0,-3.435718297958374,0.9290634393692015,2.506654977798462,0.1504028141498565,0.9002148509025574,0.9002148509025574,0.0,207.3434600830078,247.0,49986.3359375,0.0,3528.568115234375,1.0,279.75811767578125,283.0220642089844,292.1736755371094,295.3895874023437,293.1499938964844,293.1499938964844,279.45001220703125,36161.86328125,36000.0,313.1499938964844,0.0,18000.0,1.0,0.0,0.0,0.0,1.0,1.0,1.0,0.0,0.0,3.662416219711304,3.662440538406372,8.950116807682207e-07,4.265924453735352,4.265914440155029,9.78592834144365e-06,0.0,0.0,-0.0,7230.25927734375,0.0,1548.241455078125,1895.4371337890625,0.0,4300.0,0.9081507325172424,1.0,0.0,3.0,1.0,0.0
12243120,297.0767822265625,297.1499938964844,293.1499938964844,0.0,-0.0,284.7571716308594,0.8198100924491882,0.401117205619812,0.3648917376995086,297.0474853515625,297.1499938964844,293.1499938964844,0.0,-0.0,284.757080078125,0.9141051769256592,0.5603062510490417,0.5336632132530212,297.6156616210937,297.1499938964844,293.1499938964844,0.0,-0.0,284.75701904296875,0.9990000128746032,0.839747428894043,0.5160478353500366,297.1454467773437,297.1499938964844,293.1499938964844,0.0,-0.0,284.7572021484375,0.8021150231361389,0.3751057386398315,0.3595139980316162,297.16485595703125,297.1499938964844,293.1499938964844,0.0,-0.0,284.75750732421875,0.6909041404724121,0.2366708815097808,1.0868399143218994,284.7571105957031,284.95001220703125,299.3578796386719,289.1099853515625,297.8896789550781,297.3461608886719,284.7566223144531,1.0,0.6570603847503662,0.364011138677597,0.364011138677597,1.0,1.0,-3.435718297958374,0.9290634393692015,2.506654977798462,0.1504028141498565,0.9002148509025574,0.9002148509025574,0.0,207.3434600830078,247.0,49986.3359375,0.0,3528.568115234375,1.0,279.75811767578125,283.0220642089844,292.1736755371094,295.3895874023437,293.1499938964844,293.1499938964844,279.45001220703125,36161.86328125,36000.0,313.1499938964844,0.0,18000.0,1.0,0.0,0.0,0.0,1.0,1.0,1.0,0.0,0.0,3.662416219711304,3.662440538406372,8.950116807682207e-07,4.265924453735352,4.265914440155029,9.78592834144365e-06,0.0,0.0,-0.0,7230.25927734375,0.0,1548.241455078125,1895.4371337890625,0.0,4300.0,0.9081507325172424,1.0,0.0,3.0,1.0,0.0
12243180,297.05938720703125,297.1499938964844,293.1499938964844,0.0,-0.0,284.5951843261719,0.8060088157653809,0.3985544443130493,0.363208532333374,297.030029296875,297.1499938964844,293.1499938964844,0.0,-0.0,284.594970703125,0.8974096179008484,0.5574137568473816,0.531586229801178,297.5297546386719,297.1499938964844,293.1499938964844,0.0,-0.0,284.5948181152344,0.9990000128746032,0.8363124132156372,0.5412890315055847,297.1318359375,297.1499938964844,293.1499938964844,0.0,-0.0,284.59521484375,0.7885321974754333,0.3736879825592041,0.3587860465049743,297.1513366699219,297.1499938964844,293.1499938964844,0.0,-0.0,284.5957336425781,0.6787384152412415,0.2354808896780014,1.084503173828125,284.5950012207031,284.95001220703125,299.3353881835937,289.1100158691406,297.8446044921875,297.2931823730469,284.5940246582031,1.0,0.6672134399414062,0.3634634017944336,0.3634634017944336,1.0,1.0,-3.4578702449798584,0.9344924092292786,2.5233778953552246,0.1509669125080108,0.8946363925933838,0.8946363925933838,0.0,221.43423461914065,247.0,51212.140625,0.0,3664.802001953125,1.0,279.46270751953125,282.81915283203125,292.2189025878906,295.5127258300781,293.1499938964844,293.1499938964844,279.45001220703125,36380.17578125,36000.0,313.1499938964844,0.0,18000.0,1.0,0.0,0.0,0.0,1.0,1.0,1.0,0.0,0.0,3.650250196456909,3.6502742767333984,8.890753520063299e-07,4.265924453735352,4.265914440155029,9.78592834144365e-06,0.0,0.0,-0.0,6978.84619140625,0.0,1536.291748046875,1895.4371337890625,0.0,4300.0,0.9055734872817992,1.0,0.0,3.0,1.0,0.0
12243240,297.0572509765625,297.1499938964844,293.1499938964844,0.0,-0.0,284.5923767089844,0.8040218949317932,0.398212730884552,0.3629539310932159,297.0278625488281,297.1499938964844,293.1499938964844,0.0,-0.0,284.5922546386719,0.8952217102050781,0.5570240616798401,0.5312765836715698,297.5175476074219,297.1499938964844,293.1499938964844,0.0,-0.0,284.5921936035156,0.9990000128746032,0.8357225060462952,0.5448306202888489,297.130126953125,297.1499938964844,293.1499938964844,0.0,-0.0,284.5924072265625,0.7866822481155396,0.3734956681728363,0.3586673438549042,297.14947509765625,297.1499938964844,293.1499938964844,0.0,-0.0,284.5926513671875,0.6770731806755066,0.2353048473596573,1.0840617418289185,284.59228515625,284.95001220703125,299.332275390625,289.1099853515625,297.8385009765625,297.2860412597656,284.5918884277344,1.0,0.6686223149299622,0.36338871717453,0.36338871717453,1.0,1.0,-3.460777521133423,0.9351945519447328,2.525583028793335,0.1510277837514877,0.8940296769142151,0.8940296769142151,0.0,223.45252990722656,250.0,51233.8828125,0.0,3683.803955078125,1.0,279.45819091796875,282.8163452148437,292.216796875,295.5040588378906,293.1499938964844,293.1499938964844,279.75,36396.97265625,36000.0,313.1499938964844,0.0,18000.0,1.0,0.0,0.0,0.0,1.0,1.0,1.0,0.0,0.0,3.648226737976074,3.648250818252564,8.88089914496959e-07,4.265924453735352,4.265914440155029,9.78592834144365e-06,0.0,0.0,-0.0,6570.91748046875,0.0,1534.1654052734375,1895.4371337890625,0.0,4300.0,0.9051379561424256,1.0,0.0,3.0,1.0,0.0
12243300,297.05352783203125,297.1499938964844,293.1499938964844,0.0,-0.0,284.7184753417969,0.7978337407112122,0.3972536027431488,0.3620239496231079,297.02374267578125,297.1499938964844,293.1499938964844,0.0,-0.0,284.7196655273437,0.8884325623512268,0.5558403134346008,0.5301072001457214,297.4754638671875,297.1499938964844,293.1499938964844,0.0,-0.0,284.72052001953125,0.9990000128746032,0.8339070081710815,0.55582594871521,297.1264343261719,297.1499938964844,293.1499938964844,0.0,-0.0,284.7182006835937,0.7810003757476807,0.3730033338069916,0.3582307994365692,297.1439208984375,297.1499938964844,293.1499938964844,0.0,-0.0,284.7154541015625,0.6718920469284058,0.2347530275583267,1.082137942314148,284.7193908691406,284.95001220703125,299.31915283203125,289.1097106933594,297.81793212890625,297.2630615234375,284.7259826660156,1.0,0.6725629568099976,0.3630775213241577,0.3630775213241577,1.0,1.0,-3.468650579452514,0.9367517232894896,2.531898736953736,0.1510078758001327,0.893718957901001,0.893718957901001,0.0,229.7545166015625,250.0,50256.44140625,0.0,3740.357421875,1.0,279.70123291015625,282.98193359375,292.1473999023437,295.2919311523437,293.1499938964844,293.1499938964844,279.75,36348.26953125,36000.0,313.1499938964844,0.0,18000.0,1.0,0.0,0.0,0.0,1.0,1.0,1.0,0.0,0.0,3.641445398330689,3.6414694786071777,8.847914614307228e-07,4.265924453735352,4.265914440155029,9.78592834144365e-06,0.0,0.0,-0.0,6736.30859375,0.0,1526.271728515625,1895.4371337890625,0.0,4300.0,0.90364271402359,1.0,0.0,3.0,1.0,0.0
12243360,297.05499267578125,297.1499938964844,293.1499938964844,0.0,-0.0,284.7659912109375,0.7935241460800171,0.3967863321304321,0.3616095781326294,297.02496337890625,297.1499938964844,293.1499938964844,0.0,-0.0,284.7662353515625,0.8836277723312378,0.5551607012748718,0.5294620990753174,297.4461669921875,297.1499938964844,293.1499938964844,0.0,-0.0,284.76641845703125,0.9990000128746032,0.8330886960029602,0.5640202760696411,297.126953125,297.1499938964844,293.1499938964844,0.0,-0.0,284.76593017578125,0.777069628238678,0.3729066848754883,0.3581644594669342,297.1415710449219,297.1499938964844,293.1499938964844,0.0,-0.0,284.765380859375,0.6682565212249756,0.2344824224710464,1.0812318325042725,284.7662048339844,284.95001220703125,299.3058166503906,289.1092834472656,297.8041076660156,297.2496032714844,284.7676086425781,1.0,0.6758902668952942,0.3627170026302337,0.3627170026302337,1.0,1.0,-3.476062774658203,0.938021719455719,2.538041114807129,0.1506634801626205,0.893000602722168,0.893000602722168,0.0,234.5935516357422,253.0,50135.61328125,0.0,3787.344482421875,1.0,279.7421569824219,283.0337219238281,292.1263732910156,295.2986755371094,293.1499938964844,293.1499938964844,280.04998779296875,36294.078125,36000.0,313.1499938964844,0.0,18000.0,1.0,0.0,0.0,0.0,1.0,1.0,1.0,0.0,0.0,3.63653564453125,3.6365597248077393,8.824071073831874e-07,4.265924453735352,4.265914440155029,9.78592834144365e-06,0.0,0.0,-0.0,6402.58056640625,0.0,1520.4326171875,1895.4371337890625,0.0,4300.0,0.9024821519851683,1.0,0.0,3.0,1.0,0.0
12243420,297.0655822753906,297.1499938964844,293.1499938964844,0.0,-0.0,284.9544982910156,0.7879319190979004,0.3966482281684875,0.3615013659000397,297.03594970703125,297.1499938964844,293.1499938964844,0.0,-0.0,284.9547424316406,0.8772781491279602,0.5546781420707703,0.5289996862411499,297.4154052734375,297.1499938964844,293.1499938964844,0.0,-0.0,284.9549560546875,0.9990000128746032,0.8336886167526245,0.5755943059921265,297.1353454589844,297.1499938964844,293.1499938964844,0.0,-0.0,284.9544372558594,0.7721415758132935,0.3734562993049621,0.3587093353271484,297.1435852050781,297.1499938964844,293.1499938964844,0.0,-0.0,284.9538269042969,0.6636930704116821,0.2345700562000274,1.0818899869918823,284.9547119140625,284.95001220703125,299.27838134765625,289.1078491210937,297.7888488769531,297.23992919921875,284.9561767578125,1.0,0.681263267993927,0.3619959354400635,0.3619959354400635,1.0,1.0,-3.4907443523406982,0.9404816031455994,2.550262689590454,0.1499295234680175,0.8946292400360107,0.8946292400360107,0.0,241.736083984375,256.0,49046.06640625,0.0,3866.416259765625,1.0,280.0416259765625,283.2652282714844,292.0821533203125,295.16900634765625,293.1499938964844,293.1499938964844,280.3500061035156,36095.14453125,36000.0,313.1499938964844,0.0,18000.0,1.0,0.0,0.0,0.0,1.0,0.9926177263259888,1.0,0.0,0.0,3.6323673725128174,3.632391214370728,8.80385357504565e-07,4.265924453735352,4.265914440155029,9.78592834144365e-06,0.0,0.0,-0.0,6274.29345703125,0.0,1514.3480224609375,1895.4371337890625,0.0,4237.39990234375,0.9014199376106262,1.0,0.0,3.0,1.0,0.0
12243480,297.0655822753906,297.1499938964844,293.1499938964844,0.0,-0.0,284.9544982910156,0.7879319190979004,0.3966482281684875,0.3615013659000397,297.03594970703125,297.1499938964844,293.1499938964844,0.0,-0.0,284.9547424316406,0.8772781491279602,0.5546781420707703,0.5289996862411499,297.4154052734375,297.1499938964844,293.1499938964844,0.0,-0.0,284.9549560546875,0.9990000128746032,0.8336886167526245,0.5755943059921265,297.1353454589844,297.1499938964844,293.1499938964844,0.0,-0.0,284.9544372558594,0.7721415758132935,0.3734562993049621,0.3587093353271484,297.1435852050781,297.1499938964844,293.1499938964844,0.0,-0.0,284.9538269042969,0.6636930704116821,0.2345700562000274,1.0818899869918823,284.9547119140625,284.95001220703125,299.27838134765625,289.1078491210937,297.7888488769531,297.23992919921875,284.9561767578125,1.0,0.681263267993927,0.3619959354400635,0.3619959354400635,1.0,1.0,-3.4907443523406982,0.9404816031455994,2.550262689590454,0.1499295234680175,0.8946292400360107,0.8946292400360107,0.0,241.736083984375,256.0,49046.06640625,0.0,3866.416259765625,1.0,280.0416259765625,283.2652282714844,292.0821533203125,295.16900634765625,293.1499938964844,293.1499938964844,280.3500061035156,36095.14453125,36000.0,313.1499938964844,0.0,18000.0,1.0,0.0,0.0,0.0,1.0,0.9926177263259888,1.0,0.0,0.0,3.6323673725128174,3.632391214370728,8.80385357504565e-07,4.265924453735352,4.265914440155029,9.78592834144365e-06,0.0,0.0,-0.0,6274.29345703125,0.0,1514.3480224609375,1895.4371337890625,0.0,4237.39990234375,0.9014199376106262,1.0,0.0,3.0,1.0,0.0
12243540,297.080810546875,297.1499938964844,293.1499938964844,0.0,-0.0,285.1416931152344,0.7846499085426331,0.3971166312694549,0.3619693219661712,297.05230712890625,297.1499938964844,293.1499938964844,0.0,-0.0,285.1419372558594,0.8734151124954224,0.5548878908157349,0.5292308330535889,297.4079284667969,297.1499938964844,293.1499938964844,0.0,-0.0,285.14215087890625,0.9990000128746032,0.8362730145454407,0.5828014016151428,297.14862060546875,297.1499938964844,293.1499938964844,0.0,-0.0,285.1416320800781,0.7694661021232605,0.3746106922626495,0.3598464727401733,297.1513061523437,297.1499938964844,293.1499938964844,0.0,-0.0,285.1410827636719,0.6613170504570007,0.2352683842182159,1.085228443145752,285.14190673828125,284.95001220703125,299.25,289.10565185546875,297.7833557128906,297.2439880371094,285.143310546875,1.0,0.6856604218482971,0.3612748682498932,0.3612748682498932,1.0,1.0,-3.505638599395752,0.942988097667694,2.562650442123413,0.1492267549037933,0.8987482190132141,0.8987482190132141,0.0,246.8649139404297,259.0,48011.46484375,0.0,3934.593505859375,1.0,280.34161376953125,283.4933166503906,292.06988525390625,295.0846252441406,293.1499938964844,293.1499938964844,280.6499938964844,35856.67578125,36000.0,313.1499938964844,0.0,18000.0,1.0,0.0,0.0,0.0,1.0,0.9827166199684144,1.0,0.0,0.0,3.6370904445648193,3.6371142864227295,8.82676374658331e-07,4.265924453735352,4.265914440155029,9.78592834144365e-06,0.0,0.0,-0.0,6161.927734375,0.0,1517.7847900390625,1895.4371337890625,0.0,4152.29248046875,0.9023125171661376,1.0,0.0,3.0,1.0,0.0
12243600,297.080810546875,297.1499938964844,293.1499938964844,0.0,-0.0,285.1416931152344,0.7846499085426331,0.3971166312694549,0.3619693219661712,297.05230712890625,297.1499938964844,293.1499938964844,0.0,-0.0,285.1419372558594,0.8734151124954224,0.5548878908157349,0.5292308330535889,297.4079284667969,297.1499938964844,293.1499938964844,0.0,-0.0,285.14215087890625,0.9990000128746032,0.8362730145454407,0.5828014016151428,297.14862060546875,297.1499938964844,293.1499938964844,0.0,-0.0,285.1416320800781,0.7694661021232605,0.3746106922626495,0.3598464727401733,297.1513061523437,297.1499938964844,293.1499938964844,0.0,-0.0,285.1410827636719,0.6613170504570007,0.2352683842182159,1.085228443145752,285.14190673828125,284.95001220703125,299.25,289.10565185546875,297.7833557128906,297.2439880371094,285.143310546875,1.0,0.6856604218482971,0.3612748682498932,0.3612748682498932,1.0,1.0,-3.505638599395752,0.942988097667694,2.562650442123413,0.1492267549037933,0.8987482190132141,0.8987482190132141,0.0,246.8649139404297,259.0,48011.46484375,0.0,3934.593505859375,1.0,280.34161376953125,283.4933166503906,292.06988525390625,295.0846252441406,293.1499938964844,293.1499938964844,280.6499938964844,35856.67578125,36000.0,313.1499938964844,0.0,18000.0,1.0,0.0,0.0,0.0,1.0,0.9827166199684144,1.0,0.0,0.0,3.6370904445648193,3.6371142864227295,8.82676374658331e-07,4.265924453735352,4.265914440155029,9.78592834144365e-06,0.0,0.0,-0.0,6161.927734375,0.0,1517.7847900390625,1895.4371337890625,0.0,4152.29248046875,0.9023125171661376,1.0,0.0,3.0,1.0,0.0
12243660,297.0959167480469,297.1499938964844,293.1499938964844,0.0,-0.0,285.32476806640625,0.7823004126548767,0.3977717161178589,0.3626748323440552,297.0688781738281,297.1499938964844,293.1499938964844,0.0,-0.0,285.3249816894531,0.870563268661499,0.5553309321403503,0.5297637581825256,297.4143981933594,297.1499938964844,293.1499938964844,0.0,-0.0,285.3251647949219,0.9988885521888732,0.8401844501495361,0.5869040489196777,297.1619873046875,297.1499938964844,293.1499938964844,0.0,-0.0,285.3247375488281,0.7676963806152344,0.3759481310844421,0.361234188079834,297.1601257324219,297.1499938964844,293.1499938964844,0.0,-0.0,285.3242492675781,0.6598607301712036,0.2361785173416137,1.0898983478546145,285.324951171875,284.95001220703125,299.2176818847656,289.1005554199219,297.7821044921875,297.2550048828125,285.326171875,1.0,0.6894710063934326,0.3606837093830108,0.3606837093830108,1.0,1.0,-3.519352436065674,0.945490837097168,2.573861598968506,0.1487975120544433,0.9052832126617432,0.9052832126617432,0.0,251.120361328125,262.0,47004.49609375,0.0,3995.028076171875,1.0,280.6416931152344,283.7157287597656,292.065673828125,295.016357421875,293.1499938964844,293.1499938964844,280.3500061035156,35606.82421875,36000.0,313.1499938964844,0.0,18000.0,1.0,0.0,0.0,0.0,1.0,0.9731703996658324,1.0,0.0,0.0,3.651156663894653,3.651180505752564,8.895169116840407e-07,4.265924453735352,4.265914440155029,9.78592834144365e-06,0.0,0.0,-0.0,6797.6533203125,0.0,1531.512939453125,1895.4371337890625,0.0,4069.0791015625,0.9052861332893372,1.0,0.0,3.0,1.0,0.0
12243720,297.0959167480469,297.1499938964844,293.1499938964844,0.0,-0.0,285.32476806640625,0.7823004126548767,0.3977717161178589,0.3626748323440552,297.0688781738281,297.1499938964844,293.1499938964844,0.0,-0.0,285.3249816894531,0.870563268661499,0.5553309321403503,0.5297637581825256,297.4143981933594,297.1499938964844,293.1499938964844,0.0,-0.0,285.3251647949219,0.9988885521888732,0.8401844501495361,0.5869040489196777,297.1619873046875,297.1499938964844,293.1499938964844,0.0,-0.0,285.3247375488281,0.7676963806152344,0.3759481310844421,0.361234188079834,297.1601257324219,297.1499938964844,293.1499938964844,0.0,-0.0,285.3242492675781,0.6598607301712036,0.2361785173416137,1.0898983478546145,285.324951171875,284.95001220703125,299.2176818847656,289.1005554199219,297.7821044921875,297.2550048828125,285.326171875,1.0,0.6894710063934326,0.3606837093830108,0.3606837093830108,1.0,1.0,-3.519352436065674,0.945490837097168,2.573861598968506,0.1487975120544433,0.9052832126617432,0.9052832126617432,0.0,251.120361328125,262.0,47004.49609375,0.0,3995.028076171875,1.0,280.6416931152344,283.7157287597656,292.065673828125,295.016357421875,293.1499938964844,293.1499938964844,280.3500061035156,35606.82421875,36000.0,313.1499938964844,0.0,18000.0,1.0,0.0,0.0,0.0,1.0,0.9731703996658324,1.0,0.0,0.0,3.651156663894653,3.651180505752564,8.895169116840407e-07,4.265924453735352,4.265914440155029,9.78592834144365e-06,0.0,0.0,-0.0,6797.6533203125,0.0,1531.512939453125,1895.4371337890625,0.0,4069.0791015625,0.9052861332893372,1.0,0.0,3.0,1.0,0.0
12243780,297.09063720703125,297.1499938964844,293.1499938964844,0.0,-0.0,285.1615600585937,0.7784494161605835,0.3965784311294555,0.3623249530792236,297.065673828125,297.1499938964844,293.1499938964844,0.0,-0.0,285.16131591796875,0.8663598895072937,0.5540035963058472,0.5292626023292542,297.3990173339844,297.1499938964844,293.1499938964844,0.0,-0.0,285.1611022949219,0.996505618095398,0.8420022130012512,0.5890124440193176,297.160400390625,297.1499938964844,293.1499938964844,0.0,-0.0,285.1615905761719,0.7646830081939697,0.3759588897228241,0.3618556559085846,297.15838623046875,297.1499938964844,293.1499938964844,0.0,-0.0,285.1621398925781,0.6572856307029724,0.2361472845077514,1.0921322107315063,285.1613464355469,284.95001220703125,299.1788024902344,289.0905456542969,297.76416015625,297.2460327148437,285.1600036621094,1.0,0.6924581527709961,0.3600925803184509,0.3600925803184509,1.0,1.0,-3.524319648742676,0.945210099220276,2.579109668731689,0.1477371007204055,0.9067720174789428,0.9067720174789428,0.0,256.0389404296875,265.0,48220.83203125,0.0,4037.338623046875,1.0,280.3577575683594,283.50701904296875,292.1391296386719,295.2352905273437,293.1499938964844,293.1499938964844,280.04998779296875,35687.9375,36000.0,313.1499938964844,0.0,18000.0,1.0,0.0,0.0,0.0,1.0,0.9870081543922424,1.0,0.0,0.0,3.663464546203613,3.663488626480103,8.955241241892509e-07,4.265924453735352,4.265914440155029,9.78592834144365e-06,0.0,0.0,-0.0,6986.828125,0.0,1545.856689453125,1895.4371337890625,0.0,4189.33740234375,0.9080685377120972,1.0,0.0,3.0,1.0,0.0
12243840,297.09063720703125,297.1499938964844,293.1499938964844,0.0,-0.0,285.1615600585937,0.7784494161605835,0.3965784311294555,0.3623249530792236,297.065673828125,297.1499938964844,293.1499938964844,0.0,-0.0,285.16131591796875,0.8663598895072937,0.5540035963058472,0.5292626023292542,297.3990173339844,297.1499938964844,293.1499938964844,0.0,-0.0,285.1611022949219,0.996505618095398,0.8420022130012512,0.5890124440193176,297.160400390625,297.1499938964844,293.1499938964844,0.0,-0.0,285.1615905761719,0.7646830081939697,0.3759588897228241,0.3618556559085846,297.15838623046875,297.1499938964844,293.1499938964844,0.0,-0.0,285.1621398925781,0.6572856307029724,0.2361472845077514,1.0921322107315063,285.1613464355469,284.95001220703125,299.1788024902344,289.0905456542969,297.76416015625,297.2460327148437,285.1600036621094,1.0,0.6924581527709961,0.3600925803184509,0.3600925803184509,1.0,1.0,-3.524319648742676,0.945210099220276,2.579109668731689,0.1477371007204055,0.9067720174789428,0.9067720174789428,0.0,256.0389404296875,265.0,48220.83203125,0.0,4037.338623046875,1.0,280.3577575683594,283.50701904296875,292.1391296386719,295.2352905273437,293.1499938964844,293.1499938964844,280.04998779296875,35687.9375,36000.0,313.1499938964844,0.0,18000.0,1.0,0.0,0.0,0.0,1.0,0.9870081543922424,1.0,0.0,0.0,3.663464546203613,3.663488626480103,8.955241241892509e-07,4.265924453735352,4.265914440155029,9.78592834144365e-06,0.0,0.0,-0.0,6986.828125,0.0,1545.856689453125,1895.4371337890625,0.0,4189.33740234375,0.9080685377120972,1.0,0.0,3.0,1.0,0.0
12243900,297.0819091796875,297.1499938964844,293.1499938964844,0.0,-0.0,285.02197265625,0.7757084369659424,0.3953493535518646,0.3615376651287079,297.0574645996094,297.1499938964844,293.1499938964844,0.0,-0.0,285.0207214355469,0.8635008335113525,0.5526677370071411,0.5283496379852295,297.38446044921875,297.1499938964844,293.1499938964844,0.0,-0.0,285.0196533203125,0.99464213848114,0.8421563506126404,0.5894026160240173,297.1541442871094,297.1499938964844,293.1499938964844,0.0,-0.0,285.022216796875,0.7624534964561462,0.3754153251647949,0.3616409599781036,297.15313720703125,297.1499938964844,293.1499938964844,0.0,-0.0,285.02508544921875,0.6552937030792236,0.2356861680746078,1.091313123703003,285.0209045410156,284.95001220703125,299.15704345703125,289.0837707519531,297.7497253417969,297.235107421875,285.0140075683594,1.0,0.693447470664978,0.3597970008850097,0.3597970008850097,1.0,1.0,-3.521507501602173,0.9433917999267578,2.578115701675415,0.1466703563928604,0.9058735966682434,0.9058735966682434,0.0,258.8160705566406,265.0,49229.3671875,0.0,4046.812744140625,1.0,280.1007995605469,283.3277893066406,292.1640930175781,295.3866882324219,293.1499938964844,293.1499938964844,280.04998779296875,35787.796875,36000.0,313.1499938964844,0.0,18000.0,1.0,0.0,0.0,0.0,1.0,0.99675053358078,1.0,0.0,0.0,3.667229890823364,3.6672539710998535,8.973659078037599e-07,4.265924453735352,4.265914440155029,9.78592834144365e-06,0.0,0.0,-0.0,6787.50439453125,0.0,1550.8270263671875,1895.4371337890625,0.0,4272.53857421875,0.9089432954788208,1.0,0.0,3.0,1.0,0.0
12243960,297.071044921875,297.1499938964844,293.1499938964844,0.0,-0.0,284.9690856933594,0.7725681662559509,0.393848568201065,0.3603890836238861,297.046630859375,297.1499938964844,293.1499938964844,0.0,-0.0,284.9687805175781,0.8602769374847412,0.5510179400444031,0.5270293951034546,297.36767578125,297.1499938964844,293.1499938964844,0.0,-0.0,284.9685363769531,0.9924238324165344,0.8419908285140991,0.5894318222999573,297.1455383300781,297.1499938964844,293.1499938964844,0.0,-0.0,284.9691467285156,0.759861171245575,0.3745958209037781,0.3610928952693939,297.1457214355469,297.1499938964844,293.1499938964844,0.0,-0.0,284.9698181152344,0.6529275178909302,0.2349771112203598,1.089192271232605,284.9688415527344,284.95001220703125,299.1337585449219,289.0758972167969,297.73309326171875,297.2216491699219,284.96710205078125,1.0,0.6940798163414001,0.359552264213562,0.359552264213562,1.0,1.0,-3.515368700027466,0.9406698942184448,2.5746989250183105,0.1454195380210876,0.9054387807846068,0.9054387807846068,0.0,261.7036437988281,268.0,49290.11328125,0.0,4048.376220703125,1.0,280.0579833984375,283.2727355957031,292.1357727050781,295.3193054199219,293.1499938964844,293.1499938964844,279.75,35873.546875,36000.0,313.1499938964844,0.0,18000.0,1.0,0.0,0.0,0.0,1.0,1.0,1.0,0.0,0.0,3.6688079833984375,3.668832302093506,8.981384098660783e-07,4.265924453735352,4.265914440155029,9.78592834144365e-06,0.0,0.0,-0.0,7120.75146484375,0.0,1553.2431640625,1895.4371337890625,0.0,4300.0,0.909382462501526,1.0,0.0,3.0,1.0,0.0
12244020,297.0467224121094,297.1499938964844,293.1499938964844,0.0,-0.0,284.7699890136719,0.7663019895553589,0.390389621257782,0.3576716780662536,297.0214233398437,297.1499938964844,293.1499938964844,0.0,-0.0,284.7696838378906,0.8538873791694641,0.5471571683883667,0.5238345265388489,297.33123779296875,297.1499938964844,293.1499938964844,0.0,-0.0,284.7693786621094,0.9878847002983092,0.8410617709159851,0.5891138315200806,297.1248474121094,297.1499938964844,293.1499938964844,0.0,-0.0,284.7700500488281,0.7546231150627136,0.3724465668201446,0.3594774305820465,297.1273498535156,297.1499938964844,293.1499938964844,0.0,-0.0,284.7707824707031,0.6479983925819397,0.2330678701400756,1.082546591758728,284.76971435546875,284.95001220703125,299.0829467773437,289.0569763183594,297.6966247558594,297.1921691894531,284.767822265625,1.0,0.6945292949676514,0.3590628504753113,0.3590628504753113,1.0,1.0,-3.497945785522461,0.933623731136322,2.564322233200073,0.1424004733562469,0.9013972282409668,0.9013972282409668,0.0,267.0634460449219,271.0,50209.1328125,0.0,4035.798828125,1.0,279.75811767578125,283.03594970703125,292.1513977050781,295.38824462890625,293.1499938964844,293.1499938964844,279.45001220703125,36114.25,36000.0,313.1499938964844,0.0,18000.0,1.0,0.0,0.0,0.0,1.0,1.0,1.0,0.0,0.0,3.66526460647583,3.6652886867523193,8.964043445303105e-07,4.265924453735352,4.265914440155029,9.78592834144365e-06,0.0,0.0,-0.0,7248.53759765625,0.0,1551.075927734375,1895.4371337890625,0.0,4300.0,0.9087489247322084,1.0,0.0,3.0,1.0,0.0
12244080,297.0467224121094,297.1499938964844,293.1499938964844,0.0,-0.0,284.7699890136719,0.7663019895553589,0.390389621257782,0.3576716780662536,297.0214233398437,297.1499938964844,293.1499938964844,0.0,-0.0,284.7696838378906,0.8538873791694641,0.5471571683883667,0.5238345265388489,297.33123779296875,297.1499938964844,293.1499938964844,0.0,-0.0,284.7693786621094,0.9878847002983092,0.8410617709159851,0.5891138315200806,297.1248474121094,297.1499938964844,293.1499938964844,0.0,-0.0,284.7700500488281,0.7546231150627136,0.3724465668201446,0.3594774305820465,297.1273498535156,297.1499938964844,293.1499938964844,0.0,-0.0,284.7707824707031,0.6479983925819397,0.2330678701400756,1.082546591758728,284.76971435546875,284.95001220703125,299.0829467773437,289.0569763183594,297.6966247558594,297.1921691894531,284.767822265625,1.0,0.6945292949676514,0.3590628504753113,0.3590628504753113,1.0,1.0,-3.497945785522461,0.933623731136322,2.564322233200073,0.1424004733562469,0.9013972282409668,0.9013972282409668,0.0,267.0634460449219,271.0,50209.1328125,0.0,4035.798828125,1.0,279.75811767578125,283.03594970703125,292.1513977050781,295.38824462890625,293.1499938964844,293.1499938964844,279.45001220703125,36114.25,36000.0,313.1499938964844,0.0,18000.0,1.0,0.0,0.0,0.0,1.0,1.0,1.0,0.0,0.0,3.66526460647583,3.6652886867523193,8.964043445303105e-07,4.265924453735352,4.265914440155029,9.78592834144365e-06,0.0,0.0,-0.0,7248.53759765625,0.0,1551.075927734375,1895.4371337890625,0.0,4300.0,0.9087489247322084,1.0,0.0,3.0,1.0,0.0
12244140,297.0213317871094,297.1499938964844,293.1499938964844,0.0,-0.0,284.5689697265625,0.7601705193519592,0.3865084052085876,0.3545153439044952,296.9941711425781,297.1499938964844,293.1499938964844,0.0,-0.0,284.5686340332031,0.8476870059967041,0.5427693724632263,0.5200715065002441,297.2933959960937,297.1499938964844,293.1499938964844,0.0,-0.0,284.5683288574219,0.983264684677124,0.8395229578018188,0.5883302092552185,297.10205078125,297.1499938964844,293.1499938964844,0.0,-0.0,284.5690002441406,0.7494564652442932,0.3698204457759857,0.3573432564735412,297.1066589355469,297.1499938964844,293.1499938964844,0.0,-0.0,284.5697631835937,0.642988383769989,0.230686068534851,1.0734736919403076,284.56866455078125,284.95001220703125,299.0267639160156,289.03399658203125,297.65753173828125,297.1612243652344,284.5667724609375,1.0,0.6940917372703552,0.3585734069347381,0.3585734069347381,1.0,1.0,-3.475205659866333,0.9249022006988524,2.5503034591674805,0.1388421952724456,0.8946573734283447,0.8946573734283447,0.0,271.8800354003906,259.0,51022.27734375,0.0,4006.523681640625,1.0,279.45819091796875,282.8016357421875,292.1724548339844,295.462158203125,293.1499938964844,293.1499938964844,279.75,36394.48828125,36000.0,313.1499938964844,0.0,18000.0,1.0,0.0,0.0,0.0,1.0,1.0,1.0,0.0,0.0,3.651346921920776,3.6513710021972656,8.896096801436215e-07,4.265924453735352,4.265914440155029,9.78592834144365e-06,0.0,0.0,-0.0,6545.04736328125,0.0,1537.620361328125,1895.4371337890625,0.0,4300.0,0.905825972557068,1.0,0.0,3.0,1.0,0.0
12244200,297.0213317871094,297.1499938964844,293.1499938964844,0.0,-0.0,284.5689697265625,0.7601705193519592,0.3865084052085876,0.3545153439044952,296.9941711425781,297.1499938964844,293.1499938964844,0.0,-0.0,284.5686340332031,0.8476870059967041,0.5427693724632263,0.5200715065002441,297.2933959960937,297.1499938964844,293.1499938964844,0.0,-0.0,284.5683288574219,0.983264684677124,0.8395229578018188,0.5883302092552185,297.10205078125,297.1499938964844,293.1499938964844,0.0,-0.0,284.5690002441406,0.7494564652442932,0.3698204457759857,0.3573432564735412,297.1066589355469,297.1499938964844,293.1499938964844,0.0,-0.0,284.5697631835937,0.642988383769989,0.230686068534851,1.0734736919403076,284.56866455078125,284.95001220703125,299.0267639160156,289.03399658203125,297.65753173828125,297.1612243652344,284.5667724609375,1.0,0.6940917372703552,0.3585734069347381,0.3585734069347381,1.0,1.0,-3.475205659866333,0.9249022006988524,2.5503034591674805,0.1388421952724456,0.8946573734283447,0.8946573734283447,0.0,271.8800354003906,259.0,51022.27734375,0.0,4006.523681640625,1.0,279.45819091796875,282.8016357421875,292.1724548339844,295.462158203125,293.1499938964844,293.1499938964844,279.75,36394.48828125,36000.0,313.1499938964844,0.0,18000.0,1.0,0.0,0.0,0.0,1.0,1.0,1.0,0.0,0.0,3.651346921920776,3.6513710021972656,8.896096801436215e-07,4.265924453735352,4.265914440155029,9.78592834144365e-06,0.0,0.0,-0.0,6545.04736328125,0.0,1537.620361328125,1895.4371337890625,0.0,4300.0,0.905825972557068,1.0,0.0,3.0,1.0,0.0
12244260,297.0150146484375,297.1499938964844,293.1499938964844,0.0,-0.0,284.7115783691406,0.7601423263549805,0.3842134773731231,0.3518714010715484,296.9848022460937,297.1499938964844,293.1499938964844,0.0,-0.0,284.711669921875,0.8479301333427429,0.5398234724998474,0.5167131423950195,297.283935546875,297.1499938964844,293.1499938964844,0.0,-0.0,284.7117614746094,0.98530513048172,0.8403486609458923,0.5882768034934998,297.0922546386719,297.1499938964844,293.1499938964844,0.0,-0.0,284.7115478515625,0.7498831152915955,0.3682010471820831,0.3553495407104492,297.0948791503906,297.1499938964844,293.1499938964844,0.0,-0.0,284.7113037109375,0.6426586508750916,0.2289280146360397,1.0638972520828247,284.711669921875,284.95001220703125,298.9656066894531,289.0072326660156,297.63299560546875,297.1506042480469,284.71209716796875,1.0,0.6893043518066406,0.3585790693759918,0.3585790693759918,1.0,1.0,-3.453993797302246,0.9181543588638306,2.535839557647705,0.1367045044898986,0.8926804661750793,0.8926804661750793,0.0,268.0795288085937,247.0,49534.76953125,0.0,3930.53564453125,1.0,279.7421264648437,282.9941101074219,292.0466003417969,295.1978454589844,293.1499938964844,293.1499938964844,280.04998779296875,36340.74609375,36000.0,313.1499938964844,0.0,18000.0,1.0,0.0,0.0,0.0,1.0,1.0,1.0,0.0,0.0,3.638033628463745,3.6380577087402335,8.831342483972549e-07,4.265924453735352,4.265914440155029,9.78592834144365e-06,0.0,0.0,-0.0,6336.22509765625,0.0,1522.437255859375,1895.4371337890625,0.0,4300.0,0.9028428792953492,1.0,0.0,3.0,1.0,0.0
12244320,297.0150146484375,297.1499938964844,293.1499938964844,0.0,-0.0,284.7115783691406,0.7601423263549805,0.3842134773731231,0.3518714010715484,296.9848022460937,297.1499938964844,293.1499938964844,0.0,-0.0,284.711669921875,0.8479301333427429,0.5398234724998474,0.5167131423950195,297.283935546875,297.1499938964844,293.1499938964844,0.0,-0.0,284.7117614746094,0.98530513048172,0.8403486609458923,0.5882768034934998,297.0922546386719,297.1499938964844,293.1499938964844,0.0,-0.0,284.7115478515625,0.7498831152915955,0.3682010471820831,0.3553495407104492,297.0948791503906,297.1499938964844,293.1499938964844,0.0,-0.0,284.7113037109375,0.6426586508750916,0.2289280146360397,1.0638972520828247,284.711669921875,284.95001220703125,298.9656066894531,289.0072326660156,297.63299560546875,297.1506042480469,284.71209716796875,1.0,0.6893043518066406,0.3585790693759918,0.3585790693759918,1.0,1.0,-3.453993797302246,0.9181543588638306,2.535839557647705,0.1367045044898986,0.8926804661750793,0.8926804661750793,0.0,268.0795288085937,247.0,49534.76953125,0.0,3930.53564453125,1.0,279.7421264648437,282.9941101074219,292.0466003417969,295.1978454589844,293.1499938964844,293.1499938964844,280.04998779296875,36340.74609375,36000.0,313.1499938964844,0.0,18000.0,1.0,0.0,0.0,0.0,1.0,1.0,1.0,0.0,0.0,3.638033628463745,3.6380577087402335,8.831342483972549e-07,4.265924453735352,4.265914440155029,9.78592834144365e-06,0.0,0.0,-0.0,6336.22509765625,0.0,1522.437255859375,1895.4371337890625,0.0,4300.0,0.9028428792953492,1.0,0.0,3.0,1.0,0.0
12244380,297.0225524902344,297.1499938964844,293.1499938964844,0.0,-0.0,284.8771057128906,0.7647199034690857,0.3833261132240295,0.3505345284938812,296.9903259277344,297.1499938964844,293.1499938964844,0.0,-0.0,284.8772888183594,0.8529061079025269,0.5383613705635071,0.5147503018379211,297.29248046875,297.1499938964844,293.1499938964844,0.0,-0.0,284.87744140625,0.9917562007904052,0.8428296446800232,0.5895203948020935,297.0948486328125,297.1499938964844,293.1499938964844,0.0,-0.0,284.8770751953125,0.7545400857925415,0.3677529692649841,0.3543764948844909,297.0936584472656,297.1499938964844,293.1499938964844,0.0,-0.0,284.87664794921875,0.6460617780685425,0.2281246781349182,1.057852864265442,284.87725830078125,284.95001220703125,298.902587890625,288.97833251953125,297.6201171875,297.1561279296875,284.8781433105469,1.0,0.6835660934448242,0.3585845232009887,0.3585845232009887,1.0,1.0,-3.443070650100708,0.9147114157676696,2.5283594131469727,0.1356013268232345,0.8931623697280884,0.8931623697280884,0.0,259.3997802734375,247.0,48172.109375,0.0,3852.2080078125,1.0,280.04034423828125,283.20819091796875,291.9568786621094,295.0041198730469,293.1499938964844,293.1499938964844,280.04998779296875,36184.14453125,36000.0,313.1499938964844,0.0,18000.0,1.0,0.0,0.0,0.0,1.0,0.9948027729988098,1.0,0.0,0.0,3.6309642791748047,3.630988121032715,8.797053396847332e-07,4.265924453735352,4.265914440155029,9.78592834144365e-06,0.0,0.0,-0.0,6545.52978515625,0.0,1513.4638671875,1895.4371337890625,0.0,4256.0068359375,0.9011649489402772,1.0,0.0,3.0,1.0,0.0
12244440,297.0228881835937,297.1499938964844,293.1499938964844,0.0,-0.0,284.87811279296875,0.7649717330932617,0.3832928240299225,0.3504940867424011,296.9906005859375,297.1499938964844,293.1499938964844,0.0,-0.0,284.8782653808594,0.8531776070594788,0.5383071303367615,0.5146864652633667,297.29278564453125,297.1499938964844,293.1499938964844,0.0,-0.0,284.8783874511719,0.992070496082306,0.8429312109947205,0.5895863771438599,297.09503173828125,297.1499938964844,293.1499938964844,0.0,-0.0,284.8780822753906,0.754793107509613,0.3677423596382141,0.354351133108139,297.0936889648437,297.1499938964844,293.1499938964844,0.0,-0.0,284.87774658203125,0.6462571620941162,0.2281004339456558,1.0576618909835815,284.87823486328125,284.95001220703125,298.89990234375,288.97705078125,297.6195678710937,297.1564025878906,284.87896728515625,1.0,0.6833173036575317,0.3585847318172455,0.3585847318172455,1.0,1.0,-3.4427645206451416,0.9146149158477784,2.528149604797364,0.1355737000703811,0.8931368589401245,0.8931368589401245,0.0,258.983642578125,235.0,48161.64453125,0.0,3849.00244140625,1.0,280.0416259765625,283.20947265625,291.95660400390625,295.0052490234375,293.1499938964844,293.1499938964844,280.3500061035156,36181.1796875,36000.0,313.1499938964844,0.0,18000.0,1.0,0.0,0.0,0.0,1.0,0.9947372078895568,1.0,0.0,0.0,3.630743741989136,3.630767583847046,8.795985309006937e-07,4.265924453735352,4.265914440155029,9.78592834144365e-06,0.0,0.0,-0.0,6175.884765625,0.0,1513.1988525390625,1895.4371337890625,0.0,4255.44970703125,0.9011123180389404,1.0,0.0,3.0,1.0,0.0
12244500,297.0287780761719,297.1499938964844,293.1499938964844,0.0,-0.0,285.007080078125,0.7683325409889221,0.3830645084381103,0.3499971926212311,296.9959411621094,297.1499938964844,293.1499938964844,0.0,-0.0,285.0082702636719,0.8568113446235657,0.5378177165985107,0.5139127969741821,297.29949951171875,297.1499938964844,293.1499938964844,0.0,-0.0,285.0093078613281,0.9960774183273317,0.8444886803627014,0.5904012322425842,297.0987548828125,297.1499938964844,293.1499938964844,0.0,-0.0,285.00689697265625,0.7581825852394104,0.3677555024623871,0.3540662825107574,297.09539794921875,297.1499938964844,293.1499938964844,0.0,-0.0,285.0041198730469,0.6489111185073853,0.2279091328382492,1.0554625988006592,285.0080871582031,284.95001220703125,298.8654479980469,288.96075439453125,297.6143493652344,297.16180419921875,285.01434326171875,1.0,0.6801571249961853,0.3585875630378723,0.3585875630378723,1.0,1.0,-3.439225435256958,0.9135019183158876,2.525723695755005,0.1352266669273376,0.8947886824607849,0.8947886824607849,0.0,253.60826110839844,235.0,47072.29296875,0.0,3808.679931640625,1.0,280.2981872558594,283.37994384765625,291.9056701660156,294.8314819335937,293.1499938964844,293.1499938964844,280.3500061035156,36064.96875,36000.0,313.1499938964844,0.0,18000.0,1.0,0.0,0.0,0.0,1.0,0.9874389171600342,1.0,0.0,0.0,3.629823684692383,3.629847526550293,8.791527648099873e-07,4.265924453735352,4.265914440155029,9.78592834144365e-06,0.0,0.0,-0.0,6344.0732421875,0.0,1511.3204345703125,1895.4371337890625,0.0,4193.04296875,0.900861382484436,1.0,0.0,3.0,1.0,0.0
12244560,297.0355224609375,297.1499938964844,293.1499938964844,0.0,-0.0,285.0478210449219,0.7721107006072998,0.3829579949378967,0.3496958017349243,297.0023193359375,297.1499938964844,293.1499938964844,0.0,-0.0,285.0479431152344,0.8608672618865967,0.5374699831008911,0.5133568048477173,297.3075256347656,297.1499938964844,293.1499938964844,0.0,-0.0,285.0480651855469,0.9990000128746032,0.8462252616882324,0.5900940895080566,297.1034851074219,297.1499938964844,293.1499938964844,0.0,-0.0,285.0477905273437,0.7619730234146118,0.3678986728191376,0.353961706161499,297.09820556640625,297.1499938964844,293.1499938964844,0.0,-0.0,285.0474548339844,0.6519457101821899,0.2278400808572769,1.0539790391921997,285.04791259765625,284.95001220703125,298.8300170898437,288.94366455078125,297.60992431640625,297.16876220703125,285.0484924316406,1.0,0.6769208908081055,0.3585622906684875,0.3585622906684875,1.0,1.0,-3.4359290599823,0.9123778343200684,2.5235512256622314,0.1349689215421676,0.8958814144134521,0.8958814144134521,0.0,248.0920867919922,223.0,46878.90625,0.0,3768.188232421875,1.0,280.3417053222656,283.4250793457031,291.9051208496094,294.8639831542969,293.1499938964844,293.1499938964844,280.6499938964844,35972.828125,36000.0,313.1499938964844,0.0,18000.0,1.0,0.0,0.0,0.0,1.0,0.9841379523277284,1.0,0.0,0.0,3.631195068359375,3.631218910217285,8.798172075330513e-07,4.265924453735352,4.265914440155029,9.78592834144365e-06,0.0,0.0,-0.0,6037.322265625,0.0,1512.1453857421875,1895.4371337890625,0.0,4164.5869140625,0.9010716080665588,1.0,0.0,3.0,1.0,0.0
12244620,297.048583984375,297.1499938964844,293.1499938964844,0.0,-0.0,285.2052001953125,0.7785916328430176,0.3828321099281311,0.3492268323898315,297.0151672363281,297.1499938964844,293.1499938964844,0.0,-0.0,285.2052307128906,0.8678233027458191,0.5369013547897339,0.5124382972717285,297.3462829589844,297.1499938964844,293.1499938964844,0.0,-0.0,285.2052917480469,0.9990000128746032,0.8521097898483276,0.5757960081100464,297.1134033203125,297.1499938964844,293.1499938964844,0.0,-0.0,285.2052001953125,0.7686002254486084,0.3683101534843445,0.3539628684520721,297.10479736328125,297.1499938964844,293.1499938964844,0.0,-0.0,285.20513916015625,0.6572979092597961,0.2278493046760559,1.0521440505981443,285.2052001953125,284.95001220703125,298.75634765625,288.90740966796875,297.6080017089844,297.1933898925781,285.2058410644531,1.0,0.6693221926689148,0.358511745929718,0.358511745929718,1.0,1.0,-3.414790391921997,0.9054828882217408,2.509307622909546,0.133412629365921,0.9006546139717102,0.9006546139717102,0.0,238.4985809326172,211.0,45518.6171875,0.0,3660.784912109375,1.0,280.6416320800781,283.6285705566406,291.86505126953125,294.73931884765625,293.1499938964844,293.1499938964844,280.3500061035156,35753.42578125,36000.0,313.1499938964844,0.0,18000.0,1.0,0.0,0.0,0.0,1.0,0.9731024503707886,1.0,0.0,0.0,3.6399099826812735,3.639933824539185,8.840454484015936e-07,4.265924453735352,4.265914440155029,9.78592834144365e-06,0.0,0.0,-0.0,6620.77294921875,0.0,1520.132080078125,1895.4371337890625,0.0,4068.483154296875,0.902866780757904,1.0,0.0,3.0,1.0,0.0
12244680,297.048583984375,297.1499938964844,293.1499938964844,0.0,-0.0,285.2052001953125,0.7785916328430176,0.3828321099281311,0.3492268323898315,297.0151672363281,297.1499938964844,293.1499938964844,0.0,-0.0,285.2052307128906,0.8678233027458191,0.5369013547897339,0.5124382972717285,297.3462829589844,297.1499938964844,293.1499938964844,0.0,-0.0,285.2052917480469,0.9990000128746032,0.8521097898483276,0.5757960081100464,297.1134033203125,297.1499938964844,293.1499938964844,0.0,-0.0,285.2052001953125,0.7686002254486084,0.3683101534843445,0.3539628684520721,297.10479736328125,297.1499938964844,293.1499938964844,0.0,-0.0,285.20513916015625,0.6572979092597961,0.2278493046760559,1.0521440505981443,285.2052001953125,284.95001220703125,298.75634765625,288.90740966796875,297.6080017089844,297.1933898925781,285.2058410644531,1.0,0.6693221926689148,0.358511745929718,0.358511745929718,1.0,1.0,-3.414790391921997,0.9054828882217408,2.509307622909546,0.133412629365921,0.9006546139717102,0.9006546139717102,0.0,238.4985809326172,211.0,45518.6171875,0.0,3660.784912109375,1.0,280.6416320800781,283.6285705566406,291.86505126953125,294.73931884765625,293.1499938964844,293.1499938964844,280.3500061035156,35753.42578125,36000.0,313.1499938964844,0.0,18000.0,1.0,0.0,0.0,0.0,1.0,0.9731024503707886,1.0,0.0,0.0,3.6399099826812735,3.639933824539185,8.840454484015936e-07,4.265924453735352,4.265914440155029,9.78592834144365e-06,0.0,0.0,-0.0,6620.77294921875,0.0,1520.132080078125,1895.4371337890625,0.0,4068.483154296875,0.902866780757904,1.0,0.0,3.0,1.0,0.0
12244740,297.04345703125,297.1499938964844,293.1499938964844,0.0,-0.0,285.0181884765625,0.7847821712493896,0.3810511231422424,0.3478142917156219,297.0105895996094,297.1499938964844,293.1499938964844,0.0,-0.0,285.017822265625,0.8747590780258179,0.5347505211830139,0.5106034874916077,297.3783569335937,297.1499938964844,293.1499938964844,0.0,-0.0,285.0175170898437,0.9990000128746032,0.8578697443008423,0.5603153109550476,297.1106262207031,297.1499938964844,293.1499938964844,0.0,-0.0,285.01824951171875,0.7752272486686707,0.3675844967365265,0.3533309996128082,297.10369873046875,297.1499938964844,293.1499938964844,0.0,-0.0,285.01910400390625,0.6627281308174133,0.2271783351898193,1.0487455129623413,285.01788330078125,284.95001220703125,298.6793518066406,288.8685607910156,297.5971069335937,297.2073669433594,285.015625,1.0,0.6607477068901062,0.3584611713886261,0.3584611713886261,1.0,1.0,-3.3875060081481934,0.8966745138168335,2.4908313751220703,0.1303415447473526,0.9000725150108337,0.9000725150108337,0.0,228.6378173828125,199.0,46373.0546875,0.0,3538.363525390625,1.0,280.3578796386719,283.4025573730469,291.9079895019531,294.9031066894531,293.1499938964844,293.1499938964844,280.04998779296875,35872.7421875,36000.0,313.1499938964844,0.0,18000.0,1.0,0.0,0.0,0.0,1.0,0.985081672668457,1.0,0.0,0.0,3.64546537399292,3.645489454269409,8.867460792316706e-07,4.265924453735352,4.265914440155029,9.78592834144365e-06,0.0,0.0,-0.0,6766.49169921875,0.0,1527.178466796875,1895.4371337890625,0.0,4172.736328125,0.9041631817817688,1.0,0.0,3.0,1.0,0.0
12244800,297.04345703125,297.1499938964844,293.1499938964844,0.0,-0.0,285.0181884765625,0.7847821712493896,0.3810511231422424,0.3478142917156219,297.0105895996094,297.1499938964844,293.1499938964844,0.0,-0.0,285.017822265625,0.8747590780258179,0.5347505211830139,0.5106034874916077,297.3783569335937,297.1499938964844,293.1499938964844,0.0,-0.0,285.0175170898437,0.9990000128746032,0.8578697443008423,0.5603153109550476,297.1106262207031,297.1499938964844,293.1499938964844,0.0,-0.0,285.01824951171875,0.7752272486686707,0.3675844967365265,0.3533309996128082,297.10369873046875,297.1499938964844,293.1499938964844,0.0,-0.0,285.01910400390625,0.6627281308174133,0.2271783351898193,1.0487455129623413,285.01788330078125,284.95001220703125,298.6793518066406,288.8685607910156,297.5971069335937,297.2073669433594,285.015625,1.0,0.6607477068901062,0.3584611713886261,0.3584611713886261,1.0,1.0,-3.3875060081481934,0.8966745138168335,2.4908313751220703,0.1303415447473526,0.9000725150108337,0.9000725150108337,0.0,228.6378173828125,199.0,46373.0546875,0.0,3538.363525390625,1.0,280.3578796386719,283.4025573730469,291.9079895019531,294.9031066894531,293.1499938964844,293.1499938964844,280.04998779296875,35872.7421875,36000.0,313.1499938964844,0.0,18000.0,1.0,0.0,0.0,0.0,1.0,0.985081672668457,1.0,0.0,0.0,3.64546537399292,3.645489454269409,8.867460792316706e-07,4.265924453735352,4.265914440155029,9.78592834144365e-06,0.0,0.0,-0.0,6766.49169921875,0.0,1527.178466796875,1895.4371337890625,0.0,4172.736328125,0.9041631817817688,1.0,0.0,3.0,1.0,0.0
12244860,297.0257568359375,297.1499938964844,293.1499938964844,0.0,-0.0,284.80517578125,0.7897776961326599,0.3779151439666748,0.3449521660804748,296.991943359375,297.1499938964844,293.1499938964844,0.0,-0.0,284.80474853515625,0.8807240128517151,0.5311073064804077,0.5071663856506348,297.3948059082031,297.1499938964844,293.1499938964844,0.0,-0.0,284.8044128417969,0.9990000128746032,0.8624423742294312,0.5455096364021301,297.0961303710937,297.1499938964844,293.1499938964844,0.0,-0.0,284.80523681640625,0.7808833122253418,0.3656269013881683,0.3514274358749389,297.09375,297.1499938964844,293.1499938964844,0.0,-0.0,284.80621337890625,0.6672156453132629,0.2255909293889999,1.0410867929458618,284.8048095703125,284.95001220703125,298.599365234375,288.8274230957031,297.57440185546875,297.2062072753906,284.8022155761719,1.0,0.6510017514228821,0.3585889637470245,0.3585889637470245,1.0,1.0,-3.3506336212158203,0.8853001594543457,2.4653334617614746,0.1272893995046615,0.8964149951934814,0.8964149951934814,0.0,218.98709106445312,187.0,47110.32421875,0.0,3396.909423828125,1.0,280.05828857421875,283.1540832519531,291.8763427734375,294.938232421875,293.1499938964844,293.1499938964844,280.3500061035156,36098.59765625,36000.0,313.1499938964844,0.0,18000.0,1.0,0.0,0.0,0.0,1.0,0.9980064034461976,1.0,0.0,0.0,3.6425588130950928,3.642582654953003,8.8533249709144e-07,4.265924453735352,4.265914440155029,9.78592834144365e-06,0.0,0.0,-0.0,6100.66259765625,0.0,1525.6417236328125,1895.4371337890625,0.0,4283.16943359375,0.9036600589752196,1.0,0.0,3.0,1.0,0.0
12244920,297.0257568359375,297.1499938964844,293.1499938964844,0.0,-0.0,284.80517578125,0.7897776961326599,0.3779151439666748,0.3449521660804748,296.991943359375,297.1499938964844,293.1499938964844,0.0,-0.0,284.80474853515625,0.8807240128517151,0.5311073064804077,0.5071663856506348,297.3948059082031,297.1499938964844,293.1499938964844,0.0,-0.0,284.8044128417969,0.9990000128746032,0.8624423742294312,0.5455096364021301,297.0961303710937,297.1499938964844,293.1499938964844,0.0,-0.0,284.80523681640625,0.7808833122253418,0.3656269013881683,0.3514274358749389,297.09375,297.1499938964844,293.1499938964844,0.0,-0.0,284.80621337890625,0.6672156453132629,0.2255909293889999,1.0410867929458618,284.8048095703125,284.95001220703125,298.599365234375,288.8274230957031,297.57440185546875,297.2062072753906,284.8022155761719,1.0,0.6510017514228821,0.3585889637470245,0.3585889637470245,1.0,1.0,-3.3506336212158203,0.8853001594543457,2.4653334617614746,0.1272893995046615,0.8964149951934814,0.8964149951934814,0.0,218.98709106445312,187.0,47110.32421875,0.0,3396.909423828125,1.0,280.05828857421875,283.1540832519531,291.8763427734375,294.938232421875,293.1499938964844,293.1499938964844,280.3500061035156,36098.59765625,36000.0,313.1499938964844,0.0,18000.0,1.0,0.0,0.0,0.0,1.0,0.9980064034461976,1.0,0.0,0.0,3.6425588130950928,3.642582654953003,8.8533249709144e-07,4.265924453735352,4.265914440155029,9.78592834144365e-06,0.0,0.0,-0.0,6100.66259765625,0.0,1525.6417236328125,1895.4371337890625,0.0,4283.16943359375,0.9036600589752196,1.0,0.0,3.0,1.0,0.0
12244980,297.0222473144531,297.1499938964844,293.1499938964844,0.0,-0.0,284.93426513671875,0.7962852120399475,0.3759647607803345,0.3424749970436096,296.9856872558594,297.1499938964844,293.1499938964844,0.0,-0.0,284.9342956542969,0.8881967067718506,0.5284510850906372,0.5039383769035339,297.4338073730469,297.1499938964844,293.1499938964844,0.0,-0.0,284.9342956542969,0.9990000128746032,0.8694593906402588,0.5287972688674927,297.08953857421875,297.1499938964844,293.1499938964844,0.0,-0.0,284.93426513671875,0.7877737879753113,0.3642602562904358,0.3495236337184906,297.08819580078125,297.1499938964844,293.1499938964844,0.0,-0.0,284.9342346191406,0.6726582050323486,0.2243050783872604,1.0328539609909058,284.9342956542969,284.95001220703125,298.5168151855469,288.78424072265625,297.5644836425781,297.22314453125,284.9340515136719,1.0,0.6404599547386169,0.3587167263031006,0.3587167263031006,1.0,1.0,-3.3114795684814453,0.8731958866119385,2.438283681869507,0.1238422393798828,0.8973152041435242,0.8973152041435242,0.0,208.4702911376953,190.0,45583.01953125,0.0,3248.26025390625,1.0,280.34210205078125,283.3330383300781,291.7443542480469,294.64764404296875,293.1499938964844,293.1499938964844,280.6499938964844,36023.453125,36000.0,313.1499938964844,0.0,18000.0,1.0,0.0,0.0,0.0,1.0,0.9860878586769104,1.0,0.0,0.0,3.6410956382751465,3.641119718551636,8.846214427649102e-07,4.265924453735352,4.265914440155029,9.78592834144365e-06,0.0,0.0,-0.0,5901.77685546875,0.0,1523.4595947265625,1895.4371337890625,0.0,4181.4130859375,0.9033064246177672,1.0,0.0,3.0,1.0,0.0
12245040,297.0222473144531,297.1499938964844,293.1499938964844,0.0,-0.0,284.93426513671875,0.7962852120399475,0.3759647607803345,0.3424749970436096,296.9856872558594,297.1499938964844,293.1499938964844,0.0,-0.0,284.9342956542969,0.8881967067718506,0.5284510850906372,0.5039383769035339,297.4338073730469,297.1499938964844,293.1499938964844,0.0,-0.0,284.9342956542969,0.9990000128746032,0.8694593906402588,0.5287972688674927,297.08953857421875,297.1499938964844,293.1499938964844,0.0,-0.0,284.93426513671875,0.7877737879753113,0.3642602562904358,0.3495236337184906,297.08819580078125,297.1499938964844,293.1499938964844,0.0,-0.0,284.9342346191406,0.6726582050323486,0.2243050783872604,1.0328539609909058,284.9342956542969,284.95001220703125,298.5168151855469,288.78424072265625,297.5644836425781,297.22314453125,284.9340515136719,1.0,0.6404599547386169,0.3587167263031006,0.3587167263031006,1.0,1.0,-3.3114795684814453,0.8731958866119385,2.438283681869507,0.1238422393798828,0.8973152041435242,0.8973152041435242,0.0,208.4702911376953,190.0,45583.01953125,0.0,3248.26025390625,1.0,280.34210205078125,283.3330383300781,291.7443542480469,294.64764404296875,293.1499938964844,293.1499938964844,280.6499938964844,36023.453125,36000.0,313.1499938964844,0.0,18000.0,1.0,0.0,0.0,0.0,1.0,0.9860878586769104,1.0,0.0,0.0,3.6410956382751465,3.641119718551636,8.846214427649102e-07,4.265924453735352,4.265914440155029,9.78592834144365e-06,0.0,0.0,-0.0,5901.77685546875,0.0,1523.4595947265625,1895.4371337890625,0.0,4181.4130859375,0.9033064246177672,1.0,0.0,3.0,1.0,0.0
12245100,297.0254211425781,297.1499938964844,293.1499938964844,0.0,-0.0,285.05596923828125,0.7988070249557495,0.3754653334617615,0.3417589068412781,296.98779296875,297.1499938964844,293.1499938964844,0.0,-0.0,285.0571594238281,0.8909939527511597,0.5276127457618713,0.5028627514839172,297.4606628417969,297.1499938964844,293.1499938964844,0.0,-0.0,285.0579833984375,0.9990000128746032,0.8738911151885986,0.5228511691093445,297.09033203125,297.1499938964844,293.1499938964844,0.0,-0.0,285.05584716796875,0.7904148697853088,0.3639534711837768,0.3489825129508972,297.0885925292969,297.1499938964844,293.1499938964844,0.0,-0.0,285.0530090332031,0.674734890460968,0.2239492088556289,1.0302040576934814,285.0569152832031,284.95001220703125,298.4747314453125,288.7619934082031,297.5650939941406,297.2392272949219,285.0631103515625,1.0,0.6371433734893799,0.3587806224822998,0.3587806224822998,1.0,1.0,-3.298318862915039,0.8691922426223755,2.429126501083374,0.1225529834628105,0.8992131948471069,0.8992131948471069,0.0,204.82205200195312,190.0,44442.2109375,0.0,3198.385498046875,1.0,280.5985717773437,283.4976501464844,291.68365478515625,294.4539489746094,293.1499938964844,293.1499938964844,280.6499938964844,35934.17578125,36000.0,313.1499938964844,0.0,18000.0,1.0,0.0,0.0,0.0,1.0,0.9762289524078368,1.0,0.0,0.0,3.642421245574951,3.642445087432861,8.852656492308597e-07,4.265924453735352,4.265914440155029,9.78592834144365e-06,0.0,0.0,-0.0,6054.87353515625,0.0,1524.2615966796875,1895.4371337890625,0.0,4095.858154296875,0.9035791158676147,1.0,0.0,3.0,1.0,0.0
12245160,297.0303649902344,297.1499938964844,293.1499938964844,0.0,-0.0,285.093017578125,0.80083167552948,0.3751612901687622,0.3413660228252411,296.9920654296875,297.1499938964844,293.1499938964844,0.0,-0.0,285.0931091308594,0.8931693434715271,0.5270041227340698,0.5021450519561768,297.486083984375,297.1499938964844,293.1499938964844,0.0,-0.0,285.0932006835937,0.9990000128746032,0.8783571124076843,0.5184086561203003,297.0930480957031,297.1499938964844,293.1499938964844,0.0,-0.0,285.0929870605469,0.7925369143486023,0.3638419806957245,0.3487311005592346,297.0906066894531,297.1499938964844,293.1499938964844,0.0,-0.0,285.0927124023437,0.6764150857925415,0.2237581461668014,1.0286604166030884,285.0931091308594,284.95001220703125,298.43212890625,288.7393493652344,297.5668029785156,297.2566833496094,285.0935974121094,1.0,0.6346997022628784,0.3590433001518249,0.3590433001518249,1.0,1.0,-3.2894747257232666,0.8671090602874756,2.42236590385437,0.122351124882698,0.9005711674690247,0.9005711674690247,0.0,202.1674041748047,193.0,44223.82421875,0.0,3163.9248046875,1.0,280.64166259765625,283.5387878417969,291.6797180175781,294.4765930175781,293.1499938964844,293.1499938964844,280.3500061035156,35860.6953125,36000.0,313.1499938964844,0.0,18000.0,1.0,0.0,0.0,0.0,1.0,0.9708852767944336,1.0,0.0,0.0,3.6457481384277344,3.645772218704224,8.868835834618949e-07,4.265924453735352,4.265914440155029,9.78592834144365e-06,0.0,0.0,-0.0,6466.8408203125,0.0,1527.4022216796875,1895.4371337890625,0.0,4049.002685546875,0.9042426347732544,1.0,0.0,3.0,1.0,0.0
12245220,297.0243225097656,297.1499938964844,293.1499938964844,0.0,-0.0,284.9120788574219,0.8016133308410645,0.3730554282665252,0.339851826429367,296.98590087890625,297.1499938964844,293.1499938964844,0.0,-0.0,284.9117431640625,0.894136905670166,0.5244017839431763,0.5000706315040588,297.5018310546875,297.1499938964844,293.1499938964844,0.0,-0.0,284.9115295410156,0.9990000128746032,0.8842583298683167,0.5146420001983643,297.0881652832031,297.1499938964844,293.1499938964844,0.0,-0.0,284.912109375,0.79383385181427,0.3626423180103302,0.3478502333164215,297.0880432128906,297.1499938964844,293.1499938964844,0.0,-0.0,284.9128723144531,0.6772756576538086,0.2227579653263092,1.0248589515686035,284.91180419921875,284.95001220703125,298.3456726074219,288.69305419921875,297.549072265625,297.26336669921875,284.9099426269531,1.0,0.6316167116165161,0.3595686852931976,0.3595686852931976,1.0,1.0,-3.2749998569488525,0.8640246391296387,2.410975217819214,0.1225075051188469,0.8986068964004517,0.8986068964004517,0.0,199.6380310058593,196.0,45131.94921875,0.0,3118.02197265625,1.0,280.3578491210937,283.3196716308594,291.7240600585937,294.6390991210937,293.1499938964844,293.1499938964844,280.6499938964844,36003.5,36000.0,313.1499938964844,0.0,18000.0,1.0,0.0,0.0,0.0,1.0,0.9811134934425354,1.0,0.0,0.0,3.6464414596557617,3.646465301513672,8.872208923094149e-07,4.265924453735352,4.265914440155029,9.78592834144365e-06,0.0,0.0,-0.0,5885.03759765625,0.0,1529.2391357421875,1895.4371337890625,0.0,4138.39501953125,0.9044707417488098,1.0,0.0,3.0,1.0,0.0
12245280,297.0243225097656,297.1499938964844,293.1499938964844,0.0,-0.0,284.9120788574219,0.8016133308410645,0.3730554282665252,0.339851826429367,296.98590087890625,297.1499938964844,293.1499938964844,0.0,-0.0,284.9117431640625,0.894136905670166,0.5244017839431763,0.5000706315040588,297.5018310546875,297.1499938964844,293.1499938964844,0.0,-0.0,284.9115295410156,0.9990000128746032,0.8842583298683167,0.5146420001983643,297.0881652832031,297.1499938964844,293.1499938964844,0.0,-0.0,284.912109375,0.79383385181427,0.3626423180103302,0.3478502333164215,297.0880432128906,297.1499938964844,293.1499938964844,0.0,-0.0,284.9128723144531,0.6772756576538086,0.2227579653263092,1.0248589515686035,284.91180419921875,284.95001220703125,298.3456726074219,288.69305419921875,297.549072265625,297.26336669921875,284.9099426269531,1.0,0.6316167116165161,0.3595686852931976,0.3595686852931976,1.0,1.0,-3.2749998569488525,0.8640246391296387,2.410975217819214,0.1225075051188469,0.8986068964004517,0.8986068964004517,0.0,199.6380310058593,196.0,45131.94921875,0.0,3118.02197265625,1.0,280.3578491210937,283.3196716308594,291.7240600585937,294.6390991210937,293.1499938964844,293.1499938964844,280.6499938964844,36003.5,36000.0,313.1499938964844,0.0,18000.0,1.0,0.0,0.0,0.0,1.0,0.9811134934425354,1.0,0.0,0.0,3.6464414596557617,3.646465301513672,8.872208923094149e-07,4.265924453735352,4.265914440155029,9.78592834144365e-06,0.0,0.0,-0.0,5885.03759765625,0.0,1529.2391357421875,1895.4371337890625,0.0,4138.39501953125,0.9044707417488098,1.0,0.0,3.0,1.0,0.0
12245340,297.02447509765625,297.1499938964844,293.1499938964844,0.0,-0.0,285.0599365234375,0.8000572323799133,0.3714638948440552,0.3381438255310058,296.9848022460937,297.1499938964844,293.1499938964844,0.0,-0.0,285.0600280761719,0.892501950263977,0.5221965909004211,0.4977263510227203,297.5096435546875,297.1499938964844,293.1499938964844,0.0,-0.0,285.06011962890625,0.9990000128746032,0.889495313167572,0.5149667859077454,297.0862121582031,297.1499938964844,293.1499938964844,0.0,-0.0,285.0599060058594,0.7927801609039307,0.3616495132446289,0.3467255532741546,297.0861511230469,297.1499938964844,293.1499938964844,0.0,-0.0,285.0596008300781,0.6759801506996155,0.2217738032341003,1.0199753046035769,285.0600280761719,284.95001220703125,298.2578430175781,288.6455993652344,297.5303649902344,297.2690124511719,285.060546875,1.0,0.6300367712974548,0.3600940406322479,0.3600940406322479,1.0,1.0,-3.263284206390381,0.8618161082267761,2.40146803855896,0.1228284612298011,0.9013086557388306,0.9013086557388306,0.0,199.2957000732422,199.0,43877.57421875,0.0,3090.635986328125,1.0,280.64215087890625,283.5130920410156,291.6125793457031,294.4005126953125,293.1499938964844,293.1499938964844,280.3500061035156,35880.625,36000.0,313.1499938964844,0.0,18000.0,1.0,0.0,0.0,0.0,1.0,0.9710929989814758,1.0,0.0,0.0,3.65020203590393,3.650225877761841,8.890518188309215e-07,4.265924453735352,4.265914440155029,9.78592834144365e-06,0.0,0.0,-0.0,6422.53759765625,0.0,1532.5,1895.4371337890625,0.0,4050.830078125,0.905250072479248,1.0,0.0,3.0,1.0,0.0
12245400,297.02447509765625,297.1499938964844,293.1499938964844,0.0,-0.0,285.0599365234375,0.8000572323799133,0.3714638948440552,0.3381438255310058,296.9848022460937,297.1499938964844,293.1499938964844,0.0,-0.0,285.0600280761719,0.892501950263977,0.5221965909004211,0.4977263510227203,297.5096435546875,297.1499938964844,293.1499938964844,0.0,-0.0,285.06011962890625,0.9990000128746032,0.889495313167572,0.5149667859077454,297.0862121582031,297.1499938964844,293.1499938964844,0.0,-0.0,285.0599060058594,0.7927801609039307,0.3616495132446289,0.3467255532741546,297.0861511230469,297.1499938964844,293.1499938964844,0.0,-0.0,285.0596008300781,0.6759801506996155,0.2217738032341003,1.0199753046035769,285.0600280761719,284.95001220703125,298.2578430175781,288.6455993652344,297.5303649902344,297.2690124511719,285.060546875,1.0,0.6300367712974548,0.3600940406322479,0.3600940406322479,1.0,1.0,-3.263284206390381,0.8618161082267761,2.40146803855896,0.1228284612298011,0.9013086557388306,0.9013086557388306,0.0,199.2957000732422,199.0,43877.57421875,0.0,3090.635986328125,1.0,280.64215087890625,283.5130920410156,291.6125793457031,294.4005126953125,293.1499938964844,293.1499938964844,280.3500061035156,35880.625,36000.0,313.1499938964844,0.0,18000.0,1.0,0.0,0.0,0.0,1.0,0.9710929989814758,1.0,0.0,0.0,3.65020203590393,3.650225877761841,8.890518188309215e-07,4.265924453735352,4.265914440155029,9.78592834144365e-06,0.0,0.0,-0.0,6422.53759765625,0.0,1532.5,1895.4371337890625,0.0,4050.830078125,0.905250072479248,1.0,0.0,3.0,1.0,0.0
12245460,297.015380859375,297.1499938964844,293.1499938964844,0.0,-0.0,284.8786315917969,0.7971135973930359,0.3689692616462707,0.3363407552242279,296.97540283203125,297.1499938964844,293.1499938964844,0.0,-0.0,284.8782958984375,0.8893707394599915,0.5191694498062134,0.4953204393386841,297.4952087402344,297.1499938964844,293.1499938964844,0.0,-0.0,284.8780517578125,0.9990000128746032,0.8926233053207397,0.5177546739578247,297.0786437988281,297.1499938964844,293.1499938964844,0.0,-0.0,284.878662109375,0.7904205918312073,0.3600861728191376,0.3455881178379059,297.0802307128906,297.1499938964844,293.1499938964844,0.0,-0.0,284.8794250488281,0.6735126972198486,0.220375508069992,1.0149351358413696,284.8783569335937,284.95001220703125,298.1690673828125,288.59735107421875,297.498046875,297.2570495605469,284.8764953613281,1.0,0.6294757723808289,0.360255092382431,0.360255092382431,1.0,1.0,-3.2541511058807373,0.8593860268592834,2.394765138626098,0.1225106567144393,0.8988953828811646,0.8988953828811646,0.0,200.3213806152344,202.0,44787.8828125,0.0,3076.57763671875,1.0,280.3578491210937,283.2944641113281,291.634033203125,294.53173828125,293.1499938964844,293.1499938964844,280.6499938964844,36037.16015625,36000.0,313.1499938964844,0.0,18000.0,1.0,0.0,0.0,0.0,1.0,0.9820869565010072,1.0,0.0,0.0,3.649656772613525,3.649680614471436,8.887862463780039e-07,4.265924453735352,4.265914440155029,9.78592834144365e-06,0.0,0.0,-0.0,5837.68359375,0.0,1533.0645751953125,1895.4371337890625,0.0,4146.83740234375,0.9052118062973022,1.0,0.0,3.0,1.0,0.0
12245520,297.015380859375,297.1499938964844,293.1499938964844,0.0,-0.0,284.8786315917969,0.7971135973930359,0.3689692616462707,0.3363407552242279,296.97540283203125,297.1499938964844,293.1499938964844,0.0,-0.0,284.8782958984375,0.8893707394599915,0.5191694498062134,0.4953204393386841,297.4952087402344,297.1499938964844,293.1499938964844,0.0,-0.0,284.8780517578125,0.9990000128746032,0.8926233053207397,0.5177546739578247,297.0786437988281,297.1499938964844,293.1499938964844,0.0,-0.0,284.878662109375,0.7904205918312073,0.3600861728191376,0.3455881178379059,297.0802307128906,297.1499938964844,293.1499938964844,0.0,-0.0,284.8794250488281,0.6735126972198486,0.220375508069992,1.0149351358413696,284.8783569335937,284.95001220703125,298.1690673828125,288.59735107421875,297.498046875,297.2570495605469,284.8764953613281,1.0,0.6294757723808289,0.360255092382431,0.360255092382431,1.0,1.0,-3.2541511058807373,0.8593860268592834,2.394765138626098,0.1225106567144393,0.8988953828811646,0.8988953828811646,0.0,200.3213806152344,202.0,44787.8828125,0.0,3076.57763671875,1.0,280.3578491210937,283.2944641113281,291.634033203125,294.53173828125,293.1499938964844,293.1499938964844,280.6499938964844,36037.16015625,36000.0,313.1499938964844,0.0,18000.0,1.0,0.0,0.0,0.0,1.0,0.9820869565010072,1.0,0.0,0.0,3.649656772613525,3.649680614471436,8.887862463780039e-07,4.265924453735352,4.265914440155029,9.78592834144365e-06,0.0,0.0,-0.0,5837.68359375,0.0,1533.0645751953125,1895.4371337890625,0.0,4146.83740234375,0.9052118062973022,1.0,0.0,3.0,1.0,0.0
12245580,297.0140075683594,297.1499938964844,293.1499938964844,0.0,-0.0,285.0267639160156,0.7932890057563782,0.3671081662178039,0.3344509899616241,296.97271728515625,297.1499938964844,293.1499938964844,0.0,-0.0,285.0268859863281,0.8852490782737732,0.516666829586029,0.492756575345993,297.48358154296875,297.1499938964844,293.1499938964844,0.0,-0.0,285.0269775390625,0.9990000128746032,0.8957991003990173,0.5221102833747864,297.0754089355469,297.1499938964844,293.1499938964844,0.0,-0.0,285.0267639160156,0.7871341109275818,0.3588417172431946,0.34428671002388,297.0760498046875,297.1499938964844,293.1499938964844,0.0,-0.0,285.0264587402344,0.6701198220252991,0.2190605700016021,1.0088818073272705,285.02685546875,284.95001220703125,298.0797424316406,288.5485534667969,297.47003173828125,297.2509765625,285.02740478515625,1.0,0.6293838620185852,0.3604161441326141,0.3604161441326141,1.0,1.0,-3.2451834678649902,0.8569770455360413,2.3882064819335938,0.1220637485384941,0.9011578559875488,0.9011578559875488,0.0,202.15789794921875,205.0,43529.5703125,0.0,3067.436767578125,1.0,280.64215087890625,283.4889831542969,291.5147705078125,294.2819519042969,293.1499938964844,293.1499938964844,280.3500061035156,35921.7578125,36000.0,313.1499938964844,0.0,18000.0,1.0,0.0,0.0,0.0,1.0,0.9717664122581482,1.0,0.0,0.0,3.651888132095337,3.651912212371826,8.898734336071357e-07,4.265924453735352,4.265914440155029,9.78592834144365e-06,0.0,0.0,-0.0,6369.64697265625,0.0,1534.6845703125,1895.4371337890625,0.0,4056.751220703125,0.9056550860404968,1.0,0.0,3.0,1.0,0.0
12245640,297.0140075683594,297.1499938964844,293.1499938964844,0.0,-0.0,285.0267639160156,0.7932890057563782,0.3671081662178039,0.3344509899616241,296.97271728515625,297.1499938964844,293.1499938964844,0.0,-0.0,285.0268859863281,0.8852490782737732,0.516666829586029,0.492756575345993,297.48358154296875,297.1499938964844,293.1499938964844,0.0,-0.0,285.0269775390625,0.9990000128746032,0.8957991003990173,0.5221102833747864,297.0754089355469,297.1499938964844,293.1499938964844,0.0,-0.0,285.0267639160156,0.7871341109275818,0.3588417172431946,0.34428671002388,297.0760498046875,297.1499938964844,293.1499938964844,0.0,-0.0,285.0264587402344,0.6701198220252991,0.2190605700016021,1.0088818073272705,285.02685546875,284.95001220703125,298.0797424316406,288.5485534667969,297.47003173828125,297.2509765625,285.02740478515625,1.0,0.6293838620185852,0.3604161441326141,0.3604161441326141,1.0,1.0,-3.2451834678649902,0.8569770455360413,2.3882064819335938,0.1220637485384941,0.9011578559875488,0.9011578559875488,0.0,202.15789794921875,205.0,43529.5703125,0.0,3067.436767578125,1.0,280.64215087890625,283.4889831542969,291.5147705078125,294.2819519042969,293.1499938964844,293.1499938964844,280.3500061035156,35921.7578125,36000.0,313.1499938964844,0.0,18000.0,1.0,0.0,0.0,0.0,1.0,0.9717664122581482,1.0,0.0,0.0,3.651888132095337,3.651912212371826,8.898734336071357e-07,4.265924453735352,4.265914440155029,9.78592834144365e-06,0.0,0.0,-0.0,6369.64697265625,0.0,1534.6845703125,1895.4371337890625,0.0,4056.751220703125,0.9056550860404968,1.0,0.0,3.0,1.0,0.0
12245700,297.01104736328125,297.1499938964844,293.1499938964844,0.0,-0.0,284.8979797363281,0.7915256023406982,0.3659602403640747,0.3336952924728393,296.9695739746094,297.1499938964844,293.1499938964844,0.0,-0.0,284.8965759277344,0.8833141922950745,0.515241801738739,0.4916818737983703,297.4734191894531,297.1499938964844,293.1499938964844,0.0,-0.0,284.8955383300781,0.9990000128746032,0.8969213962554932,0.5243188738822937,297.0728454589844,297.1499938964844,293.1499938964844,0.0,-0.0,284.8981018066406,0.7856177091598511,0.3581209480762481,0.3438022434711456,297.073486328125,297.1499938964844,293.1499938964844,0.0,-0.0,284.9014587402344,0.6685378551483154,0.2183431088924408,1.0063345432281494,284.8968505859375,284.95001220703125,298.03497314453125,288.5240478515625,297.4534606933594,297.2445983886719,284.8893127441406,1.0,0.6295352578163147,0.3604966700077057,0.3604966700077057,1.0,1.0,-3.241994857788086,0.856184720993042,2.385810136795044,0.1220270469784736,0.8995561003684998,0.8995561003684998,0.0,203.1578521728516,205.0,44406.625,0.0,3066.10986328125,1.0,280.3986511230469,283.3228759765625,291.5564270019531,294.460693359375,293.1499938964844,293.1499938964844,280.3500061035156,36000.98828125,36000.0,313.1499938964844,0.0,18000.0,1.0,0.0,0.0,0.0,1.0,0.9783943891525269,1.0,0.0,0.0,3.65194034576416,3.6519644260406494,8.898988994587853e-07,4.265924453735352,4.265914440155029,9.78592834144365e-06,0.0,0.0,-0.0,6202.4267578125,0.0,1535.3358154296875,1895.4371337890625,0.0,4114.7509765625,0.905670702457428,1.0,0.0,3.0,1.0,0.0
12245760,297.004150390625,297.1499938964844,293.1499938964844,0.0,-0.0,284.84454345703125,0.7889840006828308,0.3644033372402191,0.3324968814849853,296.9624938964844,297.1499938964844,293.1499938964844,0.0,-0.0,284.8442077636719,0.8806502223014832,0.513404905796051,0.4901684522628784,297.45635986328125,297.1499938964844,293.1499938964844,0.0,-0.0,284.84393310546875,0.9990000128746032,0.8972950577735901,0.5273562669754028,297.0672607421875,297.1499938964844,293.1499938964844,0.0,-0.0,284.84454345703125,0.7834451198577881,0.3570849597454071,0.3430064618587494,297.0687561035156,297.1499938964844,293.1499938964844,0.0,-0.0,284.8453369140625,0.6663760542869568,0.2173937410116195,1.0028115510940552,284.8442687988281,284.95001220703125,297.990234375,288.49951171875,297.4320678710937,297.2315673828125,284.8424072265625,1.0,0.6296729445457458,0.360572874546051,0.360572874546051,1.0,1.0,-3.237196683883667,0.854861319065094,2.3823354244232178,0.1218369305133819,0.898285448551178,0.898285448551178,0.0,204.5236358642578,208.0,44421.86328125,0.0,3063.346923828125,1.0,280.3576965332031,283.27032470703125,291.5350646972656,294.40972900390625,293.1499938964844,293.1499938964844,280.6499938964844,36084.015625,36000.0,313.1499938964844,0.0,18000.0,1.0,0.0,0.0,0.0,1.0,0.9824860692024232,1.0,0.0,0.0,3.649616718292236,3.6496407985687256,8.887667490853346e-07,4.265924453735352,4.265914440155029,9.78592834144365e-06,0.0,0.0,-0.0,5786.8720703125,0.0,1533.37060546875,1895.4371337890625,0.0,4150.2958984375,0.9052348732948304,1.0,0.0,3.0,1.0,0.0
12245820,297.0023193359375,297.1499938964844,293.1499938964844,0.0,-0.0,284.99267578125,0.7843650579452515,0.3623547554016113,0.3304647207260132,296.9593200683594,297.1499938964844,293.1499938964844,0.0,-0.0,284.9927673339844,0.875698983669281,0.5106901526451111,0.4874327778816223,297.4364929199219,297.1499938964844,293.1499938964844,0.0,-0.0,284.99285888671875,0.9990000128746032,0.8991397619247437,0.5331935286521912,297.06378173828125,297.1499938964844,293.1499938964844,0.0,-0.0,284.9926452636719,0.7793933153152466,0.355672150850296,0.3415739834308624,297.06378173828125,297.1499938964844,293.1499938964844,0.0,-0.0,284.9923400878906,0.6622410416603088,0.2158526182174682,0.995856523513794,284.9927673339844,284.95001220703125,297.9010009765625,288.4505310058594,297.40045166015625,297.2205505371094,284.9932861328125,1.0,0.6300395131111145,0.3607253134250641,0.3607253134250641,1.0,1.0,-3.2283921241760254,0.852472186088562,2.375919818878174,0.1213991343975067,0.9000933766365051,0.9000933766365051,0.0,207.1848907470703,211.0,43149.125,0.0,3059.150390625,1.0,280.64215087890625,283.46551513671875,291.4149475097656,294.1581115722656,293.1499938964844,293.1499938964844,280.95001220703125,35970.80078125,36000.0,313.1499938964844,0.0,18000.0,1.0,0.0,0.0,0.0,1.0,0.9717785120010376,1.0,0.0,0.0,3.650019645690918,3.6500437259674072,8.889630862540798e-07,4.265924453735352,4.265914440155029,9.78592834144365e-06,0.0,0.0,-0.0,5618.7294921875,0.0,1532.9720458984375,1895.4371337890625,0.0,4056.857421875,0.9052709341049194,1.0,0.0,3.0,1.0,0.0
12245880,297.0023193359375,297.1499938964844,293.1499938964844,0.0,-0.0,284.99267578125,0.7843650579452515,0.3623547554016113,0.3304647207260132,296.9593200683594,297.1499938964844,293.1499938964844,0.0,-0.0,284.9927673339844,0.875698983669281,0.5106901526451111,0.4874327778816223,297.4364929199219,297.1499938964844,293.1499938964844,0.0,-0.0,284.99285888671875,0.9990000128746032,0.8991397619247437,0.5331935286521912,297.06378173828125,297.1499938964844,293.1499938964844,0.0,-0.0,284.9926452636719,0.7793933153152466,0.355672150850296,0.3415739834308624,297.06378173828125,297.1499938964844,293.1499938964844,0.0,-0.0,284.9923400878906,0.6622410416603088,0.2158526182174682,0.995856523513794,284.9927673339844,284.95001220703125,297.9010009765625,288.4505310058594,297.40045166015625,297.2205505371094,284.9932861328125,1.0,0.6300395131111145,0.3607253134250641,0.3607253134250641,1.0,1.0,-3.2283921241760254,0.852472186088562,2.375919818878174,0.1213991343975067,0.9000933766365051,0.9000933766365051,0.0,207.1848907470703,211.0,43149.125,0.0,3059.150390625,1.0,280.64215087890625,283.46551513671875,291.4149475097656,294.1581115722656,293.1499938964844,293.1499938964844,280.95001220703125,35970.80078125,36000.0,313.1499938964844,0.0,18000.0,1.0,0.0,0.0,0.0,1.0,0.9717785120010376,1.0,0.0,0.0,3.650019645690918,3.6500437259674072,8.889630862540798e-07,4.265924453735352,4.265914440155029,9.78592834144365e-06,0.0,0.0,-0.0,5618.7294921875,0.0,1532.9720458984375,1895.4371337890625,0.0,4056.857421875,0.9052709341049194,1.0,0.0,3.0,1.0,0.0
12245940,297.0096130371094,297.1499938964844,293.1499938964844,0.0,-0.0,285.16082763671875,0.7811797857284546,0.3612146079540252,0.3293839395046234,296.9659118652344,297.1499938964844,293.1499938964844,0.0,-0.0,285.16094970703125,0.8721019625663757,0.5089350342750549,0.485702633857727,297.4314880371094,297.1499938964844,293.1499938964844,0.0,-0.0,285.1610717773437,0.9990000128746032,0.9022488594055176,0.53781658411026,297.0683288574219,297.1499938964844,293.1499938964844,0.0,-0.0,285.1607971191406,0.7765988111495972,0.355033814907074,0.3409155905246734,297.0648193359375,297.1499938964844,293.1499938964844,0.0,-0.0,285.1604309082031,0.6592460870742798,0.2148604542016983,0.9913146495819092,285.16094970703125,284.95001220703125,297.8123779296875,288.4019470214844,297.37921142578125,297.2233581542969,285.16162109375,1.0,0.6307862401008606,0.3608777523040771,0.3608777523040771,1.0,1.0,-3.224313497543335,0.8516016006469727,2.3727118968963623,0.1214436665177345,0.9043303728103638,0.9043303728103638,0.0,209.44009399414065,214.0,41920.453125,0.0,3062.83447265625,1.0,280.9417724609375,283.6789245605469,291.348388671875,293.9991149902344,293.1499938964844,293.1499938964844,280.6499938964844,35784.58203125,36000.0,313.1499938964844,0.0,18000.0,1.0,0.0,0.0,0.0,1.0,0.9578554034233092,1.0,0.0,0.0,3.65749716758728,3.6575210094451904,8.92609023139812e-07,4.265924453735352,4.265914440155029,9.78592834144365e-06,0.0,0.0,-0.0,6167.43017578125,0.0,1539.9102783203125,1895.4371337890625,0.0,3933.446044921875,0.906821310520172,1.0,0.0,3.0,1.0,0.0
12246000,297.0096130371094,297.1499938964844,293.1499938964844,0.0,-0.0,285.16082763671875,0.7811797857284546,0.3612146079540252,0.3293839395046234,296.9659118652344,297.1499938964844,293.1499938964844,0.0,-0.0,285.16094970703125,0.8721019625663757,0.5089350342750549,0.485702633857727,297.4314880371094,297.1499938964844,293.1499938964844,0.0,-0.0,285.1610717773437,0.9990000128746032,0.9022488594055176,0.53781658411026,297.0683288574219,297.1499938964844,293.1499938964844,0.0,-0.0,285.1607971191406,0.7765988111495972,0.355033814907074,0.3409155905246734,297.0648193359375,297.1499938964844,293.1499938964844,0.0,-0.0,285.1604309082031,0.6592460870742798,0.2148604542016983,0.9913146495819092,285.16094970703125,284.95001220703125,297.8123779296875,288.4019470214844,297.37921142578125,297.2233581542969,285.16162109375,1.0,0.6307862401008606,0.3608777523040771,0.3608777523040771,1.0,1.0,-3.224313497543335,0.8516016006469727,2.3727118968963623,0.1214436665177345,0.9043303728103638,0.9043303728103638,0.0,209.44009399414065,214.0,41920.453125,0.0,3062.83447265625,1.0,280.9417724609375,283.6789245605469,291.348388671875,293.9991149902344,293.1499938964844,293.1499938964844,280.6499938964844,35784.58203125,36000.0,313.1499938964844,0.0,18000.0,1.0,0.0,0.0,0.0,1.0,0.9578554034233092,1.0,0.0,0.0,3.65749716758728,3.6575210094451904,8.92609023139812e-07,4.265924453735352,4.265914440155029,9.78592834144365e-06,0.0,0.0,-0.0,6167.43017578125,0.0,1539.9102783203125,1895.4371337890625,0.0,3933.446044921875,0.906821310520172,1.0,0.0,3.0,1.0,0.0
12246060,297.0025939941406,297.1499938964844,293.1499938964844,0.0,-0.0,284.97979736328125,0.7770330309867859,0.358745127916336,0.3277276158332824,296.9593200683594,297.1499938964844,293.1499938964844,0.0,-0.0,284.9794616699219,0.8676673173904419,0.505954921245575,0.4834741055965423,297.4049072265625,297.1499938964844,293.1499938964844,0.0,-0.0,284.97918701171875,0.9990000128746032,0.9031558632850648,0.5435428023338318,297.0636901855469,297.1499938964844,293.1499938964844,0.0,-0.0,284.9798278808594,0.7730888724327087,0.3535454869270324,0.3399674594402313,297.0605163574219,297.1499938964844,293.1499938964844,0.0,-0.0,284.98065185546875,0.6557226181030273,0.2133568823337555,0.98620343208313,284.9795227050781,284.95001220703125,297.7248229980469,288.35400390625,297.34332275390625,297.2060852050781,284.9776306152344,1.0,0.6316865682601929,0.3610396981239319,0.3610396981239319,1.0,1.0,-3.2192492485046387,0.8504310846328735,2.3688182830810547,0.1215621083974838,0.9032720923423768,0.9032720923423768,0.0,212.2705841064453,217.0,42867.9765625,0.0,3067.54541015625,1.0,280.6577453613281,283.4596252441406,291.393310546875,294.165283203125,293.1499938964844,293.1499938964844,280.3500061035156,35913.31640625,36000.0,313.1499938964844,0.0,18000.0,1.0,0.0,0.0,0.0,1.0,0.969904124736786,1.0,0.0,0.0,3.66153883934021,3.661562919616699,8.945828540163347e-07,4.265924453735352,4.265914440155029,9.78592834144365e-06,0.0,0.0,-0.0,6311.3310546875,0.0,1545.393310546875,1895.4371337890625,0.0,4040.3642578125,0.9077873826026917,1.0,0.0,3.0,1.0,0.0
12246120,297.0025939941406,297.1499938964844,293.1499938964844,0.0,-0.0,284.97979736328125,0.7770330309867859,0.358745127916336,0.3277276158332824,296.9593200683594,297.1499938964844,293.1499938964844,0.0,-0.0,284.9794616699219,0.8676673173904419,0.505954921245575,0.4834741055965423,297.4049072265625,297.1499938964844,293.1499938964844,0.0,-0.0,284.97918701171875,0.9990000128746032,0.9031558632850648,0.5435428023338318,297.0636901855469,297.1499938964844,293.1499938964844,0.0,-0.0,284.9798278808594,0.7730888724327087,0.3535454869270324,0.3399674594402313,297.0605163574219,297.1499938964844,293.1499938964844,0.0,-0.0,284.98065185546875,0.6557226181030273,0.2133568823337555,0.98620343208313,284.9795227050781,284.95001220703125,297.7248229980469,288.35400390625,297.34332275390625,297.2060852050781,284.9776306152344,1.0,0.6316865682601929,0.3610396981239319,0.3610396981239319,1.0,1.0,-3.2192492485046387,0.8504310846328735,2.3688182830810547,0.1215621083974838,0.9032720923423768,0.9032720923423768,0.0,212.2705841064453,217.0,42867.9765625,0.0,3067.54541015625,1.0,280.6577453613281,283.4596252441406,291.393310546875,294.165283203125,293.1499938964844,293.1499938964844,280.3500061035156,35913.31640625,36000.0,313.1499938964844,0.0,18000.0,1.0,0.0,0.0,0.0,1.0,0.969904124736786,1.0,0.0,0.0,3.66153883934021,3.661562919616699,8.945828540163347e-07,4.265924453735352,4.265914440155029,9.78592834144365e-06,0.0,0.0,-0.0,6311.3310546875,0.0,1545.393310546875,1895.4371337890625,0.0,4040.3642578125,0.9077873826026917,1.0,0.0,3.0,1.0,0.0
12246180,296.9864807128906,297.1499938964844,293.1499938964844,0.0,-0.0,284.7827453613281,0.771724283695221,0.3554838597774505,0.3251793086528778,296.94268798828125,297.1499938964844,293.1499938964844,0.0,-0.0,284.7822265625,0.862202525138855,0.5021563172340393,0.480322778224945,297.3602905273437,297.1499938964844,293.1499938964844,0.0,-0.0,284.78179931640625,0.9990000128746032,0.901540756225586,0.5503529906272888,297.0505676269531,297.1499938964844,293.1499938964844,0.0,-0.0,284.7827453613281,0.7685054540634155,0.3512672781944275,0.3381975591182709,297.04998779296875,297.1499938964844,293.1499938964844,0.0,-0.0,284.7839660644531,0.6512795686721802,0.2113018780946731,0.9785391092300416,284.78228759765625,284.95001220703125,297.64862060546875,288.3124084472656,297.2994689941406,297.1739501953125,284.779541015625,1.0,0.6321836113929749,0.36118283867836,0.36118283867836,1.0,1.0,-3.209247350692749,0.8476136922836304,2.361633777618408,0.1211150884628295,0.8996343612670898,0.8996343612670898,0.0,215.50881958007807,217.0,43753.390625,0.0,3063.919189453125,1.0,280.36248779296875,283.22662353515625,291.37579345703125,294.2299499511719,293.1499938964844,293.1499938964844,280.3500061035156,36120.0703125,36000.0,313.1499938964844,0.0,18000.0,1.0,0.0,0.0,0.0,1.0,0.9838160872459412,1.0,0.0,0.0,3.658016681671143,3.658040761947632,8.928626016313501e-07,4.265924453735352,4.265914440155029,9.78592834144365e-06,0.0,0.0,-0.0,6051.6240234375,0.0,1543.006103515625,1895.4371337890625,0.0,4161.80517578125,0.9071288108825684,1.0,0.0,3.0,1.0,0.0
12246240,296.984375,297.1499938964844,293.1499938964844,0.0,-0.0,284.7753601074219,0.7709610462188721,0.3550404906272888,0.3247939646244049,296.9403991699219,297.1499938964844,293.1499938964844,0.0,-0.0,284.77496337890625,0.861421525478363,0.5016319155693054,0.4798481166362762,297.3539428710937,297.1499938964844,293.1499938964844,0.0,-0.0,284.7746276855469,0.9990000128746032,0.901240885257721,0.5513179898262024,297.0486755371094,297.1499938964844,293.1499938964844,0.0,-0.0,284.775390625,0.7678371667861938,0.3509389758110046,0.3379116654396057,297.0484313964844,297.1499938964844,293.1499938964844,0.0,-0.0,284.7763061523437,0.650632381439209,0.2110031992197036,0.9773305058479308,284.7750244140625,284.95001220703125,297.6387023925781,288.3070373535156,297.2935485839844,297.1694641113281,284.7728881835937,1.0,0.6322198510169983,0.3612016439437866,0.3612016439437866,1.0,1.0,-3.2075769901275635,0.8471286296844482,2.3604483604431152,0.1210150867700576,0.8992714881896973,0.8992714881896973,0.0,215.96041870117188,220.0,43730.78125,0.0,3062.826171875,1.0,280.3582458496094,283.22003173828125,291.36285400390625,294.2088317871094,293.1499938964844,293.1499938964844,280.6499938964844,36136.9453125,36000.0,313.1499938964844,0.0,18000.0,1.0,0.0,0.0,0.0,1.0,0.9844359755516052,1.0,0.0,0.0,3.657175302505493,3.6571993827819824,8.924520216169185e-07,4.265924453735352,4.265914440155029,9.78592834144365e-06,0.0,0.0,-0.0,5695.63818359375,0.0,1542.1927490234375,1895.4371337890625,0.0,4167.162109375,0.9069565534591676,1.0,0.0,3.0,1.0,0.0
12246300,296.979736328125,297.1499938964844,293.1499938964844,0.0,-0.0,284.88525390625,0.767924964427948,0.3535309135913849,0.3232768177986145,296.9346618652344,297.1499938964844,293.1499938964844,0.0,-0.0,284.886474609375,0.8582800626754761,0.4997378587722778,0.477922260761261,297.3329772949219,297.1499938964844,293.1499938964844,0.0,-0.0,284.88751220703125,0.9990000128746032,0.9004676342010498,0.5552306771278381,297.0433959960937,297.1499938964844,293.1499938964844,0.0,-0.0,284.8851928710937,0.7651419043540955,0.3497745990753174,0.3367436528205871,297.0433349609375,297.1499938964844,293.1499938964844,0.0,-0.0,284.8822021484375,0.6479828953742981,0.209858551621437,0.972200572490692,284.88629150390625,284.95001220703125,297.5963134765625,288.28399658203125,297.2723083496094,297.15576171875,284.8924560546875,1.0,0.6323469281196594,0.361282616853714,0.361282616853714,1.0,1.0,-3.20056700706482,0.8451000452041626,2.355466842651367,0.1205608174204826,0.899905264377594,0.899905264377594,0.0,217.7890472412109,220.0,42641.40625,0.0,3057.8837890625,1.0,280.6015014648437,283.3735046386719,291.2579040527344,293.94683837890625,293.1499938964844,293.1499938964844,280.6499938964844,36097.0078125,36000.0,313.1499938964844,0.0,18000.0,1.0,0.0,0.0,0.0,1.0,0.9775903224945068,1.0,0.0,0.0,3.6550331115722656,3.655057191848755,8.914067279874871e-07,4.265924453735352,4.265914440155029,9.78592834144365e-06,0.0,0.0,-0.0,5818.365234375,0.0,1539.5020751953125,1895.4371337890625,0.0,4107.74267578125,0.906502902507782,1.0,0.0,3.0,1.0,0.0
12246360,296.979736328125,297.1499938964844,293.1499938964844,0.0,-0.0,284.9203186035156,0.7656473517417908,0.3524525463581085,0.3222363293170929,296.9336242675781,297.1499938964844,293.1499938964844,0.0,-0.0,284.9204406738281,0.8558311462402344,0.4982702136039734,0.4764623343944549,297.3192749023437,297.1499938964844,293.1499938964844,0.0,-0.0,284.9205017089844,0.9990000128746032,0.9002802968025208,0.5583873391151428,297.0416564941406,297.1499938964844,293.1499938964844,0.0,-0.0,284.9203186035156,0.763066828250885,0.3489304780960083,0.3359002470970154,297.04071044921875,297.1499938964844,293.1499938964844,0.0,-0.0,284.9200744628906,0.6458539366722107,0.2089260518550872,0.9679657816886902,284.92041015625,284.95001220703125,297.554443359375,288.2613220214844,297.256103515625,297.1487121582031,284.9208068847656,1.0,0.6325159072875977,0.3613959550857544,0.3613959550857544,1.0,1.0,-3.195246696472168,0.8437035083770752,2.3515431880950928,0.1203495040535926,0.9000891447067261,0.9000891447067261,0.0,219.28924560546875,223.0,42404.98828125,0.0,3054.752685546875,1.0,280.6423645019531,283.4136657714844,291.2227478027344,293.92303466796875,293.1499938964844,293.1499938964844,280.3500061035156,36050.71484375,36000.0,313.1499938964844,0.0,18000.0,1.0,0.0,0.0,0.0,1.0,0.972678542137146,1.0,0.0,0.0,3.6546149253845215,3.6546390056610094,8.912027738006145e-07,4.265924453735352,4.265914440155029,9.78592834144365e-06,0.0,0.0,-0.0,6206.068359375,0.0,1538.6888427734375,1895.4371337890625,0.0,4064.7626953125,0.9063513278961182,1.0,0.0,3.0,1.0,0.0
12246420,296.9691772460937,297.1499938964844,293.1499938964844,0.0,-0.0,284.7350769042969,0.7607702016830444,0.3492417633533478,0.3198269009590149,296.9220886230469,297.1499938964844,293.1499938964844,0.0,-0.0,284.7347106933594,0.8507105112075806,0.494376927614212,0.4732738733291626,297.2757263183594,297.1499938964844,293.1499938964844,0.0,-0.0,284.734375,0.9990000128746032,0.8980368375778198,0.5650017261505127,297.0318603515625,297.1499938964844,293.1499938964844,0.0,-0.0,284.735107421875,0.7587348222732544,0.3465753495693207,0.3340596258640289,297.031982421875,297.1499938964844,293.1499938964844,0.0,-0.0,284.7359619140625,0.6415041089057922,0.2066641747951507,0.9592205286026,284.7347717285156,284.95001220703125,297.4724426269531,288.2171936035156,297.2144470214844,297.12164306640625,284.7327880859375,1.0,0.6328155994415283,0.3616226017475128,0.3616226017475128,1.0,1.0,-3.183746576309204,0.8406327366828918,2.343113660812378,0.1199950724840164,0.8957324028015137,0.8957324028015137,0.0,222.4591522216797,226.0,43221.51953125,0.0,3047.59033203125,1.0,280.3578491210937,283.194091796875,291.2451171875,294.0433654785156,293.1499938964844,293.1499938964844,280.6499938964844,36234.17578125,36000.0,313.1499938964844,0.0,18000.0,1.0,0.0,0.0,0.0,1.0,0.9817678332328796,1.0,0.0,0.0,3.646787643432617,3.6468117237091056,8.873893762029184e-07,4.265924453735352,4.265914440155029,9.78592834144365e-06,0.0,0.0,-0.0,5630.8603515625,0.0,1531.34814453125,1895.4371337890625,0.0,4144.0712890625,0.9047043919563292,1.0,0.0,3.0,1.0,0.0
12246480,296.9691772460937,297.1499938964844,293.1499938964844,0.0,-0.0,284.7350769042969,0.7607702016830444,0.3492417633533478,0.3198269009590149,296.9220886230469,297.1499938964844,293.1499938964844,0.0,-0.0,284.7347106933594,0.8507105112075806,0.494376927614212,0.4732738733291626,297.2757263183594,297.1499938964844,293.1499938964844,0.0,-0.0,284.734375,0.9990000128746032,0.8980368375778198,0.5650017261505127,297.0318603515625,297.1499938964844,293.1499938964844,0.0,-0.0,284.735107421875,0.7587348222732544,0.3465753495693207,0.3340596258640289,297.031982421875,297.1499938964844,293.1499938964844,0.0,-0.0,284.7359619140625,0.6415041089057922,0.2066641747951507,0.9592205286026,284.7347717285156,284.95001220703125,297.4724426269531,288.2171936035156,297.2144470214844,297.12164306640625,284.7327880859375,1.0,0.6328155994415283,0.3616226017475128,0.3616226017475128,1.0,1.0,-3.183746576309204,0.8406327366828918,2.343113660812378,0.1199950724840164,0.8957324028015137,0.8957324028015137,0.0,222.4591522216797,226.0,43221.51953125,0.0,3047.59033203125,1.0,280.3578491210937,283.194091796875,291.2451171875,294.0433654785156,293.1499938964844,293.1499938964844,280.6499938964844,36234.17578125,36000.0,313.1499938964844,0.0,18000.0,1.0,0.0,0.0,0.0,1.0,0.9817678332328796,1.0,0.0,0.0,3.646787643432617,3.6468117237091056,8.873893762029184e-07,4.265924453735352,4.265914440155029,9.78592834144365e-06,0.0,0.0,-0.0,5630.8603515625,0.0,1531.34814453125,1895.4371337890625,0.0,4144.0712890625,0.9047043919563292,1.0,0.0,3.0,1.0,0.0
12246540,296.9673156738281,297.1499938964844,293.1499938964844,0.0,-0.0,284.8830261230469,0.7560551762580872,0.3467456102371216,0.3174053132534027,296.91845703125,297.1499938964844,293.1499938964844,0.0,-0.0,284.8831481933594,0.8457413911819458,0.4911040067672729,0.4700255095958709,297.2449645996094,297.1499938964844,293.1499938964844,0.0,-0.0,284.8832702636719,0.9990000128746032,0.8964825868606567,0.5714655518531799,297.0276184082031,297.1499938964844,293.1499938964844,0.0,-0.0,284.8830261230469,0.7545086145401001,0.3446360826492309,0.3321436643600464,297.0267028808594,297.1499938964844,293.1499938964844,0.0,-0.0,284.8827209472656,0.6372246742248535,0.204626053571701,0.9500669836997986,284.8831481933594,284.95001220703125,297.39306640625,288.1749572753906,297.1810302734375,297.1046142578125,284.8836669921875,1.0,0.6329953074455261,0.3618492484092712,0.3618492484092712,1.0,1.0,-3.171386480331421,0.8372840881347656,2.334102392196656,0.1194354593753814,0.8960757255554199,0.8960757255554199,0.0,225.5470428466797,214.0,41904.76953125,0.0,3038.198974609375,1.0,280.6421203613281,283.3905334472656,291.1305847167969,293.7938232421875,293.1499938964844,293.1499938964844,280.95001220703125,36129.6640625,36000.0,313.1499938964844,0.0,18000.0,1.0,0.0,0.0,0.0,1.0,0.9692549705505372,1.0,0.0,0.0,3.641257762908936,3.641281843185425,8.847002845868701e-07,4.265924453735352,4.265914440155029,9.78592834144365e-06,0.0,0.0,-0.0,5463.66259765625,0.0,1524.4320068359375,1895.4371337890625,0.0,4034.642822265625,0.9034214019775392,1.0,0.0,3.0,1.0,0.0
12246600,296.9673156738281,297.1499938964844,293.1499938964844,0.0,-0.0,284.8830261230469,0.7560551762580872,0.3467456102371216,0.3174053132534027,296.91845703125,297.1499938964844,293.1499938964844,0.0,-0.0,284.8831481933594,0.8457413911819458,0.4911040067672729,0.4700255095958709,297.2449645996094,297.1499938964844,293.1499938964844,0.0,-0.0,284.8832702636719,0.9990000128746032,0.8964825868606567,0.5714655518531799,297.0276184082031,297.1499938964844,293.1499938964844,0.0,-0.0,284.8830261230469,0.7545086145401001,0.3446360826492309,0.3321436643600464,297.0267028808594,297.1499938964844,293.1499938964844,0.0,-0.0,284.8827209472656,0.6372246742248535,0.204626053571701,0.9500669836997986,284.8831481933594,284.95001220703125,297.39306640625,288.1749572753906,297.1810302734375,297.1046142578125,284.8836669921875,1.0,0.6329953074455261,0.3618492484092712,0.3618492484092712,1.0,1.0,-3.171386480331421,0.8372840881347656,2.334102392196656,0.1194354593753814,0.8960757255554199,0.8960757255554199,0.0,225.5470428466797,214.0,41904.76953125,0.0,3038.198974609375,1.0,280.6421203613281,283.3905334472656,291.1305847167969,293.7938232421875,293.1499938964844,293.1499938964844,280.95001220703125,36129.6640625,36000.0,313.1499938964844,0.0,18000.0,1.0,0.0,0.0,0.0,1.0,0.9692549705505372,1.0,0.0,0.0,3.641257762908936,3.641281843185425,8.847002845868701e-07,4.265924453735352,4.265914440155029,9.78592834144365e-06,0.0,0.0,-0.0,5463.66259765625,0.0,1524.4320068359375,1895.4371337890625,0.0,4034.642822265625,0.9034214019775392,1.0,0.0,3.0,1.0,0.0
12246660,296.97491455078125,297.1499938964844,293.1499938964844,0.0,-0.0,285.0447082519531,0.7564281225204468,0.3451938331127167,0.3157804906368255,296.9247741699219,297.1499938964844,293.1499938964844,0.0,-0.0,285.0447692871094,0.8461417555809021,0.4888030290603637,0.4676051139831543,297.2427673339844,297.1499938964844,293.1499938964844,0.0,-0.0,285.0448303222656,0.9990000128746032,0.8974241614341736,0.5676802396774292,297.0314025878906,297.1499938964844,293.1499938964844,0.0,-0.0,285.0447082519531,0.7551513910293579,0.3434639573097229,0.3308102786540985,297.0277099609375,297.1499938964844,293.1499938964844,0.0,-0.0,285.0444641113281,0.6369596719741821,0.2031605541706085,0.9425363540649414,285.0447692871094,284.95001220703125,297.3167419433594,288.1349182128906,297.162109375,297.106201171875,285.04498291015625,1.0,0.6285578012466431,0.3621546328067779,0.3621546328067779,1.0,1.0,-3.151329517364502,0.8316400647163391,2.319689512252808,0.1185374036431312,0.8987299799919128,0.8987299799919128,0.0,222.6164093017578,202.0,40532.08203125,0.0,2980.315185546875,1.0,280.9416809082031,283.5993957519531,291.0712585449219,293.6356811523437,293.1499938964844,293.1499938964844,281.25,35949.42578125,36000.0,313.1499938964844,0.0,18000.0,1.0,0.0,0.0,0.0,1.0,0.9533056616783142,1.0,0.0,0.0,3.64263916015625,3.6426632404327393,8.853716622070351e-07,4.265924453735352,4.265914440155029,9.78592834144365e-06,0.0,0.0,-0.0,5331.72119140625,0.0,1524.6170654296875,1895.4371337890625,0.0,3892.692626953125,0.903610110282898,1.0,0.0,3.0,1.0,0.0
12246720,296.97491455078125,297.1499938964844,293.1499938964844,0.0,-0.0,285.0447082519531,0.7564281225204468,0.3451938331127167,0.3157804906368255,296.9247741699219,297.1499938964844,293.1499938964844,0.0,-0.0,285.0447692871094,0.8461417555809021,0.4888030290603637,0.4676051139831543,297.2427673339844,297.1499938964844,293.1499938964844,0.0,-0.0,285.0448303222656,0.9990000128746032,0.8974241614341736,0.5676802396774292,297.0314025878906,297.1499938964844,293.1499938964844,0.0,-0.0,285.0447082519531,0.7551513910293579,0.3434639573097229,0.3308102786540985,297.0277099609375,297.1499938964844,293.1499938964844,0.0,-0.0,285.0444641113281,0.6369596719741821,0.2031605541706085,0.9425363540649414,285.0447692871094,284.95001220703125,297.3167419433594,288.1349182128906,297.162109375,297.106201171875,285.04498291015625,1.0,0.6285578012466431,0.3621546328067779,0.3621546328067779,1.0,1.0,-3.151329517364502,0.8316400647163391,2.319689512252808,0.1185374036431312,0.8987299799919128,0.8987299799919128,0.0,222.6164093017578,202.0,40532.08203125,0.0,2980.315185546875,1.0,280.9416809082031,283.5993957519531,291.0712585449219,293.6356811523437,293.1499938964844,293.1499938964844,281.25,35949.42578125,36000.0,313.1499938964844,0.0,18000.0,1.0,0.0,0.0,0.0,1.0,0.9533056616783142,1.0,0.0,0.0,3.64263916015625,3.6426632404327393,8.853716622070351e-07,4.265924453735352,4.265914440155029,9.78592834144365e-06,0.0,0.0,-0.0,5331.72119140625,0.0,1524.6170654296875,1895.4371337890625,0.0,3892.692626953125,0.903610110282898,1.0,0.0,3.0,1.0,0.0
12246780,296.9858703613281,297.1499938964844,293.1499938964844,0.0,-0.0,285.20330810546875,0.7599733471870422,0.3440822660923004,0.3144938945770263,296.93511962890625,297.1499938964844,293.1499938964844,0.0,-0.0,285.203369140625,0.8499599695205688,0.4869942367076874,0.465589314699173,297.2693176269531,297.1499938964844,293.1499938964844,0.0,-0.0,285.20343017578125,0.9990000128746032,0.9012646675109864,0.5573517680168152,297.0388488769531,297.1499938964844,293.1499938964844,0.0,-0.0,285.20330810546875,0.7589302062988281,0.3427106142044067,0.3297953903675079,297.0326538085937,297.1499938964844,293.1499938964844,0.0,-0.0,285.2030944824219,0.6393469572067261,0.2021074295043945,0.9363369941711426,285.203369140625,284.95001220703125,297.243896484375,288.09735107421875,297.1566162109375,297.1248474121094,285.2035217285156,1.0,0.6216622591018677,0.3624600172042846,0.3624600172042846,1.0,1.0,-3.1262714862823486,0.8243717551231384,2.301899671554565,0.1170003116130828,0.9034721851348876,0.9034721851348876,0.0,215.8965759277344,205.0,39171.359375,0.0,2892.5986328125,1.0,281.2417297363281,283.8040466308594,291.0323181152344,293.5087585449219,293.1499938964844,293.1499938964844,280.95001220703125,35745.51171875,36000.0,313.1499938964844,0.0,18000.0,1.0,0.0,0.0,0.0,1.0,0.9374629855155944,1.0,0.0,0.0,3.651604890823364,3.6516289710998535,8.897354177861416e-07,4.265924453735352,4.265914440155029,9.78592834144365e-06,0.0,0.0,-0.0,5847.296875,0.0,1533.0499267578125,1895.4371337890625,0.0,3749.35107421875,0.9054765105247498,1.0,0.0,3.0,1.0,0.0
12246840,296.9858703613281,297.1499938964844,293.1499938964844,0.0,-0.0,285.20330810546875,0.7599733471870422,0.3440822660923004,0.3144938945770263,296.93511962890625,297.1499938964844,293.1499938964844,0.0,-0.0,285.203369140625,0.8499599695205688,0.4869942367076874,0.465589314699173,297.2693176269531,297.1499938964844,293.1499938964844,0.0,-0.0,285.20343017578125,0.9990000128746032,0.9012646675109864,0.5573517680168152,297.0388488769531,297.1499938964844,293.1499938964844,0.0,-0.0,285.20330810546875,0.7589302062988281,0.3427106142044067,0.3297953903675079,297.0326538085937,297.1499938964844,293.1499938964844,0.0,-0.0,285.2030944824219,0.6393469572067261,0.2021074295043945,0.9363369941711426,285.203369140625,284.95001220703125,297.243896484375,288.09735107421875,297.1566162109375,297.1248474121094,285.2035217285156,1.0,0.6216622591018677,0.3624600172042846,0.3624600172042846,1.0,1.0,-3.1262714862823486,0.8243717551231384,2.301899671554565,0.1170003116130828,0.9034721851348876,0.9034721851348876,0.0,215.8965759277344,205.0,39171.359375,0.0,2892.5986328125,1.0,281.2417297363281,283.8040466308594,291.0323181152344,293.5087585449219,293.1499938964844,293.1499938964844,280.95001220703125,35745.51171875,36000.0,313.1499938964844,0.0,18000.0,1.0,0.0,0.0,0.0,1.0,0.9374629855155944,1.0,0.0,0.0,3.651604890823364,3.6516289710998535,8.897354177861416e-07,4.265924453735352,4.265914440155029,9.78592834144365e-06,0.0,0.0,-0.0,5847.296875,0.0,1533.0499267578125,1895.4371337890625,0.0,3749.35107421875,0.9054765105247498,1.0,0.0,3.0,1.0,0.0
12246900,296.9861145019531,297.1499938964844,293.1499938964844,0.0,-0.0,285.0708312988281,0.7607879638671875,0.3430739045143127,0.313803881406784,296.935546875,297.1499938964844,293.1499938964844,0.0,-0.0,285.0692443847656,0.8508477210998535,0.4856805205345154,0.4645603597164154,297.27789306640625,297.1499938964844,293.1499938964844,0.0,-0.0,285.0678100585937,0.9990000128746032,0.9028709530830384,0.5543224215507507,297.03924560546875,297.1499938964844,293.1499938964844,0.0,-0.0,285.07086181640625,0.7599174380302429,0.342051088809967,0.3293034434318542,297.0335998535156,297.1499938964844,293.1499938964844,0.0,-0.0,285.0748291015625,0.6398699879646301,0.2014602869749069,0.9336342811584472,285.0694580078125,284.95001220703125,297.2088623046875,288.07958984375,297.1512756347656,297.1302185058594,285.06121826171875,1.0,0.6196085810661316,0.3626126945018768,0.3626126945018768,1.0,1.0,-3.116713285446167,0.8217018246650696,2.295011520385742,0.1164106950163841,0.9029839038848876,0.9029839038848876,0.0,213.8518218994141,205.0,40013.64453125,0.0,2862.236328125,1.0,280.99853515625,283.6332397460937,291.1024475097656,293.71826171875,293.1499938964844,293.1499938964844,280.95001220703125,35803.828125,36000.0,313.1499938964844,0.0,18000.0,1.0,0.0,0.0,0.0,1.0,0.9442931413650512,1.0,0.0,0.0,3.655472040176392,3.655496120452881,8.916209139897546e-07,4.265924453735352,4.265914440155029,9.78592834144365e-06,0.0,0.0,-0.0,5699.84326171875,0.0,1537.7950439453125,1895.4371337890625,0.0,3811.40771484375,0.9063295125961304,1.0,0.0,3.0,1.0,0.0
12246960,296.98150634765625,297.1499938964844,293.1499938964844,0.0,-0.0,285.01397705078125,0.7602524757385254,0.3415839374065399,0.3126221299171448,296.9310302734375,297.1499938964844,293.1499938964844,0.0,-0.0,285.0135803222656,0.850394606590271,0.4838793873786926,0.4630360305309295,297.27520751953125,297.1499938964844,293.1499938964844,0.0,-0.0,285.01324462890625,0.9990000128746032,0.9034216403961182,0.5534166097640991,297.0357666015625,297.1499938964844,293.1499938964844,0.0,-0.0,285.01397705078125,0.7596796154975891,0.3410070538520813,0.3284525275230407,297.0319519042969,297.1499938964844,293.1499938964844,0.0,-0.0,285.01495361328125,0.6394070386886597,0.2005594223737716,0.9299997687339784,285.0136413574219,284.95001220703125,297.17486572265625,288.0625915527344,297.1397705078125,297.1268310546875,285.011474609375,1.0,0.6179729104042053,0.3628878593444824,0.3628878593444824,1.0,1.0,-3.1069793701171875,0.8192875981330872,2.287691831588745,0.1162376627326011,0.9028087258338928,0.9028087258338928,0.0,212.9665985107422,208.0,40022.24609375,0.0,2837.82080078125,1.0,280.9576721191406,283.5771179199219,291.09832763671875,293.6899719238281,293.1499938964844,293.1499938964844,280.6499938964844,35871.66796875,36000.0,313.1499938964844,0.0,18000.0,1.0,0.0,0.0,0.0,1.0,0.9489842057228088,1.0,0.0,0.0,3.657212018966675,3.657236099243164,8.924699272938597e-07,4.265924453735352,4.265914440155029,9.78592834144365e-06,0.0,0.0,-0.0,5981.48095703125,0.0,1540.2449951171875,1895.4371337890625,0.0,3853.806396484375,0.9067904949188232,1.0,0.0,3.0,1.0,0.0
12247020,296.96551513671875,297.1499938964844,293.1499938964844,0.0,-0.0,284.80523681640625,0.7569889426231384,0.3378366231918335,0.3095305860042572,296.91424560546875,297.1499938964844,293.1499938964844,0.0,-0.0,284.8048095703125,0.8472280502319336,0.4794136881828308,0.459149420261383,297.24615478515625,297.1499938964844,293.1499938964844,0.0,-0.0,284.8044128417969,0.9990000128746032,0.9020935297012328,0.5551819801330566,297.0220642089844,297.1499938964844,293.1499938964844,0.0,-0.0,284.80523681640625,0.7570722699165344,0.3381811380386352,0.3260604739189148,297.0232238769531,297.1499938964844,293.1499938964844,0.0,-0.0,284.8063049316406,0.6366620659828186,0.198188304901123,0.920426070690155,284.80487060546875,284.95001220703125,297.110107421875,288.03094482421875,297.1060791015625,297.1043701171875,284.80255126953125,1.0,0.6155783534049988,0.3634381592273712,0.3634381592273712,1.0,1.0,-3.086329221725464,0.8141018152236938,2.2722272872924805,0.1158000156283378,0.8991790413856506,0.8991790413856506,0.0,213.09507751464844,211.0,40836.234375,0.0,2797.022705078125,1.0,280.658203125,283.3329467773437,291.0853881835937,293.7479553222656,293.1499938964844,293.1499938964844,280.95001220703125,36094.87890625,36000.0,313.1499938964844,0.0,18000.0,1.0,0.0,0.0,0.0,1.0,0.9634125232696532,1.0,0.0,0.0,3.6544349193573,3.654458999633789,8.911150075618934e-07,4.265924453735352,4.265914440155029,9.78592834144365e-06,0.0,0.0,-0.0,5400.380859375,0.0,1538.8189697265625,1895.4371337890625,0.0,3982.946533203125,0.9063144326210022,1.0,0.0,3.0,1.0,0.0
12247080,296.96551513671875,297.1499938964844,293.1499938964844,0.0,-0.0,284.80523681640625,0.7569889426231384,0.3378366231918335,0.3095305860042572,296.91424560546875,297.1499938964844,293.1499938964844,0.0,-0.0,284.8048095703125,0.8472280502319336,0.4794136881828308,0.459149420261383,297.24615478515625,297.1499938964844,293.1499938964844,0.0,-0.0,284.8044128417969,0.9990000128746032,0.9020935297012328,0.5551819801330566,297.0220642089844,297.1499938964844,293.1499938964844,0.0,-0.0,284.80523681640625,0.7570722699165344,0.3381811380386352,0.3260604739189148,297.0232238769531,297.1499938964844,293.1499938964844,0.0,-0.0,284.8063049316406,0.6366620659828186,0.198188304901123,0.920426070690155,284.80487060546875,284.95001220703125,297.110107421875,288.03094482421875,297.1060791015625,297.1043701171875,284.80255126953125,1.0,0.6155783534049988,0.3634381592273712,0.3634381592273712,1.0,1.0,-3.086329221725464,0.8141018152236938,2.2722272872924805,0.1158000156283378,0.8991790413856506,0.8991790413856506,0.0,213.09507751464844,211.0,40836.234375,0.0,2797.022705078125,1.0,280.658203125,283.3329467773437,291.0853881835937,293.7479553222656,293.1499938964844,293.1499938964844,280.95001220703125,36094.87890625,36000.0,313.1499938964844,0.0,18000.0,1.0,0.0,0.0,0.0,1.0,0.9634125232696532,1.0,0.0,0.0,3.6544349193573,3.654458999633789,8.911150075618934e-07,4.265924453735352,4.265914440155029,9.78592834144365e-06,0.0,0.0,-0.0,5400.380859375,0.0,1538.8189697265625,1895.4371337890625,0.0,3982.946533203125,0.9063144326210022,1.0,0.0,3.0,1.0,0.0
12247140,296.96240234375,297.1499938964844,293.1499938964844,0.0,-0.0,284.950927734375,0.7533653378486633,0.3351640105247497,0.3068306148052215,296.90887451171875,297.1499938964844,293.1499938964844,0.0,-0.0,284.9510192871094,0.8434707522392273,0.475864052772522,0.4555188119411468,297.2261962890625,297.1499938964844,293.1499938964844,0.0,-0.0,284.9511413574219,0.9990000128746032,0.9012649059295654,0.5585280060768127,297.0160827636719,297.1499938964844,293.1499938964844,0.0,-0.0,284.950927734375,0.7538546919822693,0.335940271615982,0.3237566351890564,297.01812744140625,297.1499938964844,293.1499938964844,0.0,-0.0,284.9505920410156,0.6332882046699524,0.1960553973913192,0.910498023033142,284.9510192871094,284.95001220703125,297.04998779296875,288.0027160644531,297.0811767578125,297.0920104980469,284.9514465332031,1.0,0.6140179634094238,0.3639884889125824,0.3639884889125824,1.0,1.0,-3.068028211593628,0.8096659779548645,2.258362293243408,0.1154778376221656,0.9004063010215759,0.9004063010215759,0.0,214.18511962890625,214.0,39528.46484375,0.0,2766.35546875,1.0,280.94219970703125,283.5261535644531,290.955810546875,293.47430419921875,293.1499938964844,293.1499938964844,280.6499938964844,36006.375,36000.0,313.1499938964844,0.0,18000.0,1.0,0.0,0.0,0.0,1.0,0.94984769821167,1.0,0.0,0.0,3.653507947921753,3.653532028198242,8.906629886951123e-07,4.265924453735352,4.265914440155029,9.78592834144365e-06,0.0,0.0,-0.0,5883.96240234375,0.0,1537.12255859375,1895.4371337890625,0.0,3861.590087890625,0.906073272228241,1.0,0.0,3.0,1.0,0.0
12247200,296.96240234375,297.1499938964844,293.1499938964844,0.0,-0.0,284.950927734375,0.7533653378486633,0.3351640105247497,0.3068306148052215,296.90887451171875,297.1499938964844,293.1499938964844,0.0,-0.0,284.9510192871094,0.8434707522392273,0.475864052772522,0.4555188119411468,297.2261962890625,297.1499938964844,293.1499938964844,0.0,-0.0,284.9511413574219,0.9990000128746032,0.9012649059295654,0.5585280060768127,297.0160827636719,297.1499938964844,293.1499938964844,0.0,-0.0,284.950927734375,0.7538546919822693,0.335940271615982,0.3237566351890564,297.01812744140625,297.1499938964844,293.1499938964844,0.0,-0.0,284.9505920410156,0.6332882046699524,0.1960553973913192,0.910498023033142,284.9510192871094,284.95001220703125,297.04998779296875,288.0027160644531,297.0811767578125,297.0920104980469,284.9514465332031,1.0,0.6140179634094238,0.3639884889125824,0.3639884889125824,1.0,1.0,-3.068028211593628,0.8096659779548645,2.258362293243408,0.1154778376221656,0.9004063010215759,0.9004063010215759,0.0,214.18511962890625,214.0,39528.46484375,0.0,2766.35546875,1.0,280.94219970703125,283.5261535644531,290.955810546875,293.47430419921875,293.1499938964844,293.1499938964844,280.6499938964844,36006.375,36000.0,313.1499938964844,0.0,18000.0,1.0,0.0,0.0,0.0,1.0,0.94984769821167,1.0,0.0,0.0,3.653507947921753,3.653532028198242,8.906629886951123e-07,4.265924453735352,4.265914440155029,9.78592834144365e-06,0.0,0.0,-0.0,5883.96240234375,0.0,1537.12255859375,1895.4371337890625,0.0,3861.590087890625,0.906073272228241,1.0,0.0,3.0,1.0,0.0
12247260,296.9535217285156,297.1499938964844,293.1499938964844,0.0,-0.0,284.7641296386719,0.7495189905166626,0.3319038450717926,0.3043192327022552,296.8988342285156,297.1499938964844,293.1499938964844,0.0,-0.0,284.7637634277344,0.8394310474395752,0.4718086421489715,0.4521172344684601,297.19146728515625,297.1499938964844,293.1499938964844,0.0,-0.0,284.7633972167969,0.9990000128746032,0.8987415432929993,0.5628446936607361,297.00732421875,297.1499938964844,293.1499938964844,0.0,-0.0,284.7641296386719,0.7504103779792786,0.3333676159381866,0.3216544091701507,297.0115661621094,297.1499938964844,293.1499938964844,0.0,-0.0,284.7651062011719,0.6297366619110107,0.1937292516231537,0.9012100100517272,284.7637939453125,284.95001220703125,296.9923400878906,287.97625732421875,297.0503234863281,297.07086181640625,284.76171875,1.0,0.613131046295166,0.3645423650741577,0.3645423650741577,1.0,1.0,-3.052419900894165,0.8060926198959351,2.2463271617889404,0.1155653968453407,0.8964299559593201,0.8964299559593201,0.0,215.94097900390625,217.0,40329.8671875,0.0,2744.718017578125,1.0,280.6578369140625,283.3041687011719,291.0005187988281,293.6141357421875,293.1499938964844,293.1499938964844,280.95001220703125,36188.98046875,36000.0,313.1499938964844,0.0,18000.0,1.0,0.0,0.0,0.0,1.0,0.9582406282424928,1.0,0.0,0.0,3.647382020950317,3.647406101226807,8.876787092049199e-07,4.265924453735352,4.265914440155029,9.78592834144365e-06,0.0,0.0,-0.0,5345.24609375,0.0,1531.6707763671875,1895.4371337890625,0.0,3936.887451171875,0.9048057794570924,1.0,0.0,3.0,1.0,0.0
12247320,296.9535217285156,297.1499938964844,293.1499938964844,0.0,-0.0,284.7641296386719,0.7495189905166626,0.3319038450717926,0.3043192327022552,296.8988342285156,297.1499938964844,293.1499938964844,0.0,-0.0,284.7637634277344,0.8394310474395752,0.4718086421489715,0.4521172344684601,297.19146728515625,297.1499938964844,293.1499938964844,0.0,-0.0,284.7633972167969,0.9990000128746032,0.8987415432929993,0.5628446936607361,297.00732421875,297.1499938964844,293.1499938964844,0.0,-0.0,284.7641296386719,0.7504103779792786,0.3333676159381866,0.3216544091701507,297.0115661621094,297.1499938964844,293.1499938964844,0.0,-0.0,284.7651062011719,0.6297366619110107,0.1937292516231537,0.9012100100517272,284.7637939453125,284.95001220703125,296.9923400878906,287.97625732421875,297.0503234863281,297.07086181640625,284.76171875,1.0,0.613131046295166,0.3645423650741577,0.3645423650741577,1.0,1.0,-3.052419900894165,0.8060926198959351,2.2463271617889404,0.1155653968453407,0.8964299559593201,0.8964299559593201,0.0,215.94097900390625,217.0,40329.8671875,0.0,2744.718017578125,1.0,280.6578369140625,283.3041687011719,291.0005187988281,293.6141357421875,293.1499938964844,293.1499938964844,280.95001220703125,36188.98046875,36000.0,313.1499938964844,0.0,18000.0,1.0,0.0,0.0,0.0,1.0,0.9582406282424928,1.0,0.0,0.0,3.647382020950317,3.647406101226807,8.876787092049199e-07,4.265924453735352,4.265914440155029,9.78592834144365e-06,0.0,0.0,-0.0,5345.24609375,0.0,1531.6707763671875,1895.4371337890625,0.0,3936.887451171875,0.9048057794570924,1.0,0.0,3.0,1.0,0.0
12247380,296.9527282714844,297.1499938964844,293.1499938964844,0.0,-0.0,284.9144897460937,0.7454077005386353,0.3293163180351257,0.301796555519104,296.89617919921875,297.1499938964844,293.1499938964844,0.0,-0.0,284.91461181640625,0.8350648283958435,0.4683408439159393,0.4486640393733978,297.1654052734375,297.1499938964844,293.1499938964844,0.0,-0.0,284.91473388671875,0.9990000128746032,0.8965989947319031,0.5679165124893188,297.0038452148437,297.1499938964844,293.1499938964844,0.0,-0.0,284.9144897460937,0.746659517288208,0.331195592880249,0.3194941282272339,297.0079345703125,297.1499938964844,293.1499938964844,0.0,-0.0,284.9140930175781,0.6258559823036194,0.1915980130434036,0.891541063785553,284.91461181640625,284.95001220703125,296.9346008300781,287.9496765136719,297.0247802734375,297.0567932128906,284.9151611328125,1.0,0.6125504970550537,0.365096241235733,0.365096241235733,1.0,1.0,-3.03710675239563,0.8026050925254822,2.234501600265503,0.1155706569552421,0.897205114364624,0.897205114364624,0.0,218.144775390625,205.0,39051.7265625,0.0,2726.148681640625,1.0,280.9421081542969,283.50164794921875,290.8990478515625,293.3819274902344,293.1499938964844,293.1499938964844,281.25,36082.13671875,36000.0,313.1499938964844,0.0,18000.0,1.0,0.0,0.0,0.0,1.0,0.9443792700767516,1.0,0.0,0.0,3.643598079681397,3.6436221599578857,8.858378919285315e-07,4.265924453735352,4.265914440155029,9.78592834144365e-06,0.0,0.0,-0.0,5191.8017578125,0.0,1526.6712646484375,1895.4371337890625,0.0,3812.18798828125,0.903911828994751,1.0,0.0,3.0,1.0,0.0
12247440,296.9527282714844,297.1499938964844,293.1499938964844,0.0,-0.0,284.9144897460937,0.7454077005386353,0.3293163180351257,0.301796555519104,296.89617919921875,297.1499938964844,293.1499938964844,0.0,-0.0,284.91461181640625,0.8350648283958435,0.4683408439159393,0.4486640393733978,297.1654052734375,297.1499938964844,293.1499938964844,0.0,-0.0,284.91473388671875,0.9990000128746032,0.8965989947319031,0.5679165124893188,297.0038452148437,297.1499938964844,293.1499938964844,0.0,-0.0,284.9144897460937,0.746659517288208,0.331195592880249,0.3194941282272339,297.0079345703125,297.1499938964844,293.1499938964844,0.0,-0.0,284.9140930175781,0.6258559823036194,0.1915980130434036,0.891541063785553,284.91461181640625,284.95001220703125,296.9346008300781,287.9496765136719,297.0247802734375,297.0567932128906,284.9151611328125,1.0,0.6125504970550537,0.365096241235733,0.365096241235733,1.0,1.0,-3.03710675239563,0.8026050925254822,2.234501600265503,0.1155706569552421,0.897205114364624,0.897205114364624,0.0,218.144775390625,205.0,39051.7265625,0.0,2726.148681640625,1.0,280.9421081542969,283.50164794921875,290.8990478515625,293.3819274902344,293.1499938964844,293.1499938964844,281.25,36082.13671875,36000.0,313.1499938964844,0.0,18000.0,1.0,0.0,0.0,0.0,1.0,0.9443792700767516,1.0,0.0,0.0,3.643598079681397,3.6436221599578857,8.858378919285315e-07,4.265924453735352,4.265914440155029,9.78592834144365e-06,0.0,0.0,-0.0,5191.8017578125,0.0,1526.6712646484375,1895.4371337890625,0.0,3812.18798828125,0.903911828994751,1.0,0.0,3.0,1.0,0.0
12247500,296.95611572265625,297.1499938964844,293.1499938964844,0.0,-0.0,285.0414428710937,0.7451213598251343,0.3283971846103668,0.3008289337158203,296.8987731933594,297.1499938964844,293.1499938964844,0.0,-0.0,285.0429077148437,0.8347551822662354,0.4669864773750305,0.4472379386425018,297.1611022949219,297.1499938964844,293.1499938964844,0.0,-0.0,285.0443115234375,0.9990000128746032,0.8962666988372803,0.5667840838432312,297.0052490234375,297.1499938964844,293.1499938964844,0.0,-0.0,285.0414733886719,0.7464861273765564,0.3304038941860199,0.3186237215995788,297.00830078125,297.1499938964844,293.1499938964844,0.0,-0.0,285.03759765625,0.6252952814102173,0.1907332986593246,0.887224018573761,285.0427551269531,284.95001220703125,296.9057312011719,287.93634033203125,297.0162048339844,297.0554504394531,285.0498046875,1.0,0.610412061214447,0.3653731942176819,0.3653731942176819,1.0,1.0,-3.0266435146331787,0.7999249696731567,2.2267184257507324,0.1154334768652916,0.8990630507469177,0.8990630507469177,0.0,217.1097106933593,205.0,37966.1953125,0.0,2700.405029296875,1.0,281.1986083984375,283.6713562011719,290.8460693359375,293.2065734863281,293.1499938964844,293.1499938964844,281.25,35980.59375,36000.0,313.1499938964844,0.0,18000.0,1.0,0.0,0.0,0.0,1.0,0.9333029985427856,1.0,0.0,0.0,3.644143581390381,3.64416766166687,8.86103123320936e-07,4.265924453735352,4.265914440155029,9.78592834144365e-06,0.0,0.0,-0.0,5329.85400390625,0.0,1526.517822265625,1895.4371337890625,0.0,3711.379150390625,0.9040005207061768,1.0,0.0,3.0,1.0,0.0
12247560,296.9610595703125,297.1499938964844,293.1499938964844,0.0,-0.0,285.0788269042969,0.7459271550178528,0.3276556134223938,0.3000609576702118,296.90313720703125,297.1499938964844,293.1499938964844,0.0,-0.0,285.07891845703125,0.8356059789657593,0.4658237397670746,0.4460268914699554,297.1654052734375,297.1499938964844,293.1499938964844,0.0,-0.0,285.0789794921875,0.9990000128746032,0.8967576026916504,0.5634089708328247,297.00811767578125,297.1499938964844,293.1499938964844,0.0,-0.0,285.0788269042969,0.7473714351654053,0.3297704756259918,0.317910760641098,297.00994873046875,297.1499938964844,293.1499938964844,0.0,-0.0,285.0785522460937,0.6256146430969238,0.18999844789505,0.8833773732185364,285.07891845703125,284.95001220703125,296.8768615722656,287.9230041503906,297.0114440917969,297.0592956542969,285.0791320800781,1.0,0.6075624823570251,0.3656518161296844,0.3656518161296844,1.0,1.0,-3.014728307723999,0.7967722415924072,2.217956066131592,0.1150404289364814,0.9003291726112366,0.9003291726112366,0.0,214.77322387695312,208.0,37712.4140625,0.0,2665.330078125,1.0,281.2418518066406,283.7117919921875,290.85211181640625,293.2389831542969,293.1499938964844,293.1499938964844,280.95001220703125,35899.54296875,36000.0,313.1499938964844,0.0,18000.0,1.0,0.0,0.0,0.0,1.0,0.9268541932106018,1.0,0.0,0.0,3.646815061569214,3.646839141845703,8.874027912497695e-07,4.265924453735352,4.265914440155029,9.78592834144365e-06,0.0,0.0,-0.0,5693.4248046875,0.0,1528.8770751953125,1895.4371337890625,0.0,3652.2734375,0.9045096039772034,1.0,0.0,3.0,1.0,0.0
12247620,296.9564819335937,297.1499938964844,293.1499938964844,0.0,-0.0,284.889404296875,0.7445054054260254,0.3248189389705658,0.2979167699813843,296.8983459472656,297.1499938964844,293.1499938964844,0.0,-0.0,284.8890075683594,0.8341551423072815,0.462228924036026,0.4430480003356933,297.1528015136719,297.1499938964844,293.1499938964844,0.0,-0.0,284.8885803222656,0.9990000128746032,0.8957163095474243,0.5627694129943848,297.0041198730469,297.1499938964844,293.1499938964844,0.0,-0.0,284.889404296875,0.7463194131851196,0.327583760023117,0.3161441087722778,297.0079040527344,297.1499938964844,293.1499938964844,0.0,-0.0,284.8904724121094,0.6240400075912476,0.1880258917808532,0.8753249645233154,284.8890380859375,284.95001220703125,296.819091796875,287.896240234375,296.9906005859375,297.0518798828125,284.8868408203125,1.0,0.6049437522888184,0.3662090897560119,0.3662090897560119,1.0,1.0,-2.995991945266724,0.792129635810852,2.203862190246582,0.1146624460816383,0.8980039954185486,0.8980039954185486,0.0,213.68614196777344,211.0,38514.90234375,0.0,2623.893310546875,1.0,280.9578552246094,283.4863586425781,290.9278259277344,293.4245910644531,293.1499938964844,293.1499938964844,281.25,36043.91015625,36000.0,313.1499938964844,0.0,18000.0,1.0,0.0,0.0,0.0,1.0,0.9375045895576476,1.0,0.0,0.0,3.646052122116089,3.646076202392578,8.870314900377707e-07,4.265924453735352,4.265914440155029,9.78592834144365e-06,0.0,0.0,-0.0,5184.15283203125,0.0,1529.1090087890625,1895.4371337890625,0.0,3749.730224609375,0.9044116139411926,1.0,0.0,3.0,1.0,0.0
12247680,296.9564819335937,297.1499938964844,293.1499938964844,0.0,-0.0,284.889404296875,0.7445054054260254,0.3248189389705658,0.2979167699813843,296.8983459472656,297.1499938964844,293.1499938964844,0.0,-0.0,284.8890075683594,0.8341551423072815,0.462228924036026,0.4430480003356933,297.1528015136719,297.1499938964844,293.1499938964844,0.0,-0.0,284.8885803222656,0.9990000128746032,0.8957163095474243,0.5627694129943848,297.0041198730469,297.1499938964844,293.1499938964844,0.0,-0.0,284.889404296875,0.7463194131851196,0.327583760023117,0.3161441087722778,297.0079040527344,297.1499938964844,293.1499938964844,0.0,-0.0,284.8904724121094,0.6240400075912476,0.1880258917808532,0.8753249645233154,284.8890380859375,284.95001220703125,296.819091796875,287.896240234375,296.9906005859375,297.0518798828125,284.8868408203125,1.0,0.6049437522888184,0.3662090897560119,0.3662090897560119,1.0,1.0,-2.995991945266724,0.792129635810852,2.203862190246582,0.1146624460816383,0.8980039954185486,0.8980039954185486,0.0,213.68614196777344,211.0,38514.90234375,0.0,2623.893310546875,1.0,280.9578552246094,283.4863586425781,290.9278259277344,293.4245910644531,293.1499938964844,293.1499938964844,281.25,36043.91015625,36000.0,313.1499938964844,0.0,18000.0,1.0,0.0,0.0,0.0,1.0,0.9375045895576476,1.0,0.0,0.0,3.646052122116089,3.646076202392578,8.870314900377707e-07,4.265924453735352,4.265914440155029,9.78592834144365e-06,0.0,0.0,-0.0,5184.15283203125,0.0,1529.1090087890625,1895.4371337890625,0.0,3749.730224609375,0.9044116139411926,1.0,0.0,3.0,1.0,0.0
12247740,296.957275390625,297.1499938964844,293.1499938964844,0.0,-0.0,285.0386962890625,0.7416691780090332,0.3224321603775024,0.2955541610717773,296.8978271484375,297.1499938964844,293.1499938964844,0.0,-0.0,285.038818359375,0.8311518430709839,0.4589740931987762,0.439780980348587,297.1405944824219,297.1499938964844,293.1499938964844,0.0,-0.0,285.0389404296875,0.9990000128746032,0.8944991827011108,0.5651272535324097,297.0026550292969,297.1499938964844,293.1499938964844,0.0,-0.0,285.0386962890625,0.7438241243362427,0.3255747258663177,0.3141213953495025,297.0068359375,297.1499938964844,293.1499938964844,0.0,-0.0,285.038330078125,0.6212170124053955,0.1861107051372528,0.8664913177490234,285.038818359375,284.95001220703125,296.7613220214844,287.869384765625,296.9709167480469,297.0458374023437,285.039306640625,1.0,0.6033326983451843,0.3667663335800171,0.3667663335800171,1.0,1.0,-2.9790024757385254,0.788042426109314,2.190959930419922,0.1144491285085678,0.90042644739151,0.90042644739151,0.0,214.328353881836,199.0,37266.17578125,0.0,2594.966064453125,1.0,281.2421264648437,283.6814880371094,290.8253173828125,293.19921875,293.1499938964844,293.1499938964844,280.95001220703125,35917.19140625,36000.0,313.1499938964844,0.0,18000.0,1.0,0.0,0.0,0.0,1.0,0.925093114376068,1.0,0.0,0.0,3.648402452468872,3.648426532745361,8.881754638423445e-07,4.265924453735352,4.265914440155029,9.78592834144365e-06,0.0,0.0,-0.0,5654.3662109375,0.0,1530.7725830078125,1895.4371337890625,0.0,3636.084716796875,0.9048734307289124,1.0,0.0,3.0,1.0,0.0
12247800,296.957275390625,297.1499938964844,293.1499938964844,0.0,-0.0,285.0386962890625,0.7416691780090332,0.3224321603775024,0.2955541610717773,296.8978271484375,297.1499938964844,293.1499938964844,0.0,-0.0,285.038818359375,0.8311518430709839,0.4589740931987762,0.439780980348587,297.1405944824219,297.1499938964844,293.1499938964844,0.0,-0.0,285.0389404296875,0.9990000128746032,0.8944991827011108,0.5651272535324097,297.0026550292969,297.1499938964844,293.1499938964844,0.0,-0.0,285.0386962890625,0.7438241243362427,0.3255747258663177,0.3141213953495025,297.0068359375,297.1499938964844,293.1499938964844,0.0,-0.0,285.038330078125,0.6212170124053955,0.1861107051372528,0.8664913177490234,285.038818359375,284.95001220703125,296.7613220214844,287.869384765625,296.9709167480469,297.0458374023437,285.039306640625,1.0,0.6033326983451843,0.3667663335800171,0.3667663335800171,1.0,1.0,-2.9790024757385254,0.788042426109314,2.190959930419922,0.1144491285085678,0.90042644739151,0.90042644739151,0.0,214.328353881836,199.0,37266.17578125,0.0,2594.966064453125,1.0,281.2421264648437,283.6814880371094,290.8253173828125,293.19921875,293.1499938964844,293.1499938964844,280.95001220703125,35917.19140625,36000.0,313.1499938964844,0.0,18000.0,1.0,0.0,0.0,0.0,1.0,0.925093114376068,1.0,0.0,0.0,3.648402452468872,3.648426532745361,8.881754638423445e-07,4.265924453735352,4.265914440155029,9.78592834144365e-06,0.0,0.0,-0.0,5654.3662109375,0.0,1530.7725830078125,1895.4371337890625,0.0,3636.084716796875,0.9048734307289124,1.0,0.0,3.0,1.0,0.0
12247860,296.95001220703125,297.1499938964844,293.1499938964844,0.0,-0.0,284.8447265625,0.741618275642395,0.3192726671695709,0.2929733395576477,296.8898010253906,297.1499938964844,293.1499938964844,0.0,-0.0,284.8442077636719,0.8312985301017761,0.4549853801727295,0.436283677816391,297.1181640625,297.1499938964844,293.1499938964844,0.0,-0.0,284.8437194824219,0.9990000128746032,0.8921203017234802,0.5603153109550476,296.9957580566406,297.1499938964844,293.1499938964844,0.0,-0.0,284.8446960449219,0.7441499829292297,0.3230224549770355,0.311879962682724,297.0025634765625,297.1499938964844,293.1499938964844,0.0,-0.0,284.845947265625,0.6206741333007812,0.1838729530572891,0.856762170791626,284.8442687988281,284.95001220703125,296.7035827636719,287.84246826171875,296.9458312988281,297.03253173828125,284.8415832519531,1.0,0.5975150465965271,0.3674445748329162,0.3674445748329162,1.0,1.0,-2.951545238494873,0.7807734608650208,2.170771837234497,0.1137275770306587,0.897491455078125,0.897491455078125,0.0,210.62744140625,202.0,37981.27734375,0.0,2524.88427734375,1.0,280.9578552246094,283.45172119140625,290.8758239746094,293.3472595214844,293.1499938964844,293.1499938964844,281.25,36084.12890625,36000.0,313.1499938964844,0.0,18000.0,1.0,0.0,0.0,0.0,1.0,0.9356631636619568,1.0,0.0,0.0,3.646233797073364,3.6462578773498535,8.871199383975181e-07,4.265924453735352,4.265914440155029,9.78592834144365e-06,0.0,0.0,-0.0,5137.4482421875,0.0,1529.611328125,1895.4371337890625,0.0,3732.938232421875,0.9044766426086426,1.0,0.0,3.0,1.0,0.0
12247920,296.95001220703125,297.1499938964844,293.1499938964844,0.0,-0.0,284.8447265625,0.741618275642395,0.3192726671695709,0.2929733395576477,296.8898010253906,297.1499938964844,293.1499938964844,0.0,-0.0,284.8442077636719,0.8312985301017761,0.4549853801727295,0.436283677816391,297.1181640625,297.1499938964844,293.1499938964844,0.0,-0.0,284.8437194824219,0.9990000128746032,0.8921203017234802,0.5603153109550476,296.9957580566406,297.1499938964844,293.1499938964844,0.0,-0.0,284.8446960449219,0.7441499829292297,0.3230224549770355,0.311879962682724,297.0025634765625,297.1499938964844,293.1499938964844,0.0,-0.0,284.845947265625,0.6206741333007812,0.1838729530572891,0.856762170791626,284.8442687988281,284.95001220703125,296.7035827636719,287.84246826171875,296.9458312988281,297.03253173828125,284.8415832519531,1.0,0.5975150465965271,0.3674445748329162,0.3674445748329162,1.0,1.0,-2.951545238494873,0.7807734608650208,2.170771837234497,0.1137275770306587,0.897491455078125,0.897491455078125,0.0,210.62744140625,202.0,37981.27734375,0.0,2524.88427734375,1.0,280.9578552246094,283.45172119140625,290.8758239746094,293.3472595214844,293.1499938964844,293.1499938964844,281.25,36084.12890625,36000.0,313.1499938964844,0.0,18000.0,1.0,0.0,0.0,0.0,1.0,0.9356631636619568,1.0,0.0,0.0,3.646233797073364,3.6462578773498535,8.871199383975181e-07,4.265924453735352,4.265914440155029,9.78592834144365e-06,0.0,0.0,-0.0,5137.4482421875,0.0,1529.611328125,1895.4371337890625,0.0,3732.938232421875,0.9044766426086426,1.0,0.0,3.0,1.0,0.0
12247980,296.9500427246094,297.1499938964844,293.1499938964844,0.0,-0.0,284.9895935058594,0.7399840354919434,0.3167241215705871,0.2903665006160736,296.8880920410156,297.1499938964844,293.1499938964844,0.0,-0.0,284.9896850585937,0.8296508193016052,0.4515007436275482,0.4326935708522796,297.1130065917969,297.1499938964844,293.1499938964844,0.0,-0.0,284.98980712890625,0.9990000128746032,0.8911709189414978,0.5592629313468933,296.9930725097656,297.1499938964844,293.1499938964844,0.0,-0.0,284.9895935058594,0.7428279519081116,0.3207842707633972,0.3095399737358093,297.0005798339844,297.1499938964844,293.1499938964844,0.0,-0.0,284.9892578125,0.6187045574188232,0.1817973405122757,0.8467419743537903,284.9896850585937,284.95001220703125,296.64581298828125,287.81549072265625,296.9279479980469,297.0289306640625,284.99005126953125,1.0,0.5941146016120911,0.3681228160858154,0.3681228160858154,1.0,1.0,-2.927957773208618,0.7747849822044373,2.153172731399536,0.1129633262753486,0.8992213010787964,0.8992213010787964,0.0,209.1387481689453,205.0,36673.21484375,0.0,2474.04150390625,1.0,281.2421264648437,283.64404296875,290.7647705078125,293.1048889160156,293.1499938964844,293.1499938964844,281.54998779296875,35974.43359375,36000.0,313.1499938964844,0.0,18000.0,1.0,0.0,0.0,0.0,1.0,0.9217199683189392,1.0,0.0,0.0,3.646450996398926,3.646475076675415,8.872256103131804e-07,4.265924453735352,4.265914440155029,9.78592834144365e-06,0.0,0.0,-0.0,4985.74609375,0.0,1529.0325927734375,1895.4371337890625,0.0,3605.022705078125,0.904474914073944,1.0,0.0,3.0,1.0,0.0
12248040,296.9500427246094,297.1499938964844,293.1499938964844,0.0,-0.0,284.9895935058594,0.7399840354919434,0.3167241215705871,0.2903665006160736,296.8880920410156,297.1499938964844,293.1499938964844,0.0,-0.0,284.9896850585937,0.8296508193016052,0.4515007436275482,0.4326935708522796,297.1130065917969,297.1499938964844,293.1499938964844,0.0,-0.0,284.98980712890625,0.9990000128746032,0.8911709189414978,0.5592629313468933,296.9930725097656,297.1499938964844,293.1499938964844,0.0,-0.0,284.9895935058594,0.7428279519081116,0.3207842707633972,0.3095399737358093,297.0005798339844,297.1499938964844,293.1499938964844,0.0,-0.0,284.9892578125,0.6187045574188232,0.1817973405122757,0.8467419743537903,284.9896850585937,284.95001220703125,296.64581298828125,287.81549072265625,296.9279479980469,297.0289306640625,284.99005126953125,1.0,0.5941146016120911,0.3681228160858154,0.3681228160858154,1.0,1.0,-2.927957773208618,0.7747849822044373,2.153172731399536,0.1129633262753486,0.8992213010787964,0.8992213010787964,0.0,209.1387481689453,205.0,36673.21484375,0.0,2474.04150390625,1.0,281.2421264648437,283.64404296875,290.7647705078125,293.1048889160156,293.1499938964844,293.1499938964844,281.54998779296875,35974.43359375,36000.0,313.1499938964844,0.0,18000.0,1.0,0.0,0.0,0.0,1.0,0.9217199683189392,1.0,0.0,0.0,3.646450996398926,3.646475076675415,8.872256103131804e-07,4.265924453735352,4.265914440155029,9.78592834144365e-06,0.0,0.0,-0.0,4985.74609375,0.0,1529.0325927734375,1895.4371337890625,0.0,3605.022705078125,0.904474914073944,1.0,0.0,3.0,1.0,0.0
12248100,296.95379638671875,297.1499938964844,293.1499938964844,0.0,-0.0,285.1184387207031,0.7391718029975891,0.3158261775970459,0.2894435524940491,296.8911437988281,297.1499938964844,293.1499938964844,0.0,-0.0,285.1201171875,0.8287233114242554,0.450136661529541,0.4312848746776581,297.1147766113281,297.1499938964844,293.1499938964844,0.0,-0.0,285.1217346191406,0.9990000128746032,0.8911075592041016,0.5594530701637268,296.9946594238281,297.1499938964844,293.1499938964844,0.0,-0.0,285.1184997558594,0.7420831918716431,0.3199459612369537,0.3086570203304291,297.00164794921875,297.1499938964844,293.1499938964844,0.0,-0.0,285.1139831542969,0.6176652312278748,0.1809542626142501,0.8426605463027954,285.1199035644531,284.95001220703125,296.616943359375,287.8019714355469,296.9216003417969,297.0307312011719,285.1280212402344,1.0,0.5930081009864807,0.368461936712265,0.368461936712265,1.0,1.0,-2.919412851333618,0.7728531956672668,2.146559715270996,0.1129792630672454,0.9016052484512328,0.9016052484512328,0.0,208.91748046875,205.0,35672.71875,0.0,2457.37158203125,1.0,281.49871826171875,283.8165283203125,290.70751953125,292.9263916015625,293.1499938964844,293.1499938964844,281.54998779296875,35872.03515625,36000.0,313.1499938964844,0.0,18000.0,1.0,0.0,0.0,0.0,1.0,0.9100149273872375,1.0,0.0,0.0,3.649010181427002,3.649034261703491,8.884714475243527e-07,4.265924453735352,4.265914440155029,9.78592834144365e-06,0.0,0.0,-0.0,5119.5146484375,0.0,1531.1104736328125,1895.4371337890625,0.0,3496.742431640625,0.9050148129463196,1.0,0.0,3.0,1.0,0.0
12248160,296.9591979980469,297.1499938964844,293.1499938964844,0.0,-0.0,285.1620483398437,0.73847496509552,0.315114676952362,0.2887763082981109,296.89599609375,297.1499938964844,293.1499938964844,0.0,-0.0,285.1622009277344,0.827860414981842,0.4489752352237701,0.4301513433456421,297.1181030273437,297.1499938964844,293.1499938964844,0.0,-0.0,285.1623840332031,0.9990000128746032,0.8912133574485779,0.5598576068878174,296.9977111816406,297.1499938964844,293.1499938964844,0.0,-0.0,285.1620483398437,0.7414053082466125,0.3192619979381561,0.3079804480075836,297.0038757324219,297.1499938964844,293.1499938964844,0.0,-0.0,285.1615295410156,0.6167070269584656,0.1802346557378769,0.8392863869667053,285.1622009277344,284.95001220703125,296.5881042480469,287.7884521484375,296.91656494140625,297.034423828125,285.16290283203125,1.0,0.5922500491142273,0.3688783645629883,0.3688783645629883,1.0,1.0,-2.912862539291382,0.7717699408531189,2.1410927772521973,0.1134051382541656,0.9034919142723083,0.9034919142723083,0.0,208.891357421875,208.0,35502.0703125,0.0,2445.35791015625,1.0,281.5417175292969,283.8617858886719,290.7141418457031,292.9623718261719,293.1499938964844,293.1499938964844,281.25,35784.125,36000.0,313.1499938964844,0.0,18000.0,1.0,0.0,0.0,0.0,1.0,0.9032095670700072,1.0,0.0,0.0,3.6538760662078857,3.653900146484375,8.908425002118747e-07,4.265924453735352,4.265914440155029,9.78592834144365e-06,0.0,0.0,-0.0,5473.724609375,0.0,1535.8682861328125,1895.4371337890625,0.0,3433.483642578125,0.9060111045837402,1.0,0.0,3.0,1.0,0.0
12248220,296.9549865722656,297.1499938964844,293.1499938964844,0.0,-0.0,284.9710693359375,0.7356069684028625,0.3122898936271667,0.2867318987846374,296.89166259765625,297.1499938964844,293.1499938964844,0.0,-0.0,284.9706420898437,0.8247113227844238,0.4453397691249847,0.4272259473800659,297.092529296875,297.1499938964844,293.1499938964844,0.0,-0.0,284.97021484375,0.9990000128746032,0.888262927532196,0.5629128217697144,296.99346923828125,297.1499938964844,293.1499938964844,0.0,-0.0,284.9710388183594,0.7387797236442566,0.3169182538986206,0.3061606585979461,297.0024108886719,297.1499938964844,293.1499938964844,0.0,-0.0,284.97216796875,0.6136917471885681,0.1782438606023788,0.8315914273262024,284.970703125,284.95001220703125,296.5304260253906,287.7613525390625,296.8927917480469,297.02325439453125,284.9685363769531,1.0,0.5913243889808655,0.3697111904621124,0.3697111904621124,1.0,1.0,-2.899129867553711,0.7693961262702942,2.1297335624694824,0.114327885210514,0.9022380709648132,0.9022380709648132,0.0,210.06089782714844,196.0,36282.46875,0.0,2426.357177734375,1.0,281.2577819824219,283.6322937011719,290.79608154296875,293.1541748046875,293.1499938964844,293.1499938964844,280.95001220703125,35922.33984375,36000.0,313.1499938964844,0.0,18000.0,1.0,0.0,0.0,0.0,1.0,0.9146474599838256,1.0,0.0,0.0,3.657642602920532,3.6576666831970215,8.926800774133881e-07,4.265924453735352,4.265914440155029,9.78592834144365e-06,0.0,0.0,-0.0,5599.2001953125,0.0,1541.105712890625,1895.4371337890625,0.0,3539.682373046875,0.906920850276947,1.0,0.0,3.0,1.0,0.0
12248280,296.9549865722656,297.1499938964844,293.1499938964844,0.0,-0.0,284.9710693359375,0.7356069684028625,0.3122898936271667,0.2867318987846374,296.89166259765625,297.1499938964844,293.1499938964844,0.0,-0.0,284.9706420898437,0.8247113227844238,0.4453397691249847,0.4272259473800659,297.092529296875,297.1499938964844,293.1499938964844,0.0,-0.0,284.97021484375,0.9990000128746032,0.888262927532196,0.5629128217697144,296.99346923828125,297.1499938964844,293.1499938964844,0.0,-0.0,284.9710388183594,0.7387797236442566,0.3169182538986206,0.3061606585979461,297.0024108886719,297.1499938964844,293.1499938964844,0.0,-0.0,284.97216796875,0.6136917471885681,0.1782438606023788,0.8315914273262024,284.970703125,284.95001220703125,296.5304260253906,287.7613525390625,296.8927917480469,297.02325439453125,284.9685363769531,1.0,0.5913243889808655,0.3697111904621124,0.3697111904621124,1.0,1.0,-2.899129867553711,0.7693961262702942,2.1297335624694824,0.114327885210514,0.9022380709648132,0.9022380709648132,0.0,210.06089782714844,196.0,36282.46875,0.0,2426.357177734375,1.0,281.2577819824219,283.6322937011719,290.79608154296875,293.1541748046875,293.1499938964844,293.1499938964844,280.95001220703125,35922.33984375,36000.0,313.1499938964844,0.0,18000.0,1.0,0.0,0.0,0.0,1.0,0.9146474599838256,1.0,0.0,0.0,3.657642602920532,3.6576666831970215,8.926800774133881e-07,4.265924453735352,4.265914440155029,9.78592834144365e-06,0.0,0.0,-0.0,5599.2001953125,0.0,1541.105712890625,1895.4371337890625,0.0,3539.682373046875,0.906920850276947,1.0,0.0,3.0,1.0,0.0
12248340,296.941162109375,297.1499938964844,293.1499938964844,0.0,-0.0,284.76568603515625,0.7341394424438477,0.3087122738361358,0.2837087512016296,296.877197265625,297.1499938964844,293.1499938964844,0.0,-0.0,284.7650451660156,0.8234308362007141,0.4409820735454559,0.4233424961566925,297.04998779296875,297.1499938964844,293.1499938964844,0.0,-0.0,284.7643737792969,0.9990000128746032,0.8833428621292114,0.5605881810188293,296.981201171875,297.1499938964844,293.1499938964844,0.0,-0.0,284.7656555175781,0.7377312779426575,0.313926637172699,0.3035063445568084,296.9950561523437,297.1499938964844,293.1499938964844,0.0,-0.0,284.7674560546875,0.611949622631073,0.1758484542369842,0.8213430643081665,284.7651062011719,284.95001220703125,296.4792175292969,287.7372741699219,296.86474609375,297.00360107421875,284.7616271972656,1.0,0.5864347815513611,0.3704515099525451,0.3704515099525451,1.0,1.0,-2.872547149658203,0.7624597549438477,2.1100873947143555,0.1137211993336677,0.898341715335846,0.898341715335846,0.0,207.794174194336,196.0,37035.1875,0.0,2367.76611328125,1.0,280.9623107910156,283.3907775878906,290.8041076660156,293.2392272949219,293.1499938964844,293.1499938964844,280.95001220703125,36139.3984375,36000.0,313.1499938964844,0.0,18000.0,1.0,0.0,0.0,0.0,1.0,0.9296597242355348,1.0,0.0,0.0,3.653538942337036,3.653563022613525,8.906781090445293e-07,4.265924453735352,4.265914440155029,9.78592834144365e-06,0.0,0.0,-0.0,5366.228515625,0.0,1538.1533203125,1895.4371337890625,0.0,3678.021728515625,0.9061386585235596,1.0,0.0,3.0,1.0,0.0
12248400,296.9394226074219,297.1499938964844,293.1499938964844,0.0,-0.0,284.7577209472656,0.7340351343154907,0.308249294757843,0.2832755744457245,296.875244140625,297.1499938964844,293.1499938964844,0.0,-0.0,284.7572021484375,0.823371410369873,0.4404124915599823,0.4227927625179291,297.0451965332031,297.1499938964844,293.1499938964844,0.0,-0.0,284.7566833496094,0.9990000128746032,0.8827416300773621,0.5599899291992188,296.9795227050781,297.1499938964844,293.1499938964844,0.0,-0.0,284.7576904296875,0.7376840114593506,0.3135285079479217,0.3031199872493744,296.9939880371094,297.1499938964844,293.1499938964844,0.0,-0.0,284.75909423828125,0.6117931604385376,0.1755282282829284,0.8198648691177368,284.7572631835937,284.95001220703125,296.4728088378906,287.7342529296875,296.8614807128906,297.00146484375,284.75445556640625,1.0,0.5856356024742126,0.3705440461635589,0.3705440461635589,1.0,1.0,-2.8684067726135254,0.7613180875778198,2.107088565826416,0.1135337427258491,0.897956907749176,0.897956907749176,0.0,207.3112030029297,184.0,37001.25390625,0.0,2358.088623046875,1.0,280.9582214355469,283.3836364746094,290.7933044433594,293.2206726074219,293.1499938964844,293.1499938964844,281.25,36156.9921875,36000.0,313.1499938964844,0.0,18000.0,1.0,0.0,0.0,0.0,1.0,0.9302726984024048,1.0,0.0,0.0,3.652629852294922,3.652653932571411,8.902348440642527e-07,4.265924453735352,4.265914440155029,9.78592834144365e-06,0.0,0.0,-0.0,5054.72705078125,0.0,1537.271728515625,1895.4371337890625,0.0,3683.640380859375,0.9059518575668336,1.0,0.0,3.0,1.0,0.0
12248460,296.9364318847656,297.1499938964844,293.1499938964844,0.0,-0.0,284.8972473144531,0.735064685344696,0.3052593171596527,0.2800427377223968,296.869873046875,297.1499938964844,293.1499938964844,0.0,-0.0,284.89727783203125,0.8248261213302612,0.4363692104816437,0.4184426665306091,297.0340881347656,297.1499938964844,293.1499938964844,0.0,-0.0,284.8973083496094,0.9990000128746032,0.8802339434623718,0.5510932207107544,296.9732360839844,297.1499938964844,293.1499938964844,0.0,-0.0,284.89727783203125,0.7390035390853882,0.3107171952724457,0.3000239431858063,296.98974609375,297.1499938964844,293.1499938964844,0.0,-0.0,284.8971252441406,0.6119372844696045,0.1731112897396087,0.8073849081993103,284.89727783203125,284.95001220703125,296.4152526855469,287.7071228027344,296.8415222167969,296.99481201171875,284.8970642089844,1.0,0.5771855115890503,0.3713496923446655,0.3713496923446655,1.0,1.0,-2.8298797607421875,0.7505223155021667,2.079357624053955,0.1115007773041725,0.8984314799308777,0.8984314799308777,0.0,201.0347595214844,187.0,35580.1640625,0.0,2260.58447265625,1.0,281.2421875,283.5714111328125,290.65435791015625,292.936279296875,293.1499938964844,293.1499938964844,281.54998779296875,36078.546875,36000.0,313.1499938964844,0.0,18000.0,1.0,0.0,0.0,0.0,1.0,0.9154457449913024,1.0,0.0,0.0,3.6490347385406494,3.649058818817138,8.884833846423135e-07,4.265924453735352,4.265914440155029,9.78592834144365e-06,0.0,0.0,-0.0,4892.00244140625,0.0,1532.6824951171875,1895.4371337890625,0.0,3547.071044921875,0.905120849609375,1.0,0.0,3.0,1.0,0.0
12248520,296.9364318847656,297.1499938964844,293.1499938964844,0.0,-0.0,284.8972473144531,0.735064685344696,0.3052593171596527,0.2800427377223968,296.869873046875,297.1499938964844,293.1499938964844,0.0,-0.0,284.89727783203125,0.8248261213302612,0.4363692104816437,0.4184426665306091,297.0340881347656,297.1499938964844,293.1499938964844,0.0,-0.0,284.8973083496094,0.9990000128746032,0.8802339434623718,0.5510932207107544,296.9732360839844,297.1499938964844,293.1499938964844,0.0,-0.0,284.89727783203125,0.7390035390853882,0.3107171952724457,0.3000239431858063,296.98974609375,297.1499938964844,293.1499938964844,0.0,-0.0,284.8971252441406,0.6119372844696045,0.1731112897396087,0.8073849081993103,284.89727783203125,284.95001220703125,296.4152526855469,287.7071228027344,296.8415222167969,296.99481201171875,284.8970642089844,1.0,0.5771855115890503,0.3713496923446655,0.3713496923446655,1.0,1.0,-2.8298797607421875,0.7505223155021667,2.079357624053955,0.1115007773041725,0.8984314799308777,0.8984314799308777,0.0,201.0347595214844,187.0,35580.1640625,0.0,2260.58447265625,1.0,281.2421875,283.5714111328125,290.65435791015625,292.936279296875,293.1499938964844,293.1499938964844,281.54998779296875,36078.546875,36000.0,313.1499938964844,0.0,18000.0,1.0,0.0,0.0,0.0,1.0,0.9154457449913024,1.0,0.0,0.0,3.6490347385406494,3.649058818817138,8.884833846423135e-07,4.265924453735352,4.265914440155029,9.78592834144365e-06,0.0,0.0,-0.0,4892.00244140625,0.0,1532.6824951171875,1895.4371337890625,0.0,3547.071044921875,0.905120849609375,1.0,0.0,3.0,1.0,0.0
12248580,296.94488525390625,297.1499938964844,293.1499938964844,0.0,-0.0,285.0605163574219,0.7355700731277466,0.3034037351608276,0.2780846357345581,296.87646484375,297.1499938964844,293.1499938964844,0.0,-0.0,285.0606384277344,0.8253235816955566,0.4334782660007477,0.4153991341590881,297.0549621582031,297.1499938964844,293.1499938964844,0.0,-0.0,285.0607604980469,0.9990000128746032,0.8808671236038208,0.5460249781608582,296.9762268066406,297.1499938964844,293.1499938964844,0.0,-0.0,285.0605163574219,0.7395086884498596,0.3087760210037231,0.2979175746440887,296.99200439453125,297.1499938964844,293.1499938964844,0.0,-0.0,285.0600891113281,0.6114611029624939,0.1713058352470398,0.7981792688369751,285.0606384277344,284.95001220703125,296.3577575683594,287.6799621582031,296.83111572265625,297.0013732910156,285.0610656738281,1.0,0.5722587704658508,0.3721553385257721,0.3721553385257721,1.0,1.0,-2.804163932800293,0.7439749836921692,2.060189008712769,0.1106447726488113,0.901276707649231,0.901276707649231,0.0,197.3573303222656,190.0,34239.07421875,0.0,2199.228515625,1.0,281.541748046875,283.7823791503906,290.5931396484375,292.7699890136719,293.1499938964844,293.1499938964844,281.25,35912.7421875,36000.0,313.1499938964844,0.0,18000.0,1.0,0.0,0.0,0.0,1.0,0.894227147102356,1.0,0.0,0.0,3.651691436767578,3.6517155170440674,8.897775956029363e-07,4.265924453735352,4.265914440155029,9.78592834144365e-06,0.0,0.0,-0.0,5357.46484375,0.0,1534.3980712890625,1895.4371337890625,0.0,3349.7158203125,0.9056089520454408,1.0,0.0,3.0,1.0,0.0
12248640,296.94488525390625,297.1499938964844,293.1499938964844,0.0,-0.0,285.0605163574219,0.7355700731277466,0.3034037351608276,0.2780846357345581,296.87646484375,297.1499938964844,293.1499938964844,0.0,-0.0,285.0606384277344,0.8253235816955566,0.4334782660007477,0.4153991341590881,297.0549621582031,297.1499938964844,293.1499938964844,0.0,-0.0,285.0607604980469,0.9990000128746032,0.8808671236038208,0.5460249781608582,296.9762268066406,297.1499938964844,293.1499938964844,0.0,-0.0,285.0605163574219,0.7395086884498596,0.3087760210037231,0.2979175746440887,296.99200439453125,297.1499938964844,293.1499938964844,0.0,-0.0,285.0600891113281,0.6114611029624939,0.1713058352470398,0.7981792688369751,285.0606384277344,284.95001220703125,296.3577575683594,287.6799621582031,296.83111572265625,297.0013732910156,285.0610656738281,1.0,0.5722587704658508,0.3721553385257721,0.3721553385257721,1.0,1.0,-2.804163932800293,0.7439749836921692,2.060189008712769,0.1106447726488113,0.901276707649231,0.901276707649231,0.0,197.3573303222656,190.0,34239.07421875,0.0,2199.228515625,1.0,281.541748046875,283.7823791503906,290.5931396484375,292.7699890136719,293.1499938964844,293.1499938964844,281.25,35912.7421875,36000.0,313.1499938964844,0.0,18000.0,1.0,0.0,0.0,0.0,1.0,0.894227147102356,1.0,0.0,0.0,3.651691436767578,3.6517155170440674,8.897775956029363e-07,4.265924453735352,4.265914440155029,9.78592834144365e-06,0.0,0.0,-0.0,5357.46484375,0.0,1534.3980712890625,1895.4371337890625,0.0,3349.7158203125,0.9056089520454408,1.0,0.0,3.0,1.0,0.0
12248700,296.94537353515625,297.1499938964844,293.1499938964844,0.0,-0.0,284.9251403808594,0.7352293729782104,0.3021565675735473,0.2771861851215362,296.8766784667969,297.1499938964844,293.1499938964844,0.0,-0.0,284.9231872558594,0.8249040842056274,0.4317701458930969,0.4140001237392425,297.0562744140625,297.1499938964844,293.1499938964844,0.0,-0.0,284.9212341308594,0.9990000128746032,0.8804023265838623,0.5450766682624817,296.9757080078125,297.1499938964844,293.1499938964844,0.0,-0.0,284.925048828125,0.7391813397407532,0.3076270818710327,0.2969777882099151,296.9923095703125,297.1499938964844,293.1499938964844,0.0,-0.0,284.9305114746094,0.610745370388031,0.1703369915485382,0.7941465973854065,284.9234313964844,284.95001220703125,296.3290710449219,287.6663818359375,296.8239440917969,297.002197265625,284.9136657714844,1.0,0.5706128478050232,0.3725581765174866,0.3725581765174866,1.0,1.0,-2.794287204742432,0.7416819334030151,2.052605390548706,0.110643021762371,0.8997916579246521,0.8997916579246521,0.0,196.4918670654297,190.0,34997.4453125,0.0,2178.518798828125,1.0,281.298583984375,283.6077575683594,290.67352294921875,292.979248046875,293.1499938964844,293.1499938964844,281.25,35985.20703125,36000.0,313.1499938964844,0.0,18000.0,1.0,0.0,0.0,0.0,1.0,0.8997357487678528,1.0,0.0,0.0,3.6521284580230713,3.652152538299561,8.899905878934078e-07,4.265924453735352,4.265914440155029,9.78592834144365e-06,0.0,0.0,-0.0,5220.14404296875,0.0,1535.42724609375,1895.4371337890625,0.0,3401.120849609375,0.9057013392448424,1.0,0.0,3.0,1.0,0.0
12248760,296.9412841796875,297.1499938964844,293.1499938964844,0.0,-0.0,284.8661193847656,0.7339451909065247,0.3004606962203979,0.2758342027664184,296.8724365234375,297.1499938964844,293.1499938964844,0.0,-0.0,284.8656616210937,0.8235630989074707,0.4296248257160187,0.4121577441692352,297.0455322265625,297.1499938964844,293.1499938964844,0.0,-0.0,284.8652038574219,0.9990000128746032,0.8787590265274048,0.545495867729187,296.97186279296875,297.1499938964844,293.1499938964844,0.0,-0.0,284.8660888671875,0.7380286455154419,0.3061451911926269,0.295718789100647,296.99053955078125,297.1499938964844,293.1499938964844,0.0,-0.0,284.86737060546875,0.6092614531517029,0.1691653877496719,0.789318859577179,284.86572265625,284.95001220703125,296.3003845214844,287.6528015136719,296.81298828125,296.99786376953125,284.8633728027344,1.0,0.5692828297615051,0.3731145560741424,0.3731145560741424,1.0,1.0,-2.7836384773254395,0.7394860982894897,2.04415225982666,0.1109278798103332,0.89860600233078,0.89860600233078,0.0,196.3314514160156,193.0,34982.6015625,0.0,2159.9931640625,1.0,281.25787353515625,283.55224609375,290.67791748046875,292.9569396972656,293.1499938964844,293.1499938964844,281.54998779296875,36067.95703125,36000.0,313.1499938964844,0.0,18000.0,1.0,0.0,0.0,0.0,1.0,0.9036604166030884,1.0,0.0,0.0,3.650087118148804,3.650111198425293,8.889959417501814e-07,4.265924453735352,4.265914440155029,9.78592834144365e-06,0.0,0.0,-0.0,4879.673828125,0.0,1533.7740478515625,1895.4371337890625,0.0,3437.680419921875,0.9053295850753784,1.0,0.0,3.0,1.0,0.0
12248820,296.9425354003906,297.1499938964844,293.1499938964844,0.0,-0.0,285.02130126953125,0.7309749126434326,0.2979275286197662,0.2733449041843414,296.8724365234375,297.1499938964844,293.1499938964844,0.0,-0.0,285.021484375,0.8203096985816956,0.4260927736759186,0.4086318612098694,297.0301208496094,297.1499938964844,293.1499938964844,0.0,-0.0,285.02166748046875,0.9990000128746032,0.875857412815094,0.5477293729782104,296.9701538085937,297.1499938964844,293.1499938964844,0.0,-0.0,285.0213317871094,0.7352103590965271,0.3037062287330627,0.2932864129543304,296.990234375,297.1499938964844,293.1499938964844,0.0,-0.0,285.0207214355469,0.605732262134552,0.167105957865715,0.7798172831535339,285.021484375,284.95001220703125,296.2430725097656,287.6256408691406,296.7948913574219,296.994384765625,285.02203369140625,1.0,0.5674223899841309,0.3742273449897766,0.3742273449897766,1.0,1.0,-2.7647454738616943,0.735930323600769,2.028815269470215,0.1116901040077209,0.9008259773254396,0.9008259773254396,0.0,196.84567260742188,196.0,33824.5,0.0,2131.17724609375,1.0,281.54217529296875,283.752685546875,290.5743713378906,292.73541259765625,293.1499938964844,293.1499938964844,281.25,35941.66015625,36000.0,313.1499938964844,0.0,18000.0,1.0,0.0,0.0,0.0,1.0,0.8897140026092529,1.0,0.0,0.0,3.651463747024536,3.6514875888824463,8.896665235624823e-07,4.265924453735352,4.265914440155029,9.78592834144365e-06,0.0,0.0,-0.0,5321.67578125,0.0,1534.36083984375,1895.4371337890625,0.0,3307.53271484375,0.9055758714675904,1.0,0.0,3.0,1.0,0.0
12248880,296.9425354003906,297.1499938964844,293.1499938964844,0.0,-0.0,285.02130126953125,0.7309749126434326,0.2979275286197662,0.2733449041843414,296.8724365234375,297.1499938964844,293.1499938964844,0.0,-0.0,285.021484375,0.8203096985816956,0.4260927736759186,0.4086318612098694,297.0301208496094,297.1499938964844,293.1499938964844,0.0,-0.0,285.02166748046875,0.9990000128746032,0.875857412815094,0.5477293729782104,296.9701538085937,297.1499938964844,293.1499938964844,0.0,-0.0,285.0213317871094,0.7352103590965271,0.3037062287330627,0.2932864129543304,296.990234375,297.1499938964844,293.1499938964844,0.0,-0.0,285.0207214355469,0.605732262134552,0.167105957865715,0.7798172831535339,285.021484375,284.95001220703125,296.2430725097656,287.6256408691406,296.7948913574219,296.994384765625,285.02203369140625,1.0,0.5674223899841309,0.3742273449897766,0.3742273449897766,1.0,1.0,-2.7647454738616943,0.735930323600769,2.028815269470215,0.1116901040077209,0.9008259773254396,0.9008259773254396,0.0,196.84567260742188,196.0,33824.5,0.0,2131.17724609375,1.0,281.54217529296875,283.752685546875,290.5743713378906,292.73541259765625,293.1499938964844,293.1499938964844,281.25,35941.66015625,36000.0,313.1499938964844,0.0,18000.0,1.0,0.0,0.0,0.0,1.0,0.8897140026092529,1.0,0.0,0.0,3.651463747024536,3.6514875888824463,8.896665235624823e-07,4.265924453735352,4.265914440155029,9.78592834144365e-06,0.0,0.0,-0.0,5321.67578125,0.0,1534.36083984375,1895.4371337890625,0.0,3307.53271484375,0.9055758714675904,1.0,0.0,3.0,1.0,0.0
12248940,296.9364318847656,297.1499938964844,293.1499938964844,0.0,-0.0,284.8318176269531,0.7273622751235962,0.2946982979774475,0.2708572447299957,296.8656005859375,297.1499938964844,293.1499938964844,0.0,-0.0,284.8313903808594,0.8162855505943298,0.421901673078537,0.4051042199134826,296.9916687011719,297.1499938964844,293.1499938964844,0.0,-0.0,284.8309326171875,0.9990000128746032,0.8704834580421448,0.5515390038490295,296.9638671875,297.1499938964844,293.1499938964844,0.0,-0.0,284.831787109375,0.7317706346511841,0.3008011281490326,0.2908726036548614,296.9872436523437,297.1499938964844,293.1499938964844,0.0,-0.0,284.8330078125,0.601556122303009,0.1647877842187881,0.7705061435699463,284.8314208984375,284.95001220703125,296.1859130859375,287.5984802246094,296.7742004394531,296.9875793457031,284.82928466796875,1.0,0.5663613677024841,0.3753401339054107,0.3753401339054107,1.0,1.0,-2.748007535934448,0.7330583333969116,2.014949083328247,0.1127659529447555,0.8977324962615967,0.8977324962615967,0.0,198.3030242919922,184.0,34573.2109375,0.0,2110.58984375,1.0,281.2578430175781,283.5260925292969,290.6337890625,292.8921203613281,293.1499938964844,293.1499938964844,281.54998779296875,36106.4140625,36000.0,313.1499938964844,0.0,18000.0,1.0,0.0,0.0,0.0,1.0,0.9007928967475892,1.0,0.0,0.0,3.6484298706054688,3.648453950881958,8.881887652023579e-07,4.265924453735352,4.265914440155029,9.78592834144365e-06,0.0,0.0,-0.0,4844.0068359375,0.0,1532.2181396484375,1895.4371337890625,0.0,3410.97412109375,0.9049847722053528,1.0,0.0,3.0,1.0,0.0
12249000,296.9364318847656,297.1499938964844,293.1499938964844,0.0,-0.0,284.8318176269531,0.7273622751235962,0.2946982979774475,0.2708572447299957,296.8656005859375,297.1499938964844,293.1499938964844,0.0,-0.0,284.8313903808594,0.8162855505943298,0.421901673078537,0.4051042199134826,296.9916687011719,297.1499938964844,293.1499938964844,0.0,-0.0,284.8309326171875,0.9990000128746032,0.8704834580421448,0.5515390038490295,296.9638671875,297.1499938964844,293.1499938964844,0.0,-0.0,284.831787109375,0.7317706346511841,0.3008011281490326,0.2908726036548614,296.9872436523437,297.1499938964844,293.1499938964844,0.0,-0.0,284.8330078125,0.601556122303009,0.1647877842187881,0.7705061435699463,284.8314208984375,284.95001220703125,296.1859130859375,287.5984802246094,296.7742004394531,296.9875793457031,284.82928466796875,1.0,0.5663613677024841,0.3753401339054107,0.3753401339054107,1.0,1.0,-2.748007535934448,0.7330583333969116,2.014949083328247,0.1127659529447555,0.8977324962615967,0.8977324962615967,0.0,198.3030242919922,184.0,34573.2109375,0.0,2110.58984375,1.0,281.2578430175781,283.5260925292969,290.6337890625,292.8921203613281,293.1499938964844,293.1499938964844,281.54998779296875,36106.4140625,36000.0,313.1499938964844,0.0,18000.0,1.0,0.0,0.0,0.0,1.0,0.9007928967475892,1.0,0.0,0.0,3.6484298706054688,3.648453950881958,8.881887652023579e-07,4.265924453735352,4.265914440155029,9.78592834144365e-06,0.0,0.0,-0.0,4844.0068359375,0.0,1532.2181396484375,1895.4371337890625,0.0,3410.97412109375,0.9049847722053528,1.0,0.0,3.0,1.0,0.0
12249060,296.9364624023437,297.1499938964844,293.1499938964844,0.0,-0.0,284.98260498046875,0.7265932559967041,0.2919786274433136,0.2680673599243164,296.8639831542969,297.1499938964844,293.1499938964844,0.0,-0.0,284.982666015625,0.8155739903450012,0.4181199073791504,0.4012057185173034,296.9672241210937,297.1499938964844,293.1499938964844,0.0,-0.0,284.98272705078125,0.9990000128746032,0.8659504652023315,0.547731339931488,296.96124267578125,297.1499938964844,293.1499938964844,0.0,-0.0,284.98260498046875,0.7311891913414001,0.298167884349823,0.2881203591823578,296.9855651855469,297.1499938964844,293.1499938964844,0.0,-0.0,284.9822692871094,0.5999331474304199,0.162550538778305,0.7596192955970764,284.982666015625,284.95001220703125,296.1288452148437,287.57135009765625,296.7572937011719,296.9853210449219,284.9827575683594,1.0,0.5606653094291687,0.3762691617012024,0.3762691617012024,1.0,1.0,-2.719015598297119,0.7255382537841797,1.99347734451294,0.1120276972651481,0.8994276523590088,0.8994276523590088,0.0,195.2267303466797,172.0,33291.69140625,0.0,2049.40673828125,1.0,281.5421447753906,283.7217712402344,290.519775390625,292.65496826171875,293.1499938964844,293.1499938964844,281.8500061035156,35988.4140625,36000.0,313.1499938964844,0.0,18000.0,1.0,0.0,0.0,0.0,1.0,0.8866558074951172,1.0,0.0,0.0,3.6481363773345934,3.648160219192505,8.880459176907607e-07,4.265924453735352,4.265914440155029,9.78592834144365e-06,0.0,0.0,-0.0,4702.87353515625,0.0,1531.0093994140625,1895.4371337890625,0.0,3278.91943359375,0.9048616886138916,1.0,0.0,3.0,1.0,0.0
12249120,296.9364624023437,297.1499938964844,293.1499938964844,0.0,-0.0,284.98260498046875,0.7265932559967041,0.2919786274433136,0.2680673599243164,296.8639831542969,297.1499938964844,293.1499938964844,0.0,-0.0,284.982666015625,0.8155739903450012,0.4181199073791504,0.4012057185173034,296.9672241210937,297.1499938964844,293.1499938964844,0.0,-0.0,284.98272705078125,0.9990000128746032,0.8659504652023315,0.547731339931488,296.96124267578125,297.1499938964844,293.1499938964844,0.0,-0.0,284.98260498046875,0.7311891913414001,0.298167884349823,0.2881203591823578,296.9855651855469,297.1499938964844,293.1499938964844,0.0,-0.0,284.9822692871094,0.5999331474304199,0.162550538778305,0.7596192955970764,284.982666015625,284.95001220703125,296.1288452148437,287.57135009765625,296.7572937011719,296.9853210449219,284.9827575683594,1.0,0.5606653094291687,0.3762691617012024,0.3762691617012024,1.0,1.0,-2.719015598297119,0.7255382537841797,1.99347734451294,0.1120276972651481,0.8994276523590088,0.8994276523590088,0.0,195.2267303466797,172.0,33291.69140625,0.0,2049.40673828125,1.0,281.5421447753906,283.7217712402344,290.519775390625,292.65496826171875,293.1499938964844,293.1499938964844,281.8500061035156,35988.4140625,36000.0,313.1499938964844,0.0,18000.0,1.0,0.0,0.0,0.0,1.0,0.8866558074951172,1.0,0.0,0.0,3.6481363773345934,3.648160219192505,8.880459176907607e-07,4.265924453735352,4.265914440155029,9.78592834144365e-06,0.0,0.0,-0.0,4702.87353515625,0.0,1531.0093994140625,1895.4371337890625,0.0,3278.91943359375,0.9048616886138916,1.0,0.0,3.0,1.0,0.0
12249180,296.9457702636719,297.1499938964844,293.1499938964844,0.0,-0.0,285.1514587402344,0.7292932868003845,0.2902109324932098,0.2661049664020538,296.8717346191406,297.1499938964844,293.1499938964844,0.0,-0.0,285.1515197753906,0.8185927271842957,0.4152759611606598,0.3981282413005829,296.9842224121094,297.1499938964844,293.1499938964844,0.0,-0.0,285.1515808105469,0.9990000128746032,0.865315854549408,0.5372229814529419,296.9658508300781,297.1499938964844,293.1499938964844,0.0,-0.0,285.1514587402344,0.7338498830795288,0.2962363362312317,0.2859411835670471,296.9888610839844,297.1499938964844,293.1499938964844,0.0,-0.0,285.1511535644531,0.6014643311500549,0.1607954800128936,0.7501958608627319,285.1515197753906,284.95001220703125,296.0719299316406,287.54425048828125,296.74444580078125,296.9884033203125,285.1516418457031,1.0,0.5525071620941162,0.377198189496994,0.377198189496994,1.0,1.0,-2.6863906383514404,0.7167226076126099,1.969667911529541,0.1106763333082199,0.9035528302192688,0.9035528302192688,0.0,188.4914093017578,175.0,32059.267578125,0.0,1966.881103515625,1.0,281.8417663574219,283.938232421875,290.4640197753906,292.50762939453125,293.1499938964844,293.1499938964844,281.54998779296875,35798.79296875,36000.0,313.1499938964844,0.0,18000.0,1.0,0.0,0.0,0.0,1.0,0.8668157458305359,1.0,0.0,0.0,3.6550543308258057,3.655078172683716,8.914170734897198e-07,4.265924453735352,4.265914440155029,9.78592834144365e-06,0.0,0.0,-0.0,5154.83154296875,0.0,1537.2913818359375,1895.4371337890625,0.0,3092.939208984375,0.906283438205719,1.0,0.0,3.0,1.0,0.0
12249240,296.9457702636719,297.1499938964844,293.1499938964844,0.0,-0.0,285.1514587402344,0.7292932868003845,0.2902109324932098,0.2661049664020538,296.8717346191406,297.1499938964844,293.1499938964844,0.0,-0.0,285.1515197753906,0.8185927271842957,0.4152759611606598,0.3981282413005829,296.9842224121094,297.1499938964844,293.1499938964844,0.0,-0.0,285.1515808105469,0.9990000128746032,0.865315854549408,0.5372229814529419,296.9658508300781,297.1499938964844,293.1499938964844,0.0,-0.0,285.1514587402344,0.7338498830795288,0.2962363362312317,0.2859411835670471,296.9888610839844,297.1499938964844,293.1499938964844,0.0,-0.0,285.1511535644531,0.6014643311500549,0.1607954800128936,0.7501958608627319,285.1515197753906,284.95001220703125,296.0719299316406,287.54425048828125,296.74444580078125,296.9884033203125,285.1516418457031,1.0,0.5525071620941162,0.377198189496994,0.377198189496994,1.0,1.0,-2.6863906383514404,0.7167226076126099,1.969667911529541,0.1106763333082199,0.9035528302192688,0.9035528302192688,0.0,188.4914093017578,175.0,32059.267578125,0.0,1966.881103515625,1.0,281.8417663574219,283.938232421875,290.4640197753906,292.50762939453125,293.1499938964844,293.1499938964844,281.54998779296875,35798.79296875,36000.0,313.1499938964844,0.0,18000.0,1.0,0.0,0.0,0.0,1.0,0.8668157458305359,1.0,0.0,0.0,3.6550543308258057,3.655078172683716,8.914170734897198e-07,4.265924453735352,4.265914440155029,9.78592834144365e-06,0.0,0.0,-0.0,5154.83154296875,0.0,1537.2913818359375,1895.4371337890625,0.0,3092.939208984375,0.906283438205719,1.0,0.0,3.0,1.0,0.0
12249300,296.94659423828125,297.1499938964844,293.1499938964844,0.0,-0.0,285.0074768066406,0.7299031019210815,0.2890022099018097,0.265194833278656,296.8723449707031,297.1499938964844,293.1499938964844,0.0,-0.0,285.00518798828125,0.8192416429519653,0.4135769009590149,0.3966899514198303,296.9915466308594,297.1499938964844,293.1499938964844,0.0,-0.0,285.0028991699219,0.9990000128746032,0.864995539188385,0.5339351892471313,296.9658508300781,297.1499938964844,293.1499938964844,0.0,-0.0,285.0072937011719,0.7344486713409424,0.295073539018631,0.2849428951740265,296.9896545410156,297.1499938964844,293.1499938964844,0.0,-0.0,285.013916015625,0.6015942096710205,0.1598545461893081,0.7460415363311768,285.0054626464844,284.95001220703125,296.0435485839844,287.5307312011719,296.7377319335937,296.9897155761719,284.99432373046875,1.0,0.5498681664466858,0.3776626884937286,0.3776626884937286,1.0,1.0,-2.6734180450439453,0.7134400606155396,1.959977984428405,0.1102737113833427,0.9025331139564514,0.9025331139564514,0.0,186.3089294433593,175.0,32678.802734375,0.0,1936.814208984375,1.0,281.59844970703125,283.7536926269531,290.5462951660156,292.7146911621094,293.1499938964844,293.1499938964844,281.54998779296875,35870.33203125,36000.0,313.1499938964844,0.0,18000.0,1.0,0.0,0.0,0.0,1.0,0.8732851147651672,1.0,0.0,0.0,3.657658576965332,3.657682657241821,8.926878081183531e-07,4.265924453735352,4.265914440155029,9.78592834144365e-06,0.0,0.0,-0.0,5016.404296875,0.0,1540.7333984375,1895.4371337890625,0.0,3153.6240234375,0.9068581461906432,1.0,0.0,3.0,1.0,0.0
12249360,296.942626953125,297.1499938964844,293.1499938964844,0.0,-0.0,284.94140625,0.7292814254760742,0.2873262465000152,0.263836532831192,296.86834716796875,297.1499938964844,293.1499938964844,0.0,-0.0,284.9408569335937,0.818632185459137,0.4114277064800262,0.3948155045509338,296.9872131347656,297.1499938964844,293.1499938964844,0.0,-0.0,284.9402770996094,0.9990000128746032,0.8635693788528442,0.532671332359314,296.9623413085937,297.1499938964844,293.1499938964844,0.0,-0.0,284.9413452148437,0.7339389324188232,0.2935645580291748,0.2836300432682037,296.98828125,297.1499938964844,293.1499938964844,0.0,-0.0,284.94293212890625,0.6006643772125244,0.1587047427892685,0.741165041923523,284.94091796875,284.95001220703125,296.0151672363281,287.5172119140625,296.7289123535156,296.98828125,284.9380798339844,1.0,0.5477131605148315,0.3782927691936493,0.3782927691936493,1.0,1.0,-2.660577774047852,0.7105626463890076,1.9500149488449097,0.1103479862213134,0.9017778038978576,0.9017778038978576,0.0,185.2031707763672,178.0,32608.03125,0.0,1912.0762939453125,1.0,281.55767822265625,283.6925354003906,290.5480651855469,292.6861572265625,293.1499938964844,293.1499938964844,281.25,35956.109375,36000.0,313.1499938964844,0.0,18000.0,1.0,0.0,0.0,0.0,1.0,0.8776556849479675,1.0,0.0,0.0,3.657680988311768,3.657705068588257,8.926987788981933e-07,4.265924453735352,4.265914440155029,9.78592834144365e-06,0.0,0.0,-0.0,5256.38525390625,0.0,1541.4017333984375,1895.4371337890625,0.0,3194.607177734375,0.9069501161575316,1.0,0.0,3.0,1.0,0.0
12249420,296.9360046386719,297.1499938964844,293.1499938964844,0.0,-0.0,284.7823181152344,0.7278692722320557,0.2852930128574371,0.2621722519397735,296.8615417480469,297.1499938964844,293.1499938964844,0.0,-0.0,284.7802124023437,0.8171839714050293,0.408880203962326,0.3925903737545013,296.97296142578125,297.1499938964844,293.1499938964844,0.0,-0.0,284.7781066894531,0.9990000128746032,0.8610896468162537,0.5326497554779053,296.9565734863281,297.1499938964844,293.1499938964844,0.0,-0.0,284.7821655273437,0.7326847910881042,0.2917467057704925,0.2820506989955902,296.9853210449219,297.1499938964844,293.1499938964844,0.0,-0.0,284.7883605957031,0.598949134349823,0.1573355346918106,0.735451340675354,284.7804870605469,284.95001220703125,295.9853210449219,287.5029602050781,296.71856689453125,296.9853210449219,284.770263671875,1.0,0.5458707809448242,0.37895667552948,0.37895667552948,1.0,1.0,-2.6471147537231445,0.7075658440589905,1.9395488500595093,0.1104420647025108,0.8990582227706909,0.8990582227706909,0.0,184.72720336914065,178.0,33350.30078125,0.0,1889.43701171875,1.0,281.2962341308594,283.49481201171875,290.5812072753906,292.8208923339844,293.1499938964844,293.1499938964844,281.25,36093.85546875,36000.0,313.1499938964844,0.0,18000.0,1.0,0.0,0.0,0.0,1.0,0.8883527517318726,1.0,0.0,0.0,3.6555469036102295,3.655570983886719,8.916573506212444e-07,4.265924453735352,4.265914440155029,9.78592834144365e-06,0.0,0.0,-0.0,5087.01611328125,0.0,1540.0517578125,1895.4371337890625,0.0,3294.79931640625,0.906529664993286,1.0,0.0,3.0,1.0,0.0
12249480,296.928466796875,297.1499938964844,293.1499938964844,0.0,-0.0,284.7243957519531,0.7259597182273865,0.283272236585617,0.26043301820755,296.8536376953125,297.1499938964844,293.1499938964844,0.0,-0.0,284.7238464355469,0.8152020573616028,0.4063770174980163,0.3903224468231201,296.9523620605469,297.1499938964844,293.1499938964844,0.0,-0.0,284.7232666015625,0.9990000128746032,0.8580103516578674,0.5336363315582275,296.9499206542969,297.1499938964844,293.1499938964844,0.0,-0.0,284.724365234375,0.7309617400169373,0.2899348735809326,0.2804226875305176,296.9814147949219,297.1499938964844,293.1499938964844,0.0,-0.0,284.7259826660156,0.5967649221420288,0.1559671461582183,0.72966068983078,284.7239074707031,284.95001220703125,295.9585876464844,287.4902038574219,296.7085266113281,296.9816589355469,284.7210388183594,1.0,0.5444774031639099,0.3795528709888458,0.3795528709888458,1.0,1.0,-2.634571075439453,0.7047056555747986,1.9298654794692995,0.1104595884680748,0.8970169425010681,0.8970169425010681,0.0,184.811767578125,181.0,33296.6953125,0.0,1870.8836669921875,1.0,281.2581787109375,283.4420166015625,290.547119140625,292.7476806640625,293.1499938964844,293.1499938964844,281.54998779296875,36201.8671875,36000.0,313.1499938964844,0.0,18000.0,1.0,0.0,0.0,0.0,1.0,0.8929216861724854,1.0,0.0,0.0,3.650995969772339,3.651020050048828,8.894386382962693e-07,4.265924453735352,4.265914440155029,9.78592834144365e-06,0.0,0.0,-0.0,4747.9892578125,0.0,1535.78759765625,1895.4371337890625,0.0,3337.519775390625,0.9056171178817748,1.0,0.0,3.0,1.0,0.0
12249540,296.92578125,297.1499938964844,293.1499938964844,0.0,-0.0,284.87567138671875,0.7220938205718994,0.2801748216152191,0.2573635280132293,296.84942626953125,297.1499938964844,293.1499938964844,0.0,-0.0,284.8758239746094,0.8109408617019653,0.4021788239479065,0.3860862255096435,296.9231872558594,297.1499938964844,293.1499938964844,0.0,-0.0,284.8759765625,0.9990000128746032,0.8525273203849792,0.5364859104156494,296.9445495605469,297.1499938964844,293.1499938964844,0.0,-0.0,284.87567138671875,0.7272701263427734,0.286843866109848,0.27732715010643,296.97760009765625,297.1499938964844,293.1499938964844,0.0,-0.0,284.8751220703125,0.5919228196144104,0.1534356772899627,0.7179877758026123,284.8758239746094,284.95001220703125,295.9021301269531,287.4632568359375,296.69000244140625,296.9776306152344,284.8763732910156,1.0,0.5422810316085815,0.3808129727840423,0.3808129727840423,1.0,1.0,-2.611464262008667,0.699794352054596,1.9116698503494265,0.11077781021595,0.8972612023353577,0.8972612023353577,0.0,185.51437377929688,184.0,32042.697265625,0.0,1839.5068359375,1.0,281.5421447753906,283.6407470703125,290.40362548828125,292.46697998046875,293.1499938964844,293.1499938964844,281.8500061035156,36116.4609375,36000.0,313.1499938964844,0.0,18000.0,1.0,0.0,0.0,0.0,1.0,0.8765149116516113,1.0,0.0,0.0,3.645869255065918,3.6458933353424072,8.869425869306724e-07,4.265924453735352,4.265914440155029,9.78592834144365e-06,0.0,0.0,-0.0,4602.712890625,0.0,1529.4482421875,1895.4371337890625,0.0,3183.91162109375,0.9044415950775146,1.0,0.0,3.0,1.0,0.0
12249600,296.92578125,297.1499938964844,293.1499938964844,0.0,-0.0,284.87567138671875,0.7220938205718994,0.2801748216152191,0.2573635280132293,296.84942626953125,297.1499938964844,293.1499938964844,0.0,-0.0,284.8758239746094,0.8109408617019653,0.4021788239479065,0.3860862255096435,296.9231872558594,297.1499938964844,293.1499938964844,0.0,-0.0,284.8759765625,0.9990000128746032,0.8525273203849792,0.5364859104156494,296.9445495605469,297.1499938964844,293.1499938964844,0.0,-0.0,284.87567138671875,0.7272701263427734,0.286843866109848,0.27732715010643,296.97760009765625,297.1499938964844,293.1499938964844,0.0,-0.0,284.8751220703125,0.5919228196144104,0.1534356772899627,0.7179877758026123,284.8758239746094,284.95001220703125,295.9021301269531,287.4632568359375,296.69000244140625,296.9776306152344,284.8763732910156,1.0,0.5422810316085815,0.3808129727840423,0.3808129727840423,1.0,1.0,-2.611464262008667,0.699794352054596,1.9116698503494265,0.11077781021595,0.8972612023353577,0.8972612023353577,0.0,185.51437377929688,184.0,32042.697265625,0.0,1839.5068359375,1.0,281.5421447753906,283.6407470703125,290.40362548828125,292.46697998046875,293.1499938964844,293.1499938964844,281.8500061035156,36116.4609375,36000.0,313.1499938964844,0.0,18000.0,1.0,0.0,0.0,0.0,1.0,0.8765149116516113,1.0,0.0,0.0,3.645869255065918,3.6458933353424072,8.869425869306724e-07,4.265924453735352,4.265914440155029,9.78592834144365e-06,0.0,0.0,-0.0,4602.712890625,0.0,1529.4482421875,1895.4371337890625,0.0,3183.91162109375,0.9044415950775146,1.0,0.0,3.0,1.0,0.0
12249660,296.93194580078125,297.1499938964844,293.1499938964844,0.0,-0.0,284.97662353515625,0.7189770936965942,0.2779570519924164,0.2553386092185974,296.85430908203125,297.1499938964844,293.1499938964844,0.0,-0.0,284.9758605957031,0.8071640729904175,0.3988618552684784,0.3829187154769897,296.9054870605469,297.1499938964844,293.1499938964844,0.0,-0.0,284.9749755859375,0.9990000128746032,0.8478596210479736,0.5396273732185364,296.94635009765625,297.1499938964844,293.1499938964844,0.0,-0.0,284.9765625,0.7240780591964722,0.2844190001487732,0.2750146090984344,296.9784851074219,297.1499938964844,293.1499938964844,0.0,-0.0,284.9784545898437,0.587583065032959,0.1513388305902481,0.7085636258125305,284.9759521484375,284.95001220703125,295.84588623046875,287.4364013671875,296.450927734375,296.9784545898437,284.9715881347656,1.0,0.5409666895866394,0.628487765789032,0.628487765789032,0.6000000238418579,1.0,-2.594895362854004,1.22419011592865,1.370705246925354,0.6383616328239441,0.8986995816230774,0.8986995816230774,0.0,186.6955718994141,172.0,30218.240234375,0.0,1818.9835205078125,1.0,281.8417358398437,283.8245849609375,290.3365783691406,292.2854919433594,293.1499938964844,293.1499938964844,282.1499938964844,35996.7890625,36000.0,313.1499938964844,0.0,18000.0,1.0,0.0,0.0,0.0,1.0,0.8528828024864197,1.0,0.0,0.0,3.646060943603516,3.646084785461426,8.870357532941853e-07,4.265924453735352,4.265914440155029,9.78592834144365e-06,0.0,0.0,-0.0,4469.81640625,0.0,1528.7664794921875,1895.4371337890625,0.0,2962.27880859375,0.9043928980827332,1.0,0.0,3.0,1.0,0.0
12249720,296.93194580078125,297.1499938964844,293.1499938964844,0.0,-0.0,284.97662353515625,0.7189770936965942,0.2779570519924164,0.2553386092185974,296.85430908203125,297.1499938964844,293.1499938964844,0.0,-0.0,284.9758605957031,0.8071640729904175,0.3988618552684784,0.3829187154769897,296.9054870605469,297.1499938964844,293.1499938964844,0.0,-0.0,284.9749755859375,0.9990000128746032,0.8478596210479736,0.5396273732185364,296.94635009765625,297.1499938964844,293.1499938964844,0.0,-0.0,284.9765625,0.7240780591964722,0.2844190001487732,0.2750146090984344,296.9784851074219,297.1499938964844,293.1499938964844,0.0,-0.0,284.9784545898437,0.587583065032959,0.1513388305902481,0.7085636258125305,284.9759521484375,284.95001220703125,295.84588623046875,287.4364013671875,296.450927734375,296.9784545898437,284.9715881347656,1.0,0.5409666895866394,0.628487765789032,0.628487765789032,0.6000000238418579,1.0,-2.594895362854004,1.22419011592865,1.370705246925354,0.6383616328239441,0.8986995816230774,0.8986995816230774,0.0,186.6955718994141,172.0,30218.240234375,0.0,1818.9835205078125,1.0,281.8417358398437,283.8245849609375,290.3365783691406,292.2854919433594,293.1499938964844,293.1499938964844,282.1499938964844,35996.7890625,36000.0,313.1499938964844,0.0,18000.0,1.0,0.0,0.0,0.0,1.0,0.8528828024864197,1.0,0.0,0.0,3.646060943603516,3.646084785461426,8.870357532941853e-07,4.265924453735352,4.265914440155029,9.78592834144365e-06,0.0,0.0,-0.0,4469.81640625,0.0,1528.7664794921875,1895.4371337890625,0.0,2962.27880859375,0.9043928980827332,1.0,0.0,3.0,1.0,0.0
12249780,296.939697265625,297.1499938964844,293.1499938964844,0.0,-0.0,285.092529296875,0.7197731137275696,0.2759748697280884,0.2533805072307586,296.8612670898437,297.1499938964844,293.1499938964844,0.0,-0.0,285.0917358398437,0.8080222606658936,0.3958169817924499,0.3798581063747406,296.9010314941406,297.1499938964844,293.1499938964844,0.0,-0.0,285.0908203125,0.9990000128746032,0.8442764282226562,0.5336214303970337,296.9499816894531,297.1499938964844,293.1499938964844,0.0,-0.0,285.09246826171875,0.7247331738471985,0.2822033762931824,0.2727474272251129,296.9809875488281,297.1499938964844,293.1499938964844,0.0,-0.0,285.094482421875,0.587080180644989,0.1494182497262954,0.6991387605667114,285.0918273925781,284.95001220703125,295.78985595703125,287.4096069335937,295.9851989746094,296.9809265136719,285.087158203125,1.0,0.5354121923446655,0.876162588596344,0.876162588596344,0.2000000029802322,1.0,-2.5676190853118896,2.170226573944092,0.3973925709724426,1.5883711576461792,0.9017659425735474,0.9017659425735474,0.0,182.9701385498047,160.0,28400.125,0.0,1765.58740234375,1.0,282.1417541503906,284.002685546875,290.29315185546875,292.1288757324219,293.1499938964844,293.1499938964844,281.8500061035156,35853.0859375,36000.0,313.1499938964844,0.0,18000.0,1.0,0.0,0.0,0.0,1.0,0.8261632919311523,1.0,0.0,0.0,3.6512138843536377,3.651237964630127,8.895448786461202e-07,4.265924453735352,4.265914440155029,9.78592834144365e-06,0.0,0.0,-0.0,4858.93408203125,0.0,1533.419921875,1895.4371337890625,0.0,2712.759521484375,0.9054489135742188,1.0,0.0,3.0,1.0,0.0
12249840,296.939697265625,297.1499938964844,293.1499938964844,0.0,-0.0,285.092529296875,0.7197731137275696,0.2759748697280884,0.2533805072307586,296.8612670898437,297.1499938964844,293.1499938964844,0.0,-0.0,285.0917358398437,0.8080222606658936,0.3958169817924499,0.3798581063747406,296.9010314941406,297.1499938964844,293.1499938964844,0.0,-0.0,285.0908203125,0.9990000128746032,0.8442764282226562,0.5336214303970337,296.9499816894531,297.1499938964844,293.1499938964844,0.0,-0.0,285.09246826171875,0.7247331738471985,0.2822033762931824,0.2727474272251129,296.9809875488281,297.1499938964844,293.1499938964844,0.0,-0.0,285.094482421875,0.587080180644989,0.1494182497262954,0.6991387605667114,285.0918273925781,284.95001220703125,295.78985595703125,287.4096069335937,295.9851989746094,296.9809265136719,285.087158203125,1.0,0.5354121923446655,0.876162588596344,0.876162588596344,0.2000000029802322,1.0,-2.5676190853118896,2.170226573944092,0.3973925709724426,1.5883711576461792,0.9017659425735474,0.9017659425735474,0.0,182.9701385498047,160.0,28400.125,0.0,1765.58740234375,1.0,282.1417541503906,284.002685546875,290.29315185546875,292.1288757324219,293.1499938964844,293.1499938964844,281.8500061035156,35853.0859375,36000.0,313.1499938964844,0.0,18000.0,1.0,0.0,0.0,0.0,1.0,0.8261632919311523,1.0,0.0,0.0,3.6512138843536377,3.651237964630127,8.895448786461202e-07,4.265924453735352,4.265914440155029,9.78592834144365e-06,0.0,0.0,-0.0,4858.93408203125,0.0,1533.419921875,1895.4371337890625,0.0,2712.759521484375,0.9054489135742188,1.0,0.0,3.0,1.0,0.0
12249900,296.9378356933594,297.1499938964844,293.1499938964844,0.0,-0.0,284.87255859375,0.7209579944610596,0.2744681537151336,0.2522437572479248,296.8595275878906,297.1499938964844,293.1499938964844,0.0,-0.0,284.8690185546875,0.8094454407691956,0.3938247859477997,0.3781818747520447,296.896728515625,297.1499938964844,293.1499938964844,0.0,-0.0,284.8653564453125,0.9990000128746032,0.8422846794128418,0.5284613966941833,296.94793701171875,297.1499938964844,293.1499938964844,0.0,-0.0,284.872314453125,0.7258827686309814,0.2807424068450928,0.271495908498764,296.9803771972656,297.1499938964844,293.1499938964844,0.0,-0.0,284.88336181640625,0.5876719951629639,0.1482903212308883,0.6941716074943542,284.86944580078125,284.95001220703125,295.76190185546875,287.396240234375,295.76318359375,296.98052978515625,284.8529663085937,1.0,0.5316406488418579,1.0,1.0,0.0,1.0,-2.5505831241607666,2.550558090209961,2.483121170371305e-05,1.971196293830872,0.8990957140922546,0.8990957140922546,0.0,179.96572875976562,160.0,28314.736328125,0.0,1729.7734375,1.0,281.8985900878906,283.7749938964844,290.37530517578125,292.30377197265625,293.1499938964844,293.1499938964844,281.8500061035156,35994.8203125,36000.0,313.1499938964844,0.0,18000.0,1.0,0.0,0.0,0.0,1.0,0.8290340900421143,1.0,0.0,0.0,3.651235818862915,3.651259899139404,8.895555083654472e-07,4.265924453735352,4.265914440155029,9.78592834144365e-06,0.0,0.0,-0.0,4691.7255859375,0.0,1534.505126953125,1895.4371337890625,0.0,2739.455810546875,0.9054784774780272,1.0,0.0,3.0,1.0,0.0
12249960,296.93115234375,297.1499938964844,293.1499938964844,0.0,-0.0,284.7849426269531,0.7214474081993103,0.2724672257900238,0.2505160868167877,296.85272216796875,297.1499938964844,293.1499938964844,0.0,-0.0,284.7841491699219,0.8102500438690186,0.3913174569606781,0.3759119808673858,296.88580322265625,297.1499938964844,293.1499938964844,0.0,-0.0,284.7833251953125,0.9990000128746032,0.8396080732345581,0.523708164691925,296.9418334960937,297.1499938964844,293.1499938964844,0.0,-0.0,284.7848815917969,0.7264893054962158,0.2788622081279754,0.2697818875312805,296.9770812988281,297.1499938964844,293.1499938964844,0.0,-0.0,284.78729248046875,0.5876768231391907,0.1468934267759323,0.6879424452781677,284.7842712402344,284.95001220703125,295.7340087890625,287.3829040527344,295.7352294921875,296.977294921875,284.7801208496094,1.0,0.5271748900413513,1.0,1.0,0.0,1.0,-2.5305306911468506,2.5305254459381104,5.151403001946164e-06,1.955815076828003,0.8970704674720764,0.8970704674720764,0.0,176.84249877929688,163.0,28096.845703125,0.0,1687.9132080078125,1.0,281.8578186035156,283.7039794921875,290.3708801269531,292.2478942871094,293.1499938964844,293.1499938964844,282.1499938964844,36132.46484375,36000.0,313.1499938964844,0.0,18000.0,1.0,0.0,0.0,0.0,1.0,0.8287854194641113,1.0,0.0,0.0,3.647465229034424,3.647489309310913,8.877191817191488e-07,4.265924453735352,4.265914440155029,9.78592834144365e-06,0.0,0.0,-0.0,4380.78173828125,0.0,1531.3406982421875,1895.4371337890625,0.0,2737.141845703125,0.9047775864601136,1.0,0.0,3.0,1.0,0.0
12250020,296.9291076660156,297.1499938964844,293.1499938964844,0.0,-0.0,284.9203796386719,0.7208507061004639,0.2708001434803009,0.2487408071756363,296.8497314453125,297.1499938964844,293.1499938964844,0.0,-0.0,284.9224548339844,0.8097290396690369,0.3890323638916015,0.3735026717185974,296.8834533691406,297.1499938964844,293.1499938964844,0.0,-0.0,284.9245910644531,0.9990000128746032,0.8376052379608154,0.5213693976402283,296.9382629394531,297.1499938964844,293.1499938964844,0.0,-0.0,284.9205322265625,0.7259588837623596,0.2771179676055908,0.2679432332515716,296.9749755859375,297.1499938964844,293.1499938964844,0.0,-0.0,284.9139404296875,0.5864662528038025,0.1455302089452743,0.6812570095062256,284.9222106933594,284.95001220703125,295.7046813964844,287.3688659667969,295.7059326171875,296.9750061035156,284.9317321777344,1.0,0.5241367220878601,1.0,1.0,0.0,1.0,-2.512439489364624,2.512434482574463,5.077455170976464e-06,1.9417201280593872,0.8981439471244812,0.8981439471244812,0.0,175.0340576171875,163.0,27302.24609375,0.0,1654.9718017578125,1.0,282.10577392578125,283.87890625,290.2735595703125,292.0142517089844,293.1499938964844,293.1499938964844,282.1499938964844,36074.0390625,36000.0,313.1499938964844,0.0,18000.0,1.0,0.0,0.0,0.0,1.0,0.8146414756774902,1.0,0.0,0.0,3.6455583572387695,3.64558219909668,8.867912129062461e-07,4.265924453735352,4.265914440155029,9.78592834144365e-06,0.0,0.0,-0.0,4481.810546875,0.0,1528.7857666015625,1895.4371337890625,0.0,2606.000244140625,0.9043774604797364,1.0,0.0,3.0,1.0,0.0
12250080,296.9314270019531,297.1499938964844,293.1499938964844,0.0,-0.0,284.9617004394531,0.7204104065895081,0.2697048187255859,0.247603178024292,296.8511047363281,297.1499938964844,293.1499938964844,0.0,-0.0,284.9618530273437,0.8091960549354553,0.3873684704303741,0.3717757165431976,296.8871765136719,297.1499938964844,293.1499938964844,0.0,-0.0,284.9620056152344,0.9990000128746032,0.8363718390464783,0.5199936032295227,296.9382019042969,297.1499938964844,293.1499938964844,0.0,-0.0,284.9617004394531,0.7254331111907959,0.275844007730484,0.266611248254776,296.9750061035156,297.1499938964844,293.1499938964844,0.0,-0.0,284.9610595703125,0.5853348970413208,0.144483208656311,0.6761147975921631,284.9618530273437,284.95001220703125,295.67840576171875,287.3562927246094,295.6796264648437,296.9750061035156,284.9623107910156,1.0,0.5219549536705017,1.0,1.0,0.0,1.0,-2.499561309814453,2.499556303024292,5.025499376642983e-06,1.931737184524536,0.8986681699752808,0.8986681699752808,0.0,173.9022674560547,166.0,27105.111328125,0.0,1632.4239501953125,1.0,282.14215087890625,283.9170227050781,290.26123046875,292.0166320800781,293.1499938964844,293.1499938964844,282.45001220703125,36011.40625,36000.0,313.1499938964844,0.0,18000.0,1.0,0.0,0.0,0.0,1.0,0.8052293062210083,1.0,0.0,0.0,3.6460635662078857,3.646087646484375,8.870370606928191e-07,4.265924453735352,4.265914440155029,9.78592834144365e-06,0.0,0.0,-0.0,4268.90673828125,0.0,1528.8787841796875,1895.4371337890625,0.0,2519.3310546875,0.9044151306152344,1.0,0.0,3.0,1.0,0.0
12250140,296.94244384765625,297.1499938964844,293.1499938964844,0.0,-0.0,285.1693725585937,0.71940678358078,0.2680439352989197,0.2458997070789337,296.8606872558594,297.1499938964844,293.1499938964844,0.0,-0.0,285.1695861816406,0.8077601790428162,0.3845439255237579,0.3688791692256927,296.9020690917969,297.1499938964844,293.1499938964844,0.0,-0.0,285.1698303222656,0.9990000128746032,0.8345432877540588,0.518700897693634,296.9434814453125,297.1499938964844,293.1499938964844,0.0,-0.0,285.1693725585937,0.7241091728210449,0.2736883163452148,0.2643862664699554,296.9788818359375,297.1499938964844,293.1499938964844,0.0,-0.0,285.16851806640625,0.5828558802604675,0.1426529437303543,0.6671994924545288,285.1695861816406,284.95001220703125,295.6230163574219,287.3298034667969,295.624267578125,296.9787292480469,285.1703796386719,1.0,0.5187983512878418,1.0,1.0,0.0,1.0,-2.4790892601013184,2.479084253311157,4.943531621393049e-06,1.9158998727798464,0.903319776058197,0.903319776058197,0.0,172.5673065185547,169.0,26218.3203125,0.0,1598.937744140625,1.0,282.4417724609375,284.1548767089844,290.2254333496094,291.905029296875,293.1499938964844,293.1499938964844,282.1499938964844,35787.49609375,36000.0,313.1499938964844,0.0,18000.0,1.0,0.0,0.0,0.0,1.0,0.780177116394043,1.0,0.0,0.0,3.6532142162323,3.65323805809021,8.905197432795831e-07,4.265924453735352,4.265914440155029,9.78592834144365e-06,0.0,0.0,-0.0,4687.2431640625,0.0,1535.1558837890625,1895.4371337890625,0.0,2291.730712890625,0.9058680534362792,1.0,0.0,3.0,1.0,0.0
12250200,296.94244384765625,297.1499938964844,293.1499938964844,0.0,-0.0,285.1693725585937,0.71940678358078,0.2680439352989197,0.2458997070789337,296.8606872558594,297.1499938964844,293.1499938964844,0.0,-0.0,285.1695861816406,0.8077601790428162,0.3845439255237579,0.3688791692256927,296.9020690917969,297.1499938964844,293.1499938964844,0.0,-0.0,285.1698303222656,0.9990000128746032,0.8345432877540588,0.518700897693634,296.9434814453125,297.1499938964844,293.1499938964844,0.0,-0.0,285.1693725585937,0.7241091728210449,0.2736883163452148,0.2643862664699554,296.9788818359375,297.1499938964844,293.1499938964844,0.0,-0.0,285.16851806640625,0.5828558802604675,0.1426529437303543,0.6671994924545288,285.1695861816406,284.95001220703125,295.6230163574219,287.3298034667969,295.624267578125,296.9787292480469,285.1703796386719,1.0,0.5187983512878418,1.0,1.0,0.0,1.0,-2.4790892601013184,2.479084253311157,4.943531621393049e-06,1.9158998727798464,0.903319776058197,0.903319776058197,0.0,172.5673065185547,169.0,26218.3203125,0.0,1598.937744140625,1.0,282.4417724609375,284.1548767089844,290.2254333496094,291.905029296875,293.1499938964844,293.1499938964844,282.1499938964844,35787.49609375,36000.0,313.1499938964844,0.0,18000.0,1.0,0.0,0.0,0.0,1.0,0.780177116394043,1.0,0.0,0.0,3.6532142162323,3.65323805809021,8.905197432795831e-07,4.265924453735352,4.265914440155029,9.78592834144365e-06,0.0,0.0,-0.0,4687.2431640625,0.0,1535.1558837890625,1895.4371337890625,0.0,2291.730712890625,0.9058680534362792,1.0,0.0,3.0,1.0,0.0
12250260,296.939697265625,297.1499938964844,293.1499938964844,0.0,-0.0,284.9317626953125,0.7166562676429749,0.2651579678058624,0.2437911629676818,296.8579406738281,297.1499938964844,293.1499938964844,0.0,-0.0,284.9310607910156,0.8044373989105225,0.3806238174438476,0.3656632304191589,296.8816223144531,297.1499938964844,293.1499938964844,0.0,-0.0,284.9303283691406,0.9990000128746032,0.8293874263763428,0.5204598307609558,296.9402160644531,297.1499938964844,293.1499938964844,0.0,-0.0,284.93170166015625,0.721281886100769,0.2707577049732208,0.2619774937629699,296.9782409667969,297.1499938964844,293.1499938964844,0.0,-0.0,284.9339294433594,0.5789822340011597,0.1404321491718292,0.6583177447319031,284.93115234375,284.95001220703125,295.56787109375,287.30340576171875,295.5691223144531,296.9783630371094,284.9276733398437,1.0,0.5169911980628967,1.0,1.0,0.0,1.0,-2.461243867874145,2.4612390995025635,4.872892077401048e-06,1.902223825454712,0.9012154936790466,0.9012154936790466,0.0,172.88304138183594,172.0,26536.2734375,0.0,1576.3157958984375,1.0,282.1577453613281,283.8970031738281,290.3397216796875,292.10955810546875,293.1499938964844,293.1499938964844,281.8500061035156,35963.26171875,36000.0,313.1499938964844,0.0,18000.0,1.0,0.0,0.0,0.0,1.0,0.7928234338760376,1.0,0.0,0.0,3.655780553817749,3.6558046340942383,8.917713216760603e-07,4.265924453735352,4.265914440155029,9.78592834144365e-06,0.0,0.0,-0.0,4775.63037109375,0.0,1539.3338623046875,1895.4371337890625,0.0,2406.0009765625,0.9065271615982056,1.0,0.0,3.0,1.0,0.0
12250320,296.939697265625,297.1499938964844,293.1499938964844,0.0,-0.0,284.9317626953125,0.7166562676429749,0.2651579678058624,0.2437911629676818,296.8579406738281,297.1499938964844,293.1499938964844,0.0,-0.0,284.9310607910156,0.8044373989105225,0.3806238174438476,0.3656632304191589,296.8816223144531,297.1499938964844,293.1499938964844,0.0,-0.0,284.9303283691406,0.9990000128746032,0.8293874263763428,0.5204598307609558,296.9402160644531,297.1499938964844,293.1499938964844,0.0,-0.0,284.93170166015625,0.721281886100769,0.2707577049732208,0.2619774937629699,296.9782409667969,297.1499938964844,293.1499938964844,0.0,-0.0,284.9339294433594,0.5789822340011597,0.1404321491718292,0.6583177447319031,284.93115234375,284.95001220703125,295.56787109375,287.30340576171875,295.5691223144531,296.9783630371094,284.9276733398437,1.0,0.5169911980628967,1.0,1.0,0.0,1.0,-2.461243867874145,2.4612390995025635,4.872892077401048e-06,1.902223825454712,0.9012154936790466,0.9012154936790466,0.0,172.88304138183594,172.0,26536.2734375,0.0,1576.3157958984375,1.0,282.1577453613281,283.8970031738281,290.3397216796875,292.10955810546875,293.1499938964844,293.1499938964844,281.8500061035156,35963.26171875,36000.0,313.1499938964844,0.0,18000.0,1.0,0.0,0.0,0.0,1.0,0.7928234338760376,1.0,0.0,0.0,3.655780553817749,3.6558046340942383,8.917713216760603e-07,4.265924453735352,4.265914440155029,9.78592834144365e-06,0.0,0.0,-0.0,4775.63037109375,0.0,1539.3338623046875,1895.4371337890625,0.0,2406.0009765625,0.9065271615982056,1.0,0.0,3.0,1.0,0.0
12250380,296.92437744140625,297.1499938964844,293.1499938964844,0.0,-0.0,284.6693115234375,0.711026668548584,0.260952353477478,0.2403577417135238,296.84246826171875,297.1499938964844,293.1499938964844,0.0,-0.0,284.6685791015625,0.7983113527297974,0.3753647804260254,0.3610829710960388,296.8225402832031,297.1499938964844,293.1499938964844,0.0,-0.0,284.66778564453125,0.9990000128746032,0.8200342059135437,0.5255364775657654,296.9270324707031,297.1499938964844,293.1499938964844,0.0,-0.0,284.66925048828125,0.7160419225692749,0.2667708694934845,0.258540540933609,296.9698791503906,297.1499938964844,293.1499938964844,0.0,-0.0,284.671630859375,0.5724019408226013,0.137415662407875,0.6461341381072998,284.6686706542969,284.95001220703125,295.51300048828125,287.27716064453125,295.5142517089844,296.9701843261719,284.6650695800781,1.0,0.5156932473182678,1.0,1.0,0.0,1.0,-2.438952207565308,2.4389474391937256,4.785296823683893e-06,1.8850934505462649,0.8953711986541748,0.8953711986541748,0.0,174.76480102539062,160.0,26809.251953125,0.0,1554.5909423828125,1.0,281.8581848144531,283.6194763183594,290.3401794433594,292.1570129394531,293.1499938964844,293.1499938964844,282.1499938964844,36259.68359375,36000.0,313.1499938964844,0.0,18000.0,1.0,0.0,0.0,0.0,1.0,0.8100751042366028,1.0,0.0,0.0,3.647175550460816,3.6471996307373047,8.87578210040374e-07,4.265924453735352,4.265914440155029,9.78592834144365e-06,0.0,0.0,-0.0,4306.93310546875,0.0,1531.969970703125,1895.4371337890625,0.0,2563.884765625,0.9047974348068236,1.0,0.0,3.0,1.0,0.0
12250440,296.92437744140625,297.1499938964844,293.1499938964844,0.0,-0.0,284.6693115234375,0.711026668548584,0.260952353477478,0.2403577417135238,296.84246826171875,297.1499938964844,293.1499938964844,0.0,-0.0,284.6685791015625,0.7983113527297974,0.3753647804260254,0.3610829710960388,296.8225402832031,297.1499938964844,293.1499938964844,0.0,-0.0,284.66778564453125,0.9990000128746032,0.8200342059135437,0.5255364775657654,296.9270324707031,297.1499938964844,293.1499938964844,0.0,-0.0,284.66925048828125,0.7160419225692749,0.2667708694934845,0.258540540933609,296.9698791503906,297.1499938964844,293.1499938964844,0.0,-0.0,284.671630859375,0.5724019408226013,0.137415662407875,0.6461341381072998,284.6686706542969,284.95001220703125,295.51300048828125,287.27716064453125,295.5142517089844,296.9701843261719,284.6650695800781,1.0,0.5156932473182678,1.0,1.0,0.0,1.0,-2.438952207565308,2.4389474391937256,4.785296823683893e-06,1.8850934505462649,0.8953711986541748,0.8953711986541748,0.0,174.76480102539062,160.0,26809.251953125,0.0,1554.5909423828125,1.0,281.8581848144531,283.6194763183594,290.3401794433594,292.1570129394531,293.1499938964844,293.1499938964844,282.1499938964844,36259.68359375,36000.0,313.1499938964844,0.0,18000.0,1.0,0.0,0.0,0.0,1.0,0.8100751042366028,1.0,0.0,0.0,3.647175550460816,3.6471996307373047,8.87578210040374e-07,4.265924453735352,4.265914440155029,9.78592834144365e-06,0.0,0.0,-0.0,4306.93310546875,0.0,1531.969970703125,1895.4371337890625,0.0,2563.884765625,0.9047974348068236,1.0,0.0,3.0,1.0,0.0
12250500,296.92059326171875,297.1499938964844,293.1499938964844,0.0,-0.0,284.802001953125,0.7092763781547546,0.2591448128223419,0.2384998053312301,296.8379211425781,297.1499938964844,293.1499938964844,0.0,-0.0,284.8044738769531,0.7965818047523499,0.3729666471481323,0.3586032688617706,296.7989807128906,297.1499938964844,293.1499938964844,0.0,-0.0,284.80712890625,0.9990000128746032,0.8156346082687378,0.5252366662025452,296.92242431640625,297.1499938964844,293.1499938964844,0.0,-0.0,284.8021850585937,0.7144441604614258,0.2649056315422058,0.2566276788711548,296.9659118652344,297.1499938964844,293.1499938964844,0.0,-0.0,284.7940979003906,0.5699443221092224,0.1358847767114639,0.6389702558517456,284.80419921875,284.95001220703125,295.48565673828125,287.2640991210937,295.4869079589844,296.966064453125,284.8153991699219,1.0,0.5130317211151123,1.0,1.0,0.0,1.0,-2.4224846363067627,2.42248010635376,4.721193818113534e-06,1.872480869293213,0.895664632320404,0.895664632320404,0.0,174.0847930908203,160.0,26057.3046875,0.0,1530.1700439453125,1.0,282.1012268066406,283.7921142578125,290.2159118652344,291.8950500488281,293.1499938964844,293.1499938964844,282.1499938964844,36218.3359375,36000.0,313.1499938964844,0.0,18000.0,1.0,0.0,0.0,0.0,1.0,0.7995852828025818,1.0,0.0,0.0,3.642589569091797,3.642613649368286,8.853475605974381e-07,4.265924453735352,4.265914440155029,9.78592834144365e-06,0.0,0.0,-0.0,4395.5576171875,0.0,1526.570068359375,1895.4371337890625,0.0,2467.6337890625,0.903813660144806,1.0,0.0,3.0,1.0,0.0
12250560,296.9218444824219,297.1499938964844,293.1499938964844,0.0,-0.0,284.8501892089844,0.7091375589370728,0.2578153014183044,0.2370891571044922,296.83819580078125,297.1499938964844,293.1499938964844,0.0,-0.0,284.850341796875,0.7964780330657959,0.3710169494152069,0.3565482497215271,296.7904663085937,297.1499938964844,293.1499938964844,0.0,-0.0,284.8504638671875,0.9990000128746032,0.8125703930854797,0.5224249958992004,296.9215087890625,297.1499938964844,293.1499938964844,0.0,-0.0,284.8502197265625,0.71421217918396,0.2633725702762604,0.2550015747547149,296.9642028808594,297.1499938964844,293.1499938964844,0.0,-0.0,284.8495483398437,0.5687699913978577,0.1345513761043548,0.6323463320732117,284.8503112792969,284.95001220703125,295.4583740234375,287.25103759765625,295.45965576171875,296.9642944335937,284.8505554199219,1.0,0.5095760822296143,1.0,1.0,0.0,1.0,-2.4050326347351074,2.4050278663635254,4.653534233511891e-06,1.859000444412232,0.8955199122428894,0.8955199122428894,0.0,172.083984375,148.0,25819.9921875,0.0,1499.3370361328125,1.0,282.1422424316406,283.8357238769531,290.1786499023437,291.86962890625,293.1499938964844,293.1499938964844,282.45001220703125,36156.4609375,36000.0,313.1499938964844,0.0,18000.0,1.0,0.0,0.0,0.0,1.0,0.7905527949333191,1.0,0.0,0.0,3.640380859375,3.640404939651489,8.842741863190895e-07,4.265924453735352,4.265914440155029,9.78592834144365e-06,0.0,0.0,-0.0,4185.23291015625,0.0,1523.6607666015625,1895.4371337890625,0.0,2385.384521484375,0.9032430648803712,1.0,0.0,3.0,1.0,0.0
12250620,296.931396484375,297.1499938964844,293.1499938964844,0.0,-0.0,285.051513671875,0.7118422985076904,0.2558842003345489,0.2349534481763839,296.8460693359375,297.1499938964844,293.1499938964844,0.0,-0.0,285.0516662597656,0.7993789911270142,0.3678545951843261,0.3531420528888702,296.8055114746094,297.1499938964844,293.1499938964844,0.0,-0.0,285.05181884765625,0.9990000128746032,0.8094989061355591,0.5119801163673401,296.9256591796875,297.1499938964844,293.1499938964844,0.0,-0.0,285.0515441894531,0.716411828994751,0.2608912885189056,0.2522740960121155,296.9659423828125,297.1499938964844,293.1499938964844,0.0,-0.0,285.05078125,0.5691862106323242,0.132366195321083,0.6208146214485168,285.0516662597656,284.95001220703125,295.404052734375,287.22509765625,295.40533447265625,296.9658203125,285.05194091796875,1.0,0.5008530020713806,1.0,1.0,0.0,1.0,-2.36869740486145,2.368692874908448,4.514250122156227e-06,1.8309097290039065,0.8985555171966553,0.8985555171966553,0.0,165.64295959472656,136.0,24818.04296875,0.0,1427.1514892578125,1.0,282.44171142578125,284.0688171386719,290.1155700683594,291.7193908691406,293.1499938964844,293.1499938964844,282.75,35946.6328125,36000.0,313.1499938964844,0.0,18000.0,1.0,0.0,0.0,0.0,1.0,0.764100193977356,1.0,0.0,0.0,3.6416187286376953,3.641642808914185,8.848757033774746e-07,4.265924453735352,4.265914440155029,9.78592834144365e-06,0.0,0.0,-0.0,4104.58447265625,0.0,1523.4656982421875,1895.4371337890625,0.0,2148.631103515625,0.9033827185630798,1.0,0.0,3.0,1.0,0.0
12250680,296.931396484375,297.1499938964844,293.1499938964844,0.0,-0.0,285.051513671875,0.7118422985076904,0.2558842003345489,0.2349534481763839,296.8460693359375,297.1499938964844,293.1499938964844,0.0,-0.0,285.0516662597656,0.7993789911270142,0.3678545951843261,0.3531420528888702,296.8055114746094,297.1499938964844,293.1499938964844,0.0,-0.0,285.05181884765625,0.9990000128746032,0.8094989061355591,0.5119801163673401,296.9256591796875,297.1499938964844,293.1499938964844,0.0,-0.0,285.0515441894531,0.716411828994751,0.2608912885189056,0.2522740960121155,296.9659423828125,297.1499938964844,293.1499938964844,0.0,-0.0,285.05078125,0.5691862106323242,0.132366195321083,0.6208146214485168,285.0516662597656,284.95001220703125,295.404052734375,287.22509765625,295.40533447265625,296.9658203125,285.05194091796875,1.0,0.5008530020713806,1.0,1.0,0.0,1.0,-2.36869740486145,2.368692874908448,4.514250122156227e-06,1.8309097290039065,0.8985555171966553,0.8985555171966553,0.0,165.64295959472656,136.0,24818.04296875,0.0,1427.1514892578125,1.0,282.44171142578125,284.0688171386719,290.1155700683594,291.7193908691406,293.1499938964844,293.1499938964844,282.75,35946.6328125,36000.0,313.1499938964844,0.0,18000.0,1.0,0.0,0.0,0.0,1.0,0.764100193977356,1.0,0.0,0.0,3.6416187286376953,3.641642808914185,8.848757033774746e-07,4.265924453735352,4.265914440155029,9.78592834144365e-06,0.0,0.0,-0.0,4104.58447265625,0.0,1523.4656982421875,1895.4371337890625,0.0,2148.631103515625,0.9033827185630798,1.0,0.0,3.0,1.0,0.0
12250740,296.9450988769531,303.1499938964844,285.1499938964844,0.0,-0.0,285.251708984375,0.7171839475631714,0.0,0.2333375960588455,296.8587646484375,303.1499938964844,285.1499938964844,0.0,-0.0,285.2518615722656,0.8053315877914429,0.0,0.3503203988075256,296.8505554199219,303.1499938964844,285.1499938964844,0.0,-0.0,285.2519836425781,0.9990000128746032,0.0,0.497004359960556,296.9341735839844,303.1499938964844,285.1499938964844,0.0,-0.0,285.2517395019531,0.7211418747901917,0.0,0.250016301870346,296.9727478027344,303.1499938964844,285.1499938964844,0.0,-0.0,285.2510070800781,0.5725669264793396,0.0,0.6114887595176697,285.2518310546875,294.1499938964844,295.3500061035156,287.19927978515625,295.3512878417969,296.9725036621094,285.25201416015625,0.0,0.0,1.0,1.0,0.0,1.0,-2.331460952758789,2.331456661224365,4.373755018605152e-06,1.8020955324172967,0.0,0.0,0.0,157.08311462402344,60.0,23830.5546875,0.0,1347.34228515625,0.0,282.7417297363281,284.2997741699219,290.0970153808594,291.6322937011719,293.1499938964844,293.1499938964844,278.1499938964844,35698.359375,18000.0,313.1499938964844,0.0,18000.0,0.0,0.0,0.0,0.0,0.0,0.0,0.0,0.0,0.0,3.652108192443848,3.652132272720337,8.899806402951072e-07,4.265924453735352,4.265914440155029,9.78592834144365e-06,0.0,0.0,-0.0,0.0,0.0,1533.257080078125,1895.4371337890625,0.0,0.0,0.0,0.0,0.0,4.0,0.0,0.0
12250800,296.9450988769531,303.1499938964844,285.1499938964844,0.0,-0.0,285.251708984375,0.7171839475631714,0.0,0.2333375960588455,296.8587646484375,303.1499938964844,285.1499938964844,0.0,-0.0,285.2518615722656,0.8053315877914429,0.0,0.3503203988075256,296.8505554199219,303.1499938964844,285.1499938964844,0.0,-0.0,285.2519836425781,0.9990000128746032,0.0,0.497004359960556,296.9341735839844,303.1499938964844,285.1499938964844,0.0,-0.0,285.2517395019531,0.7211418747901917,0.0,0.250016301870346,296.9727478027344,303.1499938964844,285.1499938964844,0.0,-0.0,285.2510070800781,0.5725669264793396,0.0,0.6114887595176697,285.2518310546875,294.1499938964844,295.3500061035156,287.19927978515625,295.3512878417969,296.9725036621094,285.25201416015625,0.0,0.0,1.0,1.0,0.0,1.0,-2.331460952758789,2.331456661224365,4.373755018605152e-06,1.8020955324172967,0.0,0.0,0.0,157.08311462402344,60.0,23830.5546875,0.0,1347.34228515625,0.0,282.7417297363281,284.2997741699219,290.0970153808594,291.6322937011719,293.1499938964844,293.1499938964844,278.1499938964844,35698.359375,18000.0,313.1499938964844,0.0,18000.0,0.0,0.0,0.0,0.0,0.0,0.0,0.0,0.0,0.0,3.652108192443848,3.652132272720337,8.899806402951072e-07,4.265924453735352,4.265914440155029,9.78592834144365e-06,0.0,0.0,-0.0,0.0,0.0,1533.257080078125,1895.4371337890625,0.0,0.0,0.0,0.0,0.0,4.0,0.0,0.0
12250860,297.3412170410156,303.1499938964844,285.1499938964844,0.0,-0.0,285.3294982910156,0.0,0.0,0.0009260801598429,297.25,303.1499938964844,285.1499938964844,0.0,-0.0,285.3311767578125,0.0,0.0,0.0009752092300914,297.7184753417969,303.1499938964844,285.1499938964844,0.0,-0.0,285.3320007324219,0.3562175035476684,0.0,0.000720286858268,297.2066345214844,303.1499938964844,285.1499938964844,0.0,-0.0,285.32958984375,0.0,0.0,0.0009752071346156,297.1153869628906,303.1499938964844,285.1499938964844,0.0,-0.0,285.3249206542969,0.0,0.0,0.0046259416267275,285.3433532714844,294.1499938964844,295.31689453125,287.1830749511719,295.328857421875,296.81427001953125,284.3946228027344,0.0,0.0,0.7537872195243835,0.7537872195243835,0.2462127655744552,1.0,-0.0098690902814269,0.0099437423050403,-7.465227827196941e-05,-0.0124088106676936,0.0,0.0,0.0,-0.0519556514918804,60.0,1170.19091796875,-0.0,-6.640697847615229e-06,0.0,282.9992980957031,284.4533386230469,290.2752380371094,291.35028076171875,293.1499938964844,293.1499938964844,278.1499938964844,2.968590706586837e-09,18000.0,313.1499938964844,0.0,18000.0,0.0,0.0,0.0,0.0,0.0,0.0,0.0,0.0,0.0,5.667563095131936e-16,5.672889873578981e-16,4.6343431975201256e-21,8.804506331904632e-14,8.80446770720224e-14,3.8643717209127163e-19,0.0,0.0,-0.0,0.0,0.0,3.528225080175685e-27,4.412244489130519e-25,0.0,0.0,0.0,0.0,0.0,4.0,0.0,0.0
12250920,297.5528259277344,303.1499938964844,285.1499938964844,0.0,-0.0,285.3277587890625,0.0,0.0,0.0009278994402848,297.467529296875,303.1499938964844,285.1499938964844,0.0,-0.0,285.3291015625,0.0,0.0,0.0013603933621197,298.0753173828125,303.1499938964844,285.1499938964844,0.0,-0.0,285.3302917480469,0.0,0.0,0.0009281073580496,297.3711242675781,303.1499938964844,285.1499938964844,0.0,-0.0,285.3278503417969,0.0,0.0,0.0009926431812345,297.23663330078125,303.1499938964844,285.1499938964844,0.0,-0.0,285.32373046875,0.0,0.0,0.0026072436012327,285.3402404785156,294.1499938964844,295.2962646484375,287.172607421875,295.3274230957031,296.6910095214844,284.1219787597656,0.0,0.0,0.6000000238418579,0.6000000238418579,0.4000000059604645,1.0,-0.0081455837935209,0.0083109540864825,-0.0001653706567594,-0.0131143145263195,0.0,0.0,0.0,-0.0434164181351661,60.0,578.131591796875,-0.0,-4.563198217510944e-06,0.0,282.9992980957031,284.4533386230469,290.2752380371094,291.35028076171875,293.1499938964844,293.1499938964844,278.1499938964844,0.0,18000.0,313.1499938964844,0.0,18000.0,0.0,0.0,0.0,0.0,0.0,0.0,0.0,0.0,0.0,2.507496991162773e-28,2.962193402851801e-28,3.3790986303652835e-31,3.549141254479729e-18,3.546617112840525e-18,2.524068533887756e-21,0.0,0.0,-0.0,0.0,0.0,0.0,0.0,0.0,0.0,0.0,0.0,0.0,4.0,0.0,0.0
12250980,297.7578430175781,303.1499938964844,285.1499938964844,0.0,-0.0,285.3260498046875,0.0,0.0,0.0001198779646074,297.6865539550781,303.1499938964844,285.1499938964844,0.0,-0.0,285.32684326171875,0.0,0.0,0.0001374958956148,298.3700256347656,303.1499938964844,285.1499938964844,0.0,-0.0,285.3262023925781,0.0,0.0,0.0001348232035525,297.5433044433594,303.1499938964844,285.1499938964844,0.0,-0.0,285.3261108398437,0.0,0.0,0.0001266929320991,297.38604736328125,303.1499938964844,285.1499938964844,0.0,-0.0,285.3226318359375,0.0,0.0,0.0005392439779825,285.3375244140625,294.1499938964844,295.2694702148437,287.1585693359375,295.32623291015625,296.4932556152344,283.9743957519531,0.0,0.0,0.4000000059604645,0.4000000059604645,0.6000000238418579,1.0,-0.0012700016377493,0.0031421040184795,-0.0018721023807302,-0.0164926294237375,0.0,0.0,0.0,-0.0087541546672582,60.0,228.19775390625,-0.0,-1.099643824886698e-07,0.0,282.9992980957031,284.4533386230469,290.2752380371094,291.35028076171875,293.1499938964844,293.1499938964844,278.1499938964844,0.0,18000.0,313.1499938964844,0.0,18000.0,0.0,0.0,0.0,0.0,0.0,0.0,0.0,0.0,0.0,-1.331234101627962e-38,-1.7859539118730543e-38,-4.079063521877004e-39,8.61451820086222e-21,6.986807701116856e-21,1.6277103987711666e-21,0.0,0.0,-0.0,0.0,0.0,0.0,0.0,0.0,0.0,0.0,0.0,0.0,4.0,0.0,0.0
12251040,297.9105529785156,303.1499938964844,285.1499938964844,0.0,-0.0,285.32537841796875,0.0,0.0,9.598262840881944e-05,297.85406494140625,303.1499938964844,285.1499938964844,0.0,-0.0,285.3261413574219,0.0,0.0,0.0001013628934742,298.5588073730469,303.1499938964844,285.1499938964844,0.0,-0.0,285.325439453125,0.0,0.0,7.571811875095591e-05,297.68048095703125,303.1499938964844,285.1499938964844,0.0,-0.0,285.325439453125,0.0,0.0,0.0001010860141832,297.5206298828125,303.1499938964844,285.1499938964844,0.0,-0.0,285.322021484375,0.0,0.0,0.0004779252631124,285.3364562988281,294.1499938964844,295.2427673339844,287.14410400390625,295.3255615234375,296.3056640625,283.9339599609375,0.0,0.0,0.2000000029802322,0.2000000029802322,0.800000011920929,1.0,-0.0010226616868749,0.0008187657222151,0.0002038959792116,-0.0185408983379602,0.0,0.0,0.0,-0.0084109511226415,60.0,88.31238555908203,-0.0,-7.13059549184436e-08,0.0,282.9992980957031,284.4533386230469,290.2752380371094,291.35028076171875,293.1499938964844,293.1499938964844,278.1499938964844,0.0,18000.0,313.1499938964844,0.0,18000.0,0.0,0.0,0.0,0.0,0.0,0.0,0.0,0.0,0.0,0.0,0.0,0.0,-5.180455269628451e-21,-2.660314833908364e-21,-2.5201402337716957e-21,0.0,0.0,-0.0,0.0,0.0,0.0,-0.0,0.0,0.0,0.0,0.0,0.0,4.0,0.0,0.0
12251100,298.0292663574219,303.1499938964844,285.1499938964844,0.0,-0.0,285.32470703125,0.0,0.0,9.530518582323566e-05,297.9854736328125,303.1499938964844,285.1499938964844,0.0,-0.0,285.3254699707031,0.0,0.0,0.0001003645156743,298.6904602050781,303.1499938964844,285.1499938964844,0.0,-0.0,285.3247375488281,0.0,0.0,7.413847924908623e-05,297.7919921875,303.1499938964844,285.1499938964844,0.0,-0.0,285.32476806640625,0.0,0.0,0.0001003611032501,297.6391296386719,303.1499938964844,285.1499938964844,0.0,-0.0,285.32135009765625,0.0,0.0,0.0004760493466164,285.3353881835937,294.1499938964844,295.21612548828125,287.1292419433594,295.32470703125,296.1436767578125,283.93658447265625,0.0,0.0,0.0,0.0,1.0,1.0,-0.0010154664050787,3.6437551642620753e-08,0.001015429967083,-0.0191819984465837,0.0,0.0,0.0,-0.0086218956857919,60.0,36.939064025878906,-0.0,-7.032900839476498e-08,0.0,282.9992980957031,284.4533386230469,290.2752380371094,291.35028076171875,293.1499938964844,293.1499938964844,278.1499938964844,0.0,18000.0,313.1499938964844,0.0,18000.0,0.0,0.0,0.0,0.0,0.0,0.0,0.0,0.0,0.0,0.0,0.0,0.0,-5.2794447167027535e-21,-2.640516621376077e-21,-2.6389280953266768e-21,0.0,0.0,-0.0,0.0,0.0,0.0,-0.0,0.0,0.0,0.0,0.0,0.0,4.0,0.0,0.0
12251160,298.1249084472656,303.1499938964844,285.1499938964844,0.0,-0.0,285.323974609375,0.0,0.0,9.525463974568991e-05,298.0910949707031,303.1499938964844,285.1499938964844,0.0,-0.0,285.32470703125,0.0,0.0,0.0001003081924864,298.78973388671875,303.1499938964844,285.1499938964844,0.0,-0.0,285.3240051269531,0.0,0.0,7.408775854855776e-05,297.8842163085937,303.1499938964844,285.1499938964844,0.0,-0.0,285.32403564453125,0.0,0.0,0.0001003077486529,297.74273681640625,303.1499938964844,285.1499938964844,0.0,-0.0,285.32061767578125,0.0,0.0,0.0004758131981361,285.334228515625,294.1499938964844,295.1895446777344,287.11395263671875,295.3236083984375,296.003173828125,283.9554443359375,0.0,0.0,0.0,0.0,1.0,1.0,-0.0010150971356779,7.630257314872324e-09,0.001015089568682,-0.0190387964248657,0.0,0.0,0.0,-0.0085949450731277,60.0,18.41984367370605,-0.0,-7.025455772691205e-08,0.0,282.9992980957031,284.4533386230469,290.2752380371094,291.35028076171875,293.1499938964844,293.1499938964844,278.1499938964844,0.0,18000.0,313.1499938964844,0.0,18000.0,0.0,0.0,0.0,0.0,0.0,0.0,0.0,0.0,0.0,-0.0,-0.0,-0.0,-5.28055139388947e-21,-2.6402944781451665e-21,-2.6402571176926952e-21,0.0,0.0,-0.0,0.0,0.0,0.0,-0.0,0.0,0.0,0.0,0.0,0.0,4.0,0.0,0.0
12251220,298.2713317871094,303.1499938964844,285.1499938964844,0.0,-0.0,285.32232666015625,0.0,0.0,9.519028390059248e-05,298.2503967285156,303.1499938964844,285.1499938964844,0.0,-0.0,285.32305908203125,0.0,0.0,0.0001002403441816,298.9354858398437,303.1499938964844,285.1499938964844,0.0,-0.0,285.3223571777344,0.0,0.0,7.403743074974045e-05,298.0272827148437,303.1499938964844,285.1499938964844,0.0,-0.0,285.3223876953125,0.0,0.0,0.0001002399803837,297.9136047363281,303.1499938964844,285.1499938964844,0.0,-0.0,285.31903076171875,0.0,0.0,0.0004754921828862,285.3316955566406,294.1499938964844,295.13653564453125,287.0822448730469,295.3207092285156,295.7726135253906,284.0063781738281,0.0,0.0,0.0,0.0,1.0,1.0,-0.0010144091211259,7.548952574154555e-09,0.0010144016705453,-0.0188286360353231,0.0,0.0,0.0,-0.008555157110095,60.0,9.146733283996582,-0.0,-7.01593734220296e-08,0.0,282.9992980957031,284.4533386230469,290.2752380371094,291.35028076171875,293.1499938964844,293.1499938964844,278.1499938964844,0.0,18000.0,313.1499938964844,0.0,18000.0,0.0,0.0,0.0,0.0,0.0,0.0,0.0,0.0,0.0,0.0,0.0,0.0,-5.280577647180396e-21,-2.640288823590198e-21,-2.6402886216418057e-21,0.0,0.0,-0.0,0.0,0.0,0.0,-0.0,0.0,0.0,0.0,0.0,0.0,4.0,0.0,0.0
12251280,298.2713317871094,303.1499938964844,285.1499938964844,0.0,-0.0,285.32232666015625,0.0,0.0,9.519028390059248e-05,298.2503967285156,303.1499938964844,285.1499938964844,0.0,-0.0,285.32305908203125,0.0,0.0,0.0001002403441816,298.9354858398437,303.1499938964844,285.1499938964844,0.0,-0.0,285.3223571777344,0.0,0.0,7.403743074974045e-05,298.0272827148437,303.1499938964844,285.1499938964844,0.0,-0.0,285.3223876953125,0.0,0.0,0.0001002399803837,297.9136047363281,303.1499938964844,285.1499938964844,0.0,-0.0,285.31903076171875,0.0,0.0,0.0004754921828862,285.3316955566406,294.1499938964844,295.13653564453125,287.0822448730469,295.3207092285156,295.7726135253906,284.0063781738281,0.0,0.0,0.0,0.0,1.0,1.0,-0.0010144091211259,7.548952574154555e-09,0.0010144016705453,-0.0188286360353231,0.0,0.0,0.0,-0.008555157110095,60.0,9.146733283996582,-0.0,-7.01593734220296e-08,0.0,282.9992980957031,284.4533386230469,290.2752380371094,291.35028076171875,293.1499938964844,293.1499938964844,278.1499938964844,0.0,18000.0,313.1499938964844,0.0,18000.0,0.0,0.0,0.0,0.0,0.0,0.0,0.0,0.0,0.0,0.0,0.0,0.0,-5.280577647180396e-21,-2.640288823590198e-21,-2.6402886216418057e-21,0.0,0.0,-0.0,0.0,0.0,0.0,-0.0,0.0,0.0,0.0,0.0,0.0,4.0,0.0,0.0
12251340,298.3799743652344,303.1499938964844,285.1499938964844,0.0,-0.0,285.32049560546875,0.0,0.0,9.515373676549645e-05,298.3656921386719,303.1499938964844,285.1499938964844,0.0,-0.0,285.3212280273437,0.0,0.0,0.0001002018543658,299.04254150390625,303.1499938964844,285.1499938964844,0.0,-0.0,285.3205261230469,0.0,0.0,7.400898903142661e-05,298.1324157714844,303.1499938964844,285.1499938964844,0.0,-0.0,285.3205261230469,0.0,0.0,0.0001002014905679,298.0509033203125,303.1499938964844,285.1499938964844,0.0,-0.0,285.3172302246094,0.0,0.0,0.0004753096436616,285.32891845703125,294.1499938964844,295.0837097167969,287.0491027832031,295.3169250488281,295.59210205078125,284.0595397949219,0.0,0.0,0.0,0.0,1.0,1.0,-0.0010140174999833,7.503160759370076e-09,0.0010140099329873,-0.0187087021768093,0.0,0.0,0.0,-0.0085324551910161,60.0,7.874002456665039,-0.0,-7.010521585470998e-08,0.0,282.9992980957031,284.4533386230469,290.2752380371094,291.35028076171875,293.1499938964844,293.1499938964844,278.1499938964844,0.0,18000.0,313.1499938964844,0.0,18000.0,0.0,0.0,0.0,0.0,0.0,0.0,0.0,0.0,0.0,0.0,0.0,0.0,-5.2805772432836115e-21,-2.6402886216418057e-21,-2.6402886216418057e-21,0.0,0.0,-0.0,0.0,0.0,0.0,-0.0,0.0,0.0,0.0,0.0,0.0,4.0,0.0,0.0
12251400,298.3799743652344,303.1499938964844,285.1499938964844,0.0,-0.0,285.32049560546875,0.0,0.0,9.515373676549645e-05,298.3656921386719,303.1499938964844,285.1499938964844,0.0,-0.0,285.3212280273437,0.0,0.0,0.0001002018543658,299.04254150390625,303.1499938964844,285.1499938964844,0.0,-0.0,285.3205261230469,0.0,0.0,7.400898903142661e-05,298.1324157714844,303.1499938964844,285.1499938964844,0.0,-0.0,285.3205261230469,0.0,0.0,0.0001002014905679,298.0509033203125,303.1499938964844,285.1499938964844,0.0,-0.0,285.3172302246094,0.0,0.0,0.0004753096436616,285.32891845703125,294.1499938964844,295.0837097167969,287.0491027832031,295.3169250488281,295.59210205078125,284.0595397949219,0.0,0.0,0.0,0.0,1.0,1.0,-0.0010140174999833,7.503160759370076e-09,0.0010140099329873,-0.0187087021768093,0.0,0.0,0.0,-0.0085324551910161,60.0,7.874002456665039,-0.0,-7.010521585470998e-08,0.0,282.9992980957031,284.4533386230469,290.2752380371094,291.35028076171875,293.1499938964844,293.1499938964844,278.1499938964844,0.0,18000.0,313.1499938964844,0.0,18000.0,0.0,0.0,0.0,0.0,0.0,0.0,0.0,0.0,0.0,0.0,0.0,0.0,-5.2805772432836115e-21,-2.6402886216418057e-21,-2.6402886216418057e-21,0.0,0.0,-0.0,0.0,0.0,0.0,-0.0,0.0,0.0,0.0,0.0,0.0,4.0,0.0,0.0
12251460,298.4654846191406,303.1499938964844,285.1499938964844,0.0,-0.0,285.3184509277344,0.0,0.0,9.514045814285056e-05,298.45428466796875,303.1499938964844,285.1499938964844,0.0,-0.0,285.3191833496094,0.0,0.0,0.0001001878626993,299.12762451171875,303.1499938964844,285.1499938964844,0.0,-0.0,285.3184814453125,0.0,0.0,7.399865717161447e-05,298.2121887207031,303.1499938964844,285.1499938964844,0.0,-0.0,285.3185119628906,0.0,0.0,0.0001001875061774,298.1636047363281,303.1499938964844,285.1499938964844,0.0,-0.0,285.31524658203125,0.0,0.0,0.0004752433451358,285.32586669921875,294.1499938964844,295.03106689453125,287.01470947265625,295.312255859375,295.4468688964844,284.1109924316406,0.0,0.0,0.0,0.0,1.0,1.0,-0.0010138738434761,7.486367081810386e-09,0.0010138662764802,-0.0186647195369005,0.0,0.0,0.0,-0.0085241291671991,60.0,7.654278755187988,-0.0,-7.008535618524547e-08,0.0,282.9992980957031,284.4533386230469,290.2752380371094,291.35028076171875,293.1499938964844,293.1499938964844,278.1499938964844,0.0,18000.0,313.1499938964844,0.0,18000.0,0.0,0.0,0.0,0.0,0.0,0.0,0.0,0.0,0.0,0.0,0.0,0.0,-5.2805772432836115e-21,-2.6402886216418057e-21,-2.6402886216418057e-21,0.0,0.0,-0.0,0.0,0.0,0.0,-0.0,0.0,0.0,0.0,0.0,0.0,4.0,0.0,0.0
12251520,298.4654846191406,303.1499938964844,285.1499938964844,0.0,-0.0,285.3184509277344,0.0,0.0,9.514045814285056e-05,298.45428466796875,303.1499938964844,285.1499938964844,0.0,-0.0,285.3191833496094,0.0,0.0,0.0001001878626993,299.12762451171875,303.1499938964844,285.1499938964844,0.0,-0.0,285.3184814453125,0.0,0.0,7.399865717161447e-05,298.2121887207031,303.1499938964844,285.1499938964844,0.0,-0.0,285.3185119628906,0.0,0.0,0.0001001875061774,298.1636047363281,303.1499938964844,285.1499938964844,0.0,-0.0,285.31524658203125,0.0,0.0,0.0004752433451358,285.32586669921875,294.1499938964844,295.03106689453125,287.01470947265625,295.312255859375,295.4468688964844,284.1109924316406,0.0,0.0,0.0,0.0,1.0,1.0,-0.0010138738434761,7.486367081810386e-09,0.0010138662764802,-0.0186647195369005,0.0,0.0,0.0,-0.0085241291671991,60.0,7.654278755187988,-0.0,-7.008535618524547e-08,0.0,282.9992980957031,284.4533386230469,290.2752380371094,291.35028076171875,293.1499938964844,293.1499938964844,278.1499938964844,0.0,18000.0,313.1499938964844,0.0,18000.0,0.0,0.0,0.0,0.0,0.0,0.0,0.0,0.0,0.0,0.0,0.0,0.0,-5.2805772432836115e-21,-2.6402886216418057e-21,-2.6402886216418057e-21,0.0,0.0,-0.0,0.0,0.0,0.0,-0.0,0.0,0.0,0.0,0.0,0.0,4.0,0.0,0.0
12251580,298.5342102050781,303.1499938964844,285.1499938964844,0.0,-0.0,285.3162536621094,0.0,0.0,9.514609701000154e-05,298.5243530273437,303.1499938964844,285.1499938964844,0.0,-0.0,285.31695556640625,0.0,0.0,0.0001001937998807,299.1960754394531,303.1499938964844,285.1499938964844,0.0,-0.0,285.3162841796875,0.0,0.0,7.40030372980982e-05,298.2733154296875,303.1499938964844,285.1499938964844,0.0,-0.0,285.3163146972656,0.0,0.0,0.0001001934433588,298.2527160644531,303.1499938964844,285.1499938964844,0.0,-0.0,285.3130798339844,0.0,0.0,0.0004752715467475,285.3226013183594,294.1499938964844,294.9785461425781,286.9791259765625,295.3067321777344,295.3268737792969,284.16015625,0.0,0.0,0.0,0.0,1.0,1.0,-0.0010139318183064,7.493157205828993e-09,0.0010139243677258,-0.0186825022101402,0.0,0.0,0.0,-0.0085274958983063,60.0,7.565643787384033,-0.0,-7.009338531815956e-08,0.0,282.9992980957031,284.4533386230469,290.2752380371094,291.35028076171875,293.1499938964844,293.1499938964844,278.1499938964844,0.0,18000.0,313.1499938964844,0.0,18000.0,0.0,0.0,0.0,0.0,0.0,0.0,0.0,0.0,0.0,0.0,0.0,0.0,-5.2805772432836115e-21,-2.6402886216418057e-21,-2.6402886216418057e-21,0.0,0.0,-0.0,0.0,0.0,0.0,-0.0,0.0,0.0,0.0,0.0,0.0,4.0,0.0,0.0
12251640,298.5342102050781,303.1499938964844,285.1499938964844,0.0,-0.0,285.3162536621094,0.0,0.0,9.514609701000154e-05,298.5243530273437,303.1499938964844,285.1499938964844,0.0,-0.0,285.31695556640625,0.0,0.0,0.0001001937998807,299.1960754394531,303.1499938964844,285.1499938964844,0.0,-0.0,285.3162841796875,0.0,0.0,7.40030372980982e-05,298.2733154296875,303.1499938964844,285.1499938964844,0.0,-0.0,285.3163146972656,0.0,0.0,0.0001001934433588,298.2527160644531,303.1499938964844,285.1499938964844,0.0,-0.0,285.3130798339844,0.0,0.0,0.0004752715467475,285.3226013183594,294.1499938964844,294.9785461425781,286.9791259765625,295.3067321777344,295.3268737792969,284.16015625,0.0,0.0,0.0,0.0,1.0,1.0,-0.0010139318183064,7.493157205828993e-09,0.0010139243677258,-0.0186825022101402,0.0,0.0,0.0,-0.0085274958983063,60.0,7.565643787384033,-0.0,-7.009338531815956e-08,0.0,282.9992980957031,284.4533386230469,290.2752380371094,291.35028076171875,293.1499938964844,293.1499938964844,278.1499938964844,0.0,18000.0,313.1499938964844,0.0,18000.0,0.0,0.0,0.0,0.0,0.0,0.0,0.0,0.0,0.0,0.0,0.0,0.0,-5.2805772432836115e-21,-2.6402886216418057e-21,-2.6402886216418057e-21,0.0,0.0,-0.0,0.0,0.0,0.0,-0.0,0.0,0.0,0.0,0.0,0.0,4.0,0.0,0.0
12251700,298.563232421875,303.1499938964844,285.1499938964844,0.0,-0.0,285.3150939941406,0.0,0.0,9.51546462601982e-05,298.5538024902344,303.1499938964844,285.1499938964844,0.0,-0.0,285.3157958984375,0.0,0.0,0.0001002028002403,299.2247314453125,303.1499938964844,285.1499938964844,0.0,-0.0,285.31512451171875,0.0,0.0,7.400968752335757e-05,298.2981872558594,303.1499938964844,285.1499938964844,0.0,-0.0,285.3151550292969,0.0,0.0,0.0001002024509944,298.2892761230469,303.1499938964844,285.1499938964844,0.0,-0.0,285.3119506835937,0.0,0.0,0.0004753143002744,285.3208923339844,294.1499938964844,294.95233154296875,286.9609375,295.3036499023437,295.2740173339844,284.183837890625,0.0,0.0,0.0,0.0,1.0,1.0,-0.0010140219237655,7.503692778243476e-09,0.0010140143567696,-0.018710097298026,0.0,0.0,0.0,-0.0085327187553048,60.0,7.529155731201172,-0.0,-7.010584113231745e-08,0.0,282.9992980957031,284.4533386230469,290.2752380371094,291.35028076171875,293.1499938964844,293.1499938964844,278.1499938964844,0.0,18000.0,313.1499938964844,0.0,18000.0,0.0,0.0,0.0,0.0,0.0,0.0,0.0,0.0,0.0,0.0,0.0,0.0,-5.2805772432836115e-21,-2.6402886216418057e-21,-2.6402886216418057e-21,0.0,0.0,-0.0,0.0,0.0,0.0,-0.0,0.0,0.0,0.0,0.0,0.0,4.0,0.0,0.0
12251760,298.5890808105469,303.1499938964844,285.1499938964844,0.0,-0.0,285.3139038085937,0.0,0.0,9.516629506833851e-05,298.5801086425781,303.1499938964844,285.1499938964844,0.0,-0.0,285.3146057128906,0.0,0.0,0.0001002150602289,299.2500305175781,303.1499938964844,285.1499938964844,0.0,-0.0,285.3139343261719,0.0,0.0,7.401873881462961e-05,298.31982421875,303.1499938964844,285.1499938964844,0.0,-0.0,285.3139343261719,0.0,0.0,0.0001002147109829,298.3213195800781,303.1499938964844,285.1499938964844,0.0,-0.0,285.3107604980469,0.0,0.0,0.0004753724788315,285.3191223144531,294.1499938964844,294.9261474609375,286.9425048828125,295.3003845214844,295.2249450683594,284.2069091796875,0.0,0.0,0.0,0.0,1.0,1.0,-0.0010141449747607,7.518083933177877e-09,0.0010141374077647,-0.0187477879226207,0.0,0.0,0.0,-0.0085398526862263,60.0,7.494389057159424,-0.0,-7.012286573626626e-08,0.0,282.9992980957031,284.4533386230469,290.2752380371094,291.35028076171875,293.1499938964844,293.1499938964844,278.1499938964844,0.0,18000.0,313.1499938964844,0.0,18000.0,0.0,0.0,0.0,0.0,0.0,0.0,0.0,0.0,0.0,-0.0,-0.0,-0.0,-5.2805772432836115e-21,-2.6402886216418057e-21,-2.6402886216418057e-21,0.0,0.0,-0.0,0.0,0.0,0.0,-0.0,0.0,0.0,0.0,0.0,0.0,4.0,0.0,0.0
12251820,298.6322326660156,303.1499938964844,285.1499938964844,0.0,-0.0,285.3114013671875,0.0,0.0,9.519667946733534e-05,298.6244506835937,303.1499938964844,285.1499938964844,0.0,-0.0,285.31207275390625,0.0,0.0,0.0001002470598905,299.2917785644531,303.1499938964844,285.1499938964844,0.0,-0.0,285.3114318847656,0.0,0.0,7.404237112496048e-05,298.3571472167969,303.1499938964844,285.1499938964844,0.0,-0.0,285.3114318847656,0.0,0.0,0.0001002467106445,298.373291015625,303.1499938964844,285.1499938964844,0.0,-0.0,285.30828857421875,0.0,0.0,0.000475524313515,285.3154602050781,294.1499938964844,294.87384033203125,286.90496826171875,295.2931823730469,295.1361083984375,284.2513122558594,0.0,0.0,0.0,0.0,1.0,1.0,-0.0010144667467102,7.555716052820571e-09,0.0010144591797143,-0.0188463516533374,0.0,0.0,0.0,-0.0085585080087184,60.0,7.427694797515869,-0.0,-7.016737413323426e-08,0.0,282.9992980957031,284.4533386230469,290.2752380371094,291.35028076171875,293.1499938964844,293.1499938964844,278.1499938964844,0.0,18000.0,313.1499938964844,0.0,18000.0,0.0,0.0,0.0,0.0,0.0,0.0,0.0,0.0,0.0,0.0,0.0,0.0,-5.2805772432836115e-21,-2.6402886216418057e-21,-2.6402886216418057e-21,0.0,0.0,-0.0,0.0,0.0,0.0,-0.0,0.0,0.0,0.0,0.0,0.0,4.0,0.0,0.0
12251880,298.6322326660156,303.1499938964844,285.1499938964844,0.0,-0.0,285.3114013671875,0.0,0.0,9.519667946733534e-05,298.6244506835937,303.1499938964844,285.1499938964844,0.0,-0.0,285.31207275390625,0.0,0.0,0.0001002470598905,299.2917785644531,303.1499938964844,285.1499938964844,0.0,-0.0,285.3114318847656,0.0,0.0,7.404237112496048e-05,298.3571472167969,303.1499938964844,285.1499938964844,0.0,-0.0,285.3114318847656,0.0,0.0,0.0001002467106445,298.373291015625,303.1499938964844,285.1499938964844,0.0,-0.0,285.30828857421875,0.0,0.0,0.000475524313515,285.3154602050781,294.1499938964844,294.87384033203125,286.90496826171875,295.2931823730469,295.1361083984375,284.2513122558594,0.0,0.0,0.0,0.0,1.0,1.0,-0.0010144667467102,7.555716052820571e-09,0.0010144591797143,-0.0188463516533374,0.0,0.0,0.0,-0.0085585080087184,60.0,7.427694797515869,-0.0,-7.016737413323426e-08,0.0,282.9992980957031,284.4533386230469,290.2752380371094,291.35028076171875,293.1499938964844,293.1499938964844,278.1499938964844,0.0,18000.0,313.1499938964844,0.0,18000.0,0.0,0.0,0.0,0.0,0.0,0.0,0.0,0.0,0.0,0.0,0.0,0.0,-5.2805772432836115e-21,-2.6402886216418057e-21,-2.6402886216418057e-21,0.0,0.0,-0.0,0.0,0.0,0.0,-0.0,0.0,0.0,0.0,0.0,0.0,4.0,0.0,0.0
12251940,298.6656188964844,303.1499938964844,285.1499938964844,0.0,-0.0,285.3087463378906,0.0,0.0,9.523294284008443e-05,298.6595153808594,303.1499938964844,285.1499938964844,0.0,-0.0,285.3094177246094,0.0,0.0,0.0001002852368401,299.3233642578125,303.1499938964844,285.1499938964844,0.0,-0.0,285.30877685546875,0.0,0.0,7.407056546071544e-05,298.3900756835937,303.1499938964844,285.1499938964844,0.0,-0.0,285.3088073730469,0.0,0.0,0.0001002848948701,298.412109375,303.1499938964844,285.1499938964844,0.0,-0.0,285.3056945800781,0.0,0.0,0.0004757054557558,285.3116149902344,294.1499938964844,294.82159423828125,286.8666687011719,295.28515625,295.0567932128906,284.2933654785156,0.0,0.0,0.0,0.0,1.0,1.0,-0.0010148511501029,7.600667650820014e-09,0.0010148435831069,-0.0189640820026397,0.0,0.0,0.0,-0.0085807926952838,60.0,7.3635454177856445,-0.0,-7.022056536243326e-08,0.0,282.9992980957031,284.4533386230469,290.2752380371094,291.35028076171875,293.1499938964844,293.1499938964844,278.1499938964844,0.0,18000.0,313.1499938964844,0.0,18000.0,0.0,0.0,0.0,0.0,0.0,0.0,0.0,0.0,0.0,-0.0,-0.0,-0.0,-5.2805772432836115e-21,-2.6402886216418057e-21,-2.6402886216418057e-21,0.0,0.0,-0.0,0.0,0.0,0.0,-0.0,0.0,0.0,0.0,0.0,0.0,4.0,0.0,0.0
12252000,298.6656188964844,303.1499938964844,285.1499938964844,0.0,-0.0,285.3087463378906,0.0,0.0,9.523294284008443e-05,298.6595153808594,303.1499938964844,285.1499938964844,0.0,-0.0,285.3094177246094,0.0,0.0,0.0001002852368401,299.3233642578125,303.1499938964844,285.1499938964844,0.0,-0.0,285.30877685546875,0.0,0.0,7.407056546071544e-05,298.3900756835937,303.1499938964844,285.1499938964844,0.0,-0.0,285.3088073730469,0.0,0.0,0.0001002848948701,298.412109375,303.1499938964844,285.1499938964844,0.0,-0.0,285.3056945800781,0.0,0.0,0.0004757054557558,285.3116149902344,294.1499938964844,294.82159423828125,286.8666687011719,295.28515625,295.0567932128906,284.2933654785156,0.0,0.0,0.0,0.0,1.0,1.0,-0.0010148511501029,7.600667650820014e-09,0.0010148435831069,-0.0189640820026397,0.0,0.0,0.0,-0.0085807926952838,60.0,7.3635454177856445,-0.0,-7.022056536243326e-08,0.0,282.9992980957031,284.4533386230469,290.2752380371094,291.35028076171875,293.1499938964844,293.1499938964844,278.1499938964844,0.0,18000.0,313.1499938964844,0.0,18000.0,0.0,0.0,0.0,0.0,0.0,0.0,0.0,0.0,0.0,-0.0,-0.0,-0.0,-5.2805772432836115e-21,-2.6402886216418057e-21,-2.6402886216418057e-21,0.0,0.0,-0.0,0.0,0.0,0.0,-0.0,0.0,0.0,0.0,0.0,0.0,4.0,0.0,0.0
12252060,298.6912536621094,303.1499938964844,285.1499938964844,0.0,-0.0,285.3059997558594,0.0,0.0,9.52708796830848e-05,298.68719482421875,303.1499938964844,285.1499938964844,0.0,-0.0,285.3066711425781,0.0,0.0,0.0001003251818474,299.34716796875,303.1499938964844,285.1499938964844,0.0,-0.0,285.3060302734375,0.0,0.0,7.410006219288334e-05,298.4170837402344,303.1499938964844,285.1499938964844,0.0,-0.0,285.3060302734375,0.0,0.0,0.0001003248398774,298.4415588378906,303.1499938964844,285.1499938964844,0.0,-0.0,285.302978515625,0.0,0.0,0.0004758950090035,285.3076477050781,294.1499938964844,294.7694091796875,286.8276672363281,295.2763671875,294.9844970703125,284.3331604003906,0.0,0.0,0.0,0.0,1.0,1.0,-0.0010152534814551,7.647709132641012e-09,0.0010152457980439,-0.0190872866660356,0.0,0.0,0.0,-0.0086041130125522,60.0,7.301327705383301,-0.0,-7.027624349120742e-08,0.0,282.9992980957031,284.4533386230469,290.2752380371094,291.35028076171875,293.1499938964844,293.1499938964844,278.1499938964844,0.0,18000.0,313.1499938964844,0.0,18000.0,0.0,0.0,0.0,0.0,0.0,0.0,0.0,0.0,0.0,0.0,0.0,0.0,-5.2805772432836115e-21,-2.6402886216418057e-21,-2.6402886216418057e-21,0.0,0.0,-0.0,0.0,0.0,0.0,-0.0,0.0,0.0,0.0,0.0,0.0,4.0,0.0,0.0
12252120,298.6912536621094,303.1499938964844,285.1499938964844,0.0,-0.0,285.3059997558594,0.0,0.0,9.52708796830848e-05,298.68719482421875,303.1499938964844,285.1499938964844,0.0,-0.0,285.3066711425781,0.0,0.0,0.0001003251818474,299.34716796875,303.1499938964844,285.1499938964844,0.0,-0.0,285.3060302734375,0.0,0.0,7.410006219288334e-05,298.4170837402344,303.1499938964844,285.1499938964844,0.0,-0.0,285.3060302734375,0.0,0.0,0.0001003248398774,298.4415588378906,303.1499938964844,285.1499938964844,0.0,-0.0,285.302978515625,0.0,0.0,0.0004758950090035,285.3076477050781,294.1499938964844,294.7694091796875,286.8276672363281,295.2763671875,294.9844970703125,284.3331604003906,0.0,0.0,0.0,0.0,1.0,1.0,-0.0010152534814551,7.647709132641012e-09,0.0010152457980439,-0.0190872866660356,0.0,0.0,0.0,-0.0086041130125522,60.0,7.301327705383301,-0.0,-7.027624349120742e-08,0.0,282.9992980957031,284.4533386230469,290.2752380371094,291.35028076171875,293.1499938964844,293.1499938964844,278.1499938964844,0.0,18000.0,313.1499938964844,0.0,18000.0,0.0,0.0,0.0,0.0,0.0,0.0,0.0,0.0,0.0,0.0,0.0,0.0,-5.2805772432836115e-21,-2.6402886216418057e-21,-2.6402886216418057e-21,0.0,0.0,-0.0,0.0,0.0,0.0,-0.0,0.0,0.0,0.0,0.0,0.0,4.0,0.0,0.0
12252180,298.7108764648437,303.1499938964844,285.1499938964844,0.0,-0.0,285.3031311035156,0.0,0.0,9.530655370326711e-05,298.7090759277344,303.1499938964844,285.1499938964844,0.0,-0.0,285.30377197265625,0.0,0.0,0.0001003627476166,299.3651123046875,303.1499938964844,285.1499938964844,0.0,-0.0,285.3031616210937,0.0,0.0,7.412780541926622e-05,298.4384765625,303.1499938964844,285.1499938964844,0.0,-0.0,285.3031616210937,0.0,0.0,0.0001003624129225,298.4642028808594,303.1499938964844,285.1499938964844,0.0,-0.0,285.3001403808594,0.0,0.0,0.0004760732408612,285.30352783203125,294.1499938964844,294.7171936035156,286.78814697265625,295.26678466796875,294.9173278808594,284.3707580566406,0.0,0.0,0.0,0.0,1.0,1.0,-0.0010156317148357,7.691939529763658e-09,0.0010156240314245,-0.0192031282931566,0.0,0.0,0.0,-0.008626040071249,60.0,7.240635395050049,-0.0,-7.032862470168767e-08,0.0,282.9992980957031,284.4533386230469,290.2752380371094,291.35028076171875,293.1499938964844,293.1499938964844,278.1499938964844,0.0,18000.0,313.1499938964844,0.0,18000.0,0.0,0.0,0.0,0.0,0.0,0.0,0.0,0.0,0.0,-0.0,-0.0,-0.0,-5.2805772432836115e-21,-2.6402886216418057e-21,-2.6402886216418057e-21,0.0,0.0,-0.0,0.0,0.0,0.0,-0.0,0.0,0.0,0.0,0.0,0.0,4.0,0.0,0.0
12252240,298.7108764648437,303.1499938964844,285.1499938964844,0.0,-0.0,285.3031311035156,0.0,0.0,9.530655370326711e-05,298.7090759277344,303.1499938964844,285.1499938964844,0.0,-0.0,285.30377197265625,0.0,0.0,0.0001003627476166,299.3651123046875,303.1499938964844,285.1499938964844,0.0,-0.0,285.3031616210937,0.0,0.0,7.412780541926622e-05,298.4384765625,303.1499938964844,285.1499938964844,0.0,-0.0,285.3031616210937,0.0,0.0,0.0001003624129225,298.4642028808594,303.1499938964844,285.1499938964844,0.0,-0.0,285.3001403808594,0.0,0.0,0.0004760732408612,285.30352783203125,294.1499938964844,294.7171936035156,286.78814697265625,295.26678466796875,294.9173278808594,284.3707580566406,0.0,0.0,0.0,0.0,1.0,1.0,-0.0010156317148357,7.691939529763658e-09,0.0010156240314245,-0.0192031282931566,0.0,0.0,0.0,-0.008626040071249,60.0,7.240635395050049,-0.0,-7.032862470168767e-08,0.0,282.9992980957031,284.4533386230469,290.2752380371094,291.35028076171875,293.1499938964844,293.1499938964844,278.1499938964844,0.0,18000.0,313.1499938964844,0.0,18000.0,0.0,0.0,0.0,0.0,0.0,0.0,0.0,0.0,0.0,-0.0,-0.0,-0.0,-5.2805772432836115e-21,-2.6402886216418057e-21,-2.6402886216418057e-21,0.0,0.0,-0.0,0.0,0.0,0.0,-0.0,0.0,0.0,0.0,0.0,0.0,4.0,0.0,0.0
12252300,298.7188720703125,303.1499938964844,285.1499938964844,0.0,-0.0,285.3016357421875,0.0,0.0,9.532243711873888e-05,298.7182312011719,303.1499938964844,285.1499938964844,0.0,-0.0,285.30230712890625,0.0,0.0,0.0001003794677671,299.3724060058594,303.1499938964844,285.1499938964844,0.0,-0.0,285.3016967773437,0.0,0.0,7.414015271933749e-05,298.4473571777344,303.1499938964844,285.1499938964844,0.0,-0.0,285.3016967773437,0.0,0.0,0.0001003791330731,298.4735412597656,303.1499938964844,285.1499938964844,0.0,-0.0,285.2986755371094,0.0,0.0,0.0004761525779031,285.3014221191406,294.1499938964844,294.69110107421875,286.7682189941406,295.2616882324219,294.88525390625,284.3887634277344,0.0,0.0,0.0,0.0,1.0,1.0,-0.0010158000513911,7.711614458116856e-09,0.0010157922515645,-0.0192546583712101,0.0,0.0,0.0,-0.0086357938125729,60.0,7.210749626159668,-0.0,-7.035193050342059e-08,0.0,282.9992980957031,284.4533386230469,290.2752380371094,291.35028076171875,293.1499938964844,293.1499938964844,278.1499938964844,0.0,18000.0,313.1499938964844,0.0,18000.0,0.0,0.0,0.0,0.0,0.0,0.0,0.0,0.0,0.0,0.0,0.0,0.0,-5.2805772432836115e-21,-2.6402886216418057e-21,-2.6402886216418057e-21,0.0,0.0,-0.0,0.0,0.0,0.0,-0.0,0.0,0.0,0.0,0.0,0.0,4.0,0.0,0.0
12252360,298.72589111328125,303.1499938964844,285.1499938964844,0.0,-0.0,285.3001403808594,0.0,0.0,9.533649426884948e-05,298.7264099121094,303.1499938964844,285.1499938964844,0.0,-0.0,285.3008117675781,0.0,0.0,0.0001003942670649,299.37872314453125,303.1499938964844,285.1499938964844,0.0,-0.0,285.3002014160156,0.0,0.0,7.415108848363161e-05,298.4551696777344,303.1499938964844,285.1499938964844,0.0,-0.0,285.3002014160156,0.0,0.0,0.0001003939396468,298.4817810058594,303.1499938964844,285.1499938964844,0.0,-0.0,285.2972106933594,0.0,0.0,0.0004762228345498,285.2992858886719,294.1499938964844,294.6649780273437,286.7481994628906,295.25640869140625,294.85400390625,284.40625,0.0,0.0,0.0,0.0,1.0,1.0,-0.0010159488301724,7.729023643321398e-09,0.0010159411467611,-0.0193002521991729,0.0,0.0,0.0,-0.0086444243788719,60.0,7.18111515045166,-0.0,-7.037255045361236e-08,0.0,282.9992980957031,284.4533386230469,290.2752380371094,291.35028076171875,293.1499938964844,293.1499938964844,278.1499938964844,0.0,18000.0,313.1499938964844,0.0,18000.0,0.0,0.0,0.0,0.0,0.0,0.0,0.0,0.0,0.0,-0.0,-0.0,-0.0,-5.2805772432836115e-21,-2.6402886216418057e-21,-2.6402886216418057e-21,0.0,0.0,-0.0,0.0,0.0,0.0,-0.0,0.0,0.0,0.0,0.0,0.0,4.0,0.0,0.0
12252420,298.73736572265625,303.1499938964844,285.1499938964844,0.0,-0.0,285.2970886230469,0.0,0.0,9.535790741210803e-05,298.7401733398437,303.1499938964844,285.1499938964844,0.0,-0.0,285.2977294921875,0.0,0.0,0.0001004168152576,299.3890686035156,303.1499938964844,285.1499938964844,0.0,-0.0,285.297119140625,0.0,0.0,7.416773587465286e-05,298.46807861328125,303.1499938964844,285.1499938964844,0.0,-0.0,285.2971496582031,0.0,0.0,0.0001004164878395,298.4955749511719,303.1499938964844,285.1499938964844,0.0,-0.0,285.294189453125,0.0,0.0,0.0004763298493344,285.2949523925781,294.1499938964844,294.6127319335937,286.7079467773437,295.24530029296875,294.79351806640625,284.4397277832031,0.0,0.0,0.0,0.0,1.0,1.0,-0.0010161752579733,7.755485142979524e-09,0.0010161674581468,-0.0193695556372404,0.0,0.0,0.0,-0.0086575420573353,60.0,7.122452735900879,-0.0,-7.040390670454144e-08,0.0,282.9992980957031,284.4533386230469,290.2752380371094,291.35028076171875,293.1499938964844,293.1499938964844,278.1499938964844,0.0,18000.0,313.1499938964844,0.0,18000.0,0.0,0.0,0.0,0.0,0.0,0.0,0.0,0.0,0.0,-0.0,-0.0,-0.0,-5.2805772432836115e-21,-2.6402886216418057e-21,-2.6402886216418057e-21,0.0,0.0,-0.0,0.0,0.0,0.0,-0.0,0.0,0.0,0.0,0.0,0.0,4.0,0.0,0.0
12252480,298.73736572265625,303.1499938964844,285.1499938964844,0.0,-0.0,285.2970886230469,0.0,0.0,9.535790741210803e-05,298.7401733398437,303.1499938964844,285.1499938964844,0.0,-0.0,285.2977294921875,0.0,0.0,0.0001004168152576,299.3890686035156,303.1499938964844,285.1499938964844,0.0,-0.0,285.297119140625,0.0,0.0,7.416773587465286e-05,298.46807861328125,303.1499938964844,285.1499938964844,0.0,-0.0,285.2971496582031,0.0,0.0,0.0001004164878395,298.4955749511719,303.1499938964844,285.1499938964844,0.0,-0.0,285.294189453125,0.0,0.0,0.0004763298493344,285.2949523925781,294.1499938964844,294.6127319335937,286.7079467773437,295.24530029296875,294.79351806640625,284.4397277832031,0.0,0.0,0.0,0.0,1.0,1.0,-0.0010161752579733,7.755485142979524e-09,0.0010161674581468,-0.0193695556372404,0.0,0.0,0.0,-0.0086575420573353,60.0,7.122452735900879,-0.0,-7.040390670454144e-08,0.0,282.9992980957031,284.4533386230469,290.2752380371094,291.35028076171875,293.1499938964844,293.1499938964844,278.1499938964844,0.0,18000.0,313.1499938964844,0.0,18000.0,0.0,0.0,0.0,0.0,0.0,0.0,0.0,0.0,0.0,-0.0,-0.0,-0.0,-5.2805772432836115e-21,-2.6402886216418057e-21,-2.6402886216418057e-21,0.0,0.0,-0.0,0.0,0.0,0.0,-0.0,0.0,0.0,0.0,0.0,0.0,4.0,0.0,0.0
12252540,298.74615478515625,303.1499938964844,285.1499938964844,0.0,-0.0,285.2939758300781,0.0,0.0,9.536893776385114e-05,298.75115966796875,303.1499938964844,285.1499938964844,0.0,-0.0,285.2945861816406,0.0,0.0,0.0001004284276859,299.3969116210937,303.1499938964844,285.1499938964844,0.0,-0.0,285.29400634765625,0.0,0.0,7.417630695272237e-05,298.4779968261719,303.1499938964844,285.1499938964844,0.0,-0.0,285.29400634765625,0.0,0.0,0.0001004281075438,298.5065002441406,303.1499938964844,285.1499938964844,0.0,-0.0,285.2911071777344,0.0,0.0,0.0004763849719893,285.29052734375,294.1499938964844,294.5604248046875,286.66748046875,295.2334289550781,294.7351989746094,284.47125244140625,0.0,0.0,0.0,0.0,1.0,1.0,-0.0010162909748032,7.769010323954717e-09,0.0010162831749767,-0.0194049794226884,0.0,0.0,0.0,-0.0086642475798726,60.0,7.0644049644470215,-0.0,-7.04199365486602e-08,0.0,282.9992980957031,284.4533386230469,290.2752380371094,291.35028076171875,293.1499938964844,293.1499938964844,278.1499938964844,0.0,18000.0,313.1499938964844,0.0,18000.0,0.0,0.0,0.0,0.0,0.0,0.0,0.0,0.0,0.0,0.0,0.0,0.0,-5.2805772432836115e-21,-2.6402886216418057e-21,-2.6402886216418057e-21,0.0,0.0,-0.0,0.0,0.0,0.0,-0.0,0.0,0.0,0.0,0.0,0.0,4.0,0.0,0.0
12252600,298.74615478515625,303.1499938964844,285.1499938964844,0.0,-0.0,285.2939758300781,0.0,0.0,9.536893776385114e-05,298.75115966796875,303.1499938964844,285.1499938964844,0.0,-0.0,285.2945861816406,0.0,0.0,0.0001004284276859,299.3969116210937,303.1499938964844,285.1499938964844,0.0,-0.0,285.29400634765625,0.0,0.0,7.417630695272237e-05,298.4779968261719,303.1499938964844,285.1499938964844,0.0,-0.0,285.29400634765625,0.0,0.0,0.0001004281075438,298.5065002441406,303.1499938964844,285.1499938964844,0.0,-0.0,285.2911071777344,0.0,0.0,0.0004763849719893,285.29052734375,294.1499938964844,294.5604248046875,286.66748046875,295.2334289550781,294.7351989746094,284.47125244140625,0.0,0.0,0.0,0.0,1.0,1.0,-0.0010162909748032,7.769010323954717e-09,0.0010162831749767,-0.0194049794226884,0.0,0.0,0.0,-0.0086642475798726,60.0,7.0644049644470215,-0.0,-7.04199365486602e-08,0.0,282.9992980957031,284.4533386230469,290.2752380371094,291.35028076171875,293.1499938964844,293.1499938964844,278.1499938964844,0.0,18000.0,313.1499938964844,0.0,18000.0,0.0,0.0,0.0,0.0,0.0,0.0,0.0,0.0,0.0,0.0,0.0,0.0,-5.2805772432836115e-21,-2.6402886216418057e-21,-2.6402886216418057e-21,0.0,0.0,-0.0,0.0,0.0,0.0,-0.0,0.0,0.0,0.0,0.0,0.0,4.0,0.0,0.0
12252660,298.7528686523437,303.1499938964844,285.1499938964844,0.0,-0.0,285.2907409667969,0.0,0.0,9.536892321193592e-05,298.75994873046875,303.1499938964844,285.1499938964844,0.0,-0.0,285.2913818359375,0.0,0.0,0.0001004284058581,299.40289306640625,303.1499938964844,285.1499938964844,0.0,-0.0,285.290771484375,0.0,0.0,7.417629240080714e-05,298.4855651855469,303.1499938964844,285.1499938964844,0.0,-0.0,285.2908020019531,0.0,0.0,0.0001004280857159,298.5152282714844,303.1499938964844,285.1499938964844,0.0,-0.0,285.2879333496094,0.0,0.0,0.0004763849428854,285.2860107421875,294.1499938964844,294.50799560546875,286.626953125,295.2208557128906,294.6784973144531,284.5010070800781,0.0,0.0,0.0,0.0,1.0,1.0,-0.0010162889957427,7.768776733030336e-09,0.0010162811959162,-0.0194043666124343,0.0,0.0,0.0,-0.0086641320958733,60.0,7.006804943084717,-0.0,-7.041965943699324e-08,0.0,282.9992980957031,284.4533386230469,290.2752380371094,291.35028076171875,293.1499938964844,293.1499938964844,278.1499938964844,0.0,18000.0,313.1499938964844,0.0,18000.0,0.0,0.0,0.0,0.0,0.0,0.0,0.0,0.0,0.0,0.0,0.0,0.0,-5.2805772432836115e-21,-2.6402886216418057e-21,-2.6402886216418057e-21,0.0,0.0,-0.0,0.0,0.0,0.0,-0.0,0.0,0.0,0.0,0.0,0.0,4.0,0.0,0.0
12252720,298.7528686523437,303.1499938964844,285.1499938964844,0.0,-0.0,285.2907409667969,0.0,0.0,9.536892321193592e-05,298.75994873046875,303.1499938964844,285.1499938964844,0.0,-0.0,285.2913818359375,0.0,0.0,0.0001004284058581,299.40289306640625,303.1499938964844,285.1499938964844,0.0,-0.0,285.290771484375,0.0,0.0,7.417629240080714e-05,298.4855651855469,303.1499938964844,285.1499938964844,0.0,-0.0,285.2908020019531,0.0,0.0,0.0001004280857159,298.5152282714844,303.1499938964844,285.1499938964844,0.0,-0.0,285.2879333496094,0.0,0.0,0.0004763849428854,285.2860107421875,294.1499938964844,294.50799560546875,286.626953125,295.2208557128906,294.6784973144531,284.5010070800781,0.0,0.0,0.0,0.0,1.0,1.0,-0.0010162889957427,7.768776733030336e-09,0.0010162811959162,-0.0194043666124343,0.0,0.0,0.0,-0.0086641320958733,60.0,7.006804943084717,-0.0,-7.041965943699324e-08,0.0,282.9992980957031,284.4533386230469,290.2752380371094,291.35028076171875,293.1499938964844,293.1499938964844,278.1499938964844,0.0,18000.0,313.1499938964844,0.0,18000.0,0.0,0.0,0.0,0.0,0.0,0.0,0.0,0.0,0.0,0.0,0.0,0.0,-5.2805772432836115e-21,-2.6402886216418057e-21,-2.6402886216418057e-21,0.0,0.0,-0.0,0.0,0.0,0.0,-0.0,0.0,0.0,0.0,0.0,0.0,4.0,0.0,0.0
12252780,298.7579345703125,303.1499938964844,285.1499938964844,0.0,-0.0,285.2874755859375,0.0,0.0,9.535857680020854e-05,298.7670288085937,303.1499938964844,285.1499938964844,0.0,-0.0,285.2881164550781,0.0,0.0,0.0001004175064736,299.4073791503906,303.1499938964844,285.1499938964844,0.0,-0.0,285.2875061035156,0.0,0.0,7.416823791572824e-05,298.4913330078125,303.1499938964844,285.1499938964844,0.0,-0.0,285.2875366210937,0.0,0.0,0.0001004171863314,298.5222473144531,303.1499938964844,285.1499938964844,0.0,-0.0,285.2846984863281,0.0,0.0,0.0004763332544825,285.28143310546875,294.1499938964844,294.4554748535156,286.58648681640625,295.2075500488281,294.6230163574219,284.5290222167969,0.0,0.0,0.0,0.0,1.0,1.0,-0.0010161768877878,7.755666331377142e-09,0.0010161690879613,-0.0193700306117534,0.0,0.0,0.0,-0.0086576323956251,60.0,6.949578762054443,-0.0,-7.040411986736217e-08,0.0,282.9992980957031,284.4533386230469,290.2752380371094,291.35028076171875,293.1499938964844,293.1499938964844,278.1499938964844,0.0,18000.0,313.1499938964844,0.0,18000.0,0.0,0.0,0.0,0.0,0.0,0.0,0.0,0.0,0.0,0.0,0.0,0.0,-5.2805772432836115e-21,-2.6402886216418057e-21,-2.6402886216418057e-21,0.0,0.0,-0.0,0.0,0.0,0.0,-0.0,0.0,0.0,0.0,0.0,0.0,4.0,0.0,0.0
12252840,298.7579345703125,303.1499938964844,285.1499938964844,0.0,-0.0,285.2874755859375,0.0,0.0,9.535857680020854e-05,298.7670288085937,303.1499938964844,285.1499938964844,0.0,-0.0,285.2881164550781,0.0,0.0,0.0001004175064736,299.4073791503906,303.1499938964844,285.1499938964844,0.0,-0.0,285.2875061035156,0.0,0.0,7.416823791572824e-05,298.4913330078125,303.1499938964844,285.1499938964844,0.0,-0.0,285.2875366210937,0.0,0.0,0.0001004171863314,298.5222473144531,303.1499938964844,285.1499938964844,0.0,-0.0,285.2846984863281,0.0,0.0,0.0004763332544825,285.28143310546875,294.1499938964844,294.4554748535156,286.58648681640625,295.2075500488281,294.6230163574219,284.5290222167969,0.0,0.0,0.0,0.0,1.0,1.0,-0.0010161768877878,7.755666331377142e-09,0.0010161690879613,-0.0193700306117534,0.0,0.0,0.0,-0.0086576323956251,60.0,6.949578762054443,-0.0,-7.040411986736217e-08,0.0,282.9992980957031,284.4533386230469,290.2752380371094,291.35028076171875,293.1499938964844,293.1499938964844,278.1499938964844,0.0,18000.0,313.1499938964844,0.0,18000.0,0.0,0.0,0.0,0.0,0.0,0.0,0.0,0.0,0.0,0.0,0.0,0.0,-5.2805772432836115e-21,-2.6402886216418057e-21,-2.6402886216418057e-21,0.0,0.0,-0.0,0.0,0.0,0.0,-0.0,0.0,0.0,0.0,0.0,0.0,4.0,0.0,0.0
12252900,298.7599792480469,303.1499938964844,285.1499938964844,0.0,-0.0,285.28582763671875,0.0,0.0,9.53501439653337e-05,298.7700500488281,303.1499938964844,285.1499938964844,0.0,-0.0,285.28643798828125,0.0,0.0,0.0001004086225293,299.4091796875,303.1499938964844,285.1499938964844,0.0,-0.0,285.2858581542969,0.0,0.0,7.416167500196025e-05,298.49365234375,303.1499938964844,285.1499938964844,0.0,-0.0,285.285888671875,0.0,0.0,0.0001004083169391,298.5252380371094,303.1499938964844,285.1499938964844,0.0,-0.0,285.2830505371094,0.0,0.0,0.0004762911703437,285.2791442871094,294.1499938964844,294.4291687011719,286.5662841796875,295.2006225585937,294.5956420898437,284.5424194335937,0.0,0.0,0.0,0.0,1.0,1.0,-0.0010160862002521,7.745057928332244e-09,0.0010160784004256,-0.0193422473967075,0.0,0.0,0.0,-0.0086523741483688,60.0,6.921112060546875,-0.0,-7.039155036636657e-08,0.0,282.9992980957031,284.4533386230469,290.2752380371094,291.35028076171875,293.1499938964844,293.1499938964844,278.1499938964844,0.0,18000.0,313.1499938964844,0.0,18000.0,0.0,0.0,0.0,0.0,0.0,0.0,0.0,0.0,0.0,0.0,0.0,0.0,-5.2805772432836115e-21,-2.6402886216418057e-21,-2.6402886216418057e-21,0.0,0.0,-0.0,0.0,0.0,0.0,-0.0,0.0,0.0,0.0,0.0,0.0,4.0,0.0,0.0
12252960,298.7617492675781,303.1499938964844,285.1499938964844,0.0,-0.0,285.2841796875,0.0,0.0,9.534005221212284e-05,298.7727355957031,303.1499938964844,285.1499938964844,0.0,-0.0,285.2847900390625,0.0,0.0,0.0001003979996312,299.4107360839844,303.1499938964844,285.1499938964844,0.0,-0.0,285.2842102050781,0.0,0.0,7.415382424369454e-05,298.49566650390625,303.1499938964844,285.1499938964844,0.0,-0.0,285.2842102050781,0.0,0.0,0.000100397686765,298.5279541015625,303.1499938964844,285.1499938964844,0.0,-0.0,285.2814025878906,0.0,0.0,0.0004762407916132,285.2768249511719,294.1499938964844,294.4028015136719,286.546142578125,295.19354248046875,294.5684814453125,284.555419921875,0.0,0.0,0.0,0.0,1.0,1.0,-0.0010159777011722,7.732380957747864e-09,0.0010159700177609,-0.0193090457469224,0.0,0.0,0.0,-0.0086460895836353,60.0,6.892757415771484,-0.0,-7.03765294929326e-08,0.0,282.9992980957031,284.4533386230469,290.2752380371094,291.35028076171875,293.1499938964844,293.1499938964844,278.1499938964844,0.0,18000.0,313.1499938964844,0.0,18000.0,0.0,0.0,0.0,0.0,0.0,0.0,0.0,0.0,0.0,-0.0,-0.0,-0.0,-5.2805772432836115e-21,-2.6402886216418057e-21,-2.6402886216418057e-21,0.0,0.0,-0.0,0.0,0.0,0.0,-0.0,0.0,0.0,0.0,0.0,0.0,4.0,0.0,0.0
12253020,298.7645874023437,303.1499938964844,285.1499938964844,0.0,-0.0,285.2807922363281,0.0,0.0,9.531646355753765e-05,298.77734375,303.1499938964844,285.1499938964844,0.0,-0.0,285.2814025878906,0.0,0.0,0.0001003731522359,299.41314697265625,303.1499938964844,285.1499938964844,0.0,-0.0,285.28082275390625,0.0,0.0,7.413547427859157e-05,298.4988708496094,303.1499938964844,285.1499938964844,0.0,-0.0,285.2808532714844,0.0,0.0,0.0001003728466457,298.5326538085937,303.1499938964844,285.1499938964844,0.0,-0.0,285.278076171875,0.0,0.0,0.0004761229793075,285.27215576171875,294.1499938964844,294.3499450683594,286.506103515625,295.1788330078125,294.5146179199219,284.5802917480469,0.0,0.0,0.0,0.0,1.0,1.0,-0.0010157246142625,7.702776194662421e-09,0.0010157169308513,-0.0192315094172954,0.0,0.0,0.0,-0.0086314128711819,60.0,6.836459159851074,-0.0,-7.03414571034955e-08,0.0,282.9992980957031,284.4533386230469,290.2752380371094,291.35028076171875,293.1499938964844,293.1499938964844,278.1499938964844,0.0,18000.0,313.1499938964844,0.0,18000.0,0.0,0.0,0.0,0.0,0.0,0.0,0.0,0.0,0.0,-0.0,-0.0,-0.0,-5.2805772432836115e-21,-2.6402886216418057e-21,-2.6402886216418057e-21,0.0,0.0,-0.0,0.0,0.0,0.0,-0.0,0.0,0.0,0.0,0.0,0.0,4.0,0.0,0.0
12253080,298.7645874023437,303.1499938964844,285.1499938964844,0.0,-0.0,285.2807922363281,0.0,0.0,9.531646355753765e-05,298.77734375,303.1499938964844,285.1499938964844,0.0,-0.0,285.2814025878906,0.0,0.0,0.0001003731522359,299.41314697265625,303.1499938964844,285.1499938964844,0.0,-0.0,285.28082275390625,0.0,0.0,7.413547427859157e-05,298.4988708496094,303.1499938964844,285.1499938964844,0.0,-0.0,285.2808532714844,0.0,0.0,0.0001003728466457,298.5326538085937,303.1499938964844,285.1499938964844,0.0,-0.0,285.278076171875,0.0,0.0,0.0004761229793075,285.27215576171875,294.1499938964844,294.3499450683594,286.506103515625,295.1788330078125,294.5146179199219,284.5802917480469,0.0,0.0,0.0,0.0,1.0,1.0,-0.0010157246142625,7.702776194662421e-09,0.0010157169308513,-0.0192315094172954,0.0,0.0,0.0,-0.0086314128711819,60.0,6.836459159851074,-0.0,-7.03414571034955e-08,0.0,282.9992980957031,284.4533386230469,290.2752380371094,291.35028076171875,293.1499938964844,293.1499938964844,278.1499938964844,0.0,18000.0,313.1499938964844,0.0,18000.0,0.0,0.0,0.0,0.0,0.0,0.0,0.0,0.0,0.0,-0.0,-0.0,-0.0,-5.2805772432836115e-21,-2.6402886216418057e-21,-2.6402886216418057e-21,0.0,0.0,-0.0,0.0,0.0,0.0,-0.0,0.0,0.0,0.0,0.0,0.0,4.0,0.0,0.0
12253140,298.76666259765625,303.1499938964844,285.1499938964844,0.0,-0.0,285.27740478515625,0.0,0.0,9.528921509627251e-05,298.7810974121094,303.1499938964844,285.1499938964844,0.0,-0.0,285.2779846191406,0.0,0.0,0.0001003444558591,299.41485595703125,303.1499938964844,285.1499938964844,0.0,-0.0,285.2774353027344,0.0,0.0,7.411427213810384e-05,298.50115966796875,303.1499938964844,285.1499938964844,0.0,-0.0,285.2774353027344,0.0,0.0,0.0001003441502689,298.5365295410156,303.1499938964844,285.1499938964844,0.0,-0.0,285.2746887207031,0.0,0.0,0.0004759869189001,285.2674560546875,294.1499938964844,294.2969055175781,286.4664306640625,295.1634521484375,294.4612121582031,284.603759765625,0.0,0.0,0.0,0.0,1.0,1.0,-0.0010154325282201,7.668619517176012e-09,0.0010154248448088,-0.0191420521587133,0.0,0.0,0.0,-0.0086144804954528,60.0,6.780773162841797,-0.0,-7.030100590554866e-08,0.0,282.9992980957031,284.4533386230469,290.2752380371094,291.35028076171875,293.1499938964844,293.1499938964844,278.1499938964844,0.0,18000.0,313.1499938964844,0.0,18000.0,0.0,0.0,0.0,0.0,0.0,0.0,0.0,0.0,0.0,-0.0,-0.0,-0.0,-5.2805772432836115e-21,-2.6402886216418057e-21,-2.6402886216418057e-21,0.0,0.0,-0.0,0.0,0.0,0.0,-0.0,0.0,0.0,0.0,0.0,0.0,4.0,0.0,0.0
12253200,298.76666259765625,303.1499938964844,285.1499938964844,0.0,-0.0,285.27740478515625,0.0,0.0,9.528921509627251e-05,298.7810974121094,303.1499938964844,285.1499938964844,0.0,-0.0,285.2779846191406,0.0,0.0,0.0001003444558591,299.41485595703125,303.1499938964844,285.1499938964844,0.0,-0.0,285.2774353027344,0.0,0.0,7.411427213810384e-05,298.50115966796875,303.1499938964844,285.1499938964844,0.0,-0.0,285.2774353027344,0.0,0.0,0.0001003441502689,298.5365295410156,303.1499938964844,285.1499938964844,0.0,-0.0,285.2746887207031,0.0,0.0,0.0004759869189001,285.2674560546875,294.1499938964844,294.2969055175781,286.4664306640625,295.1634521484375,294.4612121582031,284.603759765625,0.0,0.0,0.0,0.0,1.0,1.0,-0.0010154325282201,7.668619517176012e-09,0.0010154248448088,-0.0191420521587133,0.0,0.0,0.0,-0.0086144804954528,60.0,6.780773162841797,-0.0,-7.030100590554866e-08,0.0,282.9992980957031,284.4533386230469,290.2752380371094,291.35028076171875,293.1499938964844,293.1499938964844,278.1499938964844,0.0,18000.0,313.1499938964844,0.0,18000.0,0.0,0.0,0.0,0.0,0.0,0.0,0.0,0.0,0.0,-0.0,-0.0,-0.0,-5.2805772432836115e-21,-2.6402886216418057e-21,-2.6402886216418057e-21,0.0,0.0,-0.0,0.0,0.0,0.0,-0.0,0.0,0.0,0.0,0.0,0.0,4.0,0.0,0.0
12253260,298.7680969238281,303.1499938964844,285.1499938964844,0.0,-0.0,285.2739562988281,0.0,0.0,9.52589834923856e-05,298.7841491699219,303.1499938964844,285.1499938964844,0.0,-0.0,285.2745361328125,0.0,0.0,0.0001003126089926,299.4159851074219,303.1499938964844,285.1499938964844,0.0,-0.0,285.27398681640625,0.0,0.0,7.40907562430948e-05,298.5027770996094,303.1499938964844,285.1499938964844,0.0,-0.0,285.27398681640625,0.0,0.0,0.0001003123106784,298.5397644042969,303.1499938964844,285.1499938964844,0.0,-0.0,285.27130126953125,0.0,0.0,0.0004758358991239,285.2627258300781,294.1499938964844,294.24365234375,286.42724609375,295.1473693847656,294.4081115722656,284.6258850097656,0.0,0.0,0.0,0.0,1.0,1.0,-0.0010151085443794,7.6307431484679e-09,0.0010151009773835,-0.0190428514033556,0.0,0.0,0.0,-0.0085957031697034,60.0,6.725696086883545,-0.0,-7.025616355349484e-08,0.0,282.9992980957031,284.4533386230469,290.2752380371094,291.35028076171875,293.1499938964844,293.1499938964844,278.1499938964844,0.0,18000.0,313.1499938964844,0.0,18000.0,0.0,0.0,0.0,0.0,0.0,0.0,0.0,0.0,0.0,0.0,0.0,0.0,-5.2805772432836115e-21,-2.6402886216418057e-21,-2.6402886216418057e-21,0.0,0.0,-0.0,0.0,0.0,0.0,-0.0,0.0,0.0,0.0,0.0,0.0,4.0,0.0,0.0
12253320,298.7680969238281,303.1499938964844,285.1499938964844,0.0,-0.0,285.2739562988281,0.0,0.0,9.52589834923856e-05,298.7841491699219,303.1499938964844,285.1499938964844,0.0,-0.0,285.2745361328125,0.0,0.0,0.0001003126089926,299.4159851074219,303.1499938964844,285.1499938964844,0.0,-0.0,285.27398681640625,0.0,0.0,7.40907562430948e-05,298.5027770996094,303.1499938964844,285.1499938964844,0.0,-0.0,285.27398681640625,0.0,0.0,0.0001003123106784,298.5397644042969,303.1499938964844,285.1499938964844,0.0,-0.0,285.27130126953125,0.0,0.0,0.0004758358991239,285.2627258300781,294.1499938964844,294.24365234375,286.42724609375,295.1473693847656,294.4081115722656,284.6258850097656,0.0,0.0,0.0,0.0,1.0,1.0,-0.0010151085443794,7.6307431484679e-09,0.0010151009773835,-0.0190428514033556,0.0,0.0,0.0,-0.0085957031697034,60.0,6.725696086883545,-0.0,-7.025616355349484e-08,0.0,282.9992980957031,284.4533386230469,290.2752380371094,291.35028076171875,293.1499938964844,293.1499938964844,278.1499938964844,0.0,18000.0,313.1499938964844,0.0,18000.0,0.0,0.0,0.0,0.0,0.0,0.0,0.0,0.0,0.0,0.0,0.0,0.0,-5.2805772432836115e-21,-2.6402886216418057e-21,-2.6402886216418057e-21,0.0,0.0,-0.0,0.0,0.0,0.0,-0.0,0.0,0.0,0.0,0.0,0.0,4.0,0.0,0.0
12253380,298.7690734863281,303.1499938964844,285.1499938964844,0.0,-0.0,285.2704772949219,0.0,0.0,9.522647451376542e-05,298.78662109375,303.1499938964844,285.1499938964844,0.0,-0.0,285.27105712890625,0.0,0.0,0.0001002783756121,299.4165954589844,303.1499938964844,285.1499938964844,0.0,-0.0,285.2705078125,0.0,0.0,7.40654650144279e-05,298.5038452148437,303.1499938964844,285.1499938964844,0.0,-0.0,285.2705383300781,0.0,0.0,0.0001002780772978,298.5424499511719,303.1499938964844,285.1499938964844,0.0,-0.0,285.2678527832031,0.0,0.0,0.0004756735579576,285.25799560546875,294.1499938964844,294.19012451171875,286.3887023925781,295.1306457519531,294.3551940917969,284.64678955078125,0.0,0.0,0.0,0.0,1.0,1.0,-0.0010147604625672,7.590034378779364e-09,0.0010147528955712,-0.0189362335950136,0.0,0.0,0.0,-0.0085755223408341,60.0,6.67120361328125,-0.0,-7.020798165058295e-08,0.0,282.9992980957031,284.4533386230469,290.2752380371094,291.35028076171875,293.1499938964844,293.1499938964844,278.1499938964844,0.0,18000.0,313.1499938964844,0.0,18000.0,0.0,0.0,0.0,0.0,0.0,0.0,0.0,0.0,0.0,0.0,0.0,0.0,-5.2805772432836115e-21,-2.6402886216418057e-21,-2.6402886216418057e-21,0.0,0.0,-0.0,0.0,0.0,0.0,-0.0,0.0,0.0,0.0,0.0,0.0,4.0,0.0,0.0
12253440,298.7690734863281,303.1499938964844,285.1499938964844,0.0,-0.0,285.2704772949219,0.0,0.0,9.522647451376542e-05,298.78662109375,303.1499938964844,285.1499938964844,0.0,-0.0,285.27105712890625,0.0,0.0,0.0001002783756121,299.4165954589844,303.1499938964844,285.1499938964844,0.0,-0.0,285.2705078125,0.0,0.0,7.40654650144279e-05,298.5038452148437,303.1499938964844,285.1499938964844,0.0,-0.0,285.2705383300781,0.0,0.0,0.0001002780772978,298.5424499511719,303.1499938964844,285.1499938964844,0.0,-0.0,285.2678527832031,0.0,0.0,0.0004756735579576,285.25799560546875,294.1499938964844,294.19012451171875,286.3887023925781,295.1306457519531,294.3551940917969,284.64678955078125,0.0,0.0,0.0,0.0,1.0,1.0,-0.0010147604625672,7.590034378779364e-09,0.0010147528955712,-0.0189362335950136,0.0,0.0,0.0,-0.0085755223408341,60.0,6.67120361328125,-0.0,-7.020798165058295e-08,0.0,282.9992980957031,284.4533386230469,290.2752380371094,291.35028076171875,293.1499938964844,293.1499938964844,278.1499938964844,0.0,18000.0,313.1499938964844,0.0,18000.0,0.0,0.0,0.0,0.0,0.0,0.0,0.0,0.0,0.0,0.0,0.0,0.0,-5.2805772432836115e-21,-2.6402886216418057e-21,-2.6402886216418057e-21,0.0,0.0,-0.0,0.0,0.0,0.0,-0.0,0.0,0.0,0.0,0.0,0.0,4.0,0.0,0.0
12253500,298.7693786621094,303.1499938964844,285.1499938964844,0.0,-0.0,285.26873779296875,0.0,0.0,9.520957246422768e-05,298.78765869140625,303.1499938964844,285.1499938964844,0.0,-0.0,285.2693176269531,0.0,0.0,0.0001002605713438,299.416748046875,303.1499938964844,285.1499938964844,0.0,-0.0,285.2687683105469,0.0,0.0,7.405231735901907e-05,298.50421142578125,303.1499938964844,285.1499938964844,0.0,-0.0,285.2687683105469,0.0,0.0,0.0001002602803055,298.54364013671875,303.1499938964844,285.1499938964844,0.0,-0.0,285.2661437988281,0.0,0.0,0.0004755891277454,285.255615234375,294.1499938964844,294.16326904296875,286.3696594238281,295.1220397949219,294.3287658691406,284.65679931640625,0.0,0.0,0.0,0.0,1.0,1.0,-0.0010145794367417,7.568875304286848e-09,0.0010145718697458,-0.0188808143138885,0.0,0.0,0.0,-0.0085650328546762,60.0,6.644169330596924,-0.0,-7.018294212457479e-08,0.0,282.9992980957031,284.4533386230469,290.2752380371094,291.35028076171875,293.1499938964844,293.1499938964844,278.1499938964844,0.0,18000.0,313.1499938964844,0.0,18000.0,0.0,0.0,0.0,0.0,0.0,0.0,0.0,0.0,0.0,-0.0,-0.0,-0.0,-5.2805772432836115e-21,-2.6402886216418057e-21,-2.6402886216418057e-21,0.0,0.0,-0.0,0.0,0.0,0.0,-0.0,0.0,0.0,0.0,0.0,0.0,4.0,0.0,0.0
12253560,298.7696228027344,303.1499938964844,285.1499938964844,0.0,-0.0,285.2669982910156,0.0,0.0,9.519232844468206e-05,298.7886047363281,303.1499938964844,285.1499938964844,0.0,-0.0,285.267578125,0.0,0.0,0.0001002424178295,299.4167785644531,303.1499938964844,285.1499938964844,0.0,-0.0,285.2670288085937,0.0,0.0,7.403890049317852e-05,298.50445556640625,303.1499938964844,285.1499938964844,0.0,-0.0,285.2670288085937,0.0,0.0,0.0001002421267912,298.54473876953125,303.1499938964844,285.1499938964844,0.0,-0.0,285.264404296875,0.0,0.0,0.0004755030386149,285.25323486328125,294.1499938964844,294.1363525390625,286.350830078125,295.1132507324219,294.3023376464844,284.6665344238281,0.0,0.0,0.0,0.0,1.0,1.0,-0.0010143949184566,7.547293456866555e-09,0.0010143873514607,-0.0188242923468351,0.0,0.0,0.0,-0.008554333820939,60.0,6.617273330688477,-0.0,-7.01574123240789e-08,0.0,282.9992980957031,284.4533386230469,290.2752380371094,291.35028076171875,293.1499938964844,293.1499938964844,278.1499938964844,0.0,18000.0,313.1499938964844,0.0,18000.0,0.0,0.0,0.0,0.0,0.0,0.0,0.0,0.0,0.0,0.0,0.0,0.0,-5.2805772432836115e-21,-2.6402886216418057e-21,-2.6402886216418057e-21,0.0,0.0,-0.0,0.0,0.0,0.0,-0.0,0.0,0.0,0.0,0.0,0.0,4.0,0.0,0.0
12253620,298.7698974609375,303.1499938964844,285.1499938964844,0.0,-0.0,285.26348876953125,0.0,0.0,9.515702549833804e-05,298.7901916503906,303.1499938964844,285.1499938964844,0.0,-0.0,285.2640686035156,0.0,0.0,0.0001002052376861,299.4166564941406,303.1499938964844,285.1499938964844,0.0,-0.0,285.2635192871094,0.0,0.0,7.401144102914259e-05,298.5047302246094,303.1499938964844,285.1499938964844,0.0,-0.0,285.2635192871094,0.0,0.0,0.0001002049466478,298.5466613769531,303.1499938964844,285.1499938964844,0.0,-0.0,285.26092529296875,0.0,0.0,0.00047532672761,285.2485046386719,294.1499938964844,294.082275390625,286.3138122558594,295.09521484375,294.2494812011719,284.6851806640625,0.0,0.0,0.0,0.0,1.0,1.0,-0.001014017034322,7.503109245021733e-09,0.0010140095837414,-0.0187085680663585,0.0,0.0,0.0,-0.0085324300453066,60.0,6.563872337341309,-0.0,-7.010515190586375e-08,0.0,282.9992980957031,284.4533386230469,290.2752380371094,291.35028076171875,293.1499938964844,293.1499938964844,278.1499938964844,0.0,18000.0,313.1499938964844,0.0,18000.0,0.0,0.0,0.0,0.0,0.0,0.0,0.0,0.0,0.0,-0.0,-0.0,-0.0,-5.2805772432836115e-21,-2.6402886216418057e-21,-2.6402886216418057e-21,0.0,0.0,-0.0,0.0,0.0,0.0,-0.0,0.0,0.0,0.0,0.0,0.0,4.0,0.0,0.0
12253680,298.7698974609375,303.1499938964844,285.1499938964844,0.0,-0.0,285.26348876953125,0.0,0.0,9.515702549833804e-05,298.7901916503906,303.1499938964844,285.1499938964844,0.0,-0.0,285.2640686035156,0.0,0.0,0.0001002052376861,299.4166564941406,303.1499938964844,285.1499938964844,0.0,-0.0,285.2635192871094,0.0,0.0,7.401144102914259e-05,298.5047302246094,303.1499938964844,285.1499938964844,0.0,-0.0,285.2635192871094,0.0,0.0,0.0001002049466478,298.5466613769531,303.1499938964844,285.1499938964844,0.0,-0.0,285.26092529296875,0.0,0.0,0.00047532672761,285.2485046386719,294.1499938964844,294.082275390625,286.3138122558594,295.09521484375,294.2494812011719,284.6851806640625,0.0,0.0,0.0,0.0,1.0,1.0,-0.001014017034322,7.503109245021733e-09,0.0010140095837414,-0.0187085680663585,0.0,0.0,0.0,-0.0085324300453066,60.0,6.563872337341309,-0.0,-7.010515190586375e-08,0.0,282.9992980957031,284.4533386230469,290.2752380371094,291.35028076171875,293.1499938964844,293.1499938964844,278.1499938964844,0.0,18000.0,313.1499938964844,0.0,18000.0,0.0,0.0,0.0,0.0,0.0,0.0,0.0,0.0,0.0,-0.0,-0.0,-0.0,-5.2805772432836115e-21,-2.6402886216418057e-21,-2.6402886216418057e-21,0.0,0.0,-0.0,0.0,0.0,0.0,-0.0,0.0,0.0,0.0,0.0,0.0,4.0,0.0,0.0
12253740,298.7698974609375,303.1499938964844,285.1499938964844,0.0,-0.0,285.2599792480469,0.0,0.0,9.51207912294194e-05,298.7914428710937,303.1499938964844,285.1499938964844,0.0,-0.0,285.2605285644531,0.0,0.0,0.0001001670752884,299.41619873046875,303.1499938964844,285.1499938964844,0.0,-0.0,285.260009765625,0.0,0.0,7.398325396934524e-05,298.5047607421875,303.1499938964844,285.1499938964844,0.0,-0.0,285.260009765625,0.0,0.0,0.0001001667915261,298.5482788085937,303.1499938964844,285.1499938964844,0.0,-0.0,285.2574462890625,0.0,0.0,0.0004751457599923,285.2437438964844,294.1499938964844,294.0278625488281,286.2777099609375,295.0765380859375,294.1965637207031,284.70281982421875,0.0,0.0,0.0,0.0,1.0,1.0,-0.001013629254885,7.457767736696042e-09,0.0010136218043044,-0.0185898132622241,0.0,0.0,0.0,-0.0085099516436457,60.0,6.510958671569824,-0.0,-7.005154856187802e-08,0.0,282.9992980957031,284.4533386230469,290.2752380371094,291.35028076171875,293.1499938964844,293.1499938964844,278.1499938964844,0.0,18000.0,313.1499938964844,0.0,18000.0,0.0,0.0,0.0,0.0,0.0,0.0,0.0,0.0,0.0,-0.0,-0.0,-0.0,-5.2805772432836115e-21,-2.6402886216418057e-21,-2.6402886216418057e-21,0.0,0.0,-0.0,0.0,0.0,0.0,-0.0,0.0,0.0,0.0,0.0,0.0,4.0,0.0,0.0
12253800,298.7698974609375,303.1499938964844,285.1499938964844,0.0,-0.0,285.2599792480469,0.0,0.0,9.51207912294194e-05,298.7914428710937,303.1499938964844,285.1499938964844,0.0,-0.0,285.2605285644531,0.0,0.0,0.0001001670752884,299.41619873046875,303.1499938964844,285.1499938964844,0.0,-0.0,285.260009765625,0.0,0.0,7.398325396934524e-05,298.5047607421875,303.1499938964844,285.1499938964844,0.0,-0.0,285.260009765625,0.0,0.0,0.0001001667915261,298.5482788085937,303.1499938964844,285.1499938964844,0.0,-0.0,285.2574462890625,0.0,0.0,0.0004751457599923,285.2437438964844,294.1499938964844,294.0278625488281,286.2777099609375,295.0765380859375,294.1965637207031,284.70281982421875,0.0,0.0,0.0,0.0,1.0,1.0,-0.001013629254885,7.457767736696042e-09,0.0010136218043044,-0.0185898132622241,0.0,0.0,0.0,-0.0085099516436457,60.0,6.510958671569824,-0.0,-7.005154856187802e-08,0.0,282.9992980957031,284.4533386230469,290.2752380371094,291.35028076171875,293.1499938964844,293.1499938964844,278.1499938964844,0.0,18000.0,313.1499938964844,0.0,18000.0,0.0,0.0,0.0,0.0,0.0,0.0,0.0,0.0,0.0,-0.0,-0.0,-0.0,-5.2805772432836115e-21,-2.6402886216418057e-21,-2.6402886216418057e-21,0.0,0.0,-0.0,0.0,0.0,0.0,-0.0,0.0,0.0,0.0,0.0,0.0,4.0,0.0,0.0
12253860,298.76971435546875,303.1499938964844,285.1499938964844,0.0,-0.0,285.2564392089844,0.0,0.0,9.508358198218048e-05,298.7923889160156,303.1499938964844,285.1499938964844,0.0,-0.0,285.2569885253906,0.0,0.0,0.0001001278869807,299.4154968261719,303.1499938964844,285.1499938964844,0.0,-0.0,285.2564697265625,0.0,0.0,7.39543029339984e-05,298.5045471191406,303.1499938964844,285.1499938964844,0.0,-0.0,285.2564697265625,0.0,0.0,0.0001001276104943,298.5496520996094,303.1499938964844,285.1499938964844,0.0,-0.0,285.2539367675781,0.0,0.0,0.0004749599320348,285.239013671875,294.1499938964844,293.9730834960937,286.2426452636719,295.0572204589844,294.1434936523437,284.7195129394531,0.0,0.0,0.0,0.0,1.0,1.0,-0.0010132312308996,7.411216085273509e-09,0.001013223780319,-0.0184678882360458,0.0,0.0,0.0,-0.0084868744015693,60.0,6.458470344543457,-0.0,-6.99965312378481e-08,0.0,282.9992980957031,284.4533386230469,290.2752380371094,291.35028076171875,293.1499938964844,293.1499938964844,278.1499938964844,0.0,18000.0,313.1499938964844,0.0,18000.0,0.0,0.0,0.0,0.0,0.0,0.0,0.0,0.0,0.0,-0.0,-0.0,-0.0,-5.2805772432836115e-21,-2.6402886216418057e-21,-2.6402886216418057e-21,0.0,0.0,-0.0,0.0,0.0,0.0,-0.0,0.0,0.0,0.0,0.0,0.0,4.0,0.0,0.0
12253920,298.76971435546875,303.1499938964844,285.1499938964844,0.0,-0.0,285.2564392089844,0.0,0.0,9.508358198218048e-05,298.7923889160156,303.1499938964844,285.1499938964844,0.0,-0.0,285.2569885253906,0.0,0.0,0.0001001278869807,299.4154968261719,303.1499938964844,285.1499938964844,0.0,-0.0,285.2564697265625,0.0,0.0,7.39543029339984e-05,298.5045471191406,303.1499938964844,285.1499938964844,0.0,-0.0,285.2564697265625,0.0,0.0,0.0001001276104943,298.5496520996094,303.1499938964844,285.1499938964844,0.0,-0.0,285.2539367675781,0.0,0.0,0.0004749599320348,285.239013671875,294.1499938964844,293.9730834960937,286.2426452636719,295.0572204589844,294.1434936523437,284.7195129394531,0.0,0.0,0.0,0.0,1.0,1.0,-0.0010132312308996,7.411216085273509e-09,0.001013223780319,-0.0184678882360458,0.0,0.0,0.0,-0.0084868744015693,60.0,6.458470344543457,-0.0,-6.99965312378481e-08,0.0,282.9992980957031,284.4533386230469,290.2752380371094,291.35028076171875,293.1499938964844,293.1499938964844,278.1499938964844,0.0,18000.0,313.1499938964844,0.0,18000.0,0.0,0.0,0.0,0.0,0.0,0.0,0.0,0.0,0.0,-0.0,-0.0,-0.0,-5.2805772432836115e-21,-2.6402886216418057e-21,-2.6402886216418057e-21,0.0,0.0,-0.0,0.0,0.0,0.0,-0.0,0.0,0.0,0.0,0.0,0.0,4.0,0.0,0.0
12253980,298.7693786621094,303.1499938964844,285.1499938964844,0.0,-0.0,285.2529296875,0.0,0.0,9.504510671831667e-05,298.7930908203125,303.1499938964844,285.1499938964844,0.0,-0.0,285.25347900390625,0.0,0.0,0.0001000873671728,299.4145812988281,303.1499938964844,285.1499938964844,0.0,-0.0,285.2529296875,0.0,0.0,7.392437692033127e-05,298.50421142578125,303.1499938964844,285.1499938964844,0.0,-0.0,285.2529602050781,0.0,0.0,0.0001000870906864,298.5508117675781,303.1499938964844,285.1499938964844,0.0,-0.0,285.2504577636719,0.0,0.0,0.0004747677594423,285.2343139648437,294.1499938964844,293.9179382324219,286.208740234375,295.0372619628906,294.0902099609375,284.7353515625,0.0,0.0,0.0,0.0,1.0,1.0,-0.0010128195863217,7.363085252620749e-09,0.0010128122521564,-0.0183418244123458,0.0,0.0,0.0,-0.0084630139172077,60.0,6.406335353851318,-0.0,-6.993967360813258e-08,0.0,282.9992980957031,284.4533386230469,290.2752380371094,291.35028076171875,293.1499938964844,293.1499938964844,278.1499938964844,0.0,18000.0,313.1499938964844,0.0,18000.0,0.0,0.0,0.0,0.0,0.0,0.0,0.0,0.0,0.0,-0.0,-0.0,-0.0,-5.2805772432836115e-21,-2.6402886216418057e-21,-2.6402886216418057e-21,0.0,0.0,-0.0,0.0,0.0,0.0,-0.0,0.0,0.0,0.0,0.0,0.0,4.0,0.0,0.0
12254040,298.7693786621094,303.1499938964844,285.1499938964844,0.0,-0.0,285.2529296875,0.0,0.0,9.504510671831667e-05,298.7930908203125,303.1499938964844,285.1499938964844,0.0,-0.0,285.25347900390625,0.0,0.0,0.0001000873671728,299.4145812988281,303.1499938964844,285.1499938964844,0.0,-0.0,285.2529296875,0.0,0.0,7.392437692033127e-05,298.50421142578125,303.1499938964844,285.1499938964844,0.0,-0.0,285.2529602050781,0.0,0.0,0.0001000870906864,298.5508117675781,303.1499938964844,285.1499938964844,0.0,-0.0,285.2504577636719,0.0,0.0,0.0004747677594423,285.2343139648437,294.1499938964844,293.9179382324219,286.208740234375,295.0372619628906,294.0902099609375,284.7353515625,0.0,0.0,0.0,0.0,1.0,1.0,-0.0010128195863217,7.363085252620749e-09,0.0010128122521564,-0.0183418244123458,0.0,0.0,0.0,-0.0084630139172077,60.0,6.406335353851318,-0.0,-6.993967360813258e-08,0.0,282.9992980957031,284.4533386230469,290.2752380371094,291.35028076171875,293.1499938964844,293.1499938964844,278.1499938964844,0.0,18000.0,313.1499938964844,0.0,18000.0,0.0,0.0,0.0,0.0,0.0,0.0,0.0,0.0,0.0,-0.0,-0.0,-0.0,-5.2805772432836115e-21,-2.6402886216418057e-21,-2.6402886216418057e-21,0.0,0.0,-0.0,0.0,0.0,0.0,-0.0,0.0,0.0,0.0,0.0,0.0,4.0,0.0,0.0
12254100,298.7691650390625,303.1499938964844,285.1499938964844,0.0,-0.0,285.25115966796875,0.0,0.0,9.502524335402995e-05,298.7933349609375,303.1499938964844,285.1499938964844,0.0,-0.0,285.251708984375,0.0,0.0,0.0001000664487946,299.4140319824219,303.1499938964844,285.1499938964844,0.0,-0.0,285.2511901855469,0.0,0.0,7.390892278635874e-05,298.5039978027344,303.1499938964844,285.1499938964844,0.0,-0.0,285.2511901855469,0.0,0.0,0.0001000661795842,298.55133056640625,303.1499938964844,285.1499938964844,0.0,-0.0,285.24871826171875,0.0,0.0,0.0004746685444843,285.2319641113281,294.1499938964844,293.8902282714844,286.1922302246094,295.0270690917969,294.0635070800781,284.7429504394531,0.0,0.0,0.0,0.0,1.0,1.0,-0.0010126071283593,7.338243790400156e-09,0.0010125997941941,-0.0182767622172832,0.0,0.0,0.0,-0.0084506990388035,60.0,6.380375385284424,-0.0,-6.991033529857307e-08,0.0,282.9992980957031,284.4533386230469,290.2752380371094,291.35028076171875,293.1499938964844,293.1499938964844,278.1499938964844,0.0,18000.0,313.1499938964844,0.0,18000.0,0.0,0.0,0.0,0.0,0.0,0.0,0.0,0.0,0.0,0.0,0.0,0.0,-5.2805772432836115e-21,-2.6402886216418057e-21,-2.6402886216418057e-21,0.0,0.0,-0.0,0.0,0.0,0.0,-0.0,0.0,0.0,0.0,0.0,0.0,4.0,0.0,0.0
12254160,298.7689514160156,303.1499938964844,285.1499938964844,0.0,-0.0,285.2493896484375,0.0,0.0,9.500487067271024e-05,298.7935485839844,303.1499938964844,285.1499938964844,0.0,-0.0,285.2499389648437,0.0,0.0,0.0001000449919956,299.4134521484375,303.1499938964844,285.1499938964844,0.0,-0.0,285.2494201660156,0.0,0.0,7.389307575067505e-05,298.5037536621094,303.1499938964844,285.1499938964844,0.0,-0.0,285.2494201660156,0.0,0.0,0.0001000447227852,298.55181884765625,303.1499938964844,285.1499938964844,0.0,-0.0,285.2469482421875,0.0,0.0,0.000474566797493,285.2296142578125,294.1499938964844,293.8623962402344,286.1760559082031,295.0166931152344,294.0367431640625,284.7503356933594,0.0,0.0,0.0,0.0,1.0,1.0,-0.0010123893152922,7.312765504252638e-09,0.0010123819811269,-0.0182100292295217,0.0,0.0,0.0,-0.0084380684420466,60.0,6.354470729827881,-0.0,-6.988025091914096e-08,0.0,282.9992980957031,284.4533386230469,290.2752380371094,291.35028076171875,293.1499938964844,293.1499938964844,278.1499938964844,0.0,18000.0,313.1499938964844,0.0,18000.0,0.0,0.0,0.0,0.0,0.0,0.0,0.0,0.0,0.0,-0.0,-0.0,-0.0,-5.2805772432836115e-21,-2.6402886216418057e-21,-2.6402886216418057e-21,0.0,0.0,-0.0,0.0,0.0,0.0,-0.0,0.0,0.0,0.0,0.0,0.0,4.0,0.0,0.0
12254220,298.7684631347656,303.1499938964844,285.1499938964844,0.0,-0.0,285.245849609375,0.0,0.0,9.496228449279442e-05,298.7938232421875,303.1499938964844,285.1499938964844,0.0,-0.0,285.24639892578125,0.0,0.0,0.0001000001429929,299.41217041015625,303.1499938964844,285.1499938964844,0.0,-0.0,285.2458801269531,0.0,0.0,7.385994831565768e-05,298.5032653808594,303.1499938964844,285.1499938964844,0.0,-0.0,285.24591064453125,0.0,0.0,9.999987378250808e-05,298.5527038574219,303.1499938964844,285.1499938964844,0.0,-0.0,285.24346923828125,0.0,0.0,0.0004743540775962,285.2249450683594,294.1499938964844,293.8064270019531,286.1447448730469,294.9954833984375,293.9830322265625,284.7645874023437,0.0,0.0,0.0,0.0,1.0,1.0,-0.0010119338985532,7.259517875723985e-09,0.0010119266808032,-0.018070563673973,0.0,0.0,0.0,-0.0084116710349917,60.0,6.302779674530029,-0.0,-6.981740341416298e-08,0.0,282.9992980957031,284.4533386230469,290.2752380371094,291.35028076171875,293.1499938964844,293.1499938964844,278.1499938964844,0.0,18000.0,313.1499938964844,0.0,18000.0,0.0,0.0,0.0,0.0,0.0,0.0,0.0,0.0,0.0,-0.0,-0.0,-0.0,-5.2805772432836115e-21,-2.6402886216418057e-21,-2.6402886216418057e-21,0.0,0.0,-0.0,0.0,0.0,0.0,-0.0,0.0,0.0,0.0,0.0,0.0,4.0,0.0,0.0
12254280,298.7684631347656,303.1499938964844,285.1499938964844,0.0,-0.0,285.245849609375,0.0,0.0,9.496228449279442e-05,298.7938232421875,303.1499938964844,285.1499938964844,0.0,-0.0,285.24639892578125,0.0,0.0,0.0001000001429929,299.41217041015625,303.1499938964844,285.1499938964844,0.0,-0.0,285.2458801269531,0.0,0.0,7.385994831565768e-05,298.5032653808594,303.1499938964844,285.1499938964844,0.0,-0.0,285.24591064453125,0.0,0.0,9.999987378250808e-05,298.5527038574219,303.1499938964844,285.1499938964844,0.0,-0.0,285.24346923828125,0.0,0.0,0.0004743540775962,285.2249450683594,294.1499938964844,293.8064270019531,286.1447448730469,294.9954833984375,293.9830322265625,284.7645874023437,0.0,0.0,0.0,0.0,1.0,1.0,-0.0010119338985532,7.259517875723985e-09,0.0010119266808032,-0.018070563673973,0.0,0.0,0.0,-0.0084116710349917,60.0,6.302779674530029,-0.0,-6.981740341416298e-08,0.0,282.9992980957031,284.4533386230469,290.2752380371094,291.35028076171875,293.1499938964844,293.1499938964844,278.1499938964844,0.0,18000.0,313.1499938964844,0.0,18000.0,0.0,0.0,0.0,0.0,0.0,0.0,0.0,0.0,0.0,-0.0,-0.0,-0.0,-5.2805772432836115e-21,-2.6402886216418057e-21,-2.6402886216418057e-21,0.0,0.0,-0.0,0.0,0.0,0.0,-0.0,0.0,0.0,0.0,0.0,0.0,4.0,0.0,0.0
12254340,298.7679443359375,303.1499938964844,285.1499938964844,0.0,-0.0,285.2423400878906,0.0,0.0,9.491679520579056e-05,298.7939147949219,303.1499938964844,285.1499938964844,0.0,-0.0,285.2428894042969,0.0,0.0,9.99522308120504e-05,299.4107360839844,303.1499938964844,285.1499938964844,0.0,-0.0,285.24237060546875,0.0,0.0,7.382455805782229e-05,298.5027160644531,303.1499938964844,285.1499938964844,0.0,-0.0,285.24237060546875,0.0,0.0,9.995196887757628e-05,298.5534362792969,303.1499938964844,285.1499938964844,0.0,-0.0,285.239990234375,0.0,0.0,0.0004741268639918,285.2203063964844,294.1499938964844,293.75,286.1148376464844,294.9736633300781,293.9290466308594,284.77813720703125,0.0,0.0,0.0,0.0,1.0,1.0,-0.0010114476317539,7.202652696491896e-09,0.001011440414004,-0.0179216228425502,0.0,0.0,0.0,-0.0083834808319807,60.0,6.251174449920654,-0.0,-6.975031396905251e-08,0.0,282.9992980957031,284.4533386230469,290.2752380371094,291.35028076171875,293.1499938964844,293.1499938964844,278.1499938964844,0.0,18000.0,313.1499938964844,0.0,18000.0,0.0,0.0,0.0,0.0,0.0,0.0,0.0,0.0,0.0,-0.0,-0.0,-0.0,-5.2805772432836115e-21,-2.6402886216418057e-21,-2.6402886216418057e-21,0.0,0.0,-0.0,0.0,0.0,0.0,-0.0,0.0,0.0,0.0,0.0,0.0,4.0,0.0,0.0
12254400,298.7679443359375,303.1499938964844,285.1499938964844,0.0,-0.0,285.2423400878906,0.0,0.0,9.491679520579056e-05,298.7939147949219,303.1499938964844,285.1499938964844,0.0,-0.0,285.2428894042969,0.0,0.0,9.99522308120504e-05,299.4107360839844,303.1499938964844,285.1499938964844,0.0,-0.0,285.24237060546875,0.0,0.0,7.382455805782229e-05,298.5027160644531,303.1499938964844,285.1499938964844,0.0,-0.0,285.24237060546875,0.0,0.0,9.995196887757628e-05,298.5534362792969,303.1499938964844,285.1499938964844,0.0,-0.0,285.239990234375,0.0,0.0,0.0004741268639918,285.2203063964844,294.1499938964844,293.75,286.1148376464844,294.9736633300781,293.9290466308594,284.77813720703125,0.0,0.0,0.0,0.0,1.0,1.0,-0.0010114476317539,7.202652696491896e-09,0.001011440414004,-0.0179216228425502,0.0,0.0,0.0,-0.0083834808319807,60.0,6.251174449920654,-0.0,-6.975031396905251e-08,0.0,282.9992980957031,284.4533386230469,290.2752380371094,291.35028076171875,293.1499938964844,293.1499938964844,278.1499938964844,0.0,18000.0,313.1499938964844,0.0,18000.0,0.0,0.0,0.0,0.0,0.0,0.0,0.0,0.0,0.0,-0.0,-0.0,-0.0,-5.2805772432836115e-21,-2.6402886216418057e-21,-2.6402886216418057e-21,0.0,0.0,-0.0,0.0,0.0,0.0,-0.0,0.0,0.0,0.0,0.0,0.0,4.0,0.0,0.0
12254460,298.76739501953125,303.1499938964844,285.1499938964844,0.0,-0.0,285.23883056640625,0.0,0.0,9.487315401202068e-05,298.7938232421875,303.1499938964844,285.1499938964844,0.0,-0.0,285.2393493652344,0.0,0.0,9.990628313971683e-05,299.4091491699219,303.1499938964844,285.1499938964844,0.0,-0.0,285.2388610839844,0.0,0.0,7.379061571555212e-05,298.502197265625,303.1499938964844,285.1499938964844,0.0,-0.0,285.2388916015625,0.0,0.0,9.990602120524272e-05,298.5541076660156,303.1499938964844,285.1499938964844,0.0,-0.0,285.23651123046875,0.0,0.0,0.0004739089345093,285.2157287597656,294.1499938964844,293.6933288574219,286.0859680175781,294.95123291015625,293.8747863769531,284.791015625,0.0,0.0,0.0,0.0,1.0,1.0,-0.001010981039144,7.148104774756803e-09,0.0010109739378094,-0.0177787486463785,0.0,0.0,0.0,-0.0083564389497041,60.0,6.199769020080566,-0.0,-6.968598853518415e-08,0.0,282.9992980957031,284.4533386230469,290.2752380371094,291.35028076171875,293.1499938964844,293.1499938964844,278.1499938964844,0.0,18000.0,313.1499938964844,0.0,18000.0,0.0,0.0,0.0,0.0,0.0,0.0,0.0,0.0,0.0,-0.0,-0.0,-0.0,-5.2805772432836115e-21,-2.6402886216418057e-21,-2.6402886216418057e-21,0.0,0.0,-0.0,0.0,0.0,0.0,-0.0,0.0,0.0,0.0,0.0,0.0,4.0,0.0,0.0
12254520,298.76739501953125,303.1499938964844,285.1499938964844,0.0,-0.0,285.23883056640625,0.0,0.0,9.487315401202068e-05,298.7938232421875,303.1499938964844,285.1499938964844,0.0,-0.0,285.2393493652344,0.0,0.0,9.990628313971683e-05,299.4091491699219,303.1499938964844,285.1499938964844,0.0,-0.0,285.2388610839844,0.0,0.0,7.379061571555212e-05,298.502197265625,303.1499938964844,285.1499938964844,0.0,-0.0,285.2388916015625,0.0,0.0,9.990602120524272e-05,298.5541076660156,303.1499938964844,285.1499938964844,0.0,-0.0,285.23651123046875,0.0,0.0,0.0004739089345093,285.2157287597656,294.1499938964844,293.6933288574219,286.0859680175781,294.95123291015625,293.8747863769531,284.791015625,0.0,0.0,0.0,0.0,1.0,1.0,-0.001010981039144,7.148104774756803e-09,0.0010109739378094,-0.0177787486463785,0.0,0.0,0.0,-0.0083564389497041,60.0,6.199769020080566,-0.0,-6.968598853518415e-08,0.0,282.9992980957031,284.4533386230469,290.2752380371094,291.35028076171875,293.1499938964844,293.1499938964844,278.1499938964844,0.0,18000.0,313.1499938964844,0.0,18000.0,0.0,0.0,0.0,0.0,0.0,0.0,0.0,0.0,0.0,-0.0,-0.0,-0.0,-5.2805772432836115e-21,-2.6402886216418057e-21,-2.6402886216418057e-21,0.0,0.0,-0.0,0.0,0.0,0.0,-0.0,0.0,0.0,0.0,0.0,0.0,4.0,0.0,0.0
12254580,298.766845703125,303.1499938964844,285.1499938964844,0.0,-0.0,285.2353515625,0.0,0.0,9.483623580308632e-05,298.79364013671875,303.1499938964844,285.1499938964844,0.0,-0.0,285.2358703613281,0.0,0.0,9.986740042222664e-05,299.407470703125,303.1499938964844,285.1499938964844,0.0,-0.0,285.2353820800781,0.0,0.0,7.376189023489133e-05,298.5017395019531,303.1499938964844,285.1499938964844,0.0,-0.0,285.2353820800781,0.0,0.0,9.986713848775251e-05,298.5546875,303.1499938964844,285.1499938964844,0.0,-0.0,285.2330322265625,0.0,0.0,0.0004737245326396,285.2111511230469,294.1499938964844,293.6366577148437,286.0575256347656,294.92822265625,293.8202819824219,284.80328369140625,0.0,0.0,0.0,0.0,1.0,1.0,-0.0010105861583724,7.101926158270544e-09,0.0010105790570378,-0.0176577940583229,0.0,0.0,0.0,-0.0083335461094975,60.0,6.149078369140625,-0.0,-6.963155385619757e-08,0.0,282.9992980957031,284.4533386230469,290.2752380371094,291.35028076171875,293.1499938964844,293.1499938964844,278.1499938964844,0.0,18000.0,313.1499938964844,0.0,18000.0,0.0,0.0,0.0,0.0,0.0,0.0,0.0,0.0,0.0,-0.0,-0.0,-0.0,-5.2805772432836115e-21,-2.6402886216418057e-21,-2.6402886216418057e-21,0.0,0.0,-0.0,0.0,0.0,0.0,-0.0,0.0,0.0,0.0,0.0,0.0,4.0,0.0,0.0
12254640,298.766845703125,303.1499938964844,285.1499938964844,0.0,-0.0,285.2353515625,0.0,0.0,9.483623580308632e-05,298.79364013671875,303.1499938964844,285.1499938964844,0.0,-0.0,285.2358703613281,0.0,0.0,9.986740042222664e-05,299.407470703125,303.1499938964844,285.1499938964844,0.0,-0.0,285.2353820800781,0.0,0.0,7.376189023489133e-05,298.5017395019531,303.1499938964844,285.1499938964844,0.0,-0.0,285.2353820800781,0.0,0.0,9.986713848775251e-05,298.5546875,303.1499938964844,285.1499938964844,0.0,-0.0,285.2330322265625,0.0,0.0,0.0004737245326396,285.2111511230469,294.1499938964844,293.6366577148437,286.0575256347656,294.92822265625,293.8202819824219,284.80328369140625,0.0,0.0,0.0,0.0,1.0,1.0,-0.0010105861583724,7.101926158270544e-09,0.0010105790570378,-0.0176577940583229,0.0,0.0,0.0,-0.0083335461094975,60.0,6.149078369140625,-0.0,-6.963155385619757e-08,0.0,282.9992980957031,284.4533386230469,290.2752380371094,291.35028076171875,293.1499938964844,293.1499938964844,278.1499938964844,0.0,18000.0,313.1499938964844,0.0,18000.0,0.0,0.0,0.0,0.0,0.0,0.0,0.0,0.0,0.0,-0.0,-0.0,-0.0,-5.2805772432836115e-21,-2.6402886216418057e-21,-2.6402886216418057e-21,0.0,0.0,-0.0,0.0,0.0,0.0,-0.0,0.0,0.0,0.0,0.0,0.0,4.0,0.0,0.0
12254700,298.7665710449219,303.1499938964844,285.1499938964844,0.0,-0.0,285.2336120605469,0.0,0.0,9.48200686252676e-05,298.7934875488281,303.1499938964844,285.1499938964844,0.0,-0.0,285.234130859375,0.0,0.0,9.985037468140943e-05,299.4065856933594,303.1499938964844,285.1499938964844,0.0,-0.0,285.233642578125,0.0,0.0,7.374931738013402e-05,298.5015563964844,303.1499938964844,285.1499938964844,0.0,-0.0,285.233642578125,0.0,0.0,9.985012002289297e-05,298.554931640625,303.1499938964844,285.1499938964844,0.0,-0.0,285.2313232421875,0.0,0.0,0.0004736437986139,285.2088928222656,294.1499938964844,293.6083374023437,286.0434875488281,294.9164733886719,293.7929382324219,284.8092041015625,0.0,0.0,0.0,0.0,1.0,1.0,-0.0010104131652042,7.081697894761873e-09,0.0010104060638695,-0.017604811117053,0.0,0.0,0.0,-0.008323517628014,60.0,6.124054908752441,-0.0,-6.960772225284019e-08,0.0,282.9992980957031,284.4533386230469,290.2752380371094,291.35028076171875,293.1499938964844,293.1499938964844,278.1499938964844,0.0,18000.0,313.1499938964844,0.0,18000.0,0.0,0.0,0.0,0.0,0.0,0.0,0.0,0.0,0.0,0.0,0.0,0.0,-5.2805772432836115e-21,-2.6402886216418057e-21,-2.6402886216418057e-21,0.0,0.0,-0.0,0.0,0.0,0.0,-0.0,0.0,0.0,0.0,0.0,0.0,4.0,0.0,0.0
12254760,298.76629638671875,303.1499938964844,285.1499938964844,0.0,-0.0,285.2318725585937,0.0,0.0,9.480535663897172e-05,298.7933044433594,303.1499938964844,285.1499938964844,0.0,-0.0,285.2323913574219,0.0,0.0,9.983486961573362e-05,299.4056701660156,303.1499938964844,285.1499938964844,0.0,-0.0,285.2319030761719,0.0,0.0,7.373786502284929e-05,298.5013732910156,303.1499938964844,285.1499938964844,0.0,-0.0,285.2319030761719,0.0,0.0,9.983461495721711e-05,298.55517578125,303.1499938964844,285.1499938964844,0.0,-0.0,285.2295837402344,0.0,0.0,0.0004735702823381,285.2066345214844,294.1499938964844,293.5799865722656,286.029541015625,294.9045715332031,293.7655334472656,284.8149719238281,0.0,0.0,0.0,0.0,1.0,1.0,-0.0010102555388584,7.063272633445194e-09,0.0010102485539391,-0.0175565499812364,0.0,0.0,0.0,-0.0083143832162022,60.0,6.099236488342285,-0.0,-6.958600806683536e-08,0.0,282.9992980957031,284.4533386230469,290.2752380371094,291.35028076171875,293.1499938964844,293.1499938964844,278.1499938964844,0.0,18000.0,313.1499938964844,0.0,18000.0,0.0,0.0,0.0,0.0,0.0,0.0,0.0,0.0,0.0,-0.0,-0.0,-0.0,-5.2805772432836115e-21,-2.6402886216418057e-21,-2.6402886216418057e-21,0.0,0.0,-0.0,0.0,0.0,0.0,-0.0,0.0,0.0,0.0,0.0,0.0,4.0,0.0,0.0
12254820,298.76568603515625,303.1499938964844,285.1499938964844,0.0,-0.0,285.2284240722656,0.0,0.0,9.478011634200811e-05,298.7928466796875,303.1499938964844,285.1499938964844,0.0,-0.0,285.2289123535156,0.0,0.0,9.980829781852664e-05,299.4037780761719,303.1499938964844,285.1499938964844,0.0,-0.0,285.2284240722656,0.0,0.0,7.371823448920622e-05,298.5010986328125,303.1499938964844,285.1499938964844,0.0,-0.0,285.2284545898437,0.0,0.0,9.980804316001012e-05,298.5556640625,303.1499938964844,285.1499938964844,0.0,-0.0,285.2261657714844,0.0,0.0,0.0004734442627523,285.2021484375,294.1499938964844,293.5233459472656,286.0019836425781,294.88037109375,293.7105407714844,284.8261413574219,0.0,0.0,0.0,0.0,1.0,1.0,-0.0010099852224811,7.031657478506759e-09,0.0010099781211465,-0.017473742365837,0.0,0.0,0.0,-0.0082987109199166,60.0,6.0501813888549805,-0.0,-6.954876852205416e-08,0.0,282.9992980957031,284.4533386230469,290.2752380371094,291.35028076171875,293.1499938964844,293.1499938964844,278.1499938964844,0.0,18000.0,313.1499938964844,0.0,18000.0,0.0,0.0,0.0,0.0,0.0,0.0,0.0,0.0,0.0,-0.0,-0.0,0.0,-5.2805772432836115e-21,-2.6402886216418057e-21,-2.6402886216418057e-21,0.0,0.0,-0.0,0.0,0.0,0.0,-0.0,0.0,0.0,0.0,0.0,0.0,4.0,0.0,0.0
12254880,298.76568603515625,303.1499938964844,285.1499938964844,0.0,-0.0,285.2284240722656,0.0,0.0,9.478011634200811e-05,298.7928466796875,303.1499938964844,285.1499938964844,0.0,-0.0,285.2289123535156,0.0,0.0,9.980829781852664e-05,299.4037780761719,303.1499938964844,285.1499938964844,0.0,-0.0,285.2284240722656,0.0,0.0,7.371823448920622e-05,298.5010986328125,303.1499938964844,285.1499938964844,0.0,-0.0,285.2284545898437,0.0,0.0,9.980804316001012e-05,298.5556640625,303.1499938964844,285.1499938964844,0.0,-0.0,285.2261657714844,0.0,0.0,0.0004734442627523,285.2021484375,294.1499938964844,293.5233459472656,286.0019836425781,294.88037109375,293.7105407714844,284.8261413574219,0.0,0.0,0.0,0.0,1.0,1.0,-0.0010099852224811,7.031657478506759e-09,0.0010099781211465,-0.017473742365837,0.0,0.0,0.0,-0.0082987109199166,60.0,6.0501813888549805,-0.0,-6.954876852205416e-08,0.0,282.9992980957031,284.4533386230469,290.2752380371094,291.35028076171875,293.1499938964844,293.1499938964844,278.1499938964844,0.0,18000.0,313.1499938964844,0.0,18000.0,0.0,0.0,0.0,0.0,0.0,0.0,0.0,0.0,0.0,-0.0,-0.0,0.0,-5.2805772432836115e-21,-2.6402886216418057e-21,-2.6402886216418057e-21,0.0,0.0,-0.0,0.0,0.0,0.0,-0.0,0.0,0.0,0.0,0.0,0.0,4.0,0.0,0.0
12254940,298.7651062011719,303.1499938964844,285.1499938964844,0.0,-0.0,285.2249755859375,0.0,0.0,9.476029663346708e-05,298.79229736328125,303.1499938964844,285.1499938964844,0.0,-0.0,285.2254638671875,0.0,0.0,9.978741582017392e-05,299.4018249511719,303.1499938964844,285.1499938964844,0.0,-0.0,285.2250061035156,0.0,0.0,7.370280945906416e-05,298.5009460449219,303.1499938964844,285.1499938964844,0.0,-0.0,285.2250061035156,0.0,0.0,9.978716843761504e-05,298.5560607910156,303.1499938964844,285.1499938964844,0.0,-0.0,285.2227478027344,0.0,0.0,0.000473345251521,285.1977233886719,294.1499938964844,293.4666748046875,285.97479248046875,294.8555908203125,293.6553649902344,284.8368225097656,0.0,0.0,0.0,0.0,1.0,1.0,-0.0010097725316882,7.0067902591119954e-09,0.0010097655467689,-0.0174086075276136,0.0,0.0,0.0,-0.0082863830029964,60.0,6.001864433288574,-0.0,-6.95194870559135e-08,0.0,282.9992980957031,284.4533386230469,290.2752380371094,291.35028076171875,293.1499938964844,293.1499938964844,278.1499938964844,0.0,18000.0,313.1499938964844,0.0,18000.0,0.0,0.0,0.0,0.0,0.0,0.0,0.0,0.0,0.0,-0.0,-0.0,0.0,-5.2805772432836115e-21,-2.6402886216418057e-21,-2.6402886216418057e-21,0.0,0.0,-0.0,0.0,0.0,0.0,-0.0,0.0,0.0,0.0,0.0,0.0,4.0,0.0,0.0
12255000,298.7651062011719,303.1499938964844,285.1499938964844,0.0,-0.0,285.2249755859375,0.0,0.0,9.476029663346708e-05,298.79229736328125,303.1499938964844,285.1499938964844,0.0,-0.0,285.2254638671875,0.0,0.0,9.978741582017392e-05,299.4018249511719,303.1499938964844,285.1499938964844,0.0,-0.0,285.2250061035156,0.0,0.0,7.370280945906416e-05,298.5009460449219,303.1499938964844,285.1499938964844,0.0,-0.0,285.2250061035156,0.0,0.0,9.978716843761504e-05,298.5560607910156,303.1499938964844,285.1499938964844,0.0,-0.0,285.2227478027344,0.0,0.0,0.000473345251521,285.1977233886719,294.1499938964844,293.4666748046875,285.97479248046875,294.8555908203125,293.6553649902344,284.8368225097656,0.0,0.0,0.0,0.0,1.0,1.0,-0.0010097725316882,7.0067902591119954e-09,0.0010097655467689,-0.0174086075276136,0.0,0.0,0.0,-0.0082863830029964,60.0,6.001864433288574,-0.0,-6.95194870559135e-08,0.0,282.9992980957031,284.4533386230469,290.2752380371094,291.35028076171875,293.1499938964844,293.1499938964844,278.1499938964844,0.0,18000.0,313.1499938964844,0.0,18000.0,0.0,0.0,0.0,0.0,0.0,0.0,0.0,0.0,0.0,-0.0,-0.0,0.0,-5.2805772432836115e-21,-2.6402886216418057e-21,-2.6402886216418057e-21,0.0,0.0,-0.0,0.0,0.0,0.0,-0.0,0.0,0.0,0.0,0.0,0.0,4.0,0.0,0.0
12255060,298.76446533203125,303.1499938964844,285.1499938964844,0.0,-0.0,285.2215576171875,0.0,0.0,9.47456937865354e-05,298.7916564941406,303.1499938964844,285.1499938964844,0.0,-0.0,285.2220458984375,0.0,0.0,9.977203444577754e-05,299.3998107910156,303.1499938964844,285.1499938964844,0.0,-0.0,285.2215881347656,0.0,0.0,7.369145168922842e-05,298.5008850097656,303.1499938964844,285.1499938964844,0.0,-0.0,285.2215881347656,0.0,0.0,9.977179433917628e-05,298.55645751953125,303.1499938964844,285.1499938964844,0.0,-0.0,285.2193603515625,0.0,0.0,0.0004732723464258,285.193359375,294.1499938964844,293.4100036621094,285.9479675292969,294.8302307128906,293.5999450683594,284.8470458984375,0.0,0.0,0.0,0.0,1.0,1.0,-0.001009615487419,6.988428946641534e-09,0.0010096085024997,-0.0173605140298604,0.0,0.0,0.0,-0.0082772802561521,60.0,5.9542412757873535,-0.0,-6.949786524046432e-08,0.0,282.9992980957031,284.4533386230469,290.2752380371094,291.35028076171875,293.1499938964844,293.1499938964844,278.1499938964844,0.0,18000.0,313.1499938964844,0.0,18000.0,0.0,0.0,0.0,0.0,0.0,0.0,0.0,0.0,0.0,-0.0,-0.0,0.0,-5.2805772432836115e-21,-2.6402886216418057e-21,-2.6402886216418057e-21,0.0,0.0,-0.0,0.0,0.0,0.0,-0.0,0.0,0.0,0.0,0.0,0.0,4.0,0.0,0.0
12255120,298.76446533203125,303.1499938964844,285.1499938964844,0.0,-0.0,285.2215576171875,0.0,0.0,9.47456937865354e-05,298.7916564941406,303.1499938964844,285.1499938964844,0.0,-0.0,285.2220458984375,0.0,0.0,9.977203444577754e-05,299.3998107910156,303.1499938964844,285.1499938964844,0.0,-0.0,285.2215881347656,0.0,0.0,7.369145168922842e-05,298.5008850097656,303.1499938964844,285.1499938964844,0.0,-0.0,285.2215881347656,0.0,0.0,9.977179433917628e-05,298.55645751953125,303.1499938964844,285.1499938964844,0.0,-0.0,285.2193603515625,0.0,0.0,0.0004732723464258,285.193359375,294.1499938964844,293.4100036621094,285.9479675292969,294.8302307128906,293.5999450683594,284.8470458984375,0.0,0.0,0.0,0.0,1.0,1.0,-0.001009615487419,6.988428946641534e-09,0.0010096085024997,-0.0173605140298604,0.0,0.0,0.0,-0.0082772802561521,60.0,5.9542412757873535,-0.0,-6.949786524046432e-08,0.0,282.9992980957031,284.4533386230469,290.2752380371094,291.35028076171875,293.1499938964844,293.1499938964844,278.1499938964844,0.0,18000.0,313.1499938964844,0.0,18000.0,0.0,0.0,0.0,0.0,0.0,0.0,0.0,0.0,0.0,-0.0,-0.0,0.0,-5.2805772432836115e-21,-2.6402886216418057e-21,-2.6402886216418057e-21,0.0,0.0,-0.0,0.0,0.0,0.0,-0.0,0.0,0.0,0.0,0.0,0.0,4.0,0.0,0.0
12255180,298.76385498046875,303.1499938964844,285.1499938964844,0.0,-0.0,285.2181701660156,0.0,0.0,9.473606769461183e-05,298.7909240722656,303.1499938964844,285.1499938964844,0.0,-0.0,285.2186584472656,0.0,0.0,9.976189903682098e-05,299.397705078125,303.1499938964844,285.1499938964844,0.0,-0.0,285.2181701660156,0.0,0.0,7.368396472884342e-05,298.5009765625,303.1499938964844,285.1499938964844,0.0,-0.0,285.2182006835937,0.0,0.0,9.976165893021972e-05,298.5567932128906,303.1499938964844,285.1499938964844,0.0,-0.0,285.21600341796875,0.0,0.0,0.0004732243251055,285.18902587890625,294.1499938964844,293.35333251953125,285.9214782714844,294.8043212890625,293.5443420410156,284.8568115234375,0.0,0.0,0.0,0.0,1.0,1.0,-0.0010095115285366,6.976278665860036e-09,0.0010095045436173,-0.0173286888748407,0.0,0.0,0.0,-0.0082712564617395,60.0,5.907266616821289,-0.0,-6.948356201519347e-08,0.0,282.9992980957031,284.4533386230469,290.2752380371094,291.35028076171875,293.1499938964844,293.1499938964844,278.1499938964844,0.0,18000.0,313.1499938964844,0.0,18000.0,0.0,0.0,0.0,0.0,0.0,0.0,0.0,0.0,0.0,-0.0,-0.0,0.0,-5.2805772432836115e-21,-2.6402886216418057e-21,-2.6402886216418057e-21,0.0,0.0,-0.0,0.0,0.0,0.0,-0.0,0.0,0.0,0.0,0.0,0.0,4.0,0.0,0.0
12255240,298.76385498046875,303.1499938964844,285.1499938964844,0.0,-0.0,285.2181701660156,0.0,0.0,9.473606769461183e-05,298.7909240722656,303.1499938964844,285.1499938964844,0.0,-0.0,285.2186584472656,0.0,0.0,9.976189903682098e-05,299.397705078125,303.1499938964844,285.1499938964844,0.0,-0.0,285.2181701660156,0.0,0.0,7.368396472884342e-05,298.5009765625,303.1499938964844,285.1499938964844,0.0,-0.0,285.2182006835937,0.0,0.0,9.976165893021972e-05,298.5567932128906,303.1499938964844,285.1499938964844,0.0,-0.0,285.21600341796875,0.0,0.0,0.0004732243251055,285.18902587890625,294.1499938964844,293.35333251953125,285.9214782714844,294.8043212890625,293.5443420410156,284.8568115234375,0.0,0.0,0.0,0.0,1.0,1.0,-0.0010095115285366,6.976278665860036e-09,0.0010095045436173,-0.0173286888748407,0.0,0.0,0.0,-0.0082712564617395,60.0,5.907266616821289,-0.0,-6.948356201519347e-08,0.0,282.9992980957031,284.4533386230469,290.2752380371094,291.35028076171875,293.1499938964844,293.1499938964844,278.1499938964844,0.0,18000.0,313.1499938964844,0.0,18000.0,0.0,0.0,0.0,0.0,0.0,0.0,0.0,0.0,0.0,-0.0,-0.0,0.0,-5.2805772432836115e-21,-2.6402886216418057e-21,-2.6402886216418057e-21,0.0,0.0,-0.0,0.0,0.0,0.0,-0.0,0.0,0.0,0.0,0.0,0.0,4.0,0.0,0.0
12255300,298.7635498046875,303.1499938964844,285.1499938964844,0.0,-0.0,285.2164611816406,0.0,0.0,9.473302634432912e-05,298.79052734375,303.1499938964844,285.1499938964844,0.0,-0.0,285.2169494628906,0.0,0.0,9.975869761547074e-05,299.3966369628906,303.1499938964844,285.1499938964844,0.0,-0.0,285.21649169921875,0.0,0.0,7.36815927666612e-05,298.50103759765625,303.1499938964844,285.1499938964844,0.0,-0.0,285.21649169921875,0.0,0.0,9.975845750886948e-05,298.5569763183594,303.1499938964844,285.1499938964844,0.0,-0.0,285.2143249511719,0.0,0.0,0.000473209132906,285.1868591308594,294.1499938964844,293.32501220703125,285.9083557128906,294.7911682128906,293.5164489746094,284.861572265625,0.0,0.0,0.0,0.0,1.0,1.0,-0.0010094783501699,6.972404875682514e-09,0.0010094714816659,-0.0173185411840677,0.0,0.0,0.0,-0.0082693360745906,60.0,5.884008407592773,-0.0,-6.947900033082989e-08,0.0,282.9992980957031,284.4533386230469,290.2752380371094,291.35028076171875,293.1499938964844,293.1499938964844,278.1499938964844,0.0,18000.0,313.1499938964844,0.0,18000.0,0.0,0.0,0.0,0.0,0.0,0.0,0.0,0.0,0.0,-0.0,-0.0,0.0,-5.2805772432836115e-21,-2.6402886216418057e-21,-2.6402886216418057e-21,0.0,0.0,-0.0,0.0,0.0,0.0,-0.0,0.0,0.0,0.0,0.0,0.0,4.0,0.0,0.0
12255360,298.76324462890625,303.1499938964844,285.1499938964844,0.0,-0.0,285.2147827148437,0.0,0.0,9.473109093960376e-05,298.79010009765625,303.1499938964844,285.1499938964844,0.0,-0.0,285.2152709960937,0.0,0.0,9.975665307138117e-05,299.3955383300781,303.1499938964844,285.1499938964844,0.0,-0.0,285.2148132324219,0.0,0.0,7.368007936747745e-05,298.50115966796875,303.1499938964844,285.1499938964844,0.0,-0.0,285.2148132324219,0.0,0.0,9.975641296477988e-05,298.55712890625,303.1499938964844,285.1499938964844,0.0,-0.0,285.212646484375,0.0,0.0,0.0004731994413305,285.1847229003906,294.1499938964844,293.2966613769531,285.89532470703125,294.7778625488281,293.488525390625,284.8662109375,0.0,0.0,0.0,0.0,1.0,1.0,-0.001009457046166,6.969907762055527e-09,0.0010094500612467,-0.0173120014369487,0.0,0.0,0.0,-0.008268098346889,60.0,5.860895156860352,-0.0,-6.947605868390383e-08,0.0,282.9992980957031,284.4533386230469,290.2752380371094,291.35028076171875,293.1499938964844,293.1499938964844,278.1499938964844,0.0,18000.0,313.1499938964844,0.0,18000.0,0.0,0.0,0.0,0.0,0.0,0.0,0.0,0.0,0.0,-0.0,-0.0,0.0,-5.2805772432836115e-21,-2.6402886216418057e-21,-2.6402886216418057e-21,0.0,0.0,-0.0,0.0,0.0,0.0,-0.0,0.0,0.0,0.0,0.0,0.0,4.0,0.0,0.0
12255420,298.7626342773437,303.1499938964844,285.1499938964844,0.0,-0.0,285.2114562988281,0.0,0.0,9.47302469285205e-05,298.78924560546875,303.1499938964844,285.1499938964844,0.0,-0.0,285.2119140625,0.0,0.0,9.97557581285946e-05,299.3933410644531,303.1499938964844,285.1499938964844,0.0,-0.0,285.21148681640625,0.0,0.0,7.367942453129217e-05,298.50146484375,303.1499938964844,285.1499938964844,0.0,-0.0,285.21148681640625,0.0,0.0,9.975552529795095e-05,298.55743408203125,303.1499938964844,285.1499938964844,0.0,-0.0,285.2093200683594,0.0,0.0,0.0004731952503789,285.1805114746094,294.1499938964844,293.239990234375,285.8694152832031,294.7508850097656,293.4325256347656,284.8752136230469,0.0,0.0,0.0,0.0,1.0,1.0,-0.0010094466852024,6.968699395315525e-09,0.0010094397002831,-0.0173088368028402,0.0,0.0,0.0,-0.0082674995064735,60.0,5.8150715827941895,-0.0,-6.947463759843231e-08,0.0,282.9992980957031,284.4533386230469,290.2752380371094,291.35028076171875,293.1499938964844,293.1499938964844,278.1499938964844,0.0,18000.0,313.1499938964844,0.0,18000.0,0.0,0.0,0.0,0.0,0.0,0.0,0.0,0.0,0.0,-0.0,-0.0,0.0,-5.2805772432836115e-21,-2.6402886216418057e-21,-2.6402886216418057e-21,0.0,0.0,-0.0,0.0,0.0,0.0,-0.0,0.0,0.0,0.0,0.0,0.0,4.0,0.0,0.0
12255480,298.7626342773437,303.1499938964844,285.1499938964844,0.0,-0.0,285.2114562988281,0.0,0.0,9.47302469285205e-05,298.78924560546875,303.1499938964844,285.1499938964844,0.0,-0.0,285.2119140625,0.0,0.0,9.97557581285946e-05,299.3933410644531,303.1499938964844,285.1499938964844,0.0,-0.0,285.21148681640625,0.0,0.0,7.367942453129217e-05,298.50146484375,303.1499938964844,285.1499938964844,0.0,-0.0,285.21148681640625,0.0,0.0,9.975552529795095e-05,298.55743408203125,303.1499938964844,285.1499938964844,0.0,-0.0,285.2093200683594,0.0,0.0,0.0004731952503789,285.1805114746094,294.1499938964844,293.239990234375,285.8694152832031,294.7508850097656,293.4325256347656,284.8752136230469,0.0,0.0,0.0,0.0,1.0,1.0,-0.0010094466852024,6.968699395315525e-09,0.0010094397002831,-0.0173088368028402,0.0,0.0,0.0,-0.0082674995064735,60.0,5.8150715827941895,-0.0,-6.947463759843231e-08,0.0,282.9992980957031,284.4533386230469,290.2752380371094,291.35028076171875,293.1499938964844,293.1499938964844,278.1499938964844,0.0,18000.0,313.1499938964844,0.0,18000.0,0.0,0.0,0.0,0.0,0.0,0.0,0.0,0.0,0.0,-0.0,-0.0,0.0,-5.2805772432836115e-21,-2.6402886216418057e-21,-2.6402886216418057e-21,0.0,0.0,-0.0,0.0,0.0,0.0,-0.0,0.0,0.0,0.0,0.0,0.0,4.0,0.0,0.0
12255540,298.76202392578125,303.1499938964844,285.1499938964844,0.0,-0.0,285.2081298828125,0.0,0.0,9.473288810113444e-05,298.7882995605469,303.1499938964844,285.1499938964844,0.0,-0.0,285.2085876464844,0.0,0.0,9.975853754440324e-05,299.3910827636719,303.1499938964844,285.1499938964844,0.0,-0.0,285.2081604003906,0.0,0.0,7.368147635133937e-05,298.5018920898437,303.1499938964844,285.1499938964844,0.0,-0.0,285.2081604003906,0.0,0.0,9.975830471375956e-05,298.5577392578125,303.1499938964844,285.1499938964844,0.0,-0.0,285.2060546875,0.0,0.0,0.0004732084926217,285.17633056640625,294.1499938964844,293.1833190917969,285.8437805175781,294.7233581542969,293.3763427734375,284.8838806152344,0.0,0.0,0.0,0.0,1.0,1.0,-0.0010094734607264,6.971833776958647e-09,0.0010094664758071,-0.017317047342658,0.0,0.0,0.0,-0.008269052952528,60.0,5.769738674163818,-0.0,-6.94783253152309e-08,0.0,282.9992980957031,284.4533386230469,290.2752380371094,291.35028076171875,293.1499938964844,293.1499938964844,278.1499938964844,0.0,18000.0,313.1499938964844,0.0,18000.0,0.0,0.0,0.0,0.0,0.0,0.0,0.0,0.0,0.0,-0.0,-0.0,0.0,-5.2805772432836115e-21,-2.6402886216418057e-21,-2.6402886216418057e-21,0.0,0.0,-0.0,0.0,0.0,0.0,-0.0,0.0,0.0,0.0,0.0,0.0,4.0,0.0,0.0
12255600,298.76202392578125,303.1499938964844,285.1499938964844,0.0,-0.0,285.2081298828125,0.0,0.0,9.473288810113444e-05,298.7882995605469,303.1499938964844,285.1499938964844,0.0,-0.0,285.2085876464844,0.0,0.0,9.975853754440324e-05,299.3910827636719,303.1499938964844,285.1499938964844,0.0,-0.0,285.2081604003906,0.0,0.0,7.368147635133937e-05,298.5018920898437,303.1499938964844,285.1499938964844,0.0,-0.0,285.2081604003906,0.0,0.0,9.975830471375956e-05,298.5577392578125,303.1499938964844,285.1499938964844,0.0,-0.0,285.2060546875,0.0,0.0,0.0004732084926217,285.17633056640625,294.1499938964844,293.1833190917969,285.8437805175781,294.7233581542969,293.3763427734375,284.8838806152344,0.0,0.0,0.0,0.0,1.0,1.0,-0.0010094734607264,6.971833776958647e-09,0.0010094664758071,-0.017317047342658,0.0,0.0,0.0,-0.008269052952528,60.0,5.769738674163818,-0.0,-6.94783253152309e-08,0.0,282.9992980957031,284.4533386230469,290.2752380371094,291.35028076171875,293.1499938964844,293.1499938964844,278.1499938964844,0.0,18000.0,313.1499938964844,0.0,18000.0,0.0,0.0,0.0,0.0,0.0,0.0,0.0,0.0,0.0,-0.0,-0.0,0.0,-5.2805772432836115e-21,-2.6402886216418057e-21,-2.6402886216418057e-21,0.0,0.0,-0.0,0.0,0.0,0.0,-0.0,0.0,0.0,0.0,0.0,0.0,4.0,0.0,0.0
12255660,298.76141357421875,303.1499938964844,285.1499938964844,0.0,-0.0,285.2048645019531,0.0,0.0,9.473821410210805e-05,298.78729248046875,303.1499938964844,285.1499938964844,0.0,-0.0,285.205322265625,0.0,0.0,9.976414003176616e-05,299.3887939453125,303.1499938964844,285.1499938964844,0.0,-0.0,285.2048645019531,0.0,0.0,7.368560909526423e-05,298.50244140625,303.1499938964844,285.1499938964844,0.0,-0.0,285.20489501953125,0.0,0.0,9.97639144770801e-05,298.5580139160156,303.1499938964844,285.1499938964844,0.0,-0.0,285.2027893066406,0.0,0.0,0.0004732350935228,285.1722412109375,294.1499938964844,293.1266784667969,285.8183898925781,294.6953125,293.32000732421875,284.8922119140625,0.0,0.0,0.0,0.0,1.0,1.0,-0.0010095288744196,6.978313038530359e-09,0.0010095218895003,-0.0173340179026126,0.0,0.0,0.0,-0.0082722650840878,60.0,5.724832057952881,-0.0,-6.948595654421298e-08,0.0,282.9992980957031,284.4533386230469,290.2752380371094,291.35028076171875,293.1499938964844,293.1499938964844,278.1499938964844,0.0,18000.0,313.1499938964844,0.0,18000.0,0.0,0.0,0.0,0.0,0.0,0.0,0.0,0.0,0.0,-0.0,-0.0,0.0,-5.2805772432836115e-21,-2.6402886216418057e-21,-2.6402886216418057e-21,0.0,0.0,-0.0,0.0,0.0,0.0,-0.0,0.0,0.0,0.0,0.0,0.0,4.0,0.0,0.0
12255720,298.76141357421875,303.1499938964844,285.1499938964844,0.0,-0.0,285.2048645019531,0.0,0.0,9.473821410210805e-05,298.78729248046875,303.1499938964844,285.1499938964844,0.0,-0.0,285.205322265625,0.0,0.0,9.976414003176616e-05,299.3887939453125,303.1499938964844,285.1499938964844,0.0,-0.0,285.2048645019531,0.0,0.0,7.368560909526423e-05,298.50244140625,303.1499938964844,285.1499938964844,0.0,-0.0,285.20489501953125,0.0,0.0,9.97639144770801e-05,298.5580139160156,303.1499938964844,285.1499938964844,0.0,-0.0,285.2027893066406,0.0,0.0,0.0004732350935228,285.1722412109375,294.1499938964844,293.1266784667969,285.8183898925781,294.6953125,293.32000732421875,284.8922119140625,0.0,0.0,0.0,0.0,1.0,1.0,-0.0010095288744196,6.978313038530359e-09,0.0010095218895003,-0.0173340179026126,0.0,0.0,0.0,-0.0082722650840878,60.0,5.724832057952881,-0.0,-6.948595654421298e-08,0.0,282.9992980957031,284.4533386230469,290.2752380371094,291.35028076171875,293.1499938964844,293.1499938964844,278.1499938964844,0.0,18000.0,313.1499938964844,0.0,18000.0,0.0,0.0,0.0,0.0,0.0,0.0,0.0,0.0,0.0,-0.0,-0.0,0.0,-5.2805772432836115e-21,-2.6402886216418057e-21,-2.6402886216418057e-21,0.0,0.0,-0.0,0.0,0.0,0.0,-0.0,0.0,0.0,0.0,0.0,0.0,4.0,0.0,0.0
12255780,298.7608337402344,303.1499938964844,285.1499938964844,0.0,-0.0,285.2015991210937,0.0,0.0,9.474501712247728e-05,298.7862548828125,303.1499938964844,285.1499938964844,0.0,-0.0,285.2020568847656,0.0,0.0,9.977130685001612e-05,299.3864440917969,303.1499938964844,285.1499938964844,0.0,-0.0,285.2016296386719,0.0,0.0,7.369089871644974e-05,298.5030822753906,303.1499938964844,285.1499938964844,0.0,-0.0,285.2016296386719,0.0,0.0,9.977108129533008e-05,298.55828857421875,303.1499938964844,285.1499938964844,0.0,-0.0,285.1995544433594,0.0,0.0,0.0004732691159006,285.1681823730469,294.1499938964844,293.07000732421875,285.7931823730469,294.666748046875,293.2635498046875,284.9002380371094,0.0,0.0,0.0,0.0,1.0,1.0,-0.0010096001205965,6.986640599393468e-09,0.0010095931356772,-0.0173558294773101,0.0,0.0,0.0,-0.0082763936370611,60.0,5.680272579193115,-0.0,-6.949576203396647e-08,0.0,282.9992980957031,284.4533386230469,290.2752380371094,291.35028076171875,293.1499938964844,293.1499938964844,278.1499938964844,0.0,18000.0,313.1499938964844,0.0,18000.0,0.0,0.0,0.0,0.0,0.0,0.0,0.0,0.0,0.0,-0.0,-0.0,0.0,-5.2805772432836115e-21,-2.6402886216418057e-21,-2.6402886216418057e-21,0.0,0.0,-0.0,0.0,0.0,0.0,-0.0,0.0,0.0,0.0,0.0,0.0,4.0,0.0,0.0
12255840,298.7608337402344,303.1499938964844,285.1499938964844,0.0,-0.0,285.2015991210937,0.0,0.0,9.474501712247728e-05,298.7862548828125,303.1499938964844,285.1499938964844,0.0,-0.0,285.2020568847656,0.0,0.0,9.977130685001612e-05,299.3864440917969,303.1499938964844,285.1499938964844,0.0,-0.0,285.2016296386719,0.0,0.0,7.369089871644974e-05,298.5030822753906,303.1499938964844,285.1499938964844,0.0,-0.0,285.2016296386719,0.0,0.0,9.977108129533008e-05,298.55828857421875,303.1499938964844,285.1499938964844,0.0,-0.0,285.1995544433594,0.0,0.0,0.0004732691159006,285.1681823730469,294.1499938964844,293.07000732421875,285.7931823730469,294.666748046875,293.2635498046875,284.9002380371094,0.0,0.0,0.0,0.0,1.0,1.0,-0.0010096001205965,6.986640599393468e-09,0.0010095931356772,-0.0173558294773101,0.0,0.0,0.0,-0.0082763936370611,60.0,5.680272579193115,-0.0,-6.949576203396647e-08,0.0,282.9992980957031,284.4533386230469,290.2752380371094,291.35028076171875,293.1499938964844,293.1499938964844,278.1499938964844,0.0,18000.0,313.1499938964844,0.0,18000.0,0.0,0.0,0.0,0.0,0.0,0.0,0.0,0.0,0.0,-0.0,-0.0,0.0,-5.2805772432836115e-21,-2.6402886216418057e-21,-2.6402886216418057e-21,0.0,0.0,-0.0,0.0,0.0,0.0,-0.0,0.0,0.0,0.0,0.0,0.0,4.0,0.0,0.0
12255900,298.7605285644531,303.1499938964844,285.1499938964844,0.0,-0.0,285.1999816894531,0.0,0.0,9.474789840169252e-05,298.78570556640625,303.1499938964844,285.1499938964844,0.0,-0.0,285.200439453125,0.0,0.0,9.977434092434125e-05,299.3852844238281,303.1499938964844,285.1499938964844,0.0,-0.0,285.20001220703125,0.0,0.0,7.36931397113949e-05,298.5034484863281,303.1499938964844,285.1499938964844,0.0,-0.0,285.20001220703125,0.0,0.0,9.97741153696552e-05,298.5584411621094,303.1499938964844,285.1499938964844,0.0,-0.0,285.1979675292969,0.0,0.0,0.0004732835514005,285.1661682128906,294.1499938964844,293.0416564941406,285.7806701660156,294.6522521972656,293.2352600097656,284.9041442871094,0.0,0.0,0.0,0.0,1.0,1.0,-0.0010096301557496,6.99015734184627e-09,0.0010096231708303,-0.0173650421202182,0.0,0.0,0.0,-0.0082781370729208,60.0,5.658084869384766,-0.0,-6.949989739268858e-08,0.0,282.9992980957031,284.4533386230469,290.2752380371094,291.35028076171875,293.1499938964844,293.1499938964844,278.1499938964844,0.0,18000.0,313.1499938964844,0.0,18000.0,0.0,0.0,0.0,0.0,0.0,0.0,0.0,0.0,0.0,-0.0,-0.0,0.0,-5.2805772432836115e-21,-2.6402886216418057e-21,-2.6402886216418057e-21,0.0,0.0,-0.0,0.0,0.0,0.0,-0.0,0.0,0.0,0.0,0.0,0.0,4.0,0.0,0.0
12255960,298.76025390625,303.1499938964844,285.1499938964844,0.0,-0.0,285.1983642578125,0.0,0.0,9.474944818066432e-05,298.7851257324219,303.1499938964844,285.1499938964844,0.0,-0.0,285.1988220214844,0.0,0.0,9.97759707388468e-05,299.38409423828125,303.1499938964844,285.1499938964844,0.0,-0.0,285.1983947753906,0.0,0.0,7.369434024440125e-05,298.5038146972656,303.1499938964844,285.1499938964844,0.0,-0.0,285.1983947753906,0.0,0.0,9.977574518416076e-05,298.5585632324219,303.1499938964844,285.1499938964844,0.0,-0.0,285.1963806152344,0.0,0.0,0.0004732912930194,285.1641845703125,294.1499938964844,293.0133361816406,285.7681579589844,294.6376647949219,293.2069396972656,284.9079895019531,0.0,0.0,0.0,0.0,1.0,1.0,-0.0010096459882333,6.992009637940555e-09,0.001009639003314,-0.0173698924481868,0.0,0.0,0.0,-0.0082790553569793,60.0,5.635908126831055,-0.0,-6.950207875888736e-08,0.0,282.9992980957031,284.4533386230469,290.2752380371094,291.35028076171875,293.1499938964844,293.1499938964844,278.1499938964844,0.0,18000.0,313.1499938964844,0.0,18000.0,0.0,0.0,0.0,0.0,0.0,0.0,0.0,0.0,0.0,-0.0,-0.0,0.0,-5.2805772432836115e-21,-2.6402886216418057e-21,-2.6402886216418057e-21,0.0,0.0,-0.0,0.0,0.0,0.0,-0.0,0.0,0.0,0.0,0.0,0.0,4.0,0.0,0.0
12256020,298.7597045898437,303.1499938964844,285.1499938964844,0.0,-0.0,285.1951904296875,0.0,0.0,9.474641410633922e-05,298.78399658203125,303.1499938964844,285.1499938964844,0.0,-0.0,285.19561767578125,0.0,0.0,9.977276931749655e-05,299.3816833496094,303.1499938964844,285.1499938964844,0.0,-0.0,285.1952209472656,0.0,0.0,7.369197555817664e-05,298.504638671875,303.1499938964844,285.1499938964844,0.0,-0.0,285.1952209472656,0.0,0.0,9.977255103876814e-05,298.558837890625,303.1499938964844,285.1499938964844,0.0,-0.0,285.1932067871094,0.0,0.0,0.0004732761299237,285.1602478027344,294.1499938964844,292.9566650390625,285.7433166503906,294.60809326171875,293.1503295898437,284.9154663085937,0.0,0.0,0.0,0.0,1.0,1.0,-0.0010096124606207,6.988079004344172e-09,0.0010096054757013,-0.017359597608447,0.0,0.0,0.0,-0.0082771070301532,60.0,5.591445446014404,-0.0,-6.949745312567758e-08,0.0,282.9992980957031,284.4533386230469,290.2752380371094,291.35028076171875,293.1499938964844,293.1499938964844,278.1499938964844,0.0,18000.0,313.1499938964844,0.0,18000.0,0.0,0.0,0.0,0.0,0.0,0.0,0.0,0.0,0.0,-0.0,-0.0,0.0,-5.2805772432836115e-21,-2.6402886216418057e-21,-2.6402886216418057e-21,0.0,0.0,-0.0,0.0,0.0,0.0,-0.0,0.0,0.0,0.0,0.0,0.0,4.0,0.0,0.0
12256080,298.7597045898437,303.1499938964844,285.1499938964844,0.0,-0.0,285.1951904296875,0.0,0.0,9.474641410633922e-05,298.78399658203125,303.1499938964844,285.1499938964844,0.0,-0.0,285.19561767578125,0.0,0.0,9.977276931749655e-05,299.3816833496094,303.1499938964844,285.1499938964844,0.0,-0.0,285.1952209472656,0.0,0.0,7.369197555817664e-05,298.504638671875,303.1499938964844,285.1499938964844,0.0,-0.0,285.1952209472656,0.0,0.0,9.977255103876814e-05,298.558837890625,303.1499938964844,285.1499938964844,0.0,-0.0,285.1932067871094,0.0,0.0,0.0004732761299237,285.1602478027344,294.1499938964844,292.9566650390625,285.7433166503906,294.60809326171875,293.1503295898437,284.9154663085937,0.0,0.0,0.0,0.0,1.0,1.0,-0.0010096124606207,6.988079004344172e-09,0.0010096054757013,-0.017359597608447,0.0,0.0,0.0,-0.0082771070301532,60.0,5.591445446014404,-0.0,-6.949745312567758e-08,0.0,282.9992980957031,284.4533386230469,290.2752380371094,291.35028076171875,293.1499938964844,293.1499938964844,278.1499938964844,0.0,18000.0,313.1499938964844,0.0,18000.0,0.0,0.0,0.0,0.0,0.0,0.0,0.0,0.0,0.0,-0.0,-0.0,0.0,-5.2805772432836115e-21,-2.6402886216418057e-21,-2.6402886216418057e-21,0.0,0.0,-0.0,0.0,0.0,0.0,-0.0,0.0,0.0,0.0,0.0,0.0,4.0,0.0,0.0
12256140,298.7591552734375,303.1499938964844,285.1499938964844,0.0,-0.0,285.1920471191406,0.0,0.0,9.47324515436776e-05,298.7828369140625,303.1499938964844,285.1499938964844,0.0,-0.0,285.1924743652344,0.0,0.0,9.97580646071583e-05,299.3792419433594,303.1499938964844,285.1499938964844,0.0,-0.0,285.1920471191406,0.0,0.0,7.368111255345866e-05,298.5055236816406,303.1499938964844,285.1499938964844,0.0,-0.0,285.19207763671875,0.0,0.0,9.975784632842988e-05,298.55908203125,303.1499938964844,285.1499938964844,0.0,-0.0,285.1900634765625,0.0,0.0,0.0004732064262498,285.1564025878906,294.1499938964844,292.8999938964844,285.7185974121094,294.5780334472656,293.09381103515625,284.9226989746094,0.0,0.0,0.0,0.0,1.0,1.0,-0.0010094625176861,6.970536592376675e-09,0.0010094555327668,-0.0173136480152606,0.0,0.0,0.0,-0.0082684103399515,60.0,5.546633720397949,-0.0,-6.947679764834902e-08,0.0,282.9992980957031,284.4533386230469,290.2752380371094,291.35028076171875,293.1499938964844,293.1499938964844,278.1499938964844,0.0,18000.0,313.1499938964844,0.0,18000.0,0.0,0.0,0.0,0.0,0.0,0.0,0.0,0.0,0.0,-0.0,-0.0,0.0,-5.2805772432836115e-21,-2.6402886216418057e-21,-2.6402886216418057e-21,0.0,0.0,-0.0,0.0,0.0,0.0,-0.0,0.0,0.0,0.0,0.0,0.0,4.0,0.0,0.0
12256200,298.7591552734375,303.1499938964844,285.1499938964844,0.0,-0.0,285.1920471191406,0.0,0.0,9.47324515436776e-05,298.7828369140625,303.1499938964844,285.1499938964844,0.0,-0.0,285.1924743652344,0.0,0.0,9.97580646071583e-05,299.3792419433594,303.1499938964844,285.1499938964844,0.0,-0.0,285.1920471191406,0.0,0.0,7.368111255345866e-05,298.5055236816406,303.1499938964844,285.1499938964844,0.0,-0.0,285.19207763671875,0.0,0.0,9.975784632842988e-05,298.55908203125,303.1499938964844,285.1499938964844,0.0,-0.0,285.1900634765625,0.0,0.0,0.0004732064262498,285.1564025878906,294.1499938964844,292.8999938964844,285.7185974121094,294.5780334472656,293.09381103515625,284.9226989746094,0.0,0.0,0.0,0.0,1.0,1.0,-0.0010094625176861,6.970536592376675e-09,0.0010094555327668,-0.0173136480152606,0.0,0.0,0.0,-0.0082684103399515,60.0,5.546633720397949,-0.0,-6.947679764834902e-08,0.0,282.9992980957031,284.4533386230469,290.2752380371094,291.35028076171875,293.1499938964844,293.1499938964844,278.1499938964844,0.0,18000.0,313.1499938964844,0.0,18000.0,0.0,0.0,0.0,0.0,0.0,0.0,0.0,0.0,0.0,-0.0,-0.0,0.0,-5.2805772432836115e-21,-2.6402886216418057e-21,-2.6402886216418057e-21,0.0,0.0,-0.0,0.0,0.0,0.0,-0.0,0.0,0.0,0.0,0.0,0.0,4.0,0.0,0.0
12256260,298.7586364746094,303.1499938964844,285.1499938964844,0.0,-0.0,285.1889343261719,0.0,0.0,9.470569057157265e-05,298.7816162109375,303.1499938964844,285.1499938964844,0.0,-0.0,285.1893615722656,0.0,0.0,9.972987754736096e-05,299.3768005371094,303.1499938964844,285.1499938964844,0.0,-0.0,285.1889343261719,0.0,0.0,7.366029603872448e-05,298.5064697265625,303.1499938964844,285.1499938964844,0.0,-0.0,285.18896484375,0.0,0.0,9.972966654459016e-05,298.5593566894531,303.1499938964844,285.1499938964844,0.0,-0.0,285.1869812011719,0.0,0.0,0.0004730727523565,285.152587890625,294.1499938964844,292.84332275390625,285.6940002441406,294.5475158691406,293.0374450683594,284.9297180175781,0.0,0.0,0.0,0.0,1.0,1.0,-0.0010091760195791,6.937042051902153e-09,0.0010091691510751,-0.0172259155660867,0.0,0.0,0.0,-0.0082518057897686,60.0,5.501315116882324,-0.0,-6.943737673736905e-08,0.0,282.9992980957031,284.4533386230469,290.2752380371094,291.35028076171875,293.1499938964844,293.1499938964844,278.1499938964844,0.0,18000.0,313.1499938964844,0.0,18000.0,0.0,0.0,0.0,0.0,0.0,0.0,0.0,0.0,0.0,-0.0,-0.0,0.0,-5.2805772432836115e-21,-2.6402886216418057e-21,-2.6402886216418057e-21,0.0,0.0,-0.0,0.0,0.0,0.0,-0.0,0.0,0.0,0.0,0.0,0.0,4.0,0.0,0.0
12256320,298.7586364746094,303.1499938964844,285.1499938964844,0.0,-0.0,285.1889343261719,0.0,0.0,9.470569057157265e-05,298.7816162109375,303.1499938964844,285.1499938964844,0.0,-0.0,285.1893615722656,0.0,0.0,9.972987754736096e-05,299.3768005371094,303.1499938964844,285.1499938964844,0.0,-0.0,285.1889343261719,0.0,0.0,7.366029603872448e-05,298.5064697265625,303.1499938964844,285.1499938964844,0.0,-0.0,285.18896484375,0.0,0.0,9.972966654459016e-05,298.5593566894531,303.1499938964844,285.1499938964844,0.0,-0.0,285.1869812011719,0.0,0.0,0.0004730727523565,285.152587890625,294.1499938964844,292.84332275390625,285.6940002441406,294.5475158691406,293.0374450683594,284.9297180175781,0.0,0.0,0.0,0.0,1.0,1.0,-0.0010091760195791,6.937042051902153e-09,0.0010091691510751,-0.0172259155660867,0.0,0.0,0.0,-0.0082518057897686,60.0,5.501315116882324,-0.0,-6.943737673736905e-08,0.0,282.9992980957031,284.4533386230469,290.2752380371094,291.35028076171875,293.1499938964844,293.1499938964844,278.1499938964844,0.0,18000.0,313.1499938964844,0.0,18000.0,0.0,0.0,0.0,0.0,0.0,0.0,0.0,0.0,0.0,-0.0,-0.0,0.0,-5.2805772432836115e-21,-2.6402886216418057e-21,-2.6402886216418057e-21,0.0,0.0,-0.0,0.0,0.0,0.0,-0.0,0.0,0.0,0.0,0.0,0.0,4.0,0.0,0.0
12256380,298.75811767578125,303.1499938964844,285.1499938964844,0.0,-0.0,285.18585205078125,0.0,0.0,9.46658183238469e-05,298.78033447265625,303.1499938964844,285.1499938964844,0.0,-0.0,285.186279296875,0.0,0.0,9.96878879959695e-05,299.37432861328125,303.1499938964844,285.1499938964844,0.0,-0.0,285.18585205078125,0.0,0.0,7.362927863141522e-05,298.5074157714844,303.1499938964844,285.1499938964844,0.0,-0.0,285.1858825683594,0.0,0.0,9.968767699319868e-05,298.55963134765625,303.1499938964844,285.1499938964844,0.0,-0.0,285.1839294433594,0.0,0.0,0.0004728736239485,285.1488647460937,294.1499938964844,292.7866516113281,285.66949462890625,294.5165405273437,292.9813232421875,284.9364929199219,0.0,0.0,0.0,0.0,1.0,1.0,-0.0010087500559166,6.887217018913816e-09,0.0010087430709972,-0.0170954074710607,0.0,0.0,0.0,-0.0082271052524447,60.0,5.455431938171387,-0.0,-6.937874985624148e-08,0.0,282.9992980957031,284.4533386230469,290.2752380371094,291.35028076171875,293.1499938964844,293.1499938964844,278.1499938964844,0.0,18000.0,313.1499938964844,0.0,18000.0,0.0,0.0,0.0,0.0,0.0,0.0,0.0,0.0,0.0,-0.0,-0.0,0.0,-5.2805772432836115e-21,-2.6402886216418057e-21,-2.6402886216418057e-21,0.0,0.0,-0.0,0.0,0.0,0.0,-0.0,0.0,0.0,0.0,0.0,0.0,4.0,0.0,0.0
12256440,298.75811767578125,303.1499938964844,285.1499938964844,0.0,-0.0,285.18585205078125,0.0,0.0,9.46658183238469e-05,298.78033447265625,303.1499938964844,285.1499938964844,0.0,-0.0,285.186279296875,0.0,0.0,9.96878879959695e-05,299.37432861328125,303.1499938964844,285.1499938964844,0.0,-0.0,285.18585205078125,0.0,0.0,7.362927863141522e-05,298.5074157714844,303.1499938964844,285.1499938964844,0.0,-0.0,285.1858825683594,0.0,0.0,9.968767699319868e-05,298.55963134765625,303.1499938964844,285.1499938964844,0.0,-0.0,285.1839294433594,0.0,0.0,0.0004728736239485,285.1488647460937,294.1499938964844,292.7866516113281,285.66949462890625,294.5165405273437,292.9813232421875,284.9364929199219,0.0,0.0,0.0,0.0,1.0,1.0,-0.0010087500559166,6.887217018913816e-09,0.0010087430709972,-0.0170954074710607,0.0,0.0,0.0,-0.0082271052524447,60.0,5.455431938171387,-0.0,-6.937874985624148e-08,0.0,282.9992980957031,284.4533386230469,290.2752380371094,291.35028076171875,293.1499938964844,293.1499938964844,278.1499938964844,0.0,18000.0,313.1499938964844,0.0,18000.0,0.0,0.0,0.0,0.0,0.0,0.0,0.0,0.0,0.0,-0.0,-0.0,0.0,-5.2805772432836115e-21,-2.6402886216418057e-21,-2.6402886216418057e-21,0.0,0.0,-0.0,0.0,0.0,0.0,-0.0,0.0,0.0,0.0,0.0,0.0,4.0,0.0,0.0
12256500,298.75787353515625,303.1499938964844,285.1499938964844,0.0,-0.0,285.184326171875,0.0,0.0,9.464112372370435e-05,298.7796630859375,303.1499938964844,285.1499938964844,0.0,-0.0,285.18475341796875,0.0,0.0,9.96618837234564e-05,299.3730773925781,303.1499938964844,285.1499938964844,0.0,-0.0,285.1843566894531,0.0,0.0,7.361007010331377e-05,298.50787353515625,303.1499938964844,285.1499938964844,0.0,-0.0,285.1843566894531,0.0,0.0,9.96616727206856e-05,298.5597839355469,303.1499938964844,285.1499938964844,0.0,-0.0,285.18243408203125,0.0,0.0,0.000472750281915,285.1470031738281,294.1499938964844,292.7583312988281,285.6572570800781,294.5008544921875,292.9533996582031,284.9397888183594,0.0,0.0,0.0,0.0,1.0,1.0,-0.0010084862587973,6.856380352360247e-09,0.0010084793902933,-0.0170146357268095,0.0,0.0,0.0,-0.008211818523705,60.0,5.432267189025879,-0.0,-6.93424837550083e-08,0.0,282.9992980957031,284.4533386230469,290.2752380371094,291.35028076171875,293.1499938964844,293.1499938964844,278.1499938964844,0.0,18000.0,313.1499938964844,0.0,18000.0,0.0,0.0,0.0,0.0,0.0,0.0,0.0,0.0,0.0,-0.0,-0.0,0.0,-5.2805772432836115e-21,-2.6402886216418057e-21,-2.6402886216418057e-21,0.0,0.0,-0.0,0.0,0.0,0.0,-0.0,0.0,0.0,0.0,0.0,0.0,4.0,0.0,0.0
12256560,298.75762939453125,303.1499938964844,285.1499938964844,0.0,-0.0,285.18280029296875,0.0,0.0,9.46137952269055e-05,298.7790222167969,303.1499938964844,285.1499938964844,0.0,-0.0,285.1832275390625,0.0,0.0,9.963310731109232e-05,299.3718566894531,303.1499938964844,285.1499938964844,0.0,-0.0,285.1828308105469,0.0,0.0,7.358881703112274e-05,298.5083312988281,303.1499938964844,285.1499938964844,0.0,-0.0,285.1828308105469,0.0,0.0,9.96328963083215e-05,298.5599060058594,303.1499938964844,285.1499938964844,0.0,-0.0,285.180908203125,0.0,0.0,0.0004726137849502,285.14520263671875,294.1499938964844,292.7300109863281,285.6450500488281,294.4850769042969,292.9255676269531,284.94305419921875,0.0,0.0,0.0,0.0,1.0,1.0,-0.0010081945220008,6.822257869742998e-09,0.0010081877699121,-0.0169252585619688,0.0,0.0,0.0,-0.0081949029117822,60.0,5.4089860916137695,-0.0,-6.930235940671994e-08,0.0,282.9992980957031,284.4533386230469,290.2752380371094,291.35028076171875,293.1499938964844,293.1499938964844,278.1499938964844,0.0,18000.0,313.1499938964844,0.0,18000.0,0.0,0.0,0.0,0.0,0.0,0.0,0.0,0.0,0.0,-0.0,-0.0,0.0,-5.2805772432836115e-21,-2.6402886216418057e-21,-2.6402886216418057e-21,0.0,0.0,-0.0,0.0,0.0,0.0,-0.0,0.0,0.0,0.0,0.0,0.0,4.0,0.0,0.0
12256620,298.757080078125,303.1499938964844,285.1499938964844,0.0,-0.0,285.1798095703125,0.0,0.0,9.455185499973596e-05,298.77764892578125,303.1499938964844,285.1499938964844,0.0,-0.0,285.18023681640625,0.0,0.0,9.956787835108116e-05,299.36932373046875,303.1499938964844,285.1499938964844,0.0,-0.0,285.1798400878906,0.0,0.0,7.354063563980162e-05,298.5092468261719,303.1499938964844,285.1499938964844,0.0,-0.0,285.1798400878906,0.0,0.0,9.956766734831036e-05,298.5601806640625,303.1499938964844,285.1499938964844,0.0,-0.0,285.1779479980469,0.0,0.0,0.0004723044112324,285.1416015625,294.1499938964844,292.67333984375,285.6206359863281,294.4532165527344,292.8701171875,284.949462890625,0.0,0.0,0.0,0.0,1.0,1.0,-0.0010075332829728,6.7449406060404735e-09,0.0010075265308842,-0.016722735017538,0.0,0.0,0.0,-0.0081565733999013,60.0,5.362115383148193,-0.0,-6.92114809908162e-08,0.0,282.9992980957031,284.4533386230469,290.2752380371094,291.35028076171875,293.1499938964844,293.1499938964844,278.1499938964844,0.0,18000.0,313.1499938964844,0.0,18000.0,0.0,0.0,0.0,0.0,0.0,0.0,0.0,0.0,0.0,-0.0,-0.0,0.0,-5.2805772432836115e-21,-2.6402886216418057e-21,-2.6402886216418057e-21,0.0,0.0,-0.0,0.0,0.0,0.0,-0.0,0.0,0.0,0.0,0.0,0.0,4.0,0.0,0.0
12256680,298.757080078125,303.1499938964844,285.1499938964844,0.0,-0.0,285.1798095703125,0.0,0.0,9.455185499973596e-05,298.77764892578125,303.1499938964844,285.1499938964844,0.0,-0.0,285.18023681640625,0.0,0.0,9.956787835108116e-05,299.36932373046875,303.1499938964844,285.1499938964844,0.0,-0.0,285.1798400878906,0.0,0.0,7.354063563980162e-05,298.5092468261719,303.1499938964844,285.1499938964844,0.0,-0.0,285.1798400878906,0.0,0.0,9.956766734831036e-05,298.5601806640625,303.1499938964844,285.1499938964844,0.0,-0.0,285.1779479980469,0.0,0.0,0.0004723044112324,285.1416015625,294.1499938964844,292.67333984375,285.6206359863281,294.4532165527344,292.8701171875,284.949462890625,0.0,0.0,0.0,0.0,1.0,1.0,-0.0010075332829728,6.7449406060404735e-09,0.0010075265308842,-0.016722735017538,0.0,0.0,0.0,-0.0081565733999013,60.0,5.362115383148193,-0.0,-6.92114809908162e-08,0.0,282.9992980957031,284.4533386230469,290.2752380371094,291.35028076171875,293.1499938964844,293.1499938964844,278.1499938964844,0.0,18000.0,313.1499938964844,0.0,18000.0,0.0,0.0,0.0,0.0,0.0,0.0,0.0,0.0,0.0,-0.0,-0.0,0.0,-5.2805772432836115e-21,-2.6402886216418057e-21,-2.6402886216418057e-21,0.0,0.0,-0.0,0.0,0.0,0.0,-0.0,0.0,0.0,0.0,0.0,0.0,4.0,0.0,0.0
12256740,298.75653076171875,303.1499938964844,285.1499938964844,0.0,-0.0,285.1768493652344,0.0,0.0,9.448258060729132e-05,298.7762145996094,303.1499938964844,285.1499938964844,0.0,-0.0,285.1772766113281,0.0,0.0,9.949492960004136e-05,299.3668212890625,303.1499938964844,285.1499938964844,0.0,-0.0,285.1768798828125,0.0,0.0,7.348674989771098e-05,298.5101013183594,303.1499938964844,285.1499938964844,0.0,-0.0,285.1768798828125,0.0,0.0,9.949471859727056e-05,298.5604553222656,303.1499938964844,285.1499938964844,0.0,-0.0,285.1750183105469,0.0,0.0,0.0004719583957921,285.1380615234375,294.1499938964844,292.6166687011719,285.59625244140625,294.4208984375,292.8150634765625,284.9556579589844,0.0,0.0,0.0,0.0,1.0,1.0,-0.0010067940456792,6.658487983202121e-09,0.0010067872935906,-0.01649628020823,0.0,0.0,0.0,-0.0081137148663401,60.0,5.314924716949463,-0.0,-6.910994443387608e-08,0.0,282.9992980957031,284.4533386230469,290.2752380371094,291.35028076171875,293.1499938964844,293.1499938964844,278.1499938964844,0.0,18000.0,313.1499938964844,0.0,18000.0,0.0,0.0,0.0,0.0,0.0,0.0,0.0,0.0,0.0,-0.0,-0.0,0.0,-5.2805772432836115e-21,-2.6402886216418057e-21,-2.6402886216418057e-21,0.0,0.0,-0.0,0.0,0.0,0.0,-0.0,0.0,0.0,0.0,0.0,0.0,4.0,0.0,0.0
12256800,298.75653076171875,303.1499938964844,285.1499938964844,0.0,-0.0,285.1768493652344,0.0,0.0,9.448258060729132e-05,298.7762145996094,303.1499938964844,285.1499938964844,0.0,-0.0,285.1772766113281,0.0,0.0,9.949492960004136e-05,299.3668212890625,303.1499938964844,285.1499938964844,0.0,-0.0,285.1768798828125,0.0,0.0,7.348674989771098e-05,298.5101013183594,303.1499938964844,285.1499938964844,0.0,-0.0,285.1768798828125,0.0,0.0,9.949471859727056e-05,298.5604553222656,303.1499938964844,285.1499938964844,0.0,-0.0,285.1750183105469,0.0,0.0,0.0004719583957921,285.1380615234375,294.1499938964844,292.6166687011719,285.59625244140625,294.4208984375,292.8150634765625,284.9556579589844,0.0,0.0,0.0,0.0,1.0,1.0,-0.0010067940456792,6.658487983202121e-09,0.0010067872935906,-0.01649628020823,0.0,0.0,0.0,-0.0081137148663401,60.0,5.314924716949463,-0.0,-6.910994443387608e-08,0.0,282.9992980957031,284.4533386230469,290.2752380371094,291.35028076171875,293.1499938964844,293.1499938964844,278.1499938964844,0.0,18000.0,313.1499938964844,0.0,18000.0,0.0,0.0,0.0,0.0,0.0,0.0,0.0,0.0,0.0,-0.0,-0.0,0.0,-5.2805772432836115e-21,-2.6402886216418057e-21,-2.6402886216418057e-21,0.0,0.0,-0.0,0.0,0.0,0.0,-0.0,0.0,0.0,0.0,0.0,0.0,4.0,0.0,0.0
12256860,298.7559509277344,303.1499938964844,285.1499938964844,0.0,-0.0,285.1739501953125,0.0,0.0,9.440925350645556e-05,298.7747497558594,303.1499938964844,285.1499938964844,0.0,-0.0,285.1743469238281,0.0,0.0,9.941770986188204e-05,299.3642578125,303.1499938964844,285.1499938964844,0.0,-0.0,285.1739501953125,0.0,0.0,7.34297136659734e-05,298.5108947753906,303.1499938964844,285.1499938964844,0.0,-0.0,285.1739807128906,0.0,0.0,9.941750613506883e-05,298.5606994628906,303.1499938964844,285.1499938964844,0.0,-0.0,285.172119140625,0.0,0.0,0.0004715921240858,285.1346130371094,294.1499938964844,292.5599975585937,285.5718688964844,294.38818359375,292.7603454589844,284.9617004394531,0.0,0.0,0.0,0.0,1.0,1.0,-0.0010060115018859,6.566986954226195e-09,0.0010060048662126,-0.0162566006183624,0.0,0.0,0.0,-0.0080683538690209,60.0,5.26759147644043,-0.0,-6.90025530047933e-08,0.0,282.9992980957031,284.4533386230469,290.2752380371094,291.35028076171875,293.1499938964844,293.1499938964844,278.1499938964844,0.0,18000.0,313.1499938964844,0.0,18000.0,0.0,0.0,0.0,0.0,0.0,0.0,0.0,0.0,0.0,-0.0,-0.0,0.0,-5.2805772432836115e-21,-2.6402886216418057e-21,-2.6402886216418057e-21,0.0,0.0,-0.0,0.0,0.0,0.0,-0.0,0.0,0.0,0.0,0.0,0.0,4.0,0.0,0.0
12256920,298.7559509277344,303.1499938964844,285.1499938964844,0.0,-0.0,285.1739501953125,0.0,0.0,9.440925350645556e-05,298.7747497558594,303.1499938964844,285.1499938964844,0.0,-0.0,285.1743469238281,0.0,0.0,9.941770986188204e-05,299.3642578125,303.1499938964844,285.1499938964844,0.0,-0.0,285.1739501953125,0.0,0.0,7.34297136659734e-05,298.5108947753906,303.1499938964844,285.1499938964844,0.0,-0.0,285.1739807128906,0.0,0.0,9.941750613506883e-05,298.5606994628906,303.1499938964844,285.1499938964844,0.0,-0.0,285.172119140625,0.0,0.0,0.0004715921240858,285.1346130371094,294.1499938964844,292.5599975585937,285.5718688964844,294.38818359375,292.7603454589844,284.9617004394531,0.0,0.0,0.0,0.0,1.0,1.0,-0.0010060115018859,6.566986954226195e-09,0.0010060048662126,-0.0162566006183624,0.0,0.0,0.0,-0.0080683538690209,60.0,5.26759147644043,-0.0,-6.90025530047933e-08,0.0,282.9992980957031,284.4533386230469,290.2752380371094,291.35028076171875,293.1499938964844,293.1499938964844,278.1499938964844,0.0,18000.0,313.1499938964844,0.0,18000.0,0.0,0.0,0.0,0.0,0.0,0.0,0.0,0.0,0.0,-0.0,-0.0,0.0,-5.2805772432836115e-21,-2.6402886216418057e-21,-2.6402886216418057e-21,0.0,0.0,-0.0,0.0,0.0,0.0,-0.0,0.0,0.0,0.0,0.0,0.0,4.0,0.0,0.0
12256980,298.7552795410156,303.1499938964844,285.1499938964844,0.0,-0.0,285.17108154296875,0.0,0.0,9.433531522518024e-05,298.77325439453125,303.1499938964844,285.1499938964844,0.0,-0.0,285.1714782714844,0.0,0.0,9.933984256349504e-05,299.3616943359375,303.1499938964844,285.1499938964844,0.0,-0.0,285.17108154296875,0.0,0.0,7.337220449699089e-05,298.5115966796875,303.1499938964844,285.1499938964844,0.0,-0.0,285.1711120605469,0.0,0.0,9.933963883668184e-05,298.5609130859375,303.1499938964844,285.1499938964844,0.0,-0.0,285.1692810058594,0.0,0.0,0.0004712227964773,285.1312255859375,294.1499938964844,292.5033264160156,285.5474548339844,294.3550720214844,292.7059020996094,284.9675598144531,0.0,0.0,0.0,0.0,1.0,1.0,-0.0010052224388346,6.4747238681661665e-09,0.0010052159195765,-0.0160149205476045,0.0,0.0,0.0,-0.0080226156860589,60.0,5.220298767089844,-0.0,-6.889435866241912e-08,0.0,282.9992980957031,284.4533386230469,290.2752380371094,291.35028076171875,293.1499938964844,293.1499938964844,278.1499938964844,0.0,18000.0,313.1499938964844,0.0,18000.0,0.0,0.0,0.0,0.0,0.0,0.0,0.0,0.0,0.0,-0.0,-0.0,0.0,-5.2805772432836115e-21,-2.6402886216418057e-21,-2.6402886216418057e-21,0.0,0.0,-0.0,0.0,0.0,0.0,-0.0,0.0,0.0,0.0,0.0,0.0,4.0,0.0,0.0
12257040,298.7552795410156,303.1499938964844,285.1499938964844,0.0,-0.0,285.17108154296875,0.0,0.0,9.433531522518024e-05,298.77325439453125,303.1499938964844,285.1499938964844,0.0,-0.0,285.1714782714844,0.0,0.0,9.933984256349504e-05,299.3616943359375,303.1499938964844,285.1499938964844,0.0,-0.0,285.17108154296875,0.0,0.0,7.337220449699089e-05,298.5115966796875,303.1499938964844,285.1499938964844,0.0,-0.0,285.1711120605469,0.0,0.0,9.933963883668184e-05,298.5609130859375,303.1499938964844,285.1499938964844,0.0,-0.0,285.1692810058594,0.0,0.0,0.0004712227964773,285.1312255859375,294.1499938964844,292.5033264160156,285.5474548339844,294.3550720214844,292.7059020996094,284.9675598144531,0.0,0.0,0.0,0.0,1.0,1.0,-0.0010052224388346,6.4747238681661665e-09,0.0010052159195765,-0.0160149205476045,0.0,0.0,0.0,-0.0080226156860589,60.0,5.220298767089844,-0.0,-6.889435866241912e-08,0.0,282.9992980957031,284.4533386230469,290.2752380371094,291.35028076171875,293.1499938964844,293.1499938964844,278.1499938964844,0.0,18000.0,313.1499938964844,0.0,18000.0,0.0,0.0,0.0,0.0,0.0,0.0,0.0,0.0,0.0,-0.0,-0.0,0.0,-5.2805772432836115e-21,-2.6402886216418057e-21,-2.6402886216418057e-21,0.0,0.0,-0.0,0.0,0.0,0.0,-0.0,0.0,0.0,0.0,0.0,0.0,4.0,0.0,0.0
12257100,298.7549133300781,303.1499938964844,285.1499938964844,0.0,-0.0,285.1696472167969,0.0,0.0,9.429935744265094e-05,298.7724914550781,303.1499938964844,285.1499938964844,0.0,-0.0,285.1700439453125,0.0,0.0,9.930197120411322e-05,299.3603820800781,303.1499938964844,285.1499938964844,0.0,-0.0,285.169677734375,0.0,0.0,7.334423571592197e-05,298.51190185546875,303.1499938964844,285.1499938964844,0.0,-0.0,285.169677734375,0.0,0.0,9.930177475325765e-05,298.56103515625,303.1499938964844,285.1499938964844,0.0,-0.0,285.1678771972656,0.0,0.0,0.0004710431967396,285.1295471191406,294.1499938964844,292.4750061035156,285.53521728515625,294.3383483886719,292.67877197265625,284.970458984375,0.0,0.0,0.0,0.0,1.0,1.0,-0.0010048387339338,6.429854426670545e-09,0.0010048323310911,-0.015897387638688,0.0,0.0,0.0,-0.0080003719776868,60.0,5.196734428405762,-0.0,-6.88417713945455e-08,0.0,282.9992980957031,284.4533386230469,290.2752380371094,291.35028076171875,293.1499938964844,293.1499938964844,278.1499938964844,0.0,18000.0,313.1499938964844,0.0,18000.0,0.0,0.0,0.0,0.0,0.0,0.0,0.0,0.0,0.0,-0.0,-0.0,0.0,-5.2805772432836115e-21,-2.6402886216418057e-21,-2.6402886216418057e-21,0.0,0.0,-0.0,0.0,0.0,0.0,-0.0,0.0,0.0,0.0,0.0,0.0,4.0,0.0,0.0
12257160,298.7545471191406,303.1499938964844,285.1499938964844,0.0,-0.0,285.1682434082031,0.0,0.0,9.42643018788658e-05,298.7716979980469,303.1499938964844,285.1499938964844,0.0,-0.0,285.16864013671875,0.0,0.0,9.926506027113646e-05,299.35906982421875,303.1499938964844,285.1499938964844,0.0,-0.0,285.16827392578125,0.0,0.0,7.331696542678401e-05,298.5121765136719,303.1499938964844,285.1499938964844,0.0,-0.0,285.16827392578125,0.0,0.0,9.926486382028088e-05,298.5611267089844,303.1499938964844,285.1499938964844,0.0,-0.0,285.1664733886719,0.0,0.0,0.0004708681080956,285.1278991699219,294.1499938964844,292.4466552734375,285.5229797363281,294.3215637207031,292.65167236328125,284.9732971191406,0.0,0.0,0.0,0.0,1.0,1.0,-0.0010044645750895,6.3861089749650546e-09,0.0010044581722468,-0.0157827958464622,0.0,0.0,0.0,-0.0079786852002143,60.0,5.173238277435303,-0.0,-6.879051994701514e-08,0.0,282.9992980957031,284.4533386230469,290.2752380371094,291.35028076171875,293.1499938964844,293.1499938964844,278.1499938964844,0.0,18000.0,313.1499938964844,0.0,18000.0,0.0,0.0,0.0,0.0,0.0,0.0,0.0,0.0,0.0,-0.0,-0.0,0.0,-5.2805772432836115e-21,-2.6402886216418057e-21,-2.6402886216418057e-21,0.0,0.0,-0.0,0.0,0.0,0.0,-0.0,0.0,0.0,0.0,0.0,0.0,4.0,0.0,0.0
12257220,298.7536926269531,303.1499938964844,285.1499938964844,0.0,-0.0,285.1654663085937,0.0,0.0,9.419957495993005e-05,298.7701110839844,303.1499938964844,285.1499938964844,0.0,-0.0,285.1658630371094,0.0,0.0,9.91968991002068e-05,299.3564453125,303.1499938964844,285.1499938964844,0.0,-0.0,285.1654663085937,0.0,0.0,7.326662307605147e-05,298.5126342773437,303.1499938964844,285.1499938964844,0.0,-0.0,285.1654968261719,0.0,0.0,9.91967026493512e-05,298.561279296875,303.1499938964844,285.1499938964844,0.0,-0.0,285.1636962890625,0.0,0.0,0.000470544793643,285.1246643066406,294.1499938964844,292.3900146484375,285.4984436035156,294.28765869140625,292.5975952148437,284.9788818359375,0.0,0.0,0.0,0.0,1.0,1.0,-0.0010037737665697,6.305331812228587e-09,0.0010037674801424,-0.015571198426187,0.0,0.0,0.0,-0.007938640192151,60.0,5.126575469970703,-0.0,-6.869593249803074e-08,0.0,282.9992980957031,284.4533386230469,290.2752380371094,291.35028076171875,293.1499938964844,293.1499938964844,278.1499938964844,0.0,18000.0,313.1499938964844,0.0,18000.0,0.0,0.0,0.0,0.0,0.0,0.0,0.0,0.0,0.0,-0.0,-0.0,0.0,-5.2805772432836115e-21,-2.6402886216418057e-21,-2.6402886216418057e-21,0.0,0.0,-0.0,0.0,0.0,0.0,-0.0,0.0,0.0,0.0,0.0,0.0,4.0,0.0,0.0
12257280,298.7536926269531,303.1499938964844,285.1499938964844,0.0,-0.0,285.1654663085937,0.0,0.0,9.419957495993005e-05,298.7701110839844,303.1499938964844,285.1499938964844,0.0,-0.0,285.1658630371094,0.0,0.0,9.91968991002068e-05,299.3564453125,303.1499938964844,285.1499938964844,0.0,-0.0,285.1654663085937,0.0,0.0,7.326662307605147e-05,298.5126342773437,303.1499938964844,285.1499938964844,0.0,-0.0,285.1654968261719,0.0,0.0,9.91967026493512e-05,298.561279296875,303.1499938964844,285.1499938964844,0.0,-0.0,285.1636962890625,0.0,0.0,0.000470544793643,285.1246643066406,294.1499938964844,292.3900146484375,285.4984436035156,294.28765869140625,292.5975952148437,284.9788818359375,0.0,0.0,0.0,0.0,1.0,1.0,-0.0010037737665697,6.305331812228587e-09,0.0010037674801424,-0.015571198426187,0.0,0.0,0.0,-0.007938640192151,60.0,5.126575469970703,-0.0,-6.869593249803074e-08,0.0,282.9992980957031,284.4533386230469,290.2752380371094,291.35028076171875,293.1499938964844,293.1499938964844,278.1499938964844,0.0,18000.0,313.1499938964844,0.0,18000.0,0.0,0.0,0.0,0.0,0.0,0.0,0.0,0.0,0.0,-0.0,-0.0,0.0,-5.2805772432836115e-21,-2.6402886216418057e-21,-2.6402886216418057e-21,0.0,0.0,-0.0,0.0,0.0,0.0,-0.0,0.0,0.0,0.0,0.0,0.0,4.0,0.0,0.0
12257340,298.752685546875,303.1499938964844,285.1499938964844,0.0,-0.0,285.1627197265625,0.0,0.0,9.41445177886635e-05,298.7684631347656,303.1499938964844,285.1499938964844,0.0,-0.0,285.1631164550781,0.0,0.0,9.913891699397936e-05,299.353759765625,303.1499938964844,285.1499938964844,0.0,-0.0,285.1627502441406,0.0,0.0,7.322378951357678e-05,298.512939453125,303.1499938964844,285.1499938964844,0.0,-0.0,285.1627502441406,0.0,0.0,9.913872054312378e-05,298.5613708496094,303.1499938964844,285.1499938964844,0.0,-0.0,285.1609802246094,0.0,0.0,0.000470269791549,285.1214599609375,294.1499938964844,292.3333435058594,285.47381591796875,294.2533569335937,292.5435485839844,284.9843444824219,0.0,0.0,0.0,0.0,1.0,1.0,-0.0010031859856098,6.2366014574877235e-09,0.0010031796991825,-0.01539115794003,0.0,0.0,0.0,-0.0079045677557587,60.0,5.080490112304688,-0.0,-6.86154990603427e-08,0.0,282.9992980957031,284.4533386230469,290.2752380371094,291.35028076171875,293.1499938964844,293.1499938964844,278.1499938964844,0.0,18000.0,313.1499938964844,0.0,18000.0,0.0,0.0,0.0,0.0,0.0,0.0,0.0,0.0,0.0,-0.0,-0.0,0.0,-5.2805772432836115e-21,-2.6402886216418057e-21,-2.6402886216418057e-21,0.0,0.0,-0.0,0.0,0.0,0.0,-0.0,0.0,0.0,0.0,0.0,0.0,4.0,0.0,0.0
12257400,298.752685546875,303.1499938964844,285.1499938964844,0.0,-0.0,285.1627197265625,0.0,0.0,9.41445177886635e-05,298.7684631347656,303.1499938964844,285.1499938964844,0.0,-0.0,285.1631164550781,0.0,0.0,9.913891699397936e-05,299.353759765625,303.1499938964844,285.1499938964844,0.0,-0.0,285.1627502441406,0.0,0.0,7.322378951357678e-05,298.512939453125,303.1499938964844,285.1499938964844,0.0,-0.0,285.1627502441406,0.0,0.0,9.913872054312378e-05,298.5613708496094,303.1499938964844,285.1499938964844,0.0,-0.0,285.1609802246094,0.0,0.0,0.000470269791549,285.1214599609375,294.1499938964844,292.3333435058594,285.47381591796875,294.2533569335937,292.5435485839844,284.9843444824219,0.0,0.0,0.0,0.0,1.0,1.0,-0.0010031859856098,6.2366014574877235e-09,0.0010031796991825,-0.01539115794003,0.0,0.0,0.0,-0.0079045677557587,60.0,5.080490112304688,-0.0,-6.86154990603427e-08,0.0,282.9992980957031,284.4533386230469,290.2752380371094,291.35028076171875,293.1499938964844,293.1499938964844,278.1499938964844,0.0,18000.0,313.1499938964844,0.0,18000.0,0.0,0.0,0.0,0.0,0.0,0.0,0.0,0.0,0.0,-0.0,-0.0,0.0,-5.2805772432836115e-21,-2.6402886216418057e-21,-2.6402886216418057e-21,0.0,0.0,-0.0,0.0,0.0,0.0,-0.0,0.0,0.0,0.0,0.0,0.0,4.0,0.0,0.0
12257460,298.75152587890625,303.1499938964844,285.1499938964844,0.0,-0.0,285.1600036621094,0.0,0.0,9.410209895577282e-05,298.7667541503906,303.1499938964844,285.1499938964844,0.0,-0.0,285.160400390625,0.0,0.0,9.909424261422828e-05,299.3510437011719,303.1499938964844,285.1499938964844,0.0,-0.0,285.1600341796875,0.0,0.0,7.319080032175407e-05,298.5130615234375,303.1499938964844,285.1499938964844,0.0,-0.0,285.1600341796875,0.0,0.0,9.909405343933032e-05,298.5614013671875,303.1499938964844,285.1499938964844,0.0,-0.0,285.1582946777344,0.0,0.0,0.0004700579156633,285.11834716796875,294.1499938964844,292.27667236328125,285.4490966796875,294.2187194824219,292.4894104003906,284.9896850585937,0.0,0.0,0.0,0.0,1.0,1.0,-0.001002732780762,6.183622058841821e-09,0.0010027266107499,-0.0152523750439286,0.0,0.0,0.0,-0.0078783025965094,60.0,5.035116672515869,-0.0,-6.855353262835706e-08,0.0,282.9992980957031,284.4533386230469,290.2752380371094,291.35028076171875,293.1499938964844,293.1499938964844,278.1499938964844,0.0,18000.0,313.1499938964844,0.0,18000.0,0.0,0.0,0.0,0.0,0.0,0.0,0.0,0.0,0.0,-0.0,-0.0,0.0,-5.2805772432836115e-21,-2.6402886216418057e-21,-2.6402886216418057e-21,0.0,0.0,-0.0,0.0,0.0,0.0,-0.0,0.0,0.0,0.0,0.0,0.0,4.0,0.0,0.0
12257520,298.75152587890625,303.1499938964844,285.1499938964844,0.0,-0.0,285.1600036621094,0.0,0.0,9.410209895577282e-05,298.7667541503906,303.1499938964844,285.1499938964844,0.0,-0.0,285.160400390625,0.0,0.0,9.909424261422828e-05,299.3510437011719,303.1499938964844,285.1499938964844,0.0,-0.0,285.1600341796875,0.0,0.0,7.319080032175407e-05,298.5130615234375,303.1499938964844,285.1499938964844,0.0,-0.0,285.1600341796875,0.0,0.0,9.909405343933032e-05,298.5614013671875,303.1499938964844,285.1499938964844,0.0,-0.0,285.1582946777344,0.0,0.0,0.0004700579156633,285.11834716796875,294.1499938964844,292.27667236328125,285.4490966796875,294.2187194824219,292.4894104003906,284.9896850585937,0.0,0.0,0.0,0.0,1.0,1.0,-0.001002732780762,6.183622058841821e-09,0.0010027266107499,-0.0152523750439286,0.0,0.0,0.0,-0.0078783025965094,60.0,5.035116672515869,-0.0,-6.855353262835706e-08,0.0,282.9992980957031,284.4533386230469,290.2752380371094,291.35028076171875,293.1499938964844,293.1499938964844,278.1499938964844,0.0,18000.0,313.1499938964844,0.0,18000.0,0.0,0.0,0.0,0.0,0.0,0.0,0.0,0.0,0.0,-0.0,-0.0,0.0,-5.2805772432836115e-21,-2.6402886216418057e-21,-2.6402886216418057e-21,0.0,0.0,-0.0,0.0,0.0,0.0,-0.0,0.0,0.0,0.0,0.0,0.0,4.0,0.0,0.0
12257580,298.7501525878906,303.1499938964844,285.1499938964844,0.0,-0.0,285.1573486328125,0.0,0.0,9.40761310630478e-05,298.7649841308594,303.1499938964844,285.1499938964844,0.0,-0.0,285.1577453613281,0.0,0.0,9.906689228955656e-05,299.3482666015625,303.1499938964844,285.1499938964844,0.0,-0.0,285.1573791503906,0.0,0.0,7.317059498745948e-05,298.5130310058594,303.1499938964844,285.1499938964844,0.0,-0.0,285.1573791503906,0.0,0.0,9.90667103906162e-05,298.56134033203125,303.1499938964844,285.1499938964844,0.0,-0.0,285.1556701660156,0.0,0.0,0.0004699282289948,285.1153259277344,294.1499938964844,292.2200012207031,285.4242248535156,294.18365478515625,292.43505859375,284.9949035644531,0.0,0.0,0.0,0.0,1.0,1.0,-0.0010024550138041,6.1511409299441774e-09,0.001002448843792,-0.0151672875508666,0.0,0.0,0.0,-0.0078622000291943,60.0,4.990678787231445,-0.0,-6.851556122455804e-08,0.0,282.9992980957031,284.4533386230469,290.2752380371094,291.35028076171875,293.1499938964844,293.1499938964844,278.1499938964844,0.0,18000.0,313.1499938964844,0.0,18000.0,0.0,0.0,0.0,0.0,0.0,0.0,0.0,0.0,0.0,-0.0,-0.0,0.0,-5.2805772432836115e-21,-2.6402886216418057e-21,-2.6402886216418057e-21,0.0,0.0,-0.0,0.0,0.0,0.0,-0.0,0.0,0.0,0.0,0.0,0.0,4.0,0.0,0.0
12257640,298.7501525878906,303.1499938964844,285.1499938964844,0.0,-0.0,285.1573486328125,0.0,0.0,9.40761310630478e-05,298.7649841308594,303.1499938964844,285.1499938964844,0.0,-0.0,285.1577453613281,0.0,0.0,9.906689228955656e-05,299.3482666015625,303.1499938964844,285.1499938964844,0.0,-0.0,285.1573791503906,0.0,0.0,7.317059498745948e-05,298.5130310058594,303.1499938964844,285.1499938964844,0.0,-0.0,285.1573791503906,0.0,0.0,9.90667103906162e-05,298.56134033203125,303.1499938964844,285.1499938964844,0.0,-0.0,285.1556701660156,0.0,0.0,0.0004699282289948,285.1153259277344,294.1499938964844,292.2200012207031,285.4242248535156,294.18365478515625,292.43505859375,284.9949035644531,0.0,0.0,0.0,0.0,1.0,1.0,-0.0010024550138041,6.1511409299441774e-09,0.001002448843792,-0.0151672875508666,0.0,0.0,0.0,-0.0078622000291943,60.0,4.990678787231445,-0.0,-6.851556122455804e-08,0.0,282.9992980957031,284.4533386230469,290.2752380371094,291.35028076171875,293.1499938964844,293.1499938964844,278.1499938964844,0.0,18000.0,313.1499938964844,0.0,18000.0,0.0,0.0,0.0,0.0,0.0,0.0,0.0,0.0,0.0,-0.0,-0.0,0.0,-5.2805772432836115e-21,-2.6402886216418057e-21,-2.6402886216418057e-21,0.0,0.0,-0.0,0.0,0.0,0.0,-0.0,0.0,0.0,0.0,0.0,0.0,4.0,0.0,0.0
12257700,298.7493896484375,303.1499938964844,285.1499938964844,0.0,-0.0,285.1560363769531,0.0,0.0,9.406916797161102e-05,298.7640686035156,303.1499938964844,285.1499938964844,0.0,-0.0,285.15643310546875,0.0,0.0,9.905956540023908e-05,299.34686279296875,303.1499938964844,285.1499938964844,0.0,-0.0,285.15606689453125,0.0,0.0,7.316518167499453e-05,298.512939453125,303.1499938964844,285.1499938964844,0.0,-0.0,285.15606689453125,0.0,0.0,9.905937622534112e-05,298.561279296875,303.1499938964844,285.1499938964844,0.0,-0.0,285.1543884277344,0.0,0.0,0.0004698934790212,285.11383056640625,294.1499938964844,292.1916809082031,285.4117126464844,294.1659851074219,292.40777587890625,284.9974670410156,0.0,0.0,0.0,0.0,1.0,1.0,-0.0010023802751675,6.142406139275636e-09,0.0010023741051554,-0.0151444068178534,0.0,0.0,0.0,-0.0078578703105449,60.0,4.968785762786865,-0.0,-6.850535072544518e-08,0.0,282.9992980957031,284.4533386230469,290.2752380371094,291.35028076171875,293.1499938964844,293.1499938964844,278.1499938964844,0.0,18000.0,313.1499938964844,0.0,18000.0,0.0,0.0,0.0,0.0,0.0,0.0,0.0,0.0,0.0,-0.0,-0.0,0.0,-5.2805772432836115e-21,-2.6402886216418057e-21,-2.6402886216418057e-21,0.0,0.0,-0.0,0.0,0.0,0.0,-0.0,0.0,0.0,0.0,0.0,0.0,4.0,0.0,0.0
12257760,298.7485656738281,303.1499938964844,285.1499938964844,0.0,-0.0,285.1547546386719,0.0,0.0,9.40685422392562e-05,298.7631530761719,303.1499938964844,285.1499938964844,0.0,-0.0,285.1551208496094,0.0,0.0,9.905889601213858e-05,299.3454284667969,303.1499938964844,285.1499938964844,0.0,-0.0,285.15478515625,0.0,0.0,7.316468690987676e-05,298.5128173828125,303.1499938964844,285.1499938964844,0.0,-0.0,285.15478515625,0.0,0.0,9.905871411319822e-05,298.5611877441406,303.1499938964844,285.1499938964844,0.0,-0.0,285.153076171875,0.0,0.0,0.0004698903358075,285.1123352050781,294.1499938964844,292.163330078125,285.3992004394531,294.148193359375,292.3803405761719,285.0,0.0,0.0,0.0,0.0,1.0,1.0,-0.0010023729410022,6.141558817063242e-09,0.0010023667709901,-0.0151421874761581,0.0,0.0,0.0,-0.0078574502840638,60.0,4.947220325469971,-0.0,-6.85043559656151e-08,0.0,282.9992980957031,284.4533386230469,290.2752380371094,291.35028076171875,293.1499938964844,293.1499938964844,278.1499938964844,0.0,18000.0,313.1499938964844,0.0,18000.0,0.0,0.0,0.0,0.0,0.0,0.0,0.0,0.0,0.0,-0.0,-0.0,0.0,-5.2805772432836115e-21,-2.6402886216418057e-21,-2.6402886216418057e-21,0.0,0.0,-0.0,0.0,0.0,0.0,-0.0,0.0,0.0,0.0,0.0,0.0,4.0,0.0,0.0
12257820,298.7467041015625,303.1499938964844,285.1499938964844,0.0,-0.0,285.1521911621094,0.0,0.0,9.408277401234956e-05,298.76129150390625,303.1499938964844,285.1499938964844,0.0,-0.0,285.1525573730469,0.0,0.0,9.90738844848238e-05,299.342529296875,303.1499938964844,285.1499938964844,0.0,-0.0,285.1521911621094,0.0,0.0,7.317575364140794e-05,298.5123596191406,303.1499938964844,285.1499938964844,0.0,-0.0,285.1522216796875,0.0,0.0,9.907370258588344e-05,298.5609436035156,303.1499938964844,285.1499938964844,0.0,-0.0,285.1505432128906,0.0,0.0,0.0004699614364653,285.10943603515625,294.1499938964844,292.1066589355469,285.3739929199219,294.1123962402344,292.3251647949219,285.0050048828125,0.0,0.0,0.0,0.0,1.0,1.0,-0.0010025234660133,6.159170951036685e-09,0.0010025174124166,-0.0151883233338594,0.0,0.0,0.0,-0.0078661805018782,60.0,4.904889106750488,-0.0,-6.852494749409743e-08,0.0,282.9992980957031,284.4533386230469,290.2752380371094,291.35028076171875,293.1499938964844,293.1499938964844,278.1499938964844,0.0,18000.0,313.1499938964844,0.0,18000.0,0.0,0.0,0.0,0.0,0.0,0.0,0.0,0.0,0.0,-0.0,-0.0,0.0,-5.2805772432836115e-21,-2.6402886216418057e-21,-2.6402886216418057e-21,0.0,0.0,-0.0,0.0,0.0,0.0,-0.0,0.0,0.0,0.0,0.0,0.0,4.0,0.0,0.0
12257880,298.7467041015625,303.1499938964844,285.1499938964844,0.0,-0.0,285.1521911621094,0.0,0.0,9.408277401234956e-05,298.76129150390625,303.1499938964844,285.1499938964844,0.0,-0.0,285.1525573730469,0.0,0.0,9.90738844848238e-05,299.342529296875,303.1499938964844,285.1499938964844,0.0,-0.0,285.1521911621094,0.0,0.0,7.317575364140794e-05,298.5123596191406,303.1499938964844,285.1499938964844,0.0,-0.0,285.1522216796875,0.0,0.0,9.907370258588344e-05,298.5609436035156,303.1499938964844,285.1499938964844,0.0,-0.0,285.1505432128906,0.0,0.0,0.0004699614364653,285.10943603515625,294.1499938964844,292.1066589355469,285.3739929199219,294.1123962402344,292.3251647949219,285.0050048828125,0.0,0.0,0.0,0.0,1.0,1.0,-0.0010025234660133,6.159170951036685e-09,0.0010025174124166,-0.0151883233338594,0.0,0.0,0.0,-0.0078661805018782,60.0,4.904889106750488,-0.0,-6.852494749409743e-08,0.0,282.9992980957031,284.4533386230469,290.2752380371094,291.35028076171875,293.1499938964844,293.1499938964844,278.1499938964844,0.0,18000.0,313.1499938964844,0.0,18000.0,0.0,0.0,0.0,0.0,0.0,0.0,0.0,0.0,0.0,-0.0,-0.0,0.0,-5.2805772432836115e-21,-2.6402886216418057e-21,-2.6402886216418057e-21,0.0,0.0,-0.0,0.0,0.0,0.0,-0.0,0.0,0.0,0.0,0.0,0.0,4.0,0.0,0.0
12257940,298.7445678710937,303.1499938964844,285.1499938964844,0.0,-0.0,285.149658203125,0.0,0.0,9.412300278199837e-05,298.75933837890625,303.1499938964844,285.1499938964844,0.0,-0.0,285.1500244140625,0.0,0.0,9.911624511005356e-05,299.33953857421875,303.1499938964844,285.1499938964844,0.0,-0.0,285.149658203125,0.0,0.0,7.320704025914893e-05,298.5117492675781,303.1499938964844,285.1499938964844,0.0,-0.0,285.1496887207031,0.0,0.0,9.91160632111132e-05,298.5605773925781,303.1499938964844,285.1499938964844,0.0,-0.0,285.1480407714844,0.0,0.0,0.0004701623984146,285.1065979003906,294.1499938964844,292.04998779296875,285.3486022949219,294.0762023925781,292.269287109375,285.0099182128906,0.0,0.0,0.0,0.0,1.0,1.0,-0.0010029510594904,6.209174063798173e-09,0.0010029448894783,-0.0153193091973662,0.0,0.0,0.0,-0.0078909685835242,60.0,4.863855361938477,-0.0,-6.858341805582313e-08,0.0,282.9992980957031,284.4533386230469,290.2752380371094,291.35028076171875,293.1499938964844,293.1499938964844,278.1499938964844,0.0,18000.0,313.1499938964844,0.0,18000.0,0.0,0.0,0.0,0.0,0.0,0.0,0.0,0.0,0.0,-0.0,-0.0,0.0,-5.2805772432836115e-21,-2.6402886216418057e-21,-2.6402886216418057e-21,0.0,0.0,-0.0,0.0,0.0,0.0,-0.0,0.0,0.0,0.0,0.0,0.0,4.0,0.0,0.0
12258000,298.7445678710937,303.1499938964844,285.1499938964844,0.0,-0.0,285.149658203125,0.0,0.0,9.412300278199837e-05,298.75933837890625,303.1499938964844,285.1499938964844,0.0,-0.0,285.1500244140625,0.0,0.0,9.911624511005356e-05,299.33953857421875,303.1499938964844,285.1499938964844,0.0,-0.0,285.149658203125,0.0,0.0,7.320704025914893e-05,298.5117492675781,303.1499938964844,285.1499938964844,0.0,-0.0,285.1496887207031,0.0,0.0,9.91160632111132e-05,298.5605773925781,303.1499938964844,285.1499938964844,0.0,-0.0,285.1480407714844,0.0,0.0,0.0004701623984146,285.1065979003906,294.1499938964844,292.04998779296875,285.3486022949219,294.0762023925781,292.269287109375,285.0099182128906,0.0,0.0,0.0,0.0,1.0,1.0,-0.0010029510594904,6.209174063798173e-09,0.0010029448894783,-0.0153193091973662,0.0,0.0,0.0,-0.0078909685835242,60.0,4.863855361938477,-0.0,-6.858341805582313e-08,0.0,282.9992980957031,284.4533386230469,290.2752380371094,291.35028076171875,293.1499938964844,293.1499938964844,278.1499938964844,0.0,18000.0,313.1499938964844,0.0,18000.0,0.0,0.0,0.0,0.0,0.0,0.0,0.0,0.0,0.0,-0.0,-0.0,0.0,-5.2805772432836115e-21,-2.6402886216418057e-21,-2.6402886216418057e-21,0.0,0.0,-0.0,0.0,0.0,0.0,-0.0,0.0,0.0,0.0,0.0,0.0,4.0,0.0,0.0
12258060,298.7420654296875,303.1499938964844,285.1499938964844,0.0,-0.0,285.14715576171875,0.0,0.0,9.420306014362724e-05,298.75732421875,303.1499938964844,285.1499938964844,0.0,-0.0,285.14752197265625,0.0,0.0,9.92005443549715e-05,299.33648681640625,303.1499938964844,285.1499938964844,0.0,-0.0,285.1471862792969,0.0,0.0,7.326930062845349e-05,298.510986328125,303.1499938964844,285.1499938964844,0.0,-0.0,285.1471862792969,0.0,0.0,9.920036973198876e-05,298.56011962890625,303.1499938964844,285.1499938964844,0.0,-0.0,285.14556884765625,0.0,0.0,0.0004705623432528,285.10382080078125,294.1499938964844,291.9930114746094,285.3231201171875,294.03961181640625,292.2125244140625,285.0147399902344,0.0,0.0,0.0,0.0,1.0,1.0,-0.0010038029868155,6.308807254384874e-09,0.0010037967003881,-0.0155803030356764,0.0,0.0,0.0,-0.0079403603449463,60.0,4.824373245239258,-0.0,-6.869999680247929e-08,0.0,282.9992980957031,284.4533386230469,290.2752380371094,291.35028076171875,293.1499938964844,293.1499938964844,278.1499938964844,0.0,18000.0,313.1499938964844,0.0,18000.0,0.0,0.0,0.0,0.0,0.0,0.0,0.0,0.0,0.0,-0.0,-0.0,0.0,-5.2805772432836115e-21,-2.6402886216418057e-21,-2.6402886216418057e-21,0.0,0.0,-0.0,0.0,0.0,0.0,-0.0,0.0,0.0,0.0,0.0,0.0,4.0,0.0,0.0
12258120,298.7420654296875,303.1499938964844,285.1499938964844,0.0,-0.0,285.14715576171875,0.0,0.0,9.420306014362724e-05,298.75732421875,303.1499938964844,285.1499938964844,0.0,-0.0,285.14752197265625,0.0,0.0,9.92005443549715e-05,299.33648681640625,303.1499938964844,285.1499938964844,0.0,-0.0,285.1471862792969,0.0,0.0,7.326930062845349e-05,298.510986328125,303.1499938964844,285.1499938964844,0.0,-0.0,285.1471862792969,0.0,0.0,9.920036973198876e-05,298.56011962890625,303.1499938964844,285.1499938964844,0.0,-0.0,285.14556884765625,0.0,0.0,0.0004705623432528,285.10382080078125,294.1499938964844,291.9930114746094,285.3231201171875,294.03961181640625,292.2125244140625,285.0147399902344,0.0,0.0,0.0,0.0,1.0,1.0,-0.0010038029868155,6.308807254384874e-09,0.0010037967003881,-0.0155803030356764,0.0,0.0,0.0,-0.0079403603449463,60.0,4.824373245239258,-0.0,-6.869999680247929e-08,0.0,282.9992980957031,284.4533386230469,290.2752380371094,291.35028076171875,293.1499938964844,293.1499938964844,278.1499938964844,0.0,18000.0,313.1499938964844,0.0,18000.0,0.0,0.0,0.0,0.0,0.0,0.0,0.0,0.0,0.0,-0.0,-0.0,0.0,-5.2805772432836115e-21,-2.6402886216418057e-21,-2.6402886216418057e-21,0.0,0.0,-0.0,0.0,0.0,0.0,-0.0,0.0,0.0,0.0,0.0,0.0,4.0,0.0,0.0
12258180,298.7391052246094,303.1499938964844,285.1499938964844,0.0,-0.0,285.14471435546875,0.0,0.0,9.434553066967057e-05,298.7552185058594,303.1499938964844,285.1499938964844,0.0,-0.0,285.14508056640625,0.0,0.0,9.935057460097596e-05,299.3333740234375,303.1499938964844,285.1499938964844,0.0,-0.0,285.1447448730469,0.0,0.0,7.33801134629175e-05,298.51043701171875,303.1499938964844,285.1499938964844,0.0,-0.0,285.1447448730469,0.0,0.0,9.935039997799322e-05,298.5595092773437,303.1499938964844,285.1499938964844,0.0,-0.0,285.14312744140625,0.0,0.0,0.0004712740483228,285.1011047363281,294.1499938964844,291.9354248046875,285.29766845703125,294.00262451171875,292.154296875,285.0194396972656,0.0,0.0,0.0,0.0,1.0,1.0,-0.0010053199948742,6.486212456024987e-09,0.0010053134756162,-0.0160450153052806,0.0,0.0,0.0,-0.0080283069983124,60.0,4.787233352661133,-0.0,-6.890782344726176e-08,0.0,282.9992980957031,284.4533386230469,290.2752380371094,291.35028076171875,293.1499938964844,293.1499938964844,278.1499938964844,0.0,18000.0,313.1499938964844,0.0,18000.0,0.0,0.0,0.0,0.0,0.0,0.0,0.0,0.0,0.0,-0.0,-0.0,0.0,-5.2805772432836115e-21,-2.6402886216418057e-21,-2.6402886216418057e-21,0.0,0.0,-0.0,0.0,0.0,0.0,-0.0,0.0,0.0,0.0,0.0,0.0,4.0,0.0,0.0
12258240,298.7391052246094,303.1499938964844,285.1499938964844,0.0,-0.0,285.14471435546875,0.0,0.0,9.434553066967057e-05,298.7552185058594,303.1499938964844,285.1499938964844,0.0,-0.0,285.14508056640625,0.0,0.0,9.935057460097596e-05,299.3333740234375,303.1499938964844,285.1499938964844,0.0,-0.0,285.1447448730469,0.0,0.0,7.33801134629175e-05,298.51043701171875,303.1499938964844,285.1499938964844,0.0,-0.0,285.1447448730469,0.0,0.0,9.935039997799322e-05,298.5595092773437,303.1499938964844,285.1499938964844,0.0,-0.0,285.14312744140625,0.0,0.0,0.0004712740483228,285.1011047363281,294.1499938964844,291.9354248046875,285.29766845703125,294.00262451171875,292.154296875,285.0194396972656,0.0,0.0,0.0,0.0,1.0,1.0,-0.0010053199948742,6.486212456024987e-09,0.0010053134756162,-0.0160450153052806,0.0,0.0,0.0,-0.0080283069983124,60.0,4.787233352661133,-0.0,-6.890782344726176e-08,0.0,282.9992980957031,284.4533386230469,290.2752380371094,291.35028076171875,293.1499938964844,293.1499938964844,278.1499938964844,0.0,18000.0,313.1499938964844,0.0,18000.0,0.0,0.0,0.0,0.0,0.0,0.0,0.0,0.0,0.0,-0.0,-0.0,0.0,-5.2805772432836115e-21,-2.6402886216418057e-21,-2.6402886216418057e-21,0.0,0.0,-0.0,0.0,0.0,0.0,-0.0,0.0,0.0,0.0,0.0,0.0,4.0,0.0,0.0
12258300,298.7374267578125,303.1499938964844,285.1499938964844,0.0,-0.0,285.1435241699219,0.0,0.0,9.443822636967524e-05,298.754150390625,303.1499938964844,285.1499938964844,0.0,-0.0,285.14385986328125,0.0,0.0,9.944818884832785e-05,299.3317565917969,303.1499938964844,285.1499938964844,0.0,-0.0,285.1435241699219,0.0,0.0,7.345221092691645e-05,298.5102844238281,303.1499938964844,285.1499938964844,0.0,-0.0,285.1435241699219,0.0,0.0,9.94480142253451e-05,298.55914306640625,303.1499938964844,285.1499938964844,0.0,-0.0,285.1419372558594,0.0,0.0,0.0004717370611615,285.0997619628906,294.1499938964844,291.90643310546875,285.28497314453125,293.9839782714844,292.12451171875,285.02178955078125,0.0,0.0,0.0,0.0,1.0,1.0,-0.001006307080388,6.6016476729657825e-09,0.0010063004447147,-0.0163473915308713,0.0,0.0,0.0,-0.0080855330452322,60.0,4.769608020782471,-0.0,-6.904322447098822e-08,0.0,282.9992980957031,284.4533386230469,290.2752380371094,291.35028076171875,293.1499938964844,293.1499938964844,278.1499938964844,0.0,18000.0,313.1499938964844,0.0,18000.0,0.0,0.0,0.0,0.0,0.0,0.0,0.0,0.0,0.0,-0.0,-0.0,0.0,-5.2805772432836115e-21,-2.6402886216418057e-21,-2.6402886216418057e-21,0.0,0.0,-0.0,0.0,0.0,0.0,-0.0,0.0,0.0,0.0,0.0,0.0,4.0,0.0,0.0
12258360,298.73565673828125,303.1499938964844,285.1499938964844,0.0,-0.0,285.1423034667969,0.0,0.0,9.454764949623495e-05,298.7530517578125,303.1499938964844,285.1499938964844,0.0,-0.0,285.1426696777344,0.0,0.0,9.956341091310604e-05,299.33013916015625,303.1499938964844,285.1499938964844,0.0,-0.0,285.142333984375,0.0,0.0,7.353731052717194e-05,298.51025390625,303.1499938964844,285.1499938964844,0.0,-0.0,285.142333984375,0.0,0.0,9.956323629012331e-05,298.55877685546875,303.1499938964844,285.1499938964844,0.0,-0.0,285.1407470703125,0.0,0.0,0.0004722836602013,285.09844970703125,294.1499938964844,291.8772888183594,285.27227783203125,293.9652099609375,292.09423828125,285.0240783691406,0.0,0.0,0.0,0.0,1.0,1.0,-0.0010074723977595,6.737926216970891e-09,0.0010074656456708,-0.016704361885786,0.0,0.0,0.0,-0.0081530911847949,60.0,4.7526164054870605,-0.0,-6.920324580050874e-08,0.0,282.9992980957031,284.4533386230469,290.2752380371094,291.35028076171875,293.1499938964844,293.1499938964844,278.1499938964844,0.0,18000.0,313.1499938964844,0.0,18000.0,0.0,0.0,0.0,0.0,0.0,0.0,0.0,0.0,0.0,-0.0,-0.0,0.0,-5.2805772432836115e-21,-2.6402886216418057e-21,-2.6402886216418057e-21,0.0,0.0,-0.0,0.0,0.0,0.0,-0.0,0.0,0.0,0.0,0.0,0.0,4.0,0.0,0.0
12258420,298.73175048828125,303.1499938964844,285.1499938964844,0.0,-0.0,285.1399230957031,0.0,0.0,9.481460438109934e-05,298.7508239746094,303.1499938964844,285.1499938964844,0.0,-0.0,285.1402893066406,0.0,0.0,9.984452481148764e-05,299.32684326171875,303.1499938964844,285.1499938964844,0.0,-0.0,285.13995361328125,0.0,0.0,7.374494452960789e-05,298.51055908203125,303.1499938964844,285.1499938964844,0.0,-0.0,285.13995361328125,0.0,0.0,9.98443501885049e-05,298.5579528808594,303.1499938964844,285.1499938964844,0.0,-0.0,285.1383972167969,0.0,0.0,0.000473617168609,285.0958557128906,294.1499938964844,291.8187255859375,285.2469482421875,293.9273376464844,292.0321044921875,285.0286560058594,0.0,0.0,0.0,0.0,1.0,1.0,-0.0010103157255798,7.070432239686397e-09,0.0010103087406605,-0.017575304955244,0.0,0.0,0.0,-0.0083179278299212,60.0,4.720612525939941,-0.0,-6.959444931453619e-08,0.0,282.9992980957031,284.4533386230469,290.2752380371094,291.35028076171875,293.1499938964844,293.1499938964844,278.1499938964844,0.0,18000.0,313.1499938964844,0.0,18000.0,0.0,0.0,0.0,0.0,0.0,0.0,0.0,0.0,0.0,-0.0,-0.0,0.0,-5.2805772432836115e-21,-2.6402886216418057e-21,-2.6402886216418057e-21,0.0,0.0,-0.0,0.0,0.0,0.0,-0.0,0.0,0.0,0.0,0.0,0.0,4.0,0.0,0.0
12258480,298.73175048828125,303.1499938964844,285.1499938964844,0.0,-0.0,285.1399230957031,0.0,0.0,9.481460438109934e-05,298.7508239746094,303.1499938964844,285.1499938964844,0.0,-0.0,285.1402893066406,0.0,0.0,9.984452481148764e-05,299.32684326171875,303.1499938964844,285.1499938964844,0.0,-0.0,285.13995361328125,0.0,0.0,7.374494452960789e-05,298.51055908203125,303.1499938964844,285.1499938964844,0.0,-0.0,285.13995361328125,0.0,0.0,9.98443501885049e-05,298.5579528808594,303.1499938964844,285.1499938964844,0.0,-0.0,285.1383972167969,0.0,0.0,0.000473617168609,285.0958557128906,294.1499938964844,291.8187255859375,285.2469482421875,293.9273376464844,292.0321044921875,285.0286560058594,0.0,0.0,0.0,0.0,1.0,1.0,-0.0010103157255798,7.070432239686397e-09,0.0010103087406605,-0.017575304955244,0.0,0.0,0.0,-0.0083179278299212,60.0,4.720612525939941,-0.0,-6.959444931453619e-08,0.0,282.9992980957031,284.4533386230469,290.2752380371094,291.35028076171875,293.1499938964844,293.1499938964844,278.1499938964844,0.0,18000.0,313.1499938964844,0.0,18000.0,0.0,0.0,0.0,0.0,0.0,0.0,0.0,0.0,0.0,-0.0,-0.0,0.0,-5.2805772432836115e-21,-2.6402886216418057e-21,-2.6402886216418057e-21,0.0,0.0,-0.0,0.0,0.0,0.0,-0.0,0.0,0.0,0.0,0.0,0.0,4.0,0.0,0.0
12258540,298.72735595703125,303.1499938964844,285.1499938964844,0.0,-0.0,285.1376037597656,0.0,0.0,9.514552948530763e-05,298.74853515625,303.1499938964844,285.1499938964844,0.0,-0.0,285.137939453125,0.0,0.0,0.0001001930068014,299.323486328125,303.1499938964844,285.1499938964844,0.0,-0.0,285.1376342773437,0.0,0.0,7.400232425425202e-05,298.5115051269531,303.1499938964844,285.1499938964844,0.0,-0.0,285.1376342773437,0.0,0.0,0.0001001928394543,298.5570373535156,303.1499938964844,285.1499938964844,0.0,-0.0,285.1360778808594,0.0,0.0,0.0004752702370751,285.09332275390625,294.1499938964844,291.7597351074219,285.2216491699219,293.8889465332031,291.9674377441406,285.0331115722656,0.0,0.0,0.0,0.0,1.0,1.0,-0.00101384089794,7.48265183148078e-09,0.0010138334473595,-0.0186549890786409,0.0,0.0,0.0,-0.0085222823545336,60.0,4.6915059089660645,-0.0,-7.00809650311385e-08,0.0,282.9992980957031,284.4533386230469,290.2752380371094,291.35028076171875,293.1499938964844,293.1499938964844,278.1499938964844,0.0,18000.0,313.1499938964844,0.0,18000.0,0.0,0.0,0.0,0.0,0.0,0.0,0.0,0.0,0.0,-0.0,-0.0,0.0,-5.2805772432836115e-21,-2.6402886216418057e-21,-2.6402886216418057e-21,0.0,0.0,-0.0,0.0,0.0,0.0,-0.0,0.0,0.0,0.0,0.0,0.0,4.0,0.0,0.0
12258600,298.72735595703125,303.1499938964844,285.1499938964844,0.0,-0.0,285.1376037597656,0.0,0.0,9.514552948530763e-05,298.74853515625,303.1499938964844,285.1499938964844,0.0,-0.0,285.137939453125,0.0,0.0,0.0001001930068014,299.323486328125,303.1499938964844,285.1499938964844,0.0,-0.0,285.1376342773437,0.0,0.0,7.400232425425202e-05,298.5115051269531,303.1499938964844,285.1499938964844,0.0,-0.0,285.1376342773437,0.0,0.0,0.0001001928394543,298.5570373535156,303.1499938964844,285.1499938964844,0.0,-0.0,285.1360778808594,0.0,0.0,0.0004752702370751,285.09332275390625,294.1499938964844,291.7597351074219,285.2216491699219,293.8889465332031,291.9674377441406,285.0331115722656,0.0,0.0,0.0,0.0,1.0,1.0,-0.00101384089794,7.48265183148078e-09,0.0010138334473595,-0.0186549890786409,0.0,0.0,0.0,-0.0085222823545336,60.0,4.6915059089660645,-0.0,-7.00809650311385e-08,0.0,282.9992980957031,284.4533386230469,290.2752380371094,291.35028076171875,293.1499938964844,293.1499938964844,278.1499938964844,0.0,18000.0,313.1499938964844,0.0,18000.0,0.0,0.0,0.0,0.0,0.0,0.0,0.0,0.0,0.0,-0.0,-0.0,0.0,-5.2805772432836115e-21,-2.6402886216418057e-21,-2.6402886216418057e-21,0.0,0.0,-0.0,0.0,0.0,0.0,-0.0,0.0,0.0,0.0,0.0,0.0,4.0,0.0,0.0
12258660,298.7226257324219,303.1499938964844,285.1499938964844,0.0,-0.0,285.13531494140625,0.0,0.0,9.553570998832583e-05,298.74615478515625,303.1499938964844,285.1499938964844,0.0,-0.0,285.1356506347656,0.0,0.0,0.0001006038801278,299.320068359375,303.1499938964844,285.1499938964844,0.0,-0.0,285.13531494140625,0.0,0.0,7.430579717038199e-05,298.5131225585937,303.1499938964844,285.1499938964844,0.0,-0.0,285.13531494140625,0.0,0.0,0.0001006037127808,298.5560302734375,303.1499938964844,285.1499938964844,0.0,-0.0,285.1337890625,0.0,0.0,0.0004772192623931,285.0908508300781,294.1499938964844,291.7004089355469,285.1963806152344,293.8500366210937,291.90057373046875,285.0375366210937,0.0,0.0,0.0,0.0,1.0,1.0,-0.0010179973905906,7.968695037163798e-09,0.0010179893579334,-0.0199279487133026,0.0,0.0,0.0,-0.0087632341310381,60.0,4.664822101593018,-0.0,-7.065678886419846e-08,0.0,282.9992980957031,284.4533386230469,290.2752380371094,291.35028076171875,293.1499938964844,293.1499938964844,278.1499938964844,0.0,18000.0,313.1499938964844,0.0,18000.0,0.0,0.0,0.0,0.0,0.0,0.0,0.0,0.0,0.0,-0.0,-0.0,0.0,-5.2805772432836115e-21,-2.6402886216418057e-21,-2.6402886216418057e-21,0.0,0.0,-0.0,0.0,0.0,0.0,-0.0,0.0,0.0,0.0,0.0,0.0,4.0,0.0,0.0
12258720,298.7226257324219,303.1499938964844,285.1499938964844,0.0,-0.0,285.13531494140625,0.0,0.0,9.553570998832583e-05,298.74615478515625,303.1499938964844,285.1499938964844,0.0,-0.0,285.1356506347656,0.0,0.0,0.0001006038801278,299.320068359375,303.1499938964844,285.1499938964844,0.0,-0.0,285.13531494140625,0.0,0.0,7.430579717038199e-05,298.5131225585937,303.1499938964844,285.1499938964844,0.0,-0.0,285.13531494140625,0.0,0.0,0.0001006037127808,298.5560302734375,303.1499938964844,285.1499938964844,0.0,-0.0,285.1337890625,0.0,0.0,0.0004772192623931,285.0908508300781,294.1499938964844,291.7004089355469,285.1963806152344,293.8500366210937,291.90057373046875,285.0375366210937,0.0,0.0,0.0,0.0,1.0,1.0,-0.0010179973905906,7.968695037163798e-09,0.0010179893579334,-0.0199279487133026,0.0,0.0,0.0,-0.0087632341310381,60.0,4.664822101593018,-0.0,-7.065678886419846e-08,0.0,282.9992980957031,284.4533386230469,290.2752380371094,291.35028076171875,293.1499938964844,293.1499938964844,278.1499938964844,0.0,18000.0,313.1499938964844,0.0,18000.0,0.0,0.0,0.0,0.0,0.0,0.0,0.0,0.0,0.0,-0.0,-0.0,0.0,-5.2805772432836115e-21,-2.6402886216418057e-21,-2.6402886216418057e-21,0.0,0.0,-0.0,0.0,0.0,0.0,-0.0,0.0,0.0,0.0,0.0,0.0,4.0,0.0,0.0
12258780,298.7176208496094,303.1499938964844,285.1499938964844,0.0,-0.0,285.1330261230469,0.0,0.0,9.5978713943623e-05,298.74371337890625,303.1499938964844,285.1499938964844,0.0,-0.0,285.13336181640625,0.0,0.0,0.0001010703854262,299.31658935546875,303.1499938964844,285.1499938964844,0.0,-0.0,285.133056640625,0.0,0.0,7.465035741915926e-05,298.5150756835937,303.1499938964844,285.1499938964844,0.0,-0.0,285.133056640625,0.0,0.0,0.0001010702180792,298.55499267578125,303.1499938964844,285.1499938964844,0.0,-0.0,285.1315612792969,0.0,0.0,0.0004794321721419,285.0884094238281,294.1499938964844,291.64080810546875,285.17120361328125,293.8105773925781,291.8317565917969,285.0418701171875,0.0,0.0,0.0,0.0,1.0,1.0,-0.0010227167513221,8.520567362779731e-09,0.0010227082530036,-0.0213731992989778,0.0,0.0,0.0,-0.0090368194505572,60.0,4.64038610458374,-0.0,-7.131345824973323e-08,0.0,282.9992980957031,284.4533386230469,290.2752380371094,291.35028076171875,293.1499938964844,293.1499938964844,278.1499938964844,0.0,18000.0,313.1499938964844,0.0,18000.0,0.0,0.0,0.0,0.0,0.0,0.0,0.0,0.0,0.0,-0.0,-0.0,0.0,-5.2805772432836115e-21,-2.6402886216418057e-21,-2.6402886216418057e-21,0.0,0.0,-0.0,0.0,0.0,0.0,-0.0,0.0,0.0,0.0,0.0,0.0,4.0,0.0,0.0
12258840,298.7176208496094,303.1499938964844,285.1499938964844,0.0,-0.0,285.1330261230469,0.0,0.0,9.5978713943623e-05,298.74371337890625,303.1499938964844,285.1499938964844,0.0,-0.0,285.13336181640625,0.0,0.0,0.0001010703854262,299.31658935546875,303.1499938964844,285.1499938964844,0.0,-0.0,285.133056640625,0.0,0.0,7.465035741915926e-05,298.5150756835937,303.1499938964844,285.1499938964844,0.0,-0.0,285.133056640625,0.0,0.0,0.0001010702180792,298.55499267578125,303.1499938964844,285.1499938964844,0.0,-0.0,285.1315612792969,0.0,0.0,0.0004794321721419,285.0884094238281,294.1499938964844,291.64080810546875,285.17120361328125,293.8105773925781,291.8317565917969,285.0418701171875,0.0,0.0,0.0,0.0,1.0,1.0,-0.0010227167513221,8.520567362779731e-09,0.0010227082530036,-0.0213731992989778,0.0,0.0,0.0,-0.0090368194505572,60.0,4.64038610458374,-0.0,-7.131345824973323e-08,0.0,282.9992980957031,284.4533386230469,290.2752380371094,291.35028076171875,293.1499938964844,293.1499938964844,278.1499938964844,0.0,18000.0,313.1499938964844,0.0,18000.0,0.0,0.0,0.0,0.0,0.0,0.0,0.0,0.0,0.0,-0.0,-0.0,0.0,-5.2805772432836115e-21,-2.6402886216418057e-21,-2.6402886216418057e-21,0.0,0.0,-0.0,0.0,0.0,0.0,-0.0,0.0,0.0,0.0,0.0,0.0,4.0,0.0,0.0
12258900,298.7149963378906,303.1499938964844,285.1499938964844,0.0,-0.0,285.1319274902344,0.0,0.0,9.621567005524412e-05,298.7424621582031,303.1499938964844,285.1499938964844,0.0,-0.0,285.1322631835937,0.0,0.0,0.0001013199071167,299.3148193359375,303.1499938964844,285.1499938964844,0.0,-0.0,285.1319274902344,0.0,0.0,7.483465014956892e-05,298.5156555175781,303.1499938964844,285.1499938964844,0.0,-0.0,285.1319274902344,0.0,0.0,0.0001013197397696,298.554443359375,303.1499938964844,285.1499938964844,0.0,-0.0,285.13043212890625,0.0,0.0,0.0004806158249266,285.08721923828125,294.1499938964844,291.6109313964844,285.1586608886719,293.7906494140625,291.7968139648437,285.04400634765625,0.0,0.0,0.0,0.0,1.0,1.0,-0.0010252411011606,8.815757013280745e-09,0.0010252322535961,-0.0221461933106184,0.0,0.0,0.0,-0.0091831572353839,60.0,4.628841876983643,-0.0,-7.16659442900891e-08,0.0,282.9992980957031,284.4533386230469,290.2752380371094,291.35028076171875,293.1499938964844,293.1499938964844,278.1499938964844,0.0,18000.0,313.1499938964844,0.0,18000.0,0.0,0.0,0.0,0.0,0.0,0.0,0.0,0.0,0.0,-0.0,-0.0,0.0,-5.2805772432836115e-21,-2.6402886216418057e-21,-2.6402886216418057e-21,0.0,0.0,-0.0,0.0,0.0,0.0,-0.0,0.0,0.0,0.0,0.0,0.0,4.0,0.0,0.0
12258960,298.7123718261719,303.1499938964844,285.1499938964844,0.0,-0.0,285.1307983398437,0.0,0.0,9.646185935707764e-05,298.7412109375,303.1499938964844,285.1499938964844,0.0,-0.0,285.1311340332031,0.0,0.0,0.0001015791567624,299.31304931640625,303.1499938964844,285.1499938964844,0.0,-0.0,285.1308288574219,0.0,0.0,7.502613152610138e-05,298.51580810546875,303.1499938964844,285.1499938964844,0.0,-0.0,285.1308288574219,0.0,0.0,0.0001015789894154,298.5538024902344,303.1499938964844,285.1499938964844,0.0,-0.0,285.1293334960937,0.0,0.0,0.0004818455781787,285.0860595703125,294.1499938964844,291.5810241699219,285.1460876464844,293.77056884765625,291.7615051269531,285.046142578125,0.0,0.0,0.0,0.0,1.0,1.0,-0.001027863821946,9.122453015208976e-09,0.0010278547415509,-0.0229492746293544,0.0,0.0,0.0,-0.0093351993709802,60.0,4.617698669433594,-0.0,-7.20330888270837e-08,0.0,282.9992980957031,284.4533386230469,290.2752380371094,291.35028076171875,293.1499938964844,293.1499938964844,278.1499938964844,0.0,18000.0,313.1499938964844,0.0,18000.0,0.0,0.0,0.0,0.0,0.0,0.0,0.0,0.0,0.0,-0.0,-0.0,0.0,-5.2805772432836115e-21,-2.6402886216418057e-21,-2.6402886216418057e-21,0.0,0.0,-0.0,0.0,0.0,0.0,-0.0,0.0,0.0,0.0,0.0,0.0,4.0,0.0,0.0
12259020,298.7069396972656,303.1499938964844,285.1499938964844,0.0,-0.0,285.12860107421875,0.0,0.0,9.696763299871236e-05,298.7386474609375,303.1499938964844,285.1499938964844,0.0,-0.0,285.1289367675781,0.0,0.0,0.0001021117641357,299.30938720703125,303.1499938964844,285.1499938964844,0.0,-0.0,285.1286315917969,0.0,0.0,7.541951345046982e-05,298.5152282714844,303.1499938964844,285.1499938964844,0.0,-0.0,285.1286315917969,0.0,0.0,0.0001021115967887,298.5523681640625,303.1499938964844,285.1499938964844,0.0,-0.0,285.1271667480469,0.0,0.0,0.0004843720525968,285.083740234375,294.1499938964844,291.5210876464844,285.1210632324219,293.7300109863281,291.6903991699219,285.05035400390625,0.0,0.0,0.0,0.0,1.0,1.0,-0.0010332522215321,9.7525427733558e-09,0.0010332424426451,-0.0245990250259637,0.0,0.0,0.0,-0.0096475612372159,60.0,4.596043109893799,-0.0,-7.279031422058324e-08,0.0,282.9992980957031,284.4533386230469,290.2752380371094,291.35028076171875,293.1499938964844,293.1499938964844,278.1499938964844,0.0,18000.0,313.1499938964844,0.0,18000.0,0.0,0.0,0.0,0.0,0.0,0.0,0.0,0.0,0.0,-0.0,-0.0,0.0,-5.2805772432836115e-21,-2.6402886216418057e-21,-2.6402886216418057e-21,0.0,0.0,-0.0,0.0,0.0,0.0,-0.0,0.0,0.0,0.0,0.0,0.0,4.0,0.0,0.0
12259080,298.7069396972656,303.1499938964844,285.1499938964844,0.0,-0.0,285.12860107421875,0.0,0.0,9.696763299871236e-05,298.7386474609375,303.1499938964844,285.1499938964844,0.0,-0.0,285.1289367675781,0.0,0.0,0.0001021117641357,299.30938720703125,303.1499938964844,285.1499938964844,0.0,-0.0,285.1286315917969,0.0,0.0,7.541951345046982e-05,298.5152282714844,303.1499938964844,285.1499938964844,0.0,-0.0,285.1286315917969,0.0,0.0,0.0001021115967887,298.5523681640625,303.1499938964844,285.1499938964844,0.0,-0.0,285.1271667480469,0.0,0.0,0.0004843720525968,285.083740234375,294.1499938964844,291.5210876464844,285.1210632324219,293.7300109863281,291.6903991699219,285.05035400390625,0.0,0.0,0.0,0.0,1.0,1.0,-0.0010332522215321,9.7525427733558e-09,0.0010332424426451,-0.0245990250259637,0.0,0.0,0.0,-0.0096475612372159,60.0,4.596043109893799,-0.0,-7.279031422058324e-08,0.0,282.9992980957031,284.4533386230469,290.2752380371094,291.35028076171875,293.1499938964844,293.1499938964844,278.1499938964844,0.0,18000.0,313.1499938964844,0.0,18000.0,0.0,0.0,0.0,0.0,0.0,0.0,0.0,0.0,0.0,-0.0,-0.0,0.0,-5.2805772432836115e-21,-2.6402886216418057e-21,-2.6402886216418057e-21,0.0,0.0,-0.0,0.0,0.0,0.0,-0.0,0.0,0.0,0.0,0.0,0.0,4.0,0.0,0.0
12259140,298.70135498046875,303.1499938964844,285.1499938964844,0.0,-0.0,285.1264343261719,0.0,0.0,9.74719732766971e-05,298.7359619140625,303.1499938964844,285.1499938964844,0.0,-0.0,285.12677001953125,0.0,0.0,0.0001026428508339,299.3056030273437,303.1499938964844,285.1499938964844,0.0,-0.0,285.12646484375,0.0,0.0,7.581177487736568e-05,298.5138854980469,303.1499938964844,285.1499938964844,0.0,-0.0,285.12646484375,0.0,0.0,0.0001026426907628,298.5506896972656,303.1499938964844,285.1499938964844,0.0,-0.0,285.1250305175781,0.0,0.0,0.0004868913383688,285.0814819335937,294.1499938964844,291.46112060546875,285.0960998535156,293.6889343261719,291.6191101074219,285.05450439453125,0.0,0.0,0.0,0.0,1.0,1.0,-0.001038625370711,1.0380841963808509e-08,0.0010386150097474,-0.0262438897043466,0.0,0.0,0.0,-0.0099590355530381,60.0,4.574493408203125,-0.0,-7.354932307634955e-08,0.0,282.9992980957031,284.4533386230469,290.2752380371094,291.35028076171875,293.1499938964844,293.1499938964844,278.1499938964844,0.0,18000.0,313.1499938964844,0.0,18000.0,0.0,0.0,0.0,0.0,0.0,0.0,0.0,0.0,0.0,-0.0,-0.0,0.0,-5.2805772432836115e-21,-2.6402886216418057e-21,-2.6402886216418057e-21,0.0,0.0,-0.0,0.0,0.0,0.0,-0.0,0.0,0.0,0.0,0.0,0.0,4.0,0.0,0.0
12259200,298.70135498046875,303.1499938964844,285.1499938964844,0.0,-0.0,285.1264343261719,0.0,0.0,9.74719732766971e-05,298.7359619140625,303.1499938964844,285.1499938964844,0.0,-0.0,285.12677001953125,0.0,0.0,0.0001026428508339,299.3056030273437,303.1499938964844,285.1499938964844,0.0,-0.0,285.12646484375,0.0,0.0,7.581177487736568e-05,298.5138854980469,303.1499938964844,285.1499938964844,0.0,-0.0,285.12646484375,0.0,0.0,0.0001026426907628,298.5506896972656,303.1499938964844,285.1499938964844,0.0,-0.0,285.1250305175781,0.0,0.0,0.0004868913383688,285.0814819335937,294.1499938964844,291.46112060546875,285.0960998535156,293.6889343261719,291.6191101074219,285.05450439453125,0.0,0.0,0.0,0.0,1.0,1.0,-0.001038625370711,1.0380841963808509e-08,0.0010386150097474,-0.0262438897043466,0.0,0.0,0.0,-0.0099590355530381,60.0,4.574493408203125,-0.0,-7.354932307634955e-08,0.0,282.9992980957031,284.4533386230469,290.2752380371094,291.35028076171875,293.1499938964844,293.1499938964844,278.1499938964844,0.0,18000.0,313.1499938964844,0.0,18000.0,0.0,0.0,0.0,0.0,0.0,0.0,0.0,0.0,0.0,-0.0,-0.0,0.0,-5.2805772432836115e-21,-2.6402886216418057e-21,-2.6402886216418057e-21,0.0,0.0,-0.0,0.0,0.0,0.0,-0.0,0.0,0.0,0.0,0.0,0.0,4.0,0.0,0.0
12259260,298.6956787109375,303.1499938964844,285.1499938964844,0.0,-0.0,285.12432861328125,0.0,0.0,9.797202073968948e-05,298.733154296875,303.1499938964844,285.1499938964844,0.0,-0.0,285.1246337890625,0.0,0.0,0.0001031694337143,299.3016357421875,303.1499938964844,285.1499938964844,0.0,-0.0,285.12432861328125,0.0,0.0,7.620070391567424e-05,298.5120544433594,303.1499938964844,285.1499938964844,0.0,-0.0,285.12432861328125,0.0,0.0,0.0001031692663673,298.5487365722656,303.1499938964844,285.1499938964844,0.0,-0.0,285.1228942871094,0.0,0.0,0.0004893892328254,285.07928466796875,294.1499938964844,291.401123046875,285.0711975097656,293.6472473144531,291.5482788085937,285.05859375,0.0,0.0,0.0,0.0,1.0,1.0,-0.0010439525358378,1.1003804978315657e-08,0.0010439415927976,-0.0278745777904987,0.0,0.0,0.0,-0.0102678639814257,60.0,4.55217981338501,-0.0,-7.430576687283974e-08,0.0,282.9992980957031,284.4533386230469,290.2752380371094,291.35028076171875,293.1499938964844,293.1499938964844,278.1499938964844,0.0,18000.0,313.1499938964844,0.0,18000.0,0.0,0.0,0.0,0.0,0.0,0.0,0.0,0.0,0.0,-0.0,-0.0,0.0,-5.2805772432836115e-21,-2.6402886216418057e-21,-2.6402886216418057e-21,0.0,0.0,-0.0,0.0,0.0,0.0,-0.0,0.0,0.0,0.0,0.0,0.0,4.0,0.0,0.0
12259320,298.6956787109375,303.1499938964844,285.1499938964844,0.0,-0.0,285.12432861328125,0.0,0.0,9.797202073968948e-05,298.733154296875,303.1499938964844,285.1499938964844,0.0,-0.0,285.1246337890625,0.0,0.0,0.0001031694337143,299.3016357421875,303.1499938964844,285.1499938964844,0.0,-0.0,285.12432861328125,0.0,0.0,7.620070391567424e-05,298.5120544433594,303.1499938964844,285.1499938964844,0.0,-0.0,285.12432861328125,0.0,0.0,0.0001031692663673,298.5487365722656,303.1499938964844,285.1499938964844,0.0,-0.0,285.1228942871094,0.0,0.0,0.0004893892328254,285.07928466796875,294.1499938964844,291.401123046875,285.0711975097656,293.6472473144531,291.5482788085937,285.05859375,0.0,0.0,0.0,0.0,1.0,1.0,-0.0010439525358378,1.1003804978315657e-08,0.0010439415927976,-0.0278745777904987,0.0,0.0,0.0,-0.0102678639814257,60.0,4.55217981338501,-0.0,-7.430576687283974e-08,0.0,282.9992980957031,284.4533386230469,290.2752380371094,291.35028076171875,293.1499938964844,293.1499938964844,278.1499938964844,0.0,18000.0,313.1499938964844,0.0,18000.0,0.0,0.0,0.0,0.0,0.0,0.0,0.0,0.0,0.0,-0.0,-0.0,0.0,-5.2805772432836115e-21,-2.6402886216418057e-21,-2.6402886216418057e-21,0.0,0.0,-0.0,0.0,0.0,0.0,-0.0,0.0,0.0,0.0,0.0,0.0,4.0,0.0,0.0
12259380,298.6900634765625,303.1499938964844,285.1499938964844,0.0,-0.0,285.1222229003906,0.0,0.0,9.8373755463399e-05,298.730224609375,303.1499938964844,285.1499938964844,0.0,-0.0,285.1225280761719,0.0,0.0,0.0001035924724419,299.2975158691406,303.1499938964844,285.1499938964844,0.0,-0.0,285.12225341796875,0.0,0.0,7.651315536350012e-05,298.5098571777344,303.1499938964844,285.1499938964844,0.0,-0.0,285.12225341796875,0.0,0.0,0.0001035923123708,298.5466003417969,303.1499938964844,285.1499938964844,0.0,-0.0,285.120849609375,0.0,0.0,0.0004913959419354,285.0771484375,294.1499938964844,291.3411865234375,285.0464172363281,293.60504150390625,291.4784240722656,285.0626220703125,0.0,0.0,0.0,0.0,1.0,1.0,-0.0010482335928827,1.1504261543393568e-08,0.0010482220677658,-0.029184428974986,0.0,0.0,0.0,-0.0105159673839807,60.0,4.528393745422363,-0.0,-7.49162509805501e-08,0.0,282.9992980957031,284.4533386230469,290.2752380371094,291.35028076171875,293.1499938964844,293.1499938964844,278.1499938964844,0.0,18000.0,313.1499938964844,0.0,18000.0,0.0,0.0,0.0,0.0,0.0,0.0,0.0,0.0,0.0,-0.0,-0.0,0.0,-5.2805772432836115e-21,-2.6402886216418057e-21,-2.6402886216418057e-21,0.0,0.0,-0.0,0.0,0.0,0.0,-0.0,0.0,0.0,0.0,0.0,0.0,4.0,0.0,0.0
12259440,298.6900634765625,303.1499938964844,285.1499938964844,0.0,-0.0,285.1222229003906,0.0,0.0,9.8373755463399e-05,298.730224609375,303.1499938964844,285.1499938964844,0.0,-0.0,285.1225280761719,0.0,0.0,0.0001035924724419,299.2975158691406,303.1499938964844,285.1499938964844,0.0,-0.0,285.12225341796875,0.0,0.0,7.651315536350012e-05,298.5098571777344,303.1499938964844,285.1499938964844,0.0,-0.0,285.12225341796875,0.0,0.0,0.0001035923123708,298.5466003417969,303.1499938964844,285.1499938964844,0.0,-0.0,285.120849609375,0.0,0.0,0.0004913959419354,285.0771484375,294.1499938964844,291.3411865234375,285.0464172363281,293.60504150390625,291.4784240722656,285.0626220703125,0.0,0.0,0.0,0.0,1.0,1.0,-0.0010482335928827,1.1504261543393568e-08,0.0010482220677658,-0.029184428974986,0.0,0.0,0.0,-0.0105159673839807,60.0,4.528393745422363,-0.0,-7.49162509805501e-08,0.0,282.9992980957031,284.4533386230469,290.2752380371094,291.35028076171875,293.1499938964844,293.1499938964844,278.1499938964844,0.0,18000.0,313.1499938964844,0.0,18000.0,0.0,0.0,0.0,0.0,0.0,0.0,0.0,0.0,0.0,-0.0,-0.0,0.0,-5.2805772432836115e-21,-2.6402886216418057e-21,-2.6402886216418057e-21,0.0,0.0,-0.0,0.0,0.0,0.0,-0.0,0.0,0.0,0.0,0.0,0.0,4.0,0.0,0.0
12259500,298.6873779296875,303.1499938964844,285.1499938964844,0.0,-0.0,285.1212158203125,0.0,0.0,9.840622078627348e-05,298.7287292480469,303.1499938964844,285.1499938964844,0.0,-0.0,285.1215209960937,0.0,0.0,0.0001036266621667,299.2954406738281,303.1499938964844,285.1499938964844,0.0,-0.0,285.1212158203125,0.0,0.0,7.653841021237895e-05,298.5086975097656,303.1499938964844,285.1499938964844,0.0,-0.0,285.1212158203125,0.0,0.0,0.0001036265020957,298.5455627441406,303.1499938964844,285.1499938964844,0.0,-0.0,285.11981201171875,0.0,0.0,0.0004915581666864,285.0760803222656,294.1499938964844,291.311279296875,285.0340881347656,293.583740234375,291.4446105957031,285.06463623046875,0.0,0.0,0.0,0.0,1.0,1.0,-0.0010485794628039,1.1544662115170468e-08,0.001048567937687,-0.0292901638895273,0.0,0.0,0.0,-0.010535997338593,60.0,4.51141881942749,-0.0,-7.496564791154017e-08,0.0,282.9992980957031,284.4533386230469,290.2752380371094,291.35028076171875,293.1499938964844,293.1499938964844,278.1499938964844,0.0,18000.0,313.1499938964844,0.0,18000.0,0.0,0.0,0.0,0.0,0.0,0.0,0.0,0.0,0.0,-0.0,-0.0,0.0,-5.2805772432836115e-21,-2.6402886216418057e-21,-2.6402886216418057e-21,0.0,0.0,-0.0,0.0,0.0,0.0,-0.0,0.0,0.0,0.0,0.0,0.0,4.0,0.0,0.0
12259560,298.684814453125,303.1499938964844,285.1499938964844,0.0,-0.0,285.12017822265625,0.0,0.0,9.832517389440908e-05,298.72723388671875,303.1499938964844,285.1499938964844,0.0,-0.0,285.1204833984375,0.0,0.0,0.000103541307908,299.2933654785156,303.1499938964844,285.1499938964844,0.0,-0.0,285.1202087402344,0.0,0.0,7.647536403965205e-05,298.50750732421875,303.1499938964844,285.1499938964844,0.0,-0.0,285.1202087402344,0.0,0.0,0.0001035411551129,298.5445861816406,303.1499938964844,285.1499938964844,0.0,-0.0,285.1188049316406,0.0,0.0,0.0004911532741971,285.0750732421875,294.1499938964844,291.2814025878906,285.0217590332031,293.5624084472656,291.41180419921875,285.0666198730469,0.0,0.0,0.0,0.0,1.0,1.0,-0.0010477160103619,1.1443614944539604e-08,0.0010477046016603,-0.0290257036685943,0.0,0.0,0.0,-0.0104859070852398,60.0,4.489957809448242,-0.0,-7.484214137321032e-08,0.0,282.9992980957031,284.4533386230469,290.2752380371094,291.35028076171875,293.1499938964844,293.1499938964844,278.1499938964844,0.0,18000.0,313.1499938964844,0.0,18000.0,0.0,0.0,0.0,0.0,0.0,0.0,0.0,0.0,0.0,-0.0,-0.0,0.0,-5.2805772432836115e-21,-2.6402886216418057e-21,-2.6402886216418057e-21,0.0,0.0,-0.0,0.0,0.0,0.0,-0.0,0.0,0.0,0.0,0.0,0.0,4.0,0.0,0.0
12259620,298.6801452636719,303.1499938964844,285.1499938964844,0.0,-0.0,285.1181945800781,0.0,0.0,9.812944335862994e-05,298.7242126464844,303.1499938964844,285.1499938964844,0.0,-0.0,285.1184997558594,0.0,0.0,0.0001033351945807,299.2892761230469,303.1499938964844,285.1499938964844,0.0,-0.0,285.11822509765625,0.0,0.0,7.632312917849049e-05,298.5051574707031,303.1499938964844,285.1499938964844,0.0,-0.0,285.11822509765625,0.0,0.0,0.0001033350345096,298.5428466796875,303.1499938964844,285.1499938964844,0.0,-0.0,285.1168518066406,0.0,0.0,0.0004901756183244,285.07305908203125,294.1499938964844,291.2218322753906,284.9971923828125,293.51953125,291.3487243652344,285.0705261230469,0.0,0.0,0.0,0.0,1.0,1.0,-0.0010456294985488,1.1199614569079586e-08,0.0010456183226779,-0.0283870883285999,0.0,0.0,0.0,-0.0103649469092488,60.0,4.439519882202148,-0.0,-7.454432449094386e-08,0.0,282.9992980957031,284.4533386230469,290.2752380371094,291.35028076171875,293.1499938964844,293.1499938964844,278.1499938964844,0.0,18000.0,313.1499938964844,0.0,18000.0,0.0,0.0,0.0,0.0,0.0,0.0,0.0,0.0,0.0,-0.0,-0.0,0.0,-5.2805772432836115e-21,-2.6402886216418057e-21,-2.6402886216418057e-21,0.0,0.0,-0.0,0.0,0.0,0.0,-0.0,0.0,0.0,0.0,0.0,0.0,4.0,0.0,0.0
12259680,298.6801452636719,303.1499938964844,285.1499938964844,0.0,-0.0,285.1181945800781,0.0,0.0,9.812944335862994e-05,298.7242126464844,303.1499938964844,285.1499938964844,0.0,-0.0,285.1184997558594,0.0,0.0,0.0001033351945807,299.2892761230469,303.1499938964844,285.1499938964844,0.0,-0.0,285.11822509765625,0.0,0.0,7.632312917849049e-05,298.5051574707031,303.1499938964844,285.1499938964844,0.0,-0.0,285.11822509765625,0.0,0.0,0.0001033350345096,298.5428466796875,303.1499938964844,285.1499938964844,0.0,-0.0,285.1168518066406,0.0,0.0,0.0004901756183244,285.07305908203125,294.1499938964844,291.2218322753906,284.9971923828125,293.51953125,291.3487243652344,285.0705261230469,0.0,0.0,0.0,0.0,1.0,1.0,-0.0010456294985488,1.1199614569079586e-08,0.0010456183226779,-0.0283870883285999,0.0,0.0,0.0,-0.0103649469092488,60.0,4.439519882202148,-0.0,-7.454432449094386e-08,0.0,282.9992980957031,284.4533386230469,290.2752380371094,291.35028076171875,293.1499938964844,293.1499938964844,278.1499938964844,0.0,18000.0,313.1499938964844,0.0,18000.0,0.0,0.0,0.0,0.0,0.0,0.0,0.0,0.0,0.0,-0.0,-0.0,0.0,-5.2805772432836115e-21,-2.6402886216418057e-21,-2.6402886216418057e-21,0.0,0.0,-0.0,0.0,0.0,0.0,-0.0,0.0,0.0,0.0,0.0,0.0,4.0,0.0,0.0
12259740,298.6759948730469,303.1499938964844,285.1499938964844,0.0,-0.0,285.1162414550781,0.0,0.0,9.783911082195118e-05,298.7212219238281,303.1499938964844,285.1499938964844,0.0,-0.0,285.1165466308594,0.0,0.0,0.0001030294588417,299.28533935546875,303.1499938964844,285.1499938964844,0.0,-0.0,285.11627197265625,0.0,0.0,7.609731255797669e-05,298.5028076171875,303.1499938964844,285.1499938964844,0.0,-0.0,285.11627197265625,0.0,0.0,0.0001030293060466,298.54132080078125,303.1499938964844,285.1499938964844,0.0,-0.0,285.11492919921875,0.0,0.0,0.0004887253744527,285.0711364746094,294.1499938964844,291.1625061035156,284.9727783203125,293.4765014648437,291.28826904296875,285.0744323730469,0.0,0.0,0.0,0.0,1.0,1.0,-0.0010425354121252,1.0837750252790102e-08,0.0010425245855003,-0.0274399258196353,0.0,0.0,0.0,-0.0101855574175715,60.0,4.384195327758789,-0.0,-7.41037524676358e-08,0.0,282.9992980957031,284.4533386230469,290.2752380371094,291.35028076171875,293.1499938964844,293.1499938964844,278.1499938964844,0.0,18000.0,313.1499938964844,0.0,18000.0,0.0,0.0,0.0,0.0,0.0,0.0,0.0,0.0,0.0,-0.0,-0.0,0.0,-5.2805772432836115e-21,-2.6402886216418057e-21,-2.6402886216418057e-21,0.0,0.0,-0.0,0.0,0.0,0.0,-0.0,0.0,0.0,0.0,0.0,0.0,4.0,0.0,0.0
12259800,298.6759948730469,303.1499938964844,285.1499938964844,0.0,-0.0,285.1162414550781,0.0,0.0,9.783911082195118e-05,298.7212219238281,303.1499938964844,285.1499938964844,0.0,-0.0,285.1165466308594,0.0,0.0,0.0001030294588417,299.28533935546875,303.1499938964844,285.1499938964844,0.0,-0.0,285.11627197265625,0.0,0.0,7.609731255797669e-05,298.5028076171875,303.1499938964844,285.1499938964844,0.0,-0.0,285.11627197265625,0.0,0.0,0.0001030293060466,298.54132080078125,303.1499938964844,285.1499938964844,0.0,-0.0,285.11492919921875,0.0,0.0,0.0004887253744527,285.0711364746094,294.1499938964844,291.1625061035156,284.9727783203125,293.4765014648437,291.28826904296875,285.0744323730469,0.0,0.0,0.0,0.0,1.0,1.0,-0.0010425354121252,1.0837750252790102e-08,0.0010425245855003,-0.0274399258196353,0.0,0.0,0.0,-0.0101855574175715,60.0,4.384195327758789,-0.0,-7.41037524676358e-08,0.0,282.9992980957031,284.4533386230469,290.2752380371094,291.35028076171875,293.1499938964844,293.1499938964844,278.1499938964844,0.0,18000.0,313.1499938964844,0.0,18000.0,0.0,0.0,0.0,0.0,0.0,0.0,0.0,0.0,0.0,-0.0,-0.0,0.0,-5.2805772432836115e-21,-2.6402886216418057e-21,-2.6402886216418057e-21,0.0,0.0,-0.0,0.0,0.0,0.0,-0.0,0.0,0.0,0.0,0.0,0.0,4.0,0.0,0.0
12259860,298.67236328125,303.1499938964844,285.1499938964844,0.0,-0.0,285.1143798828125,0.0,0.0,9.743949340190738e-05,298.7182922363281,303.1499938964844,285.1499938964844,0.0,-0.0,285.1146545410156,0.0,0.0,0.0001026086392812,299.281494140625,303.1499938964844,285.1499938964844,0.0,-0.0,285.1143798828125,0.0,0.0,7.5786498200614e-05,298.50048828125,303.1499938964844,285.1499938964844,0.0,-0.0,285.1143798828125,0.0,0.0,0.0001026084864861,298.5400390625,303.1499938964844,285.1499938964844,0.0,-0.0,285.113037109375,0.0,0.0,0.0004867292300332,285.0692749023437,294.1499938964844,291.103515625,284.948486328125,293.4333190917969,291.2303466796875,285.0782775878906,0.0,0.0,0.0,0.0,1.0,1.0,-0.0010382765904068,1.0339714862084293e-08,0.0010382662294432,-0.0261362250894308,0.0,0.0,0.0,-0.0099386619403958,60.0,4.3240509033203125,-0.0,-7.349951403057275e-08,0.0,282.9992980957031,284.4533386230469,290.2752380371094,291.35028076171875,293.1499938964844,293.1499938964844,278.1499938964844,0.0,18000.0,313.1499938964844,0.0,18000.0,0.0,0.0,0.0,0.0,0.0,0.0,0.0,0.0,0.0,-0.0,-0.0,0.0,-5.2805772432836115e-21,-2.6402886216418057e-21,-2.6402886216418057e-21,0.0,0.0,-0.0,0.0,0.0,0.0,-0.0,0.0,0.0,0.0,0.0,0.0,4.0,0.0,0.0
12259920,298.67236328125,303.1499938964844,285.1499938964844,0.0,-0.0,285.1143798828125,0.0,0.0,9.743949340190738e-05,298.7182922363281,303.1499938964844,285.1499938964844,0.0,-0.0,285.1146545410156,0.0,0.0,0.0001026086392812,299.281494140625,303.1499938964844,285.1499938964844,0.0,-0.0,285.1143798828125,0.0,0.0,7.5786498200614e-05,298.50048828125,303.1499938964844,285.1499938964844,0.0,-0.0,285.1143798828125,0.0,0.0,0.0001026084864861,298.5400390625,303.1499938964844,285.1499938964844,0.0,-0.0,285.113037109375,0.0,0.0,0.0004867292300332,285.0692749023437,294.1499938964844,291.103515625,284.948486328125,293.4333190917969,291.2303466796875,285.0782775878906,0.0,0.0,0.0,0.0,1.0,1.0,-0.0010382765904068,1.0339714862084293e-08,0.0010382662294432,-0.0261362250894308,0.0,0.0,0.0,-0.0099386619403958,60.0,4.3240509033203125,-0.0,-7.349951403057275e-08,0.0,282.9992980957031,284.4533386230469,290.2752380371094,291.35028076171875,293.1499938964844,293.1499938964844,278.1499938964844,0.0,18000.0,313.1499938964844,0.0,18000.0,0.0,0.0,0.0,0.0,0.0,0.0,0.0,0.0,0.0,-0.0,-0.0,0.0,-5.2805772432836115e-21,-2.6402886216418057e-21,-2.6402886216418057e-21,0.0,0.0,-0.0,0.0,0.0,0.0,-0.0,0.0,0.0,0.0,0.0,0.0,4.0,0.0,0.0
12259980,298.66925048828125,303.1499938964844,285.1499938964844,0.0,-0.0,285.1125183105469,0.0,0.0,9.696204506326468e-05,298.7145080566406,303.1499938964844,285.1499938964844,0.0,-0.0,285.1128234863281,0.0,0.0,0.0001021058560581,299.2778015136719,303.1499938964844,285.1499938964844,0.0,-0.0,285.112548828125,0.0,0.0,7.54151405999437e-05,298.49822998046875,303.1499938964844,285.1499938964844,0.0,-0.0,285.112548828125,0.0,0.0,0.000102105710539,298.5389709472656,303.1499938964844,285.1499938964844,0.0,-0.0,285.1112365722656,0.0,0.0,0.0004843442584387,285.0674743652344,294.1499938964844,291.044921875,284.9243469238281,293.3900146484375,291.1748046875,285.0820617675781,0.0,0.0,0.0,0.0,1.0,1.0,-0.0010331883095204,9.744701934266686e-09,0.0010331786470487,-0.0245784930884838,0.0,0.0,0.0,-0.0096436897292733,60.0,4.260387897491455,-0.0,-7.278086400219763e-08,0.0,282.9992980957031,284.4533386230469,290.2752380371094,291.35028076171875,293.1499938964844,293.1499938964844,278.1499938964844,0.0,18000.0,313.1499938964844,0.0,18000.0,0.0,0.0,0.0,0.0,0.0,0.0,0.0,0.0,0.0,-0.0,-0.0,0.0,-5.2805772432836115e-21,-2.6402886216418057e-21,-2.6402886216418057e-21,0.0,0.0,-0.0,0.0,0.0,0.0,-0.0,0.0,0.0,0.0,0.0,0.0,4.0,0.0,0.0
12260040,298.66925048828125,303.1499938964844,285.1499938964844,0.0,-0.0,285.1125183105469,0.0,0.0,9.696204506326468e-05,298.7145080566406,303.1499938964844,285.1499938964844,0.0,-0.0,285.1128234863281,0.0,0.0,0.0001021058560581,299.2778015136719,303.1499938964844,285.1499938964844,0.0,-0.0,285.112548828125,0.0,0.0,7.54151405999437e-05,298.49822998046875,303.1499938964844,285.1499938964844,0.0,-0.0,285.112548828125,0.0,0.0,0.000102105710539,298.5389709472656,303.1499938964844,285.1499938964844,0.0,-0.0,285.1112365722656,0.0,0.0,0.0004843442584387,285.0674743652344,294.1499938964844,291.044921875,284.9243469238281,293.3900146484375,291.1748046875,285.0820617675781,0.0,0.0,0.0,0.0,1.0,1.0,-0.0010331883095204,9.744701934266686e-09,0.0010331786470487,-0.0245784930884838,0.0,0.0,0.0,-0.0096436897292733,60.0,4.260387897491455,-0.0,-7.278086400219763e-08,0.0,282.9992980957031,284.4533386230469,290.2752380371094,291.35028076171875,293.1499938964844,293.1499938964844,278.1499938964844,0.0,18000.0,313.1499938964844,0.0,18000.0,0.0,0.0,0.0,0.0,0.0,0.0,0.0,0.0,0.0,-0.0,-0.0,0.0,-5.2805772432836115e-21,-2.6402886216418057e-21,-2.6402886216418057e-21,0.0,0.0,-0.0,0.0,0.0,0.0,-0.0,0.0,0.0,0.0,0.0,0.0,4.0,0.0,0.0
12260100,298.6679077148437,303.1499938964844,285.1499938964844,0.0,-0.0,285.11163330078125,0.0,0.0,9.670549479778856e-05,298.711181640625,303.1499938964844,285.1499938964844,0.0,-0.0,285.1119079589844,0.0,0.0,0.0001018356997519,299.2760009765625,303.1499938964844,285.1499938964844,0.0,-0.0,285.11163330078125,0.0,0.0,7.521559746237472e-05,298.49713134765625,303.1499938964844,285.1499938964844,0.0,-0.0,285.1116638183594,0.0,0.0,0.0001018355469568,298.5385131835937,303.1499938964844,285.1499938964844,0.0,-0.0,285.1103210449219,0.0,0.0,0.0004830627585761,285.0666198730469,294.1499938964844,291.01580810546875,284.9123229980469,293.3683776855469,291.1477966308594,285.0839538574219,0.0,0.0,0.0,0.0,1.0,1.0,-0.0010304542956873,9.424987013062493e-09,0.0010304448660463,-0.0237414129078388,0.0,0.0,0.0,-0.0094851935282349,60.0,4.227743148803711,-0.0,-7.239616905962978e-08,0.0,282.9992980957031,284.4533386230469,290.2752380371094,291.35028076171875,293.1499938964844,293.1499938964844,278.1499938964844,0.0,18000.0,313.1499938964844,0.0,18000.0,0.0,0.0,0.0,0.0,0.0,0.0,0.0,0.0,0.0,-0.0,-0.0,0.0,-5.2805772432836115e-21,-2.6402886216418057e-21,-2.6402886216418057e-21,0.0,0.0,-0.0,0.0,0.0,0.0,-0.0,0.0,0.0,0.0,0.0,0.0,4.0,0.0,0.0
12260160,298.66668701171875,303.1499938964844,285.1499938964844,0.0,-0.0,285.1107482910156,0.0,0.0,9.644403326092288e-05,298.7068176269531,303.1499938964844,285.1499938964844,0.0,-0.0,285.11102294921875,0.0,0.0,0.0001015603702398,299.27423095703125,303.1499938964844,285.1499938964844,0.0,-0.0,285.1107482910156,0.0,0.0,7.50122417230159e-05,298.4960021972656,303.1499938964844,285.1499938964844,0.0,-0.0,285.1107788085937,0.0,0.0,0.0001015602174447,298.5380249023437,303.1499938964844,285.1499938964844,0.0,-0.0,285.1094665527344,0.0,0.0,0.0004817567241843,285.0657653808594,294.1499938964844,290.9867858886719,284.9003601074219,293.3467102050781,291.1213684082031,285.0858154296875,0.0,0.0,0.0,0.0,1.0,1.0,-0.0010276678949594,9.0991587597955e-09,0.001027658698149,-0.0228882785886526,0.0,0.0,0.0,-0.0093236677348613,60.0,4.194830417633057,-0.0,-7.200516449756833e-08,0.0,282.9992980957031,284.4533386230469,290.2752380371094,291.35028076171875,293.1499938964844,293.1499938964844,278.1499938964844,0.0,18000.0,313.1499938964844,0.0,18000.0,0.0,0.0,0.0,0.0,0.0,0.0,0.0,0.0,0.0,-0.0,-0.0,0.0,-5.2805772432836115e-21,-2.6402886216418057e-21,-2.6402886216418057e-21,0.0,0.0,-0.0,0.0,0.0,0.0,-0.0,0.0,0.0,0.0,0.0,0.0,4.0,0.0,0.0
12260220,298.6646423339844,303.1499938964844,285.1499938964844,0.0,-0.0,285.1090087890625,0.0,0.0,9.592342394171284e-05,298.6960144042969,303.1499938964844,285.1499938964844,0.0,-0.0,285.1093139648437,0.0,0.0,0.0001010121341096,299.27069091796875,303.1499938964844,285.1499938964844,0.0,-0.0,285.1090393066406,0.0,0.0,7.460731285391375e-05,298.4937438964844,303.1499938964844,285.1499938964844,0.0,-0.0,285.1090393066406,0.0,0.0,0.0001010119958664,298.5370483398437,303.1499938964844,285.1499938964844,0.0,-0.0,285.1077575683594,0.0,0.0,0.0004791561805177,285.0641174316406,294.1499938964844,290.92919921875,284.8765563964844,293.3033447265625,291.0698547363281,285.0895080566406,0.0,0.0,0.0,0.0,1.0,1.0,-0.0010221195407211,8.450383504055026e-09,0.001022111158818,-0.0211894046515226,0.0,0.0,0.0,-0.0090020410716533,60.0,4.12909460067749,-0.0,-7.12297705263154e-08,0.0,282.9992980957031,284.4533386230469,290.2752380371094,291.35028076171875,293.1499938964844,293.1499938964844,278.1499938964844,0.0,18000.0,313.1499938964844,0.0,18000.0,0.0,0.0,0.0,0.0,0.0,0.0,0.0,0.0,0.0,-0.0,-0.0,0.0,-5.2805772432836115e-21,-2.6402886216418057e-21,-2.6402886216418057e-21,0.0,0.0,-0.0,0.0,0.0,0.0,-0.0,0.0,0.0,0.0,0.0,0.0,4.0,0.0,0.0
12260280,298.6646423339844,303.1499938964844,285.1499938964844,0.0,-0.0,285.1090087890625,0.0,0.0,9.592342394171284e-05,298.6960144042969,303.1499938964844,285.1499938964844,0.0,-0.0,285.1093139648437,0.0,0.0,0.0001010121341096,299.27069091796875,303.1499938964844,285.1499938964844,0.0,-0.0,285.1090393066406,0.0,0.0,7.460731285391375e-05,298.4937438964844,303.1499938964844,285.1499938964844,0.0,-0.0,285.1090393066406,0.0,0.0,0.0001010119958664,298.5370483398437,303.1499938964844,285.1499938964844,0.0,-0.0,285.1077575683594,0.0,0.0,0.0004791561805177,285.0641174316406,294.1499938964844,290.92919921875,284.8765563964844,293.3033447265625,291.0698547363281,285.0895080566406,0.0,0.0,0.0,0.0,1.0,1.0,-0.0010221195407211,8.450383504055026e-09,0.001022111158818,-0.0211894046515226,0.0,0.0,0.0,-0.0090020410716533,60.0,4.12909460067749,-0.0,-7.12297705263154e-08,0.0,282.9992980957031,284.4533386230469,290.2752380371094,291.35028076171875,293.1499938964844,293.1499938964844,278.1499938964844,0.0,18000.0,313.1499938964844,0.0,18000.0,0.0,0.0,0.0,0.0,0.0,0.0,0.0,0.0,0.0,-0.0,-0.0,0.0,-5.2805772432836115e-21,-2.6402886216418057e-21,-2.6402886216418057e-21,0.0,0.0,-0.0,0.0,0.0,0.0,-0.0,0.0,0.0,0.0,0.0,0.0,4.0,0.0,0.0
12260340,298.6630859375,303.1499938964844,285.1499938964844,0.0,-0.0,285.1073303222656,0.0,0.0,9.543003397993743e-05,298.6834411621094,303.1499938964844,285.1499938964844,0.0,-0.0,285.1076354980469,0.0,0.0,0.0001004925725283,299.26715087890625,303.1499938964844,285.1499938964844,0.0,-0.0,285.1073608398437,0.0,0.0,7.422356429742649e-05,298.49139404296875,303.1499938964844,285.1499938964844,0.0,-0.0,285.1073608398437,0.0,0.0,0.0001004924270091,298.5359802246094,303.1499938964844,285.1499938964844,0.0,-0.0,285.1060791015625,0.0,0.0,0.0004766916390508,285.0625305175781,294.1499938964844,290.8722229003906,284.8529663085937,293.25994873046875,291.02008056640625,285.0931701660156,0.0,0.0,0.0,0.0,1.0,1.0,-0.0010168612934648,7.835529558519738e-09,0.0010168534936383,-0.0195791907608509,0.0,0.0,0.0,-0.0086972322314977,60.0,4.064628601074219,-0.0,-7.049879258147487e-08,0.0,282.9992980957031,284.4533386230469,290.2752380371094,291.35028076171875,293.1499938964844,293.1499938964844,278.1499938964844,0.0,18000.0,313.1499938964844,0.0,18000.0,0.0,0.0,0.0,0.0,0.0,0.0,0.0,0.0,0.0,-0.0,-0.0,0.0,-5.2805772432836115e-21,-2.6402886216418057e-21,-2.6402886216418057e-21,0.0,0.0,-0.0,0.0,0.0,0.0,-0.0,0.0,0.0,0.0,0.0,0.0,4.0,0.0,0.0
12260400,298.6630859375,303.1499938964844,285.1499938964844,0.0,-0.0,285.1073303222656,0.0,0.0,9.543003397993743e-05,298.6834411621094,303.1499938964844,285.1499938964844,0.0,-0.0,285.1076354980469,0.0,0.0,0.0001004925725283,299.26715087890625,303.1499938964844,285.1499938964844,0.0,-0.0,285.1073608398437,0.0,0.0,7.422356429742649e-05,298.49139404296875,303.1499938964844,285.1499938964844,0.0,-0.0,285.1073608398437,0.0,0.0,0.0001004924270091,298.5359802246094,303.1499938964844,285.1499938964844,0.0,-0.0,285.1060791015625,0.0,0.0,0.0004766916390508,285.0625305175781,294.1499938964844,290.8722229003906,284.8529663085937,293.25994873046875,291.02008056640625,285.0931701660156,0.0,0.0,0.0,0.0,1.0,1.0,-0.0010168612934648,7.835529558519738e-09,0.0010168534936383,-0.0195791907608509,0.0,0.0,0.0,-0.0086972322314977,60.0,4.064628601074219,-0.0,-7.049879258147487e-08,0.0,282.9992980957031,284.4533386230469,290.2752380371094,291.35028076171875,293.1499938964844,293.1499938964844,278.1499938964844,0.0,18000.0,313.1499938964844,0.0,18000.0,0.0,0.0,0.0,0.0,0.0,0.0,0.0,0.0,0.0,-0.0,-0.0,0.0,-5.2805772432836115e-21,-2.6402886216418057e-21,-2.6402886216418057e-21,0.0,0.0,-0.0,0.0,0.0,0.0,-0.0,0.0,0.0,0.0,0.0,0.0,4.0,0.0,0.0
12260460,298.6620483398437,303.1499938964844,285.1499938964844,0.0,-0.0,285.105712890625,0.0,0.0,9.498612052993848e-05,298.66998291015625,303.1499938964844,285.1499938964844,0.0,-0.0,285.1059875488281,0.0,0.0,0.0001000251068035,299.2635498046875,303.1499938964844,285.1499938964844,0.0,-0.0,285.1057434082031,0.0,0.0,7.387829828076065e-05,298.4889221191406,303.1499938964844,285.1499938964844,0.0,-0.0,285.1057434082031,0.0,0.0,0.0001000249685603,298.5348205566406,303.1499938964844,285.1499938964844,0.0,-0.0,285.1044921875,0.0,0.0,0.0004744742182083,285.06103515625,294.1499938964844,290.8158874511719,284.8295593261719,293.2165222167969,290.97186279296875,285.0968017578125,0.0,0.0,0.0,0.0,1.0,1.0,-0.0010121301747858,7.282330738433984e-09,0.0010121229570358,-0.0181303136050701,0.0,0.0,0.0,-0.0084229866042733,60.0,4.002749443054199,-0.0,-6.984432587842093e-08,0.0,282.9992980957031,284.4533386230469,290.2752380371094,291.35028076171875,293.1499938964844,293.1499938964844,278.1499938964844,0.0,18000.0,313.1499938964844,0.0,18000.0,0.0,0.0,0.0,0.0,0.0,0.0,0.0,0.0,0.0,-0.0,-0.0,0.0,-5.2805772432836115e-21,-2.6402886216418057e-21,-2.6402886216418057e-21,0.0,0.0,-0.0,0.0,0.0,0.0,-0.0,0.0,0.0,0.0,0.0,0.0,4.0,0.0,0.0
12260520,298.6620483398437,303.1499938964844,285.1499938964844,0.0,-0.0,285.105712890625,0.0,0.0,9.498612052993848e-05,298.66998291015625,303.1499938964844,285.1499938964844,0.0,-0.0,285.1059875488281,0.0,0.0,0.0001000251068035,299.2635498046875,303.1499938964844,285.1499938964844,0.0,-0.0,285.1057434082031,0.0,0.0,7.387829828076065e-05,298.4889221191406,303.1499938964844,285.1499938964844,0.0,-0.0,285.1057434082031,0.0,0.0,0.0001000249685603,298.5348205566406,303.1499938964844,285.1499938964844,0.0,-0.0,285.1044921875,0.0,0.0,0.0004744742182083,285.06103515625,294.1499938964844,290.8158874511719,284.8295593261719,293.2165222167969,290.97186279296875,285.0968017578125,0.0,0.0,0.0,0.0,1.0,1.0,-0.0010121301747858,7.282330738433984e-09,0.0010121229570358,-0.0181303136050701,0.0,0.0,0.0,-0.0084229866042733,60.0,4.002749443054199,-0.0,-6.984432587842093e-08,0.0,282.9992980957031,284.4533386230469,290.2752380371094,291.35028076171875,293.1499938964844,293.1499938964844,278.1499938964844,0.0,18000.0,313.1499938964844,0.0,18000.0,0.0,0.0,0.0,0.0,0.0,0.0,0.0,0.0,0.0,-0.0,-0.0,0.0,-5.2805772432836115e-21,-2.6402886216418057e-21,-2.6402886216418057e-21,0.0,0.0,-0.0,0.0,0.0,0.0,-0.0,0.0,0.0,0.0,0.0,0.0,4.0,0.0,0.0
12260580,298.66143798828125,303.1499938964844,285.1499938964844,0.0,-0.0,285.1041564941406,0.0,0.0,9.460365981794894e-05,298.6562805175781,303.1499938964844,285.1499938964844,0.0,-0.0,285.1044311523437,0.0,0.0,9.962235344573855e-05,299.2598876953125,303.1499938964844,285.1499938964844,0.0,-0.0,285.1041564941406,0.0,0.0,7.358082075370476e-05,298.4863586425781,303.1499938964844,285.1499938964844,0.0,-0.0,285.1041564941406,0.0,0.0,9.962221520254388e-05,298.5335998535156,303.1499938964844,285.1499938964844,0.0,-0.0,285.1029357910156,0.0,0.0,0.0004725637263618,285.0596008300781,294.1499938964844,290.76031494140625,284.806396484375,293.173095703125,290.9247741699219,285.1003723144531,0.0,0.0,0.0,0.0,1.0,1.0,-0.0010080537758767,6.805698671286109e-09,0.001008047023788,-0.0168818812817335,0.0,0.0,0.0,-0.0081866979598999,60.0,3.943928718566896,-0.0,-6.92828905357601e-08,0.0,282.9992980957031,284.4533386230469,290.2752380371094,291.35028076171875,293.1499938964844,293.1499938964844,278.1499938964844,0.0,18000.0,313.1499938964844,0.0,18000.0,0.0,0.0,0.0,0.0,0.0,0.0,0.0,0.0,0.0,-0.0,-0.0,0.0,-5.2805772432836115e-21,-2.6402886216418057e-21,-2.6402886216418057e-21,0.0,0.0,-0.0,0.0,0.0,0.0,-0.0,0.0,0.0,0.0,0.0,0.0,4.0,0.0,0.0
12260640,298.66143798828125,303.1499938964844,285.1499938964844,0.0,-0.0,285.1041564941406,0.0,0.0,9.460365981794894e-05,298.6562805175781,303.1499938964844,285.1499938964844,0.0,-0.0,285.1044311523437,0.0,0.0,9.962235344573855e-05,299.2598876953125,303.1499938964844,285.1499938964844,0.0,-0.0,285.1041564941406,0.0,0.0,7.358082075370476e-05,298.4863586425781,303.1499938964844,285.1499938964844,0.0,-0.0,285.1041564941406,0.0,0.0,9.962221520254388e-05,298.5335998535156,303.1499938964844,285.1499938964844,0.0,-0.0,285.1029357910156,0.0,0.0,0.0004725637263618,285.0596008300781,294.1499938964844,290.76031494140625,284.806396484375,293.173095703125,290.9247741699219,285.1003723144531,0.0,0.0,0.0,0.0,1.0,1.0,-0.0010080537758767,6.805698671286109e-09,0.001008047023788,-0.0168818812817335,0.0,0.0,0.0,-0.0081866979598999,60.0,3.943928718566896,-0.0,-6.92828905357601e-08,0.0,282.9992980957031,284.4533386230469,290.2752380371094,291.35028076171875,293.1499938964844,293.1499938964844,278.1499938964844,0.0,18000.0,313.1499938964844,0.0,18000.0,0.0,0.0,0.0,0.0,0.0,0.0,0.0,0.0,0.0,-0.0,-0.0,0.0,-5.2805772432836115e-21,-2.6402886216418057e-21,-2.6402886216418057e-21,0.0,0.0,-0.0,0.0,0.0,0.0,-0.0,0.0,0.0,0.0,0.0,0.0,4.0,0.0,0.0
12260700,298.66131591796875,303.1499938964844,285.1499938964844,0.0,-0.0,285.1033935546875,0.0,0.0,9.443895396543668e-05,298.6494445800781,303.1499938964844,285.1499938964844,0.0,-0.0,285.1036682128906,0.0,0.0,9.944890916813164e-05,299.258056640625,303.1499938964844,285.1499938964844,0.0,-0.0,285.1033935546875,0.0,0.0,7.345272024394944e-05,298.48504638671875,303.1499938964844,285.1499938964844,0.0,-0.0,285.1033935546875,0.0,0.0,9.94487782008946e-05,298.5329284667969,303.1499938964844,285.1499938964844,0.0,-0.0,285.1021728515625,0.0,0.0,0.0004717410192824,285.05889892578125,294.1499938964844,290.7328186035156,284.7948913574219,293.1513366699219,290.9015808105469,285.1021423339844,0.0,0.0,0.0,0.0,1.0,1.0,-0.0010062983492389,6.600441082582621e-09,0.0010062917135655,-0.0163442306220531,0.0,0.0,0.0,-0.0080849425867199,60.0,3.915960788726807,-0.0,-6.904181049094404e-08,0.0,282.9992980957031,284.4533386230469,290.2752380371094,291.35028076171875,293.1499938964844,293.1499938964844,278.1499938964844,0.0,18000.0,313.1499938964844,0.0,18000.0,0.0,0.0,0.0,0.0,0.0,0.0,0.0,0.0,0.0,-0.0,-0.0,0.0,-5.2805772432836115e-21,-2.6402886216418057e-21,-2.6402886216418057e-21,0.0,0.0,-0.0,0.0,0.0,0.0,-0.0,0.0,0.0,0.0,0.0,0.0,4.0,0.0,0.0
12260760,298.6612548828125,303.1499938964844,285.1499938964844,0.0,-0.0,285.1026306152344,0.0,0.0,9.428824705537409e-05,298.6427001953125,303.1499938964844,285.1499938964844,0.0,-0.0,285.1029052734375,0.0,0.0,9.929020598065108e-05,299.2561950683594,303.1499938964844,285.1499938964844,0.0,-0.0,285.1026306152344,0.0,0.0,7.333549729082733e-05,298.4836730957031,303.1499938964844,285.1499938964844,0.0,-0.0,285.1026306152344,0.0,0.0,9.92900677374564e-05,298.53228759765625,303.1499938964844,285.1499938964844,0.0,-0.0,285.1014099121094,0.0,0.0,0.0004709882196038,285.0582275390625,294.1499938964844,290.7055358886719,284.783447265625,293.12957763671875,290.8785705566406,285.1039123535156,0.0,0.0,0.0,0.0,1.0,1.0,-0.001004691934213,6.412615327633375e-09,0.0010046855313703,-0.0158522278070449,0.0,0.0,0.0,-0.0079918289557099,60.0,3.888731002807617,-0.0,-6.882157066456784e-08,0.0,282.9992980957031,284.4533386230469,290.2752380371094,291.35028076171875,293.1499938964844,293.1499938964844,278.1499938964844,0.0,18000.0,313.1499938964844,0.0,18000.0,0.0,0.0,0.0,0.0,0.0,0.0,0.0,0.0,0.0,-0.0,-0.0,0.0,-5.2805772432836115e-21,-2.6402886216418057e-21,-2.6402886216418057e-21,0.0,0.0,-0.0,0.0,0.0,0.0,-0.0,0.0,0.0,0.0,0.0,0.0,4.0,0.0,0.0
12260820,298.66143798828125,303.1499938964844,285.1499938964844,0.0,-0.0,285.10113525390625,0.0,0.0,9.40402751439251e-05,298.6296081542969,303.1499938964844,285.1499938964844,0.0,-0.0,285.1014099121094,0.0,0.0,9.902907913783564e-05,299.2524719238281,303.1499938964844,285.1499938964844,0.0,-0.0,285.1011657714844,0.0,0.0,7.314263348234817e-05,298.4809265136719,303.1499938964844,285.1499938964844,0.0,-0.0,285.1011657714844,0.0,0.0,9.90289481705986e-05,298.5309143066406,303.1499938964844,285.1499938964844,0.0,-0.0,285.0999450683594,0.0,0.0,0.0004697495896834,285.0569152832031,294.1499938964844,290.651611328125,284.7607727050781,293.08599853515625,290.8329162597656,285.1073913574219,0.0,0.0,0.0,0.0,1.0,1.0,-0.0010020487243309,6.103569649695828e-09,0.0010020426707342,-0.015042670071125,0.0,0.0,0.0,-0.0078386198729276,60.0,3.83709979057312,-0.0,-6.845995415005747e-08,0.0,282.9992980957031,284.4533386230469,290.2752380371094,291.35028076171875,293.1499938964844,293.1499938964844,278.1499938964844,0.0,18000.0,313.1499938964844,0.0,18000.0,0.0,0.0,0.0,0.0,0.0,0.0,0.0,0.0,0.0,-0.0,-0.0,0.0,-5.2805772432836115e-21,-2.6402886216418057e-21,-2.6402886216418057e-21,0.0,0.0,-0.0,0.0,0.0,0.0,-0.0,0.0,0.0,0.0,0.0,0.0,4.0,0.0,0.0
12260880,298.66143798828125,303.1499938964844,285.1499938964844,0.0,-0.0,285.10113525390625,0.0,0.0,9.40402751439251e-05,298.6296081542969,303.1499938964844,285.1499938964844,0.0,-0.0,285.1014099121094,0.0,0.0,9.902907913783564e-05,299.2524719238281,303.1499938964844,285.1499938964844,0.0,-0.0,285.1011657714844,0.0,0.0,7.314263348234817e-05,298.4809265136719,303.1499938964844,285.1499938964844,0.0,-0.0,285.1011657714844,0.0,0.0,9.90289481705986e-05,298.5309143066406,303.1499938964844,285.1499938964844,0.0,-0.0,285.0999450683594,0.0,0.0,0.0004697495896834,285.0569152832031,294.1499938964844,290.651611328125,284.7607727050781,293.08599853515625,290.8329162597656,285.1073913574219,0.0,0.0,0.0,0.0,1.0,1.0,-0.0010020487243309,6.103569649695828e-09,0.0010020426707342,-0.015042670071125,0.0,0.0,0.0,-0.0078386198729276,60.0,3.83709979057312,-0.0,-6.845995415005747e-08,0.0,282.9992980957031,284.4533386230469,290.2752380371094,291.35028076171875,293.1499938964844,293.1499938964844,278.1499938964844,0.0,18000.0,313.1499938964844,0.0,18000.0,0.0,0.0,0.0,0.0,0.0,0.0,0.0,0.0,0.0,-0.0,-0.0,0.0,-5.2805772432836115e-21,-2.6402886216418057e-21,-2.6402886216418057e-21,0.0,0.0,-0.0,0.0,0.0,0.0,-0.0,0.0,0.0,0.0,0.0,0.0,4.0,0.0,0.0
12260940,298.6618957519531,303.1499938964844,285.1499938964844,0.0,-0.0,285.0997009277344,0.0,0.0,9.385740850120784e-05,298.6171569824219,303.1499938964844,285.1499938964844,0.0,-0.0,285.0999755859375,0.0,0.0,9.883650636766106e-05,299.24871826171875,303.1499938964844,285.1499938964844,0.0,-0.0,285.0997314453125,0.0,0.0,7.30003957869485e-05,298.4781188964844,303.1499938964844,285.1499938964844,0.0,-0.0,285.0997314453125,0.0,0.0,9.8836375400424e-05,298.5295104980469,303.1499938964844,285.1499938964844,0.0,-0.0,285.0985412597656,0.0,0.0,0.0004688361077569,285.0556335449219,294.1499938964844,290.5986022949219,284.7383728027344,293.0423583984375,290.7875061035156,285.11083984375,0.0,0.0,0.0,0.0,1.0,1.0,-0.0010000992333516,5.875632869134506e-09,0.0010000934125855,-0.014445561915636,0.0,0.0,0.0,-0.0077256211079657,60.0,3.789070844650269,-0.0,-6.81938558955153e-08,0.0,282.9992980957031,284.4533386230469,290.2752380371094,291.35028076171875,293.1499938964844,293.1499938964844,278.1499938964844,0.0,18000.0,313.1499938964844,0.0,18000.0,0.0,0.0,0.0,0.0,0.0,0.0,0.0,0.0,0.0,-0.0,-0.0,0.0,-5.2805772432836115e-21,-2.6402886216418057e-21,-2.6402886216418057e-21,0.0,0.0,-0.0,0.0,0.0,0.0,-0.0,0.0,0.0,0.0,0.0,0.0,4.0,0.0,0.0
12261000,298.6618957519531,303.1499938964844,285.1499938964844,0.0,-0.0,285.0997009277344,0.0,0.0,9.385740850120784e-05,298.6171569824219,303.1499938964844,285.1499938964844,0.0,-0.0,285.0999755859375,0.0,0.0,9.883650636766106e-05,299.24871826171875,303.1499938964844,285.1499938964844,0.0,-0.0,285.0997314453125,0.0,0.0,7.30003957869485e-05,298.4781188964844,303.1499938964844,285.1499938964844,0.0,-0.0,285.0997314453125,0.0,0.0,9.8836375400424e-05,298.5295104980469,303.1499938964844,285.1499938964844,0.0,-0.0,285.0985412597656,0.0,0.0,0.0004688361077569,285.0556335449219,294.1499938964844,290.5986022949219,284.7383728027344,293.0423583984375,290.7875061035156,285.11083984375,0.0,0.0,0.0,0.0,1.0,1.0,-0.0010000992333516,5.875632869134506e-09,0.0010000934125855,-0.014445561915636,0.0,0.0,0.0,-0.0077256211079657,60.0,3.789070844650269,-0.0,-6.81938558955153e-08,0.0,282.9992980957031,284.4533386230469,290.2752380371094,291.35028076171875,293.1499938964844,293.1499938964844,278.1499938964844,0.0,18000.0,313.1499938964844,0.0,18000.0,0.0,0.0,0.0,0.0,0.0,0.0,0.0,0.0,0.0,-0.0,-0.0,0.0,-5.2805772432836115e-21,-2.6402886216418057e-21,-2.6402886216418057e-21,0.0,0.0,-0.0,0.0,0.0,0.0,-0.0,0.0,0.0,0.0,0.0,0.0,4.0,0.0,0.0
12261060,298.6624755859375,303.1499938964844,285.1499938964844,0.0,-0.0,285.09832763671875,0.0,0.0,9.373312786919996e-05,298.60546875,303.1499938964844,285.1499938964844,0.0,-0.0,285.0985717773437,0.0,0.0,9.870563371805474e-05,299.24493408203125,303.1499938964844,285.1499938964844,0.0,-0.0,285.09832763671875,0.0,0.0,7.290372741408646e-05,298.4753112792969,303.1499938964844,285.1499938964844,0.0,-0.0,285.09832763671875,0.0,0.0,9.870550275081769e-05,298.5281066894531,303.1499938964844,285.1499938964844,0.0,-0.0,285.09716796875,0.0,0.0,0.0004682153230533,285.054443359375,294.1499938964844,290.546630859375,284.7162780761719,292.9986267089844,290.7420349121094,285.1142578125,0.0,0.0,0.0,0.0,1.0,1.0,-0.0009987740777432,5.7207008019588565e-09,0.0009987683733925,-0.0140396896749734,0.0,0.0,0.0,-0.0076488140039145,60.0,3.744296550750733,-0.0,-6.801328567007658e-08,0.0,282.9992980957031,284.4533386230469,290.2752380371094,291.35028076171875,293.1499938964844,293.1499938964844,278.1499938964844,0.0,18000.0,313.1499938964844,0.0,18000.0,0.0,0.0,0.0,0.0,0.0,0.0,0.0,0.0,0.0,-0.0,-0.0,0.0,-5.2805772432836115e-21,-2.6402886216418057e-21,-2.6402886216418057e-21,0.0,0.0,-0.0,0.0,0.0,0.0,-0.0,0.0,0.0,0.0,0.0,0.0,4.0,0.0,0.0
12261120,298.6624755859375,303.1499938964844,285.1499938964844,0.0,-0.0,285.09832763671875,0.0,0.0,9.373312786919996e-05,298.60546875,303.1499938964844,285.1499938964844,0.0,-0.0,285.0985717773437,0.0,0.0,9.870563371805474e-05,299.24493408203125,303.1499938964844,285.1499938964844,0.0,-0.0,285.09832763671875,0.0,0.0,7.290372741408646e-05,298.4753112792969,303.1499938964844,285.1499938964844,0.0,-0.0,285.09832763671875,0.0,0.0,9.870550275081769e-05,298.5281066894531,303.1499938964844,285.1499938964844,0.0,-0.0,285.09716796875,0.0,0.0,0.0004682153230533,285.054443359375,294.1499938964844,290.546630859375,284.7162780761719,292.9986267089844,290.7420349121094,285.1142578125,0.0,0.0,0.0,0.0,1.0,1.0,-0.0009987740777432,5.7207008019588565e-09,0.0009987683733925,-0.0140396896749734,0.0,0.0,0.0,-0.0076488140039145,60.0,3.744296550750733,-0.0,-6.801328567007658e-08,0.0,282.9992980957031,284.4533386230469,290.2752380371094,291.35028076171875,293.1499938964844,293.1499938964844,278.1499938964844,0.0,18000.0,313.1499938964844,0.0,18000.0,0.0,0.0,0.0,0.0,0.0,0.0,0.0,0.0,0.0,-0.0,-0.0,0.0,-5.2805772432836115e-21,-2.6402886216418057e-21,-2.6402886216418057e-21,0.0,0.0,-0.0,0.0,0.0,0.0,-0.0,0.0,0.0,0.0,0.0,0.0,4.0,0.0,0.0
12261180,298.6629943847656,303.1499938964844,285.1499938964844,0.0,-0.0,285.09698486328125,0.0,0.0,9.365836740471424e-05,298.5946655273437,303.1499938964844,285.1499938964844,0.0,-0.0,285.09722900390625,0.0,0.0,9.862690785666928e-05,299.2411499023437,303.1499938964844,285.1499938964844,0.0,-0.0,285.09698486328125,0.0,0.0,7.284558523679152e-05,298.47247314453125,303.1499938964844,285.1499938964844,0.0,-0.0,285.09698486328125,0.0,0.0,9.862678416538984e-05,298.52667236328125,303.1499938964844,285.1499938964844,0.0,-0.0,285.0958251953125,0.0,0.0,0.0004678419209085,285.05328369140625,294.1499938964844,290.4956970214844,284.6944885253906,292.9548034667969,290.6962890625,285.1176147460937,0.0,0.0,0.0,0.0,1.0,1.0,-0.0009979766327887,5.627474486402661e-09,0.0009979710448533,-0.013795462436974,0.0,0.0,0.0,-0.007602596655488,60.0,3.702611207962036,-0.0,-6.790474316176187e-08,0.0,282.9992980957031,284.4533386230469,290.2752380371094,291.35028076171875,293.1499938964844,293.1499938964844,278.1499938964844,0.0,18000.0,313.1499938964844,0.0,18000.0,0.0,0.0,0.0,0.0,0.0,0.0,0.0,0.0,0.0,-0.0,-0.0,0.0,-5.2805772432836115e-21,-2.6402886216418057e-21,-2.6402886216418057e-21,0.0,0.0,-0.0,0.0,0.0,0.0,-0.0,0.0,0.0,0.0,0.0,0.0,4.0,0.0,0.0
12261240,298.6629943847656,303.1499938964844,285.1499938964844,0.0,-0.0,285.09698486328125,0.0,0.0,9.365836740471424e-05,298.5946655273437,303.1499938964844,285.1499938964844,0.0,-0.0,285.09722900390625,0.0,0.0,9.862690785666928e-05,299.2411499023437,303.1499938964844,285.1499938964844,0.0,-0.0,285.09698486328125,0.0,0.0,7.284558523679152e-05,298.47247314453125,303.1499938964844,285.1499938964844,0.0,-0.0,285.09698486328125,0.0,0.0,9.862678416538984e-05,298.52667236328125,303.1499938964844,285.1499938964844,0.0,-0.0,285.0958251953125,0.0,0.0,0.0004678419209085,285.05328369140625,294.1499938964844,290.4956970214844,284.6944885253906,292.9548034667969,290.6962890625,285.1176147460937,0.0,0.0,0.0,0.0,1.0,1.0,-0.0009979766327887,5.627474486402661e-09,0.0009979710448533,-0.013795462436974,0.0,0.0,0.0,-0.007602596655488,60.0,3.702611207962036,-0.0,-6.790474316176187e-08,0.0,282.9992980957031,284.4533386230469,290.2752380371094,291.35028076171875,293.1499938964844,293.1499938964844,278.1499938964844,0.0,18000.0,313.1499938964844,0.0,18000.0,0.0,0.0,0.0,0.0,0.0,0.0,0.0,0.0,0.0,-0.0,-0.0,0.0,-5.2805772432836115e-21,-2.6402886216418057e-21,-2.6402886216418057e-21,0.0,0.0,-0.0,0.0,0.0,0.0,-0.0,0.0,0.0,0.0,0.0,0.0,4.0,0.0,0.0
12261300,298.6631774902344,303.1499938964844,285.1499938964844,0.0,-0.0,285.0963134765625,0.0,0.0,9.363569552078844e-05,298.5896301269531,303.1499938964844,285.1499938964844,0.0,-0.0,285.0965881347656,0.0,0.0,9.860303543973714e-05,299.2392578125,303.1499938964844,285.1499938964844,0.0,-0.0,285.0963439941406,0.0,0.0,7.282794831553474e-05,298.4710388183594,303.1499938964844,285.1499938964844,0.0,-0.0,285.0963439941406,0.0,0.0,9.860290447250009e-05,298.52593994140625,303.1499938964844,285.1499938964844,0.0,-0.0,285.0951843261719,0.0,0.0,0.0004677286779042,285.052734375,294.1499938964844,290.4706726074219,284.6837158203125,292.9328308105469,290.6732482910156,285.1192626953125,0.0,0.0,0.0,0.0,1.0,1.0,-0.00099773472175,5.599184227378373e-09,0.0009977291338145,-0.0137213505804538,0.0,0.0,0.0,-0.0075885718688368,60.0,3.682817220687866,-0.0,-6.78718237168141e-08,0.0,282.9992980957031,284.4533386230469,290.2752380371094,291.35028076171875,293.1499938964844,293.1499938964844,278.1499938964844,0.0,18000.0,313.1499938964844,0.0,18000.0,0.0,0.0,0.0,0.0,0.0,0.0,0.0,0.0,0.0,-0.0,-0.0,0.0,-5.2805772432836115e-21,-2.6402886216418057e-21,-2.6402886216418057e-21,0.0,0.0,-0.0,0.0,0.0,0.0,-0.0,0.0,0.0,0.0,0.0,0.0,4.0,0.0,0.0
12261360,298.6632995605469,303.1499938964844,285.1499938964844,0.0,-0.0,285.0956726074219,0.0,0.0,9.361961565446109e-05,298.5848083496094,303.1499938964844,285.1499938964844,0.0,-0.0,285.0959167480469,0.0,0.0,9.858609701041132e-05,299.23736572265625,303.1499938964844,285.1499938964844,0.0,-0.0,285.0956726074219,0.0,0.0,7.281544094439596e-05,298.4696350097656,303.1499938964844,285.1499938964844,0.0,-0.0,285.095703125,0.0,0.0,9.858597331913188e-05,298.5252380371094,303.1499938964844,285.1499938964844,0.0,-0.0,285.09454345703125,0.0,0.0,0.0004676483513321,285.0522155761719,294.1499938964844,290.4459228515625,284.67303466796875,292.910888671875,290.650146484375,285.1209411621094,0.0,0.0,0.0,0.0,1.0,1.0,-0.000997562892735,5.579106954201052e-09,0.0009975573047995,-0.0136687522754073,0.0,0.0,0.0,-0.0075786178931593,60.0,3.6635241508483887,-0.0,-6.784846107166231e-08,0.0,282.9992980957031,284.4533386230469,290.2752380371094,291.35028076171875,293.1499938964844,293.1499938964844,278.1499938964844,0.0,18000.0,313.1499938964844,0.0,18000.0,0.0,0.0,0.0,0.0,0.0,0.0,0.0,0.0,0.0,-0.0,-0.0,0.0,-5.2805772432836115e-21,-2.6402886216418057e-21,-2.6402886216418057e-21,0.0,0.0,-0.0,0.0,0.0,0.0,-0.0,0.0,0.0,0.0,0.0,0.0,4.0,0.0,0.0
12261420,298.6631164550781,303.1499938964844,285.1499938964844,0.0,-0.0,285.0943908691406,0.0,0.0,9.360202238895e-05,298.5758972167969,303.1499938964844,285.1499938964844,0.0,-0.0,285.0946655273437,0.0,0.0,9.85675724223256e-05,299.23358154296875,303.1499938964844,285.1499938964844,0.0,-0.0,285.09442138671875,0.0,0.0,7.280175486812368e-05,298.46685791015625,303.1499938964844,285.1499938964844,0.0,-0.0,285.09442138671875,0.0,0.0,9.856744873104616e-05,298.5238037109375,303.1499938964844,285.1499938964844,0.0,-0.0,285.0932922363281,0.0,0.0,0.000467560486868,285.0511779785156,294.1499938964844,290.3973083496094,284.65191650390625,292.86688232421875,290.60369873046875,285.12420654296875,0.0,0.0,0.0,0.0,1.0,1.0,-0.0009973747655749,5.557105886566661e-09,0.0009973691776394,-0.0136111164465546,0.0,0.0,0.0,-0.007567711174488,60.0,3.626376867294312,-0.0,-6.782287442774759e-08,0.0,282.9992980957031,284.4533386230469,290.2752380371094,291.35028076171875,293.1499938964844,293.1499938964844,278.1499938964844,0.0,18000.0,313.1499938964844,0.0,18000.0,0.0,0.0,0.0,0.0,0.0,0.0,0.0,0.0,0.0,-0.0,-0.0,0.0,-5.2805772432836115e-21,-2.6402886216418057e-21,-2.6402886216418057e-21,0.0,0.0,-0.0,0.0,0.0,0.0,-0.0,0.0,0.0,0.0,0.0,0.0,4.0,0.0,0.0
12261480,298.6631164550781,303.1499938964844,285.1499938964844,0.0,-0.0,285.0943908691406,0.0,0.0,9.360202238895e-05,298.5758972167969,303.1499938964844,285.1499938964844,0.0,-0.0,285.0946655273437,0.0,0.0,9.85675724223256e-05,299.23358154296875,303.1499938964844,285.1499938964844,0.0,-0.0,285.09442138671875,0.0,0.0,7.280175486812368e-05,298.46685791015625,303.1499938964844,285.1499938964844,0.0,-0.0,285.09442138671875,0.0,0.0,9.856744873104616e-05,298.5238037109375,303.1499938964844,285.1499938964844,0.0,-0.0,285.0932922363281,0.0,0.0,0.000467560486868,285.0511779785156,294.1499938964844,290.3973083496094,284.65191650390625,292.86688232421875,290.60369873046875,285.12420654296875,0.0,0.0,0.0,0.0,1.0,1.0,-0.0009973747655749,5.557105886566661e-09,0.0009973691776394,-0.0136111164465546,0.0,0.0,0.0,-0.007567711174488,60.0,3.626376867294312,-0.0,-6.782287442774759e-08,0.0,282.9992980957031,284.4533386230469,290.2752380371094,291.35028076171875,293.1499938964844,293.1499938964844,278.1499938964844,0.0,18000.0,313.1499938964844,0.0,18000.0,0.0,0.0,0.0,0.0,0.0,0.0,0.0,0.0,0.0,-0.0,-0.0,0.0,-5.2805772432836115e-21,-2.6402886216418057e-21,-2.6402886216418057e-21,0.0,0.0,-0.0,0.0,0.0,0.0,-0.0,0.0,0.0,0.0,0.0,0.0,4.0,0.0,0.0
12261540,298.66229248046875,303.1499938964844,285.1499938964844,0.0,-0.0,285.0931701660156,0.0,0.0,9.35930511332117e-05,298.56805419921875,303.1499938964844,285.1499938964844,0.0,-0.0,285.0934143066406,0.0,0.0,9.855811367742716e-05,299.22979736328125,303.1499938964844,285.1499938964844,0.0,-0.0,285.0932006835937,0.0,0.0,7.279476994881406e-05,298.464111328125,303.1499938964844,285.1499938964844,0.0,-0.0,285.0932006835937,0.0,0.0,9.855799726210536e-05,298.5223999023437,303.1499938964844,285.1499938964844,0.0,-0.0,285.0920715332031,0.0,0.0,0.0004675156669691,285.0502014160156,294.1499938964844,290.3500061035156,284.63116455078125,292.82281494140625,290.55712890625,285.12744140625,0.0,0.0,0.0,0.0,1.0,1.0,-0.0009972783736884,5.5458402314911845e-09,0.000997272785753,-0.013581602834165,0.0,0.0,0.0,-0.0075621264986693,60.0,3.590710163116455,-0.0,-6.780977201970019e-08,0.0,282.9992980957031,284.4533386230469,290.2752380371094,291.35028076171875,293.1499938964844,293.1499938964844,278.1499938964844,0.0,18000.0,313.1499938964844,0.0,18000.0,0.0,0.0,0.0,0.0,0.0,0.0,0.0,0.0,0.0,-0.0,-0.0,0.0,-5.2805772432836115e-21,-2.6402886216418057e-21,-2.6402886216418057e-21,0.0,0.0,-0.0,0.0,0.0,0.0,-0.0,0.0,0.0,0.0,0.0,0.0,4.0,0.0,0.0
12261600,298.66229248046875,303.1499938964844,285.1499938964844,0.0,-0.0,285.0931701660156,0.0,0.0,9.35930511332117e-05,298.56805419921875,303.1499938964844,285.1499938964844,0.0,-0.0,285.0934143066406,0.0,0.0,9.855811367742716e-05,299.22979736328125,303.1499938964844,285.1499938964844,0.0,-0.0,285.0932006835937,0.0,0.0,7.279476994881406e-05,298.464111328125,303.1499938964844,285.1499938964844,0.0,-0.0,285.0932006835937,0.0,0.0,9.855799726210536e-05,298.5223999023437,303.1499938964844,285.1499938964844,0.0,-0.0,285.0920715332031,0.0,0.0,0.0004675156669691,285.0502014160156,294.1499938964844,290.3500061035156,284.63116455078125,292.82281494140625,290.55712890625,285.12744140625,0.0,0.0,0.0,0.0,1.0,1.0,-0.0009972783736884,5.5458402314911845e-09,0.000997272785753,-0.013581602834165,0.0,0.0,0.0,-0.0075621264986693,60.0,3.590710163116455,-0.0,-6.780977201970019e-08,0.0,282.9992980957031,284.4533386230469,290.2752380371094,291.35028076171875,293.1499938964844,293.1499938964844,278.1499938964844,0.0,18000.0,313.1499938964844,0.0,18000.0,0.0,0.0,0.0,0.0,0.0,0.0,0.0,0.0,0.0,-0.0,-0.0,0.0,-5.2805772432836115e-21,-2.6402886216418057e-21,-2.6402886216418057e-21,0.0,0.0,-0.0,0.0,0.0,0.0,-0.0,0.0,0.0,0.0,0.0,0.0,4.0,0.0,0.0
12261660,298.6605529785156,303.1499938964844,285.1499938964844,0.0,-0.0,285.09197998046875,0.0,0.0,9.358773240819572e-05,298.5613098144531,303.1499938964844,285.1499938964844,0.0,-0.0,285.0922241210937,0.0,0.0,9.855251846602188e-05,299.2260437011719,303.1499938964844,285.1499938964844,0.0,-0.0,285.0920104980469,0.0,0.0,7.279063720488921e-05,298.4613952636719,303.1499938964844,285.1499938964844,0.0,-0.0,285.0920104980469,0.0,0.0,9.855240205070004e-05,298.52099609375,303.1499938964844,285.1499938964844,0.0,-0.0,285.0909118652344,0.0,0.0,0.0004674891242757,285.0492553710937,294.1499938964844,290.3039855957031,284.60858154296875,292.7787170410156,290.5106506347656,285.1306457519531,0.0,0.0,0.0,0.0,1.0,1.0,-0.0009972210973501,5.539142478028225e-09,0.0009972155094146,-0.0135640557855367,0.0,0.0,0.0,-0.0075588058680295,60.0,3.5562121868133545,-0.0,-6.78019773658889e-08,0.0,282.9992980957031,284.4533386230469,290.2752380371094,291.35028076171875,293.1499938964844,293.1499938964844,278.1499938964844,0.0,18000.0,313.1499938964844,0.0,18000.0,0.0,0.0,0.0,0.0,0.0,0.0,0.0,0.0,0.0,-0.0,-0.0,0.0,-5.2805772432836115e-21,-2.6402886216418057e-21,-2.6402886216418057e-21,0.0,0.0,-0.0,0.0,0.0,0.0,-0.0,0.0,0.0,0.0,0.0,0.0,4.0,0.0,0.0
12261720,298.6605529785156,303.1499938964844,285.1499938964844,0.0,-0.0,285.09197998046875,0.0,0.0,9.358773240819572e-05,298.5613098144531,303.1499938964844,285.1499938964844,0.0,-0.0,285.0922241210937,0.0,0.0,9.855251846602188e-05,299.2260437011719,303.1499938964844,285.1499938964844,0.0,-0.0,285.0920104980469,0.0,0.0,7.279063720488921e-05,298.4613952636719,303.1499938964844,285.1499938964844,0.0,-0.0,285.0920104980469,0.0,0.0,9.855240205070004e-05,298.52099609375,303.1499938964844,285.1499938964844,0.0,-0.0,285.0909118652344,0.0,0.0,0.0004674891242757,285.0492553710937,294.1499938964844,290.3039855957031,284.60858154296875,292.7787170410156,290.5106506347656,285.1306457519531,0.0,0.0,0.0,0.0,1.0,1.0,-0.0009972210973501,5.539142478028225e-09,0.0009972155094146,-0.0135640557855367,0.0,0.0,0.0,-0.0075588058680295,60.0,3.5562121868133545,-0.0,-6.78019773658889e-08,0.0,282.9992980957031,284.4533386230469,290.2752380371094,291.35028076171875,293.1499938964844,293.1499938964844,278.1499938964844,0.0,18000.0,313.1499938964844,0.0,18000.0,0.0,0.0,0.0,0.0,0.0,0.0,0.0,0.0,0.0,-0.0,-0.0,0.0,-5.2805772432836115e-21,-2.6402886216418057e-21,-2.6402886216418057e-21,0.0,0.0,-0.0,0.0,0.0,0.0,-0.0,0.0,0.0,0.0,0.0,0.0,4.0,0.0,0.0
12261780,298.65771484375,303.1499938964844,285.1499938964844,0.0,-0.0,285.0908508300781,0.0,0.0,9.359025716548786e-05,298.5557861328125,303.1499938964844,285.1499938964844,0.0,-0.0,285.0910949707031,0.0,0.0,9.855517419055104e-05,299.2222595214844,303.1499938964844,285.1499938964844,0.0,-0.0,285.0908508300781,0.0,0.0,7.279259443748742e-05,298.4587707519531,303.1499938964844,285.1499938964844,0.0,-0.0,285.0908508300781,0.0,0.0,9.855505777522922e-05,298.5195617675781,303.1499938964844,285.1499938964844,0.0,-0.0,285.0897521972656,0.0,0.0,0.0004675017262343,285.0483703613281,294.1499938964844,290.2592468261719,284.5820617675781,292.734619140625,290.46441650390625,285.1338195800781,0.0,0.0,0.0,0.0,1.0,1.0,-0.0009972471743822,5.542204029040931e-09,0.000997241702862,-0.0135720763355493,0.0,0.0,0.0,-0.0075603234581649,60.0,3.522850513458252,-0.0,-6.780553718499506e-08,0.0,282.9992980957031,284.4533386230469,290.2752380371094,291.35028076171875,293.1499938964844,293.1499938964844,278.1499938964844,0.0,18000.0,313.1499938964844,0.0,18000.0,0.0,0.0,0.0,0.0,0.0,0.0,0.0,0.0,0.0,-0.0,-0.0,0.0,-5.2805772432836115e-21,-2.6402886216418057e-21,-2.6402886216418057e-21,0.0,0.0,-0.0,0.0,0.0,0.0,-0.0,0.0,0.0,0.0,0.0,0.0,4.0,0.0,0.0
12261840,298.65771484375,303.1499938964844,285.1499938964844,0.0,-0.0,285.0908508300781,0.0,0.0,9.359025716548786e-05,298.5557861328125,303.1499938964844,285.1499938964844,0.0,-0.0,285.0910949707031,0.0,0.0,9.855517419055104e-05,299.2222595214844,303.1499938964844,285.1499938964844,0.0,-0.0,285.0908508300781,0.0,0.0,7.279259443748742e-05,298.4587707519531,303.1499938964844,285.1499938964844,0.0,-0.0,285.0908508300781,0.0,0.0,9.855505777522922e-05,298.5195617675781,303.1499938964844,285.1499938964844,0.0,-0.0,285.0897521972656,0.0,0.0,0.0004675017262343,285.0483703613281,294.1499938964844,290.2592468261719,284.5820617675781,292.734619140625,290.46441650390625,285.1338195800781,0.0,0.0,0.0,0.0,1.0,1.0,-0.0009972471743822,5.542204029040931e-09,0.000997241702862,-0.0135720763355493,0.0,0.0,0.0,-0.0075603234581649,60.0,3.522850513458252,-0.0,-6.780553718499506e-08,0.0,282.9992980957031,284.4533386230469,290.2752380371094,291.35028076171875,293.1499938964844,293.1499938964844,278.1499938964844,0.0,18000.0,313.1499938964844,0.0,18000.0,0.0,0.0,0.0,0.0,0.0,0.0,0.0,0.0,0.0,-0.0,-0.0,0.0,-5.2805772432836115e-21,-2.6402886216418057e-21,-2.6402886216418057e-21,0.0,0.0,-0.0,0.0,0.0,0.0,-0.0,0.0,0.0,0.0,0.0,0.0,4.0,0.0,0.0
12261900,298.6557922363281,303.1499938964844,285.1499938964844,0.0,-0.0,285.0902709960937,0.0,0.0,9.359815885545686e-05,298.55352783203125,303.1499938964844,285.1499938964844,0.0,-0.0,285.09051513671875,0.0,0.0,9.856349061010404e-05,299.22039794921875,303.1499938964844,285.1499938964844,0.0,-0.0,285.0903015136719,0.0,0.0,7.279874262167141e-05,298.4574584960937,303.1499938964844,285.1499938964844,0.0,-0.0,285.0903015136719,0.0,0.0,9.856337419478224e-05,298.5188293457031,303.1499938964844,285.1499938964844,0.0,-0.0,285.0892028808594,0.0,0.0,0.0004675412201322,285.0479431152344,294.1499938964844,290.2373352050781,284.56744384765625,292.7125549316406,290.44140625,285.1353759765625,0.0,0.0,0.0,0.0,1.0,1.0,-0.0009973309934139,5.552009518794421e-09,0.0009973254054784,-0.0135977650061249,0.0,0.0,0.0,-0.0075651840306818,60.0,3.506674766540528,-0.0,-6.7816941395904e-08,0.0,282.9992980957031,284.4533386230469,290.2752380371094,291.35028076171875,293.1499938964844,293.1499938964844,278.1499938964844,0.0,18000.0,313.1499938964844,0.0,18000.0,0.0,0.0,0.0,0.0,0.0,0.0,0.0,0.0,0.0,-0.0,-0.0,0.0,-5.2805772432836115e-21,-2.6402886216418057e-21,-2.6402886216418057e-21,0.0,0.0,-0.0,0.0,0.0,0.0,-0.0,0.0,0.0,0.0,0.0,0.0,4.0,0.0,0.0
12261960,298.6535949707031,303.1499938964844,285.1499938964844,0.0,-0.0,285.0897216796875,0.0,0.0,9.361239790450782e-05,298.55157470703125,303.1499938964844,285.1499938964844,0.0,-0.0,285.0899658203125,0.0,0.0,9.857848635874689e-05,299.218505859375,303.1499938964844,285.1499938964844,0.0,-0.0,285.0897521972656,0.0,0.0,7.280980935320258e-05,298.4561767578125,303.1499938964844,285.1499938964844,0.0,-0.0,285.0897521972656,0.0,0.0,9.857836994342506e-05,298.5180969238281,303.1499938964844,285.1499938964844,0.0,-0.0,285.0886535644531,0.0,0.0,0.0004676123498938,285.04754638671875,294.1499938964844,290.2156982421875,284.552001953125,292.69049072265625,290.4184875488281,285.1369323730469,0.0,0.0,0.0,0.0,1.0,1.0,-0.0009974823333323,5.569710470609834e-09,0.0009974767453968,-0.0136441374197602,0.0,0.0,0.0,-0.0075739594176411,60.0,3.490833282470703,-0.0,-6.783753292438632e-08,0.0,282.9992980957031,284.4533386230469,290.2752380371094,291.35028076171875,293.1499938964844,293.1499938964844,278.1499938964844,0.0,18000.0,313.1499938964844,0.0,18000.0,0.0,0.0,0.0,0.0,0.0,0.0,0.0,0.0,0.0,-0.0,-0.0,0.0,-5.2805772432836115e-21,-2.6402886216418057e-21,-2.6402886216418057e-21,0.0,0.0,-0.0,0.0,0.0,0.0,-0.0,0.0,0.0,0.0,0.0,0.0,4.0,0.0,0.0
12262020,298.6483154296875,303.1499938964844,285.1499938964844,0.0,-0.0,285.0886535644531,0.0,0.0,9.366981248604134e-05,298.5487365722656,303.1499938964844,285.1499938964844,0.0,-0.0,285.0888977050781,0.0,0.0,9.863894956652076e-05,299.2147216796875,303.1499938964844,285.1499938964844,0.0,-0.0,285.08868408203125,0.0,0.0,7.285446918103844e-05,298.4536437988281,303.1499938964844,285.1499938964844,0.0,-0.0,285.08868408203125,0.0,0.0,9.863883315119892e-05,298.5165710449219,303.1499938964844,285.1499938964844,0.0,-0.0,285.0876159667969,0.0,0.0,0.000467899168143,285.0467529296875,294.1499938964844,290.1732788085937,284.5186462402344,292.6463623046875,290.3727111816406,285.1400451660156,0.0,0.0,0.0,0.0,1.0,1.0,-0.0009980933973565,5.641174638526536e-09,0.0009980876930058,-0.0138313546776771,0.0,0.0,0.0,-0.0076093864627182,60.0,3.4605913162231445,-0.0,-6.792068774075234e-08,0.0,282.9992980957031,284.4533386230469,290.2752380371094,291.35028076171875,293.1499938964844,293.1499938964844,278.1499938964844,0.0,18000.0,313.1499938964844,0.0,18000.0,0.0,0.0,0.0,0.0,0.0,0.0,0.0,0.0,0.0,-0.0,-0.0,0.0,-5.2805772432836115e-21,-2.6402886216418057e-21,-2.6402886216418057e-21,0.0,0.0,-0.0,0.0,0.0,0.0,-0.0,0.0,0.0,0.0,0.0,0.0,4.0,0.0,0.0
12262080,298.6483154296875,303.1499938964844,285.1499938964844,0.0,-0.0,285.0886535644531,0.0,0.0,9.366981248604134e-05,298.5487365722656,303.1499938964844,285.1499938964844,0.0,-0.0,285.0888977050781,0.0,0.0,9.863894956652076e-05,299.2147216796875,303.1499938964844,285.1499938964844,0.0,-0.0,285.08868408203125,0.0,0.0,7.285446918103844e-05,298.4536437988281,303.1499938964844,285.1499938964844,0.0,-0.0,285.08868408203125,0.0,0.0,9.863883315119892e-05,298.5165710449219,303.1499938964844,285.1499938964844,0.0,-0.0,285.0876159667969,0.0,0.0,0.000467899168143,285.0467529296875,294.1499938964844,290.1732788085937,284.5186462402344,292.6463623046875,290.3727111816406,285.1400451660156,0.0,0.0,0.0,0.0,1.0,1.0,-0.0009980933973565,5.641174638526536e-09,0.0009980876930058,-0.0138313546776771,0.0,0.0,0.0,-0.0076093864627182,60.0,3.4605913162231445,-0.0,-6.792068774075234e-08,0.0,282.9992980957031,284.4533386230469,290.2752380371094,291.35028076171875,293.1499938964844,293.1499938964844,278.1499938964844,0.0,18000.0,313.1499938964844,0.0,18000.0,0.0,0.0,0.0,0.0,0.0,0.0,0.0,0.0,0.0,-0.0,-0.0,0.0,-5.2805772432836115e-21,-2.6402886216418057e-21,-2.6402886216418057e-21,0.0,0.0,-0.0,0.0,0.0,0.0,-0.0,0.0,0.0,0.0,0.0,0.0,4.0,0.0,0.0
12262140,298.6448059082031,303.1499938964844,285.1499938964844,0.0,-0.0,285.08807373046875,0.0,0.0,9.372564090881497e-05,298.5478820800781,303.1499938964844,285.1499938964844,0.0,-0.0,285.0883178710937,0.0,0.0,9.869773930404337e-05,299.21258544921875,303.1499938964844,285.1499938964844,0.0,-0.0,285.08807373046875,0.0,0.0,7.289789209607989e-05,298.45220947265625,303.1499938964844,285.1499938964844,0.0,-0.0,285.0881042480469,0.0,0.0,9.869762288872153e-05,298.51568603515625,303.1499938964844,285.1499938964844,0.0,-0.0,285.0870361328125,0.0,0.0,0.0004681780410464,285.0463256835937,294.1499938964844,290.1499938964844,284.4986877441406,292.62164306640625,290.3470458984375,285.1417541503906,0.0,0.0,0.0,0.0,1.0,1.0,-0.0009986878139898,5.710689254811996e-09,0.000998682109639,-0.0140134636312723,0.0,0.0,0.0,-0.0076438472606241,60.0,3.444764852523804,-0.0,-6.800162566378276e-08,0.0,282.9992980957031,284.4533386230469,290.2752380371094,291.35028076171875,293.1499938964844,293.1499938964844,278.1499938964844,0.0,18000.0,313.1499938964844,0.0,18000.0,0.0,0.0,0.0,0.0,0.0,0.0,0.0,0.0,0.0,-0.0,-0.0,0.0,-5.2805772432836115e-21,-2.6402886216418057e-21,-2.6402886216418057e-21,0.0,0.0,-0.0,0.0,0.0,0.0,-0.0,0.0,0.0,0.0,0.0,0.0,4.0,0.0,0.0
12262200,298.6418762207031,303.1499938964844,285.1499938964844,0.0,-0.0,285.0876159667969,0.0,0.0,9.378062532050536e-05,298.5475158691406,303.1499938964844,285.1499938964844,0.0,-0.0,285.0878601074219,0.0,0.0,9.87556340987794e-05,299.2109069824219,303.1499938964844,285.1499938964844,0.0,-0.0,285.087646484375,0.0,0.0,7.294065289897844e-05,298.4511108398437,303.1499938964844,285.1499938964844,0.0,-0.0,285.087646484375,0.0,0.0,9.875551768345758e-05,298.51495361328125,303.1499938964844,285.1499938964844,0.0,-0.0,285.0865783691406,0.0,0.0,0.0004684526938945,285.0460205078125,294.1499938964844,290.1319580078125,284.4823913574219,292.60223388671875,290.3268737792969,285.1430969238281,0.0,0.0,0.0,0.0,1.0,1.0,-0.0009992732666432,5.779160705543518e-09,0.0009992674458771,-0.0141928372904658,0.0,0.0,0.0,-0.0076777911745011,60.0,3.432807922363281,-0.0,-6.808139119129919e-08,0.0,282.9992980957031,284.4533386230469,290.2752380371094,291.35028076171875,293.1499938964844,293.1499938964844,278.1499938964844,0.0,18000.0,313.1499938964844,0.0,18000.0,0.0,0.0,0.0,0.0,0.0,0.0,0.0,0.0,0.0,-0.0,-0.0,0.0,-5.2805772432836115e-21,-2.6402886216418057e-21,-2.6402886216418057e-21,0.0,0.0,-0.0,0.0,0.0,0.0,-0.0,0.0,0.0,0.0,0.0,0.0,4.0,0.0,0.0
12262260,298.63458251953125,303.1499938964844,285.1499938964844,0.0,-0.0,285.0866394042969,0.0,0.0,9.395960660185664e-05,298.5478820800781,303.1499938964844,285.1499938964844,0.0,-0.0,285.0868530273437,0.0,0.0,9.894411050481722e-05,299.20703125,303.1499938964844,285.1499938964844,0.0,-0.0,285.0866394042969,0.0,0.0,7.3079856520053e-05,298.44854736328125,303.1499938964844,285.1499938964844,0.0,-0.0,285.0866394042969,0.0,0.0,9.89439940894954e-05,298.51318359375,303.1499938964844,285.1499938964844,0.0,-0.0,285.0856018066406,0.0,0.0,0.0004693467635661,285.0453491210937,294.1499938964844,290.09161376953125,284.4434814453125,292.55810546875,290.28057861328125,285.1461181640625,0.0,0.0,0.0,0.0,1.0,1.0,-0.0010011795675382,6.002085495282472e-09,0.0010011735139414,-0.014776824042201,0.0,0.0,0.0,-0.0077883037738502,60.0,3.407753229141236,-0.0,-6.834142141087797e-08,0.0,282.9992980957031,284.4533386230469,290.2752380371094,291.35028076171875,293.1499938964844,293.1499938964844,278.1499938964844,0.0,18000.0,313.1499938964844,0.0,18000.0,0.0,0.0,0.0,0.0,0.0,0.0,0.0,0.0,0.0,-0.0,-0.0,0.0,-5.2805772432836115e-21,-2.6402886216418057e-21,-2.6402886216418057e-21,0.0,0.0,-0.0,0.0,0.0,0.0,-0.0,0.0,0.0,0.0,0.0,0.0,4.0,0.0,0.0
12262320,298.63458251953125,303.1499938964844,285.1499938964844,0.0,-0.0,285.0866394042969,0.0,0.0,9.395960660185664e-05,298.5478820800781,303.1499938964844,285.1499938964844,0.0,-0.0,285.0868530273437,0.0,0.0,9.894411050481722e-05,299.20703125,303.1499938964844,285.1499938964844,0.0,-0.0,285.0866394042969,0.0,0.0,7.3079856520053e-05,298.44854736328125,303.1499938964844,285.1499938964844,0.0,-0.0,285.0866394042969,0.0,0.0,9.89439940894954e-05,298.51318359375,303.1499938964844,285.1499938964844,0.0,-0.0,285.0856018066406,0.0,0.0,0.0004693467635661,285.0453491210937,294.1499938964844,290.09161376953125,284.4434814453125,292.55810546875,290.28057861328125,285.1461181640625,0.0,0.0,0.0,0.0,1.0,1.0,-0.0010011795675382,6.002085495282472e-09,0.0010011735139414,-0.014776824042201,0.0,0.0,0.0,-0.0077883037738502,60.0,3.407753229141236,-0.0,-6.834142141087797e-08,0.0,282.9992980957031,284.4533386230469,290.2752380371094,291.35028076171875,293.1499938964844,293.1499938964844,278.1499938964844,0.0,18000.0,313.1499938964844,0.0,18000.0,0.0,0.0,0.0,0.0,0.0,0.0,0.0,0.0,0.0,-0.0,-0.0,0.0,-5.2805772432836115e-21,-2.6402886216418057e-21,-2.6402886216418057e-21,0.0,0.0,-0.0,0.0,0.0,0.0,-0.0,0.0,0.0,0.0,0.0,0.0,4.0,0.0,0.0
12262380,298.62664794921875,303.1499938964844,285.1499938964844,0.0,-0.0,285.0856628417969,0.0,0.0,9.421914000995456e-05,298.54998779296875,303.1499938964844,285.1499938964844,0.0,-0.0,285.0858764648437,0.0,0.0,9.921741002472118e-05,299.2030639648437,303.1499938964844,285.1499938964844,0.0,-0.0,285.0856628417969,0.0,0.0,7.328171341214329e-05,298.4459533691406,303.1499938964844,285.1499938964844,0.0,-0.0,285.0856628417969,0.0,0.0,9.921730088535696e-05,298.5112609863281,303.1499938964844,285.1499938964844,0.0,-0.0,285.08465576171875,0.0,0.0,0.0004706431936938,285.0447082519531,294.1499938964844,290.0521850585937,284.4022216796875,292.51397705078125,290.23358154296875,285.14910888671875,0.0,0.0,0.0,0.0,1.0,1.0,-0.0010039440821856,6.3253762228043805e-09,0.0010039376793429,-0.0156237063929438,0.0,0.0,0.0,-0.0079485718160867,60.0,3.385942220687866,-0.0,-6.871939461916554e-08,0.0,282.9992980957031,284.4533386230469,290.2752380371094,291.35028076171875,293.1499938964844,293.1499938964844,278.1499938964844,0.0,18000.0,313.1499938964844,0.0,18000.0,0.0,0.0,0.0,0.0,0.0,0.0,0.0,0.0,0.0,-0.0,-0.0,0.0,-5.2805772432836115e-21,-2.6402886216418057e-21,-2.6402886216418057e-21,0.0,0.0,-0.0,0.0,0.0,0.0,-0.0,0.0,0.0,0.0,0.0,0.0,4.0,0.0,0.0
12262440,298.62664794921875,303.1499938964844,285.1499938964844,0.0,-0.0,285.0856628417969,0.0,0.0,9.421914000995456e-05,298.54998779296875,303.1499938964844,285.1499938964844,0.0,-0.0,285.0858764648437,0.0,0.0,9.921741002472118e-05,299.2030639648437,303.1499938964844,285.1499938964844,0.0,-0.0,285.0856628417969,0.0,0.0,7.328171341214329e-05,298.4459533691406,303.1499938964844,285.1499938964844,0.0,-0.0,285.0856628417969,0.0,0.0,9.921730088535696e-05,298.5112609863281,303.1499938964844,285.1499938964844,0.0,-0.0,285.08465576171875,0.0,0.0,0.0004706431936938,285.0447082519531,294.1499938964844,290.0521850585937,284.4022216796875,292.51397705078125,290.23358154296875,285.14910888671875,0.0,0.0,0.0,0.0,1.0,1.0,-0.0010039440821856,6.3253762228043805e-09,0.0010039376793429,-0.0156237063929438,0.0,0.0,0.0,-0.0079485718160867,60.0,3.385942220687866,-0.0,-6.871939461916554e-08,0.0,282.9992980957031,284.4533386230469,290.2752380371094,291.35028076171875,293.1499938964844,293.1499938964844,278.1499938964844,0.0,18000.0,313.1499938964844,0.0,18000.0,0.0,0.0,0.0,0.0,0.0,0.0,0.0,0.0,0.0,-0.0,-0.0,0.0,-5.2805772432836115e-21,-2.6402886216418057e-21,-2.6402886216418057e-21,0.0,0.0,-0.0,0.0,0.0,0.0,-0.0,0.0,0.0,0.0,0.0,0.0,4.0,0.0,0.0
12262500,298.6224975585937,303.1499938964844,285.1499938964844,0.0,-0.0,285.085205078125,0.0,0.0,9.43832055781968e-05,298.5517883300781,303.1499938964844,285.1499938964844,0.0,-0.0,285.0854187011719,0.0,0.0,9.939017763826996e-05,299.2010498046875,303.1499938964844,285.1499938964844,0.0,-0.0,285.085205078125,0.0,0.0,7.340931915678084e-05,298.44464111328125,303.1499938964844,285.1499938964844,0.0,-0.0,285.085205078125,0.0,0.0,9.939006849890576e-05,298.5102233886719,303.1499938964844,285.1499938964844,0.0,-0.0,285.08416748046875,0.0,0.0,0.0004714627284556,285.0444030761719,294.1499938964844,290.0328063964844,284.3808288574219,292.49188232421875,290.209716796875,285.15057373046875,0.0,0.0,0.0,0.0,1.0,1.0,-0.0010056918254122,6.529756291229205e-09,0.0010056851897388,-0.0161590781062841,0.0,0.0,0.0,-0.0080498903989791,60.0,3.376425743103028,-0.0,-6.895888304825348e-08,0.0,282.9992980957031,284.4533386230469,290.2752380371094,291.35028076171875,293.1499938964844,293.1499938964844,278.1499938964844,0.0,18000.0,313.1499938964844,0.0,18000.0,0.0,0.0,0.0,0.0,0.0,0.0,0.0,0.0,0.0,-0.0,-0.0,0.0,-5.2805772432836115e-21,-2.6402886216418057e-21,-2.6402886216418057e-21,0.0,0.0,-0.0,0.0,0.0,0.0,-0.0,0.0,0.0,0.0,0.0,0.0,4.0,0.0,0.0
12262560,298.6182556152344,303.1499938964844,285.1499938964844,0.0,-0.0,285.084716796875,0.0,0.0,9.456893894821404e-05,298.55401611328125,303.1499938964844,285.1499938964844,0.0,-0.0,285.0849609375,0.0,0.0,9.958576265489684e-05,299.19903564453125,303.1499938964844,285.1499938964844,0.0,-0.0,285.0847473144531,0.0,0.0,7.355378329521045e-05,298.4432678222656,303.1499938964844,285.1499938964844,0.0,-0.0,285.0847473144531,0.0,0.0,9.95856535155326e-05,298.5091857910156,303.1499938964844,285.1499938964844,0.0,-0.0,285.083740234375,0.0,0.0,0.0004723905294667,285.0440979003906,294.1499938964844,290.0136413574219,284.35894775390625,292.4697570800781,290.18560791015625,285.15203857421875,0.0,0.0,0.0,0.0,1.0,1.0,-0.0010076704202219,6.7611360954344946e-09,0.0010076636681333,-0.0167651586234569,0.0,0.0,0.0,-0.0081645948812365,60.0,3.3676793575286865,-0.0,-6.923051643070721e-08,0.0,282.9992980957031,284.4533386230469,290.2752380371094,291.35028076171875,293.1499938964844,293.1499938964844,278.1499938964844,0.0,18000.0,313.1499938964844,0.0,18000.0,0.0,0.0,0.0,0.0,0.0,0.0,0.0,0.0,0.0,-0.0,-0.0,0.0,-5.2805772432836115e-21,-2.6402886216418057e-21,-2.6402886216418057e-21,0.0,0.0,-0.0,0.0,0.0,0.0,-0.0,0.0,0.0,0.0,0.0,0.0,4.0,0.0,0.0
12262620,298.60968017578125,303.1499938964844,285.1499938964844,0.0,-0.0,285.0838317871094,0.0,0.0,9.501321619609372e-05,298.5599670410156,303.1499938964844,285.1499938964844,0.0,-0.0,285.08404541015625,0.0,0.0,0.0001000536140054,299.19488525390625,303.1499938964844,285.1499938964844,0.0,-0.0,285.0838317871094,0.0,0.0,7.389933307422325e-05,298.44049072265625,303.1499938964844,285.1499938964844,0.0,-0.0,285.0838623046875,0.0,0.0,0.0001000534975901,298.5069580078125,303.1499938964844,285.1499938964844,0.0,-0.0,285.0828552246094,0.0,0.0,0.0004746097838506,285.0435485839844,294.1499938964844,289.97589111328125,284.3139343261719,292.42547607421875,290.1366271972656,285.15496826171875,0.0,0.0,0.0,0.0,1.0,1.0,-0.0010124034015461,7.314612471276405e-09,0.0010123960673809,-0.0182148683816194,0.0,0.0,0.0,-0.0084389755502343,60.0,3.353048801422119,-0.0,-6.988243228533976e-08,0.0,282.9992980957031,284.4533386230469,290.2752380371094,291.35028076171875,293.1499938964844,293.1499938964844,278.1499938964844,0.0,18000.0,313.1499938964844,0.0,18000.0,0.0,0.0,0.0,0.0,0.0,0.0,0.0,0.0,0.0,-0.0,-0.0,0.0,-5.2805772432836115e-21,-2.6402886216418057e-21,-2.6402886216418057e-21,0.0,0.0,-0.0,0.0,0.0,0.0,-0.0,0.0,0.0,0.0,0.0,0.0,4.0,0.0,0.0
12262680,298.60968017578125,303.1499938964844,285.1499938964844,0.0,-0.0,285.0838317871094,0.0,0.0,9.501321619609372e-05,298.5599670410156,303.1499938964844,285.1499938964844,0.0,-0.0,285.08404541015625,0.0,0.0,0.0001000536140054,299.19488525390625,303.1499938964844,285.1499938964844,0.0,-0.0,285.0838317871094,0.0,0.0,7.389933307422325e-05,298.44049072265625,303.1499938964844,285.1499938964844,0.0,-0.0,285.0838623046875,0.0,0.0,0.0001000534975901,298.5069580078125,303.1499938964844,285.1499938964844,0.0,-0.0,285.0828552246094,0.0,0.0,0.0004746097838506,285.0435485839844,294.1499938964844,289.97589111328125,284.3139343261719,292.42547607421875,290.1366271972656,285.15496826171875,0.0,0.0,0.0,0.0,1.0,1.0,-0.0010124034015461,7.314612471276405e-09,0.0010123960673809,-0.0182148683816194,0.0,0.0,0.0,-0.0084389755502343,60.0,3.353048801422119,-0.0,-6.988243228533976e-08,0.0,282.9992980957031,284.4533386230469,290.2752380371094,291.35028076171875,293.1499938964844,293.1499938964844,278.1499938964844,0.0,18000.0,313.1499938964844,0.0,18000.0,0.0,0.0,0.0,0.0,0.0,0.0,0.0,0.0,0.0,-0.0,-0.0,0.0,-5.2805772432836115e-21,-2.6402886216418057e-21,-2.6402886216418057e-21,0.0,0.0,-0.0,0.0,0.0,0.0,-0.0,0.0,0.0,0.0,0.0,0.0,4.0,0.0,0.0
12262740,298.60107421875,303.1499938964844,285.1499938964844,0.0,-0.0,285.0829772949219,0.0,0.0,9.554970893077552e-05,298.56793212890625,303.1499938964844,285.1499938964844,0.0,-0.0,285.08319091796875,0.0,0.0,0.0001006185630103,299.190673828125,303.1499938964844,285.1499938964844,0.0,-0.0,285.0829772949219,0.0,0.0,7.431660196743906e-05,298.43756103515625,303.1499938964844,285.1499938964844,0.0,-0.0,285.0829772949219,0.0,0.0,0.0001006184538709,298.50457763671875,303.1499938964844,285.1499938964844,0.0,-0.0,285.0820007324219,0.0,0.0,0.0004772896936628,285.0430603027344,294.1499938964844,289.9389038085937,284.2674865722656,292.381103515625,290.0868225097656,285.1578674316406,0.0,0.0,0.0,0.0,1.0,1.0,-0.0010181190446019,7.982986716115192e-09,0.0010181110119447,-0.0199653767049312,0.0,0.0,0.0,-0.0087703159078955,60.0,3.3420467376708984,-0.0,-7.067375662472841e-08,0.0,282.9992980957031,284.4533386230469,290.2752380371094,291.35028076171875,293.1499938964844,293.1499938964844,278.1499938964844,0.0,18000.0,313.1499938964844,0.0,18000.0,0.0,0.0,0.0,0.0,0.0,0.0,0.0,0.0,0.0,-0.0,-0.0,0.0,-5.2805772432836115e-21,-2.6402886216418057e-21,-2.6402886216418057e-21,0.0,0.0,-0.0,0.0,0.0,0.0,-0.0,0.0,0.0,0.0,0.0,0.0,4.0,0.0,0.0
12262800,298.60107421875,303.1499938964844,285.1499938964844,0.0,-0.0,285.0829772949219,0.0,0.0,9.554970893077552e-05,298.56793212890625,303.1499938964844,285.1499938964844,0.0,-0.0,285.08319091796875,0.0,0.0,0.0001006185630103,299.190673828125,303.1499938964844,285.1499938964844,0.0,-0.0,285.0829772949219,0.0,0.0,7.431660196743906e-05,298.43756103515625,303.1499938964844,285.1499938964844,0.0,-0.0,285.0829772949219,0.0,0.0,0.0001006184538709,298.50457763671875,303.1499938964844,285.1499938964844,0.0,-0.0,285.0820007324219,0.0,0.0,0.0004772896936628,285.0430603027344,294.1499938964844,289.9389038085937,284.2674865722656,292.381103515625,290.0868225097656,285.1578674316406,0.0,0.0,0.0,0.0,1.0,1.0,-0.0010181190446019,7.982986716115192e-09,0.0010181110119447,-0.0199653767049312,0.0,0.0,0.0,-0.0087703159078955,60.0,3.3420467376708984,-0.0,-7.067375662472841e-08,0.0,282.9992980957031,284.4533386230469,290.2752380371094,291.35028076171875,293.1499938964844,293.1499938964844,278.1499938964844,0.0,18000.0,313.1499938964844,0.0,18000.0,0.0,0.0,0.0,0.0,0.0,0.0,0.0,0.0,0.0,-0.0,-0.0,0.0,-5.2805772432836115e-21,-2.6402886216418057e-21,-2.6402886216418057e-21,0.0,0.0,-0.0,0.0,0.0,0.0,-0.0,0.0,0.0,0.0,0.0,0.0,4.0,0.0,0.0
12262860,298.59259033203125,303.1499938964844,285.1499938964844,0.0,-0.0,285.0821533203125,0.0,0.0,9.616289753466845e-05,298.5778503417969,303.1499938964844,285.1499938964844,0.0,-0.0,285.0823669433594,0.0,0.0,0.0001012642824207,299.1863708496094,303.1499938964844,285.1499938964844,0.0,-0.0,285.0821533203125,0.0,0.0,7.479352643713355e-05,298.4344787597656,303.1499938964844,285.1499938964844,0.0,-0.0,285.0821533203125,0.0,0.0,0.0001012641732813,298.5021057128906,303.1499938964844,285.1499938964844,0.0,-0.0,285.0811767578125,0.0,0.0,0.0004803526971954,285.0425720214844,294.1499938964844,289.9025573730469,284.2198791503906,292.3365783691406,290.03662109375,285.16070556640625,0.0,0.0,0.0,0.0,1.0,1.0,-0.0010246520396322,8.746928514824504e-09,0.001024643308483,-0.0219659600406885,0.0,0.0,0.0,-0.00914903357625,60.0,3.334254741668701,-0.0,-7.15836776521428e-08,0.0,282.9992980957031,284.4533386230469,290.2752380371094,291.35028076171875,293.1499938964844,293.1499938964844,278.1499938964844,0.0,18000.0,313.1499938964844,0.0,18000.0,0.0,0.0,0.0,0.0,0.0,0.0,0.0,0.0,0.0,-0.0,-0.0,0.0,-5.2805772432836115e-21,-2.6402886216418057e-21,-2.6402886216418057e-21,0.0,0.0,-0.0,0.0,0.0,0.0,-0.0,0.0,0.0,0.0,0.0,0.0,4.0,0.0,0.0
12262920,298.59259033203125,303.1499938964844,285.1499938964844,0.0,-0.0,285.0821533203125,0.0,0.0,9.616289753466845e-05,298.5778503417969,303.1499938964844,285.1499938964844,0.0,-0.0,285.0823669433594,0.0,0.0,0.0001012642824207,299.1863708496094,303.1499938964844,285.1499938964844,0.0,-0.0,285.0821533203125,0.0,0.0,7.479352643713355e-05,298.4344787597656,303.1499938964844,285.1499938964844,0.0,-0.0,285.0821533203125,0.0,0.0,0.0001012641732813,298.5021057128906,303.1499938964844,285.1499938964844,0.0,-0.0,285.0811767578125,0.0,0.0,0.0004803526971954,285.0425720214844,294.1499938964844,289.9025573730469,284.2198791503906,292.3365783691406,290.03662109375,285.16070556640625,0.0,0.0,0.0,0.0,1.0,1.0,-0.0010246520396322,8.746928514824504e-09,0.001024643308483,-0.0219659600406885,0.0,0.0,0.0,-0.00914903357625,60.0,3.334254741668701,-0.0,-7.15836776521428e-08,0.0,282.9992980957031,284.4533386230469,290.2752380371094,291.35028076171875,293.1499938964844,293.1499938964844,278.1499938964844,0.0,18000.0,313.1499938964844,0.0,18000.0,0.0,0.0,0.0,0.0,0.0,0.0,0.0,0.0,0.0,-0.0,-0.0,0.0,-5.2805772432836115e-21,-2.6402886216418057e-21,-2.6402886216418057e-21,0.0,0.0,-0.0,0.0,0.0,0.0,-0.0,0.0,0.0,0.0,0.0,0.0,4.0,0.0,0.0
12262980,298.5844116210937,303.1499938964844,285.1499938964844,0.0,-0.0,285.08135986328125,0.0,0.0,9.682148811407389e-05,298.5894775390625,303.1499938964844,285.1499938964844,0.0,-0.0,285.0815734863281,0.0,0.0,0.0001019578048726,299.1820068359375,303.1499938964844,285.1499938964844,0.0,-0.0,285.08135986328125,0.0,0.0,7.530576112912968e-05,298.43121337890625,303.1499938964844,285.1499938964844,0.0,-0.0,285.08135986328125,0.0,0.0,0.0001019577030092,298.49957275390625,303.1499938964844,285.1499938964844,0.0,-0.0,285.08038330078125,0.0,0.0,0.0004836425068788,285.04217529296875,294.1499938964844,289.8667907714844,284.17144775390625,292.2919311523437,289.9867553710937,285.1635437011719,0.0,0.0,0.0,0.0,1.0,1.0,-0.0010316688567399,9.567443726155034e-09,0.0010316593106836,-0.024114403873682,0.0,0.0,0.0,-0.0095557970926165,60.0,3.328775882720948,-0.0,-7.256745959693944e-08,0.0,282.9992980957031,284.4533386230469,290.2752380371094,291.35028076171875,293.1499938964844,293.1499938964844,278.1499938964844,0.0,18000.0,313.1499938964844,0.0,18000.0,0.0,0.0,0.0,0.0,0.0,0.0,0.0,0.0,0.0,-0.0,-0.0,0.0,-5.2805772432836115e-21,-2.6402886216418057e-21,-2.6402886216418057e-21,0.0,0.0,-0.0,0.0,0.0,0.0,-0.0,0.0,0.0,0.0,0.0,0.0,4.0,0.0,0.0
12263040,298.5844116210937,303.1499938964844,285.1499938964844,0.0,-0.0,285.08135986328125,0.0,0.0,9.682148811407389e-05,298.5894775390625,303.1499938964844,285.1499938964844,0.0,-0.0,285.0815734863281,0.0,0.0,0.0001019578048726,299.1820068359375,303.1499938964844,285.1499938964844,0.0,-0.0,285.08135986328125,0.0,0.0,7.530576112912968e-05,298.43121337890625,303.1499938964844,285.1499938964844,0.0,-0.0,285.08135986328125,0.0,0.0,0.0001019577030092,298.49957275390625,303.1499938964844,285.1499938964844,0.0,-0.0,285.08038330078125,0.0,0.0,0.0004836425068788,285.04217529296875,294.1499938964844,289.8667907714844,284.17144775390625,292.2919311523437,289.9867553710937,285.1635437011719,0.0,0.0,0.0,0.0,1.0,1.0,-0.0010316688567399,9.567443726155034e-09,0.0010316593106836,-0.024114403873682,0.0,0.0,0.0,-0.0095557970926165,60.0,3.328775882720948,-0.0,-7.256745959693944e-08,0.0,282.9992980957031,284.4533386230469,290.2752380371094,291.35028076171875,293.1499938964844,293.1499938964844,278.1499938964844,0.0,18000.0,313.1499938964844,0.0,18000.0,0.0,0.0,0.0,0.0,0.0,0.0,0.0,0.0,0.0,-0.0,-0.0,0.0,-5.2805772432836115e-21,-2.6402886216418057e-21,-2.6402886216418057e-21,0.0,0.0,-0.0,0.0,0.0,0.0,-0.0,0.0,0.0,0.0,0.0,0.0,4.0,0.0,0.0
12263100,298.5804748535156,303.1499938964844,285.1499938964844,0.0,-0.0,285.0809631347656,0.0,0.0,9.715336636872962e-05,298.59588623046875,303.1499938964844,285.1499938964844,0.0,-0.0,285.0811767578125,0.0,0.0,0.0001023072909447,299.1798400878906,303.1499938964844,285.1499938964844,0.0,-0.0,285.0809631347656,0.0,0.0,7.556389027740806e-05,298.4295349121094,303.1499938964844,285.1499938964844,0.0,-0.0,285.0809631347656,0.0,0.0,0.0001023071818053,298.49835205078125,303.1499938964844,285.1499938964844,0.0,-0.0,285.0800170898437,0.0,0.0,0.0004853003192692,285.0419921875,294.1499938964844,289.84912109375,284.1470031738281,292.2695617675781,289.9621887207031,285.1649475097656,0.0,0.0,0.0,0.0,1.0,1.0,-0.0010352047393098,9.980918314056453e-09,0.0010351948440074,-0.0251969285309314,0.0,0.0,0.0,-0.0097607746720314,60.0,3.3264875411987305,-0.0,-7.306574190124594e-08,0.0,282.9992980957031,284.4533386230469,290.2752380371094,291.35028076171875,293.1499938964844,293.1499938964844,278.1499938964844,0.0,18000.0,313.1499938964844,0.0,18000.0,0.0,0.0,0.0,0.0,0.0,0.0,0.0,0.0,0.0,-0.0,-0.0,0.0,-5.2805772432836115e-21,-2.6402886216418057e-21,-2.6402886216418057e-21,0.0,0.0,-0.0,0.0,0.0,0.0,-0.0,0.0,0.0,0.0,0.0,0.0,4.0,0.0,0.0
12263160,298.57666015625,303.1499938964844,285.1499938964844,0.0,-0.0,285.0805969238281,0.0,0.0,9.747697185957804e-05,298.60186767578125,303.1499938964844,285.1499938964844,0.0,-0.0,285.0807800292969,0.0,0.0,0.0001026480604195,299.1776733398437,303.1499938964844,285.1499938964844,0.0,-0.0,285.0805969238281,0.0,0.0,7.58155802031979e-05,298.42779541015625,303.1499938964844,285.1499938964844,0.0,-0.0,285.0805969238281,0.0,0.0,0.0001026479585561,298.49713134765625,303.1499938964844,285.1499938964844,0.0,-0.0,285.07965087890625,0.0,0.0,0.0004869168042205,285.04180908203125,294.1499938964844,289.83160400390625,284.1224365234375,292.24713134765625,289.9380798339844,285.1663513183594,0.0,0.0,0.0,0.0,1.0,1.0,-0.0010386527283117,1.0384092696824613e-08,0.001038642367348,-0.0262523982673883,0.0,0.0,0.0,-0.009960644878447,60.0,3.3241708278656006,-0.0,-7.355325948310566e-08,0.0,282.9992980957031,284.4533386230469,290.2752380371094,291.35028076171875,293.1499938964844,293.1499938964844,278.1499938964844,0.0,18000.0,313.1499938964844,0.0,18000.0,0.0,0.0,0.0,0.0,0.0,0.0,0.0,0.0,0.0,-0.0,-0.0,0.0,-5.2805772432836115e-21,-2.6402886216418057e-21,-2.6402886216418057e-21,0.0,0.0,-0.0,0.0,0.0,0.0,-0.0,0.0,0.0,0.0,0.0,0.0,4.0,0.0,0.0
12263220,298.5693664550781,303.1499938964844,285.1499938964844,0.0,-0.0,285.0798645019531,0.0,0.0,9.80721233645454e-05,298.6100769042969,303.1499938964844,285.1499938964844,0.0,-0.0,285.0800476074219,0.0,0.0,0.0001032747823046,299.17333984375,303.1499938964844,285.1499938964844,0.0,-0.0,285.0798645019531,0.0,0.0,7.627847662661225e-05,298.4242248535156,303.1499938964844,285.1499938964844,0.0,-0.0,285.0798645019531,0.0,0.0,0.0001032746731652,298.4947204589844,303.1499938964844,285.1499938964844,0.0,-0.0,285.07891845703125,0.0,0.0,0.000489889702294,285.0414733886719,294.1499938964844,289.7968444824219,284.0731506347656,292.2022399902344,289.8912048339844,285.16912841796875,0.0,0.0,0.0,0.0,1.0,1.0,-0.0010449938708916,1.1125566246050766e-08,0.0010449826950207,-0.0281932782381773,0.0,0.0,0.0,-0.0103282257914543,60.0,3.318653106689453,-0.0,-7.44540713526476e-08,0.0,282.9992980957031,284.4533386230469,290.2752380371094,291.35028076171875,293.1499938964844,293.1499938964844,278.1499938964844,0.0,18000.0,313.1499938964844,0.0,18000.0,0.0,0.0,0.0,0.0,0.0,0.0,0.0,0.0,0.0,-0.0,-0.0,0.0,-5.2805772432836115e-21,-2.6402886216418057e-21,-2.6402886216418057e-21,0.0,0.0,-0.0,0.0,0.0,0.0,-0.0,0.0,0.0,0.0,0.0,0.0,4.0,0.0,0.0
12263280,298.5693664550781,303.1499938964844,285.1499938964844,0.0,-0.0,285.0798645019531,0.0,0.0,9.80721233645454e-05,298.6100769042969,303.1499938964844,285.1499938964844,0.0,-0.0,285.0800476074219,0.0,0.0,0.0001032747823046,299.17333984375,303.1499938964844,285.1499938964844,0.0,-0.0,285.0798645019531,0.0,0.0,7.627847662661225e-05,298.4242248535156,303.1499938964844,285.1499938964844,0.0,-0.0,285.0798645019531,0.0,0.0,0.0001032746731652,298.4947204589844,303.1499938964844,285.1499938964844,0.0,-0.0,285.07891845703125,0.0,0.0,0.000489889702294,285.0414733886719,294.1499938964844,289.7968444824219,284.0731506347656,292.2022399902344,289.8912048339844,285.16912841796875,0.0,0.0,0.0,0.0,1.0,1.0,-0.0010449938708916,1.1125566246050766e-08,0.0010449826950207,-0.0281932782381773,0.0,0.0,0.0,-0.0103282257914543,60.0,3.318653106689453,-0.0,-7.44540713526476e-08,0.0,282.9992980957031,284.4533386230469,290.2752380371094,291.35028076171875,293.1499938964844,293.1499938964844,278.1499938964844,0.0,18000.0,313.1499938964844,0.0,18000.0,0.0,0.0,0.0,0.0,0.0,0.0,0.0,0.0,0.0,-0.0,-0.0,0.0,-5.2805772432836115e-21,-2.6402886216418057e-21,-2.6402886216418057e-21,0.0,0.0,-0.0,0.0,0.0,0.0,-0.0,0.0,0.0,0.0,0.0,0.0,4.0,0.0,0.0
12263340,298.5626525878906,303.1499938964844,285.1499938964844,0.0,-0.0,285.07916259765625,0.0,0.0,9.854636300588028e-05,298.6139221191406,303.1499938964844,285.1499938964844,0.0,-0.0,285.0793762207031,0.0,0.0,0.0001037741749314,299.1690368652344,303.1499938964844,285.1499938964844,0.0,-0.0,285.07916259765625,0.0,0.0,7.664732402190566e-05,298.4205017089844,303.1499938964844,285.1499938964844,0.0,-0.0,285.07916259765625,0.0,0.0,0.000103774073068,298.4923095703125,303.1499938964844,285.1499938964844,0.0,-0.0,285.0782470703125,0.0,0.0,0.0004922586376778,285.04119873046875,294.1499938964844,289.76251220703125,284.0238952636719,292.1573181152344,289.8467712402344,285.171875,0.0,0.0,0.0,0.0,1.0,1.0,-0.0010500468779355,1.1716394965333166e-08,0.001050035119988,-0.0297396071255207,0.0,0.0,0.0,-0.0106211267411708,60.0,3.310138940811157,-0.0,-7.517578382021385e-08,0.0,282.9992980957031,284.4533386230469,290.2752380371094,291.35028076171875,293.1499938964844,293.1499938964844,278.1499938964844,0.0,18000.0,313.1499938964844,0.0,18000.0,0.0,0.0,0.0,0.0,0.0,0.0,0.0,0.0,0.0,-0.0,-0.0,0.0,-5.2805772432836115e-21,-2.6402886216418057e-21,-2.6402886216418057e-21,0.0,0.0,-0.0,0.0,0.0,0.0,-0.0,0.0,0.0,0.0,0.0,0.0,4.0,0.0,0.0
12263400,298.5626525878906,303.1499938964844,285.1499938964844,0.0,-0.0,285.07916259765625,0.0,0.0,9.854636300588028e-05,298.6139221191406,303.1499938964844,285.1499938964844,0.0,-0.0,285.0793762207031,0.0,0.0,0.0001037741749314,299.1690368652344,303.1499938964844,285.1499938964844,0.0,-0.0,285.07916259765625,0.0,0.0,7.664732402190566e-05,298.4205017089844,303.1499938964844,285.1499938964844,0.0,-0.0,285.07916259765625,0.0,0.0,0.000103774073068,298.4923095703125,303.1499938964844,285.1499938964844,0.0,-0.0,285.0782470703125,0.0,0.0,0.0004922586376778,285.04119873046875,294.1499938964844,289.76251220703125,284.0238952636719,292.1573181152344,289.8467712402344,285.171875,0.0,0.0,0.0,0.0,1.0,1.0,-0.0010500468779355,1.1716394965333166e-08,0.001050035119988,-0.0297396071255207,0.0,0.0,0.0,-0.0106211267411708,60.0,3.310138940811157,-0.0,-7.517578382021385e-08,0.0,282.9992980957031,284.4533386230469,290.2752380371094,291.35028076171875,293.1499938964844,293.1499938964844,278.1499938964844,0.0,18000.0,313.1499938964844,0.0,18000.0,0.0,0.0,0.0,0.0,0.0,0.0,0.0,0.0,0.0,-0.0,-0.0,0.0,-5.2805772432836115e-21,-2.6402886216418057e-21,-2.6402886216418057e-21,0.0,0.0,-0.0,0.0,0.0,0.0,-0.0,0.0,0.0,0.0,0.0,0.0,4.0,0.0,0.0
12263460,298.5565490722656,303.1499938964844,285.1499938964844,0.0,-0.0,285.0784912109375,0.0,0.0,9.889648208627476e-05,298.6150207519531,303.1499938964844,285.1499938964844,0.0,-0.0,285.0787048339844,0.0,0.0,0.0001041428695316,299.1647644042969,303.1499938964844,285.1499938964844,0.0,-0.0,285.0785217285156,0.0,0.0,7.69196412875317e-05,298.4166564941406,303.1499938964844,285.1499938964844,0.0,-0.0,285.0785217285156,0.0,0.0,0.0001041427676682,298.4899597167969,303.1499938964844,285.1499938964844,0.0,-0.0,285.0776062011719,0.0,0.0,0.0004940075450576,285.0409545898437,294.1499938964844,289.7284851074219,283.9749450683594,292.1123962402344,289.8049011230469,285.1745910644531,0.0,0.0,0.0,0.0,1.0,1.0,-0.0010537770576775,1.2152573169998961e-08,0.001053764950484,-0.0308810453861951,0.0,0.0,0.0,-0.0108373593538999,60.0,3.2973568439483643,-0.0,-7.571081539481386e-08,0.0,282.9992980957031,284.4533386230469,290.2752380371094,291.35028076171875,293.1499938964844,293.1499938964844,278.1499938964844,0.0,18000.0,313.1499938964844,0.0,18000.0,0.0,0.0,0.0,0.0,0.0,0.0,0.0,0.0,0.0,-0.0,-0.0,0.0,-5.2805772432836115e-21,-2.6402886216418057e-21,-2.6402886216418057e-21,0.0,0.0,-0.0,0.0,0.0,0.0,-0.0,0.0,0.0,0.0,0.0,0.0,4.0,0.0,0.0
12263520,298.5565490722656,303.1499938964844,285.1499938964844,0.0,-0.0,285.0784912109375,0.0,0.0,9.889648208627476e-05,298.6150207519531,303.1499938964844,285.1499938964844,0.0,-0.0,285.0787048339844,0.0,0.0,0.0001041428695316,299.1647644042969,303.1499938964844,285.1499938964844,0.0,-0.0,285.0785217285156,0.0,0.0,7.69196412875317e-05,298.4166564941406,303.1499938964844,285.1499938964844,0.0,-0.0,285.0785217285156,0.0,0.0,0.0001041427676682,298.4899597167969,303.1499938964844,285.1499938964844,0.0,-0.0,285.0776062011719,0.0,0.0,0.0004940075450576,285.0409545898437,294.1499938964844,289.7284851074219,283.9749450683594,292.1123962402344,289.8049011230469,285.1745910644531,0.0,0.0,0.0,0.0,1.0,1.0,-0.0010537770576775,1.2152573169998961e-08,0.001053764950484,-0.0308810453861951,0.0,0.0,0.0,-0.0108373593538999,60.0,3.2973568439483643,-0.0,-7.571081539481386e-08,0.0,282.9992980957031,284.4533386230469,290.2752380371094,291.35028076171875,293.1499938964844,293.1499938964844,278.1499938964844,0.0,18000.0,313.1499938964844,0.0,18000.0,0.0,0.0,0.0,0.0,0.0,0.0,0.0,0.0,0.0,-0.0,-0.0,0.0,-5.2805772432836115e-21,-2.6402886216418057e-21,-2.6402886216418057e-21,0.0,0.0,-0.0,0.0,0.0,0.0,-0.0,0.0,0.0,0.0,0.0,0.0,4.0,0.0,0.0
12263580,298.55126953125,303.1499938964844,285.1499938964844,0.0,-0.0,285.077880859375,0.0,0.0,9.890461660688744e-05,298.6143493652344,303.1499938964844,285.1499938964844,0.0,-0.0,285.0780639648437,0.0,0.0,0.0001041514333337,299.1605529785156,303.1499938964844,285.1499938964844,0.0,-0.0,285.077880859375,0.0,0.0,7.692596409469843e-05,298.4126892089844,303.1499938964844,285.1499938964844,0.0,-0.0,285.077880859375,0.0,0.0,0.0001041513314703,298.4877014160156,303.1499938964844,285.1499938964844,0.0,-0.0,285.0769958496094,0.0,0.0,0.000494048174005,285.040771484375,294.1499938964844,289.6947326660156,283.9266052246094,292.06756591796875,289.76568603515625,285.1772766113281,0.0,0.0,0.0,0.0,1.0,1.0,-0.0010538651840761,1.2162632678780484e-08,0.0010538530768826,-0.0309073664247989,0.0,0.0,0.0,-0.0108423568308353,60.0,3.2781753540039062,-0.0,-7.57231717329887e-08,0.0,282.9992980957031,284.4533386230469,290.2752380371094,291.35028076171875,293.1499938964844,293.1499938964844,278.1499938964844,0.0,18000.0,313.1499938964844,0.0,18000.0,0.0,0.0,0.0,0.0,0.0,0.0,0.0,0.0,0.0,-0.0,-0.0,0.0,-5.2805772432836115e-21,-2.6402886216418057e-21,-2.6402886216418057e-21,0.0,0.0,-0.0,0.0,0.0,0.0,-0.0,0.0,0.0,0.0,0.0,0.0,4.0,0.0,0.0
12263640,298.55126953125,303.1499938964844,285.1499938964844,0.0,-0.0,285.077880859375,0.0,0.0,9.890461660688744e-05,298.6143493652344,303.1499938964844,285.1499938964844,0.0,-0.0,285.0780639648437,0.0,0.0,0.0001041514333337,299.1605529785156,303.1499938964844,285.1499938964844,0.0,-0.0,285.077880859375,0.0,0.0,7.692596409469843e-05,298.4126892089844,303.1499938964844,285.1499938964844,0.0,-0.0,285.077880859375,0.0,0.0,0.0001041513314703,298.4877014160156,303.1499938964844,285.1499938964844,0.0,-0.0,285.0769958496094,0.0,0.0,0.000494048174005,285.040771484375,294.1499938964844,289.6947326660156,283.9266052246094,292.06756591796875,289.76568603515625,285.1772766113281,0.0,0.0,0.0,0.0,1.0,1.0,-0.0010538651840761,1.2162632678780484e-08,0.0010538530768826,-0.0309073664247989,0.0,0.0,0.0,-0.0108423568308353,60.0,3.2781753540039062,-0.0,-7.57231717329887e-08,0.0,282.9992980957031,284.4533386230469,290.2752380371094,291.35028076171875,293.1499938964844,293.1499938964844,278.1499938964844,0.0,18000.0,313.1499938964844,0.0,18000.0,0.0,0.0,0.0,0.0,0.0,0.0,0.0,0.0,0.0,-0.0,-0.0,0.0,-5.2805772432836115e-21,-2.6402886216418057e-21,-2.6402886216418057e-21,0.0,0.0,-0.0,0.0,0.0,0.0,-0.0,0.0,0.0,0.0,0.0,0.0,4.0,0.0,0.0
12263700,298.549072265625,303.1499938964844,285.1499938964844,0.0,-0.0,285.0775756835937,0.0,0.0,9.863176092039794e-05,298.6136474609375,303.1499938964844,285.1499938964844,0.0,-0.0,285.0777893066406,0.0,0.0,0.0001038640984916,299.15850830078125,303.1499938964844,285.1499938964844,0.0,-0.0,285.0776062011719,0.0,0.0,7.671373896300793e-05,298.41070556640625,303.1499938964844,285.1499938964844,0.0,-0.0,285.0776062011719,0.0,0.0,0.0001038639966282,298.48681640625,303.1499938964844,285.1499938964844,0.0,-0.0,285.0766906738281,0.0,0.0,0.0004926852416247,285.04071044921875,294.1499938964844,289.6779479980469,283.9027404785156,292.0452880859375,289.74737548828125,285.1786193847656,0.0,0.0,0.0,0.0,1.0,1.0,-0.001050958642736,1.1822614887080364e-08,0.0010509467683732,-0.0300175826996564,0.0,0.0,0.0,-0.0106738014146685,60.0,3.262025117874145,-0.0,-7.530589840598624e-08,0.0,282.9992980957031,284.4533386230469,290.2752380371094,291.35028076171875,293.1499938964844,293.1499938964844,278.1499938964844,0.0,18000.0,313.1499938964844,0.0,18000.0,0.0,0.0,0.0,0.0,0.0,0.0,0.0,0.0,0.0,-0.0,-0.0,0.0,-5.2805772432836115e-21,-2.6402886216418057e-21,-2.6402886216418057e-21,0.0,0.0,-0.0,0.0,0.0,0.0,-0.0,0.0,0.0,0.0,0.0,0.0,4.0,0.0,0.0
12263760,298.5472412109375,303.1499938964844,285.1499938964844,0.0,-0.0,285.0773010253906,0.0,0.0,9.834279626375064e-05,298.6127319335937,303.1499938964844,285.1499938964844,0.0,-0.0,285.0774841308594,0.0,0.0,0.0001035598033922,299.15655517578125,303.1499938964844,285.1499938964844,0.0,-0.0,285.0773010253906,0.0,0.0,7.64889846323058e-05,298.4087829589844,303.1499938964844,285.1499938964844,0.0,-0.0,285.0773010253906,0.0,0.0,0.0001035597015288,298.4860534667969,303.1499938964844,285.1499938964844,0.0,-0.0,285.076416015625,0.0,0.0,0.0004912418080493,285.0406494140625,294.1499938964844,289.66119384765625,283.879150390625,292.02313232421875,289.7299194335937,285.1799621582031,0.0,0.0,0.0,0.0,1.0,1.0,-0.0010478788753971,1.146252692763028e-08,0.0010478673502802,-0.0290751997381448,0.0,0.0,0.0,-0.0104952882975339,60.0,3.2419188022613525,-0.0,-7.486524822297724e-08,0.0,282.9992980957031,284.4533386230469,290.2752380371094,291.35028076171875,293.1499938964844,293.1499938964844,278.1499938964844,0.0,18000.0,313.1499938964844,0.0,18000.0,0.0,0.0,0.0,0.0,0.0,0.0,0.0,0.0,0.0,-0.0,-0.0,0.0,-5.2805772432836115e-21,-2.6402886216418057e-21,-2.6402886216418057e-21,0.0,0.0,-0.0,0.0,0.0,0.0,-0.0,0.0,0.0,0.0,0.0,0.0,4.0,0.0,0.0
12263820,298.54449462890625,303.1499938964844,285.1499938964844,0.0,-0.0,285.0767517089844,0.0,0.0,9.7740936325863e-05,298.610595703125,303.1499938964844,285.1499938964844,0.0,-0.0,285.0769348144531,0.0,0.0,0.0001029260165523,299.1528015136719,303.1499938964844,285.1499938964844,0.0,-0.0,285.0767517089844,0.0,0.0,7.602087134728208e-05,298.4050598144531,303.1499938964844,285.1499938964844,0.0,-0.0,285.0767822265625,0.0,0.0,0.0001029259219649,298.48492431640625,303.1499938964844,285.1499938964844,0.0,-0.0,285.0758972167969,0.0,0.0,0.000488235411467,285.0405578613281,294.1499938964844,289.6277770996094,283.8328552246094,291.9791564941406,289.6967468261719,285.1826171875,0.0,0.0,0.0,0.0,1.0,1.0,-0.0010414655553177,1.0712546405500234e-08,0.001041454845108,-0.027112191542983,0.0,0.0,0.0,-0.0101234931498765,60.0,3.1983838081359863,-0.0,-7.395161105705483e-08,0.0,282.9992980957031,284.4533386230469,290.2752380371094,291.35028076171875,293.1499938964844,293.1499938964844,278.1499938964844,0.0,18000.0,313.1499938964844,0.0,18000.0,0.0,0.0,0.0,0.0,0.0,0.0,0.0,0.0,0.0,-0.0,-0.0,0.0,-5.2805772432836115e-21,-2.6402886216418057e-21,-2.6402886216418057e-21,0.0,0.0,-0.0,0.0,0.0,0.0,-0.0,0.0,0.0,0.0,0.0,0.0,4.0,0.0,0.0
12263880,298.54449462890625,303.1499938964844,285.1499938964844,0.0,-0.0,285.0767517089844,0.0,0.0,9.7740936325863e-05,298.610595703125,303.1499938964844,285.1499938964844,0.0,-0.0,285.0769348144531,0.0,0.0,0.0001029260165523,299.1528015136719,303.1499938964844,285.1499938964844,0.0,-0.0,285.0767517089844,0.0,0.0,7.602087134728208e-05,298.4050598144531,303.1499938964844,285.1499938964844,0.0,-0.0,285.0767822265625,0.0,0.0,0.0001029259219649,298.48492431640625,303.1499938964844,285.1499938964844,0.0,-0.0,285.0758972167969,0.0,0.0,0.000488235411467,285.0405578613281,294.1499938964844,289.6277770996094,283.8328552246094,291.9791564941406,289.6967468261719,285.1826171875,0.0,0.0,0.0,0.0,1.0,1.0,-0.0010414655553177,1.0712546405500234e-08,0.001041454845108,-0.027112191542983,0.0,0.0,0.0,-0.0101234931498765,60.0,3.1983838081359863,-0.0,-7.395161105705483e-08,0.0,282.9992980957031,284.4533386230469,290.2752380371094,291.35028076171875,293.1499938964844,293.1499938964844,278.1499938964844,0.0,18000.0,313.1499938964844,0.0,18000.0,0.0,0.0,0.0,0.0,0.0,0.0,0.0,0.0,0.0,-0.0,-0.0,0.0,-5.2805772432836115e-21,-2.6402886216418057e-21,-2.6402886216418057e-21,0.0,0.0,-0.0,0.0,0.0,0.0,-0.0,0.0,0.0,0.0,0.0,0.0,4.0,0.0,0.0
12263940,298.5429077148437,303.1499938964844,285.1499938964844,0.0,-0.0,285.0762634277344,0.0,0.0,9.707560820970684e-05,298.60821533203125,303.1499938964844,285.1499938964844,0.0,-0.0,285.0764465332031,0.0,0.0,0.0001022254000417,299.1493835449219,303.1499938964844,285.1499938964844,0.0,-0.0,285.0762634277344,0.0,0.0,7.550339796580374e-05,298.4016418457031,303.1499938964844,285.1499938964844,0.0,-0.0,285.0762634277344,0.0,0.0,0.0001022252981783,298.4842529296875,303.1499938964844,285.1499938964844,0.0,-0.0,285.07537841796875,0.0,0.0,0.0004849119868595,285.0404968261719,294.1499938964844,289.5944519042969,283.7880249023437,291.9356384277344,289.6655578613281,285.18524169921875,0.0,0.0,0.0,0.0,1.0,1.0,-0.0010343757458031,9.883491358664289e-09,0.0010343658505007,-0.0249418579041957,0.0,0.0,0.0,-0.0097124967724084,60.0,3.1521639823913574,-0.0,-7.294817550018706e-08,0.0,282.9992980957031,284.4533386230469,290.2752380371094,291.35028076171875,293.1499938964844,293.1499938964844,278.1499938964844,0.0,18000.0,313.1499938964844,0.0,18000.0,0.0,0.0,0.0,0.0,0.0,0.0,0.0,0.0,0.0,-0.0,-0.0,0.0,-5.2805772432836115e-21,-2.6402886216418057e-21,-2.6402886216418057e-21,0.0,0.0,-0.0,0.0,0.0,0.0,-0.0,0.0,0.0,0.0,0.0,0.0,4.0,0.0,0.0
12264000,298.5429077148437,303.1499938964844,285.1499938964844,0.0,-0.0,285.0762634277344,0.0,0.0,9.707560820970684e-05,298.60821533203125,303.1499938964844,285.1499938964844,0.0,-0.0,285.0764465332031,0.0,0.0,0.0001022254000417,299.1493835449219,303.1499938964844,285.1499938964844,0.0,-0.0,285.0762634277344,0.0,0.0,7.550339796580374e-05,298.4016418457031,303.1499938964844,285.1499938964844,0.0,-0.0,285.0762634277344,0.0,0.0,0.0001022252981783,298.4842529296875,303.1499938964844,285.1499938964844,0.0,-0.0,285.07537841796875,0.0,0.0,0.0004849119868595,285.0404968261719,294.1499938964844,289.5944519042969,283.7880249023437,291.9356384277344,289.6655578613281,285.18524169921875,0.0,0.0,0.0,0.0,1.0,1.0,-0.0010343757458031,9.883491358664289e-09,0.0010343658505007,-0.0249418579041957,0.0,0.0,0.0,-0.0097124967724084,60.0,3.1521639823913574,-0.0,-7.294817550018706e-08,0.0,282.9992980957031,284.4533386230469,290.2752380371094,291.35028076171875,293.1499938964844,293.1499938964844,278.1499938964844,0.0,18000.0,313.1499938964844,0.0,18000.0,0.0,0.0,0.0,0.0,0.0,0.0,0.0,0.0,0.0,-0.0,-0.0,0.0,-5.2805772432836115e-21,-2.6402886216418057e-21,-2.6402886216418057e-21,0.0,0.0,-0.0,0.0,0.0,0.0,-0.0,0.0,0.0,0.0,0.0,0.0,4.0,0.0,0.0
12264060,298.5423583984375,303.1499938964844,285.1499938964844,0.0,-0.0,285.0757751464844,0.0,0.0,9.640087228035554e-05,298.6056823730469,303.1499938964844,285.1499938964844,0.0,-0.0,285.07598876953125,0.0,0.0,0.0001015148664009,299.1462097167969,303.1499938964844,285.1499938964844,0.0,-0.0,285.0758056640625,0.0,0.0,7.497859769500792e-05,298.398193359375,303.1499938964844,285.1499938964844,0.0,-0.0,285.0758056640625,0.0,0.0,0.0001015147718135,298.48388671875,303.1499938964844,285.1499938964844,0.0,-0.0,285.074951171875,0.0,0.0,0.0004815415595658,285.0404968261719,294.1499938964844,289.56109619140625,283.74493408203125,291.89263916015625,289.6359558105469,285.1878662109375,0.0,0.0,0.0,0.0,1.0,1.0,-0.0010271855862811,9.042721238472497e-09,0.0010271766223013,-0.0227404981851577,0.0,0.0,0.0,-0.0092956908047199,60.0,3.105066299438477,-0.0,-7.19375492508334e-08,0.0,282.9992980957031,284.4533386230469,290.2752380371094,291.35028076171875,293.1499938964844,293.1499938964844,278.1499938964844,0.0,18000.0,313.1499938964844,0.0,18000.0,0.0,0.0,0.0,0.0,0.0,0.0,0.0,0.0,0.0,-0.0,-0.0,0.0,-5.2805772432836115e-21,-2.6402886216418057e-21,-2.6402886216418057e-21,0.0,0.0,-0.0,0.0,0.0,0.0,-0.0,0.0,0.0,0.0,0.0,0.0,4.0,0.0,0.0
12264120,298.5423583984375,303.1499938964844,285.1499938964844,0.0,-0.0,285.0757751464844,0.0,0.0,9.640087228035554e-05,298.6056823730469,303.1499938964844,285.1499938964844,0.0,-0.0,285.07598876953125,0.0,0.0,0.0001015148664009,299.1462097167969,303.1499938964844,285.1499938964844,0.0,-0.0,285.0758056640625,0.0,0.0,7.497859769500792e-05,298.398193359375,303.1499938964844,285.1499938964844,0.0,-0.0,285.0758056640625,0.0,0.0,0.0001015147718135,298.48388671875,303.1499938964844,285.1499938964844,0.0,-0.0,285.074951171875,0.0,0.0,0.0004815415595658,285.0404968261719,294.1499938964844,289.56109619140625,283.74493408203125,291.89263916015625,289.6359558105469,285.1878662109375,0.0,0.0,0.0,0.0,1.0,1.0,-0.0010271855862811,9.042721238472497e-09,0.0010271766223013,-0.0227404981851577,0.0,0.0,0.0,-0.0092956908047199,60.0,3.105066299438477,-0.0,-7.19375492508334e-08,0.0,282.9992980957031,284.4533386230469,290.2752380371094,291.35028076171875,293.1499938964844,293.1499938964844,278.1499938964844,0.0,18000.0,313.1499938964844,0.0,18000.0,0.0,0.0,0.0,0.0,0.0,0.0,0.0,0.0,0.0,-0.0,-0.0,0.0,-5.2805772432836115e-21,-2.6402886216418057e-21,-2.6402886216418057e-21,0.0,0.0,-0.0,0.0,0.0,0.0,-0.0,0.0,0.0,0.0,0.0,0.0,4.0,0.0,0.0
12264180,298.54266357421875,303.1499938964844,285.1499938964844,0.0,-0.0,285.0753479003906,0.0,0.0,9.575986041454598e-05,298.6031188964844,303.1499938964844,285.1499938964844,0.0,-0.0,285.0755615234375,0.0,0.0,0.0001008398467092,299.1431884765625,303.1499938964844,285.1499938964844,0.0,-0.0,285.07537841796875,0.0,0.0,7.448003452736884e-05,298.3916931152344,303.1499938964844,285.1499938964844,0.0,-0.0,285.07537841796875,0.0,0.0,0.0001008397521218,298.4835510253906,303.1499938964844,285.1499938964844,0.0,-0.0,285.07452392578125,0.0,0.0,0.0004783395852427,285.04052734375,294.1499938964844,289.5276794433594,283.7038879394531,291.8500671386719,289.60748291015625,285.1904296875,0.0,0.0,0.0,0.0,1.0,1.0,-0.0010203546844422,8.243977944744074e-09,0.0010203465353697,-0.0206488762050867,0.0,0.0,0.0,-0.008899719454348,60.0,3.058600902557373,-0.0,-7.098396537230657e-08,0.0,282.9992980957031,284.4533386230469,290.2752380371094,291.35028076171875,293.1499938964844,293.1499938964844,278.1499938964844,0.0,18000.0,313.1499938964844,0.0,18000.0,0.0,0.0,0.0,0.0,0.0,0.0,0.0,0.0,0.0,-0.0,-0.0,0.0,-5.2805772432836115e-21,-2.6402886216418057e-21,-2.6402886216418057e-21,0.0,0.0,-0.0,0.0,0.0,0.0,-0.0,0.0,0.0,0.0,0.0,0.0,4.0,0.0,0.0
12264240,298.54266357421875,303.1499938964844,285.1499938964844,0.0,-0.0,285.0753479003906,0.0,0.0,9.575986041454598e-05,298.6031188964844,303.1499938964844,285.1499938964844,0.0,-0.0,285.0755615234375,0.0,0.0,0.0001008398467092,299.1431884765625,303.1499938964844,285.1499938964844,0.0,-0.0,285.07537841796875,0.0,0.0,7.448003452736884e-05,298.3916931152344,303.1499938964844,285.1499938964844,0.0,-0.0,285.07537841796875,0.0,0.0,0.0001008397521218,298.4835510253906,303.1499938964844,285.1499938964844,0.0,-0.0,285.07452392578125,0.0,0.0,0.0004783395852427,285.04052734375,294.1499938964844,289.5276794433594,283.7038879394531,291.8500671386719,289.60748291015625,285.1904296875,0.0,0.0,0.0,0.0,1.0,1.0,-0.0010203546844422,8.243977944744074e-09,0.0010203465353697,-0.0206488762050867,0.0,0.0,0.0,-0.008899719454348,60.0,3.058600902557373,-0.0,-7.098396537230657e-08,0.0,282.9992980957031,284.4533386230469,290.2752380371094,291.35028076171875,293.1499938964844,293.1499938964844,278.1499938964844,0.0,18000.0,313.1499938964844,0.0,18000.0,0.0,0.0,0.0,0.0,0.0,0.0,0.0,0.0,0.0,-0.0,-0.0,0.0,-5.2805772432836115e-21,-2.6402886216418057e-21,-2.6402886216418057e-21,0.0,0.0,-0.0,0.0,0.0,0.0,-0.0,0.0,0.0,0.0,0.0,0.0,4.0,0.0,0.0
12264300,298.5431213378906,303.1499938964844,285.1499938964844,0.0,-0.0,285.0751647949219,0.0,0.0,9.546270302962512e-05,298.6018371582031,303.1499938964844,285.1499938964844,0.0,-0.0,285.0753479003906,0.0,0.0,0.0001005269223242,299.1416931152344,303.1499938964844,285.1499938964844,0.0,-0.0,285.0751647949219,0.0,0.0,7.424890645779669e-05,298.3873291015625,303.1499938964844,285.1499938964844,0.0,-0.0,285.0751647949219,0.0,0.0,0.0001005268277367,298.4833068847656,303.1499938964844,285.1499938964844,0.0,-0.0,285.0743408203125,0.0,0.0,0.000476855202578,285.0405578613281,294.1499938964844,289.51092529296875,283.6842041015625,291.8289489746094,289.5936279296875,285.1917419433594,0.0,0.0,0.0,0.0,1.0,1.0,-0.0010171879548579,7.873698137927931e-09,0.0010171801550313,-0.0196791514754295,0.0,0.0,0.0,-0.0087161548435688,60.0,3.036027431488037,-0.0,-7.054405415374276e-08,0.0,282.9992980957031,284.4533386230469,290.2752380371094,291.35028076171875,293.1499938964844,293.1499938964844,278.1499938964844,0.0,18000.0,313.1499938964844,0.0,18000.0,0.0,0.0,0.0,0.0,0.0,0.0,0.0,0.0,0.0,-0.0,-0.0,0.0,-5.2805772432836115e-21,-2.6402886216418057e-21,-2.6402886216418057e-21,0.0,0.0,-0.0,0.0,0.0,0.0,-0.0,0.0,0.0,0.0,0.0,0.0,4.0,0.0,0.0
12264360,298.54376220703125,303.1499938964844,285.1499938964844,0.0,-0.0,285.0749816894531,0.0,0.0,9.518394654151052e-05,298.6004943847656,303.1499938964844,285.1499938964844,0.0,-0.0,285.0751647949219,0.0,0.0,0.0001002333738142,299.1401672363281,303.1499938964844,285.1499938964844,0.0,-0.0,285.0749816894531,0.0,0.0,7.403209019685164e-05,298.3826599121094,303.1499938964844,285.1499938964844,0.0,-0.0,285.0749816894531,0.0,0.0,0.0001002332792268,298.48297119140625,303.1499938964844,285.1499938964844,0.0,-0.0,285.0741577148437,0.0,0.0,0.0004754627589136,285.04058837890625,294.1499938964844,289.494140625,283.6651306152344,291.8079528808594,289.5799560546875,285.1930236816406,0.0,0.0,0.0,0.0,1.0,1.0,-0.0010142173850908,7.526343992481088e-09,0.0010142098180949,-0.0187694206833839,0.0,0.0,0.0,-0.0085439560934901,60.0,3.013969659805298,-0.0,-7.013262859345559e-08,0.0,282.9992980957031,284.4533386230469,290.2752380371094,291.35028076171875,293.1499938964844,293.1499938964844,278.1499938964844,0.0,18000.0,313.1499938964844,0.0,18000.0,0.0,0.0,0.0,0.0,0.0,0.0,0.0,0.0,0.0,-0.0,-0.0,0.0,-5.2805772432836115e-21,-2.6402886216418057e-21,-2.6402886216418057e-21,0.0,0.0,-0.0,0.0,0.0,0.0,-0.0,0.0,0.0,0.0,0.0,0.0,4.0,0.0,0.0
12264420,298.5453796386719,303.1499938964844,285.1499938964844,0.0,-0.0,285.0746154785156,0.0,0.0,9.469078213442116e-05,298.5978088378906,303.1499938964844,285.1499938964844,0.0,-0.0,285.0747985839844,0.0,0.0,9.971405233955012e-05,299.13702392578125,303.1499938964844,285.1499938964844,0.0,-0.0,285.0746154785156,0.0,0.0,7.364852353930473e-05,298.373046875,303.1499938964844,285.1499938964844,0.0,-0.0,285.0746459960937,0.0,0.0,9.971395775210112e-05,298.4820556640625,303.1499938964844,285.1499938964844,0.0,-0.0,285.07379150390625,0.0,0.0,0.0004729993233922,285.04071044921875,294.1499938964844,289.4603881835937,283.6289978027344,291.7662353515625,289.5530090332031,285.195556640625,0.0,0.0,0.0,0.0,1.0,1.0,-0.001008961815387,6.911831995637385e-09,0.0010089548304677,-0.0171598810702562,0.0,0.0,0.0,-0.0082393148913979,60.0,2.971834659576416,-0.0,-6.940771157815109e-08,0.0,282.9992980957031,284.4533386230469,290.2752380371094,291.35028076171875,293.1499938964844,293.1499938964844,278.1499938964844,0.0,18000.0,313.1499938964844,0.0,18000.0,0.0,0.0,0.0,0.0,0.0,0.0,0.0,0.0,0.0,-0.0,-0.0,0.0,-5.2805772432836115e-21,-2.6402886216418057e-21,-2.6402886216418057e-21,0.0,0.0,-0.0,0.0,0.0,0.0,-0.0,0.0,0.0,0.0,0.0,0.0,4.0,0.0,0.0
12264480,298.5453796386719,303.1499938964844,285.1499938964844,0.0,-0.0,285.0746154785156,0.0,0.0,9.469078213442116e-05,298.5978088378906,303.1499938964844,285.1499938964844,0.0,-0.0,285.0747985839844,0.0,0.0,9.971405233955012e-05,299.13702392578125,303.1499938964844,285.1499938964844,0.0,-0.0,285.0746154785156,0.0,0.0,7.364852353930473e-05,298.373046875,303.1499938964844,285.1499938964844,0.0,-0.0,285.0746459960937,0.0,0.0,9.971395775210112e-05,298.4820556640625,303.1499938964844,285.1499938964844,0.0,-0.0,285.07379150390625,0.0,0.0,0.0004729993233922,285.04071044921875,294.1499938964844,289.4603881835937,283.6289978027344,291.7662353515625,289.5530090332031,285.195556640625,0.0,0.0,0.0,0.0,1.0,1.0,-0.001008961815387,6.911831995637385e-09,0.0010089548304677,-0.0171598810702562,0.0,0.0,0.0,-0.0082393148913979,60.0,2.971834659576416,-0.0,-6.940771157815109e-08,0.0,282.9992980957031,284.4533386230469,290.2752380371094,291.35028076171875,293.1499938964844,293.1499938964844,278.1499938964844,0.0,18000.0,313.1499938964844,0.0,18000.0,0.0,0.0,0.0,0.0,0.0,0.0,0.0,0.0,0.0,-0.0,-0.0,0.0,-5.2805772432836115e-21,-2.6402886216418057e-21,-2.6402886216418057e-21,0.0,0.0,-0.0,0.0,0.0,0.0,-0.0,0.0,0.0,0.0,0.0,0.0,4.0,0.0,0.0
12264540,298.54736328125,303.1499938964844,285.1499938964844,0.0,-0.0,285.0743103027344,0.0,0.0,9.428602061234416e-05,298.59503173828125,303.1499938964844,285.1499938964844,0.0,-0.0,285.0744934082031,0.0,0.0,9.9287812190596e-05,299.1336975097656,303.1499938964844,285.1499938964844,0.0,-0.0,285.0743103027344,0.0,0.0,7.333370012929663e-05,298.3637084960937,303.1499938964844,285.1499938964844,0.0,-0.0,285.0743103027344,0.0,0.0,9.928772487910464e-05,298.4808044433594,303.1499938964844,285.1499938964844,0.0,-0.0,285.073486328125,0.0,0.0,0.0004709774511866,285.0408630371094,294.1499938964844,289.4263916015625,283.5957336425781,291.7248229980469,289.52642822265625,285.1980895996094,0.0,0.0,0.0,0.0,1.0,1.0,-0.0010046480456367,6.407458119639386e-09,0.001004641642794,-0.0158387180417776,0.0,0.0,0.0,-0.0079892734065651,60.0,2.932457208633423,-0.0,-6.881552394588655e-08,0.0,282.9992980957031,284.4533386230469,290.2752380371094,291.35028076171875,293.1499938964844,293.1499938964844,278.1499938964844,0.0,18000.0,313.1499938964844,0.0,18000.0,0.0,0.0,0.0,0.0,0.0,0.0,0.0,0.0,0.0,-0.0,-0.0,0.0,-5.2805772432836115e-21,-2.6402886216418057e-21,-2.6402886216418057e-21,0.0,0.0,-0.0,0.0,0.0,0.0,-0.0,0.0,0.0,0.0,0.0,0.0,4.0,0.0,0.0
12264600,298.54736328125,303.1499938964844,285.1499938964844,0.0,-0.0,285.0743103027344,0.0,0.0,9.428602061234416e-05,298.59503173828125,303.1499938964844,285.1499938964844,0.0,-0.0,285.0744934082031,0.0,0.0,9.9287812190596e-05,299.1336975097656,303.1499938964844,285.1499938964844,0.0,-0.0,285.0743103027344,0.0,0.0,7.333370012929663e-05,298.3637084960937,303.1499938964844,285.1499938964844,0.0,-0.0,285.0743103027344,0.0,0.0,9.928772487910464e-05,298.4808044433594,303.1499938964844,285.1499938964844,0.0,-0.0,285.073486328125,0.0,0.0,0.0004709774511866,285.0408630371094,294.1499938964844,289.4263916015625,283.5957336425781,291.7248229980469,289.52642822265625,285.1980895996094,0.0,0.0,0.0,0.0,1.0,1.0,-0.0010046480456367,6.407458119639386e-09,0.001004641642794,-0.0158387180417776,0.0,0.0,0.0,-0.0079892734065651,60.0,2.932457208633423,-0.0,-6.881552394588655e-08,0.0,282.9992980957031,284.4533386230469,290.2752380371094,291.35028076171875,293.1499938964844,293.1499938964844,278.1499938964844,0.0,18000.0,313.1499938964844,0.0,18000.0,0.0,0.0,0.0,0.0,0.0,0.0,0.0,0.0,0.0,-0.0,-0.0,0.0,-5.2805772432836115e-21,-2.6402886216418057e-21,-2.6402886216418057e-21,0.0,0.0,-0.0,0.0,0.0,0.0,-0.0,0.0,0.0,0.0,0.0,0.0,4.0,0.0,0.0
12264660,298.54949951171875,303.1499938964844,285.1499938964844,0.0,-0.0,285.0740051269531,0.0,0.0,9.396659879712388e-05,298.5921325683594,303.1499938964844,285.1499938964844,0.0,-0.0,285.0741882324219,0.0,0.0,9.895144467009231e-05,299.1302185058594,303.1499938964844,285.1499938964844,0.0,-0.0,285.07403564453125,0.0,0.0,7.308526255656034e-05,298.3551025390625,303.1499938964844,285.1499938964844,0.0,-0.0,285.07403564453125,0.0,0.0,9.895135735860094e-05,298.4793395996094,303.1499938964844,285.1499938964844,0.0,-0.0,285.0732116699219,0.0,0.0,0.0004693818918894,285.0410461425781,294.1499938964844,289.3920593261719,283.56561279296875,291.6837158203125,289.4998779296875,285.2005615234375,0.0,0.0,0.0,0.0,1.0,1.0,-0.0010012438287958,6.009420516761565e-09,0.0010012377751991,-0.0147960372269153,0.0,0.0,0.0,-0.0077919475734233,60.0,2.8958256244659424,-0.0,-6.834998345084389e-08,0.0,282.9992980957031,284.4533386230469,290.2752380371094,291.35028076171875,293.1499938964844,293.1499938964844,278.1499938964844,0.0,18000.0,313.1499938964844,0.0,18000.0,0.0,0.0,0.0,0.0,0.0,0.0,0.0,0.0,0.0,-0.0,-0.0,0.0,-5.2805772432836115e-21,-2.6402886216418057e-21,-2.6402886216418057e-21,0.0,0.0,-0.0,0.0,0.0,0.0,-0.0,0.0,0.0,0.0,0.0,0.0,4.0,0.0,0.0
12264720,298.54949951171875,303.1499938964844,285.1499938964844,0.0,-0.0,285.0740051269531,0.0,0.0,9.396659879712388e-05,298.5921325683594,303.1499938964844,285.1499938964844,0.0,-0.0,285.0741882324219,0.0,0.0,9.895144467009231e-05,299.1302185058594,303.1499938964844,285.1499938964844,0.0,-0.0,285.07403564453125,0.0,0.0,7.308526255656034e-05,298.3551025390625,303.1499938964844,285.1499938964844,0.0,-0.0,285.07403564453125,0.0,0.0,9.895135735860094e-05,298.4793395996094,303.1499938964844,285.1499938964844,0.0,-0.0,285.0732116699219,0.0,0.0,0.0004693818918894,285.0410461425781,294.1499938964844,289.3920593261719,283.56561279296875,291.6837158203125,289.4998779296875,285.2005615234375,0.0,0.0,0.0,0.0,1.0,1.0,-0.0010012438287958,6.009420516761565e-09,0.0010012377751991,-0.0147960372269153,0.0,0.0,0.0,-0.0077919475734233,60.0,2.8958256244659424,-0.0,-6.834998345084389e-08,0.0,282.9992980957031,284.4533386230469,290.2752380371094,291.35028076171875,293.1499938964844,293.1499938964844,278.1499938964844,0.0,18000.0,313.1499938964844,0.0,18000.0,0.0,0.0,0.0,0.0,0.0,0.0,0.0,0.0,0.0,-0.0,-0.0,0.0,-5.2805772432836115e-21,-2.6402886216418057e-21,-2.6402886216418057e-21,0.0,0.0,-0.0,0.0,0.0,0.0,-0.0,0.0,0.0,0.0,0.0,0.0,4.0,0.0,0.0
12264780,298.5515441894531,303.1499938964844,285.1499938964844,0.0,-0.0,285.0737609863281,0.0,0.0,9.372334170620888e-05,298.5891418457031,303.1499938964844,285.1499938964844,0.0,-0.0,285.0739440917969,0.0,0.0,9.869528003036976e-05,299.1266174316406,303.1499938964844,285.1499938964844,0.0,-0.0,285.0737609863281,0.0,0.0,7.289605855476111e-05,298.3473815917969,303.1499938964844,285.1499938964844,0.0,-0.0,285.0737609863281,0.0,0.0,9.86951927188784e-05,298.47772216796875,303.1499938964844,285.1499938964844,0.0,-0.0,285.0729675292969,0.0,0.0,0.000468166777864,285.041259765625,294.1499938964844,289.3572998046875,283.5389404296875,291.642822265625,289.4731140136719,285.2030639648437,0.0,0.0,0.0,0.0,1.0,1.0,-0.0009986510267481,5.706279893047394e-09,0.0009986453223973,-0.0140019115060567,0.0,0.0,0.0,-0.0076416665688157,60.0,2.861586570739746,-0.0,-6.799648843980324e-08,0.0,282.9992980957031,284.4533386230469,290.2752380371094,291.35028076171875,293.1499938964844,293.1499938964844,278.1499938964844,0.0,18000.0,313.1499938964844,0.0,18000.0,0.0,0.0,0.0,0.0,0.0,0.0,0.0,0.0,0.0,-0.0,-0.0,0.0,-5.2805772432836115e-21,-2.6402886216418057e-21,-2.6402886216418057e-21,0.0,0.0,-0.0,0.0,0.0,0.0,-0.0,0.0,0.0,0.0,0.0,0.0,4.0,0.0,0.0
12264840,298.5515441894531,303.1499938964844,285.1499938964844,0.0,-0.0,285.0737609863281,0.0,0.0,9.372334170620888e-05,298.5891418457031,303.1499938964844,285.1499938964844,0.0,-0.0,285.0739440917969,0.0,0.0,9.869528003036976e-05,299.1266174316406,303.1499938964844,285.1499938964844,0.0,-0.0,285.0737609863281,0.0,0.0,7.289605855476111e-05,298.3473815917969,303.1499938964844,285.1499938964844,0.0,-0.0,285.0737609863281,0.0,0.0,9.86951927188784e-05,298.47772216796875,303.1499938964844,285.1499938964844,0.0,-0.0,285.0729675292969,0.0,0.0,0.000468166777864,285.041259765625,294.1499938964844,289.3572998046875,283.5389404296875,291.642822265625,289.4731140136719,285.2030639648437,0.0,0.0,0.0,0.0,1.0,1.0,-0.0009986510267481,5.706279893047394e-09,0.0009986453223973,-0.0140019115060567,0.0,0.0,0.0,-0.0076416665688157,60.0,2.861586570739746,-0.0,-6.799648843980324e-08,0.0,282.9992980957031,284.4533386230469,290.2752380371094,291.35028076171875,293.1499938964844,293.1499938964844,278.1499938964844,0.0,18000.0,313.1499938964844,0.0,18000.0,0.0,0.0,0.0,0.0,0.0,0.0,0.0,0.0,0.0,-0.0,-0.0,0.0,-5.2805772432836115e-21,-2.6402886216418057e-21,-2.6402886216418057e-21,0.0,0.0,-0.0,0.0,0.0,0.0,-0.0,0.0,0.0,0.0,0.0,0.0,4.0,0.0,0.0
12264900,298.5524597167969,303.1499938964844,285.1499938964844,0.0,-0.0,285.0736389160156,0.0,0.0,9.362711716676132e-05,298.5876159667969,303.1499938964844,285.1499938964844,0.0,-0.0,285.0738220214844,0.0,0.0,9.859395504463464e-05,299.124755859375,303.1499938964844,285.1499938964844,0.0,-0.0,285.0736389160156,0.0,0.0,7.282121805474162e-05,298.3439025878906,303.1499938964844,285.1499938964844,0.0,-0.0,285.0736694335937,0.0,0.0,9.859386773314328e-05,298.47686767578125,303.1499938964844,285.1499938964844,0.0,-0.0,285.0728759765625,0.0,0.0,0.0004676861281041,285.0413818359375,294.1499938964844,289.3397521972656,283.5269775390625,291.6224670410156,289.4595642089844,285.20428466796875,0.0,0.0,0.0,0.0,1.0,1.0,-0.0009976255241781,5.586365592336051e-09,0.0009976199362426,-0.0136877680197358,0.0,0.0,0.0,-0.0075822193175554,60.0,2.8452954292297363,-0.0,-6.78569094247905e-08,0.0,282.9992980957031,284.4533386230469,290.2752380371094,291.35028076171875,293.1499938964844,293.1499938964844,278.1499938964844,0.0,18000.0,313.1499938964844,0.0,18000.0,0.0,0.0,0.0,0.0,0.0,0.0,0.0,0.0,0.0,-0.0,-0.0,0.0,-5.2805772432836115e-21,-2.6402886216418057e-21,-2.6402886216418057e-21,0.0,0.0,-0.0,0.0,0.0,0.0,-0.0,0.0,0.0,0.0,0.0,0.0,4.0,0.0,0.0
12264960,298.55328369140625,303.1499938964844,285.1499938964844,0.0,-0.0,285.07354736328125,0.0,0.0,9.354422945762052e-05,298.5860900878906,303.1499938964844,285.1499938964844,0.0,-0.0,285.0736999511719,0.0,0.0,9.850666538113728e-05,299.1228942871094,303.1499938964844,285.1499938964844,0.0,-0.0,285.07354736328125,0.0,0.0,7.275674579432234e-05,298.34063720703125,303.1499938964844,285.1499938964844,0.0,-0.0,285.07354736328125,0.0,0.0,9.850658534560353e-05,298.4760131835937,303.1499938964844,285.1499938964844,0.0,-0.0,285.07275390625,0.0,0.0,0.000467272097012,285.04150390625,294.1499938964844,289.32208251953125,283.5159606933594,291.6021423339844,289.4458923339844,285.2055053710937,0.0,0.0,0.0,0.0,1.0,1.0,-0.0009967419318854,5.4830646689651985e-09,0.0009967364603653,-0.0134171452373266,0.0,0.0,0.0,-0.0075310082174837,60.0,2.829399585723877,-0.0,-6.773677796445554e-08,0.0,282.9992980957031,284.4533386230469,290.2752380371094,291.35028076171875,293.1499938964844,293.1499938964844,278.1499938964844,0.0,18000.0,313.1499938964844,0.0,18000.0,0.0,0.0,0.0,0.0,0.0,0.0,0.0,0.0,0.0,-0.0,-0.0,0.0,-5.2805772432836115e-21,-2.6402886216418057e-21,-2.6402886216418057e-21,0.0,0.0,-0.0,0.0,0.0,0.0,-0.0,0.0,0.0,0.0,0.0,0.0,4.0,0.0,0.0
12265020,298.5545349121094,303.1499938964844,285.1499938964844,0.0,-0.0,285.0733337402344,0.0,0.0,9.341508120996878e-05,298.5829467773437,303.1499938964844,285.1499938964844,0.0,-0.0,285.0735168457031,0.0,0.0,9.837067045737058e-05,299.119140625,303.1499938964844,285.1499938964844,0.0,-0.0,285.0733642578125,0.0,0.0,7.265630119945854e-05,298.3348999023437,303.1499938964844,285.1499938964844,0.0,-0.0,285.0733642578125,0.0,0.0,9.837059042183682e-05,298.4742736816406,303.1499938964844,285.1499938964844,0.0,-0.0,285.07257080078125,0.0,0.0,0.0004666270106099,285.04180908203125,294.1499938964844,289.2863464355469,283.4969482421875,291.56158447265625,289.4179992675781,285.2079467773437,0.0,0.0,0.0,0.0,1.0,1.0,-0.0009953652042895,5.322104978944253e-09,0.0009953599656,-0.0129954647272825,0.0,0.0,0.0,-0.0074512124992907,60.0,2.7987191677093506,-0.0,-6.7549812854395e-08,0.0,282.9992980957031,284.4533386230469,290.2752380371094,291.35028076171875,293.1499938964844,293.1499938964844,278.1499938964844,0.0,18000.0,313.1499938964844,0.0,18000.0,0.0,0.0,0.0,0.0,0.0,0.0,0.0,0.0,0.0,-0.0,-0.0,0.0,-5.2805772432836115e-21,-2.6402886216418057e-21,-2.6402886216418057e-21,0.0,0.0,-0.0,0.0,0.0,0.0,-0.0,0.0,0.0,0.0,0.0,0.0,4.0,0.0,0.0
12265080,298.5545349121094,303.1499938964844,285.1499938964844,0.0,-0.0,285.0733337402344,0.0,0.0,9.341508120996878e-05,298.5829467773437,303.1499938964844,285.1499938964844,0.0,-0.0,285.0735168457031,0.0,0.0,9.837067045737058e-05,299.119140625,303.1499938964844,285.1499938964844,0.0,-0.0,285.0733642578125,0.0,0.0,7.265630119945854e-05,298.3348999023437,303.1499938964844,285.1499938964844,0.0,-0.0,285.0733642578125,0.0,0.0,9.837059042183682e-05,298.4742736816406,303.1499938964844,285.1499938964844,0.0,-0.0,285.07257080078125,0.0,0.0,0.0004666270106099,285.04180908203125,294.1499938964844,289.2863464355469,283.4969482421875,291.56158447265625,289.4179992675781,285.2079467773437,0.0,0.0,0.0,0.0,1.0,1.0,-0.0009953652042895,5.322104978944253e-09,0.0009953599656,-0.0129954647272825,0.0,0.0,0.0,-0.0074512124992907,60.0,2.7987191677093506,-0.0,-6.7549812854395e-08,0.0,282.9992980957031,284.4533386230469,290.2752380371094,291.35028076171875,293.1499938964844,293.1499938964844,278.1499938964844,0.0,18000.0,313.1499938964844,0.0,18000.0,0.0,0.0,0.0,0.0,0.0,0.0,0.0,0.0,0.0,-0.0,-0.0,0.0,-5.2805772432836115e-21,-2.6402886216418057e-21,-2.6402886216418057e-21,0.0,0.0,-0.0,0.0,0.0,0.0,-0.0,0.0,0.0,0.0,0.0,0.0,4.0,0.0,0.0
12265140,298.55499267578125,303.1499938964844,285.1499938964844,0.0,-0.0,285.0731811523437,0.0,0.0,9.332518675364554e-05,298.57977294921875,303.1499938964844,285.1499938964844,0.0,-0.0,285.0733337402344,0.0,0.0,9.827600297285244e-05,299.1153869628906,303.1499938964844,285.1499938964844,0.0,-0.0,285.0731811523437,0.0,0.0,7.258637924678624e-05,298.3302307128906,303.1499938964844,285.1499938964844,0.0,-0.0,285.0731811523437,0.0,0.0,9.827592293731868e-05,298.4725341796875,303.1499938964844,285.1499938964844,0.0,-0.0,285.0724182128906,0.0,0.0,0.0004661779676098,285.0421142578125,294.1499938964844,289.25,283.482177734375,291.52117919921875,289.38922119140625,285.2103271484375,0.0,0.0,0.0,0.0,1.0,1.0,-0.0009944068733602,5.2100461722659475e-09,0.0009944016346707,-0.0127018904313445,0.0,0.0,0.0,-0.0073956595733761,60.0,2.769169330596924,-0.0,-6.741980485003296e-08,0.0,282.9992980957031,284.4533386230469,290.2752380371094,291.35028076171875,293.1499938964844,293.1499938964844,278.1499938964844,0.0,18000.0,313.1499938964844,0.0,18000.0,0.0,0.0,0.0,0.0,0.0,0.0,0.0,0.0,0.0,-0.0,-0.0,0.0,-5.2805772432836115e-21,-2.6402886216418057e-21,-2.6402886216418057e-21,0.0,0.0,-0.0,0.0,0.0,0.0,-0.0,0.0,0.0,0.0,0.0,0.0,4.0,0.0,0.0
12265200,298.55499267578125,303.1499938964844,285.1499938964844,0.0,-0.0,285.0731811523437,0.0,0.0,9.332518675364554e-05,298.57977294921875,303.1499938964844,285.1499938964844,0.0,-0.0,285.0733337402344,0.0,0.0,9.827600297285244e-05,299.1153869628906,303.1499938964844,285.1499938964844,0.0,-0.0,285.0731811523437,0.0,0.0,7.258637924678624e-05,298.3302307128906,303.1499938964844,285.1499938964844,0.0,-0.0,285.0731811523437,0.0,0.0,9.827592293731868e-05,298.4725341796875,303.1499938964844,285.1499938964844,0.0,-0.0,285.0724182128906,0.0,0.0,0.0004661779676098,285.0421142578125,294.1499938964844,289.25,283.482177734375,291.52117919921875,289.38922119140625,285.2103271484375,0.0,0.0,0.0,0.0,1.0,1.0,-0.0009944068733602,5.2100461722659475e-09,0.0009944016346707,-0.0127018904313445,0.0,0.0,0.0,-0.0073956595733761,60.0,2.769169330596924,-0.0,-6.741980485003296e-08,0.0,282.9992980957031,284.4533386230469,290.2752380371094,291.35028076171875,293.1499938964844,293.1499938964844,278.1499938964844,0.0,18000.0,313.1499938964844,0.0,18000.0,0.0,0.0,0.0,0.0,0.0,0.0,0.0,0.0,0.0,-0.0,-0.0,0.0,-5.2805772432836115e-21,-2.6402886216418057e-21,-2.6402886216418057e-21,0.0,0.0,-0.0,0.0,0.0,0.0,-0.0,0.0,0.0,0.0,0.0,0.0,4.0,0.0,0.0
12265260,298.55474853515625,303.1499938964844,285.1499938964844,0.0,-0.0,285.07305908203125,0.0,0.0,9.325388236902654e-05,298.5765686035156,303.1499938964844,285.1499938964844,0.0,-0.0,285.0732116699219,0.0,0.0,9.820091509027408e-05,299.1116027832031,303.1499938964844,285.1499938964844,0.0,-0.0,285.07305908203125,0.0,0.0,7.253091462189332e-05,298.3264465332031,303.1499938964844,285.1499938964844,0.0,-0.0,285.07305908203125,0.0,0.0,9.820083505474032e-05,298.4708251953125,303.1499938964844,285.1499938964844,0.0,-0.0,285.0722961425781,0.0,0.0,0.0004658217658288,285.04248046875,294.1499938964844,289.2133483886719,283.4698791503906,291.4808654785156,289.359619140625,285.2127380371094,0.0,0.0,0.0,0.0,1.0,1.0,-0.0009936465648934,5.121148838327372e-09,0.0009936414426192,-0.0124689927324652,0.0,0.0,0.0,-0.0073515893891453,60.0,2.740236759185791,-0.0,-6.731675483706567e-08,0.0,282.9992980957031,284.4533386230469,290.2752380371094,291.35028076171875,293.1499938964844,293.1499938964844,278.1499938964844,0.0,18000.0,313.1499938964844,0.0,18000.0,0.0,0.0,0.0,0.0,0.0,0.0,0.0,0.0,0.0,-0.0,-0.0,0.0,-5.2805772432836115e-21,-2.6402886216418057e-21,-2.6402886216418057e-21,0.0,0.0,-0.0,0.0,0.0,0.0,-0.0,0.0,0.0,0.0,0.0,0.0,4.0,0.0,0.0
12265320,298.55474853515625,303.1499938964844,285.1499938964844,0.0,-0.0,285.07305908203125,0.0,0.0,9.325388236902654e-05,298.5765686035156,303.1499938964844,285.1499938964844,0.0,-0.0,285.0732116699219,0.0,0.0,9.820091509027408e-05,299.1116027832031,303.1499938964844,285.1499938964844,0.0,-0.0,285.07305908203125,0.0,0.0,7.253091462189332e-05,298.3264465332031,303.1499938964844,285.1499938964844,0.0,-0.0,285.07305908203125,0.0,0.0,9.820083505474032e-05,298.4708251953125,303.1499938964844,285.1499938964844,0.0,-0.0,285.0722961425781,0.0,0.0,0.0004658217658288,285.04248046875,294.1499938964844,289.2133483886719,283.4698791503906,291.4808654785156,289.359619140625,285.2127380371094,0.0,0.0,0.0,0.0,1.0,1.0,-0.0009936465648934,5.121148838327372e-09,0.0009936414426192,-0.0124689927324652,0.0,0.0,0.0,-0.0073515893891453,60.0,2.740236759185791,-0.0,-6.731675483706567e-08,0.0,282.9992980957031,284.4533386230469,290.2752380371094,291.35028076171875,293.1499938964844,293.1499938964844,278.1499938964844,0.0,18000.0,313.1499938964844,0.0,18000.0,0.0,0.0,0.0,0.0,0.0,0.0,0.0,0.0,0.0,-0.0,-0.0,0.0,-5.2805772432836115e-21,-2.6402886216418057e-21,-2.6402886216418057e-21,0.0,0.0,-0.0,0.0,0.0,0.0,-0.0,0.0,0.0,0.0,0.0,0.0,4.0,0.0,0.0
12265380,298.5539245605469,303.1499938964844,285.1499938964844,0.0,-0.0,285.07293701171875,0.0,0.0,9.318228694610298e-05,298.5733642578125,303.1499938964844,285.1499938964844,0.0,-0.0,285.0731201171875,0.0,0.0,9.81255216174759e-05,299.1078796386719,303.1499938964844,285.1499938964844,0.0,-0.0,285.07293701171875,0.0,0.0,7.247523171827197e-05,298.32342529296875,303.1499938964844,285.1499938964844,0.0,-0.0,285.0729675292969,0.0,0.0,9.812544158194214e-05,298.46923828125,303.1499938964844,285.1499938964844,0.0,-0.0,285.0722045898437,0.0,0.0,0.000465464167064,285.0428771972656,294.1499938964844,289.1766662597656,283.45819091796875,291.440673828125,289.3291931152344,285.215087890625,0.0,0.0,0.0,0.0,1.0,1.0,-0.0009928832296282,5.031897121199336e-09,0.0009928782237693,-0.0122351637110114,0.0,0.0,0.0,-0.0073073431849479,60.0,2.711544275283813,-0.0,-6.721337086901259e-08,0.0,282.9992980957031,284.4533386230469,290.2752380371094,291.35028076171875,293.1499938964844,293.1499938964844,278.1499938964844,0.0,18000.0,313.1499938964844,0.0,18000.0,0.0,0.0,0.0,0.0,0.0,0.0,0.0,0.0,0.0,-0.0,-0.0,0.0,-5.2805772432836115e-21,-2.6402886216418057e-21,-2.6402886216418057e-21,0.0,0.0,-0.0,0.0,0.0,0.0,-0.0,0.0,0.0,0.0,0.0,0.0,4.0,0.0,0.0
12265440,298.5539245605469,303.1499938964844,285.1499938964844,0.0,-0.0,285.07293701171875,0.0,0.0,9.318228694610298e-05,298.5733642578125,303.1499938964844,285.1499938964844,0.0,-0.0,285.0731201171875,0.0,0.0,9.81255216174759e-05,299.1078796386719,303.1499938964844,285.1499938964844,0.0,-0.0,285.07293701171875,0.0,0.0,7.247523171827197e-05,298.32342529296875,303.1499938964844,285.1499938964844,0.0,-0.0,285.0729675292969,0.0,0.0,9.812544158194214e-05,298.46923828125,303.1499938964844,285.1499938964844,0.0,-0.0,285.0722045898437,0.0,0.0,0.000465464167064,285.0428771972656,294.1499938964844,289.1766662597656,283.45819091796875,291.440673828125,289.3291931152344,285.215087890625,0.0,0.0,0.0,0.0,1.0,1.0,-0.0009928832296282,5.031897121199336e-09,0.0009928782237693,-0.0122351637110114,0.0,0.0,0.0,-0.0073073431849479,60.0,2.711544275283813,-0.0,-6.721337086901259e-08,0.0,282.9992980957031,284.4533386230469,290.2752380371094,291.35028076171875,293.1499938964844,293.1499938964844,278.1499938964844,0.0,18000.0,313.1499938964844,0.0,18000.0,0.0,0.0,0.0,0.0,0.0,0.0,0.0,0.0,0.0,-0.0,-0.0,0.0,-5.2805772432836115e-21,-2.6402886216418057e-21,-2.6402886216418057e-21,0.0,0.0,-0.0,0.0,0.0,0.0,-0.0,0.0,0.0,0.0,0.0,0.0,4.0,0.0,0.0
12265500,298.5533752441406,303.1499938964844,285.1499938964844,0.0,-0.0,285.0729064941406,0.0,0.0,9.314626367995515e-05,298.5717468261719,303.1499938964844,285.1499938964844,0.0,-0.0,285.07305908203125,0.0,0.0,9.808758477447554e-05,299.1060485839844,303.1499938964844,285.1499938964844,0.0,-0.0,285.0729064941406,0.0,0.0,7.244721200549975e-05,298.3221130371094,303.1499938964844,285.1499938964844,0.0,-0.0,285.0729064941406,0.0,0.0,9.80875047389418e-05,298.4684753417969,303.1499938964844,285.1499938964844,0.0,-0.0,285.0721740722656,0.0,0.0,0.0004652842180803,285.0430908203125,294.1499938964844,289.1583251953125,283.4525451660156,291.42059326171875,289.31378173828125,285.2162475585937,0.0,0.0,0.0,0.0,1.0,1.0,-0.0009924991754814,4.986985047139569e-09,0.0009924941696226,-0.0121174994856119,0.0,0.0,0.0,-0.0072850785218179,60.0,2.697227716445923,-0.0,-6.716138045703701e-08,0.0,282.9992980957031,284.4533386230469,290.2752380371094,291.35028076171875,293.1499938964844,293.1499938964844,278.1499938964844,0.0,18000.0,313.1499938964844,0.0,18000.0,0.0,0.0,0.0,0.0,0.0,0.0,0.0,0.0,0.0,-0.0,-0.0,0.0,-5.2805772432836115e-21,-2.6402886216418057e-21,-2.6402886216418057e-21,0.0,0.0,-0.0,0.0,0.0,0.0,-0.0,0.0,0.0,0.0,0.0,0.0,4.0,0.0,0.0
12265560,298.5527648925781,303.1499938964844,285.1499938964844,0.0,-0.0,285.0728759765625,0.0,0.0,9.310998575529084e-05,298.57012939453125,303.1499938964844,285.1499938964844,0.0,-0.0,285.0730285644531,0.0,0.0,9.804937872104348e-05,299.10418701171875,303.1499938964844,285.1499938964844,0.0,-0.0,285.0728759765625,0.0,0.0,7.241899584187195e-05,298.3209228515625,303.1499938964844,285.1499938964844,0.0,-0.0,285.0728759765625,0.0,0.0,9.804929868550973e-05,298.4677124023437,303.1499938964844,285.1499938964844,0.0,-0.0,285.0721435546875,0.0,0.0,0.000465102988528,285.0433044433594,294.1499938964844,289.1400146484375,283.4470520019531,291.4005432128906,289.2982177734375,285.2174072265625,0.0,0.0,0.0,0.0,1.0,1.0,-0.0009921124437823,4.941760778365278e-09,0.0009921074379235,-0.0119990156963467,0.0,0.0,0.0,-0.0072626587934792,60.0,2.6829214096069336,-0.0,-6.710904187912092e-08,0.0,282.9992980957031,284.4533386230469,290.2752380371094,291.35028076171875,293.1499938964844,293.1499938964844,278.1499938964844,0.0,18000.0,313.1499938964844,0.0,18000.0,0.0,0.0,0.0,0.0,0.0,0.0,0.0,0.0,0.0,-0.0,-0.0,0.0,-5.2805772432836115e-21,-2.6402886216418057e-21,-2.6402886216418057e-21,0.0,0.0,-0.0,0.0,0.0,0.0,-0.0,0.0,0.0,0.0,0.0,0.0,4.0,0.0,0.0
12265620,298.5514221191406,303.1499938964844,285.1499938964844,0.0,-0.0,285.07281494140625,0.0,0.0,9.303612750954926e-05,298.5669250488281,303.1499938964844,285.1499938964844,0.0,-0.0,285.0729675292969,0.0,0.0,9.797160601010546e-05,299.1005859375,303.1499938964844,285.1499938964844,0.0,-0.0,285.07281494140625,0.0,0.0,7.236154488055035e-05,298.3187866210937,303.1499938964844,285.1499938964844,0.0,-0.0,285.0728454589844,0.0,0.0,9.79715259745717e-05,298.4662780761719,303.1499938964844,285.1499938964844,0.0,-0.0,285.0721130371094,0.0,0.0,0.0004647340683732,285.0437316894531,294.1499938964844,289.10333251953125,283.4364318847656,291.36053466796875,289.2668762207031,285.2197265625,0.0,0.0,0.0,0.0,1.0,1.0,-0.0009913250105455,4.849690871111534e-09,0.000991320121102,-0.0117578003555536,0.0,0.0,0.0,-0.0072170156054198,60.0,2.654325485229492,-0.0,-6.700255994473991e-08,0.0,282.9992980957031,284.4533386230469,290.2752380371094,291.35028076171875,293.1499938964844,293.1499938964844,278.1499938964844,0.0,18000.0,313.1499938964844,0.0,18000.0,0.0,0.0,0.0,0.0,0.0,0.0,0.0,0.0,0.0,-0.0,-0.0,0.0,-5.2805772432836115e-21,-2.6402886216418057e-21,-2.6402886216418057e-21,0.0,0.0,-0.0,0.0,0.0,0.0,-0.0,0.0,0.0,0.0,0.0,0.0,4.0,0.0,0.0
12265680,298.5514221191406,303.1499938964844,285.1499938964844,0.0,-0.0,285.07281494140625,0.0,0.0,9.303612750954926e-05,298.5669250488281,303.1499938964844,285.1499938964844,0.0,-0.0,285.0729675292969,0.0,0.0,9.797160601010546e-05,299.1005859375,303.1499938964844,285.1499938964844,0.0,-0.0,285.07281494140625,0.0,0.0,7.236154488055035e-05,298.3187866210937,303.1499938964844,285.1499938964844,0.0,-0.0,285.0728454589844,0.0,0.0,9.79715259745717e-05,298.4662780761719,303.1499938964844,285.1499938964844,0.0,-0.0,285.0721130371094,0.0,0.0,0.0004647340683732,285.0437316894531,294.1499938964844,289.10333251953125,283.4364318847656,291.36053466796875,289.2668762207031,285.2197265625,0.0,0.0,0.0,0.0,1.0,1.0,-0.0009913250105455,4.849690871111534e-09,0.000991320121102,-0.0117578003555536,0.0,0.0,0.0,-0.0072170156054198,60.0,2.654325485229492,-0.0,-6.700255994473991e-08,0.0,282.9992980957031,284.4533386230469,290.2752380371094,291.35028076171875,293.1499938964844,293.1499938964844,278.1499938964844,0.0,18000.0,313.1499938964844,0.0,18000.0,0.0,0.0,0.0,0.0,0.0,0.0,0.0,0.0,0.0,-0.0,-0.0,0.0,-5.2805772432836115e-21,-2.6402886216418057e-21,-2.6402886216418057e-21,0.0,0.0,-0.0,0.0,0.0,0.0,-0.0,0.0,0.0,0.0,0.0,0.0,4.0,0.0,0.0
12265740,298.5499572753906,303.1499938964844,285.1499938964844,0.0,-0.0,285.07281494140625,0.0,0.0,9.29599700612016e-05,298.5637512207031,303.1499938964844,285.1499938964844,0.0,-0.0,285.0729675292969,0.0,0.0,9.789141040528192e-05,299.0970153808594,303.1499938964844,285.1499938964844,0.0,-0.0,285.07281494140625,0.0,0.0,7.230231130961329e-05,298.3170166015625,303.1499938964844,285.1499938964844,0.0,-0.0,285.07281494140625,0.0,0.0,9.789133036974818e-05,298.4649353027344,303.1499938964844,285.1499938964844,0.0,-0.0,285.07208251953125,0.0,0.0,0.0004643536813091,285.0442199707031,294.1499938964844,289.0666809082031,283.4263610839844,291.3205871582031,289.2352600097656,285.2220153808594,0.0,0.0,0.0,0.0,1.0,1.0,-0.0009905131300911,4.754757476632676e-09,0.0009905083570629,-0.0115090804174542,0.0,0.0,0.0,-0.0071699530817568,60.0,2.6257362365722656,-0.0,-6.689285925176591e-08,0.0,282.9992980957031,284.4533386230469,290.2752380371094,291.35028076171875,293.1499938964844,293.1499938964844,278.1499938964844,0.0,18000.0,313.1499938964844,0.0,18000.0,0.0,0.0,0.0,0.0,0.0,0.0,0.0,0.0,0.0,-0.0,-0.0,0.0,-5.2805772432836115e-21,-2.6402886216418057e-21,-2.6402886216418057e-21,0.0,0.0,-0.0,0.0,0.0,0.0,-0.0,0.0,0.0,0.0,0.0,0.0,4.0,0.0,0.0
12265800,298.5499572753906,303.1499938964844,285.1499938964844,0.0,-0.0,285.07281494140625,0.0,0.0,9.29599700612016e-05,298.5637512207031,303.1499938964844,285.1499938964844,0.0,-0.0,285.0729675292969,0.0,0.0,9.789141040528192e-05,299.0970153808594,303.1499938964844,285.1499938964844,0.0,-0.0,285.07281494140625,0.0,0.0,7.230231130961329e-05,298.3170166015625,303.1499938964844,285.1499938964844,0.0,-0.0,285.07281494140625,0.0,0.0,9.789133036974818e-05,298.4649353027344,303.1499938964844,285.1499938964844,0.0,-0.0,285.07208251953125,0.0,0.0,0.0004643536813091,285.0442199707031,294.1499938964844,289.0666809082031,283.4263610839844,291.3205871582031,289.2352600097656,285.2220153808594,0.0,0.0,0.0,0.0,1.0,1.0,-0.0009905131300911,4.754757476632676e-09,0.0009905083570629,-0.0115090804174542,0.0,0.0,0.0,-0.0071699530817568,60.0,2.6257362365722656,-0.0,-6.689285925176591e-08,0.0,282.9992980957031,284.4533386230469,290.2752380371094,291.35028076171875,293.1499938964844,293.1499938964844,278.1499938964844,0.0,18000.0,313.1499938964844,0.0,18000.0,0.0,0.0,0.0,0.0,0.0,0.0,0.0,0.0,0.0,-0.0,-0.0,0.0,-5.2805772432836115e-21,-2.6402886216418057e-21,-2.6402886216418057e-21,0.0,0.0,-0.0,0.0,0.0,0.0,-0.0,0.0,0.0,0.0,0.0,0.0,4.0,0.0,0.0
12265860,298.54840087890625,303.1499938964844,285.1499938964844,0.0,-0.0,285.07281494140625,0.0,0.0,9.288125147577377e-05,298.5605773925781,303.1499938964844,285.1499938964844,0.0,-0.0,285.0729675292969,0.0,0.0,9.780850814422593e-05,299.093505859375,303.1499938964844,285.1499938964844,0.0,-0.0,285.07281494140625,0.0,0.0,7.224108412628993e-05,298.31549072265625,303.1499938964844,285.1499938964844,0.0,-0.0,285.07281494140625,0.0,0.0,9.780843538464978e-05,298.46368408203125,303.1499938964844,285.1499938964844,0.0,-0.0,285.0721130371094,0.0,0.0,0.000463960430352,285.04473876953125,294.1499938964844,289.0299987792969,283.416748046875,291.2807312011719,289.2034912109375,285.2242736816406,0.0,0.0,0.0,0.0,1.0,1.0,-0.000989673892036,4.656624419396849e-09,0.0009896692354232,-0.011251974850893,0.0,0.0,0.0,-0.0071213040500879,60.0,2.597139596939087,-0.0,-6.677954900169425e-08,0.0,282.9992980957031,284.4533386230469,290.2752380371094,291.35028076171875,293.1499938964844,293.1499938964844,278.1499938964844,0.0,18000.0,313.1499938964844,0.0,18000.0,0.0,0.0,0.0,0.0,0.0,0.0,0.0,0.0,0.0,-0.0,-0.0,0.0,-5.2805772432836115e-21,-2.6402886216418057e-21,-2.6402886216418057e-21,0.0,0.0,-0.0,0.0,0.0,0.0,-0.0,0.0,0.0,0.0,0.0,0.0,4.0,0.0,0.0
12265920,298.54840087890625,303.1499938964844,285.1499938964844,0.0,-0.0,285.07281494140625,0.0,0.0,9.288125147577377e-05,298.5605773925781,303.1499938964844,285.1499938964844,0.0,-0.0,285.0729675292969,0.0,0.0,9.780850814422593e-05,299.093505859375,303.1499938964844,285.1499938964844,0.0,-0.0,285.07281494140625,0.0,0.0,7.224108412628993e-05,298.31549072265625,303.1499938964844,285.1499938964844,0.0,-0.0,285.07281494140625,0.0,0.0,9.780843538464978e-05,298.46368408203125,303.1499938964844,285.1499938964844,0.0,-0.0,285.0721130371094,0.0,0.0,0.000463960430352,285.04473876953125,294.1499938964844,289.0299987792969,283.416748046875,291.2807312011719,289.2034912109375,285.2242736816406,0.0,0.0,0.0,0.0,1.0,1.0,-0.000989673892036,4.656624419396849e-09,0.0009896692354232,-0.011251974850893,0.0,0.0,0.0,-0.0071213040500879,60.0,2.597139596939087,-0.0,-6.677954900169425e-08,0.0,282.9992980957031,284.4533386230469,290.2752380371094,291.35028076171875,293.1499938964844,293.1499938964844,278.1499938964844,0.0,18000.0,313.1499938964844,0.0,18000.0,0.0,0.0,0.0,0.0,0.0,0.0,0.0,0.0,0.0,-0.0,-0.0,0.0,-5.2805772432836115e-21,-2.6402886216418057e-21,-2.6402886216418057e-21,0.0,0.0,-0.0,0.0,0.0,0.0,-0.0,0.0,0.0,0.0,0.0,0.0,4.0,0.0,0.0
12265980,298.5468139648437,303.1499938964844,285.1499938964844,0.0,-0.0,285.0728454589844,0.0,0.0,9.279948426410556e-05,298.5574035644531,303.1499938964844,285.1499938964844,0.0,-0.0,285.072998046875,0.0,0.0,9.772240446181968e-05,299.0900573730469,303.1499938964844,285.1499938964844,0.0,-0.0,285.0728454589844,0.0,0.0,7.217748498078436e-05,298.31427001953125,303.1499938964844,285.1499938964844,0.0,-0.0,285.0728454589844,0.0,0.0,9.772233170224354e-05,298.4625244140625,303.1499938964844,285.1499938964844,0.0,-0.0,285.0721435546875,0.0,0.0,0.0004635520162992,285.0452880859375,294.1499938964844,288.99334716796875,283.4076232910156,291.2409973144531,289.171630859375,285.2265319824219,0.0,0.0,0.0,0.0,1.0,1.0,-0.0009888022905215,4.554701504844161e-09,0.0009887976339086,-0.0109849385917186,0.0,0.0,0.0,-0.007070776540786,60.0,2.568526029586792,-0.0,-6.666196838978068e-08,0.0,282.9992980957031,284.4533386230469,290.2752380371094,291.35028076171875,293.1499938964844,293.1499938964844,278.1499938964844,0.0,18000.0,313.1499938964844,0.0,18000.0,0.0,0.0,0.0,0.0,0.0,0.0,0.0,0.0,0.0,-0.0,-0.0,0.0,-5.2805772432836115e-21,-2.6402886216418057e-21,-2.6402886216418057e-21,0.0,0.0,-0.0,0.0,0.0,0.0,-0.0,0.0,0.0,0.0,0.0,0.0,4.0,0.0,0.0
12266040,298.5468139648437,303.1499938964844,285.1499938964844,0.0,-0.0,285.0728454589844,0.0,0.0,9.279948426410556e-05,298.5574035644531,303.1499938964844,285.1499938964844,0.0,-0.0,285.072998046875,0.0,0.0,9.772240446181968e-05,299.0900573730469,303.1499938964844,285.1499938964844,0.0,-0.0,285.0728454589844,0.0,0.0,7.217748498078436e-05,298.31427001953125,303.1499938964844,285.1499938964844,0.0,-0.0,285.0728454589844,0.0,0.0,9.772233170224354e-05,298.4625244140625,303.1499938964844,285.1499938964844,0.0,-0.0,285.0721435546875,0.0,0.0,0.0004635520162992,285.0452880859375,294.1499938964844,288.99334716796875,283.4076232910156,291.2409973144531,289.171630859375,285.2265319824219,0.0,0.0,0.0,0.0,1.0,1.0,-0.0009888022905215,4.554701504844161e-09,0.0009887976339086,-0.0109849385917186,0.0,0.0,0.0,-0.007070776540786,60.0,2.568526029586792,-0.0,-6.666196838978068e-08,0.0,282.9992980957031,284.4533386230469,290.2752380371094,291.35028076171875,293.1499938964844,293.1499938964844,278.1499938964844,0.0,18000.0,313.1499938964844,0.0,18000.0,0.0,0.0,0.0,0.0,0.0,0.0,0.0,0.0,0.0,-0.0,-0.0,0.0,-5.2805772432836115e-21,-2.6402886216418057e-21,-2.6402886216418057e-21,0.0,0.0,-0.0,0.0,0.0,0.0,-0.0,0.0,0.0,0.0,0.0,0.0,4.0,0.0,0.0
12266100,298.5460205078125,303.1499938964844,285.1499938964844,0.0,-0.0,285.0728759765625,0.0,0.0,9.2757647507824e-05,298.5558166503906,303.1499938964844,285.1499938964844,0.0,-0.0,285.0730285644531,0.0,0.0,9.76783485384658e-05,299.0883483886719,303.1499938964844,285.1499938964844,0.0,-0.0,285.0728759765625,0.0,0.0,7.214494689833373e-05,298.313720703125,303.1499938964844,285.1499938964844,0.0,-0.0,285.0728759765625,0.0,0.0,9.767826850293204e-05,298.46197509765625,303.1499938964844,285.1499938964844,0.0,-0.0,285.0721740722656,0.0,0.0,0.0004633430216927,285.0455627441406,294.1499938964844,288.9750061035156,283.4032592773437,291.2211608886719,289.1557006835937,285.2276306152344,0.0,0.0,0.0,0.0,1.0,1.0,-0.0009883563034236,4.502551220753048e-09,0.000988351763226,-0.0108483042567968,0.0,0.0,0.0,-0.0070449234917759,60.0,2.554213523864746,-0.0,-6.6601849368908e-08,0.0,282.9992980957031,284.4533386230469,290.2752380371094,291.35028076171875,293.1499938964844,293.1499938964844,278.1499938964844,0.0,18000.0,313.1499938964844,0.0,18000.0,0.0,0.0,0.0,0.0,0.0,0.0,0.0,0.0,0.0,-0.0,-0.0,0.0,-5.2805772432836115e-21,-2.6402886216418057e-21,-2.6402886216418057e-21,0.0,0.0,-0.0,0.0,0.0,0.0,-0.0,0.0,0.0,0.0,0.0,0.0,4.0,0.0,0.0
12266160,298.54522705078125,303.1499938964844,285.1499938964844,0.0,-0.0,285.0729064941406,0.0,0.0,9.271493036067112e-05,298.55426025390625,303.1499938964844,285.1499938964844,0.0,-0.0,285.07305908203125,0.0,0.0,9.76333612925373e-05,299.0866394042969,303.1499938964844,285.1499938964844,0.0,-0.0,285.0729064941406,0.0,0.0,7.211171759990975e-05,298.313232421875,303.1499938964844,285.1499938964844,0.0,-0.0,285.07293701171875,0.0,0.0,9.763328853296116e-05,298.4614562988281,303.1499938964844,285.1499938964844,0.0,-0.0,285.0722351074219,0.0,0.0,0.0004631296615116,285.0458679199219,294.1499938964844,288.9566650390625,283.3989562988281,291.2013244628906,289.1398010253906,285.228759765625,0.0,0.0,0.0,0.0,1.0,1.0,-0.0009879008866846,4.449307144938075e-09,0.0009878964629024,-0.0107088033109903,0.0,0.0,0.0,-0.0070185279473662,60.0,2.5398967266082764,-0.0,-6.654049400367512e-08,0.0,282.9992980957031,284.4533386230469,290.2752380371094,291.35028076171875,293.1499938964844,293.1499938964844,278.1499938964844,0.0,18000.0,313.1499938964844,0.0,18000.0,0.0,0.0,0.0,0.0,0.0,0.0,0.0,0.0,0.0,-0.0,-0.0,0.0,-5.2805772432836115e-21,-2.6402886216418057e-21,-2.6402886216418057e-21,0.0,0.0,-0.0,0.0,0.0,0.0,-0.0,0.0,0.0,0.0,0.0,0.0,4.0,0.0,0.0
12266220,298.54364013671875,303.1499938964844,285.1499938964844,0.0,-0.0,285.072998046875,0.0,0.0,9.262766252504662e-05,298.5511169433594,303.1499938964844,285.1499938964844,0.0,-0.0,285.0731506347656,0.0,0.0,9.754146594787017e-05,299.0832824707031,303.1499938964844,285.1499938964844,0.0,-0.0,285.072998046875,0.0,0.0,7.204384019132704e-05,298.3123474121094,303.1499938964844,285.1499938964844,0.0,-0.0,285.072998046875,0.0,0.0,9.754139318829402e-05,298.4604187011719,303.1499938964844,285.1499938964844,0.0,-0.0,285.07232666015625,0.0,0.0,0.000462693744339,285.04644775390625,294.1499938964844,288.9200134277344,283.3907470703125,291.1617431640625,289.1080322265625,285.23095703125,0.0,0.0,0.0,0.0,1.0,1.0,-0.0009869706118479,4.340528381163722e-09,0.000986966304481,-0.010423800908029,0.0,0.0,0.0,-0.0069646015763282,60.0,2.51125431060791,-0.0,-6.641523242478797e-08,0.0,282.9992980957031,284.4533386230469,290.2752380371094,291.35028076171875,293.1499938964844,293.1499938964844,278.1499938964844,0.0,18000.0,313.1499938964844,0.0,18000.0,0.0,0.0,0.0,0.0,0.0,0.0,0.0,0.0,0.0,-0.0,-0.0,0.0,-5.2805772432836115e-21,-2.6402886216418057e-21,-2.6402886216418057e-21,0.0,0.0,-0.0,0.0,0.0,0.0,-0.0,0.0,0.0,0.0,0.0,0.0,4.0,0.0,0.0
12266280,298.54364013671875,303.1499938964844,285.1499938964844,0.0,-0.0,285.072998046875,0.0,0.0,9.262766252504662e-05,298.5511169433594,303.1499938964844,285.1499938964844,0.0,-0.0,285.0731506347656,0.0,0.0,9.754146594787017e-05,299.0832824707031,303.1499938964844,285.1499938964844,0.0,-0.0,285.072998046875,0.0,0.0,7.204384019132704e-05,298.3123474121094,303.1499938964844,285.1499938964844,0.0,-0.0,285.072998046875,0.0,0.0,9.754139318829402e-05,298.4604187011719,303.1499938964844,285.1499938964844,0.0,-0.0,285.07232666015625,0.0,0.0,0.000462693744339,285.04644775390625,294.1499938964844,288.9200134277344,283.3907470703125,291.1617431640625,289.1080322265625,285.23095703125,0.0,0.0,0.0,0.0,1.0,1.0,-0.0009869706118479,4.340528381163722e-09,0.000986966304481,-0.010423800908029,0.0,0.0,0.0,-0.0069646015763282,60.0,2.51125431060791,-0.0,-6.641523242478797e-08,0.0,282.9992980957031,284.4533386230469,290.2752380371094,291.35028076171875,293.1499938964844,293.1499938964844,278.1499938964844,0.0,18000.0,313.1499938964844,0.0,18000.0,0.0,0.0,0.0,0.0,0.0,0.0,0.0,0.0,0.0,-0.0,-0.0,0.0,-5.2805772432836115e-21,-2.6402886216418057e-21,-2.6402886216418057e-21,0.0,0.0,-0.0,0.0,0.0,0.0,-0.0,0.0,0.0,0.0,0.0,0.0,4.0,0.0,0.0
12266340,298.54205322265625,303.1499938964844,285.1499938964844,0.0,-0.0,285.0731201171875,0.0,0.0,9.253771713702008e-05,298.5480041503906,303.1499938964844,285.1499938964844,0.0,-0.0,285.0732727050781,0.0,0.0,9.744674753164873e-05,299.0800170898437,303.1499938964844,285.1499938964844,0.0,-0.0,285.0731201171875,0.0,0.0,7.197388185886666e-05,298.3116455078125,303.1499938964844,285.1499938964844,0.0,-0.0,285.0731201171875,0.0,0.0,9.744667477207258e-05,298.45947265625,303.1499938964844,285.1499938964844,0.0,-0.0,285.07244873046875,0.0,0.0,0.0004622444394044,285.0470886230469,294.1499938964844,288.8833312988281,283.3829345703125,291.12225341796875,289.0764465332031,285.2331237792969,0.0,0.0,0.0,0.0,1.0,1.0,-0.0009860118152573,4.2284180601370736e-09,0.0009860076243057,-0.010130064561963,0.0,0.0,0.0,-0.0069090235047042,60.0,2.48260498046875,-0.0,-6.62862547073928e-08,0.0,282.9992980957031,284.4533386230469,290.2752380371094,291.35028076171875,293.1499938964844,293.1499938964844,278.1499938964844,0.0,18000.0,313.1499938964844,0.0,18000.0,0.0,0.0,0.0,0.0,0.0,0.0,0.0,0.0,0.0,-0.0,-0.0,0.0,-5.2805772432836115e-21,-2.6402886216418057e-21,-2.6402886216418057e-21,0.0,0.0,-0.0,0.0,0.0,0.0,-0.0,0.0,0.0,0.0,0.0,0.0,4.0,0.0,0.0
12266400,298.54205322265625,303.1499938964844,285.1499938964844,0.0,-0.0,285.0731201171875,0.0,0.0,9.253771713702008e-05,298.5480041503906,303.1499938964844,285.1499938964844,0.0,-0.0,285.0732727050781,0.0,0.0,9.744674753164873e-05,299.0800170898437,303.1499938964844,285.1499938964844,0.0,-0.0,285.0731201171875,0.0,0.0,7.197388185886666e-05,298.3116455078125,303.1499938964844,285.1499938964844,0.0,-0.0,285.0731201171875,0.0,0.0,9.744667477207258e-05,298.45947265625,303.1499938964844,285.1499938964844,0.0,-0.0,285.07244873046875,0.0,0.0,0.0004622444394044,285.0470886230469,294.1499938964844,288.8833312988281,283.3829345703125,291.12225341796875,289.0764465332031,285.2331237792969,0.0,0.0,0.0,0.0,1.0,1.0,-0.0009860118152573,4.2284180601370736e-09,0.0009860076243057,-0.010130064561963,0.0,0.0,0.0,-0.0069090235047042,60.0,2.48260498046875,-0.0,-6.62862547073928e-08,0.0,282.9992980957031,284.4533386230469,290.2752380371094,291.35028076171875,293.1499938964844,293.1499938964844,278.1499938964844,0.0,18000.0,313.1499938964844,0.0,18000.0,0.0,0.0,0.0,0.0,0.0,0.0,0.0,0.0,0.0,-0.0,-0.0,0.0,-5.2805772432836115e-21,-2.6402886216418057e-21,-2.6402886216418057e-21,0.0,0.0,-0.0,0.0,0.0,0.0,-0.0,0.0,0.0,0.0,0.0,0.0,4.0,0.0,0.0
12266460,298.54052734375,303.1499938964844,285.1499938964844,0.0,-0.0,285.0732421875,0.0,0.0,9.244583634426816e-05,298.5448913574219,303.1499938964844,285.1499938964844,0.0,-0.0,285.0733947753906,0.0,0.0,9.734999184729531e-05,299.0767517089844,303.1499938964844,285.1499938964844,0.0,-0.0,285.0732727050781,0.0,0.0,7.190241740318015e-05,298.3110656738281,303.1499938964844,285.1499938964844,0.0,-0.0,285.0732727050781,0.0,0.0,9.734991908771916e-05,298.4585876464844,303.1499938964844,285.1499938964844,0.0,-0.0,285.0726013183594,0.0,0.0,0.0004617855011019,285.0477294921875,294.1499938964844,288.8466796875,283.3755187988281,291.0828552246094,289.0450134277344,285.2352600097656,0.0,0.0,0.0,0.0,1.0,1.0,-0.0009850324131548,4.113897666968569e-09,0.0009850283386185,-0.0098300129175186,0.0,0.0,0.0,-0.0068522510118782,60.0,2.4539592266082764,-0.0,-6.615464087644797e-08,0.0,282.9992980957031,284.4533386230469,290.2752380371094,291.35028076171875,293.1499938964844,293.1499938964844,278.1499938964844,0.0,18000.0,313.1499938964844,0.0,18000.0,0.0,0.0,0.0,0.0,0.0,0.0,0.0,0.0,0.0,-0.0,-0.0,0.0,-5.2805772432836115e-21,-2.6402886216418057e-21,-2.6402886216418057e-21,0.0,0.0,-0.0,0.0,0.0,0.0,-0.0,0.0,0.0,0.0,0.0,0.0,4.0,0.0,0.0
12266520,298.54052734375,303.1499938964844,285.1499938964844,0.0,-0.0,285.0732421875,0.0,0.0,9.244583634426816e-05,298.5448913574219,303.1499938964844,285.1499938964844,0.0,-0.0,285.0733947753906,0.0,0.0,9.734999184729531e-05,299.0767517089844,303.1499938964844,285.1499938964844,0.0,-0.0,285.0732727050781,0.0,0.0,7.190241740318015e-05,298.3110656738281,303.1499938964844,285.1499938964844,0.0,-0.0,285.0732727050781,0.0,0.0,9.734991908771916e-05,298.4585876464844,303.1499938964844,285.1499938964844,0.0,-0.0,285.0726013183594,0.0,0.0,0.0004617855011019,285.0477294921875,294.1499938964844,288.8466796875,283.3755187988281,291.0828552246094,289.0450134277344,285.2352600097656,0.0,0.0,0.0,0.0,1.0,1.0,-0.0009850324131548,4.113897666968569e-09,0.0009850283386185,-0.0098300129175186,0.0,0.0,0.0,-0.0068522510118782,60.0,2.4539592266082764,-0.0,-6.615464087644797e-08,0.0,282.9992980957031,284.4533386230469,290.2752380371094,291.35028076171875,293.1499938964844,293.1499938964844,278.1499938964844,0.0,18000.0,313.1499938964844,0.0,18000.0,0.0,0.0,0.0,0.0,0.0,0.0,0.0,0.0,0.0,-0.0,-0.0,0.0,-5.2805772432836115e-21,-2.6402886216418057e-21,-2.6402886216418057e-21,0.0,0.0,-0.0,0.0,0.0,0.0,-0.0,0.0,0.0,0.0,0.0,0.0,4.0,0.0,0.0
12266580,298.5390014648437,303.1499938964844,285.1499938964844,0.0,-0.0,285.07342529296875,0.0,0.0,9.235215838998556e-05,298.5417785644531,303.1499938964844,285.1499938964844,0.0,-0.0,285.0735778808594,0.0,0.0,9.725134441396222e-05,299.07354736328125,303.1499938964844,285.1499938964844,0.0,-0.0,285.07342529296875,0.0,0.0,7.182956323958933e-05,298.310546875,303.1499938964844,285.1499938964844,0.0,-0.0,285.07342529296875,0.0,0.0,9.725127165438607e-05,298.457763671875,303.1499938964844,285.1499938964844,0.0,-0.0,285.0727844238281,0.0,0.0,0.0004613175697159,285.0484313964844,294.1499938964844,288.8099975585937,283.36846923828125,291.0435485839844,289.0138244628906,285.2373962402344,0.0,0.0,0.0,0.0,1.0,1.0,-0.0009840339189395,3.997141728717679e-09,0.0009840299608185,-0.0095240995287895,0.0,0.0,0.0,-0.0067943697795271,60.0,2.425333023071289,-0.0,-6.60205827784921e-08,0.0,282.9992980957031,284.4533386230469,290.2752380371094,291.35028076171875,293.1499938964844,293.1499938964844,278.1499938964844,0.0,18000.0,313.1499938964844,0.0,18000.0,0.0,0.0,0.0,0.0,0.0,0.0,0.0,0.0,0.0,-0.0,-0.0,0.0,-5.2805772432836115e-21,-2.6402886216418057e-21,-2.6402886216418057e-21,0.0,0.0,-0.0,0.0,0.0,0.0,-0.0,0.0,0.0,0.0,0.0,0.0,4.0,0.0,0.0
12266640,298.5390014648437,303.1499938964844,285.1499938964844,0.0,-0.0,285.07342529296875,0.0,0.0,9.235215838998556e-05,298.5417785644531,303.1499938964844,285.1499938964844,0.0,-0.0,285.0735778808594,0.0,0.0,9.725134441396222e-05,299.07354736328125,303.1499938964844,285.1499938964844,0.0,-0.0,285.07342529296875,0.0,0.0,7.182956323958933e-05,298.310546875,303.1499938964844,285.1499938964844,0.0,-0.0,285.07342529296875,0.0,0.0,9.725127165438607e-05,298.457763671875,303.1499938964844,285.1499938964844,0.0,-0.0,285.0727844238281,0.0,0.0,0.0004613175697159,285.0484313964844,294.1499938964844,288.8099975585937,283.36846923828125,291.0435485839844,289.0138244628906,285.2373962402344,0.0,0.0,0.0,0.0,1.0,1.0,-0.0009840339189395,3.997141728717679e-09,0.0009840299608185,-0.0095240995287895,0.0,0.0,0.0,-0.0067943697795271,60.0,2.425333023071289,-0.0,-6.60205827784921e-08,0.0,282.9992980957031,284.4533386230469,290.2752380371094,291.35028076171875,293.1499938964844,293.1499938964844,278.1499938964844,0.0,18000.0,313.1499938964844,0.0,18000.0,0.0,0.0,0.0,0.0,0.0,0.0,0.0,0.0,0.0,-0.0,-0.0,0.0,-5.2805772432836115e-21,-2.6402886216418057e-21,-2.6402886216418057e-21,0.0,0.0,-0.0,0.0,0.0,0.0,-0.0,0.0,0.0,0.0,0.0,0.0,4.0,0.0,0.0
12266700,298.5382385253906,303.1499938964844,285.1499938964844,0.0,-0.0,285.0735168457031,0.0,0.0,9.230492287315428e-05,298.5402526855469,303.1499938964844,285.1499938964844,0.0,-0.0,285.0736694335937,0.0,0.0,9.720160596771166e-05,299.07196044921875,303.1499938964844,285.1499938964844,0.0,-0.0,285.0735168457031,0.0,0.0,7.179281965363771e-05,298.3103332519531,303.1499938964844,285.1499938964844,0.0,-0.0,285.0735168457031,0.0,0.0,9.720153320813552e-05,298.4573669433594,303.1499938964844,285.1499938964844,0.0,-0.0,285.0728759765625,0.0,0.0,0.0004610816540662,285.0487670898437,294.1499938964844,288.7916564941406,283.3651123046875,291.02392578125,288.9983215332031,285.23846435546875,0.0,0.0,0.0,0.0,1.0,1.0,-0.0009835304226726,3.938271486703115e-09,0.0009835264645516,-0.0093698520213365,0.0,0.0,0.0,-0.0067651853896677,60.0,2.41102933883667,-0.0,-6.59530456914581e-08,0.0,282.9992980957031,284.4533386230469,290.2752380371094,291.35028076171875,293.1499938964844,293.1499938964844,278.1499938964844,0.0,18000.0,313.1499938964844,0.0,18000.0,0.0,0.0,0.0,0.0,0.0,0.0,0.0,0.0,0.0,-0.0,-0.0,0.0,-5.2805772432836115e-21,-2.6402886216418057e-21,-2.6402886216418057e-21,0.0,0.0,-0.0,0.0,0.0,0.0,-0.0,0.0,0.0,0.0,0.0,0.0,4.0,0.0,0.0
12266760,298.5375061035156,303.1499938964844,285.1499938964844,0.0,-0.0,285.0736083984375,0.0,0.0,9.225742542184888e-05,298.5386962890625,303.1499938964844,285.1499938964844,0.0,-0.0,285.0737609863281,0.0,0.0,9.715158375911416e-05,299.07037353515625,303.1499938964844,285.1499938964844,0.0,-0.0,285.0736083984375,0.0,0.0,7.17558796168305e-05,298.31011962890625,303.1499938964844,285.1499938964844,0.0,-0.0,285.0736389160156,0.0,0.0,9.715151827549562e-05,298.4569702148437,303.1499938964844,285.1499938964844,0.0,-0.0,285.0729675292969,0.0,0.0,0.0004608443705365,285.04913330078125,294.1499938964844,288.7733459472656,283.3617858886719,291.0043334960937,288.98291015625,285.239501953125,0.0,0.0,0.0,0.0,1.0,1.0,-0.000983024132438,3.8790668455135355e-09,0.0009830202907323,-0.0092147281393408,0.0,0.0,0.0,-0.0067358347587287,60.0,2.3967363834381104,-0.0,-6.588515333305622e-08,0.0,282.9992980957031,284.4533386230469,290.2752380371094,291.35028076171875,293.1499938964844,293.1499938964844,278.1499938964844,0.0,18000.0,313.1499938964844,0.0,18000.0,0.0,0.0,0.0,0.0,0.0,0.0,0.0,0.0,0.0,-0.0,-0.0,0.0,-5.2805772432836115e-21,-2.6402886216418057e-21,-2.6402886216418057e-21,0.0,0.0,-0.0,0.0,0.0,0.0,-0.0,0.0,0.0,0.0,0.0,0.0,4.0,0.0,0.0
12266820,298.5360717773437,303.1499938964844,285.1499938964844,0.0,-0.0,285.0738220214844,0.0,0.0,9.21620667213574e-05,298.5356140136719,303.1499938964844,285.1499938964844,0.0,-0.0,285.073974609375,0.0,0.0,9.70511682680808e-05,299.0672607421875,303.1499938964844,285.1499938964844,0.0,-0.0,285.0738525390625,0.0,0.0,7.168170850491151e-05,298.3096923828125,303.1499938964844,285.1499938964844,0.0,-0.0,285.0738525390625,0.0,0.0,9.705110278446229e-05,298.45623779296875,303.1499938964844,285.1499938964844,0.0,-0.0,285.0731811523437,0.0,0.0,0.0004603680572472,285.04986572265625,294.1499938964844,288.7366638183594,283.35546875,290.9652099609375,288.9523010253906,285.2415771484375,0.0,0.0,0.0,0.0,1.0,1.0,-0.0009820077102631,3.76022102344109e-09,0.0009820039849728,-0.0089033348485827,0.0,0.0,0.0,-0.0066769178956747,60.0,2.3681869506835938,-0.0,-6.574898492317517e-08,0.0,282.9992980957031,284.4533386230469,290.2752380371094,291.35028076171875,293.1499938964844,293.1499938964844,278.1499938964844,0.0,18000.0,313.1499938964844,0.0,18000.0,0.0,0.0,0.0,0.0,0.0,0.0,0.0,0.0,0.0,-0.0,-0.0,0.0,-5.2805772432836115e-21,-2.6402886216418057e-21,-2.6402886216418057e-21,0.0,0.0,-0.0,0.0,0.0,0.0,-0.0,0.0,0.0,0.0,0.0,0.0,4.0,0.0,0.0
12266880,298.5360717773437,303.1499938964844,285.1499938964844,0.0,-0.0,285.0738220214844,0.0,0.0,9.21620667213574e-05,298.5356140136719,303.1499938964844,285.1499938964844,0.0,-0.0,285.073974609375,0.0,0.0,9.70511682680808e-05,299.0672607421875,303.1499938964844,285.1499938964844,0.0,-0.0,285.0738525390625,0.0,0.0,7.168170850491151e-05,298.3096923828125,303.1499938964844,285.1499938964844,0.0,-0.0,285.0738525390625,0.0,0.0,9.705110278446229e-05,298.45623779296875,303.1499938964844,285.1499938964844,0.0,-0.0,285.0731811523437,0.0,0.0,0.0004603680572472,285.04986572265625,294.1499938964844,288.7366638183594,283.35546875,290.9652099609375,288.9523010253906,285.2415771484375,0.0,0.0,0.0,0.0,1.0,1.0,-0.0009820077102631,3.76022102344109e-09,0.0009820039849728,-0.0089033348485827,0.0,0.0,0.0,-0.0066769178956747,60.0,2.3681869506835938,-0.0,-6.574898492317517e-08,0.0,282.9992980957031,284.4533386230469,290.2752380371094,291.35028076171875,293.1499938964844,293.1499938964844,278.1499938964844,0.0,18000.0,313.1499938964844,0.0,18000.0,0.0,0.0,0.0,0.0,0.0,0.0,0.0,0.0,0.0,-0.0,-0.0,0.0,-5.2805772432836115e-21,-2.6402886216418057e-21,-2.6402886216418057e-21,0.0,0.0,-0.0,0.0,0.0,0.0,-0.0,0.0,0.0,0.0,0.0,0.0,4.0,0.0,0.0
12266940,298.53466796875,303.1499938964844,285.1499938964844,0.0,-0.0,285.0740661621094,0.0,0.0,9.206665708916262e-05,298.5325012207031,303.1499938964844,285.1499938964844,0.0,-0.0,285.07421875,0.0,0.0,9.695069456938654e-05,299.06414794921875,303.1499938964844,285.1499938964844,0.0,-0.0,285.0740661621094,0.0,0.0,7.160749373724684e-05,298.3092956542969,303.1499938964844,285.1499938964844,0.0,-0.0,285.0740661621094,0.0,0.0,9.69506218098104e-05,298.4555053710937,303.1499938964844,285.1499938964844,0.0,-0.0,285.0734558105469,0.0,0.0,0.0004598914529196,285.05059814453125,294.1499938964844,288.70001220703125,283.34942626953125,290.9261474609375,288.9220275878906,285.24365234375,0.0,0.0,0.0,0.0,1.0,1.0,-0.0009809907060116,3.641299262113762e-09,0.0009809869807213,-0.0085917394608259,0.0,0.0,0.0,-0.0066179628483951,60.0,2.3396964073181152,-0.0,-6.561285914585825e-08,0.0,282.9992980957031,284.4533386230469,290.2752380371094,291.35028076171875,293.1499938964844,293.1499938964844,278.1499938964844,0.0,18000.0,313.1499938964844,0.0,18000.0,0.0,0.0,0.0,0.0,0.0,0.0,0.0,0.0,0.0,-0.0,-0.0,0.0,-5.2805772432836115e-21,-2.6402886216418057e-21,-2.6402886216418057e-21,0.0,0.0,-0.0,0.0,0.0,0.0,-0.0,0.0,0.0,0.0,0.0,0.0,4.0,0.0,0.0
12267000,298.53466796875,303.1499938964844,285.1499938964844,0.0,-0.0,285.0740661621094,0.0,0.0,9.206665708916262e-05,298.5325012207031,303.1499938964844,285.1499938964844,0.0,-0.0,285.07421875,0.0,0.0,9.695069456938654e-05,299.06414794921875,303.1499938964844,285.1499938964844,0.0,-0.0,285.0740661621094,0.0,0.0,7.160749373724684e-05,298.3092956542969,303.1499938964844,285.1499938964844,0.0,-0.0,285.0740661621094,0.0,0.0,9.69506218098104e-05,298.4555053710937,303.1499938964844,285.1499938964844,0.0,-0.0,285.0734558105469,0.0,0.0,0.0004598914529196,285.05059814453125,294.1499938964844,288.70001220703125,283.34942626953125,290.9261474609375,288.9220275878906,285.24365234375,0.0,0.0,0.0,0.0,1.0,1.0,-0.0009809907060116,3.641299262113762e-09,0.0009809869807213,-0.0085917394608259,0.0,0.0,0.0,-0.0066179628483951,60.0,2.3396964073181152,-0.0,-6.561285914585825e-08,0.0,282.9992980957031,284.4533386230469,290.2752380371094,291.35028076171875,293.1499938964844,293.1499938964844,278.1499938964844,0.0,18000.0,313.1499938964844,0.0,18000.0,0.0,0.0,0.0,0.0,0.0,0.0,0.0,0.0,0.0,-0.0,-0.0,0.0,-5.2805772432836115e-21,-2.6402886216418057e-21,-2.6402886216418057e-21,0.0,0.0,-0.0,0.0,0.0,0.0,-0.0,0.0,0.0,0.0,0.0,0.0,4.0,0.0,0.0
12267060,298.5333251953125,303.1499938964844,285.1499938964844,0.0,-0.0,285.0743408203125,0.0,0.0,9.197170584229752e-05,298.5294189453125,303.1499938964844,285.1499938964844,0.0,-0.0,285.074462890625,0.0,0.0,9.685070835985245e-05,299.0610656738281,303.1499938964844,285.1499938964844,0.0,-0.0,285.0743408203125,0.0,0.0,7.15336500434205e-05,298.3088684082031,303.1499938964844,285.1499938964844,0.0,-0.0,285.0743408203125,0.0,0.0,9.68506428762339e-05,298.454833984375,303.1499938964844,285.1499938964844,0.0,-0.0,285.0736999511719,0.0,0.0,0.0004594171768985,285.0513916015625,294.1499938964844,288.663330078125,283.3437194824219,290.8871765136719,288.89208984375,285.2456970214844,0.0,0.0,0.0,0.0,1.0,1.0,-0.0009799785912036,3.5229608119635714e-09,0.000979975098744,-0.0082816705107688,0.0,0.0,0.0,-0.0065592974424362,60.0,2.311277151107788,-0.0,-6.547755049268744e-08,0.0,282.9992980957031,284.4533386230469,290.2752380371094,291.35028076171875,293.1499938964844,293.1499938964844,278.1499938964844,0.0,18000.0,313.1499938964844,0.0,18000.0,0.0,0.0,0.0,0.0,0.0,0.0,0.0,0.0,0.0,-0.0,-0.0,0.0,-5.2805772432836115e-21,-2.6402886216418057e-21,-2.6402886216418057e-21,0.0,0.0,-0.0,0.0,0.0,0.0,-0.0,0.0,0.0,0.0,0.0,0.0,4.0,0.0,0.0
12267120,298.5333251953125,303.1499938964844,285.1499938964844,0.0,-0.0,285.0743408203125,0.0,0.0,9.197170584229752e-05,298.5294189453125,303.1499938964844,285.1499938964844,0.0,-0.0,285.074462890625,0.0,0.0,9.685070835985245e-05,299.0610656738281,303.1499938964844,285.1499938964844,0.0,-0.0,285.0743408203125,0.0,0.0,7.15336500434205e-05,298.3088684082031,303.1499938964844,285.1499938964844,0.0,-0.0,285.0743408203125,0.0,0.0,9.68506428762339e-05,298.454833984375,303.1499938964844,285.1499938964844,0.0,-0.0,285.0736999511719,0.0,0.0,0.0004594171768985,285.0513916015625,294.1499938964844,288.663330078125,283.3437194824219,290.8871765136719,288.89208984375,285.2456970214844,0.0,0.0,0.0,0.0,1.0,1.0,-0.0009799785912036,3.5229608119635714e-09,0.000979975098744,-0.0082816705107688,0.0,0.0,0.0,-0.0065592974424362,60.0,2.311277151107788,-0.0,-6.547755049268744e-08,0.0,282.9992980957031,284.4533386230469,290.2752380371094,291.35028076171875,293.1499938964844,293.1499938964844,278.1499938964844,0.0,18000.0,313.1499938964844,0.0,18000.0,0.0,0.0,0.0,0.0,0.0,0.0,0.0,0.0,0.0,-0.0,-0.0,0.0,-5.2805772432836115e-21,-2.6402886216418057e-21,-2.6402886216418057e-21,0.0,0.0,-0.0,0.0,0.0,0.0,-0.0,0.0,0.0,0.0,0.0,0.0,4.0,0.0,0.0
12267180,298.531982421875,303.1499938964844,285.1499938964844,0.0,-0.0,285.0746154785156,0.0,0.0,9.187778050545604e-05,298.5263061523437,303.1499938964844,285.1499938964844,0.0,-0.0,285.07476806640625,0.0,0.0,9.675179899204522e-05,299.0580139160156,303.1499938964844,285.1499938964844,0.0,-0.0,285.0746154785156,0.0,0.0,7.146059215301648e-05,298.30841064453125,303.1499938964844,285.1499938964844,0.0,-0.0,285.0746154785156,0.0,0.0,9.67517335084267e-05,298.45416259765625,303.1499938964844,285.1499938964844,0.0,-0.0,285.0740051269531,0.0,0.0,0.0004589480231516,285.0521850585937,294.1499938964844,288.6266784667969,283.3382568359375,290.8482971191406,288.86248779296875,285.2477111816406,0.0,0.0,0.0,0.0,1.0,1.0,-0.0009789774194359,3.405899784425514e-09,0.0009789740433916,-0.0079749459400773,0.0,0.0,0.0,-0.0065012648701667,60.0,2.2829456329345703,-0.0,-6.534383345524476e-08,0.0,282.9992980957031,284.4533386230469,290.2752380371094,291.35028076171875,293.1499938964844,293.1499938964844,278.1499938964844,0.0,18000.0,313.1499938964844,0.0,18000.0,0.0,0.0,0.0,0.0,0.0,0.0,0.0,0.0,0.0,-0.0,-0.0,0.0,-5.2805772432836115e-21,-2.6402886216418057e-21,-2.6402886216418057e-21,0.0,0.0,-0.0,0.0,0.0,0.0,-0.0,0.0,0.0,0.0,0.0,0.0,4.0,0.0,0.0
12267240,298.531982421875,303.1499938964844,285.1499938964844,0.0,-0.0,285.0746154785156,0.0,0.0,9.187778050545604e-05,298.5263061523437,303.1499938964844,285.1499938964844,0.0,-0.0,285.07476806640625,0.0,0.0,9.675179899204522e-05,299.0580139160156,303.1499938964844,285.1499938964844,0.0,-0.0,285.0746154785156,0.0,0.0,7.146059215301648e-05,298.30841064453125,303.1499938964844,285.1499938964844,0.0,-0.0,285.0746154785156,0.0,0.0,9.67517335084267e-05,298.45416259765625,303.1499938964844,285.1499938964844,0.0,-0.0,285.0740051269531,0.0,0.0,0.0004589480231516,285.0521850585937,294.1499938964844,288.6266784667969,283.3382568359375,290.8482971191406,288.86248779296875,285.2477111816406,0.0,0.0,0.0,0.0,1.0,1.0,-0.0009789774194359,3.405899784425514e-09,0.0009789740433916,-0.0079749459400773,0.0,0.0,0.0,-0.0065012648701667,60.0,2.2829456329345703,-0.0,-6.534383345524476e-08,0.0,282.9992980957031,284.4533386230469,290.2752380371094,291.35028076171875,293.1499938964844,293.1499938964844,278.1499938964844,0.0,18000.0,313.1499938964844,0.0,18000.0,0.0,0.0,0.0,0.0,0.0,0.0,0.0,0.0,0.0,-0.0,-0.0,0.0,-5.2805772432836115e-21,-2.6402886216418057e-21,-2.6402886216418057e-21,0.0,0.0,-0.0,0.0,0.0,0.0,-0.0,0.0,0.0,0.0,0.0,0.0,4.0,0.0,0.0
12267300,298.53131103515625,303.1499938964844,285.1499938964844,0.0,-0.0,285.07476806640625,0.0,0.0,9.183130168821664e-05,298.5247497558594,303.1499938964844,285.1499938964844,0.0,-0.0,285.0749206542969,0.0,0.0,9.6702846349217e-05,299.0564880371094,303.1499938964844,285.1499938964844,0.0,-0.0,285.07476806640625,0.0,0.0,7.14244379196316e-05,298.3081359863281,303.1499938964844,285.1499938964844,0.0,-0.0,285.07476806640625,0.0,0.0,9.670278086559848e-05,298.4538269042969,303.1499938964844,285.1499938964844,0.0,-0.0,285.0741577148437,0.0,0.0,0.0004587158036883,285.0526123046875,294.1499938964844,288.6083374023437,283.33563232421875,290.828857421875,288.84783935546875,285.2486877441406,0.0,0.0,0.0,0.0,1.0,1.0,-0.0009784819558262,3.3479639061084754e-09,0.0009784786961972,-0.0078231403604149,0.0,0.0,0.0,-0.0064725438132882,60.0,2.268815040588379,-0.0,-6.527771034825491e-08,0.0,282.9992980957031,284.4533386230469,290.2752380371094,291.35028076171875,293.1499938964844,293.1499938964844,278.1499938964844,0.0,18000.0,313.1499938964844,0.0,18000.0,0.0,0.0,0.0,0.0,0.0,0.0,0.0,0.0,0.0,-0.0,-0.0,0.0,-5.2805772432836115e-21,-2.6402886216418057e-21,-2.6402886216418057e-21,0.0,0.0,-0.0,0.0,0.0,0.0,-0.0,0.0,0.0,0.0,0.0,0.0,4.0,0.0,0.0
12267360,298.5306701660156,303.1499938964844,285.1499938964844,0.0,-0.0,285.0749206542969,0.0,0.0,9.178531036013736e-05,298.523193359375,303.1499938964844,285.1499938964844,0.0,-0.0,285.0750732421875,0.0,0.0,9.6654417575337e-05,299.0549621582031,303.1499938964844,285.1499938964844,0.0,-0.0,285.074951171875,0.0,0.0,7.138866931200027e-05,298.307861328125,303.1499938964844,285.1499938964844,0.0,-0.0,285.074951171875,0.0,0.0,9.665435209171848e-05,298.4534912109375,303.1499938964844,285.1499938964844,0.0,-0.0,285.0743103027344,0.0,0.0,0.0004584860871545,285.0530090332031,294.1499938964844,288.5899963378906,283.33306884765625,290.8094787597656,288.8332824707031,285.24969482421875,0.0,0.0,0.0,0.0,1.0,1.0,-0.000977991730906,3.2906439795254983e-09,0.000977988471277,-0.0076729492284357,0.0,0.0,0.0,-0.0064441277645528,60.0,2.254710912704468,-0.0,-6.521231910028291e-08,0.0,282.9992980957031,284.4533386230469,290.2752380371094,291.35028076171875,293.1499938964844,293.1499938964844,278.1499938964844,0.0,18000.0,313.1499938964844,0.0,18000.0,0.0,0.0,0.0,0.0,0.0,0.0,0.0,0.0,0.0,-0.0,-0.0,0.0,-5.2805772432836115e-21,-2.6402886216418057e-21,-2.6402886216418057e-21,0.0,0.0,-0.0,0.0,0.0,0.0,-0.0,0.0,0.0,0.0,0.0,0.0,4.0,0.0,0.0
12267420,298.5293884277344,303.1499938964844,285.1499938964844,0.0,-0.0,285.07525634765625,0.0,0.0,9.16950448299758e-05,298.5200500488281,303.1499938964844,285.1499938964844,0.0,-0.0,285.0754089355469,0.0,0.0,9.65593644650653e-05,299.05194091796875,303.1499938964844,285.1499938964844,0.0,-0.0,285.07525634765625,0.0,0.0,7.131846359698102e-05,298.3072509765625,303.1499938964844,285.1499938964844,0.0,-0.0,285.07525634765625,0.0,0.0,9.655929898144676e-05,298.45281982421875,303.1499938964844,285.1499938964844,0.0,-0.0,285.0746765136719,0.0,0.0,0.0004580352106131,285.0538635253906,294.1499938964844,288.5533447265625,283.328125,290.7707214355469,288.8044738769531,285.2516784667969,0.0,0.0,0.0,0.0,1.0,1.0,-0.0009770296746864,3.178145302484836e-09,0.0009770264150574,-0.0073781749233603,0.0,0.0,0.0,-0.0063883569091558,60.0,2.226593255996704,-0.0,-6.508407324190557e-08,0.0,282.9992980957031,284.4533386230469,290.2752380371094,291.35028076171875,293.1499938964844,293.1499938964844,278.1499938964844,0.0,18000.0,313.1499938964844,0.0,18000.0,0.0,0.0,0.0,0.0,0.0,0.0,0.0,0.0,0.0,-0.0,-0.0,0.0,-5.2805772432836115e-21,-2.6402886216418057e-21,-2.6402886216418057e-21,0.0,0.0,-0.0,0.0,0.0,0.0,-0.0,0.0,0.0,0.0,0.0,0.0,4.0,0.0,0.0
12267480,298.5293884277344,303.1499938964844,285.1499938964844,0.0,-0.0,285.07525634765625,0.0,0.0,9.16950448299758e-05,298.5200500488281,303.1499938964844,285.1499938964844,0.0,-0.0,285.0754089355469,0.0,0.0,9.65593644650653e-05,299.05194091796875,303.1499938964844,285.1499938964844,0.0,-0.0,285.07525634765625,0.0,0.0,7.131846359698102e-05,298.3072509765625,303.1499938964844,285.1499938964844,0.0,-0.0,285.07525634765625,0.0,0.0,9.655929898144676e-05,298.45281982421875,303.1499938964844,285.1499938964844,0.0,-0.0,285.0746765136719,0.0,0.0,0.0004580352106131,285.0538635253906,294.1499938964844,288.5533447265625,283.328125,290.7707214355469,288.8044738769531,285.2516784667969,0.0,0.0,0.0,0.0,1.0,1.0,-0.0009770296746864,3.178145302484836e-09,0.0009770264150574,-0.0073781749233603,0.0,0.0,0.0,-0.0063883569091558,60.0,2.226593255996704,-0.0,-6.508407324190557e-08,0.0,282.9992980957031,284.4533386230469,290.2752380371094,291.35028076171875,293.1499938964844,293.1499938964844,278.1499938964844,0.0,18000.0,313.1499938964844,0.0,18000.0,0.0,0.0,0.0,0.0,0.0,0.0,0.0,0.0,0.0,-0.0,-0.0,0.0,-5.2805772432836115e-21,-2.6402886216418057e-21,-2.6402886216418057e-21,0.0,0.0,-0.0,0.0,0.0,0.0,-0.0,0.0,0.0,0.0,0.0,0.0,4.0,0.0,0.0
12267540,298.5281066894531,303.1499938964844,285.1499938964844,0.0,-0.0,285.0756225585937,0.0,0.0,9.16069548111409e-05,298.51690673828125,303.1499938964844,285.1499938964844,0.0,-0.0,285.07574462890625,0.0,0.0,9.646660328144208e-05,299.0489196777344,303.1499938964844,285.1499938964844,0.0,-0.0,285.0756225585937,0.0,0.0,7.124994590412825e-05,298.3065490722656,303.1499938964844,285.1499938964844,0.0,-0.0,285.0756225585937,0.0,0.0,9.646653779782356e-05,298.4521484375,303.1499938964844,285.1499938964844,0.0,-0.0,285.07501220703125,0.0,0.0,0.0004575951898004,285.05474853515625,294.1499938964844,288.51666259765625,283.32342529296875,290.7320556640625,288.77606201171875,285.25360107421875,0.0,0.0,0.0,0.0,1.0,1.0,-0.0009760906687006,3.068353571222815e-09,0.0009760875836946,-0.0070904912427067,0.0,0.0,0.0,-0.0063339280895888,60.0,2.1985859870910645,-0.0,-6.495903903669388e-08,0.0,282.9992980957031,284.4533386230469,290.2752380371094,291.35028076171875,293.1499938964844,293.1499938964844,278.1499938964844,0.0,18000.0,313.1499938964844,0.0,18000.0,0.0,0.0,0.0,0.0,0.0,0.0,0.0,0.0,0.0,-0.0,-0.0,0.0,-5.2805772432836115e-21,-2.6402886216418057e-21,-2.6402886216418057e-21,0.0,0.0,-0.0,0.0,0.0,0.0,-0.0,0.0,0.0,0.0,0.0,0.0,4.0,0.0,0.0
12267600,298.5281066894531,303.1499938964844,285.1499938964844,0.0,-0.0,285.0756225585937,0.0,0.0,9.16069548111409e-05,298.51690673828125,303.1499938964844,285.1499938964844,0.0,-0.0,285.07574462890625,0.0,0.0,9.646660328144208e-05,299.0489196777344,303.1499938964844,285.1499938964844,0.0,-0.0,285.0756225585937,0.0,0.0,7.124994590412825e-05,298.3065490722656,303.1499938964844,285.1499938964844,0.0,-0.0,285.0756225585937,0.0,0.0,9.646653779782356e-05,298.4521484375,303.1499938964844,285.1499938964844,0.0,-0.0,285.07501220703125,0.0,0.0,0.0004575951898004,285.05474853515625,294.1499938964844,288.51666259765625,283.32342529296875,290.7320556640625,288.77606201171875,285.25360107421875,0.0,0.0,0.0,0.0,1.0,1.0,-0.0009760906687006,3.068353571222815e-09,0.0009760875836946,-0.0070904912427067,0.0,0.0,0.0,-0.0063339280895888,60.0,2.1985859870910645,-0.0,-6.495903903669388e-08,0.0,282.9992980957031,284.4533386230469,290.2752380371094,291.35028076171875,293.1499938964844,293.1499938964844,278.1499938964844,0.0,18000.0,313.1499938964844,0.0,18000.0,0.0,0.0,0.0,0.0,0.0,0.0,0.0,0.0,0.0,-0.0,-0.0,0.0,-5.2805772432836115e-21,-2.6402886216418057e-21,-2.6402886216418057e-21,0.0,0.0,-0.0,0.0,0.0,0.0,-0.0,0.0,0.0,0.0,0.0,0.0,4.0,0.0,0.0
12267660,298.5267944335937,303.1499938964844,285.1499938964844,0.0,-0.0,285.07598876953125,0.0,0.0,9.1521957074292e-05,298.51373291015625,303.1499938964844,285.1499938964844,0.0,-0.0,285.0761108398437,0.0,0.0,9.63770944508724e-05,299.0458984375,303.1499938964844,285.1499938964844,0.0,-0.0,285.07598876953125,0.0,0.0,7.118383655324578e-05,298.30572509765625,303.1499938964844,285.1499938964844,0.0,-0.0,285.07598876953125,0.0,0.0,9.637702896725386e-05,298.45147705078125,303.1499938964844,285.1499938964844,0.0,-0.0,285.0754089355469,0.0,0.0,0.0004571706231217,285.0556335449219,294.1499938964844,288.4800109863281,283.31890869140625,290.6934814453125,288.7480163574219,285.25555419921875,0.0,0.0,0.0,0.0,1.0,1.0,-0.0009751846082508,2.9624154240792677e-09,0.0009751816978678,-0.0068129044957458,0.0,0.0,0.0,-0.0062814098782837,60.0,2.170708179473877,-0.0,-6.483850256699952e-08,0.0,282.9992980957031,284.4533386230469,290.2752380371094,291.35028076171875,293.1499938964844,293.1499938964844,278.1499938964844,0.0,18000.0,313.1499938964844,0.0,18000.0,0.0,0.0,0.0,0.0,0.0,0.0,0.0,0.0,0.0,-0.0,-0.0,0.0,-5.2805772432836115e-21,-2.6402886216418057e-21,-2.6402886216418057e-21,0.0,0.0,-0.0,0.0,0.0,0.0,-0.0,0.0,0.0,0.0,0.0,0.0,4.0,0.0,0.0
12267720,298.5267944335937,303.1499938964844,285.1499938964844,0.0,-0.0,285.07598876953125,0.0,0.0,9.1521957074292e-05,298.51373291015625,303.1499938964844,285.1499938964844,0.0,-0.0,285.0761108398437,0.0,0.0,9.63770944508724e-05,299.0458984375,303.1499938964844,285.1499938964844,0.0,-0.0,285.07598876953125,0.0,0.0,7.118383655324578e-05,298.30572509765625,303.1499938964844,285.1499938964844,0.0,-0.0,285.07598876953125,0.0,0.0,9.637702896725386e-05,298.45147705078125,303.1499938964844,285.1499938964844,0.0,-0.0,285.0754089355469,0.0,0.0,0.0004571706231217,285.0556335449219,294.1499938964844,288.4800109863281,283.31890869140625,290.6934814453125,288.7480163574219,285.25555419921875,0.0,0.0,0.0,0.0,1.0,1.0,-0.0009751846082508,2.9624154240792677e-09,0.0009751816978678,-0.0068129044957458,0.0,0.0,0.0,-0.0062814098782837,60.0,2.170708179473877,-0.0,-6.483850256699952e-08,0.0,282.9992980957031,284.4533386230469,290.2752380371094,291.35028076171875,293.1499938964844,293.1499938964844,278.1499938964844,0.0,18000.0,313.1499938964844,0.0,18000.0,0.0,0.0,0.0,0.0,0.0,0.0,0.0,0.0,0.0,-0.0,-0.0,0.0,-5.2805772432836115e-21,-2.6402886216418057e-21,-2.6402886216418057e-21,0.0,0.0,-0.0,0.0,0.0,0.0,-0.0,0.0,0.0,0.0,0.0,0.0,4.0,0.0,0.0
12267780,298.5255126953125,303.1499938964844,285.1499938964844,0.0,-0.0,285.0763854980469,0.0,0.0,9.14401898626238e-05,298.5105285644531,303.1499938964844,285.1499938964844,0.0,-0.0,285.0765075683594,0.0,0.0,9.629099076846614e-05,299.0428771972656,303.1499938964844,285.1499938964844,0.0,-0.0,285.0763854980469,0.0,0.0,7.11202374077402e-05,298.30474853515625,303.1499938964844,285.1499938964844,0.0,-0.0,285.0763854980469,0.0,0.0,9.629092528484762e-05,298.4507751464844,303.1499938964844,285.1499938964844,0.0,-0.0,285.0758056640625,0.0,0.0,0.0004567621799651,285.0565490722656,294.1499938964844,288.4433288574219,283.3145751953125,290.6549377441406,288.7203674316406,285.2574462890625,0.0,0.0,0.0,0.0,1.0,1.0,-0.0009743130649439,2.8605047219798507e-09,0.0009743102127686,-0.0065458677709102,0.0,0.0,0.0,-0.0062308884225785,60.0,2.1429691314697266,-0.0,-6.47226556793612e-08,0.0,282.9992980957031,284.4533386230469,290.2752380371094,291.35028076171875,293.1499938964844,293.1499938964844,278.1499938964844,0.0,18000.0,313.1499938964844,0.0,18000.0,0.0,0.0,0.0,0.0,0.0,0.0,0.0,0.0,0.0,-0.0,-0.0,0.0,-5.2805772432836115e-21,-2.6402886216418057e-21,-2.6402886216418057e-21,0.0,0.0,-0.0,0.0,0.0,0.0,-0.0,0.0,0.0,0.0,0.0,0.0,4.0,0.0,0.0
12267840,298.5255126953125,303.1499938964844,285.1499938964844,0.0,-0.0,285.0763854980469,0.0,0.0,9.14401898626238e-05,298.5105285644531,303.1499938964844,285.1499938964844,0.0,-0.0,285.0765075683594,0.0,0.0,9.629099076846614e-05,299.0428771972656,303.1499938964844,285.1499938964844,0.0,-0.0,285.0763854980469,0.0,0.0,7.11202374077402e-05,298.30474853515625,303.1499938964844,285.1499938964844,0.0,-0.0,285.0763854980469,0.0,0.0,9.629092528484762e-05,298.4507751464844,303.1499938964844,285.1499938964844,0.0,-0.0,285.0758056640625,0.0,0.0,0.0004567621799651,285.0565490722656,294.1499938964844,288.4433288574219,283.3145751953125,290.6549377441406,288.7203674316406,285.2574462890625,0.0,0.0,0.0,0.0,1.0,1.0,-0.0009743130649439,2.8605047219798507e-09,0.0009743102127686,-0.0065458677709102,0.0,0.0,0.0,-0.0062308884225785,60.0,2.1429691314697266,-0.0,-6.47226556793612e-08,0.0,282.9992980957031,284.4533386230469,290.2752380371094,291.35028076171875,293.1499938964844,293.1499938964844,278.1499938964844,0.0,18000.0,313.1499938964844,0.0,18000.0,0.0,0.0,0.0,0.0,0.0,0.0,0.0,0.0,0.0,-0.0,-0.0,0.0,-5.2805772432836115e-21,-2.6402886216418057e-21,-2.6402886216418057e-21,0.0,0.0,-0.0,0.0,0.0,0.0,-0.0,0.0,0.0,0.0,0.0,0.0,4.0,0.0,0.0
12267900,298.5248413085937,303.1499938964844,285.1499938964844,0.0,-0.0,285.0765991210937,0.0,0.0,9.140060865320264e-05,298.5089416503906,303.1499938964844,285.1499938964844,0.0,-0.0,285.07672119140625,0.0,0.0,9.624930680729447e-05,299.0413513183594,303.1499938964844,285.1499938964844,0.0,-0.0,285.0765991210937,0.0,0.0,7.10894528310746e-05,298.3042297363281,303.1499938964844,285.1499938964844,0.0,-0.0,285.0765991210937,0.0,0.0,9.624924859963356e-05,298.450439453125,303.1499938964844,285.1499938964844,0.0,-0.0,285.0760192871094,0.0,0.0,0.0004565644776448,285.0570068359375,294.1499938964844,288.42498779296875,283.3124694824219,290.6357116699219,288.7066650390625,285.2583923339844,0.0,0.0,0.0,0.0,1.0,1.0,-0.0009738911758176,2.811172183925236e-09,0.0009738883818499,-0.0064166020601987,0.0,0.0,0.0,-0.0062064318917691,60.0,2.129149436950684,-0.0,-6.46666151737918e-08,0.0,282.9992980957031,284.4533386230469,290.2752380371094,291.35028076171875,293.1499938964844,293.1499938964844,278.1499938964844,0.0,18000.0,313.1499938964844,0.0,18000.0,0.0,0.0,0.0,0.0,0.0,0.0,0.0,0.0,0.0,-0.0,-0.0,0.0,-5.2805772432836115e-21,-2.6402886216418057e-21,-2.6402886216418057e-21,0.0,0.0,-0.0,0.0,0.0,0.0,-0.0,0.0,0.0,0.0,0.0,0.0,4.0,0.0,0.0
12267960,298.5242004394531,303.1499938964844,285.1499938964844,0.0,-0.0,285.0768127441406,0.0,0.0,9.136214066529648e-05,298.50732421875,303.1499938964844,285.1499938964844,0.0,-0.0,285.0769348144531,0.0,0.0,9.620880155125632e-05,299.0398254394531,303.1499938964844,285.1499938964844,0.0,-0.0,285.0768127441406,0.0,0.0,7.105953409336507e-05,298.3036804199219,303.1499938964844,285.1499938964844,0.0,-0.0,285.0768127441406,0.0,0.0,9.62087360676378e-05,298.4500732421875,303.1499938964844,285.1499938964844,0.0,-0.0,285.07623291015625,0.0,0.0,0.0004563723050523,285.0574951171875,294.1499938964844,288.4066772460937,283.3104248046875,290.6164855957031,288.6930847167969,285.25933837890625,0.0,0.0,0.0,0.0,1.0,1.0,-0.0009734811028465,2.7632272026067994e-09,0.0009734783670864,-0.0062909708358347,0.0,0.0,0.0,-0.0061826636083424,60.0,2.115370750427246,-0.0,-6.461217338937787e-08,0.0,282.9992980957031,284.4533386230469,290.2752380371094,291.35028076171875,293.1499938964844,293.1499938964844,278.1499938964844,0.0,18000.0,313.1499938964844,0.0,18000.0,0.0,0.0,0.0,0.0,0.0,0.0,0.0,0.0,0.0,-0.0,-0.0,0.0,-5.2805772432836115e-21,-2.6402886216418057e-21,-2.6402886216418057e-21,0.0,0.0,-0.0,0.0,0.0,0.0,-0.0,0.0,0.0,0.0,0.0,0.0,4.0,0.0,0.0
12268020,298.5228271484375,303.1499938964844,285.1499938964844,0.0,-0.0,285.0772399902344,0.0,0.0,9.12881369004026e-05,298.50408935546875,303.1499938964844,285.1499938964844,0.0,-0.0,285.0773620605469,0.0,0.0,9.61308687692508e-05,299.03680419921875,303.1499938964844,285.1499938964844,0.0,-0.0,285.0772399902344,0.0,0.0,7.100197399267927e-05,298.3024597167969,303.1499938964844,285.1499938964844,0.0,-0.0,285.0772399902344,0.0,0.0,9.61308105615899e-05,298.4493103027344,303.1499938964844,285.1499938964844,0.0,-0.0,285.0766906738281,0.0,0.0,0.0004560026573017,285.0584411621094,294.1499938964844,288.3699951171875,283.3064270019531,290.5780944824219,288.6661376953125,285.2611999511719,0.0,0.0,0.0,0.0,1.0,1.0,-0.0009726922144182,2.6709872091856823e-09,0.0009726895368658,-0.0060492730699479,0.0,0.0,0.0,-0.00613693613559,60.0,2.0879135131835938,-0.0,-6.450749623354568e-08,0.0,282.9992980957031,284.4533386230469,290.2752380371094,291.35028076171875,293.1499938964844,293.1499938964844,278.1499938964844,0.0,18000.0,313.1499938964844,0.0,18000.0,0.0,0.0,0.0,0.0,0.0,0.0,0.0,0.0,0.0,-0.0,-0.0,0.0,-5.2805772432836115e-21,-2.6402886216418057e-21,-2.6402886216418057e-21,0.0,0.0,-0.0,0.0,0.0,0.0,-0.0,0.0,0.0,0.0,0.0,0.0,4.0,0.0,0.0
12268080,298.5228271484375,303.1499938964844,285.1499938964844,0.0,-0.0,285.0772399902344,0.0,0.0,9.12881369004026e-05,298.50408935546875,303.1499938964844,285.1499938964844,0.0,-0.0,285.0773620605469,0.0,0.0,9.61308687692508e-05,299.03680419921875,303.1499938964844,285.1499938964844,0.0,-0.0,285.0772399902344,0.0,0.0,7.100197399267927e-05,298.3024597167969,303.1499938964844,285.1499938964844,0.0,-0.0,285.0772399902344,0.0,0.0,9.61308105615899e-05,298.4493103027344,303.1499938964844,285.1499938964844,0.0,-0.0,285.0766906738281,0.0,0.0,0.0004560026573017,285.0584411621094,294.1499938964844,288.3699951171875,283.3064270019531,290.5780944824219,288.6661376953125,285.2611999511719,0.0,0.0,0.0,0.0,1.0,1.0,-0.0009726922144182,2.6709872091856823e-09,0.0009726895368658,-0.0060492730699479,0.0,0.0,0.0,-0.00613693613559,60.0,2.0879135131835938,-0.0,-6.450749623354568e-08,0.0,282.9992980957031,284.4533386230469,290.2752380371094,291.35028076171875,293.1499938964844,293.1499938964844,278.1499938964844,0.0,18000.0,313.1499938964844,0.0,18000.0,0.0,0.0,0.0,0.0,0.0,0.0,0.0,0.0,0.0,-0.0,-0.0,0.0,-5.2805772432836115e-21,-2.6402886216418057e-21,-2.6402886216418057e-21,0.0,0.0,-0.0,0.0,0.0,0.0,-0.0,0.0,0.0,0.0,0.0,0.0,4.0,0.0,0.0
12268140,298.5214538574219,303.1499938964844,285.1499938964844,0.0,-0.0,285.07769775390625,0.0,0.0,9.121874609263614e-05,298.50079345703125,303.1499938964844,285.1499938964844,0.0,-0.0,285.07781982421875,0.0,0.0,9.605779632693157e-05,299.03375244140625,303.1499938964844,285.1499938964844,0.0,-0.0,285.07769775390625,0.0,0.0,7.094800093909726e-05,298.3010559082031,303.1499938964844,285.1499938964844,0.0,-0.0,285.07769775390625,0.0,0.0,9.605773811927064e-05,298.44854736328125,303.1499938964844,285.1499938964844,0.0,-0.0,285.0771484375,0.0,0.0,0.0004556560597848,285.0594177246094,294.1499938964844,288.3333435058594,283.30255126953125,290.5397644042969,288.6395568847656,285.2630310058594,0.0,0.0,0.0,0.0,1.0,1.0,-0.0009719525696709,2.584500391478172e-09,0.0009719499503262,-0.0058226487599313,0.0,0.0,0.0,-0.0060940603725612,60.0,2.060615301132202,-0.0,-6.440942712515607e-08,0.0,282.9992980957031,284.4533386230469,290.2752380371094,291.35028076171875,293.1499938964844,293.1499938964844,278.1499938964844,0.0,18000.0,313.1499938964844,0.0,18000.0,0.0,0.0,0.0,0.0,0.0,0.0,0.0,0.0,0.0,-0.0,-0.0,0.0,-5.2805772432836115e-21,-2.6402886216418057e-21,-2.6402886216418057e-21,0.0,0.0,-0.0,0.0,0.0,0.0,-0.0,0.0,0.0,0.0,0.0,0.0,4.0,0.0,0.0
12268200,298.5214538574219,303.1499938964844,285.1499938964844,0.0,-0.0,285.07769775390625,0.0,0.0,9.121874609263614e-05,298.50079345703125,303.1499938964844,285.1499938964844,0.0,-0.0,285.07781982421875,0.0,0.0,9.605779632693157e-05,299.03375244140625,303.1499938964844,285.1499938964844,0.0,-0.0,285.07769775390625,0.0,0.0,7.094800093909726e-05,298.3010559082031,303.1499938964844,285.1499938964844,0.0,-0.0,285.07769775390625,0.0,0.0,9.605773811927064e-05,298.44854736328125,303.1499938964844,285.1499938964844,0.0,-0.0,285.0771484375,0.0,0.0,0.0004556560597848,285.0594177246094,294.1499938964844,288.3333435058594,283.30255126953125,290.5397644042969,288.6395568847656,285.2630310058594,0.0,0.0,0.0,0.0,1.0,1.0,-0.0009719525696709,2.584500391478172e-09,0.0009719499503262,-0.0058226487599313,0.0,0.0,0.0,-0.0060940603725612,60.0,2.060615301132202,-0.0,-6.440942712515607e-08,0.0,282.9992980957031,284.4533386230469,290.2752380371094,291.35028076171875,293.1499938964844,293.1499938964844,278.1499938964844,0.0,18000.0,313.1499938964844,0.0,18000.0,0.0,0.0,0.0,0.0,0.0,0.0,0.0,0.0,0.0,-0.0,-0.0,0.0,-5.2805772432836115e-21,-2.6402886216418057e-21,-2.6402886216418057e-21,0.0,0.0,-0.0,0.0,0.0,0.0,-0.0,0.0,0.0,0.0,0.0,0.0,4.0,0.0,0.0
12268260,298.5199890136719,303.1499938964844,285.1499938964844,0.0,-0.0,285.07818603515625,0.0,0.0,9.115404827753082e-05,298.4974975585937,303.1499938964844,285.1499938964844,0.0,-0.0,285.07830810546875,0.0,0.0,9.598966425983237e-05,299.0307006835937,303.1499938964844,285.1499938964844,0.0,-0.0,285.07818603515625,0.0,0.0,7.089768041623756e-05,298.2995300292969,303.1499938964844,285.1499938964844,0.0,-0.0,285.07818603515625,0.0,0.0,9.598960605217144e-05,298.4477233886719,303.1499938964844,285.1499938964844,0.0,-0.0,285.07763671875,0.0,0.0,0.0004553328617475,285.0603942871094,294.1499938964844,288.2966613769531,283.2987976074219,290.50146484375,288.6132202148437,285.2648620605469,0.0,0.0,0.0,0.0,1.0,1.0,-0.0009712628670968,2.503855345281636e-09,0.0009712603059597,-0.005611331667751,0.0,0.0,0.0,-0.0060540810227394,60.0,2.033466100692749,-0.0,-6.431805132933732e-08,0.0,282.9992980957031,284.4533386230469,290.2752380371094,291.35028076171875,293.1499938964844,293.1499938964844,278.1499938964844,0.0,18000.0,313.1499938964844,0.0,18000.0,0.0,0.0,0.0,0.0,0.0,0.0,0.0,0.0,0.0,-0.0,-0.0,0.0,-5.2805772432836115e-21,-2.6402886216418057e-21,-2.6402886216418057e-21,0.0,0.0,-0.0,0.0,0.0,0.0,-0.0,0.0,0.0,0.0,0.0,0.0,4.0,0.0,0.0
12268320,298.5199890136719,303.1499938964844,285.1499938964844,0.0,-0.0,285.07818603515625,0.0,0.0,9.115404827753082e-05,298.4974975585937,303.1499938964844,285.1499938964844,0.0,-0.0,285.07830810546875,0.0,0.0,9.598966425983237e-05,299.0307006835937,303.1499938964844,285.1499938964844,0.0,-0.0,285.07818603515625,0.0,0.0,7.089768041623756e-05,298.2995300292969,303.1499938964844,285.1499938964844,0.0,-0.0,285.07818603515625,0.0,0.0,9.598960605217144e-05,298.4477233886719,303.1499938964844,285.1499938964844,0.0,-0.0,285.07763671875,0.0,0.0,0.0004553328617475,285.0603942871094,294.1499938964844,288.2966613769531,283.2987976074219,290.50146484375,288.6132202148437,285.2648620605469,0.0,0.0,0.0,0.0,1.0,1.0,-0.0009712628670968,2.503855345281636e-09,0.0009712603059597,-0.005611331667751,0.0,0.0,0.0,-0.0060540810227394,60.0,2.033466100692749,-0.0,-6.431805132933732e-08,0.0,282.9992980957031,284.4533386230469,290.2752380371094,291.35028076171875,293.1499938964844,293.1499938964844,278.1499938964844,0.0,18000.0,313.1499938964844,0.0,18000.0,0.0,0.0,0.0,0.0,0.0,0.0,0.0,0.0,0.0,-0.0,-0.0,0.0,-5.2805772432836115e-21,-2.6402886216418057e-21,-2.6402886216418057e-21,0.0,0.0,-0.0,0.0,0.0,0.0,-0.0,0.0,0.0,0.0,0.0,0.0,4.0,0.0,0.0
12268380,298.5184936523437,303.1499938964844,285.1499938964844,0.0,-0.0,285.07867431640625,0.0,0.0,9.109509119298308e-05,298.494140625,303.1499938964844,285.1499938964844,0.0,-0.0,285.07879638671875,0.0,0.0,9.592757851351053e-05,299.0276184082031,303.1499938964844,285.1499938964844,0.0,-0.0,285.07867431640625,0.0,0.0,7.085182733135298e-05,298.2978210449219,303.1499938964844,285.1499938964844,0.0,-0.0,285.07867431640625,0.0,0.0,9.59275203058496e-05,298.4468688964844,303.1499938964844,285.1499938964844,0.0,-0.0,285.078125,0.0,0.0,0.000455038389191,285.0614318847656,294.1499938964844,288.260009765625,283.2951354980469,290.4632263183594,288.587158203125,285.26666259765625,0.0,0.0,0.0,0.0,1.0,1.0,-0.0009706342825666,2.430365464434203e-09,0.0009706318960525,-0.0054187625646591,0.0,0.0,0.0,-0.006017648614943,60.0,2.0064938068389893,-0.0,-6.42348325641251e-08,0.0,282.9992980957031,284.4533386230469,290.2752380371094,291.35028076171875,293.1499938964844,293.1499938964844,278.1499938964844,0.0,18000.0,313.1499938964844,0.0,18000.0,0.0,0.0,0.0,0.0,0.0,0.0,0.0,0.0,0.0,-0.0,-0.0,0.0,-5.2805772432836115e-21,-2.6402886216418057e-21,-2.6402886216418057e-21,0.0,0.0,-0.0,0.0,0.0,0.0,-0.0,0.0,0.0,0.0,0.0,0.0,4.0,0.0,0.0
12268440,298.5184936523437,303.1499938964844,285.1499938964844,0.0,-0.0,285.07867431640625,0.0,0.0,9.109509119298308e-05,298.494140625,303.1499938964844,285.1499938964844,0.0,-0.0,285.07879638671875,0.0,0.0,9.592757851351053e-05,299.0276184082031,303.1499938964844,285.1499938964844,0.0,-0.0,285.07867431640625,0.0,0.0,7.085182733135298e-05,298.2978210449219,303.1499938964844,285.1499938964844,0.0,-0.0,285.07867431640625,0.0,0.0,9.59275203058496e-05,298.4468688964844,303.1499938964844,285.1499938964844,0.0,-0.0,285.078125,0.0,0.0,0.000455038389191,285.0614318847656,294.1499938964844,288.260009765625,283.2951354980469,290.4632263183594,288.587158203125,285.26666259765625,0.0,0.0,0.0,0.0,1.0,1.0,-0.0009706342825666,2.430365464434203e-09,0.0009706318960525,-0.0054187625646591,0.0,0.0,0.0,-0.006017648614943,60.0,2.0064938068389893,-0.0,-6.42348325641251e-08,0.0,282.9992980957031,284.4533386230469,290.2752380371094,291.35028076171875,293.1499938964844,293.1499938964844,278.1499938964844,0.0,18000.0,313.1499938964844,0.0,18000.0,0.0,0.0,0.0,0.0,0.0,0.0,0.0,0.0,0.0,-0.0,-0.0,0.0,-5.2805772432836115e-21,-2.6402886216418057e-21,-2.6402886216418057e-21,0.0,0.0,-0.0,0.0,0.0,0.0,-0.0,0.0,0.0,0.0,0.0,0.0,4.0,0.0,0.0
12268500,298.5177001953125,303.1499938964844,285.1499938964844,0.0,-0.0,285.0789489746094,0.0,0.0,9.106750076171012e-05,298.4924621582031,303.1499938964844,285.1499938964844,0.0,-0.0,285.0790405273437,0.0,0.0,9.589852561475708e-05,299.02606201171875,303.1499938964844,285.1499938964844,0.0,-0.0,285.0789489746094,0.0,0.0,7.083036325639114e-05,298.2969055175781,303.1499938964844,285.1499938964844,0.0,-0.0,285.0789489746094,0.0,0.0,9.589846740709618e-05,298.4464111328125,303.1499938964844,285.1499938964844,0.0,-0.0,285.0783996582031,0.0,0.0,0.0004549005534499,285.0619201660156,294.1499938964844,288.2416687011719,283.2933654785156,290.4441223144531,288.57421875,285.267578125,0.0,0.0,0.0,0.0,1.0,1.0,-0.0009703401010483,2.395970088997501e-09,0.0009703377145342,-0.0053286347538232,0.0,0.0,0.0,-0.0060005970299243,60.0,1.9930659532547,-0.0,-6.419590903306016e-08,0.0,282.9992980957031,284.4533386230469,290.2752380371094,291.35028076171875,293.1499938964844,293.1499938964844,278.1499938964844,0.0,18000.0,313.1499938964844,0.0,18000.0,0.0,0.0,0.0,0.0,0.0,0.0,0.0,0.0,0.0,-0.0,-0.0,0.0,-5.2805772432836115e-21,-2.6402886216418057e-21,-2.6402886216418057e-21,0.0,0.0,-0.0,0.0,0.0,0.0,-0.0,0.0,0.0,0.0,0.0,0.0,4.0,0.0,0.0
12268560,298.51690673828125,303.1499938964844,285.1499938964844,0.0,-0.0,285.0791931152344,0.0,0.0,9.104143100557847e-05,298.49078369140625,303.1499938964844,285.1499938964844,0.0,-0.0,285.0793151855469,0.0,0.0,9.587107342667878e-05,299.0245056152344,303.1499938964844,285.1499938964844,0.0,-0.0,285.0791931152344,0.0,0.0,7.081008516252041e-05,298.2959289550781,303.1499938964844,285.1499938964844,0.0,-0.0,285.0791931152344,0.0,0.0,9.587101521901786e-05,298.4459533691406,303.1499938964844,285.1499938964844,0.0,-0.0,285.0786437988281,0.0,0.0,0.0004547703429125,285.0624389648437,294.1499938964844,288.22332763671875,283.29156494140625,290.425048828125,288.5613098144531,285.2684631347656,0.0,0.0,0.0,0.0,1.0,1.0,-0.0009700622176751,2.3634751933343523e-09,0.0009700598893687,-0.0052434862591326,0.0,0.0,0.0,-0.0059844879433512,60.0,1.9796786308288568,-0.0,-6.415913844648459e-08,0.0,282.9992980957031,284.4533386230469,290.2752380371094,291.35028076171875,293.1499938964844,293.1499938964844,278.1499938964844,0.0,18000.0,313.1499938964844,0.0,18000.0,0.0,0.0,0.0,0.0,0.0,0.0,0.0,0.0,0.0,-0.0,-0.0,0.0,-5.2805772432836115e-21,-2.6402886216418057e-21,-2.6402886216418057e-21,0.0,0.0,-0.0,0.0,0.0,0.0,-0.0,0.0,0.0,0.0,0.0,0.0,4.0,0.0,0.0
12268620,298.5159912109375,303.1499938964844,285.1499938964844,0.0,-0.0,285.0794982910156,0.0,0.0,9.101417526835576e-05,298.4888610839844,303.1499938964844,285.1499938964844,0.0,-0.0,285.0796203613281,0.0,0.0,9.584237704984844e-05,299.02276611328125,303.1499938964844,285.1499938964844,0.0,-0.0,285.0794982910156,0.0,0.0,7.078889029799029e-05,298.2947998046875,303.1499938964844,285.1499938964844,0.0,-0.0,285.0794982910156,0.0,0.0,9.584231884218752e-05,298.4454040527344,303.1499938964844,285.1499938964844,0.0,-0.0,285.0789489746094,0.0,0.0,0.0004546341951936,285.06304931640625,294.1499938964844,288.2027893066406,283.28961181640625,290.4036865234375,288.5469055175781,285.2694396972656,0.0,0.0,0.0,0.0,1.0,1.0,-0.0009697716450318,2.329499482200958e-09,0.0009697693167254,-0.0051544574089348,0.0,0.0,0.0,-0.0059676449745893,60.0,1.9647380113601685,-0.0,-6.412071229533467e-08,0.0,282.9992980957031,284.4533386230469,290.2752380371094,291.35028076171875,293.1499938964844,293.1499938964844,278.1499938964844,0.0,18000.0,313.1499938964844,0.0,18000.0,0.0,0.0,0.0,0.0,0.0,0.0,0.0,0.0,0.0,-0.0,-0.0,0.0,-5.2805772432836115e-21,-2.6402886216418057e-21,-2.6402886216418057e-21,0.0,0.0,-0.0,0.0,0.0,0.0,-0.0,0.0,0.0,0.0,0.0,0.0,4.0,0.0,0.0
12268680,298.5152587890625,303.1499938964844,285.1499938964844,0.0,-0.0,285.0797424316406,0.0,0.0,9.099438466364518e-05,298.48736572265625,303.1499938964844,285.1499938964844,0.0,-0.0,285.079833984375,0.0,0.0,9.58215314312838e-05,299.0213623046875,303.1499938964844,285.1499938964844,0.0,-0.0,285.0797424316406,0.0,0.0,7.077349437167868e-05,298.2938842773437,303.1499938964844,285.1499938964844,0.0,-0.0,285.0797424316406,0.0,0.0,9.582147322362287e-05,298.4449768066406,303.1499938964844,285.1499938964844,0.0,-0.0,285.0791931152344,0.0,0.0,0.0004545353294815,285.0635070800781,294.1499938964844,288.1866760253906,283.2880554199219,290.38690185546875,288.5355834960937,285.27020263671875,0.0,0.0,0.0,0.0,1.0,1.0,-0.0009695605840533,2.3048216668541954e-09,0.0009695582557469,-0.0050897928886115,0.0,0.0,0.0,-0.0059554106555879,60.0,1.9530360698699951,-0.0,-6.409280217667401e-08,0.0,282.9992980957031,284.4533386230469,290.2752380371094,291.35028076171875,293.1499938964844,293.1499938964844,278.1499938964844,0.0,18000.0,313.1499938964844,0.0,18000.0,0.0,0.0,0.0,0.0,0.0,0.0,0.0,0.0,0.0,-0.0,-0.0,0.0,-5.2805772432836115e-21,-2.6402886216418057e-21,-2.6402886216418057e-21,0.0,0.0,-0.0,0.0,0.0,0.0,-0.0,0.0,0.0,0.0,0.0,0.0,4.0,0.0,0.0
12268740,298.5135192871094,303.1499938964844,285.1499938964844,0.0,-0.0,285.0802917480469,0.0,0.0,9.095430141314864e-05,298.4839172363281,303.1499938964844,285.1499938964844,0.0,-0.0,285.08038330078125,0.0,0.0,9.577932360116392e-05,299.0182189941406,303.1499938964844,285.1499938964844,0.0,-0.0,285.0802917480469,0.0,0.0,7.07423168933019e-05,298.2916259765625,303.1499938964844,285.1499938964844,0.0,-0.0,285.0802917480469,0.0,0.0,9.5779265393503e-05,298.4439697265625,303.1499938964844,285.1499938964844,0.0,-0.0,285.0797424316406,0.0,0.0,0.0004543351242318,285.0645751953125,294.1499938964844,288.1499938964844,283.2846069335937,290.34881591796875,288.5099182128906,285.2719421386719,0.0,0.0,0.0,0.0,1.0,1.0,-0.0009691332234069,2.2548520828280516e-09,0.0009691309533081,-0.0049588540568947,0.0,0.0,0.0,-0.0059306384064257,60.0,1.926560640335083,-0.0,-6.40363140291811e-08,0.0,282.9992980957031,284.4533386230469,290.2752380371094,291.35028076171875,293.1499938964844,293.1499938964844,278.1499938964844,0.0,18000.0,313.1499938964844,0.0,18000.0,0.0,0.0,0.0,0.0,0.0,0.0,0.0,0.0,0.0,-0.0,-0.0,0.0,-5.2805772432836115e-21,-2.6402886216418057e-21,-2.6402886216418057e-21,0.0,0.0,-0.0,0.0,0.0,0.0,-0.0,0.0,0.0,0.0,0.0,0.0,4.0,0.0,0.0
12268800,298.5135192871094,303.1499938964844,285.1499938964844,0.0,-0.0,285.0802917480469,0.0,0.0,9.095430141314864e-05,298.4839172363281,303.1499938964844,285.1499938964844,0.0,-0.0,285.08038330078125,0.0,0.0,9.577932360116392e-05,299.0182189941406,303.1499938964844,285.1499938964844,0.0,-0.0,285.0802917480469,0.0,0.0,7.07423168933019e-05,298.2916259765625,303.1499938964844,285.1499938964844,0.0,-0.0,285.0802917480469,0.0,0.0,9.5779265393503e-05,298.4439697265625,303.1499938964844,285.1499938964844,0.0,-0.0,285.0797424316406,0.0,0.0,0.0004543351242318,285.0645751953125,294.1499938964844,288.1499938964844,283.2846069335937,290.34881591796875,288.5099182128906,285.2719421386719,0.0,0.0,0.0,0.0,1.0,1.0,-0.0009691332234069,2.2548520828280516e-09,0.0009691309533081,-0.0049588540568947,0.0,0.0,0.0,-0.0059306384064257,60.0,1.926560640335083,-0.0,-6.40363140291811e-08,0.0,282.9992980957031,284.4533386230469,290.2752380371094,291.35028076171875,293.1499938964844,293.1499938964844,278.1499938964844,0.0,18000.0,313.1499938964844,0.0,18000.0,0.0,0.0,0.0,0.0,0.0,0.0,0.0,0.0,0.0,-0.0,-0.0,0.0,-5.2805772432836115e-21,-2.6402886216418057e-21,-2.6402886216418057e-21,0.0,0.0,-0.0,0.0,0.0,0.0,-0.0,0.0,0.0,0.0,0.0,0.0,4.0,0.0,0.0
12268860,298.5117492675781,303.1499938964844,285.1499938964844,0.0,-0.0,285.0808410644531,0.0,0.0,9.092746768146752e-05,298.48046875,303.1499938964844,285.1499938964844,0.0,-0.0,285.0809631347656,0.0,0.0,9.575106378179044e-05,299.0150756835937,303.1499938964844,285.1499938964844,0.0,-0.0,285.08087158203125,0.0,0.0,7.072144217090681e-05,298.2892150878906,303.1499938964844,285.1499938964844,0.0,-0.0,285.08087158203125,0.0,0.0,9.575100557412952e-05,298.44293212890625,303.1499938964844,285.1499938964844,0.0,-0.0,285.080322265625,0.0,0.0,0.0004542010719887,285.0656433105469,294.1499938964844,288.1101989746094,283.2789306640625,290.31072998046875,288.4840393066406,285.273681640625,0.0,0.0,0.0,0.0,1.0,1.0,-0.0009688468999229,2.221382411349282e-09,0.0009688446880318,-0.0048711514100432,0.0,0.0,0.0,-0.0059140459634363,60.0,1.8992977142333984,-0.0,-6.399849183935657e-08,0.0,282.9992980957031,284.4533386230469,290.2752380371094,291.35028076171875,293.1499938964844,293.1499938964844,278.1499938964844,0.0,18000.0,313.1499938964844,0.0,18000.0,0.0,0.0,0.0,0.0,0.0,0.0,0.0,0.0,0.0,-0.0,-0.0,0.0,-5.2805772432836115e-21,-2.6402886216418057e-21,-2.6402886216418057e-21,0.0,0.0,-0.0,0.0,0.0,0.0,-0.0,0.0,0.0,0.0,0.0,0.0,4.0,0.0,0.0
12268920,298.5117492675781,303.1499938964844,285.1499938964844,0.0,-0.0,285.0808410644531,0.0,0.0,9.092746768146752e-05,298.48046875,303.1499938964844,285.1499938964844,0.0,-0.0,285.0809631347656,0.0,0.0,9.575106378179044e-05,299.0150756835937,303.1499938964844,285.1499938964844,0.0,-0.0,285.08087158203125,0.0,0.0,7.072144217090681e-05,298.2892150878906,303.1499938964844,285.1499938964844,0.0,-0.0,285.08087158203125,0.0,0.0,9.575100557412952e-05,298.44293212890625,303.1499938964844,285.1499938964844,0.0,-0.0,285.080322265625,0.0,0.0,0.0004542010719887,285.0656433105469,294.1499938964844,288.1101989746094,283.2789306640625,290.31072998046875,288.4840393066406,285.273681640625,0.0,0.0,0.0,0.0,1.0,1.0,-0.0009688468999229,2.221382411349282e-09,0.0009688446880318,-0.0048711514100432,0.0,0.0,0.0,-0.0059140459634363,60.0,1.8992977142333984,-0.0,-6.399849183935657e-08,0.0,282.9992980957031,284.4533386230469,290.2752380371094,291.35028076171875,293.1499938964844,293.1499938964844,278.1499938964844,0.0,18000.0,313.1499938964844,0.0,18000.0,0.0,0.0,0.0,0.0,0.0,0.0,0.0,0.0,0.0,-0.0,-0.0,0.0,-5.2805772432836115e-21,-2.6402886216418057e-21,-2.6402886216418057e-21,0.0,0.0,-0.0,0.0,0.0,0.0,-0.0,0.0,0.0,0.0,0.0,0.0,4.0,0.0,0.0
12268980,298.5097961425781,303.1499938964844,285.1499938964844,0.0,-0.0,285.0814514160156,0.0,0.0,9.091895481105894e-05,298.47705078125,303.1499938964844,285.1499938964844,0.0,-0.0,285.08154296875,0.0,0.0,9.574209252605216e-05,299.011962890625,303.1499938964844,285.1499938964844,0.0,-0.0,285.0814514160156,0.0,0.0,7.07148210494779e-05,298.2865905761719,303.1499938964844,285.1499938964844,0.0,-0.0,285.0814514160156,0.0,0.0,9.574204159434883e-05,298.44189453125,303.1499938964844,285.1499938964844,0.0,-0.0,285.0809326171875,0.0,0.0,0.0004541585512924,285.0667419433594,294.1499938964844,288.064453125,283.2690124511719,290.27252197265625,288.4572448730469,285.275390625,0.0,0.0,0.0,0.0,1.0,1.0,-0.0009687558631412,2.2107409236582502e-09,0.0009687536512501,-0.0048432662151753,0.0,0.0,0.0,-0.0059087700210511,60.0,1.869412183761597,-0.0,-6.398646945626751e-08,0.0,282.9992980957031,284.4533386230469,290.2752380371094,291.35028076171875,293.1499938964844,293.1499938964844,278.1499938964844,0.0,18000.0,313.1499938964844,0.0,18000.0,0.0,0.0,0.0,0.0,0.0,0.0,0.0,0.0,0.0,-0.0,-0.0,0.0,-5.2805772432836115e-21,-2.6402886216418057e-21,-2.6402886216418057e-21,0.0,0.0,-0.0,0.0,0.0,0.0,-0.0,0.0,0.0,0.0,0.0,0.0,4.0,0.0,0.0
12269040,298.5097961425781,303.1499938964844,285.1499938964844,0.0,-0.0,285.0814514160156,0.0,0.0,9.091895481105894e-05,298.47705078125,303.1499938964844,285.1499938964844,0.0,-0.0,285.08154296875,0.0,0.0,9.574209252605216e-05,299.011962890625,303.1499938964844,285.1499938964844,0.0,-0.0,285.0814514160156,0.0,0.0,7.07148210494779e-05,298.2865905761719,303.1499938964844,285.1499938964844,0.0,-0.0,285.0814514160156,0.0,0.0,9.574204159434883e-05,298.44189453125,303.1499938964844,285.1499938964844,0.0,-0.0,285.0809326171875,0.0,0.0,0.0004541585512924,285.0667419433594,294.1499938964844,288.064453125,283.2690124511719,290.27252197265625,288.4572448730469,285.275390625,0.0,0.0,0.0,0.0,1.0,1.0,-0.0009687558631412,2.2107409236582502e-09,0.0009687536512501,-0.0048432662151753,0.0,0.0,0.0,-0.0059087700210511,60.0,1.869412183761597,-0.0,-6.398646945626751e-08,0.0,282.9992980957031,284.4533386230469,290.2752380371094,291.35028076171875,293.1499938964844,293.1499938964844,278.1499938964844,0.0,18000.0,313.1499938964844,0.0,18000.0,0.0,0.0,0.0,0.0,0.0,0.0,0.0,0.0,0.0,-0.0,-0.0,0.0,-5.2805772432836115e-21,-2.6402886216418057e-21,-2.6402886216418057e-21,0.0,0.0,-0.0,0.0,0.0,0.0,-0.0,0.0,0.0,0.0,0.0,0.0,4.0,0.0,0.0
12269100,298.5087585449219,303.1499938964844,285.1499938964844,0.0,-0.0,285.0817565917969,0.0,0.0,9.092162508750334e-05,298.475341796875,303.1499938964844,285.1499938964844,0.0,-0.0,285.08184814453125,0.0,0.0,9.574490832164884e-05,299.0104064941406,303.1499938964844,285.1499938964844,0.0,-0.0,285.0817565917969,0.0,0.0,7.071690197335556e-05,298.28515625,303.1499938964844,285.1499938964844,0.0,-0.0,285.0817565917969,0.0,0.0,9.574485738994554e-05,298.4413452148437,303.1499938964844,285.1499938964844,0.0,-0.0,285.08123779296875,0.0,0.0,0.0004541719099506,285.0672912597656,294.1499938964844,288.0395202636719,283.2625732421875,290.2533569335937,288.4432983398437,285.2762145996094,0.0,0.0,0.0,0.0,1.0,1.0,-0.0009687841520644,2.2140567157435953e-09,0.0009687819401733,-0.0048519549891352,0.0,0.0,0.0,-0.0059104138053953,60.0,1.8532301187515257,-0.0,-6.399021401648497e-08,0.0,282.9992980957031,284.4533386230469,290.2752380371094,291.35028076171875,293.1499938964844,293.1499938964844,278.1499938964844,0.0,18000.0,313.1499938964844,0.0,18000.0,0.0,0.0,0.0,0.0,0.0,0.0,0.0,0.0,0.0,-0.0,-0.0,0.0,-5.2805772432836115e-21,-2.6402886216418057e-21,-2.6402886216418057e-21,0.0,0.0,-0.0,0.0,0.0,0.0,-0.0,0.0,0.0,0.0,0.0,0.0,4.0,0.0,0.0
12269160,298.50762939453125,303.1499938964844,285.1499938964844,0.0,-0.0,285.0820617675781,0.0,0.0,9.092836990021168e-05,298.4736328125,303.1499938964844,285.1499938964844,0.0,-0.0,285.0821533203125,0.0,0.0,9.575200965628028e-05,299.00885009765625,303.1499938964844,285.1499938964844,0.0,-0.0,285.0820617675781,0.0,0.0,7.072214793879539e-05,298.2836608886719,303.1499938964844,285.1499938964844,0.0,-0.0,285.0820617675781,0.0,0.0,9.575195872457698e-05,298.4407958984375,303.1499938964844,285.1499938964844,0.0,-0.0,285.08154296875,0.0,0.0,0.0004542055830825,285.0678405761719,294.1499938964844,288.0133056640625,283.2552185058594,290.2341613769531,288.4288635253906,285.2770690917969,0.0,0.0,0.0,0.0,1.0,1.0,-0.000968855805695,2.22243912162412e-09,0.0009688535938039,-0.0048739202320575,0.0,0.0,0.0,-0.005914568901062,60.0,1.836308479309082,-0.0,-6.399968555115265e-08,0.0,282.9992980957031,284.4533386230469,290.2752380371094,291.35028076171875,293.1499938964844,293.1499938964844,278.1499938964844,0.0,18000.0,313.1499938964844,0.0,18000.0,0.0,0.0,0.0,0.0,0.0,0.0,0.0,0.0,0.0,-0.0,-0.0,0.0,-5.2805772432836115e-21,-2.6402886216418057e-21,-2.6402886216418057e-21,0.0,0.0,-0.0,0.0,0.0,0.0,-0.0,0.0,0.0,0.0,0.0,0.0,4.0,0.0,0.0
12269220,298.5052185058594,303.1499938964844,285.1499938964844,0.0,-0.0,285.0826721191406,0.0,0.0,9.095498535316436e-05,298.4701538085937,303.1499938964844,285.1499938964844,0.0,-0.0,285.0827941894531,0.0,0.0,9.578003664501011e-05,299.00567626953125,303.1499938964844,285.1499938964844,0.0,-0.0,285.0826721191406,0.0,0.0,7.074284803820774e-05,298.2803649902344,303.1499938964844,285.1499938964844,0.0,-0.0,285.0826721191406,0.0,0.0,9.57799857133068e-05,298.43963623046875,303.1499938964844,285.1499938964844,0.0,-0.0,285.0821838378906,0.0,0.0,0.0004543385584838,285.0690002441406,294.1499938964844,287.9572448730469,283.2378234863281,290.19549560546875,288.3982849121094,285.2787170410156,0.0,0.0,0.0,0.0,1.0,1.0,-0.0009691391023807,2.255567288500515e-09,0.0009691368322819,-0.0049607283435761,0.0,0.0,0.0,-0.0059309918433427,60.0,1.800170660018921,-0.0,-6.403712404789985e-08,0.0,282.9992980957031,284.4533386230469,290.2752380371094,291.35028076171875,293.1499938964844,293.1499938964844,278.1499938964844,0.0,18000.0,313.1499938964844,0.0,18000.0,0.0,0.0,0.0,0.0,0.0,0.0,0.0,0.0,0.0,-0.0,-0.0,0.0,-5.2805772432836115e-21,-2.6402886216418057e-21,-2.6402886216418057e-21,0.0,0.0,-0.0,0.0,0.0,0.0,-0.0,0.0,0.0,0.0,0.0,0.0,4.0,0.0,0.0
12269280,298.5052185058594,303.1499938964844,285.1499938964844,0.0,-0.0,285.0826721191406,0.0,0.0,9.095498535316436e-05,298.4701538085937,303.1499938964844,285.1499938964844,0.0,-0.0,285.0827941894531,0.0,0.0,9.578003664501011e-05,299.00567626953125,303.1499938964844,285.1499938964844,0.0,-0.0,285.0826721191406,0.0,0.0,7.074284803820774e-05,298.2803649902344,303.1499938964844,285.1499938964844,0.0,-0.0,285.0826721191406,0.0,0.0,9.57799857133068e-05,298.43963623046875,303.1499938964844,285.1499938964844,0.0,-0.0,285.0821838378906,0.0,0.0,0.0004543385584838,285.0690002441406,294.1499938964844,287.9572448730469,283.2378234863281,290.19549560546875,288.3982849121094,285.2787170410156,0.0,0.0,0.0,0.0,1.0,1.0,-0.0009691391023807,2.255567288500515e-09,0.0009691368322819,-0.0049607283435761,0.0,0.0,0.0,-0.0059309918433427,60.0,1.800170660018921,-0.0,-6.403712404789985e-08,0.0,282.9992980957031,284.4533386230469,290.2752380371094,291.35028076171875,293.1499938964844,293.1499938964844,278.1499938964844,0.0,18000.0,313.1499938964844,0.0,18000.0,0.0,0.0,0.0,0.0,0.0,0.0,0.0,0.0,0.0,-0.0,-0.0,0.0,-5.2805772432836115e-21,-2.6402886216418057e-21,-2.6402886216418057e-21,0.0,0.0,-0.0,0.0,0.0,0.0,-0.0,0.0,0.0,0.0,0.0,0.0,4.0,0.0,0.0
12269340,298.50250244140625,303.1499938964844,285.1499938964844,0.0,-0.0,285.08331298828125,0.0,0.0,9.099843737203628e-05,298.4666442871094,303.1499938964844,285.1499938964844,0.0,-0.0,285.0834350585937,0.0,0.0,9.582579514244571e-05,299.00244140625,303.1499938964844,285.1499938964844,0.0,-0.0,285.08331298828125,0.0,0.0,7.077664486132562e-05,298.2767333984375,303.1499938964844,285.1499938964844,0.0,-0.0,285.08331298828125,0.0,0.0,9.58257442107424e-05,298.4383544921875,303.1499938964844,285.1499938964844,0.0,-0.0,285.08282470703125,0.0,0.0,0.0004545556148514,285.07012939453125,294.1499938964844,287.8967590332031,283.2172241210937,290.156494140625,288.3650207519531,285.2803649902344,0.0,0.0,0.0,0.0,1.0,1.0,-0.0009696017368696,2.309670898981153e-09,0.0009695994667708,-0.0051024998538196,0.0,0.0,0.0,-0.0059578134678304,60.0,1.7613309621810913,-0.0,-6.409828756659408e-08,0.0,282.9992980957031,284.4533386230469,290.2752380371094,291.35028076171875,293.1499938964844,293.1499938964844,278.1499938964844,0.0,18000.0,313.1499938964844,0.0,18000.0,0.0,0.0,0.0,0.0,0.0,0.0,0.0,0.0,0.0,-0.0,-0.0,0.0,-5.2805772432836115e-21,-2.6402886216418057e-21,-2.6402886216418057e-21,0.0,0.0,-0.0,0.0,0.0,0.0,-0.0,0.0,0.0,0.0,0.0,0.0,4.0,0.0,0.0
12269400,298.50250244140625,303.1499938964844,285.1499938964844,0.0,-0.0,285.08331298828125,0.0,0.0,9.099843737203628e-05,298.4666442871094,303.1499938964844,285.1499938964844,0.0,-0.0,285.0834350585937,0.0,0.0,9.582579514244571e-05,299.00244140625,303.1499938964844,285.1499938964844,0.0,-0.0,285.08331298828125,0.0,0.0,7.077664486132562e-05,298.2767333984375,303.1499938964844,285.1499938964844,0.0,-0.0,285.08331298828125,0.0,0.0,9.58257442107424e-05,298.4383544921875,303.1499938964844,285.1499938964844,0.0,-0.0,285.08282470703125,0.0,0.0,0.0004545556148514,285.07012939453125,294.1499938964844,287.8967590332031,283.2172241210937,290.156494140625,288.3650207519531,285.2803649902344,0.0,0.0,0.0,0.0,1.0,1.0,-0.0009696017368696,2.309670898981153e-09,0.0009695994667708,-0.0051024998538196,0.0,0.0,0.0,-0.0059578134678304,60.0,1.7613309621810913,-0.0,-6.409828756659408e-08,0.0,282.9992980957031,284.4533386230469,290.2752380371094,291.35028076171875,293.1499938964844,293.1499938964844,278.1499938964844,0.0,18000.0,313.1499938964844,0.0,18000.0,0.0,0.0,0.0,0.0,0.0,0.0,0.0,0.0,0.0,-0.0,-0.0,0.0,-5.2805772432836115e-21,-2.6402886216418057e-21,-2.6402886216418057e-21,0.0,0.0,-0.0,0.0,0.0,0.0,-0.0,0.0,0.0,0.0,0.0,0.0,4.0,0.0,0.0
12269460,298.4995422363281,303.1499938964844,285.1499938964844,0.0,-0.0,285.083984375,0.0,0.0,9.105808567255735e-05,298.4630432128906,303.1499938964844,285.1499938964844,0.0,-0.0,285.0840759277344,0.0,0.0,9.588860120857134e-05,298.9991149902344,303.1499938964844,285.1499938964844,0.0,-0.0,285.083984375,0.0,0.0,7.082302909111604e-05,298.27264404296875,303.1499938964844,285.1499938964844,0.0,-0.0,285.083984375,0.0,0.0,9.588855027686805e-05,298.4369812011719,303.1499938964844,285.1499938964844,0.0,-0.0,285.08349609375,0.0,0.0,0.0004548535507638,285.0712890625,294.1499938964844,287.8323974609375,283.1937255859375,290.1170959472656,288.3283386230469,285.281982421875,0.0,0.0,0.0,0.0,1.0,1.0,-0.0009702369570732,2.38394814999765e-09,0.0009702345705591,-0.0052971332333981,0.0,0.0,0.0,-0.0059946356341242,60.0,1.7199372053146362,-0.0,-6.418230213967038e-08,0.0,282.9992980957031,284.4533386230469,290.2752380371094,291.35028076171875,293.1499938964844,293.1499938964844,278.1499938964844,0.0,18000.0,313.1499938964844,0.0,18000.0,0.0,0.0,0.0,0.0,0.0,0.0,0.0,0.0,0.0,-0.0,-0.0,0.0,-5.2805772432836115e-21,-2.6402886216418057e-21,-2.6402886216418057e-21,0.0,0.0,-0.0,0.0,0.0,0.0,-0.0,0.0,0.0,0.0,0.0,0.0,4.0,0.0,0.0
12269520,298.4995422363281,303.1499938964844,285.1499938964844,0.0,-0.0,285.083984375,0.0,0.0,9.105808567255735e-05,298.4630432128906,303.1499938964844,285.1499938964844,0.0,-0.0,285.0840759277344,0.0,0.0,9.588860120857134e-05,298.9991149902344,303.1499938964844,285.1499938964844,0.0,-0.0,285.083984375,0.0,0.0,7.082302909111604e-05,298.27264404296875,303.1499938964844,285.1499938964844,0.0,-0.0,285.083984375,0.0,0.0,9.588855027686805e-05,298.4369812011719,303.1499938964844,285.1499938964844,0.0,-0.0,285.08349609375,0.0,0.0,0.0004548535507638,285.0712890625,294.1499938964844,287.8323974609375,283.1937255859375,290.1170959472656,288.3283386230469,285.281982421875,0.0,0.0,0.0,0.0,1.0,1.0,-0.0009702369570732,2.38394814999765e-09,0.0009702345705591,-0.0052971332333981,0.0,0.0,0.0,-0.0059946356341242,60.0,1.7199372053146362,-0.0,-6.418230213967038e-08,0.0,282.9992980957031,284.4533386230469,290.2752380371094,291.35028076171875,293.1499938964844,293.1499938964844,278.1499938964844,0.0,18000.0,313.1499938964844,0.0,18000.0,0.0,0.0,0.0,0.0,0.0,0.0,0.0,0.0,0.0,-0.0,-0.0,0.0,-5.2805772432836115e-21,-2.6402886216418057e-21,-2.6402886216418057e-21,0.0,0.0,-0.0,0.0,0.0,0.0,-0.0,0.0,0.0,0.0,0.0,0.0,4.0,0.0,0.0
12269580,298.49627685546875,303.1499938964844,285.1499938964844,0.0,-0.0,285.08465576171875,0.0,0.0,9.113518899539486e-05,298.4593505859375,303.1499938964844,285.1499938964844,0.0,-0.0,285.0847473144531,0.0,0.0,9.596979361958802e-05,298.9956970214844,303.1499938964844,285.1499938964844,0.0,-0.0,285.08465576171875,0.0,0.0,7.088299753377214e-05,298.26806640625,303.1499938964844,285.1499938964844,0.0,-0.0,285.08465576171875,0.0,0.0,9.596974268788472e-05,298.4354248046875,303.1499938964844,285.1499938964844,0.0,-0.0,285.08416748046875,0.0,0.0,0.000455238710856,285.0724792480469,294.1499938964844,287.7646484375,283.16766357421875,290.0771179199219,288.2869567871094,285.2835693359375,0.0,0.0,0.0,0.0,1.0,1.0,-0.0009710581507533,2.479977556646417e-09,0.0009710557060316,-0.0055487640202045,0.0,0.0,0.0,-0.0060422415845096,60.0,1.6762001514434814,-0.0,-6.429100807281429e-08,0.0,282.9992980957031,284.4533386230469,290.2752380371094,291.35028076171875,293.1499938964844,293.1499938964844,278.1499938964844,0.0,18000.0,313.1499938964844,0.0,18000.0,0.0,0.0,0.0,0.0,0.0,0.0,0.0,0.0,0.0,-0.0,-0.0,0.0,-5.2805772432836115e-21,-2.6402886216418057e-21,-2.6402886216418057e-21,0.0,0.0,-0.0,0.0,0.0,0.0,-0.0,0.0,0.0,0.0,0.0,0.0,4.0,0.0,0.0
12269640,298.49627685546875,303.1499938964844,285.1499938964844,0.0,-0.0,285.08465576171875,0.0,0.0,9.113518899539486e-05,298.4593505859375,303.1499938964844,285.1499938964844,0.0,-0.0,285.0847473144531,0.0,0.0,9.596979361958802e-05,298.9956970214844,303.1499938964844,285.1499938964844,0.0,-0.0,285.08465576171875,0.0,0.0,7.088299753377214e-05,298.26806640625,303.1499938964844,285.1499938964844,0.0,-0.0,285.08465576171875,0.0,0.0,9.596974268788472e-05,298.4354248046875,303.1499938964844,285.1499938964844,0.0,-0.0,285.08416748046875,0.0,0.0,0.000455238710856,285.0724792480469,294.1499938964844,287.7646484375,283.16766357421875,290.0771179199219,288.2869567871094,285.2835693359375,0.0,0.0,0.0,0.0,1.0,1.0,-0.0009710581507533,2.479977556646417e-09,0.0009710557060316,-0.0055487640202045,0.0,0.0,0.0,-0.0060422415845096,60.0,1.6762001514434814,-0.0,-6.429100807281429e-08,0.0,282.9992980957031,284.4533386230469,290.2752380371094,291.35028076171875,293.1499938964844,293.1499938964844,278.1499938964844,0.0,18000.0,313.1499938964844,0.0,18000.0,0.0,0.0,0.0,0.0,0.0,0.0,0.0,0.0,0.0,-0.0,-0.0,0.0,-5.2805772432836115e-21,-2.6402886216418057e-21,-2.6402886216418057e-21,0.0,0.0,-0.0,0.0,0.0,0.0,-0.0,0.0,0.0,0.0,0.0,0.0,4.0,0.0,0.0
12269700,298.4945678710937,303.1499938964844,285.1499938964844,0.0,-0.0,285.0849914550781,0.0,0.0,9.117924491874874e-05,298.4574584960937,303.1499938964844,285.1499938964844,0.0,-0.0,285.0851135253906,0.0,0.0,9.601618512533604e-05,298.99395751953125,303.1499938964844,285.1499938964844,0.0,-0.0,285.0849914550781,0.0,0.0,7.091726729413494e-05,298.2655944824219,303.1499938964844,285.1499938964844,0.0,-0.0,285.0849914550781,0.0,0.0,9.601613419363277e-05,298.4346008300781,303.1499938964844,285.1499938964844,0.0,-0.0,285.0845031738281,0.0,0.0,0.0004554587940219,285.0730895996094,294.1499938964844,287.72967529296875,283.1537780761719,290.05694580078125,288.26470947265625,285.28436279296875,0.0,0.0,0.0,0.0,1.0,1.0,-0.0009715274209156,2.534848775326281e-09,0.0009715248597785,-0.0056925453245639,0.0,0.0,0.0,-0.0060694431886076,60.0,1.6537208557128906,-0.0,-6.435315924591123e-08,0.0,282.9992980957031,284.4533386230469,290.2752380371094,291.35028076171875,293.1499938964844,293.1499938964844,278.1499938964844,0.0,18000.0,313.1499938964844,0.0,18000.0,0.0,0.0,0.0,0.0,0.0,0.0,0.0,0.0,0.0,-0.0,-0.0,0.0,-5.2805772432836115e-21,-2.6402886216418057e-21,-2.6402886216418057e-21,0.0,0.0,-0.0,0.0,0.0,0.0,-0.0,0.0,0.0,0.0,0.0,0.0,4.0,0.0,0.0
12269760,298.4927978515625,303.1499938964844,285.1499938964844,0.0,-0.0,285.0853271484375,0.0,0.0,9.122812480200082e-05,298.4555358886719,303.1499938964844,285.1499938964844,0.0,-0.0,285.08544921875,0.0,0.0,9.60676625254564e-05,298.9921569824219,303.1499938964844,285.1499938964844,0.0,-0.0,285.0853576660156,0.0,0.0,7.095527689671144e-05,298.2629699707031,303.1499938964844,285.1499938964844,0.0,-0.0,285.0853576660156,0.0,0.0,9.60676115937531e-05,298.4337158203125,303.1499938964844,285.1499938964844,0.0,-0.0,285.0848693847656,0.0,0.0,0.0004557029460556,285.0736694335937,294.1499938964844,287.6940612792969,283.139404296875,290.03662109375,288.2410583496094,285.28515625,0.0,0.0,0.0,0.0,1.0,1.0,-0.0009720480302348,2.5957291871492316e-09,0.0009720454690977,-0.0058520729653537,0.0,0.0,0.0,-0.0060996245592832,60.0,1.6307752132415771,-0.0,-6.442215294555353e-08,0.0,282.9992980957031,284.4533386230469,290.2752380371094,291.35028076171875,293.1499938964844,293.1499938964844,278.1499938964844,0.0,18000.0,313.1499938964844,0.0,18000.0,0.0,0.0,0.0,0.0,0.0,0.0,0.0,0.0,0.0,-0.0,-0.0,0.0,-5.2805772432836115e-21,-2.6402886216418057e-21,-2.6402886216418057e-21,0.0,0.0,-0.0,0.0,0.0,0.0,-0.0,0.0,0.0,0.0,0.0,0.0,4.0,0.0,0.0
12269820,298.490478515625,303.1499938964844,285.1499938964844,0.0,-0.0,285.0857849121094,0.0,0.0,9.129635145654902e-05,298.4530639648437,303.1499938964844,285.1499938964844,0.0,-0.0,285.0859069824219,0.0,0.0,9.613950533093885e-05,298.9898376464844,303.1499938964844,285.1499938964844,0.0,-0.0,285.0857849121094,0.0,0.0,7.100834773154929e-05,298.2594909667969,303.1499938964844,285.1499938964844,0.0,-0.0,285.0858154296875,0.0,0.0,9.613945439923556e-05,298.4325561523437,303.1499938964844,285.1499938964844,0.0,-0.0,285.0853271484375,0.0,0.0,0.0004560437519103,285.074462890625,294.1499938964844,287.6476135253906,283.1203308105469,290.0104064941406,288.2090759277344,285.2861633300781,0.0,0.0,0.0,0.0,1.0,1.0,-0.000972774811089,2.6807140951490283e-09,0.0009727721335366,-0.00607476150617,0.0,0.0,0.0,-0.0061417547985911,60.0,1.600905418395996,-0.0,-6.451853096223203e-08,0.0,282.9992980957031,284.4533386230469,290.2752380371094,291.35028076171875,293.1499938964844,293.1499938964844,278.1499938964844,0.0,18000.0,313.1499938964844,0.0,18000.0,0.0,0.0,0.0,0.0,0.0,0.0,0.0,0.0,0.0,-0.0,-0.0,0.0,-5.2805772432836115e-21,-2.6402886216418057e-21,-2.6402886216418057e-21,0.0,0.0,-0.0,0.0,0.0,0.0,-0.0,0.0,0.0,0.0,0.0,0.0,4.0,0.0,0.0
12269880,298.4891357421875,303.1499938964844,285.1499938964844,0.0,-0.0,285.0860595703125,0.0,0.0,9.133765706792474e-05,298.4516296386719,303.1499938964844,285.1499938964844,0.0,-0.0,285.0861511230469,0.0,0.0,9.618300828151404e-05,298.988525390625,303.1499938964844,285.1499938964844,0.0,-0.0,285.0860595703125,0.0,0.0,7.104047108441591e-05,298.2574462890625,303.1499938964844,285.1499938964844,0.0,-0.0,285.0860595703125,0.0,0.0,9.618295734981076e-05,298.4318542480469,303.1499938964844,285.1499938964844,0.0,-0.0,285.0855712890625,0.0,0.0,0.0004562500980682,285.07489013671875,294.1499938964844,287.62109375,283.1093139648437,289.9955749511719,288.19024658203125,285.2867126464844,0.0,0.0,0.0,0.0,1.0,1.0,-0.0009732148610055,2.732164938734627e-09,0.0009732121252454,-0.0062095788307487,0.0,0.0,0.0,-0.0061672613956034,60.0,1.5838690996170044,-0.0,-6.457690915340208e-08,0.0,282.9992980957031,284.4533386230469,290.2752380371094,291.35028076171875,293.1499938964844,293.1499938964844,278.1499938964844,0.0,18000.0,313.1499938964844,0.0,18000.0,0.0,0.0,0.0,0.0,0.0,0.0,0.0,0.0,0.0,-0.0,-0.0,0.0,-5.2805772432836115e-21,-2.6402886216418057e-21,-2.6402886216418057e-21,0.0,0.0,-0.0,0.0,0.0,0.0,-0.0,0.0,0.0,0.0,0.0,0.0,4.0,0.0,0.0
12269940,298.4853210449219,303.1499938964844,285.1499938964844,0.0,-0.0,285.0867919921875,0.0,0.0,9.14633783395402e-05,298.4476318359375,303.1499938964844,285.1499938964844,0.0,-0.0,285.0868835449219,0.0,0.0,9.631539433030412e-05,298.9847717285156,303.1499938964844,285.1499938964844,0.0,-0.0,285.0867919921875,0.0,0.0,7.113825267879292e-05,298.2513427734375,303.1499938964844,285.1499938964844,0.0,-0.0,285.0867919921875,0.0,0.0,9.631534339860082e-05,298.4298095703125,303.1499938964844,285.1499938964844,0.0,-0.0,285.0863037109375,0.0,0.0,0.0004568781005218,285.0761108398437,294.1499938964844,287.5462951660156,283.07769775390625,289.9538879394531,288.13336181640625,285.2882385253906,0.0,0.0,0.0,0.0,1.0,1.0,-0.0009745541028678,2.8887630065810303e-09,0.0009745511924847,-0.0066199139691889,0.0,0.0,0.0,-0.0062448936514556,60.0,1.5356115102767944,-0.0,-6.47547651055902e-08,0.0,282.9992980957031,284.4533386230469,290.2752380371094,291.35028076171875,293.1499938964844,293.1499938964844,278.1499938964844,0.0,18000.0,313.1499938964844,0.0,18000.0,0.0,0.0,0.0,0.0,0.0,0.0,0.0,0.0,0.0,-0.0,-0.0,0.0,-5.2805772432836115e-21,-2.6402886216418057e-21,-2.6402886216418057e-21,0.0,0.0,-0.0,0.0,0.0,0.0,-0.0,0.0,0.0,0.0,0.0,0.0,4.0,0.0,0.0
12270000,298.4853210449219,303.1499938964844,285.1499938964844,0.0,-0.0,285.0867919921875,0.0,0.0,9.14633783395402e-05,298.4476318359375,303.1499938964844,285.1499938964844,0.0,-0.0,285.0868835449219,0.0,0.0,9.631539433030412e-05,298.9847717285156,303.1499938964844,285.1499938964844,0.0,-0.0,285.0867919921875,0.0,0.0,7.113825267879292e-05,298.2513427734375,303.1499938964844,285.1499938964844,0.0,-0.0,285.0867919921875,0.0,0.0,9.631534339860082e-05,298.4298095703125,303.1499938964844,285.1499938964844,0.0,-0.0,285.0863037109375,0.0,0.0,0.0004568781005218,285.0761108398437,294.1499938964844,287.5462951660156,283.07769775390625,289.9538879394531,288.13336181640625,285.2882385253906,0.0,0.0,0.0,0.0,1.0,1.0,-0.0009745541028678,2.8887630065810303e-09,0.0009745511924847,-0.0066199139691889,0.0,0.0,0.0,-0.0062448936514556,60.0,1.5356115102767944,-0.0,-6.47547651055902e-08,0.0,282.9992980957031,284.4533386230469,290.2752380371094,291.35028076171875,293.1499938964844,293.1499938964844,278.1499938964844,0.0,18000.0,313.1499938964844,0.0,18000.0,0.0,0.0,0.0,0.0,0.0,0.0,0.0,0.0,0.0,-0.0,-0.0,0.0,-5.2805772432836115e-21,-2.6402886216418057e-21,-2.6402886216418057e-21,0.0,0.0,-0.0,0.0,0.0,0.0,-0.0,0.0,0.0,0.0,0.0,0.0,4.0,0.0,0.0
12270060,298.4813842773437,303.1499938964844,285.1499938964844,0.0,-0.0,285.0875244140625,0.0,0.0,9.160527406493202e-05,298.4434509277344,303.1499938964844,285.1499938964844,0.0,-0.0,285.0876159667969,0.0,0.0,9.64648206718266e-05,298.9808654785156,303.1499938964844,285.1499938964844,0.0,-0.0,285.0875244140625,0.0,0.0,7.124862167984247e-05,298.24462890625,303.1499938964844,285.1499938964844,0.0,-0.0,285.0875244140625,0.0,0.0,9.64647697401233e-05,298.42755126953125,303.1499938964844,285.1499938964844,0.0,-0.0,285.0870666503906,0.0,0.0,0.0004575869243126,285.0773620605469,294.1499938964844,287.4701538085937,283.04498291015625,289.9114685058594,288.0696105957031,285.2897644042969,0.0,0.0,0.0,0.0,1.0,1.0,-0.0009760657558217,3.065522058420811e-09,0.0009760626708157,-0.0070830727927386,0.0,0.0,0.0,-0.0063325208611786,60.0,1.4863852262496948,-0.0,-6.495581317267354e-08,0.0,282.9992980957031,284.4533386230469,290.2752380371094,291.35028076171875,293.1499938964844,293.1499938964844,278.1499938964844,0.0,18000.0,313.1499938964844,0.0,18000.0,0.0,0.0,0.0,0.0,0.0,0.0,0.0,0.0,0.0,-0.0,-0.0,0.0,-5.2805772432836115e-21,-2.6402886216418057e-21,-2.6402886216418057e-21,0.0,0.0,-0.0,0.0,0.0,0.0,-0.0,0.0,0.0,0.0,0.0,0.0,4.0,0.0,0.0
12270120,298.4813842773437,303.1499938964844,285.1499938964844,0.0,-0.0,285.0875244140625,0.0,0.0,9.160527406493202e-05,298.4434509277344,303.1499938964844,285.1499938964844,0.0,-0.0,285.0876159667969,0.0,0.0,9.64648206718266e-05,298.9808654785156,303.1499938964844,285.1499938964844,0.0,-0.0,285.0875244140625,0.0,0.0,7.124862167984247e-05,298.24462890625,303.1499938964844,285.1499938964844,0.0,-0.0,285.0875244140625,0.0,0.0,9.64647697401233e-05,298.42755126953125,303.1499938964844,285.1499938964844,0.0,-0.0,285.0870666503906,0.0,0.0,0.0004575869243126,285.0773620605469,294.1499938964844,287.4701538085937,283.04498291015625,289.9114685058594,288.0696105957031,285.2897644042969,0.0,0.0,0.0,0.0,1.0,1.0,-0.0009760657558217,3.065522058420811e-09,0.0009760626708157,-0.0070830727927386,0.0,0.0,0.0,-0.0063325208611786,60.0,1.4863852262496948,-0.0,-6.495581317267354e-08,0.0,282.9992980957031,284.4533386230469,290.2752380371094,291.35028076171875,293.1499938964844,293.1499938964844,278.1499938964844,0.0,18000.0,313.1499938964844,0.0,18000.0,0.0,0.0,0.0,0.0,0.0,0.0,0.0,0.0,0.0,-0.0,-0.0,0.0,-5.2805772432836115e-21,-2.6402886216418057e-21,-2.6402886216418057e-21,0.0,0.0,-0.0,0.0,0.0,0.0,-0.0,0.0,0.0,0.0,0.0,0.0,4.0,0.0,0.0
12270180,298.4774169921875,303.1499938964844,285.1499938964844,0.0,-0.0,285.0882873535156,0.0,0.0,9.176021558232604e-05,298.439208984375,303.1499938964844,285.1499938964844,0.0,-0.0,285.08837890625,0.0,0.0,9.662797674536704e-05,298.976806640625,303.1499938964844,285.1499938964844,0.0,-0.0,285.0882873535156,0.0,0.0,7.136912608984858e-05,298.2374572753906,303.1499938964844,285.1499938964844,0.0,-0.0,285.0882873535156,0.0,0.0,9.662793308962137e-05,298.42510986328125,303.1499938964844,285.1499938964844,0.0,-0.0,285.0878295898437,0.0,0.0,0.0004583608824759,285.07861328125,294.1499938964844,287.3931884765625,283.0114440917969,289.8684387207031,288.0,285.2912292480469,0.0,0.0,0.0,0.0,1.0,1.0,-0.0009777162922546,3.258530334449005e-09,0.0009777130326256,-0.0075888042338192,0.0,0.0,0.0,-0.0064282035455107,60.0,1.4365864992141724,-0.0,-6.517569772768185e-08,0.0,282.9992980957031,284.4533386230469,290.2752380371094,291.35028076171875,293.1499938964844,293.1499938964844,278.1499938964844,0.0,18000.0,313.1499938964844,0.0,18000.0,0.0,0.0,0.0,0.0,0.0,0.0,0.0,0.0,0.0,-0.0,-0.0,0.0,-5.2805772432836115e-21,-2.6402886216418057e-21,-2.6402886216418057e-21,0.0,0.0,-0.0,0.0,0.0,0.0,-0.0,0.0,0.0,0.0,0.0,0.0,4.0,0.0,0.0
12270240,298.4774169921875,303.1499938964844,285.1499938964844,0.0,-0.0,285.0882873535156,0.0,0.0,9.176021558232604e-05,298.439208984375,303.1499938964844,285.1499938964844,0.0,-0.0,285.08837890625,0.0,0.0,9.662797674536704e-05,298.976806640625,303.1499938964844,285.1499938964844,0.0,-0.0,285.0882873535156,0.0,0.0,7.136912608984858e-05,298.2374572753906,303.1499938964844,285.1499938964844,0.0,-0.0,285.0882873535156,0.0,0.0,9.662793308962137e-05,298.42510986328125,303.1499938964844,285.1499938964844,0.0,-0.0,285.0878295898437,0.0,0.0,0.0004583608824759,285.07861328125,294.1499938964844,287.3931884765625,283.0114440917969,289.8684387207031,288.0,285.2912292480469,0.0,0.0,0.0,0.0,1.0,1.0,-0.0009777162922546,3.258530334449005e-09,0.0009777130326256,-0.0075888042338192,0.0,0.0,0.0,-0.0064282035455107,60.0,1.4365864992141724,-0.0,-6.517569772768185e-08,0.0,282.9992980957031,284.4533386230469,290.2752380371094,291.35028076171875,293.1499938964844,293.1499938964844,278.1499938964844,0.0,18000.0,313.1499938964844,0.0,18000.0,0.0,0.0,0.0,0.0,0.0,0.0,0.0,0.0,0.0,-0.0,-0.0,0.0,-5.2805772432836115e-21,-2.6402886216418057e-21,-2.6402886216418057e-21,0.0,0.0,-0.0,0.0,0.0,0.0,-0.0,0.0,0.0,0.0,0.0,0.0,4.0,0.0,0.0
12270300,298.4754333496094,303.1499938964844,285.1499938964844,0.0,-0.0,285.08868408203125,0.0,0.0,9.184201917378232e-05,298.4370422363281,303.1499938964844,285.1499938964844,0.0,-0.0,285.0887756347656,0.0,0.0,9.671411680756135e-05,298.9747009277344,303.1499938964844,285.1499938964844,0.0,-0.0,285.08868408203125,0.0,0.0,7.1432747063227e-05,298.2336730957031,303.1499938964844,285.1499938964844,0.0,-0.0,285.08868408203125,0.0,0.0,9.671406587585808e-05,298.423828125,303.1499938964844,285.1499938964844,0.0,-0.0,285.0882263183594,0.0,0.0,0.0004587695002555,285.0792541503906,294.1499938964844,287.3545837402344,282.9945068359375,289.8466796875,287.9630126953125,285.2919616699219,0.0,0.0,0.0,0.0,1.0,1.0,-0.0009785877773538,3.360427269782917e-09,0.0009785844013094,-0.0078557981178164,0.0,0.0,0.0,-0.0064787180162966,60.0,1.4115352630615234,-0.0,-6.529193541382483e-08,0.0,282.9992980957031,284.4533386230469,290.2752380371094,291.35028076171875,293.1499938964844,293.1499938964844,278.1499938964844,0.0,18000.0,313.1499938964844,0.0,18000.0,0.0,0.0,0.0,0.0,0.0,0.0,0.0,0.0,0.0,-0.0,-0.0,0.0,-5.2805772432836115e-21,-2.6402886216418057e-21,-2.6402886216418057e-21,0.0,0.0,-0.0,0.0,0.0,0.0,-0.0,0.0,0.0,0.0,0.0,0.0,4.0,0.0,0.0
12270360,298.4734802246094,303.1499938964844,285.1499938964844,0.0,-0.0,285.0890808105469,0.0,0.0,9.192719153361396e-05,298.4348449707031,303.1499938964844,285.1499938964844,0.0,-0.0,285.08917236328125,0.0,0.0,9.680381481302902e-05,298.9725952148437,303.1499938964844,285.1499938964844,0.0,-0.0,285.0890808105469,0.0,0.0,7.149900193326175e-05,298.2297668457031,303.1499938964844,285.1499938964844,0.0,-0.0,285.0890808105469,0.0,0.0,9.680376388132572e-05,298.4224853515625,303.1499938964844,285.1499938964844,0.0,-0.0,285.088623046875,0.0,0.0,0.000459194969153,285.07989501953125,294.1499938964844,287.31591796875,282.9775085449219,289.82476806640625,287.9243469238281,285.2926940917969,0.0,0.0,0.0,0.0,1.0,1.0,-0.0009794952347874,3.4665350590046273e-09,0.0009794917423278,-0.0081338239833712,0.0,0.0,0.0,-0.0065313205122947,60.0,1.3864296674728394,-0.0,-6.541308295027194e-08,0.0,282.9992980957031,284.4533386230469,290.2752380371094,291.35028076171875,293.1499938964844,293.1499938964844,278.1499938964844,0.0,18000.0,313.1499938964844,0.0,18000.0,0.0,0.0,0.0,0.0,0.0,0.0,0.0,0.0,0.0,-0.0,-0.0,0.0,-5.2805772432836115e-21,-2.6402886216418057e-21,-2.6402886216418057e-21,0.0,0.0,-0.0,0.0,0.0,0.0,-0.0,0.0,0.0,0.0,0.0,0.0,4.0,0.0,0.0
12270420,298.4696044921875,303.1499938964844,285.1499938964844,0.0,-0.0,285.0898742675781,0.0,0.0,9.210424468619748e-05,298.43035888671875,303.1499938964844,285.1499938964844,0.0,-0.0,285.0899658203125,0.0,0.0,9.699025395093486e-05,298.9682312011719,303.1499938964844,285.1499938964844,0.0,-0.0,285.0898742675781,0.0,0.0,7.163669943111017e-05,298.2215881347656,303.1499938964844,285.1499938964844,0.0,-0.0,285.0898742675781,0.0,0.0,9.699020301923156e-05,298.419677734375,303.1499938964844,285.1499938964844,0.0,-0.0,285.08941650390625,0.0,0.0,0.0004600793763529,285.0812072753906,294.1499938964844,287.2388610839844,282.94354248046875,289.78045654296875,287.8431701660156,285.2941589355469,0.0,0.0,0.0,0.0,1.0,1.0,-0.0009813813958317,3.687084859649303e-09,0.0009813776705414,-0.0087117059156298,0.0,0.0,0.0,-0.0066406563855707,60.0,1.3362005949020386,-0.0,-6.56652545671932e-08,0.0,282.9992980957031,284.4533386230469,290.2752380371094,291.35028076171875,293.1499938964844,293.1499938964844,278.1499938964844,0.0,18000.0,313.1499938964844,0.0,18000.0,0.0,0.0,0.0,0.0,0.0,0.0,0.0,0.0,0.0,-0.0,-0.0,0.0,-5.2805772432836115e-21,-2.6402886216418057e-21,-2.6402886216418057e-21,0.0,0.0,-0.0,0.0,0.0,0.0,-0.0,0.0,0.0,0.0,0.0,0.0,4.0,0.0,0.0
12270480,298.4696044921875,303.1499938964844,285.1499938964844,0.0,-0.0,285.0898742675781,0.0,0.0,9.210424468619748e-05,298.43035888671875,303.1499938964844,285.1499938964844,0.0,-0.0,285.0899658203125,0.0,0.0,9.699025395093486e-05,298.9682312011719,303.1499938964844,285.1499938964844,0.0,-0.0,285.0898742675781,0.0,0.0,7.163669943111017e-05,298.2215881347656,303.1499938964844,285.1499938964844,0.0,-0.0,285.0898742675781,0.0,0.0,9.699020301923156e-05,298.419677734375,303.1499938964844,285.1499938964844,0.0,-0.0,285.08941650390625,0.0,0.0,0.0004600793763529,285.0812072753906,294.1499938964844,287.2388610839844,282.94354248046875,289.78045654296875,287.8431701660156,285.2941589355469,0.0,0.0,0.0,0.0,1.0,1.0,-0.0009813813958317,3.687084859649303e-09,0.0009813776705414,-0.0087117059156298,0.0,0.0,0.0,-0.0066406563855707,60.0,1.3362005949020386,-0.0,-6.56652545671932e-08,0.0,282.9992980957031,284.4533386230469,290.2752380371094,291.35028076171875,293.1499938964844,293.1499938964844,278.1499938964844,0.0,18000.0,313.1499938964844,0.0,18000.0,0.0,0.0,0.0,0.0,0.0,0.0,0.0,0.0,0.0,-0.0,-0.0,0.0,-5.2805772432836115e-21,-2.6402886216418057e-21,-2.6402886216418057e-21,0.0,0.0,-0.0,0.0,0.0,0.0,-0.0,0.0,0.0,0.0,0.0,0.0,4.0,0.0,0.0
12270540,298.4659118652344,303.1499938964844,285.1499938964844,0.0,-0.0,285.0906677246094,0.0,0.0,9.228863200405613e-05,298.42578125,303.1499938964844,285.1499938964844,0.0,-0.0,285.0907897949219,0.0,0.0,9.718442743178456e-05,298.9637451171875,303.1499938964844,285.1499938964844,0.0,-0.0,285.0906677246094,0.0,0.0,7.178011583164334e-05,298.2129211425781,303.1499938964844,285.1499938964844,0.0,-0.0,285.0906982421875,0.0,0.0,9.718437650008128e-05,298.41668701171875,303.1499938964844,285.1499938964844,0.0,-0.0,285.0902404785156,0.0,0.0,0.0004610004543792,285.0824890136719,294.1499938964844,287.1625061035156,282.9098815917969,289.7354431152344,287.7563171386719,285.2955627441406,0.0,0.0,0.0,0.0,1.0,1.0,-0.0009833457879722,3.916787338908989e-09,0.0009833419462665,-0.0093135619536042,0.0,0.0,0.0,-0.0067545301280915,60.0,1.286223292350769,-0.0,-6.592840406938194e-08,0.0,282.9992980957031,284.4533386230469,290.2752380371094,291.35028076171875,293.1499938964844,293.1499938964844,278.1499938964844,0.0,18000.0,313.1499938964844,0.0,18000.0,0.0,0.0,0.0,0.0,0.0,0.0,0.0,0.0,0.0,-0.0,-0.0,0.0,-5.2805772432836115e-21,-2.6402886216418057e-21,-2.6402886216418057e-21,0.0,0.0,-0.0,0.0,0.0,0.0,-0.0,0.0,0.0,0.0,0.0,0.0,4.0,0.0,0.0
12270600,298.4659118652344,303.1499938964844,285.1499938964844,0.0,-0.0,285.0906677246094,0.0,0.0,9.228863200405613e-05,298.42578125,303.1499938964844,285.1499938964844,0.0,-0.0,285.0907897949219,0.0,0.0,9.718442743178456e-05,298.9637451171875,303.1499938964844,285.1499938964844,0.0,-0.0,285.0906677246094,0.0,0.0,7.178011583164334e-05,298.2129211425781,303.1499938964844,285.1499938964844,0.0,-0.0,285.0906982421875,0.0,0.0,9.718437650008128e-05,298.41668701171875,303.1499938964844,285.1499938964844,0.0,-0.0,285.0902404785156,0.0,0.0,0.0004610004543792,285.0824890136719,294.1499938964844,287.1625061035156,282.9098815917969,289.7354431152344,287.7563171386719,285.2955627441406,0.0,0.0,0.0,0.0,1.0,1.0,-0.0009833457879722,3.916787338908989e-09,0.0009833419462665,-0.0093135619536042,0.0,0.0,0.0,-0.0067545301280915,60.0,1.286223292350769,-0.0,-6.592840406938194e-08,0.0,282.9992980957031,284.4533386230469,290.2752380371094,291.35028076171875,293.1499938964844,293.1499938964844,278.1499938964844,0.0,18000.0,313.1499938964844,0.0,18000.0,0.0,0.0,0.0,0.0,0.0,0.0,0.0,0.0,0.0,-0.0,-0.0,0.0,-5.2805772432836115e-21,-2.6402886216418057e-21,-2.6402886216418057e-21,0.0,0.0,-0.0,0.0,0.0,0.0,-0.0,0.0,0.0,0.0,0.0,0.0,4.0,0.0,0.0
12270660,298.4624328613281,303.1499938964844,285.1499938964844,0.0,-0.0,285.09149169921875,0.0,0.0,9.247685375157744e-05,298.4211120605469,303.1499938964844,285.1499938964844,0.0,-0.0,285.09161376953125,0.0,0.0,9.738263179315254e-05,298.9591369628906,303.1499938964844,285.1499938964844,0.0,-0.0,285.0915222167969,0.0,0.0,7.192651537479833e-05,298.2038879394531,303.1499938964844,285.1499938964844,0.0,-0.0,285.0915222167969,0.0,0.0,9.738258813740686e-05,298.4135437011719,303.1499938964844,285.1499938964844,0.0,-0.0,285.091064453125,0.0,0.0,0.0004619406536221,285.0838317871094,294.1499938964844,287.0873718261719,282.8768920898437,289.6898498535156,287.6654357910156,285.29693603515625,0.0,0.0,0.0,0.0,1.0,1.0,-0.0009853510418906,4.151260668550094e-09,0.0009853469673544,-0.0099279070273041,0.0,0.0,0.0,-0.0068707689642906,60.0,1.236714243888855,-0.0,-6.619756476311522e-08,0.0,282.9992980957031,284.4533386230469,290.2752380371094,291.35028076171875,293.1499938964844,293.1499938964844,278.1499938964844,0.0,18000.0,313.1499938964844,0.0,18000.0,0.0,0.0,0.0,0.0,0.0,0.0,0.0,0.0,0.0,-0.0,-0.0,0.0,-5.2805772432836115e-21,-2.6402886216418057e-21,-2.6402886216418057e-21,0.0,0.0,-0.0,0.0,0.0,0.0,-0.0,0.0,0.0,0.0,0.0,0.0,4.0,0.0,0.0
12270720,298.4624328613281,303.1499938964844,285.1499938964844,0.0,-0.0,285.09149169921875,0.0,0.0,9.247685375157744e-05,298.4211120605469,303.1499938964844,285.1499938964844,0.0,-0.0,285.09161376953125,0.0,0.0,9.738263179315254e-05,298.9591369628906,303.1499938964844,285.1499938964844,0.0,-0.0,285.0915222167969,0.0,0.0,7.192651537479833e-05,298.2038879394531,303.1499938964844,285.1499938964844,0.0,-0.0,285.0915222167969,0.0,0.0,9.738258813740686e-05,298.4135437011719,303.1499938964844,285.1499938964844,0.0,-0.0,285.091064453125,0.0,0.0,0.0004619406536221,285.0838317871094,294.1499938964844,287.0873718261719,282.8768920898437,289.6898498535156,287.6654357910156,285.29693603515625,0.0,0.0,0.0,0.0,1.0,1.0,-0.0009853510418906,4.151260668550094e-09,0.0009853469673544,-0.0099279070273041,0.0,0.0,0.0,-0.0068707689642906,60.0,1.236714243888855,-0.0,-6.619756476311522e-08,0.0,282.9992980957031,284.4533386230469,290.2752380371094,291.35028076171875,293.1499938964844,293.1499938964844,278.1499938964844,0.0,18000.0,313.1499938964844,0.0,18000.0,0.0,0.0,0.0,0.0,0.0,0.0,0.0,0.0,0.0,-0.0,-0.0,0.0,-5.2805772432836115e-21,-2.6402886216418057e-21,-2.6402886216418057e-21,0.0,0.0,-0.0,0.0,0.0,0.0,-0.0,0.0,0.0,0.0,0.0,0.0,4.0,0.0,0.0
12270780,298.45928955078125,303.1499938964844,285.1499938964844,0.0,-0.0,285.09234619140625,0.0,0.0,9.266618872061372e-05,298.4163513183594,303.1499938964844,285.1499938964844,0.0,-0.0,285.0924377441406,0.0,0.0,9.75820075836964e-05,298.9543762207031,303.1499938964844,285.1499938964844,0.0,-0.0,285.09234619140625,0.0,0.0,7.207376620499417e-05,298.1944885253906,303.1499938964844,285.1499938964844,0.0,-0.0,285.09234619140625,0.0,0.0,9.75819566519931e-05,298.41021728515625,303.1499938964844,285.1499938964844,0.0,-0.0,285.0919189453125,0.0,0.0,0.0004628864116966,285.0851745605469,294.1499938964844,287.0139465332031,282.8450012207031,289.64361572265625,287.57110595703125,285.2983093261719,0.0,0.0,0.0,0.0,1.0,1.0,-0.0009873681701719,4.387114227455413e-09,0.0009873637463897,-0.010545858182013,0.0,0.0,0.0,-0.0069876918569207,60.0,1.1881190538406372,-0.0,-6.646886419048317e-08,0.0,282.9992980957031,284.4533386230469,290.2752380371094,291.35028076171875,293.1499938964844,293.1499938964844,278.1499938964844,0.0,18000.0,313.1499938964844,0.0,18000.0,0.0,0.0,0.0,0.0,0.0,0.0,0.0,0.0,0.0,-0.0,-0.0,0.0,-5.2805772432836115e-21,-2.6402886216418057e-21,-2.6402886216418057e-21,0.0,0.0,-0.0,0.0,0.0,0.0,-0.0,0.0,0.0,0.0,0.0,0.0,4.0,0.0,0.0
12270840,298.45928955078125,303.1499938964844,285.1499938964844,0.0,-0.0,285.09234619140625,0.0,0.0,9.266618872061372e-05,298.4163513183594,303.1499938964844,285.1499938964844,0.0,-0.0,285.0924377441406,0.0,0.0,9.75820075836964e-05,298.9543762207031,303.1499938964844,285.1499938964844,0.0,-0.0,285.09234619140625,0.0,0.0,7.207376620499417e-05,298.1944885253906,303.1499938964844,285.1499938964844,0.0,-0.0,285.09234619140625,0.0,0.0,9.75819566519931e-05,298.41021728515625,303.1499938964844,285.1499938964844,0.0,-0.0,285.0919189453125,0.0,0.0,0.0004628864116966,285.0851745605469,294.1499938964844,287.0139465332031,282.8450012207031,289.64361572265625,287.57110595703125,285.2983093261719,0.0,0.0,0.0,0.0,1.0,1.0,-0.0009873681701719,4.387114227455413e-09,0.0009873637463897,-0.010545858182013,0.0,0.0,0.0,-0.0069876918569207,60.0,1.1881190538406372,-0.0,-6.646886419048317e-08,0.0,282.9992980957031,284.4533386230469,290.2752380371094,291.35028076171875,293.1499938964844,293.1499938964844,278.1499938964844,0.0,18000.0,313.1499938964844,0.0,18000.0,0.0,0.0,0.0,0.0,0.0,0.0,0.0,0.0,0.0,-0.0,-0.0,0.0,-5.2805772432836115e-21,-2.6402886216418057e-21,-2.6402886216418057e-21,0.0,0.0,-0.0,0.0,0.0,0.0,-0.0,0.0,0.0,0.0,0.0,0.0,4.0,0.0,0.0
12270900,298.45782470703125,303.1499938964844,285.1499938964844,0.0,-0.0,285.0927734375,0.0,0.0,9.27605215110816e-05,298.4139709472656,303.1499938964844,285.1499938964844,0.0,-0.0,285.0928649902344,0.0,0.0,9.768134623300284e-05,298.95196533203125,303.1499938964844,285.1499938964844,0.0,-0.0,285.0927734375,0.0,0.0,7.21471369615756e-05,298.189697265625,303.1499938964844,285.1499938964844,0.0,-0.0,285.0927734375,0.0,0.0,9.768129530129954e-05,298.40850830078125,303.1499938964844,285.1499938964844,0.0,-0.0,285.09234619140625,0.0,0.0,0.0004633576318155,285.0858459472656,294.1499938964844,286.9780578613281,282.82958984375,289.62030029296875,287.5231628417969,285.2989807128906,0.0,0.0,0.0,0.0,1.0,1.0,-0.0009883731836453,4.504631334611986e-09,0.0009883686434477,-0.010853755287826,0.0,0.0,0.0,-0.0070459502749145,60.0,1.1641830205917358,-0.0,-6.660424389792753e-08,0.0,282.9992980957031,284.4533386230469,290.2752380371094,291.35028076171875,293.1499938964844,293.1499938964844,278.1499938964844,0.0,18000.0,313.1499938964844,0.0,18000.0,0.0,0.0,0.0,0.0,0.0,0.0,0.0,0.0,0.0,-0.0,-0.0,0.0,-5.2805772432836115e-21,-2.6402886216418057e-21,-2.6402886216418057e-21,0.0,0.0,-0.0,0.0,0.0,0.0,-0.0,0.0,0.0,0.0,0.0,0.0,4.0,0.0,0.0
12270960,298.4564514160156,303.1499938964844,285.1499938964844,0.0,-0.0,285.0932006835937,0.0,0.0,9.285402484238148e-05,298.4115600585937,303.1499938964844,285.1499938964844,0.0,-0.0,285.09332275390625,0.0,0.0,9.77798117673956e-05,298.9495544433594,303.1499938964844,285.1499938964844,0.0,-0.0,285.0932312011719,0.0,0.0,7.221986743388698e-05,298.1848449707031,303.1499938964844,285.1499938964844,0.0,-0.0,285.0932312011719,0.0,0.0,9.77797681116499e-05,298.4067687988281,303.1499938964844,285.1499938964844,0.0,-0.0,285.0928039550781,0.0,0.0,0.0004638247191905,285.0865173339844,294.1499938964844,286.9428100585937,282.8145751953125,289.5968322753906,287.474853515625,285.2996520996094,0.0,0.0,0.0,0.0,1.0,1.0,-0.0009893693495541,4.621115934355657e-09,0.0009893648093566,-0.0111589441075921,0.0,0.0,0.0,-0.0071036969311535,60.0,1.1406066417694092,-0.0,-6.673857910755032e-08,0.0,282.9992980957031,284.4533386230469,290.2752380371094,291.35028076171875,293.1499938964844,293.1499938964844,278.1499938964844,0.0,18000.0,313.1499938964844,0.0,18000.0,0.0,0.0,0.0,0.0,0.0,0.0,0.0,0.0,0.0,-0.0,-0.0,0.0,-5.2805772432836115e-21,-2.6402886216418057e-21,-2.6402886216418057e-21,0.0,0.0,-0.0,0.0,0.0,0.0,-0.0,0.0,0.0,0.0,0.0,0.0,4.0,0.0,0.0
12271020,298.45465087890625,303.1499938964844,285.1499938964844,0.0,-0.0,285.0938415527344,0.0,0.0,9.298720397055148e-05,298.4080505371094,303.1499938964844,285.1499938964844,0.0,-0.0,285.09393310546875,0.0,0.0,9.792004857445136e-05,298.9460144042969,303.1499938964844,285.1499938964844,0.0,-0.0,285.0938415527344,0.0,0.0,7.232344796648249e-05,298.17779541015625,303.1499938964844,285.1499938964844,0.0,-0.0,285.0938415527344,0.0,0.0,9.792000491870569e-05,298.4042358398437,303.1499938964844,285.1499938964844,0.0,-0.0,285.0934143066406,0.0,0.0,0.0004644899745471,285.0874938964844,294.1499938964844,286.89324951171875,282.7937927246094,289.5628967285156,287.40509033203125,285.3005676269531,0.0,0.0,0.0,0.0,1.0,1.0,-0.0009907882194966,4.787018781371444e-09,0.0009907834464684,-0.011593603529036,0.0,0.0,0.0,-0.0071859424933791,60.0,1.107244849205017,-0.0,-6.69301343236839e-08,0.0,282.9992980957031,284.4533386230469,290.2752380371094,291.35028076171875,293.1499938964844,293.1499938964844,278.1499938964844,0.0,18000.0,313.1499938964844,0.0,18000.0,0.0,0.0,0.0,0.0,0.0,0.0,0.0,0.0,0.0,-0.0,-0.0,0.0,-5.2805772432836115e-21,-2.6402886216418057e-21,-2.6402886216418057e-21,0.0,0.0,-0.0,0.0,0.0,0.0,-0.0,0.0,0.0,0.0,0.0,0.0,4.0,0.0,0.0
12271080,298.4540100097656,303.1499938964844,285.1499938964844,0.0,-0.0,285.0940856933594,0.0,0.0,9.30383612285368e-05,298.4066772460937,303.1499938964844,285.1499938964844,0.0,-0.0,285.0941772460937,0.0,0.0,9.797391976462676e-05,298.9446105957031,303.1499938964844,285.1499938964844,0.0,-0.0,285.0940856933594,0.0,0.0,7.236323290271685e-05,298.1750183105469,303.1499938964844,285.1499938964844,0.0,-0.0,285.0940856933594,0.0,0.0,9.797387610888109e-05,298.4032287597656,303.1499938964844,285.1499938964844,0.0,-0.0,285.0936889648437,0.0,0.0,0.0004647455061785,285.087890625,294.1499938964844,286.8743896484375,282.7859802246094,289.54962158203125,287.3779602050781,285.3009338378906,0.0,0.0,0.0,0.0,1.0,1.0,-0.0009913332760334,4.850744694806508e-09,0.0009913283865898,-0.0117605626583099,0.0,0.0,0.0,-0.0072175338864326,60.0,1.0944738388061523,-0.0,-6.700378207824542e-08,0.0,282.9992980957031,284.4533386230469,290.2752380371094,291.35028076171875,293.1499938964844,293.1499938964844,278.1499938964844,0.0,18000.0,313.1499938964844,0.0,18000.0,0.0,0.0,0.0,0.0,0.0,0.0,0.0,0.0,0.0,-0.0,-0.0,0.0,-5.2805772432836115e-21,-2.6402886216418057e-21,-2.6402886216418057e-21,0.0,0.0,-0.0,0.0,0.0,0.0,-0.0,0.0,0.0,0.0,0.0,0.0,4.0,0.0,0.0
12271140,298.4519958496094,303.1499938964844,285.1499938964844,0.0,-0.0,285.094970703125,0.0,0.0,9.321722609456629e-05,298.4017639160156,303.1499938964844,285.1499938964844,0.0,-0.0,285.0950622558594,0.0,0.0,9.816227975534277e-05,298.9396057128906,303.1499938964844,285.1499938964844,0.0,-0.0,285.0950012207031,0.0,0.0,7.250235648825765e-05,298.1651611328125,303.1499938964844,285.1499938964844,0.0,-0.0,285.0950012207031,0.0,0.0,9.816222882363944e-05,298.39959716796875,303.1499938964844,285.1499938964844,0.0,-0.0,285.0945739746094,0.0,0.0,0.0004656389937736,285.0892639160156,294.1499938964844,286.80926513671875,282.7596435546875,289.501953125,287.2818298339844,285.3022155761719,0.0,0.0,0.0,0.0,1.0,1.0,-0.0009932388784363,5.073566455848777e-09,0.0009932337561622,-0.0123443333432078,0.0,0.0,0.0,-0.0073279966600239,60.0,1.0503689050674438,-0.0,-6.72616309316254e-08,0.0,282.9992980957031,284.4533386230469,290.2752380371094,291.35028076171875,293.1499938964844,293.1499938964844,278.1499938964844,0.0,18000.0,313.1499938964844,0.0,18000.0,0.0,0.0,0.0,0.0,0.0,0.0,0.0,0.0,0.0,-0.0,-0.0,0.0,-5.2805772432836115e-21,-2.6402886216418057e-21,-2.6402886216418057e-21,0.0,0.0,-0.0,0.0,0.0,0.0,-0.0,0.0,0.0,0.0,0.0,0.0,4.0,0.0,0.0
12271200,298.4519958496094,303.1499938964844,285.1499938964844,0.0,-0.0,285.094970703125,0.0,0.0,9.321722609456629e-05,298.4017639160156,303.1499938964844,285.1499938964844,0.0,-0.0,285.0950622558594,0.0,0.0,9.816227975534277e-05,298.9396057128906,303.1499938964844,285.1499938964844,0.0,-0.0,285.0950012207031,0.0,0.0,7.250235648825765e-05,298.1651611328125,303.1499938964844,285.1499938964844,0.0,-0.0,285.0950012207031,0.0,0.0,9.816222882363944e-05,298.39959716796875,303.1499938964844,285.1499938964844,0.0,-0.0,285.0945739746094,0.0,0.0,0.0004656389937736,285.0892639160156,294.1499938964844,286.80926513671875,282.7596435546875,289.501953125,287.2818298339844,285.3022155761719,0.0,0.0,0.0,0.0,1.0,1.0,-0.0009932388784363,5.073566455848777e-09,0.0009932337561622,-0.0123443333432078,0.0,0.0,0.0,-0.0073279966600239,60.0,1.0503689050674438,-0.0,-6.72616309316254e-08,0.0,282.9992980957031,284.4533386230469,290.2752380371094,291.35028076171875,293.1499938964844,293.1499938964844,278.1499938964844,0.0,18000.0,313.1499938964844,0.0,18000.0,0.0,0.0,0.0,0.0,0.0,0.0,0.0,0.0,0.0,-0.0,-0.0,0.0,-5.2805772432836115e-21,-2.6402886216418057e-21,-2.6402886216418057e-21,0.0,0.0,-0.0,0.0,0.0,0.0,-0.0,0.0,0.0,0.0,0.0,0.0,4.0,0.0,0.0
12271260,298.4503479003906,303.1499938964844,285.1499938964844,0.0,-0.0,285.09588623046875,0.0,0.0,9.33906267164275e-05,298.39678955078125,303.1499938964844,285.1499938964844,0.0,-0.0,285.0959777832031,0.0,0.0,9.834486991167068e-05,298.9345703125,303.1499938964844,285.1499938964844,0.0,-0.0,285.09588623046875,0.0,0.0,7.263721636263654e-05,298.1553039550781,303.1499938964844,285.1499938964844,0.0,-0.0,285.09588623046875,0.0,0.0,9.8344826255925e-05,298.3959350585937,303.1499938964844,285.1499938964844,0.0,-0.0,285.0954895019531,0.0,0.0,0.0004665051528718,285.0906677246094,294.1499938964844,286.7478942871094,282.73590087890625,289.4539489746094,287.18719482421875,285.303466796875,0.0,0.0,0.0,0.0,1.0,1.0,-0.0009950861567631,5.289574112055106e-09,0.0009950809180736,-0.012910240329802,0.0,0.0,0.0,-0.0074350810609757,60.0,1.0080912113189695,-0.0,-6.751206171884405e-08,0.0,282.9992980957031,284.4533386230469,290.2752380371094,291.35028076171875,293.1499938964844,293.1499938964844,278.1499938964844,0.0,18000.0,313.1499938964844,0.0,18000.0,0.0,0.0,0.0,0.0,0.0,0.0,0.0,0.0,0.0,-0.0,-0.0,0.0,-5.2805772432836115e-21,-2.6402886216418057e-21,-2.6402886216418057e-21,0.0,0.0,-0.0,0.0,0.0,0.0,-0.0,0.0,0.0,0.0,0.0,0.0,4.0,0.0,0.0
12271320,298.4503479003906,303.1499938964844,285.1499938964844,0.0,-0.0,285.09588623046875,0.0,0.0,9.33906267164275e-05,298.39678955078125,303.1499938964844,285.1499938964844,0.0,-0.0,285.0959777832031,0.0,0.0,9.834486991167068e-05,298.9345703125,303.1499938964844,285.1499938964844,0.0,-0.0,285.09588623046875,0.0,0.0,7.263721636263654e-05,298.1553039550781,303.1499938964844,285.1499938964844,0.0,-0.0,285.09588623046875,0.0,0.0,9.8344826255925e-05,298.3959350585937,303.1499938964844,285.1499938964844,0.0,-0.0,285.0954895019531,0.0,0.0,0.0004665051528718,285.0906677246094,294.1499938964844,286.7478942871094,282.73590087890625,289.4539489746094,287.18719482421875,285.303466796875,0.0,0.0,0.0,0.0,1.0,1.0,-0.0009950861567631,5.289574112055106e-09,0.0009950809180736,-0.012910240329802,0.0,0.0,0.0,-0.0074350810609757,60.0,1.0080912113189695,-0.0,-6.751206171884405e-08,0.0,282.9992980957031,284.4533386230469,290.2752380371094,291.35028076171875,293.1499938964844,293.1499938964844,278.1499938964844,0.0,18000.0,313.1499938964844,0.0,18000.0,0.0,0.0,0.0,0.0,0.0,0.0,0.0,0.0,0.0,-0.0,-0.0,0.0,-5.2805772432836115e-21,-2.6402886216418057e-21,-2.6402886216418057e-21,0.0,0.0,-0.0,0.0,0.0,0.0,-0.0,0.0,0.0,0.0,0.0,0.0,4.0,0.0,0.0
12271380,298.4491577148437,303.1499938964844,285.1499938964844,0.0,-0.0,285.0968017578125,0.0,0.0,9.35570351430215e-05,298.391845703125,303.1499938964844,285.1499938964844,0.0,-0.0,285.0968933105469,0.0,0.0,9.852011135080828e-05,298.92950439453125,303.1499938964844,285.1499938964844,0.0,-0.0,285.0968322753906,0.0,0.0,7.276664837263525e-05,298.1455993652344,303.1499938964844,285.1499938964844,0.0,-0.0,285.0968322753906,0.0,0.0,9.85200676950626e-05,298.3922119140625,303.1499938964844,285.1499938964844,0.0,-0.0,285.0964050292969,0.0,0.0,0.0004673364164773,285.0920715332031,294.1499938964844,286.6908264160156,282.71514892578125,289.4056701660156,287.0958557128906,285.3046875,0.0,0.0,0.0,0.0,1.0,1.0,-0.0009968590456992,5.496878063837585e-09,0.0009968535741791,-0.013453334569931,0.0,0.0,0.0,-0.0075378511101007,60.0,0.9686453342437744,-0.0,-6.775283623028372e-08,0.0,282.9992980957031,284.4533386230469,290.2752380371094,291.35028076171875,293.1499938964844,293.1499938964844,278.1499938964844,0.0,18000.0,313.1499938964844,0.0,18000.0,0.0,0.0,0.0,0.0,0.0,0.0,0.0,0.0,0.0,-0.0,-0.0,0.0,-5.2805772432836115e-21,-2.6402886216418057e-21,-2.6402886216418057e-21,0.0,0.0,-0.0,0.0,0.0,0.0,-0.0,0.0,0.0,0.0,0.0,0.0,4.0,0.0,0.0
12271440,298.4491577148437,303.1499938964844,285.1499938964844,0.0,-0.0,285.0968017578125,0.0,0.0,9.35570351430215e-05,298.391845703125,303.1499938964844,285.1499938964844,0.0,-0.0,285.0968933105469,0.0,0.0,9.852011135080828e-05,298.92950439453125,303.1499938964844,285.1499938964844,0.0,-0.0,285.0968322753906,0.0,0.0,7.276664837263525e-05,298.1455993652344,303.1499938964844,285.1499938964844,0.0,-0.0,285.0968322753906,0.0,0.0,9.85200676950626e-05,298.3922119140625,303.1499938964844,285.1499938964844,0.0,-0.0,285.0964050292969,0.0,0.0,0.0004673364164773,285.0920715332031,294.1499938964844,286.6908264160156,282.71514892578125,289.4056701660156,287.0958557128906,285.3046875,0.0,0.0,0.0,0.0,1.0,1.0,-0.0009968590456992,5.496878063837585e-09,0.0009968535741791,-0.013453334569931,0.0,0.0,0.0,-0.0075378511101007,60.0,0.9686453342437744,-0.0,-6.775283623028372e-08,0.0,282.9992980957031,284.4533386230469,290.2752380371094,291.35028076171875,293.1499938964844,293.1499938964844,278.1499938964844,0.0,18000.0,313.1499938964844,0.0,18000.0,0.0,0.0,0.0,0.0,0.0,0.0,0.0,0.0,0.0,-0.0,-0.0,0.0,-5.2805772432836115e-21,-2.6402886216418057e-21,-2.6402886216418057e-21,0.0,0.0,-0.0,0.0,0.0,0.0,-0.0,0.0,0.0,0.0,0.0,0.0,4.0,0.0,0.0
12271500,298.4486694335937,303.1499938964844,285.1499938964844,0.0,-0.0,285.0972900390625,0.0,0.0,9.363759454572572e-05,298.38934326171875,303.1499938964844,285.1499938964844,0.0,-0.0,285.0973815917969,0.0,0.0,9.860494174063206e-05,298.9269714355469,303.1499938964844,285.1499938964844,0.0,-0.0,285.0972900390625,0.0,0.0,7.282930164365098e-05,298.1408386230469,303.1499938964844,285.1499938964844,0.0,-0.0,285.0972900390625,0.0,0.0,9.860489808488636e-05,298.390380859375,303.1499938964844,285.1499938964844,0.0,-0.0,285.0968933105469,0.0,0.0,0.0004677388060372,285.0927734375,294.1499938964844,286.6640625,282.7060546875,289.3814392089844,287.0516052246094,285.3052978515625,0.0,0.0,0.0,0.0,1.0,1.0,-0.000997717375867,5.597229346676613e-09,0.0009977117879316,-0.0137162301689386,0.0,0.0,0.0,-0.0075875995680689,60.0,0.9499165415763856,-0.0,-6.786954998005967e-08,0.0,282.9992980957031,284.4533386230469,290.2752380371094,291.35028076171875,293.1499938964844,293.1499938964844,278.1499938964844,0.0,18000.0,313.1499938964844,0.0,18000.0,0.0,0.0,0.0,0.0,0.0,0.0,0.0,0.0,0.0,-0.0,-0.0,0.0,-5.2805772432836115e-21,-2.6402886216418057e-21,-2.6402886216418057e-21,0.0,0.0,-0.0,0.0,0.0,0.0,-0.0,0.0,0.0,0.0,0.0,0.0,4.0,0.0,0.0
12271560,298.4482727050781,303.1499938964844,285.1499938964844,0.0,-0.0,285.0977478027344,0.0,0.0,9.371619671583176e-05,298.3868713378906,303.1499938964844,285.1499938964844,0.0,-0.0,285.09783935546875,0.0,0.0,9.8687713034451e-05,298.9244384765625,303.1499938964844,285.1499938964844,0.0,-0.0,285.0977478027344,0.0,0.0,7.289043423952535e-05,298.1361389160156,303.1499938964844,285.1499938964844,0.0,-0.0,285.0977478027344,0.0,0.0,9.868766937870532e-05,298.3885192871094,303.1499938964844,285.1499938964844,0.0,-0.0,285.09735107421875,0.0,0.0,0.0004681314458139,285.0934753417969,294.1499938964844,286.6385498046875,282.6978454589844,289.357177734375,287.0085144042969,285.3058776855469,0.0,0.0,0.0,0.0,1.0,1.0,-0.0009985547512769,5.695143912021194e-09,0.0009985490469262,-0.0139727387577295,0.0,0.0,0.0,-0.0076361401006579,60.0,0.9319758415222168,-0.0,-6.79835210348756e-08,0.0,282.9992980957031,284.4533386230469,290.2752380371094,291.35028076171875,293.1499938964844,293.1499938964844,278.1499938964844,0.0,18000.0,313.1499938964844,0.0,18000.0,0.0,0.0,0.0,0.0,0.0,0.0,0.0,0.0,0.0,-0.0,-0.0,0.0,-5.2805772432836115e-21,-2.6402886216418057e-21,-2.6402886216418057e-21,0.0,0.0,-0.0,0.0,0.0,0.0,-0.0,0.0,0.0,0.0,0.0,0.0,4.0,0.0,0.0
12271620,298.44757080078125,303.1499938964844,285.1499938964844,0.0,-0.0,285.09869384765625,0.0,0.0,9.38666344154626e-05,298.3819274902344,303.1499938964844,285.1499938964844,0.0,-0.0,285.0987854003906,0.0,0.0,9.884613245958462e-05,298.9193725585937,303.1499938964844,285.1499938964844,0.0,-0.0,285.09869384765625,0.0,0.0,7.300744618987665e-05,298.12701416015625,303.1499938964844,285.1499938964844,0.0,-0.0,285.0987243652344,0.0,0.0,9.884608880383894e-05,298.3848571777344,303.1499938964844,285.1499938964844,0.0,-0.0,285.09832763671875,0.0,0.0,0.0004688829358201,285.09490966796875,294.1499938964844,286.59161376953125,282.684326171875,289.3086242675781,286.9260559082031,285.3070678710937,0.0,0.0,0.0,0.0,1.0,1.0,-0.0010001574410125,5.882552223113181e-09,0.0010001516202464,-0.0144636891782283,0.0,0.0,0.0,-0.0077290465123951,60.0,0.8985041975975037,-0.0,-6.820192766099353e-08,0.0,282.9992980957031,284.4533386230469,290.2752380371094,291.35028076171875,293.1499938964844,293.1499938964844,278.1499938964844,0.0,18000.0,313.1499938964844,0.0,18000.0,0.0,0.0,0.0,0.0,0.0,0.0,0.0,0.0,0.0,-0.0,-0.0,0.0,-5.2805772432836115e-21,-2.6402886216418057e-21,-2.6402886216418057e-21,0.0,0.0,-0.0,0.0,0.0,0.0,-0.0,0.0,0.0,0.0,0.0,0.0,4.0,0.0,0.0
12271680,298.44757080078125,303.1499938964844,285.1499938964844,0.0,-0.0,285.09869384765625,0.0,0.0,9.38666344154626e-05,298.3819274902344,303.1499938964844,285.1499938964844,0.0,-0.0,285.0987854003906,0.0,0.0,9.884613245958462e-05,298.9193725585937,303.1499938964844,285.1499938964844,0.0,-0.0,285.09869384765625,0.0,0.0,7.300744618987665e-05,298.12701416015625,303.1499938964844,285.1499938964844,0.0,-0.0,285.0987243652344,0.0,0.0,9.884608880383894e-05,298.3848571777344,303.1499938964844,285.1499938964844,0.0,-0.0,285.09832763671875,0.0,0.0,0.0004688829358201,285.09490966796875,294.1499938964844,286.59161376953125,282.684326171875,289.3086242675781,286.9260559082031,285.3070678710937,0.0,0.0,0.0,0.0,1.0,1.0,-0.0010001574410125,5.882552223113181e-09,0.0010001516202464,-0.0144636891782283,0.0,0.0,0.0,-0.0077290465123951,60.0,0.8985041975975037,-0.0,-6.820192766099353e-08,0.0,282.9992980957031,284.4533386230469,290.2752380371094,291.35028076171875,293.1499938964844,293.1499938964844,278.1499938964844,0.0,18000.0,313.1499938964844,0.0,18000.0,0.0,0.0,0.0,0.0,0.0,0.0,0.0,0.0,0.0,-0.0,-0.0,0.0,-5.2805772432836115e-21,-2.6402886216418057e-21,-2.6402886216418057e-21,0.0,0.0,-0.0,0.0,0.0,0.0,-0.0,0.0,0.0,0.0,0.0,0.0,4.0,0.0,0.0
12271740,298.44598388671875,303.1499938964844,285.1499938964844,0.0,-0.0,285.09967041015625,0.0,0.0,9.400631097378208e-05,298.37701416015625,303.1499938964844,285.1499938964844,0.0,-0.0,285.0997619628906,0.0,0.0,9.899321594275534e-05,298.91436767578125,303.1499938964844,285.1499938964844,0.0,-0.0,285.09967041015625,0.0,0.0,7.311608351301402e-05,298.1183166503906,303.1499938964844,285.1499938964844,0.0,-0.0,285.09967041015625,0.0,0.0,9.899317956296728e-05,298.3812561035156,303.1499938964844,285.1499938964844,0.0,-0.0,285.0992736816406,0.0,0.0,0.0004695806419476,285.0963439941406,294.1499938964844,286.55047607421875,282.6750183105469,289.2601013183594,286.8492736816406,285.3081970214844,0.0,0.0,0.0,0.0,1.0,1.0,-0.0010016454616561,6.056545487354015e-09,0.0010016394080594,-0.0149194877594709,0.0,0.0,0.0,-0.0078153032809495,60.0,0.8686292767524719,-0.0,-6.840502209115584e-08,0.0,282.9992980957031,284.4533386230469,290.2752380371094,291.35028076171875,293.1499938964844,293.1499938964844,278.1499938964844,0.0,18000.0,313.1499938964844,0.0,18000.0,0.0,0.0,0.0,0.0,0.0,0.0,0.0,0.0,0.0,-0.0,-0.0,0.0,-5.2805772432836115e-21,-2.6402886216418057e-21,-2.6402886216418057e-21,0.0,0.0,-0.0,0.0,0.0,0.0,-0.0,0.0,0.0,0.0,0.0,0.0,4.0,0.0,0.0
12271800,298.44598388671875,303.1499938964844,285.1499938964844,0.0,-0.0,285.09967041015625,0.0,0.0,9.400631097378208e-05,298.37701416015625,303.1499938964844,285.1499938964844,0.0,-0.0,285.0997619628906,0.0,0.0,9.899321594275534e-05,298.91436767578125,303.1499938964844,285.1499938964844,0.0,-0.0,285.09967041015625,0.0,0.0,7.311608351301402e-05,298.1183166503906,303.1499938964844,285.1499938964844,0.0,-0.0,285.09967041015625,0.0,0.0,9.899317956296728e-05,298.3812561035156,303.1499938964844,285.1499938964844,0.0,-0.0,285.0992736816406,0.0,0.0,0.0004695806419476,285.0963439941406,294.1499938964844,286.55047607421875,282.6750183105469,289.2601013183594,286.8492736816406,285.3081970214844,0.0,0.0,0.0,0.0,1.0,1.0,-0.0010016454616561,6.056545487354015e-09,0.0010016394080594,-0.0149194877594709,0.0,0.0,0.0,-0.0078153032809495,60.0,0.8686292767524719,-0.0,-6.840502209115584e-08,0.0,282.9992980957031,284.4533386230469,290.2752380371094,291.35028076171875,293.1499938964844,293.1499938964844,278.1499938964844,0.0,18000.0,313.1499938964844,0.0,18000.0,0.0,0.0,0.0,0.0,0.0,0.0,0.0,0.0,0.0,-0.0,-0.0,0.0,-5.2805772432836115e-21,-2.6402886216418057e-21,-2.6402886216418057e-21,0.0,0.0,-0.0,0.0,0.0,0.0,-0.0,0.0,0.0,0.0,0.0,0.0,4.0,0.0,0.0
12271860,298.4432373046875,303.1499938964844,285.1499938964844,0.0,-0.0,285.10064697265625,0.0,0.0,9.413214138476178e-05,298.3721923828125,303.1499938964844,285.1499938964844,0.0,-0.0,285.1007385253906,0.0,0.0,9.912572568282484e-05,298.9093933105469,303.1499938964844,285.1499938964844,0.0,-0.0,285.10064697265625,0.0,0.0,7.32139524188824e-05,298.11016845703125,303.1499938964844,285.1499938964844,0.0,-0.0,285.10064697265625,0.0,0.0,9.912568202707916e-05,298.3777160644531,303.1499938964844,285.1499938964844,0.0,-0.0,285.10028076171875,0.0,0.0,0.000470209197374,285.0978088378906,294.1499938964844,286.5156555175781,282.6703186035156,289.2117004394531,286.7792663574219,285.3092956542969,0.0,0.0,0.0,0.0,1.0,1.0,-0.0010029861005023,6.213292547130321e-09,0.0010029798140749,-0.0153300995007157,0.0,0.0,0.0,-0.0078930100426077,60.0,0.8428422212600708,-0.0,-6.858823553557158e-08,0.0,282.9992980957031,284.4533386230469,290.2752380371094,291.35028076171875,293.1499938964844,293.1499938964844,278.1499938964844,0.0,18000.0,313.1499938964844,0.0,18000.0,0.0,0.0,0.0,0.0,0.0,0.0,0.0,0.0,0.0,-0.0,-0.0,0.0,-5.2805772432836115e-21,-2.6402886216418057e-21,-2.6402886216418057e-21,0.0,0.0,-0.0,0.0,0.0,0.0,-0.0,0.0,0.0,0.0,0.0,0.0,4.0,0.0,0.0
12271920,298.4432373046875,303.1499938964844,285.1499938964844,0.0,-0.0,285.10064697265625,0.0,0.0,9.413214138476178e-05,298.3721923828125,303.1499938964844,285.1499938964844,0.0,-0.0,285.1007385253906,0.0,0.0,9.912572568282484e-05,298.9093933105469,303.1499938964844,285.1499938964844,0.0,-0.0,285.10064697265625,0.0,0.0,7.32139524188824e-05,298.11016845703125,303.1499938964844,285.1499938964844,0.0,-0.0,285.10064697265625,0.0,0.0,9.912568202707916e-05,298.3777160644531,303.1499938964844,285.1499938964844,0.0,-0.0,285.10028076171875,0.0,0.0,0.000470209197374,285.0978088378906,294.1499938964844,286.5156555175781,282.6703186035156,289.2117004394531,286.7792663574219,285.3092956542969,0.0,0.0,0.0,0.0,1.0,1.0,-0.0010029861005023,6.213292547130321e-09,0.0010029798140749,-0.0153300995007157,0.0,0.0,0.0,-0.0078930100426077,60.0,0.8428422212600708,-0.0,-6.858823553557158e-08,0.0,282.9992980957031,284.4533386230469,290.2752380371094,291.35028076171875,293.1499938964844,293.1499938964844,278.1499938964844,0.0,18000.0,313.1499938964844,0.0,18000.0,0.0,0.0,0.0,0.0,0.0,0.0,0.0,0.0,0.0,-0.0,-0.0,0.0,-5.2805772432836115e-21,-2.6402886216418057e-21,-2.6402886216418057e-21,0.0,0.0,-0.0,0.0,0.0,0.0,-0.0,0.0,0.0,0.0,0.0,0.0,4.0,0.0,0.0
12271980,298.4398803710937,303.1499938964844,285.1499938964844,0.0,-0.0,285.1016540527344,0.0,0.0,9.42405458772555e-05,298.3675231933594,303.1499938964844,285.1499938964844,0.0,-0.0,285.1017150878906,0.0,0.0,9.923987818183376e-05,298.9045104980469,303.1499938964844,285.1499938964844,0.0,-0.0,285.1016540527344,0.0,0.0,7.329825893975794e-05,298.1026306152344,303.1499938964844,285.1499938964844,0.0,-0.0,285.1016540527344,0.0,0.0,9.923983452608808e-05,298.37420654296875,303.1499938964844,285.1499938964844,0.0,-0.0,285.10125732421875,0.0,0.0,0.0004707506741397,285.0992736816406,294.1499938964844,286.4877014160156,282.6706237792969,289.1635437011719,286.71636962890625,285.31036376953125,0.0,0.0,0.0,0.0,1.0,1.0,-0.0010041409404948,6.348320091831283e-09,0.0010041345376521,-0.0156838092952966,0.0,0.0,0.0,-0.0079599488526582,60.0,0.8212876319885254,-0.0,-6.874626024000463e-08,0.0,282.9992980957031,284.4533386230469,290.2752380371094,291.35028076171875,293.1499938964844,293.1499938964844,278.1499938964844,0.0,18000.0,313.1499938964844,0.0,18000.0,0.0,0.0,0.0,0.0,0.0,0.0,0.0,0.0,0.0,-0.0,-0.0,0.0,-5.2805772432836115e-21,-2.6402886216418057e-21,-2.6402886216418057e-21,0.0,0.0,-0.0,0.0,0.0,0.0,-0.0,0.0,0.0,0.0,0.0,0.0,4.0,0.0,0.0
12272040,298.4398803710937,303.1499938964844,285.1499938964844,0.0,-0.0,285.1016540527344,0.0,0.0,9.42405458772555e-05,298.3675231933594,303.1499938964844,285.1499938964844,0.0,-0.0,285.1017150878906,0.0,0.0,9.923987818183376e-05,298.9045104980469,303.1499938964844,285.1499938964844,0.0,-0.0,285.1016540527344,0.0,0.0,7.329825893975794e-05,298.1026306152344,303.1499938964844,285.1499938964844,0.0,-0.0,285.1016540527344,0.0,0.0,9.923983452608808e-05,298.37420654296875,303.1499938964844,285.1499938964844,0.0,-0.0,285.10125732421875,0.0,0.0,0.0004707506741397,285.0992736816406,294.1499938964844,286.4877014160156,282.6706237792969,289.1635437011719,286.71636962890625,285.31036376953125,0.0,0.0,0.0,0.0,1.0,1.0,-0.0010041409404948,6.348320091831283e-09,0.0010041345376521,-0.0156838092952966,0.0,0.0,0.0,-0.0079599488526582,60.0,0.8212876319885254,-0.0,-6.874626024000463e-08,0.0,282.9992980957031,284.4533386230469,290.2752380371094,291.35028076171875,293.1499938964844,293.1499938964844,278.1499938964844,0.0,18000.0,313.1499938964844,0.0,18000.0,0.0,0.0,0.0,0.0,0.0,0.0,0.0,0.0,0.0,-0.0,-0.0,0.0,-5.2805772432836115e-21,-2.6402886216418057e-21,-2.6402886216418057e-21,0.0,0.0,-0.0,0.0,0.0,0.0,-0.0,0.0,0.0,0.0,0.0,0.0,4.0,0.0,0.0
12272100,298.43804931640625,303.1499938964844,285.1499938964844,0.0,-0.0,285.1021423339844,0.0,0.0,9.428611519979312e-05,298.3652648925781,303.1499938964844,285.1499938964844,0.0,-0.0,285.10223388671875,0.0,0.0,9.928786312229931e-05,298.9020690917969,303.1499938964844,285.1499938964844,0.0,-0.0,285.1021423339844,0.0,0.0,7.333370740525424e-05,298.0991516113281,303.1499938964844,285.1499938964844,0.0,-0.0,285.1021423339844,0.0,0.0,9.928782674251124e-05,298.3724975585937,303.1499938964844,285.1499938964844,0.0,-0.0,285.1017761230469,0.0,0.0,0.0004709783243015,285.1000061035156,294.1499938964844,286.4764404296875,282.6727905273437,289.1396179199219,286.6881103515625,285.3109130859375,0.0,0.0,0.0,0.0,1.0,1.0,-0.0010046263923868,6.405086239169577e-09,0.0010046199895441,-0.01583250798285,0.0,0.0,0.0,-0.0079880906268954,60.0,0.8124106526374817,-0.0,-6.881275282921706e-08,0.0,282.9992980957031,284.4533386230469,290.2752380371094,291.35028076171875,293.1499938964844,293.1499938964844,278.1499938964844,0.0,18000.0,313.1499938964844,0.0,18000.0,0.0,0.0,0.0,0.0,0.0,0.0,0.0,0.0,0.0,-0.0,-0.0,0.0,-5.2805772432836115e-21,-2.6402886216418057e-21,-2.6402886216418057e-21,0.0,0.0,-0.0,0.0,0.0,0.0,-0.0,0.0,0.0,0.0,0.0,0.0,4.0,0.0,0.0
12272160,298.4361572265625,303.1499938964844,285.1499938964844,0.0,-0.0,285.1026611328125,0.0,0.0,9.43268751143478e-05,298.363037109375,303.1499938964844,285.1499938964844,0.0,-0.0,285.10272216796875,0.0,0.0,9.933078399626538e-05,298.8996887207031,303.1499938964844,285.1499938964844,0.0,-0.0,285.1026611328125,0.0,0.0,7.336540147662163e-05,298.0958251953125,303.1499938964844,285.1499938964844,0.0,-0.0,285.1026611328125,0.0,0.0,9.93307403405197e-05,298.3708190917969,303.1499938964844,285.1499938964844,0.0,-0.0,285.1022644042969,0.0,0.0,0.0004711819346994,285.1007385253906,294.1499938964844,286.46710205078125,282.67633056640625,289.1158142089844,286.6615905761719,285.3114318847656,0.0,0.0,0.0,0.0,1.0,1.0,-0.0010050605051219,6.455850076747538e-09,0.0010050541022792,-0.0159654822200536,0.0,0.0,0.0,-0.0080132568255066,60.0,0.8045236468315125,-0.0,-6.887223236162755e-08,0.0,282.9992980957031,284.4533386230469,290.2752380371094,291.35028076171875,293.1499938964844,293.1499938964844,278.1499938964844,0.0,18000.0,313.1499938964844,0.0,18000.0,0.0,0.0,0.0,0.0,0.0,0.0,0.0,0.0,0.0,-0.0,-0.0,0.0,-5.2805772432836115e-21,-2.6402886216418057e-21,-2.6402886216418057e-21,0.0,0.0,-0.0,0.0,0.0,0.0,-0.0,0.0,0.0,0.0,0.0,0.0,4.0,0.0,0.0
12272220,298.4330749511719,303.1499938964844,285.1499938964844,0.0,-0.0,285.1034545898437,0.0,0.0,9.437677363166586e-05,298.3595275878906,303.1499938964844,285.1499938964844,0.0,-0.0,285.1035461425781,0.0,0.0,9.9383330962155e-05,298.8959045410156,303.1499938964844,285.1499938964844,0.0,-0.0,285.1034545898437,0.0,0.0,7.34042187104933e-05,298.0909118652344,303.1499938964844,285.1499938964844,0.0,-0.0,285.1034545898437,0.0,0.0,9.938328730640932e-05,298.36822509765625,303.1499938964844,285.1499938964844,0.0,-0.0,285.10308837890625,0.0,0.0,0.0004714311799034,285.1019287109375,294.1499938964844,286.45623779296875,282.6850891113281,289.0779724121094,286.6236572265625,285.312255859375,0.0,0.0,0.0,0.0,1.0,1.0,-0.0010055921738967,6.517998585309215e-09,0.0010055856546387,-0.0161282774060964,0.0,0.0,0.0,-0.0080440668389201,60.0,0.7946522831916809,-0.0,-6.894509851917975e-08,0.0,282.9992980957031,284.4533386230469,290.2752380371094,291.35028076171875,293.1499938964844,293.1499938964844,278.1499938964844,0.0,18000.0,313.1499938964844,0.0,18000.0,0.0,0.0,0.0,0.0,0.0,0.0,0.0,0.0,0.0,-0.0,-0.0,0.0,-5.2805772432836115e-21,-2.6402886216418057e-21,-2.6402886216418057e-21,0.0,0.0,-0.0,0.0,0.0,0.0,-0.0,0.0,0.0,0.0,0.0,0.0,4.0,0.0,0.0
12272280,298.43231201171875,303.1499938964844,285.1499938964844,0.0,-0.0,285.1036682128906,0.0,0.0,9.438683628104628e-05,298.3586730957031,303.1499938964844,285.1499938964844,0.0,-0.0,285.103759765625,0.0,0.0,9.939393203239888e-05,298.8949890136719,303.1499938964844,285.1499938964844,0.0,-0.0,285.1036682128906,0.0,0.0,7.341204764088616e-05,298.0897521972656,303.1499938964844,285.1499938964844,0.0,-0.0,285.1036682128906,0.0,0.0,9.93938883766532e-05,298.3675842285156,303.1499938964844,285.1499938964844,0.0,-0.0,285.1033020019531,0.0,0.0,0.0004714814713224,285.10223388671875,294.1499938964844,286.454345703125,282.6878967285156,289.0685729980469,286.6148681640625,285.3124389648437,0.0,0.0,0.0,0.0,1.0,1.0,-0.0010056993924081,6.530535223703282e-09,0.0010056928731501,-0.0161611177027225,0.0,0.0,0.0,-0.0080502815544605,60.0,0.7926086187362671,-0.0,-6.895979964838261e-08,0.0,282.9992980957031,284.4533386230469,290.2752380371094,291.35028076171875,293.1499938964844,293.1499938964844,278.1499938964844,0.0,18000.0,313.1499938964844,0.0,18000.0,0.0,0.0,0.0,0.0,0.0,0.0,0.0,0.0,0.0,-0.0,-0.0,0.0,-5.2805772432836115e-21,-2.6402886216418057e-21,-2.6402886216418057e-21,0.0,0.0,-0.0,0.0,0.0,0.0,-0.0,0.0,0.0,0.0,0.0,0.0,4.0,0.0,0.0
12272340,298.42840576171875,303.1499938964844,285.1499938964844,0.0,-0.0,285.1047058105469,0.0,0.0,9.441564179724082e-05,298.3544616699219,303.1499938964844,285.1499938964844,0.0,-0.0,285.1047668457031,0.0,0.0,9.94242582237348e-05,298.89044189453125,303.1499938964844,285.1499938964844,0.0,-0.0,285.1047058105469,0.0,0.0,7.343445031438023e-05,298.0846252441406,303.1499938964844,285.1499938964844,0.0,-0.0,285.1047058105469,0.0,0.0,9.942422184394673e-05,298.36456298828125,303.1499938964844,285.1499938964844,0.0,-0.0,285.1043395996094,0.0,0.0,0.0004716253606602,285.1037292480469,294.1499938964844,286.45001220703125,282.70562744140625,289.0220642089844,286.5771179199219,285.3134460449219,0.0,0.0,0.0,0.0,1.0,1.0,-0.0010060061467811,6.566394983309465e-09,0.0010059995111078,-0.0162550508975982,0.0,0.0,0.0,-0.0080680595710873,60.0,0.7862245440483093,-0.0,-6.900186377833961e-08,0.0,282.9992980957031,284.4533386230469,290.2752380371094,291.35028076171875,293.1499938964844,293.1499938964844,278.1499938964844,0.0,18000.0,313.1499938964844,0.0,18000.0,0.0,0.0,0.0,0.0,0.0,0.0,0.0,0.0,0.0,-0.0,-0.0,0.0,-5.2805772432836115e-21,-2.6402886216418057e-21,-2.6402886216418057e-21,0.0,0.0,-0.0,0.0,0.0,0.0,-0.0,0.0,0.0,0.0,0.0,0.0,4.0,0.0,0.0
12272400,298.42840576171875,303.1499938964844,285.1499938964844,0.0,-0.0,285.1047058105469,0.0,0.0,9.441564179724082e-05,298.3544616699219,303.1499938964844,285.1499938964844,0.0,-0.0,285.1047668457031,0.0,0.0,9.94242582237348e-05,298.89044189453125,303.1499938964844,285.1499938964844,0.0,-0.0,285.1047058105469,0.0,0.0,7.343445031438023e-05,298.0846252441406,303.1499938964844,285.1499938964844,0.0,-0.0,285.1047058105469,0.0,0.0,9.942422184394673e-05,298.36456298828125,303.1499938964844,285.1499938964844,0.0,-0.0,285.1043395996094,0.0,0.0,0.0004716253606602,285.1037292480469,294.1499938964844,286.45001220703125,282.70562744140625,289.0220642089844,286.5771179199219,285.3134460449219,0.0,0.0,0.0,0.0,1.0,1.0,-0.0010060061467811,6.566394983309465e-09,0.0010059995111078,-0.0162550508975982,0.0,0.0,0.0,-0.0080680595710873,60.0,0.7862245440483093,-0.0,-6.900186377833961e-08,0.0,282.9992980957031,284.4533386230469,290.2752380371094,291.35028076171875,293.1499938964844,293.1499938964844,278.1499938964844,0.0,18000.0,313.1499938964844,0.0,18000.0,0.0,0.0,0.0,0.0,0.0,0.0,0.0,0.0,0.0,-0.0,-0.0,0.0,-5.2805772432836115e-21,-2.6402886216418057e-21,-2.6402886216418057e-21,0.0,0.0,-0.0,0.0,0.0,0.0,-0.0,0.0,0.0,0.0,0.0,0.0,4.0,0.0,0.0
12272460,298.4245300292969,303.1499938964844,285.1499938964844,0.0,-0.0,285.1057434082031,0.0,0.0,9.442439477425069e-05,298.35040283203125,303.1499938964844,285.1499938964844,0.0,-0.0,285.1058044433594,0.0,0.0,9.943348413798958e-05,298.88604736328125,303.1499938964844,285.1499938964844,0.0,-0.0,285.1057434082031,0.0,0.0,7.344125333474949e-05,298.0802307128906,303.1499938964844,285.1499938964844,0.0,-0.0,285.1057434082031,0.0,0.0,9.94334404822439e-05,298.3617553710937,303.1499938964844,285.1499938964844,0.0,-0.0,285.1053771972656,0.0,0.0,0.0004716691037174,285.105224609375,294.1499938964844,286.45001220703125,282.7259521484375,288.9762878417969,286.5470886230469,285.3144226074219,0.0,0.0,0.0,0.0,1.0,1.0,-0.0010060992790386,6.577277833486049e-09,0.0010060927597805,-0.016283556818962,0.0,0.0,0.0,-0.0080734547227621,60.0,0.7838646769523621,-0.0,-6.901463223130122e-08,0.0,282.9992980957031,284.4533386230469,290.2752380371094,291.35028076171875,293.1499938964844,293.1499938964844,278.1499938964844,0.0,18000.0,313.1499938964844,0.0,18000.0,0.0,0.0,0.0,0.0,0.0,0.0,0.0,0.0,0.0,-0.0,-0.0,0.0,-5.2805772432836115e-21,-2.6402886216418057e-21,-2.6402886216418057e-21,0.0,0.0,-0.0,0.0,0.0,0.0,-0.0,0.0,0.0,0.0,0.0,0.0,4.0,0.0,0.0
12272520,298.4245300292969,303.1499938964844,285.1499938964844,0.0,-0.0,285.1057434082031,0.0,0.0,9.442439477425069e-05,298.35040283203125,303.1499938964844,285.1499938964844,0.0,-0.0,285.1058044433594,0.0,0.0,9.943348413798958e-05,298.88604736328125,303.1499938964844,285.1499938964844,0.0,-0.0,285.1057434082031,0.0,0.0,7.344125333474949e-05,298.0802307128906,303.1499938964844,285.1499938964844,0.0,-0.0,285.1057434082031,0.0,0.0,9.94334404822439e-05,298.3617553710937,303.1499938964844,285.1499938964844,0.0,-0.0,285.1053771972656,0.0,0.0,0.0004716691037174,285.105224609375,294.1499938964844,286.45001220703125,282.7259521484375,288.9762878417969,286.5470886230469,285.3144226074219,0.0,0.0,0.0,0.0,1.0,1.0,-0.0010060992790386,6.577277833486049e-09,0.0010060927597805,-0.016283556818962,0.0,0.0,0.0,-0.0080734547227621,60.0,0.7838646769523621,-0.0,-6.901463223130122e-08,0.0,282.9992980957031,284.4533386230469,290.2752380371094,291.35028076171875,293.1499938964844,293.1499938964844,278.1499938964844,0.0,18000.0,313.1499938964844,0.0,18000.0,0.0,0.0,0.0,0.0,0.0,0.0,0.0,0.0,0.0,-0.0,-0.0,0.0,-5.2805772432836115e-21,-2.6402886216418057e-21,-2.6402886216418057e-21,0.0,0.0,-0.0,0.0,0.0,0.0,-0.0,0.0,0.0,0.0,0.0,0.0,4.0,0.0,0.0
12272580,298.4207763671875,303.1499938964844,285.1499938964844,0.0,-0.0,285.1067810058594,0.0,0.0,9.442454756936058e-05,298.34649658203125,303.1499938964844,285.1499938964844,0.0,-0.0,285.1068725585937,0.0,0.0,9.943364420905708e-05,298.8818664550781,303.1499938964844,285.1499938964844,0.0,-0.0,285.1067810058594,0.0,0.0,7.344137702602893e-05,298.0766296386719,303.1499938964844,285.1499938964844,0.0,-0.0,285.1067810058594,0.0,0.0,9.94336005533114e-05,298.35919189453125,303.1499938964844,285.1499938964844,0.0,-0.0,285.1064453125,0.0,0.0,0.000471669860417,285.1067199707031,294.1499938964844,286.45001220703125,282.7449645996094,288.93133544921875,286.5245056152344,285.3153686523437,0.0,0.0,0.0,0.0,1.0,1.0,-0.0010061006760224,6.577441258315275e-09,0.0010060940403491,-0.0162839852273464,0.0,0.0,0.0,-0.0080735357478261,60.0,0.7830188870429993,-0.0,-6.90148240778399e-08,0.0,282.9992980957031,284.4533386230469,290.2752380371094,291.35028076171875,293.1499938964844,293.1499938964844,278.1499938964844,0.0,18000.0,313.1499938964844,0.0,18000.0,0.0,0.0,0.0,0.0,0.0,0.0,0.0,0.0,0.0,-0.0,-0.0,0.0,-5.2805772432836115e-21,-2.6402886216418057e-21,-2.6402886216418057e-21,0.0,0.0,-0.0,0.0,0.0,0.0,-0.0,0.0,0.0,0.0,0.0,0.0,4.0,0.0,0.0
12272640,298.4207763671875,303.1499938964844,285.1499938964844,0.0,-0.0,285.1067810058594,0.0,0.0,9.442454756936058e-05,298.34649658203125,303.1499938964844,285.1499938964844,0.0,-0.0,285.1068725585937,0.0,0.0,9.943364420905708e-05,298.8818664550781,303.1499938964844,285.1499938964844,0.0,-0.0,285.1067810058594,0.0,0.0,7.344137702602893e-05,298.0766296386719,303.1499938964844,285.1499938964844,0.0,-0.0,285.1067810058594,0.0,0.0,9.94336005533114e-05,298.35919189453125,303.1499938964844,285.1499938964844,0.0,-0.0,285.1064453125,0.0,0.0,0.000471669860417,285.1067199707031,294.1499938964844,286.45001220703125,282.7449645996094,288.93133544921875,286.5245056152344,285.3153686523437,0.0,0.0,0.0,0.0,1.0,1.0,-0.0010061006760224,6.577441258315275e-09,0.0010060940403491,-0.0162839852273464,0.0,0.0,0.0,-0.0080735357478261,60.0,0.7830188870429993,-0.0,-6.90148240778399e-08,0.0,282.9992980957031,284.4533386230469,290.2752380371094,291.35028076171875,293.1499938964844,293.1499938964844,278.1499938964844,0.0,18000.0,313.1499938964844,0.0,18000.0,0.0,0.0,0.0,0.0,0.0,0.0,0.0,0.0,0.0,-0.0,-0.0,0.0,-5.2805772432836115e-21,-2.6402886216418057e-21,-2.6402886216418057e-21,0.0,0.0,-0.0,0.0,0.0,0.0,-0.0,0.0,0.0,0.0,0.0,0.0,4.0,0.0,0.0
12272700,298.4189453125,303.1499938964844,285.1499938964844,0.0,-0.0,285.1072998046875,0.0,0.0,9.442186274100096e-05,298.3446350097656,303.1499938964844,285.1499938964844,0.0,-0.0,285.1073913574219,0.0,0.0,9.943081386154518e-05,298.8798217773437,303.1499938964844,285.1499938964844,0.0,-0.0,285.1073303222656,0.0,0.0,7.343928155023605e-05,298.0749816894531,303.1499938964844,285.1499938964844,0.0,-0.0,285.1073303222656,0.0,0.0,9.943077020579948e-05,298.3580017089844,303.1499938964844,285.1499938964844,0.0,-0.0,285.1069641113281,0.0,0.0,0.0004716564435511,285.10748291015625,294.1499938964844,286.45001220703125,282.75396728515625,288.9091491699219,286.5150451660156,285.3158264160156,0.0,0.0,0.0,0.0,1.0,1.0,-0.0010060719214379,6.5740812793535505e-09,0.0010060654021799,-0.0162751842290163,0.0,0.0,0.0,-0.0080718705430626,60.0,0.7826640009880066,-0.0,-6.901088056565642e-08,0.0,282.9992980957031,284.4533386230469,290.2752380371094,291.35028076171875,293.1499938964844,293.1499938964844,278.1499938964844,0.0,18000.0,313.1499938964844,0.0,18000.0,0.0,0.0,0.0,0.0,0.0,0.0,0.0,0.0,0.0,-0.0,-0.0,0.0,-5.2805772432836115e-21,-2.6402886216418057e-21,-2.6402886216418057e-21,0.0,0.0,-0.0,0.0,0.0,0.0,-0.0,0.0,0.0,0.0,0.0,0.0,4.0,0.0,0.0
12272760,298.4171447753906,303.1499938964844,285.1499938964844,0.0,-0.0,285.1078491210937,0.0,0.0,9.441718430025504e-05,298.3427734375,303.1499938964844,285.1499938964844,0.0,-0.0,285.10791015625,0.0,0.0,9.942588076228276e-05,298.8778381347656,303.1499938964844,285.1499938964844,0.0,-0.0,285.1078491210937,0.0,0.0,7.343564357142895e-05,298.073486328125,303.1499938964844,285.1499938964844,0.0,-0.0,285.1078491210937,0.0,0.0,9.942584438249467e-05,298.3568725585937,303.1499938964844,285.1499938964844,0.0,-0.0,285.10748291015625,0.0,0.0,0.0004716330731753,285.1082458496094,294.1499938964844,286.45001220703125,282.7626647949219,288.8871459960937,286.5068664550781,285.3162841796875,0.0,0.0,0.0,0.0,1.0,1.0,-0.0010060219792649,6.568234844905873e-09,0.0010060153435915,-0.0162598695605993,0.0,0.0,0.0,-0.0080689722672104,60.0,0.7823172211647034,-0.0,-6.900402382825632e-08,0.0,282.9992980957031,284.4533386230469,290.2752380371094,291.35028076171875,293.1499938964844,293.1499938964844,278.1499938964844,0.0,18000.0,313.1499938964844,0.0,18000.0,0.0,0.0,0.0,0.0,0.0,0.0,0.0,0.0,0.0,-0.0,-0.0,0.0,-5.2805772432836115e-21,-2.6402886216418057e-21,-2.6402886216418057e-21,0.0,0.0,-0.0,0.0,0.0,0.0,-0.0,0.0,0.0,0.0,0.0,0.0,4.0,0.0,0.0
12272820,298.41363525390625,303.1499938964844,285.1499938964844,0.0,-0.0,285.1089172363281,0.0,0.0,9.440228313906118e-05,298.3392333984375,303.1499938964844,285.1499938964844,0.0,-0.0,285.1089782714844,0.0,0.0,9.941019379766658e-05,298.8739929199219,303.1499938964844,285.1499938964844,0.0,-0.0,285.1089172363281,0.0,0.0,7.342405297094956e-05,298.0707702636719,303.1499938964844,285.1499938964844,0.0,-0.0,285.1089172363281,0.0,0.0,9.94101501419209e-05,298.354736328125,303.1499938964844,285.1499938964844,0.0,-0.0,285.10858154296875,0.0,0.0,0.000471558625577,285.1097412109375,294.1499938964844,286.45001220703125,282.7791442871094,288.84375,286.493408203125,285.3171691894531,0.0,0.0,0.0,0.0,1.0,1.0,-0.0010058629559352,6.54964482649234e-09,0.0010058564366772,-0.0162111744284629,0.0,0.0,0.0,-0.008059755899012,60.0,0.7816070318222046,-0.0,-6.89822101662685e-08,0.0,282.9992980957031,284.4533386230469,290.2752380371094,291.35028076171875,293.1499938964844,293.1499938964844,278.1499938964844,0.0,18000.0,313.1499938964844,0.0,18000.0,0.0,0.0,0.0,0.0,0.0,0.0,0.0,0.0,0.0,-0.0,-0.0,0.0,-5.2805772432836115e-21,-2.6402886216418057e-21,-2.6402886216418057e-21,0.0,0.0,-0.0,0.0,0.0,0.0,-0.0,0.0,0.0,0.0,0.0,0.0,4.0,0.0,0.0
12272880,298.41363525390625,303.1499938964844,285.1499938964844,0.0,-0.0,285.1089172363281,0.0,0.0,9.440228313906118e-05,298.3392333984375,303.1499938964844,285.1499938964844,0.0,-0.0,285.1089782714844,0.0,0.0,9.941019379766658e-05,298.8739929199219,303.1499938964844,285.1499938964844,0.0,-0.0,285.1089172363281,0.0,0.0,7.342405297094956e-05,298.0707702636719,303.1499938964844,285.1499938964844,0.0,-0.0,285.1089172363281,0.0,0.0,9.94101501419209e-05,298.354736328125,303.1499938964844,285.1499938964844,0.0,-0.0,285.10858154296875,0.0,0.0,0.000471558625577,285.1097412109375,294.1499938964844,286.45001220703125,282.7791442871094,288.84375,286.493408203125,285.3171691894531,0.0,0.0,0.0,0.0,1.0,1.0,-0.0010058629559352,6.54964482649234e-09,0.0010058564366772,-0.0162111744284629,0.0,0.0,0.0,-0.008059755899012,60.0,0.7816070318222046,-0.0,-6.89822101662685e-08,0.0,282.9992980957031,284.4533386230469,290.2752380371094,291.35028076171875,293.1499938964844,293.1499938964844,278.1499938964844,0.0,18000.0,313.1499938964844,0.0,18000.0,0.0,0.0,0.0,0.0,0.0,0.0,0.0,0.0,0.0,-0.0,-0.0,0.0,-5.2805772432836115e-21,-2.6402886216418057e-21,-2.6402886216418057e-21,0.0,0.0,-0.0,0.0,0.0,0.0,-0.0,0.0,0.0,0.0,0.0,0.0,4.0,0.0,0.0
12272940,298.41021728515625,303.1499938964844,285.1499938964844,0.0,-0.0,285.1099853515625,0.0,0.0,9.438035340281203e-05,298.3358154296875,303.1499938964844,285.1499938964844,0.0,-0.0,285.1100769042969,0.0,0.0,9.938709263224156e-05,298.87030029296875,303.1499938964844,285.1499938964844,0.0,-0.0,285.1099853515625,0.0,0.0,7.34069908503443e-05,298.0684509277344,303.1499938964844,285.1499938964844,0.0,-0.0,285.1099853515625,0.0,0.0,9.938705625245348e-05,298.352783203125,303.1499938964844,285.1499938964844,0.0,-0.0,285.1096496582031,0.0,0.0,0.0004714490787591,285.1112670898437,294.1499938964844,286.45001220703125,282.79443359375,288.8011474609375,286.483154296875,285.31805419921875,0.0,0.0,0.0,0.0,1.0,1.0,-0.0010056290775537,6.522292927968465e-09,0.0010056225582957,-0.0161395259201526,0.0,0.0,0.0,-0.0080461967736482,60.0,0.7808573246002197,-0.0,-6.895012916174893e-08,0.0,282.9992980957031,284.4533386230469,290.2752380371094,291.35028076171875,293.1499938964844,293.1499938964844,278.1499938964844,0.0,18000.0,313.1499938964844,0.0,18000.0,0.0,0.0,0.0,0.0,0.0,0.0,0.0,0.0,0.0,-0.0,-0.0,0.0,-5.2805772432836115e-21,-2.6402886216418057e-21,-2.6402886216418057e-21,0.0,0.0,-0.0,0.0,0.0,0.0,-0.0,0.0,0.0,0.0,0.0,0.0,4.0,0.0,0.0
12273000,298.41021728515625,303.1499938964844,285.1499938964844,0.0,-0.0,285.1099853515625,0.0,0.0,9.438035340281203e-05,298.3358154296875,303.1499938964844,285.1499938964844,0.0,-0.0,285.1100769042969,0.0,0.0,9.938709263224156e-05,298.87030029296875,303.1499938964844,285.1499938964844,0.0,-0.0,285.1099853515625,0.0,0.0,7.34069908503443e-05,298.0684509277344,303.1499938964844,285.1499938964844,0.0,-0.0,285.1099853515625,0.0,0.0,9.938705625245348e-05,298.352783203125,303.1499938964844,285.1499938964844,0.0,-0.0,285.1096496582031,0.0,0.0,0.0004714490787591,285.1112670898437,294.1499938964844,286.45001220703125,282.79443359375,288.8011474609375,286.483154296875,285.31805419921875,0.0,0.0,0.0,0.0,1.0,1.0,-0.0010056290775537,6.522292927968465e-09,0.0010056225582957,-0.0161395259201526,0.0,0.0,0.0,-0.0080461967736482,60.0,0.7808573246002197,-0.0,-6.895012916174893e-08,0.0,282.9992980957031,284.4533386230469,290.2752380371094,291.35028076171875,293.1499938964844,293.1499938964844,278.1499938964844,0.0,18000.0,313.1499938964844,0.0,18000.0,0.0,0.0,0.0,0.0,0.0,0.0,0.0,0.0,0.0,-0.0,-0.0,0.0,-5.2805772432836115e-21,-2.6402886216418057e-21,-2.6402886216418057e-21,0.0,0.0,-0.0,0.0,0.0,0.0,-0.0,0.0,0.0,0.0,0.0,0.0,4.0,0.0,0.0
12273060,298.4069519042969,303.1499938964844,285.1499938964844,0.0,-0.0,285.111083984375,0.0,0.0,9.435182437300682e-05,298.33258056640625,303.1499938964844,285.1499938964844,0.0,-0.0,285.11114501953125,0.0,0.0,9.935705020325258e-05,298.8667297363281,303.1499938964844,285.1499938964844,0.0,-0.0,285.111083984375,0.0,0.0,7.338480645557866e-05,298.06646728515625,303.1499938964844,285.1499938964844,0.0,-0.0,285.111083984375,0.0,0.0,9.935701382346453e-05,298.3510131835937,303.1499938964844,285.1499938964844,0.0,-0.0,285.1107482910156,0.0,0.0,0.0004713065864052,285.11279296875,294.1499938964844,286.45001220703125,282.8085632324219,288.75927734375,286.4753723144531,285.31890869140625,0.0,0.0,0.0,0.0,1.0,1.0,-0.0010053248843178,6.486724490883944e-09,0.0010053184814751,-0.0160463564097881,0.0,0.0,0.0,-0.008028564043343,60.0,0.7800662517547607,-0.0,-6.890842740858717e-08,0.0,282.9992980957031,284.4533386230469,290.2752380371094,291.35028076171875,293.1499938964844,293.1499938964844,278.1499938964844,0.0,18000.0,313.1499938964844,0.0,18000.0,0.0,0.0,0.0,0.0,0.0,0.0,0.0,0.0,0.0,-0.0,-0.0,0.0,-5.2805772432836115e-21,-2.6402886216418057e-21,-2.6402886216418057e-21,0.0,0.0,-0.0,0.0,0.0,0.0,-0.0,0.0,0.0,0.0,0.0,0.0,4.0,0.0,0.0
12273120,298.4069519042969,303.1499938964844,285.1499938964844,0.0,-0.0,285.111083984375,0.0,0.0,9.435182437300682e-05,298.33258056640625,303.1499938964844,285.1499938964844,0.0,-0.0,285.11114501953125,0.0,0.0,9.935705020325258e-05,298.8667297363281,303.1499938964844,285.1499938964844,0.0,-0.0,285.111083984375,0.0,0.0,7.338480645557866e-05,298.06646728515625,303.1499938964844,285.1499938964844,0.0,-0.0,285.111083984375,0.0,0.0,9.935701382346453e-05,298.3510131835937,303.1499938964844,285.1499938964844,0.0,-0.0,285.1107482910156,0.0,0.0,0.0004713065864052,285.11279296875,294.1499938964844,286.45001220703125,282.8085632324219,288.75927734375,286.4753723144531,285.31890869140625,0.0,0.0,0.0,0.0,1.0,1.0,-0.0010053248843178,6.486724490883944e-09,0.0010053184814751,-0.0160463564097881,0.0,0.0,0.0,-0.008028564043343,60.0,0.7800662517547607,-0.0,-6.890842740858717e-08,0.0,282.9992980957031,284.4533386230469,290.2752380371094,291.35028076171875,293.1499938964844,293.1499938964844,278.1499938964844,0.0,18000.0,313.1499938964844,0.0,18000.0,0.0,0.0,0.0,0.0,0.0,0.0,0.0,0.0,0.0,-0.0,-0.0,0.0,-5.2805772432836115e-21,-2.6402886216418057e-21,-2.6402886216418057e-21,0.0,0.0,-0.0,0.0,0.0,0.0,-0.0,0.0,0.0,0.0,0.0,0.0,4.0,0.0,0.0
12273180,298.4037475585937,303.1499938964844,285.1499938964844,0.0,-0.0,285.1121826171875,0.0,0.0,9.431717626284808e-05,298.3294372558594,303.1499938964844,285.1499938964844,0.0,-0.0,285.1122436523437,0.0,0.0,9.932056855177508e-05,298.8633117675781,303.1499938964844,285.1499938964844,0.0,-0.0,285.1121826171875,0.0,0.0,7.335785630857572e-05,298.06475830078125,303.1499938964844,285.1499938964844,0.0,-0.0,285.1121826171875,0.0,0.0,9.9320532171987e-05,298.3493957519531,303.1499938964844,285.1499938964844,0.0,-0.0,285.1118469238281,0.0,0.0,0.0004711335059255,285.11431884765625,294.1499938964844,286.45001220703125,282.82159423828125,288.7182006835937,286.4694519042969,285.3197326660156,0.0,0.0,0.0,0.0,1.0,1.0,-0.0010049556149169,6.443531042066297e-09,0.0010049490956589,-0.0159332118928432,0.0,0.0,0.0,-0.0080071510747075,60.0,0.7792364358901978,-0.0,-6.88577941332369e-08,0.0,282.9992980957031,284.4533386230469,290.2752380371094,291.35028076171875,293.1499938964844,293.1499938964844,278.1499938964844,0.0,18000.0,313.1499938964844,0.0,18000.0,0.0,0.0,0.0,0.0,0.0,0.0,0.0,0.0,0.0,-0.0,-0.0,0.0,-5.2805772432836115e-21,-2.6402886216418057e-21,-2.6402886216418057e-21,0.0,0.0,-0.0,0.0,0.0,0.0,-0.0,0.0,0.0,0.0,0.0,0.0,4.0,0.0,0.0
12273240,298.4037475585937,303.1499938964844,285.1499938964844,0.0,-0.0,285.1121826171875,0.0,0.0,9.431717626284808e-05,298.3294372558594,303.1499938964844,285.1499938964844,0.0,-0.0,285.1122436523437,0.0,0.0,9.932056855177508e-05,298.8633117675781,303.1499938964844,285.1499938964844,0.0,-0.0,285.1121826171875,0.0,0.0,7.335785630857572e-05,298.06475830078125,303.1499938964844,285.1499938964844,0.0,-0.0,285.1121826171875,0.0,0.0,9.9320532171987e-05,298.3493957519531,303.1499938964844,285.1499938964844,0.0,-0.0,285.1118469238281,0.0,0.0,0.0004711335059255,285.11431884765625,294.1499938964844,286.45001220703125,282.82159423828125,288.7182006835937,286.4694519042969,285.3197326660156,0.0,0.0,0.0,0.0,1.0,1.0,-0.0010049556149169,6.443531042066297e-09,0.0010049490956589,-0.0159332118928432,0.0,0.0,0.0,-0.0080071510747075,60.0,0.7792364358901978,-0.0,-6.88577941332369e-08,0.0,282.9992980957031,284.4533386230469,290.2752380371094,291.35028076171875,293.1499938964844,293.1499938964844,278.1499938964844,0.0,18000.0,313.1499938964844,0.0,18000.0,0.0,0.0,0.0,0.0,0.0,0.0,0.0,0.0,0.0,-0.0,-0.0,0.0,-5.2805772432836115e-21,-2.6402886216418057e-21,-2.6402886216418057e-21,0.0,0.0,-0.0,0.0,0.0,0.0,-0.0,0.0,0.0,0.0,0.0,0.0,4.0,0.0,0.0
12273300,298.4021911621094,303.1499938964844,285.1499938964844,0.0,-0.0,285.1127319335937,0.0,0.0,9.429771307623014e-05,298.32794189453125,303.1499938964844,285.1499938964844,0.0,-0.0,285.11279296875,0.0,0.0,9.930007217917591e-05,298.8616638183594,303.1499938964844,285.1499938964844,0.0,-0.0,285.1127319335937,0.0,0.0,7.33427150407806e-05,298.0639953613281,303.1499938964844,285.1499938964844,0.0,-0.0,285.1127319335937,0.0,0.0,9.930003579938784e-05,298.3486633300781,303.1499938964844,285.1499938964844,0.0,-0.0,285.1123962402344,0.0,0.0,0.0004710362991318,285.1150817871094,294.1499938964844,286.45001220703125,282.82769775390625,288.69793701171875,286.4670715332031,285.32012939453125,0.0,0.0,0.0,0.0,1.0,1.0,-0.0010047480463981,6.419269116264559e-09,0.0010047416435554,-0.0158696584403514,0.0,0.0,0.0,-0.0079951230436563,60.0,0.7788076400756836,-0.0,-6.882936531837913e-08,0.0,282.9992980957031,284.4533386230469,290.2752380371094,291.35028076171875,293.1499938964844,293.1499938964844,278.1499938964844,0.0,18000.0,313.1499938964844,0.0,18000.0,0.0,0.0,0.0,0.0,0.0,0.0,0.0,0.0,0.0,-0.0,-0.0,0.0,-5.2805772432836115e-21,-2.6402886216418057e-21,-2.6402886216418057e-21,0.0,0.0,-0.0,0.0,0.0,0.0,-0.0,0.0,0.0,0.0,0.0,0.0,4.0,0.0,0.0
12273360,298.4006652832031,303.1499938964844,285.1499938964844,0.0,-0.0,285.11328125,0.0,0.0,9.42769111134112e-05,298.3264465332031,303.1499938964844,285.1499938964844,0.0,-0.0,285.11334228515625,0.0,0.0,9.92781642707996e-05,298.8600158691406,303.1499938964844,285.1499938964844,0.0,-0.0,285.11328125,0.0,0.0,7.332654058700427e-05,298.0633239746094,303.1499938964844,285.1499938964844,0.0,-0.0,285.11328125,0.0,0.0,9.927812789101154e-05,298.3479309082031,303.1499938964844,285.1499938964844,0.0,-0.0,285.1129455566406,0.0,0.0,0.000470932398457,285.1158752441406,294.1499938964844,286.45001220703125,282.83355712890625,288.6778564453125,286.4649658203125,285.320556640625,0.0,0.0,0.0,0.0,1.0,1.0,-0.0010045263916254,6.393344076371932e-09,0.0010045199887827,-0.0158017482608556,0.0,0.0,0.0,-0.0079822717234492,60.0,0.7783706784248352,-0.0,-6.87989896164254e-08,0.0,282.9992980957031,284.4533386230469,290.2752380371094,291.35028076171875,293.1499938964844,293.1499938964844,278.1499938964844,0.0,18000.0,313.1499938964844,0.0,18000.0,0.0,0.0,0.0,0.0,0.0,0.0,0.0,0.0,0.0,-0.0,-0.0,0.0,-5.2805772432836115e-21,-2.6402886216418057e-21,-2.6402886216418057e-21,0.0,0.0,-0.0,0.0,0.0,0.0,-0.0,0.0,0.0,0.0,0.0,0.0,4.0,0.0,0.0
12273420,298.39801025390625,303.1499938964844,285.1499938964844,0.0,-0.0,285.1142578125,0.0,0.0,9.423727169632912e-05,298.3238830566406,303.1499938964844,285.1499938964844,0.0,-0.0,285.11431884765625,0.0,0.0,9.923642210196704e-05,298.8572082519531,303.1499938964844,285.1499938964844,0.0,-0.0,285.1142578125,0.0,0.0,7.329570507863536e-05,298.0622253417969,303.1499938964844,285.1499938964844,0.0,-0.0,285.1142578125,0.0,0.0,9.923638572217897e-05,298.3467712402344,303.1499938964844,285.1499938964844,0.0,-0.0,285.1139221191406,0.0,0.0,0.0004707343759946,285.1172180175781,294.1499938964844,286.45001220703125,282.8432312011719,288.6429748535156,286.4619140625,285.3212280273437,0.0,0.0,0.0,0.0,1.0,1.0,-0.0010041038040071,6.343931158170335e-09,0.0010040975175797,-0.0156723111867904,0.0,0.0,0.0,-0.0079577751457691,60.0,0.7775832414627075,-0.0,-6.87411230160251e-08,0.0,282.9992980957031,284.4533386230469,290.2752380371094,291.35028076171875,293.1499938964844,293.1499938964844,278.1499938964844,0.0,18000.0,313.1499938964844,0.0,18000.0,0.0,0.0,0.0,0.0,0.0,0.0,0.0,0.0,0.0,-0.0,-0.0,0.0,-5.2805772432836115e-21,-2.6402886216418057e-21,-2.6402886216418057e-21,0.0,0.0,-0.0,0.0,0.0,0.0,-0.0,0.0,0.0,0.0,0.0,0.0,4.0,0.0,0.0
12273480,298.39764404296875,303.1499938964844,285.1499938964844,0.0,-0.0,285.1144104003906,0.0,0.0,9.423158189747484e-05,298.32354736328125,303.1499938964844,285.1499938964844,0.0,-0.0,285.1144714355469,0.0,0.0,9.923043398885056e-05,298.8568115234375,303.1499938964844,285.1499938964844,0.0,-0.0,285.1144104003906,0.0,0.0,7.329128129640594e-05,298.06207275390625,303.1499938964844,285.1499938964844,0.0,-0.0,285.1144104003906,0.0,0.0,9.923039760906248e-05,298.3466186523437,303.1499938964844,285.1499938964844,0.0,-0.0,285.11407470703125,0.0,0.0,0.0004707059706561,285.1174011230469,294.1499938964844,286.45001220703125,282.844482421875,288.6382751464844,286.4615478515625,285.32135009765625,0.0,0.0,0.0,0.0,1.0,1.0,-0.0010040431516245,6.336841273935079e-09,0.0010040368651971,-0.0156537387520074,0.0,0.0,0.0,-0.0079542603343725,60.0,0.7774741053581238,-0.0,-6.873281677144405e-08,0.0,282.9992980957031,284.4533386230469,290.2752380371094,291.35028076171875,293.1499938964844,293.1499938964844,278.1499938964844,0.0,18000.0,313.1499938964844,0.0,18000.0,0.0,0.0,0.0,0.0,0.0,0.0,0.0,0.0,0.0,-0.0,-0.0,0.0,-5.2805772432836115e-21,-2.6402886216418057e-21,-2.6402886216418057e-21,0.0,0.0,-0.0,0.0,0.0,0.0,-0.0,0.0,0.0,0.0,0.0,0.0,4.0,0.0,0.0
12273540,298.3946838378906,303.1499938964844,285.1499938964844,0.0,-0.0,285.1155090332031,0.0,0.0,9.418174158781768e-05,298.3207702636719,303.1499938964844,285.1499938964844,0.0,-0.0,285.1156005859375,0.0,0.0,9.917794523062184e-05,298.85369873046875,303.1499938964844,285.1499938964844,0.0,-0.0,285.1155090332031,0.0,0.0,7.325251499423757e-05,298.0610656738281,303.1499938964844,285.1499938964844,0.0,-0.0,285.1155090332031,0.0,0.0,9.917790885083376e-05,298.34539794921875,303.1499938964844,285.1499938964844,0.0,-0.0,285.1152038574219,0.0,0.0,0.0004704569873865,285.11895751953125,294.1499938964844,286.45001220703125,282.8544616699219,288.5993957519531,286.4589233398437,285.3221130371094,0.0,0.0,0.0,0.0,1.0,1.0,-0.001003511948511,6.274719410725993e-09,0.0010035056620836,-0.0154910078272223,0.0,0.0,0.0,-0.0079234642907977,60.0,0.7765489816665649,-0.0,-6.866009982786636e-08,0.0,282.9992980957031,284.4533386230469,290.2752380371094,291.35028076171875,293.1499938964844,293.1499938964844,278.1499938964844,0.0,18000.0,313.1499938964844,0.0,18000.0,0.0,0.0,0.0,0.0,0.0,0.0,0.0,0.0,0.0,-0.0,-0.0,0.0,-5.2805772432836115e-21,-2.6402886216418057e-21,-2.6402886216418057e-21,0.0,0.0,-0.0,0.0,0.0,0.0,-0.0,0.0,0.0,0.0,0.0,0.0,4.0,0.0,0.0
12273600,298.3946838378906,303.1499938964844,285.1499938964844,0.0,-0.0,285.1155090332031,0.0,0.0,9.418174158781768e-05,298.3207702636719,303.1499938964844,285.1499938964844,0.0,-0.0,285.1156005859375,0.0,0.0,9.917794523062184e-05,298.85369873046875,303.1499938964844,285.1499938964844,0.0,-0.0,285.1155090332031,0.0,0.0,7.325251499423757e-05,298.0610656738281,303.1499938964844,285.1499938964844,0.0,-0.0,285.1155090332031,0.0,0.0,9.917790885083376e-05,298.34539794921875,303.1499938964844,285.1499938964844,0.0,-0.0,285.1152038574219,0.0,0.0,0.0004704569873865,285.11895751953125,294.1499938964844,286.45001220703125,282.8544616699219,288.5993957519531,286.4589233398437,285.3221130371094,0.0,0.0,0.0,0.0,1.0,1.0,-0.001003511948511,6.274719410725993e-09,0.0010035056620836,-0.0154910078272223,0.0,0.0,0.0,-0.0079234642907977,60.0,0.7765489816665649,-0.0,-6.866009982786636e-08,0.0,282.9992980957031,284.4533386230469,290.2752380371094,291.35028076171875,293.1499938964844,293.1499938964844,278.1499938964844,0.0,18000.0,313.1499938964844,0.0,18000.0,0.0,0.0,0.0,0.0,0.0,0.0,0.0,0.0,0.0,-0.0,-0.0,0.0,-5.2805772432836115e-21,-2.6402886216418057e-21,-2.6402886216418057e-21,0.0,0.0,-0.0,0.0,0.0,0.0,-0.0,0.0,0.0,0.0,0.0,0.0,4.0,0.0,0.0
12273660,298.39178466796875,303.1499938964844,285.1499938964844,0.0,-0.0,285.1166381835937,0.0,0.0,9.412797953700648e-05,298.3180847167969,303.1499938964844,285.1499938964844,0.0,-0.0,285.11669921875,0.0,0.0,9.912133100442588e-05,298.8506774902344,303.1499938964844,285.1499938964844,0.0,-0.0,285.1166381835937,0.0,0.0,7.321070006582886e-05,298.0602111816406,303.1499938964844,285.1499938964844,0.0,-0.0,285.1166381835937,0.0,0.0,9.91212946246378e-05,298.3442687988281,303.1499938964844,285.1499938964844,0.0,-0.0,285.1163330078125,0.0,0.0,0.0004701884463429,285.1204833984375,294.1499938964844,286.45001220703125,282.8634948730469,288.56121826171875,286.4569091796875,285.3228759765625,0.0,0.0,0.0,0.0,1.0,1.0,-0.0010029388358816,6.207712122119346e-09,0.0010029326658695,-0.0153154805302619,0.0,0.0,0.0,-0.0078902458772063,60.0,0.7755998373031616,-0.0,-6.858170564782995e-08,0.0,282.9992980957031,284.4533386230469,290.2752380371094,291.35028076171875,293.1499938964844,293.1499938964844,278.1499938964844,0.0,18000.0,313.1499938964844,0.0,18000.0,0.0,0.0,0.0,0.0,0.0,0.0,0.0,0.0,0.0,-0.0,-0.0,0.0,-5.2805772432836115e-21,-2.6402886216418057e-21,-2.6402886216418057e-21,0.0,0.0,-0.0,0.0,0.0,0.0,-0.0,0.0,0.0,0.0,0.0,0.0,4.0,0.0,0.0
12273720,298.39178466796875,303.1499938964844,285.1499938964844,0.0,-0.0,285.1166381835937,0.0,0.0,9.412797953700648e-05,298.3180847167969,303.1499938964844,285.1499938964844,0.0,-0.0,285.11669921875,0.0,0.0,9.912133100442588e-05,298.8506774902344,303.1499938964844,285.1499938964844,0.0,-0.0,285.1166381835937,0.0,0.0,7.321070006582886e-05,298.0602111816406,303.1499938964844,285.1499938964844,0.0,-0.0,285.1166381835937,0.0,0.0,9.91212946246378e-05,298.3442687988281,303.1499938964844,285.1499938964844,0.0,-0.0,285.1163330078125,0.0,0.0,0.0004701884463429,285.1204833984375,294.1499938964844,286.45001220703125,282.8634948730469,288.56121826171875,286.4569091796875,285.3228759765625,0.0,0.0,0.0,0.0,1.0,1.0,-0.0010029388358816,6.207712122119346e-09,0.0010029326658695,-0.0153154805302619,0.0,0.0,0.0,-0.0078902458772063,60.0,0.7755998373031616,-0.0,-6.858170564782995e-08,0.0,282.9992980957031,284.4533386230469,290.2752380371094,291.35028076171875,293.1499938964844,293.1499938964844,278.1499938964844,0.0,18000.0,313.1499938964844,0.0,18000.0,0.0,0.0,0.0,0.0,0.0,0.0,0.0,0.0,0.0,-0.0,-0.0,0.0,-5.2805772432836115e-21,-2.6402886216418057e-21,-2.6402886216418057e-21,0.0,0.0,-0.0,0.0,0.0,0.0,-0.0,0.0,0.0,0.0,0.0,0.0,4.0,0.0,0.0
12273780,298.3889465332031,303.1499938964844,285.1499938964844,0.0,-0.0,285.1177673339844,0.0,0.0,9.40708996495232e-05,298.3154602050781,303.1499938964844,285.1499938964844,0.0,-0.0,285.11785888671875,0.0,0.0,9.906122431857511e-05,298.8477478027344,303.1499938964844,285.1499938964844,0.0,-0.0,285.1177673339844,0.0,0.0,7.316630944842473e-05,298.0595092773437,303.1499938964844,285.1499938964844,0.0,-0.0,285.1177978515625,0.0,0.0,9.906118793878704e-05,298.34326171875,303.1499938964844,285.1499938964844,0.0,-0.0,285.1174621582031,0.0,0.0,0.0004699033452197,285.1220397949219,294.1499938964844,286.45001220703125,282.8716735839844,288.52374267578125,286.4553527832031,285.3236389160156,0.0,0.0,0.0,0.0,1.0,1.0,-0.0010023305658251,6.136577024307144e-09,0.001002324395813,-0.0151291359215974,0.0,0.0,0.0,-0.0078549813479185,60.0,0.7746310234069824,-0.0,-6.849853662060923e-08,0.0,282.9992980957031,284.4533386230469,290.2752380371094,291.35028076171875,293.1499938964844,293.1499938964844,278.1499938964844,0.0,18000.0,313.1499938964844,0.0,18000.0,0.0,0.0,0.0,0.0,0.0,0.0,0.0,0.0,0.0,-0.0,-0.0,0.0,-5.2805772432836115e-21,-2.6402886216418057e-21,-2.6402886216418057e-21,0.0,0.0,-0.0,0.0,0.0,0.0,-0.0,0.0,0.0,0.0,0.0,0.0,4.0,0.0,0.0
12273840,298.3889465332031,303.1499938964844,285.1499938964844,0.0,-0.0,285.1177673339844,0.0,0.0,9.40708996495232e-05,298.3154602050781,303.1499938964844,285.1499938964844,0.0,-0.0,285.11785888671875,0.0,0.0,9.906122431857511e-05,298.8477478027344,303.1499938964844,285.1499938964844,0.0,-0.0,285.1177673339844,0.0,0.0,7.316630944842473e-05,298.0595092773437,303.1499938964844,285.1499938964844,0.0,-0.0,285.1177978515625,0.0,0.0,9.906118793878704e-05,298.34326171875,303.1499938964844,285.1499938964844,0.0,-0.0,285.1174621582031,0.0,0.0,0.0004699033452197,285.1220397949219,294.1499938964844,286.45001220703125,282.8716735839844,288.52374267578125,286.4553527832031,285.3236389160156,0.0,0.0,0.0,0.0,1.0,1.0,-0.0010023305658251,6.136577024307144e-09,0.001002324395813,-0.0151291359215974,0.0,0.0,0.0,-0.0078549813479185,60.0,0.7746310234069824,-0.0,-6.849853662060923e-08,0.0,282.9992980957031,284.4533386230469,290.2752380371094,291.35028076171875,293.1499938964844,293.1499938964844,278.1499938964844,0.0,18000.0,313.1499938964844,0.0,18000.0,0.0,0.0,0.0,0.0,0.0,0.0,0.0,0.0,0.0,-0.0,-0.0,0.0,-5.2805772432836115e-21,-2.6402886216418057e-21,-2.6402886216418057e-21,0.0,0.0,-0.0,0.0,0.0,0.0,-0.0,0.0,0.0,0.0,0.0,0.0,4.0,0.0,0.0
12273900,298.3875427246094,303.1499938964844,285.1499938964844,0.0,-0.0,285.11834716796875,0.0,0.0,9.404130832990631e-05,298.314208984375,303.1499938964844,285.1499938964844,0.0,-0.0,285.118408203125,0.0,0.0,9.903006866807118e-05,298.8463134765625,303.1499938964844,285.1499938964844,0.0,-0.0,285.11834716796875,0.0,0.0,7.314328831853345e-05,298.0592041015625,303.1499938964844,285.1499938964844,0.0,-0.0,285.11834716796875,0.0,0.0,9.903003228828312e-05,298.3427734375,303.1499938964844,285.1499938964844,0.0,-0.0,285.1180419921875,0.0,0.0,0.0004697555268649,285.122802734375,294.1499938964844,286.45001220703125,282.8754272460937,288.5052795410156,286.4547424316406,285.3240051269531,0.0,0.0,0.0,0.0,1.0,1.0,-0.0010020151967182,6.0997003004104045e-09,0.0010020090267062,-0.0150325344875454,0.0,0.0,0.0,-0.0078366994857788,60.0,0.774140477180481,-0.0,-6.845543509825802e-08,0.0,282.9992980957031,284.4533386230469,290.2752380371094,291.35028076171875,293.1499938964844,293.1499938964844,278.1499938964844,0.0,18000.0,313.1499938964844,0.0,18000.0,0.0,0.0,0.0,0.0,0.0,0.0,0.0,0.0,0.0,-0.0,-0.0,0.0,-5.2805772432836115e-21,-2.6402886216418057e-21,-2.6402886216418057e-21,0.0,0.0,-0.0,0.0,0.0,0.0,-0.0,0.0,0.0,0.0,0.0,0.0,4.0,0.0,0.0
12273960,298.3861389160156,303.1499938964844,285.1499938964844,0.0,-0.0,285.1189270019531,0.0,0.0,9.401112765772268e-05,298.3129577636719,303.1499938964844,285.1499938964844,0.0,-0.0,285.1189880371094,0.0,0.0,9.89982800092548e-05,298.8448791503906,303.1499938964844,285.1499938964844,0.0,-0.0,285.1189270019531,0.0,0.0,7.31198160792701e-05,298.0589599609375,303.1499938964844,285.1499938964844,0.0,-0.0,285.1189270019531,0.0,0.0,9.899825090542436e-05,298.3423156738281,303.1499938964844,285.1499938964844,0.0,-0.0,285.1186218261719,0.0,0.0,0.0004696047690231,285.12359619140625,294.1499938964844,286.45001220703125,282.87896728515625,288.4869689941406,286.4541931152344,285.3243713378906,0.0,0.0,0.0,0.0,1.0,1.0,-0.001001693541184,6.062085944336104e-09,0.0010016874875873,-0.0149339996278285,0.0,0.0,0.0,-0.0078180525451898,60.0,0.7736468315124512,-0.0,-6.841148803005126e-08,0.0,282.9992980957031,284.4533386230469,290.2752380371094,291.35028076171875,293.1499938964844,293.1499938964844,278.1499938964844,0.0,18000.0,313.1499938964844,0.0,18000.0,0.0,0.0,0.0,0.0,0.0,0.0,0.0,0.0,0.0,-0.0,-0.0,0.0,-5.2805772432836115e-21,-2.6402886216418057e-21,-2.6402886216418057e-21,0.0,0.0,-0.0,0.0,0.0,0.0,-0.0,0.0,0.0,0.0,0.0,0.0,4.0,0.0,0.0
12274020,298.38336181640625,303.1499938964844,285.1499938964844,0.0,-0.0,285.1200561523437,0.0,0.0,9.394930384587497e-05,298.3105163574219,303.1499938964844,285.1499938964844,0.0,-0.0,285.1201477050781,0.0,0.0,9.893318201648071e-05,298.8420715332031,303.1499938964844,285.1499938964844,0.0,-0.0,285.1200561523437,0.0,0.0,7.307172927539796e-05,298.0585021972656,303.1499938964844,285.1499938964844,0.0,-0.0,285.1200561523437,0.0,0.0,9.893314563669264e-05,298.3414611816406,303.1499938964844,285.1499938964844,0.0,-0.0,285.1197509765625,0.0,0.0,0.0004692959482781,285.1251525878906,294.1499938964844,286.45001220703125,282.8854675292969,288.45086669921875,286.4532775878906,285.3250732421875,0.0,0.0,0.0,0.0,1.0,1.0,-0.0010010346304625,5.985036910516328e-09,0.0010010285768657,-0.0147321615368127,0.0,0.0,0.0,-0.0077798562124371,60.0,0.7726524472236633,-0.0,-6.832151200342197e-08,0.0,282.9992980957031,284.4533386230469,290.2752380371094,291.35028076171875,293.1499938964844,293.1499938964844,278.1499938964844,0.0,18000.0,313.1499938964844,0.0,18000.0,0.0,0.0,0.0,0.0,0.0,0.0,0.0,0.0,0.0,-0.0,-0.0,0.0,-5.2805772432836115e-21,-2.6402886216418057e-21,-2.6402886216418057e-21,0.0,0.0,-0.0,0.0,0.0,0.0,-0.0,0.0,0.0,0.0,0.0,0.0,4.0,0.0,0.0
12274080,298.38336181640625,303.1499938964844,285.1499938964844,0.0,-0.0,285.1200561523437,0.0,0.0,9.394930384587497e-05,298.3105163574219,303.1499938964844,285.1499938964844,0.0,-0.0,285.1201477050781,0.0,0.0,9.893318201648071e-05,298.8420715332031,303.1499938964844,285.1499938964844,0.0,-0.0,285.1200561523437,0.0,0.0,7.307172927539796e-05,298.0585021972656,303.1499938964844,285.1499938964844,0.0,-0.0,285.1200561523437,0.0,0.0,9.893314563669264e-05,298.3414611816406,303.1499938964844,285.1499938964844,0.0,-0.0,285.1197509765625,0.0,0.0,0.0004692959482781,285.1251525878906,294.1499938964844,286.45001220703125,282.8854675292969,288.45086669921875,286.4532775878906,285.3250732421875,0.0,0.0,0.0,0.0,1.0,1.0,-0.0010010346304625,5.985036910516328e-09,0.0010010285768657,-0.0147321615368127,0.0,0.0,0.0,-0.0077798562124371,60.0,0.7726524472236633,-0.0,-6.832151200342197e-08,0.0,282.9992980957031,284.4533386230469,290.2752380371094,291.35028076171875,293.1499938964844,293.1499938964844,278.1499938964844,0.0,18000.0,313.1499938964844,0.0,18000.0,0.0,0.0,0.0,0.0,0.0,0.0,0.0,0.0,0.0,-0.0,-0.0,0.0,-5.2805772432836115e-21,-2.6402886216418057e-21,-2.6402886216418057e-21,0.0,0.0,-0.0,0.0,0.0,0.0,-0.0,0.0,0.0,0.0,0.0,0.0,4.0,0.0,0.0
12274140,298.3805847167969,303.1499938964844,285.1499938964844,0.0,-0.0,285.1212158203125,0.0,0.0,9.38860684982501e-05,298.30816650390625,303.1499938964844,285.1499938964844,0.0,-0.0,285.12127685546875,0.0,0.0,9.886658517643808e-05,298.8392944335937,303.1499938964844,285.1499938964844,0.0,-0.0,285.1212158203125,0.0,0.0,7.302254380192608e-05,298.0581359863281,303.1499938964844,285.1499938964844,0.0,-0.0,285.1212158203125,0.0,0.0,9.886654879665002e-05,298.3406677246094,303.1499938964844,285.1499938964844,0.0,-0.0,285.12091064453125,0.0,0.0,0.0004689800553023,285.126708984375,294.1499938964844,286.45001220703125,282.8912048339844,288.4154357910156,286.4525756835937,285.3258056640625,0.0,0.0,0.0,0.0,1.0,1.0,-0.0010003605857491,5.906223066176608e-09,0.0010003546485677,-0.0145256984978914,0.0,0.0,0.0,-0.0077407849021255,60.0,0.7716519236564636,-0.0,-6.822953935170517e-08,0.0,282.9992980957031,284.4533386230469,290.2752380371094,291.35028076171875,293.1499938964844,293.1499938964844,278.1499938964844,0.0,18000.0,313.1499938964844,0.0,18000.0,0.0,0.0,0.0,0.0,0.0,0.0,0.0,0.0,0.0,-0.0,-0.0,0.0,-5.2805772432836115e-21,-2.6402886216418057e-21,-2.6402886216418057e-21,0.0,0.0,-0.0,0.0,0.0,0.0,-0.0,0.0,0.0,0.0,0.0,0.0,4.0,0.0,0.0
12274200,298.3805847167969,303.1499938964844,285.1499938964844,0.0,-0.0,285.1212158203125,0.0,0.0,9.38860684982501e-05,298.30816650390625,303.1499938964844,285.1499938964844,0.0,-0.0,285.12127685546875,0.0,0.0,9.886658517643808e-05,298.8392944335937,303.1499938964844,285.1499938964844,0.0,-0.0,285.1212158203125,0.0,0.0,7.302254380192608e-05,298.0581359863281,303.1499938964844,285.1499938964844,0.0,-0.0,285.1212158203125,0.0,0.0,9.886654879665002e-05,298.3406677246094,303.1499938964844,285.1499938964844,0.0,-0.0,285.12091064453125,0.0,0.0,0.0004689800553023,285.126708984375,294.1499938964844,286.45001220703125,282.8912048339844,288.4154357910156,286.4525756835937,285.3258056640625,0.0,0.0,0.0,0.0,1.0,1.0,-0.0010003605857491,5.906223066176608e-09,0.0010003546485677,-0.0145256984978914,0.0,0.0,0.0,-0.0077407849021255,60.0,0.7716519236564636,-0.0,-6.822953935170517e-08,0.0,282.9992980957031,284.4533386230469,290.2752380371094,291.35028076171875,293.1499938964844,293.1499938964844,278.1499938964844,0.0,18000.0,313.1499938964844,0.0,18000.0,0.0,0.0,0.0,0.0,0.0,0.0,0.0,0.0,0.0,-0.0,-0.0,0.0,-5.2805772432836115e-21,-2.6402886216418057e-21,-2.6402886216418057e-21,0.0,0.0,-0.0,0.0,0.0,0.0,-0.0,0.0,0.0,0.0,0.0,0.0,4.0,0.0,0.0
12274260,298.3778381347656,303.1499938964844,285.1499938964844,0.0,-0.0,285.12237548828125,0.0,0.0,9.382205462316052e-05,298.3058776855469,303.1499938964844,285.1499938964844,0.0,-0.0,285.1224365234375,0.0,0.0,9.87991807051003e-05,298.8365783691406,303.1499938964844,285.1499938964844,0.0,-0.0,285.12237548828125,0.0,0.0,7.297275442397222e-05,298.057861328125,303.1499938964844,285.1499938964844,0.0,-0.0,285.12237548828125,0.0,0.0,9.879914432531224e-05,298.33990478515625,303.1499938964844,285.1499938964844,0.0,-0.0,285.1220703125,0.0,0.0,0.0004686603206209,285.12823486328125,294.1499938964844,286.45001220703125,282.896240234375,288.3806457519531,286.4520263671875,285.32647705078125,0.0,0.0,0.0,0.0,1.0,1.0,-0.0009996783919632,5.826451765500451e-09,0.0009996725711971,-0.0143167236819863,0.0,0.0,0.0,-0.0077012386173009,60.0,0.7706500887870789,-0.0,-6.813651509673947e-08,0.0,282.9992980957031,284.4533386230469,290.2752380371094,291.35028076171875,293.1499938964844,293.1499938964844,278.1499938964844,0.0,18000.0,313.1499938964844,0.0,18000.0,0.0,0.0,0.0,0.0,0.0,0.0,0.0,0.0,0.0,-0.0,-0.0,0.0,-5.2805772432836115e-21,-2.6402886216418057e-21,-2.6402886216418057e-21,0.0,0.0,-0.0,0.0,0.0,0.0,-0.0,0.0,0.0,0.0,0.0,0.0,4.0,0.0,0.0
12274320,298.3778381347656,303.1499938964844,285.1499938964844,0.0,-0.0,285.12237548828125,0.0,0.0,9.382205462316052e-05,298.3058776855469,303.1499938964844,285.1499938964844,0.0,-0.0,285.1224365234375,0.0,0.0,9.87991807051003e-05,298.8365783691406,303.1499938964844,285.1499938964844,0.0,-0.0,285.12237548828125,0.0,0.0,7.297275442397222e-05,298.057861328125,303.1499938964844,285.1499938964844,0.0,-0.0,285.12237548828125,0.0,0.0,9.879914432531224e-05,298.33990478515625,303.1499938964844,285.1499938964844,0.0,-0.0,285.1220703125,0.0,0.0,0.0004686603206209,285.12823486328125,294.1499938964844,286.45001220703125,282.896240234375,288.3806457519531,286.4520263671875,285.32647705078125,0.0,0.0,0.0,0.0,1.0,1.0,-0.0009996783919632,5.826451765500451e-09,0.0009996725711971,-0.0143167236819863,0.0,0.0,0.0,-0.0077012386173009,60.0,0.7706500887870789,-0.0,-6.813651509673947e-08,0.0,282.9992980957031,284.4533386230469,290.2752380371094,291.35028076171875,293.1499938964844,293.1499938964844,278.1499938964844,0.0,18000.0,313.1499938964844,0.0,18000.0,0.0,0.0,0.0,0.0,0.0,0.0,0.0,0.0,0.0,-0.0,-0.0,0.0,-5.2805772432836115e-21,-2.6402886216418057e-21,-2.6402886216418057e-21,0.0,0.0,-0.0,0.0,0.0,0.0,-0.0,0.0,0.0,0.0,0.0,0.0,4.0,0.0,0.0
12274380,298.3751220703125,303.1499938964844,285.1499938964844,0.0,-0.0,285.12353515625,0.0,0.0,9.37579243327491e-05,298.3036499023437,303.1499938964844,285.1499938964844,0.0,-0.0,285.12359619140625,0.0,0.0,9.873164526652543e-05,298.8339233398437,303.1499938964844,285.1499938964844,0.0,-0.0,285.12353515625,0.0,0.0,7.292287773452699e-05,298.0576171875,303.1499938964844,285.1499938964844,0.0,-0.0,285.12353515625,0.0,0.0,9.873160888673738e-05,298.3392028808594,303.1499938964844,285.1499938964844,0.0,-0.0,285.1232604980469,0.0,0.0,0.0004683399747591,285.1297912597656,294.1499938964844,286.45001220703125,282.90057373046875,288.3464660644531,286.4515991210937,285.3271789550781,0.0,0.0,0.0,0.0,1.0,1.0,-0.0009989948011934,5.746526809957686e-09,0.0009989890968427,-0.014107346534729,0.0,0.0,0.0,-0.0076616164296865,60.0,0.7696518898010254,-0.0,-6.804337004950868e-08,0.0,282.9992980957031,284.4533386230469,290.2752380371094,291.35028076171875,293.1499938964844,293.1499938964844,278.1499938964844,0.0,18000.0,313.1499938964844,0.0,18000.0,0.0,0.0,0.0,0.0,0.0,0.0,0.0,0.0,0.0,-0.0,-0.0,0.0,-5.2805772432836115e-21,-2.6402886216418057e-21,-2.6402886216418057e-21,0.0,0.0,-0.0,0.0,0.0,0.0,-0.0,0.0,0.0,0.0,0.0,0.0,4.0,0.0,0.0
12274440,298.3751220703125,303.1499938964844,285.1499938964844,0.0,-0.0,285.12353515625,0.0,0.0,9.37579243327491e-05,298.3036499023437,303.1499938964844,285.1499938964844,0.0,-0.0,285.12359619140625,0.0,0.0,9.873164526652543e-05,298.8339233398437,303.1499938964844,285.1499938964844,0.0,-0.0,285.12353515625,0.0,0.0,7.292287773452699e-05,298.0576171875,303.1499938964844,285.1499938964844,0.0,-0.0,285.12353515625,0.0,0.0,9.873160888673738e-05,298.3392028808594,303.1499938964844,285.1499938964844,0.0,-0.0,285.1232604980469,0.0,0.0,0.0004683399747591,285.1297912597656,294.1499938964844,286.45001220703125,282.90057373046875,288.3464660644531,286.4515991210937,285.3271789550781,0.0,0.0,0.0,0.0,1.0,1.0,-0.0009989948011934,5.746526809957686e-09,0.0009989890968427,-0.014107346534729,0.0,0.0,0.0,-0.0076616164296865,60.0,0.7696518898010254,-0.0,-6.804337004950868e-08,0.0,282.9992980957031,284.4533386230469,290.2752380371094,291.35028076171875,293.1499938964844,293.1499938964844,278.1499938964844,0.0,18000.0,313.1499938964844,0.0,18000.0,0.0,0.0,0.0,0.0,0.0,0.0,0.0,0.0,0.0,-0.0,-0.0,0.0,-5.2805772432836115e-21,-2.6402886216418057e-21,-2.6402886216418057e-21,0.0,0.0,-0.0,0.0,0.0,0.0,-0.0,0.0,0.0,0.0,0.0,0.0,4.0,0.0,0.0
12274500,298.3737487792969,303.1499938964844,285.1499938964844,0.0,-0.0,285.1241149902344,0.0,0.0,9.372601198265328e-05,298.30255126953125,303.1499938964844,285.1499938964844,0.0,-0.0,285.12420654296875,0.0,0.0,9.869803761830552e-05,298.83258056640625,303.1499938964844,285.1499938964844,0.0,-0.0,285.1241455078125,0.0,0.0,7.28980521671474e-05,298.0574951171875,303.1499938964844,285.1499938964844,0.0,-0.0,285.1241455078125,0.0,0.0,9.869800123851746e-05,298.3388671875,303.1499938964844,285.1499938964844,0.0,-0.0,285.12384033203125,0.0,0.0,0.0004681805730797,285.1305847167969,294.1499938964844,286.45001220703125,282.90252685546875,288.32965087890625,286.4514465332031,285.3275146484375,0.0,0.0,0.0,0.0,1.0,1.0,-0.0009986547520384,5.706755512591144e-09,0.0009986489312723,-0.014003156684339,0.0,0.0,0.0,-0.0076418998651206,60.0,0.769155740737915,-0.0,-6.799704266313712e-08,0.0,282.9992980957031,284.4533386230469,290.2752380371094,291.35028076171875,293.1499938964844,293.1499938964844,278.1499938964844,0.0,18000.0,313.1499938964844,0.0,18000.0,0.0,0.0,0.0,0.0,0.0,0.0,0.0,0.0,0.0,-0.0,-0.0,0.0,-5.2805772432836115e-21,-2.6402886216418057e-21,-2.6402886216418057e-21,0.0,0.0,-0.0,0.0,0.0,0.0,-0.0,0.0,0.0,0.0,0.0,0.0,4.0,0.0,0.0
12274560,298.3724060058594,303.1499938964844,285.1499938964844,0.0,-0.0,285.1247253417969,0.0,0.0,9.369431063532828e-05,298.3014831542969,303.1499938964844,285.1499938964844,0.0,-0.0,285.1247863769531,0.0,0.0,9.866465552477166e-05,298.8312683105469,303.1499938964844,285.1499938964844,0.0,-0.0,285.1247253417969,0.0,0.0,7.287339394679293e-05,298.0574035644531,303.1499938964844,285.1499938964844,0.0,-0.0,285.1247253417969,0.0,0.0,9.86646191449836e-05,298.33856201171875,303.1499938964844,285.1499938964844,0.0,-0.0,285.1244201660156,0.0,0.0,0.0004680222191382,285.13134765625,294.1499938964844,286.45001220703125,282.904296875,288.3129577636719,286.4512634277344,285.3278503417969,0.0,0.0,0.0,0.0,1.0,1.0,-0.0009983167983591,5.667248004215253e-09,0.0009983110940083,-0.013899658806622,0.0,0.0,0.0,-0.0076223141513764,60.0,0.7686622738838196,-0.0,-6.7951042126424e-08,0.0,282.9992980957031,284.4533386230469,290.2752380371094,291.35028076171875,293.1499938964844,293.1499938964844,278.1499938964844,0.0,18000.0,313.1499938964844,0.0,18000.0,0.0,0.0,0.0,0.0,0.0,0.0,0.0,0.0,0.0,-0.0,-0.0,0.0,-5.2805772432836115e-21,-2.6402886216418057e-21,-2.6402886216418057e-21,0.0,0.0,-0.0,0.0,0.0,0.0,-0.0,0.0,0.0,0.0,0.0,0.0,4.0,0.0,0.0
12274620,298.3697814941406,303.1499938964844,285.1499938964844,0.0,-0.0,285.1258544921875,0.0,0.0,9.363431308884174e-05,298.2994689941406,303.1499938964844,285.1499938964844,0.0,-0.0,285.1259155273437,0.0,0.0,9.86014783848077e-05,298.8287658691406,303.1499938964844,285.1499938964844,0.0,-0.0,285.1258544921875,0.0,0.0,7.282673323061317e-05,298.0572204589844,303.1499938964844,285.1499938964844,0.0,-0.0,285.1258544921875,0.0,0.0,9.860144928097724e-05,298.33795166015625,303.1499938964844,285.1499938964844,0.0,-0.0,285.12554931640625,0.0,0.0,0.000467722536996,285.1328430175781,294.1499938964844,286.45001220703125,282.9073181152344,288.2813720703125,286.4510192871094,285.3284912109375,0.0,0.0,0.0,0.0,1.0,1.0,-0.0009976774454116,5.592483809380155e-09,0.0009976718574762,-0.0137037970125675,0.0,0.0,0.0,-0.0075852503068745,60.0,0.7677244544029236,-0.0,-6.786402906300283e-08,0.0,282.9992980957031,284.4533386230469,290.2752380371094,291.35028076171875,293.1499938964844,293.1499938964844,278.1499938964844,0.0,18000.0,313.1499938964844,0.0,18000.0,0.0,0.0,0.0,0.0,0.0,0.0,0.0,0.0,0.0,-0.0,-0.0,0.0,-5.2805772432836115e-21,-2.6402886216418057e-21,-2.6402886216418057e-21,0.0,0.0,-0.0,0.0,0.0,0.0,-0.0,0.0,0.0,0.0,0.0,0.0,4.0,0.0,0.0
12274680,298.36968994140625,303.1499938964844,285.1499938964844,0.0,-0.0,285.1258850097656,0.0,0.0,9.363184653921051e-05,298.2994079589844,303.1499938964844,285.1499938964844,0.0,-0.0,285.1259460449219,0.0,0.0,9.859888086793944e-05,298.82867431640625,303.1499938964844,285.1499938964844,0.0,-0.0,285.1258850097656,0.0,0.0,7.282481965376064e-05,298.05718994140625,303.1499938964844,285.1499938964844,0.0,-0.0,285.1258850097656,0.0,0.0,9.859884448815136e-05,298.3379211425781,303.1499938964844,285.1499938964844,0.0,-0.0,285.1256103515625,0.0,0.0,0.0004677102260757,285.1329040527344,294.1499938964844,286.45001220703125,282.9074401855469,288.2800598144531,286.4510192871094,285.3285217285156,0.0,0.0,0.0,0.0,1.0,1.0,-0.0009976511355489,5.589408047512734e-09,0.0009976455476135,-0.0136957401409745,0.0,0.0,0.0,-0.0075837257318198,60.0,0.7676856517791748,-0.0,-6.78604479276146e-08,0.0,282.9992980957031,284.4533386230469,290.2752380371094,291.35028076171875,293.1499938964844,293.1499938964844,278.1499938964844,0.0,18000.0,313.1499938964844,0.0,18000.0,0.0,0.0,0.0,0.0,0.0,0.0,0.0,0.0,0.0,-0.0,-0.0,0.0,-5.2805772432836115e-21,-2.6402886216418057e-21,-2.6402886216418057e-21,0.0,0.0,-0.0,0.0,0.0,0.0,-0.0,0.0,0.0,0.0,0.0,0.0,4.0,0.0,0.0
12274740,298.366943359375,303.1499938964844,285.1499938964844,0.0,-0.0,285.1270751953125,0.0,0.0,9.357116505270824e-05,298.29736328125,303.1499938964844,285.1499938964844,0.0,-0.0,285.12713623046875,0.0,0.0,9.853497613221408e-05,298.8260803222656,303.1499938964844,285.1499938964844,0.0,-0.0,285.1270751953125,0.0,0.0,7.277762051671743e-05,298.0570068359375,303.1499938964844,285.1499938964844,0.0,-0.0,285.1270751953125,0.0,0.0,9.85349470283836e-05,298.3373107910156,303.1499938964844,285.1499938964844,0.0,-0.0,285.12677001953125,0.0,0.0,0.0004674070805776,285.13446044921875,294.1499938964844,286.45001220703125,282.9100036621094,288.24774169921875,286.4508056640625,285.3291931152344,0.0,0.0,0.0,0.0,1.0,1.0,-0.0009970043320208,5.5137814314321085e-09,0.0009969988605007,-0.0134976161643862,0.0,0.0,0.0,-0.0075462344102561,60.0,0.7667269706726074,-0.0,-6.777248984235484e-08,0.0,282.9992980957031,284.4533386230469,290.2752380371094,291.35028076171875,293.1499938964844,293.1499938964844,278.1499938964844,0.0,18000.0,313.1499938964844,0.0,18000.0,0.0,0.0,0.0,0.0,0.0,0.0,0.0,0.0,0.0,-0.0,-0.0,0.0,-5.2805772432836115e-21,-2.6402886216418057e-21,-2.6402886216418057e-21,0.0,0.0,-0.0,0.0,0.0,0.0,-0.0,0.0,0.0,0.0,0.0,0.0,4.0,0.0,0.0
12274800,298.366943359375,303.1499938964844,285.1499938964844,0.0,-0.0,285.1270751953125,0.0,0.0,9.357116505270824e-05,298.29736328125,303.1499938964844,285.1499938964844,0.0,-0.0,285.12713623046875,0.0,0.0,9.853497613221408e-05,298.8260803222656,303.1499938964844,285.1499938964844,0.0,-0.0,285.1270751953125,0.0,0.0,7.277762051671743e-05,298.0570068359375,303.1499938964844,285.1499938964844,0.0,-0.0,285.1270751953125,0.0,0.0,9.85349470283836e-05,298.3373107910156,303.1499938964844,285.1499938964844,0.0,-0.0,285.12677001953125,0.0,0.0,0.0004674070805776,285.13446044921875,294.1499938964844,286.45001220703125,282.9100036621094,288.24774169921875,286.4508056640625,285.3291931152344,0.0,0.0,0.0,0.0,1.0,1.0,-0.0009970043320208,5.5137814314321085e-09,0.0009969988605007,-0.0134976161643862,0.0,0.0,0.0,-0.0075462344102561,60.0,0.7667269706726074,-0.0,-6.777248984235484e-08,0.0,282.9992980957031,284.4533386230469,290.2752380371094,291.35028076171875,293.1499938964844,293.1499938964844,278.1499938964844,0.0,18000.0,313.1499938964844,0.0,18000.0,0.0,0.0,0.0,0.0,0.0,0.0,0.0,0.0,0.0,-0.0,-0.0,0.0,-5.2805772432836115e-21,-2.6402886216418057e-21,-2.6402886216418057e-21,0.0,0.0,-0.0,0.0,0.0,0.0,-0.0,0.0,0.0,0.0,0.0,0.0,4.0,0.0,0.0
12274860,298.3642272949219,303.1499938964844,285.1499938964844,0.0,-0.0,285.12823486328125,0.0,0.0,9.35128700803034e-05,298.2953796386719,303.1499938964844,285.1499938964844,0.0,-0.0,285.1283264160156,0.0,0.0,9.84735816018656e-05,298.8235168457031,303.1499938964844,285.1499938964844,0.0,-0.0,285.1282653808594,0.0,0.0,7.273227674886584e-05,298.0567626953125,303.1499938964844,285.1499938964844,0.0,-0.0,285.1282653808594,0.0,0.0,9.847355249803512e-05,298.3367004394531,303.1499938964844,285.1499938964844,0.0,-0.0,285.1279602050781,0.0,0.0,0.0004671158967539,285.1360168457031,294.1499938964844,286.45001220703125,282.9120788574219,288.2160339355469,286.4506530761719,285.329833984375,0.0,0.0,0.0,0.0,1.0,1.0,-0.0009963830234482,5.441128880789847e-09,0.0009963775519281,-0.0133072836324572,0.0,0.0,0.0,-0.0075102169066667,60.0,0.7657908797264099,-0.0,-6.768804183820977e-08,0.0,282.9992980957031,284.4533386230469,290.2752380371094,291.35028076171875,293.1499938964844,293.1499938964844,278.1499938964844,0.0,18000.0,313.1499938964844,0.0,18000.0,0.0,0.0,0.0,0.0,0.0,0.0,0.0,0.0,0.0,-0.0,-0.0,0.0,-5.2805772432836115e-21,-2.6402886216418057e-21,-2.6402886216418057e-21,0.0,0.0,-0.0,0.0,0.0,0.0,-0.0,0.0,0.0,0.0,0.0,0.0,4.0,0.0,0.0
12274920,298.3642272949219,303.1499938964844,285.1499938964844,0.0,-0.0,285.12823486328125,0.0,0.0,9.35128700803034e-05,298.2953796386719,303.1499938964844,285.1499938964844,0.0,-0.0,285.1283264160156,0.0,0.0,9.84735816018656e-05,298.8235168457031,303.1499938964844,285.1499938964844,0.0,-0.0,285.1282653808594,0.0,0.0,7.273227674886584e-05,298.0567626953125,303.1499938964844,285.1499938964844,0.0,-0.0,285.1282653808594,0.0,0.0,9.847355249803512e-05,298.3367004394531,303.1499938964844,285.1499938964844,0.0,-0.0,285.1279602050781,0.0,0.0,0.0004671158967539,285.1360168457031,294.1499938964844,286.45001220703125,282.9120788574219,288.2160339355469,286.4506530761719,285.329833984375,0.0,0.0,0.0,0.0,1.0,1.0,-0.0009963830234482,5.441128880789847e-09,0.0009963775519281,-0.0133072836324572,0.0,0.0,0.0,-0.0075102169066667,60.0,0.7657908797264099,-0.0,-6.768804183820977e-08,0.0,282.9992980957031,284.4533386230469,290.2752380371094,291.35028076171875,293.1499938964844,293.1499938964844,278.1499938964844,0.0,18000.0,313.1499938964844,0.0,18000.0,0.0,0.0,0.0,0.0,0.0,0.0,0.0,0.0,0.0,-0.0,-0.0,0.0,-5.2805772432836115e-21,-2.6402886216418057e-21,-2.6402886216418057e-21,0.0,0.0,-0.0,0.0,0.0,0.0,-0.0,0.0,0.0,0.0,0.0,0.0,4.0,0.0,0.0
12274980,298.3614807128906,303.1499938964844,285.1499938964844,0.0,-0.0,285.1294250488281,0.0,0.0,9.345755097456276e-05,298.29345703125,303.1499938964844,285.1499938964844,0.0,-0.0,285.1294860839844,0.0,0.0,9.841533028520644e-05,298.82098388671875,303.1499938964844,285.1499938964844,0.0,-0.0,285.1294250488281,0.0,0.0,7.268924673553556e-05,298.0564880371094,303.1499938964844,285.1499938964844,0.0,-0.0,285.12945556640625,0.0,0.0,9.841530118137598e-05,298.3360900878906,303.1499938964844,285.1499938964844,0.0,-0.0,285.129150390625,0.0,0.0,0.0004668395849876,285.1375732421875,294.1499938964844,286.45001220703125,282.9136962890625,288.1849060058594,286.4505310058594,285.3304748535156,0.0,0.0,0.0,0.0,1.0,1.0,-0.0009957933798432,5.3721911363879835e-09,0.0009957880247384,-0.0131266806274652,0.0,0.0,0.0,-0.0074760415591299,60.0,0.7648818492889404,-0.0,-6.760796367188959e-08,0.0,282.9992980957031,284.4533386230469,290.2752380371094,291.35028076171875,293.1499938964844,293.1499938964844,278.1499938964844,0.0,18000.0,313.1499938964844,0.0,18000.0,0.0,0.0,0.0,0.0,0.0,0.0,0.0,0.0,0.0,-0.0,-0.0,0.0,-5.2805772432836115e-21,-2.6402886216418057e-21,-2.6402886216418057e-21,0.0,0.0,-0.0,0.0,0.0,0.0,-0.0,0.0,0.0,0.0,0.0,0.0,4.0,0.0,0.0
12275040,298.3614807128906,303.1499938964844,285.1499938964844,0.0,-0.0,285.1294250488281,0.0,0.0,9.345755097456276e-05,298.29345703125,303.1499938964844,285.1499938964844,0.0,-0.0,285.1294860839844,0.0,0.0,9.841533028520644e-05,298.82098388671875,303.1499938964844,285.1499938964844,0.0,-0.0,285.1294250488281,0.0,0.0,7.268924673553556e-05,298.0564880371094,303.1499938964844,285.1499938964844,0.0,-0.0,285.12945556640625,0.0,0.0,9.841530118137598e-05,298.3360900878906,303.1499938964844,285.1499938964844,0.0,-0.0,285.129150390625,0.0,0.0,0.0004668395849876,285.1375732421875,294.1499938964844,286.45001220703125,282.9136962890625,288.1849060058594,286.4505310058594,285.3304748535156,0.0,0.0,0.0,0.0,1.0,1.0,-0.0009957933798432,5.3721911363879835e-09,0.0009957880247384,-0.0131266806274652,0.0,0.0,0.0,-0.0074760415591299,60.0,0.7648818492889404,-0.0,-6.760796367188959e-08,0.0,282.9992980957031,284.4533386230469,290.2752380371094,291.35028076171875,293.1499938964844,293.1499938964844,278.1499938964844,0.0,18000.0,313.1499938964844,0.0,18000.0,0.0,0.0,0.0,0.0,0.0,0.0,0.0,0.0,0.0,-0.0,-0.0,0.0,-5.2805772432836115e-21,-2.6402886216418057e-21,-2.6402886216418057e-21,0.0,0.0,-0.0,0.0,0.0,0.0,-0.0,0.0,0.0,0.0,0.0,0.0,4.0,0.0,0.0
12275100,298.360107421875,303.1499938964844,285.1499938964844,0.0,-0.0,285.1300354003906,0.0,0.0,9.34311974560842e-05,298.2925109863281,303.1499938964844,285.1499938964844,0.0,-0.0,285.1300964355469,0.0,0.0,9.838757978286594e-05,298.8197021484375,303.1499938964844,285.1499938964844,0.0,-0.0,285.1300354003906,0.0,0.0,7.266875036293641e-05,298.0563049316406,303.1499938964844,285.1499938964844,0.0,-0.0,285.1300354003906,0.0,0.0,9.838755067903548e-05,298.3357849121094,303.1499938964844,285.1499938964844,0.0,-0.0,285.1297607421875,0.0,0.0,0.0004667079192586,285.13836669921875,294.1499938964844,286.45001220703125,282.9143371582031,288.1695556640625,286.4504699707031,285.330810546875,0.0,0.0,0.0,0.0,1.0,1.0,-0.0009955124696716,5.339344077981423e-09,0.0009955072309821,-0.0130406282842159,0.0,0.0,0.0,-0.007459757849574,60.0,0.7644392848014832,-0.0,-6.756982884326136e-08,0.0,282.9992980957031,284.4533386230469,290.2752380371094,291.35028076171875,293.1499938964844,293.1499938964844,278.1499938964844,0.0,18000.0,313.1499938964844,0.0,18000.0,0.0,0.0,0.0,0.0,0.0,0.0,0.0,0.0,0.0,-0.0,-0.0,0.0,-5.2805772432836115e-21,-2.6402886216418057e-21,-2.6402886216418057e-21,0.0,0.0,-0.0,0.0,0.0,0.0,-0.0,0.0,0.0,0.0,0.0,0.0,4.0,0.0,0.0
12275160,298.35870361328125,303.1499938964844,285.1499938964844,0.0,-0.0,285.130615234375,0.0,0.0,9.340579708805308e-05,298.2915954589844,303.1499938964844,285.1499938964844,0.0,-0.0,285.13067626953125,0.0,0.0,9.83608333626762e-05,298.8184509277344,303.1499938964844,285.1499938964844,0.0,-0.0,285.1306457519531,0.0,0.0,7.26489961380139e-05,298.0561218261719,303.1499938964844,285.1499938964844,0.0,-0.0,285.1306457519531,0.0,0.0,9.836080425884576e-05,298.3354797363281,303.1499938964844,285.1499938964844,0.0,-0.0,285.13037109375,0.0,0.0,0.0004665810556616,285.1391296386719,294.1499938964844,286.45001220703125,282.91485595703125,288.1543273925781,286.450439453125,285.33111572265625,0.0,0.0,0.0,0.0,1.0,1.0,-0.0009952418040484,5.3076889550141004e-09,0.0009952364489436,-0.0129576977342367,0.0,0.0,0.0,-0.0074440650641918,60.0,0.7640049457550049,-0.0,-6.753307957296786e-08,0.0,282.9992980957031,284.4533386230469,290.2752380371094,291.35028076171875,293.1499938964844,293.1499938964844,278.1499938964844,0.0,18000.0,313.1499938964844,0.0,18000.0,0.0,0.0,0.0,0.0,0.0,0.0,0.0,0.0,0.0,-0.0,-0.0,0.0,-5.2805772432836115e-21,-2.6402886216418057e-21,-2.6402886216418057e-21,0.0,0.0,-0.0,0.0,0.0,0.0,-0.0,0.0,0.0,0.0,0.0,0.0,4.0,0.0,0.0
12275220,298.3559265136719,303.1499938964844,285.1499938964844,0.0,-0.0,285.1318359375,0.0,0.0,9.33581468416378e-05,298.2897644042969,303.1499938964844,285.1499938964844,0.0,-0.0,285.13189697265625,0.0,0.0,9.83106583589688e-05,298.8158874511719,303.1499938964844,285.1499938964844,0.0,-0.0,285.1318359375,0.0,0.0,7.261193968588486e-05,298.0556945800781,303.1499938964844,285.1499938964844,0.0,-0.0,285.1318359375,0.0,0.0,9.831062925513834e-05,298.3348693847656,303.1499938964844,285.1499938964844,0.0,-0.0,285.1315612792969,0.0,0.0,0.0004663430445361,285.14068603515625,294.1499938964844,286.45001220703125,282.9156799316406,288.12432861328125,286.4503479003906,285.3317565917969,0.0,0.0,0.0,0.0,1.0,1.0,-0.0009947340004146,5.248308010408209e-09,0.0009947286453098,-0.0128021296113729,0.0,0.0,0.0,-0.0074146268889307,60.0,0.7631629705429077,-0.0,-6.746417824388119e-08,0.0,282.9992980957031,284.4533386230469,290.2752380371094,291.35028076171875,293.1499938964844,293.1499938964844,278.1499938964844,0.0,18000.0,313.1499938964844,0.0,18000.0,0.0,0.0,0.0,0.0,0.0,0.0,0.0,0.0,0.0,-0.0,-0.0,0.0,-5.2805772432836115e-21,-2.6402886216418057e-21,-2.6402886216418057e-21,0.0,0.0,-0.0,0.0,0.0,0.0,-0.0,0.0,0.0,0.0,0.0,0.0,4.0,0.0,0.0
12275280,298.3559265136719,303.1499938964844,285.1499938964844,0.0,-0.0,285.1318359375,0.0,0.0,9.33581468416378e-05,298.2897644042969,303.1499938964844,285.1499938964844,0.0,-0.0,285.13189697265625,0.0,0.0,9.83106583589688e-05,298.8158874511719,303.1499938964844,285.1499938964844,0.0,-0.0,285.1318359375,0.0,0.0,7.261193968588486e-05,298.0556945800781,303.1499938964844,285.1499938964844,0.0,-0.0,285.1318359375,0.0,0.0,9.831062925513834e-05,298.3348693847656,303.1499938964844,285.1499938964844,0.0,-0.0,285.1315612792969,0.0,0.0,0.0004663430445361,285.14068603515625,294.1499938964844,286.45001220703125,282.9156799316406,288.12432861328125,286.4503479003906,285.3317565917969,0.0,0.0,0.0,0.0,1.0,1.0,-0.0009947340004146,5.248308010408209e-09,0.0009947286453098,-0.0128021296113729,0.0,0.0,0.0,-0.0074146268889307,60.0,0.7631629705429077,-0.0,-6.746417824388119e-08,0.0,282.9992980957031,284.4533386230469,290.2752380371094,291.35028076171875,293.1499938964844,293.1499938964844,278.1499938964844,0.0,18000.0,313.1499938964844,0.0,18000.0,0.0,0.0,0.0,0.0,0.0,0.0,0.0,0.0,0.0,-0.0,-0.0,0.0,-5.2805772432836115e-21,-2.6402886216418057e-21,-2.6402886216418057e-21,0.0,0.0,-0.0,0.0,0.0,0.0,-0.0,0.0,0.0,0.0,0.0,0.0,4.0,0.0,0.0
12275340,298.3531188964844,303.1499938964844,285.1499938964844,0.0,-0.0,285.1330261230469,0.0,0.0,9.33151604840532e-05,298.2879943847656,303.1499938964844,285.1499938964844,0.0,-0.0,285.1330871582031,0.0,0.0,9.826538735069336e-05,298.8133544921875,303.1499938964844,285.1499938964844,0.0,-0.0,285.1330261230469,0.0,0.0,7.257849938469008e-05,298.0551452636719,303.1499938964844,285.1499938964844,0.0,-0.0,285.1330261230469,0.0,0.0,9.826535824686287e-05,298.3341979980469,303.1499938964844,285.1499938964844,0.0,-0.0,285.1327514648437,0.0,0.0,0.0004661282873712,285.1422424316406,294.1499938964844,286.45001220703125,282.9161376953125,288.0948486328125,286.4502868652344,285.3323669433594,0.0,0.0,0.0,0.0,1.0,1.0,-0.0009942756732925,5.194725982704541e-09,0.000994270434603,-0.0126617541536688,0.0,0.0,0.0,-0.0073880641721189,60.0,0.7623612880706787,-0.0,-6.740204128163897e-08,0.0,282.9992980957031,284.4533386230469,290.2752380371094,291.35028076171875,293.1499938964844,293.1499938964844,278.1499938964844,0.0,18000.0,313.1499938964844,0.0,18000.0,0.0,0.0,0.0,0.0,0.0,0.0,0.0,0.0,0.0,-0.0,-0.0,0.0,-5.2805772432836115e-21,-2.6402886216418057e-21,-2.6402886216418057e-21,0.0,0.0,-0.0,0.0,0.0,0.0,-0.0,0.0,0.0,0.0,0.0,0.0,4.0,0.0,0.0
12275400,298.3531188964844,303.1499938964844,285.1499938964844,0.0,-0.0,285.1330261230469,0.0,0.0,9.33151604840532e-05,298.2879943847656,303.1499938964844,285.1499938964844,0.0,-0.0,285.1330871582031,0.0,0.0,9.826538735069336e-05,298.8133544921875,303.1499938964844,285.1499938964844,0.0,-0.0,285.1330261230469,0.0,0.0,7.257849938469008e-05,298.0551452636719,303.1499938964844,285.1499938964844,0.0,-0.0,285.1330261230469,0.0,0.0,9.826535824686287e-05,298.3341979980469,303.1499938964844,285.1499938964844,0.0,-0.0,285.1327514648437,0.0,0.0,0.0004661282873712,285.1422424316406,294.1499938964844,286.45001220703125,282.9161376953125,288.0948486328125,286.4502868652344,285.3323669433594,0.0,0.0,0.0,0.0,1.0,1.0,-0.0009942756732925,5.194725982704541e-09,0.000994270434603,-0.0126617541536688,0.0,0.0,0.0,-0.0073880641721189,60.0,0.7623612880706787,-0.0,-6.740204128163897e-08,0.0,282.9992980957031,284.4533386230469,290.2752380371094,291.35028076171875,293.1499938964844,293.1499938964844,278.1499938964844,0.0,18000.0,313.1499938964844,0.0,18000.0,0.0,0.0,0.0,0.0,0.0,0.0,0.0,0.0,0.0,-0.0,-0.0,0.0,-5.2805772432836115e-21,-2.6402886216418057e-21,-2.6402886216418057e-21,0.0,0.0,-0.0,0.0,0.0,0.0,-0.0,0.0,0.0,0.0,0.0,0.0,4.0,0.0,0.0
12275460,298.3503112792969,303.1499938964844,285.1499938964844,0.0,-0.0,285.1342163085937,0.0,0.0,9.327733278041704e-05,298.2862548828125,303.1499938964844,285.1499938964844,0.0,-0.0,285.13427734375,0.0,0.0,9.82255587587133e-05,298.8108215332031,303.1499938964844,285.1499938964844,0.0,-0.0,285.1342163085937,0.0,0.0,7.254908268805593e-05,298.05450439453125,303.1499938964844,285.1499938964844,0.0,-0.0,285.1342163085937,0.0,0.0,9.822552965488283e-05,298.3335266113281,303.1499938964844,285.1499938964844,0.0,-0.0,285.13397216796875,0.0,0.0,0.0004659393744077,285.143798828125,294.1499938964844,286.45001220703125,282.91632080078125,288.0658874511719,286.4502258300781,285.3330078125,0.0,0.0,0.0,0.0,1.0,1.0,-0.000993872527033,5.147583248543697e-09,0.0009938674047589,-0.0125382468104362,0.0,0.0,0.0,-0.0073646935634315,60.0,0.761603593826294,-0.0,-6.734738633440429e-08,0.0,282.9992980957031,284.4533386230469,290.2752380371094,291.35028076171875,293.1499938964844,293.1499938964844,278.1499938964844,0.0,18000.0,313.1499938964844,0.0,18000.0,0.0,0.0,0.0,0.0,0.0,0.0,0.0,0.0,0.0,-0.0,-0.0,0.0,-5.2805772432836115e-21,-2.6402886216418057e-21,-2.6402886216418057e-21,0.0,0.0,-0.0,0.0,0.0,0.0,-0.0,0.0,0.0,0.0,0.0,0.0,4.0,0.0,0.0
12275520,298.3503112792969,303.1499938964844,285.1499938964844,0.0,-0.0,285.1342163085937,0.0,0.0,9.327733278041704e-05,298.2862548828125,303.1499938964844,285.1499938964844,0.0,-0.0,285.13427734375,0.0,0.0,9.82255587587133e-05,298.8108215332031,303.1499938964844,285.1499938964844,0.0,-0.0,285.1342163085937,0.0,0.0,7.254908268805593e-05,298.05450439453125,303.1499938964844,285.1499938964844,0.0,-0.0,285.1342163085937,0.0,0.0,9.822552965488283e-05,298.3335266113281,303.1499938964844,285.1499938964844,0.0,-0.0,285.13397216796875,0.0,0.0,0.0004659393744077,285.143798828125,294.1499938964844,286.45001220703125,282.91632080078125,288.0658874511719,286.4502258300781,285.3330078125,0.0,0.0,0.0,0.0,1.0,1.0,-0.000993872527033,5.147583248543697e-09,0.0009938674047589,-0.0125382468104362,0.0,0.0,0.0,-0.0073646935634315,60.0,0.761603593826294,-0.0,-6.734738633440429e-08,0.0,282.9992980957031,284.4533386230469,290.2752380371094,291.35028076171875,293.1499938964844,293.1499938964844,278.1499938964844,0.0,18000.0,313.1499938964844,0.0,18000.0,0.0,0.0,0.0,0.0,0.0,0.0,0.0,0.0,0.0,-0.0,-0.0,0.0,-5.2805772432836115e-21,-2.6402886216418057e-21,-2.6402886216418057e-21,0.0,0.0,-0.0,0.0,0.0,0.0,-0.0,0.0,0.0,0.0,0.0,0.0,4.0,0.0,0.0
12275580,298.3474426269531,303.1499938964844,285.1499938964844,0.0,-0.0,285.13543701171875,0.0,0.0,9.324517304776236e-05,298.2845458984375,303.1499938964844,285.1499938964844,0.0,-0.0,285.135498046875,0.0,0.0,9.819168917601928e-05,298.8082580566406,303.1499938964844,285.1499938964844,0.0,-0.0,285.13543701171875,0.0,0.0,7.252406794577837e-05,298.0537109375,303.1499938964844,285.1499938964844,0.0,-0.0,285.13543701171875,0.0,0.0,9.819166007218882e-05,298.33282470703125,303.1499938964844,285.1499938964844,0.0,-0.0,285.1351623535156,0.0,0.0,0.0004657787212636,285.14532470703125,294.1499938964844,286.45001220703125,282.916259765625,288.0374755859375,286.4501953125,285.3336181640625,0.0,0.0,0.0,0.0,1.0,1.0,-0.0009935296839103,5.107494871481322e-09,0.0009935245616361,-0.0124332215636968,0.0,0.0,0.0,-0.0073448196053504,60.0,0.760893702507019,-0.0,-6.73009310503403e-08,0.0,282.9992980957031,284.4533386230469,290.2752380371094,291.35028076171875,293.1499938964844,293.1499938964844,278.1499938964844,0.0,18000.0,313.1499938964844,0.0,18000.0,0.0,0.0,0.0,0.0,0.0,0.0,0.0,0.0,0.0,-0.0,-0.0,0.0,-5.2805772432836115e-21,-2.6402886216418057e-21,-2.6402886216418057e-21,0.0,0.0,-0.0,0.0,0.0,0.0,-0.0,0.0,0.0,0.0,0.0,0.0,4.0,0.0,0.0
12275640,298.3474426269531,303.1499938964844,285.1499938964844,0.0,-0.0,285.13543701171875,0.0,0.0,9.324517304776236e-05,298.2845458984375,303.1499938964844,285.1499938964844,0.0,-0.0,285.135498046875,0.0,0.0,9.819168917601928e-05,298.8082580566406,303.1499938964844,285.1499938964844,0.0,-0.0,285.13543701171875,0.0,0.0,7.252406794577837e-05,298.0537109375,303.1499938964844,285.1499938964844,0.0,-0.0,285.13543701171875,0.0,0.0,9.819166007218882e-05,298.33282470703125,303.1499938964844,285.1499938964844,0.0,-0.0,285.1351623535156,0.0,0.0,0.0004657787212636,285.14532470703125,294.1499938964844,286.45001220703125,282.916259765625,288.0374755859375,286.4501953125,285.3336181640625,0.0,0.0,0.0,0.0,1.0,1.0,-0.0009935296839103,5.107494871481322e-09,0.0009935245616361,-0.0124332215636968,0.0,0.0,0.0,-0.0073448196053504,60.0,0.760893702507019,-0.0,-6.73009310503403e-08,0.0,282.9992980957031,284.4533386230469,290.2752380371094,291.35028076171875,293.1499938964844,293.1499938964844,278.1499938964844,0.0,18000.0,313.1499938964844,0.0,18000.0,0.0,0.0,0.0,0.0,0.0,0.0,0.0,0.0,0.0,-0.0,-0.0,0.0,-5.2805772432836115e-21,-2.6402886216418057e-21,-2.6402886216418057e-21,0.0,0.0,-0.0,0.0,0.0,0.0,-0.0,0.0,0.0,0.0,0.0,0.0,4.0,0.0,0.0
12275700,298.3459777832031,303.1499938964844,285.1499938964844,0.0,-0.0,285.13604736328125,0.0,0.0,9.323137783212589e-05,298.2837219238281,303.1499938964844,285.1499938964844,0.0,-0.0,285.1360778808594,0.0,0.0,9.817715908866376e-05,298.8069763183594,303.1499938964844,285.1499938964844,0.0,-0.0,285.13604736328125,0.0,0.0,7.251333590829745e-05,298.0532531738281,303.1499938964844,285.1499938964844,0.0,-0.0,285.13604736328125,0.0,0.0,9.81771299848333e-05,298.3324584960937,303.1499938964844,285.1499938964844,0.0,-0.0,285.1357727050781,0.0,0.0,0.0004657098033931,285.1461181640625,294.1499938964844,286.45001220703125,282.9161376953125,288.0234680175781,286.4501647949219,285.3339233398437,0.0,0.0,0.0,0.0,1.0,1.0,-0.0009933825349435,5.090297960919088e-09,0.0009933775290846,-0.0123881679028272,0.0,0.0,0.0,-0.0073362942785024,60.0,0.7605584859848022,-0.0,-6.728100743202958e-08,0.0,282.9992980957031,284.4533386230469,290.2752380371094,291.35028076171875,293.1499938964844,293.1499938964844,278.1499938964844,0.0,18000.0,313.1499938964844,0.0,18000.0,0.0,0.0,0.0,0.0,0.0,0.0,0.0,0.0,0.0,-0.0,-0.0,0.0,-5.2805772432836115e-21,-2.6402886216418057e-21,-2.6402886216418057e-21,0.0,0.0,-0.0,0.0,0.0,0.0,-0.0,0.0,0.0,0.0,0.0,0.0,4.0,0.0,0.0
12275760,298.34454345703125,303.1499938964844,285.1499938964844,0.0,-0.0,285.1366271972656,0.0,0.0,9.321914694737644e-05,298.2828674316406,303.1499938964844,285.1499938964844,0.0,-0.0,285.1366882324219,0.0,0.0,9.816428064368664e-05,298.8056640625,303.1499938964844,285.1499938964844,0.0,-0.0,285.1366577148437,0.0,0.0,7.25038189557381e-05,298.0527648925781,303.1499938964844,285.1499938964844,0.0,-0.0,285.1366577148437,0.0,0.0,9.81642515398562e-05,298.3320617675781,303.1499938964844,285.1499938964844,0.0,-0.0,285.1363830566406,0.0,0.0,0.0004656487144529,285.1468811035156,294.1499938964844,286.45001220703125,282.9159545898437,288.00958251953125,286.4501647949219,285.334228515625,0.0,0.0,0.0,0.0,1.0,1.0,-0.000993252149783,5.075049269720466e-09,0.0009932470275089,-0.0123482178896665,0.0,0.0,0.0,-0.0073287347331643,60.0,0.7602360844612122,-0.0,-6.72633433396186e-08,0.0,282.9992980957031,284.4533386230469,290.2752380371094,291.35028076171875,293.1499938964844,293.1499938964844,278.1499938964844,0.0,18000.0,313.1499938964844,0.0,18000.0,0.0,0.0,0.0,0.0,0.0,0.0,0.0,0.0,0.0,-0.0,-0.0,0.0,-5.2805772432836115e-21,-2.6402886216418057e-21,-2.6402886216418057e-21,0.0,0.0,-0.0,0.0,0.0,0.0,-0.0,0.0,0.0,0.0,0.0,0.0,4.0,0.0,0.0
12275820,298.34161376953125,303.1499938964844,285.1499938964844,0.0,-0.0,285.1378479003906,0.0,0.0,9.319969831267372e-05,298.28125,303.1499938964844,285.1499938964844,0.0,-0.0,285.1379089355469,0.0,0.0,9.814379882300273e-05,298.8030700683594,303.1499938964844,285.1499938964844,0.0,-0.0,285.1378479003906,0.0,0.0,7.248869223985821e-05,298.0516357421875,303.1499938964844,285.1499938964844,0.0,-0.0,285.1378479003906,0.0,0.0,9.814376971917228e-05,298.3312683105469,303.1499938964844,285.1499938964844,0.0,-0.0,285.1376037597656,0.0,0.0,0.0004655515658669,285.1484375,294.1499938964844,286.45001220703125,282.9154968261719,287.9821472167969,286.4501342773437,285.3348388671875,0.0,0.0,0.0,0.0,1.0,1.0,-0.0009930448140949,5.050803331130282e-09,0.0009930396918207,-0.0122846961021423,0.0,0.0,0.0,-0.0073167150840163,60.0,0.7596319913864136,-0.0,-6.723526269070136e-08,0.0,282.9992980957031,284.4533386230469,290.2752380371094,291.35028076171875,293.1499938964844,293.1499938964844,278.1499938964844,0.0,18000.0,313.1499938964844,0.0,18000.0,0.0,0.0,0.0,0.0,0.0,0.0,0.0,0.0,0.0,-0.0,-0.0,0.0,-5.2805772432836115e-21,-2.6402886216418057e-21,-2.6402886216418057e-21,0.0,0.0,-0.0,0.0,0.0,0.0,-0.0,0.0,0.0,0.0,0.0,0.0,4.0,0.0,0.0
12275880,298.34161376953125,303.1499938964844,285.1499938964844,0.0,-0.0,285.1378479003906,0.0,0.0,9.319969831267372e-05,298.28125,303.1499938964844,285.1499938964844,0.0,-0.0,285.1379089355469,0.0,0.0,9.814379882300273e-05,298.8030700683594,303.1499938964844,285.1499938964844,0.0,-0.0,285.1378479003906,0.0,0.0,7.248869223985821e-05,298.0516357421875,303.1499938964844,285.1499938964844,0.0,-0.0,285.1378479003906,0.0,0.0,9.814376971917228e-05,298.3312683105469,303.1499938964844,285.1499938964844,0.0,-0.0,285.1376037597656,0.0,0.0,0.0004655515658669,285.1484375,294.1499938964844,286.45001220703125,282.9154968261719,287.9821472167969,286.4501342773437,285.3348388671875,0.0,0.0,0.0,0.0,1.0,1.0,-0.0009930448140949,5.050803331130282e-09,0.0009930396918207,-0.0122846961021423,0.0,0.0,0.0,-0.0073167150840163,60.0,0.7596319913864136,-0.0,-6.723526269070136e-08,0.0,282.9992980957031,284.4533386230469,290.2752380371094,291.35028076171875,293.1499938964844,293.1499938964844,278.1499938964844,0.0,18000.0,313.1499938964844,0.0,18000.0,0.0,0.0,0.0,0.0,0.0,0.0,0.0,0.0,0.0,-0.0,-0.0,0.0,-5.2805772432836115e-21,-2.6402886216418057e-21,-2.6402886216418057e-21,0.0,0.0,-0.0,0.0,0.0,0.0,-0.0,0.0,0.0,0.0,0.0,0.0,4.0,0.0,0.0
12275940,298.3386535644531,303.1499938964844,285.1499938964844,0.0,-0.0,285.1390686035156,0.0,0.0,9.31872200453654e-05,298.2796325683594,303.1499938964844,285.1499938964844,0.0,-0.0,285.1391296386719,0.0,0.0,9.813065844355152e-05,298.8004455566406,303.1499938964844,285.1499938964844,0.0,-0.0,285.1390686035156,0.0,0.0,7.247898611240089e-05,298.0503234863281,303.1499938964844,285.1499938964844,0.0,-0.0,285.1390686035156,0.0,0.0,9.813062933972104e-05,298.33038330078125,303.1499938964844,285.1499938964844,0.0,-0.0,285.1388244628906,0.0,0.0,0.000465489225462,285.14996337890625,294.1499938964844,286.45001220703125,282.9149169921875,287.9552307128906,286.4501037597656,285.3354187011719,0.0,0.0,0.0,0.0,1.0,1.0,-0.0009929116349667,5.035237560235828e-09,0.0009929066291078,-0.0122439162805676,0.0,0.0,0.0,-0.007308998145163,60.0,0.759086549282074,-0.0,-6.721723622149511e-08,0.0,282.9992980957031,284.4533386230469,290.2752380371094,291.35028076171875,293.1499938964844,293.1499938964844,278.1499938964844,0.0,18000.0,313.1499938964844,0.0,18000.0,0.0,0.0,0.0,0.0,0.0,0.0,0.0,0.0,0.0,-0.0,-0.0,0.0,-5.2805772432836115e-21,-2.6402886216418057e-21,-2.6402886216418057e-21,0.0,0.0,-0.0,0.0,0.0,0.0,-0.0,0.0,0.0,0.0,0.0,0.0,4.0,0.0,0.0
12276000,298.3386535644531,303.1499938964844,285.1499938964844,0.0,-0.0,285.1390686035156,0.0,0.0,9.31872200453654e-05,298.2796325683594,303.1499938964844,285.1499938964844,0.0,-0.0,285.1391296386719,0.0,0.0,9.813065844355152e-05,298.8004455566406,303.1499938964844,285.1499938964844,0.0,-0.0,285.1390686035156,0.0,0.0,7.247898611240089e-05,298.0503234863281,303.1499938964844,285.1499938964844,0.0,-0.0,285.1390686035156,0.0,0.0,9.813062933972104e-05,298.33038330078125,303.1499938964844,285.1499938964844,0.0,-0.0,285.1388244628906,0.0,0.0,0.000465489225462,285.14996337890625,294.1499938964844,286.45001220703125,282.9149169921875,287.9552307128906,286.4501037597656,285.3354187011719,0.0,0.0,0.0,0.0,1.0,1.0,-0.0009929116349667,5.035237560235828e-09,0.0009929066291078,-0.0122439162805676,0.0,0.0,0.0,-0.007308998145163,60.0,0.759086549282074,-0.0,-6.721723622149511e-08,0.0,282.9992980957031,284.4533386230469,290.2752380371094,291.35028076171875,293.1499938964844,293.1499938964844,278.1499938964844,0.0,18000.0,313.1499938964844,0.0,18000.0,0.0,0.0,0.0,0.0,0.0,0.0,0.0,0.0,0.0,-0.0,-0.0,0.0,-5.2805772432836115e-21,-2.6402886216418057e-21,-2.6402886216418057e-21,0.0,0.0,-0.0,0.0,0.0,0.0,-0.0,0.0,0.0,0.0,0.0,0.0,4.0,0.0,0.0
12276060,298.3356628417969,303.1499938964844,285.1499938964844,0.0,-0.0,285.1402893066406,0.0,0.0,9.317805233877152e-05,298.2780456542969,303.1499938964844,285.1499938964844,0.0,-0.0,285.1403503417969,0.0,0.0,9.812100324779748e-05,298.7977905273437,303.1499938964844,285.1499938964844,0.0,-0.0,285.1402893066406,0.0,0.0,7.247185567393899e-05,298.048828125,303.1499938964844,285.1499938964844,0.0,-0.0,285.1402893066406,0.0,0.0,9.812097414396705e-05,298.3294677734375,303.1499938964844,285.1499938964844,0.0,-0.0,285.1400451660156,0.0,0.0,0.0004654434451367,285.1515197753906,294.1499938964844,286.45001220703125,282.9140014648437,287.92877197265625,286.4500732421875,285.3360290527344,0.0,0.0,0.0,0.0,1.0,1.0,-0.000992813729681,5.023794713565621e-09,0.0009928087238222,-0.0122139370068907,0.0,0.0,0.0,-0.007303325459361,60.0,0.7585893273353577,-0.0,-6.720399170490057e-08,0.0,282.9992980957031,284.4533386230469,290.2752380371094,291.35028076171875,293.1499938964844,293.1499938964844,278.1499938964844,0.0,18000.0,313.1499938964844,0.0,18000.0,0.0,0.0,0.0,0.0,0.0,0.0,0.0,0.0,0.0,-0.0,-0.0,0.0,-5.2805772432836115e-21,-2.6402886216418057e-21,-2.6402886216418057e-21,0.0,0.0,-0.0,0.0,0.0,0.0,-0.0,0.0,0.0,0.0,0.0,0.0,4.0,0.0,0.0
12276120,298.3356628417969,303.1499938964844,285.1499938964844,0.0,-0.0,285.1402893066406,0.0,0.0,9.317805233877152e-05,298.2780456542969,303.1499938964844,285.1499938964844,0.0,-0.0,285.1403503417969,0.0,0.0,9.812100324779748e-05,298.7977905273437,303.1499938964844,285.1499938964844,0.0,-0.0,285.1402893066406,0.0,0.0,7.247185567393899e-05,298.048828125,303.1499938964844,285.1499938964844,0.0,-0.0,285.1402893066406,0.0,0.0,9.812097414396705e-05,298.3294677734375,303.1499938964844,285.1499938964844,0.0,-0.0,285.1400451660156,0.0,0.0,0.0004654434451367,285.1515197753906,294.1499938964844,286.45001220703125,282.9140014648437,287.92877197265625,286.4500732421875,285.3360290527344,0.0,0.0,0.0,0.0,1.0,1.0,-0.000992813729681,5.023794713565621e-09,0.0009928087238222,-0.0122139370068907,0.0,0.0,0.0,-0.007303325459361,60.0,0.7585893273353577,-0.0,-6.720399170490057e-08,0.0,282.9992980957031,284.4533386230469,290.2752380371094,291.35028076171875,293.1499938964844,293.1499938964844,278.1499938964844,0.0,18000.0,313.1499938964844,0.0,18000.0,0.0,0.0,0.0,0.0,0.0,0.0,0.0,0.0,0.0,-0.0,-0.0,0.0,-5.2805772432836115e-21,-2.6402886216418057e-21,-2.6402886216418057e-21,0.0,0.0,-0.0,0.0,0.0,0.0,-0.0,0.0,0.0,0.0,0.0,0.0,4.0,0.0,0.0
12276180,298.3326110839844,303.1499938964844,285.1499938964844,0.0,-0.0,285.1415100097656,0.0,0.0,9.316800424130632e-05,298.2764892578125,303.1499938964844,285.1499938964844,0.0,-0.0,285.1415710449219,0.0,0.0,9.811042400542648e-05,298.79510498046875,303.1499938964844,285.1499938964844,0.0,-0.0,285.1415100097656,0.0,0.0,7.246404129546136e-05,298.0472106933594,303.1499938964844,285.1499938964844,0.0,-0.0,285.1415100097656,0.0,0.0,9.8110394901596e-05,298.3284606933594,303.1499938964844,285.1499938964844,0.0,-0.0,285.1412658691406,0.0,0.0,0.000465393270133,285.1530456542969,294.1499938964844,286.45001220703125,282.9125061035156,287.9027709960937,286.4500732421875,285.33660888671875,0.0,0.0,0.0,0.0,1.0,1.0,-0.0009927066275849,5.011263404242072e-09,0.0009927016217261,-0.0121811060234904,0.0,0.0,0.0,-0.0072971130721271,60.0,0.7581033110618591,-0.0,-6.718948242223632e-08,0.0,282.9992980957031,284.4533386230469,290.2752380371094,291.35028076171875,293.1499938964844,293.1499938964844,278.1499938964844,0.0,18000.0,313.1499938964844,0.0,18000.0,0.0,0.0,0.0,0.0,0.0,0.0,0.0,0.0,0.0,-0.0,-0.0,0.0,-5.2805772432836115e-21,-2.6402886216418057e-21,-2.6402886216418057e-21,0.0,0.0,-0.0,0.0,0.0,0.0,-0.0,0.0,0.0,0.0,0.0,0.0,4.0,0.0,0.0
12276240,298.3326110839844,303.1499938964844,285.1499938964844,0.0,-0.0,285.1415100097656,0.0,0.0,9.316800424130632e-05,298.2764892578125,303.1499938964844,285.1499938964844,0.0,-0.0,285.1415710449219,0.0,0.0,9.811042400542648e-05,298.79510498046875,303.1499938964844,285.1499938964844,0.0,-0.0,285.1415100097656,0.0,0.0,7.246404129546136e-05,298.0472106933594,303.1499938964844,285.1499938964844,0.0,-0.0,285.1415100097656,0.0,0.0,9.8110394901596e-05,298.3284606933594,303.1499938964844,285.1499938964844,0.0,-0.0,285.1412658691406,0.0,0.0,0.000465393270133,285.1530456542969,294.1499938964844,286.45001220703125,282.9125061035156,287.9027709960937,286.4500732421875,285.33660888671875,0.0,0.0,0.0,0.0,1.0,1.0,-0.0009927066275849,5.011263404242072e-09,0.0009927016217261,-0.0121811060234904,0.0,0.0,0.0,-0.0072971130721271,60.0,0.7581033110618591,-0.0,-6.718948242223632e-08,0.0,282.9992980957031,284.4533386230469,290.2752380371094,291.35028076171875,293.1499938964844,293.1499938964844,278.1499938964844,0.0,18000.0,313.1499938964844,0.0,18000.0,0.0,0.0,0.0,0.0,0.0,0.0,0.0,0.0,0.0,-0.0,-0.0,0.0,-5.2805772432836115e-21,-2.6402886216418057e-21,-2.6402886216418057e-21,0.0,0.0,-0.0,0.0,0.0,0.0,-0.0,0.0,0.0,0.0,0.0,0.0,4.0,0.0,0.0
12276300,298.3310852050781,303.1499938964844,285.1499938964844,0.0,-0.0,285.1421203613281,0.0,0.0,9.316267096437514e-05,298.27569580078125,303.1499938964844,285.1499938964844,0.0,-0.0,285.1421813964844,0.0,0.0,9.810480696614832e-05,298.7937316894531,303.1499938964844,285.1499938964844,0.0,-0.0,285.1421203613281,0.0,0.0,7.245989399962127e-05,298.0463562011719,303.1499938964844,285.1499938964844,0.0,-0.0,285.1421203613281,0.0,0.0,9.810477786231786e-05,298.32794189453125,303.1499938964844,285.1499938964844,0.0,-0.0,285.1418762207031,0.0,0.0,0.0004653666110243,285.1538391113281,294.1499938964844,286.45001220703125,282.9115600585937,287.8899841308594,286.4500732421875,285.3369140625,0.0,0.0,0.0,0.0,1.0,1.0,-0.0009926497004926,5.004608727432469e-09,0.0009926446946337,-0.0121636716648936,0.0,0.0,0.0,-0.0072938143275678,60.0,0.7578595280647278,-0.0,-6.718178013898068e-08,0.0,282.9992980957031,284.4533386230469,290.2752380371094,291.35028076171875,293.1499938964844,293.1499938964844,278.1499938964844,0.0,18000.0,313.1499938964844,0.0,18000.0,0.0,0.0,0.0,0.0,0.0,0.0,0.0,0.0,0.0,-0.0,-0.0,0.0,-5.2805772432836115e-21,-2.6402886216418057e-21,-2.6402886216418057e-21,0.0,0.0,-0.0,0.0,0.0,0.0,-0.0,0.0,0.0,0.0,0.0,0.0,4.0,0.0,0.0
12276360,298.3295593261719,303.1499938964844,285.1499938964844,0.0,-0.0,285.1427307128906,0.0,0.0,9.315713396063074e-05,298.2749328613281,303.1499938964844,285.1499938964844,0.0,-0.0,285.1427917480469,0.0,0.0,9.809897892409936e-05,298.7923889160156,303.1499938964844,285.1499938964844,0.0,-0.0,285.1427307128906,0.0,0.0,7.245558663271368e-05,298.0455322265625,303.1499938964844,285.1499938964844,0.0,-0.0,285.1427307128906,0.0,0.0,9.80989498202689e-05,298.3274230957031,303.1499938964844,285.1499938964844,0.0,-0.0,285.1424865722656,0.0,0.0,0.0004653389623854,285.15460205078125,294.1499938964844,286.45001220703125,282.91046142578125,287.87725830078125,286.4500427246094,285.33721923828125,0.0,0.0,0.0,0.0,1.0,1.0,-0.0009925906779244,4.99770447248693e-09,0.0009925856720656,-0.0121455825865268,0.0,0.0,0.0,-0.0072903912514448,60.0,0.7576147317886353,-0.0,-6.717378653320338e-08,0.0,282.9992980957031,284.4533386230469,290.2752380371094,291.35028076171875,293.1499938964844,293.1499938964844,278.1499938964844,0.0,18000.0,313.1499938964844,0.0,18000.0,0.0,0.0,0.0,0.0,0.0,0.0,0.0,0.0,0.0,-0.0,-0.0,0.0,-5.2805772432836115e-21,-2.6402886216418057e-21,-2.6402886216418057e-21,0.0,0.0,-0.0,0.0,0.0,0.0,-0.0,0.0,0.0,0.0,0.0,0.0,4.0,0.0,0.0
12276420,298.3264465332031,303.1499938964844,285.1499938964844,0.0,-0.0,285.1439514160156,0.0,0.0,9.31454633246176e-05,298.2734069824219,303.1499938964844,285.1499938964844,0.0,-0.0,285.1440124511719,0.0,0.0,9.8086689831689e-05,298.78961181640625,303.1499938964844,285.1499938964844,0.0,-0.0,285.1439514160156,0.0,0.0,7.244651351356879e-05,298.0437927246094,303.1499938964844,285.1499938964844,0.0,-0.0,285.1439514160156,0.0,0.0,9.808666072785854e-05,298.3263244628906,303.1499938964844,285.1499938964844,0.0,-0.0,285.1437072753906,0.0,0.0,0.000465280667413,285.1561279296875,294.1499938964844,286.45001220703125,282.90789794921875,287.8522033691406,286.4500427246094,285.3377990722656,0.0,0.0,0.0,0.0,1.0,1.0,-0.00099246611353,4.9831463400096254e-09,0.0009924611076712,-0.0121074430644512,0.0,0.0,0.0,-0.0072831744328141,60.0,0.7571220993995667,-0.0,-6.715693245951115e-08,0.0,282.9992980957031,284.4533386230469,290.2752380371094,291.35028076171875,293.1499938964844,293.1499938964844,278.1499938964844,0.0,18000.0,313.1499938964844,0.0,18000.0,0.0,0.0,0.0,0.0,0.0,0.0,0.0,0.0,0.0,-0.0,-0.0,0.0,-5.2805772432836115e-21,-2.6402886216418057e-21,-2.6402886216418057e-21,0.0,0.0,-0.0,0.0,0.0,0.0,-0.0,0.0,0.0,0.0,0.0,0.0,4.0,0.0,0.0
12276480,298.3264465332031,303.1499938964844,285.1499938964844,0.0,-0.0,285.1439514160156,0.0,0.0,9.31454633246176e-05,298.2734069824219,303.1499938964844,285.1499938964844,0.0,-0.0,285.1440124511719,0.0,0.0,9.8086689831689e-05,298.78961181640625,303.1499938964844,285.1499938964844,0.0,-0.0,285.1439514160156,0.0,0.0,7.244651351356879e-05,298.0437927246094,303.1499938964844,285.1499938964844,0.0,-0.0,285.1439514160156,0.0,0.0,9.808666072785854e-05,298.3263244628906,303.1499938964844,285.1499938964844,0.0,-0.0,285.1437072753906,0.0,0.0,0.000465280667413,285.1561279296875,294.1499938964844,286.45001220703125,282.90789794921875,287.8522033691406,286.4500427246094,285.3377990722656,0.0,0.0,0.0,0.0,1.0,1.0,-0.00099246611353,4.9831463400096254e-09,0.0009924611076712,-0.0121074430644512,0.0,0.0,0.0,-0.0072831744328141,60.0,0.7571220993995667,-0.0,-6.715693245951115e-08,0.0,282.9992980957031,284.4533386230469,290.2752380371094,291.35028076171875,293.1499938964844,293.1499938964844,278.1499938964844,0.0,18000.0,313.1499938964844,0.0,18000.0,0.0,0.0,0.0,0.0,0.0,0.0,0.0,0.0,0.0,-0.0,-0.0,0.0,-5.2805772432836115e-21,-2.6402886216418057e-21,-2.6402886216418057e-21,0.0,0.0,-0.0,0.0,0.0,0.0,-0.0,0.0,0.0,0.0,0.0,0.0,4.0,0.0,0.0
12276540,298.32330322265625,303.1499938964844,285.1499938964844,0.0,-0.0,285.1451721191406,0.0,0.0,9.31329996092245e-05,298.2719116210937,303.1499938964844,285.1499938964844,0.0,-0.0,285.1452331542969,0.0,0.0,9.80735567281954e-05,298.786865234375,303.1499938964844,285.1499938964844,0.0,-0.0,285.1451721191406,0.0,0.0,7.243681466206908e-05,298.04205322265625,303.1499938964844,285.1499938964844,0.0,-0.0,285.1451721191406,0.0,0.0,9.807353490032256e-05,298.3251953125,303.1499938964844,285.1499938964844,0.0,-0.0,285.1449584960937,0.0,0.0,0.0004652184143196,285.1576843261719,294.1499938964844,286.45001220703125,282.90478515625,287.8275756835937,286.4500427246094,285.33837890625,0.0,0.0,0.0,0.0,1.0,1.0,-0.0009923331672325,4.967597888594355e-09,0.0009923281613737,-0.0120667079463601,0.0,0.0,0.0,-0.0072754663415253,60.0,0.7566248178482056,-0.0,-6.713894151744172e-08,0.0,282.9992980957031,284.4533386230469,290.2752380371094,291.35028076171875,293.1499938964844,293.1499938964844,278.1499938964844,0.0,18000.0,313.1499938964844,0.0,18000.0,0.0,0.0,0.0,0.0,0.0,0.0,0.0,0.0,0.0,-0.0,-0.0,0.0,-5.2805772432836115e-21,-2.6402886216418057e-21,-2.6402886216418057e-21,0.0,0.0,-0.0,0.0,0.0,0.0,-0.0,0.0,0.0,0.0,0.0,0.0,4.0,0.0,0.0
12276600,298.32330322265625,303.1499938964844,285.1499938964844,0.0,-0.0,285.1451721191406,0.0,0.0,9.31329996092245e-05,298.2719116210937,303.1499938964844,285.1499938964844,0.0,-0.0,285.1452331542969,0.0,0.0,9.80735567281954e-05,298.786865234375,303.1499938964844,285.1499938964844,0.0,-0.0,285.1451721191406,0.0,0.0,7.243681466206908e-05,298.04205322265625,303.1499938964844,285.1499938964844,0.0,-0.0,285.1451721191406,0.0,0.0,9.807353490032256e-05,298.3251953125,303.1499938964844,285.1499938964844,0.0,-0.0,285.1449584960937,0.0,0.0,0.0004652184143196,285.1576843261719,294.1499938964844,286.45001220703125,282.90478515625,287.8275756835937,286.4500427246094,285.33837890625,0.0,0.0,0.0,0.0,1.0,1.0,-0.0009923331672325,4.967597888594355e-09,0.0009923281613737,-0.0120667079463601,0.0,0.0,0.0,-0.0072754663415253,60.0,0.7566248178482056,-0.0,-6.713894151744172e-08,0.0,282.9992980957031,284.4533386230469,290.2752380371094,291.35028076171875,293.1499938964844,293.1499938964844,278.1499938964844,0.0,18000.0,313.1499938964844,0.0,18000.0,0.0,0.0,0.0,0.0,0.0,0.0,0.0,0.0,0.0,-0.0,-0.0,0.0,-5.2805772432836115e-21,-2.6402886216418057e-21,-2.6402886216418057e-21,0.0,0.0,-0.0,0.0,0.0,0.0,-0.0,0.0,0.0,0.0,0.0,0.0,4.0,0.0,0.0
12276660,298.32012939453125,303.1499938964844,285.1499938964844,0.0,-0.0,285.1464233398437,0.0,0.0,9.311975736636668e-05,298.2704772949219,303.1499938964844,285.1499938964844,0.0,-0.0,285.1464538574219,0.0,0.0,9.805961599340662e-05,298.7840576171875,303.1499938964844,285.1499938964844,0.0,-0.0,285.1464233398437,0.0,0.0,7.24265119060874e-05,298.040283203125,303.1499938964844,285.1499938964844,0.0,-0.0,285.1464233398437,0.0,0.0,9.805958688957615e-05,298.32403564453125,303.1499938964844,285.1499938964844,0.0,-0.0,285.14617919921875,0.0,0.0,0.000465152261313,285.1592102050781,294.1499938964844,286.45001220703125,282.90118408203125,287.8033752441406,286.4500427246094,285.3389587402344,0.0,0.0,0.0,0.0,1.0,1.0,-0.0009921919554471,4.951082210880031e-09,0.0009921869495883,-0.0120234368368983,0.0,0.0,0.0,-0.0072672786191105,60.0,0.7561230063438416,-0.0,-6.711982791784976e-08,0.0,282.9992980957031,284.4533386230469,290.2752380371094,291.35028076171875,293.1499938964844,293.1499938964844,278.1499938964844,0.0,18000.0,313.1499938964844,0.0,18000.0,0.0,0.0,0.0,0.0,0.0,0.0,0.0,0.0,0.0,-0.0,-0.0,0.0,-5.2805772432836115e-21,-2.6402886216418057e-21,-2.6402886216418057e-21,0.0,0.0,-0.0,0.0,0.0,0.0,-0.0,0.0,0.0,0.0,0.0,0.0,4.0,0.0,0.0
12276720,298.32012939453125,303.1499938964844,285.1499938964844,0.0,-0.0,285.1464233398437,0.0,0.0,9.311975736636668e-05,298.2704772949219,303.1499938964844,285.1499938964844,0.0,-0.0,285.1464538574219,0.0,0.0,9.805961599340662e-05,298.7840576171875,303.1499938964844,285.1499938964844,0.0,-0.0,285.1464233398437,0.0,0.0,7.24265119060874e-05,298.040283203125,303.1499938964844,285.1499938964844,0.0,-0.0,285.1464233398437,0.0,0.0,9.805958688957615e-05,298.32403564453125,303.1499938964844,285.1499938964844,0.0,-0.0,285.14617919921875,0.0,0.0,0.000465152261313,285.1592102050781,294.1499938964844,286.45001220703125,282.90118408203125,287.8033752441406,286.4500427246094,285.3389587402344,0.0,0.0,0.0,0.0,1.0,1.0,-0.0009921919554471,4.951082210880031e-09,0.0009921869495883,-0.0120234368368983,0.0,0.0,0.0,-0.0072672786191105,60.0,0.7561230063438416,-0.0,-6.711982791784976e-08,0.0,282.9992980957031,284.4533386230469,290.2752380371094,291.35028076171875,293.1499938964844,293.1499938964844,278.1499938964844,0.0,18000.0,313.1499938964844,0.0,18000.0,0.0,0.0,0.0,0.0,0.0,0.0,0.0,0.0,0.0,-0.0,-0.0,0.0,-5.2805772432836115e-21,-2.6402886216418057e-21,-2.6402886216418057e-21,0.0,0.0,-0.0,0.0,0.0,0.0,-0.0,0.0,0.0,0.0,0.0,0.0,4.0,0.0,0.0
12276780,298.3169250488281,303.1499938964844,285.1499938964844,0.0,-0.0,285.14764404296875,0.0,0.0,9.310575114795938e-05,298.2690734863281,303.1499938964844,285.1499938964844,0.0,-0.0,285.147705078125,0.0,0.0,9.804486762732267e-05,298.78125,303.1499938964844,285.1499938964844,0.0,-0.0,285.14764404296875,0.0,0.0,7.241561979753897e-05,298.0385131835937,303.1499938964844,285.1499938964844,0.0,-0.0,285.14764404296875,0.0,0.0,9.804483852349222e-05,298.3228759765625,303.1499938964844,285.1499938964844,0.0,-0.0,285.1473999023437,0.0,0.0,0.0004650822957046,285.1607360839844,294.1499938964844,286.45001220703125,282.8970947265625,287.77960205078125,286.45001220703125,285.33953857421875,0.0,0.0,0.0,0.0,1.0,1.0,-0.0009920425945892,4.9336179586134685e-09,0.0009920375887304,-0.0119776828214526,0.0,0.0,0.0,-0.0072586210444569,60.0,0.7556166648864746,-0.0,-6.709962008244474e-08,0.0,282.9992980957031,284.4533386230469,290.2752380371094,291.35028076171875,293.1499938964844,293.1499938964844,278.1499938964844,0.0,18000.0,313.1499938964844,0.0,18000.0,0.0,0.0,0.0,0.0,0.0,0.0,0.0,0.0,0.0,-0.0,-0.0,0.0,-5.2805772432836115e-21,-2.6402886216418057e-21,-2.6402886216418057e-21,0.0,0.0,-0.0,0.0,0.0,0.0,-0.0,0.0,0.0,0.0,0.0,0.0,4.0,0.0,0.0
12276840,298.3169250488281,303.1499938964844,285.1499938964844,0.0,-0.0,285.14764404296875,0.0,0.0,9.310575114795938e-05,298.2690734863281,303.1499938964844,285.1499938964844,0.0,-0.0,285.147705078125,0.0,0.0,9.804486762732267e-05,298.78125,303.1499938964844,285.1499938964844,0.0,-0.0,285.14764404296875,0.0,0.0,7.241561979753897e-05,298.0385131835937,303.1499938964844,285.1499938964844,0.0,-0.0,285.14764404296875,0.0,0.0,9.804483852349222e-05,298.3228759765625,303.1499938964844,285.1499938964844,0.0,-0.0,285.1473999023437,0.0,0.0,0.0004650822957046,285.1607360839844,294.1499938964844,286.45001220703125,282.8970947265625,287.77960205078125,286.45001220703125,285.33953857421875,0.0,0.0,0.0,0.0,1.0,1.0,-0.0009920425945892,4.9336179586134685e-09,0.0009920375887304,-0.0119776828214526,0.0,0.0,0.0,-0.0072586210444569,60.0,0.7556166648864746,-0.0,-6.709962008244474e-08,0.0,282.9992980957031,284.4533386230469,290.2752380371094,291.35028076171875,293.1499938964844,293.1499938964844,278.1499938964844,0.0,18000.0,313.1499938964844,0.0,18000.0,0.0,0.0,0.0,0.0,0.0,0.0,0.0,0.0,0.0,-0.0,-0.0,0.0,-5.2805772432836115e-21,-2.6402886216418057e-21,-2.6402886216418057e-21,0.0,0.0,-0.0,0.0,0.0,0.0,-0.0,0.0,0.0,0.0,0.0,0.0,4.0,0.0,0.0
12276900,298.3153381347656,303.1499938964844,285.1499938964844,0.0,-0.0,285.14825439453125,0.0,0.0,9.309846791438758e-05,298.26837158203125,303.1499938964844,285.1499938964844,0.0,-0.0,285.1483154296875,0.0,0.0,9.803719149203972e-05,298.77984619140625,303.1499938964844,285.1499938964844,0.0,-0.0,285.14825439453125,0.0,0.0,7.240995182655752e-05,298.0376281738281,303.1499938964844,285.1499938964844,0.0,-0.0,285.14825439453125,0.0,0.0,9.803716966416688e-05,298.322265625,303.1499938964844,285.1499938964844,0.0,-0.0,285.1480407714844,0.0,0.0,0.0004650459159165,285.1614990234375,294.1499938964844,286.45001220703125,282.8948669433594,287.76788330078125,286.45001220703125,285.33984375,0.0,0.0,0.0,0.0,1.0,1.0,-0.0009919648291543,4.924532337469145e-09,0.0009919599397107,-0.011953879147768,0.0,0.0,0.0,-0.0072541167028248,60.0,0.7553617358207703,-0.0,-6.708911115538285e-08,0.0,282.9992980957031,284.4533386230469,290.2752380371094,291.35028076171875,293.1499938964844,293.1499938964844,278.1499938964844,0.0,18000.0,313.1499938964844,0.0,18000.0,0.0,0.0,0.0,0.0,0.0,0.0,0.0,0.0,0.0,-0.0,-0.0,0.0,-5.2805772432836115e-21,-2.6402886216418057e-21,-2.6402886216418057e-21,0.0,0.0,-0.0,0.0,0.0,0.0,-0.0,0.0,0.0,0.0,0.0,0.0,4.0,0.0,0.0
12276960,298.3138122558594,303.1499938964844,285.1499938964844,0.0,-0.0,285.1488647460937,0.0,0.0,9.309099550591782e-05,298.26763916015625,303.1499938964844,285.1499938964844,0.0,-0.0,285.14892578125,0.0,0.0,9.80293334578164e-05,298.7784423828125,303.1499938964844,285.1499938964844,0.0,-0.0,285.1488647460937,0.0,0.0,7.24041456123814e-05,298.0367431640625,303.1499938964844,285.1499938964844,0.0,-0.0,285.1488647460937,0.0,0.0,9.802930435398594e-05,298.3216552734375,303.1499938964844,285.1499938964844,0.0,-0.0,285.1486511230469,0.0,0.0,0.0004650086048059,285.1622619628906,294.1499938964844,286.45001220703125,282.8925170898437,287.7562866210937,286.45001220703125,285.3401184082031,0.0,0.0,0.0,0.0,1.0,1.0,-0.0009918852010741,4.915220674917009e-09,0.0009918803116306,-0.0119294840842485,0.0,0.0,0.0,-0.0072495006024837,60.0,0.75510573387146,-0.0,-6.707833932750873e-08,0.0,282.9992980957031,284.4533386230469,290.2752380371094,291.35028076171875,293.1499938964844,293.1499938964844,278.1499938964844,0.0,18000.0,313.1499938964844,0.0,18000.0,0.0,0.0,0.0,0.0,0.0,0.0,0.0,0.0,0.0,-0.0,-0.0,0.0,-5.2805772432836115e-21,-2.6402886216418057e-21,-2.6402886216418057e-21,0.0,0.0,-0.0,0.0,0.0,0.0,-0.0,0.0,0.0,0.0,0.0,0.0,4.0,0.0,0.0
12277020,298.3110656738281,303.1499938964844,285.1499938964844,0.0,-0.0,285.1501159667969,0.0,0.0,9.307552682003006e-05,298.26348876953125,303.1499938964844,285.1499938964844,0.0,-0.0,285.150146484375,0.0,0.0,9.801303531276062e-05,298.775634765625,303.1499938964844,285.1499938964844,0.0,-0.0,285.1501159667969,0.0,0.0,7.239211117848754e-05,298.03497314453125,303.1499938964844,285.1499938964844,0.0,-0.0,285.1501159667969,0.0,0.0,9.801301348488778e-05,298.32098388671875,303.1499938964844,285.1499938964844,0.0,-0.0,285.1498718261719,0.0,0.0,0.000464931334136,285.1637878417969,294.1499938964844,286.45001220703125,282.88751220703125,287.7333374023437,286.45001220703125,285.3406982421875,0.0,0.0,0.0,0.0,1.0,1.0,-0.0009917202405631,4.8959289955519125e-09,0.0009917153511196,-0.0118789412081241,0.0,0.0,0.0,-0.007239936850965,60.0,0.754590630531311,-0.0,-6.705602828560586e-08,0.0,282.9992980957031,284.4533386230469,290.2752380371094,291.35028076171875,293.1499938964844,293.1499938964844,278.1499938964844,0.0,18000.0,313.1499938964844,0.0,18000.0,0.0,0.0,0.0,0.0,0.0,0.0,0.0,0.0,0.0,-0.0,-0.0,0.0,-5.2805772432836115e-21,-2.6402886216418057e-21,-2.6402886216418057e-21,0.0,0.0,-0.0,0.0,0.0,0.0,-0.0,0.0,0.0,0.0,0.0,0.0,4.0,0.0,0.0
12277080,298.3110656738281,303.1499938964844,285.1499938964844,0.0,-0.0,285.1501159667969,0.0,0.0,9.307552682003006e-05,298.26348876953125,303.1499938964844,285.1499938964844,0.0,-0.0,285.150146484375,0.0,0.0,9.801303531276062e-05,298.775634765625,303.1499938964844,285.1499938964844,0.0,-0.0,285.1501159667969,0.0,0.0,7.239211117848754e-05,298.03497314453125,303.1499938964844,285.1499938964844,0.0,-0.0,285.1501159667969,0.0,0.0,9.801301348488778e-05,298.32098388671875,303.1499938964844,285.1499938964844,0.0,-0.0,285.1498718261719,0.0,0.0,0.000464931334136,285.1637878417969,294.1499938964844,286.45001220703125,282.88751220703125,287.7333374023437,286.45001220703125,285.3406982421875,0.0,0.0,0.0,0.0,1.0,1.0,-0.0009917202405631,4.8959289955519125e-09,0.0009917153511196,-0.0118789412081241,0.0,0.0,0.0,-0.007239936850965,60.0,0.754590630531311,-0.0,-6.705602828560586e-08,0.0,282.9992980957031,284.4533386230469,290.2752380371094,291.35028076171875,293.1499938964844,293.1499938964844,278.1499938964844,0.0,18000.0,313.1499938964844,0.0,18000.0,0.0,0.0,0.0,0.0,0.0,0.0,0.0,0.0,0.0,-0.0,-0.0,0.0,-5.2805772432836115e-21,-2.6402886216418057e-21,-2.6402886216418057e-21,0.0,0.0,-0.0,0.0,0.0,0.0,-0.0,0.0,0.0,0.0,0.0,0.0,4.0,0.0,0.0
12277140,298.3095703125,303.1499938964844,285.1499938964844,0.0,-0.0,285.1513366699219,0.0,0.0,9.305934509029612e-05,298.2430114746094,303.1499938964844,285.1499938964844,0.0,-0.0,285.1513977050781,0.0,0.0,9.79959950200282e-05,298.7738647460937,303.1499938964844,285.1499938964844,0.0,-0.0,285.1513366699219,0.0,0.0,7.2379523771815e-05,298.0338134765625,303.1499938964844,285.1499938964844,0.0,-0.0,285.1513366699219,0.0,0.0,9.799597319215536e-05,298.3236694335937,303.1499938964844,285.1499938964844,0.0,-0.0,285.151123046875,0.0,0.0,0.000464850483695,285.165283203125,294.1499938964844,286.45001220703125,282.8820495605469,287.7108154296875,286.45001220703125,285.3412475585937,0.0,0.0,0.0,0.0,1.0,1.0,-0.0009915477130562,4.875749581856326e-09,0.0009915428236126,-0.0118260728195309,0.0,0.0,0.0,-0.0072299330495297,60.0,0.7540709376335144,-0.0,-6.70326940621635e-08,0.0,282.9992980957031,284.4533386230469,290.2752380371094,291.35028076171875,293.1499938964844,293.1499938964844,278.1499938964844,0.0,18000.0,313.1499938964844,0.0,18000.0,0.0,0.0,0.0,0.0,0.0,0.0,0.0,0.0,0.0,-0.0,-0.0,0.0,-5.2805772432836115e-21,-2.6402886216418057e-21,-2.6402886216418057e-21,0.0,0.0,-0.0,0.0,0.0,0.0,-0.0,0.0,0.0,0.0,0.0,0.0,4.0,0.0,0.0
12277200,298.3095703125,303.1499938964844,285.1499938964844,0.0,-0.0,285.1513366699219,0.0,0.0,9.305934509029612e-05,298.2430114746094,303.1499938964844,285.1499938964844,0.0,-0.0,285.1513977050781,0.0,0.0,9.79959950200282e-05,298.7738647460937,303.1499938964844,285.1499938964844,0.0,-0.0,285.1513366699219,0.0,0.0,7.2379523771815e-05,298.0338134765625,303.1499938964844,285.1499938964844,0.0,-0.0,285.1513366699219,0.0,0.0,9.799597319215536e-05,298.3236694335937,303.1499938964844,285.1499938964844,0.0,-0.0,285.151123046875,0.0,0.0,0.000464850483695,285.165283203125,294.1499938964844,286.45001220703125,282.8820495605469,287.7108154296875,286.45001220703125,285.3412475585937,0.0,0.0,0.0,0.0,1.0,1.0,-0.0009915477130562,4.875749581856326e-09,0.0009915428236126,-0.0118260728195309,0.0,0.0,0.0,-0.0072299330495297,60.0,0.7540709376335144,-0.0,-6.70326940621635e-08,0.0,282.9992980957031,284.4533386230469,290.2752380371094,291.35028076171875,293.1499938964844,293.1499938964844,278.1499938964844,0.0,18000.0,313.1499938964844,0.0,18000.0,0.0,0.0,0.0,0.0,0.0,0.0,0.0,0.0,0.0,-0.0,-0.0,0.0,-5.2805772432836115e-21,-2.6402886216418057e-21,-2.6402886216418057e-21,0.0,0.0,-0.0,0.0,0.0,0.0,-0.0,0.0,0.0,0.0,0.0,0.0,4.0,0.0,0.0
12277260,298.30877685546875,303.1499938964844,285.1499938964844,0.0,-0.0,285.152587890625,0.0,0.0,9.304247214458884e-05,298.2283630371094,303.1499938964844,285.1499938964844,0.0,-0.0,285.1526184082031,0.0,0.0,9.797822713153435e-05,298.7725830078125,303.1499938964844,285.1499938964844,0.0,-0.0,285.152587890625,0.0,0.0,7.236639794427902e-05,298.0331115722656,303.1499938964844,285.1499938964844,0.0,-0.0,285.152587890625,0.0,0.0,9.797820530366153e-05,298.3251953125,303.1499938964844,285.1499938964844,0.0,-0.0,285.1523742675781,0.0,0.0,0.000464766199002,285.16680908203125,294.1499938964844,286.45001220703125,282.87615966796875,287.6886901855469,286.45001220703125,285.3418273925781,0.0,0.0,0.0,0.0,1.0,1.0,-0.0009913677349686,4.8547121878073085e-09,0.0009913629619404,-0.0117709562182426,0.0,0.0,0.0,-0.0072195040993392,60.0,0.7535468935966492,-0.0,-6.700836507889107e-08,0.0,282.9992980957031,284.4533386230469,290.2752380371094,291.35028076171875,293.1499938964844,293.1499938964844,278.1499938964844,0.0,18000.0,313.1499938964844,0.0,18000.0,0.0,0.0,0.0,0.0,0.0,0.0,0.0,0.0,0.0,-0.0,-0.0,0.0,-5.2805772432836115e-21,-2.6402886216418057e-21,-2.6402886216418057e-21,0.0,0.0,-0.0,0.0,0.0,0.0,-0.0,0.0,0.0,0.0,0.0,0.0,4.0,0.0,0.0
12277320,298.30877685546875,303.1499938964844,285.1499938964844,0.0,-0.0,285.152587890625,0.0,0.0,9.304247214458884e-05,298.2283630371094,303.1499938964844,285.1499938964844,0.0,-0.0,285.1526184082031,0.0,0.0,9.797822713153435e-05,298.7725830078125,303.1499938964844,285.1499938964844,0.0,-0.0,285.152587890625,0.0,0.0,7.236639794427902e-05,298.0331115722656,303.1499938964844,285.1499938964844,0.0,-0.0,285.152587890625,0.0,0.0,9.797820530366153e-05,298.3251953125,303.1499938964844,285.1499938964844,0.0,-0.0,285.1523742675781,0.0,0.0,0.000464766199002,285.16680908203125,294.1499938964844,286.45001220703125,282.87615966796875,287.6886901855469,286.45001220703125,285.3418273925781,0.0,0.0,0.0,0.0,1.0,1.0,-0.0009913677349686,4.8547121878073085e-09,0.0009913629619404,-0.0117709562182426,0.0,0.0,0.0,-0.0072195040993392,60.0,0.7535468935966492,-0.0,-6.700836507889107e-08,0.0,282.9992980957031,284.4533386230469,290.2752380371094,291.35028076171875,293.1499938964844,293.1499938964844,278.1499938964844,0.0,18000.0,313.1499938964844,0.0,18000.0,0.0,0.0,0.0,0.0,0.0,0.0,0.0,0.0,0.0,-0.0,-0.0,0.0,-5.2805772432836115e-21,-2.6402886216418057e-21,-2.6402886216418057e-21,0.0,0.0,-0.0,0.0,0.0,0.0,-0.0,0.0,0.0,0.0,0.0,0.0,4.0,0.0,0.0
12277380,298.3079833984375,303.1499938964844,285.1499938964844,0.0,-0.0,285.15380859375,0.0,0.0,9.302492981078105e-05,298.218017578125,303.1499938964844,285.1499938964844,0.0,-0.0,285.15386962890625,0.0,0.0,9.795975347515196e-05,298.77117919921875,303.1499938964844,285.1499938964844,0.0,-0.0,285.15380859375,0.0,0.0,7.235275552375242e-05,298.032470703125,303.1499938964844,285.1499938964844,0.0,-0.0,285.15380859375,0.0,0.0,9.795973164727911e-05,298.325927734375,303.1499938964844,285.1499938964844,0.0,-0.0,285.1535949707031,0.0,0.0,0.0004646785964723,285.1683349609375,294.1499938964844,286.45001220703125,282.869873046875,287.6669616699219,286.45001220703125,285.3424072265625,0.0,0.0,0.0,0.0,1.0,1.0,-0.0009911807719618,4.832843902846662e-09,0.0009911758825182,-0.0117136631160974,0.0,0.0,0.0,-0.0072086630389094,60.0,0.7530186772346497,-0.0,-6.69830910737801e-08,0.0,282.9992980957031,284.4533386230469,290.2752380371094,291.35028076171875,293.1499938964844,293.1499938964844,278.1499938964844,0.0,18000.0,313.1499938964844,0.0,18000.0,0.0,0.0,0.0,0.0,0.0,0.0,0.0,0.0,0.0,-0.0,-0.0,0.0,-5.2805772432836115e-21,-2.6402886216418057e-21,-2.6402886216418057e-21,0.0,0.0,-0.0,0.0,0.0,0.0,-0.0,0.0,0.0,0.0,0.0,0.0,4.0,0.0,0.0
12277440,298.3079833984375,303.1499938964844,285.1499938964844,0.0,-0.0,285.15380859375,0.0,0.0,9.302492981078105e-05,298.218017578125,303.1499938964844,285.1499938964844,0.0,-0.0,285.15386962890625,0.0,0.0,9.795975347515196e-05,298.77117919921875,303.1499938964844,285.1499938964844,0.0,-0.0,285.15380859375,0.0,0.0,7.235275552375242e-05,298.032470703125,303.1499938964844,285.1499938964844,0.0,-0.0,285.15380859375,0.0,0.0,9.795973164727911e-05,298.325927734375,303.1499938964844,285.1499938964844,0.0,-0.0,285.1535949707031,0.0,0.0,0.0004646785964723,285.1683349609375,294.1499938964844,286.45001220703125,282.869873046875,287.6669616699219,286.45001220703125,285.3424072265625,0.0,0.0,0.0,0.0,1.0,1.0,-0.0009911807719618,4.832843902846662e-09,0.0009911758825182,-0.0117136631160974,0.0,0.0,0.0,-0.0072086630389094,60.0,0.7530186772346497,-0.0,-6.69830910737801e-08,0.0,282.9992980957031,284.4533386230469,290.2752380371094,291.35028076171875,293.1499938964844,293.1499938964844,278.1499938964844,0.0,18000.0,313.1499938964844,0.0,18000.0,0.0,0.0,0.0,0.0,0.0,0.0,0.0,0.0,0.0,-0.0,-0.0,0.0,-5.2805772432836115e-21,-2.6402886216418057e-21,-2.6402886216418057e-21,0.0,0.0,-0.0,0.0,0.0,0.0,-0.0,0.0,0.0,0.0,0.0,0.0,4.0,0.0,0.0
12277500,298.3075256347656,303.1499938964844,285.1499938964844,0.0,-0.0,285.1544189453125,0.0,0.0,9.301590762333944e-05,298.21405029296875,303.1499938964844,285.1499938964844,0.0,-0.0,285.15447998046875,0.0,0.0,9.795025107450785e-05,298.7703552246094,303.1499938964844,285.1499938964844,0.0,-0.0,285.1544494628906,0.0,0.0,7.234574150061235e-05,298.0321350097656,303.1499938964844,285.1499938964844,0.0,-0.0,285.1544494628906,0.0,0.0,9.7950229246635e-05,298.3260803222656,303.1499938964844,285.1499938964844,0.0,-0.0,285.1542053222656,0.0,0.0,0.0004646335146389,285.1690673828125,294.1499938964844,286.45001220703125,282.8666076660156,287.65625,286.45001220703125,285.3426818847656,0.0,0.0,0.0,0.0,1.0,1.0,-0.0009910844964906,4.8215951231611614e-09,0.0009910797234624,-0.0116841923445463,0.0,0.0,0.0,-0.0072030867449939,60.0,0.752752959728241,-0.0,-6.697008814171569e-08,0.0,282.9992980957031,284.4533386230469,290.2752380371094,291.35028076171875,293.1499938964844,293.1499938964844,278.1499938964844,0.0,18000.0,313.1499938964844,0.0,18000.0,0.0,0.0,0.0,0.0,0.0,0.0,0.0,0.0,0.0,-0.0,-0.0,0.0,-5.2805772432836115e-21,-2.6402886216418057e-21,-2.6402886216418057e-21,0.0,0.0,-0.0,0.0,0.0,0.0,-0.0,0.0,0.0,0.0,0.0,0.0,4.0,0.0,0.0
12277560,298.3069763183594,303.1499938964844,285.1499938964844,0.0,-0.0,285.1550598144531,0.0,0.0,9.300673991674556e-05,298.21063232421875,303.1499938964844,285.1499938964844,0.0,-0.0,285.15509033203125,0.0,0.0,9.79405958787538e-05,298.7694702148437,303.1499938964844,285.1499938964844,0.0,-0.0,285.1550598144531,0.0,0.0,7.233861106215045e-05,298.0317687988281,303.1499938964844,285.1499938964844,0.0,-0.0,285.1550598144531,0.0,0.0,9.794057405088096e-05,298.3261108398437,303.1499938964844,285.1499938964844,0.0,-0.0,285.15484619140625,0.0,0.0,0.0004645877343136,285.1698303222656,294.1499938964844,286.45001220703125,282.8632202148437,287.6456298828125,286.45001220703125,285.34295654296875,0.0,0.0,0.0,0.0,1.0,1.0,-0.0009909868240356,4.810164266899619e-09,0.0009909819345921,-0.0116542438045144,0.0,0.0,0.0,-0.0071974196471273,60.0,0.7524862289428711,-0.0,-6.69568791522579e-08,0.0,282.9992980957031,284.4533386230469,290.2752380371094,291.35028076171875,293.1499938964844,293.1499938964844,278.1499938964844,0.0,18000.0,313.1499938964844,0.0,18000.0,0.0,0.0,0.0,0.0,0.0,0.0,0.0,0.0,0.0,-0.0,-0.0,0.0,-5.2805772432836115e-21,-2.6402886216418057e-21,-2.6402886216418057e-21,0.0,0.0,-0.0,0.0,0.0,0.0,-0.0,0.0,0.0,0.0,0.0,0.0,4.0,0.0,0.0
12277620,298.30548095703125,303.1499938964844,285.1499938964844,0.0,-0.0,285.1562805175781,0.0,0.0,9.298793884227052e-05,298.2048645019531,303.1499938964844,285.1499938964844,0.0,-0.0,285.1563415527344,0.0,0.0,9.792080527404325e-05,298.7675170898437,303.1499938964844,285.1499938964844,0.0,-0.0,285.1562805175781,0.0,0.0,7.232398638734594e-05,298.0309143066406,303.1499938964844,285.1499938964844,0.0,-0.0,285.1562805175781,0.0,0.0,9.79207834461704e-05,298.3259582519531,303.1499938964844,285.1499938964844,0.0,-0.0,285.15606689453125,0.0,0.0,0.0004644938453566,285.1713256835937,294.1499938964844,286.45001220703125,282.8561706542969,287.6246643066406,286.45001220703125,285.3435363769531,0.0,0.0,0.0,0.0,1.0,1.0,-0.0009907863568514,4.786731455652671e-09,0.0009907815838232,-0.0115928510203957,0.0,0.0,0.0,-0.0071858032606542,60.0,0.751950204372406,-0.0,-6.692980036859808e-08,0.0,282.9992980957031,284.4533386230469,290.2752380371094,291.35028076171875,293.1499938964844,293.1499938964844,278.1499938964844,0.0,18000.0,313.1499938964844,0.0,18000.0,0.0,0.0,0.0,0.0,0.0,0.0,0.0,0.0,0.0,-0.0,-0.0,0.0,-5.2805772432836115e-21,-2.6402886216418057e-21,-2.6402886216418057e-21,0.0,0.0,-0.0,0.0,0.0,0.0,-0.0,0.0,0.0,0.0,0.0,0.0,4.0,0.0,0.0
12277680,298.30548095703125,303.1499938964844,285.1499938964844,0.0,-0.0,285.1562805175781,0.0,0.0,9.298793884227052e-05,298.2048645019531,303.1499938964844,285.1499938964844,0.0,-0.0,285.1563415527344,0.0,0.0,9.792080527404325e-05,298.7675170898437,303.1499938964844,285.1499938964844,0.0,-0.0,285.1562805175781,0.0,0.0,7.232398638734594e-05,298.0309143066406,303.1499938964844,285.1499938964844,0.0,-0.0,285.1562805175781,0.0,0.0,9.79207834461704e-05,298.3259582519531,303.1499938964844,285.1499938964844,0.0,-0.0,285.15606689453125,0.0,0.0,0.0004644938453566,285.1713256835937,294.1499938964844,286.45001220703125,282.8561706542969,287.6246643066406,286.45001220703125,285.3435363769531,0.0,0.0,0.0,0.0,1.0,1.0,-0.0009907863568514,4.786731455652671e-09,0.0009907815838232,-0.0115928510203957,0.0,0.0,0.0,-0.0071858032606542,60.0,0.751950204372406,-0.0,-6.692980036859808e-08,0.0,282.9992980957031,284.4533386230469,290.2752380371094,291.35028076171875,293.1499938964844,293.1499938964844,278.1499938964844,0.0,18000.0,313.1499938964844,0.0,18000.0,0.0,0.0,0.0,0.0,0.0,0.0,0.0,0.0,0.0,-0.0,-0.0,0.0,-5.2805772432836115e-21,-2.6402886216418057e-21,-2.6402886216418057e-21,0.0,0.0,-0.0,0.0,0.0,0.0,-0.0,0.0,0.0,0.0,0.0,0.0,4.0,0.0,0.0
12277740,298.3035583496094,303.1499938964844,285.1499938964844,0.0,-0.0,285.15753173828125,0.0,0.0,9.296854841522872e-05,298.2002258300781,303.1499938964844,285.1499938964844,0.0,-0.0,285.1575622558594,0.0,0.0,9.790038166102022e-05,298.765380859375,303.1499938964844,285.1499938964844,0.0,-0.0,285.15753173828125,0.0,0.0,7.230890332721174e-05,298.0299377441406,303.1499938964844,285.1499938964844,0.0,-0.0,285.15753173828125,0.0,0.0,9.790035983314738e-05,298.3255920410156,303.1499938964844,285.1499938964844,0.0,-0.0,285.1573181152344,0.0,0.0,0.000464396958705,285.1728210449219,294.1499938964844,286.45001220703125,282.8487548828125,287.60406494140625,286.45001220703125,285.3440856933594,0.0,0.0,0.0,0.0,1.0,1.0,-0.0009905796032398,4.762552574533174e-09,0.0009905748302116,-0.0115295024588704,0.0,0.0,0.0,-0.0071738162077963,60.0,0.7514101266860962,-0.0,-6.690186182822799e-08,0.0,282.9992980957031,284.4533386230469,290.2752380371094,291.35028076171875,293.1499938964844,293.1499938964844,278.1499938964844,0.0,18000.0,313.1499938964844,0.0,18000.0,0.0,0.0,0.0,0.0,0.0,0.0,0.0,0.0,0.0,-0.0,-0.0,0.0,-5.2805772432836115e-21,-2.6402886216418057e-21,-2.6402886216418057e-21,0.0,0.0,-0.0,0.0,0.0,0.0,-0.0,0.0,0.0,0.0,0.0,0.0,4.0,0.0,0.0
12277800,298.3035583496094,303.1499938964844,285.1499938964844,0.0,-0.0,285.15753173828125,0.0,0.0,9.296854841522872e-05,298.2002258300781,303.1499938964844,285.1499938964844,0.0,-0.0,285.1575622558594,0.0,0.0,9.790038166102022e-05,298.765380859375,303.1499938964844,285.1499938964844,0.0,-0.0,285.15753173828125,0.0,0.0,7.230890332721174e-05,298.0299377441406,303.1499938964844,285.1499938964844,0.0,-0.0,285.15753173828125,0.0,0.0,9.790035983314738e-05,298.3255920410156,303.1499938964844,285.1499938964844,0.0,-0.0,285.1573181152344,0.0,0.0,0.000464396958705,285.1728210449219,294.1499938964844,286.45001220703125,282.8487548828125,287.60406494140625,286.45001220703125,285.3440856933594,0.0,0.0,0.0,0.0,1.0,1.0,-0.0009905796032398,4.762552574533174e-09,0.0009905748302116,-0.0115295024588704,0.0,0.0,0.0,-0.0071738162077963,60.0,0.7514101266860962,-0.0,-6.690186182822799e-08,0.0,282.9992980957031,284.4533386230469,290.2752380371094,291.35028076171875,293.1499938964844,293.1499938964844,278.1499938964844,0.0,18000.0,313.1499938964844,0.0,18000.0,0.0,0.0,0.0,0.0,0.0,0.0,0.0,0.0,0.0,-0.0,-0.0,0.0,-5.2805772432836115e-21,-2.6402886216418057e-21,-2.6402886216418057e-21,0.0,0.0,-0.0,0.0,0.0,0.0,-0.0,0.0,0.0,0.0,0.0,0.0,4.0,0.0,0.0
12277860,298.3013610839844,303.1499938964844,285.1499938964844,0.0,-0.0,285.15875244140625,0.0,0.0,9.294859046349302e-05,298.1961669921875,303.1499938964844,285.1499938964844,0.0,-0.0,285.1588134765625,0.0,0.0,9.787936141947284e-05,298.7631225585937,303.1499938964844,285.1499938964844,0.0,-0.0,285.15875244140625,0.0,0.0,7.229337643366307e-05,298.02880859375,303.1499938964844,285.1499938964844,0.0,-0.0,285.1587829589844,0.0,0.0,9.78793395916e-05,298.32501220703125,303.1499938964844,285.1499938964844,0.0,-0.0,285.1585693359375,0.0,0.0,0.0004642972489818,285.17431640625,294.1499938964844,286.45001220703125,282.84100341796875,287.5838317871094,286.45001220703125,285.3446350097656,0.0,0.0,0.0,0.0,1.0,1.0,-0.0009903667960315,4.7376720324621155e-09,0.0009903621394187,-0.0114643173292279,0.0,0.0,0.0,-0.0071614822372794,60.0,0.7508664131164551,-0.0,-6.687312747999385e-08,0.0,282.9992980957031,284.4533386230469,290.2752380371094,291.35028076171875,293.1499938964844,293.1499938964844,278.1499938964844,0.0,18000.0,313.1499938964844,0.0,18000.0,0.0,0.0,0.0,0.0,0.0,0.0,0.0,0.0,0.0,-0.0,-0.0,0.0,-5.2805772432836115e-21,-2.6402886216418057e-21,-2.6402886216418057e-21,0.0,0.0,-0.0,0.0,0.0,0.0,-0.0,0.0,0.0,0.0,0.0,0.0,4.0,0.0,0.0
12277920,298.3013610839844,303.1499938964844,285.1499938964844,0.0,-0.0,285.15875244140625,0.0,0.0,9.294859046349302e-05,298.1961669921875,303.1499938964844,285.1499938964844,0.0,-0.0,285.1588134765625,0.0,0.0,9.787936141947284e-05,298.7631225585937,303.1499938964844,285.1499938964844,0.0,-0.0,285.15875244140625,0.0,0.0,7.229337643366307e-05,298.02880859375,303.1499938964844,285.1499938964844,0.0,-0.0,285.1587829589844,0.0,0.0,9.78793395916e-05,298.32501220703125,303.1499938964844,285.1499938964844,0.0,-0.0,285.1585693359375,0.0,0.0,0.0004642972489818,285.17431640625,294.1499938964844,286.45001220703125,282.84100341796875,287.5838317871094,286.45001220703125,285.3446350097656,0.0,0.0,0.0,0.0,1.0,1.0,-0.0009903667960315,4.7376720324621155e-09,0.0009903621394187,-0.0114643173292279,0.0,0.0,0.0,-0.0071614822372794,60.0,0.7508664131164551,-0.0,-6.687312747999385e-08,0.0,282.9992980957031,284.4533386230469,290.2752380371094,291.35028076171875,293.1499938964844,293.1499938964844,278.1499938964844,0.0,18000.0,313.1499938964844,0.0,18000.0,0.0,0.0,0.0,0.0,0.0,0.0,0.0,0.0,0.0,-0.0,-0.0,0.0,-5.2805772432836115e-21,-2.6402886216418057e-21,-2.6402886216418057e-21,0.0,0.0,-0.0,0.0,0.0,0.0,-0.0,0.0,0.0,0.0,0.0,0.0,4.0,0.0,0.0
12277980,298.29901123046875,303.1499938964844,285.1499938964844,0.0,-0.0,285.1600036621094,0.0,0.0,9.292809409089386e-05,298.1924743652344,303.1499938964844,285.1499938964844,0.0,-0.0,285.1600341796875,0.0,0.0,9.78577882051468e-05,298.7607116699219,303.1499938964844,285.1499938964844,0.0,-0.0,285.1600036621094,0.0,0.0,7.227744208648801e-05,298.027587890625,303.1499938964844,285.1499938964844,0.0,-0.0,285.1600036621094,0.0,0.0,9.785776637727396e-05,298.3243103027344,303.1499938964844,285.1499938964844,0.0,-0.0,285.1597900390625,0.0,0.0,0.000464194919914,285.1758117675781,294.1499938964844,286.45001220703125,282.8329162597656,287.56396484375,286.45001220703125,285.34521484375,0.0,0.0,0.0,0.0,1.0,1.0,-0.0009901484008878,4.7121293533791694e-09,0.0009901436278596,-0.0113973971456289,0.0,0.0,0.0,-0.0071488195098936,60.0,0.750319242477417,-0.0,-6.68436257456051e-08,0.0,282.9992980957031,284.4533386230469,290.2752380371094,291.35028076171875,293.1499938964844,293.1499938964844,278.1499938964844,0.0,18000.0,313.1499938964844,0.0,18000.0,0.0,0.0,0.0,0.0,0.0,0.0,0.0,0.0,0.0,-0.0,-0.0,0.0,-5.2805772432836115e-21,-2.6402886216418057e-21,-2.6402886216418057e-21,0.0,0.0,-0.0,0.0,0.0,0.0,-0.0,0.0,0.0,0.0,0.0,0.0,4.0,0.0,0.0
12278040,298.29901123046875,303.1499938964844,285.1499938964844,0.0,-0.0,285.1600036621094,0.0,0.0,9.292809409089386e-05,298.1924743652344,303.1499938964844,285.1499938964844,0.0,-0.0,285.1600341796875,0.0,0.0,9.78577882051468e-05,298.7607116699219,303.1499938964844,285.1499938964844,0.0,-0.0,285.1600036621094,0.0,0.0,7.227744208648801e-05,298.027587890625,303.1499938964844,285.1499938964844,0.0,-0.0,285.1600036621094,0.0,0.0,9.785776637727396e-05,298.3243103027344,303.1499938964844,285.1499938964844,0.0,-0.0,285.1597900390625,0.0,0.0,0.000464194919914,285.1758117675781,294.1499938964844,286.45001220703125,282.8329162597656,287.56396484375,286.45001220703125,285.34521484375,0.0,0.0,0.0,0.0,1.0,1.0,-0.0009901484008878,4.7121293533791694e-09,0.0009901436278596,-0.0113973971456289,0.0,0.0,0.0,-0.0071488195098936,60.0,0.750319242477417,-0.0,-6.68436257456051e-08,0.0,282.9992980957031,284.4533386230469,290.2752380371094,291.35028076171875,293.1499938964844,293.1499938964844,278.1499938964844,0.0,18000.0,313.1499938964844,0.0,18000.0,0.0,0.0,0.0,0.0,0.0,0.0,0.0,0.0,0.0,-0.0,-0.0,0.0,-5.2805772432836115e-21,-2.6402886216418057e-21,-2.6402886216418057e-21,0.0,0.0,-0.0,0.0,0.0,0.0,-0.0,0.0,0.0,0.0,0.0,0.0,4.0,0.0,0.0
12278100,298.2978210449219,303.1499938964844,285.1499938964844,0.0,-0.0,285.1606140136719,0.0,0.0,9.291766036767513e-05,298.19073486328125,303.1499938964844,285.1499938964844,0.0,-0.0,285.1606750488281,0.0,0.0,9.784679423319176e-05,298.7594909667969,303.1499938964844,285.1499938964844,0.0,-0.0,285.1606140136719,0.0,0.0,7.226932211779058e-05,298.0269470214844,303.1499938964844,285.1499938964844,0.0,-0.0,285.1606140136719,0.0,0.0,9.784677240531892e-05,298.3239440917969,303.1499938964844,285.1499938964844,0.0,-0.0,285.1604309082031,0.0,0.0,0.0004641427949536,285.17657470703125,294.1499938964844,286.45001220703125,282.8287658691406,287.5541687011719,286.45001220703125,285.3454895019531,0.0,0.0,0.0,0.0,1.0,1.0,-0.0009900371078401,4.699120204065821e-09,0.0009900324512273,-0.0113633135333657,0.0,0.0,0.0,-0.0071423701010644,60.0,0.7500443458557129,-0.0,-6.682860487217114e-08,0.0,282.9992980957031,284.4533386230469,290.2752380371094,291.35028076171875,293.1499938964844,293.1499938964844,278.1499938964844,0.0,18000.0,313.1499938964844,0.0,18000.0,0.0,0.0,0.0,0.0,0.0,0.0,0.0,0.0,0.0,-0.0,-0.0,0.0,-5.2805772432836115e-21,-2.6402886216418057e-21,-2.6402886216418057e-21,0.0,0.0,-0.0,0.0,0.0,0.0,-0.0,0.0,0.0,0.0,0.0,0.0,4.0,0.0,0.0
12278160,298.29656982421875,303.1499938964844,285.1499938964844,0.0,-0.0,285.1612548828125,0.0,0.0,9.290711022913456e-05,298.1889953613281,303.1499938964844,285.1499938964844,0.0,-0.0,285.1612854003906,0.0,0.0,9.78356838459149e-05,298.7582397460937,303.1499938964844,285.1499938964844,0.0,-0.0,285.1612548828125,0.0,0.0,7.226111483760178e-05,298.0263061523437,303.1499938964844,285.1499938964844,0.0,-0.0,285.1612548828125,0.0,0.0,9.783566201804206e-05,298.32354736328125,303.1499938964844,285.1499938964844,0.0,-0.0,285.1610412597656,0.0,0.0,0.0004640900588128,285.17730712890625,294.1499938964844,286.45001220703125,282.82452392578125,287.54443359375,286.45001220703125,285.34576416015625,0.0,0.0,0.0,0.0,1.0,1.0,-0.0009899246506392,4.6859649494024325e-09,0.0009899199940264,-0.0113288462162017,0.0,0.0,0.0,-0.0071358485147356,60.0,0.7497687935829163,-0.0,-6.681342057390793e-08,0.0,282.9992980957031,284.4533386230469,290.2752380371094,291.35028076171875,293.1499938964844,293.1499938964844,278.1499938964844,0.0,18000.0,313.1499938964844,0.0,18000.0,0.0,0.0,0.0,0.0,0.0,0.0,0.0,0.0,0.0,-0.0,-0.0,0.0,-5.2805772432836115e-21,-2.6402886216418057e-21,-2.6402886216418057e-21,0.0,0.0,-0.0,0.0,0.0,0.0,-0.0,0.0,0.0,0.0,0.0,0.0,4.0,0.0,0.0
12278220,298.2940368652344,303.1499938964844,285.1499938964844,0.0,-0.0,285.1624755859375,0.0,0.0,9.288566070608796e-05,298.1856384277344,303.1499938964844,285.1499938964844,0.0,-0.0,285.1625366210937,0.0,0.0,9.781309927348047e-05,298.7557373046875,303.1499938964844,285.1499938964844,0.0,-0.0,285.1624755859375,0.0,0.0,7.224443106679246e-05,298.02496337890625,303.1499938964844,285.1499938964844,0.0,-0.0,285.1624755859375,0.0,0.0,9.781307744560765e-05,298.3226928710937,303.1499938964844,285.1499938964844,0.0,-0.0,285.16229248046875,0.0,0.0,0.0004639829276129,285.1788024902344,294.1499938964844,286.45001220703125,282.8158569335937,287.5252685546875,286.45001220703125,285.3463134765625,0.0,0.0,0.0,0.0,1.0,1.0,-0.0009896960109472,4.659230778969459e-09,0.0009896913543343,-0.0112588033080101,0.0,0.0,0.0,-0.0071225953288376,60.0,0.7492154836654663,-0.0,-6.678256170289387e-08,0.0,282.9992980957031,284.4533386230469,290.2752380371094,291.35028076171875,293.1499938964844,293.1499938964844,278.1499938964844,0.0,18000.0,313.1499938964844,0.0,18000.0,0.0,0.0,0.0,0.0,0.0,0.0,0.0,0.0,0.0,-0.0,-0.0,0.0,-5.2805772432836115e-21,-2.6402886216418057e-21,-2.6402886216418057e-21,0.0,0.0,-0.0,0.0,0.0,0.0,-0.0,0.0,0.0,0.0,0.0,0.0,4.0,0.0,0.0
12278280,298.2940368652344,303.1499938964844,285.1499938964844,0.0,-0.0,285.1624755859375,0.0,0.0,9.288566070608796e-05,298.1856384277344,303.1499938964844,285.1499938964844,0.0,-0.0,285.1625366210937,0.0,0.0,9.781309927348047e-05,298.7557373046875,303.1499938964844,285.1499938964844,0.0,-0.0,285.1624755859375,0.0,0.0,7.224443106679246e-05,298.02496337890625,303.1499938964844,285.1499938964844,0.0,-0.0,285.1624755859375,0.0,0.0,9.781307744560765e-05,298.3226928710937,303.1499938964844,285.1499938964844,0.0,-0.0,285.16229248046875,0.0,0.0,0.0004639829276129,285.1788024902344,294.1499938964844,286.45001220703125,282.8158569335937,287.5252685546875,286.45001220703125,285.3463134765625,0.0,0.0,0.0,0.0,1.0,1.0,-0.0009896960109472,4.659230778969459e-09,0.0009896913543343,-0.0112588033080101,0.0,0.0,0.0,-0.0071225953288376,60.0,0.7492154836654663,-0.0,-6.678256170289387e-08,0.0,282.9992980957031,284.4533386230469,290.2752380371094,291.35028076171875,293.1499938964844,293.1499938964844,278.1499938964844,0.0,18000.0,313.1499938964844,0.0,18000.0,0.0,0.0,0.0,0.0,0.0,0.0,0.0,0.0,0.0,-0.0,-0.0,0.0,-5.2805772432836115e-21,-2.6402886216418057e-21,-2.6402886216418057e-21,0.0,0.0,-0.0,0.0,0.0,0.0,-0.0,0.0,0.0,0.0,0.0,0.0,4.0,0.0,0.0
12278340,298.2914733886719,303.1499938964844,285.1499938964844,0.0,-0.0,285.1637268066406,0.0,0.0,9.286378917749973e-05,298.1823425292969,303.1499938964844,285.1499938964844,0.0,-0.0,285.16375732421875,0.0,0.0,9.779006359167396e-05,298.753173828125,303.1499938964844,285.1499938964844,0.0,-0.0,285.1637268066406,0.0,0.0,7.22274198778905e-05,298.0235900878906,303.1499938964844,285.1499938964844,0.0,-0.0,285.1637268066406,0.0,0.0,9.779004176380111e-05,298.32177734375,303.1499938964844,285.1499938964844,0.0,-0.0,285.1635131835937,0.0,0.0,0.0004638737009372,285.1802673339844,294.1499938964844,286.45001220703125,282.806884765625,287.5064392089844,286.45001220703125,285.34686279296875,0.0,0.0,0.0,0.0,1.0,1.0,-0.0009894628310576,4.6319676982875535e-09,0.0009894581744447,-0.0111873755231499,0.0,0.0,0.0,-0.0071090799756348,60.0,0.7486594319343567,-0.0,-6.675109887055444e-08,0.0,282.9992980957031,284.4533386230469,290.2752380371094,291.35028076171875,293.1499938964844,293.1499938964844,278.1499938964844,0.0,18000.0,313.1499938964844,0.0,18000.0,0.0,0.0,0.0,0.0,0.0,0.0,0.0,0.0,0.0,-0.0,-0.0,0.0,-5.2805772432836115e-21,-2.6402886216418057e-21,-2.6402886216418057e-21,0.0,0.0,-0.0,0.0,0.0,0.0,-0.0,0.0,0.0,0.0,0.0,0.0,4.0,0.0,0.0
12278400,298.2914733886719,303.1499938964844,285.1499938964844,0.0,-0.0,285.1637268066406,0.0,0.0,9.286378917749973e-05,298.1823425292969,303.1499938964844,285.1499938964844,0.0,-0.0,285.16375732421875,0.0,0.0,9.779006359167396e-05,298.753173828125,303.1499938964844,285.1499938964844,0.0,-0.0,285.1637268066406,0.0,0.0,7.22274198778905e-05,298.0235900878906,303.1499938964844,285.1499938964844,0.0,-0.0,285.1637268066406,0.0,0.0,9.779004176380111e-05,298.32177734375,303.1499938964844,285.1499938964844,0.0,-0.0,285.1635131835937,0.0,0.0,0.0004638737009372,285.1802673339844,294.1499938964844,286.45001220703125,282.806884765625,287.5064392089844,286.45001220703125,285.34686279296875,0.0,0.0,0.0,0.0,1.0,1.0,-0.0009894628310576,4.6319676982875535e-09,0.0009894581744447,-0.0111873755231499,0.0,0.0,0.0,-0.0071090799756348,60.0,0.7486594319343567,-0.0,-6.675109887055444e-08,0.0,282.9992980957031,284.4533386230469,290.2752380371094,291.35028076171875,293.1499938964844,293.1499938964844,278.1499938964844,0.0,18000.0,313.1499938964844,0.0,18000.0,0.0,0.0,0.0,0.0,0.0,0.0,0.0,0.0,0.0,-0.0,-0.0,0.0,-5.2805772432836115e-21,-2.6402886216418057e-21,-2.6402886216418057e-21,0.0,0.0,-0.0,0.0,0.0,0.0,-0.0,0.0,0.0,0.0,0.0,0.0,4.0,0.0,0.0
12278460,298.2888488769531,303.1499938964844,285.1499938964844,0.0,-0.0,285.1649475097656,0.0,0.0,9.284153929911554e-05,298.1791076660156,303.1499938964844,285.1499938964844,0.0,-0.0,285.1650085449219,0.0,0.0,9.77666350081563e-05,298.7505798339844,303.1499938964844,285.1499938964844,0.0,-0.0,285.1649475097656,0.0,0.0,7.221011765068397e-05,298.0221862792969,303.1499938964844,285.1499938964844,0.0,-0.0,285.1649475097656,0.0,0.0,9.776661318028346e-05,298.3208312988281,303.1499938964844,285.1499938964844,0.0,-0.0,285.1647644042969,0.0,0.0,0.0004637625243049,285.1817321777344,294.1499938964844,286.45001220703125,282.79766845703125,287.4879455566406,286.45001220703125,285.347412109375,0.0,0.0,0.0,0.0,1.0,1.0,-0.0009892255766317,4.604230330329528e-09,0.0009892210364341,-0.0111147034913301,0.0,0.0,0.0,-0.0070953294634819,60.0,0.748100996017456,-0.0,-6.671909602573578e-08,0.0,282.9992980957031,284.4533386230469,290.2752380371094,291.35028076171875,293.1499938964844,293.1499938964844,278.1499938964844,0.0,18000.0,313.1499938964844,0.0,18000.0,0.0,0.0,0.0,0.0,0.0,0.0,0.0,0.0,0.0,-0.0,-0.0,0.0,-5.2805772432836115e-21,-2.6402886216418057e-21,-2.6402886216418057e-21,0.0,0.0,-0.0,0.0,0.0,0.0,-0.0,0.0,0.0,0.0,0.0,0.0,4.0,0.0,0.0
12278520,298.2888488769531,303.1499938964844,285.1499938964844,0.0,-0.0,285.1649475097656,0.0,0.0,9.284153929911554e-05,298.1791076660156,303.1499938964844,285.1499938964844,0.0,-0.0,285.1650085449219,0.0,0.0,9.77666350081563e-05,298.7505798339844,303.1499938964844,285.1499938964844,0.0,-0.0,285.1649475097656,0.0,0.0,7.221011765068397e-05,298.0221862792969,303.1499938964844,285.1499938964844,0.0,-0.0,285.1649475097656,0.0,0.0,9.776661318028346e-05,298.3208312988281,303.1499938964844,285.1499938964844,0.0,-0.0,285.1647644042969,0.0,0.0,0.0004637625243049,285.1817321777344,294.1499938964844,286.45001220703125,282.79766845703125,287.4879455566406,286.45001220703125,285.347412109375,0.0,0.0,0.0,0.0,1.0,1.0,-0.0009892255766317,4.604230330329528e-09,0.0009892210364341,-0.0111147034913301,0.0,0.0,0.0,-0.0070953294634819,60.0,0.748100996017456,-0.0,-6.671909602573578e-08,0.0,282.9992980957031,284.4533386230469,290.2752380371094,291.35028076171875,293.1499938964844,293.1499938964844,278.1499938964844,0.0,18000.0,313.1499938964844,0.0,18000.0,0.0,0.0,0.0,0.0,0.0,0.0,0.0,0.0,0.0,-0.0,-0.0,0.0,-5.2805772432836115e-21,-2.6402886216418057e-21,-2.6402886216418057e-21,0.0,0.0,-0.0,0.0,0.0,0.0,-0.0,0.0,0.0,0.0,0.0,0.0,4.0,0.0,0.0
12278580,298.2862243652344,303.1499938964844,285.1499938964844,0.0,-0.0,285.16619873046875,0.0,0.0,9.28189474507235e-05,298.1758728027344,303.1499938964844,285.1499938964844,0.0,-0.0,285.1662292480469,0.0,0.0,9.774284262675792e-05,298.7479553222656,303.1499938964844,285.1499938964844,0.0,-0.0,285.16619873046875,0.0,0.0,7.219254621304572e-05,298.020751953125,303.1499938964844,285.1499938964844,0.0,-0.0,285.16619873046875,0.0,0.0,9.774282079888508e-05,298.3198547363281,303.1499938964844,285.1499938964844,0.0,-0.0,285.166015625,0.0,0.0,0.0004636496887542,285.1831970214844,294.1499938964844,286.45001220703125,282.7882080078125,287.46978759765625,286.45001220703125,285.3479919433594,0.0,0.0,0.0,0.0,1.0,1.0,-0.0009889848297461,4.576072409889775e-09,0.0009889802895486,-0.0110409306362271,0.0,0.0,0.0,-0.0070813703350722,60.0,0.7475404143333435,-0.0,-6.66866171172842e-08,0.0,282.9992980957031,284.4533386230469,290.2752380371094,291.35028076171875,293.1499938964844,293.1499938964844,278.1499938964844,0.0,18000.0,313.1499938964844,0.0,18000.0,0.0,0.0,0.0,0.0,0.0,0.0,0.0,0.0,0.0,-0.0,-0.0,0.0,-5.2805772432836115e-21,-2.6402886216418057e-21,-2.6402886216418057e-21,0.0,0.0,-0.0,0.0,0.0,0.0,-0.0,0.0,0.0,0.0,0.0,0.0,4.0,0.0,0.0
12278640,298.2862243652344,303.1499938964844,285.1499938964844,0.0,-0.0,285.16619873046875,0.0,0.0,9.28189474507235e-05,298.1758728027344,303.1499938964844,285.1499938964844,0.0,-0.0,285.1662292480469,0.0,0.0,9.774284262675792e-05,298.7479553222656,303.1499938964844,285.1499938964844,0.0,-0.0,285.16619873046875,0.0,0.0,7.219254621304572e-05,298.020751953125,303.1499938964844,285.1499938964844,0.0,-0.0,285.16619873046875,0.0,0.0,9.774282079888508e-05,298.3198547363281,303.1499938964844,285.1499938964844,0.0,-0.0,285.166015625,0.0,0.0,0.0004636496887542,285.1831970214844,294.1499938964844,286.45001220703125,282.7882080078125,287.46978759765625,286.45001220703125,285.3479919433594,0.0,0.0,0.0,0.0,1.0,1.0,-0.0009889848297461,4.576072409889775e-09,0.0009889802895486,-0.0110409306362271,0.0,0.0,0.0,-0.0070813703350722,60.0,0.7475404143333435,-0.0,-6.66866171172842e-08,0.0,282.9992980957031,284.4533386230469,290.2752380371094,291.35028076171875,293.1499938964844,293.1499938964844,278.1499938964844,0.0,18000.0,313.1499938964844,0.0,18000.0,0.0,0.0,0.0,0.0,0.0,0.0,0.0,0.0,0.0,-0.0,-0.0,0.0,-5.2805772432836115e-21,-2.6402886216418057e-21,-2.6402886216418057e-21,0.0,0.0,-0.0,0.0,0.0,0.0,-0.0,0.0,0.0,0.0,0.0,0.0,4.0,0.0,0.0
12278700,298.284912109375,303.1499938964844,285.1499938964844,0.0,-0.0,285.16680908203125,0.0,0.0,9.280753874918446e-05,298.1742858886719,303.1499938964844,285.1499938964844,0.0,-0.0,285.1668395996094,0.0,0.0,9.77308300207369e-05,298.74664306640625,303.1499938964844,285.1499938964844,0.0,-0.0,285.16680908203125,0.0,0.0,7.218366954475641e-05,298.0200500488281,303.1499938964844,285.1499938964844,0.0,-0.0,285.16680908203125,0.0,0.0,9.773080819286406e-05,298.3193359375,303.1499938964844,285.1499938964844,0.0,-0.0,285.1666259765625,0.0,0.0,0.0004635927034541,285.1839294433594,294.1499938964844,286.45001220703125,282.78338623046875,287.4608154296875,286.45001220703125,285.3482666015625,0.0,0.0,0.0,0.0,1.0,1.0,-0.0009888631757348,4.561851341122747e-09,0.0009888586355373,-0.0110036712139844,0.0,0.0,0.0,-0.0070743202231824,60.0,0.7472594380378723,-0.0,-6.667021779094284e-08,0.0,282.9992980957031,284.4533386230469,290.2752380371094,291.35028076171875,293.1499938964844,293.1499938964844,278.1499938964844,0.0,18000.0,313.1499938964844,0.0,18000.0,0.0,0.0,0.0,0.0,0.0,0.0,0.0,0.0,0.0,-0.0,-0.0,0.0,-5.2805772432836115e-21,-2.6402886216418057e-21,-2.6402886216418057e-21,0.0,0.0,-0.0,0.0,0.0,0.0,-0.0,0.0,0.0,0.0,0.0,0.0,4.0,0.0,0.0
12278760,298.2835998535156,303.1499938964844,285.1499938964844,0.0,-0.0,285.1674194335937,0.0,0.0,9.279606456402688e-05,298.1726989746094,303.1499938964844,285.1499938964844,0.0,-0.0,285.16748046875,0.0,0.0,9.771874465513974e-05,298.7453308105469,303.1499938964844,285.1499938964844,0.0,-0.0,285.1674194335937,0.0,0.0,7.217474922072142e-05,298.0193176269531,303.1499938964844,285.1499938964844,0.0,-0.0,285.1674194335937,0.0,0.0,9.77187228272669e-05,298.31884765625,303.1499938964844,285.1499938964844,0.0,-0.0,285.167236328125,0.0,0.0,0.000463535398012,285.1846618652344,294.1499938964844,286.45001220703125,282.7785339355469,287.4519348144531,286.45001220703125,285.3485412597656,0.0,0.0,0.0,0.0,1.0,1.0,-0.0009887409396469,4.547549892208735e-09,0.000988736283034,-0.0109662013128399,0.0,0.0,0.0,-0.0070672305300831,60.0,0.7469780445098877,-0.0,-6.665372609404585e-08,0.0,282.9992980957031,284.4533386230469,290.2752380371094,291.35028076171875,293.1499938964844,293.1499938964844,278.1499938964844,0.0,18000.0,313.1499938964844,0.0,18000.0,0.0,0.0,0.0,0.0,0.0,0.0,0.0,0.0,0.0,-0.0,-0.0,0.0,-5.2805772432836115e-21,-2.6402886216418057e-21,-2.6402886216418057e-21,0.0,0.0,-0.0,0.0,0.0,0.0,-0.0,0.0,0.0,0.0,0.0,0.0,4.0,0.0,0.0
12278820,298.28094482421875,303.1499938964844,285.1499938964844,0.0,-0.0,285.1686706542969,0.0,0.0,9.277294157072902e-05,298.16949462890625,303.1499938964844,285.1499938964844,0.0,-0.0,285.168701171875,0.0,0.0,9.769439930096269e-05,298.74267578125,303.1499938964844,285.1499938964844,0.0,-0.0,285.1686706542969,0.0,0.0,7.215676305349916e-05,298.01788330078125,303.1499938964844,285.1499938964844,0.0,-0.0,285.1686706542969,0.0,0.0,9.769437747308984e-05,298.3178100585937,303.1499938964844,285.1499938964844,0.0,-0.0,285.1684875488281,0.0,0.0,0.0004634198849089,285.1861267089844,294.1499938964844,286.45001220703125,282.76861572265625,287.4344177246094,286.45001220703125,285.3490905761719,0.0,0.0,0.0,0.0,1.0,1.0,-0.0009884943719953,4.518728502489466e-09,0.0009884898317977,-0.0108906887471675,0.0,0.0,0.0,-0.0070529421791434,60.0,0.7464144229888916,-0.0,-6.662049401029435e-08,0.0,282.9992980957031,284.4533386230469,290.2752380371094,291.35028076171875,293.1499938964844,293.1499938964844,278.1499938964844,0.0,18000.0,313.1499938964844,0.0,18000.0,0.0,0.0,0.0,0.0,0.0,0.0,0.0,0.0,0.0,-0.0,-0.0,0.0,-5.2805772432836115e-21,-2.6402886216418057e-21,-2.6402886216418057e-21,0.0,0.0,-0.0,0.0,0.0,0.0,-0.0,0.0,0.0,0.0,0.0,0.0,4.0,0.0,0.0
12278880,298.28094482421875,303.1499938964844,285.1499938964844,0.0,-0.0,285.1686706542969,0.0,0.0,9.277294157072902e-05,298.16949462890625,303.1499938964844,285.1499938964844,0.0,-0.0,285.168701171875,0.0,0.0,9.769439930096269e-05,298.74267578125,303.1499938964844,285.1499938964844,0.0,-0.0,285.1686706542969,0.0,0.0,7.215676305349916e-05,298.01788330078125,303.1499938964844,285.1499938964844,0.0,-0.0,285.1686706542969,0.0,0.0,9.769437747308984e-05,298.3178100585937,303.1499938964844,285.1499938964844,0.0,-0.0,285.1684875488281,0.0,0.0,0.0004634198849089,285.1861267089844,294.1499938964844,286.45001220703125,282.76861572265625,287.4344177246094,286.45001220703125,285.3490905761719,0.0,0.0,0.0,0.0,1.0,1.0,-0.0009884943719953,4.518728502489466e-09,0.0009884898317977,-0.0108906887471675,0.0,0.0,0.0,-0.0070529421791434,60.0,0.7464144229888916,-0.0,-6.662049401029435e-08,0.0,282.9992980957031,284.4533386230469,290.2752380371094,291.35028076171875,293.1499938964844,293.1499938964844,278.1499938964844,0.0,18000.0,313.1499938964844,0.0,18000.0,0.0,0.0,0.0,0.0,0.0,0.0,0.0,0.0,0.0,-0.0,-0.0,0.0,-5.2805772432836115e-21,-2.6402886216418057e-21,-2.6402886216418057e-21,0.0,0.0,-0.0,0.0,0.0,0.0,-0.0,0.0,0.0,0.0,0.0,0.0,4.0,0.0,0.0
12278940,298.2781982421875,303.1499938964844,285.1499938964844,0.0,-0.0,285.1698913574219,0.0,0.0,9.274962212657556e-05,298.1663818359375,303.1499938964844,285.1499938964844,0.0,-0.0,285.1699523925781,0.0,0.0,9.766984294401482e-05,298.7400207519531,303.1499938964844,285.1499938964844,0.0,-0.0,285.1698913574219,0.0,0.0,7.2138624091167e-05,298.0164489746094,303.1499938964844,285.1499938964844,0.0,-0.0,285.1698913574219,0.0,0.0,9.766982111614196e-05,298.3167419433594,303.1499938964844,285.1499938964844,0.0,-0.0,285.1697082519531,0.0,0.0,0.0004633034113794,285.1875915527344,294.1499938964844,286.45001220703125,282.7585144042969,287.4172058105469,286.45001220703125,285.3496398925781,0.0,0.0,0.0,0.0,1.0,1.0,-0.0009882458252832,4.489665084150829e-09,0.000988241401501,-0.0108145428821444,0.0,0.0,0.0,-0.0070385341532528,60.0,0.7458496689796448,-0.0,-6.658699902573062e-08,0.0,282.9992980957031,284.4533386230469,290.2752380371094,291.35028076171875,293.1499938964844,293.1499938964844,278.1499938964844,0.0,18000.0,313.1499938964844,0.0,18000.0,0.0,0.0,0.0,0.0,0.0,0.0,0.0,0.0,0.0,-0.0,-0.0,0.0,-5.2805772432836115e-21,-2.6402886216418057e-21,-2.6402886216418057e-21,0.0,0.0,-0.0,0.0,0.0,0.0,-0.0,0.0,0.0,0.0,0.0,0.0,4.0,0.0,0.0
12279000,298.2781982421875,303.1499938964844,285.1499938964844,0.0,-0.0,285.1698913574219,0.0,0.0,9.274962212657556e-05,298.1663818359375,303.1499938964844,285.1499938964844,0.0,-0.0,285.1699523925781,0.0,0.0,9.766984294401482e-05,298.7400207519531,303.1499938964844,285.1499938964844,0.0,-0.0,285.1698913574219,0.0,0.0,7.2138624091167e-05,298.0164489746094,303.1499938964844,285.1499938964844,0.0,-0.0,285.1698913574219,0.0,0.0,9.766982111614196e-05,298.3167419433594,303.1499938964844,285.1499938964844,0.0,-0.0,285.1697082519531,0.0,0.0,0.0004633034113794,285.1875915527344,294.1499938964844,286.45001220703125,282.7585144042969,287.4172058105469,286.45001220703125,285.3496398925781,0.0,0.0,0.0,0.0,1.0,1.0,-0.0009882458252832,4.489665084150829e-09,0.000988241401501,-0.0108145428821444,0.0,0.0,0.0,-0.0070385341532528,60.0,0.7458496689796448,-0.0,-6.658699902573062e-08,0.0,282.9992980957031,284.4533386230469,290.2752380371094,291.35028076171875,293.1499938964844,293.1499938964844,278.1499938964844,0.0,18000.0,313.1499938964844,0.0,18000.0,0.0,0.0,0.0,0.0,0.0,0.0,0.0,0.0,0.0,-0.0,-0.0,0.0,-5.2805772432836115e-21,-2.6402886216418057e-21,-2.6402886216418057e-21,0.0,0.0,-0.0,0.0,0.0,0.0,-0.0,0.0,0.0,0.0,0.0,0.0,4.0,0.0,0.0
12279060,298.2745666503906,303.1499938964844,285.1499938964844,0.0,-0.0,285.171142578125,0.0,0.0,9.272616443922745e-05,298.163818359375,303.1499938964844,285.1499938964844,0.0,-0.0,285.1711730957031,0.0,0.0,9.764514106791466e-05,298.73736572265625,303.1499938964844,285.1499938964844,0.0,-0.0,285.171142578125,0.0,0.0,7.212038326542825e-05,298.0150146484375,303.1499938964844,285.1499938964844,0.0,-0.0,285.171142578125,0.0,0.0,9.764511924004182e-05,298.315673828125,303.1499938964844,285.1499938964844,0.0,-0.0,285.17095947265625,0.0,0.0,0.000463186239358,285.18902587890625,294.1499938964844,286.45001220703125,282.74822998046875,287.4002685546875,286.45001220703125,285.3501892089844,0.0,0.0,0.0,0.0,1.0,1.0,-0.0009879957651719,4.460425806485091e-09,0.0009879913413897,-0.0107379360124468,0.0,0.0,0.0,-0.0070240390487015,60.0,0.7452842593193054,-0.0,-6.655330508920089e-08,0.0,282.9992980957031,284.4533386230469,290.2752380371094,291.35028076171875,293.1499938964844,293.1499938964844,278.1499938964844,0.0,18000.0,313.1499938964844,0.0,18000.0,0.0,0.0,0.0,0.0,0.0,0.0,0.0,0.0,0.0,-0.0,-0.0,0.0,-5.2805772432836115e-21,-2.6402886216418057e-21,-2.6402886216418057e-21,0.0,0.0,-0.0,0.0,0.0,0.0,-0.0,0.0,0.0,0.0,0.0,0.0,4.0,0.0,0.0
12279120,298.2745666503906,303.1499938964844,285.1499938964844,0.0,-0.0,285.171142578125,0.0,0.0,9.272616443922745e-05,298.163818359375,303.1499938964844,285.1499938964844,0.0,-0.0,285.1711730957031,0.0,0.0,9.764514106791466e-05,298.73736572265625,303.1499938964844,285.1499938964844,0.0,-0.0,285.171142578125,0.0,0.0,7.212038326542825e-05,298.0150146484375,303.1499938964844,285.1499938964844,0.0,-0.0,285.171142578125,0.0,0.0,9.764511924004182e-05,298.315673828125,303.1499938964844,285.1499938964844,0.0,-0.0,285.17095947265625,0.0,0.0,0.000463186239358,285.18902587890625,294.1499938964844,286.45001220703125,282.74822998046875,287.4002685546875,286.45001220703125,285.3501892089844,0.0,0.0,0.0,0.0,1.0,1.0,-0.0009879957651719,4.460425806485091e-09,0.0009879913413897,-0.0107379360124468,0.0,0.0,0.0,-0.0070240390487015,60.0,0.7452842593193054,-0.0,-6.655330508920089e-08,0.0,282.9992980957031,284.4533386230469,290.2752380371094,291.35028076171875,293.1499938964844,293.1499938964844,278.1499938964844,0.0,18000.0,313.1499938964844,0.0,18000.0,0.0,0.0,0.0,0.0,0.0,0.0,0.0,0.0,0.0,-0.0,-0.0,0.0,-5.2805772432836115e-21,-2.6402886216418057e-21,-2.6402886216418057e-21,0.0,0.0,-0.0,0.0,0.0,0.0,-0.0,0.0,0.0,0.0,0.0,0.0,4.0,0.0,0.0
12279180,298.2698059082031,303.1499938964844,285.1499938964844,0.0,-0.0,285.17236328125,0.0,0.0,9.270261944038792e-05,298.1619567871094,303.1499938964844,285.1499938964844,0.0,-0.0,285.1723937988281,0.0,0.0,9.762034460436551e-05,298.73468017578125,303.1499938964844,285.1499938964844,0.0,-0.0,285.17236328125,0.0,0.0,7.210206968011335e-05,298.0135803222656,303.1499938964844,285.1499938964844,0.0,-0.0,285.17236328125,0.0,0.0,9.762032277649269e-05,298.3146057128906,303.1499938964844,285.1499938964844,0.0,-0.0,285.17218017578125,0.0,0.0,0.0004630686307791,285.1904602050781,294.1499938964844,286.45001220703125,282.73779296875,287.3836669921875,286.45001220703125,285.3507385253906,0.0,0.0,0.0,0.0,1.0,1.0,-0.000987744773738,4.431079503319779e-09,0.0009877403499558,-0.0106610469520092,0.0,0.0,0.0,-0.0070094908587634,60.0,0.7447186708450317,-0.0,-6.651949746583341e-08,0.0,282.9992980957031,284.4533386230469,290.2752380371094,291.35028076171875,293.1499938964844,293.1499938964844,278.1499938964844,0.0,18000.0,313.1499938964844,0.0,18000.0,0.0,0.0,0.0,0.0,0.0,0.0,0.0,0.0,0.0,-0.0,-0.0,0.0,-5.2805772432836115e-21,-2.6402886216418057e-21,-2.6402886216418057e-21,0.0,0.0,-0.0,0.0,0.0,0.0,-0.0,0.0,0.0,0.0,0.0,0.0,4.0,0.0,0.0
12279240,298.2698059082031,303.1499938964844,285.1499938964844,0.0,-0.0,285.17236328125,0.0,0.0,9.270261944038792e-05,298.1619567871094,303.1499938964844,285.1499938964844,0.0,-0.0,285.1723937988281,0.0,0.0,9.762034460436551e-05,298.73468017578125,303.1499938964844,285.1499938964844,0.0,-0.0,285.17236328125,0.0,0.0,7.210206968011335e-05,298.0135803222656,303.1499938964844,285.1499938964844,0.0,-0.0,285.17236328125,0.0,0.0,9.762032277649269e-05,298.3146057128906,303.1499938964844,285.1499938964844,0.0,-0.0,285.17218017578125,0.0,0.0,0.0004630686307791,285.1904602050781,294.1499938964844,286.45001220703125,282.73779296875,287.3836669921875,286.45001220703125,285.3507385253906,0.0,0.0,0.0,0.0,1.0,1.0,-0.000987744773738,4.431079503319779e-09,0.0009877403499558,-0.0106610469520092,0.0,0.0,0.0,-0.0070094908587634,60.0,0.7447186708450317,-0.0,-6.651949746583341e-08,0.0,282.9992980957031,284.4533386230469,290.2752380371094,291.35028076171875,293.1499938964844,293.1499938964844,278.1499938964844,0.0,18000.0,313.1499938964844,0.0,18000.0,0.0,0.0,0.0,0.0,0.0,0.0,0.0,0.0,0.0,-0.0,-0.0,0.0,-5.2805772432836115e-21,-2.6402886216418057e-21,-2.6402886216418057e-21,0.0,0.0,-0.0,0.0,0.0,0.0,-0.0,0.0,0.0,0.0,0.0,0.0,4.0,0.0,0.0
12279300,298.26708984375,303.1499938964844,285.1499938964844,0.0,-0.0,285.1729736328125,0.0,0.0,9.269083238905296e-05,298.16119384765625,303.1499938964844,285.1499938964844,0.0,-0.0,285.1730041503906,0.0,0.0,9.760793182067572e-05,298.7333679199219,303.1499938964844,285.1499938964844,0.0,-0.0,285.1729736328125,0.0,0.0,7.209290197351947e-05,298.01287841796875,303.1499938964844,285.1499938964844,0.0,-0.0,285.1729736328125,0.0,0.0,9.760790999280287e-05,298.3140869140625,303.1499938964844,285.1499938964844,0.0,-0.0,285.1727905273437,0.0,0.0,0.0004630097537301,285.1911926269531,294.1499938964844,286.45001220703125,282.7325134277344,287.3754577636719,286.45001220703125,285.3510131835937,0.0,0.0,0.0,0.0,1.0,1.0,-0.0009876191616058,4.416386811811891e-09,0.0009876147378236,-0.0106225525960326,0.0,0.0,0.0,-0.0070022069849073,60.0,0.7444359064102173,-0.0,-6.65025723378676e-08,0.0,282.9992980957031,284.4533386230469,290.2752380371094,291.35028076171875,293.1499938964844,293.1499938964844,278.1499938964844,0.0,18000.0,313.1499938964844,0.0,18000.0,0.0,0.0,0.0,0.0,0.0,0.0,0.0,0.0,0.0,-0.0,-0.0,0.0,-5.2805772432836115e-21,-2.6402886216418057e-21,-2.6402886216418057e-21,0.0,0.0,-0.0,0.0,0.0,0.0,-0.0,0.0,0.0,0.0,0.0,0.0,4.0,0.0,0.0
12279360,298.26422119140625,303.1499938964844,285.1499938964844,0.0,-0.0,285.173583984375,0.0,0.0,9.267904533771798e-05,298.1605224609375,303.1499938964844,285.1499938964844,0.0,-0.0,285.17364501953125,0.0,0.0,9.759551903698592e-05,298.7320251464844,303.1499938964844,285.1499938964844,0.0,-0.0,285.173583984375,0.0,0.0,7.208372699096799e-05,298.0121459960937,303.1499938964844,285.1499938964844,0.0,-0.0,285.173583984375,0.0,0.0,9.759549720911308e-05,298.3135681152344,303.1499938964844,285.1499938964844,0.0,-0.0,285.1734313964844,0.0,0.0,0.0004629508475773,285.19189453125,294.1499938964844,286.45001220703125,282.7272033691406,287.3673400878906,286.45001220703125,285.3512878417969,0.0,0.0,0.0,0.0,1.0,1.0,-0.0009874935494735,4.401693676214791e-09,0.0009874891256913,-0.0105840554460883,0.0,0.0,0.0,-0.0069949231110513,60.0,0.7441532015800476,-0.0,-6.648565431532917e-08,0.0,282.9992980957031,284.4533386230469,290.2752380371094,291.35028076171875,293.1499938964844,293.1499938964844,278.1499938964844,0.0,18000.0,313.1499938964844,0.0,18000.0,0.0,0.0,0.0,0.0,0.0,0.0,0.0,0.0,0.0,-0.0,-0.0,0.0,-5.2805772432836115e-21,-2.6402886216418057e-21,-2.6402886216418057e-21,0.0,0.0,-0.0,0.0,0.0,0.0,-0.0,0.0,0.0,0.0,0.0,0.0,4.0,0.0,0.0
12279420,298.2582092285156,303.1499938964844,285.1499938964844,0.0,-0.0,285.1748352050781,0.0,0.0,9.265549306292088e-05,298.15936279296875,303.1499938964844,285.1499938964844,0.0,-0.0,285.17486572265625,0.0,0.0,9.757071529747918e-05,298.7293701171875,303.1499938964844,285.1499938964844,0.0,-0.0,285.1748352050781,0.0,0.0,7.206541340565309e-05,298.0107421875,303.1499938964844,285.1499938964844,0.0,-0.0,285.1748352050781,0.0,0.0,9.757069346960634e-05,298.3125,303.1499938964844,285.1499938964844,0.0,-0.0,285.1746520996094,0.0,0.0,0.0004628332098945,285.1933288574219,294.1499938964844,286.45001220703125,282.7164611816406,287.351318359375,286.45001220703125,285.351806640625,0.0,0.0,0.0,0.0,1.0,1.0,-0.0009872424416244,4.372338047176072e-09,0.0009872380178421,-0.0105071431025862,0.0,0.0,0.0,-0.0069803702645003,60.0,0.7435884475708008,-0.0,-6.645184669196169e-08,0.0,282.9992980957031,284.4533386230469,290.2752380371094,291.35028076171875,293.1499938964844,293.1499938964844,278.1499938964844,0.0,18000.0,313.1499938964844,0.0,18000.0,0.0,0.0,0.0,0.0,0.0,0.0,0.0,0.0,0.0,-0.0,-0.0,0.0,-5.2805772432836115e-21,-2.6402886216418057e-21,-2.6402886216418057e-21,0.0,0.0,-0.0,0.0,0.0,0.0,-0.0,0.0,0.0,0.0,0.0,0.0,4.0,0.0,0.0
12279480,298.2582092285156,303.1499938964844,285.1499938964844,0.0,-0.0,285.1748352050781,0.0,0.0,9.265549306292088e-05,298.15936279296875,303.1499938964844,285.1499938964844,0.0,-0.0,285.17486572265625,0.0,0.0,9.757071529747918e-05,298.7293701171875,303.1499938964844,285.1499938964844,0.0,-0.0,285.1748352050781,0.0,0.0,7.206541340565309e-05,298.0107421875,303.1499938964844,285.1499938964844,0.0,-0.0,285.1748352050781,0.0,0.0,9.757069346960634e-05,298.3125,303.1499938964844,285.1499938964844,0.0,-0.0,285.1746520996094,0.0,0.0,0.0004628332098945,285.1933288574219,294.1499938964844,286.45001220703125,282.7164611816406,287.351318359375,286.45001220703125,285.351806640625,0.0,0.0,0.0,0.0,1.0,1.0,-0.0009872424416244,4.372338047176072e-09,0.0009872380178421,-0.0105071431025862,0.0,0.0,0.0,-0.0069803702645003,60.0,0.7435884475708008,-0.0,-6.645184669196169e-08,0.0,282.9992980957031,284.4533386230469,290.2752380371094,291.35028076171875,293.1499938964844,293.1499938964844,278.1499938964844,0.0,18000.0,313.1499938964844,0.0,18000.0,0.0,0.0,0.0,0.0,0.0,0.0,0.0,0.0,0.0,-0.0,-0.0,0.0,-5.2805772432836115e-21,-2.6402886216418057e-21,-2.6402886216418057e-21,0.0,0.0,-0.0,0.0,0.0,0.0,-0.0,0.0,0.0,0.0,0.0,0.0,4.0,0.0,0.0
12279540,298.2519836425781,303.1499938964844,285.1499938964844,0.0,-0.0,285.1760559082031,0.0,0.0,9.263197716791184e-05,298.1583557128906,303.1499938964844,285.1499938964844,0.0,-0.0,285.17608642578125,0.0,0.0,9.754595521371812e-05,298.7267150878906,303.1499938964844,285.1499938964844,0.0,-0.0,285.1760559082031,0.0,0.0,7.204712164821103e-05,298.00933837890625,303.1499938964844,285.1499938964844,0.0,-0.0,285.1760559082031,0.0,0.0,9.754593338584527e-05,298.3114318847656,303.1499938964844,285.1499938964844,0.0,-0.0,285.1758728027344,0.0,0.0,0.0004627157468348,285.1947631835937,294.1499938964844,286.45001220703125,282.70562744140625,287.3355712890625,286.45001220703125,285.35235595703125,0.0,0.0,0.0,0.0,1.0,1.0,-0.0009869917994365,4.343029491593597e-09,0.0009869874920696,-0.0104303527623415,0.0,0.0,0.0,-0.0069658407010138,60.0,0.743027925491333,-0.0,-6.64181101228678e-08,0.0,282.9992980957031,284.4533386230469,290.2752380371094,291.35028076171875,293.1499938964844,293.1499938964844,278.1499938964844,0.0,18000.0,313.1499938964844,0.0,18000.0,0.0,0.0,0.0,0.0,0.0,0.0,0.0,0.0,0.0,-0.0,-0.0,0.0,-5.2805772432836115e-21,-2.6402886216418057e-21,-2.6402886216418057e-21,0.0,0.0,-0.0,0.0,0.0,0.0,-0.0,0.0,0.0,0.0,0.0,0.0,4.0,0.0,0.0
12279600,298.2519836425781,303.1499938964844,285.1499938964844,0.0,-0.0,285.1760559082031,0.0,0.0,9.263197716791184e-05,298.1583557128906,303.1499938964844,285.1499938964844,0.0,-0.0,285.17608642578125,0.0,0.0,9.754595521371812e-05,298.7267150878906,303.1499938964844,285.1499938964844,0.0,-0.0,285.1760559082031,0.0,0.0,7.204712164821103e-05,298.00933837890625,303.1499938964844,285.1499938964844,0.0,-0.0,285.1760559082031,0.0,0.0,9.754593338584527e-05,298.3114318847656,303.1499938964844,285.1499938964844,0.0,-0.0,285.1758728027344,0.0,0.0,0.0004627157468348,285.1947631835937,294.1499938964844,286.45001220703125,282.70562744140625,287.3355712890625,286.45001220703125,285.35235595703125,0.0,0.0,0.0,0.0,1.0,1.0,-0.0009869917994365,4.343029491593597e-09,0.0009869874920696,-0.0104303527623415,0.0,0.0,0.0,-0.0069658407010138,60.0,0.743027925491333,-0.0,-6.64181101228678e-08,0.0,282.9992980957031,284.4533386230469,290.2752380371094,291.35028076171875,293.1499938964844,293.1499938964844,278.1499938964844,0.0,18000.0,313.1499938964844,0.0,18000.0,0.0,0.0,0.0,0.0,0.0,0.0,0.0,0.0,0.0,-0.0,-0.0,0.0,-5.2805772432836115e-21,-2.6402886216418057e-21,-2.6402886216418057e-21,0.0,0.0,-0.0,0.0,0.0,0.0,-0.0,0.0,0.0,0.0,0.0,0.0,4.0,0.0,0.0
12279660,298.2456970214844,303.1499938964844,285.1499938964844,0.0,-0.0,285.1772766113281,0.0,0.0,9.260390652343632e-05,298.15740966796875,303.1499938964844,285.1499938964844,0.0,-0.0,285.17730712890625,0.0,0.0,9.751639299793168e-05,298.7240600585937,303.1499938964844,285.1499938964844,0.0,-0.0,285.1772766113281,0.0,0.0,7.202528649941087e-05,298.00799560546875,303.1499938964844,285.1499938964844,0.0,-0.0,285.1772766113281,0.0,0.0,9.751637117005885e-05,298.31036376953125,303.1499938964844,285.1499938964844,0.0,-0.0,285.1770935058594,0.0,0.0,0.0004625755245797,285.1961975097656,294.1499938964844,286.4516906738281,282.6942138671875,287.3201599121094,286.4501342773437,285.3529052734375,0.0,0.0,0.0,0.0,1.0,1.0,-0.0009866926120594,4.30804147910635e-09,0.0009866883046925,-0.0103386836126446,0.0,0.0,0.0,-0.0069484957493841,60.0,0.7429854869842529,-0.0,-6.637784366603229e-08,0.0,282.9992980957031,284.4533386230469,290.2752380371094,291.35028076171875,293.1499938964844,293.1499938964844,278.1499938964844,0.0,18000.0,313.1499938964844,0.0,18000.0,0.0,0.0,0.0,0.0,0.0,0.0,0.0,0.0,0.0,-0.0,-0.0,0.0,-5.2805772432836115e-21,-2.6402886216418057e-21,-2.6402886216418057e-21,0.0,0.0,-0.0,0.0,0.0,0.0,-0.0,0.0,0.0,0.0,0.0,0.0,4.0,0.0,0.0
12279720,298.2456970214844,303.1499938964844,285.1499938964844,0.0,-0.0,285.1772766113281,0.0,0.0,9.260390652343632e-05,298.15740966796875,303.1499938964844,285.1499938964844,0.0,-0.0,285.17730712890625,0.0,0.0,9.751639299793168e-05,298.7240600585937,303.1499938964844,285.1499938964844,0.0,-0.0,285.1772766113281,0.0,0.0,7.202528649941087e-05,298.00799560546875,303.1499938964844,285.1499938964844,0.0,-0.0,285.1772766113281,0.0,0.0,9.751637117005885e-05,298.31036376953125,303.1499938964844,285.1499938964844,0.0,-0.0,285.1770935058594,0.0,0.0,0.0004625755245797,285.1961975097656,294.1499938964844,286.4516906738281,282.6942138671875,287.3201599121094,286.4501342773437,285.3529052734375,0.0,0.0,0.0,0.0,1.0,1.0,-0.0009866926120594,4.30804147910635e-09,0.0009866883046925,-0.0103386836126446,0.0,0.0,0.0,-0.0069484957493841,60.0,0.7429854869842529,-0.0,-6.637784366603229e-08,0.0,282.9992980957031,284.4533386230469,290.2752380371094,291.35028076171875,293.1499938964844,293.1499938964844,278.1499938964844,0.0,18000.0,313.1499938964844,0.0,18000.0,0.0,0.0,0.0,0.0,0.0,0.0,0.0,0.0,0.0,-0.0,-0.0,0.0,-5.2805772432836115e-21,-2.6402886216418057e-21,-2.6402886216418057e-21,0.0,0.0,-0.0,0.0,0.0,0.0,-0.0,0.0,0.0,0.0,0.0,0.0,4.0,0.0,0.0
12279780,298.2393798828125,303.1499938964844,285.1499938964844,0.0,-0.0,285.1784973144531,0.0,0.0,9.25671265576966e-05,298.156494140625,303.1499938964844,285.1499938964844,0.0,-0.0,285.17852783203125,0.0,0.0,9.74776630755514e-05,298.7214050292969,303.1499938964844,285.1499938964844,0.0,-0.0,285.1784973144531,0.0,0.0,7.19966774340719e-05,298.0067443847656,303.1499938964844,285.1499938964844,0.0,-0.0,285.1784973144531,0.0,0.0,9.747764124767856e-05,298.30926513671875,303.1499938964844,285.1499938964844,0.0,-0.0,285.1783447265625,0.0,0.0,0.0004623918212018,285.1976013183594,294.1499938964844,286.4566650390625,282.6817932128906,287.3050231933594,286.4507751464844,285.3534545898437,0.0,0.0,0.0,0.0,1.0,1.0,-0.0009863006416708,4.2622096962929845e-09,0.0009862964507192,-0.0102186007425189,0.0,0.0,0.0,-0.0069257747381925,60.0,0.7445240020751953,-0.0,-6.632512139503889e-08,0.0,282.9992980957031,284.4533386230469,290.2752380371094,291.35028076171875,293.1499938964844,293.1499938964844,278.1499938964844,0.0,18000.0,313.1499938964844,0.0,18000.0,0.0,0.0,0.0,0.0,0.0,0.0,0.0,0.0,0.0,-0.0,-0.0,0.0,-5.2805772432836115e-21,-2.6402886216418057e-21,-2.6402886216418057e-21,0.0,0.0,-0.0,0.0,0.0,0.0,-0.0,0.0,0.0,0.0,0.0,0.0,4.0,0.0,0.0
12279840,298.2393798828125,303.1499938964844,285.1499938964844,0.0,-0.0,285.1784973144531,0.0,0.0,9.25671265576966e-05,298.156494140625,303.1499938964844,285.1499938964844,0.0,-0.0,285.17852783203125,0.0,0.0,9.74776630755514e-05,298.7214050292969,303.1499938964844,285.1499938964844,0.0,-0.0,285.1784973144531,0.0,0.0,7.19966774340719e-05,298.0067443847656,303.1499938964844,285.1499938964844,0.0,-0.0,285.1784973144531,0.0,0.0,9.747764124767856e-05,298.30926513671875,303.1499938964844,285.1499938964844,0.0,-0.0,285.1783447265625,0.0,0.0,0.0004623918212018,285.1976013183594,294.1499938964844,286.4566650390625,282.6817932128906,287.3050231933594,286.4507751464844,285.3534545898437,0.0,0.0,0.0,0.0,1.0,1.0,-0.0009863006416708,4.2622096962929845e-09,0.0009862964507192,-0.0102186007425189,0.0,0.0,0.0,-0.0069257747381925,60.0,0.7445240020751953,-0.0,-6.632512139503889e-08,0.0,282.9992980957031,284.4533386230469,290.2752380371094,291.35028076171875,293.1499938964844,293.1499938964844,278.1499938964844,0.0,18000.0,313.1499938964844,0.0,18000.0,0.0,0.0,0.0,0.0,0.0,0.0,0.0,0.0,0.0,-0.0,-0.0,0.0,-5.2805772432836115e-21,-2.6402886216418057e-21,-2.6402886216418057e-21,0.0,0.0,-0.0,0.0,0.0,0.0,-0.0,0.0,0.0,0.0,0.0,0.0,4.0,0.0,0.0
12279900,298.2362060546875,303.1499938964844,285.1499938964844,0.0,-0.0,285.1791076660156,0.0,0.0,9.254584438167512e-05,298.1560363769531,303.1499938964844,285.1499938964844,0.0,-0.0,285.1791381835937,0.0,0.0,9.74552531260997e-05,298.7200927734375,303.1499938964844,285.1499938964844,0.0,-0.0,285.1791076660156,0.0,0.0,7.198013190645725e-05,298.0061950683594,303.1499938964844,285.1499938964844,0.0,-0.0,285.1791076660156,0.0,0.0,9.745523129822686e-05,298.3087158203125,303.1499938964844,285.1499938964844,0.0,-0.0,285.178955078125,0.0,0.0,0.0004622855049092,285.19830322265625,294.1499938964844,286.4602966308594,282.6752624511719,287.2976379394531,286.4514465332031,285.3537292480469,0.0,0.0,0.0,0.0,1.0,1.0,-0.0009860738646239,4.235690020948368e-09,0.0009860696736723,-0.0101491175591945,0.0,0.0,0.0,-0.0069126277230679,60.0,0.7460938692092896,-0.0,-6.62946177953927e-08,0.0,282.9992980957031,284.4533386230469,290.2752380371094,291.35028076171875,293.1499938964844,293.1499938964844,278.1499938964844,0.0,18000.0,313.1499938964844,0.0,18000.0,0.0,0.0,0.0,0.0,0.0,0.0,0.0,0.0,0.0,-0.0,-0.0,0.0,-5.2805772432836115e-21,-2.6402886216418057e-21,-2.6402886216418057e-21,0.0,0.0,-0.0,0.0,0.0,0.0,-0.0,0.0,0.0,0.0,0.0,0.0,4.0,0.0,0.0
12279960,298.2330322265625,303.1499938964844,285.1499938964844,0.0,-0.0,285.1797180175781,0.0,0.0,9.252296149497852e-05,298.15557861328125,303.1499938964844,285.1499938964844,0.0,-0.0,285.17974853515625,0.0,0.0,9.743114787852392e-05,298.7187805175781,303.1499938964844,285.1499938964844,0.0,-0.0,285.1797180175781,0.0,0.0,7.196232763817534e-05,298.0057067871094,303.1499938964844,285.1499938964844,0.0,-0.0,285.1797180175781,0.0,0.0,9.743113332660867e-05,298.30816650390625,303.1499938964844,285.1499938964844,0.0,-0.0,285.1795654296875,0.0,0.0,0.0004621711850631,285.1990051269531,294.1499938964844,286.4646911621094,282.66851806640625,287.29034423828125,286.452392578125,285.35400390625,0.0,0.0,0.0,0.0,1.0,1.0,-0.0009858299745246,4.207171055981007e-09,0.000985825783573,-0.0100743966177105,0.0,0.0,0.0,-0.0068984902463853,60.0,0.7481814622879028,-0.0,-6.626182624813738e-08,0.0,282.9992980957031,284.4533386230469,290.2752380371094,291.35028076171875,293.1499938964844,293.1499938964844,278.1499938964844,0.0,18000.0,313.1499938964844,0.0,18000.0,0.0,0.0,0.0,0.0,0.0,0.0,0.0,0.0,0.0,-0.0,-0.0,0.0,-5.2805772432836115e-21,-2.6402886216418057e-21,-2.6402886216418057e-21,0.0,0.0,-0.0,0.0,0.0,0.0,-0.0,0.0,0.0,0.0,0.0,0.0,4.0,0.0,0.0
12280020,298.2266540527344,303.1499938964844,285.1499938964844,0.0,-0.0,285.1809387207031,0.0,0.0,9.247340494766831e-05,298.1547241210937,303.1499938964844,285.1499938964844,0.0,-0.0,285.18096923828125,0.0,0.0,9.7378964710515e-05,298.7161560058594,303.1499938964844,285.1499938964844,0.0,-0.0,285.1809387207031,0.0,0.0,7.19237796147354e-05,298.0048828125,303.1499938964844,285.1499938964844,0.0,-0.0,285.1809387207031,0.0,0.0,9.737894288264216e-05,298.3070678710937,303.1499938964844,285.1499938964844,0.0,-0.0,285.1807861328125,0.0,0.0,0.0004619236569851,285.2004089355469,294.1499938964844,286.4755249023437,282.6545104980469,287.27606201171875,286.4551086425781,285.3545227050781,0.0,0.0,0.0,0.0,1.0,1.0,-0.0009853019146248,4.145417342726887e-09,0.0009852977236732,-0.0099125960841774,0.0,0.0,0.0,-0.0068678758107125,60.0,0.7536365389823914,-0.0,-6.619085013426229e-08,0.0,282.9992980957031,284.4533386230469,290.2752380371094,291.35028076171875,293.1499938964844,293.1499938964844,278.1499938964844,0.0,18000.0,313.1499938964844,0.0,18000.0,0.0,0.0,0.0,0.0,0.0,0.0,0.0,0.0,0.0,-0.0,-0.0,0.0,-5.2805772432836115e-21,-2.6402886216418057e-21,-2.6402886216418057e-21,0.0,0.0,-0.0,0.0,0.0,0.0,-0.0,0.0,0.0,0.0,0.0,0.0,4.0,0.0,0.0
12280080,298.2266540527344,303.1499938964844,285.1499938964844,0.0,-0.0,285.1809387207031,0.0,0.0,9.247340494766831e-05,298.1547241210937,303.1499938964844,285.1499938964844,0.0,-0.0,285.18096923828125,0.0,0.0,9.7378964710515e-05,298.7161560058594,303.1499938964844,285.1499938964844,0.0,-0.0,285.1809387207031,0.0,0.0,7.19237796147354e-05,298.0048828125,303.1499938964844,285.1499938964844,0.0,-0.0,285.1809387207031,0.0,0.0,9.737894288264216e-05,298.3070678710937,303.1499938964844,285.1499938964844,0.0,-0.0,285.1807861328125,0.0,0.0,0.0004619236569851,285.2004089355469,294.1499938964844,286.4755249023437,282.6545104980469,287.27606201171875,286.4551086425781,285.3545227050781,0.0,0.0,0.0,0.0,1.0,1.0,-0.0009853019146248,4.145417342726887e-09,0.0009852977236732,-0.0099125960841774,0.0,0.0,0.0,-0.0068678758107125,60.0,0.7536365389823914,-0.0,-6.619085013426229e-08,0.0,282.9992980957031,284.4533386230469,290.2752380371094,291.35028076171875,293.1499938964844,293.1499938964844,278.1499938964844,0.0,18000.0,313.1499938964844,0.0,18000.0,0.0,0.0,0.0,0.0,0.0,0.0,0.0,0.0,0.0,-0.0,-0.0,0.0,-5.2805772432836115e-21,-2.6402886216418057e-21,-2.6402886216418057e-21,0.0,0.0,-0.0,0.0,0.0,0.0,-0.0,0.0,0.0,0.0,0.0,0.0,4.0,0.0,0.0
12280140,298.2203369140625,303.1499938964844,285.1499938964844,0.0,-0.0,285.1821594238281,0.0,0.0,9.242007217835636e-05,298.15386962890625,303.1499938964844,285.1499938964844,0.0,-0.0,285.18218994140625,0.0,0.0,9.732280159369112e-05,298.7135925292969,303.1499938964844,285.1499938964844,0.0,-0.0,285.1821594238281,0.0,0.0,7.188230665633455e-05,298.0043029785156,303.1499938964844,285.1499938964844,0.0,-0.0,285.1821594238281,0.0,0.0,9.732278704177588e-05,298.3059997558594,303.1499938964844,285.1499938964844,0.0,-0.0,285.1820068359375,0.0,0.0,0.0004616572405211,285.2018127441406,294.1499938964844,286.4889831542969,282.6398620605469,287.2622375488281,286.45916748046875,285.3550720214844,0.0,0.0,0.0,0.0,1.0,1.0,-0.0009847335750237,4.078963389275714e-09,0.0009847295004874,-0.0097384816035628,0.0,0.0,0.0,-0.0068349316716194,60.0,0.7609112858772278,-0.0,-6.611451652815958e-08,0.0,282.9992980957031,284.4533386230469,290.2752380371094,291.35028076171875,293.1499938964844,293.1499938964844,278.1499938964844,0.0,18000.0,313.1499938964844,0.0,18000.0,0.0,0.0,0.0,0.0,0.0,0.0,0.0,0.0,0.0,-0.0,-0.0,0.0,-5.2805772432836115e-21,-2.6402886216418057e-21,-2.6402886216418057e-21,0.0,0.0,-0.0,0.0,0.0,0.0,-0.0,0.0,0.0,0.0,0.0,0.0,4.0,0.0,0.0
12280200,298.2203369140625,303.1499938964844,285.1499938964844,0.0,-0.0,285.1821594238281,0.0,0.0,9.242007217835636e-05,298.15386962890625,303.1499938964844,285.1499938964844,0.0,-0.0,285.18218994140625,0.0,0.0,9.732280159369112e-05,298.7135925292969,303.1499938964844,285.1499938964844,0.0,-0.0,285.1821594238281,0.0,0.0,7.188230665633455e-05,298.0043029785156,303.1499938964844,285.1499938964844,0.0,-0.0,285.1821594238281,0.0,0.0,9.732278704177588e-05,298.3059997558594,303.1499938964844,285.1499938964844,0.0,-0.0,285.1820068359375,0.0,0.0,0.0004616572405211,285.2018127441406,294.1499938964844,286.4889831542969,282.6398620605469,287.2622375488281,286.45916748046875,285.3550720214844,0.0,0.0,0.0,0.0,1.0,1.0,-0.0009847335750237,4.078963389275714e-09,0.0009847295004874,-0.0097384816035628,0.0,0.0,0.0,-0.0068349316716194,60.0,0.7609112858772278,-0.0,-6.611451652815958e-08,0.0,282.9992980957031,284.4533386230469,290.2752380371094,291.35028076171875,293.1499938964844,293.1499938964844,278.1499938964844,0.0,18000.0,313.1499938964844,0.0,18000.0,0.0,0.0,0.0,0.0,0.0,0.0,0.0,0.0,0.0,-0.0,-0.0,0.0,-5.2805772432836115e-21,-2.6402886216418057e-21,-2.6402886216418057e-21,0.0,0.0,-0.0,0.0,0.0,0.0,-0.0,0.0,0.0,0.0,0.0,0.0,4.0,0.0,0.0
12280260,298.214111328125,303.1499938964844,285.1499938964844,0.0,-0.0,285.1833801269531,0.0,0.0,9.236537152901292e-05,298.15301513671875,303.1499938964844,285.1499938964844,0.0,-0.0,285.18341064453125,0.0,0.0,9.726520511321723e-05,298.7110290527344,303.1499938964844,285.1499938964844,0.0,-0.0,285.1833801269531,0.0,0.0,7.18397568562068e-05,298.0039978027344,303.1499938964844,285.1499938964844,0.0,-0.0,285.1833801269531,0.0,0.0,9.72651832853444e-05,298.3049011230469,303.1499938964844,285.1499938964844,0.0,-0.0,285.1832275390625,0.0,0.0,0.0004613840137608,285.20318603515625,294.1499938964844,286.5048522949219,282.6247253417969,287.2489013671875,286.4646911621094,285.3556213378906,0.0,0.0,0.0,0.0,1.0,1.0,-0.000984150567092,4.010802800991087e-09,0.000984146608971,-0.0095598939806222,0.0,0.0,0.0,-0.0068011418916285,60.0,0.7698876261711121,-0.0,-6.603626445667032e-08,0.0,282.9992980957031,284.4533386230469,290.2752380371094,291.35028076171875,293.1499938964844,293.1499938964844,278.1499938964844,0.0,18000.0,313.1499938964844,0.0,18000.0,0.0,0.0,0.0,0.0,0.0,0.0,0.0,0.0,0.0,-0.0,-0.0,0.0,-5.2805772432836115e-21,-2.6402886216418057e-21,-2.6402886216418057e-21,0.0,0.0,-0.0,0.0,0.0,0.0,-0.0,0.0,0.0,0.0,0.0,0.0,4.0,0.0,0.0
12280320,298.214111328125,303.1499938964844,285.1499938964844,0.0,-0.0,285.1833801269531,0.0,0.0,9.236537152901292e-05,298.15301513671875,303.1499938964844,285.1499938964844,0.0,-0.0,285.18341064453125,0.0,0.0,9.726520511321723e-05,298.7110290527344,303.1499938964844,285.1499938964844,0.0,-0.0,285.1833801269531,0.0,0.0,7.18397568562068e-05,298.0039978027344,303.1499938964844,285.1499938964844,0.0,-0.0,285.1833801269531,0.0,0.0,9.72651832853444e-05,298.3049011230469,303.1499938964844,285.1499938964844,0.0,-0.0,285.1832275390625,0.0,0.0,0.0004613840137608,285.20318603515625,294.1499938964844,286.5048522949219,282.6247253417969,287.2489013671875,286.4646911621094,285.3556213378906,0.0,0.0,0.0,0.0,1.0,1.0,-0.000984150567092,4.010802800991087e-09,0.000984146608971,-0.0095598939806222,0.0,0.0,0.0,-0.0068011418916285,60.0,0.7698876261711121,-0.0,-6.603626445667032e-08,0.0,282.9992980957031,284.4533386230469,290.2752380371094,291.35028076171875,293.1499938964844,293.1499938964844,278.1499938964844,0.0,18000.0,313.1499938964844,0.0,18000.0,0.0,0.0,0.0,0.0,0.0,0.0,0.0,0.0,0.0,-0.0,-0.0,0.0,-5.2805772432836115e-21,-2.6402886216418057e-21,-2.6402886216418057e-21,0.0,0.0,-0.0,0.0,0.0,0.0,-0.0,0.0,0.0,0.0,0.0,0.0,4.0,0.0,0.0
12280380,298.2080383300781,303.1499938964844,285.1499938964844,0.0,-0.0,285.1846008300781,0.0,0.0,9.231181320501491e-05,298.1521911621094,303.1499938964844,285.1499938964844,0.0,-0.0,285.18463134765625,0.0,0.0,9.720880188979208e-05,298.70855712890625,303.1499938964844,285.1499938964844,0.0,-0.0,285.1846008300781,0.0,0.0,7.17981019988656e-05,298.0039367675781,303.1499938964844,285.1499938964844,0.0,-0.0,285.1846008300781,0.0,0.0,9.720878733787686e-05,298.3038330078125,303.1499938964844,285.1499938964844,0.0,-0.0,285.1844482421875,0.0,0.0,0.0004611164913512,285.20458984375,294.1499938964844,286.5229187011719,282.60919189453125,287.23614501953125,286.4717102050781,285.3561706542969,0.0,0.0,0.0,0.0,1.0,1.0,-0.0009835798991844,3.944066850891659e-09,0.0009835759410634,-0.0093850372359156,0.0,0.0,0.0,-0.0067680575884878,60.0,0.7804110050201416,-0.0,-6.595968926603747e-08,0.0,282.9992980957031,284.4533386230469,290.2752380371094,291.35028076171875,293.1499938964844,293.1499938964844,278.1499938964844,0.0,18000.0,313.1499938964844,0.0,18000.0,0.0,0.0,0.0,0.0,0.0,0.0,0.0,0.0,0.0,-0.0,-0.0,0.0,-5.2805772432836115e-21,-2.6402886216418057e-21,-2.6402886216418057e-21,0.0,0.0,-0.0,0.0,0.0,0.0,-0.0,0.0,0.0,0.0,0.0,0.0,4.0,0.0,0.0
12280440,298.2080383300781,303.1499938964844,285.1499938964844,0.0,-0.0,285.1846008300781,0.0,0.0,9.231181320501491e-05,298.1521911621094,303.1499938964844,285.1499938964844,0.0,-0.0,285.18463134765625,0.0,0.0,9.720880188979208e-05,298.70855712890625,303.1499938964844,285.1499938964844,0.0,-0.0,285.1846008300781,0.0,0.0,7.17981019988656e-05,298.0039367675781,303.1499938964844,285.1499938964844,0.0,-0.0,285.1846008300781,0.0,0.0,9.720878733787686e-05,298.3038330078125,303.1499938964844,285.1499938964844,0.0,-0.0,285.1844482421875,0.0,0.0,0.0004611164913512,285.20458984375,294.1499938964844,286.5229187011719,282.60919189453125,287.23614501953125,286.4717102050781,285.3561706542969,0.0,0.0,0.0,0.0,1.0,1.0,-0.0009835798991844,3.944066850891659e-09,0.0009835759410634,-0.0093850372359156,0.0,0.0,0.0,-0.0067680575884878,60.0,0.7804110050201416,-0.0,-6.595968926603747e-08,0.0,282.9992980957031,284.4533386230469,290.2752380371094,291.35028076171875,293.1499938964844,293.1499938964844,278.1499938964844,0.0,18000.0,313.1499938964844,0.0,18000.0,0.0,0.0,0.0,0.0,0.0,0.0,0.0,0.0,0.0,-0.0,-0.0,0.0,-5.2805772432836115e-21,-2.6402886216418057e-21,-2.6402886216418057e-21,0.0,0.0,-0.0,0.0,0.0,0.0,-0.0,0.0,0.0,0.0,0.0,0.0,4.0,0.0,0.0
12280500,298.205078125,303.1499938964844,285.1499938964844,0.0,-0.0,285.1852111816406,0.0,0.0,9.228633280145004e-05,298.1517639160156,303.1499938964844,285.1499938964844,0.0,-0.0,285.18524169921875,0.0,0.0,9.718196815811098e-05,298.7073059082031,303.1499938964844,285.1499938964844,0.0,-0.0,285.1852111816406,0.0,0.0,7.177828229032457e-05,298.0040283203125,303.1499938964844,285.1499938964844,0.0,-0.0,285.1852111816406,0.0,0.0,9.718195360619576e-05,298.3033142089844,303.1499938964844,285.1499938964844,0.0,-0.0,285.18505859375,0.0,0.0,0.0004609891911968,285.20526123046875,294.1499938964844,286.53271484375,282.6013488769531,287.22998046875,286.475830078125,285.3564453125,0.0,0.0,0.0,0.0,1.0,1.0,-0.0009833083022385,3.91231180785212e-09,0.0009833043441176,-0.009301833808422,0.0,0.0,0.0,-0.0067523149773478,60.0,0.7862358689308167,-0.0,-6.592327395082975e-08,0.0,282.9992980957031,284.4533386230469,290.2752380371094,291.35028076171875,293.1499938964844,293.1499938964844,278.1499938964844,0.0,18000.0,313.1499938964844,0.0,18000.0,0.0,0.0,0.0,0.0,0.0,0.0,0.0,0.0,0.0,-0.0,-0.0,0.0,-5.2805772432836115e-21,-2.6402886216418057e-21,-2.6402886216418057e-21,0.0,0.0,-0.0,0.0,0.0,0.0,-0.0,0.0,0.0,0.0,0.0,0.0,4.0,0.0,0.0
12280560,298.2021484375,303.1499938964844,285.1499938964844,0.0,-0.0,285.1858215332031,0.0,0.0,9.226223482983188e-05,298.1513366699219,303.1499938964844,285.1499938964844,0.0,-0.0,285.18585205078125,0.0,0.0,9.715659689391032e-05,298.70611572265625,303.1499938964844,285.1499938964844,0.0,-0.0,285.1858215332031,0.0,0.0,7.175953942351043e-05,298.00421142578125,303.1499938964844,285.1499938964844,0.0,-0.0,285.1858215332031,0.0,0.0,9.715658234199508e-05,298.30279541015625,303.1499938964844,285.1499938964844,0.0,-0.0,285.1856384277344,0.0,0.0,0.0004608688468579,285.2059631347656,294.1499938964844,286.5429382324219,282.5934143066406,287.2239685058594,286.4803771972656,285.3567199707031,0.0,0.0,0.0,0.0,1.0,1.0,-0.0009830514900386,3.882288268641787e-09,0.000983047648333,-0.0092231696471571,0.0,0.0,0.0,-0.0067374310456216,60.0,0.7924123406410217,-0.0,-6.588884815528219e-08,0.0,282.9992980957031,284.4533386230469,290.2752380371094,291.35028076171875,293.1499938964844,293.1499938964844,278.1499938964844,0.0,18000.0,313.1499938964844,0.0,18000.0,0.0,0.0,0.0,0.0,0.0,0.0,0.0,0.0,0.0,-0.0,-0.0,0.0,-5.2805772432836115e-21,-2.6402886216418057e-21,-2.6402886216418057e-21,0.0,0.0,-0.0,0.0,0.0,0.0,-0.0,0.0,0.0,0.0,0.0,0.0,4.0,0.0,0.0
12280620,298.1964111328125,303.1499938964844,285.1499938964844,0.0,-0.0,285.18701171875,0.0,0.0,9.22189574339427e-05,298.15045166015625,303.1499938964844,285.1499938964844,0.0,-0.0,285.1870422363281,0.0,0.0,9.711102029541507e-05,298.7037048339844,303.1499938964844,285.1499938964844,0.0,-0.0,285.18701171875,0.0,0.0,7.172588084358722e-05,298.00469970703125,303.1499938964844,285.1499938964844,0.0,-0.0,285.18701171875,0.0,0.0,9.711100574349985e-05,298.30181884765625,303.1499938964844,285.1499938964844,0.0,-0.0,285.1868591308594,0.0,0.0,0.0004606526636052,285.20733642578125,294.1499938964844,286.56475830078125,282.5775146484375,287.2123413085937,286.490478515625,285.35723876953125,0.0,0.0,0.0,0.0,1.0,1.0,-0.0009825902525335,3.828359851354435e-09,0.0009825864108279,-0.0090818693861365,0.0,0.0,0.0,-0.0067106964997947,60.0,0.8056007623672485,-0.0,-6.58270380426984e-08,0.0,282.9992980957031,284.4533386230469,290.2752380371094,291.35028076171875,293.1499938964844,293.1499938964844,278.1499938964844,0.0,18000.0,313.1499938964844,0.0,18000.0,0.0,0.0,0.0,0.0,0.0,0.0,0.0,0.0,0.0,-0.0,-0.0,0.0,-5.2805772432836115e-21,-2.6402886216418057e-21,-2.6402886216418057e-21,0.0,0.0,-0.0,0.0,0.0,0.0,-0.0,0.0,0.0,0.0,0.0,0.0,4.0,0.0,0.0
12280680,298.1964111328125,303.1499938964844,285.1499938964844,0.0,-0.0,285.18701171875,0.0,0.0,9.22189574339427e-05,298.15045166015625,303.1499938964844,285.1499938964844,0.0,-0.0,285.1870422363281,0.0,0.0,9.711102029541507e-05,298.7037048339844,303.1499938964844,285.1499938964844,0.0,-0.0,285.18701171875,0.0,0.0,7.172588084358722e-05,298.00469970703125,303.1499938964844,285.1499938964844,0.0,-0.0,285.18701171875,0.0,0.0,9.711100574349985e-05,298.30181884765625,303.1499938964844,285.1499938964844,0.0,-0.0,285.1868591308594,0.0,0.0,0.0004606526636052,285.20733642578125,294.1499938964844,286.56475830078125,282.5775146484375,287.2123413085937,286.490478515625,285.35723876953125,0.0,0.0,0.0,0.0,1.0,1.0,-0.0009825902525335,3.828359851354435e-09,0.0009825864108279,-0.0090818693861365,0.0,0.0,0.0,-0.0067106964997947,60.0,0.8056007623672485,-0.0,-6.58270380426984e-08,0.0,282.9992980957031,284.4533386230469,290.2752380371094,291.35028076171875,293.1499938964844,293.1499938964844,278.1499938964844,0.0,18000.0,313.1499938964844,0.0,18000.0,0.0,0.0,0.0,0.0,0.0,0.0,0.0,0.0,0.0,-0.0,-0.0,0.0,-5.2805772432836115e-21,-2.6402886216418057e-21,-2.6402886216418057e-21,0.0,0.0,-0.0,0.0,0.0,0.0,-0.0,0.0,0.0,0.0,0.0,0.0,4.0,0.0,0.0
12280740,298.1908874511719,303.1499938964844,285.1499938964844,0.0,-0.0,285.188232421875,0.0,0.0,9.218502964358775e-05,298.1495361328125,303.1499938964844,285.1499938964844,0.0,-0.0,285.1882629394531,0.0,0.0,9.707529534352945e-05,298.7013854980469,303.1499938964844,285.1499938964844,0.0,-0.0,285.188232421875,0.0,0.0,7.169949094532058e-05,298.0054931640625,303.1499938964844,285.1499938964844,0.0,-0.0,285.188232421875,0.0,0.0,9.70752735156566e-05,298.30084228515625,303.1499938964844,285.1499938964844,0.0,-0.0,285.1880798339844,0.0,0.0,0.0004604831628967,285.2087097167969,294.1499938964844,286.5881042480469,282.56158447265625,287.2013244628906,286.5021057128906,285.3577880859375,0.0,0.0,0.0,0.0,1.0,1.0,-0.0009822286665439,3.7860772295061915e-09,0.0009822248248383,-0.0089710820466279,0.0,0.0,0.0,-0.0066897347569465,60.0,0.8200037479400635,-0.0,-6.577859323897428e-08,0.0,282.9992980957031,284.4533386230469,290.2752380371094,291.35028076171875,293.1499938964844,293.1499938964844,278.1499938964844,0.0,18000.0,313.1499938964844,0.0,18000.0,0.0,0.0,0.0,0.0,0.0,0.0,0.0,0.0,0.0,-0.0,-0.0,0.0,-5.2805772432836115e-21,-2.6402886216418057e-21,-2.6402886216418057e-21,0.0,0.0,-0.0,0.0,0.0,0.0,-0.0,0.0,0.0,0.0,0.0,0.0,4.0,0.0,0.0
12280800,298.1908874511719,303.1499938964844,285.1499938964844,0.0,-0.0,285.188232421875,0.0,0.0,9.218502964358775e-05,298.1495361328125,303.1499938964844,285.1499938964844,0.0,-0.0,285.1882629394531,0.0,0.0,9.707529534352945e-05,298.7013854980469,303.1499938964844,285.1499938964844,0.0,-0.0,285.188232421875,0.0,0.0,7.169949094532058e-05,298.0054931640625,303.1499938964844,285.1499938964844,0.0,-0.0,285.188232421875,0.0,0.0,9.70752735156566e-05,298.30084228515625,303.1499938964844,285.1499938964844,0.0,-0.0,285.1880798339844,0.0,0.0,0.0004604831628967,285.2087097167969,294.1499938964844,286.5881042480469,282.56158447265625,287.2013244628906,286.5021057128906,285.3577880859375,0.0,0.0,0.0,0.0,1.0,1.0,-0.0009822286665439,3.7860772295061915e-09,0.0009822248248383,-0.0089710820466279,0.0,0.0,0.0,-0.0066897347569465,60.0,0.8200037479400635,-0.0,-6.577859323897428e-08,0.0,282.9992980957031,284.4533386230469,290.2752380371094,291.35028076171875,293.1499938964844,293.1499938964844,278.1499938964844,0.0,18000.0,313.1499938964844,0.0,18000.0,0.0,0.0,0.0,0.0,0.0,0.0,0.0,0.0,0.0,-0.0,-0.0,0.0,-5.2805772432836115e-21,-2.6402886216418057e-21,-2.6402886216418057e-21,0.0,0.0,-0.0,0.0,0.0,0.0,-0.0,0.0,0.0,0.0,0.0,0.0,4.0,0.0,0.0
12280860,298.1855773925781,303.1499938964844,285.1499938964844,0.0,-0.0,285.1894226074219,0.0,0.0,9.216265607392415e-05,298.1485900878906,303.1499938964844,285.1499938964844,0.0,-0.0,285.189453125,0.0,0.0,9.705173579277472e-05,298.6990966796875,303.1499938964844,285.1499938964844,0.0,-0.0,285.1894226074219,0.0,0.0,7.168209413066506e-05,298.0065612792969,303.1499938964844,285.1499938964844,0.0,-0.0,285.1894226074219,0.0,0.0,9.705172124085948e-05,298.2999267578125,303.1499938964844,285.1499938964844,0.0,-0.0,285.18927001953125,0.0,0.0,0.0004603714332915,285.2100524902344,294.1499938964844,286.6127624511719,282.5457763671875,287.19091796875,286.5152587890625,285.3583374023437,0.0,0.0,0.0,0.0,1.0,1.0,-0.0009819901315495,3.7581950884657545e-09,0.0009819864062592,-0.0088980263099074,0.0,0.0,0.0,-0.0066759120672941,60.0,0.8354734182357788,-0.0,-6.574666144842922e-08,0.0,282.9992980957031,284.4533386230469,290.2752380371094,291.35028076171875,293.1499938964844,293.1499938964844,278.1499938964844,0.0,18000.0,313.1499938964844,0.0,18000.0,0.0,0.0,0.0,0.0,0.0,0.0,0.0,0.0,0.0,-0.0,-0.0,0.0,-5.2805772432836115e-21,-2.6402886216418057e-21,-2.6402886216418057e-21,0.0,0.0,-0.0,0.0,0.0,0.0,-0.0,0.0,0.0,0.0,0.0,0.0,4.0,0.0,0.0
12280920,298.1855773925781,303.1499938964844,285.1499938964844,0.0,-0.0,285.1894226074219,0.0,0.0,9.216265607392415e-05,298.1485900878906,303.1499938964844,285.1499938964844,0.0,-0.0,285.189453125,0.0,0.0,9.705173579277472e-05,298.6990966796875,303.1499938964844,285.1499938964844,0.0,-0.0,285.1894226074219,0.0,0.0,7.168209413066506e-05,298.0065612792969,303.1499938964844,285.1499938964844,0.0,-0.0,285.1894226074219,0.0,0.0,9.705172124085948e-05,298.2999267578125,303.1499938964844,285.1499938964844,0.0,-0.0,285.18927001953125,0.0,0.0,0.0004603714332915,285.2100524902344,294.1499938964844,286.6127624511719,282.5457763671875,287.19091796875,286.5152587890625,285.3583374023437,0.0,0.0,0.0,0.0,1.0,1.0,-0.0009819901315495,3.7581950884657545e-09,0.0009819864062592,-0.0088980263099074,0.0,0.0,0.0,-0.0066759120672941,60.0,0.8354734182357788,-0.0,-6.574666144842922e-08,0.0,282.9992980957031,284.4533386230469,290.2752380371094,291.35028076171875,293.1499938964844,293.1499938964844,278.1499938964844,0.0,18000.0,313.1499938964844,0.0,18000.0,0.0,0.0,0.0,0.0,0.0,0.0,0.0,0.0,0.0,-0.0,-0.0,0.0,-5.2805772432836115e-21,-2.6402886216418057e-21,-2.6402886216418057e-21,0.0,0.0,-0.0,0.0,0.0,0.0,-0.0,0.0,0.0,0.0,0.0,0.0,4.0,0.0,0.0
12280980,298.180419921875,303.1499938964844,285.1499938964844,0.0,-0.0,285.1906433105469,0.0,0.0,9.215373574988917e-05,298.1475830078125,303.1499938964844,285.1499938964844,0.0,-0.0,285.190673828125,0.0,0.0,9.70423425314948e-05,298.6968994140625,303.1499938964844,285.1499938964844,0.0,-0.0,285.1906433105469,0.0,0.0,7.167515286710113e-05,298.00787353515625,303.1499938964844,285.1499938964844,0.0,-0.0,285.1906433105469,0.0,0.0,9.704232797957955e-05,298.299072265625,303.1499938964844,285.1499938964844,0.0,-0.0,285.19049072265625,0.0,0.0,0.0004603268753271,285.2113952636719,294.1499938964844,286.6385803222656,282.5302429199219,287.1811218261719,286.5299377441406,285.35888671875,0.0,0.0,0.0,0.0,1.0,1.0,-0.0009818950202316,3.7470733182942695e-09,0.0009818911785259,-0.0088688852265477,0.0,0.0,0.0,-0.0066703981719911,60.0,0.8518795371055603,-0.0,-6.57339285226044e-08,0.0,282.9992980957031,284.4533386230469,290.2752380371094,291.35028076171875,293.1499938964844,293.1499938964844,278.1499938964844,0.0,18000.0,313.1499938964844,0.0,18000.0,0.0,0.0,0.0,0.0,0.0,0.0,0.0,0.0,0.0,-0.0,-0.0,0.0,-5.2805772432836115e-21,-2.6402886216418057e-21,-2.6402886216418057e-21,0.0,0.0,-0.0,0.0,0.0,0.0,-0.0,0.0,0.0,0.0,0.0,0.0,4.0,0.0,0.0
12281040,298.180419921875,303.1499938964844,285.1499938964844,0.0,-0.0,285.1906433105469,0.0,0.0,9.215373574988917e-05,298.1475830078125,303.1499938964844,285.1499938964844,0.0,-0.0,285.190673828125,0.0,0.0,9.70423425314948e-05,298.6968994140625,303.1499938964844,285.1499938964844,0.0,-0.0,285.1906433105469,0.0,0.0,7.167515286710113e-05,298.00787353515625,303.1499938964844,285.1499938964844,0.0,-0.0,285.1906433105469,0.0,0.0,9.704232797957955e-05,298.299072265625,303.1499938964844,285.1499938964844,0.0,-0.0,285.19049072265625,0.0,0.0,0.0004603268753271,285.2113952636719,294.1499938964844,286.6385803222656,282.5302429199219,287.1811218261719,286.5299377441406,285.35888671875,0.0,0.0,0.0,0.0,1.0,1.0,-0.0009818950202316,3.7470733182942695e-09,0.0009818911785259,-0.0088688852265477,0.0,0.0,0.0,-0.0066703981719911,60.0,0.8518795371055603,-0.0,-6.57339285226044e-08,0.0,282.9992980957031,284.4533386230469,290.2752380371094,291.35028076171875,293.1499938964844,293.1499938964844,278.1499938964844,0.0,18000.0,313.1499938964844,0.0,18000.0,0.0,0.0,0.0,0.0,0.0,0.0,0.0,0.0,0.0,-0.0,-0.0,0.0,-5.2805772432836115e-21,-2.6402886216418057e-21,-2.6402886216418057e-21,0.0,0.0,-0.0,0.0,0.0,0.0,-0.0,0.0,0.0,0.0,0.0,0.0,4.0,0.0,0.0
12281100,298.1779479980469,303.1499938964844,285.1499938964844,0.0,-0.0,285.19122314453125,0.0,0.0,9.215492173098028e-05,298.14703369140625,303.1499938964844,285.1499938964844,0.0,-0.0,285.1912536621094,0.0,0.0,9.704358672024682e-05,298.69580078125,303.1499938964844,285.1499938964844,0.0,-0.0,285.19122314453125,0.0,0.0,7.167607691371813e-05,298.0086364746094,303.1499938964844,285.1499938964844,0.0,-0.0,285.19122314453125,0.0,0.0,9.70435721683316e-05,298.29864501953125,303.1499938964844,285.1499938964844,0.0,-0.0,285.1910705566406,0.0,0.0,0.0004603327834047,285.2120666503906,294.1499938964844,286.6518249511719,282.5226135253906,287.1764831542969,286.5378723144531,285.3591613769531,0.0,0.0,0.0,0.0,1.0,1.0,-0.000981907476671,3.7485419213112445e-09,0.0009819037513807,-0.008872733451426,0.0,0.0,0.0,-0.0066711264662444,60.0,0.8604102730751038,-0.0,-6.57356054034608e-08,0.0,282.9992980957031,284.4533386230469,290.2752380371094,291.35028076171875,293.1499938964844,293.1499938964844,278.1499938964844,0.0,18000.0,313.1499938964844,0.0,18000.0,0.0,0.0,0.0,0.0,0.0,0.0,0.0,0.0,0.0,-0.0,-0.0,0.0,-5.2805772432836115e-21,-2.6402886216418057e-21,-2.6402886216418057e-21,0.0,0.0,-0.0,0.0,0.0,0.0,-0.0,0.0,0.0,0.0,0.0,0.0,4.0,0.0,0.0
12281160,298.1755065917969,303.1499938964844,285.1499938964844,0.0,-0.0,285.1918334960937,0.0,0.0,9.215968020725997e-05,298.146484375,303.1499938964844,285.1499938964844,0.0,-0.0,285.1918640136719,0.0,0.0,9.704859257908538e-05,298.6947326660156,303.1499938964844,285.1499938964844,0.0,-0.0,285.1918334960937,0.0,0.0,7.167977310018614e-05,298.0094299316406,303.1499938964844,285.1499938964844,0.0,-0.0,285.1918334960937,0.0,0.0,9.704857802717017e-05,298.2982482910156,303.1499938964844,285.1499938964844,0.0,-0.0,285.1916809082031,0.0,0.0,0.0004603565321303,285.2127685546875,294.1499938964844,286.665283203125,282.5151062011719,287.1719970703125,286.5461730957031,285.35943603515625,0.0,0.0,0.0,0.0,1.0,1.0,-0.000981958117336,3.754461630478545e-09,0.0009819542756304,-0.0088882446289062,0.0,0.0,0.0,-0.0066740605980157,60.0,0.8691173791885376,-0.0,-6.574238398115996e-08,0.0,282.9992980957031,284.4533386230469,290.2752380371094,291.35028076171875,293.1499938964844,293.1499938964844,278.1499938964844,0.0,18000.0,313.1499938964844,0.0,18000.0,0.0,0.0,0.0,0.0,0.0,0.0,0.0,0.0,0.0,-0.0,-0.0,0.0,-5.2805772432836115e-21,-2.6402886216418057e-21,-2.6402886216418057e-21,0.0,0.0,-0.0,0.0,0.0,0.0,-0.0,0.0,0.0,0.0,0.0,0.0,4.0,0.0,0.0
12281220,298.1707458496094,303.1499938964844,285.1499938964844,0.0,-0.0,285.1930236816406,0.0,0.0,9.218081686412916e-05,298.1453552246094,303.1499938964844,285.1499938964844,0.0,-0.0,285.19305419921875,0.0,0.0,9.707085700938478e-05,298.692626953125,303.1499938964844,285.1499938964844,0.0,-0.0,285.1930236816406,0.0,0.0,7.16962167643942e-05,298.01123046875,303.1499938964844,285.1499938964844,0.0,-0.0,285.1930236816406,0.0,0.0,9.707084245746957e-05,298.2974853515625,303.1499938964844,285.1499938964844,0.0,-0.0,285.19287109375,0.0,0.0,0.0004604621499311,285.214111328125,294.1499938964844,286.6926574707031,282.50048828125,287.1634826660156,286.5639343261719,285.3599853515625,0.0,0.0,0.0,0.0,1.0,1.0,-0.0009821832645684,3.780788571106086e-09,0.0009821794228628,-0.0089572248980402,0.0,0.0,0.0,-0.0066871121525764,60.0,0.8870112895965576,-0.0,-6.57725394148656e-08,0.0,282.9992980957031,284.4533386230469,290.2752380371094,291.35028076171875,293.1499938964844,293.1499938964844,278.1499938964844,0.0,18000.0,313.1499938964844,0.0,18000.0,0.0,0.0,0.0,0.0,0.0,0.0,0.0,0.0,0.0,-0.0,-0.0,0.0,-5.2805772432836115e-21,-2.6402886216418057e-21,-2.6402886216418057e-21,0.0,0.0,-0.0,0.0,0.0,0.0,-0.0,0.0,0.0,0.0,0.0,0.0,4.0,0.0,0.0
12281280,298.1707458496094,303.1499938964844,285.1499938964844,0.0,-0.0,285.1930236816406,0.0,0.0,9.218081686412916e-05,298.1453552246094,303.1499938964844,285.1499938964844,0.0,-0.0,285.19305419921875,0.0,0.0,9.707085700938478e-05,298.692626953125,303.1499938964844,285.1499938964844,0.0,-0.0,285.1930236816406,0.0,0.0,7.16962167643942e-05,298.01123046875,303.1499938964844,285.1499938964844,0.0,-0.0,285.1930236816406,0.0,0.0,9.707084245746957e-05,298.2974853515625,303.1499938964844,285.1499938964844,0.0,-0.0,285.19287109375,0.0,0.0,0.0004604621499311,285.214111328125,294.1499938964844,286.6926574707031,282.50048828125,287.1634826660156,286.5639343261719,285.3599853515625,0.0,0.0,0.0,0.0,1.0,1.0,-0.0009821832645684,3.780788571106086e-09,0.0009821794228628,-0.0089572248980402,0.0,0.0,0.0,-0.0066871121525764,60.0,0.8870112895965576,-0.0,-6.57725394148656e-08,0.0,282.9992980957031,284.4533386230469,290.2752380371094,291.35028076171875,293.1499938964844,293.1499938964844,278.1499938964844,0.0,18000.0,313.1499938964844,0.0,18000.0,0.0,0.0,0.0,0.0,0.0,0.0,0.0,0.0,0.0,-0.0,-0.0,0.0,-5.2805772432836115e-21,-2.6402886216418057e-21,-2.6402886216418057e-21,0.0,0.0,-0.0,0.0,0.0,0.0,-0.0,0.0,0.0,0.0,0.0,0.0,4.0,0.0,0.0
12281340,298.16619873046875,303.1499938964844,285.1499938964844,0.0,-0.0,285.1942138671875,0.0,0.0,9.221732761943711e-05,298.14410400390625,303.1499938964844,285.1499938964844,0.0,-0.0,285.1942443847656,0.0,0.0,9.710930316941813e-05,298.6905822753906,303.1499938964844,285.1499938964844,0.0,-0.0,285.1942138671875,0.0,0.0,7.172460755100474e-05,298.0132141113281,303.1499938964844,285.1499938964844,0.0,-0.0,285.1942138671875,0.0,0.0,9.71092886175029e-05,298.2967529296875,303.1499938964844,285.1499938964844,0.0,-0.0,285.194091796875,0.0,0.0,0.0004606445145327,285.2154235839844,294.1499938964844,286.7205505371094,282.4865417480469,287.15557861328125,286.5831604003906,285.36053466796875,0.0,0.0,0.0,0.0,1.0,1.0,-0.0009825720917433,3.826267302997621e-09,0.0009825682500377,-0.0090763866901397,0.0,0.0,0.0,-0.0067096576094627,60.0,0.9054650664329528,-0.0,-6.582464351367889e-08,0.0,282.9992980957031,284.4533386230469,290.2752380371094,291.35028076171875,293.1499938964844,293.1499938964844,278.1499938964844,0.0,18000.0,313.1499938964844,0.0,18000.0,0.0,0.0,0.0,0.0,0.0,0.0,0.0,0.0,0.0,-0.0,-0.0,0.0,-5.2805772432836115e-21,-2.6402886216418057e-21,-2.6402886216418057e-21,0.0,0.0,-0.0,0.0,0.0,0.0,-0.0,0.0,0.0,0.0,0.0,0.0,4.0,0.0,0.0
12281400,298.16619873046875,303.1499938964844,285.1499938964844,0.0,-0.0,285.1942138671875,0.0,0.0,9.221732761943711e-05,298.14410400390625,303.1499938964844,285.1499938964844,0.0,-0.0,285.1942443847656,0.0,0.0,9.710930316941813e-05,298.6905822753906,303.1499938964844,285.1499938964844,0.0,-0.0,285.1942138671875,0.0,0.0,7.172460755100474e-05,298.0132141113281,303.1499938964844,285.1499938964844,0.0,-0.0,285.1942138671875,0.0,0.0,9.71092886175029e-05,298.2967529296875,303.1499938964844,285.1499938964844,0.0,-0.0,285.194091796875,0.0,0.0,0.0004606445145327,285.2154235839844,294.1499938964844,286.7205505371094,282.4865417480469,287.15557861328125,286.5831604003906,285.36053466796875,0.0,0.0,0.0,0.0,1.0,1.0,-0.0009825720917433,3.826267302997621e-09,0.0009825682500377,-0.0090763866901397,0.0,0.0,0.0,-0.0067096576094627,60.0,0.9054650664329528,-0.0,-6.582464351367889e-08,0.0,282.9992980957031,284.4533386230469,290.2752380371094,291.35028076171875,293.1499938964844,293.1499938964844,278.1499938964844,0.0,18000.0,313.1499938964844,0.0,18000.0,0.0,0.0,0.0,0.0,0.0,0.0,0.0,0.0,0.0,-0.0,-0.0,0.0,-5.2805772432836115e-21,-2.6402886216418057e-21,-2.6402886216418057e-21,0.0,0.0,-0.0,0.0,0.0,0.0,-0.0,0.0,0.0,0.0,0.0,0.0,4.0,0.0,0.0
12281460,298.16180419921875,303.1499938964844,285.1499938964844,0.0,-0.0,285.1954040527344,0.0,0.0,9.226828842656688e-05,298.1427917480469,303.1499938964844,285.1499938964844,0.0,-0.0,285.1954345703125,0.0,0.0,9.716296335682272e-05,298.6885986328125,303.1499938964844,285.1499938964844,0.0,-0.0,285.1954040527344,0.0,0.0,7.176424696808681e-05,298.015380859375,303.1499938964844,285.1499938964844,0.0,-0.0,285.1954040527344,0.0,0.0,9.71629488049075e-05,298.29608154296875,303.1499938964844,285.1499938964844,0.0,-0.0,285.1952819824219,0.0,0.0,0.0004608990857377,285.2167663574219,294.1499938964844,286.7486572265625,282.47344970703125,287.1482849121094,286.6039123535156,285.361083984375,0.0,0.0,0.0,0.0,1.0,1.0,-0.000983114936389,3.889745414653589e-09,0.0009831110946834,-0.00924270786345,0.0,0.0,0.0,-0.0067411265335977,60.0,0.9243366122245787,-0.0,-6.589739598439337e-08,0.0,282.9992980957031,284.4533386230469,290.2752380371094,291.35028076171875,293.1499938964844,293.1499938964844,278.1499938964844,0.0,18000.0,313.1499938964844,0.0,18000.0,0.0,0.0,0.0,0.0,0.0,0.0,0.0,0.0,0.0,-0.0,-0.0,0.0,-5.2805772432836115e-21,-2.6402886216418057e-21,-2.6402886216418057e-21,0.0,0.0,-0.0,0.0,0.0,0.0,-0.0,0.0,0.0,0.0,0.0,0.0,4.0,0.0,0.0
12281520,298.16180419921875,303.1499938964844,285.1499938964844,0.0,-0.0,285.1954040527344,0.0,0.0,9.226828842656688e-05,298.1427917480469,303.1499938964844,285.1499938964844,0.0,-0.0,285.1954345703125,0.0,0.0,9.716296335682272e-05,298.6885986328125,303.1499938964844,285.1499938964844,0.0,-0.0,285.1954040527344,0.0,0.0,7.176424696808681e-05,298.015380859375,303.1499938964844,285.1499938964844,0.0,-0.0,285.1954040527344,0.0,0.0,9.71629488049075e-05,298.29608154296875,303.1499938964844,285.1499938964844,0.0,-0.0,285.1952819824219,0.0,0.0,0.0004608990857377,285.2167663574219,294.1499938964844,286.7486572265625,282.47344970703125,287.1482849121094,286.6039123535156,285.361083984375,0.0,0.0,0.0,0.0,1.0,1.0,-0.000983114936389,3.889745414653589e-09,0.0009831110946834,-0.00924270786345,0.0,0.0,0.0,-0.0067411265335977,60.0,0.9243366122245787,-0.0,-6.589739598439337e-08,0.0,282.9992980957031,284.4533386230469,290.2752380371094,291.35028076171875,293.1499938964844,293.1499938964844,278.1499938964844,0.0,18000.0,313.1499938964844,0.0,18000.0,0.0,0.0,0.0,0.0,0.0,0.0,0.0,0.0,0.0,-0.0,-0.0,0.0,-5.2805772432836115e-21,-2.6402886216418057e-21,-2.6402886216418057e-21,0.0,0.0,-0.0,0.0,0.0,0.0,-0.0,0.0,0.0,0.0,0.0,0.0,4.0,0.0,0.0
12281580,298.1575927734375,303.1499938964844,285.1499938964844,0.0,-0.0,285.19659423828125,0.0,0.0,9.233220043824986e-05,298.1413879394531,303.1499938964844,285.1499938964844,0.0,-0.0,285.1966247558594,0.0,0.0,9.723027324071154e-05,298.6866149902344,303.1499938964844,285.1499938964844,0.0,-0.0,285.1966247558594,0.0,0.0,7.181395631050691e-05,298.0177307128906,303.1499938964844,285.1499938964844,0.0,-0.0,285.1966247558594,0.0,0.0,9.723025868879633e-05,298.29547119140625,303.1499938964844,285.1499938964844,0.0,-0.0,285.19647216796875,0.0,0.0,0.0004612183547578,285.2181091308594,294.1499938964844,286.77685546875,282.4613342285156,287.1416320800781,286.6261291503906,285.3616638183594,0.0,0.0,0.0,0.0,1.0,1.0,-0.0009837958496063,3.969365724998397e-09,0.0009837918914854,-0.0094513231888413,0.0,0.0,0.0,-0.0067805973812937,60.0,0.9434763193130492,-0.0,-6.598871493679327e-08,0.0,282.9992980957031,284.4533386230469,290.2752380371094,291.35028076171875,293.1499938964844,293.1499938964844,278.1499938964844,0.0,18000.0,313.1499938964844,0.0,18000.0,0.0,0.0,0.0,0.0,0.0,0.0,0.0,0.0,0.0,-0.0,-0.0,0.0,-5.2805772432836115e-21,-2.6402886216418057e-21,-2.6402886216418057e-21,0.0,0.0,-0.0,0.0,0.0,0.0,-0.0,0.0,0.0,0.0,0.0,0.0,4.0,0.0,0.0
12281640,298.1575927734375,303.1499938964844,285.1499938964844,0.0,-0.0,285.19659423828125,0.0,0.0,9.233220043824986e-05,298.1413879394531,303.1499938964844,285.1499938964844,0.0,-0.0,285.1966247558594,0.0,0.0,9.723027324071154e-05,298.6866149902344,303.1499938964844,285.1499938964844,0.0,-0.0,285.1966247558594,0.0,0.0,7.181395631050691e-05,298.0177307128906,303.1499938964844,285.1499938964844,0.0,-0.0,285.1966247558594,0.0,0.0,9.723025868879633e-05,298.29547119140625,303.1499938964844,285.1499938964844,0.0,-0.0,285.19647216796875,0.0,0.0,0.0004612183547578,285.2181091308594,294.1499938964844,286.77685546875,282.4613342285156,287.1416320800781,286.6261291503906,285.3616638183594,0.0,0.0,0.0,0.0,1.0,1.0,-0.0009837958496063,3.969365724998397e-09,0.0009837918914854,-0.0094513231888413,0.0,0.0,0.0,-0.0067805973812937,60.0,0.9434763193130492,-0.0,-6.598871493679327e-08,0.0,282.9992980957031,284.4533386230469,290.2752380371094,291.35028076171875,293.1499938964844,293.1499938964844,278.1499938964844,0.0,18000.0,313.1499938964844,0.0,18000.0,0.0,0.0,0.0,0.0,0.0,0.0,0.0,0.0,0.0,-0.0,-0.0,0.0,-5.2805772432836115e-21,-2.6402886216418057e-21,-2.6402886216418057e-21,0.0,0.0,-0.0,0.0,0.0,0.0,-0.0,0.0,0.0,0.0,0.0,0.0,4.0,0.0,0.0
12281700,298.1555480957031,303.1499938964844,285.1499938964844,0.0,-0.0,285.1972045898437,0.0,0.0,9.236852201865986e-05,298.1406555175781,303.1499938964844,285.1499938964844,0.0,-0.0,285.1972351074219,0.0,0.0,9.72685229498893e-05,298.6856689453125,303.1499938964844,285.1499938964844,0.0,-0.0,285.1972045898437,0.0,0.0,7.184220885392278e-05,298.0189514160156,303.1499938964844,285.1499938964844,0.0,-0.0,285.1972045898437,0.0,0.0,9.726850839797407e-05,298.295166015625,303.1499938964844,285.1499938964844,0.0,-0.0,285.1970520019531,0.0,0.0,0.0004613997880369,285.21875,294.1499938964844,286.7908935546875,282.4556884765625,287.1385498046875,286.6378173828125,285.3619384765625,0.0,0.0,0.0,0.0,1.0,1.0,-0.0009841828141361,4.0146153068576496e-09,0.0009841788560152,-0.009569882415235,0.0,0.0,0.0,-0.0068030296824872,60.0,0.953100562095642,-0.0,-6.60406413999226e-08,0.0,282.9992980957031,284.4533386230469,290.2752380371094,291.35028076171875,293.1499938964844,293.1499938964844,278.1499938964844,0.0,18000.0,313.1499938964844,0.0,18000.0,0.0,0.0,0.0,0.0,0.0,0.0,0.0,0.0,0.0,-0.0,-0.0,0.0,-5.2805772432836115e-21,-2.6402886216418057e-21,-2.6402886216418057e-21,0.0,0.0,-0.0,0.0,0.0,0.0,-0.0,0.0,0.0,0.0,0.0,0.0,4.0,0.0,0.0
12281760,298.153564453125,303.1499938964844,285.1499938964844,0.0,-0.0,285.19781494140625,0.0,0.0,9.240713552571832e-05,298.1399230957031,303.1499938964844,285.1499938964844,0.0,-0.0,285.1978454589844,0.0,0.0,9.730917372507976e-05,298.6847229003906,303.1499938964844,285.1499938964844,0.0,-0.0,285.19781494140625,0.0,0.0,7.187223673099652e-05,298.02020263671875,303.1499938964844,285.1499938964844,0.0,-0.0,285.19781494140625,0.0,0.0,9.730915917316452e-05,298.2948608398437,303.1499938964844,285.1499938964844,0.0,-0.0,285.1976623535156,0.0,0.0,0.0004615926300175,285.21942138671875,294.1499938964844,286.80487060546875,282.45037841796875,287.1355895996094,286.6498107910156,285.3622131347656,0.0,0.0,0.0,0.0,1.0,1.0,-0.0009845941094681,4.062710168284411e-09,0.0009845900349318,-0.0096958968788385,0.0,0.0,0.0,-0.0068268720060586,60.0,0.9627306461334229,-0.0,-6.609585057049118e-08,0.0,282.9992980957031,284.4533386230469,290.2752380371094,291.35028076171875,293.1499938964844,293.1499938964844,278.1499938964844,0.0,18000.0,313.1499938964844,0.0,18000.0,0.0,0.0,0.0,0.0,0.0,0.0,0.0,0.0,0.0,-0.0,-0.0,0.0,-5.2805772432836115e-21,-2.6402886216418057e-21,-2.6402886216418057e-21,0.0,0.0,-0.0,0.0,0.0,0.0,-0.0,0.0,0.0,0.0,0.0,0.0,4.0,0.0,0.0
12281820,298.14971923828125,303.1499938964844,285.1499938964844,0.0,-0.0,285.1990051269531,0.0,0.0,9.249034337699412e-05,298.1383972167969,303.1499938964844,285.1499938964844,0.0,-0.0,285.1990051269531,0.0,0.0,9.739680535858496e-05,298.6828308105469,303.1499938964844,285.1499938964844,0.0,-0.0,285.1990051269531,0.0,0.0,7.193695637397468e-05,298.0227966308594,303.1499938964844,285.1499938964844,0.0,-0.0,285.1990051269531,0.0,0.0,9.739679080666974e-05,298.2943115234375,303.1499938964844,285.1499938964844,0.0,-0.0,285.1988525390625,0.0,0.0,0.0004620082909241,285.2207336425781,294.1499938964844,286.8324890136719,282.4407043457031,287.130126953125,286.6746826171875,285.36279296875,0.0,0.0,0.0,0.0,1.0,1.0,-0.0009854806121438,4.166373024361292e-09,0.0009854765376076,-0.0099675031378865,0.0,0.0,0.0,-0.0068782623857259,60.0,0.9819335341453552,-0.0,-6.62149304275772e-08,0.0,282.9992980957031,284.4533386230469,290.2752380371094,291.35028076171875,293.1499938964844,293.1499938964844,278.1499938964844,0.0,18000.0,313.1499938964844,0.0,18000.0,0.0,0.0,0.0,0.0,0.0,0.0,0.0,0.0,0.0,-0.0,-0.0,0.0,-5.2805772432836115e-21,-2.6402886216418057e-21,-2.6402886216418057e-21,0.0,0.0,-0.0,0.0,0.0,0.0,-0.0,0.0,0.0,0.0,0.0,0.0,4.0,0.0,0.0
12281880,298.14971923828125,303.1499938964844,285.1499938964844,0.0,-0.0,285.1990051269531,0.0,0.0,9.249034337699412e-05,298.1383972167969,303.1499938964844,285.1499938964844,0.0,-0.0,285.1990051269531,0.0,0.0,9.739680535858496e-05,298.6828308105469,303.1499938964844,285.1499938964844,0.0,-0.0,285.1990051269531,0.0,0.0,7.193695637397468e-05,298.0227966308594,303.1499938964844,285.1499938964844,0.0,-0.0,285.1990051269531,0.0,0.0,9.739679080666974e-05,298.2943115234375,303.1499938964844,285.1499938964844,0.0,-0.0,285.1988525390625,0.0,0.0,0.0004620082909241,285.2207336425781,294.1499938964844,286.8324890136719,282.4407043457031,287.130126953125,286.6746826171875,285.36279296875,0.0,0.0,0.0,0.0,1.0,1.0,-0.0009854806121438,4.166373024361292e-09,0.0009854765376076,-0.0099675031378865,0.0,0.0,0.0,-0.0068782623857259,60.0,0.9819335341453552,-0.0,-6.62149304275772e-08,0.0,282.9992980957031,284.4533386230469,290.2752380371094,291.35028076171875,293.1499938964844,293.1499938964844,278.1499938964844,0.0,18000.0,313.1499938964844,0.0,18000.0,0.0,0.0,0.0,0.0,0.0,0.0,0.0,0.0,0.0,-0.0,-0.0,0.0,-5.2805772432836115e-21,-2.6402886216418057e-21,-2.6402886216418057e-21,0.0,0.0,-0.0,0.0,0.0,0.0,-0.0,0.0,0.0,0.0,0.0,0.0,4.0,0.0,0.0
12281940,298.1460876464844,303.1499938964844,285.1499938964844,0.0,-0.0,285.2001647949219,0.0,0.0,9.257942292606458e-05,298.1368103027344,303.1499938964844,285.1499938964844,0.0,-0.0,285.2001953125,0.0,0.0,9.749060700414702e-05,298.6809997558594,303.1499938964844,285.1499938964844,0.0,-0.0,285.2001647949219,0.0,0.0,7.200623804237694e-05,298.02545166015625,303.1499938964844,285.1499938964844,0.0,-0.0,285.2001953125,0.0,0.0,9.74905924522318e-05,298.2938232421875,303.1499938964844,285.1499938964844,0.0,-0.0,285.2000427246094,0.0,0.0,0.0004624532593879,285.2220458984375,294.1499938964844,286.8595275878906,282.4324951171875,287.1252136230469,286.7006225585937,285.3633728027344,0.0,0.0,0.0,0.0,1.0,1.0,-0.0009864296298474,4.277342924297045e-09,0.0009864254388958,-0.0102582518011331,0.0,0.0,0.0,-0.0069332751445472,60.0,1.0009260177612305,-0.0,-6.6342529692065e-08,0.0,282.9992980957031,284.4533386230469,290.2752380371094,291.35028076171875,293.1499938964844,293.1499938964844,278.1499938964844,0.0,18000.0,313.1499938964844,0.0,18000.0,0.0,0.0,0.0,0.0,0.0,0.0,0.0,0.0,0.0,-0.0,-0.0,0.0,-5.2805772432836115e-21,-2.6402886216418057e-21,-2.6402886216418057e-21,0.0,0.0,-0.0,0.0,0.0,0.0,-0.0,0.0,0.0,0.0,0.0,0.0,4.0,0.0,0.0
12282000,298.1460876464844,303.1499938964844,285.1499938964844,0.0,-0.0,285.2001647949219,0.0,0.0,9.257942292606458e-05,298.1368103027344,303.1499938964844,285.1499938964844,0.0,-0.0,285.2001953125,0.0,0.0,9.749060700414702e-05,298.6809997558594,303.1499938964844,285.1499938964844,0.0,-0.0,285.2001647949219,0.0,0.0,7.200623804237694e-05,298.02545166015625,303.1499938964844,285.1499938964844,0.0,-0.0,285.2001953125,0.0,0.0,9.74905924522318e-05,298.2938232421875,303.1499938964844,285.1499938964844,0.0,-0.0,285.2000427246094,0.0,0.0,0.0004624532593879,285.2220458984375,294.1499938964844,286.8595275878906,282.4324951171875,287.1252136230469,286.7006225585937,285.3633728027344,0.0,0.0,0.0,0.0,1.0,1.0,-0.0009864296298474,4.277342924297045e-09,0.0009864254388958,-0.0102582518011331,0.0,0.0,0.0,-0.0069332751445472,60.0,1.0009260177612305,-0.0,-6.6342529692065e-08,0.0,282.9992980957031,284.4533386230469,290.2752380371094,291.35028076171875,293.1499938964844,293.1499938964844,278.1499938964844,0.0,18000.0,313.1499938964844,0.0,18000.0,0.0,0.0,0.0,0.0,0.0,0.0,0.0,0.0,0.0,-0.0,-0.0,0.0,-5.2805772432836115e-21,-2.6402886216418057e-21,-2.6402886216418057e-21,0.0,0.0,-0.0,0.0,0.0,0.0,-0.0,0.0,0.0,0.0,0.0,0.0,4.0,0.0,0.0
12282060,298.1426696777344,303.1499938964844,285.1499938964844,0.0,-0.0,285.20135498046875,0.0,0.0,9.267152927350252e-05,298.1351928710937,303.1499938964844,285.1499938964844,0.0,-0.0,285.2013854980469,0.0,0.0,9.75876027951017e-05,298.67919921875,303.1499938964844,285.1499938964844,0.0,-0.0,285.20135498046875,0.0,0.0,7.207787712104619e-05,298.02813720703125,303.1499938964844,285.1499938964844,0.0,-0.0,285.20135498046875,0.0,0.0,9.758758824318647e-05,298.2933349609375,303.1499938964844,285.1499938964844,0.0,-0.0,285.20123291015625,0.0,0.0,0.0004629133618436,285.2233581542969,294.1499938964844,286.8857421875,282.4259338378906,287.12091064453125,286.7274475097656,285.36395263671875,0.0,0.0,0.0,0.0,1.0,1.0,-0.0009874110110104,4.3920889147841535e-09,0.0009874065872281,-0.0105588911101222,0.0,0.0,0.0,-0.0069901598617434,60.0,1.0194971561431885,-0.0,-6.647459116493337e-08,0.0,282.9992980957031,284.4533386230469,290.2752380371094,291.35028076171875,293.1499938964844,293.1499938964844,278.1499938964844,0.0,18000.0,313.1499938964844,0.0,18000.0,0.0,0.0,0.0,0.0,0.0,0.0,0.0,0.0,0.0,-0.0,-0.0,0.0,-5.2805772432836115e-21,-2.6402886216418057e-21,-2.6402886216418057e-21,0.0,0.0,-0.0,0.0,0.0,0.0,-0.0,0.0,0.0,0.0,0.0,0.0,4.0,0.0,0.0
12282120,298.1426696777344,303.1499938964844,285.1499938964844,0.0,-0.0,285.20135498046875,0.0,0.0,9.267152927350252e-05,298.1351928710937,303.1499938964844,285.1499938964844,0.0,-0.0,285.2013854980469,0.0,0.0,9.75876027951017e-05,298.67919921875,303.1499938964844,285.1499938964844,0.0,-0.0,285.20135498046875,0.0,0.0,7.207787712104619e-05,298.02813720703125,303.1499938964844,285.1499938964844,0.0,-0.0,285.20135498046875,0.0,0.0,9.758758824318647e-05,298.2933349609375,303.1499938964844,285.1499938964844,0.0,-0.0,285.20123291015625,0.0,0.0,0.0004629133618436,285.2233581542969,294.1499938964844,286.8857421875,282.4259338378906,287.12091064453125,286.7274475097656,285.36395263671875,0.0,0.0,0.0,0.0,1.0,1.0,-0.0009874110110104,4.3920889147841535e-09,0.0009874065872281,-0.0105588911101222,0.0,0.0,0.0,-0.0069901598617434,60.0,1.0194971561431885,-0.0,-6.647459116493337e-08,0.0,282.9992980957031,284.4533386230469,290.2752380371094,291.35028076171875,293.1499938964844,293.1499938964844,278.1499938964844,0.0,18000.0,313.1499938964844,0.0,18000.0,0.0,0.0,0.0,0.0,0.0,0.0,0.0,0.0,0.0,-0.0,-0.0,0.0,-5.2805772432836115e-21,-2.6402886216418057e-21,-2.6402886216418057e-21,0.0,0.0,-0.0,0.0,0.0,0.0,-0.0,0.0,0.0,0.0,0.0,0.0,4.0,0.0,0.0
12282180,298.1394348144531,303.1499938964844,285.1499938964844,0.0,-0.0,285.2025451660156,0.0,0.0,9.276391938328744e-05,298.133544921875,303.1499938964844,285.1499938964844,0.0,-0.0,285.2025756835937,0.0,0.0,9.768488962436096e-05,298.67742919921875,303.1499938964844,285.1499938964844,0.0,-0.0,285.2025451660156,0.0,0.0,7.214973447844386e-05,298.0308532714844,303.1499938964844,285.1499938964844,0.0,-0.0,285.2025451660156,0.0,0.0,9.768487507244572e-05,298.2929077148437,303.1499938964844,285.1499938964844,0.0,-0.0,285.2024230957031,0.0,0.0,0.000463374890387,285.22467041015625,294.1499938964844,286.91094970703125,282.42120361328125,287.1170654296875,286.7548217773437,285.36456298828125,0.0,0.0,0.0,0.0,1.0,1.0,-0.0009883953025564,4.507187512103883e-09,0.0009883908787742,-0.0108604514971375,0.0,0.0,0.0,-0.0070472192019224,60.0,1.037566900253296,-0.0,-6.660719265028092e-08,0.0,282.9992980957031,284.4533386230469,290.2752380371094,291.35028076171875,293.1499938964844,293.1499938964844,278.1499938964844,0.0,18000.0,313.1499938964844,0.0,18000.0,0.0,0.0,0.0,0.0,0.0,0.0,0.0,0.0,0.0,-0.0,-0.0,0.0,-5.2805772432836115e-21,-2.6402886216418057e-21,-2.6402886216418057e-21,0.0,0.0,-0.0,0.0,0.0,0.0,-0.0,0.0,0.0,0.0,0.0,0.0,4.0,0.0,0.0
12282240,298.1394348144531,303.1499938964844,285.1499938964844,0.0,-0.0,285.2025451660156,0.0,0.0,9.276391938328744e-05,298.133544921875,303.1499938964844,285.1499938964844,0.0,-0.0,285.2025756835937,0.0,0.0,9.768488962436096e-05,298.67742919921875,303.1499938964844,285.1499938964844,0.0,-0.0,285.2025451660156,0.0,0.0,7.214973447844386e-05,298.0308532714844,303.1499938964844,285.1499938964844,0.0,-0.0,285.2025451660156,0.0,0.0,9.768487507244572e-05,298.2929077148437,303.1499938964844,285.1499938964844,0.0,-0.0,285.2024230957031,0.0,0.0,0.000463374890387,285.22467041015625,294.1499938964844,286.91094970703125,282.42120361328125,287.1170654296875,286.7548217773437,285.36456298828125,0.0,0.0,0.0,0.0,1.0,1.0,-0.0009883953025564,4.507187512103883e-09,0.0009883908787742,-0.0108604514971375,0.0,0.0,0.0,-0.0070472192019224,60.0,1.037566900253296,-0.0,-6.660719265028092e-08,0.0,282.9992980957031,284.4533386230469,290.2752380371094,291.35028076171875,293.1499938964844,293.1499938964844,278.1499938964844,0.0,18000.0,313.1499938964844,0.0,18000.0,0.0,0.0,0.0,0.0,0.0,0.0,0.0,0.0,0.0,-0.0,-0.0,0.0,-5.2805772432836115e-21,-2.6402886216418057e-21,-2.6402886216418057e-21,0.0,0.0,-0.0,0.0,0.0,0.0,-0.0,0.0,0.0,0.0,0.0,0.0,4.0,0.0,0.0
12282300,298.1379089355469,303.1499938964844,285.1499938964844,0.0,-0.0,285.2031555175781,0.0,0.0,9.280931408284232e-05,298.1327209472656,303.1499938964844,285.1499938964844,0.0,-0.0,285.20318603515625,0.0,0.0,9.773269266588612e-05,298.6765441894531,303.1499938964844,285.1499938964844,0.0,-0.0,285.2031555175781,0.0,0.0,7.218503742478788e-05,298.0321960449219,303.1499938964844,285.1499938964844,0.0,-0.0,285.2031555175781,0.0,0.0,9.77326781139709e-05,298.2926940917969,303.1499938964844,285.1499938964844,0.0,-0.0,285.2030029296875,0.0,0.0,0.0004636016092263,285.2253112792969,294.1499938964844,286.923095703125,282.4195556640625,287.1153564453125,286.7686462402344,285.3648681640625,0.0,0.0,0.0,0.0,1.0,1.0,-0.0009888788918033,4.5637329471048815e-09,0.0009888743516057,-0.0110086016356945,0.0,0.0,0.0,-0.0070752510800957,60.0,1.0462857484817505,-0.0,-6.667238494628691e-08,0.0,282.9992980957031,284.4533386230469,290.2752380371094,291.35028076171875,293.1499938964844,293.1499938964844,278.1499938964844,0.0,18000.0,313.1499938964844,0.0,18000.0,0.0,0.0,0.0,0.0,0.0,0.0,0.0,0.0,0.0,-0.0,-0.0,0.0,-5.2805772432836115e-21,-2.6402886216418057e-21,-2.6402886216418057e-21,0.0,0.0,-0.0,0.0,0.0,0.0,-0.0,0.0,0.0,0.0,0.0,0.0,4.0,0.0,0.0
12282360,298.13641357421875,303.1499938964844,285.1499938964844,0.0,-0.0,285.2037353515625,0.0,0.0,9.285410487791523e-05,298.13189697265625,303.1499938964844,285.1499938964844,0.0,-0.0,285.2037658691406,0.0,0.0,9.777985542314128e-05,298.6756591796875,303.1499938964844,285.1499938964844,0.0,-0.0,285.2037353515625,0.0,0.0,7.22198819858022e-05,298.03350830078125,303.1499938964844,285.1499938964844,0.0,-0.0,285.2037353515625,0.0,0.0,9.777984087122604e-05,298.29248046875,303.1499938964844,285.1499938964844,0.0,-0.0,285.20361328125,0.0,0.0,0.0004638253594748,285.2259521484375,294.1499938964844,286.9349060058594,282.4184265136719,287.1137390136719,286.782470703125,285.3651428222656,0.0,0.0,0.0,0.0,1.0,1.0,-0.0009893561946228,4.619534532679381e-09,0.0009893515380099,-0.0111548015847802,0.0,0.0,0.0,-0.0071029146201908,60.0,1.0548441410064695,-0.0,-6.673675301271943e-08,0.0,282.9992980957031,284.4533386230469,290.2752380371094,291.35028076171875,293.1499938964844,293.1499938964844,278.1499938964844,0.0,18000.0,313.1499938964844,0.0,18000.0,0.0,0.0,0.0,0.0,0.0,0.0,0.0,0.0,0.0,-0.0,-0.0,0.0,-5.2805772432836115e-21,-2.6402886216418057e-21,-2.6402886216418057e-21,0.0,0.0,-0.0,0.0,0.0,0.0,-0.0,0.0,0.0,0.0,0.0,0.0,4.0,0.0,0.0
12282420,298.13360595703125,303.1499938964844,285.1499938964844,0.0,-0.0,285.2049255371094,0.0,0.0,9.293957555200905e-05,298.1302490234375,303.1499938964844,285.1499938964844,0.0,-0.0,285.2049560546875,0.0,0.0,9.786985901882872e-05,298.6739501953125,303.1499938964844,285.1499938964844,0.0,-0.0,285.2049255371094,0.0,0.0,7.228635513456538e-05,298.0360717773437,303.1499938964844,285.1499938964844,0.0,-0.0,285.2049255371094,0.0,0.0,9.786984446691348e-05,298.2920837402344,303.1499938964844,285.1499938964844,0.0,-0.0,285.2048034667969,0.0,0.0,0.0004642523126676,285.2272644042969,294.1499938964844,286.9574279785156,282.4178161621094,287.1108703613281,286.8100280761719,285.3657531738281,0.0,0.0,0.0,0.0,1.0,1.0,-0.0009902667952701,4.726010693900662e-09,0.0009902620222419,-0.0114337652921676,0.0,0.0,0.0,-0.0071556996554136,60.0,1.0711933374404907,-0.0,-6.685965558972384e-08,0.0,282.9992980957031,284.4533386230469,290.2752380371094,291.35028076171875,293.1499938964844,293.1499938964844,278.1499938964844,0.0,18000.0,313.1499938964844,0.0,18000.0,0.0,0.0,0.0,0.0,0.0,0.0,0.0,0.0,0.0,-0.0,-0.0,0.0,-5.2805772432836115e-21,-2.6402886216418057e-21,-2.6402886216418057e-21,0.0,0.0,-0.0,0.0,0.0,0.0,-0.0,0.0,0.0,0.0,0.0,0.0,4.0,0.0,0.0
12282480,298.13360595703125,303.1499938964844,285.1499938964844,0.0,-0.0,285.2049255371094,0.0,0.0,9.293957555200905e-05,298.1302490234375,303.1499938964844,285.1499938964844,0.0,-0.0,285.2049560546875,0.0,0.0,9.786985901882872e-05,298.6739501953125,303.1499938964844,285.1499938964844,0.0,-0.0,285.2049255371094,0.0,0.0,7.228635513456538e-05,298.0360717773437,303.1499938964844,285.1499938964844,0.0,-0.0,285.2049255371094,0.0,0.0,9.786984446691348e-05,298.2920837402344,303.1499938964844,285.1499938964844,0.0,-0.0,285.2048034667969,0.0,0.0,0.0004642523126676,285.2272644042969,294.1499938964844,286.9574279785156,282.4178161621094,287.1108703613281,286.8100280761719,285.3657531738281,0.0,0.0,0.0,0.0,1.0,1.0,-0.0009902667952701,4.726010693900662e-09,0.0009902620222419,-0.0114337652921676,0.0,0.0,0.0,-0.0071556996554136,60.0,1.0711933374404907,-0.0,-6.685965558972384e-08,0.0,282.9992980957031,284.4533386230469,290.2752380371094,291.35028076171875,293.1499938964844,293.1499938964844,278.1499938964844,0.0,18000.0,313.1499938964844,0.0,18000.0,0.0,0.0,0.0,0.0,0.0,0.0,0.0,0.0,0.0,-0.0,-0.0,0.0,-5.2805772432836115e-21,-2.6402886216418057e-21,-2.6402886216418057e-21,0.0,0.0,-0.0,0.0,0.0,0.0,-0.0,0.0,0.0,0.0,0.0,0.0,4.0,0.0,0.0
12282540,298.1309814453125,303.1499938964844,285.1499938964844,0.0,-0.0,285.2060852050781,0.0,0.0,9.30190581129864e-05,298.1286315917969,303.1499938964844,285.1499938964844,0.0,-0.0,285.20611572265625,0.0,0.0,9.795356163522229e-05,298.6722106933594,303.1499938964844,285.1499938964844,0.0,-0.0,285.20611572265625,0.0,0.0,7.23481789464131e-05,298.0385437011719,303.1499938964844,285.1499938964844,0.0,-0.0,285.20611572265625,0.0,0.0,9.795354708330706e-05,298.2917175292969,303.1499938964844,285.1499938964844,0.0,-0.0,285.2059631347656,0.0,0.0,0.0004646493471227,285.2285461425781,294.1499938964844,286.978271484375,282.4195556640625,287.1083984375,286.8372802734375,285.3663635253906,0.0,0.0,0.0,0.0,1.0,1.0,-0.0009911136003211,4.82502970911014e-09,0.0009911088272929,-0.0116931907832622,0.0,0.0,0.0,-0.0072047878056764,60.0,1.0865962505340576,-0.0,-6.697406007560859e-08,0.0,282.9992980957031,284.4533386230469,290.2752380371094,291.35028076171875,293.1499938964844,293.1499938964844,278.1499938964844,0.0,18000.0,313.1499938964844,0.0,18000.0,0.0,0.0,0.0,0.0,0.0,0.0,0.0,0.0,0.0,-0.0,-0.0,0.0,-5.2805772432836115e-21,-2.6402886216418057e-21,-2.6402886216418057e-21,0.0,0.0,-0.0,0.0,0.0,0.0,-0.0,0.0,0.0,0.0,0.0,0.0,4.0,0.0,0.0
12282600,298.1309814453125,303.1499938964844,285.1499938964844,0.0,-0.0,285.2060852050781,0.0,0.0,9.30190581129864e-05,298.1286315917969,303.1499938964844,285.1499938964844,0.0,-0.0,285.20611572265625,0.0,0.0,9.795356163522229e-05,298.6722106933594,303.1499938964844,285.1499938964844,0.0,-0.0,285.20611572265625,0.0,0.0,7.23481789464131e-05,298.0385437011719,303.1499938964844,285.1499938964844,0.0,-0.0,285.20611572265625,0.0,0.0,9.795354708330706e-05,298.2917175292969,303.1499938964844,285.1499938964844,0.0,-0.0,285.2059631347656,0.0,0.0,0.0004646493471227,285.2285461425781,294.1499938964844,286.978271484375,282.4195556640625,287.1083984375,286.8372802734375,285.3663635253906,0.0,0.0,0.0,0.0,1.0,1.0,-0.0009911136003211,4.82502970911014e-09,0.0009911088272929,-0.0116931907832622,0.0,0.0,0.0,-0.0072047878056764,60.0,1.0865962505340576,-0.0,-6.697406007560859e-08,0.0,282.9992980957031,284.4533386230469,290.2752380371094,291.35028076171875,293.1499938964844,293.1499938964844,278.1499938964844,0.0,18000.0,313.1499938964844,0.0,18000.0,0.0,0.0,0.0,0.0,0.0,0.0,0.0,0.0,0.0,-0.0,-0.0,0.0,-5.2805772432836115e-21,-2.6402886216418057e-21,-2.6402886216418057e-21,0.0,0.0,-0.0,0.0,0.0,0.0,-0.0,0.0,0.0,0.0,0.0,0.0,4.0,0.0,0.0
12282660,298.12860107421875,303.1499938964844,285.1499938964844,0.0,-0.0,285.207275390625,0.0,0.0,9.309043525718153e-05,298.12701416015625,303.1499938964844,285.1499938964844,0.0,-0.0,285.2073059082031,0.0,0.0,9.80287222773768e-05,298.6705322265625,303.1499938964844,285.1499938964844,0.0,-0.0,285.207275390625,0.0,0.0,7.24036872270517e-05,298.04083251953125,303.1499938964844,285.1499938964844,0.0,-0.0,285.207275390625,0.0,0.0,9.802870772546156e-05,298.2913818359375,303.1499938964844,285.1499938964844,0.0,-0.0,285.2071533203125,0.0,0.0,0.0004650058690458,285.2298278808594,294.1499938964844,286.9972229003906,282.4237976074219,287.1063232421875,286.8637390136719,285.36700439453125,0.0,0.0,0.0,0.0,1.0,1.0,-0.0009918740252032,4.9139452507063205e-09,0.0009918691357597,-0.0119261424988508,0.0,0.0,0.0,-0.007248867303133,60.0,1.1006224155426023,-0.0,-6.70768685040457e-08,0.0,282.9992980957031,284.4533386230469,290.2752380371094,291.35028076171875,293.1499938964844,293.1499938964844,278.1499938964844,0.0,18000.0,313.1499938964844,0.0,18000.0,0.0,0.0,0.0,0.0,0.0,0.0,0.0,0.0,0.0,-0.0,-0.0,0.0,-5.2805772432836115e-21,-2.6402886216418057e-21,-2.6402886216418057e-21,0.0,0.0,-0.0,0.0,0.0,0.0,-0.0,0.0,0.0,0.0,0.0,0.0,4.0,0.0,0.0
12282720,298.12860107421875,303.1499938964844,285.1499938964844,0.0,-0.0,285.207275390625,0.0,0.0,9.309043525718153e-05,298.12701416015625,303.1499938964844,285.1499938964844,0.0,-0.0,285.2073059082031,0.0,0.0,9.80287222773768e-05,298.6705322265625,303.1499938964844,285.1499938964844,0.0,-0.0,285.207275390625,0.0,0.0,7.24036872270517e-05,298.04083251953125,303.1499938964844,285.1499938964844,0.0,-0.0,285.207275390625,0.0,0.0,9.802870772546156e-05,298.2913818359375,303.1499938964844,285.1499938964844,0.0,-0.0,285.2071533203125,0.0,0.0,0.0004650058690458,285.2298278808594,294.1499938964844,286.9972229003906,282.4237976074219,287.1063232421875,286.8637390136719,285.36700439453125,0.0,0.0,0.0,0.0,1.0,1.0,-0.0009918740252032,4.9139452507063205e-09,0.0009918691357597,-0.0119261424988508,0.0,0.0,0.0,-0.007248867303133,60.0,1.1006224155426023,-0.0,-6.70768685040457e-08,0.0,282.9992980957031,284.4533386230469,290.2752380371094,291.35028076171875,293.1499938964844,293.1499938964844,278.1499938964844,0.0,18000.0,313.1499938964844,0.0,18000.0,0.0,0.0,0.0,0.0,0.0,0.0,0.0,0.0,0.0,-0.0,-0.0,0.0,-5.2805772432836115e-21,-2.6402886216418057e-21,-2.6402886216418057e-21,0.0,0.0,-0.0,0.0,0.0,0.0,-0.0,0.0,0.0,0.0,0.0,0.0,4.0,0.0,0.0
12282780,298.1263732910156,303.1499938964844,285.1499938964844,0.0,-0.0,285.2084655761719,0.0,0.0,9.31523900362663e-05,298.12548828125,303.1499938964844,285.1499938964844,0.0,-0.0,285.20849609375,0.0,0.0,9.809396578930318e-05,298.6688537597656,303.1499938964844,285.1499938964844,0.0,-0.0,285.2084655761719,0.0,0.0,7.245187589433044e-05,298.0428771972656,303.1499938964844,285.1499938964844,0.0,-0.0,285.2084655761719,0.0,0.0,9.809395123738796e-05,298.291015625,303.1499938964844,285.1499938964844,0.0,-0.0,285.2083435058594,0.0,0.0,0.0004653153591789,285.2311096191406,294.1499938964844,287.0140991210937,282.43072509765625,287.1045837402344,286.8890991210937,285.3676452636719,0.0,0.0,0.0,0.0,1.0,1.0,-0.0009925342164933,4.991127067199841e-09,0.0009925292106345,-0.0121283512562513,0.0,0.0,0.0,-0.0072871297597885,60.0,1.1132450103759766,-0.0,-6.716616951507606e-08,0.0,282.9992980957031,284.4533386230469,290.2752380371094,291.35028076171875,293.1499938964844,293.1499938964844,278.1499938964844,0.0,18000.0,313.1499938964844,0.0,18000.0,0.0,0.0,0.0,0.0,0.0,0.0,0.0,0.0,0.0,-0.0,-0.0,0.0,-5.2805772432836115e-21,-2.6402886216418057e-21,-2.6402886216418057e-21,0.0,0.0,-0.0,0.0,0.0,0.0,-0.0,0.0,0.0,0.0,0.0,0.0,4.0,0.0,0.0
12282840,298.1263732910156,303.1499938964844,285.1499938964844,0.0,-0.0,285.2084655761719,0.0,0.0,9.31523900362663e-05,298.12548828125,303.1499938964844,285.1499938964844,0.0,-0.0,285.20849609375,0.0,0.0,9.809396578930318e-05,298.6688537597656,303.1499938964844,285.1499938964844,0.0,-0.0,285.2084655761719,0.0,0.0,7.245187589433044e-05,298.0428771972656,303.1499938964844,285.1499938964844,0.0,-0.0,285.2084655761719,0.0,0.0,9.809395123738796e-05,298.291015625,303.1499938964844,285.1499938964844,0.0,-0.0,285.2083435058594,0.0,0.0,0.0004653153591789,285.2311096191406,294.1499938964844,287.0140991210937,282.43072509765625,287.1045837402344,286.8890991210937,285.3676452636719,0.0,0.0,0.0,0.0,1.0,1.0,-0.0009925342164933,4.991127067199841e-09,0.0009925292106345,-0.0121283512562513,0.0,0.0,0.0,-0.0072871297597885,60.0,1.1132450103759766,-0.0,-6.716616951507606e-08,0.0,282.9992980957031,284.4533386230469,290.2752380371094,291.35028076171875,293.1499938964844,293.1499938964844,278.1499938964844,0.0,18000.0,313.1499938964844,0.0,18000.0,0.0,0.0,0.0,0.0,0.0,0.0,0.0,0.0,0.0,-0.0,-0.0,0.0,-5.2805772432836115e-21,-2.6402886216418057e-21,-2.6402886216418057e-21,0.0,0.0,-0.0,0.0,0.0,0.0,-0.0,0.0,0.0,0.0,0.0,0.0,4.0,0.0,0.0
12282900,298.1253662109375,303.1499938964844,285.1499938964844,0.0,-0.0,285.20904541015625,0.0,0.0,9.317907097283752e-05,298.1247253417969,303.1499938964844,285.1499938964844,0.0,-0.0,285.2090759277344,0.0,0.0,9.812205826165156e-05,298.6679992675781,303.1499938964844,285.1499938964844,0.0,-0.0,285.20904541015625,0.0,0.0,7.247262692544609e-05,298.0437927246094,303.1499938964844,285.1499938964844,0.0,-0.0,285.20904541015625,0.0,0.0,9.812204370973632e-05,298.2908630371094,303.1499938964844,285.1499938964844,0.0,-0.0,285.2089233398437,0.0,0.0,0.0004654486256185,285.23175048828125,294.1499938964844,287.0216979980469,282.4352722167969,287.1038513183594,286.90118408203125,285.3679504394531,0.0,0.0,0.0,0.0,1.0,1.0,-0.0009928183862939,5.02436092730818e-09,0.0009928133804351,-0.0122154206037521,0.0,0.0,0.0,-0.0073036053217947,60.0,1.118876338005066,-0.0,-6.720464540421744e-08,0.0,282.9992980957031,284.4533386230469,290.2752380371094,291.35028076171875,293.1499938964844,293.1499938964844,278.1499938964844,0.0,18000.0,313.1499938964844,0.0,18000.0,0.0,0.0,0.0,0.0,0.0,0.0,0.0,0.0,0.0,-0.0,-0.0,0.0,-5.2805772432836115e-21,-2.6402886216418057e-21,-2.6402886216418057e-21,0.0,0.0,-0.0,0.0,0.0,0.0,-0.0,0.0,0.0,0.0,0.0,0.0,4.0,0.0,0.0
12282960,298.1243591308594,303.1499938964844,285.1499938964844,0.0,-0.0,285.2096252441406,0.0,0.0,9.32039401959628e-05,298.1239929199219,303.1499938964844,285.1499938964844,0.0,-0.0,285.20965576171875,0.0,0.0,9.81482517090626e-05,298.66717529296875,303.1499938964844,285.1499938964844,0.0,-0.0,285.2096252441406,0.0,0.0,7.249197369674221e-05,298.0446472167969,303.1499938964844,285.1499938964844,0.0,-0.0,285.2096252441406,0.0,0.0,9.814823715714738e-05,298.2906799316406,303.1499938964844,285.1499938964844,0.0,-0.0,285.2095031738281,0.0,0.0,0.0004655728698708,285.2323913574219,294.1499938964844,287.0286560058594,282.4405212402344,287.1031799316406,286.9129638671875,285.3682861328125,0.0,0.0,0.0,0.0,1.0,1.0,-0.0009930833475664,5.05534147876574e-09,0.0009930783417075,-0.0122965853661298,0.0,0.0,0.0,-0.0073189637623727,60.0,1.1242135763168335,-0.0,-6.724052070694597e-08,0.0,282.9992980957031,284.4533386230469,290.2752380371094,291.35028076171875,293.1499938964844,293.1499938964844,278.1499938964844,0.0,18000.0,313.1499938964844,0.0,18000.0,0.0,0.0,0.0,0.0,0.0,0.0,0.0,0.0,0.0,-0.0,-0.0,0.0,-5.2805772432836115e-21,-2.6402886216418057e-21,-2.6402886216418057e-21,0.0,0.0,-0.0,0.0,0.0,0.0,-0.0,0.0,0.0,0.0,0.0,0.0,4.0,0.0,0.0
12283020,298.1224975585937,303.1499938964844,285.1499938964844,0.0,-0.0,285.2108154296875,0.0,0.0,9.324366692453624e-05,298.1225280761719,303.1499938964844,285.1499938964844,0.0,-0.0,285.2108154296875,0.0,0.0,9.819008118938656e-05,298.6654968261719,303.1499938964844,285.1499938964844,0.0,-0.0,285.2108154296875,0.0,0.0,7.252286741277203e-05,298.0461120605469,303.1499938964844,285.1499938964844,0.0,-0.0,285.2108154296875,0.0,0.0,9.819006663747132e-05,298.29034423828125,303.1499938964844,285.1499938964844,0.0,-0.0,285.210693359375,0.0,0.0,0.0004657712997868,285.233642578125,294.1499938964844,287.04071044921875,282.4533386230469,287.1020202636719,286.93505859375,285.3689270019531,0.0,0.0,0.0,0.0,1.0,1.0,-0.0009935066336765,5.104827227597752e-09,0.0009935015114024,-0.0124262329190969,0.0,0.0,0.0,-0.0073434961959719,60.0,1.1333900690078735,-0.0,-6.729784018943974e-08,0.0,282.9992980957031,284.4533386230469,290.2752380371094,291.35028076171875,293.1499938964844,293.1499938964844,278.1499938964844,0.0,18000.0,313.1499938964844,0.0,18000.0,0.0,0.0,0.0,0.0,0.0,0.0,0.0,0.0,0.0,-0.0,-0.0,0.0,-5.2805772432836115e-21,-2.6402886216418057e-21,-2.6402886216418057e-21,0.0,0.0,-0.0,0.0,0.0,0.0,-0.0,0.0,0.0,0.0,0.0,0.0,4.0,0.0,0.0
12283080,298.1224975585937,303.1499938964844,285.1499938964844,0.0,-0.0,285.2108154296875,0.0,0.0,9.324366692453624e-05,298.1225280761719,303.1499938964844,285.1499938964844,0.0,-0.0,285.2108154296875,0.0,0.0,9.819008118938656e-05,298.6654968261719,303.1499938964844,285.1499938964844,0.0,-0.0,285.2108154296875,0.0,0.0,7.252286741277203e-05,298.0461120605469,303.1499938964844,285.1499938964844,0.0,-0.0,285.2108154296875,0.0,0.0,9.819006663747132e-05,298.29034423828125,303.1499938964844,285.1499938964844,0.0,-0.0,285.210693359375,0.0,0.0,0.0004657712997868,285.233642578125,294.1499938964844,287.04071044921875,282.4533386230469,287.1020202636719,286.93505859375,285.3689270019531,0.0,0.0,0.0,0.0,1.0,1.0,-0.0009935066336765,5.104827227597752e-09,0.0009935015114024,-0.0124262329190969,0.0,0.0,0.0,-0.0073434961959719,60.0,1.1333900690078735,-0.0,-6.729784018943974e-08,0.0,282.9992980957031,284.4533386230469,290.2752380371094,291.35028076171875,293.1499938964844,293.1499938964844,278.1499938964844,0.0,18000.0,313.1499938964844,0.0,18000.0,0.0,0.0,0.0,0.0,0.0,0.0,0.0,0.0,0.0,-0.0,-0.0,0.0,-5.2805772432836115e-21,-2.6402886216418057e-21,-2.6402886216418057e-21,0.0,0.0,-0.0,0.0,0.0,0.0,-0.0,0.0,0.0,0.0,0.0,0.0,4.0,0.0,0.0
12283140,298.12158203125,303.1499938964844,285.1499938964844,0.0,-0.0,285.21142578125,0.0,0.0,9.326043073087932e-05,298.1217956542969,303.1499938964844,285.1499938964844,0.0,-0.0,285.21142578125,0.0,0.0,9.820773993851616e-05,298.66461181640625,303.1499938964844,285.1499938964844,0.0,-0.0,285.21142578125,0.0,0.0,7.253591320477426e-05,298.0467529296875,303.1499938964844,285.1499938964844,0.0,-0.0,285.21142578125,0.0,0.0,9.820772538660094e-05,298.2901611328125,303.1499938964844,285.1499938964844,0.0,-0.0,285.2113037109375,0.0,0.0,0.0004658550606109,285.2343139648437,294.1499938964844,287.0458984375,282.46124267578125,287.1015014648437,286.94586181640625,285.3692626953125,0.0,0.0,0.0,0.0,1.0,1.0,-0.0009936853311955,5.12571496358305e-09,0.0009936802089214,-0.0124809555709362,0.0,0.0,0.0,-0.0073538511060178,60.0,1.1375267505645752,-0.0,-6.732204127501974e-08,0.0,282.9992980957031,284.4533386230469,290.2752380371094,291.35028076171875,293.1499938964844,293.1499938964844,278.1499938964844,0.0,18000.0,313.1499938964844,0.0,18000.0,0.0,0.0,0.0,0.0,0.0,0.0,0.0,0.0,0.0,-0.0,-0.0,0.0,-5.2805772432836115e-21,-2.6402886216418057e-21,-2.6402886216418057e-21,0.0,0.0,-0.0,0.0,0.0,0.0,-0.0,0.0,0.0,0.0,0.0,0.0,4.0,0.0,0.0
12283200,298.12078857421875,303.1499938964844,285.1499938964844,0.0,-0.0,285.21197509765625,0.0,0.0,9.32719194679521e-05,298.12115478515625,303.1499938964844,285.1499938964844,0.0,-0.0,285.2120056152344,0.0,0.0,9.821983258007094e-05,298.663818359375,303.1499938964844,285.1499938964844,0.0,-0.0,285.21197509765625,0.0,0.0,7.254484080476686e-05,298.0472106933594,303.1499938964844,285.1499938964844,0.0,-0.0,285.21197509765625,0.0,0.0,9.821981802815571e-05,298.2899780273437,303.1499938964844,285.1499938964844,0.0,-0.0,285.2118530273437,0.0,0.0,0.0004659124242607,285.23492431640625,294.1499938964844,287.04998779296875,282.4693298339844,287.1010437011719,286.9552307128906,285.3695983886719,0.0,0.0,0.0,0.0,1.0,1.0,-0.0009938075672835,5.140017300675481e-09,0.0009938024450093,-0.0125184254720807,0.0,0.0,0.0,-0.0073609417304396,60.0,1.1406912803649902,-0.0,-6.733861823704501e-08,0.0,282.9992980957031,284.4533386230469,290.2752380371094,291.35028076171875,293.1499938964844,293.1499938964844,278.1499938964844,0.0,18000.0,313.1499938964844,0.0,18000.0,0.0,0.0,0.0,0.0,0.0,0.0,0.0,0.0,0.0,-0.0,-0.0,0.0,-5.2805772432836115e-21,-2.6402886216418057e-21,-2.6402886216418057e-21,0.0,0.0,-0.0,0.0,0.0,0.0,-0.0,0.0,0.0,0.0,0.0,0.0,4.0,0.0,0.0
12283260,298.1191711425781,303.1499938964844,285.1499938964844,0.0,-0.0,285.213134765625,0.0,0.0,9.32865877985023e-05,298.11981201171875,303.1499938964844,285.1499938964844,0.0,-0.0,285.2131652832031,0.0,0.0,9.823528671404348e-05,298.662109375,303.1499938964844,285.1499938964844,0.0,-0.0,285.213134765625,0.0,0.0,7.255625678226352e-05,298.0478515625,303.1499938964844,285.1499938964844,0.0,-0.0,285.213134765625,0.0,0.0,9.823527216212824e-05,298.28961181640625,303.1499938964844,285.1499938964844,0.0,-0.0,285.2130126953125,0.0,0.0,0.0004659857368096,285.2361755371094,294.1499938964844,287.0540466308594,282.4848327636719,287.1002197265625,286.9730224609375,285.3702392578125,0.0,0.0,0.0,0.0,1.0,1.0,-0.0009939639130607,5.1582906834823924e-09,0.0009939587907865,-0.0125662991777062,0.0,0.0,0.0,-0.0073700007051229,60.0,1.1452884674072266,-0.0,-6.735979951599802e-08,0.0,282.9992980957031,284.4533386230469,290.2752380371094,291.35028076171875,293.1499938964844,293.1499938964844,278.1499938964844,0.0,18000.0,313.1499938964844,0.0,18000.0,0.0,0.0,0.0,0.0,0.0,0.0,0.0,0.0,0.0,-0.0,-0.0,0.0,-5.2805772432836115e-21,-2.6402886216418057e-21,-2.6402886216418057e-21,0.0,0.0,-0.0,0.0,0.0,0.0,-0.0,0.0,0.0,0.0,0.0,0.0,4.0,0.0,0.0
12283320,298.1191711425781,303.1499938964844,285.1499938964844,0.0,-0.0,285.213134765625,0.0,0.0,9.32865877985023e-05,298.11981201171875,303.1499938964844,285.1499938964844,0.0,-0.0,285.2131652832031,0.0,0.0,9.823528671404348e-05,298.662109375,303.1499938964844,285.1499938964844,0.0,-0.0,285.213134765625,0.0,0.0,7.255625678226352e-05,298.0478515625,303.1499938964844,285.1499938964844,0.0,-0.0,285.213134765625,0.0,0.0,9.823527216212824e-05,298.28961181640625,303.1499938964844,285.1499938964844,0.0,-0.0,285.2130126953125,0.0,0.0,0.0004659857368096,285.2361755371094,294.1499938964844,287.0540466308594,282.4848327636719,287.1002197265625,286.9730224609375,285.3702392578125,0.0,0.0,0.0,0.0,1.0,1.0,-0.0009939639130607,5.1582906834823924e-09,0.0009939587907865,-0.0125662991777062,0.0,0.0,0.0,-0.0073700007051229,60.0,1.1452884674072266,-0.0,-6.735979951599802e-08,0.0,282.9992980957031,284.4533386230469,290.2752380371094,291.35028076171875,293.1499938964844,293.1499938964844,278.1499938964844,0.0,18000.0,313.1499938964844,0.0,18000.0,0.0,0.0,0.0,0.0,0.0,0.0,0.0,0.0,0.0,-0.0,-0.0,0.0,-5.2805772432836115e-21,-2.6402886216418057e-21,-2.6402886216418057e-21,0.0,0.0,-0.0,0.0,0.0,0.0,-0.0,0.0,0.0,0.0,0.0,0.0,4.0,0.0,0.0
12283380,298.1176452636719,303.1499938964844,285.1499938964844,0.0,-0.0,285.2142944335937,0.0,0.0,9.328663145424798e-05,298.1185607910156,303.1499938964844,285.1499938964844,0.0,-0.0,285.2143249511719,0.0,0.0,9.823533036978915e-05,298.660400390625,303.1499938964844,285.1499938964844,0.0,-0.0,285.2142944335937,0.0,0.0,7.255628588609397e-05,298.0478820800781,303.1499938964844,285.1499938964844,0.0,-0.0,285.2142944335937,0.0,0.0,9.823531581787392e-05,298.2892150878906,303.1499938964844,285.1499938964844,0.0,-0.0,285.2142028808594,0.0,0.0,0.0004659859405364,285.2374267578125,294.1499938964844,287.05078125,282.4962158203125,287.099365234375,286.9877624511719,285.3709411621094,0.0,0.0,0.0,0.0,1.0,1.0,-0.000993964378722,5.158334204224957e-09,0.0009939591400325,-0.0125664127990603,0.0,0.0,0.0,-0.0073700225912034,60.0,1.1456105709075928,-0.0,-6.735984925398952e-08,0.0,282.9992980957031,284.4533386230469,290.2752380371094,291.35028076171875,293.1499938964844,293.1499938964844,278.1499938964844,0.0,18000.0,313.1499938964844,0.0,18000.0,0.0,0.0,0.0,0.0,0.0,0.0,0.0,0.0,0.0,-0.0,-0.0,0.0,-5.2805772432836115e-21,-2.6402886216418057e-21,-2.6402886216418057e-21,0.0,0.0,-0.0,0.0,0.0,0.0,-0.0,0.0,0.0,0.0,0.0,0.0,4.0,0.0,0.0
12283440,298.1176452636719,303.1499938964844,285.1499938964844,0.0,-0.0,285.2142944335937,0.0,0.0,9.328663145424798e-05,298.1185607910156,303.1499938964844,285.1499938964844,0.0,-0.0,285.2143249511719,0.0,0.0,9.823533036978915e-05,298.660400390625,303.1499938964844,285.1499938964844,0.0,-0.0,285.2142944335937,0.0,0.0,7.255628588609397e-05,298.0478820800781,303.1499938964844,285.1499938964844,0.0,-0.0,285.2142944335937,0.0,0.0,9.823531581787392e-05,298.2892150878906,303.1499938964844,285.1499938964844,0.0,-0.0,285.2142028808594,0.0,0.0,0.0004659859405364,285.2374267578125,294.1499938964844,287.05078125,282.4962158203125,287.099365234375,286.9877624511719,285.3709411621094,0.0,0.0,0.0,0.0,1.0,1.0,-0.000993964378722,5.158334204224957e-09,0.0009939591400325,-0.0125664127990603,0.0,0.0,0.0,-0.0073700225912034,60.0,1.1456105709075928,-0.0,-6.735984925398952e-08,0.0,282.9992980957031,284.4533386230469,290.2752380371094,291.35028076171875,293.1499938964844,293.1499938964844,278.1499938964844,0.0,18000.0,313.1499938964844,0.0,18000.0,0.0,0.0,0.0,0.0,0.0,0.0,0.0,0.0,0.0,-0.0,-0.0,0.0,-5.2805772432836115e-21,-2.6402886216418057e-21,-2.6402886216418057e-21,0.0,0.0,-0.0,0.0,0.0,0.0,-0.0,0.0,0.0,0.0,0.0,0.0,4.0,0.0,0.0
12283500,298.11688232421875,303.1499938964844,285.1499938964844,0.0,-0.0,285.2148742675781,0.0,0.0,9.32814145926386e-05,298.117919921875,303.1499938964844,285.1499938964844,0.0,-0.0,285.21490478515625,0.0,0.0,9.822983702179044e-05,298.6595153808594,303.1499938964844,285.1499938964844,0.0,-0.0,285.21490478515625,0.0,0.0,7.255222590174526e-05,298.047607421875,303.1499938964844,285.1499938964844,0.0,-0.0,285.21490478515625,0.0,0.0,9.822982246987522e-05,298.2890014648437,303.1499938964844,285.1499938964844,0.0,-0.0,285.2147827148437,0.0,0.0,0.0004659598635043,285.2380676269531,294.1499938964844,287.04656982421875,282.5004577636719,287.0989074707031,286.99346923828125,285.37127685546875,0.0,0.0,0.0,0.0,1.0,1.0,-0.0009939087321981,5.1518282973006535e-09,0.000993903609924,-0.0125493686646223,0.0,0.0,0.0,-0.0073667978867888,60.0,1.1436890363693235,-0.0,-6.735231039556312e-08,0.0,282.9992980957031,284.4533386230469,290.2752380371094,291.35028076171875,293.1499938964844,293.1499938964844,278.1499938964844,0.0,18000.0,313.1499938964844,0.0,18000.0,0.0,0.0,0.0,0.0,0.0,0.0,0.0,0.0,0.0,-0.0,-0.0,0.0,-5.2805772432836115e-21,-2.6402886216418057e-21,-2.6402886216418057e-21,0.0,0.0,-0.0,0.0,0.0,0.0,-0.0,0.0,0.0,0.0,0.0,0.0,4.0,0.0,0.0
12283560,298.1161499023437,303.1499938964844,285.1499938964844,0.0,-0.0,285.2154846191406,0.0,0.0,9.327263251179828e-05,298.1173400878906,303.1499938964844,285.1499938964844,0.0,-0.0,285.2154846191406,0.0,0.0,9.822058927966282e-05,298.6586303710937,303.1499938964844,285.1499938964844,0.0,-0.0,285.2154846191406,0.0,0.0,7.254540105350316e-05,298.0470886230469,303.1499938964844,285.1499938964844,0.0,-0.0,285.2154846191406,0.0,0.0,9.82205747277476e-05,298.2887268066406,303.1499938964844,285.1499938964844,0.0,-0.0,285.2153625488281,0.0,0.0,0.0004659160040318,285.2386779785156,294.1499938964844,287.04071044921875,282.5037536621094,287.0984191894531,286.9980773925781,285.3716125488281,0.0,0.0,0.0,0.0,1.0,1.0,-0.0009938152506947,5.140885495080738e-09,0.0009938100120052,-0.0125206997618079,0.0,0.0,0.0,-0.0073613729327917,60.0,1.1406118869781494,-0.0,-6.733962720772979e-08,0.0,282.9992980957031,284.4533386230469,290.2752380371094,291.35028076171875,293.1499938964844,293.1499938964844,278.1499938964844,0.0,18000.0,313.1499938964844,0.0,18000.0,0.0,0.0,0.0,0.0,0.0,0.0,0.0,0.0,0.0,-0.0,-0.0,0.0,-5.2805772432836115e-21,-2.6402886216418057e-21,-2.6402886216418057e-21,0.0,0.0,-0.0,0.0,0.0,0.0,-0.0,0.0,0.0,0.0,0.0,0.0,4.0,0.0,0.0
12283620,298.1145935058594,303.1499938964844,285.1499938964844,0.0,-0.0,285.21661376953125,0.0,0.0,9.324504935648292e-05,298.1161499023437,303.1499938964844,285.1499938964844,0.0,-0.0,285.2166442871094,0.0,0.0,9.819153638090938e-05,298.65679931640625,303.1499938964844,285.1499938964844,0.0,-0.0,285.2166442871094,0.0,0.0,7.252394425449893e-05,298.04547119140625,303.1499938964844,285.1499938964844,0.0,-0.0,285.2166442871094,0.0,0.0,9.819152182899415e-05,298.2881774902344,303.1499938964844,285.1499938964844,0.0,-0.0,285.2165222167969,0.0,0.0,0.0004657781973946,285.23992919921875,294.1499938964844,287.0242919921875,282.5076904296875,287.09722900390625,287.004150390625,285.372314453125,0.0,0.0,0.0,0.0,1.0,1.0,-0.0009935211855918,5.1065058848109865e-09,0.0009935160633176,-0.0124306296929717,0.0,0.0,0.0,-0.0073443292640149,60.0,1.131281852722168,-0.0,-6.729978707653572e-08,0.0,282.9992980957031,284.4533386230469,290.2752380371094,291.35028076171875,293.1499938964844,293.1499938964844,278.1499938964844,0.0,18000.0,313.1499938964844,0.0,18000.0,0.0,0.0,0.0,0.0,0.0,0.0,0.0,0.0,0.0,-0.0,-0.0,0.0,-5.2805772432836115e-21,-2.6402886216418057e-21,-2.6402886216418057e-21,0.0,0.0,-0.0,0.0,0.0,0.0,-0.0,0.0,0.0,0.0,0.0,0.0,4.0,0.0,0.0
12283680,298.1145935058594,303.1499938964844,285.1499938964844,0.0,-0.0,285.21661376953125,0.0,0.0,9.324504935648292e-05,298.1161499023437,303.1499938964844,285.1499938964844,0.0,-0.0,285.2166442871094,0.0,0.0,9.819153638090938e-05,298.65679931640625,303.1499938964844,285.1499938964844,0.0,-0.0,285.2166442871094,0.0,0.0,7.252394425449893e-05,298.04547119140625,303.1499938964844,285.1499938964844,0.0,-0.0,285.2166442871094,0.0,0.0,9.819152182899415e-05,298.2881774902344,303.1499938964844,285.1499938964844,0.0,-0.0,285.2165222167969,0.0,0.0,0.0004657781973946,285.23992919921875,294.1499938964844,287.0242919921875,282.5076904296875,287.09722900390625,287.004150390625,285.372314453125,0.0,0.0,0.0,0.0,1.0,1.0,-0.0009935211855918,5.1065058848109865e-09,0.0009935160633176,-0.0124306296929717,0.0,0.0,0.0,-0.0073443292640149,60.0,1.131281852722168,-0.0,-6.729978707653572e-08,0.0,282.9992980957031,284.4533386230469,290.2752380371094,291.35028076171875,293.1499938964844,293.1499938964844,278.1499938964844,0.0,18000.0,313.1499938964844,0.0,18000.0,0.0,0.0,0.0,0.0,0.0,0.0,0.0,0.0,0.0,-0.0,-0.0,0.0,-5.2805772432836115e-21,-2.6402886216418057e-21,-2.6402886216418057e-21,0.0,0.0,-0.0,0.0,0.0,0.0,-0.0,0.0,0.0,0.0,0.0,0.0,4.0,0.0,0.0
12283740,298.11297607421875,303.1499938964844,285.1499938964844,0.0,-0.0,285.2177734375,0.0,0.0,9.320329991169274e-05,298.1150207519531,303.1499938964844,285.1499938964844,0.0,-0.0,285.2178039550781,0.0,0.0,9.814757504500447e-05,298.6549072265625,303.1499938964844,285.1499938964844,0.0,-0.0,285.2177734375,0.0,0.0,7.249147165566683e-05,298.0429077148437,303.1499938964844,285.1499938964844,0.0,-0.0,285.2177734375,0.0,0.0,9.814756049308926e-05,298.2875366210937,303.1499938964844,285.1499938964844,0.0,-0.0,285.2176818847656,0.0,0.0,0.0004655696684494,285.2411499023437,294.1499938964844,287.00201416015625,282.5083312988281,287.095703125,287.0050964355469,285.3730163574219,0.0,0.0,0.0,0.0,1.0,1.0,-0.0009930763626471,5.0544843865907305e-09,0.0009930712403729,-0.0122943399474024,0.0,0.0,0.0,-0.0073185404762625,60.0,1.1173055171966553,-0.0,-6.723952594711592e-08,0.0,282.9992980957031,284.4533386230469,290.2752380371094,291.35028076171875,293.1499938964844,293.1499938964844,278.1499938964844,0.0,18000.0,313.1499938964844,0.0,18000.0,0.0,0.0,0.0,0.0,0.0,0.0,0.0,0.0,0.0,-0.0,-0.0,0.0,-5.2805772432836115e-21,-2.6402886216418057e-21,-2.6402886216418057e-21,0.0,0.0,-0.0,0.0,0.0,0.0,-0.0,0.0,0.0,0.0,0.0,0.0,4.0,0.0,0.0
12283800,298.11297607421875,303.1499938964844,285.1499938964844,0.0,-0.0,285.2177734375,0.0,0.0,9.320329991169274e-05,298.1150207519531,303.1499938964844,285.1499938964844,0.0,-0.0,285.2178039550781,0.0,0.0,9.814757504500447e-05,298.6549072265625,303.1499938964844,285.1499938964844,0.0,-0.0,285.2177734375,0.0,0.0,7.249147165566683e-05,298.0429077148437,303.1499938964844,285.1499938964844,0.0,-0.0,285.2177734375,0.0,0.0,9.814756049308926e-05,298.2875366210937,303.1499938964844,285.1499938964844,0.0,-0.0,285.2176818847656,0.0,0.0,0.0004655696684494,285.2411499023437,294.1499938964844,287.00201416015625,282.5083312988281,287.095703125,287.0050964355469,285.3730163574219,0.0,0.0,0.0,0.0,1.0,1.0,-0.0009930763626471,5.0544843865907305e-09,0.0009930712403729,-0.0122943399474024,0.0,0.0,0.0,-0.0073185404762625,60.0,1.1173055171966553,-0.0,-6.723952594711592e-08,0.0,282.9992980957031,284.4533386230469,290.2752380371094,291.35028076171875,293.1499938964844,293.1499938964844,278.1499938964844,0.0,18000.0,313.1499938964844,0.0,18000.0,0.0,0.0,0.0,0.0,0.0,0.0,0.0,0.0,0.0,-0.0,-0.0,0.0,-5.2805772432836115e-21,-2.6402886216418057e-21,-2.6402886216418057e-21,0.0,0.0,-0.0,0.0,0.0,0.0,-0.0,0.0,0.0,0.0,0.0,0.0,4.0,0.0,0.0
12283860,298.111328125,303.1499938964844,285.1499938964844,0.0,-0.0,285.21893310546875,0.0,0.0,9.314870840171352e-05,298.1138916015625,303.1499938964844,285.1499938964844,0.0,-0.0,285.2189636230469,0.0,0.0,9.809008770389482e-05,298.6529235839844,303.1499938964844,285.1499938964844,0.0,-0.0,285.21893310546875,0.0,0.0,7.244901644298807e-05,298.0395812988281,303.1499938964844,285.1499938964844,0.0,-0.0,285.21893310546875,0.0,0.0,9.80900804279372e-05,298.2867431640625,303.1499938964844,285.1499938964844,0.0,-0.0,285.21881103515625,0.0,0.0,0.0004652969946619,285.2424011230469,294.1499938964844,286.974365234375,282.50592041015625,287.0937805175781,287.0018310546875,285.37371826171875,0.0,0.0,0.0,0.0,1.0,1.0,-0.0009924947516992,4.9864659068532555e-09,0.0009924897458404,-0.0121161397546529,0.0,0.0,0.0,-0.007284821011126,60.0,1.0997600555419922,-0.0,-6.716077649571163e-08,0.0,282.9992980957031,284.4533386230469,290.2752380371094,291.35028076171875,293.1499938964844,293.1499938964844,278.1499938964844,0.0,18000.0,313.1499938964844,0.0,18000.0,0.0,0.0,0.0,0.0,0.0,0.0,0.0,0.0,0.0,-0.0,-0.0,0.0,-5.2805772432836115e-21,-2.6402886216418057e-21,-2.6402886216418057e-21,0.0,0.0,-0.0,0.0,0.0,0.0,-0.0,0.0,0.0,0.0,0.0,0.0,4.0,0.0,0.0
12283920,298.111328125,303.1499938964844,285.1499938964844,0.0,-0.0,285.21893310546875,0.0,0.0,9.314870840171352e-05,298.1138916015625,303.1499938964844,285.1499938964844,0.0,-0.0,285.2189636230469,0.0,0.0,9.809008770389482e-05,298.6529235839844,303.1499938964844,285.1499938964844,0.0,-0.0,285.21893310546875,0.0,0.0,7.244901644298807e-05,298.0395812988281,303.1499938964844,285.1499938964844,0.0,-0.0,285.21893310546875,0.0,0.0,9.80900804279372e-05,298.2867431640625,303.1499938964844,285.1499938964844,0.0,-0.0,285.21881103515625,0.0,0.0,0.0004652969946619,285.2424011230469,294.1499938964844,286.974365234375,282.50592041015625,287.0937805175781,287.0018310546875,285.37371826171875,0.0,0.0,0.0,0.0,1.0,1.0,-0.0009924947516992,4.9864659068532555e-09,0.0009924897458404,-0.0121161397546529,0.0,0.0,0.0,-0.007284821011126,60.0,1.0997600555419922,-0.0,-6.716077649571163e-08,0.0,282.9992980957031,284.4533386230469,290.2752380371094,291.35028076171875,293.1499938964844,293.1499938964844,278.1499938964844,0.0,18000.0,313.1499938964844,0.0,18000.0,0.0,0.0,0.0,0.0,0.0,0.0,0.0,0.0,0.0,-0.0,-0.0,0.0,-5.2805772432836115e-21,-2.6402886216418057e-21,-2.6402886216418057e-21,0.0,0.0,-0.0,0.0,0.0,0.0,-0.0,0.0,0.0,0.0,0.0,0.0,4.0,0.0,0.0
12283980,298.109619140625,303.1499938964844,285.1499938964844,0.0,-0.0,285.2200927734375,0.0,0.0,9.30817477637902e-05,298.1127624511719,303.1499938964844,285.1499938964844,0.0,-0.0,285.2201232910156,0.0,0.0,9.801957639865576e-05,298.6508178710937,303.1499938964844,285.1499938964844,0.0,-0.0,285.2200927734375,0.0,0.0,7.239693513838574e-05,298.0353698730469,303.1499938964844,285.1499938964844,0.0,-0.0,285.2200927734375,0.0,0.0,9.801956912269816e-05,298.28582763671875,303.1499938964844,285.1499938964844,0.0,-0.0,285.219970703125,0.0,0.0,0.0004649625043384,285.2436218261719,294.1499938964844,286.9418334960937,282.5007629394531,287.0913391113281,286.9935607910156,285.3744201660156,0.0,0.0,0.0,0.0,1.0,1.0,-0.0009917812421917,4.9030344229095135e-09,0.0009917763527482,-0.0118975564837455,0.0,0.0,0.0,-0.007243460509926,60.0,1.0782439708709717,-0.0,-6.70642492650586e-08,0.0,282.9992980957031,284.4533386230469,290.2752380371094,291.35028076171875,293.1499938964844,293.1499938964844,278.1499938964844,0.0,18000.0,313.1499938964844,0.0,18000.0,0.0,0.0,0.0,0.0,0.0,0.0,0.0,0.0,0.0,-0.0,-0.0,0.0,-5.2805772432836115e-21,-2.6402886216418057e-21,-2.6402886216418057e-21,0.0,0.0,-0.0,0.0,0.0,0.0,-0.0,0.0,0.0,0.0,0.0,0.0,4.0,0.0,0.0
12284040,298.109619140625,303.1499938964844,285.1499938964844,0.0,-0.0,285.2200927734375,0.0,0.0,9.30817477637902e-05,298.1127624511719,303.1499938964844,285.1499938964844,0.0,-0.0,285.2201232910156,0.0,0.0,9.801957639865576e-05,298.6508178710937,303.1499938964844,285.1499938964844,0.0,-0.0,285.2200927734375,0.0,0.0,7.239693513838574e-05,298.0353698730469,303.1499938964844,285.1499938964844,0.0,-0.0,285.2200927734375,0.0,0.0,9.801956912269816e-05,298.28582763671875,303.1499938964844,285.1499938964844,0.0,-0.0,285.219970703125,0.0,0.0,0.0004649625043384,285.2436218261719,294.1499938964844,286.9418334960937,282.5007629394531,287.0913391113281,286.9935607910156,285.3744201660156,0.0,0.0,0.0,0.0,1.0,1.0,-0.0009917812421917,4.9030344229095135e-09,0.0009917763527482,-0.0118975564837455,0.0,0.0,0.0,-0.007243460509926,60.0,1.0782439708709717,-0.0,-6.70642492650586e-08,0.0,282.9992980957031,284.4533386230469,290.2752380371094,291.35028076171875,293.1499938964844,293.1499938964844,278.1499938964844,0.0,18000.0,313.1499938964844,0.0,18000.0,0.0,0.0,0.0,0.0,0.0,0.0,0.0,0.0,0.0,-0.0,-0.0,0.0,-5.2805772432836115e-21,-2.6402886216418057e-21,-2.6402886216418057e-21,0.0,0.0,-0.0,0.0,0.0,0.0,-0.0,0.0,0.0,0.0,0.0,0.0,4.0,0.0,0.0
12284100,298.1087951660156,303.1499938964844,285.1499938964844,0.0,-0.0,285.2206726074219,0.0,0.0,9.304402919951826e-05,298.1121826171875,303.1499938964844,285.1499938964844,0.0,-0.0,285.2206726074219,0.0,0.0,9.797985694603994e-05,298.6497497558594,303.1499938964844,285.1499938964844,0.0,-0.0,285.2206726074219,0.0,0.0,7.236759847728536e-05,298.0329284667969,303.1499938964844,285.1499938964844,0.0,-0.0,285.2206726074219,0.0,0.0,9.797984239412472e-05,298.2853088378906,303.1499938964844,285.1499938964844,0.0,-0.0,285.2205505371094,0.0,0.0,0.0004647741152439,285.2442321777344,294.1499938964844,286.92388916015625,282.4971923828125,287.08990478515625,286.98760986328125,285.3747863769531,0.0,0.0,0.0,0.0,1.0,1.0,-0.0009913792600855,4.856037794098711e-09,0.000991374370642,-0.0117744281888008,0.0,0.0,0.0,-0.0072201620787382,60.0,1.0661728382110596,-0.0,-6.700989985120033e-08,0.0,282.9992980957031,284.4533386230469,290.2752380371094,291.35028076171875,293.1499938964844,293.1499938964844,278.1499938964844,0.0,18000.0,313.1499938964844,0.0,18000.0,0.0,0.0,0.0,0.0,0.0,0.0,0.0,0.0,0.0,-0.0,-0.0,0.0,-5.2805772432836115e-21,-2.6402886216418057e-21,-2.6402886216418057e-21,0.0,0.0,-0.0,0.0,0.0,0.0,-0.0,0.0,0.0,0.0,0.0,0.0,4.0,0.0,0.0
12284160,298.10797119140625,303.1499938964844,285.1499938964844,0.0,-0.0,285.2212219238281,0.0,0.0,9.300456440541892e-05,298.1116027832031,303.1499938964844,285.1499938964844,0.0,-0.0,285.22125244140625,0.0,0.0,9.793829667614772e-05,298.64862060546875,303.1499938964844,285.1499938964844,0.0,-0.0,285.2212219238281,0.0,0.0,7.233690121211112e-05,298.0303039550781,303.1499938964844,285.1499938964844,0.0,-0.0,285.2212219238281,0.0,0.0,9.79382821242325e-05,298.2847595214844,303.1499938964844,285.1499938964844,0.0,-0.0,285.2211303710937,0.0,0.0,0.0004645769367925,285.2448425292969,294.1499938964844,286.9048767089844,282.4930725097656,287.0883178710937,286.98065185546875,285.3751525878906,0.0,0.0,0.0,0.0,1.0,1.0,-0.000990958767943,4.806860243178335e-09,0.0009909539949148,-0.0116455862298607,0.0,0.0,0.0,-0.0071957828477025,60.0,1.0534420013427734,-0.0,-6.695305643233952e-08,0.0,282.9992980957031,284.4533386230469,290.2752380371094,291.35028076171875,293.1499938964844,293.1499938964844,278.1499938964844,0.0,18000.0,313.1499938964844,0.0,18000.0,0.0,0.0,0.0,0.0,0.0,0.0,0.0,0.0,0.0,-0.0,-0.0,0.0,-5.2805772432836115e-21,-2.6402886216418057e-21,-2.6402886216418057e-21,0.0,0.0,-0.0,0.0,0.0,0.0,-0.0,0.0,0.0,0.0,0.0,0.0,4.0,0.0,0.0
12284220,298.1063842773437,303.1499938964844,285.1499938964844,0.0,-0.0,285.2223815917969,0.0,0.0,9.292078902944922e-05,298.1104431152344,303.1499938964844,285.1499938964844,0.0,-0.0,285.2223815917969,0.0,0.0,9.785008296603336e-05,298.64630126953125,303.1499938964844,285.1499938964844,0.0,-0.0,285.2223815917969,0.0,0.0,7.22717450116761e-05,298.0245361328125,303.1499938964844,285.1499938964844,0.0,-0.0,285.2223815917969,0.0,0.0,9.785006841411814e-05,298.28350830078125,303.1499938964844,285.1499938964844,0.0,-0.0,285.2222595214844,0.0,0.0,0.0004641585110221,285.2460327148437,294.1499938964844,286.8639831542969,282.483154296875,287.0846252441406,286.96356201171875,285.3758850097656,0.0,0.0,0.0,0.0,1.0,1.0,-0.0009900660952553,4.702484179830435e-09,0.0009900614386424,-0.0113721266388893,0.0,0.0,0.0,-0.0071440390311181,60.0,1.0257624387741089,-0.0,-6.683249154093573e-08,0.0,282.9992980957031,284.4533386230469,290.2752380371094,291.35028076171875,293.1499938964844,293.1499938964844,278.1499938964844,0.0,18000.0,313.1499938964844,0.0,18000.0,0.0,0.0,0.0,0.0,0.0,0.0,0.0,0.0,0.0,-0.0,-0.0,0.0,-5.2805772432836115e-21,-2.6402886216418057e-21,-2.6402886216418057e-21,0.0,0.0,-0.0,0.0,0.0,0.0,-0.0,0.0,0.0,0.0,0.0,0.0,4.0,0.0,0.0
12284280,298.1063842773437,303.1499938964844,285.1499938964844,0.0,-0.0,285.2223815917969,0.0,0.0,9.292078902944922e-05,298.1104431152344,303.1499938964844,285.1499938964844,0.0,-0.0,285.2223815917969,0.0,0.0,9.785008296603336e-05,298.64630126953125,303.1499938964844,285.1499938964844,0.0,-0.0,285.2223815917969,0.0,0.0,7.22717450116761e-05,298.0245361328125,303.1499938964844,285.1499938964844,0.0,-0.0,285.2223815917969,0.0,0.0,9.785006841411814e-05,298.28350830078125,303.1499938964844,285.1499938964844,0.0,-0.0,285.2222595214844,0.0,0.0,0.0004641585110221,285.2460327148437,294.1499938964844,286.8639831542969,282.483154296875,287.0846252441406,286.96356201171875,285.3758850097656,0.0,0.0,0.0,0.0,1.0,1.0,-0.0009900660952553,4.702484179830435e-09,0.0009900614386424,-0.0113721266388893,0.0,0.0,0.0,-0.0071440390311181,60.0,1.0257624387741089,-0.0,-6.683249154093573e-08,0.0,282.9992980957031,284.4533386230469,290.2752380371094,291.35028076171875,293.1499938964844,293.1499938964844,278.1499938964844,0.0,18000.0,313.1499938964844,0.0,18000.0,0.0,0.0,0.0,0.0,0.0,0.0,0.0,0.0,0.0,-0.0,-0.0,0.0,-5.2805772432836115e-21,-2.6402886216418057e-21,-2.6402886216418057e-21,0.0,0.0,-0.0,0.0,0.0,0.0,-0.0,0.0,0.0,0.0,0.0,0.0,4.0,0.0,0.0
12284340,298.1054992675781,303.1499938964844,285.1499938964844,0.0,-0.0,285.2230529785156,0.0,0.0,9.286954445997252e-05,298.10968017578125,303.1499938964844,285.1499938964844,0.0,-0.0,285.2230834960937,0.0,0.0,9.779610991245136e-05,298.64483642578125,303.1499938964844,285.1499938964844,0.0,-0.0,285.2230529785156,0.0,0.0,7.22318873158656e-05,298.020751953125,303.1499938964844,285.1499938964844,0.0,-0.0,285.2230529785156,0.0,0.0,9.779610263649374e-05,298.28271484375,303.1499938964844,285.1499938964844,0.0,-0.0,285.22296142578125,0.0,0.0,0.0004639025137294,285.24676513671875,294.1499938964844,286.8377685546875,282.47625732421875,287.08209228515625,286.95135498046875,285.3763122558594,0.0,0.0,0.0,0.0,1.0,1.0,-0.0009895199909806,4.638631256881354e-09,0.0009895153343677,-0.0112048340961337,0.0,0.0,0.0,-0.0071123843081295,60.0,1.007898449897766,-0.0,-6.675878694295534e-08,0.0,282.9992980957031,284.4533386230469,290.2752380371094,291.35028076171875,293.1499938964844,293.1499938964844,278.1499938964844,0.0,18000.0,313.1499938964844,0.0,18000.0,0.0,0.0,0.0,0.0,0.0,0.0,0.0,0.0,0.0,-0.0,-0.0,0.0,-5.2805772432836115e-21,-2.6402886216418057e-21,-2.6402886216418057e-21,0.0,0.0,-0.0,0.0,0.0,0.0,-0.0,0.0,0.0,0.0,0.0,0.0,4.0,0.0,0.0
12284400,298.1049499511719,303.1499938964844,285.1499938964844,0.0,-0.0,285.2235107421875,0.0,0.0,9.283553663408384e-05,298.1091613769531,303.1499938964844,285.1499938964844,0.0,-0.0,285.2235412597656,0.0,0.0,9.776030492503196e-05,298.6438293457031,303.1499938964844,285.1499938964844,0.0,-0.0,285.2235107421875,0.0,0.0,7.220543920993805e-05,298.0180969238281,303.1499938964844,285.1499938964844,0.0,-0.0,285.2235107421875,0.0,0.0,9.776029764907436e-05,298.2821350097656,303.1499938964844,285.1499938964844,0.0,-0.0,285.223388671875,0.0,0.0,0.000463732634671,285.24725341796875,294.1499938964844,286.81964111328125,282.4712829589844,287.08026123046875,286.94256591796875,285.3766174316406,0.0,0.0,0.0,0.0,1.0,1.0,-0.000989157706499,4.596263813994028e-09,0.0009891530498862,-0.0110938306897878,0.0,0.0,0.0,-0.0070913806557655,60.0,0.9955970644950868,-0.0,-6.67099087081624e-08,0.0,282.9992980957031,284.4533386230469,290.2752380371094,291.35028076171875,293.1499938964844,293.1499938964844,278.1499938964844,0.0,18000.0,313.1499938964844,0.0,18000.0,0.0,0.0,0.0,0.0,0.0,0.0,0.0,0.0,0.0,-0.0,-0.0,0.0,-5.2805772432836115e-21,-2.6402886216418057e-21,-2.6402886216418057e-21,0.0,0.0,-0.0,0.0,0.0,0.0,-0.0,0.0,0.0,0.0,0.0,0.0,4.0,0.0,0.0
12284460,298.1037292480469,303.1499938964844,285.1499938964844,0.0,-0.0,285.2246398925781,0.0,0.0,9.275459888158366e-05,298.1078186035156,303.1499938964844,285.1499938964844,0.0,-0.0,285.22467041015625,0.0,0.0,9.767507435753942e-05,298.6412658691406,303.1499938964844,285.1499938964844,0.0,-0.0,285.2246398925781,0.0,0.0,7.214248762466013e-05,298.0111694335937,303.1499938964844,285.1499938964844,0.0,-0.0,285.2246398925781,0.0,0.0,9.76750598056242e-05,298.2806396484375,303.1499938964844,285.1499938964844,0.0,-0.0,285.2245483398437,0.0,0.0,0.0004633283533621,285.2484436035156,294.1499938964844,286.7723388671875,282.4577331542969,287.0752258300781,286.9183349609375,285.3773498535156,0.0,0.0,0.0,0.0,1.0,1.0,-0.0009882951853796,4.4954182598644365e-09,0.0009882907615974,-0.010829615406692,0.0,0.0,0.0,-0.0070413872599601,60.0,0.9634193181991576,-0.0,-6.659362838945526e-08,0.0,282.9992980957031,284.4533386230469,290.2752380371094,291.35028076171875,293.1499938964844,293.1499938964844,278.1499938964844,0.0,18000.0,313.1499938964844,0.0,18000.0,0.0,0.0,0.0,0.0,0.0,0.0,0.0,0.0,0.0,-0.0,-0.0,0.0,-5.2805772432836115e-21,-2.6402886216418057e-21,-2.6402886216418057e-21,0.0,0.0,-0.0,0.0,0.0,0.0,-0.0,0.0,0.0,0.0,0.0,0.0,4.0,0.0,0.0
12284520,298.1037292480469,303.1499938964844,285.1499938964844,0.0,-0.0,285.2246398925781,0.0,0.0,9.275459888158366e-05,298.1078186035156,303.1499938964844,285.1499938964844,0.0,-0.0,285.22467041015625,0.0,0.0,9.767507435753942e-05,298.6412658691406,303.1499938964844,285.1499938964844,0.0,-0.0,285.2246398925781,0.0,0.0,7.214248762466013e-05,298.0111694335937,303.1499938964844,285.1499938964844,0.0,-0.0,285.2246398925781,0.0,0.0,9.76750598056242e-05,298.2806396484375,303.1499938964844,285.1499938964844,0.0,-0.0,285.2245483398437,0.0,0.0,0.0004633283533621,285.2484436035156,294.1499938964844,286.7723388671875,282.4577331542969,287.0752258300781,286.9183349609375,285.3773498535156,0.0,0.0,0.0,0.0,1.0,1.0,-0.0009882951853796,4.4954182598644365e-09,0.0009882907615974,-0.010829615406692,0.0,0.0,0.0,-0.0070413872599601,60.0,0.9634193181991576,-0.0,-6.659362838945526e-08,0.0,282.9992980957031,284.4533386230469,290.2752380371094,291.35028076171875,293.1499938964844,293.1499938964844,278.1499938964844,0.0,18000.0,313.1499938964844,0.0,18000.0,0.0,0.0,0.0,0.0,0.0,0.0,0.0,0.0,0.0,-0.0,-0.0,0.0,-5.2805772432836115e-21,-2.6402886216418057e-21,-2.6402886216418057e-21,0.0,0.0,-0.0,0.0,0.0,0.0,-0.0,0.0,0.0,0.0,0.0,0.0,4.0,0.0,0.0
12284580,298.102783203125,303.1499938964844,285.1499938964844,0.0,-0.0,285.22576904296875,0.0,0.0,9.268533176509663e-05,298.1063537597656,303.1499938964844,285.1499938964844,0.0,-0.0,285.2257995605469,0.0,0.0,9.76021256064996e-05,298.6385803222656,303.1499938964844,285.1499938964844,0.0,-0.0,285.22576904296875,0.0,0.0,7.20886091585271e-05,298.0036926269531,303.1499938964844,285.1499938964844,0.0,-0.0,285.22576904296875,0.0,0.0,9.7602118330542e-05,298.2789611816406,303.1499938964844,285.1499938964844,0.0,-0.0,285.2256774902344,0.0,0.0,0.0004629823379218,285.2496337890625,294.1499938964844,286.7225646972656,282.4427795410156,287.06939697265625,286.89068603515625,285.3780822753906,0.0,0.0,0.0,0.0,1.0,1.0,-0.0009875569958239,4.4091077455732375e-09,0.0009875525720417,-0.0106034809723496,0.0,0.0,0.0,-0.0069985990412533,60.0,0.9293754696846008,-0.0,-6.649418793358566e-08,0.0,282.9992980957031,284.4533386230469,290.2752380371094,291.35028076171875,293.1499938964844,293.1499938964844,278.1499938964844,0.0,18000.0,313.1499938964844,0.0,18000.0,0.0,0.0,0.0,0.0,0.0,0.0,0.0,0.0,0.0,-0.0,-0.0,0.0,-5.2805772432836115e-21,-2.6402886216418057e-21,-2.6402886216418057e-21,0.0,0.0,-0.0,0.0,0.0,0.0,-0.0,0.0,0.0,0.0,0.0,0.0,4.0,0.0,0.0
12284640,298.102783203125,303.1499938964844,285.1499938964844,0.0,-0.0,285.22576904296875,0.0,0.0,9.268533176509663e-05,298.1063537597656,303.1499938964844,285.1499938964844,0.0,-0.0,285.2257995605469,0.0,0.0,9.76021256064996e-05,298.6385803222656,303.1499938964844,285.1499938964844,0.0,-0.0,285.22576904296875,0.0,0.0,7.20886091585271e-05,298.0036926269531,303.1499938964844,285.1499938964844,0.0,-0.0,285.22576904296875,0.0,0.0,9.7602118330542e-05,298.2789611816406,303.1499938964844,285.1499938964844,0.0,-0.0,285.2256774902344,0.0,0.0,0.0004629823379218,285.2496337890625,294.1499938964844,286.7225646972656,282.4427795410156,287.06939697265625,286.89068603515625,285.3780822753906,0.0,0.0,0.0,0.0,1.0,1.0,-0.0009875569958239,4.4091077455732375e-09,0.0009875525720417,-0.0106034809723496,0.0,0.0,0.0,-0.0069985990412533,60.0,0.9293754696846008,-0.0,-6.649418793358566e-08,0.0,282.9992980957031,284.4533386230469,290.2752380371094,291.35028076171875,293.1499938964844,293.1499938964844,278.1499938964844,0.0,18000.0,313.1499938964844,0.0,18000.0,0.0,0.0,0.0,0.0,0.0,0.0,0.0,0.0,0.0,-0.0,-0.0,0.0,-5.2805772432836115e-21,-2.6402886216418057e-21,-2.6402886216418057e-21,0.0,0.0,-0.0,0.0,0.0,0.0,-0.0,0.0,0.0,0.0,0.0,0.0,4.0,0.0,0.0
12284700,298.1024169921875,303.1499938964844,285.1499938964844,0.0,-0.0,285.226318359375,0.0,0.0,9.265766857424752e-05,298.1055603027344,303.1499938964844,285.1499938964844,0.0,-0.0,285.2263488769531,0.0,0.0,9.757299994817004e-05,298.63720703125,303.1499938964844,285.1499938964844,0.0,-0.0,285.2263488769531,0.0,0.0,7.206709415186197e-05,297.99981689453125,303.1499938964844,285.1499938964844,0.0,-0.0,285.2263488769531,0.0,0.0,9.75729853962548e-05,298.278076171875,303.1499938964844,285.1499938964844,0.0,-0.0,285.2262268066406,0.0,0.0,0.0004628441529348,285.250244140625,294.1499938964844,286.6968688964844,282.4348449707031,287.0661926269531,286.8756408691406,285.3784484863281,0.0,0.0,0.0,0.0,1.0,1.0,-0.0009872622322291,4.3746406497291446e-09,0.0009872578084468,-0.0105131762102246,0.0,0.0,0.0,-0.0069815120659768,60.0,0.9118035435676576,-0.0,-6.645449701636609e-08,0.0,282.9992980957031,284.4533386230469,290.2752380371094,291.35028076171875,293.1499938964844,293.1499938964844,278.1499938964844,0.0,18000.0,313.1499938964844,0.0,18000.0,0.0,0.0,0.0,0.0,0.0,0.0,0.0,0.0,0.0,-0.0,-0.0,0.0,-5.2805772432836115e-21,-2.6402886216418057e-21,-2.6402886216418057e-21,0.0,0.0,-0.0,0.0,0.0,0.0,-0.0,0.0,0.0,0.0,0.0,0.0,4.0,0.0,0.0
12284760,298.10211181640625,303.1499938964844,285.1499938964844,0.0,-0.0,285.2268981933594,0.0,0.0,9.263480751542374e-05,298.1047058105469,303.1499938964844,285.1499938964844,0.0,-0.0,285.2269287109375,0.0,0.0,9.75489238044247e-05,298.63580322265625,303.1499938964844,285.1499938964844,0.0,-0.0,285.2268981933594,0.0,0.0,7.20493117114529e-05,297.995849609375,303.1499938964844,285.1499938964844,0.0,-0.0,285.2268981933594,0.0,0.0,9.754890925250947e-05,298.2771911621094,303.1499938964844,285.1499938964844,0.0,-0.0,285.226806640625,0.0,0.0,0.0004627299495041,285.2508239746094,294.1499938964844,286.6707458496094,282.4266662597656,287.06280517578125,286.85992431640625,285.3788146972656,0.0,0.0,0.0,0.0,1.0,1.0,-0.0009870184585452,4.346152771006473e-09,0.0009870141511783,-0.0104385362938046,0.0,0.0,0.0,-0.0069673890247941,60.0,0.8939881920814514,-0.0,-6.642170546911076e-08,0.0,282.9992980957031,284.4533386230469,290.2752380371094,291.35028076171875,293.1499938964844,293.1499938964844,278.1499938964844,0.0,18000.0,313.1499938964844,0.0,18000.0,0.0,0.0,0.0,0.0,0.0,0.0,0.0,0.0,0.0,-0.0,-0.0,0.0,-5.2805772432836115e-21,-2.6402886216418057e-21,-2.6402886216418057e-21,0.0,0.0,-0.0,0.0,0.0,0.0,-0.0,0.0,0.0,0.0,0.0,0.0,4.0,0.0,0.0
12284820,298.101806640625,303.1499938964844,285.1499938964844,0.0,-0.0,285.22802734375,0.0,0.0,9.260911610908806e-05,298.10284423828125,303.1499938964844,285.1499938964844,0.0,-0.0,285.22802734375,0.0,0.0,9.752187179401516e-05,298.6329040527344,303.1499938964844,285.1499938964844,0.0,-0.0,285.22802734375,0.0,0.0,7.202933193184435e-05,297.9877319335937,303.1499938964844,285.1499938964844,0.0,-0.0,285.22802734375,0.0,0.0,9.752186451805755e-05,298.2752685546875,303.1499938964844,285.1499938964844,0.0,-0.0,285.2279052734375,0.0,0.0,0.0004626016307156,285.25201416015625,294.1499938964844,286.617431640625,282.40972900390625,287.0553894042969,286.826171875,285.3795471191406,0.0,0.0,0.0,0.0,1.0,1.0,-0.0009867447661235,4.3141437089389e-09,0.0009867404587566,-0.010354671627283,0.0,0.0,0.0,-0.0069515202194452,60.0,0.8576523661613464,-0.0,-6.63848638282616e-08,0.0,282.9992980957031,284.4533386230469,290.2752380371094,291.35028076171875,293.1499938964844,293.1499938964844,278.1499938964844,0.0,18000.0,313.1499938964844,0.0,18000.0,0.0,0.0,0.0,0.0,0.0,0.0,0.0,0.0,0.0,-0.0,-0.0,0.0,-5.2805772432836115e-21,-2.6402886216418057e-21,-2.6402886216418057e-21,0.0,0.0,-0.0,0.0,0.0,0.0,-0.0,0.0,0.0,0.0,0.0,0.0,4.0,0.0,0.0
12284880,298.101806640625,303.1499938964844,285.1499938964844,0.0,-0.0,285.22802734375,0.0,0.0,9.260911610908806e-05,298.10284423828125,303.1499938964844,285.1499938964844,0.0,-0.0,285.22802734375,0.0,0.0,9.752187179401516e-05,298.6329040527344,303.1499938964844,285.1499938964844,0.0,-0.0,285.22802734375,0.0,0.0,7.202933193184435e-05,297.9877319335937,303.1499938964844,285.1499938964844,0.0,-0.0,285.22802734375,0.0,0.0,9.752186451805755e-05,298.2752685546875,303.1499938964844,285.1499938964844,0.0,-0.0,285.2279052734375,0.0,0.0,0.0004626016307156,285.25201416015625,294.1499938964844,286.617431640625,282.40972900390625,287.0553894042969,286.826171875,285.3795471191406,0.0,0.0,0.0,0.0,1.0,1.0,-0.0009867447661235,4.3141437089389e-09,0.0009867404587566,-0.010354671627283,0.0,0.0,0.0,-0.0069515202194452,60.0,0.8576523661613464,-0.0,-6.63848638282616e-08,0.0,282.9992980957031,284.4533386230469,290.2752380371094,291.35028076171875,293.1499938964844,293.1499938964844,278.1499938964844,0.0,18000.0,313.1499938964844,0.0,18000.0,0.0,0.0,0.0,0.0,0.0,0.0,0.0,0.0,0.0,-0.0,-0.0,0.0,-5.2805772432836115e-21,-2.6402886216418057e-21,-2.6402886216418057e-21,0.0,0.0,-0.0,0.0,0.0,0.0,-0.0,0.0,0.0,0.0,0.0,0.0,4.0,0.0,0.0
12284940,298.1018981933594,303.1499938964844,285.1499938964844,0.0,-0.0,285.2291259765625,0.0,0.0,9.261313243769108e-05,298.1007385253906,303.1499938964844,285.1499938964844,0.0,-0.0,285.2291564941406,0.0,0.0,9.7526099125389e-05,298.6299133300781,303.1499938964844,285.1499938964844,0.0,-0.0,285.2291259765625,0.0,0.0,7.203245331766084e-05,297.9794311523437,303.1499938964844,285.1499938964844,0.0,-0.0,285.2291259765625,0.0,0.0,9.75260918494314e-05,298.2732849121094,303.1499938964844,285.1499938964844,0.0,-0.0,285.2290344238281,0.0,0.0,0.0004626216832548,285.253173828125,294.1499938964844,286.5630798339844,282.3922424316406,287.04718017578125,286.78936767578125,285.3802795410156,0.0,0.0,0.0,0.0,1.0,1.0,-0.0009867873741313,4.319139712549713e-09,0.0009867830667644,-0.0103677604347467,0.0,0.0,0.0,-0.0069539966061711,60.0,0.8206779956817627,-0.0,-6.639061922442124e-08,0.0,282.9992980957031,284.4533386230469,290.2752380371094,291.35028076171875,293.1499938964844,293.1499938964844,278.1499938964844,0.0,18000.0,313.1499938964844,0.0,18000.0,0.0,0.0,0.0,0.0,0.0,0.0,0.0,0.0,0.0,-0.0,-0.0,0.0,-5.2805772432836115e-21,-2.6402886216418057e-21,-2.6402886216418057e-21,0.0,0.0,-0.0,0.0,0.0,0.0,-0.0,0.0,0.0,0.0,0.0,0.0,4.0,0.0,0.0
12285000,298.1018981933594,303.1499938964844,285.1499938964844,0.0,-0.0,285.2291259765625,0.0,0.0,9.261313243769108e-05,298.1007385253906,303.1499938964844,285.1499938964844,0.0,-0.0,285.2291564941406,0.0,0.0,9.7526099125389e-05,298.6299133300781,303.1499938964844,285.1499938964844,0.0,-0.0,285.2291259765625,0.0,0.0,7.203245331766084e-05,297.9794311523437,303.1499938964844,285.1499938964844,0.0,-0.0,285.2291259765625,0.0,0.0,9.75260918494314e-05,298.2732849121094,303.1499938964844,285.1499938964844,0.0,-0.0,285.2290344238281,0.0,0.0,0.0004626216832548,285.253173828125,294.1499938964844,286.5630798339844,282.3922424316406,287.04718017578125,286.78936767578125,285.3802795410156,0.0,0.0,0.0,0.0,1.0,1.0,-0.0009867873741313,4.319139712549713e-09,0.0009867830667644,-0.0103677604347467,0.0,0.0,0.0,-0.0069539966061711,60.0,0.8206779956817627,-0.0,-6.639061922442124e-08,0.0,282.9992980957031,284.4533386230469,290.2752380371094,291.35028076171875,293.1499938964844,293.1499938964844,278.1499938964844,0.0,18000.0,313.1499938964844,0.0,18000.0,0.0,0.0,0.0,0.0,0.0,0.0,0.0,0.0,0.0,-0.0,-0.0,0.0,-5.2805772432836115e-21,-2.6402886216418057e-21,-2.6402886216418057e-21,0.0,0.0,-0.0,0.0,0.0,0.0,-0.0,0.0,0.0,0.0,0.0,0.0,4.0,0.0,0.0
12285060,298.1024475097656,303.1499938964844,285.1499938964844,0.0,-0.0,285.2302551269531,0.0,0.0,9.264925756724553e-05,298.0983581542969,303.1499938964844,285.1499938964844,0.0,-0.0,285.23028564453125,0.0,0.0,9.756413783179596e-05,298.6268615722656,303.1499938964844,285.1499938964844,0.0,-0.0,285.2302551269531,0.0,0.0,7.20605457900092e-05,297.9710388183594,303.1499938964844,285.1499938964844,0.0,-0.0,285.2302551269531,0.0,0.0,9.756413055583836e-05,298.27117919921875,303.1499938964844,285.1499938964844,0.0,-0.0,285.23016357421875,0.0,0.0,0.0004628021270036,285.2543640136719,294.1499938964844,286.5081481933594,282.3744812011719,287.0381164550781,286.7495422363281,285.3809814453125,0.0,0.0,0.0,0.0,1.0,1.0,-0.00098717212677,4.364135719470141e-09,0.0009871677029877,-0.010485652834177,0.0,0.0,0.0,-0.0069763027131557,60.0,0.7834206819534302,-0.0,-6.644240357900344e-08,0.0,282.9992980957031,284.4533386230469,290.2752380371094,291.35028076171875,293.1499938964844,293.1499938964844,278.1499938964844,0.0,18000.0,313.1499938964844,0.0,18000.0,0.0,0.0,0.0,0.0,0.0,0.0,0.0,0.0,0.0,-0.0,-0.0,0.0,-5.2805772432836115e-21,-2.6402886216418057e-21,-2.6402886216418057e-21,0.0,0.0,-0.0,0.0,0.0,0.0,-0.0,0.0,0.0,0.0,0.0,0.0,4.0,0.0,0.0
12285120,298.1024475097656,303.1499938964844,285.1499938964844,0.0,-0.0,285.2302551269531,0.0,0.0,9.264925756724553e-05,298.0983581542969,303.1499938964844,285.1499938964844,0.0,-0.0,285.23028564453125,0.0,0.0,9.756413783179596e-05,298.6268615722656,303.1499938964844,285.1499938964844,0.0,-0.0,285.2302551269531,0.0,0.0,7.20605457900092e-05,297.9710388183594,303.1499938964844,285.1499938964844,0.0,-0.0,285.2302551269531,0.0,0.0,9.756413055583836e-05,298.27117919921875,303.1499938964844,285.1499938964844,0.0,-0.0,285.23016357421875,0.0,0.0,0.0004628021270036,285.2543640136719,294.1499938964844,286.5081481933594,282.3744812011719,287.0381164550781,286.7495422363281,285.3809814453125,0.0,0.0,0.0,0.0,1.0,1.0,-0.00098717212677,4.364135719470141e-09,0.0009871677029877,-0.010485652834177,0.0,0.0,0.0,-0.0069763027131557,60.0,0.7834206819534302,-0.0,-6.644240357900344e-08,0.0,282.9992980957031,284.4533386230469,290.2752380371094,291.35028076171875,293.1499938964844,293.1499938964844,278.1499938964844,0.0,18000.0,313.1499938964844,0.0,18000.0,0.0,0.0,0.0,0.0,0.0,0.0,0.0,0.0,0.0,-0.0,-0.0,0.0,-5.2805772432836115e-21,-2.6402886216418057e-21,-2.6402886216418057e-21,0.0,0.0,-0.0,0.0,0.0,0.0,-0.0,0.0,0.0,0.0,0.0,0.0,4.0,0.0,0.0
12285180,298.1033630371094,303.1499938964844,285.1499938964844,0.0,-0.0,285.2313842773437,0.0,0.0,9.271720773540436e-05,298.0957336425781,303.1499938964844,285.1499938964844,0.0,-0.0,285.2313842773437,0.0,0.0,9.763568959897384e-05,298.62371826171875,303.1499938964844,285.1499938964844,0.0,-0.0,285.2313842773437,0.0,0.0,7.211339834611863e-05,297.9626159667969,303.1499938964844,285.1499938964844,0.0,-0.0,285.2313842773437,0.0,0.0,9.763568232301624e-05,298.2689819335937,303.1499938964844,285.1499938964844,0.0,-0.0,285.23126220703125,0.0,0.0,0.0004631415649782,285.2555236816406,294.1499938964844,286.4531555175781,282.35675048828125,287.0282897949219,286.7066955566406,285.3817138671875,0.0,0.0,0.0,0.0,1.0,1.0,-0.0009878958808258,4.4487844519380815e-09,0.0009878914570435,-0.0107074351981282,0.0,0.0,0.0,-0.0070182662457227,60.0,0.746173083782196,-0.0,-6.653989004234975e-08,0.0,282.9992980957031,284.4533386230469,290.2752380371094,291.35028076171875,293.1499938964844,293.1499938964844,278.1499938964844,0.0,18000.0,313.1499938964844,0.0,18000.0,0.0,0.0,0.0,0.0,0.0,0.0,0.0,0.0,0.0,-0.0,-0.0,0.0,-5.2805772432836115e-21,-2.6402886216418057e-21,-2.6402886216418057e-21,0.0,0.0,-0.0,0.0,0.0,0.0,-0.0,0.0,0.0,0.0,0.0,0.0,4.0,0.0,0.0
12285240,298.1033630371094,303.1499938964844,285.1499938964844,0.0,-0.0,285.2313842773437,0.0,0.0,9.271720773540436e-05,298.0957336425781,303.1499938964844,285.1499938964844,0.0,-0.0,285.2313842773437,0.0,0.0,9.763568959897384e-05,298.62371826171875,303.1499938964844,285.1499938964844,0.0,-0.0,285.2313842773437,0.0,0.0,7.211339834611863e-05,297.9626159667969,303.1499938964844,285.1499938964844,0.0,-0.0,285.2313842773437,0.0,0.0,9.763568232301624e-05,298.2689819335937,303.1499938964844,285.1499938964844,0.0,-0.0,285.23126220703125,0.0,0.0,0.0004631415649782,285.2555236816406,294.1499938964844,286.4531555175781,282.35675048828125,287.0282897949219,286.7066955566406,285.3817138671875,0.0,0.0,0.0,0.0,1.0,1.0,-0.0009878958808258,4.4487844519380815e-09,0.0009878914570435,-0.0107074351981282,0.0,0.0,0.0,-0.0070182662457227,60.0,0.746173083782196,-0.0,-6.653989004234975e-08,0.0,282.9992980957031,284.4533386230469,290.2752380371094,291.35028076171875,293.1499938964844,293.1499938964844,278.1499938964844,0.0,18000.0,313.1499938964844,0.0,18000.0,0.0,0.0,0.0,0.0,0.0,0.0,0.0,0.0,0.0,-0.0,-0.0,0.0,-5.2805772432836115e-21,-2.6402886216418057e-21,-2.6402886216418057e-21,0.0,0.0,-0.0,0.0,0.0,0.0,-0.0,0.0,0.0,0.0,0.0,0.0,4.0,0.0,0.0
12285300,298.1039733886719,303.1499938964844,285.1499938964844,0.0,-0.0,285.23193359375,0.0,0.0,9.276290074922144e-05,298.09429931640625,303.1499938964844,285.1499938964844,0.0,-0.0,285.23193359375,0.0,0.0,9.768381278263404e-05,298.62213134765625,303.1499938964844,285.1499938964844,0.0,-0.0,285.23193359375,0.0,0.0,7.21489341231063e-05,297.9584045410156,303.1499938964844,285.1499938964844,0.0,-0.0,285.23193359375,0.0,0.0,9.768379823071882e-05,298.26788330078125,303.1499938964844,285.1499938964844,0.0,-0.0,285.2318420410156,0.0,0.0,0.0004633697972167,285.256103515625,294.1499938964844,286.42578125,282.3479919433594,287.0230407714844,286.68408203125,285.382080078125,0.0,0.0,0.0,0.0,1.0,1.0,-0.0009883827297016,4.505711359570341e-09,0.0009883781895041,-0.0108565846458077,0.0,0.0,0.0,-0.0070464871823787,60.0,0.7276460528373718,-0.0,-6.660549445314248e-08,0.0,282.9992980957031,284.4533386230469,290.2752380371094,291.35028076171875,293.1499938964844,293.1499938964844,278.1499938964844,0.0,18000.0,313.1499938964844,0.0,18000.0,0.0,0.0,0.0,0.0,0.0,0.0,0.0,0.0,0.0,-0.0,-0.0,0.0,-5.2805772432836115e-21,-2.6402886216418057e-21,-2.6402886216418057e-21,0.0,0.0,-0.0,0.0,0.0,0.0,-0.0,0.0,0.0,0.0,0.0,0.0,4.0,0.0,0.0
12285360,298.1046447753906,303.1499938964844,285.1499938964844,0.0,-0.0,285.23248291015625,0.0,0.0,9.281488746637478e-05,298.09283447265625,303.1499938964844,285.1499938964844,0.0,-0.0,285.2325134277344,0.0,0.0,9.773855708772317e-05,298.6205444335937,303.1499938964844,285.1499938964844,0.0,-0.0,285.23248291015625,0.0,0.0,7.218937389552593e-05,297.9542236328125,303.1499938964844,285.1499938964844,0.0,-0.0,285.23248291015625,0.0,0.0,9.773854981176557e-05,298.2667236328125,303.1499938964844,285.1499938964844,0.0,-0.0,285.2323913574219,0.0,0.0,0.0004636295197997,285.2566833496094,294.1499938964844,286.3985595703125,282.33935546875,287.01763916015625,286.6607666015625,285.3824157714844,0.0,0.0,0.0,0.0,1.0,1.0,-0.0009889365173876,4.570480882648553e-09,0.00098893197719,-0.0110262809321284,0.0,0.0,0.0,-0.0070785959251224,60.0,0.7092130184173584,-0.0,-6.668016538924348e-08,0.0,282.9992980957031,284.4533386230469,290.2752380371094,291.35028076171875,293.1499938964844,293.1499938964844,278.1499938964844,0.0,18000.0,313.1499938964844,0.0,18000.0,0.0,0.0,0.0,0.0,0.0,0.0,0.0,0.0,0.0,-0.0,-0.0,0.0,-5.2805772432836115e-21,-2.6402886216418057e-21,-2.6402886216418057e-21,0.0,0.0,-0.0,0.0,0.0,0.0,-0.0,0.0,0.0,0.0,0.0,0.0,4.0,0.0,0.0
12285420,298.10626220703125,303.1499938964844,285.1499938964844,0.0,-0.0,285.23358154296875,0.0,0.0,9.29378584260121e-05,298.08966064453125,303.1499938964844,285.1499938964844,0.0,-0.0,285.2336120605469,0.0,0.0,9.78680545813404e-05,298.6173400878906,303.1499938964844,285.1499938964844,0.0,-0.0,285.23358154296875,0.0,0.0,7.228501635836437e-05,297.9459533691406,303.1499938964844,285.1499938964844,0.0,-0.0,285.23358154296875,0.0,0.0,9.786804002942516e-05,298.2644348144531,303.1499938964844,285.1499938964844,0.0,-0.0,285.2334899902344,0.0,0.0,0.0004642437561415,285.2578430175781,294.1499938964844,286.3448181152344,282.32257080078125,287.0062255859375,286.6120300292969,285.3831481933594,0.0,0.0,0.0,0.0,1.0,1.0,-0.0009902466554194,4.7236774491921105e-09,0.0009902419988065,-0.0114276530221104,0.0,0.0,0.0,-0.0071545420214533,60.0,0.6728079915046692,-0.0,-6.685696263275531e-08,0.0,282.9992980957031,284.4533386230469,290.2752380371094,291.35028076171875,293.1499938964844,293.1499938964844,278.1499938964844,0.0,18000.0,313.1499938964844,0.0,18000.0,0.0,0.0,0.0,0.0,0.0,0.0,0.0,0.0,0.0,-0.0,-0.0,0.0,-5.2805772432836115e-21,-2.6402886216418057e-21,-2.6402886216418057e-21,0.0,0.0,-0.0,0.0,0.0,0.0,-0.0,0.0,0.0,0.0,0.0,0.0,4.0,0.0,0.0
12285480,298.10626220703125,303.1499938964844,285.1499938964844,0.0,-0.0,285.23358154296875,0.0,0.0,9.29378584260121e-05,298.08966064453125,303.1499938964844,285.1499938964844,0.0,-0.0,285.2336120605469,0.0,0.0,9.78680545813404e-05,298.6173400878906,303.1499938964844,285.1499938964844,0.0,-0.0,285.23358154296875,0.0,0.0,7.228501635836437e-05,297.9459533691406,303.1499938964844,285.1499938964844,0.0,-0.0,285.23358154296875,0.0,0.0,9.786804002942516e-05,298.2644348144531,303.1499938964844,285.1499938964844,0.0,-0.0,285.2334899902344,0.0,0.0,0.0004642437561415,285.2578430175781,294.1499938964844,286.3448181152344,282.32257080078125,287.0062255859375,286.6120300292969,285.3831481933594,0.0,0.0,0.0,0.0,1.0,1.0,-0.0009902466554194,4.7236774491921105e-09,0.0009902419988065,-0.0114276530221104,0.0,0.0,0.0,-0.0071545420214533,60.0,0.6728079915046692,-0.0,-6.685696263275531e-08,0.0,282.9992980957031,284.4533386230469,290.2752380371094,291.35028076171875,293.1499938964844,293.1499938964844,278.1499938964844,0.0,18000.0,313.1499938964844,0.0,18000.0,0.0,0.0,0.0,0.0,0.0,0.0,0.0,0.0,0.0,-0.0,-0.0,0.0,-5.2805772432836115e-21,-2.6402886216418057e-21,-2.6402886216418057e-21,0.0,0.0,-0.0,0.0,0.0,0.0,-0.0,0.0,0.0,0.0,0.0,0.0,4.0,0.0,0.0
12285540,298.10760498046875,303.1499938964844,285.1499938964844,0.0,-0.0,285.2343444824219,0.0,0.0,9.303427941631526e-05,298.0873718261719,303.1499938964844,285.1499938964844,0.0,-0.0,285.234375,0.0,0.0,9.796958329388872e-05,298.6151428222656,303.1499938964844,285.1499938964844,0.0,-0.0,285.2343444824219,0.0,0.0,7.236000965349376e-05,297.9404296875,303.1499938964844,285.1499938964844,0.0,-0.0,285.2343444824219,0.0,0.0,9.79695760179311e-05,298.2628173828125,303.1499938964844,285.1499938964844,0.0,-0.0,285.2342529296875,0.0,0.0,0.0004647253954317,285.2586364746094,294.1499938964844,286.3090515136719,282.3116760253906,286.9980163574219,286.5772399902344,285.38360595703125,0.0,0.0,0.0,0.0,1.0,1.0,-0.0009912740206345,4.843801360010502e-09,0.000991269131191,-0.0117423711344599,0.0,0.0,0.0,-0.0072140926495194,60.0,0.6485578417778015,-0.0,-6.699575294533133e-08,0.0,282.9992980957031,284.4533386230469,290.2752380371094,291.35028076171875,293.1499938964844,293.1499938964844,278.1499938964844,0.0,18000.0,313.1499938964844,0.0,18000.0,0.0,0.0,0.0,0.0,0.0,0.0,0.0,0.0,0.0,-0.0,-0.0,0.0,-5.2805772432836115e-21,-2.6402886216418057e-21,-2.6402886216418057e-21,0.0,0.0,-0.0,0.0,0.0,0.0,-0.0,0.0,0.0,0.0,0.0,0.0,4.0,0.0,0.0
12285600,298.1083068847656,303.1499938964844,285.1499938964844,0.0,-0.0,285.2347106933594,0.0,0.0,9.30820096982643e-05,298.0862731933594,303.1499938964844,285.1499938964844,0.0,-0.0,285.2347106933594,0.0,0.0,9.801985288504512e-05,298.6141052246094,303.1499938964844,285.1499938964844,0.0,-0.0,285.2347106933594,0.0,0.0,7.239713158924133e-05,297.9378662109375,303.1499938964844,285.1499938964844,0.0,-0.0,285.2347106933594,0.0,0.0,9.801983833312988e-05,298.2620544433594,303.1499938964844,285.1499938964844,0.0,-0.0,285.234619140625,0.0,0.0,0.0004649638431146,285.2590026855469,294.1499938964844,286.29248046875,282.30670166015625,286.9940490722656,286.5605773925781,285.3838195800781,0.0,0.0,0.0,0.0,1.0,1.0,-0.0009917825227603,4.903266681566265e-09,0.0009917776333168,-0.0118981655687093,0.0,0.0,0.0,-0.0072435718029737,60.0,0.6372716426849365,-0.0,-6.706451216587085e-08,0.0,282.9992980957031,284.4533386230469,290.2752380371094,291.35028076171875,293.1499938964844,293.1499938964844,278.1499938964844,0.0,18000.0,313.1499938964844,0.0,18000.0,0.0,0.0,0.0,0.0,0.0,0.0,0.0,0.0,0.0,-0.0,-0.0,0.0,-5.2805772432836115e-21,-2.6402886216418057e-21,-2.6402886216418057e-21,0.0,0.0,-0.0,0.0,0.0,0.0,-0.0,0.0,0.0,0.0,0.0,0.0,4.0,0.0,0.0
12285660,298.1107482910156,303.1499938964844,285.1499938964844,0.0,-0.0,285.2358093261719,0.0,0.0,9.324142592959106e-05,298.0827331542969,303.1499938964844,285.1499938964844,0.0,-0.0,285.23583984375,0.0,0.0,9.818772377911956e-05,298.61083984375,303.1499938964844,285.1499938964844,0.0,-0.0,285.2358093261719,0.0,0.0,7.252112845890224e-05,297.9300231933594,303.1499938964844,285.1499938964844,0.0,-0.0,285.2358093261719,0.0,0.0,9.818771650316194e-05,298.2596740722656,303.1499938964844,285.1499938964844,0.0,-0.0,285.2357177734375,0.0,0.0,0.0004657601530198,285.2601623535156,294.1499938964844,286.2419738769531,282.2920837402344,286.9812316894531,286.5072326660156,285.384521484375,0.0,0.0,0.0,0.0,1.0,1.0,-0.0009934810223057,5.101874922530669e-09,0.0009934759000316,-0.0124184982851147,0.0,0.0,0.0,-0.0073420307599008,60.0,0.6027243733406067,-0.0,-6.729442247888073e-08,0.0,282.9992980957031,284.4533386230469,290.2752380371094,291.35028076171875,293.1499938964844,293.1499938964844,278.1499938964844,0.0,18000.0,313.1499938964844,0.0,18000.0,0.0,0.0,0.0,0.0,0.0,0.0,0.0,0.0,0.0,-0.0,-0.0,0.0,-5.2805772432836115e-21,-2.6402886216418057e-21,-2.6402886216418057e-21,0.0,0.0,-0.0,0.0,0.0,0.0,-0.0,0.0,0.0,0.0,0.0,0.0,4.0,0.0,0.0
12285720,298.1107482910156,303.1499938964844,285.1499938964844,0.0,-0.0,285.2358093261719,0.0,0.0,9.324142592959106e-05,298.0827331542969,303.1499938964844,285.1499938964844,0.0,-0.0,285.23583984375,0.0,0.0,9.818772377911956e-05,298.61083984375,303.1499938964844,285.1499938964844,0.0,-0.0,285.2358093261719,0.0,0.0,7.252112845890224e-05,297.9300231933594,303.1499938964844,285.1499938964844,0.0,-0.0,285.2358093261719,0.0,0.0,9.818771650316194e-05,298.2596740722656,303.1499938964844,285.1499938964844,0.0,-0.0,285.2357177734375,0.0,0.0,0.0004657601530198,285.2601623535156,294.1499938964844,286.2419738769531,282.2920837402344,286.9812316894531,286.5072326660156,285.384521484375,0.0,0.0,0.0,0.0,1.0,1.0,-0.0009934810223057,5.101874922530669e-09,0.0009934759000316,-0.0124184982851147,0.0,0.0,0.0,-0.0073420307599008,60.0,0.6027243733406067,-0.0,-6.729442247888073e-08,0.0,282.9992980957031,284.4533386230469,290.2752380371094,291.35028076171875,293.1499938964844,293.1499938964844,278.1499938964844,0.0,18000.0,313.1499938964844,0.0,18000.0,0.0,0.0,0.0,0.0,0.0,0.0,0.0,0.0,0.0,-0.0,-0.0,0.0,-5.2805772432836115e-21,-2.6402886216418057e-21,-2.6402886216418057e-21,0.0,0.0,-0.0,0.0,0.0,0.0,-0.0,0.0,0.0,0.0,0.0,0.0,4.0,0.0,0.0
12285780,298.1137084960937,303.1499938964844,285.1499938964844,0.0,-0.0,285.2369079589844,0.0,0.0,9.341152326669544e-05,298.0789794921875,303.1499938964844,285.1499938964844,0.0,-0.0,285.2369384765625,0.0,0.0,9.836684330366552e-05,298.60760498046875,303.1499938964844,285.1499938964844,0.0,-0.0,285.2369384765625,0.0,0.0,7.265341992024332e-05,297.92254638671875,303.1499938964844,285.1499938964844,0.0,-0.0,285.2369384765625,0.0,0.0,9.83668360277079e-05,298.2572326660156,303.1499938964844,285.1499938964844,0.0,-0.0,285.2368469238281,0.0,0.0,0.0004666098393499,285.26129150390625,294.1499938964844,286.1937866210937,282.2790222167969,286.9677124023437,286.4523010253906,285.3851928710937,0.0,0.0,0.0,0.0,1.0,1.0,-0.0009952932596206,5.313788520311391e-09,0.0009952879045158,-0.0129736782982945,0.0,0.0,0.0,-0.0074470853433012,60.0,0.5696484446525574,-0.0,-6.754016368404336e-08,0.0,282.9992980957031,284.4533386230469,290.2752380371094,291.35028076171875,293.1499938964844,293.1499938964844,278.1499938964844,0.0,18000.0,313.1499938964844,0.0,18000.0,0.0,0.0,0.0,0.0,0.0,0.0,0.0,0.0,0.0,-0.0,-0.0,0.0,-5.2805772432836115e-21,-2.6402886216418057e-21,-2.6402886216418057e-21,0.0,0.0,-0.0,0.0,0.0,0.0,-0.0,0.0,0.0,0.0,0.0,0.0,4.0,0.0,0.0
12285840,298.1137084960937,303.1499938964844,285.1499938964844,0.0,-0.0,285.2369079589844,0.0,0.0,9.341152326669544e-05,298.0789794921875,303.1499938964844,285.1499938964844,0.0,-0.0,285.2369384765625,0.0,0.0,9.836684330366552e-05,298.60760498046875,303.1499938964844,285.1499938964844,0.0,-0.0,285.2369384765625,0.0,0.0,7.265341992024332e-05,297.92254638671875,303.1499938964844,285.1499938964844,0.0,-0.0,285.2369384765625,0.0,0.0,9.83668360277079e-05,298.2572326660156,303.1499938964844,285.1499938964844,0.0,-0.0,285.2368469238281,0.0,0.0,0.0004666098393499,285.26129150390625,294.1499938964844,286.1937866210937,282.2790222167969,286.9677124023437,286.4523010253906,285.3851928710937,0.0,0.0,0.0,0.0,1.0,1.0,-0.0009952932596206,5.313788520311391e-09,0.0009952879045158,-0.0129736782982945,0.0,0.0,0.0,-0.0074470853433012,60.0,0.5696484446525574,-0.0,-6.754016368404336e-08,0.0,282.9992980957031,284.4533386230469,290.2752380371094,291.35028076171875,293.1499938964844,293.1499938964844,278.1499938964844,0.0,18000.0,313.1499938964844,0.0,18000.0,0.0,0.0,0.0,0.0,0.0,0.0,0.0,0.0,0.0,-0.0,-0.0,0.0,-5.2805772432836115e-21,-2.6402886216418057e-21,-2.6402886216418057e-21,0.0,0.0,-0.0,0.0,0.0,0.0,-0.0,0.0,0.0,0.0,0.0,0.0,4.0,0.0,0.0
12285900,298.1153869628906,303.1499938964844,285.1499938964844,0.0,-0.0,285.23748779296875,0.0,0.0,9.349903120892122e-05,298.0770568847656,303.1499938964844,285.1499938964844,0.0,-0.0,285.23748779296875,0.0,0.0,9.845898603089154e-05,298.6059875488281,303.1499938964844,285.1499938964844,0.0,-0.0,285.23748779296875,0.0,0.0,7.27214792277664e-05,297.91900634765625,303.1499938964844,285.1499938964844,0.0,-0.0,285.23748779296875,0.0,0.0,9.845897875493392e-05,298.2560119628906,303.1499938964844,285.1499938964844,0.0,-0.0,285.2373962402344,0.0,0.0,0.0004670469206757,285.2618713378906,294.1499938964844,286.1707458496094,282.2731628417969,286.960693359375,286.4245300292969,285.3855285644531,0.0,0.0,0.0,0.0,1.0,1.0,-0.0009962256299331,5.422803983634594e-09,0.000996220158413,-0.0132592776790261,0.0,0.0,0.0,-0.0075011290609836,60.0,0.5537726879119873,-0.0,-6.766675397784638e-08,0.0,282.9992980957031,284.4533386230469,290.2752380371094,291.35028076171875,293.1499938964844,293.1499938964844,278.1499938964844,0.0,18000.0,313.1499938964844,0.0,18000.0,0.0,0.0,0.0,0.0,0.0,0.0,0.0,0.0,0.0,-0.0,-0.0,0.0,-5.2805772432836115e-21,-2.6402886216418057e-21,-2.6402886216418057e-21,0.0,0.0,-0.0,0.0,0.0,0.0,-0.0,0.0,0.0,0.0,0.0,0.0,4.0,0.0,0.0
12285960,298.1171875,303.1499938964844,285.1499938964844,0.0,-0.0,285.238037109375,0.0,0.0,9.358702664030716e-05,298.0751037597656,303.1499938964844,285.1499938964844,0.0,-0.0,285.238037109375,0.0,0.0,9.855165262706578e-05,298.6043701171875,303.1499938964844,285.1499938964844,0.0,-0.0,285.238037109375,0.0,0.0,7.278992416104302e-05,297.9155578613281,303.1499938964844,285.1499938964844,0.0,-0.0,285.238037109375,0.0,0.0,9.855164535110816e-05,298.2547912597656,303.1499938964844,285.1499938964844,0.0,-0.0,285.2379455566406,0.0,0.0,0.0004674864758271,285.262451171875,294.1499938964844,286.1484375,282.267822265625,286.9535217285156,286.3966979980469,285.3858642578125,0.0,0.0,0.0,0.0,1.0,1.0,-0.0009971631225198,5.5324327341566e-09,0.0009971575345844,-0.013546478934586,0.0,0.0,0.0,-0.0075554768554866,60.0,0.5383338332176208,-0.0,-6.779417560665024e-08,0.0,282.9992980957031,284.4533386230469,290.2752380371094,291.35028076171875,293.1499938964844,293.1499938964844,278.1499938964844,0.0,18000.0,313.1499938964844,0.0,18000.0,0.0,0.0,0.0,0.0,0.0,0.0,0.0,0.0,0.0,-0.0,-0.0,0.0,-5.2805772432836115e-21,-2.6402886216418057e-21,-2.6402886216418057e-21,0.0,0.0,-0.0,0.0,0.0,0.0,-0.0,0.0,0.0,0.0,0.0,0.0,4.0,0.0,0.0
12286020,298.1211242675781,303.1499938964844,285.1499938964844,0.0,-0.0,285.2391357421875,0.0,0.0,9.376216621603815e-05,298.0711364746094,303.1499938964844,285.1499938964844,0.0,-0.0,285.2391662597656,0.0,0.0,9.873609087662771e-05,298.6011657714844,303.1499938964844,285.1499938964844,0.0,-0.0,285.2391357421875,0.0,0.0,7.292614463949576e-05,297.908935546875,303.1499938964844,285.1499938964844,0.0,-0.0,285.2391357421875,0.0,0.0,9.873607632471249e-05,298.2523498535156,303.1499938964844,285.1499938964844,0.0,-0.0,285.2390441894531,0.0,0.0,0.0004683613660745,285.2636108398437,294.1499938964844,286.1063537597656,282.2587890625,286.9388732910156,286.3413391113281,285.3865051269531,0.0,0.0,0.0,0.0,1.0,1.0,-0.0009990292601287,5.750635523327219e-09,0.0009990234393626,-0.0141181098297238,0.0,0.0,0.0,-0.0076636495068669,60.0,0.5087935924530029,-0.0,-6.804815910754769e-08,0.0,282.9992980957031,284.4533386230469,290.2752380371094,291.35028076171875,293.1499938964844,293.1499938964844,278.1499938964844,0.0,18000.0,313.1499938964844,0.0,18000.0,0.0,0.0,0.0,0.0,0.0,0.0,0.0,0.0,0.0,-0.0,-0.0,0.0,-5.2805772432836115e-21,-2.6402886216418057e-21,-2.6402886216418057e-21,0.0,0.0,-0.0,0.0,0.0,0.0,-0.0,0.0,0.0,0.0,0.0,0.0,4.0,0.0,0.0
12286080,298.1211242675781,303.1499938964844,285.1499938964844,0.0,-0.0,285.2391357421875,0.0,0.0,9.376216621603815e-05,298.0711364746094,303.1499938964844,285.1499938964844,0.0,-0.0,285.2391662597656,0.0,0.0,9.873609087662771e-05,298.6011657714844,303.1499938964844,285.1499938964844,0.0,-0.0,285.2391357421875,0.0,0.0,7.292614463949576e-05,297.908935546875,303.1499938964844,285.1499938964844,0.0,-0.0,285.2391357421875,0.0,0.0,9.873607632471249e-05,298.2523498535156,303.1499938964844,285.1499938964844,0.0,-0.0,285.2390441894531,0.0,0.0,0.0004683613660745,285.2636108398437,294.1499938964844,286.1063537597656,282.2587890625,286.9388732910156,286.3413391113281,285.3865051269531,0.0,0.0,0.0,0.0,1.0,1.0,-0.0009990292601287,5.750635523327219e-09,0.0009990234393626,-0.0141181098297238,0.0,0.0,0.0,-0.0076636495068669,60.0,0.5087935924530029,-0.0,-6.804815910754769e-08,0.0,282.9992980957031,284.4533386230469,290.2752380371094,291.35028076171875,293.1499938964844,293.1499938964844,278.1499938964844,0.0,18000.0,313.1499938964844,0.0,18000.0,0.0,0.0,0.0,0.0,0.0,0.0,0.0,0.0,0.0,-0.0,-0.0,0.0,-5.2805772432836115e-21,-2.6402886216418057e-21,-2.6402886216418057e-21,0.0,0.0,-0.0,0.0,0.0,0.0,-0.0,0.0,0.0,0.0,0.0,0.0,4.0,0.0,0.0
12286140,298.12567138671875,303.1499938964844,285.1499938964844,0.0,-0.0,285.240234375,0.0,0.0,9.39301389735192e-05,298.067138671875,303.1499938964844,285.1499938964844,0.0,-0.0,285.2402648925781,0.0,0.0,9.891296940622853e-05,298.5980224609375,303.1499938964844,285.1499938964844,0.0,-0.0,285.240234375,0.0,0.0,7.305679173441604e-05,297.9026184082031,303.1499938964844,285.1499938964844,0.0,-0.0,285.240234375,0.0,0.0,9.89129621302709e-05,298.25,303.1499938964844,285.1499938964844,0.0,-0.0,285.2401428222656,0.0,0.0,0.0004692004295065,285.2647399902344,294.1499938964844,286.06805419921875,282.25225830078125,286.9237060546875,286.2872314453125,285.3871459960937,0.0,0.0,0.0,0.0,1.0,1.0,-0.0010008189128711,5.959903681684864e-09,0.0010008129756897,-0.0146663216874003,0.0,0.0,0.0,-0.0077673927880823,60.0,0.4816782772541046,-0.0,-6.829218079928978e-08,0.0,282.9992980957031,284.4533386230469,290.2752380371094,291.35028076171875,293.1499938964844,293.1499938964844,278.1499938964844,0.0,18000.0,313.1499938964844,0.0,18000.0,0.0,0.0,0.0,0.0,0.0,0.0,0.0,0.0,0.0,-0.0,-0.0,0.0,-5.2805772432836115e-21,-2.6402886216418057e-21,-2.6402886216418057e-21,0.0,0.0,-0.0,0.0,0.0,0.0,-0.0,0.0,0.0,0.0,0.0,0.0,4.0,0.0,0.0
12286200,298.12567138671875,303.1499938964844,285.1499938964844,0.0,-0.0,285.240234375,0.0,0.0,9.39301389735192e-05,298.067138671875,303.1499938964844,285.1499938964844,0.0,-0.0,285.2402648925781,0.0,0.0,9.891296940622853e-05,298.5980224609375,303.1499938964844,285.1499938964844,0.0,-0.0,285.240234375,0.0,0.0,7.305679173441604e-05,297.9026184082031,303.1499938964844,285.1499938964844,0.0,-0.0,285.240234375,0.0,0.0,9.89129621302709e-05,298.25,303.1499938964844,285.1499938964844,0.0,-0.0,285.2401428222656,0.0,0.0,0.0004692004295065,285.2647399902344,294.1499938964844,286.06805419921875,282.25225830078125,286.9237060546875,286.2872314453125,285.3871459960937,0.0,0.0,0.0,0.0,1.0,1.0,-0.0010008189128711,5.959903681684864e-09,0.0010008129756897,-0.0146663216874003,0.0,0.0,0.0,-0.0077673927880823,60.0,0.4816782772541046,-0.0,-6.829218079928978e-08,0.0,282.9992980957031,284.4533386230469,290.2752380371094,291.35028076171875,293.1499938964844,293.1499938964844,278.1499938964844,0.0,18000.0,313.1499938964844,0.0,18000.0,0.0,0.0,0.0,0.0,0.0,0.0,0.0,0.0,0.0,-0.0,-0.0,0.0,-5.2805772432836115e-21,-2.6402886216418057e-21,-2.6402886216418057e-21,0.0,0.0,-0.0,0.0,0.0,0.0,-0.0,0.0,0.0,0.0,0.0,0.0,4.0,0.0,0.0
12286260,298.1292419433594,303.1499938964844,285.1499938964844,0.0,-0.0,285.2413330078125,0.0,0.0,9.40844474826008e-05,298.0631408691406,303.1499938964844,285.1499938964844,0.0,-0.0,285.2413635253906,0.0,0.0,9.907546336762608e-05,298.594970703125,303.1499938964844,285.1499938964844,0.0,-0.0,285.2413635253906,0.0,0.0,7.3176808655262e-05,297.8967590332031,303.1499938964844,285.1499938964844,0.0,-0.0,285.2413635253906,0.0,0.0,9.907545609166846e-05,298.2476806640625,303.1499938964844,285.1499938964844,0.0,-0.0,285.24127197265625,0.0,0.0,0.0004699712444562,285.265869140625,294.1499938964844,286.0340270996094,282.24853515625,286.9081726074219,286.2352294921875,285.38775634765625,0.0,0.0,0.0,0.0,1.0,1.0,-0.0010024630464613,6.1521507888073765e-09,0.0010024569928646,-0.015169933438301,0.0,0.0,0.0,-0.0078626982867717,60.0,0.4570487737655639,-0.0,-6.85167407254994e-08,0.0,282.9992980957031,284.4533386230469,290.2752380371094,291.35028076171875,293.1499938964844,293.1499938964844,278.1499938964844,0.0,18000.0,313.1499938964844,0.0,18000.0,0.0,0.0,0.0,0.0,0.0,0.0,0.0,0.0,0.0,-0.0,-0.0,0.0,-5.2805772432836115e-21,-2.6402886216418057e-21,-2.6402886216418057e-21,0.0,0.0,-0.0,0.0,0.0,0.0,-0.0,0.0,0.0,0.0,0.0,0.0,4.0,0.0,0.0
12286320,298.1292419433594,303.1499938964844,285.1499938964844,0.0,-0.0,285.2413330078125,0.0,0.0,9.40844474826008e-05,298.0631408691406,303.1499938964844,285.1499938964844,0.0,-0.0,285.2413635253906,0.0,0.0,9.907546336762608e-05,298.594970703125,303.1499938964844,285.1499938964844,0.0,-0.0,285.2413635253906,0.0,0.0,7.3176808655262e-05,297.8967590332031,303.1499938964844,285.1499938964844,0.0,-0.0,285.2413635253906,0.0,0.0,9.907545609166846e-05,298.2476806640625,303.1499938964844,285.1499938964844,0.0,-0.0,285.24127197265625,0.0,0.0,0.0004699712444562,285.265869140625,294.1499938964844,286.0340270996094,282.24853515625,286.9081726074219,286.2352294921875,285.38775634765625,0.0,0.0,0.0,0.0,1.0,1.0,-0.0010024630464613,6.1521507888073765e-09,0.0010024569928646,-0.015169933438301,0.0,0.0,0.0,-0.0078626982867717,60.0,0.4570487737655639,-0.0,-6.85167407254994e-08,0.0,282.9992980957031,284.4533386230469,290.2752380371094,291.35028076171875,293.1499938964844,293.1499938964844,278.1499938964844,0.0,18000.0,313.1499938964844,0.0,18000.0,0.0,0.0,0.0,0.0,0.0,0.0,0.0,0.0,0.0,-0.0,-0.0,0.0,-5.2805772432836115e-21,-2.6402886216418057e-21,-2.6402886216418057e-21,0.0,0.0,-0.0,0.0,0.0,0.0,-0.0,0.0,0.0,0.0,0.0,0.0,4.0,0.0,0.0
12286380,298.1313781738281,303.1499938964844,285.1499938964844,0.0,-0.0,285.2424621582031,0.0,0.0,9.421753202332184e-05,298.0592956542969,303.1499938964844,285.1499938964844,0.0,-0.0,285.2424621582031,0.0,0.0,9.921561286319049e-05,298.59197998046875,303.1499938964844,285.1499938964844,0.0,-0.0,285.2424621582031,0.0,0.0,7.328031642828137e-05,297.8914489746094,303.1499938964844,285.1499938964844,0.0,-0.0,285.2424621582031,0.0,0.0,9.921560558723286e-05,298.2453918457031,303.1499938964844,285.1499938964844,0.0,-0.0,285.24237060546875,0.0,0.0,0.0004706360341515,285.2670288085937,294.1499938964844,286.00469970703125,282.2479858398437,286.8923645019531,286.1862487792969,285.38836669921875,0.0,0.0,0.0,0.0,1.0,1.0,-0.0010038811014965,6.317953715750946e-09,0.0010038748150691,-0.0156042631715536,0.0,0.0,0.0,-0.0079448949545621,60.0,0.4352935552597046,-0.0,-6.87107046815072e-08,0.0,282.9992980957031,284.4533386230469,290.2752380371094,291.35028076171875,293.1499938964844,293.1499938964844,278.1499938964844,0.0,18000.0,313.1499938964844,0.0,18000.0,0.0,0.0,0.0,0.0,0.0,0.0,0.0,0.0,0.0,-0.0,-0.0,0.0,-5.2805772432836115e-21,-2.6402886216418057e-21,-2.6402886216418057e-21,0.0,0.0,-0.0,0.0,0.0,0.0,-0.0,0.0,0.0,0.0,0.0,0.0,4.0,0.0,0.0
12286440,298.1313781738281,303.1499938964844,285.1499938964844,0.0,-0.0,285.2424621582031,0.0,0.0,9.421753202332184e-05,298.0592956542969,303.1499938964844,285.1499938964844,0.0,-0.0,285.2424621582031,0.0,0.0,9.921561286319049e-05,298.59197998046875,303.1499938964844,285.1499938964844,0.0,-0.0,285.2424621582031,0.0,0.0,7.328031642828137e-05,297.8914489746094,303.1499938964844,285.1499938964844,0.0,-0.0,285.2424621582031,0.0,0.0,9.921560558723286e-05,298.2453918457031,303.1499938964844,285.1499938964844,0.0,-0.0,285.24237060546875,0.0,0.0,0.0004706360341515,285.2670288085937,294.1499938964844,286.00469970703125,282.2479858398437,286.8923645019531,286.1862487792969,285.38836669921875,0.0,0.0,0.0,0.0,1.0,1.0,-0.0010038811014965,6.317953715750946e-09,0.0010038748150691,-0.0156042631715536,0.0,0.0,0.0,-0.0079448949545621,60.0,0.4352935552597046,-0.0,-6.87107046815072e-08,0.0,282.9992980957031,284.4533386230469,290.2752380371094,291.35028076171875,293.1499938964844,293.1499938964844,278.1499938964844,0.0,18000.0,313.1499938964844,0.0,18000.0,0.0,0.0,0.0,0.0,0.0,0.0,0.0,0.0,0.0,-0.0,-0.0,0.0,-5.2805772432836115e-21,-2.6402886216418057e-21,-2.6402886216418057e-21,0.0,0.0,-0.0,0.0,0.0,0.0,-0.0,0.0,0.0,0.0,0.0,0.0,4.0,0.0,0.0
12286500,298.1322021484375,303.1499938964844,285.1499938964844,0.0,-0.0,285.2430114746094,0.0,0.0,9.427320037502795e-05,298.0574645996094,303.1499938964844,285.1499938964844,0.0,-0.0,285.2430114746094,0.0,0.0,9.927423525368796e-05,298.59051513671875,303.1499938964844,285.1499938964844,0.0,-0.0,285.2430114746094,0.0,0.0,7.332361565204337e-05,297.8890686035156,303.1499938964844,285.1499938964844,0.0,-0.0,285.2430114746094,0.0,0.0,9.927422070177272e-05,298.2442626953125,303.1499938964844,285.1499938964844,0.0,-0.0,285.242919921875,0.0,0.0,0.0004709140921477,285.267578125,294.1499938964844,285.9919738769531,282.2489929199219,286.8843688964844,286.16339111328125,285.388671875,0.0,0.0,0.0,0.0,1.0,1.0,-0.0010044742375612,6.3873057953856005e-09,0.0010044679511338,-0.0157859325408935,0.0,0.0,0.0,-0.0079792756587266,60.0,0.4257535934448242,-0.0,-6.879191971620457e-08,0.0,282.9992980957031,284.4533386230469,290.2752380371094,291.35028076171875,293.1499938964844,293.1499938964844,278.1499938964844,0.0,18000.0,313.1499938964844,0.0,18000.0,0.0,0.0,0.0,0.0,0.0,0.0,0.0,0.0,0.0,-0.0,-0.0,0.0,-5.2805772432836115e-21,-2.6402886216418057e-21,-2.6402886216418057e-21,0.0,0.0,-0.0,0.0,0.0,0.0,-0.0,0.0,0.0,0.0,0.0,0.0,4.0,0.0,0.0
12286560,298.13299560546875,303.1499938964844,285.1499938964844,0.0,-0.0,285.2435607910156,0.0,0.0,9.43217455642298e-05,298.0556640625,303.1499938964844,285.1499938964844,0.0,-0.0,285.2435607910156,0.0,0.0,9.93253488559276e-05,298.58905029296875,303.1499938964844,285.1499938964844,0.0,-0.0,285.2435607910156,0.0,0.0,7.336137059610337e-05,297.8868713378906,303.1499938964844,285.1499938964844,0.0,-0.0,285.2435607910156,0.0,0.0,9.932534157996996e-05,298.2431640625,303.1499938964844,285.1499938964844,0.0,-0.0,285.24346923828125,0.0,0.0,0.000471156585263,285.2681579589844,294.1499938964844,285.9806213378906,282.2508850097656,286.8763122558594,286.1414794921875,285.38897705078125,0.0,0.0,0.0,0.0,1.0,1.0,-0.0010049915872514,6.447781863982982e-09,0.0010049850679934,-0.0159443486481905,0.0,0.0,0.0,-0.0080092567950487,60.0,0.4169211089611053,-0.0,-6.886278214324193e-08,0.0,282.9992980957031,284.4533386230469,290.2752380371094,291.35028076171875,293.1499938964844,293.1499938964844,278.1499938964844,0.0,18000.0,313.1499938964844,0.0,18000.0,0.0,0.0,0.0,0.0,0.0,0.0,0.0,0.0,0.0,-0.0,-0.0,0.0,-5.2805772432836115e-21,-2.6402886216418057e-21,-2.6402886216418057e-21,0.0,0.0,-0.0,0.0,0.0,0.0,-0.0,0.0,0.0,0.0,0.0,0.0,4.0,0.0,0.0
12286620,298.1347351074219,303.1499938964844,285.1499938964844,0.0,-0.0,285.2446594238281,0.0,0.0,9.439047425985336e-05,298.0523376464844,303.1499938964844,285.1499938964844,0.0,-0.0,285.2446594238281,0.0,0.0,9.939772280631588e-05,298.5862731933594,303.1499938964844,285.1499938964844,0.0,-0.0,285.2446594238281,0.0,0.0,7.341482705669478e-05,297.883056640625,303.1499938964844,285.1499938964844,0.0,-0.0,285.2446594238281,0.0,0.0,9.939771553035824e-05,298.2410583496094,303.1499938964844,285.1499938964844,0.0,-0.0,285.2445678710937,0.0,0.0,0.0004714998649433,285.269287109375,294.1499938964844,285.96221923828125,282.2575988769531,286.8601989746094,286.1015625,285.3895568847656,0.0,0.0,0.0,0.0,1.0,1.0,-0.0010057238396257,6.533401819552864e-09,0.0010057173203676,-0.0161686260253191,0.0,0.0,0.0,-0.0080517027527093,60.0,0.4020557403564453,-0.0,-6.896316051552277e-08,0.0,282.9992980957031,284.4533386230469,290.2752380371094,291.35028076171875,293.1499938964844,293.1499938964844,278.1499938964844,0.0,18000.0,313.1499938964844,0.0,18000.0,0.0,0.0,0.0,0.0,0.0,0.0,0.0,0.0,0.0,-0.0,-0.0,0.0,-5.2805772432836115e-21,-2.6402886216418057e-21,-2.6402886216418057e-21,0.0,0.0,-0.0,0.0,0.0,0.0,-0.0,0.0,0.0,0.0,0.0,0.0,4.0,0.0,0.0
12286680,298.1347351074219,303.1499938964844,285.1499938964844,0.0,-0.0,285.2446594238281,0.0,0.0,9.439047425985336e-05,298.0523376464844,303.1499938964844,285.1499938964844,0.0,-0.0,285.2446594238281,0.0,0.0,9.939772280631588e-05,298.5862731933594,303.1499938964844,285.1499938964844,0.0,-0.0,285.2446594238281,0.0,0.0,7.341482705669478e-05,297.883056640625,303.1499938964844,285.1499938964844,0.0,-0.0,285.2446594238281,0.0,0.0,9.939771553035824e-05,298.2410583496094,303.1499938964844,285.1499938964844,0.0,-0.0,285.2445678710937,0.0,0.0,0.0004714998649433,285.269287109375,294.1499938964844,285.96221923828125,282.2575988769531,286.8601989746094,286.1015625,285.3895568847656,0.0,0.0,0.0,0.0,1.0,1.0,-0.0010057238396257,6.533401819552864e-09,0.0010057173203676,-0.0161686260253191,0.0,0.0,0.0,-0.0080517027527093,60.0,0.4020557403564453,-0.0,-6.896316051552277e-08,0.0,282.9992980957031,284.4533386230469,290.2752380371094,291.35028076171875,293.1499938964844,293.1499938964844,278.1499938964844,0.0,18000.0,313.1499938964844,0.0,18000.0,0.0,0.0,0.0,0.0,0.0,0.0,0.0,0.0,0.0,-0.0,-0.0,0.0,-5.2805772432836115e-21,-2.6402886216418057e-21,-2.6402886216418057e-21,0.0,0.0,-0.0,0.0,0.0,0.0,-0.0,0.0,0.0,0.0,0.0,0.0,4.0,0.0,0.0
12286740,298.1363830566406,303.1499938964844,285.1499938964844,0.0,-0.0,285.2454833984375,0.0,0.0,9.441433212487028e-05,298.0500183105469,303.1499938964844,285.1499938964844,0.0,-0.0,285.2455139160156,0.0,0.0,9.942284668795764e-05,298.5842590332031,303.1499938964844,285.1499938964844,0.0,-0.0,285.2454833984375,0.0,0.0,7.343338074861094e-05,297.8807678222656,303.1499938964844,285.1499938964844,0.0,-0.0,285.2454833984375,0.0,0.0,9.942283941200004e-05,298.23956298828125,303.1499938964844,285.1499938964844,0.0,-0.0,285.2453918457031,0.0,0.0,0.0004716190742328,285.2701416015625,294.1499938964844,285.95233154296875,282.26544189453125,286.84796142578125,286.0751037597656,285.3899841308594,0.0,0.0,0.0,0.0,1.0,1.0,-0.0010059782071039,6.563124710368129e-09,0.0010059715714305,-0.0162464845925569,0.0,0.0,0.0,-0.0080664381384849,60.0,0.3934739232063293,-0.0,-6.899802684756652e-08,0.0,282.9992980957031,284.4533386230469,290.2752380371094,291.35028076171875,293.1499938964844,293.1499938964844,278.1499938964844,0.0,18000.0,313.1499938964844,0.0,18000.0,0.0,0.0,0.0,0.0,0.0,0.0,0.0,0.0,0.0,-0.0,-0.0,0.0,-5.2805772432836115e-21,-2.6402886216418057e-21,-2.6402886216418057e-21,0.0,0.0,-0.0,0.0,0.0,0.0,-0.0,0.0,0.0,0.0,0.0,0.0,4.0,0.0,0.0
12286800,298.1369934082031,303.1499938964844,285.1499938964844,0.0,-0.0,285.2457580566406,0.0,0.0,9.441762085771188e-05,298.0493469238281,303.1499938964844,285.1499938964844,0.0,-0.0,285.2457580566406,0.0,0.0,9.9426310043782e-05,298.5836181640625,303.1499938964844,285.1499938964844,0.0,-0.0,285.2457580566406,0.0,0.0,7.343594188569114e-05,297.880126953125,303.1499938964844,285.1499938964844,0.0,-0.0,285.2457580566406,0.0,0.0,9.942630276782438e-05,298.2391052246094,303.1499938964844,285.1499938964844,0.0,-0.0,285.24566650390625,0.0,0.0,0.0004716354887932,285.2704162597656,294.1499938964844,285.95001220703125,282.2684326171875,286.8440856933594,286.0672912597656,285.3901062011719,0.0,0.0,0.0,0.0,1.0,1.0,-0.0010060132481157,6.5672187687937375e-09,0.0010060066124424,-0.016257207840681,0.0,0.0,0.0,-0.008068467490375,60.0,0.3911483585834503,-0.0,-6.900283011646027e-08,0.0,282.9992980957031,284.4533386230469,290.2752380371094,291.35028076171875,293.1499938964844,293.1499938964844,278.1499938964844,0.0,18000.0,313.1499938964844,0.0,18000.0,0.0,0.0,0.0,0.0,0.0,0.0,0.0,0.0,0.0,-0.0,-0.0,0.0,-5.2805772432836115e-21,-2.6402886216418057e-21,-2.6402886216418057e-21,0.0,0.0,-0.0,0.0,0.0,0.0,-0.0,0.0,0.0,0.0,0.0,0.0,4.0,0.0,0.0
12286860,298.139892578125,303.1499938964844,285.1499938964844,0.0,-0.0,285.2468566894531,0.0,0.0,9.441094152862206e-05,298.04669189453125,303.1499938964844,285.1499938964844,0.0,-0.0,285.2468566894531,0.0,0.0,9.941927419276908e-05,298.5811462402344,303.1499938964844,285.1499938964844,0.0,-0.0,285.2468566894531,0.0,0.0,7.343074685195461e-05,297.8780212402344,303.1499938964844,285.1499938964844,0.0,-0.0,285.2468566894531,0.0,0.0,9.941926691681148e-05,298.23736572265625,303.1499938964844,285.1499938964844,0.0,-0.0,285.24676513671875,0.0,0.0,0.0004716021358035,285.2715148925781,294.1499938964844,285.9423217773437,282.28277587890625,286.8280944824219,286.03857421875,285.3906555175781,0.0,0.0,0.0,0.0,1.0,1.0,-0.0010059421183541,6.558892096109048e-09,0.0010059354826807,-0.0162353962659835,0.0,0.0,0.0,-0.0080643398687243,60.0,0.3837323188781738,-0.0,-6.899306015384354e-08,0.0,282.9992980957031,284.4533386230469,290.2752380371094,291.35028076171875,293.1499938964844,293.1499938964844,278.1499938964844,0.0,18000.0,313.1499938964844,0.0,18000.0,0.0,0.0,0.0,0.0,0.0,0.0,0.0,0.0,0.0,-0.0,-0.0,0.0,-5.2805772432836115e-21,-2.6402886216418057e-21,-2.6402886216418057e-21,0.0,0.0,-0.0,0.0,0.0,0.0,-0.0,0.0,0.0,0.0,0.0,0.0,4.0,0.0,0.0
12286920,298.139892578125,303.1499938964844,285.1499938964844,0.0,-0.0,285.2468566894531,0.0,0.0,9.441094152862206e-05,298.04669189453125,303.1499938964844,285.1499938964844,0.0,-0.0,285.2468566894531,0.0,0.0,9.941927419276908e-05,298.5811462402344,303.1499938964844,285.1499938964844,0.0,-0.0,285.2468566894531,0.0,0.0,7.343074685195461e-05,297.8780212402344,303.1499938964844,285.1499938964844,0.0,-0.0,285.2468566894531,0.0,0.0,9.941926691681148e-05,298.23736572265625,303.1499938964844,285.1499938964844,0.0,-0.0,285.24676513671875,0.0,0.0,0.0004716021358035,285.2715148925781,294.1499938964844,285.9423217773437,282.28277587890625,286.8280944824219,286.03857421875,285.3906555175781,0.0,0.0,0.0,0.0,1.0,1.0,-0.0010059421183541,6.558892096109048e-09,0.0010059354826807,-0.0162353962659835,0.0,0.0,0.0,-0.0080643398687243,60.0,0.3837323188781738,-0.0,-6.899306015384354e-08,0.0,282.9992980957031,284.4533386230469,290.2752380371094,291.35028076171875,293.1499938964844,293.1499938964844,278.1499938964844,0.0,18000.0,313.1499938964844,0.0,18000.0,0.0,0.0,0.0,0.0,0.0,0.0,0.0,0.0,0.0,-0.0,-0.0,0.0,-5.2805772432836115e-21,-2.6402886216418057e-21,-2.6402886216418057e-21,0.0,0.0,-0.0,0.0,0.0,0.0,-0.0,0.0,0.0,0.0,0.0,0.0,4.0,0.0,0.0
12286980,298.1434631347656,303.1499938964844,285.1499938964844,0.0,-0.0,285.2479248046875,0.0,0.0,9.438567940378562e-05,298.0444030761719,303.1499938964844,285.1499938964844,0.0,-0.0,285.2479553222656,0.0,0.0,9.939267329173164e-05,298.5788879394531,303.1499938964844,285.1499938964844,0.0,-0.0,285.2479248046875,0.0,0.0,7.34110944904387e-05,297.8768920898437,303.1499938964844,285.1499938964844,0.0,-0.0,285.2479248046875,0.0,0.0,9.9392666015774e-05,298.2359313964844,303.1499938964844,285.1499938964844,0.0,-0.0,285.24786376953125,0.0,0.0,0.0004714759415946,285.27264404296875,294.1499938964844,285.9372863769531,282.2997131347656,286.8122863769531,286.01531982421875,285.39117431640625,0.0,0.0,0.0,0.0,1.0,1.0,-0.0010056728497147,6.527410167933567e-09,0.0010056663304567,-0.0161529313772916,0.0,0.0,0.0,-0.0080487336963415,60.0,0.3787352740764618,-0.0,-6.895613324786609e-08,0.0,282.9992980957031,284.4533386230469,290.2752380371094,291.35028076171875,293.1499938964844,293.1499938964844,278.1499938964844,0.0,18000.0,313.1499938964844,0.0,18000.0,0.0,0.0,0.0,0.0,0.0,0.0,0.0,0.0,0.0,-0.0,-0.0,0.0,-5.2805772432836115e-21,-2.6402886216418057e-21,-2.6402886216418057e-21,0.0,0.0,-0.0,0.0,0.0,0.0,-0.0,0.0,0.0,0.0,0.0,0.0,4.0,0.0,0.0
12287040,298.1434631347656,303.1499938964844,285.1499938964844,0.0,-0.0,285.2479248046875,0.0,0.0,9.438567940378562e-05,298.0444030761719,303.1499938964844,285.1499938964844,0.0,-0.0,285.2479553222656,0.0,0.0,9.939267329173164e-05,298.5788879394531,303.1499938964844,285.1499938964844,0.0,-0.0,285.2479248046875,0.0,0.0,7.34110944904387e-05,297.8768920898437,303.1499938964844,285.1499938964844,0.0,-0.0,285.2479248046875,0.0,0.0,9.9392666015774e-05,298.2359313964844,303.1499938964844,285.1499938964844,0.0,-0.0,285.24786376953125,0.0,0.0,0.0004714759415946,285.27264404296875,294.1499938964844,285.9372863769531,282.2997131347656,286.8122863769531,286.01531982421875,285.39117431640625,0.0,0.0,0.0,0.0,1.0,1.0,-0.0010056728497147,6.527410167933567e-09,0.0010056663304567,-0.0161529313772916,0.0,0.0,0.0,-0.0080487336963415,60.0,0.3787352740764618,-0.0,-6.895613324786609e-08,0.0,282.9992980957031,284.4533386230469,290.2752380371094,291.35028076171875,293.1499938964844,293.1499938964844,278.1499938964844,0.0,18000.0,313.1499938964844,0.0,18000.0,0.0,0.0,0.0,0.0,0.0,0.0,0.0,0.0,0.0,-0.0,-0.0,0.0,-5.2805772432836115e-21,-2.6402886216418057e-21,-2.6402886216418057e-21,0.0,0.0,-0.0,0.0,0.0,0.0,-0.0,0.0,0.0,0.0,0.0,0.0,4.0,0.0,0.0
12287100,298.1455383300781,303.1499938964844,285.1499938964844,0.0,-0.0,285.2484741210937,0.0,0.0,9.43658160394989e-05,298.0433959960937,303.1499938964844,285.1499938964844,0.0,-0.0,285.2485046386719,0.0,0.0,9.937175491359083e-05,298.5778503417969,303.1499938964844,285.1499938964844,0.0,-0.0,285.2484741210937,0.0,0.0,7.339564763242379e-05,297.8766784667969,303.1499938964844,285.1499938964844,0.0,-0.0,285.2484741210937,0.0,0.0,9.937174763763323e-05,298.2353210449219,303.1499938964844,285.1499938964844,0.0,-0.0,285.2484130859375,0.0,0.0,0.0004713767266366,285.273193359375,294.1499938964844,285.9357604980469,282.3091735839844,286.8044738769531,286.0057067871094,285.3914489746094,0.0,0.0,0.0,0.0,1.0,1.0,-0.0010054612066596,6.502660632179413e-09,0.0010054546874016,-0.0160881001502275,0.0,0.0,0.0,-0.0080364644527435,60.0,0.3770011961460113,-0.0,-6.892710757711029e-08,0.0,282.9992980957031,284.4533386230469,290.2752380371094,291.35028076171875,293.1499938964844,293.1499938964844,278.1499938964844,0.0,18000.0,313.1499938964844,0.0,18000.0,0.0,0.0,0.0,0.0,0.0,0.0,0.0,0.0,0.0,-0.0,-0.0,0.0,-5.2805772432836115e-21,-2.6402886216418057e-21,-2.6402886216418057e-21,0.0,0.0,-0.0,0.0,0.0,0.0,-0.0,0.0,0.0,0.0,0.0,0.0,4.0,0.0,0.0
12287160,298.1477355957031,303.1499938964844,285.1499938964844,0.0,-0.0,285.2490234375,0.0,0.0,9.4342372904066e-05,298.0424499511719,303.1499938964844,285.1499938964844,0.0,-0.0,285.2490539550781,0.0,0.0,9.934706758940592e-05,298.57684326171875,303.1499938964844,285.1499938964844,0.0,-0.0,285.2490234375,0.0,0.0,7.337741408264264e-05,297.8766784667969,303.1499938964844,285.1499938964844,0.0,-0.0,285.2490234375,0.0,0.0,9.934706031344832e-05,298.2347717285156,303.1499938964844,285.1499938964844,0.0,-0.0,285.2489624023437,0.0,0.0,0.0004712596128229,285.27374267578125,294.1499938964844,285.9349060058594,282.3193054199219,286.79669189453125,285.9970397949219,285.3916931152344,0.0,0.0,0.0,0.0,1.0,1.0,-0.0010052114957943,6.473445335331007e-09,0.0010052049765363,-0.0160115715116262,0.0,0.0,0.0,-0.0080219814553856,60.0,0.3756237924098968,-0.0,-6.889285941724665e-08,0.0,282.9992980957031,284.4533386230469,290.2752380371094,291.35028076171875,293.1499938964844,293.1499938964844,278.1499938964844,0.0,18000.0,313.1499938964844,0.0,18000.0,0.0,0.0,0.0,0.0,0.0,0.0,0.0,0.0,0.0,-0.0,-0.0,0.0,-5.2805772432836115e-21,-2.6402886216418057e-21,-2.6402886216418057e-21,0.0,0.0,-0.0,0.0,0.0,0.0,-0.0,0.0,0.0,0.0,0.0,0.0,4.0,0.0,0.0
12287220,298.15252685546875,303.1499938964844,285.1499938964844,0.0,-0.0,285.2501220703125,0.0,0.0,9.428337216377258e-05,298.0408020019531,303.1499938964844,285.1499938964844,0.0,-0.0,285.2501220703125,0.0,0.0,9.92849381873384e-05,298.5750427246094,303.1499938964844,285.1499938964844,0.0,-0.0,285.2501220703125,0.0,0.0,7.333152461796999e-05,297.8773193359375,303.1499938964844,285.1499938964844,0.0,-0.0,285.2501220703125,0.0,0.0,9.92849309113808e-05,298.2339172363281,303.1499938964844,285.1499938964844,0.0,-0.0,285.2500305175781,0.0,0.0,0.0004709649074357,285.2748413085937,294.1499938964844,285.93524169921875,282.3414611816406,286.7814025878906,285.9828186035156,285.3922119140625,0.0,0.0,0.0,0.0,1.0,1.0,-0.0010045828530564,6.3999348043353166e-09,0.0010045764502137,-0.0158190131187438,0.0,0.0,0.0,-0.0079855388030409,60.0,0.3742498159408569,-0.0,-6.88067132159631e-08,0.0,282.9992980957031,284.4533386230469,290.2752380371094,291.35028076171875,293.1499938964844,293.1499938964844,278.1499938964844,0.0,18000.0,313.1499938964844,0.0,18000.0,0.0,0.0,0.0,0.0,0.0,0.0,0.0,0.0,0.0,-0.0,-0.0,0.0,-5.2805772432836115e-21,-2.6402886216418057e-21,-2.6402886216418057e-21,0.0,0.0,-0.0,0.0,0.0,0.0,-0.0,0.0,0.0,0.0,0.0,0.0,4.0,0.0,0.0
12287280,298.15252685546875,303.1499938964844,285.1499938964844,0.0,-0.0,285.2501220703125,0.0,0.0,9.428337216377258e-05,298.0408020019531,303.1499938964844,285.1499938964844,0.0,-0.0,285.2501220703125,0.0,0.0,9.92849381873384e-05,298.5750427246094,303.1499938964844,285.1499938964844,0.0,-0.0,285.2501220703125,0.0,0.0,7.333152461796999e-05,297.8773193359375,303.1499938964844,285.1499938964844,0.0,-0.0,285.2501220703125,0.0,0.0,9.92849309113808e-05,298.2339172363281,303.1499938964844,285.1499938964844,0.0,-0.0,285.2500305175781,0.0,0.0,0.0004709649074357,285.2748413085937,294.1499938964844,285.93524169921875,282.3414611816406,286.7814025878906,285.9828186035156,285.3922119140625,0.0,0.0,0.0,0.0,1.0,1.0,-0.0010045828530564,6.3999348043353166e-09,0.0010045764502137,-0.0158190131187438,0.0,0.0,0.0,-0.0079855388030409,60.0,0.3742498159408569,-0.0,-6.88067132159631e-08,0.0,282.9992980957031,284.4533386230469,290.2752380371094,291.35028076171875,293.1499938964844,293.1499938964844,278.1499938964844,0.0,18000.0,313.1499938964844,0.0,18000.0,0.0,0.0,0.0,0.0,0.0,0.0,0.0,0.0,0.0,-0.0,-0.0,0.0,-5.2805772432836115e-21,-2.6402886216418057e-21,-2.6402886216418057e-21,0.0,0.0,-0.0,0.0,0.0,0.0,-0.0,0.0,0.0,0.0,0.0,0.0,4.0,0.0,0.0
12287340,298.15802001953125,303.1499938964844,285.1499938964844,0.0,-0.0,285.2511901855469,0.0,0.0,9.420943388249724e-05,298.0394897460937,303.1499938964844,285.1499938964844,0.0,-0.0,285.251220703125,0.0,0.0,9.920707816490903e-05,298.5735168457031,303.1499938964844,285.1499938964844,0.0,-0.0,285.2511901855469,0.0,0.0,7.327401544898748e-05,297.8788757324219,303.1499938964844,285.1499938964844,0.0,-0.0,285.2511901855469,0.0,0.0,9.920707088895142e-05,298.2333679199219,303.1499938964844,285.1499938964844,0.0,-0.0,285.2510986328125,0.0,0.0,0.0004705955507233,285.27593994140625,294.1499938964844,285.9383239746094,282.3661804199219,286.76641845703125,285.9726867675781,285.3927001953125,0.0,0.0,0.0,0.0,1.0,1.0,-0.0010037949541583,6.307808497751921e-09,0.0010037886677309,-0.0155776860192418,0.0,0.0,0.0,-0.0079398686066269,60.0,0.3748223483562469,-0.0,-6.869883151239264e-08,0.0,282.9992980957031,284.4533386230469,290.2752380371094,291.35028076171875,293.1499938964844,293.1499938964844,278.1499938964844,0.0,18000.0,313.1499938964844,0.0,18000.0,0.0,0.0,0.0,0.0,0.0,0.0,0.0,0.0,0.0,-0.0,-0.0,0.0,-5.2805772432836115e-21,-2.6402886216418057e-21,-2.6402886216418057e-21,0.0,0.0,-0.0,0.0,0.0,0.0,-0.0,0.0,0.0,0.0,0.0,0.0,4.0,0.0,0.0
12287400,298.15802001953125,303.1499938964844,285.1499938964844,0.0,-0.0,285.2511901855469,0.0,0.0,9.420943388249724e-05,298.0394897460937,303.1499938964844,285.1499938964844,0.0,-0.0,285.251220703125,0.0,0.0,9.920707816490903e-05,298.5735168457031,303.1499938964844,285.1499938964844,0.0,-0.0,285.2511901855469,0.0,0.0,7.327401544898748e-05,297.8788757324219,303.1499938964844,285.1499938964844,0.0,-0.0,285.2511901855469,0.0,0.0,9.920707088895142e-05,298.2333679199219,303.1499938964844,285.1499938964844,0.0,-0.0,285.2510986328125,0.0,0.0,0.0004705955507233,285.27593994140625,294.1499938964844,285.9383239746094,282.3661804199219,286.76641845703125,285.9726867675781,285.3927001953125,0.0,0.0,0.0,0.0,1.0,1.0,-0.0010037949541583,6.307808497751921e-09,0.0010037886677309,-0.0155776860192418,0.0,0.0,0.0,-0.0079398686066269,60.0,0.3748223483562469,-0.0,-6.869883151239264e-08,0.0,282.9992980957031,284.4533386230469,290.2752380371094,291.35028076171875,293.1499938964844,293.1499938964844,278.1499938964844,0.0,18000.0,313.1499938964844,0.0,18000.0,0.0,0.0,0.0,0.0,0.0,0.0,0.0,0.0,0.0,-0.0,-0.0,0.0,-5.2805772432836115e-21,-2.6402886216418057e-21,-2.6402886216418057e-21,0.0,0.0,-0.0,0.0,0.0,0.0,-0.0,0.0,0.0,0.0,0.0,0.0,4.0,0.0,0.0
12287460,298.1640625,303.1499938964844,285.1499938964844,0.0,-0.0,285.25225830078125,0.0,0.0,9.412295912625268e-05,298.0384216308594,303.1499938964844,285.1499938964844,0.0,-0.0,285.2522888183594,0.0,0.0,9.911601955536752e-05,298.5722045898437,303.1499938964844,285.1499938964844,0.0,-0.0,285.25225830078125,0.0,0.0,7.320675649680197e-05,297.88116455078125,303.1499938964844,285.1499938964844,0.0,-0.0,285.25225830078125,0.0,0.0,9.911601227940992e-05,298.2331237792969,303.1499938964844,285.1499938964844,0.0,-0.0,285.252197265625,0.0,0.0,0.0004701636207755,285.27703857421875,294.1499938964844,285.9442443847656,282.3934631347656,286.75177001953125,285.96563720703125,285.3931579589844,0.0,0.0,0.0,0.0,1.0,1.0,-0.0010028736433014,6.200067126371778e-09,0.0010028674732893,-0.0152954533696174,0.0,0.0,0.0,-0.0078864563256502,60.0,0.3770369589328766,-0.0,-6.85727670202141e-08,0.0,282.9992980957031,284.4533386230469,290.2752380371094,291.35028076171875,293.1499938964844,293.1499938964844,278.1499938964844,0.0,18000.0,313.1499938964844,0.0,18000.0,0.0,0.0,0.0,0.0,0.0,0.0,0.0,0.0,0.0,-0.0,-0.0,0.0,-5.2805772432836115e-21,-2.6402886216418057e-21,-2.6402886216418057e-21,0.0,0.0,-0.0,0.0,0.0,0.0,-0.0,0.0,0.0,0.0,0.0,0.0,4.0,0.0,0.0
12287520,298.1640625,303.1499938964844,285.1499938964844,0.0,-0.0,285.25225830078125,0.0,0.0,9.412295912625268e-05,298.0384216308594,303.1499938964844,285.1499938964844,0.0,-0.0,285.2522888183594,0.0,0.0,9.911601955536752e-05,298.5722045898437,303.1499938964844,285.1499938964844,0.0,-0.0,285.25225830078125,0.0,0.0,7.320675649680197e-05,297.88116455078125,303.1499938964844,285.1499938964844,0.0,-0.0,285.25225830078125,0.0,0.0,9.911601227940992e-05,298.2331237792969,303.1499938964844,285.1499938964844,0.0,-0.0,285.252197265625,0.0,0.0,0.0004701636207755,285.27703857421875,294.1499938964844,285.9442443847656,282.3934631347656,286.75177001953125,285.96563720703125,285.3931579589844,0.0,0.0,0.0,0.0,1.0,1.0,-0.0010028736433014,6.200067126371778e-09,0.0010028674732893,-0.0152954533696174,0.0,0.0,0.0,-0.0078864563256502,60.0,0.3770369589328766,-0.0,-6.85727670202141e-08,0.0,282.9992980957031,284.4533386230469,290.2752380371094,291.35028076171875,293.1499938964844,293.1499938964844,278.1499938964844,0.0,18000.0,313.1499938964844,0.0,18000.0,0.0,0.0,0.0,0.0,0.0,0.0,0.0,0.0,0.0,-0.0,-0.0,0.0,-5.2805772432836115e-21,-2.6402886216418057e-21,-2.6402886216418057e-21,0.0,0.0,-0.0,0.0,0.0,0.0,-0.0,0.0,0.0,0.0,0.0,0.0,4.0,0.0,0.0
12287580,298.1708374023437,303.1499938964844,285.1499938964844,0.0,-0.0,285.2533264160156,0.0,0.0,9.402399882674216e-05,298.0376281738281,303.1499938964844,285.1499938964844,0.0,-0.0,285.2533569335937,0.0,0.0,9.901180601445958e-05,298.5711975097656,303.1499938964844,285.1499938964844,0.0,-0.0,285.2533264160156,0.0,0.0,7.312979141715914e-05,297.8843078613281,303.1499938964844,285.1499938964844,0.0,-0.0,285.2533264160156,0.0,0.0,9.901179873850197e-05,298.23321533203125,303.1499938964844,285.1499938964844,0.0,-0.0,285.2532653808594,0.0,0.0,0.0004696692631114,285.27813720703125,294.1499938964844,285.9530029296875,282.4232482910156,286.7375793457031,285.96221923828125,285.39361572265625,0.0,0.0,0.0,0.0,1.0,1.0,-0.0010018191533163,6.0767666454353275e-09,0.0010018130997195,-0.0149724576622247,0.0,0.0,0.0,-0.0078253308311104,60.0,0.3813817203044891,-0.0,-6.842864053169252e-08,0.0,282.9992980957031,284.4533386230469,290.2752380371094,291.35028076171875,293.1499938964844,293.1499938964844,278.1499938964844,0.0,18000.0,313.1499938964844,0.0,18000.0,0.0,0.0,0.0,0.0,0.0,0.0,0.0,0.0,0.0,-0.0,-0.0,0.0,-5.2805772432836115e-21,-2.6402886216418057e-21,-2.6402886216418057e-21,0.0,0.0,-0.0,0.0,0.0,0.0,-0.0,0.0,0.0,0.0,0.0,0.0,4.0,0.0,0.0
12287640,298.1708374023437,303.1499938964844,285.1499938964844,0.0,-0.0,285.2533264160156,0.0,0.0,9.402399882674216e-05,298.0376281738281,303.1499938964844,285.1499938964844,0.0,-0.0,285.2533569335937,0.0,0.0,9.901180601445958e-05,298.5711975097656,303.1499938964844,285.1499938964844,0.0,-0.0,285.2533264160156,0.0,0.0,7.312979141715914e-05,297.8843078613281,303.1499938964844,285.1499938964844,0.0,-0.0,285.2533264160156,0.0,0.0,9.901179873850197e-05,298.23321533203125,303.1499938964844,285.1499938964844,0.0,-0.0,285.2532653808594,0.0,0.0,0.0004696692631114,285.27813720703125,294.1499938964844,285.9530029296875,282.4232482910156,286.7375793457031,285.96221923828125,285.39361572265625,0.0,0.0,0.0,0.0,1.0,1.0,-0.0010018191533163,6.0767666454353275e-09,0.0010018130997195,-0.0149724576622247,0.0,0.0,0.0,-0.0078253308311104,60.0,0.3813817203044891,-0.0,-6.842864053169252e-08,0.0,282.9992980957031,284.4533386230469,290.2752380371094,291.35028076171875,293.1499938964844,293.1499938964844,278.1499938964844,0.0,18000.0,313.1499938964844,0.0,18000.0,0.0,0.0,0.0,0.0,0.0,0.0,0.0,0.0,0.0,-0.0,-0.0,0.0,-5.2805772432836115e-21,-2.6402886216418057e-21,-2.6402886216418057e-21,0.0,0.0,-0.0,0.0,0.0,0.0,-0.0,0.0,0.0,0.0,0.0,0.0,4.0,0.0,0.0
12287700,298.17449951171875,303.1499938964844,285.1499938964844,0.0,-0.0,285.2538757324219,0.0,0.0,9.39703531912528e-05,298.037353515625,303.1499938964844,285.1499938964844,0.0,-0.0,285.2538757324219,0.0,0.0,9.895531547954306e-05,298.5707702636719,303.1499938964844,285.1499938964844,0.0,-0.0,285.2538757324219,0.0,0.0,7.30880638002418e-05,297.8861694335937,303.1499938964844,285.1499938964844,0.0,-0.0,285.2538757324219,0.0,0.0,9.895530820358545e-05,298.2333679199219,303.1499938964844,285.1499938964844,0.0,-0.0,285.2537841796875,0.0,0.0,0.0004694013041444,285.2786865234375,294.1499938964844,285.9584655761719,282.4390869140625,286.7306213378906,285.9616394042969,285.3938293457031,0.0,0.0,0.0,0.0,1.0,1.0,-0.0010012476705014,6.009927666639214e-09,0.0010012416169047,-0.0147973652929067,0.0,0.0,0.0,-0.0077921962365508,60.0,0.3842256665229797,-0.0,-6.835057320131456e-08,0.0,282.9992980957031,284.4533386230469,290.2752380371094,291.35028076171875,293.1499938964844,293.1499938964844,278.1499938964844,0.0,18000.0,313.1499938964844,0.0,18000.0,0.0,0.0,0.0,0.0,0.0,0.0,0.0,0.0,0.0,-0.0,-0.0,0.0,-5.2805772432836115e-21,-2.6402886216418057e-21,-2.6402886216418057e-21,0.0,0.0,-0.0,0.0,0.0,0.0,-0.0,0.0,0.0,0.0,0.0,0.0,4.0,0.0,0.0
12287760,298.1783447265625,303.1499938964844,285.1499938964844,0.0,-0.0,285.25439453125,0.0,0.0,9.39139208639972e-05,298.0371398925781,303.1499938964844,285.1499938964844,0.0,-0.0,285.2544250488281,0.0,0.0,9.889589273370802e-05,298.5704345703125,303.1499938964844,285.1499938964844,0.0,-0.0,285.25439453125,0.0,0.0,7.304417522391304e-05,297.8882141113281,303.1499938964844,285.1499938964844,0.0,-0.0,285.25439453125,0.0,0.0,9.88958781817928e-05,298.23358154296875,303.1499938964844,285.1499938964844,0.0,-0.0,285.2543334960937,0.0,0.0,0.0004691194044426,285.2792053222656,294.1499938964844,285.96466064453125,282.45556640625,286.72381591796875,285.9618225097656,285.3940734863281,0.0,0.0,0.0,0.0,1.0,1.0,-0.0010006462689489,5.939615022043654e-09,0.0010006403317674,-0.0146131729707121,0.0,0.0,0.0,-0.0077573396265506,60.0,0.3875640034675598,-0.0,-6.82684984099069e-08,0.0,282.9992980957031,284.4533386230469,290.2752380371094,291.35028076171875,293.1499938964844,293.1499938964844,278.1499938964844,0.0,18000.0,313.1499938964844,0.0,18000.0,0.0,0.0,0.0,0.0,0.0,0.0,0.0,0.0,0.0,-0.0,-0.0,0.0,-5.2805772432836115e-21,-2.6402886216418057e-21,-2.6402886216418057e-21,0.0,0.0,-0.0,0.0,0.0,0.0,-0.0,0.0,0.0,0.0,0.0,0.0,4.0,0.0,0.0
12287820,298.18658447265625,303.1499938964844,285.1499938964844,0.0,-0.0,285.2554626464844,0.0,0.0,9.379351104144008e-05,298.0368347167969,303.1499938964844,285.1499938964844,0.0,-0.0,285.2554931640625,0.0,0.0,9.876909462036564e-05,298.5699157714844,303.1499938964844,285.1499938964844,0.0,-0.0,285.2554626464844,0.0,0.0,7.295051909750327e-05,297.8927917480469,303.1499938964844,285.1499938964844,0.0,-0.0,285.2554626464844,0.0,0.0,9.876908734440804e-05,298.2342224121094,303.1499938964844,285.1499938964844,0.0,-0.0,285.2554016113281,0.0,0.0,0.0004685179446823,285.2803039550781,294.1499938964844,285.9792785644531,282.4903869628906,286.7105407714844,285.9642028808594,285.3945007324219,0.0,0.0,0.0,0.0,1.0,1.0,-0.0009993633721023,5.7895963578857845e-09,0.0009993575513362,-0.0142201744019985,0.0,0.0,0.0,-0.0076829683966934,60.0,0.3956254124641418,-0.0,-6.80935556829354e-08,0.0,282.9992980957031,284.4533386230469,290.2752380371094,291.35028076171875,293.1499938964844,293.1499938964844,278.1499938964844,0.0,18000.0,313.1499938964844,0.0,18000.0,0.0,0.0,0.0,0.0,0.0,0.0,0.0,0.0,0.0,-0.0,-0.0,0.0,-5.2805772432836115e-21,-2.6402886216418057e-21,-2.6402886216418057e-21,0.0,0.0,-0.0,0.0,0.0,0.0,-0.0,0.0,0.0,0.0,0.0,0.0,4.0,0.0,0.0
12287880,298.18658447265625,303.1499938964844,285.1499938964844,0.0,-0.0,285.2554626464844,0.0,0.0,9.379351104144008e-05,298.0368347167969,303.1499938964844,285.1499938964844,0.0,-0.0,285.2554931640625,0.0,0.0,9.876909462036564e-05,298.5699157714844,303.1499938964844,285.1499938964844,0.0,-0.0,285.2554626464844,0.0,0.0,7.295051909750327e-05,297.8927917480469,303.1499938964844,285.1499938964844,0.0,-0.0,285.2554626464844,0.0,0.0,9.876908734440804e-05,298.2342224121094,303.1499938964844,285.1499938964844,0.0,-0.0,285.2554016113281,0.0,0.0,0.0004685179446823,285.2803039550781,294.1499938964844,285.9792785644531,282.4903869628906,286.7105407714844,285.9642028808594,285.3945007324219,0.0,0.0,0.0,0.0,1.0,1.0,-0.0009993633721023,5.7895963578857845e-09,0.0009993575513362,-0.0142201744019985,0.0,0.0,0.0,-0.0076829683966934,60.0,0.3956254124641418,-0.0,-6.80935556829354e-08,0.0,282.9992980957031,284.4533386230469,290.2752380371094,291.35028076171875,293.1499938964844,293.1499938964844,278.1499938964844,0.0,18000.0,313.1499938964844,0.0,18000.0,0.0,0.0,0.0,0.0,0.0,0.0,0.0,0.0,0.0,-0.0,-0.0,0.0,-5.2805772432836115e-21,-2.6402886216418057e-21,-2.6402886216418057e-21,0.0,0.0,-0.0,0.0,0.0,0.0,-0.0,0.0,0.0,0.0,0.0,0.0,4.0,0.0,0.0
12287940,298.19415283203125,303.1499938964844,285.1499938964844,0.0,-0.0,285.25634765625,0.0,0.0,9.368469181936234e-05,298.0367431640625,303.1499938964844,285.1499938964844,0.0,-0.0,285.2563781738281,0.0,0.0,9.865449828794226e-05,298.56964111328125,303.1499938964844,285.1499938964844,0.0,-0.0,285.25634765625,0.0,0.0,7.286588515853509e-05,297.89715576171875,303.1499938964844,285.1499938964844,0.0,-0.0,285.25634765625,0.0,0.0,9.865449101198465e-05,298.2349853515625,303.1499938964844,285.1499938964844,0.0,-0.0,285.2562866210937,0.0,0.0,0.0004679743724409,285.2811889648437,294.1499938964844,285.99383544921875,282.52154541015625,286.6997985839844,285.9683837890625,285.3948669433594,0.0,0.0,0.0,0.0,1.0,1.0,-0.0009982038754969,5.654011037137252e-09,0.0009981981711462,-0.0138649819418787,0.0,0.0,0.0,-0.0076157534494996,60.0,0.4039701521396637,-0.0,-6.793563045448536e-08,0.0,282.9992980957031,284.4533386230469,290.2752380371094,291.35028076171875,293.1499938964844,293.1499938964844,278.1499938964844,0.0,18000.0,313.1499938964844,0.0,18000.0,0.0,0.0,0.0,0.0,0.0,0.0,0.0,0.0,0.0,-0.0,-0.0,0.0,-5.2805772432836115e-21,-2.6402886216418057e-21,-2.6402886216418057e-21,0.0,0.0,-0.0,0.0,0.0,0.0,-0.0,0.0,0.0,0.0,0.0,0.0,4.0,0.0,0.0
12288000,298.1956787109375,303.1499938964844,285.1499938964844,0.0,-0.0,285.25653076171875,0.0,0.0,9.36632277444005e-05,298.0367431640625,303.1499938964844,285.1499938964844,0.0,-0.0,285.25653076171875,0.0,0.0,9.86318991635926e-05,298.56964111328125,303.1499938964844,285.1499938964844,0.0,-0.0,285.25653076171875,0.0,0.0,7.284918683581054e-05,297.8980407714844,303.1499938964844,285.1499938964844,0.0,-0.0,285.25653076171875,0.0,0.0,9.8631891887635e-05,298.23516845703125,303.1499938964844,285.1499938964844,0.0,-0.0,285.2564697265625,0.0,0.0,0.0004678671539295,285.2813720703125,294.1499938964844,285.9968566894531,282.5276794433594,286.69781494140625,285.9693603515625,285.3949279785156,0.0,0.0,0.0,0.0,1.0,1.0,-0.0009979751193895,5.627268429009291e-09,0.0009979695314541,-0.0137949241325259,0.0,0.0,0.0,-0.0076024960726499,60.0,0.40570929646492,-0.0,-6.790450157723171e-08,0.0,282.9992980957031,284.4533386230469,290.2752380371094,291.35028076171875,293.1499938964844,293.1499938964844,278.1499938964844,0.0,18000.0,313.1499938964844,0.0,18000.0,0.0,0.0,0.0,0.0,0.0,0.0,0.0,0.0,0.0,-0.0,-0.0,0.0,-5.2805772432836115e-21,-2.6402886216418057e-21,-2.6402886216418057e-21,0.0,0.0,-0.0,0.0,0.0,0.0,-0.0,0.0,0.0,0.0,0.0,0.0,4.0,0.0,0.0
12288060,298.2057189941406,303.1499938964844,285.1499938964844,0.0,-0.0,285.257568359375,0.0,0.0,9.352402412332594e-05,298.0368347167969,303.1499938964844,285.1499938964844,0.0,-0.0,285.2575988769531,0.0,0.0,9.848530316958204e-05,298.569580078125,303.1499938964844,285.1499938964844,0.0,-0.0,285.2575988769531,0.0,0.0,7.274092058651149e-05,297.9039001464844,303.1499938964844,285.1499938964844,0.0,-0.0,285.2575988769531,0.0,0.0,9.848529589362442e-05,298.236328125,303.1499938964844,285.1499938964844,0.0,-0.0,285.25750732421875,0.0,0.0,0.0004671717761084,285.28240966796875,294.1499938964844,286.0175170898437,282.5674133300781,286.6856384277344,285.9771728515625,285.39532470703125,0.0,0.0,0.0,0.0,1.0,1.0,-0.0009964918717741,5.453829388102349e-09,0.000996486400254,-0.0133405560627579,0.0,0.0,0.0,-0.0075165145099163,60.0,0.4178059101104736,-0.0,-6.770279981083149e-08,0.0,282.9992980957031,284.4533386230469,290.2752380371094,291.35028076171875,293.1499938964844,293.1499938964844,278.1499938964844,0.0,18000.0,313.1499938964844,0.0,18000.0,0.0,0.0,0.0,0.0,0.0,0.0,0.0,0.0,0.0,-0.0,-0.0,0.0,-5.2805772432836115e-21,-2.6402886216418057e-21,-2.6402886216418057e-21,0.0,0.0,-0.0,0.0,0.0,0.0,-0.0,0.0,0.0,0.0,0.0,0.0,4.0,0.0,0.0
12288120,298.2057189941406,303.1499938964844,285.1499938964844,0.0,-0.0,285.257568359375,0.0,0.0,9.352402412332594e-05,298.0368347167969,303.1499938964844,285.1499938964844,0.0,-0.0,285.2575988769531,0.0,0.0,9.848530316958204e-05,298.569580078125,303.1499938964844,285.1499938964844,0.0,-0.0,285.2575988769531,0.0,0.0,7.274092058651149e-05,297.9039001464844,303.1499938964844,285.1499938964844,0.0,-0.0,285.2575988769531,0.0,0.0,9.848529589362442e-05,298.236328125,303.1499938964844,285.1499938964844,0.0,-0.0,285.25750732421875,0.0,0.0,0.0004671717761084,285.28240966796875,294.1499938964844,286.0175170898437,282.5674133300781,286.6856384277344,285.9771728515625,285.39532470703125,0.0,0.0,0.0,0.0,1.0,1.0,-0.0009964918717741,5.453829388102349e-09,0.000996486400254,-0.0133405560627579,0.0,0.0,0.0,-0.0075165145099163,60.0,0.4178059101104736,-0.0,-6.770279981083149e-08,0.0,282.9992980957031,284.4533386230469,290.2752380371094,291.35028076171875,293.1499938964844,293.1499938964844,278.1499938964844,0.0,18000.0,313.1499938964844,0.0,18000.0,0.0,0.0,0.0,0.0,0.0,0.0,0.0,0.0,0.0,-0.0,-0.0,0.0,-5.2805772432836115e-21,-2.6402886216418057e-21,-2.6402886216418057e-21,0.0,0.0,-0.0,0.0,0.0,0.0,-0.0,0.0,0.0,0.0,0.0,0.0,4.0,0.0,0.0
12288180,298.2168884277344,303.1499938964844,285.1499938964844,0.0,-0.0,285.2586364746094,0.0,0.0,9.337689698440954e-05,298.0370178222656,303.1499938964844,285.1499938964844,0.0,-0.0,285.2586364746094,0.0,0.0,9.833037620410324e-05,298.5697937011719,303.1499938964844,285.1499938964844,0.0,-0.0,285.2586364746094,0.0,0.0,7.262648432515562e-05,297.91033935546875,303.1499938964844,285.1499938964844,0.0,-0.0,285.2586364746094,0.0,0.0,9.833036892814562e-05,298.2377319335937,303.1499938964844,285.1499938964844,0.0,-0.0,285.2585754394531,0.0,0.0,0.0004664368752855,285.2834777832031,294.1499938964844,286.041259765625,282.6095886230469,286.67413330078125,285.9875183105469,285.3957214355469,0.0,0.0,0.0,0.0,1.0,1.0,-0.0009949242230504,5.270523129041749e-09,0.0009949189843609,-0.0128603298217058,0.0,0.0,0.0,-0.007425642106682,60.0,0.4319251775741577,-0.0,-6.748995673433458e-08,0.0,282.9992980957031,284.4533386230469,290.2752380371094,291.35028076171875,293.1499938964844,293.1499938964844,278.1499938964844,0.0,18000.0,313.1499938964844,0.0,18000.0,0.0,0.0,0.0,0.0,0.0,0.0,0.0,0.0,0.0,-0.0,-0.0,0.0,-5.2805772432836115e-21,-2.6402886216418057e-21,-2.6402886216418057e-21,0.0,0.0,-0.0,0.0,0.0,0.0,-0.0,0.0,0.0,0.0,0.0,0.0,4.0,0.0,0.0
12288240,298.2168884277344,303.1499938964844,285.1499938964844,0.0,-0.0,285.2586364746094,0.0,0.0,9.337689698440954e-05,298.0370178222656,303.1499938964844,285.1499938964844,0.0,-0.0,285.2586364746094,0.0,0.0,9.833037620410324e-05,298.5697937011719,303.1499938964844,285.1499938964844,0.0,-0.0,285.2586364746094,0.0,0.0,7.262648432515562e-05,297.91033935546875,303.1499938964844,285.1499938964844,0.0,-0.0,285.2586364746094,0.0,0.0,9.833036892814562e-05,298.2377319335937,303.1499938964844,285.1499938964844,0.0,-0.0,285.2585754394531,0.0,0.0,0.0004664368752855,285.2834777832031,294.1499938964844,286.041259765625,282.6095886230469,286.67413330078125,285.9875183105469,285.3957214355469,0.0,0.0,0.0,0.0,1.0,1.0,-0.0009949242230504,5.270523129041749e-09,0.0009949189843609,-0.0128603298217058,0.0,0.0,0.0,-0.007425642106682,60.0,0.4319251775741577,-0.0,-6.748995673433458e-08,0.0,282.9992980957031,284.4533386230469,290.2752380371094,291.35028076171875,293.1499938964844,293.1499938964844,278.1499938964844,0.0,18000.0,313.1499938964844,0.0,18000.0,0.0,0.0,0.0,0.0,0.0,0.0,0.0,0.0,0.0,-0.0,-0.0,0.0,-5.2805772432836115e-21,-2.6402886216418057e-21,-2.6402886216418057e-21,0.0,0.0,-0.0,0.0,0.0,0.0,-0.0,0.0,0.0,0.0,0.0,0.0,4.0,0.0,0.0
12288300,298.22296142578125,303.1499938964844,285.1499938964844,0.0,-0.0,285.2591552734375,0.0,0.0,9.330068860435858e-05,298.0371398925781,303.1499938964844,285.1499938964844,0.0,-0.0,285.2591857910156,0.0,0.0,9.82501223916188e-05,298.5699768066406,303.1499938964844,285.1499938964844,0.0,-0.0,285.2591552734375,0.0,0.0,7.256720709847286e-05,297.91375732421875,303.1499938964844,285.1499938964844,0.0,-0.0,285.2591552734375,0.0,0.0,9.825011511566116e-05,298.238525390625,303.1499938964844,285.1499938964844,0.0,-0.0,285.25909423828125,0.0,0.0,0.0004660561680793,285.28399658203125,294.1499938964844,286.0542907714844,282.631591796875,286.6686096191406,285.99365234375,285.3959350585937,0.0,0.0,0.0,0.0,1.0,1.0,-0.0009941122261807,5.175571082816077e-09,0.0009941069874912,-0.0126115707680583,0.0,0.0,0.0,-0.0073785698041319,60.0,0.4397823214530945,-0.0,-6.73798297157191e-08,0.0,282.9992980957031,284.4533386230469,290.2752380371094,291.35028076171875,293.1499938964844,293.1499938964844,278.1499938964844,0.0,18000.0,313.1499938964844,0.0,18000.0,0.0,0.0,0.0,0.0,0.0,0.0,0.0,0.0,0.0,-0.0,-0.0,0.0,-5.2805772432836115e-21,-2.6402886216418057e-21,-2.6402886216418057e-21,0.0,0.0,-0.0,0.0,0.0,0.0,-0.0,0.0,0.0,0.0,0.0,0.0,4.0,0.0,0.0
12288360,298.2294921875,303.1499938964844,285.1499938964844,0.0,-0.0,285.2596740722656,0.0,0.0,9.322298865299672e-05,298.0372619628906,303.1499938964844,285.1499938964844,0.0,-0.0,285.2597045898437,0.0,0.0,9.81683042482473e-05,298.5702209472656,303.1499938964844,285.1499938964844,0.0,-0.0,285.2596740722656,0.0,0.0,7.250678027048707e-05,297.9172668457031,303.1499938964844,285.1499938964844,0.0,-0.0,285.2596740722656,0.0,0.0,9.816829697228968e-05,298.2393493652344,303.1499938964844,285.1499938964844,0.0,-0.0,285.2596130371094,0.0,0.0,0.0004656680685002,285.2845458984375,294.1499938964844,286.068115234375,282.6541748046875,286.6632995605469,286.0004272460937,285.3961181640625,0.0,0.0,0.0,0.0,1.0,1.0,-0.0009932843968272,5.078770737299011e-09,0.000993279274553,-0.0123579669743776,0.0,0.0,0.0,-0.007330582011491,60.0,0.4481810331344604,-0.0,-6.726765633402465e-08,0.0,282.9992980957031,284.4533386230469,290.2752380371094,291.35028076171875,293.1499938964844,293.1499938964844,278.1499938964844,0.0,18000.0,313.1499938964844,0.0,18000.0,0.0,0.0,0.0,0.0,0.0,0.0,0.0,0.0,0.0,-0.0,-0.0,0.0,-5.2805772432836115e-21,-2.6402886216418057e-21,-2.6402886216418057e-21,0.0,0.0,-0.0,0.0,0.0,0.0,-0.0,0.0,0.0,0.0,0.0,0.0,4.0,0.0,0.0
12288420,298.2436828613281,303.1499938964844,285.1499938964844,0.0,-0.0,285.2607116699219,0.0,0.0,9.306412539444864e-05,298.03759765625,303.1499938964844,285.1499938964844,0.0,-0.0,285.2607421875,0.0,0.0,9.8001015430782e-05,298.5708312988281,303.1499938964844,285.1499938964844,0.0,-0.0,285.2607116699219,0.0,0.0,7.238321995828301e-05,297.92437744140625,303.1499938964844,285.1499938964844,0.0,-0.0,285.2607116699219,0.0,0.0,9.800100815482438e-05,298.2410888671875,303.1499938964844,285.1499938964844,0.0,-0.0,285.2606506347656,0.0,0.0,0.000464874523459,285.2855834960937,294.1499938964844,286.0981750488281,282.7012023925781,286.6531677246094,286.0155029296875,285.3965148925781,0.0,0.0,0.0,0.0,1.0,1.0,-0.0009915917180478,4.880840176468837e-09,0.0009915868286043,-0.0118394093587994,0.0,0.0,0.0,-0.0072324592620134,60.0,0.4663625061511993,-0.0,-6.70385773560156e-08,0.0,282.9992980957031,284.4533386230469,290.2752380371094,291.35028076171875,293.1499938964844,293.1499938964844,278.1499938964844,0.0,18000.0,313.1499938964844,0.0,18000.0,0.0,0.0,0.0,0.0,0.0,0.0,0.0,0.0,0.0,-0.0,-0.0,0.0,-5.2805772432836115e-21,-2.6402886216418057e-21,-2.6402886216418057e-21,0.0,0.0,-0.0,0.0,0.0,0.0,-0.0,0.0,0.0,0.0,0.0,0.0,4.0,0.0,0.0
12288480,298.2436828613281,303.1499938964844,285.1499938964844,0.0,-0.0,285.2607116699219,0.0,0.0,9.306412539444864e-05,298.03759765625,303.1499938964844,285.1499938964844,0.0,-0.0,285.2607421875,0.0,0.0,9.8001015430782e-05,298.5708312988281,303.1499938964844,285.1499938964844,0.0,-0.0,285.2607116699219,0.0,0.0,7.238321995828301e-05,297.92437744140625,303.1499938964844,285.1499938964844,0.0,-0.0,285.2607116699219,0.0,0.0,9.800100815482438e-05,298.2410888671875,303.1499938964844,285.1499938964844,0.0,-0.0,285.2606506347656,0.0,0.0,0.000464874523459,285.2855834960937,294.1499938964844,286.0981750488281,282.7012023925781,286.6531677246094,286.0155029296875,285.3965148925781,0.0,0.0,0.0,0.0,1.0,1.0,-0.0009915917180478,4.880840176468837e-09,0.0009915868286043,-0.0118394093587994,0.0,0.0,0.0,-0.0072324592620134,60.0,0.4663625061511993,-0.0,-6.70385773560156e-08,0.0,282.9992980957031,284.4533386230469,290.2752380371094,291.35028076171875,293.1499938964844,293.1499938964844,278.1499938964844,0.0,18000.0,313.1499938964844,0.0,18000.0,0.0,0.0,0.0,0.0,0.0,0.0,0.0,0.0,0.0,-0.0,-0.0,0.0,-5.2805772432836115e-21,-2.6402886216418057e-21,-2.6402886216418057e-21,0.0,0.0,-0.0,0.0,0.0,0.0,-0.0,0.0,0.0,0.0,0.0,0.0,4.0,0.0,0.0
12288540,298.2574462890625,303.1499938964844,285.1499938964844,0.0,-0.0,285.2617492675781,0.0,0.0,9.290172602050006e-05,298.039306640625,303.1499938964844,285.1499938964844,0.0,-0.0,285.26177978515625,0.0,0.0,9.783000132301822e-05,298.5716247558594,303.1499938964844,285.1499938964844,0.0,-0.0,285.2617492675781,0.0,0.0,7.225690933410078e-05,297.9316101074219,303.1499938964844,285.1499938964844,0.0,-0.0,285.2617492675781,0.0,0.0,9.78299940470606e-05,298.24298095703125,303.1499938964844,285.1499938964844,0.0,-0.0,285.2616882324219,0.0,0.0,0.0004640633123926,285.28662109375,294.1499938964844,286.1314392089844,282.7505798339844,286.6437683105469,286.0328369140625,285.3969116210937,0.0,0.0,0.0,0.0,1.0,1.0,-0.0009898613207042,4.678509135658261e-09,0.0009898566640913,-0.0113093126565217,0.0,0.0,0.0,-0.0071321548894047,60.0,0.4866925776004791,-0.0,-6.680481590137789e-08,0.0,282.9992980957031,284.4533386230469,290.2752380371094,291.35028076171875,293.1499938964844,293.1499938964844,278.1499938964844,0.0,18000.0,313.1499938964844,0.0,18000.0,0.0,0.0,0.0,0.0,0.0,0.0,0.0,0.0,0.0,-0.0,-0.0,0.0,-5.2805772432836115e-21,-2.6402886216418057e-21,-2.6402886216418057e-21,0.0,0.0,-0.0,0.0,0.0,0.0,-0.0,0.0,0.0,0.0,0.0,0.0,4.0,0.0,0.0
12288600,298.2574462890625,303.1499938964844,285.1499938964844,0.0,-0.0,285.2617492675781,0.0,0.0,9.290172602050006e-05,298.039306640625,303.1499938964844,285.1499938964844,0.0,-0.0,285.26177978515625,0.0,0.0,9.783000132301822e-05,298.5716247558594,303.1499938964844,285.1499938964844,0.0,-0.0,285.2617492675781,0.0,0.0,7.225690933410078e-05,297.9316101074219,303.1499938964844,285.1499938964844,0.0,-0.0,285.2617492675781,0.0,0.0,9.78299940470606e-05,298.24298095703125,303.1499938964844,285.1499938964844,0.0,-0.0,285.2616882324219,0.0,0.0,0.0004640633123926,285.28662109375,294.1499938964844,286.1314392089844,282.7505798339844,286.6437683105469,286.0328369140625,285.3969116210937,0.0,0.0,0.0,0.0,1.0,1.0,-0.0009898613207042,4.678509135658261e-09,0.0009898566640913,-0.0113093126565217,0.0,0.0,0.0,-0.0071321548894047,60.0,0.4866925776004791,-0.0,-6.680481590137789e-08,0.0,282.9992980957031,284.4533386230469,290.2752380371094,291.35028076171875,293.1499938964844,293.1499938964844,278.1499938964844,0.0,18000.0,313.1499938964844,0.0,18000.0,0.0,0.0,0.0,0.0,0.0,0.0,0.0,0.0,0.0,-0.0,-0.0,0.0,-5.2805772432836115e-21,-2.6402886216418057e-21,-2.6402886216418057e-21,0.0,0.0,-0.0,0.0,0.0,0.0,-0.0,0.0,0.0,0.0,0.0,0.0,4.0,0.0,0.0
12288660,298.2700500488281,303.1499938964844,285.1499938964844,0.0,-0.0,285.2627868652344,0.0,0.0,9.27378496271558e-05,298.04229736328125,303.1499938964844,285.1499938964844,0.0,-0.0,285.2627868652344,0.0,0.0,9.765743016032502e-05,298.5726013183594,303.1499938964844,285.1499938964844,0.0,-0.0,285.2627868652344,0.0,0.0,7.212944910861552e-05,297.9389953613281,303.1499938964844,285.1499938964844,0.0,-0.0,285.2627868652344,0.0,0.0,9.76574228843674e-05,298.2450866699219,303.1499938964844,285.1499938964844,0.0,-0.0,285.2627258300781,0.0,0.0,0.0004632447089534,285.2876281738281,294.1499938964844,286.1679992675781,282.80230712890625,286.6351928710937,286.05224609375,285.39727783203125,0.0,0.0,0.0,0.0,1.0,1.0,-0.0009881152072921,4.4743329041807556e-09,0.0009881106670945,-0.0107743721455335,0.0,0.0,0.0,-0.0070309354923665,60.0,0.509162962436676,-0.0,-6.656932782789228e-08,0.0,282.9992980957031,284.4533386230469,290.2752380371094,291.35028076171875,293.1499938964844,293.1499938964844,278.1499938964844,0.0,18000.0,313.1499938964844,0.0,18000.0,0.0,0.0,0.0,0.0,0.0,0.0,0.0,0.0,0.0,-0.0,-0.0,0.0,-5.2805772432836115e-21,-2.6402886216418057e-21,-2.6402886216418057e-21,0.0,0.0,-0.0,0.0,0.0,0.0,-0.0,0.0,0.0,0.0,0.0,0.0,4.0,0.0,0.0
12288720,298.2700500488281,303.1499938964844,285.1499938964844,0.0,-0.0,285.2627868652344,0.0,0.0,9.27378496271558e-05,298.04229736328125,303.1499938964844,285.1499938964844,0.0,-0.0,285.2627868652344,0.0,0.0,9.765743016032502e-05,298.5726013183594,303.1499938964844,285.1499938964844,0.0,-0.0,285.2627868652344,0.0,0.0,7.212944910861552e-05,297.9389953613281,303.1499938964844,285.1499938964844,0.0,-0.0,285.2627868652344,0.0,0.0,9.76574228843674e-05,298.2450866699219,303.1499938964844,285.1499938964844,0.0,-0.0,285.2627258300781,0.0,0.0,0.0004632447089534,285.2876281738281,294.1499938964844,286.1679992675781,282.80230712890625,286.6351928710937,286.05224609375,285.39727783203125,0.0,0.0,0.0,0.0,1.0,1.0,-0.0009881152072921,4.4743329041807556e-09,0.0009881106670945,-0.0107743721455335,0.0,0.0,0.0,-0.0070309354923665,60.0,0.509162962436676,-0.0,-6.656932782789228e-08,0.0,282.9992980957031,284.4533386230469,290.2752380371094,291.35028076171875,293.1499938964844,293.1499938964844,278.1499938964844,0.0,18000.0,313.1499938964844,0.0,18000.0,0.0,0.0,0.0,0.0,0.0,0.0,0.0,0.0,0.0,-0.0,-0.0,0.0,-5.2805772432836115e-21,-2.6402886216418057e-21,-2.6402886216418057e-21,0.0,0.0,-0.0,0.0,0.0,0.0,-0.0,0.0,0.0,0.0,0.0,0.0,4.0,0.0,0.0
12288780,298.28143310546875,303.1499938964844,285.1499938964844,0.0,-0.0,285.2637939453125,0.0,0.0,9.25745625863783e-05,298.04620361328125,303.1499938964844,285.1499938964844,0.0,-0.0,285.2638244628906,0.0,0.0,9.748547745402902e-05,298.57379150390625,303.1499938964844,285.1499938964844,0.0,-0.0,285.2637939453125,0.0,0.0,7.200244726845995e-05,297.94647216796875,303.1499938964844,285.1499938964844,0.0,-0.0,285.2637939453125,0.0,0.0,9.74854701780714e-05,298.2474060058594,303.1499938964844,285.1499938964844,0.0,-0.0,285.26373291015625,0.0,0.0,0.000462429045001,285.2886657714844,294.1499938964844,286.2078857421875,282.8563842773437,286.6274719238281,286.0736999511719,285.39764404296875,0.0,0.0,0.0,0.0,1.0,1.0,-0.0009863752638921,4.270889863988714e-09,0.0009863709565252,-0.0102413427084684,0.0,0.0,0.0,-0.0069300797767937,60.0,0.5337749719619751,-0.0,-6.633510452047632e-08,0.0,282.9992980957031,284.4533386230469,290.2752380371094,291.35028076171875,293.1499938964844,293.1499938964844,278.1499938964844,0.0,18000.0,313.1499938964844,0.0,18000.0,0.0,0.0,0.0,0.0,0.0,0.0,0.0,0.0,0.0,-0.0,-0.0,0.0,-5.2805772432836115e-21,-2.6402886216418057e-21,-2.6402886216418057e-21,0.0,0.0,-0.0,0.0,0.0,0.0,-0.0,0.0,0.0,0.0,0.0,0.0,4.0,0.0,0.0
12288840,298.28143310546875,303.1499938964844,285.1499938964844,0.0,-0.0,285.2637939453125,0.0,0.0,9.25745625863783e-05,298.04620361328125,303.1499938964844,285.1499938964844,0.0,-0.0,285.2638244628906,0.0,0.0,9.748547745402902e-05,298.57379150390625,303.1499938964844,285.1499938964844,0.0,-0.0,285.2637939453125,0.0,0.0,7.200244726845995e-05,297.94647216796875,303.1499938964844,285.1499938964844,0.0,-0.0,285.2637939453125,0.0,0.0,9.74854701780714e-05,298.2474060058594,303.1499938964844,285.1499938964844,0.0,-0.0,285.26373291015625,0.0,0.0,0.000462429045001,285.2886657714844,294.1499938964844,286.2078857421875,282.8563842773437,286.6274719238281,286.0736999511719,285.39764404296875,0.0,0.0,0.0,0.0,1.0,1.0,-0.0009863752638921,4.270889863988714e-09,0.0009863709565252,-0.0102413427084684,0.0,0.0,0.0,-0.0069300797767937,60.0,0.5337749719619751,-0.0,-6.633510452047632e-08,0.0,282.9992980957031,284.4533386230469,290.2752380371094,291.35028076171875,293.1499938964844,293.1499938964844,278.1499938964844,0.0,18000.0,313.1499938964844,0.0,18000.0,0.0,0.0,0.0,0.0,0.0,0.0,0.0,0.0,0.0,-0.0,-0.0,0.0,-5.2805772432836115e-21,-2.6402886216418057e-21,-2.6402886216418057e-21,0.0,0.0,-0.0,0.0,0.0,0.0,-0.0,0.0,0.0,0.0,0.0,0.0,4.0,0.0,0.0
12288900,298.2866516113281,303.1499938964844,285.1499938964844,0.0,-0.0,285.2643127441406,0.0,0.0,9.24938649404794e-05,298.0484313964844,303.1499938964844,285.1499938964844,0.0,-0.0,285.2643127441406,0.0,0.0,9.740050154505298e-05,298.574462890625,303.1499938964844,285.1499938964844,0.0,-0.0,285.2643127441406,0.0,0.0,7.193967758212239e-05,297.95025634765625,303.1499938964844,285.1499938964844,0.0,-0.0,285.2643127441406,0.0,0.0,9.740049426909536e-05,298.2486877441406,303.1499938964844,285.1499938964844,0.0,-0.0,285.2642517089844,0.0,0.0,0.0004620259278453,285.2891845703125,294.1499938964844,286.2290954589844,282.8843078613281,286.6239624023437,286.0851745605469,285.3978271484375,0.0,0.0,0.0,0.0,1.0,1.0,-0.0009855154203251,4.17034717870024e-09,0.0009855112293735,-0.0099779143929481,0.0,0.0,0.0,-0.0068802363239228,60.0,0.5469486117362976,-0.0,-6.621949921736815e-08,0.0,282.9992980957031,284.4533386230469,290.2752380371094,291.35028076171875,293.1499938964844,293.1499938964844,278.1499938964844,0.0,18000.0,313.1499938964844,0.0,18000.0,0.0,0.0,0.0,0.0,0.0,0.0,0.0,0.0,0.0,-0.0,-0.0,0.0,-5.2805772432836115e-21,-2.6402886216418057e-21,-2.6402886216418057e-21,0.0,0.0,-0.0,0.0,0.0,0.0,-0.0,0.0,0.0,0.0,0.0,0.0,4.0,0.0,0.0
12288960,298.29168701171875,303.1499938964844,285.1499938964844,0.0,-0.0,285.26483154296875,0.0,0.0,9.241398947779088e-05,298.0507507324219,303.1499938964844,285.1499938964844,0.0,-0.0,285.26483154296875,0.0,0.0,9.73163841990754e-05,298.5751953125,303.1499938964844,285.1499938964844,0.0,-0.0,285.26483154296875,0.0,0.0,7.187755545601249e-05,297.9540710449219,303.1499938964844,285.1499938964844,0.0,-0.0,285.26483154296875,0.0,0.0,9.73163769231178e-05,298.25,303.1499938964844,285.1499938964844,0.0,-0.0,285.2647399902344,0.0,0.0,0.0004616269434336,285.2896728515625,294.1499938964844,286.2511291503906,282.9128112792969,286.6206359863281,286.0970764160156,285.39801025390625,0.0,0.0,0.0,0.0,1.0,1.0,-0.0009846643079072,4.070831227664939e-09,0.0009846602333709,-0.0097171738743782,0.0,0.0,0.0,-0.006830901838839,60.0,0.5606209635734558,-0.0,-6.610517289118435e-08,0.0,282.9992980957031,284.4533386230469,290.2752380371094,291.35028076171875,293.1499938964844,293.1499938964844,278.1499938964844,0.0,18000.0,313.1499938964844,0.0,18000.0,0.0,0.0,0.0,0.0,0.0,0.0,0.0,0.0,0.0,-0.0,-0.0,0.0,-5.2805772432836115e-21,-2.6402886216418057e-21,-2.6402886216418057e-21,0.0,0.0,-0.0,0.0,0.0,0.0,-0.0,0.0,0.0,0.0,0.0,0.0,4.0,0.0,0.0
12289020,298.3011474609375,303.1499938964844,285.1499938964844,0.0,-0.0,285.2658386230469,0.0,0.0,9.225811663782224e-05,298.0557556152344,303.1499938964844,285.1499938964844,0.0,-0.0,285.2658386230469,0.0,0.0,9.715225314721464e-05,298.5768127441406,303.1499938964844,285.1499938964844,0.0,-0.0,285.2658386230469,0.0,0.0,7.175632345024496e-05,297.96173095703125,303.1499938964844,285.1499938964844,0.0,-0.0,285.2658386230469,0.0,0.0,9.715224587125704e-05,298.2528686523437,303.1499938964844,285.1499938964844,0.0,-0.0,285.2657775878906,0.0,0.0,0.0004608483577612,285.2906799316406,294.1499938964844,286.2978210449219,282.97149658203125,286.6147155761719,286.1221923828125,285.3984069824219,0.0,0.0,0.0,0.0,1.0,1.0,-0.000983003526926,3.876637233446445e-09,0.0009829996852204,-0.0092083625495433,0.0,0.0,0.0,-0.0067346314899623,60.0,0.589590847492218,-0.0,-6.588236800553204e-08,0.0,282.9992980957031,284.4533386230469,290.2752380371094,291.35028076171875,293.1499938964844,293.1499938964844,278.1499938964844,0.0,18000.0,313.1499938964844,0.0,18000.0,0.0,0.0,0.0,0.0,0.0,0.0,0.0,0.0,0.0,-0.0,-0.0,0.0,-5.2805772432836115e-21,-2.6402886216418057e-21,-2.6402886216418057e-21,0.0,0.0,-0.0,0.0,0.0,0.0,-0.0,0.0,0.0,0.0,0.0,0.0,4.0,0.0,0.0
12289080,298.3011474609375,303.1499938964844,285.1499938964844,0.0,-0.0,285.2658386230469,0.0,0.0,9.225811663782224e-05,298.0557556152344,303.1499938964844,285.1499938964844,0.0,-0.0,285.2658386230469,0.0,0.0,9.715225314721464e-05,298.5768127441406,303.1499938964844,285.1499938964844,0.0,-0.0,285.2658386230469,0.0,0.0,7.175632345024496e-05,297.96173095703125,303.1499938964844,285.1499938964844,0.0,-0.0,285.2658386230469,0.0,0.0,9.715224587125704e-05,298.2528686523437,303.1499938964844,285.1499938964844,0.0,-0.0,285.2657775878906,0.0,0.0,0.0004608483577612,285.2906799316406,294.1499938964844,286.2978210449219,282.97149658203125,286.6147155761719,286.1221923828125,285.3984069824219,0.0,0.0,0.0,0.0,1.0,1.0,-0.000983003526926,3.876637233446445e-09,0.0009829996852204,-0.0092083625495433,0.0,0.0,0.0,-0.0067346314899623,60.0,0.589590847492218,-0.0,-6.588236800553204e-08,0.0,282.9992980957031,284.4533386230469,290.2752380371094,291.35028076171875,293.1499938964844,293.1499938964844,278.1499938964844,0.0,18000.0,313.1499938964844,0.0,18000.0,0.0,0.0,0.0,0.0,0.0,0.0,0.0,0.0,0.0,-0.0,-0.0,0.0,-5.2805772432836115e-21,-2.6402886216418057e-21,-2.6402886216418057e-21,0.0,0.0,-0.0,0.0,0.0,0.0,-0.0,0.0,0.0,0.0,0.0,0.0,4.0,0.0,0.0
12289140,298.3093566894531,303.1499938964844,285.1499938964844,0.0,-0.0,285.2667541503906,0.0,0.0,9.212077566189691e-05,298.0606384277344,303.1499938964844,285.1499938964844,0.0,-0.0,285.26678466796875,0.0,0.0,9.700762166175993e-05,298.5785217285156,303.1499938964844,285.1499938964844,0.0,-0.0,285.2667541503906,0.0,0.0,7.164950511651114e-05,297.9687805175781,303.1499938964844,285.1499938964844,0.0,-0.0,285.2667541503906,0.0,0.0,9.70076143858023e-05,298.2557067871094,303.1499938964844,285.1499938964844,0.0,-0.0,285.2666931152344,0.0,0.0,0.0004601622931659,285.2916259765625,294.1499938964844,286.34381103515625,283.02752685546875,286.6101379394531,286.1469116210937,285.39874267578125,0.0,0.0,0.0,0.0,1.0,1.0,-0.0009815400699153,3.7055210011516238e-09,0.000981536344625,-0.0087600108236074,0.0,0.0,0.0,-0.0066498015075922,60.0,0.6183244585990906,-0.0,-6.56863505810179e-08,0.0,282.9992980957031,284.4533386230469,290.2752380371094,291.35028076171875,293.1499938964844,293.1499938964844,278.1499938964844,0.0,18000.0,313.1499938964844,0.0,18000.0,0.0,0.0,0.0,0.0,0.0,0.0,0.0,0.0,0.0,-0.0,-0.0,0.0,-5.2805772432836115e-21,-2.6402886216418057e-21,-2.6402886216418057e-21,0.0,0.0,-0.0,0.0,0.0,0.0,-0.0,0.0,0.0,0.0,0.0,0.0,4.0,0.0,0.0
12289200,298.31005859375,303.1499938964844,285.1499938964844,0.0,-0.0,285.266845703125,0.0,0.0,9.210905409418046e-05,298.0610656738281,303.1499938964844,285.1499938964844,0.0,-0.0,285.266845703125,0.0,0.0,9.699528163764626e-05,298.57867431640625,303.1499938964844,285.1499938964844,0.0,-0.0,285.266845703125,0.0,0.0,7.164038834162056e-05,297.9693908691406,303.1499938964844,285.1499938964844,0.0,-0.0,285.266845703125,0.0,0.0,9.699527436168864e-05,298.2559509277344,303.1499938964844,285.1499938964844,0.0,-0.0,285.26678466796875,0.0,0.0,0.0004601037653628,285.29168701171875,294.1499938964844,286.3479309082031,283.0325012207031,286.6097717285156,286.14910888671875,285.3987731933594,0.0,0.0,0.0,0.0,1.0,1.0,-0.000981415156275,3.690920680199383e-09,0.0009814115474,-0.0087217567488551,0.0,0.0,0.0,-0.0066425632685422,60.0,0.6208913326263428,-0.0,-6.566964572130018e-08,0.0,282.9992980957031,284.4533386230469,290.2752380371094,291.35028076171875,293.1499938964844,293.1499938964844,278.1499938964844,0.0,18000.0,313.1499938964844,0.0,18000.0,0.0,0.0,0.0,0.0,0.0,0.0,0.0,0.0,0.0,-0.0,-0.0,0.0,-5.2805772432836115e-21,-2.6402886216418057e-21,-2.6402886216418057e-21,0.0,0.0,-0.0,0.0,0.0,0.0,-0.0,0.0,0.0,0.0,0.0,0.0,4.0,0.0,0.0
12289260,298.3185119628906,303.1499938964844,285.1499938964844,0.0,-0.0,285.2678527832031,0.0,0.0,9.196840255754068e-05,298.06658935546875,303.1499938964844,285.1499938964844,0.0,-0.0,285.2678527832031,0.0,0.0,9.684716496849433e-05,298.5807189941406,303.1499938964844,285.1499938964844,0.0,-0.0,285.2678527832031,0.0,0.0,7.15309870429337e-05,297.9770202636719,303.1499938964844,285.1499938964844,0.0,-0.0,285.2678527832031,0.0,0.0,9.684715769253673e-05,298.25927734375,303.1499938964844,285.1499938964844,0.0,-0.0,285.2677917480469,0.0,0.0,0.0004594011697918,285.2926940917969,294.1499938964844,286.4015808105469,283.0957336425781,286.60577392578125,286.1776123046875,285.3991394042969,0.0,0.0,0.0,0.0,1.0,1.0,-0.0009799165418371,3.515681301635709e-09,0.0009799129329621,-0.0082625960931181,0.0,0.0,0.0,-0.0065556894987821,60.0,0.6544004082679749,-0.0,-6.546923003725169e-08,0.0,282.9992980957031,284.4533386230469,290.2752380371094,291.35028076171875,293.1499938964844,293.1499938964844,278.1499938964844,0.0,18000.0,313.1499938964844,0.0,18000.0,0.0,0.0,0.0,0.0,0.0,0.0,0.0,0.0,0.0,-0.0,-0.0,0.0,-5.2805772432836115e-21,-2.6402886216418057e-21,-2.6402886216418057e-21,0.0,0.0,-0.0,0.0,0.0,0.0,-0.0,0.0,0.0,0.0,0.0,0.0,4.0,0.0,0.0
12289320,298.3185119628906,303.1499938964844,285.1499938964844,0.0,-0.0,285.2678527832031,0.0,0.0,9.196840255754068e-05,298.06658935546875,303.1499938964844,285.1499938964844,0.0,-0.0,285.2678527832031,0.0,0.0,9.684716496849433e-05,298.5807189941406,303.1499938964844,285.1499938964844,0.0,-0.0,285.2678527832031,0.0,0.0,7.15309870429337e-05,297.9770202636719,303.1499938964844,285.1499938964844,0.0,-0.0,285.2678527832031,0.0,0.0,9.684715769253673e-05,298.25927734375,303.1499938964844,285.1499938964844,0.0,-0.0,285.2677917480469,0.0,0.0,0.0004594011697918,285.2926940917969,294.1499938964844,286.4015808105469,283.0957336425781,286.60577392578125,286.1776123046875,285.3991394042969,0.0,0.0,0.0,0.0,1.0,1.0,-0.0009799165418371,3.515681301635709e-09,0.0009799129329621,-0.0082625960931181,0.0,0.0,0.0,-0.0065556894987821,60.0,0.6544004082679749,-0.0,-6.546923003725169e-08,0.0,282.9992980957031,284.4533386230469,290.2752380371094,291.35028076171875,293.1499938964844,293.1499938964844,278.1499938964844,0.0,18000.0,313.1499938964844,0.0,18000.0,0.0,0.0,0.0,0.0,0.0,0.0,0.0,0.0,0.0,-0.0,-0.0,0.0,-5.2805772432836115e-21,-2.6402886216418057e-21,-2.6402886216418057e-21,0.0,0.0,-0.0,0.0,0.0,0.0,-0.0,0.0,0.0,0.0,0.0,0.0,4.0,0.0,0.0
12289380,298.32666015625,303.1499938964844,285.1499938964844,0.0,-0.0,285.2688293457031,0.0,0.0,9.18381629162468e-05,298.0722961425781,303.1499938964844,285.1499938964844,0.0,-0.0,285.26885986328125,0.0,0.0,9.671001316746695e-05,298.5830078125,303.1499938964844,285.1499938964844,0.0,-0.0,285.26885986328125,0.0,0.0,7.142969116102904e-05,297.98455810546875,303.1499938964844,285.1499938964844,0.0,-0.0,285.26885986328125,0.0,0.0,9.671001316746695e-05,298.2627868652344,303.1499938964844,285.1499938964844,0.0,-0.0,285.2687683105469,0.0,0.0,0.0004587505827657,285.293701171875,294.1499938964844,286.4587707519531,283.16119384765625,286.6029052734375,286.20782470703125,285.3995056152344,0.0,0.0,0.0,0.0,1.0,1.0,-0.0009785287547856,3.353418209783854e-09,0.0009785253787413,-0.0078374315053224,0.0,0.0,0.0,-0.0064752479083836,60.0,0.6903746724128723,-0.0,-6.528393470262017e-08,0.0,282.9992980957031,284.4533386230469,290.2752380371094,291.35028076171875,293.1499938964844,293.1499938964844,278.1499938964844,0.0,18000.0,313.1499938964844,0.0,18000.0,0.0,0.0,0.0,0.0,0.0,0.0,0.0,0.0,0.0,-0.0,-0.0,0.0,-5.2805772432836115e-21,-2.6402886216418057e-21,-2.6402886216418057e-21,0.0,0.0,-0.0,0.0,0.0,0.0,-0.0,0.0,0.0,0.0,0.0,0.0,4.0,0.0,0.0
12289440,298.32666015625,303.1499938964844,285.1499938964844,0.0,-0.0,285.2688293457031,0.0,0.0,9.18381629162468e-05,298.0722961425781,303.1499938964844,285.1499938964844,0.0,-0.0,285.26885986328125,0.0,0.0,9.671001316746695e-05,298.5830078125,303.1499938964844,285.1499938964844,0.0,-0.0,285.26885986328125,0.0,0.0,7.142969116102904e-05,297.98455810546875,303.1499938964844,285.1499938964844,0.0,-0.0,285.26885986328125,0.0,0.0,9.671001316746695e-05,298.2627868652344,303.1499938964844,285.1499938964844,0.0,-0.0,285.2687683105469,0.0,0.0,0.0004587505827657,285.293701171875,294.1499938964844,286.4587707519531,283.16119384765625,286.6029052734375,286.20782470703125,285.3995056152344,0.0,0.0,0.0,0.0,1.0,1.0,-0.0009785287547856,3.353418209783854e-09,0.0009785253787413,-0.0078374315053224,0.0,0.0,0.0,-0.0064752479083836,60.0,0.6903746724128723,-0.0,-6.528393470262017e-08,0.0,282.9992980957031,284.4533386230469,290.2752380371094,291.35028076171875,293.1499938964844,293.1499938964844,278.1499938964844,0.0,18000.0,313.1499938964844,0.0,18000.0,0.0,0.0,0.0,0.0,0.0,0.0,0.0,0.0,0.0,-0.0,-0.0,0.0,-5.2805772432836115e-21,-2.6402886216418057e-21,-2.6402886216418057e-21,0.0,0.0,-0.0,0.0,0.0,0.0,-0.0,0.0,0.0,0.0,0.0,0.0,4.0,0.0,0.0
12289500,298.33062744140625,303.1499938964844,285.1499938964844,0.0,-0.0,285.26934814453125,0.0,0.0,9.177703759633005e-05,298.0751953125,303.1499938964844,285.1499938964844,0.0,-0.0,285.26934814453125,0.0,0.0,9.664564277045427e-05,298.5841979980469,303.1499938964844,285.1499938964844,0.0,-0.0,285.26934814453125,0.0,0.0,7.138215005397797e-05,297.98828125,303.1499938964844,285.1499938964844,0.0,-0.0,285.26934814453125,0.0,0.0,9.664563549449667e-05,298.2645874023437,303.1499938964844,285.1499938964844,0.0,-0.0,285.269287109375,0.0,0.0,0.0004584452544804,285.294189453125,294.1499938964844,286.4887084960937,283.1947631835937,286.6018371582031,286.2234802246094,285.3996887207031,0.0,0.0,0.0,0.0,1.0,1.0,-0.0009778772946447,3.277258020517592e-09,0.0009778740350157,-0.0076378746889531,0.0,0.0,0.0,-0.0064374916255474,60.0,0.7091565728187561,-0.0,-6.519704953689144e-08,0.0,282.9992980957031,284.4533386230469,290.2752380371094,291.35028076171875,293.1499938964844,293.1499938964844,278.1499938964844,0.0,18000.0,313.1499938964844,0.0,18000.0,0.0,0.0,0.0,0.0,0.0,0.0,0.0,0.0,0.0,-0.0,-0.0,0.0,-5.2805772432836115e-21,-2.6402886216418057e-21,-2.6402886216418057e-21,0.0,0.0,-0.0,0.0,0.0,0.0,-0.0,0.0,0.0,0.0,0.0,0.0,4.0,0.0,0.0
12289560,298.3345642089844,303.1499938964844,285.1499938964844,0.0,-0.0,285.26983642578125,0.0,0.0,9.171908459393308e-05,298.0780944824219,303.1499938964844,285.1499938964844,0.0,-0.0,285.26983642578125,0.0,0.0,9.658461931394412e-05,298.58544921875,303.1499938964844,285.1499938964844,0.0,-0.0,285.26983642578125,0.0,0.0,7.13370754965581e-05,297.99200439453125,303.1499938964844,285.1499938964844,0.0,-0.0,285.26983642578125,0.0,0.0,9.658461203798652e-05,298.26641845703125,303.1499938964844,285.1499938964844,0.0,-0.0,285.269775390625,0.0,0.0,0.0004581557586789,285.294677734375,294.1499938964844,286.5195617675781,283.2288818359375,286.6010437011719,286.2395935058594,285.3998718261719,0.0,0.0,0.0,0.0,1.0,1.0,-0.0009772598277777,3.2050546661110957e-09,0.0009772565681487,-0.0074486839585006,0.0,0.0,0.0,-0.0064016971737146,60.0,0.7285965085029602,-0.0,-6.511474026638099e-08,0.0,282.9992980957031,284.4533386230469,290.2752380371094,291.35028076171875,293.1499938964844,293.1499938964844,278.1499938964844,0.0,18000.0,313.1499938964844,0.0,18000.0,0.0,0.0,0.0,0.0,0.0,0.0,0.0,0.0,0.0,-0.0,-0.0,0.0,-5.2805772432836115e-21,-2.6402886216418057e-21,-2.6402886216418057e-21,0.0,0.0,-0.0,0.0,0.0,0.0,-0.0,0.0,0.0,0.0,0.0,0.0,4.0,0.0,0.0
12289620,298.3422241210937,303.1499938964844,285.1499938964844,0.0,-0.0,285.27081298828125,0.0,0.0,9.161272464552894e-05,298.0839538574219,303.1499938964844,285.1499938964844,0.0,-0.0,285.2708435058594,0.0,0.0,9.6472620498389e-05,298.5880432128906,303.1499938964844,285.1499938964844,0.0,-0.0,285.27081298828125,0.0,0.0,7.125435513444245e-05,297.9992370605469,303.1499938964844,285.1499938964844,0.0,-0.0,285.27081298828125,0.0,0.0,9.64726132224314e-05,298.27008056640625,303.1499938964844,285.1499938964844,0.0,-0.0,285.270751953125,0.0,0.0,0.0004576244973577,285.295654296875,294.1499938964844,286.5840148925781,283.2987365722656,286.6003112792969,286.27294921875,285.4002685546875,0.0,0.0,0.0,0.0,1.0,1.0,-0.0009761265828274,3.072547993809848e-09,0.0009761234978213,-0.0071014822460711,0.0,0.0,0.0,-0.0063360077328979,60.0,0.769218921661377,-0.0,-6.496381388387817e-08,0.0,282.9992980957031,284.4533386230469,290.2752380371094,291.35028076171875,293.1499938964844,293.1499938964844,278.1499938964844,0.0,18000.0,313.1499938964844,0.0,18000.0,0.0,0.0,0.0,0.0,0.0,0.0,0.0,0.0,0.0,-0.0,-0.0,0.0,-5.2805772432836115e-21,-2.6402886216418057e-21,-2.6402886216418057e-21,0.0,0.0,-0.0,0.0,0.0,0.0,-0.0,0.0,0.0,0.0,0.0,0.0,4.0,0.0,0.0
12289680,298.3422241210937,303.1499938964844,285.1499938964844,0.0,-0.0,285.27081298828125,0.0,0.0,9.161272464552894e-05,298.0839538574219,303.1499938964844,285.1499938964844,0.0,-0.0,285.2708435058594,0.0,0.0,9.6472620498389e-05,298.5880432128906,303.1499938964844,285.1499938964844,0.0,-0.0,285.27081298828125,0.0,0.0,7.125435513444245e-05,297.9992370605469,303.1499938964844,285.1499938964844,0.0,-0.0,285.27081298828125,0.0,0.0,9.64726132224314e-05,298.27008056640625,303.1499938964844,285.1499938964844,0.0,-0.0,285.270751953125,0.0,0.0,0.0004576244973577,285.295654296875,294.1499938964844,286.5840148925781,283.2987365722656,286.6003112792969,286.27294921875,285.4002685546875,0.0,0.0,0.0,0.0,1.0,1.0,-0.0009761265828274,3.072547993809848e-09,0.0009761234978213,-0.0071014822460711,0.0,0.0,0.0,-0.0063360077328979,60.0,0.769218921661377,-0.0,-6.496381388387817e-08,0.0,282.9992980957031,284.4533386230469,290.2752380371094,291.35028076171875,293.1499938964844,293.1499938964844,278.1499938964844,0.0,18000.0,313.1499938964844,0.0,18000.0,0.0,0.0,0.0,0.0,0.0,0.0,0.0,0.0,0.0,-0.0,-0.0,0.0,-5.2805772432836115e-21,-2.6402886216418057e-21,-2.6402886216418057e-21,0.0,0.0,-0.0,0.0,0.0,0.0,-0.0,0.0,0.0,0.0,0.0,0.0,4.0,0.0,0.0
12289740,298.3497009277344,303.1499938964844,285.1499938964844,0.0,-0.0,285.2718200683594,0.0,0.0,9.152069833362476e-05,298.0898132324219,303.1499938964844,285.1499938964844,0.0,-0.0,285.2718200683594,0.0,0.0,9.63757120189257e-05,298.5907287597656,303.1499938964844,285.1499938964844,0.0,-0.0,285.2718200683594,0.0,0.0,7.118277426343411e-05,298.0062561035156,303.1499938964844,285.1499938964844,0.0,-0.0,285.2718200683594,0.0,0.0,9.637570474296808e-05,298.2737731933594,303.1499938964844,285.1499938964844,0.0,-0.0,285.2717590332031,0.0,0.0,0.0004571648023556,285.296630859375,294.1499938964844,286.65216064453125,283.3707275390625,286.600830078125,286.3082275390625,285.400634765625,0.0,0.0,0.0,0.0,1.0,1.0,-0.000975145958364,2.9578921534323403e-09,0.0009751429897733,-0.0068010515533387,0.0,0.0,0.0,-0.0062791677191853,60.0,0.812526524066925,-0.0,-6.483335823759262e-08,0.0,282.9992980957031,284.4533386230469,290.2752380371094,291.35028076171875,293.1499938964844,293.1499938964844,278.1499938964844,0.0,18000.0,313.1499938964844,0.0,18000.0,0.0,0.0,0.0,0.0,0.0,0.0,0.0,0.0,0.0,-0.0,-0.0,0.0,-5.2805772432836115e-21,-2.6402886216418057e-21,-2.6402886216418057e-21,0.0,0.0,-0.0,0.0,0.0,0.0,-0.0,0.0,0.0,0.0,0.0,0.0,4.0,0.0,0.0
12289800,298.3497009277344,303.1499938964844,285.1499938964844,0.0,-0.0,285.2718200683594,0.0,0.0,9.152069833362476e-05,298.0898132324219,303.1499938964844,285.1499938964844,0.0,-0.0,285.2718200683594,0.0,0.0,9.63757120189257e-05,298.5907287597656,303.1499938964844,285.1499938964844,0.0,-0.0,285.2718200683594,0.0,0.0,7.118277426343411e-05,298.0062561035156,303.1499938964844,285.1499938964844,0.0,-0.0,285.2718200683594,0.0,0.0,9.637570474296808e-05,298.2737731933594,303.1499938964844,285.1499938964844,0.0,-0.0,285.2717590332031,0.0,0.0,0.0004571648023556,285.296630859375,294.1499938964844,286.65216064453125,283.3707275390625,286.600830078125,286.3082275390625,285.400634765625,0.0,0.0,0.0,0.0,1.0,1.0,-0.000975145958364,2.9578921534323403e-09,0.0009751429897733,-0.0068010515533387,0.0,0.0,0.0,-0.0062791677191853,60.0,0.812526524066925,-0.0,-6.483335823759262e-08,0.0,282.9992980957031,284.4533386230469,290.2752380371094,291.35028076171875,293.1499938964844,293.1499938964844,278.1499938964844,0.0,18000.0,313.1499938964844,0.0,18000.0,0.0,0.0,0.0,0.0,0.0,0.0,0.0,0.0,0.0,-0.0,-0.0,0.0,-5.2805772432836115e-21,-2.6402886216418057e-21,-2.6402886216418057e-21,0.0,0.0,-0.0,0.0,0.0,0.0,-0.0,0.0,0.0,0.0,0.0,0.0,4.0,0.0,0.0
12289860,298.35699462890625,303.1499938964844,285.1499938964844,0.0,-0.0,285.2727966308594,0.0,0.0,9.144282375928016e-05,298.0956420898437,303.1499938964844,285.1499938964844,0.0,-0.0,285.2727966308594,0.0,0.0,9.629370470065624e-05,298.593505859375,303.1499938964844,285.1499938964844,0.0,-0.0,285.2727966308594,0.0,0.0,7.112220191629604e-05,298.01300048828125,303.1499938964844,285.1499938964844,0.0,-0.0,285.2727966308594,0.0,0.0,9.629369742469862e-05,298.27740478515625,303.1499938964844,285.1499938964844,0.0,-0.0,285.2727355957031,0.0,0.0,0.0004567757714539,285.297607421875,294.1499938964844,286.7240600585937,283.4448547363281,286.6025390625,286.34527587890625,285.4010314941406,0.0,0.0,0.0,0.0,1.0,1.0,-0.0009743160917423,2.860861991749175e-09,0.0009743132395669,-0.0065468046814203,0.0,0.0,0.0,-0.0062310653738677,60.0,0.8582146167755127,-0.0,-6.472306068872058e-08,0.0,282.9992980957031,284.4533386230469,290.2752380371094,291.35028076171875,293.1499938964844,293.1499938964844,278.1499938964844,0.0,18000.0,313.1499938964844,0.0,18000.0,0.0,0.0,0.0,0.0,0.0,0.0,0.0,0.0,0.0,-0.0,-0.0,0.0,-5.2805772432836115e-21,-2.6402886216418057e-21,-2.6402886216418057e-21,0.0,0.0,-0.0,0.0,0.0,0.0,-0.0,0.0,0.0,0.0,0.0,0.0,4.0,0.0,0.0
12289920,298.35699462890625,303.1499938964844,285.1499938964844,0.0,-0.0,285.2727966308594,0.0,0.0,9.144282375928016e-05,298.0956420898437,303.1499938964844,285.1499938964844,0.0,-0.0,285.2727966308594,0.0,0.0,9.629370470065624e-05,298.593505859375,303.1499938964844,285.1499938964844,0.0,-0.0,285.2727966308594,0.0,0.0,7.112220191629604e-05,298.01300048828125,303.1499938964844,285.1499938964844,0.0,-0.0,285.2727966308594,0.0,0.0,9.629369742469862e-05,298.27740478515625,303.1499938964844,285.1499938964844,0.0,-0.0,285.2727355957031,0.0,0.0,0.0004567757714539,285.297607421875,294.1499938964844,286.7240600585937,283.4448547363281,286.6025390625,286.34527587890625,285.4010314941406,0.0,0.0,0.0,0.0,1.0,1.0,-0.0009743160917423,2.860861991749175e-09,0.0009743132395669,-0.0065468046814203,0.0,0.0,0.0,-0.0062310653738677,60.0,0.8582146167755127,-0.0,-6.472306068872058e-08,0.0,282.9992980957031,284.4533386230469,290.2752380371094,291.35028076171875,293.1499938964844,293.1499938964844,278.1499938964844,0.0,18000.0,313.1499938964844,0.0,18000.0,0.0,0.0,0.0,0.0,0.0,0.0,0.0,0.0,0.0,-0.0,-0.0,0.0,-5.2805772432836115e-21,-2.6402886216418057e-21,-2.6402886216418057e-21,0.0,0.0,-0.0,0.0,0.0,0.0,-0.0,0.0,0.0,0.0,0.0,0.0,4.0,0.0,0.0
12289980,298.36407470703125,303.1499938964844,285.1499938964844,0.0,-0.0,285.2737731933594,0.0,0.0,9.138022869592533e-05,298.1014099121094,303.1499938964844,285.1499938964844,0.0,-0.0,285.2737731933594,0.0,0.0,9.622778452467172e-05,298.59637451171875,303.1499938964844,285.1499938964844,0.0,-0.0,285.2737731933594,0.0,0.0,7.107351848389953e-05,298.0194702148437,303.1499938964844,285.1499938964844,0.0,-0.0,285.2737731933594,0.0,0.0,9.622777724871412e-05,298.281005859375,303.1499938964844,285.1499938964844,0.0,-0.0,285.2737121582031,0.0,0.0,0.0004564631090033,285.2985534667969,294.1499938964844,286.7997436523437,283.5210876464844,286.6054992675781,286.3844299316406,285.40142822265625,0.0,0.0,0.0,0.0,1.0,1.0,-0.0009736490901559,2.7828759296966155e-09,0.0009736462961882,-0.0063424566760659,0.0,0.0,0.0,-0.006192403845489,60.0,0.906473696231842,-0.0,-6.463447732585338e-08,0.0,282.9992980957031,284.4533386230469,290.2752380371094,291.35028076171875,293.1499938964844,293.1499938964844,278.1499938964844,0.0,18000.0,313.1499938964844,0.0,18000.0,0.0,0.0,0.0,0.0,0.0,0.0,0.0,0.0,0.0,-0.0,-0.0,0.0,-5.2805772432836115e-21,-2.6402886216418057e-21,-2.6402886216418057e-21,0.0,0.0,-0.0,0.0,0.0,0.0,-0.0,0.0,0.0,0.0,0.0,0.0,4.0,0.0,0.0
12290040,298.36407470703125,303.1499938964844,285.1499938964844,0.0,-0.0,285.2737731933594,0.0,0.0,9.138022869592533e-05,298.1014099121094,303.1499938964844,285.1499938964844,0.0,-0.0,285.2737731933594,0.0,0.0,9.622778452467172e-05,298.59637451171875,303.1499938964844,285.1499938964844,0.0,-0.0,285.2737731933594,0.0,0.0,7.107351848389953e-05,298.0194702148437,303.1499938964844,285.1499938964844,0.0,-0.0,285.2737731933594,0.0,0.0,9.622777724871412e-05,298.281005859375,303.1499938964844,285.1499938964844,0.0,-0.0,285.2737121582031,0.0,0.0,0.0004564631090033,285.2985534667969,294.1499938964844,286.7997436523437,283.5210876464844,286.6054992675781,286.3844299316406,285.40142822265625,0.0,0.0,0.0,0.0,1.0,1.0,-0.0009736490901559,2.7828759296966155e-09,0.0009736462961882,-0.0063424566760659,0.0,0.0,0.0,-0.006192403845489,60.0,0.906473696231842,-0.0,-6.463447732585338e-08,0.0,282.9992980957031,284.4533386230469,290.2752380371094,291.35028076171875,293.1499938964844,293.1499938964844,278.1499938964844,0.0,18000.0,313.1499938964844,0.0,18000.0,0.0,0.0,0.0,0.0,0.0,0.0,0.0,0.0,0.0,-0.0,-0.0,0.0,-5.2805772432836115e-21,-2.6402886216418057e-21,-2.6402886216418057e-21,0.0,0.0,-0.0,0.0,0.0,0.0,-0.0,0.0,0.0,0.0,0.0,0.0,4.0,0.0,0.0
12290100,298.3675537109375,303.1499938964844,285.1499938964844,0.0,-0.0,285.2742614746094,0.0,0.0,9.135426807915792e-05,298.104248046875,303.1499938964844,285.1499938964844,0.0,-0.0,285.2742614746094,0.0,0.0,9.620044875191525e-05,298.5978088378906,303.1499938964844,285.1499938964844,0.0,-0.0,285.2742614746094,0.0,0.0,7.105332770152017e-05,298.0225830078125,303.1499938964844,285.1499938964844,0.0,-0.0,285.2742614746094,0.0,0.0,9.620044875191525e-05,298.28277587890625,303.1499938964844,285.1499938964844,0.0,-0.0,285.2742004394531,0.0,0.0,0.0004563334514386,285.2990417480469,294.1499938964844,286.8390197753906,283.5599670410156,286.607421875,286.4047546386719,285.4016418457031,0.0,0.0,0.0,0.0,1.0,1.0,-0.0009733724873512,2.7505344668554703e-09,0.0009733696933835,-0.0062577123753726,0.0,0.0,0.0,-0.0061763706617057,60.0,0.9315106868743896,-0.0,-6.459776358269664e-08,0.0,282.9992980957031,284.4533386230469,290.2752380371094,291.35028076171875,293.1499938964844,293.1499938964844,278.1499938964844,0.0,18000.0,313.1499938964844,0.0,18000.0,0.0,0.0,0.0,0.0,0.0,0.0,0.0,0.0,0.0,-0.0,-0.0,0.0,-5.2805772432836115e-21,-2.6402886216418057e-21,-2.6402886216418057e-21,0.0,0.0,-0.0,0.0,0.0,0.0,-0.0,0.0,0.0,0.0,0.0,0.0,4.0,0.0,0.0
12290160,298.3709716796875,303.1499938964844,285.1499938964844,0.0,-0.0,285.2747497558594,0.0,0.0,9.133310231845826e-05,298.1070861816406,303.1499938964844,285.1499938964844,0.0,-0.0,285.2747497558594,0.0,0.0,9.6178162493743e-05,298.5992431640625,303.1499938964844,285.1499938964844,0.0,-0.0,285.2747497558594,0.0,0.0,7.103686220943928e-05,298.0256042480469,303.1499938964844,285.1499938964844,0.0,-0.0,285.2747497558594,0.0,0.0,9.61781552177854e-05,298.2845153808594,303.1499938964844,285.1499938964844,0.0,-0.0,285.2746887207031,0.0,0.0,0.0004562276881188,285.29949951171875,294.1499938964844,286.8792724609375,283.5993347167969,286.6097106933594,286.42578125,285.40185546875,0.0,0.0,0.0,0.0,1.0,1.0,-0.0009731468744575,2.724159786637869e-09,0.0009731441386975,-0.0061886026524007,0.0,0.0,0.0,-0.0061632953584194,60.0,0.9572767615318298,-0.0,-6.456782841723907e-08,0.0,282.9992980957031,284.4533386230469,290.2752380371094,291.35028076171875,293.1499938964844,293.1499938964844,278.1499938964844,0.0,18000.0,313.1499938964844,0.0,18000.0,0.0,0.0,0.0,0.0,0.0,0.0,0.0,0.0,0.0,-0.0,-0.0,0.0,-5.2805772432836115e-21,-2.6402886216418057e-21,-2.6402886216418057e-21,0.0,0.0,-0.0,0.0,0.0,0.0,-0.0,0.0,0.0,0.0,0.0,0.0,4.0,0.0,0.0
12290220,298.3776550292969,303.1499938964844,285.1499938964844,0.0,-0.0,285.27569580078125,0.0,0.0,9.130307444138452e-05,298.1126403808594,303.1499938964844,285.1499938964844,0.0,-0.0,285.2757263183594,0.0,0.0,9.614654118195176e-05,298.6021423339844,303.1499938964844,285.1499938964844,0.0,-0.0,285.27569580078125,0.0,0.0,7.101351366145536e-05,298.0313720703125,303.1499938964844,285.1499938964844,0.0,-0.0,285.27569580078125,0.0,0.0,9.614653390599416e-05,298.2879333496094,303.1499938964844,285.1499938964844,0.0,-0.0,285.2756652832031,0.0,0.0,0.0004560777160804,285.30047607421875,294.1499938964844,286.9626770019531,283.6796569824219,286.6151123046875,286.46954345703125,285.4022827148437,0.0,0.0,0.0,0.0,1.0,1.0,-0.0009728268487378,2.686745492752607e-09,0.0009728241711854,-0.0060905646532773,0.0,0.0,0.0,-0.0061447471380233,60.0,1.0106868743896484,-0.0,-6.45253734887774e-08,0.0,282.9992980957031,284.4533386230469,290.2752380371094,291.35028076171875,293.1499938964844,293.1499938964844,278.1499938964844,0.0,18000.0,313.1499938964844,0.0,18000.0,0.0,0.0,0.0,0.0,0.0,0.0,0.0,0.0,0.0,-0.0,-0.0,0.0,-5.2805772432836115e-21,-2.6402886216418057e-21,-2.6402886216418057e-21,0.0,0.0,-0.0,0.0,0.0,0.0,-0.0,0.0,0.0,0.0,0.0,0.0,4.0,0.0,0.0
12290280,298.3776550292969,303.1499938964844,285.1499938964844,0.0,-0.0,285.27569580078125,0.0,0.0,9.130307444138452e-05,298.1126403808594,303.1499938964844,285.1499938964844,0.0,-0.0,285.2757263183594,0.0,0.0,9.614654118195176e-05,298.6021423339844,303.1499938964844,285.1499938964844,0.0,-0.0,285.27569580078125,0.0,0.0,7.101351366145536e-05,298.0313720703125,303.1499938964844,285.1499938964844,0.0,-0.0,285.27569580078125,0.0,0.0,9.614653390599416e-05,298.2879333496094,303.1499938964844,285.1499938964844,0.0,-0.0,285.2756652832031,0.0,0.0,0.0004560777160804,285.30047607421875,294.1499938964844,286.9626770019531,283.6796569824219,286.6151123046875,286.46954345703125,285.4022827148437,0.0,0.0,0.0,0.0,1.0,1.0,-0.0009728268487378,2.686745492752607e-09,0.0009728241711854,-0.0060905646532773,0.0,0.0,0.0,-0.0061447471380233,60.0,1.0106868743896484,-0.0,-6.45253734887774e-08,0.0,282.9992980957031,284.4533386230469,290.2752380371094,291.35028076171875,293.1499938964844,293.1499938964844,278.1499938964844,0.0,18000.0,313.1499938964844,0.0,18000.0,0.0,0.0,0.0,0.0,0.0,0.0,0.0,0.0,0.0,-0.0,-0.0,0.0,-5.2805772432836115e-21,-2.6402886216418057e-21,-2.6402886216418057e-21,0.0,0.0,-0.0,0.0,0.0,0.0,-0.0,0.0,0.0,0.0,0.0,0.0,4.0,0.0,0.0
12290340,298.38409423828125,297.1499938964844,293.1499938964844,0.0,-0.0,285.27667236328125,0.0,0.050000000745058,9.129021054832263e-05,298.1180725097656,297.1499938964844,293.1499938964844,0.0,-0.0,285.27667236328125,0.0,0.050000000745058,9.613299334887417e-05,298.6050720214844,297.1499938964844,293.1499938964844,0.0,-0.0,285.27667236328125,0.0,0.050000000745058,7.100350194377825e-05,298.0367736816406,297.1499938964844,293.1499938964844,0.0,-0.0,285.27667236328125,0.0,0.050000000745058,9.613298607291654e-05,298.291259765625,297.1499938964844,293.1499938964844,0.0,-0.0,285.276611328125,0.0,0.050000000745058,0.0004560134548228,285.3014221191406,291.1499938964844,287.04998779296875,283.7619323730469,286.6219787597656,286.5165100097656,285.4027099609375,1.0,0.1000000014901161,0.0,0.0,1.0,1.0,-0.0009726897114887,2.6707165368122787e-09,0.0009726870339363,-0.0060485638678073,0.0,0.0,0.0,-0.0061368006281554,60.0,1.067023754119873,-0.0,-6.45071907001693e-08,1.0,282.9992980957031,284.4533386230469,290.2752380371094,291.35028076171875,293.1499938964844,293.1499938964844,278.1499938964844,0.0,18000.0,313.1499938964844,0.0,18000.0,0.0,0.0,0.0,0.0,0.0,0.0,0.0,0.0,0.0,-0.0,-0.0,0.0,-5.2805772432836115e-21,-2.6402886216418057e-21,-2.6402886216418057e-21,0.0,0.0,-0.0,0.0,0.0,0.0,-0.0,0.0,0.0,0.0,0.0,0.0,4.0,0.0,0.0
12290400,298.38409423828125,297.1499938964844,293.1499938964844,0.0,-0.0,285.27667236328125,0.0,0.050000000745058,9.129021054832263e-05,298.1180725097656,297.1499938964844,293.1499938964844,0.0,-0.0,285.27667236328125,0.0,0.050000000745058,9.613299334887417e-05,298.6050720214844,297.1499938964844,293.1499938964844,0.0,-0.0,285.27667236328125,0.0,0.050000000745058,7.100350194377825e-05,298.0367736816406,297.1499938964844,293.1499938964844,0.0,-0.0,285.27667236328125,0.0,0.050000000745058,9.613298607291654e-05,298.291259765625,297.1499938964844,293.1499938964844,0.0,-0.0,285.276611328125,0.0,0.050000000745058,0.0004560134548228,285.3014221191406,291.1499938964844,287.04998779296875,283.7619323730469,286.6219787597656,286.5165100097656,285.4027099609375,1.0,0.1000000014901161,0.0,0.0,1.0,1.0,-0.0009726897114887,2.6707165368122787e-09,0.0009726870339363,-0.0060485638678073,0.0,0.0,0.0,-0.0061368006281554,60.0,1.067023754119873,-0.0,-6.45071907001693e-08,1.0,282.9992980957031,284.4533386230469,290.2752380371094,291.35028076171875,293.1499938964844,293.1499938964844,278.1499938964844,0.0,18000.0,313.1499938964844,0.0,18000.0,0.0,0.0,0.0,0.0,0.0,0.0,0.0,0.0,0.0,-0.0,-0.0,0.0,-5.2805772432836115e-21,-2.6402886216418057e-21,-2.6402886216418057e-21,0.0,0.0,-0.0,0.0,0.0,0.0,-0.0,0.0,0.0,0.0,0.0,0.0,4.0,0.0,0.0
12290460,298.3441162109375,297.1499938964844,293.1499938964844,0.0,-0.0,285.37469482421875,0.633958101272583,0.050000000745058,0.0408390834927558,298.0955810546875,297.1499938964844,293.1499938964844,0.0,-0.0,285.37469482421875,0.633958101272583,0.050000000745058,0.0430055223405361,298.5711364746094,297.1499938964844,293.1499938964844,0.0,-0.0,285.37469482421875,0.633958101272583,0.050000000745058,0.031763732433319,298.0179138183594,297.1499938964844,293.1499938964844,0.0,-0.0,285.37469482421875,0.633958101272583,0.050000000745058,0.0430055223405361,298.26202392578125,297.1499938964844,293.1499938964844,0.0,-0.0,285.3746643066406,0.633958101272583,0.050000000745058,0.2039996683597564,285.3934631347656,291.1499938964844,287.0957336425781,283.8036499023437,293.8548278808594,295.6722106933594,285.5473022460937,1.0,0.1097143962979316,0.0688015446066856,0.0688015446066856,1.0,1.0,-0.4356667995452881,0.000178794551175,0.4354880154132843,-0.1350260525941848,0.0,0.0,0.0,10.168537139892578,60.0,1143.6168212890625,-0.0,12.277832984924316,1.0,282.9992980957031,284.4533386230469,290.2752380371094,291.35028076171875,293.1499938964844,293.1499938964844,278.1499938964844,0.0,18000.0,313.1499938964844,0.0,18000.0,0.0,0.0,0.0,0.0,0.0,0.0,0.0,0.0,0.0,-0.0,-0.0,0.0,-5.2805772432836115e-21,-2.6402886216418057e-21,-2.6402886216418057e-21,0.0,0.0,-0.0,0.0,0.0,0.0,-0.0,0.0,0.0,0.0,0.0,0.0,4.0,0.0,0.0
12290520,298.2752990722656,297.1499938964844,293.1499938964844,0.0,-0.0,286.0116271972656,0.6311510801315308,0.050000000745058,0.045236837118864,298.050537109375,297.1499938964844,293.1499938964844,0.0,-0.0,286.0116271972656,0.6311510801315308,0.050000000745058,0.0476365685462951,298.5148620605469,297.1499938964844,293.1499938964844,0.0,-0.0,286.0116271972656,0.6311510801315308,0.050000000745058,0.0351842083036899,297.9753112792969,297.1499938964844,293.1499938964844,0.0,-0.0,286.0116271972656,0.6311510801315308,0.050000000745058,0.0476365685462951,298.20684814453125,297.1499938964844,293.1499938964844,0.0,-0.0,286.0116271972656,0.6311510801315308,0.050000000745058,0.2259673774242401,286.1018371582031,291.1499938964844,287.1435241699219,283.8454895019531,294.8485412597656,298.0838928222656,286.7285461425781,1.0,0.1210916563868522,0.1376030892133712,0.1376030892133712,1.0,1.0,-0.482005625963211,0.0094728954136371,0.4725327491760254,-0.1362719535827636,0.0,0.0,0.0,12.502875328063965,60.0,2351.9365234375,-0.0,16.681001663208008,1.0,282.9992980957031,284.4533386230469,290.2752380371094,291.35028076171875,293.1499938964844,293.1499938964844,278.1499938964844,0.0,18000.0,313.1499938964844,0.0,18000.0,0.0,0.0,0.0,0.0,0.0,0.0,0.0,0.0,0.0,-0.0,-0.0,0.0,-5.2805772432836115e-21,-2.6402886216418057e-21,-2.6402886216418057e-21,0.0,0.0,-0.0,0.0,0.0,0.0,-0.0,0.0,0.0,0.0,0.0,0.0,4.0,0.0,0.0
12290580,298.1895446777344,297.1499938964844,293.1499938964844,0.0,-0.0,288.0899963378906,0.5708250403404236,0.050000000745058,0.0456816107034683,297.9895935058594,297.1499938964844,293.1499938964844,0.0,-0.0,288.0899963378906,0.5708250403404236,0.050000000745058,0.0481049381196498,298.4420166015625,297.1499938964844,293.1499938964844,0.0,-0.0,288.0899963378906,0.5708250403404236,0.050000000745058,0.0355301424860954,297.9132385253906,297.1499938964844,293.1499938964844,0.0,-0.0,288.0899963378906,0.5708250403404236,0.050000000745058,0.0481049381196498,298.12164306640625,297.1499938964844,293.1499938964844,0.0,-0.0,288.0899963378906,0.5708250403404236,0.050000000745058,0.2281891107559204,288.1735534667969,291.1499938964844,287.2451171875,283.9295959472656,294.8440856933594,298.1357421875,288.55133056640625,1.0,0.140596717596054,0.2752061784267425,0.2752061784267425,1.0,1.0,-0.4867465198040008,0.0431765466928482,0.4435699880123138,-0.1038040295243263,0.0,0.0,0.0,20.0257511138916,60.0,2293.22509765625,-0.0,23.189395904541016,1.0,282.9992980957031,284.4533386230469,290.2752380371094,291.35028076171875,293.1499938964844,293.1499938964844,278.1499938964844,0.0,18000.0,313.1499938964844,0.0,18000.0,0.0,0.0,0.0,0.0,0.0,0.0,0.0,0.0,0.0,-0.0,-0.0,0.0,-5.2805772432836115e-21,-2.6402886216418057e-21,-2.6402886216418057e-21,0.0,0.0,-0.0,0.0,0.0,0.0,-0.0,0.0,0.0,0.0,0.0,0.0,4.0,0.0,0.0
12290640,298.1895446777344,297.1499938964844,293.1499938964844,0.0,-0.0,288.0899963378906,0.5708250403404236,0.050000000745058,0.0456816107034683,297.9895935058594,297.1499938964844,293.1499938964844,0.0,-0.0,288.0899963378906,0.5708250403404236,0.050000000745058,0.0481049381196498,298.4420166015625,297.1499938964844,293.1499938964844,0.0,-0.0,288.0899963378906,0.5708250403404236,0.050000000745058,0.0355301424860954,297.9132385253906,297.1499938964844,293.1499938964844,0.0,-0.0,288.0899963378906,0.5708250403404236,0.050000000745058,0.0481049381196498,298.12164306640625,297.1499938964844,293.1499938964844,0.0,-0.0,288.0899963378906,0.5708250403404236,0.050000000745058,0.2281891107559204,288.1735534667969,291.1499938964844,287.2451171875,283.9295959472656,294.8440856933594,298.1357421875,288.55133056640625,1.0,0.140596717596054,0.2752061784267425,0.2752061784267425,1.0,1.0,-0.4867465198040008,0.0431765466928482,0.4435699880123138,-0.1038040295243263,0.0,0.0,0.0,20.0257511138916,60.0,2293.22509765625,-0.0,23.189395904541016,1.0,282.9992980957031,284.4533386230469,290.2752380371094,291.35028076171875,293.1499938964844,293.1499938964844,278.1499938964844,0.0,18000.0,313.1499938964844,0.0,18000.0,0.0,0.0,0.0,0.0,0.0,0.0,0.0,0.0,0.0,-0.0,-0.0,0.0,-5.2805772432836115e-21,-2.6402886216418057e-21,-2.6402886216418057e-21,0.0,0.0,-0.0,0.0,0.0,0.0,-0.0,0.0,0.0,0.0,0.0,0.0,4.0,0.0,0.0
12290700,298.16571044921875,297.1499938964844,293.1499938964844,0.0,-0.0,288.8100891113281,0.5490900874137878,0.050000000745058,0.0458189994096756,297.97076416015625,297.1499938964844,293.1499938964844,0.0,-0.0,288.8100891113281,0.5490900874137878,0.050000000745058,0.0482496134936809,298.4194641113281,297.1499938964844,293.1499938964844,0.0,-0.0,288.8100891113281,0.5490900874137878,0.050000000745058,0.0356369987130165,297.8924560546875,297.1499938964844,293.1499938964844,0.0,-0.0,288.8100891113281,0.5490900874137878,0.050000000745058,0.0482496134936809,298.0914001464844,297.1499938964844,293.1499938964844,0.0,-0.0,288.8100891113281,0.5490900874137878,0.050000000745058,0.2288753986358642,288.87774658203125,291.1499938964844,287.2987060546875,283.9718017578125,294.8601379394531,298.1327514648437,289.20416259765625,1.0,0.1489992290735244,0.3440077006816864,0.3440077006816864,1.0,1.0,-0.4882105588912964,0.0698472112417221,0.4183633327484131,-0.0775859281420707,0.0,0.0,0.0,23.70071029663086,60.0,2083.6630859375,-0.0,26.34174346923828,1.0,282.9992980957031,284.4533386230469,290.2752380371094,291.35028076171875,293.1499938964844,293.1499938964844,278.1499938964844,0.0,18000.0,313.1499938964844,0.0,18000.0,0.0,0.0,0.0,0.0,0.0,0.0,0.0,0.0,0.0,-0.0,-0.0,0.0,-5.2805772432836115e-21,-2.6402886216418057e-21,-2.6402886216418057e-21,0.0,0.0,-0.0,0.0,0.0,0.0,-0.0,0.0,0.0,0.0,0.0,0.0,4.0,0.0,0.0
12290760,298.1502685546875,297.1499938964844,293.1499938964844,0.0,-0.0,289.4442138671875,0.532305896282196,0.050000000745058,0.0459505543112754,297.9571533203125,297.1499938964844,293.1499938964844,0.0,-0.0,289.4442138671875,0.532305896282196,0.050000000745058,0.0483881458640098,298.4029846191406,297.1499938964844,293.1499938964844,0.0,-0.0,289.4442138671875,0.532305896282196,0.050000000745058,0.0357393212616443,297.8768615722656,297.1499938964844,293.1499938964844,0.0,-0.0,289.4442138671875,0.532305896282196,0.050000000745058,0.0483881458640098,298.0677490234375,297.1499938964844,293.1499938964844,0.0,-0.0,289.4442138671875,0.532305896282196,0.050000000745058,0.2295325398445129,289.5048828125,291.1499938964844,287.3541259765625,284.0140380859375,294.8830871582031,298.1448669433594,289.8042297363281,1.0,0.1565586477518081,0.4752061665058136,0.4752061665058136,0.9981723427772522,1.0,-0.4896125793457031,0.132267415523529,0.3573451936244964,-0.0157555788755416,0.0,0.0,0.0,27.2268123626709,60.0,1883.188232421875,-0.0,29.37215232849121,1.0,282.9992980957031,284.4533386230469,290.2752380371094,291.35028076171875,293.1499938964844,293.1499938964844,278.1499938964844,0.0,18000.0,313.1499938964844,0.0,18000.0,0.0,0.0,0.0,0.0,0.0,0.0,0.0,0.0,0.0,-0.0,-0.0,0.0,-5.2805772432836115e-21,-2.6402886216418057e-21,-2.6402886216418057e-21,0.0,0.0,-0.0,0.0,0.0,0.0,-0.0,0.0,0.0,0.0,0.0,0.0,4.0,0.0,0.0
12290820,298.13671875,297.1499938964844,293.1499938964844,0.0,-0.0,290.5158386230469,0.5095111727714539,0.050000000745058,0.0461898446083068,297.9418029785156,297.1499938964844,293.1499938964844,0.0,-0.0,290.5158386230469,0.5095111727714539,0.050000000745058,0.0486401319503784,298.3832092285156,297.1499938964844,293.1499938964844,0.0,-0.0,290.5158386230469,0.5095111727714539,0.050000000745058,0.0359254367649555,297.85797119140625,297.1499938964844,293.1499938964844,0.0,-0.0,290.5158386230469,0.5095111727714539,0.050000000745058,0.0486401319503784,298.0365905761719,297.1499938964844,293.1499938964844,0.0,-0.0,290.5158386230469,0.5095111727714539,0.050000000745058,0.2307278513908386,290.55975341796875,291.1499938964844,287.4700012207031,284.0986328125,293.7911376953125,298.1885681152344,290.752685546875,1.0,0.1693810373544693,0.7376030683517456,0.7376030683517456,0.9945169687271118,1.0,-0.4921622276306152,0.2055502831935882,0.286611944437027,0.0566524378955364,0.0,0.0,0.0,33.63567352294922,60.0,1268.0555419921875,-0.0,34.937408447265625,1.0,282.9992980957031,284.4533386230469,290.2752380371094,291.35028076171875,293.1499938964844,293.1499938964844,278.1499938964844,0.0,18000.0,313.1499938964844,0.0,18000.0,0.0,0.0,0.0,0.0,0.0,0.0,0.0,0.0,0.0,-0.0,-0.0,0.0,-5.2805772432836115e-21,-2.6402886216418057e-21,-2.6402886216418057e-21,0.0,0.0,-0.0,0.0,0.0,0.0,-0.0,0.0,0.0,0.0,0.0,0.0,4.0,0.0,0.0
12290880,298.13671875,297.1499938964844,293.1499938964844,0.0,-0.0,290.5158386230469,0.5095111727714539,0.050000000745058,0.0461898446083068,297.9418029785156,297.1499938964844,293.1499938964844,0.0,-0.0,290.5158386230469,0.5095111727714539,0.050000000745058,0.0486401319503784,298.3832092285156,297.1499938964844,293.1499938964844,0.0,-0.0,290.5158386230469,0.5095111727714539,0.050000000745058,0.0359254367649555,297.85797119140625,297.1499938964844,293.1499938964844,0.0,-0.0,290.5158386230469,0.5095111727714539,0.050000000745058,0.0486401319503784,298.0365905761719,297.1499938964844,293.1499938964844,0.0,-0.0,290.5158386230469,0.5095111727714539,0.050000000745058,0.2307278513908386,290.55975341796875,291.1499938964844,287.4700012207031,284.0986328125,293.7911376953125,298.1885681152344,290.752685546875,1.0,0.1693810373544693,0.7376030683517456,0.7376030683517456,0.9945169687271118,1.0,-0.4921622276306152,0.2055502831935882,0.286611944437027,0.0566524378955364,0.0,0.0,0.0,33.63567352294922,60.0,1268.0555419921875,-0.0,34.937408447265625,1.0,282.9992980957031,284.4533386230469,290.2752380371094,291.35028076171875,293.1499938964844,293.1499938964844,278.1499938964844,0.0,18000.0,313.1499938964844,0.0,18000.0,0.0,0.0,0.0,0.0,0.0,0.0,0.0,0.0,0.0,-0.0,-0.0,0.0,-5.2805772432836115e-21,-2.6402886216418057e-21,-2.6402886216418057e-21,0.0,0.0,-0.0,0.0,0.0,0.0,-0.0,0.0,0.0,0.0,0.0,0.0,4.0,0.0,0.0
12290940,298.1354675292969,297.1499938964844,293.1499938964844,0.0,-0.0,291.18414306640625,0.4954216778278351,0.050000000745058,0.0463937185704708,297.9361572265625,297.1499938964844,293.1499938964844,0.0,-0.0,291.18414306640625,0.4954216778278351,0.050000000745058,0.0488548204302787,298.3739624023437,297.1499938964844,293.1499938964844,0.0,-0.0,291.18414306640625,0.4954216778278351,0.050000000745058,0.0360840037465095,297.849609375,297.1499938964844,293.1499938964844,0.0,-0.0,291.18414306640625,0.4954216778278351,0.050000000745058,0.0488548204302787,298.0199279785156,297.1499938964844,293.1499938964844,0.0,-0.0,291.18414306640625,0.4954216778278351,0.050000000745058,0.2317462265491485,291.2131652832031,291.1499938964844,287.5921325683594,284.18316650390625,293.5779113769531,298.2281188964844,291.3573608398437,1.0,0.1795416623353958,1.0,1.0,0.9908616542816162,1.0,-0.4943346381187439,0.2164237201213836,0.2779109179973602,0.0670154467225074,0.0,0.0,0.0,39.08926773071289,60.0,866.3851928710938,-0.0,39.73394775390625,1.0,282.9992980957031,284.4533386230469,290.2752380371094,291.35028076171875,293.1499938964844,293.1499938964844,278.1499938964844,0.0,18000.0,313.1499938964844,0.0,18000.0,0.0,0.0,0.0,0.0,0.0,0.0,0.0,0.0,0.0,-0.0,-0.0,0.0,-5.2805772432836115e-21,-2.6402886216418057e-21,-2.6402886216418057e-21,0.0,0.0,-0.0,0.0,0.0,0.0,-0.0,0.0,0.0,0.0,0.0,0.0,4.0,0.0,0.0
12291000,298.1354675292969,297.1499938964844,293.1499938964844,0.0,-0.0,291.18414306640625,0.4954216778278351,0.050000000745058,0.0463937185704708,297.9361572265625,297.1499938964844,293.1499938964844,0.0,-0.0,291.18414306640625,0.4954216778278351,0.050000000745058,0.0488548204302787,298.3739624023437,297.1499938964844,293.1499938964844,0.0,-0.0,291.18414306640625,0.4954216778278351,0.050000000745058,0.0360840037465095,297.849609375,297.1499938964844,293.1499938964844,0.0,-0.0,291.18414306640625,0.4954216778278351,0.050000000745058,0.0488548204302787,298.0199279785156,297.1499938964844,293.1499938964844,0.0,-0.0,291.18414306640625,0.4954216778278351,0.050000000745058,0.2317462265491485,291.2131652832031,291.1499938964844,287.5921325683594,284.18316650390625,293.5779113769531,298.2281188964844,291.3573608398437,1.0,0.1795416623353958,1.0,1.0,0.9908616542816162,1.0,-0.4943346381187439,0.2164237201213836,0.2779109179973602,0.0670154467225074,0.0,0.0,0.0,39.08926773071289,60.0,866.3851928710938,-0.0,39.73394775390625,1.0,282.9992980957031,284.4533386230469,290.2752380371094,291.35028076171875,293.1499938964844,293.1499938964844,278.1499938964844,0.0,18000.0,313.1499938964844,0.0,18000.0,0.0,0.0,0.0,0.0,0.0,0.0,0.0,0.0,0.0,-0.0,-0.0,0.0,-5.2805772432836115e-21,-2.6402886216418057e-21,-2.6402886216418057e-21,0.0,0.0,-0.0,0.0,0.0,0.0,-0.0,0.0,0.0,0.0,0.0,0.0,4.0,0.0,0.0
12291060,298.1404724121094,297.1499938964844,293.1499938964844,0.0,-0.0,291.7313537597656,0.4857510030269623,0.050000000745058,0.0465624369680881,297.9363708496094,297.1499938964844,293.1499938964844,0.0,-0.0,291.7313537597656,0.4857510030269623,0.050000000745058,0.049032486975193,298.3711242675781,297.1499938964844,293.1499938964844,0.0,-0.0,291.7313537597656,0.4857510030269623,0.050000000745058,0.0362152270972728,297.8478088378906,297.1499938964844,293.1499938964844,0.0,-0.0,291.7313537597656,0.4857510030269623,0.050000000745058,0.049032486975193,298.0129089355469,297.1499938964844,293.1499938964844,0.0,-0.0,291.7313537597656,0.4857510030269623,0.050000000745058,0.2325890213251114,291.75616455078125,290.6499938964844,287.7199401855469,284.2674865722656,293.6231689453125,298.229248046875,291.87841796875,1.0,0.1875037103891372,1.0,1.0,0.9903243780136108,1.0,-0.496132493019104,0.2172687947750091,0.2788636982440948,0.0674947649240493,0.0,0.0,0.0,43.6016731262207,48.0,667.5614013671875,-0.0,43.73627853393555,1.0,282.9992980957031,284.4533386230469,290.2752380371094,291.35028076171875,293.1499938964844,293.1499938964844,278.1499938964844,0.0,18000.0,313.1499938964844,0.0,18000.0,0.0,0.0,0.0,0.0,0.0,0.0,0.0,0.0,0.0,-0.0,-0.0,0.0,-5.2805772432836115e-21,-2.6402886216418057e-21,-2.6402886216418057e-21,0.0,0.0,-0.0,0.0,0.0,0.0,-0.0,0.0,0.0,0.0,0.0,0.0,4.0,0.0,0.0
12291120,298.1404724121094,297.1499938964844,293.1499938964844,0.0,-0.0,291.7313537597656,0.4857510030269623,0.050000000745058,0.0465624369680881,297.9363708496094,297.1499938964844,293.1499938964844,0.0,-0.0,291.7313537597656,0.4857510030269623,0.050000000745058,0.049032486975193,298.3711242675781,297.1499938964844,293.1499938964844,0.0,-0.0,291.7313537597656,0.4857510030269623,0.050000000745058,0.0362152270972728,297.8478088378906,297.1499938964844,293.1499938964844,0.0,-0.0,291.7313537597656,0.4857510030269623,0.050000000745058,0.049032486975193,298.0129089355469,297.1499938964844,293.1499938964844,0.0,-0.0,291.7313537597656,0.4857510030269623,0.050000000745058,0.2325890213251114,291.75616455078125,290.6499938964844,287.7199401855469,284.2674865722656,293.6231689453125,298.229248046875,291.87841796875,1.0,0.1875037103891372,1.0,1.0,0.9903243780136108,1.0,-0.496132493019104,0.2172687947750091,0.2788636982440948,0.0674947649240493,0.0,0.0,0.0,43.6016731262207,48.0,667.5614013671875,-0.0,43.73627853393555,1.0,282.9992980957031,284.4533386230469,290.2752380371094,291.35028076171875,293.1499938964844,293.1499938964844,278.1499938964844,0.0,18000.0,313.1499938964844,0.0,18000.0,0.0,0.0,0.0,0.0,0.0,0.0,0.0,0.0,0.0,-0.0,-0.0,0.0,-5.2805772432836115e-21,-2.6402886216418057e-21,-2.6402886216418057e-21,0.0,0.0,-0.0,0.0,0.0,0.0,-0.0,0.0,0.0,0.0,0.0,0.0,4.0,0.0,0.0
12291180,298.1483154296875,297.1499938964844,293.1499938964844,0.0,-0.0,292.1466369628906,0.4833914935588836,0.050000000745058,0.0466059409081935,297.9400634765625,297.1499938964844,293.1499938964844,0.0,-0.0,292.1466369628906,0.4833914935588836,0.050000000745058,0.0490783005952835,298.3724975585937,297.1499938964844,293.1499938964844,0.0,-0.0,292.1466369628906,0.4833914935588836,0.050000000745058,0.0362490676343441,297.8502197265625,297.1499938964844,293.1499938964844,0.0,-0.0,292.1466369628906,0.4833914935588836,0.050000000745058,0.0490783005952835,298.01226806640625,297.1499938964844,293.1499938964844,0.0,-0.0,292.1466369628906,0.4833914935588836,0.050000000745058,0.2328063249588012,292.1672058105469,290.6499938964844,287.8399963378906,284.3434143066406,293.6783142089844,298.2332763671875,292.2674560546875,1.0,0.1890449672937393,1.0,1.0,0.9898382425308228,1.0,-0.4965963661670685,0.2174493223428726,0.279147058725357,0.0676400512456893,0.0,0.0,0.0,44.76581573486328,48.0,538.9356689453125,-0.0,44.773380279541016,1.0,282.9992980957031,284.4533386230469,290.2752380371094,291.35028076171875,293.1499938964844,293.1499938964844,278.1499938964844,0.0,18000.0,313.1499938964844,0.0,18000.0,0.0,0.0,0.0,0.0,0.0,0.0,0.0,0.0,0.0,-0.0,-0.0,0.0,-5.2805772432836115e-21,-2.6402886216418057e-21,-2.6402886216418057e-21,0.0,0.0,-0.0,0.0,0.0,0.0,-0.0,0.0,0.0,0.0,0.0,0.0,4.0,0.0,0.0
12291240,298.1492919921875,297.1499938964844,293.1499938964844,0.0,-0.0,292.1856384277344,0.4834647178649902,0.050000000745058,0.0466045849025249,297.9405822753906,297.1499938964844,293.1499938964844,0.0,-0.0,292.1856384277344,0.4834647178649902,0.050000000745058,0.0490768700838089,298.3728332519531,297.1499938964844,293.1499938964844,0.0,-0.0,292.1856384277344,0.4834647178649902,0.050000000745058,0.0362480096518993,297.85064697265625,297.1499938964844,293.1499938964844,0.0,-0.0,292.1856384277344,0.4834647178649902,0.050000000745058,0.0490768700838089,298.0124206542969,297.1499938964844,293.1499938964844,0.0,-0.0,292.1856384277344,0.4834647178649902,0.050000000745058,0.232799544930458,292.20574951171875,290.1499938964844,287.8528137207031,284.3513488769531,293.68426513671875,298.2338562011719,292.30389404296875,1.0,0.1889515966176986,1.0,1.0,0.9897871613502502,1.0,-0.4965819418430328,0.2174412161111831,0.2791407108306885,0.0676440745592117,0.0,0.0,0.0,44.729610443115234,36.0,527.14599609375,-0.0,44.741092681884766,1.0,282.9992980957031,284.4533386230469,290.2752380371094,291.35028076171875,293.1499938964844,293.1499938964844,278.1499938964844,0.0,18000.0,313.1499938964844,0.0,18000.0,0.0,0.0,0.0,0.0,0.0,0.0,0.0,0.0,0.0,-0.0,-0.0,0.0,-5.2805772432836115e-21,-2.6402886216418057e-21,-2.6402886216418057e-21,0.0,0.0,-0.0,0.0,0.0,0.0,-0.0,0.0,0.0,0.0,0.0,0.0,4.0,0.0,0.0
12291300,298.15460205078125,297.1499938964844,293.1499938964844,0.0,-0.0,292.3775939941406,0.4846768081188202,0.050000000745058,0.04658218100667,297.9437255859375,297.1499938964844,293.1499938964844,0.0,-0.0,292.3775939941406,0.4846768081188202,0.050000000745058,0.0490532778203487,298.3748474121094,297.1499938964844,293.1499938964844,0.0,-0.0,292.3775939941406,0.4846768081188202,0.050000000745058,0.0362305827438831,297.853271484375,297.1499938964844,293.1499938964844,0.0,-0.0,292.3775939941406,0.4846768081188202,0.050000000745058,0.0490532778203487,298.01385498046875,297.1499938964844,293.1499938964844,0.0,-0.0,292.3775939941406,0.4846768081188202,0.050000000745058,0.2326876372098922,292.39556884765625,290.1499938964844,287.9209899902344,284.39306640625,293.71612548828125,298.2373046875,292.4832458496094,1.0,0.1877610385417938,1.0,1.0,0.9895185232162476,1.0,-0.4963433146476745,0.2173283994197845,0.27901491522789,0.0676371306180954,0.0,0.0,0.0,44.1309700012207,36.0,469.8173522949219,-0.0,44.2075424194336,1.0,282.9992980957031,284.4533386230469,290.2752380371094,291.35028076171875,293.1499938964844,293.1499938964844,278.1499938964844,0.0,18000.0,313.1499938964844,0.0,18000.0,0.0,0.0,0.0,0.0,0.0,0.0,0.0,0.0,0.0,-0.0,-0.0,0.0,-5.2805772432836115e-21,-2.6402886216418057e-21,-2.6402886216418057e-21,0.0,0.0,-0.0,0.0,0.0,0.0,-0.0,0.0,0.0,0.0,0.0,0.0,4.0,0.0,0.0
12291360,298.1603088378906,297.1499938964844,293.1499938964844,0.0,-0.0,292.549072265625,0.4871794283390045,0.050000000745058,0.0465363934636116,297.9473571777344,297.1499938964844,293.1499938964844,0.0,-0.0,292.549072265625,0.4871794283390045,0.050000000745058,0.049005065113306,298.3774719238281,297.1499938964844,293.1499938964844,0.0,-0.0,292.549072265625,0.4871794283390045,0.050000000745058,0.0361949726939201,297.8564758300781,297.1499938964844,293.1499938964844,0.0,-0.0,292.549072265625,0.4871794283390045,0.050000000745058,0.049005065113306,298.0160827636719,297.1499938964844,293.1499938964844,0.0,-0.0,292.549072265625,0.4871794283390045,0.050000000745058,0.2324589341878891,292.5651550292969,289.6499938964844,287.9902038574219,284.4346008300781,293.74835205078125,298.24127197265625,292.6436767578125,1.0,0.1854817271232605,1.0,1.0,0.9876606464385986,1.0,-0.4958555102348327,0.2171302437782287,0.278725266456604,0.0676100924611091,0.0,0.0,0.0,42.90717697143555,25.0,419.7520751953125,-0.0,43.11837005615234,1.0,282.9992980957031,284.4533386230469,290.2752380371094,291.35028076171875,293.1499938964844,293.1499938964844,278.1499938964844,0.0,18000.0,313.1499938964844,0.0,18000.0,0.0,0.0,0.0,0.0,0.0,0.0,0.0,0.0,0.0,-0.0,-0.0,0.0,-5.2805772432836115e-21,-2.6402886216418057e-21,-2.6402886216418057e-21,0.0,0.0,-0.0,0.0,0.0,0.0,-0.0,0.0,0.0,0.0,0.0,0.0,4.0,0.0,0.0
12291420,298.17242431640625,297.1499938964844,293.1499938964844,0.0,-0.0,292.84039306640625,0.4953086376190185,0.050000000745058,0.0463955625891685,297.9555969238281,297.1499938964844,293.1499938964844,0.0,-0.0,292.84039306640625,0.4953086376190185,0.050000000745058,0.0488567613065242,298.38385009765625,297.1499938964844,293.1499938964844,0.0,-0.0,292.84039306640625,0.4953086376190185,0.050000000745058,0.0360854379832744,297.8641662597656,297.1499938964844,293.1499938964844,0.0,-0.0,292.84039306640625,0.4953086376190185,0.050000000745058,0.0488567613065242,298.022216796875,297.1499938964844,293.1499938964844,0.0,-0.0,292.84039306640625,0.4953086376190185,0.050000000745058,0.2317554354667663,292.8533630371094,289.1499938964844,288.1314697265625,284.5170593261719,293.8143005371094,298.2503356933594,292.9169311523437,1.0,0.1785192787647247,1.0,1.0,0.9839448928833008,1.0,-0.4943549633026123,0.216508612036705,0.2778463661670685,0.0674760192632675,0.0,0.0,0.0,39.14245223999024,25.0,338.197021484375,-0.0,39.78078079223633,1.0,282.9992980957031,284.4533386230469,290.2752380371094,291.35028076171875,293.1499938964844,293.1499938964844,278.1499938964844,0.0,18000.0,313.1499938964844,0.0,18000.0,0.0,0.0,0.0,0.0,0.0,0.0,0.0,0.0,0.0,-0.0,-0.0,0.0,-5.2805772432836115e-21,-2.6402886216418057e-21,-2.6402886216418057e-21,0.0,0.0,-0.0,0.0,0.0,0.0,-0.0,0.0,0.0,0.0,0.0,0.0,4.0,0.0,0.0
12291480,298.17242431640625,297.1499938964844,293.1499938964844,0.0,-0.0,292.84039306640625,0.4953086376190185,0.050000000745058,0.0463955625891685,297.9555969238281,297.1499938964844,293.1499938964844,0.0,-0.0,292.84039306640625,0.4953086376190185,0.050000000745058,0.0488567613065242,298.38385009765625,297.1499938964844,293.1499938964844,0.0,-0.0,292.84039306640625,0.4953086376190185,0.050000000745058,0.0360854379832744,297.8641662597656,297.1499938964844,293.1499938964844,0.0,-0.0,292.84039306640625,0.4953086376190185,0.050000000745058,0.0488567613065242,298.022216796875,297.1499938964844,293.1499938964844,0.0,-0.0,292.84039306640625,0.4953086376190185,0.050000000745058,0.2317554354667663,292.8533630371094,289.1499938964844,288.1314697265625,284.5170593261719,293.8143005371094,298.2503356933594,292.9169311523437,1.0,0.1785192787647247,1.0,1.0,0.9839448928833008,1.0,-0.4943549633026123,0.216508612036705,0.2778463661670685,0.0674760192632675,0.0,0.0,0.0,39.14245223999024,25.0,338.197021484375,-0.0,39.78078079223633,1.0,282.9992980957031,284.4533386230469,290.2752380371094,291.35028076171875,293.1499938964844,293.1499938964844,278.1499938964844,0.0,18000.0,313.1499938964844,0.0,18000.0,0.0,0.0,0.0,0.0,0.0,0.0,0.0,0.0,0.0,-0.0,-0.0,0.0,-5.2805772432836115e-21,-2.6402886216418057e-21,-2.6402886216418057e-21,0.0,0.0,-0.0,0.0,0.0,0.0,-0.0,0.0,0.0,0.0,0.0,0.0,4.0,0.0,0.0
12291540,298.18585205078125,297.1499938964844,293.1499938964844,0.0,-0.0,293.1141052246094,0.5160391330718994,0.050000000745058,0.0461113899946212,297.96533203125,297.1499938964844,293.1499938964844,0.0,-0.0,293.1141052246094,0.5160391330718994,0.050000000745058,0.0485575161874294,298.32000732421875,297.1499938964844,293.1499938964844,0.0,-0.0,293.1476135253906,0.8067816495895386,0.1824474483728408,0.1264094859361648,297.87237548828125,297.1499938964844,293.1499938964844,0.0,-0.0,293.1141052246094,0.5160391330718994,0.050000000745058,0.0485575161874294,298.0296630859375,297.1499938964844,293.1499938964844,0.0,-0.0,293.1141052246094,0.5160391330718994,0.050000000745058,0.2303359508514404,293.1341552734375,288.6499938964844,288.2760314941406,284.5985717773437,293.8970031738281,298.2429504394531,293.1902160644531,1.0,0.1752165853977203,1.0,1.0,0.9802291393280028,1.0,-0.5999863743782043,0.2613213360309601,0.3386650681495666,0.0884410664439201,0.0,0.0,0.0,32.39761734008789,25.0,317.1822814941406,-0.0,45.333778381347656,1.0,282.9992980957031,284.4533386230469,290.2752380371094,291.35028076171875,293.1499938964844,293.1499938964844,278.1499938964844,0.0,18000.0,313.1499938964844,0.0,18000.0,0.0,0.0,0.0,0.0,0.0,0.0,0.0,0.0,0.0,-0.0,-0.0,0.0,-5.2805772432836115e-21,-2.6402886216418057e-21,-2.6402886216418057e-21,0.0,0.0,-0.0,0.0,0.0,0.0,-0.0,0.0,0.0,0.0,0.0,0.0,4.0,0.0,0.0
12291600,298.18585205078125,297.1499938964844,293.1499938964844,0.0,-0.0,293.1141052246094,0.5160391330718994,0.050000000745058,0.0461113899946212,297.96533203125,297.1499938964844,293.1499938964844,0.0,-0.0,293.1141052246094,0.5160391330718994,0.050000000745058,0.0485575161874294,298.32000732421875,297.1499938964844,293.1499938964844,0.0,-0.0,293.1476135253906,0.8067816495895386,0.1824474483728408,0.1264094859361648,297.87237548828125,297.1499938964844,293.1499938964844,0.0,-0.0,293.1141052246094,0.5160391330718994,0.050000000745058,0.0485575161874294,298.0296630859375,297.1499938964844,293.1499938964844,0.0,-0.0,293.1141052246094,0.5160391330718994,0.050000000745058,0.2303359508514404,293.1341552734375,288.6499938964844,288.2760314941406,284.5985717773437,293.8970031738281,298.2429504394531,293.1902160644531,1.0,0.1752165853977203,1.0,1.0,0.9802291393280028,1.0,-0.5999863743782043,0.2613213360309601,0.3386650681495666,0.0884410664439201,0.0,0.0,0.0,32.39761734008789,25.0,317.1822814941406,-0.0,45.333778381347656,1.0,282.9992980957031,284.4533386230469,290.2752380371094,291.35028076171875,293.1499938964844,293.1499938964844,278.1499938964844,0.0,18000.0,313.1499938964844,0.0,18000.0,0.0,0.0,0.0,0.0,0.0,0.0,0.0,0.0,0.0,-0.0,-0.0,0.0,-5.2805772432836115e-21,-2.6402886216418057e-21,-2.6402886216418057e-21,0.0,0.0,-0.0,0.0,0.0,0.0,-0.0,0.0,0.0,0.0,0.0,0.0,4.0,0.0,0.0
12291660,298.1411437988281,297.1499938964844,293.1499938964844,0.0,-0.0,293.3868408203125,0.8273388743400574,0.1703380197286605,0.1492112427949905,297.97442626953125,297.1499938964844,293.1499938964844,0.0,-0.0,293.359619140625,0.550136387348175,0.050000000745058,0.04824098944664,298.26806640625,297.1499938964844,293.1499938964844,0.0,-0.0,293.3885192871094,0.8638640642166138,0.191948801279068,0.1328644156455993,297.8777160644531,297.1499938964844,293.1499938964844,0.0,-0.0,293.359619140625,0.550136387348175,0.050000000745058,0.04824098944664,298.03564453125,297.1499938964844,293.1499938964844,0.0,-0.0,293.359619140625,0.550136387348175,0.050000000745058,0.2288344800472259,293.3804931640625,288.1499938964844,288.4233093261719,284.6789245605469,293.8938293457031,298.1844787597656,293.4197998046875,1.0,0.174802765250206,1.0,1.0,0.8534628748893738,1.0,-0.7288953065872192,0.3204909265041351,0.4084043800830841,0.1217582076787948,0.0,0.0,0.0,25.531044006347656,25.0,269.2354736328125,-0.0,53.6456413269043,1.0,282.9992980957031,284.4533386230469,290.2752380371094,291.35028076171875,293.1499938964844,293.1499938964844,278.1499938964844,0.0,18000.0,313.1499938964844,0.0,18000.0,0.0,0.0,0.0,0.0,0.0,0.0,0.0,0.0,0.0,-0.0,-0.0,0.0,-5.2805772432836115e-21,-2.6402886216418057e-21,-2.6402886216418057e-21,0.0,0.0,-0.0,0.0,0.0,0.0,-0.0,0.0,0.0,0.0,0.0,0.0,4.0,0.0,0.0
12291720,298.1411437988281,297.1499938964844,293.1499938964844,0.0,-0.0,293.3868408203125,0.8273388743400574,0.1703380197286605,0.1492112427949905,297.97442626953125,297.1499938964844,293.1499938964844,0.0,-0.0,293.359619140625,0.550136387348175,0.050000000745058,0.04824098944664,298.26806640625,297.1499938964844,293.1499938964844,0.0,-0.0,293.3885192871094,0.8638640642166138,0.191948801279068,0.1328644156455993,297.8777160644531,297.1499938964844,293.1499938964844,0.0,-0.0,293.359619140625,0.550136387348175,0.050000000745058,0.04824098944664,298.03564453125,297.1499938964844,293.1499938964844,0.0,-0.0,293.359619140625,0.550136387348175,0.050000000745058,0.2288344800472259,293.3804931640625,288.1499938964844,288.4233093261719,284.6789245605469,293.8938293457031,298.1844787597656,293.4197998046875,1.0,0.174802765250206,1.0,1.0,0.8534628748893738,1.0,-0.7288953065872192,0.3204909265041351,0.4084043800830841,0.1217582076787948,0.0,0.0,0.0,25.531044006347656,25.0,269.2354736328125,-0.0,53.6456413269043,1.0,282.9992980957031,284.4533386230469,290.2752380371094,291.35028076171875,293.1499938964844,293.1499938964844,278.1499938964844,0.0,18000.0,313.1499938964844,0.0,18000.0,0.0,0.0,0.0,0.0,0.0,0.0,0.0,0.0,0.0,-0.0,-0.0,0.0,-5.2805772432836115e-21,-2.6402886216418057e-21,-2.6402886216418057e-21,0.0,0.0,-0.0,0.0,0.0,0.0,-0.0,0.0,0.0,0.0,0.0,0.0,4.0,0.0,0.0
12291780,298.11053466796875,297.1499938964844,293.1499938964844,0.0,-0.0,293.5611267089844,0.8884479999542236,0.1785006076097488,0.0980026945471763,297.9524230957031,297.1499938964844,293.1499938964844,0.0,-0.0,293.5613708496094,0.8884479999542236,0.1578591614961624,0.1032015532255172,298.2933654785156,297.1499938964844,293.1499938964844,0.0,-0.0,293.5611267089844,0.8884479999542236,0.2072413116693496,0.0762243196368217,297.8833923339844,297.1499938964844,293.1499938964844,0.0,-0.0,293.5464782714844,0.6889169812202454,0.1460687071084976,0.0476540438830852,298.0113220214844,297.1499938964844,293.1499938964844,0.0,-0.0,293.5612487792969,0.8884479999542236,0.1608904749155044,0.4895437657833099,293.5639038085937,288.1499938964844,288.5584411621094,284.75054931640625,293.7928771972656,298.1193542480469,293.5785827636719,1.0,0.1815271377563476,1.0,1.0,0.7387468814849854,1.0,-0.9834061861038208,0.4462534785270691,0.5371527075767517,0.2003677636384964,0.0,0.0,0.0,13.410752296447754,25.0,189.9432067871093,-0.0,75.96501922607422,1.0,282.9992980957031,284.4533386230469,290.2752380371094,291.35028076171875,293.1499938964844,293.1499938964844,278.1499938964844,0.0,18000.0,313.1499938964844,0.0,18000.0,0.0,0.0,0.0,0.0,0.0,0.0,0.0,0.0,0.0,-0.0,-0.0,0.0,-5.2805772432836115e-21,-2.6402886216418057e-21,-2.6402886216418057e-21,0.0,0.0,-0.0,0.0,0.0,0.0,-0.0,0.0,0.0,0.0,0.0,0.0,4.0,0.0,0.0
12291840,298.1099853515625,297.1499938964844,293.1499938964844,0.0,-0.0,293.57232666015625,0.8870452642440796,0.1796053200960159,0.0970470309257507,297.9493103027344,297.1499938964844,293.1499938964844,0.0,-0.0,293.5724182128906,0.8870452642440796,0.1585266441106796,0.1021951958537101,298.2962341308594,297.1499938964844,293.1499938964844,0.0,-0.0,293.57232666015625,0.8870452642440796,0.2088913917541504,0.0754810199141502,297.8830871582031,297.1499938964844,293.1499938964844,0.0,-0.0,293.560791015625,0.756572961807251,0.1469207853078842,0.0630917102098465,298.0078430175781,297.1499938964844,293.1499938964844,0.0,-0.0,293.5723571777344,0.8870452642440796,0.161596804857254,0.4847699999809265,293.57470703125,287.6499938964844,288.5727233886719,284.7580261230469,293.7801513671875,298.1272888183594,293.5873718261719,1.0,0.1820679605007171,1.0,1.0,0.7266966104507446,1.0,-0.9871580004692078,0.4505919516086578,0.5365660786628723,0.2038060575723648,0.0,0.0,0.0,13.393848419189451,45.0,177.2271728515625,-0.0,77.0937728881836,1.0,282.9992980957031,284.4533386230469,290.2752380371094,291.35028076171875,293.1499938964844,293.1499938964844,278.1499938964844,0.0,18000.0,313.1499938964844,0.0,18000.0,0.0,0.0,0.0,0.0,0.0,0.0,0.0,0.0,0.0,-0.0,-0.0,0.0,-5.2805772432836115e-21,-2.6402886216418057e-21,-2.6402886216418057e-21,0.0,0.0,-0.0,0.0,0.0,0.0,-0.0,0.0,0.0,0.0,0.0,0.0,4.0,0.0,0.0
12291900,298.1105041503906,297.1499938964844,293.1499938964844,0.0,-0.0,293.6077880859375,0.8840299248695374,0.1857356429100036,0.0950199216604232,297.9375915527344,297.1499938964844,293.1499938964844,0.0,-0.0,293.6077880859375,0.8840299248695374,0.1624359786510467,0.1000605523586273,298.30877685546875,297.1499938964844,293.1499938964844,0.0,-0.0,293.6077880859375,0.8840299248695374,0.2173865884542465,0.0739043876528739,297.8576965332031,297.1499938964844,293.1499938964844,0.0,-0.0,293.6084289550781,0.9393429160118104,0.1490827798843383,0.1181130558252334,297.9937744140625,297.1499938964844,293.1499938964844,0.0,-0.0,293.6077880859375,0.8840299248695374,0.1656454801559448,0.4746441841125488,293.6089172363281,287.6499938964844,288.6480407714844,284.7970275878906,293.6593322753906,298.15985107421875,293.6120300292969,1.0,0.1884713768959045,1.0,1.0,0.6633135080337524,1.0,-1.0254136323928833,0.487523466348648,0.5378902554512024,0.2335469871759414,0.0,0.0,0.0,13.73641300201416,45.0,97.0618133544922,-0.0,85.89102172851562,1.0,282.9992980957031,284.4533386230469,290.2752380371094,291.35028076171875,293.1499938964844,293.1499938964844,278.1499938964844,0.0,18000.0,313.1499938964844,0.0,18000.0,0.0,0.0,0.0,0.0,0.0,0.0,0.0,0.0,0.0,-0.0,-0.0,0.0,-5.2805772432836115e-21,-2.6402886216418057e-21,-2.6402886216418057e-21,0.0,0.0,-0.0,0.0,0.0,0.0,-0.0,0.0,0.0,0.0,0.0,0.0,4.0,0.0,0.0
12291960,298.1067810058594,297.1499938964844,293.1499938964844,0.0,-0.0,293.58251953125,0.8924521207809448,0.1914560347795486,0.1007763817906379,297.9259948730469,297.1499938964844,293.1499938964844,0.0,-0.0,293.58251953125,0.8924521207809448,0.1662857085466385,0.1061223819851875,298.31170654296875,297.1499938964844,293.1499938964844,0.0,-0.0,293.58251953125,0.8924521207809448,0.2250182628631591,0.078381635248661,297.84063720703125,297.1499938964844,293.1499938964844,0.0,-0.0,293.58251953125,0.8925746083259583,0.1518879383802414,0.1061648279428482,297.9794311523437,297.1499938964844,293.1499938964844,0.0,-0.0,293.58251953125,0.8924521207809448,0.1695825755596161,0.5033988952636719,293.5791015625,287.1499938964844,288.7236633300781,284.835693359375,293.1535949707031,298.1571655273437,293.5528564453125,1.0,0.1969585716724395,1.0,1.0,0.5513386130332947,1.0,-1.0741053819656372,0.57891446352005,0.4951909184455871,0.3152152299880981,0.0,0.0,0.0,14.71192455291748,65.0,-105.60196685791016,-0.0,97.23194122314452,1.0,282.9992980957031,284.4533386230469,290.2752380371094,291.35028076171875,293.1499938964844,293.1499938964844,278.1499938964844,0.0,18000.0,313.1499938964844,0.0,18000.0,0.0,0.0,0.0,0.0,0.0,0.0,0.0,0.0,0.0,-0.0,-0.0,0.0,-5.2805772432836115e-21,-2.6402886216418057e-21,-2.6402886216418057e-21,0.0,0.0,-0.0,0.0,0.0,0.0,-0.0,0.0,0.0,0.0,0.0,0.0,4.0,0.0,0.0
12292020,298.0816345214844,297.1499938964844,293.1499938964844,0.0,-0.0,292.8580017089844,0.9052041172981262,0.2010585218667984,0.1100986152887344,297.8964233398437,297.1499938964844,293.1499938964844,0.0,-0.0,292.8580017089844,0.9052041172981262,0.1731342226266861,0.1159391477704048,298.2940979003906,297.1499938964844,293.1499938964844,0.0,-0.0,292.8580017089844,0.9052041172981262,0.2379831224679947,0.0856322571635246,297.7922058105469,297.1499938964844,293.1499938964844,0.0,-0.0,292.8400573730469,0.9853766560554504,0.1557772904634475,0.1471926569938659,297.943359375,297.1499938964844,293.1499938964844,0.0,-0.0,292.8580017089844,0.9052041172981262,0.176452562212944,0.5499653816223145,292.83062744140625,286.6499938964844,288.8755187988281,284.91180419921875,290.9899597167969,298.13897705078125,292.6963195800781,1.0,0.2203094363212585,1.0,1.0,0.3273888528347015,1.0,-1.21107017993927,0.9486004710197448,0.2624697387218475,0.6575561761856079,0.0,0.0,0.0,17.224288940429688,85.0,-1115.5693359375,-0.0,136.50242614746094,1.0,282.9992980957031,284.4533386230469,290.2752380371094,291.35028076171875,293.1499938964844,293.1499938964844,278.1499938964844,0.0,18000.0,313.1499938964844,0.0,18000.0,0.0,0.0,0.0,0.0,0.0,0.0,0.0,0.0,0.0,-0.0,-0.0,0.0,-5.2805772432836115e-21,-2.6402886216418057e-21,-2.6402886216418057e-21,0.0,0.0,-0.0,0.0,0.0,0.0,-0.0,0.0,0.0,0.0,0.0,0.0,4.0,0.0,0.0
12292080,298.0816345214844,297.1499938964844,293.1499938964844,0.0,-0.0,292.8580017089844,0.9052041172981262,0.2010585218667984,0.1100986152887344,297.8964233398437,297.1499938964844,293.1499938964844,0.0,-0.0,292.8580017089844,0.9052041172981262,0.1731342226266861,0.1159391477704048,298.2940979003906,297.1499938964844,293.1499938964844,0.0,-0.0,292.8580017089844,0.9052041172981262,0.2379831224679947,0.0856322571635246,297.7922058105469,297.1499938964844,293.1499938964844,0.0,-0.0,292.8400573730469,0.9853766560554504,0.1557772904634475,0.1471926569938659,297.943359375,297.1499938964844,293.1499938964844,0.0,-0.0,292.8580017089844,0.9052041172981262,0.176452562212944,0.5499653816223145,292.83062744140625,286.6499938964844,288.8755187988281,284.91180419921875,290.9899597167969,298.13897705078125,292.6963195800781,1.0,0.2203094363212585,1.0,1.0,0.3273888528347015,1.0,-1.21107017993927,0.9486004710197448,0.2624697387218475,0.6575561761856079,0.0,0.0,0.0,17.224288940429688,85.0,-1115.5693359375,-0.0,136.50242614746094,1.0,282.9992980957031,284.4533386230469,290.2752380371094,291.35028076171875,293.1499938964844,293.1499938964844,278.1499938964844,0.0,18000.0,313.1499938964844,0.0,18000.0,0.0,0.0,0.0,0.0,0.0,0.0,0.0,0.0,0.0,-0.0,-0.0,0.0,-5.2805772432836115e-21,-2.6402886216418057e-21,-2.6402886216418057e-21,0.0,0.0,-0.0,0.0,0.0,0.0,-0.0,0.0,0.0,0.0,0.0,0.0,4.0,0.0,0.0
12292140,298.0253295898437,297.1499938964844,293.1499938964844,0.0,-0.0,291.6275634765625,0.9257010817527772,0.2051816284656524,0.1254061907529831,297.8500061035156,297.1499938964844,293.1499938964844,0.0,-0.0,291.6275634765625,0.9257010817527772,0.1763014495372772,0.1320587694644928,298.24713134765625,297.1499938964844,293.1499938964844,0.0,-0.0,291.6275634765625,0.9257010817527772,0.2452535927295684,0.0975381508469581,297.7291259765625,297.1499938964844,293.1499938964844,0.0,-0.0,291.6169738769531,0.965964138507843,0.1561690419912338,0.1481437385082245,297.8897705078125,297.1499938964844,293.1499938964844,0.0,-0.0,291.6275634765625,0.9257010817527772,0.1793905943632125,0.6264299154281616,291.599365234375,286.6499938964844,289.00103759765625,284.9733581542969,289.6024475097656,298.0717163085937,291.4671630859375,1.0,0.2454356253147125,1.0,1.0,0.1427443027496338,1.0,-1.3555750846862793,1.275532364845276,0.080042764544487,0.9550407528877258,0.0,0.0,0.0,20.50542259216309,85.0,-1713.38623046875,-0.0,189.251693725586,1.0,282.9992980957031,284.4533386230469,290.2752380371094,291.35028076171875,293.1499938964844,293.1499938964844,278.1499938964844,0.0,18000.0,313.1499938964844,0.0,18000.0,0.0,0.0,0.0,0.0,0.0,0.0,0.0,0.0,0.0,-0.0,-0.0,0.0,-5.2805772432836115e-21,-2.6402886216418057e-21,-2.6402886216418057e-21,0.0,0.0,-0.0,0.0,0.0,0.0,-0.0,0.0,0.0,0.0,0.0,0.0,4.0,0.0,0.0
12292200,298.0081787109375,297.1499938964844,293.1499938964844,0.0,-0.0,291.37066650390625,0.930299997329712,0.2054796516895294,0.1290300041437149,297.8365173339844,297.1499938964844,293.1499938964844,0.0,-0.0,291.3706359863281,0.9309478402137756,0.1765623092651367,0.1361180245876312,298.2327575683594,297.1499938964844,293.1499938964844,0.0,-0.0,291.37066650390625,0.930299997329712,0.2463110536336898,0.100356675684452,297.7146301269531,297.1499938964844,293.1499938964844,0.0,-0.0,291.3628845214844,0.9607784152030944,0.1560635715723037,0.1481442153453827,297.8744812011719,297.1499938964844,293.1499938964844,0.0,-0.0,291.37066650390625,0.930299997329712,0.1795661151409149,0.6445316076278687,291.34442138671875,286.1499938964844,289.0277404785156,284.9862976074219,289.2528991699219,298.0539855957031,291.2162170410156,1.0,0.2514255344867706,1.0,1.0,0.1034390851855278,1.0,-1.3899176120758057,1.3662919998168943,0.0236256886273622,1.0386219024658203,0.0,0.0,0.0,21.33772087097168,105.0,-1783.5838623046875,-0.0,203.5623779296875,1.0,282.9992980957031,284.4533386230469,290.2752380371094,291.35028076171875,293.1499938964844,293.1499938964844,278.1499938964844,0.0,18000.0,313.1499938964844,0.0,18000.0,0.0,0.0,0.0,0.0,0.0,0.0,0.0,0.0,0.0,-0.0,-0.0,0.0,-5.2805772432836115e-21,-2.6402886216418057e-21,-2.6402886216418057e-21,0.0,0.0,-0.0,0.0,0.0,0.0,-0.0,0.0,0.0,0.0,0.0,0.0,4.0,0.0,0.0
12292260,297.8962707519531,297.1499938964844,293.1499938964844,0.0,-0.0,290.23583984375,0.9379663467407228,0.2050150632858276,0.1353718638420105,297.7228088378906,297.1499938964844,293.1499938964844,0.0,-0.0,290.2303466796875,0.9865662455558776,0.1737547069787979,0.1655905395746231,298.1375732421875,297.1499938964844,293.1499938964844,0.0,-0.0,290.23583984375,0.9379663467407228,0.2503906488418579,0.1052892282605171,297.6282958984375,297.1499938964844,293.1499938964844,0.0,-0.0,290.234619140625,0.948964297771454,0.1544671207666397,0.1470169872045517,297.7626953125,297.1499938964844,293.1499938964844,0.0,-0.0,290.2303771972656,0.991000771522522,0.1774670332670211,0.7986244559288025,290.2215576171875,286.14288330078125,289.1797180175781,285.05908203125,289.18365478515625,297.9361572265625,290.1732177734375,1.0,0.2899625897407532,1.0,1.0,0.0620634518563747,1.0,-1.621188044548035,1.619672775268555,0.0015152271371334,1.2440011501312256,0.0,0.0,0.0,26.061159133911133,125.0,-1354.506591796875,-0.0,315.1746520996094,1.0,282.9992980957031,284.4533386230469,290.2752380371094,291.35028076171875,293.1499938964844,293.1499938964844,278.1499938964844,0.0,18000.0,313.1499938964844,0.0,18000.0,0.0,0.0,0.0,0.0,0.0,0.0,0.0,0.0,0.0,-0.0,-0.0,0.0,-5.2805772432836115e-21,-2.6402886216418057e-21,-2.6402886216418057e-21,0.0,0.0,-0.0,0.0,0.0,0.0,-0.0,0.0,0.0,0.0,0.0,0.0,4.0,0.0,0.0
12292320,297.8962707519531,297.1499938964844,293.1499938964844,0.0,-0.0,290.23583984375,0.9379663467407228,0.2050150632858276,0.1353718638420105,297.7228088378906,297.1499938964844,293.1499938964844,0.0,-0.0,290.2303466796875,0.9865662455558776,0.1737547069787979,0.1655905395746231,298.1375732421875,297.1499938964844,293.1499938964844,0.0,-0.0,290.23583984375,0.9379663467407228,0.2503906488418579,0.1052892282605171,297.6282958984375,297.1499938964844,293.1499938964844,0.0,-0.0,290.234619140625,0.948964297771454,0.1544671207666397,0.1470169872045517,297.7626953125,297.1499938964844,293.1499938964844,0.0,-0.0,290.2303771972656,0.991000771522522,0.1774670332670211,0.7986244559288025,290.2215576171875,286.14288330078125,289.1797180175781,285.05908203125,289.18365478515625,297.9361572265625,290.1732177734375,1.0,0.2899625897407532,1.0,1.0,0.0620634518563747,1.0,-1.621188044548035,1.619672775268555,0.0015152271371334,1.2440011501312256,0.0,0.0,0.0,26.061159133911133,125.0,-1354.506591796875,-0.0,315.1746520996094,1.0,282.9992980957031,284.4533386230469,290.2752380371094,291.35028076171875,293.1499938964844,293.1499938964844,278.1499938964844,0.0,18000.0,313.1499938964844,0.0,18000.0,0.0,0.0,0.0,0.0,0.0,0.0,0.0,0.0,0.0,-0.0,-0.0,0.0,-5.2805772432836115e-21,-2.6402886216418057e-21,-2.6402886216418057e-21,0.0,0.0,-0.0,0.0,0.0,0.0,-0.0,0.0,0.0,0.0,0.0,0.0,4.0,0.0,0.0
12292380,297.7242736816406,297.1499938964844,293.1499938964844,0.0,-0.0,289.7957763671875,0.8391750454902649,0.1970799416303634,0.1801207065582275,297.625,297.1499938964844,293.1499938964844,0.0,-0.0,289.7976379394531,0.800309419631958,0.1710735708475113,0.1635837703943252,297.9629821777344,297.1499938964844,293.1499938964844,0.0,-0.0,289.7939758300781,0.9015588760375975,0.2453473657369613,0.173760786652565,297.54510498046875,297.1499938964844,293.1499938964844,0.0,-0.0,289.79913330078125,0.7693052291870117,0.152090698480606,0.145695611834526,297.639404296875,297.1499938964844,293.1499938964844,0.0,-0.0,289.7974853515625,0.8037119507789612,0.1727051436901092,0.7856416702270508,289.7936706542969,286.1065979003906,289.3308410644531,285.13006591796875,289.3262023925781,297.8038635253906,289.7774963378906,1.0,0.3291042447090149,1.0,1.0,0.0206878185272216,1.0,-1.7389343976974487,1.7389014959335327,3.292691326350905e-05,1.3401474952697754,0.0,0.0,0.0,47.80851745605469,113.0,-716.3153076171875,-0.0,441.4380187988281,1.0,282.9992980957031,284.4533386230469,290.2752380371094,291.35028076171875,293.1499938964844,293.1499938964844,278.1499938964844,0.0,18000.0,313.1499938964844,0.0,18000.0,0.0,0.0,0.0,0.0,0.0,0.0,0.0,0.0,0.0,-0.0,-0.0,0.0,-5.2805772432836115e-21,-2.6402886216418057e-21,-2.6402886216418057e-21,0.0,0.0,-0.0,0.0,0.0,0.0,-0.0,0.0,0.0,0.0,0.0,0.0,4.0,0.0,0.0
12292440,297.7242736816406,297.1499938964844,293.1499938964844,0.0,-0.0,289.7957763671875,0.8391750454902649,0.1970799416303634,0.1801207065582275,297.625,297.1499938964844,293.1499938964844,0.0,-0.0,289.7976379394531,0.800309419631958,0.1710735708475113,0.1635837703943252,297.9629821777344,297.1499938964844,293.1499938964844,0.0,-0.0,289.7939758300781,0.9015588760375975,0.2453473657369613,0.173760786652565,297.54510498046875,297.1499938964844,293.1499938964844,0.0,-0.0,289.79913330078125,0.7693052291870117,0.152090698480606,0.145695611834526,297.639404296875,297.1499938964844,293.1499938964844,0.0,-0.0,289.7974853515625,0.8037119507789612,0.1727051436901092,0.7856416702270508,289.7936706542969,286.1065979003906,289.3308410644531,285.13006591796875,289.3262023925781,297.8038635253906,289.7774963378906,1.0,0.3291042447090149,1.0,1.0,0.0206878185272216,1.0,-1.7389343976974487,1.7389014959335327,3.292691326350905e-05,1.3401474952697754,0.0,0.0,0.0,47.80851745605469,113.0,-716.3153076171875,-0.0,441.4380187988281,1.0,282.9992980957031,284.4533386230469,290.2752380371094,291.35028076171875,293.1499938964844,293.1499938964844,278.1499938964844,0.0,18000.0,313.1499938964844,0.0,18000.0,0.0,0.0,0.0,0.0,0.0,0.0,0.0,0.0,0.0,-0.0,-0.0,0.0,-5.2805772432836115e-21,-2.6402886216418057e-21,-2.6402886216418057e-21,0.0,0.0,-0.0,0.0,0.0,0.0,-0.0,0.0,0.0,0.0,0.0,0.0,4.0,0.0,0.0
12292500,297.65802001953125,297.1499938964844,293.1499938964844,0.0,-0.0,289.7060852050781,0.7797282338142395,0.1942000687122345,0.1773157864809036,297.58599853515625,297.1499938964844,293.1499938964844,0.0,-0.0,289.7069702148437,0.7457732558250427,0.1702508628368377,0.1631545275449752,297.88250732421875,297.1499938964844,293.1499938964844,0.0,-0.0,289.7049255371094,0.837668776512146,0.2425798922777176,0.1715586632490158,297.5071716308594,297.1499938964844,293.1499938964844,0.0,-0.0,289.70782470703125,0.718970775604248,0.1508680880069732,0.1450463533401489,297.5888366699219,297.1499938964844,293.1499938964844,0.0,-0.0,289.7069091796875,0.7473077774047852,0.1708355993032455,0.778965950012207,289.7047119140625,286.0885925292969,289.4059143066406,285.16485595703125,289.40106201171875,297.73297119140625,289.6952819824219,1.0,0.3405782580375671,1.0,1.0,0.0,1.0,-1.7236074209213257,1.7236045598983765,2.84920110971143e-06,1.328155279159546,0.0,0.0,0.0,61.61756896972656,113.0,-479.05859375,-0.0,472.8418884277344,1.0,282.9992980957031,284.4533386230469,290.2752380371094,291.35028076171875,293.1499938964844,293.1499938964844,278.1499938964844,0.0,18000.0,313.1499938964844,0.0,18000.0,0.0,0.0,0.0,0.0,0.0,0.0,0.0,0.0,0.0,-0.0,-0.0,0.0,-5.2805772432836115e-21,-2.6402886216418057e-21,-2.6402886216418057e-21,0.0,0.0,-0.0,0.0,0.0,0.0,-0.0,0.0,0.0,0.0,0.0,0.0,4.0,0.0,0.0
12292560,297.6090393066406,297.1499938964844,293.1499938964844,0.0,-0.0,289.65679931640625,0.7499345541000366,0.1926041543483734,0.1756903082132339,297.5541687011719,297.1499938964844,293.1499938964844,0.0,-0.0,289.6572265625,0.720876157283783,0.1698827892541885,0.1629871577024459,297.8251647949219,297.1499938964844,293.1499938964844,0.0,-0.0,289.6562194824219,0.8080421686172485,0.2415804117918014,0.1705619990825653,297.47442626953125,297.1499938964844,293.1499938964844,0.0,-0.0,289.6576843261719,0.6915647983551025,0.1499118953943252,0.1444076150655746,297.5462951660156,297.1499938964844,293.1499938964844,0.0,-0.0,289.6572265625,0.7209812998771667,0.1694344878196716,0.7734997868537903,289.6561279296875,286.0706787109375,289.48052978515625,285.1991882324219,289.4756774902344,297.6841125488281,289.6515808105469,1.0,0.3487229943275451,1.0,1.0,0.0,1.0,-1.712922215461731,1.71291983127594,2.382353841312579e-06,1.3196033239364624,0.0,0.0,0.0,71.413330078125,101.0,-302.86444091796875,-0.0,494.8833618164063,1.0,282.9992980957031,284.4533386230469,290.2752380371094,291.35028076171875,293.1499938964844,293.1499938964844,278.1499938964844,0.0,18000.0,313.1499938964844,0.0,18000.0,0.0,0.0,0.0,0.0,0.0,0.0,0.0,0.0,0.0,-0.0,-0.0,0.0,-5.2805772432836115e-21,-2.6402886216418057e-21,-2.6402886216418057e-21,0.0,0.0,-0.0,0.0,0.0,0.0,-0.0,0.0,0.0,0.0,0.0,0.0,4.0,0.0,0.0
12292620,297.5454406738281,297.1499938964844,293.1499938964844,0.0,-0.0,289.6418151855469,0.726721465587616,0.1919345408678054,0.1747846156358719,297.5074157714844,297.1499938964844,293.1499938964844,0.0,-0.0,289.6416931152344,0.6985048651695251,0.1702444404363632,0.1634205430746078,297.7509155273437,297.1499938964844,293.1499938964844,0.0,-0.0,289.6420288085937,0.7825989127159119,0.242565631866455,0.1709271520376205,297.4241027832031,297.1499938964844,293.1499938964844,0.0,-0.0,289.6415405273437,0.6672037839889526,0.1489033848047256,0.1435939073562622,297.4818420410156,297.1499938964844,293.1499938964844,0.0,-0.0,289.64166259765625,0.6957979798316956,0.167898029088974,0.7667695879936218,289.6420593261719,286.03521728515625,289.6282043457031,285.26641845703125,289.6234130859375,297.624267578125,289.6441345214844,1.0,0.3575393855571747,1.0,1.0,0.0,1.0,-1.703727126121521,1.7037248611450195,2.3575187242386164e-06,1.3121358156204224,0.0,0.0,0.0,82.06932067871094,89.0,-74.94625091552734,-0.0,520.0770263671875,1.0,282.9992980957031,284.4533386230469,290.2752380371094,291.35028076171875,293.1499938964844,293.1499938964844,278.1499938964844,0.0,18000.0,313.1499938964844,0.0,18000.0,0.0,0.0,0.0,0.0,0.0,0.0,0.0,0.0,0.0,-0.0,-0.0,0.0,-5.2805772432836115e-21,-2.6402886216418057e-21,-2.6402886216418057e-21,0.0,0.0,-0.0,0.0,0.0,0.0,-0.0,0.0,0.0,0.0,0.0,0.0,4.0,0.0,0.0
12292680,297.5454406738281,297.1499938964844,293.1499938964844,0.0,-0.0,289.6418151855469,0.726721465587616,0.1919345408678054,0.1747846156358719,297.5074157714844,297.1499938964844,293.1499938964844,0.0,-0.0,289.6416931152344,0.6985048651695251,0.1702444404363632,0.1634205430746078,297.7509155273437,297.1499938964844,293.1499938964844,0.0,-0.0,289.6420288085937,0.7825989127159119,0.242565631866455,0.1709271520376205,297.4241027832031,297.1499938964844,293.1499938964844,0.0,-0.0,289.6415405273437,0.6672037839889526,0.1489033848047256,0.1435939073562622,297.4818420410156,297.1499938964844,293.1499938964844,0.0,-0.0,289.64166259765625,0.6957979798316956,0.167898029088974,0.7667695879936218,289.6420593261719,286.03521728515625,289.6282043457031,285.26641845703125,289.6234130859375,297.624267578125,289.6441345214844,1.0,0.3575393855571747,1.0,1.0,0.0,1.0,-1.703727126121521,1.7037248611450195,2.3575187242386164e-06,1.3121358156204224,0.0,0.0,0.0,82.06932067871094,89.0,-74.94625091552734,-0.0,520.0770263671875,1.0,282.9992980957031,284.4533386230469,290.2752380371094,291.35028076171875,293.1499938964844,293.1499938964844,278.1499938964844,0.0,18000.0,313.1499938964844,0.0,18000.0,0.0,0.0,0.0,0.0,0.0,0.0,0.0,0.0,0.0,-0.0,-0.0,0.0,-5.2805772432836115e-21,-2.6402886216418057e-21,-2.6402886216418057e-21,0.0,0.0,-0.0,0.0,0.0,0.0,-0.0,0.0,0.0,0.0,0.0,0.0,4.0,0.0,0.0
12292740,297.5185546875,297.1499938964844,293.1499938964844,0.0,-0.0,289.6752014160156,0.7234917879104614,0.1927402317523956,0.1752957105636596,297.4848937988281,297.1499938964844,293.1499938964844,0.0,-0.0,289.67486572265625,0.6953935027122498,0.1711519211530685,0.1641950458288192,297.7178955078125,297.1499938964844,293.1499938964844,0.0,-0.0,289.67578125,0.7799074649810791,0.2445730566978454,0.1721619218587875,297.3992919921875,297.1499938964844,293.1499938964844,0.0,-0.0,289.6744079589844,0.6629849076271057,0.1488475054502487,0.1434528529644012,297.45001220703125,297.1499938964844,293.1499938964844,0.0,-0.0,289.6748046875,0.6909719109535217,0.167650505900383,0.7650405168533325,289.67584228515625,286.01092529296875,289.7294921875,285.3121032714844,289.7247619628906,297.6000366210937,289.6807556152344,1.0,0.3595057129859924,1.0,1.0,0.0,1.0,-1.7045036554336548,1.704501390457153,2.3594323010911467e-06,1.312623143196106,0.0,0.0,0.0,84.2784423828125,89.0,19.83905029296875,-0.0,526.9830322265625,1.0,282.9992980957031,284.4533386230469,290.2752380371094,291.35028076171875,293.1499938964844,293.1499938964844,278.1499938964844,0.0,18000.0,313.1499938964844,0.0,18000.0,0.0,0.0,0.0,0.0,0.0,0.0,0.0,0.0,0.0,-0.0,-0.0,0.0,-5.2805772432836115e-21,-2.6402886216418057e-21,-2.6402886216418057e-21,0.0,0.0,-0.0,0.0,0.0,0.0,-0.0,0.0,0.0,0.0,0.0,0.0,4.0,0.0,0.0
12292800,297.5097961425781,297.1499938964844,293.1499938964844,0.0,-0.0,289.6973876953125,0.724142849445343,0.1933112740516662,0.1757099628448486,297.4770202636719,297.1499938964844,293.1499938964844,0.0,-0.0,289.6969909667969,0.6961784958839417,0.1716785877943039,0.1646290570497512,297.70654296875,297.1499938964844,293.1499938964844,0.0,-0.0,289.6980895996094,0.7811060547828674,0.2456602752208709,0.1728467792272567,297.3905944824219,297.1499938964844,293.1499938964844,0.0,-0.0,289.6964416503906,0.6631724834442139,0.148964062333107,0.1434938162565231,297.438720703125,297.1499938964844,293.1499938964844,0.0,-0.0,289.6968994140625,0.6910672783851624,0.1677132546901703,0.7649287581443787,289.6981811523437,286.0003967285156,289.7732849121094,285.331787109375,289.7685852050781,297.5922241210937,289.7039794921875,1.0,0.359589159488678,1.0,1.0,0.0,1.0,-1.706257939338684,1.7062556743621826,2.364046849834267e-06,1.3139570951461792,0.0,0.0,0.0,84.24596405029297,77.0,50.19511032104492,-0.0,528.0147705078125,1.0,282.9992980957031,284.4533386230469,290.2752380371094,291.35028076171875,293.1499938964844,293.1499938964844,278.1499938964844,0.0,18000.0,313.1499938964844,0.0,18000.0,0.0,0.0,0.0,0.0,0.0,0.0,0.0,0.0,0.0,-0.0,-0.0,0.0,-5.2805772432836115e-21,-2.6402886216418057e-21,-2.6402886216418057e-21,0.0,0.0,-0.0,0.0,0.0,0.0,-0.0,0.0,0.0,0.0,0.0,0.0,4.0,0.0,0.0
12292860,297.4898376464844,297.1499938964844,293.1499938964844,0.0,-0.0,289.7920837402344,0.732751190662384,0.1958343982696533,0.1776212751865387,297.45758056640625,297.1499938964844,293.1499938964844,0.0,-0.0,289.7915344238281,0.7056130766868591,0.1738399267196655,0.1663780361413955,297.6783142089844,297.1499938964844,293.1499938964844,0.0,-0.0,289.79302978515625,0.7926046848297119,0.24983611702919,0.1754947006702423,297.36920166015625,297.1499938964844,293.1499938964844,0.0,-0.0,289.7907409667969,0.6703717112541199,0.1498341113328933,0.1440019011497497,297.4104309082031,297.1499938964844,293.1499938964844,0.0,-0.0,289.7913818359375,0.6984524130821228,0.1684917211532592,0.7667812705039978,289.7931213378906,285.96636962890625,289.9151306152344,285.395263671875,289.9105834960937,297.5743408203125,289.8009033203125,1.0,0.3574697375297546,1.0,1.0,0.0,1.0,-1.7166625261306765,1.7166601419448853,2.3917120870464714e-06,1.3220148086547852,0.0,0.0,0.0,81.01811218261719,65.0,117.93269348144533,-0.0,525.2954711914062,1.0,282.9992980957031,284.4533386230469,290.2752380371094,291.35028076171875,293.1499938964844,293.1499938964844,278.1499938964844,0.0,18000.0,313.1499938964844,0.0,18000.0,0.0,0.0,0.0,0.0,0.0,0.0,0.0,0.0,0.0,-0.0,-0.0,0.0,-5.2805772432836115e-21,-2.6402886216418057e-21,-2.6402886216418057e-21,0.0,0.0,-0.0,0.0,0.0,0.0,-0.0,0.0,0.0,0.0,0.0,0.0,4.0,0.0,0.0
12292920,297.4898376464844,297.1499938964844,293.1499938964844,0.0,-0.0,289.7920837402344,0.732751190662384,0.1958343982696533,0.1776212751865387,297.45758056640625,297.1499938964844,293.1499938964844,0.0,-0.0,289.7915344238281,0.7056130766868591,0.1738399267196655,0.1663780361413955,297.6783142089844,297.1499938964844,293.1499938964844,0.0,-0.0,289.79302978515625,0.7926046848297119,0.24983611702919,0.1754947006702423,297.36920166015625,297.1499938964844,293.1499938964844,0.0,-0.0,289.7907409667969,0.6703717112541199,0.1498341113328933,0.1440019011497497,297.4104309082031,297.1499938964844,293.1499938964844,0.0,-0.0,289.7913818359375,0.6984524130821228,0.1684917211532592,0.7667812705039978,289.7931213378906,285.96636962890625,289.9151306152344,285.395263671875,289.9105834960937,297.5743408203125,289.8009033203125,1.0,0.3574697375297546,1.0,1.0,0.0,1.0,-1.7166625261306765,1.7166601419448853,2.3917120870464714e-06,1.3220148086547852,0.0,0.0,0.0,81.01811218261719,65.0,117.93269348144533,-0.0,525.2954711914062,1.0,282.9992980957031,284.4533386230469,290.2752380371094,291.35028076171875,293.1499938964844,293.1499938964844,278.1499938964844,0.0,18000.0,313.1499938964844,0.0,18000.0,0.0,0.0,0.0,0.0,0.0,0.0,0.0,0.0,0.0,-0.0,-0.0,0.0,-5.2805772432836115e-21,-2.6402886216418057e-21,-2.6402886216418057e-21,0.0,0.0,-0.0,0.0,0.0,0.0,-0.0,0.0,0.0,0.0,0.0,0.0,4.0,0.0,0.0
12292980,297.48291015625,297.1499938964844,293.1499938964844,0.0,-0.0,289.8553161621094,0.7413846850395203,0.1975739151239395,0.1789642125368118,297.45001220703125,297.1499938964844,293.1499938964844,0.0,-0.0,289.854736328125,0.7146382331848145,0.1752873957157135,0.167538970708847,297.6669006347656,297.1499938964844,293.1499938964844,0.0,-0.0,289.8563842773437,0.8034808039665222,0.2524803280830383,0.1771734058856964,297.3610534667969,297.1499938964844,293.1499938964844,0.0,-0.0,289.8538513183594,0.6783863306045532,0.1505915820598602,0.1445002406835556,297.399169921875,297.1499938964844,293.1499938964844,0.0,-0.0,289.85455322265625,0.7066829204559326,0.1692371219396591,0.7690409421920776,289.8564453125,285.94757080078125,289.993408203125,285.43017578125,289.98895263671875,297.5679016113281,289.8648376464844,1.0,0.3550645709037781,1.0,1.0,0.0,1.0,-1.72499418258667,1.724991798400879,2.4140611003531376e-06,1.3285092115402222,0.0,0.0,0.0,77.61563873291016,65.0,140.6539306640625,-0.0,520.6797485351562,1.0,282.9992980957031,284.4533386230469,290.2752380371094,291.35028076171875,293.1499938964844,293.1499938964844,278.1499938964844,0.0,18000.0,313.1499938964844,0.0,18000.0,0.0,0.0,0.0,0.0,0.0,0.0,0.0,0.0,0.0,-0.0,-0.0,0.0,-5.2805772432836115e-21,-2.6402886216418057e-21,-2.6402886216418057e-21,0.0,0.0,-0.0,0.0,0.0,0.0,-0.0,0.0,0.0,0.0,0.0,0.0,4.0,0.0,0.0
12293040,297.47900390625,297.1499938964844,293.1499938964844,0.0,-0.0,289.9073486328125,0.7499799728393555,0.199034571647644,0.1800977289676666,297.4454040527344,297.1499938964844,293.1499938964844,0.0,-0.0,289.90673828125,0.722846508026123,0.17649707198143,0.1685074865818023,297.65966796875,297.1499938964844,293.1499938964844,0.0,-0.0,289.908447265625,0.813648521900177,0.2546316385269165,0.1785385310649871,297.3561706542969,297.1499938964844,293.1499938964844,0.0,-0.0,289.90582275390625,0.6864840984344482,0.1512823104858398,0.1449712812900543,297.3921813964844,297.1499938964844,293.1499938964844,0.0,-0.0,289.9065246582031,0.7146673202514648,0.1699305027723312,0.7712597846984863,289.90850830078125,285.9332275390625,290.0531921386719,285.45684814453125,290.048828125,297.56414794921875,289.9172058105469,1.0,0.352769136428833,1.0,1.0,0.0,1.0,-1.732385754585266,1.732383370399475,2.4340085928997723e-06,1.334281325340271,0.0,0.0,0.0,74.41615295410156,53.0,153.09756469726562,-0.0,516.0045776367188,1.0,282.9992980957031,284.4533386230469,290.2752380371094,291.35028076171875,293.1499938964844,293.1499938964844,278.1499938964844,0.0,18000.0,313.1499938964844,0.0,18000.0,0.0,0.0,0.0,0.0,0.0,0.0,0.0,0.0,0.0,-0.0,-0.0,0.0,-5.2805772432836115e-21,-2.6402886216418057e-21,-2.6402886216418057e-21,0.0,0.0,-0.0,0.0,0.0,0.0,-0.0,0.0,0.0,0.0,0.0,0.0,4.0,0.0,0.0
12293100,297.4757995605469,297.1499938964844,293.1499938964844,0.0,-0.0,289.96905517578125,0.7621224522590637,0.2008019089698791,0.1814731806516647,297.4412536621094,297.1499938964844,293.1499938964844,0.0,-0.0,289.9683837890625,0.7337931990623474,0.1779591590166092,0.1696775108575821,297.6527404785156,297.1499938964844,293.1499938964844,0.0,-0.0,289.9701538085937,0.826725959777832,0.257179319858551,0.1801541298627853,297.35186767578125,297.1499938964844,293.1499938964844,0.0,-0.0,289.9674377441406,0.697810709476471,0.1521649807691574,0.1455868780612945,297.3856811523437,297.1499938964844,293.1499938964844,0.0,-0.0,289.9681701660156,0.7250521779060364,0.1708264946937561,0.7742123007774353,289.9701843261719,285.91705322265625,290.1206359863281,285.4869689941406,290.1163330078125,297.5589294433594,289.9790954589844,1.0,0.3497793972492218,1.0,1.0,0.0,1.0,-1.7416651248931885,1.741662621498108,2.4592015961388825e-06,1.3415346145629885,0.0,0.0,0.0,70.28399658203125,53.0,163.17626953125,-0.0,509.7244567871094,1.0,282.9992980957031,284.4533386230469,290.2752380371094,291.35028076171875,293.1499938964844,293.1499938964844,278.1499938964844,0.0,18000.0,313.1499938964844,0.0,18000.0,0.0,0.0,0.0,0.0,0.0,0.0,0.0,0.0,0.0,-0.0,-0.0,0.0,-5.2805772432836115e-21,-2.6402886216418057e-21,-2.6402886216418057e-21,0.0,0.0,-0.0,0.0,0.0,0.0,-0.0,0.0,0.0,0.0,0.0,0.0,4.0,0.0,0.0
12293160,297.4736328125,297.1499938964844,293.1499938964844,0.0,-0.0,290.0321350097656,0.7771241664886475,0.2026527374982834,0.1829165518283844,297.43804931640625,297.1499938964844,293.1499938964844,0.0,-0.0,290.0314636230469,0.7470679879188538,0.1794905662536621,0.1709032505750656,297.64703369140625,297.1499938964844,293.1499938964844,0.0,-0.0,290.03326416015625,0.8422018885612488,0.2597998082637787,0.1818147897720337,297.34869384765625,297.1499938964844,293.1499938964844,0.0,-0.0,290.0304870605469,0.7113787531852722,0.1531307101249694,0.1462723016738891,297.38055419921875,297.1499938964844,293.1499938964844,0.0,-0.0,290.0312194824219,0.7373478412628174,0.1718157082796096,0.7775452733039856,290.0332946777344,285.9011535644531,290.1868896484375,285.5166320800781,290.18267822265625,297.55401611328125,290.04229736328125,1.0,0.3464800715446472,1.0,1.0,0.0,1.0,-1.75168776512146,1.7516852617263794,2.486597168172011e-06,1.3493740558624268,0.0,0.0,0.0,65.75001525878906,41.0,169.80758666992188,-0.0,502.6409301757813,1.0,282.9992980957031,284.4533386230469,290.2752380371094,291.35028076171875,293.1499938964844,293.1499938964844,278.1499938964844,0.0,18000.0,313.1499938964844,0.0,18000.0,0.0,0.0,0.0,0.0,0.0,0.0,0.0,0.0,0.0,-0.0,-0.0,0.0,-5.2805772432836115e-21,-2.6402886216418057e-21,-2.6402886216418057e-21,0.0,0.0,-0.0,0.0,0.0,0.0,-0.0,0.0,0.0,0.0,0.0,0.0,4.0,0.0,0.0
12293220,297.4716186523437,297.1499938964844,293.1499938964844,0.0,-0.0,290.15985107421875,0.8169757127761841,0.206544354557991,0.1859578490257263,297.43389892578125,297.1499938964844,293.1499938964844,0.0,-0.0,290.1592102050781,0.7842788696289062,0.1827137172222137,0.1734856069087982,297.6382141113281,297.1499938964844,293.1499938964844,0.0,-0.0,290.1609802246094,0.8850597739219666,0.2651988565921783,0.185233861207962,297.3448486328125,297.1499938964844,293.1499938964844,0.0,-0.0,290.1581726074219,0.7438415288925171,0.155255377292633,0.1478080749511718,297.3733215332031,297.1499938964844,293.1499938964844,0.0,-0.0,290.1589050292969,0.7718213200569153,0.1739992797374725,0.7850759029388428,290.1609802246094,285.8702697753906,290.3155822753906,285.5746459960937,290.3116149902344,297.5470886230469,290.169921875,1.0,0.3392143249511719,1.0,1.0,0.0,1.0,-1.7734302282333374,1.7734277248382568,2.546674750192324e-06,1.3663896322250366,0.0,0.0,0.0,55.81576919555664,29.0,175.92678833007812,-0.0,486.6519165039063,1.0,282.9992980957031,284.4533386230469,290.2752380371094,291.35028076171875,293.1499938964844,293.1499938964844,278.1499938964844,0.0,18000.0,313.1499938964844,0.0,18000.0,0.0,0.0,0.0,0.0,0.0,0.0,0.0,0.0,0.0,-0.0,-0.0,0.0,-5.2805772432836115e-21,-2.6402886216418057e-21,-2.6402886216418057e-21,0.0,0.0,-0.0,0.0,0.0,0.0,-0.0,0.0,0.0,0.0,0.0,0.0,4.0,0.0,0.0
12293280,297.4716186523437,297.1499938964844,293.1499938964844,0.0,-0.0,290.15985107421875,0.8169757127761841,0.206544354557991,0.1859578490257263,297.43389892578125,297.1499938964844,293.1499938964844,0.0,-0.0,290.1592102050781,0.7842788696289062,0.1827137172222137,0.1734856069087982,297.6382141113281,297.1499938964844,293.1499938964844,0.0,-0.0,290.1609802246094,0.8850597739219666,0.2651988565921783,0.185233861207962,297.3448486328125,297.1499938964844,293.1499938964844,0.0,-0.0,290.1581726074219,0.7438415288925171,0.155255377292633,0.1478080749511718,297.3733215332031,297.1499938964844,293.1499938964844,0.0,-0.0,290.1589050292969,0.7718213200569153,0.1739992797374725,0.7850759029388428,290.1609802246094,285.8702697753906,290.3155822753906,285.5746459960937,290.3116149902344,297.5470886230469,290.169921875,1.0,0.3392143249511719,1.0,1.0,0.0,1.0,-1.7734302282333374,1.7734277248382568,2.546674750192324e-06,1.3663896322250366,0.0,0.0,0.0,55.81576919555664,29.0,175.92678833007812,-0.0,486.6519165039063,1.0,282.9992980957031,284.4533386230469,290.2752380371094,291.35028076171875,293.1499938964844,293.1499938964844,278.1499938964844,0.0,18000.0,313.1499938964844,0.0,18000.0,0.0,0.0,0.0,0.0,0.0,0.0,0.0,0.0,0.0,-0.0,-0.0,0.0,-5.2805772432836115e-21,-2.6402886216418057e-21,-2.6402886216418057e-21,0.0,0.0,-0.0,0.0,0.0,0.0,-0.0,0.0,0.0,0.0,0.0,0.0,4.0,0.0,0.0
12293340,297.4716796875,297.1499938964844,293.1499938964844,0.0,-0.0,290.2866516113281,0.8749594688415527,0.2106241732835769,0.1891529560089111,297.4317932128906,297.1499938964844,293.1499938964844,0.0,-0.0,290.2859802246094,0.8405443429946899,0.1860957443714141,0.1761998534202575,297.6318664550781,297.1499938964844,293.1499938964844,0.0,-0.0,290.2877502441406,0.957916021347046,0.2707399725914001,0.1887408196926117,297.3433837890625,297.1499938964844,293.1499938964844,0.0,-0.0,290.2850036621094,0.7972727417945862,0.1575726270675659,0.1495106816291809,297.3688659667969,297.1499938964844,293.1499938964844,0.0,-0.0,290.28570556640625,0.8269922137260437,0.1763729602098465,0.7934096455574036,290.2877197265625,285.8406982421875,290.4386901855469,285.63092041015625,290.4349670410156,297.54278564453125,290.29638671875,1.0,0.3313463032245636,1.0,1.0,0.0,1.0,-1.7967866659164429,1.7967840433120728,2.612184744066326e-06,1.3846726417541504,0.0,0.0,0.0,45.08278274536133,25.0,175.7438201904297,-0.0,468.7879638671875,1.0,282.9992980957031,284.4533386230469,290.2752380371094,291.35028076171875,293.1499938964844,293.1499938964844,278.1499938964844,0.0,18000.0,313.1499938964844,0.0,18000.0,0.0,0.0,0.0,0.0,0.0,0.0,0.0,0.0,0.0,-0.0,-0.0,0.0,-5.2805772432836115e-21,-2.6402886216418057e-21,-2.6402886216418057e-21,0.0,0.0,-0.0,0.0,0.0,0.0,-0.0,0.0,0.0,0.0,0.0,0.0,4.0,0.0,0.0
12293400,297.4716796875,297.1499938964844,293.1499938964844,0.0,-0.0,290.2866516113281,0.8749594688415527,0.2106241732835769,0.1891529560089111,297.4317932128906,297.1499938964844,293.1499938964844,0.0,-0.0,290.2859802246094,0.8405443429946899,0.1860957443714141,0.1761998534202575,297.6318664550781,297.1499938964844,293.1499938964844,0.0,-0.0,290.2877502441406,0.957916021347046,0.2707399725914001,0.1887408196926117,297.3433837890625,297.1499938964844,293.1499938964844,0.0,-0.0,290.2850036621094,0.7972727417945862,0.1575726270675659,0.1495106816291809,297.3688659667969,297.1499938964844,293.1499938964844,0.0,-0.0,290.28570556640625,0.8269922137260437,0.1763729602098465,0.7934096455574036,290.2877197265625,285.8406982421875,290.4386901855469,285.63092041015625,290.4349670410156,297.54278564453125,290.29638671875,1.0,0.3313463032245636,1.0,1.0,0.0,1.0,-1.7967866659164429,1.7967840433120728,2.612184744066326e-06,1.3846726417541504,0.0,0.0,0.0,45.08278274536133,25.0,175.7438201904297,-0.0,468.7879638671875,1.0,282.9992980957031,284.4533386230469,290.2752380371094,291.35028076171875,293.1499938964844,293.1499938964844,278.1499938964844,0.0,18000.0,313.1499938964844,0.0,18000.0,0.0,0.0,0.0,0.0,0.0,0.0,0.0,0.0,0.0,-0.0,-0.0,0.0,-5.2805772432836115e-21,-2.6402886216418057e-21,-2.6402886216418057e-21,0.0,0.0,-0.0,0.0,0.0,0.0,-0.0,0.0,0.0,0.0,0.0,0.0,4.0,0.0,0.0
12293460,297.47271728515625,297.1499938964844,293.1499938964844,0.0,-0.0,290.4103698730469,0.943337082862854,0.2148026973009109,0.1926104724407196,297.43072509765625,297.1499938964844,293.1499938964844,0.0,-0.0,290.4097595214844,0.9002404808998108,0.1895556896924972,0.1791687160730362,297.6336975097656,297.1499938964844,293.1499938964844,0.0,-0.0,290.4111328125,0.9964466094970704,0.2770009636878967,0.1781003177165985,297.34307861328125,297.1499938964844,293.1499938964844,0.0,-0.0,290.4087829589844,0.8508319854736328,0.1599914133548736,0.1514929980039596,297.3658142089844,297.1499938964844,293.1499938964844,0.0,-0.0,290.4094543457031,0.8828936219215393,0.1788368225097656,0.8030186891555786,290.4113464355469,285.8126525878906,290.5556640625,285.6855773925781,290.5521240234375,297.5422058105469,290.4194641113281,1.0,0.3253345191478729,1.0,1.0,0.0,1.0,-1.8056672811508176,1.805664658546448,2.637653096826398e-06,1.3918488025665283,0.0,0.0,0.0,37.9288330078125,25.0,171.5325469970703,-0.0,452.4066467285156,1.0,282.9992980957031,284.4533386230469,290.2752380371094,291.35028076171875,293.1499938964844,293.1499938964844,278.1499938964844,0.0,18000.0,313.1499938964844,0.0,18000.0,0.0,0.0,0.0,0.0,0.0,0.0,0.0,0.0,0.0,-0.0,-0.0,0.0,-5.2805772432836115e-21,-2.6402886216418057e-21,-2.6402886216418057e-21,0.0,0.0,-0.0,0.0,0.0,0.0,-0.0,0.0,0.0,0.0,0.0,0.0,4.0,0.0,0.0
12293520,297.47271728515625,297.1499938964844,293.1499938964844,0.0,-0.0,290.4103698730469,0.943337082862854,0.2148026973009109,0.1926104724407196,297.43072509765625,297.1499938964844,293.1499938964844,0.0,-0.0,290.4097595214844,0.9002404808998108,0.1895556896924972,0.1791687160730362,297.6336975097656,297.1499938964844,293.1499938964844,0.0,-0.0,290.4111328125,0.9964466094970704,0.2770009636878967,0.1781003177165985,297.34307861328125,297.1499938964844,293.1499938964844,0.0,-0.0,290.4087829589844,0.8508319854736328,0.1599914133548736,0.1514929980039596,297.3658142089844,297.1499938964844,293.1499938964844,0.0,-0.0,290.4094543457031,0.8828936219215393,0.1788368225097656,0.8030186891555786,290.4113464355469,285.8126525878906,290.5556640625,285.6855773925781,290.5521240234375,297.5422058105469,290.4194641113281,1.0,0.3253345191478729,1.0,1.0,0.0,1.0,-1.8056672811508176,1.805664658546448,2.637653096826398e-06,1.3918488025665283,0.0,0.0,0.0,37.9288330078125,25.0,171.5325469970703,-0.0,452.4066467285156,1.0,282.9992980957031,284.4533386230469,290.2752380371094,291.35028076171875,293.1499938964844,293.1499938964844,278.1499938964844,0.0,18000.0,313.1499938964844,0.0,18000.0,0.0,0.0,0.0,0.0,0.0,0.0,0.0,0.0,0.0,-0.0,-0.0,0.0,-5.2805772432836115e-21,-2.6402886216418057e-21,-2.6402886216418057e-21,0.0,0.0,-0.0,0.0,0.0,0.0,-0.0,0.0,0.0,0.0,0.0,0.0,4.0,0.0,0.0
12293580,297.4740600585937,297.1499938964844,293.1499938964844,0.0,-0.0,290.5270080566406,0.9864928722381592,0.2190252840518951,0.1962553411722183,297.4300537109375,297.1499938964844,293.1499938964844,0.0,-0.0,290.52642822265625,0.946623146533966,0.1930448710918426,0.1823204457759857,297.6728515625,297.1499938964844,293.1499938964844,0.0,-0.0,290.52703857421875,0.9851386547088624,0.2870665490627289,0.1518957763910293,297.3432922363281,297.1499938964844,293.1499938964844,0.0,-0.0,290.5255126953125,0.8886748552322388,0.162459135055542,0.1536747366189956,297.3640441894531,297.1499938964844,293.1499938964844,0.0,-0.0,290.526123046875,0.9246616363525392,0.1813903748989105,0.8136821985244751,290.52783203125,285.78619384765625,290.6658630371094,285.7387084960937,290.6625366210937,297.5603332519531,290.5355529785156,1.0,0.3207792639732361,1.0,1.0,0.0,1.0,-1.797785997390747,1.797783374786377,2.6151076326641487e-06,1.3855290412902832,0.0,0.0,0.0,34.434757232666016,43.0,163.74281311035156,-0.0,436.8215637207031,1.0,282.9992980957031,284.4533386230469,290.2752380371094,291.35028076171875,293.1499938964844,293.1499938964844,278.1499938964844,0.0,18000.0,313.1499938964844,0.0,18000.0,0.0,0.0,0.0,0.0,0.0,0.0,0.0,0.0,0.0,-0.0,-0.0,0.0,-5.2805772432836115e-21,-2.6402886216418057e-21,-2.6402886216418057e-21,0.0,0.0,-0.0,0.0,0.0,0.0,-0.0,0.0,0.0,0.0,0.0,0.0,4.0,0.0,0.0
12293640,297.4740600585937,297.1499938964844,293.1499938964844,0.0,-0.0,290.5270080566406,0.9864928722381592,0.2190252840518951,0.1962553411722183,297.4300537109375,297.1499938964844,293.1499938964844,0.0,-0.0,290.52642822265625,0.946623146533966,0.1930448710918426,0.1823204457759857,297.6728515625,297.1499938964844,293.1499938964844,0.0,-0.0,290.52703857421875,0.9851386547088624,0.2870665490627289,0.1518957763910293,297.3432922363281,297.1499938964844,293.1499938964844,0.0,-0.0,290.5255126953125,0.8886748552322388,0.162459135055542,0.1536747366189956,297.3640441894531,297.1499938964844,293.1499938964844,0.0,-0.0,290.526123046875,0.9246616363525392,0.1813903748989105,0.8136821985244751,290.52783203125,285.78619384765625,290.6658630371094,285.7387084960937,290.6625366210937,297.5603332519531,290.5355529785156,1.0,0.3207792639732361,1.0,1.0,0.0,1.0,-1.797785997390747,1.797783374786377,2.6151076326641487e-06,1.3855290412902832,0.0,0.0,0.0,34.434757232666016,43.0,163.74281311035156,-0.0,436.8215637207031,1.0,282.9992980957031,284.4533386230469,290.2752380371094,291.35028076171875,293.1499938964844,293.1499938964844,278.1499938964844,0.0,18000.0,313.1499938964844,0.0,18000.0,0.0,0.0,0.0,0.0,0.0,0.0,0.0,0.0,0.0,-0.0,-0.0,0.0,-5.2805772432836115e-21,-2.6402886216418057e-21,-2.6402886216418057e-21,0.0,0.0,-0.0,0.0,0.0,0.0,-0.0,0.0,0.0,0.0,0.0,0.0,4.0,0.0,0.0
12293700,297.4750366210937,297.1499938964844,293.1499938964844,0.0,-0.0,290.582763671875,0.9942870140075684,0.2211755812168121,0.1981488168239593,297.4300842285156,297.1499938964844,293.1499938964844,0.0,-0.0,290.5821838378906,0.9567306637763976,0.1948216259479522,0.1839651018381118,297.6961364746094,297.1499938964844,293.1499938964844,0.0,-0.0,290.5825500488281,0.9822668433189392,0.2926670908927917,0.147365391254425,297.3439025878906,297.1499938964844,293.1499938964844,0.0,-0.0,290.581298828125,0.8971651196479797,0.163743644952774,0.1548490226268768,297.36395263671875,297.1499938964844,293.1499938964844,0.0,-0.0,290.5818786621094,0.9345054030418396,0.1827366203069687,0.819501519203186,290.58349609375,285.77362060546875,290.7182312011719,285.76470947265625,290.7150573730469,297.5724792480469,290.59112548828125,1.0,0.3219249546527862,1.0,1.0,0.0,1.0,-1.804971933364868,1.804969310760498,2.6351640372013208e-06,1.390917420387268,0.0,0.0,0.0,34.09175109863281,43.0,159.5431671142578,-0.0,440.1873474121094,1.0,282.9992980957031,284.4533386230469,290.2752380371094,291.35028076171875,293.1499938964844,293.1499938964844,278.1499938964844,0.0,18000.0,313.1499938964844,0.0,18000.0,0.0,0.0,0.0,0.0,0.0,0.0,0.0,0.0,0.0,-0.0,-0.0,0.0,-5.2805772432836115e-21,-2.6402886216418057e-21,-2.6402886216418057e-21,0.0,0.0,-0.0,0.0,0.0,0.0,-0.0,0.0,0.0,0.0,0.0,0.0,4.0,0.0,0.0
12293760,297.4761962890625,297.1499938964844,293.1499938964844,0.0,-0.0,290.63739013671875,0.9942606091499328,0.2233465015888214,0.2000937163829803,297.4302978515625,297.1499938964844,293.1499938964844,0.0,-0.0,290.6368408203125,0.9564913511276244,0.1966148912906646,0.1856599003076553,297.7115783691406,297.1499938964844,293.1499938964844,0.0,-0.0,290.6372375488281,0.9837139844894408,0.2976467609405517,0.1495885550975799,297.3447570800781,297.1499938964844,293.1499938964844,0.0,-0.0,290.635986328125,0.8965725898742676,0.1650553047657013,0.1560849994421005,297.3641662597656,297.1499938964844,293.1499938964844,0.0,-0.0,290.63653564453125,0.9336353540420532,0.1841114908456802,0.8256458640098572,290.6381225585937,285.7615051269531,290.7687072753906,285.7903747558594,290.7656555175781,297.58135986328125,290.64556884765625,1.0,0.3249979317188263,1.0,1.0,0.0,1.0,-1.8208627700805664,1.8208600282669067,2.680420720935217e-06,1.403266429901123,0.0,0.0,0.0,34.69744873046875,63.0,155.58084106445312,-0.0,451.93560791015625,1.0,282.9992980957031,284.4533386230469,290.2752380371094,291.35028076171875,293.1499938964844,293.1499938964844,278.1499938964844,0.0,18000.0,313.1499938964844,0.0,18000.0,0.0,0.0,0.0,0.0,0.0,0.0,0.0,0.0,0.0,-0.0,-0.0,0.0,-5.2805772432836115e-21,-2.6402886216418057e-21,-2.6402886216418057e-21,0.0,0.0,-0.0,0.0,0.0,0.0,-0.0,0.0,0.0,0.0,0.0,0.0,4.0,0.0,0.0
12293820,297.4786376953125,297.1499938964844,293.1499938964844,0.0,-0.0,290.74249267578125,0.97221577167511,0.2277249544858932,0.204106405377388,297.430908203125,297.1499938964844,293.1499938964844,0.0,-0.0,290.7419738769531,0.928211510181427,0.2002287209033966,0.1891690343618393,297.71044921875,297.1499938964844,293.1499938964844,0.0,-0.0,290.74273681640625,0.9945172667503356,0.3046939969062805,0.1718697249889373,297.3468322753906,297.1499938964844,293.1499938964844,0.0,-0.0,290.7411499023437,0.8719580769538879,0.1677318960428238,0.1587030738592147,297.36444091796875,297.1499938964844,293.1499938964844,0.0,-0.0,290.7416687011719,0.9046869874000548,0.1868539005517959,0.8384683132171631,290.7431945800781,285.7387390136719,290.8636169433594,285.8406982421875,290.86090087890625,297.58270263671875,290.7501220703125,1.0,0.3370187282562256,1.0,1.0,0.0,1.0,-1.8751704692840576,1.8751676082611084,2.838780346792192e-06,1.445643424987793,0.0,0.0,0.0,38.6717643737793,83.0,147.227783203125,-0.0,499.6104431152344,1.0,282.9992980957031,284.4533386230469,290.2752380371094,291.35028076171875,293.1499938964844,293.1499938964844,278.1499938964844,0.0,18000.0,313.1499938964844,0.0,18000.0,0.0,0.0,0.0,0.0,0.0,0.0,0.0,0.0,0.0,-0.0,-0.0,0.0,-5.2805772432836115e-21,-2.6402886216418057e-21,-2.6402886216418057e-21,0.0,0.0,-0.0,0.0,0.0,0.0,-0.0,0.0,0.0,0.0,0.0,0.0,4.0,0.0,0.0
12293880,297.4786376953125,297.1499938964844,293.1499938964844,0.0,-0.0,290.74249267578125,0.97221577167511,0.2277249544858932,0.204106405377388,297.430908203125,297.1499938964844,293.1499938964844,0.0,-0.0,290.7419738769531,0.928211510181427,0.2002287209033966,0.1891690343618393,297.71044921875,297.1499938964844,293.1499938964844,0.0,-0.0,290.74273681640625,0.9945172667503356,0.3046939969062805,0.1718697249889373,297.3468322753906,297.1499938964844,293.1499938964844,0.0,-0.0,290.7411499023437,0.8719580769538879,0.1677318960428238,0.1587030738592147,297.36444091796875,297.1499938964844,293.1499938964844,0.0,-0.0,290.7416687011719,0.9046869874000548,0.1868539005517959,0.8384683132171631,290.7431945800781,285.7387390136719,290.8636169433594,285.8406982421875,290.86090087890625,297.58270263671875,290.7501220703125,1.0,0.3370187282562256,1.0,1.0,0.0,1.0,-1.8751704692840576,1.8751676082611084,2.838780346792192e-06,1.445643424987793,0.0,0.0,0.0,38.6717643737793,83.0,147.227783203125,-0.0,499.6104431152344,1.0,282.9992980957031,284.4533386230469,290.2752380371094,291.35028076171875,293.1499938964844,293.1499938964844,278.1499938964844,0.0,18000.0,313.1499938964844,0.0,18000.0,0.0,0.0,0.0,0.0,0.0,0.0,0.0,0.0,0.0,-0.0,-0.0,0.0,-5.2805772432836115e-21,-2.6402886216418057e-21,-2.6402886216418057e-21,0.0,0.0,-0.0,0.0,0.0,0.0,-0.0,0.0,0.0,0.0,0.0,0.0,4.0,0.0,0.0
12293940,297.4804077148437,297.1499938964844,293.1499938964844,0.0,-0.0,290.8263244628906,0.9294238090515136,0.2314259707927703,0.207609474658966,297.43133544921875,297.1499938964844,293.1499938964844,0.0,-0.0,290.8258361816406,0.8870208859443665,0.2032805383205413,0.1922475695610046,297.6766052246094,297.1499938964844,293.1499938964844,0.0,-0.0,290.8269958496094,0.9990000128746032,0.307326078414917,0.2024493515491485,297.3486022949219,297.1499938964844,293.1499938964844,0.0,-0.0,290.8250732421875,0.8367987871170044,0.1700180768966674,0.1610533744096756,297.3635559082031,297.1499938964844,293.1499938964844,0.0,-0.0,290.8255310058594,0.8659635186195374,0.1890632510185241,0.8494551777839661,290.8269958496094,285.7210388183594,290.9372863769531,285.8822937011719,290.93487548828125,297.5651550292969,290.8333740234375,1.0,0.3518947064876556,1.0,1.0,0.0,1.0,-1.9358044862747192,1.935801386833191,3.021993052243488e-06,1.4930511713027954,0.9846338629722596,0.9846338629722596,0.0,45.09796524047852,83.0,139.26345825195312,-0.0,562.5082397460938,1.0,282.9992980957031,284.4533386230469,290.2752380371094,291.35028076171875,293.1499938964844,293.1499938964844,283.1499938964844,0.0,18000.0,313.1499938964844,0.0,18000.0,1.0,0.0,0.0,0.0,1.0,0.0,1.0,0.0,0.0,-0.0,-0.0,0.0,-5.2805772432836115e-21,-2.6402886216418057e-21,-2.6402886216418057e-21,0.0,0.0,-0.0,3.339596150908619e-05,0.0,0.0,-0.0,0.0,0.0,0.2000000029802322,1.0,0.0,3.0,1.0,0.0
12294000,297.48052978515625,297.1499938964844,293.1499938964844,0.0,-0.0,290.8047790527344,0.9200382828712464,0.2320826947689056,0.2082559466361999,297.4312744140625,297.1499938964844,293.1499938964844,0.0,-0.0,290.8072814941406,0.879112958908081,0.203824833035469,0.1928175091743469,297.6678466796875,297.1499938964844,293.1499938964844,0.0,-0.0,290.7994384765625,0.9990000128746032,0.3075113892555237,0.2085135281085968,297.34881591796875,297.1499938964844,293.1499938964844,0.0,-0.0,290.8103942871094,0.8299210071563721,0.1704272329807281,0.1614935100078582,297.3631591796875,297.1499938964844,293.1499938964844,0.0,-0.0,290.80859375,0.8583007454872131,0.1894415766000747,0.8514448404312134,290.79998779296875,285.7179870605469,290.95001220703125,285.8897705078125,290.9476318359375,297.5604858398437,290.6342468261719,1.0,0.3549550473690033,1.0,1.0,0.0,1.0,-1.9474644660949707,1.947461485862732,3.057972435271949e-06,1.5021649599075315,0.9948033094406128,0.9948033094406128,0.0,46.59722518920898,101.0,2898.613525390625,-0.0,575.9077758789062,1.0,283.0312194824219,288.6498718261719,290.3280334472656,291.2489624023437,293.1499938964844,293.1499938964844,283.1499938964844,2406.4658203125,18000.0,313.1499938964844,0.0,18000.0,1.0,0.0,0.0,0.0,1.0,0.0473739728331565,1.0,0.0,0.0,0.6162360310554504,0.6162527799606323,2.2327537863020563e-07,3.508098840713501,3.5080862045288086,1.255993720405968e-05,0.0,0.0,-0.0,3826.240966796875,0.0,13.75709629058838,1499.8037109375,0.0,0.0,0.2000000029802322,1.0,0.0,3.0,1.0,0.0
12294060,297.3105773925781,297.1499938964844,293.1499938964844,0.0,-0.0,286.0602722167969,0.8067798018455505,0.2192460149526596,0.2026375830173492,297.3216857910156,297.1499938964844,293.1499938964844,0.0,-0.0,286.0677490234375,0.775709331035614,0.196423128247261,0.1902454942464828,297.4520568847656,297.1499938964844,293.1499938964844,0.0,-0.0,286.0458068847656,0.8835269808769226,0.292356938123703,0.2087234258651733,297.2575378417969,297.1499938964844,293.1499938964844,0.0,-0.0,286.0815124511719,0.732232928276062,0.1638159453868866,0.1591421067714691,297.2543334960937,297.1499938964844,293.1499938964844,0.0,-0.0,286.07330322265625,0.7560514807701111,0.1812552511692047,0.8354870080947876,286.0477600097656,285.6983642578125,291.0317687988281,285.9380798339844,291.0293884277344,297.3804016113281,285.95489501953125,1.0,0.3714236319065094,1.0,1.0,0.0,1.0,-1.916018009185791,1.916015028953552,2.9634807106049266e-06,1.4789817333221436,0.9597793817520142,0.9597793817520142,0.0,68.98432922363281,89.0,10673.95703125,-0.0,626.3065795898438,1.0,283.106689453125,285.8010559082031,290.9180908203125,292.0648193359375,293.1499938964844,293.1499938964844,283.1499938964844,2867.1259765625,19080.0,313.1499938964844,0.0,18000.0,1.0,0.0,0.0,0.0,1.0,0.5167490839958191,1.0,0.0,0.0,1.0966620445251465,1.0966641902923584,8.044935384532438e-08,4.265710353851318,4.265700340270996,9.787755516299512e-06,0.0,0.0,-0.0,3940.462890625,0.0,40.73912811279297,1895.407958984375,0.0,561.0643920898438,0.2812164425849914,1.0,0.0,3.0,1.0,0.0
12294120,297.3105773925781,297.1499938964844,293.1499938964844,0.0,-0.0,286.0602722167969,0.8067798018455505,0.2192460149526596,0.2026375830173492,297.3216857910156,297.1499938964844,293.1499938964844,0.0,-0.0,286.0677490234375,0.775709331035614,0.196423128247261,0.1902454942464828,297.4520568847656,297.1499938964844,293.1499938964844,0.0,-0.0,286.0458068847656,0.8835269808769226,0.292356938123703,0.2087234258651733,297.2575378417969,297.1499938964844,293.1499938964844,0.0,-0.0,286.0815124511719,0.732232928276062,0.1638159453868866,0.1591421067714691,297.2543334960937,297.1499938964844,293.1499938964844,0.0,-0.0,286.07330322265625,0.7560514807701111,0.1812552511692047,0.8354870080947876,286.0477600097656,285.6983642578125,291.0317687988281,285.9380798339844,291.0293884277344,297.3804016113281,285.95489501953125,1.0,0.3714236319065094,1.0,1.0,0.0,1.0,-1.916018009185791,1.916015028953552,2.9634807106049266e-06,1.4789817333221436,0.9597793817520142,0.9597793817520142,0.0,68.98432922363281,89.0,10673.95703125,-0.0,626.3065795898438,1.0,283.106689453125,285.8010559082031,290.9180908203125,292.0648193359375,293.1499938964844,293.1499938964844,283.1499938964844,2867.1259765625,19080.0,313.1499938964844,0.0,18000.0,1.0,0.0,0.0,0.0,1.0,0.5167490839958191,1.0,0.0,0.0,1.0966620445251465,1.0966641902923584,8.044935384532438e-08,4.265710353851318,4.265700340270996,9.787755516299512e-06,0.0,0.0,-0.0,3940.462890625,0.0,40.73912811279297,1895.407958984375,0.0,561.0643920898438,0.2812164425849914,1.0,0.0,3.0,1.0,0.0
12294180,297.1551818847656,297.1499938964844,293.1499938964844,0.0,-0.0,285.26715087890625,0.7436484098434448,0.20542873442173,0.189604565501213,297.20343017578125,297.1499938964844,293.1499938964844,0.0,-0.0,285.2689208984375,0.7215726971626282,0.186561644077301,0.1811785548925399,297.27947998046875,297.1499938964844,293.1499938964844,0.0,-0.0,285.2627258300781,0.8206964731216431,0.2785800695419311,0.1983805149793625,297.1569519042969,297.1499938964844,293.1499938964844,0.0,-0.0,285.2727966308594,0.677603542804718,0.1549411416053772,0.1511187404394149,297.1324157714844,297.1499938964844,293.1499938964844,0.0,-0.0,285.27069091796875,0.7006623148918152,0.1701739132404327,0.7875586152076721,285.26336669921875,285.73956298828125,291.1132202148437,285.9859619140625,291.1107177734375,297.2207336425781,285.2347412109375,1.0,0.3725511133670807,1.0,1.0,0.0,1.0,-1.8098618984222408,1.809859275817871,2.650016313054948e-06,1.3954507112503052,0.9472372531890868,0.9472372531890868,0.0,85.32139587402344,77.0,11044.8759765625,-0.0,601.0404052734375,1.0,283.1387634277344,284.88836669921875,289.6917724609375,290.8472595214844,293.1499938964844,293.1499938964844,283.1499938964844,6020.044921875,20160.0,313.1499938964844,0.0,18000.0,1.0,0.0,0.0,0.0,1.0,0.6549771428108215,1.0,0.0,0.0,1.5719465017318726,1.571950912475586,1.6488061760355777e-07,4.265923976898193,4.265914440155029,9.785929250938352e-06,0.0,0.0,-0.0,3595.97119140625,0.0,120.35037231445312,1895.4371337890625,0.0,1275.1845703125,0.3975405693054199,1.0,0.0,3.0,1.0,0.0
12294240,297.1551818847656,297.1499938964844,293.1499938964844,0.0,-0.0,285.26715087890625,0.7436484098434448,0.20542873442173,0.189604565501213,297.20343017578125,297.1499938964844,293.1499938964844,0.0,-0.0,285.2689208984375,0.7215726971626282,0.186561644077301,0.1811785548925399,297.27947998046875,297.1499938964844,293.1499938964844,0.0,-0.0,285.2627258300781,0.8206964731216431,0.2785800695419311,0.1983805149793625,297.1569519042969,297.1499938964844,293.1499938964844,0.0,-0.0,285.2727966308594,0.677603542804718,0.1549411416053772,0.1511187404394149,297.1324157714844,297.1499938964844,293.1499938964844,0.0,-0.0,285.27069091796875,0.7006623148918152,0.1701739132404327,0.7875586152076721,285.26336669921875,285.73956298828125,291.1132202148437,285.9859619140625,291.1107177734375,297.2207336425781,285.2347412109375,1.0,0.3725511133670807,1.0,1.0,0.0,1.0,-1.8098618984222408,1.809859275817871,2.650016313054948e-06,1.3954507112503052,0.9472372531890868,0.9472372531890868,0.0,85.32139587402344,77.0,11044.8759765625,-0.0,601.0404052734375,1.0,283.1387634277344,284.88836669921875,289.6917724609375,290.8472595214844,293.1499938964844,293.1499938964844,283.1499938964844,6020.044921875,20160.0,313.1499938964844,0.0,18000.0,1.0,0.0,0.0,0.0,1.0,0.6549771428108215,1.0,0.0,0.0,1.5719465017318726,1.571950912475586,1.6488061760355777e-07,4.265923976898193,4.265914440155029,9.785929250938352e-06,0.0,0.0,-0.0,3595.97119140625,0.0,120.35037231445312,1895.4371337890625,0.0,1275.1845703125,0.3975405693054199,1.0,0.0,3.0,1.0,0.0
12294300,297.1098937988281,297.1499938964844,293.1499938964844,0.0,-0.0,285.0828857421875,0.73121178150177,0.2010077983140945,0.1851006299257278,297.1630554199219,297.1499938964844,293.1499938964844,0.0,-0.0,285.0841369628906,0.7097242474555969,0.1829293072223663,0.1774929165840149,297.2276916503906,297.1499938964844,293.1499938964844,0.0,-0.0,285.0795593261719,0.808263897895813,0.2743054032325744,0.1949802488088607,297.1222229003906,297.1499938964844,293.1499938964844,0.0,-0.0,285.0870056152344,0.6651515960693359,0.1515710651874542,0.1477469056844711,297.0893249511719,297.1499938964844,293.1499938964844,0.0,-0.0,285.08551025390625,0.6866623759269714,0.1658265590667724,0.7669672966003418,285.0801086425781,285.72900390625,291.1538391113281,286.009765625,291.1512756347656,297.1748046875,285.0589904785156,1.0,0.3701095879077911,1.0,1.0,0.0,1.0,-1.7671607732772827,1.767158269882202,2.529516223148676e-06,1.361680030822754,0.9411519765853882,0.9411519765853882,0.0,88.29148864746094,77.0,11103.7587890625,-0.0,580.374267578125,1.0,283.1451721191406,284.6746826171875,289.2561950683594,290.32440185546875,293.1499938964844,293.1499938964844,283.1499938964844,7873.29541015625,20160.0,313.1499938964844,0.0,18000.0,1.0,0.0,0.0,0.0,1.0,0.6552847027778625,1.0,0.0,0.0,1.7867145538330078,1.7867201566696167,2.130118588183905e-07,4.265924453735352,4.265914440155029,9.78592834144365e-06,0.0,0.0,-0.0,3480.6396484375,0.0,177.07699584960938,1895.4371337890625,0.0,1277.331787109375,0.4473292827606201,1.0,0.0,3.0,1.0,0.0
12294360,297.0792236328125,297.1499938964844,293.1499938964844,0.0,-0.0,284.95611572265625,0.7248536348342896,0.1977350413799286,0.1817053705453872,297.1326904296875,297.1499938964844,293.1499938964844,0.0,-0.0,284.9569702148437,0.7030230760574341,0.1800258457660675,0.1744585484266281,297.19049072265625,297.1499938964844,293.1499938964844,0.0,-0.0,284.9537658691406,0.8019841909408569,0.2711403667926788,0.1924341470003128,297.0960388183594,297.1499938964844,293.1499938964844,0.0,-0.0,284.9590148925781,0.6584997177124023,0.1488208025693893,0.1449062377214431,297.05633544921875,297.1499938964844,293.1499938964844,0.0,-0.0,284.9580078125,0.6786391735076904,0.1622001677751541,0.7493388056755066,284.9541931152344,285.777587890625,291.1943359375,286.033447265625,291.1917419433594,297.1427307128906,284.93927001953125,1.0,0.3663837015628814,1.0,1.0,0.0,1.0,-1.7317970991134644,1.7317945957183838,2.4322296212631045e-06,1.3336734771728516,0.9340888857841492,0.9340888857841492,0.0,88.832275390625,65.0,11105.939453125,-0.0,558.1130981445312,1.0,283.1481018066406,284.5287475585937,288.9737243652344,289.9533996582031,293.1499938964844,293.1499938964844,283.1499938964844,9610.7060546875,21240.0,313.1499938964844,0.0,18000.0,1.0,0.0,0.0,0.0,1.0,0.632838785648346,1.0,0.0,0.0,1.962362051010132,1.962368845939636,2.569518073869404e-07,4.265924453735352,4.265914440155029,9.78592834144365e-06,0.0,0.0,-0.0,3403.3359375,0.0,235.0591583251953,1895.4371337890625,0.0,1126.447998046875,0.4930514991283417,1.0,0.0,3.0,1.0,0.0
12294420,297.04998779296875,297.1499938964844,293.1499938964844,0.0,-0.0,284.8139343261719,0.7229020595550537,0.1940526515245437,0.1777895241975784,297.0990295410156,297.1499938964844,293.1499938964844,0.0,-0.0,284.8144836425781,0.7007295489311218,0.176459863781929,0.1706023514270782,297.1503601074219,297.1499938964844,293.1499938964844,0.0,-0.0,284.8124389648437,0.8013193011283875,0.2675229012966156,0.1894681602716446,297.067138671875,297.1499938964844,293.1499938964844,0.0,-0.0,284.8157653808594,0.6556297540664673,0.145351231098175,0.1411909312009811,297.01922607421875,297.1499938964844,293.1499938964844,0.0,-0.0,284.815185546875,0.6741424202919006,0.1574881821870803,0.7258151769638062,284.812744140625,285.7590026855469,291.2607421875,286.0721435546875,291.2580871582031,297.1083679199219,284.8033142089844,1.0,0.3583580255508423,1.0,1.0,0.0,1.0,-1.6861884593963623,1.6861860752105713,2.3101363240130013e-06,1.2975062131881714,0.9226852655410768,0.9226852655410768,0.0,86.0689926147461,65.0,11107.6650390625,-0.0,520.4686279296875,1.0,283.149658203125,284.36016845703125,288.7689819335937,289.6394348144531,293.1499938964844,293.1499938964844,283.1499938964844,12613.607421875,21240.0,313.1499938964844,0.0,18000.0,1.0,0.0,0.0,0.0,1.0,0.5749436616897583,1.0,0.0,0.0,2.2212073802948,2.2212159633636475,3.2920888770604506e-07,4.265924453735352,4.265914440155029,9.78592834144365e-06,0.0,0.0,-0.0,3346.435791015625,0.0,342.2518615722656,1895.4371337890625,0.0,798.6806640625,0.5535951852798462,1.0,0.0,3.0,1.0,0.0
12294480,297.0461120605469,297.1499938964844,293.1499938964844,0.0,-0.0,284.7922668457031,0.7235179543495178,0.1934530884027481,0.1771359592676162,297.09381103515625,297.1499938964844,293.1499938964844,0.0,-0.0,284.7927551269531,0.7013201117515564,0.175842210650444,0.1699149012565612,297.1441345214844,297.1499938964844,293.1499938964844,0.0,-0.0,284.7909240722656,0.8023520708084106,0.2669235169887543,0.1889653205871582,297.0627136230469,297.1499938964844,293.1499938964844,0.0,-0.0,284.7939147949219,0.6559875011444092,0.1447373628616333,0.1405141800642013,297.0133972167969,297.1499938964844,293.1499938964844,0.0,-0.0,284.7933959960937,0.6742392778396606,0.1566345989704132,0.7214657068252563,284.7912292480469,285.8124694824219,291.27508544921875,286.0804748535156,291.2723999023437,297.1025085449219,284.78277587890625,1.0,0.356395810842514,1.0,1.0,0.0,1.0,-1.6779381036758425,1.6779357194900513,2.2884576083015418e-06,1.2909581661224363,0.9194196462631226,0.9194196462631226,0.0,85.0417251586914,53.0,11102.912109375,-0.0,512.3279418945312,1.0,283.1497802734375,284.3345642089844,288.7561340332031,289.60888671875,293.1499938964844,293.1499938964844,283.1499938964844,13188.2080078125,22320.0,313.1499938964844,0.0,18000.0,1.0,0.0,0.0,0.0,1.0,0.5616399049758911,1.0,0.0,0.0,2.265324354171753,2.265333652496338,3.424161150178407e-07,4.265924453735352,4.265914440155029,9.78592834144365e-06,0.0,0.0,-0.0,3342.300048828125,0.0,363.3712463378906,1895.4371337890625,0.0,736.8513793945312,0.5673531293869019,1.0,0.0,3.0,1.0,0.0
12294540,297.0364074707031,297.1499938964844,293.1499938964844,0.0,-0.0,284.7223815917969,0.7285687923431396,0.191578060388565,0.1750484257936477,297.0785827636719,297.1499938964844,293.1499938964844,0.0,-0.0,284.7227478027344,0.7064822912216187,0.1738339215517044,0.1676277667284011,297.1255798339844,297.1499938964844,293.1499938964844,0.0,-0.0,284.721435546875,0.809365451335907,0.2650222182273865,0.187337726354599,297.04998779296875,297.1499938964844,293.1499938964844,0.0,-0.0,284.7235717773437,0.6600044369697571,0.1427086889743805,0.1382264941930771,296.9964904785156,297.1499938964844,293.1499938964844,0.0,-0.0,284.7232360839844,0.6774705648422241,0.1537562310695648,0.7065969705581665,284.7216491699219,285.7958679199219,291.3304443359375,286.1125793457031,291.3277282714844,297.0853576660156,284.7156982421875,1.0,0.3482636511325836,1.0,1.0,0.0,1.0,-1.650127410888672,1.6501251459121704,2.216304210378439e-06,1.2688740491867063,0.9090728759765624,0.9090728759765624,0.0,80.0809555053711,53.0,11100.0478515625,-0.0,481.1798095703125,1.0,283.14996337890625,284.2491455078125,288.7786560058594,289.5815734863281,293.1499938964844,293.1499938964844,283.1499938964844,15578.7060546875,22320.0,313.1499938964844,0.0,18000.0,1.0,0.0,0.0,0.0,1.0,0.5142082571983337,1.0,0.0,0.0,2.4328877925872803,2.43289852142334,3.949458573515585e-07,4.265924453735352,4.265914440155029,9.78592834144365e-06,0.0,0.0,-0.0,3346.6923828125,0.0,451.9492492675781,1895.4371337890625,0.0,552.4848022460938,0.6058041453361511,1.0,0.0,3.0,1.0,0.0
12294600,297.0341796875,297.1499938964844,293.1499938964844,0.0,-0.0,284.7000732421875,0.7320756912231445,0.1909121721982956,0.174281820654869,297.0738220214844,297.1499938964844,293.1499938964844,0.0,-0.0,284.7003479003906,0.7101262211799622,0.1730902791023254,0.1667541265487671,297.1194763183594,297.1499938964844,293.1499938964844,0.0,-0.0,284.69927978515625,0.8137874603271484,0.2643355131149292,0.1867308318614959,297.0461730957031,297.1499938964844,293.1499938964844,0.0,-0.0,284.7010192871094,0.6630808711051941,0.1419429033994674,0.1373371928930282,296.9912109375,297.1499938964844,293.1499938964844,0.0,-0.0,284.70074462890625,0.6802748441696167,0.1526399999856948,0.7007344961166382,284.699462890625,285.8442687988281,291.3554077148437,286.12701416015625,291.3526916503906,297.0799560546875,284.6946105957031,1.0,0.3443631529808044,1.0,1.0,0.0,1.0,-1.639321208000183,1.6393190622329712,2.188651933465735e-06,1.260288119316101,0.9036405086517334,0.9036405086517334,0.0,77.44658660888672,41.0,11093.224609375,-0.0,467.3499755859375,1.0,283.1499938964844,284.2221374511719,288.8155212402344,289.6035461425781,293.1499938964844,293.1499938964844,283.1499938964844,16481.06640625,23400.0,313.1499938964844,0.0,18000.0,1.0,0.0,0.0,0.0,1.0,0.4963034093379974,1.0,0.0,0.0,2.489074230194092,2.4890854358673096,4.133986521992483e-07,4.265924453735352,4.265914440155029,9.78592834144365e-06,0.0,0.0,-0.0,3355.527099609375,0.0,484.8809814453125,1895.4371337890625,0.0,495.7127685546875,0.6225927472114563,1.0,0.0,3.0,1.0,0.0
12294660,297.0326538085937,297.1499938964844,293.1499938964844,0.0,-0.0,284.64697265625,0.7482989430427551,0.1892825812101364,0.1723149120807647,297.064697265625,297.1499938964844,293.1499938964844,0.0,-0.0,284.6471252441406,0.7257001996040344,0.1711927503347396,0.1644351631402969,297.1064453125,297.1499938964844,293.1499938964844,0.0,-0.0,284.6465148925781,0.8325960636138916,0.2626175284385681,0.185147687792778,297.0395202636719,297.1499938964844,293.1499938964844,0.0,-0.0,284.64752197265625,0.6780865788459778,0.1399461477994918,0.1349328011274337,296.9813232421875,297.1499938964844,293.1499938964844,0.0,-0.0,284.6473693847656,0.6945043206214905,0.1496163010597229,0.6845603585243225,284.6466369628906,285.8729858398437,291.4353332519531,286.1730651855469,291.4325866699219,297.0694885253906,284.64385986328125,1.0,0.3311635553836822,1.0,1.0,0.0,1.0,-1.6099649667739868,1.6099629402160645,2.1146149720152607e-06,1.2369500398635864,0.8870686888694763,0.8870686888694763,0.0,67.95220184326172,29.0,11087.4052734375,-0.0,424.1933898925781,1.0,283.1499938964844,284.1550598144531,288.9877319335937,289.7541198730469,293.1499938964844,293.1499938964844,283.1499938964844,19386.310546875,22320.0,313.1499938964844,0.0,18000.0,1.0,0.0,0.0,0.0,1.0,0.4584259390830993,1.0,0.0,0.0,2.6465039253234863,2.6465165615081787,4.673458988690982e-07,4.265924453735352,4.265914440155029,9.78592834144365e-06,0.0,0.0,-0.0,3399.4140625,0.0,586.9199829101562,1895.4371337890625,0.0,394.4505004882813,0.6559772491455078,1.0,0.0,3.0,1.0,0.0
12294720,297.0326538085937,297.1499938964844,293.1499938964844,0.0,-0.0,284.64697265625,0.7482989430427551,0.1892825812101364,0.1723149120807647,297.064697265625,297.1499938964844,293.1499938964844,0.0,-0.0,284.6471252441406,0.7257001996040344,0.1711927503347396,0.1644351631402969,297.1064453125,297.1499938964844,293.1499938964844,0.0,-0.0,284.6465148925781,0.8325960636138916,0.2626175284385681,0.185147687792778,297.0395202636719,297.1499938964844,293.1499938964844,0.0,-0.0,284.64752197265625,0.6780865788459778,0.1399461477994918,0.1349328011274337,296.9813232421875,297.1499938964844,293.1499938964844,0.0,-0.0,284.6473693847656,0.6945043206214905,0.1496163010597229,0.6845603585243225,284.6466369628906,285.8729858398437,291.4353332519531,286.1730651855469,291.4325866699219,297.0694885253906,284.64385986328125,1.0,0.3311635553836822,1.0,1.0,0.0,1.0,-1.6099649667739868,1.6099629402160645,2.1146149720152607e-06,1.2369500398635864,0.8870686888694763,0.8870686888694763,0.0,67.95220184326172,29.0,11087.4052734375,-0.0,424.1933898925781,1.0,283.1499938964844,284.1550598144531,288.9877319335937,289.7541198730469,293.1499938964844,293.1499938964844,283.1499938964844,19386.310546875,22320.0,313.1499938964844,0.0,18000.0,1.0,0.0,0.0,0.0,1.0,0.4584259390830993,1.0,0.0,0.0,2.6465039253234863,2.6465165615081787,4.673458988690982e-07,4.265924453735352,4.265914440155029,9.78592834144365e-06,0.0,0.0,-0.0,3399.4140625,0.0,586.9199829101562,1895.4371337890625,0.0,394.4505004882813,0.6559772491455078,1.0,0.0,3.0,1.0,0.0
12294780,297.0367431640625,297.1499938964844,293.1499938964844,0.0,-0.0,284.629638671875,0.7737972736358643,0.1882068663835525,0.1708645820617675,297.06201171875,297.1499938964844,293.1499938964844,0.0,-0.0,284.6296691894531,0.7484886050224304,0.1698337495326995,0.1626441031694412,297.10015869140625,297.1499938964844,293.1499938964844,0.0,-0.0,284.6295166015625,0.8606750965118408,0.2614247798919678,0.1839451938867569,297.0387878417969,297.1499938964844,293.1499938964844,0.0,-0.0,284.6297912597656,0.7016487121582031,0.1384667307138443,0.1330307126045227,296.9787292480469,297.1499938964844,293.1499938964844,0.0,-0.0,284.6297607421875,0.7166576981544495,0.1472093015909195,0.6712846159934998,284.6295471191406,285.898681640625,291.5148010253906,286.2185974121094,291.5119934082031,297.0660705566406,284.6287536621094,1.0,0.3172177672386169,1.0,1.0,0.0,1.0,-1.58640456199646,1.5864025354385376,2.056337734757108e-06,1.2182022333145142,0.8701910376548767,0.8701910376548767,0.0,57.53668594360352,25.0,11057.6025390625,-0.0,383.0405578613281,1.0,283.1499938964844,284.1340026855469,289.1621398925781,289.93182373046875,293.1499938964844,293.1499938964844,283.1499938964844,20919.2734375,21240.0,313.1499938964844,0.0,18000.0,1.0,0.0,0.0,0.0,1.0,0.4476772844791412,1.0,0.0,0.0,2.688863515853882,2.6888766288757324,4.824261736757762e-07,4.265924453735352,4.265914440155029,9.78592834144365e-06,0.0,0.0,-0.0,3442.958251953125,0.0,620.5574951171875,1895.4371337890625,0.0,369.6853637695313,0.6667741537094116,1.0,0.0,3.0,1.0,0.0
12294840,297.0367431640625,297.1499938964844,293.1499938964844,0.0,-0.0,284.629638671875,0.7737972736358643,0.1882068663835525,0.1708645820617675,297.06201171875,297.1499938964844,293.1499938964844,0.0,-0.0,284.6296691894531,0.7484886050224304,0.1698337495326995,0.1626441031694412,297.10015869140625,297.1499938964844,293.1499938964844,0.0,-0.0,284.6295166015625,0.8606750965118408,0.2614247798919678,0.1839451938867569,297.0387878417969,297.1499938964844,293.1499938964844,0.0,-0.0,284.6297912597656,0.7016487121582031,0.1384667307138443,0.1330307126045227,296.9787292480469,297.1499938964844,293.1499938964844,0.0,-0.0,284.6297607421875,0.7166576981544495,0.1472093015909195,0.6712846159934998,284.6295471191406,285.898681640625,291.5148010253906,286.2185974121094,291.5119934082031,297.0660705566406,284.6287536621094,1.0,0.3172177672386169,1.0,1.0,0.0,1.0,-1.58640456199646,1.5864025354385376,2.056337734757108e-06,1.2182022333145142,0.8701910376548767,0.8701910376548767,0.0,57.53668594360352,25.0,11057.6025390625,-0.0,383.0405578613281,1.0,283.1499938964844,284.1340026855469,289.1621398925781,289.93182373046875,293.1499938964844,293.1499938964844,283.1499938964844,20919.2734375,21240.0,313.1499938964844,0.0,18000.0,1.0,0.0,0.0,0.0,1.0,0.4476772844791412,1.0,0.0,0.0,2.688863515853882,2.6888766288757324,4.824261736757762e-07,4.265924453735352,4.265914440155029,9.78592834144365e-06,0.0,0.0,-0.0,3442.958251953125,0.0,620.5574951171875,1895.4371337890625,0.0,369.6853637695313,0.6667741537094116,1.0,0.0,3.0,1.0,0.0
12294900,297.04010009765625,297.1499938964844,293.1499938964844,0.0,-0.0,284.6302185058594,0.7880947589874268,0.1878185868263244,0.1703118681907653,297.0622253417969,297.1499938964844,293.1499938964844,0.0,-0.0,284.6302185058594,0.7613525390625,0.1692967265844345,0.1619238406419754,297.09869384765625,297.1499938964844,293.1499938964844,0.0,-0.0,284.6303100585937,0.8764755129814148,0.2609650194644928,0.1834693253040313,297.03985595703125,297.1499938964844,293.1499938964844,0.0,-0.0,284.6301574707031,0.7141528129577637,0.1378664672374725,0.1322509944438934,296.9791564941406,297.1499938964844,293.1499938964844,0.0,-0.0,284.6301574707031,0.7276169061660767,0.1461683958768844,0.6655797362327576,284.6302795410156,285.8844299316406,291.5543212890625,286.2411804199219,291.5515441894531,297.0660400390625,284.6305847167969,1.0,0.3112012445926666,1.0,1.0,0.0,1.0,-1.576518177986145,1.5765161514282229,2.032177917499212e-06,1.2103235721588137,0.8619751334190369,0.8619751334190369,0.0,53.00205612182617,25.0,11038.486328125,-0.0,365.6712951660156,1.0,283.1499938964844,284.1358337402344,289.231201171875,290.007080078125,293.1499938964844,293.1499938964844,283.1499938964844,21237.666015625,21240.0,313.1499938964844,0.0,18000.0,1.0,0.0,0.0,0.0,1.0,0.449131429195404,1.0,0.0,0.0,2.6756927967071533,2.675705909729004,4.777116373588797e-07,4.265924453735352,4.265914440155029,9.78592834144365e-06,0.0,0.0,-0.0,3459.50634765625,0.0,614.350830078125,1895.4371337890625,0.0,372.94573974609375,0.6667248010635376,1.0,0.0,3.0,1.0,0.0
12294960,297.04400634765625,297.1499938964844,293.1499938964844,0.0,-0.0,284.6331787109375,0.8029729723930359,0.1875057369470596,0.1698521822690963,297.0631408691406,297.1499938964844,293.1499938964844,0.0,-0.0,284.6331481933594,0.7750687003135681,0.1688298881053924,0.161296471953392,297.0979919433594,297.1499938964844,293.1499938964844,0.0,-0.0,284.6332702636719,0.8930915594100952,0.2605711221694946,0.1830593347549438,297.0415344238281,297.1499938964844,293.1499938964844,0.0,-0.0,284.633056640625,0.7260100245475769,0.13733571767807,0.1315630972385406,296.9804077148437,297.1499938964844,293.1499938964844,0.0,-0.0,284.6330871582031,0.7387970089912415,0.145207405090332,0.6603648662567139,284.6332397460937,285.92138671875,291.59375,286.2636108398437,291.5909423828125,297.0668334960937,284.6337585449219,1.0,0.3056218922138214,1.0,1.0,0.0,1.0,-1.5676331520080566,1.5676311254501345,2.010621301451465e-06,1.2032434940338137,0.8532180190086365,0.8532180190086365,0.0,48.93757247924805,25.0,11031.0869140625,-0.0,350.2657165527344,1.0,283.1499938964844,284.138427734375,289.28521728515625,290.0689697265625,293.1499938964844,293.1499938964844,283.1499938964844,21590.16015625,20160.0,313.1499938964844,0.0,18000.0,1.0,0.0,0.0,0.0,1.0,0.452981561422348,1.0,0.0,0.0,2.665968656539917,2.665981769561768,4.742456951589702e-07,4.265924453735352,4.265914440155029,9.78592834144365e-06,0.0,0.0,-0.0,3473.179443359375,0.0,610.4453735351562,1895.4371337890625,0.0,381.7120056152344,0.6619976758956909,1.0,0.0,3.0,1.0,0.0
12295020,297.0528564453125,297.1499938964844,293.1499938964844,0.0,-0.0,284.6509094238281,0.8280318975448608,0.1870580911636352,0.1691819280385971,297.0663757324219,297.1499938964844,293.1499938964844,0.0,-0.0,284.6508178710937,0.8001595139503479,0.1680554896593094,0.1602880954742431,297.0981750488281,297.1499938964844,293.1499938964844,0.0,-0.0,284.6511535644531,0.9247925281524658,0.2599289715290069,0.1824112236499786,297.04620361328125,297.1499938964844,293.1499938964844,0.0,-0.0,284.6506042480469,0.7467913627624512,0.1364338248968124,0.1304334253072738,296.98443603515625,297.1499938964844,293.1499938964844,0.0,-0.0,284.6506652832031,0.7592366337776184,0.1434661746025085,0.6512136459350586,284.65106201171875,285.9411315917969,291.6722106933594,286.3080444335937,291.6694030761719,297.0699462890625,284.65252685546875,1.0,0.2970016300678253,1.0,1.0,0.0,1.0,-1.5524952411651611,1.5524932146072388,1.97421945813403e-06,1.1911693811416626,0.8363280296325684,0.8363280296325684,0.0,42.85898208618164,25.0,11009.10546875,-0.0,326.6357727050781,1.0,283.1499938964844,284.1601257324219,289.3514404296875,290.1475830078125,293.1499938964844,293.1499938964844,283.1499938964844,21650.51171875,19080.0,313.1499938964844,0.0,18000.0,1.0,0.0,0.0,0.0,1.0,0.4624455571174621,1.0,0.0,0.0,2.600353479385376,2.6003661155700684,4.5118858338355494e-07,4.265924453735352,4.265914440155029,9.78592834144365e-06,0.0,0.0,-0.0,3476.5009765625,0.0,572.389404296875,1895.4371337890625,0.0,404.1229248046875,0.647041916847229,1.0,0.0,3.0,1.0,0.0
12295080,297.0528564453125,297.1499938964844,293.1499938964844,0.0,-0.0,284.6509094238281,0.8280318975448608,0.1870580911636352,0.1691819280385971,297.0663757324219,297.1499938964844,293.1499938964844,0.0,-0.0,284.6508178710937,0.8001595139503479,0.1680554896593094,0.1602880954742431,297.0981750488281,297.1499938964844,293.1499938964844,0.0,-0.0,284.6511535644531,0.9247925281524658,0.2599289715290069,0.1824112236499786,297.04620361328125,297.1499938964844,293.1499938964844,0.0,-0.0,284.6506042480469,0.7467913627624512,0.1364338248968124,0.1304334253072738,296.98443603515625,297.1499938964844,293.1499938964844,0.0,-0.0,284.6506652832031,0.7592366337776184,0.1434661746025085,0.6512136459350586,284.65106201171875,285.9411315917969,291.6722106933594,286.3080444335937,291.6694030761719,297.0699462890625,284.65252685546875,1.0,0.2970016300678253,1.0,1.0,0.0,1.0,-1.5524952411651611,1.5524932146072388,1.97421945813403e-06,1.1911693811416626,0.8363280296325684,0.8363280296325684,0.0,42.85898208618164,25.0,11009.10546875,-0.0,326.6357727050781,1.0,283.1499938964844,284.1601257324219,289.3514404296875,290.1475830078125,293.1499938964844,293.1499938964844,283.1499938964844,21650.51171875,19080.0,313.1499938964844,0.0,18000.0,1.0,0.0,0.0,0.0,1.0,0.4624455571174621,1.0,0.0,0.0,2.600353479385376,2.6003661155700684,4.5118858338355494e-07,4.265924453735352,4.265914440155029,9.78592834144365e-06,0.0,0.0,-0.0,3476.5009765625,0.0,572.389404296875,1895.4371337890625,0.0,404.1229248046875,0.647041916847229,1.0,0.0,3.0,1.0,0.0
12295140,297.0624694824219,297.1499938964844,293.1499938964844,0.0,-0.0,284.6789855957031,0.8496274352073669,0.1868013143539428,0.168757677078247,297.0707397460937,297.1499938964844,293.1499938964844,0.0,-0.0,284.6788330078125,0.8212890625,0.167439118027687,0.1595101207494735,297.0997314453125,297.1499938964844,293.1499938964844,0.0,-0.0,284.6793518066406,0.9539554119110109,0.259429007768631,0.181921437382698,297.0518798828125,297.1499938964844,293.1499938964844,0.0,-0.0,284.67852783203125,0.7658449411392212,0.13569176197052,0.1295356750488281,296.9897155761719,297.1499938964844,293.1499938964844,0.0,-0.0,284.6785888671875,0.7777523398399353,0.1419017314910888,0.6432521939277649,284.6792297363281,285.9579467773437,291.7501220703125,286.35186767578125,291.7472839355469,297.0744323730469,284.6814270019531,1.0,0.2904565930366516,1.0,1.0,0.0,1.0,-1.53982675075531,1.5398248434066772,1.9440763026068453e-06,1.1810588836669922,0.8196702003479004,0.8196702003479004,0.0,38.535552978515625,25.0,10988.7626953125,-0.0,309.1966552734375,1.0,283.1499938964844,284.19464111328125,289.382568359375,290.1840515136719,293.1499938964844,293.1499938964844,283.1499938964844,21294.39453125,18000.0,313.1499938964844,0.0,18000.0,1.0,0.0,0.0,0.0,1.0,0.4688997268676758,1.0,0.0,0.0,2.5075020790100098,2.507513999938965,4.195424878616905e-07,4.265924453735352,4.265914440155029,9.78592834144365e-06,0.0,0.0,-0.0,3470.76171875,0.0,519.21240234375,1895.4371337890625,0.0,420.1501770019531,0.6256004571914673,1.0,0.0,3.0,1.0,0.0
12295200,297.0624694824219,297.1499938964844,293.1499938964844,0.0,-0.0,284.6789855957031,0.8496274352073669,0.1868013143539428,0.168757677078247,297.0707397460937,297.1499938964844,293.1499938964844,0.0,-0.0,284.6788330078125,0.8212890625,0.167439118027687,0.1595101207494735,297.0997314453125,297.1499938964844,293.1499938964844,0.0,-0.0,284.6793518066406,0.9539554119110109,0.259429007768631,0.181921437382698,297.0518798828125,297.1499938964844,293.1499938964844,0.0,-0.0,284.67852783203125,0.7658449411392212,0.13569176197052,0.1295356750488281,296.9897155761719,297.1499938964844,293.1499938964844,0.0,-0.0,284.6785888671875,0.7777523398399353,0.1419017314910888,0.6432521939277649,284.6792297363281,285.9579467773437,291.7501220703125,286.35186767578125,291.7472839355469,297.0744323730469,284.6814270019531,1.0,0.2904565930366516,1.0,1.0,0.0,1.0,-1.53982675075531,1.5398248434066772,1.9440763026068453e-06,1.1810588836669922,0.8196702003479004,0.8196702003479004,0.0,38.535552978515625,25.0,10988.7626953125,-0.0,309.1966552734375,1.0,283.1499938964844,284.19464111328125,289.382568359375,290.1840515136719,293.1499938964844,293.1499938964844,283.1499938964844,21294.39453125,18000.0,313.1499938964844,0.0,18000.0,1.0,0.0,0.0,0.0,1.0,0.4688997268676758,1.0,0.0,0.0,2.5075020790100098,2.507513999938965,4.195424878616905e-07,4.265924453735352,4.265914440155029,9.78592834144365e-06,0.0,0.0,-0.0,3470.76171875,0.0,519.21240234375,1895.4371337890625,0.0,420.1501770019531,0.6256004571914673,1.0,0.0,3.0,1.0,0.0
12295260,297.0724792480469,297.1499938964844,293.1499938964844,0.0,-0.0,284.71533203125,0.8691633939743042,0.1867082566022873,0.1685284823179245,297.0757751464844,297.1499938964844,293.1499938964844,0.0,-0.0,284.71514892578125,0.8385295867919922,0.1669455617666244,0.158900648355484,297.1021728515625,297.1499938964844,293.1499938964844,0.0,-0.0,284.7157592773437,0.9761532545089722,0.2590391635894775,0.1815465092658996,297.0580444335937,297.1499938964844,293.1499938964844,0.0,-0.0,284.7147216796875,0.782828152179718,0.1350746750831604,0.1288085281848907,296.9956359863281,297.1499938964844,293.1499938964844,0.0,-0.0,284.7148132324219,0.7937196493148804,0.1404711604118347,0.6361472606658936,284.7156066894531,285.971923828125,291.82745361328125,286.3951110839844,291.8246459960937,297.07977294921875,284.7184143066406,1.0,0.2854206562042236,1.0,1.0,0.0,1.0,-1.528966188430786,1.528964281082153,1.9184642496838933e-06,1.1723841428756714,0.8033769726753235,0.8033769726753235,0.0,35.406028747558594,25.0,10967.9765625,-0.0,295.963623046875,1.0,283.1499938964844,284.2394714355469,289.4040222167969,290.2046813964844,293.1499938964844,293.1499938964844,283.1499938964844,20658.15625,18000.0,313.1499938964844,0.0,18000.0,1.0,0.0,0.0,0.0,1.0,0.4706469476222992,1.0,0.0,0.0,2.397899627685547,2.3979108333587646,3.83667781989061e-07,4.265924453735352,4.265914440155029,9.78592834144365e-06,0.0,0.0,-0.0,3464.04638671875,0.0,459.8837585449219,1895.4371337890625,0.0,424.59765625,0.6031590104103088,1.0,0.0,3.0,1.0,0.0
12295320,297.0724792480469,297.1499938964844,293.1499938964844,0.0,-0.0,284.71533203125,0.8691633939743042,0.1867082566022873,0.1685284823179245,297.0757751464844,297.1499938964844,293.1499938964844,0.0,-0.0,284.71514892578125,0.8385295867919922,0.1669455617666244,0.158900648355484,297.1021728515625,297.1499938964844,293.1499938964844,0.0,-0.0,284.7157592773437,0.9761532545089722,0.2590391635894775,0.1815465092658996,297.0580444335937,297.1499938964844,293.1499938964844,0.0,-0.0,284.7147216796875,0.782828152179718,0.1350746750831604,0.1288085281848907,296.9956359863281,297.1499938964844,293.1499938964844,0.0,-0.0,284.7148132324219,0.7937196493148804,0.1404711604118347,0.6361472606658936,284.7156066894531,285.971923828125,291.82745361328125,286.3951110839844,291.8246459960937,297.07977294921875,284.7184143066406,1.0,0.2854206562042236,1.0,1.0,0.0,1.0,-1.528966188430786,1.528964281082153,1.9184642496838933e-06,1.1723841428756714,0.8033769726753235,0.8033769726753235,0.0,35.406028747558594,25.0,10967.9765625,-0.0,295.963623046875,1.0,283.1499938964844,284.2394714355469,289.4040222167969,290.2046813964844,293.1499938964844,293.1499938964844,283.1499938964844,20658.15625,18000.0,313.1499938964844,0.0,18000.0,1.0,0.0,0.0,0.0,1.0,0.4706469476222992,1.0,0.0,0.0,2.397899627685547,2.3979108333587646,3.83667781989061e-07,4.265924453735352,4.265914440155029,9.78592834144365e-06,0.0,0.0,-0.0,3464.04638671875,0.0,459.8837585449219,1895.4371337890625,0.0,424.59765625,0.6031590104103088,1.0,0.0,3.0,1.0,0.0
12295380,297.08258056640625,297.1499938964844,293.1499938964844,0.0,-0.0,284.7508239746094,0.8862528204917908,0.186747744679451,0.1684572994709015,297.08111572265625,297.1499938964844,293.1499938964844,0.0,-0.0,284.7506408691406,0.8533241748809814,0.1665455251932144,0.1584194153547287,297.1050720214844,297.1499938964844,293.1499938964844,0.0,-0.0,284.75128173828125,0.9918967485427856,0.2587250173091888,0.1812552958726883,297.0644226074219,297.1499938964844,293.1499938964844,0.0,-0.0,284.750244140625,0.7972385287284851,0.1345549523830413,0.1282127052545547,297.0018005371094,297.1499938964844,293.1499938964844,0.0,-0.0,284.75030517578125,0.8067746758460999,0.1391420066356659,0.6296883225440979,284.7510986328125,285.9830627441406,291.9041748046875,286.4377136230469,291.9013671875,297.0855407714844,284.7539367675781,1.0,0.2814894616603851,1.0,1.0,0.0,1.0,-1.519483208656311,1.5194813013076782,1.8962738295158488e-06,1.1648043394088743,0.7874129414558411,0.7874129414558411,0.0,33.11835479736328,25.0,10963.3056640625,-0.0,285.7050170898437,1.0,283.1499938964844,284.2814636230469,289.4320373535156,290.23028564453125,293.1499938964844,293.1499938964844,283.1499938964844,20357.654296875,18000.0,313.1499938964844,0.0,18000.0,1.0,0.0,0.0,0.0,1.0,0.4693458974361419,1.0,0.0,0.0,2.3079631328582764,2.307973623275757,3.554275451733702e-07,4.265924453735352,4.265914440155029,9.78592834144365e-06,0.0,0.0,-0.0,3465.89794921875,0.0,415.82666015625,1895.4371337890625,0.0,421.2814025878906,0.5830740332603455,1.0,0.0,3.0,1.0,0.0
12295440,297.08258056640625,297.1499938964844,293.1499938964844,0.0,-0.0,284.7508239746094,0.8862528204917908,0.186747744679451,0.1684572994709015,297.08111572265625,297.1499938964844,293.1499938964844,0.0,-0.0,284.7506408691406,0.8533241748809814,0.1665455251932144,0.1584194153547287,297.1050720214844,297.1499938964844,293.1499938964844,0.0,-0.0,284.75128173828125,0.9918967485427856,0.2587250173091888,0.1812552958726883,297.0644226074219,297.1499938964844,293.1499938964844,0.0,-0.0,284.750244140625,0.7972385287284851,0.1345549523830413,0.1282127052545547,297.0018005371094,297.1499938964844,293.1499938964844,0.0,-0.0,284.75030517578125,0.8067746758460999,0.1391420066356659,0.6296883225440979,284.7510986328125,285.9830627441406,291.9041748046875,286.4377136230469,291.9013671875,297.0855407714844,284.7539367675781,1.0,0.2814894616603851,1.0,1.0,0.0,1.0,-1.519483208656311,1.5194813013076782,1.8962738295158488e-06,1.1648043394088743,0.7874129414558411,0.7874129414558411,0.0,33.11835479736328,25.0,10963.3056640625,-0.0,285.7050170898437,1.0,283.1499938964844,284.2814636230469,289.4320373535156,290.23028564453125,293.1499938964844,293.1499938964844,283.1499938964844,20357.654296875,18000.0,313.1499938964844,0.0,18000.0,1.0,0.0,0.0,0.0,1.0,0.4693458974361419,1.0,0.0,0.0,2.3079631328582764,2.307973623275757,3.554275451733702e-07,4.265924453735352,4.265914440155029,9.78592834144365e-06,0.0,0.0,-0.0,3465.89794921875,0.0,415.82666015625,1895.4371337890625,0.0,421.2814025878906,0.5830740332603455,1.0,0.0,3.0,1.0,0.0
12295500,297.0875549316406,297.1499938964844,293.1499938964844,0.0,-0.0,284.7687072753906,0.8937427997589111,0.1868092268705368,0.1684692502021789,297.08380126953125,297.1499938964844,293.1499938964844,0.0,-0.0,284.7685241699219,0.8598185777664185,0.1663733124732971,0.1582157462835312,297.1065673828125,297.1499938964844,293.1499938964844,0.0,-0.0,284.7691650390625,0.9978095293045044,0.2585881054401397,0.1811227649450302,297.0675964355469,297.1499938964844,293.1499938964844,0.0,-0.0,284.7680969238281,0.8033973574638367,0.13432477414608,0.1279534995555877,297.0049133300781,297.1499938964844,293.1499938964844,0.0,-0.0,284.7681579589844,0.8120308518409729,0.1385074853897094,0.6266455054283142,284.7689819335937,285.9655456542969,291.9423217773437,286.458740234375,291.93951416015625,297.0884704589844,284.7718811035156,1.0,0.2798429131507873,1.0,1.0,0.0,1.0,-1.5151206254959106,1.5151187181472778,1.8861211401599576e-06,1.161317229270935,0.7797900438308716,0.7797900438308716,0.0,32.21499252319336,25.0,10962.3125,-0.0,281.4122314453125,1.0,283.1499938964844,284.3026428222656,289.4495544433594,290.24658203125,293.1499938964844,293.1499938964844,283.1499938964844,20271.234375,18000.0,313.1499938964844,0.0,18000.0,1.0,0.0,0.0,0.0,1.0,0.468230128288269,1.0,0.0,0.0,2.2652087211608887,2.265219211578369,3.423811278935318e-07,4.265924453735352,4.265914440155029,9.78592834144365e-06,0.0,0.0,-0.0,3467.407470703125,0.0,396.2113952636719,1895.4371337890625,0.0,418.4582214355469,0.5736397504806519,1.0,0.0,3.0,1.0,0.0
12295560,297.0924072265625,297.1499938964844,293.1499938964844,0.0,-0.0,284.78582763671875,0.8974332213401794,0.1868922263383865,0.168520450592041,297.0864562988281,297.1499938964844,293.1499938964844,0.0,-0.0,284.7856750488281,0.8628367185592651,0.1662134528160095,0.1580444723367691,297.1100769042969,297.1499938964844,293.1499938964844,0.0,-0.0,284.7862243652344,0.9970020055770874,0.2586549520492553,0.1784191876649856,297.0707092285156,297.1499938964844,293.1499938964844,0.0,-0.0,284.7852783203125,0.8061271905899048,0.1341082006692886,0.1277278512716293,297.0079345703125,297.1499938964844,293.1499938964844,0.0,-0.0,284.78533935546875,0.8138888478279114,0.1378869265317917,0.6237622499465942,284.7860717773437,285.991455078125,291.98028564453125,286.4796447753906,291.9774780273437,297.0919189453125,284.7886047363281,1.0,0.2782783210277557,1.0,1.0,0.0,1.0,-1.5080137252807615,1.508011817932129,1.8697274981605003e-06,1.155702829360962,0.7718148231506348,0.7718148231506348,0.0,31.70483589172364,25.0,10947.6162109375,-0.0,276.9310913085937,1.0,283.1499938964844,284.3225402832031,289.468994140625,290.26483154296875,293.1499938964844,293.1499938964844,283.1499938964844,20168.23828125,18000.0,313.1499938964844,0.0,18000.0,1.0,0.0,0.0,0.0,1.0,0.4670791625976562,1.0,0.0,0.0,2.2246639728546143,2.2246739864349365,3.302343145605846e-07,4.265924453735352,4.265914440155029,9.78592834144365e-06,0.0,0.0,-0.0,3466.438232421875,0.0,378.1246032714844,1895.4371337890625,0.0,415.5658264160156,0.5646871328353882,1.0,0.0,3.0,1.0,0.0
12295620,297.1018981933594,297.1499938964844,293.1499938964844,0.0,-0.0,284.8179016113281,0.9040720462799072,0.1871239244937896,0.1686833947896957,297.0916442871094,297.1499938964844,293.1499938964844,0.0,-0.0,284.8177185058594,0.8681796789169312,0.1659354567527771,0.1577426344156265,297.126953125,297.1499938964844,293.1499938964844,0.0,-0.0,284.8182678222656,0.9950321316719056,0.2598516345024109,0.1734112054109573,297.0767822265625,297.1499938964844,293.1499938964844,0.0,-0.0,284.8173217773437,0.8107771277427673,0.1337212026119232,0.1273213177919387,297.0140075683594,297.1499938964844,293.1499938964844,0.0,-0.0,284.8173828125,0.8168933391571045,0.13670314848423,0.6182416677474976,284.8181457519531,285.99713134765625,292.05572509765625,286.5209045410156,292.05291748046875,297.1023254394531,284.82080078125,1.0,0.275443822145462,1.0,1.0,0.0,1.0,-1.4947055578231812,1.494703769683838,1.839120386648574e-06,1.1450395584106443,0.7565479874610901,0.7565479874610901,0.0,30.815645217895508,25.0,10914.138671875,-0.0,268.81915283203125,1.0,283.1499938964844,284.3618469238281,289.5098571777344,290.3027648925781,293.1499938964844,293.1499938964844,283.1499938964844,20045.841796875,18000.0,313.1499938964844,0.0,18000.0,1.0,0.0,0.0,0.0,1.0,0.4648336470127105,1.0,0.0,0.0,2.1454265117645264,2.1454360485076904,3.071288574574283e-07,4.265924453735352,4.265914440155029,9.78592834144365e-06,0.0,0.0,-0.0,3459.792724609375,0.0,344.810302734375,1895.4371337890625,0.0,409.9805908203125,0.5473803877830505,1.0,0.0,3.0,1.0,0.0
12295680,297.1018981933594,297.1499938964844,293.1499938964844,0.0,-0.0,284.8179016113281,0.9040720462799072,0.1871239244937896,0.1686833947896957,297.0916442871094,297.1499938964844,293.1499938964844,0.0,-0.0,284.8177185058594,0.8681796789169312,0.1659354567527771,0.1577426344156265,297.126953125,297.1499938964844,293.1499938964844,0.0,-0.0,284.8182678222656,0.9950321316719056,0.2598516345024109,0.1734112054109573,297.0767822265625,297.1499938964844,293.1499938964844,0.0,-0.0,284.8173217773437,0.8107771277427673,0.1337212026119232,0.1273213177919387,297.0140075683594,297.1499938964844,293.1499938964844,0.0,-0.0,284.8173828125,0.8168933391571045,0.13670314848423,0.6182416677474976,284.8181457519531,285.99713134765625,292.05572509765625,286.5209045410156,292.05291748046875,297.1023254394531,284.82080078125,1.0,0.275443822145462,1.0,1.0,0.0,1.0,-1.4947055578231812,1.494703769683838,1.839120386648574e-06,1.1450395584106443,0.7565479874610901,0.7565479874610901,0.0,30.815645217895508,25.0,10914.138671875,-0.0,268.81915283203125,1.0,283.1499938964844,284.3618469238281,289.5098571777344,290.3027648925781,293.1499938964844,293.1499938964844,283.1499938964844,20045.841796875,18000.0,313.1499938964844,0.0,18000.0,1.0,0.0,0.0,0.0,1.0,0.4648336470127105,1.0,0.0,0.0,2.1454265117645264,2.1454360485076904,3.071288574574283e-07,4.265924453735352,4.265914440155029,9.78592834144365e-06,0.0,0.0,-0.0,3459.792724609375,0.0,344.810302734375,1895.4371337890625,0.0,409.9805908203125,0.5473803877830505,1.0,0.0,3.0,1.0,0.0
12295740,297.1112060546875,297.1499938964844,293.1499938964844,0.0,-0.0,284.8521423339844,0.9105684757232666,0.1874575912952423,0.1689381301403045,297.0968322753906,297.1499938964844,293.1499938964844,0.0,-0.0,284.8519287109375,0.8730951547622681,0.1657216995954513,0.1575031876564026,297.1474304199219,297.1499938964844,293.1499938964844,0.0,-0.0,284.8524780273437,0.9935758113861084,0.2616356313228607,0.1692776978015899,297.0827941894531,297.1499938964844,293.1499938964844,0.0,-0.0,284.8515014648437,0.8148884773254395,0.1334026902914047,0.1269817352294922,297.0201721191406,297.1499938964844,293.1499938964844,0.0,-0.0,284.8515625,0.8194723725318909,0.1356052756309509,0.613117516040802,284.85235595703125,286.0001525878906,292.1304931640625,286.5614624023437,292.127685546875,297.1143493652344,284.8551940917969,1.0,0.2729852199554443,1.0,1.0,0.0,1.0,-1.483210802078247,1.4832090139389038,1.8129578620573736e-06,1.1358397006988523,0.7417200803756714,0.7417200803756714,0.0,30.0511474609375,25.0,10889.2822265625,-0.0,261.9233703613281,1.0,283.1499938964844,284.4034423828125,289.5518798828125,290.3427124023437,293.1499938964844,293.1499938964844,283.1499938964844,19955.6171875,18000.0,313.1499938964844,0.0,18000.0,1.0,0.0,0.0,0.0,1.0,0.4628989696502685,1.0,0.0,0.0,2.0690839290618896,2.0690932273864746,2.8566012133524055e-07,4.265924453735352,4.265914440155029,9.78592834144365e-06,0.0,0.0,-0.0,3456.092041015625,0.0,314.85601806640625,1895.4371337890625,0.0,405.2286376953125,0.5308524370193481,1.0,0.0,3.0,1.0,0.0
12295800,297.1112060546875,297.1499938964844,293.1499938964844,0.0,-0.0,284.8521423339844,0.9105684757232666,0.1874575912952423,0.1689381301403045,297.0968322753906,297.1499938964844,293.1499938964844,0.0,-0.0,284.8519287109375,0.8730951547622681,0.1657216995954513,0.1575031876564026,297.1474304199219,297.1499938964844,293.1499938964844,0.0,-0.0,284.8524780273437,0.9935758113861084,0.2616356313228607,0.1692776978015899,297.0827941894531,297.1499938964844,293.1499938964844,0.0,-0.0,284.8515014648437,0.8148884773254395,0.1334026902914047,0.1269817352294922,297.0201721191406,297.1499938964844,293.1499938964844,0.0,-0.0,284.8515625,0.8194723725318909,0.1356052756309509,0.613117516040802,284.85235595703125,286.0001525878906,292.1304931640625,286.5614624023437,292.127685546875,297.1143493652344,284.8551940917969,1.0,0.2729852199554443,1.0,1.0,0.0,1.0,-1.483210802078247,1.4832090139389038,1.8129578620573736e-06,1.1358397006988523,0.7417200803756714,0.7417200803756714,0.0,30.0511474609375,25.0,10889.2822265625,-0.0,261.9233703613281,1.0,283.1499938964844,284.4034423828125,289.5518798828125,290.3427124023437,293.1499938964844,293.1499938964844,283.1499938964844,19955.6171875,18000.0,313.1499938964844,0.0,18000.0,1.0,0.0,0.0,0.0,1.0,0.4628989696502685,1.0,0.0,0.0,2.0690839290618896,2.0690932273864746,2.8566012133524055e-07,4.265924453735352,4.265914440155029,9.78592834144365e-06,0.0,0.0,-0.0,3456.092041015625,0.0,314.85601806640625,1895.4371337890625,0.0,405.2286376953125,0.5308524370193481,1.0,0.0,3.0,1.0,0.0
12295860,297.1203918457031,297.1499938964844,293.1499938964844,0.0,-0.0,284.8883056640625,0.9167779088020324,0.1878984868526458,0.1692916452884674,297.10205078125,297.1499938964844,293.1499938964844,0.0,-0.0,284.8880920410156,0.8774811029434204,0.1655757129192352,0.1573306620121002,297.1679077148437,297.1499938964844,293.1499938964844,0.0,-0.0,284.8886413574219,0.9921388626098632,0.2636792659759521,0.1656714975833892,297.0887451171875,297.1499938964844,293.1499938964844,0.0,-0.0,284.8876342773437,0.8184570670127869,0.1331548243761062,0.1267121285200119,297.0263977050781,297.1499938964844,293.1499938964844,0.0,-0.0,284.8876647949219,0.821567714214325,0.1345892995595932,0.6083834171295166,284.8885498046875,286.00054931640625,292.2045288085937,286.6012878417969,292.2017517089844,297.1266174316406,284.8915710449219,1.0,0.2708418369293213,1.0,1.0,0.0,1.0,-1.4730912446975708,1.4730894565582275,1.7901169258038865e-06,1.1277310848236084,0.7273895740509033,0.7273895740509033,0.0,29.402374267578125,28.0,10869.578125,-0.0,255.99526977539065,1.0,283.1499938964844,284.447265625,289.5938720703125,290.3833312988281,293.1499938964844,293.1499938964844,283.1499938964844,19878.328125,18000.0,313.1499938964844,0.0,18000.0,1.0,0.0,0.0,0.0,1.0,0.4614154696464538,1.0,0.0,0.0,1.99517560005188,1.9951844215393064,2.6561684762782534e-07,4.265924453735352,4.265914440155029,9.78592834144365e-06,0.0,0.0,-0.0,3453.995849609375,0.0,287.71697998046875,1895.4371337890625,0.0,401.6220397949219,0.5149775147438049,1.0,0.0,3.0,1.0,0.0
12295920,297.1203918457031,297.1499938964844,293.1499938964844,0.0,-0.0,284.8883056640625,0.9167779088020324,0.1878984868526458,0.1692916452884674,297.10205078125,297.1499938964844,293.1499938964844,0.0,-0.0,284.8880920410156,0.8774811029434204,0.1655757129192352,0.1573306620121002,297.1679077148437,297.1499938964844,293.1499938964844,0.0,-0.0,284.8886413574219,0.9921388626098632,0.2636792659759521,0.1656714975833892,297.0887451171875,297.1499938964844,293.1499938964844,0.0,-0.0,284.8876342773437,0.8184570670127869,0.1331548243761062,0.1267121285200119,297.0263977050781,297.1499938964844,293.1499938964844,0.0,-0.0,284.8876647949219,0.821567714214325,0.1345892995595932,0.6083834171295166,284.8885498046875,286.00054931640625,292.2045288085937,286.6012878417969,292.2017517089844,297.1266174316406,284.8915710449219,1.0,0.2708418369293213,1.0,1.0,0.0,1.0,-1.4730912446975708,1.4730894565582275,1.7901169258038865e-06,1.1277310848236084,0.7273895740509033,0.7273895740509033,0.0,29.402374267578125,28.0,10869.578125,-0.0,255.99526977539065,1.0,283.1499938964844,284.447265625,289.5938720703125,290.3833312988281,293.1499938964844,293.1499938964844,283.1499938964844,19878.328125,18000.0,313.1499938964844,0.0,18000.0,1.0,0.0,0.0,0.0,1.0,0.4614154696464538,1.0,0.0,0.0,1.99517560005188,1.9951844215393064,2.6561684762782534e-07,4.265924453735352,4.265914440155029,9.78592834144365e-06,0.0,0.0,-0.0,3453.995849609375,0.0,287.71697998046875,1895.4371337890625,0.0,401.6220397949219,0.5149775147438049,1.0,0.0,3.0,1.0,0.0
12295980,297.12957763671875,297.1499938964844,293.1499938964844,0.0,-0.0,284.9286193847656,0.917646825313568,0.1884534657001495,0.1697628945112228,297.1073303222656,297.1499938964844,293.1499938964844,0.0,-0.0,284.9283752441406,0.8772258162498474,0.165503591299057,0.1572445631027221,297.18310546875,297.1499938964844,293.1499938964844,0.0,-0.0,284.92901611328125,0.9921683669090272,0.2654569149017334,0.1657418757677078,297.0947265625,297.1499938964844,293.1499938964844,0.0,-0.0,284.9278259277344,0.8180081844329834,0.1329826116561889,0.1265310198068618,297.0325622558594,297.1499938964844,293.1499938964844,0.0,-0.0,284.9278564453125,0.8196691274642944,0.1336506903171539,0.6040913462638855,284.92889404296875,285.9984130859375,292.27783203125,286.6403503417969,292.2750549316406,297.13726806640625,284.9324951171875,1.0,0.2702224254608154,1.0,1.0,0.0,1.0,-1.4682642221450806,1.4682624340057373,1.7792252720028046e-06,1.1238023042678833,0.7136549949645996,0.7136549949645996,0.0,29.32193756103516,31.0,10877.0751953125,-0.0,253.7666015625,1.0,283.1499938964844,284.4955749511719,289.6352844238281,290.4245910644531,293.1499938964844,293.1499938964844,283.1499938964844,19799.603515625,18000.0,313.1499938964844,0.0,18000.0,1.0,0.0,0.0,0.0,1.0,0.46038618683815,1.0,0.0,0.0,1.9237987995147705,1.923807144165039,2.469520836712036e-07,4.265924453735352,4.265914440155029,9.78592834144365e-06,0.0,0.0,-0.0,3459.209716796875,0.0,263.1275634765625,1895.4371337890625,0.0,399.1384887695313,0.4997500777244568,1.0,0.0,3.0,1.0,0.0
12296040,297.12957763671875,297.1499938964844,293.1499938964844,0.0,-0.0,284.9286193847656,0.917646825313568,0.1884534657001495,0.1697628945112228,297.1073303222656,297.1499938964844,293.1499938964844,0.0,-0.0,284.9283752441406,0.8772258162498474,0.165503591299057,0.1572445631027221,297.18310546875,297.1499938964844,293.1499938964844,0.0,-0.0,284.92901611328125,0.9921683669090272,0.2654569149017334,0.1657418757677078,297.0947265625,297.1499938964844,293.1499938964844,0.0,-0.0,284.9278259277344,0.8180081844329834,0.1329826116561889,0.1265310198068618,297.0325622558594,297.1499938964844,293.1499938964844,0.0,-0.0,284.9278564453125,0.8196691274642944,0.1336506903171539,0.6040913462638855,284.92889404296875,285.9984130859375,292.27783203125,286.6403503417969,292.2750549316406,297.13726806640625,284.9324951171875,1.0,0.2702224254608154,1.0,1.0,0.0,1.0,-1.4682642221450806,1.4682624340057373,1.7792252720028046e-06,1.1238023042678833,0.7136549949645996,0.7136549949645996,0.0,29.32193756103516,31.0,10877.0751953125,-0.0,253.7666015625,1.0,283.1499938964844,284.4955749511719,289.6352844238281,290.4245910644531,293.1499938964844,293.1499938964844,283.1499938964844,19799.603515625,18000.0,313.1499938964844,0.0,18000.0,1.0,0.0,0.0,0.0,1.0,0.46038618683815,1.0,0.0,0.0,1.9237987995147705,1.923807144165039,2.469520836712036e-07,4.265924453735352,4.265914440155029,9.78592834144365e-06,0.0,0.0,-0.0,3459.209716796875,0.0,263.1275634765625,1895.4371337890625,0.0,399.1384887695313,0.4997500777244568,1.0,0.0,3.0,1.0,0.0
12296100,297.1341857910156,297.1499938964844,293.1499938964844,0.0,-0.0,284.9510498046875,0.9161374568939208,0.1887751370668411,0.1700442433357238,297.1099853515625,297.1499938964844,293.1499938964844,0.0,-0.0,284.9507751464844,0.875440239906311,0.1654957383871078,0.1572348326444625,297.1861877441406,297.1499938964844,293.1499938964844,0.0,-0.0,284.95147705078125,0.992723822593689,0.2659699916839599,0.1670926362276077,297.0976867675781,297.1499938964844,293.1499938964844,0.0,-0.0,284.9501953125,0.8163527250289917,0.1329247057437896,0.1264740079641342,297.0355834960937,297.1499938964844,293.1499938964844,0.0,-0.0,284.9502258300781,0.8172780275344849,0.1332032978534698,0.6020871996879578,284.9513244628906,285.9780578613281,292.314208984375,286.6596069335937,292.3114318847656,297.140869140625,284.9552307128906,1.0,0.2703922986984253,1.0,1.0,0.0,1.0,-1.4677362442016602,1.467734456062317,1.778012574504828e-06,1.1233490705490112,0.7072374224662781,0.7072374224662781,0.0,29.4833984375,31.0,10891.1748046875,-0.0,253.94903564453125,1.0,283.1499938964844,284.52197265625,289.6561584472656,290.44610595703125,293.1499938964844,293.1499938964844,283.1499938964844,19774.138671875,18000.0,313.1499938964844,0.0,18000.0,1.0,0.0,0.0,0.0,1.0,0.4601198434829712,1.0,0.0,0.0,1.8887343406677248,1.888742566108704,2.3803187332305242e-07,4.265924453735352,4.265914440155029,9.78592834144365e-06,0.0,0.0,-0.0,3465.147705078125,0.0,251.6707458496093,1895.4371337890625,0.0,398.498291015625,0.4923366606235504,1.0,0.0,3.0,1.0,0.0
12296160,297.1387634277344,297.1499938964844,293.1499938964844,0.0,-0.0,284.9746398925781,0.9135598540306092,0.1891267150640487,0.1703562438488006,297.1126708984375,297.1499938964844,293.1499938964844,0.0,-0.0,284.9743347167969,0.8727328777313232,0.1655068099498748,0.1572470217943191,297.1860046386719,297.1499938964844,293.1499938964844,0.0,-0.0,284.97509765625,0.9935417175292968,0.2661831676959991,0.1691877245903015,297.10064697265625,297.1499938964844,293.1499938964844,0.0,-0.0,284.9737548828125,0.8138740658760071,0.132885530591011,0.1264387667179107,297.0385131835937,297.1499938964844,293.1499938964844,0.0,-0.0,284.9737548828125,0.8140414357185364,0.1327663660049438,0.6001553535461426,284.97491455078125,285.9937744140625,292.3503723144531,286.6786804199219,292.3476257324219,297.1431579589844,284.9789733886719,1.0,0.2708500027656555,1.0,1.0,0.0,1.0,-1.468278169631958,1.4682763814926147,1.779191165951488e-06,1.1237499713897705,0.7006486058235168,0.7006486058235168,0.0,29.763391494750977,25.0,10912.5703125,-0.0,254.8759155273437,1.0,283.1499938964844,284.54913330078125,289.6771850585937,290.4684143066406,293.1499938964844,293.1499938964844,283.1499938964844,19710.1171875,18000.0,313.1499938964844,0.0,18000.0,1.0,0.0,0.0,0.0,1.0,0.4600724279880523,1.0,0.0,0.0,1.855473041534424,1.8554811477661133,2.2972206181748334e-07,4.265924453735352,4.265914440155029,9.78592834144365e-06,0.0,0.0,-0.0,3473.97216796875,0.0,240.98963928222656,1895.4371337890625,0.0,398.3844299316406,0.4852583110332489,1.0,0.0,3.0,1.0,0.0
12296220,297.14776611328125,297.1499938964844,293.1499938964844,0.0,-0.0,285.0184936523437,0.9201961755752563,0.1898965686559677,0.1710104048252105,297.117919921875,297.1499938964844,293.1499938964844,0.0,-0.0,285.01824951171875,0.877244234085083,0.1655661165714264,0.1572740972042083,297.1885070800781,297.1499938964844,293.1499938964844,0.0,-0.0,285.01885986328125,0.9921802282333374,0.2668745517730713,0.1657703965902328,297.1064147949219,297.1499938964844,293.1499938964844,0.0,-0.0,285.0177917480469,0.8176485896110535,0.1328445672988891,0.1263707876205444,297.0439758300781,297.1499938964844,293.1499938964844,0.0,-0.0,285.01776123046875,0.8162403702735901,0.131908044219017,0.5961945056915283,285.0187072753906,285.9867553710937,292.4220886230469,286.7161865234375,292.4193725585937,297.1481018066406,285.0219116210937,1.0,0.2687592804431915,1.0,1.0,0.0,1.0,-1.4601643085479736,1.4601625204086304,1.7611625935387565e-06,1.117323637008667,0.6883244514465332,0.6883244514465332,0.0,29.17902565002441,28.0,10903.0966796875,-0.0,250.034408569336,1.0,283.1499938964844,284.5997619628906,289.718017578125,290.5111694335937,293.1499938964844,293.1499938964844,283.1499938964844,19613.193359375,18000.0,313.1499938964844,0.0,18000.0,1.0,0.0,0.0,0.0,1.0,0.460496038198471,1.0,0.0,0.0,1.7905539274215698,1.7905616760253906,2.139282742064097e-07,4.265924453735352,4.265914440155029,9.78592834144365e-06,0.0,0.0,-0.0,3478.571533203125,0.0,221.18719482421875,1895.4371337890625,0.0,399.4028015136719,0.4715723395347595,1.0,0.0,3.0,1.0,0.0
12296280,297.14776611328125,297.1499938964844,293.1499938964844,0.0,-0.0,285.0184936523437,0.9201961755752563,0.1898965686559677,0.1710104048252105,297.117919921875,297.1499938964844,293.1499938964844,0.0,-0.0,285.01824951171875,0.877244234085083,0.1655661165714264,0.1572740972042083,297.1885070800781,297.1499938964844,293.1499938964844,0.0,-0.0,285.01885986328125,0.9921802282333374,0.2668745517730713,0.1657703965902328,297.1064147949219,297.1499938964844,293.1499938964844,0.0,-0.0,285.0177917480469,0.8176485896110535,0.1328445672988891,0.1263707876205444,297.0439758300781,297.1499938964844,293.1499938964844,0.0,-0.0,285.01776123046875,0.8162403702735901,0.131908044219017,0.5961945056915283,285.0187072753906,285.9867553710937,292.4220886230469,286.7161865234375,292.4193725585937,297.1481018066406,285.0219116210937,1.0,0.2687592804431915,1.0,1.0,0.0,1.0,-1.4601643085479736,1.4601625204086304,1.7611625935387565e-06,1.117323637008667,0.6883244514465332,0.6883244514465332,0.0,29.17902565002441,28.0,10903.0966796875,-0.0,250.034408569336,1.0,283.1499938964844,284.5997619628906,289.718017578125,290.5111694335937,293.1499938964844,293.1499938964844,283.1499938964844,19613.193359375,18000.0,313.1499938964844,0.0,18000.0,1.0,0.0,0.0,0.0,1.0,0.460496038198471,1.0,0.0,0.0,1.7905539274215698,1.7905616760253906,2.139282742064097e-07,4.265924453735352,4.265914440155029,9.78592834144365e-06,0.0,0.0,-0.0,3478.571533203125,0.0,221.18719482421875,1895.4371337890625,0.0,399.4028015136719,0.4715723395347595,1.0,0.0,3.0,1.0,0.0
12296340,297.1566162109375,297.1499938964844,293.1499938964844,0.0,-0.0,285.0610656738281,0.9224767684936525,0.1907639950513839,0.1717619001865387,297.1231384277344,297.1499938964844,293.1499938964844,0.0,-0.0,285.060791015625,0.8780225515365601,0.1656880229711532,0.1573705375194549,297.19940185546875,297.1499938964844,293.1499938964844,0.0,-0.0,285.0614624023437,0.991988480091095,0.2684725821018219,0.1653161197900772,297.11212158203125,297.1499938964844,293.1499938964844,0.0,-0.0,285.0602111816406,0.8181722164154053,0.1328687518835067,0.1263744235038757,297.0494079589844,297.1499938964844,293.1499938964844,0.0,-0.0,285.0601806640625,0.8151654005050659,0.1311163306236267,0.5925450325012207,285.0613098144531,285.97735595703125,292.49298095703125,286.7528686523437,292.49029541015625,297.1567077636719,285.0652160644531,1.0,0.2682801783084869,1.0,1.0,0.0,1.0,-1.456254243850708,1.4562524557113647,1.7523769884064675e-06,1.1140891313552856,0.6766684651374817,0.6766684651374817,0.0,29.04895782470703,31.0,10907.9267578125,-0.0,248.0959625244141,1.0,283.1499938964844,284.65087890625,289.7538452148437,290.547607421875,293.1499938964844,293.1499938964844,283.1499938964844,19513.02734375,18000.0,313.1499938964844,0.0,18000.0,1.0,0.0,0.0,0.0,1.0,0.4607251286506653,1.0,0.0,0.0,1.729109764099121,1.7291172742843628,1.9949800389440497e-07,4.265924453735352,4.265914440155029,9.78592834144365e-06,0.0,0.0,-0.0,3481.80126953125,0.0,203.5232849121093,1895.4371337890625,0.0,399.9546203613281,0.4587090909481048,1.0,0.0,3.0,1.0,0.0
12296400,297.1566162109375,297.1499938964844,293.1499938964844,0.0,-0.0,285.0610656738281,0.9224767684936525,0.1907639950513839,0.1717619001865387,297.1231384277344,297.1499938964844,293.1499938964844,0.0,-0.0,285.060791015625,0.8780225515365601,0.1656880229711532,0.1573705375194549,297.19940185546875,297.1499938964844,293.1499938964844,0.0,-0.0,285.0614624023437,0.991988480091095,0.2684725821018219,0.1653161197900772,297.11212158203125,297.1499938964844,293.1499938964844,0.0,-0.0,285.0602111816406,0.8181722164154053,0.1328687518835067,0.1263744235038757,297.0494079589844,297.1499938964844,293.1499938964844,0.0,-0.0,285.0601806640625,0.8151654005050659,0.1311163306236267,0.5925450325012207,285.0613098144531,285.97735595703125,292.49298095703125,286.7528686523437,292.49029541015625,297.1567077636719,285.0652160644531,1.0,0.2682801783084869,1.0,1.0,0.0,1.0,-1.456254243850708,1.4562524557113647,1.7523769884064675e-06,1.1140891313552856,0.6766684651374817,0.6766684651374817,0.0,29.04895782470703,31.0,10907.9267578125,-0.0,248.0959625244141,1.0,283.1499938964844,284.65087890625,289.7538452148437,290.547607421875,293.1499938964844,293.1499938964844,283.1499938964844,19513.02734375,18000.0,313.1499938964844,0.0,18000.0,1.0,0.0,0.0,0.0,1.0,0.4607251286506653,1.0,0.0,0.0,1.729109764099121,1.7291172742843628,1.9949800389440497e-07,4.265924453735352,4.265914440155029,9.78592834144365e-06,0.0,0.0,-0.0,3481.80126953125,0.0,203.5232849121093,1895.4371337890625,0.0,399.9546203613281,0.4587090909481048,1.0,0.0,3.0,1.0,0.0
12296460,297.16571044921875,297.1499938964844,293.1499938964844,0.0,-0.0,285.1098022460937,0.9193747639656068,0.1917708367109298,0.1726419031620025,297.1283874511719,297.1499938964844,293.1499938964844,0.0,-0.0,285.1094665527344,0.8742641806602478,0.1658801138401031,0.1575503498315811,297.2017517089844,297.1499938964844,293.1499938964844,0.0,-0.0,285.1102600097656,0.993258774280548,0.2693482637405395,0.1684479266405105,297.1177673339844,297.1499938964844,293.1499938964844,0.0,-0.0,285.1088562011719,0.814772367477417,0.1329610794782638,0.1264609396457672,297.0547790527344,297.1499938964844,293.1499938964844,0.0,-0.0,285.1087951660156,0.8100810647010803,0.1303851753473281,0.5892800092697144,285.1100769042969,285.9656677246094,292.5630187988281,286.7887268066406,292.56036376953125,297.1623229980469,285.11431884765625,1.0,0.2690460383892059,1.0,1.0,0.0,1.0,-1.4574682712554932,1.45746648311615,1.754988488755771e-06,1.1149823665618896,0.6658709645271301,0.6658709645271301,0.0,29.46904754638672,34.0,10945.0537109375,-0.0,249.6393280029297,1.0,283.1499938964844,284.70709228515625,289.7894287109375,290.5851135253906,293.1499938964844,293.1499938964844,283.1499938964844,19400.66796875,18000.0,313.1499938964844,0.0,18000.0,1.0,0.0,0.0,0.0,1.0,0.4608244299888611,1.0,0.0,0.0,1.6718066930770874,1.671813726425171,1.864942760221311e-07,4.265924453735352,4.265914440155029,9.78592834144365e-06,0.0,0.0,-0.0,3496.660400390625,0.0,187.9257354736328,1895.4371337890625,0.0,400.1940612792969,0.4467721283435821,1.0,0.0,3.0,1.0,0.0
12296520,297.16571044921875,297.1499938964844,293.1499938964844,0.0,-0.0,285.1098022460937,0.9193747639656068,0.1917708367109298,0.1726419031620025,297.1283874511719,297.1499938964844,293.1499938964844,0.0,-0.0,285.1094665527344,0.8742641806602478,0.1658801138401031,0.1575503498315811,297.2017517089844,297.1499938964844,293.1499938964844,0.0,-0.0,285.1102600097656,0.993258774280548,0.2693482637405395,0.1684479266405105,297.1177673339844,297.1499938964844,293.1499938964844,0.0,-0.0,285.1088562011719,0.814772367477417,0.1329610794782638,0.1264609396457672,297.0547790527344,297.1499938964844,293.1499938964844,0.0,-0.0,285.1087951660156,0.8100810647010803,0.1303851753473281,0.5892800092697144,285.1100769042969,285.9656677246094,292.5630187988281,286.7887268066406,292.56036376953125,297.1623229980469,285.11431884765625,1.0,0.2690460383892059,1.0,1.0,0.0,1.0,-1.4574682712554932,1.45746648311615,1.754988488755771e-06,1.1149823665618896,0.6658709645271301,0.6658709645271301,0.0,29.46904754638672,34.0,10945.0537109375,-0.0,249.6393280029297,1.0,283.1499938964844,284.70709228515625,289.7894287109375,290.5851135253906,293.1499938964844,293.1499938964844,283.1499938964844,19400.66796875,18000.0,313.1499938964844,0.0,18000.0,1.0,0.0,0.0,0.0,1.0,0.4608244299888611,1.0,0.0,0.0,1.6718066930770874,1.671813726425171,1.864942760221311e-07,4.265924453735352,4.265914440155029,9.78592834144365e-06,0.0,0.0,-0.0,3496.660400390625,0.0,187.9257354736328,1895.4371337890625,0.0,400.1940612792969,0.4467721283435821,1.0,0.0,3.0,1.0,0.0
12296580,297.1758117675781,297.1499938964844,293.1499938964844,0.0,-0.0,285.1623840332031,0.9126632213592528,0.1929913461208343,0.1737143248319625,297.1337280273437,297.1499938964844,293.1499938964844,0.0,-0.0,285.1620178222656,0.8673214316368103,0.1661459058523178,0.1578137129545211,297.1932373046875,297.1499938964844,293.1499938964844,0.0,-0.0,285.16290283203125,0.9952794909477234,0.2691513299942016,0.1741766780614853,297.12335205078125,297.1499938964844,293.1499938964844,0.0,-0.0,285.1613464355469,0.8084006309509277,0.1331198811531067,0.1266253292560577,297.059814453125,297.1499938964844,293.1499938964844,0.0,-0.0,285.1612548828125,0.801764965057373,0.1296913027763366,0.5862743854522705,285.1626281738281,285.9517517089844,292.6321716308594,286.82373046875,292.6295471191406,297.16424560546875,285.16717529296875,1.0,0.2708560824394226,1.0,1.0,0.0,1.0,-1.4625365734100342,1.462534785270691,1.766163791216968e-06,1.1189512014389038,0.6559922099113464,0.6559922099113464,0.0,30.323665618896484,25.0,11005.521484375,-0.0,253.86993408203125,1.0,283.1499938964844,284.7663269042969,289.8266906738281,290.62603759765625,293.1499938964844,293.1499938964844,283.1499938964844,19278.884765625,18000.0,313.1499938964844,0.0,18000.0,1.0,0.0,0.0,0.0,1.0,0.4613761901855469,1.0,0.0,0.0,1.6191164255142212,1.6191233396530151,1.749240681192532e-07,4.265924453735352,4.265914440155029,9.78592834144365e-06,0.0,0.0,-0.0,3519.63916015625,0.0,174.30197143554688,1895.4371337890625,0.0,401.5270080566406,0.4358437061309814,1.0,0.0,3.0,1.0,0.0
12296640,297.1758117675781,297.1499938964844,293.1499938964844,0.0,-0.0,285.1623840332031,0.9126632213592528,0.1929913461208343,0.1737143248319625,297.1337280273437,297.1499938964844,293.1499938964844,0.0,-0.0,285.1620178222656,0.8673214316368103,0.1661459058523178,0.1578137129545211,297.1932373046875,297.1499938964844,293.1499938964844,0.0,-0.0,285.16290283203125,0.9952794909477234,0.2691513299942016,0.1741766780614853,297.12335205078125,297.1499938964844,293.1499938964844,0.0,-0.0,285.1613464355469,0.8084006309509277,0.1331198811531067,0.1266253292560577,297.059814453125,297.1499938964844,293.1499938964844,0.0,-0.0,285.1612548828125,0.801764965057373,0.1296913027763366,0.5862743854522705,285.1626281738281,285.9517517089844,292.6321716308594,286.82373046875,292.6295471191406,297.16424560546875,285.16717529296875,1.0,0.2708560824394226,1.0,1.0,0.0,1.0,-1.4625365734100342,1.462534785270691,1.766163791216968e-06,1.1189512014389038,0.6559922099113464,0.6559922099113464,0.0,30.323665618896484,25.0,11005.521484375,-0.0,253.86993408203125,1.0,283.1499938964844,284.7663269042969,289.8266906738281,290.62603759765625,293.1499938964844,293.1499938964844,283.1499938964844,19278.884765625,18000.0,313.1499938964844,0.0,18000.0,1.0,0.0,0.0,0.0,1.0,0.4613761901855469,1.0,0.0,0.0,1.6191164255142212,1.6191233396530151,1.749240681192532e-07,4.265924453735352,4.265914440155029,9.78592834144365e-06,0.0,0.0,-0.0,3519.63916015625,0.0,174.30197143554688,1895.4371337890625,0.0,401.5270080566406,0.4358437061309814,1.0,0.0,3.0,1.0,0.0
12296700,297.1809997558594,297.1499938964844,293.1499938964844,0.0,-0.0,285.1878356933594,0.915075182914734,0.1936632543802261,0.1742978692054748,297.1363220214844,297.1499938964844,293.1499938964844,0.0,-0.0,285.1875,0.868621826171875,0.1662981659173965,0.1579487174749374,297.1881408691406,297.1499938964844,293.1499938964844,0.0,-0.0,285.1882629394531,0.9950157999992372,0.2689226567745209,0.1733625084161758,297.12603759765625,297.1499938964844,293.1499938964844,0.0,-0.0,285.1869201660156,0.8095480799674988,0.1332158893346786,0.1267079710960388,297.0621337890625,297.1499938964844,293.1499938964844,0.0,-0.0,285.1868591308594,0.8020280599594116,0.1293477565050125,0.5847138166427612,285.18804931640625,285.9291687011719,292.6664123535156,286.8409118652344,292.6637878417969,297.164794921875,285.1917724609375,1.0,0.2701438367366791,1.0,1.0,0.0,1.0,-1.4606549739837646,1.4606531858444214,1.7620404832996428e-06,1.1175079345703125,0.6515344381332397,0.6515344381332397,0.0,30.179533004760746,25.0,11014.2548828125,-0.0,252.72537231445312,1.0,283.1499938964844,284.7943420410156,289.8456115722656,290.64703369140625,293.1499938964844,293.1499938964844,283.1499938964844,19230.638671875,18000.0,313.1499938964844,0.0,18000.0,1.0,0.0,0.0,0.0,1.0,0.4619371294975281,1.0,0.0,0.0,1.5941566228866575,1.594163417816162,1.695724876071836e-07,4.265924453735352,4.265914440155029,9.78592834144365e-06,0.0,0.0,-0.0,3527.73046875,0.0,168.13436889648438,1895.4371337890625,0.0,402.8865966796875,0.4307188093662262,1.0,0.0,3.0,1.0,0.0
12296760,297.1860656738281,297.1499938964844,293.1499938964844,0.0,-0.0,285.2080383300781,0.922183394432068,0.1943574994802475,0.1748919785022735,297.13885498046875,297.1499938964844,293.1499938964844,0.0,-0.0,285.207763671875,0.8737521171569824,0.1664592176675796,0.1580770313739776,297.18975830078125,297.1499938964844,293.1499938964844,0.0,-0.0,285.2083435058594,0.99369478225708,0.2693204581737518,0.1695959270000457,297.128662109375,297.1499938964844,293.1499938964844,0.0,-0.0,285.2073059082031,0.8141127824783325,0.1333204209804535,0.1267829537391662,297.0643920898437,297.1499938964844,293.1499938964844,0.0,-0.0,285.2072448730469,0.8058570623397827,0.1290116608142852,0.5830931663513184,285.20819091796875,285.93572998046875,292.7004089355469,286.8578491210937,292.69781494140625,297.1675720214844,285.211181640625,1.0,0.2685407996177673,1.0,1.0,0.0,1.0,-1.455147624015808,1.4551459550857544,1.7498384750069818e-06,1.1131173372268677,0.646920382976532,0.646920382976532,0.0,29.57689666748047,28.0,11000.1533203125,-0.0,248.9463653564453,1.0,283.1499938964844,284.81744384765625,289.8634033203125,290.6659545898437,293.1499938964844,293.1499938964844,283.1499938964844,19158.412109375,18000.0,313.1499938964844,0.0,18000.0,1.0,0.0,0.0,0.0,1.0,0.4625459611415863,1.0,0.0,0.0,1.571128249168396,1.5711349248886108,1.6470876573748688e-07,4.265924453735352,4.265914440155029,9.78592834144365e-06,0.0,0.0,-0.0,3527.787841796875,0.0,162.49659729003906,1895.4371337890625,0.0,404.3675231933594,0.4259443581104278,1.0,0.0,3.0,1.0,0.0
12296820,297.1959228515625,297.1499938964844,293.1499938964844,0.0,-0.0,285.2481384277344,0.9276617765426636,0.1958139389753341,0.1761675626039505,297.1438293457031,297.1499938964844,293.1499938964844,0.0,-0.0,285.247802734375,0.8767051100730896,0.1668226867914199,0.1583974212408065,297.2024230957031,297.1499938964844,293.1499938964844,0.0,-0.0,285.2484741210937,0.9930041432380676,0.2711095511913299,0.167796179652214,297.1337890625,297.1499938964844,293.1499938964844,0.0,-0.0,285.2472839355469,0.8166183233261108,0.133571520447731,0.1269973069429397,297.0690612792969,297.1499938964844,293.1499938964844,0.0,-0.0,285.2471923828125,0.8066786527633667,0.1284012347459793,0.5802160501480103,285.248291015625,285.9176025390625,292.7677001953125,286.8910522460937,292.76513671875,297.1768493652344,285.2519836425781,1.0,0.2679551243782043,1.0,1.0,0.0,1.0,-1.4516998529434204,1.4516980648040771,1.7420716176275164e-06,1.1102150678634644,0.6385579705238342,0.6385579705238342,0.0,29.2778549194336,31.0,11005.9658203125,-0.0,246.7886199951172,1.0,283.1499938964844,284.864990234375,289.8942565917969,290.6976928710937,293.1499938964844,293.1499938964844,283.1499938964844,19046.8515625,18000.0,313.1499938964844,0.0,18000.0,1.0,0.0,0.0,0.0,1.0,0.4632339477539062,1.0,0.0,0.0,1.5273141860961914,1.5273207426071167,1.5565038324893976e-07,4.265924453735352,4.265914440155029,9.78592834144365e-06,0.0,0.0,-0.0,3530.8232421875,0.0,152.2270050048828,1895.4371337890625,0.0,406.0474243164063,0.416974276304245,1.0,0.0,3.0,1.0,0.0
12296880,297.1959228515625,297.1499938964844,293.1499938964844,0.0,-0.0,285.2481384277344,0.9276617765426636,0.1958139389753341,0.1761675626039505,297.1438293457031,297.1499938964844,293.1499938964844,0.0,-0.0,285.247802734375,0.8767051100730896,0.1668226867914199,0.1583974212408065,297.2024230957031,297.1499938964844,293.1499938964844,0.0,-0.0,285.2484741210937,0.9930041432380676,0.2711095511913299,0.167796179652214,297.1337890625,297.1499938964844,293.1499938964844,0.0,-0.0,285.2472839355469,0.8166183233261108,0.133571520447731,0.1269973069429397,297.0690612792969,297.1499938964844,293.1499938964844,0.0,-0.0,285.2471923828125,0.8066786527633667,0.1284012347459793,0.5802160501480103,285.248291015625,285.9176025390625,292.7677001953125,286.8910522460937,292.76513671875,297.1768493652344,285.2519836425781,1.0,0.2679551243782043,1.0,1.0,0.0,1.0,-1.4516998529434204,1.4516980648040771,1.7420716176275164e-06,1.1102150678634644,0.6385579705238342,0.6385579705238342,0.0,29.2778549194336,31.0,11005.9658203125,-0.0,246.7886199951172,1.0,283.1499938964844,284.864990234375,289.8942565917969,290.6976928710937,293.1499938964844,293.1499938964844,283.1499938964844,19046.8515625,18000.0,313.1499938964844,0.0,18000.0,1.0,0.0,0.0,0.0,1.0,0.4632339477539062,1.0,0.0,0.0,1.5273141860961914,1.5273207426071167,1.5565038324893976e-07,4.265924453735352,4.265914440155029,9.78592834144365e-06,0.0,0.0,-0.0,3530.8232421875,0.0,152.2270050048828,1895.4371337890625,0.0,406.0474243164063,0.416974276304245,1.0,0.0,3.0,1.0,0.0
12296940,297.20556640625,297.1499938964844,293.1499938964844,0.0,-0.0,285.2939758300781,0.927243947982788,0.1973719745874405,0.1775507032871246,297.1487731933594,297.1499938964844,293.1499938964844,0.0,-0.0,285.2936096191406,0.8747826218605042,0.1672456115484237,0.1587926596403122,297.20867919921875,297.1499938964844,293.1499938964844,0.0,-0.0,285.2943420410156,0.9937811493873596,0.2724159359931946,0.1698284298181533,297.13885498046875,297.1499938964844,293.1499938964844,0.0,-0.0,285.29302978515625,0.8148739337921143,0.1338786333799362,0.1272843480110168,297.07379150390625,297.1499938964844,293.1499938964844,0.0,-0.0,285.2929077148437,0.8030446767807007,0.1278561949729919,0.5777562856674194,285.29412841796875,285.89752197265625,292.8340148925781,286.92333984375,292.8314819335937,297.1841125488281,285.2981262207031,1.0,0.2686702907085418,1.0,1.0,0.0,1.0,-1.4536638259887695,1.4536620378494265,1.7463016774854625e-06,1.111680030822754,0.6311255097389221,0.6311255097389221,0.0,29.57519721984864,34.0,11048.6142578125,-0.0,248.33175659179688,1.0,283.1499938964844,284.9166564941406,289.9251403808594,290.73077392578125,293.1499938964844,293.1499938964844,283.1499938964844,18931.08203125,18000.0,313.1499938964844,0.0,18000.0,1.0,0.0,0.0,0.0,1.0,0.4635399281978607,1.0,0.0,0.0,1.4881197214126587,1.488125920295715,1.4776416890072144e-07,4.265924453735352,4.265914440155029,9.78592834144365e-06,0.0,0.0,-0.0,3547.47216796875,0.0,143.39630126953125,1895.4371337890625,0.0,406.7968444824219,0.408970445394516,1.0,0.0,3.0,1.0,0.0
12297000,297.20556640625,297.1499938964844,293.1499938964844,0.0,-0.0,285.2939758300781,0.927243947982788,0.1973719745874405,0.1775507032871246,297.1487731933594,297.1499938964844,293.1499938964844,0.0,-0.0,285.2936096191406,0.8747826218605042,0.1672456115484237,0.1587926596403122,297.20867919921875,297.1499938964844,293.1499938964844,0.0,-0.0,285.2943420410156,0.9937811493873596,0.2724159359931946,0.1698284298181533,297.13885498046875,297.1499938964844,293.1499938964844,0.0,-0.0,285.29302978515625,0.8148739337921143,0.1338786333799362,0.1272843480110168,297.07379150390625,297.1499938964844,293.1499938964844,0.0,-0.0,285.2929077148437,0.8030446767807007,0.1278561949729919,0.5777562856674194,285.29412841796875,285.89752197265625,292.8340148925781,286.92333984375,292.8314819335937,297.1841125488281,285.2981262207031,1.0,0.2686702907085418,1.0,1.0,0.0,1.0,-1.4536638259887695,1.4536620378494265,1.7463016774854625e-06,1.111680030822754,0.6311255097389221,0.6311255097389221,0.0,29.57519721984864,34.0,11048.6142578125,-0.0,248.33175659179688,1.0,283.1499938964844,284.9166564941406,289.9251403808594,290.73077392578125,293.1499938964844,293.1499938964844,283.1499938964844,18931.08203125,18000.0,313.1499938964844,0.0,18000.0,1.0,0.0,0.0,0.0,1.0,0.4635399281978607,1.0,0.0,0.0,1.4881197214126587,1.488125920295715,1.4776416890072144e-07,4.265924453735352,4.265914440155029,9.78592834144365e-06,0.0,0.0,-0.0,3547.47216796875,0.0,143.39630126953125,1895.4371337890625,0.0,406.7968444824219,0.408970445394516,1.0,0.0,3.0,1.0,0.0
12297060,297.2149658203125,297.1499938964844,293.1499938964844,0.0,-0.0,285.34246826171875,0.922516107559204,0.1990287154912948,0.179038405418396,297.1536865234375,297.1499938964844,293.1499938964844,0.0,-0.0,285.34210205078125,0.8693387508392334,0.167727842926979,0.1592598110437393,297.204345703125,297.1499938964844,293.1499938964844,0.0,-0.0,285.3428649902344,0.99543434381485,0.2727337181568146,0.1746662855148315,297.1438293457031,297.1499938964844,293.1499938964844,0.0,-0.0,285.34149169921875,0.8099526762962341,0.134240061044693,0.1276388615369796,297.0782775878906,297.1499938964844,293.1499938964844,0.0,-0.0,285.3413391113281,0.796113133430481,0.1273462176322937,0.5755599141120911,285.3426513671875,285.87548828125,292.8993225097656,286.9546813964844,292.8968505859375,297.1877746582031,285.3467712402344,1.0,0.2704773247241974,1.0,1.0,0.0,1.0,-1.45960533618927,1.4596036672592163,1.7593488337297458e-06,1.1163170337677002,0.624656617641449,0.624656617641449,0.0,30.331836700439453,25.0,11117.626953125,-0.0,252.6681671142578,1.0,283.1499938964844,284.9696960449219,289.9585266113281,290.76824951171875,293.1499938964844,293.1499938964844,283.1499938964844,18813.6328125,18000.0,313.1499938964844,0.0,18000.0,1.0,0.0,0.0,0.0,1.0,0.4642543792724609,1.0,0.0,0.0,1.4537053108215332,1.4537115097045898,1.410087833164653e-07,4.265924453735352,4.265914440155029,9.78592834144365e-06,0.0,0.0,-0.0,3573.42578125,0.0,135.9050750732422,1895.4371337890625,0.0,408.5519409179688,0.4019490778446197,1.0,0.0,3.0,1.0,0.0
12297120,297.2149658203125,297.1499938964844,293.1499938964844,0.0,-0.0,285.34246826171875,0.922516107559204,0.1990287154912948,0.179038405418396,297.1536865234375,297.1499938964844,293.1499938964844,0.0,-0.0,285.34210205078125,0.8693387508392334,0.167727842926979,0.1592598110437393,297.204345703125,297.1499938964844,293.1499938964844,0.0,-0.0,285.3428649902344,0.99543434381485,0.2727337181568146,0.1746662855148315,297.1438293457031,297.1499938964844,293.1499938964844,0.0,-0.0,285.34149169921875,0.8099526762962341,0.134240061044693,0.1276388615369796,297.0782775878906,297.1499938964844,293.1499938964844,0.0,-0.0,285.3413391113281,0.796113133430481,0.1273462176322937,0.5755599141120911,285.3426513671875,285.87548828125,292.8993225097656,286.9546813964844,292.8968505859375,297.1877746582031,285.3467712402344,1.0,0.2704773247241974,1.0,1.0,0.0,1.0,-1.45960533618927,1.4596036672592163,1.7593488337297458e-06,1.1163170337677002,0.624656617641449,0.624656617641449,0.0,30.331836700439453,25.0,11117.626953125,-0.0,252.6681671142578,1.0,283.1499938964844,284.9696960449219,289.9585266113281,290.76824951171875,293.1499938964844,293.1499938964844,283.1499938964844,18813.6328125,18000.0,313.1499938964844,0.0,18000.0,1.0,0.0,0.0,0.0,1.0,0.4642543792724609,1.0,0.0,0.0,1.4537053108215332,1.4537115097045898,1.410087833164653e-07,4.265924453735352,4.265914440155029,9.78592834144365e-06,0.0,0.0,-0.0,3573.42578125,0.0,135.9050750732422,1895.4371337890625,0.0,408.5519409179688,0.4019490778446197,1.0,0.0,3.0,1.0,0.0
12297180,297.2237854003906,297.1499938964844,293.1499938964844,0.0,-0.0,285.3819580078125,0.9339489340782166,0.2007483094930648,0.1805436015129089,297.1582946777344,297.1499938964844,293.1499938964844,0.0,-0.0,285.3817138671875,0.8770310282707214,0.1682415306568145,0.1597128510475158,297.20440673828125,297.1499938964844,293.1499938964844,0.0,-0.0,285.3821716308594,0.993629276752472,0.2733989357948303,0.1694207936525344,297.1484375,297.1499938964844,293.1499938964844,0.0,-0.0,285.38134765625,0.8167466521263123,0.1346295624971389,0.1279751062393188,297.0822448730469,297.1499938964844,293.1499938964844,0.0,-0.0,285.3812561035156,0.8013418912887573,0.126839593052864,0.5731527209281921,285.3820495605469,285.8516540527344,292.963623046875,286.9850158691406,292.9611511230469,297.19207763671875,285.3843994140625,1.0,0.26819908618927,1.0,1.0,0.0,1.0,-1.4531835317611694,1.4531817436218262,1.745162421684654e-06,1.1112194061279297,0.6190023422241211,0.6190023422241211,0.0,29.511381149291992,28.0,11124.43359375,-0.0,247.97467041015625,1.0,283.1499938964844,285.0123291015625,289.9920349121094,290.8058776855469,293.1499938964844,293.1499938964844,283.1499938964844,18704.232421875,18000.0,313.1499938964844,0.0,18000.0,1.0,0.0,0.0,0.0,1.0,0.4657036960124969,1.0,0.0,0.0,1.4238494634628296,1.4238554239273071,1.3527625242204524e-07,4.265924453735352,4.265914440155029,9.78592834144365e-06,0.0,0.0,-0.0,3586.2548828125,0.0,129.6153564453125,1895.4371337890625,0.0,412.1356506347656,0.3958720266819,1.0,0.0,3.0,1.0,0.0
12297240,297.2237854003906,297.1499938964844,293.1499938964844,0.0,-0.0,285.3819580078125,0.9339489340782166,0.2007483094930648,0.1805436015129089,297.1582946777344,297.1499938964844,293.1499938964844,0.0,-0.0,285.3817138671875,0.8770310282707214,0.1682415306568145,0.1597128510475158,297.20440673828125,297.1499938964844,293.1499938964844,0.0,-0.0,285.3821716308594,0.993629276752472,0.2733989357948303,0.1694207936525344,297.1484375,297.1499938964844,293.1499938964844,0.0,-0.0,285.38134765625,0.8167466521263123,0.1346295624971389,0.1279751062393188,297.0822448730469,297.1499938964844,293.1499938964844,0.0,-0.0,285.3812561035156,0.8013418912887573,0.126839593052864,0.5731527209281921,285.3820495605469,285.8516540527344,292.963623046875,286.9850158691406,292.9611511230469,297.19207763671875,285.3843994140625,1.0,0.26819908618927,1.0,1.0,0.0,1.0,-1.4531835317611694,1.4531817436218262,1.745162421684654e-06,1.1112194061279297,0.6190023422241211,0.6190023422241211,0.0,29.511381149291992,28.0,11124.43359375,-0.0,247.97467041015625,1.0,283.1499938964844,285.0123291015625,289.9920349121094,290.8058776855469,293.1499938964844,293.1499938964844,283.1499938964844,18704.232421875,18000.0,313.1499938964844,0.0,18000.0,1.0,0.0,0.0,0.0,1.0,0.4657036960124969,1.0,0.0,0.0,1.4238494634628296,1.4238554239273071,1.3527625242204524e-07,4.265924453735352,4.265914440155029,9.78592834144365e-06,0.0,0.0,-0.0,3586.2548828125,0.0,129.6153564453125,1895.4371337890625,0.0,412.1356506347656,0.3958720266819,1.0,0.0,3.0,1.0,0.0
12297300,297.2279663085937,297.1499938964844,293.1499938964844,0.0,-0.0,285.3966979980469,0.9384531378746032,0.2016253471374511,0.1813146471977234,297.1604919433594,297.1499938964844,293.1499938964844,0.0,-0.0,285.3964538574219,0.8799244165420532,0.1685095280408859,0.1599518358707428,297.21240234375,297.1499938964844,293.1499938964844,0.0,-0.0,285.3969421386719,0.9929119944572448,0.2745297253131866,0.1675633639097213,297.150634765625,297.1499938964844,293.1499938964844,0.0,-0.0,285.39605712890625,0.8192276358604431,0.1348363906145095,0.1281560361385345,297.084228515625,297.1499938964844,293.1499938964844,0.0,-0.0,285.3959350585937,0.8030486702919006,0.1266049146652221,0.5720137357711792,285.3968200683594,285.8275146484375,292.995361328125,286.9998474121094,292.992919921875,297.19677734375,285.399658203125,1.0,0.2677604556083679,1.0,1.0,0.0,1.0,-1.4510104656219482,1.451008677482605,1.7402494449925143e-06,1.1093666553497314,0.6165180802345276,0.6165180802345276,0.0,29.228910446166992,28.0,11126.1513671875,-0.0,246.384765625,1.0,283.1499938964844,285.02996826171875,290.0064392089844,290.8210144042969,293.1499938964844,293.1499938964844,283.1499938964844,18667.736328125,18000.0,313.1499938964844,0.0,18000.0,1.0,0.0,0.0,0.0,1.0,0.466355413198471,1.0,0.0,0.0,1.4099409580230713,1.4099469184875488,1.326463348050311e-07,4.265924453735352,4.265914440155029,9.78592834144365e-06,0.0,0.0,-0.0,3586.538330078125,0.0,126.79947662353516,1895.4371337890625,0.0,413.7573547363281,0.393092930316925,1.0,0.0,3.0,1.0,0.0
12297360,297.2320556640625,297.1499938964844,293.1499938964844,0.0,-0.0,285.4140014648437,0.9407914280891418,0.2025201916694641,0.1821062713861465,297.1626281738281,297.1499938964844,293.1499938964844,0.0,-0.0,285.4137268066406,0.8810447454452515,0.1687875390052795,0.1602071821689605,297.2197265625,297.1499938964844,293.1499938964844,0.0,-0.0,285.4142150878906,0.9927175641059875,0.2756459414958954,0.1670776009559631,297.1528015136719,297.1499938964844,293.1499938964844,0.0,-0.0,285.41326904296875,0.8201749920845032,0.1350530087947845,0.1283536851406097,297.08624267578125,297.1499938964844,293.1499938964844,0.0,-0.0,285.41314697265625,0.8031432628631592,0.1263863891363144,0.5709862112998962,285.4140930175781,285.8260803222656,293.0268249511719,287.014404296875,293.0244140625,297.2013854980469,285.4170837402344,1.0,0.2676742970943451,1.0,1.0,0.0,1.0,-1.4506865739822388,1.450684905052185,1.7394648921253977e-06,1.1090381145477295,0.6140357851982117,0.6140357851982117,0.0,29.159263610839844,31.0,11143.5498046875,-0.0,246.08026123046875,1.0,283.1499938964844,285.0491943359375,290.0198974609375,290.8356628417969,293.1499938964844,293.1499938964844,283.1499938964844,18608.81640625,18000.0,313.1499938964844,0.0,18000.0,1.0,0.0,0.0,0.0,1.0,0.4668481647968292,1.0,0.0,0.0,1.3977900743484497,1.3977960348129272,1.3036991219905758e-07,4.265924453735352,4.265914440155029,9.78592834144365e-06,0.0,0.0,-0.0,3593.572021484375,0.0,124.29851531982422,1895.4371337890625,0.0,414.9878234863281,0.3905986845493316,1.0,0.0,3.0,1.0,0.0
12297420,297.2400817871094,297.1499938964844,293.1499938964844,0.0,-0.0,285.451171875,0.9414745569229126,0.204372763633728,0.1837553232908249,297.1668701171875,297.1499938964844,293.1499938964844,0.0,-0.0,285.45086669921875,0.879948616027832,0.1693775355815887,0.1607615649700164,297.2281188964844,297.1499938964844,293.1499938964844,0.0,-0.0,285.451416015625,0.9933516979217528,0.2773890793323517,0.1686891764402389,297.15704345703125,297.1499938964844,293.1499938964844,0.0,-0.0,285.4504089355469,0.8192200064659119,0.1355172544717788,0.1287905871868133,297.0902404785156,297.1499938964844,293.1499938964844,0.0,-0.0,285.45025634765625,0.8003148436546326,0.1259832680225372,0.5691694021224976,285.4512634277344,285.798828125,293.0889892578125,287.0427551269531,293.08660888671875,297.2085876464844,285.4544677734375,1.0,0.2684675455093384,1.0,1.0,0.0,1.0,-1.4536075592041016,1.4536057710647583,1.7457613239457714e-06,1.1112258434295654,0.6099713444709778,0.6099713444709778,0.0,29.41606330871582,34.0,11201.0986328125,-0.0,247.9149932861328,1.0,283.1499938964844,285.0892639160156,290.0473937988281,290.8666076660156,293.1499938964844,293.1499938964844,283.1499938964844,18511.857421875,18000.0,313.1499938964844,0.0,18000.0,1.0,0.0,0.0,0.0,1.0,0.4677268862724304,1.0,0.0,0.0,1.3758538961410522,1.3758597373962402,1.263100983805998e-07,4.265924453735352,4.265914440155029,9.78592834144365e-06,0.0,0.0,-0.0,3615.10888671875,0.0,119.89874267578124,1895.4371337890625,0.0,417.1910400390625,0.3861343264579773,1.0,0.0,3.0,1.0,0.0
12297480,297.2400817871094,297.1499938964844,293.1499938964844,0.0,-0.0,285.451171875,0.9414745569229126,0.204372763633728,0.1837553232908249,297.1668701171875,297.1499938964844,293.1499938964844,0.0,-0.0,285.45086669921875,0.879948616027832,0.1693775355815887,0.1607615649700164,297.2281188964844,297.1499938964844,293.1499938964844,0.0,-0.0,285.451416015625,0.9933516979217528,0.2773890793323517,0.1686891764402389,297.15704345703125,297.1499938964844,293.1499938964844,0.0,-0.0,285.4504089355469,0.8192200064659119,0.1355172544717788,0.1287905871868133,297.0902404785156,297.1499938964844,293.1499938964844,0.0,-0.0,285.45025634765625,0.8003148436546326,0.1259832680225372,0.5691694021224976,285.4512634277344,285.798828125,293.0889892578125,287.0427551269531,293.08660888671875,297.2085876464844,285.4544677734375,1.0,0.2684675455093384,1.0,1.0,0.0,1.0,-1.4536075592041016,1.4536057710647583,1.7457613239457714e-06,1.1112258434295654,0.6099713444709778,0.6099713444709778,0.0,29.41606330871582,34.0,11201.0986328125,-0.0,247.9149932861328,1.0,283.1499938964844,285.0892639160156,290.0473937988281,290.8666076660156,293.1499938964844,293.1499938964844,283.1499938964844,18511.857421875,18000.0,313.1499938964844,0.0,18000.0,1.0,0.0,0.0,0.0,1.0,0.4677268862724304,1.0,0.0,0.0,1.3758538961410522,1.3758597373962402,1.263100983805998e-07,4.265924453735352,4.265914440155029,9.78592834144365e-06,0.0,0.0,-0.0,3615.10888671875,0.0,119.89874267578124,1895.4371337890625,0.0,417.1910400390625,0.3861343264579773,1.0,0.0,3.0,1.0,0.0
12297540,297.2478942871094,297.1499938964844,293.1499938964844,0.0,-0.0,285.4901733398437,0.9376189708709716,0.2063063234090805,0.1854932457208633,297.1710510253906,297.1499938964844,293.1499938964844,0.0,-0.0,285.4898681640625,0.8750892281532288,0.1700128316879272,0.1613747179508209,297.22540283203125,297.1499938964844,293.1499938964844,0.0,-0.0,285.4904479980469,0.9949730634689332,0.2781145870685577,0.1732329726219177,297.1611328125,297.1499938964844,293.1499938964844,0.0,-0.0,285.4893798828125,0.8149981498718262,0.1360217183828354,0.1292818039655685,297.09393310546875,297.1499938964844,293.1499938964844,0.0,-0.0,285.4891967773437,0.7940300703048706,0.1256001889705658,0.5675506591796875,285.4902648925781,285.7699890136719,293.1499938964844,287.070068359375,293.1476745605469,297.2121276855469,285.4935607910156,1.0,0.270367830991745,1.0,1.0,0.0,1.0,-1.460529327392578,1.4605275392532349,1.7609359019843396e-06,1.1166002750396729,0.6068270802497864,0.6068270802497864,0.0,30.141414642333984,37.0,11286.609375,-0.0,252.57969665527344,1.0,283.1499938964844,285.12969970703125,290.0770874023437,290.9017333984375,293.1499938964844,293.1499938964844,283.1499938964844,18415.169921875,18000.0,313.1499938964844,0.0,18000.0,1.0,0.0,0.0,0.0,1.0,0.4690779447555542,1.0,0.0,0.0,1.3580825328826904,1.3580882549285889,1.2306817609442078e-07,4.265924453735352,4.265914440155029,9.78592834144365e-06,0.0,0.0,-0.0,3646.44384765625,0.0,116.3659896850586,1895.4371337890625,0.0,420.60162353515625,0.38248011469841,1.0,0.0,3.0,1.0,0.0
12297600,297.2478942871094,297.1499938964844,293.1499938964844,0.0,-0.0,285.4901733398437,0.9376189708709716,0.2063063234090805,0.1854932457208633,297.1710510253906,297.1499938964844,293.1499938964844,0.0,-0.0,285.4898681640625,0.8750892281532288,0.1700128316879272,0.1613747179508209,297.22540283203125,297.1499938964844,293.1499938964844,0.0,-0.0,285.4904479980469,0.9949730634689332,0.2781145870685577,0.1732329726219177,297.1611328125,297.1499938964844,293.1499938964844,0.0,-0.0,285.4893798828125,0.8149981498718262,0.1360217183828354,0.1292818039655685,297.09393310546875,297.1499938964844,293.1499938964844,0.0,-0.0,285.4891967773437,0.7940300703048706,0.1256001889705658,0.5675506591796875,285.4902648925781,285.7699890136719,293.1499938964844,287.070068359375,293.1476745605469,297.2121276855469,285.4935607910156,1.0,0.270367830991745,1.0,1.0,0.0,1.0,-1.460529327392578,1.4605275392532349,1.7609359019843396e-06,1.1166002750396729,0.6068270802497864,0.6068270802497864,0.0,30.141414642333984,37.0,11286.609375,-0.0,252.57969665527344,1.0,283.1499938964844,285.12969970703125,290.0770874023437,290.9017333984375,293.1499938964844,293.1499938964844,283.1499938964844,18415.169921875,18000.0,313.1499938964844,0.0,18000.0,1.0,0.0,0.0,0.0,1.0,0.4690779447555542,1.0,0.0,0.0,1.3580825328826904,1.3580882549285889,1.2306817609442078e-07,4.265924453735352,4.265914440155029,9.78592834144365e-06,0.0,0.0,-0.0,3646.44384765625,0.0,116.3659896850586,1895.4371337890625,0.0,420.60162353515625,0.38248011469841,1.0,0.0,3.0,1.0,0.0
12297660,297.2586975097656,297.1499938964844,293.1499938964844,0.0,-0.0,285.5301818847656,0.9315189719200134,0.2086364775896072,0.187483862042427,297.1784973144531,297.1499938964844,293.1499938964844,0.0,-0.0,285.52984619140625,0.8685644865036011,0.1710309237241745,0.1622324436903,297.21551513671875,297.1499938964844,293.1499938964844,0.0,-0.0,285.5304870605469,0.9967864751815796,0.2780718505382538,0.179386481642723,297.16851806640625,297.1499938964844,293.1499938964844,0.0,-0.0,285.52935791015625,0.8092264533042908,0.1369060277938842,0.1300137490034103,297.10064697265625,297.1499938964844,293.1499938964844,0.0,-0.0,285.5291442871094,0.7862716913223267,0.1255645006895065,0.5669316649436951,285.5302734375,285.7394714355469,293.21014404296875,287.0965576171875,293.2078857421875,297.2154846191406,285.5337219238281,1.0,0.2732047140598297,1.0,1.0,0.0,1.0,-1.4714690446853638,1.4714672565460205,1.7851629081633291e-06,1.1251612901687622,0.6046342849731445,0.6046342849731445,0.0,31.20255470275879,25.0,11400.08203125,-0.0,259.8224792480469,1.0,283.1499938964844,285.1697692871094,290.10809326171875,290.9405212402344,293.1499938964844,293.1499938964844,283.1499938964844,18318.998046875,18000.0,313.1499938964844,0.0,18000.0,1.0,0.0,0.0,0.0,1.0,0.4713663160800934,1.0,0.0,0.0,1.344512701034546,1.3445184230804443,1.2062109533417242e-07,4.265924453735352,4.265914440155029,9.78592834144365e-06,0.0,0.0,-0.0,3686.527587890625,0.0,113.65670013427734,1895.4371337890625,0.0,426.4425964355469,0.3796336948871612,1.0,0.0,3.0,1.0,0.0
12297720,297.2586975097656,297.1499938964844,293.1499938964844,0.0,-0.0,285.5301818847656,0.9315189719200134,0.2086364775896072,0.187483862042427,297.1784973144531,297.1499938964844,293.1499938964844,0.0,-0.0,285.52984619140625,0.8685644865036011,0.1710309237241745,0.1622324436903,297.21551513671875,297.1499938964844,293.1499938964844,0.0,-0.0,285.5304870605469,0.9967864751815796,0.2780718505382538,0.179386481642723,297.16851806640625,297.1499938964844,293.1499938964844,0.0,-0.0,285.52935791015625,0.8092264533042908,0.1369060277938842,0.1300137490034103,297.10064697265625,297.1499938964844,293.1499938964844,0.0,-0.0,285.5291442871094,0.7862716913223267,0.1255645006895065,0.5669316649436951,285.5302734375,285.7394714355469,293.21014404296875,287.0965576171875,293.2078857421875,297.2154846191406,285.5337219238281,1.0,0.2732047140598297,1.0,1.0,0.0,1.0,-1.4714690446853638,1.4714672565460205,1.7851629081633291e-06,1.1251612901687622,0.6046342849731445,0.6046342849731445,0.0,31.20255470275879,25.0,11400.08203125,-0.0,259.8224792480469,1.0,283.1499938964844,285.1697692871094,290.10809326171875,290.9405212402344,293.1499938964844,293.1499938964844,283.1499938964844,18318.998046875,18000.0,313.1499938964844,0.0,18000.0,1.0,0.0,0.0,0.0,1.0,0.4713663160800934,1.0,0.0,0.0,1.344512701034546,1.3445184230804443,1.2062109533417242e-07,4.265924453735352,4.265914440155029,9.78592834144365e-06,0.0,0.0,-0.0,3686.527587890625,0.0,113.65670013427734,1895.4371337890625,0.0,426.4425964355469,0.3796336948871612,1.0,0.0,3.0,1.0,0.0
12297780,297.2727355957031,297.1499938964844,293.1499938964844,0.0,-0.0,285.5589294433594,0.9501250386238098,0.2114329040050506,0.1898606866598129,297.1900634765625,297.1499938964844,293.1499938964844,0.0,-0.0,285.55877685546875,0.8825756311416626,0.1725589781999588,0.1635250300168991,297.2227478027344,297.1499938964844,293.1499938964844,0.0,-0.0,285.5590209960937,0.9940508604049684,0.2795897126197815,0.1705652624368667,297.1800537109375,297.1499938964844,293.1499938964844,0.0,-0.0,285.5585632324219,0.8218215703964233,0.1383072733879089,0.1311847567558288,297.1115417480469,297.1499938964844,293.1499938964844,0.0,-0.0,285.5584716796875,0.7976346015930176,0.1260416805744171,0.568324089050293,285.5589599609375,285.7070617675781,293.2696838378906,287.1224365234375,293.2674560546875,297.2261657714844,285.5601501464844,1.0,0.2706959247589111,1.0,1.0,0.0,1.0,-1.468374252319336,1.468372464179993,1.7782393797460827e-06,1.1226928234100342,0.6032174825668335,0.6032174825668335,0.0,29.920663833618164,43.0,11445.83203125,-0.0,255.30810546875,1.0,283.1499938964844,285.19708251953125,290.13787841796875,290.9779968261719,293.1499938964844,293.1499938964844,283.1499938964844,18230.900390625,18000.0,313.1499938964844,0.0,18000.0,1.0,0.0,0.0,0.0,1.0,0.4745299220085144,1.0,0.0,0.0,1.3348692655563354,1.3348748683929443,1.1889700601841469e-07,4.265924453735352,4.265914440155029,9.78592834144365e-06,0.0,0.0,-0.0,3709.444091796875,0.0,111.70403289794922,1895.4371337890625,0.0,434.6528625488281,0.3775530159473419,1.0,0.0,3.0,1.0,0.0
12297840,297.2727355957031,297.1499938964844,293.1499938964844,0.0,-0.0,285.5589294433594,0.9501250386238098,0.2114329040050506,0.1898606866598129,297.1900634765625,297.1499938964844,293.1499938964844,0.0,-0.0,285.55877685546875,0.8825756311416626,0.1725589781999588,0.1635250300168991,297.2227478027344,297.1499938964844,293.1499938964844,0.0,-0.0,285.5590209960937,0.9940508604049684,0.2795897126197815,0.1705652624368667,297.1800537109375,297.1499938964844,293.1499938964844,0.0,-0.0,285.5585632324219,0.8218215703964233,0.1383072733879089,0.1311847567558288,297.1115417480469,297.1499938964844,293.1499938964844,0.0,-0.0,285.5584716796875,0.7976346015930176,0.1260416805744171,0.568324089050293,285.5589599609375,285.7070617675781,293.2696838378906,287.1224365234375,293.2674560546875,297.2261657714844,285.5601501464844,1.0,0.2706959247589111,1.0,1.0,0.0,1.0,-1.468374252319336,1.468372464179993,1.7782393797460827e-06,1.1226928234100342,0.6032174825668335,0.6032174825668335,0.0,29.920663833618164,43.0,11445.83203125,-0.0,255.30810546875,1.0,283.1499938964844,285.19708251953125,290.13787841796875,290.9779968261719,293.1499938964844,293.1499938964844,283.1499938964844,18230.900390625,18000.0,313.1499938964844,0.0,18000.0,1.0,0.0,0.0,0.0,1.0,0.4745299220085144,1.0,0.0,0.0,1.3348692655563354,1.3348748683929443,1.1889700601841469e-07,4.265924453735352,4.265914440155029,9.78592834144365e-06,0.0,0.0,-0.0,3709.444091796875,0.0,111.70403289794922,1895.4371337890625,0.0,434.6528625488281,0.3775530159473419,1.0,0.0,3.0,1.0,0.0
12297900,297.2802124023437,297.1499938964844,293.1499938964844,0.0,-0.0,285.5700378417969,0.950232207775116,0.2129453420639038,0.1911881417036056,297.1966857910156,297.1499938964844,293.1499938964844,0.0,-0.0,285.5697326660156,0.8820692300796509,0.1734622865915298,0.1643411517143249,297.2366943359375,297.1499938964844,293.1499938964844,0.0,-0.0,285.5702209472656,0.994580864906311,0.2814228534698486,0.1720683574676513,297.1867370605469,297.1499938964844,293.1499938964844,0.0,-0.0,285.5693359375,0.8215950727462769,0.1391527503728866,0.1319450438022613,297.1181640625,297.1499938964844,293.1499938964844,0.0,-0.0,285.56915283203125,0.7965783476829529,0.1264472007751464,0.5699175000190735,285.570068359375,285.681640625,293.2992553710937,287.1351623535156,293.2970275878906,297.2352294921875,285.5733642578125,1.0,0.2727014720439911,1.0,1.0,0.0,1.0,-1.4755595922470093,1.475557804107666,1.794048898773326e-06,1.1281414031982422,0.6028321385383606,0.6028321385383606,0.0,30.24520301818848,43.0,11504.5078125,-0.0,259.156494140625,1.0,283.1499938964844,285.2094421386719,290.1499328613281,290.9926452636719,293.1499938964844,293.1499938964844,283.1499938964844,18201.095703125,18000.0,313.1499938964844,0.0,18000.0,1.0,0.0,0.0,0.0,1.0,0.4759864807128906,1.0,0.0,0.0,1.3309026956558228,1.3309082984924316,1.1819144418723226e-07,4.265924453735352,4.265914440155029,9.78592834144365e-06,0.0,0.0,-0.0,3713.687744140625,0.0,110.92503356933594,1895.4371337890625,0.0,438.4866333007813,0.3767180740833282,1.0,0.0,3.0,1.0,0.0
12297960,297.2880554199219,297.1499938964844,293.1499938964844,0.0,-0.0,285.5931396484375,0.941719114780426,0.2145383059978485,0.1926150321960449,297.2037048339844,297.1499938964844,293.1499938964844,0.0,-0.0,285.5926818847656,0.8743749260902405,0.174449473619461,0.1652718782424926,297.2411193847656,297.1499938964844,293.1499938964844,0.0,-0.0,285.5934753417969,0.996713936328888,0.2824120223522186,0.1791080683469772,297.19384765625,297.1499938964844,293.1499938964844,0.0,-0.0,285.5920715332031,0.8151901960372925,0.1400823444128036,0.13282211124897,297.1252746582031,297.1499938964844,293.1499938964844,0.0,-0.0,285.5917663574219,0.7890726923942566,0.1269435882568359,0.5721254944801331,285.5932006835937,285.6727600097656,293.3287048339844,287.14776611328125,293.32647705078125,297.2421875,285.5978088378906,1.0,0.2764701843261719,1.0,1.0,0.0,1.0,-1.4905377626419067,1.4905359745025637,1.8277565914104343e-06,1.1399377584457395,0.6026738882064819,0.6026738882064819,0.0,31.50026512145996,46.0,11619.533203125,-0.0,268.7508544921875,1.0,283.1499938964844,285.2313537597656,290.1619567871094,291.0090637207031,293.1499938964844,293.1499938964844,283.1499938964844,18146.50390625,18000.0,313.1499938964844,0.0,18000.0,1.0,0.0,0.0,0.0,1.0,0.4773665964603424,1.0,0.0,0.0,1.328682541847229,1.328688144683838,1.1779744824025329e-07,4.265924453735352,4.265914440155029,9.78592834144365e-06,0.0,0.0,-0.0,3721.041015625,0.0,110.3874053955078,1895.4371337890625,0.0,442.1509399414063,0.3761432468891144,1.0,0.0,3.0,1.0,0.0
12298020,297.3042297363281,297.1499938964844,293.1499938964844,0.0,-0.0,285.64453125,0.9301561713218688,0.2179275900125503,0.1956537216901779,297.2184753417969,297.1499938964844,293.1499938964844,0.0,-0.0,285.64410400390625,0.8640869855880737,0.1766244024038314,0.1673272252082824,297.2292175292969,297.1499938964844,293.1499938964844,0.0,-0.0,285.6448669433594,0.9988462328910828,0.2823718190193176,0.1895303130149841,297.2086486816406,297.1499938964844,293.1499938964844,0.0,-0.0,285.6435546875,0.8063832521438599,0.1421376168727874,0.1347671002149582,297.1398010253906,297.1499938964844,293.1499938964844,0.0,-0.0,285.64324951171875,0.7787483930587769,0.1281021982431411,0.5773834586143494,285.64459228515625,285.63653564453125,293.3871765136719,287.17254638671875,293.3850402832031,297.2508850097656,285.64849853515625,1.0,0.282499223947525,1.0,1.0,0.0,1.0,-1.5178170204162598,1.517815113067627,1.890356998046628e-06,1.1615711450576782,0.6034796237945557,0.6034796237945557,0.0,33.62031936645508,49.0,11852.51953125,-0.0,286.2536315917969,1.0,283.1499938964844,285.2767639160156,290.1910400390625,291.0505065917969,293.1499938964844,293.1499938964844,283.1499938964844,18040.376953125,18000.0,313.1499938964844,0.0,18000.0,1.0,0.0,0.0,0.0,1.0,0.4809630215167999,1.0,0.0,0.0,1.327533721923828,1.3275392055511477,1.1759383511389389e-07,4.265924453735352,4.265914440155029,9.78592834144365e-06,0.0,0.0,-0.0,3737.75634765625,0.0,109.89786529541016,1895.4371337890625,0.0,451.8469848632813,0.3756160140037536,1.0,0.0,3.0,1.0,0.0
12298080,297.3042297363281,297.1499938964844,293.1499938964844,0.0,-0.0,285.64453125,0.9301561713218688,0.2179275900125503,0.1956537216901779,297.2184753417969,297.1499938964844,293.1499938964844,0.0,-0.0,285.64410400390625,0.8640869855880737,0.1766244024038314,0.1673272252082824,297.2292175292969,297.1499938964844,293.1499938964844,0.0,-0.0,285.6448669433594,0.9988462328910828,0.2823718190193176,0.1895303130149841,297.2086486816406,297.1499938964844,293.1499938964844,0.0,-0.0,285.6435546875,0.8063832521438599,0.1421376168727874,0.1347671002149582,297.1398010253906,297.1499938964844,293.1499938964844,0.0,-0.0,285.64324951171875,0.7787483930587769,0.1281021982431411,0.5773834586143494,285.64459228515625,285.63653564453125,293.3871765136719,287.17254638671875,293.3850402832031,297.2508850097656,285.64849853515625,1.0,0.282499223947525,1.0,1.0,0.0,1.0,-1.5178170204162598,1.517815113067627,1.890356998046628e-06,1.1615711450576782,0.6034796237945557,0.6034796237945557,0.0,33.62031936645508,49.0,11852.51953125,-0.0,286.2536315917969,1.0,283.1499938964844,285.2767639160156,290.1910400390625,291.0505065917969,293.1499938964844,293.1499938964844,283.1499938964844,18040.376953125,18000.0,313.1499938964844,0.0,18000.0,1.0,0.0,0.0,0.0,1.0,0.4809630215167999,1.0,0.0,0.0,1.327533721923828,1.3275392055511477,1.1759383511389389e-07,4.265924453735352,4.265914440155029,9.78592834144365e-06,0.0,0.0,-0.0,3737.75634765625,0.0,109.89786529541016,1895.4371337890625,0.0,451.8469848632813,0.3756160140037536,1.0,0.0,3.0,1.0,0.0
12298140,297.3202819824219,297.1499938964844,293.1499938964844,0.0,-0.0,285.6898803710937,0.9174782633781432,0.2215079814195633,0.1988961398601532,297.23345947265625,297.1499938964844,293.1499938964844,0.0,-0.0,285.68951416015625,0.8533043265342712,0.1790094226598739,0.1696104705333709,297.2093200683594,297.1499938964844,293.1499938964844,0.0,-0.0,285.6902160644531,0.9959670901298524,0.2813609540462494,0.1972337216138839,297.2236633300781,297.1499938964844,293.1499938964844,0.0,-0.0,285.6890563964844,0.7965569496154785,0.1444021910429,0.1369380503892898,297.1541442871094,297.1499938964844,293.1499938964844,0.0,-0.0,285.68878173828125,0.7679807543754578,0.1294284164905548,0.5835167765617371,285.68994140625,285.59844970703125,293.4451599121094,287.1968078613281,293.4430847167969,297.2601623535156,285.6931457519531,1.0,0.2888555526733398,1.0,1.0,0.0,1.0,-1.5440152883529663,1.5440133810043335,1.951752665263484e-06,1.1823360919952393,0.6053571105003357,0.6053571105003357,0.0,36.05353546142578,52.0,12086.7861328125,-0.0,304.58905029296875,1.0,283.1499938964844,285.3150634765625,290.2219543457031,291.0959167480469,293.1499938964844,293.1499938964844,283.1499938964844,17935.79296875,18000.0,313.1499938964844,0.0,18000.0,1.0,0.0,0.0,0.0,1.0,0.4859928488731384,1.0,0.0,0.0,1.3310043811798096,1.3310099840164185,1.1820951328900264e-07,4.265924453735352,4.265914440155029,9.78592834144365e-06,0.0,0.0,-0.0,3755.08642578125,0.0,110.21902465820312,1895.4371337890625,0.0,465.7732238769531,0.3759650588035583,1.0,0.0,3.0,1.0,0.0
12298200,297.3202819824219,297.1499938964844,293.1499938964844,0.0,-0.0,285.6898803710937,0.9174782633781432,0.2215079814195633,0.1988961398601532,297.23345947265625,297.1499938964844,293.1499938964844,0.0,-0.0,285.68951416015625,0.8533043265342712,0.1790094226598739,0.1696104705333709,297.2093200683594,297.1499938964844,293.1499938964844,0.0,-0.0,285.6902160644531,0.9959670901298524,0.2813609540462494,0.1972337216138839,297.2236633300781,297.1499938964844,293.1499938964844,0.0,-0.0,285.6890563964844,0.7965569496154785,0.1444021910429,0.1369380503892898,297.1541442871094,297.1499938964844,293.1499938964844,0.0,-0.0,285.68878173828125,0.7679807543754578,0.1294284164905548,0.5835167765617371,285.68994140625,285.59844970703125,293.4451599121094,287.1968078613281,293.4430847167969,297.2601623535156,285.6931457519531,1.0,0.2888555526733398,1.0,1.0,0.0,1.0,-1.5440152883529663,1.5440133810043335,1.951752665263484e-06,1.1823360919952393,0.6053571105003357,0.6053571105003357,0.0,36.05353546142578,52.0,12086.7861328125,-0.0,304.58905029296875,1.0,283.1499938964844,285.3150634765625,290.2219543457031,291.0959167480469,293.1499938964844,293.1499938964844,283.1499938964844,17935.79296875,18000.0,313.1499938964844,0.0,18000.0,1.0,0.0,0.0,0.0,1.0,0.4859928488731384,1.0,0.0,0.0,1.3310043811798096,1.3310099840164185,1.1820951328900264e-07,4.265924453735352,4.265914440155029,9.78592834144365e-06,0.0,0.0,-0.0,3755.08642578125,0.0,110.21902465820312,1895.4371337890625,0.0,465.7732238769531,0.3759650588035583,1.0,0.0,3.0,1.0,0.0
12298260,297.3353576660156,297.1499938964844,293.1499938964844,0.0,-0.0,285.7203369140625,0.9000008702278137,0.2251945286989212,0.2022888660430908,297.2478942871094,297.1499938964844,293.1499938964844,0.0,-0.0,285.7201232910156,0.8383558988571167,0.1815297901630401,0.172077476978302,297.2031555175781,297.1499938964844,293.1499938964844,0.0,-0.0,285.7205505371094,0.976706326007843,0.281470388174057,0.1970932781696319,297.2381896972656,297.1499938964844,293.1499938964844,0.0,-0.0,285.7198181152344,0.7822811603546143,0.1468083411455154,0.1392966955900192,297.16802978515625,297.1499938964844,293.1499938964844,0.0,-0.0,285.7196350097656,0.7534481883049011,0.130887746810913,0.5904554128646851,285.72039794921875,285.5584411621094,293.5027160644531,287.2206420898437,293.50067138671875,297.27349853515625,285.7226257324219,1.0,0.2950115799903869,1.0,1.0,0.0,1.0,-1.561700701713562,1.5616987943649292,1.993771093111718e-06,1.1962242126464844,0.6080843210220337,0.6080843210220337,0.0,39.343563079833984,55.0,12276.0205078125,-0.0,321.7874450683594,1.0,283.1499938964844,285.3384704589844,290.24932861328125,291.13726806640625,293.1499938964844,293.1499938964844,283.1499938964844,17841.58203125,18000.0,313.1499938964844,0.0,18000.0,1.0,0.0,0.0,0.0,1.0,0.4918280243873596,1.0,0.0,0.0,1.3385814428329468,1.338586926460266,1.195592034264337e-07,4.265924453735352,4.265914440155029,9.78592834144365e-06,0.0,0.0,-0.0,3769.863525390625,0.0,111.29165649414062,1895.4371337890625,0.0,482.4818115234375,0.3771246373653412,1.0,0.0,3.0,1.0,0.0
12298320,297.3353576660156,297.1499938964844,293.1499938964844,0.0,-0.0,285.7203369140625,0.9000008702278137,0.2251945286989212,0.2022888660430908,297.2478942871094,297.1499938964844,293.1499938964844,0.0,-0.0,285.7201232910156,0.8383558988571167,0.1815297901630401,0.172077476978302,297.2031555175781,297.1499938964844,293.1499938964844,0.0,-0.0,285.7205505371094,0.976706326007843,0.281470388174057,0.1970932781696319,297.2381896972656,297.1499938964844,293.1499938964844,0.0,-0.0,285.7198181152344,0.7822811603546143,0.1468083411455154,0.1392966955900192,297.16802978515625,297.1499938964844,293.1499938964844,0.0,-0.0,285.7196350097656,0.7534481883049011,0.130887746810913,0.5904554128646851,285.72039794921875,285.5584411621094,293.5027160644531,287.2206420898437,293.50067138671875,297.27349853515625,285.7226257324219,1.0,0.2950115799903869,1.0,1.0,0.0,1.0,-1.561700701713562,1.5616987943649292,1.993771093111718e-06,1.1962242126464844,0.6080843210220337,0.6080843210220337,0.0,39.343563079833984,55.0,12276.0205078125,-0.0,321.7874450683594,1.0,283.1499938964844,285.3384704589844,290.24932861328125,291.13726806640625,293.1499938964844,293.1499938964844,283.1499938964844,17841.58203125,18000.0,313.1499938964844,0.0,18000.0,1.0,0.0,0.0,0.0,1.0,0.4918280243873596,1.0,0.0,0.0,1.3385814428329468,1.338586926460266,1.195592034264337e-07,4.265924453735352,4.265914440155029,9.78592834144365e-06,0.0,0.0,-0.0,3769.863525390625,0.0,111.29165649414062,1895.4371337890625,0.0,482.4818115234375,0.3771246373653412,1.0,0.0,3.0,1.0,0.0
12298380,297.3473815917969,297.1499938964844,293.1499938964844,0.0,-0.0,285.7431030273437,0.8897882699966431,0.2283712923526764,0.2051975578069687,297.2596130371094,297.1499938964844,293.1499938964844,0.0,-0.0,285.74285888671875,0.8292363882064819,0.1837468892335891,0.174232617020607,297.2069091796875,297.1499938964844,293.1499938964844,0.0,-0.0,285.7432861328125,0.9626657366752625,0.2824083268642425,0.1976872831583023,297.25,297.1499938964844,293.1499938964844,0.0,-0.0,285.7425842285156,0.7736151218414307,0.1489311456680297,0.1413649469614029,297.17950439453125,297.1499938964844,293.1499938964844,0.0,-0.0,285.7424011230469,0.7446188926696777,0.1322295814752578,0.5967485308647156,285.7431335449219,285.5133056640625,293.5507507324219,287.2402648925781,293.5487060546875,297.2854309082031,285.7452087402344,1.0,0.3001630306243896,1.0,1.0,0.0,1.0,-1.5785306692123413,1.578528642654419,2.034302951869904e-06,1.2094515562057495,0.6111835837364197,0.6111835837364197,0.0,41.9267578125,55.0,12450.427734375,-0.0,336.9580078125,1.0,283.1499938964844,285.3548278808594,290.26861572265625,291.16778564453125,293.1499938964844,293.1499938964844,283.1499938964844,17767.498046875,18000.0,313.1499938964844,0.0,18000.0,1.0,0.0,0.0,0.0,1.0,0.4966058135032654,1.0,0.0,0.0,1.3478379249572754,1.3478435277938845,1.2121846282298065e-07,4.265924453735352,4.265914440155029,9.78592834144365e-06,0.0,0.0,-0.0,3781.697265625,0.0,112.72765350341795,1895.4371337890625,0.0,496.6201171875,0.3786709904670715,1.0,0.0,3.0,1.0,0.0
12298440,297.349609375,297.1499938964844,293.1499938964844,0.0,-0.0,285.7472229003906,0.8880913257598877,0.2289880365133285,0.2057612985372543,297.2618103027344,297.1499938964844,293.1499938964844,0.0,-0.0,285.7469787597656,0.8277195692062378,0.1841820478439331,0.1746545135974884,297.20806884765625,297.1499938964844,293.1499938964844,0.0,-0.0,285.74737548828125,0.9601618051528932,0.2826358079910278,0.1978426575660705,297.2522277832031,297.1499938964844,293.1499938964844,0.0,-0.0,285.7467041015625,0.7721918225288391,0.1493476033210754,0.1417698711156845,297.1816711425781,297.1499938964844,293.1499938964844,0.0,-0.0,285.7465209960937,0.7431634664535522,0.1324982345104217,0.5980040431022644,285.7472229003906,285.5165100097656,293.55987548828125,287.2439880371094,293.557861328125,297.2876892089844,285.7492980957031,1.0,0.3011477589607239,1.0,1.0,0.0,1.0,-1.5818936824798584,1.581891655921936,2.042465212070965e-06,1.212095022201538,0.6117033362388611,0.6117033362388611,0.0,42.4099235534668,58.0,12485.46875,-0.0,339.9366760253906,1.0,283.1499938964844,285.3575744628906,290.2721252441406,291.1734619140625,293.1499938964844,293.1499938964844,283.1499938964844,17751.25,18000.0,313.1499938964844,0.0,18000.0,1.0,0.0,0.0,0.0,1.0,0.4974910616874695,1.0,0.0,0.0,1.3500181436538696,1.3500237464904783,1.216109382085051e-07,4.265924453735352,4.265914440155029,9.78592834144365e-06,0.0,0.0,-0.0,3783.992919921875,0.0,113.07141876220705,1895.4371337890625,0.0,499.2861328125,0.3790398240089416,1.0,0.0,3.0,1.0,0.0
12298500,297.35650634765625,297.1499938964844,293.1499938964844,0.0,-0.0,285.7598571777344,0.8832083940505981,0.230929359793663,0.2075346112251281,297.2686462402344,297.1499938964844,293.1499938964844,0.0,-0.0,285.7596435546875,0.8233345746994019,0.1855606585741043,0.1759898066520691,297.2121887207031,297.1499938964844,293.1499938964844,0.0,-0.0,285.760009765625,0.9526618123054504,0.2834064066410064,0.1983789205551147,297.2590637207031,297.1499938964844,293.1499938964844,0.0,-0.0,285.7593688964844,0.7681252360343933,0.150666207075119,0.1430507451295852,297.1883850097656,297.1499938964844,293.1499938964844,0.0,-0.0,285.7591857910156,0.7389876842498779,0.1333581954240799,0.6020171642303467,285.7598876953125,285.4892272949219,293.5883178710937,287.2555236816406,293.5863342285156,297.294677734375,285.7618713378906,1.0,0.3042207062244415,1.0,1.0,0.0,1.0,-1.5926249027252195,1.5926228761672974,2.068648882413981e-06,1.2205296754837036,0.6139076948165894,0.6139076948165894,0.0,43.90291213989258,58.0,12596.4375,-0.0,349.3872985839844,1.0,283.1499938964844,285.3659362792969,290.2829895019531,291.1910095214844,293.1499938964844,293.1499938964844,283.1499938964844,17711.2109375,18000.0,313.1499938964844,0.0,18000.0,1.0,0.0,0.0,0.0,1.0,0.5002043843269348,1.0,0.0,0.0,1.357010841369629,1.3570164442062378,1.2287401318644697e-07,4.265924453735352,4.265914440155029,9.78592834144365e-06,0.0,0.0,-0.0,3791.15966796875,0.0,114.21331787109376,1895.4371337890625,0.0,507.5495910644531,0.3802606165409088,1.0,0.0,3.0,1.0,0.0
12298560,297.36328125,297.1499938964844,293.1499938964844,0.0,-0.0,285.7718200683594,0.8788740634918213,0.2329006046056747,0.2093338668346405,297.275390625,297.1499938964844,293.1499938964844,0.0,-0.0,285.7716064453125,0.8193976283073425,0.18697489798069,0.1773576587438583,297.216796875,297.1499938964844,293.1499938964844,0.0,-0.0,285.77197265625,0.9456204771995544,0.2842539548873901,0.1989786475896835,297.2657775878906,297.1499938964844,293.1499938964844,0.0,-0.0,285.7713623046875,0.7645567655563354,0.1520172506570816,0.1443614512681961,297.19500732421875,297.1499938964844,293.1499938964844,0.0,-0.0,285.7712097167969,0.7352890372276306,0.1342531144618988,0.6061855554580688,285.7718200683594,285.47265625,293.6166687011719,287.2669372558594,293.6146850585937,297.30157470703125,285.773681640625,1.0,0.3073017597198486,1.0,1.0,0.0,1.0,-1.6037249565124512,1.6037229299545288,2.095955096592661e-06,1.2292534112930298,0.6162264943122864,0.6162264943122864,0.0,45.37899398803711,61.0,12712.572265625,-0.0,359.1001892089844,1.0,283.1499938964844,285.3731994628906,290.2939147949219,291.2088317871094,293.1499938964844,293.1499938964844,283.1499938964844,17660.89453125,18000.0,313.1499938964844,0.0,18000.0,1.0,0.0,0.0,0.0,1.0,0.5028728246688843,1.0,0.0,0.0,1.3653331995010376,1.3653388023376465,1.2438577812190488e-07,4.265924453735352,4.265914440155029,9.78592834144365e-06,0.0,0.0,-0.0,3798.61376953125,0.0,115.57691192626952,1895.4371337890625,0.0,515.8131713867188,0.3817111551761627,1.0,0.0,3.0,1.0,0.0
12298620,297.3763427734375,297.1499938964844,293.1499938964844,0.0,-0.0,285.7938232421875,0.8715095520019531,0.2369263172149658,0.2130060493946075,297.28863525390625,297.1499938964844,293.1499938964844,0.0,-0.0,285.79364013671875,0.8125341534614563,0.1899055689573288,0.1801884919404983,297.2267150878906,297.1499938964844,293.1499938964844,0.0,-0.0,285.7939453125,0.9328069686889648,0.2861054837703705,0.2003027647733688,297.27886962890625,297.1499938964844,293.1499938964844,0.0,-0.0,285.79345703125,0.7586003541946411,0.154811143875122,0.1470686197280883,297.2080078125,297.1499938964844,293.1499938964844,0.0,-0.0,285.7933044433594,0.7289884090423584,0.1361393183469772,0.6149548888206482,285.7938537597656,285.4268798828125,293.6731262207031,287.2895202636719,293.67120361328125,297.3149719238281,285.79547119140625,1.0,0.313495397567749,1.0,1.0,0.0,1.0,-1.6268998384475708,1.6268976926803589,2.1536934582400136e-06,1.247462034225464,0.6216385364532471,0.6216385364532471,0.0,48.30063247680664,64.0,12955.7265625,-0.0,379.3346252441406,1.0,283.1499938964844,285.38507080078125,290.31640625,291.2455444335937,293.1499938964844,293.1499938964844,283.1499938964844,17569.865234375,18000.0,313.1499938964844,0.0,18000.0,1.0,0.0,0.0,0.0,1.0,0.5082255601882935,1.0,0.0,0.0,1.3844791650772097,1.384484887123108,1.2789874404006696e-07,4.265924453735352,4.265914440155029,9.78592834144365e-06,0.0,0.0,-0.0,3814.11474609375,0.0,118.83368682861328,1895.4371337890625,0.0,532.8086547851562,0.3851403594017029,1.0,0.0,3.0,1.0,0.0
12298680,297.3763427734375,297.1499938964844,293.1499938964844,0.0,-0.0,285.7938232421875,0.8715095520019531,0.2369263172149658,0.2130060493946075,297.28863525390625,297.1499938964844,293.1499938964844,0.0,-0.0,285.79364013671875,0.8125341534614563,0.1899055689573288,0.1801884919404983,297.2267150878906,297.1499938964844,293.1499938964844,0.0,-0.0,285.7939453125,0.9328069686889648,0.2861054837703705,0.2003027647733688,297.27886962890625,297.1499938964844,293.1499938964844,0.0,-0.0,285.79345703125,0.7586003541946411,0.154811143875122,0.1470686197280883,297.2080078125,297.1499938964844,293.1499938964844,0.0,-0.0,285.7933044433594,0.7289884090423584,0.1361393183469772,0.6149548888206482,285.7938537597656,285.4268798828125,293.6731262207031,287.2895202636719,293.67120361328125,297.3149719238281,285.79547119140625,1.0,0.313495397567749,1.0,1.0,0.0,1.0,-1.6268998384475708,1.6268976926803589,2.1536934582400136e-06,1.247462034225464,0.6216385364532471,0.6216385364532471,0.0,48.30063247680664,64.0,12955.7265625,-0.0,379.3346252441406,1.0,283.1499938964844,285.38507080078125,290.31640625,291.2455444335937,293.1499938964844,293.1499938964844,283.1499938964844,17569.865234375,18000.0,313.1499938964844,0.0,18000.0,1.0,0.0,0.0,0.0,1.0,0.5082255601882935,1.0,0.0,0.0,1.3844791650772097,1.384484887123108,1.2789874404006696e-07,4.265924453735352,4.265914440155029,9.78592834144365e-06,0.0,0.0,-0.0,3814.11474609375,0.0,118.83368682861328,1895.4371337890625,0.0,532.8086547851562,0.3851403594017029,1.0,0.0,3.0,1.0,0.0
12298740,297.3891906738281,297.1499938964844,293.1499938964844,0.0,-0.0,285.8130798339844,0.8655474781990051,0.2410966753959655,0.2167900800704956,297.30157470703125,297.1499938964844,293.1499938964844,0.0,-0.0,285.8129272460937,0.806694746017456,0.192972183227539,0.1831451058387756,297.23687744140625,297.1499938964844,293.1499938964844,0.0,-0.0,285.81317138671875,0.9216338396072388,0.2881045043468475,0.2017398178577423,297.2914733886719,297.1499938964844,293.1499938964844,0.0,-0.0,285.812744140625,0.7538852691650391,0.1577210575342178,0.1498854309320449,297.2205505371094,297.1499938964844,293.1499938964844,0.0,-0.0,285.8126220703125,0.7238037586212158,0.1381457895040512,0.6242647171020508,285.8130798339844,285.3791198730469,293.7292785644531,287.311767578125,293.7273864746094,297.3280944824219,285.8144836425781,1.0,0.3197394013404846,1.0,1.0,0.0,1.0,-1.6512765884399414,1.65127432346344,2.2154856651468435e-06,1.266605257987976,0.6279311776161194,0.6279311776161194,0.0,51.198333740234375,67.0,13214.2236328125,-0.0,400.697998046875,1.0,283.1499938964844,285.3930969238281,290.3397216796875,291.2840576171875,293.1499938964844,293.1499938964844,283.1499938964844,17477.634765625,18000.0,313.1499938964844,0.0,18000.0,1.0,0.0,0.0,0.0,1.0,0.5138022899627686,1.0,0.0,0.0,1.4074519872665403,1.407457709312439,1.3217844241353305e-07,4.265924453735352,4.265914440155029,9.78592834144365e-06,0.0,0.0,-0.0,3830.50537109375,0.0,122.88555908203124,1895.4371337890625,0.0,551.1262817382812,0.38933926820755,1.0,0.0,3.0,1.0,0.0
12298800,297.3891906738281,297.1499938964844,293.1499938964844,0.0,-0.0,285.8130798339844,0.8655474781990051,0.2410966753959655,0.2167900800704956,297.30157470703125,297.1499938964844,293.1499938964844,0.0,-0.0,285.8129272460937,0.806694746017456,0.192972183227539,0.1831451058387756,297.23687744140625,297.1499938964844,293.1499938964844,0.0,-0.0,285.81317138671875,0.9216338396072388,0.2881045043468475,0.2017398178577423,297.2914733886719,297.1499938964844,293.1499938964844,0.0,-0.0,285.812744140625,0.7538852691650391,0.1577210575342178,0.1498854309320449,297.2205505371094,297.1499938964844,293.1499938964844,0.0,-0.0,285.8126220703125,0.7238037586212158,0.1381457895040512,0.6242647171020508,285.8130798339844,285.3791198730469,293.7292785644531,287.311767578125,293.7273864746094,297.3280944824219,285.8144836425781,1.0,0.3197394013404846,1.0,1.0,0.0,1.0,-1.6512765884399414,1.65127432346344,2.2154856651468435e-06,1.266605257987976,0.6279311776161194,0.6279311776161194,0.0,51.198333740234375,67.0,13214.2236328125,-0.0,400.697998046875,1.0,283.1499938964844,285.3930969238281,290.3397216796875,291.2840576171875,293.1499938964844,293.1499938964844,283.1499938964844,17477.634765625,18000.0,313.1499938964844,0.0,18000.0,1.0,0.0,0.0,0.0,1.0,0.5138022899627686,1.0,0.0,0.0,1.4074519872665403,1.407457709312439,1.3217844241353305e-07,4.265924453735352,4.265914440155029,9.78592834144365e-06,0.0,0.0,-0.0,3830.50537109375,0.0,122.88555908203124,1895.4371337890625,0.0,551.1262817382812,0.38933926820755,1.0,0.0,3.0,1.0,0.0
12298860,297.39666748046875,297.1499938964844,293.1499938964844,0.0,-0.0,285.8226928710937,0.8627613186836243,0.2435293644666671,0.2189894169569015,297.3086853027344,297.1499938964844,293.1499938964844,0.0,-0.0,285.82257080078125,0.80381178855896,0.1947505474090576,0.1848571300506591,297.2424621582031,297.1499938964844,293.1499938964844,0.0,-0.0,285.8227844238281,0.9160948395729064,0.2892716526985168,0.202579841017723,297.2982788085937,297.1499938964844,293.1499938964844,0.0,-0.0,285.8223876953125,0.7516889572143555,0.1593970209360122,0.1515068411827087,297.22735595703125,297.1499938964844,293.1499938964844,0.0,-0.0,285.822265625,0.721293032169342,0.139318972826004,0.6296994090080261,285.8227233886719,285.34716796875,293.7606201171875,287.3240661621094,293.7587585449219,297.3354797363281,285.82403564453125,1.0,0.3232613503932953,1.0,1.0,0.0,1.0,-1.6654523611068726,1.665450096130371,2.2519193407788407e-06,1.2777327299118042,0.6318821907043457,0.6318821907043457,0.0,52.81265640258789,67.0,13365.453125,-0.0,413.1861267089844,1.0,283.1499938964844,285.39605712890625,290.3529663085937,291.3062438964844,293.1499938964844,293.1499938964844,283.1499938964844,17428.4609375,18000.0,313.1499938964844,0.0,18000.0,1.0,0.0,0.0,0.0,1.0,0.5170775651931763,1.0,0.0,0.0,1.4218770265579224,1.4218827486038208,1.3490171113517138e-07,4.265924453735352,4.265914440155029,9.78592834144365e-06,0.0,0.0,-0.0,3840.002685546875,0.0,125.50989532470705,1895.4371337890625,0.0,562.1834106445312,0.3920193016529083,1.0,0.0,3.0,1.0,0.0
12298920,297.40252685546875,297.1499938964844,293.1499938964844,0.0,-0.0,285.82965087890625,0.8608084917068481,0.2454767674207687,0.2207558155059814,297.3142395019531,297.1499938964844,293.1499938964844,0.0,-0.0,285.8294982910156,0.8017541170120239,0.1961772590875625,0.1862302720546722,297.24676513671875,297.1499938964844,293.1499938964844,0.0,-0.0,285.8297119140625,0.9120938181877136,0.2902098596096039,0.203254759311676,297.30352783203125,297.1499938964844,293.1499938964844,0.0,-0.0,285.8293762207031,0.7501515746116638,0.16073639690876,0.1528018414974212,297.2326354980469,297.1499938964844,293.1499938964844,0.0,-0.0,285.8292541503906,0.7194865345954895,0.1402646601200103,0.6340764164924622,285.82965087890625,285.3293762207031,293.78521728515625,287.33367919921875,293.7833557128906,297.3412475585937,285.8308410644531,1.0,0.3260420560836792,1.0,1.0,0.0,1.0,-1.6768418550491333,1.6768395900726318,2.2814583644503728e-06,1.2866705656051636,0.6350955963134766,0.6350955963134766,0.0,54.07874298095703,70.0,13488.142578125,-0.0,423.2710266113281,1.0,283.1499938964844,285.3974304199219,290.3633728027344,291.3239440917969,293.1499938964844,293.1499938964844,283.1499938964844,17383.748046875,18000.0,313.1499938964844,0.0,18000.0,1.0,0.0,0.0,0.0,1.0,0.5197352170944214,1.0,0.0,0.0,1.4342451095581057,1.4342509508132937,1.3725879455250833e-07,4.265924453735352,4.265914440155029,9.78592834144365e-06,0.0,0.0,-0.0,3847.665283203125,0.0,127.78694152832033,1895.4371337890625,0.0,571.3214111328125,0.3943211436271667,1.0,0.0,3.0,1.0,0.0
12298980,297.4154052734375,297.1499938964844,293.1499938964844,0.0,-0.0,285.84356689453125,0.8569726347923279,0.2499802559614181,0.2248515039682388,297.3265991210937,297.1499938964844,293.1499938964844,0.0,-0.0,285.84344482421875,0.7976694107055664,0.1995102763175964,0.1894375681877136,297.25634765625,297.1499938964844,293.1499938964844,0.0,-0.0,285.8436279296875,0.9040990471839904,0.2924063503742218,0.204833984375,297.3150939941406,297.1499938964844,293.1499938964844,0.0,-0.0,285.8433532714844,0.7471749186515808,0.163852110505104,0.155812531709671,297.2442321777344,297.1499938964844,293.1499938964844,0.0,-0.0,285.84326171875,0.7158373594284058,0.1424881070852279,0.6443597078323364,285.84356689453125,285.27764892578125,293.8409118652344,287.3553161621094,293.8390808105469,297.35400390625,285.8445739746094,1.0,0.3324048519134521,1.0,1.0,0.0,1.0,-1.703466773033142,1.703464388847351,2.3514351141784573e-06,1.3075551986694336,0.6431239247322083,0.6431239247322083,0.0,56.95669937133789,73.0,13776.884765625,-0.0,447.0932922363281,1.0,283.1499938964844,285.39813232421875,290.3868408203125,291.3646240234375,293.1499938964844,293.1499938964844,283.1499938964844,17287.908203125,18000.0,313.1499938964844,0.0,18000.0,1.0,0.0,0.0,0.0,1.0,0.5260417461395264,1.0,0.0,0.0,1.464859962463379,1.464865803718567,1.431810829899405e-07,4.265924453735352,4.265914440155029,9.78592834144365e-06,0.0,0.0,-0.0,3865.4580078125,0.0,133.60589599609375,1895.4371337890625,0.0,593.6151733398438,0.4001021087169647,1.0,0.0,3.0,1.0,0.0
12299040,297.4154052734375,297.1499938964844,293.1499938964844,0.0,-0.0,285.84356689453125,0.8569726347923279,0.2499802559614181,0.2248515039682388,297.3265991210937,297.1499938964844,293.1499938964844,0.0,-0.0,285.84344482421875,0.7976694107055664,0.1995102763175964,0.1894375681877136,297.25634765625,297.1499938964844,293.1499938964844,0.0,-0.0,285.8436279296875,0.9040990471839904,0.2924063503742218,0.204833984375,297.3150939941406,297.1499938964844,293.1499938964844,0.0,-0.0,285.8433532714844,0.7471749186515808,0.163852110505104,0.155812531709671,297.2442321777344,297.1499938964844,293.1499938964844,0.0,-0.0,285.84326171875,0.7158373594284058,0.1424881070852279,0.6443597078323364,285.84356689453125,285.27764892578125,293.8409118652344,287.3553161621094,293.8390808105469,297.35400390625,285.8445739746094,1.0,0.3324048519134521,1.0,1.0,0.0,1.0,-1.703466773033142,1.703464388847351,2.3514351141784573e-06,1.3075551986694336,0.6431239247322083,0.6431239247322083,0.0,56.95669937133789,73.0,13776.884765625,-0.0,447.0932922363281,1.0,283.1499938964844,285.39813232421875,290.3868408203125,291.3646240234375,293.1499938964844,293.1499938964844,283.1499938964844,17287.908203125,18000.0,313.1499938964844,0.0,18000.0,1.0,0.0,0.0,0.0,1.0,0.5260417461395264,1.0,0.0,0.0,1.464859962463379,1.464865803718567,1.431810829899405e-07,4.265924453735352,4.265914440155029,9.78592834144365e-06,0.0,0.0,-0.0,3865.4580078125,0.0,133.60589599609375,1895.4371337890625,0.0,593.6151733398438,0.4001021087169647,1.0,0.0,3.0,1.0,0.0
12299100,297.4215087890625,297.1499938964844,293.1499938964844,0.0,-0.0,285.8495483398437,0.855311930179596,0.2522624433040619,0.2269291281700134,297.3326416015625,297.1499938964844,293.1499938964844,0.0,-0.0,285.84942626953125,0.7958968877792358,0.2012214958667755,0.1910838633775711,297.260986328125,297.1499938964844,293.1499938964844,0.0,-0.0,285.8495788574219,0.9006214141845703,0.2935360074043274,0.2056457251310348,297.3206787109375,297.1499938964844,293.1499938964844,0.0,-0.0,285.8493347167969,0.7459189891815186,0.1654459834098816,0.157352015376091,297.2498474121094,297.1499938964844,293.1499938964844,0.0,-0.0,285.8492431640625,0.7142192721366882,0.1436362862586975,0.6496668457984924,285.8495483398437,285.2481994628906,293.8686828613281,287.36602783203125,293.86688232421875,297.36016845703125,285.8504638671875,1.0,0.3356076180934906,1.0,1.0,0.0,1.0,-1.7171326875686646,1.7171303033828735,2.387854692642577e-06,1.3182693719863892,0.6474881172180176,0.6474881172180176,0.0,58.39828872680664,73.0,13926.3291015625,-0.0,459.4786987304688,1.0,283.1499938964844,285.3971862792969,290.3984069824219,291.3851318359375,293.1499938964844,293.1499938964844,283.1499938964844,17241.845703125,18000.0,313.1499938964844,0.0,18000.0,1.0,0.0,0.0,0.0,1.0,0.5293216705322266,1.0,0.0,0.0,1.4815183877944946,1.4815243482589722,1.4645613077846065e-07,4.265924453735352,4.265914440155029,9.78592834144365e-06,0.0,0.0,-0.0,3874.535400390625,0.0,136.87525939941406,1895.4371337890625,0.0,605.5562744140625,0.4032881557941437,1.0,0.0,3.0,1.0,0.0
12299160,297.4273986816406,297.1499938964844,293.1499938964844,0.0,-0.0,285.8548278808594,0.8537978529930115,0.2545617222785949,0.2290226370096206,297.33856201171875,297.1499938964844,293.1499938964844,0.0,-0.0,285.854736328125,0.7942850589752197,0.2029615044593811,0.1927574723958969,297.2655334472656,297.1499938964844,293.1499938964844,0.0,-0.0,285.8548583984375,0.8973408341407776,0.2946857511997223,0.2064714729785919,297.3261413574219,297.1499938964844,293.1499938964844,0.0,-0.0,285.8546447753906,0.7447992563247681,0.1670631766319275,0.158913567662239,297.2553405761719,297.1499938964844,293.1499938964844,0.0,-0.0,285.8545837402344,0.7127244472503662,0.1448076963424682,0.6550790667533875,285.8548278808594,285.2238464355469,293.8964233398437,287.376708984375,293.8946533203125,297.3661804199219,285.8556213378906,1.0,0.338823914527893,1.0,1.0,0.0,1.0,-1.7310200929641724,1.7310177087783811,2.425213097012602e-06,1.329153299331665,0.6520119905471802,0.6520119905471802,0.0,59.84234237670898,76.0,14079.703125,-0.0,472.1848754882813,1.0,283.1499938964844,285.3952941894531,290.4098205566406,291.4057312011719,293.1499938964844,293.1499938964844,283.1499938964844,17190.044921875,18000.0,313.1499938964844,0.0,18000.0,1.0,0.0,0.0,0.0,1.0,0.5326755046844482,1.0,0.0,0.0,1.4993133544921875,1.4993194341659546,1.499955146755383e-07,4.265924453735352,4.265914440155029,9.78592834144365e-06,0.0,0.0,-0.0,3883.7861328125,0.0,140.4270477294922,1895.4371337890625,0.0,618.0175170898438,0.4067025482654571,1.0,0.0,3.0,1.0,0.0
12299220,297.43853759765625,297.1499938964844,293.1499938964844,0.0,-0.0,285.8635559082031,0.851152241230011,0.2592042684555053,0.233250081539154,297.3501281738281,297.1499938964844,293.1499938964844,0.0,-0.0,285.8634948730469,0.7914919257164001,0.2065222412347793,0.1961814165115356,297.2743225097656,297.1499938964844,293.1499938964844,0.0,-0.0,285.86358642578125,0.891285240650177,0.2970407605171203,0.2081619501113891,297.336669921875,297.1499938964844,293.1499938964844,0.0,-0.0,285.8634338378906,0.7429190278053284,0.1703626066446304,0.1620986014604568,297.26593017578125,297.1499938964844,293.1499938964844,0.0,-0.0,285.8633728027344,0.71006840467453,0.1472147852182388,0.6661950945854187,285.8635559082031,285.1679992675781,293.9518127441406,287.3978576660156,293.9500732421875,297.3776550292969,285.8641662597656,1.0,0.3452930450439453,1.0,1.0,0.0,1.0,-1.7594072818756104,1.7594047784805298,2.502667712178664e-06,1.3513888120651243,0.6617466807365417,0.6617466807365417,0.0,62.73930740356445,79.0,14395.9609375,-0.0,498.5637512207031,1.0,283.1499938964844,285.3890686035156,290.43231201171875,291.4471130371094,293.1499938964844,293.1499938964844,283.1499938964844,17090.212890625,18000.0,313.1499938964844,0.0,18000.0,1.0,0.0,0.0,0.0,1.0,0.5395695567131042,1.0,0.0,0.0,1.5375651121139526,1.5375713109970093,1.5774675432567165e-07,4.265924453735352,4.265914440155029,9.78592834144365e-06,0.0,0.0,-0.0,3902.622314453125,0.0,148.33718872070312,1895.4371337890625,0.0,644.4478759765625,0.4141319394111633,1.0,0.0,3.0,1.0,0.0
12299280,297.43853759765625,297.1499938964844,293.1499938964844,0.0,-0.0,285.8635559082031,0.851152241230011,0.2592042684555053,0.233250081539154,297.3501281738281,297.1499938964844,293.1499938964844,0.0,-0.0,285.8634948730469,0.7914919257164001,0.2065222412347793,0.1961814165115356,297.2743225097656,297.1499938964844,293.1499938964844,0.0,-0.0,285.86358642578125,0.891285240650177,0.2970407605171203,0.2081619501113891,297.336669921875,297.1499938964844,293.1499938964844,0.0,-0.0,285.8634338378906,0.7429190278053284,0.1703626066446304,0.1620986014604568,297.26593017578125,297.1499938964844,293.1499938964844,0.0,-0.0,285.8633728027344,0.71006840467453,0.1472147852182388,0.6661950945854187,285.8635559082031,285.1679992675781,293.9518127441406,287.3978576660156,293.9500732421875,297.3776550292969,285.8641662597656,1.0,0.3452930450439453,1.0,1.0,0.0,1.0,-1.7594072818756104,1.7594047784805298,2.502667712178664e-06,1.3513888120651243,0.6617466807365417,0.6617466807365417,0.0,62.73930740356445,79.0,14395.9609375,-0.0,498.5637512207031,1.0,283.1499938964844,285.3890686035156,290.43231201171875,291.4471130371094,293.1499938964844,293.1499938964844,283.1499938964844,17090.212890625,18000.0,313.1499938964844,0.0,18000.0,1.0,0.0,0.0,0.0,1.0,0.5395695567131042,1.0,0.0,0.0,1.5375651121139526,1.5375713109970093,1.5774675432567165e-07,4.265924453735352,4.265914440155029,9.78592834144365e-06,0.0,0.0,-0.0,3902.622314453125,0.0,148.33718872070312,1895.4371337890625,0.0,644.4478759765625,0.4141319394111633,1.0,0.0,3.0,1.0,0.0
12299340,297.44879150390625,297.1499938964844,293.1499938964844,0.0,-0.0,285.8699035644531,0.8489512801170349,0.2638989686965942,0.2375249713659286,297.3612670898437,297.1499938964844,293.1499938964844,0.0,-0.0,285.869873046875,0.7892129421234131,0.2101866900920868,0.199703648686409,297.28271484375,297.1499938964844,293.1499938964844,0.0,-0.0,285.86993408203125,0.8858429789543152,0.2994662225246429,0.2099017947912216,297.3467102050781,297.1499938964844,293.1499938964844,0.0,-0.0,285.86981201171875,0.7414605021476746,0.1737444549798965,0.1653620451688766,297.2759704589844,297.1499938964844,293.1499938964844,0.0,-0.0,285.8697814941406,0.7078236937522888,0.1497031897306442,0.6776787638664246,285.8699035644531,285.11004638671875,294.0071105957031,287.4188232421875,294.00537109375,297.3885192871094,285.870361328125,1.0,0.3518067300319671,1.0,1.0,0.0,1.0,-1.7885648012161257,1.788562297821045,2.5837452994892374e-06,1.3742107152938845,0.6723294258117676,0.6723294258117676,0.0,65.64799499511719,67.0,14725.2099609375,-0.0,526.2537231445312,1.0,283.1499938964844,285.37969970703125,290.454345703125,291.4887390136719,293.1499938964844,293.1499938964844,283.1499938964844,16988.630859375,18000.0,313.1499938964844,0.0,18000.0,1.0,0.0,0.0,0.0,1.0,0.5466746091842651,1.0,0.0,0.0,1.57962167263031,1.5796279907226562,1.664943880541614e-07,4.265924453735352,4.265914440155029,9.78592834144365e-06,0.0,0.0,-0.0,3921.979248046875,0.0,157.4477996826172,1895.4371337890625,0.0,672.869873046875,0.4224089384078979,1.0,0.0,3.0,1.0,0.0
12299400,297.44879150390625,297.1499938964844,293.1499938964844,0.0,-0.0,285.8699035644531,0.8489512801170349,0.2638989686965942,0.2375249713659286,297.3612670898437,297.1499938964844,293.1499938964844,0.0,-0.0,285.869873046875,0.7892129421234131,0.2101866900920868,0.199703648686409,297.28271484375,297.1499938964844,293.1499938964844,0.0,-0.0,285.86993408203125,0.8858429789543152,0.2994662225246429,0.2099017947912216,297.3467102050781,297.1499938964844,293.1499938964844,0.0,-0.0,285.86981201171875,0.7414605021476746,0.1737444549798965,0.1653620451688766,297.2759704589844,297.1499938964844,293.1499938964844,0.0,-0.0,285.8697814941406,0.7078236937522888,0.1497031897306442,0.6776787638664246,285.8699035644531,285.11004638671875,294.0071105957031,287.4188232421875,294.00537109375,297.3885192871094,285.870361328125,1.0,0.3518067300319671,1.0,1.0,0.0,1.0,-1.7885648012161257,1.788562297821045,2.5837452994892374e-06,1.3742107152938845,0.6723294258117676,0.6723294258117676,0.0,65.64799499511719,67.0,14725.2099609375,-0.0,526.2537231445312,1.0,283.1499938964844,285.37969970703125,290.454345703125,291.4887390136719,293.1499938964844,293.1499938964844,283.1499938964844,16988.630859375,18000.0,313.1499938964844,0.0,18000.0,1.0,0.0,0.0,0.0,1.0,0.5466746091842651,1.0,0.0,0.0,1.57962167263031,1.5796279907226562,1.664943880541614e-07,4.265924453735352,4.265914440155029,9.78592834144365e-06,0.0,0.0,-0.0,3921.979248046875,0.0,157.4477996826172,1895.4371337890625,0.0,672.869873046875,0.4224089384078979,1.0,0.0,3.0,1.0,0.0
12299460,297.4583740234375,297.1499938964844,293.1499938964844,0.0,-0.0,285.872802734375,0.8616201281547546,0.2686546146869659,0.2416735291481018,297.3721008300781,297.1499938964844,293.1499938964844,0.0,-0.0,285.8727722167969,0.801544189453125,0.2139604389667511,0.2031402587890625,297.29083251953125,297.1499938964844,293.1499938964844,0.0,-0.0,285.872802734375,0.8968417644500732,0.301968514919281,0.2115555703639984,297.3563537597656,297.1499938964844,293.1499938964844,0.0,-0.0,285.8727722167969,0.7526232004165649,0.1772132664918899,0.1685192435979843,297.28564453125,297.1499938964844,293.1499938964844,0.0,-0.0,285.8727722167969,0.7183221578598022,0.152279257774353,0.6886590123176575,285.872802734375,285.0499572753906,294.06231689453125,287.43963623046875,294.0606384277344,297.3988342285156,285.8729553222656,1.0,0.3531427979469299,1.0,1.0,0.0,1.0,-1.8166346549987795,1.8166320323944087,2.66326014752849e-06,1.396173119544983,0.6837373971939087,0.6837373971939087,0.0,63.86684799194336,55.0,15056.43359375,-0.0,539.5072021484375,1.0,283.1499938964844,285.36627197265625,290.4759216308594,291.5303955078125,293.1499938964844,293.1499938964844,283.1499938964844,16886.607421875,18000.0,313.1499938964844,0.0,18000.0,1.0,0.0,0.0,0.0,1.0,0.5539389252662659,1.0,0.0,0.0,1.6254217624664309,1.625428318977356,1.762891344014861e-07,4.265924453735352,4.265914440155029,9.78592834144365e-06,0.0,0.0,-0.0,3941.493896484375,0.0,167.8740692138672,1895.4371337890625,0.0,703.2139282226562,0.4315396547317505,1.0,0.0,3.0,1.0,0.0
12299520,297.4583740234375,297.1499938964844,293.1499938964844,0.0,-0.0,285.872802734375,0.8616201281547546,0.2686546146869659,0.2416735291481018,297.3721008300781,297.1499938964844,293.1499938964844,0.0,-0.0,285.8727722167969,0.801544189453125,0.2139604389667511,0.2031402587890625,297.29083251953125,297.1499938964844,293.1499938964844,0.0,-0.0,285.872802734375,0.8968417644500732,0.301968514919281,0.2115555703639984,297.3563537597656,297.1499938964844,293.1499938964844,0.0,-0.0,285.8727722167969,0.7526232004165649,0.1772132664918899,0.1685192435979843,297.28564453125,297.1499938964844,293.1499938964844,0.0,-0.0,285.8727722167969,0.7183221578598022,0.152279257774353,0.6886590123176575,285.872802734375,285.0499572753906,294.06231689453125,287.43963623046875,294.0606384277344,297.3988342285156,285.8729553222656,1.0,0.3531427979469299,1.0,1.0,0.0,1.0,-1.8166346549987795,1.8166320323944087,2.66326014752849e-06,1.396173119544983,0.6837373971939087,0.6837373971939087,0.0,63.86684799194336,55.0,15056.43359375,-0.0,539.5072021484375,1.0,283.1499938964844,285.36627197265625,290.4759216308594,291.5303955078125,293.1499938964844,293.1499938964844,283.1499938964844,16886.607421875,18000.0,313.1499938964844,0.0,18000.0,1.0,0.0,0.0,0.0,1.0,0.5539389252662659,1.0,0.0,0.0,1.6254217624664309,1.625428318977356,1.762891344014861e-07,4.265924453735352,4.265914440155029,9.78592834144365e-06,0.0,0.0,-0.0,3941.493896484375,0.0,167.8740692138672,1895.4371337890625,0.0,703.2139282226562,0.4315396547317505,1.0,0.0,3.0,1.0,0.0
12299580,297.4675598144531,297.1499938964844,293.1499938964844,0.0,-0.0,285.8722839355469,0.8893480896949768,0.2734913527965545,0.2457589656114578,297.3828430175781,297.1499938964844,293.1499938964844,0.0,-0.0,285.872314453125,0.826242208480835,0.2178630530834198,0.2065549045801162,297.29888916015625,297.1499938964844,293.1499938964844,0.0,-0.0,285.8722839355469,0.9251391291618348,0.3045680522918701,0.2131710350513458,297.3658447265625,297.1499938964844,293.1499938964844,0.0,-0.0,285.872314453125,0.7768205404281616,0.1807913929224014,0.1716348230838775,297.2951965332031,297.1499938964844,293.1499938964844,0.0,-0.0,285.8723449707031,0.7392647862434387,0.1549657434225082,0.6994502544403076,285.8722839355469,284.9876708984375,294.1175231933594,287.4603271484375,294.1158447265625,297.408935546875,285.8722839355469,1.0,0.3513074219226837,1.0,1.0,0.0,1.0,-1.8442789316177368,1.8442761898040767,2.742928472798667e-06,1.4177687168121338,0.6959518194198608,0.6959518194198608,0.0,58.53717803955078,43.0,15391.65625,-0.0,541.6461791992188,1.0,283.1499938964844,285.34912109375,290.4967346191406,291.5713806152344,293.1499938964844,293.1499938964844,283.1499938964844,16785.65234375,18000.0,313.1499938964844,0.0,18000.0,1.0,0.0,0.0,0.0,1.0,0.5612327456474304,1.0,0.0,0.0,1.6748405694961548,1.6748473644256592,1.8717177852067842e-07,4.265924453735352,4.265914440155029,9.78592834144365e-06,0.0,0.0,-0.0,3961.022705078125,0.0,179.7307891845703,1895.4371337890625,0.0,735.0343017578125,0.4415163993835449,1.0,0.0,3.0,1.0,0.0
12299640,297.4675598144531,297.1499938964844,293.1499938964844,0.0,-0.0,285.8722839355469,0.8893480896949768,0.2734913527965545,0.2457589656114578,297.3828430175781,297.1499938964844,293.1499938964844,0.0,-0.0,285.872314453125,0.826242208480835,0.2178630530834198,0.2065549045801162,297.29888916015625,297.1499938964844,293.1499938964844,0.0,-0.0,285.8722839355469,0.9251391291618348,0.3045680522918701,0.2131710350513458,297.3658447265625,297.1499938964844,293.1499938964844,0.0,-0.0,285.872314453125,0.7768205404281616,0.1807913929224014,0.1716348230838775,297.2951965332031,297.1499938964844,293.1499938964844,0.0,-0.0,285.8723449707031,0.7392647862434387,0.1549657434225082,0.6994502544403076,285.8722839355469,284.9876708984375,294.1175231933594,287.4603271484375,294.1158447265625,297.408935546875,285.8722839355469,1.0,0.3513074219226837,1.0,1.0,0.0,1.0,-1.8442789316177368,1.8442761898040767,2.742928472798667e-06,1.4177687168121338,0.6959518194198608,0.6959518194198608,0.0,58.53717803955078,43.0,15391.65625,-0.0,541.6461791992188,1.0,283.1499938964844,285.34912109375,290.4967346191406,291.5713806152344,293.1499938964844,293.1499938964844,283.1499938964844,16785.65234375,18000.0,313.1499938964844,0.0,18000.0,1.0,0.0,0.0,0.0,1.0,0.5612327456474304,1.0,0.0,0.0,1.6748405694961548,1.6748473644256592,1.8717177852067842e-07,4.265924453735352,4.265914440155029,9.78592834144365e-06,0.0,0.0,-0.0,3961.022705078125,0.0,179.7307891845703,1895.4371337890625,0.0,735.0343017578125,0.4415163993835449,1.0,0.0,3.0,1.0,0.0
12299700,297.47198486328125,297.1499938964844,293.1499938964844,0.0,-0.0,285.8712158203125,0.9100267291069032,0.2759387493133545,0.2477933168411255,297.3882141113281,297.1499938964844,293.1499938964844,0.0,-0.0,285.8712158203125,0.8434846997261047,0.2198630273342132,0.2082716226577758,297.3028869628906,297.1499938964844,293.1499938964844,0.0,-0.0,285.8711853027344,0.9472838640213012,0.3059046864509582,0.2139774709939956,297.37060546875,297.1499938964844,293.1499938964844,0.0,-0.0,285.8712463378906,0.7947791814804077,0.1826235651969909,0.1731964349746704,297.2999572753906,297.1499938964844,293.1499938964844,0.0,-0.0,285.87127685546875,0.7547999620437622,0.1563513129949569,0.7048620581626892,285.8712158203125,284.9556579589844,294.1451110839844,287.4706115722656,294.1434631347656,297.4139099121094,285.8711242675781,1.0,0.3495501577854156,1.0,1.0,0.0,1.0,-1.8581249713897705,1.8581222295761108,2.7833425519929733e-06,1.428577542304993,0.7023661732673645,0.7023661732673645,0.0,54.95123291015625,43.0,15561.958984375,-0.0,539.8104248046875,1.0,283.1499938964844,285.33953857421875,290.5069885253906,291.591796875,293.1499938964844,293.1499938964844,283.1499938964844,16735.6875,18000.0,313.1499938964844,0.0,18000.0,1.0,0.0,0.0,0.0,1.0,0.5648666024208069,1.0,0.0,0.0,1.7008781433105469,1.7008849382400513,1.930366693159158e-07,4.265924453735352,4.265914440155029,9.78592834144365e-06,0.0,0.0,-0.0,3970.886474609375,0.0,186.23619079589844,1895.4371337890625,0.0,751.4076538085938,0.4468200802803039,1.0,0.0,3.0,1.0,0.0
12299760,297.476318359375,297.1499938964844,293.1499938964844,0.0,-0.0,285.8697814941406,0.9392350316047668,0.2784042954444885,0.2498262673616409,297.3935241699219,297.1499938964844,293.1499938964844,0.0,-0.0,285.86981201171875,0.866344690322876,0.2218948006629943,0.2099996358156204,297.306884765625,297.1499938964844,293.1499938964844,0.0,-0.0,285.8697814941406,0.9731382131576538,0.3072654902935028,0.2147868275642395,297.37530517578125,297.1499938964844,293.1499938964844,0.0,-0.0,285.8698425292969,0.8171223998069763,0.1844841092824936,0.1747661083936691,297.3046569824219,297.1499938964844,293.1499938964844,0.0,-0.0,285.8698425292969,0.7755481600761414,0.1577645391225814,0.7103094458580017,285.8697814941406,284.95001220703125,294.1727294921875,287.4808959960937,294.17108154296875,297.4188232421875,285.8697204589844,1.0,0.3473755121231079,1.0,1.0,0.0,1.0,-1.8720388412475584,1.8720359802246087,2.82429800790851e-06,1.4394350051879885,0.7085555791854858,0.7085555791854858,0.0,50.89339065551758,31.0,15733.205078125,-0.0,536.4700927734375,1.0,283.1499938964844,285.3296203613281,290.5171813964844,291.6121520996094,293.1499938964844,293.1499938964844,283.1499938964844,16701.48828125,18000.0,313.1499938964844,0.0,18000.0,1.0,0.0,0.0,0.0,1.0,0.5684900283813477,1.0,0.0,0.0,1.7273571491241455,1.7273640632629397,1.9909377613203105e-07,4.265924453735352,4.265914440155029,9.78592834144365e-06,0.0,0.0,-0.0,3980.745361328125,0.0,193.08966064453125,1895.4371337890625,0.0,768.0863037109375,0.4522672295570373,1.0,0.0,3.0,1.0,0.0
12299820,297.4842529296875,297.1499938964844,293.1499938964844,0.0,-0.0,285.8589782714844,0.9951077699661256,0.2833435833454132,0.2539657652378082,297.4037170410156,297.1499938964844,293.1499938964844,0.0,-0.0,285.8592529296875,0.922646462917328,0.2260128110647201,0.2135728895664215,297.32720947265625,297.1499938964844,293.1499938964844,0.0,-0.0,285.8589782714844,0.9990000128746032,0.3112615346908569,0.2014992088079452,297.38427734375,297.1499938964844,293.1499938964844,0.0,-0.0,285.8594970703125,0.8655680418014526,0.1882499307394027,0.1780130565166473,297.31365966796875,297.1499938964844,293.1499938964844,0.0,-0.0,285.8597412109375,0.8232797384262085,0.1606366038322448,0.7217085957527161,285.8590087890625,284.95001220703125,294.2279968261719,287.5014343261719,294.2263488769531,297.42742919921875,285.8566589355469,1.0,0.3414321839809418,1.0,1.0,0.0,1.0,-1.8829550743103027,1.8829522132873533,2.8569409096235177e-06,1.4481452703475952,0.7206414937973022,0.7206414937973022,0.0,43.51227188110352,34.0,15979.8876953125,-0.0,520.3377075195312,1.0,283.1499938964844,285.3017578125,290.5368957519531,291.6508178710937,293.1499938964844,293.1499938964844,283.1499938964844,16671.9765625,18000.0,313.1499938964844,0.0,18000.0,1.0,0.0,0.0,0.0,1.0,0.5756199359893799,1.0,0.0,0.0,1.7802742719650269,1.7802814245224,2.1147899076368049e-07,4.265924453735352,4.265914440155029,9.78592834144365e-06,0.0,0.0,-0.0,3997.572021484375,0.0,207.48536682128903,1895.4371337890625,0.0,801.9534912109375,0.4633176028728485,1.0,0.0,3.0,1.0,0.0
12299880,297.4842529296875,297.1499938964844,293.1499938964844,0.0,-0.0,285.8589782714844,0.9951077699661256,0.2833435833454132,0.2539657652378082,297.4037170410156,297.1499938964844,293.1499938964844,0.0,-0.0,285.8592529296875,0.922646462917328,0.2260128110647201,0.2135728895664215,297.32720947265625,297.1499938964844,293.1499938964844,0.0,-0.0,285.8589782714844,0.9990000128746032,0.3112615346908569,0.2014992088079452,297.38427734375,297.1499938964844,293.1499938964844,0.0,-0.0,285.8594970703125,0.8655680418014526,0.1882499307394027,0.1780130565166473,297.31365966796875,297.1499938964844,293.1499938964844,0.0,-0.0,285.8597412109375,0.8232797384262085,0.1606366038322448,0.7217085957527161,285.8590087890625,284.95001220703125,294.2279968261719,287.5014343261719,294.2263488769531,297.42742919921875,285.8566589355469,1.0,0.3414321839809418,1.0,1.0,0.0,1.0,-1.8829550743103027,1.8829522132873533,2.8569409096235177e-06,1.4481452703475952,0.7206414937973022,0.7206414937973022,0.0,43.51227188110352,34.0,15979.8876953125,-0.0,520.3377075195312,1.0,283.1499938964844,285.3017578125,290.5368957519531,291.6508178710937,293.1499938964844,293.1499938964844,283.1499938964844,16671.9765625,18000.0,313.1499938964844,0.0,18000.0,1.0,0.0,0.0,0.0,1.0,0.5756199359893799,1.0,0.0,0.0,1.7802742719650269,1.7802814245224,2.1147899076368049e-07,4.265924453735352,4.265914440155029,9.78592834144365e-06,0.0,0.0,-0.0,3997.572021484375,0.0,207.48536682128903,1895.4371337890625,0.0,801.9534912109375,0.4633176028728485,1.0,0.0,3.0,1.0,0.0
12299940,297.511962890625,297.1499938964844,293.1499938964844,0.0,-0.0,285.82293701171875,0.9985893964767456,0.2903338968753814,0.2415515184402465,297.4124755859375,297.1499938964844,293.1499938964844,0.0,-0.0,285.8231201171875,0.9520244002342224,0.2301154285669326,0.2173505872488021,297.3958740234375,297.1499938964844,293.1499938964844,0.0,-0.0,285.82293701171875,0.9985893964767456,0.32045379281044,0.1878733932971954,297.3919677734375,297.1499938964844,293.1499938964844,0.0,-0.0,285.8233642578125,0.8904538750648499,0.1919959485530853,0.1814581006765365,297.3220520019531,297.1499938964844,293.1499938964844,0.0,-0.0,285.8236389160156,0.8445839285850525,0.1635607630014419,0.7342466115951538,285.8229064941406,284.95001220703125,294.2833251953125,287.5219116210937,294.2816772460937,297.44384765625,285.8207397460937,1.0,0.3381663858890533,1.0,1.0,0.0,1.0,-1.875412106513977,1.8754093647003167,2.8341839879431063e-06,1.4419978857040403,0.7320383787155151,0.7320383787155151,0.0,40.91691207885742,54.0,16085.88671875,-0.0,506.9288635253906,1.0,283.1499938964844,285.2541198730469,290.5489196777344,291.6727905273437,293.1499938964844,293.1499938964844,283.1499938964844,16683.982421875,18000.0,313.1499938964844,0.0,18000.0,1.0,0.0,0.0,0.0,1.0,0.5811690092086792,1.0,0.0,0.0,1.8321622610092163,1.8321696519851685,2.2398620558306e-07,4.265924453735352,4.265914440155029,9.78592834144365e-06,0.0,0.0,-0.0,4005.038330078125,0.0,222.5033721923828,1895.4371337890625,0.0,829.2965698242188,0.47431680560112,1.0,0.0,3.0,1.0,0.0
12300000,297.511962890625,297.1499938964844,293.1499938964844,0.0,-0.0,285.82293701171875,0.9985893964767456,0.2903338968753814,0.2415515184402465,297.4124755859375,297.1499938964844,293.1499938964844,0.0,-0.0,285.8231201171875,0.9520244002342224,0.2301154285669326,0.2173505872488021,297.3958740234375,297.1499938964844,293.1499938964844,0.0,-0.0,285.82293701171875,0.9985893964767456,0.32045379281044,0.1878733932971954,297.3919677734375,297.1499938964844,293.1499938964844,0.0,-0.0,285.8233642578125,0.8904538750648499,0.1919959485530853,0.1814581006765365,297.3220520019531,297.1499938964844,293.1499938964844,0.0,-0.0,285.8236389160156,0.8445839285850525,0.1635607630014419,0.7342466115951538,285.8229064941406,284.95001220703125,294.2833251953125,287.5219116210937,294.2816772460937,297.44384765625,285.8207397460937,1.0,0.3381663858890533,1.0,1.0,0.0,1.0,-1.875412106513977,1.8754093647003167,2.8341839879431063e-06,1.4419978857040403,0.7320383787155151,0.7320383787155151,0.0,40.91691207885742,54.0,16085.88671875,-0.0,506.9288635253906,1.0,283.1499938964844,285.2541198730469,290.5489196777344,291.6727905273437,293.1499938964844,293.1499938964844,283.1499938964844,16683.982421875,18000.0,313.1499938964844,0.0,18000.0,1.0,0.0,0.0,0.0,1.0,0.5811690092086792,1.0,0.0,0.0,1.8321622610092163,1.8321696519851685,2.2398620558306e-07,4.265924453735352,4.265914440155029,9.78592834144365e-06,0.0,0.0,-0.0,4005.038330078125,0.0,222.5033721923828,1895.4371337890625,0.0,829.2965698242188,0.47431680560112,1.0,0.0,3.0,1.0,0.0
12300060,297.5403747558594,297.1499938964844,293.1499938964844,0.0,-0.0,285.8123779296875,0.9985111355781556,0.296088695526123,0.2409510612487793,297.4179992675781,297.1499938964844,293.1499938964844,0.0,-0.0,285.8123779296875,0.9566972255706788,0.2327900528907776,0.2198463678359985,297.4355773925781,297.1499938964844,293.1499938964844,0.0,-0.0,285.8123779296875,0.9985111355781556,0.3263914287090301,0.187406376004219,297.39678955078125,297.1499938964844,293.1499938964844,0.0,-0.0,285.8123779296875,0.8949410319328308,0.1944357752799987,0.1837373822927475,297.3281555175781,297.1499938964844,293.1499938964844,0.0,-0.0,285.8123779296875,0.8483600616455078,0.1655576825141906,0.7429651021957397,285.8123779296875,284.95001220703125,294.3188171386719,287.5350036621094,294.3171691894531,297.4647827148437,285.81268310546875,1.0,0.3410651981830597,1.0,1.0,0.0,1.0,-1.8903071880340576,1.8903043270111084,2.8780123102478683e-06,1.453269600868225,0.7392829656600952,0.7392829656600952,0.0,41.186920166015625,54.0,16268.6884765625,-0.0,517.8888549804688,1.0,283.1499938964844,285.2365417480469,290.5553894042969,291.6853332519531,293.1499938964844,293.1499938964844,283.1499938964844,16693.564453125,18000.0,313.1499938964844,0.0,18000.0,1.0,0.0,0.0,0.0,1.0,0.5835098624229431,1.0,0.0,0.0,1.864792823791504,1.8648003339767456,2.320355747542635e-07,4.265924453735352,4.265914440155029,9.78592834144365e-06,0.0,0.0,-0.0,4013.102294921875,0.0,232.349349975586,1895.4371337890625,0.0,841.0952758789062,0.4812777042388916,1.0,0.0,3.0,1.0,0.0
12300120,297.5511474609375,297.1499938964844,293.1499938964844,0.0,-0.0,285.8157958984375,0.99887877702713,0.2989177703857422,0.2439479380846023,297.4212646484375,297.1499938964844,293.1499938964844,0.0,-0.0,285.8157043457031,0.9552487134933472,0.2343307584524154,0.2212958037853241,297.45074462890625,297.1499938964844,293.1499938964844,0.0,-0.0,285.8157958984375,0.99887877702713,0.3291709423065185,0.1897372752428054,297.399658203125,297.1499938964844,293.1499938964844,0.0,-0.0,285.81561279296875,0.8938256502151489,0.1958387643098831,0.1850611120462417,297.3318176269531,297.1499938964844,293.1499938964844,0.0,-0.0,285.8155212402344,0.847320556640625,0.1667258739471435,0.7481720447540283,285.8158264160156,284.95001220703125,294.3388061523437,287.5423583984375,294.3371887207031,297.4741516113281,285.8171081542969,1.0,0.3441916406154632,1.0,1.0,0.0,1.0,-1.90627670288086,1.9062737226486208,2.925854687418905e-06,1.465652585029602,0.7434743046760559,0.7434743046760559,0.0,41.95088577270508,74.0,16426.052734375,-0.0,531.3504028320312,1.0,283.1499938964844,285.2345886230469,290.56134033203125,291.6968688964844,293.1499938964844,293.1499938964844,283.1499938964844,16692.462890625,18000.0,313.1499938964844,0.0,18000.0,1.0,0.0,0.0,0.0,1.0,0.5847717523574829,1.0,0.0,0.0,1.883186936378479,1.8831945657730105,2.3663569947984802e-07,4.265924453735352,4.265914440155029,9.78592834144365e-06,0.0,0.0,-0.0,4020.85986328125,0.0,238.0111846923828,1895.4371337890625,0.0,847.5211791992188,0.4852006137371063,1.0,0.0,3.0,1.0,0.0
12300180,297.552001953125,297.1499938964844,293.1499938964844,0.0,-0.0,285.8493347167969,0.9990000128746032,0.3041340708732605,0.2622394859790802,297.4311828613281,297.1499938964844,293.1499938964844,0.0,-0.0,285.8490600585937,0.938029944896698,0.2387715280055999,0.2255257666110992,297.4613952636719,297.1499938964844,293.1499938964844,0.0,-0.0,285.8493347167969,0.9990000128746032,0.3341062366962433,0.2039640396833419,297.4082336425781,297.1499938964844,293.1499938964844,0.0,-0.0,285.8487243652344,0.8795533776283264,0.1998711824417114,0.1889189481735229,297.3418273925781,297.1499938964844,293.1499938964844,0.0,-0.0,285.848388671875,0.8347017765045166,0.1700455844402313,0.7634174823760986,285.849365234375,284.95001220703125,294.3944396972656,287.5628662109375,294.3928527832031,297.4818420410156,285.8526916503906,1.0,0.3578892648220062,1.0,1.0,0.0,1.0,-1.973326563835144,1.973323464393616,3.131963921987335e-06,1.5178585052490234,0.7556551694869995,0.7556551694869995,0.0,46.19070053100586,94.0,17022.736328125,-0.0,593.6257934570312,1.0,283.1499938964844,285.2492980957031,290.5903625488281,291.751220703125,293.1499938964844,293.1499938964844,283.1499938964844,16668.28125,18000.0,313.1499938964844,0.0,18000.0,1.0,0.0,0.0,0.0,1.0,0.5899872183799744,1.0,0.0,0.0,1.9349538087844849,1.9349617958068848,2.498242679394025e-07,4.265924453735352,4.265914440155029,9.78592834144365e-06,0.0,0.0,-0.0,4053.07861328125,0.0,254.39776611328125,1895.4371337890625,0.0,874.5757446289062,0.4962441921234131,1.0,0.0,3.0,1.0,0.0
12300240,297.552001953125,297.1499938964844,293.1499938964844,0.0,-0.0,285.8493347167969,0.9990000128746032,0.3041340708732605,0.2622394859790802,297.4311828613281,297.1499938964844,293.1499938964844,0.0,-0.0,285.8490600585937,0.938029944896698,0.2387715280055999,0.2255257666110992,297.4613952636719,297.1499938964844,293.1499938964844,0.0,-0.0,285.8493347167969,0.9990000128746032,0.3341062366962433,0.2039640396833419,297.4082336425781,297.1499938964844,293.1499938964844,0.0,-0.0,285.8487243652344,0.8795533776283264,0.1998711824417114,0.1889189481735229,297.3418273925781,297.1499938964844,293.1499938964844,0.0,-0.0,285.848388671875,0.8347017765045166,0.1700455844402313,0.7634174823760986,285.849365234375,284.95001220703125,294.3944396972656,287.5628662109375,294.3928527832031,297.4818420410156,285.8526916503906,1.0,0.3578892648220062,1.0,1.0,0.0,1.0,-1.973326563835144,1.973323464393616,3.131963921987335e-06,1.5178585052490234,0.7556551694869995,0.7556551694869995,0.0,46.19070053100586,94.0,17022.736328125,-0.0,593.6257934570312,1.0,283.1499938964844,285.2492980957031,290.5903625488281,291.751220703125,293.1499938964844,293.1499938964844,283.1499938964844,16668.28125,18000.0,313.1499938964844,0.0,18000.0,1.0,0.0,0.0,0.0,1.0,0.5899872183799744,1.0,0.0,0.0,1.9349538087844849,1.9349617958068848,2.498242679394025e-07,4.265924453735352,4.265914440155029,9.78592834144365e-06,0.0,0.0,-0.0,4053.07861328125,0.0,254.39776611328125,1895.4371337890625,0.0,874.5757446289062,0.4962441921234131,1.0,0.0,3.0,1.0,0.0
12300300,297.5359802246094,297.1499938964844,293.1499938964844,0.0,-0.0,285.8763122558594,0.997754156589508,0.3051112294197082,0.2742604315280914,297.4365539550781,297.1499938964844,293.1499938964844,0.0,-0.0,285.8758850097656,0.9220348596572876,0.2410778999328613,0.2277645617723465,297.4494323730469,297.1499938964844,293.1499938964844,0.0,-0.0,285.8763122558594,0.9990000128746032,0.3349107205867767,0.2153505682945251,297.412841796875,297.1499938964844,293.1499938964844,0.0,-0.0,285.8755187988281,0.8667691349983215,0.2019597440958023,0.1909587085247039,297.3462829589844,297.1499938964844,293.1499938964844,0.0,-0.0,285.8750915527344,0.8233824968338013,0.1716989427804947,0.7712899446487427,285.87628173828125,284.95001220703125,294.4223327636719,287.5731201171875,294.4207763671875,297.4747619628906,285.8801574707031,1.0,0.3671064972877502,1.0,1.0,0.0,1.0,-2.016237735748291,2.016234397888184,3.268169621151173e-06,1.5513826608657837,0.7620980143547058,0.7620980143547058,0.0,49.62519836425781,94.0,17390.1796875,-0.0,637.9899291992188,1.0,283.1499938964844,285.26495361328125,290.6103515625,291.7894287109375,293.1499938964844,293.1499938964844,283.1499938964844,16645.763671875,18000.0,313.1499938964844,0.0,18000.0,1.0,0.0,0.0,0.0,1.0,0.5941820740699768,1.0,0.0,0.0,1.961445927619934,1.9614540338516235,2.567119565810572e-07,4.265924453735352,4.265914440155029,9.78592834144365e-06,0.0,0.0,-0.0,4074.07080078125,0.0,263.0523986816406,1895.4371337890625,0.0,896.9230346679688,0.5019010305404663,1.0,0.0,3.0,1.0,0.0
12300360,297.52325439453125,297.1499938964844,293.1499938964844,0.0,-0.0,285.9022521972656,0.9753726720809937,0.3063010275363922,0.2752764523029327,297.4418029785156,297.1499938964844,293.1499938964844,0.0,-0.0,285.90191650390625,0.8969137668609619,0.2434102892875671,0.2301187366247177,297.4203186035156,297.1499938964844,293.1499938964844,0.0,-0.0,285.9023742675781,0.9990000128746032,0.3339585959911346,0.233996570110321,297.4173583984375,297.1499938964844,293.1499938964844,0.0,-0.0,285.9015808105469,0.8458398580551147,0.204066976904869,0.1931060850620269,297.3500061035156,297.1499938964844,293.1499938964844,0.0,-0.0,285.9012451171875,0.8034566640853882,0.1733085364103317,0.7793940901756287,285.9022521972656,284.95001220703125,294.4502868652344,287.5834045410156,294.4487609863281,297.46533203125,285.90545654296875,1.0,0.3772394061088562,1.0,1.0,0.0,1.0,-2.054847955703736,2.054844379425049,3.393519818928325e-06,1.5815986394882202,0.7687093615531921,0.7687093615531921,0.0,54.90855026245117,112.0,17736.380859375,-0.0,687.2051391601562,1.0,283.1499938964844,285.27886962890625,290.6317138671875,291.8313903808594,293.1499938964844,293.1499938964844,283.1499938964844,16620.701171875,18000.0,313.1499938964844,0.0,18000.0,1.0,0.0,0.0,0.0,1.0,0.5995731353759766,1.0,0.0,0.0,1.9883977174758911,1.98840594291687,2.638152523104509e-07,4.265924453735352,4.265914440155029,9.78592834144365e-06,0.0,0.0,-0.0,4095.28271484375,0.0,272.0661926269531,1895.4371337890625,0.0,926.4259033203124,0.5076666474342346,1.0,0.0,3.0,1.0,0.0
12300420,297.5163879394531,297.1499938964844,293.1499938964844,0.0,-0.0,285.91876220703125,0.9003373384475708,0.3103164732456207,0.2790752351284027,297.4504089355469,297.1499938964844,293.1499938964844,0.0,-0.0,285.918701171875,0.8360806107521057,0.2479798346757888,0.2350904941558838,297.37213134765625,297.1499938964844,293.1499938964844,0.0,-0.0,285.9187927246094,0.9246951341629028,0.332444965839386,0.233278289437294,297.42449951171875,297.1499938964844,293.1499938964844,0.0,-0.0,285.91864013671875,0.7901430726051331,0.2081779837608337,0.1976511776447296,297.3549194335937,297.1499938964844,293.1499938964844,0.0,-0.0,285.9185791015625,0.7482137680053711,0.1763401627540588,0.7962194085121155,285.91876220703125,284.95001220703125,294.5063781738281,287.6040344238281,294.5048522949219,297.4635925292969,285.9194030761719,1.0,0.3968097865581512,1.0,1.0,0.0,1.0,-2.090146064758301,2.0901424884796143,3.510599526634905e-06,1.609370470046997,0.7817786335945129,0.7817786335945129,0.0,71.92474365234375,115.0,18158.5546875,-0.0,777.0822143554688,1.0,283.1499938964844,285.27557373046875,290.66485595703125,291.8999938964844,293.1499938964844,293.1499938964844,283.1499938964844,16595.220703125,18000.0,313.1499938964844,0.0,18000.0,1.0,0.0,0.0,0.0,1.0,0.6121105551719666,1.0,0.0,0.0,2.042690753936768,2.0426993370056152,2.7841886662827164e-07,4.265924453735352,4.265914440155029,9.78592834144365e-06,0.0,0.0,-0.0,4124.23486328125,0.0,291.0073547363281,1895.4371337890625,0.0,998.302978515625,0.5193683505058289,1.0,0.0,3.0,1.0,0.0
12300480,297.5163879394531,297.1499938964844,293.1499938964844,0.0,-0.0,285.91876220703125,0.9003373384475708,0.3103164732456207,0.2790752351284027,297.4504089355469,297.1499938964844,293.1499938964844,0.0,-0.0,285.918701171875,0.8360806107521057,0.2479798346757888,0.2350904941558838,297.37213134765625,297.1499938964844,293.1499938964844,0.0,-0.0,285.9187927246094,0.9246951341629028,0.332444965839386,0.233278289437294,297.42449951171875,297.1499938964844,293.1499938964844,0.0,-0.0,285.91864013671875,0.7901430726051331,0.2081779837608337,0.1976511776447296,297.3549194335937,297.1499938964844,293.1499938964844,0.0,-0.0,285.9185791015625,0.7482137680053711,0.1763401627540588,0.7962194085121155,285.91876220703125,284.95001220703125,294.5063781738281,287.6040344238281,294.5048522949219,297.4635925292969,285.9194030761719,1.0,0.3968097865581512,1.0,1.0,0.0,1.0,-2.090146064758301,2.0901424884796143,3.510599526634905e-06,1.609370470046997,0.7817786335945129,0.7817786335945129,0.0,71.92474365234375,115.0,18158.5546875,-0.0,777.0822143554688,1.0,283.1499938964844,285.27557373046875,290.66485595703125,291.8999938964844,293.1499938964844,293.1499938964844,283.1499938964844,16595.220703125,18000.0,313.1499938964844,0.0,18000.0,1.0,0.0,0.0,0.0,1.0,0.6121105551719666,1.0,0.0,0.0,2.042690753936768,2.0426993370056152,2.7841886662827164e-07,4.265924453735352,4.265914440155029,9.78592834144365e-06,0.0,0.0,-0.0,4124.23486328125,0.0,291.0073547363281,1895.4371337890625,0.0,998.302978515625,0.5193683505058289,1.0,0.0,3.0,1.0,0.0
12300540,297.51678466796875,297.1499938964844,293.1499938964844,0.0,-0.0,285.9277648925781,0.8695828318595886,0.3149944841861725,0.2835895419120788,297.4576110839844,297.1499938964844,293.1499938964844,0.0,-0.0,285.9277038574219,0.810705304145813,0.2525149583816528,0.2398170530796051,297.35595703125,297.1499938964844,293.1499938964844,0.0,-0.0,285.9277648925781,0.8872952461242676,0.3336020708084106,0.2340709269046783,297.4303283691406,297.1499938964844,293.1499938964844,0.0,-0.0,285.9276428222656,0.7647130489349365,0.2122476696968078,0.2019452899694442,297.3590393066406,297.1499938964844,293.1499938964844,0.0,-0.0,285.9275817871094,0.7256054282188416,0.1793523132801056,0.8118178844451904,285.9277648925781,284.95001220703125,294.5627136230469,287.624755859375,294.5612487792969,297.467529296875,285.9284362792969,1.0,0.4115682244300842,1.0,1.0,0.0,1.0,-2.1260881423950195,2.126084566116333,3.631455228969571e-06,1.6372920274734497,0.7948747873306274,0.7948747873306274,0.0,84.35997772216797,118.0,18572.4296875,-0.0,853.9010009765625,1.0,283.1499938964844,285.2677917480469,290.6802673339844,291.9437255859375,293.1499938964844,293.1499938964844,283.1499938964844,16588.6484375,18000.0,313.1499938964844,0.0,18000.0,1.0,0.0,0.0,0.0,1.0,0.6233773827552795,1.0,0.0,0.0,2.0968141555786133,2.09682297706604,2.933683731498604e-07,4.265924453735352,4.265914440155029,9.78592834144365e-06,0.0,0.0,-0.0,4146.857421875,0.0,310.899169921875,1895.4371337890625,0.0,1066.5623779296875,0.5311267375946045,1.0,0.0,3.0,1.0,0.0
12300600,297.51678466796875,297.1499938964844,293.1499938964844,0.0,-0.0,285.9277648925781,0.8695828318595886,0.3149944841861725,0.2835895419120788,297.4576110839844,297.1499938964844,293.1499938964844,0.0,-0.0,285.9277038574219,0.810705304145813,0.2525149583816528,0.2398170530796051,297.35595703125,297.1499938964844,293.1499938964844,0.0,-0.0,285.9277648925781,0.8872952461242676,0.3336020708084106,0.2340709269046783,297.4303283691406,297.1499938964844,293.1499938964844,0.0,-0.0,285.9276428222656,0.7647130489349365,0.2122476696968078,0.2019452899694442,297.3590393066406,297.1499938964844,293.1499938964844,0.0,-0.0,285.9275817871094,0.7256054282188416,0.1793523132801056,0.8118178844451904,285.9277648925781,284.95001220703125,294.5627136230469,287.624755859375,294.5612487792969,297.467529296875,285.9284362792969,1.0,0.4115682244300842,1.0,1.0,0.0,1.0,-2.1260881423950195,2.126084566116333,3.631455228969571e-06,1.6372920274734497,0.7948747873306274,0.7948747873306274,0.0,84.35997772216797,118.0,18572.4296875,-0.0,853.9010009765625,1.0,283.1499938964844,285.2677917480469,290.6802673339844,291.9437255859375,293.1499938964844,293.1499938964844,283.1499938964844,16588.6484375,18000.0,313.1499938964844,0.0,18000.0,1.0,0.0,0.0,0.0,1.0,0.6233773827552795,1.0,0.0,0.0,2.0968141555786133,2.09682297706604,2.933683731498604e-07,4.265924453735352,4.265914440155029,9.78592834144365e-06,0.0,0.0,-0.0,4146.857421875,0.0,310.899169921875,1895.4371337890625,0.0,1066.5623779296875,0.5311267375946045,1.0,0.0,3.0,1.0,0.0
12300660,297.51904296875,297.1499938964844,293.1499938964844,0.0,-0.0,285.93780517578125,0.8546137809753418,0.3198704421520233,0.2882149219512939,297.4644470214844,297.1499938964844,293.1499938964844,0.0,-0.0,285.9377136230469,0.7971792221069336,0.2571046650409698,0.2444420009851455,297.3525085449219,297.1499938964844,293.1499938964844,0.0,-0.0,285.93780517578125,0.8689243793487549,0.3358551263809204,0.2357181012630462,297.43585205078125,297.1499938964844,293.1499938964844,0.0,-0.0,285.9376525878906,0.7527276873588562,0.2163571864366531,0.2061253488063812,297.36346435546875,297.1499938964844,293.1499938964844,0.0,-0.0,285.9375915527344,0.7141882181167603,0.1824494451284408,0.8270806670188904,285.93780517578125,284.95001220703125,294.619384765625,287.6456298828125,294.617919921875,297.4701843261719,285.93853759765625,1.0,0.4234632849693298,1.0,1.0,0.0,1.0,-2.162528276443481,2.162524461746216,3.756201522264746e-06,1.665576457977295,0.8081115484237671,0.8081115484237671,0.0,93.4002914428711,121.0,18991.900390625,-0.0,921.1676025390624,1.0,283.1499938964844,285.2612609863281,290.6918334960937,291.9801940917969,293.1499938964844,293.1499938964844,283.1499938964844,16590.10546875,18000.0,313.1499938964844,0.0,18000.0,1.0,0.0,0.0,0.0,1.0,0.6325918436050415,1.0,0.0,0.0,2.150630235671997,2.150639295578003,3.086205992985924e-07,4.265924453735352,4.265914440155029,9.78592834144365e-06,0.0,0.0,-0.0,4168.86865234375,0.0,331.6614074707031,1895.4371337890625,0.0,1124.85595703125,0.5428823232650757,1.0,0.0,3.0,1.0,0.0
12300720,297.51904296875,297.1499938964844,293.1499938964844,0.0,-0.0,285.93780517578125,0.8546137809753418,0.3198704421520233,0.2882149219512939,297.4644470214844,297.1499938964844,293.1499938964844,0.0,-0.0,285.9377136230469,0.7971792221069336,0.2571046650409698,0.2444420009851455,297.3525085449219,297.1499938964844,293.1499938964844,0.0,-0.0,285.93780517578125,0.8689243793487549,0.3358551263809204,0.2357181012630462,297.43585205078125,297.1499938964844,293.1499938964844,0.0,-0.0,285.9376525878906,0.7527276873588562,0.2163571864366531,0.2061253488063812,297.36346435546875,297.1499938964844,293.1499938964844,0.0,-0.0,285.9375915527344,0.7141882181167603,0.1824494451284408,0.8270806670188904,285.93780517578125,284.95001220703125,294.619384765625,287.6456298828125,294.617919921875,297.4701843261719,285.93853759765625,1.0,0.4234632849693298,1.0,1.0,0.0,1.0,-2.162528276443481,2.162524461746216,3.756201522264746e-06,1.665576457977295,0.8081115484237671,0.8081115484237671,0.0,93.4002914428711,121.0,18991.900390625,-0.0,921.1676025390624,1.0,283.1499938964844,285.2612609863281,290.6918334960937,291.9801940917969,293.1499938964844,293.1499938964844,283.1499938964844,16590.10546875,18000.0,313.1499938964844,0.0,18000.0,1.0,0.0,0.0,0.0,1.0,0.6325918436050415,1.0,0.0,0.0,2.150630235671997,2.150639295578003,3.086205992985924e-07,4.265924453735352,4.265914440155029,9.78592834144365e-06,0.0,0.0,-0.0,4168.86865234375,0.0,331.6614074707031,1895.4371337890625,0.0,1124.85595703125,0.5428823232650757,1.0,0.0,3.0,1.0,0.0
12300780,297.5218811035156,297.1499938964844,293.1499938964844,0.0,-0.0,285.9490661621094,0.8467533588409424,0.3248326480388641,0.2928508520126343,297.4712829589844,297.1499938964844,293.1499938964844,0.0,-0.0,285.948974609375,0.7901248931884766,0.2617816030979156,0.2490566074848175,297.3545227050781,297.1499938964844,293.1499938964844,0.0,-0.0,285.9490661621094,0.8585819602012634,0.3386187851428985,0.2377350032329559,297.4413757324219,297.1499938964844,293.1499938964844,0.0,-0.0,285.94891357421875,0.7468134760856628,0.2205373644828796,0.2102797925472259,297.3682861328125,297.1499938964844,293.1499938964844,0.0,-0.0,285.9488220214844,0.7078355550765991,0.185641199350357,0.8423539400100708,285.9490661621094,284.95001220703125,294.6764221191406,287.66668701171875,294.6749572753906,297.4734191894531,285.9498596191406,1.0,0.4335023164749145,1.0,1.0,0.0,1.0,-2.1993956565856934,2.199391841888428,3.884705620293971e-06,1.6941853761672974,0.8215066194534302,0.8215066194534302,0.0,100.2820053100586,109.0,19416.662109375,-0.0,982.8895263671876,1.0,283.1499938964844,285.2561340332031,290.7065124511719,292.018798828125,293.1499938964844,293.1499938964844,283.1499938964844,16598.04296875,18000.0,313.1499938964844,0.0,18000.0,1.0,0.0,0.0,0.0,1.0,0.6404949426651001,1.0,0.0,0.0,2.203925609588623,2.203935146331787,3.2410616768174805e-07,4.265924453735352,4.265914440155029,9.78592834144365e-06,0.0,0.0,-0.0,4192.1220703125,0.0,353.2096252441406,1895.4371337890625,0.0,1176.5548095703125,0.5545798540115356,1.0,0.0,3.0,1.0,0.0
12300840,297.5218811035156,297.1499938964844,293.1499938964844,0.0,-0.0,285.9490661621094,0.8467533588409424,0.3248326480388641,0.2928508520126343,297.4712829589844,297.1499938964844,293.1499938964844,0.0,-0.0,285.948974609375,0.7901248931884766,0.2617816030979156,0.2490566074848175,297.3545227050781,297.1499938964844,293.1499938964844,0.0,-0.0,285.9490661621094,0.8585819602012634,0.3386187851428985,0.2377350032329559,297.4413757324219,297.1499938964844,293.1499938964844,0.0,-0.0,285.94891357421875,0.7468134760856628,0.2205373644828796,0.2102797925472259,297.3682861328125,297.1499938964844,293.1499938964844,0.0,-0.0,285.9488220214844,0.7078355550765991,0.185641199350357,0.8423539400100708,285.9490661621094,284.95001220703125,294.6764221191406,287.66668701171875,294.6749572753906,297.4734191894531,285.9498596191406,1.0,0.4335023164749145,1.0,1.0,0.0,1.0,-2.1993956565856934,2.199391841888428,3.884705620293971e-06,1.6941853761672974,0.8215066194534302,0.8215066194534302,0.0,100.2820053100586,109.0,19416.662109375,-0.0,982.8895263671876,1.0,283.1499938964844,285.2561340332031,290.7065124511719,292.018798828125,293.1499938964844,293.1499938964844,283.1499938964844,16598.04296875,18000.0,313.1499938964844,0.0,18000.0,1.0,0.0,0.0,0.0,1.0,0.6404949426651001,1.0,0.0,0.0,2.203925609588623,2.203935146331787,3.2410616768174805e-07,4.265924453735352,4.265914440155029,9.78592834144365e-06,0.0,0.0,-0.0,4192.1220703125,0.0,353.2096252441406,1895.4371337890625,0.0,1176.5548095703125,0.5545798540115356,1.0,0.0,3.0,1.0,0.0
12300900,297.5234375,297.1499938964844,293.1499938964844,0.0,-0.0,285.9548034667969,0.8482356071472168,0.32733815908432,0.2950923442840576,297.4747619628906,297.1499938964844,293.1499938964844,0.0,-0.0,285.9547424316406,0.7919651865959167,0.264157623052597,0.2512938380241394,297.35650634765625,297.1499938964844,293.1499938964844,0.0,-0.0,285.9548034667969,0.8591810464859009,0.3401099443435669,0.2387560606002807,297.4441833496094,297.1499938964844,293.1499938964844,0.0,-0.0,285.9546813964844,0.7485526204109192,0.2226589173078537,0.2122811824083328,297.3708190917969,297.1499938964844,293.1499938964844,0.0,-0.0,285.95458984375,0.7094352841377258,0.1872735172510147,0.8496580719947815,285.9548034667969,284.95001220703125,294.705078125,287.6772766113281,294.7036437988281,297.4751892089844,285.9555358886719,1.0,0.4360171556472778,1.0,1.0,0.0,1.0,-2.217180013656616,2.2171761989593506,3.947552158933831e-06,1.7080031633377075,0.8282631039619446,0.8282631039619446,0.0,101.0924072265625,109.0,19626.10546875,-0.0,1003.8623046875,1.0,283.1499938964844,285.25372314453125,290.7154541015625,292.0397033691406,293.1499938964844,293.1499938964844,283.1499938964844,16604.23828125,18000.0,313.1499938964844,0.0,18000.0,1.0,0.0,0.0,0.0,1.0,0.6442235708236694,1.0,0.0,0.0,2.2303125858306885,2.2303221225738525,3.319134691537329e-07,4.265924453735352,4.265914440155029,9.78592834144365e-06,0.0,0.0,-0.0,4204.15869140625,0.0,364.2491149902344,1895.4371337890625,0.0,1201.475341796875,0.5603917241096497,1.0,0.0,3.0,1.0,0.0
12300960,297.52508544921875,297.1499938964844,293.1499938964844,0.0,-0.0,285.96026611328125,0.8528403639793396,0.3298663794994354,0.2972928881645202,297.4783630371094,297.1499938964844,293.1499938964844,0.0,-0.0,285.960205078125,0.796897292137146,0.2665665447711944,0.2534970343112945,297.35894775390625,297.1499938964844,293.1499938964844,0.0,-0.0,285.96026611328125,0.8630516529083252,0.3416584432125091,0.2397741377353668,297.4471130371094,297.1499938964844,293.1499938964844,0.0,-0.0,285.96014404296875,0.7530267834663391,0.2248096317052841,0.2142449170351028,297.37353515625,297.1499938964844,293.1499938964844,0.0,-0.0,285.9600524902344,0.7136923670768738,0.1889374554157257,0.8567958474159241,285.96026611328125,284.95001220703125,294.7338256835937,287.6879272460937,294.7323913574219,297.47705078125,285.96099853515625,1.0,0.4374625086784363,1.0,1.0,0.0,1.0,-2.2346248626708984,2.2346208095550537,4.009696112916572e-06,1.7215421199798584,0.8350531458854675,0.8350531458854675,0.0,100.32786560058594,97.0,19833.185546875,-0.0,1018.7808227539062,1.0,283.1499938964844,285.2512512207031,290.7251281738281,292.06134033203125,293.1499938964844,293.1499938964844,283.1499938964844,16612.1015625,18000.0,313.1499938964844,0.0,18000.0,1.0,0.0,0.0,0.0,1.0,0.6478915214538574,1.0,0.0,0.0,2.256479501724243,2.2564890384674072,3.3974737334574456e-07,4.265924453735352,4.265914440155029,9.78592834144365e-06,0.0,0.0,-0.0,4216.27685546875,0.0,375.4442443847656,1895.4371337890625,0.0,1226.313720703125,0.5661693811416626,1.0,0.0,3.0,1.0,0.0
12301020,297.5287475585937,297.1499938964844,293.1499938964844,0.0,-0.0,285.9715881347656,0.8694974184036255,0.3349879682064056,0.3016347885131836,297.4858703613281,297.1499938964844,293.1499938964844,0.0,-0.0,285.9715270996094,0.8135027885437012,0.2714868187904358,0.2578741014003753,297.3647766113281,297.1499938964844,293.1499938964844,0.0,-0.0,285.9715881347656,0.8784402012825012,0.3448946475982666,0.2418230772018432,297.4533386230469,297.1499938964844,293.1499938964844,0.0,-0.0,285.9714660644531,0.7685853838920593,0.2292032390832901,0.2181332409381866,297.37939453125,297.1499938964844,293.1499938964844,0.0,-0.0,285.97137451171875,0.7274659276008606,0.1923636496067047,0.8709160089492798,285.9715881347656,284.95001220703125,294.79168701171875,287.7094116210937,294.7902526855469,297.4811706542969,285.97235107421875,1.0,0.4379754662513733,1.0,1.0,0.0,1.0,-2.2691903114318848,2.26918625831604,4.134354185225675e-06,1.748366355895996,0.8487493991851807,0.8487493991851807,0.0,95.65959167480467,85.0,20246.24609375,-0.0,1036.708740234375,1.0,283.1499938964844,285.2469482421875,290.7457580566406,292.10601806640625,293.1499938964844,293.1499938964844,283.1499938964844,16632.1171875,18000.0,313.1499938964844,0.0,18000.0,1.0,0.0,0.0,0.0,1.0,0.655146062374115,1.0,0.0,0.0,2.308070659637451,2.308080673217773,3.554606564648566e-07,4.265924453735352,4.265914440155029,9.78592834144365e-06,0.0,0.0,-0.0,4240.8984375,0.0,398.2492065429688,1895.4371337890625,0.0,1276.3636474609375,0.5775992274284363,1.0,0.0,3.0,1.0,0.0
12301080,297.5287475585937,297.1499938964844,293.1499938964844,0.0,-0.0,285.9715881347656,0.8694974184036255,0.3349879682064056,0.3016347885131836,297.4858703613281,297.1499938964844,293.1499938964844,0.0,-0.0,285.9715270996094,0.8135027885437012,0.2714868187904358,0.2578741014003753,297.3647766113281,297.1499938964844,293.1499938964844,0.0,-0.0,285.9715881347656,0.8784402012825012,0.3448946475982666,0.2418230772018432,297.4533386230469,297.1499938964844,293.1499938964844,0.0,-0.0,285.9714660644531,0.7685853838920593,0.2292032390832901,0.2181332409381866,297.37939453125,297.1499938964844,293.1499938964844,0.0,-0.0,285.97137451171875,0.7274659276008606,0.1923636496067047,0.8709160089492798,285.9715881347656,284.95001220703125,294.79168701171875,287.7094116210937,294.7902526855469,297.4811706542969,285.97235107421875,1.0,0.4379754662513733,1.0,1.0,0.0,1.0,-2.2691903114318848,2.26918625831604,4.134354185225675e-06,1.748366355895996,0.8487493991851807,0.8487493991851807,0.0,95.65959167480467,85.0,20246.24609375,-0.0,1036.708740234375,1.0,283.1499938964844,285.2469482421875,290.7457580566406,292.10601806640625,293.1499938964844,293.1499938964844,283.1499938964844,16632.1171875,18000.0,313.1499938964844,0.0,18000.0,1.0,0.0,0.0,0.0,1.0,0.655146062374115,1.0,0.0,0.0,2.308070659637451,2.308080673217773,3.554606564648566e-07,4.265924453735352,4.265914440155029,9.78592834144365e-06,0.0,0.0,-0.0,4240.8984375,0.0,398.2492065429688,1895.4371337890625,0.0,1276.3636474609375,0.5775992274284363,1.0,0.0,3.0,1.0,0.0
12301140,297.5326843261719,297.1499938964844,293.1499938964844,0.0,-0.0,285.98394775390625,0.8963633179664612,0.3401858508586883,0.3059388399124145,297.4937438964844,297.1499938964844,293.1499938964844,0.0,-0.0,285.98388671875,0.8372856378555298,0.2765394449234009,0.2622626423835754,297.3713684082031,297.1499938964844,293.1499938964844,0.0,-0.0,285.98394775390625,0.9040086269378662,0.3482818007469177,0.2438991814851761,297.4599304199219,297.1499938964844,293.1499938964844,0.0,-0.0,285.9838256835937,0.7932652235031128,0.2337159514427185,0.22202068567276,297.3857727050781,297.1499938964844,293.1499938964844,0.0,-0.0,285.9837341308594,0.7484549283981323,0.1959156692028045,0.8850656747817993,285.98394775390625,284.95001220703125,294.8500061035156,287.73114013671875,294.8486022949219,297.4856262207031,285.9847717285156,1.0,0.4363826215267181,1.0,1.0,0.0,1.0,-2.3037922382354736,2.30378794670105,4.2611764001776464e-06,1.7752211093902588,0.8626172542572021,0.8626172542572021,0.0,88.08840942382812,73.0,20661.169921875,-0.0,1043.6630859375,1.0,283.1499938964844,285.24395751953125,290.7672424316406,292.15185546875,293.1499938964844,293.1499938964844,283.1499938964844,16657.193359375,18000.0,313.1499938964844,0.0,18000.0,1.0,0.0,0.0,0.0,1.0,0.662365734577179,1.0,0.0,0.0,2.358543634414673,2.358553886413574,3.711771228154248e-07,4.265924453735352,4.265914440155029,9.78592834144365e-06,0.0,0.0,-0.0,4265.9970703125,0.0,421.5174560546875,1895.4371337890625,0.0,1327.3583984375,0.5888264775276184,1.0,0.0,3.0,1.0,0.0
12301200,297.5326843261719,297.1499938964844,293.1499938964844,0.0,-0.0,285.98394775390625,0.8963633179664612,0.3401858508586883,0.3059388399124145,297.4937438964844,297.1499938964844,293.1499938964844,0.0,-0.0,285.98388671875,0.8372856378555298,0.2765394449234009,0.2622626423835754,297.3713684082031,297.1499938964844,293.1499938964844,0.0,-0.0,285.98394775390625,0.9040086269378662,0.3482818007469177,0.2438991814851761,297.4599304199219,297.1499938964844,293.1499938964844,0.0,-0.0,285.9838256835937,0.7932652235031128,0.2337159514427185,0.22202068567276,297.3857727050781,297.1499938964844,293.1499938964844,0.0,-0.0,285.9837341308594,0.7484549283981323,0.1959156692028045,0.8850656747817993,285.98394775390625,284.95001220703125,294.8500061035156,287.73114013671875,294.8486022949219,297.4856262207031,285.9847717285156,1.0,0.4363826215267181,1.0,1.0,0.0,1.0,-2.3037922382354736,2.30378794670105,4.2611764001776464e-06,1.7752211093902588,0.8626172542572021,0.8626172542572021,0.0,88.08840942382812,73.0,20661.169921875,-0.0,1043.6630859375,1.0,283.1499938964844,285.24395751953125,290.7672424316406,292.15185546875,293.1499938964844,293.1499938964844,283.1499938964844,16657.193359375,18000.0,313.1499938964844,0.0,18000.0,1.0,0.0,0.0,0.0,1.0,0.662365734577179,1.0,0.0,0.0,2.358543634414673,2.358553886413574,3.711771228154248e-07,4.265924453735352,4.265914440155029,9.78592834144365e-06,0.0,0.0,-0.0,4265.9970703125,0.0,421.5174560546875,1895.4371337890625,0.0,1327.3583984375,0.5888264775276184,1.0,0.0,3.0,1.0,0.0
12301260,297.53387451171875,297.1499938964844,293.1499938964844,0.0,-0.0,285.9935607910156,0.9241843223571776,0.3437967896461487,0.3089576661586761,297.49774169921875,297.1499938964844,293.1499938964844,0.0,-0.0,285.9934997558594,0.8605989813804626,0.2800750434398651,0.2653693258762359,297.3746032714844,297.1499938964844,293.1499938964844,0.0,-0.0,285.9935607910156,0.931713879108429,0.3506244719028473,0.2453588545322418,297.4630432128906,297.1499938964844,293.1499938964844,0.0,-0.0,285.993408203125,0.816476047039032,0.2368528395891189,0.2247582226991653,297.3887023925781,297.1499938964844,293.1499938964844,0.0,-0.0,285.9933166503906,0.7695562839508057,0.1983605325222015,0.8949715495109558,285.9935607910156,284.95001220703125,294.8937683105469,287.7481384277344,294.89227294921875,297.4873352050781,285.994384765625,1.0,0.4343965351581573,1.0,1.0,0.0,1.0,-2.3280935287475586,2.3280892372131348,4.351504685473628e-06,1.7941086292266846,0.8727176785469055,0.8727176785469055,0.0,81.55558776855469,73.0,20959.466796875,-0.0,1043.7564697265625,1.0,283.1499938964844,285.2426147460937,290.7833557128906,292.1854553222656,293.1499938964844,293.1499938964844,283.1499938964844,16678.1015625,18000.0,313.1499938964844,0.0,18000.0,1.0,0.0,0.0,0.0,1.0,0.6674285531044006,1.0,0.0,0.0,2.3941128253936768,2.394123315811157,3.8245696032390697e-07,4.265924453735352,4.265914440155029,9.78592834144365e-06,0.0,0.0,-0.0,4284.36181640625,0.0,438.4955749511719,1895.4371337890625,0.0,1363.8018798828125,0.5967631340026855,1.0,0.0,3.0,1.0,0.0
12301320,297.5336303710937,297.1499938964844,293.1499938964844,0.0,-0.0,285.9971923828125,0.937414050102234,0.3451323509216308,0.3100704848766327,297.4985046386719,297.1499938964844,293.1499938964844,0.0,-0.0,285.99713134765625,0.8713645339012146,0.2813818454742431,0.2665160894393921,297.3751220703125,297.1499938964844,293.1499938964844,0.0,-0.0,285.9972229003906,0.9443660378456116,0.351471871137619,0.2458833158016204,297.46343994140625,297.1499938964844,293.1499938964844,0.0,-0.0,285.9970703125,0.8260990977287292,0.2380010336637497,0.2257585674524307,297.3890075683594,297.1499938964844,293.1499938964844,0.0,-0.0,285.9969787597656,0.7792342901229858,0.1992365568876266,0.8985112905502319,285.9972229003906,284.95001220703125,294.91162109375,287.7554016113281,294.9100952148437,297.4872741699219,285.9979858398437,1.0,0.4334662556648254,1.0,1.0,0.0,1.0,-2.336892604827881,2.336888313293457,4.384464318718528e-06,1.800951600074768,0.8766691088676453,0.8766691088676453,0.0,78.90180969238281,61.0,21072.69921875,-0.0,1042.6246337890625,1.0,283.1499938964844,285.2420349121094,290.7900085449219,292.19873046875,293.1499938964844,293.1499938964844,283.1499938964844,16686.951171875,18000.0,313.1499938964844,0.0,18000.0,1.0,0.0,0.0,0.0,1.0,0.6693217158317566,1.0,0.0,0.0,2.407756328582764,2.4077670574188232,3.86828475029688e-07,4.265924453735352,4.265914440155029,9.78592834144365e-06,0.0,0.0,-0.0,4291.517578125,0.0,445.1378479003906,1895.4371337890625,0.0,1377.5711669921875,0.5998126864433289,1.0,0.0,3.0,1.0,0.0
12301380,297.53076171875,297.1499938964844,293.1499938964844,0.0,-0.0,286.0093994140625,0.9880553483963012,0.3497025370597839,0.3138166964054107,297.4989013671875,297.1499938964844,293.1499938964844,0.0,-0.0,286.00933837890625,0.921556293964386,0.285838782787323,0.2703642845153808,297.37506103515625,297.1499938964844,293.1499938964844,0.0,-0.0,286.0093994140625,0.9918293952941896,0.3543187081813812,0.2475933134555816,297.4624328613281,297.1499938964844,293.1499938964844,0.0,-0.0,286.00927734375,0.8694295883178711,0.2418724596500396,0.2290662825107574,297.38751220703125,297.1499938964844,293.1499938964844,0.0,-0.0,286.0092163085937,0.8214259743690491,0.2021140307188034,0.9098076820373536,286.0093994140625,284.95001220703125,294.97900390625,287.7841796875,294.97735595703125,297.4850769042969,286.0101318359375,1.0,0.429532915353775,1.0,1.0,0.0,1.0,-2.3656165599823,2.365612030029297,4.49293702331488e-06,1.8232730627059937,0.890877366065979,0.890877366065979,0.0,69.01100158691406,64.0,21464.3984375,-0.0,1033.85986328125,1.0,283.1499938964844,285.239501953125,290.8160400390625,292.2475280761719,293.1499938964844,293.1499938964844,283.1499938964844,16722.08203125,18000.0,313.1499938964844,0.0,18000.0,1.0,0.0,0.0,0.0,1.0,0.6756950616836548,1.0,0.0,0.0,2.455528736114502,2.4555397033691406,4.023309543299547e-07,4.265924453735352,4.265914440155029,9.78592834144365e-06,0.0,0.0,-0.0,4317.1240234375,0.0,468.9738159179688,1895.4371337890625,0.0,1424.477783203125,0.6105130314826965,1.0,0.0,3.0,1.0,0.0
12301440,297.53076171875,297.1499938964844,293.1499938964844,0.0,-0.0,286.0093994140625,0.9880553483963012,0.3497025370597839,0.3138166964054107,297.4989013671875,297.1499938964844,293.1499938964844,0.0,-0.0,286.00933837890625,0.921556293964386,0.285838782787323,0.2703642845153808,297.37506103515625,297.1499938964844,293.1499938964844,0.0,-0.0,286.0093994140625,0.9918293952941896,0.3543187081813812,0.2475933134555816,297.4624328613281,297.1499938964844,293.1499938964844,0.0,-0.0,286.00927734375,0.8694295883178711,0.2418724596500396,0.2290662825107574,297.38751220703125,297.1499938964844,293.1499938964844,0.0,-0.0,286.0092163085937,0.8214259743690491,0.2021140307188034,0.9098076820373536,286.0093994140625,284.95001220703125,294.97900390625,287.7841796875,294.97735595703125,297.4850769042969,286.0101318359375,1.0,0.429532915353775,1.0,1.0,0.0,1.0,-2.3656165599823,2.365612030029297,4.49293702331488e-06,1.8232730627059937,0.890877366065979,0.890877366065979,0.0,69.01100158691406,64.0,21464.3984375,-0.0,1033.85986328125,1.0,283.1499938964844,285.239501953125,290.8160400390625,292.2475280761719,293.1499938964844,293.1499938964844,283.1499938964844,16722.08203125,18000.0,313.1499938964844,0.0,18000.0,1.0,0.0,0.0,0.0,1.0,0.6756950616836548,1.0,0.0,0.0,2.455528736114502,2.4555397033691406,4.023309543299547e-07,4.265924453735352,4.265914440155029,9.78592834144365e-06,0.0,0.0,-0.0,4317.1240234375,0.0,468.9738159179688,1895.4371337890625,0.0,1424.477783203125,0.6105130314826965,1.0,0.0,3.0,1.0,0.0
12301500,297.5287780761719,297.1499938964844,293.1499938964844,0.0,-0.0,286.0144348144531,0.9990000128746032,0.3519193232059479,0.3148183226585388,297.498046875,297.1499938964844,293.1499938964844,0.0,-0.0,286.014404296875,0.9397416710853576,0.2879653871059418,0.2722968161106109,297.3759460449219,297.1499938964844,293.1499938964844,0.0,-0.0,286.0144348144531,0.9990000128746032,0.3558304607868194,0.2451362460851669,297.4608459472656,297.1499938964844,293.1499938964844,0.0,-0.0,286.014404296875,0.8844162821769714,0.2436956167221069,0.230718195438385,297.38555908203125,297.1499938964844,293.1499938964844,0.0,-0.0,286.0143737792969,0.8341383934020996,0.2034271508455276,0.9153878092765808,286.0144348144531,284.95001220703125,295.01470947265625,287.8001708984375,295.01300048828125,297.4833679199219,286.01446533203125,1.0,0.4290793538093567,1.0,1.0,0.0,1.0,-2.374265432357788,2.374260902404785,4.52631729785935e-06,1.830237627029419,0.8980262279510498,0.8980262279510498,0.0,66.6318359375,64.0,21629.76171875,-0.0,1033.85205078125,1.0,283.1499938964844,285.2369079589844,290.8305053710937,292.2727966308594,293.1499938964844,293.1499938964844,283.1499938964844,16741.70703125,18000.0,313.1499938964844,0.0,18000.0,1.0,0.0,0.0,0.0,1.0,0.6786560416221619,1.0,0.0,0.0,2.47882342338562,2.478834629058838,4.100006947282964e-07,4.265924453735352,4.265914440155029,9.78592834144365e-06,0.0,0.0,-0.0,4329.4501953125,0.0,480.9277038574219,1895.4371337890625,0.0,1446.554443359375,0.6157428026199341,1.0,0.0,3.0,1.0,0.0
12301560,297.5318603515625,297.1499938964844,293.1499938964844,0.0,-0.0,286.0126647949219,0.9990000128746032,0.3546185791492462,0.3107688128948211,297.4964599609375,297.1499938964844,293.1499938964844,0.0,-0.0,286.0126953125,0.9472892880439758,0.2900147438049316,0.2742295861244201,297.38330078125,297.1499938964844,293.1499938964844,0.0,-0.0,286.0126647949219,0.9990000128746032,0.3579799234867096,0.2417090684175491,297.4585266113281,297.1499938964844,293.1499938964844,0.0,-0.0,286.0127258300781,0.8908565640449524,0.2454361021518707,0.232364147901535,297.3828430175781,297.1499938964844,293.1499938964844,0.0,-0.0,286.01275634765625,0.8394041061401367,0.2046535015106201,0.920908510684967,286.0126647949219,284.95001220703125,295.0516662597656,287.8171081542969,295.0498962402344,297.484130859375,286.0124816894531,1.0,0.4289045631885528,1.0,1.0,0.0,1.0,-2.376845121383667,2.376840591430664,4.53601796834846e-06,1.8321620225906368,0.9050941467285156,0.9050941467285156,0.0,65.89217376708984,67.0,21746.55078125,-0.0,1033.3724365234375,1.0,283.1499938964844,285.2291564941406,290.8451232910156,292.2959899902344,293.1499938964844,293.1499938964844,283.1499938964844,16765.37109375,19080.0,313.1499938964844,0.0,18000.0,1.0,0.0,0.0,0.0,1.0,0.6813540458679199,1.0,0.0,0.0,2.501622676849365,2.501633882522583,4.175773540282536e-07,4.265924453735352,4.265914440155029,9.78592834144365e-06,0.0,0.0,-0.0,4338.98828125,0.0,492.8550415039063,1895.4371337890625,0.0,1466.8248291015625,0.6238715052604675,1.0,0.0,3.0,1.0,0.0
12301620,297.54931640625,297.1499938964844,293.1499938964844,0.0,-0.0,285.99676513671875,0.9990000128746032,0.3612173199653625,0.3056026697158813,297.4917907714844,297.1499938964844,293.1499938964844,0.0,-0.0,285.9967956542969,0.9577536582946776,0.2939324975013733,0.2779375910758972,297.4048156738281,297.1499938964844,293.1499938964844,0.0,-0.0,285.99676513671875,0.9990000128746032,0.3631118535995483,0.2376909554004669,297.452392578125,297.1499938964844,293.1499938964844,0.0,-0.0,285.996826171875,0.9001204371452332,0.248726800084114,0.2354879379272461,297.3760986328125,297.1499938964844,293.1499938964844,0.0,-0.0,285.9968566894531,0.8468431830406189,0.2069194912910461,0.931150496006012,285.99676513671875,284.95001220703125,295.1289978027344,287.8537292480469,295.12713623046875,297.4938049316406,285.9964599609375,1.0,0.4297990500926971,1.0,1.0,0.0,1.0,-2.386317253112793,2.38631272315979,4.572043053485686e-06,1.8393980264663696,0.9189268946647644,0.9189268946647644,0.0,65.24177551269531,85.0,22060.587890625,-0.0,1041.010009765625,1.0,283.1499938964844,285.197021484375,290.87701416015625,292.34552001953125,293.1499938964844,293.1499938964844,283.1499938964844,17260.810546875,20160.0,313.1499938964844,0.0,18000.0,1.0,0.0,0.0,0.0,1.0,0.6860210299491882,1.0,0.0,0.0,2.578235387802124,2.578247308731079,4.435457867657533e-07,4.265924453735352,4.265914440155029,9.78592834144365e-06,0.0,0.0,-0.0,4362.8662109375,0.0,536.6455688476562,1895.4371337890625,0.0,1502.2283935546875,0.6421829462051392,1.0,0.0,3.0,1.0,0.0
12301680,297.54931640625,297.1499938964844,293.1499938964844,0.0,-0.0,285.99676513671875,0.9990000128746032,0.3612173199653625,0.3056026697158813,297.4917907714844,297.1499938964844,293.1499938964844,0.0,-0.0,285.9967956542969,0.9577536582946776,0.2939324975013733,0.2779375910758972,297.4048156738281,297.1499938964844,293.1499938964844,0.0,-0.0,285.99676513671875,0.9990000128746032,0.3631118535995483,0.2376909554004669,297.452392578125,297.1499938964844,293.1499938964844,0.0,-0.0,285.996826171875,0.9001204371452332,0.248726800084114,0.2354879379272461,297.3760986328125,297.1499938964844,293.1499938964844,0.0,-0.0,285.9968566894531,0.8468431830406189,0.2069194912910461,0.931150496006012,285.99676513671875,284.95001220703125,295.1289978027344,287.8537292480469,295.12713623046875,297.4938049316406,285.9964599609375,1.0,0.4297990500926971,1.0,1.0,0.0,1.0,-2.386317253112793,2.38631272315979,4.572043053485686e-06,1.8393980264663696,0.9189268946647644,0.9189268946647644,0.0,65.24177551269531,85.0,22060.587890625,-0.0,1041.010009765625,1.0,283.1499938964844,285.197021484375,290.87701416015625,292.34552001953125,293.1499938964844,293.1499938964844,283.1499938964844,17260.810546875,20160.0,313.1499938964844,0.0,18000.0,1.0,0.0,0.0,0.0,1.0,0.6860210299491882,1.0,0.0,0.0,2.578235387802124,2.578247308731079,4.435457867657533e-07,4.265924453735352,4.265914440155029,9.78592834144365e-06,0.0,0.0,-0.0,4362.8662109375,0.0,536.6455688476562,1895.4371337890625,0.0,1502.2283935546875,0.6421829462051392,1.0,0.0,3.0,1.0,0.0
12301740,297.5528259277344,297.1499938964844,293.1499938964844,0.0,-0.0,285.9946594238281,0.9990000128746032,0.3666698038578033,0.314862310886383,297.4866638183594,297.1499938964844,293.1499938964844,0.0,-0.0,285.9945983886719,0.9520022869110109,0.2977409064769745,0.2816027104854584,297.41436767578125,297.1499938964844,293.1499938964844,0.0,-0.0,285.9946594238281,0.9990000128746032,0.3673396110534668,0.2448929101228714,297.4458312988281,297.1499938964844,293.1499938964844,0.0,-0.0,285.9944763183594,0.8949042558670044,0.25189009308815,0.2385541945695877,297.36883544921875,297.1499938964844,293.1499938964844,0.0,-0.0,285.9943542480469,0.8416839241981506,0.2090470492839813,0.941098153591156,285.99468994140625,284.95001220703125,295.21051025390625,287.8936767578125,295.2085876464844,297.4964904785156,285.9958801269531,1.0,0.4381586611270904,1.0,1.0,0.0,1.0,-2.4260950088500977,2.426090240478516,4.725017333839787e-06,1.8698225021362305,0.9327901005744934,0.9327901005744934,0.0,68.19212341308594,103.0,22609.111328125,-0.0,1097.15576171875,1.0,283.1499938964844,285.1750183105469,290.9177551269531,292.41082763671875,293.1499938964844,293.1499938964844,283.1499938964844,17966.732421875,21240.0,313.1499938964844,0.0,18000.0,1.0,0.0,0.0,0.0,1.0,0.6906883716583252,1.0,0.0,0.0,2.6685538291931152,2.668566465377808,4.751659048451984e-07,4.265924453735352,4.265914440155029,9.78592834144365e-06,0.0,0.0,-0.0,4399.404296875,0.0,592.1727294921875,1895.4371337890625,0.0,1538.0562744140625,0.663833737373352,1.0,0.0,3.0,1.0,0.0
12301800,297.5528259277344,297.1499938964844,293.1499938964844,0.0,-0.0,285.9946594238281,0.9990000128746032,0.3666698038578033,0.314862310886383,297.4866638183594,297.1499938964844,293.1499938964844,0.0,-0.0,285.9945983886719,0.9520022869110109,0.2977409064769745,0.2816027104854584,297.41436767578125,297.1499938964844,293.1499938964844,0.0,-0.0,285.9946594238281,0.9990000128746032,0.3673396110534668,0.2448929101228714,297.4458312988281,297.1499938964844,293.1499938964844,0.0,-0.0,285.9944763183594,0.8949042558670044,0.25189009308815,0.2385541945695877,297.36883544921875,297.1499938964844,293.1499938964844,0.0,-0.0,285.9943542480469,0.8416839241981506,0.2090470492839813,0.941098153591156,285.99468994140625,284.95001220703125,295.21051025390625,287.8936767578125,295.2085876464844,297.4964904785156,285.9958801269531,1.0,0.4381586611270904,1.0,1.0,0.0,1.0,-2.4260950088500977,2.426090240478516,4.725017333839787e-06,1.8698225021362305,0.9327901005744934,0.9327901005744934,0.0,68.19212341308594,103.0,22609.111328125,-0.0,1097.15576171875,1.0,283.1499938964844,285.1750183105469,290.9177551269531,292.41082763671875,293.1499938964844,293.1499938964844,283.1499938964844,17966.732421875,21240.0,313.1499938964844,0.0,18000.0,1.0,0.0,0.0,0.0,1.0,0.6906883716583252,1.0,0.0,0.0,2.6685538291931152,2.668566465377808,4.751659048451984e-07,4.265924453735352,4.265914440155029,9.78592834144365e-06,0.0,0.0,-0.0,4399.404296875,0.0,592.1727294921875,1895.4371337890625,0.0,1538.0562744140625,0.663833737373352,1.0,0.0,3.0,1.0,0.0
12301860,297.5195617675781,297.1499938964844,293.1499938964844,0.0,-0.0,286.011474609375,0.9882679581642152,0.3684346675872803,0.3315122425556183,297.48162841796875,297.1499938964844,293.1499938964844,0.0,-0.0,286.0113830566406,0.9215937852859496,0.3014963865280151,0.2854141592979431,297.38818359375,297.1499938964844,293.1499938964844,0.0,-0.0,286.011474609375,0.9882179498672484,0.3680725693702698,0.2577949464321136,297.43927001953125,297.1499938964844,293.1499938964844,0.0,-0.0,286.0112609863281,0.8693709969520569,0.2549739480018616,0.2417433261871338,297.361083984375,297.1499938964844,293.1499938964844,0.0,-0.0,286.0111389160156,0.8190274834632874,0.2110374420881271,0.9514319896697998,286.011474609375,284.95001220703125,295.2956848144531,287.9365234375,295.2937316894531,297.4718933105469,286.01171875,1.0,0.4516704082489013,1.0,1.0,0.0,1.0,-2.4789981842041016,2.4789934158325195,4.935445758746937e-06,1.911815404891968,0.9470256567001344,0.9470256567001344,0.0,76.33544921875,121.0,23307.8203125,-0.0,1193.9556884765625,1.0,283.1499938964844,285.1650390625,290.9724426269531,292.5038757324219,293.1499938964844,293.1499938964844,283.1499938964844,18807.857421875,22320.0,313.1499938964844,0.0,18000.0,1.0,0.0,0.0,0.0,1.0,0.6977552175521851,1.0,0.0,0.0,2.767725706100464,2.7677392959594727,5.111394898449362e-07,4.265924453735352,4.265914440155029,9.78592834144365e-06,0.0,0.0,-0.0,4449.7734375,0.0,657.7328491210938,1895.4371337890625,0.0,1593.0830078125,0.6876217722892761,1.0,0.0,3.0,1.0,0.0
12301920,297.5195617675781,297.1499938964844,293.1499938964844,0.0,-0.0,286.011474609375,0.9882679581642152,0.3684346675872803,0.3315122425556183,297.48162841796875,297.1499938964844,293.1499938964844,0.0,-0.0,286.0113830566406,0.9215937852859496,0.3014963865280151,0.2854141592979431,297.38818359375,297.1499938964844,293.1499938964844,0.0,-0.0,286.011474609375,0.9882179498672484,0.3680725693702698,0.2577949464321136,297.43927001953125,297.1499938964844,293.1499938964844,0.0,-0.0,286.0112609863281,0.8693709969520569,0.2549739480018616,0.2417433261871338,297.361083984375,297.1499938964844,293.1499938964844,0.0,-0.0,286.0111389160156,0.8190274834632874,0.2110374420881271,0.9514319896697998,286.011474609375,284.95001220703125,295.2956848144531,287.9365234375,295.2937316894531,297.4718933105469,286.01171875,1.0,0.4516704082489013,1.0,1.0,0.0,1.0,-2.4789981842041016,2.4789934158325195,4.935445758746937e-06,1.911815404891968,0.9470256567001344,0.9470256567001344,0.0,76.33544921875,121.0,23307.8203125,-0.0,1193.9556884765625,1.0,283.1499938964844,285.1650390625,290.9724426269531,292.5038757324219,293.1499938964844,293.1499938964844,283.1499938964844,18807.857421875,22320.0,313.1499938964844,0.0,18000.0,1.0,0.0,0.0,0.0,1.0,0.6977552175521851,1.0,0.0,0.0,2.767725706100464,2.7677392959594727,5.111394898449362e-07,4.265924453735352,4.265914440155029,9.78592834144365e-06,0.0,0.0,-0.0,4449.7734375,0.0,657.7328491210938,1895.4371337890625,0.0,1593.0830078125,0.6876217722892761,1.0,0.0,3.0,1.0,0.0
12301980,297.4932861328125,297.1499938964844,293.1499938964844,0.0,-0.0,286.0008850097656,0.9370352029800416,0.3704314827919006,0.3334467113018036,297.4749450683594,297.1499938964844,293.1499938964844,0.0,-0.0,286.0009155273437,0.8738427758216858,0.3050220310688019,0.2893372774124145,297.361572265625,297.1499938964844,293.1499938964844,0.0,-0.0,286.0008850097656,0.9354874491691588,0.3683744072914123,0.2582392394542694,297.4311218261719,297.1499938964844,293.1499938964844,0.0,-0.0,286.0009155273437,0.8281964063644409,0.2578136622905731,0.2450255155563354,297.3514404296875,297.1499938964844,293.1499938964844,0.0,-0.0,286.0009460449219,0.77777099609375,0.2127344012260437,0.9619359374046326,286.0008850097656,284.95001220703125,295.3839416503906,287.9819030761719,295.3819580078125,297.45166015625,286.0008850097656,1.0,0.4664168357849121,1.0,1.0,0.0,1.0,-2.506584644317627,2.506579637527466,5.044785211794078e-06,1.932550072669983,0.960950493812561,0.960950493812561,0.0,91.1518325805664,139.0,23804.521484375,0.0,1288.5955810546875,1.0,283.1499938964844,285.1327514648437,291.0255432128906,292.5918273925781,293.1499938964844,293.1499938964844,283.1499938964844,19757.05078125,23400.0,313.1499938964844,0.0,18000.0,1.0,0.0,0.0,0.0,1.0,0.7067646384239197,1.0,0.0,0.0,2.871894359588623,2.871908903121948,5.503389957084437e-07,4.265924453735352,4.265914440155029,9.78592834144365e-06,0.0,0.0,-0.0,4488.3759765625,0.0,731.9249267578125,1895.4371337890625,0.0,1664.5419921875,0.7126303315162659,1.0,0.0,3.0,1.0,0.0
12302040,297.4932861328125,297.1499938964844,293.1499938964844,0.0,-0.0,286.0008850097656,0.9370352029800416,0.3704314827919006,0.3334467113018036,297.4749450683594,297.1499938964844,293.1499938964844,0.0,-0.0,286.0009155273437,0.8738427758216858,0.3050220310688019,0.2893372774124145,297.361572265625,297.1499938964844,293.1499938964844,0.0,-0.0,286.0008850097656,0.9354874491691588,0.3683744072914123,0.2582392394542694,297.4311218261719,297.1499938964844,293.1499938964844,0.0,-0.0,286.0009155273437,0.8281964063644409,0.2578136622905731,0.2450255155563354,297.3514404296875,297.1499938964844,293.1499938964844,0.0,-0.0,286.0009460449219,0.77777099609375,0.2127344012260437,0.9619359374046326,286.0008850097656,284.95001220703125,295.3839416503906,287.9819030761719,295.3819580078125,297.45166015625,286.0008850097656,1.0,0.4664168357849121,1.0,1.0,0.0,1.0,-2.506584644317627,2.506579637527466,5.044785211794078e-06,1.932550072669983,0.960950493812561,0.960950493812561,0.0,91.1518325805664,139.0,23804.521484375,0.0,1288.5955810546875,1.0,283.1499938964844,285.1327514648437,291.0255432128906,292.5918273925781,293.1499938964844,293.1499938964844,283.1499938964844,19757.05078125,23400.0,313.1499938964844,0.0,18000.0,1.0,0.0,0.0,0.0,1.0,0.7067646384239197,1.0,0.0,0.0,2.871894359588623,2.871908903121948,5.503389957084437e-07,4.265924453735352,4.265914440155029,9.78592834144365e-06,0.0,0.0,-0.0,4488.3759765625,0.0,731.9249267578125,1895.4371337890625,0.0,1664.5419921875,0.7126303315162659,1.0,0.0,3.0,1.0,0.0
12302100,297.4851989746094,297.1499938964844,293.1499938964844,0.0,-0.0,285.9932861328125,0.9126837849617004,0.3718090653419494,0.3348943293094635,297.47119140625,297.1499938964844,293.1499938964844,0.0,-0.0,285.9933166503906,0.8549383282661438,0.3067101836204529,0.2912544310092926,297.3529663085937,297.1499938964844,293.1499938964844,0.0,-0.0,285.9932861328125,0.9104157090187072,0.3688680231571197,0.2587437033653259,297.4266357421875,297.1499938964844,293.1499938964844,0.0,-0.0,285.9933776855469,0.8111432194709778,0.2591558694839477,0.2466193437576294,297.3462219238281,297.1499938964844,293.1499938964844,0.0,-0.0,285.9934387207031,0.7604271173477173,0.2134995460510254,0.9669265747070312,285.9932861328125,284.95001220703125,295.4290771484375,288.00543212890625,295.42706298828125,297.445068359375,285.9929504394531,1.0,0.4740069210529327,1.0,1.0,0.0,1.0,-2.519144296646118,2.519139289855957,5.095532742416253e-06,1.942277431488037,0.9678296446800232,0.9678296446800232,0.0,99.32125854492188,139.0,24063.48828125,0.0,1339.232666015625,1.0,283.1499938964844,285.113037109375,291.0487060546875,292.6315612792969,293.1499938964844,293.1499938964844,283.1499938964844,20373.88671875,23400.0,313.1499938964844,0.0,18000.0,1.0,0.0,0.0,0.0,1.0,0.7110878825187683,1.0,0.0,0.0,2.9330809116363525,2.933095932006836,5.740390633945935e-07,4.265924453735352,4.265914440155029,9.78592834144365e-06,0.0,0.0,-0.0,4507.94384765625,0.0,778.3035278320312,1895.4371337890625,0.0,1699.331298828125,0.7245789766311646,1.0,0.0,3.0,1.0,0.0
12302160,297.478271484375,297.1499938964844,293.1499938964844,0.0,-0.0,285.9913330078125,0.8933367729187012,0.373252809047699,0.3364536464214325,297.46728515625,297.1499938964844,293.1499938964844,0.0,-0.0,285.9913330078125,0.8389658331871033,0.3083606958389282,0.2931409478187561,297.3460693359375,297.1499938964844,293.1499938964844,0.0,-0.0,285.9913330078125,0.8906027674674988,0.3694771230220794,0.2593595087528229,297.42205810546875,297.1499938964844,293.1499938964844,0.0,-0.0,285.9913330078125,0.795027494430542,0.2604573667049408,0.2481803596019745,297.3409423828125,297.1499938964844,293.1499938964844,0.0,-0.0,285.9913330078125,0.7457292675971985,0.2142213732004165,0.971750557422638,285.9913330078125,284.95001220703125,295.47479248046875,288.0294189453125,295.4727783203125,297.4392395019531,285.9914245605469,1.0,0.4816955327987671,1.0,1.0,0.0,1.0,-2.53169584274292,2.531690835952759,5.146515832166188e-06,1.952003717422485,0.9747503995895386,0.9747503995895386,0.0,107.77262115478516,142.0,24299.21875,0.0,1391.5638427734375,1.0,283.1499938964844,285.1015014648437,291.0705871582031,292.6678771972656,293.1499938964844,293.1499938964844,283.1499938964844,20778.02734375,24480.0,313.1499938964844,0.0,18000.0,1.0,0.0,0.0,0.0,1.0,0.7151061296463013,1.0,0.0,0.0,2.978279590606689,2.978295087814331,5.918672059124219e-07,4.265924453735352,4.265914440155029,9.78592834144365e-06,0.0,0.0,-0.0,4525.2685546875,0.0,813.4461059570312,1895.4371337890625,0.0,1731.9456787109375,0.7381887435913086,1.0,0.0,3.0,1.0,0.0
12302220,297.466064453125,297.1499938964844,293.1499938964844,0.0,-0.0,285.9823913574219,0.8727115392684937,0.3761733472347259,0.3394641876220703,297.4593811035156,297.1499938964844,293.1499938964844,0.0,-0.0,285.9823913574219,0.8219884037971497,0.3115809559822082,0.2966272532939911,297.3353881835937,297.1499938964844,293.1499938964844,0.0,-0.0,285.9823913574219,0.8688986897468567,0.3708759546279907,0.2606106400489807,297.412841796875,297.1499938964844,293.1499938964844,0.0,-0.0,285.9823913574219,0.7772468328475952,0.2629701495170593,0.2510063350200653,297.3303527832031,297.1499938964844,293.1499938964844,0.0,-0.0,285.9823913574219,0.7298898100852966,0.2155691385269165,0.9799634218215942,285.9823913574219,284.95001220703125,295.56768798828125,288.0786437988281,295.5656433105469,297.4286804199219,285.9824523925781,1.0,0.4924674332141876,1.0,1.0,0.0,1.0,-2.554271697998047,2.554266452789306,5.238956418907037e-06,1.96954345703125,0.988438367843628,0.988438367843628,0.0,119.50472259521484,145.0,24780.279296875,0.0,1471.8463134765625,1.0,283.1499938964844,285.0711364746094,291.11541748046875,292.74176025390625,293.1499938964844,293.1499938964844,283.1499938964844,21847.560546875,25560.0,313.1499938964844,0.0,18000.0,1.0,0.0,0.0,0.0,1.0,0.7224881649017334,1.0,0.0,0.0,3.085204839706421,3.085221290588379,6.351281172101153e-07,4.265924453735352,4.265914440155029,9.78592834144365e-06,0.0,0.0,-0.0,4561.75341796875,0.0,901.40087890625,1895.4371337890625,0.0,1792.5418701171875,0.7638872861862183,1.0,0.0,3.0,1.0,0.0
12302280,297.466064453125,297.1499938964844,293.1499938964844,0.0,-0.0,285.9823913574219,0.8727115392684937,0.3761733472347259,0.3394641876220703,297.4593811035156,297.1499938964844,293.1499938964844,0.0,-0.0,285.9823913574219,0.8219884037971497,0.3115809559822082,0.2966272532939911,297.3353881835937,297.1499938964844,293.1499938964844,0.0,-0.0,285.9823913574219,0.8688986897468567,0.3708759546279907,0.2606106400489807,297.412841796875,297.1499938964844,293.1499938964844,0.0,-0.0,285.9823913574219,0.7772468328475952,0.2629701495170593,0.2510063350200653,297.3303527832031,297.1499938964844,293.1499938964844,0.0,-0.0,285.9823913574219,0.7298898100852966,0.2155691385269165,0.9799634218215942,285.9823913574219,284.95001220703125,295.56768798828125,288.0786437988281,295.5656433105469,297.4286804199219,285.9824523925781,1.0,0.4924674332141876,1.0,1.0,0.0,1.0,-2.554271697998047,2.554266452789306,5.238956418907037e-06,1.96954345703125,0.988438367843628,0.988438367843628,0.0,119.50472259521484,145.0,24780.279296875,0.0,1471.8463134765625,1.0,283.1499938964844,285.0711364746094,291.11541748046875,292.74176025390625,293.1499938964844,293.1499938964844,283.1499938964844,21847.560546875,25560.0,313.1499938964844,0.0,18000.0,1.0,0.0,0.0,0.0,1.0,0.7224881649017334,1.0,0.0,0.0,3.085204839706421,3.085221290588379,6.351281172101153e-07,4.265924453735352,4.265914440155029,9.78592834144365e-06,0.0,0.0,-0.0,4561.75341796875,0.0,901.40087890625,1895.4371337890625,0.0,1792.5418701171875,0.7638872861862183,1.0,0.0,3.0,1.0,0.0
12302340,297.455078125,297.1499938964844,293.1499938964844,0.0,-0.0,285.97418212890625,0.8613705635070801,0.3790608048439026,0.3423378765583038,297.451904296875,297.1499938964844,293.1499938964844,0.0,-0.0,285.97418212890625,0.8125166296958923,0.3147406280040741,0.2999141216278076,297.3271789550781,297.1499938964844,293.1499938964844,0.0,-0.0,285.97418212890625,0.8566702008247375,0.372387945652008,0.2618677020072937,297.4040832519531,297.1499938964844,293.1499938964844,0.0,-0.0,285.97418212890625,0.7675450444221497,0.2654109895229339,0.253621757030487,297.32037353515625,297.1499938964844,293.1499938964844,0.0,-0.0,285.97418212890625,0.7208245396614075,0.2168402820825576,0.9871525764465332,285.97418212890625,284.95001220703125,295.662109375,288.1292419433594,295.6600646972656,297.41912841796875,285.9742736816406,1.0,0.5007319450378418,1.0,1.0,0.0,1.0,-2.5749661922454834,2.574960947036743,5.324428457242902e-06,1.985623121261597,1.0,1.0,0.0,127.84830474853516,148.0,25247.64453125,0.0,1536.0489501953125,1.0,283.1499938964844,285.0421447753906,291.1623229980469,292.81640625,293.1499938964844,293.1499938964844,283.1499938964844,22965.51171875,26640.0,313.1499938964844,0.0,18000.0,1.0,0.0,0.0,0.0,1.0,0.7291150689125061,1.0,0.0,0.0,3.191248178482056,3.19126558303833,6.795390845582006e-07,4.265924453735352,4.265914440155029,9.78592834144365e-06,0.0,0.0,-0.0,4598.1962890625,0.0,994.8998413085938,1895.4371337890625,0.0,1847.658447265625,0.7893769145011902,1.0,0.0,3.0,1.0,0.0
12302400,297.455078125,297.1499938964844,293.1499938964844,0.0,-0.0,285.97418212890625,0.8613705635070801,0.3790608048439026,0.3423378765583038,297.451904296875,297.1499938964844,293.1499938964844,0.0,-0.0,285.97418212890625,0.8125166296958923,0.3147406280040741,0.2999141216278076,297.3271789550781,297.1499938964844,293.1499938964844,0.0,-0.0,285.97418212890625,0.8566702008247375,0.372387945652008,0.2618677020072937,297.4040832519531,297.1499938964844,293.1499938964844,0.0,-0.0,285.97418212890625,0.7675450444221497,0.2654109895229339,0.253621757030487,297.32037353515625,297.1499938964844,293.1499938964844,0.0,-0.0,285.97418212890625,0.7208245396614075,0.2168402820825576,0.9871525764465332,285.97418212890625,284.95001220703125,295.662109375,288.1292419433594,295.6600646972656,297.41912841796875,285.9742736816406,1.0,0.5007319450378418,1.0,1.0,0.0,1.0,-2.5749661922454834,2.574960947036743,5.324428457242902e-06,1.985623121261597,1.0,1.0,0.0,127.84830474853516,148.0,25247.64453125,0.0,1536.0489501953125,1.0,283.1499938964844,285.0421447753906,291.1623229980469,292.81640625,293.1499938964844,293.1499938964844,283.1499938964844,22965.51171875,26640.0,313.1499938964844,0.0,18000.0,1.0,0.0,0.0,0.0,1.0,0.7291150689125061,1.0,0.0,0.0,3.191248178482056,3.19126558303833,6.795390845582006e-07,4.265924453735352,4.265914440155029,9.78592834144365e-06,0.0,0.0,-0.0,4598.1962890625,0.0,994.8998413085938,1895.4371337890625,0.0,1847.658447265625,0.7893769145011902,1.0,0.0,3.0,1.0,0.0
12302460,297.44683837890625,297.1499938964844,293.1499938964844,0.0,-0.0,285.9695129394531,0.8556167483329773,0.3813292682170868,0.3445468544960022,297.4463195800781,297.1499938964844,293.1499938964844,0.0,-0.0,285.969482421875,0.8076102137565613,0.3172417283058166,0.3024569451808929,297.3216247558594,297.1499938964844,293.1499938964844,0.0,-0.0,285.9695129394531,0.8502779603004456,0.3736273646354675,0.262858510017395,297.39752197265625,297.1499938964844,293.1499938964844,0.0,-0.0,285.969482421875,0.7627079486846924,0.2673293054103851,0.2556200325489044,297.3129272460937,297.1499938964844,293.1499938964844,0.0,-0.0,285.9694519042969,0.71590256690979,0.2178205996751785,0.9924466609954834,285.9695129394531,284.95001220703125,295.7384033203125,288.17041015625,295.736328125,297.4120178222656,285.9697570800781,1.0,0.5061717629432678,1.0,1.0,0.0,1.0,-2.59062933921814,2.5906238555908203,5.389616489992477e-06,1.997809648513794,1.0,1.0,0.0,133.02587890625,148.0,25611.111328125,0.0,1580.2655029296875,1.0,283.1499938964844,285.0216369628906,291.2014465332031,292.8770446777344,293.1499938964844,293.1499938964844,283.1499938964844,24133.390625,26640.0,313.1499938964844,0.0,18000.0,1.0,0.0,0.0,0.0,1.0,0.734045684337616,1.0,0.0,0.0,3.2721498012542725,3.272168159484864,7.144299729588965e-07,4.265924453735352,4.265914440155029,9.78592834144365e-06,0.0,0.0,-0.0,4627.267578125,0.0,1072.42431640625,1895.4371337890625,0.0,1889.0888671875,0.8061912655830383,1.0,0.0,3.0,1.0,0.0
12302520,297.4449157714844,297.1499938964844,293.1499938964844,0.0,-0.0,285.970458984375,0.8544755578041077,0.3818944692611694,0.3450887501239776,297.4450378417969,297.1499938964844,293.1499938964844,0.0,-0.0,285.9704284667969,0.8066326975822449,0.317866563796997,0.3030841946601867,297.32037353515625,297.1499938964844,293.1499938964844,0.0,-0.0,285.970458984375,0.848983645439148,0.3739421665668487,0.2631039321422577,297.39599609375,297.1499938964844,293.1499938964844,0.0,-0.0,285.97039794921875,0.7617623209953308,0.2678070664405823,0.25611013174057,297.3111572265625,297.1499938964844,293.1499938964844,0.0,-0.0,285.9703674316406,0.7148826718330383,0.2180632501840591,0.993723690509796,285.970458984375,284.95001220703125,295.7575378417969,288.1807556152344,295.7554626464844,297.41033935546875,285.9708557128906,1.0,0.5074145793914795,1.0,1.0,0.0,1.0,-2.5944526195526123,2.594447135925293,5.405591764429119e-06,2.0007858276367188,1.0,1.0,0.0,134.16954040527344,136.0,25694.455078125,0.0,1590.6025390625,1.0,283.1499938964844,285.01934814453125,291.2111511230469,292.8917236328125,293.1499938964844,293.1499938964844,283.1499938964844,24344.455078125,27720.0,313.1499938964844,0.0,18000.0,1.0,0.0,0.0,0.0,1.0,0.7352101802825928,1.0,0.0,0.0,3.286426305770874,3.286444902420044,7.206777468127257e-07,4.265924453735352,4.265914440155029,9.78592834144365e-06,0.0,0.0,-0.0,4634.03564453125,0.0,1086.5228271484375,1895.4371337890625,0.0,1898.924560546875,0.8126041293144226,1.0,0.0,3.0,1.0,0.0
12302580,297.435791015625,297.1499938964844,293.1499938964844,0.0,-0.0,285.9698486328125,0.8587315082550049,0.3847037553787231,0.3475434184074402,297.4389953613281,297.1499938964844,293.1499938964844,0.0,-0.0,285.9698181152344,0.8113475441932678,0.3209915459156036,0.3059644103050232,297.3148193359375,297.1499938964844,293.1499938964844,0.0,-0.0,285.9698486328125,0.852306067943573,0.3755360543727875,0.2641591131687164,297.3887634277344,297.1499938964844,293.1499938964844,0.0,-0.0,285.96978759765625,0.7659739255905151,0.2701909244060516,0.2582978308200836,297.3029479980469,297.1499938964844,293.1499938964844,0.0,-0.0,285.9697265625,0.717948853969574,0.2192710489034652,0.9988536834716796,285.9698486328125,284.95001220703125,295.8533935546875,288.2328796386719,295.851318359375,297.4026184082031,285.97027587890625,1.0,0.5084612965583801,1.0,1.0,0.0,1.0,-2.610927104949951,2.610921621322632,5.474798854265828e-06,2.013658285140991,1.0,1.0,0.0,133.301025390625,124.0,26112.3125,0.0,1609.6673583984375,1.0,283.1499938964844,285.000732421875,291.2611389160156,292.9671630859375,293.1499938964844,293.1499938964844,283.1499938964844,25647.056640625,28800.0,313.1499938964844,0.0,18000.0,1.0,0.0,0.0,0.0,1.0,0.7408882975578308,1.0,0.0,0.0,3.3732051849365234,3.3732247352600098,7.592395263600338e-07,4.265924453735352,4.265914440155029,9.78592834144365e-06,0.0,0.0,-0.0,4669.11083984375,0.0,1174.8853759765625,1895.4371337890625,0.0,1947.155029296875,0.8338443636894226,1.0,0.0,3.0,1.0,0.0
12302640,297.435791015625,297.1499938964844,293.1499938964844,0.0,-0.0,285.9698486328125,0.8587315082550049,0.3847037553787231,0.3475434184074402,297.4389953613281,297.1499938964844,293.1499938964844,0.0,-0.0,285.9698181152344,0.8113475441932678,0.3209915459156036,0.3059644103050232,297.3148193359375,297.1499938964844,293.1499938964844,0.0,-0.0,285.9698486328125,0.852306067943573,0.3755360543727875,0.2641591131687164,297.3887634277344,297.1499938964844,293.1499938964844,0.0,-0.0,285.96978759765625,0.7659739255905151,0.2701909244060516,0.2582978308200836,297.3029479980469,297.1499938964844,293.1499938964844,0.0,-0.0,285.9697265625,0.717948853969574,0.2192710489034652,0.9988536834716796,285.9698486328125,284.95001220703125,295.8533935546875,288.2328796386719,295.851318359375,297.4026184082031,285.97027587890625,1.0,0.5084612965583801,1.0,1.0,0.0,1.0,-2.610927104949951,2.610921621322632,5.474798854265828e-06,2.013658285140991,1.0,1.0,0.0,133.301025390625,124.0,26112.3125,0.0,1609.6673583984375,1.0,283.1499938964844,285.000732421875,291.2611389160156,292.9671630859375,293.1499938964844,293.1499938964844,283.1499938964844,25647.056640625,28800.0,313.1499938964844,0.0,18000.0,1.0,0.0,0.0,0.0,1.0,0.7408882975578308,1.0,0.0,0.0,3.3732051849365234,3.3732247352600098,7.592395263600338e-07,4.265924453735352,4.265914440155029,9.78592834144365e-06,0.0,0.0,-0.0,4669.11083984375,0.0,1174.8853759765625,1895.4371337890625,0.0,1947.155029296875,0.8338443636894226,1.0,0.0,3.0,1.0,0.0
12302700,297.4316711425781,297.1499938964844,293.1499938964844,0.0,-0.0,285.9680480957031,0.8639106154441833,0.3861086070537567,0.3487021028995514,297.4363708496094,297.1499938964844,293.1499938964844,0.0,-0.0,285.9680480957031,0.8164110779762268,0.3225648999214172,0.3073400855064392,297.3125,297.1499938964844,293.1499938964844,0.0,-0.0,285.9680480957031,0.856958270072937,0.3763531148433685,0.2646471261978149,297.3855895996094,297.1499938964844,293.1499938964844,0.0,-0.0,285.9680480957031,0.7708235383033752,0.2713903188705444,0.2593236565589905,297.29931640625,297.1499938964844,293.1499938964844,0.0,-0.0,285.9680480957031,0.7218412756919861,0.2198826670646667,1.0010939836502075,285.9680480957031,284.95001220703125,295.9013061523437,288.2590026855469,295.8992614746094,297.3992004394531,285.9682312011719,1.0,0.5077551603317261,1.0,1.0,0.0,1.0,-2.6184840202331543,2.618478536605835,5.506673915078864e-06,2.0195536613464355,1.0,1.0,0.0,130.9772186279297,124.0,26323.703125,0.0,1609.8846435546875,1.0,283.1499938964844,284.9892883300781,291.2864990234375,293.0054016113281,293.1499938964844,293.1499938964844,283.1499938964844,26398.41796875,28800.0,313.1499938964844,0.0,18000.0,1.0,0.0,0.0,0.0,1.0,0.7435951232910156,1.0,0.0,0.0,3.422259569168091,3.422279596328736,7.81482356160268e-07,4.265924453735352,4.265914440155029,9.78592834144365e-06,0.0,0.0,-0.0,4687.248046875,0.0,1226.891357421875,1895.4371337890625,0.0,1970.301513671875,0.8430615067481995,1.0,0.0,3.0,1.0,0.0
12302760,297.42779541015625,297.1499938964844,293.1499938964844,0.0,-0.0,285.97100830078125,0.8707432150840759,0.387513130903244,0.3498252928256988,297.4340209960937,297.1499938964844,293.1499938964844,0.0,-0.0,285.9709777832031,0.8227788209915161,0.3241462707519531,0.3086879253387451,297.3104858398437,297.1499938964844,293.1499938964844,0.0,-0.0,285.97100830078125,0.8632311820983887,0.3771822452545166,0.2651172280311584,297.3826599121094,297.1499938964844,293.1499938964844,0.0,-0.0,285.970947265625,0.7771572470664978,0.2725957036018371,0.2603200376033783,297.29595947265625,297.1499938964844,293.1499938964844,0.0,-0.0,285.97088623046875,0.7268937230110168,0.2205007970333099,1.0031988620758057,285.97100830078125,284.95001220703125,295.9491577148437,288.28515625,295.9471130371094,297.39605712890625,285.97149658203125,1.0,0.5064655542373657,1.0,1.0,0.0,1.0,-2.6257450580596924,2.625739336013794,5.537376637221314e-06,2.0252132415771484,1.0,1.0,0.0,127.81140899658205,112.0,26511.109375,0.0,1605.909423828125,1.0,283.1499938964844,284.98486328125,291.3114624023437,293.041748046875,293.1499938964844,293.1499938964844,283.1499938964844,26890.2734375,29880.0,313.1499938964844,0.0,18000.0,1.0,0.0,0.0,0.0,1.0,0.7461665868759155,1.0,0.0,0.0,3.453994035720825,3.454014539718628,7.960429115883016e-07,4.265924453735352,4.265914440155029,9.78592834144365e-06,0.0,0.0,-0.0,4703.4267578125,0.0,1261.33984375,1895.4371337890625,0.0,1992.3798828125,0.8536396026611328,1.0,0.0,3.0,1.0,0.0
12302820,297.4206848144531,297.1499938964844,293.1499938964844,0.0,-0.0,285.97381591796875,0.8891645669937134,0.3903101086616516,0.3520006835460663,297.4299011230469,297.1499938964844,293.1499938964844,0.0,-0.0,285.9737854003906,0.8393346071243286,0.3273277580738067,0.3113344609737396,297.3070373535156,297.1499938964844,293.1499938964844,0.0,-0.0,285.97381591796875,0.8804816603660583,0.3788667321205139,0.2660281062126159,297.37750244140625,297.1499938964844,293.1499938964844,0.0,-0.0,285.9737243652344,0.7940338850021362,0.2750199437141418,0.2622582018375397,297.29010009765625,297.1499938964844,293.1499938964844,0.0,-0.0,285.9736633300781,0.7403516173362732,0.2217534929513931,1.0071595907211304,285.97381591796875,284.95001220703125,296.0443420410156,288.3372497558594,296.0423278808594,297.390380859375,285.974365234375,1.0,0.5026410222053528,1.0,1.0,0.0,1.0,-2.6397225856781006,2.639716863632202,5.596696155407699e-06,2.03609585762024,1.0,1.0,0.0,119.6739730834961,100.0,26898.68359375,0.0,1588.9761962890625,1.0,283.1499938964844,284.9713439941406,291.3619689941406,293.1158752441406,293.1499938964844,293.1499938964844,283.1499938964844,28091.884765625,30960.0,313.1499938964844,0.0,18000.0,1.0,0.0,0.0,0.0,1.0,0.751126229763031,1.0,0.0,0.0,3.530322790145874,3.530344247817993,8.316146704601124e-07,4.265924453735352,4.265914440155029,9.78592834144365e-06,0.0,0.0,-0.0,4737.4052734375,0.0,1346.8236083984375,1895.4371337890625,0.0,2035.2025146484373,0.8723576068878174,1.0,0.0,3.0,1.0,0.0
12302880,297.4206848144531,297.1499938964844,293.1499938964844,0.0,-0.0,285.97381591796875,0.8891645669937134,0.3903101086616516,0.3520006835460663,297.4299011230469,297.1499938964844,293.1499938964844,0.0,-0.0,285.9737854003906,0.8393346071243286,0.3273277580738067,0.3113344609737396,297.3070373535156,297.1499938964844,293.1499938964844,0.0,-0.0,285.97381591796875,0.8804816603660583,0.3788667321205139,0.2660281062126159,297.37750244140625,297.1499938964844,293.1499938964844,0.0,-0.0,285.9737243652344,0.7940338850021362,0.2750199437141418,0.2622582018375397,297.29010009765625,297.1499938964844,293.1499938964844,0.0,-0.0,285.9736633300781,0.7403516173362732,0.2217534929513931,1.0071595907211304,285.97381591796875,284.95001220703125,296.0443420410156,288.3372497558594,296.0423278808594,297.390380859375,285.974365234375,1.0,0.5026410222053528,1.0,1.0,0.0,1.0,-2.6397225856781006,2.639716863632202,5.596696155407699e-06,2.03609585762024,1.0,1.0,0.0,119.6739730834961,100.0,26898.68359375,0.0,1588.9761962890625,1.0,283.1499938964844,284.9713439941406,291.3619689941406,293.1158752441406,293.1499938964844,293.1499938964844,283.1499938964844,28091.884765625,30960.0,313.1499938964844,0.0,18000.0,1.0,0.0,0.0,0.0,1.0,0.751126229763031,1.0,0.0,0.0,3.530322790145874,3.530344247817993,8.316146704601124e-07,4.265924453735352,4.265914440155029,9.78592834144365e-06,0.0,0.0,-0.0,4737.4052734375,0.0,1346.8236083984375,1895.4371337890625,0.0,2035.2025146484373,0.8723576068878174,1.0,0.0,3.0,1.0,0.0
12302940,297.4141845703125,297.1499938964844,293.1499938964844,0.0,-0.0,285.97784423828125,0.914703130722046,0.3930806219577789,0.3540977537631988,297.426513671875,297.1499938964844,293.1499938964844,0.0,-0.0,285.977783203125,0.8620104193687439,0.3305265605449676,0.3139386475086212,297.30426025390625,297.1499938964844,293.1499938964844,0.0,-0.0,285.97784423828125,0.90424644947052,0.3805748522281647,0.2669129073619842,297.37310791015625,297.1499938964844,293.1499938964844,0.0,-0.0,285.9777526855469,0.8160531520843506,0.2774547636508941,0.2641476392745971,297.2850952148437,297.1499938964844,293.1499938964844,0.0,-0.0,285.9776611328125,0.7590711116790771,0.223020926117897,1.0109078884124756,285.97784423828125,284.95001220703125,296.13836669921875,288.3887939453125,296.1363830566406,297.3853759765625,285.9783935546875,1.0,0.4977274537086487,1.0,1.0,0.0,1.0,-2.653210163116455,2.6532044410705566,5.654244432662381e-06,2.0466010570526123,1.0,1.0,0.0,109.9754638671875,88.0,27277.79296875,0.0,1564.08544921875,1.0,283.1499938964844,284.95953369140625,291.4124450683594,293.1895446777344,293.1499938964844,293.1499938964844,283.1499938964844,29264.6328125,32040.0,313.1499938964844,0.0,18000.0,1.0,0.0,0.0,0.0,1.0,0.7558699250221252,1.0,0.0,0.0,3.603259325027466,3.603281736373901,8.663319022161886e-07,4.265924453735352,4.265914440155029,9.78592834144365e-06,0.0,0.0,-0.0,4771.08544921875,0.0,1432.0364990234375,1895.4371337890625,0.0,2076.446044921875,0.8902548551559448,1.0,0.0,3.0,1.0,0.0
12303000,297.4141845703125,297.1499938964844,293.1499938964844,0.0,-0.0,285.97784423828125,0.914703130722046,0.3930806219577789,0.3540977537631988,297.426513671875,297.1499938964844,293.1499938964844,0.0,-0.0,285.977783203125,0.8620104193687439,0.3305265605449676,0.3139386475086212,297.30426025390625,297.1499938964844,293.1499938964844,0.0,-0.0,285.97784423828125,0.90424644947052,0.3805748522281647,0.2669129073619842,297.37310791015625,297.1499938964844,293.1499938964844,0.0,-0.0,285.9777526855469,0.8160531520843506,0.2774547636508941,0.2641476392745971,297.2850952148437,297.1499938964844,293.1499938964844,0.0,-0.0,285.9776611328125,0.7590711116790771,0.223020926117897,1.0109078884124756,285.97784423828125,284.95001220703125,296.13836669921875,288.3887939453125,296.1363830566406,297.3853759765625,285.9783935546875,1.0,0.4977274537086487,1.0,1.0,0.0,1.0,-2.653210163116455,2.6532044410705566,5.654244432662381e-06,2.0466010570526123,1.0,1.0,0.0,109.9754638671875,88.0,27277.79296875,0.0,1564.08544921875,1.0,283.1499938964844,284.95953369140625,291.4124450683594,293.1895446777344,293.1499938964844,293.1499938964844,283.1499938964844,29264.6328125,32040.0,313.1499938964844,0.0,18000.0,1.0,0.0,0.0,0.0,1.0,0.7558699250221252,1.0,0.0,0.0,3.603259325027466,3.603281736373901,8.663319022161886e-07,4.265924453735352,4.265914440155029,9.78592834144365e-06,0.0,0.0,-0.0,4771.08544921875,0.0,1432.0364990234375,1895.4371337890625,0.0,2076.446044921875,0.8902548551559448,1.0,0.0,3.0,1.0,0.0
12303060,297.4081115722656,297.1499938964844,293.1499938964844,0.0,-0.0,285.9826965332031,0.9510425925254822,0.395811915397644,0.356128454208374,297.423583984375,297.1499938964844,293.1499938964844,0.0,-0.0,285.982666015625,0.8929200768470764,0.3337321281433105,0.3165156841278076,297.3019714355469,297.1499938964844,293.1499938964844,0.0,-0.0,285.9826965332031,0.9390338063240052,0.3822938799858093,0.2677809596061706,297.3692626953125,297.1499938964844,293.1499938964844,0.0,-0.0,285.98260498046875,0.8427538871765137,0.2798900604248047,0.2660039663314819,297.28076171875,297.1499938964844,293.1499938964844,0.0,-0.0,285.9825134277344,0.784905731678009,0.2242928147315979,1.0145177841186523,285.9826965332031,284.95001220703125,296.230712890625,288.4393920898437,296.2287902832031,297.3807983398437,285.9832763671875,1.0,0.4921580851078033,1.0,1.0,0.0,1.0,-2.6663589477539062,2.666353225708008,5.710643108614022e-06,2.056848287582397,1.0,1.0,0.0,99.36032104492188,76.0,27649.390625,0.0,1534.2755126953125,1.0,283.1499938964844,284.94903564453125,291.4623107910156,293.2623291015625,293.1499938964844,293.1499938964844,283.1499938964844,30417.388671875,33120.0,313.1499938964844,0.0,18000.0,1.0,0.0,0.0,0.0,1.0,0.7604752779006958,1.0,0.0,0.0,3.67354154586792,3.6735646724700928,9.004573939819238e-07,4.265924453735352,4.265914440155029,9.78592834144365e-06,0.0,0.0,-0.0,4804.38134765625,0.0,1517.4781494140625,1895.4371337890625,0.0,2116.742919921875,0.907508671283722,1.0,0.0,3.0,1.0,0.0
12303120,297.4081115722656,297.1499938964844,293.1499938964844,0.0,-0.0,285.9826965332031,0.9510425925254822,0.395811915397644,0.356128454208374,297.423583984375,297.1499938964844,293.1499938964844,0.0,-0.0,285.982666015625,0.8929200768470764,0.3337321281433105,0.3165156841278076,297.3019714355469,297.1499938964844,293.1499938964844,0.0,-0.0,285.9826965332031,0.9390338063240052,0.3822938799858093,0.2677809596061706,297.3692626953125,297.1499938964844,293.1499938964844,0.0,-0.0,285.98260498046875,0.8427538871765137,0.2798900604248047,0.2660039663314819,297.28076171875,297.1499938964844,293.1499938964844,0.0,-0.0,285.9825134277344,0.784905731678009,0.2242928147315979,1.0145177841186523,285.9826965332031,284.95001220703125,296.230712890625,288.4393920898437,296.2287902832031,297.3807983398437,285.9832763671875,1.0,0.4921580851078033,1.0,1.0,0.0,1.0,-2.6663589477539062,2.666353225708008,5.710643108614022e-06,2.056848287582397,1.0,1.0,0.0,99.36032104492188,76.0,27649.390625,0.0,1534.2755126953125,1.0,283.1499938964844,284.94903564453125,291.4623107910156,293.2623291015625,293.1499938964844,293.1499938964844,283.1499938964844,30417.388671875,33120.0,313.1499938964844,0.0,18000.0,1.0,0.0,0.0,0.0,1.0,0.7604752779006958,1.0,0.0,0.0,3.67354154586792,3.6735646724700928,9.004573939819238e-07,4.265924453735352,4.265914440155029,9.78592834144365e-06,0.0,0.0,-0.0,4804.38134765625,0.0,1517.4781494140625,1895.4371337890625,0.0,2116.742919921875,0.907508671283722,1.0,0.0,3.0,1.0,0.0
12303180,297.4023132324219,297.1499938964844,293.1499938964844,0.0,-0.0,285.9880676269531,0.9912965893745422,0.3984919488430023,0.3580961525440216,297.4209899902344,297.1499938964844,293.1499938964844,0.0,-0.0,285.988037109375,0.938126802444458,0.336934357881546,0.3190708756446838,297.2999267578125,297.1499938964844,293.1499938964844,0.0,-0.0,285.9880676269531,0.9813935160636902,0.3840135931968689,0.2686356902122497,297.3658142089844,297.1499938964844,293.1499938964844,0.0,-0.0,285.98797607421875,0.8802527785301208,0.2823167145252228,0.2678332030773163,297.2769470214844,297.1499938964844,293.1499938964844,0.0,-0.0,285.9878845214844,0.8195309042930603,0.2255601733922958,1.0180175304412842,285.9880676269531,284.95001220703125,296.32086181640625,288.4886474609375,296.3190002441406,297.37652587890625,285.9886474609375,1.0,0.4861872792243957,1.0,1.0,0.0,1.0,-2.679224967956543,2.6792192459106445,5.766111371485749e-06,2.066880702972412,1.0,1.0,0.0,88.20703887939453,79.0,28013.2890625,0.0,1501.297119140625,1.0,283.1499938964844,284.9394836425781,291.5110778808594,293.3337097167969,293.1499938964844,293.1499938964844,283.1499938964844,31556.271484375,34200.0,313.1499938964844,0.0,18000.0,1.0,0.0,0.0,0.0,1.0,0.7649831175804138,1.0,0.0,0.0,3.7416815757751465,3.741705656051636,9.341721352029708e-07,4.265924453735352,4.265914440155029,9.78592834144365e-06,0.0,0.0,-0.0,4837.126953125,0.0,1603.4969482421875,1895.4371337890625,0.0,2156.42041015625,0.9242420792579652,1.0,0.0,3.0,1.0,0.0
12303240,297.4023132324219,297.1499938964844,293.1499938964844,0.0,-0.0,285.9880676269531,0.9912965893745422,0.3984919488430023,0.3580961525440216,297.4209899902344,297.1499938964844,293.1499938964844,0.0,-0.0,285.988037109375,0.938126802444458,0.336934357881546,0.3190708756446838,297.2999267578125,297.1499938964844,293.1499938964844,0.0,-0.0,285.9880676269531,0.9813935160636902,0.3840135931968689,0.2686356902122497,297.3658142089844,297.1499938964844,293.1499938964844,0.0,-0.0,285.98797607421875,0.8802527785301208,0.2823167145252228,0.2678332030773163,297.2769470214844,297.1499938964844,293.1499938964844,0.0,-0.0,285.9878845214844,0.8195309042930603,0.2255601733922958,1.0180175304412842,285.9880676269531,284.95001220703125,296.32086181640625,288.4886474609375,296.3190002441406,297.37652587890625,285.9886474609375,1.0,0.4861872792243957,1.0,1.0,0.0,1.0,-2.679224967956543,2.6792192459106445,5.766111371485749e-06,2.066880702972412,1.0,1.0,0.0,88.20703887939453,79.0,28013.2890625,0.0,1501.297119140625,1.0,283.1499938964844,284.9394836425781,291.5110778808594,293.3337097167969,293.1499938964844,293.1499938964844,283.1499938964844,31556.271484375,34200.0,313.1499938964844,0.0,18000.0,1.0,0.0,0.0,0.0,1.0,0.7649831175804138,1.0,0.0,0.0,3.7416815757751465,3.741705656051636,9.341721352029708e-07,4.265924453735352,4.265914440155029,9.78592834144365e-06,0.0,0.0,-0.0,4837.126953125,0.0,1603.4969482421875,1895.4371337890625,0.0,2156.42041015625,0.9242420792579652,1.0,0.0,3.0,1.0,0.0
12303300,297.400390625,297.1499938964844,293.1499938964844,0.0,-0.0,285.9886779785156,0.9990000128746032,0.3999000191688537,0.3564857542514801,297.4196472167969,297.1499938964844,293.1499938964844,0.0,-0.0,285.9886779785156,0.9537463784217834,0.3385206460952759,0.3204509615898132,297.29888916015625,297.1499938964844,293.1499938964844,0.0,-0.0,285.9886779785156,0.9927268624305724,0.3848597407341003,0.2691401541233063,297.36407470703125,297.1499938964844,293.1499938964844,0.0,-0.0,285.9886779785156,0.893477737903595,0.2835137248039245,0.2688485383987427,297.2750549316406,297.1499938964844,293.1499938964844,0.0,-0.0,285.9886779785156,0.830318033695221,0.2261793315410614,1.0202516317367554,285.9886779785156,284.95001220703125,296.36492919921875,288.5126647949219,296.36309814453125,297.3746643066406,285.9886169433594,1.0,0.4849226772785187,1.0,1.0,0.0,1.0,-2.68319058418274,2.6831846237182617,5.783523192803841e-06,2.070098400115967,1.0,1.0,0.0,85.23331451416016,79.0,28184.548828125,0.0,1493.3359375,1.0,283.1499938964844,284.9314880371094,291.5350952148437,293.36944580078125,293.1499938964844,293.1499938964844,283.1499938964844,32256.091796875,34200.0,313.1499938964844,0.0,18000.0,1.0,0.0,0.0,0.0,1.0,0.7672255635261536,1.0,0.0,0.0,3.7829434871673584,3.782968282699585,9.54889287640981e-07,4.265924453735352,4.265914440155029,9.78592834144365e-06,0.0,0.0,-0.0,4853.509765625,0.0,1657.1328125,1895.4371337890625,0.0,2176.2412109375,0.9315652251243592,1.0,0.0,3.0,1.0,0.0
12303360,297.4065856933594,297.1499938964844,293.1499938964844,0.0,-0.0,285.9889221191406,0.9990000128746032,0.4020881950855255,0.350502461194992,297.4180603027344,297.1499938964844,293.1499938964844,0.0,-0.0,285.9888916015625,0.9610092639923096,0.3400712311267853,0.3218746185302734,297.2975158691406,297.1499938964844,293.1499938964844,0.0,-0.0,285.9889221191406,0.9974344372749328,0.3856678307056427,0.2696757912635803,297.3620910644531,297.1499938964844,293.1499938964844,0.0,-0.0,285.9888916015625,0.8999152183532715,0.2846749424934387,0.2699071764945984,297.2729797363281,297.1499938964844,293.1499938964844,0.0,-0.0,285.9888916015625,0.8353416323661804,0.2267668098211288,1.022702693939209,285.9889221191406,284.95001220703125,296.40826416015625,288.5362243652344,296.4064636230469,297.3763732910156,285.9890441894531,1.0,0.4840603172779083,1.0,1.0,0.0,1.0,-2.6828529834747314,2.682847023010254,5.782161224487936e-06,2.069882869720459,1.0,1.0,0.0,83.966552734375,97.0,28294.61328125,0.0,1486.9200439453125,1.0,283.1499938964844,284.92633056640625,291.5575256347656,293.40045166015625,293.1499938964844,293.1499938964844,283.1499938964844,32685.359375,35280.0,313.1499938964844,0.0,18000.0,1.0,0.0,0.0,0.0,1.0,0.769314169883728,1.0,0.0,0.0,3.808032274246216,3.8080573081970215,9.675969749878275e-07,4.265924453735352,4.265914440155029,9.78592834144365e-06,0.0,0.0,-0.0,4865.2021484375,0.0,1690.32275390625,1895.4371337890625,0.0,2194.75048828125,0.9405401349067688,1.0,0.0,3.0,1.0,0.0
12303420,297.41326904296875,297.1499938964844,293.1499938964844,0.0,-0.0,285.99822998046875,0.9990000128746032,0.4060547649860382,0.3579125106334686,297.41510009765625,297.1499938964844,293.1499938964844,0.0,-0.0,285.9981384277344,0.9570575952529908,0.3431662321090698,0.3248453736305237,297.2949523925781,297.1499938964844,293.1499938964844,0.0,-0.0,285.99822998046875,0.993318498134613,0.38727667927742,0.2708351016044616,297.3584289550781,297.1499938964844,293.1499938964844,0.0,-0.0,285.998046875,0.8960097432136536,0.2869887351989746,0.2721471488475799,297.2692565917969,297.1499938964844,293.1499938964844,0.0,-0.0,285.99786376953125,0.8313160538673401,0.2279481440782547,1.0282620191574097,285.99822998046875,284.95001220703125,296.4924011230469,288.58172607421875,296.4906921386719,297.37847900390625,285.9994812011719,1.0,0.4894823133945465,1.0,1.0,0.0,1.0,-2.7060604095458984,2.7060546875,5.882123332412448e-06,2.087547540664673,1.0,1.0,0.0,86.33832550048828,115.0,28724.5859375,0.0,1530.1341552734375,1.0,283.1499938964844,284.92205810546875,291.6015625,293.4659729003906,293.1499938964844,293.1499938964844,283.04998779296875,33807.68359375,36000.0,313.1499938964844,0.0,18000.0,1.0,0.0,0.0,0.0,1.0,0.7732006311416626,1.0,0.0,0.0,3.872859001159668,3.872884750366211,1.000821498564619e-06,4.265924453735352,4.265914440155029,9.78592834144365e-06,0.0,0.0,-0.0,4991.57275390625,0.0,1778.12744140625,1895.4371337890625,0.0,2229.31298828125,0.9554663896560668,1.0,0.0,3.0,1.0,0.0
12303480,297.41326904296875,297.1499938964844,293.1499938964844,0.0,-0.0,285.99822998046875,0.9990000128746032,0.4060547649860382,0.3579125106334686,297.41510009765625,297.1499938964844,293.1499938964844,0.0,-0.0,285.9981384277344,0.9570575952529908,0.3431662321090698,0.3248453736305237,297.2949523925781,297.1499938964844,293.1499938964844,0.0,-0.0,285.99822998046875,0.993318498134613,0.38727667927742,0.2708351016044616,297.3584289550781,297.1499938964844,293.1499938964844,0.0,-0.0,285.998046875,0.8960097432136536,0.2869887351989746,0.2721471488475799,297.2692565917969,297.1499938964844,293.1499938964844,0.0,-0.0,285.99786376953125,0.8313160538673401,0.2279481440782547,1.0282620191574097,285.99822998046875,284.95001220703125,296.4924011230469,288.58172607421875,296.4906921386719,297.37847900390625,285.9994812011719,1.0,0.4894823133945465,1.0,1.0,0.0,1.0,-2.7060604095458984,2.7060546875,5.882123332412448e-06,2.087547540664673,1.0,1.0,0.0,86.33832550048828,115.0,28724.5859375,0.0,1530.1341552734375,1.0,283.1499938964844,284.92205810546875,291.6015625,293.4659729003906,293.1499938964844,293.1499938964844,283.04998779296875,33807.68359375,36000.0,313.1499938964844,0.0,18000.0,1.0,0.0,0.0,0.0,1.0,0.7732006311416626,1.0,0.0,0.0,3.872859001159668,3.872884750366211,1.000821498564619e-06,4.265924453735352,4.265914440155029,9.78592834144365e-06,0.0,0.0,-0.0,4991.57275390625,0.0,1778.12744140625,1895.4371337890625,0.0,2229.31298828125,0.9554663896560668,1.0,0.0,3.0,1.0,0.0
12303540,297.3857727050781,297.1499938964844,293.1499938964844,0.0,-0.0,285.9409484863281,0.9815280437469482,0.4066073298454284,0.365975558757782,297.4093933105469,297.1499938964844,293.1499938964844,0.0,-0.0,285.9410705566406,0.927201807498932,0.3459506034851074,0.3278804123401642,297.2890319824219,297.1499938964844,293.1499938964844,0.0,-0.0,285.94097900390625,0.9677176475524902,0.3885189890861511,0.2720180451869964,297.3523254394531,297.1499938964844,293.1499938964844,0.0,-0.0,285.9411926269531,0.8704892992973328,0.2890170216560364,0.274464875459671,297.2633056640625,297.1499938964844,293.1499938964844,0.0,-0.0,285.9413757324219,0.8086394667625427,0.2288590520620346,1.0342556238174438,285.9409484863281,284.95001220703125,296.5727233886719,288.6247863769531,296.5711364746094,297.3619079589844,285.9401550292969,1.0,0.499464213848114,1.0,1.0,0.0,1.0,-2.7331888675689697,2.733182907104492,5.997381776978728e-06,2.1069350242614746,1.0,1.0,0.0,95.02952575683594,133.0,29381.287109375,0.0,1607.6826171875,1.0,283.0520935058594,284.84051513671875,291.6675109863281,293.5856628417969,293.1499938964844,293.1499938964844,282.75,34748.26953125,36000.0,313.1499938964844,0.0,18000.0,1.0,0.0,0.0,0.0,1.0,0.7832527756690979,1.0,0.0,0.0,3.9263641834259033,3.926390647888184,1.0286661336067482e-06,4.265924453735352,4.265914440155029,9.78592834144365e-06,0.0,0.0,-0.0,5252.5048828125,0.0,1852.847412109375,1895.4371337890625,0.0,2319.393310546875,0.966526985168457,1.0,0.0,3.0,1.0,0.0
12303600,297.3857727050781,297.1499938964844,293.1499938964844,0.0,-0.0,285.9409484863281,0.9815280437469482,0.4066073298454284,0.365975558757782,297.4093933105469,297.1499938964844,293.1499938964844,0.0,-0.0,285.9410705566406,0.927201807498932,0.3459506034851074,0.3278804123401642,297.2890319824219,297.1499938964844,293.1499938964844,0.0,-0.0,285.94097900390625,0.9677176475524902,0.3885189890861511,0.2720180451869964,297.3523254394531,297.1499938964844,293.1499938964844,0.0,-0.0,285.9411926269531,0.8704892992973328,0.2890170216560364,0.274464875459671,297.2633056640625,297.1499938964844,293.1499938964844,0.0,-0.0,285.9413757324219,0.8086394667625427,0.2288590520620346,1.0342556238174438,285.9409484863281,284.95001220703125,296.5727233886719,288.6247863769531,296.5711364746094,297.3619079589844,285.9401550292969,1.0,0.499464213848114,1.0,1.0,0.0,1.0,-2.7331888675689697,2.733182907104492,5.997381776978728e-06,2.1069350242614746,1.0,1.0,0.0,95.02952575683594,133.0,29381.287109375,0.0,1607.6826171875,1.0,283.0520935058594,284.84051513671875,291.6675109863281,293.5856628417969,293.1499938964844,293.1499938964844,282.75,34748.26953125,36000.0,313.1499938964844,0.0,18000.0,1.0,0.0,0.0,0.0,1.0,0.7832527756690979,1.0,0.0,0.0,3.9263641834259033,3.926390647888184,1.0286661336067482e-06,4.265924453735352,4.265914440155029,9.78592834144365e-06,0.0,0.0,-0.0,5252.5048828125,0.0,1852.847412109375,1895.4371337890625,0.0,2319.393310546875,0.966526985168457,1.0,0.0,3.0,1.0,0.0
12303660,297.3594055175781,297.1499938964844,293.1499938964844,0.0,-0.0,285.7312927246094,0.9421628713607788,0.4065879285335541,0.3666378259658813,297.3970642089844,297.1499938964844,293.1499938964844,0.0,-0.0,285.7314758300781,0.8892902731895447,0.3476128876209259,0.3301936686038971,297.2748107910156,297.1499938964844,293.1499938964844,0.0,-0.0,285.7313232421875,0.9260287880897522,0.3886492848396301,0.2727049887180328,297.340576171875,297.1499938964844,293.1499938964844,0.0,-0.0,285.7317199707031,0.8383676409721375,0.2900989949703216,0.276205450296402,297.2523498535156,297.1499938964844,293.1499938964844,0.0,-0.0,285.73211669921875,0.7766550183296204,0.2290298789739608,1.0383208990097046,285.7312927246094,284.95001220703125,296.6398620605469,288.660400390625,296.6383361816406,297.3427124023437,285.7294616699219,1.0,0.5092964172363281,1.0,1.0,0.0,1.0,-2.74221134185791,2.742205142974853,6.0415641200961545e-06,2.1160130500793457,1.0,1.0,0.0,108.10150146484376,133.0,30304.38671875,0.0,1683.26220703125,1.0,282.7597045898437,284.59619140625,291.7467346191406,293.7599182128906,293.1499938964844,293.1499938964844,282.75,35204.62109375,36000.0,313.1499938964844,0.0,18000.0,1.0,0.0,0.0,0.0,1.0,0.8021384477615356,1.0,0.0,0.0,3.952062606811523,3.952089548110962,1.0421756542200455e-06,4.265924453735352,4.265914440155029,9.78592834144365e-06,0.0,0.0,-0.0,5058.650390625,0.0,1889.467529296875,1895.4371337890625,0.0,2490.99267578125,0.9726409316062928,1.0,0.0,3.0,1.0,0.0
12303720,297.3560791015625,297.1499938964844,293.1499938964844,0.0,-0.0,285.7274475097656,0.9365742802619934,0.4065873026847839,0.3666837215423584,297.3951416015625,297.1499938964844,293.1499938964844,0.0,-0.0,285.7275085449219,0.884771466255188,0.3478043973445892,0.330448716878891,297.2725830078125,297.1499938964844,293.1499938964844,0.0,-0.0,285.7274475097656,0.920462131500244,0.3886279761791229,0.2727433145046234,297.3387451171875,297.1499938964844,293.1499938964844,0.0,-0.0,285.7276611328125,0.8344436287879944,0.2902126908302307,0.2763892412185669,297.2506408691406,297.1499938964844,293.1499938964844,0.0,-0.0,285.7278747558594,0.7726326584815979,0.2290195524692535,1.0386500358581543,285.7274169921875,284.95001220703125,296.64874267578125,288.6650695800781,296.647216796875,297.3400573730469,285.7265319824219,1.0,0.5106998085975647,1.0,1.0,0.0,1.0,-2.7432355880737305,2.743229627609253,6.04610704613151e-06,2.116816759109497,1.0,1.0,0.0,109.9969711303711,151.0,30338.548828125,0.0,1693.6396484375,1.0,282.7560119628906,284.591796875,291.7425231933594,293.7513122558594,293.1499938964844,293.1499938964844,282.45001220703125,35252.44921875,36000.0,313.1499938964844,0.0,18000.0,1.0,0.0,0.0,0.0,1.0,0.8032160997390747,1.0,0.0,0.0,3.95474624633789,3.954773187637329,1.0435913964101928e-06,4.265924453735352,4.265914440155029,9.78592834144365e-06,0.0,0.0,-0.0,5356.9287109375,0.0,1893.319091796875,1895.4371337890625,0.0,2500.86572265625,0.9732792973518372,1.0,0.0,3.0,1.0,0.0
12303780,297.3239440917969,297.1499938964844,293.1499938964844,0.0,-0.0,285.5054626464844,0.8952638506889343,0.4059473276138305,0.3668716847896576,297.37469482421875,297.1499938964844,293.1499938964844,0.0,-0.0,285.50555419921875,0.8510640859603882,0.3488411903381347,0.3322504460811615,297.2489624023437,297.1499938964844,293.1499938964844,0.0,-0.0,285.5054931640625,0.8815720081329346,0.3877922594547272,0.2727884650230407,297.3194885253906,297.1499938964844,293.1499938964844,0.0,-0.0,285.50567626953125,0.8037509918212891,0.2906567454338074,0.2776222825050354,297.232666015625,297.1499938964844,293.1499938964844,0.0,-0.0,285.50592041015625,0.742832601070404,0.2284791022539138,1.04006028175354,285.5054626464844,284.95001220703125,296.7198791503906,288.7021789550781,296.7184753417969,297.3140869140625,285.50445556640625,1.0,0.522565484046936,1.0,1.0,0.0,1.0,-2.748863220214844,2.748857021331787,6.071244115446461e-06,2.121302366256714,1.0,1.0,0.0,126.84201049804688,169.0,31219.03125,0.0,1780.927978515625,1.0,282.4559631347656,284.3368835449219,291.7699584960937,293.84344482421875,293.1499938964844,293.1499938964844,282.1499938964844,35554.64453125,36000.0,313.1499938964844,0.0,18000.0,1.0,0.0,0.0,0.0,1.0,0.8205063939094543,1.0,0.0,0.0,3.971660852432251,3.971688032150269,1.0525374136705068e-06,4.265924453735352,4.265914440155029,9.78592834144365e-06,0.0,0.0,-0.0,5439.091796875,0.0,1917.716552734375,1895.4371337890625,0.0,2660.26123046875,0.9773028492927552,1.0,0.0,3.0,1.0,0.0
12303840,297.3239440917969,297.1499938964844,293.1499938964844,0.0,-0.0,285.5054626464844,0.8952638506889343,0.4059473276138305,0.3668716847896576,297.37469482421875,297.1499938964844,293.1499938964844,0.0,-0.0,285.50555419921875,0.8510640859603882,0.3488411903381347,0.3322504460811615,297.2489624023437,297.1499938964844,293.1499938964844,0.0,-0.0,285.5054931640625,0.8815720081329346,0.3877922594547272,0.2727884650230407,297.3194885253906,297.1499938964844,293.1499938964844,0.0,-0.0,285.50567626953125,0.8037509918212891,0.2906567454338074,0.2776222825050354,297.232666015625,297.1499938964844,293.1499938964844,0.0,-0.0,285.50592041015625,0.742832601070404,0.2284791022539138,1.04006028175354,285.5054626464844,284.95001220703125,296.7198791503906,288.7021789550781,296.7184753417969,297.3140869140625,285.50445556640625,1.0,0.522565484046936,1.0,1.0,0.0,1.0,-2.748863220214844,2.748857021331787,6.071244115446461e-06,2.121302366256714,1.0,1.0,0.0,126.84201049804688,169.0,31219.03125,0.0,1780.927978515625,1.0,282.4559631347656,284.3368835449219,291.7699584960937,293.84344482421875,293.1499938964844,293.1499938964844,282.1499938964844,35554.64453125,36000.0,313.1499938964844,0.0,18000.0,1.0,0.0,0.0,0.0,1.0,0.8205063939094543,1.0,0.0,0.0,3.971660852432251,3.971688032150269,1.0525374136705068e-06,4.265924453735352,4.265914440155029,9.78592834144365e-06,0.0,0.0,-0.0,5439.091796875,0.0,1917.716552734375,1895.4371337890625,0.0,2660.26123046875,0.9773028492927552,1.0,0.0,3.0,1.0,0.0
12303900,297.3079528808594,297.1499938964844,293.1499938964844,0.0,-0.0,285.3495788574219,0.878808319568634,0.4054808914661407,0.3668732643127441,297.3636474609375,297.1499938964844,293.1499938964844,0.0,-0.0,285.350341796875,0.8371159434318542,0.3491829335689544,0.3329958915710449,297.2364501953125,297.1499938964844,293.1499938964844,0.0,-0.0,285.34979248046875,0.8654887080192566,0.3871935904026031,0.2726913690567016,297.30908203125,297.1499938964844,293.1499938964844,0.0,-0.0,285.3514709472656,0.7893936634063721,0.2907104790210724,0.2780898809432983,297.2228698730469,297.1499938964844,293.1499938964844,0.0,-0.0,285.3533935546875,0.7304379343986511,0.2280430942773819,1.040061116218567,285.3495483398437,284.95001220703125,296.7534484863281,288.71942138671875,296.7521057128906,297.3009948730469,285.3406982421875,1.0,0.528513491153717,1.0,1.0,0.0,1.0,-2.750209093093872,2.7502028942108154,6.07729680268676e-06,2.1223905086517334,1.0,1.0,0.0,135.70359802246094,169.0,32088.087890625,0.0,1824.5174560546875,1.0,282.1932983398437,284.1378173828125,291.8088073730469,293.98419189453125,293.1499938964844,293.1499938964844,282.1499938964844,35656.453125,36000.0,313.1499938964844,0.0,18000.0,1.0,0.0,0.0,0.0,1.0,0.8305368423461914,1.0,0.0,0.0,3.9773430824279785,3.977370262145996,1.0555513654253446e-06,4.265924453735352,4.265914440155029,9.78592834144365e-06,0.0,0.0,-0.0,5257.08203125,0.0,1925.9595947265625,1895.4371337890625,0.0,2753.443359375,0.978654444217682,1.0,0.0,3.0,1.0,0.0
12303960,297.2919921875,297.1499938964844,293.1499938964844,0.0,-0.0,285.3068542480469,0.8638458847999573,0.4049125611782074,0.3666923344135284,297.3523254394531,297.1499938964844,293.1499938964844,0.0,-0.0,285.30694580078125,0.8244962096214294,0.3494220077991485,0.333592027425766,297.2237548828125,297.1499938964844,293.1499938964844,0.0,-0.0,285.306884765625,0.8510178327560425,0.3864929676055908,0.2724704444408417,297.2983703613281,297.1499938964844,293.1499938964844,0.0,-0.0,285.3070373535156,0.7761920094490051,0.2906662225723266,0.2784232795238495,297.2127685546875,297.1499938964844,293.1499938964844,0.0,-0.0,285.3072509765625,0.7189133763313293,0.227510392665863,1.039484977722168,285.3068542480469,284.95001220703125,296.7856140136719,288.7357482910156,296.7843322753906,297.28759765625,285.3060607910156,1.0,0.5343958735466003,1.0,1.0,0.0,1.0,-2.750151872634888,2.75014591217041,6.077131729398388e-06,2.122387170791626,1.0,1.0,0.0,144.8281707763672,172.0,32237.1015625,0.0,1867.213134765625,1.0,282.1559753417969,284.0930480957031,291.7892761230469,293.9229431152344,293.1499938964844,293.1499938964844,281.8500061035156,35735.0625,36000.0,313.1499938964844,0.0,18000.0,1.0,0.0,0.0,0.0,1.0,0.8343672156333923,1.0,0.0,0.0,3.981724977493286,3.981752157211304,1.0578784213066683e-06,4.265924453735352,4.265914440155029,9.78592834144365e-06,0.0,0.0,-0.0,5530.01904296875,0.0,1932.3319091796875,1895.4371337890625,0.0,2789.136474609375,0.9796966314315796,1.0,0.0,3.0,1.0,0.0
12304020,297.26141357421875,297.1499938964844,293.1499938964844,0.0,-0.0,285.1121520996094,0.8462159037590027,0.4036130905151367,0.3660611510276794,297.33013916015625,297.1499938964844,293.1499938964844,0.0,-0.0,285.1122436523437,0.8091517686843872,0.349739134311676,0.3344400823116302,297.1994323730469,297.1499938964844,293.1499938964844,0.0,-0.0,285.1121826171875,0.8339319229125977,0.3849613964557647,0.271807849407196,297.2774658203125,297.1499938964844,293.1499938964844,0.0,-0.0,285.11236572265625,0.760644793510437,0.2904263138771057,0.2787425220012665,297.1929626464844,297.1499938964844,293.1499938964844,0.0,-0.0,285.11260986328125,0.7034671902656555,0.2262988984584808,1.0366344451904297,285.1121520996094,284.95001220703125,296.8454284667969,288.76544189453125,296.8442687988281,297.2622375488281,285.1111755371094,1.0,0.5414347648620605,1.0,1.0,0.0,1.0,-2.746579647064209,2.7465734481811523,6.061547082936158e-06,2.119720697402954,1.0,1.0,0.0,157.13221740722656,160.0,33243.9140625,0.0,1919.307861328125,1.0,281.8558349609375,283.8504333496094,291.8129272460937,294.0078430175781,293.1499938964844,293.1499938964844,281.54998779296875,35842.52734375,36000.0,313.1499938964844,0.0,18000.0,1.0,0.0,0.0,0.0,1.0,0.8470308184623718,1.0,0.0,0.0,3.9877076148986816,3.9877350330352783,1.06105983377347e-06,4.265924453735352,4.265914440155029,9.78592834144365e-06,0.0,0.0,-0.0,5624.115234375,0.0,1941.0552978515625,1895.4371337890625,0.0,2907.468994140625,0.9811196327209472,1.0,0.0,3.0,1.0,0.0
12304080,297.26141357421875,297.1499938964844,293.1499938964844,0.0,-0.0,285.1121520996094,0.8462159037590027,0.4036130905151367,0.3660611510276794,297.33013916015625,297.1499938964844,293.1499938964844,0.0,-0.0,285.1122436523437,0.8091517686843872,0.349739134311676,0.3344400823116302,297.1994323730469,297.1499938964844,293.1499938964844,0.0,-0.0,285.1121826171875,0.8339319229125977,0.3849613964557647,0.271807849407196,297.2774658203125,297.1499938964844,293.1499938964844,0.0,-0.0,285.11236572265625,0.760644793510437,0.2904263138771057,0.2787425220012665,297.1929626464844,297.1499938964844,293.1499938964844,0.0,-0.0,285.11260986328125,0.7034671902656555,0.2262988984584808,1.0366344451904297,285.1121520996094,284.95001220703125,296.8454284667969,288.76544189453125,296.8442687988281,297.2622375488281,285.1111755371094,1.0,0.5414347648620605,1.0,1.0,0.0,1.0,-2.746579647064209,2.7465734481811523,6.061547082936158e-06,2.119720697402954,1.0,1.0,0.0,157.13221740722656,160.0,33243.9140625,0.0,1919.307861328125,1.0,281.8558349609375,283.8504333496094,291.8129272460937,294.0078430175781,293.1499938964844,293.1499938964844,281.54998779296875,35842.52734375,36000.0,313.1499938964844,0.0,18000.0,1.0,0.0,0.0,0.0,1.0,0.8470308184623718,1.0,0.0,0.0,3.9877076148986816,3.9877350330352783,1.06105983377347e-06,4.265924453735352,4.265914440155029,9.78592834144365e-06,0.0,0.0,-0.0,5624.115234375,0.0,1941.0552978515625,1895.4371337890625,0.0,2907.468994140625,0.9811196327209472,1.0,0.0,3.0,1.0,0.0
12304140,297.23211669921875,297.1499938964844,293.1499938964844,0.0,-0.0,284.9150390625,0.8419144749641418,0.4020550549030304,0.3648301959037781,297.30877685546875,297.1499938964844,293.1499938964844,0.0,-0.0,284.9151306152344,0.8059284687042236,0.3498541414737701,0.3347012400627136,297.1763610839844,297.1499938964844,293.1499938964844,0.0,-0.0,284.9150695800781,0.829623281955719,0.3832504749298095,0.2707290351390838,297.2574157714844,297.1499938964844,293.1499938964844,0.0,-0.0,284.915283203125,0.7572706341743469,0.2900108397006988,0.2784971296787262,297.1741943359375,297.1499938964844,293.1499938964844,0.0,-0.0,284.91552734375,0.6990212202072144,0.2249408662319183,1.0312104225158691,284.9150390625,284.95001220703125,296.8987731933594,288.79083251953125,296.8977355957031,297.2383117675781,284.9138488769531,1.0,0.541319727897644,1.0,1.0,0.0,1.0,-2.73730993270874,2.7373039722442627,6.0208371905901e-06,2.1126303672790527,0.9991127848625184,0.9991127848625184,0.0,159.5513153076172,148.0,34227.5546875,0.0,1916.1358642578125,1.0,281.5558166503906,283.60797119140625,291.83544921875,294.0909423828125,293.1499938964844,293.1499938964844,281.25,35931.265625,36000.0,313.1499938964844,0.0,18000.0,1.0,0.0,0.0,0.0,1.0,0.8591188788414001,1.0,0.0,0.0,3.990657329559326,3.990684747695923,1.062630076376081e-06,4.265924453735352,4.265914440155029,9.78592834144365e-06,0.0,0.0,-0.0,5719.1943359375,0.0,1945.6578369140625,1895.4371337890625,0.0,3020.7412109375,0.9818379878997804,1.0,0.0,3.0,1.0,0.0
12304200,297.23211669921875,297.1499938964844,293.1499938964844,0.0,-0.0,284.9150390625,0.8419144749641418,0.4020550549030304,0.3648301959037781,297.30877685546875,297.1499938964844,293.1499938964844,0.0,-0.0,284.9151306152344,0.8059284687042236,0.3498541414737701,0.3347012400627136,297.1763610839844,297.1499938964844,293.1499938964844,0.0,-0.0,284.9150695800781,0.829623281955719,0.3832504749298095,0.2707290351390838,297.2574157714844,297.1499938964844,293.1499938964844,0.0,-0.0,284.915283203125,0.7572706341743469,0.2900108397006988,0.2784971296787262,297.1741943359375,297.1499938964844,293.1499938964844,0.0,-0.0,284.91552734375,0.6990212202072144,0.2249408662319183,1.0312104225158691,284.9150390625,284.95001220703125,296.8987731933594,288.79083251953125,296.8977355957031,297.2383117675781,284.9138488769531,1.0,0.541319727897644,1.0,1.0,0.0,1.0,-2.73730993270874,2.7373039722442627,6.0208371905901e-06,2.1126303672790527,0.9991127848625184,0.9991127848625184,0.0,159.5513153076172,148.0,34227.5546875,0.0,1916.1358642578125,1.0,281.5558166503906,283.60797119140625,291.83544921875,294.0909423828125,293.1499938964844,293.1499938964844,281.25,35931.265625,36000.0,313.1499938964844,0.0,18000.0,1.0,0.0,0.0,0.0,1.0,0.8591188788414001,1.0,0.0,0.0,3.990657329559326,3.990684747695923,1.062630076376081e-06,4.265924453735352,4.265914440155029,9.78592834144365e-06,0.0,0.0,-0.0,5719.1943359375,0.0,1945.6578369140625,1895.4371337890625,0.0,3020.7412109375,0.9818379878997804,1.0,0.0,3.0,1.0,0.0
12304260,297.2044982910156,297.1499938964844,293.1499938964844,0.0,-0.0,284.719970703125,0.8445670008659363,0.4002983272075653,0.3631957471370697,297.28875732421875,297.1499938964844,293.1499938964844,0.0,-0.0,284.7200927734375,0.8097406029701233,0.349838525056839,0.3345948755741119,297.1551208496094,297.1499938964844,293.1499938964844,0.0,-0.0,284.7200012207031,0.8320683836936951,0.3814303576946258,0.2693942487239837,297.2389221191406,297.1499938964844,293.1499938964844,0.0,-0.0,284.7202453613281,0.7603321671485901,0.2894944548606872,0.2779113352298736,297.1571960449219,297.1499938964844,293.1499938964844,0.0,-0.0,284.72052001953125,0.700937807559967,0.2235240936279297,1.0243436098098757,284.719970703125,284.95001220703125,296.94512939453125,288.8116455078125,296.9442443847656,297.2164001464844,284.7186584472656,1.0,0.5372656583786011,1.0,1.0,0.0,1.0,-2.724659919738769,2.724653959274292,5.965317086520372e-06,2.102867126464844,0.9944063425064088,0.9944063425064088,0.0,155.96853637695312,136.0,35252.9375,0.0,1879.8399658203125,1.0,281.2558288574219,283.3708801269531,291.8564147949219,294.17559814453125,293.1499938964844,293.1499938964844,280.95001220703125,36090.046875,36000.0,313.1499938964844,0.0,18000.0,1.0,0.0,0.0,0.0,1.0,0.8712106347084045,1.0,0.0,0.0,3.987871170043945,3.987898588180542,1.0611469178911648e-06,4.265924453735352,4.265914440155029,9.78592834144365e-06,0.0,0.0,-0.0,5819.31494140625,0.0,1943.293701171875,1895.4371337890625,0.0,3134.1669921875,0.9812971949577332,1.0,0.0,3.0,1.0,0.0
12304320,297.2044982910156,297.1499938964844,293.1499938964844,0.0,-0.0,284.719970703125,0.8445670008659363,0.4002983272075653,0.3631957471370697,297.28875732421875,297.1499938964844,293.1499938964844,0.0,-0.0,284.7200927734375,0.8097406029701233,0.349838525056839,0.3345948755741119,297.1551208496094,297.1499938964844,293.1499938964844,0.0,-0.0,284.7200012207031,0.8320683836936951,0.3814303576946258,0.2693942487239837,297.2389221191406,297.1499938964844,293.1499938964844,0.0,-0.0,284.7202453613281,0.7603321671485901,0.2894944548606872,0.2779113352298736,297.1571960449219,297.1499938964844,293.1499938964844,0.0,-0.0,284.72052001953125,0.700937807559967,0.2235240936279297,1.0243436098098757,284.719970703125,284.95001220703125,296.94512939453125,288.8116455078125,296.9442443847656,297.2164001464844,284.7186584472656,1.0,0.5372656583786011,1.0,1.0,0.0,1.0,-2.724659919738769,2.724653959274292,5.965317086520372e-06,2.102867126464844,0.9944063425064088,0.9944063425064088,0.0,155.96853637695312,136.0,35252.9375,0.0,1879.8399658203125,1.0,281.2558288574219,283.3708801269531,291.8564147949219,294.17559814453125,293.1499938964844,293.1499938964844,280.95001220703125,36090.046875,36000.0,313.1499938964844,0.0,18000.0,1.0,0.0,0.0,0.0,1.0,0.8712106347084045,1.0,0.0,0.0,3.987871170043945,3.987898588180542,1.0611469178911648e-06,4.265924453735352,4.265914440155029,9.78592834144365e-06,0.0,0.0,-0.0,5819.31494140625,0.0,1943.293701171875,1895.4371337890625,0.0,3134.1669921875,0.9812971949577332,1.0,0.0,3.0,1.0,0.0
12304380,297.1774597167969,297.1499938964844,293.1499938964844,0.0,-0.0,284.522216796875,0.8514779210090637,0.3982482850551605,0.3611988127231598,297.2699279785156,297.1499938964844,293.1499938964844,0.0,-0.0,284.5223388671875,0.8175615668296814,0.349686861038208,0.3342348635196686,297.13531494140625,297.1499938964844,293.1499938964844,0.0,-0.0,284.5222473144531,0.8386746048927307,0.3794880211353302,0.2678821682929992,297.2217102050781,297.1499938964844,293.1499938964844,0.0,-0.0,284.5224914550781,0.7674357891082764,0.2888766527175903,0.2771032154560089,297.1419372558594,297.1499938964844,293.1499938964844,0.0,-0.0,284.5228271484375,0.7067535519599915,0.2220688313245773,1.0166807174682615,284.522216796875,284.95001220703125,296.98394775390625,288.82745361328125,296.9832458496094,297.196044921875,284.5207824707031,1.0,0.5308231115341187,1.0,1.0,0.0,1.0,-2.7098324298858643,2.7098264694213867,5.9005051298299804e-06,2.091394186019897,0.9870445132255554,0.9870445132255554,0.0,149.02125549316406,124.0,36210.04296875,0.0,1824.991943359375,1.0,280.95587158203125,283.1333923339844,291.871337890625,294.251708984375,293.1499938964844,293.1499938964844,280.6499938964844,36270.25,36000.0,313.1499938964844,0.0,18000.0,1.0,0.0,0.0,0.0,1.0,0.8831327557563782,1.0,0.0,0.0,3.978508710861206,3.9785361289978014,1.056170162883063e-06,4.265924453735352,4.265914440155029,9.78592834144365e-06,0.0,0.0,-0.0,5915.5810546875,0.0,1932.4886474609373,1895.4371337890625,0.0,3245.932373046875,0.9792839884757996,1.0,0.0,3.0,1.0,0.0
12304440,297.1774597167969,297.1499938964844,293.1499938964844,0.0,-0.0,284.522216796875,0.8514779210090637,0.3982482850551605,0.3611988127231598,297.2699279785156,297.1499938964844,293.1499938964844,0.0,-0.0,284.5223388671875,0.8175615668296814,0.349686861038208,0.3342348635196686,297.13531494140625,297.1499938964844,293.1499938964844,0.0,-0.0,284.5222473144531,0.8386746048927307,0.3794880211353302,0.2678821682929992,297.2217102050781,297.1499938964844,293.1499938964844,0.0,-0.0,284.5224914550781,0.7674357891082764,0.2888766527175903,0.2771032154560089,297.1419372558594,297.1499938964844,293.1499938964844,0.0,-0.0,284.5228271484375,0.7067535519599915,0.2220688313245773,1.0166807174682615,284.522216796875,284.95001220703125,296.98394775390625,288.82745361328125,296.9832458496094,297.196044921875,284.5207824707031,1.0,0.5308231115341187,1.0,1.0,0.0,1.0,-2.7098324298858643,2.7098264694213867,5.9005051298299804e-06,2.091394186019897,0.9870445132255554,0.9870445132255554,0.0,149.02125549316406,124.0,36210.04296875,0.0,1824.991943359375,1.0,280.95587158203125,283.1333923339844,291.871337890625,294.251708984375,293.1499938964844,293.1499938964844,280.6499938964844,36270.25,36000.0,313.1499938964844,0.0,18000.0,1.0,0.0,0.0,0.0,1.0,0.8831327557563782,1.0,0.0,0.0,3.978508710861206,3.9785361289978014,1.056170162883063e-06,4.265924453735352,4.265914440155029,9.78592834144365e-06,0.0,0.0,-0.0,5915.5810546875,0.0,1932.4886474609373,1895.4371337890625,0.0,3245.932373046875,0.9792839884757996,1.0,0.0,3.0,1.0,0.0
12304500,297.16436767578125,297.1499938964844,293.1499938964844,0.0,-0.0,284.3713684082031,0.8563205003738403,0.3971407115459442,0.3601307570934295,297.2609558105469,297.1499938964844,293.1499938964844,0.0,-0.0,284.3720397949219,0.8226354718208313,0.3495689630508423,0.3340077698230743,297.1260681152344,297.1499938964844,293.1499938964844,0.0,-0.0,284.3716125488281,0.8433216214179993,0.3784904479980469,0.2671049833297729,297.213623046875,297.1499938964844,293.1499938964844,0.0,-0.0,284.3732604980469,0.7722992300987244,0.2885380387306213,0.2766587138175964,297.1349792480469,297.1499938964844,293.1499938964844,0.0,-0.0,284.3754577636719,0.7108216881752014,0.2213338911533355,1.0127346515655518,284.371337890625,284.95001220703125,297.0003967285156,288.8333435058594,296.999755859375,297.1864929199219,284.3617248535156,1.0,0.5270170569419861,1.0,1.0,0.0,1.0,-2.702066421508789,2.7020604610443115,5.866679202881642e-06,2.085374593734741,0.9817278385162354,0.9817278385162354,0.0,144.72274780273438,124.0,37089.11328125,0.0,1793.448974609375,1.0,280.6932678222656,282.9417419433594,291.9038391113281,294.3887939453125,293.1499938964844,293.1499938964844,280.6499938964844,36379.37890625,36000.0,313.1499938964844,0.0,18000.0,1.0,0.0,0.0,0.0,1.0,0.8915330171585083,1.0,0.0,0.0,3.971198558807373,3.971225738525391,1.0522924185352167e-06,4.265924453735352,4.265914440155029,9.78592834144365e-06,0.0,0.0,-0.0,5708.24169921875,0.0,1923.8282470703125,1895.4371337890625,0.0,3324.541015625,0.9776711463928224,1.0,0.0,3.0,1.0,0.0
12304560,297.1511535644531,297.1499938964844,293.1499938964844,0.0,-0.0,284.3222961425781,0.8617063164710999,0.3959317803382873,0.3588816225528717,297.251953125,297.1499938964844,293.1499938964844,0.0,-0.0,284.3223876953125,0.8281581997871399,0.3493858277797699,0.3336645364761352,297.1168518066406,297.1499938964844,293.1499938964844,0.0,-0.0,284.32232666015625,0.8485272526741028,0.3774320781230926,0.2662352919578552,297.2055358886719,297.1499938964844,293.1499938964844,0.0,-0.0,284.32257080078125,0.777705192565918,0.2881463766098022,0.2761187851428985,297.12811279296875,297.1499938964844,293.1499938964844,0.0,-0.0,284.3228759765625,0.7151677012443542,0.2205634415149688,1.008466362953186,284.3222961425781,284.95001220703125,297.0147399902344,288.837890625,297.0141906738281,297.1769104003906,284.3208312988281,1.0,0.5228949189186096,1.0,1.0,0.0,1.0,-2.6933302879333496,2.693324565887451,5.82874281462864e-06,2.0786023139953613,0.9770042300224304,0.9770042300224304,0.0,140.15606689453125,112.0,37098.5,0.0,1759.403564453125,1.0,280.65582275390625,282.8961486816406,291.8792419433594,294.3167724609375,293.1499938964844,293.1499938964844,280.3500061035156,36475.0625,36000.0,313.1499938964844,0.0,18000.0,1.0,0.0,0.0,0.0,1.0,0.8944733142852783,1.0,0.0,0.0,3.9616780281066895,3.961705207824707,1.0472530220795306e-06,4.265924453735352,4.265914440155029,9.78592834144365e-06,0.0,0.0,-0.0,6007.19189453125,0.0,1912.216796875,1895.4371337890625,0.0,3352.015380859375,0.9756008982658386,1.0,0.0,3.0,1.0,0.0
12304620,297.1258850097656,297.1499938964844,293.1499938964844,0.0,-0.0,284.1213073730469,0.875083863735199,0.3933875858783722,0.3563136756420135,297.23468017578125,297.1499938964844,293.1499938964844,0.0,-0.0,284.12139892578125,0.8414479494094849,0.3489266335964203,0.3329052627086639,297.0994567871094,297.1499938964844,293.1499938964844,0.0,-0.0,284.121337890625,0.8615004420280457,0.375250905752182,0.2644734382629394,297.190185546875,297.1499938964844,293.1499938964844,0.0,-0.0,284.12158203125,0.7908673286437988,0.2872957587242126,0.2749808728694916,297.1153564453125,297.1499938964844,293.1499938964844,0.0,-0.0,284.1219482421875,0.7253127694129944,0.218994453549385,0.9997828602790833,284.1213073730469,284.95001220703125,297.03692626953125,288.8426208496094,297.0365600585937,297.1595458984375,284.1197509765625,1.0,0.5139918327331543,1.0,1.0,0.0,1.0,-2.6754133701324463,2.675407648086548,5.751281605625991e-06,2.064692974090576,0.9642779231071472,0.9642779231071472,0.0,130.2061309814453,100.0,37917.01953125,0.0,1687.5653076171875,1.0,280.3560485839844,282.6605224609375,291.88037109375,294.3708190917969,293.1499938964844,293.1499938964844,280.04998779296875,36710.625,36000.0,313.1499938964844,0.0,18000.0,1.0,0.0,0.0,0.0,1.0,0.9050363302230836,1.0,0.0,0.0,3.9362504482269287,3.9362776279449454,1.0338528682041217e-06,4.265924453735352,4.265914440155029,9.78592834144365e-06,0.0,0.0,-0.0,6094.2431640625,0.0,1881.29931640625,1895.4371337890625,0.0,3450.483642578125,0.9700008630752563,1.0,0.0,3.0,1.0,0.0
12304680,297.1258850097656,297.1499938964844,293.1499938964844,0.0,-0.0,284.1213073730469,0.875083863735199,0.3933875858783722,0.3563136756420135,297.23468017578125,297.1499938964844,293.1499938964844,0.0,-0.0,284.12139892578125,0.8414479494094849,0.3489266335964203,0.3329052627086639,297.0994567871094,297.1499938964844,293.1499938964844,0.0,-0.0,284.121337890625,0.8615004420280457,0.375250905752182,0.2644734382629394,297.190185546875,297.1499938964844,293.1499938964844,0.0,-0.0,284.12158203125,0.7908673286437988,0.2872957587242126,0.2749808728694916,297.1153564453125,297.1499938964844,293.1499938964844,0.0,-0.0,284.1219482421875,0.7253127694129944,0.218994453549385,0.9997828602790833,284.1213073730469,284.95001220703125,297.03692626953125,288.8426208496094,297.0365600585937,297.1595458984375,284.1197509765625,1.0,0.5139918327331543,1.0,1.0,0.0,1.0,-2.6754133701324463,2.675407648086548,5.751281605625991e-06,2.064692974090576,0.9642779231071472,0.9642779231071472,0.0,130.2061309814453,100.0,37917.01953125,0.0,1687.5653076171875,1.0,280.3560485839844,282.6605224609375,291.88037109375,294.3708190917969,293.1499938964844,293.1499938964844,280.04998779296875,36710.625,36000.0,313.1499938964844,0.0,18000.0,1.0,0.0,0.0,0.0,1.0,0.9050363302230836,1.0,0.0,0.0,3.9362504482269287,3.9362776279449454,1.0338528682041217e-06,4.265924453735352,4.265914440155029,9.78592834144365e-06,0.0,0.0,-0.0,6094.2431640625,0.0,1881.29931640625,1895.4371337890625,0.0,3450.483642578125,0.9700008630752563,1.0,0.0,3.0,1.0,0.0
12304740,297.1017761230469,297.1499938964844,293.1499938964844,0.0,-0.0,283.91864013671875,0.8918604254722595,0.3906381726264953,0.3535387814044952,297.21795654296875,297.1499938964844,293.1499938964844,0.0,-0.0,283.9187316894531,0.8580446243286133,0.3483072221279144,0.3319742381572723,297.0829467773437,297.1499938964844,293.1499938964844,0.0,-0.0,283.9186706542969,0.8779459595680237,0.3729387521743774,0.2626054584980011,297.1755676269531,297.1499938964844,293.1499938964844,0.0,-0.0,283.9189453125,0.806969404220581,0.286323219537735,0.273706704378128,297.103515625,297.1499938964844,293.1499938964844,0.0,-0.0,283.9193115234375,0.7375870943069458,0.217357262969017,0.9906938076019288,283.91864013671875,284.95001220703125,297.04998779296875,288.8412780761719,297.0498352050781,297.1437072753906,283.9169921875,1.0,0.5044028162956238,1.0,1.0,0.0,1.0,-2.6562631130218506,2.656257390975952,5.669017809850629e-06,2.0498056411743164,0.9488444924354552,0.9488444924354552,0.0,119.64152526855467,88.0,38757.67578125,0.0,1612.1029052734375,1.0,280.0562744140625,282.43316650390625,291.8775329589844,294.4215393066406,293.1499938964844,293.1499938964844,279.75,36987.0234375,36000.0,313.1499938964844,0.0,18000.0,1.0,0.0,0.0,0.0,1.0,0.9152068495750428,1.0,0.0,0.0,3.9007370471954346,3.900763750076294,1.0152817822017823e-06,4.265924453735352,4.265914440155029,9.78592834144365e-06,0.0,0.0,-0.0,6183.873046875,0.0,1838.3199462890625,1895.4371337890625,0.0,3544.860595703125,0.9621613621711732,1.0,0.0,3.0,1.0,0.0
12304800,297.1017761230469,297.1499938964844,293.1499938964844,0.0,-0.0,283.91864013671875,0.8918604254722595,0.3906381726264953,0.3535387814044952,297.21795654296875,297.1499938964844,293.1499938964844,0.0,-0.0,283.9187316894531,0.8580446243286133,0.3483072221279144,0.3319742381572723,297.0829467773437,297.1499938964844,293.1499938964844,0.0,-0.0,283.9186706542969,0.8779459595680237,0.3729387521743774,0.2626054584980011,297.1755676269531,297.1499938964844,293.1499938964844,0.0,-0.0,283.9189453125,0.806969404220581,0.286323219537735,0.273706704378128,297.103515625,297.1499938964844,293.1499938964844,0.0,-0.0,283.9193115234375,0.7375870943069458,0.217357262969017,0.9906938076019288,283.91864013671875,284.95001220703125,297.04998779296875,288.8412780761719,297.0498352050781,297.1437072753906,283.9169921875,1.0,0.5044028162956238,1.0,1.0,0.0,1.0,-2.6562631130218506,2.656257390975952,5.669017809850629e-06,2.0498056411743164,0.9488444924354552,0.9488444924354552,0.0,119.64152526855467,88.0,38757.67578125,0.0,1612.1029052734375,1.0,280.0562744140625,282.43316650390625,291.8775329589844,294.4215393066406,293.1499938964844,293.1499938964844,279.75,36987.0234375,36000.0,313.1499938964844,0.0,18000.0,1.0,0.0,0.0,0.0,1.0,0.9152068495750428,1.0,0.0,0.0,3.9007370471954346,3.900763750076294,1.0152817822017823e-06,4.265924453735352,4.265914440155029,9.78592834144365e-06,0.0,0.0,-0.0,6183.873046875,0.0,1838.3199462890625,1895.4371337890625,0.0,3544.860595703125,0.9621613621711732,1.0,0.0,3.0,1.0,0.0
12304860,297.0795593261719,297.1499938964844,293.1499938964844,0.0,-0.0,283.71832275390625,0.9120962023735046,0.3878095746040344,0.3507012128829956,297.2023620605469,297.1499938964844,293.1499938964844,0.0,-0.0,283.71844482421875,0.8779982328414917,0.3475564122200012,0.3309275507926941,297.0677795410156,297.1499938964844,293.1499938964844,0.0,-0.0,283.7183837890625,0.8976061940193176,0.3705902099609375,0.2607189118862152,297.1620788574219,297.1499938964844,293.1499938964844,0.0,-0.0,283.7186584472656,0.8244690895080566,0.2852707207202911,0.2723644077777862,297.0928955078125,297.1499938964844,293.1499938964844,0.0,-0.0,283.7190856933594,0.7523547410964966,0.2157174944877624,0.9816247820854188,283.71832275390625,284.95001220703125,297.0544128417969,288.8358459472656,297.0544128417969,297.1297607421875,283.71649169921875,1.0,0.4947036504745483,1.0,1.0,0.0,1.0,-2.6368188858032227,2.636813163757324,5.586068709817482e-06,2.034675359725952,0.931404948234558,0.931404948234558,0.0,109.17166900634766,88.0,39526.78125,0.0,1537.689697265625,1.0,279.75762939453125,282.2104187011719,291.8722839355469,294.4687805175781,293.1499938964844,293.1499938964844,279.75,37304.9296875,36000.0,313.1499938964844,0.0,18000.0,1.0,0.0,0.0,0.0,1.0,0.9248479604721068,1.0,0.0,0.0,3.8553035259246826,3.855329751968384,9.917687293636843e-07,4.265924453735352,4.265914440155029,9.78592834144365e-06,0.0,0.0,-0.0,5892.828125,0.0,1784.112060546875,1895.4371337890625,0.0,3633.829345703125,0.9521304368972778,1.0,0.0,3.0,1.0,0.0
12304920,297.07879638671875,297.1499938964844,293.1499938964844,0.0,-0.0,283.7168884277344,0.9130939245224,0.3877006471157074,0.350578248500824,297.2017822265625,297.1499938964844,293.1499938964844,0.0,-0.0,283.71697998046875,0.878928005695343,0.3475293219089508,0.3308798968791961,297.0672607421875,297.1499938964844,293.1499938964844,0.0,-0.0,283.7169189453125,0.8985161185264587,0.3704990744590759,0.2606376409530639,297.1615905761719,297.1499938964844,293.1499938964844,0.0,-0.0,283.7171936035156,0.8252495527267456,0.2852304875850677,0.2723052501678467,297.0924987792969,297.1499938964844,293.1499938964844,0.0,-0.0,283.7175598144531,0.7530505657196045,0.2156523615121841,0.9812367558479308,283.7168884277344,284.95001220703125,297.054443359375,288.8355712890625,297.054443359375,297.1292724609375,283.71533203125,1.0,0.4942899048328399,1.0,1.0,0.0,1.0,-2.6359786987304688,2.6359729766845703,5.582493486144813e-06,2.0340192317962646,0.9307286143302916,0.9307286143302916,0.0,108.7311019897461,76.0,39514.6640625,0.0,1534.551025390625,1.0,279.75653076171875,282.20947265625,291.8690490722656,294.4623107910156,293.1499938964844,293.1499938964844,279.45001220703125,37314.87109375,36000.0,313.1499938964844,0.0,18000.0,1.0,0.0,0.0,0.0,1.0,0.924830675125122,1.0,0.0,0.0,3.853203773498535,3.853229999542236,9.906887044053292e-07,4.265924453735352,4.265914440155029,9.78592834144365e-06,0.0,0.0,-0.0,6266.97607421875,0.0,1781.5977783203125,1895.4371337890625,0.0,3633.67041015625,0.9516661763191224,1.0,0.0,3.0,1.0,0.0
12304980,297.0574035644531,297.1499938964844,293.1499938964844,0.0,-0.0,283.5189208984375,0.9422306418418884,0.3846302926540375,0.3474746644496918,297.1862487792969,297.1499938964844,293.1499938964844,0.0,-0.0,283.5189819335937,0.9054219126701356,0.3466113805770874,0.3296416699886322,297.052490234375,297.1499938964844,293.1499938964844,0.0,-0.0,283.5189514160156,0.9262874722480774,0.3679557740688324,0.2585878372192383,297.1483154296875,297.1499938964844,293.1499938964844,0.0,-0.0,283.5191650390625,0.8474756479263306,0.2840341031551361,0.2707945108413696,297.08233642578125,297.1499938964844,293.1499938964844,0.0,-0.0,283.51953125,0.773331880569458,0.2138944119215011,0.9714882373809814,283.5189208984375,284.95001220703125,297.0513916015625,288.8275756835937,297.051513671875,297.1150207519531,283.5175170898437,1.0,0.4837510585784912,1.0,1.0,0.0,1.0,-2.614769458770752,2.6147639751434326,5.492710897669895e-06,2.017500877380371,0.9100025296211244,0.9100025296211244,0.0,97.61155700683594,64.0,40191.58203125,0.0,1455.9593505859375,1.0,279.4569091796875,281.9922180175781,291.8568115234375,294.4939270019531,293.1499938964844,293.1499938964844,279.1499938964844,37704.375,36000.0,313.1499938964844,0.0,18000.0,1.0,0.0,0.0,0.0,1.0,0.9335122108459472,1.0,0.0,0.0,3.791305780410767,3.7913315296173096,9.59115595833282e-07,4.265924453735352,4.265914440155029,9.78592834144365e-06,0.0,0.0,-0.0,6343.75390625,0.0,1709.38037109375,1895.4371337890625,0.0,3713.291748046875,0.9380157589912416,1.0,0.0,3.0,1.0,0.0
12305040,297.0574035644531,297.1499938964844,293.1499938964844,0.0,-0.0,283.5189208984375,0.9422306418418884,0.3846302926540375,0.3474746644496918,297.1862487792969,297.1499938964844,293.1499938964844,0.0,-0.0,283.5189819335937,0.9054219126701356,0.3466113805770874,0.3296416699886322,297.052490234375,297.1499938964844,293.1499938964844,0.0,-0.0,283.5189514160156,0.9262874722480774,0.3679557740688324,0.2585878372192383,297.1483154296875,297.1499938964844,293.1499938964844,0.0,-0.0,283.5191650390625,0.8474756479263306,0.2840341031551361,0.2707945108413696,297.08233642578125,297.1499938964844,293.1499938964844,0.0,-0.0,283.51953125,0.773331880569458,0.2138944119215011,0.9714882373809814,283.5189208984375,284.95001220703125,297.0513916015625,288.8275756835937,297.051513671875,297.1150207519531,283.5175170898437,1.0,0.4837510585784912,1.0,1.0,0.0,1.0,-2.614769458770752,2.6147639751434326,5.492710897669895e-06,2.017500877380371,0.9100025296211244,0.9100025296211244,0.0,97.61155700683594,64.0,40191.58203125,0.0,1455.9593505859375,1.0,279.4569091796875,281.9922180175781,291.8568115234375,294.4939270019531,293.1499938964844,293.1499938964844,279.1499938964844,37704.375,36000.0,313.1499938964844,0.0,18000.0,1.0,0.0,0.0,0.0,1.0,0.9335122108459472,1.0,0.0,0.0,3.791305780410767,3.7913315296173096,9.59115595833282e-07,4.265924453735352,4.265914440155029,9.78592834144365e-06,0.0,0.0,-0.0,6343.75390625,0.0,1709.38037109375,1895.4371337890625,0.0,3713.291748046875,0.9380157589912416,1.0,0.0,3.0,1.0,0.0
12305100,297.0477294921875,297.1499938964844,293.1499938964844,0.0,-0.0,283.374755859375,0.9592174291610718,0.3830962479114532,0.345947653055191,297.1789245605469,297.1499938964844,293.1499938964844,0.0,-0.0,283.3753356933594,0.9230454564094543,0.3461241722106933,0.3290080726146698,297.04571533203125,297.1499938964844,293.1499938964844,0.0,-0.0,283.375,0.9440382719039916,0.3666740953922272,0.2575685679912567,297.14215087890625,297.1499938964844,293.1499938964844,0.0,-0.0,283.37664794921875,0.8614674806594849,0.2834184467792511,0.2700309455394745,297.0777587890625,297.1499938964844,293.1499938964844,0.0,-0.0,283.379150390625,0.7861126065254211,0.2130147069692611,0.9666268229484558,283.3747253417969,284.95001220703125,297.0471496582031,288.82275390625,297.04736328125,297.1083374023437,283.3645935058594,1.0,0.4783542454242706,1.0,1.0,0.0,1.0,-2.604189395904541,2.6041839122772217,5.448177489597583e-06,2.009251832962036,0.8981151580810547,0.8981151580810547,0.0,91.95420837402344,64.0,40930.13671875,0.0,1416.7181396484375,1.0,279.19793701171875,281.8203125,291.87481689453125,294.6082458496094,293.1499938964844,293.1499938964844,279.1499938964844,37938.640625,36000.0,313.1499938964844,0.0,18000.0,1.0,0.0,0.0,0.0,1.0,0.9398574233055116,1.0,0.0,0.0,3.754335165023804,3.754360437393189,9.405012519891898e-07,4.265924453735352,4.265914440155029,9.78592834144365e-06,0.0,0.0,-0.0,6119.84765625,0.0,1667.2939453125,1895.4371337890625,0.0,3771.148193359375,0.9298469424247742,1.0,0.0,3.0,1.0,0.0
12305160,297.0380554199219,297.1499938964844,293.1499938964844,0.0,-0.0,283.3271179199219,0.9764044284820556,0.3814977407455444,0.3443022966384887,297.1715087890625,297.1499938964844,293.1499938964844,0.0,-0.0,283.3271789550781,0.943392276763916,0.3455780446529388,0.328284204006195,297.0388488769531,297.1499938964844,293.1499938964844,0.0,-0.0,283.3271179199219,0.962774097919464,0.3653386533260345,0.2564780116081238,297.13592529296875,297.1499938964844,293.1499938964844,0.0,-0.0,283.3273010253906,0.8776475787162781,0.282756507396698,0.269197016954422,297.0731506347656,297.1499938964844,293.1499938964844,0.0,-0.0,283.3276062011719,0.8006285429000854,0.2121053487062454,0.961551308631897,283.3270874023437,284.95001220703125,297.0411376953125,288.8174133300781,297.0414428710937,297.1015014648437,283.3260192871094,1.0,0.4728542268276214,1.0,1.0,0.0,1.0,-2.5929317474365234,2.592926263809204,5.401003818406025e-06,2.0004806518554688,0.8867676258087158,0.8867676258087158,0.0,86.34906005859375,67.0,40782.14453125,0.0,1377.1309814453125,1.0,279.1573181152344,281.7840576171875,291.84228515625,294.5178527832031,293.1499938964844,293.1499938964844,279.45001220703125,38164.52734375,36000.0,313.1499938964844,0.0,18000.0,1.0,0.0,0.0,0.0,1.0,0.9412328600883484,1.0,0.0,0.0,3.712284803390503,3.7123098373413086,9.19551155220688e-07,4.265924453735352,4.265914440155029,9.78592834144365e-06,0.0,0.0,-0.0,5680.46044921875,0.0,1620.045654296875,1895.4371337890625,0.0,3783.64892578125,0.9206324815750122,1.0,0.0,3.0,1.0,0.0
12305220,297.0399475097656,297.1499938964844,293.1499938964844,0.0,-0.0,283.52783203125,0.9962278008461,0.3802440166473388,0.3423914313316345,297.17047119140625,297.1499938964844,293.1499938964844,0.0,-0.0,283.5276794433594,0.9694070219993592,0.3457242846488952,0.3277885615825653,297.0416259765625,297.1499938964844,293.1499938964844,0.0,-0.0,283.5277709960937,0.98503839969635,0.3641892373561859,0.2551508545875549,297.1351928710937,297.1499938964844,293.1499938964844,0.0,-0.0,283.5273132324219,0.9004974961280823,0.2824866771697998,0.2683646082878113,297.0735778808594,297.1499938964844,293.1499938964844,0.0,-0.0,283.5266418457031,0.8196061849594116,0.2111613005399704,0.9548237919807434,283.52783203125,284.95001220703125,297.0240783691406,288.80517578125,297.0245361328125,297.1009826660156,283.5307312011719,1.0,0.466750293970108,1.0,1.0,0.0,1.0,-2.5793464183807373,2.579341173171997,5.34389528183965e-06,1.989668726921081,0.8693620562553406,0.8693620562553406,0.0,79.79984283447266,85.0,39349.921875,0.0,1330.7493896484375,1.0,279.4423217773437,282.02899169921875,291.736083984375,294.2533874511719,293.1499938964844,293.1499938964844,279.75,38227.57421875,36000.0,313.1499938964844,0.0,18000.0,1.0,0.0,0.0,0.0,1.0,0.9229366779327391,1.0,0.0,0.0,3.628432035446167,3.628456115722656,8.784787723925547e-07,4.265924453735352,4.265914440155029,9.78592834144365e-06,0.0,0.0,-0.0,5516.7236328125,0.0,1525.873779296875,1895.4371337890625,0.0,3616.234619140625,0.902021050453186,1.0,0.0,3.0,1.0,0.0
12305280,297.0399475097656,297.1499938964844,293.1499938964844,0.0,-0.0,283.52783203125,0.9962278008461,0.3802440166473388,0.3423914313316345,297.17047119140625,297.1499938964844,293.1499938964844,0.0,-0.0,283.5276794433594,0.9694070219993592,0.3457242846488952,0.3277885615825653,297.0416259765625,297.1499938964844,293.1499938964844,0.0,-0.0,283.5277709960937,0.98503839969635,0.3641892373561859,0.2551508545875549,297.1351928710937,297.1499938964844,293.1499938964844,0.0,-0.0,283.5273132324219,0.9004974961280823,0.2824866771697998,0.2683646082878113,297.0735778808594,297.1499938964844,293.1499938964844,0.0,-0.0,283.5266418457031,0.8196061849594116,0.2111613005399704,0.9548237919807434,283.52783203125,284.95001220703125,297.0240783691406,288.80517578125,297.0245361328125,297.1009826660156,283.5307312011719,1.0,0.466750293970108,1.0,1.0,0.0,1.0,-2.5793464183807373,2.579341173171997,5.34389528183965e-06,1.989668726921081,0.8693620562553406,0.8693620562553406,0.0,79.79984283447266,85.0,39349.921875,0.0,1330.7493896484375,1.0,279.4423217773437,282.02899169921875,291.736083984375,294.2533874511719,293.1499938964844,293.1499938964844,279.75,38227.57421875,36000.0,313.1499938964844,0.0,18000.0,1.0,0.0,0.0,0.0,1.0,0.9229366779327391,1.0,0.0,0.0,3.628432035446167,3.628456115722656,8.784787723925547e-07,4.265924453735352,4.265914440155029,9.78592834144365e-06,0.0,0.0,-0.0,5516.7236328125,0.0,1525.873779296875,1895.4371337890625,0.0,3616.234619140625,0.902021050453186,1.0,0.0,3.0,1.0,0.0
12305340,297.05596923828125,297.1499938964844,293.1499938964844,0.0,-0.0,283.757568359375,0.9903924465179444,0.380463570356369,0.3424098789691925,297.1808776855469,297.1499938964844,293.1499938964844,0.0,-0.0,283.75738525390625,0.9630146622657776,0.3470293879508972,0.3288628160953522,297.0570373535156,297.1499938964844,293.1499938964844,0.0,-0.0,283.7574768066406,0.9784165024757384,0.3643698990345001,0.2551418542861938,297.1446533203125,297.1499938964844,293.1499938964844,0.0,-0.0,283.7569580078125,0.8940637707710266,0.2832514345645904,0.2689492702484131,297.0832824707031,297.1499938964844,293.1499938964844,0.0,-0.0,283.7561340332031,0.8134799599647522,0.2111680805683136,0.9542560577392578,283.757568359375,284.95001220703125,297.0005798339844,288.7910461425781,297.0011291503906,297.1119079589844,283.7611083984375,1.0,0.4687493741512298,1.0,1.0,0.0,1.0,-2.5806572437286377,2.580651998519897,5.348877493815962e-06,1.990454912185669,0.8552699685096741,0.8552699685096741,0.0,81.52621459960938,103.0,38050.2421875,0.0,1340.0247802734375,1.0,279.7412414550781,282.2979431152344,291.7074279785156,294.1224060058594,293.1499938964844,293.1499938964844,280.04998779296875,38113.26953125,36000.0,313.1499938964844,0.0,18000.0,1.0,0.0,0.0,0.0,1.0,0.9026768803596495,1.0,0.0,0.0,3.54848313331604,3.548506736755371,8.401925128964649e-07,4.265924453735352,4.265914440155029,9.78592834144365e-06,0.0,0.0,-0.0,5404.21337890625,0.0,1438.50390625,1895.4371337890625,0.0,3428.524169921875,0.8841879367828369,1.0,0.0,3.0,1.0,0.0
12305400,297.05596923828125,297.1499938964844,293.1499938964844,0.0,-0.0,283.757568359375,0.9903924465179444,0.380463570356369,0.3424098789691925,297.1808776855469,297.1499938964844,293.1499938964844,0.0,-0.0,283.75738525390625,0.9630146622657776,0.3470293879508972,0.3288628160953522,297.0570373535156,297.1499938964844,293.1499938964844,0.0,-0.0,283.7574768066406,0.9784165024757384,0.3643698990345001,0.2551418542861938,297.1446533203125,297.1499938964844,293.1499938964844,0.0,-0.0,283.7569580078125,0.8940637707710266,0.2832514345645904,0.2689492702484131,297.0832824707031,297.1499938964844,293.1499938964844,0.0,-0.0,283.7561340332031,0.8134799599647522,0.2111680805683136,0.9542560577392578,283.757568359375,284.95001220703125,297.0005798339844,288.7910461425781,297.0011291503906,297.1119079589844,283.7611083984375,1.0,0.4687493741512298,1.0,1.0,0.0,1.0,-2.5806572437286377,2.580651998519897,5.348877493815962e-06,1.990454912185669,0.8552699685096741,0.8552699685096741,0.0,81.52621459960938,103.0,38050.2421875,0.0,1340.0247802734375,1.0,279.7412414550781,282.2979431152344,291.7074279785156,294.1224060058594,293.1499938964844,293.1499938964844,280.04998779296875,38113.26953125,36000.0,313.1499938964844,0.0,18000.0,1.0,0.0,0.0,0.0,1.0,0.9026768803596495,1.0,0.0,0.0,3.54848313331604,3.548506736755371,8.401925128964649e-07,4.265924453735352,4.265914440155029,9.78592834144365e-06,0.0,0.0,-0.0,5404.21337890625,0.0,1438.50390625,1895.4371337890625,0.0,3428.524169921875,0.8841879367828369,1.0,0.0,3.0,1.0,0.0
12305460,297.0749206542969,297.1499938964844,293.1499938964844,0.0,-0.0,283.9900817871094,0.9651136994361876,0.3811894059181213,0.3432439565658569,297.1950988769531,297.1499938964844,293.1499938964844,0.0,-0.0,283.9898986816406,0.9342463612556458,0.348859965801239,0.3307708501815796,297.07672119140625,297.1499938964844,293.1499938964844,0.0,-0.0,283.989990234375,0.9506973028182985,0.3651836514472961,0.2558251023292541,297.1582946777344,297.1499938964844,293.1499938964844,0.0,-0.0,283.9894714355469,0.8692055940628052,0.2845600843429565,0.2703578472137451,297.09686279296875,297.1499938964844,293.1499938964844,0.0,-0.0,283.9886169433594,0.7904744148254395,0.2116958051919937,0.9574764966964722,283.9900817871094,284.95001220703125,296.970947265625,288.77508544921875,296.9716491699219,297.1269226074219,283.99365234375,1.0,0.475716233253479,1.0,1.0,0.0,1.0,-2.59032940864563,2.5903241634368896,5.388809768192004e-06,1.99779748916626,0.844295859336853,0.844295859336853,0.0,89.08647155761719,121.0,36873.61328125,0.0,1385.8499755859375,1.0,280.0404968261719,282.5693054199219,291.7021179199219,294.0384216308594,293.1499938964844,293.1499938964844,280.3500061035156,37882.00390625,36000.0,313.1499938964844,0.0,18000.0,1.0,0.0,0.0,0.0,1.0,0.8852100968360901,1.0,0.0,0.0,3.4768266677856445,3.476849317550659,8.066021450758853e-07,4.265924453735352,4.265914440155029,9.78592834144365e-06,0.0,0.0,-0.0,5309.5478515625,0.0,1362.317626953125,1895.4371337890625,0.0,3265.385986328125,0.868145227432251,1.0,0.0,3.0,1.0,0.0
12305520,297.0749206542969,297.1499938964844,293.1499938964844,0.0,-0.0,283.9900817871094,0.9651136994361876,0.3811894059181213,0.3432439565658569,297.1950988769531,297.1499938964844,293.1499938964844,0.0,-0.0,283.9898986816406,0.9342463612556458,0.348859965801239,0.3307708501815796,297.07672119140625,297.1499938964844,293.1499938964844,0.0,-0.0,283.989990234375,0.9506973028182985,0.3651836514472961,0.2558251023292541,297.1582946777344,297.1499938964844,293.1499938964844,0.0,-0.0,283.9894714355469,0.8692055940628052,0.2845600843429565,0.2703578472137451,297.09686279296875,297.1499938964844,293.1499938964844,0.0,-0.0,283.9886169433594,0.7904744148254395,0.2116958051919937,0.9574764966964722,283.9900817871094,284.95001220703125,296.970947265625,288.77508544921875,296.9716491699219,297.1269226074219,283.99365234375,1.0,0.475716233253479,1.0,1.0,0.0,1.0,-2.59032940864563,2.5903241634368896,5.388809768192004e-06,1.99779748916626,0.844295859336853,0.844295859336853,0.0,89.08647155761719,121.0,36873.61328125,0.0,1385.8499755859375,1.0,280.0404968261719,282.5693054199219,291.7021179199219,294.0384216308594,293.1499938964844,293.1499938964844,280.3500061035156,37882.00390625,36000.0,313.1499938964844,0.0,18000.0,1.0,0.0,0.0,0.0,1.0,0.8852100968360901,1.0,0.0,0.0,3.4768266677856445,3.476849317550659,8.066021450758853e-07,4.265924453735352,4.265914440155029,9.78592834144365e-06,0.0,0.0,-0.0,5309.5478515625,0.0,1362.317626953125,1895.4371337890625,0.0,3265.385986328125,0.868145227432251,1.0,0.0,3.0,1.0,0.0
12305580,297.0937194824219,297.1499938964844,293.1499938964844,0.0,-0.0,284.21728515625,0.9281408190727234,0.3821444511413574,0.3444606363773346,297.2101745605469,297.1499938964844,293.1499938964844,0.0,-0.0,284.2171325683594,0.8992367386817932,0.3509552776813507,0.3331187963485718,297.09722900390625,297.1499938964844,293.1499938964844,0.0,-0.0,284.2172241210937,0.913213849067688,0.3663308322429657,0.2568904459476471,297.1730651855469,297.1499938964844,293.1499938964844,0.0,-0.0,284.2167053222656,0.840773344039917,0.2861607372760772,0.2722382843494415,297.111572265625,297.1499938964844,293.1499938964844,0.0,-0.0,284.2159118652344,0.7632498145103455,0.2125117033720016,0.9628944396972656,284.2173156738281,284.95001220703125,296.9355773925781,288.7574157714844,296.9364013671875,297.1429748535156,284.2207336425781,1.0,0.4858357012271881,1.0,1.0,0.0,1.0,-2.604659080505371,2.604653596878052,5.448449428513413e-06,2.008777141571045,0.8363144993782043,0.8363144993782043,0.0,100.49756622314452,139.0,35865.75390625,0.0,1455.2867431640625,1.0,280.33984375,282.84246826171875,291.69879150390625,293.9718933105469,293.1499938964844,293.1499938964844,280.6499938964844,37572.51953125,36000.0,313.1499938964844,0.0,18000.0,1.0,0.0,0.0,0.0,1.0,0.8707872629165649,1.0,0.0,0.0,3.416616678237915,3.4166386127471924,7.789073492858734e-07,4.265924453735352,4.265914440155029,9.78592834144365e-06,0.0,0.0,-0.0,5228.244140625,0.0,1299.7021484375,1895.4371337890625,0.0,3130.1953125,0.8545979857444763,1.0,0.0,3.0,1.0,0.0
12305640,297.0937194824219,297.1499938964844,293.1499938964844,0.0,-0.0,284.21728515625,0.9281408190727234,0.3821444511413574,0.3444606363773346,297.2101745605469,297.1499938964844,293.1499938964844,0.0,-0.0,284.2171325683594,0.8992367386817932,0.3509552776813507,0.3331187963485718,297.09722900390625,297.1499938964844,293.1499938964844,0.0,-0.0,284.2172241210937,0.913213849067688,0.3663308322429657,0.2568904459476471,297.1730651855469,297.1499938964844,293.1499938964844,0.0,-0.0,284.2167053222656,0.840773344039917,0.2861607372760772,0.2722382843494415,297.111572265625,297.1499938964844,293.1499938964844,0.0,-0.0,284.2159118652344,0.7632498145103455,0.2125117033720016,0.9628944396972656,284.2173156738281,284.95001220703125,296.9355773925781,288.7574157714844,296.9364013671875,297.1429748535156,284.2207336425781,1.0,0.4858357012271881,1.0,1.0,0.0,1.0,-2.604659080505371,2.604653596878052,5.448449428513413e-06,2.008777141571045,0.8363144993782043,0.8363144993782043,0.0,100.49756622314452,139.0,35865.75390625,0.0,1455.2867431640625,1.0,280.33984375,282.84246826171875,291.69879150390625,293.9718933105469,293.1499938964844,293.1499938964844,280.6499938964844,37572.51953125,36000.0,313.1499938964844,0.0,18000.0,1.0,0.0,0.0,0.0,1.0,0.8707872629165649,1.0,0.0,0.0,3.416616678237915,3.4166386127471924,7.789073492858734e-07,4.265924453735352,4.265914440155029,9.78592834144365e-06,0.0,0.0,-0.0,5228.244140625,0.0,1299.7021484375,1895.4371337890625,0.0,3130.1953125,0.8545979857444763,1.0,0.0,3.0,1.0,0.0
12305700,297.1025390625,297.1499938964844,293.1499938964844,0.0,-0.0,284.3686218261719,0.909406840801239,0.3826511204242706,0.3451161086559295,297.2174072265625,297.1499938964844,293.1499938964844,0.0,-0.0,284.3681030273437,0.8835328221321106,0.3520473837852478,0.3343701362609863,297.1070556640625,297.1499938964844,293.1499938964844,0.0,-0.0,284.3683776855469,0.8962604403495789,0.3669613003730774,0.2574875354766845,297.18023681640625,297.1499938964844,293.1499938964844,0.0,-0.0,284.3666381835937,0.8273974061012268,0.2870110869407654,0.2732658982276916,297.1187744140625,297.1499938964844,293.1499938964844,0.0,-0.0,284.3637390136719,0.7504503726959229,0.2129745632410049,0.966056227684021,284.36871337890625,284.95001220703125,296.91583251953125,288.7479858398437,296.9167175292969,297.150634765625,284.3804626464844,1.0,0.4916636645793915,1.0,1.0,0.0,1.0,-2.612700700759888,2.6126952171325684,5.482096639752854e-06,2.014955520629883,0.8338960409164429,0.8338960409164429,0.0,107.26760864257812,139.0,35010.06640625,0.0,1496.210693359375,1.0,280.5916442871094,283.0355529785156,291.6700744628906,293.84503173828125,293.1499938964844,293.1499938964844,280.6499938964844,37384.609375,36000.0,313.1499938964844,0.0,18000.0,1.0,0.0,0.0,0.0,1.0,0.8621086478233337,1.0,0.0,0.0,3.391164541244507,3.391186237335205,7.673456252632604e-07,4.265924453735352,4.265914440155029,9.78592834144365e-06,0.0,0.0,-0.0,5368.7294921875,0.0,1273.442138671875,1895.4371337890625,0.0,3048.782958984375,0.8488755822181702,1.0,0.0,3.0,1.0,0.0
12305760,297.11163330078125,297.1499938964844,293.1499938964844,0.0,-0.0,284.4379272460937,0.8935803174972534,0.3832448124885559,0.3459109663963318,297.2248840332031,297.1499938964844,293.1499938964844,0.0,-0.0,284.4377746582031,0.8691250681877136,0.3532071411609649,0.335730493068695,297.1170959472656,297.1499938964844,293.1499938964844,0.0,-0.0,284.4378662109375,0.8810666799545288,0.3676750063896179,0.2581815421581268,297.1875915527344,297.1499938964844,293.1499938964844,0.0,-0.0,284.4374084472656,0.8149144649505615,0.2879239022731781,0.274392306804657,297.1260986328125,297.1499938964844,293.1499938964844,0.0,-0.0,284.4366455078125,0.7389494776725769,0.2134958654642105,0.9696343541145324,284.4379272460937,284.95001220703125,296.8948059082031,288.7381591796875,296.8957214355469,297.158447265625,284.44110107421875,1.0,0.4978705048561096,1.0,1.0,0.0,1.0,-2.6217761039733887,2.6217706203460693,5.5201958275574725e-06,2.0219292640686035,0.8312243819236755,0.8312243819236755,0.0,114.48345184326172,157.0,34891.38671875,0.0,1540.79248046875,1.0,280.6393737792969,283.1080627441406,291.68902587890625,293.90380859375,293.1499938964844,293.1499938964844,280.95001220703125,37214.40625,36000.0,313.1499938964844,0.0,18000.0,1.0,0.0,0.0,0.0,1.0,0.8583524823188782,1.0,0.0,0.0,3.369812488555908,3.369833946228028,7.577130531899456e-07,4.265924453735352,4.265914440155029,9.78592834144365e-06,0.0,0.0,-0.0,5149.92431640625,0.0,1251.60498046875,1895.4371337890625,0.0,3013.55419921875,0.8439826369285583,1.0,0.0,3.0,1.0,0.0
12305820,297.1285095214844,297.1499938964844,293.1499938964844,0.0,-0.0,284.6502380371094,0.8656322956085205,0.3844678699970245,0.3475376963615417,297.2388000488281,297.1499938964844,293.1499938964844,0.0,-0.0,284.6501159667969,0.8439362645149231,0.3555677533149719,0.3385182321071625,297.1358947753906,297.1499938964844,293.1499938964844,0.0,-0.0,284.6501770019531,0.8542174100875854,0.369162768125534,0.2596276700496673,297.2013244628906,297.1499938964844,293.1499938964844,0.0,-0.0,284.6497802734375,0.7905720472335815,0.2897936701774597,0.2767217755317688,297.139892578125,297.1499938964844,293.1499938964844,0.0,-0.0,284.64910888671875,0.7184796929359436,0.2145911604166031,0.9772294759750366,284.6502685546875,284.95001220703125,296.8489990234375,288.7174072265625,296.8500061035156,297.1728515625,284.6531066894531,1.0,0.5110107064247131,1.0,1.0,0.0,1.0,-2.640742540359497,2.640736818313598,5.600276836048579e-06,2.036519289016724,0.8289056420326233,0.8289056420326233,0.0,130.157470703125,160.0,33944.70703125,0.0,1637.5997314453125,1.0,280.93878173828125,283.36407470703125,291.6727600097656,293.8309631347656,293.1499938964844,293.1499938964844,281.25,36832.2734375,36000.0,313.1499938964844,0.0,18000.0,1.0,0.0,0.0,0.0,1.0,0.8467863202095032,1.0,0.0,0.0,3.337445974349976,3.337467193603516,7.432275310748082e-07,4.265924453735352,4.265914440155029,9.78592834144365e-06,0.0,0.0,-0.0,5073.13525390625,0.0,1218.1387939453125,1895.4371337890625,0.0,2905.18017578125,0.8365319967269897,1.0,0.0,3.0,1.0,0.0
12305880,297.1285095214844,297.1499938964844,293.1499938964844,0.0,-0.0,284.6502380371094,0.8656322956085205,0.3844678699970245,0.3475376963615417,297.2388000488281,297.1499938964844,293.1499938964844,0.0,-0.0,284.6501159667969,0.8439362645149231,0.3555677533149719,0.3385182321071625,297.1358947753906,297.1499938964844,293.1499938964844,0.0,-0.0,284.6501770019531,0.8542174100875854,0.369162768125534,0.2596276700496673,297.2013244628906,297.1499938964844,293.1499938964844,0.0,-0.0,284.6497802734375,0.7905720472335815,0.2897936701774597,0.2767217755317688,297.139892578125,297.1499938964844,293.1499938964844,0.0,-0.0,284.64910888671875,0.7184796929359436,0.2145911604166031,0.9772294759750366,284.6502685546875,284.95001220703125,296.8489990234375,288.7174072265625,296.8500061035156,297.1728515625,284.6531066894531,1.0,0.5110107064247131,1.0,1.0,0.0,1.0,-2.640742540359497,2.640736818313598,5.600276836048579e-06,2.036519289016724,0.8289056420326233,0.8289056420326233,0.0,130.157470703125,160.0,33944.70703125,0.0,1637.5997314453125,1.0,280.93878173828125,283.36407470703125,291.6727600097656,293.8309631347656,293.1499938964844,293.1499938964844,281.25,36832.2734375,36000.0,313.1499938964844,0.0,18000.0,1.0,0.0,0.0,0.0,1.0,0.8467863202095032,1.0,0.0,0.0,3.337445974349976,3.337467193603516,7.432275310748082e-07,4.265924453735352,4.265914440155029,9.78592834144365e-06,0.0,0.0,-0.0,5073.13525390625,0.0,1218.1387939453125,1895.4371337890625,0.0,2905.18017578125,0.8365319967269897,1.0,0.0,3.0,1.0,0.0
12305940,297.1444091796875,297.1499938964844,293.1499938964844,0.0,-0.0,284.8529968261719,0.8508635759353638,0.3858052492141723,0.3490807712078094,297.251953125,297.1499938964844,293.1499938964844,0.0,-0.0,284.8529052734375,0.8310638070106506,0.3580239713191986,0.3412019908428192,297.1537475585937,297.1499938964844,293.1499938964844,0.0,-0.0,284.8529663085937,0.840249240398407,0.3707922697067261,0.2610253393650055,297.2142944335937,297.1499938964844,293.1499938964844,0.0,-0.0,284.85260009765625,0.7774707674980164,0.2917550802230835,0.278943806886673,297.15289306640625,297.1499938964844,293.1499938964844,0.0,-0.0,284.8519897460937,0.7066429257392883,0.2157815098762512,0.9843315482139589,284.85302734375,284.95001220703125,296.7984924316406,288.6952514648437,296.7995910644531,297.1859741210937,284.85565185546875,1.0,0.5201073884963989,1.0,1.0,0.0,1.0,-2.6587071418762207,2.6587014198303223,5.676718956237892e-06,2.0503671169281006,0.8292243480682373,0.8292243480682373,0.0,140.9232940673828,148.0,33010.17578125,0.0,1712.0401611328125,1.0,281.2384948730469,283.6095886230469,291.6517944335937,293.7536926269531,293.1499938964844,293.1499938964844,281.54998779296875,36445.37109375,36000.0,313.1499938964844,0.0,18000.0,1.0,0.0,0.0,0.0,1.0,0.8354195356369019,1.0,0.0,0.0,3.3197741508483887,3.3197951316833496,7.353776254603872e-07,4.265924453735352,4.265914440155029,9.78592834144365e-06,0.0,0.0,-0.0,4997.18310546875,0.0,1198.9052734375,1895.4371337890625,0.0,2798.951171875,0.8323108553886414,1.0,0.0,3.0,1.0,0.0
12306000,297.1444091796875,297.1499938964844,293.1499938964844,0.0,-0.0,284.8529968261719,0.8508635759353638,0.3858052492141723,0.3490807712078094,297.251953125,297.1499938964844,293.1499938964844,0.0,-0.0,284.8529052734375,0.8310638070106506,0.3580239713191986,0.3412019908428192,297.1537475585937,297.1499938964844,293.1499938964844,0.0,-0.0,284.8529663085937,0.840249240398407,0.3707922697067261,0.2610253393650055,297.2142944335937,297.1499938964844,293.1499938964844,0.0,-0.0,284.85260009765625,0.7774707674980164,0.2917550802230835,0.278943806886673,297.15289306640625,297.1499938964844,293.1499938964844,0.0,-0.0,284.8519897460937,0.7066429257392883,0.2157815098762512,0.9843315482139589,284.85302734375,284.95001220703125,296.7984924316406,288.6952514648437,296.7995910644531,297.1859741210937,284.85565185546875,1.0,0.5201073884963989,1.0,1.0,0.0,1.0,-2.6587071418762207,2.6587014198303223,5.676718956237892e-06,2.0503671169281006,0.8292243480682373,0.8292243480682373,0.0,140.9232940673828,148.0,33010.17578125,0.0,1712.0401611328125,1.0,281.2384948730469,283.6095886230469,291.6517944335937,293.7536926269531,293.1499938964844,293.1499938964844,281.54998779296875,36445.37109375,36000.0,313.1499938964844,0.0,18000.0,1.0,0.0,0.0,0.0,1.0,0.8354195356369019,1.0,0.0,0.0,3.3197741508483887,3.3197951316833496,7.353776254603872e-07,4.265924453735352,4.265914440155029,9.78592834144365e-06,0.0,0.0,-0.0,4997.18310546875,0.0,1198.9052734375,1895.4371337890625,0.0,2798.951171875,0.8323108553886414,1.0,0.0,3.0,1.0,0.0
12306060,297.160400390625,297.1499938964844,293.1499938964844,0.0,-0.0,285.0548400878906,0.8506673574447632,0.3873514831066131,0.3504369556903839,297.2650756835937,297.1499938964844,293.1499938964844,0.0,-0.0,285.0547790527344,0.8317266702651978,0.3606419861316681,0.3436521887779236,297.17156982421875,297.1499938964844,293.1499938964844,0.0,-0.0,285.0548095703125,0.8403144478797913,0.3726427555084228,0.2622913122177124,297.2271423339844,297.1499938964844,293.1499938964844,0.0,-0.0,285.05450439453125,0.7781288623809814,0.2938699722290039,0.2809259295463562,297.1658020019531,297.1499938964844,293.1499938964844,0.0,-0.0,285.0539855957031,0.7070038318634033,0.2171249538660049,0.9902999997138976,285.05487060546875,284.95001220703125,296.74365234375,288.6718139648437,296.7448425292969,297.1990966796875,285.05694580078125,1.0,0.5225250124931335,1.0,1.0,0.0,1.0,-2.674358606338501,2.6743528842926025,5.7437205214228015e-06,2.062422275543213,0.8322396874427795,0.8322396874427795,0.0,142.34432983398438,136.0,32206.603515625,0.0,1741.3929443359375,1.0,281.5383605957031,283.8545837402344,291.6307983398437,293.68280029296875,293.1499938964844,293.1499938964844,281.8500061035156,36055.515625,36000.0,313.1499938964844,0.0,18000.0,1.0,0.0,0.0,0.0,1.0,0.8244107365608215,1.0,0.0,0.0,3.3168766498565674,3.3168976306915283,7.340944989664422e-07,4.265924453735352,4.265914440155029,9.78592834144365e-06,0.0,0.0,-0.0,4930.73193359375,0.0,1193.550537109375,1895.4371337890625,0.0,2696.4794921875,0.8313403129577637,1.0,0.0,3.0,1.0,0.0
12306120,297.160400390625,297.1499938964844,293.1499938964844,0.0,-0.0,285.0548400878906,0.8506673574447632,0.3873514831066131,0.3504369556903839,297.2650756835937,297.1499938964844,293.1499938964844,0.0,-0.0,285.0547790527344,0.8317266702651978,0.3606419861316681,0.3436521887779236,297.17156982421875,297.1499938964844,293.1499938964844,0.0,-0.0,285.0548095703125,0.8403144478797913,0.3726427555084228,0.2622913122177124,297.2271423339844,297.1499938964844,293.1499938964844,0.0,-0.0,285.05450439453125,0.7781288623809814,0.2938699722290039,0.2809259295463562,297.1658020019531,297.1499938964844,293.1499938964844,0.0,-0.0,285.0539855957031,0.7070038318634033,0.2171249538660049,0.9902999997138976,285.05487060546875,284.95001220703125,296.74365234375,288.6718139648437,296.7448425292969,297.1990966796875,285.05694580078125,1.0,0.5225250124931335,1.0,1.0,0.0,1.0,-2.674358606338501,2.6743528842926025,5.7437205214228015e-06,2.062422275543213,0.8322396874427795,0.8322396874427795,0.0,142.34432983398438,136.0,32206.603515625,0.0,1741.3929443359375,1.0,281.5383605957031,283.8545837402344,291.6307983398437,293.68280029296875,293.1499938964844,293.1499938964844,281.8500061035156,36055.515625,36000.0,313.1499938964844,0.0,18000.0,1.0,0.0,0.0,0.0,1.0,0.8244107365608215,1.0,0.0,0.0,3.3168766498565674,3.3168976306915283,7.340944989664422e-07,4.265924453735352,4.265914440155029,9.78592834144365e-06,0.0,0.0,-0.0,4930.73193359375,0.0,1193.550537109375,1895.4371337890625,0.0,2696.4794921875,0.8313403129577637,1.0,0.0,3.0,1.0,0.0
12306180,297.1765441894531,297.1499938964844,293.1499938964844,0.0,-0.0,285.2479248046875,0.859106719493866,0.3891186416149139,0.3517815470695495,297.2783508300781,297.1499938964844,293.1499938964844,0.0,-0.0,285.24786376953125,0.8404737114906311,0.3634447455406189,0.346049964427948,297.1893920898437,297.1499938964844,293.1499938964844,0.0,-0.0,285.2478942871094,0.8487151861190796,0.3747216463088989,0.263552188873291,297.2401428222656,297.1499938964844,293.1499938964844,0.0,-0.0,285.2476501464844,0.7870301008224487,0.2961640357971191,0.28284952044487,297.1789245605469,297.1499938964844,293.1499938964844,0.0,-0.0,285.2471923828125,0.7147914171218872,0.2186533361673355,0.9960083961486816,285.2479553222656,284.95001220703125,296.6848449707031,288.647216796875,296.68609619140625,297.2124938964844,285.2496643066406,1.0,0.5213807225227356,1.0,1.0,0.0,1.0,-2.689542055130005,2.689536094665528,5.809018603031291e-06,2.07408094406128,0.8377677202224731,0.8377677202224731,0.0,137.97357177734375,124.0,31405.21875,0.0,1743.79736328125,1.0,281.8384094238281,284.0898132324219,291.6087341308594,293.6126403808594,293.1499938964844,293.1499938964844,282.1499938964844,35682.09765625,36000.0,313.1499938964844,0.0,18000.0,1.0,0.0,0.0,0.0,1.0,0.8139500617980957,1.0,0.0,0.0,3.3281490802764893,3.32817006111145,7.390926271000353e-07,4.265924453735352,4.265914440155029,9.78592834144365e-06,0.0,0.0,-0.0,4864.77099609375,0.0,1201.5384521484375,1895.4371337890625,0.0,2599.61572265625,0.8335092663764954,1.0,0.0,3.0,1.0,0.0
12306240,297.1765441894531,297.1499938964844,293.1499938964844,0.0,-0.0,285.2479248046875,0.859106719493866,0.3891186416149139,0.3517815470695495,297.2783508300781,297.1499938964844,293.1499938964844,0.0,-0.0,285.24786376953125,0.8404737114906311,0.3634447455406189,0.346049964427948,297.1893920898437,297.1499938964844,293.1499938964844,0.0,-0.0,285.2478942871094,0.8487151861190796,0.3747216463088989,0.263552188873291,297.2401428222656,297.1499938964844,293.1499938964844,0.0,-0.0,285.2476501464844,0.7870301008224487,0.2961640357971191,0.28284952044487,297.1789245605469,297.1499938964844,293.1499938964844,0.0,-0.0,285.2471923828125,0.7147914171218872,0.2186533361673355,0.9960083961486816,285.2479553222656,284.95001220703125,296.6848449707031,288.647216796875,296.68609619140625,297.2124938964844,285.2496643066406,1.0,0.5213807225227356,1.0,1.0,0.0,1.0,-2.689542055130005,2.689536094665528,5.809018603031291e-06,2.07408094406128,0.8377677202224731,0.8377677202224731,0.0,137.97357177734375,124.0,31405.21875,0.0,1743.79736328125,1.0,281.8384094238281,284.0898132324219,291.6087341308594,293.6126403808594,293.1499938964844,293.1499938964844,282.1499938964844,35682.09765625,36000.0,313.1499938964844,0.0,18000.0,1.0,0.0,0.0,0.0,1.0,0.8139500617980957,1.0,0.0,0.0,3.3281490802764893,3.32817006111145,7.390926271000353e-07,4.265924453735352,4.265914440155029,9.78592834144365e-06,0.0,0.0,-0.0,4864.77099609375,0.0,1201.5384521484375,1895.4371337890625,0.0,2599.61572265625,0.8335092663764954,1.0,0.0,3.0,1.0,0.0
12306300,297.1842956542969,297.1499938964844,293.1499938964844,0.0,-0.0,285.3822937011719,0.8656902313232422,0.3900434672832489,0.3524222373962402,297.2848205566406,297.1499938964844,293.1499938964844,0.0,-0.0,285.3819274902344,0.8470746278762817,0.3648895621299743,0.3472267091274261,297.197998046875,297.1499938964844,293.1499938964844,0.0,-0.0,285.382080078125,0.8552167415618896,0.3758128583431244,0.2641706168651581,297.2464904785156,297.1499938964844,293.1499938964844,0.0,-0.0,285.38067626953125,0.7936927676200867,0.2973556816577911,0.2837934792041778,297.18536376953125,297.1499938964844,293.1499938964844,0.0,-0.0,285.378173828125,0.7203251123428345,0.2194683402776718,0.998823583126068,285.3824157714844,284.95001220703125,296.654052734375,288.6344909667969,296.65533447265625,297.2190246582031,285.3923034667969,1.0,0.5199662446975708,1.0,1.0,0.0,1.0,-2.696986436843872,2.6969807147979736,5.841169695486315e-06,2.0797972679138184,0.8419370651245117,0.8419370651245117,0.0,134.484619140625,124.0,30681.90234375,0.0,1738.7828369140625,1.0,282.0892639160156,284.26385498046875,291.5708312988281,293.48516845703125,293.1499938964844,293.1499938964844,282.1499938964844,35491.30078125,36000.0,313.1499938964844,0.0,18000.0,1.0,0.0,0.0,0.0,1.0,0.8064114451408386,1.0,0.0,0.0,3.338548421859741,3.338569641113281,7.437187150571845e-07,4.265924453735352,4.265914440155029,9.78592834144365e-06,0.0,0.0,-0.0,4987.5205078125,0.0,1210.002685546875,1895.4371337890625,0.0,2530.186279296875,0.8356876969337463,1.0,0.0,3.0,1.0,0.0
12306360,297.1925354003906,297.1499938964844,293.1499938964844,0.0,-0.0,285.4364013671875,0.8740559816360474,0.3910703659057617,0.3531713187694549,297.2916259765625,297.1499938964844,293.1499938964844,0.0,-0.0,285.4363098144531,0.8553571701049805,0.3664122819900512,0.3484748601913452,297.2069396972656,297.1499938964844,293.1499938964844,0.0,-0.0,285.43634033203125,0.8634503483772278,0.3769965171813965,0.2648563086986542,297.25311279296875,297.1499938964844,293.1499938964844,0.0,-0.0,285.43609619140625,0.8019208312034607,0.2986182570457458,0.2847964465618133,297.1920471191406,297.1499938964844,293.1499938964844,0.0,-0.0,285.4356384277344,0.7269881367683411,0.220349833369255,1.0018659830093384,285.4364013671875,284.95001220703125,296.6224060058594,288.6215209960937,296.62371826171875,297.2259826660156,285.4380798339844,1.0,0.518196702003479,1.0,1.0,0.0,1.0,-2.705071210861206,2.705065488815308,5.876174327568151e-06,2.0859994888305664,0.8457669615745544,0.8457669615745544,0.0,130.30178833007812,112.0,30622.884765625,0.0,1731.47900390625,1.0,282.13873291015625,284.3181457519531,291.5838623046875,293.5403137207031,293.1499938964844,293.1499938964844,282.45001220703125,35330.34765625,36000.0,313.1499938964844,0.0,18000.0,1.0,0.0,0.0,0.0,1.0,0.803630530834198,1.0,0.0,0.0,3.352689504623413,3.352710723876953,7.500323135900544e-07,4.265924453735352,4.265914440155029,9.78592834144365e-06,0.0,0.0,-0.0,4800.02685546875,0.0,1222.2666015625,1895.4371337890625,0.0,2504.664794921875,0.8386380076408386,1.0,0.0,3.0,1.0,0.0
12306420,297.2100524902344,297.1499938964844,293.1499938964844,0.0,-0.0,285.6504211425781,0.8956590294837952,0.3933808803558349,0.3547545373439789,297.30596923828125,297.1499938964844,293.1499938964844,0.0,-0.0,285.650390625,0.876815140247345,0.3696585595607757,0.3510447144508362,297.2255249023437,297.1499938964844,293.1499938964844,0.0,-0.0,285.650390625,0.8848240971565247,0.3795991539955139,0.2662975192070007,297.2669372558594,297.1499938964844,293.1499938964844,0.0,-0.0,285.6501770019531,0.8216215968132019,0.3013242483139038,0.2868695855140686,297.20587158203125,297.1499938964844,293.1499938964844,0.0,-0.0,285.6497802734375,0.7437297701835632,0.2222809046506881,1.0082803964614868,285.65045166015625,284.95001220703125,296.55670166015625,288.5948486328125,296.5580749511719,297.240478515625,285.65191650390625,1.0,0.5139187574386597,1.0,1.0,0.0,1.0,-2.721991539001465,2.721985578536988,5.949768819846213e-06,2.098978281021118,0.8568523526191711,0.8568523526191711,0.0,120.61439514160156,100.0,30048.515625,0.0,1711.6849365234375,1.0,282.43896484375,284.5538330078125,291.5618896484375,293.4804077148437,293.1499938964844,293.1499938964844,282.75,34967.7734375,36000.0,313.1499938964844,0.0,18000.0,1.0,0.0,0.0,0.0,1.0,0.79402756690979,1.0,0.0,0.0,3.3907930850982666,3.3908145427703857,7.671775961171079e-07,4.265924453735352,4.265914440155029,9.78592834144365e-06,0.0,0.0,-0.0,4748.0625,0.0,1256.2818603515625,1895.4371337890625,0.0,2416.951171875,0.8467825055122375,1.0,0.0,3.0,1.0,0.0
12306480,297.2100524902344,297.1499938964844,293.1499938964844,0.0,-0.0,285.6504211425781,0.8956590294837952,0.3933808803558349,0.3547545373439789,297.30596923828125,297.1499938964844,293.1499938964844,0.0,-0.0,285.650390625,0.876815140247345,0.3696585595607757,0.3510447144508362,297.2255249023437,297.1499938964844,293.1499938964844,0.0,-0.0,285.650390625,0.8848240971565247,0.3795991539955139,0.2662975192070007,297.2669372558594,297.1499938964844,293.1499938964844,0.0,-0.0,285.6501770019531,0.8216215968132019,0.3013242483139038,0.2868695855140686,297.20587158203125,297.1499938964844,293.1499938964844,0.0,-0.0,285.6497802734375,0.7437297701835632,0.2222809046506881,1.0082803964614868,285.65045166015625,284.95001220703125,296.55670166015625,288.5948486328125,296.5580749511719,297.240478515625,285.65191650390625,1.0,0.5139187574386597,1.0,1.0,0.0,1.0,-2.721991539001465,2.721985578536988,5.949768819846213e-06,2.098978281021118,0.8568523526191711,0.8568523526191711,0.0,120.61439514160156,100.0,30048.515625,0.0,1711.6849365234375,1.0,282.43896484375,284.5538330078125,291.5618896484375,293.4804077148437,293.1499938964844,293.1499938964844,282.75,34967.7734375,36000.0,313.1499938964844,0.0,18000.0,1.0,0.0,0.0,0.0,1.0,0.79402756690979,1.0,0.0,0.0,3.3907930850982666,3.3908145427703857,7.671775961171079e-07,4.265924453735352,4.265914440155029,9.78592834144365e-06,0.0,0.0,-0.0,4748.0625,0.0,1256.2818603515625,1895.4371337890625,0.0,2416.951171875,0.8467825055122375,1.0,0.0,3.0,1.0,0.0
12306540,297.2283935546875,297.1499938964844,293.1499938964844,0.0,-0.0,285.86065673828125,0.9268604516983032,0.3959964513778686,0.356591522693634,297.3210754394531,297.1499938964844,293.1499938964844,0.0,-0.0,285.8606262207031,0.90617698431015,0.3731632828712463,0.3538242280483246,297.2447204589844,297.1499938964844,293.1499938964844,0.0,-0.0,285.8606262207031,0.914561688899994,0.3824976086616516,0.267923355102539,297.2813720703125,297.1499938964844,293.1499938964844,0.0,-0.0,285.8604431152344,0.846677839756012,0.3042657077312469,0.2891283631324768,297.2201843261719,297.1499938964844,293.1499938964844,0.0,-0.0,285.860107421875,0.7670828700065613,0.2244359403848648,1.015510082244873,285.86065673828125,284.95001220703125,296.4880676269531,288.5673217773437,296.489501953125,297.25567626953125,285.8619079589844,1.0,0.50913405418396,1.0,1.0,0.0,1.0,-2.740894079208374,2.7408881187438965,6.0325719459797256e-06,2.113498449325561,0.8707222938537598,0.8707222938537598,0.0,109.71194458007812,88.0,29487.748046875,0.0,1688.8511962890625,1.0,282.7394714355469,284.78472900390625,291.5404052734375,293.4250183105469,293.1499938964844,293.1499938964844,283.04998779296875,34635.84765625,36000.0,313.1499938964844,0.0,18000.0,1.0,0.0,0.0,0.0,1.0,0.7856870889663696,1.0,0.0,0.0,3.4413485527038574,3.4413704872131348,7.902247602942225e-07,4.265924453735352,4.265914440155029,9.78592834144365e-06,0.0,0.0,-0.0,4697.591796875,0.0,1303.56396484375,1895.4371337890625,0.0,2341.348388671875,0.8577462434768677,1.0,0.0,3.0,1.0,0.0
12306600,297.2283935546875,297.1499938964844,293.1499938964844,0.0,-0.0,285.86065673828125,0.9268604516983032,0.3959964513778686,0.356591522693634,297.3210754394531,297.1499938964844,293.1499938964844,0.0,-0.0,285.8606262207031,0.90617698431015,0.3731632828712463,0.3538242280483246,297.2447204589844,297.1499938964844,293.1499938964844,0.0,-0.0,285.8606262207031,0.914561688899994,0.3824976086616516,0.267923355102539,297.2813720703125,297.1499938964844,293.1499938964844,0.0,-0.0,285.8604431152344,0.846677839756012,0.3042657077312469,0.2891283631324768,297.2201843261719,297.1499938964844,293.1499938964844,0.0,-0.0,285.860107421875,0.7670828700065613,0.2244359403848648,1.015510082244873,285.86065673828125,284.95001220703125,296.4880676269531,288.5673217773437,296.489501953125,297.25567626953125,285.8619079589844,1.0,0.50913405418396,1.0,1.0,0.0,1.0,-2.740894079208374,2.7408881187438965,6.0325719459797256e-06,2.113498449325561,0.8707222938537598,0.8707222938537598,0.0,109.71194458007812,88.0,29487.748046875,0.0,1688.8511962890625,1.0,282.7394714355469,284.78472900390625,291.5404052734375,293.4250183105469,293.1499938964844,293.1499938964844,283.04998779296875,34635.84765625,36000.0,313.1499938964844,0.0,18000.0,1.0,0.0,0.0,0.0,1.0,0.7856870889663696,1.0,0.0,0.0,3.4413485527038574,3.4413704872131348,7.902247602942225e-07,4.265924453735352,4.265914440155029,9.78592834144365e-06,0.0,0.0,-0.0,4697.591796875,0.0,1303.56396484375,1895.4371337890625,0.0,2341.348388671875,0.8577462434768677,1.0,0.0,3.0,1.0,0.0
12306660,297.2466735839844,297.1499938964844,293.1499938964844,0.0,-0.0,286.0677795410156,0.9687296152114868,0.398841381072998,0.3586166501045227,297.3363647460937,297.1499938964844,293.1499938964844,0.0,-0.0,286.0677490234375,0.9496607780456544,0.3768766820430755,0.3567788898944855,297.2637939453125,297.1499938964844,293.1499938964844,0.0,-0.0,286.0677795410156,0.9576623439788818,0.385629266500473,0.2696972489356994,297.2958679199219,297.1499938964844,293.1499938964844,0.0,-0.0,286.067626953125,0.8819034099578857,0.3073973655700683,0.2915448844432831,297.2344970703125,297.1499938964844,293.1499938964844,0.0,-0.0,286.0673217773437,0.7997685074806213,0.2267742902040481,1.0234583616256714,286.0678100585937,284.95001220703125,296.4168701171875,288.5390625,296.4183654785156,297.2710266113281,286.06884765625,1.0,0.5041595697402954,1.0,1.0,0.0,1.0,-2.761465072631836,2.76145887374878,6.123367711552419e-06,2.1293163299560547,0.8873422145843506,0.8873422145843506,0.0,98.13195037841795,91.0,28934.24609375,0.0,1664.923828125,1.0,283.0400390625,285.0120849609375,291.5158386230469,293.36773681640625,293.1499938964844,293.1499938964844,283.1499938964844,34346.82421875,35280.0,313.1499938964844,0.0,18000.0,1.0,0.0,0.0,0.0,1.0,0.7780404686927795,1.0,0.0,0.0,3.502682685852051,3.5027050971984863,8.186436275536835e-07,4.265924453735352,4.265914440155029,9.78592834144365e-06,0.0,0.0,-0.0,4803.1845703125,0.0,1363.493896484375,1895.4371337890625,0.0,2272.564453125,0.8691856861114502,1.0,0.0,3.0,1.0,0.0
12306720,297.2466735839844,297.1499938964844,293.1499938964844,0.0,-0.0,286.0677795410156,0.9687296152114868,0.398841381072998,0.3586166501045227,297.3363647460937,297.1499938964844,293.1499938964844,0.0,-0.0,286.0677490234375,0.9496607780456544,0.3768766820430755,0.3567788898944855,297.2637939453125,297.1499938964844,293.1499938964844,0.0,-0.0,286.0677795410156,0.9576623439788818,0.385629266500473,0.2696972489356994,297.2958679199219,297.1499938964844,293.1499938964844,0.0,-0.0,286.067626953125,0.8819034099578857,0.3073973655700683,0.2915448844432831,297.2344970703125,297.1499938964844,293.1499938964844,0.0,-0.0,286.0673217773437,0.7997685074806213,0.2267742902040481,1.0234583616256714,286.0678100585937,284.95001220703125,296.4168701171875,288.5390625,296.4183654785156,297.2710266113281,286.06884765625,1.0,0.5041595697402954,1.0,1.0,0.0,1.0,-2.761465072631836,2.76145887374878,6.123367711552419e-06,2.1293163299560547,0.8873422145843506,0.8873422145843506,0.0,98.13195037841795,91.0,28934.24609375,0.0,1664.923828125,1.0,283.0400390625,285.0120849609375,291.5158386230469,293.36773681640625,293.1499938964844,293.1499938964844,283.1499938964844,34346.82421875,35280.0,313.1499938964844,0.0,18000.0,1.0,0.0,0.0,0.0,1.0,0.7780404686927795,1.0,0.0,0.0,3.502682685852051,3.5027050971984863,8.186436275536835e-07,4.265924453735352,4.265914440155029,9.78592834144365e-06,0.0,0.0,-0.0,4803.1845703125,0.0,1363.493896484375,1895.4371337890625,0.0,2272.564453125,0.8691856861114502,1.0,0.0,3.0,1.0,0.0
12306780,297.2567138671875,297.1499938964844,293.1499938964844,0.0,-0.0,286.1347961425781,0.9914276599884032,0.4010935723781585,0.360583484172821,297.3463134765625,297.1499938964844,293.1499938964844,0.0,-0.0,286.1347961425781,0.9763427376747132,0.3802518844604492,0.3598262369632721,297.2762756347656,297.1499938964844,293.1499938964844,0.0,-0.0,286.1347961425781,0.982602596282959,0.3883436322212219,0.2715091705322265,297.3057556152344,297.1499938964844,293.1499938964844,0.0,-0.0,286.1347961425781,0.9070443511009216,0.3102528750896454,0.2940873205661773,297.2450561523437,297.1499938964844,293.1499938964844,0.0,-0.0,286.13482666015625,0.8214482665061951,0.2289205342531204,1.0322457551956177,286.1347961425781,284.95001220703125,296.343505859375,288.5101318359375,296.3450012207031,297.28131103515625,286.13458251953125,1.0,0.503697395324707,1.0,1.0,0.0,1.0,-2.783285617828369,2.7832794189453125,6.220509021659382e-06,2.1461360454559326,0.9037389755249025,0.9037389755249025,0.0,92.44268798828124,109.0,28783.818359375,0.0,1670.3839111328125,1.0,283.1465759277344,285.08502197265625,291.5251770019531,293.3942565917969,293.1499938964844,293.1499938964844,283.04998779296875,33872.75390625,36000.0,313.1499938964844,0.0,18000.0,1.0,0.0,0.0,0.0,1.0,0.7807191014289856,1.0,0.0,0.0,3.549255609512329,3.549278259277344,8.405583002968342e-07,4.265924453735352,4.265914440155029,9.78592834144365e-06,0.0,0.0,-0.0,4965.02001953125,0.0,1408.4700927734375,1895.4371337890625,0.0,2296.59912109375,0.882867693901062,1.0,0.0,3.0,1.0,0.0
12306840,297.2567138671875,297.1499938964844,293.1499938964844,0.0,-0.0,286.1347961425781,0.9914276599884032,0.4010935723781585,0.360583484172821,297.3463134765625,297.1499938964844,293.1499938964844,0.0,-0.0,286.1347961425781,0.9763427376747132,0.3802518844604492,0.3598262369632721,297.2762756347656,297.1499938964844,293.1499938964844,0.0,-0.0,286.1347961425781,0.982602596282959,0.3883436322212219,0.2715091705322265,297.3057556152344,297.1499938964844,293.1499938964844,0.0,-0.0,286.1347961425781,0.9070443511009216,0.3102528750896454,0.2940873205661773,297.2450561523437,297.1499938964844,293.1499938964844,0.0,-0.0,286.13482666015625,0.8214482665061951,0.2289205342531204,1.0322457551956177,286.1347961425781,284.95001220703125,296.343505859375,288.5101318359375,296.3450012207031,297.28131103515625,286.13458251953125,1.0,0.503697395324707,1.0,1.0,0.0,1.0,-2.783285617828369,2.7832794189453125,6.220509021659382e-06,2.1461360454559326,0.9037389755249025,0.9037389755249025,0.0,92.44268798828124,109.0,28783.818359375,0.0,1670.3839111328125,1.0,283.1465759277344,285.08502197265625,291.5251770019531,293.3942565917969,293.1499938964844,293.1499938964844,283.04998779296875,33872.75390625,36000.0,313.1499938964844,0.0,18000.0,1.0,0.0,0.0,0.0,1.0,0.7807191014289856,1.0,0.0,0.0,3.549255609512329,3.549278259277344,8.405583002968342e-07,4.265924453735352,4.265914440155029,9.78592834144365e-06,0.0,0.0,-0.0,4965.02001953125,0.0,1408.4700927734375,1895.4371337890625,0.0,2296.59912109375,0.882867693901062,1.0,0.0,3.0,1.0,0.0
12306900,297.25567626953125,297.1499938964844,293.1499938964844,0.0,-0.0,286.0702209472656,0.9893481135368348,0.4016717672348022,0.3613536953926086,297.3471069335937,297.1499938964844,293.1499938964844,0.0,-0.0,286.0703430175781,0.9745039939880372,0.3815757036209106,0.3612608313560486,297.27752685546875,297.1499938964844,293.1499938964844,0.0,-0.0,286.0703125,0.9805646538734436,0.3892693519592285,0.2723134756088257,297.3070373535156,297.1499938964844,293.1499938964844,0.0,-0.0,286.0709533691406,0.9051296710968018,0.3113682866096496,0.295305460691452,297.2472839355469,297.1499938964844,293.1499938964844,0.0,-0.0,286.0721130371094,0.8199481964111328,0.2297427058219909,1.036598563194275,286.07012939453125,284.95001220703125,296.3060913085937,288.4954528808594,296.3075866699219,297.2825012207031,286.0653686523437,1.0,0.5062592625617981,1.0,1.0,0.0,1.0,-2.7935991287231445,2.793592691421509,6.266713626246201e-06,2.154097557067871,0.9105880260467528,0.9105880260467528,0.0,93.6618423461914,109.0,29031.826171875,0.0,1691.590576171875,1.0,283.0667419433594,285.0081787109375,291.5484313964844,293.47149658203125,293.1499938964844,293.1499938964844,283.04998779296875,34089.80078125,36000.0,313.1499938964844,0.0,18000.0,1.0,0.0,0.0,0.0,1.0,0.7880346775054932,1.0,0.0,0.0,3.5902836322784424,3.5903067588806152,8.601036824984476e-07,4.265924453735352,4.265914440155029,9.78592834144365e-06,0.0,0.0,-0.0,4929.1005859375,0.0,1453.6817626953125,1895.4371337890625,0.0,2362.569580078125,0.8905239105224609,1.0,0.0,3.0,1.0,0.0
12306960,297.25054931640625,297.1499938964844,293.1499938964844,0.0,-0.0,286.03546142578125,0.9794608950614928,0.4018380045890808,0.3617806434631347,297.3448181152344,297.1499938964844,293.1499938964844,0.0,-0.0,286.0354919433594,0.9639881253242492,0.3826011121273041,0.362475574016571,297.27520751953125,297.1499938964844,293.1499938964844,0.0,-0.0,286.0354919433594,0.970164120197296,0.3898488283157348,0.2729150652885437,297.3055725097656,297.1499938964844,293.1499938964844,0.0,-0.0,286.0357360839844,0.8948761820793152,0.3122185468673706,0.2963444590568542,297.2470397949219,297.1499938964844,293.1499938964844,0.0,-0.0,286.0361633300781,0.8113749027252197,0.2303364872932434,1.0403242111206057,286.0354309082031,284.95001220703125,296.26824951171875,288.4806823730469,296.269775390625,297.2806701660156,286.0335693359375,1.0,0.5098503232002258,1.0,1.0,0.0,1.0,-2.8020248413085938,2.802018642425537,6.304623639152851e-06,2.16061806678772,0.9174593687057496,0.9174593687057496,0.0,97.1726531982422,127.0,29070.28515625,0.0,1721.0379638671875,1.0,283.0526733398437,284.973388671875,291.5356140136719,293.457275390625,293.1499938964844,293.1499938964844,282.75,34194.7421875,36000.0,313.1499938964844,0.0,18000.0,1.0,0.0,0.0,0.0,1.0,0.7938487529754639,1.0,0.0,0.0,3.6230874061584473,3.623110771179199,8.758927378949011e-07,4.265924453735352,4.265914440155029,9.78592834144365e-06,0.0,0.0,-0.0,5178.4404296875,0.0,1490.02490234375,1895.4371337890625,0.0,2415.32421875,0.8979602456092834,1.0,0.0,3.0,1.0,0.0
12307020,297.2258605957031,297.1499938964844,293.1499938964844,0.0,-0.0,285.7803649902344,0.9427003860473632,0.4006278216838836,0.3615755438804626,297.3292541503906,297.1499938964844,293.1499938964844,0.0,-0.0,285.7804260253906,0.9265801310539246,0.3835049271583557,0.3641318380832672,297.25787353515625,297.1499938964844,293.1499938964844,0.0,-0.0,285.7803955078125,0.932579219341278,0.3896957635879516,0.2734412252902984,297.2927551269531,297.1499938964844,293.1499938964844,0.0,-0.0,285.78082275390625,0.8632157444953918,0.3129033148288727,0.2977570295333862,297.2378234863281,297.1499938964844,293.1499938964844,0.0,-0.0,285.7815856933594,0.7824885845184326,0.2306431829929351,1.0451571941375732,285.7803039550781,284.95001220703125,296.1915283203125,288.4508056640625,296.19305419921875,297.2672119140625,285.777099609375,1.0,0.5189492106437683,1.0,1.0,0.0,1.0,-2.811918258666992,2.8119120597839355,6.34935076959664e-06,2.1683051586151123,0.9264971613883972,0.9264971613883972,0.0,108.81835174560548,145.0,29699.79296875,0.0,1791.89990234375,1.0,282.7580871582031,284.69305419921875,291.5320129394531,293.52935791015625,293.1499938964844,293.1499938964844,282.45001220703125,34540.17578125,36000.0,313.1499938964844,0.0,18000.0,1.0,0.0,0.0,0.0,1.0,0.8144004344940186,1.0,0.0,0.0,3.6784491539001465,3.678473234176636,9.028649401443544e-07,4.265924453735352,4.265914440155029,9.78592834144365e-06,0.0,0.0,-0.0,5244.0078125,0.0,1554.042724609375,1895.4371337890625,0.0,2603.7744140625,0.9106084704399108,1.0,0.0,3.0,1.0,0.0
12307080,297.2258605957031,297.1499938964844,293.1499938964844,0.0,-0.0,285.7803649902344,0.9427003860473632,0.4006278216838836,0.3615755438804626,297.3292541503906,297.1499938964844,293.1499938964844,0.0,-0.0,285.7804260253906,0.9265801310539246,0.3835049271583557,0.3641318380832672,297.25787353515625,297.1499938964844,293.1499938964844,0.0,-0.0,285.7803955078125,0.932579219341278,0.3896957635879516,0.2734412252902984,297.2927551269531,297.1499938964844,293.1499938964844,0.0,-0.0,285.78082275390625,0.8632157444953918,0.3129033148288727,0.2977570295333862,297.2378234863281,297.1499938964844,293.1499938964844,0.0,-0.0,285.7815856933594,0.7824885845184326,0.2306431829929351,1.0451571941375732,285.7803039550781,284.95001220703125,296.1915283203125,288.4508056640625,296.19305419921875,297.2672119140625,285.777099609375,1.0,0.5189492106437683,1.0,1.0,0.0,1.0,-2.811918258666992,2.8119120597839355,6.34935076959664e-06,2.1683051586151123,0.9264971613883972,0.9264971613883972,0.0,108.81835174560548,145.0,29699.79296875,0.0,1791.89990234375,1.0,282.7580871582031,284.69305419921875,291.5320129394531,293.52935791015625,293.1499938964844,293.1499938964844,282.45001220703125,34540.17578125,36000.0,313.1499938964844,0.0,18000.0,1.0,0.0,0.0,0.0,1.0,0.8144004344940186,1.0,0.0,0.0,3.6784491539001465,3.678473234176636,9.028649401443544e-07,4.265924453735352,4.265914440155029,9.78592834144365e-06,0.0,0.0,-0.0,5244.0078125,0.0,1554.042724609375,1895.4371337890625,0.0,2603.7744140625,0.9106084704399108,1.0,0.0,3.0,1.0,0.0
12307140,297.19146728515625,297.1499938964844,293.1499938964844,0.0,-0.0,285.51495361328125,0.8993275165557861,0.398110032081604,0.3601477742195129,297.3046264648437,297.1499938964844,293.1499938964844,0.0,-0.0,285.5150146484375,0.8873882293701172,0.3832888901233673,0.3647710084915161,297.2307434082031,297.1499938964844,293.1499938964844,0.0,-0.0,285.5149841308594,0.8915483355522156,0.3883209228515625,0.2731194794178009,297.2714538574219,297.1499938964844,293.1499938964844,0.0,-0.0,285.5154113769531,0.8308066725730896,0.3125609159469604,0.2982611358165741,297.22027587890625,297.1499938964844,293.1499938964844,0.0,-0.0,285.51617431640625,0.7517350912094116,0.2299867868423462,1.0461100339889526,285.5148620605469,284.95001220703125,296.1136474609375,288.420654296875,296.1152038574219,297.24609375,285.5116271972656,1.0,0.5291303992271423,1.0,1.0,0.0,1.0,-2.812342405319214,2.812335968017578,6.351205229293555e-06,2.1686043739318848,0.9318897128105164,0.9318897128105164,0.0,124.37628173828124,163.0,30238.52734375,0.0,1867.1571044921875,1.0,282.4577941894531,284.40557861328125,291.4825744628906,293.5225830078125,293.1499938964844,293.1499938964844,282.1499938964844,34907.6484375,36000.0,313.1499938964844,0.0,18000.0,1.0,0.0,0.0,0.0,1.0,0.8302392363548279,1.0,0.0,0.0,3.7200117111206055,3.720036029815674,9.23383026929514e-07,4.265924453735352,4.265914440155029,9.78592834144365e-06,0.0,0.0,-0.0,5285.39501953125,0.0,1604.1339111328125,1895.4371337890625,0.0,2750.6728515625,0.9201884269714355,1.0,0.0,3.0,1.0,0.0
12307200,297.19146728515625,297.1499938964844,293.1499938964844,0.0,-0.0,285.51495361328125,0.8993275165557861,0.398110032081604,0.3601477742195129,297.3046264648437,297.1499938964844,293.1499938964844,0.0,-0.0,285.5150146484375,0.8873882293701172,0.3832888901233673,0.3647710084915161,297.2307434082031,297.1499938964844,293.1499938964844,0.0,-0.0,285.5149841308594,0.8915483355522156,0.3883209228515625,0.2731194794178009,297.2714538574219,297.1499938964844,293.1499938964844,0.0,-0.0,285.5154113769531,0.8308066725730896,0.3125609159469604,0.2982611358165741,297.22027587890625,297.1499938964844,293.1499938964844,0.0,-0.0,285.51617431640625,0.7517350912094116,0.2299867868423462,1.0461100339889526,285.5148620605469,284.95001220703125,296.1136474609375,288.420654296875,296.1152038574219,297.24609375,285.5116271972656,1.0,0.5291303992271423,1.0,1.0,0.0,1.0,-2.812342405319214,2.812335968017578,6.351205229293555e-06,2.1686043739318848,0.9318897128105164,0.9318897128105164,0.0,124.37628173828124,163.0,30238.52734375,0.0,1867.1571044921875,1.0,282.4577941894531,284.40557861328125,291.4825744628906,293.5225830078125,293.1499938964844,293.1499938964844,282.1499938964844,34907.6484375,36000.0,313.1499938964844,0.0,18000.0,1.0,0.0,0.0,0.0,1.0,0.8302392363548279,1.0,0.0,0.0,3.7200117111206055,3.720036029815674,9.23383026929514e-07,4.265924453735352,4.265914440155029,9.78592834144365e-06,0.0,0.0,-0.0,5285.39501953125,0.0,1604.1339111328125,1895.4371337890625,0.0,2750.6728515625,0.9201884269714355,1.0,0.0,3.0,1.0,0.0
12307260,297.15509033203125,297.1499938964844,293.1499938964844,0.0,-0.0,285.25396728515625,0.8648338913917542,0.3949505090713501,0.3581026792526245,297.27642822265625,297.1499938964844,293.1499938964844,0.0,-0.0,285.2540283203125,0.8554105758666992,0.3823938071727752,0.3647659420967102,297.2002868652344,297.1499938964844,293.1499938964844,0.0,-0.0,285.2539978027344,0.8584024906158447,0.3862604200839996,0.2723048031330108,297.2465209960937,297.1499938964844,293.1499938964844,0.0,-0.0,285.2543640136719,0.8020235300064087,0.311577707529068,0.298164963722229,297.1986083984375,297.1499938964844,293.1499938964844,0.0,-0.0,285.25506591796875,0.7260719537734985,0.2286833077669143,1.0442315340042114,285.25390625,284.95001220703125,296.03497314453125,288.39031982421875,296.0365295410156,297.2210388183594,285.25103759765625,1.0,0.5395328402519226,1.0,1.0,0.0,1.0,-2.806530714035034,2.806524515151977,6.324782589217648e-06,2.1640307903289795,0.933806836605072,0.933806836605072,0.0,141.8015899658203,181.0,30741.517578125,0.0,1941.427978515625,1.0,282.1575622558594,284.122314453125,291.42889404296875,293.4977111816406,293.1499938964844,293.1499938964844,281.8500061035156,35270.58984375,36000.0,313.1499938964844,0.0,18000.0,1.0,0.0,0.0,0.0,1.0,0.8409731984138489,1.0,0.0,0.0,3.74801516532898,3.748039960861206,9.37337404138816e-07,4.265924453735352,4.265914440155029,9.78592834144365e-06,0.0,0.0,-0.0,5323.89794921875,0.0,1639.3695068359375,1895.4371337890625,0.0,2850.809326171875,0.926722288131714,1.0,0.0,3.0,1.0,0.0
12307320,297.15509033203125,297.1499938964844,293.1499938964844,0.0,-0.0,285.25396728515625,0.8648338913917542,0.3949505090713501,0.3581026792526245,297.27642822265625,297.1499938964844,293.1499938964844,0.0,-0.0,285.2540283203125,0.8554105758666992,0.3823938071727752,0.3647659420967102,297.2002868652344,297.1499938964844,293.1499938964844,0.0,-0.0,285.2539978027344,0.8584024906158447,0.3862604200839996,0.2723048031330108,297.2465209960937,297.1499938964844,293.1499938964844,0.0,-0.0,285.2543640136719,0.8020235300064087,0.311577707529068,0.298164963722229,297.1986083984375,297.1499938964844,293.1499938964844,0.0,-0.0,285.25506591796875,0.7260719537734985,0.2286833077669143,1.0442315340042114,285.25390625,284.95001220703125,296.03497314453125,288.39031982421875,296.0365295410156,297.2210388183594,285.25103759765625,1.0,0.5395328402519226,1.0,1.0,0.0,1.0,-2.806530714035034,2.806524515151977,6.324782589217648e-06,2.1640307903289795,0.933806836605072,0.933806836605072,0.0,141.8015899658203,181.0,30741.517578125,0.0,1941.427978515625,1.0,282.1575622558594,284.122314453125,291.42889404296875,293.4977111816406,293.1499938964844,293.1499938964844,281.8500061035156,35270.58984375,36000.0,313.1499938964844,0.0,18000.0,1.0,0.0,0.0,0.0,1.0,0.8409731984138489,1.0,0.0,0.0,3.74801516532898,3.748039960861206,9.37337404138816e-07,4.265924453735352,4.265914440155029,9.78592834144365e-06,0.0,0.0,-0.0,5323.89794921875,0.0,1639.3695068359375,1895.4371337890625,0.0,2850.809326171875,0.926722288131714,1.0,0.0,3.0,1.0,0.0
12307380,297.1216735839844,297.1499938964844,293.1499938964844,0.0,-0.0,285.02325439453125,0.8373752236366272,0.3916281759738922,0.3558552265167236,297.2486877441406,297.1499938964844,293.1499938964844,0.0,-0.0,285.0232849121094,0.8301175832748413,0.3811835646629333,0.3644184470176697,297.17095947265625,297.1499938964844,293.1499938964844,0.0,-0.0,285.0232849121094,0.8321280479431152,0.3839270770549774,0.271260142326355,297.2216796875,297.1499938964844,293.1499938964844,0.0,-0.0,285.02362060546875,0.7763370871543884,0.3102825880050659,0.2977358996868133,297.1762390136719,297.1499938964844,293.1499938964844,0.0,-0.0,285.0242919921875,0.7031976580619812,0.2270320504903793,1.0406314134597778,285.023193359375,284.95001220703125,295.95587158203125,288.35992431640625,295.9574584960937,297.1958923339844,285.0204162597656,1.0,0.5498232841491699,1.0,1.0,0.0,1.0,-2.797316074371338,2.797309637069702,6.283013135544024e-06,2.156785249710083,0.9329162836074828,0.9329162836074828,0.0,159.9587860107422,169.0,31397.24609375,0.0,2013.37109375,1.0,281.8573913574219,283.8553161621094,291.3891296386719,293.4922790527344,293.1499938964844,293.1499938964844,281.54998779296875,35601.41015625,36000.0,313.1499938964844,0.0,18000.0,1.0,0.0,0.0,0.0,1.0,0.8496715426445007,1.0,0.0,0.0,3.7636873722076416,3.7637126445770255,9.451927667214476e-07,4.265924453735352,4.265914440155029,9.78592834144365e-06,0.0,0.0,-0.0,5377.171875,0.0,1660.292724609375,1895.4371337890625,0.0,2932.1943359375,0.9304628968238832,1.0,0.0,3.0,1.0,0.0
12307440,297.1216735839844,297.1499938964844,293.1499938964844,0.0,-0.0,285.02325439453125,0.8373752236366272,0.3916281759738922,0.3558552265167236,297.2486877441406,297.1499938964844,293.1499938964844,0.0,-0.0,285.0232849121094,0.8301175832748413,0.3811835646629333,0.3644184470176697,297.17095947265625,297.1499938964844,293.1499938964844,0.0,-0.0,285.0232849121094,0.8321280479431152,0.3839270770549774,0.271260142326355,297.2216796875,297.1499938964844,293.1499938964844,0.0,-0.0,285.02362060546875,0.7763370871543884,0.3102825880050659,0.2977358996868133,297.1762390136719,297.1499938964844,293.1499938964844,0.0,-0.0,285.0242919921875,0.7031976580619812,0.2270320504903793,1.0406314134597778,285.023193359375,284.95001220703125,295.95587158203125,288.35992431640625,295.9574584960937,297.1958923339844,285.0204162597656,1.0,0.5498232841491699,1.0,1.0,0.0,1.0,-2.797316074371338,2.797309637069702,6.283013135544024e-06,2.156785249710083,0.9329162836074828,0.9329162836074828,0.0,159.9587860107422,169.0,31397.24609375,0.0,2013.37109375,1.0,281.8573913574219,283.8553161621094,291.3891296386719,293.4922790527344,293.1499938964844,293.1499938964844,281.54998779296875,35601.41015625,36000.0,313.1499938964844,0.0,18000.0,1.0,0.0,0.0,0.0,1.0,0.8496715426445007,1.0,0.0,0.0,3.7636873722076416,3.7637126445770255,9.451927667214476e-07,4.265924453735352,4.265914440155029,9.78592834144365e-06,0.0,0.0,-0.0,5377.171875,0.0,1660.292724609375,1895.4371337890625,0.0,2932.1943359375,0.9304628968238832,1.0,0.0,3.0,1.0,0.0
12307500,297.1062927246094,297.1499938964844,293.1499938964844,0.0,-0.0,284.8586120605469,0.8310520052909851,0.3899396061897278,0.3545715808868408,297.2354736328125,297.1499938964844,293.1499938964844,0.0,-0.0,284.8587341308594,0.8245189785957336,0.3805119395256042,0.3640161156654358,297.1571960449219,297.1499938964844,293.1499938964844,0.0,-0.0,284.85870361328125,0.8261582851409912,0.3827100098133087,0.2705845236778259,297.20977783203125,297.1499938964844,293.1499938964844,0.0,-0.0,284.860107421875,0.7705385088920593,0.3095696866512298,0.2972872257232666,297.1653747558594,297.1499938964844,293.1499938964844,0.0,-0.0,284.8629150390625,0.6973546743392944,0.2261335700750351,1.0376405715942385,284.8583068847656,284.95001220703125,295.916259765625,288.34478759765625,295.9178466796875,297.1839599609375,284.84735107421875,1.0,0.5510882139205933,1.0,1.0,0.0,1.0,-2.7903499603271484,2.7903435230255127,6.25170287094079e-06,2.15138840675354,0.9307087063789368,0.9307087063789368,0.0,164.27423095703125,169.0,32059.35546875,0.0,2022.6544189453125,1.0,281.5982666015625,283.65191650390625,291.4008178710937,293.59283447265625,293.1499938964844,293.1499938964844,281.54998779296875,35776.29296875,36000.0,313.1499938964844,0.0,18000.0,1.0,0.0,0.0,0.0,1.0,0.856596827507019,1.0,0.0,0.0,3.767170190811157,3.767195463180542,9.469428619013344e-07,4.265924453735352,4.265914440155029,9.78592834144365e-06,0.0,0.0,-0.0,5193.27197265625,0.0,1665.74755859375,1895.4371337890625,0.0,2997.09228515625,0.9313281774520874,1.0,0.0,3.0,1.0,0.0
12307560,297.09130859375,297.1499938964844,293.1499938964844,0.0,-0.0,284.7917175292969,0.827664852142334,0.3881905972957611,0.3530593514442444,297.2224426269531,297.1499938964844,293.1499938964844,0.0,-0.0,284.791748046875,0.8218067288398743,0.3797731399536133,0.363396555185318,297.14373779296875,297.1499938964844,293.1499938964844,0.0,-0.0,284.791748046875,0.823086142539978,0.3814326822757721,0.2697454392910003,297.1980895996094,297.1499938964844,293.1499938964844,0.0,-0.0,284.7920837402344,0.7676857113838196,0.3087986409664154,0.2966386079788208,297.1547241210937,297.1499938964844,293.1499938964844,0.0,-0.0,284.7927551269531,0.6942371129989624,0.225183218717575,1.0337772369384766,284.7916259765625,284.95001220703125,295.8766784667969,288.32965087890625,295.8782653808594,297.1719055175781,284.7887878417969,1.0,0.5508497953414917,1.0,1.0,0.0,1.0,-2.7813587188720703,2.7813525199890137,6.211316758708563e-06,2.144380807876587,0.9289367198944092,0.9289367198944092,0.0,165.9605712890625,157.0,31973.232421875,0.0,2016.139892578125,1.0,281.5572204589844,283.5896301269531,291.3570556640625,293.4948425292969,293.1499938964844,293.1499938964844,281.25,35926.5859375,36000.0,313.1499938964844,0.0,18000.0,1.0,0.0,0.0,0.0,1.0,0.8581928014755249,1.0,0.0,0.0,3.7673354148864746,3.7673606872558594,9.4702591013629e-07,4.265924453735352,4.265914440155029,9.78592834144365e-06,0.0,0.0,-0.0,5428.3876953125,0.0,1667.103271484375,1895.4371337890625,0.0,3012.056884765625,0.9314948916435242,1.0,0.0,3.0,1.0,0.0
12307620,297.0643005371094,297.1499938964844,293.1499938964844,0.0,-0.0,284.56640625,0.8264454007148743,0.3847101628780365,0.3499240577220917,297.198486328125,297.1499938964844,293.1499938964844,0.0,-0.0,284.5664367675781,0.8218604922294617,0.3782622516155243,0.3619590997695923,297.1193542480469,297.1499938964844,293.1499938964844,0.0,-0.0,284.5664367675781,0.8224468231201172,0.378880113363266,0.2679534554481506,297.1766357421875,297.1499938964844,293.1499938964844,0.0,-0.0,284.5667724609375,0.7674593925476074,0.3072334229946136,0.2951430678367615,297.13525390625,297.1499938964844,293.1499938964844,0.0,-0.0,284.5674133300781,0.6931824088096619,0.2232692539691925,1.0250847339630127,284.5663452148437,284.95001220703125,295.7977905273437,288.2995910644531,295.79937744140625,297.15008544921875,284.5635986328125,1.0,0.5470908284187317,1.0,1.0,0.0,1.0,-2.761467933654785,2.7614617347717285,6.122396371210925e-06,2.128859758377075,0.9219895601272584,0.9219895601272584,0.0,164.26768493652344,145.0,32594.501953125,0.0,1976.284912109375,1.0,281.2573547363281,283.3335266113281,291.3266296386719,293.50067138671875,293.1499938964844,293.1499938964844,280.95001220703125,36252.24609375,36000.0,313.1499938964844,0.0,18000.0,1.0,0.0,0.0,0.0,1.0,0.8665971755981445,1.0,0.0,0.0,3.758896350860596,3.758921623229981,9.427878921997036e-07,4.265924453735352,4.265914440155029,9.78592834144365e-06,0.0,0.0,-0.0,5484.1064453125,0.0,1659.6732177734375,1895.4371337890625,0.0,3090.888916015625,0.9298130869865416,1.0,0.0,3.0,1.0,0.0
12307680,297.0643005371094,297.1499938964844,293.1499938964844,0.0,-0.0,284.56640625,0.8264454007148743,0.3847101628780365,0.3499240577220917,297.198486328125,297.1499938964844,293.1499938964844,0.0,-0.0,284.5664367675781,0.8218604922294617,0.3782622516155243,0.3619590997695923,297.1193542480469,297.1499938964844,293.1499938964844,0.0,-0.0,284.5664367675781,0.8224468231201172,0.378880113363266,0.2679534554481506,297.1766357421875,297.1499938964844,293.1499938964844,0.0,-0.0,284.5667724609375,0.7674593925476074,0.3072334229946136,0.2951430678367615,297.13525390625,297.1499938964844,293.1499938964844,0.0,-0.0,284.5674133300781,0.6931824088096619,0.2232692539691925,1.0250847339630127,284.5663452148437,284.95001220703125,295.7977905273437,288.2995910644531,295.79937744140625,297.15008544921875,284.5635986328125,1.0,0.5470908284187317,1.0,1.0,0.0,1.0,-2.761467933654785,2.7614617347717285,6.122396371210925e-06,2.128859758377075,0.9219895601272584,0.9219895601272584,0.0,164.26768493652344,145.0,32594.501953125,0.0,1976.284912109375,1.0,281.2573547363281,283.3335266113281,291.3266296386719,293.50067138671875,293.1499938964844,293.1499938964844,280.95001220703125,36252.24609375,36000.0,313.1499938964844,0.0,18000.0,1.0,0.0,0.0,0.0,1.0,0.8665971755981445,1.0,0.0,0.0,3.758896350860596,3.758921623229981,9.427878921997036e-07,4.265924453735352,4.265914440155029,9.78592834144365e-06,0.0,0.0,-0.0,5484.1064453125,0.0,1659.6732177734375,1895.4371337890625,0.0,3090.888916015625,0.9298130869865416,1.0,0.0,3.0,1.0,0.0
12307740,297.04998779296875,297.1499938964844,293.1499938964844,0.0,-0.0,284.3907775878906,0.8281407952308655,0.3826633095741272,0.3480490744113922,297.18560791015625,297.1499938964844,293.1499938964844,0.0,-0.0,284.3908386230469,0.8242778778076172,0.3773526549339294,0.361038863658905,297.1063842773437,297.1499938964844,293.1499938964844,0.0,-0.0,284.3908386230469,0.8244686722755432,0.3773724734783172,0.2668605446815491,297.1651916503906,297.1499938964844,293.1499938964844,0.0,-0.0,284.391845703125,0.7697104215621948,0.3063008189201355,0.2941904962062835,297.1249694824219,297.1499938964844,293.1499938964844,0.0,-0.0,284.3939514160156,0.6948240399360657,0.2221446335315704,1.0196408033370972,284.3905334472656,284.95001220703125,295.75177001953125,288.2821350097656,295.7533874511719,297.1385498046875,284.3824768066406,1.0,0.5434819459915161,1.0,1.0,0.0,1.0,-2.749109029769897,2.749102830886841,6.067470167181455e-06,2.119216203689575,0.9159790873527528,0.9159790873527528,0.0,161.11578369140625,145.0,33326.7421875,0.0,1941.9271240234373,1.0,280.9850769042969,283.1239624023437,291.3359375,293.59039306640625,293.1499938964844,293.1499938964844,280.95001220703125,36466.32421875,36000.0,313.1499938964844,0.0,18000.0,1.0,0.0,0.0,0.0,1.0,0.8743046522140503,1.0,0.0,0.0,3.74821662902832,3.748241662979126,9.374381875204564e-07,4.265924453735352,4.265914440155029,9.78592834144365e-06,0.0,0.0,-0.0,5279.888671875,0.0,1648.792236328125,1895.4371337890625,0.0,3163.18603515625,0.9275302290916444,1.0,0.0,3.0,1.0,0.0
12307800,297.04058837890625,297.1499938964844,293.1499938964844,0.0,-0.0,284.3464660644531,0.8299591541290283,0.3812180459499359,0.346621423959732,297.177001953125,297.1499938964844,293.1499938964844,0.0,-0.0,284.34649658203125,0.826619565486908,0.3766981959342956,0.3603014647960663,297.0977478027344,297.1499938964844,293.1499938964844,0.0,-0.0,284.34649658203125,0.8265261054039001,0.3763011693954468,0.2660205960273742,297.15753173828125,297.1499938964844,293.1499938964844,0.0,-0.0,284.3468017578125,0.7719493508338928,0.3056332170963287,0.2934440076351166,297.1181335449219,297.1499938964844,293.1499938964844,0.0,-0.0,284.3474426269531,0.6965882182121277,0.2213461399078369,1.0155298709869385,284.3464050292969,284.95001220703125,295.7195129394531,288.2698974609375,295.7210998535156,297.1307678222656,284.3437805175781,1.0,0.5404792428016663,1.0,1.0,0.0,1.0,-2.7396602630615234,2.739654064178467,6.025642505846918e-06,2.111842393875122,0.912161111831665,0.912161111831665,0.0,158.31019592285156,133.0,33226.89453125,0.0,1913.9990234375,1.0,280.95733642578125,283.0852355957031,291.29833984375,293.5107116699219,293.1499938964844,293.1499938964844,280.6499938964844,36588.609375,36000.0,313.1499938964844,0.0,18000.0,1.0,0.0,0.0,0.0,1.0,0.8752905130386353,1.0,0.0,0.0,3.7380335330963135,3.73805832862854,9.323514404968592e-07,4.265924453735352,4.265914440155029,9.78592834144365e-06,0.0,0.0,-0.0,5541.9736328125,0.0,1637.84375,1895.4371337890625,0.0,3172.43115234375,0.9253543615341188,1.0,0.0,3.0,1.0,0.0
12307860,297.0194702148437,297.1499938964844,293.1499938964844,0.0,-0.0,284.1302185058594,0.8367141485214233,0.3776915967464447,0.3432010412216186,297.1576232910156,297.1499938964844,293.1499938964844,0.0,-0.0,284.1302185058594,0.8346002697944641,0.3750750422477722,0.3584946095943451,297.0783996582031,297.1499938964844,293.1499938964844,0.0,-0.0,284.1302185058594,0.8338188529014587,0.3736777901649475,0.2639890611171722,297.1404113769531,297.1499938964844,293.1499938964844,0.0,-0.0,284.1305236816406,0.7797535061836243,0.3039934933185577,0.2916142046451568,297.10308837890625,297.1499938964844,293.1499938964844,0.0,-0.0,284.1311340332031,0.703033983707428,0.2194162011146545,1.0054967403411863,284.130126953125,284.95001220703125,295.6422119140625,288.2406921386719,295.643798828125,297.1136169433594,284.1276550292969,1.0,0.5321585536003113,1.0,1.0,0.0,1.0,-2.716681241989136,2.716675281524658,5.924539436819032e-06,2.0939173698425293,0.899474561214447,0.899474561214447,0.0,149.92872619628906,121.0,33809.921875,0.0,1839.5921630859373,1.0,280.6576538085937,282.84259033203125,291.26861572265625,293.517333984375,293.1499938964844,293.1499938964844,280.3500061035156,36949.3515625,36000.0,313.1499938964844,0.0,18000.0,1.0,0.0,0.0,0.0,1.0,0.8838721513748169,1.0,0.0,0.0,3.703811883926392,3.703836679458618,9.15358327802096e-07,4.265924453735352,4.265914440155029,9.78592834144365e-06,0.0,0.0,-0.0,5597.23046875,0.0,1601.072998046875,1895.4371337890625,0.0,3252.857177734375,0.9179296493530272,1.0,0.0,3.0,1.0,0.0
12307920,297.0194702148437,297.1499938964844,293.1499938964844,0.0,-0.0,284.1302185058594,0.8367141485214233,0.3776915967464447,0.3432010412216186,297.1576232910156,297.1499938964844,293.1499938964844,0.0,-0.0,284.1302185058594,0.8346002697944641,0.3750750422477722,0.3584946095943451,297.0783996582031,297.1499938964844,293.1499938964844,0.0,-0.0,284.1302185058594,0.8338188529014587,0.3736777901649475,0.2639890611171722,297.1404113769531,297.1499938964844,293.1499938964844,0.0,-0.0,284.1305236816406,0.7797535061836243,0.3039934933185577,0.2916142046451568,297.10308837890625,297.1499938964844,293.1499938964844,0.0,-0.0,284.1311340332031,0.703033983707428,0.2194162011146545,1.0054967403411863,284.130126953125,284.95001220703125,295.6422119140625,288.2406921386719,295.643798828125,297.1136169433594,284.1276550292969,1.0,0.5321585536003113,1.0,1.0,0.0,1.0,-2.716681241989136,2.716675281524658,5.924539436819032e-06,2.0939173698425293,0.899474561214447,0.899474561214447,0.0,149.92872619628906,121.0,33809.921875,0.0,1839.5921630859373,1.0,280.6576538085937,282.84259033203125,291.26861572265625,293.517333984375,293.1499938964844,293.1499938964844,280.3500061035156,36949.3515625,36000.0,313.1499938964844,0.0,18000.0,1.0,0.0,0.0,0.0,1.0,0.8838721513748169,1.0,0.0,0.0,3.703811883926392,3.703836679458618,9.15358327802096e-07,4.265924453735352,4.265914440155029,9.78592834144365e-06,0.0,0.0,-0.0,5597.23046875,0.0,1601.072998046875,1895.4371337890625,0.0,3252.857177734375,0.9179296493530272,1.0,0.0,3.0,1.0,0.0
12307980,297.00067138671875,297.1499938964844,293.1499938964844,0.0,-0.0,283.9186706542969,0.8462144136428833,0.3741337954998016,0.339700698852539,297.1401062011719,297.1499938964844,293.1499938964844,0.0,-0.0,283.9186706542969,0.8453534245491028,0.3733967542648315,0.3565813302993774,297.06103515625,297.1499938964844,293.1499938964844,0.0,-0.0,283.9186706542969,0.8438367247581482,0.3710108399391174,0.26188725233078,297.12506103515625,297.1499938964844,293.1499938964844,0.0,-0.0,283.9189453125,0.7903292179107666,0.3023159503936767,0.2896948158740997,297.08984375,297.1499938964844,293.1499938964844,0.0,-0.0,283.9195251464844,0.7118245363235474,0.2174800038337707,0.9951815605163574,283.9185791015625,284.95001220703125,295.5662536621094,288.2121276855469,295.5678405761719,297.09844970703125,283.91632080078125,1.0,0.5227740406990051,1.0,1.0,0.0,1.0,-2.6929473876953125,2.692941665649414,5.821030299557606e-06,2.075411796569824,0.8840020895004272,0.8840020895004272,0.0,140.17401123046875,109.0,34343.57421875,0.0,1758.9134521484375,1.0,280.35797119140625,282.606689453125,291.23785400390625,293.5198974609375,293.1499938964844,293.1499938964844,280.6499938964844,37345.91015625,36000.0,313.1499938964844,0.0,18000.0,1.0,0.0,0.0,0.0,1.0,0.8919532895088196,1.0,0.0,0.0,3.654845952987671,3.6548702716827393,8.913154943002155e-07,4.265924453735352,4.265914440155029,9.78592834144365e-06,0.0,0.0,-0.0,5032.96240234375,0.0,1548.650390625,1895.4371337890625,0.0,3328.4697265625,0.9072555899620056,1.0,0.0,3.0,1.0,0.0
12308040,297.00067138671875,297.1499938964844,293.1499938964844,0.0,-0.0,283.9186706542969,0.8462144136428833,0.3741337954998016,0.339700698852539,297.1401062011719,297.1499938964844,293.1499938964844,0.0,-0.0,283.9186706542969,0.8453534245491028,0.3733967542648315,0.3565813302993774,297.06103515625,297.1499938964844,293.1499938964844,0.0,-0.0,283.9186706542969,0.8438367247581482,0.3710108399391174,0.26188725233078,297.12506103515625,297.1499938964844,293.1499938964844,0.0,-0.0,283.9189453125,0.7903292179107666,0.3023159503936767,0.2896948158740997,297.08984375,297.1499938964844,293.1499938964844,0.0,-0.0,283.9195251464844,0.7118245363235474,0.2174800038337707,0.9951815605163574,283.9185791015625,284.95001220703125,295.5662536621094,288.2121276855469,295.5678405761719,297.09844970703125,283.91632080078125,1.0,0.5227740406990051,1.0,1.0,0.0,1.0,-2.6929473876953125,2.692941665649414,5.821030299557606e-06,2.075411796569824,0.8840020895004272,0.8840020895004272,0.0,140.17401123046875,109.0,34343.57421875,0.0,1758.9134521484375,1.0,280.35797119140625,282.606689453125,291.23785400390625,293.5198974609375,293.1499938964844,293.1499938964844,280.6499938964844,37345.91015625,36000.0,313.1499938964844,0.0,18000.0,1.0,0.0,0.0,0.0,1.0,0.8919532895088196,1.0,0.0,0.0,3.654845952987671,3.6548702716827393,8.913154943002155e-07,4.265924453735352,4.265914440155029,9.78592834144365e-06,0.0,0.0,-0.0,5032.96240234375,0.0,1548.650390625,1895.4371337890625,0.0,3328.4697265625,0.9072555899620056,1.0,0.0,3.0,1.0,0.0
12308100,296.99859619140625,297.1499938964844,293.1499938964844,0.0,-0.0,284.0382080078125,0.8525334596633911,0.3729781806468963,0.3381426036357879,297.1365051269531,297.1499938964844,293.1499938964844,0.0,-0.0,284.0382080078125,0.8522717952728271,0.3729765713214874,0.3557431101799011,297.0581970214844,297.1499938964844,293.1499938964844,0.0,-0.0,284.0381774902344,0.8503744006156921,0.3701632916927337,0.2609444260597229,297.1217041015625,297.1499938964844,293.1499938964844,0.0,-0.0,284.0370483398437,0.7970687747001648,0.3018237352371216,0.2888303399085998,297.08660888671875,297.1499938964844,293.1499938964844,0.0,-0.0,284.0346069335937,0.7171878218650818,0.2167796641588211,0.9903655648231506,284.0385131835937,284.95001220703125,295.5289001464844,288.1981506347656,295.53045654296875,297.0947570800781,284.0473327636719,1.0,0.5178562998771667,1.0,1.0,0.0,1.0,-2.6821022033691406,2.682096481323242,5.773875727754785e-06,2.0668790340423584,0.8790534734725952,0.8790534734725952,0.0,134.79794311523438,109.0,33265.1640625,0.0,1718.2894287109375,1.0,280.60113525390625,282.7738342285156,291.1302490234375,293.2554626464844,293.1499938964844,293.1499938964844,280.6499938964844,37360.140625,36000.0,313.1499938964844,0.0,18000.0,1.0,0.0,0.0,0.0,1.0,0.8803381323814392,1.0,0.0,0.0,3.628620386123657,3.6286444664001465,8.785700060798263e-07,4.265924453735352,4.265914440155029,9.78592834144365e-06,0.0,0.0,-0.0,5137.4619140625,0.0,1519.6297607421875,1895.4371337890625,0.0,3219.74951171875,0.9014819264411926,1.0,0.0,3.0,1.0,0.0
12308160,297.0028381347656,297.1499938964844,293.1499938964844,0.0,-0.0,284.0845031738281,0.8613215088844299,0.3724357187747955,0.3372249007225036,297.13800048828125,297.1499938964844,293.1499938964844,0.0,-0.0,284.0845031738281,0.8615378737449646,0.3730376064777374,0.3553841412067413,297.06085205078125,297.1499938964844,293.1499938964844,0.0,-0.0,284.0845031738281,0.8592789173126221,0.369843453168869,0.2604037523269653,297.1226806640625,297.1499938964844,293.1499938964844,0.0,-0.0,284.0843505859375,0.8059735298156738,0.3017405569553375,0.2883619666099548,297.0870666503906,297.1499938964844,293.1499938964844,0.0,-0.0,284.0839538574219,0.7241489887237549,0.2164198607206344,0.9870129227638244,284.0845642089844,284.95001220703125,295.49200439453125,288.18438720703125,295.4935607910156,297.0955810546875,284.0858154296875,1.0,0.5130195021629333,1.0,1.0,0.0,1.0,-2.6753199100494385,2.67531418800354,5.744386271544499e-06,2.061496019363404,0.8737887740135193,0.8737887740135193,0.0,128.7965087890625,97.0,32981.9609375,0.0,1681.0054931640625,1.0,280.64215087890625,282.8260498046875,291.1025085449219,293.232421875,293.1499938964844,293.1499938964844,280.95001220703125,37347.42578125,36000.0,313.1499938964844,0.0,18000.0,1.0,0.0,0.0,0.0,1.0,0.8709354400634766,1.0,0.0,0.0,3.603770017623901,3.603793859481812,8.66577579472505e-07,4.265924453735352,4.265914440155029,9.78592834144365e-06,0.0,0.0,-0.0,4884.02099609375,0.0,1492.295166015625,1895.4371337890625,0.0,3131.58544921875,0.8959071636199951,1.0,0.0,3.0,1.0,0.0
12308220,297.01983642578125,297.1499938964844,293.1499938964844,0.0,-0.0,284.2757568359375,0.8851984739303589,0.3722847998142242,0.3363519310951233,297.1493835449219,297.1499938964844,293.1499938964844,0.0,-0.0,284.2757568359375,0.886358380317688,0.3740288317203522,0.3555534183979034,297.0746459960937,297.1499938964844,293.1499938964844,0.0,-0.0,284.2757263183594,0.8833536505699158,0.3701011538505554,0.2600143551826477,297.132080078125,297.1499938964844,293.1499938964844,0.0,-0.0,284.2755126953125,0.8276784420013428,0.3023358583450317,0.2881912887096405,297.0946960449219,297.1499938964844,293.1499938964844,0.0,-0.0,284.2750549316406,0.7423579692840576,0.216389387845993,0.9835012555122375,284.2757873535156,284.95001220703125,295.4197998046875,288.1575927734375,295.4212951660156,297.104736328125,284.2774963378906,1.0,0.5037152767181396,1.0,1.0,0.0,1.0,-2.669572353363037,2.6695668697357178,5.719323780795094e-06,2.056870460510254,0.8663547039031982,0.8663547039031982,0.0,115.99435424804688,85.0,31718.162109375,0.0,1614.4384765625,1.0,280.941162109375,283.0677185058594,291.0547180175781,293.08282470703125,293.1499938964844,293.1499938964844,281.25,37200.25,36000.0,313.1499938964844,0.0,18000.0,1.0,0.0,0.0,0.0,1.0,0.84647536277771,1.0,0.0,0.0,3.558154582977295,3.558177947998047,8.447786399301549e-07,4.265924453735352,4.265914440155029,9.78592834144365e-06,0.0,0.0,-0.0,4782.7939453125,0.0,1442.1209716796875,1895.4371337890625,0.0,2902.269775390625,0.8856623768806458,1.0,0.0,3.0,1.0,0.0
12308280,297.01983642578125,297.1499938964844,293.1499938964844,0.0,-0.0,284.2757568359375,0.8851984739303589,0.3722847998142242,0.3363519310951233,297.1493835449219,297.1499938964844,293.1499938964844,0.0,-0.0,284.2757568359375,0.886358380317688,0.3740288317203522,0.3555534183979034,297.0746459960937,297.1499938964844,293.1499938964844,0.0,-0.0,284.2757263183594,0.8833536505699158,0.3701011538505554,0.2600143551826477,297.132080078125,297.1499938964844,293.1499938964844,0.0,-0.0,284.2755126953125,0.8276784420013428,0.3023358583450317,0.2881912887096405,297.0946960449219,297.1499938964844,293.1499938964844,0.0,-0.0,284.2750549316406,0.7423579692840576,0.216389387845993,0.9835012555122375,284.2757873535156,284.95001220703125,295.4197998046875,288.1575927734375,295.4212951660156,297.104736328125,284.2774963378906,1.0,0.5037152767181396,1.0,1.0,0.0,1.0,-2.669572353363037,2.6695668697357178,5.719323780795094e-06,2.056870460510254,0.8663547039031982,0.8663547039031982,0.0,115.99435424804688,85.0,31718.162109375,0.0,1614.4384765625,1.0,280.941162109375,283.0677185058594,291.0547180175781,293.08282470703125,293.1499938964844,293.1499938964844,281.25,37200.25,36000.0,313.1499938964844,0.0,18000.0,1.0,0.0,0.0,0.0,1.0,0.84647536277771,1.0,0.0,0.0,3.558154582977295,3.558177947998047,8.447786399301549e-07,4.265924453735352,4.265914440155029,9.78592834144365e-06,0.0,0.0,-0.0,4782.7939453125,0.0,1442.1209716796875,1895.4371337890625,0.0,2902.269775390625,0.8856623768806458,1.0,0.0,3.0,1.0,0.0
12308340,297.0415344238281,297.1499938964844,293.1499938964844,0.0,-0.0,284.4694519042969,0.9189778566360474,0.3728289604187011,0.3362141847610473,297.1665344238281,297.1499938964844,293.1499938964844,0.0,-0.0,284.4694519042969,0.9214380383491516,0.3757522404193878,0.3565055131912231,297.0937805175781,297.1499938964844,293.1499938964844,0.0,-0.0,284.4694519042969,0.917222797870636,0.3710801601409912,0.2602036297321319,297.1466979980469,297.1499938964844,293.1499938964844,0.0,-0.0,284.4692077636719,0.8564282655715942,0.3035880923271179,0.2887162864208221,297.1075744628906,297.1499938964844,293.1499938964844,0.0,-0.0,284.4687194824219,0.7682152986526489,0.2169885337352752,0.9830960631370544,284.4695129394531,284.95001220703125,295.3500061035156,288.13189697265625,295.3514404296875,297.1195983886719,284.4713134765625,1.0,0.4949923455715179,1.0,1.0,0.0,1.0,-2.670917272567749,2.6709115505218506,5.724893526348751e-06,2.0578129291534424,0.861519992351532,0.861519992351532,0.0,102.85858917236328,73.0,30539.5859375,0.0,1556.54541015625,1.0,281.2407531738281,283.3096923828125,291.0397033691406,292.9886169433594,293.1499938964844,293.1499938964844,281.54998779296875,36970.19921875,36000.0,313.1499938964844,0.0,18000.0,1.0,0.0,0.0,0.0,1.0,0.8248658180236816,1.0,0.0,0.0,3.5210182666778564,3.52104115486145,8.272368177131284e-07,4.265924453735352,4.265914440155029,9.78592834144365e-06,0.0,0.0,-0.0,4697.5244140625,0.0,1401.3514404296875,1895.4371337890625,0.0,2700.70556640625,0.8772451877593994,1.0,0.0,3.0,1.0,0.0
12308400,297.0415344238281,297.1499938964844,293.1499938964844,0.0,-0.0,284.4694519042969,0.9189778566360474,0.3728289604187011,0.3362141847610473,297.1665344238281,297.1499938964844,293.1499938964844,0.0,-0.0,284.4694519042969,0.9214380383491516,0.3757522404193878,0.3565055131912231,297.0937805175781,297.1499938964844,293.1499938964844,0.0,-0.0,284.4694519042969,0.917222797870636,0.3710801601409912,0.2602036297321319,297.1466979980469,297.1499938964844,293.1499938964844,0.0,-0.0,284.4692077636719,0.8564282655715942,0.3035880923271179,0.2887162864208221,297.1075744628906,297.1499938964844,293.1499938964844,0.0,-0.0,284.4687194824219,0.7682152986526489,0.2169885337352752,0.9830960631370544,284.4695129394531,284.95001220703125,295.3500061035156,288.13189697265625,295.3514404296875,297.1195983886719,284.4713134765625,1.0,0.4949923455715179,1.0,1.0,0.0,1.0,-2.670917272567749,2.6709115505218506,5.724893526348751e-06,2.0578129291534424,0.861519992351532,0.861519992351532,0.0,102.85858917236328,73.0,30539.5859375,0.0,1556.54541015625,1.0,281.2407531738281,283.3096923828125,291.0397033691406,292.9886169433594,293.1499938964844,293.1499938964844,281.54998779296875,36970.19921875,36000.0,313.1499938964844,0.0,18000.0,1.0,0.0,0.0,0.0,1.0,0.8248658180236816,1.0,0.0,0.0,3.5210182666778564,3.52104115486145,8.272368177131284e-07,4.265924453735352,4.265914440155029,9.78592834144365e-06,0.0,0.0,-0.0,4697.5244140625,0.0,1401.3514404296875,1895.4371337890625,0.0,2700.70556640625,0.8772451877593994,1.0,0.0,3.0,1.0,0.0
12308460,297.06451416015625,297.1499938964844,293.1499938964844,0.0,-0.0,284.663818359375,0.9668314456939696,0.3737801313400268,0.3364808261394501,297.1859130859375,297.1499938964844,293.1499938964844,0.0,-0.0,284.6638488769531,0.9700497984886168,0.3779236376285553,0.3579260110855102,297.11474609375,297.1499938964844,293.1499938964844,0.0,-0.0,284.663818359375,0.9656174778938292,0.3724904358386993,0.2607267796993255,297.1635131835937,297.1499938964844,293.1499938964844,0.0,-0.0,284.6636047363281,0.897548496723175,0.3052452206611633,0.2896650731563568,297.1227111816406,297.1499938964844,293.1499938964844,0.0,-0.0,284.6630859375,0.8050262331962585,0.2179823517799377,0.9846566915512084,284.66387939453125,284.95001220703125,295.2804260253906,288.106689453125,295.2818908691406,297.13690185546875,284.6654357910156,1.0,0.4867998957633972,1.0,1.0,0.0,1.0,-2.6765854358673096,2.676579713821411,5.749148385802982e-06,2.0621466636657715,0.8592726588249207,0.8592726588249207,0.0,89.78634643554688,91.0,29474.458984375,-0.0,1504.853271484375,1.0,281.5404357910156,283.551025390625,291.02886962890625,292.90997314453125,293.1499938964844,293.1499938964844,281.8500061035156,36688.09375,36000.0,313.1499938964844,0.0,18000.0,1.0,0.0,0.0,0.0,1.0,0.8063353896141052,1.0,0.0,0.0,3.494372606277466,3.4943952560424805,8.147638368427579e-07,4.265924453735352,4.265914440155029,9.78592834144365e-06,0.0,0.0,-0.0,4620.72119140625,0.0,1371.7491455078125,1895.4371337890625,0.0,2529.487548828125,0.8711192011833191,1.0,0.0,3.0,1.0,0.0
12308520,297.06451416015625,297.1499938964844,293.1499938964844,0.0,-0.0,284.663818359375,0.9668314456939696,0.3737801313400268,0.3364808261394501,297.1859130859375,297.1499938964844,293.1499938964844,0.0,-0.0,284.6638488769531,0.9700497984886168,0.3779236376285553,0.3579260110855102,297.11474609375,297.1499938964844,293.1499938964844,0.0,-0.0,284.663818359375,0.9656174778938292,0.3724904358386993,0.2607267796993255,297.1635131835937,297.1499938964844,293.1499938964844,0.0,-0.0,284.6636047363281,0.897548496723175,0.3052452206611633,0.2896650731563568,297.1227111816406,297.1499938964844,293.1499938964844,0.0,-0.0,284.6630859375,0.8050262331962585,0.2179823517799377,0.9846566915512084,284.66387939453125,284.95001220703125,295.2804260253906,288.106689453125,295.2818908691406,297.13690185546875,284.6654357910156,1.0,0.4867998957633972,1.0,1.0,0.0,1.0,-2.6765854358673096,2.676579713821411,5.749148385802982e-06,2.0621466636657715,0.8592726588249207,0.8592726588249207,0.0,89.78634643554688,91.0,29474.458984375,-0.0,1504.853271484375,1.0,281.5404357910156,283.551025390625,291.02886962890625,292.90997314453125,293.1499938964844,293.1499938964844,281.8500061035156,36688.09375,36000.0,313.1499938964844,0.0,18000.0,1.0,0.0,0.0,0.0,1.0,0.8063353896141052,1.0,0.0,0.0,3.494372606277466,3.4943952560424805,8.147638368427579e-07,4.265924453735352,4.265914440155029,9.78592834144365e-06,0.0,0.0,-0.0,4620.72119140625,0.0,1371.7491455078125,1895.4371337890625,0.0,2529.487548828125,0.8711192011833191,1.0,0.0,3.0,1.0,0.0
12308580,297.0875549316406,297.1499938964844,293.1499938964844,0.0,-0.0,284.8639831542969,0.9745198488235474,0.3750320374965668,0.3374722301959991,297.2060852050781,297.1499938964844,293.1499938964844,0.0,-0.0,284.864013671875,0.9785147309303284,0.3804214298725128,0.3601337373256683,297.13623046875,297.1499938964844,293.1499938964844,0.0,-0.0,284.8639831542969,0.973756730556488,0.3742204010486603,0.2618247866630554,297.1809997558594,297.1499938964844,293.1499938964844,0.0,-0.0,284.86376953125,0.906108856201172,0.3071871995925903,0.2913632988929748,297.1385192871094,297.1499938964844,293.1499938964844,0.0,-0.0,284.8632202148437,0.8122025728225708,0.2192364633083343,0.9896861910820008,284.86407470703125,284.95001220703125,295.2087707519531,288.0813293457031,295.21026611328125,297.15484619140625,284.865966796875,1.0,0.4884878695011139,1.0,1.0,0.0,1.0,-2.6898255348205566,2.689819812774658,5.80608411837602e-06,2.072307825088501,0.8597445487976074,0.8597445487976074,0.0,88.45532989501953,109.0,28557.10546875,-0.0,1517.1495361328125,1.0,281.8402709960937,283.7976379394531,291.0171813964844,292.8421936035156,293.1499938964844,293.1499938964844,282.1499938964844,36367.5390625,36000.0,313.1499938964844,0.0,18000.0,1.0,0.0,0.0,0.0,1.0,0.7904953360557556,1.0,0.0,0.0,3.479727268218994,3.479749917984009,8.079485951384413e-07,4.265924453735352,4.265914440155029,9.78592834144365e-06,0.0,0.0,-0.0,4555.3662109375,0.0,1354.476318359375,1895.4371337890625,0.0,2384.863037109375,0.8676248788833618,1.0,0.0,3.0,1.0,0.0
12308640,297.0875549316406,297.1499938964844,293.1499938964844,0.0,-0.0,284.8639831542969,0.9745198488235474,0.3750320374965668,0.3374722301959991,297.2060852050781,297.1499938964844,293.1499938964844,0.0,-0.0,284.864013671875,0.9785147309303284,0.3804214298725128,0.3601337373256683,297.13623046875,297.1499938964844,293.1499938964844,0.0,-0.0,284.8639831542969,0.973756730556488,0.3742204010486603,0.2618247866630554,297.1809997558594,297.1499938964844,293.1499938964844,0.0,-0.0,284.86376953125,0.906108856201172,0.3071871995925903,0.2913632988929748,297.1385192871094,297.1499938964844,293.1499938964844,0.0,-0.0,284.8632202148437,0.8122025728225708,0.2192364633083343,0.9896861910820008,284.86407470703125,284.95001220703125,295.2087707519531,288.0813293457031,295.21026611328125,297.15484619140625,284.865966796875,1.0,0.4884878695011139,1.0,1.0,0.0,1.0,-2.6898255348205566,2.689819812774658,5.80608411837602e-06,2.072307825088501,0.8597445487976074,0.8597445487976074,0.0,88.45532989501953,109.0,28557.10546875,-0.0,1517.1495361328125,1.0,281.8402709960937,283.7976379394531,291.0171813964844,292.8421936035156,293.1499938964844,293.1499938964844,282.1499938964844,36367.5390625,36000.0,313.1499938964844,0.0,18000.0,1.0,0.0,0.0,0.0,1.0,0.7904953360557556,1.0,0.0,0.0,3.479727268218994,3.479749917984009,8.079485951384413e-07,4.265924453735352,4.265914440155029,9.78592834144365e-06,0.0,0.0,-0.0,4555.3662109375,0.0,1354.476318359375,1895.4371337890625,0.0,2384.863037109375,0.8676248788833618,1.0,0.0,3.0,1.0,0.0
12308700,297.098388671875,297.1499938964844,293.1499938964844,0.0,-0.0,285.0065612792969,0.9667223691940308,0.3756968975067138,0.3381043970584869,297.2158203125,297.1499938964844,293.1499938964844,0.0,-0.0,285.00665283203125,0.971473515033722,0.3817290365695953,0.3614109456539154,297.14654541015625,297.1499938964844,293.1499938964844,0.0,-0.0,285.0065612792969,0.9661418199539183,0.3751417100429535,0.2624978125095367,297.1893615722656,297.1499938964844,293.1499938964844,0.0,-0.0,285.0053405761719,0.8988355994224548,0.3082044422626495,0.2923778593540191,297.14599609375,297.1499938964844,293.1499938964844,0.0,-0.0,285.0024719238281,0.8059215545654297,0.219899520277977,0.9929690957069396,285.0069274902344,284.95001220703125,295.1722106933594,288.0685729980469,295.1737365722656,297.1633605957031,285.0171813964844,1.0,0.4915069937705993,1.0,1.0,0.0,1.0,-2.698091506958008,2.6980855464935303,5.841876372869592e-06,2.0787012577056885,0.8614950776100159,0.8614950776100159,0.0,90.9888916015625,109.0,27790.658203125,-0.0,1540.3519287109375,1.0,282.0938415527344,283.9828796386719,290.9820556640625,292.7153625488281,293.1499938964844,293.1499938964844,282.1499938964844,36187.38671875,36000.0,313.1499938964844,0.0,18000.0,1.0,0.0,0.0,0.0,1.0,0.7808167934417725,1.0,0.0,0.0,3.476872444152832,3.476894855499268,8.066234045145393e-07,4.265924453735352,4.265914440155029,9.78592834144365e-06,0.0,0.0,-0.0,4677.5380859375,0.0,1350.286376953125,1895.4371337890625,0.0,2297.476806640625,0.866894543170929,1.0,0.0,3.0,1.0,0.0
12308760,297.1093444824219,297.1499938964844,293.1499938964844,0.0,-0.0,285.06207275390625,0.954291820526123,0.3764474093914032,0.3389163017272949,297.2256774902344,297.1499938964844,293.1499938964844,0.0,-0.0,285.0621032714844,0.9599169492721558,0.3831155896186828,0.3628501892089844,297.156982421875,297.1499938964844,293.1499938964844,0.0,-0.0,285.06207275390625,0.9538949728012084,0.3761467933654785,0.2632982134819031,297.19781494140625,297.1499938964844,293.1499938964844,0.0,-0.0,285.0618896484375,0.8878893256187439,0.3092849850654602,0.2935321033000946,297.1534729003906,297.1499938964844,293.1499938964844,0.0,-0.0,285.0614013671875,0.7961006760597229,0.2206088900566101,0.9967957139015198,285.0621337890625,284.95001220703125,295.1352233886719,288.0557861328125,295.13677978515625,297.172119140625,285.0639038085937,1.0,0.4955987632274627,1.0,1.0,0.0,1.0,-2.70774245262146,2.7077364921569824,5.883809990336886e-06,2.0861682891845703,0.8628456592559814,0.8628456592559814,0.0,94.88443756103516,127.0,27702.892578125,-0.0,1571.9407958984375,1.0,282.1402587890625,284.0404052734375,291.0014038085937,292.775390625,293.1499938964844,293.1499938964844,282.45001220703125,36033.01953125,36000.0,313.1499938964844,0.0,18000.0,1.0,0.0,0.0,0.0,1.0,0.7766590714454651,1.0,0.0,0.0,3.477668046951294,3.477690458297729,8.069926593634591e-07,4.265924453735352,4.265914440155029,9.78592834144365e-06,0.0,0.0,-0.0,4492.77001953125,0.0,1349.9949951171875,1895.4371337890625,0.0,2260.196044921875,0.8669106364250183,1.0,0.0,3.0,1.0,0.0
12308820,297.13067626953125,297.1499938964844,293.1499938964844,0.0,-0.0,285.276611328125,0.9206303358078004,0.3780927062034607,0.3407034873962402,297.2449951171875,297.1499938964844,293.1499938964844,0.0,-0.0,285.2766418457031,0.9277275800704956,0.3860301375389099,0.365931361913681,297.1773986816406,297.1499938964844,293.1499938964844,0.0,-0.0,285.276611328125,0.920701026916504,0.3783012330532074,0.2650441229343414,297.2142333984375,297.1499938964844,293.1499938964844,0.0,-0.0,285.2763977050781,0.8610482811927795,0.3115527033805847,0.2960222363471985,297.1676940917969,297.1499938964844,293.1499938964844,0.0,-0.0,285.2758483886719,0.7717384099960327,0.2220921367406845,1.0051971673965454,285.27667236328125,284.95001220703125,295.0600280761719,288.030029296875,295.06158447265625,297.1889953613281,285.278564453125,1.0,0.5060263872146606,1.0,1.0,0.0,1.0,-2.728776693344116,2.7287707328796387,5.975763087917585e-06,2.102461338043213,0.8689197897911072,0.8689197897911072,0.0,105.8931884765625,145.0,27012.310546875,-0.0,1653.2530517578125,1.0,282.440185546875,284.2869567871094,290.9833068847656,292.71319580078125,293.1499938964844,293.1499938964844,282.75,35679.1640625,36000.0,313.1499938964844,0.0,18000.0,1.0,0.0,0.0,0.0,1.0,0.7641700506210327,1.0,0.0,0.0,3.488765239715576,3.488787651062012,8.121510290948208e-07,4.265924453735352,4.265914440155029,9.78592834144365e-06,0.0,0.0,-0.0,4438.5087890625,0.0,1358.7818603515625,1895.4371337890625,0.0,2149.246826171875,0.8691083788871765,1.0,0.0,3.0,1.0,0.0
12308880,297.13067626953125,297.1499938964844,293.1499938964844,0.0,-0.0,285.276611328125,0.9206303358078004,0.3780927062034607,0.3407034873962402,297.2449951171875,297.1499938964844,293.1499938964844,0.0,-0.0,285.2766418457031,0.9277275800704956,0.3860301375389099,0.365931361913681,297.1773986816406,297.1499938964844,293.1499938964844,0.0,-0.0,285.276611328125,0.920701026916504,0.3783012330532074,0.2650441229343414,297.2142333984375,297.1499938964844,293.1499938964844,0.0,-0.0,285.2763977050781,0.8610482811927795,0.3115527033805847,0.2960222363471985,297.1676940917969,297.1499938964844,293.1499938964844,0.0,-0.0,285.2758483886719,0.7717384099960327,0.2220921367406845,1.0051971673965454,285.27667236328125,284.95001220703125,295.0600280761719,288.030029296875,295.06158447265625,297.1889953613281,285.278564453125,1.0,0.5060263872146606,1.0,1.0,0.0,1.0,-2.728776693344116,2.7287707328796387,5.975763087917585e-06,2.102461338043213,0.8689197897911072,0.8689197897911072,0.0,105.8931884765625,145.0,27012.310546875,-0.0,1653.2530517578125,1.0,282.440185546875,284.2869567871094,290.9833068847656,292.71319580078125,293.1499938964844,293.1499938964844,282.75,35679.1640625,36000.0,313.1499938964844,0.0,18000.0,1.0,0.0,0.0,0.0,1.0,0.7641700506210327,1.0,0.0,0.0,3.488765239715576,3.488787651062012,8.121510290948208e-07,4.265924453735352,4.265914440155029,9.78592834144365e-06,0.0,0.0,-0.0,4438.5087890625,0.0,1358.7818603515625,1895.4371337890625,0.0,2149.246826171875,0.8691083788871765,1.0,0.0,3.0,1.0,0.0
12308940,297.152587890625,297.1499938964844,293.1499938964844,0.0,-0.0,285.49957275390625,0.8895021080970764,0.3800661861896515,0.3428748250007629,297.26470947265625,297.1499938964844,293.1499938964844,0.0,-0.0,285.4996032714844,0.8964823484420776,0.3892276585102081,0.3693791031837463,297.1982116699219,297.1499938964844,293.1499938964844,0.0,-0.0,285.49957275390625,0.8899496793746948,0.3807547390460968,0.2670719027519226,297.2308349609375,297.1499938964844,293.1499938964844,0.0,-0.0,285.4993896484375,0.8357529640197754,0.3140454888343811,0.2988243997097015,297.181640625,297.1499938964844,293.1499938964844,0.0,-0.0,285.4989013671875,0.7485461235046387,0.2237284332513809,1.014759182929993,285.4996337890625,284.95001220703125,294.9833374023437,288.00408935546875,294.98492431640625,297.2055358886719,285.5013427734375,1.0,0.5184556841850281,1.0,1.0,0.0,1.0,-2.7528223991394043,2.7528164386749268,6.081786523282062e-06,2.121102333068848,0.8780754804611206,0.8780754804611206,0.0,119.67643737792967,163.0,26418.921875,-0.0,1753.3135986328125,1.0,282.7403869628906,284.53424072265625,290.9660949707031,292.6592712402344,293.1499938964844,293.1499938964844,283.04998779296875,35321.3203125,36000.0,313.1499938964844,0.0,18000.0,1.0,0.0,0.0,0.0,1.0,0.7534034252166748,1.0,0.0,0.0,3.5133724212646484,3.513394832611084,8.236480084633513e-07,4.265924453735352,4.265914440155029,9.78592834144365e-06,0.0,0.0,-0.0,4390.2783203125,0.0,1381.521728515625,1895.4371337890625,0.0,2054.967041015625,0.8743143081665039,1.0,0.0,3.0,1.0,0.0
12309000,297.152587890625,297.1499938964844,293.1499938964844,0.0,-0.0,285.49957275390625,0.8895021080970764,0.3800661861896515,0.3428748250007629,297.26470947265625,297.1499938964844,293.1499938964844,0.0,-0.0,285.4996032714844,0.8964823484420776,0.3892276585102081,0.3693791031837463,297.1982116699219,297.1499938964844,293.1499938964844,0.0,-0.0,285.49957275390625,0.8899496793746948,0.3807547390460968,0.2670719027519226,297.2308349609375,297.1499938964844,293.1499938964844,0.0,-0.0,285.4993896484375,0.8357529640197754,0.3140454888343811,0.2988243997097015,297.181640625,297.1499938964844,293.1499938964844,0.0,-0.0,285.4989013671875,0.7485461235046387,0.2237284332513809,1.014759182929993,285.4996337890625,284.95001220703125,294.9833374023437,288.00408935546875,294.98492431640625,297.2055358886719,285.5013427734375,1.0,0.5184556841850281,1.0,1.0,0.0,1.0,-2.7528223991394043,2.7528164386749268,6.081786523282062e-06,2.121102333068848,0.8780754804611206,0.8780754804611206,0.0,119.67643737792967,163.0,26418.921875,-0.0,1753.3135986328125,1.0,282.7403869628906,284.53424072265625,290.9660949707031,292.6592712402344,293.1499938964844,293.1499938964844,283.04998779296875,35321.3203125,36000.0,313.1499938964844,0.0,18000.0,1.0,0.0,0.0,0.0,1.0,0.7534034252166748,1.0,0.0,0.0,3.5133724212646484,3.513394832611084,8.236480084633513e-07,4.265924453735352,4.265914440155029,9.78592834144365e-06,0.0,0.0,-0.0,4390.2783203125,0.0,1381.521728515625,1895.4371337890625,0.0,2054.967041015625,0.8743143081665039,1.0,0.0,3.0,1.0,0.0
12309060,297.1742858886719,297.1499938964844,293.1499938964844,0.0,-0.0,285.71905517578125,0.8635239005088806,0.3822959959506988,0.3453549742698669,297.2842102050781,297.1499938964844,293.1499938964844,0.0,-0.0,285.7190856933594,0.8709526062011719,0.3926560878753662,0.3731207847595215,297.2187805175781,297.1499938964844,293.1499938964844,0.0,-0.0,285.71905517578125,0.8642860651016235,0.383447915315628,0.2693240642547607,297.2471618652344,297.1499938964844,293.1499938964844,0.0,-0.0,285.7188720703125,0.8139024972915649,0.3167242407798767,0.3018759787082672,297.1950988769531,297.1499938964844,293.1499938964844,0.0,-0.0,285.71844482421875,0.7290629148483276,0.2254921495914459,1.0252315998077393,285.7191162109375,284.95001220703125,294.90533447265625,287.9779357910156,294.90692138671875,297.2220458984375,285.7205810546875,1.0,0.5320550203323364,1.0,1.0,0.0,1.0,-2.779257535934448,2.779251337051392,6.1994578572921455e-06,2.1416127681732178,0.8901398777961731,0.8901398777961731,0.0,135.21275329589844,181.0,25839.376953125,-0.0,1867.0782470703125,1.0,283.0406494140625,284.7770690917969,290.9461364746094,292.60504150390625,293.1499938964844,293.1499938964844,283.1499938964844,34987.7734375,35280.0,313.1499938964844,0.0,18000.0,1.0,0.0,0.0,0.0,1.0,0.7438635230064392,1.0,0.0,0.0,3.5504932403564453,3.550516128540039,8.411445833189646e-07,4.265924453735352,4.265914440155029,9.78592834144365e-06,0.0,0.0,-0.0,4489.9404296875,0.0,1417.8873291015625,1895.4371337890625,0.0,1972.601806640625,0.8803431391716003,1.0,0.0,3.0,1.0,0.0
12309120,297.1742858886719,297.1499938964844,293.1499938964844,0.0,-0.0,285.71905517578125,0.8635239005088806,0.3822959959506988,0.3453549742698669,297.2842102050781,297.1499938964844,293.1499938964844,0.0,-0.0,285.7190856933594,0.8709526062011719,0.3926560878753662,0.3731207847595215,297.2187805175781,297.1499938964844,293.1499938964844,0.0,-0.0,285.71905517578125,0.8642860651016235,0.383447915315628,0.2693240642547607,297.2471618652344,297.1499938964844,293.1499938964844,0.0,-0.0,285.7188720703125,0.8139024972915649,0.3167242407798767,0.3018759787082672,297.1950988769531,297.1499938964844,293.1499938964844,0.0,-0.0,285.71844482421875,0.7290629148483276,0.2254921495914459,1.0252315998077393,285.7191162109375,284.95001220703125,294.90533447265625,287.9779357910156,294.90692138671875,297.2220458984375,285.7205810546875,1.0,0.5320550203323364,1.0,1.0,0.0,1.0,-2.779257535934448,2.779251337051392,6.1994578572921455e-06,2.1416127681732178,0.8901398777961731,0.8901398777961731,0.0,135.21275329589844,181.0,25839.376953125,-0.0,1867.0782470703125,1.0,283.0406494140625,284.7770690917969,290.9461364746094,292.60504150390625,293.1499938964844,293.1499938964844,283.1499938964844,34987.7734375,35280.0,313.1499938964844,0.0,18000.0,1.0,0.0,0.0,0.0,1.0,0.7438635230064392,1.0,0.0,0.0,3.5504932403564453,3.550516128540039,8.411445833189646e-07,4.265924453735352,4.265914440155029,9.78592834144365e-06,0.0,0.0,-0.0,4489.9404296875,0.0,1417.8873291015625,1895.4371337890625,0.0,1972.601806640625,0.8803431391716003,1.0,0.0,3.0,1.0,0.0
12309180,297.1877136230469,297.1499938964844,293.1499938964844,0.0,-0.0,285.7950439453125,0.8413177132606506,0.3839728534221649,0.3476381003856659,297.2977905273437,297.1499938964844,293.1499938964844,0.0,-0.0,285.7950439453125,0.8490774631500244,0.3957414329051971,0.3767834603786468,297.23260498046875,297.1499938964844,293.1499938964844,0.0,-0.0,285.7950439453125,0.8424022197723389,0.3857305645942688,0.2714889347553253,297.2585144042969,297.1499938964844,293.1499938964844,0.0,-0.0,285.7950134277344,0.7929585576057434,0.3191119730472564,0.3048679530620575,297.2044677734375,297.1499938964844,293.1499938964844,0.0,-0.0,285.7949523925781,0.7114270329475403,0.2270197719335556,1.035502552986145,285.7950439453125,284.95001220703125,294.8262634277344,287.9515991210937,294.8278503417969,297.2338562011719,285.7951965332031,1.0,0.546159565448761,1.0,1.0,0.0,1.0,-2.804948568344116,2.80494236946106,6.31506782156066e-06,2.161623477935791,0.9020683765411376,0.9020683765411376,0.0,152.2043914794922,169.0,25656.755859375,-0.0,1988.6807861328125,1.0,283.1468200683594,284.8615417480469,290.9635314941406,292.6374816894531,293.1499938964844,293.1499938964844,283.04998779296875,34456.82421875,36000.0,313.1499938964844,0.0,18000.0,1.0,0.0,0.0,0.0,1.0,0.745902955532074,1.0,0.0,0.0,3.575062990188598,3.5750861167907715,8.528265311724681e-07,4.265924453735352,4.265914440155029,9.78592834144365e-06,0.0,0.0,-0.0,4643.1142578125,0.0,1440.075439453125,1895.4371337890625,0.0,1990.112060546875,0.889075756072998,1.0,0.0,3.0,1.0,0.0
12309240,297.1877136230469,297.1499938964844,293.1499938964844,0.0,-0.0,285.7950439453125,0.8413177132606506,0.3839728534221649,0.3476381003856659,297.2977905273437,297.1499938964844,293.1499938964844,0.0,-0.0,285.7950439453125,0.8490774631500244,0.3957414329051971,0.3767834603786468,297.23260498046875,297.1499938964844,293.1499938964844,0.0,-0.0,285.7950439453125,0.8424022197723389,0.3857305645942688,0.2714889347553253,297.2585144042969,297.1499938964844,293.1499938964844,0.0,-0.0,285.7950134277344,0.7929585576057434,0.3191119730472564,0.3048679530620575,297.2044677734375,297.1499938964844,293.1499938964844,0.0,-0.0,285.7949523925781,0.7114270329475403,0.2270197719335556,1.035502552986145,285.7950439453125,284.95001220703125,294.8262634277344,287.9515991210937,294.8278503417969,297.2338562011719,285.7951965332031,1.0,0.546159565448761,1.0,1.0,0.0,1.0,-2.804948568344116,2.80494236946106,6.31506782156066e-06,2.161623477935791,0.9020683765411376,0.9020683765411376,0.0,152.2043914794922,169.0,25656.755859375,-0.0,1988.6807861328125,1.0,283.1468200683594,284.8615417480469,290.9635314941406,292.6374816894531,293.1499938964844,293.1499938964844,283.04998779296875,34456.82421875,36000.0,313.1499938964844,0.0,18000.0,1.0,0.0,0.0,0.0,1.0,0.745902955532074,1.0,0.0,0.0,3.575062990188598,3.5750861167907715,8.528265311724681e-07,4.265924453735352,4.265914440155029,9.78592834144365e-06,0.0,0.0,-0.0,4643.1142578125,0.0,1440.075439453125,1895.4371337890625,0.0,1990.112060546875,0.889075756072998,1.0,0.0,3.0,1.0,0.0
12309300,297.1886901855469,297.1499938964844,293.1499938964844,0.0,-0.0,285.7337646484375,0.8368140459060669,0.3843123614788055,0.3482882380485534,297.3003234863281,297.1499938964844,293.1499938964844,0.0,-0.0,285.73370361328125,0.8449658751487732,0.3969261646270752,0.3782035708427429,297.2347106933594,297.1499938964844,293.1499938964844,0.0,-0.0,285.7337646484375,0.8381181955337524,0.3864628970623016,0.272239625453949,297.2605285644531,297.1499938964844,293.1499938964844,0.0,-0.0,285.7342529296875,0.7888143062591553,0.3199998736381531,0.305987536907196,297.2062072753906,297.1499938964844,293.1499938964844,0.0,-0.0,285.7355041503906,0.7076222896575928,0.2275352478027343,1.0390326976776123,285.73358154296875,284.95001220703125,294.786376953125,287.9383850097656,294.7879638671875,297.2361145019531,285.72906494140625,1.0,0.5493590831756592,1.0,1.0,0.0,1.0,-2.813936948776245,2.8139305114746094,6.355995992635144e-06,2.168729066848755,0.9067065715789796,0.9067065715789796,0.0,156.4199676513672,169.0,25867.94921875,-0.0,2023.42626953125,1.0,283.0666198730469,284.7893981933594,290.9923095703125,292.71807861328125,293.1499938964844,293.1499938964844,283.04998779296875,34648.29296875,36000.0,313.1499938964844,0.0,18000.0,1.0,0.0,0.0,0.0,1.0,0.7535196542739868,1.0,0.0,0.0,3.605879306793213,3.6059024333953857,8.675921776557516e-07,4.265924453735352,4.265914440155029,9.78592834144365e-06,0.0,0.0,-0.0,4609.03076171875,0.0,1474.6422119140625,1895.4371337890625,0.0,2055.97802734375,0.8944222927093506,1.0,0.0,3.0,1.0,0.0
12309360,297.1861572265625,297.1499938964844,293.1499938964844,0.0,-0.0,285.70098876953125,0.8349513411521912,0.384307712316513,0.3484735190868377,297.2999572753906,297.1499938964844,293.1499938964844,0.0,-0.0,285.7009582519531,0.8436433672904968,0.3978433907032013,0.3792377114295959,297.233642578125,297.1499938964844,293.1499938964844,0.0,-0.0,285.70098876953125,0.8365285992622375,0.3868940472602844,0.2726759314537048,297.26007080078125,297.1499938964844,293.1499938964844,0.0,-0.0,285.701171875,0.7874296307563782,0.3206551074981689,0.3067636489868164,297.2058410644531,297.1499938964844,293.1499938964844,0.0,-0.0,285.7016296386719,0.7062283754348755,0.2278556227684021,1.0411595106124878,285.700927734375,284.95001220703125,294.74627685546875,287.92510986328125,294.74786376953125,297.2357482910156,285.6991882324219,1.0,0.5509915947914124,1.0,1.0,0.0,1.0,-2.819421529769897,2.8194150924682617,6.38104847894283e-06,2.1730711460113525,0.9113690257072448,0.9113690257072448,0.0,158.2381591796875,157.0,25858.701171875,-0.0,2041.1044921875,1.0,283.0526428222656,284.75836181640625,290.9825134277344,292.7056884765625,293.1499938964844,293.1499938964844,282.75,34727.9296875,36000.0,313.1499938964844,0.0,18000.0,1.0,0.0,0.0,0.0,1.0,0.7596848607063293,1.0,0.0,0.0,3.628943681716919,3.62896728515625,8.787265528553689e-07,4.265924453735352,4.265914440155029,9.78592834144365e-06,0.0,0.0,-0.0,4841.69189453125,0.0,1500.4052734375,1895.4371337890625,0.0,2109.80908203125,0.899654746055603,1.0,0.0,3.0,1.0,0.0
12309420,297.1682434082031,297.1499938964844,293.1499938964844,0.0,-0.0,285.44805908203125,0.8352014422416687,0.3829691410064697,0.3476415276527405,297.2888488769531,297.1499938964844,293.1499938964844,0.0,-0.0,285.447998046875,0.8452798128128052,0.3986325263977051,0.3802798688411712,297.22003173828125,297.1499938964844,293.1499938964844,0.0,-0.0,285.44805908203125,0.8374435305595398,0.3865903913974762,0.2727141976356506,297.2502136230469,297.1499938964844,293.1499938964844,0.0,-0.0,285.4483947753906,0.7888992428779602,0.3210621178150177,0.3074052333831787,297.1976623535156,297.1499938964844,293.1499938964844,0.0,-0.0,285.44921875,0.7071859240531921,0.2277471870183944,1.041686773300171,285.44793701171875,284.95001220703125,294.6655578613281,287.8984069824219,294.66717529296875,297.2261657714844,285.4447631835937,1.0,0.5505224466323853,1.0,1.0,0.0,1.0,-2.8211381435394287,2.821131706237793,6.389263035089243e-06,2.174596309661865,0.915990114212036,0.915990114212036,0.0,157.60536193847656,145.0,26387.375,-0.0,2040.8612060546875,1.0,282.75811767578125,284.4834899902344,290.9850769042969,292.7792053222656,293.1499938964844,293.1499938964844,282.45001220703125,35036.51953125,36000.0,313.1499938964844,0.0,18000.0,1.0,0.0,0.0,0.0,1.0,0.7815701961517334,1.0,0.0,0.0,3.665830373764038,3.6658544540405273,8.966811719801626e-07,4.265924453735352,4.265914440155029,9.78592834144365e-06,0.0,0.0,-0.0,4899.1240234375,0.0,1543.6119384765625,1895.4371337890625,0.0,2304.24951171875,0.9081231951713562,1.0,0.0,3.0,1.0,0.0
12309480,297.1682434082031,297.1499938964844,293.1499938964844,0.0,-0.0,285.44805908203125,0.8352014422416687,0.3829691410064697,0.3476415276527405,297.2888488769531,297.1499938964844,293.1499938964844,0.0,-0.0,285.447998046875,0.8452798128128052,0.3986325263977051,0.3802798688411712,297.22003173828125,297.1499938964844,293.1499938964844,0.0,-0.0,285.44805908203125,0.8374435305595398,0.3865903913974762,0.2727141976356506,297.2502136230469,297.1499938964844,293.1499938964844,0.0,-0.0,285.4483947753906,0.7888992428779602,0.3210621178150177,0.3074052333831787,297.1976623535156,297.1499938964844,293.1499938964844,0.0,-0.0,285.44921875,0.7071859240531921,0.2277471870183944,1.041686773300171,285.44793701171875,284.95001220703125,294.6655578613281,287.8984069824219,294.66717529296875,297.2261657714844,285.4447631835937,1.0,0.5505224466323853,1.0,1.0,0.0,1.0,-2.8211381435394287,2.821131706237793,6.389263035089243e-06,2.174596309661865,0.915990114212036,0.915990114212036,0.0,157.60536193847656,145.0,26387.375,-0.0,2040.8612060546875,1.0,282.75811767578125,284.4834899902344,290.9850769042969,292.7792053222656,293.1499938964844,293.1499938964844,282.45001220703125,35036.51953125,36000.0,313.1499938964844,0.0,18000.0,1.0,0.0,0.0,0.0,1.0,0.7815701961517334,1.0,0.0,0.0,3.665830373764038,3.6658544540405273,8.966811719801626e-07,4.265924453735352,4.265914440155029,9.78592834144365e-06,0.0,0.0,-0.0,4899.1240234375,0.0,1543.6119384765625,1895.4371337890625,0.0,2304.24951171875,0.9081231951713562,1.0,0.0,3.0,1.0,0.0
12309540,297.1422119140625,297.1499938964844,293.1499938964844,0.0,-0.0,285.18389892578125,0.83882075548172,0.380567193031311,0.3455274701118469,297.2697448730469,297.1499938964844,293.1499938964844,0.0,-0.0,285.1838073730469,0.8505950570106506,0.3984612822532654,0.3801479637622833,297.197998046875,297.1499938964844,293.1499938964844,0.0,-0.0,285.1838684082031,0.8418297171592712,0.3852510452270508,0.2718136310577392,297.233154296875,297.1499938964844,293.1499938964844,0.0,-0.0,285.1842041015625,0.7939371466636658,0.3206087648868561,0.3069901168346405,297.1829833984375,297.1499938964844,293.1499938964844,0.0,-0.0,285.1850891113281,0.711143970489502,0.2268691509962082,1.0377497673034668,285.1837463378906,284.95001220703125,294.5843505859375,287.8715515136719,294.5859680175781,297.2089538574219,285.18048095703125,1.0,0.5464215278625488,1.0,1.0,0.0,1.0,-2.812134027481079,2.812127590179444,6.348732313199434e-06,2.1677420139312744,0.9169788360595704,0.9169788360595704,0.0,153.17237854003906,133.0,26825.49609375,-0.0,2004.902587890625,1.0,282.4579772949219,284.2004699707031,290.9364624023437,292.7685852050781,293.1499938964844,293.1499938964844,282.1499938964844,35383.4765625,36000.0,313.1499938964844,0.0,18000.0,1.0,0.0,0.0,0.0,1.0,0.7981942892074585,1.0,0.0,0.0,3.689741849899292,3.68976616859436,9.08417064238165e-07,4.265924453735352,4.265914440155029,9.78592834144365e-06,0.0,0.0,-0.0,4931.5478515625,0.0,1573.17138671875,1895.4371337890625,0.0,2454.927490234375,0.9137184023857116,1.0,0.0,3.0,1.0,0.0
12309600,297.1422119140625,297.1499938964844,293.1499938964844,0.0,-0.0,285.18389892578125,0.83882075548172,0.380567193031311,0.3455274701118469,297.2697448730469,297.1499938964844,293.1499938964844,0.0,-0.0,285.1838073730469,0.8505950570106506,0.3984612822532654,0.3801479637622833,297.197998046875,297.1499938964844,293.1499938964844,0.0,-0.0,285.1838684082031,0.8418297171592712,0.3852510452270508,0.2718136310577392,297.233154296875,297.1499938964844,293.1499938964844,0.0,-0.0,285.1842041015625,0.7939371466636658,0.3206087648868561,0.3069901168346405,297.1829833984375,297.1499938964844,293.1499938964844,0.0,-0.0,285.1850891113281,0.711143970489502,0.2268691509962082,1.0377497673034668,285.1837463378906,284.95001220703125,294.5843505859375,287.8715515136719,294.5859680175781,297.2089538574219,285.18048095703125,1.0,0.5464215278625488,1.0,1.0,0.0,1.0,-2.812134027481079,2.812127590179444,6.348732313199434e-06,2.1677420139312744,0.9169788360595704,0.9169788360595704,0.0,153.17237854003906,133.0,26825.49609375,-0.0,2004.902587890625,1.0,282.4579772949219,284.2004699707031,290.9364624023437,292.7685852050781,293.1499938964844,293.1499938964844,282.1499938964844,35383.4765625,36000.0,313.1499938964844,0.0,18000.0,1.0,0.0,0.0,0.0,1.0,0.7981942892074585,1.0,0.0,0.0,3.689741849899292,3.68976616859436,9.08417064238165e-07,4.265924453735352,4.265914440155029,9.78592834144365e-06,0.0,0.0,-0.0,4931.5478515625,0.0,1573.17138671875,1895.4371337890625,0.0,2454.927490234375,0.9137184023857116,1.0,0.0,3.0,1.0,0.0
12309660,297.1159973144531,297.1499938964844,293.1499938964844,0.0,-0.0,284.9422302246094,0.8456352353096008,0.3778107464313507,0.3428712785243988,297.2485656738281,297.1499938964844,293.1499938964844,0.0,-0.0,284.942138671875,0.8593037724494934,0.397834837436676,0.3793833255767822,297.17431640625,297.1499938964844,293.1499938964844,0.0,-0.0,284.94219970703125,0.8494349718093872,0.3834608495235443,0.2704370319843292,297.2140808105469,297.1499938964844,293.1499938964844,0.0,-0.0,284.9425048828125,0.8021483421325684,0.3197301030158996,0.3059830665588379,297.16607666015625,297.1499938964844,293.1499938964844,0.0,-0.0,284.9432678222656,0.7174514532089233,0.2255726605653762,1.0311026573181152,284.94207763671875,284.95001220703125,294.5028076171875,287.84454345703125,294.5044250488281,297.189453125,284.9392395019531,1.0,0.5399474501609802,1.0,1.0,0.0,1.0,-2.797172784805298,2.797166585922241,6.281371952354675e-06,2.156215190887451,0.9148930907249452,0.9148930907249452,0.0,146.11285400390625,121.0,27364.498046875,-0.0,1947.0982666015625,1.0,282.1578674316406,283.929443359375,290.884765625,292.7456359863281,293.1499938964844,293.1499938964844,281.8500061035156,35726.8046875,36000.0,313.1499938964844,0.0,18000.0,1.0,0.0,0.0,0.0,1.0,0.8092362880706787,1.0,0.0,0.0,3.70076584815979,3.7007901668548575,9.138533414443372e-07,4.265924453735352,4.265914440155029,9.78592834144365e-06,0.0,0.0,-0.0,4969.4541015625,0.0,1588.312255859375,1895.4371337890625,0.0,2556.161865234375,0.9164238572120668,1.0,0.0,3.0,1.0,0.0
12309720,297.1159973144531,297.1499938964844,293.1499938964844,0.0,-0.0,284.9422302246094,0.8456352353096008,0.3778107464313507,0.3428712785243988,297.2485656738281,297.1499938964844,293.1499938964844,0.0,-0.0,284.942138671875,0.8593037724494934,0.397834837436676,0.3793833255767822,297.17431640625,297.1499938964844,293.1499938964844,0.0,-0.0,284.94219970703125,0.8494349718093872,0.3834608495235443,0.2704370319843292,297.2140808105469,297.1499938964844,293.1499938964844,0.0,-0.0,284.9425048828125,0.8021483421325684,0.3197301030158996,0.3059830665588379,297.16607666015625,297.1499938964844,293.1499938964844,0.0,-0.0,284.9432678222656,0.7174514532089233,0.2255726605653762,1.0311026573181152,284.94207763671875,284.95001220703125,294.5028076171875,287.84454345703125,294.5044250488281,297.189453125,284.9392395019531,1.0,0.5399474501609802,1.0,1.0,0.0,1.0,-2.797172784805298,2.797166585922241,6.281371952354675e-06,2.156215190887451,0.9148930907249452,0.9148930907249452,0.0,146.11285400390625,121.0,27364.498046875,-0.0,1947.0982666015625,1.0,282.1578674316406,283.929443359375,290.884765625,292.7456359863281,293.1499938964844,293.1499938964844,281.8500061035156,35726.8046875,36000.0,313.1499938964844,0.0,18000.0,1.0,0.0,0.0,0.0,1.0,0.8092362880706787,1.0,0.0,0.0,3.70076584815979,3.7007901668548575,9.138533414443372e-07,4.265924453735352,4.265914440155029,9.78592834144365e-06,0.0,0.0,-0.0,4969.4541015625,0.0,1588.312255859375,1895.4371337890625,0.0,2556.161865234375,0.9164238572120668,1.0,0.0,3.0,1.0,0.0
12309780,297.0922546386719,297.1499938964844,293.1499938964844,0.0,-0.0,284.7138671875,0.8558197617530823,0.374972939491272,0.3400517702102661,297.228271484375,297.1499938964844,293.1499938964844,0.0,-0.0,284.7137756347656,0.8715814352035522,0.3970263004302978,0.3783415555953979,297.1521301269531,297.1499938964844,293.1499938964844,0.0,-0.0,284.7138366699219,0.8604558110237122,0.3815191388130188,0.2688754200935364,297.1956787109375,297.1499938964844,293.1499938964844,0.0,-0.0,284.714111328125,0.8132704496383667,0.3186775147914886,0.3047070801258087,297.14947509765625,297.1499938964844,293.1499938964844,0.0,-0.0,284.71484375,0.7259644865989685,0.2240940183401107,1.0231313705444336,284.7137145996094,284.95001220703125,294.4211120605469,287.8174133300781,294.4227905273437,297.1707763671875,284.7109375,1.0,0.53196781873703,1.0,1.0,0.0,1.0,-2.77954363822937,2.779537439346313,6.2023855207371525e-06,2.1425981521606445,0.9098998308181764,0.9098998308181764,0.0,137.2644805908203,109.0,27939.244140625,-0.0,1877.2183837890625,1.0,281.8578491210937,283.6669616699219,290.8472595214844,292.7389831542969,293.1499938964844,293.1499938964844,281.54998779296875,36065.07421875,36000.0,313.1499938964844,0.0,18000.0,1.0,0.0,0.0,0.0,1.0,0.818196177482605,1.0,0.0,0.0,3.6992907524108887,3.699315309524536,9.131250067184736e-07,4.265924453735352,4.265914440155029,9.78592834144365e-06,0.0,0.0,-0.0,5014.33984375,0.0,1589.195068359375,1895.4371337890625,0.0,2638.865966796875,0.9163219928741456,1.0,0.0,3.0,1.0,0.0
12309840,297.0922546386719,297.1499938964844,293.1499938964844,0.0,-0.0,284.7138671875,0.8558197617530823,0.374972939491272,0.3400517702102661,297.228271484375,297.1499938964844,293.1499938964844,0.0,-0.0,284.7137756347656,0.8715814352035522,0.3970263004302978,0.3783415555953979,297.1521301269531,297.1499938964844,293.1499938964844,0.0,-0.0,284.7138366699219,0.8604558110237122,0.3815191388130188,0.2688754200935364,297.1956787109375,297.1499938964844,293.1499938964844,0.0,-0.0,284.714111328125,0.8132704496383667,0.3186775147914886,0.3047070801258087,297.14947509765625,297.1499938964844,293.1499938964844,0.0,-0.0,284.71484375,0.7259644865989685,0.2240940183401107,1.0231313705444336,284.7137145996094,284.95001220703125,294.4211120605469,287.8174133300781,294.4227905273437,297.1707763671875,284.7109375,1.0,0.53196781873703,1.0,1.0,0.0,1.0,-2.77954363822937,2.779537439346313,6.2023855207371525e-06,2.1425981521606445,0.9098998308181764,0.9098998308181764,0.0,137.2644805908203,109.0,27939.244140625,-0.0,1877.2183837890625,1.0,281.8578491210937,283.6669616699219,290.8472595214844,292.7389831542969,293.1499938964844,293.1499938964844,281.54998779296875,36065.07421875,36000.0,313.1499938964844,0.0,18000.0,1.0,0.0,0.0,0.0,1.0,0.818196177482605,1.0,0.0,0.0,3.6992907524108887,3.699315309524536,9.131250067184736e-07,4.265924453735352,4.265914440155029,9.78592834144365e-06,0.0,0.0,-0.0,5014.33984375,0.0,1589.195068359375,1895.4371337890625,0.0,2638.865966796875,0.9163219928741456,1.0,0.0,3.0,1.0,0.0
12309900,297.0813293457031,297.1499938964844,293.1499938964844,0.0,-0.0,284.55474853515625,0.8623300194740295,0.3735376298427582,0.3386447131633758,297.2186889648437,297.1499938964844,293.1499938964844,0.0,-0.0,284.5544128417969,0.879200279712677,0.3965817987918854,0.3777848482131958,297.14178466796875,297.1499938964844,293.1499938964844,0.0,-0.0,284.5546264648437,0.867405891418457,0.3805189132690429,0.2680784463882446,297.1869812011719,297.1499938964844,293.1499938964844,0.0,-0.0,284.5557556152344,0.8197445273399353,0.3181153535842895,0.3040311932563782,297.1416015625,297.1499938964844,293.1499938964844,0.0,-0.0,284.5587463378906,0.7311521172523499,0.2233213633298874,1.0189355611801147,284.5542297363281,284.95001220703125,294.3803100585937,287.8038024902344,294.3819580078125,297.1620483398437,284.5436706542969,1.0,0.5275967121124268,1.0,1.0,0.0,1.0,-2.770371437072754,2.7703654766082764,6.161476449051406e-06,2.1355080604553223,0.9057148098945618,0.9057148098945618,0.0,132.357666015625,109.0,28618.65625,-0.0,1839.7589111328125,1.0,281.6000366210937,283.47100830078125,290.86053466796875,292.8374328613281,293.1499938964844,293.1499938964844,281.54998779296875,36250.984375,36000.0,313.1499938964844,0.0,18000.0,1.0,0.0,0.0,0.0,1.0,0.8251628279685974,1.0,0.0,0.0,3.6939175128936768,3.693942070007324,9.104742844101564e-07,4.265924453735352,4.265914440155029,9.78592834144365e-06,0.0,0.0,-0.0,4849.51123046875,0.0,1584.4805908203125,1895.4371337890625,0.0,2703.46435546875,0.915209174156189,1.0,0.0,3.0,1.0,0.0
12309960,297.070556640625,297.1499938964844,293.1499938964844,0.0,-0.0,284.49237060546875,0.8694881796836853,0.3720438480377197,0.3371114134788513,297.2091064453125,297.1499938964844,293.1499938964844,0.0,-0.0,284.4922790527344,0.8875134587287903,0.3960753977298736,0.3771170675754547,297.13153076171875,297.1499938964844,293.1499938964844,0.0,-0.0,284.4923400878906,0.8750369548797607,0.379458487033844,0.2671961486339569,297.1783447265625,297.1499938964844,293.1499938964844,0.0,-0.0,284.4926147460937,0.8266255259513855,0.3175004720687866,0.3032633364200592,297.13385009765625,297.1499938964844,293.1499938964844,0.0,-0.0,284.4933166503906,0.7367938756942749,0.2225060164928436,1.014408826828003,284.49224853515625,284.95001220703125,294.3395080566406,287.7901611328125,294.3411865234375,297.1532592773437,284.4896545410156,1.0,0.5230032801628113,1.0,1.0,0.0,1.0,-2.760303497314453,2.7602972984313965,6.116732492955634e-06,2.127728223800659,0.9019938111305236,0.9019938111305236,0.0,127.32984161376952,97.0,28560.6328125,-0.0,1800.5968017578125,1.0,281.5579528808594,283.4140319824219,290.8182983398437,292.7442932128906,293.1499938964844,293.1499938964844,281.25,36410.609375,36000.0,313.1499938964844,0.0,18000.0,1.0,0.0,0.0,0.0,1.0,0.8268588781356812,1.0,0.0,0.0,3.684966325759888,3.684990644454956,9.060670436156216e-07,4.265924453735352,4.265914440155029,9.78592834144365e-06,0.0,0.0,-0.0,5065.08740234375,0.0,1575.52099609375,1895.4371337890625,0.0,2719.224609375,0.9133488535881042,1.0,0.0,3.0,1.0,0.0
12310020,297.0509948730469,297.1499938964844,293.1499938964844,0.0,-0.0,284.2787170410156,0.8872028589248657,0.3690556585788727,0.334090918302536,297.1913452148437,297.1499938964844,293.1499938964844,0.0,-0.0,284.27862548828125,0.9076361656188964,0.3950229287147522,0.3757660090923309,297.1127319335937,297.1499938964844,293.1499938964844,0.0,-0.0,284.2786865234375,0.8937040567398071,0.3773208558559418,0.2654394507408142,297.1623840332031,297.1499938964844,293.1499938964844,0.0,-0.0,284.2789306640625,0.843153178691864,0.3162411451339721,0.3017102181911468,297.11962890625,297.1499938964844,293.1499938964844,0.0,-0.0,284.2796325683594,0.7507040500640869,0.2208601385354995,1.0052639245986938,284.2785949707031,284.95001220703125,294.2581787109375,287.7628479003906,294.25982666015625,297.1370544433594,284.276123046875,1.0,0.5133671760559082,1.0,1.0,0.0,1.0,-2.7400827407836914,2.740076780319214,6.027349627402145e-06,2.1120967864990234,0.891312301158905,0.891312301158905,0.0,116.73311614990234,85.0,29226.77734375,-0.0,1720.42919921875,1.0,281.258056640625,283.1714172363281,290.79443359375,292.759765625,293.1499938964844,293.1499938964844,281.54998779296875,36769.796875,36000.0,313.1499938964844,0.0,18000.0,1.0,0.0,0.0,0.0,1.0,0.8362547159194946,1.0,0.0,0.0,3.657324314117432,3.657348394393921,8.925246675062226e-07,4.265924453735352,4.265914440155029,9.78592834144365e-06,0.0,0.0,-0.0,4576.8759765625,0.0,1547.103759765625,1895.4371337890625,0.0,2806.74365234375,0.9074129462242126,1.0,0.0,3.0,1.0,0.0
12310080,297.0509948730469,297.1499938964844,293.1499938964844,0.0,-0.0,284.2787170410156,0.8872028589248657,0.3690556585788727,0.334090918302536,297.1913452148437,297.1499938964844,293.1499938964844,0.0,-0.0,284.27862548828125,0.9076361656188964,0.3950229287147522,0.3757660090923309,297.1127319335937,297.1499938964844,293.1499938964844,0.0,-0.0,284.2786865234375,0.8937040567398071,0.3773208558559418,0.2654394507408142,297.1623840332031,297.1499938964844,293.1499938964844,0.0,-0.0,284.2789306640625,0.843153178691864,0.3162411451339721,0.3017102181911468,297.11962890625,297.1499938964844,293.1499938964844,0.0,-0.0,284.2796325683594,0.7507040500640869,0.2208601385354995,1.0052639245986938,284.2785949707031,284.95001220703125,294.2581787109375,287.7628479003906,294.25982666015625,297.1370544433594,284.276123046875,1.0,0.5133671760559082,1.0,1.0,0.0,1.0,-2.7400827407836914,2.740076780319214,6.027349627402145e-06,2.1120967864990234,0.891312301158905,0.891312301158905,0.0,116.73311614990234,85.0,29226.77734375,-0.0,1720.42919921875,1.0,281.258056640625,283.1714172363281,290.79443359375,292.759765625,293.1499938964844,293.1499938964844,281.54998779296875,36769.796875,36000.0,313.1499938964844,0.0,18000.0,1.0,0.0,0.0,0.0,1.0,0.8362547159194946,1.0,0.0,0.0,3.657324314117432,3.657348394393921,8.925246675062226e-07,4.265924453735352,4.265914440155029,9.78592834144365e-06,0.0,0.0,-0.0,4576.8759765625,0.0,1547.103759765625,1895.4371337890625,0.0,2806.74365234375,0.9074129462242126,1.0,0.0,3.0,1.0,0.0
12310140,297.0516357421875,297.1499938964844,293.1499938964844,0.0,-0.0,284.4361572265625,0.914516031742096,0.3678396344184875,0.3320448398590088,297.1888122558594,297.1499938964844,293.1499938964844,0.0,-0.0,284.43621826171875,0.9397273659706116,0.3952704668045044,0.375120460987091,297.11114501953125,297.1499938964844,293.1499938964844,0.0,-0.0,284.4361877441406,0.9226855635643004,0.3766641020774841,0.2642951905727386,297.1593322753906,297.1499938964844,293.1499938964844,0.0,-0.0,284.4360656738281,0.8679972290992737,0.3160715699195862,0.3007364571094513,297.1155700683594,297.1499938964844,293.1499938964844,0.0,-0.0,284.4357604980469,0.7720860242843628,0.2200471609830856,0.9981405735015868,284.43621826171875,284.95001220703125,294.1772766113281,287.7354736328125,294.1789245605469,297.1335144042969,284.4371337890625,1.0,0.5035831928253174,1.0,1.0,0.0,1.0,-2.72572922706604,2.7257232666015625,5.964003776171012e-06,2.100860595703125,0.885737419128418,0.885737419128418,0.0,104.87377166748048,73.0,27939.25,-0.0,1644.055419921875,1.0,281.5421142578125,283.3795166015625,290.6467590332031,292.4693603515625,293.1499938964844,293.1499938964844,281.8500061035156,36748.4921875,36000.0,313.1499938964844,0.0,18000.0,1.0,0.0,0.0,0.0,1.0,0.8137141466140747,1.0,0.0,0.0,3.62866735458374,3.6286911964416495,8.785926866039517e-07,4.265924453735352,4.265914440155029,9.78592834144365e-06,0.0,0.0,-0.0,4440.5283203125,0.0,1515.131591796875,1895.4371337890625,0.0,2597.43798828125,0.9010350108146667,1.0,0.0,3.0,1.0,0.0
12310200,297.0516357421875,297.1499938964844,293.1499938964844,0.0,-0.0,284.4361572265625,0.914516031742096,0.3678396344184875,0.3320448398590088,297.1888122558594,297.1499938964844,293.1499938964844,0.0,-0.0,284.43621826171875,0.9397273659706116,0.3952704668045044,0.375120460987091,297.11114501953125,297.1499938964844,293.1499938964844,0.0,-0.0,284.4361877441406,0.9226855635643004,0.3766641020774841,0.2642951905727386,297.1593322753906,297.1499938964844,293.1499938964844,0.0,-0.0,284.4360656738281,0.8679972290992737,0.3160715699195862,0.3007364571094513,297.1155700683594,297.1499938964844,293.1499938964844,0.0,-0.0,284.4357604980469,0.7720860242843628,0.2200471609830856,0.9981405735015868,284.43621826171875,284.95001220703125,294.1772766113281,287.7354736328125,294.1789245605469,297.1335144042969,284.4371337890625,1.0,0.5035831928253174,1.0,1.0,0.0,1.0,-2.72572922706604,2.7257232666015625,5.964003776171012e-06,2.100860595703125,0.885737419128418,0.885737419128418,0.0,104.87377166748048,73.0,27939.25,-0.0,1644.055419921875,1.0,281.5421142578125,283.3795166015625,290.6467590332031,292.4693603515625,293.1499938964844,293.1499938964844,281.8500061035156,36748.4921875,36000.0,313.1499938964844,0.0,18000.0,1.0,0.0,0.0,0.0,1.0,0.8137141466140747,1.0,0.0,0.0,3.62866735458374,3.6286911964416495,8.785926866039517e-07,4.265924453735352,4.265914440155029,9.78592834144365e-06,0.0,0.0,-0.0,4440.5283203125,0.0,1515.131591796875,1895.4371337890625,0.0,2597.43798828125,0.9010350108146667,1.0,0.0,3.0,1.0,0.0
12310260,297.0668334960937,297.1499938964844,293.1499938964844,0.0,-0.0,284.6196594238281,0.9609112739562988,0.3681228458881378,0.3315493464469909,297.1992492675781,297.1499938964844,293.1499938964844,0.0,-0.0,284.61968994140625,0.9836370944976808,0.3968088626861572,0.3758032023906708,297.12384033203125,297.1499938964844,293.1499938964844,0.0,-0.0,284.6196594238281,0.9688772559165956,0.3774483203887939,0.2642529606819153,297.1681823730469,297.1499938964844,293.1499938964844,0.0,-0.0,284.6195068359375,0.908558189868927,0.3170760571956634,0.3009316921234131,297.12176513671875,297.1499938964844,293.1499938964844,0.0,-0.0,284.6190490722656,0.8071351647377014,0.2202299982309341,0.9955326914787292,284.6197204589844,285.01568603515625,294.0970153808594,287.7080993652344,294.0986633300781,297.1419677734375,284.6211242675781,1.0,0.4943990409374237,1.0,1.0,0.0,1.0,-2.722995519638061,2.722989559173584,5.9519329624890815e-06,2.0986998081207275,0.8816712498664856,0.8816712498664856,0.0,91.75664520263672,91.0,26752.7890625,-0.0,1579.192626953125,1.0,281.8414611816406,283.61187744140625,290.58990478515625,292.31378173828125,293.1499938964844,293.1499938964844,282.1499938964844,36649.68359375,36000.0,313.1499938964844,0.0,18000.0,1.0,0.0,0.0,0.0,1.0,0.7858126163482666,1.0,0.0,0.0,3.604472160339356,3.604495763778688,8.669152862239571e-07,4.265924453735352,4.265914440155029,9.78592834144365e-06,0.0,0.0,-0.0,4350.27880859375,0.0,1487.9044189453125,1895.4371337890625,0.0,2342.48193359375,0.8955627083778381,1.0,0.0,3.0,1.0,0.0
12310320,297.0668334960937,297.1499938964844,293.1499938964844,0.0,-0.0,284.6196594238281,0.9609112739562988,0.3681228458881378,0.3315493464469909,297.1992492675781,297.1499938964844,293.1499938964844,0.0,-0.0,284.61968994140625,0.9836370944976808,0.3968088626861572,0.3758032023906708,297.12384033203125,297.1499938964844,293.1499938964844,0.0,-0.0,284.6196594238281,0.9688772559165956,0.3774483203887939,0.2642529606819153,297.1681823730469,297.1499938964844,293.1499938964844,0.0,-0.0,284.6195068359375,0.908558189868927,0.3170760571956634,0.3009316921234131,297.12176513671875,297.1499938964844,293.1499938964844,0.0,-0.0,284.6190490722656,0.8071351647377014,0.2202299982309341,0.9955326914787292,284.6197204589844,285.01568603515625,294.0970153808594,287.7080993652344,294.0986633300781,297.1419677734375,284.6211242675781,1.0,0.4943990409374237,1.0,1.0,0.0,1.0,-2.722995519638061,2.722989559173584,5.9519329624890815e-06,2.0986998081207275,0.8816712498664856,0.8816712498664856,0.0,91.75664520263672,91.0,26752.7890625,-0.0,1579.192626953125,1.0,281.8414611816406,283.61187744140625,290.58990478515625,292.31378173828125,293.1499938964844,293.1499938964844,282.1499938964844,36649.68359375,36000.0,313.1499938964844,0.0,18000.0,1.0,0.0,0.0,0.0,1.0,0.7858126163482666,1.0,0.0,0.0,3.604472160339356,3.604495763778688,8.669152862239571e-07,4.265924453735352,4.265914440155029,9.78592834144365e-06,0.0,0.0,-0.0,4350.27880859375,0.0,1487.9044189453125,1895.4371337890625,0.0,2342.48193359375,0.8955627083778381,1.0,0.0,3.0,1.0,0.0
12310380,297.08673095703125,297.1499938964844,293.1499938964844,0.0,-0.0,284.8154296875,0.9692848324775696,0.3690837025642395,0.3322129845619201,297.2148132324219,297.1499938964844,293.1499938964844,0.0,-0.0,284.81549072265625,0.9914029836654664,0.3990074396133423,0.3776635229587555,297.142333984375,297.1499938964844,293.1499938964844,0.0,-0.0,284.8154296875,0.9772449731826782,0.378985196352005,0.2651551365852356,297.1824035644531,297.1499938964844,293.1499938964844,0.0,-0.0,284.8152770996094,0.9182730317115784,0.3187429904937744,0.3022921681404114,297.1330871582031,297.1499938964844,293.1499938964844,0.0,-0.0,284.8147888183594,0.8141326904296875,0.2210172414779663,0.9981133937835692,284.81549072265625,285.1141662597656,294.0176086425781,287.6806945800781,294.01922607421875,297.15594482421875,284.8171081542969,1.0,0.4952866733074188,1.0,1.0,0.0,1.0,-2.7318379878997803,2.7318320274353027,5.9906246860919055e-06,2.105502128601074,0.8786328434944153,0.8786328434944153,0.0,90.08700561523438,109.0,25768.279296875,-0.0,1584.1026611328125,1.0,282.1412658691406,283.8560791015625,290.5766906738281,292.2300109863281,293.1499938964844,293.1499938964844,282.45001220703125,36541.5390625,36000.0,313.1499938964844,0.0,18000.0,1.0,0.0,0.0,0.0,1.0,0.7614052295684814,1.0,0.0,0.0,3.583930492401123,3.583953857421875,8.570623890591378e-07,4.265924453735352,4.265914440155029,9.78592834144365e-06,0.0,0.0,-0.0,4283.84814453125,0.0,1464.876220703125,1895.4371337890625,0.0,2124.909423828125,0.8909094929695129,1.0,0.0,3.0,1.0,0.0
12310440,297.08673095703125,297.1499938964844,293.1499938964844,0.0,-0.0,284.8154296875,0.9692848324775696,0.3690837025642395,0.3322129845619201,297.2148132324219,297.1499938964844,293.1499938964844,0.0,-0.0,284.81549072265625,0.9914029836654664,0.3990074396133423,0.3776635229587555,297.142333984375,297.1499938964844,293.1499938964844,0.0,-0.0,284.8154296875,0.9772449731826782,0.378985196352005,0.2651551365852356,297.1824035644531,297.1499938964844,293.1499938964844,0.0,-0.0,284.8152770996094,0.9182730317115784,0.3187429904937744,0.3022921681404114,297.1330871582031,297.1499938964844,293.1499938964844,0.0,-0.0,284.8147888183594,0.8141326904296875,0.2210172414779663,0.9981133937835692,284.81549072265625,285.1141662597656,294.0176086425781,287.6806945800781,294.01922607421875,297.15594482421875,284.8171081542969,1.0,0.4952866733074188,1.0,1.0,0.0,1.0,-2.7318379878997803,2.7318320274353027,5.9906246860919055e-06,2.105502128601074,0.8786328434944153,0.8786328434944153,0.0,90.08700561523438,109.0,25768.279296875,-0.0,1584.1026611328125,1.0,282.1412658691406,283.8560791015625,290.5766906738281,292.2300109863281,293.1499938964844,293.1499938964844,282.45001220703125,36541.5390625,36000.0,313.1499938964844,0.0,18000.0,1.0,0.0,0.0,0.0,1.0,0.7614052295684814,1.0,0.0,0.0,3.583930492401123,3.583953857421875,8.570623890591378e-07,4.265924453735352,4.265914440155029,9.78592834144365e-06,0.0,0.0,-0.0,4283.84814453125,0.0,1464.876220703125,1895.4371337890625,0.0,2124.909423828125,0.8909094929695129,1.0,0.0,3.0,1.0,0.0
12310500,297.09674072265625,297.1499938964844,293.1499938964844,0.0,-0.0,284.9591979980469,0.9616641998291016,0.3696612417697906,0.3327467441558838,297.2229919433594,297.1499938964844,293.1499938964844,0.0,-0.0,284.9596252441406,0.9855016469955444,0.4002186357975006,0.3788278698921203,297.1519470214844,297.1499938964844,293.1499938964844,0.0,-0.0,284.9593505859375,0.9702876806259156,0.3798786997795105,0.2657904624938965,297.19000244140625,297.1499938964844,293.1499938964844,0.0,-0.0,284.95831298828125,0.9106451272964478,0.3196942508220672,0.3032180666923523,297.13934326171875,297.1499938964844,293.1499938964844,0.0,-0.0,284.955322265625,0.8081362247467041,0.2215232253074646,1.0005617141723633,284.959716796875,285.1629333496094,293.978271484375,287.6670227050781,293.9798889160156,297.1634521484375,284.9696044921875,1.0,0.497974157333374,1.0,1.0,0.0,1.0,-2.738694906234741,2.738688707351685,6.0208367358427495e-06,2.110834836959839,0.8781764507293701,0.8781764507293701,0.0,92.43934631347656,109.0,24951.076171875,-0.0,1604.951416015625,1.0,282.39678955078125,284.0443725585937,290.54461669921875,292.1028137207031,293.1499938964844,293.1499938964844,282.45001220703125,36462.30078125,36000.0,313.1499938964844,0.0,18000.0,1.0,0.0,0.0,0.0,1.0,0.7483306527137756,1.0,0.0,0.0,3.575282096862793,3.575305461883545,8.529310093763343e-07,4.265924453735352,4.265914440155029,9.78592834144365e-06,0.0,0.0,-0.0,4401.16357421875,0.0,1455.00732421875,1895.4371337890625,0.0,2011.0267333984373,0.888965904712677,1.0,0.0,3.0,1.0,0.0
12310560,297.1070556640625,297.1499938964844,293.1499938964844,0.0,-0.0,285.0130310058594,0.9493728280067444,0.3703387081623077,0.3334828317165375,297.2315979003906,297.1499938964844,293.1499938964844,0.0,-0.0,285.0130920410156,0.9754762649536132,0.4015250205993652,0.3801811337471008,297.1619873046875,297.1499938964844,293.1499938964844,0.0,-0.0,285.0130615234375,0.9588034749031068,0.3808766305446625,0.2665760517120361,297.1980285644531,297.1499938964844,293.1499938964844,0.0,-0.0,285.0129089355469,0.8995806574821472,0.3207345306873321,0.3043186664581299,297.14599609375,297.1499938964844,293.1499938964844,0.0,-0.0,285.01239013671875,0.7985506653785706,0.2221082299947738,1.00373637676239,285.0131225585937,285.2113342285156,293.9392395019531,287.65338134765625,293.9408264160156,297.17156982421875,285.0147705078125,1.0,0.5017763376235962,1.0,1.0,0.0,1.0,-2.7472853660583496,2.747279405593872,6.058790404495085e-06,2.117513656616211,0.876954197883606,0.876954197883606,0.0,96.16065216064452,127.0,24835.69921875,-0.0,1634.83837890625,1.0,282.4411926269531,284.1010131835937,290.5711669921875,292.1669616699219,293.1499938964844,293.1499938964844,282.75,36405.796875,36000.0,313.1499938964844,0.0,18000.0,1.0,0.0,0.0,0.0,1.0,0.7417691946029663,1.0,0.0,0.0,3.5684213638305664,3.5684447288513184,8.496607506458531e-07,4.265924453735352,4.265914440155029,9.78592834144365e-06,0.0,0.0,-0.0,4223.79345703125,0.0,1447.256591796875,1895.4371337890625,0.0,1954.6771240234373,0.8873569369316101,1.0,0.0,3.0,1.0,0.0
12310620,297.12811279296875,297.1499938964844,293.1499938964844,0.0,-0.0,285.2395324707031,0.9163523316383362,0.371926873922348,0.3351872563362121,297.2492980957031,297.1499938964844,293.1499938964844,0.0,-0.0,285.2396240234375,0.9458117485046388,0.4043508768081665,0.3831478357315063,297.1824951171875,297.1499938964844,293.1499938964844,0.0,-0.0,285.23956298828125,0.9266672730445862,0.383104532957077,0.2683474719524383,297.2144775390625,297.1499938964844,293.1499938964844,0.0,-0.0,285.2393798828125,0.8725963830947876,0.3230071365833282,0.3067778944969177,297.15966796875,297.1499938964844,293.1499938964844,0.0,-0.0,285.2388000488281,0.7744168639183044,0.2234422713518142,1.0112781524658203,285.2396240234375,285.3070068359375,293.8620910644531,287.6261291503906,293.8636474609375,297.1880798339844,285.2415466308594,1.0,0.5117391347885132,1.0,1.0,0.0,1.0,-2.767043113708496,2.7670369148254395,6.1465475482691545e-06,2.132880687713623,0.8772605061531067,0.8772605061531067,0.0,106.84624481201172,145.0,24136.7109375,-0.0,1714.2911376953125,1.0,282.740966796875,284.3576354980469,290.56353759765625,292.1146850585937,293.1499938964844,293.1499938964844,283.04998779296875,36220.98828125,36000.0,313.1499938964844,0.0,18000.0,1.0,0.0,0.0,0.0,1.0,0.7259393930435181,1.0,0.0,0.0,3.559659481048584,3.559682607650757,8.454933890789107e-07,4.265924453735352,4.265914440155029,9.78592834144365e-06,0.0,0.0,-0.0,4175.296875,0.0,1436.5762939453125,1895.4371337890625,0.0,1821.16357421875,0.8852741718292236,1.0,0.0,3.0,1.0,0.0
12310680,297.12811279296875,297.1499938964844,293.1499938964844,0.0,-0.0,285.2395324707031,0.9163523316383362,0.371926873922348,0.3351872563362121,297.2492980957031,297.1499938964844,293.1499938964844,0.0,-0.0,285.2396240234375,0.9458117485046388,0.4043508768081665,0.3831478357315063,297.1824951171875,297.1499938964844,293.1499938964844,0.0,-0.0,285.23956298828125,0.9266672730445862,0.383104532957077,0.2683474719524383,297.2144775390625,297.1499938964844,293.1499938964844,0.0,-0.0,285.2393798828125,0.8725963830947876,0.3230071365833282,0.3067778944969177,297.15966796875,297.1499938964844,293.1499938964844,0.0,-0.0,285.2388000488281,0.7744168639183044,0.2234422713518142,1.0112781524658203,285.2396240234375,285.3070068359375,293.8620910644531,287.6261291503906,293.8636474609375,297.1880798339844,285.2415466308594,1.0,0.5117391347885132,1.0,1.0,0.0,1.0,-2.767043113708496,2.7670369148254395,6.1465475482691545e-06,2.132880687713623,0.8772605061531067,0.8772605061531067,0.0,106.84624481201172,145.0,24136.7109375,-0.0,1714.2911376953125,1.0,282.740966796875,284.3576354980469,290.56353759765625,292.1146850585937,293.1499938964844,293.1499938964844,283.04998779296875,36220.98828125,36000.0,313.1499938964844,0.0,18000.0,1.0,0.0,0.0,0.0,1.0,0.7259393930435181,1.0,0.0,0.0,3.559659481048584,3.559682607650757,8.454933890789107e-07,4.265924453735352,4.265914440155029,9.78592834144365e-06,0.0,0.0,-0.0,4175.296875,0.0,1436.5762939453125,1895.4371337890625,0.0,1821.16357421875,0.8852741718292236,1.0,0.0,3.0,1.0,0.0
12310740,297.1497497558594,297.1499938964844,293.1499938964844,0.0,-0.0,285.4686584472656,0.8860739469528198,0.373838722705841,0.3372998237609863,297.2675170898437,297.1499938964844,293.1499938964844,0.0,-0.0,285.46875,0.9126466512680054,0.4074536859989166,0.3865013420581817,297.20343017578125,297.1499938964844,293.1499938964844,0.0,-0.0,285.4686889648437,0.8953405022621155,0.3856358230113983,0.2704242169857025,297.2312927246094,297.1499938964844,293.1499938964844,0.0,-0.0,285.4684753417969,0.8465190529823303,0.3255273997783661,0.3095944225788116,297.1737365722656,297.1499938964844,293.1499938964844,0.0,-0.0,285.4679260253906,0.7510917782783508,0.2249885350465774,1.0203421115875244,285.46875,285.4009094238281,293.786376953125,287.5990295410156,293.7878723144531,297.20465087890625,285.4706726074219,1.0,0.5238250494003296,1.0,1.0,0.0,1.0,-2.7903833389282227,2.790377140045166,6.251049853744917e-06,2.15104341506958,0.879414439201355,0.879414439201355,0.0,120.3875503540039,163.0,23480.181640625,-0.0,1813.93115234375,1.0,283.0409545898437,284.6141357421875,290.55126953125,292.0636901855469,293.1499938964844,293.1499938964844,283.1499938964844,36015.01171875,35280.0,313.1499938964844,0.0,18000.0,1.0,0.0,0.0,0.0,1.0,0.7131428718566895,1.0,0.0,0.0,3.558629512786865,3.558652639389038,8.450041377727757e-07,4.265924453735352,4.265914440155029,9.78592834144365e-06,0.0,0.0,-0.0,4268.82958984375,0.0,1433.97998046875,1895.4371337890625,0.0,1715.9776611328125,0.8828954696655273,1.0,0.0,3.0,1.0,0.0
12310800,297.1497497558594,297.1499938964844,293.1499938964844,0.0,-0.0,285.4686584472656,0.8860739469528198,0.373838722705841,0.3372998237609863,297.2675170898437,297.1499938964844,293.1499938964844,0.0,-0.0,285.46875,0.9126466512680054,0.4074536859989166,0.3865013420581817,297.20343017578125,297.1499938964844,293.1499938964844,0.0,-0.0,285.4686889648437,0.8953405022621155,0.3856358230113983,0.2704242169857025,297.2312927246094,297.1499938964844,293.1499938964844,0.0,-0.0,285.4684753417969,0.8465190529823303,0.3255273997783661,0.3095944225788116,297.1737365722656,297.1499938964844,293.1499938964844,0.0,-0.0,285.4679260253906,0.7510917782783508,0.2249885350465774,1.0203421115875244,285.46875,285.4009094238281,293.786376953125,287.5990295410156,293.7878723144531,297.20465087890625,285.4706726074219,1.0,0.5238250494003296,1.0,1.0,0.0,1.0,-2.7903833389282227,2.790377140045166,6.251049853744917e-06,2.15104341506958,0.879414439201355,0.879414439201355,0.0,120.3875503540039,163.0,23480.181640625,-0.0,1813.93115234375,1.0,283.0409545898437,284.6141357421875,290.55126953125,292.0636901855469,293.1499938964844,293.1499938964844,283.1499938964844,36015.01171875,35280.0,313.1499938964844,0.0,18000.0,1.0,0.0,0.0,0.0,1.0,0.7131428718566895,1.0,0.0,0.0,3.558629512786865,3.558652639389038,8.450041377727757e-07,4.265924453735352,4.265914440155029,9.78592834144365e-06,0.0,0.0,-0.0,4268.82958984375,0.0,1433.97998046875,1895.4371337890625,0.0,1715.9776611328125,0.8828954696655273,1.0,0.0,3.0,1.0,0.0
12310860,297.1634826660156,297.1499938964844,293.1499938964844,0.0,-0.0,285.5556335449219,0.8591933250427246,0.3752372562885284,0.3392820060253143,297.2798156738281,297.1499938964844,293.1499938964844,0.0,-0.0,285.5556640625,0.884729266166687,0.4101966619491577,0.3898014426231384,297.2177124023437,297.1499938964844,293.1499938964844,0.0,-0.0,285.5556335449219,0.8683497905731201,0.3877693712711334,0.2724500596523285,297.2431640625,297.1499938964844,293.1499938964844,0.0,-0.0,285.5555725097656,0.8233969807624817,0.3277667164802551,0.3123993575572967,297.1841735839844,297.1499938964844,293.1499938964844,0.0,-0.0,285.5553894042969,0.7305856943130493,0.2263504415750503,1.0295970439910889,285.5556640625,285.4927978515625,293.7122497558594,287.57208251953125,293.7137145996094,297.216552734375,285.55633544921875,1.0,0.5370228290557861,1.0,1.0,0.0,1.0,-2.813663959503174,2.813657760620117,6.356335688906256e-06,2.169238805770874,0.8803684711456299,0.8803684711456299,0.0,136.11228942871094,181.0,23233.888671875,-0.0,1925.5562744140625,1.0,283.14678955078125,284.713134765625,290.576416015625,292.10009765625,293.1499938964844,293.1499938964844,283.1499938964844,35575.9921875,34200.0,313.1499938964844,0.0,18000.0,1.0,0.0,0.0,0.0,1.0,0.7136862874031067,1.0,0.0,0.0,3.541684865951538,3.541707754135132,8.369762554139015e-07,4.265924453735352,4.265914440155029,9.78592834144365e-06,0.0,0.0,-0.0,4337.38818359375,0.0,1412.8900146484375,1895.4371337890625,0.0,1720.3909912109375,0.8774256706237793,1.0,0.0,3.0,1.0,0.0
12310920,297.1634826660156,297.1499938964844,293.1499938964844,0.0,-0.0,285.5556335449219,0.8591933250427246,0.3752372562885284,0.3392820060253143,297.2798156738281,297.1499938964844,293.1499938964844,0.0,-0.0,285.5556640625,0.884729266166687,0.4101966619491577,0.3898014426231384,297.2177124023437,297.1499938964844,293.1499938964844,0.0,-0.0,285.5556335449219,0.8683497905731201,0.3877693712711334,0.2724500596523285,297.2431640625,297.1499938964844,293.1499938964844,0.0,-0.0,285.5555725097656,0.8233969807624817,0.3277667164802551,0.3123993575572967,297.1841735839844,297.1499938964844,293.1499938964844,0.0,-0.0,285.5553894042969,0.7305856943130493,0.2263504415750503,1.0295970439910889,285.5556640625,285.4927978515625,293.7122497558594,287.57208251953125,293.7137145996094,297.216552734375,285.55633544921875,1.0,0.5370228290557861,1.0,1.0,0.0,1.0,-2.813663959503174,2.813657760620117,6.356335688906256e-06,2.169238805770874,0.8803684711456299,0.8803684711456299,0.0,136.11228942871094,181.0,23233.888671875,-0.0,1925.5562744140625,1.0,283.14678955078125,284.713134765625,290.576416015625,292.10009765625,293.1499938964844,293.1499938964844,283.1499938964844,35575.9921875,34200.0,313.1499938964844,0.0,18000.0,1.0,0.0,0.0,0.0,1.0,0.7136862874031067,1.0,0.0,0.0,3.541684865951538,3.541707754135132,8.369762554139015e-07,4.265924453735352,4.265914440155029,9.78592834144365e-06,0.0,0.0,-0.0,4337.38818359375,0.0,1412.8900146484375,1895.4371337890625,0.0,1720.3909912109375,0.8774256706237793,1.0,0.0,3.0,1.0,0.0
12310980,297.1668701171875,297.1499938964844,293.1499938964844,0.0,-0.0,285.5648193359375,0.8355241417884827,0.3757611215114593,0.3405722677707672,297.28369140625,297.1499938964844,293.1499938964844,0.0,-0.0,285.5648193359375,0.8600727915763855,0.412239134311676,0.392550528049469,297.22271728515625,297.1499938964844,293.1499938964844,0.0,-0.0,285.5648193359375,0.8444998264312744,0.3891414999961853,0.2740260064601898,297.2477111816406,297.1499938964844,293.1499938964844,0.0,-0.0,285.5648193359375,0.8012884259223938,0.3294153213500976,0.3147567808628082,297.188720703125,297.1499938964844,293.1499938964844,0.0,-0.0,285.5648193359375,0.7114959359169006,0.2272511571645736,1.037316918373108,285.5648193359375,285.5824584960937,293.63995361328125,287.5453796386719,293.6413879394531,297.2209777832031,285.5649108886719,1.0,0.5504540205001831,1.0,1.0,0.0,1.0,-2.8325297832489014,2.8325233459472656,6.442407538997941e-06,2.184032201766968,0.8796203136444092,0.8796203136444092,0.0,153.58152770996094,169.0,23163.603515625,-0.0,2040.1473388671875,1.0,283.14990234375,284.7284851074219,290.5791931152344,292.12255859375,293.1499938964844,293.1499938964844,283.1499938964844,34917.7265625,33120.0,313.1499938964844,0.0,18000.0,1.0,0.0,0.0,0.0,1.0,0.7213318943977356,1.0,0.0,0.0,3.5060741901397705,3.506096601486206,8.202297294701566e-07,4.265924453735352,4.265914440155029,9.78592834144365e-06,0.0,0.0,-0.0,4337.62451171875,0.0,1371.083251953125,1895.4371337890625,0.0,1782.9937744140625,0.8684380650520325,1.0,0.0,3.0,1.0,0.0
12311040,297.1668701171875,297.1499938964844,293.1499938964844,0.0,-0.0,285.5648193359375,0.8355241417884827,0.3757611215114593,0.3405722677707672,297.28369140625,297.1499938964844,293.1499938964844,0.0,-0.0,285.5648193359375,0.8600727915763855,0.412239134311676,0.392550528049469,297.22271728515625,297.1499938964844,293.1499938964844,0.0,-0.0,285.5648193359375,0.8444998264312744,0.3891414999961853,0.2740260064601898,297.2477111816406,297.1499938964844,293.1499938964844,0.0,-0.0,285.5648193359375,0.8012884259223938,0.3294153213500976,0.3147567808628082,297.188720703125,297.1499938964844,293.1499938964844,0.0,-0.0,285.5648193359375,0.7114959359169006,0.2272511571645736,1.037316918373108,285.5648193359375,285.5824584960937,293.63995361328125,287.5453796386719,293.6413879394531,297.2209777832031,285.5649108886719,1.0,0.5504540205001831,1.0,1.0,0.0,1.0,-2.8325297832489014,2.8325233459472656,6.442407538997941e-06,2.184032201766968,0.8796203136444092,0.8796203136444092,0.0,153.58152770996094,169.0,23163.603515625,-0.0,2040.1473388671875,1.0,283.14990234375,284.7284851074219,290.5791931152344,292.12255859375,293.1499938964844,293.1499938964844,283.1499938964844,34917.7265625,33120.0,313.1499938964844,0.0,18000.0,1.0,0.0,0.0,0.0,1.0,0.7213318943977356,1.0,0.0,0.0,3.5060741901397705,3.506096601486206,8.202297294701566e-07,4.265924453735352,4.265914440155029,9.78592834144365e-06,0.0,0.0,-0.0,4337.62451171875,0.0,1371.083251953125,1895.4371337890625,0.0,1782.9937744140625,0.8684380650520325,1.0,0.0,3.0,1.0,0.0
12311100,297.16632080078125,297.1499938964844,293.1499938964844,0.0,-0.0,285.56915283203125,0.8305776119232178,0.3758126497268677,0.3408164083957672,297.2834777832031,297.1499938964844,293.1499938964844,0.0,-0.0,285.5691833496094,0.8552193641662598,0.413065642118454,0.3935365080833435,297.2229309082031,297.1499938964844,293.1499938964844,0.0,-0.0,285.56915283203125,0.8397074341773987,0.3896237015724182,0.2745161950588226,297.2480773925781,297.1499938964844,293.1499938964844,0.0,-0.0,285.56915283203125,0.7965821027755737,0.3300687670707702,0.3155757784843445,297.1893310546875,297.1499938964844,293.1499938964844,0.0,-0.0,285.569091796875,0.7071920037269592,0.2275559306144714,1.0396236181259155,285.5691833496094,285.6263732910156,293.60455322265625,287.5321350097656,293.6059265136719,297.22119140625,285.5693359375,1.0,0.5532861948013306,1.0,1.0,0.0,1.0,-2.8383610248565674,2.838354587554932,6.469309482781682e-06,2.188686847686768,0.8788443207740784,0.8788443207740784,0.0,157.867919921875,169.0,23095.650390625,-0.0,2070.4736328125,1.0,283.1499938964844,284.7372741699219,290.5638427734375,292.10919189453125,293.1499938964844,293.1499938964844,283.1499938964844,34389.96875,33120.0,313.1499938964844,0.0,18000.0,1.0,0.0,0.0,0.0,1.0,0.7244659662246704,1.0,0.0,0.0,3.476167678833008,3.476189613342285,8.062963843258331e-07,4.265924453735352,4.265914440155029,9.78592834144365e-06,0.0,0.0,-0.0,4330.11669921875,0.0,1336.76171875,1895.4371337890625,0.0,1808.922119140625,0.8638355135917664,1.0,0.0,3.0,1.0,0.0
12311160,297.1652526855469,297.1499938964844,293.1499938964844,0.0,-0.0,285.5694580078125,0.828841507434845,0.3758129477500915,0.3408947587013244,297.2826232910156,297.1499938964844,293.1499938964844,0.0,-0.0,285.5694580078125,0.8538499474525452,0.413827508687973,0.3943406045436859,297.2225036621094,297.1499938964844,293.1499938964844,0.0,-0.0,285.5694580078125,0.8382126092910767,0.3900447189807892,0.2748725414276123,297.2478332519531,297.1499938964844,293.1499938964844,0.0,-0.0,285.5694580078125,0.795238733291626,0.3306666016578674,0.3162223994731903,297.1893920898437,297.1499938964844,293.1499938964844,0.0,-0.0,285.5694885253906,0.7058278322219849,0.2278130948543548,1.0411545038223269,285.5694580078125,285.66961669921875,293.5696716308594,287.5189514160156,293.571044921875,297.2208251953125,285.5694274902344,1.0,0.5546322464942932,1.0,1.0,0.0,1.0,-2.842469930648804,2.842463254928589,6.488270173576893e-06,2.191953659057617,0.8777463436126709,0.8777463436126709,0.0,159.49569702148438,157.0,23031.056640625,-0.0,2085.16552734375,1.0,283.1499938964844,284.740966796875,290.54351806640625,292.0881652832031,293.1499938964844,293.1499938964844,283.1499938964844,34142.5546875,32040.0,313.1499938964844,0.0,18000.0,1.0,0.0,0.0,0.0,1.0,0.7265833020210266,1.0,0.0,0.0,3.4589459896087646,3.458967924118042,7.983270506883855e-07,4.265924453735352,4.265914440155029,9.78592834144365e-06,0.0,0.0,-0.0,4321.7529296875,0.0,1317.64794921875,1895.4371337890625,0.0,1826.5235595703125,0.8567773103713989,1.0,0.0,3.0,1.0,0.0
12311220,297.1628723144531,297.1499938964844,293.1499938964844,0.0,-0.0,285.574462890625,0.8310835361480713,0.3757648468017578,0.3407917618751526,297.28009033203125,297.1499938964844,293.1499938964844,0.0,-0.0,285.574462890625,0.8572730422019958,0.4152517020702362,0.3956314325332641,297.220947265625,297.1499938964844,293.1499938964844,0.0,-0.0,285.574462890625,0.8410602807998657,0.3908063769340515,0.2753617763519287,297.2466125488281,297.1499938964844,293.1499938964844,0.0,-0.0,285.574462890625,0.7985591888427734,0.3317819237709045,0.3172189891338348,297.1889343261719,297.1499938964844,293.1499938964844,0.0,-0.0,285.574462890625,0.7084769010543823,0.2282647490501403,1.0428974628448486,285.574462890625,285.7540588378906,293.5015563964844,287.4928283691406,293.5028991699219,297.2193603515625,285.574462890625,1.0,0.5540120601654053,1.0,1.0,0.0,1.0,-2.847781181335449,2.847774744033813,6.512885647680378e-06,2.196205377578736,0.8748312592506409,0.8748312592506409,0.0,157.8101348876953,145.0,22861.935546875,-0.0,2085.8125,1.0,283.1499938964844,284.7550964355469,290.49859619140625,292.0340270996094,293.1499938964844,293.1499938964844,283.1499938964844,33296.40625,30960.0,313.1499938964844,0.0,18000.0,1.0,0.0,0.0,0.0,1.0,0.7277041673660278,1.0,0.0,0.0,3.403028726577759,3.403049945831299,7.727242632427078e-07,4.265924453735352,4.265914440155029,9.78592834144365e-06,0.0,0.0,-0.0,4301.4501953125,0.0,1256.5078125,1895.4371337890625,0.0,1835.8687744140625,0.8430864214897156,1.0,0.0,3.0,1.0,0.0
12311280,297.1628723144531,297.1499938964844,293.1499938964844,0.0,-0.0,285.574462890625,0.8310835361480713,0.3757648468017578,0.3407917618751526,297.28009033203125,297.1499938964844,293.1499938964844,0.0,-0.0,285.574462890625,0.8572730422019958,0.4152517020702362,0.3956314325332641,297.220947265625,297.1499938964844,293.1499938964844,0.0,-0.0,285.574462890625,0.8410602807998657,0.3908063769340515,0.2753617763519287,297.2466125488281,297.1499938964844,293.1499938964844,0.0,-0.0,285.574462890625,0.7985591888427734,0.3317819237709045,0.3172189891338348,297.1889343261719,297.1499938964844,293.1499938964844,0.0,-0.0,285.574462890625,0.7084769010543823,0.2282647490501403,1.0428974628448486,285.574462890625,285.7540588378906,293.5015563964844,287.4928283691406,293.5028991699219,297.2193603515625,285.574462890625,1.0,0.5540120601654053,1.0,1.0,0.0,1.0,-2.847781181335449,2.847774744033813,6.512885647680378e-06,2.196205377578736,0.8748312592506409,0.8748312592506409,0.0,157.8101348876953,145.0,22861.935546875,-0.0,2085.8125,1.0,283.1499938964844,284.7550964355469,290.49859619140625,292.0340270996094,293.1499938964844,293.1499938964844,283.1499938964844,33296.40625,30960.0,313.1499938964844,0.0,18000.0,1.0,0.0,0.0,0.0,1.0,0.7277041673660278,1.0,0.0,0.0,3.403028726577759,3.403049945831299,7.727242632427078e-07,4.265924453735352,4.265914440155029,9.78592834144365e-06,0.0,0.0,-0.0,4301.4501953125,0.0,1256.5078125,1895.4371337890625,0.0,1835.8687744140625,0.8430864214897156,1.0,0.0,3.0,1.0,0.0
12311340,297.1607971191406,297.1499938964844,293.1499938964844,0.0,-0.0,285.5814514160156,0.838761031627655,0.375715970993042,0.3405154645442962,297.2772827148437,297.1499938964844,293.1499938964844,0.0,-0.0,285.5814514160156,0.8666505217552185,0.4166138470172882,0.3966801762580871,297.21929931640625,297.1499938964844,293.1499938964844,0.0,-0.0,285.5814514160156,0.8495303988456726,0.3915357291698456,0.2756920456886291,297.2451477050781,297.1499938964844,293.1499938964844,0.0,-0.0,285.5814514160156,0.8075284957885742,0.3328582644462585,0.3179955184459686,297.1883850097656,297.1499938964844,293.1499938964844,0.0,-0.0,285.5814208984375,0.7158933281898499,0.228702962398529,1.0437061786651611,285.5814514160156,285.8355407714844,293.43585205078125,287.46710205078125,293.4371337890625,297.2177429199219,285.5815734863281,1.0,0.5505545139312744,1.0,1.0,0.0,1.0,-2.851013660430908,2.8510069847106934,6.527959158120211e-06,2.198825120925904,0.8709555268287659,0.8709555268287659,0.0,151.81651306152344,133.0,22675.970703125,-0.0,2062.052734375,1.0,283.1499938964844,284.7718811035156,290.458984375,291.9811706542969,293.1499938964844,293.1499938964844,283.1499938964844,32406.095703125,29880.0,313.1499938964844,0.0,18000.0,1.0,0.0,0.0,0.0,1.0,0.7259339094161987,1.0,0.0,0.0,3.339998960494995,3.340019464492798,7.443650247296318e-07,4.265924453735352,4.265914440155029,9.78592834144365e-06,0.0,0.0,-0.0,4281.71826171875,0.0,1190.245849609375,1895.4371337890625,0.0,1821.1177978515625,0.8277596831321716,1.0,0.0,3.0,1.0,0.0
12311400,297.1607971191406,297.1499938964844,293.1499938964844,0.0,-0.0,285.5814514160156,0.838761031627655,0.375715970993042,0.3405154645442962,297.2772827148437,297.1499938964844,293.1499938964844,0.0,-0.0,285.5814514160156,0.8666505217552185,0.4166138470172882,0.3966801762580871,297.21929931640625,297.1499938964844,293.1499938964844,0.0,-0.0,285.5814514160156,0.8495303988456726,0.3915357291698456,0.2756920456886291,297.2451477050781,297.1499938964844,293.1499938964844,0.0,-0.0,285.5814514160156,0.8075284957885742,0.3328582644462585,0.3179955184459686,297.1883850097656,297.1499938964844,293.1499938964844,0.0,-0.0,285.5814208984375,0.7158933281898499,0.228702962398529,1.0437061786651611,285.5814514160156,285.8355407714844,293.43585205078125,287.46710205078125,293.4371337890625,297.2177429199219,285.5815734863281,1.0,0.5505545139312744,1.0,1.0,0.0,1.0,-2.851013660430908,2.8510069847106934,6.527959158120211e-06,2.198825120925904,0.8709555268287659,0.8709555268287659,0.0,151.81651306152344,133.0,22675.970703125,-0.0,2062.052734375,1.0,283.1499938964844,284.7718811035156,290.458984375,291.9811706542969,293.1499938964844,293.1499938964844,283.1499938964844,32406.095703125,29880.0,313.1499938964844,0.0,18000.0,1.0,0.0,0.0,0.0,1.0,0.7259339094161987,1.0,0.0,0.0,3.339998960494995,3.340019464492798,7.443650247296318e-07,4.265924453735352,4.265914440155029,9.78592834144365e-06,0.0,0.0,-0.0,4281.71826171875,0.0,1190.245849609375,1895.4371337890625,0.0,1821.1177978515625,0.8277596831321716,1.0,0.0,3.0,1.0,0.0
12311460,297.1592102050781,297.1499938964844,293.1499938964844,0.0,-0.0,285.5910339355469,0.8508124351501465,0.3756915926933288,0.3401647508144378,297.2745361328125,297.1499938964844,293.1499938964844,0.0,-0.0,285.5910339355469,0.8808507323265076,0.4179473221302032,0.3975988626480102,297.2178649902344,297.1499938964844,293.1499938964844,0.0,-0.0,285.5910339355469,0.8626070022583008,0.3922690153121948,0.2759484946727752,297.24383544921875,297.1499938964844,293.1499938964844,0.0,-0.0,285.59100341796875,0.8201039433479309,0.3339288830757141,0.3186634480953216,297.18817138671875,297.1499938964844,293.1499938964844,0.0,-0.0,285.5909729003906,0.7263925671577454,0.2291662245988845,1.0441313982009888,285.5910339355469,285.913818359375,293.37274169921875,287.4418029785156,293.3739624023437,297.2162780761719,285.5912475585937,1.0,0.5454491376876831,1.0,1.0,0.0,1.0,-2.853318929672241,2.853312492370605,6.538773504871642e-06,2.200716972351074,0.8662022352218628,0.8662022352218628,0.0,143.3083953857422,121.0,22481.83984375,-0.0,2024.474609375,1.0,283.1499938964844,284.7917175292969,290.4268798828125,291.9351806640625,293.1499938964844,293.1499938964844,283.1499938964844,31486.658203125,28800.0,313.1499938964844,0.0,18000.0,1.0,0.0,0.0,0.0,1.0,0.7228232622146606,1.0,0.0,0.0,3.2709550857543945,3.27097487449646,7.139083777474298e-07,4.265924453735352,4.265914440155029,9.78592834144365e-06,0.0,0.0,-0.0,4263.5966796875,0.0,1120.6729736328125,1895.4371337890625,0.0,1795.3128662109375,0.8110550045967102,1.0,0.0,3.0,1.0,0.0
12311520,297.1592102050781,297.1499938964844,293.1499938964844,0.0,-0.0,285.5910339355469,0.8508124351501465,0.3756915926933288,0.3401647508144378,297.2745361328125,297.1499938964844,293.1499938964844,0.0,-0.0,285.5910339355469,0.8808507323265076,0.4179473221302032,0.3975988626480102,297.2178649902344,297.1499938964844,293.1499938964844,0.0,-0.0,285.5910339355469,0.8626070022583008,0.3922690153121948,0.2759484946727752,297.24383544921875,297.1499938964844,293.1499938964844,0.0,-0.0,285.59100341796875,0.8201039433479309,0.3339288830757141,0.3186634480953216,297.18817138671875,297.1499938964844,293.1499938964844,0.0,-0.0,285.5909729003906,0.7263925671577454,0.2291662245988845,1.0441313982009888,285.5910339355469,285.913818359375,293.37274169921875,287.4418029785156,293.3739624023437,297.2162780761719,285.5912475585937,1.0,0.5454491376876831,1.0,1.0,0.0,1.0,-2.853318929672241,2.853312492370605,6.538773504871642e-06,2.200716972351074,0.8662022352218628,0.8662022352218628,0.0,143.3083953857422,121.0,22481.83984375,-0.0,2024.474609375,1.0,283.1499938964844,284.7917175292969,290.4268798828125,291.9351806640625,293.1499938964844,293.1499938964844,283.1499938964844,31486.658203125,28800.0,313.1499938964844,0.0,18000.0,1.0,0.0,0.0,0.0,1.0,0.7228232622146606,1.0,0.0,0.0,3.2709550857543945,3.27097487449646,7.139083777474298e-07,4.265924453735352,4.265914440155029,9.78592834144365e-06,0.0,0.0,-0.0,4263.5966796875,0.0,1120.6729736328125,1895.4371337890625,0.0,1795.3128662109375,0.8110550045967102,1.0,0.0,3.0,1.0,0.0
12311580,297.1581115722656,297.1499938964844,293.1499938964844,0.0,-0.0,285.6035461425781,0.8672776222229004,0.3756960332393646,0.3397852480411529,297.2719116210937,297.1499938964844,293.1499938964844,0.0,-0.0,285.6035461425781,0.8996298909187317,0.4192611277103424,0.3984409868717193,297.2167663574219,297.1499938964844,293.1499938964844,0.0,-0.0,285.6035461425781,0.8802589774131775,0.3930153846740722,0.2761712968349457,297.2427062988281,297.1499938964844,293.1499938964844,0.0,-0.0,285.603515625,0.8359267711639404,0.3350032567977905,0.319276750087738,297.1883544921875,297.1499938964844,293.1499938964844,0.0,-0.0,285.6034545898437,0.7399341464042664,0.2296677827835083,1.0444484949111938,285.6035461425781,285.9886169433594,293.3124084472656,287.4169921875,293.3135681152344,297.21502685546875,285.6039123535156,1.0,0.5393813252449036,1.0,1.0,0.0,1.0,-2.8552613258361816,2.855254888534546,6.547919838340022e-06,2.20232367515564,0.86066073179245,0.86066073179245,0.0,133.34783935546875,109.0,22283.837890625,-0.0,1979.1708984375,1.0,283.1499938964844,284.8148498535156,290.39996337890625,291.8948974609375,293.1499938964844,293.1499938964844,283.1499938964844,30546.365234375,27720.0,313.1499938964844,0.0,18000.0,1.0,0.0,0.0,0.0,1.0,0.7193394899368286,1.0,0.0,0.0,3.1966793537139893,3.1966984272003174,6.818541464781447e-07,4.265924453735352,4.265914440155029,9.78592834144365e-06,0.0,0.0,-0.0,4246.68798828125,0.0,1049.152099609375,1895.4371337890625,0.0,1766.5902099609375,0.7931545376777649,1.0,0.0,3.0,1.0,0.0
12311640,297.1581115722656,297.1499938964844,293.1499938964844,0.0,-0.0,285.6035461425781,0.8672776222229004,0.3756960332393646,0.3397852480411529,297.2719116210937,297.1499938964844,293.1499938964844,0.0,-0.0,285.6035461425781,0.8996298909187317,0.4192611277103424,0.3984409868717193,297.2167663574219,297.1499938964844,293.1499938964844,0.0,-0.0,285.6035461425781,0.8802589774131775,0.3930153846740722,0.2761712968349457,297.2427062988281,297.1499938964844,293.1499938964844,0.0,-0.0,285.603515625,0.8359267711639404,0.3350032567977905,0.319276750087738,297.1883544921875,297.1499938964844,293.1499938964844,0.0,-0.0,285.6034545898437,0.7399341464042664,0.2296677827835083,1.0444484949111938,285.6035461425781,285.9886169433594,293.3124084472656,287.4169921875,293.3135681152344,297.21502685546875,285.6039123535156,1.0,0.5393813252449036,1.0,1.0,0.0,1.0,-2.8552613258361816,2.855254888534546,6.547919838340022e-06,2.20232367515564,0.86066073179245,0.86066073179245,0.0,133.34783935546875,109.0,22283.837890625,-0.0,1979.1708984375,1.0,283.1499938964844,284.8148498535156,290.39996337890625,291.8948974609375,293.1499938964844,293.1499938964844,283.1499938964844,30546.365234375,27720.0,313.1499938964844,0.0,18000.0,1.0,0.0,0.0,0.0,1.0,0.7193394899368286,1.0,0.0,0.0,3.1966793537139893,3.1966984272003174,6.818541464781447e-07,4.265924453735352,4.265914440155029,9.78592834144365e-06,0.0,0.0,-0.0,4246.68798828125,0.0,1049.152099609375,1895.4371337890625,0.0,1766.5902099609375,0.7931545376777649,1.0,0.0,3.0,1.0,0.0
12311700,297.1577453613281,297.1499938964844,293.1499938964844,0.0,-0.0,285.6130676269531,0.8773545026779175,0.3757107257843017,0.3395914733409881,297.27069091796875,297.1499938964844,293.1499938964844,0.0,-0.0,285.61309814453125,0.9111576676368712,0.4199115633964538,0.3988408148288727,297.21630859375,297.1499938964844,293.1499938964844,0.0,-0.0,285.6130676269531,0.890929639339447,0.3933940529823303,0.2762752473354339,297.2422180175781,297.1499938964844,293.1499938964844,0.0,-0.0,285.6130065917969,0.84541916847229,0.3355427384376526,0.3195707201957702,297.1885986328125,297.1499938964844,293.1499938964844,0.0,-0.0,285.6128234863281,0.7481454014778137,0.2299342453479766,1.04460871219635,285.61309814453125,286.024658203125,293.2833251953125,287.40478515625,293.2844543457031,297.2144470214844,285.6137084960937,1.0,0.5361168384552002,1.0,1.0,0.0,1.0,-2.85617995262146,2.856173515319824,6.552252216351917e-06,2.203085422515869,0.8576512932777405,0.8576512932777405,0.0,128.0288543701172,109.0,22174.052734375,-0.0,1954.7606201171875,1.0,283.1499938964844,284.8305969238281,290.3873596191406,291.875244140625,293.1499938964844,293.1499938964844,283.1499938964844,29923.669921875,27720.0,313.1499938964844,0.0,18000.0,1.0,0.0,0.0,0.0,1.0,0.7175759673118591,1.0,0.0,0.0,3.150148868560791,3.150167226791382,6.621485795221815e-07,4.265924453735352,4.265914440155029,9.78592834144365e-06,0.0,0.0,-0.0,4237.693359375,0.0,1005.6810302734376,1895.4371337890625,0.0,1752.123291015625,0.7847213745117188,1.0,0.0,3.0,1.0,0.0
12311760,297.1574401855469,297.1499938964844,293.1499938964844,0.0,-0.0,285.6192321777344,0.8888303637504578,0.3757313191890716,0.3394020497798919,297.2694702148437,297.1499938964844,293.1499938964844,0.0,-0.0,285.6192626953125,0.9251079559326172,0.4205566346645355,0.399232804775238,297.2159118652344,297.1499938964844,293.1499938964844,0.0,-0.0,285.6192626953125,0.9029533863067628,0.3937751054763794,0.2763790786266327,297.24176025390625,297.1499938964844,293.1499938964844,0.0,-0.0,285.6192321777344,0.8562812209129333,0.3360829949378967,0.3198619484901428,297.1889343261719,297.1499938964844,293.1499938964844,0.0,-0.0,285.6190795898437,0.7575804591178894,0.2302110493183136,1.0447938442230225,285.6192626953125,286.05975341796875,293.2550354003906,287.3927307128906,293.2561340332031,297.2139587402344,285.6197509765625,1.0,0.5327447652816772,1.0,1.0,0.0,1.0,-2.857120990753174,2.857114315032959,6.556688731507165e-06,2.2038650512695312,0.8544241189956665,0.8544241189956665,0.0,122.5505142211914,97.0,22084.150390625,-0.0,1929.5938720703125,1.0,283.1499938964844,284.8414306640625,290.3756103515625,291.85772705078125,293.1499938964844,293.1499938964844,283.1499938964844,29590.125,26640.0,313.1499938964844,0.0,18000.0,1.0,0.0,0.0,0.0,1.0,0.7158755660057068,1.0,0.0,0.0,3.117804765701294,3.1178228855133057,6.486212100753619e-07,4.265924453735352,4.265914440155029,9.78592834144365e-06,0.0,0.0,-0.0,4230.4150390625,0.0,976.7957763671876,1895.4371337890625,0.0,1738.2210693359375,0.7742041945457458,1.0,0.0,3.0,1.0,0.0
12311820,297.1571350097656,297.1499938964844,293.1499938964844,0.0,-0.0,285.63836669921875,0.9174866676330566,0.3757939040660858,0.3390259444713592,297.26715087890625,297.1499938964844,293.1499938964844,0.0,-0.0,285.6383972167969,0.9579197764396667,0.4218348264694214,0.3999890983104706,297.2153015136719,297.1499938964844,293.1499938964844,0.0,-0.0,285.63836669921875,0.9346554279327391,0.3945481777191162,0.2765820920467376,297.24102783203125,297.1499938964844,293.1499938964844,0.0,-0.0,285.6383361816406,0.8831397891044617,0.3371686637401581,0.3204335868358612,297.1898498535156,297.1499938964844,293.1499938964844,0.0,-0.0,285.63818359375,0.7809911370277405,0.2307964712381363,1.0452371835708618,285.6383972167969,286.126953125,293.2008361816406,287.3690795898437,293.2018737792969,297.2131652832031,285.6390075683594,1.0,0.5257679224014282,1.0,1.0,0.0,1.0,-2.859041929244995,2.8590352535247803,6.565746843989473e-06,2.205454111099243,0.8475973010063171,0.8475973010063171,0.0,111.27155303955078,85.0,21883.71484375,-0.0,1877.701416015625,1.0,283.1499938964844,284.8716125488281,290.352294921875,291.82183837890625,293.1499938964844,293.1499938964844,283.1499938964844,28618.650390625,25560.0,313.1499938964844,0.0,18000.0,1.0,0.0,0.0,0.0,1.0,0.7124935388565063,1.0,0.0,0.0,3.034820079803467,3.034837245941162,6.145527891021629e-07,4.265924453735352,4.265914440155029,9.78592834144365e-06,0.0,0.0,-0.0,4214.40625,0.0,904.4819946289062,1895.4371337890625,0.0,1710.7103271484375,0.7543154954910278,1.0,0.0,3.0,1.0,0.0
12311880,297.1571350097656,297.1499938964844,293.1499938964844,0.0,-0.0,285.63836669921875,0.9174866676330566,0.3757939040660858,0.3390259444713592,297.26715087890625,297.1499938964844,293.1499938964844,0.0,-0.0,285.6383972167969,0.9579197764396667,0.4218348264694214,0.3999890983104706,297.2153015136719,297.1499938964844,293.1499938964844,0.0,-0.0,285.63836669921875,0.9346554279327391,0.3945481777191162,0.2765820920467376,297.24102783203125,297.1499938964844,293.1499938964844,0.0,-0.0,285.6383361816406,0.8831397891044617,0.3371686637401581,0.3204335868358612,297.1898498535156,297.1499938964844,293.1499938964844,0.0,-0.0,285.63818359375,0.7809911370277405,0.2307964712381363,1.0452371835708618,285.6383972167969,286.126953125,293.2008361816406,287.3690795898437,293.2018737792969,297.2131652832031,285.6390075683594,1.0,0.5257679224014282,1.0,1.0,0.0,1.0,-2.859041929244995,2.8590352535247803,6.565746843989473e-06,2.205454111099243,0.8475973010063171,0.8475973010063171,0.0,111.27155303955078,85.0,21883.71484375,-0.0,1877.701416015625,1.0,283.1499938964844,284.8716125488281,290.352294921875,291.82183837890625,293.1499938964844,293.1499938964844,283.1499938964844,28618.650390625,25560.0,313.1499938964844,0.0,18000.0,1.0,0.0,0.0,0.0,1.0,0.7124935388565063,1.0,0.0,0.0,3.034820079803467,3.034837245941162,6.145527891021629e-07,4.265924453735352,4.265914440155029,9.78592834144365e-06,0.0,0.0,-0.0,4214.40625,0.0,904.4819946289062,1895.4371337890625,0.0,1710.7103271484375,0.7543154954910278,1.0,0.0,3.0,1.0,0.0
12311940,297.1571350097656,297.1499938964844,293.1499938964844,0.0,-0.0,285.6610717773437,0.957531988620758,0.3758830726146698,0.3386626243591308,297.26495361328125,297.1499938964844,293.1499938964844,0.0,-0.0,285.6611328125,0.9925011992454528,0.4230966866016388,0.4007182717323303,297.21490478515625,297.1499938964844,293.1499938964844,0.0,-0.0,285.6611022949219,0.9735880494117736,0.3953351676464081,0.2767861187458038,297.24041748046875,297.1499938964844,293.1499938964844,0.0,-0.0,285.6610412597656,0.9200627207756042,0.3382611274719238,0.3209998607635498,297.1910400390625,297.1499938964844,293.1499938964844,0.0,-0.0,285.6608581542969,0.8119509816169739,0.2314241230487823,1.0458152294158936,285.6611328125,286.19000244140625,293.1499938964844,287.3460693359375,293.1509704589844,297.212646484375,285.6618957519531,1.0,0.5185827016830444,1.0,1.0,0.0,1.0,-2.861102104187012,2.861095666885376,6.575454335688846e-06,2.2071518898010254,0.8402851819992065,0.8402851819992065,0.0,99.71094512939452,103.0,21683.208984375,-0.0,1824.5838623046875,1.0,283.1499938964844,284.9056091308594,290.3294372558594,291.7865295410156,293.1499938964844,293.1499938964844,283.1499938964844,27633.52734375,24480.0,313.1499938964844,0.0,18000.0,1.0,0.0,0.0,0.0,1.0,0.7091456651687622,1.0,0.0,0.0,2.9482712745666504,2.9482877254486084,5.800002895739453e-07,4.265924453735352,4.265914440155029,9.78592834144365e-06,0.0,0.0,-0.0,4198.560546875,0.0,833.0548706054688,1895.4371337890625,0.0,1683.663330078125,0.7336112260818481,1.0,0.0,3.0,1.0,0.0
12312000,297.1571350097656,297.1499938964844,293.1499938964844,0.0,-0.0,285.6610717773437,0.957531988620758,0.3758830726146698,0.3386626243591308,297.26495361328125,297.1499938964844,293.1499938964844,0.0,-0.0,285.6611328125,0.9925011992454528,0.4230966866016388,0.4007182717323303,297.21490478515625,297.1499938964844,293.1499938964844,0.0,-0.0,285.6611022949219,0.9735880494117736,0.3953351676464081,0.2767861187458038,297.24041748046875,297.1499938964844,293.1499938964844,0.0,-0.0,285.6610412597656,0.9200627207756042,0.3382611274719238,0.3209998607635498,297.1910400390625,297.1499938964844,293.1499938964844,0.0,-0.0,285.6608581542969,0.8119509816169739,0.2314241230487823,1.0458152294158936,285.6611328125,286.19000244140625,293.1499938964844,287.3460693359375,293.1509704589844,297.212646484375,285.6618957519531,1.0,0.5185827016830444,1.0,1.0,0.0,1.0,-2.861102104187012,2.861095666885376,6.575454335688846e-06,2.2071518898010254,0.8402851819992065,0.8402851819992065,0.0,99.71094512939452,103.0,21683.208984375,-0.0,1824.5838623046875,1.0,283.1499938964844,284.9056091308594,290.3294372558594,291.7865295410156,293.1499938964844,293.1499938964844,283.1499938964844,27633.52734375,24480.0,313.1499938964844,0.0,18000.0,1.0,0.0,0.0,0.0,1.0,0.7091456651687622,1.0,0.0,0.0,2.9482712745666504,2.9482877254486084,5.800002895739453e-07,4.265924453735352,4.265914440155029,9.78592834144365e-06,0.0,0.0,-0.0,4198.560546875,0.0,833.0548706054688,1895.4371337890625,0.0,1683.663330078125,0.7336112260818481,1.0,0.0,3.0,1.0,0.0
12312060,297.1369934082031,297.1499938964844,293.1499938964844,0.0,-0.0,285.6824035644531,0.946414053440094,0.3739145398139953,0.3373883664608001,297.241455078125,297.1499938964844,293.1499938964844,0.0,-0.0,285.68243408203125,0.9847187995910645,0.4221540093421936,0.4003897309303283,297.19366455078125,297.1499938964844,293.1499938964844,0.0,-0.0,285.6824035644531,0.9639915823936462,0.3939893245697021,0.2762462496757507,297.218017578125,297.1499938964844,293.1499938964844,0.0,-0.0,285.682373046875,0.909717321395874,0.3371219038963318,0.3204964697360992,297.1693420410156,297.1499938964844,293.1499938964844,0.0,-0.0,285.6822204589844,0.8030846118927002,0.2297316938638687,1.0411052703857422,285.68243408203125,286.24908447265625,293.10235595703125,287.3238525390625,293.103271484375,297.19073486328125,285.6829528808594,1.0,0.519550621509552,1.0,1.0,0.0,1.0,-2.852272748947144,2.852266311645508,6.535392458317801e-06,2.200547695159912,0.8325000405311584,0.8325000405311584,0.0,102.04046630859376,121.0,21420.880859375,-0.0,1822.0257568359373,1.0,283.1499938964844,284.93902587890625,290.3062744140625,291.7491760253906,293.1499938964844,293.1499938964844,283.1499938964844,26639.046875,23400.0,313.1499938964844,0.0,18000.0,1.0,0.0,0.0,0.0,1.0,0.7056519389152527,1.0,0.0,0.0,2.8585574626922607,2.8585729598999023,5.452393452287652e-07,4.265924453735352,4.265914440155029,9.78592834144365e-06,0.0,0.0,-0.0,4180.0361328125,0.0,763.1746826171875,1895.4371337890625,0.0,1655.6396484375,0.7121840119361877,1.0,0.0,3.0,1.0,0.0
12312120,297.1369934082031,297.1499938964844,293.1499938964844,0.0,-0.0,285.6824035644531,0.946414053440094,0.3739145398139953,0.3373883664608001,297.241455078125,297.1499938964844,293.1499938964844,0.0,-0.0,285.68243408203125,0.9847187995910645,0.4221540093421936,0.4003897309303283,297.19366455078125,297.1499938964844,293.1499938964844,0.0,-0.0,285.6824035644531,0.9639915823936462,0.3939893245697021,0.2762462496757507,297.218017578125,297.1499938964844,293.1499938964844,0.0,-0.0,285.682373046875,0.909717321395874,0.3371219038963318,0.3204964697360992,297.1693420410156,297.1499938964844,293.1499938964844,0.0,-0.0,285.6822204589844,0.8030846118927002,0.2297316938638687,1.0411052703857422,285.68243408203125,286.24908447265625,293.10235595703125,287.3238525390625,293.103271484375,297.19073486328125,285.6829528808594,1.0,0.519550621509552,1.0,1.0,0.0,1.0,-2.852272748947144,2.852266311645508,6.535392458317801e-06,2.200547695159912,0.8325000405311584,0.8325000405311584,0.0,102.04046630859376,121.0,21420.880859375,-0.0,1822.0257568359373,1.0,283.1499938964844,284.93902587890625,290.3062744140625,291.7491760253906,293.1499938964844,293.1499938964844,283.1499938964844,26639.046875,23400.0,313.1499938964844,0.0,18000.0,1.0,0.0,0.0,0.0,1.0,0.7056519389152527,1.0,0.0,0.0,2.8585574626922607,2.8585729598999023,5.452393452287652e-07,4.265924453735352,4.265914440155029,9.78592834144365e-06,0.0,0.0,-0.0,4180.0361328125,0.0,763.1746826171875,1895.4371337890625,0.0,1655.6396484375,0.7121840119361877,1.0,0.0,3.0,1.0,0.0
12312180,297.1282958984375,297.1499938964844,293.1499938964844,0.0,-0.0,285.7074584960937,0.9152985215187072,0.3728618323802948,0.3366284966468811,297.228759765625,297.1499938964844,293.1499938964844,0.0,-0.0,285.7074890136719,0.958608865737915,0.4220186769962311,0.4004632830619812,297.1836853027344,297.1499938964844,293.1499938964844,0.0,-0.0,285.7074584960937,0.9342833161354064,0.3935235440731048,0.2760622799396515,297.206298828125,297.1499938964844,293.1499938964844,0.0,-0.0,285.7073974609375,0.8833454251289368,0.336789071559906,0.3203787505626678,297.1578063964844,297.1499938964844,293.1499938964844,0.0,-0.0,285.7071533203125,0.7793330550193787,0.2288000434637069,1.037854790687561,285.7074890136719,286.3046875,293.0574951171875,287.3026123046875,293.0583801269531,297.1788330078125,285.7084045410156,1.0,0.5247182250022888,1.0,1.0,0.0,1.0,-2.847170352935791,2.847163915634156,6.511972060252447e-06,2.196584463119507,0.8243387341499329,0.8243387341499329,0.0,110.74008178710938,139.0,21173.439453125,-0.0,1856.26123046875,1.0,283.1499938964844,284.97686767578125,290.2821044921875,291.7090759277344,293.1499938964844,293.1499938964844,283.1499938964844,25634.79296875,22320.0,313.1499938964844,0.0,18000.0,1.0,0.0,0.0,0.0,1.0,0.7015122771263123,1.0,0.0,0.0,2.765937805175781,2.765952587127685,5.104793672217056e-07,4.265924453735352,4.265914440155029,9.78592834144365e-06,0.0,0.0,-0.0,4161.505859375,0.0,695.3047485351562,1895.4371337890625,0.0,1622.7080078125,0.6900961399078369,1.0,0.0,3.0,1.0,0.0
12312240,297.1282958984375,297.1499938964844,293.1499938964844,0.0,-0.0,285.7074584960937,0.9152985215187072,0.3728618323802948,0.3366284966468811,297.228759765625,297.1499938964844,293.1499938964844,0.0,-0.0,285.7074890136719,0.958608865737915,0.4220186769962311,0.4004632830619812,297.1836853027344,297.1499938964844,293.1499938964844,0.0,-0.0,285.7074584960937,0.9342833161354064,0.3935235440731048,0.2760622799396515,297.206298828125,297.1499938964844,293.1499938964844,0.0,-0.0,285.7073974609375,0.8833454251289368,0.336789071559906,0.3203787505626678,297.1578063964844,297.1499938964844,293.1499938964844,0.0,-0.0,285.7071533203125,0.7793330550193787,0.2288000434637069,1.037854790687561,285.7074890136719,286.3046875,293.0574951171875,287.3026123046875,293.0583801269531,297.1788330078125,285.7084045410156,1.0,0.5247182250022888,1.0,1.0,0.0,1.0,-2.847170352935791,2.847163915634156,6.511972060252447e-06,2.196584463119507,0.8243387341499329,0.8243387341499329,0.0,110.74008178710938,139.0,21173.439453125,-0.0,1856.26123046875,1.0,283.1499938964844,284.97686767578125,290.2821044921875,291.7090759277344,293.1499938964844,293.1499938964844,283.1499938964844,25634.79296875,22320.0,313.1499938964844,0.0,18000.0,1.0,0.0,0.0,0.0,1.0,0.7015122771263123,1.0,0.0,0.0,2.765937805175781,2.765952587127685,5.104793672217056e-07,4.265924453735352,4.265914440155029,9.78592834144365e-06,0.0,0.0,-0.0,4161.505859375,0.0,695.3047485351562,1895.4371337890625,0.0,1622.7080078125,0.6900961399078369,1.0,0.0,3.0,1.0,0.0
12312300,297.1258239746094,297.1499938964844,293.1499938964844,0.0,-0.0,285.7255249023437,0.8996033668518066,0.372480183839798,0.3364646732807159,297.2244873046875,297.1499938964844,293.1499938964844,0.0,-0.0,285.7256164550781,0.9422633051872252,0.4220978319644928,0.4007229208946228,297.18072509765625,297.1499938964844,293.1499938964844,0.0,-0.0,285.7255859375,0.91731595993042,0.3934459388256073,0.2761437594890594,297.2026062011719,297.1499938964844,293.1499938964844,0.0,-0.0,285.7254638671875,0.8694104552268982,0.3367816507816314,0.3205532133579254,297.15435791015625,297.1499938964844,293.1499938964844,0.0,-0.0,285.7250671386719,0.7668197751045227,0.2285104393959045,1.0373902320861816,285.7256164550781,286.3312072753906,293.0361022949219,287.2923583984375,293.0369567871094,297.1750793457031,285.7269897460937,1.0,0.528445303440094,1.0,1.0,0.0,1.0,-2.8470325469970703,2.8470258712768555,6.511376341222785e-06,2.196493864059448,0.820216178894043,0.820216178894043,0.0,116.43515014648438,139.0,21050.455078125,-0.0,1883.693603515625,1.0,283.1499938964844,285.0020751953125,290.2707214355469,291.689453125,293.1499938964844,293.1499938964844,283.1499938964844,24984.30078125,22320.0,313.1499938964844,0.0,18000.0,1.0,0.0,0.0,0.0,1.0,0.6992914080619812,1.0,0.0,0.0,2.711124897003174,2.711138963699341,4.904473485112248e-07,4.265924453735352,4.265914440155029,9.78592834144365e-06,0.0,0.0,-0.0,4152.19140625,0.0,656.7570190429688,1895.4371337890625,0.0,1605.1654052734375,0.6797515153884888,1.0,0.0,3.0,1.0,0.0
12312360,297.1239624023437,297.1499938964844,293.1499938964844,0.0,-0.0,285.7402038574219,0.8847954869270325,0.3721441328525543,0.3363851904869079,297.22100830078125,297.1499938964844,293.1499938964844,0.0,-0.0,285.74029541015625,0.9251933097839355,0.4222272336483001,0.401074081659317,297.1784973144531,297.1499938964844,293.1499938964844,0.0,-0.0,285.740234375,0.9015060663223268,0.3934206068515777,0.2762951850891113,297.1997375488281,297.1499938964844,293.1499938964844,0.0,-0.0,285.7401428222656,0.8559030890464783,0.3368335664272308,0.3208269774913788,297.15191650390625,297.1499938964844,293.1499938964844,0.0,-0.0,285.7398376464844,0.7547701001167297,0.2282960265874862,1.0374594926834106,285.74029541015625,286.35693359375,293.015380859375,287.2823486328125,293.0162048339844,297.17218017578125,285.7414855957031,1.0,0.5327238440513611,1.0,1.0,0.0,1.0,-2.847951650619507,2.847944974899292,6.515644599858206e-06,2.197231769561768,0.8159946799278259,0.8159946799278259,0.0,122.82795715332033,157.0,20957.779296875,-0.0,1916.204345703125,1.0,283.1499938964844,285.0219116210937,290.2607727050781,291.673095703125,293.1499938964844,293.1499938964844,283.1499938964844,24614.349609375,21240.0,313.1499938964844,0.0,18000.0,1.0,0.0,0.0,0.0,1.0,0.6971285343170166,1.0,0.0,0.0,2.671109199523926,2.6711230278015137,4.760763943068014e-07,4.265924453735352,4.265914440155029,9.78592834144365e-06,0.0,0.0,-0.0,4145.3857421875,0.0,630.0861206054688,1895.4371337890625,0.0,1588.166015625,0.6674917340278625,1.0,0.0,3.0,1.0,0.0
12312420,297.1213684082031,297.1499938964844,293.1499938964844,0.0,-0.0,285.779052734375,0.8574309945106506,0.3715502917766571,0.3363676071166992,297.21551513671875,297.1499938964844,293.1499938964844,0.0,-0.0,285.7791442871094,0.8948010206222534,0.4225685596466064,0.4019335508346557,297.1753234863281,297.1499938964844,293.1499938964844,0.0,-0.0,285.7790832519531,0.8735953569412231,0.393457293510437,0.2767174839973449,297.19561767578125,297.1499938964844,293.1499938964844,0.0,-0.0,285.7789611816406,0.8314362168312073,0.3370445370674133,0.3215563893318176,297.14892578125,297.1499938964844,293.1499938964844,0.0,-0.0,285.7785949707031,0.7330986261367798,0.2280165404081344,1.03866446018219,285.7791442871094,286.4059143066406,292.9758605957031,287.2630310058594,292.97662353515625,297.1680908203125,285.7805480957031,1.0,0.5424466133117676,1.0,1.0,0.0,1.0,-2.851794004440308,2.8517873287200928,6.533414762088796e-06,2.2002758979797363,0.8075804710388184,0.8075804710388184,0.0,137.22280883789062,175.0,20755.41015625,-0.0,1992.3763427734373,1.0,283.1499938964844,285.0727844238281,290.2422790527344,291.6412658691406,293.1499938964844,293.1499938964844,283.1499938964844,23577.224609375,20160.0,313.1499938964844,0.0,18000.0,1.0,0.0,0.0,0.0,1.0,0.6929274797439575,1.0,0.0,0.0,2.574650764465332,2.5746636390686035,4.423132793363038e-07,4.265924453735352,4.265914440155029,9.78592834144365e-06,0.0,0.0,-0.0,4130.728515625,0.0,568.0000610351562,1895.4371337890625,0.0,1555.391357421875,0.644493818283081,1.0,0.0,3.0,1.0,0.0
12312480,297.1213684082031,297.1499938964844,293.1499938964844,0.0,-0.0,285.779052734375,0.8574309945106506,0.3715502917766571,0.3363676071166992,297.21551513671875,297.1499938964844,293.1499938964844,0.0,-0.0,285.7791442871094,0.8948010206222534,0.4225685596466064,0.4019335508346557,297.1753234863281,297.1499938964844,293.1499938964844,0.0,-0.0,285.7790832519531,0.8735953569412231,0.393457293510437,0.2767174839973449,297.19561767578125,297.1499938964844,293.1499938964844,0.0,-0.0,285.7789611816406,0.8314362168312073,0.3370445370674133,0.3215563893318176,297.14892578125,297.1499938964844,293.1499938964844,0.0,-0.0,285.7785949707031,0.7330986261367798,0.2280165404081344,1.03866446018219,285.7791442871094,286.4059143066406,292.9758605957031,287.2630310058594,292.97662353515625,297.1680908203125,285.7805480957031,1.0,0.5424466133117676,1.0,1.0,0.0,1.0,-2.851794004440308,2.8517873287200928,6.533414762088796e-06,2.2002758979797363,0.8075804710388184,0.8075804710388184,0.0,137.22280883789062,175.0,20755.41015625,-0.0,1992.3763427734373,1.0,283.1499938964844,285.0727844238281,290.2422790527344,291.6412658691406,293.1499938964844,293.1499938964844,283.1499938964844,23577.224609375,20160.0,313.1499938964844,0.0,18000.0,1.0,0.0,0.0,0.0,1.0,0.6929274797439575,1.0,0.0,0.0,2.574650764465332,2.5746636390686035,4.423132793363038e-07,4.265924453735352,4.265914440155029,9.78592834144365e-06,0.0,0.0,-0.0,4130.728515625,0.0,568.0000610351562,1895.4371337890625,0.0,1555.391357421875,0.644493818283081,1.0,0.0,3.0,1.0,0.0
12312540,297.11962890625,297.1499938964844,293.1499938964844,0.0,-0.0,285.8231506347656,0.8342527151107788,0.3710125982761383,0.3364647328853607,297.211181640625,297.1499938964844,293.1499938964844,0.0,-0.0,285.8232421875,0.8696531057357788,0.4229579269886017,0.4029101729393005,297.1730651855469,297.1499938964844,293.1499938964844,0.0,-0.0,285.8231811523437,0.8496184349060059,0.393551230430603,0.2772320210933685,297.1927795410156,297.1499938964844,293.1499938964844,0.0,-0.0,285.82305908203125,0.8098436594009399,0.3373333513736725,0.3224329650402069,297.1475524902344,297.1499938964844,293.1499938964844,0.0,-0.0,285.8226318359375,0.7140135169029236,0.2278609722852707,1.040786862373352,285.8232421875,286.4517822265625,292.9389038085937,287.24468994140625,292.9396057128906,297.1653137207031,285.8248596191406,1.0,0.5531602501869202,1.0,1.0,0.0,1.0,-2.857306241989136,2.8572998046875,6.558910627063597e-06,2.204625368118286,0.7992005348205566,0.7992005348205566,0.0,153.1363067626953,163.0,20557.150390625,-0.0,2078.925537109375,1.0,283.1499938964844,285.1288452148437,290.2252197265625,291.6116638183594,293.1499938964844,293.1499938964844,283.1499938964844,22524.880859375,19080.0,313.1499938964844,0.0,18000.0,1.0,0.0,0.0,0.0,1.0,0.689002275466919,1.0,0.0,0.0,2.477198362350464,2.477210521697998,4.094632402029674e-07,4.265924453735352,4.265914440155029,9.78592834144365e-06,0.0,0.0,-0.0,4116.7138671875,0.0,509.4608154296875,1895.4371337890625,0.0,1525.0654296875,0.6212380528450012,1.0,0.0,3.0,1.0,0.0
12312600,297.11962890625,297.1499938964844,293.1499938964844,0.0,-0.0,285.8231506347656,0.8342527151107788,0.3710125982761383,0.3364647328853607,297.211181640625,297.1499938964844,293.1499938964844,0.0,-0.0,285.8232421875,0.8696531057357788,0.4229579269886017,0.4029101729393005,297.1730651855469,297.1499938964844,293.1499938964844,0.0,-0.0,285.8231811523437,0.8496184349060059,0.393551230430603,0.2772320210933685,297.1927795410156,297.1499938964844,293.1499938964844,0.0,-0.0,285.82305908203125,0.8098436594009399,0.3373333513736725,0.3224329650402069,297.1475524902344,297.1499938964844,293.1499938964844,0.0,-0.0,285.8226318359375,0.7140135169029236,0.2278609722852707,1.040786862373352,285.8232421875,286.4517822265625,292.9389038085937,287.24468994140625,292.9396057128906,297.1653137207031,285.8248596191406,1.0,0.5531602501869202,1.0,1.0,0.0,1.0,-2.857306241989136,2.8572998046875,6.558910627063597e-06,2.204625368118286,0.7992005348205566,0.7992005348205566,0.0,153.1363067626953,163.0,20557.150390625,-0.0,2078.925537109375,1.0,283.1499938964844,285.1288452148437,290.2252197265625,291.6116638183594,293.1499938964844,293.1499938964844,283.1499938964844,22524.880859375,19080.0,313.1499938964844,0.0,18000.0,1.0,0.0,0.0,0.0,1.0,0.689002275466919,1.0,0.0,0.0,2.477198362350464,2.477210521697998,4.094632402029674e-07,4.265924453735352,4.265914440155029,9.78592834144365e-06,0.0,0.0,-0.0,4116.7138671875,0.0,509.4608154296875,1895.4371337890625,0.0,1525.0654296875,0.6212380528450012,1.0,0.0,3.0,1.0,0.0
12312660,297.118896484375,297.1499938964844,293.1499938964844,0.0,-0.0,285.86981201171875,0.8285351991653442,0.3705514371395111,0.3361899256706238,297.207763671875,297.1499938964844,293.1499938964844,0.0,-0.0,285.8699035644531,0.8638951182365417,0.4233873784542084,0.4034697413444519,297.1717224121094,297.1499938964844,293.1499938964844,0.0,-0.0,285.8698425292969,0.8440665006637573,0.393704891204834,0.2774496376514435,297.1908264160156,297.1499938964844,293.1499938964844,0.0,-0.0,285.8697204589844,0.8044604659080505,0.3376765251159668,0.3229092061519623,297.1473388671875,297.1499938964844,293.1499938964844,0.0,-0.0,285.8692932128906,0.7089964747428894,0.2278080582618713,1.04121994972229,285.8699035644531,286.49462890625,292.9043273925781,287.22735595703125,292.9049987792969,297.16363525390625,285.8715209960937,1.0,0.5553851127624512,1.0,1.0,0.0,1.0,-2.8590087890625,2.8590023517608643,6.567090167663992e-06,2.206101417541504,0.7909148335456848,0.7909148335456848,0.0,157.52328491210938,151.0,20334.203125,-0.0,2103.145263671875,1.0,283.1499938964844,285.1877746582031,290.2083435058594,291.58184814453125,293.1499938964844,293.1499938964844,283.1499938964844,21459.791015625,18000.0,313.1499938964844,0.0,18000.0,1.0,0.0,0.0,0.0,1.0,0.6851962804794312,1.0,0.0,0.0,2.3792717456817627,2.37928318977356,3.7773000371998933e-07,4.265924453735352,4.265914440155029,9.78592834144365e-06,0.0,0.0,-0.0,4101.806640625,0.0,454.71826171875,1895.4371337890625,0.0,1495.940673828125,0.5978365540504456,1.0,0.0,3.0,1.0,0.0
12312720,297.118896484375,297.1499938964844,293.1499938964844,0.0,-0.0,285.86981201171875,0.8285351991653442,0.3705514371395111,0.3361899256706238,297.207763671875,297.1499938964844,293.1499938964844,0.0,-0.0,285.8699035644531,0.8638951182365417,0.4233873784542084,0.4034697413444519,297.1717224121094,297.1499938964844,293.1499938964844,0.0,-0.0,285.8698425292969,0.8440665006637573,0.393704891204834,0.2774496376514435,297.1908264160156,297.1499938964844,293.1499938964844,0.0,-0.0,285.8697204589844,0.8044604659080505,0.3376765251159668,0.3229092061519623,297.1473388671875,297.1499938964844,293.1499938964844,0.0,-0.0,285.8692932128906,0.7089964747428894,0.2278080582618713,1.04121994972229,285.8699035644531,286.49462890625,292.9043273925781,287.22735595703125,292.9049987792969,297.16363525390625,285.8715209960937,1.0,0.5553851127624512,1.0,1.0,0.0,1.0,-2.8590087890625,2.8590023517608643,6.567090167663992e-06,2.206101417541504,0.7909148335456848,0.7909148335456848,0.0,157.52328491210938,151.0,20334.203125,-0.0,2103.145263671875,1.0,283.1499938964844,285.1877746582031,290.2083435058594,291.58184814453125,293.1499938964844,293.1499938964844,283.1499938964844,21459.791015625,18000.0,313.1499938964844,0.0,18000.0,1.0,0.0,0.0,0.0,1.0,0.6851962804794312,1.0,0.0,0.0,2.3792717456817627,2.37928318977356,3.7773000371998933e-07,4.265924453735352,4.265914440155029,9.78592834144365e-06,0.0,0.0,-0.0,4101.806640625,0.0,454.71826171875,1895.4371337890625,0.0,1495.940673828125,0.5978365540504456,1.0,0.0,3.0,1.0,0.0
12312780,297.1196594238281,297.1499938964844,293.1499938964844,0.0,-0.0,285.9192199707031,0.8318496346473694,0.3702335357666015,0.3357651233673095,297.2056579589844,297.1499938964844,293.1499938964844,0.0,-0.0,285.9193420410156,0.8682196140289307,0.4239041805267334,0.4038197696208954,297.17169189453125,297.1499938964844,293.1499938964844,0.0,-0.0,285.9192810058594,0.8479560613632202,0.3939745128154754,0.2775317132472992,297.1900939941406,297.1499938964844,293.1499938964844,0.0,-0.0,285.91912841796875,0.8085455298423767,0.3381175398826599,0.3231863677501678,297.1486511230469,297.1499938964844,293.1499938964844,0.0,-0.0,285.9186706542969,0.7123499512672424,0.2279061526060104,1.040943264961243,285.9193420410156,286.5346069335937,292.8721008300781,287.21099853515625,292.8727111816406,297.1634216308594,285.92108154296875,1.0,0.5533952116966248,1.0,1.0,0.0,1.0,-2.8590192794799805,2.8590126037597656,6.56734573567519e-06,2.206202983856201,0.7827907800674438,0.7827907800674438,0.0,154.6480255126953,139.0,20095.353515625,-0.0,2089.143798828125,1.0,283.1499938964844,285.2499389648437,290.1908569335937,291.5501403808594,293.1499938964844,293.1499938964844,283.1499938964844,20383.865234375,18000.0,313.1499938964844,0.0,18000.0,1.0,0.0,0.0,0.0,1.0,0.6811537742614746,1.0,0.0,0.0,2.2812821865081787,2.281292676925659,3.4725727005024964e-07,4.265924453735352,4.265914440155029,9.78592834144365e-06,0.0,0.0,-0.0,4085.941650390625,0.0,403.88232421875,1895.4371337890625,0.0,1465.3150634765625,0.5773767828941345,1.0,0.0,3.0,1.0,0.0
12312840,297.1196594238281,297.1499938964844,293.1499938964844,0.0,-0.0,285.9192199707031,0.8318496346473694,0.3702335357666015,0.3357651233673095,297.2056579589844,297.1499938964844,293.1499938964844,0.0,-0.0,285.9193420410156,0.8682196140289307,0.4239041805267334,0.4038197696208954,297.17169189453125,297.1499938964844,293.1499938964844,0.0,-0.0,285.9192810058594,0.8479560613632202,0.3939745128154754,0.2775317132472992,297.1900939941406,297.1499938964844,293.1499938964844,0.0,-0.0,285.91912841796875,0.8085455298423767,0.3381175398826599,0.3231863677501678,297.1486511230469,297.1499938964844,293.1499938964844,0.0,-0.0,285.9186706542969,0.7123499512672424,0.2279061526060104,1.040943264961243,285.9193420410156,286.5346069335937,292.8721008300781,287.21099853515625,292.8727111816406,297.1634216308594,285.92108154296875,1.0,0.5533952116966248,1.0,1.0,0.0,1.0,-2.8590192794799805,2.8590126037597656,6.56734573567519e-06,2.206202983856201,0.7827907800674438,0.7827907800674438,0.0,154.6480255126953,139.0,20095.353515625,-0.0,2089.143798828125,1.0,283.1499938964844,285.2499389648437,290.1908569335937,291.5501403808594,293.1499938964844,293.1499938964844,283.1499938964844,20383.865234375,18000.0,313.1499938964844,0.0,18000.0,1.0,0.0,0.0,0.0,1.0,0.6811537742614746,1.0,0.0,0.0,2.2812821865081787,2.281292676925659,3.4725727005024964e-07,4.265924453735352,4.265914440155029,9.78592834144365e-06,0.0,0.0,-0.0,4085.941650390625,0.0,403.88232421875,1895.4371337890625,0.0,1465.3150634765625,0.5773767828941345,1.0,0.0,3.0,1.0,0.0
12312900,297.1202697753906,297.1499938964844,293.1499938964844,0.0,-0.0,285.9384765625,0.8356503844261169,0.3701016306877136,0.3355293571949005,297.2048645019531,297.1499938964844,293.1499938964844,0.0,-0.0,285.9385681152344,0.8727982640266418,0.4241765141487121,0.4039546251296997,297.171875,297.1499938964844,293.1499938964844,0.0,-0.0,285.93853759765625,0.8521698713302612,0.3941319584846496,0.2775498330593109,297.1899719238281,297.1499938964844,293.1499938964844,0.0,-0.0,285.9384155273437,0.8127021789550781,0.3383587896823883,0.3232897222042084,297.14971923828125,297.1499938964844,293.1499938964844,0.0,-0.0,285.93798828125,0.7159043550491333,0.2280002534389495,1.0407376289367676,285.9385681152344,286.5535583496094,292.8568115234375,287.20318603515625,292.857421875,297.16363525390625,285.94012451171875,1.0,0.5514088869094849,1.0,1.0,0.0,1.0,-2.858797073364258,2.858790397644043,6.566423053300241e-06,2.206075668334961,0.7786946892738342,0.7786946892738342,0.0,151.60479736328125,139.0,19997.646484375,-0.0,2073.93701171875,1.0,283.1499938964844,285.2741394042969,290.1831970214844,291.5364074707031,293.1499938964844,293.1499938964844,283.1499938964844,20072.900390625,18000.0,313.1499938964844,0.0,18000.0,1.0,0.0,0.0,0.0,1.0,0.6791560649871826,1.0,0.0,0.0,2.24489164352417,2.244901895523072,3.3626690765231615e-07,4.265924453735352,4.265914440155029,9.78592834144365e-06,0.0,0.0,-0.0,4079.658935546875,0.0,386.3988037109375,1895.4371337890625,0.0,1450.3001708984375,0.5689803957939148,1.0,0.0,3.0,1.0,0.0
12312960,297.1208801269531,297.1499938964844,293.1499938964844,0.0,-0.0,285.9556579589844,0.8406025171279907,0.3699716627597809,0.3352721929550171,297.2040405273437,297.1499938964844,293.1499938964844,0.0,-0.0,285.95574951171875,0.8786831498146057,0.4244447648525238,0.4040609002113342,297.1720886230469,297.1499938964844,293.1499938964844,0.0,-0.0,285.9557189941406,0.8576254844665527,0.3942900598049164,0.2775502800941467,297.1898498535156,297.1499938964844,293.1499938964844,0.0,-0.0,285.9555969238281,0.8178625702857971,0.3386018872261047,0.3233698606491089,297.15087890625,297.1499938964844,293.1499938964844,0.0,-0.0,285.9552001953125,0.7203423380851746,0.2281138449907302,1.040500521659851,285.95574951171875,286.5718078613281,292.84210205078125,287.1956481933594,292.8426513671875,297.1639709472656,285.9571533203125,1.0,0.548967182636261,1.0,1.0,0.0,1.0,-2.8584280014038086,2.8584213256835938,6.564822342625121e-06,2.205833673477173,0.7745770812034607,0.7745770812034607,0.0,147.84349060058594,127.0,19905.625,-0.0,2054.988525390625,1.0,283.1499938964844,285.2958984375,290.1761169433594,291.5236511230469,293.1499938964844,293.1499938964844,283.1499938964844,19832.025390625,18000.0,313.1499938964844,0.0,18000.0,1.0,0.0,0.0,0.0,1.0,0.6772275567054749,1.0,0.0,0.0,2.212352752685547,2.212362766265869,3.265894292781013e-07,4.265924453735352,4.265914440155029,9.78592834144365e-06,0.0,0.0,-0.0,4073.7529296875,0.0,371.366455078125,1895.4371337890625,0.0,1435.881591796875,0.5615347027778625,1.0,0.0,3.0,1.0,0.0
12313020,297.12188720703125,297.1499938964844,293.1499938964844,0.0,-0.0,285.98565673828125,0.8537293076515198,0.3697054386138916,0.3347011804580688,297.20233154296875,297.1499938964844,293.1499938964844,0.0,-0.0,285.9857482910156,0.8939777612686157,0.4249560236930847,0.4041964113712311,297.1723327636719,297.1499938964844,293.1499938964844,0.0,-0.0,285.9856872558594,0.8719901442527771,0.394595593214035,0.2775042355060577,297.1896057128906,297.1499938964844,293.1499938964844,0.0,-0.0,285.985595703125,0.8308256268501282,0.3390797078609466,0.3234694302082062,297.1534118652344,297.1499938964844,293.1499938964844,0.0,-0.0,285.9852600097656,0.7315089702606201,0.228382334113121,1.039966344833374,285.9857482910156,286.6063842773437,292.814208984375,287.1813049316406,292.81475830078125,297.1647033691406,285.9869079589844,1.0,0.5431248545646667,1.0,1.0,0.0,1.0,-2.8573272228240967,2.857320785522461,6.55994836051832e-06,2.205065488815308,0.7662733197212219,0.7662733197212219,0.0,138.85394287109375,115.0,19734.3359375,-0.0,2009.36376953125,1.0,283.1499938964844,285.3341979980469,290.1633605957031,291.5003356933594,293.1499938964844,293.1499938964844,283.1499938964844,19501.525390625,18000.0,313.1499938964844,0.0,18000.0,1.0,0.0,0.0,0.0,1.0,0.6736323237419128,1.0,0.0,0.0,2.1554324626922607,2.155441999435425,3.1000038802631025e-07,4.265924453735352,4.265914440155029,9.78592834144365e-06,0.0,0.0,-0.0,4062.768798828125,0.0,346.4242248535156,1895.4371337890625,0.0,1409.203857421875,0.5486717820167542,1.0,0.0,3.0,1.0,0.0
12313080,297.12188720703125,297.1499938964844,293.1499938964844,0.0,-0.0,285.98565673828125,0.8537293076515198,0.3697054386138916,0.3347011804580688,297.20233154296875,297.1499938964844,293.1499938964844,0.0,-0.0,285.9857482910156,0.8939777612686157,0.4249560236930847,0.4041964113712311,297.1723327636719,297.1499938964844,293.1499938964844,0.0,-0.0,285.9856872558594,0.8719901442527771,0.394595593214035,0.2775042355060577,297.1896057128906,297.1499938964844,293.1499938964844,0.0,-0.0,285.985595703125,0.8308256268501282,0.3390797078609466,0.3234694302082062,297.1534118652344,297.1499938964844,293.1499938964844,0.0,-0.0,285.9852600097656,0.7315089702606201,0.228382334113121,1.039966344833374,285.9857482910156,286.6063842773437,292.814208984375,287.1813049316406,292.81475830078125,297.1647033691406,285.9869079589844,1.0,0.5431248545646667,1.0,1.0,0.0,1.0,-2.8573272228240967,2.857320785522461,6.55994836051832e-06,2.205065488815308,0.7662733197212219,0.7662733197212219,0.0,138.85394287109375,115.0,19734.3359375,-0.0,2009.36376953125,1.0,283.1499938964844,285.3341979980469,290.1633605957031,291.5003356933594,293.1499938964844,293.1499938964844,283.1499938964844,19501.525390625,18000.0,313.1499938964844,0.0,18000.0,1.0,0.0,0.0,0.0,1.0,0.6736323237419128,1.0,0.0,0.0,2.1554324626922607,2.155441999435425,3.1000038802631025e-07,4.265924453735352,4.265914440155029,9.78592834144365e-06,0.0,0.0,-0.0,4062.768798828125,0.0,346.4242248535156,1895.4371337890625,0.0,1409.203857421875,0.5486717820167542,1.0,0.0,3.0,1.0,0.0
12313140,297.1226806640625,297.1499938964844,293.1499938964844,0.0,-0.0,286.0120849609375,0.8714134097099304,0.3694292902946472,0.3340753614902496,297.2004699707031,297.1499938964844,293.1499938964844,0.0,-0.0,286.0121765136719,0.9145007133483888,0.4254288077354431,0.4042482674121856,297.1723937988281,297.1499938964844,293.1499938964844,0.0,-0.0,286.0121154785156,0.8910433650016785,0.3948850631713867,0.2774113714694977,297.1891784667969,297.1499938964844,293.1499938964844,0.0,-0.0,286.0120544433594,0.8477193117141724,0.3395384550094604,0.3235044777393341,297.1560363769531,297.1499938964844,293.1499938964844,0.0,-0.0,286.0117492675781,0.7460727691650391,0.2286902219057083,1.039399027824402,286.0121765136719,286.6383972167969,292.78839111328125,287.16796875,292.78887939453125,297.1655578613281,286.01324462890625,1.0,0.5364387631416321,1.0,1.0,0.0,1.0,-2.855886459350586,2.855879783630371,6.553503226314206e-06,2.2040297985076904,0.7578852772712708,0.7578852772712708,0.0,128.63072204589844,103.0,19575.0390625,-0.0,1957.2137451171875,1.0,283.1499938964844,285.3681640625,290.151611328125,291.4789123535156,293.1499938964844,293.1499938964844,283.1499938964844,19306.30078125,18000.0,313.1499938964844,0.0,18000.0,1.0,0.0,0.0,0.0,1.0,0.6703662276268005,1.0,0.0,0.0,2.1055705547332764,2.1055798530578613,2.95823724627553e-07,4.265924453735352,4.265914440155029,9.78592834144365e-06,0.0,0.0,-0.0,4052.50439453125,0.0,325.9410705566406,1895.4371337890625,0.0,1385.200439453125,0.5375863313674927,1.0,0.0,3.0,1.0,0.0
12313200,297.1226806640625,297.1499938964844,293.1499938964844,0.0,-0.0,286.0120849609375,0.8714134097099304,0.3694292902946472,0.3340753614902496,297.2004699707031,297.1499938964844,293.1499938964844,0.0,-0.0,286.0121765136719,0.9145007133483888,0.4254288077354431,0.4042482674121856,297.1723937988281,297.1499938964844,293.1499938964844,0.0,-0.0,286.0121154785156,0.8910433650016785,0.3948850631713867,0.2774113714694977,297.1891784667969,297.1499938964844,293.1499938964844,0.0,-0.0,286.0120544433594,0.8477193117141724,0.3395384550094604,0.3235044777393341,297.1560363769531,297.1499938964844,293.1499938964844,0.0,-0.0,286.0117492675781,0.7460727691650391,0.2286902219057083,1.039399027824402,286.0121765136719,286.6383972167969,292.78839111328125,287.16796875,292.78887939453125,297.1655578613281,286.01324462890625,1.0,0.5364387631416321,1.0,1.0,0.0,1.0,-2.855886459350586,2.855879783630371,6.553503226314206e-06,2.2040297985076904,0.7578852772712708,0.7578852772712708,0.0,128.63072204589844,103.0,19575.0390625,-0.0,1957.2137451171875,1.0,283.1499938964844,285.3681640625,290.151611328125,291.4789123535156,293.1499938964844,293.1499938964844,283.1499938964844,19306.30078125,18000.0,313.1499938964844,0.0,18000.0,1.0,0.0,0.0,0.0,1.0,0.6703662276268005,1.0,0.0,0.0,2.1055705547332764,2.1055798530578613,2.95823724627553e-07,4.265924453735352,4.265914440155029,9.78592834144365e-06,0.0,0.0,-0.0,4052.50439453125,0.0,325.9410705566406,1895.4371337890625,0.0,1385.200439453125,0.5375863313674927,1.0,0.0,3.0,1.0,0.0
12313260,297.12335205078125,297.1499938964844,293.1499938964844,0.0,-0.0,286.0369567871094,0.894453227519989,0.3691514134407043,0.333419919013977,297.198486328125,297.1499938964844,293.1499938964844,0.0,-0.0,286.0370178222656,0.942663848400116,0.4258667826652527,0.4042394459247589,297.1723022460937,297.1499938964844,293.1499938964844,0.0,-0.0,286.0369873046875,0.9160937666893004,0.3951599597930908,0.2772882580757141,297.1886291503906,297.1499938964844,293.1499938964844,0.0,-0.0,286.03692626953125,0.8698530197143555,0.3399796783924103,0.3234948515892029,297.1586303710937,297.1499938964844,293.1499938964844,0.0,-0.0,286.03662109375,0.765232264995575,0.2290291041135788,1.0388470888137815,286.0370178222656,286.66802978515625,292.7644958496094,287.1556396484375,292.76495361328125,297.16650390625,286.0380859375,1.0,0.5292413830757141,1.0,1.0,0.0,1.0,-2.854265213012696,2.85425877571106,6.546227268700022e-06,2.2028517723083496,0.7494381070137024,0.7494381070137024,0.0,117.71150970458984,91.0,19423.521484375,-0.0,1901.440185546875,1.0,283.1499938964844,285.4001159667969,290.1404113769531,291.4585266113281,293.1499938964844,293.1499938964844,283.1499938964844,19192.0078125,18000.0,313.1499938964844,0.0,18000.0,1.0,0.0,0.0,0.0,1.0,0.6673277020454407,1.0,0.0,0.0,2.059725046157837,2.0597341060638428,2.830817891208426e-07,4.265924453735352,4.265914440155029,9.78592834144365e-06,0.0,0.0,-0.0,4042.683837890625,0.0,308.13922119140625,1895.4371337890625,0.0,1363.070556640625,0.5275358557701111,1.0,0.0,3.0,1.0,0.0
12313320,297.12335205078125,297.1499938964844,293.1499938964844,0.0,-0.0,286.0369567871094,0.894453227519989,0.3691514134407043,0.333419919013977,297.198486328125,297.1499938964844,293.1499938964844,0.0,-0.0,286.0370178222656,0.942663848400116,0.4258667826652527,0.4042394459247589,297.1723022460937,297.1499938964844,293.1499938964844,0.0,-0.0,286.0369873046875,0.9160937666893004,0.3951599597930908,0.2772882580757141,297.1886291503906,297.1499938964844,293.1499938964844,0.0,-0.0,286.03692626953125,0.8698530197143555,0.3399796783924103,0.3234948515892029,297.1586303710937,297.1499938964844,293.1499938964844,0.0,-0.0,286.03662109375,0.765232264995575,0.2290291041135788,1.0388470888137815,286.0370178222656,286.66802978515625,292.7644958496094,287.1556396484375,292.76495361328125,297.16650390625,286.0380859375,1.0,0.5292413830757141,1.0,1.0,0.0,1.0,-2.854265213012696,2.85425877571106,6.546227268700022e-06,2.2028517723083496,0.7494381070137024,0.7494381070137024,0.0,117.71150970458984,91.0,19423.521484375,-0.0,1901.440185546875,1.0,283.1499938964844,285.4001159667969,290.1404113769531,291.4585266113281,293.1499938964844,293.1499938964844,283.1499938964844,19192.0078125,18000.0,313.1499938964844,0.0,18000.0,1.0,0.0,0.0,0.0,1.0,0.6673277020454407,1.0,0.0,0.0,2.059725046157837,2.0597341060638428,2.830817891208426e-07,4.265924453735352,4.265914440155029,9.78592834144365e-06,0.0,0.0,-0.0,4042.683837890625,0.0,308.13922119140625,1895.4371337890625,0.0,1363.070556640625,0.5275358557701111,1.0,0.0,3.0,1.0,0.0
12313380,297.1236877441406,297.1499938964844,293.1499938964844,0.0,-0.0,286.0497131347656,0.9091707468032836,0.3690101206302643,0.3330742716789245,297.1973876953125,297.1499938964844,293.1499938964844,0.0,-0.0,286.0497741699219,0.95928555727005,0.4260790944099426,0.4042140245437622,297.1722412109375,297.1499938964844,293.1499938964844,0.0,-0.0,286.0497436523437,0.9331443309783936,0.3952983617782593,0.2772155106067657,297.1883239746094,297.1499938964844,293.1499938964844,0.0,-0.0,286.0496520996094,0.8840431571006775,0.3402043581008911,0.3234777450561523,297.1599426269531,297.1499938964844,293.1499938964844,0.0,-0.0,286.04937744140625,0.777581512928009,0.2292180508375167,1.0385831594467163,286.0497741699219,286.6825256347656,292.7528076171875,287.1496276855469,292.75323486328125,297.1670227050781,286.0508117675781,1.0,0.5253605246543884,1.0,1.0,0.0,1.0,-2.853394031524658,2.8533875942230225,6.542313712998293e-06,2.202216148376465,0.7450328469276428,0.7450328469276428,0.0,111.85811614990234,91.0,19346.95703125,-0.0,1871.5645751953125,1.0,283.1499938964844,285.4163818359375,290.134765625,291.4482116699219,293.1499938964844,293.1499938964844,283.1499938964844,19153.333984375,18000.0,313.1499938964844,0.0,18000.0,1.0,0.0,0.0,0.0,1.0,0.6658031344413757,1.0,0.0,0.0,2.03687596321106,2.0368847846984863,2.7683597636496415e-07,4.265924453735352,4.265914440155029,9.78592834144365e-06,0.0,0.0,-0.0,4037.7177734375,0.0,299.6042175292969,1895.4371337890625,0.0,1352.04150390625,0.5225721001625061,1.0,0.0,3.0,1.0,0.0
12313440,297.1240234375,297.1499938964844,293.1499938964844,0.0,-0.0,286.0615234375,0.9260945916175842,0.3688835203647613,0.3327555060386657,297.1963806152344,297.1499938964844,293.1499938964844,0.0,-0.0,286.06158447265625,0.975047528743744,0.4262689054012298,0.4041807949542999,297.1721496582031,297.1499938964844,293.1499938964844,0.0,-0.0,286.0615539550781,0.9506465196609496,0.3954253792762756,0.2771454155445099,297.18804931640625,297.1499938964844,293.1499938964844,0.0,-0.0,286.0614624023437,0.8990753293037415,0.340410441160202,0.3234576284885406,297.16119384765625,297.1499938964844,293.1499938964844,0.0,-0.0,286.0611877441406,0.7907193303108215,0.2293996512889862,1.0383596420288086,286.06158447265625,286.69537353515625,292.742431640625,287.1443176269531,292.74285888671875,297.1675720214844,286.0626525878906,1.0,0.5217211842536926,1.0,1.0,0.0,1.0,-2.8525941371917725,2.8525876998901367,6.538719844684238e-06,2.201632261276245,0.7409663200378418,0.7409663200378418,0.0,106.38838958740234,94.0,19277.25,-0.0,1843.68603515625,1.0,283.1499938964844,285.431396484375,290.12969970703125,291.4389038085937,293.1499938964844,293.1499938964844,283.1499938964844,19125.38671875,18000.0,313.1499938964844,0.0,18000.0,1.0,0.0,0.0,0.0,1.0,0.6644114851951599,1.0,0.0,0.0,2.01615047454834,2.0161592960357666,2.712309594699036e-07,4.265924453735352,4.265914440155029,9.78592834144365e-06,0.0,0.0,-0.0,4033.206298828125,0.0,292.0386047363281,1895.4371337890625,0.0,1342.0174560546875,0.5180910229682922,1.0,0.0,3.0,1.0,0.0
12313500,297.1243896484375,297.1499938964844,293.1499938964844,0.0,-0.0,286.07427978515625,0.9379823803901672,0.368754118680954,0.3325110673904419,297.1953430175781,297.1499938964844,293.1499938964844,0.0,-0.0,286.0743408203125,0.9848703742027284,0.4264612197875976,0.4042292237281799,297.17205810546875,297.1499938964844,293.1499938964844,0.0,-0.0,286.0743103027344,0.9620864391326904,0.3955561220645904,0.2771373391151428,297.1877746582031,297.1499938964844,293.1499938964844,0.0,-0.0,286.07421875,0.9098524451255798,0.3406233191490173,0.3235241770744324,297.1624450683594,297.1499938964844,293.1499938964844,0.0,-0.0,286.07391357421875,0.7999464273452759,0.2295949310064315,1.038581132888794,286.0743408203125,286.7082214355469,292.7320556640625,287.1390380859375,292.73248291015625,297.16815185546875,286.07550048828125,1.0,0.5198091864585876,1.0,1.0,0.0,1.0,-2.8526926040649414,2.8526859283447266,6.5391886892030016e-06,2.201716184616089,0.7367386817932129,0.7367386817932129,0.0,102.9748992919922,94.0,19209.44921875,-0.0,1827.2376708984373,1.0,283.1499938964844,285.4474182128906,290.1246032714844,291.429443359375,293.1499938964844,293.1499938964844,283.1499938964844,19102.75390625,18000.0,313.1499938964844,0.0,18000.0,1.0,0.0,0.0,0.0,1.0,0.6629756093025208,1.0,0.0,0.0,1.9948866367340088,1.994895339012146,2.655399100603973e-07,4.265924453735352,4.265914440155029,9.78592834144365e-06,0.0,0.0,-0.0,4028.7099609375,0.0,284.4440002441406,1895.4371337890625,0.0,1331.718994140625,0.5135135650634766,1.0,0.0,3.0,1.0,0.0
12313560,297.1246643066406,297.1499938964844,293.1499938964844,0.0,-0.0,286.0877380371094,0.9457687139511108,0.3686190247535705,0.3323124945163727,297.1943054199219,297.1499938964844,293.1499938964844,0.0,-0.0,286.0877990722656,0.9909598231315612,0.4266443252563476,0.4043206870555877,297.171875,297.1499938964844,293.1499938964844,0.0,-0.0,286.0877685546875,0.9693599343299866,0.3956793844699859,0.2771628201007843,297.1874084472656,297.1499938964844,293.1499938964844,0.0,-0.0,286.0876770019531,0.917679727077484,0.3408284485340118,0.3236360549926758,297.16363525390625,297.1499938964844,293.1499938964844,0.0,-0.0,286.0873718261719,0.8062090277671814,0.2297883629798889,1.0390487909317017,286.0877990722656,286.7205505371094,292.7221374511719,287.134033203125,292.7225341796875,297.168701171875,286.0889892578125,1.0,0.518599808216095,1.0,1.0,0.0,1.0,-2.853290319442749,2.853283643722534,6.5420003920735326e-06,2.20220947265625,0.7325313091278076,0.7325313091278076,0.0,100.85022735595705,97.0,19145.068359375,-0.0,1817.8411865234373,1.0,283.1499938964844,285.4639587402344,290.1197814941406,291.42047119140625,293.1499938964844,293.1499938964844,283.1499938964844,19084.224609375,18000.0,313.1499938964844,0.0,18000.0,1.0,0.0,0.0,0.0,1.0,0.6615626215934753,1.0,0.0,0.0,1.9738904237747192,1.973899006843567,2.5997971420110844e-07,4.265924453735352,4.265914440155029,9.78592834144365e-06,0.0,0.0,-0.0,4024.486328125,0.0,277.100341796875,1895.4371337890625,0.0,1321.62841796875,0.5090101361274719,1.0,0.0,3.0,1.0,0.0
12313620,297.1249694824219,297.1499938964844,293.1499938964844,0.0,-0.0,286.1158752441406,0.9529511332511902,0.3683294057846069,0.3319852352142334,297.1921691894531,297.1499938964844,293.1499938964844,0.0,-0.0,286.115966796875,0.9965354204177856,0.426988810300827,0.4045725166797638,297.17138671875,297.1499938964844,293.1499938964844,0.0,-0.0,286.11590576171875,0.9761106371879578,0.39590585231781,0.2772667109966278,297.1865539550781,297.1499938964844,293.1499938964844,0.0,-0.0,286.1158142089844,0.925668478012085,0.341214656829834,0.3239288330078125,297.1656188964844,297.1499938964844,293.1499938964844,0.0,-0.0,286.115478515625,0.8123032450675964,0.2301632165908813,1.0403738021850586,286.115966796875,286.7436828613281,292.7034606933594,287.1247253417969,292.7038269042969,297.1696472167969,286.1172180175781,1.0,0.5177544355392456,1.0,1.0,0.0,1.0,-2.855268239974976,2.85526180267334,6.551236765517388e-06,2.20380973815918,0.7241918444633484,0.7241918444633484,0.0,98.95279693603516,115.0,19021.697265625,-0.0,1811.7120361328125,1.0,283.1499938964844,285.4980163574219,290.11114501953125,291.4039306640625,293.1499938964844,293.1499938964844,283.1499938964844,19054.890625,18000.0,313.1499938964844,0.0,18000.0,1.0,0.0,0.0,0.0,1.0,0.6588394641876221,1.0,0.0,0.0,1.932546734809876,1.932555079460144,2.492030830580916e-07,4.265924453735352,4.265914440155029,9.78592834144365e-06,0.0,0.0,-0.0,4016.5576171875,0.0,263.0682983398437,1895.4371337890625,0.0,1302.30615234375,0.5001847147941589,1.0,0.0,3.0,1.0,0.0
12313680,297.1249694824219,297.1499938964844,293.1499938964844,0.0,-0.0,286.1158752441406,0.9529511332511902,0.3683294057846069,0.3319852352142334,297.1921691894531,297.1499938964844,293.1499938964844,0.0,-0.0,286.115966796875,0.9965354204177856,0.426988810300827,0.4045725166797638,297.17138671875,297.1499938964844,293.1499938964844,0.0,-0.0,286.11590576171875,0.9761106371879578,0.39590585231781,0.2772667109966278,297.1865539550781,297.1499938964844,293.1499938964844,0.0,-0.0,286.1158142089844,0.925668478012085,0.341214656829834,0.3239288330078125,297.1656188964844,297.1499938964844,293.1499938964844,0.0,-0.0,286.115478515625,0.8123032450675964,0.2301632165908813,1.0403738021850586,286.115966796875,286.7436828613281,292.7034606933594,287.1247253417969,292.7038269042969,297.1696472167969,286.1172180175781,1.0,0.5177544355392456,1.0,1.0,0.0,1.0,-2.855268239974976,2.85526180267334,6.551236765517388e-06,2.20380973815918,0.7241918444633484,0.7241918444633484,0.0,98.95279693603516,115.0,19021.697265625,-0.0,1811.7120361328125,1.0,283.1499938964844,285.4980163574219,290.11114501953125,291.4039306640625,293.1499938964844,293.1499938964844,283.1499938964844,19054.890625,18000.0,313.1499938964844,0.0,18000.0,1.0,0.0,0.0,0.0,1.0,0.6588394641876221,1.0,0.0,0.0,1.932546734809876,1.932555079460144,2.492030830580916e-07,4.265924453735352,4.265914440155029,9.78592834144365e-06,0.0,0.0,-0.0,4016.5576171875,0.0,263.0682983398437,1895.4371337890625,0.0,1302.30615234375,0.5001847147941589,1.0,0.0,3.0,1.0,0.0
12313740,297.1249084472656,297.1499938964844,293.1499938964844,0.0,-0.0,286.1466064453125,0.9306255578994752,0.3680061995983124,0.331930547952652,297.1899719238281,297.1499938964844,293.1499938964844,0.0,-0.0,286.146728515625,0.980197012424469,0.4273006618022918,0.4051109254360199,297.170654296875,297.1499938964844,293.1499938964844,0.0,-0.0,286.14666748046875,0.9563770294189452,0.3961037099361419,0.2775844931602478,297.1854248046875,297.1499938964844,293.1499938964844,0.0,-0.0,286.1465759277344,0.9047517776489258,0.3415631949901581,0.3245033621788025,297.1670837402344,297.1499938964844,293.1499938964844,0.0,-0.0,286.14617919921875,0.7960448861122131,0.2305108904838562,1.0430922508239746,286.146728515625,286.7649230957031,292.6863708496094,287.116455078125,292.68670654296875,297.1703186035156,286.14813232421875,1.0,0.5228605270385742,1.0,1.0,0.0,1.0,-2.8601858615875244,2.8601794242858887,6.573935934284236e-06,2.207656145095825,0.7160071134567261,0.7160071134567261,0.0,105.12814331054688,133.0,18913.021484375,-0.0,1849.564453125,1.0,283.1499938964844,285.5342712402344,290.1036376953125,291.38922119140625,293.1499938964844,293.1499938964844,283.1499938964844,19029.0390625,18000.0,313.1499938964844,0.0,18000.0,1.0,0.0,0.0,0.0,1.0,0.6562699675559998,1.0,0.0,0.0,1.891992688179016,1.8920007944107056,2.3885388600319857e-07,4.265924453735352,4.265914440155029,9.78592834144365e-06,0.0,0.0,-0.0,4009.546142578125,0.0,249.8209228515625,1895.4371337890625,0.0,1284.225341796875,0.4915730953216553,1.0,0.0,3.0,1.0,0.0
12313800,297.1249084472656,297.1499938964844,293.1499938964844,0.0,-0.0,286.1466064453125,0.9306255578994752,0.3680061995983124,0.331930547952652,297.1899719238281,297.1499938964844,293.1499938964844,0.0,-0.0,286.146728515625,0.980197012424469,0.4273006618022918,0.4051109254360199,297.170654296875,297.1499938964844,293.1499938964844,0.0,-0.0,286.14666748046875,0.9563770294189452,0.3961037099361419,0.2775844931602478,297.1854248046875,297.1499938964844,293.1499938964844,0.0,-0.0,286.1465759277344,0.9047517776489258,0.3415631949901581,0.3245033621788025,297.1670837402344,297.1499938964844,293.1499938964844,0.0,-0.0,286.14617919921875,0.7960448861122131,0.2305108904838562,1.0430922508239746,286.146728515625,286.7649230957031,292.6863708496094,287.116455078125,292.68670654296875,297.1703186035156,286.14813232421875,1.0,0.5228605270385742,1.0,1.0,0.0,1.0,-2.8601858615875244,2.8601794242858887,6.573935934284236e-06,2.207656145095825,0.7160071134567261,0.7160071134567261,0.0,105.12814331054688,133.0,18913.021484375,-0.0,1849.564453125,1.0,283.1499938964844,285.5342712402344,290.1036376953125,291.38922119140625,293.1499938964844,293.1499938964844,283.1499938964844,19029.0390625,18000.0,313.1499938964844,0.0,18000.0,1.0,0.0,0.0,0.0,1.0,0.6562699675559998,1.0,0.0,0.0,1.891992688179016,1.8920007944107056,2.3885388600319857e-07,4.265924453735352,4.265914440155029,9.78592834144365e-06,0.0,0.0,-0.0,4009.546142578125,0.0,249.8209228515625,1895.4371337890625,0.0,1284.225341796875,0.4915730953216553,1.0,0.0,3.0,1.0,0.0
12313860,297.1243591308594,297.1499938964844,293.1499938964844,0.0,-0.0,286.1795959472656,0.8975908160209656,0.367632508277893,0.3320192396640777,297.18756103515625,297.1499938964844,293.1499938964844,0.0,-0.0,286.1796875,0.9491403102874756,0.4275643825531006,0.4058030545711517,297.16961669921875,297.1499938964844,293.1499938964844,0.0,-0.0,286.1796569824219,0.9221312403678894,0.396260142326355,0.2780201137065887,297.1839294433594,297.1499938964844,293.1499938964844,0.0,-0.0,286.1795349121094,0.875663697719574,0.3418623208999634,0.3252296447753906,297.1678466796875,297.1499938964844,293.1499938964844,0.0,-0.0,286.1791381835937,0.7708286643028259,0.2308037877082824,1.0465251207351685,286.1796875,286.7843322753906,292.67071533203125,287.1092224121094,292.6710205078125,297.1704406738281,286.18115234375,1.0,0.5311063528060913,1.0,1.0,0.0,1.0,-2.8666462898254395,2.8666396141052246,6.6038628574460745e-06,2.212730646133423,0.7080331444740295,0.7080331444740295,0.0,116.38313293457033,151.0,18813.318359375,-0.0,1914.8450927734373,1.0,283.1499938964844,285.572265625,290.097412109375,291.3765563964844,293.1499938964844,293.1499938964844,283.1499938964844,19001.69140625,18000.0,313.1499938964844,0.0,18000.0,1.0,0.0,0.0,0.0,1.0,0.6539105772972107,1.0,0.0,0.0,1.852330446243286,1.8523383140563965,2.289445433234505e-07,4.265924453735352,4.265914440155029,9.78592834144365e-06,0.0,0.0,-0.0,4003.35107421875,0.0,237.3305511474609,1895.4371337890625,0.0,1267.7545166015625,0.4831866919994354,1.0,0.0,3.0,1.0,0.0
12313920,297.1243591308594,297.1499938964844,293.1499938964844,0.0,-0.0,286.1795959472656,0.8975908160209656,0.367632508277893,0.3320192396640777,297.18756103515625,297.1499938964844,293.1499938964844,0.0,-0.0,286.1796875,0.9491403102874756,0.4275643825531006,0.4058030545711517,297.16961669921875,297.1499938964844,293.1499938964844,0.0,-0.0,286.1796569824219,0.9221312403678894,0.396260142326355,0.2780201137065887,297.1839294433594,297.1499938964844,293.1499938964844,0.0,-0.0,286.1795349121094,0.875663697719574,0.3418623208999634,0.3252296447753906,297.1678466796875,297.1499938964844,293.1499938964844,0.0,-0.0,286.1791381835937,0.7708286643028259,0.2308037877082824,1.0465251207351685,286.1796875,286.7843322753906,292.67071533203125,287.1092224121094,292.6710205078125,297.1704406738281,286.18115234375,1.0,0.5311063528060913,1.0,1.0,0.0,1.0,-2.8666462898254395,2.8666396141052246,6.6038628574460745e-06,2.212730646133423,0.7080331444740295,0.7080331444740295,0.0,116.38313293457033,151.0,18813.318359375,-0.0,1914.8450927734373,1.0,283.1499938964844,285.572265625,290.097412109375,291.3765563964844,293.1499938964844,293.1499938964844,283.1499938964844,19001.69140625,18000.0,313.1499938964844,0.0,18000.0,1.0,0.0,0.0,0.0,1.0,0.6539105772972107,1.0,0.0,0.0,1.852330446243286,1.8523383140563965,2.289445433234505e-07,4.265924453735352,4.265914440155029,9.78592834144365e-06,0.0,0.0,-0.0,4003.35107421875,0.0,237.3305511474609,1895.4371337890625,0.0,1267.7545166015625,0.4831866919994354,1.0,0.0,3.0,1.0,0.0
12313980,297.12353515625,297.1499938964844,293.1499938964844,0.0,-0.0,286.2138366699219,0.8673323392868042,0.367224782705307,0.332182914018631,297.18511962890625,297.1499938964844,293.1499938964844,0.0,-0.0,286.2139587402344,0.913607120513916,0.4277929067611694,0.4065737426280975,297.1684265136719,297.1499938964844,293.1499938964844,0.0,-0.0,286.2138977050781,0.8897201418876648,0.3963890969753265,0.2785190045833587,297.18231201171875,297.1499938964844,293.1499938964844,0.0,-0.0,286.2138061523437,0.8475756049156189,0.342125803232193,0.3260338902473449,297.16796875,297.1499938964844,293.1499938964844,0.0,-0.0,286.2134094238281,0.7465656399726868,0.231045126914978,1.0502660274505615,286.2139587402344,286.8020324707031,292.6564025878906,287.1029663085937,292.6567077636719,297.1701354980469,286.2154846191406,1.0,0.5411519408226013,1.0,1.0,0.0,1.0,-2.8738315105438232,2.8738248348236084,6.637225851591211e-06,2.2183737754821777,0.7003013491630554,0.7003013491630554,0.0,130.5891571044922,169.0,18718.4140625,-0.0,1996.0657958984373,1.0,283.1499938964844,285.6112365722656,290.09210205078125,291.3652648925781,293.1499938964844,293.1499938964844,283.1499938964844,18971.3125,18000.0,313.1499938964844,0.0,18000.0,1.0,0.0,0.0,0.0,1.0,0.6517424583435059,1.0,0.0,0.0,1.813696265220642,1.813704013824463,2.194939270339092e-07,4.265924453735352,4.265914440155029,9.78592834144365e-06,0.0,0.0,-0.0,3997.646240234375,0.0,225.59132385253903,1895.4371337890625,0.0,1252.73046875,0.4750500023365021,1.0,0.0,3.0,1.0,0.0
12314040,297.12353515625,297.1499938964844,293.1499938964844,0.0,-0.0,286.2138366699219,0.8673323392868042,0.367224782705307,0.332182914018631,297.18511962890625,297.1499938964844,293.1499938964844,0.0,-0.0,286.2139587402344,0.913607120513916,0.4277929067611694,0.4065737426280975,297.1684265136719,297.1499938964844,293.1499938964844,0.0,-0.0,286.2138977050781,0.8897201418876648,0.3963890969753265,0.2785190045833587,297.18231201171875,297.1499938964844,293.1499938964844,0.0,-0.0,286.2138061523437,0.8475756049156189,0.342125803232193,0.3260338902473449,297.16796875,297.1499938964844,293.1499938964844,0.0,-0.0,286.2134094238281,0.7465656399726868,0.231045126914978,1.0502660274505615,286.2139587402344,286.8020324707031,292.6564025878906,287.1029663085937,292.6567077636719,297.1701354980469,286.2154846191406,1.0,0.5411519408226013,1.0,1.0,0.0,1.0,-2.8738315105438232,2.8738248348236084,6.637225851591211e-06,2.2183737754821777,0.7003013491630554,0.7003013491630554,0.0,130.5891571044922,169.0,18718.4140625,-0.0,1996.0657958984373,1.0,283.1499938964844,285.6112365722656,290.09210205078125,291.3652648925781,293.1499938964844,293.1499938964844,283.1499938964844,18971.3125,18000.0,313.1499938964844,0.0,18000.0,1.0,0.0,0.0,0.0,1.0,0.6517424583435059,1.0,0.0,0.0,1.813696265220642,1.813704013824463,2.194939270339092e-07,4.265924453735352,4.265914440155029,9.78592834144365e-06,0.0,0.0,-0.0,3997.646240234375,0.0,225.59132385253903,1895.4371337890625,0.0,1252.73046875,0.4750500023365021,1.0,0.0,3.0,1.0,0.0
12314100,297.1230773925781,297.1499938964844,293.1499938964844,0.0,-0.0,286.2313232421875,0.8537665605545044,0.3670135140419006,0.3322833180427551,297.1839599609375,297.1499938964844,293.1499938964844,0.0,-0.0,286.2314147949219,0.8983632326126099,0.4278989136219024,0.406977891921997,297.1678466796875,297.1499938964844,293.1499938964844,0.0,-0.0,286.2313537597656,0.8755263090133667,0.3964482247829437,0.2787843644618988,297.18145751953125,297.1499938964844,293.1499938964844,0.0,-0.0,286.23126220703125,0.8351259827613831,0.3422490656375885,0.3264546692371368,297.1678771972656,297.1499938964844,293.1499938964844,0.0,-0.0,286.2308654785156,0.7358283996582031,0.2311495691537857,1.052192211151123,286.2314147949219,286.810302734375,292.6497497558594,287.1002197265625,292.6500244140625,297.1698608398437,286.2329406738281,1.0,0.5465753078460693,1.0,1.0,0.0,1.0,-2.877577543258667,2.8775711059570312,6.654652679571882e-06,2.221315383911133,0.6965352296829224,0.6965352296829224,0.0,138.40890502929688,169.0,18672.2734375,-0.0,2040.59814453125,1.0,283.1499938964844,285.6309509277344,290.0897216796875,291.3599853515625,293.1499938964844,293.1499938964844,283.1499938964844,18954.765625,18000.0,313.1499938964844,0.0,18000.0,1.0,0.0,0.0,0.0,1.0,0.6507102847099304,1.0,0.0,0.0,1.794814944267273,1.7948224544525146,2.149476614476953e-07,4.265924453735352,4.265914440155029,9.78592834144365e-06,0.0,0.0,-0.0,3994.934814453125,0.0,220.0037078857422,1895.4371337890625,0.0,1245.6160888671875,0.4710847735404968,1.0,0.0,3.0,1.0,0.0
12314160,297.1226501464844,297.1499938964844,293.1499938964844,0.0,-0.0,286.2489318847656,0.841450572013855,0.3667998015880584,0.3323931097984314,297.18280029296875,297.1499938964844,293.1499938964844,0.0,-0.0,286.2490234375,0.8847013711929321,0.4280019104480743,0.4073913991451263,297.16729736328125,297.1499938964844,293.1499938964844,0.0,-0.0,286.2489624023437,0.8625097274780273,0.3965062201023102,0.2790579795837402,297.1806640625,297.1499938964844,293.1499938964844,0.0,-0.0,286.2488708496094,0.8236779570579529,0.3423691391944885,0.3268846273422241,297.1676940917969,297.1499938964844,293.1499938964844,0.0,-0.0,286.2484741210937,0.7259414792060852,0.2312450110912323,1.0541367530822754,286.2490234375,286.8182067871094,292.64337158203125,287.0977478027344,292.6436462402344,297.1695556640625,286.2505798339844,1.0,0.5521650314331055,1.0,1.0,0.0,1.0,-2.8813893795013428,2.881382703781128,6.672407835139893e-06,2.224308490753174,0.692840576171875,0.692840576171875,0.0,146.5612030029297,172.0,18626.8984375,-0.0,2086.989013671875,1.0,283.1499938964844,285.6507568359375,290.0874938964844,291.3549499511719,293.1499938964844,293.1499938964844,283.1499938964844,18937.310546875,18000.0,313.1499938964844,0.0,18000.0,1.0,0.0,0.0,0.0,1.0,0.6497018933296204,1.0,0.0,0.0,1.7762553691864014,1.7762629985809326,2.1052527188203385e-07,4.265924453735352,4.265914440155029,9.78592834144365e-06,0.0,0.0,-0.0,3992.31005859375,0.0,214.60552978515625,1895.4371337890625,0.0,1238.6893310546875,0.4671944379806518,1.0,0.0,3.0,1.0,0.0
12314220,297.1220092773437,297.1499938964844,293.1499938964844,0.0,-0.0,286.283203125,0.8272959589958191,0.3663889169692993,0.3324126601219177,297.1808166503906,297.1499938964844,293.1499938964844,0.0,-0.0,286.2832946777344,0.8689973950386047,0.4282153248786926,0.4080022573471069,297.1664428710937,297.1499938964844,293.1499938964844,0.0,-0.0,286.2832336425781,0.8477545380592346,0.3966375589370727,0.2794502377510071,297.1792907714844,297.1499938964844,293.1499938964844,0.0,-0.0,286.2831420898437,0.8100757002830505,0.3426168262958526,0.3275280594825744,297.16729736328125,297.1499938964844,293.1499938964844,0.0,-0.0,286.2827453613281,0.7141492366790771,0.2314271181821823,1.0569242238998413,286.2832946777344,286.8329162597656,292.6315002441406,287.093505859375,292.6317443847656,297.1689147949219,286.28472900390625,1.0,0.5591323971748352,1.0,1.0,0.0,1.0,-2.8867456912994385,2.886739015579224,6.697538083244581e-06,2.228577136993408,0.6856431365013123,0.6856431365013123,0.0,157.29893493652344,160.0,18528.3203125,-0.0,2148.845458984375,1.0,283.1499938964844,285.6894226074219,290.08349609375,291.34521484375,293.1499938964844,293.1499938964844,283.1499938964844,18900.779296875,18000.0,313.1499938964844,0.0,18000.0,1.0,0.0,0.0,0.0,1.0,0.6477069854736328,1.0,0.0,0.0,1.740090012550354,1.7400974035263062,2.02039757368766e-07,4.265924453735352,4.265914440155029,9.78592834144365e-06,0.0,0.0,-0.0,3986.919921875,0.0,204.3545379638672,1895.4371337890625,0.0,1225.0562744140625,0.4596366882324219,1.0,0.0,3.0,1.0,0.0
12314280,297.1220092773437,297.1499938964844,293.1499938964844,0.0,-0.0,286.283203125,0.8272959589958191,0.3663889169692993,0.3324126601219177,297.1808166503906,297.1499938964844,293.1499938964844,0.0,-0.0,286.2832946777344,0.8689973950386047,0.4282153248786926,0.4080022573471069,297.1664428710937,297.1499938964844,293.1499938964844,0.0,-0.0,286.2832336425781,0.8477545380592346,0.3966375589370727,0.2794502377510071,297.1792907714844,297.1499938964844,293.1499938964844,0.0,-0.0,286.2831420898437,0.8100757002830505,0.3426168262958526,0.3275280594825744,297.16729736328125,297.1499938964844,293.1499938964844,0.0,-0.0,286.2827453613281,0.7141492366790771,0.2314271181821823,1.0569242238998413,286.2832946777344,286.8329162597656,292.6315002441406,287.093505859375,292.6317443847656,297.1689147949219,286.28472900390625,1.0,0.5591323971748352,1.0,1.0,0.0,1.0,-2.8867456912994385,2.886739015579224,6.697538083244581e-06,2.228577136993408,0.6856431365013123,0.6856431365013123,0.0,157.29893493652344,160.0,18528.3203125,-0.0,2148.845458984375,1.0,283.1499938964844,285.6894226074219,290.08349609375,291.34521484375,293.1499938964844,293.1499938964844,283.1499938964844,18900.779296875,18000.0,313.1499938964844,0.0,18000.0,1.0,0.0,0.0,0.0,1.0,0.6477069854736328,1.0,0.0,0.0,1.740090012550354,1.7400974035263062,2.02039757368766e-07,4.265924453735352,4.265914440155029,9.78592834144365e-06,0.0,0.0,-0.0,3986.919921875,0.0,204.3545379638672,1895.4371337890625,0.0,1225.0562744140625,0.4596366882324219,1.0,0.0,3.0,1.0,0.0
12314340,297.1221923828125,297.1499938964844,293.1499938964844,0.0,-0.0,286.3152770996094,0.8257795572280884,0.3660518527030945,0.3321293890476227,297.1795959472656,297.1499938964844,293.1499938964844,0.0,-0.0,286.3153686523437,0.8677226901054382,0.4284791946411133,0.4082751870155334,297.16632080078125,297.1499938964844,293.1499938964844,0.0,-0.0,286.3153076171875,0.8465322852134705,0.3968341648578644,0.2796023786067962,297.1785888671875,297.1499938964844,293.1499938964844,0.0,-0.0,286.3152160644531,0.808975100517273,0.3429176807403564,0.327835351228714,297.1672668457031,297.1499938964844,293.1499938964844,0.0,-0.0,286.3148803710937,0.7132044434547424,0.2316445410251617,1.0580302476882937,286.3153686523437,286.8463134765625,292.6206970214844,287.0903015136719,292.62091064453125,297.1687316894531,286.3166809082031,1.0,0.5595861673355103,1.0,1.0,0.0,1.0,-2.8886189460754395,2.8886122703552246,6.70652525514015e-06,2.2301533222198486,0.6786897778511047,0.6786897778511047,0.0,158.41505432128906,148.0,18417.21875,-0.0,2157.528564453125,1.0,283.1499938964844,285.72607421875,290.079833984375,291.3352355957031,293.1499938964844,293.1499938964844,283.1499938964844,18863.880859375,18000.0,313.1499938964844,0.0,18000.0,1.0,0.0,0.0,0.0,1.0,0.6456215381622314,1.0,0.0,0.0,1.705238938331604,1.705246090888977,1.940277627454634e-07,4.265924453735352,4.265914440155029,9.78592834144365e-06,0.0,0.0,-0.0,3981.100830078125,0.0,194.81114196777344,1895.4371337890625,0.0,1210.904296875,0.4523870348930359,1.0,0.0,3.0,1.0,0.0
12314400,297.1221923828125,297.1499938964844,293.1499938964844,0.0,-0.0,286.3152770996094,0.8257795572280884,0.3660518527030945,0.3321293890476227,297.1795959472656,297.1499938964844,293.1499938964844,0.0,-0.0,286.3153686523437,0.8677226901054382,0.4284791946411133,0.4082751870155334,297.16632080078125,297.1499938964844,293.1499938964844,0.0,-0.0,286.3153076171875,0.8465322852134705,0.3968341648578644,0.2796023786067962,297.1785888671875,297.1499938964844,293.1499938964844,0.0,-0.0,286.3152160644531,0.808975100517273,0.3429176807403564,0.327835351228714,297.1672668457031,297.1499938964844,293.1499938964844,0.0,-0.0,286.3148803710937,0.7132044434547424,0.2316445410251617,1.0580302476882937,286.3153686523437,286.8463134765625,292.6206970214844,287.0903015136719,292.62091064453125,297.1687316894531,286.3166809082031,1.0,0.5595861673355103,1.0,1.0,0.0,1.0,-2.8886189460754395,2.8886122703552246,6.70652525514015e-06,2.2301533222198486,0.6786897778511047,0.6786897778511047,0.0,158.41505432128906,148.0,18417.21875,-0.0,2157.528564453125,1.0,283.1499938964844,285.72607421875,290.079833984375,291.3352355957031,293.1499938964844,293.1499938964844,283.1499938964844,18863.880859375,18000.0,313.1499938964844,0.0,18000.0,1.0,0.0,0.0,0.0,1.0,0.6456215381622314,1.0,0.0,0.0,1.705238938331604,1.705246090888977,1.940277627454634e-07,4.265924453735352,4.265914440155029,9.78592834144365e-06,0.0,0.0,-0.0,3981.100830078125,0.0,194.81114196777344,1895.4371337890625,0.0,1210.904296875,0.4523870348930359,1.0,0.0,3.0,1.0,0.0
12314460,297.1234130859375,297.1499938964844,293.1499938964844,0.0,-0.0,286.34588623046875,0.8314030170440674,0.3658232688903808,0.33172607421875,297.1793212890625,297.1499938964844,293.1499938964844,0.0,-0.0,286.3459777832031,0.874565601348877,0.4288270175457001,0.4083973467350006,297.1672058105469,297.1499938964844,293.1499938964844,0.0,-0.0,286.345947265625,0.8528902530670166,0.3971303701400757,0.2796542942523956,297.17889404296875,297.1499938964844,293.1499938964844,0.0,-0.0,286.3458557128906,0.8151872754096985,0.343307763338089,0.3279964923858642,297.16802978515625,297.1499938964844,293.1499938964844,0.0,-0.0,286.3454895019531,0.718636155128479,0.2319391518831253,1.0583841800689695,286.3459777832031,286.8585205078125,292.6108703613281,287.0881042480469,292.6110534667969,297.1693725585937,286.3472900390625,1.0,0.5566110610961914,1.0,1.0,0.0,1.0,-2.888963460922241,2.8889567852020264,6.708321961923502e-06,2.230506896972656,0.6719790697097778,0.6719790697097778,0.0,153.7802276611328,136.0,18301.708984375,-0.0,2135.280517578125,1.0,283.1499938964844,285.7613525390625,290.0766296386719,291.3251647949219,293.1499938964844,293.1499938964844,283.1499938964844,18826.970703125,18000.0,313.1499938964844,0.0,18000.0,1.0,0.0,0.0,0.0,1.0,0.6433261036872864,1.0,0.0,0.0,1.6717036962509155,1.6717108488082886,1.864713254917661e-07,4.265924453735352,4.265914440155029,9.78592834144365e-06,0.0,0.0,-0.0,3975.1484375,0.0,185.9332733154297,1895.4371337890625,0.0,1195.446533203125,0.445444643497467,1.0,0.0,3.0,1.0,0.0
12314520,297.1234130859375,297.1499938964844,293.1499938964844,0.0,-0.0,286.34588623046875,0.8314030170440674,0.3658232688903808,0.33172607421875,297.1793212890625,297.1499938964844,293.1499938964844,0.0,-0.0,286.3459777832031,0.874565601348877,0.4288270175457001,0.4083973467350006,297.1672058105469,297.1499938964844,293.1499938964844,0.0,-0.0,286.345947265625,0.8528902530670166,0.3971303701400757,0.2796542942523956,297.17889404296875,297.1499938964844,293.1499938964844,0.0,-0.0,286.3458557128906,0.8151872754096985,0.343307763338089,0.3279964923858642,297.16802978515625,297.1499938964844,293.1499938964844,0.0,-0.0,286.3454895019531,0.718636155128479,0.2319391518831253,1.0583841800689695,286.3459777832031,286.8585205078125,292.6108703613281,287.0881042480469,292.6110534667969,297.1693725585937,286.3472900390625,1.0,0.5566110610961914,1.0,1.0,0.0,1.0,-2.888963460922241,2.8889567852020264,6.708321961923502e-06,2.230506896972656,0.6719790697097778,0.6719790697097778,0.0,153.7802276611328,136.0,18301.708984375,-0.0,2135.280517578125,1.0,283.1499938964844,285.7613525390625,290.0766296386719,291.3251647949219,293.1499938964844,293.1499938964844,283.1499938964844,18826.970703125,18000.0,313.1499938964844,0.0,18000.0,1.0,0.0,0.0,0.0,1.0,0.6433261036872864,1.0,0.0,0.0,1.6717036962509155,1.6717108488082886,1.864713254917661e-07,4.265924453735352,4.265914440155029,9.78592834144365e-06,0.0,0.0,-0.0,3975.1484375,0.0,185.9332733154297,1895.4371337890625,0.0,1195.446533203125,0.445444643497467,1.0,0.0,3.0,1.0,0.0
12314580,297.12457275390625,297.1499938964844,293.1499938964844,0.0,-0.0,286.3639831542969,0.8371856212615967,0.3657355308532715,0.3314679861068725,297.1795959472656,297.1499938964844,293.1499938964844,0.0,-0.0,286.36407470703125,0.8814523220062256,0.4290772974491119,0.4084451794624328,297.1681823730469,297.1499938964844,293.1499938964844,0.0,-0.0,286.3640441894531,0.8593358993530273,0.3973557651042938,0.2796712517738342,297.1794738769531,297.1499938964844,293.1499938964844,0.0,-0.0,286.36395263671875,0.8211782574653625,0.343585729598999,0.3280701339244842,297.1688232421875,297.1499938964844,293.1499938964844,0.0,-0.0,286.36358642578125,0.7238590121269226,0.2321544140577316,1.0584638118743896,286.36407470703125,286.86529541015625,292.6054077148437,287.0872802734375,292.6055908203125,297.17010498046875,286.3653564453125,1.0,0.5538086891174316,1.0,1.0,0.0,1.0,-2.888915538787842,2.888908863067627,6.7082050918543246e-06,2.2305171489715576,0.6680759787559509,0.6680759787559509,0.0,149.3514862060547,136.0,18232.677734375,-0.0,2113.3798828125,1.0,283.1499938964844,285.7821655273437,290.0751953125,291.31951904296875,293.1499938964844,293.1499938964844,283.1499938964844,18804.513671875,18000.0,313.1499938964844,0.0,18000.0,1.0,0.0,0.0,0.0,1.0,0.6418517827987671,1.0,0.0,0.0,1.6522390842437744,1.652246117591858,1.8215420993783482e-07,4.265924453735352,4.265914440155029,9.78592834144365e-06,0.0,0.0,-0.0,3971.719482421875,0.0,180.9140014648437,1895.4371337890625,0.0,1185.584716796875,0.4414298832416534,1.0,0.0,3.0,1.0,0.0
12314640,297.12548828125,297.1499938964844,293.1499938964844,0.0,-0.0,286.3759765625,0.8419091105461121,0.3656953871250152,0.3312961757183075,297.179931640625,297.1499938964844,293.1499938964844,0.0,-0.0,286.3760681152344,0.8870301246643066,0.4292603731155395,0.4084749817848205,297.1689453125,297.1499938964844,293.1499938964844,0.0,-0.0,286.37603759765625,0.8645914196968079,0.3975243866443634,0.2796825170516968,297.1800231933594,297.1499938964844,293.1499938964844,0.0,-0.0,286.3759460449219,0.8259338736534119,0.3437880575656891,0.3281179368495941,297.1694641113281,297.1499938964844,293.1499938964844,0.0,-0.0,286.3756103515625,0.7279977798461914,0.2323124557733535,1.0585004091262815,286.3760681152344,286.86962890625,292.6018981933594,287.0869140625,292.6020812988281,297.17071533203125,286.3773498535156,1.0,0.5516643524169922,1.0,1.0,0.0,1.0,-2.888859748840332,2.888853073120117,6.708014552714303e-06,2.230504512786865,0.6655256748199463,0.6655256748199463,0.0,145.95082092285156,124.0,18187.140625,-0.0,2096.531982421875,1.0,283.1499938964844,285.79595947265625,290.07452392578125,291.3160095214844,293.1499938964844,293.1499938964844,283.1499938964844,18789.357421875,18000.0,313.1499938964844,0.0,18000.0,1.0,0.0,0.0,0.0,1.0,0.6408410668373108,1.0,0.0,0.0,1.6395360231399536,1.6395429372787476,1.7936402230134268e-07,4.265924453735352,4.265914440155029,9.78592834144365e-06,0.0,0.0,-0.0,3969.52734375,0.0,177.69032287597656,1895.4371337890625,0.0,1178.8541259765625,0.4388155937194824,1.0,0.0,3.0,1.0,0.0
12314700,297.12677001953125,297.1499938964844,293.1499938964844,0.0,-0.0,286.3908996582031,0.8488407731056213,0.3656657338142395,0.3310849368572235,297.1805419921875,297.1499938964844,293.1499938964844,0.0,-0.0,286.3910217285156,0.8951187133789062,0.4295079112052917,0.4085138440132141,297.17010498046875,297.1499938964844,293.1499938964844,0.0,-0.0,286.3909606933594,0.8722744584083557,0.3977560400962829,0.2796994745731354,297.18084716796875,297.1499938964844,293.1499938964844,0.0,-0.0,286.390869140625,0.8327787518501282,0.3440603613853454,0.3281801342964172,297.1703796386719,297.1499938964844,293.1499938964844,0.0,-0.0,286.3905334472656,0.7339481711387634,0.2325260639190673,1.0585439205169678,286.3910217285156,286.87481689453125,292.59771728515625,287.0867004394531,292.597900390625,297.1716003417969,286.39227294921875,1.0,0.5487308502197266,1.0,1.0,0.0,1.0,-2.8888001441955566,2.888793468475342,6.7078208303428255e-06,2.23049545288086,0.6623997688293457,0.6623997688293457,0.0,141.28952026367188,124.0,18130.998046875,-0.0,2073.467529296875,1.0,283.1499938964844,285.81304931640625,290.07403564453125,291.31201171875,293.1499938964844,293.1499938964844,283.1499938964844,18770.2734375,18000.0,313.1499938964844,0.0,18000.0,1.0,0.0,0.0,0.0,1.0,0.6395577788352966,1.0,0.0,0.0,1.6239866018295288,1.6239933967590332,1.7597797352664204e-07,4.265924453735352,4.265914440155029,9.78592834144365e-06,0.0,0.0,-0.0,3966.915771484375,0.0,173.7997283935547,1895.4371337890625,0.0,1170.34423828125,0.4356220066547394,1.0,0.0,3.0,1.0,0.0
12314760,297.128173828125,297.1499938964844,293.1499938964844,0.0,-0.0,286.40576171875,0.8569301962852478,0.3656569123268127,0.3308804631233215,297.1812744140625,297.1499938964844,293.1499938964844,0.0,-0.0,286.4058837890625,0.9044038653373718,0.4297745525836944,0.4085581004619598,297.17138671875,297.1499938964844,293.1499938964844,0.0,-0.0,286.40582275390625,0.8811731338500977,0.3980090618133545,0.2797220051288605,297.1818542480469,297.1499938964844,293.1499938964844,0.0,-0.0,286.4057312011719,0.8406614661216736,0.3443527221679687,0.328248530626297,297.1714172363281,297.1499938964844,293.1499938964844,0.0,-0.0,286.4053955078125,0.740796685218811,0.2327554523944854,1.058599591255188,286.4058837890625,286.8797912597656,292.5937194824219,287.08673095703125,292.5939025878906,297.172607421875,286.4071350097656,1.0,0.5455940961837769,1.0,1.0,0.0,1.0,-2.888783693313598,2.888777017593384,6.707827651553089e-06,2.230519771575928,0.6593418717384338,0.6593418717384338,0.0,136.2992706298828,112.0,18075.841796875,-0.0,2048.855712890625,1.0,283.1499938964844,285.8300476074219,290.07391357421875,291.3084411621094,293.1499938964844,293.1499938964844,283.1499938964844,18751.01171875,18000.0,313.1499938964844,0.0,18000.0,1.0,0.0,0.0,0.0,1.0,0.6382659673690796,1.0,0.0,0.0,1.6087974309921265,1.6088042259216309,1.7270151886350504e-07,4.265924453735352,4.265914440155029,9.78592834144365e-06,0.0,0.0,-0.0,3964.449462890625,0.0,170.05752563476562,1895.4371337890625,0.0,1161.818359375,0.4325092434883117,1.0,0.0,3.0,1.0,0.0
12314820,297.1313171386719,297.1499938964844,293.1499938964844,0.0,-0.0,286.435302734375,0.8769842386245728,0.3656999766826629,0.3305004239082336,297.1831359863281,297.1499938964844,293.1499938964844,0.0,-0.0,286.4353942871094,0.928939163684845,0.4303580224514007,0.4086692631244659,297.1742553710937,297.1499938964844,293.1499938964844,0.0,-0.0,286.43536376953125,0.9028000831604004,0.3985734581947326,0.2797890901565552,297.1842346191406,297.1499938964844,293.1499938964844,0.0,-0.0,286.4352722167969,0.8601200580596924,0.3449971377849579,0.3284143507480621,297.1736755371094,297.1499938964844,293.1499938964844,0.0,-0.0,286.4349365234375,0.7577139139175415,0.2332553118467331,1.05877685546875,286.4353942871094,286.8890991210937,292.5862121582031,287.0875549316406,292.5863647460937,297.1748352050781,286.4366455078125,1.0,0.5389032959938049,1.0,1.0,0.0,1.0,-2.888953447341919,2.888946771621704,6.708781256747898e-06,2.230724573135376,0.6534304022789001,0.6534304022789001,0.0,125.64812469482422,100.0,17968.822265625,-0.0,1996.6629638671875,1.0,283.1499938964844,285.8636169433594,290.0747375488281,291.3025817871094,293.1499938964844,293.1499938964844,283.1499938964844,18712.009765625,18000.0,313.1499938964844,0.0,18000.0,1.0,0.0,0.0,0.0,1.0,0.6356973052024841,1.0,0.0,0.0,1.5795021057128906,1.5795087814331057,1.6646917799789662e-07,4.265924453735352,4.265914440155029,9.78592834144365e-06,0.0,0.0,-0.0,3959.952880859375,0.0,163.00033569335938,1895.4371337890625,0.0,1144.986572265625,0.4265251755714416,1.0,0.0,3.0,1.0,0.0
12314880,297.1313171386719,297.1499938964844,293.1499938964844,0.0,-0.0,286.435302734375,0.8769842386245728,0.3656999766826629,0.3305004239082336,297.1831359863281,297.1499938964844,293.1499938964844,0.0,-0.0,286.4353942871094,0.928939163684845,0.4303580224514007,0.4086692631244659,297.1742553710937,297.1499938964844,293.1499938964844,0.0,-0.0,286.43536376953125,0.9028000831604004,0.3985734581947326,0.2797890901565552,297.1842346191406,297.1499938964844,293.1499938964844,0.0,-0.0,286.4352722167969,0.8601200580596924,0.3449971377849579,0.3284143507480621,297.1736755371094,297.1499938964844,293.1499938964844,0.0,-0.0,286.4349365234375,0.7577139139175415,0.2332553118467331,1.05877685546875,286.4353942871094,286.8890991210937,292.5862121582031,287.0875549316406,292.5863647460937,297.1748352050781,286.4366455078125,1.0,0.5389032959938049,1.0,1.0,0.0,1.0,-2.888953447341919,2.888946771621704,6.708781256747898e-06,2.230724573135376,0.6534304022789001,0.6534304022789001,0.0,125.64812469482422,100.0,17968.822265625,-0.0,1996.6629638671875,1.0,283.1499938964844,285.8636169433594,290.0747375488281,291.3025817871094,293.1499938964844,293.1499938964844,283.1499938964844,18712.009765625,18000.0,313.1499938964844,0.0,18000.0,1.0,0.0,0.0,0.0,1.0,0.6356973052024841,1.0,0.0,0.0,1.5795021057128906,1.5795087814331057,1.6646917799789662e-07,4.265924453735352,4.265914440155029,9.78592834144365e-06,0.0,0.0,-0.0,3959.952880859375,0.0,163.00033569335938,1895.4371337890625,0.0,1144.986572265625,0.4265251755714416,1.0,0.0,3.0,1.0,0.0
12314940,297.1348876953125,297.1499938964844,293.1499938964844,0.0,-0.0,286.4645080566406,0.903212547302246,0.3658259510993957,0.3301720023155212,297.185302734375,297.1499938964844,293.1499938964844,0.0,-0.0,286.4646301269531,0.9598430395126344,0.4309986233711242,0.4088136553764343,297.177490234375,297.1499938964844,293.1499938964844,0.0,-0.0,286.4645690917969,0.933124542236328,0.3992089629173279,0.2798898220062256,297.1871337890625,297.1499938964844,293.1499938964844,0.0,-0.0,286.4644775390625,0.8859069347381592,0.3457253575325012,0.3286347091197967,297.1761169433594,297.1499938964844,293.1499938964844,0.0,-0.0,286.4641418457031,0.7801999449729919,0.2338027954101562,1.059066891670227,286.4646301269531,286.8976745605469,292.57928466796875,287.08935546875,292.5794372558594,297.1773376464844,286.4658508300781,1.0,0.5318498015403748,1.0,1.0,0.0,1.0,-2.889466524124145,2.889459609985352,6.711332389386371e-06,2.2311954498291016,0.6477978229522705,0.6477978229522705,0.0,114.4172134399414,88.0,17866.673828125,-0.0,1942.1669921875,1.0,283.1499938964844,285.8966064453125,290.07684326171875,291.29840087890625,293.1499938964844,293.1499938964844,283.1499938964844,18672.759765625,18000.0,313.1499938964844,0.0,18000.0,1.0,0.0,0.0,0.0,1.0,0.6331953406333923,1.0,0.0,0.0,1.5516932010650637,1.5516996383666992,1.6065901320416742e-07,4.265924453735352,4.265914440155029,9.78592834144365e-06,0.0,0.0,-0.0,3956.030517578125,0.0,156.4940948486328,1895.4371337890625,0.0,1128.7493896484375,0.420869380235672,1.0,0.0,3.0,1.0,0.0
12315000,297.1348876953125,297.1499938964844,293.1499938964844,0.0,-0.0,286.4645080566406,0.903212547302246,0.3658259510993957,0.3301720023155212,297.185302734375,297.1499938964844,293.1499938964844,0.0,-0.0,286.4646301269531,0.9598430395126344,0.4309986233711242,0.4088136553764343,297.177490234375,297.1499938964844,293.1499938964844,0.0,-0.0,286.4645690917969,0.933124542236328,0.3992089629173279,0.2798898220062256,297.1871337890625,297.1499938964844,293.1499938964844,0.0,-0.0,286.4644775390625,0.8859069347381592,0.3457253575325012,0.3286347091197967,297.1761169433594,297.1499938964844,293.1499938964844,0.0,-0.0,286.4641418457031,0.7801999449729919,0.2338027954101562,1.059066891670227,286.4646301269531,286.8976745605469,292.57928466796875,287.08935546875,292.5794372558594,297.1773376464844,286.4658508300781,1.0,0.5318498015403748,1.0,1.0,0.0,1.0,-2.889466524124145,2.889459609985352,6.711332389386371e-06,2.2311954498291016,0.6477978229522705,0.6477978229522705,0.0,114.4172134399414,88.0,17866.673828125,-0.0,1942.1669921875,1.0,283.1499938964844,285.8966064453125,290.07684326171875,291.29840087890625,293.1499938964844,293.1499938964844,283.1499938964844,18672.759765625,18000.0,313.1499938964844,0.0,18000.0,1.0,0.0,0.0,0.0,1.0,0.6331953406333923,1.0,0.0,0.0,1.5516932010650637,1.5516996383666992,1.6065901320416742e-07,4.265924453735352,4.265914440155029,9.78592834144365e-06,0.0,0.0,-0.0,3956.030517578125,0.0,156.4940948486328,1895.4371337890625,0.0,1128.7493896484375,0.420869380235672,1.0,0.0,3.0,1.0,0.0
12315060,297.1388244628906,297.1499938964844,293.1499938964844,0.0,-0.0,286.4932861328125,0.9411250948905944,0.3660317063331604,0.3299031257629394,297.1877136230469,297.1499938964844,293.1499938964844,0.0,-0.0,286.493408203125,0.9924498796463012,0.4316889643669128,0.408992201089859,297.18096923828125,297.1499938964844,293.1499938964844,0.0,-0.0,286.49334716796875,0.9707933068275452,0.3999087512493133,0.2800261080265045,297.19049072265625,297.1499938964844,293.1499938964844,0.0,-0.0,286.4932556152344,0.9213958978652954,0.3465375602245331,0.3289209604263305,297.1786193847656,297.1499938964844,293.1499938964844,0.0,-0.0,286.4929504394531,0.809920072555542,0.234389841556549,1.059477925300598,286.4933776855469,286.9056701660156,292.5728454589844,287.0921630859375,292.572998046875,297.1799621582031,286.4945983886719,1.0,0.5245897173881531,1.0,1.0,0.0,1.0,-2.890359401702881,2.890352725982666,6.715653398714494e-06,2.231961488723755,0.6424449682235718,0.6424449682235718,0.0,102.85787200927734,91.0,17769.619140625,-0.0,1886.6448974609373,1.0,283.1499938964844,285.92889404296875,290.08013916015625,291.29571533203125,293.1499938964844,293.1499938964844,283.1499938964844,18633.681640625,18000.0,313.1499938964844,0.0,18000.0,1.0,0.0,0.0,0.0,1.0,0.6307879686355591,1.0,0.0,0.0,1.525380253791809,1.5253866910934448,1.5525645835623436e-07,4.265924453735352,4.265914440155029,9.78592834144365e-06,0.0,0.0,-0.0,3952.64599609375,0.0,150.50828552246094,1895.4371337890625,0.0,1113.27392578125,0.4155410528182983,1.0,0.0,3.0,1.0,0.0
12315120,297.1388244628906,297.1499938964844,293.1499938964844,0.0,-0.0,286.4932861328125,0.9411250948905944,0.3660317063331604,0.3299031257629394,297.1877136230469,297.1499938964844,293.1499938964844,0.0,-0.0,286.493408203125,0.9924498796463012,0.4316889643669128,0.408992201089859,297.18096923828125,297.1499938964844,293.1499938964844,0.0,-0.0,286.49334716796875,0.9707933068275452,0.3999087512493133,0.2800261080265045,297.19049072265625,297.1499938964844,293.1499938964844,0.0,-0.0,286.4932556152344,0.9213958978652954,0.3465375602245331,0.3289209604263305,297.1786193847656,297.1499938964844,293.1499938964844,0.0,-0.0,286.4929504394531,0.809920072555542,0.234389841556549,1.059477925300598,286.4933776855469,286.9056701660156,292.5728454589844,287.0921630859375,292.572998046875,297.1799621582031,286.4945983886719,1.0,0.5245897173881531,1.0,1.0,0.0,1.0,-2.890359401702881,2.890352725982666,6.715653398714494e-06,2.231961488723755,0.6424449682235718,0.6424449682235718,0.0,102.85787200927734,91.0,17769.619140625,-0.0,1886.6448974609373,1.0,283.1499938964844,285.92889404296875,290.08013916015625,291.29571533203125,293.1499938964844,293.1499938964844,283.1499938964844,18633.681640625,18000.0,313.1499938964844,0.0,18000.0,1.0,0.0,0.0,0.0,1.0,0.6307879686355591,1.0,0.0,0.0,1.525380253791809,1.5253866910934448,1.5525645835623436e-07,4.265924453735352,4.265914440155029,9.78592834144365e-06,0.0,0.0,-0.0,3952.64599609375,0.0,150.50828552246094,1895.4371337890625,0.0,1113.27392578125,0.4155410528182983,1.0,0.0,3.0,1.0,0.0
12315180,297.1423645019531,297.1499938964844,293.1499938964844,0.0,-0.0,286.51837158203125,0.9579958915710448,0.3662515878677368,0.3299435377120971,297.19488525390625,297.1499938964844,293.1499938964844,0.0,-0.0,286.5184326171875,0.9990000128746032,0.4328782856464386,0.4020086824893951,297.1841125488281,297.1499938964844,293.1499938964844,0.0,-0.0,286.5184020996094,0.9854066371917723,0.4006224870681762,0.2803986072540283,297.1937561035156,297.1499938964844,293.1499938964844,0.0,-0.0,286.5183410644531,0.9394397139549256,0.3473816812038421,0.3295439779758453,297.18072509765625,297.1499938964844,293.1499938964844,0.0,-0.0,286.51812744140625,0.8228636384010315,0.2349670827388763,1.0612934827804563,286.5184326171875,286.9131774902344,292.5668029785156,287.0959777832031,292.5669250488281,297.1826171875,286.519287109375,1.0,0.5213152766227722,1.0,1.0,0.0,1.0,-2.885404825210572,2.8853981494903564,6.693025170534384e-06,2.2283029556274414,0.6373114585876465,0.6373114585876465,0.0,98.31434631347656,109.0,17654.642578125,-0.0,1856.3106689453125,1.0,283.1499938964844,285.9578857421875,290.08428955078125,291.2938537597656,293.1499938964844,293.1499938964844,283.1499938964844,18597.25390625,18000.0,313.1499938964844,0.0,18000.0,1.0,0.0,0.0,0.0,1.0,0.6284580826759338,1.0,0.0,0.0,1.500454306602478,1.5004606246948242,1.5022388311081158e-07,4.265924453735352,4.265914440155029,9.78592834144365e-06,0.0,0.0,-0.0,3949.0068359375,0.0,144.99562072753906,1895.4371337890625,0.0,1098.43603515625,0.4105200171470642,1.0,0.0,3.0,1.0,0.0
12315240,297.1423645019531,297.1499938964844,293.1499938964844,0.0,-0.0,286.51837158203125,0.9579958915710448,0.3662515878677368,0.3299435377120971,297.19488525390625,297.1499938964844,293.1499938964844,0.0,-0.0,286.5184326171875,0.9990000128746032,0.4328782856464386,0.4020086824893951,297.1841125488281,297.1499938964844,293.1499938964844,0.0,-0.0,286.5184020996094,0.9854066371917723,0.4006224870681762,0.2803986072540283,297.1937561035156,297.1499938964844,293.1499938964844,0.0,-0.0,286.5183410644531,0.9394397139549256,0.3473816812038421,0.3295439779758453,297.18072509765625,297.1499938964844,293.1499938964844,0.0,-0.0,286.51812744140625,0.8228636384010315,0.2349670827388763,1.0612934827804563,286.5184326171875,286.9131774902344,292.5668029785156,287.0959777832031,292.5669250488281,297.1826171875,286.519287109375,1.0,0.5213152766227722,1.0,1.0,0.0,1.0,-2.885404825210572,2.8853981494903564,6.693025170534384e-06,2.2283029556274414,0.6373114585876465,0.6373114585876465,0.0,98.31434631347656,109.0,17654.642578125,-0.0,1856.3106689453125,1.0,283.1499938964844,285.9578857421875,290.08428955078125,291.2938537597656,293.1499938964844,293.1499938964844,283.1499938964844,18597.25390625,18000.0,313.1499938964844,0.0,18000.0,1.0,0.0,0.0,0.0,1.0,0.6284580826759338,1.0,0.0,0.0,1.500454306602478,1.5004606246948242,1.5022388311081158e-07,4.265924453735352,4.265914440155029,9.78592834144365e-06,0.0,0.0,-0.0,3949.0068359375,0.0,144.99562072753906,1895.4371337890625,0.0,1098.43603515625,0.4105200171470642,1.0,0.0,3.0,1.0,0.0
12315300,297.1440124511719,297.1499938964844,293.1499938964844,0.0,-0.0,286.531982421875,0.9567080140113832,0.3663634955883026,0.3300487399101257,297.2017517089844,297.1499938964844,293.1499938964844,0.0,-0.0,286.5321044921875,0.9990000128746032,0.4338396787643432,0.4036646783351898,297.1856384277344,297.1499938964844,293.1499938964844,0.0,-0.0,286.53204345703125,0.9845167994499208,0.4009881615638733,0.2806549668312073,297.1954040527344,297.1499938964844,293.1499938964844,0.0,-0.0,286.5319519042969,0.9384105801582336,0.3478193283081054,0.3299574851989746,297.18170166015625,297.1499938964844,293.1499938964844,0.0,-0.0,286.53155517578125,0.8221306204795837,0.2352577596902847,1.0626245737075806,286.5321044921875,286.9167785644531,292.5639038085937,287.0982360839844,292.56402587890625,297.1842956542969,286.5336608886719,1.0,0.5226746201515198,1.0,1.0,0.0,1.0,-2.889899253845215,2.889892339706421,6.713351467624307e-06,2.231533527374268,0.6348430514335632,0.6348430514335632,0.0,98.83109283447266,109.0,17620.689453125,-0.0,1866.067626953125,1.0,283.1499938964844,285.9730529785156,290.0862731933594,291.2926330566406,293.1499938964844,293.1499938964844,283.1499938964844,18580.353515625,18000.0,313.1499938964844,0.0,18000.0,1.0,0.0,0.0,0.0,1.0,0.627248227596283,1.0,0.0,0.0,1.488434672355652,1.4884408712387085,1.4782673929403245e-07,4.265924453735352,4.265914440155029,9.78592834144365e-06,0.0,0.0,-0.0,3947.46923828125,0.0,142.39280700683594,1895.4371337890625,0.0,1090.7855224609375,0.4081118404865265,1.0,0.0,3.0,1.0,0.0
12315360,297.1457824707031,297.1499938964844,293.1499938964844,0.0,-0.0,286.5516357421875,0.950965940952301,0.3665008842945099,0.3302155137062073,297.20330810546875,297.1499938964844,293.1499938964844,0.0,-0.0,286.5517578125,0.9990000128746032,0.4343215227127075,0.4101840257644653,297.1873474121094,297.1499938964844,293.1499938964844,0.0,-0.0,286.5516967773437,0.9799279570579528,0.4013810455799103,0.2809613049030304,297.1971740722656,297.1499938964844,293.1499938964844,0.0,-0.0,286.55157470703125,0.93273663520813,0.3482822179794311,0.3304398655891418,297.1827392578125,297.1499938964844,293.1499938964844,0.0,-0.0,286.55108642578125,0.818108856678009,0.235559269785881,1.0642317533493042,286.5517578125,286.9203186035156,292.56103515625,287.10076904296875,292.5611572265625,297.1855773925781,286.5536804199219,1.0,0.5255763530731201,1.0,1.0,0.0,1.0,-2.900702476501465,2.90069580078125,6.763561032130383e-06,2.239841222763061,0.6325461268424988,0.6325461268424988,0.0,100.76425170898438,127.0,17614.685546875,-0.0,1893.0875244140625,1.0,283.1499938964844,285.9929504394531,290.08905029296875,291.2933654785156,293.1499938964844,293.1499938964844,283.1499938964844,18557.486328125,18000.0,313.1499938964844,0.0,18000.0,1.0,0.0,0.0,0.0,1.0,0.6260836720466614,1.0,0.0,0.0,1.4769718647003174,1.476978063583374,1.4555860161635797e-07,4.265924453735352,4.265914440155029,9.78592834144365e-06,0.0,0.0,-0.0,3947.638671875,0.0,139.92214965820312,1895.4371337890625,0.0,1083.4571533203125,0.4058039784431457,1.0,0.0,3.0,1.0,0.0
12315420,297.1487121582031,297.1499938964844,293.1499938964844,0.0,-0.0,286.5869140625,0.9165821075439452,0.3667468428611755,0.3308122754096985,297.1990051269531,297.1499938964844,293.1499938964844,0.0,-0.0,286.5870056152344,0.9745901226997375,0.4345572590827942,0.4120599329471588,297.1902770996094,297.1499938964844,293.1499938964844,0.0,-0.0,286.58697509765625,0.9491732716560364,0.4021513164043426,0.2817851901054382,297.2001953125,297.1499938964844,293.1499938964844,0.0,-0.0,286.5868835449219,0.9004061818122864,0.3491867184638977,0.3316834270954132,297.1839294433594,297.1499938964844,293.1499938964844,0.0,-0.0,286.5865173339844,0.7928553223609924,0.2360946238040924,1.0685592889785769,286.5870056152344,286.9272155761719,292.55548095703125,287.1065673828125,292.5555725097656,297.1864624023437,286.58837890625,1.0,0.5336358547210693,1.0,1.0,0.0,1.0,-2.9113917350769043,2.9113848209381104,6.81424307913403e-06,2.248422861099243,0.6282144784927368,0.6282144784927368,0.0,110.93677520751952,145.0,17570.14453125,-0.0,1960.929443359375,1.0,283.1499938964844,286.0292663574219,290.0977478027344,291.29962158203125,293.1499938964844,293.1499938964844,283.1499938964844,18510.8671875,18000.0,313.1499938964844,0.0,18000.0,1.0,0.0,0.0,0.0,1.0,0.6243078708648682,1.0,0.0,0.0,1.4555460214614868,1.4555522203445437,1.4136611525827902e-07,4.265924453735352,4.265914440155029,9.78592834144365e-06,0.0,0.0,-0.0,3948.452880859375,0.0,135.3763885498047,1895.4371337890625,0.0,1072.349609375,0.4014908671379089,1.0,0.0,3.0,1.0,0.0
12315480,297.1487121582031,297.1499938964844,293.1499938964844,0.0,-0.0,286.5869140625,0.9165821075439452,0.3667468428611755,0.3308122754096985,297.1990051269531,297.1499938964844,293.1499938964844,0.0,-0.0,286.5870056152344,0.9745901226997375,0.4345572590827942,0.4120599329471588,297.1902770996094,297.1499938964844,293.1499938964844,0.0,-0.0,286.58697509765625,0.9491732716560364,0.4021513164043426,0.2817851901054382,297.2001953125,297.1499938964844,293.1499938964844,0.0,-0.0,286.5868835449219,0.9004061818122864,0.3491867184638977,0.3316834270954132,297.1839294433594,297.1499938964844,293.1499938964844,0.0,-0.0,286.5865173339844,0.7928553223609924,0.2360946238040924,1.0685592889785769,286.5870056152344,286.9272155761719,292.55548095703125,287.1065673828125,292.5555725097656,297.1864624023437,286.58837890625,1.0,0.5336358547210693,1.0,1.0,0.0,1.0,-2.9113917350769043,2.9113848209381104,6.81424307913403e-06,2.248422861099243,0.6282144784927368,0.6282144784927368,0.0,110.93677520751952,145.0,17570.14453125,-0.0,1960.929443359375,1.0,283.1499938964844,286.0292663574219,290.0977478027344,291.29962158203125,293.1499938964844,293.1499938964844,283.1499938964844,18510.8671875,18000.0,313.1499938964844,0.0,18000.0,1.0,0.0,0.0,0.0,1.0,0.6243078708648682,1.0,0.0,0.0,1.4555460214614868,1.4555522203445437,1.4136611525827902e-07,4.265924453735352,4.265914440155029,9.78592834144365e-06,0.0,0.0,-0.0,3948.452880859375,0.0,135.3763885498047,1895.4371337890625,0.0,1072.349609375,0.4014908671379089,1.0,0.0,3.0,1.0,0.0
12315540,297.1507568359375,297.1499938964844,293.1499938964844,0.0,-0.0,286.6179504394531,0.8829420804977417,0.3669357299804687,0.3314869105815887,297.19775390625,297.1499938964844,293.1499938964844,0.0,-0.0,286.6180419921875,0.9388659000396729,0.4350491464138031,0.4129910469055176,297.1925354003906,297.1499938964844,293.1499938964844,0.0,-0.0,286.6180114746094,0.9117000102996826,0.4028904438018799,0.2826876044273376,297.2025756835937,297.1499938964844,293.1499938964844,0.0,-0.0,286.617919921875,0.8689984679222107,0.3500640392303467,0.333035409450531,297.1841735839844,297.1499938964844,293.1499938964844,0.0,-0.0,286.6175537109375,0.7653594613075256,0.2365508377552032,1.0731593370437622,286.6180419921875,286.9339904785156,292.54998779296875,287.1133117675781,292.55010986328125,297.1868896484375,286.619384765625,1.0,0.5436905026435852,1.0,1.0,0.0,1.0,-2.9216501712799072,2.9216432571411133,6.862541340524331e-06,2.256430625915528,0.6241648197174072,0.6241648197174072,0.0,124.5866470336914,163.0,17524.486328125,-0.0,2045.8226318359373,1.0,283.1499938964844,286.06158447265625,290.10662841796875,291.3060607910156,293.1499938964844,293.1499938964844,283.1499938964844,18469.61328125,18000.0,313.1499938964844,0.0,18000.0,1.0,0.0,0.0,0.0,1.0,0.6229942440986633,1.0,0.0,0.0,1.4357140064239502,1.4357199668884275,1.3754008421074104e-07,4.265924453735352,4.265914440155029,9.78592834144365e-06,0.0,0.0,-0.0,3948.82080078125,0.0,131.2708740234375,1895.4371337890625,0.0,1064.1856689453125,0.3975220322608948,1.0,0.0,3.0,1.0,0.0
12315600,297.1507568359375,297.1499938964844,293.1499938964844,0.0,-0.0,286.6179504394531,0.8829420804977417,0.3669357299804687,0.3314869105815887,297.19775390625,297.1499938964844,293.1499938964844,0.0,-0.0,286.6180419921875,0.9388659000396729,0.4350491464138031,0.4129910469055176,297.1925354003906,297.1499938964844,293.1499938964844,0.0,-0.0,286.6180114746094,0.9117000102996826,0.4028904438018799,0.2826876044273376,297.2025756835937,297.1499938964844,293.1499938964844,0.0,-0.0,286.617919921875,0.8689984679222107,0.3500640392303467,0.333035409450531,297.1841735839844,297.1499938964844,293.1499938964844,0.0,-0.0,286.6175537109375,0.7653594613075256,0.2365508377552032,1.0731593370437622,286.6180419921875,286.9339904785156,292.54998779296875,287.1133117675781,292.55010986328125,297.1868896484375,286.619384765625,1.0,0.5436905026435852,1.0,1.0,0.0,1.0,-2.9216501712799072,2.9216432571411133,6.862541340524331e-06,2.256430625915528,0.6241648197174072,0.6241648197174072,0.0,124.5866470336914,163.0,17524.486328125,-0.0,2045.8226318359373,1.0,283.1499938964844,286.06158447265625,290.10662841796875,291.3060607910156,293.1499938964844,293.1499938964844,283.1499938964844,18469.61328125,18000.0,313.1499938964844,0.0,18000.0,1.0,0.0,0.0,0.0,1.0,0.6229942440986633,1.0,0.0,0.0,1.4357140064239502,1.4357199668884275,1.3754008421074104e-07,4.265924453735352,4.265914440155029,9.78592834144365e-06,0.0,0.0,-0.0,3948.82080078125,0.0,131.2708740234375,1895.4371337890625,0.0,1064.1856689453125,0.3975220322608948,1.0,0.0,3.0,1.0,0.0
12315660,297.19305419921875,297.1499938964844,293.1499938964844,0.0,-0.0,286.6656188964844,0.8657482862472534,0.371267169713974,0.3349590897560119,297.2407531738281,297.1499938964844,293.1499938964844,0.0,-0.0,286.66583251953125,0.9177618026733398,0.4400413334369659,0.4171582162380218,297.2364501953125,297.1499938964844,293.1499938964844,0.0,-0.0,286.6657409667969,0.8934243321418762,0.4079129993915558,0.2858291268348694,297.24822998046875,297.1499938964844,293.1499938964844,0.0,-0.0,286.6655578613281,0.8532838225364685,0.3553851544857025,0.3375183045864105,297.22998046875,297.1499938964844,293.1499938964844,0.0,-0.0,286.6649475097656,0.7528547048568726,0.2416525036096573,1.0931434631347656,286.66583251953125,286.9411315917969,292.54425048828125,287.12091064453125,292.5443725585937,297.23150634765625,286.6683654785156,1.0,0.5567121505737305,1.0,1.0,0.0,1.0,-2.963979959487915,2.963972806930542,7.062235908961156e-06,2.288862466812134,0.6207255721092224,0.6207255721092224,0.0,136.24664306640625,181.0,17596.560546875,-0.0,2176.806884765625,1.0,283.1499938964844,286.1062927246094,290.116455078125,291.316162109375,293.1499938964844,293.1499938964844,283.1499938964844,18417.126953125,18000.0,313.1499938964844,0.0,18000.0,1.0,0.0,0.0,0.0,1.0,0.6220453977584839,1.0,0.0,0.0,1.4179766178131104,1.417982578277588,1.3416263300314313e-07,4.265924453735352,4.265914440155029,9.78592834144365e-06,0.0,0.0,-0.0,3953.52099609375,0.0,127.63116455078124,1895.4371337890625,0.0,1058.3170166015625,0.393949031829834,1.0,0.0,3.0,1.0,0.0
12315720,297.19305419921875,297.1499938964844,293.1499938964844,0.0,-0.0,286.6656188964844,0.8657482862472534,0.371267169713974,0.3349590897560119,297.2407531738281,297.1499938964844,293.1499938964844,0.0,-0.0,286.66583251953125,0.9177618026733398,0.4400413334369659,0.4171582162380218,297.2364501953125,297.1499938964844,293.1499938964844,0.0,-0.0,286.6657409667969,0.8934243321418762,0.4079129993915558,0.2858291268348694,297.24822998046875,297.1499938964844,293.1499938964844,0.0,-0.0,286.6655578613281,0.8532838225364685,0.3553851544857025,0.3375183045864105,297.22998046875,297.1499938964844,293.1499938964844,0.0,-0.0,286.6649475097656,0.7528547048568726,0.2416525036096573,1.0931434631347656,286.66583251953125,286.9411315917969,292.54425048828125,287.12091064453125,292.5443725585937,297.23150634765625,286.6683654785156,1.0,0.5567121505737305,1.0,1.0,0.0,1.0,-2.963979959487915,2.963972806930542,7.062235908961156e-06,2.288862466812134,0.6207255721092224,0.6207255721092224,0.0,136.24664306640625,181.0,17596.560546875,-0.0,2176.806884765625,1.0,283.1499938964844,286.1062927246094,290.116455078125,291.316162109375,293.1499938964844,293.1499938964844,283.1499938964844,18417.126953125,18000.0,313.1499938964844,0.0,18000.0,1.0,0.0,0.0,0.0,1.0,0.6220453977584839,1.0,0.0,0.0,1.4179766178131104,1.417982578277588,1.3416263300314313e-07,4.265924453735352,4.265914440155029,9.78592834144365e-06,0.0,0.0,-0.0,3953.52099609375,0.0,127.63116455078124,1895.4371337890625,0.0,1058.3170166015625,0.393949031829834,1.0,0.0,3.0,1.0,0.0
12315780,297.2070007324219,297.1499938964844,293.1499938964844,0.0,-0.0,286.7015991210937,0.8524842262268066,0.3730309009552002,0.337116003036499,297.2567138671875,297.1499938964844,293.1499938964844,0.0,-0.0,286.7017517089844,0.902186393737793,0.4424139857292175,0.419972151517868,297.2521057128906,297.1499938964844,293.1499938964844,0.0,-0.0,286.7016906738281,0.8794005513191223,0.4102179408073425,0.2878744900226593,297.265625,297.1499938964844,293.1499938964844,0.0,-0.0,286.7015380859375,0.8412251472473145,0.3579674363136291,0.3405422866344452,297.248291015625,297.1499938964844,293.1499938964844,0.0,-0.0,286.7010192871094,0.743177592754364,0.2441676706075668,1.1071933507919312,286.7017517089844,286.9463195800781,292.5400695800781,287.1264953613281,292.5401916503906,297.24969482421875,286.7038879394531,1.0,0.5665764212608337,1.0,1.0,0.0,1.0,-2.992947816848755,2.992940664291382,7.201567314041313e-06,2.311496019363404,0.6187853217124939,0.6187853217124939,0.0,146.20547485351562,181.0,17654.78125,-0.0,2278.5576171875,1.0,283.1499938964844,286.1393737792969,290.1260986328125,291.3289794921875,293.1499938964844,293.1499938964844,283.1499938964844,18374.09375,18000.0,313.1499938964844,0.0,18000.0,1.0,0.0,0.0,0.0,1.0,0.6221179366111755,1.0,0.0,0.0,1.4076135158538818,1.4076193571090698,1.322087683774953e-07,4.265924453735352,4.265914440155029,9.78592834144365e-06,0.0,0.0,-0.0,3958.97119140625,0.0,125.5029754638672,1895.4371337890625,0.0,1058.764892578125,0.3918306231498718,1.0,0.0,3.0,1.0,0.0
12315840,297.2113037109375,297.1499938964844,293.1499938964844,0.0,-0.0,286.7165222167969,0.8458444476127625,0.3736799657344818,0.3379518389701843,297.2619323730469,297.1499938964844,293.1499938964844,0.0,-0.0,286.7166748046875,0.8947577476501465,0.4433547258377075,0.4211235642433166,297.25714111328125,297.1499938964844,293.1499938964844,0.0,-0.0,286.71661376953125,0.8723037242889404,0.4111195206642151,0.288700520992279,297.2714233398437,297.1499938964844,293.1499938964844,0.0,-0.0,286.71649169921875,0.8351307511329651,0.3589978218078613,0.3417844474315643,297.25439453125,297.1499938964844,293.1499938964844,0.0,-0.0,286.71600341796875,0.7381737232208252,0.2451574653387069,1.1129440069198608,286.7166748046875,286.9488830566406,292.5379943847656,287.12921142578125,292.53814697265625,297.2557373046875,286.7186279296875,1.0,0.5712695121765137,1.0,1.0,0.0,1.0,-3.0047390460968018,3.0047318935394287,7.258669938892126e-06,2.320708513259888,0.6179333329200745,0.6179333329200745,0.0,151.46519470214844,184.0,17675.875,-0.0,2326.688232421875,1.0,283.1499938964844,286.1531677246094,290.1308288574219,291.3353271484375,293.1499938964844,293.1499938964844,283.1499938964844,18355.5234375,18000.0,313.1499938964844,0.0,18000.0,1.0,0.0,0.0,0.0,1.0,0.6223583221435547,1.0,0.0,0.0,1.403099536895752,1.40310537815094,1.3136218512954656e-07,4.265924453735352,4.265914440155029,9.78592834144365e-06,0.0,0.0,-0.0,3961.293701171875,0.0,124.58441925048828,1895.4371337890625,0.0,1060.25,0.3909094035625458,1.0,0.0,3.0,1.0,0.0
12315900,297.21612548828125,297.1499938964844,293.1499938964844,0.0,-0.0,286.7373352050781,0.8388012647628784,0.3745416700839996,0.3390123248100281,297.2680358886719,297.1499938964844,293.1499938964844,0.0,-0.0,286.7374572753906,0.886845588684082,0.4446644484996795,0.4226640462875366,297.2629089355469,297.1499938964844,293.1499938964844,0.0,-0.0,286.7373962402344,0.8648120760917664,0.4123662710189819,0.2897960543632507,297.2782287597656,297.1499938964844,293.1499938964844,0.0,-0.0,286.7373046875,0.8287423253059387,0.3604363203048706,0.3434554040431976,297.26141357421875,297.1499938964844,293.1499938964844,0.0,-0.0,286.73687744140625,0.7330021858215332,0.2465097159147262,1.1205687522888184,286.7374572753906,286.95294189453125,292.53472900390625,287.13360595703125,292.53485107421875,297.26275634765625,286.7391357421875,1.0,0.5767098665237427,1.0,1.0,0.0,1.0,-3.020364761352539,3.020357370376587,7.334776455536485e-06,2.332953453063965,0.6166657209396362,0.6166657209396362,0.0,157.6807403564453,184.0,17699.681640625,-0.0,2387.130859375,1.0,283.1499938964844,286.17254638671875,290.1377868652344,291.3446960449219,293.1499938964844,293.1499938964844,283.1499938964844,18329.041015625,18000.0,313.1499938964844,0.0,18000.0,1.0,0.0,0.0,0.0,1.0,0.6229116916656494,1.0,0.0,0.0,1.3964598178863523,1.3964656591415403,1.3012186173000373e-07,4.265924453735352,4.265914440155029,9.78592834144365e-06,0.0,0.0,-0.0,3964.43115234375,0.0,123.24442291259766,1895.4371337890625,0.0,1063.67431640625,0.3895579576492309,1.0,0.0,3.0,1.0,0.0
12315960,297.2194519042969,297.1499938964844,293.1499938964844,0.0,-0.0,286.75543212890625,0.8334051966667175,0.375285804271698,0.3398999571800232,297.2723999023437,297.1499938964844,293.1499938964844,0.0,-0.0,286.75555419921875,0.8807908892631531,0.4458406567573547,0.4240106344223022,297.2669982910156,297.1499938964844,293.1499938964844,0.0,-0.0,286.7554931640625,0.8591212630271912,0.4134835004806518,0.2907488048076629,297.2831115722656,297.1499938964844,293.1499938964844,0.0,-0.0,286.7554016113281,0.8238669633865356,0.3617297112941742,0.3449200391769409,297.2662048339844,297.1499938964844,293.1499938964844,0.0,-0.0,286.75506591796875,0.7290706038475037,0.2476841956377029,1.1270767450332642,286.75555419921875,286.9571228027344,292.5313415527344,287.13818359375,292.531494140625,297.2675476074219,286.75701904296875,1.0,0.5814020037651062,1.0,1.0,0.0,1.0,-3.0337841510772705,3.0337767601013184,7.400409231195226e-06,2.3434507846832275,0.6154624223709106,0.6154624223709106,0.0,162.8554229736328,187.0,17716.0078125,-0.0,2438.66552734375,1.0,283.1499938964844,286.1895446777344,290.1438293457031,291.3527526855469,293.1499938964844,293.1499938964844,283.1499938964844,18305.873046875,18000.0,313.1499938964844,0.0,18000.0,1.0,0.0,0.0,0.0,1.0,0.6235575675964355,1.0,0.0,0.0,1.3902543783187866,1.3902602195739746,1.289680113814029e-07,4.265924453735352,4.265914440155029,9.78592834144365e-06,0.0,0.0,-0.0,3966.917236328125,0.0,122.00592803955078,1895.4371337890625,0.0,1067.68115234375,0.3883008956909179,1.0,0.0,3.0,1.0,0.0
12316020,297.22344970703125,297.1499938964844,293.1499938964844,0.0,-0.0,286.7864074707031,0.8255057334899902,0.3765740096569061,0.3413782715797424,297.2779235839844,297.1499938964844,293.1499938964844,0.0,-0.0,286.7864990234375,0.8720395565032959,0.4479528367519378,0.4263503849506378,297.272216796875,297.1499938964844,293.1499938964844,0.0,-0.0,286.7864685058594,0.850958526134491,0.4154967665672302,0.2924050688743591,297.2893371582031,297.1499938964844,293.1499938964844,0.0,-0.0,286.786376953125,0.8167631030082703,0.3640491366386413,0.3474673330783844,297.2712097167969,297.1499938964844,293.1499938964844,0.0,-0.0,286.7861022949219,0.7233479022979736,0.2496686726808548,1.13783860206604,286.7865295410156,286.9657897949219,292.5243530273437,287.1478576660156,292.5245056152344,297.2728576660156,286.7877197265625,1.0,0.5890242457389832,1.0,1.0,0.0,1.0,-3.056370258331299,3.0563628673553467,7.511525836889632e-06,2.361114740371704,0.6132288575172424,0.6132288575172424,0.0,171.16407775878906,190.0,17735.5859375,-0.0,2524.280029296875,1.0,283.1499938964844,286.2188415527344,290.1533508300781,291.3650817871094,293.1499938964844,293.1499938964844,283.1499938964844,18267.36328125,18000.0,313.1499938964844,0.0,18000.0,1.0,0.0,0.0,0.0,1.0,0.6247097253799438,1.0,0.0,0.0,1.378958225250244,1.3789639472961426,1.2688072104083406e-07,4.265924453735352,4.265914440155029,9.78592834144365e-06,0.0,0.0,-0.0,3970.530029296875,0.0,119.78463745117188,1895.4371337890625,0.0,1074.856201171875,0.3860271871089935,1.0,0.0,3.0,1.0,0.0
12316080,297.22344970703125,297.1499938964844,293.1499938964844,0.0,-0.0,286.7864074707031,0.8255057334899902,0.3765740096569061,0.3413782715797424,297.2779235839844,297.1499938964844,293.1499938964844,0.0,-0.0,286.7864990234375,0.8720395565032959,0.4479528367519378,0.4263503849506378,297.272216796875,297.1499938964844,293.1499938964844,0.0,-0.0,286.7864685058594,0.850958526134491,0.4154967665672302,0.2924050688743591,297.2893371582031,297.1499938964844,293.1499938964844,0.0,-0.0,286.786376953125,0.8167631030082703,0.3640491366386413,0.3474673330783844,297.2712097167969,297.1499938964844,293.1499938964844,0.0,-0.0,286.7861022949219,0.7233479022979736,0.2496686726808548,1.13783860206604,286.7865295410156,286.9657897949219,292.5243530273437,287.1478576660156,292.5245056152344,297.2728576660156,286.7877197265625,1.0,0.5890242457389832,1.0,1.0,0.0,1.0,-3.056370258331299,3.0563628673553467,7.511525836889632e-06,2.361114740371704,0.6132288575172424,0.6132288575172424,0.0,171.16407775878906,190.0,17735.5859375,-0.0,2524.280029296875,1.0,283.1499938964844,286.2188415527344,290.1533508300781,291.3650817871094,293.1499938964844,293.1499938964844,283.1499938964844,18267.36328125,18000.0,313.1499938964844,0.0,18000.0,1.0,0.0,0.0,0.0,1.0,0.6247097253799438,1.0,0.0,0.0,1.378958225250244,1.3789639472961426,1.2688072104083406e-07,4.265924453735352,4.265914440155029,9.78592834144365e-06,0.0,0.0,-0.0,3970.530029296875,0.0,119.78463745117188,1895.4371337890625,0.0,1074.856201171875,0.3860271871089935,1.0,0.0,3.0,1.0,0.0
12316140,297.2256164550781,297.1499938964844,293.1499938964844,0.0,-0.0,286.81268310546875,0.820088267326355,0.3777268230915069,0.3426368534564972,297.2811279296875,297.1499938964844,293.1499938964844,0.0,-0.0,286.8127746582031,0.8662310242652893,0.4499011635780334,0.4284253418445587,297.2753601074219,297.1499938964844,293.1499938964844,0.0,-0.0,286.812744140625,0.8455817699432373,0.4173670411109924,0.293881207704544,297.2928771972656,297.1499938964844,293.1499938964844,0.0,-0.0,286.81268310546875,0.8119784593582153,0.3661756515502929,0.3497200012207031,297.2725830078125,297.1499938964844,293.1499938964844,0.0,-0.0,286.8124084472656,0.7194876074790955,0.2513476908206939,1.146671175956726,286.8127746582031,286.9747009277344,292.5171813964844,287.158203125,292.5173034667969,297.2747497558594,286.8138122558594,1.0,0.5950484871864319,1.0,1.0,0.0,1.0,-3.0754823684692383,3.075474977493286,7.606190592923667e-06,2.376058578491211,0.6111912131309509,0.6111912131309509,0.0,177.5076904296875,178.0,17745.595703125,-0.0,2594.046142578125,1.0,283.1499938964844,286.2438049316406,290.161376953125,291.3744201660156,293.1499938964844,293.1499938964844,283.1499938964844,18236.98046875,18000.0,313.1499938964844,0.0,18000.0,1.0,0.0,0.0,0.0,1.0,0.6253529191017151,1.0,0.0,0.0,1.3688889741897583,1.3688946962356567,1.2503450363965385e-07,4.265924453735352,4.265914440155029,9.78592834144365e-06,0.0,0.0,-0.0,3973.234375,0.0,117.84033966064452,1895.4371337890625,0.0,1078.87646484375,0.3840165436267853,1.0,0.0,3.0,1.0,0.0
12316200,297.2256164550781,297.1499938964844,293.1499938964844,0.0,-0.0,286.81268310546875,0.820088267326355,0.3777268230915069,0.3426368534564972,297.2811279296875,297.1499938964844,293.1499938964844,0.0,-0.0,286.8127746582031,0.8662310242652893,0.4499011635780334,0.4284253418445587,297.2753601074219,297.1499938964844,293.1499938964844,0.0,-0.0,286.812744140625,0.8455817699432373,0.4173670411109924,0.293881207704544,297.2928771972656,297.1499938964844,293.1499938964844,0.0,-0.0,286.81268310546875,0.8119784593582153,0.3661756515502929,0.3497200012207031,297.2725830078125,297.1499938964844,293.1499938964844,0.0,-0.0,286.8124084472656,0.7194876074790955,0.2513476908206939,1.146671175956726,286.8127746582031,286.9747009277344,292.5171813964844,287.158203125,292.5173034667969,297.2747497558594,286.8138122558594,1.0,0.5950484871864319,1.0,1.0,0.0,1.0,-3.0754823684692383,3.075474977493286,7.606190592923667e-06,2.376058578491211,0.6111912131309509,0.6111912131309509,0.0,177.5076904296875,178.0,17745.595703125,-0.0,2594.046142578125,1.0,283.1499938964844,286.2438049316406,290.161376953125,291.3744201660156,293.1499938964844,293.1499938964844,283.1499938964844,18236.98046875,18000.0,313.1499938964844,0.0,18000.0,1.0,0.0,0.0,0.0,1.0,0.6253529191017151,1.0,0.0,0.0,1.3688889741897583,1.3688946962356567,1.2503450363965385e-07,4.265924453735352,4.265914440155029,9.78592834144365e-06,0.0,0.0,-0.0,3973.234375,0.0,117.84033966064452,1895.4371337890625,0.0,1078.87646484375,0.3840165436267853,1.0,0.0,3.0,1.0,0.0
12316260,297.22711181640625,297.1499938964844,293.1499938964844,0.0,-0.0,286.8345947265625,0.8230381608009338,0.3788352608680725,0.3435529470443725,297.28338623046875,297.1499938964844,293.1499938964844,0.0,-0.0,286.83465576171875,0.8699432611465454,0.451789915561676,0.4301244020462036,297.2777404785156,297.1499938964844,293.1499938964844,0.0,-0.0,286.83465576171875,0.8490896821022034,0.419194757938385,0.2950917184352875,297.29522705078125,297.1499938964844,293.1499938964844,0.0,-0.0,286.8345947265625,0.8156696557998657,0.3682222664356231,0.3515753149986267,297.2721862792969,297.1499938964844,293.1499938964844,0.0,-0.0,286.8343811035156,0.7227708101272583,0.2528600990772247,1.153199315071106,286.8346862792969,286.9837951660156,292.5098571777344,287.16925048828125,292.510009765625,297.2750549316406,286.83551025390625,1.0,0.5957014560699463,1.0,1.0,0.0,1.0,-3.0901663303375244,3.090158700942993,7.679466762056109e-06,2.387598991394043,0.6092938184738159,0.6092938184738159,0.0,176.11045837402344,166.0,17743.052734375,-0.0,2615.13037109375,1.0,283.1499938964844,286.264892578125,290.1698303222656,291.38311767578125,293.1499938964844,293.1499938964844,283.1499938964844,18213.494140625,18000.0,313.1499938964844,0.0,18000.0,1.0,0.0,0.0,0.0,1.0,0.6254681348800659,1.0,0.0,0.0,1.3597630262374878,1.3597687482833862,1.23372942084643e-07,4.265924453735352,4.265914440155029,9.78592834144365e-06,0.0,0.0,-0.0,3975.537841796875,0.0,116.1092529296875,1895.4371337890625,0.0,1079.597900390625,0.3822096884250641,1.0,0.0,3.0,1.0,0.0
12316320,297.22711181640625,297.1499938964844,293.1499938964844,0.0,-0.0,286.8345947265625,0.8230381608009338,0.3788352608680725,0.3435529470443725,297.28338623046875,297.1499938964844,293.1499938964844,0.0,-0.0,286.83465576171875,0.8699432611465454,0.451789915561676,0.4301244020462036,297.2777404785156,297.1499938964844,293.1499938964844,0.0,-0.0,286.83465576171875,0.8490896821022034,0.419194757938385,0.2950917184352875,297.29522705078125,297.1499938964844,293.1499938964844,0.0,-0.0,286.8345947265625,0.8156696557998657,0.3682222664356231,0.3515753149986267,297.2721862792969,297.1499938964844,293.1499938964844,0.0,-0.0,286.8343811035156,0.7227708101272583,0.2528600990772247,1.153199315071106,286.8346862792969,286.9837951660156,292.5098571777344,287.16925048828125,292.510009765625,297.2750549316406,286.83551025390625,1.0,0.5957014560699463,1.0,1.0,0.0,1.0,-3.0901663303375244,3.090158700942993,7.679466762056109e-06,2.387598991394043,0.6092938184738159,0.6092938184738159,0.0,176.11045837402344,166.0,17743.052734375,-0.0,2615.13037109375,1.0,283.1499938964844,286.264892578125,290.1698303222656,291.38311767578125,293.1499938964844,293.1499938964844,283.1499938964844,18213.494140625,18000.0,313.1499938964844,0.0,18000.0,1.0,0.0,0.0,0.0,1.0,0.6254681348800659,1.0,0.0,0.0,1.3597630262374878,1.3597687482833862,1.23372942084643e-07,4.265924453735352,4.265914440155029,9.78592834144365e-06,0.0,0.0,-0.0,3975.537841796875,0.0,116.1092529296875,1895.4371337890625,0.0,1079.597900390625,0.3822096884250641,1.0,0.0,3.0,1.0,0.0
12316380,297.2286071777344,297.1499938964844,293.1499938964844,0.0,-0.0,286.85333251953125,0.8313869833946228,0.379962146282196,0.3443030118942261,297.2854309082031,297.1499938964844,293.1499938964844,0.0,-0.0,286.8533935546875,0.8799416422843933,0.4536861181259155,0.4316363334655761,297.280029296875,297.1499938964844,293.1499938964844,0.0,-0.0,286.8533630371094,0.8585094809532166,0.4210450351238251,0.2961751222610473,297.2971496582031,297.1499938964844,293.1499938964844,0.0,-0.0,286.8533020019531,0.8246721625328064,0.3702591955661773,0.3532271385192871,297.27117919921875,297.1499938964844,293.1499938964844,0.0,-0.0,286.8531494140625,0.7306028008460999,0.2543052732944488,1.158469796180725,286.8533935546875,286.9928894042969,292.50250244140625,287.1809387207031,292.5026550292969,297.27490234375,286.8541259765625,1.0,0.5936192274093628,1.0,1.0,0.0,1.0,-3.10251259803772,3.1025049686431885,7.741305125819054e-06,2.397284030914306,0.6075007915496826,0.6075007915496826,0.0,169.99249267578125,154.0,17734.072265625,-0.0,2606.81884765625,1.0,283.1499938964844,286.2831115722656,290.17950439453125,291.39227294921875,293.1499938964844,293.1499938964844,283.1499938964844,18195.73828125,18000.0,313.1499938964844,0.0,18000.0,1.0,0.0,0.0,0.0,1.0,0.6251634359359741,1.0,0.0,0.0,1.3513407707214355,1.3513463735580444,1.2184933950720733e-07,4.265924453735352,4.265914440155029,9.78592834144365e-06,0.0,0.0,-0.0,3977.76416015625,0.0,114.5389404296875,1895.4371337890625,0.0,1077.691162109375,0.3805573284626007,1.0,0.0,3.0,1.0,0.0
12316440,297.2286071777344,297.1499938964844,293.1499938964844,0.0,-0.0,286.85333251953125,0.8313869833946228,0.379962146282196,0.3443030118942261,297.2854309082031,297.1499938964844,293.1499938964844,0.0,-0.0,286.8533935546875,0.8799416422843933,0.4536861181259155,0.4316363334655761,297.280029296875,297.1499938964844,293.1499938964844,0.0,-0.0,286.8533630371094,0.8585094809532166,0.4210450351238251,0.2961751222610473,297.2971496582031,297.1499938964844,293.1499938964844,0.0,-0.0,286.8533020019531,0.8246721625328064,0.3702591955661773,0.3532271385192871,297.27117919921875,297.1499938964844,293.1499938964844,0.0,-0.0,286.8531494140625,0.7306028008460999,0.2543052732944488,1.158469796180725,286.8533935546875,286.9928894042969,292.50250244140625,287.1809387207031,292.5026550292969,297.27490234375,286.8541259765625,1.0,0.5936192274093628,1.0,1.0,0.0,1.0,-3.10251259803772,3.1025049686431885,7.741305125819054e-06,2.397284030914306,0.6075007915496826,0.6075007915496826,0.0,169.99249267578125,154.0,17734.072265625,-0.0,2606.81884765625,1.0,283.1499938964844,286.2831115722656,290.17950439453125,291.39227294921875,293.1499938964844,293.1499938964844,283.1499938964844,18195.73828125,18000.0,313.1499938964844,0.0,18000.0,1.0,0.0,0.0,0.0,1.0,0.6251634359359741,1.0,0.0,0.0,1.3513407707214355,1.3513463735580444,1.2184933950720733e-07,4.265924453735352,4.265914440155029,9.78592834144365e-06,0.0,0.0,-0.0,3977.76416015625,0.0,114.5389404296875,1895.4371337890625,0.0,1077.691162109375,0.3805573284626007,1.0,0.0,3.0,1.0,0.0
12316500,297.2293701171875,297.1499938964844,293.1499938964844,0.0,-0.0,286.86199951171875,0.8370991349220276,0.3805360794067383,0.344648003578186,297.28643798828125,297.1499938964844,293.1499938964844,0.0,-0.0,286.862060546875,0.8867599964141846,0.4546436369419098,0.4323588609695434,297.2811889648437,297.1499938964844,293.1499938964844,0.0,-0.0,286.8620300292969,0.86497563123703,0.4219838380813598,0.2966953814029693,297.2980651855469,297.1499938964844,293.1499938964844,0.0,-0.0,286.8619689941406,0.8306288123130798,0.3712809979915619,0.3540136516094208,297.2705993652344,297.1499938964844,293.1499938964844,0.0,-0.0,286.86181640625,0.73580402135849,0.2550159692764282,1.1608433723449707,286.862060546875,286.9974060058594,292.4988708496094,287.18707275390625,292.4989929199219,297.2748107910156,286.8627624511719,1.0,0.5919348001480103,1.0,1.0,0.0,1.0,-3.108221530914306,3.1082136631011963,7.769982403260656e-06,2.401762008666992,0.6066407561302185,0.6066407561302185,0.0,165.87484741210938,154.0,17728.666015625,-0.0,2596.109130859375,1.0,283.1499938964844,286.29156494140625,290.18487548828125,291.39727783203125,293.1499938964844,293.1499938964844,283.1499938964844,18188.294921875,18000.0,313.1499938964844,0.0,18000.0,1.0,0.0,0.0,0.0,1.0,0.6249053478240967,1.0,0.0,0.0,1.3473527431488037,1.3473583459854126,1.211311939641746e-07,4.265924453735352,4.265914440155029,9.78592834144365e-06,0.0,0.0,-0.0,3978.96826171875,0.0,113.8034896850586,1895.4371337890625,0.0,1076.07763671875,0.3797790706157684,1.0,0.0,3.0,1.0,0.0
12316560,297.23016357421875,297.1499938964844,293.1499938964844,0.0,-0.0,286.8703308105469,0.8437761664390564,0.3811168074607849,0.3449819684028625,297.2874450683594,297.1499938964844,293.1499938964844,0.0,-0.0,286.8703918457031,0.8946629762649536,0.4556083083152771,0.4330697655677795,297.2823791503906,297.1499938964844,293.1499938964844,0.0,-0.0,286.870361328125,0.8725283145904541,0.4229320883750915,0.2972087562084198,297.2989807128906,297.1499938964844,293.1499938964844,0.0,-0.0,286.8703308105469,0.8374995589256287,0.3723065853118896,0.354785144329071,297.27001953125,297.1499938964844,293.1499938964844,0.0,-0.0,286.8701477050781,0.7418226599693298,0.2557221055030823,1.163105845451355,286.8703918457031,287.0018920898437,292.4952392578125,287.1933288574219,292.4953918457031,297.2747497558594,286.8710632324219,1.0,0.5899664163589478,1.0,1.0,0.0,1.0,-3.11374306678772,3.1137351989746094,7.79776837589452e-06,2.406092882156372,0.6058035492897034,0.6058035492897034,0.0,161.288818359375,142.0,17723.05859375,-0.0,2582.501708984375,1.0,283.1499938964844,286.2996826171875,290.1906433105469,291.40264892578125,293.1499938964844,293.1499938964844,283.1499938964844,18181.54296875,18000.0,313.1499938964844,0.0,18000.0,1.0,0.0,0.0,0.0,1.0,0.624606192111969,1.0,0.0,0.0,1.3434956073760986,1.3435012102127075,1.2043865638133866e-07,4.265924453735352,4.265914440155029,9.78592834144365e-06,0.0,0.0,-0.0,3980.255126953125,0.0,113.0967025756836,1895.4371337890625,0.0,1074.2098388671875,0.3790284693241119,1.0,0.0,3.0,1.0,0.0
12316620,297.2317810058594,297.1499938964844,293.1499938964844,0.0,-0.0,286.8862609863281,0.8601899147033691,0.382296085357666,0.3456315994262695,297.2895202636719,297.1499938964844,293.1499938964844,0.0,-0.0,286.8863220214844,0.9142199754714966,0.4575583636760711,0.4344743192195892,297.2848205566406,297.1499938964844,293.1499938964844,0.0,-0.0,286.8863220214844,0.890870988368988,0.4248548746109009,0.298226922750473,297.3006896972656,297.1499938964844,293.1499938964844,0.0,-0.0,286.8862609863281,0.8542158603668213,0.3743691444396972,0.356301873922348,297.26885986328125,297.1499938964844,293.1499938964844,0.0,-0.0,286.8861083984375,0.7565100193023682,0.2571247220039367,1.1674065589904783,286.8863220214844,287.0107116699219,292.4881591796875,287.2063903808594,292.48828125,297.2746887207031,286.8869934082031,1.0,0.5854519009590149,1.0,1.0,0.0,1.0,-3.124431610107422,3.1244237422943115,7.851695954741444e-06,2.414475917816162,0.6041945815086365,0.6041945815086365,0.0,151.16705322265625,130.0,17711.947265625,-0.0,2549.37451171875,1.0,283.1499938964844,286.3152160644531,290.2031555175781,291.4144287109375,293.1499938964844,293.1499938964844,283.1499938964844,18169.525390625,18000.0,313.1499938964844,0.0,18000.0,1.0,0.0,0.0,0.0,1.0,0.6239499449729919,1.0,0.0,0.0,1.3361358642578125,1.3361414670944214,1.1912273834013833e-07,4.265924453735352,4.265914440155029,9.78592834144365e-06,0.0,0.0,-0.0,3983.084228515625,0.0,111.7593994140625,1895.4371337890625,0.0,1070.1209716796875,0.3776011168956756,1.0,0.0,3.0,1.0,0.0
12316680,297.2317810058594,297.1499938964844,293.1499938964844,0.0,-0.0,286.8862609863281,0.8601899147033691,0.382296085357666,0.3456315994262695,297.2895202636719,297.1499938964844,293.1499938964844,0.0,-0.0,286.8863220214844,0.9142199754714966,0.4575583636760711,0.4344743192195892,297.2848205566406,297.1499938964844,293.1499938964844,0.0,-0.0,286.8863220214844,0.890870988368988,0.4248548746109009,0.298226922750473,297.3006896972656,297.1499938964844,293.1499938964844,0.0,-0.0,286.8862609863281,0.8542158603668213,0.3743691444396972,0.356301873922348,297.26885986328125,297.1499938964844,293.1499938964844,0.0,-0.0,286.8861083984375,0.7565100193023682,0.2571247220039367,1.1674065589904783,286.8863220214844,287.0107116699219,292.4881591796875,287.2063903808594,292.48828125,297.2746887207031,286.8869934082031,1.0,0.5854519009590149,1.0,1.0,0.0,1.0,-3.124431610107422,3.1244237422943115,7.851695954741444e-06,2.414475917816162,0.6041945815086365,0.6041945815086365,0.0,151.16705322265625,130.0,17711.947265625,-0.0,2549.37451171875,1.0,283.1499938964844,286.3152160644531,290.2031555175781,291.4144287109375,293.1499938964844,293.1499938964844,283.1499938964844,18169.525390625,18000.0,313.1499938964844,0.0,18000.0,1.0,0.0,0.0,0.0,1.0,0.6239499449729919,1.0,0.0,0.0,1.3361358642578125,1.3361414670944214,1.1912273834013833e-07,4.265924453735352,4.265914440155029,9.78592834144365e-06,0.0,0.0,-0.0,3983.084228515625,0.0,111.7593994140625,1895.4371337890625,0.0,1070.1209716796875,0.3776011168956756,1.0,0.0,3.0,1.0,0.0
12316740,297.2333984375,297.1499938964844,293.1499938964844,0.0,-0.0,286.9014892578125,0.8813498020172119,0.3834958672523498,0.3462700545787811,297.29156494140625,297.1499938964844,293.1499938964844,0.0,-0.0,286.9015197753906,0.9406633377075196,0.4595329463481903,0.4358711540699005,297.2872314453125,297.1499938964844,293.1499938964844,0.0,-0.0,286.9015197753906,0.9144493937492372,0.4268085360527038,0.2992440164089203,297.3023376464844,297.1499938964844,293.1499938964844,0.0,-0.0,286.9014587402344,0.8756994605064392,0.3764448165893554,0.3577997982501983,297.2677307128906,297.1499938964844,293.1499938964844,0.0,-0.0,286.9013366699219,0.7753966450691223,0.2585163414478302,1.1715047359466553,286.90155029296875,287.0191650390625,292.4813232421875,287.2201538085937,292.4814453125,297.2746887207031,286.90216064453125,1.0,0.5804356932640076,1.0,1.0,0.0,1.0,-3.1348302364349365,3.134822368621826,7.904334779595956e-06,2.422630071640014,0.6026726365089417,0.6026726365089417,0.0,140.2283172607422,118.0,17701.7109375,-0.0,2511.0693359375,1.0,283.1499938964844,286.3299865722656,290.2168273925781,291.42742919921875,293.1499938964844,293.1499938964844,283.1499938964844,18158.857421875,18000.0,313.1499938964844,0.0,18000.0,1.0,0.0,0.0,0.0,1.0,0.6232823729515076,1.0,0.0,0.0,1.329219937324524,1.3292254209518433,1.178927533374008e-07,4.265924453735352,4.265914440155029,9.78592834144365e-06,0.0,0.0,-0.0,3986.237548828125,0.0,110.51504516601562,1895.4371337890625,0.0,1065.97265625,0.3762644827365875,1.0,0.0,3.0,1.0,0.0
12316800,297.2333984375,297.1499938964844,293.1499938964844,0.0,-0.0,286.9014892578125,0.8813498020172119,0.3834958672523498,0.3462700545787811,297.29156494140625,297.1499938964844,293.1499938964844,0.0,-0.0,286.9015197753906,0.9406633377075196,0.4595329463481903,0.4358711540699005,297.2872314453125,297.1499938964844,293.1499938964844,0.0,-0.0,286.9015197753906,0.9144493937492372,0.4268085360527038,0.2992440164089203,297.3023376464844,297.1499938964844,293.1499938964844,0.0,-0.0,286.9014587402344,0.8756994605064392,0.3764448165893554,0.3577997982501983,297.2677307128906,297.1499938964844,293.1499938964844,0.0,-0.0,286.9013366699219,0.7753966450691223,0.2585163414478302,1.1715047359466553,286.90155029296875,287.0191650390625,292.4813232421875,287.2201538085937,292.4814453125,297.2746887207031,286.90216064453125,1.0,0.5804356932640076,1.0,1.0,0.0,1.0,-3.1348302364349365,3.134822368621826,7.904334779595956e-06,2.422630071640014,0.6026726365089417,0.6026726365089417,0.0,140.2283172607422,118.0,17701.7109375,-0.0,2511.0693359375,1.0,283.1499938964844,286.3299865722656,290.2168273925781,291.42742919921875,293.1499938964844,293.1499938964844,283.1499938964844,18158.857421875,18000.0,313.1499938964844,0.0,18000.0,1.0,0.0,0.0,0.0,1.0,0.6232823729515076,1.0,0.0,0.0,1.329219937324524,1.3292254209518433,1.178927533374008e-07,4.265924453735352,4.265914440155029,9.78592834144365e-06,0.0,0.0,-0.0,3986.237548828125,0.0,110.51504516601562,1895.4371337890625,0.0,1065.97265625,0.3762644827365875,1.0,0.0,3.0,1.0,0.0
12316860,297.2350158691406,297.1499938964844,293.1499938964844,0.0,-0.0,286.9161376953125,0.9083929061889648,0.3847161531448364,0.3469101190567016,297.29351806640625,297.1499938964844,293.1499938964844,0.0,-0.0,286.9161682128906,0.9708568453788756,0.4615266621112823,0.4372694492340088,297.28961181640625,297.1499938964844,293.1499938964844,0.0,-0.0,286.9161682128906,0.9463770985603333,0.4287867546081543,0.3002661168575287,297.3038635253906,297.1499938964844,293.1499938964844,0.0,-0.0,286.9161071777344,0.9030389189720154,0.3785292208194732,0.3592892587184906,297.2666320800781,297.1499938964844,293.1499938964844,0.0,-0.0,286.9159851074219,0.7993869185447693,0.2598969042301178,1.1754701137542725,286.9161682128906,287.0271911621094,292.474853515625,287.23455810546875,292.4749755859375,297.27459716796875,286.9167785644531,1.0,0.575134813785553,1.0,1.0,0.0,1.0,-3.145068645477295,3.145060777664185,7.956331501191016e-06,2.430657386779785,0.6012382507324219,0.6012382507324219,0.0,128.83480834960938,106.0,17692.94921875,-0.0,2469.74267578125,1.0,283.1499938964844,286.3441467285156,290.2313842773437,291.44146728515625,293.1499938964844,293.1499938964844,283.1499938964844,18148.927734375,18000.0,313.1499938964844,0.0,18000.0,1.0,0.0,0.0,0.0,1.0,0.622643768787384,1.0,0.0,0.0,1.3227221965789795,1.3227276802062988,1.167429530823938e-07,4.265924453735352,4.265914440155029,9.78592834144365e-06,0.0,0.0,-0.0,3989.6806640625,0.0,109.35549926757812,1895.4371337890625,0.0,1062.01513671875,0.3750114142894745,1.0,0.0,3.0,1.0,0.0
12316920,297.2350158691406,297.1499938964844,293.1499938964844,0.0,-0.0,286.9161376953125,0.9083929061889648,0.3847161531448364,0.3469101190567016,297.29351806640625,297.1499938964844,293.1499938964844,0.0,-0.0,286.9161682128906,0.9708568453788756,0.4615266621112823,0.4372694492340088,297.28961181640625,297.1499938964844,293.1499938964844,0.0,-0.0,286.9161682128906,0.9463770985603333,0.4287867546081543,0.3002661168575287,297.3038635253906,297.1499938964844,293.1499938964844,0.0,-0.0,286.9161071777344,0.9030389189720154,0.3785292208194732,0.3592892587184906,297.2666320800781,297.1499938964844,293.1499938964844,0.0,-0.0,286.9159851074219,0.7993869185447693,0.2598969042301178,1.1754701137542725,286.9161682128906,287.0271911621094,292.474853515625,287.23455810546875,292.4749755859375,297.27459716796875,286.9167785644531,1.0,0.575134813785553,1.0,1.0,0.0,1.0,-3.145068645477295,3.145060777664185,7.956331501191016e-06,2.430657386779785,0.6012382507324219,0.6012382507324219,0.0,128.83480834960938,106.0,17692.94921875,-0.0,2469.74267578125,1.0,283.1499938964844,286.3441467285156,290.2313842773437,291.44146728515625,293.1499938964844,293.1499938964844,283.1499938964844,18148.927734375,18000.0,313.1499938964844,0.0,18000.0,1.0,0.0,0.0,0.0,1.0,0.622643768787384,1.0,0.0,0.0,1.3227221965789795,1.3227276802062988,1.167429530823938e-07,4.265924453735352,4.265914440155029,9.78592834144365e-06,0.0,0.0,-0.0,3989.6806640625,0.0,109.35549926757812,1895.4371337890625,0.0,1062.01513671875,0.3750114142894745,1.0,0.0,3.0,1.0,0.0
12316980,297.2361755371094,297.1499938964844,293.1499938964844,0.0,-0.0,286.92694091796875,0.9366047978401184,0.38565194606781,0.3473990857601166,297.2949523925781,297.1499938964844,293.1499938964844,0.0,-0.0,286.9269714355469,0.9937389492988586,0.4630511701107025,0.4383347928524017,297.29132080078125,297.1499938964844,293.1499938964844,0.0,-0.0,286.9269714355469,0.9733296632766724,0.4303027093410492,0.3010472357273102,297.304931640625,297.1499938964844,293.1499938964844,0.0,-0.0,286.9269104003906,0.9312112927436828,0.3801162838935852,0.3604177832603454,297.2658386230469,297.1499938964844,293.1499938964844,0.0,-0.0,286.9267883300781,0.820905327796936,0.2609379589557647,1.1784151792526243,286.9269714355469,287.0329284667969,292.4702453613281,287.2460021972656,292.4703369140625,297.27459716796875,286.9275817871094,1.0,0.5709900856018066,1.0,1.0,0.0,1.0,-3.152770519256592,3.152762651443481,7.995557098183781e-06,2.436695098876953,0.6002087593078613,0.6002087593078613,0.0,119.99728393554688,106.0,17687.517578125,-0.0,2437.033935546875,1.0,283.1499938964844,286.3545227050781,290.2429504394531,291.4527282714844,293.1499938964844,293.1499938964844,283.1499938964844,18141.619140625,18000.0,313.1499938964844,0.0,18000.0,1.0,0.0,0.0,0.0,1.0,0.6221851706504822,1.0,0.0,0.0,1.3180608749389648,1.3180663585662842,1.1592159410156456e-07,4.265924453735352,4.265914440155029,9.78592834144365e-06,0.0,0.0,-0.0,3992.480712890625,0.0,108.5287094116211,1895.4371337890625,0.0,1059.179931640625,0.3741135001182556,1.0,0.0,3.0,1.0,0.0
12317040,297.23651123046875,297.1499938964844,293.1499938964844,0.0,-0.0,286.93023681640625,0.9458916783332824,0.3859453797340393,0.3475620448589325,297.2955017089844,297.1499938964844,293.1499938964844,0.0,-0.0,286.9302673339844,0.9990000128746032,0.4635446667671203,0.4377713799476623,297.29180908203125,297.1499938964844,293.1499938964844,0.0,-0.0,286.9302673339844,0.9811694622039796,0.4307802319526672,0.3013010919094085,297.3052062988281,297.1499938964844,293.1499938964844,0.0,-0.0,286.93023681640625,0.9407652616500854,0.3806147575378418,0.3607824444770813,297.2655334472656,297.1499938964844,293.1499938964844,0.0,-0.0,286.9300842285156,0.8276413679122925,0.2612623870372772,1.1793767213821411,286.9302673339844,287.0346374511719,292.4688415527344,287.2496643066406,292.4689636230469,297.27459716796875,286.9307556152344,1.0,0.5696131587028503,1.0,1.0,0.0,1.0,-3.1541593074798584,3.154151201248169,8.003046787052881e-06,2.4379494190216064,0.59989333152771,0.59989333152771,0.0,117.38178253173828,109.0,17683.77734375,-0.0,2425.640380859375,1.0,283.1499938964844,286.357666015625,290.2466735839844,291.4563903808594,293.1499938964844,293.1499938964844,283.1499938964844,18139.33984375,18000.0,313.1499938964844,0.0,18000.0,1.0,0.0,0.0,0.0,1.0,0.6220442056655884,1.0,0.0,0.0,1.316635012626648,1.3166404962539673,1.1567092172981577e-07,4.265924453735352,4.265914440155029,9.78592834144365e-06,0.0,0.0,-0.0,3993.376220703125,0.0,108.27659606933594,1895.4371337890625,0.0,1058.3094482421875,0.3738389015197754,1.0,0.0,3.0,1.0,0.0
12317100,297.2367553710937,297.1499938964844,293.1499938964844,0.0,-0.0,286.93267822265625,0.9529802203178406,0.3865182399749756,0.3480217754840851,297.3010559082031,297.1499938964844,293.1499938964844,0.0,-0.0,286.93267822265625,0.9990000128746032,0.4650088250637054,0.4302912056446075,297.2924499511719,297.1499938964844,293.1499938964844,0.0,-0.0,286.93267822265625,0.9870496988296508,0.4317412078380584,0.3019254207611084,297.305419921875,297.1499938964844,293.1499938964844,0.0,-0.0,286.93267822265625,0.9483622908592224,0.3816198706626892,0.3616698384284973,297.2646179199219,297.1499938964844,293.1499938964844,0.0,-0.0,286.9326477050781,0.8330854177474976,0.2619030773639679,1.181973218917847,286.93267822265625,287.0381164550781,292.4660339355469,287.2574768066406,292.4661560058594,297.2748718261719,286.9327697753906,1.0,0.5681644678115845,1.0,1.0,0.0,1.0,-3.1507327556610107,3.1507248878479004,7.985857337189373e-06,2.435378074645996,0.5991822481155396,0.5991822481155396,0.0,115.3361587524414,109.0,17653.970703125,-0.0,2408.04248046875,1.0,283.1499938964844,286.361083984375,290.2544250488281,291.46356201171875,293.1499938964844,293.1499938964844,283.1499938964844,18137.40625,18000.0,313.1499938964844,0.0,18000.0,1.0,0.0,0.0,0.0,1.0,0.6217380166053772,1.0,0.0,0.0,1.31364107131958,1.3136465549468994,1.151454682712938e-07,4.265924453735352,4.265914440155029,9.78592834144365e-06,0.0,0.0,-0.0,3994.46533203125,0.0,107.7563247680664,1895.4371337890625,0.0,1056.4205322265625,0.3732697367668152,1.0,0.0,3.0,1.0,0.0
12317160,297.2366943359375,297.1499938964844,293.1499938964844,0.0,-0.0,286.9346618652344,0.9578386545181274,0.3870631754398346,0.3484733998775482,297.3119201660156,297.1499938964844,293.1499938964844,0.0,-0.0,286.9346923828125,0.9990000128746032,0.4670315980911255,0.4247829020023346,297.2928466796875,297.1499938964844,293.1499938964844,0.0,-0.0,286.9346618652344,0.9910351037979126,0.4326813220977783,0.3025481402873993,297.3054504394531,297.1499938964844,293.1499938964844,0.0,-0.0,286.9346618652344,0.9537097811698914,0.3826062679290771,0.362556517124176,297.2635192871094,297.1499938964844,293.1499938964844,0.0,-0.0,286.9346008300781,0.8370153903961182,0.2625227868556976,1.1845563650131226,286.9346923828125,287.0414123535156,292.46337890625,287.2654724121094,292.4635009765625,297.2761535644531,286.9349060058594,1.0,0.5673023462295532,1.0,1.0,0.0,1.0,-3.149544477462769,3.149536371231079,7.97980283095967e-06,2.4344465732574463,0.5984570384025574,0.5984570384025574,0.0,114.02618408203124,129.0,17630.09375,-0.0,2398.762451171875,1.0,283.1499938964844,286.36376953125,290.2617492675781,291.4697570800781,293.1499938964844,293.1499938964844,283.1499938964844,18137.57421875,18000.0,313.1499938964844,0.0,18000.0,1.0,0.0,0.0,0.0,1.0,0.621337890625,1.0,0.0,0.0,1.3105785846710205,1.3105840682983398,1.1460922166861565e-07,4.265924453735352,4.265914440155029,9.78592834144365e-06,0.0,0.0,-0.0,3995.212890625,0.0,107.23182678222656,1895.4371337890625,0.0,1053.9561767578125,0.3726961612701416,1.0,0.0,3.0,1.0,0.0
12317220,297.23699951171875,297.1499938964844,293.1499938964844,0.0,-0.0,286.9540100097656,0.9509122967720032,0.3881892561912536,0.3495462238788605,297.3261413574219,297.1499938964844,293.1499938964844,0.0,-0.0,286.9541015625,0.9990000128746032,0.4705516099929809,0.4347545206546783,297.29400634765625,297.1499938964844,293.1499938964844,0.0,-0.0,286.9540710449219,0.9860397577285768,0.4346074163913727,0.3039345145225525,297.3058776855469,297.1499938964844,293.1499938964844,0.0,-0.0,286.9540100097656,0.9474908113479614,0.3846171796321869,0.3645193576812744,297.2618713378906,297.1499938964844,293.1499938964844,0.0,-0.0,286.9537048339844,0.8322945833206177,0.2637917995452881,1.1905970573425293,286.9541320800781,287.04736328125,292.4585876464844,287.28192138671875,292.45867919921875,297.2789611816406,286.9554443359375,1.0,0.5732593536376953,1.0,1.0,0.0,1.0,-3.1740710735321045,3.174062967300415,8.103625077637844e-06,2.4530224800109863,0.5972740054130554,0.5972740054130554,0.0,117.32682037353516,149.0,17668.59765625,-0.0,2463.61865234375,1.0,283.1499938964844,286.3807373046875,290.2772827148437,291.4844665527344,293.1499938964844,293.1499938964844,283.1499938964844,18126.365234375,18000.0,313.1499938964844,0.0,18000.0,1.0,0.0,0.0,0.0,1.0,0.6203593611717224,1.0,0.0,0.0,1.304938554763794,1.3049440383911133,1.136249210276219e-07,4.265924453735352,4.265914440155029,9.78592834144365e-06,0.0,0.0,-0.0,3999.98388671875,0.0,106.24008178710938,1895.4371337890625,0.0,1047.9466552734375,0.3716101050376892,1.0,0.0,3.0,1.0,0.0
12317280,297.23699951171875,297.1499938964844,293.1499938964844,0.0,-0.0,286.9540100097656,0.9509122967720032,0.3881892561912536,0.3495462238788605,297.3261413574219,297.1499938964844,293.1499938964844,0.0,-0.0,286.9541015625,0.9990000128746032,0.4705516099929809,0.4347545206546783,297.29400634765625,297.1499938964844,293.1499938964844,0.0,-0.0,286.9540710449219,0.9860397577285768,0.4346074163913727,0.3039345145225525,297.3058776855469,297.1499938964844,293.1499938964844,0.0,-0.0,286.9540100097656,0.9474908113479614,0.3846171796321869,0.3645193576812744,297.2618713378906,297.1499938964844,293.1499938964844,0.0,-0.0,286.9537048339844,0.8322945833206177,0.2637917995452881,1.1905970573425293,286.9541320800781,287.04736328125,292.4585876464844,287.28192138671875,292.45867919921875,297.2789611816406,286.9554443359375,1.0,0.5732593536376953,1.0,1.0,0.0,1.0,-3.1740710735321045,3.174062967300415,8.103625077637844e-06,2.4530224800109863,0.5972740054130554,0.5972740054130554,0.0,117.32682037353516,149.0,17668.59765625,-0.0,2463.61865234375,1.0,283.1499938964844,286.3807373046875,290.2772827148437,291.4844665527344,293.1499938964844,293.1499938964844,283.1499938964844,18126.365234375,18000.0,313.1499938964844,0.0,18000.0,1.0,0.0,0.0,0.0,1.0,0.6203593611717224,1.0,0.0,0.0,1.304938554763794,1.3049440383911133,1.136249210276219e-07,4.265924453735352,4.265914440155029,9.78592834144365e-06,0.0,0.0,-0.0,3999.98388671875,0.0,106.24008178710938,1895.4371337890625,0.0,1047.9466552734375,0.3716101050376892,1.0,0.0,3.0,1.0,0.0
12317340,297.2373962402344,297.1499938964844,293.1499938964844,0.0,-0.0,286.98321533203125,0.9212968349456788,0.3893342018127441,0.3509337604045868,297.3126220703125,297.1499938964844,293.1499938964844,0.0,-0.0,286.9832763671875,0.9848416447639464,0.4714236259460449,0.4467583000659942,297.2952575683594,297.1499938964844,293.1499938964844,0.0,-0.0,286.9832458496094,0.9612658023834229,0.4365603923797607,0.3055706620216369,297.30621337890625,297.1499938964844,293.1499938964844,0.0,-0.0,286.98321533203125,0.9186376929283142,0.3866280019283294,0.3667971789836883,297.2600402832031,297.1499938964844,293.1499938964844,0.0,-0.0,286.9830017089844,0.811548113822937,0.2650257050991058,1.1980016231536863,286.9832763671875,287.0523681640625,292.4545593261719,287.299072265625,292.4546203613281,297.27545166015625,286.98419189453125,1.0,0.5838554501533508,1.0,1.0,0.0,1.0,-3.2043933868408203,3.204385042190552,8.260251888714265e-06,2.4768803119659424,0.5965309739112854,0.5965309739112854,0.0,128.1837158203125,169.0,17739.32421875,-0.0,2581.62451171875,1.0,283.1499938964844,286.4058532714844,290.29791259765625,291.5085144042969,293.1499938964844,293.1499938964844,283.1499938964844,18099.7109375,18000.0,313.1499938964844,0.0,18000.0,1.0,0.0,0.0,0.0,1.0,0.6200662851333618,1.0,0.0,0.0,1.3007326126098633,1.3007380962371826,1.1289365176025969e-07,4.265924453735352,4.265914440155029,9.78592834144365e-06,0.0,0.0,-0.0,4008.898193359375,0.0,105.4561004638672,1895.4371337890625,0.0,1046.1517333984375,0.3707440197467804,1.0,0.0,3.0,1.0,0.0
12317400,297.2373962402344,297.1499938964844,293.1499938964844,0.0,-0.0,286.98321533203125,0.9212968349456788,0.3893342018127441,0.3509337604045868,297.3126220703125,297.1499938964844,293.1499938964844,0.0,-0.0,286.9832763671875,0.9848416447639464,0.4714236259460449,0.4467583000659942,297.2952575683594,297.1499938964844,293.1499938964844,0.0,-0.0,286.9832458496094,0.9612658023834229,0.4365603923797607,0.3055706620216369,297.30621337890625,297.1499938964844,293.1499938964844,0.0,-0.0,286.98321533203125,0.9186376929283142,0.3866280019283294,0.3667971789836883,297.2600402832031,297.1499938964844,293.1499938964844,0.0,-0.0,286.9830017089844,0.811548113822937,0.2650257050991058,1.1980016231536863,286.9832763671875,287.0523681640625,292.4545593261719,287.299072265625,292.4546203613281,297.27545166015625,286.98419189453125,1.0,0.5838554501533508,1.0,1.0,0.0,1.0,-3.2043933868408203,3.204385042190552,8.260251888714265e-06,2.4768803119659424,0.5965309739112854,0.5965309739112854,0.0,128.1837158203125,169.0,17739.32421875,-0.0,2581.62451171875,1.0,283.1499938964844,286.4058532714844,290.29791259765625,291.5085144042969,293.1499938964844,293.1499938964844,283.1499938964844,18099.7109375,18000.0,313.1499938964844,0.0,18000.0,1.0,0.0,0.0,0.0,1.0,0.6200662851333618,1.0,0.0,0.0,1.3007326126098633,1.3007380962371826,1.1289365176025969e-07,4.265924453735352,4.265914440155029,9.78592834144365e-06,0.0,0.0,-0.0,4008.898193359375,0.0,105.4561004638672,1895.4371337890625,0.0,1046.1517333984375,0.3707440197467804,1.0,0.0,3.0,1.0,0.0
12317460,297.23614501953125,297.1499938964844,293.1499938964844,0.0,-0.0,287.0006103515625,0.8850880861282349,0.390313982963562,0.352433830499649,297.3028259277344,297.1499938964844,293.1499938964844,0.0,-0.0,287.00067138671875,0.9487395882606506,0.4724845290184021,0.4482237100601196,297.29498291015625,297.1499938964844,293.1499938964844,0.0,-0.0,287.0006408691406,0.9219872951507568,0.4383731186389923,0.3073097169399261,297.3051147460937,297.1499938964844,293.1499938964844,0.0,-0.0,287.0006103515625,0.8835174441337585,0.3884965777397156,0.3692054152488708,297.2568664550781,297.1499938964844,293.1499938964844,0.0,-0.0,287.0004577636719,0.7816747426986694,0.2660991847515106,1.2059086561203003,287.00067138671875,287.05633544921875,292.45135498046875,287.3169250488281,292.451416015625,297.27154541015625,287.0014038085937,1.0,0.5957630276679993,1.0,1.0,0.0,1.0,-3.221864461898804,3.221855878829956,8.350806638190988e-06,2.490478754043579,0.5958791375160217,0.5958791375160217,0.0,144.72491455078125,189.0,17771.587890625,-0.0,2707.9033203125,1.0,283.1499938964844,286.4211120605469,290.31903076171875,291.53271484375,293.1499938964844,293.1499938964844,283.1499938964844,18081.49609375,18000.0,313.1499938964844,0.0,18000.0,1.0,0.0,0.0,0.0,1.0,0.6205344200134277,1.0,0.0,0.0,1.2972630262374878,1.2972685098648071,1.122921844398661e-07,4.265924453735352,4.265914440155029,9.78592834144365e-06,0.0,0.0,-0.0,4015.98046875,0.0,104.82245635986328,1895.4371337890625,0.0,1049.019775390625,0.3700411021709442,1.0,0.0,3.0,1.0,0.0
12317520,297.23614501953125,297.1499938964844,293.1499938964844,0.0,-0.0,287.0006103515625,0.8850880861282349,0.390313982963562,0.352433830499649,297.3028259277344,297.1499938964844,293.1499938964844,0.0,-0.0,287.00067138671875,0.9487395882606506,0.4724845290184021,0.4482237100601196,297.29498291015625,297.1499938964844,293.1499938964844,0.0,-0.0,287.0006408691406,0.9219872951507568,0.4383731186389923,0.3073097169399261,297.3051147460937,297.1499938964844,293.1499938964844,0.0,-0.0,287.0006103515625,0.8835174441337585,0.3884965777397156,0.3692054152488708,297.2568664550781,297.1499938964844,293.1499938964844,0.0,-0.0,287.0004577636719,0.7816747426986694,0.2660991847515106,1.2059086561203003,287.00067138671875,287.05633544921875,292.45135498046875,287.3169250488281,292.451416015625,297.27154541015625,287.0014038085937,1.0,0.5957630276679993,1.0,1.0,0.0,1.0,-3.221864461898804,3.221855878829956,8.350806638190988e-06,2.490478754043579,0.5958791375160217,0.5958791375160217,0.0,144.72491455078125,189.0,17771.587890625,-0.0,2707.9033203125,1.0,283.1499938964844,286.4211120605469,290.31903076171875,291.53271484375,293.1499938964844,293.1499938964844,283.1499938964844,18081.49609375,18000.0,313.1499938964844,0.0,18000.0,1.0,0.0,0.0,0.0,1.0,0.6205344200134277,1.0,0.0,0.0,1.2972630262374878,1.2972685098648071,1.122921844398661e-07,4.265924453735352,4.265914440155029,9.78592834144365e-06,0.0,0.0,-0.0,4015.98046875,0.0,104.82245635986328,1895.4371337890625,0.0,1049.019775390625,0.3700411021709442,1.0,0.0,3.0,1.0,0.0
12317580,297.23388671875,297.1499938964844,293.1499938964844,0.0,-0.0,287.0172424316406,0.8560610413551331,0.3911784291267395,0.3538810610771179,297.29754638671875,297.1499938964844,293.1499938964844,0.0,-0.0,287.01727294921875,0.9132622480392456,0.4738828837871551,0.4501659274101257,297.2937316894531,297.1499938964844,293.1499938964844,0.0,-0.0,287.01727294921875,0.8900461196899414,0.440084308385849,0.3090198636054992,297.3031616210937,297.1499938964844,293.1499938964844,0.0,-0.0,287.0172119140625,0.8552521467208862,0.3902638852596283,0.3715758621692657,297.2530212402344,297.1499938964844,293.1499938964844,0.0,-0.0,287.0170593261719,0.7566455006599426,0.267062097787857,1.213593363761902,287.0173034667969,287.0591125488281,292.4490966796875,287.33544921875,292.4491271972656,297.26806640625,287.0179748535156,1.0,0.6085086464881897,1.0,1.0,0.0,1.0,-3.240087509155273,3.240078926086426,8.4458179117064e-06,2.50467586517334,0.5954145193099976,0.5954145193099976,0.0,162.97518920898438,209.0,17811.130859375,-0.0,2846.0576171875,1.0,283.1499938964844,286.4353942871094,290.33837890625,291.5550231933594,293.1499938964844,293.1499938964844,283.1499938964844,18063.6875,18000.0,313.1499938964844,0.0,18000.0,1.0,0.0,0.0,0.0,1.0,0.6211438775062561,1.0,0.0,0.0,1.2945783138275146,1.294583797454834,1.118278802891837e-07,4.265924453735352,4.265914440155029,9.78592834144365e-06,0.0,0.0,-0.0,4022.827392578125,0.0,104.32414245605467,1895.4371337890625,0.0,1052.7625732421875,0.3694866597652435,1.0,0.0,3.0,1.0,0.0
12317640,297.23388671875,297.1499938964844,293.1499938964844,0.0,-0.0,287.0172424316406,0.8560610413551331,0.3911784291267395,0.3538810610771179,297.29754638671875,297.1499938964844,293.1499938964844,0.0,-0.0,287.01727294921875,0.9132622480392456,0.4738828837871551,0.4501659274101257,297.2937316894531,297.1499938964844,293.1499938964844,0.0,-0.0,287.01727294921875,0.8900461196899414,0.440084308385849,0.3090198636054992,297.3031616210937,297.1499938964844,293.1499938964844,0.0,-0.0,287.0172119140625,0.8552521467208862,0.3902638852596283,0.3715758621692657,297.2530212402344,297.1499938964844,293.1499938964844,0.0,-0.0,287.0170593261719,0.7566455006599426,0.267062097787857,1.213593363761902,287.0173034667969,287.0591125488281,292.4490966796875,287.33544921875,292.4491271972656,297.26806640625,287.0179748535156,1.0,0.6085086464881897,1.0,1.0,0.0,1.0,-3.240087509155273,3.240078926086426,8.4458179117064e-06,2.50467586517334,0.5954145193099976,0.5954145193099976,0.0,162.97518920898438,209.0,17811.130859375,-0.0,2846.0576171875,1.0,283.1499938964844,286.4353942871094,290.33837890625,291.5550231933594,293.1499938964844,293.1499938964844,283.1499938964844,18063.6875,18000.0,313.1499938964844,0.0,18000.0,1.0,0.0,0.0,0.0,1.0,0.6211438775062561,1.0,0.0,0.0,1.2945783138275146,1.294583797454834,1.118278802891837e-07,4.265924453735352,4.265914440155029,9.78592834144365e-06,0.0,0.0,-0.0,4022.827392578125,0.0,104.32414245605467,1895.4371337890625,0.0,1052.7625732421875,0.3694866597652435,1.0,0.0,3.0,1.0,0.0
12317700,297.2325439453125,297.1499938964844,293.1499938964844,0.0,-0.0,287.0251770019531,0.8437920808792114,0.3915758430957794,0.3545877635478973,297.2956237792969,297.1499938964844,293.1499938964844,0.0,-0.0,287.0252380371094,0.8988662362098694,0.4746271669864654,0.4512149095535278,297.2928466796875,297.1499938964844,293.1499938964844,0.0,-0.0,287.02520751953125,0.8767544627189636,0.4409075677394867,0.3098639547824859,297.30194091796875,297.1499938964844,293.1499938964844,0.0,-0.0,287.0251770019531,0.843323826789856,0.3911143839359283,0.3727455139160156,297.2509155273437,297.1499938964844,293.1499938964844,0.0,-0.0,287.0250244140625,0.7460821270942688,0.2675068974494934,1.2173452377319336,287.0252380371094,287.0600280761719,292.4483642578125,287.344970703125,292.4483947753906,297.2663269042969,287.0259094238281,1.0,0.6150267720222473,1.0,1.0,0.0,1.0,-3.249131917953491,3.249123334884644,8.493175300827716e-06,2.5117228031158447,0.5952551960945129,0.5952551960945129,0.0,172.53257751464844,209.0,17832.771484375,-0.0,2917.9580078125,1.0,283.1499938964844,286.4421691894531,290.3478698730469,291.5659484863281,293.1499938964844,293.1499938964844,283.1499938964844,18054.767578125,18000.0,313.1499938964844,0.0,18000.0,1.0,0.0,0.0,0.0,1.0,0.6214327216148376,1.0,0.0,0.0,1.2935415506362915,1.2935469150543213,1.1164883062519949e-07,4.265924453735352,4.265914440155029,9.78592834144365e-06,0.0,0.0,-0.0,4026.2900390625,0.0,104.12672424316406,1895.4371337890625,0.0,1054.5396728515625,0.3692664802074432,1.0,0.0,3.0,1.0,0.0
12317760,297.2310485839844,297.1499938964844,293.1499938964844,0.0,-0.0,287.0328674316406,0.8328048586845398,0.3919529020786285,0.3552828133106231,297.2938842773437,297.1499938964844,293.1499938964844,0.0,-0.0,287.0329284667969,0.8862130641937256,0.4753784537315368,0.4522843956947326,297.2918395996094,297.1499938964844,293.1499938964844,0.0,-0.0,287.03289794921875,0.864763617515564,0.4417115449905395,0.3106998205184936,297.30059814453125,297.1499938964844,293.1499938964844,0.0,-0.0,287.0328674316406,0.8326478600502014,0.3919449150562286,0.3739033937454223,297.24871826171875,297.1499938964844,293.1499938964844,0.0,-0.0,287.03271484375,0.7366457581520081,0.2679298520088196,1.2210321426391602,287.0329284667969,287.06060791015625,292.4478759765625,287.35467529296875,292.4479064941406,297.2645568847656,287.0335693359375,1.0,0.6215804815292358,1.0,1.0,0.0,1.0,-3.258085012435913,3.258076429367065,8.540185262972955e-06,2.5186986923217773,0.5951451063156128,0.5951451063156128,0.0,182.2817230224609,212.0,17855.572265625,-0.0,2991.11865234375,1.0,283.1499938964844,286.4486083984375,290.3574523925781,291.57696533203125,293.1499938964844,293.1499938964844,283.1499938964844,18045.826171875,18000.0,313.1499938964844,0.0,18000.0,1.0,0.0,0.0,0.0,1.0,0.6217032670974731,1.0,0.0,0.0,1.2927095890045166,1.2927149534225464,1.115052583600118e-07,4.265924453735352,4.265914440155029,9.78592834144365e-06,0.0,0.0,-0.0,4029.82763671875,0.0,103.96377563476562,1895.4371337890625,0.0,1056.2064208984375,0.3690844476222992,1.0,0.0,3.0,1.0,0.0
12317820,297.22802734375,297.1499938964844,293.1499938964844,0.0,-0.0,287.04595947265625,0.8208224773406982,0.3926728665828705,0.3563695251941681,297.2907409667969,297.1499938964844,293.1499938964844,0.0,-0.0,287.0460205078125,0.8726093769073486,0.4768823981285095,0.4541525542736053,297.2895812988281,297.1499938964844,293.1499938964844,0.0,-0.0,287.0459899902344,0.8520768284797668,0.4432815313339233,0.3121349513530731,297.2977600097656,297.1499938964844,293.1499938964844,0.0,-0.0,287.04595947265625,0.8212474584579468,0.393564224243164,0.3758959472179413,297.2442932128906,297.1499938964844,293.1499938964844,0.0,-0.0,287.0458679199219,0.7265145182609558,0.2687318027019501,1.2268551588058472,287.0460205078125,287.0606994628906,292.44781494140625,287.3746337890625,292.44781494140625,297.260986328125,287.0464782714844,1.0,0.6298155784606934,1.0,1.0,0.0,1.0,-3.272767305374145,3.272758722305298,8.617729690740816e-06,2.530205726623535,0.5950382947921753,0.5950382947921753,0.0,194.6042938232422,215.0,17895.69140625,-0.0,3091.464599609375,1.0,283.1499938964844,286.4595947265625,290.3770751953125,291.5993347167969,293.1499938964844,293.1499938964844,283.1499938964844,18028.87890625,18000.0,313.1499938964844,0.0,18000.0,1.0,0.0,0.0,0.0,1.0,0.6221932172775269,1.0,0.0,0.0,1.291576266288757,1.291581630706787,1.1130983068596839e-07,4.265924453735352,4.265914440155029,9.78592834144365e-06,0.0,0.0,-0.0,4036.875244140625,0.0,103.7294464111328,1895.4371337890625,0.0,1059.2294921875,0.3688218295574188,1.0,0.0,3.0,1.0,0.0
12317880,297.22802734375,297.1499938964844,293.1499938964844,0.0,-0.0,287.04595947265625,0.8208224773406982,0.3926728665828705,0.3563695251941681,297.2907409667969,297.1499938964844,293.1499938964844,0.0,-0.0,287.0460205078125,0.8726093769073486,0.4768823981285095,0.4541525542736053,297.2895812988281,297.1499938964844,293.1499938964844,0.0,-0.0,287.0459899902344,0.8520768284797668,0.4432815313339233,0.3121349513530731,297.2977600097656,297.1499938964844,293.1499938964844,0.0,-0.0,287.04595947265625,0.8212474584579468,0.393564224243164,0.3758959472179413,297.2442932128906,297.1499938964844,293.1499938964844,0.0,-0.0,287.0458679199219,0.7265145182609558,0.2687318027019501,1.2268551588058472,287.0460205078125,287.0606994628906,292.44781494140625,287.3746337890625,292.44781494140625,297.260986328125,287.0464782714844,1.0,0.6298155784606934,1.0,1.0,0.0,1.0,-3.272767305374145,3.272758722305298,8.617729690740816e-06,2.530205726623535,0.5950382947921753,0.5950382947921753,0.0,194.6042938232422,215.0,17895.69140625,-0.0,3091.464599609375,1.0,283.1499938964844,286.4595947265625,290.3770751953125,291.5993347167969,293.1499938964844,293.1499938964844,283.1499938964844,18028.87890625,18000.0,313.1499938964844,0.0,18000.0,1.0,0.0,0.0,0.0,1.0,0.6221932172775269,1.0,0.0,0.0,1.291576266288757,1.291581630706787,1.1130983068596839e-07,4.265924453735352,4.265914440155029,9.78592834144365e-06,0.0,0.0,-0.0,4036.875244140625,0.0,103.7294464111328,1895.4371337890625,0.0,1059.2294921875,0.3688218295574188,1.0,0.0,3.0,1.0,0.0
12317940,297.2252502441406,297.1499938964844,293.1499938964844,0.0,-0.0,287.05670166015625,0.8138430714607239,0.3933784067630768,0.3572819530963897,297.2879943847656,297.1499938964844,293.1499938964844,0.0,-0.0,287.0567321777344,0.8651023507118225,0.4783856868743896,0.4558585286140442,297.28741455078125,297.1499938964844,293.1499938964844,0.0,-0.0,287.05670166015625,0.8451551198959351,0.4448279142379761,0.3134284615516662,297.2950134277344,297.1499938964844,293.1499938964844,0.0,-0.0,287.05670166015625,0.8148517608642578,0.3951561450958252,0.3776923716068268,297.2402038574219,297.1499938964844,293.1499938964844,0.0,-0.0,287.0565795898437,0.7207596898078918,0.2695108950138092,1.2317577600479126,287.0567321777344,287.05926513671875,292.4490051269531,287.395263671875,292.448974609375,297.2576904296875,287.05712890625,1.0,0.6357051730155945,1.0,1.0,0.0,1.0,-3.285529136657715,3.285520315170288,8.685341526870616e-06,2.540178775787353,0.5950867533683777,0.5950867533683777,0.0,202.6865081787109,203.0,17935.1953125,-0.0,3164.650634765625,1.0,283.1499938964844,286.4683837890625,290.39727783203125,291.6221008300781,293.1499938964844,293.1499938964844,283.1499938964844,18013.1875,18000.0,313.1499938964844,0.0,18000.0,1.0,0.0,0.0,0.0,1.0,0.6225923299789429,1.0,0.0,0.0,1.2911299467086792,1.291135311126709,1.112329144348223e-07,4.265924453735352,4.265914440155029,9.78592834144365e-06,0.0,0.0,-0.0,4043.97265625,0.0,103.61338806152344,1895.4371337890625,0.0,1061.69677734375,0.3686912357807159,1.0,0.0,3.0,1.0,0.0
12318000,297.2252502441406,297.1499938964844,293.1499938964844,0.0,-0.0,287.05670166015625,0.8138430714607239,0.3933784067630768,0.3572819530963897,297.2879943847656,297.1499938964844,293.1499938964844,0.0,-0.0,287.0567321777344,0.8651023507118225,0.4783856868743896,0.4558585286140442,297.28741455078125,297.1499938964844,293.1499938964844,0.0,-0.0,287.05670166015625,0.8451551198959351,0.4448279142379761,0.3134284615516662,297.2950134277344,297.1499938964844,293.1499938964844,0.0,-0.0,287.05670166015625,0.8148517608642578,0.3951561450958252,0.3776923716068268,297.2402038574219,297.1499938964844,293.1499938964844,0.0,-0.0,287.0565795898437,0.7207596898078918,0.2695108950138092,1.2317577600479126,287.0567321777344,287.05926513671875,292.4490051269531,287.395263671875,292.448974609375,297.2576904296875,287.05712890625,1.0,0.6357051730155945,1.0,1.0,0.0,1.0,-3.285529136657715,3.285520315170288,8.685341526870616e-06,2.540178775787353,0.5950867533683777,0.5950867533683777,0.0,202.6865081787109,203.0,17935.1953125,-0.0,3164.650634765625,1.0,283.1499938964844,286.4683837890625,290.39727783203125,291.6221008300781,293.1499938964844,293.1499938964844,283.1499938964844,18013.1875,18000.0,313.1499938964844,0.0,18000.0,1.0,0.0,0.0,0.0,1.0,0.6225923299789429,1.0,0.0,0.0,1.2911299467086792,1.291135311126709,1.112329144348223e-07,4.265924453735352,4.265914440155029,9.78592834144365e-06,0.0,0.0,-0.0,4043.97265625,0.0,103.61338806152344,1895.4371337890625,0.0,1061.69677734375,0.3686912357807159,1.0,0.0,3.0,1.0,0.0
12318060,297.2228088378906,297.1499938964844,293.1499938964844,0.0,-0.0,287.0647277832031,0.8155484199523926,0.3940852582454681,0.3578599691390991,297.2855224609375,297.1499938964844,293.1499938964844,0.0,-0.0,287.06475830078125,0.8673815131187439,0.4798824191093445,0.45721036195755,297.285400390625,297.1499938964844,293.1499938964844,0.0,-0.0,287.0647277832031,0.8473700881004333,0.4463634192943573,0.3144546449184418,297.29248046875,297.1499938964844,293.1499938964844,0.0,-0.0,287.0647277832031,0.8171123266220093,0.3967352211475372,0.3791247308254242,297.2366027832031,297.1499938964844,293.1499938964844,0.0,-0.0,287.0646667480469,0.722463071346283,0.2702877819538116,1.2349727153778076,287.06475830078125,287.05615234375,292.45147705078125,287.4166259765625,292.4514465332031,297.2547912597656,287.0650329589844,1.0,0.6359829902648926,1.0,1.0,0.0,1.0,-3.294677734375,3.294668912887573,8.734131370147225e-06,2.54738998413086,0.5952775478363037,0.5952775478363037,0.0,201.8092193603516,191.0,17969.669921875,-0.0,3179.929931640625,1.0,283.1499938964844,286.474853515625,290.418212890625,291.6454467773437,293.1499938964844,293.1499938964844,283.1499938964844,17998.546875,18000.0,313.1499938964844,0.0,18000.0,1.0,0.0,0.0,0.0,1.0,0.6229124069213867,1.0,0.0,0.0,1.29133141040802,1.2913368940353394,1.112676386583189e-07,4.265924453735352,4.265914440155029,9.78592834144365e-06,0.0,0.0,-0.0,4051.11181640625,0.0,103.6082763671875,1895.4371337890625,0.0,1063.6787109375,0.3686844110488891,1.0,0.0,3.0,1.0,0.0
12318120,297.2228088378906,297.1499938964844,293.1499938964844,0.0,-0.0,287.0647277832031,0.8155484199523926,0.3940852582454681,0.3578599691390991,297.2855224609375,297.1499938964844,293.1499938964844,0.0,-0.0,287.06475830078125,0.8673815131187439,0.4798824191093445,0.45721036195755,297.285400390625,297.1499938964844,293.1499938964844,0.0,-0.0,287.0647277832031,0.8473700881004333,0.4463634192943573,0.3144546449184418,297.29248046875,297.1499938964844,293.1499938964844,0.0,-0.0,287.0647277832031,0.8171123266220093,0.3967352211475372,0.3791247308254242,297.2366027832031,297.1499938964844,293.1499938964844,0.0,-0.0,287.0646667480469,0.722463071346283,0.2702877819538116,1.2349727153778076,287.06475830078125,287.05615234375,292.45147705078125,287.4166259765625,292.4514465332031,297.2547912597656,287.0650329589844,1.0,0.6359829902648926,1.0,1.0,0.0,1.0,-3.294677734375,3.294668912887573,8.734131370147225e-06,2.54738998413086,0.5952775478363037,0.5952775478363037,0.0,201.8092193603516,191.0,17969.669921875,-0.0,3179.929931640625,1.0,283.1499938964844,286.474853515625,290.418212890625,291.6454467773437,293.1499938964844,293.1499938964844,283.1499938964844,17998.546875,18000.0,313.1499938964844,0.0,18000.0,1.0,0.0,0.0,0.0,1.0,0.6229124069213867,1.0,0.0,0.0,1.29133141040802,1.2913368940353394,1.112676386583189e-07,4.265924453735352,4.265914440155029,9.78592834144365e-06,0.0,0.0,-0.0,4051.11181640625,0.0,103.6082763671875,1895.4371337890625,0.0,1063.6787109375,0.3686844110488891,1.0,0.0,3.0,1.0,0.0
12318180,297.2212219238281,297.1499938964844,293.1499938964844,0.0,-0.0,287.0697937011719,0.8210045099258423,0.3946999311447143,0.3582103252410888,297.28375244140625,297.1499938964844,293.1499938964844,0.0,-0.0,287.06982421875,0.8739082217216492,0.481145828962326,0.458190381526947,297.2839660644531,297.1499938964844,293.1499938964844,0.0,-0.0,287.06982421875,0.8535521626472473,0.4476603865623474,0.3152022957801819,297.2906799316406,297.1499938964844,293.1499938964844,0.0,-0.0,287.0697937011719,0.8230106830596924,0.3980706632137298,0.3801735639572143,297.2341613769531,297.1499938964844,293.1499938964844,0.0,-0.0,287.0697631835937,0.7273651361465454,0.2709633409976959,1.236997127532959,287.06982421875,287.0521850585937,292.4546813964844,287.43511962890625,292.4546203613281,297.2527770996094,287.070068359375,1.0,0.6340343952178955,1.0,1.0,0.0,1.0,-3.3008737564086914,3.3008649349212646,8.767207873461302e-06,2.5522561073303223,0.5955456495285034,0.5955456495285034,0.0,196.95399475097656,191.0,17998.283203125,-0.0,3166.3115234375,1.0,283.1499938964844,286.478759765625,290.43634033203125,291.6654663085937,293.1499938964844,293.1499938964844,283.1499938964844,17986.94921875,18000.0,313.1499938964844,0.0,18000.0,1.0,0.0,0.0,0.0,1.0,0.6231138110160828,1.0,0.0,0.0,1.2919673919677734,1.2919727563858032,1.1137726119159197e-07,4.265924453735352,4.265914440155029,9.78592834144365e-06,0.0,0.0,-0.0,4057.165283203125,0.0,103.68374633789062,1895.4371337890625,0.0,1064.927001953125,0.368768036365509,1.0,0.0,3.0,1.0,0.0
12318240,297.220947265625,297.1499938964844,293.1499938964844,0.0,-0.0,287.0706787109375,0.8223260641098022,0.3948186039924621,0.3582690060138702,297.2834167480469,297.1499938964844,293.1499938964844,0.0,-0.0,287.0706787109375,0.8754966855049133,0.4813868105411529,0.458367258310318,297.2837219238281,297.1499938964844,293.1499938964844,0.0,-0.0,287.0706787109375,0.8550570011138916,0.4479077458381653,0.3153375089168548,297.2903747558594,297.1499938964844,293.1499938964844,0.0,-0.0,287.0706787109375,0.8244176506996155,0.3983258903026581,0.3803640007972717,297.2337341308594,297.1499938964844,293.1499938964844,0.0,-0.0,287.07061767578125,0.7285476922988892,0.2710944712162018,1.2373453378677368,287.0706787109375,287.05126953125,292.4554138183594,287.4386901855469,292.4553527832031,297.25244140625,287.0709228515625,1.0,0.6335158348083496,1.0,1.0,0.0,1.0,-3.3019676208496094,3.3019587993621826,8.773053195909597e-06,2.553115129470825,0.5956088304519653,0.5956088304519653,0.0,195.7659149169922,179.0,18003.943359375,-0.0,3162.0361328125,1.0,283.1499938964844,286.4794006347656,290.4398803710937,291.6693115234375,293.1499938964844,293.1499938964844,283.1499938964844,17984.724609375,18000.0,313.1499938964844,0.0,18000.0,1.0,0.0,0.0,0.0,1.0,0.6231462359428406,1.0,0.0,0.0,1.2921377420425415,1.2921431064605713,1.1140663502828829e-07,4.265924453735352,4.265914440155029,9.78592834144365e-06,0.0,0.0,-0.0,4058.34228515625,0.0,103.70630645751952,1895.4371337890625,0.0,1065.1279296875,0.3687931001186371,1.0,0.0,3.0,1.0,0.0
12318300,297.2201843261719,297.1499938964844,293.1499938964844,0.0,-0.0,287.0732116699219,0.826987087726593,0.3951919674873352,0.3584391474723816,297.2825012207031,297.1499938964844,293.1499938964844,0.0,-0.0,287.0732421875,0.8811230063438416,0.4821398556232452,0.4589036107063293,297.282958984375,297.1499938964844,293.1499938964844,0.0,-0.0,287.0732116699219,0.8603979349136353,0.4486807882785797,0.3157478868961334,297.2894592285156,297.1499938964844,293.1499938964844,0.0,-0.0,287.0732116699219,0.829354465007782,0.3991247415542602,0.3809437751770019,297.2325744628906,297.1499938964844,293.1499938964844,0.0,-0.0,287.0731811523437,0.7327192425727844,0.2715091705322265,1.2383769750595093,287.0732421875,287.0481262207031,292.4579467773437,287.45001220703125,292.4578857421875,297.25146484375,287.07342529296875,1.0,0.6316524744033813,1.0,1.0,0.0,1.0,-3.305248975753784,3.3052401542663574,8.7905991676962e-06,2.5556912422180176,0.595833957195282,0.595833957195282,0.0,191.62095642089844,179.0,18022.26953125,-0.0,3145.914794921875,1.0,283.1499938964844,286.4812316894531,290.4510192871094,291.6816101074219,293.1499938964844,293.1499938964844,283.1499938964844,17977.67578125,18000.0,313.1499938964844,0.0,18000.0,1.0,0.0,0.0,0.0,1.0,0.6232396364212036,1.0,0.0,0.0,1.292780518531799,1.2927860021591189,1.115175081167763e-07,4.265924453735352,4.265914440155029,9.78592834144365e-06,0.0,0.0,-0.0,4062.088134765625,0.0,103.79505157470705,1895.4371337890625,0.0,1065.70751953125,0.3688918650150299,1.0,0.0,3.0,1.0,0.0
12318360,297.219482421875,297.1499938964844,293.1499938964844,0.0,-0.0,287.0755310058594,0.8323625326156616,0.395567387342453,0.35859414935112,297.2816162109375,297.1499938964844,293.1499938964844,0.0,-0.0,287.0755615234375,0.8876315355300903,0.4828918278217315,0.4594208002090454,297.2822570800781,297.1499938964844,293.1499938964844,0.0,-0.0,287.0755615234375,0.8666060566902161,0.4494529366493225,0.3161441683769226,297.2886047363281,297.1499938964844,293.1499938964844,0.0,-0.0,287.0755310058594,0.83502596616745,0.3999244272708893,0.3815061748027801,297.2315368652344,297.1499938964844,293.1499938964844,0.0,-0.0,287.07550048828125,0.7375388741493225,0.2719298899173736,1.2393494844436646,287.0755615234375,287.04449462890625,292.4608764648437,287.46148681640625,292.4607849121094,297.25054931640625,287.07574462890625,1.0,0.6295168995857239,1.0,1.0,0.0,1.0,-3.308380126953125,3.3083713054656982,8.807356607576367e-06,2.5581488609313965,0.5961018204689026,0.5961018204689026,0.0,186.9942779541016,167.0,18041.75390625,-0.0,3126.70751953125,1.0,283.1499938964844,286.4828491210937,290.4624328613281,291.6941833496094,293.1499938964844,293.1499938964844,283.1499938964844,17970.40234375,18000.0,313.1499938964844,0.0,18000.0,1.0,0.0,0.0,0.0,1.0,0.6233286261558533,1.0,0.0,0.0,1.2935909032821655,1.2935963869094849,1.116573571380286e-07,4.265924453735352,4.265914440155029,9.78592834144365e-06,0.0,0.0,-0.0,4065.948974609375,0.0,103.91128540039062,1895.4371337890625,0.0,1066.259765625,0.3690212666988373,1.0,0.0,3.0,1.0,0.0
12318420,297.2182006835937,297.1499938964844,293.1499938964844,0.0,-0.0,287.07965087890625,0.8452317118644714,0.3963182270526886,0.3588710129261017,297.2799377441406,297.1499938964844,293.1499938964844,0.0,-0.0,287.0796813964844,0.9030559659004213,0.484387993812561,0.4604124426841736,297.2808837890625,297.1499938964844,293.1499938964844,0.0,-0.0,287.0796813964844,0.8814831376075745,0.4509906470775604,0.3169058561325073,297.2870483398437,297.1499938964844,293.1499938964844,0.0,-0.0,287.07965087890625,0.8485687375068665,0.4015216529369354,0.3825935125350952,297.2297668457031,297.1499938964844,293.1499938964844,0.0,-0.0,287.0796203613281,0.7491137981414795,0.2727839946746826,1.241184115409851,287.0796813964844,287.0357360839844,292.46795654296875,287.4850158691406,292.46783447265625,297.2489624023437,287.079833984375,1.0,0.624697744846344,1.0,1.0,0.0,1.0,-3.31433629989624,3.3143272399902344,8.83927168615628e-06,2.5628223419189453,0.5967745184898376,0.5967745184898376,0.0,176.788330078125,155.0,18084.90625,-0.0,3082.1162109375,1.0,283.1499938964844,286.4854736328125,290.4860534667969,291.7203369140625,293.1499938964844,293.1499938964844,283.1499938964844,17954.89453125,18000.0,313.1499938964844,0.0,18000.0,1.0,0.0,0.0,0.0,1.0,0.6235276460647583,1.0,0.0,0.0,1.2957407236099243,1.2957462072372437,1.1202880045857456e-07,4.265924453735352,4.265914440155029,9.78592834144365e-06,0.0,0.0,-0.0,4074.05908203125,0.0,104.23025512695312,1895.4371337890625,0.0,1067.4954833984375,0.3693763613700866,1.0,0.0,3.0,1.0,0.0
12318480,297.2182006835937,297.1499938964844,293.1499938964844,0.0,-0.0,287.07965087890625,0.8452317118644714,0.3963182270526886,0.3588710129261017,297.2799377441406,297.1499938964844,293.1499938964844,0.0,-0.0,287.0796813964844,0.9030559659004213,0.484387993812561,0.4604124426841736,297.2808837890625,297.1499938964844,293.1499938964844,0.0,-0.0,287.0796813964844,0.8814831376075745,0.4509906470775604,0.3169058561325073,297.2870483398437,297.1499938964844,293.1499938964844,0.0,-0.0,287.07965087890625,0.8485687375068665,0.4015216529369354,0.3825935125350952,297.2297668457031,297.1499938964844,293.1499938964844,0.0,-0.0,287.0796203613281,0.7491137981414795,0.2727839946746826,1.241184115409851,287.0796813964844,287.0357360839844,292.46795654296875,287.4850158691406,292.46783447265625,297.2489624023437,287.079833984375,1.0,0.624697744846344,1.0,1.0,0.0,1.0,-3.31433629989624,3.3143272399902344,8.83927168615628e-06,2.5628223419189453,0.5967745184898376,0.5967745184898376,0.0,176.788330078125,155.0,18084.90625,-0.0,3082.1162109375,1.0,283.1499938964844,286.4854736328125,290.4860534667969,291.7203369140625,293.1499938964844,293.1499938964844,283.1499938964844,17954.89453125,18000.0,313.1499938964844,0.0,18000.0,1.0,0.0,0.0,0.0,1.0,0.6235276460647583,1.0,0.0,0.0,1.2957407236099243,1.2957462072372437,1.1202880045857456e-07,4.265924453735352,4.265914440155029,9.78592834144365e-06,0.0,0.0,-0.0,4074.05908203125,0.0,104.23025512695312,1895.4371337890625,0.0,1067.4954833984375,0.3693763613700866,1.0,0.0,3.0,1.0,0.0
12318540,297.2170104980469,297.1499938964844,293.1499938964844,0.0,-0.0,287.0830993652344,0.8612819314002991,0.3970610201358795,0.3591137230396271,297.2782897949219,297.1499938964844,293.1499938964844,0.0,-0.0,287.0830993652344,0.923279345035553,0.4858672022819519,0.4613593816757202,297.2795715332031,297.1499938964844,293.1499938964844,0.0,-0.0,287.0830993652344,0.8996753096580505,0.4525138437747955,0.3176360130310058,297.2855834960937,297.1499938964844,293.1499938964844,0.0,-0.0,287.0830993652344,0.8654009699821472,0.4031091332435608,0.3836430013179779,297.22833251953125,297.1499938964844,293.1499938964844,0.0,-0.0,287.08306884765625,0.7635756134986877,0.2736470401287079,1.242924451828003,287.0830993652344,287.0248107910156,292.4767761230469,287.50927734375,292.47662353515625,297.2474975585937,287.083251953125,1.0,0.6194071173667908,1.0,1.0,0.0,1.0,-3.320000171661377,3.31999135017395,8.869673365552444e-06,2.567265510559082,0.5976493954658508,0.5976493954658508,0.0,165.79212951660156,143.0,18134.552734375,-0.0,3032.241455078125,1.0,283.1499938964844,286.4872741699219,290.5106811523437,291.7479553222656,293.1499938964844,293.1499938964844,283.1499938964844,17937.787109375,18000.0,313.1499938964844,0.0,18000.0,1.0,0.0,0.0,0.0,1.0,0.6238047480583191,1.0,0.0,0.0,1.2986676692962646,1.298673152923584,1.1253549558887245e-07,4.265924453735352,4.265914440155029,9.78592834144365e-06,0.0,0.0,-0.0,4082.7314453125,0.0,104.67646026611328,1895.4371337890625,0.0,1069.217529296875,0.369872510433197,1.0,0.0,3.0,1.0,0.0
12318600,297.2170104980469,297.1499938964844,293.1499938964844,0.0,-0.0,287.0830993652344,0.8612819314002991,0.3970610201358795,0.3591137230396271,297.2782897949219,297.1499938964844,293.1499938964844,0.0,-0.0,287.0830993652344,0.923279345035553,0.4858672022819519,0.4613593816757202,297.2795715332031,297.1499938964844,293.1499938964844,0.0,-0.0,287.0830993652344,0.8996753096580505,0.4525138437747955,0.3176360130310058,297.2855834960937,297.1499938964844,293.1499938964844,0.0,-0.0,287.0830993652344,0.8654009699821472,0.4031091332435608,0.3836430013179779,297.22833251953125,297.1499938964844,293.1499938964844,0.0,-0.0,287.08306884765625,0.7635756134986877,0.2736470401287079,1.242924451828003,287.0830993652344,287.0248107910156,292.4767761230469,287.50927734375,292.47662353515625,297.2474975585937,287.083251953125,1.0,0.6194071173667908,1.0,1.0,0.0,1.0,-3.320000171661377,3.31999135017395,8.869673365552444e-06,2.567265510559082,0.5976493954658508,0.5976493954658508,0.0,165.79212951660156,143.0,18134.552734375,-0.0,3032.241455078125,1.0,283.1499938964844,286.4872741699219,290.5106811523437,291.7479553222656,293.1499938964844,293.1499938964844,283.1499938964844,17937.787109375,18000.0,313.1499938964844,0.0,18000.0,1.0,0.0,0.0,0.0,1.0,0.6238047480583191,1.0,0.0,0.0,1.2986676692962646,1.298673152923584,1.1253549558887245e-07,4.265924453735352,4.265914440155029,9.78592834144365e-06,0.0,0.0,-0.0,4082.7314453125,0.0,104.67646026611328,1895.4371337890625,0.0,1069.217529296875,0.369872510433197,1.0,0.0,3.0,1.0,0.0
12318660,297.2158203125,297.1499938964844,293.1499938964844,0.0,-0.0,287.0858459472656,0.881147563457489,0.3977881669998169,0.3593285977840423,297.276611328125,297.1499938964844,293.1499938964844,0.0,-0.0,287.0858459472656,0.948178768157959,0.4873228371143341,0.4622693657875061,297.2781982421875,297.1499938964844,293.1499938964844,0.0,-0.0,287.0858459472656,0.9229971170425416,0.4540165066719055,0.318340927362442,297.2841491699219,297.1499938964844,293.1499938964844,0.0,-0.0,287.0858459472656,0.8861070871353149,0.4046798348426819,0.3846619725227356,297.22705078125,297.1499938964844,293.1499938964844,0.0,-0.0,287.0858154296875,0.7814430594444275,0.2745106220245361,1.2445988655090332,287.0858459472656,287.0116271972656,292.4873962402344,287.5343017578125,292.4872131347656,297.24615478515625,287.0859375,1.0,0.6138426065444946,1.0,1.0,0.0,1.0,-3.3254401683807373,3.3254313468933105,8.898919077182654e-06,2.5715317726135254,0.5987480878829956,0.5987480878829956,0.0,154.3739776611328,131.0,18191.548828125,-0.0,2979.30859375,1.0,283.1499938964844,286.4882202148437,290.5362854003906,291.7769470214844,293.1499938964844,293.1499938964844,283.1499938964844,17918.8203125,18000.0,313.1499938964844,0.0,18000.0,1.0,0.0,0.0,0.0,1.0,0.6242014765739441,1.0,0.0,0.0,1.3024548292160034,1.3024603128433228,1.1319279735744205e-07,4.265924453735352,4.265914440155029,9.78592834144365e-06,0.0,0.0,-0.0,4091.984130859375,0.0,105.2645263671875,1895.4371337890625,0.0,1071.6868896484375,0.3705251216888428,1.0,0.0,3.0,1.0,0.0
12318720,297.2158203125,297.1499938964844,293.1499938964844,0.0,-0.0,287.0858459472656,0.881147563457489,0.3977881669998169,0.3593285977840423,297.276611328125,297.1499938964844,293.1499938964844,0.0,-0.0,287.0858459472656,0.948178768157959,0.4873228371143341,0.4622693657875061,297.2781982421875,297.1499938964844,293.1499938964844,0.0,-0.0,287.0858459472656,0.9229971170425416,0.4540165066719055,0.318340927362442,297.2841491699219,297.1499938964844,293.1499938964844,0.0,-0.0,287.0858459472656,0.8861070871353149,0.4046798348426819,0.3846619725227356,297.22705078125,297.1499938964844,293.1499938964844,0.0,-0.0,287.0858154296875,0.7814430594444275,0.2745106220245361,1.2445988655090332,287.0858459472656,287.0116271972656,292.4873962402344,287.5343017578125,292.4872131347656,297.24615478515625,287.0859375,1.0,0.6138426065444946,1.0,1.0,0.0,1.0,-3.3254401683807373,3.3254313468933105,8.898919077182654e-06,2.5715317726135254,0.5987480878829956,0.5987480878829956,0.0,154.3739776611328,131.0,18191.548828125,-0.0,2979.30859375,1.0,283.1499938964844,286.4882202148437,290.5362854003906,291.7769470214844,293.1499938964844,293.1499938964844,283.1499938964844,17918.8203125,18000.0,313.1499938964844,0.0,18000.0,1.0,0.0,0.0,0.0,1.0,0.6242014765739441,1.0,0.0,0.0,1.3024548292160034,1.3024603128433228,1.1319279735744205e-07,4.265924453735352,4.265914440155029,9.78592834144365e-06,0.0,0.0,-0.0,4091.984130859375,0.0,105.2645263671875,1895.4371337890625,0.0,1071.6868896484375,0.3705251216888428,1.0,0.0,3.0,1.0,0.0
12318780,297.2145690917969,297.1499938964844,293.1499938964844,0.0,-0.0,287.0877990722656,0.905649960041046,0.398494154214859,0.3595176935195923,297.2748718261719,297.1499938964844,293.1499938964844,0.0,-0.0,287.0877990722656,0.9749968647956848,0.4887498319149017,0.4631451666355133,297.2767639160156,297.1499938964844,293.1499938964844,0.0,-0.0,287.0877990722656,0.9521706104278564,0.455493688583374,0.3190227150917053,297.2826538085937,297.1499938964844,293.1499938964844,0.0,-0.0,287.0877990722656,0.9117908477783204,0.4062282741069793,0.3856527805328369,297.22589111328125,297.1499938964844,293.1499938964844,0.0,-0.0,287.0877990722656,0.803328812122345,0.2753682732582092,1.2462133169174194,287.0877990722656,286.99609375,292.4999389648437,287.56005859375,292.4997253417969,297.2447814941406,287.087890625,1.0,0.6081096529960632,1.0,1.0,0.0,1.0,-3.330674409866333,3.330665349960327,8.927101589506492e-06,2.575636386871338,0.6000927090644836,0.6000927090644836,0.0,142.73236083984375,134.0,18256.607421875,-0.0,2924.482177734375,1.0,283.1499938964844,286.4882507324219,290.562744140625,291.8073425292969,293.1499938964844,293.1499938964844,283.1499938964844,17897.81640625,18000.0,313.1499938964844,0.0,18000.0,1.0,0.0,0.0,0.0,1.0,0.6247406601905823,1.0,0.0,0.0,1.3071911334991455,1.3071966171264648,1.140175243108388e-07,4.265924453735352,4.265914440155029,9.78592834144365e-06,0.0,0.0,-0.0,4101.83056640625,0.0,106.01094818115234,1895.4371337890625,0.0,1075.0491943359375,0.3713511228561401,1.0,0.0,3.0,1.0,0.0
12318840,297.2145690917969,297.1499938964844,293.1499938964844,0.0,-0.0,287.0877990722656,0.905649960041046,0.398494154214859,0.3595176935195923,297.2748718261719,297.1499938964844,293.1499938964844,0.0,-0.0,287.0877990722656,0.9749968647956848,0.4887498319149017,0.4631451666355133,297.2767639160156,297.1499938964844,293.1499938964844,0.0,-0.0,287.0877990722656,0.9521706104278564,0.455493688583374,0.3190227150917053,297.2826538085937,297.1499938964844,293.1499938964844,0.0,-0.0,287.0877990722656,0.9117908477783204,0.4062282741069793,0.3856527805328369,297.22589111328125,297.1499938964844,293.1499938964844,0.0,-0.0,287.0877990722656,0.803328812122345,0.2753682732582092,1.2462133169174194,287.0877990722656,286.99609375,292.4999389648437,287.56005859375,292.4997253417969,297.2447814941406,287.087890625,1.0,0.6081096529960632,1.0,1.0,0.0,1.0,-3.330674409866333,3.330665349960327,8.927101589506492e-06,2.575636386871338,0.6000927090644836,0.6000927090644836,0.0,142.73236083984375,134.0,18256.607421875,-0.0,2924.482177734375,1.0,283.1499938964844,286.4882507324219,290.562744140625,291.8073425292969,293.1499938964844,293.1499938964844,283.1499938964844,17897.81640625,18000.0,313.1499938964844,0.0,18000.0,1.0,0.0,0.0,0.0,1.0,0.6247406601905823,1.0,0.0,0.0,1.3071911334991455,1.3071966171264648,1.140175243108388e-07,4.265924453735352,4.265914440155029,9.78592834144365e-06,0.0,0.0,-0.0,4101.83056640625,0.0,106.01094818115234,1895.4371337890625,0.0,1075.0491943359375,0.3713511228561401,1.0,0.0,3.0,1.0,0.0
12318900,297.2138671875,297.1499938964844,293.1499938964844,0.0,-0.0,287.0888671875,0.9143797159194946,0.3988361060619354,0.359697937965393,297.2739562988281,297.1499938964844,293.1499938964844,0.0,-0.0,287.0888977050781,0.9828346371650696,0.4894514381885528,0.4636712968349457,297.2760009765625,297.1499938964844,293.1499938964844,0.0,-0.0,287.0888671875,0.9612874388694764,0.4562208652496338,0.3194294273853302,297.2818908691406,297.1499938964844,293.1499938964844,0.0,-0.0,287.0888671875,0.9212533831596376,0.4069927036762237,0.3862384855747223,297.2253112792969,297.1499938964844,293.1499938964844,0.0,-0.0,287.0888366699219,0.8105347752571106,0.2757928669452667,1.2474747896194458,287.0888977050781,286.9873962402344,292.5069580078125,287.5732421875,292.5067138671875,297.2440795898437,287.0890197753906,1.0,0.607043981552124,1.0,1.0,0.0,1.0,-3.334231376647949,3.334222316741944,8.946154594013933e-06,2.578377485275269,0.6008663773536682,0.6008663773536682,0.0,139.45187377929688,134.0,18295.171875,-0.0,2913.48095703125,1.0,283.1499938964844,286.4881591796875,290.5762939453125,291.8230285644531,293.1499938964844,293.1499938964844,283.1499938964844,17886.306640625,18000.0,313.1499938964844,0.0,18000.0,1.0,0.0,0.0,0.0,1.0,0.6250647306442261,1.0,0.0,0.0,1.309934377670288,1.3099398612976074,1.1449657222328825e-07,4.265924453735352,4.265914440155029,9.78592834144365e-06,0.0,0.0,-0.0,4107.044921875,0.0,106.44693756103516,1895.4371337890625,0.0,1077.07373046875,0.3718324899673462,1.0,0.0,3.0,1.0,0.0
12318960,297.2130432128906,297.1499938964844,293.1499938964844,0.0,-0.0,287.0902709960937,0.920229434967041,0.399159699678421,0.3599167764186859,297.27294921875,297.1499938964844,293.1499938964844,0.0,-0.0,287.0902709960937,0.9876205921173096,0.4901370704174042,0.4642394781112671,297.27508544921875,297.1499938964844,293.1499938964844,0.0,-0.0,287.0902709960937,0.9669818878173828,0.4569315314292907,0.3198669850826263,297.281005859375,297.1499938964844,293.1499938964844,0.0,-0.0,287.0902709960937,0.927601158618927,0.4077421426773071,0.3868674039840698,297.22467041015625,297.1499938964844,293.1499938964844,0.0,-0.0,287.0902404785156,0.8150564432144165,0.2762053608894348,1.2489562034606934,287.0902709960937,286.9780578613281,292.51446533203125,287.5865783691406,292.51422119140625,297.2432556152344,287.0904235839844,1.0,0.6066182255744934,1.0,1.0,0.0,1.0,-3.3382413387298584,3.338232517242432,8.967736903287005e-06,2.58149790763855,0.6017228364944458,0.6017228364944458,0.0,137.55979919433594,137.0,18337.95703125,-0.0,2911.338134765625,1.0,283.1499938964844,286.4882202148437,290.590087890625,291.8392944335937,293.1499938964844,293.1499938964844,283.1499938964844,17873.6328125,18000.0,313.1499938964844,0.0,18000.0,1.0,0.0,0.0,0.0,1.0,0.6254403591156006,1.0,0.0,0.0,1.3129826784133911,1.3129881620407104,1.1503008323643372e-07,4.265924453735352,4.265914440155029,9.78592834144365e-06,0.0,0.0,-0.0,4112.56640625,0.0,106.9333724975586,1895.4371337890625,0.0,1079.4239501953125,0.3723684251308441,1.0,0.0,3.0,1.0,0.0
12319020,297.21099853515625,297.1499938964844,293.1499938964844,0.0,-0.0,287.0928039550781,0.925716519355774,0.3997493982315063,0.3603934943675995,297.2705993652344,297.1499938964844,293.1499938964844,0.0,-0.0,287.0928039550781,0.99198979139328,0.4914558231830597,0.4654224216938019,297.27294921875,297.1499938964844,293.1499938964844,0.0,-0.0,287.0928039550781,0.9722974896430968,0.4582987129688263,0.3207753598690033,297.2789306640625,297.1499938964844,293.1499938964844,0.0,-0.0,287.0928039550781,0.9338833093643188,0.4091904461383819,0.3881737887859344,297.2230529785156,297.1499938964844,293.1499938964844,0.0,-0.0,287.0927734375,0.8193382024765015,0.276986300945282,1.2521812915802002,287.0928039550781,286.9573974609375,292.5311279296875,287.6138610839844,292.5308532714844,297.2413330078125,287.0929260253906,1.0,0.607120931148529,1.0,1.0,0.0,1.0,-3.3467788696289062,3.3467700481414795,9.01379007700598e-06,2.5881478786468506,0.6036831736564636,0.6036831736564636,0.0,136.1883544921875,140.0,18433.33203125,-0.0,2921.9287109375,1.0,283.1499938964844,286.4878845214844,290.6185913085937,291.87335205078125,293.1499938964844,293.1499938964844,283.1499938964844,17845.783203125,18000.0,313.1499938964844,0.0,18000.0,1.0,0.0,0.0,0.0,1.0,0.626386284828186,1.0,0.0,0.0,1.320030689239502,1.3200360536575315,1.1626833185118818e-07,4.265924453735352,4.265914440155029,9.78592834144365e-06,0.0,0.0,-0.0,4124.3115234375,0.0,108.06867218017578,1895.4371337890625,0.0,1085.3582763671875,0.3736146092414856,1.0,0.0,3.0,1.0,0.0
12319080,297.21099853515625,297.1499938964844,293.1499938964844,0.0,-0.0,287.0928039550781,0.925716519355774,0.3997493982315063,0.3603934943675995,297.2705993652344,297.1499938964844,293.1499938964844,0.0,-0.0,287.0928039550781,0.99198979139328,0.4914558231830597,0.4654224216938019,297.27294921875,297.1499938964844,293.1499938964844,0.0,-0.0,287.0928039550781,0.9722974896430968,0.4582987129688263,0.3207753598690033,297.2789306640625,297.1499938964844,293.1499938964844,0.0,-0.0,287.0928039550781,0.9338833093643188,0.4091904461383819,0.3881737887859344,297.2230529785156,297.1499938964844,293.1499938964844,0.0,-0.0,287.0927734375,0.8193382024765015,0.276986300945282,1.2521812915802002,287.0928039550781,286.9573974609375,292.5311279296875,287.6138610839844,292.5308532714844,297.2413330078125,287.0929260253906,1.0,0.607120931148529,1.0,1.0,0.0,1.0,-3.3467788696289062,3.3467700481414795,9.01379007700598e-06,2.5881478786468506,0.6036831736564636,0.6036831736564636,0.0,136.1883544921875,140.0,18433.33203125,-0.0,2921.9287109375,1.0,283.1499938964844,286.4878845214844,290.6185913085937,291.87335205078125,293.1499938964844,293.1499938964844,283.1499938964844,17845.783203125,18000.0,313.1499938964844,0.0,18000.0,1.0,0.0,0.0,0.0,1.0,0.626386284828186,1.0,0.0,0.0,1.320030689239502,1.3200360536575315,1.1626833185118818e-07,4.265924453735352,4.265914440155029,9.78592834144365e-06,0.0,0.0,-0.0,4124.3115234375,0.0,108.06867218017578,1895.4371337890625,0.0,1085.3582763671875,0.3736146092414856,1.0,0.0,3.0,1.0,0.0
12319140,297.2084350585937,297.1499938964844,293.1499938964844,0.0,-0.0,287.0944519042969,0.9254388213157654,0.4002642631530761,0.3608781099319458,297.267822265625,297.1499938964844,293.1499938964844,0.0,-0.0,287.0944519042969,0.9921059012413024,0.4927023351192474,0.4666173756122589,297.2703552246094,297.1499938964844,293.1499938964844,0.0,-0.0,287.0944519042969,0.9725263118743896,0.4595924317836761,0.321691483259201,297.27642822265625,297.1499938964844,293.1499938964844,0.0,-0.0,287.0944519042969,0.9343477487564088,0.4105691313743591,0.3894945383071899,297.22100830078125,297.1499938964844,293.1499938964844,0.0,-0.0,287.0944519042969,0.8194772005081177,0.2777053117752075,1.2555091381072998,287.0944519042969,286.9339904785156,292.54998779296875,287.64190673828125,292.5496826171875,297.2389831542969,287.09454345703125,1.0,0.6087223291397095,1.0,1.0,0.0,1.0,-3.355491399765014,3.355482339859009,9.06091918295715e-06,2.594938039779663,0.6059912443161011,0.6059912443161011,0.0,136.84146118164062,143.0,18540.7734375,-0.0,2944.538818359375,1.0,283.1499938964844,286.4863586425781,290.64801025390625,291.9091491699219,293.1499938964844,293.1499938964844,283.1499938964844,17815.001953125,18000.0,313.1499938964844,0.0,18000.0,1.0,0.0,0.0,0.0,1.0,0.6276108622550964,1.0,0.0,0.0,1.3284430503845217,1.3284485340118408,1.1775497910093693e-07,4.265924453735352,4.265914440155029,9.78592834144365e-06,0.0,0.0,-0.0,4136.869140625,0.0,109.44278717041016,1895.4371337890625,0.0,1093.0745849609375,0.3751144409179687,1.0,0.0,3.0,1.0,0.0
12319200,297.2084350585937,297.1499938964844,293.1499938964844,0.0,-0.0,287.0944519042969,0.9254388213157654,0.4002642631530761,0.3608781099319458,297.267822265625,297.1499938964844,293.1499938964844,0.0,-0.0,287.0944519042969,0.9921059012413024,0.4927023351192474,0.4666173756122589,297.2703552246094,297.1499938964844,293.1499938964844,0.0,-0.0,287.0944519042969,0.9725263118743896,0.4595924317836761,0.321691483259201,297.27642822265625,297.1499938964844,293.1499938964844,0.0,-0.0,287.0944519042969,0.9343477487564088,0.4105691313743591,0.3894945383071899,297.22100830078125,297.1499938964844,293.1499938964844,0.0,-0.0,287.0944519042969,0.8194772005081177,0.2777053117752075,1.2555091381072998,287.0944519042969,286.9339904785156,292.54998779296875,287.64190673828125,292.5496826171875,297.2389831542969,287.09454345703125,1.0,0.6087223291397095,1.0,1.0,0.0,1.0,-3.355491399765014,3.355482339859009,9.06091918295715e-06,2.594938039779663,0.6059912443161011,0.6059912443161011,0.0,136.84146118164062,143.0,18540.7734375,-0.0,2944.538818359375,1.0,283.1499938964844,286.4863586425781,290.64801025390625,291.9091491699219,293.1499938964844,293.1499938964844,283.1499938964844,17815.001953125,18000.0,313.1499938964844,0.0,18000.0,1.0,0.0,0.0,0.0,1.0,0.6276108622550964,1.0,0.0,0.0,1.3284430503845217,1.3284485340118408,1.1775497910093693e-07,4.265924453735352,4.265914440155029,9.78592834144365e-06,0.0,0.0,-0.0,4136.869140625,0.0,109.44278717041016,1895.4371337890625,0.0,1093.0745849609375,0.3751144409179687,1.0,0.0,3.0,1.0,0.0
12319260,297.2055358886719,297.1499938964844,293.1499938964844,0.0,-0.0,287.0946044921875,0.921914041042328,0.4007087051868438,0.3613416254520416,297.2646789550781,297.1499938964844,293.1499938964844,0.0,-0.0,287.0946044921875,0.9898651838302612,0.4938773512840271,0.4677899479866028,297.2673645019531,297.1499938964844,293.1499938964844,0.0,-0.0,287.0946044921875,0.9699293971061708,0.4608136117458343,0.3225903809070587,297.2735290527344,297.1499938964844,293.1499938964844,0.0,-0.0,287.0946044921875,0.9315370321273804,0.4118795394897461,0.3907955586910248,297.2186279296875,297.1499938964844,293.1499938964844,0.0,-0.0,287.0946350097656,0.8172871470451355,0.2783644795417785,1.2587788105010986,287.0946044921875,286.9092102050781,292.57000732421875,287.6665954589844,292.5696716308594,297.2362670898437,287.0946044921875,1.0,0.6108933091163635,1.0,1.0,0.0,1.0,-3.3640377521514893,3.3640284538269043,9.10725793801248e-06,2.601594924926758,0.6086336970329285,0.6086336970329285,0.0,138.61949157714844,146.0,18657.546875,-0.0,2973.353759765625,1.0,283.1499938964844,286.483154296875,290.6765441894531,291.94549560546875,293.1499938964844,293.1499938964844,283.1499938964844,17782.71875,18000.0,313.1499938964844,0.0,18000.0,1.0,0.0,0.0,0.0,1.0,0.6295458674430847,1.0,0.0,0.0,1.3382610082626345,1.3382664918899536,1.1950196210364086e-07,4.265924453735352,4.265914440155029,9.78592834144365e-06,0.0,0.0,-0.0,4149.6728515625,0.0,111.0737075805664,1895.4371337890625,0.0,1105.3463134765625,0.3768820464611053,1.0,0.0,3.0,1.0,0.0
12319320,297.2055358886719,297.1499938964844,293.1499938964844,0.0,-0.0,287.0946044921875,0.921914041042328,0.4007087051868438,0.3613416254520416,297.2646789550781,297.1499938964844,293.1499938964844,0.0,-0.0,287.0946044921875,0.9898651838302612,0.4938773512840271,0.4677899479866028,297.2673645019531,297.1499938964844,293.1499938964844,0.0,-0.0,287.0946044921875,0.9699293971061708,0.4608136117458343,0.3225903809070587,297.2735290527344,297.1499938964844,293.1499938964844,0.0,-0.0,287.0946044921875,0.9315370321273804,0.4118795394897461,0.3907955586910248,297.2186279296875,297.1499938964844,293.1499938964844,0.0,-0.0,287.0946350097656,0.8172871470451355,0.2783644795417785,1.2587788105010986,287.0946044921875,286.9092102050781,292.57000732421875,287.6665954589844,292.5696716308594,297.2362670898437,287.0946044921875,1.0,0.6108933091163635,1.0,1.0,0.0,1.0,-3.3640377521514893,3.3640284538269043,9.10725793801248e-06,2.601594924926758,0.6086336970329285,0.6086336970329285,0.0,138.61949157714844,146.0,18657.546875,-0.0,2973.353759765625,1.0,283.1499938964844,286.483154296875,290.6765441894531,291.94549560546875,293.1499938964844,293.1499938964844,283.1499938964844,17782.71875,18000.0,313.1499938964844,0.0,18000.0,1.0,0.0,0.0,0.0,1.0,0.6295458674430847,1.0,0.0,0.0,1.3382610082626345,1.3382664918899536,1.1950196210364086e-07,4.265924453735352,4.265914440155029,9.78592834144365e-06,0.0,0.0,-0.0,4149.6728515625,0.0,111.0737075805664,1895.4371337890625,0.0,1105.3463134765625,0.3768820464611053,1.0,0.0,3.0,1.0,0.0
12319380,297.2025451660156,297.1499938964844,293.1499938964844,0.0,-0.0,287.0928649902344,0.9171863794326782,0.4010548889636993,0.3617338538169861,297.2615051269531,297.1499938964844,293.1499938964844,0.0,-0.0,287.09283447265625,0.9865881204605104,0.4948930144309997,0.4688306152820587,297.2642822265625,297.1499938964844,293.1499938964844,0.0,-0.0,287.09283447265625,0.9661160111427308,0.4618709683418274,0.3233886361122131,297.2705993652344,297.1499938964844,293.1499938964844,0.0,-0.0,287.0928649902344,0.9273986220359802,0.4130237698554992,0.3919577896595001,297.2161865234375,297.1499938964844,293.1499938964844,0.0,-0.0,287.0928649902344,0.8141412138938904,0.2789190709590912,1.2616615295410156,287.09283447265625,286.8863830566406,292.5884094238281,287.6829833984375,292.58807373046875,297.2334899902344,287.0927734375,1.0,0.6131381988525391,1.0,1.0,0.0,1.0,-3.371586322784424,3.371577024459839,9.148259778157808e-06,2.6074650287628174,0.6113214492797852,0.6113214492797852,0.0,140.81503295898438,146.0,18769.970703125,-0.0,3002.5166015625,1.0,283.1499938964844,286.478271484375,290.6974792480469,291.97509765625,293.1499938964844,293.1499938964844,283.1499938964844,17753.958984375,18000.0,313.1499938964844,0.0,18000.0,1.0,0.0,0.0,0.0,1.0,0.6322683691978455,1.0,0.0,0.0,1.3484638929367063,1.348469376564026,1.2133106963574394e-07,4.265924453735352,4.265914440155029,9.78592834144365e-06,0.0,0.0,-0.0,4160.3203125,0.0,112.80172729492188,1895.4371337890625,0.0,1122.7733154296875,0.3787404298782348,1.0,0.0,3.0,1.0,0.0
12319440,297.2022705078125,297.1499938964844,293.1499938964844,0.0,-0.0,287.0926208496094,0.9167385697364808,0.4010821878910064,0.3617660999298095,297.26123046875,297.1499938964844,293.1499938964844,0.0,-0.0,287.0926208496094,0.9862659573554992,0.4949783682823181,0.468919038772583,297.2640075683594,297.1499938964844,293.1499938964844,0.0,-0.0,287.0926208496094,0.9657422304153442,0.4619598984718323,0.3234564960002899,297.2703552246094,297.1499938964844,293.1499938964844,0.0,-0.0,287.0926208496094,0.9269973635673524,0.4131205081939697,0.392056941986084,297.2159729003906,297.1499938964844,293.1499938964844,0.0,-0.0,287.0926513671875,0.8138354420661926,0.2789650559425354,1.2619051933288574,287.0926208496094,286.8843994140625,292.5899963378906,287.6841125488281,292.5896911621094,297.2332458496094,287.092529296875,1.0,0.613339364528656,1.0,1.0,0.0,1.0,-3.372225284576416,3.37221622467041,9.15173404791858e-06,2.607961416244507,0.6115658283233643,0.6115658283233643,0.0,141.02227783203125,149.0,18779.94140625,-0.0,3005.1142578125,1.0,283.1499938964844,286.4777526855469,290.6990051269531,291.97735595703125,293.1499938964844,293.1499938964844,283.1499938964844,17751.517578125,18000.0,313.1499938964844,0.0,18000.0,1.0,0.0,0.0,0.0,1.0,0.6325375437736511,1.0,0.0,0.0,1.349400758743286,1.349406361579895,1.2149973827035865e-07,4.265924453735352,4.265914440155029,9.78592834144365e-06,0.0,0.0,-0.0,4161.171875,0.0,112.96199035644533,1895.4371337890625,0.0,1124.5062255859375,0.3789120316505432,1.0,0.0,3.0,1.0,0.0
12319500,297.2005310058594,297.1499938964844,293.1499938964844,0.0,-0.0,287.0908203125,0.913845956325531,0.4012421071529388,0.3619600832462311,297.2593688964844,297.1499938964844,293.1499938964844,0.0,-0.0,287.0908203125,0.9841343760490416,0.4955005049705505,0.4694630205631256,297.2621765136719,297.1499938964844,293.1499938964844,0.0,-0.0,287.0908203125,0.9632761478424072,0.4625042080879211,0.3238740265369415,297.2686462402344,297.1499938964844,293.1499938964844,0.0,-0.0,287.0908203125,0.924373209476471,0.4137146770954132,0.3926688730716705,297.2145690917969,297.1499938964844,293.1499938964844,0.0,-0.0,287.0908508300781,0.8118255138397217,0.2792437374591827,1.263399362564087,287.0908203125,286.8720092773437,292.6000061035156,287.6903686523437,292.59967041015625,297.2315979003906,287.0906982421875,1.0,0.6146122813224792,1.0,1.0,0.0,1.0,-3.376148462295532,3.376139163970948,9.173072612611575e-06,2.6110079288482666,0.6131327748298645,0.6131327748298645,0.0,142.36753845214844,149.0,18842.966796875,-0.0,3021.501953125,1.0,283.1499938964844,286.4742431640625,290.70709228515625,291.99041748046875,293.1499938964844,293.1499938964844,283.1499938964844,17736.490234375,18000.0,313.1499938964844,0.0,18000.0,1.0,0.0,0.0,0.0,1.0,0.6343100070953369,1.0,0.0,0.0,1.3554424047470093,1.3554480075836182,1.225901513635108e-07,4.265924453735352,4.265914440155029,9.78592834144365e-06,0.0,0.0,-0.0,4166.1962890625,0.0,114.00169372558594,1895.4371337890625,0.0,1135.96435546875,0.3800222277641296,1.0,0.0,3.0,1.0,0.0
12319560,297.19873046875,297.1499938964844,293.1499938964844,0.0,-0.0,287.0885314941406,0.9108731746673584,0.401384562253952,0.3621409237384796,297.2574462890625,297.1499938964844,293.1499938964844,0.0,-0.0,287.0885009765625,0.9818487167358398,0.4960038661956787,0.4699921309947967,297.26031494140625,297.1499938964844,293.1499938964844,0.0,-0.0,287.0885314941406,0.960646629333496,0.4630295932292938,0.3242804408073425,297.2668762207031,297.1499938964844,293.1499938964844,0.0,-0.0,287.0885314941406,0.9216251373291016,0.4142915606498718,0.393267273902893,297.2131042480469,297.1499938964844,293.1499938964844,0.0,-0.0,287.08856201171875,0.8096909523010254,0.2795085310935974,1.2648437023162842,287.0885009765625,286.8595886230469,292.6099853515625,287.69500732421875,292.60968017578125,297.2299194335937,287.0883483886719,1.0,0.615899384021759,1.0,1.0,0.0,1.0,-3.379948139190674,3.379938840866089,9.193755431624597e-06,2.613955497741699,0.6147618889808655,0.6147618889808655,0.0,143.77523803710938,152.0,18907.0625,-0.0,3038.012939453125,1.0,283.1499938964844,286.47021484375,290.71307373046875,292.0014038085937,293.1499938964844,293.1499938964844,283.1499938964844,17721.87890625,18000.0,313.1499938964844,0.0,18000.0,1.0,0.0,0.0,0.0,1.0,0.6361892223358154,1.0,0.0,0.0,1.3617804050445557,1.3617860078811646,1.237392837083462e-07,4.265924453735352,4.265914440155029,9.78592834144365e-06,0.0,0.0,-0.0,4170.7236328125,0.0,115.10348510742188,1895.4371337890625,0.0,1148.1973876953125,0.3811929523944855,1.0,0.0,3.0,1.0,0.0
12319620,297.1949462890625,297.1499938964844,293.1499938964844,0.0,-0.0,287.08251953125,0.904937982559204,0.4016181826591491,0.3624620139598846,297.2533874511719,297.1499938964844,293.1499938964844,0.0,-0.0,287.0824890136719,0.9769426584243774,0.4969550669193268,0.4710038304328918,297.25634765625,297.1499938964844,293.1499938964844,0.0,-0.0,287.08251953125,0.9550598859786988,0.464024543762207,0.3250585794448852,297.2631530761719,297.1499938964844,293.1499938964844,0.0,-0.0,287.08251953125,0.9159757494926452,0.4153944849967956,0.3944216966629028,297.2100524902344,297.1499938964844,293.1499938964844,0.0,-0.0,287.08258056640625,0.8051506876945496,0.2799978256225586,1.2675774097442627,287.0824890136719,286.8348083496094,292.6300048828125,287.6997375488281,292.6296691894531,297.22637939453125,287.082275390625,1.0,0.6184817552566528,1.0,1.0,0.0,1.0,-3.3871638774871826,3.3871545791625977,9.233074706571642e-06,2.619544267654419,0.6181933879852295,0.6181933879852295,0.0,146.71653747558594,155.0,19038.0859375,-0.0,3071.01513671875,1.0,283.1499938964844,286.4607238769531,290.7192077636719,292.0174560546875,293.1499938964844,293.1499938964844,283.1499938964844,17693.904296875,18000.0,313.1499938964844,0.0,18000.0,1.0,0.0,0.0,0.0,1.0,0.6401010155677795,1.0,0.0,0.0,1.3752955198287964,1.3753011226654053,1.2620758127468434e-07,4.265924453735352,4.265914440155029,9.78592834144365e-06,0.0,0.0,-0.0,4178.4013671875,0.0,117.48918914794922,1895.4371337890625,0.0,1173.9415283203125,0.3837076723575592,1.0,0.0,3.0,1.0,0.0
12319680,297.1949462890625,297.1499938964844,293.1499938964844,0.0,-0.0,287.08251953125,0.904937982559204,0.4016181826591491,0.3624620139598846,297.2533874511719,297.1499938964844,293.1499938964844,0.0,-0.0,287.0824890136719,0.9769426584243774,0.4969550669193268,0.4710038304328918,297.25634765625,297.1499938964844,293.1499938964844,0.0,-0.0,287.08251953125,0.9550598859786988,0.464024543762207,0.3250585794448852,297.2631530761719,297.1499938964844,293.1499938964844,0.0,-0.0,287.08251953125,0.9159757494926452,0.4153944849967956,0.3944216966629028,297.2100524902344,297.1499938964844,293.1499938964844,0.0,-0.0,287.08258056640625,0.8051506876945496,0.2799978256225586,1.2675774097442627,287.0824890136719,286.8348083496094,292.6300048828125,287.6997375488281,292.6296691894531,297.22637939453125,287.082275390625,1.0,0.6184817552566528,1.0,1.0,0.0,1.0,-3.3871638774871826,3.3871545791625977,9.233074706571642e-06,2.619544267654419,0.6181933879852295,0.6181933879852295,0.0,146.71653747558594,155.0,19038.0859375,-0.0,3071.01513671875,1.0,283.1499938964844,286.4607238769531,290.7192077636719,292.0174560546875,293.1499938964844,293.1499938964844,283.1499938964844,17693.904296875,18000.0,313.1499938964844,0.0,18000.0,1.0,0.0,0.0,0.0,1.0,0.6401010155677795,1.0,0.0,0.0,1.3752955198287964,1.3753011226654053,1.2620758127468434e-07,4.265924453735352,4.265914440155029,9.78592834144365e-06,0.0,0.0,-0.0,4178.4013671875,0.0,117.48918914794922,1895.4371337890625,0.0,1173.9415283203125,0.3837076723575592,1.0,0.0,3.0,1.0,0.0
12319740,297.19097900390625,297.1499938964844,293.1499938964844,0.0,-0.0,287.0747375488281,0.8992228507995605,0.4017842710018158,0.3627273142337799,297.2491149902344,297.1499938964844,293.1499938964844,0.0,-0.0,287.07470703125,0.97172874212265,0.4978309869766235,0.4719503819942474,297.25213623046875,297.1499938964844,293.1499938964844,0.0,-0.0,287.07470703125,0.9492149353027344,0.4649452865123749,0.3257888555526733,297.2592163085937,297.1499938964844,293.1499938964844,0.0,-0.0,287.0747375488281,0.9103687405586244,0.4164300262928009,0.3955176174640655,297.20684814453125,297.1499938964844,293.1499938964844,0.0,-0.0,287.0748291015625,0.8004543781280518,0.2804350256919861,1.270099639892578,287.07470703125,286.8099975585937,292.6499938964844,287.6988220214844,292.6496887207031,297.2226257324219,287.07440185546875,1.0,0.6210392713546753,1.0,1.0,0.0,1.0,-3.3938517570495605,3.393842458724976,9.269559086533263e-06,2.624711751937866,0.621839702129364,0.621839702129364,0.0,149.7615966796875,158.0,19172.390625,-0.0,3103.571044921875,1.0,283.1499938964844,286.44940185546875,290.7185363769531,292.0264587402344,293.1499938964844,293.1499938964844,283.1499938964844,17667.6015625,18000.0,313.1499938964844,0.0,18000.0,1.0,0.0,0.0,0.0,1.0,0.6440507769584656,1.0,0.0,0.0,1.3898696899414062,1.389875411987305,1.2889663025816844e-07,4.265924453735352,4.265914440155029,9.78592834144365e-06,0.0,0.0,-0.0,4184.4814453125,0.0,120.1150360107422,1895.4371337890625,0.0,1200.31298828125,0.3864439725875854,1.0,0.0,3.0,1.0,0.0
12319800,297.19097900390625,297.1499938964844,293.1499938964844,0.0,-0.0,287.0747375488281,0.8992228507995605,0.4017842710018158,0.3627273142337799,297.2491149902344,297.1499938964844,293.1499938964844,0.0,-0.0,287.07470703125,0.97172874212265,0.4978309869766235,0.4719503819942474,297.25213623046875,297.1499938964844,293.1499938964844,0.0,-0.0,287.07470703125,0.9492149353027344,0.4649452865123749,0.3257888555526733,297.2592163085937,297.1499938964844,293.1499938964844,0.0,-0.0,287.0747375488281,0.9103687405586244,0.4164300262928009,0.3955176174640655,297.20684814453125,297.1499938964844,293.1499938964844,0.0,-0.0,287.0748291015625,0.8004543781280518,0.2804350256919861,1.270099639892578,287.07470703125,286.8099975585937,292.6499938964844,287.6988220214844,292.6496887207031,297.2226257324219,287.07440185546875,1.0,0.6210392713546753,1.0,1.0,0.0,1.0,-3.3938517570495605,3.393842458724976,9.269559086533263e-06,2.624711751937866,0.621839702129364,0.621839702129364,0.0,149.7615966796875,158.0,19172.390625,-0.0,3103.571044921875,1.0,283.1499938964844,286.44940185546875,290.7185363769531,292.0264587402344,293.1499938964844,293.1499938964844,283.1499938964844,17667.6015625,18000.0,313.1499938964844,0.0,18000.0,1.0,0.0,0.0,0.0,1.0,0.6440507769584656,1.0,0.0,0.0,1.3898696899414062,1.389875411987305,1.2889663025816844e-07,4.265924453735352,4.265914440155029,9.78592834144365e-06,0.0,0.0,-0.0,4184.4814453125,0.0,120.1150360107422,1895.4371337890625,0.0,1200.31298828125,0.3864439725875854,1.0,0.0,3.0,1.0,0.0
12319860,297.18682861328125,297.1499938964844,293.1499938964844,0.0,-0.0,287.0653381347656,0.8935815095901489,0.4018846750259399,0.3629366755485534,297.2445983886719,297.1499938964844,293.1499938964844,0.0,-0.0,287.0653076171875,0.966320276260376,0.4986293613910675,0.4728279709815979,297.24774169921875,297.1499938964844,293.1499938964844,0.0,-0.0,287.0653381347656,0.9432613253593444,0.4657930433750152,0.3264707624912262,297.255126953125,297.1499938964844,293.1499938964844,0.0,-0.0,287.0653381347656,0.9050135612487792,0.4173994958400726,0.3965544104576111,297.2035827636719,297.1499938964844,293.1499938964844,0.0,-0.0,287.0654296875,0.7957796454429626,0.2808230817317962,1.272413969039917,287.0653076171875,286.7851867675781,292.6700134277344,287.6927795410156,292.669677734375,297.21875,287.0649719238281,1.0,0.6235464215278625,1.0,1.0,0.0,1.0,-3.400010347366333,3.400001049041748,9.30318401515251e-06,2.6294569969177246,0.6256803274154663,0.6256803274154663,0.0,152.86178588867188,161.0,19309.38671875,-0.0,3135.376953125,1.0,283.1499938964844,286.4364929199219,290.7123413085937,292.0296630859375,293.1499938964844,293.1499938964844,283.1499938964844,17642.880859375,18000.0,313.1499938964844,0.0,18000.0,1.0,0.0,0.0,0.0,1.0,0.6479641795158386,1.0,0.0,0.0,1.4054218530654907,1.4054275751113892,1.3179739255519962e-07,4.265924453735352,4.265914440155029,9.78592834144365e-06,0.0,0.0,-0.0,4189.25048828125,0.0,122.97577667236328,1895.4371337890625,0.0,1226.8089599609375,0.3893882036209106,1.0,0.0,3.0,1.0,0.0
12319920,297.18682861328125,297.1499938964844,293.1499938964844,0.0,-0.0,287.0653381347656,0.8935815095901489,0.4018846750259399,0.3629366755485534,297.2445983886719,297.1499938964844,293.1499938964844,0.0,-0.0,287.0653076171875,0.966320276260376,0.4986293613910675,0.4728279709815979,297.24774169921875,297.1499938964844,293.1499938964844,0.0,-0.0,287.0653381347656,0.9432613253593444,0.4657930433750152,0.3264707624912262,297.255126953125,297.1499938964844,293.1499938964844,0.0,-0.0,287.0653381347656,0.9050135612487792,0.4173994958400726,0.3965544104576111,297.2035827636719,297.1499938964844,293.1499938964844,0.0,-0.0,287.0654296875,0.7957796454429626,0.2808230817317962,1.272413969039917,287.0653076171875,286.7851867675781,292.6700134277344,287.6927795410156,292.669677734375,297.21875,287.0649719238281,1.0,0.6235464215278625,1.0,1.0,0.0,1.0,-3.400010347366333,3.400001049041748,9.30318401515251e-06,2.6294569969177246,0.6256803274154663,0.6256803274154663,0.0,152.86178588867188,161.0,19309.38671875,-0.0,3135.376953125,1.0,283.1499938964844,286.4364929199219,290.7123413085937,292.0296630859375,293.1499938964844,293.1499938964844,283.1499938964844,17642.880859375,18000.0,313.1499938964844,0.0,18000.0,1.0,0.0,0.0,0.0,1.0,0.6479641795158386,1.0,0.0,0.0,1.4054218530654907,1.4054275751113892,1.3179739255519962e-07,4.265924453735352,4.265914440155029,9.78592834144365e-06,0.0,0.0,-0.0,4189.25048828125,0.0,122.97577667236328,1895.4371337890625,0.0,1226.8089599609375,0.3893882036209106,1.0,0.0,3.0,1.0,0.0
12319980,297.1825866699219,297.1499938964844,293.1499938964844,0.0,-0.0,287.05450439453125,0.8880472779273987,0.4019211828708648,0.3630906641483307,297.23992919921875,297.1499938964844,293.1499938964844,0.0,-0.0,287.0544738769531,0.960790991783142,0.4993514120578766,0.4736354947090149,297.2431945800781,297.1499938964844,293.1499938964844,0.0,-0.0,287.0544738769531,0.9372979998588562,0.4665689766407013,0.327104240655899,297.2509155273437,297.1499938964844,293.1499938964844,0.0,-0.0,287.05450439453125,0.8999979496002197,0.4183041751384735,0.3975321650505066,297.20025634765625,297.1499938964844,293.1499938964844,0.0,-0.0,287.0546264648437,0.7911829948425293,0.2811638414859772,1.2745252847671509,287.0544738769531,286.7604064941406,292.69000244140625,287.6820678710937,292.689697265625,297.2147521972656,287.0540771484375,1.0,0.6259903907775879,1.0,1.0,0.0,1.0,-3.405644416809082,3.405635118484497,9.333961315860506e-06,2.6337835788726807,0.6296969056129456,0.6296969056129456,0.0,155.99002075195312,164.0,19448.546875,-0.0,3166.269775390625,1.0,283.1499938964844,286.4220886230469,290.70147705078125,292.0280456542969,293.1499938964844,293.1499938964844,283.1499938964844,17619.634765625,18000.0,313.1499938964844,0.0,18000.0,1.0,0.0,0.0,0.0,1.0,0.6518398523330688,1.0,0.0,0.0,1.4218788146972656,1.4218846559524536,1.3490206640653926e-07,4.265924453735352,4.265914440155029,9.78592834144365e-06,0.0,0.0,-0.0,4192.91162109375,0.0,126.06746673583984,1895.4371337890625,0.0,1253.4029541015625,0.3925279378890991,1.0,0.0,3.0,1.0,0.0
12320040,297.1825866699219,297.1499938964844,293.1499938964844,0.0,-0.0,287.05450439453125,0.8880472779273987,0.4019211828708648,0.3630906641483307,297.23992919921875,297.1499938964844,293.1499938964844,0.0,-0.0,287.0544738769531,0.960790991783142,0.4993514120578766,0.4736354947090149,297.2431945800781,297.1499938964844,293.1499938964844,0.0,-0.0,287.0544738769531,0.9372979998588562,0.4665689766407013,0.327104240655899,297.2509155273437,297.1499938964844,293.1499938964844,0.0,-0.0,287.05450439453125,0.8999979496002197,0.4183041751384735,0.3975321650505066,297.20025634765625,297.1499938964844,293.1499938964844,0.0,-0.0,287.0546264648437,0.7911829948425293,0.2811638414859772,1.2745252847671509,287.0544738769531,286.7604064941406,292.69000244140625,287.6820678710937,292.689697265625,297.2147521972656,287.0540771484375,1.0,0.6259903907775879,1.0,1.0,0.0,1.0,-3.405644416809082,3.405635118484497,9.333961315860506e-06,2.6337835788726807,0.6296969056129456,0.6296969056129456,0.0,155.99002075195312,164.0,19448.546875,-0.0,3166.269775390625,1.0,283.1499938964844,286.4220886230469,290.70147705078125,292.0280456542969,293.1499938964844,293.1499938964844,283.1499938964844,17619.634765625,18000.0,313.1499938964844,0.0,18000.0,1.0,0.0,0.0,0.0,1.0,0.6518398523330688,1.0,0.0,0.0,1.4218788146972656,1.4218846559524536,1.3490206640653926e-07,4.265924453735352,4.265914440155029,9.78592834144365e-06,0.0,0.0,-0.0,4192.91162109375,0.0,126.06746673583984,1895.4371337890625,0.0,1253.4029541015625,0.3925279378890991,1.0,0.0,3.0,1.0,0.0
12320100,297.1804504394531,297.1499938964844,293.1499938964844,0.0,-0.0,287.048583984375,0.8853307366371155,0.4019157886505127,0.363146960735321,297.2375183105469,297.1499938964844,293.1499938964844,0.0,-0.0,287.0485534667969,0.9579975605010986,0.4996843636035919,0.4740133583545685,297.2408447265625,297.1499938964844,293.1499938964844,0.0,-0.0,287.0485534667969,0.9343350529670716,0.4669301509857178,0.3274027705192566,297.248779296875,297.1499938964844,293.1499938964844,0.0,-0.0,287.048583984375,0.8975474834442139,0.4187323451042175,0.3979988396167755,297.1985778808594,297.1499938964844,293.1499938964844,0.0,-0.0,287.0487060546875,0.788922905921936,0.2813167572021484,1.2755051851272583,287.0485534667969,286.7479858398437,292.70001220703125,287.6751403808594,292.6996765136719,297.2127380371094,287.0481262207031,1.0,0.6271863579750061,1.0,1.0,0.0,1.0,-3.408265829086304,3.4082565307617188,9.348282219434624e-06,2.6357908248901367,0.6317667961120605,0.6317667961120605,0.0,157.55975341796875,164.0,19518.798828125,-0.0,3181.34130859375,1.0,283.1499938964844,286.4143981933594,290.6944580078125,292.025634765625,293.1499938964844,293.1499938964844,283.1499938964844,17608.541015625,18000.0,313.1499938964844,0.0,18000.0,1.0,0.0,0.0,0.0,1.0,0.6537666320800781,1.0,0.0,0.0,1.4304287433624268,1.4304345846176147,1.365293087474129e-07,4.265924453735352,4.265914440155029,9.78592834144365e-06,0.0,0.0,-0.0,4194.3662109375,0.0,127.69962310791016,1895.4371337890625,0.0,1266.7535400390625,0.3941681683063507,1.0,0.0,3.0,1.0,0.0
12320160,297.17828369140625,297.1499938964844,293.1499938964844,0.0,-0.0,287.0423583984375,0.8826512694358826,0.4018948972225189,0.363189697265625,297.2350769042969,297.1499938964844,293.1499938964844,0.0,-0.0,287.0423278808594,0.9551923274993896,0.499998927116394,0.4743742048740387,297.2384948730469,297.1499938964844,293.1499938964844,0.0,-0.0,287.0423278808594,0.9313948750495912,0.4672736823558807,0.3276892900466919,297.2466125488281,297.1499938964844,293.1499938964844,0.0,-0.0,287.0423583984375,0.895127534866333,0.4191446006298065,0.3984508216381073,297.1968688964844,297.1499938964844,293.1499938964844,0.0,-0.0,287.04248046875,0.7866913676261902,0.2814582586288452,1.2764352560043335,287.0423278808594,286.735595703125,292.7099914550781,287.667236328125,292.7096862792969,297.210693359375,287.0418701171875,1.0,0.6283644437789917,1.0,1.0,0.0,1.0,-3.4107584953308105,3.4107489585876465,9.361898264614863e-06,2.637694835662842,0.6338749527931213,0.6338749527931213,0.0,159.13145446777344,167.0,19589.419921875,-0.0,3196.153564453125,1.0,283.1499938964844,286.4063720703125,290.6864929199219,292.022216796875,293.1499938964844,293.1499938964844,283.1499938964844,17597.78125,18000.0,313.1499938964844,0.0,18000.0,1.0,0.0,0.0,0.0,1.0,0.6556885242462158,1.0,0.0,0.0,1.439181923866272,1.43918776512146,1.382053369525238e-07,4.265924453735352,4.265914440155029,9.78592834144365e-06,0.0,0.0,-0.0,4195.59130859375,0.0,129.38882446289062,1895.4371337890625,0.0,1280.154541015625,0.3958534002304077,1.0,0.0,3.0,1.0,0.0
12320220,297.17388916015625,297.1499938964844,293.1499938964844,0.0,-0.0,287.0290832519531,0.8774097561836243,0.4018086194992065,0.3632359206676483,297.2301330566406,297.1499938964844,293.1499938964844,0.0,-0.0,287.0290222167969,0.9495659470558168,0.5005748271942139,0.4750465452671051,297.23370361328125,297.1499938964844,293.1499938964844,0.0,-0.0,287.0290222167969,0.9256107211112976,0.4679097235202789,0.3282273411750793,297.2422180175781,297.1499938964844,293.1499938964844,0.0,-0.0,287.029052734375,0.8903854489326477,0.4199229478836059,0.3993121087551117,297.1934814453125,297.1499938964844,293.1499938964844,0.0,-0.0,287.0292053222656,0.7823195457458496,0.2817084789276123,1.2781516313552856,287.0290222167969,286.7107849121094,292.7300109863281,287.64874267578125,292.72967529296875,297.2065734863281,287.0285339355469,1.0,0.6306672692298889,1.0,1.0,0.0,1.0,-3.4153707027435303,3.415361166000366,9.38708399189636e-06,2.641205310821533,0.6381970643997192,0.6381970643997192,0.0,162.2777862548828,170.0,19731.52734375,-0.0,3225.0048828125,1.0,283.1499938964844,286.38946533203125,290.6679382324219,292.0126953125,293.1499938964844,293.1499938964844,283.1499938964844,17577.15234375,18000.0,313.1499938964844,0.0,18000.0,1.0,0.0,0.0,0.0,1.0,0.6595261096954346,1.0,0.0,0.0,1.4572551250457764,1.457261085510254,1.416982939872469e-07,4.265924453735352,4.265914440155029,9.78592834144365e-06,0.0,0.0,-0.0,4197.40673828125,0.0,132.9346923828125,1895.4371337890625,0.0,1307.162841796875,0.3993509113788605,1.0,0.0,3.0,1.0,0.0
12320280,297.17388916015625,297.1499938964844,293.1499938964844,0.0,-0.0,287.0290832519531,0.8774097561836243,0.4018086194992065,0.3632359206676483,297.2301330566406,297.1499938964844,293.1499938964844,0.0,-0.0,287.0290222167969,0.9495659470558168,0.5005748271942139,0.4750465452671051,297.23370361328125,297.1499938964844,293.1499938964844,0.0,-0.0,287.0290222167969,0.9256107211112976,0.4679097235202789,0.3282273411750793,297.2422180175781,297.1499938964844,293.1499938964844,0.0,-0.0,287.029052734375,0.8903854489326477,0.4199229478836059,0.3993121087551117,297.1934814453125,297.1499938964844,293.1499938964844,0.0,-0.0,287.0292053222656,0.7823195457458496,0.2817084789276123,1.2781516313552856,287.0290222167969,286.7107849121094,292.7300109863281,287.64874267578125,292.72967529296875,297.2065734863281,287.0285339355469,1.0,0.6306672692298889,1.0,1.0,0.0,1.0,-3.4153707027435303,3.415361166000366,9.38708399189636e-06,2.641205310821533,0.6381970643997192,0.6381970643997192,0.0,162.2777862548828,170.0,19731.52734375,-0.0,3225.0048828125,1.0,283.1499938964844,286.38946533203125,290.6679382324219,292.0126953125,293.1499938964844,293.1499938964844,283.1499938964844,17577.15234375,18000.0,313.1499938964844,0.0,18000.0,1.0,0.0,0.0,0.0,1.0,0.6595261096954346,1.0,0.0,0.0,1.4572551250457764,1.457261085510254,1.416982939872469e-07,4.265924453735352,4.265914440155029,9.78592834144365e-06,0.0,0.0,-0.0,4197.40673828125,0.0,132.9346923828125,1895.4371337890625,0.0,1307.162841796875,0.3993509113788605,1.0,0.0,3.0,1.0,0.0
12320340,297.16949462890625,297.1499938964844,293.1499938964844,0.0,-0.0,287.0147399902344,0.8723278045654297,0.4016638398170471,0.3632304966449737,297.22509765625,297.1499938964844,293.1499938964844,0.0,-0.0,287.0146789550781,0.943945050239563,0.501080334186554,0.4756535291671753,297.2288818359375,297.1499938964844,293.1499938964844,0.0,-0.0,287.01470947265625,0.9199948310852052,0.4684782326221466,0.3287190794944763,297.2377624511719,297.1499938964844,293.1499938964844,0.0,-0.0,287.0147399902344,0.885776162147522,0.4206401407718658,0.4001166224479675,297.1900939941406,297.1499938964844,293.1499938964844,0.0,-0.0,287.014892578125,0.7780722379684448,0.2819156050682068,1.2796787023544312,287.0146789550781,286.6860046386719,292.75,287.6271057128906,292.74969482421875,297.20245361328125,287.01416015625,1.0,0.6328984498977661,1.0,1.0,0.0,1.0,-3.419490337371826,3.419481039047241,9.409558515471872e-06,2.6443216800689697,0.6426515579223633,0.6426515579223633,0.0,165.42462158203125,173.0,19874.4921875,-0.0,3252.803466796875,1.0,283.1499938964844,286.3715515136719,290.64617919921875,291.9999084472656,293.1499938964844,293.1499938964844,283.1499938964844,17557.671875,18000.0,313.1499938964844,0.0,18000.0,1.0,0.0,0.0,0.0,1.0,0.6633436679840088,1.0,0.0,0.0,1.4760489463806152,1.4760550260543823,1.453767453085675e-07,4.265924453735352,4.265914440155029,9.78592834144365e-06,0.0,0.0,-0.0,4198.43896484375,0.0,136.70498657226562,1895.4371337890625,0.0,1334.3546142578125,0.4030120074748993,1.0,0.0,3.0,1.0,0.0
12320400,297.16949462890625,297.1499938964844,293.1499938964844,0.0,-0.0,287.0147399902344,0.8723278045654297,0.4016638398170471,0.3632304966449737,297.22509765625,297.1499938964844,293.1499938964844,0.0,-0.0,287.0146789550781,0.943945050239563,0.501080334186554,0.4756535291671753,297.2288818359375,297.1499938964844,293.1499938964844,0.0,-0.0,287.01470947265625,0.9199948310852052,0.4684782326221466,0.3287190794944763,297.2377624511719,297.1499938964844,293.1499938964844,0.0,-0.0,287.0147399902344,0.885776162147522,0.4206401407718658,0.4001166224479675,297.1900939941406,297.1499938964844,293.1499938964844,0.0,-0.0,287.014892578125,0.7780722379684448,0.2819156050682068,1.2796787023544312,287.0146789550781,286.6860046386719,292.75,287.6271057128906,292.74969482421875,297.20245361328125,287.01416015625,1.0,0.6328984498977661,1.0,1.0,0.0,1.0,-3.419490337371826,3.419481039047241,9.409558515471872e-06,2.6443216800689697,0.6426515579223633,0.6426515579223633,0.0,165.42462158203125,173.0,19874.4921875,-0.0,3252.803466796875,1.0,283.1499938964844,286.3715515136719,290.64617919921875,291.9999084472656,293.1499938964844,293.1499938964844,283.1499938964844,17557.671875,18000.0,313.1499938964844,0.0,18000.0,1.0,0.0,0.0,0.0,1.0,0.6633436679840088,1.0,0.0,0.0,1.4760489463806152,1.4760550260543823,1.453767453085675e-07,4.265924453735352,4.265914440155029,9.78592834144365e-06,0.0,0.0,-0.0,4198.43896484375,0.0,136.70498657226562,1895.4371337890625,0.0,1334.3546142578125,0.4030120074748993,1.0,0.0,3.0,1.0,0.0
12320460,297.1650695800781,297.1499938964844,293.1499938964844,0.0,-0.0,286.99951171875,0.8674057722091675,0.4014624655246734,0.3631749451160431,297.22003173828125,297.1499938964844,293.1499938964844,0.0,-0.0,286.9994506835937,0.9383608102798462,0.501517117023468,0.4761965572834015,297.2239685058594,297.1499938964844,293.1499938964844,0.0,-0.0,286.9994812011719,0.9145949482917786,0.4689808487892151,0.329165518283844,297.2333068847656,297.1499938964844,293.1499938964844,0.0,-0.0,286.99951171875,0.8813004493713379,0.4212974309921264,0.4008654356002807,297.1867370605469,297.1499938964844,293.1499938964844,0.0,-0.0,286.9996643066406,0.7739506363868713,0.2820810675621032,1.281022071838379,286.9994506835937,286.66119384765625,292.7699890136719,287.6028137207031,292.7696838378906,297.19830322265625,286.9989013671875,1.0,0.6350589394569397,1.0,1.0,0.0,1.0,-3.4231302738189697,3.4231209754943848,9.429381861991716e-06,2.6470541954040527,0.6472271084785461,0.6472271084785461,0.0,168.56951904296875,176.0,20017.95703125,-0.0,3279.549072265625,1.0,283.1499938964844,286.3526916503906,290.6217346191406,291.9842529296875,293.1499938964844,293.1499938964844,283.1499938964844,17539.25,18000.0,313.1499938964844,0.0,18000.0,1.0,0.0,0.0,0.0,1.0,0.6671248078346252,1.0,0.0,0.0,1.495512843132019,1.495518922805786,1.4923604396699377e-07,4.265924453735352,4.265914440155029,9.78592834144365e-06,0.0,0.0,-0.0,4198.79248046875,0.0,140.69923400878906,1895.4371337890625,0.0,1361.60009765625,0.4068277776241302,1.0,0.0,3.0,1.0,0.0
12320520,297.1650695800781,297.1499938964844,293.1499938964844,0.0,-0.0,286.99951171875,0.8674057722091675,0.4014624655246734,0.3631749451160431,297.22003173828125,297.1499938964844,293.1499938964844,0.0,-0.0,286.9994506835937,0.9383608102798462,0.501517117023468,0.4761965572834015,297.2239685058594,297.1499938964844,293.1499938964844,0.0,-0.0,286.9994812011719,0.9145949482917786,0.4689808487892151,0.329165518283844,297.2333068847656,297.1499938964844,293.1499938964844,0.0,-0.0,286.99951171875,0.8813004493713379,0.4212974309921264,0.4008654356002807,297.1867370605469,297.1499938964844,293.1499938964844,0.0,-0.0,286.9996643066406,0.7739506363868713,0.2820810675621032,1.281022071838379,286.9994506835937,286.66119384765625,292.7699890136719,287.6028137207031,292.7696838378906,297.19830322265625,286.9989013671875,1.0,0.6350589394569397,1.0,1.0,0.0,1.0,-3.4231302738189697,3.4231209754943848,9.429381861991716e-06,2.6470541954040527,0.6472271084785461,0.6472271084785461,0.0,168.56951904296875,176.0,20017.95703125,-0.0,3279.549072265625,1.0,283.1499938964844,286.3526916503906,290.6217346191406,291.9842529296875,293.1499938964844,293.1499938964844,283.1499938964844,17539.25,18000.0,313.1499938964844,0.0,18000.0,1.0,0.0,0.0,0.0,1.0,0.6671248078346252,1.0,0.0,0.0,1.495512843132019,1.495518922805786,1.4923604396699377e-07,4.265924453735352,4.265914440155029,9.78592834144365e-06,0.0,0.0,-0.0,4198.79248046875,0.0,140.69923400878906,1895.4371337890625,0.0,1361.60009765625,0.4068277776241302,1.0,0.0,3.0,1.0,0.0
12320580,297.16064453125,297.1499938964844,293.1499938964844,0.0,-0.0,286.9834899902344,0.8626416325569153,0.4012066721916199,0.3630712032318115,297.2149353027344,297.1499938964844,293.1499938964844,0.0,-0.0,286.9834289550781,0.932844579219818,0.5018871426582336,0.4766773879528045,297.21905517578125,297.1499938964844,293.1499938964844,0.0,-0.0,286.9834289550781,0.9094592928886414,0.4694196879863739,0.3295680284500122,297.2287902832031,297.1499938964844,293.1499938964844,0.0,-0.0,286.98345947265625,0.8769570589065552,0.4218963980674743,0.401559978723526,297.1833801269531,297.1499938964844,293.1499938964844,0.0,-0.0,286.9836120605469,0.7699540257453918,0.2822063863277435,1.2821881771087646,286.9834289550781,286.63641357421875,292.7900085449219,287.5764465332031,292.7896728515625,297.1942138671875,286.9828491210937,1.0,0.637150764465332,1.0,1.0,0.0,1.0,-3.4263062477111816,3.4262969493865967,9.446634066989644e-06,2.6494150161743164,0.6519132256507874,0.6519132256507874,0.0,171.71119689941406,179.0,20161.599609375,-0.0,3305.256591796875,1.0,283.1499938964844,286.3330383300781,290.5950622558594,291.9662475585937,293.1499938964844,293.1499938964844,283.1499938964844,17521.7890625,18000.0,313.1499938964844,0.0,18000.0,1.0,0.0,0.0,0.0,1.0,0.6708527207374573,1.0,0.0,0.0,1.515597939491272,1.515604019165039,1.5327150038046966e-07,4.265924453735352,4.265914440155029,9.78592834144365e-06,0.0,0.0,-0.0,4198.5830078125,0.0,144.91685485839844,1895.4371337890625,0.0,1388.76171875,0.4107894003391266,1.0,0.0,3.0,1.0,0.0
12320640,297.16064453125,297.1499938964844,293.1499938964844,0.0,-0.0,286.9834899902344,0.8626416325569153,0.4012066721916199,0.3630712032318115,297.2149353027344,297.1499938964844,293.1499938964844,0.0,-0.0,286.9834289550781,0.932844579219818,0.5018871426582336,0.4766773879528045,297.21905517578125,297.1499938964844,293.1499938964844,0.0,-0.0,286.9834289550781,0.9094592928886414,0.4694196879863739,0.3295680284500122,297.2287902832031,297.1499938964844,293.1499938964844,0.0,-0.0,286.98345947265625,0.8769570589065552,0.4218963980674743,0.401559978723526,297.1833801269531,297.1499938964844,293.1499938964844,0.0,-0.0,286.9836120605469,0.7699540257453918,0.2822063863277435,1.2821881771087646,286.9834289550781,286.63641357421875,292.7900085449219,287.5764465332031,292.7896728515625,297.1942138671875,286.9828491210937,1.0,0.637150764465332,1.0,1.0,0.0,1.0,-3.4263062477111816,3.4262969493865967,9.446634066989644e-06,2.6494150161743164,0.6519132256507874,0.6519132256507874,0.0,171.71119689941406,179.0,20161.599609375,-0.0,3305.256591796875,1.0,283.1499938964844,286.3330383300781,290.5950622558594,291.9662475585937,293.1499938964844,293.1499938964844,283.1499938964844,17521.7890625,18000.0,313.1499938964844,0.0,18000.0,1.0,0.0,0.0,0.0,1.0,0.6708527207374573,1.0,0.0,0.0,1.515597939491272,1.515604019165039,1.5327150038046966e-07,4.265924453735352,4.265914440155029,9.78592834144365e-06,0.0,0.0,-0.0,4198.5830078125,0.0,144.91685485839844,1895.4371337890625,0.0,1388.76171875,0.4107894003391266,1.0,0.0,3.0,1.0,0.0
12320700,297.1584777832031,297.1499938964844,293.1499938964844,0.0,-0.0,286.9751892089844,0.8603172302246094,0.4010586738586426,0.3630014657974243,297.2123718261719,297.1499938964844,293.1499938964844,0.0,-0.0,286.9751281738281,0.93012136220932,0.5020472407341003,0.4768945872783661,297.21661376953125,297.1499938964844,293.1499938964844,0.0,-0.0,286.97515869140625,0.9070055484771729,0.4696153700351715,0.3297529518604278,297.2265319824219,297.1499938964844,293.1499938964844,0.0,-0.0,286.9751892089844,0.8748338222503662,0.4221741259098053,0.4018869400024414,297.18170166015625,297.1499938964844,293.1499938964844,0.0,-0.0,286.975341796875,0.7680016160011292,0.282254159450531,1.282705545425415,286.9751281738281,286.6239929199219,292.79998779296875,287.5625915527344,292.7996826171875,297.19219970703125,286.9745483398437,1.0,0.6381711363792419,1.0,1.0,0.0,1.0,-3.427721738815308,3.4277124404907227,9.454301107325593e-06,2.6504573822021484,0.6542957425117493,0.6542957425117493,0.0,173.28048706054688,179.0,20233.40234375,-0.0,3317.71826171875,1.0,283.1499938964844,286.3229064941406,290.5810546875,291.9564819335937,293.1499938964844,293.1499938964844,283.1499938964844,17513.4140625,18000.0,313.1499938964844,0.0,18000.0,1.0,0.0,0.0,0.0,1.0,0.6726890206336975,1.0,0.0,0.0,1.525864601135254,1.5258708000183103,1.5535505326624849e-07,4.265924453735352,4.265914440155029,9.78592834144365e-06,0.0,0.0,-0.0,4198.2998046875,0.0,147.11062622070312,1895.4371337890625,0.0,1402.248291015625,0.4128234088420868,1.0,0.0,3.0,1.0,0.0
12320760,297.1562805175781,297.1499938964844,293.1499938964844,0.0,-0.0,286.9667358398437,0.8580300211906433,0.4008971452713012,0.3629197478294372,297.2098388671875,297.1499938964844,293.1499938964844,0.0,-0.0,286.9666748046875,0.927426278591156,0.5021904706954956,0.4770960807800293,297.2141418457031,297.1499938964844,293.1499938964844,0.0,-0.0,286.9666748046875,0.9046357870101928,0.4697950482368469,0.3299268186092376,297.22430419921875,297.1499938964844,293.1499938964844,0.0,-0.0,286.9667053222656,0.8727418184280396,0.4224370419979095,0.4022001624107361,297.1800537109375,297.1499938964844,293.1499938964844,0.0,-0.0,286.9668884277344,0.7660788893699646,0.2822918891906738,1.2831785678863523,286.9666442871094,286.6116027832031,292.8099975585937,287.5484313964844,292.8096923828125,297.190185546875,286.966064453125,1.0,0.639174222946167,1.0,1.0,0.0,1.0,-3.429020881652832,3.429011344909668,9.461321496928576e-06,2.651406526565552,0.6567038893699646,0.6567038893699646,0.0,174.84860229492188,182.0,20305.15625,-0.0,3329.91259765625,1.0,283.1499938964844,286.3126220703125,290.5666809082031,291.9462890625,293.1499938964844,293.1499938964844,283.1499938964844,17505.29296875,18000.0,313.1499938964844,0.0,18000.0,1.0,0.0,0.0,0.0,1.0,0.6745026707649231,1.0,0.0,0.0,1.536278247833252,1.5362844467163086,1.574828161210462e-07,4.265924453735352,4.265914440155029,9.78592834144365e-06,0.0,0.0,-0.0,4197.921875,0.0,149.36227416992188,1895.4371337890625,0.0,1415.6378173828125,0.4148926138877868,1.0,0.0,3.0,1.0,0.0
12320820,297.1519470214844,297.1499938964844,293.1499938964844,0.0,-0.0,286.9493713378906,0.8535663485527039,0.4005371034145355,0.3627234697341919,297.2047119140625,297.1499938964844,293.1499938964844,0.0,-0.0,286.94927978515625,0.9221404194831848,0.5024304389953613,0.4774556756019592,297.2092590332031,297.1499938964844,293.1499938964844,0.0,-0.0,286.9493103027344,0.9001253843307495,0.4701104462146759,0.3302441835403442,297.2198181152344,297.1499938964844,293.1499938964844,0.0,-0.0,286.9493408203125,0.8686524629592896,0.4229220449924469,0.4027884602546692,297.1767883300781,297.1499938964844,293.1499938964844,0.0,-0.0,286.94952392578125,0.762323260307312,0.2823399305343628,1.2840031385421753,286.94927978515625,286.5867919921875,292.8299865722656,287.51934814453125,292.8296813964844,297.1861877441406,286.9486694335937,1.0,0.6411331295967102,1.0,1.0,0.0,1.0,-3.4312984943389893,3.4312891960144043,9.473576938034968e-06,2.653048753738404,0.6615887880325317,0.6615887880325317,0.0,177.981689453125,185.0,20448.33203125,-0.0,3353.563232421875,1.0,283.1499938964844,286.2915954589844,290.53717041015625,291.9250793457031,293.1499938964844,293.1499938964844,283.1499938964844,17489.603515625,18000.0,313.1499938964844,0.0,18000.0,1.0,0.0,0.0,0.0,1.0,0.6780667304992676,1.0,0.0,0.0,1.557498574256897,1.5575048923492432,1.6186342577384496e-07,4.265924453735352,4.265914440155029,9.78592834144365e-06,0.0,0.0,-0.0,4196.95068359375,0.0,154.03277587890625,1895.4371337890625,0.0,1442.1466064453125,0.419126808643341,1.0,0.0,3.0,1.0,0.0
12320880,297.1519470214844,297.1499938964844,293.1499938964844,0.0,-0.0,286.9493713378906,0.8535663485527039,0.4005371034145355,0.3627234697341919,297.2047119140625,297.1499938964844,293.1499938964844,0.0,-0.0,286.94927978515625,0.9221404194831848,0.5024304389953613,0.4774556756019592,297.2092590332031,297.1499938964844,293.1499938964844,0.0,-0.0,286.9493103027344,0.9001253843307495,0.4701104462146759,0.3302441835403442,297.2198181152344,297.1499938964844,293.1499938964844,0.0,-0.0,286.9493408203125,0.8686524629592896,0.4229220449924469,0.4027884602546692,297.1767883300781,297.1499938964844,293.1499938964844,0.0,-0.0,286.94952392578125,0.762323260307312,0.2823399305343628,1.2840031385421753,286.94927978515625,286.5867919921875,292.8299865722656,287.51934814453125,292.8296813964844,297.1861877441406,286.9486694335937,1.0,0.6411331295967102,1.0,1.0,0.0,1.0,-3.4312984943389893,3.4312891960144043,9.473576938034968e-06,2.653048753738404,0.6615887880325317,0.6615887880325317,0.0,177.981689453125,185.0,20448.33203125,-0.0,3353.563232421875,1.0,283.1499938964844,286.2915954589844,290.53717041015625,291.9250793457031,293.1499938964844,293.1499938964844,283.1499938964844,17489.603515625,18000.0,313.1499938964844,0.0,18000.0,1.0,0.0,0.0,0.0,1.0,0.6780667304992676,1.0,0.0,0.0,1.557498574256897,1.5575048923492432,1.6186342577384496e-07,4.265924453735352,4.265914440155029,9.78592834144365e-06,0.0,0.0,-0.0,4196.95068359375,0.0,154.03277587890625,1895.4371337890625,0.0,1442.1466064453125,0.419126808643341,1.0,0.0,3.0,1.0,0.0
12320940,297.1476745605469,297.1499938964844,293.1499938964844,0.0,-0.0,286.93145751953125,0.8492444753646851,0.4001288115978241,0.3624842762947082,297.1996459960937,297.1499938964844,293.1499938964844,0.0,-0.0,286.931396484375,0.917022466659546,0.5026092529296875,0.4777580499649048,297.20440673828125,297.1499938964844,293.1499938964844,0.0,-0.0,286.9314270019531,0.8957410454750061,0.4703680574893951,0.3305216133594513,297.21533203125,297.1499938964844,293.1499938964844,0.0,-0.0,286.93145751953125,0.8646855354309082,0.4233530759811401,0.4033263623714447,297.1735534667969,297.1499938964844,293.1499938964844,0.0,-0.0,286.9316101074219,0.7586838603019714,0.2823518514633178,1.2846678495407104,286.931396484375,286.56201171875,292.8500061035156,287.4896850585937,292.8497009277344,297.1822814941406,286.9307556152344,1.0,0.6430296897888184,1.0,1.0,0.0,1.0,-3.433155059814453,3.433145761489868,9.483483154326676e-06,2.6543540954589844,0.6665616035461426,0.6665616035461426,0.0,181.110092163086,188.0,20590.90625,-0.0,3376.2314453125,1.0,283.1499938964844,286.27001953125,290.5069885253906,291.90301513671875,293.1499938964844,293.1499938964844,283.1499938964844,17474.666015625,18000.0,313.1499938964844,0.0,18000.0,1.0,0.0,0.0,0.0,1.0,0.6815305352210999,1.0,0.0,0.0,1.5792251825332642,1.5792316198349,1.664108140175813e-07,4.265924453735352,4.265914440155029,9.78592834144365e-06,0.0,0.0,-0.0,4195.787109375,0.0,158.9302978515625,1895.4371337890625,0.0,1468.15576171875,0.423485666513443,1.0,0.0,3.0,1.0,0.0
12321000,297.1476745605469,297.1499938964844,293.1499938964844,0.0,-0.0,286.93145751953125,0.8492444753646851,0.4001288115978241,0.3624842762947082,297.1996459960937,297.1499938964844,293.1499938964844,0.0,-0.0,286.931396484375,0.917022466659546,0.5026092529296875,0.4777580499649048,297.20440673828125,297.1499938964844,293.1499938964844,0.0,-0.0,286.9314270019531,0.8957410454750061,0.4703680574893951,0.3305216133594513,297.21533203125,297.1499938964844,293.1499938964844,0.0,-0.0,286.93145751953125,0.8646855354309082,0.4233530759811401,0.4033263623714447,297.1735534667969,297.1499938964844,293.1499938964844,0.0,-0.0,286.9316101074219,0.7586838603019714,0.2823518514633178,1.2846678495407104,286.931396484375,286.56201171875,292.8500061035156,287.4896850585937,292.8497009277344,297.1822814941406,286.9307556152344,1.0,0.6430296897888184,1.0,1.0,0.0,1.0,-3.433155059814453,3.433145761489868,9.483483154326676e-06,2.6543540954589844,0.6665616035461426,0.6665616035461426,0.0,181.110092163086,188.0,20590.90625,-0.0,3376.2314453125,1.0,283.1499938964844,286.27001953125,290.5069885253906,291.90301513671875,293.1499938964844,293.1499938964844,283.1499938964844,17474.666015625,18000.0,313.1499938964844,0.0,18000.0,1.0,0.0,0.0,0.0,1.0,0.6815305352210999,1.0,0.0,0.0,1.5792251825332642,1.5792316198349,1.664108140175813e-07,4.265924453735352,4.265914440155029,9.78592834144365e-06,0.0,0.0,-0.0,4195.787109375,0.0,158.9302978515625,1895.4371337890625,0.0,1468.15576171875,0.423485666513443,1.0,0.0,3.0,1.0,0.0
12321060,297.1434936523437,297.1499938964844,293.1499938964844,0.0,-0.0,286.9131164550781,0.8450562953948975,0.3996742963790893,0.3622037470340729,297.19464111328125,297.1499938964844,293.1499938964844,0.0,-0.0,286.9130554199219,0.9121091961860656,0.5027282238006592,0.4780045449733734,297.1995849609375,297.1499938964844,293.1499938964844,0.0,-0.0,286.9130554199219,0.891459047794342,0.4705695509910583,0.3307602703571319,297.2109069824219,297.1499938964844,293.1499938964844,0.0,-0.0,286.9130859375,0.8608365058898926,0.4237312078475952,0.4038148522377014,297.1703796386719,297.1499938964844,293.1499938964844,0.0,-0.0,286.91326904296875,0.7551561594009399,0.282328724861145,1.28517746925354,286.9130249023437,286.5372009277344,292.8699951171875,287.4599914550781,292.86968994140625,297.1784362792969,286.9123840332031,1.0,0.6448659300804138,1.0,1.0,0.0,1.0,-3.4346017837524414,3.4345922470092773,9.491102900938133e-06,2.655332326889038,0.6716174483299255,0.6716174483299255,0.0,184.23355102539065,191.0,20732.68359375,-0.0,3397.932861328125,1.0,283.1499938964844,286.2479858398437,290.4767150878906,291.880615234375,293.1499938964844,293.1499938964844,283.1499938964844,17460.46484375,18000.0,313.1499938964844,0.0,18000.0,1.0,0.0,0.0,0.0,1.0,0.6848770380020142,1.0,0.0,0.0,1.6014312505722046,1.6014376878738403,1.711236308210573e-07,4.265924453735352,4.265914440155029,9.78592834144365e-06,0.0,0.0,-0.0,4194.55810546875,0.0,164.05810546875,1895.4371337890625,0.0,1493.5106201171875,0.4279642701148987,1.0,0.0,3.0,1.0,0.0
12321120,297.1434936523437,297.1499938964844,293.1499938964844,0.0,-0.0,286.9131164550781,0.8450562953948975,0.3996742963790893,0.3622037470340729,297.19464111328125,297.1499938964844,293.1499938964844,0.0,-0.0,286.9130554199219,0.9121091961860656,0.5027282238006592,0.4780045449733734,297.1995849609375,297.1499938964844,293.1499938964844,0.0,-0.0,286.9130554199219,0.891459047794342,0.4705695509910583,0.3307602703571319,297.2109069824219,297.1499938964844,293.1499938964844,0.0,-0.0,286.9130859375,0.8608365058898926,0.4237312078475952,0.4038148522377014,297.1703796386719,297.1499938964844,293.1499938964844,0.0,-0.0,286.91326904296875,0.7551561594009399,0.282328724861145,1.28517746925354,286.9130249023437,286.5372009277344,292.8699951171875,287.4599914550781,292.86968994140625,297.1784362792969,286.9123840332031,1.0,0.6448659300804138,1.0,1.0,0.0,1.0,-3.4346017837524414,3.4345922470092773,9.491102900938133e-06,2.655332326889038,0.6716174483299255,0.6716174483299255,0.0,184.23355102539065,191.0,20732.68359375,-0.0,3397.932861328125,1.0,283.1499938964844,286.2479858398437,290.4767150878906,291.880615234375,293.1499938964844,293.1499938964844,283.1499938964844,17460.46484375,18000.0,313.1499938964844,0.0,18000.0,1.0,0.0,0.0,0.0,1.0,0.6848770380020142,1.0,0.0,0.0,1.6014312505722046,1.6014376878738403,1.711236308210573e-07,4.265924453735352,4.265914440155029,9.78592834144365e-06,0.0,0.0,-0.0,4194.55810546875,0.0,164.05810546875,1895.4371337890625,0.0,1493.5106201171875,0.4279642701148987,1.0,0.0,3.0,1.0,0.0
12321180,297.1394348144531,297.1499938964844,293.1499938964844,0.0,-0.0,286.8943786621094,0.8409962058067322,0.3991804122924804,0.3618869185447693,297.1896667480469,297.1499938964844,293.1499938964844,0.0,-0.0,286.8943176269531,0.9074411392211914,0.5027898550033569,0.4781973659992218,297.1948547363281,297.1499938964844,293.1499938964844,0.0,-0.0,286.8943176269531,0.8872801661491394,0.4707174897193908,0.3309618532657623,297.20654296875,297.1499938964844,293.1499938964844,0.0,-0.0,286.89434814453125,0.8571022152900696,0.4240583777427673,0.4042556583881378,297.16729736328125,297.1499938964844,293.1499938964844,0.0,-0.0,286.89453125,0.7517367601394653,0.2822721898555755,1.285538673400879,286.894287109375,286.51239013671875,292.8900146484375,287.4307861328125,292.8896789550781,297.1745910644531,286.89361572265625,1.0,0.6466447114944458,1.0,1.0,0.0,1.0,-3.435660123825073,3.435650587081909,9.496553502685856e-06,2.656001806259156,0.6767511963844299,0.6767511963844299,0.0,187.35157775878903,194.0,20873.490234375,-0.0,3418.7060546875,1.0,283.1499938964844,286.2255249023437,290.44683837890625,291.8584899902344,293.1499938964844,293.1499938964844,283.1499938964844,17446.923828125,18000.0,313.1499938964844,0.0,18000.0,1.0,0.0,0.0,0.0,1.0,0.6880917549133301,1.0,0.0,0.0,1.6240838766098022,1.624090552330017,1.759990624350394e-07,4.265924453735352,4.265914440155029,9.78592834144365e-06,0.0,0.0,-0.0,4193.39697265625,0.0,169.41778564453125,1895.4371337890625,0.0,1518.072509765625,0.43255615234375,1.0,0.0,3.0,1.0,0.0
12321240,297.1394348144531,297.1499938964844,293.1499938964844,0.0,-0.0,286.8943786621094,0.8409962058067322,0.3991804122924804,0.3618869185447693,297.1896667480469,297.1499938964844,293.1499938964844,0.0,-0.0,286.8943176269531,0.9074411392211914,0.5027898550033569,0.4781973659992218,297.1948547363281,297.1499938964844,293.1499938964844,0.0,-0.0,286.8943176269531,0.8872801661491394,0.4707174897193908,0.3309618532657623,297.20654296875,297.1499938964844,293.1499938964844,0.0,-0.0,286.89434814453125,0.8571022152900696,0.4240583777427673,0.4042556583881378,297.16729736328125,297.1499938964844,293.1499938964844,0.0,-0.0,286.89453125,0.7517367601394653,0.2822721898555755,1.285538673400879,286.894287109375,286.51239013671875,292.8900146484375,287.4307861328125,292.8896789550781,297.1745910644531,286.89361572265625,1.0,0.6466447114944458,1.0,1.0,0.0,1.0,-3.435660123825073,3.435650587081909,9.496553502685856e-06,2.656001806259156,0.6767511963844299,0.6767511963844299,0.0,187.35157775878903,194.0,20873.490234375,-0.0,3418.7060546875,1.0,283.1499938964844,286.2255249023437,290.44683837890625,291.8584899902344,293.1499938964844,293.1499938964844,283.1499938964844,17446.923828125,18000.0,313.1499938964844,0.0,18000.0,1.0,0.0,0.0,0.0,1.0,0.6880917549133301,1.0,0.0,0.0,1.6240838766098022,1.624090552330017,1.759990624350394e-07,4.265924453735352,4.265914440155029,9.78592834144365e-06,0.0,0.0,-0.0,4193.39697265625,0.0,169.41778564453125,1895.4371337890625,0.0,1518.072509765625,0.43255615234375,1.0,0.0,3.0,1.0,0.0
12321300,297.1374816894531,297.1499938964844,293.1499938964844,0.0,-0.0,286.8848876953125,0.8390112519264221,0.3989188075065613,0.3617157340049743,297.1872253417969,297.1499938964844,293.1499938964844,0.0,-0.0,286.8847961425781,0.9052115082740784,0.5027990937232971,0.4782735705375671,297.1925354003906,297.1499938964844,293.1499938964844,0.0,-0.0,286.88482666015625,0.8852286338806152,0.470771461725235,0.3310487568378448,297.2043762207031,297.1499938964844,293.1499938964844,0.0,-0.0,286.8848571777344,0.8552762866020203,0.4242027401924133,0.4044580459594726,297.165771484375,297.1499938964844,293.1499938964844,0.0,-0.0,286.8850402832031,0.7500657439231873,0.2822314798831939,1.2856639623641968,286.8847961425781,286.5,292.8999938964844,287.4165344238281,292.8996887207031,297.1726989746094,286.8841247558594,1.0,0.6475127935409546,1.0,1.0,0.0,1.0,-3.436044454574585,3.436034917831421,9.4984734460013e-06,2.656221866607666,0.6793469786643982,0.6793469786643982,0.0,188.90841674804688,194.0,20943.494140625,-0.0,3428.743896484375,1.0,283.1499938964844,286.21417236328125,290.4322509765625,291.84765625,293.1499938964844,293.1499938964844,283.1499938964844,17440.421875,18000.0,313.1499938964844,0.0,18000.0,1.0,0.0,0.0,0.0,1.0,0.6896446943283081,1.0,0.0,0.0,1.6355750560760498,1.6355817317962646,1.78498424929785e-07,4.265924453735352,4.265914440155029,9.78592834144365e-06,0.0,0.0,-0.0,4192.8876953125,0.0,172.18695068359375,1895.4371337890625,0.0,1530.0089111328125,0.4348942041397095,1.0,0.0,3.0,1.0,0.0
12321360,297.1355285644531,297.1499938964844,293.1499938964844,0.0,-0.0,286.87530517578125,0.8370542526245117,0.3986476063728332,0.3615361750125885,297.1847839355469,297.1499938964844,293.1499938964844,0.0,-0.0,286.875244140625,0.9030588865280152,0.5027949213981628,0.4783372282981872,297.1902160644531,297.1499938964844,293.1499938964844,0.0,-0.0,286.875244140625,0.8832025527954102,0.4708130061626434,0.3311271071434021,297.20220947265625,297.1499938964844,293.1499938964844,0.0,-0.0,286.87530517578125,0.8534771800041199,0.4243350923061371,0.4046492576599121,297.16424560546875,297.1499938964844,293.1499938964844,0.0,-0.0,286.87548828125,0.7484198212623596,0.2821830511093139,1.2857550382614136,286.875244140625,286.48760986328125,292.9100036621094,287.402587890625,292.9096984863281,297.1708374023437,286.8745422363281,1.0,0.6483676433563232,1.0,1.0,0.0,1.0,-3.4363389015197754,3.436329364776612,9.49989043874666e-06,2.6563708782196045,0.6819605231285095,0.6819605231285095,0.0,190.4640655517578,197.0,21013.19140625,-0.0,3438.564697265625,1.0,283.1499938964844,286.2027587890625,290.41796875,291.83709716796875,293.1499938964844,293.1499938964844,283.1499938964844,17434.056640625,18000.0,313.1499938964844,0.0,18000.0,1.0,0.0,0.0,0.0,1.0,0.6911598443984985,1.0,0.0,0.0,1.6471660137176514,1.6471726894378662,1.810373362332029e-07,4.265924453735352,4.265914440155029,9.78592834144365e-06,0.0,0.0,-0.0,4192.443359375,0.0,175.0146026611328,1895.4371337890625,0.0,1541.6986083984375,0.4372581839561462,1.0,0.0,3.0,1.0,0.0
12321420,297.1317138671875,297.1499938964844,293.1499938964844,0.0,-0.0,286.8559875488281,0.8332169055938721,0.3980762958526611,0.3611516058444977,297.1799621582031,297.1499938964844,293.1499938964844,0.0,-0.0,286.8559265136719,0.8988926410675049,0.5027470588684082,0.4784275889396667,297.1856689453125,297.1499938964844,293.1499938964844,0.0,-0.0,286.8559265136719,0.8792256116867065,0.4708597660064697,0.331258624792099,297.1979675292969,297.1499938964844,293.1499938964844,0.0,-0.0,286.85595703125,0.8499565720558167,0.4245644509792328,0.4049985110759735,297.16131591796875,297.1499938964844,293.1499938964844,0.0,-0.0,286.8561706542969,0.7452001571655273,0.2820636034011841,1.2858370542526243,286.8558959960937,286.4627990722656,292.92999267578125,287.3760070800781,292.9296875,297.1672058105469,286.855224609375,1.0,0.6500387191772461,1.0,1.0,0.0,1.0,-3.436662197113037,3.436652660369873,9.501246495347004e-06,2.6564598083496094,0.6872400045394897,0.6872400045394897,0.0,193.5719757080078,200.0,21151.615234375,-0.0,3457.562744140625,1.0,283.1499938964844,286.1796875,290.3905639648437,291.8170166015625,293.1499938964844,293.1499938964844,283.1499938964844,17421.732421875,18000.0,313.1499938964844,0.0,18000.0,1.0,0.0,0.0,0.0,1.0,0.694068193435669,1.0,0.0,0.0,1.6706377267837524,1.6706445217132568,1.862335778923807e-07,4.265924453735352,4.265914440155029,9.78592834144365e-06,0.0,0.0,-0.0,4191.8251953125,0.0,180.8475952148437,1895.4371337890625,0.0,1564.2581787109375,0.442062109708786,1.0,0.0,3.0,1.0,0.0
12321480,297.1317138671875,297.1499938964844,293.1499938964844,0.0,-0.0,286.8559875488281,0.8332169055938721,0.3980762958526611,0.3611516058444977,297.1799621582031,297.1499938964844,293.1499938964844,0.0,-0.0,286.8559265136719,0.8988926410675049,0.5027470588684082,0.4784275889396667,297.1856689453125,297.1499938964844,293.1499938964844,0.0,-0.0,286.8559265136719,0.8792256116867065,0.4708597660064697,0.331258624792099,297.1979675292969,297.1499938964844,293.1499938964844,0.0,-0.0,286.85595703125,0.8499565720558167,0.4245644509792328,0.4049985110759735,297.16131591796875,297.1499938964844,293.1499938964844,0.0,-0.0,286.8561706542969,0.7452001571655273,0.2820636034011841,1.2858370542526243,286.8558959960937,286.4627990722656,292.92999267578125,287.3760070800781,292.9296875,297.1672058105469,286.855224609375,1.0,0.6500387191772461,1.0,1.0,0.0,1.0,-3.436662197113037,3.436652660369873,9.501246495347004e-06,2.6564598083496094,0.6872400045394897,0.6872400045394897,0.0,193.5719757080078,200.0,21151.615234375,-0.0,3457.562744140625,1.0,283.1499938964844,286.1796875,290.3905639648437,291.8170166015625,293.1499938964844,293.1499938964844,283.1499938964844,17421.732421875,18000.0,313.1499938964844,0.0,18000.0,1.0,0.0,0.0,0.0,1.0,0.694068193435669,1.0,0.0,0.0,1.6706377267837524,1.6706445217132568,1.862335778923807e-07,4.265924453735352,4.265914440155029,9.78592834144365e-06,0.0,0.0,-0.0,4191.8251953125,0.0,180.8475952148437,1895.4371337890625,0.0,1564.2581787109375,0.442062109708786,1.0,0.0,3.0,1.0,0.0
12321540,297.12799072265625,297.1499938964844,293.1499938964844,0.0,-0.0,286.8364562988281,0.8294703960418701,0.397467166185379,0.3607335090637207,297.1752624511719,297.1499938964844,293.1499938964844,0.0,-0.0,286.8363952636719,0.8948118090629578,0.5026478171348572,0.4784697890281677,297.18121337890625,297.1499938964844,293.1499938964844,0.0,-0.0,286.8363952636719,0.8753478527069092,0.4708595275878906,0.3313575685024261,297.1937866210937,297.1499938964844,293.1499938964844,0.0,-0.0,286.83642578125,0.8465349078178406,0.4247476458549499,0.4053045809268951,297.158447265625,297.1499938964844,293.1499938964844,0.0,-0.0,286.8366394042969,0.742071270942688,0.2819149792194366,1.2857894897460938,286.8363647460937,286.43798828125,292.95001220703125,287.3515319824219,292.9496765136719,297.1637268066406,286.8356628417969,1.0,0.6516597270965576,1.0,1.0,0.0,1.0,-3.4366400241851807,3.4366304874420166,9.50068533711601e-06,2.656278610229492,0.6925879120826721,0.6925879120826721,0.0,196.67535400390625,203.0,21288.6484375,-0.0,3475.718994140625,1.0,283.1499938964844,286.1564025878906,290.3651733398437,291.7987670898437,293.1499938964844,293.1499938964844,283.1499938964844,17409.953125,18000.0,313.1499938964844,0.0,18000.0,1.0,0.0,0.0,0.0,1.0,0.6967999339103699,1.0,0.0,0.0,1.6944812536239624,1.6944881677627563,1.9158740371949534e-07,4.265924453735352,4.265914440155029,9.78592834144365e-06,0.0,0.0,-0.0,4191.6845703125,0.0,186.9212951660156,1895.4371337890625,0.0,1585.5908203125,0.4469643235206604,1.0,0.0,3.0,1.0,0.0
12321600,297.12799072265625,297.1499938964844,293.1499938964844,0.0,-0.0,286.8364562988281,0.8294703960418701,0.397467166185379,0.3607335090637207,297.1752624511719,297.1499938964844,293.1499938964844,0.0,-0.0,286.8363952636719,0.8948118090629578,0.5026478171348572,0.4784697890281677,297.18121337890625,297.1499938964844,293.1499938964844,0.0,-0.0,286.8363952636719,0.8753478527069092,0.4708595275878906,0.3313575685024261,297.1937866210937,297.1499938964844,293.1499938964844,0.0,-0.0,286.83642578125,0.8465349078178406,0.4247476458549499,0.4053045809268951,297.158447265625,297.1499938964844,293.1499938964844,0.0,-0.0,286.8366394042969,0.742071270942688,0.2819149792194366,1.2857894897460938,286.8363647460937,286.43798828125,292.95001220703125,287.3515319824219,292.9496765136719,297.1637268066406,286.8356628417969,1.0,0.6516597270965576,1.0,1.0,0.0,1.0,-3.4366400241851807,3.4366304874420166,9.50068533711601e-06,2.656278610229492,0.6925879120826721,0.6925879120826721,0.0,196.67535400390625,203.0,21288.6484375,-0.0,3475.718994140625,1.0,283.1499938964844,286.1564025878906,290.3651733398437,291.7987670898437,293.1499938964844,293.1499938964844,283.1499938964844,17409.953125,18000.0,313.1499938964844,0.0,18000.0,1.0,0.0,0.0,0.0,1.0,0.6967999339103699,1.0,0.0,0.0,1.6944812536239624,1.6944881677627563,1.9158740371949534e-07,4.265924453735352,4.265914440155029,9.78592834144365e-06,0.0,0.0,-0.0,4191.6845703125,0.0,186.9212951660156,1895.4371337890625,0.0,1585.5908203125,0.4469643235206604,1.0,0.0,3.0,1.0,0.0
12321660,297.1243896484375,297.1499938964844,293.1499938964844,0.0,-0.0,286.8167724609375,0.8257998824119568,0.3968213498592376,0.3602827489376068,297.1706237792969,297.1499938964844,293.1499938964844,0.0,-0.0,286.8166809082031,0.8908156156539917,0.5024986267089844,0.4784652292728424,297.1768798828125,297.1499938964844,293.1499938964844,0.0,-0.0,286.81671142578125,0.8715676069259644,0.470813900232315,0.3314251005649566,297.1896667480469,297.1499938964844,293.1499938964844,0.0,-0.0,286.8167419433594,0.8432061672210693,0.4248857796192169,0.4055685400962829,297.1556396484375,297.1499938964844,293.1499938964844,0.0,-0.0,286.8169250488281,0.7390263080596924,0.2817382216453552,1.2856168746948242,286.8166809082031,286.4132080078125,292.9700012207031,287.3297119140625,292.9696960449219,297.16033935546875,286.81597900390625,1.0,0.6532323956489563,1.0,1.0,0.0,1.0,-3.4362833499908447,3.4362738132476807,9.49827426666161e-06,2.6558384895324707,0.6980027556419373,0.6980027556419373,0.0,199.7741851806641,206.0,21424.1875,-0.0,3493.05419921875,1.0,283.1499938964844,286.1329345703125,290.3424377441406,291.7829284667969,293.1499938964844,293.1499938964844,283.1499938964844,17398.708984375,18000.0,313.1499938964844,0.0,18000.0,1.0,0.0,0.0,0.0,1.0,0.6993416547775269,1.0,0.0,0.0,1.71867835521698,1.7186853885650637,1.9709818843693938e-07,4.265924453735352,4.265914440155029,9.78592834144365e-06,0.0,0.0,-0.0,4192.16796875,0.0,193.239990234375,1895.4371337890625,0.0,1605.5615234375,0.4519611299037933,1.0,0.0,3.0,1.0,0.0
12321720,297.1243896484375,297.1499938964844,293.1499938964844,0.0,-0.0,286.8167724609375,0.8257998824119568,0.3968213498592376,0.3602827489376068,297.1706237792969,297.1499938964844,293.1499938964844,0.0,-0.0,286.8166809082031,0.8908156156539917,0.5024986267089844,0.4784652292728424,297.1768798828125,297.1499938964844,293.1499938964844,0.0,-0.0,286.81671142578125,0.8715676069259644,0.470813900232315,0.3314251005649566,297.1896667480469,297.1499938964844,293.1499938964844,0.0,-0.0,286.8167419433594,0.8432061672210693,0.4248857796192169,0.4055685400962829,297.1556396484375,297.1499938964844,293.1499938964844,0.0,-0.0,286.8169250488281,0.7390263080596924,0.2817382216453552,1.2856168746948242,286.8166809082031,286.4132080078125,292.9700012207031,287.3297119140625,292.9696960449219,297.16033935546875,286.81597900390625,1.0,0.6532323956489563,1.0,1.0,0.0,1.0,-3.4362833499908447,3.4362738132476807,9.49827426666161e-06,2.6558384895324707,0.6980027556419373,0.6980027556419373,0.0,199.7741851806641,206.0,21424.1875,-0.0,3493.05419921875,1.0,283.1499938964844,286.1329345703125,290.3424377441406,291.7829284667969,293.1499938964844,293.1499938964844,283.1499938964844,17398.708984375,18000.0,313.1499938964844,0.0,18000.0,1.0,0.0,0.0,0.0,1.0,0.6993416547775269,1.0,0.0,0.0,1.71867835521698,1.7186853885650637,1.9709818843693938e-07,4.265924453735352,4.265914440155029,9.78592834144365e-06,0.0,0.0,-0.0,4192.16796875,0.0,193.239990234375,1895.4371337890625,0.0,1605.5615234375,0.4519611299037933,1.0,0.0,3.0,1.0,0.0
12321780,297.1208801269531,297.1499938964844,293.1499938964844,0.0,-0.0,286.79693603515625,0.8221895694732666,0.3961405456066131,0.3598008453845978,297.1661071777344,297.1499938964844,293.1499938964844,0.0,-0.0,286.796875,0.8869040608406067,0.5023014545440674,0.4784157574176788,297.1726379394531,297.1499938964844,293.1499938964844,0.0,-0.0,286.796875,0.867883563041687,0.4707251191139221,0.3314626812934875,297.1856384277344,297.1499938964844,293.1499938964844,0.0,-0.0,286.79693603515625,0.839963436126709,0.4249773621559143,0.4057899415493011,297.1529541015625,297.1499938964844,293.1499938964844,0.0,-0.0,286.797119140625,0.7360585331916809,0.2815354466438293,1.285327434539795,286.7968444824219,286.3883972167969,292.989990234375,287.3111572265625,292.9896850585937,297.1571350097656,286.796142578125,1.0,0.6547591686248779,1.0,1.0,0.0,1.0,-3.435607671737671,3.435598373413086,9.494104233453982e-06,2.655153274536133,0.7034830451011658,0.7034830451011658,0.0,202.8685760498047,209.0,21558.13671875,-0.0,3509.60009765625,1.0,283.1499938964844,286.1093444824219,290.3228454589844,291.77008056640625,293.1499938964844,293.1499938964844,283.1499938964844,17387.96484375,18000.0,313.1499938964844,0.0,18000.0,1.0,0.0,0.0,0.0,1.0,0.7016788125038147,1.0,0.0,0.0,1.7432074546813965,1.7432146072387695,2.0276432621813e-07,4.265924453735352,4.265914440155029,9.78592834144365e-06,0.0,0.0,-0.0,4193.4140625,0.0,199.80674743652344,1895.4371337890625,0.0,1624.0269775390625,0.4570479393005371,1.0,0.0,3.0,1.0,0.0
12321840,297.1208801269531,297.1499938964844,293.1499938964844,0.0,-0.0,286.79693603515625,0.8221895694732666,0.3961405456066131,0.3598008453845978,297.1661071777344,297.1499938964844,293.1499938964844,0.0,-0.0,286.796875,0.8869040608406067,0.5023014545440674,0.4784157574176788,297.1726379394531,297.1499938964844,293.1499938964844,0.0,-0.0,286.796875,0.867883563041687,0.4707251191139221,0.3314626812934875,297.1856384277344,297.1499938964844,293.1499938964844,0.0,-0.0,286.79693603515625,0.839963436126709,0.4249773621559143,0.4057899415493011,297.1529541015625,297.1499938964844,293.1499938964844,0.0,-0.0,286.797119140625,0.7360585331916809,0.2815354466438293,1.285327434539795,286.7968444824219,286.3883972167969,292.989990234375,287.3111572265625,292.9896850585937,297.1571350097656,286.796142578125,1.0,0.6547591686248779,1.0,1.0,0.0,1.0,-3.435607671737671,3.435598373413086,9.494104233453982e-06,2.655153274536133,0.7034830451011658,0.7034830451011658,0.0,202.8685760498047,209.0,21558.13671875,-0.0,3509.60009765625,1.0,283.1499938964844,286.1093444824219,290.3228454589844,291.77008056640625,293.1499938964844,293.1499938964844,283.1499938964844,17387.96484375,18000.0,313.1499938964844,0.0,18000.0,1.0,0.0,0.0,0.0,1.0,0.7016788125038147,1.0,0.0,0.0,1.7432074546813965,1.7432146072387695,2.0276432621813e-07,4.265924453735352,4.265914440155029,9.78592834144365e-06,0.0,0.0,-0.0,4193.4140625,0.0,199.80674743652344,1895.4371337890625,0.0,1624.0269775390625,0.4570479393005371,1.0,0.0,3.0,1.0,0.0
12321900,297.119140625,297.1499938964844,293.1499938964844,0.0,-0.0,286.7870178222656,0.8204014897346497,0.3957873284816742,0.3595484495162964,297.1639099121094,297.1499938964844,293.1499938964844,0.0,-0.0,286.78692626953125,0.884979784488678,0.5021852254867554,0.4783744215965271,297.1705627441406,297.1499938964844,293.1499938964844,0.0,-0.0,286.78692626953125,0.8660769462585449,0.4706648886203766,0.3314704596996307,297.1836242675781,297.1499938964844,293.1499938964844,0.0,-0.0,286.7869873046875,0.8383713364601135,0.4250050187110901,0.405883640050888,297.1516418457031,297.1499938964844,293.1499938964844,0.0,-0.0,286.78717041015625,0.7346012592315674,0.2814247906208038,1.2851413488388062,286.78692626953125,286.3760070800781,293.0,287.3032531738281,292.99969482421875,297.1555480957031,286.78619384765625,1.0,0.6555057168006897,1.0,1.0,0.0,1.0,-3.435152769088745,3.435143232345581,9.49137483985396e-06,2.654721736907959,0.706247866153717,0.706247866153717,0.0,204.4140625,209.0,21624.4921875,-0.0,3517.581298828125,1.0,283.1499938964844,286.0975036621094,290.3144226074219,291.76495361328125,293.1499938964844,293.1499938964844,283.1499938964844,17382.78515625,18000.0,313.1499938964844,0.0,18000.0,1.0,0.0,0.0,0.0,1.0,0.7027671337127686,1.0,0.0,0.0,1.755592942237854,1.755600094795227,2.056558372487416e-07,4.265924453735352,4.265914440155029,9.78592834144365e-06,0.0,0.0,-0.0,4194.37451171875,0.0,203.1849670410156,1895.4371337890625,0.0,1632.6590576171875,0.4596243500709533,1.0,0.0,3.0,1.0,0.0
12321960,297.1174621582031,297.1499938964844,293.1499938964844,0.0,-0.0,286.77703857421875,0.8186218738555908,0.3954259753227234,0.3592888414859772,297.1617126464844,297.1499938964844,293.1499938964844,0.0,-0.0,286.7769470214844,0.8830766081809998,0.502057671546936,0.4783225059509277,297.1685485839844,297.1499938964844,293.1499938964844,0.0,-0.0,286.7769775390625,0.8642936944961548,0.4705946147441864,0.33147132396698,297.181640625,297.1499938964844,293.1499938964844,0.0,-0.0,286.7770080566406,0.8367980718612671,0.4250215888023376,0.4059667885303497,297.1503295898437,297.1499938964844,293.1499938964844,0.0,-0.0,286.7772216796875,0.7331604361534119,0.2813081443309784,1.2849289178848269,286.7769470214844,286.36358642578125,293.010009765625,287.2963562011719,293.0096740722656,297.1540222167969,286.7762451171875,1.0,0.6562416553497314,1.0,1.0,0.0,1.0,-3.43462347984314,3.434613943099976,9.488240721111652e-06,2.6542341709136963,0.7090286612510681,0.7090286612510681,0.0,205.95846557617188,212.0,21690.419921875,-0.0,3525.377197265625,1.0,283.1499938964844,286.08563232421875,290.3069763183594,291.7607421875,293.1499938964844,293.1499938964844,283.1499938964844,17377.720703125,18000.0,313.1499938964844,0.0,18000.0,1.0,0.0,0.0,0.0,1.0,0.7037992477416992,1.0,0.0,0.0,1.7680538892745972,1.7680610418319702,2.08585632321956e-07,4.265924453735352,4.265914440155029,9.78592834144365e-06,0.0,0.0,-0.0,4195.57666015625,0.0,206.6264190673828,1895.4371337890625,0.0,1640.8642578125,0.4622216522693634,1.0,0.0,3.0,1.0,0.0
12322020,297.1141662597656,297.1499938964844,293.1499938964844,0.0,-0.0,286.7571105957031,0.81507807970047,0.394679844379425,0.3587486743927002,297.15740966796875,297.1499938964844,293.1499938964844,0.0,-0.0,286.75701904296875,0.87933349609375,0.5017699003219604,0.478188008069992,297.16455078125,297.1499938964844,293.1499938964844,0.0,-0.0,286.7570495605469,0.8607966303825378,0.4704250991344452,0.3314529061317444,297.1777038574219,297.1499938964844,293.1499938964844,0.0,-0.0,286.757080078125,0.833705484867096,0.42502361536026,0.4061034619808197,297.1478271484375,297.1499938964844,293.1499938964844,0.0,-0.0,286.7572631835937,0.7303236722946167,0.2810574769973755,1.2844269275665283,286.75701904296875,286.3388061523437,293.0299987792969,287.2859191894531,293.0296936035156,297.1510925292969,286.7562866210937,1.0,0.6576829552650452,1.0,1.0,0.0,1.0,-3.4333505630493164,3.4333410263061523,9.480804692429956e-06,2.6530990600585938,0.7146379351615906,0.7146379351615906,0.0,209.0441436767578,215.0,21820.966796875,-0.0,3540.430908203125,1.0,283.1499938964844,286.0618896484375,290.2953491210937,291.7554626464844,293.1499938964844,293.1499938964844,283.1499938964844,17367.916015625,18000.0,313.1499938964844,0.0,18000.0,1.0,0.0,0.0,0.0,1.0,0.7056849598884583,1.0,0.0,0.0,1.79319167137146,1.793199062347412,2.1455905141465337e-07,4.265924453735352,4.265914440155029,9.78592834144365e-06,0.0,0.0,-0.0,4198.7841796875,0.0,213.70030212402344,1895.4371337890625,0.0,1655.9034423828125,0.4674765467643738,1.0,0.0,3.0,1.0,0.0
12322080,297.1141662597656,297.1499938964844,293.1499938964844,0.0,-0.0,286.7571105957031,0.81507807970047,0.394679844379425,0.3587486743927002,297.15740966796875,297.1499938964844,293.1499938964844,0.0,-0.0,286.75701904296875,0.87933349609375,0.5017699003219604,0.478188008069992,297.16455078125,297.1499938964844,293.1499938964844,0.0,-0.0,286.7570495605469,0.8607966303825378,0.4704250991344452,0.3314529061317444,297.1777038574219,297.1499938964844,293.1499938964844,0.0,-0.0,286.757080078125,0.833705484867096,0.42502361536026,0.4061034619808197,297.1478271484375,297.1499938964844,293.1499938964844,0.0,-0.0,286.7572631835937,0.7303236722946167,0.2810574769973755,1.2844269275665283,286.75701904296875,286.3388061523437,293.0299987792969,287.2859191894531,293.0296936035156,297.1510925292969,286.7562866210937,1.0,0.6576829552650452,1.0,1.0,0.0,1.0,-3.4333505630493164,3.4333410263061523,9.480804692429956e-06,2.6530990600585938,0.7146379351615906,0.7146379351615906,0.0,209.0441436767578,215.0,21820.966796875,-0.0,3540.430908203125,1.0,283.1499938964844,286.0618896484375,290.2953491210937,291.7554626464844,293.1499938964844,293.1499938964844,283.1499938964844,17367.916015625,18000.0,313.1499938964844,0.0,18000.0,1.0,0.0,0.0,0.0,1.0,0.7056849598884583,1.0,0.0,0.0,1.79319167137146,1.793199062347412,2.1455905141465337e-07,4.265924453735352,4.265914440155029,9.78592834144365e-06,0.0,0.0,-0.0,4198.7841796875,0.0,213.70030212402344,1895.4371337890625,0.0,1655.9034423828125,0.4674765467643738,1.0,0.0,3.0,1.0,0.0
12322140,297.1109924316406,297.1499938964844,293.1499938964844,0.0,-0.0,286.7371520996094,0.8115372061729431,0.393903374671936,0.3581814169883728,297.1532287597656,297.1499938964844,293.1499938964844,0.0,-0.0,286.737060546875,0.8756738901138306,0.5014393925666809,0.4780134260654449,297.16070556640625,297.1499938964844,293.1499938964844,0.0,-0.0,286.7370910644531,0.8573897480964661,0.4702180325984955,0.3314084112644195,297.1738586425781,297.1499938964844,293.1499938964844,0.0,-0.0,286.73712158203125,0.830679178237915,0.4249857366085052,0.4062024056911468,297.1454162597656,297.1499938964844,293.1499938964844,0.0,-0.0,286.7373046875,0.7275384664535522,0.2807841300964355,1.2838242053985596,286.737060546875,286.3139953613281,293.04998779296875,287.2803955078125,293.0496826171875,297.1482849121094,286.736328125,1.0,0.6590845584869385,1.0,1.0,0.0,1.0,-3.4317989349365234,3.43178939819336,9.471858902543318e-06,2.6517584323883057,0.72031170129776,0.72031170129776,0.0,212.12559509277344,218.0,21949.728515625,-0.0,3554.78173828125,1.0,283.1499938964844,286.0380859375,290.28857421875,291.7548522949219,293.1499938964844,293.1499938964844,283.1499938964844,17358.560546875,18000.0,313.1499938964844,0.0,18000.0,1.0,0.0,0.0,0.0,1.0,0.7073225378990173,1.0,0.0,0.0,1.818608522415161,1.8186160326004028,2.206845124419488e-07,4.265924453735352,4.265914440155029,9.78592834144365e-06,0.0,0.0,-0.0,4203.19921875,0.0,221.03341674804688,1895.4371337890625,0.0,1669.013427734375,0.4728099107742309,1.0,0.0,3.0,1.0,0.0
12322200,297.1109924316406,297.1499938964844,293.1499938964844,0.0,-0.0,286.7371520996094,0.8115372061729431,0.393903374671936,0.3581814169883728,297.1532287597656,297.1499938964844,293.1499938964844,0.0,-0.0,286.737060546875,0.8756738901138306,0.5014393925666809,0.4780134260654449,297.16070556640625,297.1499938964844,293.1499938964844,0.0,-0.0,286.7370910644531,0.8573897480964661,0.4702180325984955,0.3314084112644195,297.1738586425781,297.1499938964844,293.1499938964844,0.0,-0.0,286.73712158203125,0.830679178237915,0.4249857366085052,0.4062024056911468,297.1454162597656,297.1499938964844,293.1499938964844,0.0,-0.0,286.7373046875,0.7275384664535522,0.2807841300964355,1.2838242053985596,286.737060546875,286.3139953613281,293.04998779296875,287.2803955078125,293.0496826171875,297.1482849121094,286.736328125,1.0,0.6590845584869385,1.0,1.0,0.0,1.0,-3.4317989349365234,3.43178939819336,9.471858902543318e-06,2.6517584323883057,0.72031170129776,0.72031170129776,0.0,212.12559509277344,218.0,21949.728515625,-0.0,3554.78173828125,1.0,283.1499938964844,286.0380859375,290.28857421875,291.7548522949219,293.1499938964844,293.1499938964844,283.1499938964844,17358.560546875,18000.0,313.1499938964844,0.0,18000.0,1.0,0.0,0.0,0.0,1.0,0.7073225378990173,1.0,0.0,0.0,1.818608522415161,1.8186160326004028,2.206845124419488e-07,4.265924453735352,4.265914440155029,9.78592834144365e-06,0.0,0.0,-0.0,4203.19921875,0.0,221.03341674804688,1895.4371337890625,0.0,1669.013427734375,0.4728099107742309,1.0,0.0,3.0,1.0,0.0
12322260,297.1079406738281,297.1499938964844,293.1499938964844,0.0,-0.0,286.7172241210937,0.807976245880127,0.3930980563163757,0.3575883507728576,297.149169921875,297.1499938964844,293.1499938964844,0.0,-0.0,286.7171325683594,0.8720969557762146,0.5010678172111511,0.4778002798557281,297.156982421875,297.1499938964844,293.1499938964844,0.0,-0.0,286.7171630859375,0.8540703654289246,0.4699751436710357,0.3313390016555786,297.1701354980469,297.1499938964844,293.1499938964844,0.0,-0.0,286.7171936035156,0.827711820602417,0.4249100387096405,0.4062657058238983,297.14306640625,297.1499938964844,293.1499938964844,0.0,-0.0,286.7173767089844,0.7247946858406067,0.2804892063140869,1.2831251621246338,286.7171325683594,286.2892150878906,293.07000732421875,287.28033447265625,293.0696716308594,297.1455993652344,286.7164001464844,1.0,0.6604484915733337,1.0,1.0,0.0,1.0,-3.429981231689453,3.429971694946289,9.461484296480194e-06,2.6502251625061035,0.7260504961013794,0.7260504961013794,0.0,215.2029724121093,221.0,22076.65234375,-0.0,3568.458251953125,1.0,283.1499938964844,286.0143127441406,290.2872314453125,291.75946044921875,293.1499938964844,293.1499938964844,283.1499938964844,17349.640625,18000.0,313.1499938964844,0.0,18000.0,1.0,0.0,0.0,0.0,1.0,0.7086995244026184,1.0,0.0,0.0,1.8442882299423216,1.844295859336853,2.2696086432461018e-07,4.265924453735352,4.265914440155029,9.78592834144365e-06,0.0,0.0,-0.0,4208.96875,0.0,228.6294403076172,1895.4371337890625,0.0,1680.072998046875,0.4782180488109588,1.0,0.0,3.0,1.0,0.0
12322320,297.1079406738281,297.1499938964844,293.1499938964844,0.0,-0.0,286.7172241210937,0.807976245880127,0.3930980563163757,0.3575883507728576,297.149169921875,297.1499938964844,293.1499938964844,0.0,-0.0,286.7171325683594,0.8720969557762146,0.5010678172111511,0.4778002798557281,297.156982421875,297.1499938964844,293.1499938964844,0.0,-0.0,286.7171630859375,0.8540703654289246,0.4699751436710357,0.3313390016555786,297.1701354980469,297.1499938964844,293.1499938964844,0.0,-0.0,286.7171936035156,0.827711820602417,0.4249100387096405,0.4062657058238983,297.14306640625,297.1499938964844,293.1499938964844,0.0,-0.0,286.7173767089844,0.7247946858406067,0.2804892063140869,1.2831251621246338,286.7171325683594,286.2892150878906,293.07000732421875,287.28033447265625,293.0696716308594,297.1455993652344,286.7164001464844,1.0,0.6604484915733337,1.0,1.0,0.0,1.0,-3.429981231689453,3.429971694946289,9.461484296480194e-06,2.6502251625061035,0.7260504961013794,0.7260504961013794,0.0,215.2029724121093,221.0,22076.65234375,-0.0,3568.458251953125,1.0,283.1499938964844,286.0143127441406,290.2872314453125,291.75946044921875,293.1499938964844,293.1499938964844,283.1499938964844,17349.640625,18000.0,313.1499938964844,0.0,18000.0,1.0,0.0,0.0,0.0,1.0,0.7086995244026184,1.0,0.0,0.0,1.8442882299423216,1.844295859336853,2.2696086432461018e-07,4.265924453735352,4.265914440155029,9.78592834144365e-06,0.0,0.0,-0.0,4208.96875,0.0,228.6294403076172,1895.4371337890625,0.0,1680.072998046875,0.4782180488109588,1.0,0.0,3.0,1.0,0.0
12322380,297.10498046875,297.1499938964844,293.1499938964844,0.0,-0.0,286.6973571777344,0.8043767213821411,0.392265260219574,0.3569707572460174,297.1452331542969,297.1499938964844,293.1499938964844,0.0,-0.0,286.697265625,0.8686017394065857,0.50065678358078,0.4775499999523163,297.15338134765625,297.1499938964844,293.1499938964844,0.0,-0.0,286.697265625,0.8508356213569641,0.469698041677475,0.331245869398117,297.1665344238281,297.1499938964844,293.1499938964844,0.0,-0.0,286.69732666015625,0.8247954249382019,0.4247982203960418,0.4062950015068054,297.1408386230469,297.1499938964844,293.1499938964844,0.0,-0.0,286.697509765625,0.7220816612243652,0.2801738083362579,1.2823346853256226,286.697265625,286.264404296875,293.0899963378906,287.28631591796875,293.0896911621094,297.1430358886719,286.696533203125,1.0,0.6617766618728638,1.0,1.0,0.0,1.0,-3.4279098510742188,3.4279003143310547,9.449757271795534e-06,2.6485111713409424,0.7318551540374756,0.7318551540374756,0.0,218.27639770507807,224.0,22201.705078125,-0.0,3581.488037109375,1.0,283.1499938964844,285.9905700683594,290.2918395996094,291.7698669433594,293.1499938964844,293.1499938964844,283.1499938964844,17341.15234375,18000.0,313.1499938964844,0.0,18000.0,1.0,0.0,0.0,0.0,1.0,0.7098032236099243,1.0,0.0,0.0,1.8702151775360107,1.870222806930542,2.333869275616962e-07,4.265924453735352,4.265914440155029,9.78592834144365e-06,0.0,0.0,-0.0,4216.2392578125,0.0,236.49205017089844,1895.4371337890625,0.0,1688.96044921875,0.4836974740028381,1.0,0.0,3.0,1.0,0.0
12322440,297.10498046875,297.1499938964844,293.1499938964844,0.0,-0.0,286.6973571777344,0.8043767213821411,0.392265260219574,0.3569707572460174,297.1452331542969,297.1499938964844,293.1499938964844,0.0,-0.0,286.697265625,0.8686017394065857,0.50065678358078,0.4775499999523163,297.15338134765625,297.1499938964844,293.1499938964844,0.0,-0.0,286.697265625,0.8508356213569641,0.469698041677475,0.331245869398117,297.1665344238281,297.1499938964844,293.1499938964844,0.0,-0.0,286.69732666015625,0.8247954249382019,0.4247982203960418,0.4062950015068054,297.1408386230469,297.1499938964844,293.1499938964844,0.0,-0.0,286.697509765625,0.7220816612243652,0.2801738083362579,1.2823346853256226,286.697265625,286.264404296875,293.0899963378906,287.28631591796875,293.0896911621094,297.1430358886719,286.696533203125,1.0,0.6617766618728638,1.0,1.0,0.0,1.0,-3.4279098510742188,3.4279003143310547,9.449757271795534e-06,2.6485111713409424,0.7318551540374756,0.7318551540374756,0.0,218.27639770507807,224.0,22201.705078125,-0.0,3581.488037109375,1.0,283.1499938964844,285.9905700683594,290.2918395996094,291.7698669433594,293.1499938964844,293.1499938964844,283.1499938964844,17341.15234375,18000.0,313.1499938964844,0.0,18000.0,1.0,0.0,0.0,0.0,1.0,0.7098032236099243,1.0,0.0,0.0,1.8702151775360107,1.870222806930542,2.333869275616962e-07,4.265924453735352,4.265914440155029,9.78592834144365e-06,0.0,0.0,-0.0,4216.2392578125,0.0,236.49205017089844,1895.4371337890625,0.0,1688.96044921875,0.4836974740028381,1.0,0.0,3.0,1.0,0.0
12322500,297.1035461425781,297.1499938964844,293.1499938964844,0.0,-0.0,286.6874389648437,0.8025842905044556,0.391838937997818,0.3566530346870422,297.1432800292969,297.1499938964844,293.1499938964844,0.0,-0.0,286.6873474121094,0.8668842911720276,0.5004367828369141,0.4774112701416015,297.151611328125,297.1499938964844,293.1499938964844,0.0,-0.0,286.6873779296875,0.8492488861083984,0.4695470631122589,0.3311906158924103,297.1647644042969,297.1499938964844,293.1499938964844,0.0,-0.0,286.6874084472656,0.8233535885810852,0.4247291386127472,0.4062972068786621,297.1397399902344,297.1499938964844,293.1499938964844,0.0,-0.0,286.6875915527344,0.7207330465316772,0.2800087034702301,1.2819063663482666,286.6873474121094,286.25201416015625,293.1000061035156,287.291748046875,293.09967041015625,297.1418151855469,286.6866149902344,1.0,0.6624277830123901,1.0,1.0,0.0,1.0,-3.4267818927764893,3.426772356033325,9.443406270293052e-06,2.647589921951294,0.7347828149795532,0.7347828149795532,0.0,219.8116455078125,224.0,22263.51953125,-0.0,3587.766845703125,1.0,283.1499938964844,285.9787292480469,290.29656982421875,291.7774658203125,293.1499938964844,293.1499938964844,283.1499938964844,17337.072265625,18000.0,313.1499938964844,0.0,18000.0,1.0,0.0,0.0,0.0,1.0,0.7102496027946472,1.0,0.0,0.0,1.8832676410675049,1.8832753896713257,2.366559925803813e-07,4.265924453735352,4.265914440155029,9.78592834144365e-06,0.0,0.0,-0.0,4220.48779296875,0.0,240.5247802734375,1895.4371337890625,0.0,1692.560791015625,0.4864630103111267,1.0,0.0,3.0,1.0,0.0
12322560,297.1021423339844,297.1499938964844,293.1499938964844,0.0,-0.0,286.67755126953125,0.8008052706718445,0.391406238079071,0.3563296496868133,297.1413879394531,297.1499938964844,293.1499938964844,0.0,-0.0,286.6774597167969,0.8651867508888245,0.5002074241638184,0.4772637784481048,297.14990234375,297.1499938964844,293.1499938964844,0.0,-0.0,286.677490234375,0.8476820588111877,0.4693880975246429,0.3311298787593841,297.1630249023437,297.1499938964844,293.1499938964844,0.0,-0.0,286.6775207519531,0.8219212293624878,0.4246515333652496,0.4062914550304413,297.138671875,297.1499938964844,293.1499938964844,0.0,-0.0,286.6777038574219,0.7193877696990967,0.2798388600349426,1.2814569473266602,286.6774597167969,286.2395935058594,293.1099853515625,287.29888916015625,293.10968017578125,297.140625,286.6767272949219,1.0,0.6630706787109375,1.0,1.0,0.0,1.0,-3.4255950450897217,3.4255855083465576,9.43674604059197e-06,2.646627902984619,0.7377274036407471,0.7377274036407471,0.0,221.345932006836,212.0,22324.853515625,-0.0,3593.894287109375,1.0,283.1499938964844,285.9668884277344,290.3030090332031,291.78668212890625,293.1499938964844,293.1499938964844,283.1499938964844,17333.09765625,18000.0,313.1499938964844,0.0,18000.0,1.0,0.0,0.0,0.0,1.0,0.7106234431266785,1.0,0.0,0.0,1.896376371383667,1.896384239196777,2.399619916104712e-07,4.265924453735352,4.265914440155029,9.78592834144365e-06,0.0,0.0,-0.0,4225.16552734375,0.0,244.62548828125,1895.4371337890625,0.0,1695.5787353515625,0.4892450869083404,1.0,0.0,3.0,1.0,0.0
12322620,297.0995788574219,297.1499938964844,293.1499938964844,0.0,-0.0,286.6565246582031,0.8035332560539246,0.3905403614044189,0.3554231226444244,297.13775634765625,297.1499938964844,293.1499938964844,0.0,-0.0,286.65643310546875,0.8684448003768921,0.4997309446334839,0.4766826033592224,297.14666748046875,297.1499938964844,293.1499938964844,0.0,-0.0,286.6564636230469,0.8508175611495972,0.4690592288970947,0.330800861120224,297.15972900390625,297.1499938964844,293.1499938964844,0.0,-0.0,286.656494140625,0.824934720993042,0.4244817495346069,0.4059962928295135,297.13671875,297.1499938964844,293.1499938964844,0.0,-0.0,286.6567077636719,0.7218289971351624,0.2794971168041229,1.279264211654663,286.65643310546875,286.2148132324219,293.1300048828125,287.318603515625,293.1296691894531,297.138427734375,286.6556396484375,1.0,0.6601153612136841,1.0,1.0,0.0,1.0,-3.420422077178955,3.420412540435791,9.408185178472197e-06,2.6426002979278564,0.7436434030532837,0.7436434030532837,0.0,217.5697479248047,200.0,22435.291015625,-0.0,3559.440185546875,1.0,283.1499938964844,285.9422302246094,290.321044921875,291.8099670410156,293.1499938964844,293.1499938964844,283.1499938964844,17326.419921875,18000.0,313.1499938964844,0.0,18000.0,1.0,0.0,0.0,0.0,1.0,0.7111179828643799,1.0,0.0,0.0,1.9227186441421509,1.9227266311645508,2.4667482989571e-07,4.265924453735352,4.265914440155029,9.78592834144365e-06,0.0,0.0,-0.0,4235.40087890625,0.0,253.0244903564453,1895.4371337890625,0.0,1699.5743408203125,0.494850754737854,1.0,0.0,3.0,1.0,0.0
12322680,297.0995788574219,297.1499938964844,293.1499938964844,0.0,-0.0,286.6565246582031,0.8035332560539246,0.3905403614044189,0.3554231226444244,297.13775634765625,297.1499938964844,293.1499938964844,0.0,-0.0,286.65643310546875,0.8684448003768921,0.4997309446334839,0.4766826033592224,297.14666748046875,297.1499938964844,293.1499938964844,0.0,-0.0,286.6564636230469,0.8508175611495972,0.4690592288970947,0.330800861120224,297.15972900390625,297.1499938964844,293.1499938964844,0.0,-0.0,286.656494140625,0.824934720993042,0.4244817495346069,0.4059962928295135,297.13671875,297.1499938964844,293.1499938964844,0.0,-0.0,286.6567077636719,0.7218289971351624,0.2794971168041229,1.279264211654663,286.65643310546875,286.2148132324219,293.1300048828125,287.318603515625,293.1296691894531,297.138427734375,286.6556396484375,1.0,0.6601153612136841,1.0,1.0,0.0,1.0,-3.420422077178955,3.420412540435791,9.408185178472197e-06,2.6426002979278564,0.7436434030532837,0.7436434030532837,0.0,217.5697479248047,200.0,22435.291015625,-0.0,3559.440185546875,1.0,283.1499938964844,285.9422302246094,290.321044921875,291.8099670410156,293.1499938964844,293.1499938964844,283.1499938964844,17326.419921875,18000.0,313.1499938964844,0.0,18000.0,1.0,0.0,0.0,0.0,1.0,0.7111179828643799,1.0,0.0,0.0,1.9227186441421509,1.9227266311645508,2.4667482989571e-07,4.265924453735352,4.265914440155029,9.78592834144365e-06,0.0,0.0,-0.0,4235.40087890625,0.0,253.0244903564453,1895.4371337890625,0.0,1699.5743408203125,0.494850754737854,1.0,0.0,3.0,1.0,0.0
12322740,297.0976257324219,297.1499938964844,293.1499938964844,0.0,-0.0,286.6346740722656,0.8101024627685547,0.3897028267383575,0.3543936908245086,297.1346130371094,297.1499938964844,293.1499938964844,0.0,-0.0,286.63458251953125,0.8759375810623169,0.4992544949054718,0.4759455919265747,297.1439514160156,297.1499938964844,293.1499938964844,0.0,-0.0,286.63458251953125,0.8579713702201843,0.4687412083148956,0.3303641974925995,297.1568908691406,297.1499938964844,293.1499938964844,0.0,-0.0,286.6346435546875,0.8316144347190857,0.4243180751800537,0.4055506289005279,297.1352844238281,297.1499938964844,293.1499938964844,0.0,-0.0,286.6348571777344,0.7274181842803955,0.2791836261749267,1.2764501571655271,286.6345520019531,286.19000244140625,293.1499938964844,287.3460693359375,293.1496887207031,297.1367492675781,286.6337585449219,1.0,0.6551816463470459,1.0,1.0,0.0,1.0,-3.4138524532318115,3.4138431549072266,9.37193999561714e-06,2.637472152709961,0.7495909333229065,0.7495909333229065,0.0,209.8910217285156,188.0,22537.62109375,-0.0,3499.0283203125,1.0,283.1499938964844,285.9169006347656,290.346435546875,291.83984375,293.1499938964844,293.1499938964844,283.1499938964844,17321.552734375,18000.0,313.1499938964844,0.0,18000.0,1.0,0.0,0.0,0.0,1.0,0.7111971974372864,1.0,0.0,0.0,1.9491649866104128,1.949173092842102,2.535073804210697e-07,4.265924453735352,4.265914440155029,9.78592834144365e-06,0.0,0.0,-0.0,4247.107421875,0.0,261.672607421875,1895.4371337890625,0.0,1700.2149658203125,0.5004987716674805,1.0,0.0,3.0,1.0,0.0
12322800,297.0976257324219,297.1499938964844,293.1499938964844,0.0,-0.0,286.6346740722656,0.8101024627685547,0.3897028267383575,0.3543936908245086,297.1346130371094,297.1499938964844,293.1499938964844,0.0,-0.0,286.63458251953125,0.8759375810623169,0.4992544949054718,0.4759455919265747,297.1439514160156,297.1499938964844,293.1499938964844,0.0,-0.0,286.63458251953125,0.8579713702201843,0.4687412083148956,0.3303641974925995,297.1568908691406,297.1499938964844,293.1499938964844,0.0,-0.0,286.6346435546875,0.8316144347190857,0.4243180751800537,0.4055506289005279,297.1352844238281,297.1499938964844,293.1499938964844,0.0,-0.0,286.6348571777344,0.7274181842803955,0.2791836261749267,1.2764501571655271,286.6345520019531,286.19000244140625,293.1499938964844,287.3460693359375,293.1496887207031,297.1367492675781,286.6337585449219,1.0,0.6551816463470459,1.0,1.0,0.0,1.0,-3.4138524532318115,3.4138431549072266,9.37193999561714e-06,2.637472152709961,0.7495909333229065,0.7495909333229065,0.0,209.8910217285156,188.0,22537.62109375,-0.0,3499.0283203125,1.0,283.1499938964844,285.9169006347656,290.346435546875,291.83984375,293.1499938964844,293.1499938964844,283.1499938964844,17321.552734375,18000.0,313.1499938964844,0.0,18000.0,1.0,0.0,0.0,0.0,1.0,0.7111971974372864,1.0,0.0,0.0,1.9491649866104128,1.949173092842102,2.535073804210697e-07,4.265924453735352,4.265914440155029,9.78592834144365e-06,0.0,0.0,-0.0,4247.107421875,0.0,261.672607421875,1895.4371337890625,0.0,1700.2149658203125,0.5004987716674805,1.0,0.0,3.0,1.0,0.0
12322860,297.0961608886719,297.1499938964844,293.1499938964844,0.0,-0.0,286.6127624511719,0.8188183307647705,0.3888894319534302,0.3533144891262054,297.1318359375,297.1499938964844,293.1499938964844,0.0,-0.0,286.6126708984375,0.8863544464111328,0.4987792372703552,0.4751334190368652,297.14166259765625,297.1499938964844,293.1499938964844,0.0,-0.0,286.6126708984375,0.8679656982421875,0.4684334695339203,0.3298786282539367,297.1545104980469,297.1499938964844,293.1499938964844,0.0,-0.0,286.6127319335937,0.8408145308494568,0.4241617023944855,0.4050355851650238,297.13433837890625,297.1499938964844,293.1499938964844,0.0,-0.0,286.6129455566406,0.7350935935974121,0.2789011597633362,1.2734121084213257,286.6126708984375,286.1651916503906,293.1700134277344,287.3787536621094,293.169677734375,297.1355895996094,286.6118469238281,1.0,0.6491544842720032,1.0,1.0,0.0,1.0,-3.4067203998565674,3.4067111015319824,9.332708941656165e-06,2.631919384002685,0.7555763125419617,0.7555763125419617,0.0,200.24383544921875,176.0,22635.587890625,-0.0,3426.07470703125,1.0,283.1499938964844,285.8916015625,290.37872314453125,291.8767395019531,293.1499938964844,293.1499938964844,283.1499938964844,17317.70703125,18000.0,313.1499938964844,0.0,18000.0,1.0,0.0,0.0,0.0,1.0,0.7111505270004272,1.0,0.0,0.0,1.975682139396668,1.9756903648376465,2.604519124815852e-07,4.265924453735352,4.265914440155029,9.78592834144365e-06,0.0,0.0,-0.0,4260.4287109375,0.0,270.5609741210937,1895.4371337890625,0.0,1699.83740234375,0.5061798095703125,1.0,0.0,3.0,1.0,0.0
12322920,297.0961608886719,297.1499938964844,293.1499938964844,0.0,-0.0,286.6127624511719,0.8188183307647705,0.3888894319534302,0.3533144891262054,297.1318359375,297.1499938964844,293.1499938964844,0.0,-0.0,286.6126708984375,0.8863544464111328,0.4987792372703552,0.4751334190368652,297.14166259765625,297.1499938964844,293.1499938964844,0.0,-0.0,286.6126708984375,0.8679656982421875,0.4684334695339203,0.3298786282539367,297.1545104980469,297.1499938964844,293.1499938964844,0.0,-0.0,286.6127319335937,0.8408145308494568,0.4241617023944855,0.4050355851650238,297.13433837890625,297.1499938964844,293.1499938964844,0.0,-0.0,286.6129455566406,0.7350935935974121,0.2789011597633362,1.2734121084213257,286.6126708984375,286.1651916503906,293.1700134277344,287.3787536621094,293.169677734375,297.1355895996094,286.6118469238281,1.0,0.6491544842720032,1.0,1.0,0.0,1.0,-3.4067203998565674,3.4067111015319824,9.332708941656165e-06,2.631919384002685,0.7555763125419617,0.7555763125419617,0.0,200.24383544921875,176.0,22635.587890625,-0.0,3426.07470703125,1.0,283.1499938964844,285.8916015625,290.37872314453125,291.8767395019531,293.1499938964844,293.1499938964844,283.1499938964844,17317.70703125,18000.0,313.1499938964844,0.0,18000.0,1.0,0.0,0.0,0.0,1.0,0.7111505270004272,1.0,0.0,0.0,1.975682139396668,1.9756903648376465,2.604519124815852e-07,4.265924453735352,4.265914440155029,9.78592834144365e-06,0.0,0.0,-0.0,4260.4287109375,0.0,270.5609741210937,1895.4371337890625,0.0,1699.83740234375,0.5061798095703125,1.0,0.0,3.0,1.0,0.0
12322980,297.09503173828125,297.1499938964844,293.1499938964844,0.0,-0.0,286.591064453125,0.8292873501777649,0.3880932033061981,0.3522130250930786,297.12939453125,297.1499938964844,293.1499938964844,0.0,-0.0,286.5909729003906,0.8992491364479065,0.4983019828796386,0.4742790162563324,297.1397399902344,297.1499938964844,293.1499938964844,0.0,-0.0,286.59100341796875,0.8804640769958496,0.4681314527988434,0.3293674290180206,297.1524353027344,297.1499938964844,293.1499938964844,0.0,-0.0,286.5910339355469,0.8523180484771729,0.4240088164806366,0.4044836461544037,297.1337890625,297.1499938964844,293.1499938964844,0.0,-0.0,286.5912475585937,0.7446612119674683,0.2786454558372497,1.2703044414520264,286.5909729003906,286.1404113769531,293.19000244140625,287.4137878417969,293.1896667480469,297.1347961425781,286.59014892578125,1.0,0.6425163745880127,1.0,1.0,0.0,1.0,-3.3993518352508545,3.399342536926269,9.292284630646463e-06,2.626190662384033,0.7616047263145447,0.7616047263145447,0.0,189.542236328125,164.0,22730.546875,-0.0,3346.750732421875,1.0,283.1499938964844,285.86651611328125,290.4148254394531,291.91815185546875,293.1499938964844,293.1499938964844,283.1499938964844,17314.515625,18000.0,313.1499938964844,0.0,18000.0,1.0,0.0,0.0,0.0,1.0,0.7113597393035889,1.0,0.0,0.0,2.00225043296814,2.002258777618408,2.675039638688759e-07,4.265924453735352,4.265914440155029,9.78592834144365e-06,0.0,0.0,-0.0,4274.6015625,0.0,279.68603515625,1895.4371337890625,0.0,1701.5294189453125,0.5118883848190308,1.0,0.0,3.0,1.0,0.0
12323040,297.09503173828125,297.1499938964844,293.1499938964844,0.0,-0.0,286.591064453125,0.8292873501777649,0.3880932033061981,0.3522130250930786,297.12939453125,297.1499938964844,293.1499938964844,0.0,-0.0,286.5909729003906,0.8992491364479065,0.4983019828796386,0.4742790162563324,297.1397399902344,297.1499938964844,293.1499938964844,0.0,-0.0,286.59100341796875,0.8804640769958496,0.4681314527988434,0.3293674290180206,297.1524353027344,297.1499938964844,293.1499938964844,0.0,-0.0,286.5910339355469,0.8523180484771729,0.4240088164806366,0.4044836461544037,297.1337890625,297.1499938964844,293.1499938964844,0.0,-0.0,286.5912475585937,0.7446612119674683,0.2786454558372497,1.2703044414520264,286.5909729003906,286.1404113769531,293.19000244140625,287.4137878417969,293.1896667480469,297.1347961425781,286.59014892578125,1.0,0.6425163745880127,1.0,1.0,0.0,1.0,-3.3993518352508545,3.399342536926269,9.292284630646463e-06,2.626190662384033,0.7616047263145447,0.7616047263145447,0.0,189.542236328125,164.0,22730.546875,-0.0,3346.750732421875,1.0,283.1499938964844,285.86651611328125,290.4148254394531,291.91815185546875,293.1499938964844,293.1499938964844,283.1499938964844,17314.515625,18000.0,313.1499938964844,0.0,18000.0,1.0,0.0,0.0,0.0,1.0,0.7113597393035889,1.0,0.0,0.0,2.00225043296814,2.002258777618408,2.675039638688759e-07,4.265924453735352,4.265914440155029,9.78592834144365e-06,0.0,0.0,-0.0,4274.6015625,0.0,279.68603515625,1895.4371337890625,0.0,1701.5294189453125,0.5118883848190308,1.0,0.0,3.0,1.0,0.0
12323100,297.0945739746094,297.1499938964844,293.1499938964844,0.0,-0.0,286.5803527832031,0.8352402448654175,0.3876997828483581,0.351658284664154,297.1282958984375,297.1499938964844,293.1499938964844,0.0,-0.0,286.5802307128906,0.906670331954956,0.4980615079402923,0.4738412499427795,297.1388854980469,297.1499938964844,293.1499938964844,0.0,-0.0,286.58026123046875,0.8876363635063171,0.4679812490940094,0.3291059136390686,297.1514892578125,297.1499938964844,293.1499938964844,0.0,-0.0,286.5802917480469,0.8589756488800049,0.4239324331283569,0.404198944568634,297.13360595703125,297.1499938964844,293.1499938964844,0.0,-0.0,286.5805053710937,0.7502047419548035,0.2785260081291199,1.2687472105026243,286.5802307128906,286.12799072265625,293.20001220703125,287.4320983886719,293.1996765136719,297.134521484375,286.5794372558594,1.0,0.6390536427497864,1.0,1.0,0.0,1.0,-3.3956282138824463,3.3956191539764404,9.271900125895629e-06,2.623299360275269,0.7646369934082031,0.7646369934082031,0.0,183.959228515625,164.0,22777.119140625,-0.0,3305.7783203125,1.0,283.1499938964844,285.8540954589844,290.43365478515625,291.93975830078125,293.1499938964844,293.1499938964844,283.1499938964844,17313.083984375,18000.0,313.1499938964844,0.0,18000.0,1.0,0.0,0.0,0.0,1.0,0.711541473865509,1.0,0.0,0.0,2.015550374984741,2.0155587196350098,2.710694957386295e-07,4.265924453735352,4.265914440155029,9.78592834144365e-06,0.0,0.0,-0.0,4281.85205078125,0.0,284.33709716796875,1895.4371337890625,0.0,1702.9996337890625,0.5147519111633301,1.0,0.0,3.0,1.0,0.0
12323160,297.0941467285156,297.1499938964844,293.1499938964844,0.0,-0.0,286.5697021484375,0.8417462110519409,0.3873086273670196,0.3511022627353668,297.1272277832031,297.1499938964844,293.1499938964844,0.0,-0.0,286.5696105957031,0.9152430891990662,0.4978193938732147,0.4733983874320984,297.1380615234375,297.1499938964844,293.1499938964844,0.0,-0.0,286.5696105957031,0.8954297304153442,0.467831015586853,0.3288417756557464,297.150634765625,297.1499938964844,293.1499938964844,0.0,-0.0,286.5696716308594,0.8662796020507812,0.4238555133342743,0.403910219669342,297.1335144042969,297.1499938964844,293.1499938964844,0.0,-0.0,286.56988525390625,0.7563039660453796,0.2784110903739929,1.2671940326690674,286.5696105957031,286.1156005859375,293.2099914550781,287.4509582519531,293.2096862792969,297.1343078613281,286.5688171386719,1.0,0.6355264782905579,1.0,1.0,0.0,1.0,-3.3918938636779785,3.3918845653533936,9.251483788830228e-06,2.620401620864868,0.7676817178726196,0.7676817178726196,0.0,178.28143310546875,152.0,22823.150390625,-0.0,3264.31982421875,1.0,283.1499938964844,285.8417358398437,290.45281982421875,291.96173095703125,293.1499938964844,293.1499938964844,283.1499938964844,17311.74609375,18000.0,313.1499938964844,0.0,18000.0,1.0,0.0,0.0,0.0,1.0,0.7117477655410767,1.0,0.0,0.0,2.028857707977295,2.0288662910461426,2.746607208337082e-07,4.265924453735352,4.265914440155029,9.78592834144365e-06,0.0,0.0,-0.0,4289.17138671875,0.0,289.0467834472656,1895.4371337890625,0.0,1704.6689453125,0.517620861530304,1.0,0.0,3.0,1.0,0.0
12323220,297.0934753417969,297.1499938964844,293.1499938964844,0.0,-0.0,286.5487060546875,0.8567569851875305,0.3865318894386291,0.3499884605407715,297.125244140625,297.1499938964844,293.1499938964844,0.0,-0.0,286.5486145019531,0.9354166388511658,0.4973293840885162,0.4725000262260437,297.1365966796875,297.1499938964844,293.1499938964844,0.0,-0.0,286.54864501953125,0.9135671257972716,0.4675293862819671,0.3283074200153351,297.1490173339844,297.1499938964844,293.1499938964844,0.0,-0.0,286.5486755371094,0.8830312490463257,0.4236989915370941,0.4033231139183044,297.1334228515625,297.1499938964844,293.1499938964844,0.0,-0.0,286.54888916015625,0.7703954577445984,0.2781929671764374,1.264107584953308,286.5486145019531,286.0907897949219,293.2300109863281,287.4901428222656,293.22967529296875,297.134033203125,286.5478210449219,1.0,0.6283280849456787,1.0,1.0,0.0,1.0,-3.384413003921509,3.384403705596924,9.21067112358287e-06,2.6146035194396973,0.7738115787506104,0.7738115787506104,0.0,166.73641967773438,140.0,22913.69921875,-0.0,3180.549560546875,1.0,283.1499938964844,285.8173522949219,290.4922180175781,292.00665283203125,293.1499938964844,293.1499938964844,283.1499938964844,17309.298828125,18000.0,313.1499938964844,0.0,18000.0,1.0,0.0,0.0,0.0,1.0,0.7121755480766296,1.0,0.0,0.0,2.0554914474487305,2.055500030517578,2.819192559400108e-07,4.265924453735352,4.265914440155029,9.78592834144365e-06,0.0,0.0,-0.0,4304.0126953125,0.0,298.6422119140625,1895.4371337890625,0.0,1708.13330078125,0.5233737826347351,1.0,0.0,3.0,1.0,0.0
12323280,297.0934753417969,297.1499938964844,293.1499938964844,0.0,-0.0,286.5487060546875,0.8567569851875305,0.3865318894386291,0.3499884605407715,297.125244140625,297.1499938964844,293.1499938964844,0.0,-0.0,286.5486145019531,0.9354166388511658,0.4973293840885162,0.4725000262260437,297.1365966796875,297.1499938964844,293.1499938964844,0.0,-0.0,286.54864501953125,0.9135671257972716,0.4675293862819671,0.3283074200153351,297.1490173339844,297.1499938964844,293.1499938964844,0.0,-0.0,286.5486755371094,0.8830312490463257,0.4236989915370941,0.4033231139183044,297.1334228515625,297.1499938964844,293.1499938964844,0.0,-0.0,286.54888916015625,0.7703954577445984,0.2781929671764374,1.264107584953308,286.5486145019531,286.0907897949219,293.2300109863281,287.4901428222656,293.22967529296875,297.134033203125,286.5478210449219,1.0,0.6283280849456787,1.0,1.0,0.0,1.0,-3.384413003921509,3.384403705596924,9.21067112358287e-06,2.6146035194396973,0.7738115787506104,0.7738115787506104,0.0,166.73641967773438,140.0,22913.69921875,-0.0,3180.549560546875,1.0,283.1499938964844,285.8173522949219,290.4922180175781,292.00665283203125,293.1499938964844,293.1499938964844,283.1499938964844,17309.298828125,18000.0,313.1499938964844,0.0,18000.0,1.0,0.0,0.0,0.0,1.0,0.7121755480766296,1.0,0.0,0.0,2.0554914474487305,2.055500030517578,2.819192559400108e-07,4.265924453735352,4.265914440155029,9.78592834144365e-06,0.0,0.0,-0.0,4304.0126953125,0.0,298.6422119140625,1895.4371337890625,0.0,1708.13330078125,0.5233737826347351,1.0,0.0,3.0,1.0,0.0
12323340,297.0929260253906,297.1499938964844,293.1499938964844,0.0,-0.0,286.5281066894531,0.8751057386398315,0.3857612609863281,0.3488745391368866,297.1234130859375,297.1499938964844,293.1499938964844,0.0,-0.0,286.52801513671875,0.958276093006134,0.4968306720256805,0.4715874791145324,297.13525390625,297.1499938964844,293.1499938964844,0.0,-0.0,286.5280456542969,0.9368902444839478,0.467225044965744,0.3277667760848999,297.1475524902344,297.1499938964844,293.1499938964844,0.0,-0.0,286.528076171875,0.903042495250702,0.4235376417636871,0.4027255773544311,297.13348388671875,297.1499938964844,293.1499938964844,0.0,-0.0,286.5282897949219,0.7874530553817749,0.2779883742332458,1.2610549926757812,286.52801513671875,286.0660095214844,293.25,287.5311584472656,293.2496643066406,297.1338806152344,286.5272521972656,1.0,0.6209877133369446,1.0,1.0,0.0,1.0,-3.3769354820251465,3.3769264221191406,9.169989425572568e-06,2.6088168621063232,0.7800004482269287,0.7800004482269287,0.0,155.03485107421875,128.0,23002.349609375,-0.0,3096.247314453125,1.0,283.1499938964844,285.7933044433594,290.5330810546875,292.0529479980469,293.1499938964844,293.1499938964844,283.1499938964844,17307.083984375,18000.0,313.1499938964844,0.0,18000.0,1.0,0.0,0.0,0.0,1.0,0.7125688791275024,1.0,0.0,0.0,2.0821473598480225,2.082156181335449,2.892786312713725e-07,4.265924453735352,4.265914440155029,9.78592834144365e-06,0.0,0.0,-0.0,4319.14990234375,0.0,308.4740905761719,1895.4371337890625,0.0,1711.3209228515625,0.5291455388069153,1.0,0.0,3.0,1.0,0.0
12323400,297.0929260253906,297.1499938964844,293.1499938964844,0.0,-0.0,286.5281066894531,0.8751057386398315,0.3857612609863281,0.3488745391368866,297.1234130859375,297.1499938964844,293.1499938964844,0.0,-0.0,286.52801513671875,0.958276093006134,0.4968306720256805,0.4715874791145324,297.13525390625,297.1499938964844,293.1499938964844,0.0,-0.0,286.5280456542969,0.9368902444839478,0.467225044965744,0.3277667760848999,297.1475524902344,297.1499938964844,293.1499938964844,0.0,-0.0,286.528076171875,0.903042495250702,0.4235376417636871,0.4027255773544311,297.13348388671875,297.1499938964844,293.1499938964844,0.0,-0.0,286.5282897949219,0.7874530553817749,0.2779883742332458,1.2610549926757812,286.52801513671875,286.0660095214844,293.25,287.5311584472656,293.2496643066406,297.1338806152344,286.5272521972656,1.0,0.6209877133369446,1.0,1.0,0.0,1.0,-3.3769354820251465,3.3769264221191406,9.169989425572568e-06,2.6088168621063232,0.7800004482269287,0.7800004482269287,0.0,155.03485107421875,128.0,23002.349609375,-0.0,3096.247314453125,1.0,283.1499938964844,285.7933044433594,290.5330810546875,292.0529479980469,293.1499938964844,293.1499938964844,283.1499938964844,17307.083984375,18000.0,313.1499938964844,0.0,18000.0,1.0,0.0,0.0,0.0,1.0,0.7125688791275024,1.0,0.0,0.0,2.0821473598480225,2.082156181335449,2.892786312713725e-07,4.265924453735352,4.265914440155029,9.78592834144365e-06,0.0,0.0,-0.0,4319.14990234375,0.0,308.4740905761719,1895.4371337890625,0.0,1711.3209228515625,0.5291455388069153,1.0,0.0,3.0,1.0,0.0
12323460,297.092529296875,297.1499938964844,293.1499938964844,0.0,-0.0,286.5079040527344,0.8976908326148987,0.384995698928833,0.3477621376514435,297.1217346191406,297.1499938964844,293.1499938964844,0.0,-0.0,286.5078125,0.982029914855957,0.4963228106498718,0.4706630706787109,297.1340637207031,297.1499938964844,293.1499938964844,0.0,-0.0,286.5078430175781,0.9633764028549194,0.4669171571731567,0.3272213637828827,297.1462097167969,297.1499938964844,293.1499938964844,0.0,-0.0,286.50787353515625,0.9293587803840636,0.4233705997467041,0.402119517326355,297.1336364746094,297.1499938964844,293.1499938964844,0.0,-0.0,286.5080871582031,0.8080289363861084,0.277795135974884,1.258039474487305,286.5078125,286.04119873046875,293.2699890136719,287.5738220214844,293.2696838378906,297.13385009765625,286.5070495605469,1.0,0.6135444045066833,1.0,1.0,0.0,1.0,-3.369474411010742,3.369465112686157,9.129507816396654e-06,2.603050708770752,0.7862533330917358,0.7862533330917358,0.0,143.25106811523438,131.0,23089.181640625,-0.0,3011.874267578125,1.0,283.1499938964844,285.7696838378906,290.5754699707031,292.10064697265625,293.1499938964844,293.1499938964844,283.1499938964844,17305.095703125,18000.0,313.1499938964844,0.0,18000.0,1.0,0.0,0.0,0.0,1.0,0.7128996849060059,1.0,0.0,0.0,2.108818769454956,2.108827590942383,2.967371131035179e-07,4.265924453735352,4.265914440155029,9.78592834144365e-06,0.0,0.0,-0.0,4334.6025390625,0.0,318.543212890625,1895.4371337890625,0.0,1714.0040283203125,0.5349342226982117,1.0,0.0,3.0,1.0,0.0
12323520,297.092529296875,297.1499938964844,293.1499938964844,0.0,-0.0,286.5079040527344,0.8976908326148987,0.384995698928833,0.3477621376514435,297.1217346191406,297.1499938964844,293.1499938964844,0.0,-0.0,286.5078125,0.982029914855957,0.4963228106498718,0.4706630706787109,297.1340637207031,297.1499938964844,293.1499938964844,0.0,-0.0,286.5078430175781,0.9633764028549194,0.4669171571731567,0.3272213637828827,297.1462097167969,297.1499938964844,293.1499938964844,0.0,-0.0,286.50787353515625,0.9293587803840636,0.4233705997467041,0.402119517326355,297.1336364746094,297.1499938964844,293.1499938964844,0.0,-0.0,286.5080871582031,0.8080289363861084,0.277795135974884,1.258039474487305,286.5078125,286.04119873046875,293.2699890136719,287.5738220214844,293.2696838378906,297.13385009765625,286.5070495605469,1.0,0.6135444045066833,1.0,1.0,0.0,1.0,-3.369474411010742,3.369465112686157,9.129507816396654e-06,2.603050708770752,0.7862533330917358,0.7862533330917358,0.0,143.25106811523438,131.0,23089.181640625,-0.0,3011.874267578125,1.0,283.1499938964844,285.7696838378906,290.5754699707031,292.10064697265625,293.1499938964844,293.1499938964844,283.1499938964844,17305.095703125,18000.0,313.1499938964844,0.0,18000.0,1.0,0.0,0.0,0.0,1.0,0.7128996849060059,1.0,0.0,0.0,2.108818769454956,2.108827590942383,2.967371131035179e-07,4.265924453735352,4.265914440155029,9.78592834144365e-06,0.0,0.0,-0.0,4334.6025390625,0.0,318.543212890625,1895.4371337890625,0.0,1714.0040283203125,0.5349342226982117,1.0,0.0,3.0,1.0,0.0
12323580,297.0920104980469,297.1499938964844,293.1499938964844,0.0,-0.0,286.4893493652344,0.9089908599853516,0.3842172622680664,0.3468868434429168,297.1200866699219,297.1499938964844,293.1499938964844,0.0,-0.0,286.4892578125,0.9920378923416138,0.4957969486713409,0.4699799716472626,297.13287353515625,297.1499938964844,293.1499938964844,0.0,-0.0,286.4892883300781,0.9751291275024414,0.4665938317775726,0.326856791973114,297.1448669433594,297.1499938964844,293.1499938964844,0.0,-0.0,286.48931884765625,0.942832052707672,0.4231881201267242,0.4017575681209564,297.1337585449219,297.1499938964844,293.1499938964844,0.0,-0.0,286.489501953125,0.8177109956741333,0.2776008248329162,1.2562512159347534,286.4892578125,286.0163879394531,293.2900085449219,287.6180114746094,293.2896728515625,297.1338195800781,286.4886169433594,1.0,0.6103523373603821,1.0,1.0,0.0,1.0,-3.3645715713500977,3.364562511444092,9.10286689759232e-06,2.5992276668548584,0.7925972938537598,0.7925972938537598,0.0,138.02073669433594,134.0,23185.587890625,-0.0,2971.06884765625,1.0,283.1499938964844,285.7474670410156,290.6195068359375,292.1502380371094,293.1499938964844,293.1499938964844,283.1499938964844,17302.5546875,18000.0,313.1499938964844,0.0,18000.0,1.0,0.0,0.0,0.0,1.0,0.7131894826889038,1.0,0.0,0.0,2.135521173477173,2.1355302333831787,3.042993910185033e-07,4.265924453735352,4.265914440155029,9.78592834144365e-06,0.0,0.0,-0.0,4350.8779296875,0.0,328.8558044433594,1895.4371337890625,0.0,1716.356201171875,0.5407415628433228,1.0,0.0,3.0,1.0,0.0
12323640,297.0920104980469,297.1499938964844,293.1499938964844,0.0,-0.0,286.4893493652344,0.9089908599853516,0.3842172622680664,0.3468868434429168,297.1200866699219,297.1499938964844,293.1499938964844,0.0,-0.0,286.4892578125,0.9920378923416138,0.4957969486713409,0.4699799716472626,297.13287353515625,297.1499938964844,293.1499938964844,0.0,-0.0,286.4892883300781,0.9751291275024414,0.4665938317775726,0.326856791973114,297.1448669433594,297.1499938964844,293.1499938964844,0.0,-0.0,286.48931884765625,0.942832052707672,0.4231881201267242,0.4017575681209564,297.1337585449219,297.1499938964844,293.1499938964844,0.0,-0.0,286.489501953125,0.8177109956741333,0.2776008248329162,1.2562512159347534,286.4892578125,286.0163879394531,293.2900085449219,287.6180114746094,293.2896728515625,297.1338195800781,286.4886169433594,1.0,0.6103523373603821,1.0,1.0,0.0,1.0,-3.3645715713500977,3.364562511444092,9.10286689759232e-06,2.5992276668548584,0.7925972938537598,0.7925972938537598,0.0,138.02073669433594,134.0,23185.587890625,-0.0,2971.06884765625,1.0,283.1499938964844,285.7474670410156,290.6195068359375,292.1502380371094,293.1499938964844,293.1499938964844,283.1499938964844,17302.5546875,18000.0,313.1499938964844,0.0,18000.0,1.0,0.0,0.0,0.0,1.0,0.7131894826889038,1.0,0.0,0.0,2.135521173477173,2.1355302333831787,3.042993910185033e-07,4.265924453735352,4.265914440155029,9.78592834144365e-06,0.0,0.0,-0.0,4350.8779296875,0.0,328.8558044433594,1895.4371337890625,0.0,1716.356201171875,0.5407415628433228,1.0,0.0,3.0,1.0,0.0
12323700,297.09161376953125,297.1499938964844,293.1499938964844,0.0,-0.0,286.48065185546875,0.9111091494560242,0.3838100731372833,0.3464944064617157,297.1191711425781,297.1499938964844,293.1499938964844,0.0,-0.0,286.4805908203125,0.9937743544578552,0.4955174624919891,0.4696870446205139,297.1321716308594,297.1499938964844,293.1499938964844,0.0,-0.0,286.4805908203125,0.9772310853004456,0.4664154946804046,0.3267104029655456,297.14410400390625,297.1499938964844,293.1499938964844,0.0,-0.0,286.4806213378906,0.9453625679016112,0.4230805337429046,0.4016256034374237,297.1336669921875,297.1499938964844,293.1499938964844,0.0,-0.0,286.4808044433594,0.8194931745529175,0.2774907350540161,1.255607843399048,286.4805908203125,286.0039978027344,293.29998779296875,287.640625,293.2996826171875,297.1336669921875,286.4799499511719,1.0,0.6095863580703735,1.0,1.0,0.0,1.0,-3.362638235092163,3.362629175186157,9.09242135094246e-06,2.597738981246948,0.7958120107650757,0.7958120107650757,0.0,137.00515747070312,134.0,23235.955078125,-0.0,2961.018310546875,1.0,283.1499938964844,285.7368469238281,290.6422424316406,292.1759338378906,293.1499938964844,293.1499938964844,283.1499938964844,17300.84375,18000.0,313.1499938964844,0.0,18000.0,1.0,0.0,0.0,0.0,1.0,0.713356077671051,1.0,0.0,0.0,2.1489040851593018,2.148913145065308,3.081253510117677e-07,4.265924453735352,4.265914440155029,9.78592834144365e-06,0.0,0.0,-0.0,4359.34716796875,0.0,334.1114807128906,1895.4371337890625,0.0,1717.7086181640625,0.543656051158905,1.0,0.0,3.0,1.0,0.0
12323760,297.09112548828125,297.1499938964844,293.1499938964844,0.0,-0.0,286.47216796875,0.9115035533905028,0.3833913207054138,0.3461156785488128,297.1181945800781,297.1499938964844,293.1499938964844,0.0,-0.0,286.4720764160156,0.9941930174827576,0.495226502418518,0.4694090187549591,297.1313781738281,297.1499938964844,293.1499938964844,0.0,-0.0,286.4721069335937,0.9777792096138,0.4662258625030517,0.3265750706195831,297.1432800292969,297.1499938964844,293.1499938964844,0.0,-0.0,286.4721374511719,0.9460592865943908,0.4229615330696106,0.4015085995197296,297.1335144042969,297.1499938964844,293.1499938964844,0.0,-0.0,286.4723205566406,0.8199572563171387,0.2773708403110504,1.2550431489944458,286.4720764160156,285.9916076660156,293.3099975585937,287.6635437011719,293.3096923828125,297.1334228515625,286.4714660644531,1.0,0.609188973903656,1.0,1.0,0.0,1.0,-3.360865592956543,3.360856533050537,9.082861652132124e-06,2.596379041671753,0.7990549802780151,0.7990549802780151,0.0,136.6472625732422,137.0,23286.80859375,-0.0,2955.1015625,1.0,283.1499938964844,285.72637939453125,290.66534423828125,292.2021484375,293.1499938964844,293.1499938964844,283.1499938964844,17299.013671875,18000.0,313.1499938964844,0.0,18000.0,1.0,0.0,0.0,0.0,1.0,0.7135468125343323,1.0,0.0,0.0,2.1623096466064453,2.1623189449310303,3.11981750655832e-07,4.265924453735352,4.265914440155029,9.78592834144365e-06,0.0,0.0,-0.0,4367.94970703125,0.0,339.4356689453125,1895.4371337890625,0.0,1719.2576904296875,0.5465782880783081,1.0,0.0,3.0,1.0,0.0
12323820,297.08990478515625,297.1499938964844,293.1499938964844,0.0,-0.0,286.45556640625,0.9087552428245544,0.3825238347053528,0.3453790247440338,297.1161193847656,297.1499938964844,293.1499938964844,0.0,-0.0,286.4555053710937,0.9923704862594604,0.4946126043796539,0.4688738286495209,297.1296691894531,297.1499938964844,293.1499938964844,0.0,-0.0,286.4555053710937,0.9757370948791504,0.4658157527446747,0.3263204395771026,297.1414489746094,297.1499938964844,293.1499938964844,0.0,-0.0,286.4555358886719,0.9437243342399596,0.4226916432380676,0.4012955129146576,297.1329345703125,297.1499938964844,293.1499938964844,0.0,-0.0,286.4557189941406,0.8181964159011841,0.2771033644676208,1.2540323734283447,286.4555053710937,285.966796875,293.3299865722656,287.7102355957031,293.3296813964844,297.1326904296875,286.45489501953125,1.0,0.6091243624687195,1.0,1.0,0.0,1.0,-3.357557535171509,3.357548475265503,9.065064659807833e-06,2.5938515663146973,0.8056262135505676,0.8056262135505676,0.0,137.25210571289062,140.0,23388.810546875,-0.0,2951.370361328125,1.0,283.1499938964844,285.7058410644531,290.71246337890625,292.255615234375,293.1499938964844,293.1499938964844,283.1499938964844,17295.2421875,18000.0,313.1499938964844,0.0,18000.0,1.0,0.0,0.0,0.0,1.0,0.7139915823936462,1.0,0.0,0.0,2.1891891956329346,2.189198732376098,3.197864089088398e-07,4.265924453735352,4.265914440155029,9.78592834144365e-06,0.0,0.0,-0.0,4385.41357421875,0.0,350.293212890625,1895.4371337890625,0.0,1722.873046875,0.5524464249610901,1.0,0.0,3.0,1.0,0.0
12323880,297.08990478515625,297.1499938964844,293.1499938964844,0.0,-0.0,286.45556640625,0.9087552428245544,0.3825238347053528,0.3453790247440338,297.1161193847656,297.1499938964844,293.1499938964844,0.0,-0.0,286.4555053710937,0.9923704862594604,0.4946126043796539,0.4688738286495209,297.1296691894531,297.1499938964844,293.1499938964844,0.0,-0.0,286.4555053710937,0.9757370948791504,0.4658157527446747,0.3263204395771026,297.1414489746094,297.1499938964844,293.1499938964844,0.0,-0.0,286.4555358886719,0.9437243342399596,0.4226916432380676,0.4012955129146576,297.1329345703125,297.1499938964844,293.1499938964844,0.0,-0.0,286.4557189941406,0.8181964159011841,0.2771033644676208,1.2540323734283447,286.4555053710937,285.966796875,293.3299865722656,287.7102355957031,293.3296813964844,297.1326904296875,286.45489501953125,1.0,0.6091243624687195,1.0,1.0,0.0,1.0,-3.357557535171509,3.357548475265503,9.065064659807833e-06,2.5938515663146973,0.8056262135505676,0.8056262135505676,0.0,137.25210571289062,140.0,23388.810546875,-0.0,2951.370361328125,1.0,283.1499938964844,285.7058410644531,290.71246337890625,292.255615234375,293.1499938964844,293.1499938964844,283.1499938964844,17295.2421875,18000.0,313.1499938964844,0.0,18000.0,1.0,0.0,0.0,0.0,1.0,0.7139915823936462,1.0,0.0,0.0,2.1891891956329346,2.189198732376098,3.197864089088398e-07,4.265924453735352,4.265914440155029,9.78592834144365e-06,0.0,0.0,-0.0,4385.41357421875,0.0,350.293212890625,1895.4371337890625,0.0,1722.873046875,0.5524464249610901,1.0,0.0,3.0,1.0,0.0
12323940,297.0885314941406,297.1499938964844,293.1499938964844,0.0,-0.0,286.4393615722656,0.9033477306365968,0.3816229701042175,0.3446520864963531,297.1139221191406,297.1499938964844,293.1499938964844,0.0,-0.0,286.43927001953125,0.9882283806800842,0.493959903717041,0.4683445990085602,297.1278076171875,297.1499938964844,293.1499938964844,0.0,-0.0,286.4393005371094,0.9710022807121276,0.465369164943695,0.3260716795921325,297.1394958496094,297.1499938964844,293.1499938964844,0.0,-0.0,286.4393310546875,0.938292682170868,0.4223834574222564,0.4010887145996094,297.1321105957031,297.1499938964844,293.1499938964844,0.0,-0.0,286.4394836425781,0.8142070770263672,0.2768034636974334,1.2530765533447266,286.43927001953125,285.9419860839844,293.3500061035156,287.7579650878906,293.34967041015625,297.1317138671875,286.43865966796875,1.0,0.6096616983413696,1.0,1.0,0.0,1.0,-3.3543496131896973,3.3543405532836914,9.047845196619164e-06,2.591409921646118,0.8123149871826172,0.8123149871826172,0.0,138.96856689453125,143.0,23490.169921875,-0.0,2954.227294921875,1.0,283.1499938964844,285.6856384277344,290.76043701171875,292.3100280761719,293.1499938964844,293.1499938964844,283.1499938964844,17291.587890625,18000.0,313.1499938964844,0.0,18000.0,1.0,0.0,0.0,0.0,1.0,0.7144904732704163,1.0,0.0,0.0,2.216156482696533,2.2161660194396973,3.277133941992361e-07,4.265924453735352,4.265914440155029,9.78592834144365e-06,0.0,0.0,-0.0,4403.0849609375,0.0,361.4342346191406,1895.4371337890625,0.0,1726.931640625,0.5583454370498657,1.0,0.0,3.0,1.0,0.0
12324000,297.0885314941406,297.1499938964844,293.1499938964844,0.0,-0.0,286.4393615722656,0.9033477306365968,0.3816229701042175,0.3446520864963531,297.1139221191406,297.1499938964844,293.1499938964844,0.0,-0.0,286.43927001953125,0.9882283806800842,0.493959903717041,0.4683445990085602,297.1278076171875,297.1499938964844,293.1499938964844,0.0,-0.0,286.4393005371094,0.9710022807121276,0.465369164943695,0.3260716795921325,297.1394958496094,297.1499938964844,293.1499938964844,0.0,-0.0,286.4393310546875,0.938292682170868,0.4223834574222564,0.4010887145996094,297.1321105957031,297.1499938964844,293.1499938964844,0.0,-0.0,286.4394836425781,0.8142070770263672,0.2768034636974334,1.2530765533447266,286.43927001953125,285.9419860839844,293.3500061035156,287.7579650878906,293.34967041015625,297.1317138671875,286.43865966796875,1.0,0.6096616983413696,1.0,1.0,0.0,1.0,-3.3543496131896973,3.3543405532836914,9.047845196619164e-06,2.591409921646118,0.8123149871826172,0.8123149871826172,0.0,138.96856689453125,143.0,23490.169921875,-0.0,2954.227294921875,1.0,283.1499938964844,285.6856384277344,290.76043701171875,292.3100280761719,293.1499938964844,293.1499938964844,283.1499938964844,17291.587890625,18000.0,313.1499938964844,0.0,18000.0,1.0,0.0,0.0,0.0,1.0,0.7144904732704163,1.0,0.0,0.0,2.216156482696533,2.2161660194396973,3.277133941992361e-07,4.265924453735352,4.265914440155029,9.78592834144365e-06,0.0,0.0,-0.0,4403.0849609375,0.0,361.4342346191406,1895.4371337890625,0.0,1726.931640625,0.5583454370498657,1.0,0.0,3.0,1.0,0.0
12324060,297.0870666503906,297.1499938964844,293.1499938964844,0.0,-0.0,286.42340087890625,0.8968865275382996,0.3806960880756378,0.3439231514930725,297.1116638183594,297.1499938964844,293.1499938964844,0.0,-0.0,286.4233093261719,0.9827160239219666,0.4932734370231628,0.4678065180778503,297.1258544921875,297.1499938964844,293.1499938964844,0.0,-0.0,286.42333984375,0.9647509455680848,0.4648915827274322,0.3258182406425476,297.137451171875,297.1499938964844,293.1499938964844,0.0,-0.0,286.4233703613281,0.931310772895813,0.4220423996448517,0.4008737504482269,297.1311340332031,297.1499938964844,293.1499938964844,0.0,-0.0,286.42352294921875,0.8090434074401855,0.2764776945114136,1.2521116733551023,286.4233093261719,285.9172058105469,293.3699951171875,287.8065490722656,293.36968994140625,297.130615234375,286.4227294921875,1.0,0.6105148196220398,1.0,1.0,0.0,1.0,-3.351102113723755,3.351093053817749,9.030444743984845e-06,2.5889432430267334,0.8191240429878235,0.8191240429878235,0.0,141.29103088378906,146.0,23590.177734375,-0.0,2960.457763671875,1.0,283.1499938964844,285.6656799316406,290.80908203125,292.3651123046875,293.1499938964844,293.1499938964844,283.1499938964844,17288.322265625,18000.0,313.1499938964844,0.0,18000.0,1.0,0.0,0.0,0.0,1.0,0.71500164270401,1.0,0.0,0.0,2.243197441101074,2.2432069778442383,3.357595232955646e-07,4.265924453735352,4.265914440155029,9.78592834144365e-06,0.0,0.0,-0.0,4420.8671875,0.0,372.8594970703125,1895.4371337890625,0.0,1731.0946044921875,0.5642724633216858,1.0,0.0,3.0,1.0,0.0
12324120,297.0870666503906,297.1499938964844,293.1499938964844,0.0,-0.0,286.42340087890625,0.8968865275382996,0.3806960880756378,0.3439231514930725,297.1116638183594,297.1499938964844,293.1499938964844,0.0,-0.0,286.4233093261719,0.9827160239219666,0.4932734370231628,0.4678065180778503,297.1258544921875,297.1499938964844,293.1499938964844,0.0,-0.0,286.42333984375,0.9647509455680848,0.4648915827274322,0.3258182406425476,297.137451171875,297.1499938964844,293.1499938964844,0.0,-0.0,286.4233703613281,0.931310772895813,0.4220423996448517,0.4008737504482269,297.1311340332031,297.1499938964844,293.1499938964844,0.0,-0.0,286.42352294921875,0.8090434074401855,0.2764776945114136,1.2521116733551023,286.4233093261719,285.9172058105469,293.3699951171875,287.8065490722656,293.36968994140625,297.130615234375,286.4227294921875,1.0,0.6105148196220398,1.0,1.0,0.0,1.0,-3.351102113723755,3.351093053817749,9.030444743984845e-06,2.5889432430267334,0.8191240429878235,0.8191240429878235,0.0,141.29103088378906,146.0,23590.177734375,-0.0,2960.457763671875,1.0,283.1499938964844,285.6656799316406,290.80908203125,292.3651123046875,293.1499938964844,293.1499938964844,283.1499938964844,17288.322265625,18000.0,313.1499938964844,0.0,18000.0,1.0,0.0,0.0,0.0,1.0,0.71500164270401,1.0,0.0,0.0,2.243197441101074,2.2432069778442383,3.357595232955646e-07,4.265924453735352,4.265914440155029,9.78592834144365e-06,0.0,0.0,-0.0,4420.8671875,0.0,372.8594970703125,1895.4371337890625,0.0,1731.0946044921875,0.5642724633216858,1.0,0.0,3.0,1.0,0.0
12324180,297.0856018066406,297.1499938964844,293.1499938964844,0.0,-0.0,286.4076843261719,0.889947772026062,0.3797484636306762,0.3431870937347412,297.109375,297.1499938964844,293.1499938964844,0.0,-0.0,286.4075927734375,0.9763773679733276,0.4925573170185089,0.4672528803348541,297.1239013671875,297.1499938964844,293.1499938964844,0.0,-0.0,286.4076232910156,0.957665741443634,0.4643871486186981,0.3255552053451538,297.1353759765625,297.1499938964844,293.1499938964844,0.0,-0.0,286.4076538085937,0.9237059950828552,0.4216729402542114,0.4006443321704864,297.13006591796875,297.1499938964844,293.1499938964844,0.0,-0.0,286.4078063964844,0.8032352924346924,0.2761318683624267,1.2511131763458252,286.4075927734375,285.89239501953125,293.3900146484375,287.85577392578125,293.3896789550781,297.1294250488281,286.4070129394531,1.0,0.6115293502807617,1.0,1.0,0.0,1.0,-3.3477582931518555,3.3477492332458496,9.012551345222164e-06,2.5864055156707764,0.8260561227798462,0.8260561227798462,0.0,143.94210815429688,149.0,23688.498046875,-0.0,2968.343017578125,1.0,283.1499938964844,285.64599609375,290.8582458496094,292.420654296875,293.1499938964844,293.1499938964844,283.1499938964844,17285.591796875,18000.0,313.1499938964844,0.0,18000.0,1.0,0.0,0.0,0.0,1.0,0.7154977917671204,1.0,0.0,0.0,2.27028751373291,2.2702975273132324,3.439181739395281e-07,4.265924453735352,4.265914440155029,9.78592834144365e-06,0.0,0.0,-0.0,4438.712890625,0.0,384.5641784667969,1895.4371337890625,0.0,1735.138916015625,0.5702229142189026,1.0,0.0,3.0,1.0,0.0
12324240,297.0856018066406,297.1499938964844,293.1499938964844,0.0,-0.0,286.4076843261719,0.889947772026062,0.3797484636306762,0.3431870937347412,297.109375,297.1499938964844,293.1499938964844,0.0,-0.0,286.4075927734375,0.9763773679733276,0.4925573170185089,0.4672528803348541,297.1239013671875,297.1499938964844,293.1499938964844,0.0,-0.0,286.4076232910156,0.957665741443634,0.4643871486186981,0.3255552053451538,297.1353759765625,297.1499938964844,293.1499938964844,0.0,-0.0,286.4076538085937,0.9237059950828552,0.4216729402542114,0.4006443321704864,297.13006591796875,297.1499938964844,293.1499938964844,0.0,-0.0,286.4078063964844,0.8032352924346924,0.2761318683624267,1.2511131763458252,286.4075927734375,285.89239501953125,293.3900146484375,287.85577392578125,293.3896789550781,297.1294250488281,286.4070129394531,1.0,0.6115293502807617,1.0,1.0,0.0,1.0,-3.3477582931518555,3.3477492332458496,9.012551345222164e-06,2.5864055156707764,0.8260561227798462,0.8260561227798462,0.0,143.94210815429688,149.0,23688.498046875,-0.0,2968.343017578125,1.0,283.1499938964844,285.64599609375,290.8582458496094,292.420654296875,293.1499938964844,293.1499938964844,283.1499938964844,17285.591796875,18000.0,313.1499938964844,0.0,18000.0,1.0,0.0,0.0,0.0,1.0,0.7154977917671204,1.0,0.0,0.0,2.27028751373291,2.2702975273132324,3.439181739395281e-07,4.265924453735352,4.265914440155029,9.78592834144365e-06,0.0,0.0,-0.0,4438.712890625,0.0,384.5641784667969,1895.4371337890625,0.0,1735.138916015625,0.5702229142189026,1.0,0.0,3.0,1.0,0.0
12324300,297.0848693847656,297.1499938964844,293.1499938964844,0.0,-0.0,286.39990234375,0.8864331841468811,0.3792679905891418,0.342815637588501,297.1082458496094,297.1499938964844,293.1499938964844,0.0,-0.0,286.3998413085937,0.973002552986145,0.4921889305114746,0.4669691026210785,297.1229248046875,297.1499938964844,293.1499938964844,0.0,-0.0,286.3998413085937,0.9539426565170288,0.4641256034374237,0.3254192769527435,297.13433837890625,297.1499938964844,293.1499938964844,0.0,-0.0,286.3998718261719,0.9198547601699828,0.4214784204959869,0.4005231261253357,297.1295471191406,297.1499938964844,293.1499938964844,0.0,-0.0,286.4000244140625,0.8002471923828125,0.2759527266025543,1.2505985498428345,286.3998413085937,285.8800048828125,293.3999938964844,287.880615234375,293.3996887207031,297.1288146972656,286.3992614746094,1.0,0.6120701432228088,1.0,1.0,0.0,1.0,-3.3460421562194824,3.346033334732056,9.003376362670679e-06,2.585103750228882,0.8295701742172241,0.8295701742172241,0.0,145.34194946289062,149.0,23736.974609375,-0.0,2972.607421875,1.0,283.1499938964844,285.63623046875,290.8830261230469,292.4486083984375,293.1499938964844,293.1499938964844,283.1499938964844,17284.412109375,18000.0,313.1499938964844,0.0,18000.0,1.0,0.0,0.0,0.0,1.0,0.7157365083694458,1.0,0.0,0.0,2.283843755722046,2.283853530883789,3.48037559660952e-07,4.265924453735352,4.265914440155029,9.78592834144365e-06,0.0,0.0,-0.0,4447.6513671875,0.0,390.5194091796875,1895.4371337890625,0.0,1737.086669921875,0.5732057690620422,1.0,0.0,3.0,1.0,0.0
12324360,297.0841369628906,297.1499938964844,293.1499938964844,0.0,-0.0,286.3922119140625,0.8829357624053955,0.3787835836410522,0.3424417376518249,297.1071472167969,297.1499938964844,293.1499938964844,0.0,-0.0,286.3921203613281,0.9695340991020204,0.4918140769004822,0.4666804671287536,297.1219482421875,297.1499938964844,293.1499938964844,0.0,-0.0,286.39215087890625,0.9501537680625916,0.4638582170009613,0.3252801895141601,297.13330078125,297.1499938964844,293.1499938964844,0.0,-0.0,286.3921813964844,0.916046977043152,0.4212778508663177,0.4003974199295044,297.1289978027344,297.1499938964844,293.1499938964844,0.0,-0.0,286.392333984375,0.797261655330658,0.2757701277732849,1.2500735521316528,286.3921203613281,285.8676147460937,293.4100036621094,287.9055480957031,293.40966796875,297.1282043457031,286.3915405273437,1.0,0.6126234531402588,1.0,1.0,0.0,1.0,-3.3442957401275635,3.3442866802215576,8.994043128041085e-06,2.5837788581848145,0.8331165313720703,0.8331165313720703,0.0,146.7730255126953,152.0,23784.974609375,-0.0,2976.97900390625,1.0,283.1499938964844,285.62652587890625,290.9079284667969,292.47662353515625,293.1499938964844,293.1499938964844,283.1499938964844,17283.400390625,18000.0,313.1499938964844,0.0,18000.0,1.0,0.0,0.0,0.0,1.0,0.7159684896469116,1.0,0.0,0.0,2.29740309715271,2.297413110733032,3.521824680774444e-07,4.265924453735352,4.265914440155029,9.78592834144365e-06,0.0,0.0,-0.0,4456.5927734375,0.0,396.542236328125,1895.4371337890625,0.0,1738.9796142578125,0.5761927366256714,1.0,0.0,3.0,1.0,0.0
12324420,297.08270263671875,297.1499938964844,293.1499938964844,0.0,-0.0,286.376953125,0.8760724067687988,0.3778044581413269,0.3416868448257446,297.1049194335937,297.1499938964844,293.1499938964844,0.0,-0.0,286.3768920898437,0.962407648563385,0.4910467565059662,0.4660888016223907,297.1200256347656,297.1499938964844,293.1499938964844,0.0,-0.0,286.3768920898437,0.9424940943717957,0.4633074104785919,0.3249925673007965,297.1312866210937,297.1499938964844,293.1499938964844,0.0,-0.0,286.3769226074219,0.908726692199707,0.4208602607250213,0.4001327157020569,297.1279296875,297.1499938964844,293.1499938964844,0.0,-0.0,286.3770751953125,0.7913708686828613,0.2753961980342865,1.2489943504333496,286.3768920898437,285.8428039550781,293.42999267578125,287.9556884765625,293.4296875,297.1269836425781,286.3763122558594,1.0,0.613750696182251,1.0,1.0,0.0,1.0,-3.340714454650879,3.340705394744873,8.974921001936309e-06,2.581061840057373,0.840304434299469,0.840304434299469,0.0,149.69578552246094,155.0,23879.52734375,-0.0,2985.8603515625,1.0,283.1499938964844,285.6073303222656,290.9579162597656,292.5328369140625,293.1499938964844,293.1499938964844,283.1499938964844,17282.060546875,18000.0,313.1499938964844,0.0,18000.0,1.0,0.0,0.0,0.0,1.0,0.7164125442504883,1.0,0.0,0.0,2.324512720108032,2.3245229721069336,3.605431118103297e-07,4.265924453735352,4.265914440155029,9.78592834144365e-06,0.0,0.0,-0.0,4474.46435546875,0.0,408.7848510742188,1895.4371337890625,0.0,1742.6063232421875,0.5821746587753296,1.0,0.0,3.0,1.0,0.0
12324480,297.08270263671875,297.1499938964844,293.1499938964844,0.0,-0.0,286.376953125,0.8760724067687988,0.3778044581413269,0.3416868448257446,297.1049194335937,297.1499938964844,293.1499938964844,0.0,-0.0,286.3768920898437,0.962407648563385,0.4910467565059662,0.4660888016223907,297.1200256347656,297.1499938964844,293.1499938964844,0.0,-0.0,286.3768920898437,0.9424940943717957,0.4633074104785919,0.3249925673007965,297.1312866210937,297.1499938964844,293.1499938964844,0.0,-0.0,286.3769226074219,0.908726692199707,0.4208602607250213,0.4001327157020569,297.1279296875,297.1499938964844,293.1499938964844,0.0,-0.0,286.3770751953125,0.7913708686828613,0.2753961980342865,1.2489943504333496,286.3768920898437,285.8428039550781,293.42999267578125,287.9556884765625,293.4296875,297.1269836425781,286.3763122558594,1.0,0.613750696182251,1.0,1.0,0.0,1.0,-3.340714454650879,3.340705394744873,8.974921001936309e-06,2.581061840057373,0.840304434299469,0.840304434299469,0.0,149.69578552246094,155.0,23879.52734375,-0.0,2985.8603515625,1.0,283.1499938964844,285.6073303222656,290.9579162597656,292.5328369140625,293.1499938964844,293.1499938964844,283.1499938964844,17282.060546875,18000.0,313.1499938964844,0.0,18000.0,1.0,0.0,0.0,0.0,1.0,0.7164125442504883,1.0,0.0,0.0,2.324512720108032,2.3245229721069336,3.605431118103297e-07,4.265924453735352,4.265914440155029,9.78592834144365e-06,0.0,0.0,-0.0,4474.46435546875,0.0,408.7848510742188,1895.4371337890625,0.0,1742.6063232421875,0.5821746587753296,1.0,0.0,3.0,1.0,0.0
12324540,297.0813293457031,297.1499938964844,293.1499938964844,0.0,-0.0,286.3619689941406,0.8694505095481873,0.3768126666545868,0.3409222960472107,297.102783203125,297.1499938964844,293.1499938964844,0.0,-0.0,286.3619079589844,0.9551326632499696,0.4902564883232116,0.4654774665832519,297.1181335449219,297.1499938964844,293.1499938964844,0.0,-0.0,286.3619079589844,0.9348605275154114,0.462735503911972,0.3246917426586151,297.1293029785156,297.1499938964844,293.1499938964844,0.0,-0.0,286.3619384765625,0.9020020961761476,0.4204213321208954,0.3998498320579529,297.1269226074219,297.1499938964844,293.1499938964844,0.0,-0.0,286.3620910644531,0.7856498956680298,0.2750122249126434,1.2478781938552856,286.36187744140625,285.8179931640625,293.45001220703125,288.0060119628906,293.4496765136719,297.1258239746094,286.361328125,1.0,0.6148893237113953,1.0,1.0,0.0,1.0,-3.3370156288146973,3.3370065689086914,8.955188604886644e-06,2.578254461288452,0.8476258516311646,0.8476258516311646,0.0,152.6688690185547,158.0,23972.125,-0.0,2994.75146484375,1.0,283.1499938964844,285.5884094238281,291.00811767578125,292.5892028808594,293.1499938964844,293.1499938964844,283.1499938964844,17281.52734375,18000.0,313.1499938964844,0.0,18000.0,1.0,0.0,0.0,0.0,1.0,0.7168338298797607,1.0,0.0,0.0,2.3515889644622803,2.3515992164611816,3.689913512516796e-07,4.265924453735352,4.265914440155029,9.78592834144365e-06,0.0,0.0,-0.0,4492.29443359375,0.0,421.2820434570313,1895.4371337890625,0.0,1746.0499267578125,0.5881620645523071,1.0,0.0,3.0,1.0,0.0
12324600,297.0813293457031,297.1499938964844,293.1499938964844,0.0,-0.0,286.3619689941406,0.8694505095481873,0.3768126666545868,0.3409222960472107,297.102783203125,297.1499938964844,293.1499938964844,0.0,-0.0,286.3619079589844,0.9551326632499696,0.4902564883232116,0.4654774665832519,297.1181335449219,297.1499938964844,293.1499938964844,0.0,-0.0,286.3619079589844,0.9348605275154114,0.462735503911972,0.3246917426586151,297.1293029785156,297.1499938964844,293.1499938964844,0.0,-0.0,286.3619384765625,0.9020020961761476,0.4204213321208954,0.3998498320579529,297.1269226074219,297.1499938964844,293.1499938964844,0.0,-0.0,286.3620910644531,0.7856498956680298,0.2750122249126434,1.2478781938552856,286.36187744140625,285.8179931640625,293.45001220703125,288.0060119628906,293.4496765136719,297.1258239746094,286.361328125,1.0,0.6148893237113953,1.0,1.0,0.0,1.0,-3.3370156288146973,3.3370065689086914,8.955188604886644e-06,2.578254461288452,0.8476258516311646,0.8476258516311646,0.0,152.6688690185547,158.0,23972.125,-0.0,2994.75146484375,1.0,283.1499938964844,285.5884094238281,291.00811767578125,292.5892028808594,293.1499938964844,293.1499938964844,283.1499938964844,17281.52734375,18000.0,313.1499938964844,0.0,18000.0,1.0,0.0,0.0,0.0,1.0,0.7168338298797607,1.0,0.0,0.0,2.3515889644622803,2.3515992164611816,3.689913512516796e-07,4.265924453735352,4.265914440155029,9.78592834144365e-06,0.0,0.0,-0.0,4492.29443359375,0.0,421.2820434570313,1895.4371337890625,0.0,1746.0499267578125,0.5881620645523071,1.0,0.0,3.0,1.0,0.0
12324660,297.0800170898437,297.1499938964844,293.1499938964844,0.0,-0.0,286.3472595214844,0.86311274766922,0.3758096992969513,0.3401486575603485,297.1006774902344,297.1499938964844,293.1499938964844,0.0,-0.0,286.34716796875,0.9478150606155396,0.489444762468338,0.4648469388484955,297.1163024902344,297.1499938964844,293.1499938964844,0.0,-0.0,286.3471984863281,0.9273903369903564,0.4621434807777405,0.3243777751922607,297.1273803710937,297.1499938964844,293.1499938964844,0.0,-0.0,286.34722900390625,0.8956959247589111,0.4199625849723816,0.3995493054389953,297.1259460449219,297.1499938964844,293.1499938964844,0.0,-0.0,286.3473815917969,0.7801429629325867,0.2746201157569885,1.2467294931411743,286.34716796875,285.793212890625,293.4700012207031,288.0563659667969,293.4696655273437,297.12469482421875,286.3466186523437,1.0,0.6160275340080261,1.0,1.0,0.0,1.0,-3.3332066535949707,3.333197832107544,8.934886864153668e-06,2.575361490249634,0.8550825715065002,0.8550825715065002,0.0,155.6678924560547,161.0,24062.740234375,-0.0,3003.5283203125,1.0,283.1499938964844,285.5697937011719,291.05841064453125,292.64556884765625,293.1499938964844,293.1499938964844,283.1499938964844,17281.95703125,18000.0,313.1499938964844,0.0,18000.0,1.0,0.0,0.0,0.0,1.0,0.717237651348114,1.0,0.0,0.0,2.37859845161438,2.3786089420318604,3.775162440433633e-07,4.265924453735352,4.265914440155029,9.78592834144365e-06,0.0,0.0,-0.0,4510.03759765625,0.0,434.0209045410156,1895.4371337890625,0.0,1749.3536376953125,0.5941470861434937,1.0,0.0,3.0,1.0,0.0
12324720,297.0800170898437,297.1499938964844,293.1499938964844,0.0,-0.0,286.3472595214844,0.86311274766922,0.3758096992969513,0.3401486575603485,297.1006774902344,297.1499938964844,293.1499938964844,0.0,-0.0,286.34716796875,0.9478150606155396,0.489444762468338,0.4648469388484955,297.1163024902344,297.1499938964844,293.1499938964844,0.0,-0.0,286.3471984863281,0.9273903369903564,0.4621434807777405,0.3243777751922607,297.1273803710937,297.1499938964844,293.1499938964844,0.0,-0.0,286.34722900390625,0.8956959247589111,0.4199625849723816,0.3995493054389953,297.1259460449219,297.1499938964844,293.1499938964844,0.0,-0.0,286.3473815917969,0.7801429629325867,0.2746201157569885,1.2467294931411743,286.34716796875,285.793212890625,293.4700012207031,288.0563659667969,293.4696655273437,297.12469482421875,286.3466186523437,1.0,0.6160275340080261,1.0,1.0,0.0,1.0,-3.3332066535949707,3.333197832107544,8.934886864153668e-06,2.575361490249634,0.8550825715065002,0.8550825715065002,0.0,155.6678924560547,161.0,24062.740234375,-0.0,3003.5283203125,1.0,283.1499938964844,285.5697937011719,291.05841064453125,292.64556884765625,293.1499938964844,293.1499938964844,283.1499938964844,17281.95703125,18000.0,313.1499938964844,0.0,18000.0,1.0,0.0,0.0,0.0,1.0,0.717237651348114,1.0,0.0,0.0,2.37859845161438,2.3786089420318604,3.775162440433633e-07,4.265924453735352,4.265914440155029,9.78592834144365e-06,0.0,0.0,-0.0,4510.03759765625,0.0,434.0209045410156,1895.4371337890625,0.0,1749.3536376953125,0.5941470861434937,1.0,0.0,3.0,1.0,0.0
12324780,297.07879638671875,297.1499938964844,293.1499938964844,0.0,-0.0,286.3336486816406,0.8570691347122192,0.3747971653938293,0.3393662571907043,297.0986328125,297.1499938964844,293.1499938964844,0.0,-0.0,286.3336181640625,0.9405397772789,0.4886128902435303,0.4641974866390228,297.1144714355469,297.1499938964844,293.1499938964844,0.0,-0.0,286.3336486816406,0.9201951622962952,0.4615321457386017,0.3240504264831543,297.12548828125,297.1499938964844,293.1499938964844,0.0,-0.0,286.3336486816406,0.8896225690841675,0.4194852411746979,0.3992312848567962,297.125,297.1499938964844,293.1499938964844,0.0,-0.0,286.3337097167969,0.7748667597770691,0.2742215096950531,1.2455520629882812,286.3336181640625,285.7684020996094,293.489990234375,288.1065979003906,293.4896850585937,297.1236267089844,286.3335266113281,1.0,0.6171593070030212,1.0,1.0,0.0,1.0,-3.3292927742004395,3.3292839527130127,8.914043064578436e-06,2.5723862648010254,0.8626930117607117,0.8626930117607117,0.0,158.6800079345703,164.0,24161.46875,-0.0,3012.128173828125,1.0,283.1499938964844,285.5516662597656,291.1085510253906,292.7017517089844,293.1499938964844,293.1499938964844,283.1499938964844,17283.16796875,18000.0,313.1499938964844,0.0,18000.0,1.0,0.0,0.0,0.0,1.0,0.7176287174224854,1.0,0.0,0.0,2.4055118560791016,2.405522584915161,3.861076436351141e-07,4.265924453735352,4.265914440155029,9.78592834144365e-06,0.0,0.0,-0.0,4527.7412109375,0.0,446.9874877929688,1895.4371337890625,0.0,1752.55517578125,0.6001224517822266,1.0,0.0,3.0,1.0,0.0
12324840,297.07879638671875,297.1499938964844,293.1499938964844,0.0,-0.0,286.3336486816406,0.8570691347122192,0.3747971653938293,0.3393662571907043,297.0986328125,297.1499938964844,293.1499938964844,0.0,-0.0,286.3336181640625,0.9405397772789,0.4886128902435303,0.4641974866390228,297.1144714355469,297.1499938964844,293.1499938964844,0.0,-0.0,286.3336486816406,0.9201951622962952,0.4615321457386017,0.3240504264831543,297.12548828125,297.1499938964844,293.1499938964844,0.0,-0.0,286.3336486816406,0.8896225690841675,0.4194852411746979,0.3992312848567962,297.125,297.1499938964844,293.1499938964844,0.0,-0.0,286.3337097167969,0.7748667597770691,0.2742215096950531,1.2455520629882812,286.3336181640625,285.7684020996094,293.489990234375,288.1065979003906,293.4896850585937,297.1236267089844,286.3335266113281,1.0,0.6171593070030212,1.0,1.0,0.0,1.0,-3.3292927742004395,3.3292839527130127,8.914043064578436e-06,2.5723862648010254,0.8626930117607117,0.8626930117607117,0.0,158.6800079345703,164.0,24161.46875,-0.0,3012.128173828125,1.0,283.1499938964844,285.5516662597656,291.1085510253906,292.7017517089844,293.1499938964844,293.1499938964844,283.1499938964844,17283.16796875,18000.0,313.1499938964844,0.0,18000.0,1.0,0.0,0.0,0.0,1.0,0.7176287174224854,1.0,0.0,0.0,2.4055118560791016,2.405522584915161,3.861076436351141e-07,4.265924453735352,4.265914440155029,9.78592834144365e-06,0.0,0.0,-0.0,4527.7412109375,0.0,446.9874877929688,1895.4371337890625,0.0,1752.55517578125,0.6001224517822266,1.0,0.0,3.0,1.0,0.0
12324900,297.07843017578125,297.1499938964844,293.1499938964844,0.0,-0.0,286.3342590332031,0.8541833758354187,0.3743104636669159,0.3389805257320404,297.09783935546875,297.1499938964844,293.1499938964844,0.0,-0.0,286.33428955078125,0.9369743466377258,0.4882101118564605,0.46387380361557,297.1138000488281,297.1499938964844,293.1499938964844,0.0,-0.0,286.3342590332031,0.9167649149894714,0.4612415730953216,0.323888212442398,297.124755859375,297.1499938964844,293.1499938964844,0.0,-0.0,286.3342590332031,0.8867030143737793,0.419257640838623,0.3990727663040161,297.12469482421875,297.1499938964844,293.1499938964844,0.0,-0.0,286.3342590332031,0.7723399996757507,0.2740322947502136,1.244975209236145,286.33428955078125,285.7560119628906,293.5,288.1316223144531,293.4996643066406,297.12322998046875,286.3343505859375,1.0,0.6177253127098083,1.0,1.0,0.0,1.0,-3.327359914779663,3.3273510932922363,8.903748494049069e-06,2.570913076400757,0.8666782379150391,0.8666782379150391,0.0,160.1785430908203,164.0,24241.88671875,-0.0,3016.429443359375,1.0,283.1499938964844,285.5457763671875,291.13385009765625,292.7308654785156,293.1499938964844,293.1499938964844,283.1499938964844,17280.591796875,18000.0,313.1499938964844,0.0,18000.0,1.0,0.0,0.0,0.0,1.0,0.7178615927696228,1.0,0.0,0.0,2.419013023376465,2.4190237522125244,3.9045389144121145e-07,4.265924453735352,4.265914440155029,9.78592834144365e-06,0.0,0.0,-0.0,4538.2275390625,0.0,453.57855224609375,1895.4371337890625,0.0,1754.4630126953125,0.603120744228363,1.0,0.0,3.0,1.0,0.0
12324960,297.078369140625,297.1499938964844,293.1499938964844,0.0,-0.0,286.3353576660156,0.8514388799667358,0.3738518059253692,0.338617742061615,297.09735107421875,297.1499938964844,293.1499938964844,0.0,-0.0,286.3353881835937,0.933533489704132,0.487830638885498,0.4635691940784454,297.1134338378906,297.1499938964844,293.1499938964844,0.0,-0.0,286.3353881835937,0.9135239124298096,0.4609761536121368,0.3237415552139282,297.124267578125,297.1499938964844,293.1499938964844,0.0,-0.0,286.3353576660156,0.8839148283004761,0.4190504848957062,0.3989306986331939,297.12457275390625,297.1499938964844,293.1499938964844,0.0,-0.0,286.3353576660156,0.7699335217475891,0.2738602459430694,1.2444610595703125,286.3353881835937,285.7435913085937,293.510009765625,288.15655517578125,293.5096740722656,297.1230163574219,286.33544921875,1.0,0.6183009147644043,1.0,1.0,0.0,1.0,-3.325591325759888,3.325582504272461,8.894332495401613e-06,2.5695650577545166,0.8707626461982727,0.8707626461982727,0.0,161.6528778076172,167.0,24323.720703125,-0.0,3020.9462890625,1.0,283.1499938964844,285.5404357910156,291.1597900390625,292.7615051269531,293.1499938964844,293.1499938964844,283.1499938964844,17276.439453125,18000.0,313.1499938964844,0.0,18000.0,1.0,0.0,0.0,0.0,1.0,0.7182397842407227,1.0,0.0,0.0,2.432608366012573,2.432619094848633,3.948550784116378e-07,4.265924453735352,4.265914440155029,9.78592834144365e-06,0.0,0.0,-0.0,4549.1923828125,0.0,460.2771911621094,1895.4371337890625,0.0,1757.563232421875,0.6061392426490784,1.0,0.0,3.0,1.0,0.0
12325020,297.0787048339844,297.1499938964844,293.1499938964844,0.0,-0.0,286.3376159667969,0.8462651968002319,0.3729793429374695,0.3379410207271576,297.0968322753906,297.1499938964844,293.1499938964844,0.0,-0.0,286.3376159667969,0.9269466400146484,0.4871101677417755,0.4630031287670135,297.1131591796875,297.1499938964844,293.1499938964844,0.0,-0.0,286.3376159667969,0.907525599002838,0.4604844152927398,0.3234816789627075,297.1237487792969,297.1499938964844,293.1499938964844,0.0,-0.0,286.3376159667969,0.8786340355873108,0.4186709225177765,0.3986848592758178,297.1247253417969,297.1499938964844,293.1499938964844,0.0,-0.0,286.33758544921875,0.7653974294662476,0.2735517024993896,1.2436034679412842,286.3376159667969,285.71881103515625,293.5299987792969,288.2060241699219,293.5296630859375,297.1230163574219,286.33770751953125,1.0,0.6194873452186584,1.0,1.0,0.0,1.0,-3.3224568367004395,3.3224480152130127,8.877675099938642e-06,2.567182302474976,0.8792015910148621,0.8792015910148621,0.0,164.5682373046875,170.0,24489.25,-0.0,3030.652587890625,1.0,283.1499938964844,285.5298767089844,291.2119445800781,292.8240661621094,293.1499938964844,293.1499938964844,283.1499938964844,17267.552734375,18000.0,313.1499938964844,0.0,18000.0,1.0,0.0,0.0,0.0,1.0,0.7194368839263916,1.0,0.0,0.0,2.4600207805633545,2.460031747817993,4.038042504816986e-07,4.265924453735352,4.265914440155029,9.78592834144365e-06,0.0,0.0,-0.0,4571.3017578125,0.0,473.9941101074219,1895.4371337890625,0.0,1767.390869140625,0.6122323870658875,1.0,0.0,3.0,1.0,0.0
12325080,297.0787048339844,297.1499938964844,293.1499938964844,0.0,-0.0,286.3376159667969,0.8462651968002319,0.3729793429374695,0.3379410207271576,297.0968322753906,297.1499938964844,293.1499938964844,0.0,-0.0,286.3376159667969,0.9269466400146484,0.4871101677417755,0.4630031287670135,297.1131591796875,297.1499938964844,293.1499938964844,0.0,-0.0,286.3376159667969,0.907525599002838,0.4604844152927398,0.3234816789627075,297.1237487792969,297.1499938964844,293.1499938964844,0.0,-0.0,286.3376159667969,0.8786340355873108,0.4186709225177765,0.3986848592758178,297.1247253417969,297.1499938964844,293.1499938964844,0.0,-0.0,286.33758544921875,0.7653974294662476,0.2735517024993896,1.2436034679412842,286.3376159667969,285.71881103515625,293.5299987792969,288.2060241699219,293.5296630859375,297.1230163574219,286.33770751953125,1.0,0.6194873452186584,1.0,1.0,0.0,1.0,-3.3224568367004395,3.3224480152130127,8.877675099938642e-06,2.567182302474976,0.8792015910148621,0.8792015910148621,0.0,164.5682373046875,170.0,24489.25,-0.0,3030.652587890625,1.0,283.1499938964844,285.5298767089844,291.2119445800781,292.8240661621094,293.1499938964844,293.1499938964844,283.1499938964844,17267.552734375,18000.0,313.1499938964844,0.0,18000.0,1.0,0.0,0.0,0.0,1.0,0.7194368839263916,1.0,0.0,0.0,2.4600207805633545,2.460031747817993,4.038042504816986e-07,4.265924453735352,4.265914440155029,9.78592834144365e-06,0.0,0.0,-0.0,4571.3017578125,0.0,473.9941101074219,1895.4371337890625,0.0,1767.390869140625,0.6122323870658875,1.0,0.0,3.0,1.0,0.0
12325140,297.0793151855469,297.1499938964844,293.1499938964844,0.0,-0.0,286.3398132324219,0.8413764834403992,0.3721379041671753,0.3372986316680908,297.0966186523437,297.1499938964844,293.1499938964844,0.0,-0.0,286.33984375,0.9206601977348328,0.4864141345024109,0.4624665379524231,297.1131286621094,297.1499938964844,293.1499938964844,0.0,-0.0,286.33984375,0.9020837545394896,0.4600149095058441,0.323242574930191,297.1235046386719,297.1499938964844,293.1499938964844,0.0,-0.0,286.33984375,0.8736223578453064,0.4183140993118286,0.3984661102294922,297.1251525878906,297.1499938964844,293.1499938964844,0.0,-0.0,286.3398132324219,0.7611210942268372,0.2732744812965393,1.2429041862487793,286.33984375,285.6940002441406,293.54998779296875,288.2549133300781,293.5496826171875,297.123291015625,286.33990478515625,1.0,0.6207161545753479,1.0,1.0,0.0,1.0,-3.319647312164306,3.31963849067688,8.86277121026069e-06,2.565051317214966,0.8880010843276978,0.8880010843276978,0.0,167.48391723632812,173.0,24656.03515625,-0.0,3041.049560546875,1.0,283.1499938964844,285.5194091796875,291.2628173828125,292.8858947753906,293.1499938964844,293.1499938964844,283.1499938964844,17259.05078125,18000.0,313.1499938964844,0.0,18000.0,1.0,0.0,0.0,0.0,1.0,0.721043050289154,1.0,0.0,0.0,2.487711191177368,2.487722396850586,4.129459796331504e-07,4.265924453735352,4.265914440155029,9.78592834144365e-06,0.0,0.0,-0.0,4593.17138671875,0.0,488.1441650390625,1895.4371337890625,0.0,1780.61181640625,0.6183977127075195,1.0,0.0,3.0,1.0,0.0
12325200,297.0793151855469,297.1499938964844,293.1499938964844,0.0,-0.0,286.3398132324219,0.8413764834403992,0.3721379041671753,0.3372986316680908,297.0966186523437,297.1499938964844,293.1499938964844,0.0,-0.0,286.33984375,0.9206601977348328,0.4864141345024109,0.4624665379524231,297.1131286621094,297.1499938964844,293.1499938964844,0.0,-0.0,286.33984375,0.9020837545394896,0.4600149095058441,0.323242574930191,297.1235046386719,297.1499938964844,293.1499938964844,0.0,-0.0,286.33984375,0.8736223578453064,0.4183140993118286,0.3984661102294922,297.1251525878906,297.1499938964844,293.1499938964844,0.0,-0.0,286.3398132324219,0.7611210942268372,0.2732744812965393,1.2429041862487793,286.33984375,285.6940002441406,293.54998779296875,288.2549133300781,293.5496826171875,297.123291015625,286.33990478515625,1.0,0.6207161545753479,1.0,1.0,0.0,1.0,-3.319647312164306,3.31963849067688,8.86277121026069e-06,2.565051317214966,0.8880010843276978,0.8880010843276978,0.0,167.48391723632812,173.0,24656.03515625,-0.0,3041.049560546875,1.0,283.1499938964844,285.5194091796875,291.2628173828125,292.8858947753906,293.1499938964844,293.1499938964844,283.1499938964844,17259.05078125,18000.0,313.1499938964844,0.0,18000.0,1.0,0.0,0.0,0.0,1.0,0.721043050289154,1.0,0.0,0.0,2.487711191177368,2.487722396850586,4.129459796331504e-07,4.265924453735352,4.265914440155029,9.78592834144365e-06,0.0,0.0,-0.0,4593.17138671875,0.0,488.1441650390625,1895.4371337890625,0.0,1780.61181640625,0.6183977127075195,1.0,0.0,3.0,1.0,0.0
12325260,297.0799865722656,297.1499938964844,293.1499938964844,0.0,-0.0,286.34185791015625,0.8366938233375549,0.371309220790863,0.3366713225841522,297.09649658203125,297.1499938964844,293.1499938964844,0.0,-0.0,286.3418884277344,0.9146621227264404,0.485725075006485,0.461940199136734,297.1131591796875,297.1499938964844,293.1499938964844,0.0,-0.0,286.3418884277344,0.8969493508338928,0.4595488905906677,0.3230088055133819,297.1233825683594,297.1499938964844,293.1499938964844,0.0,-0.0,286.3418884277344,0.8688136339187622,0.4179639816284179,0.3982571959495544,297.1257019042969,297.1499938964844,293.1499938964844,0.0,-0.0,286.34185791015625,0.7570428252220154,0.2730158567428589,1.2423025369644165,286.3418884277344,285.669189453125,293.57000732421875,288.3030090332031,293.5696716308594,297.1236877441406,286.3419494628906,1.0,0.6219764351844788,1.0,1.0,0.0,1.0,-3.317003965377808,3.316995143890381,8.848761353874579e-06,2.563047409057617,0.8971570730209351,0.8971570730209351,0.0,170.41929626464844,176.0,24822.876953125,-0.0,3051.90234375,1.0,283.1499938964844,285.50897216796875,291.3118896484375,292.94598388671875,293.1499938964844,293.1499938964844,283.1499938964844,17252.078125,18000.0,313.1499938964844,0.0,18000.0,1.0,0.0,0.0,0.0,1.0,0.7228345274925232,1.0,0.0,0.0,2.515620470046997,2.515631914138794,4.222635539008479e-07,4.265924453735352,4.265914440155029,9.78592834144365e-06,0.0,0.0,-0.0,4614.6025390625,0.0,502.7143859863281,1895.4371337890625,0.0,1795.4061279296875,0.6246234178543091,1.0,0.0,3.0,1.0,0.0
12325320,297.0799865722656,297.1499938964844,293.1499938964844,0.0,-0.0,286.34185791015625,0.8366938233375549,0.371309220790863,0.3366713225841522,297.09649658203125,297.1499938964844,293.1499938964844,0.0,-0.0,286.3418884277344,0.9146621227264404,0.485725075006485,0.461940199136734,297.1131591796875,297.1499938964844,293.1499938964844,0.0,-0.0,286.3418884277344,0.8969493508338928,0.4595488905906677,0.3230088055133819,297.1233825683594,297.1499938964844,293.1499938964844,0.0,-0.0,286.3418884277344,0.8688136339187622,0.4179639816284179,0.3982571959495544,297.1257019042969,297.1499938964844,293.1499938964844,0.0,-0.0,286.34185791015625,0.7570428252220154,0.2730158567428589,1.2423025369644165,286.3418884277344,285.669189453125,293.57000732421875,288.3030090332031,293.5696716308594,297.1236877441406,286.3419494628906,1.0,0.6219764351844788,1.0,1.0,0.0,1.0,-3.317003965377808,3.316995143890381,8.848761353874579e-06,2.563047409057617,0.8971570730209351,0.8971570730209351,0.0,170.41929626464844,176.0,24822.876953125,-0.0,3051.90234375,1.0,283.1499938964844,285.50897216796875,291.3118896484375,292.94598388671875,293.1499938964844,293.1499938964844,283.1499938964844,17252.078125,18000.0,313.1499938964844,0.0,18000.0,1.0,0.0,0.0,0.0,1.0,0.7228345274925232,1.0,0.0,0.0,2.515620470046997,2.515631914138794,4.222635539008479e-07,4.265924453735352,4.265914440155029,9.78592834144365e-06,0.0,0.0,-0.0,4614.6025390625,0.0,502.7143859863281,1895.4371337890625,0.0,1795.4061279296875,0.6246234178543091,1.0,0.0,3.0,1.0,0.0
12325380,297.0805969238281,297.1499938964844,293.1499938964844,0.0,-0.0,286.3436889648437,0.8321803212165833,0.3704853653907776,0.3360503613948822,297.0963439941406,297.1499938964844,293.1499938964844,0.0,-0.0,286.3436889648437,0.908996045589447,0.4850345551967621,0.4614148139953613,297.11309814453125,297.1499938964844,293.1499938964844,0.0,-0.0,286.3436889648437,0.8919678330421448,0.4590775966644287,0.32277312874794,297.12322998046875,297.1499938964844,293.1499938964844,0.0,-0.0,286.3436889648437,0.864185631275177,0.4176125526428222,0.3980492949485779,297.12628173828125,297.1499938964844,293.1499938964844,0.0,-0.0,286.3436889648437,0.7531383037567139,0.2727685868740082,1.2417619228363037,286.3436889648437,285.6444091796875,293.5899963378906,288.35015869140625,293.58966064453125,297.1241760253906,286.34375,1.0,0.6232576370239258,1.0,1.0,0.0,1.0,-3.3144419193267822,3.3144330978393555,8.835187145450618e-06,2.5611026287078857,0.906666934490204,0.906666934490204,0.0,173.37579345703125,179.0,24988.865234375,-0.0,3063.033203125,1.0,283.1499938964844,285.49859619140625,291.3593139648437,293.0043334960937,293.1499938964844,293.1499938964844,283.1499938964844,17247.349609375,19080.0,313.1499938964844,0.0,18000.0,1.0,0.0,0.0,0.0,1.0,0.7246735692024231,1.0,0.0,0.0,2.543666362762451,2.543678045272827,4.317313937463041e-07,4.265924453735352,4.265914440155029,9.78592834144365e-06,0.0,0.0,-0.0,4635.59423828125,0.0,517.6747436523438,1895.4371337890625,0.0,1810.64453125,0.6338917016983032,1.0,0.0,3.0,1.0,0.0
12325440,297.0805969238281,297.1499938964844,293.1499938964844,0.0,-0.0,286.3436889648437,0.8321803212165833,0.3704853653907776,0.3360503613948822,297.0963439941406,297.1499938964844,293.1499938964844,0.0,-0.0,286.3436889648437,0.908996045589447,0.4850345551967621,0.4614148139953613,297.11309814453125,297.1499938964844,293.1499938964844,0.0,-0.0,286.3436889648437,0.8919678330421448,0.4590775966644287,0.32277312874794,297.12322998046875,297.1499938964844,293.1499938964844,0.0,-0.0,286.3436889648437,0.864185631275177,0.4176125526428222,0.3980492949485779,297.12628173828125,297.1499938964844,293.1499938964844,0.0,-0.0,286.3436889648437,0.7531383037567139,0.2727685868740082,1.2417619228363037,286.3436889648437,285.6444091796875,293.5899963378906,288.35015869140625,293.58966064453125,297.1241760253906,286.34375,1.0,0.6232576370239258,1.0,1.0,0.0,1.0,-3.3144419193267822,3.3144330978393555,8.835187145450618e-06,2.5611026287078857,0.906666934490204,0.906666934490204,0.0,173.37579345703125,179.0,24988.865234375,-0.0,3063.033203125,1.0,283.1499938964844,285.49859619140625,291.3593139648437,293.0043334960937,293.1499938964844,293.1499938964844,283.1499938964844,17247.349609375,19080.0,313.1499938964844,0.0,18000.0,1.0,0.0,0.0,0.0,1.0,0.7246735692024231,1.0,0.0,0.0,2.543666362762451,2.543678045272827,4.317313937463041e-07,4.265924453735352,4.265914440155029,9.78592834144365e-06,0.0,0.0,-0.0,4635.59423828125,0.0,517.6747436523438,1895.4371337890625,0.0,1810.64453125,0.6338917016983032,1.0,0.0,3.0,1.0,0.0
12325500,297.08062744140625,297.1499938964844,293.1499938964844,0.0,-0.0,286.334716796875,0.8299596905708313,0.3700488209724426,0.335733562707901,297.0960693359375,297.1499938964844,293.1499938964844,0.0,-0.0,286.33465576171875,0.906285285949707,0.4846652746200561,0.4611442983150482,297.11279296875,297.1499938964844,293.1499938964844,0.0,-0.0,286.33465576171875,0.8895118832588196,0.458814263343811,0.3226479589939117,297.1229553222656,297.1499938964844,293.1499938964844,0.0,-0.0,286.3346862792969,0.8619173765182495,0.4174157381057739,0.3979384899139404,297.12646484375,297.1499938964844,293.1499938964844,0.0,-0.0,286.3348388671875,0.7512308955192566,0.2726346552371979,1.241489291191101,286.33465576171875,285.6319885253906,293.6000061035156,288.37335205078125,293.59967041015625,297.1242980957031,286.33416748046875,1.0,0.6239006519317627,1.0,1.0,0.0,1.0,-3.313124418258667,3.31311559677124,8.828215868561529e-06,2.5601046085357666,0.911385178565979,0.911385178565979,0.0,174.86965942382812,179.0,25131.0625,-0.0,3068.60009765625,1.0,283.1499938964844,285.4804382324219,291.38397216796875,293.037353515625,293.1499938964844,293.1499938964844,283.1499938964844,17548.765625,19080.0,313.1499938964844,0.0,18000.0,1.0,0.0,0.0,0.0,1.0,0.7257993221282959,1.0,0.0,0.0,2.5797011852264404,2.5797131061553955,4.44050272108143e-07,4.265924453735352,4.265914440155029,9.78592834144365e-06,0.0,0.0,-0.0,4650.3017578125,0.0,538.9803466796875,1895.4371337890625,0.0,1819.9981689453125,0.6398554444313049,1.0,0.0,3.0,1.0,0.0
12325560,297.08038330078125,297.1499938964844,293.1499938964844,0.0,-0.0,286.3294372558594,0.8277048468589783,0.3695845305919647,0.3353889882564544,297.0954895019531,297.1499938964844,293.1499938964844,0.0,-0.0,286.32940673828125,0.9036096334457396,0.4842681288719177,0.4608459174633026,297.1122131347656,297.1499938964844,293.1499938964844,0.0,-0.0,286.32940673828125,0.8870192170143127,0.4585203528404236,0.3224997818470001,297.1224365234375,297.1499938964844,293.1499938964844,0.0,-0.0,286.3294372558594,0.8596247434616089,0.4171939194202423,0.397803246974945,297.1264343261719,297.1499938964844,293.1499938964844,0.0,-0.0,286.3295288085937,0.7493056058883667,0.2724848091602325,1.2411487102508545,286.32940673828125,285.6195983886719,293.6099853515625,288.396240234375,293.60968017578125,297.1242370605469,286.3290405273437,1.0,0.6245330572128296,1.0,1.0,0.0,1.0,-3.311601161956787,3.3115923404693604,8.820149560051505e-06,2.5589468479156494,0.916188418865204,0.916188418865204,0.0,176.39532470703125,182.0,25236.66796875,-0.0,3073.891357421875,1.0,283.1499938964844,285.46795654296875,291.4081115722656,293.0683288574219,293.1499938964844,293.1499938964844,283.1499938964844,17693.92578125,20160.0,313.1499938964844,0.0,18000.0,1.0,0.0,0.0,0.0,1.0,0.7270524501800537,1.0,0.0,0.0,2.6041414737701416,2.604153633117676,4.525040822045412e-07,4.265924453735352,4.265914440155029,9.78592834144365e-06,0.0,0.0,-0.0,4661.91650390625,0.0,553.4364624023438,1895.4371337890625,0.0,1830.4327392578125,0.6485167741775513,1.0,0.0,3.0,1.0,0.0
12325620,297.0790100097656,297.1499938964844,293.1499938964844,0.0,-0.0,286.3067626953125,0.8231399655342102,0.3685657382011413,0.3346290290355682,297.0935363769531,297.1499938964844,293.1499938964844,0.0,-0.0,286.3066711425781,0.8983473777770996,0.4833805859088897,0.4601725339889526,297.110107421875,297.1499938964844,293.1499938964844,0.0,-0.0,286.3066711425781,0.8819928765296936,0.4578316211700439,0.3221415281295776,297.12066650390625,297.1499938964844,293.1499938964844,0.0,-0.0,286.30670166015625,0.8550268411636353,0.416666030883789,0.3974637389183044,297.1258544921875,297.1499938964844,293.1499938964844,0.0,-0.0,286.306884765625,0.7454467415809631,0.2721284031867981,1.240256905555725,286.3066711425781,285.59478759765625,293.6300048828125,288.4410400390625,293.6296691894531,297.1235656738281,286.3060607910156,1.0,0.6257526278495789,1.0,1.0,0.0,1.0,-3.307966709136963,3.3079581260681152,8.800890100246761e-06,2.5561728477478027,0.9256765842437744,0.9256765842437744,0.0,179.5076446533203,185.0,25510.74609375,-0.0,3083.5146484375,1.0,283.1499938964844,285.4275817871094,291.45623779296875,293.1338195800781,293.1499938964844,293.1499938964844,283.1499938964844,18361.869140625,21240.0,313.1499938964844,0.0,18000.0,1.0,0.0,0.0,0.0,1.0,0.7301308512687683,1.0,0.0,0.0,2.6798462867736816,2.679859161376953,4.791959327121731e-07,4.265924453735352,4.265914440155029,9.78592834144365e-06,0.0,0.0,-0.0,4689.2587890625,0.0,601.055908203125,1895.4371337890625,0.0,1856.1650390625,0.6668244004249573,1.0,0.0,3.0,1.0,0.0
12325680,297.0790100097656,297.1499938964844,293.1499938964844,0.0,-0.0,286.3067626953125,0.8231399655342102,0.3685657382011413,0.3346290290355682,297.0935363769531,297.1499938964844,293.1499938964844,0.0,-0.0,286.3066711425781,0.8983473777770996,0.4833805859088897,0.4601725339889526,297.110107421875,297.1499938964844,293.1499938964844,0.0,-0.0,286.3066711425781,0.8819928765296936,0.4578316211700439,0.3221415281295776,297.12066650390625,297.1499938964844,293.1499938964844,0.0,-0.0,286.30670166015625,0.8550268411636353,0.416666030883789,0.3974637389183044,297.1258544921875,297.1499938964844,293.1499938964844,0.0,-0.0,286.306884765625,0.7454467415809631,0.2721284031867981,1.240256905555725,286.3066711425781,285.59478759765625,293.6300048828125,288.4410400390625,293.6296691894531,297.1235656738281,286.3060607910156,1.0,0.6257526278495789,1.0,1.0,0.0,1.0,-3.307966709136963,3.3079581260681152,8.800890100246761e-06,2.5561728477478027,0.9256765842437744,0.9256765842437744,0.0,179.5076446533203,185.0,25510.74609375,-0.0,3083.5146484375,1.0,283.1499938964844,285.4275817871094,291.45623779296875,293.1338195800781,293.1499938964844,293.1499938964844,283.1499938964844,18361.869140625,21240.0,313.1499938964844,0.0,18000.0,1.0,0.0,0.0,0.0,1.0,0.7301308512687683,1.0,0.0,0.0,2.6798462867736816,2.679859161376953,4.791959327121731e-07,4.265924453735352,4.265914440155029,9.78592834144365e-06,0.0,0.0,-0.0,4689.2587890625,0.0,601.055908203125,1895.4371337890625,0.0,1856.1650390625,0.6668244004249573,1.0,0.0,3.0,1.0,0.0
12325740,297.0768737792969,297.1499938964844,293.1499938964844,0.0,-0.0,286.2816162109375,0.8185174465179443,0.3674493134021759,0.3337774276733398,297.0907592773437,297.1499938964844,293.1499938964844,0.0,-0.0,286.2815246582031,0.8930739760398865,0.4823842048645019,0.4593943059444427,297.1071472167969,297.1499938964844,293.1499938964844,0.0,-0.0,286.28155517578125,0.8769642114639282,0.4570271968841553,0.3217003345489502,297.1181335449219,297.1499938964844,293.1499938964844,0.0,-0.0,286.2815856933594,0.8504548668861389,0.4160381257534027,0.3970285654067993,297.1246643066406,297.1499938964844,293.1499938964844,0.0,-0.0,286.28173828125,0.7416057586669922,0.2717013359069824,1.2390519380569458,286.2815246582031,285.57000732421875,293.6499938964844,288.48443603515625,293.649658203125,297.122314453125,286.2810363769531,1.0,0.6268910765647888,1.0,1.0,0.0,1.0,-3.303504705429077,3.303496122360229,8.77722504810663e-06,2.552748918533325,0.935132086277008,0.935132086277008,0.0,182.6695098876953,188.0,25830.791015625,-0.0,3091.579833984375,1.0,283.1499938964844,285.38458251953125,291.502197265625,293.1986694335937,293.1499938964844,293.1499938964844,283.1499938964844,19180.8125,22320.0,313.1499938964844,0.0,18000.0,1.0,0.0,0.0,0.0,1.0,0.7337245941162109,1.0,0.0,0.0,2.7652387619018555,2.7652523517608643,5.102213549434964e-07,4.265924453735352,4.265914440155029,9.78592834144365e-06,0.0,0.0,-0.0,4717.9248046875,0.0,658.2669677734375,1895.4371337890625,0.0,1886.3798828125,0.6874687075614929,1.0,0.0,3.0,1.0,0.0
12325800,297.0768737792969,297.1499938964844,293.1499938964844,0.0,-0.0,286.2816162109375,0.8185174465179443,0.3674493134021759,0.3337774276733398,297.0907592773437,297.1499938964844,293.1499938964844,0.0,-0.0,286.2815246582031,0.8930739760398865,0.4823842048645019,0.4593943059444427,297.1071472167969,297.1499938964844,293.1499938964844,0.0,-0.0,286.28155517578125,0.8769642114639282,0.4570271968841553,0.3217003345489502,297.1181335449219,297.1499938964844,293.1499938964844,0.0,-0.0,286.2815856933594,0.8504548668861389,0.4160381257534027,0.3970285654067993,297.1246643066406,297.1499938964844,293.1499938964844,0.0,-0.0,286.28173828125,0.7416057586669922,0.2717013359069824,1.2390519380569458,286.2815246582031,285.57000732421875,293.6499938964844,288.48443603515625,293.649658203125,297.122314453125,286.2810363769531,1.0,0.6268910765647888,1.0,1.0,0.0,1.0,-3.303504705429077,3.303496122360229,8.77722504810663e-06,2.552748918533325,0.935132086277008,0.935132086277008,0.0,182.6695098876953,188.0,25830.791015625,-0.0,3091.579833984375,1.0,283.1499938964844,285.38458251953125,291.502197265625,293.1986694335937,293.1499938964844,293.1499938964844,283.1499938964844,19180.8125,22320.0,313.1499938964844,0.0,18000.0,1.0,0.0,0.0,0.0,1.0,0.7337245941162109,1.0,0.0,0.0,2.7652387619018555,2.7652523517608643,5.102213549434964e-07,4.265924453735352,4.265914440155029,9.78592834144365e-06,0.0,0.0,-0.0,4717.9248046875,0.0,658.2669677734375,1895.4371337890625,0.0,1886.3798828125,0.6874687075614929,1.0,0.0,3.0,1.0,0.0
12325860,297.0746154785156,297.1499938964844,293.1499938964844,0.0,-0.0,286.2585144042969,0.8139291405677795,0.3662960827350616,0.3328809738159179,297.0877990722656,297.1499938964844,293.1499938964844,0.0,-0.0,286.2584533691406,0.8879318237304688,0.481333315372467,0.45855313539505,297.10400390625,297.1499938964844,293.1499938964844,0.0,-0.0,286.2584533691406,0.8720794320106506,0.4561658799648285,0.321210503578186,297.1153869628906,297.1499938964844,293.1499938964844,0.0,-0.0,286.25848388671875,0.8460330367088318,0.4153578877449035,0.3965337872505188,297.1232604980469,297.1499938964844,293.1499938964844,0.0,-0.0,286.2586364746094,0.7378827333450317,0.271237164735794,1.2376441955566406,286.2584533691406,285.5451965332031,293.6700134277344,288.5262451171875,293.669677734375,297.1208801269531,286.2578430175781,1.0,0.627956748008728,1.0,1.0,0.0,1.0,-3.298538446426392,3.298529863357544,8.750880624575075e-06,2.5489213466644287,0.944634199142456,0.944634199142456,0.0,185.813705444336,191.0,26197.998046875,-0.0,3098.415771484375,1.0,283.1499938964844,285.3440246582031,291.5475158691406,293.26629638671875,293.1499938964844,293.1499938964844,283.1499938964844,20101.154296875,23400.0,313.1499938964844,0.0,18000.0,1.0,0.0,0.0,0.0,1.0,0.7379970550537109,1.0,0.0,0.0,2.856623411178589,2.856637716293335,5.445018018690462e-07,4.265924453735352,4.265914440155029,9.78592834144365e-06,0.0,0.0,-0.0,4749.39453125,0.0,723.55322265625,1895.4371337890625,0.0,1922.540771484375,0.7095496654510498,1.0,0.0,3.0,1.0,0.0
12325920,297.0746154785156,297.1499938964844,293.1499938964844,0.0,-0.0,286.2585144042969,0.8139291405677795,0.3662960827350616,0.3328809738159179,297.0877990722656,297.1499938964844,293.1499938964844,0.0,-0.0,286.2584533691406,0.8879318237304688,0.481333315372467,0.45855313539505,297.10400390625,297.1499938964844,293.1499938964844,0.0,-0.0,286.2584533691406,0.8720794320106506,0.4561658799648285,0.321210503578186,297.1153869628906,297.1499938964844,293.1499938964844,0.0,-0.0,286.25848388671875,0.8460330367088318,0.4153578877449035,0.3965337872505188,297.1232604980469,297.1499938964844,293.1499938964844,0.0,-0.0,286.2586364746094,0.7378827333450317,0.271237164735794,1.2376441955566406,286.2584533691406,285.5451965332031,293.6700134277344,288.5262451171875,293.669677734375,297.1208801269531,286.2578430175781,1.0,0.627956748008728,1.0,1.0,0.0,1.0,-3.298538446426392,3.298529863357544,8.750880624575075e-06,2.5489213466644287,0.944634199142456,0.944634199142456,0.0,185.813705444336,191.0,26197.998046875,-0.0,3098.415771484375,1.0,283.1499938964844,285.3440246582031,291.5475158691406,293.26629638671875,293.1499938964844,293.1499938964844,283.1499938964844,20101.154296875,23400.0,313.1499938964844,0.0,18000.0,1.0,0.0,0.0,0.0,1.0,0.7379970550537109,1.0,0.0,0.0,2.856623411178589,2.856637716293335,5.445018018690462e-07,4.265924453735352,4.265914440155029,9.78592834144365e-06,0.0,0.0,-0.0,4749.39453125,0.0,723.55322265625,1895.4371337890625,0.0,1922.540771484375,0.7095496654510498,1.0,0.0,3.0,1.0,0.0
12325980,297.0723571777344,297.1499938964844,293.1499938964844,0.0,-0.0,286.23419189453125,0.8093578219413757,0.3651103675365448,0.3319561183452606,297.084716796875,297.1499938964844,293.1499938964844,0.0,-0.0,286.2341003417969,0.8829517364501953,0.4802348613739013,0.4576674997806549,297.1007385253906,297.1499938964844,293.1499938964844,0.0,-0.0,286.2341003417969,0.8673659563064575,0.455252856016159,0.3206853568553924,297.1125793457031,297.1499938964844,293.1499938964844,0.0,-0.0,286.234130859375,0.841778576374054,0.4146326184272766,0.3959965407848358,297.1217346191406,297.1499938964844,293.1499938964844,0.0,-0.0,286.2343139648437,0.7342904806137085,0.270744651556015,1.2361048460006714,286.2341003417969,285.5203857421875,293.69000244140625,288.5663452148437,293.6896667480469,297.11932373046875,286.23345947265625,1.0,0.6289658546447754,1.0,1.0,0.0,1.0,-3.2932329177856445,3.293224334716797,8.72275631991215e-06,2.544823169708252,0.95413339138031,0.95413339138031,0.0,188.9310760498047,194.0,26559.021484375,-0.0,3104.33203125,1.0,283.1499938964844,285.3028564453125,291.5901184082031,293.3318176269531,293.1499938964844,293.1499938964844,283.1499938964844,21092.171875,24480.0,313.1499938964844,0.0,18000.0,1.0,0.0,0.0,0.0,1.0,0.7428123950958252,1.0,0.0,0.0,2.9514052867889404,2.951420545578003,5.812340191369003e-07,4.265924453735352,4.265914440155029,9.78592834144365e-06,0.0,0.0,-0.0,4779.8916015625,0.0,795.7828369140625,1895.4371337890625,0.0,1963.598388671875,0.7324416041374207,1.0,0.0,3.0,1.0,0.0
12326040,297.0723571777344,297.1499938964844,293.1499938964844,0.0,-0.0,286.23419189453125,0.8093578219413757,0.3651103675365448,0.3319561183452606,297.084716796875,297.1499938964844,293.1499938964844,0.0,-0.0,286.2341003417969,0.8829517364501953,0.4802348613739013,0.4576674997806549,297.1007385253906,297.1499938964844,293.1499938964844,0.0,-0.0,286.2341003417969,0.8673659563064575,0.455252856016159,0.3206853568553924,297.1125793457031,297.1499938964844,293.1499938964844,0.0,-0.0,286.234130859375,0.841778576374054,0.4146326184272766,0.3959965407848358,297.1217346191406,297.1499938964844,293.1499938964844,0.0,-0.0,286.2343139648437,0.7342904806137085,0.270744651556015,1.2361048460006714,286.2341003417969,285.5203857421875,293.69000244140625,288.5663452148437,293.6896667480469,297.11932373046875,286.23345947265625,1.0,0.6289658546447754,1.0,1.0,0.0,1.0,-3.2932329177856445,3.293224334716797,8.72275631991215e-06,2.544823169708252,0.95413339138031,0.95413339138031,0.0,188.9310760498047,194.0,26559.021484375,-0.0,3104.33203125,1.0,283.1499938964844,285.3028564453125,291.5901184082031,293.3318176269531,293.1499938964844,293.1499938964844,283.1499938964844,21092.171875,24480.0,313.1499938964844,0.0,18000.0,1.0,0.0,0.0,0.0,1.0,0.7428123950958252,1.0,0.0,0.0,2.9514052867889404,2.951420545578003,5.812340191369003e-07,4.265924453735352,4.265914440155029,9.78592834144365e-06,0.0,0.0,-0.0,4779.8916015625,0.0,795.7828369140625,1895.4371337890625,0.0,1963.598388671875,0.7324416041374207,1.0,0.0,3.0,1.0,0.0
12326100,297.0711975097656,297.1499938964844,293.1499938964844,0.0,-0.0,286.2193298339844,0.8070633411407471,0.3645050227642059,0.3314850032329559,297.0831604003906,297.1499938964844,293.1499938964844,0.0,-0.0,286.2192077636719,0.8805218935012817,0.4796677529811859,0.457209974527359,297.0990600585937,297.1499938964844,293.1499938964844,0.0,-0.0,286.2192077636719,0.8650718331336975,0.4547764658927917,0.3204107880592346,297.1111145019531,297.1499938964844,293.1499938964844,0.0,-0.0,286.2192687988281,0.8397099375724792,0.4142532348632812,0.3957138955593109,297.1209411621094,297.1499938964844,293.1499938964844,0.0,-0.0,286.2195129394531,0.7325389981269836,0.2704885900020599,1.2352954149246216,286.2191772460937,285.50799560546875,293.70001220703125,288.585693359375,293.6996765136719,297.1185302734375,286.21832275390625,1.0,0.6294523477554321,1.0,1.0,0.0,1.0,-3.290472984313965,3.290464401245117,8.70813619258115e-06,2.5426878929138184,0.9588483572006226,0.9588483572006226,0.0,190.480697631836,194.0,26757.20703125,-0.0,3106.995361328125,1.0,283.1499938964844,285.2789001464844,291.6102905273437,293.3642272949219,293.1499938964844,293.1499938964844,283.1499938964844,21724.091796875,24480.0,313.1499938964844,0.0,18000.0,1.0,0.0,0.0,0.0,1.0,0.7453111410140991,1.0,0.0,0.0,3.007576465606689,3.00759220123291,6.035686510585947e-07,4.265924453735352,4.265914440155029,9.78592834144365e-06,0.0,0.0,-0.0,4796.18359375,0.0,840.9884033203125,1895.4371337890625,0.0,1985.025390625,0.743243396282196,1.0,0.0,3.0,1.0,0.0
12326160,297.0700378417969,297.1499938964844,293.1499938964844,0.0,-0.0,286.2094421386719,0.8047433495521545,0.3638939261436462,0.3310031294822693,297.08160400390625,297.1499938964844,293.1499938964844,0.0,-0.0,286.2093505859375,0.8781185746192932,0.4790910184383392,0.4567383825778961,297.097412109375,297.1499938964844,293.1499938964844,0.0,-0.0,286.2093505859375,0.8628053665161133,0.4542893469333648,0.3201245963573456,297.10968017578125,297.1499938964844,293.1499938964844,0.0,-0.0,286.2093811035156,0.8376665115356445,0.4138646423816681,0.395418256521225,297.1201477050781,297.1499938964844,293.1499938964844,0.0,-0.0,286.2095642089844,0.7308046221733093,0.2702273428440094,1.2344496250152588,286.2093505859375,285.49560546875,293.7099914550781,288.6045227050781,293.70965576171875,297.1177673339844,286.20867919921875,1.0,0.629926323890686,1.0,1.0,0.0,1.0,-3.287609815597534,3.2876009941101074,8.692973096913192e-06,2.5404698848724365,0.9636310935020448,0.9636310935020448,0.0,192.0307464599609,197.0,26908.16015625,-0.0,3109.42919921875,1.0,283.1499938964844,285.2621459960937,291.6289978027344,293.3930358886719,293.1499938964844,293.1499938964844,283.1499938964844,22130.96484375,25560.0,313.1499938964844,0.0,18000.0,1.0,0.0,0.0,0.0,1.0,0.7477569580078125,1.0,0.0,0.0,3.0477888584136963,3.047805070877075,6.198164328452549e-07,4.265924453735352,4.265914440155029,9.78592834144365e-06,0.0,0.0,-0.0,4808.8603515625,0.0,874.0628662109375,1895.4371337890625,0.0,2006.07763671875,0.7557119727134705,1.0,0.0,3.0,1.0,0.0
12326220,297.0677795410156,297.1499938964844,293.1499938964844,0.0,-0.0,286.1847839355469,0.8001658916473389,0.3626503348350525,0.3300246596336365,297.0784606933594,297.1499938964844,293.1499938964844,0.0,-0.0,286.1846923828125,0.8734279274940491,0.4779065251350403,0.4557696282863617,297.0940246582031,297.1499938964844,293.1499938964844,0.0,-0.0,286.1847229003906,0.8583900928497314,0.4532797336578369,0.3195308446884155,297.10675048828125,297.1499938964844,293.1499938964844,0.0,-0.0,286.18475341796875,0.8336806893348694,0.4130582809448242,0.3948026001453399,297.1185913085937,297.1499938964844,293.1499938964844,0.0,-0.0,286.1849060058594,0.7274070382118225,0.2696894705295563,1.2326968908309937,286.1846923828125,285.4707946777344,293.7300109863281,288.6406555175781,293.72967529296875,297.1162109375,286.1840209960937,1.0,0.6308452486991882,1.0,1.0,0.0,1.0,-3.2817063331604004,3.2816977500915527,8.6617355918861e-06,2.5358898639678955,0.9731311798095704,0.9731311798095704,0.0,195.1162109375,200.0,27242.30078125,-0.0,3113.809814453125,1.0,283.1499938964844,285.22247314453125,291.6645202636719,293.4498291015625,293.1499938964844,293.1499938964844,283.1499938964844,23202.55859375,26640.0,313.1499938964844,0.0,18000.0,1.0,0.0,0.0,0.0,1.0,0.7525690793991089,1.0,0.0,0.0,3.144627809524536,3.1446449756622314,6.59829595406336e-07,4.265924453735352,4.265914440155029,9.78592834144365e-06,0.0,0.0,-0.0,4836.26708984375,0.0,957.7525024414062,1895.4371337890625,0.0,2047.718505859375,0.7790852785110474,1.0,0.0,3.0,1.0,0.0
12326280,297.0677795410156,297.1499938964844,293.1499938964844,0.0,-0.0,286.1847839355469,0.8001658916473389,0.3626503348350525,0.3300246596336365,297.0784606933594,297.1499938964844,293.1499938964844,0.0,-0.0,286.1846923828125,0.8734279274940491,0.4779065251350403,0.4557696282863617,297.0940246582031,297.1499938964844,293.1499938964844,0.0,-0.0,286.1847229003906,0.8583900928497314,0.4532797336578369,0.3195308446884155,297.10675048828125,297.1499938964844,293.1499938964844,0.0,-0.0,286.18475341796875,0.8336806893348694,0.4130582809448242,0.3948026001453399,297.1185913085937,297.1499938964844,293.1499938964844,0.0,-0.0,286.1849060058594,0.7274070382118225,0.2696894705295563,1.2326968908309937,286.1846923828125,285.4707946777344,293.7300109863281,288.6406555175781,293.72967529296875,297.1162109375,286.1840209960937,1.0,0.6308452486991882,1.0,1.0,0.0,1.0,-3.2817063331604004,3.2816977500915527,8.6617355918861e-06,2.5358898639678955,0.9731311798095704,0.9731311798095704,0.0,195.1162109375,200.0,27242.30078125,-0.0,3113.809814453125,1.0,283.1499938964844,285.22247314453125,291.6645202636719,293.4498291015625,293.1499938964844,293.1499938964844,283.1499938964844,23202.55859375,26640.0,313.1499938964844,0.0,18000.0,1.0,0.0,0.0,0.0,1.0,0.7525690793991089,1.0,0.0,0.0,3.144627809524536,3.1446449756622314,6.59829595406336e-07,4.265924453735352,4.265914440155029,9.78592834144365e-06,0.0,0.0,-0.0,4836.26708984375,0.0,957.7525024414062,1895.4371337890625,0.0,2047.718505859375,0.7790852785110474,1.0,0.0,3.0,1.0,0.0
12326340,297.0655517578125,297.1499938964844,293.1499938964844,0.0,-0.0,286.16046142578125,0.7956891655921936,0.3613843321800232,0.3290251493453979,297.0753479003906,297.1499938964844,293.1499938964844,0.0,-0.0,286.1603698730469,0.8688799738883972,0.4766865372657776,0.4547664225101471,297.09063720703125,297.1499938964844,293.1499938964844,0.0,-0.0,286.1603698730469,0.854117214679718,0.4522290825843811,0.3189078271389007,297.1038818359375,297.1499938964844,293.1499938964844,0.0,-0.0,286.160400390625,0.8298081159591675,0.4122182726860046,0.394154280424118,297.1170349121094,297.1499938964844,293.1499938964844,0.0,-0.0,286.1605834960937,0.7240817546844482,0.2691354155540466,1.23086678981781,286.1603698730469,285.4460144042969,293.75,288.674560546875,293.7496643066406,297.11474609375,286.1596984863281,1.0,0.6317291259765625,1.0,1.0,0.0,1.0,-3.2755684852600098,3.275559902191162,8.629292096884456e-06,2.5311179161071777,0.9826400876045228,0.9826400876045228,0.0,198.18814086914065,203.0,27559.291015625,-0.0,3117.579833984375,1.0,283.1499938964844,285.1841125488281,291.6972351074219,293.502685546875,293.1499938964844,293.1499938964844,283.1499938964844,24295.470703125,27720.0,313.1499938964844,0.0,18000.0,1.0,0.0,0.0,0.0,1.0,0.757133424282074,1.0,0.0,0.0,3.241094827651977,3.2411129474639893,7.009334694885183e-07,4.265924453735352,4.265914440155029,9.78592834144365e-06,0.0,0.0,-0.0,4862.10546875,0.0,1046.2847900390625,1895.4371337890625,0.0,2087.476806640625,0.8023632168769836,1.0,0.0,3.0,1.0,0.0
12326400,297.0655517578125,297.1499938964844,293.1499938964844,0.0,-0.0,286.16046142578125,0.7956891655921936,0.3613843321800232,0.3290251493453979,297.0753479003906,297.1499938964844,293.1499938964844,0.0,-0.0,286.1603698730469,0.8688799738883972,0.4766865372657776,0.4547664225101471,297.09063720703125,297.1499938964844,293.1499938964844,0.0,-0.0,286.1603698730469,0.854117214679718,0.4522290825843811,0.3189078271389007,297.1038818359375,297.1499938964844,293.1499938964844,0.0,-0.0,286.160400390625,0.8298081159591675,0.4122182726860046,0.394154280424118,297.1170349121094,297.1499938964844,293.1499938964844,0.0,-0.0,286.1605834960937,0.7240817546844482,0.2691354155540466,1.23086678981781,286.1603698730469,285.4460144042969,293.75,288.674560546875,293.7496643066406,297.11474609375,286.1596984863281,1.0,0.6317291259765625,1.0,1.0,0.0,1.0,-3.2755684852600098,3.275559902191162,8.629292096884456e-06,2.5311179161071777,0.9826400876045228,0.9826400876045228,0.0,198.18814086914065,203.0,27559.291015625,-0.0,3117.579833984375,1.0,283.1499938964844,285.1841125488281,291.6972351074219,293.502685546875,293.1499938964844,293.1499938964844,283.1499938964844,24295.470703125,27720.0,313.1499938964844,0.0,18000.0,1.0,0.0,0.0,0.0,1.0,0.757133424282074,1.0,0.0,0.0,3.241094827651977,3.2411129474639893,7.009334694885183e-07,4.265924453735352,4.265914440155029,9.78592834144365e-06,0.0,0.0,-0.0,4862.10546875,0.0,1046.2847900390625,1895.4371337890625,0.0,2087.476806640625,0.8023632168769836,1.0,0.0,3.0,1.0,0.0
12326460,297.0634765625,297.1499938964844,293.1499938964844,0.0,-0.0,286.1383056640625,0.7913186550140381,0.3601040542125702,0.3280096054077148,297.0723876953125,297.1499938964844,293.1499938964844,0.0,-0.0,286.13824462890625,0.8644752502441406,0.4754391610622406,0.4537342190742492,297.0873718261719,297.1499938964844,293.1499938964844,0.0,-0.0,286.13824462890625,0.8499836325645447,0.4511456489562988,0.3182595074176788,297.10107421875,297.1499938964844,293.1499938964844,0.0,-0.0,286.1382751464844,0.8260352611541748,0.4113518595695495,0.3934781551361084,297.1156005859375,297.1499938964844,293.1499938964844,0.0,-0.0,286.1383972167969,0.7208124399185181,0.268570989370346,1.2289795875549316,286.13824462890625,285.4148254394531,293.775146484375,288.7117004394531,293.7746276855469,297.1133728027344,286.13775634765625,1.0,0.632584273815155,1.0,1.0,0.0,1.0,-3.2692439556121826,3.269235372543335,8.595889084972441e-06,2.52618670463562,0.9923082590103148,0.9923082590103148,0.0,201.2464599609375,191.0,27877.91796875,-0.0,3120.843994140625,1.0,283.1499938964844,285.1483459472656,291.72998046875,293.5538024902344,293.1499938964844,293.1499938964844,283.1499938964844,25399.478515625,28800.0,313.1499938964844,0.0,18000.0,1.0,0.0,0.0,0.0,1.0,0.7608833909034729,1.0,0.0,0.0,3.3367388248443604,3.336758136749268,7.429126185343193e-07,4.265924453735352,4.265914440155029,9.78592834144365e-06,0.0,0.0,-0.0,4887.96435546875,0.0,1139.2711181640625,1895.4371337890625,0.0,2120.325439453125,0.8254362940788269,1.0,0.0,3.0,1.0,0.0
12326520,297.0634765625,297.1499938964844,293.1499938964844,0.0,-0.0,286.1383056640625,0.7913186550140381,0.3601040542125702,0.3280096054077148,297.0723876953125,297.1499938964844,293.1499938964844,0.0,-0.0,286.13824462890625,0.8644752502441406,0.4754391610622406,0.4537342190742492,297.0873718261719,297.1499938964844,293.1499938964844,0.0,-0.0,286.13824462890625,0.8499836325645447,0.4511456489562988,0.3182595074176788,297.10107421875,297.1499938964844,293.1499938964844,0.0,-0.0,286.1382751464844,0.8260352611541748,0.4113518595695495,0.3934781551361084,297.1156005859375,297.1499938964844,293.1499938964844,0.0,-0.0,286.1383972167969,0.7208124399185181,0.268570989370346,1.2289795875549316,286.13824462890625,285.4148254394531,293.775146484375,288.7117004394531,293.7746276855469,297.1133728027344,286.13775634765625,1.0,0.632584273815155,1.0,1.0,0.0,1.0,-3.2692439556121826,3.269235372543335,8.595889084972441e-06,2.52618670463562,0.9923082590103148,0.9923082590103148,0.0,201.2464599609375,191.0,27877.91796875,-0.0,3120.843994140625,1.0,283.1499938964844,285.1483459472656,291.72998046875,293.5538024902344,293.1499938964844,293.1499938964844,283.1499938964844,25399.478515625,28800.0,313.1499938964844,0.0,18000.0,1.0,0.0,0.0,0.0,1.0,0.7608833909034729,1.0,0.0,0.0,3.3367388248443604,3.336758136749268,7.429126185343193e-07,4.265924453735352,4.265914440155029,9.78592834144365e-06,0.0,0.0,-0.0,4887.96435546875,0.0,1139.2711181640625,1895.4371337890625,0.0,2120.325439453125,0.8254362940788269,1.0,0.0,3.0,1.0,0.0
12326580,297.06201171875,297.1499938964844,293.1499938964844,0.0,-0.0,286.1205139160156,0.7937284111976624,0.3588587045669555,0.3267624378204345,297.06988525390625,297.1499938964844,293.1499938964844,0.0,-0.0,286.1204528808594,0.8673068284988403,0.4742031693458557,0.452439934015274,297.0846252441406,297.1499938964844,293.1499938964844,0.0,-0.0,286.1204833984375,0.8527384996414185,0.4500729143619537,0.3174159824848175,297.0987548828125,297.1499938964844,293.1499938964844,0.0,-0.0,286.1204833984375,0.8286764621734619,0.41049525141716,0.3925390243530273,297.1145324707031,297.1499938964844,293.1499938964844,0.0,-0.0,286.1205749511719,0.7231068015098572,0.2680276036262512,1.2258981466293335,286.1204528808594,285.3716125488281,293.8099975585937,288.7571105957031,293.809326171875,297.1124267578125,286.1201171875,1.0,0.6291226744651794,1.0,1.0,0.0,1.0,-3.2603423595428467,3.260333776473999,8.5490828496404e-06,2.519284963607788,1.0,1.0,0.0,197.59616088867188,179.0,28209.537109375,-0.0,3081.1357421875,1.0,283.1499938964844,285.1162414550781,291.770751953125,293.61199951171875,293.1499938964844,293.1499938964844,283.1499938964844,26537.572265625,29880.0,313.1499938964844,0.0,18000.0,1.0,0.0,0.0,0.0,1.0,0.7636052370071411,1.0,0.0,0.0,3.4310574531555176,3.431077718734741,7.855055628169794e-07,4.265924453735352,4.265914440155029,9.78592834144365e-06,0.0,0.0,-0.0,4916.7255859375,0.0,1236.4007568359375,1895.4371337890625,0.0,2144.2685546875,0.8481743335723877,1.0,0.0,3.0,1.0,0.0
12326640,297.06201171875,297.1499938964844,293.1499938964844,0.0,-0.0,286.1205139160156,0.7937284111976624,0.3588587045669555,0.3267624378204345,297.06988525390625,297.1499938964844,293.1499938964844,0.0,-0.0,286.1204528808594,0.8673068284988403,0.4742031693458557,0.452439934015274,297.0846252441406,297.1499938964844,293.1499938964844,0.0,-0.0,286.1204833984375,0.8527384996414185,0.4500729143619537,0.3174159824848175,297.0987548828125,297.1499938964844,293.1499938964844,0.0,-0.0,286.1204833984375,0.8286764621734619,0.41049525141716,0.3925390243530273,297.1145324707031,297.1499938964844,293.1499938964844,0.0,-0.0,286.1205749511719,0.7231068015098572,0.2680276036262512,1.2258981466293335,286.1204528808594,285.3716125488281,293.8099975585937,288.7571105957031,293.809326171875,297.1124267578125,286.1201171875,1.0,0.6291226744651794,1.0,1.0,0.0,1.0,-3.2603423595428467,3.260333776473999,8.5490828496404e-06,2.519284963607788,1.0,1.0,0.0,197.59616088867188,179.0,28209.537109375,-0.0,3081.1357421875,1.0,283.1499938964844,285.1162414550781,291.770751953125,293.61199951171875,293.1499938964844,293.1499938964844,283.1499938964844,26537.572265625,29880.0,313.1499938964844,0.0,18000.0,1.0,0.0,0.0,0.0,1.0,0.7636052370071411,1.0,0.0,0.0,3.4310574531555176,3.431077718734741,7.855055628169794e-07,4.265924453735352,4.265914440155029,9.78592834144365e-06,0.0,0.0,-0.0,4916.7255859375,0.0,1236.4007568359375,1895.4371337890625,0.0,2144.2685546875,0.8481743335723877,1.0,0.0,3.0,1.0,0.0
12326700,297.06170654296875,297.1499938964844,293.1499938964844,0.0,-0.0,286.11199951171875,0.7966971397399902,0.3582715690135956,0.3261078596115112,297.0690002441406,297.1499938964844,293.1499938964844,0.0,-0.0,286.1119689941406,0.870612621307373,0.4736086428165436,0.4517486691474914,297.0836181640625,297.1499938964844,293.1499938964844,0.0,-0.0,286.1119689941406,0.8559215068817139,0.449561059474945,0.3169623911380768,297.0979309082031,297.1499938964844,293.1499938964844,0.0,-0.0,286.1119689941406,0.8316615223884583,0.4100896716117859,0.3920243978500366,297.1143493652344,297.1499938964844,293.1499938964844,0.0,-0.0,286.1120910644531,0.7256842851638794,0.2677831053733825,1.22416090965271,286.1119384765625,285.3457946777344,293.830810546875,288.7826843261719,293.830078125,297.1123046875,286.111572265625,1.0,0.626564085483551,1.0,1.0,0.0,1.0,-3.255470991134644,3.255462408065796,8.523458745912649e-06,2.5154826641082764,1.0,1.0,0.0,194.14903259277344,179.0,28393.38671875,-0.0,3051.43896484375,1.0,283.1499938964844,285.0998840332031,291.7950439453125,293.6456604003906,293.1499938964844,293.1499938964844,283.1499938964844,27336.134765625,29880.0,313.1499938964844,0.0,18000.0,1.0,0.0,0.0,0.0,1.0,0.7647651433944702,1.0,0.0,0.0,3.482511043548584,3.482532024383545,8.092418397609435e-07,4.265924453735352,4.265914440155029,9.78592834144365e-06,0.0,0.0,-0.0,4933.35107421875,0.0,1292.84033203125,1895.4371337890625,0.0,2154.496826171875,0.8579466342926025,1.0,0.0,3.0,1.0,0.0
12326760,297.0617370605469,297.1499938964844,293.1499938964844,0.0,-0.0,286.109619140625,0.8005289435386658,0.3577154874801636,0.3254496455192566,297.06842041015625,297.1499938964844,293.1499938964844,0.0,-0.0,286.109619140625,0.8748649954795837,0.4730378091335296,0.451046884059906,297.0829467773437,297.1499938964844,293.1499938964844,0.0,-0.0,286.109619140625,0.8600167632102966,0.4490737318992615,0.3165013194084167,297.0973815917969,297.1499938964844,293.1499938964844,0.0,-0.0,286.109619140625,0.8354727625846863,0.4097064733505249,0.3914988934993744,297.1144104003906,297.1499938964844,293.1499938964844,0.0,-0.0,286.109619140625,0.728952944278717,0.2675628960132599,1.2223877906799316,286.109619140625,285.3173522949219,293.853759765625,288.8100891113281,293.8529357910156,297.1123962402344,286.1095886230469,1.0,0.6236321926116943,1.0,1.0,0.0,1.0,-3.250516891479492,3.250508546829224,8.49741991260089e-06,2.511608600616455,1.0,1.0,0.0,190.0276031494141,167.0,28558.205078125,-0.0,3017.9091796875,1.0,283.1499938964844,285.0917358398437,291.8211669921875,293.6800231933594,293.1499938964844,293.1499938964844,283.1499938964844,27863.888671875,30960.0,313.1499938964844,0.0,18000.0,1.0,0.0,0.0,0.0,1.0,0.7658109664916992,1.0,0.0,0.0,3.51596736907959,3.515988826751709,8.248651965914178e-07,4.265924453735352,4.265914440155029,9.78592834144365e-06,0.0,0.0,-0.0,4948.69140625,0.0,1330.46044921875,1895.4371337890625,0.0,2163.731201171875,0.8689321279525757,1.0,0.0,3.0,1.0,0.0
12326820,297.06268310546875,297.1499938964844,293.1499938964844,0.0,-0.0,286.1051330566406,0.8103110790252686,0.3566898107528686,0.3241640627384186,297.06805419921875,297.1499938964844,293.1499938964844,0.0,-0.0,286.10516357421875,0.8858736157417297,0.4719667136669159,0.4496581256389618,297.0824279785156,297.1499938964844,293.1499938964844,0.0,-0.0,286.10516357421875,0.8706604242324829,0.448169857263565,0.3155910968780517,297.0970764160156,297.1499938964844,293.1499938964844,0.0,-0.0,286.1051330566406,0.8453239798545837,0.4090072512626648,0.3904590904712677,297.115234375,297.1499938964844,293.1499938964844,0.0,-0.0,286.1051025390625,0.7373254299163818,0.2671969532966614,1.2189220190048218,286.10516357421875,285.25311279296875,293.9055480957031,288.86993408203125,293.90460205078125,297.1133728027344,286.10528564453125,1.0,0.6170297861099243,1.0,1.0,0.0,1.0,-3.240788221359253,3.2407796382904053,8.44635724206455e-06,2.5039830207824707,1.0,1.0,0.0,180.4121856689453,155.0,28978.86328125,-0.0,2943.931396484375,1.0,283.1499938964844,285.0771484375,291.88189697265625,293.7626953125,293.1499938964844,293.1499938964844,283.1499938964844,29119.9609375,32040.0,313.1499938964844,0.0,18000.0,1.0,0.0,0.0,0.0,1.0,0.7681670188903809,1.0,0.0,0.0,3.59434175491333,3.5943639278411865,8.620491485089588e-07,4.265924453735352,4.265914440155029,9.78592834144365e-06,0.0,0.0,-0.0,4987.96923828125,0.0,1421.430419921875,1895.4371337890625,0.0,2184.578857421875,0.8881281018257141,1.0,0.0,3.0,1.0,0.0
12326880,297.06268310546875,297.1499938964844,293.1499938964844,0.0,-0.0,286.1051330566406,0.8103110790252686,0.3566898107528686,0.3241640627384186,297.06805419921875,297.1499938964844,293.1499938964844,0.0,-0.0,286.10516357421875,0.8858736157417297,0.4719667136669159,0.4496581256389618,297.0824279785156,297.1499938964844,293.1499938964844,0.0,-0.0,286.10516357421875,0.8706604242324829,0.448169857263565,0.3155910968780517,297.0970764160156,297.1499938964844,293.1499938964844,0.0,-0.0,286.1051330566406,0.8453239798545837,0.4090072512626648,0.3904590904712677,297.115234375,297.1499938964844,293.1499938964844,0.0,-0.0,286.1051025390625,0.7373254299163818,0.2671969532966614,1.2189220190048218,286.10516357421875,285.25311279296875,293.9055480957031,288.86993408203125,293.90460205078125,297.1133728027344,286.10528564453125,1.0,0.6170297861099243,1.0,1.0,0.0,1.0,-3.240788221359253,3.2407796382904053,8.44635724206455e-06,2.5039830207824707,1.0,1.0,0.0,180.4121856689453,155.0,28978.86328125,-0.0,2943.931396484375,1.0,283.1499938964844,285.0771484375,291.88189697265625,293.7626953125,293.1499938964844,293.1499938964844,283.1499938964844,29119.9609375,32040.0,313.1499938964844,0.0,18000.0,1.0,0.0,0.0,0.0,1.0,0.7681670188903809,1.0,0.0,0.0,3.59434175491333,3.5943639278411865,8.620491485089588e-07,4.265924453735352,4.265914440155029,9.78592834144365e-06,0.0,0.0,-0.0,4987.96923828125,0.0,1421.430419921875,1895.4371337890625,0.0,2184.578857421875,0.8881281018257141,1.0,0.0,3.0,1.0,0.0
12326940,297.06451416015625,297.1499938964844,293.1499938964844,0.0,-0.0,286.1055908203125,0.8220292925834656,0.3557692766189575,0.3229331076145172,297.0686340332031,297.1499938964844,293.1499938964844,0.0,-0.0,286.1056213378906,0.8999332785606384,0.4709855318069458,0.4483107328414917,297.08282470703125,297.1499938964844,293.1499938964844,0.0,-0.0,286.1056213378906,0.8843772411346436,0.4473541676998138,0.3147106468677521,297.09765625,297.1499938964844,293.1499938964844,0.0,-0.0,286.1055908203125,0.8580784797668457,0.4083933532238006,0.3894564211368561,297.116943359375,297.1499938964844,293.1499938964844,0.0,-0.0,286.1054992675781,0.7481090426445007,0.266926497220993,1.215678334236145,286.1056213378906,285.179931640625,293.9645690917969,288.9359436035156,293.9635009765625,297.1151733398437,286.1059265136719,1.0,0.6098347902297974,1.0,1.0,0.0,1.0,-3.2315220832824707,3.231513500213623,8.397811143368017e-06,2.4966983795166016,1.0,1.0,0.0,169.68405151367188,143.0,29420.236328125,-0.0,2865.211669921875,1.0,283.1499938964844,285.0669250488281,291.9504089355469,293.8558959960937,293.1499938964844,293.1499938964844,283.1499938964844,30326.4765625,33120.0,313.1499938964844,0.0,18000.0,1.0,0.0,0.0,0.0,1.0,0.7710772156715393,1.0,0.0,0.0,3.6680476665496826,3.668070793151856,8.977661423159589e-07,4.265924453735352,4.265914440155029,9.78592834144365e-06,0.0,0.0,-0.0,5030.60302734375,0.0,1510.6800537109375,1895.4371337890625,0.0,2210.41015625,0.9061990976333618,1.0,0.0,3.0,1.0,0.0
12327000,297.06451416015625,297.1499938964844,293.1499938964844,0.0,-0.0,286.1055908203125,0.8220292925834656,0.3557692766189575,0.3229331076145172,297.0686340332031,297.1499938964844,293.1499938964844,0.0,-0.0,286.1056213378906,0.8999332785606384,0.4709855318069458,0.4483107328414917,297.08282470703125,297.1499938964844,293.1499938964844,0.0,-0.0,286.1056213378906,0.8843772411346436,0.4473541676998138,0.3147106468677521,297.09765625,297.1499938964844,293.1499938964844,0.0,-0.0,286.1055908203125,0.8580784797668457,0.4083933532238006,0.3894564211368561,297.116943359375,297.1499938964844,293.1499938964844,0.0,-0.0,286.1054992675781,0.7481090426445007,0.266926497220993,1.215678334236145,286.1056213378906,285.179931640625,293.9645690917969,288.9359436035156,293.9635009765625,297.1151733398437,286.1059265136719,1.0,0.6098347902297974,1.0,1.0,0.0,1.0,-3.2315220832824707,3.231513500213623,8.397811143368017e-06,2.4966983795166016,1.0,1.0,0.0,169.68405151367188,143.0,29420.236328125,-0.0,2865.211669921875,1.0,283.1499938964844,285.0669250488281,291.9504089355469,293.8558959960937,293.1499938964844,293.1499938964844,283.1499938964844,30326.4765625,33120.0,313.1499938964844,0.0,18000.0,1.0,0.0,0.0,0.0,1.0,0.7710772156715393,1.0,0.0,0.0,3.6680476665496826,3.668070793151856,8.977661423159589e-07,4.265924453735352,4.265914440155029,9.78592834144365e-06,0.0,0.0,-0.0,5030.60302734375,0.0,1510.6800537109375,1895.4371337890625,0.0,2210.41015625,0.9061990976333618,1.0,0.0,3.0,1.0,0.0
12327060,297.0670166015625,297.1499938964844,293.1499938964844,0.0,-0.0,286.1101989746094,0.8359692096710205,0.3549413681030273,0.3217641413211822,297.0699462890625,297.1499938964844,293.1499938964844,0.0,-0.0,286.1102905273437,0.9180544018745422,0.4700865149497986,0.4470175206661224,297.0839538574219,297.1499938964844,293.1499938964844,0.0,-0.0,286.1102600097656,0.9012173414230348,0.4466172456741333,0.3138681948184967,297.0989074707031,297.1499938964844,293.1499938964844,0.0,-0.0,286.1102294921875,0.874009907245636,0.4078569412231445,0.3885037004947662,297.1192626953125,297.1499938964844,293.1499938964844,0.0,-0.0,286.110107421875,0.7616351246833801,0.2667430639266968,1.212716579437256,286.1102905273437,285.0987854003906,294.0299987792969,289.00738525390625,294.02880859375,297.1176452636719,286.1107177734375,1.0,0.6023262739181519,1.0,1.0,0.0,1.0,-3.222840547561645,3.222832202911377,8.352401891897898e-06,2.489851713180542,1.0,1.0,0.0,158.35768127441406,131.0,29883.62109375,-0.0,2784.843017578125,1.0,283.1499938964844,285.0603332519531,292.02398681640625,293.9561767578125,293.1499938964844,293.1499938964844,283.1499938964844,31499.65625,34200.0,313.1499938964844,0.0,18000.0,1.0,0.0,0.0,0.0,1.0,0.7744291424751282,1.0,0.0,0.0,3.738323450088501,3.7383475303649902,9.324961638412788e-07,4.265924453735352,4.265914440155029,9.78592834144365e-06,0.0,0.0,-0.0,5076.08203125,0.0,1599.1837158203125,1895.4371337890625,0.0,2240.269775390625,0.9234420657157898,1.0,0.0,3.0,1.0,0.0
12327120,297.0670166015625,297.1499938964844,293.1499938964844,0.0,-0.0,286.1101989746094,0.8359692096710205,0.3549413681030273,0.3217641413211822,297.0699462890625,297.1499938964844,293.1499938964844,0.0,-0.0,286.1102905273437,0.9180544018745422,0.4700865149497986,0.4470175206661224,297.0839538574219,297.1499938964844,293.1499938964844,0.0,-0.0,286.1102600097656,0.9012173414230348,0.4466172456741333,0.3138681948184967,297.0989074707031,297.1499938964844,293.1499938964844,0.0,-0.0,286.1102294921875,0.874009907245636,0.4078569412231445,0.3885037004947662,297.1192626953125,297.1499938964844,293.1499938964844,0.0,-0.0,286.110107421875,0.7616351246833801,0.2667430639266968,1.212716579437256,286.1102905273437,285.0987854003906,294.0299987792969,289.00738525390625,294.02880859375,297.1176452636719,286.1107177734375,1.0,0.6023262739181519,1.0,1.0,0.0,1.0,-3.222840547561645,3.222832202911377,8.352401891897898e-06,2.489851713180542,1.0,1.0,0.0,158.35768127441406,131.0,29883.62109375,-0.0,2784.843017578125,1.0,283.1499938964844,285.0603332519531,292.02398681640625,293.9561767578125,293.1499938964844,293.1499938964844,283.1499938964844,31499.65625,34200.0,313.1499938964844,0.0,18000.0,1.0,0.0,0.0,0.0,1.0,0.7744291424751282,1.0,0.0,0.0,3.738323450088501,3.7383475303649902,9.324961638412788e-07,4.265924453735352,4.265914440155029,9.78592834144365e-06,0.0,0.0,-0.0,5076.08203125,0.0,1599.1837158203125,1895.4371337890625,0.0,2240.269775390625,0.9234420657157898,1.0,0.0,3.0,1.0,0.0
12327180,297.0700378417969,297.1499938964844,293.1499938964844,0.0,-0.0,286.1183166503906,0.853154718875885,0.3541956841945648,0.3206577599048614,297.0718078613281,297.1499938964844,293.1499938964844,0.0,-0.0,286.118408203125,0.9413229823112488,0.4692625403404236,0.4457825422286987,297.0856628417969,297.1499938964844,293.1499938964844,0.0,-0.0,286.1183776855469,0.9231178760528564,0.4459514915943146,0.3130660951137543,297.1006774902344,297.1499938964844,293.1499938964844,0.0,-0.0,286.11834716796875,0.8936326503753662,0.4073907732963562,0.3876048326492309,297.1220703125,297.1499938964844,293.1499938964844,0.0,-0.0,286.1181945800781,0.7784904837608337,0.266637772321701,1.2100489139556885,286.118408203125,285.01080322265625,294.1009826660156,289.0835876464844,294.0997009277344,297.1205749511719,286.11895751953125,1.0,0.5946532487869263,1.0,1.0,0.0,1.0,-3.214771032333374,3.214762687683105,8.310248631460126e-06,2.483465671539306,1.0,1.0,0.0,146.71157836914062,119.0,30368.53515625,-0.0,2704.384033203125,1.0,283.1499938964844,285.056640625,292.1016845703125,294.0621643066406,293.1499938964844,293.1499938964844,283.1499938964844,32650.48828125,35280.0,313.1499938964844,0.0,18000.0,1.0,0.0,0.0,0.0,1.0,0.7780815958976746,1.0,0.0,0.0,3.806000232696533,3.806025266647339,9.665646985013154e-07,4.265924453735352,4.265914440155029,9.78592834144365e-06,0.0,0.0,-0.0,5124.146484375,0.0,1687.6182861328125,1895.4371337890625,0.0,2272.93310546875,0.9400562047958374,1.0,0.0,3.0,1.0,0.0
12327240,297.0700378417969,297.1499938964844,293.1499938964844,0.0,-0.0,286.1183166503906,0.853154718875885,0.3541956841945648,0.3206577599048614,297.0718078613281,297.1499938964844,293.1499938964844,0.0,-0.0,286.118408203125,0.9413229823112488,0.4692625403404236,0.4457825422286987,297.0856628417969,297.1499938964844,293.1499938964844,0.0,-0.0,286.1183776855469,0.9231178760528564,0.4459514915943146,0.3130660951137543,297.1006774902344,297.1499938964844,293.1499938964844,0.0,-0.0,286.11834716796875,0.8936326503753662,0.4073907732963562,0.3876048326492309,297.1220703125,297.1499938964844,293.1499938964844,0.0,-0.0,286.1181945800781,0.7784904837608337,0.266637772321701,1.2100489139556885,286.118408203125,285.01080322265625,294.1009826660156,289.0835876464844,294.0997009277344,297.1205749511719,286.11895751953125,1.0,0.5946532487869263,1.0,1.0,0.0,1.0,-3.214771032333374,3.214762687683105,8.310248631460126e-06,2.483465671539306,1.0,1.0,0.0,146.71157836914062,119.0,30368.53515625,-0.0,2704.384033203125,1.0,283.1499938964844,285.056640625,292.1016845703125,294.0621643066406,293.1499938964844,293.1499938964844,283.1499938964844,32650.48828125,35280.0,313.1499938964844,0.0,18000.0,1.0,0.0,0.0,0.0,1.0,0.7780815958976746,1.0,0.0,0.0,3.806000232696533,3.806025266647339,9.665646985013154e-07,4.265924453735352,4.265914440155029,9.78592834144365e-06,0.0,0.0,-0.0,5124.146484375,0.0,1687.6182861328125,1895.4371337890625,0.0,2272.93310546875,0.9400562047958374,1.0,0.0,3.0,1.0,0.0
12327300,297.0716857910156,297.1499938964844,293.1499938964844,0.0,-0.0,286.12158203125,0.8633941411972046,0.3538504838943481,0.3201289176940918,297.07293701171875,297.1499938964844,293.1499938964844,0.0,-0.0,286.12164306640625,0.9542428851127625,0.4688764214515686,0.4451884031295776,297.086669921875,297.1499938964844,293.1499938964844,0.0,-0.0,286.1216125488281,0.936410665512085,0.4456427693367004,0.3126814067363739,297.10174560546875,297.1499938964844,293.1499938964844,0.0,-0.0,286.1216125488281,0.905068337917328,0.4071817696094513,0.3871769309043884,297.12359619140625,297.1499938964844,293.1499938964844,0.0,-0.0,286.1214904785156,0.7883962392807007,0.2666117548942566,1.2088268995285034,286.12164306640625,284.96453857421875,294.1382751464844,289.12322998046875,294.136962890625,297.1221618652344,286.1221008300781,1.0,0.5907820463180542,1.0,1.0,0.0,1.0,-3.2109737396240234,3.210965633392334,8.29042892291909e-06,2.480452537536621,1.0,1.0,0.0,140.81692504882812,119.0,30637.35546875,-0.0,2664.388916015625,1.0,283.1499938964844,285.05328369140625,292.1421203613281,294.1180725097656,293.1499938964844,293.1499938964844,283.1499938964844,33356.0234375,35280.0,313.1499938964844,0.0,18000.0,1.0,0.0,0.0,0.0,1.0,0.7800076603889465,1.0,0.0,0.0,3.846901893615722,3.846927404403688,9.874509032670176e-07,4.265924453735352,4.265914440155029,9.78592834144365e-06,0.0,0.0,-0.0,5150.4931640625,0.0,1742.6138916015625,1895.4371337890625,0.0,2290.208984375,0.9472873210906982,1.0,0.0,3.0,1.0,0.0
12327360,297.07342529296875,297.1499938964844,293.1499938964844,0.0,-0.0,286.1292724609375,0.874976634979248,0.3535245060920715,0.3196122050285339,297.0741577148437,297.1499938964844,293.1499938964844,0.0,-0.0,286.1293640136719,0.9675880074501038,0.4685082733631134,0.4446063935756683,297.0877685546875,297.1499938964844,293.1499938964844,0.0,-0.0,286.1293640136719,0.9507263898849488,0.4453509151935577,0.3123045861721039,297.1029052734375,297.1499938964844,293.1499938964844,0.0,-0.0,286.1293334960937,0.9187557697296144,0.4069893360137939,0.3867602944374084,297.1252136230469,297.1499938964844,293.1499938964844,0.0,-0.0,286.129150390625,0.7994074821472168,0.2666030824184418,1.2076681852340698,286.1293640136719,284.95001220703125,294.1766662597656,289.16375732421875,294.1753234863281,297.12384033203125,286.1300354003906,1.0,0.5868951082229614,1.0,1.0,0.0,1.0,-3.2073049545288086,3.20729660987854,8.271285878436174e-06,2.477535009384156,1.0,1.0,0.0,134.89512634277344,122.0,30873.369140625,-0.0,2624.5947265625,1.0,283.1499938964844,285.05535888671875,292.1829833984375,294.1732177734375,293.1499938964844,293.1499938964844,283.04998779296875,33786.45703125,36000.0,313.1499938964844,0.0,18000.0,1.0,0.0,0.0,0.0,1.0,0.7819475531578064,1.0,0.0,0.0,3.87164306640625,3.871668815612793,1.0001932650993697e-06,4.265924453735352,4.265914440155029,9.78592834144365e-06,0.0,0.0,-0.0,5270.73681640625,0.0,1776.453369140625,1895.4371337890625,0.0,2307.6435546875,0.9551770091056824,1.0,0.0,3.0,1.0,0.0
12327420,297.0739440917969,297.1499938964844,293.1499938964844,0.0,-0.0,286.0873413085937,0.8858560919761658,0.3526113331317901,0.3186884522438049,297.0740661621094,297.1499938964844,293.1499938964844,0.0,-0.0,286.08740234375,0.9789384007453918,0.467541754245758,0.4435770213603973,297.0871887207031,297.1499938964844,293.1499938964844,0.0,-0.0,286.08740234375,0.963317096233368,0.4445072710514068,0.3116355538368225,297.1029357910156,297.1499938964844,293.1499938964844,0.0,-0.0,286.0873718261719,0.9322237968444824,0.4064008295536041,0.3860770463943481,297.1268005371094,297.1499938964844,293.1499938964844,0.0,-0.0,286.0872802734375,0.8098026514053345,0.2664522230625152,1.2062771320343018,286.0874328613281,284.95001220703125,294.2562561035156,289.24725341796875,294.2548522949219,297.125732421875,286.087890625,1.0,0.5834362506866455,1.0,1.0,0.0,1.0,-3.201655864715576,3.2016477584838867,8.241729119617958e-06,2.472992181777954,1.0,1.0,0.0,129.6092987060547,125.0,31819.19140625,-0.0,2584.435791015625,1.0,283.05206298828125,284.98931884765625,292.2885131835937,294.34454345703125,293.1499938964844,293.1499938964844,282.75,34735.40625,36000.0,313.1499938964844,0.0,18000.0,1.0,0.0,0.0,0.0,1.0,0.7915824055671692,1.0,0.0,0.0,3.925637245178223,3.925663709640503,1.0282852827003808e-06,4.265924453735352,4.265914440155029,9.78592834144365e-06,0.0,0.0,-0.0,5570.90869140625,0.0,1851.8184814453125,1895.4371337890625,0.0,2394.727783203125,0.9663538336753844,1.0,0.0,3.0,1.0,0.0
12327480,297.0739440917969,297.1499938964844,293.1499938964844,0.0,-0.0,286.0873413085937,0.8858560919761658,0.3526113331317901,0.3186884522438049,297.0740661621094,297.1499938964844,293.1499938964844,0.0,-0.0,286.08740234375,0.9789384007453918,0.467541754245758,0.4435770213603973,297.0871887207031,297.1499938964844,293.1499938964844,0.0,-0.0,286.08740234375,0.963317096233368,0.4445072710514068,0.3116355538368225,297.1029357910156,297.1499938964844,293.1499938964844,0.0,-0.0,286.0873718261719,0.9322237968444824,0.4064008295536041,0.3860770463943481,297.1268005371094,297.1499938964844,293.1499938964844,0.0,-0.0,286.0872802734375,0.8098026514053345,0.2664522230625152,1.2062771320343018,286.0874328613281,284.95001220703125,294.2562561035156,289.24725341796875,294.2548522949219,297.125732421875,286.087890625,1.0,0.5834362506866455,1.0,1.0,0.0,1.0,-3.201655864715576,3.2016477584838867,8.241729119617958e-06,2.472992181777954,1.0,1.0,0.0,129.6092987060547,125.0,31819.19140625,-0.0,2584.435791015625,1.0,283.05206298828125,284.98931884765625,292.2885131835937,294.34454345703125,293.1499938964844,293.1499938964844,282.75,34735.40625,36000.0,313.1499938964844,0.0,18000.0,1.0,0.0,0.0,0.0,1.0,0.7915824055671692,1.0,0.0,0.0,3.925637245178223,3.925663709640503,1.0282852827003808e-06,4.265924453735352,4.265914440155029,9.78592834144365e-06,0.0,0.0,-0.0,5570.90869140625,0.0,1851.8184814453125,1895.4371337890625,0.0,2394.727783203125,0.9663538336753844,1.0,0.0,3.0,1.0,0.0
12327540,297.0660705566406,297.1499938964844,293.1499938964844,0.0,-0.0,285.9319152832031,0.8859242796897888,0.3508593738079071,0.3173241019248962,297.0661926269531,297.1499938964844,293.1499938964844,0.0,-0.0,285.9318542480469,0.9793090224266052,0.465792715549469,0.4421359300613403,297.0782775878906,297.1499938964844,293.1499938964844,0.0,-0.0,285.931884765625,0.9637317657470704,0.4428182542324066,0.3106231987476349,297.0959777832031,297.1499938964844,293.1499938964844,0.0,-0.0,285.931884765625,0.9328866004943848,0.4051080048084259,0.3850415050983429,297.1229553222656,297.1499938964844,293.1499938964844,0.0,-0.0,285.93194580078125,0.8104768395423889,0.2657770216464996,1.2038854360580444,285.9318542480469,284.95001220703125,294.3388977050781,289.3333435058594,294.3374328613281,297.122802734375,285.9317626953125,1.0,0.5817922353744507,1.0,1.0,0.0,1.0,-3.19295072555542,3.1929426193237305,8.196718226827215e-06,2.466165781021118,1.0,1.0,0.0,128.67962646484375,128.0,33587.23828125,-0.0,2562.12939453125,1.0,282.7560119628906,284.7873229980469,292.4197692871094,294.6063842773437,293.1499938964844,293.1499938964844,282.45001220703125,35244.7109375,36000.0,313.1499938964844,0.0,18000.0,1.0,0.0,0.0,0.0,1.0,0.8129112124443054,1.0,0.0,0.0,3.954312086105346,3.954339027404785,1.0433623174321838e-06,4.265924453735352,4.265914440155029,9.78592834144365e-06,0.0,0.0,-0.0,5745.24853515625,0.0,1892.6956787109373,1895.4371337890625,0.0,2590.0283203125,0.9731760025024414,1.0,0.0,3.0,1.0,0.0
12327600,297.0660705566406,297.1499938964844,293.1499938964844,0.0,-0.0,285.9319152832031,0.8859242796897888,0.3508593738079071,0.3173241019248962,297.0661926269531,297.1499938964844,293.1499938964844,0.0,-0.0,285.9318542480469,0.9793090224266052,0.465792715549469,0.4421359300613403,297.0782775878906,297.1499938964844,293.1499938964844,0.0,-0.0,285.931884765625,0.9637317657470704,0.4428182542324066,0.3106231987476349,297.0959777832031,297.1499938964844,293.1499938964844,0.0,-0.0,285.931884765625,0.9328866004943848,0.4051080048084259,0.3850415050983429,297.1229553222656,297.1499938964844,293.1499938964844,0.0,-0.0,285.93194580078125,0.8104768395423889,0.2657770216464996,1.2038854360580444,285.9318542480469,284.95001220703125,294.3388977050781,289.3333435058594,294.3374328613281,297.122802734375,285.9317626953125,1.0,0.5817922353744507,1.0,1.0,0.0,1.0,-3.19295072555542,3.1929426193237305,8.196718226827215e-06,2.466165781021118,1.0,1.0,0.0,128.67962646484375,128.0,33587.23828125,-0.0,2562.12939453125,1.0,282.7560119628906,284.7873229980469,292.4197692871094,294.6063842773437,293.1499938964844,293.1499938964844,282.45001220703125,35244.7109375,36000.0,313.1499938964844,0.0,18000.0,1.0,0.0,0.0,0.0,1.0,0.8129112124443054,1.0,0.0,0.0,3.954312086105346,3.954339027404785,1.0433623174321838e-06,4.265924453735352,4.265914440155029,9.78592834144365e-06,0.0,0.0,-0.0,5745.24853515625,0.0,1892.6956787109373,1895.4371337890625,0.0,2590.0283203125,0.9731760025024414,1.0,0.0,3.0,1.0,0.0
12327660,297.0529479980469,297.1499938964844,293.1499938964844,0.0,-0.0,285.7686767578125,0.8790289759635925,0.3484720289707184,0.3153851926326751,297.0526733398437,297.1499938964844,293.1499938964844,0.0,-0.0,285.76861572265625,0.9728503823280334,0.4633661806583404,0.4400817453861236,297.06365966796875,297.1499938964844,293.1499938964844,0.0,-0.0,285.76861572265625,0.9565063118934632,0.4404345154762268,0.3091356158256531,297.083740234375,297.1499938964844,293.1499938964844,0.0,-0.0,285.7686462402344,0.925318956375122,0.4031880795955658,0.3834516406059265,297.1144714355469,297.1499938964844,293.1499938964844,0.0,-0.0,285.76873779296875,0.8049341440200806,0.2645770013332367,1.1994549036026,285.76861572265625,284.95001220703125,294.4237365722656,289.4212646484375,294.4222412109375,297.1146545410156,285.7683410644531,1.0,0.5808089375495911,1.0,1.0,0.0,1.0,-3.179126501083374,3.179118156433105,8.125519343593623e-06,2.455336570739746,1.0,1.0,0.0,130.17564392089844,131.0,35418.43359375,-0.0,2543.0634765625,1.0,282.4559631347656,284.5887756347656,292.5126647949219,294.818359375,293.1499938964844,293.1499938964844,282.1499938964844,35550.015625,36000.0,313.1499938964844,0.0,18000.0,1.0,0.0,0.0,0.0,1.0,0.83469557762146,1.0,0.0,0.0,3.971402406692505,3.9714295864105225,1.05240053471789e-06,4.265924453735352,4.265914440155029,9.78592834144365e-06,0.0,0.0,-0.0,5913.33740234375,0.0,1917.3421630859373,1895.4371337890625,0.0,2792.19873046875,0.9772413372993468,1.0,0.0,3.0,1.0,0.0
12327720,297.0529479980469,297.1499938964844,293.1499938964844,0.0,-0.0,285.7686767578125,0.8790289759635925,0.3484720289707184,0.3153851926326751,297.0526733398437,297.1499938964844,293.1499938964844,0.0,-0.0,285.76861572265625,0.9728503823280334,0.4633661806583404,0.4400817453861236,297.06365966796875,297.1499938964844,293.1499938964844,0.0,-0.0,285.76861572265625,0.9565063118934632,0.4404345154762268,0.3091356158256531,297.083740234375,297.1499938964844,293.1499938964844,0.0,-0.0,285.7686462402344,0.925318956375122,0.4031880795955658,0.3834516406059265,297.1144714355469,297.1499938964844,293.1499938964844,0.0,-0.0,285.76873779296875,0.8049341440200806,0.2645770013332367,1.1994549036026,285.76861572265625,284.95001220703125,294.4237365722656,289.4212646484375,294.4222412109375,297.1146545410156,285.7683410644531,1.0,0.5808089375495911,1.0,1.0,0.0,1.0,-3.179126501083374,3.179118156433105,8.125519343593623e-06,2.455336570739746,1.0,1.0,0.0,130.17564392089844,131.0,35418.43359375,-0.0,2543.0634765625,1.0,282.4559631347656,284.5887756347656,292.5126647949219,294.818359375,293.1499938964844,293.1499938964844,282.1499938964844,35550.015625,36000.0,313.1499938964844,0.0,18000.0,1.0,0.0,0.0,0.0,1.0,0.83469557762146,1.0,0.0,0.0,3.971402406692505,3.9714295864105225,1.05240053471789e-06,4.265924453735352,4.265914440155029,9.78592834144365e-06,0.0,0.0,-0.0,5913.33740234375,0.0,1917.3421630859373,1895.4371337890625,0.0,2792.19873046875,0.9772413372993468,1.0,0.0,3.0,1.0,0.0
12327780,297.0408020019531,297.1499938964844,293.1499938964844,0.0,-0.0,285.6058959960937,0.8714234232902527,0.3462767899036407,0.3136242628097534,297.0397644042969,297.1499938964844,293.1499938964844,0.0,-0.0,285.6056213378906,0.9650837182998656,0.4610921144485473,0.4381622970104217,297.04998779296875,297.1499938964844,293.1499938964844,0.0,-0.0,285.6056823730469,0.9479668140411376,0.4381953775882721,0.3077429533004761,297.0718994140625,297.1499938964844,293.1499938964844,0.0,-0.0,285.6057434082031,0.9167279601097108,0.4013333320617676,0.381917268037796,297.1056213378906,297.1499938964844,293.1499938964844,0.0,-0.0,285.6062927246094,0.7983506321907043,0.2633346915245056,1.1948062181472778,285.6056213378906,284.95001220703125,294.4927978515625,289.4925842285156,294.49127197265625,297.1058959960937,285.6040344238281,1.0,0.5801544189453125,1.0,1.0,0.0,1.0,-3.165595769882202,3.1655876636505127,8.056153092184104e-06,2.4447453022003174,1.0,1.0,0.0,132.19296264648438,131.0,37144.296875,-0.0,2527.525634765625,1.0,282.1630859375,284.3976135253906,292.5928955078125,295.0177917480469,293.1499938964844,293.1499938964844,282.1499938964844,35703.17578125,36000.0,313.1499938964844,0.0,18000.0,1.0,0.0,0.0,0.0,1.0,0.8525704741477966,1.0,0.0,0.0,3.979948043823242,3.979975461959839,1.0569345931799037e-06,4.265924453735352,4.265914440155029,9.78592834144365e-06,0.0,0.0,-0.0,5737.4541015625,0.0,1929.746337890625,1895.4371337890625,0.0,2959.35205078125,0.979274034500122,1.0,0.0,3.0,1.0,0.0
12327840,297.03814697265625,297.1499938964844,293.1499938964844,0.0,-0.0,285.6013488769531,0.8693411946296692,0.3457435965538025,0.3131457269191742,297.0368347167969,297.1499938964844,293.1499938964844,0.0,-0.0,285.6012878417969,0.9628586769104004,0.4605303108692169,0.4376403391361236,297.04693603515625,297.1499938964844,293.1499938964844,0.0,-0.0,285.601318359375,0.9455505609512328,0.4376487135887146,0.3073636293411255,297.0691223144531,297.1499938964844,293.1499938964844,0.0,-0.0,285.601318359375,0.9143874645233154,0.4008711874485016,0.3814930915832519,297.1034545898437,297.1499938964844,293.1499938964844,0.0,-0.0,285.6014404296875,0.7965154647827148,0.2630158364772796,1.1934787034988403,285.6012878417969,284.95001220703125,294.510009765625,289.5103454589844,294.50848388671875,297.10369873046875,285.6010131835937,1.0,0.579985499382019,1.0,1.0,0.0,1.0,-3.161830186843872,3.1618220806121826,8.036871804506518e-06,2.441786050796509,1.0,1.0,0.0,132.77342224121094,134.0,37250.0390625,-0.0,2523.32421875,1.0,282.1559143066406,284.3931884765625,292.5940246582031,295.013427734375,293.1499938964844,293.1499938964844,281.8500061035156,35732.27734375,36000.0,313.1499938964844,0.0,18000.0,1.0,0.0,0.0,0.0,1.0,0.8545604944229126,1.0,0.0,0.0,3.981569766998291,3.9815969467163086,1.05779599834932e-06,4.265924453735352,4.265914440155029,9.78592834144365e-06,0.0,0.0,-0.0,6084.17138671875,0.0,1932.10595703125,1895.4371337890625,0.0,2978.002197265625,0.9796597361564636,1.0,0.0,3.0,1.0,0.0
12327900,297.0306396484375,297.1499938964844,293.1499938964844,0.0,-0.0,285.46826171875,0.8643304705619812,0.3443013727664947,0.3119877874851227,297.0287170410156,297.1499938964844,293.1499938964844,0.0,-0.0,285.4670715332031,0.957318902015686,0.4590196907520294,0.4363592863082886,297.0385131835937,297.1499938964844,293.1499938964844,0.0,-0.0,285.4672546386719,0.9396084547042848,0.4361712634563446,0.3064415454864502,297.06158447265625,297.1499938964844,293.1499938964844,0.0,-0.0,285.46759033203125,0.908823549747467,0.3996203243732452,0.3804491758346557,297.0976257324219,297.1499938964844,293.1499938964844,0.0,-0.0,285.4698791503906,0.792045533657074,0.2621477246284485,1.1901589632034302,285.4670104980469,284.95001220703125,294.5533752441406,289.5550842285156,294.5518493652344,297.0979309082031,285.46002197265625,1.0,0.5795764923095703,1.0,1.0,0.0,1.0,-3.152543306350708,3.1525352001190186,7.989460755197797e-06,2.434504270553589,1.0,1.0,0.0,134.21661376953125,134.0,38711.13671875,-0.0,2513.057861328125,1.0,281.89306640625,284.2298278808594,292.6609802246094,295.2127685546875,293.1499938964844,293.1499938964844,281.8500061035156,35793.578125,36000.0,313.1499938964844,0.0,18000.0,1.0,0.0,0.0,0.0,1.0,0.866258442401886,1.0,0.0,0.0,3.9849836826324463,3.985010862350464,1.0596107813398703e-06,4.265924453735352,4.265914440155029,9.78592834144365e-06,0.0,0.0,-0.0,5925.4111328125,0.0,1937.080322265625,1895.4371337890625,0.0,3087.71142578125,0.9804717302322388,1.0,0.0,3.0,1.0,0.0
12327960,297.0228881835937,297.1499938964844,293.1499938964844,0.0,-0.0,285.4322814941406,0.8589274883270264,0.3427817523479461,0.3106964528560638,297.0202941894531,297.1499938964844,293.1499938964844,0.0,-0.0,285.4322204589844,0.9510930776596068,0.4574226438999176,0.434940904378891,297.0298156738281,297.1499938964844,293.1499938964844,0.0,-0.0,285.4322204589844,0.9330392479896544,0.4346104860305786,0.3054138720035553,297.0537109375,297.1499938964844,293.1499938964844,0.0,-0.0,285.4322509765625,0.9030455350875854,0.39828622341156,0.3792798221111297,297.0914001464844,297.1499938964844,293.1499938964844,0.0,-0.0,285.432373046875,0.7871704697608948,0.2612057030200958,1.186384677886963,285.4322204589844,284.95001220703125,294.5968017578125,289.5998229980469,294.59527587890625,297.0916442871094,285.4319152832031,1.0,0.5791148543357849,1.0,1.0,0.0,1.0,-3.142106533050537,3.1420986652374268,7.936376277939416e-06,2.426332950592041,1.0,1.0,0.0,135.83465576171875,137.0,39037.96484375,-0.0,2501.5576171875,1.0,281.8557434082031,284.1967468261719,292.6741027832031,295.2028503417969,293.1499938964844,293.1499938964844,281.54998779296875,35840.87109375,36000.0,313.1499938964844,0.0,18000.0,1.0,0.0,0.0,0.0,1.0,0.8723751902580261,1.0,0.0,0.0,3.987615346908569,3.987642765045166,1.0610107210595745e-06,4.265924453735352,4.265914440155029,9.78592834144365e-06,0.0,0.0,-0.0,6257.52880859375,0.0,1940.9205322265625,1895.4371337890625,0.0,3145.090087890625,0.9810976386070251,1.0,0.0,3.0,1.0,0.0
12328020,297.0078430175781,297.1499938964844,293.1499938964844,0.0,-0.0,285.261474609375,0.8486666083335876,0.3396485447883606,0.3080914318561554,297.0037536621094,297.1499938964844,293.1499938964844,0.0,-0.0,285.2613830566406,0.9385638236999512,0.4541047215461731,0.4320413172245025,297.0129089355469,297.1499938964844,293.1499938964844,0.0,-0.0,285.26141357421875,0.9202682971954346,0.4313737750053406,0.3033255338668823,297.0382080078125,297.1499938964844,293.1499938964844,0.0,-0.0,285.26141357421875,0.8922699689865112,0.3954971134662628,0.3768714666366577,297.0790405273437,297.1499938964844,293.1499938964844,0.0,-0.0,285.2615661621094,0.7777439951896667,0.2592123448848724,1.1784528493881226,285.2613830566406,284.95001220703125,294.6833190917969,289.68902587890625,294.6817932128906,297.0793151855469,285.260986328125,1.0,0.5781210064888,1.0,1.0,0.0,1.0,-3.120546579360962,3.1205389499664307,7.827250556147192e-06,2.40944242477417,1.0,1.0,0.0,139.07229614257812,140.0,40781.3046875,-0.0,2477.433349609375,1.0,281.5559387207031,283.9993591308594,292.7550964355469,295.39068603515625,293.1499938964844,293.1499938964844,281.25,35905.46484375,36000.0,313.1499938964844,0.0,18000.0,1.0,0.0,0.0,0.0,1.0,0.8884937763214111,1.0,0.0,0.0,3.9912071228027344,3.991234540939331,1.062922933670052e-06,4.265924453735352,4.265914440155029,9.78592834144365e-06,0.0,0.0,-0.0,6434.84814453125,0.0,1946.1700439453125,1895.4371337890625,0.0,3296.118408203125,0.9819519519805908,1.0,0.0,3.0,1.0,0.0
12328080,297.0078430175781,297.1499938964844,293.1499938964844,0.0,-0.0,285.261474609375,0.8486666083335876,0.3396485447883606,0.3080914318561554,297.0037536621094,297.1499938964844,293.1499938964844,0.0,-0.0,285.2613830566406,0.9385638236999512,0.4541047215461731,0.4320413172245025,297.0129089355469,297.1499938964844,293.1499938964844,0.0,-0.0,285.26141357421875,0.9202682971954346,0.4313737750053406,0.3033255338668823,297.0382080078125,297.1499938964844,293.1499938964844,0.0,-0.0,285.26141357421875,0.8922699689865112,0.3954971134662628,0.3768714666366577,297.0790405273437,297.1499938964844,293.1499938964844,0.0,-0.0,285.2615661621094,0.7777439951896667,0.2592123448848724,1.1784528493881226,285.2613830566406,284.95001220703125,294.6833190917969,289.68902587890625,294.6817932128906,297.0793151855469,285.260986328125,1.0,0.5781210064888,1.0,1.0,0.0,1.0,-3.120546579360962,3.1205389499664307,7.827250556147192e-06,2.40944242477417,1.0,1.0,0.0,139.07229614257812,140.0,40781.3046875,-0.0,2477.433349609375,1.0,281.5559387207031,283.9993591308594,292.7550964355469,295.39068603515625,293.1499938964844,293.1499938964844,281.25,35905.46484375,36000.0,313.1499938964844,0.0,18000.0,1.0,0.0,0.0,0.0,1.0,0.8884937763214111,1.0,0.0,0.0,3.9912071228027344,3.991234540939331,1.062922933670052e-06,4.265924453735352,4.265914440155029,9.78592834144365e-06,0.0,0.0,-0.0,6434.84814453125,0.0,1946.1700439453125,1895.4371337890625,0.0,3296.118408203125,0.9819519519805908,1.0,0.0,3.0,1.0,0.0
12328140,296.9932556152344,297.1499938964844,293.1499938964844,0.0,-0.0,285.08746337890625,0.8388552069664001,0.3363716900348663,0.3053581118583679,296.98748779296875,297.1499938964844,293.1499938964844,0.0,-0.0,285.0873718261719,0.925963282585144,0.4506063163280487,0.4289717376232147,296.9963684082031,297.1499938964844,293.1499938964844,0.0,-0.0,285.08740234375,0.9081778526306152,0.4279640316963196,0.3011174499988556,297.02294921875,297.1499938964844,293.1499938964844,0.0,-0.0,285.08740234375,0.8817811608314514,0.3925357460975647,0.374300092458725,297.0668029785156,297.1499938964844,293.1499938964844,0.0,-0.0,285.08758544921875,0.7685976028442383,0.2570732235908508,1.1698561906814575,285.0873718261719,284.95001220703125,294.76873779296875,289.77716064453125,294.7672424316406,297.0670471191406,285.0868835449219,1.0,0.5769829750061035,1.0,1.0,0.0,1.0,-3.09748911857605,3.0974814891815186,7.711388207098935e-06,2.3913822174072266,1.0,1.0,0.0,142.36134338378906,143.0,42481.3671875,-0.0,2451.006591796875,1.0,281.2557983398437,283.7997131347656,292.8369140625,295.5774230957031,293.1499938964844,293.1499938964844,280.95001220703125,35943.859375,36000.0,313.1499938964844,0.0,18000.0,1.0,0.0,0.0,0.0,1.0,0.9032936096191406,1.0,0.0,0.0,3.993340253829956,3.9933676719665527,1.0640594609867549e-06,4.265924453735352,4.265914440155029,9.78592834144365e-06,0.0,0.0,-0.0,6615.03173828125,0.0,1949.2923583984373,1895.4371337890625,0.0,3434.265869140625,0.982459306716919,1.0,0.0,3.0,1.0,0.0
12328200,296.9932556152344,297.1499938964844,293.1499938964844,0.0,-0.0,285.08746337890625,0.8388552069664001,0.3363716900348663,0.3053581118583679,296.98748779296875,297.1499938964844,293.1499938964844,0.0,-0.0,285.0873718261719,0.925963282585144,0.4506063163280487,0.4289717376232147,296.9963684082031,297.1499938964844,293.1499938964844,0.0,-0.0,285.08740234375,0.9081778526306152,0.4279640316963196,0.3011174499988556,297.02294921875,297.1499938964844,293.1499938964844,0.0,-0.0,285.08740234375,0.8817811608314514,0.3925357460975647,0.374300092458725,297.0668029785156,297.1499938964844,293.1499938964844,0.0,-0.0,285.08758544921875,0.7685976028442383,0.2570732235908508,1.1698561906814575,285.0873718261719,284.95001220703125,294.76873779296875,289.77716064453125,294.7672424316406,297.0670471191406,285.0868835449219,1.0,0.5769829750061035,1.0,1.0,0.0,1.0,-3.09748911857605,3.0974814891815186,7.711388207098935e-06,2.3913822174072266,1.0,1.0,0.0,142.36134338378906,143.0,42481.3671875,-0.0,2451.006591796875,1.0,281.2557983398437,283.7997131347656,292.8369140625,295.5774230957031,293.1499938964844,293.1499938964844,280.95001220703125,35943.859375,36000.0,313.1499938964844,0.0,18000.0,1.0,0.0,0.0,0.0,1.0,0.9032936096191406,1.0,0.0,0.0,3.993340253829956,3.9933676719665527,1.0640594609867549e-06,4.265924453735352,4.265914440155029,9.78592834144365e-06,0.0,0.0,-0.0,6615.03173828125,0.0,1949.2923583984373,1895.4371337890625,0.0,3434.265869140625,0.982459306716919,1.0,0.0,3.0,1.0,0.0
12328260,296.97918701171875,297.1499938964844,293.1499938964844,0.0,-0.0,284.9105224609375,0.829491913318634,0.3329617083072662,0.3025055825710296,296.9716186523437,297.1499938964844,293.1499938964844,0.0,-0.0,284.9104309082031,0.9138548970222472,0.4469394981861114,0.4257436394691467,296.9802551269531,297.1499938964844,293.1499938964844,0.0,-0.0,284.9104309082031,0.89736407995224,0.4243866503238678,0.2987945079803467,297.008056640625,297.1499938964844,293.1499938964844,0.0,-0.0,284.91046142578125,0.8717177510261536,0.3894188702106476,0.3715804815292358,297.0548400878906,297.1499938964844,293.1499938964844,0.0,-0.0,284.9106750488281,0.7598541975021362,0.2548073530197143,1.160684585571289,284.910400390625,284.95001220703125,294.85223388671875,289.863525390625,294.8507385253906,297.0550842285156,284.90985107421875,1.0,0.5756996273994446,1.0,1.0,0.0,1.0,-3.0730905532836914,3.07308316230774,7.589743290736806e-06,2.37227725982666,0.999032497406006,0.999032497406006,0.0,145.65676879882812,146.0,44130.2578125,-0.0,2422.410888671875,1.0,280.955810546875,283.5981140136719,292.9178466796875,295.7610168457031,293.1499938964844,293.1499938964844,280.6499938964844,35994.07421875,36000.0,313.1499938964844,0.0,18000.0,1.0,0.0,0.0,0.0,1.0,0.916959583759308,1.0,0.0,0.0,3.9939005374908447,3.9939279556274414,1.0643581163094495e-06,4.265924453735352,4.265914440155029,9.78592834144365e-06,0.0,0.0,-0.0,6797.6552734375,0.0,1950.4415283203125,1895.4371337890625,0.0,3561.073486328125,0.9826127290725708,1.0,0.0,3.0,1.0,0.0
12328320,296.97918701171875,297.1499938964844,293.1499938964844,0.0,-0.0,284.9105224609375,0.829491913318634,0.3329617083072662,0.3025055825710296,296.9716186523437,297.1499938964844,293.1499938964844,0.0,-0.0,284.9104309082031,0.9138548970222472,0.4469394981861114,0.4257436394691467,296.9802551269531,297.1499938964844,293.1499938964844,0.0,-0.0,284.9104309082031,0.89736407995224,0.4243866503238678,0.2987945079803467,297.008056640625,297.1499938964844,293.1499938964844,0.0,-0.0,284.91046142578125,0.8717177510261536,0.3894188702106476,0.3715804815292358,297.0548400878906,297.1499938964844,293.1499938964844,0.0,-0.0,284.9106750488281,0.7598541975021362,0.2548073530197143,1.160684585571289,284.910400390625,284.95001220703125,294.85223388671875,289.863525390625,294.8507385253906,297.0550842285156,284.90985107421875,1.0,0.5756996273994446,1.0,1.0,0.0,1.0,-3.0730905532836914,3.07308316230774,7.589743290736806e-06,2.37227725982666,0.999032497406006,0.999032497406006,0.0,145.65676879882812,146.0,44130.2578125,-0.0,2422.410888671875,1.0,280.955810546875,283.5981140136719,292.9178466796875,295.7610168457031,293.1499938964844,293.1499938964844,280.6499938964844,35994.07421875,36000.0,313.1499938964844,0.0,18000.0,1.0,0.0,0.0,0.0,1.0,0.916959583759308,1.0,0.0,0.0,3.9939005374908447,3.9939279556274414,1.0643581163094495e-06,4.265924453735352,4.265914440155029,9.78592834144365e-06,0.0,0.0,-0.0,6797.6552734375,0.0,1950.4415283203125,1895.4371337890625,0.0,3561.073486328125,0.9826127290725708,1.0,0.0,3.0,1.0,0.0
12328380,296.9656982421875,297.1499938964844,293.1499938964844,0.0,-0.0,284.7313537597656,0.8204472064971924,0.3294322490692138,0.2995440661907196,296.9561767578125,297.1499938964844,293.1499938964844,0.0,-0.0,284.73126220703125,0.9028482437133788,0.4431176483631134,0.4223676919937134,296.964599609375,297.1499938964844,293.1499938964844,0.0,-0.0,284.73126220703125,0.8870858550071716,0.420650452375412,0.2963594794273376,296.9936828613281,297.1499938964844,293.1499938964844,0.0,-0.0,284.7312927246094,0.8621399998664856,0.3861637115478515,0.3687286674976349,297.04327392578125,297.1499938964844,293.1499938964844,0.0,-0.0,284.73150634765625,0.7515543103218079,0.2524299323558807,1.1510024070739746,284.73126220703125,284.95001220703125,294.93292236328125,289.9474182128906,294.93145751953125,297.0434875488281,284.73065185546875,1.0,0.5742786526679993,1.0,1.0,0.0,1.0,-3.047476530075073,3.047469139099121,7.463092060788767e-06,2.352226495742798,0.994578182697296,0.994578182697296,0.0,148.93714904785156,149.0,45712.97265625,-0.0,2391.842529296875,1.0,280.6557312011719,283.3954772949219,292.9966735839844,295.9393310546875,293.1499938964844,293.1499938964844,280.3500061035156,36120.47265625,36000.0,313.1499938964844,0.0,18000.0,1.0,0.0,0.0,0.0,1.0,0.9295645356178284,1.0,0.0,0.0,3.9898977279663086,3.989925146102905,1.0622255786074677e-06,4.265924453735352,4.265914440155029,9.78592834144365e-06,0.0,0.0,-0.0,6980.22607421875,0.0,1946.2064208984373,1895.4371337890625,0.0,3677.149169921875,0.9817769527435304,1.0,0.0,3.0,1.0,0.0
12328440,296.9656982421875,297.1499938964844,293.1499938964844,0.0,-0.0,284.7313537597656,0.8204472064971924,0.3294322490692138,0.2995440661907196,296.9561767578125,297.1499938964844,293.1499938964844,0.0,-0.0,284.73126220703125,0.9028482437133788,0.4431176483631134,0.4223676919937134,296.964599609375,297.1499938964844,293.1499938964844,0.0,-0.0,284.73126220703125,0.8870858550071716,0.420650452375412,0.2963594794273376,296.9936828613281,297.1499938964844,293.1499938964844,0.0,-0.0,284.7312927246094,0.8621399998664856,0.3861637115478515,0.3687286674976349,297.04327392578125,297.1499938964844,293.1499938964844,0.0,-0.0,284.73150634765625,0.7515543103218079,0.2524299323558807,1.1510024070739746,284.73126220703125,284.95001220703125,294.93292236328125,289.9474182128906,294.93145751953125,297.0434875488281,284.73065185546875,1.0,0.5742786526679993,1.0,1.0,0.0,1.0,-3.047476530075073,3.047469139099121,7.463092060788767e-06,2.352226495742798,0.994578182697296,0.994578182697296,0.0,148.93714904785156,149.0,45712.97265625,-0.0,2391.842529296875,1.0,280.6557312011719,283.3954772949219,292.9966735839844,295.9393310546875,293.1499938964844,293.1499938964844,280.3500061035156,36120.47265625,36000.0,313.1499938964844,0.0,18000.0,1.0,0.0,0.0,0.0,1.0,0.9295645356178284,1.0,0.0,0.0,3.9898977279663086,3.989925146102905,1.0622255786074677e-06,4.265924453735352,4.265914440155029,9.78592834144365e-06,0.0,0.0,-0.0,6980.22607421875,0.0,1946.2064208984373,1895.4371337890625,0.0,3677.149169921875,0.9817769527435304,1.0,0.0,3.0,1.0,0.0
12328500,296.9593505859375,297.1499938964844,293.1499938964844,0.0,-0.0,284.5916442871094,0.8161068558692932,0.3276430368423462,0.2980706989765167,296.9488220214844,297.1499938964844,293.1499938964844,0.0,-0.0,284.5902404785156,0.897921085357666,0.4411682486534118,0.4206692278385162,296.9571228027344,297.1499938964844,293.1499938964844,0.0,-0.0,284.5904541015625,0.8822407722473145,0.4187444746494293,0.2951375842094421,296.98681640625,297.1499938964844,293.1499938964844,0.0,-0.0,284.5908508300781,0.8576653599739075,0.3845017850399017,0.367292046546936,297.03778076171875,297.1499938964844,293.1499938964844,0.0,-0.0,284.5933837890625,0.7476772665977478,0.2512154579162597,1.1460975408554075,284.5901794433594,284.95001220703125,294.9719543457031,289.9881896972656,294.9705505371094,297.0380554199219,284.5823974609375,1.0,0.5735337138175964,1.0,1.0,0.0,1.0,-3.0345711708068848,3.0345637798309326,7.399676633212948e-06,2.342121124267578,0.9908114075660706,0.9908114075660706,0.0,150.51718139648438,149.0,47018.2421875,-0.0,2376.21728515625,1.0,280.3929443359375,283.22760009765625,293.0593566894531,296.1316223144531,293.1499938964844,293.1499938964844,280.3500061035156,36203.76953125,36000.0,313.1499938964844,0.0,18000.0,1.0,0.0,0.0,0.0,1.0,0.9378035068511964,1.0,0.0,0.0,3.9859538078308105,3.9859812259674072,1.0601268058962887e-06,4.265924453735352,4.265914440155029,9.78592834144365e-06,0.0,0.0,-0.0,6777.06298828125,0.0,1941.70458984375,1895.4371337890625,0.0,3752.45361328125,0.9809101819992064,1.0,0.0,3.0,1.0,0.0
12328560,296.952880859375,297.1499938964844,293.1499938964844,0.0,-0.0,284.5506591796875,0.8114938139915466,0.3257993757724762,0.2964865565299988,296.9413146972656,297.1499938964844,293.1499938964844,0.0,-0.0,284.550537109375,0.8928083777427673,0.4391562640666961,0.4188570976257324,296.94952392578125,297.1499938964844,293.1499938964844,0.0,-0.0,284.5505676269531,0.877224862575531,0.416775643825531,0.2938249707221985,296.9798583984375,297.1499938964844,293.1499938964844,0.0,-0.0,284.55059814453125,0.8530635833740234,0.382782518863678,0.3657555282115936,297.0321960449219,297.1499938964844,293.1499938964844,0.0,-0.0,284.5508117675781,0.7436949014663696,0.2499559372663498,1.1408724784851074,284.550537109375,284.95001220703125,295.010009765625,290.0280456542969,295.00860595703125,297.03240966796875,284.5498962402344,1.0,0.5727335810661316,1.0,1.0,0.0,1.0,-3.020781993865967,3.020774602890014,7.332247605518205e-06,2.331336498260498,0.9877049326896667,0.9877049326896667,0.0,152.19020080566406,152.0,47220.34375,-0.0,2359.559814453125,1.0,280.3557434082031,283.1925354003906,293.0723876953125,296.1106262207031,293.1499938964844,293.1499938964844,280.04998779296875,36273.46484375,36000.0,313.1499938964844,0.0,18000.0,1.0,0.0,0.0,0.0,1.0,0.9411171078681946,1.0,0.0,0.0,3.980325698852539,3.980353116989136,1.0571351367616444e-06,4.265924453735352,4.265914440155029,9.78592834144365e-06,0.0,0.0,-0.0,7161.54052734375,0.0,1934.8936767578125,1895.4371337890625,0.0,3782.597412109375,0.9797000885009766,1.0,0.0,3.0,1.0,0.0
12328620,296.9407653808594,297.1499938964844,293.1499938964844,0.0,-0.0,284.3690490722656,0.8023433685302734,0.3220764100551605,0.2933443188667297,296.92706298828125,297.1499938964844,293.1499938964844,0.0,-0.0,284.3689270019531,0.8831435441970825,0.4350686371326446,0.4152235984802246,296.93511962890625,297.1499938964844,293.1499938964844,0.0,-0.0,284.3689270019531,0.8678057789802551,0.4127772152423858,0.2912011742591858,296.96661376953125,297.1499938964844,293.1499938964844,0.0,-0.0,284.3689880371094,0.844465970993042,0.3792867064476013,0.3626708090305328,297.02166748046875,297.1499938964844,293.1499938964844,0.0,-0.0,284.36920166015625,0.7362287044525146,0.2473980337381363,1.13034987449646,284.3689270019531,284.95001220703125,295.0826416015625,290.1047668457031,295.0813293457031,297.0218811035156,284.36822509765625,1.0,0.5710801482200623,1.0,1.0,0.0,1.0,-2.9931252002716064,2.9931180477142334,7.19792387826601e-06,2.309700727462769,0.9784032702445984,0.9784032702445984,0.0,155.41189575195312,155.0,48642.859375,-0.0,2325.82568359375,1.0,280.055908203125,282.989990234375,293.1441955566406,296.2735595703125,293.1499938964844,293.1499938964844,279.75,36451.8515625,36000.0,313.1499938964844,0.0,18000.0,1.0,0.0,0.0,0.0,1.0,0.951642632484436,1.0,0.0,0.0,3.964247703552246,3.964274883270264,1.0486120345376548e-06,4.265924453735352,4.265914440155029,9.78592834144365e-06,0.0,0.0,-0.0,7340.3232421875,0.0,1915.3668212890625,1895.4371337890625,0.0,3877.748046875,0.9761709570884703,1.0,0.0,3.0,1.0,0.0
12328680,296.9407653808594,297.1499938964844,293.1499938964844,0.0,-0.0,284.3690490722656,0.8023433685302734,0.3220764100551605,0.2933443188667297,296.92706298828125,297.1499938964844,293.1499938964844,0.0,-0.0,284.3689270019531,0.8831435441970825,0.4350686371326446,0.4152235984802246,296.93511962890625,297.1499938964844,293.1499938964844,0.0,-0.0,284.3689270019531,0.8678057789802551,0.4127772152423858,0.2912011742591858,296.96661376953125,297.1499938964844,293.1499938964844,0.0,-0.0,284.3689880371094,0.844465970993042,0.3792867064476013,0.3626708090305328,297.02166748046875,297.1499938964844,293.1499938964844,0.0,-0.0,284.36920166015625,0.7362287044525146,0.2473980337381363,1.13034987449646,284.3689270019531,284.95001220703125,295.0826416015625,290.1047668457031,295.0813293457031,297.0218811035156,284.36822509765625,1.0,0.5710801482200623,1.0,1.0,0.0,1.0,-2.9931252002716064,2.9931180477142334,7.19792387826601e-06,2.309700727462769,0.9784032702445984,0.9784032702445984,0.0,155.41189575195312,155.0,48642.859375,-0.0,2325.82568359375,1.0,280.055908203125,282.989990234375,293.1441955566406,296.2735595703125,293.1499938964844,293.1499938964844,279.75,36451.8515625,36000.0,313.1499938964844,0.0,18000.0,1.0,0.0,0.0,0.0,1.0,0.951642632484436,1.0,0.0,0.0,3.964247703552246,3.964274883270264,1.0486120345376548e-06,4.265924453735352,4.265914440155029,9.78592834144365e-06,0.0,0.0,-0.0,7340.3232421875,0.0,1915.3668212890625,1895.4371337890625,0.0,3877.748046875,0.9761709570884703,1.0,0.0,3.0,1.0,0.0
12328740,296.929443359375,297.1499938964844,293.1499938964844,0.0,-0.0,284.1867980957031,0.793311357498169,0.3182775676250458,0.2901311218738556,296.9134826660156,297.1499938964844,293.1499938964844,0.0,-0.0,284.1866455078125,0.8738818168640137,0.4308688938617706,0.4114814102649688,296.92144775390625,297.1499938964844,293.1499938964844,0.0,-0.0,284.1866760253906,0.8588418364524841,0.4086700081825256,0.2884993553161621,296.9540405273437,297.1499938964844,293.1499938964844,0.0,-0.0,284.18670654296875,0.8363029956817627,0.3756890892982483,0.3594872653484344,297.0117492675781,297.1499938964844,293.1499938964844,0.0,-0.0,284.1869506835937,0.7290766835212708,0.2447691112756729,1.119494080543518,284.1866455078125,284.95001220703125,295.1499938964844,290.1767578125,295.1487731933594,297.011962890625,284.1859741210937,1.0,0.5693355798721313,1.0,1.0,0.0,1.0,-2.964640140533448,2.964632987976074,7.060895768518094e-06,2.287425756454468,0.9666680693626404,0.9666680693626404,0.0,158.59849548339844,158.0,49972.07421875,-0.0,2290.923828125,1.0,279.75604248046875,282.7882385253906,293.2116394042969,296.427001953125,293.1499938964844,293.1499938964844,279.45001220703125,36658.93359375,36000.0,313.1499938964844,0.0,18000.0,1.0,0.0,0.0,0.0,1.0,0.961204469203949,1.0,0.0,0.0,3.940610647201538,3.940637588500977,1.036144453792076e-06,4.265924453735352,4.265914440155029,9.78592834144365e-06,0.0,0.0,-0.0,7514.55859375,0.0,1886.48291015625,1895.4371337890625,0.0,3963.3154296875,0.9709574580192566,1.0,0.0,3.0,1.0,0.0
12328800,296.929443359375,297.1499938964844,293.1499938964844,0.0,-0.0,284.1867980957031,0.793311357498169,0.3182775676250458,0.2901311218738556,296.9134826660156,297.1499938964844,293.1499938964844,0.0,-0.0,284.1866455078125,0.8738818168640137,0.4308688938617706,0.4114814102649688,296.92144775390625,297.1499938964844,293.1499938964844,0.0,-0.0,284.1866760253906,0.8588418364524841,0.4086700081825256,0.2884993553161621,296.9540405273437,297.1499938964844,293.1499938964844,0.0,-0.0,284.18670654296875,0.8363029956817627,0.3756890892982483,0.3594872653484344,297.0117492675781,297.1499938964844,293.1499938964844,0.0,-0.0,284.1869506835937,0.7290766835212708,0.2447691112756729,1.119494080543518,284.1866455078125,284.95001220703125,295.1499938964844,290.1767578125,295.1487731933594,297.011962890625,284.1859741210937,1.0,0.5693355798721313,1.0,1.0,0.0,1.0,-2.964640140533448,2.964632987976074,7.060895768518094e-06,2.287425756454468,0.9666680693626404,0.9666680693626404,0.0,158.59849548339844,158.0,49972.07421875,-0.0,2290.923828125,1.0,279.75604248046875,282.7882385253906,293.2116394042969,296.427001953125,293.1499938964844,293.1499938964844,279.45001220703125,36658.93359375,36000.0,313.1499938964844,0.0,18000.0,1.0,0.0,0.0,0.0,1.0,0.961204469203949,1.0,0.0,0.0,3.940610647201538,3.940637588500977,1.036144453792076e-06,4.265924453735352,4.265914440155029,9.78592834144365e-06,0.0,0.0,-0.0,7514.55859375,0.0,1886.48291015625,1895.4371337890625,0.0,3963.3154296875,0.9709574580192566,1.0,0.0,3.0,1.0,0.0
12328860,296.9189147949219,297.1499938964844,293.1499938964844,0.0,-0.0,284.0048522949219,0.7845689058303833,0.3144170641899109,0.2868584394454956,296.900634765625,297.1499938964844,293.1499938964844,0.0,-0.0,284.0047302246094,0.8650338649749756,0.4265714585781097,0.4076428115367889,296.9085388183594,297.1499938964844,293.1499938964844,0.0,-0.0,284.0047607421875,0.850322961807251,0.404468834400177,0.2857288122177124,296.942138671875,297.1499938964844,293.1499938964844,0.0,-0.0,284.0047912597656,0.8284953832626343,0.3720028400421142,0.3562161028385162,297.0025329589844,297.1499938964844,293.1499938964844,0.0,-0.0,284.0050048828125,0.7221146821975708,0.2420816421508789,1.1083576679229736,284.0047302246094,284.95001220703125,295.21124267578125,290.24334716796875,295.21014404296875,297.0027160644531,284.0040588378906,1.0,0.5675167441368103,1.0,1.0,0.0,1.0,-2.935442924499512,2.9354360103607178,6.921830390638206e-06,2.2646031379699707,0.9525116682052612,0.9525116682052612,0.0,161.75006103515625,161.0,51197.359375,-0.0,2255.115478515625,1.0,279.4562072753906,282.5884094238281,293.2738952636719,296.5694885253906,293.1499938964844,293.1499938964844,279.1499938964844,36900.4296875,36000.0,313.1499938964844,0.0,18000.0,1.0,0.0,0.0,0.0,1.0,0.969843566417694,1.0,0.0,0.0,3.908144474029541,3.90817141532898,1.019141564029269e-06,4.265924453735352,4.265914440155029,9.78592834144365e-06,0.0,0.0,-0.0,7682.47021484375,0.0,1846.99267578125,1895.4371337890625,0.0,4039.83056640625,0.9637821912765504,1.0,0.0,3.0,1.0,0.0
12328920,296.9189147949219,297.1499938964844,293.1499938964844,0.0,-0.0,284.0048522949219,0.7845689058303833,0.3144170641899109,0.2868584394454956,296.900634765625,297.1499938964844,293.1499938964844,0.0,-0.0,284.0047302246094,0.8650338649749756,0.4265714585781097,0.4076428115367889,296.9085388183594,297.1499938964844,293.1499938964844,0.0,-0.0,284.0047607421875,0.850322961807251,0.404468834400177,0.2857288122177124,296.942138671875,297.1499938964844,293.1499938964844,0.0,-0.0,284.0047912597656,0.8284953832626343,0.3720028400421142,0.3562161028385162,297.0025329589844,297.1499938964844,293.1499938964844,0.0,-0.0,284.0050048828125,0.7221146821975708,0.2420816421508789,1.1083576679229736,284.0047302246094,284.95001220703125,295.21124267578125,290.24334716796875,295.21014404296875,297.0027160644531,284.0040588378906,1.0,0.5675167441368103,1.0,1.0,0.0,1.0,-2.935442924499512,2.9354360103607178,6.921830390638206e-06,2.2646031379699707,0.9525116682052612,0.9525116682052612,0.0,161.75006103515625,161.0,51197.359375,-0.0,2255.115478515625,1.0,279.4562072753906,282.5884094238281,293.2738952636719,296.5694885253906,293.1499938964844,293.1499938964844,279.1499938964844,36900.4296875,36000.0,313.1499938964844,0.0,18000.0,1.0,0.0,0.0,0.0,1.0,0.969843566417694,1.0,0.0,0.0,3.908144474029541,3.90817141532898,1.019141564029269e-06,4.265924453735352,4.265914440155029,9.78592834144365e-06,0.0,0.0,-0.0,7682.47021484375,0.0,1846.99267578125,1895.4371337890625,0.0,4039.83056640625,0.9637821912765504,1.0,0.0,3.0,1.0,0.0
12328980,296.90924072265625,297.1499938964844,293.1499938964844,0.0,-0.0,283.824462890625,0.7761516571044922,0.3105117380619049,0.2835404574871063,296.8885803222656,297.1499938964844,293.1499938964844,0.0,-0.0,283.8243408203125,0.8566058278083801,0.4221934080123901,0.4037227630615234,296.8965148925781,297.1499938964844,293.1499938964844,0.0,-0.0,283.8243408203125,0.8422272205352783,0.4001911580562591,0.2829008996486664,296.9310302734375,297.1499938964844,293.1499938964844,0.0,-0.0,283.8243713378906,0.8209379315376282,0.3682435750961303,0.3528710305690765,296.9939880371094,297.1499938964844,293.1499938964844,0.0,-0.0,283.8245849609375,0.7151789665222168,0.2393497079610824,1.0969998836517334,283.8243408203125,284.95001220703125,295.2655639648437,290.30377197265625,295.2645874023437,296.9941711425781,283.82373046875,1.0,0.5656415820121765,1.0,1.0,0.0,1.0,-2.905670642852783,2.9056639671325684,6.781471256545046e-06,2.2413406372070312,0.9359633326530457,0.9359633326530457,0.0,164.8647918701172,149.0,52307.3359375,-0.0,2218.67724609375,1.0,279.1564636230469,282.39178466796875,293.3301696777344,296.6995849609375,293.1499938964844,293.1499938964844,278.8500061035156,37183.90234375,36000.0,313.1499938964844,0.0,18000.0,1.0,0.0,0.0,0.0,1.0,0.9776001572608948,1.0,0.0,0.0,3.865283250808716,3.865309715270996,9.969099892259692e-07,4.265924453735352,4.265914440155029,9.78592834144365e-06,0.0,0.0,-0.0,7841.8427734375,0.0,1795.51171875,1895.4371337890625,0.0,4107.828125,0.9543064832687378,1.0,0.0,3.0,1.0,0.0
12329040,296.90924072265625,297.1499938964844,293.1499938964844,0.0,-0.0,283.824462890625,0.7761516571044922,0.3105117380619049,0.2835404574871063,296.8885803222656,297.1499938964844,293.1499938964844,0.0,-0.0,283.8243408203125,0.8566058278083801,0.4221934080123901,0.4037227630615234,296.8965148925781,297.1499938964844,293.1499938964844,0.0,-0.0,283.8243408203125,0.8422272205352783,0.4001911580562591,0.2829008996486664,296.9310302734375,297.1499938964844,293.1499938964844,0.0,-0.0,283.8243713378906,0.8209379315376282,0.3682435750961303,0.3528710305690765,296.9939880371094,297.1499938964844,293.1499938964844,0.0,-0.0,283.8245849609375,0.7151789665222168,0.2393497079610824,1.0969998836517334,283.8243408203125,284.95001220703125,295.2655639648437,290.30377197265625,295.2645874023437,296.9941711425781,283.82373046875,1.0,0.5656415820121765,1.0,1.0,0.0,1.0,-2.905670642852783,2.9056639671325684,6.781471256545046e-06,2.2413406372070312,0.9359633326530457,0.9359633326530457,0.0,164.8647918701172,149.0,52307.3359375,-0.0,2218.67724609375,1.0,279.1564636230469,282.39178466796875,293.3301696777344,296.6995849609375,293.1499938964844,293.1499938964844,278.8500061035156,37183.90234375,36000.0,313.1499938964844,0.0,18000.0,1.0,0.0,0.0,0.0,1.0,0.9776001572608948,1.0,0.0,0.0,3.865283250808716,3.865309715270996,9.969099892259692e-07,4.265924453735352,4.265914440155029,9.78592834144365e-06,0.0,0.0,-0.0,7841.8427734375,0.0,1795.51171875,1895.4371337890625,0.0,4107.828125,0.9543064832687378,1.0,0.0,3.0,1.0,0.0
12329100,296.90496826171875,297.1499938964844,293.1499938964844,0.0,-0.0,283.6871643066406,0.7749699354171753,0.3085702359676361,0.2818222939968109,296.8830871582031,297.1499938964844,293.1499938964844,0.0,-0.0,283.6855773925781,0.8556315302848816,0.4199992716312408,0.4016821384429931,296.8910522460937,297.1499938964844,293.1499938964844,0.0,-0.0,283.6858215332031,0.8412634134292603,0.3980501592159271,0.2814320623874664,296.9259338378906,297.1499938964844,293.1499938964844,0.0,-0.0,283.68621826171875,0.8200631737709045,0.3663598597049713,0.3511151075363159,296.9901733398437,297.1499938964844,293.1499938964844,0.0,-0.0,283.6889953613281,0.7142477035522461,0.2379868179559707,1.0909123420715332,283.6855163574219,284.95001220703125,295.28985595703125,290.3314208984375,295.2889404296875,296.9903869628906,283.6771240234375,1.0,0.5628057718276978,1.0,1.0,0.0,1.0,-2.8899619579315186,2.889955282211304,6.708071850880515e-06,2.229101657867432,0.9261947274208068,0.9261947274208068,0.0,163.91122436523438,149.0,53307.51171875,-0.0,2186.881591796875,1.0,278.89605712890625,282.23016357421875,293.377685546875,296.8640441894531,293.1499938964844,293.1499938964844,278.8500061035156,37357.54296875,36000.0,313.1499938964844,0.0,18000.0,1.0,0.0,0.0,0.0,1.0,0.9832494258880616,1.0,0.0,0.0,3.839520931243897,3.8395469188690186,9.836652452577257e-07,4.265924453735352,4.265914440155029,9.78592834144365e-06,0.0,0.0,-0.0,7591.8515625,0.0,1765.1036376953125,1895.4371337890625,0.0,4156.90478515625,0.9485901594161988,1.0,0.0,3.0,1.0,0.0
12329160,296.9007873535156,297.1499938964844,293.1499938964844,0.0,-0.0,283.645263671875,0.7751631736755371,0.3066040575504303,0.2799737453460693,296.8775939941406,297.1499938964844,293.1499938964844,0.0,-0.0,283.6451416015625,0.8561554551124573,0.417767733335495,0.3995021283626556,296.8855895996094,297.1499938964844,293.1499938964844,0.0,-0.0,283.6451721191406,0.8417149186134338,0.3958733379840851,0.2798552513122558,296.9208984375,297.1499938964844,293.1499938964844,0.0,-0.0,283.64520263671875,0.8205612897872925,0.3644433617591858,0.3492317199707031,296.9864196777344,297.1499938964844,293.1499938964844,0.0,-0.0,283.6454162597656,0.7145529389381409,0.2366051524877548,1.0843700170516968,283.6451416015625,284.95001220703125,295.31207275390625,290.3572692871094,295.3112487792969,296.9865417480469,283.64453125,1.0,0.5592318177223206,1.0,1.0,0.0,1.0,-2.8730976581573486,2.873090982437134,6.629690687987022e-06,2.215950489044189,0.9170414805412292,0.9170414805412292,0.0,161.68101501464844,137.0,53261.3046875,-0.0,2147.1689453125,1.0,278.8567810058594,282.1986694335937,293.3795166015625,296.8144226074219,293.1499938964844,293.1499938964844,278.54998779296875,37519.00390625,36000.0,313.1499938964844,0.0,18000.0,1.0,0.0,0.0,0.0,1.0,0.9844728708267212,1.0,0.0,0.0,3.8100876808166495,3.810113430023194,9.68641870713327e-07,4.265924453735352,4.265914440155029,9.78592834144365e-06,0.0,0.0,-0.0,7987.44775390625,0.0,1730.5380859375,1895.4371337890625,0.0,4167.48046875,0.9421157836914062,1.0,0.0,3.0,1.0,0.0
12329220,296.8939514160156,297.1499938964844,293.1499938964844,0.0,-0.0,283.46978759765625,0.7789132595062256,0.3027558624744415,0.2763074934482574,296.8680114746094,297.1499938964844,293.1499938964844,0.0,-0.0,283.4696960449219,0.860771656036377,0.4133481383323669,0.3951262533664703,296.8761901855469,297.1499938964844,293.1499938964844,0.0,-0.0,283.4697265625,0.8460191488265991,0.3915720582008362,0.2767021059989929,296.9121398925781,297.1499938964844,293.1499938964844,0.0,-0.0,283.4697570800781,0.8247902393341064,0.3606554567813873,0.3454433977603912,296.980224609375,297.1499938964844,293.1499938964844,0.0,-0.0,283.46990966796875,0.7180591225624084,0.2339042127132415,1.0711724758148191,283.4696960449219,284.95001220703125,295.3500061035156,290.4031677246094,295.3493347167969,296.9803161621094,283.4692687988281,1.0,0.5505126118659973,1.0,1.0,0.0,1.0,-2.839226245880127,2.839219808578491,6.47363776806742e-06,2.189527988433838,0.895808219909668,0.895808219909668,0.0,154.67286682128906,125.0,54055.73046875,0.0,2056.4052734375,1.0,278.5572509765625,282.0118713378906,293.42095947265625,296.9116516113281,293.1499938964844,293.1499938964844,278.8500061035156,37914.17578125,36000.0,313.1499938964844,0.0,18000.0,1.0,0.0,0.0,0.0,1.0,0.990382194519043,1.0,0.0,0.0,3.7402188777923584,3.740244150161743,9.334419246442848e-07,4.265924453735352,4.265914440155029,9.78592834144365e-06,0.0,0.0,-0.0,7176.494140625,0.0,1650.5531005859375,1895.4371337890625,0.0,4218.2958984375,0.9267168641090392,1.0,0.0,3.0,1.0,0.0
12329280,296.8939514160156,297.1499938964844,293.1499938964844,0.0,-0.0,283.46978759765625,0.7789132595062256,0.3027558624744415,0.2763074934482574,296.8680114746094,297.1499938964844,293.1499938964844,0.0,-0.0,283.4696960449219,0.860771656036377,0.4133481383323669,0.3951262533664703,296.8761901855469,297.1499938964844,293.1499938964844,0.0,-0.0,283.4697265625,0.8460191488265991,0.3915720582008362,0.2767021059989929,296.9121398925781,297.1499938964844,293.1499938964844,0.0,-0.0,283.4697570800781,0.8247902393341064,0.3606554567813873,0.3454433977603912,296.980224609375,297.1499938964844,293.1499938964844,0.0,-0.0,283.46990966796875,0.7180591225624084,0.2339042127132415,1.0711724758148191,283.4696960449219,284.95001220703125,295.3500061035156,290.4031677246094,295.3493347167969,296.9803161621094,283.4692687988281,1.0,0.5505126118659973,1.0,1.0,0.0,1.0,-2.839226245880127,2.839219808578491,6.47363776806742e-06,2.189527988433838,0.895808219909668,0.895808219909668,0.0,154.67286682128906,125.0,54055.73046875,0.0,2056.4052734375,1.0,278.5572509765625,282.0118713378906,293.42095947265625,296.9116516113281,293.1499938964844,293.1499938964844,278.8500061035156,37914.17578125,36000.0,313.1499938964844,0.0,18000.0,1.0,0.0,0.0,0.0,1.0,0.990382194519043,1.0,0.0,0.0,3.7402188777923584,3.740244150161743,9.334419246442848e-07,4.265924453735352,4.265914440155029,9.78592834144365e-06,0.0,0.0,-0.0,7176.494140625,0.0,1650.5531005859375,1895.4371337890625,0.0,4218.2958984375,0.9267168641090392,1.0,0.0,3.0,1.0,0.0
12329340,296.9048767089844,297.1499938964844,293.1499938964844,0.0,-0.0,283.6814270019531,0.7885997891426086,0.3005974888801574,0.273539274930954,296.8752136230469,297.1499938964844,293.1499938964844,0.0,-0.0,283.6819763183594,0.8715161681175232,0.41048264503479,0.3915818929672241,296.8847045898437,297.1499938964844,293.1499938964844,0.0,-0.0,283.6819152832031,0.8562516570091248,0.3889420628547668,0.2742246985435486,296.91845703125,297.1499938964844,293.1499938964844,0.0,-0.0,283.6817626953125,0.8344213962554932,0.3582609891891479,0.3423872888088226,296.9851989746094,297.1499938964844,293.1499938964844,0.0,-0.0,283.6808166503906,0.7262295484542847,0.2322423160076141,1.0604232549667358,283.6820068359375,284.95001220703125,295.37847900390625,290.440673828125,295.37799072265625,296.98492431640625,283.6850891113281,1.0,0.5407711863517761,1.0,1.0,0.0,1.0,-2.81205415725708,2.8120477199554443,6.349363957269816e-06,2.168135166168213,0.8805505037307739,0.8805505037307739,0.0,144.67672729492188,113.0,52458.98828125,0.0,1964.03271484375,1.0,278.8425598144531,282.25537109375,293.3876953125,296.71099853515625,293.1499938964844,293.1499938964844,279.1499938964844,37928.72265625,36000.0,313.1499938964844,0.0,18000.0,1.0,0.0,0.0,0.0,1.0,0.9759122133255004,1.0,0.0,0.0,3.6675870418548575,3.667611598968506,8.975407581601758e-07,4.265924453735352,4.265914440155029,9.78592834144365e-06,0.0,0.0,-0.0,6969.83251953125,0.0,1567.3238525390625,1895.4371337890625,0.0,4093.090087890625,0.9105429649353028,1.0,0.0,3.0,1.0,0.0
12329400,296.9048767089844,297.1499938964844,293.1499938964844,0.0,-0.0,283.6814270019531,0.7885997891426086,0.3005974888801574,0.273539274930954,296.8752136230469,297.1499938964844,293.1499938964844,0.0,-0.0,283.6819763183594,0.8715161681175232,0.41048264503479,0.3915818929672241,296.8847045898437,297.1499938964844,293.1499938964844,0.0,-0.0,283.6819152832031,0.8562516570091248,0.3889420628547668,0.2742246985435486,296.91845703125,297.1499938964844,293.1499938964844,0.0,-0.0,283.6817626953125,0.8344213962554932,0.3582609891891479,0.3423872888088226,296.9851989746094,297.1499938964844,293.1499938964844,0.0,-0.0,283.6808166503906,0.7262295484542847,0.2322423160076141,1.0604232549667358,283.6820068359375,284.95001220703125,295.37847900390625,290.440673828125,295.37799072265625,296.98492431640625,283.6850891113281,1.0,0.5407711863517761,1.0,1.0,0.0,1.0,-2.81205415725708,2.8120477199554443,6.349363957269816e-06,2.168135166168213,0.8805505037307739,0.8805505037307739,0.0,144.67672729492188,113.0,52458.98828125,0.0,1964.03271484375,1.0,278.8425598144531,282.25537109375,293.3876953125,296.71099853515625,293.1499938964844,293.1499938964844,279.1499938964844,37928.72265625,36000.0,313.1499938964844,0.0,18000.0,1.0,0.0,0.0,0.0,1.0,0.9759122133255004,1.0,0.0,0.0,3.6675870418548575,3.667611598968506,8.975407581601758e-07,4.265924453735352,4.265914440155029,9.78592834144365e-06,0.0,0.0,-0.0,6969.83251953125,0.0,1567.3238525390625,1895.4371337890625,0.0,4093.090087890625,0.9105429649353028,1.0,0.0,3.0,1.0,0.0
12329460,296.9288024902344,297.1499938964844,293.1499938964844,0.0,-0.0,283.91912841796875,0.8056739568710327,0.2999056875705719,0.2722229957580566,296.8963928222656,297.1499938964844,293.1499938964844,0.0,-0.0,283.91973876953125,0.8901323676109314,0.4091356098651886,0.3895596861839294,296.9070739746094,297.1499938964844,293.1499938964844,0.0,-0.0,283.9196472167969,0.8742307424545288,0.3878388404846191,0.2729039788246155,296.937744140625,297.1499938964844,293.1499938964844,0.0,-0.0,283.91949462890625,0.8510939478874207,0.3572723865509033,0.3407191932201385,297.00128173828125,297.1499938964844,293.1499938964844,0.0,-0.0,283.9184265136719,0.740319550037384,0.2317770570516586,1.054975509643555,283.91973876953125,284.95001220703125,295.39666748046875,290.46905517578125,295.3964233398437,297.0008239746094,283.9231872558594,1.0,0.5312044024467468,1.0,1.0,0.0,1.0,-2.797891616821289,2.7978854179382324,6.284929895628011e-06,2.1569206714630127,0.8686906695365906,0.8686906695365906,0.0,132.4885711669922,101.0,50960.890625,0.0,1883.2523193359373,1.0,279.1416320800781,282.5184020996094,293.4081726074219,296.6227111816406,293.1499938964844,293.1499938964844,279.45001220703125,37779.75390625,36000.0,313.1499938964844,0.0,18000.0,1.0,0.0,0.0,0.0,1.0,0.9608435034751892,1.0,0.0,0.0,3.6002628803253174,3.6002867221832275,8.648917173559312e-07,4.265924453735352,4.265914440155029,9.78592834144365e-06,0.0,0.0,-0.0,6817.65869140625,0.0,1491.66943359375,1895.4371337890625,0.0,3960.1015625,0.8954555988311768,1.0,0.0,3.0,1.0,0.0
12329520,296.9288024902344,297.1499938964844,293.1499938964844,0.0,-0.0,283.91912841796875,0.8056739568710327,0.2999056875705719,0.2722229957580566,296.8963928222656,297.1499938964844,293.1499938964844,0.0,-0.0,283.91973876953125,0.8901323676109314,0.4091356098651886,0.3895596861839294,296.9070739746094,297.1499938964844,293.1499938964844,0.0,-0.0,283.9196472167969,0.8742307424545288,0.3878388404846191,0.2729039788246155,296.937744140625,297.1499938964844,293.1499938964844,0.0,-0.0,283.91949462890625,0.8510939478874207,0.3572723865509033,0.3407191932201385,297.00128173828125,297.1499938964844,293.1499938964844,0.0,-0.0,283.9184265136719,0.740319550037384,0.2317770570516586,1.054975509643555,283.91973876953125,284.95001220703125,295.39666748046875,290.46905517578125,295.3964233398437,297.0008239746094,283.9231872558594,1.0,0.5312044024467468,1.0,1.0,0.0,1.0,-2.797891616821289,2.7978854179382324,6.284929895628011e-06,2.1569206714630127,0.8686906695365906,0.8686906695365906,0.0,132.4885711669922,101.0,50960.890625,0.0,1883.2523193359373,1.0,279.1416320800781,282.5184020996094,293.4081726074219,296.6227111816406,293.1499938964844,293.1499938964844,279.45001220703125,37779.75390625,36000.0,313.1499938964844,0.0,18000.0,1.0,0.0,0.0,0.0,1.0,0.9608435034751892,1.0,0.0,0.0,3.6002628803253174,3.6002867221832275,8.648917173559312e-07,4.265924453735352,4.265914440155029,9.78592834144365e-06,0.0,0.0,-0.0,6817.65869140625,0.0,1491.66943359375,1895.4371337890625,0.0,3960.1015625,0.8954555988311768,1.0,0.0,3.0,1.0,0.0
12329580,296.95660400390625,297.1499938964844,293.1499938964844,0.0,-0.0,284.1558837890625,0.8272879719734192,0.2999186515808105,0.2716296911239624,296.9228515625,297.1499938964844,293.1499938964844,0.0,-0.0,284.156494140625,0.9163908362388612,0.4086009860038757,0.3883964121341705,296.9342346191406,297.1499938964844,293.1499938964844,0.0,-0.0,284.1564025878906,0.8991702795028687,0.3875087797641754,0.2721934020519256,296.9621887207031,297.1499938964844,293.1499938964844,0.0,-0.0,284.15625,0.8746248483657837,0.3570568263530731,0.3398624360561371,297.0226135253906,297.1499938964844,293.1499938964844,0.0,-0.0,284.1552124023437,0.7603114247322083,0.2320492416620254,1.0531065464019775,284.156494140625,284.95001220703125,295.4037475585937,290.48760986328125,295.4037170410156,297.0220642089844,284.15985107421875,1.0,0.5221006870269775,1.0,1.0,0.0,1.0,-2.79164457321167,2.7916383743286133,6.256512278923765e-06,2.151927947998047,0.8599806427955627,0.8599806427955627,0.0,119.6199951171875,89.0,49544.1640625,0.0,1812.207275390625,1.0,279.4410705566406,282.7779541015625,293.4341125488281,296.5592956542969,293.1499938964844,293.1499938964844,279.75,37529.0234375,36000.0,313.1499938964844,0.0,18000.0,1.0,0.0,0.0,0.0,1.0,0.9477301836013794,1.0,0.0,0.0,3.5420565605163574,3.5420799255371094,8.371519584216003e-07,4.265924453735352,4.265914440155029,9.78592834144365e-06,0.0,0.0,-0.0,6680.55029296875,0.0,1427.4615478515625,1895.4371337890625,0.0,3842.490966796875,0.8823423981666565,1.0,0.0,3.0,1.0,0.0
12329640,296.95660400390625,297.1499938964844,293.1499938964844,0.0,-0.0,284.1558837890625,0.8272879719734192,0.2999186515808105,0.2716296911239624,296.9228515625,297.1499938964844,293.1499938964844,0.0,-0.0,284.156494140625,0.9163908362388612,0.4086009860038757,0.3883964121341705,296.9342346191406,297.1499938964844,293.1499938964844,0.0,-0.0,284.1564025878906,0.8991702795028687,0.3875087797641754,0.2721934020519256,296.9621887207031,297.1499938964844,293.1499938964844,0.0,-0.0,284.15625,0.8746248483657837,0.3570568263530731,0.3398624360561371,297.0226135253906,297.1499938964844,293.1499938964844,0.0,-0.0,284.1552124023437,0.7603114247322083,0.2320492416620254,1.0531065464019775,284.156494140625,284.95001220703125,295.4037475585937,290.48760986328125,295.4037170410156,297.0220642089844,284.15985107421875,1.0,0.5221006870269775,1.0,1.0,0.0,1.0,-2.79164457321167,2.7916383743286133,6.256512278923765e-06,2.151927947998047,0.8599806427955627,0.8599806427955627,0.0,119.6199951171875,89.0,49544.1640625,0.0,1812.207275390625,1.0,279.4410705566406,282.7779541015625,293.4341125488281,296.5592956542969,293.1499938964844,293.1499938964844,279.75,37529.0234375,36000.0,313.1499938964844,0.0,18000.0,1.0,0.0,0.0,0.0,1.0,0.9477301836013794,1.0,0.0,0.0,3.5420565605163574,3.5420799255371094,8.371519584216003e-07,4.265924453735352,4.265914440155029,9.78592834144365e-06,0.0,0.0,-0.0,6680.55029296875,0.0,1427.4615478515625,1895.4371337890625,0.0,3842.490966796875,0.8823423981666565,1.0,0.0,3.0,1.0,0.0
12329700,296.9705810546875,297.1499938964844,293.1499938964844,0.0,-0.0,284.3124084472656,0.8398945331573486,0.3000631630420685,0.2714568376541137,296.9365539550781,297.1499938964844,293.1499938964844,0.0,-0.0,284.3144836425781,0.9336304068565368,0.4085052609443664,0.387982040643692,296.9480895996094,297.1499938964844,293.1499938964844,0.0,-0.0,284.3141784667969,0.9148870706558228,0.3875018656253814,0.2719494700431824,296.97491455078125,297.1499938964844,293.1499938964844,0.0,-0.0,284.31365966796875,0.8891440033912659,0.3571146428585052,0.3395973443984985,297.0339660644531,297.1499938964844,293.1499938964844,0.0,-0.0,284.31005859375,0.7728421688079834,0.2323543578386306,1.0529882907867432,284.3145446777344,284.95001220703125,295.4028625488281,290.4929504394531,295.4029541015625,297.0333251953125,284.3257751464844,1.0,0.5177193880081177,1.0,1.0,0.0,1.0,-2.7901830673217773,2.7901768684387207,6.249843863770366e-06,2.1507463455200195,0.8572709560394287,0.8572709560394287,0.0,113.1819305419922,89.0,48393.69140625,0.0,1779.32568359375,1.0,279.6954040527344,282.96148681640625,293.421875,296.4285888671875,293.1499938964844,293.1499938964844,279.75,37363.76171875,36000.0,313.1499938964844,0.0,18000.0,1.0,0.0,0.0,0.0,1.0,0.9397705793380736,1.0,0.0,0.0,3.516976356506348,3.5169992446899414,8.253386454271094e-07,4.265924453735352,4.265914440155029,9.78592834144365e-06,0.0,0.0,-0.0,6860.27685546875,0.0,1399.9798583984375,1895.4371337890625,0.0,3770.3583984375,0.8766958117485046,1.0,0.0,3.0,1.0,0.0
12329760,296.9848327636719,297.1499938964844,293.1499938964844,0.0,-0.0,284.38507080078125,0.8549354672431946,0.3003270626068115,0.2714333832263946,296.95068359375,297.1499938964844,293.1499938964844,0.0,-0.0,284.3856201171875,0.9531679749488832,0.4085428416728973,0.3877334594726562,296.9623413085937,297.1499938964844,293.1499938964844,0.0,-0.0,284.3855285644531,0.934621810913086,0.3876244723796844,0.2718290984630584,296.9880676269531,297.1499938964844,293.1499938964844,0.0,-0.0,284.3854064941406,0.9062325954437256,0.3572979867458343,0.3394851088523865,297.0457458496094,297.1499938964844,293.1499938964844,0.0,-0.0,284.38446044921875,0.7877281308174133,0.2327764183282852,1.053493857383728,284.3856201171875,284.95001220703125,295.3988952636719,290.4955444335937,295.39910888671875,297.0451354980469,284.3886413574219,1.0,0.5134692788124084,1.0,1.0,0.0,1.0,-2.790182113647461,2.7901759147644043,6.249742455111118e-06,2.150700807571411,0.8542701601982117,0.8542701601982117,0.0,106.67980194091795,77.0,48172.8359375,0.0,1748.391845703125,1.0,279.7406616210937,283.0287170410156,293.4491271972656,296.491943359375,293.1499938964844,293.1499938964844,280.04998779296875,37213.7265625,36000.0,313.1499938964844,0.0,18000.0,1.0,0.0,0.0,0.0,1.0,0.9361382722854614,1.0,0.0,0.0,3.4955480098724365,3.4955708980560303,8.153120347742515e-07,4.265924453735352,4.265914440155029,9.78592834144365e-06,0.0,0.0,-0.0,6550.16845703125,0.0,1376.723388671875,1895.4371337890625,0.0,3737.27294921875,0.8717873692512512,1.0,0.0,3.0,1.0,0.0
12329820,297.0119934082031,297.1499938964844,293.1499938964844,0.0,-0.0,284.602783203125,0.8939939737319946,0.3009894490242004,0.2714913189411163,296.9781188964844,297.1499938964844,293.1499938964844,0.0,-0.0,284.6032409667969,0.9930898547172546,0.4087956249713897,0.3873958587646484,296.98980712890625,297.1499938964844,293.1499938964844,0.0,-0.0,284.6031799316406,0.9788639545440674,0.3880304992198944,0.2716894745826721,297.0136108398437,297.1499938964844,293.1499938964844,0.0,-0.0,284.6030578613281,0.9529569745063782,0.357835441827774,0.3394187986850738,297.06884765625,297.1499938964844,293.1499938964844,0.0,-0.0,284.6022644042969,0.8236466646194458,0.23379847407341,1.0553560256958008,284.603271484375,284.95001220703125,295.3812561035156,290.4921264648437,295.3817443847656,297.0682983398437,284.6058349609375,1.0,0.5052429437637329,1.0,1.0,0.0,1.0,-2.791834115982056,2.79182767868042,6.257052973523969e-06,2.1519317626953125,0.8513815402984619,0.8513815402984619,0.0,93.85648345947266,95.0,46826.59765625,0.0,1689.861572265625,1.0,280.0401611328125,283.2677307128906,293.4504699707031,296.4135131835937,293.1499938964844,293.1499938964844,280.3500061035156,36865.25,36000.0,313.1499938964844,0.0,18000.0,1.0,0.0,0.0,0.0,1.0,0.9254835844039916,1.0,0.0,0.0,3.4621150493621826,3.462137460708618,7.997905413503759e-07,4.265924453735352,4.265914440155029,9.78592834144365e-06,0.0,0.0,-0.0,6423.04150390625,0.0,1340.1517333984375,1895.4371337890625,0.0,3639.675537109375,0.8641078472137451,1.0,0.0,3.0,1.0,0.0
12329880,297.0119934082031,297.1499938964844,293.1499938964844,0.0,-0.0,284.602783203125,0.8939939737319946,0.3009894490242004,0.2714913189411163,296.9781188964844,297.1499938964844,293.1499938964844,0.0,-0.0,284.6032409667969,0.9930898547172546,0.4087956249713897,0.3873958587646484,296.98980712890625,297.1499938964844,293.1499938964844,0.0,-0.0,284.6031799316406,0.9788639545440674,0.3880304992198944,0.2716894745826721,297.0136108398437,297.1499938964844,293.1499938964844,0.0,-0.0,284.6030578613281,0.9529569745063782,0.357835441827774,0.3394187986850738,297.06884765625,297.1499938964844,293.1499938964844,0.0,-0.0,284.6022644042969,0.8236466646194458,0.23379847407341,1.0553560256958008,284.603271484375,284.95001220703125,295.3812561035156,290.4921264648437,295.3817443847656,297.0682983398437,284.6058349609375,1.0,0.5052429437637329,1.0,1.0,0.0,1.0,-2.791834115982056,2.79182767868042,6.257052973523969e-06,2.1519317626953125,0.8513815402984619,0.8513815402984619,0.0,93.85648345947266,95.0,46826.59765625,0.0,1689.861572265625,1.0,280.0401611328125,283.2677307128906,293.4504699707031,296.4135131835937,293.1499938964844,293.1499938964844,280.3500061035156,36865.25,36000.0,313.1499938964844,0.0,18000.0,1.0,0.0,0.0,0.0,1.0,0.9254835844039916,1.0,0.0,0.0,3.4621150493621826,3.462137460708618,7.997905413503759e-07,4.265924453735352,4.265914440155029,9.78592834144365e-06,0.0,0.0,-0.0,6423.04150390625,0.0,1340.1517333984375,1895.4371337890625,0.0,3639.675537109375,0.8641078472137451,1.0,0.0,3.0,1.0,0.0
12329940,297.037109375,297.1499938964844,293.1499938964844,0.0,-0.0,284.8110656738281,0.8987643122673035,0.301787793636322,0.2721431851387024,297.0040588378906,297.1499938964844,293.1499938964844,0.0,-0.0,284.8114624023437,0.9965722560882568,0.4092476069927215,0.3877380490303039,297.0155944824219,297.1499938964844,293.1499938964844,0.0,-0.0,284.8114013671875,0.9830178618431092,0.3886129558086395,0.2720370292663574,297.03778076171875,297.1499938964844,293.1499938964844,0.0,-0.0,284.8113098144531,0.95804363489151,0.3585558235645294,0.3400176763534546,297.0907897949219,297.1499938964844,293.1499938964844,0.0,-0.0,284.8105773925781,0.8282188177108765,0.2349944710731506,1.0603504180908203,284.8114929199219,284.95001220703125,295.3500061035156,290.4766540527344,295.35076904296875,297.0902709960937,284.8138122558594,1.0,0.5066392421722412,1.0,1.0,0.0,1.0,-2.800161123275757,2.8001549243927,6.2943399825599045e-06,2.158306837081909,0.8511964082717896,0.8511964082717896,0.0,93.06434631347656,113.0,45533.1171875,0.0,1698.59912109375,1.0,280.33990478515625,283.4967346191406,293.4382019042969,296.3239440917969,293.1499938964844,293.1499938964844,280.6499938964844,36503.46875,36000.0,313.1499938964844,0.0,18000.0,1.0,0.0,0.0,0.0,1.0,0.9154251217842102,1.0,0.0,0.0,3.442293167114258,3.4423153400421143,7.906586461103871e-07,4.265924453735352,4.265914440155029,9.78592834144365e-06,0.0,0.0,-0.0,6300.8818359375,0.0,1317.68212890625,1895.4371337890625,0.0,3546.88037109375,0.8594319820404053,1.0,0.0,3.0,1.0,0.0
12330000,297.037109375,297.1499938964844,293.1499938964844,0.0,-0.0,284.8110656738281,0.8987643122673035,0.301787793636322,0.2721431851387024,297.0040588378906,297.1499938964844,293.1499938964844,0.0,-0.0,284.8114624023437,0.9965722560882568,0.4092476069927215,0.3877380490303039,297.0155944824219,297.1499938964844,293.1499938964844,0.0,-0.0,284.8114013671875,0.9830178618431092,0.3886129558086395,0.2720370292663574,297.03778076171875,297.1499938964844,293.1499938964844,0.0,-0.0,284.8113098144531,0.95804363489151,0.3585558235645294,0.3400176763534546,297.0907897949219,297.1499938964844,293.1499938964844,0.0,-0.0,284.8105773925781,0.8282188177108765,0.2349944710731506,1.0603504180908203,284.8114929199219,284.95001220703125,295.3500061035156,290.4766540527344,295.35076904296875,297.0902709960937,284.8138122558594,1.0,0.5066392421722412,1.0,1.0,0.0,1.0,-2.800161123275757,2.8001549243927,6.2943399825599045e-06,2.158306837081909,0.8511964082717896,0.8511964082717896,0.0,93.06434631347656,113.0,45533.1171875,0.0,1698.59912109375,1.0,280.33990478515625,283.4967346191406,293.4382019042969,296.3239440917969,293.1499938964844,293.1499938964844,280.6499938964844,36503.46875,36000.0,313.1499938964844,0.0,18000.0,1.0,0.0,0.0,0.0,1.0,0.9154251217842102,1.0,0.0,0.0,3.442293167114258,3.4423153400421143,7.906586461103871e-07,4.265924453735352,4.265914440155029,9.78592834144365e-06,0.0,0.0,-0.0,6300.8818359375,0.0,1317.68212890625,1895.4371337890625,0.0,3546.88037109375,0.8594319820404053,1.0,0.0,3.0,1.0,0.0
12330060,297.0575866699219,297.1499938964844,293.1499938964844,0.0,-0.0,285.0082702636719,0.8769075870513916,0.3024351000785827,0.2730307877063751,297.0258178710937,297.1499938964844,293.1499938964844,0.0,-0.0,285.00860595703125,0.976550281047821,0.4096105098724365,0.3883904218673706,297.0370483398437,297.1499938964844,293.1499938964844,0.0,-0.0,285.008544921875,0.9603311419487,0.389090359210968,0.2726011276245117,297.057861328125,297.1499938964844,293.1499938964844,0.0,-0.0,285.0084533691406,0.9323769211769104,0.3591737449169159,0.340914636850357,297.108642578125,297.1499938964844,293.1499938964844,0.0,-0.0,285.00787353515625,0.8102861046791077,0.2360575795173645,1.0666524171829224,285.00860595703125,284.95001220703125,295.3074951171875,290.4504699707031,295.30841064453125,297.1082763671875,285.0103759765625,1.0,0.5131204724311829,1.0,1.0,0.0,1.0,-2.811341524124145,2.8113350868225098,6.3449069784837775e-06,2.167017936706543,0.8535686731338501,0.8535686731338501,0.0,100.19854736328124,131.0,44256.86328125,-0.0,1749.6925048828125,1.0,280.6397399902344,283.71435546875,293.4138488769531,296.2241516113281,293.1499938964844,293.1499938964844,280.95001220703125,36144.86328125,36000.0,313.1499938964844,0.0,18000.0,1.0,0.0,0.0,0.0,1.0,0.9057446122169496,1.0,0.0,0.0,3.4360430240631104,3.436064958572388,7.877900429775764e-07,4.265924453735352,4.265914440155029,9.78592834144365e-06,0.0,0.0,-0.0,6181.26953125,0.0,1308.9244384765625,1895.4371337890625,0.0,3457.071044921875,0.8577618598937988,1.0,0.0,3.0,1.0,0.0
12330120,297.0575866699219,297.1499938964844,293.1499938964844,0.0,-0.0,285.0082702636719,0.8769075870513916,0.3024351000785827,0.2730307877063751,297.0258178710937,297.1499938964844,293.1499938964844,0.0,-0.0,285.00860595703125,0.976550281047821,0.4096105098724365,0.3883904218673706,297.0370483398437,297.1499938964844,293.1499938964844,0.0,-0.0,285.008544921875,0.9603311419487,0.389090359210968,0.2726011276245117,297.057861328125,297.1499938964844,293.1499938964844,0.0,-0.0,285.0084533691406,0.9323769211769104,0.3591737449169159,0.340914636850357,297.108642578125,297.1499938964844,293.1499938964844,0.0,-0.0,285.00787353515625,0.8102861046791077,0.2360575795173645,1.0666524171829224,285.00860595703125,284.95001220703125,295.3074951171875,290.4504699707031,295.30841064453125,297.1082763671875,285.0103759765625,1.0,0.5131204724311829,1.0,1.0,0.0,1.0,-2.811341524124145,2.8113350868225098,6.3449069784837775e-06,2.167017936706543,0.8535686731338501,0.8535686731338501,0.0,100.19854736328124,131.0,44256.86328125,-0.0,1749.6925048828125,1.0,280.6397399902344,283.71435546875,293.4138488769531,296.2241516113281,293.1499938964844,293.1499938964844,280.95001220703125,36144.86328125,36000.0,313.1499938964844,0.0,18000.0,1.0,0.0,0.0,0.0,1.0,0.9057446122169496,1.0,0.0,0.0,3.4360430240631104,3.436064958572388,7.877900429775764e-07,4.265924453735352,4.265914440155029,9.78592834144365e-06,0.0,0.0,-0.0,6181.26953125,0.0,1308.9244384765625,1895.4371337890625,0.0,3457.071044921875,0.8577618598937988,1.0,0.0,3.0,1.0,0.0
12330180,297.07330322265625,297.1499938964844,293.1499938964844,0.0,-0.0,285.1923828125,0.8472627997398376,0.3028587996959686,0.2738812863826751,297.04302978515625,297.1499938964844,293.1499938964844,0.0,-0.0,285.192626953125,0.9413345456123352,0.4097824394702911,0.3890422582626343,297.05389404296875,297.1499938964844,293.1499938964844,0.0,-0.0,285.1925964355469,0.9230496883392334,0.389368861913681,0.2731576263904571,297.0733642578125,297.1499938964844,293.1499938964844,0.0,-0.0,285.1925354003906,0.8968287706375122,0.3595801889896393,0.3417922854423523,297.12164306640625,297.1499938964844,293.1499938964844,0.0,-0.0,285.1921081542969,0.7826524376869202,0.2368552982807159,1.0726382732391355,285.192626953125,284.95001220703125,295.2569580078125,290.4158630371094,295.258056640625,297.1213684082031,285.1938781738281,1.0,0.5224738717079163,1.0,1.0,0.0,1.0,-2.822065591812134,2.822059154510498,6.393686362571316e-06,2.17541241645813,0.8583061099052429,0.8583061099052429,0.0,112.10608673095705,149.0,42968.21484375,-0.0,1823.4420166015625,1.0,280.93975830078125,283.9198303222656,293.37939453125,296.1135559082031,293.1499938964844,293.1499938964844,281.25,35805.08203125,36000.0,313.1499938964844,0.0,18000.0,1.0,0.0,0.0,0.0,1.0,0.8960481882095337,1.0,0.0,0.0,3.4426488876342773,3.4426708221435547,7.90822014096193e-07,4.265924453735352,4.265914440155029,9.78592834144365e-06,0.0,0.0,-0.0,6061.8837890625,0.0,1313.108642578125,1895.4371337890625,0.0,3366.72021484375,0.8589564561843872,1.0,0.0,3.0,1.0,0.0
12330240,297.07330322265625,297.1499938964844,293.1499938964844,0.0,-0.0,285.1923828125,0.8472627997398376,0.3028587996959686,0.2738812863826751,297.04302978515625,297.1499938964844,293.1499938964844,0.0,-0.0,285.192626953125,0.9413345456123352,0.4097824394702911,0.3890422582626343,297.05389404296875,297.1499938964844,293.1499938964844,0.0,-0.0,285.1925964355469,0.9230496883392334,0.389368861913681,0.2731576263904571,297.0733642578125,297.1499938964844,293.1499938964844,0.0,-0.0,285.1925354003906,0.8968287706375122,0.3595801889896393,0.3417922854423523,297.12164306640625,297.1499938964844,293.1499938964844,0.0,-0.0,285.1921081542969,0.7826524376869202,0.2368552982807159,1.0726382732391355,285.192626953125,284.95001220703125,295.2569580078125,290.4158630371094,295.258056640625,297.1213684082031,285.1938781738281,1.0,0.5224738717079163,1.0,1.0,0.0,1.0,-2.822065591812134,2.822059154510498,6.393686362571316e-06,2.17541241645813,0.8583061099052429,0.8583061099052429,0.0,112.10608673095705,149.0,42968.21484375,-0.0,1823.4420166015625,1.0,280.93975830078125,283.9198303222656,293.37939453125,296.1135559082031,293.1499938964844,293.1499938964844,281.25,35805.08203125,36000.0,313.1499938964844,0.0,18000.0,1.0,0.0,0.0,0.0,1.0,0.8960481882095337,1.0,0.0,0.0,3.4426488876342773,3.4426708221435547,7.90822014096193e-07,4.265924453735352,4.265914440155029,9.78592834144365e-06,0.0,0.0,-0.0,6061.8837890625,0.0,1313.108642578125,1895.4371337890625,0.0,3366.72021484375,0.8589564561843872,1.0,0.0,3.0,1.0,0.0
12330300,297.0796813964844,297.1499938964844,293.1499938964844,0.0,-0.0,285.3184509277344,0.8330336213111877,0.3030004203319549,0.2742631435394287,297.0501708984375,297.1499938964844,293.1499938964844,0.0,-0.0,285.320068359375,0.9217157363891602,0.4098061621189117,0.3893340528011322,297.0608825683594,297.1499938964844,293.1499938964844,0.0,-0.0,285.31982421875,0.904476523399353,0.3894433379173279,0.2734067142009735,297.0796813964844,297.1499938964844,293.1499938964844,0.0,-0.0,285.3194274902344,0.8804166913032532,0.35971599817276,0.3421942293643951,297.1266784667969,297.1499938964844,293.1499938964844,0.0,-0.0,285.3166809082031,0.7688434720039368,0.2371704280376434,1.0754095315933228,285.3201904296875,284.95001220703125,295.2288513183594,290.39556884765625,295.22998046875,297.1264038085937,285.32891845703125,1.0,0.527778148651123,1.0,1.0,0.0,1.0,-2.826988935470581,2.8269824981689453,6.416179076040862e-06,2.1792824268341064,0.8619969487190247,0.8619969487190247,0.0,119.23651885986328,149.0,41854.65625,-0.0,1865.504150390625,1.0,281.19287109375,284.0726623535156,293.3363342285156,295.9588317871094,293.1499938964844,293.1499938964844,281.25,35633.23046875,36000.0,313.1499938964844,0.0,18000.0,1.0,0.0,0.0,0.0,1.0,0.8890348672866821,1.0,0.0,0.0,3.450220823287964,3.4502429962158203,7.943046398395381e-07,4.265924453735352,4.265914440155029,9.78592834144365e-06,0.0,0.0,-0.0,6206.4736328125,0.0,1319.4615478515625,1895.4371337890625,0.0,3301.180419921875,0.8605390191078186,1.0,0.0,3.0,1.0,0.0
12330360,297.0858764648437,297.1499938964844,293.1499938964844,0.0,-0.0,285.36492919921875,0.8199309706687927,0.3031622767448425,0.2747108936309814,297.0570678710937,297.1499938964844,293.1499938964844,0.0,-0.0,285.3650817871094,0.9041041731834412,0.4098502397537231,0.3896900415420532,297.0675964355469,297.1499938964844,293.1499938964844,0.0,-0.0,285.3650817871094,0.8886136412620544,0.3895402252674103,0.2737084627151489,297.0857238769531,297.1499938964844,293.1499938964844,0.0,-0.0,285.3650207519531,0.8653444051742554,0.3598641753196716,0.3426479697227478,297.1312866210937,297.1499938964844,293.1499938964844,0.0,-0.0,285.36474609375,0.7562553286552429,0.2374764233827591,1.078271985054016,285.3651123046875,284.95001220703125,295.1988830566406,290.37335205078125,295.2001037597656,297.131103515625,285.3658447265625,1.0,0.5333724021911621,1.0,1.0,0.0,1.0,-2.832303285598755,2.832296848297119,6.440485776693095e-06,2.183452606201172,0.8652634620666504,0.8652634620666504,0.0,126.81363677978516,167.0,41661.84765625,-0.0,1910.4910888671875,1.0,281.239990234375,284.11474609375,293.3359069824219,295.99273681640625,293.1499938964844,293.1499938964844,281.54998779296875,35492.09375,36000.0,313.1499938964844,0.0,18000.0,1.0,0.0,0.0,0.0,1.0,0.8861163854598999,1.0,0.0,0.0,3.4610657691955566,3.461087942123413,7.993058943611686e-07,4.265924453735352,4.265914440155029,9.78592834144365e-06,0.0,0.0,-0.0,5942.638671875,0.0,1329.349853515625,1895.4371337890625,0.0,3273.87060546875,0.8627986907958984,1.0,0.0,3.0,1.0,0.0
12330420,297.09619140625,297.1499938964844,293.1499938964844,0.0,-0.0,285.5274658203125,0.7945131659507751,0.3033965826034546,0.2755321264266968,297.0687866210937,297.1499938964844,293.1499938964844,0.0,-0.0,285.5275573730469,0.874855637550354,0.4098611772060394,0.3903411030769348,297.0790100097656,297.1499938964844,293.1499938964844,0.0,-0.0,285.52752685546875,0.8603763580322266,0.3896524906158447,0.2742601633071899,297.0958251953125,297.1499938964844,293.1499938964844,0.0,-0.0,285.52752685546875,0.839067280292511,0.3600749969482422,0.3434909284114837,297.1385803222656,297.1499938964844,293.1499938964844,0.0,-0.0,285.52734375,0.7343714833259583,0.2379771471023559,1.0836224555969238,285.5275573730469,284.95001220703125,295.1337890625,290.323486328125,295.1351318359375,297.138427734375,285.5279235839844,1.0,0.5450466871261597,1.0,1.0,0.0,1.0,-2.842180252075196,2.8421735763549805,6.485856829385739e-06,2.191236019134521,0.874321460723877,0.874321460723877,0.0,143.15017700195312,170.0,40334.375,-0.0,2005.4661865234373,1.0,281.5401306152344,284.3006896972656,293.2845153808594,295.86260986328125,293.1499938964844,293.1499938964844,281.8500061035156,35211.09375,36000.0,313.1499938964844,0.0,18000.0,1.0,0.0,0.0,0.0,1.0,0.8758275508880615,1.0,0.0,0.0,3.4900643825531006,3.490086555480957,8.127559567583376e-07,4.265924453735352,4.265914440155029,9.78592834144365e-06,0.0,0.0,-0.0,5823.22705078125,0.0,1356.7613525390625,1895.4371337890625,0.0,3177.467041015625,0.8690301179885864,1.0,0.0,3.0,1.0,0.0
12330480,297.09619140625,297.1499938964844,293.1499938964844,0.0,-0.0,285.5274658203125,0.7945131659507751,0.3033965826034546,0.2755321264266968,297.0687866210937,297.1499938964844,293.1499938964844,0.0,-0.0,285.5275573730469,0.874855637550354,0.4098611772060394,0.3903411030769348,297.0790100097656,297.1499938964844,293.1499938964844,0.0,-0.0,285.52752685546875,0.8603763580322266,0.3896524906158447,0.2742601633071899,297.0958251953125,297.1499938964844,293.1499938964844,0.0,-0.0,285.52752685546875,0.839067280292511,0.3600749969482422,0.3434909284114837,297.1385803222656,297.1499938964844,293.1499938964844,0.0,-0.0,285.52734375,0.7343714833259583,0.2379771471023559,1.0836224555969238,285.5275573730469,284.95001220703125,295.1337890625,290.323486328125,295.1351318359375,297.138427734375,285.5279235839844,1.0,0.5450466871261597,1.0,1.0,0.0,1.0,-2.842180252075196,2.8421735763549805,6.485856829385739e-06,2.191236019134521,0.874321460723877,0.874321460723877,0.0,143.15017700195312,170.0,40334.375,-0.0,2005.4661865234373,1.0,281.5401306152344,284.3006896972656,293.2845153808594,295.86260986328125,293.1499938964844,293.1499938964844,281.8500061035156,35211.09375,36000.0,313.1499938964844,0.0,18000.0,1.0,0.0,0.0,0.0,1.0,0.8758275508880615,1.0,0.0,0.0,3.4900643825531006,3.490086555480957,8.127559567583376e-07,4.265924453735352,4.265914440155029,9.78592834144365e-06,0.0,0.0,-0.0,5823.22705078125,0.0,1356.7613525390625,1895.4371337890625,0.0,3177.467041015625,0.8690301179885864,1.0,0.0,3.0,1.0,0.0
12330540,297.1050109863281,297.1499938964844,293.1499938964844,0.0,-0.0,285.6806640625,0.7798159718513489,0.3036083579063415,0.2761251926422119,297.0788269042969,297.1499938964844,293.1499938964844,0.0,-0.0,285.6806945800781,0.8587741851806641,0.4098521471023559,0.3907583057880401,297.0887756347656,297.1499938964844,293.1499938964844,0.0,-0.0,285.6806945800781,0.845095694065094,0.3897438645362854,0.2746383547782898,297.1043701171875,297.1499938964844,293.1499938964844,0.0,-0.0,285.6806945800781,0.8248220682144165,0.360252320766449,0.344086229801178,297.14422607421875,297.1499938964844,293.1499938964844,0.0,-0.0,285.6806335449219,0.7224410772323608,0.2384043484926223,1.087611436843872,285.6806945800781,284.95001220703125,295.06207275390625,290.2667541503906,295.0635681152344,297.14410400390625,285.6806030273437,1.0,0.5525262355804443,1.0,1.0,0.0,1.0,-2.84936261177063,2.849355936050415,6.519154339912348e-06,2.196988344192505,0.8853641152381897,0.8853641152381897,0.0,154.21595764160156,158.0,38959.9375,-0.0,2070.981201171875,1.0,281.8404846191406,284.4786682128906,293.2254333496094,295.7225646972656,293.1499938964844,293.1499938964844,282.1499938964844,34965.6484375,36000.0,313.1499938964844,0.0,18000.0,1.0,0.0,0.0,0.0,1.0,0.8650131821632385,1.0,0.0,0.0,3.528286933898926,3.5283095836639404,8.306558356707683e-07,4.265924453735352,4.265914440155029,9.78592834144365e-06,0.0,0.0,-0.0,5702.55029296875,0.0,1394.44482421875,1895.4371337890625,0.0,3076.029052734375,0.8773601651191711,1.0,0.0,3.0,1.0,0.0
12330600,297.1050109863281,297.1499938964844,293.1499938964844,0.0,-0.0,285.6806640625,0.7798159718513489,0.3036083579063415,0.2761251926422119,297.0788269042969,297.1499938964844,293.1499938964844,0.0,-0.0,285.6806945800781,0.8587741851806641,0.4098521471023559,0.3907583057880401,297.0887756347656,297.1499938964844,293.1499938964844,0.0,-0.0,285.6806945800781,0.845095694065094,0.3897438645362854,0.2746383547782898,297.1043701171875,297.1499938964844,293.1499938964844,0.0,-0.0,285.6806945800781,0.8248220682144165,0.360252320766449,0.344086229801178,297.14422607421875,297.1499938964844,293.1499938964844,0.0,-0.0,285.6806335449219,0.7224410772323608,0.2384043484926223,1.087611436843872,285.6806945800781,284.95001220703125,295.06207275390625,290.2667541503906,295.0635681152344,297.14410400390625,285.6806030273437,1.0,0.5525262355804443,1.0,1.0,0.0,1.0,-2.84936261177063,2.849355936050415,6.519154339912348e-06,2.196988344192505,0.8853641152381897,0.8853641152381897,0.0,154.21595764160156,158.0,38959.9375,-0.0,2070.981201171875,1.0,281.8404846191406,284.4786682128906,293.2254333496094,295.7225646972656,293.1499938964844,293.1499938964844,282.1499938964844,34965.6484375,36000.0,313.1499938964844,0.0,18000.0,1.0,0.0,0.0,0.0,1.0,0.8650131821632385,1.0,0.0,0.0,3.528286933898926,3.5283095836639404,8.306558356707683e-07,4.265924453735352,4.265914440155029,9.78592834144365e-06,0.0,0.0,-0.0,5702.55029296875,0.0,1394.44482421875,1895.4371337890625,0.0,3076.029052734375,0.8773601651191711,1.0,0.0,3.0,1.0,0.0
12330660,297.1132507324219,297.1499938964844,293.1499938964844,0.0,-0.0,285.82525634765625,0.7784173488616943,0.3038717806339264,0.2763912379741668,297.0880126953125,297.1499938964844,293.1499938964844,0.0,-0.0,285.8252258300781,0.857064425945282,0.4098787307739258,0.3908202648162842,297.0976867675781,297.1499938964844,293.1499938964844,0.0,-0.0,285.8252258300781,0.8435338735580444,0.3898695707321167,0.2747528254985809,297.1120910644531,297.1499938964844,293.1499938964844,0.0,-0.0,285.82525634765625,0.8233962059020996,0.3604583442211151,0.3443185687065124,297.14910888671875,297.1499938964844,293.1499938964844,0.0,-0.0,285.8252868652344,0.7214702367782593,0.2388272583484649,1.0897198915481567,285.8252258300781,284.95001220703125,294.9843139648437,290.20367431640625,294.98590087890625,297.1490173339844,285.8247375488281,1.0,0.5533424019813538,1.0,1.0,0.0,1.0,-2.852712154388428,2.852705478668213,6.534984549944056e-06,2.199794054031372,0.8982796669006348,0.8982796669006348,0.0,155.61610412597656,146.0,37524.49609375,-0.0,2083.35009765625,1.0,282.140869140625,284.64971923828125,293.1588134765625,295.571533203125,293.1499938964844,293.1499938964844,282.45001220703125,34759.3203125,36000.0,313.1499938964844,0.0,18000.0,1.0,0.0,0.0,0.0,1.0,0.8534212708473206,1.0,0.0,0.0,3.574228525161743,3.574251413345337,8.52428399866767e-07,4.265924453735352,4.265914440155029,9.78592834144365e-06,0.0,0.0,-0.0,5579.76416015625,0.0,1441.4012451171875,1895.4371337890625,0.0,2967.32470703125,0.8874649405479431,1.0,0.0,3.0,1.0,0.0
12330720,297.1132507324219,297.1499938964844,293.1499938964844,0.0,-0.0,285.82525634765625,0.7784173488616943,0.3038717806339264,0.2763912379741668,297.0880126953125,297.1499938964844,293.1499938964844,0.0,-0.0,285.8252258300781,0.857064425945282,0.4098787307739258,0.3908202648162842,297.0976867675781,297.1499938964844,293.1499938964844,0.0,-0.0,285.8252258300781,0.8435338735580444,0.3898695707321167,0.2747528254985809,297.1120910644531,297.1499938964844,293.1499938964844,0.0,-0.0,285.82525634765625,0.8233962059020996,0.3604583442211151,0.3443185687065124,297.14910888671875,297.1499938964844,293.1499938964844,0.0,-0.0,285.8252868652344,0.7214702367782593,0.2388272583484649,1.0897198915481567,285.8252258300781,284.95001220703125,294.9843139648437,290.20367431640625,294.98590087890625,297.1490173339844,285.8247375488281,1.0,0.5533424019813538,1.0,1.0,0.0,1.0,-2.852712154388428,2.852705478668213,6.534984549944056e-06,2.199794054031372,0.8982796669006348,0.8982796669006348,0.0,155.61610412597656,146.0,37524.49609375,-0.0,2083.35009765625,1.0,282.140869140625,284.64971923828125,293.1588134765625,295.571533203125,293.1499938964844,293.1499938964844,282.45001220703125,34759.3203125,36000.0,313.1499938964844,0.0,18000.0,1.0,0.0,0.0,0.0,1.0,0.8534212708473206,1.0,0.0,0.0,3.574228525161743,3.574251413345337,8.52428399866767e-07,4.265924453735352,4.265914440155029,9.78592834144365e-06,0.0,0.0,-0.0,5579.76416015625,0.0,1441.4012451171875,1895.4371337890625,0.0,2967.32470703125,0.8874649405479431,1.0,0.0,3.0,1.0,0.0
12330780,297.1214599609375,297.1499938964844,293.1499938964844,0.0,-0.0,285.96435546875,0.7845402359962463,0.3042351007461548,0.2765243649482727,297.0968017578125,297.1499938964844,293.1499938964844,0.0,-0.0,285.9642639160156,0.8633646965026855,0.4099826514720917,0.3907213807106018,297.10626220703125,297.1499938964844,293.1499938964844,0.0,-0.0,285.9642944335937,0.8496116995811462,0.3900744915008545,0.2747500538825989,297.1195678710937,297.1499938964844,293.1499938964844,0.0,-0.0,285.9642944335937,0.8292162418365479,0.3607335388660431,0.344383031129837,297.15386962890625,297.1499938964844,293.1499938964844,0.0,-0.0,285.96441650390625,0.7267770171165466,0.2392982244491577,1.090925693511963,285.9642639160156,284.95001220703125,294.9009094238281,290.13482666015625,294.9026184082031,297.1537780761719,285.9635314941406,1.0,0.5506223440170288,1.0,1.0,0.0,1.0,-2.854278087615967,2.854271650314331,6.542595201608492e-06,2.201197385787964,0.9130136370658876,0.9130136370658876,0.0,151.20497131347656,134.0,36040.73828125,-0.0,2064.486328125,1.0,282.4413452148437,284.816650390625,293.0853881835937,295.4102478027344,293.1499938964844,293.1499938964844,282.1499938964844,34592.3671875,36000.0,313.1499938964844,0.0,18000.0,1.0,0.0,0.0,0.0,1.0,0.8408200740814209,1.0,0.0,0.0,3.626378774642944,3.6264023780822754,8.774848083703546e-07,4.265924453735352,4.265914440155029,9.78592834144365e-06,0.0,0.0,-0.0,6056.7568359375,0.0,1496.5831298828125,1895.4371337890625,0.0,2849.3779296875,0.8990139365196228,1.0,0.0,3.0,1.0,0.0
12330840,297.1214599609375,297.1499938964844,293.1499938964844,0.0,-0.0,285.96435546875,0.7845402359962463,0.3042351007461548,0.2765243649482727,297.0968017578125,297.1499938964844,293.1499938964844,0.0,-0.0,285.9642639160156,0.8633646965026855,0.4099826514720917,0.3907213807106018,297.10626220703125,297.1499938964844,293.1499938964844,0.0,-0.0,285.9642944335937,0.8496116995811462,0.3900744915008545,0.2747500538825989,297.1195678710937,297.1499938964844,293.1499938964844,0.0,-0.0,285.9642944335937,0.8292162418365479,0.3607335388660431,0.344383031129837,297.15386962890625,297.1499938964844,293.1499938964844,0.0,-0.0,285.96441650390625,0.7267770171165466,0.2392982244491577,1.090925693511963,285.9642639160156,284.95001220703125,294.9009094238281,290.13482666015625,294.9026184082031,297.1537780761719,285.9635314941406,1.0,0.5506223440170288,1.0,1.0,0.0,1.0,-2.854278087615967,2.854271650314331,6.542595201608492e-06,2.201197385787964,0.9130136370658876,0.9130136370658876,0.0,151.20497131347656,134.0,36040.73828125,-0.0,2064.486328125,1.0,282.4413452148437,284.816650390625,293.0853881835937,295.4102478027344,293.1499938964844,293.1499938964844,282.1499938964844,34592.3671875,36000.0,313.1499938964844,0.0,18000.0,1.0,0.0,0.0,0.0,1.0,0.8408200740814209,1.0,0.0,0.0,3.626378774642944,3.6264023780822754,8.774848083703546e-07,4.265924453735352,4.265914440155029,9.78592834144365e-06,0.0,0.0,-0.0,6056.7568359375,0.0,1496.5831298828125,1895.4371337890625,0.0,2849.3779296875,0.8990139365196228,1.0,0.0,3.0,1.0,0.0
12330900,297.1202697753906,297.1499938964844,293.1499938964844,0.0,-0.0,285.8172912597656,0.7891016602516174,0.303943008184433,0.2764106094837188,297.0963134765625,297.1499938964844,293.1499938964844,0.0,-0.0,285.8152770996094,0.8681970238685608,0.4096038937568664,0.3904938697814941,297.105224609375,297.1499938964844,293.1499938964844,0.0,-0.0,285.8155822753906,0.854242742061615,0.3897011876106262,0.2746040523052215,297.1189880371094,297.1499938964844,293.1499938964844,0.0,-0.0,285.8160705566406,0.8336010575294495,0.3604878783226013,0.3442526757717132,297.1533203125,297.1499938964844,293.1499938964844,0.0,-0.0,285.8194274902344,0.7306759357452393,0.2392706274986267,1.090948462486267,285.81512451171875,284.95001220703125,294.8572692871094,290.098388671875,294.8590087890625,297.1534729003906,285.8038024902344,1.0,0.5483749508857727,1.0,1.0,0.0,1.0,-2.8535704612731934,2.8535637855529785,6.539739842992276e-06,2.200827121734619,0.917359471321106,0.917359471321106,0.0,147.8672332763672,134.0,37016.5625,-0.0,2047.0662841796875,1.0,282.1988220214844,284.6432189941406,293.1380310058594,295.6061706542969,293.1499938964844,293.1499938964844,282.1499938964844,34672.78125,36000.0,313.1499938964844,0.0,18000.0,1.0,0.0,0.0,0.0,1.0,0.849358856678009,1.0,0.0,0.0,3.651121854782105,3.651145458221436,8.894999723452202e-07,4.265924453735352,4.265914440155029,9.78592834144365e-06,0.0,0.0,-0.0,5916.88525390625,0.0,1524.4833984375,1895.4371337890625,0.0,2929.265869140625,0.9045631885528564,1.0,0.0,3.0,1.0,0.0
12330960,297.1135559082031,297.1499938964844,293.1499938964844,0.0,-0.0,285.7355041503906,0.7931817173957825,0.3030971586704254,0.2757397890090942,297.090576171875,297.1499938964844,293.1499938964844,0.0,-0.0,285.7348022460937,0.872727632522583,0.4086999893188476,0.3897274136543274,297.0986633300781,297.1499938964844,293.1499938964844,0.0,-0.0,285.7348937988281,0.8585416674613953,0.3887747824192047,0.2740277647972107,297.11358642578125,297.1499938964844,293.1499938964844,0.0,-0.0,285.7350769042969,0.8376942873001099,0.3597624599933624,0.3436368405818939,297.14910888671875,297.1499938964844,293.1499938964844,0.0,-0.0,285.7362365722656,0.7342806458473206,0.2388800829648971,1.0893142223358154,285.7347412109375,284.95001220703125,294.8124084472656,290.06072998046875,294.814208984375,297.1493835449219,285.73052978515625,1.0,0.5455063581466675,1.0,1.0,0.0,1.0,-2.848453998565674,2.848447322845459,6.516689609270543e-06,2.1970529556274414,0.9217426776885986,0.9217426776885986,0.0,144.45330810546875,122.0,36993.09375,-0.0,2022.0404052734373,1.0,282.1576538085937,284.5711669921875,293.114013671875,295.56158447265625,293.1499938964844,293.1499938964844,281.8500061035156,34775.5859375,36000.0,313.1499938964844,0.0,18000.0,1.0,0.0,0.0,0.0,1.0,0.8558685183525085,1.0,0.0,0.0,3.673037528991699,3.673061609268189,9.002103524835547e-07,4.265924453735352,4.265914440155029,9.78592834144365e-06,0.0,0.0,-0.0,6176.77783203125,0.0,1549.7310791015625,1895.4371337890625,0.0,2990.263916015625,0.9095698595046996,1.0,0.0,3.0,1.0,0.0
12331020,297.0920104980469,297.1499938964844,293.1499938964844,0.0,-0.0,285.4764404296875,0.8014093041419983,0.3004609942436218,0.2734020054340362,297.0702514648437,297.1499938964844,293.1499938964844,0.0,-0.0,285.4756774902344,0.8822285532951355,0.4058985710144043,0.3871357142925262,297.076904296875,297.1499938964844,293.1499938964844,0.0,-0.0,285.4757995605469,0.8675407767295837,0.3859289586544037,0.2720803916454315,297.09454345703125,297.1499938964844,293.1499938964844,0.0,-0.0,285.4759826660156,0.8462488055229187,0.3573801219463348,0.3414188325405121,297.1338195800781,297.1499938964844,293.1499938964844,0.0,-0.0,285.4772644042969,0.7416396737098694,0.2373259216547012,1.0822535753250122,285.4756164550781,284.95001220703125,294.71929931640625,289.9818725585937,294.7211608886719,297.1342468261719,285.4709777832031,1.0,0.5381709337234497,1.0,1.0,0.0,1.0,-2.829047918319702,2.8290414810180664,6.428742835851153e-06,2.1823322772979736,0.9267406463623048,0.9267406463623048,0.0,136.98573303222656,110.0,37820.00390625,-0.0,1954.3531494140625,1.0,281.8578796386719,284.30157470703125,293.0520935058594,295.5746154785156,293.1499938964844,293.1499938964844,281.54998779296875,35057.9140625,36000.0,313.1499938964844,0.0,18000.0,1.0,0.0,0.0,0.0,1.0,0.8735729455947876,1.0,0.0,0.0,3.709010601043701,3.7090349197387695,9.179296966976836e-07,4.265924453735352,4.265914440155029,9.78592834144365e-06,0.0,0.0,-0.0,6243.82763671875,0.0,1592.6541748046875,1895.4371337890625,0.0,3156.323974609375,0.9178254008293152,1.0,0.0,3.0,1.0,0.0
12331080,297.0920104980469,297.1499938964844,293.1499938964844,0.0,-0.0,285.4764404296875,0.8014093041419983,0.3004609942436218,0.2734020054340362,297.0702514648437,297.1499938964844,293.1499938964844,0.0,-0.0,285.4756774902344,0.8822285532951355,0.4058985710144043,0.3871357142925262,297.076904296875,297.1499938964844,293.1499938964844,0.0,-0.0,285.4757995605469,0.8675407767295837,0.3859289586544037,0.2720803916454315,297.09454345703125,297.1499938964844,293.1499938964844,0.0,-0.0,285.4759826660156,0.8462488055229187,0.3573801219463348,0.3414188325405121,297.1338195800781,297.1499938964844,293.1499938964844,0.0,-0.0,285.4772644042969,0.7416396737098694,0.2373259216547012,1.0822535753250122,285.4756164550781,284.95001220703125,294.71929931640625,289.9818725585937,294.7211608886719,297.1342468261719,285.4709777832031,1.0,0.5381709337234497,1.0,1.0,0.0,1.0,-2.829047918319702,2.8290414810180664,6.428742835851153e-06,2.1823322772979736,0.9267406463623048,0.9267406463623048,0.0,136.98573303222656,110.0,37820.00390625,-0.0,1954.3531494140625,1.0,281.8578796386719,284.30157470703125,293.0520935058594,295.5746154785156,293.1499938964844,293.1499938964844,281.54998779296875,35057.9140625,36000.0,313.1499938964844,0.0,18000.0,1.0,0.0,0.0,0.0,1.0,0.8735729455947876,1.0,0.0,0.0,3.709010601043701,3.7090349197387695,9.179296966976836e-07,4.265924453735352,4.265914440155029,9.78592834144365e-06,0.0,0.0,-0.0,6243.82763671875,0.0,1592.6541748046875,1895.4371337890625,0.0,3156.323974609375,0.9178254008293152,1.0,0.0,3.0,1.0,0.0
12331140,297.06597900390625,297.1499938964844,293.1499938964844,0.0,-0.0,285.2110900878906,0.8107033371925354,0.2970942854881286,0.2702537178993225,297.0440368652344,297.1499938964844,293.1499938964844,0.0,-0.0,285.2102966308594,0.8933246731758118,0.402237057685852,0.3835832178592682,297.0498046875,297.1499938964844,293.1499938964844,0.0,-0.0,285.2104187011719,0.8781284093856812,0.382263034582138,0.2694440484046936,297.0697631835937,297.1499938964844,293.1499938964844,0.0,-0.0,285.2106018066406,0.8562851548194885,0.3541720807552337,0.3382835388183594,297.1131591796875,297.1499938964844,293.1499938964844,0.0,-0.0,285.2119445800781,0.750049352645874,0.2350319921970367,1.0713634490966797,285.2102355957031,284.95001220703125,294.6220092773437,289.8988342285156,294.6239929199219,297.1136779785156,285.2054443359375,1.0,0.5290724635124207,1.0,1.0,0.0,1.0,-2.800976037979126,2.8009696006774902,6.3021579990163445e-06,2.1608448028564453,0.9281467199325562,0.9281467199325562,0.0,128.59629821777344,98.0,38494.34765625,-0.0,1869.4990234375,1.0,281.5576477050781,284.0286865234375,292.9559326171875,295.5267333984375,293.1499938964844,293.1499938964844,281.25,35379.0390625,36000.0,313.1499938964844,0.0,18000.0,1.0,0.0,0.0,0.0,1.0,0.8878715634346008,1.0,0.0,0.0,3.733071565628052,3.733096122741699,9.298778422817122e-07,4.265924453735352,4.265914440155029,9.78592834144365e-06,0.0,0.0,-0.0,6292.015625,0.0,1622.816650390625,1895.4371337890625,0.0,3290.297119140625,0.9234380125999452,1.0,0.0,3.0,1.0,0.0
12331200,297.06597900390625,297.1499938964844,293.1499938964844,0.0,-0.0,285.2110900878906,0.8107033371925354,0.2970942854881286,0.2702537178993225,297.0440368652344,297.1499938964844,293.1499938964844,0.0,-0.0,285.2102966308594,0.8933246731758118,0.402237057685852,0.3835832178592682,297.0498046875,297.1499938964844,293.1499938964844,0.0,-0.0,285.2104187011719,0.8781284093856812,0.382263034582138,0.2694440484046936,297.0697631835937,297.1499938964844,293.1499938964844,0.0,-0.0,285.2106018066406,0.8562851548194885,0.3541720807552337,0.3382835388183594,297.1131591796875,297.1499938964844,293.1499938964844,0.0,-0.0,285.2119445800781,0.750049352645874,0.2350319921970367,1.0713634490966797,285.2102355957031,284.95001220703125,294.6220092773437,289.8988342285156,294.6239929199219,297.1136779785156,285.2054443359375,1.0,0.5290724635124207,1.0,1.0,0.0,1.0,-2.800976037979126,2.8009696006774902,6.3021579990163445e-06,2.1608448028564453,0.9281467199325562,0.9281467199325562,0.0,128.59629821777344,98.0,38494.34765625,-0.0,1869.4990234375,1.0,281.5576477050781,284.0286865234375,292.9559326171875,295.5267333984375,293.1499938964844,293.1499938964844,281.25,35379.0390625,36000.0,313.1499938964844,0.0,18000.0,1.0,0.0,0.0,0.0,1.0,0.8878715634346008,1.0,0.0,0.0,3.733071565628052,3.733096122741699,9.298778422817122e-07,4.265924453735352,4.265914440155029,9.78592834144365e-06,0.0,0.0,-0.0,6292.015625,0.0,1622.816650390625,1895.4371337890625,0.0,3290.297119140625,0.9234380125999452,1.0,0.0,3.0,1.0,0.0
12331260,297.0392761230469,297.1499938964844,293.1499938964844,0.0,-0.0,284.9433288574219,0.8215275406837463,0.2933246493339538,0.2666647434234619,297.01593017578125,297.1499938964844,293.1499938964844,0.0,-0.0,284.9425048828125,0.9071002006530762,0.3980502188205719,0.3794480264186859,297.0213317871094,297.1499938964844,293.1499938964844,0.0,-0.0,284.942626953125,0.8913294076919556,0.3781082928180694,0.2664055824279785,297.0430908203125,297.1499938964844,293.1499938964844,0.0,-0.0,284.9428100585937,0.8688563108444214,0.350457102060318,0.3345833718776703,297.09039306640625,297.1499938964844,293.1499938964844,0.0,-0.0,284.94415283203125,0.7604597210884094,0.2322600483894348,1.057958483695984,284.94244384765625,284.95001220703125,294.52105712890625,289.8121337890625,294.52313232421875,297.0909423828125,284.9376220703125,1.0,0.5186288356781006,1.0,1.0,0.0,1.0,-2.7674880027771,2.767481803894043,6.15263434156077e-06,2.1351358890533447,0.9259605407714844,0.9259605407714844,0.0,119.36865997314452,86.0,39037.8203125,-0.0,1774.010986328125,1.0,281.25750732421875,283.75555419921875,292.8546142578125,295.4598083496094,293.1499938964844,293.1499938964844,280.95001220703125,35721.37109375,36000.0,313.1499938964844,0.0,18000.0,1.0,0.0,0.0,0.0,1.0,0.8990142941474915,1.0,0.0,0.0,3.744466543197632,3.7444915771484375,9.355633778795892e-07,4.265924453735352,4.265914440155029,9.78592834144365e-06,0.0,0.0,-0.0,6330.52734375,0.0,1638.690185546875,1895.4371337890625,0.0,3394.39404296875,0.9262205958366394,1.0,0.0,3.0,1.0,0.0
12331320,297.0392761230469,297.1499938964844,293.1499938964844,0.0,-0.0,284.9433288574219,0.8215275406837463,0.2933246493339538,0.2666647434234619,297.01593017578125,297.1499938964844,293.1499938964844,0.0,-0.0,284.9425048828125,0.9071002006530762,0.3980502188205719,0.3794480264186859,297.0213317871094,297.1499938964844,293.1499938964844,0.0,-0.0,284.942626953125,0.8913294076919556,0.3781082928180694,0.2664055824279785,297.0430908203125,297.1499938964844,293.1499938964844,0.0,-0.0,284.9428100585937,0.8688563108444214,0.350457102060318,0.3345833718776703,297.09039306640625,297.1499938964844,293.1499938964844,0.0,-0.0,284.94415283203125,0.7604597210884094,0.2322600483894348,1.057958483695984,284.94244384765625,284.95001220703125,294.52105712890625,289.8121337890625,294.52313232421875,297.0909423828125,284.9376220703125,1.0,0.5186288356781006,1.0,1.0,0.0,1.0,-2.7674880027771,2.767481803894043,6.15263434156077e-06,2.1351358890533447,0.9259605407714844,0.9259605407714844,0.0,119.36865997314452,86.0,39037.8203125,-0.0,1774.010986328125,1.0,281.25750732421875,283.75555419921875,292.8546142578125,295.4598083496094,293.1499938964844,293.1499938964844,280.95001220703125,35721.37109375,36000.0,313.1499938964844,0.0,18000.0,1.0,0.0,0.0,0.0,1.0,0.8990142941474915,1.0,0.0,0.0,3.744466543197632,3.7444915771484375,9.355633778795892e-07,4.265924453735352,4.265914440155029,9.78592834144365e-06,0.0,0.0,-0.0,6330.52734375,0.0,1638.690185546875,1895.4371337890625,0.0,3394.39404296875,0.9262205958366394,1.0,0.0,3.0,1.0,0.0
12331380,297.0133361816406,297.1499938964844,293.1499938964844,0.0,-0.0,284.6752319335937,0.8348092436790466,0.2892944812774658,0.2627976536750793,296.9878234863281,297.1499938964844,293.1499938964844,0.0,-0.0,284.6744079589844,0.925960898399353,0.3935047090053558,0.3749226927757263,296.9930725097656,297.1499938964844,293.1499938964844,0.0,-0.0,284.6745300292969,0.908073663711548,0.3736185431480407,0.2630964517593384,297.01641845703125,297.1499938964844,293.1499938964844,0.0,-0.0,284.6747131347656,0.8848693370819092,0.3464002013206482,0.3305093646049499,297.0673217773437,297.1499938964844,293.1499938964844,0.0,-0.0,284.67608642578125,0.7737284898757935,0.2291681170463562,1.0428701639175415,284.6743469238281,284.95001220703125,294.4169006347656,289.7222595214844,294.4190673828125,297.0679016113281,284.6695251464844,1.0,0.5071528553962708,1.0,1.0,0.0,1.0,-2.7303991317749023,2.730393171310425,5.989051260257838e-06,2.106626510620117,0.920194685459137,0.920194685459137,0.0,109.50191497802734,74.0,39464.828125,-0.0,1672.385986328125,1.0,280.9574584960937,283.4838562011719,292.7545166015625,295.38604736328125,293.1499938964844,293.1499938964844,280.6499938964844,36082.1640625,36000.0,313.1499938964844,0.0,18000.0,1.0,0.0,0.0,0.0,1.0,0.9080933928489684,1.0,0.0,0.0,3.74253511428833,3.7425599098205566,9.34598404001008e-07,4.265924453735352,4.265914440155029,9.78592834144365e-06,0.0,0.0,-0.0,6361.546875,0.0,1639.2061767578125,1895.4371337890625,0.0,3478.90087890625,0.9260231256484984,1.0,0.0,3.0,1.0,0.0
12331440,297.0133361816406,297.1499938964844,293.1499938964844,0.0,-0.0,284.6752319335937,0.8348092436790466,0.2892944812774658,0.2627976536750793,296.9878234863281,297.1499938964844,293.1499938964844,0.0,-0.0,284.6744079589844,0.925960898399353,0.3935047090053558,0.3749226927757263,296.9930725097656,297.1499938964844,293.1499938964844,0.0,-0.0,284.6745300292969,0.908073663711548,0.3736185431480407,0.2630964517593384,297.01641845703125,297.1499938964844,293.1499938964844,0.0,-0.0,284.6747131347656,0.8848693370819092,0.3464002013206482,0.3305093646049499,297.0673217773437,297.1499938964844,293.1499938964844,0.0,-0.0,284.67608642578125,0.7737284898757935,0.2291681170463562,1.0428701639175415,284.6743469238281,284.95001220703125,294.4169006347656,289.7222595214844,294.4190673828125,297.0679016113281,284.6695251464844,1.0,0.5071528553962708,1.0,1.0,0.0,1.0,-2.7303991317749023,2.730393171310425,5.989051260257838e-06,2.106626510620117,0.920194685459137,0.920194685459137,0.0,109.50191497802734,74.0,39464.828125,-0.0,1672.385986328125,1.0,280.9574584960937,283.4838562011719,292.7545166015625,295.38604736328125,293.1499938964844,293.1499938964844,280.6499938964844,36082.1640625,36000.0,313.1499938964844,0.0,18000.0,1.0,0.0,0.0,0.0,1.0,0.9080933928489684,1.0,0.0,0.0,3.74253511428833,3.7425599098205566,9.34598404001008e-07,4.265924453735352,4.265914440155029,9.78592834144365e-06,0.0,0.0,-0.0,6361.546875,0.0,1639.2061767578125,1895.4371337890625,0.0,3478.90087890625,0.9260231256484984,1.0,0.0,3.0,1.0,0.0
12331500,297.0010681152344,297.1499938964844,293.1499938964844,0.0,-0.0,284.49755859375,0.8429691195487976,0.2872258126735687,0.2608246505260467,296.9742431640625,297.1499938964844,293.1499938964844,0.0,-0.0,284.4951171875,0.9376162886619568,0.391146183013916,0.3725835978984833,296.97955322265625,297.1499938964844,293.1499938964844,0.0,-0.0,284.4954833984375,0.919079840183258,0.3712965846061706,0.261394053697586,297.0035400390625,297.1499938964844,293.1499938964844,0.0,-0.0,284.4960327148437,0.8946478962898254,0.3442896008491516,0.3283966481685638,297.0561218261719,297.1499938964844,293.1499938964844,0.0,-0.0,284.50006103515625,0.7818870544433594,0.2275470793247223,1.034959077835083,284.4949645996094,284.95001220703125,294.3638000488281,289.67633056640625,294.3659973144531,297.0567626953125,284.4815979003906,1.0,0.5011093020439148,1.0,1.0,0.0,1.0,-2.7111260890960693,2.711120128631592,5.904895715502789e-06,2.091801643371582,0.9154222011566162,0.9154222011566162,0.0,104.34825897216795,74.0,40123.0703125,-0.0,1620.4632568359375,1.0,280.6988830566406,283.28692626953125,292.72918701171875,295.4481506347656,293.1499938964844,293.1499938964844,280.6499938964844,36282.3671875,36000.0,313.1499938964844,0.0,18000.0,1.0,0.0,0.0,0.0,1.0,0.9143903851509094,1.0,0.0,0.0,3.73649525642395,3.736520290374756,9.315843385593324e-07,4.265924453735352,4.265914440155029,9.78592834144365e-06,0.0,0.0,-0.0,6133.03564453125,0.0,1633.7076416015625,1895.4371337890625,0.0,3537.30224609375,0.9247667789459229,1.0,0.0,3.0,1.0,0.0
12331560,296.9888000488281,297.1499938964844,293.1499938964844,0.0,-0.0,284.4083557128906,0.8520377278327942,0.2850772142410278,0.2587353587150574,296.9606018066406,297.1499938964844,293.1499938964844,0.0,-0.0,284.40753173828125,0.9500160813331604,0.3886918425559997,0.3701129257678985,296.9659423828125,297.1499938964844,293.1499938964844,0.0,-0.0,284.4076538085937,0.9315040111541748,0.3688811659812927,0.2595916390419006,296.9905700683594,297.1499938964844,293.1499938964844,0.0,-0.0,284.4078369140625,0.9054015874862672,0.3420896530151367,0.3261640667915344,297.044921875,297.1499938964844,293.1499938964844,0.0,-0.0,284.4091796875,0.7908720374107361,0.2258530259132385,1.0266178846359253,284.4075012207031,284.95001220703125,294.3100891113281,289.6297912597656,294.31231689453125,297.0455017089844,284.4027099609375,1.0,0.4948627054691314,1.0,1.0,0.0,1.0,-2.690774440765381,2.6907687187194824,5.8166774579149205e-06,2.076147556304932,0.910879135131836,0.910879135131836,0.0,99.1845245361328,62.0,39784.2578125,-0.0,1567.6580810546875,1.0,280.6574401855469,283.2149353027344,292.6551818847656,295.30682373046875,293.1499938964844,293.1499938964844,280.3500061035156,36467.3203125,36000.0,313.1499938964844,0.0,18000.0,1.0,0.0,0.0,0.0,1.0,0.9158087968826294,1.0,0.0,0.0,3.7263901233673096,3.726414918899536,9.265522180612606e-07,4.265924453735352,4.265914440155029,9.78592834144365e-06,0.0,0.0,-0.0,6384.9697265625,0.0,1623.398193359375,1895.4371337890625,0.0,3550.430419921875,0.9226558208465576,1.0,0.0,3.0,1.0,0.0
12331620,296.9659423828125,297.1499938964844,293.1499938964844,0.0,-0.0,284.14471435546875,0.8754722476005554,0.2807196974754333,0.2545265853404999,296.9347229003906,297.1499938964844,293.1499938964844,0.0,-0.0,284.1438903808594,0.9775827527046204,0.3836690783500671,0.3650816977024078,296.9403076171875,297.1499938964844,293.1499938964844,0.0,-0.0,284.1440124511719,0.961085081100464,0.36395063996315,0.2559352219104767,296.9660339355469,297.1499938964844,293.1499938964844,0.0,-0.0,284.1441955566406,0.9349293112754822,0.337581604719162,0.3216092884540558,297.0237731933594,297.1499938964844,293.1499938964844,0.0,-0.0,284.1455383300781,0.8130080103874207,0.2223769426345825,1.0095293521881104,284.14385986328125,284.95001220703125,294.2010192871094,289.53521728515625,294.203369140625,297.0242919921875,284.1391906738281,1.0,0.4819046258926391,1.0,1.0,0.0,1.0,-2.6492700576782227,2.649264335632324,5.638793936668662e-06,2.04420804977417,0.8980705738067627,0.8980705738067627,0.0,88.56364440917969,65.0,39999.61328125,-0.0,1461.8662109375,1.0,280.35772705078125,282.95074462890625,292.5551452636719,295.22100830078125,293.1499938964844,293.1499938964844,280.6499938964844,36887.05078125,36000.0,313.1499938964844,0.0,18000.0,1.0,0.0,0.0,0.0,1.0,0.9224389791488647,1.0,0.0,0.0,3.694732904434204,3.694757461547852,9.108762242249212e-07,4.265924453735352,4.265914440155029,9.78592834144365e-06,0.0,0.0,-0.0,5703.16845703125,0.0,1590.2261962890625,1895.4371337890625,0.0,3611.649658203125,0.9158462285995485,1.0,0.0,3.0,1.0,0.0
12331680,296.9659423828125,297.1499938964844,293.1499938964844,0.0,-0.0,284.14471435546875,0.8754722476005554,0.2807196974754333,0.2545265853404999,296.9347229003906,297.1499938964844,293.1499938964844,0.0,-0.0,284.1438903808594,0.9775827527046204,0.3836690783500671,0.3650816977024078,296.9403076171875,297.1499938964844,293.1499938964844,0.0,-0.0,284.1440124511719,0.961085081100464,0.36395063996315,0.2559352219104767,296.9660339355469,297.1499938964844,293.1499938964844,0.0,-0.0,284.1441955566406,0.9349293112754822,0.337581604719162,0.3216092884540558,297.0237731933594,297.1499938964844,293.1499938964844,0.0,-0.0,284.1455383300781,0.8130080103874207,0.2223769426345825,1.0095293521881104,284.14385986328125,284.95001220703125,294.2010192871094,289.53521728515625,294.203369140625,297.0242919921875,284.1391906738281,1.0,0.4819046258926391,1.0,1.0,0.0,1.0,-2.6492700576782227,2.649264335632324,5.638793936668662e-06,2.04420804977417,0.8980705738067627,0.8980705738067627,0.0,88.56364440917969,65.0,39999.61328125,-0.0,1461.8662109375,1.0,280.35772705078125,282.95074462890625,292.5551452636719,295.22100830078125,293.1499938964844,293.1499938964844,280.6499938964844,36887.05078125,36000.0,313.1499938964844,0.0,18000.0,1.0,0.0,0.0,0.0,1.0,0.9224389791488647,1.0,0.0,0.0,3.694732904434204,3.694757461547852,9.108762242249212e-07,4.265924453735352,4.265914440155029,9.78592834144365e-06,0.0,0.0,-0.0,5703.16845703125,0.0,1590.2261962890625,1895.4371337890625,0.0,3611.649658203125,0.9158462285995485,1.0,0.0,3.0,1.0,0.0
12331740,296.9598083496094,297.1499938964844,293.1499938964844,0.0,-0.0,284.27069091796875,0.8896835446357727,0.2777423560619354,0.2512540221214294,296.9244689941406,297.1499938964844,293.1499938964844,0.0,-0.0,284.2706604003906,0.9911779165267944,0.3798831701278686,0.3609145283699035,296.93145751953125,297.1499938964844,293.1499938964844,0.0,-0.0,284.2706604003906,0.9764933586120604,0.3603748381137848,0.2529793679714203,296.9555969238281,297.1499938964844,293.1499938964844,0.0,-0.0,284.2706604003906,0.9521556496620178,0.3341754674911499,0.3178379833698272,297.0130920410156,297.1499938964844,293.1499938964844,0.0,-0.0,284.27069091796875,0.8248628973960876,0.219680055975914,0.9952494502067566,284.2706298828125,285.0240783691406,294.0902404785156,289.4390563964844,294.0926513671875,297.01324462890625,284.27008056640625,1.0,0.4734603762626648,1.0,1.0,0.0,1.0,-2.615072727203369,2.61506724357605,5.494011020346079e-06,2.017747640609741,0.8888108730316162,0.8888108730316162,0.0,82.58682250976562,83.0,37930.1328125,-0.0,1389.391357421875,1.0,280.6423645019531,283.1194763183594,292.3614501953125,294.8326721191406,293.1499938964844,293.1499938964844,280.95001220703125,36993.67578125,36000.0,313.1499938964844,0.0,18000.0,1.0,0.0,0.0,0.0,1.0,0.9026121497154236,1.0,0.0,0.0,3.658040046691896,3.658064126968384,8.928740271585411e-07,4.265924453735352,4.265914440155029,9.78592834144365e-06,0.0,0.0,-0.0,5481.869140625,0.0,1549.5830078125,1895.4371337890625,0.0,3427.92138671875,0.9077330827713012,1.0,0.0,3.0,1.0,0.0
12331800,296.9598083496094,297.1499938964844,293.1499938964844,0.0,-0.0,284.27069091796875,0.8896835446357727,0.2777423560619354,0.2512540221214294,296.9244689941406,297.1499938964844,293.1499938964844,0.0,-0.0,284.2706604003906,0.9911779165267944,0.3798831701278686,0.3609145283699035,296.93145751953125,297.1499938964844,293.1499938964844,0.0,-0.0,284.2706604003906,0.9764933586120604,0.3603748381137848,0.2529793679714203,296.9555969238281,297.1499938964844,293.1499938964844,0.0,-0.0,284.2706604003906,0.9521556496620178,0.3341754674911499,0.3178379833698272,297.0130920410156,297.1499938964844,293.1499938964844,0.0,-0.0,284.27069091796875,0.8248628973960876,0.219680055975914,0.9952494502067566,284.2706298828125,285.0240783691406,294.0902404785156,289.4390563964844,294.0926513671875,297.01324462890625,284.27008056640625,1.0,0.4734603762626648,1.0,1.0,0.0,1.0,-2.615072727203369,2.61506724357605,5.494011020346079e-06,2.017747640609741,0.8888108730316162,0.8888108730316162,0.0,82.58682250976562,83.0,37930.1328125,-0.0,1389.391357421875,1.0,280.6423645019531,283.1194763183594,292.3614501953125,294.8326721191406,293.1499938964844,293.1499938964844,280.95001220703125,36993.67578125,36000.0,313.1499938964844,0.0,18000.0,1.0,0.0,0.0,0.0,1.0,0.9026121497154236,1.0,0.0,0.0,3.658040046691896,3.658064126968384,8.928740271585411e-07,4.265924453735352,4.265914440155029,9.78592834144365e-06,0.0,0.0,-0.0,5481.869140625,0.0,1549.5830078125,1895.4371337890625,0.0,3427.92138671875,0.9077330827713012,1.0,0.0,3.0,1.0,0.0
12331860,296.96630859375,297.1499938964844,293.1499938964844,0.0,-0.0,284.4314880371094,0.8766109943389893,0.275983452796936,0.2495805770158767,296.92779541015625,297.1499938964844,293.1499938964844,0.0,-0.0,284.4315795898437,0.979068160057068,0.3773533999919891,0.3584109246730804,296.9361267089844,297.1499938964844,293.1499938964844,0.0,-0.0,284.4315795898437,0.962790548801422,0.3580701351165771,0.2512892186641693,296.9577941894531,297.1499938964844,293.1499938964844,0.0,-0.0,284.4315490722656,0.9366068840026855,0.3319258689880371,0.3156124353408813,297.01287841796875,297.1499938964844,293.1499938964844,0.0,-0.0,284.431396484375,0.813242495059967,0.2179163694381714,0.9870021939277648,284.4316101074219,285.1629943847656,293.97821044921875,289.34185791015625,293.98065185546875,297.0128173828125,284.4317626953125,1.0,0.4728992283344269,1.0,1.0,0.0,1.0,-2.5954272747039795,2.59542179107666,5.411834081314737e-06,2.002618789672852,0.8794767260551453,0.8794767260551453,0.0,84.76044464111328,101.0,35973.6640625,-0.0,1373.357177734375,1.0,280.9416809082031,283.3160400390625,292.2422790527344,294.5716247558594,293.1499938964844,293.1499938964844,281.25,37074.62890625,36000.0,313.1499938964844,0.0,18000.0,1.0,0.0,0.0,0.0,1.0,0.8791660666465759,1.0,0.0,0.0,3.618081569671631,3.618105411529541,8.734740504223737e-07,4.265924453735352,4.265914440155029,9.78592834144365e-06,0.0,0.0,-0.0,5313.54443359375,0.0,1505.9171142578125,1895.4371337890625,0.0,3208.7646484375,0.8988803029060364,1.0,0.0,3.0,1.0,0.0
12331920,296.96630859375,297.1499938964844,293.1499938964844,0.0,-0.0,284.4314880371094,0.8766109943389893,0.275983452796936,0.2495805770158767,296.92779541015625,297.1499938964844,293.1499938964844,0.0,-0.0,284.4315795898437,0.979068160057068,0.3773533999919891,0.3584109246730804,296.9361267089844,297.1499938964844,293.1499938964844,0.0,-0.0,284.4315795898437,0.962790548801422,0.3580701351165771,0.2512892186641693,296.9577941894531,297.1499938964844,293.1499938964844,0.0,-0.0,284.4315490722656,0.9366068840026855,0.3319258689880371,0.3156124353408813,297.01287841796875,297.1499938964844,293.1499938964844,0.0,-0.0,284.431396484375,0.813242495059967,0.2179163694381714,0.9870021939277648,284.4316101074219,285.1629943847656,293.97821044921875,289.34185791015625,293.98065185546875,297.0128173828125,284.4317626953125,1.0,0.4728992283344269,1.0,1.0,0.0,1.0,-2.5954272747039795,2.59542179107666,5.411834081314737e-06,2.002618789672852,0.8794767260551453,0.8794767260551453,0.0,84.76044464111328,101.0,35973.6640625,-0.0,1373.357177734375,1.0,280.9416809082031,283.3160400390625,292.2422790527344,294.5716247558594,293.1499938964844,293.1499938964844,281.25,37074.62890625,36000.0,313.1499938964844,0.0,18000.0,1.0,0.0,0.0,0.0,1.0,0.8791660666465759,1.0,0.0,0.0,3.618081569671631,3.618105411529541,8.734740504223737e-07,4.265924453735352,4.265914440155029,9.78592834144365e-06,0.0,0.0,-0.0,5313.54443359375,0.0,1505.9171142578125,1895.4371337890625,0.0,3208.7646484375,0.8988803029060364,1.0,0.0,3.0,1.0,0.0
12331980,296.9767761230469,297.1499938964844,293.1499938964844,0.0,-0.0,284.6005859375,0.8490617871284485,0.2747150957584381,0.2486685365438461,296.93658447265625,297.1499938964844,293.1499938964844,0.0,-0.0,284.6007385253906,0.9472805261611938,0.3754244744777679,0.3568069040775299,296.9456787109375,297.1499938964844,293.1499938964844,0.0,-0.0,284.6007385253906,0.9286576509475708,0.3563232421875,0.2502382695674896,296.965087890625,297.1499938964844,293.1499938964844,0.0,-0.0,284.6007080078125,0.9027411341667176,0.330226331949234,0.3142339587211609,297.017578125,297.1499938964844,293.1499938964844,0.0,-0.0,284.6004333496094,0.7867683172225952,0.2166516184806823,0.9824190735816956,284.6007385253906,285.3028564453125,293.8654479980469,289.244140625,293.8678894042969,297.0174255371094,284.60125732421875,1.0,0.4771750271320343,1.0,1.0,0.0,1.0,-2.583972692489624,2.5839672088623047,5.364438493415946e-06,1.993913412094116,0.870583176612854,0.870583176612854,0.0,92.58887481689452,119.0,34106.86328125,-0.0,1392.995849609375,1.0,281.2413330078125,283.51812744140625,292.1478271484375,294.3569030761719,293.1499938964844,293.1499938964844,281.54998779296875,37113.5625,36000.0,313.1499938964844,0.0,18000.0,1.0,0.0,0.0,0.0,1.0,0.8569639325141907,1.0,0.0,0.0,3.576538324356079,3.57656192779541,8.535305369150592e-07,4.265924453735352,4.265914440155029,9.78592834144365e-06,0.0,0.0,-0.0,5163.759765625,0.0,1461.1285400390625,1895.4371337890625,0.0,3000.5341796875,0.8896569609642029,1.0,0.0,3.0,1.0,0.0
12332040,296.9767761230469,297.1499938964844,293.1499938964844,0.0,-0.0,284.6005859375,0.8490617871284485,0.2747150957584381,0.2486685365438461,296.93658447265625,297.1499938964844,293.1499938964844,0.0,-0.0,284.6007385253906,0.9472805261611938,0.3754244744777679,0.3568069040775299,296.9456787109375,297.1499938964844,293.1499938964844,0.0,-0.0,284.6007385253906,0.9286576509475708,0.3563232421875,0.2502382695674896,296.965087890625,297.1499938964844,293.1499938964844,0.0,-0.0,284.6007080078125,0.9027411341667176,0.330226331949234,0.3142339587211609,297.017578125,297.1499938964844,293.1499938964844,0.0,-0.0,284.6004333496094,0.7867683172225952,0.2166516184806823,0.9824190735816956,284.6007385253906,285.3028564453125,293.8654479980469,289.244140625,293.8678894042969,297.0174255371094,284.60125732421875,1.0,0.4771750271320343,1.0,1.0,0.0,1.0,-2.583972692489624,2.5839672088623047,5.364438493415946e-06,1.993913412094116,0.870583176612854,0.870583176612854,0.0,92.58887481689452,119.0,34106.86328125,-0.0,1392.995849609375,1.0,281.2413330078125,283.51812744140625,292.1478271484375,294.3569030761719,293.1499938964844,293.1499938964844,281.54998779296875,37113.5625,36000.0,313.1499938964844,0.0,18000.0,1.0,0.0,0.0,0.0,1.0,0.8569639325141907,1.0,0.0,0.0,3.576538324356079,3.57656192779541,8.535305369150592e-07,4.265924453735352,4.265914440155029,9.78592834144365e-06,0.0,0.0,-0.0,5163.759765625,0.0,1461.1285400390625,1895.4371337890625,0.0,3000.5341796875,0.8896569609642029,1.0,0.0,3.0,1.0,0.0
12332100,296.9822692871094,297.1499938964844,293.1499938964844,0.0,-0.0,284.7263488769531,0.8342422246932983,0.2741544246673584,0.2483343034982681,296.9416198730469,297.1499938964844,293.1499938964844,0.0,-0.0,284.7282409667969,0.9270869493484496,0.3745644688606262,0.356169581413269,296.9508972167969,297.1499938964844,293.1499938964844,0.0,-0.0,284.7279663085937,0.9089559316635132,0.3555410802364349,0.2498215287923813,296.9693298339844,297.1499938964844,293.1499938964844,0.0,-0.0,284.7275390625,0.8855438232421875,0.3294691741466522,0.3136984407901764,297.0206604003906,297.1499938964844,293.1499938964844,0.0,-0.0,284.724365234375,0.7719402313232422,0.2161128371953964,0.9808776378631592,284.7283630371094,285.3729553222656,293.80889892578125,289.1952514648437,293.8113708496094,297.0204467773437,284.738037109375,1.0,0.4805511236190796,1.0,1.0,0.0,1.0,-2.57980751991272,2.5798022747039795,5.347329988580896e-06,1.9907846450805664,0.8667997121810913,0.8667997121810913,0.0,98.01399230957033,119.0,32738.15234375,-0.0,1411.4276123046875,1.0,281.4964294433594,283.6780700683594,292.0760803222656,294.1576843261719,293.1499938964844,293.1499938964844,281.54998779296875,37110.75,36000.0,313.1499938964844,0.0,18000.0,1.0,0.0,0.0,0.0,1.0,0.8439751267433167,1.0,0.0,0.0,3.555236577987671,3.555259943008423,8.433935931861924e-07,4.265924453735352,4.265914440155029,9.78592834144365e-06,0.0,0.0,-0.0,5269.8291015625,0.0,1438.3681640625,1895.4371337890625,0.0,2878.876708984375,0.8849570155143738,1.0,0.0,3.0,1.0,0.0
12332160,296.9882507324219,297.1499938964844,293.1499938964844,0.0,-0.0,284.7728881835937,0.8200660943984985,0.2736790180206299,0.2481383234262466,296.9472351074219,297.1499938964844,293.1499938964844,0.0,-0.0,284.7730407714844,0.9076379537582396,0.3737983405590057,0.3556828200817108,296.95672607421875,297.1499938964844,293.1499938964844,0.0,-0.0,284.7730407714844,0.8915834426879883,0.3548535108566284,0.2495187520980835,296.97412109375,297.1499938964844,293.1499938964844,0.0,-0.0,284.7729797363281,0.8690279722213745,0.3287964463233948,0.3132994472980499,297.0242614746094,297.1499938964844,293.1499938964844,0.0,-0.0,284.7726745605469,0.7578812837600708,0.2156479060649871,0.9798837900161744,284.7730712890625,285.44305419921875,293.7523803710937,289.1464233398437,293.7548217773437,297.0240783691406,284.77374267578125,1.0,0.4845492839813232,1.0,1.0,0.0,1.0,-2.576948404312134,2.5769429206848145,5.335651167115429e-06,1.9886616468429563,0.8621302843093872,0.8621302843093872,0.0,104.11441802978516,137.0,32291.673828125,-0.0,1434.48193359375,1.0,281.541015625,283.7220458984375,292.05499267578125,294.1525573730469,293.1499938964844,293.1499938964844,281.8500061035156,37125.10546875,36000.0,313.1499938964844,0.0,18000.0,1.0,0.0,0.0,0.0,1.0,0.8359139561653137,1.0,0.0,0.0,3.534437656402588,3.5344605445861816,8.335543384418997e-07,4.265924453735352,4.265914440155029,9.78592834144365e-06,0.0,0.0,-0.0,5023.38720703125,0.0,1416.5118408203125,1895.4371337890625,0.0,2803.564208984375,0.8803040385246277,1.0,0.0,3.0,1.0,0.0
12332220,296.9994812011719,297.1499938964844,293.1499938964844,0.0,-0.0,284.9457397460937,0.791441023349762,0.2727673649787903,0.2478288114070892,296.9582214355469,297.1499938964844,293.1499938964844,0.0,-0.0,284.9459228515625,0.8746524453163147,0.372340977191925,0.3548356890678406,296.96807861328125,297.1499938964844,293.1499938964844,0.0,-0.0,284.9458923339844,0.8598265647888184,0.3535548746585846,0.2490012943744659,296.9834899902344,297.1499938964844,293.1499938964844,0.0,-0.0,284.94586181640625,0.8392025828361511,0.3275160193443298,0.3126218020915985,297.031494140625,297.1499938964844,293.1499938964844,0.0,-0.0,284.9455261230469,0.7327139973640442,0.2147874236106872,0.978541910648346,284.9459533691406,285.5830078125,293.6394958496094,289.0491943359375,293.6419677734375,297.03131103515625,284.9467468261719,1.0,0.4938436448574066,1.0,1.0,0.0,1.0,-2.5725085735321045,2.572503089904785,5.3176386245468166e-06,1.9854135513305664,0.8541174530982971,0.8541174530982971,0.0,118.09358978271484,140.0,30512.029296875,-0.0,1489.935302734375,1.0,281.8405456542969,283.9258117675781,291.9588623046875,293.9482727050781,293.1499938964844,293.1499938964844,282.1499938964844,37118.71875,36000.0,313.1499938964844,0.0,18000.0,1.0,0.0,0.0,0.0,1.0,0.8150654435157776,1.0,0.0,0.0,3.4924747943878174,3.492497444152832,8.138790121847705e-07,4.265924453735352,4.265914440155029,9.78592834144365e-06,0.0,0.0,-0.0,4889.28271484375,0.0,1372.88330078125,1895.4371337890625,0.0,2609.91650390625,0.8709841966629028,1.0,0.0,3.0,1.0,0.0
12332280,296.9994812011719,297.1499938964844,293.1499938964844,0.0,-0.0,284.9457397460937,0.791441023349762,0.2727673649787903,0.2478288114070892,296.9582214355469,297.1499938964844,293.1499938964844,0.0,-0.0,284.9459228515625,0.8746524453163147,0.372340977191925,0.3548356890678406,296.96807861328125,297.1499938964844,293.1499938964844,0.0,-0.0,284.9458923339844,0.8598265647888184,0.3535548746585846,0.2490012943744659,296.9834899902344,297.1499938964844,293.1499938964844,0.0,-0.0,284.94586181640625,0.8392025828361511,0.3275160193443298,0.3126218020915985,297.031494140625,297.1499938964844,293.1499938964844,0.0,-0.0,284.9455261230469,0.7327139973640442,0.2147874236106872,0.978541910648346,284.9459533691406,285.5830078125,293.6394958496094,289.0491943359375,293.6419677734375,297.03131103515625,284.9467468261719,1.0,0.4938436448574066,1.0,1.0,0.0,1.0,-2.5725085735321045,2.572503089904785,5.3176386245468166e-06,1.9854135513305664,0.8541174530982971,0.8541174530982971,0.0,118.09358978271484,140.0,30512.029296875,-0.0,1489.935302734375,1.0,281.8405456542969,283.9258117675781,291.9588623046875,293.9482727050781,293.1499938964844,293.1499938964844,282.1499938964844,37118.71875,36000.0,313.1499938964844,0.0,18000.0,1.0,0.0,0.0,0.0,1.0,0.8150654435157776,1.0,0.0,0.0,3.4924747943878174,3.492497444152832,8.138790121847705e-07,4.265924453735352,4.265914440155029,9.78592834144365e-06,0.0,0.0,-0.0,4889.28271484375,0.0,1372.88330078125,1895.4371337890625,0.0,2609.91650390625,0.8709841966629028,1.0,0.0,3.0,1.0,0.0
12332340,297.01031494140625,297.1499938964844,293.1499938964844,0.0,-0.0,285.1172180175781,0.7743366360664368,0.2719567418098449,0.2474485635757446,296.96905517578125,297.1499938964844,293.1499938964844,0.0,-0.0,285.1174011230469,0.8559482097625732,0.3710082471370697,0.353942722082138,296.9794006347656,297.1499938964844,293.1499938964844,0.0,-0.0,285.1174011230469,0.8420742750167847,0.3523951470851898,0.2484593987464904,296.99273681640625,297.1499938964844,293.1499938964844,0.0,-0.0,285.1173400878906,0.8224181532859802,0.3263438940048218,0.3118826448917389,297.038818359375,297.1499938964844,293.1499938964844,0.0,-0.0,285.11700439453125,0.7182420492172241,0.2140261381864547,0.97687166929245,285.117431640625,285.7221069335937,293.52734375,288.9530029296875,293.52978515625,297.0386047363281,285.1181945800781,1.0,0.4995973706245422,1.0,1.0,0.0,1.0,-2.567434310913086,2.5674290657043457,5.297077223076485e-06,1.9816948175430296,0.846528947353363,0.846528947353363,0.0,127.82194519042967,128.0,28744.359375,-0.0,1525.7294921875,1.0,282.14013671875,284.1279602050781,291.8598022460937,293.7423095703125,293.1499938964844,293.1499938964844,282.45001220703125,37100.15625,36000.0,313.1499938964844,0.0,18000.0,1.0,0.0,0.0,0.0,1.0,0.7936001420021057,1.0,0.0,0.0,3.451123714447021,3.451146125793457,7.94720449448505e-07,4.265924453735352,4.265914440155029,9.78592834144365e-06,0.0,0.0,-0.0,4760.08544921875,0.0,1330.74365234375,1895.4371337890625,0.0,2413.062744140625,0.8618060946464539,1.0,0.0,3.0,1.0,0.0
12332400,297.01031494140625,297.1499938964844,293.1499938964844,0.0,-0.0,285.1172180175781,0.7743366360664368,0.2719567418098449,0.2474485635757446,296.96905517578125,297.1499938964844,293.1499938964844,0.0,-0.0,285.1174011230469,0.8559482097625732,0.3710082471370697,0.353942722082138,296.9794006347656,297.1499938964844,293.1499938964844,0.0,-0.0,285.1174011230469,0.8420742750167847,0.3523951470851898,0.2484593987464904,296.99273681640625,297.1499938964844,293.1499938964844,0.0,-0.0,285.1173400878906,0.8224181532859802,0.3263438940048218,0.3118826448917389,297.038818359375,297.1499938964844,293.1499938964844,0.0,-0.0,285.11700439453125,0.7182420492172241,0.2140261381864547,0.97687166929245,285.117431640625,285.7221069335937,293.52734375,288.9530029296875,293.52978515625,297.0386047363281,285.1181945800781,1.0,0.4995973706245422,1.0,1.0,0.0,1.0,-2.567434310913086,2.5674290657043457,5.297077223076485e-06,1.9816948175430296,0.846528947353363,0.846528947353363,0.0,127.82194519042967,128.0,28744.359375,-0.0,1525.7294921875,1.0,282.14013671875,284.1279602050781,291.8598022460937,293.7423095703125,293.1499938964844,293.1499938964844,282.45001220703125,37100.15625,36000.0,313.1499938964844,0.0,18000.0,1.0,0.0,0.0,0.0,1.0,0.7936001420021057,1.0,0.0,0.0,3.451123714447021,3.451146125793457,7.94720449448505e-07,4.265924453735352,4.265914440155029,9.78592834144365e-06,0.0,0.0,-0.0,4760.08544921875,0.0,1330.74365234375,1895.4371337890625,0.0,2413.062744140625,0.8618060946464539,1.0,0.0,3.0,1.0,0.0
12332460,297.0212097167969,297.1499938964844,293.1499938964844,0.0,-0.0,285.28582763671875,0.7718115448951721,0.2712910175323486,0.2468626499176025,296.9799194335937,297.1499938964844,293.1499938964844,0.0,-0.0,285.2860107421875,0.8530462980270386,0.3698161244392395,0.3528350293636322,296.9907531738281,297.1499938964844,293.1499938964844,0.0,-0.0,285.2860107421875,0.8393954634666443,0.3513830602169037,0.2477647066116333,297.0021057128906,297.1499938964844,293.1499938964844,0.0,-0.0,285.28594970703125,0.8197456002235413,0.325298011302948,0.3109148442745209,297.04638671875,297.1499938964844,293.1499938964844,0.0,-0.0,285.28564453125,0.7159010767936707,0.2133839726448059,0.9740819931030272,285.2860412597656,285.8597412109375,293.41632080078125,288.8583679199219,293.41876220703125,297.0461730957031,285.2867431640625,1.0,0.4988783895969391,1.0,1.0,0.0,1.0,-2.5600526332855225,2.5600473880767822,5.267020696919644e-06,1.976176619529724,0.8393372297286987,0.8393372297286987,0.0,128.81802368164062,116.0,26980.48046875,-0.0,1520.135498046875,1.0,282.439697265625,284.3275451660156,291.7594299316406,293.5352478027344,293.1499938964844,293.1499938964844,282.75,37074.3203125,36000.0,313.1499938964844,0.0,18000.0,1.0,0.0,0.0,0.0,1.0,0.7709486484527588,1.0,0.0,0.0,3.4106574058532715,3.410679340362549,7.761925644445e-07,4.265924453735352,4.265914440155029,9.78592834144365e-06,0.0,0.0,-0.0,4635.25,0.0,1290.3455810546875,1895.4371337890625,0.0,2209.26708984375,0.8528339266777039,1.0,0.0,3.0,1.0,0.0
12332520,297.0212097167969,297.1499938964844,293.1499938964844,0.0,-0.0,285.28582763671875,0.7718115448951721,0.2712910175323486,0.2468626499176025,296.9799194335937,297.1499938964844,293.1499938964844,0.0,-0.0,285.2860107421875,0.8530462980270386,0.3698161244392395,0.3528350293636322,296.9907531738281,297.1499938964844,293.1499938964844,0.0,-0.0,285.2860107421875,0.8393954634666443,0.3513830602169037,0.2477647066116333,297.0021057128906,297.1499938964844,293.1499938964844,0.0,-0.0,285.28594970703125,0.8197456002235413,0.325298011302948,0.3109148442745209,297.04638671875,297.1499938964844,293.1499938964844,0.0,-0.0,285.28564453125,0.7159010767936707,0.2133839726448059,0.9740819931030272,285.2860412597656,285.8597412109375,293.41632080078125,288.8583679199219,293.41876220703125,297.0461730957031,285.2867431640625,1.0,0.4988783895969391,1.0,1.0,0.0,1.0,-2.5600526332855225,2.5600473880767822,5.267020696919644e-06,1.976176619529724,0.8393372297286987,0.8393372297286987,0.0,128.81802368164062,116.0,26980.48046875,-0.0,1520.135498046875,1.0,282.439697265625,284.3275451660156,291.7594299316406,293.5352478027344,293.1499938964844,293.1499938964844,282.75,37074.3203125,36000.0,313.1499938964844,0.0,18000.0,1.0,0.0,0.0,0.0,1.0,0.7709486484527588,1.0,0.0,0.0,3.4106574058532715,3.410679340362549,7.761925644445e-07,4.265924453735352,4.265914440155029,9.78592834144365e-06,0.0,0.0,-0.0,4635.25,0.0,1290.3455810546875,1895.4371337890625,0.0,2209.26708984375,0.8528339266777039,1.0,0.0,3.0,1.0,0.0
12332580,297.032470703125,297.1499938964844,293.1499938964844,0.0,-0.0,285.4525146484375,0.7776704430580139,0.2707970738410949,0.2462264150381088,296.9909973144531,297.1499938964844,293.1499938964844,0.0,-0.0,285.45269775390625,0.8590811491012573,0.3687820136547088,0.3516612648963928,297.0023193359375,297.1499938964844,293.1499938964844,0.0,-0.0,285.4526672363281,0.8452428579330444,0.3505355417728424,0.2470260113477707,297.01171875,297.1499938964844,293.1499938964844,0.0,-0.0,285.4526062011719,0.8252744674682617,0.3243968784809112,0.3098684549331665,297.0544128417969,297.1499938964844,293.1499938964844,0.0,-0.0,285.4522705078125,0.7208577394485474,0.212883323431015,0.9709030985832214,285.45269775390625,285.9953308105469,293.3070068359375,288.7657775878906,293.30938720703125,297.05419921875,285.4534606933594,1.0,0.4946144521236419,1.0,1.0,0.0,1.0,-2.5519137382507324,2.551908493041992,5.233840511209564e-06,1.97002112865448,0.8325511813163757,0.8325511813163757,0.0,124.39299011230467,104.0,25235.05078125,-0.0,1489.97314453125,1.0,282.7392578125,284.5253295898437,291.6595764160156,293.3291931152344,293.1499938964844,293.1499938964844,283.04998779296875,37042.0,36000.0,313.1499938964844,0.0,18000.0,1.0,0.0,0.0,0.0,1.0,0.7467913031578064,1.0,0.0,0.0,3.3713064193725586,3.371328115463257,7.58385112931137e-07,4.265924453735352,4.265914440155029,9.78592834144365e-06,0.0,0.0,-0.0,4515.61376953125,0.0,1251.8509521484375,1895.4371337890625,0.0,1997.75634765625,0.8441192507743835,1.0,0.0,3.0,1.0,0.0
12332640,297.032470703125,297.1499938964844,293.1499938964844,0.0,-0.0,285.4525146484375,0.7776704430580139,0.2707970738410949,0.2462264150381088,296.9909973144531,297.1499938964844,293.1499938964844,0.0,-0.0,285.45269775390625,0.8590811491012573,0.3687820136547088,0.3516612648963928,297.0023193359375,297.1499938964844,293.1499938964844,0.0,-0.0,285.4526672363281,0.8452428579330444,0.3505355417728424,0.2470260113477707,297.01171875,297.1499938964844,293.1499938964844,0.0,-0.0,285.4526062011719,0.8252744674682617,0.3243968784809112,0.3098684549331665,297.0544128417969,297.1499938964844,293.1499938964844,0.0,-0.0,285.4522705078125,0.7208577394485474,0.212883323431015,0.9709030985832214,285.45269775390625,285.9953308105469,293.3070068359375,288.7657775878906,293.30938720703125,297.05419921875,285.4534606933594,1.0,0.4946144521236419,1.0,1.0,0.0,1.0,-2.5519137382507324,2.551908493041992,5.233840511209564e-06,1.97002112865448,0.8325511813163757,0.8325511813163757,0.0,124.39299011230467,104.0,25235.05078125,-0.0,1489.97314453125,1.0,282.7392578125,284.5253295898437,291.6595764160156,293.3291931152344,293.1499938964844,293.1499938964844,283.04998779296875,37042.0,36000.0,313.1499938964844,0.0,18000.0,1.0,0.0,0.0,0.0,1.0,0.7467913031578064,1.0,0.0,0.0,3.3713064193725586,3.371328115463257,7.58385112931137e-07,4.265924453735352,4.265914440155029,9.78592834144365e-06,0.0,0.0,-0.0,4515.61376953125,0.0,1251.8509521484375,1895.4371337890625,0.0,1997.75634765625,0.8441192507743835,1.0,0.0,3.0,1.0,0.0
12332700,297.03790283203125,297.1499938964844,293.1499938964844,0.0,-0.0,285.5697326660156,0.7828079462051392,0.270585685968399,0.2458850145339965,296.9963684082031,297.1499938964844,293.1499938964844,0.0,-0.0,285.5715026855469,0.8644847273826599,0.3682995438575744,0.3510498702526092,297.0079040527344,297.1499938964844,293.1499938964844,0.0,-0.0,285.5712585449219,0.8504408597946167,0.3501463234424591,0.2466374188661575,297.0163879394531,297.1499938964844,293.1499938964844,0.0,-0.0,285.5708312988281,0.830142080783844,0.323978066444397,0.3093197345733642,297.05841064453125,297.1499938964844,293.1499938964844,0.0,-0.0,285.5678100585937,0.7251362800598145,0.2126690298318863,0.9692317247390748,285.5716247558594,286.0621643066406,293.2530822753906,288.7204284667969,293.2554626464844,297.0581359863281,285.580810546875,1.0,0.4916175603866577,1.0,1.0,0.0,1.0,-2.5476346015930176,2.5476293563842773,5.216418685449753e-06,1.9667749404907229,0.8297420740127563,0.8297420740127563,0.0,120.95240783691406,104.0,24022.84765625,-0.0,1469.3504638671875,1.0,282.9902648925781,284.6829528808594,291.5841064453125,293.1389465332031,293.1499938964844,293.1499938964844,283.04998779296875,37013.2578125,36000.0,313.1499938964844,0.0,18000.0,1.0,0.0,0.0,0.0,1.0,0.7317666411399841,1.0,0.0,0.0,3.35180926322937,3.3518307209014893,7.496385592276056e-07,4.265924453735352,4.265914440155029,9.78592834144365e-06,0.0,0.0,-0.0,4591.74755859375,0.0,1232.99462890625,1895.4371337890625,0.0,1869.8951416015625,0.8398396968841553,1.0,0.0,3.0,1.0,0.0
12332760,297.0437316894531,297.1499938964844,293.1499938964844,0.0,-0.0,285.6135559082031,0.789516806602478,0.2704475522041321,0.2456119507551193,297.0020446777344,297.1499938964844,293.1499938964844,0.0,-0.0,285.6137084960937,0.8715900182723999,0.367884874343872,0.35050168633461,297.0137939453125,297.1499938964844,293.1499938964844,0.0,-0.0,285.6136779785156,0.8572847843170166,0.3498274981975555,0.2463006526231765,297.0213623046875,297.1499938964844,293.1499938964844,0.0,-0.0,285.6136474609375,0.8364869952201843,0.3236203789710998,0.3088244497776031,297.0626525878906,297.1499938964844,293.1499938964844,0.0,-0.0,285.6133728027344,0.7306353449821472,0.2125072032213211,0.9677313566207886,285.6137084960937,286.1282653808594,293.1997985839844,288.67578125,293.2021179199219,297.0624389648437,285.6142883300781,1.0,0.4882348179817199,1.0,1.0,0.0,1.0,-2.5438451766967773,2.543839931488037,5.201003205002053e-06,1.9638943672180176,0.8261198997497559,0.8261198997497559,0.0,116.8686981201172,92.0,23628.396484375,-0.0,1446.6480712890625,1.0,283.0389099121094,284.73028564453125,291.564697265625,293.1343994140625,293.1499938964844,293.1499938964844,283.1499938964844,37007.1875,35280.0,313.1499938964844,0.0,18000.0,1.0,0.0,0.0,0.0,1.0,0.7215450406074524,1.0,0.0,0.0,3.3332273960113525,3.3332486152648926,7.41349879262998e-07,4.265924453735352,4.265914440155029,9.78592834144365e-06,0.0,0.0,-0.0,4542.3134765625,0.0,1215.3564453125,1895.4371337890625,0.0,1784.7525634765625,0.8336970210075378,1.0,0.0,3.0,1.0,0.0
12332820,297.0503845214844,297.1499938964844,293.1499938964844,0.0,-0.0,285.66070556640625,0.8058748245239258,0.2697814106941223,0.2447990626096725,297.0087890625,297.1499938964844,293.1499938964844,0.0,-0.0,285.66064453125,0.8893398642539978,0.3667011857032776,0.3491510450839996,297.0206298828125,297.1499938964844,293.1499938964844,0.0,-0.0,285.6606750488281,0.8744542598724365,0.3487989008426666,0.2454177588224411,297.0271911621094,297.1499938964844,293.1499938964844,0.0,-0.0,285.6606750488281,0.8523802757263184,0.3225875198841095,0.3076041042804718,297.0683288574219,297.1499938964844,293.1499938964844,0.0,-0.0,285.6607666015625,0.7442230582237244,0.2119778990745544,0.9640302062034608,285.66064453125,286.2579345703125,293.09521484375,288.5888671875,293.0975036621094,297.0682067871094,285.6600952148437,1.0,0.4805044531822204,1.0,1.0,0.0,1.0,-2.534274816513061,2.5342698097229004,5.16218369739363e-06,1.956624150276184,0.8177096247673035,0.8177096247673035,0.0,107.76715850830078,80.0,22706.052734375,-0.0,1394.837158203125,1.0,283.1457824707031,284.8030090332031,291.5233764648437,293.0559997558594,293.1499938964844,293.1499938964844,283.1499938964844,36723.55859375,34200.0,313.1499938964844,0.0,18000.0,1.0,0.0,0.0,0.0,1.0,0.7079328894615173,1.0,0.0,0.0,3.2733798027038574,3.27340054512024,7.1496720011055e-07,4.265924453735352,4.265914440155029,9.78592834144365e-06,0.0,0.0,-0.0,4557.99658203125,0.0,1157.9940185546875,1895.4371337890625,0.0,1673.9114990234375,0.8189226984977722,1.0,0.0,3.0,1.0,0.0
12332880,297.0503845214844,297.1499938964844,293.1499938964844,0.0,-0.0,285.66070556640625,0.8058748245239258,0.2697814106941223,0.2447990626096725,297.0087890625,297.1499938964844,293.1499938964844,0.0,-0.0,285.66064453125,0.8893398642539978,0.3667011857032776,0.3491510450839996,297.0206298828125,297.1499938964844,293.1499938964844,0.0,-0.0,285.6606750488281,0.8744542598724365,0.3487989008426666,0.2454177588224411,297.0271911621094,297.1499938964844,293.1499938964844,0.0,-0.0,285.6606750488281,0.8523802757263184,0.3225875198841095,0.3076041042804718,297.0683288574219,297.1499938964844,293.1499938964844,0.0,-0.0,285.6607666015625,0.7442230582237244,0.2119778990745544,0.9640302062034608,285.66064453125,286.2579345703125,293.09521484375,288.5888671875,293.0975036621094,297.0682067871094,285.6600952148437,1.0,0.4805044531822204,1.0,1.0,0.0,1.0,-2.534274816513061,2.5342698097229004,5.16218369739363e-06,1.956624150276184,0.8177096247673035,0.8177096247673035,0.0,107.76715850830078,80.0,22706.052734375,-0.0,1394.837158203125,1.0,283.1457824707031,284.8030090332031,291.5233764648437,293.0559997558594,293.1499938964844,293.1499938964844,283.1499938964844,36723.55859375,34200.0,313.1499938964844,0.0,18000.0,1.0,0.0,0.0,0.0,1.0,0.7079328894615173,1.0,0.0,0.0,3.2733798027038574,3.27340054512024,7.1496720011055e-07,4.265924453735352,4.265914440155029,9.78592834144365e-06,0.0,0.0,-0.0,4557.99658203125,0.0,1157.9940185546875,1895.4371337890625,0.0,1673.9114990234375,0.8189226984977722,1.0,0.0,3.0,1.0,0.0
12332940,297.0509338378906,297.1499938964844,293.1499938964844,0.0,-0.0,285.6475830078125,0.8245864510536194,0.2685807943344116,0.2434985488653183,297.0096130371094,297.1499938964844,293.1499938964844,0.0,-0.0,285.6474304199219,0.9118905663490297,0.3650001585483551,0.347311794757843,297.0212097167969,297.1499938964844,293.1499938964844,0.0,-0.0,285.6474609375,0.8961098790168762,0.3472262322902679,0.2441515475511551,297.0276184082031,297.1499938964844,293.1499938964844,0.0,-0.0,285.6474914550781,0.8727484941482544,0.321080595254898,0.3059362471103668,297.06982421875,297.1499938964844,293.1499938964844,0.0,-0.0,285.64776611328125,0.761557400226593,0.2110992074012756,0.9587816596031188,285.6474304199219,286.3837585449219,292.9937438964844,288.5055236816406,292.9959716796875,297.06982421875,285.6463928222656,1.0,0.4716959297657013,1.0,1.0,0.0,1.0,-2.52067494392395,2.52066969871521,5.107124252390349e-06,1.946216702461243,0.8069817423820496,0.8069817423820496,0.0,98.0208740234375,68.0,22108.1015625,-0.0,1335.5550537109375,1.0,283.1498413085937,284.8069152832031,291.4774169921875,292.99237060546875,293.1499938964844,293.1499938964844,283.1499938964844,36207.3203125,33120.0,313.1499938964844,0.0,18000.0,1.0,0.0,0.0,0.0,1.0,0.703003466129303,1.0,0.0,0.0,3.189342975616455,3.1893630027771,6.787280426578945e-07,4.265924453735352,4.265914440155029,9.78592834144365e-06,0.0,0.0,-0.0,4519.7890625,0.0,1079.871337890625,1895.4371337890625,0.0,1634.535888671875,0.7994747757911682,1.0,0.0,3.0,1.0,0.0
12333000,297.0509338378906,297.1499938964844,293.1499938964844,0.0,-0.0,285.6475830078125,0.8245864510536194,0.2685807943344116,0.2434985488653183,297.0096130371094,297.1499938964844,293.1499938964844,0.0,-0.0,285.6474304199219,0.9118905663490297,0.3650001585483551,0.347311794757843,297.0212097167969,297.1499938964844,293.1499938964844,0.0,-0.0,285.6474609375,0.8961098790168762,0.3472262322902679,0.2441515475511551,297.0276184082031,297.1499938964844,293.1499938964844,0.0,-0.0,285.6474914550781,0.8727484941482544,0.321080595254898,0.3059362471103668,297.06982421875,297.1499938964844,293.1499938964844,0.0,-0.0,285.64776611328125,0.761557400226593,0.2110992074012756,0.9587816596031188,285.6474304199219,286.3837585449219,292.9937438964844,288.5055236816406,292.9959716796875,297.06982421875,285.6463928222656,1.0,0.4716959297657013,1.0,1.0,0.0,1.0,-2.52067494392395,2.52066969871521,5.107124252390349e-06,1.946216702461243,0.8069817423820496,0.8069817423820496,0.0,98.0208740234375,68.0,22108.1015625,-0.0,1335.5550537109375,1.0,283.1498413085937,284.8069152832031,291.4774169921875,292.99237060546875,293.1499938964844,293.1499938964844,283.1499938964844,36207.3203125,33120.0,313.1499938964844,0.0,18000.0,1.0,0.0,0.0,0.0,1.0,0.703003466129303,1.0,0.0,0.0,3.189342975616455,3.1893630027771,6.787280426578945e-07,4.265924453735352,4.265914440155029,9.78592834144365e-06,0.0,0.0,-0.0,4519.7890625,0.0,1079.871337890625,1895.4371337890625,0.0,1634.535888671875,0.7994747757911682,1.0,0.0,3.0,1.0,0.0
12333060,297.04833984375,297.1499938964844,293.1499938964844,0.0,-0.0,285.6354064941406,0.8474941253662109,0.2670639455318451,0.2418348044157028,297.0069885253906,297.1499938964844,293.1499938964844,0.0,-0.0,285.63525390625,0.9432573318481444,0.3629575371742248,0.3450767993927002,297.0184326171875,297.1499938964844,293.1499938964844,0.0,-0.0,285.6352844238281,0.9254299402236938,0.3453158438205719,0.2425902336835861,297.0248413085937,297.1499938964844,293.1499938964844,0.0,-0.0,285.63531494140625,0.8992292284965515,0.3192505836486816,0.3038970232009887,297.0684814453125,297.1499938964844,293.1499938964844,0.0,-0.0,285.6355285644531,0.7842833399772644,0.2099512368440628,0.9521026015281676,285.63525390625,286.505126953125,292.8958740234375,288.42633056640625,292.8980407714844,297.06854248046875,285.63446044921875,1.0,0.4619990587234497,1.0,1.0,0.0,1.0,-2.5036420822143555,2.5036370754241943,5.03844557897537e-06,1.9331079721450808,0.7944952845573425,0.7944952845573425,0.0,87.84172821044922,56.0,21492.044921875,-0.0,1270.826904296875,1.0,283.1499938964844,284.8131408691406,291.4005126953125,292.8855285644531,293.1499938964844,293.1499938964844,283.1499938964844,35566.65625,32040.0,313.1499938964844,0.0,18000.0,1.0,0.0,0.0,0.0,1.0,0.6982195377349854,1.0,0.0,0.0,3.088350296020508,3.088369131088257,6.364238060996286e-07,4.265924453735352,4.265914440155029,9.78592834144365e-06,0.0,0.0,-0.0,4469.6259765625,0.0,990.7316284179688,1895.4371337890625,0.0,1596.73046875,0.7762345671653748,1.0,0.0,3.0,1.0,0.0
12333120,297.04833984375,297.1499938964844,293.1499938964844,0.0,-0.0,285.6354064941406,0.8474941253662109,0.2670639455318451,0.2418348044157028,297.0069885253906,297.1499938964844,293.1499938964844,0.0,-0.0,285.63525390625,0.9432573318481444,0.3629575371742248,0.3450767993927002,297.0184326171875,297.1499938964844,293.1499938964844,0.0,-0.0,285.6352844238281,0.9254299402236938,0.3453158438205719,0.2425902336835861,297.0248413085937,297.1499938964844,293.1499938964844,0.0,-0.0,285.63531494140625,0.8992292284965515,0.3192505836486816,0.3038970232009887,297.0684814453125,297.1499938964844,293.1499938964844,0.0,-0.0,285.6355285644531,0.7842833399772644,0.2099512368440628,0.9521026015281676,285.63525390625,286.505126953125,292.8958740234375,288.42633056640625,292.8980407714844,297.06854248046875,285.63446044921875,1.0,0.4619990587234497,1.0,1.0,0.0,1.0,-2.5036420822143555,2.5036370754241943,5.03844557897537e-06,1.9331079721450808,0.7944952845573425,0.7944952845573425,0.0,87.84172821044922,56.0,21492.044921875,-0.0,1270.826904296875,1.0,283.1499938964844,284.8131408691406,291.4005126953125,292.8855285644531,293.1499938964844,293.1499938964844,283.1499938964844,35566.65625,32040.0,313.1499938964844,0.0,18000.0,1.0,0.0,0.0,0.0,1.0,0.6982195377349854,1.0,0.0,0.0,3.088350296020508,3.088369131088257,6.364238060996286e-07,4.265924453735352,4.265914440155029,9.78592834144365e-06,0.0,0.0,-0.0,4469.6259765625,0.0,990.7316284179688,1895.4371337890625,0.0,1596.73046875,0.7762345671653748,1.0,0.0,3.0,1.0,0.0
12333180,297.04498291015625,297.1499938964844,293.1499938964844,0.0,-0.0,285.6292724609375,0.8799524903297424,0.2654359340667724,0.2400225102901458,297.00323486328125,297.1499938964844,293.1499938964844,0.0,-0.0,285.62921142578125,0.9806107878684998,0.3607657551765442,0.3426505923271179,297.01470947265625,297.1499938964844,293.1499938964844,0.0,-0.0,285.62921142578125,0.9654166102409364,0.3432705998420715,0.240896925330162,297.0209655761719,297.1499938964844,293.1499938964844,0.0,-0.0,285.6292419433594,0.938437044620514,0.3172720074653625,0.3016699850559234,297.0659484863281,297.1499938964844,293.1499938964844,0.0,-0.0,285.6293640136719,0.8148995041847229,0.2086629420518875,0.9446019530296326,285.62921142578125,286.6214294433594,292.8020935058594,288.3517150878906,292.8041687011719,297.0660400390625,285.62872314453125,1.0,0.4516156017780304,1.0,1.0,0.0,1.0,-2.4848287105560303,2.484823703765869,4.963058472640114e-06,1.9185868501663208,0.7804497480392456,0.7804497480392456,0.0,77.25435638427734,59.0,20862.310546875,-0.0,1203.0908203125,1.0,283.1499938964844,284.8262023925781,291.3149108886719,292.7625427246094,293.1499938964844,293.1499938964844,283.1499938964844,34843.19140625,30960.0,313.1499938964844,0.0,18000.0,1.0,0.0,0.0,0.0,1.0,0.6909109354019165,1.0,0.0,0.0,2.9734702110290527,2.9734880924224854,5.899572101952799e-07,4.265924453735352,4.265914440155029,9.78592834144365e-06,0.0,0.0,-0.0,4416.81591796875,0.0,895.6522216796875,1895.4371337890625,0.0,1539.775390625,0.7499411702156067,1.0,0.0,3.0,1.0,0.0
12333240,297.04498291015625,297.1499938964844,293.1499938964844,0.0,-0.0,285.6292724609375,0.8799524903297424,0.2654359340667724,0.2400225102901458,297.00323486328125,297.1499938964844,293.1499938964844,0.0,-0.0,285.62921142578125,0.9806107878684998,0.3607657551765442,0.3426505923271179,297.01470947265625,297.1499938964844,293.1499938964844,0.0,-0.0,285.62921142578125,0.9654166102409364,0.3432705998420715,0.240896925330162,297.0209655761719,297.1499938964844,293.1499938964844,0.0,-0.0,285.6292419433594,0.938437044620514,0.3172720074653625,0.3016699850559234,297.0659484863281,297.1499938964844,293.1499938964844,0.0,-0.0,285.6293640136719,0.8148995041847229,0.2086629420518875,0.9446019530296326,285.62921142578125,286.6214294433594,292.8020935058594,288.3517150878906,292.8041687011719,297.0660400390625,285.62872314453125,1.0,0.4516156017780304,1.0,1.0,0.0,1.0,-2.4848287105560303,2.484823703765869,4.963058472640114e-06,1.9185868501663208,0.7804497480392456,0.7804497480392456,0.0,77.25435638427734,59.0,20862.310546875,-0.0,1203.0908203125,1.0,283.1499938964844,284.8262023925781,291.3149108886719,292.7625427246094,293.1499938964844,293.1499938964844,283.1499938964844,34843.19140625,30960.0,313.1499938964844,0.0,18000.0,1.0,0.0,0.0,0.0,1.0,0.6909109354019165,1.0,0.0,0.0,2.9734702110290527,2.9734880924224854,5.899572101952799e-07,4.265924453735352,4.265914440155029,9.78592834144365e-06,0.0,0.0,-0.0,4416.81591796875,0.0,895.6522216796875,1895.4371337890625,0.0,1539.775390625,0.7499411702156067,1.0,0.0,3.0,1.0,0.0
12333300,297.0433044433594,297.1499938964844,293.1499938964844,0.0,-0.0,285.6307983398437,0.8919101357460022,0.2646064758300781,0.2391714304685592,297.0012512207031,297.1499938964844,293.1499938964844,0.0,-0.0,285.6308288574219,0.9914974570274352,0.359643816947937,0.3414837419986725,297.0127868652344,297.1499938964844,293.1499938964844,0.0,-0.0,285.6307983398437,0.9777683615684508,0.3422260582447052,0.2400877028703689,297.0189208984375,297.1499938964844,293.1499938964844,0.0,-0.0,285.6307983398437,0.9524384140968324,0.3162549436092376,0.3006016612052917,297.06451416015625,297.1499938964844,293.1499938964844,0.0,-0.0,285.6307678222656,0.8250143527984619,0.207989901304245,0.9410664439201356,285.6308288574219,286.677490234375,292.7568664550781,288.3163146972656,292.7588806152344,297.0646057128906,285.6307983398437,1.0,0.4482271373271942,1.0,1.0,0.0,1.0,-2.4758989810943604,2.475893974304199,4.927420377498493e-06,1.911663293838501,0.7729251384735107,0.7729251384735107,0.0,73.95912170410156,59.0,20533.72265625,-0.0,1178.585205078125,1.0,283.1499938964844,284.8382873535156,291.2733154296875,292.7002258300781,293.1499938964844,293.1499938964844,283.1499938964844,34286.84375,30960.0,313.1499938964844,0.0,18000.0,1.0,0.0,0.0,0.0,1.0,0.6862989068031311,1.0,0.0,0.0,2.904353141784668,2.9043705463409424,5.628493795484246e-07,4.265924453735352,4.265914440155029,9.78592834144365e-06,0.0,0.0,-0.0,4389.9501953125,0.0,840.8549194335938,1895.4371337890625,0.0,1504.349853515625,0.7368370890617371,1.0,0.0,3.0,1.0,0.0
12333360,297.0415954589844,297.1499938964844,293.1499938964844,0.0,-0.0,285.6310119628906,0.8995147347450256,0.2637635469436645,0.2383562475442886,296.999267578125,297.1499938964844,293.1499938964844,0.0,-0.0,285.6310119628906,0.997694492340088,0.3585063517093658,0.3403508961200714,297.0108642578125,297.1499938964844,293.1499938964844,0.0,-0.0,285.6310119628906,0.9849263429641724,0.3411669731140136,0.2393049150705337,297.016845703125,297.1499938964844,293.1499938964844,0.0,-0.0,285.6310119628906,0.9608421325683594,0.3152206242084503,0.2995656132698059,297.06298828125,297.1499938964844,293.1499938964844,0.0,-0.0,285.6310119628906,0.8313228487968445,0.2072979062795639,0.937674641609192,285.6310119628906,286.7320556640625,292.7128601074219,288.2822570800781,292.7148132324219,297.0630798339844,285.6309509277344,1.0,0.4455556869506836,1.0,1.0,0.0,1.0,-2.467294454574585,2.467289447784424,4.893229743174743e-06,1.9050052165985107,0.7650372385978699,0.7650372385978699,0.0,71.85040283203125,77.0,20237.83984375,-0.0,1159.61669921875,1.0,283.1499938964844,284.8475952148437,291.234375,292.64166259765625,293.1499938964844,293.1499938964844,283.1499938964844,34057.92578125,29880.0,313.1499938964844,0.0,18000.0,1.0,0.0,0.0,0.0,1.0,0.6812488436698914,1.0,0.0,0.0,2.846888542175293,2.846905469894409,5.40797032044793e-07,4.265924453735352,4.265914440155029,9.78592834144365e-06,0.0,0.0,-0.0,4365.90869140625,0.0,798.4287719726562,1895.4371337890625,0.0,1466.031494140625,0.7211284041404724,1.0,0.0,3.0,1.0,0.0
12333420,297.0380554199219,297.1499938964844,293.1499938964844,0.0,-0.0,285.6420593261719,0.8797870874404907,0.2620307803153991,0.2369705140590667,296.9952392578125,297.1499938964844,293.1499938964844,0.0,-0.0,285.64215087890625,0.9804925322532654,0.3561883568763733,0.3383426964282989,297.0069274902344,297.1499938964844,293.1499938964844,0.0,-0.0,285.6421203613281,0.9653687477111816,0.3390058279037475,0.2379302382469177,297.0125732421875,297.1499938964844,293.1499938964844,0.0,-0.0,285.6421203613281,0.9381306767463684,0.3131025433540344,0.2977456450462341,297.05963134765625,297.1499938964844,293.1499938964844,0.0,-0.0,285.6419677734375,0.8146066069602966,0.205856055021286,0.9320579171180724,285.64215087890625,286.8364562988281,292.628662109375,288.21844482421875,292.6305236816406,297.05975341796875,285.642578125,1.0,0.4466934502124786,1.0,1.0,0.0,1.0,-2.4526312351226807,2.4526262283325195,4.835184427065542e-06,1.893626093864441,0.7484866380691528,0.7484866380691528,0.0,75.3191909790039,95.0,19628.029296875,-0.0,1157.09326171875,1.0,283.1499938964844,284.8783264160156,291.16357421875,292.5305480957031,293.1499938964844,293.1499938964844,283.1499938964844,33214.91796875,28800.0,313.1499938964844,0.0,18000.0,1.0,0.0,0.0,0.0,1.0,0.6701774001121521,1.0,0.0,0.0,2.7105908393859863,2.710606575012207,4.902541945739358e-07,4.265924453735352,4.265914440155029,9.78592834144365e-06,0.0,0.0,-0.0,4318.58349609375,0.0,702.1566772460938,1895.4371337890625,0.0,1383.8193359375,0.6902740597724915,1.0,0.0,3.0,1.0,0.0
12333480,297.0380554199219,297.1499938964844,293.1499938964844,0.0,-0.0,285.6420593261719,0.8797870874404907,0.2620307803153991,0.2369705140590667,296.9952392578125,297.1499938964844,293.1499938964844,0.0,-0.0,285.64215087890625,0.9804925322532654,0.3561883568763733,0.3383426964282989,297.0069274902344,297.1499938964844,293.1499938964844,0.0,-0.0,285.6421203613281,0.9653687477111816,0.3390058279037475,0.2379302382469177,297.0125732421875,297.1499938964844,293.1499938964844,0.0,-0.0,285.6421203613281,0.9381306767463684,0.3131025433540344,0.2977456450462341,297.05963134765625,297.1499938964844,293.1499938964844,0.0,-0.0,285.6419677734375,0.8146066069602966,0.205856055021286,0.9320579171180724,285.64215087890625,286.8364562988281,292.628662109375,288.21844482421875,292.6305236816406,297.05975341796875,285.642578125,1.0,0.4466934502124786,1.0,1.0,0.0,1.0,-2.4526312351226807,2.4526262283325195,4.835184427065542e-06,1.893626093864441,0.7484866380691528,0.7484866380691528,0.0,75.3191909790039,95.0,19628.029296875,-0.0,1157.09326171875,1.0,283.1499938964844,284.8783264160156,291.16357421875,292.5305480957031,293.1499938964844,293.1499938964844,283.1499938964844,33214.91796875,28800.0,313.1499938964844,0.0,18000.0,1.0,0.0,0.0,0.0,1.0,0.6701774001121521,1.0,0.0,0.0,2.7105908393859863,2.710606575012207,4.902541945739358e-07,4.265924453735352,4.265914440155029,9.78592834144365e-06,0.0,0.0,-0.0,4318.58349609375,0.0,702.1566772460938,1895.4371337890625,0.0,1383.8193359375,0.6902740597724915,1.0,0.0,3.0,1.0,0.0
12333540,297.0342102050781,297.1499938964844,293.1499938964844,0.0,-0.0,285.6624450683594,0.8443787097930908,0.2602261006832123,0.2357297390699386,296.9911193847656,297.1499938964844,293.1499938964844,0.0,-0.0,285.66259765625,0.9392588138580322,0.3538108766078949,0.3364981412887573,297.0028686523437,297.1499938964844,293.1499938964844,0.0,-0.0,285.6625671386719,0.9216023683547974,0.3367829620838165,0.2366750538349151,297.0081787109375,297.1499938964844,293.1499938964844,0.0,-0.0,285.6625366210937,0.8955191373825073,0.3109148144721985,0.2960802316665649,297.05584716796875,297.1499938964844,293.1499938964844,0.0,-0.0,285.6622619628906,0.7809212803840637,0.2043287605047226,0.9271088242530824,285.66259765625,286.9339904785156,292.54998779296875,288.1607971191406,292.5517578125,297.05596923828125,285.6635131835937,1.0,0.4520106911659241,1.0,1.0,0.0,1.0,-2.4394688606262207,2.4394640922546387,4.783406438946258e-06,1.8834233283996584,0.7310166954994202,0.7310166954994202,0.0,84.45692443847656,113.0,19033.720703125,-0.0,1179.87646484375,1.0,283.1499938964844,284.91876220703125,291.1025695800781,292.4302673339844,293.1499938964844,293.1499938964844,283.1499938964844,32313.640625,27720.0,313.1499938964844,0.0,18000.0,1.0,0.0,0.0,0.0,1.0,0.6584638953208923,1.0,0.0,0.0,2.5666420459747314,2.5666565895080566,4.395658947942138e-07,4.265924453735352,4.265914440155029,9.78592834144365e-06,0.0,0.0,-0.0,4274.76904296875,0.0,609.4520263671875,1895.4371337890625,0.0,1299.654296875,0.6578654646873474,1.0,0.0,3.0,1.0,0.0
12333600,297.0342102050781,297.1499938964844,293.1499938964844,0.0,-0.0,285.6624450683594,0.8443787097930908,0.2602261006832123,0.2357297390699386,296.9911193847656,297.1499938964844,293.1499938964844,0.0,-0.0,285.66259765625,0.9392588138580322,0.3538108766078949,0.3364981412887573,297.0028686523437,297.1499938964844,293.1499938964844,0.0,-0.0,285.6625671386719,0.9216023683547974,0.3367829620838165,0.2366750538349151,297.0081787109375,297.1499938964844,293.1499938964844,0.0,-0.0,285.6625366210937,0.8955191373825073,0.3109148144721985,0.2960802316665649,297.05584716796875,297.1499938964844,293.1499938964844,0.0,-0.0,285.6622619628906,0.7809212803840637,0.2043287605047226,0.9271088242530824,285.66259765625,286.9339904785156,292.54998779296875,288.1607971191406,292.5517578125,297.05596923828125,285.6635131835937,1.0,0.4520106911659241,1.0,1.0,0.0,1.0,-2.4394688606262207,2.4394640922546387,4.783406438946258e-06,1.8834233283996584,0.7310166954994202,0.7310166954994202,0.0,84.45692443847656,113.0,19033.720703125,-0.0,1179.87646484375,1.0,283.1499938964844,284.91876220703125,291.1025695800781,292.4302673339844,293.1499938964844,293.1499938964844,283.1499938964844,32313.640625,27720.0,313.1499938964844,0.0,18000.0,1.0,0.0,0.0,0.0,1.0,0.6584638953208923,1.0,0.0,0.0,2.5666420459747314,2.5666565895080566,4.395658947942138e-07,4.265924453735352,4.265914440155029,9.78592834144365e-06,0.0,0.0,-0.0,4274.76904296875,0.0,609.4520263671875,1895.4371337890625,0.0,1299.654296875,0.6578654646873474,1.0,0.0,3.0,1.0,0.0
12333660,297.03045654296875,297.1499938964844,293.1499938964844,0.0,-0.0,285.6917724609375,0.8101589679718018,0.2583764195442199,0.234570175409317,296.9871520996094,297.1499938964844,293.1499938964844,0.0,-0.0,285.6919860839844,0.8943622708320618,0.3513961136341095,0.3347476422786712,296.9989624023437,297.1499938964844,293.1499938964844,0.0,-0.0,285.69195556640625,0.8795801997184753,0.3345219194889068,0.2354884594678878,297.0038452148437,297.1499938964844,293.1499938964844,0.0,-0.0,285.69189453125,0.856550931930542,0.3086787164211273,0.2944985330104828,297.0518798828125,297.1499938964844,293.1499938964844,0.0,-0.0,285.6915283203125,0.7476431131362915,0.2027350813150406,0.9224771857261658,285.6919860839844,287.0279235839844,292.4742431640625,288.1092529296875,292.4760131835937,297.052001953125,285.6932983398437,1.0,0.4599067866802215,1.0,1.0,0.0,1.0,-2.427081823348999,2.427077054977417,4.734933554573217e-06,1.8738173246383667,0.7127808332443237,0.7127808332443237,0.0,97.0373077392578,131.0,18491.162109375,-0.0,1217.5384521484375,1.0,283.1499938964844,284.97369384765625,291.051025390625,292.342529296875,293.1499938964844,293.1499938964844,283.1499938964844,31354.84375,26640.0,313.1499938964844,0.0,18000.0,1.0,0.0,0.0,0.0,1.0,0.6467312574386597,1.0,0.0,0.0,2.417116641998291,2.4171299934387207,3.898419720371749e-07,4.265924453735352,4.265914440155029,9.78592834144365e-06,0.0,0.0,-0.0,4236.302734375,0.0,522.382568359375,1895.4371337890625,0.0,1218.4219970703125,0.6243925094604492,1.0,0.0,3.0,1.0,0.0
12333720,297.03045654296875,297.1499938964844,293.1499938964844,0.0,-0.0,285.6917724609375,0.8101589679718018,0.2583764195442199,0.234570175409317,296.9871520996094,297.1499938964844,293.1499938964844,0.0,-0.0,285.6919860839844,0.8943622708320618,0.3513961136341095,0.3347476422786712,296.9989624023437,297.1499938964844,293.1499938964844,0.0,-0.0,285.69195556640625,0.8795801997184753,0.3345219194889068,0.2354884594678878,297.0038452148437,297.1499938964844,293.1499938964844,0.0,-0.0,285.69189453125,0.856550931930542,0.3086787164211273,0.2944985330104828,297.0518798828125,297.1499938964844,293.1499938964844,0.0,-0.0,285.6915283203125,0.7476431131362915,0.2027350813150406,0.9224771857261658,285.6919860839844,287.0279235839844,292.4742431640625,288.1092529296875,292.4760131835937,297.052001953125,285.6932983398437,1.0,0.4599067866802215,1.0,1.0,0.0,1.0,-2.427081823348999,2.427077054977417,4.734933554573217e-06,1.8738173246383667,0.7127808332443237,0.7127808332443237,0.0,97.0373077392578,131.0,18491.162109375,-0.0,1217.5384521484375,1.0,283.1499938964844,284.97369384765625,291.051025390625,292.342529296875,293.1499938964844,293.1499938964844,283.1499938964844,31354.84375,26640.0,313.1499938964844,0.0,18000.0,1.0,0.0,0.0,0.0,1.0,0.6467312574386597,1.0,0.0,0.0,2.417116641998291,2.4171299934387207,3.898419720371749e-07,4.265924453735352,4.265914440155029,9.78592834144365e-06,0.0,0.0,-0.0,4236.302734375,0.0,522.382568359375,1895.4371337890625,0.0,1218.4219970703125,0.6243925094604492,1.0,0.0,3.0,1.0,0.0
12333780,297.02691650390625,297.1499938964844,293.1499938964844,0.0,-0.0,285.7294616699219,0.7775021195411682,0.2565043270587921,0.2334662228822708,296.9834899902344,297.1499938964844,293.1499938964844,0.0,-0.0,285.7297668457031,0.8585821390151978,0.3489627540111542,0.3330601155757904,296.9953308105469,297.1499938964844,293.1499938964844,0.0,-0.0,285.7297058105469,0.845213770866394,0.3322424292564392,0.2343483120203018,296.999755859375,297.1499938964844,293.1499938964844,0.0,-0.0,285.7296447753906,0.8243761658668518,0.3064130544662475,0.2929694652557373,297.0479736328125,297.1499938964844,293.1499938964844,0.0,-0.0,285.7291564941406,0.7200790643692017,0.2010950595140457,0.9180183410644532,285.7297668457031,287.12188720703125,292.3984680175781,288.06317138671875,292.4002380371094,297.048095703125,285.73150634765625,1.0,0.4693466424942016,1.0,1.0,0.0,1.0,-2.4151644706726074,2.4151597023010254,4.688533863372868e-06,1.8645727634429927,0.6938510537147522,0.6938510537147522,0.0,111.79011535644533,119.0,17938.564453125,-0.0,1264.29345703125,1.0,283.1499938964844,285.0378723144531,291.00616455078125,292.2626647949219,293.1499938964844,293.1499938964844,283.1499938964844,30343.8359375,25560.0,313.1499938964844,0.0,18000.0,1.0,0.0,0.0,0.0,1.0,0.635307252407074,1.0,0.0,0.0,2.263803720474243,2.2638158798217773,3.419565643980605e-07,4.265924453735352,4.265914440155029,9.78592834144365e-06,0.0,0.0,-0.0,4199.38671875,0.0,442.3338317871094,1895.4371337890625,0.0,1142.445068359375,0.5902912616729736,1.0,0.0,3.0,1.0,0.0
12333840,297.02691650390625,297.1499938964844,293.1499938964844,0.0,-0.0,285.7294616699219,0.7775021195411682,0.2565043270587921,0.2334662228822708,296.9834899902344,297.1499938964844,293.1499938964844,0.0,-0.0,285.7297668457031,0.8585821390151978,0.3489627540111542,0.3330601155757904,296.9953308105469,297.1499938964844,293.1499938964844,0.0,-0.0,285.7297058105469,0.845213770866394,0.3322424292564392,0.2343483120203018,296.999755859375,297.1499938964844,293.1499938964844,0.0,-0.0,285.7296447753906,0.8243761658668518,0.3064130544662475,0.2929694652557373,297.0479736328125,297.1499938964844,293.1499938964844,0.0,-0.0,285.7291564941406,0.7200790643692017,0.2010950595140457,0.9180183410644532,285.7297668457031,287.12188720703125,292.3984680175781,288.06317138671875,292.4002380371094,297.048095703125,285.73150634765625,1.0,0.4693466424942016,1.0,1.0,0.0,1.0,-2.4151644706726074,2.4151597023010254,4.688533863372868e-06,1.8645727634429927,0.6938510537147522,0.6938510537147522,0.0,111.79011535644533,119.0,17938.564453125,-0.0,1264.29345703125,1.0,283.1499938964844,285.0378723144531,291.00616455078125,292.2626647949219,293.1499938964844,293.1499938964844,283.1499938964844,30343.8359375,25560.0,313.1499938964844,0.0,18000.0,1.0,0.0,0.0,0.0,1.0,0.635307252407074,1.0,0.0,0.0,2.263803720474243,2.2638158798217773,3.419565643980605e-07,4.265924453735352,4.265914440155029,9.78592834144365e-06,0.0,0.0,-0.0,4199.38671875,0.0,442.3338317871094,1895.4371337890625,0.0,1142.445068359375,0.5902912616729736,1.0,0.0,3.0,1.0,0.0
12333900,297.025390625,297.1499938964844,293.1499938964844,0.0,-0.0,285.7532958984375,0.7700709700584412,0.2555736899375915,0.2327704727649688,296.9818725585937,297.1499938964844,293.1499938964844,0.0,-0.0,285.753662109375,0.8506767153739929,0.3477483689785003,0.3320648074150085,296.9937438964844,297.1499938964844,293.1499938964844,0.0,-0.0,285.75360107421875,0.8376800417900085,0.3311065435409546,0.2336666584014892,296.9978942871094,297.1499938964844,293.1499938964844,0.0,-0.0,285.7535095214844,0.8170321583747864,0.3052783608436584,0.2920496165752411,297.0461120605469,297.1499938964844,293.1499938964844,0.0,-0.0,285.7528991699219,0.7134509682655334,0.200267419219017,0.9150272011756896,285.7536926269531,287.1688842773437,292.360595703125,288.04205322265625,292.36236572265625,297.0462341308594,285.755859375,1.0,0.4704454839229584,1.0,1.0,0.0,1.0,-2.407618999481201,2.4076144695281982,4.659363639802905e-06,1.858764886856079,0.6841849684715271,0.6841849684715271,0.0,115.36856079101562,119.0,17633.982421875,-0.0,1270.00537109375,1.0,283.1499938964844,285.07635498046875,290.98492431640625,292.2230834960937,293.1499938964844,293.1499938964844,283.1499938964844,29633.767578125,25560.0,313.1499938964844,0.0,18000.0,1.0,0.0,0.0,0.0,1.0,0.6295985579490662,1.0,0.0,0.0,2.1796071529388428,2.17961859703064,3.169930948843103e-07,4.265924453735352,4.265914440155029,9.78592834144365e-06,0.0,0.0,-0.0,4179.8935546875,0.0,401.5166931152344,1895.4371337890625,0.0,1105.681640625,0.5742171406745911,1.0,0.0,3.0,1.0,0.0
12333960,297.02423095703125,297.1499938964844,293.1499938964844,0.0,-0.0,285.77398681640625,0.7667680382728577,0.2546712160110473,0.2320072054862976,296.98052978515625,297.1499938964844,293.1499938964844,0.0,-0.0,285.7743225097656,0.8471903204917908,0.3465529382228851,0.3309915065765381,296.99249267578125,297.1499938964844,293.1499938964844,0.0,-0.0,285.7742919921875,0.834357738494873,0.3299926817417145,0.2329293489456176,296.9963073730469,297.1499938964844,293.1499938964844,0.0,-0.0,285.7742004394531,0.8136581778526306,0.3041602969169616,0.291049063205719,297.0445556640625,297.1499938964844,293.1499938964844,0.0,-0.0,285.77362060546875,0.710276186466217,0.1994546055793762,0.9116365909576416,285.7743530273437,287.2158508300781,292.3226928710937,288.0221252441406,292.324462890625,297.0446472167969,285.7763366699219,1.0,0.4701156914234161,1.0,1.0,0.0,1.0,-2.399252414703369,2.399247884750366,4.627052021533018e-06,1.8522834777832031,0.6743115782737732,0.6743115782737732,0.0,116.58660888671876,107.0,17355.384765625,-0.0,1265.0458984375,1.0,283.1499938964844,285.1099853515625,290.96484375,292.1858825683594,293.1499938964844,293.1499938964844,283.1499938964844,29280.974609375,24480.0,313.1499938964844,0.0,18000.0,1.0,0.0,0.0,0.0,1.0,0.6238610148429871,1.0,0.0,0.0,2.108553171157837,2.1085643768310547,2.966624208511348e-07,4.265924453735352,4.265914440155029,9.78592834144365e-06,0.0,0.0,-0.0,4162.48486328125,0.0,370.2052612304688,1895.4371337890625,0.0,1069.567626953125,0.5559993982315063,1.0,0.0,3.0,1.0,0.0
12334020,297.02313232421875,297.1499938964844,293.1499938964844,0.0,-0.0,285.8254699707031,0.7672914266586304,0.2529663741588592,0.2303988188505172,296.9788818359375,297.1499938964844,293.1499938964844,0.0,-0.0,285.82586669921875,0.8477749228477478,0.3442362248897552,0.328733742237091,296.99102783203125,297.1499938964844,293.1499938964844,0.0,-0.0,285.8258361816406,0.8349619507789612,0.3278477489948272,0.2313786149024963,296.994140625,297.1499938964844,293.1499938964844,0.0,-0.0,285.8257141113281,0.8141010403633118,0.301991730928421,0.2889308035373688,297.0423583984375,297.1499938964844,293.1499938964844,0.0,-0.0,285.8250427246094,0.7104964852333069,0.197894737124443,0.904289722442627,285.8258972167969,287.309814453125,292.2469482421875,287.9857177734375,292.24871826171875,297.0423889160156,285.82830810546875,1.0,0.4661962389945984,1.0,1.0,0.0,1.0,-2.3813748359680176,2.381370306015014,4.558366072160425e-06,1.838415265083313,0.6542525887489319,0.6542525887489319,0.0,114.62037658691406,95.0,16748.544921875,-0.0,1235.9871826171875,1.0,283.1499938964844,285.19049072265625,290.9258117675781,292.1098937988281,293.1499938964844,293.1499938964844,283.1499938964844,28166.6015625,23400.0,313.1499938964844,0.0,18000.0,1.0,0.0,0.0,0.0,1.0,0.6118804812431335,1.0,0.0,0.0,1.9531852006912231,1.953195333480835,2.545541804011009e-07,4.265924453735352,4.265914440155029,9.78592834144365e-06,0.0,0.0,-0.0,4125.39794921875,0.0,306.4303283691406,1895.4371337890625,0.0,996.9446411132812,0.5219436883926392,1.0,0.0,3.0,1.0,0.0
12334080,297.02313232421875,297.1499938964844,293.1499938964844,0.0,-0.0,285.8254699707031,0.7672914266586304,0.2529663741588592,0.2303988188505172,296.9788818359375,297.1499938964844,293.1499938964844,0.0,-0.0,285.82586669921875,0.8477749228477478,0.3442362248897552,0.328733742237091,296.99102783203125,297.1499938964844,293.1499938964844,0.0,-0.0,285.8258361816406,0.8349619507789612,0.3278477489948272,0.2313786149024963,296.994140625,297.1499938964844,293.1499938964844,0.0,-0.0,285.8257141113281,0.8141010403633118,0.301991730928421,0.2889308035373688,297.0423583984375,297.1499938964844,293.1499938964844,0.0,-0.0,285.8250427246094,0.7104964852333069,0.197894737124443,0.904289722442627,285.8258972167969,287.309814453125,292.2469482421875,287.9857177734375,292.24871826171875,297.0423889160156,285.82830810546875,1.0,0.4661962389945984,1.0,1.0,0.0,1.0,-2.3813748359680176,2.381370306015014,4.558366072160425e-06,1.838415265083313,0.6542525887489319,0.6542525887489319,0.0,114.62037658691406,95.0,16748.544921875,-0.0,1235.9871826171875,1.0,283.1499938964844,285.19049072265625,290.9258117675781,292.1098937988281,293.1499938964844,293.1499938964844,283.1499938964844,28166.6015625,23400.0,313.1499938964844,0.0,18000.0,1.0,0.0,0.0,0.0,1.0,0.6118804812431335,1.0,0.0,0.0,1.9531852006912231,1.953195333480835,2.545541804011009e-07,4.265924453735352,4.265914440155029,9.78592834144365e-06,0.0,0.0,-0.0,4125.39794921875,0.0,306.4303283691406,1895.4371337890625,0.0,996.9446411132812,0.5219436883926392,1.0,0.0,3.0,1.0,0.0
12334140,297.0235290527344,297.1499938964844,293.1499938964844,0.0,-0.0,285.8851623535156,0.7746843695640564,0.2513962090015411,0.2287650555372238,296.9784851074219,297.1499938964844,293.1499938964844,0.0,-0.0,285.8856506347656,0.8556377291679382,0.3420278429985046,0.3264217376708984,296.99090576171875,297.1499938964844,293.1499938964844,0.0,-0.0,285.8855895996094,0.8425383567810059,0.3258204758167267,0.2297948002815246,296.99322509765625,297.1499938964844,293.1499938964844,0.0,-0.0,285.8854675292969,0.8213449120521545,0.2999225854873657,0.2867501080036163,297.0414123535156,297.1499938964844,293.1499938964844,0.0,-0.0,285.8846740722656,0.7168963551521301,0.1964353919029235,0.8966497182846069,285.8856811523437,287.4036865234375,292.17120361328125,287.9534912109375,292.1730041503906,297.0414428710937,285.88848876953125,1.0,0.4593710601329803,1.0,1.0,0.0,1.0,-2.3629343509674072,2.3629298210144043,4.4880493987875525e-06,1.824094533920288,0.6337940096855164,0.6337940096855164,0.0,108.74137115478516,83.0,16124.494140625,-0.0,1190.910888671875,1.0,283.1499938964844,285.2804260253906,290.8897399902344,292.0355834960937,293.1499938964844,293.1499938964844,283.1499938964844,27000.212890625,22320.0,313.1499938964844,0.0,18000.0,1.0,0.0,0.0,0.0,1.0,0.599107563495636,1.0,0.0,0.0,1.7996618747711182,1.799670934677124,2.161101946285271e-07,4.265924453735352,4.265914440155029,9.78592834144365e-06,0.0,0.0,-0.0,4088.7138671875,0.0,251.0933074951172,1895.4371337890625,0.0,923.8426513671876,0.4885598123073578,1.0,0.0,3.0,1.0,0.0
12334200,297.0235290527344,297.1499938964844,293.1499938964844,0.0,-0.0,285.8851623535156,0.7746843695640564,0.2513962090015411,0.2287650555372238,296.9784851074219,297.1499938964844,293.1499938964844,0.0,-0.0,285.8856506347656,0.8556377291679382,0.3420278429985046,0.3264217376708984,296.99090576171875,297.1499938964844,293.1499938964844,0.0,-0.0,285.8855895996094,0.8425383567810059,0.3258204758167267,0.2297948002815246,296.99322509765625,297.1499938964844,293.1499938964844,0.0,-0.0,285.8854675292969,0.8213449120521545,0.2999225854873657,0.2867501080036163,297.0414123535156,297.1499938964844,293.1499938964844,0.0,-0.0,285.8846740722656,0.7168963551521301,0.1964353919029235,0.8966497182846069,285.8856811523437,287.4036865234375,292.17120361328125,287.9534912109375,292.1730041503906,297.0414428710937,285.88848876953125,1.0,0.4593710601329803,1.0,1.0,0.0,1.0,-2.3629343509674072,2.3629298210144043,4.4880493987875525e-06,1.824094533920288,0.6337940096855164,0.6337940096855164,0.0,108.74137115478516,83.0,16124.494140625,-0.0,1190.910888671875,1.0,283.1499938964844,285.2804260253906,290.8897399902344,292.0355834960937,293.1499938964844,293.1499938964844,283.1499938964844,27000.212890625,22320.0,313.1499938964844,0.0,18000.0,1.0,0.0,0.0,0.0,1.0,0.599107563495636,1.0,0.0,0.0,1.7996618747711182,1.799670934677124,2.161101946285271e-07,4.265924453735352,4.265914440155029,9.78592834144365e-06,0.0,0.0,-0.0,4088.7138671875,0.0,251.0933074951172,1895.4371337890625,0.0,923.8426513671876,0.4885598123073578,1.0,0.0,3.0,1.0,0.0
12334260,297.02508544921875,297.1499938964844,293.1499938964844,0.0,-0.0,285.9533386230469,0.7878270745277405,0.249952957034111,0.2271585762500763,296.9792175292969,297.1499938964844,293.1499938964844,0.0,-0.0,285.9538879394531,0.8697188496589661,0.3399289846420288,0.32411989569664,296.991943359375,297.1499938964844,293.1499938964844,0.0,-0.0,285.95379638671875,0.8560605645179749,0.3239099383354187,0.2282238453626632,296.9933776855469,297.1499938964844,293.1499938964844,0.0,-0.0,285.95367431640625,0.8338950872421265,0.2979534268379211,0.2845708429813385,297.0415954589844,297.1499938964844,293.1499938964844,0.0,-0.0,285.9527587890625,0.7277197241783142,0.1950772851705551,0.8890240788459778,285.95391845703125,287.4975280761719,292.0955505371094,287.925048828125,292.09735107421875,297.0415954589844,285.9571533203125,1.0,0.4507546722888946,1.0,1.0,0.0,1.0,-2.3445730209350586,2.344568490982056,4.41858401245554e-06,1.809824824333191,0.613052248954773,0.613052248954773,0.0,100.51365661621094,71.0,15485.625,-0.0,1137.1888427734375,1.0,283.1499938964844,285.3798828125,290.8572998046875,291.96392822265625,293.1499938964844,293.1499938964844,283.1499938964844,25785.51171875,21240.0,313.1499938964844,0.0,18000.0,1.0,0.0,0.0,0.0,1.0,0.5855205655097961,1.0,0.0,0.0,1.6498863697052002,1.6498944759368896,1.8163579795782425e-07,4.265924453735352,4.265914440155029,9.78592834144365e-06,0.0,0.0,-0.0,4052.750732421875,0.0,203.93359375,1895.4371337890625,0.0,851.3566284179688,0.4562574326992035,1.0,0.0,3.0,1.0,0.0
12334320,297.02508544921875,297.1499938964844,293.1499938964844,0.0,-0.0,285.9533386230469,0.7878270745277405,0.249952957034111,0.2271585762500763,296.9792175292969,297.1499938964844,293.1499938964844,0.0,-0.0,285.9538879394531,0.8697188496589661,0.3399289846420288,0.32411989569664,296.991943359375,297.1499938964844,293.1499938964844,0.0,-0.0,285.95379638671875,0.8560605645179749,0.3239099383354187,0.2282238453626632,296.9933776855469,297.1499938964844,293.1499938964844,0.0,-0.0,285.95367431640625,0.8338950872421265,0.2979534268379211,0.2845708429813385,297.0415954589844,297.1499938964844,293.1499938964844,0.0,-0.0,285.9527587890625,0.7277197241783142,0.1950772851705551,0.8890240788459778,285.95391845703125,287.4975280761719,292.0955505371094,287.925048828125,292.09735107421875,297.0415954589844,285.9571533203125,1.0,0.4507546722888946,1.0,1.0,0.0,1.0,-2.3445730209350586,2.344568490982056,4.41858401245554e-06,1.809824824333191,0.613052248954773,0.613052248954773,0.0,100.51365661621094,71.0,15485.625,-0.0,1137.1888427734375,1.0,283.1499938964844,285.3798828125,290.8572998046875,291.96392822265625,293.1499938964844,293.1499938964844,283.1499938964844,25785.51171875,21240.0,313.1499938964844,0.0,18000.0,1.0,0.0,0.0,0.0,1.0,0.5855205655097961,1.0,0.0,0.0,1.6498863697052002,1.6498944759368896,1.8163579795782425e-07,4.265924453735352,4.265914440155029,9.78592834144365e-06,0.0,0.0,-0.0,4052.750732421875,0.0,203.93359375,1895.4371337890625,0.0,851.3566284179688,0.4562574326992035,1.0,0.0,3.0,1.0,0.0
12334380,297.02764892578125,297.1499938964844,293.1499938964844,0.0,-0.0,286.02984619140625,0.8067881464958191,0.2486270517110824,0.2256060689687729,296.9809265136719,297.1499938964844,293.1499938964844,0.0,-0.0,286.03045654296875,0.8904405832290649,0.3379366397857666,0.3218629658222198,296.99395751953125,297.1499938964844,293.1499938964844,0.0,-0.0,286.0303955078125,0.8761153817176819,0.3221116364002228,0.2266903519630432,296.9944763183594,297.1499938964844,293.1499938964844,0.0,-0.0,286.0302429199219,0.852267861366272,0.2960804104804992,0.2824270725250244,297.0426940917969,297.1499938964844,293.1499938964844,0.0,-0.0,286.0292053222656,0.7431849241256714,0.1938149034976959,0.8815684914588928,286.030517578125,287.5912475585937,292.0199584960937,287.8999938964844,292.02178955078125,297.04266357421875,286.0341796875,1.0,0.4410107135772705,1.0,1.0,0.0,1.0,-2.326622486114502,2.326618194580078,4.351207280706149e-06,1.7958660125732422,0.5921396613121033,0.5921396613121033,0.0,90.88557434082033,59.0,14833.5322265625,-0.0,1079.1507568359375,1.0,283.1499938964844,285.4886474609375,290.8285827636719,291.89532470703125,293.1499938964844,293.1499938964844,283.1499938964844,24529.76953125,20160.0,313.1499938964844,0.0,18000.0,1.0,0.0,0.0,0.0,1.0,0.5711961388587952,1.0,0.0,0.0,1.5055869817733765,1.505594253540039,1.512533884806544e-07,4.265924453735352,4.265914440155029,9.78592834144365e-06,0.0,0.0,-0.0,4017.640625,0.0,164.40480041503906,1895.4371337890625,0.0,780.7752075195312,0.425388753414154,1.0,0.0,3.0,1.0,0.0
12334440,297.02764892578125,297.1499938964844,293.1499938964844,0.0,-0.0,286.02984619140625,0.8067881464958191,0.2486270517110824,0.2256060689687729,296.9809265136719,297.1499938964844,293.1499938964844,0.0,-0.0,286.03045654296875,0.8904405832290649,0.3379366397857666,0.3218629658222198,296.99395751953125,297.1499938964844,293.1499938964844,0.0,-0.0,286.0303955078125,0.8761153817176819,0.3221116364002228,0.2266903519630432,296.9944763183594,297.1499938964844,293.1499938964844,0.0,-0.0,286.0302429199219,0.852267861366272,0.2960804104804992,0.2824270725250244,297.0426940917969,297.1499938964844,293.1499938964844,0.0,-0.0,286.0292053222656,0.7431849241256714,0.1938149034976959,0.8815684914588928,286.030517578125,287.5912475585937,292.0199584960937,287.8999938964844,292.02178955078125,297.04266357421875,286.0341796875,1.0,0.4410107135772705,1.0,1.0,0.0,1.0,-2.326622486114502,2.326618194580078,4.351207280706149e-06,1.7958660125732422,0.5921396613121033,0.5921396613121033,0.0,90.88557434082033,59.0,14833.5322265625,-0.0,1079.1507568359375,1.0,283.1499938964844,285.4886474609375,290.8285827636719,291.89532470703125,293.1499938964844,293.1499938964844,283.1499938964844,24529.76953125,20160.0,313.1499938964844,0.0,18000.0,1.0,0.0,0.0,0.0,1.0,0.5711961388587952,1.0,0.0,0.0,1.5055869817733765,1.505594253540039,1.512533884806544e-07,4.265924453735352,4.265914440155029,9.78592834144365e-06,0.0,0.0,-0.0,4017.640625,0.0,164.40480041503906,1895.4371337890625,0.0,780.7752075195312,0.425388753414154,1.0,0.0,3.0,1.0,0.0
12334500,297.0292053222656,297.1499938964844,293.1499938964844,0.0,-0.0,286.075439453125,0.8181431293487549,0.2480065673589706,0.2248527109622955,296.9820861816406,297.1499938964844,293.1499938964844,0.0,-0.0,286.07623291015625,0.9036816954612732,0.3369801342487335,0.3207558691501617,296.99530029296875,297.1499938964844,293.1499938964844,0.0,-0.0,286.0761413574219,0.8890824913978577,0.321254163980484,0.2259405851364135,296.9953308105469,297.1499938964844,293.1499938964844,0.0,-0.0,286.075927734375,0.8642823100090027,0.2951792776584625,0.2813729345798492,297.0435485839844,297.1499938964844,293.1499938964844,0.0,-0.0,286.0745849609375,0.7532615661621094,0.193217933177948,0.8779252171516418,286.0762939453125,287.6380615234375,291.9822082519531,287.8886108398437,291.9840393066406,297.0434875488281,286.08111572265625,1.0,0.4358458817005157,1.0,1.0,0.0,1.0,-2.317843675613404,2.3178393840789795,4.318449555285042e-06,1.7890366315841677,0.5817122459411621,0.5817122459411621,0.0,85.73555755615234,59.0,14496.966796875,-0.0,1049.3333740234375,1.0,283.1499938964844,285.5516662597656,290.815185546875,291.8607482910156,293.1499938964844,293.1499938964844,283.1499938964844,23689.171875,20160.0,313.1499938964844,0.0,18000.0,1.0,0.0,0.0,0.0,1.0,0.5637613534927368,1.0,0.0,0.0,1.430025935173035,1.4300328493118286,1.364524138125489e-07,4.265924453735352,4.265914440155029,9.78592834144365e-06,0.0,0.0,-0.0,3999.168701171875,0.0,145.445556640625,1895.4371337890625,0.0,746.390380859375,0.4117174744606018,1.0,0.0,3.0,1.0,0.0
12334560,297.03106689453125,297.1499938964844,293.1499938964844,0.0,-0.0,286.1195678710937,0.8309524655342102,0.2474226504564285,0.2241259813308715,296.9835205078125,297.1499938964844,293.1499938964844,0.0,-0.0,286.1203308105469,0.9205401539802552,0.3360580801963806,0.319674402475357,296.9969177246094,297.1499938964844,293.1499938964844,0.0,-0.0,286.1202087402344,0.9044511318206788,0.320433109998703,0.2252112627029419,296.9964599609375,297.1499938964844,293.1499938964844,0.0,-0.0,286.1200256347656,0.8787621855735779,0.2943087816238403,0.2803408503532409,297.04461669921875,297.1499938964844,293.1499938964844,0.0,-0.0,286.1187744140625,0.7654818892478943,0.1926483064889907,0.8743716478347778,286.120361328125,287.6848449707031,291.9444885253906,287.8779296875,291.9463195800781,297.0445251464844,286.1248474121094,1.0,0.4305354654788971,1.0,1.0,0.0,1.0,-2.309286594390869,2.3092823028564453,4.286639523343183e-06,1.782377004623413,0.571256697177887,0.571256697177887,0.0,80.4193115234375,47.0,14211.2978515625,-0.0,1019.3112182617188,1.0,283.1499938964844,285.6111755371094,290.8037414550781,291.8309631347656,293.1499938964844,293.1499938964844,283.1499938964844,23238.3671875,19080.0,313.1499938964844,0.0,18000.0,1.0,0.0,0.0,0.0,1.0,0.556289553642273,1.0,0.0,0.0,1.3684061765670776,1.3684128522872925,1.2494632528614602e-07,4.265924453735352,4.265914440155029,9.78592834144365e-06,0.0,0.0,-0.0,3984.79931640625,0.0,131.7810821533203,1895.4371337890625,0.0,713.3186645507812,0.3962472379207611,1.0,0.0,3.0,1.0,0.0
12334620,297.0354309082031,297.1499938964844,293.1499938964844,0.0,-0.0,286.2206726074219,0.8652525544166565,0.2463595122098922,0.2227505594491958,296.9871520996094,297.1499938964844,293.1499938964844,0.0,-0.0,286.22149658203125,0.9647847414016724,0.3343150019645691,0.3175894021987915,297.0009155273437,297.1499938964844,293.1499938964844,0.0,-0.0,286.2214050292969,0.948833465576172,0.3188968598842621,0.2238136231899261,296.9993591308594,297.1499938964844,293.1499938964844,0.0,-0.0,286.22119140625,0.9183370471000672,0.2926572859287262,0.2783441543579101,297.0473327636719,297.1499938964844,293.1499938964844,0.0,-0.0,286.21978759765625,0.798581063747406,0.1915886253118515,0.8675453066825867,286.2215576171875,287.7783203125,291.8691101074219,287.8584289550781,291.8709411621094,297.0472412109375,286.2264404296875,1.0,0.4195768237113952,1.0,1.0,0.0,1.0,-2.292851448059082,2.292847156524658,4.225883003527997e-06,1.7695814371109009,0.5505673885345459,0.5505673885345459,0.0,69.43074798583984,35.0,13592.6689453125,-0.0,959.2098999023438,1.0,283.1499938964844,285.7455444335937,290.7836608886719,291.77276611328125,293.1499938964844,293.1499938964844,283.1499938964844,21924.080078125,18000.0,313.1499938964844,0.0,18000.0,1.0,0.0,0.0,0.0,1.0,0.5412765145301819,1.0,0.0,0.0,1.2398072481155396,1.2398130893707275,1.025656004571829e-07,4.265924453735352,4.265914440155029,9.78592834144365e-06,0.0,0.0,-0.0,3954.14794921875,0.0,105.2486343383789,1895.4371337890625,0.0,651.1650390625,0.3690609931945801,1.0,0.0,3.0,1.0,0.0
12334680,297.0354309082031,297.1499938964844,293.1499938964844,0.0,-0.0,286.2206726074219,0.8652525544166565,0.2463595122098922,0.2227505594491958,296.9871520996094,297.1499938964844,293.1499938964844,0.0,-0.0,286.22149658203125,0.9647847414016724,0.3343150019645691,0.3175894021987915,297.0009155273437,297.1499938964844,293.1499938964844,0.0,-0.0,286.2214050292969,0.948833465576172,0.3188968598842621,0.2238136231899261,296.9993591308594,297.1499938964844,293.1499938964844,0.0,-0.0,286.22119140625,0.9183370471000672,0.2926572859287262,0.2783441543579101,297.0473327636719,297.1499938964844,293.1499938964844,0.0,-0.0,286.21978759765625,0.798581063747406,0.1915886253118515,0.8675453066825867,286.2215576171875,287.7783203125,291.8691101074219,287.8584289550781,291.8709411621094,297.0472412109375,286.2264404296875,1.0,0.4195768237113952,1.0,1.0,0.0,1.0,-2.292851448059082,2.292847156524658,4.225883003527997e-06,1.7695814371109009,0.5505673885345459,0.5505673885345459,0.0,69.43074798583984,35.0,13592.6689453125,-0.0,959.2098999023438,1.0,283.1499938964844,285.7455444335937,290.7836608886719,291.77276611328125,293.1499938964844,293.1499938964844,283.1499938964844,21924.080078125,18000.0,313.1499938964844,0.0,18000.0,1.0,0.0,0.0,0.0,1.0,0.5412765145301819,1.0,0.0,0.0,1.2398072481155396,1.2398130893707275,1.025656004571829e-07,4.265924453735352,4.265914440155029,9.78592834144365e-06,0.0,0.0,-0.0,3954.14794921875,0.0,105.2486343383789,1895.4371337890625,0.0,651.1650390625,0.3690609931945801,1.0,0.0,3.0,1.0,0.0
12334740,297.0402526855469,297.1499938964844,293.1499938964844,0.0,-0.0,286.3275756835937,0.9116688370704652,0.2453951090574264,0.2215262502431869,296.9935607910156,297.1499938964844,293.1499938964844,0.0,-0.0,286.3282775878906,0.9990000128746032,0.3328898847103119,0.3075873851776123,297.0054016113281,297.1499938964844,293.1499938964844,0.0,-0.0,286.3282165527344,0.9950262904167176,0.3174634873867035,0.2225356847047805,297.0027160644531,297.1499938964844,293.1499938964844,0.0,-0.0,286.3280334472656,0.9708235263824464,0.2910902798175812,0.2764912545681,297.0504455566406,297.1499938964844,293.1499938964844,0.0,-0.0,286.32672119140625,0.8381181955337524,0.1906035244464874,0.8613519072532654,286.328369140625,287.87158203125,291.7938842773437,287.8410949707031,291.7957458496094,297.05035400390625,286.3324584960937,1.0,0.4079070091247558,1.0,1.0,0.0,1.0,-2.2681379318237305,2.2681338787078857,4.135956714890199e-06,1.7506674528121948,0.5301093459129333,0.5301093459129333,0.0,59.34077453613281,53.0,12942.1884765625,-0.0,895.2683715820312,1.0,283.1499938964844,285.8854675292969,290.76617431640625,291.7174072265625,293.1499938964844,293.1499938964844,283.1499938964844,20604.376953125,18000.0,313.1499938964844,0.0,18000.0,1.0,0.0,0.0,0.0,1.0,0.5262576937675476,1.0,0.0,0.0,1.1203607320785522,1.120366096496582,8.375469917609737e-08,4.265924453735352,4.265914440155029,9.78592834144365e-06,0.0,0.0,-0.0,3924.01025390625,0.0,83.87283325195312,1895.4371337890625,0.0,594.3941040039062,0.3468854129314422,1.0,0.0,3.0,1.0,0.0
12334800,297.0402526855469,297.1499938964844,293.1499938964844,0.0,-0.0,286.3275756835937,0.9116688370704652,0.2453951090574264,0.2215262502431869,296.9935607910156,297.1499938964844,293.1499938964844,0.0,-0.0,286.3282775878906,0.9990000128746032,0.3328898847103119,0.3075873851776123,297.0054016113281,297.1499938964844,293.1499938964844,0.0,-0.0,286.3282165527344,0.9950262904167176,0.3174634873867035,0.2225356847047805,297.0027160644531,297.1499938964844,293.1499938964844,0.0,-0.0,286.3280334472656,0.9708235263824464,0.2910902798175812,0.2764912545681,297.0504455566406,297.1499938964844,293.1499938964844,0.0,-0.0,286.32672119140625,0.8381181955337524,0.1906035244464874,0.8613519072532654,286.328369140625,287.87158203125,291.7938842773437,287.8410949707031,291.7957458496094,297.05035400390625,286.3324584960937,1.0,0.4079070091247558,1.0,1.0,0.0,1.0,-2.2681379318237305,2.2681338787078857,4.135956714890199e-06,1.7506674528121948,0.5301093459129333,0.5301093459129333,0.0,59.34077453613281,53.0,12942.1884765625,-0.0,895.2683715820312,1.0,283.1499938964844,285.8854675292969,290.76617431640625,291.7174072265625,293.1499938964844,293.1499938964844,283.1499938964844,20604.376953125,18000.0,313.1499938964844,0.0,18000.0,1.0,0.0,0.0,0.0,1.0,0.5262576937675476,1.0,0.0,0.0,1.1203607320785522,1.120366096496582,8.375469917609737e-08,4.265924453735352,4.265914440155029,9.78592834144365e-06,0.0,0.0,-0.0,3924.01025390625,0.0,83.87283325195312,1895.4371337890625,0.0,594.3941040039062,0.3468854129314422,1.0,0.0,3.0,1.0,0.0
12334860,297.04412841796875,297.1499938964844,293.1499938964844,0.0,-0.0,286.4140625,0.9157255291938782,0.2443989962339401,0.2206112891435623,297.016357421875,297.1499938964844,293.1499938964844,0.0,-0.0,286.4148254394531,0.9990000128746032,0.3332280218601227,0.3027388453483581,297.0093078613281,297.1499938964844,293.1499938964844,0.0,-0.0,286.414794921875,0.9977841973304749,0.3160291016101837,0.2215146571397781,297.0055847167969,297.1499938964844,293.1499938964844,0.0,-0.0,286.4145812988281,0.9740445017814636,0.2895152866840362,0.2749753594398498,297.0534362792969,297.1499938964844,293.1499938964844,0.0,-0.0,286.4131164550781,0.8409325480461121,0.1896452009677887,0.8568524718284607,286.4149475097656,287.96466064453125,291.71881103515625,287.8255920410156,291.7206726074219,297.0533447265625,286.4202880859375,1.0,0.40567347407341,1.0,1.0,0.0,1.0,-2.252779960632324,2.2527759075164795,4.079412065038923e-06,1.73823344707489,0.5093753337860107,0.5093753337860107,0.0,58.07407760620117,71.0,12383.56640625,-0.0,875.3900756835938,1.0,283.1499938964844,286.0011901855469,290.7523193359375,291.66851806640625,293.1499938964844,293.1499938964844,283.1499938964844,20009.345703125,18000.0,313.1499938964844,0.0,18000.0,1.0,0.0,0.0,0.0,1.0,0.5115912556648254,1.0,0.0,0.0,1.02689790725708,1.0269029140472412,7.036359050971441e-08,4.265924453735352,4.265914440155029,9.78592834144365e-06,0.0,0.0,-0.0,3897.895751953125,0.0,70.296142578125,1895.4371337890625,0.0,543.7880249023438,0.3295246362686157,1.0,0.0,3.0,1.0,0.0
12334920,297.04412841796875,297.1499938964844,293.1499938964844,0.0,-0.0,286.4140625,0.9157255291938782,0.2443989962339401,0.2206112891435623,297.016357421875,297.1499938964844,293.1499938964844,0.0,-0.0,286.4148254394531,0.9990000128746032,0.3332280218601227,0.3027388453483581,297.0093078613281,297.1499938964844,293.1499938964844,0.0,-0.0,286.414794921875,0.9977841973304749,0.3160291016101837,0.2215146571397781,297.0055847167969,297.1499938964844,293.1499938964844,0.0,-0.0,286.4145812988281,0.9740445017814636,0.2895152866840362,0.2749753594398498,297.0534362792969,297.1499938964844,293.1499938964844,0.0,-0.0,286.4131164550781,0.8409325480461121,0.1896452009677887,0.8568524718284607,286.4149475097656,287.96466064453125,291.71881103515625,287.8255920410156,291.7206726074219,297.0533447265625,286.4202880859375,1.0,0.40567347407341,1.0,1.0,0.0,1.0,-2.252779960632324,2.2527759075164795,4.079412065038923e-06,1.73823344707489,0.5093753337860107,0.5093753337860107,0.0,58.07407760620117,71.0,12383.56640625,-0.0,875.3900756835938,1.0,283.1499938964844,286.0011901855469,290.7523193359375,291.66851806640625,293.1499938964844,293.1499938964844,283.1499938964844,20009.345703125,18000.0,313.1499938964844,0.0,18000.0,1.0,0.0,0.0,0.0,1.0,0.5115912556648254,1.0,0.0,0.0,1.02689790725708,1.0269029140472412,7.036359050971441e-08,4.265924453735352,4.265914440155029,9.78592834144365e-06,0.0,0.0,-0.0,3897.895751953125,0.0,70.296142578125,1895.4371337890625,0.0,543.7880249023438,0.3295246362686157,1.0,0.0,3.0,1.0,0.0
12334980,297.0474853515625,297.1499938964844,293.1499938964844,0.0,-0.0,286.5180969238281,0.8912250995635986,0.2433991134166717,0.2198628634214401,297.0148620605469,297.1499938964844,293.1499938964844,0.0,-0.0,286.51904296875,0.991703987121582,0.3314161896705627,0.3148698806762695,297.0126037597656,297.1499938964844,293.1499938964844,0.0,-0.0,286.5189208984375,0.9769898056983948,0.3145821392536163,0.2206231951713562,297.0081787109375,297.1499938964844,293.1499938964844,0.0,-0.0,286.5186462402344,0.9482474327087402,0.2879498600959778,0.2736536860466003,297.0560913085937,297.1499938964844,293.1499938964844,0.0,-0.0,286.5170593261719,0.8209338188171387,0.1886937320232391,0.8533497452735901,286.5190734863281,288.0575256347656,291.6439208984375,287.8114929199219,291.6457824707031,297.0560607910156,286.524658203125,1.0,0.4103014469146728,1.0,1.0,0.0,1.0,-2.2598671913146973,2.2598631381988525,4.105426341993734e-06,1.7439552545547483,0.4889260828495025,0.4889260828495025,0.0,62.14577865600586,89.0,11922.74609375,-0.0,897.842529296875,1.0,283.1499938964844,286.1283874511719,290.74322509765625,291.6294860839844,293.1499938964844,293.1499938964844,283.1499938964844,19631.703125,18000.0,313.1499938964844,0.0,18000.0,1.0,0.0,0.0,0.0,1.0,0.4978651404380798,1.0,0.0,0.0,0.9457803964614868,0.9457850456237792,5.968621508145588e-08,4.265924453735352,4.265914440155029,9.78592834144365e-06,0.0,0.0,-0.0,3877.395751953125,0.0,60.133750915527344,1895.4371337890625,0.0,500.4171142578125,0.3155056536197662,1.0,0.0,3.0,1.0,0.0
12335040,297.0474853515625,297.1499938964844,293.1499938964844,0.0,-0.0,286.5180969238281,0.8912250995635986,0.2433991134166717,0.2198628634214401,297.0148620605469,297.1499938964844,293.1499938964844,0.0,-0.0,286.51904296875,0.991703987121582,0.3314161896705627,0.3148698806762695,297.0126037597656,297.1499938964844,293.1499938964844,0.0,-0.0,286.5189208984375,0.9769898056983948,0.3145821392536163,0.2206231951713562,297.0081787109375,297.1499938964844,293.1499938964844,0.0,-0.0,286.5186462402344,0.9482474327087402,0.2879498600959778,0.2736536860466003,297.0560913085937,297.1499938964844,293.1499938964844,0.0,-0.0,286.5170593261719,0.8209338188171387,0.1886937320232391,0.8533497452735901,286.5190734863281,288.0575256347656,291.6439208984375,287.8114929199219,291.6457824707031,297.0560607910156,286.524658203125,1.0,0.4103014469146728,1.0,1.0,0.0,1.0,-2.2598671913146973,2.2598631381988525,4.105426341993734e-06,1.7439552545547483,0.4889260828495025,0.4889260828495025,0.0,62.14577865600586,89.0,11922.74609375,-0.0,897.842529296875,1.0,283.1499938964844,286.1283874511719,290.74322509765625,291.6294860839844,293.1499938964844,293.1499938964844,283.1499938964844,19631.703125,18000.0,313.1499938964844,0.0,18000.0,1.0,0.0,0.0,0.0,1.0,0.4978651404380798,1.0,0.0,0.0,0.9457803964614868,0.9457850456237792,5.968621508145588e-08,4.265924453735352,4.265914440155029,9.78592834144365e-06,0.0,0.0,-0.0,3877.395751953125,0.0,60.133750915527344,1895.4371337890625,0.0,500.4171142578125,0.3155056536197662,1.0,0.0,3.0,1.0,0.0
12335100,297.048583984375,297.1499938964844,293.1499938964844,0.0,-0.0,286.56494140625,0.8658195734024048,0.242856964468956,0.2195893377065658,297.009765625,297.1499938964844,293.1499938964844,0.0,-0.0,286.5657653808594,0.9661421179771424,0.3300594091415405,0.3137752413749695,297.0138244628906,297.1499938964844,293.1499938964844,0.0,-0.0,286.5656433105469,0.948927402496338,0.3138326704502105,0.2202626913785934,297.0090026855469,297.1499938964844,293.1499938964844,0.0,-0.0,286.5653991699219,0.9173673987388612,0.2871322631835937,0.2731032371520996,297.0567626953125,297.1499938964844,293.1499938964844,0.0,-0.0,286.5640563964844,0.7980985641479492,0.1881652921438217,0.8520506024360657,286.5657958984375,288.1038818359375,291.6065673828125,287.80487060546875,291.6084289550781,297.0567321777344,286.5706787109375,1.0,0.4139242768287658,1.0,1.0,0.0,1.0,-2.2552928924560547,2.25528883934021,4.088615696673514e-06,1.7402561902999878,0.4786784946918487,0.4786784946918487,0.0,67.19213104248047,89.0,11672.0283203125,-0.0,912.8578491210938,1.0,283.1499938964844,286.18756103515625,290.739990234375,291.611572265625,293.1499938964844,293.1499938964844,283.1499938964844,19493.7109375,18000.0,313.1499938964844,0.0,18000.0,1.0,0.0,0.0,0.0,1.0,0.4915548861026764,1.0,0.0,0.0,0.9084962606430054,0.9085008502006532,5.5073126503657483e-08,4.265924453735352,4.265914440155029,9.78592834144365e-06,0.0,0.0,-0.0,3825.022705078125,0.0,55.90993881225586,1895.4371337890625,0.0,481.6861267089844,0.3093884885311126,1.0,0.0,3.0,1.0,0.0
12335160,297.0492858886719,297.1499938964844,293.1499938964844,0.0,-0.0,286.60992431640625,0.8426997065544128,0.2422854155302047,0.2193155586719513,297.00653076171875,297.1499938964844,293.1499938964844,0.0,-0.0,286.6107177734375,0.9366995692253112,0.3288543820381164,0.312809556722641,297.0147399902344,297.1499938964844,293.1499938964844,0.0,-0.0,286.610595703125,0.91890549659729,0.3130585551261902,0.2199079543352127,297.009521484375,297.1499938964844,293.1499938964844,0.0,-0.0,286.6103820800781,0.8903467059135437,0.286291092634201,0.2725588977336883,297.05712890625,297.1499938964844,293.1499938964844,0.0,-0.0,286.6090393066406,0.7756120562553406,0.1876089721918106,0.850744903087616,286.6107482910156,288.150146484375,291.5692443847656,287.7984619140625,291.57110595703125,297.0570983886719,286.6156311035156,1.0,0.4182149171829223,1.0,1.0,0.0,1.0,-2.251155376434326,2.251151323318481,4.073642230650876e-06,1.737026572227478,0.4684029221534729,0.4684029221534729,0.0,73.04606628417969,107.0,11424.486328125,-0.0,931.2313232421876,1.0,283.1499938964844,286.2440795898437,290.73455810546875,291.58953857421875,293.1499938964844,293.1499938964844,283.1499938964844,19379.396484375,18000.0,313.1499938964844,0.0,18000.0,1.0,0.0,0.0,0.0,1.0,0.4852334558963775,1.0,0.0,0.0,0.8728346228599548,0.872839093208313,5.0834362497198526e-08,4.265924453735352,4.265914440155029,9.78592834144365e-06,0.0,0.0,-0.0,3742.575439453125,0.0,52.10942840576172,1895.4371337890625,0.0,463.6428527832031,0.3037277162075043,1.0,0.0,3.0,1.0,0.0
12335220,297.0498962402344,297.1499938964844,293.1499938964844,0.0,-0.0,286.6994934082031,0.8027523756027222,0.241072416305542,0.2187676876783371,297.0032043457031,297.1499938964844,293.1499938964844,0.0,-0.0,286.7002868652344,0.8851406574249268,0.3266957402229309,0.311252623796463,297.0157470703125,297.1499938964844,293.1499938964844,0.0,-0.0,286.7001953125,0.8709598183631897,0.311448186635971,0.2192051261663437,297.0098571777344,297.1499938964844,293.1499938964844,0.0,-0.0,286.699951171875,0.8458711504936218,0.2845467031002044,0.2714805006980896,297.0570678710937,297.1499938964844,293.1499938964844,0.0,-0.0,286.6986083984375,0.7379633188247681,0.1864266693592071,0.8481395840644836,286.7003173828125,288.24249267578125,291.4947814941406,287.7861022949219,291.49664306640625,297.0570678710937,286.7052001953125,1.0,0.4282479286193847,1.0,1.0,0.0,1.0,-2.2433576583862305,2.2433536052703857,4.045506102556828e-06,1.7309417724609375,0.4478221535682678,0.4478221535682678,0.0,86.62493133544922,110.0,10934.9755859375,-0.0,975.4005737304688,1.0,283.1499938964844,286.3556823730469,290.7179260253906,291.5380859375,293.1499938964844,293.1499938964844,283.1499938964844,19195.794921875,18000.0,313.1499938964844,0.0,18000.0,1.0,0.0,0.0,0.0,1.0,0.4716816246509552,1.0,0.0,0.0,0.8059425950050354,0.805946946144104,4.3341277233821536e-08,4.265924453735352,4.265914440155029,9.78592834144365e-06,0.0,0.0,-0.0,3578.427734375,0.0,45.54430389404297,1895.4371337890625,0.0,427.2537536621094,0.2935461401939392,1.0,0.0,3.0,1.0,0.0
12335280,297.0498962402344,297.1499938964844,293.1499938964844,0.0,-0.0,286.6994934082031,0.8027523756027222,0.241072416305542,0.2187676876783371,297.0032043457031,297.1499938964844,293.1499938964844,0.0,-0.0,286.7002868652344,0.8851406574249268,0.3266957402229309,0.311252623796463,297.0157470703125,297.1499938964844,293.1499938964844,0.0,-0.0,286.7001953125,0.8709598183631897,0.311448186635971,0.2192051261663437,297.0098571777344,297.1499938964844,293.1499938964844,0.0,-0.0,286.699951171875,0.8458711504936218,0.2845467031002044,0.2714805006980896,297.0570678710937,297.1499938964844,293.1499938964844,0.0,-0.0,286.6986083984375,0.7379633188247681,0.1864266693592071,0.8481395840644836,286.7003173828125,288.24249267578125,291.4947814941406,287.7861022949219,291.49664306640625,297.0570678710937,286.7052001953125,1.0,0.4282479286193847,1.0,1.0,0.0,1.0,-2.2433576583862305,2.2433536052703857,4.045506102556828e-06,1.7309417724609375,0.4478221535682678,0.4478221535682678,0.0,86.62493133544922,110.0,10934.9755859375,-0.0,975.4005737304688,1.0,283.1499938964844,286.3556823730469,290.7179260253906,291.5380859375,293.1499938964844,293.1499938964844,283.1499938964844,19195.794921875,18000.0,313.1499938964844,0.0,18000.0,1.0,0.0,0.0,0.0,1.0,0.4716816246509552,1.0,0.0,0.0,0.8059425950050354,0.805946946144104,4.3341277233821536e-08,4.265924453735352,4.265914440155029,9.78592834144365e-06,0.0,0.0,-0.0,3578.427734375,0.0,45.54430389404297,1895.4371337890625,0.0,427.2537536621094,0.2935461401939392,1.0,0.0,3.0,1.0,0.0
12335340,297.0499572753906,297.1499938964844,293.1499938964844,0.0,-0.0,286.78778076171875,0.7780118584632874,0.2398103773593902,0.2180294245481491,297.0018005371094,297.1499938964844,293.1499938964844,0.0,-0.0,286.7885437011719,0.8579514622688293,0.3246936500072479,0.3097448945045471,297.01617431640625,297.1499938964844,293.1499938964844,0.0,-0.0,286.7884521484375,0.845122754573822,0.3097908496856689,0.2183578461408615,297.0096435546875,297.1499938964844,293.1499938964844,0.0,-0.0,286.7882385253906,0.821666419506073,0.2827480435371399,0.2702015936374664,297.056396484375,297.1499938964844,293.1499938964844,0.0,-0.0,286.7868957519531,0.7170882225036621,0.1851837038993835,0.8445487022399902,286.78857421875,288.33453369140625,291.4205322265625,287.7740478515625,291.42242431640625,297.0564270019531,286.7933654785156,1.0,0.4346269965171814,1.0,1.0,0.0,1.0,-2.233794689178467,2.233790636062622,4.011199507658603e-06,1.7235130071640017,0.4271867871284485,0.4271867871284485,0.0,96.60808563232422,98.0,10446.408203125,-0.0,1003.7578735351562,1.0,283.1499938964844,286.4651794433594,290.69921875,291.483154296875,293.1499938964844,293.1499938964844,283.1499938964844,19052.71875,18000.0,313.1499938964844,0.0,18000.0,1.0,0.0,0.0,0.0,1.0,0.4567115902900696,1.0,0.0,0.0,0.7442232370376587,0.7442273497581482,3.695727102126512e-08,4.265924453735352,4.265914440155029,9.78592834144365e-06,0.0,0.0,-0.0,3415.144775390625,0.0,40.07320022583008,1895.4371337890625,0.0,390.3951416015625,0.2845971286296844,1.0,0.0,3.0,1.0,0.0
12335400,297.0499572753906,297.1499938964844,293.1499938964844,0.0,-0.0,286.78778076171875,0.7780118584632874,0.2398103773593902,0.2180294245481491,297.0018005371094,297.1499938964844,293.1499938964844,0.0,-0.0,286.7885437011719,0.8579514622688293,0.3246936500072479,0.3097448945045471,297.01617431640625,297.1499938964844,293.1499938964844,0.0,-0.0,286.7884521484375,0.845122754573822,0.3097908496856689,0.2183578461408615,297.0096435546875,297.1499938964844,293.1499938964844,0.0,-0.0,286.7882385253906,0.821666419506073,0.2827480435371399,0.2702015936374664,297.056396484375,297.1499938964844,293.1499938964844,0.0,-0.0,286.7868957519531,0.7170882225036621,0.1851837038993835,0.8445487022399902,286.78857421875,288.33453369140625,291.4205322265625,287.7740478515625,291.42242431640625,297.0564270019531,286.7933654785156,1.0,0.4346269965171814,1.0,1.0,0.0,1.0,-2.233794689178467,2.233790636062622,4.011199507658603e-06,1.7235130071640017,0.4271867871284485,0.4271867871284485,0.0,96.60808563232422,98.0,10446.408203125,-0.0,1003.7578735351562,1.0,283.1499938964844,286.4651794433594,290.69921875,291.483154296875,293.1499938964844,293.1499938964844,283.1499938964844,19052.71875,18000.0,313.1499938964844,0.0,18000.0,1.0,0.0,0.0,0.0,1.0,0.4567115902900696,1.0,0.0,0.0,0.7442232370376587,0.7442273497581482,3.695727102126512e-08,4.265924453735352,4.265914440155029,9.78592834144365e-06,0.0,0.0,-0.0,3415.144775390625,0.0,40.07320022583008,1895.4371337890625,0.0,390.3951416015625,0.2845971286296844,1.0,0.0,3.0,1.0,0.0
12335460,297.0503845214844,297.1499938964844,293.1499938964844,0.0,-0.0,286.8833312988281,0.7720599174499512,0.2385851740837097,0.2170016467571258,297.0016174316406,297.1499938964844,293.1499938964844,0.0,-0.0,286.8842163085937,0.85140460729599,0.3227941691875458,0.3080214858055115,297.0168151855469,297.1499938964844,293.1499938964844,0.0,-0.0,286.88409423828125,0.8390231132507324,0.308159589767456,0.2172801345586776,297.009521484375,297.1499938964844,293.1499938964844,0.0,-0.0,286.88385009765625,0.8155030608177185,0.280958354473114,0.2685977518558502,297.0558776855469,297.1499938964844,293.1499938964844,0.0,-0.0,286.88232421875,0.7114356160163879,0.1839445531368255,0.8393972516059875,286.88427734375,288.4262390136719,291.3465881347656,287.7619934082031,291.34844970703125,297.0558776855469,286.88983154296875,1.0,0.4340609610080719,1.0,1.0,0.0,1.0,-2.221083879470825,2.22108006477356,3.965842552133836e-06,1.7136400938034058,0.4066298902034759,0.4066298902034759,0.0,98.5602569580078,86.0,9977.3740234375,-0.0,998.2347412109376,1.0,283.1499938964844,286.572998046875,290.681884765625,291.42919921875,293.1499938964844,293.1499938964844,283.1499938964844,18935.408203125,18000.0,313.1499938964844,0.0,18000.0,1.0,0.0,0.0,0.0,1.0,0.4406507313251495,1.0,0.0,0.0,0.6873201727867126,0.6873241662979126,3.152184291366211e-08,4.265924453735352,4.265914440155029,9.78592834144365e-06,0.0,0.0,-0.0,3254.69775390625,0.0,35.46977233886719,1895.4371337890625,0.0,354.3070068359375,0.2766486704349518,1.0,0.0,3.0,1.0,0.0
12335520,297.0503845214844,297.1499938964844,293.1499938964844,0.0,-0.0,286.8833312988281,0.7720599174499512,0.2385851740837097,0.2170016467571258,297.0016174316406,297.1499938964844,293.1499938964844,0.0,-0.0,286.8842163085937,0.85140460729599,0.3227941691875458,0.3080214858055115,297.0168151855469,297.1499938964844,293.1499938964844,0.0,-0.0,286.88409423828125,0.8390231132507324,0.308159589767456,0.2172801345586776,297.009521484375,297.1499938964844,293.1499938964844,0.0,-0.0,286.88385009765625,0.8155030608177185,0.280958354473114,0.2685977518558502,297.0558776855469,297.1499938964844,293.1499938964844,0.0,-0.0,286.88232421875,0.7114356160163879,0.1839445531368255,0.8393972516059875,286.88427734375,288.4262390136719,291.3465881347656,287.7619934082031,291.34844970703125,297.0558776855469,286.88983154296875,1.0,0.4340609610080719,1.0,1.0,0.0,1.0,-2.221083879470825,2.22108006477356,3.965842552133836e-06,1.7136400938034058,0.4066298902034759,0.4066298902034759,0.0,98.5602569580078,86.0,9977.3740234375,-0.0,998.2347412109376,1.0,283.1499938964844,286.572998046875,290.681884765625,291.42919921875,293.1499938964844,293.1499938964844,283.1499938964844,18935.408203125,18000.0,313.1499938964844,0.0,18000.0,1.0,0.0,0.0,0.0,1.0,0.4406507313251495,1.0,0.0,0.0,0.6873201727867126,0.6873241662979126,3.152184291366211e-08,4.265924453735352,4.265914440155029,9.78592834144365e-06,0.0,0.0,-0.0,3254.69775390625,0.0,35.46977233886719,1895.4371337890625,0.0,354.3070068359375,0.2766486704349518,1.0,0.0,3.0,1.0,0.0
12335580,297.0520935058594,297.1499938964844,293.1499938964844,0.0,-0.0,286.9866027832031,0.7767209410667419,0.2374965846538543,0.2158857882022857,297.0028381347656,297.1499938964844,293.1499938964844,0.0,-0.0,286.9875183105469,0.8561407923698425,0.3210373520851135,0.3062193393707275,297.0185546875,297.1499938964844,293.1499938964844,0.0,-0.0,286.9873962402344,0.8437013030052185,0.3066497147083282,0.216123029589653,297.0103454589844,297.1499938964844,293.1499938964844,0.0,-0.0,286.98712158203125,0.8197535872459412,0.2792626619338989,0.2668611109256744,297.0562438964844,297.1499938964844,293.1499938964844,0.0,-0.0,286.9855651855469,0.7152124047279358,0.1827881634235382,0.8335654735565186,286.9875793457031,288.5176086425781,291.2728881835937,287.7495422363281,291.2747802734375,297.05621337890625,286.99322509765625,1.0,0.4294174611568451,1.0,1.0,0.0,1.0,-2.207098960876465,2.20709490776062,3.916205514542526e-06,1.7027469873428345,0.3863110542297363,0.3863110542297363,0.0,95.1974639892578,74.0,9521.6904296875,-0.0,971.4855346679688,1.0,283.1499938964844,286.6820983886719,290.667724609375,291.3797302246094,293.1499938964844,293.1499938964844,283.1499938964844,18835.0,18000.0,313.1499938964844,0.0,18000.0,1.0,0.0,0.0,0.0,1.0,0.4242275059223175,1.0,0.0,0.0,0.6352525353431702,0.6352564692497253,2.69268962682645e-08,4.265924453735352,4.265914440155029,9.78592834144365e-06,0.0,0.0,-0.0,3102.5439453125,0.0,31.58712387084961,1895.4371337890625,0.0,320.6025085449219,0.2695611715316772,1.0,0.0,3.0,1.0,0.0
12335640,297.0520935058594,297.1499938964844,293.1499938964844,0.0,-0.0,286.9866027832031,0.7767209410667419,0.2374965846538543,0.2158857882022857,297.0028381347656,297.1499938964844,293.1499938964844,0.0,-0.0,286.9875183105469,0.8561407923698425,0.3210373520851135,0.3062193393707275,297.0185546875,297.1499938964844,293.1499938964844,0.0,-0.0,286.9873962402344,0.8437013030052185,0.3066497147083282,0.216123029589653,297.0103454589844,297.1499938964844,293.1499938964844,0.0,-0.0,286.98712158203125,0.8197535872459412,0.2792626619338989,0.2668611109256744,297.0562438964844,297.1499938964844,293.1499938964844,0.0,-0.0,286.9855651855469,0.7152124047279358,0.1827881634235382,0.8335654735565186,286.9875793457031,288.5176086425781,291.2728881835937,287.7495422363281,291.2747802734375,297.05621337890625,286.99322509765625,1.0,0.4294174611568451,1.0,1.0,0.0,1.0,-2.207098960876465,2.20709490776062,3.916205514542526e-06,1.7027469873428345,0.3863110542297363,0.3863110542297363,0.0,95.1974639892578,74.0,9521.6904296875,-0.0,971.4855346679688,1.0,283.1499938964844,286.6820983886719,290.667724609375,291.3797302246094,293.1499938964844,293.1499938964844,283.1499938964844,18835.0,18000.0,313.1499938964844,0.0,18000.0,1.0,0.0,0.0,0.0,1.0,0.4242275059223175,1.0,0.0,0.0,0.6352525353431702,0.6352564692497253,2.69268962682645e-08,4.265924453735352,4.265914440155029,9.78592834144365e-06,0.0,0.0,-0.0,3102.5439453125,0.0,31.58712387084961,1895.4371337890625,0.0,320.6025085449219,0.2695611715316772,1.0,0.0,3.0,1.0,0.0
12335700,297.05328369140625,297.1499938964844,293.1499938964844,0.0,-0.0,287.0376892089844,0.782005250453949,0.2369933426380157,0.2153202593326568,297.0037841796875,297.1499938964844,293.1499938964844,0.0,-0.0,287.03857421875,0.8616618514060974,0.3201997876167297,0.3053101599216461,297.0197448730469,297.1499938964844,293.1499938964844,0.0,-0.0,287.0384521484375,0.8490566611289978,0.305931955575943,0.2155354022979736,297.01104736328125,297.1499938964844,293.1499938964844,0.0,-0.0,287.0382080078125,0.8246806859970093,0.2784452736377716,0.2659730315208435,297.05670166015625,297.1499938964844,293.1499938964844,0.0,-0.0,287.03662109375,0.7195631861686707,0.1822403818368911,0.8305500149726868,287.03863525390625,288.5631408691406,291.2361755371094,287.7430725097656,291.238037109375,297.056640625,287.0442810058594,1.0,0.4260469079017639,1.0,1.0,0.0,1.0,-2.1999330520629883,2.1999292373657227,3.890897914970992e-06,1.697163462638855,0.3762034475803375,0.3762034475803375,0.0,92.21601104736328,74.0,9295.7392578125,-0.0,953.1838989257812,1.0,283.1499938964844,286.735595703125,290.66162109375,291.3564453125,293.1499938964844,293.1499938964844,283.1499938964844,18786.38671875,18000.0,313.1499938964844,0.0,18000.0,1.0,0.0,0.0,0.0,1.0,0.4160973727703094,1.0,0.0,0.0,0.610750138759613,0.6107540130615234,2.4889754257628738e-08,4.265924453735352,4.265914440155029,9.78592834144365e-06,0.0,0.0,-0.0,3027.427978515625,0.0,29.8561954498291,1895.4371337890625,0.0,304.95330810546875,0.2663208842277527,1.0,0.0,3.0,1.0,0.0
12335760,297.0545959472656,297.1499938964844,293.1499938964844,0.0,-0.0,287.0885009765625,0.7890613079071045,0.23651023209095,0.2147521525621414,297.0048828125,297.1499938964844,293.1499938964844,0.0,-0.0,287.08941650390625,0.8691215515136719,0.3193820714950561,0.3043980300426483,297.0210266113281,297.1499938964844,293.1499938964844,0.0,-0.0,287.0892944335937,0.8562791347503662,0.3052327334880829,0.2149444073438644,297.0118408203125,297.1499938964844,293.1499938964844,0.0,-0.0,287.0890197753906,0.8312423229217529,0.2776433229446411,0.2650771141052246,297.05731201171875,297.1499938964844,293.1499938964844,0.0,-0.0,287.08746337890625,0.725253701210022,0.18170927464962,0.827501654624939,287.0894470214844,288.60858154296875,291.19952392578125,287.7363586425781,291.201416015625,297.0572509765625,287.0950927734375,1.0,0.4221721589565277,1.0,1.0,0.0,1.0,-2.1927077770233154,2.19270396232605,3.865467533614719e-06,1.6915326118469238,0.3661299645900726,0.3661299645900726,0.0,88.62995910644531,62.0,9071.599609375,-0.0,932.6777954101562,1.0,283.1499938964844,286.78839111328125,290.6557006835937,291.3336486816406,293.1499938964844,293.1499938964844,283.1499938964844,18737.98046875,18000.0,313.1499938964844,0.0,18000.0,1.0,0.0,0.0,0.0,1.0,0.4080664217472076,1.0,0.0,0.0,0.5872041583061218,0.5872080326080322,2.300762069751272e-08,4.265924453735352,4.265914440155029,9.78592834144365e-06,0.0,0.0,-0.0,2952.9853515625,0.0,28.246591567993164,1895.4371337890625,0.0,290.0846252441406,0.2632811069488525,1.0,0.0,3.0,1.0,0.0
12335820,297.0574645996094,297.1499938964844,293.1499938964844,0.0,-0.0,287.1890869140625,0.8085547089576721,0.2355905920267105,0.2136129587888717,297.0073547363281,297.1499938964844,293.1499938964844,0.0,-0.0,287.19000244140625,0.8902369141578674,0.317792147397995,0.3025695979595184,297.0237731933594,297.1499938964844,293.1499938964844,0.0,-0.0,287.1898803710937,0.8768293261528015,0.3038773834705353,0.2137572616338729,297.0136413574219,297.1499938964844,293.1499938964844,0.0,-0.0,287.1896057128906,0.8497702479362488,0.2760752141475677,0.2632707059383392,297.058837890625,297.1499938964844,293.1499938964844,0.0,-0.0,287.18804931640625,0.7409522533416748,0.1806880682706833,0.8213574290275574,287.1900329589844,288.6991882324219,291.12646484375,287.7221374511719,291.1283569335937,297.0587463378906,287.19561767578125,1.0,0.4132678806781769,1.0,1.0,0.0,1.0,-2.178167819976806,2.178164005279541,3.814558795056655e-06,1.680199146270752,0.3460763096809387,0.3460763096809387,0.0,80.1373519897461,50.0,8629.9755859375,-0.0,887.0648193359375,1.0,283.1499938964844,286.89166259765625,290.6434326171875,291.2885437011719,293.1499938964844,293.1499938964844,283.1499938964844,18646.267578125,18000.0,313.1499938964844,0.0,18000.0,1.0,0.0,0.0,0.0,1.0,0.3923228681087494,1.0,0.0,0.0,0.5429007411003113,0.5429044961929321,1.9666828166009512e-08,4.265924453735352,4.265914440155029,9.78592834144365e-06,0.0,0.0,-0.0,2806.541259765625,0.0,25.35786437988281,1895.4371337890625,0.0,262.4002380371094,0.2577749788761139,1.0,0.0,3.0,1.0,0.0
12335880,297.0574645996094,297.1499938964844,293.1499938964844,0.0,-0.0,287.1890869140625,0.8085547089576721,0.2355905920267105,0.2136129587888717,297.0073547363281,297.1499938964844,293.1499938964844,0.0,-0.0,287.19000244140625,0.8902369141578674,0.317792147397995,0.3025695979595184,297.0237731933594,297.1499938964844,293.1499938964844,0.0,-0.0,287.1898803710937,0.8768293261528015,0.3038773834705353,0.2137572616338729,297.0136413574219,297.1499938964844,293.1499938964844,0.0,-0.0,287.1896057128906,0.8497702479362488,0.2760752141475677,0.2632707059383392,297.058837890625,297.1499938964844,293.1499938964844,0.0,-0.0,287.18804931640625,0.7409522533416748,0.1806880682706833,0.8213574290275574,287.1900329589844,288.6991882324219,291.12646484375,287.7221374511719,291.1283569335937,297.0587463378906,287.19561767578125,1.0,0.4132678806781769,1.0,1.0,0.0,1.0,-2.178167819976806,2.178164005279541,3.814558795056655e-06,1.680199146270752,0.3460763096809387,0.3460763096809387,0.0,80.1373519897461,50.0,8629.9755859375,-0.0,887.0648193359375,1.0,283.1499938964844,286.89166259765625,290.6434326171875,291.2885437011719,293.1499938964844,293.1499938964844,283.1499938964844,18646.267578125,18000.0,313.1499938964844,0.0,18000.0,1.0,0.0,0.0,0.0,1.0,0.3923228681087494,1.0,0.0,0.0,0.5429007411003113,0.5429044961929321,1.9666828166009512e-08,4.265924453735352,4.265914440155029,9.78592834144365e-06,0.0,0.0,-0.0,2806.541259765625,0.0,25.35786437988281,1895.4371337890625,0.0,262.4002380371094,0.2577749788761139,1.0,0.0,3.0,1.0,0.0
12335940,297.06036376953125,297.1499938964844,293.1499938964844,0.0,-0.0,287.2878112792969,0.8344882130622864,0.2347142249345779,0.2124733030796051,297.0098876953125,297.1499938964844,293.1499938964844,0.0,-0.0,287.2886962890625,0.9226727485656738,0.3162441551685333,0.3007392287254333,297.02655029296875,297.1499938964844,293.1499938964844,0.0,-0.0,287.28857421875,0.9074382781982422,0.3025616407394409,0.2125669568777084,297.0155334472656,297.1499938964844,293.1499938964844,0.0,-0.0,287.2882995605469,0.8779482841491699,0.2745393216609955,0.2614524960517883,297.060546875,297.1499938964844,293.1499938964844,0.0,-0.0,287.2867736816406,0.7647035717964172,0.1797069609165191,0.8151918053627014,287.2887268066406,288.7893371582031,291.05377197265625,287.70654296875,291.0556335449219,297.0604858398437,287.2942199707031,1.0,0.4032410979270935,1.0,1.0,0.0,1.0,-2.163581371307373,2.1635775566101074,3.763848553717253e-06,1.6688276529312134,0.3261277675628662,0.3261277675628662,0.0,70.4652328491211,38.0,8198.47265625,-0.0,837.642578125,1.0,283.1499938964844,286.9914245605469,290.62969970703125,291.24298095703125,293.1499938964844,293.1499938964844,283.1499938964844,18564.880859375,18000.0,313.1499938964844,0.0,18000.0,1.0,0.0,0.0,0.0,1.0,0.3769599199295044,1.0,0.0,0.0,0.5021023750305176,0.5021061301231384,1.682201578034892e-08,4.265924453735352,4.265914440155029,9.78592834144365e-06,0.0,0.0,-0.0,2663.6259765625,0.0,22.852502822875977,1895.4371337890625,0.0,236.8829345703125,0.2529661357402801,1.0,0.0,3.0,1.0,0.0
12336000,297.06036376953125,297.1499938964844,293.1499938964844,0.0,-0.0,287.2878112792969,0.8344882130622864,0.2347142249345779,0.2124733030796051,297.0098876953125,297.1499938964844,293.1499938964844,0.0,-0.0,287.2886962890625,0.9226727485656738,0.3162441551685333,0.3007392287254333,297.02655029296875,297.1499938964844,293.1499938964844,0.0,-0.0,287.28857421875,0.9074382781982422,0.3025616407394409,0.2125669568777084,297.0155334472656,297.1499938964844,293.1499938964844,0.0,-0.0,287.2882995605469,0.8779482841491699,0.2745393216609955,0.2614524960517883,297.060546875,297.1499938964844,293.1499938964844,0.0,-0.0,287.2867736816406,0.7647035717964172,0.1797069609165191,0.8151918053627014,287.2887268066406,288.7893371582031,291.05377197265625,287.70654296875,291.0556335449219,297.0604858398437,287.2942199707031,1.0,0.4032410979270935,1.0,1.0,0.0,1.0,-2.163581371307373,2.1635775566101074,3.763848553717253e-06,1.6688276529312134,0.3261277675628662,0.3261277675628662,0.0,70.4652328491211,38.0,8198.47265625,-0.0,837.642578125,1.0,283.1499938964844,286.9914245605469,290.62969970703125,291.24298095703125,293.1499938964844,293.1499938964844,283.1499938964844,18564.880859375,18000.0,313.1499938964844,0.0,18000.0,1.0,0.0,0.0,0.0,1.0,0.3769599199295044,1.0,0.0,0.0,0.5021023750305176,0.5021061301231384,1.682201578034892e-08,4.265924453735352,4.265914440155029,9.78592834144365e-06,0.0,0.0,-0.0,2663.6259765625,0.0,22.852502822875977,1895.4371337890625,0.0,236.8829345703125,0.2529661357402801,1.0,0.0,3.0,1.0,0.0
12336060,297.06317138671875,297.1499938964844,293.1499938964844,0.0,-0.0,287.38507080078125,0.8732685446739197,0.2338637709617614,0.211333692073822,297.01239013671875,297.1499938964844,293.1499938964844,0.0,-0.0,287.3859558105469,0.9710206389427184,0.3147209286689758,0.2989077568054199,297.0292358398437,297.1499938964844,293.1499938964844,0.0,-0.0,287.3858642578125,0.9567775130271912,0.3012689054012298,0.2113745063543319,297.017333984375,297.1499938964844,293.1499938964844,0.0,-0.0,287.3855895996094,0.9220747351646424,0.2730199694633484,0.2596252560615539,297.0622863769531,297.1499938964844,293.1499938964844,0.0,-0.0,287.3840026855469,0.8014001846313477,0.1787503659725189,0.8090201616287231,287.3860168457031,288.8790588378906,290.9814147949219,287.6892395019531,290.9833068847656,297.062255859375,287.3916015625,1.0,0.3924396634101867,1.0,1.0,0.0,1.0,-2.148973226547241,2.148969411849976,3.7134259400772862e-06,1.6574381589889526,0.3062697350978851,0.3062697350978851,0.0,60.097633361816406,41.0,7773.4599609375,-0.0,786.295654296875,1.0,283.1499938964844,287.0878601074219,290.6142272949219,291.19732666015625,293.1499938964844,293.1499938964844,283.1499938964844,18451.787109375,18000.0,313.1499938964844,0.0,18000.0,1.0,0.0,0.0,0.0,1.0,0.3619448244571686,1.0,0.0,0.0,0.4639836847782135,0.4712707698345184,1.4364777811692876e-08,4.265924453735352,4.265914440155029,9.78592834144365e-06,0.0,0.0,-0.0,2531.006591796875,0.0,20.94380569458008,1895.4371337890625,0.0,212.9558868408203,0.2489613592624664,1.0,0.0,3.0,1.0,0.0
12336120,297.06317138671875,297.1499938964844,293.1499938964844,0.0,-0.0,287.38507080078125,0.8732685446739197,0.2338637709617614,0.211333692073822,297.01239013671875,297.1499938964844,293.1499938964844,0.0,-0.0,287.3859558105469,0.9710206389427184,0.3147209286689758,0.2989077568054199,297.0292358398437,297.1499938964844,293.1499938964844,0.0,-0.0,287.3858642578125,0.9567775130271912,0.3012689054012298,0.2113745063543319,297.017333984375,297.1499938964844,293.1499938964844,0.0,-0.0,287.3855895996094,0.9220747351646424,0.2730199694633484,0.2596252560615539,297.0622863769531,297.1499938964844,293.1499938964844,0.0,-0.0,287.3840026855469,0.8014001846313477,0.1787503659725189,0.8090201616287231,287.3860168457031,288.8790588378906,290.9814147949219,287.6892395019531,290.9833068847656,297.062255859375,287.3916015625,1.0,0.3924396634101867,1.0,1.0,0.0,1.0,-2.148973226547241,2.148969411849976,3.7134259400772862e-06,1.6574381589889526,0.3062697350978851,0.3062697350978851,0.0,60.097633361816406,41.0,7773.4599609375,-0.0,786.295654296875,1.0,283.1499938964844,287.0878601074219,290.6142272949219,291.19732666015625,293.1499938964844,293.1499938964844,283.1499938964844,18451.787109375,18000.0,313.1499938964844,0.0,18000.0,1.0,0.0,0.0,0.0,1.0,0.3619448244571686,1.0,0.0,0.0,0.4639836847782135,0.4712707698345184,1.4364777811692876e-08,4.265924453735352,4.265914440155029,9.78592834144365e-06,0.0,0.0,-0.0,2531.006591796875,0.0,20.94380569458008,1895.4371337890625,0.0,212.9558868408203,0.2489613592624664,1.0,0.0,3.0,1.0,0.0
12336180,297.0657958984375,297.1499938964844,293.1499938964844,0.0,-0.0,287.4854736328125,0.9027043581008912,0.2330279946327209,0.2103811800479889,297.0147399902344,297.1499938964844,293.1499938964844,0.0,-0.0,287.48638916015625,0.9976526498794556,0.3132164776325226,0.2972747385501861,297.03173828125,297.1499938964844,293.1499938964844,0.0,-0.0,287.4862670898437,0.9866032004356384,0.2999929785728454,0.2103275060653686,297.0190124511719,297.1499938964844,293.1499938964844,0.0,-0.0,287.4859619140625,0.9560205340385436,0.2715096473693847,0.2579878568649292,297.0639343261719,297.1499938964844,293.1499938964844,0.0,-0.0,287.484375,0.8264449834823608,0.1778057217597961,0.8037710785865784,287.4864196777344,288.9682922363281,290.9094543457031,287.6698913574219,290.9113464355469,297.06396484375,287.4921264648437,1.0,0.3861306011676788,1.0,1.0,0.0,1.0,-2.136335849761963,2.1363320350646973,3.6700594137073486e-06,1.6475595235824585,0.2865831255912781,0.2865831255912781,0.0,54.32052230834961,59.0,7354.365234375,-0.0,754.0357055664062,1.0,283.1499938964844,287.1844482421875,290.59820556640625,291.1527404785156,293.1499938964844,293.1499938964844,283.1499938964844,18254.8984375,18000.0,313.1499938964844,0.0,18000.0,1.0,0.0,0.0,0.0,1.0,0.3476075828075409,1.0,0.0,0.0,0.427924245595932,0.470969021320343,1.2218763778548693e-08,4.265924453735352,4.265914440155029,9.78592834144365e-06,0.0,0.0,-0.0,2401.145263671875,0.0,20.48144721984864,1895.4371337890625,0.0,190.6699981689453,0.2465837150812149,1.0,0.0,3.0,1.0,0.0
12336240,297.0657958984375,297.1499938964844,293.1499938964844,0.0,-0.0,287.4854736328125,0.9027043581008912,0.2330279946327209,0.2103811800479889,297.0147399902344,297.1499938964844,293.1499938964844,0.0,-0.0,287.48638916015625,0.9976526498794556,0.3132164776325226,0.2972747385501861,297.03173828125,297.1499938964844,293.1499938964844,0.0,-0.0,287.4862670898437,0.9866032004356384,0.2999929785728454,0.2103275060653686,297.0190124511719,297.1499938964844,293.1499938964844,0.0,-0.0,287.4859619140625,0.9560205340385436,0.2715096473693847,0.2579878568649292,297.0639343261719,297.1499938964844,293.1499938964844,0.0,-0.0,287.484375,0.8264449834823608,0.1778057217597961,0.8037710785865784,287.4864196777344,288.9682922363281,290.9094543457031,287.6698913574219,290.9113464355469,297.06396484375,287.4921264648437,1.0,0.3861306011676788,1.0,1.0,0.0,1.0,-2.136335849761963,2.1363320350646973,3.6700594137073486e-06,1.6475595235824585,0.2865831255912781,0.2865831255912781,0.0,54.32052230834961,59.0,7354.365234375,-0.0,754.0357055664062,1.0,283.1499938964844,287.1844482421875,290.59820556640625,291.1527404785156,293.1499938964844,293.1499938964844,283.1499938964844,18254.8984375,18000.0,313.1499938964844,0.0,18000.0,1.0,0.0,0.0,0.0,1.0,0.3476075828075409,1.0,0.0,0.0,0.427924245595932,0.470969021320343,1.2218763778548693e-08,4.265924453735352,4.265914440155029,9.78592834144365e-06,0.0,0.0,-0.0,2401.145263671875,0.0,20.48144721984864,1895.4371337890625,0.0,190.6699981689453,0.2465837150812149,1.0,0.0,3.0,1.0,0.0
12336300,297.0668640136719,297.1499938964844,293.1499938964844,0.0,-0.0,287.5350646972656,0.8992274403572083,0.2326012700796127,0.2100212424993515,297.0157775878906,297.1499938964844,293.1499938964844,0.0,-0.0,287.53594970703125,0.994752824306488,0.3124618828296661,0.2965852618217468,297.0328063964844,297.1499938964844,293.1499938964844,0.0,-0.0,287.5358581542969,0.9833846688270568,0.2993503510951996,0.2098966240882873,297.01971435546875,297.1499938964844,293.1499938964844,0.0,-0.0,287.5355529785156,0.9518070220947266,0.2707478404045105,0.2572921514511108,297.0646057128906,297.1499938964844,293.1499938964844,0.0,-0.0,287.5339660644531,0.823350727558136,0.1773263663053512,0.8017287254333496,287.5359802246094,289.0127258300781,290.8736267089844,287.65936279296875,290.87548828125,297.0646667480469,287.5416259765625,1.0,0.386111170053482,1.0,1.0,0.0,1.0,-2.1312685012817383,2.131264925003052,3.6527269458019873e-06,1.6435855627059937,0.2767901420593261,0.2767901420593261,0.0,54.641448974609375,59.0,7154.03125,-0.0,750.7770385742188,1.0,283.1499938964844,287.23193359375,290.5887451171875,291.1289978027344,293.1499938964844,293.1499938964844,283.1499938964844,18188.380859375,18000.0,313.1499938964844,0.0,18000.0,1.0,0.0,0.0,0.0,1.0,0.3406062722206116,1.0,0.0,0.0,0.411365270614624,0.4746247828006744,1.1291424684145568e-08,4.265924453735352,4.265914440155029,9.78592834144365e-06,0.0,0.0,-0.0,2334.66943359375,0.0,20.4742488861084,1895.4371337890625,0.0,179.87864685058594,0.2458550930023193,1.0,0.0,3.0,1.0,0.0
12336360,297.0676574707031,297.1499938964844,293.1499938964844,0.0,-0.0,287.58349609375,0.8853622078895569,0.2321538180112838,0.2097147107124328,297.0166015625,297.1499938964844,293.1499938964844,0.0,-0.0,287.5843505859375,0.9824671745300292,0.3116931319236755,0.2959574460983276,297.0336608886719,297.1499938964844,293.1499938964844,0.0,-0.0,287.584228515625,0.9696979522705078,0.2986916005611419,0.2095101028680801,297.0201721191406,297.1499938964844,293.1499938964844,0.0,-0.0,287.5839538574219,0.935314416885376,0.2699700891971588,0.2566561698913574,297.0650634765625,297.1499938964844,293.1499938964844,0.0,-0.0,287.5824279785156,0.811427116394043,0.1768309623003006,0.7999693751335144,287.5843811035156,289.0570068359375,290.837890625,287.6482238769531,290.8397827148437,297.0651550292969,287.5898742675781,1.0,0.3875235319137573,1.0,1.0,0.0,1.0,-2.12680459022522,2.126800775527954,3.637515192167484e-06,1.6400976181030271,0.2670141160488128,0.2670141160488128,0.0,56.76651763916016,77.0,6959.91552734375,-0.0,754.591064453125,1.0,283.1499938964844,287.2779235839844,290.57818603515625,291.10430908203125,293.1499938964844,293.1499938964844,283.1499938964844,18147.23828125,18000.0,313.1499938964844,0.0,18000.0,1.0,0.0,0.0,0.0,1.0,0.3336335718631744,1.0,0.0,0.0,0.3957318067550659,0.4778498113155365,1.0449641152376898e-08,4.265924453735352,4.265914440155029,9.78592834144365e-06,0.0,0.0,-0.0,2269.765625,0.0,20.47925567626953,1895.4371337890625,0.0,169.13633728027344,0.245276391506195,1.0,0.0,3.0,1.0,0.0
12336420,297.068359375,297.1499938964844,293.1499938964844,0.0,-0.0,287.6762084960937,0.8461052179336548,0.2311816066503524,0.2091773897409439,297.0175170898437,297.1499938964844,293.1499938964844,0.0,-0.0,287.6770324707031,0.9369580149650574,0.3100974559783935,0.2948002517223358,297.0345458984375,297.1499938964844,293.1499938964844,0.0,-0.0,287.6769104003906,0.9218271374702454,0.2973095774650574,0.2088052183389663,297.0204162597656,297.1499938964844,293.1499938964844,0.0,-0.0,287.6766662597656,0.8889102935791016,0.2683510780334472,0.2554772794246673,297.06524658203125,297.1499938964844,293.1499938964844,0.0,-0.0,287.6752014160156,0.7741991281509399,0.1757763475179672,0.7968902587890625,287.67706298828125,289.1452331542969,290.7667541503906,287.6238708496094,290.7686462402344,297.0654296875,287.6822509765625,1.0,0.3936420977115631,1.0,1.0,0.0,1.0,-2.1188080310821533,2.118804454803467,3.610364046835457e-06,1.6338571310043335,0.2474730312824249,0.2474730312824249,0.0,64.78336334228516,95.0,6586.1845703125,-0.0,776.5718383789062,1.0,283.1499938964844,287.3650817871094,290.55450439453125,291.0531311035156,293.1499938964844,293.1499938964844,283.1499938964844,18110.392578125,18000.0,313.1499938964844,0.0,18000.0,1.0,0.0,0.0,0.0,1.0,0.319758802652359,1.0,0.0,0.0,0.3666557371616363,0.4820363819599151,9.027457892329949e-09,4.265924453735352,4.265914440155029,9.78592834144365e-06,0.0,0.0,-0.0,2144.58447265625,0.0,20.44886779785156,1895.4371337890625,0.0,147.6155242919922,0.2443302124738693,1.0,0.0,3.0,1.0,0.0
12336480,297.068359375,297.1499938964844,293.1499938964844,0.0,-0.0,287.6762084960937,0.8461052179336548,0.2311816066503524,0.2091773897409439,297.0175170898437,297.1499938964844,293.1499938964844,0.0,-0.0,287.6770324707031,0.9369580149650574,0.3100974559783935,0.2948002517223358,297.0345458984375,297.1499938964844,293.1499938964844,0.0,-0.0,287.6769104003906,0.9218271374702454,0.2973095774650574,0.2088052183389663,297.0204162597656,297.1499938964844,293.1499938964844,0.0,-0.0,287.6766662597656,0.8889102935791016,0.2683510780334472,0.2554772794246673,297.06524658203125,297.1499938964844,293.1499938964844,0.0,-0.0,287.6752014160156,0.7741991281509399,0.1757763475179672,0.7968902587890625,287.67706298828125,289.1452331542969,290.7667541503906,287.6238708496094,290.7686462402344,297.0654296875,287.6822509765625,1.0,0.3936420977115631,1.0,1.0,0.0,1.0,-2.1188080310821533,2.118804454803467,3.610364046835457e-06,1.6338571310043335,0.2474730312824249,0.2474730312824249,0.0,64.78336334228516,95.0,6586.1845703125,-0.0,776.5718383789062,1.0,283.1499938964844,287.3650817871094,290.55450439453125,291.0531311035156,293.1499938964844,293.1499938964844,283.1499938964844,18110.392578125,18000.0,313.1499938964844,0.0,18000.0,1.0,0.0,0.0,0.0,1.0,0.319758802652359,1.0,0.0,0.0,0.3666557371616363,0.4820363819599151,9.027457892329949e-09,4.265924453735352,4.265914440155029,9.78592834144365e-06,0.0,0.0,-0.0,2144.58447265625,0.0,20.44886779785156,1895.4371337890625,0.0,147.6155242919922,0.2443302124738693,1.0,0.0,3.0,1.0,0.0
12336540,297.06787109375,297.1499938964844,293.1499938964844,0.0,-0.0,287.7637634277344,0.8073930740356445,0.2301006615161895,0.2086791545152664,297.0174560546875,297.1499938964844,293.1499938964844,0.0,-0.0,287.7645263671875,0.8869888186454773,0.3084128797054291,0.2937047481536865,297.0343933105469,297.1499938964844,293.1499938964844,0.0,-0.0,287.7644348144531,0.8745889663696289,0.2958320081233978,0.2081408351659774,297.0196838378906,297.1499938964844,293.1499938964844,0.0,-0.0,287.7641906738281,0.8455916047096252,0.2666371464729309,0.2543540596961975,297.0644836425781,297.1499938964844,293.1499938964844,0.0,-0.0,287.7628173828125,0.7375633120536804,0.1746257692575454,0.7940708994865417,287.7645874023437,289.2328796386719,290.6960754394531,287.5966186523437,290.69793701171875,297.0647277832031,287.7695007324219,1.0,0.4028078019618988,1.0,1.0,0.0,1.0,-2.1113603115081787,2.111356735229492,3.585189006116707e-06,1.6280536651611328,0.2278989255428314,0.2278989255428314,0.0,76.43781280517578,98.0,6228.30810546875,-0.0,811.9483642578125,1.0,283.1499938964844,287.4474792480469,290.5282897949219,291.0004272460937,293.1499938964844,293.1499938964844,283.1499938964844,18097.806640625,18000.0,313.1499938964844,0.0,18000.0,1.0,0.0,0.0,0.0,1.0,0.3060868978500366,1.0,0.0,0.0,0.3398521244525909,0.484091579914093,7.931503454017275e-09,4.265924453735352,4.265914440155029,9.78592834144365e-06,0.0,0.0,-0.0,2024.58056640625,0.0,20.366661071777344,1895.4371337890625,0.0,125.96281433105467,0.2435038685798645,1.0,0.0,3.0,1.0,0.0
12336600,297.06787109375,297.1499938964844,293.1499938964844,0.0,-0.0,287.7637634277344,0.8073930740356445,0.2301006615161895,0.2086791545152664,297.0174560546875,297.1499938964844,293.1499938964844,0.0,-0.0,287.7645263671875,0.8869888186454773,0.3084128797054291,0.2937047481536865,297.0343933105469,297.1499938964844,293.1499938964844,0.0,-0.0,287.7644348144531,0.8745889663696289,0.2958320081233978,0.2081408351659774,297.0196838378906,297.1499938964844,293.1499938964844,0.0,-0.0,287.7641906738281,0.8455916047096252,0.2666371464729309,0.2543540596961975,297.0644836425781,297.1499938964844,293.1499938964844,0.0,-0.0,287.7628173828125,0.7375633120536804,0.1746257692575454,0.7940708994865417,287.7645874023437,289.2328796386719,290.6960754394531,287.5966186523437,290.69793701171875,297.0647277832031,287.7695007324219,1.0,0.4028078019618988,1.0,1.0,0.0,1.0,-2.1113603115081787,2.111356735229492,3.585189006116707e-06,1.6280536651611328,0.2278989255428314,0.2278989255428314,0.0,76.43781280517578,98.0,6228.30810546875,-0.0,811.9483642578125,1.0,283.1499938964844,287.4474792480469,290.5282897949219,291.0004272460937,293.1499938964844,293.1499938964844,283.1499938964844,18097.806640625,18000.0,313.1499938964844,0.0,18000.0,1.0,0.0,0.0,0.0,1.0,0.3060868978500366,1.0,0.0,0.0,0.3398521244525909,0.484091579914093,7.931503454017275e-09,4.265924453735352,4.265914440155029,9.78592834144365e-06,0.0,0.0,-0.0,2024.58056640625,0.0,20.366661071777344,1895.4371337890625,0.0,125.96281433105467,0.2435038685798645,1.0,0.0,3.0,1.0,0.0
12336660,297.06658935546875,297.1499938964844,293.1499938964844,0.0,-0.0,287.8453369140625,0.7821512222290039,0.2289288789033889,0.2079923003911972,297.0165710449219,297.1499938964844,293.1499938964844,0.0,-0.0,287.8460388183594,0.8594028949737549,0.3066447675228119,0.2924216389656067,297.0334167480469,297.1499938964844,293.1499938964844,0.0,-0.0,287.845947265625,0.8480716943740845,0.2942686975002289,0.2073353230953216,297.0181884765625,297.1499938964844,293.1499938964844,0.0,-0.0,287.845703125,0.8209141492843628,0.2648348808288574,0.2530381977558136,297.0629272460937,297.1499938964844,293.1499938964844,0.0,-0.0,287.84442138671875,0.716245174407959,0.1733864992856979,0.7903330326080322,287.8460693359375,289.3199768066406,290.6258239746094,287.5660705566406,290.6277160644531,297.063232421875,287.8505859375,1.0,0.4088395833969116,1.0,1.0,0.0,1.0,-2.101959228515625,2.1019558906555176,3.5535936149244662e-06,1.6207573413848877,0.2082167416810989,0.2082167416810989,0.0,85.36912536621094,86.0,5882.4072265625,-0.0,835.5447998046875,1.0,283.1499938964844,287.52691650390625,290.5068359375,290.94854736328125,293.1499938964844,293.1499938964844,283.1499938964844,18090.41015625,18000.0,313.1499938964844,0.0,18000.0,1.0,0.0,0.0,0.0,1.0,0.2936822474002838,1.0,0.0,0.0,0.3148894011974334,0.4851308763027191,7.059111517548899e-09,4.265924453735352,4.265914440155029,9.78592834144365e-06,0.0,0.0,-0.0,1909.280029296875,0.0,20.26130104064941,1895.4371337890625,0.0,98.56108856201172,0.242741197347641,1.0,0.0,3.0,1.0,0.0
12336720,297.06658935546875,297.1499938964844,293.1499938964844,0.0,-0.0,287.8453369140625,0.7821512222290039,0.2289288789033889,0.2079923003911972,297.0165710449219,297.1499938964844,293.1499938964844,0.0,-0.0,287.8460388183594,0.8594028949737549,0.3066447675228119,0.2924216389656067,297.0334167480469,297.1499938964844,293.1499938964844,0.0,-0.0,287.845947265625,0.8480716943740845,0.2942686975002289,0.2073353230953216,297.0181884765625,297.1499938964844,293.1499938964844,0.0,-0.0,287.845703125,0.8209141492843628,0.2648348808288574,0.2530381977558136,297.0629272460937,297.1499938964844,293.1499938964844,0.0,-0.0,287.84442138671875,0.716245174407959,0.1733864992856979,0.7903330326080322,287.8460693359375,289.3199768066406,290.6258239746094,287.5660705566406,290.6277160644531,297.063232421875,287.8505859375,1.0,0.4088395833969116,1.0,1.0,0.0,1.0,-2.101959228515625,2.1019558906555176,3.5535936149244662e-06,1.6207573413848877,0.2082167416810989,0.2082167416810989,0.0,85.36912536621094,86.0,5882.4072265625,-0.0,835.5447998046875,1.0,283.1499938964844,287.52691650390625,290.5068359375,290.94854736328125,293.1499938964844,293.1499938964844,283.1499938964844,18090.41015625,18000.0,313.1499938964844,0.0,18000.0,1.0,0.0,0.0,0.0,1.0,0.2936822474002838,1.0,0.0,0.0,0.3148894011974334,0.4851308763027191,7.059111517548899e-09,4.265924453735352,4.265914440155029,9.78592834144365e-06,0.0,0.0,-0.0,1909.280029296875,0.0,20.26130104064941,1895.4371337890625,0.0,98.56108856201172,0.242741197347641,1.0,0.0,3.0,1.0,0.0
12336780,297.06500244140625,297.1499938964844,293.1499938964844,0.0,-0.0,287.9194641113281,0.7762636542320251,0.2277128994464874,0.206984594464302,297.0152282714844,297.1499938964844,293.1499938964844,0.0,-0.0,287.92010498046875,0.8529929518699646,0.3048207759857178,0.2907941937446594,297.03204345703125,297.1499938964844,293.1499938964844,0.0,-0.0,287.9200134277344,0.8420297503471375,0.2926529049873352,0.2062769681215286,297.01629638671875,297.1499938964844,293.1499938964844,0.0,-0.0,287.9197998046875,0.8147332668304443,0.2629742622375488,0.2513749599456787,297.0610656738281,297.1499938964844,293.1499938964844,0.0,-0.0,287.91864013671875,0.7105329632759094,0.17209392786026,0.784961462020874,287.92010498046875,289.40643310546875,290.5560913085937,287.531982421875,290.5579833984375,297.0614013671875,287.9241943359375,1.0,0.4080772995948791,1.0,1.0,0.0,1.0,-2.089077472686768,2.089073896408081,3.510539727358264e-06,1.610756278038025,0.1883245855569839,0.1883245855569839,0.0,86.99761199951172,74.0,5547.2646484375,-0.0,829.7666625976562,1.0,283.1499938964844,287.60400390625,290.5199890136719,290.9334716796875,293.1499938964844,293.1499938964844,283.1499938964844,18083.552734375,18000.0,313.1499938964844,0.0,18000.0,1.0,0.0,0.0,0.0,1.0,0.2918440997600555,1.0,0.0,0.0,0.2915042638778686,0.4857387542724609,6.335447721994569e-09,4.265924453735352,4.265914440155029,9.78592834144365e-06,0.0,0.0,-0.0,1799.6854248046875,0.0,20.15180015563965,1895.4371337890625,0.0,87.9400634765625,0.2420354336500167,1.0,0.0,3.0,1.0,0.0
12336840,297.06500244140625,297.1499938964844,293.1499938964844,0.0,-0.0,287.9194641113281,0.7762636542320251,0.2277128994464874,0.206984594464302,297.0152282714844,297.1499938964844,293.1499938964844,0.0,-0.0,287.92010498046875,0.8529929518699646,0.3048207759857178,0.2907941937446594,297.03204345703125,297.1499938964844,293.1499938964844,0.0,-0.0,287.9200134277344,0.8420297503471375,0.2926529049873352,0.2062769681215286,297.01629638671875,297.1499938964844,293.1499938964844,0.0,-0.0,287.9197998046875,0.8147332668304443,0.2629742622375488,0.2513749599456787,297.0610656738281,297.1499938964844,293.1499938964844,0.0,-0.0,287.91864013671875,0.7105329632759094,0.17209392786026,0.784961462020874,287.92010498046875,289.40643310546875,290.5560913085937,287.531982421875,290.5579833984375,297.0614013671875,287.9241943359375,1.0,0.4080772995948791,1.0,1.0,0.0,1.0,-2.089077472686768,2.089073896408081,3.510539727358264e-06,1.610756278038025,0.1883245855569839,0.1883245855569839,0.0,86.99761199951172,74.0,5547.2646484375,-0.0,829.7666625976562,1.0,283.1499938964844,287.60400390625,290.5199890136719,290.9334716796875,293.1499938964844,293.1499938964844,283.1499938964844,18083.552734375,18000.0,313.1499938964844,0.0,18000.0,1.0,0.0,0.0,0.0,1.0,0.2918440997600555,1.0,0.0,0.0,0.2915042638778686,0.4857387542724609,6.335447721994569e-09,4.265924453735352,4.265914440155029,9.78592834144365e-06,0.0,0.0,-0.0,1799.6854248046875,0.0,20.15180015563965,1895.4371337890625,0.0,87.9400634765625,0.2420354336500167,1.0,0.0,3.0,1.0,0.0
12336900,297.0642395019531,297.1499938964844,293.1499938964844,0.0,-0.0,287.95379638671875,0.7777583599090576,0.2270997464656829,0.2064004391431808,297.0144958496094,297.1499938964844,293.1499938964844,0.0,-0.0,287.95440673828125,0.8544830679893494,0.3038957118988037,0.2898889482021332,297.03131103515625,297.1499938964844,293.1499938964844,0.0,-0.0,287.954345703125,0.8435248732566833,0.2918340563774109,0.2056815773248672,297.01531982421875,297.1499938964844,293.1499938964844,0.0,-0.0,287.9541320800781,0.8159834742546082,0.2620307207107544,0.2504514455795288,297.06011962890625,297.1499938964844,293.1499938964844,0.0,-0.0,287.9530334472656,0.7116245031356812,0.1714387089014053,0.7818557024002075,287.9544372558594,289.4494323730469,290.5214233398437,287.5135192871094,290.5232849121094,297.0604858398437,287.9583435058594,1.0,0.4060428440570831,1.0,1.0,0.0,1.0,-2.0817348957061768,2.0817313194274902,3.4861072890635114e-06,1.6050432920455933,0.1782715171575546,0.1782715171575546,0.0,85.82119750976562,74.0,5384.29931640625,-0.0,819.0331420898438,1.0,283.1499938964844,287.6419372558594,290.50860595703125,290.9158630371094,293.1499938964844,293.1499938964844,283.1499938964844,18080.1171875,18000.0,313.1499938964844,0.0,18000.0,1.0,0.0,0.0,0.0,1.0,0.2917788624763489,1.0,0.0,0.0,0.2803462743759155,0.4859705865383148,6.014728715086903e-09,4.265924453735352,4.265914440155029,9.78592834144365e-06,0.0,0.0,-0.0,1745.07275390625,0.0,20.09860038757324,1895.4371337890625,0.0,87.54149627685547,0.2417040467262268,1.0,0.0,3.0,1.0,0.0
12336960,297.0635070800781,297.1499938964844,293.1499938964844,0.0,-0.0,287.9866027832031,0.7814562320709229,0.2264832407236099,0.2057787775993347,297.01373291015625,297.1499938964844,293.1499938964844,0.0,-0.0,287.9871826171875,0.8583065867424011,0.3029623925685882,0.2889394164085388,297.0305480957031,297.1499938964844,293.1499938964844,0.0,-0.0,287.98712158203125,0.8472661375999451,0.2910082042217254,0.2050544172525406,297.0143127441406,297.1499938964844,293.1499938964844,0.0,-0.0,287.9869079589844,0.8193585872650146,0.2610790431499481,0.2494836598634719,297.0592041015625,297.1499938964844,293.1499938964844,0.0,-0.0,287.9858703613281,0.7146349549293518,0.1707791239023208,0.7785555720329285,287.9872131347656,289.4922790527344,290.48687744140625,287.4940490722656,290.4887390136719,297.0595703125,287.990966796875,1.0,0.4031770527362823,1.0,1.0,0.0,1.0,-2.07396936416626,2.0739660263061523,3.460363586782478e-06,1.5989985466003418,0.1681371480226516,0.1681371480226516,0.0,83.71004486083984,62.0,5224.626953125,-0.0,804.6930541992188,1.0,283.1499938964844,287.6797790527344,290.4898681640625,290.8887634277344,293.1499938964844,293.1499938964844,283.1499938964844,18076.68359375,18000.0,313.1499938964844,0.0,18000.0,1.0,0.0,0.0,0.0,1.0,0.2914258241653442,1.0,0.0,0.0,0.2695252895355224,0.4861811995506286,5.7162439226488e-09,4.265924453735352,4.265914440155029,9.78592834144365e-06,0.0,0.0,-0.0,1691.0028076171875,0.0,20.047344207763672,1895.4371337890625,0.0,85.37149047851562,0.2413870096206665,1.0,0.0,3.0,1.0,0.0
12337020,297.06201171875,297.1499938964844,293.1499938964844,0.0,-0.0,288.0479736328125,0.7947826385498047,0.2252363711595535,0.2044484317302703,297.0120849609375,297.1499938964844,293.1499938964844,0.0,-0.0,288.04852294921875,0.8723829388618469,0.3010693788528442,0.2869361639022827,297.0289611816406,297.1499938964844,293.1499938964844,0.0,-0.0,288.0484619140625,0.8609645366668701,0.2893328070640564,0.2037252783775329,297.0122375488281,297.1499938964844,293.1499938964844,0.0,-0.0,288.0482788085937,0.8316009044647217,0.2591503858566284,0.2474446594715118,297.0574035644531,297.1499938964844,293.1499938964844,0.0,-0.0,288.0472717285156,0.7252913117408752,0.1694465428590774,0.7715165019035339,288.0485534667969,289.5774841308594,290.41815185546875,287.45196533203125,290.4200439453125,297.0577697753906,288.0519714355469,1.0,0.3955563306808471,1.0,1.0,0.0,1.0,-2.057467699050904,2.057464122772217,3.405992856642115e-06,1.5861479043960571,0.1475961059331894,0.1475961059331894,0.0,77.4370346069336,50.0,4915.330078125,-0.0,768.2881469726562,1.0,283.1499938964844,287.7557983398437,290.4459228515625,290.82330322265625,293.1499938964844,293.1499938964844,283.1499938964844,18069.9609375,18000.0,313.1499938964844,0.0,18000.0,1.0,0.0,0.0,0.0,1.0,0.2902076840400696,1.0,0.0,0.0,0.248845174908638,0.4865804314613342,5.174954686992805e-09,4.265924453735352,4.265914440155029,9.78592834144365e-06,0.0,0.0,-0.0,1585.603515625,0.0,19.95186233520508,1895.4371337890625,0.0,77.79104614257812,0.2407948970794677,1.0,0.0,3.0,1.0,0.0
12337080,297.06201171875,297.1499938964844,293.1499938964844,0.0,-0.0,288.0479736328125,0.7947826385498047,0.2252363711595535,0.2044484317302703,297.0120849609375,297.1499938964844,293.1499938964844,0.0,-0.0,288.04852294921875,0.8723829388618469,0.3010693788528442,0.2869361639022827,297.0289611816406,297.1499938964844,293.1499938964844,0.0,-0.0,288.0484619140625,0.8609645366668701,0.2893328070640564,0.2037252783775329,297.0122375488281,297.1499938964844,293.1499938964844,0.0,-0.0,288.0482788085937,0.8316009044647217,0.2591503858566284,0.2474446594715118,297.0574035644531,297.1499938964844,293.1499938964844,0.0,-0.0,288.0472717285156,0.7252913117408752,0.1694465428590774,0.7715165019035339,288.0485534667969,289.5774841308594,290.41815185546875,287.45196533203125,290.4200439453125,297.0577697753906,288.0519714355469,1.0,0.3955563306808471,1.0,1.0,0.0,1.0,-2.057467699050904,2.057464122772217,3.405992856642115e-06,1.5861479043960571,0.1475961059331894,0.1475961059331894,0.0,77.4370346069336,50.0,4915.330078125,-0.0,768.2881469726562,1.0,283.1499938964844,287.7557983398437,290.4459228515625,290.82330322265625,293.1499938964844,293.1499938964844,283.1499938964844,18069.9609375,18000.0,313.1499938964844,0.0,18000.0,1.0,0.0,0.0,0.0,1.0,0.2902076840400696,1.0,0.0,0.0,0.248845174908638,0.4865804314613342,5.174954686992805e-09,4.265924453735352,4.265914440155029,9.78592834144365e-06,0.0,0.0,-0.0,1585.603515625,0.0,19.95186233520508,1895.4371337890625,0.0,77.79104614257812,0.2407948970794677,1.0,0.0,3.0,1.0,0.0
12337140,297.0604553222656,303.1499938964844,285.1499938964844,0.0,-0.0,288.104248046875,0.8157724738121033,0.0,0.2030275613069534,297.0102844238281,303.1499938964844,285.1499938964844,0.0,-0.0,288.104736328125,0.8956789374351501,0.0,0.2848238050937652,297.0271911621094,303.1499938964844,285.1499938964844,0.0,-0.0,288.10467529296875,0.8837766647338867,0.0,0.202317476272583,297.01007080078125,303.1499938964844,285.1499938964844,0.0,-0.0,288.1044921875,0.8518250584602356,0.0,0.2452982515096664,297.0556335449219,303.1499938964844,285.1499938964844,0.0,-0.0,288.10357666015625,0.7423121929168701,0.0,0.7640410661697388,288.104736328125,294.1499938964844,290.3500061035156,287.40545654296875,290.35186767578125,297.0559997558594,288.1079406738281,0.0,0.0,1.0,1.0,0.0,1.0,-2.039978504180908,2.039975166320801,3.348870450281538e-06,1.5725226402282717,0.0,0.0,0.0,69.28644561767578,60.0,4619.365234375,-0.0,725.082275390625,0.0,283.1499938964844,287.83319091796875,290.3992004394531,290.7544860839844,293.1499938964844,293.1499938964844,278.1499938964844,18063.671875,18000.0,313.1499938964844,0.0,18000.0,0.0,0.0,0.0,0.0,0.0,0.0,0.0,0.0,0.0,0.2293756008148193,0.4869835376739502,4.694334254651267e-09,4.265924453735352,4.265914440155029,9.78592834144365e-06,0.0,0.0,-0.0,0.0,0.0,19.86632537841797,1895.4371337890625,0.0,0.0,0.0,0.0,0.0,4.0,0.0,0.0
12337200,297.0604553222656,303.1499938964844,285.1499938964844,0.0,-0.0,288.104248046875,0.8157724738121033,0.0,0.2030275613069534,297.0102844238281,303.1499938964844,285.1499938964844,0.0,-0.0,288.104736328125,0.8956789374351501,0.0,0.2848238050937652,297.0271911621094,303.1499938964844,285.1499938964844,0.0,-0.0,288.10467529296875,0.8837766647338867,0.0,0.202317476272583,297.01007080078125,303.1499938964844,285.1499938964844,0.0,-0.0,288.1044921875,0.8518250584602356,0.0,0.2452982515096664,297.0556335449219,303.1499938964844,285.1499938964844,0.0,-0.0,288.10357666015625,0.7423121929168701,0.0,0.7640410661697388,288.104736328125,294.1499938964844,290.3500061035156,287.40545654296875,290.35186767578125,297.0559997558594,288.1079406738281,0.0,0.0,1.0,1.0,0.0,1.0,-2.039978504180908,2.039975166320801,3.348870450281538e-06,1.5725226402282717,0.0,0.0,0.0,69.28644561767578,60.0,4619.365234375,-0.0,725.082275390625,0.0,283.1499938964844,287.83319091796875,290.3992004394531,290.7544860839844,293.1499938964844,293.1499938964844,278.1499938964844,18063.671875,18000.0,313.1499938964844,0.0,18000.0,0.0,0.0,0.0,0.0,0.0,0.0,0.0,0.0,0.0,0.2293756008148193,0.4869835376739502,4.694334254651267e-09,4.265924453735352,4.265914440155029,9.78592834144365e-06,0.0,0.0,-0.0,0.0,0.0,19.86632537841797,1895.4371337890625,0.0,0.0,0.0,0.0,0.0,4.0,0.0,0.0
12337260,297.2539978027344,303.1499938964844,285.1499938964844,0.0,-0.0,288.1562805175781,0.3575804233551025,0.0,0.0008402146631851,297.2084655761719,303.1499938964844,285.1499938964844,0.0,-0.0,288.1564636230469,0.3575804233551025,0.0,0.0008847865392453,297.25,303.1499938964844,285.1499938964844,0.0,-0.0,288.1564636230469,0.3575804233551025,0.0,0.0006535003194585,297.1550598144531,303.1499938964844,285.1499938964844,0.0,-0.0,288.1563720703125,0.3575804233551025,0.0,0.0008847865392453,297.156982421875,303.1499938964844,285.1499938964844,0.0,-0.0,288.156005859375,0.0,0.0,0.004197048023343,288.167724609375,294.1499938964844,290.3157958984375,287.3807983398437,290.3406982421875,296.6273803710937,286.9438171386719,0.0,0.0,0.7979457378387451,0.7979457378387451,0.2020542323589325,1.0,-0.0089537939056754,0.0090117324143648,-5.79385923629161e-05,-0.0112593080848455,0.0,0.0,0.0,-0.0470665022730827,60.0,912.9942016601562,-0.0,-5.466059519676492e-06,0.0,283.1598205566406,287.84234619140625,290.39013671875,290.6860046386719,293.1499938964844,293.1499938964844,278.1499938964844,1.41095370054245e-07,18000.0,313.1499938964844,0.0,18000.0,0.0,0.0,0.0,0.0,0.0,0.0,0.0,0.0,0.0,1.261402396787346e-14,4.636159281457519e-14,2.5546179133406006e-20,2.1395474281149518e-10,2.1395449301131464e-10,2.449756132219977e-16,0.0,0.0,-0.0,0.0,0.0,1.3479532922497393e-23,7.110994620613177e-19,0.0,0.0,0.0,0.0,0.0,4.0,0.0,0.0
12337320,297.4327697753906,303.1499938964844,285.1499938964844,0.0,-0.0,288.15301513671875,0.0,0.0,0.0008294451981782,297.39605712890625,303.1499938964844,285.1499938964844,0.0,-0.0,288.1531677246094,0.0,0.0,0.0011325124651193,297.4512634277344,303.1499938964844,285.1499938964844,0.0,-0.0,288.1531066894531,0.0,0.0,0.0008071124320849,297.2981872558594,303.1499938964844,285.1499938964844,0.0,-0.0,288.1529846191406,0.0,0.0,0.0009881313890218,297.2784729003906,303.1499938964844,285.1499938964844,0.0,-0.0,288.1530456542969,0.0,0.0,0.0032312332186847,288.16241455078125,294.1499938964844,290.2825012207031,287.3567199707031,290.33612060546875,296.011474609375,286.33697509765625,0.0,0.0,0.6000000238418579,0.6000000238418579,0.4000000059604645,1.0,0.002798268571496,0.0003985671210102,-0.0031968357507139,-0.017209043726325,0.0,0.0,0.0,0.0136302318423986,60.0,349.70965576171875,-0.0,-4.796356279257452e-06,0.0,283.1598205566406,287.84234619140625,290.39013671875,290.6860046386719,293.1499938964844,293.1499938964844,278.1499938964844,0.0,18000.0,313.1499938964844,0.0,18000.0,0.0,0.0,0.0,0.0,0.0,0.0,0.0,0.0,0.0,2.6920310220271746e-30,5.6237440256333414e-30,3.653340198755696e-33,4.1841512671244384e-18,4.181154391765158e-18,2.996653216048709e-21,0.0,0.0,-0.0,0.0,0.0,0.0,0.0,0.0,0.0,0.0,0.0,0.0,4.0,0.0,0.0
12337380,297.56854248046875,303.1499938964844,285.1499938964844,0.0,-0.0,288.1505126953125,0.0,0.0,0.0001175783181679,297.54345703125,303.1499938964844,285.1499938964844,0.0,-0.0,288.1501159667969,0.0,0.0,0.000131739056087,297.6030578613281,303.1499938964844,285.1499938964844,0.0,-0.0,288.150146484375,0.0,0.0,9.640418284107e-05,297.4132080078125,303.1499938964844,285.1499938964844,0.0,-0.0,288.1502380371094,0.0,0.0,0.0001273230736842,297.3846740722656,303.1499938964844,285.1499938964844,0.0,-0.0,288.1509704589844,0.0,0.0,0.0005594332469627,288.15875244140625,294.1499938964844,290.2490539550781,287.3324279785156,290.3343811035156,295.23223876953125,286.1398620605469,0.0,0.0,0.4000000059604645,0.4000000059604645,0.6000000238418579,1.0,-0.0012392572825774,0.0030490031931549,-0.0018097457941621,-0.0159929748624563,0.0,0.0,0.0,-0.0085296491160988,60.0,132.88258361816406,-0.0,-1.046913595814658e-07,0.0,283.1598205566406,287.84234619140625,290.39013671875,290.6860046386719,293.1499938964844,293.1499938964844,278.1499938964844,0.0,18000.0,313.1499938964844,0.0,18000.0,0.0,0.0,0.0,0.0,0.0,0.0,0.0,0.0,0.0,2.380002866608113e-38,3.277898029829804e-38,7.100037401908553e-39,-1.8020365520189256e-20,-1.472009905303594e-20,-3.300266467153317e-21,0.0,0.0,-0.0,0.0,0.0,0.0,-0.0,0.0,0.0,0.0,0.0,0.0,4.0,0.0,0.0
12337440,297.67254638671875,303.1499938964844,285.1499938964844,0.0,-0.0,288.14947509765625,0.0,0.0,9.523099288344385e-05,297.6593017578125,303.1499938964844,285.1499938964844,0.0,-0.0,288.1490783691406,0.0,0.0,0.0001002794815576,297.7184753417969,303.1499938964844,285.1499938964844,0.0,-0.0,288.14910888671875,0.0,0.0,7.406646909657866e-05,297.5053100585937,303.1499938964844,285.1499938964844,0.0,-0.0,288.1492004394531,0.0,0.0,0.0001002813514787,297.4765930175781,303.1499938964844,285.1499938964844,0.0,-0.0,288.14996337890625,0.0,0.0,0.0004757101996801,288.1571960449219,294.1499938964844,290.2157897949219,287.3081970214844,290.3334045410156,294.49224853515625,286.0985717773437,0.0,0.0,0.2000000029802322,0.2000000029802322,0.800000011920929,1.0,-0.0010145877022296,0.0008028327720239,0.0002117549302056,-0.0181673876941204,0.0,0.0,0.0,-0.0083072101697325,60.0,50.34244537353516,-0.0,-7.021761661007987e-08,0.0,283.1598205566406,287.84234619140625,290.39013671875,290.6860046386719,293.1499938964844,293.1499938964844,278.1499938964844,0.0,18000.0,313.1499938964844,0.0,18000.0,0.0,0.0,0.0,0.0,0.0,0.0,0.0,0.0,0.0,4.992249093422021e-39,6.060959176328592e-39,3.269659515898346e-39,6.4481148090241504e-21,3.2225189616638267e-21,3.225595847360325e-21,0.0,0.0,-0.0,0.0,0.0,0.0,0.0,0.0,0.0,0.0,0.0,0.0,4.0,0.0,0.0
12337500,297.7541198730469,303.1499938964844,285.1499938964844,0.0,-0.0,288.1484375,0.0,0.0,9.52209738898091e-05,297.75164794921875,303.1499938964844,285.1499938964844,0.0,-0.0,288.1480407714844,0.0,0.0,0.00010027152166,297.8084411621094,303.1499938964844,285.1499938964844,0.0,-0.0,288.1480407714844,0.0,0.0,7.406029180856422e-05,297.5797119140625,303.1499938964844,285.1499938964844,0.0,-0.0,288.1481628417969,0.0,0.0,0.0001002719582174,297.55621337890625,303.1499938964844,285.1499938964844,0.0,-0.0,288.1488952636719,0.0,0.0,0.0004756510898005,288.1556396484375,294.1499938964844,290.1827087402344,287.28399658203125,290.3321838378906,293.8564453125,286.1142578125,0.0,0.0,0.0,0.0,1.0,1.0,-0.001014603418298,3.598147912953209e-08,0.0010145674459636,-0.0189301278442144,0.0,0.0,0.0,-0.0085740061476826,60.0,20.018280029296875,-0.0,-7.020209835673087e-08,0.0,283.1598205566406,287.84234619140625,290.39013671875,290.6860046386719,293.1499938964844,293.1499938964844,278.1499938964844,0.0,18000.0,313.1499938964844,0.0,18000.0,0.0,0.0,0.0,0.0,0.0,0.0,0.0,0.0,0.0,7.006492321624085e-45,8.407790785948902e-45,4.203895392974451e-45,6.446446311411624e-21,3.2228523784585838e-21,3.22359393295304e-21,0.0,0.0,-0.0,0.0,0.0,0.0,0.0,0.0,0.0,0.0,0.0,0.0,4.0,0.0,0.0
12337560,297.819580078125,303.1499938964844,285.1499938964844,0.0,-0.0,288.1473083496094,0.0,0.0,9.52113841776736e-05,297.8264465332031,303.1499938964844,285.1499938964844,0.0,-0.0,288.1469116210937,0.0,0.0,0.0001002622229862,297.8803100585937,303.1499938964844,285.1499938964844,0.0,-0.0,288.1469116210937,0.0,0.0,7.405333599308506e-05,297.6402893066406,303.1499938964844,285.1499938964844,0.0,-0.0,288.14703369140625,0.0,0.0,0.0001002622084342,297.62530517578125,303.1499938964844,285.1499938964844,0.0,-0.0,288.14776611328125,0.0,0.0,0.0004756003909278,288.1539611816406,294.1499938964844,290.1498413085937,287.2598876953125,290.3306884765625,293.3110046386719,286.1491394042969,0.0,0.0,0.0,0.0,1.0,1.0,-0.0010146134300157,7.573828675333516e-09,0.0010146058630198,-0.0188913885504007,0.0,0.0,0.0,-0.0085670305415987,60.0,9.077677726745604,-0.0,-7.018763881205814e-08,0.0,283.1598205566406,287.84234619140625,290.39013671875,290.6860046386719,293.1499938964844,293.1499938964844,278.1499938964844,0.0,18000.0,313.1499938964844,0.0,18000.0,0.0,0.0,0.0,0.0,0.0,0.0,0.0,0.0,0.0,-0.0,-0.0,-0.0,6.445928515735211e-21,3.222954766293194e-21,3.222973951390409e-21,0.0,0.0,-0.0,0.0,0.0,0.0,0.0,0.0,0.0,0.0,0.0,0.0,4.0,0.0,0.0
12337620,297.9178771972656,303.1499938964844,285.1499938964844,0.0,-0.0,288.1448059082031,0.0,0.0,9.518683509668337e-05,297.93927001953125,303.1499938964844,285.1499938964844,0.0,-0.0,288.1444091796875,0.0,0.0,0.0001002363933366,297.98797607421875,303.1499938964844,285.1499938964844,0.0,-0.0,288.1444396972656,0.0,0.0,7.403425115626305e-05,297.7308959960937,303.1499938964844,285.1499938964844,0.0,-0.0,288.14453125,0.0,0.0,0.0001002363642328,297.7380065917969,303.1499938964844,285.1499938964844,0.0,-0.0,288.145263671875,0.0,0.0,0.0004754776600748,288.1502685546875,294.1499938964844,290.0847473144531,287.2118835449219,290.32684326171875,292.4383544921875,286.2300109863281,0.0,0.0,0.0,0.0,1.0,1.0,-0.0010143498657271,7.542028335194573e-09,0.0010143422987312,-0.0188105013221502,0.0,0.0,0.0,-0.0085517233237624,60.0,3.5157840251922607,-0.0,-7.01511808642863e-08,0.0,283.1598205566406,287.84234619140625,290.39013671875,290.6860046386719,293.1499938964844,293.1499938964844,278.1499938964844,0.0,18000.0,313.1499938964844,0.0,18000.0,0.0,0.0,0.0,0.0,0.0,0.0,0.0,0.0,0.0,-0.0,-0.0,-0.0,6.4459143793477894e-21,3.222957189673895e-21,3.222956987725503e-21,0.0,0.0,-0.0,0.0,0.0,0.0,0.0,0.0,0.0,0.0,0.0,0.0,4.0,0.0,0.0
12337680,297.9178771972656,303.1499938964844,285.1499938964844,0.0,-0.0,288.1448059082031,0.0,0.0,9.518683509668337e-05,297.93927001953125,303.1499938964844,285.1499938964844,0.0,-0.0,288.1444091796875,0.0,0.0,0.0001002363933366,297.98797607421875,303.1499938964844,285.1499938964844,0.0,-0.0,288.1444396972656,0.0,0.0,7.403425115626305e-05,297.7308959960937,303.1499938964844,285.1499938964844,0.0,-0.0,288.14453125,0.0,0.0,0.0001002363642328,297.7380065917969,303.1499938964844,285.1499938964844,0.0,-0.0,288.145263671875,0.0,0.0,0.0004754776600748,288.1502685546875,294.1499938964844,290.0847473144531,287.2118835449219,290.32684326171875,292.4383544921875,286.2300109863281,0.0,0.0,0.0,0.0,1.0,1.0,-0.0010143498657271,7.542028335194573e-09,0.0010143422987312,-0.0188105013221502,0.0,0.0,0.0,-0.0085517233237624,60.0,3.5157840251922607,-0.0,-7.01511808642863e-08,0.0,283.1598205566406,287.84234619140625,290.39013671875,290.6860046386719,293.1499938964844,293.1499938964844,278.1499938964844,0.0,18000.0,313.1499938964844,0.0,18000.0,0.0,0.0,0.0,0.0,0.0,0.0,0.0,0.0,0.0,-0.0,-0.0,-0.0,6.4459143793477894e-21,3.222957189673895e-21,3.222956987725503e-21,0.0,0.0,-0.0,0.0,0.0,0.0,0.0,0.0,0.0,0.0,0.0,0.0,4.0,0.0,0.0
12337740,297.987548828125,303.1499938964844,285.1499938964844,0.0,-0.0,288.1419982910156,0.0,0.0,9.516126738162713e-05,298.01922607421875,303.1499938964844,285.1499938964844,0.0,-0.0,288.1416015625,0.0,0.0,0.0001002094650175,298.0645751953125,303.1499938964844,285.1499938964844,0.0,-0.0,288.1416320800781,0.0,0.0,7.401436596410349e-05,297.79443359375,303.1499938964844,285.1499938964844,0.0,-0.0,288.1417236328125,0.0,0.0,0.0001002094431896,297.8244323730469,303.1499938964844,285.1499938964844,0.0,-0.0,288.1424560546875,0.0,0.0,0.0004753499524667,288.14617919921875,294.1499938964844,290.0204772949219,287.1641845703125,290.3219299316406,291.78912353515625,286.3078308105469,0.0,0.0,0.0,0.0,1.0,1.0,-0.0010140755912289,7.509952659745522e-09,0.0010140680242329,-0.0187264923006296,0.0,0.0,0.0,-0.0085358219221234,60.0,2.741022109985352,-0.0,-7.011324498762407e-08,0.0,283.1598205566406,287.84234619140625,290.39013671875,290.6860046386719,293.1499938964844,293.1499938964844,278.1499938964844,0.0,18000.0,313.1499938964844,0.0,18000.0,0.0,0.0,0.0,0.0,0.0,0.0,0.0,0.0,0.0,0.0,0.0,0.0,6.445913975451006e-21,3.222956987725503e-21,3.2229567857771112e-21,0.0,0.0,-0.0,0.0,0.0,0.0,0.0,0.0,0.0,0.0,0.0,0.0,4.0,0.0,0.0
12337800,297.987548828125,303.1499938964844,285.1499938964844,0.0,-0.0,288.1419982910156,0.0,0.0,9.516126738162713e-05,298.01922607421875,303.1499938964844,285.1499938964844,0.0,-0.0,288.1416015625,0.0,0.0,0.0001002094650175,298.0645751953125,303.1499938964844,285.1499938964844,0.0,-0.0,288.1416320800781,0.0,0.0,7.401436596410349e-05,297.79443359375,303.1499938964844,285.1499938964844,0.0,-0.0,288.1417236328125,0.0,0.0,0.0001002094431896,297.8244323730469,303.1499938964844,285.1499938964844,0.0,-0.0,288.1424560546875,0.0,0.0,0.0004753499524667,288.14617919921875,294.1499938964844,290.0204772949219,287.1641845703125,290.3219299316406,291.78912353515625,286.3078308105469,0.0,0.0,0.0,0.0,1.0,1.0,-0.0010140755912289,7.509952659745522e-09,0.0010140680242329,-0.0187264923006296,0.0,0.0,0.0,-0.0085358219221234,60.0,2.741022109985352,-0.0,-7.011324498762407e-08,0.0,283.1598205566406,287.84234619140625,290.39013671875,290.6860046386719,293.1499938964844,293.1499938964844,278.1499938964844,0.0,18000.0,313.1499938964844,0.0,18000.0,0.0,0.0,0.0,0.0,0.0,0.0,0.0,0.0,0.0,0.0,0.0,0.0,6.445913975451006e-21,3.222956987725503e-21,3.2229567857771112e-21,0.0,0.0,-0.0,0.0,0.0,0.0,0.0,0.0,0.0,0.0,0.0,0.0,4.0,0.0,0.0
12337860,298.0389709472656,303.1499938964844,285.1499938964844,0.0,-0.0,288.1389465332031,0.0,0.0,9.51350957620889e-05,298.0781555175781,303.1499938964844,285.1499938964844,0.0,-0.0,288.1385498046875,0.0,0.0,0.00010018190369,298.12164306640625,303.1499938964844,285.1499938964844,0.0,-0.0,288.1385803222656,0.0,0.0,7.3994007834699e-05,297.8418884277344,303.1499938964844,285.1499938964844,0.0,-0.0,288.138671875,0.0,0.0,0.0001001818818622,297.8916931152344,303.1499938964844,285.1499938964844,0.0,-0.0,288.1393737792969,0.0,0.0,0.0004752192180603,288.1417541503906,294.1499938964844,289.95709228515625,287.1167907714844,290.3159484863281,291.3011474609375,286.379150390625,0.0,0.0,0.0,0.0,1.0,1.0,-0.0010137947974726,7.477128249888665e-09,0.001013787346892,-0.0186405200511217,0.0,0.0,0.0,-0.0085195498540997,60.0,2.557609796524048,-0.0,-7.007443514339684e-08,0.0,283.1598205566406,287.84234619140625,290.39013671875,290.6860046386719,293.1499938964844,293.1499938964844,278.1499938964844,0.0,18000.0,313.1499938964844,0.0,18000.0,0.0,0.0,0.0,0.0,0.0,0.0,0.0,0.0,0.0,-0.0,-0.0,-0.0,6.445913975451006e-21,3.222956987725503e-21,3.2229567857771112e-21,0.0,0.0,-0.0,0.0,0.0,0.0,0.0,0.0,0.0,0.0,0.0,0.0,4.0,0.0,0.0
12337920,298.0389709472656,303.1499938964844,285.1499938964844,0.0,-0.0,288.1389465332031,0.0,0.0,9.51350957620889e-05,298.0781555175781,303.1499938964844,285.1499938964844,0.0,-0.0,288.1385498046875,0.0,0.0,0.00010018190369,298.12164306640625,303.1499938964844,285.1499938964844,0.0,-0.0,288.1385803222656,0.0,0.0,7.3994007834699e-05,297.8418884277344,303.1499938964844,285.1499938964844,0.0,-0.0,288.138671875,0.0,0.0,0.0001001818818622,297.8916931152344,303.1499938964844,285.1499938964844,0.0,-0.0,288.1393737792969,0.0,0.0,0.0004752192180603,288.1417541503906,294.1499938964844,289.95709228515625,287.1167907714844,290.3159484863281,291.3011474609375,286.379150390625,0.0,0.0,0.0,0.0,1.0,1.0,-0.0010137947974726,7.477128249888665e-09,0.001013787346892,-0.0186405200511217,0.0,0.0,0.0,-0.0085195498540997,60.0,2.557609796524048,-0.0,-7.007443514339684e-08,0.0,283.1598205566406,287.84234619140625,290.39013671875,290.6860046386719,293.1499938964844,293.1499938964844,278.1499938964844,0.0,18000.0,313.1499938964844,0.0,18000.0,0.0,0.0,0.0,0.0,0.0,0.0,0.0,0.0,0.0,-0.0,-0.0,-0.0,6.445913975451006e-21,3.222956987725503e-21,3.2229567857771112e-21,0.0,0.0,-0.0,0.0,0.0,0.0,0.0,0.0,0.0,0.0,0.0,0.0,4.0,0.0,0.0
12337980,298.0780639648437,303.1499938964844,285.1499938964844,0.0,-0.0,288.1356201171875,0.0,0.0,9.510865493211897e-05,298.1229248046875,303.1499938964844,285.1499938964844,0.0,-0.0,288.13525390625,0.0,0.0,0.0001001540586003,298.16558837890625,303.1499938964844,285.1499938964844,0.0,-0.0,288.1352844238281,0.0,0.0,7.397344597848132e-05,297.87841796875,303.1499938964844,285.1499938964844,0.0,-0.0,288.1353759765625,0.0,0.0,0.0001001540367724,297.9451599121094,303.1499938964844,285.1499938964844,0.0,-0.0,288.1360778808594,0.0,0.0,0.0004750871448777,288.1369934082031,294.1499938964844,289.8945617675781,287.0697937011719,290.3089294433594,290.9297790527344,286.4443664550781,0.0,0.0,0.0,0.0,1.0,1.0,-0.001013511326164,7.443972549481259e-09,0.0010135038755834,-0.0185536816716194,0.0,0.0,0.0,-0.0085031129419803,60.0,2.453797101974488,-0.0,-7.003524160609231e-08,0.0,283.1598205566406,287.84234619140625,290.39013671875,290.6860046386719,293.1499938964844,293.1499938964844,278.1499938964844,0.0,18000.0,313.1499938964844,0.0,18000.0,0.0,0.0,0.0,0.0,0.0,0.0,0.0,0.0,0.0,0.0,0.0,0.0,6.445913975451006e-21,3.222956987725503e-21,3.2229567857771112e-21,0.0,0.0,-0.0,0.0,0.0,0.0,0.0,0.0,0.0,0.0,0.0,0.0,4.0,0.0,0.0
12338040,298.0780639648437,303.1499938964844,285.1499938964844,0.0,-0.0,288.1356201171875,0.0,0.0,9.510865493211897e-05,298.1229248046875,303.1499938964844,285.1499938964844,0.0,-0.0,288.13525390625,0.0,0.0,0.0001001540586003,298.16558837890625,303.1499938964844,285.1499938964844,0.0,-0.0,288.1352844238281,0.0,0.0,7.397344597848132e-05,297.87841796875,303.1499938964844,285.1499938964844,0.0,-0.0,288.1353759765625,0.0,0.0,0.0001001540367724,297.9451599121094,303.1499938964844,285.1499938964844,0.0,-0.0,288.1360778808594,0.0,0.0,0.0004750871448777,288.1369934082031,294.1499938964844,289.8945617675781,287.0697937011719,290.3089294433594,290.9297790527344,286.4443664550781,0.0,0.0,0.0,0.0,1.0,1.0,-0.001013511326164,7.443972549481259e-09,0.0010135038755834,-0.0185536816716194,0.0,0.0,0.0,-0.0085031129419803,60.0,2.453797101974488,-0.0,-7.003524160609231e-08,0.0,283.1598205566406,287.84234619140625,290.39013671875,290.6860046386719,293.1499938964844,293.1499938964844,278.1499938964844,0.0,18000.0,313.1499938964844,0.0,18000.0,0.0,0.0,0.0,0.0,0.0,0.0,0.0,0.0,0.0,0.0,0.0,0.0,6.445913975451006e-21,3.222956987725503e-21,3.2229567857771112e-21,0.0,0.0,-0.0,0.0,0.0,0.0,0.0,0.0,0.0,0.0,0.0,0.0,4.0,0.0,0.0
12338100,298.0941467285156,303.1499938964844,285.1499938964844,0.0,-0.0,288.1338806152344,0.0,0.0,9.509543451713398e-05,298.1413879394531,303.1499938964844,285.1499938964844,0.0,-0.0,288.1335144042969,0.0,0.0,0.0001001401396933,298.1838684082031,303.1499938964844,285.1499938964844,0.0,-0.0,288.133544921875,0.0,0.0,7.396316505037248e-05,297.8935852050781,303.1499938964844,285.1499938964844,0.0,-0.0,288.1336364746094,0.0,0.0,0.0001001401178655,297.9679870605469,303.1499938964844,285.1499938964844,0.0,-0.0,288.13433837890625,0.0,0.0,0.0004750211082864,288.1344909667969,294.1499938964844,289.8636474609375,287.04644775390625,290.3050537109375,290.7774658203125,286.474853515625,0.0,0.0,0.0,0.0,1.0,1.0,-0.001013369532302,7.427399140169655e-09,0.0010133620817214,-0.0185102727264165,0.0,0.0,0.0,-0.0084948968142271,60.0,2.408291816711426,-0.0,-7.001565194286742e-08,0.0,283.1598205566406,287.84234619140625,290.39013671875,290.6860046386719,293.1499938964844,293.1499938964844,278.1499938964844,0.0,18000.0,313.1499938964844,0.0,18000.0,0.0,0.0,0.0,0.0,0.0,0.0,0.0,0.0,0.0,-0.0,-0.0,-0.0,6.445913975451006e-21,3.222956987725503e-21,3.2229567857771112e-21,0.0,0.0,-0.0,0.0,0.0,0.0,0.0,0.0,0.0,0.0,0.0,0.0,4.0,0.0,0.0
12338160,298.1084289550781,303.1499938964844,285.1499938964844,0.0,-0.0,288.132080078125,0.0,0.0,9.508228686172517e-05,298.15777587890625,303.1499938964844,285.1499938964844,0.0,-0.0,288.1317138671875,0.0,0.0,0.000100126293546,298.2002258300781,303.1499938964844,285.1499938964844,0.0,-0.0,288.1317443847656,0.0,0.0,7.395293505396694e-05,297.9071350097656,303.1499938964844,285.1499938964844,0.0,-0.0,288.1318359375,0.0,0.0,0.0001001262717181,297.9886779785156,303.1499938964844,285.1499938964844,0.0,-0.0,288.1325378417969,0.0,0.0,0.0004749554500449,288.1319274902344,294.1499938964844,289.8329467773437,287.023193359375,290.3009338378906,290.64306640625,286.50408935546875,0.0,0.0,0.0,0.0,1.0,1.0,-0.0010132285533472,7.41091499278923e-09,0.001013221219182,-0.0184670984745025,0.0,0.0,0.0,-0.0084867244586348,60.0,2.364626407623291,-0.0,-6.999617596648022e-08,0.0,283.1598205566406,287.84234619140625,290.39013671875,290.6860046386719,293.1499938964844,293.1499938964844,278.1499938964844,0.0,18000.0,313.1499938964844,0.0,18000.0,0.0,0.0,0.0,0.0,0.0,0.0,0.0,0.0,0.0,0.0,0.0,0.0,6.445913975451006e-21,3.222956987725503e-21,3.2229567857771112e-21,0.0,0.0,-0.0,0.0,0.0,0.0,0.0,0.0,0.0,0.0,0.0,0.0,4.0,0.0,0.0
12338220,298.13250732421875,303.1499938964844,285.1499938964844,0.0,-0.0,288.1283569335937,0.0,0.0,9.505643538432196e-05,298.18560791015625,303.1499938964844,285.1499938964844,0.0,-0.0,288.1279602050781,0.0,0.0,0.0001000990669126,298.2282409667969,303.1499938964844,285.1499938964844,0.0,-0.0,288.12799072265625,0.0,0.0,7.393283158307895e-05,297.9302673339844,303.1499938964844,285.1499938964844,0.0,-0.0,288.1280822753906,0.0,0.0,0.0001000990523607,298.0251159667969,303.1499938964844,285.1499938964844,0.0,-0.0,288.1287841796875,0.0,0.0,0.0004748263163492,288.1265869140625,294.1499938964844,289.7722473144531,286.9769897460937,290.2919921875,290.41778564453125,286.5589599609375,0.0,0.0,0.0,0.0,1.0,1.0,-0.001012951368466,7.378500477273064e-09,0.0010129440343007,-0.0183822009712457,0.0,0.0,0.0,-0.0084706554189324,60.0,2.281071186065674,-0.0,-6.995788481845011e-08,0.0,283.1598205566406,287.84234619140625,290.39013671875,290.6860046386719,293.1499938964844,293.1499938964844,278.1499938964844,0.0,18000.0,313.1499938964844,0.0,18000.0,0.0,0.0,0.0,0.0,0.0,0.0,0.0,0.0,0.0,0.0,0.0,0.0,6.445913975451006e-21,3.222956987725503e-21,3.2229567857771112e-21,0.0,0.0,-0.0,0.0,0.0,0.0,0.0,0.0,0.0,0.0,0.0,0.0,4.0,0.0,0.0
12338280,298.13250732421875,303.1499938964844,285.1499938964844,0.0,-0.0,288.1283569335937,0.0,0.0,9.505643538432196e-05,298.18560791015625,303.1499938964844,285.1499938964844,0.0,-0.0,288.1279602050781,0.0,0.0,0.0001000990669126,298.2282409667969,303.1499938964844,285.1499938964844,0.0,-0.0,288.12799072265625,0.0,0.0,7.393283158307895e-05,297.9302673339844,303.1499938964844,285.1499938964844,0.0,-0.0,288.1280822753906,0.0,0.0,0.0001000990523607,298.0251159667969,303.1499938964844,285.1499938964844,0.0,-0.0,288.1287841796875,0.0,0.0,0.0004748263163492,288.1265869140625,294.1499938964844,289.7722473144531,286.9769897460937,290.2919921875,290.41778564453125,286.5589599609375,0.0,0.0,0.0,0.0,1.0,1.0,-0.001012951368466,7.378500477273064e-09,0.0010129440343007,-0.0183822009712457,0.0,0.0,0.0,-0.0084706554189324,60.0,2.281071186065674,-0.0,-6.995788481845011e-08,0.0,283.1598205566406,287.84234619140625,290.39013671875,290.6860046386719,293.1499938964844,293.1499938964844,278.1499938964844,0.0,18000.0,313.1499938964844,0.0,18000.0,0.0,0.0,0.0,0.0,0.0,0.0,0.0,0.0,0.0,0.0,0.0,0.0,6.445913975451006e-21,3.222956987725503e-21,3.2229567857771112e-21,0.0,0.0,-0.0,0.0,0.0,0.0,0.0,0.0,0.0,0.0,0.0,0.0,4.0,0.0,0.0
12338340,298.1519775390625,303.1499938964844,285.1499938964844,0.0,-0.0,288.1243896484375,0.0,0.0,9.503154433332384e-05,298.2082214355469,303.1499938964844,285.1499938964844,0.0,-0.0,288.1240234375,0.0,0.0,0.0001000728589133,298.2513732910156,303.1499938964844,285.1499938964844,0.0,-0.0,288.1240539550781,0.0,0.0,7.391347025986761e-05,297.9492492675781,303.1499938964844,285.1499938964844,0.0,-0.0,288.1241455078125,0.0,0.0,0.0001000728370854,298.05633544921875,303.1499938964844,285.1499938964844,0.0,-0.0,288.12481689453125,0.0,0.0,0.0004747019847854,288.1210021972656,294.1499938964844,289.7125244140625,286.9312744140625,290.2821350097656,290.23748779296875,286.60943603515625,0.0,0.0,0.0,0.0,1.0,1.0,-0.001012684428133,7.347283670355864e-09,0.0010126770939677,-0.0183004382997751,0.0,0.0,0.0,-0.0084551805630326,60.0,2.2016382217407227,-0.0,-6.992101475589152e-08,0.0,283.1598205566406,287.84234619140625,290.39013671875,290.6860046386719,293.1499938964844,293.1499938964844,278.1499938964844,0.0,18000.0,313.1499938964844,0.0,18000.0,0.0,0.0,0.0,0.0,0.0,0.0,0.0,0.0,0.0,0.0,0.0,0.0,6.445913975451006e-21,3.222956987725503e-21,3.2229567857771112e-21,0.0,0.0,-0.0,0.0,0.0,0.0,0.0,0.0,0.0,0.0,0.0,0.0,4.0,0.0,0.0
12338400,298.1519775390625,303.1499938964844,285.1499938964844,0.0,-0.0,288.1243896484375,0.0,0.0,9.503154433332384e-05,298.2082214355469,303.1499938964844,285.1499938964844,0.0,-0.0,288.1240234375,0.0,0.0,0.0001000728589133,298.2513732910156,303.1499938964844,285.1499938964844,0.0,-0.0,288.1240539550781,0.0,0.0,7.391347025986761e-05,297.9492492675781,303.1499938964844,285.1499938964844,0.0,-0.0,288.1241455078125,0.0,0.0,0.0001000728370854,298.05633544921875,303.1499938964844,285.1499938964844,0.0,-0.0,288.12481689453125,0.0,0.0,0.0004747019847854,288.1210021972656,294.1499938964844,289.7125244140625,286.9312744140625,290.2821350097656,290.23748779296875,286.60943603515625,0.0,0.0,0.0,0.0,1.0,1.0,-0.001012684428133,7.347283670355864e-09,0.0010126770939677,-0.0183004382997751,0.0,0.0,0.0,-0.0084551805630326,60.0,2.2016382217407227,-0.0,-6.992101475589152e-08,0.0,283.1598205566406,287.84234619140625,290.39013671875,290.6860046386719,293.1499938964844,293.1499938964844,278.1499938964844,0.0,18000.0,313.1499938964844,0.0,18000.0,0.0,0.0,0.0,0.0,0.0,0.0,0.0,0.0,0.0,0.0,0.0,0.0,6.445913975451006e-21,3.222956987725503e-21,3.2229567857771112e-21,0.0,0.0,-0.0,0.0,0.0,0.0,0.0,0.0,0.0,0.0,0.0,0.0,4.0,0.0,0.0
12338460,298.1678771972656,303.1499938964844,285.1499938964844,0.0,-0.0,288.12030029296875,0.0,0.0,9.500786109128968e-05,298.22686767578125,303.1499938964844,285.1499938964844,0.0,-0.0,288.11993408203125,0.0,0.0,0.0001000479096546,298.270751953125,303.1499938964844,285.1499938964844,0.0,-0.0,288.11993408203125,0.0,0.0,7.38950475351885e-05,297.965087890625,303.1499938964844,285.1499938964844,0.0,-0.0,288.1200256347656,0.0,0.0,0.0001000478951027,298.0827331542969,303.1499938964844,285.1499938964844,0.0,-0.0,288.1206970214844,0.0,0.0,0.0004745836777146,288.1152038574219,294.1499938964844,289.6537475585937,286.88604736328125,290.2713623046875,290.09002685546875,286.656005859375,0.0,0.0,0.0,0.0,1.0,1.0,-0.0010124302934855,7.3175692172355874e-09,0.0010124229593202,-0.0182226113975048,0.0,0.0,0.0,-0.0084404498338699,60.0,2.125862836837769,-0.0,-6.98859281555997e-08,0.0,283.1598205566406,287.84234619140625,290.39013671875,290.6860046386719,293.1499938964844,293.1499938964844,278.1499938964844,0.0,18000.0,313.1499938964844,0.0,18000.0,0.0,0.0,0.0,0.0,0.0,0.0,0.0,0.0,0.0,-0.0,-0.0,-0.0,6.445913975451006e-21,3.222956987725503e-21,3.2229567857771112e-21,0.0,0.0,-0.0,0.0,0.0,0.0,0.0,0.0,0.0,0.0,0.0,0.0,4.0,0.0,0.0
12338520,298.1678771972656,303.1499938964844,285.1499938964844,0.0,-0.0,288.12030029296875,0.0,0.0,9.500786109128968e-05,298.22686767578125,303.1499938964844,285.1499938964844,0.0,-0.0,288.11993408203125,0.0,0.0,0.0001000479096546,298.270751953125,303.1499938964844,285.1499938964844,0.0,-0.0,288.11993408203125,0.0,0.0,7.38950475351885e-05,297.965087890625,303.1499938964844,285.1499938964844,0.0,-0.0,288.1200256347656,0.0,0.0,0.0001000478951027,298.0827331542969,303.1499938964844,285.1499938964844,0.0,-0.0,288.1206970214844,0.0,0.0,0.0004745836777146,288.1152038574219,294.1499938964844,289.6537475585937,286.88604736328125,290.2713623046875,290.09002685546875,286.656005859375,0.0,0.0,0.0,0.0,1.0,1.0,-0.0010124302934855,7.3175692172355874e-09,0.0010124229593202,-0.0182226113975048,0.0,0.0,0.0,-0.0084404498338699,60.0,2.125862836837769,-0.0,-6.98859281555997e-08,0.0,283.1598205566406,287.84234619140625,290.39013671875,290.6860046386719,293.1499938964844,293.1499938964844,278.1499938964844,0.0,18000.0,313.1499938964844,0.0,18000.0,0.0,0.0,0.0,0.0,0.0,0.0,0.0,0.0,0.0,-0.0,-0.0,-0.0,6.445913975451006e-21,3.222956987725503e-21,3.2229567857771112e-21,0.0,0.0,-0.0,0.0,0.0,0.0,0.0,0.0,0.0,0.0,0.0,0.0,4.0,0.0,0.0
12338580,298.1808776855469,303.1499938964844,285.1499938964844,0.0,-0.0,288.1159973144531,0.0,0.0,9.498532745055854e-05,298.2423095703125,303.1499938964844,285.1499938964844,0.0,-0.0,288.1156616210937,0.0,0.0,0.0001000241900328,298.2870178222656,303.1499938964844,285.1499938964844,0.0,-0.0,288.1156616210937,0.0,0.0,7.387752702925354e-05,297.9783935546875,303.1499938964844,285.1499938964844,0.0,-0.0,288.1157531738281,0.0,0.0,0.0001000241682049,298.1050109863281,303.1499938964844,285.1499938964844,0.0,-0.0,288.1164245605469,0.0,0.0,0.0004744711332023,288.10919189453125,294.1499938964844,289.5959777832031,286.8413391113281,290.259765625,289.9666748046875,286.6990051269531,0.0,0.0,0.0,0.0,1.0,1.0,-0.0010121886152774,7.289302939028631e-09,0.0010121812811121,-0.0181485768407583,0.0,0.0,0.0,-0.0084264362230896,60.0,2.053461790084839,-0.0,-6.985255396330103e-08,0.0,283.1598205566406,287.84234619140625,290.39013671875,290.6860046386719,293.1499938964844,293.1499938964844,278.1499938964844,0.0,18000.0,313.1499938964844,0.0,18000.0,0.0,0.0,0.0,0.0,0.0,0.0,0.0,0.0,0.0,0.0,0.0,0.0,6.445913975451006e-21,3.222956987725503e-21,3.2229567857771112e-21,0.0,0.0,-0.0,0.0,0.0,0.0,0.0,0.0,0.0,0.0,0.0,0.0,4.0,0.0,0.0
12338640,298.1808776855469,303.1499938964844,285.1499938964844,0.0,-0.0,288.1159973144531,0.0,0.0,9.498532745055854e-05,298.2423095703125,303.1499938964844,285.1499938964844,0.0,-0.0,288.1156616210937,0.0,0.0,0.0001000241900328,298.2870178222656,303.1499938964844,285.1499938964844,0.0,-0.0,288.1156616210937,0.0,0.0,7.387752702925354e-05,297.9783935546875,303.1499938964844,285.1499938964844,0.0,-0.0,288.1157531738281,0.0,0.0,0.0001000241682049,298.1050109863281,303.1499938964844,285.1499938964844,0.0,-0.0,288.1164245605469,0.0,0.0,0.0004744711332023,288.10919189453125,294.1499938964844,289.5959777832031,286.8413391113281,290.259765625,289.9666748046875,286.6990051269531,0.0,0.0,0.0,0.0,1.0,1.0,-0.0010121886152774,7.289302939028631e-09,0.0010121812811121,-0.0181485768407583,0.0,0.0,0.0,-0.0084264362230896,60.0,2.053461790084839,-0.0,-6.985255396330103e-08,0.0,283.1598205566406,287.84234619140625,290.39013671875,290.6860046386719,293.1499938964844,293.1499938964844,278.1499938964844,0.0,18000.0,313.1499938964844,0.0,18000.0,0.0,0.0,0.0,0.0,0.0,0.0,0.0,0.0,0.0,0.0,0.0,0.0,6.445913975451006e-21,3.222956987725503e-21,3.2229567857771112e-21,0.0,0.0,-0.0,0.0,0.0,0.0,0.0,0.0,0.0,0.0,0.0,0.0,4.0,0.0,0.0
12338700,298.1864624023437,303.1499938964844,285.1499938964844,0.0,-0.0,288.1138000488281,0.0,0.0,9.497447172179818e-05,298.2490234375,303.1499938964844,285.1499938964844,0.0,-0.0,288.11346435546875,0.0,0.0,0.0001000127522274,298.2941589355469,303.1499938964844,285.1499938964844,0.0,-0.0,288.11346435546875,0.0,0.0,7.386907964246348e-05,297.9842529296875,303.1499938964844,285.1499938964844,0.0,-0.0,288.1135559082031,0.0,0.0,0.0001000127303996,298.1148681640625,303.1499938964844,285.1499938964844,0.0,-0.0,288.1142272949219,0.0,0.0,0.0004744168836623,288.1061096191406,294.1499938964844,289.56744384765625,286.8191833496094,290.253662109375,289.9120178222656,286.7192687988281,0.0,0.0,0.0,0.0,1.0,1.0,-0.0010120719671249,7.275673397089122e-09,0.0010120647493749,-0.0181128773838281,0.0,0.0,0.0,-0.0084196794778108,60.0,2.018451690673828,-0.0,-6.983646727576345e-08,0.0,283.1598205566406,287.84234619140625,290.39013671875,290.6860046386719,293.1499938964844,293.1499938964844,278.1499938964844,0.0,18000.0,313.1499938964844,0.0,18000.0,0.0,0.0,0.0,0.0,0.0,0.0,0.0,0.0,0.0,-0.0,-0.0,-0.0,6.445913975451006e-21,3.222956987725503e-21,3.2229567857771112e-21,0.0,0.0,-0.0,0.0,0.0,0.0,0.0,0.0,0.0,0.0,0.0,0.0,4.0,0.0,0.0
12338760,298.1915283203125,303.1499938964844,285.1499938964844,0.0,-0.0,288.111572265625,0.0,0.0,9.496385609963907e-05,298.255126953125,303.1499938964844,285.1499938964844,0.0,-0.0,288.1112365722656,0.0,0.0,0.0001000015763565,298.3007202148437,303.1499938964844,285.1499938964844,0.0,-0.0,288.1112365722656,0.0,0.0,7.386082143057138e-05,297.9896545410156,303.1499938964844,285.1499938964844,0.0,-0.0,288.111328125,0.0,0.0,0.0001000015545287,298.1239318847656,303.1499938964844,285.1499938964844,0.0,-0.0,288.11199951171875,0.0,0.0,0.000474363885587,288.1029968261719,294.1499938964844,289.5391845703125,286.79718017578125,290.24737548828125,289.8611755371094,286.7387390136719,0.0,0.0,0.0,0.0,1.0,1.0,-0.0010119581129401,7.262352941239669e-09,0.0010119507787749,-0.0180779881775379,0.0,0.0,0.0,-0.0084130764007568,60.0,1.9842002391815183,-0.0,-6.982075007044841e-08,0.0,283.1598205566406,287.84234619140625,290.39013671875,290.6860046386719,293.1499938964844,293.1499938964844,278.1499938964844,0.0,18000.0,313.1499938964844,0.0,18000.0,0.0,0.0,0.0,0.0,0.0,0.0,0.0,0.0,0.0,-0.0,-0.0,-0.0,6.445913975451006e-21,3.222956987725503e-21,3.2229567857771112e-21,0.0,0.0,-0.0,0.0,0.0,0.0,0.0,0.0,0.0,0.0,0.0,0.0,4.0,0.0,0.0
12338820,298.2001953125,303.1499938964844,285.1499938964844,0.0,-0.0,288.1070251464844,0.0,0.0,9.494330151937902e-05,298.2657165527344,303.1499938964844,285.1499938964844,0.0,-0.0,288.1066589355469,0.0,0.0,9.99799303826876e-05,298.31219482421875,303.1499938964844,285.1499938964844,0.0,-0.0,288.106689453125,0.0,0.0,7.384483615169302e-05,297.9991760253906,303.1499938964844,285.1499938964844,0.0,-0.0,288.1067810058594,0.0,0.0,9.997990855481476e-05,298.1398010253906,303.1499938964844,285.1499938964844,0.0,-0.0,288.107421875,0.0,0.0,0.0004742612072732,288.0966491699219,294.1499938964844,289.48345947265625,286.7536315917969,290.2341613769531,289.7689819335937,286.7755126953125,0.0,0.0,0.0,0.0,1.0,1.0,-0.00101173738949,7.23655180223659e-09,0.00101173017174,-0.0180104095488786,0.0,0.0,0.0,-0.008400285616517,60.0,1.9178757667541504,-0.0,-6.979030331422109e-08,0.0,283.1598205566406,287.84234619140625,290.39013671875,290.6860046386719,293.1499938964844,293.1499938964844,278.1499938964844,0.0,18000.0,313.1499938964844,0.0,18000.0,0.0,0.0,0.0,0.0,0.0,0.0,0.0,0.0,0.0,0.0,0.0,0.0,6.445913975451006e-21,3.222956987725503e-21,3.2229567857771112e-21,0.0,0.0,-0.0,0.0,0.0,0.0,0.0,0.0,0.0,0.0,0.0,0.0,4.0,0.0,0.0
12338880,298.2001953125,303.1499938964844,285.1499938964844,0.0,-0.0,288.1070251464844,0.0,0.0,9.494330151937902e-05,298.2657165527344,303.1499938964844,285.1499938964844,0.0,-0.0,288.1066589355469,0.0,0.0,9.99799303826876e-05,298.31219482421875,303.1499938964844,285.1499938964844,0.0,-0.0,288.106689453125,0.0,0.0,7.384483615169302e-05,297.9991760253906,303.1499938964844,285.1499938964844,0.0,-0.0,288.1067810058594,0.0,0.0,9.997990855481476e-05,298.1398010253906,303.1499938964844,285.1499938964844,0.0,-0.0,288.107421875,0.0,0.0,0.0004742612072732,288.0966491699219,294.1499938964844,289.48345947265625,286.7536315917969,290.2341613769531,289.7689819335937,286.7755126953125,0.0,0.0,0.0,0.0,1.0,1.0,-0.00101173738949,7.23655180223659e-09,0.00101173017174,-0.0180104095488786,0.0,0.0,0.0,-0.008400285616517,60.0,1.9178757667541504,-0.0,-6.979030331422109e-08,0.0,283.1598205566406,287.84234619140625,290.39013671875,290.6860046386719,293.1499938964844,293.1499938964844,278.1499938964844,0.0,18000.0,313.1499938964844,0.0,18000.0,0.0,0.0,0.0,0.0,0.0,0.0,0.0,0.0,0.0,0.0,0.0,0.0,6.445913975451006e-21,3.222956987725503e-21,3.2229567857771112e-21,0.0,0.0,-0.0,0.0,0.0,0.0,0.0,0.0,0.0,0.0,0.0,0.0,4.0,0.0,0.0
12338940,298.2072448730469,303.1499938964844,285.1499938964844,0.0,-0.0,288.1023254394531,0.0,0.0,9.492351819062606e-05,298.27447509765625,303.1499938964844,285.1499938964844,0.0,-0.0,288.1019897460937,0.0,0.0,9.99590993160382e-05,298.3217468261719,303.1499938964844,285.1499938964844,0.0,-0.0,288.1019897460937,0.0,0.0,7.382944750133902e-05,298.0072631835937,303.1499938964844,285.1499938964844,0.0,-0.0,288.1020812988281,0.0,0.0,9.995907748816536e-05,298.15301513671875,303.1499938964844,285.1499938964844,0.0,-0.0,288.10272216796875,0.0,0.0,0.0004741623997688,288.09014892578125,294.1499938964844,289.4288024902344,286.7106628417969,290.22021484375,289.686767578125,286.8095703125,0.0,0.0,0.0,0.0,1.0,1.0,-0.0010115250479429,7.2117134486404674e-09,0.001011517830193,-0.0179453529417514,0.0,0.0,0.0,-0.0083879716694355,60.0,1.8543167114257808,-0.0,-6.976100053179837e-08,0.0,283.1598205566406,287.84234619140625,290.39013671875,290.6860046386719,293.1499938964844,293.1499938964844,278.1499938964844,0.0,18000.0,313.1499938964844,0.0,18000.0,0.0,0.0,0.0,0.0,0.0,0.0,0.0,0.0,0.0,0.0,0.0,0.0,6.445913975451006e-21,3.222956987725503e-21,3.2229567857771112e-21,0.0,0.0,-0.0,0.0,0.0,0.0,0.0,0.0,0.0,0.0,0.0,0.0,4.0,0.0,0.0
12339000,298.2072448730469,303.1499938964844,285.1499938964844,0.0,-0.0,288.1023254394531,0.0,0.0,9.492351819062606e-05,298.27447509765625,303.1499938964844,285.1499938964844,0.0,-0.0,288.1019897460937,0.0,0.0,9.99590993160382e-05,298.3217468261719,303.1499938964844,285.1499938964844,0.0,-0.0,288.1019897460937,0.0,0.0,7.382944750133902e-05,298.0072631835937,303.1499938964844,285.1499938964844,0.0,-0.0,288.1020812988281,0.0,0.0,9.995907748816536e-05,298.15301513671875,303.1499938964844,285.1499938964844,0.0,-0.0,288.10272216796875,0.0,0.0,0.0004741623997688,288.09014892578125,294.1499938964844,289.4288024902344,286.7106628417969,290.22021484375,289.686767578125,286.8095703125,0.0,0.0,0.0,0.0,1.0,1.0,-0.0010115250479429,7.2117134486404674e-09,0.001011517830193,-0.0179453529417514,0.0,0.0,0.0,-0.0083879716694355,60.0,1.8543167114257808,-0.0,-6.976100053179837e-08,0.0,283.1598205566406,287.84234619140625,290.39013671875,290.6860046386719,293.1499938964844,293.1499938964844,278.1499938964844,0.0,18000.0,313.1499938964844,0.0,18000.0,0.0,0.0,0.0,0.0,0.0,0.0,0.0,0.0,0.0,0.0,0.0,0.0,6.445913975451006e-21,3.222956987725503e-21,3.2229567857771112e-21,0.0,0.0,-0.0,0.0,0.0,0.0,0.0,0.0,0.0,0.0,0.0,0.0,4.0,0.0,0.0
12339060,298.2129211425781,303.1499938964844,285.1499938964844,0.0,-0.0,288.0975341796875,0.0,0.0,9.49043533182703e-05,298.2816162109375,303.1499938964844,285.1499938964844,0.0,-0.0,288.09716796875,0.0,0.0,9.993891580961645e-05,298.3296813964844,303.1499938964844,285.1499938964844,0.0,-0.0,288.0971984863281,0.0,0.0,7.381453906418756e-05,298.0141296386719,303.1499938964844,285.1499938964844,0.0,-0.0,288.0972900390625,0.0,0.0,9.99388939817436e-05,298.1639709472656,303.1499938964844,285.1499938964844,0.0,-0.0,288.097900390625,0.0,0.0,0.0004740666772704,288.0835266113281,294.1499938964844,289.37518310546875,286.6683349609375,290.20556640625,289.6121520996094,286.84112548828125,0.0,0.0,0.0,0.0,1.0,1.0,-0.001011319225654,7.187648698447901e-09,0.001011312007904,-0.0178823228925466,0.0,0.0,0.0,-0.0083760423585772,60.0,1.7933568954467771,-0.0,-6.973261434950474e-08,0.0,283.1598205566406,287.84234619140625,290.39013671875,290.6860046386719,293.1499938964844,293.1499938964844,278.1499938964844,0.0,18000.0,313.1499938964844,0.0,18000.0,0.0,0.0,0.0,0.0,0.0,0.0,0.0,0.0,0.0,0.0,0.0,0.0,6.445913975451006e-21,3.222956987725503e-21,3.2229567857771112e-21,0.0,0.0,-0.0,0.0,0.0,0.0,0.0,0.0,0.0,0.0,0.0,0.0,4.0,0.0,0.0
12339120,298.2129211425781,303.1499938964844,285.1499938964844,0.0,-0.0,288.0975341796875,0.0,0.0,9.49043533182703e-05,298.2816162109375,303.1499938964844,285.1499938964844,0.0,-0.0,288.09716796875,0.0,0.0,9.993891580961645e-05,298.3296813964844,303.1499938964844,285.1499938964844,0.0,-0.0,288.0971984863281,0.0,0.0,7.381453906418756e-05,298.0141296386719,303.1499938964844,285.1499938964844,0.0,-0.0,288.0972900390625,0.0,0.0,9.99388939817436e-05,298.1639709472656,303.1499938964844,285.1499938964844,0.0,-0.0,288.097900390625,0.0,0.0,0.0004740666772704,288.0835266113281,294.1499938964844,289.37518310546875,286.6683349609375,290.20556640625,289.6121520996094,286.84112548828125,0.0,0.0,0.0,0.0,1.0,1.0,-0.001011319225654,7.187648698447901e-09,0.001011312007904,-0.0178823228925466,0.0,0.0,0.0,-0.0083760423585772,60.0,1.7933568954467771,-0.0,-6.973261434950474e-08,0.0,283.1598205566406,287.84234619140625,290.39013671875,290.6860046386719,293.1499938964844,293.1499938964844,278.1499938964844,0.0,18000.0,313.1499938964844,0.0,18000.0,0.0,0.0,0.0,0.0,0.0,0.0,0.0,0.0,0.0,0.0,0.0,0.0,6.445913975451006e-21,3.222956987725503e-21,3.2229567857771112e-21,0.0,0.0,-0.0,0.0,0.0,0.0,0.0,0.0,0.0,0.0,0.0,0.0,4.0,0.0,0.0
12339180,298.21746826171875,303.1499938964844,285.1499938964844,0.0,-0.0,288.0926208496094,0.0,0.0,9.488566865911709e-05,298.2874450683594,303.1499938964844,285.1499938964844,0.0,-0.0,288.09228515625,0.0,0.0,9.991923434427008e-05,298.336181640625,303.1499938964844,285.1499938964844,0.0,-0.0,288.09228515625,0.0,0.0,7.380000170087442e-05,298.0199279785156,303.1499938964844,285.1499938964844,0.0,-0.0,288.0923767089844,0.0,0.0,9.991921251639724e-05,298.173095703125,303.1499938964844,285.1499938964844,0.0,-0.0,288.0929870605469,0.0,0.0,0.0004739733121823,288.0767822265625,294.1499938964844,289.3226928710937,286.626708984375,290.1902160644531,289.5433959960937,286.8703918457031,0.0,0.0,0.0,0.0,1.0,1.0,-0.0010111185256391,7.164178583707326e-09,0.0010111113078892,-0.0178208500146865,0.0,0.0,0.0,-0.0083644073456525,60.0,1.734862208366394,-0.0,-6.970493870994687e-08,0.0,283.1598205566406,287.84234619140625,290.39013671875,290.6860046386719,293.1499938964844,293.1499938964844,278.1499938964844,0.0,18000.0,313.1499938964844,0.0,18000.0,0.0,0.0,0.0,0.0,0.0,0.0,0.0,0.0,0.0,0.0,0.0,0.0,6.445913975451006e-21,3.222956987725503e-21,3.2229567857771112e-21,0.0,0.0,-0.0,0.0,0.0,0.0,0.0,0.0,0.0,0.0,0.0,0.0,4.0,0.0,0.0
12339240,298.21746826171875,303.1499938964844,285.1499938964844,0.0,-0.0,288.0926208496094,0.0,0.0,9.488566865911709e-05,298.2874450683594,303.1499938964844,285.1499938964844,0.0,-0.0,288.09228515625,0.0,0.0,9.991923434427008e-05,298.336181640625,303.1499938964844,285.1499938964844,0.0,-0.0,288.09228515625,0.0,0.0,7.380000170087442e-05,298.0199279785156,303.1499938964844,285.1499938964844,0.0,-0.0,288.0923767089844,0.0,0.0,9.991921251639724e-05,298.173095703125,303.1499938964844,285.1499938964844,0.0,-0.0,288.0929870605469,0.0,0.0,0.0004739733121823,288.0767822265625,294.1499938964844,289.3226928710937,286.626708984375,290.1902160644531,289.5433959960937,286.8703918457031,0.0,0.0,0.0,0.0,1.0,1.0,-0.0010111185256391,7.164178583707326e-09,0.0010111113078892,-0.0178208500146865,0.0,0.0,0.0,-0.0083644073456525,60.0,1.734862208366394,-0.0,-6.970493870994687e-08,0.0,283.1598205566406,287.84234619140625,290.39013671875,290.6860046386719,293.1499938964844,293.1499938964844,278.1499938964844,0.0,18000.0,313.1499938964844,0.0,18000.0,0.0,0.0,0.0,0.0,0.0,0.0,0.0,0.0,0.0,0.0,0.0,0.0,6.445913975451006e-21,3.222956987725503e-21,3.2229567857771112e-21,0.0,0.0,-0.0,0.0,0.0,0.0,0.0,0.0,0.0,0.0,0.0,0.0,4.0,0.0,0.0
12339300,298.2193908691406,303.1499938964844,285.1499938964844,0.0,-0.0,288.0901184082031,0.0,0.0,9.487646457273512e-05,298.2898864746094,303.1499938964844,285.1499938964844,0.0,-0.0,288.0897827148437,0.0,0.0,9.9909542768728e-05,298.3389587402344,303.1499938964844,285.1499938964844,0.0,-0.0,288.0898132324219,0.0,0.0,7.379284215858206e-05,298.0224609375,303.1499938964844,285.1499938964844,0.0,-0.0,288.08990478515625,0.0,0.0,9.990952094085516e-05,298.17706298828125,303.1499938964844,285.1499938964844,0.0,-0.0,288.09051513671875,0.0,0.0,0.0004739273281302,288.0733642578125,294.1499938964844,289.2968444824219,286.60614013671875,290.1822814941406,289.5107727050781,286.8842163085937,0.0,0.0,0.0,0.0,1.0,1.0,-0.0010110195726156,7.152616721128879e-09,0.0010110124712809,-0.0177905652672052,0.0,0.0,0.0,-0.0083586750552058,60.0,1.7065024375915527,-0.0,-6.9691310500275e-08,0.0,283.1598205566406,287.84234619140625,290.39013671875,290.6860046386719,293.1499938964844,293.1499938964844,278.1499938964844,0.0,18000.0,313.1499938964844,0.0,18000.0,0.0,0.0,0.0,0.0,0.0,0.0,0.0,0.0,0.0,-0.0,-0.0,-0.0,6.445913975451006e-21,3.222956987725503e-21,3.2229567857771112e-21,0.0,0.0,-0.0,0.0,0.0,0.0,0.0,0.0,0.0,0.0,0.0,0.0,4.0,0.0,0.0
12339360,298.2210998535156,303.1499938964844,285.1499938964844,0.0,-0.0,288.0876159667969,0.0,0.0,9.486732596997172e-05,298.2921142578125,303.1499938964844,285.1499938964844,0.0,-0.0,288.0872802734375,0.0,0.0,9.989992395276204e-05,298.34149169921875,303.1499938964844,285.1499938964844,0.0,-0.0,288.0873107910156,0.0,0.0,7.378574082395062e-05,298.0248107910156,303.1499938964844,285.1499938964844,0.0,-0.0,288.0873718261719,0.0,0.0,9.98999021248892e-05,298.1806945800781,303.1499938964844,285.1499938964844,0.0,-0.0,288.0879821777344,0.0,0.0,0.0004738817224279,288.0699462890625,294.1499938964844,289.27130126953125,286.58575439453125,290.1742248535156,289.4792175292969,286.89752197265625,0.0,0.0,0.0,0.0,1.0,1.0,-0.0010109215509146,7.141146340927662e-09,0.0010109143331646,-0.0177605226635932,0.0,0.0,0.0,-0.0083529893308877,60.0,1.6787134408950806,-0.0,-6.967778887201348e-08,0.0,283.1598205566406,287.84234619140625,290.39013671875,290.6860046386719,293.1499938964844,293.1499938964844,278.1499938964844,0.0,18000.0,313.1499938964844,0.0,18000.0,0.0,0.0,0.0,0.0,0.0,0.0,0.0,0.0,0.0,0.0,0.0,0.0,6.445913975451006e-21,3.222956987725503e-21,3.2229567857771112e-21,0.0,0.0,-0.0,0.0,0.0,0.0,0.0,0.0,0.0,0.0,0.0,0.0,4.0,0.0,0.0
12339420,298.2239685058594,303.1499938964844,285.1499938964844,0.0,-0.0,288.08251953125,0.0,0.0,9.484923793934286e-05,298.2958374023437,303.1499938964844,285.1499938964844,0.0,-0.0,288.0821838378906,0.0,0.0,9.988086821977048e-05,298.3457946777344,303.1499938964844,285.1499938964844,0.0,-0.0,288.08221435546875,0.0,0.0,7.377166912192479e-05,298.02886962890625,303.1499938964844,285.1499938964844,0.0,-0.0,288.0823059082031,0.0,0.0,9.988084639189764e-05,298.1870422363281,303.1499938964844,285.1499938964844,0.0,-0.0,288.0829162597656,0.0,0.0,0.0004737913259305,288.0630187988281,294.1499938964844,289.2210693359375,286.5455627441406,290.1575927734375,289.4186706542969,286.9227294921875,0.0,0.0,0.0,0.0,1.0,1.0,-0.0010107271373271,7.118423628327264e-09,0.0010107200359925,-0.0177010055631399,0.0,0.0,0.0,-0.0083417240530252,60.0,1.6247904300689695,-0.0,-6.965100141087532e-08,0.0,283.1598205566406,287.84234619140625,290.39013671875,290.6860046386719,293.1499938964844,293.1499938964844,278.1499938964844,0.0,18000.0,313.1499938964844,0.0,18000.0,0.0,0.0,0.0,0.0,0.0,0.0,0.0,0.0,0.0,0.0,0.0,0.0,6.445913975451006e-21,3.222956987725503e-21,3.2229567857771112e-21,0.0,0.0,-0.0,0.0,0.0,0.0,0.0,0.0,0.0,0.0,0.0,0.0,4.0,0.0,0.0
12339480,298.2239685058594,303.1499938964844,285.1499938964844,0.0,-0.0,288.08251953125,0.0,0.0,9.484923793934286e-05,298.2958374023437,303.1499938964844,285.1499938964844,0.0,-0.0,288.0821838378906,0.0,0.0,9.988086821977048e-05,298.3457946777344,303.1499938964844,285.1499938964844,0.0,-0.0,288.08221435546875,0.0,0.0,7.377166912192479e-05,298.02886962890625,303.1499938964844,285.1499938964844,0.0,-0.0,288.0823059082031,0.0,0.0,9.988084639189764e-05,298.1870422363281,303.1499938964844,285.1499938964844,0.0,-0.0,288.0829162597656,0.0,0.0,0.0004737913259305,288.0630187988281,294.1499938964844,289.2210693359375,286.5455627441406,290.1575927734375,289.4186706542969,286.9227294921875,0.0,0.0,0.0,0.0,1.0,1.0,-0.0010107271373271,7.118423628327264e-09,0.0010107200359925,-0.0177010055631399,0.0,0.0,0.0,-0.0083417240530252,60.0,1.6247904300689695,-0.0,-6.965100141087532e-08,0.0,283.1598205566406,287.84234619140625,290.39013671875,290.6860046386719,293.1499938964844,293.1499938964844,278.1499938964844,0.0,18000.0,313.1499938964844,0.0,18000.0,0.0,0.0,0.0,0.0,0.0,0.0,0.0,0.0,0.0,0.0,0.0,0.0,6.445913975451006e-21,3.222956987725503e-21,3.2229567857771112e-21,0.0,0.0,-0.0,0.0,0.0,0.0,0.0,0.0,0.0,0.0,0.0,0.0,4.0,0.0,0.0
12339540,298.2262268066406,303.1499938964844,285.1499938964844,0.0,-0.0,288.0773620605469,0.0,0.0,9.483131725573912e-05,298.2987365722656,303.1499938964844,285.1499938964844,0.0,-0.0,288.0770263671875,0.0,0.0,9.98619943857193e-05,298.3492736816406,303.1499938964844,285.1499938964844,0.0,-0.0,288.0770568847656,0.0,0.0,7.375772838713601e-05,298.0321350097656,303.1499938964844,285.1499938964844,0.0,-0.0,288.0771484375,0.0,0.0,9.986197983380408e-05,298.1923828125,303.1499938964844,285.1499938964844,0.0,-0.0,288.0777282714844,0.0,0.0,0.0004737018316518,288.0559997558594,294.1499938964844,289.1719970703125,286.506103515625,290.140380859375,289.36114501953125,286.94610595703125,0.0,0.0,0.0,0.0,1.0,1.0,-0.0010105347028002,7.095918963528902e-09,0.0010105276014655,-0.0176420602947473,0.0,0.0,0.0,-0.0083305677399039,60.0,1.5730019807815552,-0.0,-6.96244768505494e-08,0.0,283.1598205566406,287.84234619140625,290.39013671875,290.6860046386719,293.1499938964844,293.1499938964844,278.1499938964844,0.0,18000.0,313.1499938964844,0.0,18000.0,0.0,0.0,0.0,0.0,0.0,0.0,0.0,0.0,0.0,0.0,0.0,0.0,6.445913975451006e-21,3.222956987725503e-21,3.2229567857771112e-21,0.0,0.0,-0.0,0.0,0.0,0.0,0.0,0.0,0.0,0.0,0.0,0.0,4.0,0.0,0.0
12339600,298.2262268066406,303.1499938964844,285.1499938964844,0.0,-0.0,288.0773620605469,0.0,0.0,9.483131725573912e-05,298.2987365722656,303.1499938964844,285.1499938964844,0.0,-0.0,288.0770263671875,0.0,0.0,9.98619943857193e-05,298.3492736816406,303.1499938964844,285.1499938964844,0.0,-0.0,288.0770568847656,0.0,0.0,7.375772838713601e-05,298.0321350097656,303.1499938964844,285.1499938964844,0.0,-0.0,288.0771484375,0.0,0.0,9.986197983380408e-05,298.1923828125,303.1499938964844,285.1499938964844,0.0,-0.0,288.0777282714844,0.0,0.0,0.0004737018316518,288.0559997558594,294.1499938964844,289.1719970703125,286.506103515625,290.140380859375,289.36114501953125,286.94610595703125,0.0,0.0,0.0,0.0,1.0,1.0,-0.0010105347028002,7.095918963528902e-09,0.0010105276014655,-0.0176420602947473,0.0,0.0,0.0,-0.0083305677399039,60.0,1.5730019807815552,-0.0,-6.96244768505494e-08,0.0,283.1598205566406,287.84234619140625,290.39013671875,290.6860046386719,293.1499938964844,293.1499938964844,278.1499938964844,0.0,18000.0,313.1499938964844,0.0,18000.0,0.0,0.0,0.0,0.0,0.0,0.0,0.0,0.0,0.0,0.0,0.0,0.0,6.445913975451006e-21,3.222956987725503e-21,3.2229567857771112e-21,0.0,0.0,-0.0,0.0,0.0,0.0,0.0,0.0,0.0,0.0,0.0,0.0,4.0,0.0,0.0
12339660,298.2279968261719,303.1499938964844,285.1499938964844,0.0,-0.0,288.0721130371094,0.0,0.0,9.481352753937244e-05,298.3009948730469,303.1499938964844,285.1499938964844,0.0,-0.0,288.0718078613281,0.0,0.0,9.98432660708204e-05,298.35205078125,303.1499938964844,285.1499938964844,0.0,-0.0,288.07183837890625,0.0,0.0,7.374388951575384e-05,298.0348205566406,303.1499938964844,285.1499938964844,0.0,-0.0,288.0718994140625,0.0,0.0,9.984324424294756e-05,298.1968994140625,303.1499938964844,285.1499938964844,0.0,-0.0,288.0724792480469,0.0,0.0,0.0004736129776574,288.0489196777344,294.1499938964844,289.1241149902344,286.46746826171875,290.12261962890625,289.3061218261719,286.96783447265625,0.0,0.0,0.0,0.0,1.0,1.0,-0.001010343665257,7.073578611738185e-09,0.0010103365639224,-0.0175835452973842,0.0,0.0,0.0,-0.0083194924518466,60.0,1.5232599973678589,-0.0,-6.95981512421895e-08,0.0,283.1598205566406,287.84234619140625,290.39013671875,290.6860046386719,293.1499938964844,293.1499938964844,278.1499938964844,0.0,18000.0,313.1499938964844,0.0,18000.0,0.0,0.0,0.0,0.0,0.0,0.0,0.0,0.0,0.0,-0.0,-0.0,-0.0,6.445913975451006e-21,3.222956987725503e-21,3.2229567857771112e-21,0.0,0.0,-0.0,0.0,0.0,0.0,0.0,0.0,0.0,0.0,0.0,0.0,4.0,0.0,0.0
12339720,298.2279968261719,303.1499938964844,285.1499938964844,0.0,-0.0,288.0721130371094,0.0,0.0,9.481352753937244e-05,298.3009948730469,303.1499938964844,285.1499938964844,0.0,-0.0,288.0718078613281,0.0,0.0,9.98432660708204e-05,298.35205078125,303.1499938964844,285.1499938964844,0.0,-0.0,288.07183837890625,0.0,0.0,7.374388951575384e-05,298.0348205566406,303.1499938964844,285.1499938964844,0.0,-0.0,288.0718994140625,0.0,0.0,9.984324424294756e-05,298.1968994140625,303.1499938964844,285.1499938964844,0.0,-0.0,288.0724792480469,0.0,0.0,0.0004736129776574,288.0489196777344,294.1499938964844,289.1241149902344,286.46746826171875,290.12261962890625,289.3061218261719,286.96783447265625,0.0,0.0,0.0,0.0,1.0,1.0,-0.001010343665257,7.073578611738185e-09,0.0010103365639224,-0.0175835452973842,0.0,0.0,0.0,-0.0083194924518466,60.0,1.5232599973678589,-0.0,-6.95981512421895e-08,0.0,283.1598205566406,287.84234619140625,290.39013671875,290.6860046386719,293.1499938964844,293.1499938964844,278.1499938964844,0.0,18000.0,313.1499938964844,0.0,18000.0,0.0,0.0,0.0,0.0,0.0,0.0,0.0,0.0,0.0,-0.0,-0.0,-0.0,6.445913975451006e-21,3.222956987725503e-21,3.2229567857771112e-21,0.0,0.0,-0.0,0.0,0.0,0.0,0.0,0.0,0.0,0.0,0.0,0.0,4.0,0.0,0.0
12339780,298.2293395996094,303.1499938964844,285.1499938964844,0.0,-0.0,288.0668334960937,0.0,0.0,9.47958542383276e-05,298.3026428222656,303.1499938964844,285.1499938964844,0.0,-0.0,288.0664978027344,0.0,0.0,9.982465417124332e-05,298.354248046875,303.1499938964844,285.1499938964844,0.0,-0.0,288.0665283203125,0.0,0.0,7.373015250777826e-05,298.0369567871094,303.1499938964844,285.1499938964844,0.0,-0.0,288.0666198730469,0.0,0.0,9.982463961932808e-05,298.2007141113281,303.1499938964844,285.1499938964844,0.0,-0.0,288.06719970703125,0.0,0.0,0.0004735247057396,288.04180908203125,294.1499938964844,289.0774230957031,286.4296569824219,290.1043395996094,289.25323486328125,286.988037109375,0.0,0.0,0.0,0.0,1.0,1.0,-0.0010101539082825,7.051391026635656e-09,0.0010101469233632,-0.0175254307687282,0.0,0.0,0.0,-0.0083084935322403,60.0,1.4754807949066162,-0.0,-6.957201748036823e-08,0.0,283.1598205566406,287.84234619140625,290.39013671875,290.6860046386719,293.1499938964844,293.1499938964844,278.1499938964844,0.0,18000.0,313.1499938964844,0.0,18000.0,0.0,0.0,0.0,0.0,0.0,0.0,0.0,0.0,0.0,0.0,0.0,0.0,6.445913975451006e-21,3.222956987725503e-21,3.2229567857771112e-21,0.0,0.0,-0.0,0.0,0.0,0.0,0.0,0.0,0.0,0.0,0.0,0.0,4.0,0.0,0.0
12339840,298.2293395996094,303.1499938964844,285.1499938964844,0.0,-0.0,288.0668334960937,0.0,0.0,9.47958542383276e-05,298.3026428222656,303.1499938964844,285.1499938964844,0.0,-0.0,288.0664978027344,0.0,0.0,9.982465417124332e-05,298.354248046875,303.1499938964844,285.1499938964844,0.0,-0.0,288.0665283203125,0.0,0.0,7.373015250777826e-05,298.0369567871094,303.1499938964844,285.1499938964844,0.0,-0.0,288.0666198730469,0.0,0.0,9.982463961932808e-05,298.2007141113281,303.1499938964844,285.1499938964844,0.0,-0.0,288.06719970703125,0.0,0.0,0.0004735247057396,288.04180908203125,294.1499938964844,289.0774230957031,286.4296569824219,290.1043395996094,289.25323486328125,286.988037109375,0.0,0.0,0.0,0.0,1.0,1.0,-0.0010101539082825,7.051391026635656e-09,0.0010101469233632,-0.0175254307687282,0.0,0.0,0.0,-0.0083084935322403,60.0,1.4754807949066162,-0.0,-6.957201748036823e-08,0.0,283.1598205566406,287.84234619140625,290.39013671875,290.6860046386719,293.1499938964844,293.1499938964844,278.1499938964844,0.0,18000.0,313.1499938964844,0.0,18000.0,0.0,0.0,0.0,0.0,0.0,0.0,0.0,0.0,0.0,0.0,0.0,0.0,6.445913975451006e-21,3.222956987725503e-21,3.2229567857771112e-21,0.0,0.0,-0.0,0.0,0.0,0.0,0.0,0.0,0.0,0.0,0.0,0.0,4.0,0.0,0.0
12339900,298.2298889160156,303.1499938964844,285.1499938964844,0.0,-0.0,288.06414794921875,0.0,0.0,9.478707215748729e-05,298.3033142089844,303.1499938964844,285.1499938964844,0.0,-0.0,288.0638427734375,0.0,0.0,9.981540642911568e-05,298.35516357421875,303.1499938964844,285.1499938964844,0.0,-0.0,288.0638732910156,0.0,0.0,7.372332038357854e-05,298.03790283203125,303.1499938964844,285.1499938964844,0.0,-0.0,288.0639343261719,0.0,0.0,9.981539187720044e-05,298.2024230957031,303.1499938964844,285.1499938964844,0.0,-0.0,288.06451416015625,0.0,0.0,0.0004734808462671,288.0382080078125,294.1499938964844,289.0545349121094,286.4110412597656,290.0950012207031,289.2275085449219,286.9975891113281,0.0,0.0,0.0,0.0,1.0,1.0,-0.0010100596118718,7.0403620711090314e-09,0.0010100526269525,-0.0174965430051088,0.0,0.0,0.0,-0.0083030257374048,60.0,1.452306866645813,-0.0,-6.955902165373119e-08,0.0,283.1598205566406,287.84234619140625,290.39013671875,290.6860046386719,293.1499938964844,293.1499938964844,278.1499938964844,0.0,18000.0,313.1499938964844,0.0,18000.0,0.0,0.0,0.0,0.0,0.0,0.0,0.0,0.0,0.0,-0.0,-0.0,-0.0,6.445913975451006e-21,3.222956987725503e-21,3.2229567857771112e-21,0.0,0.0,-0.0,0.0,0.0,0.0,0.0,0.0,0.0,0.0,0.0,0.0,4.0,0.0,0.0
12339960,298.2303466796875,303.1499938964844,285.1499938964844,0.0,-0.0,288.0614624023437,0.0,0.0,9.477833373239264e-05,298.3038635253906,303.1499938964844,285.1499938964844,0.0,-0.0,288.0611572265625,0.0,0.0,9.980620234273374e-05,298.35595703125,303.1499938964844,285.1499938964844,0.0,-0.0,288.0611877441406,0.0,0.0,7.371651736320928e-05,298.0387268066406,303.1499938964844,285.1499938964844,0.0,-0.0,288.0612487792969,0.0,0.0,9.98061805148609e-05,298.2039794921875,303.1499938964844,285.1499938964844,0.0,-0.0,288.06182861328125,0.0,0.0,0.0004734371614176,288.0346069335937,294.1499938964844,289.031982421875,286.3926696777344,290.0855407714844,289.2022705078125,287.0068054199219,0.0,0.0,0.0,0.0,1.0,1.0,-0.0010099657811224,7.029385074019956e-09,0.0010099586797878,-0.0174677912145853,0.0,0.0,0.0,-0.0082975840196013,60.0,1.429600477218628,-0.0,-6.95460968813677e-08,0.0,283.1598205566406,287.84234619140625,290.39013671875,290.6860046386719,293.1499938964844,293.1499938964844,278.1499938964844,0.0,18000.0,313.1499938964844,0.0,18000.0,0.0,0.0,0.0,0.0,0.0,0.0,0.0,0.0,0.0,0.0,0.0,0.0,6.445913975451006e-21,3.222956987725503e-21,3.2229567857771112e-21,0.0,0.0,-0.0,0.0,0.0,0.0,0.0,0.0,0.0,0.0,0.0,0.0,4.0,0.0,0.0
12340020,298.2310791015625,303.1499938964844,285.1499938964844,0.0,-0.0,288.0560607910156,0.0,0.0,9.476100240135564e-05,298.3046569824219,303.1499938964844,285.1499938964844,0.0,-0.0,288.0557556152344,0.0,0.0,9.978795424103736e-05,298.35723876953125,303.1499938964844,285.1499938964844,0.0,-0.0,288.0557861328125,0.0,0.0,7.370304228970781e-05,298.0401306152344,303.1499938964844,285.1499938964844,0.0,-0.0,288.05584716796875,0.0,0.0,9.978793241316453e-05,298.2067565917969,303.1499938964844,285.1499938964844,0.0,-0.0,288.0564270019531,0.0,0.0,0.0004733506066258,288.02740478515625,294.1499938964844,288.9877624511719,286.3565673828125,290.0663146972656,289.15301513671875,287.0242614746094,0.0,0.0,0.0,0.0,1.0,1.0,-0.0010097796330228,7.0076282554509825e-09,0.0010097726481035,-0.0174108017235994,0.0,0.0,0.0,-0.0082867983728647,60.0,1.385553956031799,-0.0,-6.95204747103162e-08,0.0,283.1598205566406,287.84234619140625,290.39013671875,290.6860046386719,293.1499938964844,293.1499938964844,278.1499938964844,0.0,18000.0,313.1499938964844,0.0,18000.0,0.0,0.0,0.0,0.0,0.0,0.0,0.0,0.0,0.0,-0.0,-0.0,-0.0,6.445913975451006e-21,3.222956987725503e-21,3.2229567857771112e-21,0.0,0.0,-0.0,0.0,0.0,0.0,0.0,0.0,0.0,0.0,0.0,0.0,4.0,0.0,0.0
12340080,298.2310791015625,303.1499938964844,285.1499938964844,0.0,-0.0,288.0560607910156,0.0,0.0,9.476100240135564e-05,298.3046569824219,303.1499938964844,285.1499938964844,0.0,-0.0,288.0557556152344,0.0,0.0,9.978795424103736e-05,298.35723876953125,303.1499938964844,285.1499938964844,0.0,-0.0,288.0557861328125,0.0,0.0,7.370304228970781e-05,298.0401306152344,303.1499938964844,285.1499938964844,0.0,-0.0,288.05584716796875,0.0,0.0,9.978793241316453e-05,298.2067565917969,303.1499938964844,285.1499938964844,0.0,-0.0,288.0564270019531,0.0,0.0,0.0004733506066258,288.02740478515625,294.1499938964844,288.9877624511719,286.3565673828125,290.0663146972656,289.15301513671875,287.0242614746094,0.0,0.0,0.0,0.0,1.0,1.0,-0.0010097796330228,7.0076282554509825e-09,0.0010097726481035,-0.0174108017235994,0.0,0.0,0.0,-0.0082867983728647,60.0,1.385553956031799,-0.0,-6.95204747103162e-08,0.0,283.1598205566406,287.84234619140625,290.39013671875,290.6860046386719,293.1499938964844,293.1499938964844,278.1499938964844,0.0,18000.0,313.1499938964844,0.0,18000.0,0.0,0.0,0.0,0.0,0.0,0.0,0.0,0.0,0.0,-0.0,-0.0,-0.0,6.445913975451006e-21,3.222956987725503e-21,3.2229567857771112e-21,0.0,0.0,-0.0,0.0,0.0,0.0,0.0,0.0,0.0,0.0,0.0,0.0,4.0,0.0,0.0
12340140,298.2315368652344,303.1499938964844,285.1499938964844,0.0,-0.0,288.0506286621094,0.0,0.0,9.474395483266562e-05,298.3051147460937,303.1499938964844,285.1499938964844,0.0,-0.0,288.0503234863281,0.0,0.0,9.977000445360318e-05,298.358154296875,303.1499938964844,285.1499938964844,0.0,-0.0,288.0503234863281,0.0,0.0,7.368978549493477e-05,298.0412292480469,303.1499938964844,285.1499938964844,0.0,-0.0,288.0504150390625,0.0,0.0,9.976998262573034e-05,298.2091369628906,303.1499938964844,285.1499938964844,0.0,-0.0,288.05096435546875,0.0,0.0,0.0004732654779218,288.0201416015625,294.1499938964844,288.94482421875,286.3213806152344,290.046630859375,289.1053466796875,287.0404968261719,0.0,0.0,0.0,0.0,1.0,1.0,-0.0010095966281369,6.986224043714628e-09,0.0010095896432176,-0.0173547379672527,0.0,0.0,0.0,-0.0082761868834495,60.0,1.343287706375122,-0.0,-6.949527175947878e-08,0.0,283.1598205566406,287.84234619140625,290.39013671875,290.6860046386719,293.1499938964844,293.1499938964844,278.1499938964844,0.0,18000.0,313.1499938964844,0.0,18000.0,0.0,0.0,0.0,0.0,0.0,0.0,0.0,0.0,0.0,0.0,0.0,0.0,6.445913975451006e-21,3.222956987725503e-21,3.2229567857771112e-21,0.0,0.0,-0.0,0.0,0.0,0.0,0.0,0.0,0.0,0.0,0.0,0.0,4.0,0.0,0.0
12340200,298.2315368652344,303.1499938964844,285.1499938964844,0.0,-0.0,288.0506286621094,0.0,0.0,9.474395483266562e-05,298.3051147460937,303.1499938964844,285.1499938964844,0.0,-0.0,288.0503234863281,0.0,0.0,9.977000445360318e-05,298.358154296875,303.1499938964844,285.1499938964844,0.0,-0.0,288.0503234863281,0.0,0.0,7.368978549493477e-05,298.0412292480469,303.1499938964844,285.1499938964844,0.0,-0.0,288.0504150390625,0.0,0.0,9.976998262573034e-05,298.2091369628906,303.1499938964844,285.1499938964844,0.0,-0.0,288.05096435546875,0.0,0.0,0.0004732654779218,288.0201416015625,294.1499938964844,288.94482421875,286.3213806152344,290.046630859375,289.1053466796875,287.0404968261719,0.0,0.0,0.0,0.0,1.0,1.0,-0.0010095966281369,6.986224043714628e-09,0.0010095896432176,-0.0173547379672527,0.0,0.0,0.0,-0.0082761868834495,60.0,1.343287706375122,-0.0,-6.949527175947878e-08,0.0,283.1598205566406,287.84234619140625,290.39013671875,290.6860046386719,293.1499938964844,293.1499938964844,278.1499938964844,0.0,18000.0,313.1499938964844,0.0,18000.0,0.0,0.0,0.0,0.0,0.0,0.0,0.0,0.0,0.0,0.0,0.0,0.0,6.445913975451006e-21,3.222956987725503e-21,3.2229567857771112e-21,0.0,0.0,-0.0,0.0,0.0,0.0,0.0,0.0,0.0,0.0,0.0,0.0,4.0,0.0,0.0
12340260,298.2317810058594,303.1499938964844,285.1499938964844,0.0,-0.0,288.0451354980469,0.0,0.0,9.472730016568676e-05,298.3052673339844,303.1499938964844,285.1499938964844,0.0,-0.0,288.0448303222656,0.0,0.0,9.975246211979538e-05,298.3587951660156,303.1499938964844,285.1499938964844,0.0,-0.0,288.0448303222656,0.0,0.0,7.367682701442391e-05,298.04205322265625,303.1499938964844,285.1499938964844,0.0,-0.0,288.044921875,0.0,0.0,9.975244756788015e-05,298.2111511230469,303.1499938964844,285.1499938964844,0.0,-0.0,288.04547119140625,0.0,0.0,0.0004731822700705,288.0128479003906,294.1499938964844,288.9031982421875,286.2871398925781,290.02655029296875,289.0592041015625,287.0556030273437,0.0,0.0,0.0,0.0,1.0,1.0,-0.0010094176977872,6.965308774198321e-09,0.0010094108292832,-0.0172999557107687,0.0,0.0,0.0,-0.0082658184692263,60.0,1.3027468919754028,-0.0,-6.947064434825735e-08,0.0,283.1598205566406,287.84234619140625,290.39013671875,290.6860046386719,293.1499938964844,293.1499938964844,278.1499938964844,0.0,18000.0,313.1499938964844,0.0,18000.0,0.0,0.0,0.0,0.0,0.0,0.0,0.0,0.0,0.0,0.0,0.0,0.0,6.445913975451006e-21,3.222956987725503e-21,3.2229567857771112e-21,0.0,0.0,-0.0,0.0,0.0,0.0,0.0,0.0,0.0,0.0,0.0,0.0,4.0,0.0,0.0
12340320,298.2317810058594,303.1499938964844,285.1499938964844,0.0,-0.0,288.0451354980469,0.0,0.0,9.472730016568676e-05,298.3052673339844,303.1499938964844,285.1499938964844,0.0,-0.0,288.0448303222656,0.0,0.0,9.975246211979538e-05,298.3587951660156,303.1499938964844,285.1499938964844,0.0,-0.0,288.0448303222656,0.0,0.0,7.367682701442391e-05,298.04205322265625,303.1499938964844,285.1499938964844,0.0,-0.0,288.044921875,0.0,0.0,9.975244756788015e-05,298.2111511230469,303.1499938964844,285.1499938964844,0.0,-0.0,288.04547119140625,0.0,0.0,0.0004731822700705,288.0128479003906,294.1499938964844,288.9031982421875,286.2871398925781,290.02655029296875,289.0592041015625,287.0556030273437,0.0,0.0,0.0,0.0,1.0,1.0,-0.0010094176977872,6.965308774198321e-09,0.0010094108292832,-0.0172999557107687,0.0,0.0,0.0,-0.0082658184692263,60.0,1.3027468919754028,-0.0,-6.947064434825735e-08,0.0,283.1598205566406,287.84234619140625,290.39013671875,290.6860046386719,293.1499938964844,293.1499938964844,278.1499938964844,0.0,18000.0,313.1499938964844,0.0,18000.0,0.0,0.0,0.0,0.0,0.0,0.0,0.0,0.0,0.0,0.0,0.0,0.0,6.445913975451006e-21,3.222956987725503e-21,3.2229567857771112e-21,0.0,0.0,-0.0,0.0,0.0,0.0,0.0,0.0,0.0,0.0,0.0,0.0,4.0,0.0,0.0
12340380,298.2318420410156,303.1499938964844,285.1499938964844,0.0,-0.0,288.03961181640625,0.0,0.0,9.471116936765613e-05,298.30517578125,303.1499938964844,285.1499938964844,0.0,-0.0,288.039306640625,0.0,0.0,9.973547275876626e-05,298.359130859375,303.1499938964844,285.1499938964844,0.0,-0.0,288.039306640625,0.0,0.0,7.366428326349705e-05,298.0426330566406,303.1499938964844,285.1499938964844,0.0,-0.0,288.0393981933594,0.0,0.0,9.973545820685104e-05,298.2129211425781,303.1499938964844,285.1499938964844,0.0,-0.0,288.0399475097656,0.0,0.0,0.0004731017106678,288.00555419921875,294.1499938964844,288.8628845214844,286.2538757324219,290.006103515625,289.0144958496094,287.0696716308594,0.0,0.0,0.0,0.0,1.0,1.0,-0.0010092444717884,6.9450476480881215e-09,0.001009237486869,-0.0172468852251768,0.0,0.0,0.0,-0.0082557741552591,60.0,1.263890027999878,-0.0,-6.944679853404524e-08,0.0,283.1598205566406,287.84234619140625,290.39013671875,290.6860046386719,293.1499938964844,293.1499938964844,278.1499938964844,0.0,18000.0,313.1499938964844,0.0,18000.0,0.0,0.0,0.0,0.0,0.0,0.0,0.0,0.0,0.0,-0.0,-0.0,-0.0,6.445913975451006e-21,3.222956987725503e-21,3.2229567857771112e-21,0.0,0.0,-0.0,0.0,0.0,0.0,0.0,0.0,0.0,0.0,0.0,0.0,4.0,0.0,0.0
12340440,298.2318420410156,303.1499938964844,285.1499938964844,0.0,-0.0,288.03961181640625,0.0,0.0,9.471116936765613e-05,298.30517578125,303.1499938964844,285.1499938964844,0.0,-0.0,288.039306640625,0.0,0.0,9.973547275876626e-05,298.359130859375,303.1499938964844,285.1499938964844,0.0,-0.0,288.039306640625,0.0,0.0,7.366428326349705e-05,298.0426330566406,303.1499938964844,285.1499938964844,0.0,-0.0,288.0393981933594,0.0,0.0,9.973545820685104e-05,298.2129211425781,303.1499938964844,285.1499938964844,0.0,-0.0,288.0399475097656,0.0,0.0,0.0004731017106678,288.00555419921875,294.1499938964844,288.8628845214844,286.2538757324219,290.006103515625,289.0144958496094,287.0696716308594,0.0,0.0,0.0,0.0,1.0,1.0,-0.0010092444717884,6.9450476480881215e-09,0.001009237486869,-0.0172468852251768,0.0,0.0,0.0,-0.0082557741552591,60.0,1.263890027999878,-0.0,-6.944679853404524e-08,0.0,283.1598205566406,287.84234619140625,290.39013671875,290.6860046386719,293.1499938964844,293.1499938964844,278.1499938964844,0.0,18000.0,313.1499938964844,0.0,18000.0,0.0,0.0,0.0,0.0,0.0,0.0,0.0,0.0,0.0,-0.0,-0.0,-0.0,6.445913975451006e-21,3.222956987725503e-21,3.2229567857771112e-21,0.0,0.0,-0.0,0.0,0.0,0.0,0.0,0.0,0.0,0.0,0.0,0.0,4.0,0.0,0.0
12340500,298.2317810058594,303.1499938964844,285.1499938964844,0.0,-0.0,288.0368347167969,0.0,0.0,9.470334771322086e-05,298.3050537109375,303.1499938964844,285.1499938964844,0.0,-0.0,288.0365295410156,0.0,0.0,9.9727236374747e-05,298.3592224121094,303.1499938964844,285.1499938964844,0.0,-0.0,288.0365600585937,0.0,0.0,7.365819328697398e-05,298.0428771972656,303.1499938964844,285.1499938964844,0.0,-0.0,288.03662109375,0.0,0.0,9.972722182283178e-05,298.2137145996094,303.1499938964844,285.1499938964844,0.0,-0.0,288.03717041015625,0.0,0.0,0.0004730626242235,288.0019226074219,294.1499938964844,288.8432006835937,286.23760986328125,289.9957580566406,288.99267578125,287.0763244628906,0.0,0.0,0.0,0.0,1.0,1.0,-0.001009160419926,6.9352203979633495e-09,0.001009153551422,-0.0172211434692144,0.0,0.0,0.0,-0.0082509024068713,60.0,1.245082139968872,-0.0,-6.943523089830705e-08,0.0,283.1598205566406,287.84234619140625,290.39013671875,290.6860046386719,293.1499938964844,293.1499938964844,278.1499938964844,0.0,18000.0,313.1499938964844,0.0,18000.0,0.0,0.0,0.0,0.0,0.0,0.0,0.0,0.0,0.0,0.0,0.0,0.0,6.445913975451006e-21,3.222956987725503e-21,3.2229567857771112e-21,0.0,0.0,-0.0,0.0,0.0,0.0,0.0,0.0,0.0,0.0,0.0,0.0,4.0,0.0,0.0
12340560,298.231689453125,303.1499938964844,285.1499938964844,0.0,-0.0,288.0340576171875,0.0,0.0,9.46957152336836e-05,298.30487060546875,303.1499938964844,285.1499938964844,0.0,-0.0,288.03375244140625,0.0,0.0,9.971919644158334e-05,298.3592529296875,303.1499938964844,285.1499938964844,0.0,-0.0,288.0337829589844,0.0,0.0,7.365225610556081e-05,298.0431213378906,303.1499938964844,285.1499938964844,0.0,-0.0,288.0338439941406,0.0,0.0,9.971918188966812e-05,298.21441650390625,303.1499938964844,285.1499938964844,0.0,-0.0,288.0343933105469,0.0,0.0,0.0004730244982056,287.9982604980469,294.1499938964844,288.8238830566406,286.2215881347656,289.9853210449219,288.97119140625,287.082763671875,0.0,0.0,0.0,0.0,1.0,1.0,-0.0010090783471241,6.925628959209007e-09,0.0010090714786201,-0.0171960219740867,0.0,0.0,0.0,-0.0082461480051279,60.0,1.2266802787780762,-0.0,-6.942394747966318e-08,0.0,283.1598205566406,287.84234619140625,290.39013671875,290.6860046386719,293.1499938964844,293.1499938964844,278.1499938964844,0.0,18000.0,313.1499938964844,0.0,18000.0,0.0,0.0,0.0,0.0,0.0,0.0,0.0,0.0,0.0,-0.0,-0.0,-0.0,6.445913975451006e-21,3.222956987725503e-21,3.2229567857771112e-21,0.0,0.0,-0.0,0.0,0.0,0.0,0.0,0.0,0.0,0.0,0.0,0.0,4.0,0.0,0.0
12340620,298.2313537597656,303.1499938964844,285.1499938964844,0.0,-0.0,288.0284729003906,0.0,0.0,9.468109783483668e-05,298.30438232421875,303.1499938964844,285.1499938964844,0.0,-0.0,288.0281677246094,0.0,0.0,9.970380779122934e-05,298.35919189453125,303.1499938964844,285.1499938964844,0.0,-0.0,288.0281982421875,0.0,0.0,7.364089105976745e-05,298.04345703125,303.1499938964844,285.1499938964844,0.0,-0.0,288.0282592773437,0.0,0.0,9.97037859633565e-05,298.2156982421875,303.1499938964844,285.1499938964844,0.0,-0.0,288.02880859375,0.0,0.0,0.000472951476695,287.990966796875,294.1499938964844,288.7862548828125,286.1903381347656,289.9642028808594,288.92926025390625,287.0949401855469,0.0,0.0,0.0,0.0,1.0,1.0,-0.001008921302855,6.907260541311189e-09,0.001008914434351,-0.0171479079872369,0.0,0.0,0.0,-0.0082370415329933,60.0,1.191072702407837,-0.0,-6.940233276964136e-08,0.0,283.1598205566406,287.84234619140625,290.39013671875,290.6860046386719,293.1499938964844,293.1499938964844,278.1499938964844,0.0,18000.0,313.1499938964844,0.0,18000.0,0.0,0.0,0.0,0.0,0.0,0.0,0.0,0.0,0.0,-0.0,-0.0,-0.0,6.445913975451006e-21,3.222956987725503e-21,3.2229567857771112e-21,0.0,0.0,-0.0,0.0,0.0,0.0,0.0,0.0,0.0,0.0,0.0,0.0,4.0,0.0,0.0
12340680,298.2313537597656,303.1499938964844,285.1499938964844,0.0,-0.0,288.0284729003906,0.0,0.0,9.468109783483668e-05,298.30438232421875,303.1499938964844,285.1499938964844,0.0,-0.0,288.0281677246094,0.0,0.0,9.970380779122934e-05,298.35919189453125,303.1499938964844,285.1499938964844,0.0,-0.0,288.0281982421875,0.0,0.0,7.364089105976745e-05,298.04345703125,303.1499938964844,285.1499938964844,0.0,-0.0,288.0282592773437,0.0,0.0,9.97037859633565e-05,298.2156982421875,303.1499938964844,285.1499938964844,0.0,-0.0,288.02880859375,0.0,0.0,0.000472951476695,287.990966796875,294.1499938964844,288.7862548828125,286.1903381347656,289.9642028808594,288.92926025390625,287.0949401855469,0.0,0.0,0.0,0.0,1.0,1.0,-0.001008921302855,6.907260541311189e-09,0.001008914434351,-0.0171479079872369,0.0,0.0,0.0,-0.0082370415329933,60.0,1.191072702407837,-0.0,-6.940233276964136e-08,0.0,283.1598205566406,287.84234619140625,290.39013671875,290.6860046386719,293.1499938964844,293.1499938964844,278.1499938964844,0.0,18000.0,313.1499938964844,0.0,18000.0,0.0,0.0,0.0,0.0,0.0,0.0,0.0,0.0,0.0,-0.0,-0.0,-0.0,6.445913975451006e-21,3.222956987725503e-21,3.2229567857771112e-21,0.0,0.0,-0.0,0.0,0.0,0.0,0.0,0.0,0.0,0.0,0.0,0.0,4.0,0.0,0.0
12340740,298.2308349609375,303.1499938964844,285.1499938964844,0.0,-0.0,288.0228576660156,0.0,0.0,9.466749179409816e-05,298.3037109375,303.1499938964844,285.1499938964844,0.0,-0.0,288.0225830078125,0.0,0.0,9.96894741547294e-05,298.3589172363281,303.1499938964844,285.1499938964844,0.0,-0.0,288.0225830078125,0.0,0.0,7.363030454143882e-05,298.0436706542969,303.1499938964844,285.1499938964844,0.0,-0.0,288.0226745605469,0.0,0.0,9.968945960281415e-05,298.2167663574219,303.1499938964844,285.1499938964844,0.0,-0.0,288.023193359375,0.0,0.0,0.0004728835192508,287.983642578125,294.1499938964844,288.75,286.1601257324219,289.9428405761719,288.8887023925781,287.1062927246094,0.0,0.0,0.0,0.0,1.0,1.0,-0.0010087749687954,6.890154224947764e-09,0.0010087681002914,-0.017103100195527,0.0,0.0,0.0,-0.0082285609096288,60.0,1.1570570468902588,-0.0,-6.938221019936466e-08,0.0,283.1598205566406,287.84234619140625,290.39013671875,290.6860046386719,293.1499938964844,293.1499938964844,278.1499938964844,0.0,18000.0,313.1499938964844,0.0,18000.0,0.0,0.0,0.0,0.0,0.0,0.0,0.0,0.0,0.0,-0.0,-0.0,-0.0,6.445913975451006e-21,3.222956987725503e-21,3.2229567857771112e-21,0.0,0.0,-0.0,0.0,0.0,0.0,0.0,0.0,0.0,0.0,0.0,0.0,4.0,0.0,0.0
12340800,298.2308349609375,303.1499938964844,285.1499938964844,0.0,-0.0,288.0228576660156,0.0,0.0,9.466749179409816e-05,298.3037109375,303.1499938964844,285.1499938964844,0.0,-0.0,288.0225830078125,0.0,0.0,9.96894741547294e-05,298.3589172363281,303.1499938964844,285.1499938964844,0.0,-0.0,288.0225830078125,0.0,0.0,7.363030454143882e-05,298.0436706542969,303.1499938964844,285.1499938964844,0.0,-0.0,288.0226745605469,0.0,0.0,9.968945960281415e-05,298.2167663574219,303.1499938964844,285.1499938964844,0.0,-0.0,288.023193359375,0.0,0.0,0.0004728835192508,287.983642578125,294.1499938964844,288.75,286.1601257324219,289.9428405761719,288.8887023925781,287.1062927246094,0.0,0.0,0.0,0.0,1.0,1.0,-0.0010087749687954,6.890154224947764e-09,0.0010087681002914,-0.017103100195527,0.0,0.0,0.0,-0.0082285609096288,60.0,1.1570570468902588,-0.0,-6.938221019936466e-08,0.0,283.1598205566406,287.84234619140625,290.39013671875,290.6860046386719,293.1499938964844,293.1499938964844,278.1499938964844,0.0,18000.0,313.1499938964844,0.0,18000.0,0.0,0.0,0.0,0.0,0.0,0.0,0.0,0.0,0.0,-0.0,-0.0,-0.0,6.445913975451006e-21,3.222956987725503e-21,3.2229567857771112e-21,0.0,0.0,-0.0,0.0,0.0,0.0,0.0,0.0,0.0,0.0,0.0,0.0,4.0,0.0,0.0
12340860,298.2300720214844,303.1499938964844,285.1499938964844,0.0,-0.0,288.0172424316406,0.0,0.0,9.465445327805357e-05,298.3028869628906,303.1499938964844,285.1499938964844,0.0,-0.0,288.0169677734375,0.0,0.0,9.967574442271145e-05,298.3585205078125,303.1499938964844,285.1499938964844,0.0,-0.0,288.0169677734375,0.0,0.0,7.362016185652465e-05,298.0437316894531,303.1499938964844,285.1499938964844,0.0,-0.0,288.0170593261719,0.0,0.0,9.96757298707962e-05,298.2176818847656,303.1499938964844,285.1499938964844,0.0,-0.0,288.017578125,0.0,0.0,0.0004728183848783,287.9763488769531,294.1499938964844,288.7174987792969,286.1329040527344,289.92120361328125,288.8497619628906,287.1168518066406,0.0,0.0,0.0,0.0,1.0,1.0,-0.0010086348047479,6.8737535663387925e-09,0.001008627936244,-0.0170601420104503,0.0,0.0,0.0,-0.0082204304635524,60.0,1.1252174377441406,-0.0,-6.936291185866139e-08,0.0,283.1598205566406,287.84234619140625,290.39013671875,290.6860046386719,293.1499938964844,293.1499938964844,278.1499938964844,0.0,18000.0,313.1499938964844,0.0,18000.0,0.0,0.0,0.0,0.0,0.0,0.0,0.0,0.0,0.0,-0.0,-0.0,-0.0,6.445913975451006e-21,3.222956987725503e-21,3.2229567857771112e-21,0.0,0.0,-0.0,0.0,0.0,0.0,0.0,0.0,0.0,0.0,0.0,0.0,4.0,0.0,0.0
12340920,298.2300720214844,303.1499938964844,285.1499938964844,0.0,-0.0,288.0172424316406,0.0,0.0,9.465445327805357e-05,298.3028869628906,303.1499938964844,285.1499938964844,0.0,-0.0,288.0169677734375,0.0,0.0,9.967574442271145e-05,298.3585205078125,303.1499938964844,285.1499938964844,0.0,-0.0,288.0169677734375,0.0,0.0,7.362016185652465e-05,298.0437316894531,303.1499938964844,285.1499938964844,0.0,-0.0,288.0170593261719,0.0,0.0,9.96757298707962e-05,298.2176818847656,303.1499938964844,285.1499938964844,0.0,-0.0,288.017578125,0.0,0.0,0.0004728183848783,287.9763488769531,294.1499938964844,288.7174987792969,286.1329040527344,289.92120361328125,288.8497619628906,287.1168518066406,0.0,0.0,0.0,0.0,1.0,1.0,-0.0010086348047479,6.8737535663387925e-09,0.001008627936244,-0.0170601420104503,0.0,0.0,0.0,-0.0082204304635524,60.0,1.1252174377441406,-0.0,-6.936291185866139e-08,0.0,283.1598205566406,287.84234619140625,290.39013671875,290.6860046386719,293.1499938964844,293.1499938964844,278.1499938964844,0.0,18000.0,313.1499938964844,0.0,18000.0,0.0,0.0,0.0,0.0,0.0,0.0,0.0,0.0,0.0,-0.0,-0.0,-0.0,6.445913975451006e-21,3.222956987725503e-21,3.2229567857771112e-21,0.0,0.0,-0.0,0.0,0.0,0.0,0.0,0.0,0.0,0.0,0.0,0.0,4.0,0.0,0.0
12340980,298.2291564941406,303.1499938964844,285.1499938964844,0.0,-0.0,288.0115966796875,0.0,0.0,9.464136383030564e-05,298.3019714355469,303.1499938964844,285.1499938964844,0.0,-0.0,288.0113220214844,0.0,0.0,9.966195648303255e-05,298.3580017089844,303.1499938964844,285.1499938964844,0.0,-0.0,288.0113525390625,0.0,0.0,7.36099827918224e-05,298.043701171875,303.1499938964844,285.1499938964844,0.0,-0.0,288.01141357421875,0.0,0.0,9.966194193111733e-05,298.2184753417969,303.1499938964844,285.1499938964844,0.0,-0.0,288.0119323730469,0.0,0.0,0.0004727530176751,287.96905517578125,294.1499938964844,288.6908874511719,286.1103820800781,289.89947509765625,288.81329345703125,287.126708984375,0.0,0.0,0.0,0.0,1.0,1.0,-0.0010084939422085,6.857292067508069e-09,0.0010084870737046,-0.0170170255005359,0.0,0.0,0.0,-0.0082122702151536,60.0,1.0973594188690186,-0.0,-6.93435566745393e-08,0.0,283.1598205566406,287.84234619140625,290.39013671875,290.6860046386719,293.1499938964844,293.1499938964844,278.1499938964844,0.0,18000.0,313.1499938964844,0.0,18000.0,0.0,0.0,0.0,0.0,0.0,0.0,0.0,0.0,0.0,0.0,0.0,0.0,6.445913975451006e-21,3.222956987725503e-21,3.2229567857771112e-21,0.0,0.0,-0.0,0.0,0.0,0.0,0.0,0.0,0.0,0.0,0.0,0.0,4.0,0.0,0.0
12341040,298.2291564941406,303.1499938964844,285.1499938964844,0.0,-0.0,288.0115966796875,0.0,0.0,9.464136383030564e-05,298.3019714355469,303.1499938964844,285.1499938964844,0.0,-0.0,288.0113220214844,0.0,0.0,9.966195648303255e-05,298.3580017089844,303.1499938964844,285.1499938964844,0.0,-0.0,288.0113525390625,0.0,0.0,7.36099827918224e-05,298.043701171875,303.1499938964844,285.1499938964844,0.0,-0.0,288.01141357421875,0.0,0.0,9.966194193111733e-05,298.2184753417969,303.1499938964844,285.1499938964844,0.0,-0.0,288.0119323730469,0.0,0.0,0.0004727530176751,287.96905517578125,294.1499938964844,288.6908874511719,286.1103820800781,289.89947509765625,288.81329345703125,287.126708984375,0.0,0.0,0.0,0.0,1.0,1.0,-0.0010084939422085,6.857292067508069e-09,0.0010084870737046,-0.0170170255005359,0.0,0.0,0.0,-0.0082122702151536,60.0,1.0973594188690186,-0.0,-6.93435566745393e-08,0.0,283.1598205566406,287.84234619140625,290.39013671875,290.6860046386719,293.1499938964844,293.1499938964844,278.1499938964844,0.0,18000.0,313.1499938964844,0.0,18000.0,0.0,0.0,0.0,0.0,0.0,0.0,0.0,0.0,0.0,0.0,0.0,0.0,6.445913975451006e-21,3.222956987725503e-21,3.2229567857771112e-21,0.0,0.0,-0.0,0.0,0.0,0.0,0.0,0.0,0.0,0.0,0.0,0.0,4.0,0.0,0.0
12341100,298.22869873046875,303.1499938964844,285.1499938964844,0.0,-0.0,288.0087890625,0.0,0.0,9.463480091653764e-05,298.30145263671875,303.1499938964844,285.1499938964844,0.0,-0.0,288.0085144042969,0.0,0.0,9.96550515992567e-05,298.3576965332031,303.1499938964844,285.1499938964844,0.0,-0.0,288.0085144042969,0.0,0.0,7.360488234553486e-05,298.04364013671875,303.1499938964844,285.1499938964844,0.0,-0.0,288.00860595703125,0.0,0.0,9.965503704734148e-05,298.21881103515625,303.1499938964844,285.1499938964844,0.0,-0.0,288.00909423828125,0.0,0.0,0.000472720246762,287.96539306640625,294.1499938964844,288.6796875,286.1007995605469,289.8885803222656,288.7962951660156,287.1313781738281,0.0,0.0,0.0,0.0,1.0,1.0,-0.0010084235109388,6.849045774970364e-09,0.0010084166424348,-0.0169954244047403,0.0,0.0,0.0,-0.0082081817090511,60.0,1.0851203203201294,-0.0,-6.933385776619616e-08,0.0,283.1598205566406,287.84234619140625,290.39013671875,290.6860046386719,293.1499938964844,293.1499938964844,278.1499938964844,0.0,18000.0,313.1499938964844,0.0,18000.0,0.0,0.0,0.0,0.0,0.0,0.0,0.0,0.0,0.0,-0.0,-0.0,-0.0,6.445913975451006e-21,3.222956987725503e-21,3.2229567857771112e-21,0.0,0.0,-0.0,0.0,0.0,0.0,0.0,0.0,0.0,0.0,0.0,0.0,4.0,0.0,0.0
12341160,298.2282409667969,303.1499938964844,285.1499938964844,0.0,-0.0,288.0059509277344,0.0,0.0,9.462823800276964e-05,298.3009338378906,303.1499938964844,285.1499938964844,0.0,-0.0,288.00567626953125,0.0,0.0,9.964813943952322e-05,298.3573608398437,303.1499938964844,285.1499938964844,0.0,-0.0,288.0057067871094,0.0,0.0,7.35997746232897e-05,298.0435485839844,303.1499938964844,285.1499938964844,0.0,-0.0,288.0057678222656,0.0,0.0,9.9648124887608e-05,298.2191162109375,303.1499938964844,285.1499938964844,0.0,-0.0,288.0062866210937,0.0,0.0,0.0004726874467451,287.9617614746094,294.1499938964844,288.6697692871094,286.0922546386719,289.877685546875,288.7801818847656,287.1358642578125,0.0,0.0,0.0,0.0,1.0,1.0,-0.0010083528468385,6.840790156559251e-09,0.0010083459783345,-0.0169737990945577,0.0,0.0,0.0,-0.0082040894776582,60.0,1.0739234685897827,-0.0,-6.932414464699832e-08,0.0,283.1598205566406,287.84234619140625,290.39013671875,290.6860046386719,293.1499938964844,293.1499938964844,278.1499938964844,0.0,18000.0,313.1499938964844,0.0,18000.0,0.0,0.0,0.0,0.0,0.0,0.0,0.0,0.0,0.0,0.0,0.0,0.0,6.445913975451006e-21,3.222956987725503e-21,3.2229567857771112e-21,0.0,0.0,-0.0,0.0,0.0,0.0,0.0,0.0,0.0,0.0,0.0,0.0,4.0,0.0,0.0
12341220,298.2274475097656,303.1499938964844,285.1499938964844,0.0,-0.0,288.00030517578125,0.0,0.0,9.461506124353036e-05,298.2998352050781,303.1499938964844,285.1499938964844,0.0,-0.0,288.0000305175781,0.0,0.0,9.963425691239536e-05,298.3566589355469,303.1499938964844,285.1499938964844,0.0,-0.0,288.00006103515625,0.0,0.0,7.358952279901132e-05,298.04327392578125,303.1499938964844,285.1499938964844,0.0,-0.0,288.0001220703125,0.0,0.0,9.963424236048012e-05,298.2196960449219,303.1499938964844,285.1499938964844,0.0,-0.0,288.0006103515625,0.0,0.0,0.0004726216138806,287.9544982910156,294.1499938964844,288.6537475585937,286.0782165527344,289.85595703125,288.7507629394531,287.1444091796875,0.0,0.0,0.0,0.0,1.0,1.0,-0.0010082111693918,6.824223408585794e-09,0.0010082043008878,-0.0169304050505161,0.0,0.0,0.0,-0.0081958761438727,60.0,1.0544925928115845,-0.0,-6.930466867061116e-08,0.0,283.1598205566406,287.84234619140625,290.39013671875,290.6860046386719,293.1499938964844,293.1499938964844,278.1499938964844,0.0,18000.0,313.1499938964844,0.0,18000.0,0.0,0.0,0.0,0.0,0.0,0.0,0.0,0.0,0.0,-0.0,-0.0,-0.0,6.445913975451006e-21,3.222956987725503e-21,3.2229567857771112e-21,0.0,0.0,-0.0,0.0,0.0,0.0,0.0,0.0,0.0,0.0,0.0,0.0,4.0,0.0,0.0
12341280,298.2274475097656,303.1499938964844,285.1499938964844,0.0,-0.0,288.00030517578125,0.0,0.0,9.461506124353036e-05,298.2998352050781,303.1499938964844,285.1499938964844,0.0,-0.0,288.0000305175781,0.0,0.0,9.963425691239536e-05,298.3566589355469,303.1499938964844,285.1499938964844,0.0,-0.0,288.00006103515625,0.0,0.0,7.358952279901132e-05,298.04327392578125,303.1499938964844,285.1499938964844,0.0,-0.0,288.0001220703125,0.0,0.0,9.963424236048012e-05,298.2196960449219,303.1499938964844,285.1499938964844,0.0,-0.0,288.0006103515625,0.0,0.0,0.0004726216138806,287.9544982910156,294.1499938964844,288.6537475585937,286.0782165527344,289.85595703125,288.7507629394531,287.1444091796875,0.0,0.0,0.0,0.0,1.0,1.0,-0.0010082111693918,6.824223408585794e-09,0.0010082043008878,-0.0169304050505161,0.0,0.0,0.0,-0.0081958761438727,60.0,1.0544925928115845,-0.0,-6.930466867061116e-08,0.0,283.1598205566406,287.84234619140625,290.39013671875,290.6860046386719,293.1499938964844,293.1499938964844,278.1499938964844,0.0,18000.0,313.1499938964844,0.0,18000.0,0.0,0.0,0.0,0.0,0.0,0.0,0.0,0.0,0.0,-0.0,-0.0,-0.0,6.445913975451006e-21,3.222956987725503e-21,3.2229567857771112e-21,0.0,0.0,-0.0,0.0,0.0,0.0,0.0,0.0,0.0,0.0,0.0,0.0,4.0,0.0,0.0
12341340,298.22674560546875,303.1499938964844,285.1499938964844,0.0,-0.0,287.9946594238281,0.0,0.0,9.460176806896924e-05,298.29864501953125,303.1499938964844,285.1499938964844,0.0,-0.0,287.994384765625,0.0,0.0,9.962026524590328e-05,298.3558959960937,303.1499938964844,285.1499938964844,0.0,-0.0,287.9944152832031,0.0,0.0,7.357918366324157e-05,298.04296875,303.1499938964844,285.1499938964844,0.0,-0.0,287.9944763183594,0.0,0.0,9.962025069398804e-05,298.2201843261719,303.1499938964844,285.1499938964844,0.0,-0.0,287.9949645996094,0.0,0.0,0.0004725552280433,287.947265625,294.1499938964844,288.6424255371094,286.0679626464844,289.8344116210937,288.7253723144531,287.15240478515625,0.0,0.0,0.0,0.0,1.0,1.0,-0.0010080683277919,6.807516772511235e-09,0.001008061459288,-0.0168866459280252,0.0,0.0,0.0,-0.0081875938922166,60.0,1.038934350013733,-0.0,-6.928502926939474e-08,0.0,283.1598205566406,287.84234619140625,290.39013671875,290.6860046386719,293.1499938964844,293.1499938964844,278.1499938964844,0.0,18000.0,313.1499938964844,0.0,18000.0,0.0,0.0,0.0,0.0,0.0,0.0,0.0,0.0,0.0,-0.0,-0.0,-0.0,6.445913975451006e-21,3.222956987725503e-21,3.2229567857771112e-21,0.0,0.0,-0.0,0.0,0.0,0.0,0.0,0.0,0.0,0.0,0.0,0.0,4.0,0.0,0.0
12341400,298.22674560546875,303.1499938964844,285.1499938964844,0.0,-0.0,287.9946594238281,0.0,0.0,9.460176806896924e-05,298.29864501953125,303.1499938964844,285.1499938964844,0.0,-0.0,287.994384765625,0.0,0.0,9.962026524590328e-05,298.3558959960937,303.1499938964844,285.1499938964844,0.0,-0.0,287.9944152832031,0.0,0.0,7.357918366324157e-05,298.04296875,303.1499938964844,285.1499938964844,0.0,-0.0,287.9944763183594,0.0,0.0,9.962025069398804e-05,298.2201843261719,303.1499938964844,285.1499938964844,0.0,-0.0,287.9949645996094,0.0,0.0,0.0004725552280433,287.947265625,294.1499938964844,288.6424255371094,286.0679626464844,289.8344116210937,288.7253723144531,287.15240478515625,0.0,0.0,0.0,0.0,1.0,1.0,-0.0010080683277919,6.807516772511235e-09,0.001008061459288,-0.0168866459280252,0.0,0.0,0.0,-0.0081875938922166,60.0,1.038934350013733,-0.0,-6.928502926939474e-08,0.0,283.1598205566406,287.84234619140625,290.39013671875,290.6860046386719,293.1499938964844,293.1499938964844,278.1499938964844,0.0,18000.0,313.1499938964844,0.0,18000.0,0.0,0.0,0.0,0.0,0.0,0.0,0.0,0.0,0.0,-0.0,-0.0,-0.0,6.445913975451006e-21,3.222956987725503e-21,3.2229567857771112e-21,0.0,0.0,-0.0,0.0,0.0,0.0,0.0,0.0,0.0,0.0,0.0,0.0,4.0,0.0,0.0
12341460,298.2261047363281,303.1499938964844,285.1499938964844,0.0,-0.0,287.9889831542969,0.0,0.0,9.4588307547383e-05,298.2974548339844,303.1499938964844,285.1499938964844,0.0,-0.0,287.9887390136719,0.0,0.0,9.960609168047084e-05,298.3551025390625,303.1499938964844,285.1499938964844,0.0,-0.0,287.9887390136719,0.0,0.0,7.356872083619237e-05,298.04266357421875,303.1499938964844,285.1499938964844,0.0,-0.0,287.9888000488281,0.0,0.0,9.960607712855564e-05,298.2206115722656,303.1499938964844,285.1499938964844,0.0,-0.0,287.9892883300781,0.0,0.0,0.0004724879981949,287.9400329589844,294.1499938964844,288.6354064941406,286.06121826171875,289.8130798339844,288.7041320800781,287.15985107421875,0.0,0.0,0.0,0.0,1.0,1.0,-0.0010079237399622,6.790606299489354e-09,0.0010079168714582,-0.0168423503637313,0.0,0.0,0.0,-0.0081792110577225,60.0,1.0269109010696411,-0.0,-6.926514828364817e-08,0.0,283.1598205566406,287.84234619140625,290.39013671875,290.6860046386719,293.1499938964844,293.1499938964844,278.1499938964844,0.0,18000.0,313.1499938964844,0.0,18000.0,0.0,0.0,0.0,0.0,0.0,0.0,0.0,0.0,0.0,-0.0,-0.0,-0.0,6.445913975451006e-21,3.222956987725503e-21,3.2229567857771112e-21,0.0,0.0,-0.0,0.0,0.0,0.0,0.0,0.0,0.0,0.0,0.0,0.0,4.0,0.0,0.0
12341520,298.2261047363281,303.1499938964844,285.1499938964844,0.0,-0.0,287.9889831542969,0.0,0.0,9.4588307547383e-05,298.2974548339844,303.1499938964844,285.1499938964844,0.0,-0.0,287.9887390136719,0.0,0.0,9.960609168047084e-05,298.3551025390625,303.1499938964844,285.1499938964844,0.0,-0.0,287.9887390136719,0.0,0.0,7.356872083619237e-05,298.04266357421875,303.1499938964844,285.1499938964844,0.0,-0.0,287.9888000488281,0.0,0.0,9.960607712855564e-05,298.2206115722656,303.1499938964844,285.1499938964844,0.0,-0.0,287.9892883300781,0.0,0.0,0.0004724879981949,287.9400329589844,294.1499938964844,288.6354064941406,286.06121826171875,289.8130798339844,288.7041320800781,287.15985107421875,0.0,0.0,0.0,0.0,1.0,1.0,-0.0010079237399622,6.790606299489354e-09,0.0010079168714582,-0.0168423503637313,0.0,0.0,0.0,-0.0081792110577225,60.0,1.0269109010696411,-0.0,-6.926514828364817e-08,0.0,283.1598205566406,287.84234619140625,290.39013671875,290.6860046386719,293.1499938964844,293.1499938964844,278.1499938964844,0.0,18000.0,313.1499938964844,0.0,18000.0,0.0,0.0,0.0,0.0,0.0,0.0,0.0,0.0,0.0,-0.0,-0.0,-0.0,6.445913975451006e-21,3.222956987725503e-21,3.2229567857771112e-21,0.0,0.0,-0.0,0.0,0.0,0.0,0.0,0.0,0.0,0.0,0.0,0.0,4.0,0.0,0.0
12341580,298.2255554199219,303.1499938964844,285.1499938964844,0.0,-0.0,287.9833374023437,0.0,0.0,9.45746505749412e-05,298.2962341308594,303.1499938964844,285.1499938964844,0.0,-0.0,287.9830627441406,0.0,0.0,9.95917071122676e-05,298.354248046875,303.1499938964844,285.1499938964844,0.0,-0.0,287.98309326171875,0.0,0.0,7.355809066211805e-05,298.0423278808594,303.1499938964844,285.1499938964844,0.0,-0.0,287.983154296875,0.0,0.0,9.95916925603524e-05,298.22100830078125,303.1499938964844,285.1499938964844,0.0,-0.0,287.983642578125,0.0,0.0,0.0004724197788164,287.932861328125,294.1499938964844,288.63232421875,286.0576477050781,289.7920227050781,288.6869506835937,287.16680908203125,0.0,0.0,0.0,0.0,1.0,1.0,-0.0010077769402414,6.7734453601531194e-09,0.0010077701881527,-0.0167973991483449,0.0,0.0,0.0,-0.0081707034260034,60.0,1.0181132555007937,-0.0,-6.92449830808073e-08,0.0,283.1598205566406,287.84234619140625,290.39013671875,290.6860046386719,293.1499938964844,293.1499938964844,278.1499938964844,0.0,18000.0,313.1499938964844,0.0,18000.0,0.0,0.0,0.0,0.0,0.0,0.0,0.0,0.0,0.0,-0.0,-0.0,-0.0,6.445913975451006e-21,3.222956987725503e-21,3.2229567857771112e-21,0.0,0.0,-0.0,0.0,0.0,0.0,0.0,0.0,0.0,0.0,0.0,0.0,4.0,0.0,0.0
12341640,298.2255554199219,303.1499938964844,285.1499938964844,0.0,-0.0,287.9833374023437,0.0,0.0,9.45746505749412e-05,298.2962341308594,303.1499938964844,285.1499938964844,0.0,-0.0,287.9830627441406,0.0,0.0,9.95917071122676e-05,298.354248046875,303.1499938964844,285.1499938964844,0.0,-0.0,287.98309326171875,0.0,0.0,7.355809066211805e-05,298.0423278808594,303.1499938964844,285.1499938964844,0.0,-0.0,287.983154296875,0.0,0.0,9.95916925603524e-05,298.22100830078125,303.1499938964844,285.1499938964844,0.0,-0.0,287.983642578125,0.0,0.0,0.0004724197788164,287.932861328125,294.1499938964844,288.63232421875,286.0576477050781,289.7920227050781,288.6869506835937,287.16680908203125,0.0,0.0,0.0,0.0,1.0,1.0,-0.0010077769402414,6.7734453601531194e-09,0.0010077701881527,-0.0167973991483449,0.0,0.0,0.0,-0.0081707034260034,60.0,1.0181132555007937,-0.0,-6.92449830808073e-08,0.0,283.1598205566406,287.84234619140625,290.39013671875,290.6860046386719,293.1499938964844,293.1499938964844,278.1499938964844,0.0,18000.0,313.1499938964844,0.0,18000.0,0.0,0.0,0.0,0.0,0.0,0.0,0.0,0.0,0.0,-0.0,-0.0,-0.0,6.445913975451006e-21,3.222956987725503e-21,3.2229567857771112e-21,0.0,0.0,-0.0,0.0,0.0,0.0,0.0,0.0,0.0,0.0,0.0,0.0,4.0,0.0,0.0
12341700,298.2253112792969,303.1499938964844,285.1499938964844,0.0,-0.0,287.9804992675781,0.0,0.0,9.45677311392501e-05,298.2956237792969,303.1499938964844,285.1499938964844,0.0,-0.0,287.9802551269531,0.0,0.0,9.958442387869582e-05,298.3538513183594,303.1499938964844,285.1499938964844,0.0,-0.0,287.9802551269531,0.0,0.0,7.355271372944117e-05,298.0422058105469,303.1499938964844,285.1499938964844,0.0,-0.0,287.9803161621094,0.0,0.0,9.95844093267806e-05,298.2211608886719,303.1499938964844,285.1499938964844,0.0,-0.0,287.9808044433594,0.0,0.0,0.0004723852325696,287.92926025390625,294.1499938964844,288.63214111328125,286.05694580078125,289.7816467285156,288.679931640625,287.17010498046875,0.0,0.0,0.0,0.0,1.0,1.0,-0.0010077026672661,6.764757198851612e-09,0.0010076957987621,-0.0167746413499116,0.0,0.0,0.0,-0.0081663960590958,60.0,1.0148799419403076,-0.0,-6.923477258169441e-08,0.0,283.1598205566406,287.84234619140625,290.39013671875,290.6860046386719,293.1499938964844,293.1499938964844,278.1499938964844,0.0,18000.0,313.1499938964844,0.0,18000.0,0.0,0.0,0.0,0.0,0.0,0.0,0.0,0.0,0.0,-0.0,-0.0,-0.0,6.445913975451006e-21,3.222956987725503e-21,3.2229567857771112e-21,0.0,0.0,-0.0,0.0,0.0,0.0,0.0,0.0,0.0,0.0,0.0,0.0,4.0,0.0,0.0
12341760,298.2250671386719,303.1499938964844,285.1499938964844,0.0,-0.0,287.9776916503906,0.0,0.0,9.456076077185573e-05,298.29498291015625,303.1499938964844,285.1499938964844,0.0,-0.0,287.9774169921875,0.0,0.0,9.957707516150548e-05,298.3534240722656,303.1499938964844,285.1499938964844,0.0,-0.0,287.9774475097656,0.0,0.0,7.35472931410186e-05,298.04205322265625,303.1499938964844,285.1499938964844,0.0,-0.0,287.9775085449219,0.0,0.0,9.957706060959026e-05,298.2213439941406,303.1499938964844,285.1499938964844,0.0,-0.0,287.9779663085937,0.0,0.0,0.0004723503952845,287.9256896972656,294.1499938964844,288.6327819824219,286.05694580078125,289.7713623046875,288.67388916015625,287.1732788085937,0.0,0.0,0.0,0.0,1.0,1.0,-0.0010076276957988,6.755998871454949e-09,0.0010076209437102,-0.0167517010122537,0.0,0.0,0.0,-0.0081620551645755,60.0,1.01231586933136,-0.0,-6.922447681745325e-08,0.0,283.1598205566406,287.84234619140625,290.39013671875,290.6860046386719,293.1499938964844,293.1499938964844,278.1499938964844,0.0,18000.0,313.1499938964844,0.0,18000.0,0.0,0.0,0.0,0.0,0.0,0.0,0.0,0.0,0.0,-0.0,-0.0,-0.0,6.445913975451006e-21,3.222956987725503e-21,3.2229567857771112e-21,0.0,0.0,-0.0,0.0,0.0,0.0,0.0,0.0,0.0,0.0,0.0,0.0,4.0,0.0,0.0
12341820,298.2246398925781,303.1499938964844,285.1499938964844,0.0,-0.0,287.9720153808594,0.0,0.0,9.454663086216895e-05,298.29376220703125,303.1499938964844,285.1499938964844,0.0,-0.0,287.9717712402344,0.0,0.0,9.956219582818449e-05,298.3525695800781,303.1499938964844,285.1499938964844,0.0,-0.0,287.9718017578125,0.0,0.0,7.353629916906357e-05,298.0417785644531,303.1499938964844,285.1499938964844,0.0,-0.0,287.97186279296875,0.0,0.0,9.956218127626926e-05,298.2216491699219,303.1499938964844,285.1499938964844,0.0,-0.0,287.9723205566406,0.0,0.0,0.0004722798184957,287.9185791015625,294.1499938964844,288.63641357421875,286.0588684082031,289.7511291503906,288.6644592285156,287.1793518066406,0.0,0.0,0.0,0.0,1.0,1.0,-0.0010074760066345,6.73825395480776e-09,0.0010074692545458,-0.0167052187025547,0.0,0.0,0.0,-0.0081532578915357,60.0,1.009022235870361,-0.0,-6.920362949358605e-08,0.0,283.1598205566406,287.84234619140625,290.39013671875,290.6860046386719,293.1499938964844,293.1499938964844,278.1499938964844,0.0,18000.0,313.1499938964844,0.0,18000.0,0.0,0.0,0.0,0.0,0.0,0.0,0.0,0.0,0.0,-0.0,-0.0,-0.0,6.445913975451006e-21,3.222956987725503e-21,3.2229567857771112e-21,0.0,0.0,-0.0,0.0,0.0,0.0,0.0,0.0,0.0,0.0,0.0,0.0,4.0,0.0,0.0
12341880,298.2246398925781,303.1499938964844,285.1499938964844,0.0,-0.0,287.9720153808594,0.0,0.0,9.454663086216895e-05,298.29376220703125,303.1499938964844,285.1499938964844,0.0,-0.0,287.9717712402344,0.0,0.0,9.956219582818449e-05,298.3525695800781,303.1499938964844,285.1499938964844,0.0,-0.0,287.9718017578125,0.0,0.0,7.353629916906357e-05,298.0417785644531,303.1499938964844,285.1499938964844,0.0,-0.0,287.97186279296875,0.0,0.0,9.956218127626926e-05,298.2216491699219,303.1499938964844,285.1499938964844,0.0,-0.0,287.9723205566406,0.0,0.0,0.0004722798184957,287.9185791015625,294.1499938964844,288.63641357421875,286.0588684082031,289.7511291503906,288.6644592285156,287.1793518066406,0.0,0.0,0.0,0.0,1.0,1.0,-0.0010074760066345,6.73825395480776e-09,0.0010074692545458,-0.0167052187025547,0.0,0.0,0.0,-0.0081532578915357,60.0,1.009022235870361,-0.0,-6.920362949358605e-08,0.0,283.1598205566406,287.84234619140625,290.39013671875,290.6860046386719,293.1499938964844,293.1499938964844,278.1499938964844,0.0,18000.0,313.1499938964844,0.0,18000.0,0.0,0.0,0.0,0.0,0.0,0.0,0.0,0.0,0.0,-0.0,-0.0,-0.0,6.445913975451006e-21,3.222956987725503e-21,3.2229567857771112e-21,0.0,0.0,-0.0,0.0,0.0,0.0,0.0,0.0,0.0,0.0,0.0,0.0,4.0,0.0,0.0
12341940,298.22430419921875,303.1499938964844,285.1499938964844,0.0,-0.0,287.96636962890625,0.0,0.0,9.453223901800813e-05,298.2925109863281,303.1499938964844,285.1499938964844,0.0,-0.0,287.96612548828125,0.0,0.0,9.954704728443176e-05,298.35174560546875,303.1499938964844,285.1499938964844,0.0,-0.0,287.9661560058594,0.0,0.0,7.352510874625295e-05,298.04156494140625,303.1499938964844,285.1499938964844,0.0,-0.0,287.9662170410156,0.0,0.0,9.954703273251651e-05,298.221923828125,303.1499938964844,285.1499938964844,0.0,-0.0,287.9666748046875,0.0,0.0,0.0004722079611383,287.9114990234375,294.1499938964844,288.64276123046875,286.06304931640625,289.7313232421875,288.6585998535156,287.1850280761719,0.0,0.0,0.0,0.0,1.0,1.0,-0.0010073215235024,6.720193290732368e-09,0.0010073147714138,-0.0166579112410545,0.0,0.0,0.0,-0.0081443041563034,60.0,1.0081205368041992,-0.0,-6.918241268749625e-08,0.0,283.1598205566406,287.84234619140625,290.39013671875,290.6860046386719,293.1499938964844,293.1499938964844,278.1499938964844,0.0,18000.0,313.1499938964844,0.0,18000.0,0.0,0.0,0.0,0.0,0.0,0.0,0.0,0.0,0.0,-0.0,-0.0,-0.0,6.445913975451006e-21,3.222956987725503e-21,3.2229567857771112e-21,0.0,0.0,-0.0,0.0,0.0,0.0,0.0,0.0,0.0,0.0,0.0,0.0,4.0,0.0,0.0
12342000,298.22430419921875,303.1499938964844,285.1499938964844,0.0,-0.0,287.96636962890625,0.0,0.0,9.453223901800813e-05,298.2925109863281,303.1499938964844,285.1499938964844,0.0,-0.0,287.96612548828125,0.0,0.0,9.954704728443176e-05,298.35174560546875,303.1499938964844,285.1499938964844,0.0,-0.0,287.9661560058594,0.0,0.0,7.352510874625295e-05,298.04156494140625,303.1499938964844,285.1499938964844,0.0,-0.0,287.9662170410156,0.0,0.0,9.954703273251651e-05,298.221923828125,303.1499938964844,285.1499938964844,0.0,-0.0,287.9666748046875,0.0,0.0,0.0004722079611383,287.9114990234375,294.1499938964844,288.64276123046875,286.06304931640625,289.7313232421875,288.6585998535156,287.1850280761719,0.0,0.0,0.0,0.0,1.0,1.0,-0.0010073215235024,6.720193290732368e-09,0.0010073147714138,-0.0166579112410545,0.0,0.0,0.0,-0.0081443041563034,60.0,1.0081205368041992,-0.0,-6.918241268749625e-08,0.0,283.1598205566406,287.84234619140625,290.39013671875,290.6860046386719,293.1499938964844,293.1499938964844,278.1499938964844,0.0,18000.0,313.1499938964844,0.0,18000.0,0.0,0.0,0.0,0.0,0.0,0.0,0.0,0.0,0.0,-0.0,-0.0,-0.0,6.445913975451006e-21,3.222956987725503e-21,3.2229567857771112e-21,0.0,0.0,-0.0,0.0,0.0,0.0,0.0,0.0,0.0,0.0,0.0,0.0,4.0,0.0,0.0
12342060,298.2239685058594,303.1499938964844,285.1499938964844,0.0,-0.0,287.96075439453125,0.0,0.0,9.4517607067246e-05,298.2912902832031,303.1499938964844,285.1499938964844,0.0,-0.0,287.96051025390625,0.0,0.0,9.95316295302473e-05,298.35089111328125,303.1499938964844,285.1499938964844,0.0,-0.0,287.96051025390625,0.0,0.0,7.351372187258676e-05,298.0413513183594,303.1499938964844,285.1499938964844,0.0,-0.0,287.9605712890625,0.0,0.0,9.953161497833209e-05,298.22216796875,303.1499938964844,285.1499938964844,0.0,-0.0,287.9610290527344,0.0,0.0,0.0004721348232124,287.9044494628906,294.1499938964844,288.6515197753906,286.0691833496094,289.7120056152344,288.65606689453125,287.1903381347656,0.0,0.0,0.0,0.0,1.0,1.0,-0.001007164362818,6.701819099674822e-09,0.0010071577271446,-0.0166097823530435,0.0,0.0,0.0,-0.0081351958215236,60.0,1.0092742443084717,-0.0,-6.916082639918386e-08,0.0,283.1598205566406,287.84234619140625,290.39013671875,290.6860046386719,293.1499938964844,293.1499938964844,278.1499938964844,0.0,18000.0,313.1499938964844,0.0,18000.0,0.0,0.0,0.0,0.0,0.0,0.0,0.0,0.0,0.0,-0.0,-0.0,-0.0,6.445913975451006e-21,3.222956987725503e-21,3.2229567857771112e-21,0.0,0.0,-0.0,0.0,0.0,0.0,0.0,0.0,0.0,0.0,0.0,0.0,4.0,0.0,0.0
12342120,298.2239685058594,303.1499938964844,285.1499938964844,0.0,-0.0,287.96075439453125,0.0,0.0,9.4517607067246e-05,298.2912902832031,303.1499938964844,285.1499938964844,0.0,-0.0,287.96051025390625,0.0,0.0,9.95316295302473e-05,298.35089111328125,303.1499938964844,285.1499938964844,0.0,-0.0,287.96051025390625,0.0,0.0,7.351372187258676e-05,298.0413513183594,303.1499938964844,285.1499938964844,0.0,-0.0,287.9605712890625,0.0,0.0,9.953161497833209e-05,298.22216796875,303.1499938964844,285.1499938964844,0.0,-0.0,287.9610290527344,0.0,0.0,0.0004721348232124,287.9044494628906,294.1499938964844,288.6515197753906,286.0691833496094,289.7120056152344,288.65606689453125,287.1903381347656,0.0,0.0,0.0,0.0,1.0,1.0,-0.001007164362818,6.701819099674822e-09,0.0010071577271446,-0.0166097823530435,0.0,0.0,0.0,-0.0081351958215236,60.0,1.0092742443084717,-0.0,-6.916082639918386e-08,0.0,283.1598205566406,287.84234619140625,290.39013671875,290.6860046386719,293.1499938964844,293.1499938964844,278.1499938964844,0.0,18000.0,313.1499938964844,0.0,18000.0,0.0,0.0,0.0,0.0,0.0,0.0,0.0,0.0,0.0,-0.0,-0.0,-0.0,6.445913975451006e-21,3.222956987725503e-21,3.2229567857771112e-21,0.0,0.0,-0.0,0.0,0.0,0.0,0.0,0.0,0.0,0.0,0.0,0.0,4.0,0.0,0.0
12342180,298.22369384765625,303.1499938964844,285.1499938964844,0.0,-0.0,287.95513916015625,0.0,0.0,9.450271318200976e-05,298.29010009765625,303.1499938964844,285.1499938964844,0.0,-0.0,287.95489501953125,0.0,0.0,9.951594984158874e-05,298.3500671386719,303.1499938964844,285.1499938964844,0.0,-0.0,287.95489501953125,0.0,0.0,7.350213854806498e-05,298.04119873046875,303.1499938964844,285.1499938964844,0.0,-0.0,287.9549560546875,0.0,0.0,9.951593528967352e-05,298.222412109375,303.1499938964844,285.1499938964844,0.0,-0.0,287.9554138183594,0.0,0.0,0.0004720604629255,287.8974304199219,294.1499938964844,288.6622314453125,286.0770263671875,289.6932678222656,288.6566162109375,287.1952819824219,0.0,0.0,0.0,0.0,1.0,1.0,-0.0010070046409964,6.6831358225272205e-09,0.0010069978889077,-0.0165608432143926,0.0,0.0,0.0,-0.0081259328871965,60.0,1.0122369527816772,-0.0,-6.913888483950359e-08,0.0,283.1598205566406,287.84234619140625,290.39013671875,290.6860046386719,293.1499938964844,293.1499938964844,278.1499938964844,0.0,18000.0,313.1499938964844,0.0,18000.0,0.0,0.0,0.0,0.0,0.0,0.0,0.0,0.0,0.0,-0.0,-0.0,-0.0,6.445913975451006e-21,3.222956987725503e-21,3.2229567857771112e-21,0.0,0.0,-0.0,0.0,0.0,0.0,0.0,0.0,0.0,0.0,0.0,0.0,4.0,0.0,0.0
12342240,298.22369384765625,303.1499938964844,285.1499938964844,0.0,-0.0,287.95513916015625,0.0,0.0,9.450271318200976e-05,298.29010009765625,303.1499938964844,285.1499938964844,0.0,-0.0,287.95489501953125,0.0,0.0,9.951594984158874e-05,298.3500671386719,303.1499938964844,285.1499938964844,0.0,-0.0,287.95489501953125,0.0,0.0,7.350213854806498e-05,298.04119873046875,303.1499938964844,285.1499938964844,0.0,-0.0,287.9549560546875,0.0,0.0,9.951593528967352e-05,298.222412109375,303.1499938964844,285.1499938964844,0.0,-0.0,287.9554138183594,0.0,0.0,0.0004720604629255,287.8974304199219,294.1499938964844,288.6622314453125,286.0770263671875,289.6932678222656,288.6566162109375,287.1952819824219,0.0,0.0,0.0,0.0,1.0,1.0,-0.0010070046409964,6.6831358225272205e-09,0.0010069978889077,-0.0165608432143926,0.0,0.0,0.0,-0.0081259328871965,60.0,1.0122369527816772,-0.0,-6.913888483950359e-08,0.0,283.1598205566406,287.84234619140625,290.39013671875,290.6860046386719,293.1499938964844,293.1499938964844,278.1499938964844,0.0,18000.0,313.1499938964844,0.0,18000.0,0.0,0.0,0.0,0.0,0.0,0.0,0.0,0.0,0.0,-0.0,-0.0,-0.0,6.445913975451006e-21,3.222956987725503e-21,3.2229567857771112e-21,0.0,0.0,-0.0,0.0,0.0,0.0,0.0,0.0,0.0,0.0,0.0,0.0,4.0,0.0,0.0
12342300,298.2235717773437,303.1499938964844,285.1499938964844,0.0,-0.0,287.95233154296875,0.0,0.0,9.449518256587908e-05,298.2894897460937,303.1499938964844,285.1499938964844,0.0,-0.0,287.9520874023437,0.0,0.0,9.950801904778928e-05,298.3496398925781,303.1499938964844,285.1499938964844,0.0,-0.0,287.9520874023437,0.0,0.0,7.349628140218556e-05,298.0411376953125,303.1499938964844,285.1499938964844,0.0,-0.0,287.9521484375,0.0,0.0,9.950800449587403e-05,298.2225341796875,303.1499938964844,285.1499938964844,0.0,-0.0,287.9526062011719,0.0,0.0,0.0004720228316728,287.8939514160156,294.1499938964844,288.668212890625,286.0814819335937,289.6841125488281,288.65789794921875,287.1976318359375,0.0,0.0,0.0,0.0,1.0,1.0,-0.0010069237323477,6.673684271873981e-09,0.0010069170966744,-0.0165360867977142,0.0,0.0,0.0,-0.0081212474033236,60.0,1.0142711400985718,-0.0,-6.912778616197103e-08,0.0,283.1598205566406,287.84234619140625,290.39013671875,290.6860046386719,293.1499938964844,293.1499938964844,278.1499938964844,0.0,18000.0,313.1499938964844,0.0,18000.0,0.0,0.0,0.0,0.0,0.0,0.0,0.0,0.0,0.0,-0.0,-0.0,-0.0,6.445913975451006e-21,3.222956987725503e-21,3.2229567857771112e-21,0.0,0.0,-0.0,0.0,0.0,0.0,0.0,0.0,0.0,0.0,0.0,0.0,4.0,0.0,0.0
12342360,298.2234802246094,303.1499938964844,285.1499938964844,0.0,-0.0,287.94952392578125,0.0,0.0,9.448759374208748e-05,298.2889099121094,303.1499938964844,285.1499938964844,0.0,-0.0,287.94927978515625,0.0,0.0,9.95000300463289e-05,298.3492431640625,303.1499938964844,285.1499938964844,0.0,-0.0,287.94927978515625,0.0,0.0,7.349038060056046e-05,298.0410461425781,303.1499938964844,285.1499938964844,0.0,-0.0,287.9493408203125,0.0,0.0,9.950001549441367e-05,298.22265625,303.1499938964844,285.1499938964844,0.0,-0.0,287.9497985839844,0.0,0.0,0.0004719849093817,287.8904724121094,294.1499938964844,288.6745300292969,286.08624267578125,289.6750793457031,288.6598205566406,287.1999206542969,0.0,0.0,0.0,0.0,1.0,1.0,-0.0010068423580378,6.664163443304005e-09,0.0010068357223644,-0.0165111478418111,0.0,0.0,0.0,-0.0081165274605154,60.0,1.0166336297988892,-0.0,-6.911660932473751e-08,0.0,283.1598205566406,287.84234619140625,290.39013671875,290.6860046386719,293.1499938964844,293.1499938964844,278.1499938964844,0.0,18000.0,313.1499938964844,0.0,18000.0,0.0,0.0,0.0,0.0,0.0,0.0,0.0,0.0,0.0,-0.0,-0.0,-0.0,6.445913975451006e-21,3.222956987725503e-21,3.2229567857771112e-21,0.0,0.0,-0.0,0.0,0.0,0.0,0.0,0.0,0.0,0.0,0.0,0.0,4.0,0.0,0.0
12342420,298.2232666015625,303.1499938964844,285.1499938964844,0.0,-0.0,287.94390869140625,0.0,0.0,9.447225602343678e-05,298.2877502441406,303.1499938964844,285.1499938964844,0.0,-0.0,287.94366455078125,0.0,0.0,9.948387742042542e-05,298.3484191894531,303.1499938964844,285.1499938964844,0.0,-0.0,287.9436950683594,0.0,0.0,7.34784480300732e-05,298.0409545898437,303.1499938964844,285.1499938964844,0.0,-0.0,287.9437561035156,0.0,0.0,9.94838628685102e-05,298.2228698730469,303.1499938964844,285.1499938964844,0.0,-0.0,287.9441833496094,0.0,0.0,0.0004719083080999,287.8835754394531,294.1499938964844,288.68804931640625,286.09649658203125,289.65740966796875,288.6652526855469,287.20428466796875,0.0,0.0,0.0,0.0,1.0,1.0,-0.001006677863188,6.644924166465671e-09,0.0010066711110994,-0.0164607521146535,0.0,0.0,0.0,-0.0081069897860288,60.0,1.0221710205078125,-0.0,-6.90940211711677e-08,0.0,283.1598205566406,287.84234619140625,290.39013671875,290.6860046386719,293.1499938964844,293.1499938964844,278.1499938964844,0.0,18000.0,313.1499938964844,0.0,18000.0,0.0,0.0,0.0,0.0,0.0,0.0,0.0,0.0,0.0,-0.0,-0.0,-0.0,6.445913975451006e-21,3.222956987725503e-21,3.2229567857771112e-21,0.0,0.0,-0.0,0.0,0.0,0.0,0.0,0.0,0.0,0.0,0.0,0.0,4.0,0.0,0.0
12342480,298.2232666015625,303.1499938964844,285.1499938964844,0.0,-0.0,287.94390869140625,0.0,0.0,9.447225602343678e-05,298.2877502441406,303.1499938964844,285.1499938964844,0.0,-0.0,287.94366455078125,0.0,0.0,9.948387742042542e-05,298.3484191894531,303.1499938964844,285.1499938964844,0.0,-0.0,287.9436950683594,0.0,0.0,7.34784480300732e-05,298.0409545898437,303.1499938964844,285.1499938964844,0.0,-0.0,287.9437561035156,0.0,0.0,9.94838628685102e-05,298.2228698730469,303.1499938964844,285.1499938964844,0.0,-0.0,287.9441833496094,0.0,0.0,0.0004719083080999,287.8835754394531,294.1499938964844,288.68804931640625,286.09649658203125,289.65740966796875,288.6652526855469,287.20428466796875,0.0,0.0,0.0,0.0,1.0,1.0,-0.001006677863188,6.644924166465671e-09,0.0010066711110994,-0.0164607521146535,0.0,0.0,0.0,-0.0081069897860288,60.0,1.0221710205078125,-0.0,-6.90940211711677e-08,0.0,283.1598205566406,287.84234619140625,290.39013671875,290.6860046386719,293.1499938964844,293.1499938964844,278.1499938964844,0.0,18000.0,313.1499938964844,0.0,18000.0,0.0,0.0,0.0,0.0,0.0,0.0,0.0,0.0,0.0,-0.0,-0.0,-0.0,6.445913975451006e-21,3.222956987725503e-21,3.2229567857771112e-21,0.0,0.0,-0.0,0.0,0.0,0.0,0.0,0.0,0.0,0.0,0.0,0.0,4.0,0.0,0.0
12342540,298.2230834960937,303.1499938964844,285.1499938964844,0.0,-0.0,287.9383239746094,0.0,0.0,9.445671457797288e-05,298.28662109375,303.1499938964844,285.1499938964844,0.0,-0.0,287.9381103515625,0.0,0.0,9.94675065157935e-05,298.3476257324219,303.1499938964844,285.1499938964844,0.0,-0.0,287.9381103515625,0.0,0.0,7.346636266447604e-05,298.0408630371094,303.1499938964844,285.1499938964844,0.0,-0.0,287.93817138671875,0.0,0.0,9.946749196387827e-05,298.2230834960937,303.1499938964844,285.1499938964844,0.0,-0.0,287.9385986328125,0.0,0.0,0.0004718306881841,287.8766784667969,294.1499938964844,288.702392578125,286.1075439453125,289.64031982421875,288.6727294921875,287.2084045410156,0.0,0.0,0.0,0.0,1.0,1.0,-0.0010065111564472,6.625432646956142e-09,0.0010065045207738,-0.016409695148468,0.0,0.0,0.0,-0.0080973273143172,60.0,1.0286414623260498,-0.0,-6.907114169507622e-08,0.0,283.1598205566406,287.84234619140625,290.39013671875,290.6860046386719,293.1499938964844,293.1499938964844,278.1499938964844,0.0,18000.0,313.1499938964844,0.0,18000.0,0.0,0.0,0.0,0.0,0.0,0.0,0.0,0.0,0.0,-0.0,-0.0,-0.0,6.445913975451006e-21,3.222956987725503e-21,3.2229567857771112e-21,0.0,0.0,-0.0,0.0,0.0,0.0,0.0,0.0,0.0,0.0,0.0,0.0,4.0,0.0,0.0
12342600,298.2230834960937,303.1499938964844,285.1499938964844,0.0,-0.0,287.9383239746094,0.0,0.0,9.445671457797288e-05,298.28662109375,303.1499938964844,285.1499938964844,0.0,-0.0,287.9381103515625,0.0,0.0,9.94675065157935e-05,298.3476257324219,303.1499938964844,285.1499938964844,0.0,-0.0,287.9381103515625,0.0,0.0,7.346636266447604e-05,298.0408630371094,303.1499938964844,285.1499938964844,0.0,-0.0,287.93817138671875,0.0,0.0,9.946749196387827e-05,298.2230834960937,303.1499938964844,285.1499938964844,0.0,-0.0,287.9385986328125,0.0,0.0,0.0004718306881841,287.8766784667969,294.1499938964844,288.702392578125,286.1075439453125,289.64031982421875,288.6727294921875,287.2084045410156,0.0,0.0,0.0,0.0,1.0,1.0,-0.0010065111564472,6.625432646956142e-09,0.0010065045207738,-0.016409695148468,0.0,0.0,0.0,-0.0080973273143172,60.0,1.0286414623260498,-0.0,-6.907114169507622e-08,0.0,283.1598205566406,287.84234619140625,290.39013671875,290.6860046386719,293.1499938964844,293.1499938964844,278.1499938964844,0.0,18000.0,313.1499938964844,0.0,18000.0,0.0,0.0,0.0,0.0,0.0,0.0,0.0,0.0,0.0,-0.0,-0.0,-0.0,6.445913975451006e-21,3.222956987725503e-21,3.2229567857771112e-21,0.0,0.0,-0.0,0.0,0.0,0.0,0.0,0.0,0.0,0.0,0.0,0.0,4.0,0.0,0.0
12342660,298.222900390625,303.1499938964844,285.1499938964844,0.0,-0.0,287.9327697753906,0.0,0.0,9.444099123356864e-05,298.28546142578125,303.1499938964844,285.1499938964844,0.0,-0.0,287.9325561523437,0.0,0.0,9.945095371222124e-05,298.3468322753906,303.1499938964844,285.1499938964844,0.0,-0.0,287.9325561523437,0.0,0.0,7.34541317797266e-05,298.040771484375,303.1499938964844,285.1499938964844,0.0,-0.0,287.9326171875,0.0,0.0,9.9450939160306e-05,298.2232971191406,303.1499938964844,285.1499938964844,0.0,-0.0,287.9330444335937,0.0,0.0,0.0004717521660495,287.869873046875,294.1499938964844,288.7171325683594,286.1190490722656,289.6238098144531,288.681884765625,287.2122497558594,0.0,0.0,0.0,0.0,1.0,1.0,-0.0010063425870612,6.6057199710201076e-09,0.0010063359513878,-0.016358058899641,0.0,0.0,0.0,-0.0080875549465417,60.0,1.0357321500778198,-0.0,-6.904800642359987e-08,0.0,283.1598205566406,287.84234619140625,290.39013671875,290.6860046386719,293.1499938964844,293.1499938964844,278.1499938964844,0.0,18000.0,313.1499938964844,0.0,18000.0,0.0,0.0,0.0,0.0,0.0,0.0,0.0,0.0,0.0,-0.0,-0.0,-0.0,6.445913975451006e-21,3.222956987725503e-21,3.2229567857771112e-21,0.0,0.0,-0.0,0.0,0.0,0.0,0.0,0.0,0.0,0.0,0.0,0.0,4.0,0.0,0.0
12342720,298.222900390625,303.1499938964844,285.1499938964844,0.0,-0.0,287.9327697753906,0.0,0.0,9.444099123356864e-05,298.28546142578125,303.1499938964844,285.1499938964844,0.0,-0.0,287.9325561523437,0.0,0.0,9.945095371222124e-05,298.3468322753906,303.1499938964844,285.1499938964844,0.0,-0.0,287.9325561523437,0.0,0.0,7.34541317797266e-05,298.040771484375,303.1499938964844,285.1499938964844,0.0,-0.0,287.9326171875,0.0,0.0,9.9450939160306e-05,298.2232971191406,303.1499938964844,285.1499938964844,0.0,-0.0,287.9330444335937,0.0,0.0,0.0004717521660495,287.869873046875,294.1499938964844,288.7171325683594,286.1190490722656,289.6238098144531,288.681884765625,287.2122497558594,0.0,0.0,0.0,0.0,1.0,1.0,-0.0010063425870612,6.6057199710201076e-09,0.0010063359513878,-0.016358058899641,0.0,0.0,0.0,-0.0080875549465417,60.0,1.0357321500778198,-0.0,-6.904800642359987e-08,0.0,283.1598205566406,287.84234619140625,290.39013671875,290.6860046386719,293.1499938964844,293.1499938964844,278.1499938964844,0.0,18000.0,313.1499938964844,0.0,18000.0,0.0,0.0,0.0,0.0,0.0,0.0,0.0,0.0,0.0,-0.0,-0.0,-0.0,6.445913975451006e-21,3.222956987725503e-21,3.2229567857771112e-21,0.0,0.0,-0.0,0.0,0.0,0.0,0.0,0.0,0.0,0.0,0.0,0.0,4.0,0.0,0.0
12342780,298.2232360839844,303.1499938964844,285.1499938964844,0.0,-0.0,287.92724609375,0.0,0.0,9.44251223700121e-05,298.28436279296875,303.1499938964844,285.1499938964844,0.0,-0.0,287.927001953125,0.0,0.0,9.943424083758146e-05,298.34600830078125,303.1499938964844,285.1499938964844,0.0,-0.0,287.927001953125,0.0,0.0,7.344179175561294e-05,298.041259765625,303.1499938964844,285.1499938964844,0.0,-0.0,287.92706298828125,0.0,0.0,9.943422628566624e-05,298.2232971191406,303.1499938964844,285.1499938964844,0.0,-0.0,287.927490234375,0.0,0.0,0.0004716728581115,287.86309814453125,294.1499938964844,288.7319030761719,286.1307373046875,289.6078796386719,288.6923217773437,287.2158508300781,0.0,0.0,0.0,0.0,1.0,1.0,-0.0010061723878607,6.585819445348306e-09,0.0010061657521873,-0.0163059309124946,0.0,0.0,0.0,-0.0080776894465088,60.0,1.0431534051895142,-0.0,-6.902465088387545e-08,0.0,283.1598205566406,287.84234619140625,290.39013671875,290.6860046386719,293.1499938964844,293.1499938964844,278.1499938964844,0.0,18000.0,313.1499938964844,0.0,18000.0,0.0,0.0,0.0,0.0,0.0,0.0,0.0,0.0,0.0,-0.0,-0.0,-0.0,6.445913975451006e-21,3.222956987725503e-21,3.2229567857771112e-21,0.0,0.0,-0.0,0.0,0.0,0.0,0.0,0.0,0.0,0.0,0.0,0.0,4.0,0.0,0.0
12342840,298.2232360839844,303.1499938964844,285.1499938964844,0.0,-0.0,287.92724609375,0.0,0.0,9.44251223700121e-05,298.28436279296875,303.1499938964844,285.1499938964844,0.0,-0.0,287.927001953125,0.0,0.0,9.943424083758146e-05,298.34600830078125,303.1499938964844,285.1499938964844,0.0,-0.0,287.927001953125,0.0,0.0,7.344179175561294e-05,298.041259765625,303.1499938964844,285.1499938964844,0.0,-0.0,287.92706298828125,0.0,0.0,9.943422628566624e-05,298.2232971191406,303.1499938964844,285.1499938964844,0.0,-0.0,287.927490234375,0.0,0.0,0.0004716728581115,287.86309814453125,294.1499938964844,288.7319030761719,286.1307373046875,289.6078796386719,288.6923217773437,287.2158508300781,0.0,0.0,0.0,0.0,1.0,1.0,-0.0010061723878607,6.585819445348306e-09,0.0010061657521873,-0.0163059309124946,0.0,0.0,0.0,-0.0080776894465088,60.0,1.0431534051895142,-0.0,-6.902465088387545e-08,0.0,283.1598205566406,287.84234619140625,290.39013671875,290.6860046386719,293.1499938964844,293.1499938964844,278.1499938964844,0.0,18000.0,313.1499938964844,0.0,18000.0,0.0,0.0,0.0,0.0,0.0,0.0,0.0,0.0,0.0,-0.0,-0.0,-0.0,6.445913975451006e-21,3.222956987725503e-21,3.2229567857771112e-21,0.0,0.0,-0.0,0.0,0.0,0.0,0.0,0.0,0.0,0.0,0.0,0.0,4.0,0.0,0.0
12342900,298.2205505371094,303.1499938964844,285.1499938964844,0.0,-0.0,287.9244689941406,0.0,0.0,9.441714064450936e-05,298.2838134765625,303.1499938964844,285.1499938964844,0.0,-0.0,287.9242248535156,0.0,0.0,9.942582983057946e-05,298.3456115722656,303.1499938964844,285.1499938964844,0.0,-0.0,287.9242553710937,0.0,0.0,7.343557808781043e-05,298.038330078125,303.1499938964844,285.1499938964844,0.0,-0.0,287.92431640625,0.0,0.0,9.942582255462185e-05,298.2243347167969,303.1499938964844,285.1499938964844,0.0,-0.0,287.9247436523437,0.0,0.0,0.0004716329858638,287.8597106933594,294.1499938964844,288.7391967773437,286.13653564453125,289.6000671386719,288.6978759765625,287.21759033203125,0.0,0.0,0.0,0.0,1.0,1.0,-0.0010060867061838,6.575811450915125e-09,0.0010060801869258,-0.0162797160446643,0.0,0.0,0.0,-0.0080727282911539,60.0,1.046907901763916,-0.0,-6.901291271788068e-08,0.0,283.1598205566406,287.84234619140625,290.39013671875,290.6860046386719,293.1499938964844,293.1499938964844,278.1499938964844,0.0,18000.0,313.1499938964844,0.0,18000.0,0.0,0.0,0.0,0.0,0.0,0.0,0.0,0.0,0.0,-0.0,-0.0,-0.0,6.445913975451006e-21,3.222956987725503e-21,3.2229567857771112e-21,0.0,0.0,-0.0,0.0,0.0,0.0,0.0,0.0,0.0,0.0,0.0,0.0,4.0,0.0,0.0
12342960,298.213623046875,303.1499938964844,285.1499938964844,0.0,-0.0,287.92169189453125,0.0,0.0,9.440912253921852e-05,298.2833557128906,303.1499938964844,285.1499938964844,0.0,-0.0,287.9214782714844,0.0,0.0,9.941739699570462e-05,298.3454895019531,303.1499938964844,285.1499938964844,0.0,-0.0,287.9214782714844,0.0,0.0,7.342934986809269e-05,298.03228759765625,303.1499938964844,285.1499938964844,0.0,-0.0,287.9215393066406,0.0,0.0,9.94173824437894e-05,298.2266845703125,303.1499938964844,285.1499938964844,0.0,-0.0,287.9219665527344,0.0,0.0,0.0004715929680969,287.8563537597656,294.1499938964844,288.746337890625,286.1422424316406,289.5924072265625,288.7036437988281,287.2192687988281,0.0,0.0,0.0,0.0,1.0,1.0,-0.0010060009080916,6.565767041166737e-09,0.0010059942724183,-0.0162534061819314,0.0,0.0,0.0,-0.0080677485093474,60.0,1.050637125968933,-0.0,-6.900112481389442e-08,0.0,283.1598205566406,287.84234619140625,290.39013671875,290.6860046386719,293.1499938964844,293.1499938964844,278.1499938964844,0.0,18000.0,313.1499938964844,0.0,18000.0,0.0,0.0,0.0,0.0,0.0,0.0,0.0,0.0,0.0,-0.0,-0.0,-0.0,6.445913975451006e-21,3.222956987725503e-21,3.2229567857771112e-21,0.0,0.0,-0.0,0.0,0.0,0.0,0.0,0.0,0.0,0.0,0.0,0.0,4.0,0.0,0.0
12343020,298.2016906738281,303.1499938964844,285.1499938964844,0.0,-0.0,287.91619873046875,0.0,0.0,9.439302812097594e-05,298.2826232910156,303.1499938964844,285.1499938964844,0.0,-0.0,287.9159851074219,0.0,0.0,9.940044401446356e-05,298.3456420898437,303.1499938964844,285.1499938964844,0.0,-0.0,287.9159851074219,0.0,0.0,7.341682794503868e-05,298.0252380371094,303.1499938964844,285.1499938964844,0.0,-0.0,287.9160461425781,0.0,0.0,9.940042946254836e-05,298.230224609375,303.1499938964844,285.1499938964844,0.0,-0.0,287.9164428710937,0.0,0.0,0.0004715125833172,287.84967041015625,294.1499938964844,288.7600402832031,286.1533508300781,289.5774841308594,288.7155456542969,287.2225036621094,0.0,0.0,0.0,0.0,1.0,1.0,-0.0010058283805847,6.545592512452458e-09,0.0010058217449113,-0.0162005592137575,0.0,0.0,0.0,-0.0080577470362186,60.0,1.057892084121704,-0.0,-6.897745663536625e-08,0.0,283.1598205566406,287.84234619140625,290.39013671875,290.6860046386719,293.1499938964844,293.1499938964844,278.1499938964844,0.0,18000.0,313.1499938964844,0.0,18000.0,0.0,0.0,0.0,0.0,0.0,0.0,0.0,0.0,0.0,-0.0,-0.0,-0.0,6.445913975451006e-21,3.222956987725503e-21,3.2229567857771112e-21,0.0,0.0,-0.0,0.0,0.0,0.0,0.0,0.0,0.0,0.0,0.0,0.0,4.0,0.0,0.0
12343080,298.2016906738281,303.1499938964844,285.1499938964844,0.0,-0.0,287.91619873046875,0.0,0.0,9.439302812097594e-05,298.2826232910156,303.1499938964844,285.1499938964844,0.0,-0.0,287.9159851074219,0.0,0.0,9.940044401446356e-05,298.3456420898437,303.1499938964844,285.1499938964844,0.0,-0.0,287.9159851074219,0.0,0.0,7.341682794503868e-05,298.0252380371094,303.1499938964844,285.1499938964844,0.0,-0.0,287.9160461425781,0.0,0.0,9.940042946254836e-05,298.230224609375,303.1499938964844,285.1499938964844,0.0,-0.0,287.9164428710937,0.0,0.0,0.0004715125833172,287.84967041015625,294.1499938964844,288.7600402832031,286.1533508300781,289.5774841308594,288.7155456542969,287.2225036621094,0.0,0.0,0.0,0.0,1.0,1.0,-0.0010058283805847,6.545592512452458e-09,0.0010058217449113,-0.0162005592137575,0.0,0.0,0.0,-0.0080577470362186,60.0,1.057892084121704,-0.0,-6.897745663536625e-08,0.0,283.1598205566406,287.84234619140625,290.39013671875,290.6860046386719,293.1499938964844,293.1499938964844,278.1499938964844,0.0,18000.0,313.1499938964844,0.0,18000.0,0.0,0.0,0.0,0.0,0.0,0.0,0.0,0.0,0.0,-0.0,-0.0,-0.0,6.445913975451006e-21,3.222956987725503e-21,3.2229567857771112e-21,0.0,0.0,-0.0,0.0,0.0,0.0,0.0,0.0,0.0,0.0,0.0,0.0,4.0,0.0,0.0
12343140,298.1928405761719,303.1499938964844,285.1499938964844,0.0,-0.0,287.91070556640625,0.0,0.0,9.437686821911484e-05,298.281982421875,303.1499938964844,285.1499938964844,0.0,-0.0,287.9104919433594,0.0,0.0,9.9383425549604e-05,298.3459167480469,303.1499938964844,285.1499938964844,0.0,-0.0,287.9104919433594,0.0,0.0,7.340425509028137e-05,298.0221252441406,303.1499938964844,285.1499938964844,0.0,-0.0,287.9105529785156,0.0,0.0,9.938341099768876e-05,298.2326354980469,303.1499938964844,285.1499938964844,0.0,-0.0,287.9109802246094,0.0,0.0,0.0004714318492915,287.8430480957031,294.1499938964844,288.7725830078125,286.1636962890625,289.56304931640625,288.7276916503906,287.2255249023437,0.0,0.0,0.0,0.0,1.0,1.0,-0.0010056550381705,6.525334939055938e-09,0.0010056485189124,-0.016147494316101,0.0,0.0,0.0,-0.0080477045848965,60.0,1.0646395683288574,-0.0,-6.895370319170979e-08,0.0,283.1598205566406,287.84234619140625,290.39013671875,290.6860046386719,293.1499938964844,293.1499938964844,278.1499938964844,0.0,18000.0,313.1499938964844,0.0,18000.0,0.0,0.0,0.0,0.0,0.0,0.0,0.0,0.0,0.0,-0.0,-0.0,-0.0,6.445913975451006e-21,3.222956987725503e-21,3.2229567857771112e-21,0.0,0.0,-0.0,0.0,0.0,0.0,0.0,0.0,0.0,0.0,0.0,0.0,4.0,0.0,0.0
12343200,298.1928405761719,303.1499938964844,285.1499938964844,0.0,-0.0,287.91070556640625,0.0,0.0,9.437686821911484e-05,298.281982421875,303.1499938964844,285.1499938964844,0.0,-0.0,287.9104919433594,0.0,0.0,9.9383425549604e-05,298.3459167480469,303.1499938964844,285.1499938964844,0.0,-0.0,287.9104919433594,0.0,0.0,7.340425509028137e-05,298.0221252441406,303.1499938964844,285.1499938964844,0.0,-0.0,287.9105529785156,0.0,0.0,9.938341099768876e-05,298.2326354980469,303.1499938964844,285.1499938964844,0.0,-0.0,287.9109802246094,0.0,0.0,0.0004714318492915,287.8430480957031,294.1499938964844,288.7725830078125,286.1636962890625,289.56304931640625,288.7276916503906,287.2255249023437,0.0,0.0,0.0,0.0,1.0,1.0,-0.0010056550381705,6.525334939055938e-09,0.0010056485189124,-0.016147494316101,0.0,0.0,0.0,-0.0080477045848965,60.0,1.0646395683288574,-0.0,-6.895370319170979e-08,0.0,283.1598205566406,287.84234619140625,290.39013671875,290.6860046386719,293.1499938964844,293.1499938964844,278.1499938964844,0.0,18000.0,313.1499938964844,0.0,18000.0,0.0,0.0,0.0,0.0,0.0,0.0,0.0,0.0,0.0,-0.0,-0.0,-0.0,6.445913975451006e-21,3.222956987725503e-21,3.2229567857771112e-21,0.0,0.0,-0.0,0.0,0.0,0.0,0.0,0.0,0.0,0.0,0.0,0.0,4.0,0.0,0.0
12343260,298.1866760253906,303.1499938964844,285.1499938964844,0.0,-0.0,287.9052429199219,0.0,0.0,9.436066466150804e-05,298.28131103515625,303.1499938964844,285.1499938964844,0.0,-0.0,287.905029296875,0.0,0.0,9.936636342899874e-05,298.3460998535156,303.1499938964844,285.1499938964844,0.0,-0.0,287.9050598144531,0.0,0.0,7.339166040765122e-05,298.0208740234375,303.1499938964844,285.1499938964844,0.0,-0.0,287.90509033203125,0.0,0.0,9.936634887708352e-05,298.2343139648437,303.1499938964844,285.1499938964844,0.0,-0.0,287.905517578125,0.0,0.0,0.000471350911539,287.83648681640625,294.1499938964844,288.7835998535156,286.1730041503906,289.5491027832031,288.7396850585937,287.2284240722656,0.0,0.0,0.0,0.0,1.0,1.0,-0.0010054814629256,6.505031624470803e-09,0.0010054749436676,-0.0160943120718002,0.0,0.0,0.0,-0.0080376388505101,60.0,1.0706017017364502,-0.0,-6.892989290463447e-08,0.0,283.1598205566406,287.84234619140625,290.39013671875,290.6860046386719,293.1499938964844,293.1499938964844,278.1499938964844,0.0,18000.0,313.1499938964844,0.0,18000.0,0.0,0.0,0.0,0.0,0.0,0.0,0.0,0.0,0.0,-0.0,-0.0,-0.0,6.445913975451006e-21,3.222956987725503e-21,3.2229567857771112e-21,0.0,0.0,-0.0,0.0,0.0,0.0,0.0,0.0,0.0,0.0,0.0,0.0,4.0,0.0,0.0
12343320,298.1866760253906,303.1499938964844,285.1499938964844,0.0,-0.0,287.9052429199219,0.0,0.0,9.436066466150804e-05,298.28131103515625,303.1499938964844,285.1499938964844,0.0,-0.0,287.905029296875,0.0,0.0,9.936636342899874e-05,298.3460998535156,303.1499938964844,285.1499938964844,0.0,-0.0,287.9050598144531,0.0,0.0,7.339166040765122e-05,298.0208740234375,303.1499938964844,285.1499938964844,0.0,-0.0,287.90509033203125,0.0,0.0,9.936634887708352e-05,298.2343139648437,303.1499938964844,285.1499938964844,0.0,-0.0,287.905517578125,0.0,0.0,0.000471350911539,287.83648681640625,294.1499938964844,288.7835998535156,286.1730041503906,289.5491027832031,288.7396850585937,287.2284240722656,0.0,0.0,0.0,0.0,1.0,1.0,-0.0010054814629256,6.505031624470803e-09,0.0010054749436676,-0.0160943120718002,0.0,0.0,0.0,-0.0080376388505101,60.0,1.0706017017364502,-0.0,-6.892989290463447e-08,0.0,283.1598205566406,287.84234619140625,290.39013671875,290.6860046386719,293.1499938964844,293.1499938964844,278.1499938964844,0.0,18000.0,313.1499938964844,0.0,18000.0,0.0,0.0,0.0,0.0,0.0,0.0,0.0,0.0,0.0,-0.0,-0.0,-0.0,6.445913975451006e-21,3.222956987725503e-21,3.2229567857771112e-21,0.0,0.0,-0.0,0.0,0.0,0.0,0.0,0.0,0.0,0.0,0.0,0.0,4.0,0.0,0.0
12343380,298.1824951171875,303.1499938964844,285.1499938964844,0.0,-0.0,287.8998107910156,0.0,0.0,9.434446110390128e-05,298.28057861328125,303.1499938964844,285.1499938964844,0.0,-0.0,287.89959716796875,0.0,0.0,9.934929403243586e-05,298.3460693359375,303.1499938964844,285.1499938964844,0.0,-0.0,287.8996276855469,0.0,0.0,7.337905117310584e-05,298.0204162597656,303.1499938964844,285.1499938964844,0.0,-0.0,287.899658203125,0.0,0.0,9.934928675647824e-05,298.2355041503906,303.1499938964844,285.1499938964844,0.0,-0.0,287.9000549316406,0.0,0.0,0.0004712699446827,287.8299560546875,294.1499938964844,288.792724609375,286.18096923828125,289.5355834960937,288.75115966796875,287.2311096191406,0.0,0.0,0.0,0.0,1.0,1.0,-0.0010053077712655,6.4847207603691e-09,0.0010053012520074,-0.0160411074757576,0.0,0.0,0.0,-0.0080275703221559,60.0,1.075492262840271,-0.0,-6.890607551213179e-08,0.0,283.1598205566406,287.84234619140625,290.39013671875,290.6860046386719,293.1499938964844,293.1499938964844,278.1499938964844,0.0,18000.0,313.1499938964844,0.0,18000.0,0.0,0.0,0.0,0.0,0.0,0.0,0.0,0.0,0.0,-0.0,-0.0,-0.0,6.445913975451006e-21,3.222956987725503e-21,3.2229567857771112e-21,0.0,0.0,-0.0,0.0,0.0,0.0,0.0,0.0,0.0,0.0,0.0,0.0,4.0,0.0,0.0
12343440,298.1824951171875,303.1499938964844,285.1499938964844,0.0,-0.0,287.8998107910156,0.0,0.0,9.434446110390128e-05,298.28057861328125,303.1499938964844,285.1499938964844,0.0,-0.0,287.89959716796875,0.0,0.0,9.934929403243586e-05,298.3460693359375,303.1499938964844,285.1499938964844,0.0,-0.0,287.8996276855469,0.0,0.0,7.337905117310584e-05,298.0204162597656,303.1499938964844,285.1499938964844,0.0,-0.0,287.899658203125,0.0,0.0,9.934928675647824e-05,298.2355041503906,303.1499938964844,285.1499938964844,0.0,-0.0,287.9000549316406,0.0,0.0,0.0004712699446827,287.8299560546875,294.1499938964844,288.792724609375,286.18096923828125,289.5355834960937,288.75115966796875,287.2311096191406,0.0,0.0,0.0,0.0,1.0,1.0,-0.0010053077712655,6.4847207603691e-09,0.0010053012520074,-0.0160411074757576,0.0,0.0,0.0,-0.0080275703221559,60.0,1.075492262840271,-0.0,-6.890607551213179e-08,0.0,283.1598205566406,287.84234619140625,290.39013671875,290.6860046386719,293.1499938964844,293.1499938964844,278.1499938964844,0.0,18000.0,313.1499938964844,0.0,18000.0,0.0,0.0,0.0,0.0,0.0,0.0,0.0,0.0,0.0,-0.0,-0.0,-0.0,6.445913975451006e-21,3.222956987725503e-21,3.2229567857771112e-21,0.0,0.0,-0.0,0.0,0.0,0.0,0.0,0.0,0.0,0.0,0.0,0.0,4.0,0.0,0.0
12343500,298.18096923828125,303.1499938964844,285.1499938964844,0.0,-0.0,287.8970947265625,0.0,0.0,9.433636296307668e-05,298.2801513671875,303.1499938964844,285.1499938964844,0.0,-0.0,287.8968811035156,0.0,0.0,9.934076661011204e-05,298.345947265625,303.1499938964844,285.1499938964844,0.0,-0.0,287.8969116210937,0.0,0.0,7.337275019381195e-05,298.02032470703125,303.1499938964844,285.1499938964844,0.0,-0.0,287.89697265625,0.0,0.0,9.934075933415444e-05,298.2359619140625,303.1499938964844,285.1499938964844,0.0,-0.0,287.8973693847656,0.0,0.0,0.0004712295194622,287.82672119140625,294.1499938964844,288.7964172363281,286.1843566894531,289.52899169921875,288.7565612792969,287.232421875,0.0,0.0,0.0,0.0,1.0,1.0,-0.0010052209254354,6.474575098280866e-09,0.0010052145225927,-0.0160145312547683,0.0,0.0,0.0,-0.0080225402489304,60.0,1.0774178504943848,-0.0,-6.889418102673518e-08,0.0,283.1598205566406,287.84234619140625,290.39013671875,290.6860046386719,293.1499938964844,293.1499938964844,278.1499938964844,0.0,18000.0,313.1499938964844,0.0,18000.0,0.0,0.0,0.0,0.0,0.0,0.0,0.0,0.0,0.0,-0.0,-0.0,-0.0,6.445913975451006e-21,3.222956987725503e-21,3.2229567857771112e-21,0.0,0.0,-0.0,0.0,0.0,0.0,0.0,0.0,0.0,0.0,0.0,0.0,4.0,0.0,0.0
12343560,298.1796875,303.1499938964844,285.1499938964844,0.0,-0.0,287.8944091796875,0.0,0.0,9.432827209820972e-05,298.2797241210937,303.1499938964844,285.1499938964844,0.0,-0.0,287.8941955566406,0.0,0.0,9.933225373970345e-05,298.3458251953125,303.1499938964844,285.1499938964844,0.0,-0.0,287.8941955566406,0.0,0.0,7.33664637664333e-05,298.020263671875,303.1499938964844,285.1499938964844,0.0,-0.0,287.8942565917969,0.0,0.0,9.933223918778822e-05,298.2363586425781,303.1499938964844,285.1499938964844,0.0,-0.0,287.8946533203125,0.0,0.0,0.0004711891233455,287.823486328125,294.1499938964844,288.7995300292969,286.1872863769531,289.5224609375,288.7616577148437,287.2336730957031,0.0,0.0,0.0,0.0,1.0,1.0,-0.0010051343124359,6.464441426601297e-09,0.0010051279095932,-0.0159879866987466,0.0,0.0,0.0,-0.0080175166949629,60.0,1.0789880752563477,-0.0,-6.888230785762063e-08,0.0,283.1598205566406,287.84234619140625,290.39013671875,290.6860046386719,293.1499938964844,293.1499938964844,278.1499938964844,0.0,18000.0,313.1499938964844,0.0,18000.0,0.0,0.0,0.0,0.0,0.0,0.0,0.0,0.0,0.0,-0.0,-0.0,-0.0,6.445913975451006e-21,3.222956987725503e-21,3.2229567857771112e-21,0.0,0.0,-0.0,0.0,0.0,0.0,0.0,0.0,0.0,0.0,0.0,0.0,4.0,0.0,0.0
12343620,298.1785583496094,303.1499938964844,285.1499938964844,0.0,-0.0,287.8916015625,0.0,0.0,9.431987564312294e-05,298.2792358398437,303.1499938964844,285.1499938964844,0.0,-0.0,287.8913879394531,0.0,0.0,9.93234134512022e-05,298.3456115722656,303.1499938964844,285.1499938964844,0.0,-0.0,287.89141845703125,0.0,0.0,7.335992995649576e-05,298.02020263671875,303.1499938964844,285.1499938964844,0.0,-0.0,287.8914489746094,0.0,0.0,9.9323398899287e-05,298.2367248535156,303.1499938964844,285.1499938964844,0.0,-0.0,287.891845703125,0.0,0.0,0.0004711471847258,287.8201599121094,294.1499938964844,288.8020324707031,286.1898193359375,289.5157775878906,288.7666320800781,287.2349548339844,0.0,0.0,0.0,0.0,1.0,1.0,-0.0010050443233922,6.453920953219949e-09,0.0010050379205495,-0.0159604288637638,0.0,0.0,0.0,-0.0080123012885451,60.0,1.08020281791687,-0.0,-6.886997283572782e-08,0.0,283.1598205566406,287.84234619140625,290.39013671875,290.6860046386719,293.1499938964844,293.1499938964844,278.1499938964844,0.0,18000.0,313.1499938964844,0.0,18000.0,0.0,0.0,0.0,0.0,0.0,0.0,0.0,0.0,0.0,-0.0,-0.0,-0.0,6.445913975451006e-21,3.222956987725503e-21,3.2229567857771112e-21,0.0,0.0,-0.0,0.0,0.0,0.0,0.0,0.0,0.0,0.0,0.0,0.0,4.0,0.0,0.0
12343680,298.1776428222656,303.1499938964844,285.1499938964844,0.0,-0.0,287.8890075683594,0.0,0.0,9.431214130017906e-05,298.2787780761719,303.1499938964844,285.1499938964844,0.0,-0.0,287.8888244628906,0.0,0.0,9.931526437867431e-05,298.34539794921875,303.1499938964844,285.1499938964844,0.0,-0.0,287.8888244628906,0.0,0.0,7.335391273954883e-05,298.0201416015625,303.1499938964844,285.1499938964844,0.0,-0.0,287.8888854980469,0.0,0.0,9.931525710271671e-05,298.23699951171875,303.1499938964844,285.1499938964844,0.0,-0.0,287.8892517089844,0.0,0.0,0.000471108534839,287.81707763671875,294.1499938964844,288.8036499023437,286.1916809082031,289.5096740722656,288.7709350585937,287.236083984375,0.0,0.0,0.0,0.0,1.0,1.0,-0.001004961435683,6.444229150304181e-09,0.0010049550328403,-0.0159350410103797,0.0,0.0,0.0,-0.0080074965953826,60.0,1.0809683799743652,-0.0,-6.88586183628104e-08,0.0,283.1598205566406,287.84234619140625,290.39013671875,290.6860046386719,293.1499938964844,293.1499938964844,278.1499938964844,0.0,18000.0,313.1499938964844,0.0,18000.0,0.0,0.0,0.0,0.0,0.0,0.0,0.0,0.0,0.0,-0.0,-0.0,-0.0,6.445913975451006e-21,3.222956987725503e-21,3.2229567857771112e-21,0.0,0.0,-0.0,0.0,0.0,0.0,0.0,0.0,0.0,0.0,0.0,0.0,4.0,0.0,0.0
12343740,298.1761474609375,303.1499938964844,285.1499938964844,0.0,-0.0,287.8836669921875,0.0,0.0,9.42960978136398e-05,298.2777404785156,303.1499938964844,285.1499938964844,0.0,-0.0,287.8834533691406,0.0,0.0,9.92983696050942e-05,298.3448486328125,303.1499938964844,285.1499938964844,0.0,-0.0,287.8834533691406,0.0,0.0,7.334143447224051e-05,298.0199279785156,303.1499938964844,285.1499938964844,0.0,-0.0,287.8835144042969,0.0,0.0,9.929835505317897e-05,298.23748779296875,303.1499938964844,285.1499938964844,0.0,-0.0,287.8839111328125,0.0,0.0,0.0004710283828899,287.81072998046875,294.1499938964844,288.8046875,286.1937866210937,289.4971618652344,288.7785339355469,287.2384033203125,0.0,0.0,0.0,0.0,1.0,1.0,-0.0010047894902527,6.424125675863479e-09,0.00100478308741,-0.0158823803067207,0.0,0.0,0.0,-0.0079975305125117,60.0,1.081018567085266,-0.0,-6.883505676569257e-08,0.0,283.1598205566406,287.84234619140625,290.39013671875,290.6860046386719,293.1499938964844,293.1499938964844,278.1499938964844,0.0,18000.0,313.1499938964844,0.0,18000.0,0.0,0.0,0.0,0.0,0.0,0.0,0.0,0.0,0.0,-0.0,-0.0,-0.0,6.445913975451006e-21,3.222956987725503e-21,3.2229567857771112e-21,0.0,0.0,-0.0,0.0,0.0,0.0,0.0,0.0,0.0,0.0,0.0,0.0,4.0,0.0,0.0
12343800,298.1761474609375,303.1499938964844,285.1499938964844,0.0,-0.0,287.8836669921875,0.0,0.0,9.42960978136398e-05,298.2777404785156,303.1499938964844,285.1499938964844,0.0,-0.0,287.8834533691406,0.0,0.0,9.92983696050942e-05,298.3448486328125,303.1499938964844,285.1499938964844,0.0,-0.0,287.8834533691406,0.0,0.0,7.334143447224051e-05,298.0199279785156,303.1499938964844,285.1499938964844,0.0,-0.0,287.8835144042969,0.0,0.0,9.929835505317897e-05,298.23748779296875,303.1499938964844,285.1499938964844,0.0,-0.0,287.8839111328125,0.0,0.0,0.0004710283828899,287.81072998046875,294.1499938964844,288.8046875,286.1937866210937,289.4971618652344,288.7785339355469,287.2384033203125,0.0,0.0,0.0,0.0,1.0,1.0,-0.0010047894902527,6.424125675863479e-09,0.00100478308741,-0.0158823803067207,0.0,0.0,0.0,-0.0079975305125117,60.0,1.081018567085266,-0.0,-6.883505676569257e-08,0.0,283.1598205566406,287.84234619140625,290.39013671875,290.6860046386719,293.1499938964844,293.1499938964844,278.1499938964844,0.0,18000.0,313.1499938964844,0.0,18000.0,0.0,0.0,0.0,0.0,0.0,0.0,0.0,0.0,0.0,-0.0,-0.0,-0.0,6.445913975451006e-21,3.222956987725503e-21,3.2229567857771112e-21,0.0,0.0,-0.0,0.0,0.0,0.0,0.0,0.0,0.0,0.0,0.0,0.0,4.0,0.0,0.0
12343860,298.1748962402344,303.1499938964844,285.1499938964844,0.0,-0.0,287.8783264160156,0.0,0.0,9.428017074242234e-05,298.276611328125,303.1499938964844,285.1499938964844,0.0,-0.0,287.87811279296875,0.0,0.0,9.928159124683587e-05,298.3441467285156,303.1499938964844,285.1499938964844,0.0,-0.0,287.8781433105469,0.0,0.0,7.332904351642355e-05,298.0196228027344,303.1499938964844,285.1499938964844,0.0,-0.0,287.8782043457031,0.0,0.0,9.928157669492066e-05,298.2378234863281,303.1499938964844,285.1499938964844,0.0,-0.0,287.8785705566406,0.0,0.0,0.0004709488130174,287.804443359375,294.1499938964844,288.80224609375,286.1933898925781,289.4848327636719,288.7841491699219,287.2406005859375,0.0,0.0,0.0,0.0,1.0,1.0,-0.0010046188253909,6.404165642237558e-09,0.0010046124225482,-0.0158300939947366,0.0,0.0,0.0,-0.0079876352101564,60.0,1.078926682472229,-0.0,-6.88116728042587e-08,0.0,283.1598205566406,287.84234619140625,290.39013671875,290.6860046386719,293.1499938964844,293.1499938964844,278.1499938964844,0.0,18000.0,313.1499938964844,0.0,18000.0,0.0,0.0,0.0,0.0,0.0,0.0,0.0,0.0,0.0,-0.0,-0.0,-0.0,6.445913975451006e-21,3.222956987725503e-21,3.2229567857771112e-21,0.0,0.0,-0.0,0.0,0.0,0.0,0.0,0.0,0.0,0.0,0.0,0.0,4.0,0.0,0.0
12343920,298.1748962402344,303.1499938964844,285.1499938964844,0.0,-0.0,287.8783264160156,0.0,0.0,9.428017074242234e-05,298.276611328125,303.1499938964844,285.1499938964844,0.0,-0.0,287.87811279296875,0.0,0.0,9.928159124683587e-05,298.3441467285156,303.1499938964844,285.1499938964844,0.0,-0.0,287.8781433105469,0.0,0.0,7.332904351642355e-05,298.0196228027344,303.1499938964844,285.1499938964844,0.0,-0.0,287.8782043457031,0.0,0.0,9.928157669492066e-05,298.2378234863281,303.1499938964844,285.1499938964844,0.0,-0.0,287.8785705566406,0.0,0.0,0.0004709488130174,287.804443359375,294.1499938964844,288.80224609375,286.1933898925781,289.4848327636719,288.7841491699219,287.2406005859375,0.0,0.0,0.0,0.0,1.0,1.0,-0.0010046188253909,6.404165642237558e-09,0.0010046124225482,-0.0158300939947366,0.0,0.0,0.0,-0.0079876352101564,60.0,1.078926682472229,-0.0,-6.88116728042587e-08,0.0,283.1598205566406,287.84234619140625,290.39013671875,290.6860046386719,293.1499938964844,293.1499938964844,278.1499938964844,0.0,18000.0,313.1499938964844,0.0,18000.0,0.0,0.0,0.0,0.0,0.0,0.0,0.0,0.0,0.0,-0.0,-0.0,-0.0,6.445913975451006e-21,3.222956987725503e-21,3.2229567857771112e-21,0.0,0.0,-0.0,0.0,0.0,0.0,0.0,0.0,0.0,0.0,0.0,0.0,4.0,0.0,0.0
12343980,298.173828125,303.1499938964844,285.1499938964844,0.0,-0.0,287.8730163574219,0.0,0.0,9.426438191439956e-05,298.2753601074219,303.1499938964844,285.1499938964844,0.0,-0.0,287.8728332519531,0.0,0.0,9.926496568368748e-05,298.34332275390625,303.1499938964844,285.1499938964844,0.0,-0.0,287.8728332519531,0.0,0.0,7.331676897592843e-05,298.0191345214844,303.1499938964844,285.1499938964844,0.0,-0.0,287.8728942871094,0.0,0.0,9.926495840772986e-05,298.2380676269531,303.1499938964844,285.1499938964844,0.0,-0.0,287.8732604980469,0.0,0.0,0.0004708699707407,287.7981872558594,294.1499938964844,288.7959289550781,286.1900939941406,289.47265625,288.7873840332031,287.24267578125,0.0,0.0,0.0,0.0,1.0,1.0,-0.0010044496739283,6.384386352920046e-09,0.0010044432710856,-0.0157782845199108,0.0,0.0,0.0,-0.0079778302460908,60.0,1.074401617050171,-0.0,-6.878850200564558e-08,0.0,283.1598205566406,287.84234619140625,290.39013671875,290.6860046386719,293.1499938964844,293.1499938964844,278.1499938964844,0.0,18000.0,313.1499938964844,0.0,18000.0,0.0,0.0,0.0,0.0,0.0,0.0,0.0,0.0,0.0,-0.0,-0.0,-0.0,6.445913975451006e-21,3.222956987725503e-21,3.2229567857771112e-21,0.0,0.0,-0.0,0.0,0.0,0.0,0.0,0.0,0.0,0.0,0.0,0.0,4.0,0.0,0.0
12344040,298.173828125,303.1499938964844,285.1499938964844,0.0,-0.0,287.8730163574219,0.0,0.0,9.426438191439956e-05,298.2753601074219,303.1499938964844,285.1499938964844,0.0,-0.0,287.8728332519531,0.0,0.0,9.926496568368748e-05,298.34332275390625,303.1499938964844,285.1499938964844,0.0,-0.0,287.8728332519531,0.0,0.0,7.331676897592843e-05,298.0191345214844,303.1499938964844,285.1499938964844,0.0,-0.0,287.8728942871094,0.0,0.0,9.926495840772986e-05,298.2380676269531,303.1499938964844,285.1499938964844,0.0,-0.0,287.8732604980469,0.0,0.0,0.0004708699707407,287.7981872558594,294.1499938964844,288.7959289550781,286.1900939941406,289.47265625,288.7873840332031,287.24267578125,0.0,0.0,0.0,0.0,1.0,1.0,-0.0010044496739283,6.384386352920046e-09,0.0010044432710856,-0.0157782845199108,0.0,0.0,0.0,-0.0079778302460908,60.0,1.074401617050171,-0.0,-6.878850200564558e-08,0.0,283.1598205566406,287.84234619140625,290.39013671875,290.6860046386719,293.1499938964844,293.1499938964844,278.1499938964844,0.0,18000.0,313.1499938964844,0.0,18000.0,0.0,0.0,0.0,0.0,0.0,0.0,0.0,0.0,0.0,-0.0,-0.0,-0.0,6.445913975451006e-21,3.222956987725503e-21,3.2229567857771112e-21,0.0,0.0,-0.0,0.0,0.0,0.0,0.0,0.0,0.0,0.0,0.0,0.0,4.0,0.0,0.0
12344100,298.1733093261719,303.1499938964844,285.1499938964844,0.0,-0.0,287.8703918457031,0.0,0.0,9.42565529840067e-05,298.27471923828125,303.1499938964844,285.1499938964844,0.0,-0.0,287.87017822265625,0.0,0.0,9.92567220237106e-05,298.3428955078125,303.1499938964844,285.1499938964844,0.0,-0.0,287.8702087402344,0.0,0.0,7.331067899940535e-05,298.0188293457031,303.1499938964844,285.1499938964844,0.0,-0.0,287.8702392578125,0.0,0.0,9.9256714747753e-05,298.2381591796875,303.1499938964844,285.1499938964844,0.0,-0.0,287.87060546875,0.0,0.0,0.0004708308551926,287.79510498046875,294.1499938964844,288.7912292480469,286.1872863769531,289.4665832519531,288.7879333496094,287.2436828613281,0.0,0.0,0.0,0.0,1.0,1.0,-0.0010043658548966,6.374579974988137e-09,0.0010043594520539,-0.0157525949180126,0.0,0.0,0.0,-0.0079729687422513,60.0,1.0710827112197876,-0.0,-6.877701252960834e-08,0.0,283.1598205566406,287.84234619140625,290.39013671875,290.6860046386719,293.1499938964844,293.1499938964844,278.1499938964844,0.0,18000.0,313.1499938964844,0.0,18000.0,0.0,0.0,0.0,0.0,0.0,0.0,0.0,0.0,0.0,-0.0,-0.0,-0.0,6.445913975451006e-21,3.222956987725503e-21,3.2229567857771112e-21,0.0,0.0,-0.0,0.0,0.0,0.0,0.0,0.0,0.0,0.0,0.0,0.0,4.0,0.0,0.0
12344160,298.1727905273437,303.1499938964844,285.1499938964844,0.0,-0.0,287.86773681640625,0.0,0.0,9.424876770935953e-05,298.2740478515625,303.1499938964844,285.1499938964844,0.0,-0.0,287.8675537109375,0.0,0.0,9.924852929543704e-05,298.3424072265625,303.1499938964844,285.1499938964844,0.0,-0.0,287.8675537109375,0.0,0.0,7.330462540267035e-05,298.0185241699219,303.1499938964844,285.1499938964844,0.0,-0.0,287.8676147460937,0.0,0.0,9.92485147435218e-05,298.2382202148437,303.1499938964844,285.1499938964844,0.0,-0.0,287.86798095703125,0.0,0.0,0.0004707919724751,287.7920227050781,294.1499938964844,288.785400390625,286.1836853027344,289.4605407714844,288.7877502441406,287.2446594238281,0.0,0.0,0.0,0.0,1.0,1.0,-0.0010042823851108,6.3648277759398306e-09,0.0010042760986834,-0.0157270487397909,0.0,0.0,0.0,-0.0079681342467665,60.0,1.067083716392517,-0.0,-6.876559410784466e-08,0.0,283.1598205566406,287.84234619140625,290.39013671875,290.6860046386719,293.1499938964844,293.1499938964844,278.1499938964844,0.0,18000.0,313.1499938964844,0.0,18000.0,0.0,0.0,0.0,0.0,0.0,0.0,0.0,0.0,0.0,-0.0,-0.0,-0.0,6.445913975451006e-21,3.222956987725503e-21,3.2229567857771112e-21,0.0,0.0,-0.0,0.0,0.0,0.0,0.0,0.0,0.0,0.0,0.0,0.0,4.0,0.0,0.0
12344220,298.1717529296875,303.1499938964844,285.1499938964844,0.0,-0.0,287.86248779296875,0.0,0.0,9.423335723113269e-05,298.2726135253906,303.1499938964844,285.1499938964844,0.0,-0.0,287.8623046875,0.0,0.0,9.92322966339998e-05,298.3414001464844,303.1499938964844,285.1499938964844,0.0,-0.0,287.8623046875,0.0,0.0,7.329263462452218e-05,298.0177307128906,303.1499938964844,285.1499938964844,0.0,-0.0,287.86236572265625,0.0,0.0,9.923228208208457e-05,298.2383117675781,303.1499938964844,285.1499938964844,0.0,-0.0,287.8627319335937,0.0,0.0,0.0004707149928435,287.785888671875,294.1499938964844,288.77020263671875,286.1737976074219,289.4483947753906,288.78515625,287.2465515136719,0.0,0.0,0.0,0.0,1.0,1.0,-0.0010041173081845,6.345515668471081e-09,0.0010041109053418,-0.0156764611601829,0.0,0.0,0.0,-0.0079585602506995,60.0,1.0569461584091189,-0.0,-6.874297753256543e-08,0.0,283.1598205566406,287.84234619140625,290.39013671875,290.6860046386719,293.1499938964844,293.1499938964844,278.1499938964844,0.0,18000.0,313.1499938964844,0.0,18000.0,0.0,0.0,0.0,0.0,0.0,0.0,0.0,0.0,0.0,-0.0,-0.0,-0.0,6.445913975451006e-21,3.222956987725503e-21,3.2229567857771112e-21,0.0,0.0,-0.0,0.0,0.0,0.0,0.0,0.0,0.0,0.0,0.0,0.0,4.0,0.0,0.0
12344280,298.1717529296875,303.1499938964844,285.1499938964844,0.0,-0.0,287.86248779296875,0.0,0.0,9.423335723113269e-05,298.2726135253906,303.1499938964844,285.1499938964844,0.0,-0.0,287.8623046875,0.0,0.0,9.92322966339998e-05,298.3414001464844,303.1499938964844,285.1499938964844,0.0,-0.0,287.8623046875,0.0,0.0,7.329263462452218e-05,298.0177307128906,303.1499938964844,285.1499938964844,0.0,-0.0,287.86236572265625,0.0,0.0,9.923228208208457e-05,298.2383117675781,303.1499938964844,285.1499938964844,0.0,-0.0,287.8627319335937,0.0,0.0,0.0004707149928435,287.785888671875,294.1499938964844,288.77020263671875,286.1737976074219,289.4483947753906,288.78515625,287.2465515136719,0.0,0.0,0.0,0.0,1.0,1.0,-0.0010041173081845,6.345515668471081e-09,0.0010041109053418,-0.0156764611601829,0.0,0.0,0.0,-0.0079585602506995,60.0,1.0569461584091189,-0.0,-6.874297753256543e-08,0.0,283.1598205566406,287.84234619140625,290.39013671875,290.6860046386719,293.1499938964844,293.1499938964844,278.1499938964844,0.0,18000.0,313.1499938964844,0.0,18000.0,0.0,0.0,0.0,0.0,0.0,0.0,0.0,0.0,0.0,-0.0,-0.0,-0.0,6.445913975451006e-21,3.222956987725503e-21,3.2229567857771112e-21,0.0,0.0,-0.0,0.0,0.0,0.0,0.0,0.0,0.0,0.0,0.0,0.0,4.0,0.0,0.0
12344340,298.17059326171875,303.1499938964844,285.1499938964844,0.0,-0.0,287.8572692871094,0.0,0.0,9.421804861631244e-05,298.27105712890625,303.1499938964844,285.1499938964844,0.0,-0.0,287.8570861816406,0.0,0.0,9.921617311192676e-05,298.3402709960937,303.1499938964844,285.1499938964844,0.0,-0.0,287.8570861816406,0.0,0.0,7.328073115786538e-05,298.01678466796875,303.1499938964844,285.1499938964844,0.0,-0.0,287.8571472167969,0.0,0.0,9.921616583596916e-05,298.2383117675781,303.1499938964844,285.1499938964844,0.0,-0.0,287.8575134277344,0.0,0.0,0.0004706385370809,287.7798156738281,294.1499938964844,288.75,286.1601257324219,289.4361267089844,288.77899169921875,287.2483825683594,0.0,0.0,0.0,0.0,1.0,1.0,-0.001003953278996,6.326339896389754e-09,0.0010039469925686,-0.0156262312084436,0.0,0.0,0.0,-0.0079490542411804,60.0,1.0434812307357788,-0.0,-6.87205243821154e-08,0.0,283.1598205566406,287.84234619140625,290.39013671875,290.6860046386719,293.1499938964844,293.1499938964844,278.1499938964844,0.0,18000.0,313.1499938964844,0.0,18000.0,0.0,0.0,0.0,0.0,0.0,0.0,0.0,0.0,0.0,-0.0,-0.0,-0.0,6.445913975451006e-21,3.222956987725503e-21,3.2229567857771112e-21,0.0,0.0,-0.0,0.0,0.0,0.0,0.0,0.0,0.0,0.0,0.0,0.0,4.0,0.0,0.0
12344400,298.17059326171875,303.1499938964844,285.1499938964844,0.0,-0.0,287.8572692871094,0.0,0.0,9.421804861631244e-05,298.27105712890625,303.1499938964844,285.1499938964844,0.0,-0.0,287.8570861816406,0.0,0.0,9.921617311192676e-05,298.3402709960937,303.1499938964844,285.1499938964844,0.0,-0.0,287.8570861816406,0.0,0.0,7.328073115786538e-05,298.01678466796875,303.1499938964844,285.1499938964844,0.0,-0.0,287.8571472167969,0.0,0.0,9.921616583596916e-05,298.2383117675781,303.1499938964844,285.1499938964844,0.0,-0.0,287.8575134277344,0.0,0.0,0.0004706385370809,287.7798156738281,294.1499938964844,288.75,286.1601257324219,289.4361267089844,288.77899169921875,287.2483825683594,0.0,0.0,0.0,0.0,1.0,1.0,-0.001003953278996,6.326339896389754e-09,0.0010039469925686,-0.0156262312084436,0.0,0.0,0.0,-0.0079490542411804,60.0,1.0434812307357788,-0.0,-6.87205243821154e-08,0.0,283.1598205566406,287.84234619140625,290.39013671875,290.6860046386719,293.1499938964844,293.1499938964844,278.1499938964844,0.0,18000.0,313.1499938964844,0.0,18000.0,0.0,0.0,0.0,0.0,0.0,0.0,0.0,0.0,0.0,-0.0,-0.0,-0.0,6.445913975451006e-21,3.222956987725503e-21,3.2229567857771112e-21,0.0,0.0,-0.0,0.0,0.0,0.0,0.0,0.0,0.0,0.0,0.0,0.0,4.0,0.0,0.0
12344460,298.1693725585937,303.1499938964844,285.1499938964844,0.0,-0.0,287.8520812988281,0.0,0.0,9.419718844583258e-05,298.2694396972656,303.1499938964844,285.1499938964844,0.0,-0.0,287.8518981933594,0.0,0.0,9.919421427184716e-05,298.33905029296875,303.1499938964844,285.1499938964844,0.0,-0.0,287.8518981933594,0.0,0.0,7.326450577238575e-05,298.0156555175781,303.1499938964844,285.1499938964844,0.0,-0.0,287.8519592285156,0.0,0.0,9.919419971993192e-05,298.2382202148437,303.1499938964844,285.1499938964844,0.0,-0.0,287.8523254394531,0.0,0.0,0.0004705343453679,287.7738037109375,294.1499938964844,288.7247314453125,286.143798828125,289.4237060546875,288.7691955566406,287.2501220703125,0.0,0.0,0.0,0.0,1.0,1.0,-0.0010037302272394,6.300249655311063e-09,0.0010037238243967,-0.015557887032628,0.0,0.0,0.0,-0.0079361200332641,60.0,1.0266438722610474,-0.0,-6.868998525533243e-08,0.0,283.1598205566406,287.84234619140625,290.39013671875,290.6860046386719,293.1499938964844,293.1499938964844,278.1499938964844,0.0,18000.0,313.1499938964844,0.0,18000.0,0.0,0.0,0.0,0.0,0.0,0.0,0.0,0.0,0.0,-0.0,-0.0,-0.0,6.445913975451006e-21,3.222956987725503e-21,3.2229567857771112e-21,0.0,0.0,-0.0,0.0,0.0,0.0,0.0,0.0,0.0,0.0,0.0,0.0,4.0,0.0,0.0
12344520,298.1693725585937,303.1499938964844,285.1499938964844,0.0,-0.0,287.8520812988281,0.0,0.0,9.419718844583258e-05,298.2694396972656,303.1499938964844,285.1499938964844,0.0,-0.0,287.8518981933594,0.0,0.0,9.919421427184716e-05,298.33905029296875,303.1499938964844,285.1499938964844,0.0,-0.0,287.8518981933594,0.0,0.0,7.326450577238575e-05,298.0156555175781,303.1499938964844,285.1499938964844,0.0,-0.0,287.8519592285156,0.0,0.0,9.919419971993192e-05,298.2382202148437,303.1499938964844,285.1499938964844,0.0,-0.0,287.8523254394531,0.0,0.0,0.0004705343453679,287.7738037109375,294.1499938964844,288.7247314453125,286.143798828125,289.4237060546875,288.7691955566406,287.2501220703125,0.0,0.0,0.0,0.0,1.0,1.0,-0.0010037302272394,6.300249655311063e-09,0.0010037238243967,-0.015557887032628,0.0,0.0,0.0,-0.0079361200332641,60.0,1.0266438722610474,-0.0,-6.868998525533243e-08,0.0,283.1598205566406,287.84234619140625,290.39013671875,290.6860046386719,293.1499938964844,293.1499938964844,278.1499938964844,0.0,18000.0,313.1499938964844,0.0,18000.0,0.0,0.0,0.0,0.0,0.0,0.0,0.0,0.0,0.0,-0.0,-0.0,-0.0,6.445913975451006e-21,3.222956987725503e-21,3.2229567857771112e-21,0.0,0.0,-0.0,0.0,0.0,0.0,0.0,0.0,0.0,0.0,0.0,0.0,4.0,0.0,0.0
12344580,298.16815185546875,303.1499938964844,285.1499938964844,0.0,-0.0,287.846923828125,0.0,0.0,9.41660618991591e-05,298.2676696777344,303.1499938964844,285.1499938964844,0.0,-0.0,287.84674072265625,0.0,0.0,9.916142880683763e-05,298.33770751953125,303.1499938964844,285.1499938964844,0.0,-0.0,287.8467712402344,0.0,0.0,7.324029138544574e-05,298.0141906738281,303.1499938964844,285.1499938964844,0.0,-0.0,287.8468017578125,0.0,0.0,9.916142153088003e-05,298.2380676269531,303.1499938964844,285.1499938964844,0.0,-0.0,287.84716796875,0.0,0.0,0.0004703788436017,287.7678527832031,294.1499938964844,288.69488525390625,286.12615966796875,289.4109802246094,288.7552490234375,287.2518005371094,0.0,0.0,0.0,0.0,1.0,1.0,-0.0010033976286649,6.261361651382913e-09,0.0010033913422375,-0.015456018038094,0.0,0.0,0.0,-0.0079168416559696,60.0,1.006374478340149,-0.0,-6.864446788767965e-08,0.0,283.1598205566406,287.84234619140625,290.39013671875,290.6860046386719,293.1499938964844,293.1499938964844,278.1499938964844,0.0,18000.0,313.1499938964844,0.0,18000.0,0.0,0.0,0.0,0.0,0.0,0.0,0.0,0.0,0.0,-0.0,-0.0,-0.0,6.445913975451006e-21,3.222956987725503e-21,3.2229567857771112e-21,0.0,0.0,-0.0,0.0,0.0,0.0,0.0,0.0,0.0,0.0,0.0,0.0,4.0,0.0,0.0
12344640,298.16815185546875,303.1499938964844,285.1499938964844,0.0,-0.0,287.846923828125,0.0,0.0,9.41660618991591e-05,298.2676696777344,303.1499938964844,285.1499938964844,0.0,-0.0,287.84674072265625,0.0,0.0,9.916142880683763e-05,298.33770751953125,303.1499938964844,285.1499938964844,0.0,-0.0,287.8467712402344,0.0,0.0,7.324029138544574e-05,298.0141906738281,303.1499938964844,285.1499938964844,0.0,-0.0,287.8468017578125,0.0,0.0,9.916142153088003e-05,298.2380676269531,303.1499938964844,285.1499938964844,0.0,-0.0,287.84716796875,0.0,0.0,0.0004703788436017,287.7678527832031,294.1499938964844,288.69488525390625,286.12615966796875,289.4109802246094,288.7552490234375,287.2518005371094,0.0,0.0,0.0,0.0,1.0,1.0,-0.0010033976286649,6.261361651382913e-09,0.0010033913422375,-0.015456018038094,0.0,0.0,0.0,-0.0079168416559696,60.0,1.006374478340149,-0.0,-6.864446788767965e-08,0.0,283.1598205566406,287.84234619140625,290.39013671875,290.6860046386719,293.1499938964844,293.1499938964844,278.1499938964844,0.0,18000.0,313.1499938964844,0.0,18000.0,0.0,0.0,0.0,0.0,0.0,0.0,0.0,0.0,0.0,-0.0,-0.0,-0.0,6.445913975451006e-21,3.222956987725503e-21,3.2229567857771112e-21,0.0,0.0,-0.0,0.0,0.0,0.0,0.0,0.0,0.0,0.0,0.0,0.0,4.0,0.0,0.0
12344700,298.1675720214844,303.1499938964844,285.1499938964844,0.0,-0.0,287.8443603515625,0.0,0.0,9.414707164978608e-05,298.2667236328125,303.1499938964844,285.1499938964844,0.0,-0.0,287.8441772460937,0.0,0.0,9.914143447531389e-05,298.33697509765625,303.1499938964844,285.1499938964844,0.0,-0.0,287.8441772460937,0.0,0.0,7.322552119148895e-05,298.0132751464844,303.1499938964844,285.1499938964844,0.0,-0.0,287.84423828125,0.0,0.0,9.914142719935626e-05,298.23797607421875,303.1499938964844,285.1499938964844,0.0,-0.0,287.8445739746094,0.0,0.0,0.0004702839942183,287.764892578125,294.1499938964844,288.6783752441406,286.11688232421875,289.40447998046875,288.7466735839844,287.2525939941406,0.0,0.0,0.0,0.0,1.0,1.0,-0.0010031949495896,6.237651728469018e-09,0.0010031886631622,-0.0153939081355929,0.0,0.0,0.0,-0.0079050883650779,60.0,0.9949966073036194,-0.0,-6.861672829927556e-08,0.0,283.1598205566406,287.84234619140625,290.39013671875,290.6860046386719,293.1499938964844,293.1499938964844,278.1499938964844,0.0,18000.0,313.1499938964844,0.0,18000.0,0.0,0.0,0.0,0.0,0.0,0.0,0.0,0.0,0.0,-0.0,-0.0,-0.0,6.445913975451006e-21,3.222956987725503e-21,3.2229567857771112e-21,0.0,0.0,-0.0,0.0,0.0,0.0,0.0,0.0,0.0,0.0,0.0,0.0,4.0,0.0,0.0
12344760,298.1670227050781,303.1499938964844,285.1499938964844,0.0,-0.0,287.841796875,0.0,0.0,9.412613144377246e-05,298.2657470703125,303.1499938964844,285.1499938964844,0.0,-0.0,287.84161376953125,0.0,0.0,9.911938104778528e-05,298.33624267578125,303.1499938964844,285.1499938964844,0.0,-0.0,287.8416442871094,0.0,0.0,7.320923759834841e-05,298.0122375488281,303.1499938964844,285.1499938964844,0.0,-0.0,287.8416748046875,0.0,0.0,9.911937377182768e-05,298.23785400390625,303.1499938964844,285.1499938964844,0.0,-0.0,287.842041015625,0.0,0.0,0.0004701793950516,287.761962890625,294.1499938964844,288.6608581542969,286.1073303222656,289.3978881835937,288.7370910644531,287.2533874511719,0.0,0.0,0.0,0.0,1.0,1.0,-0.0010029713157564,6.211509973041984e-09,0.0010029651457443,-0.0153254279866814,0.0,0.0,0.0,-0.0078921280801296,60.0,0.9829244017601012,-0.0,-6.858614653992845e-08,0.0,283.1598205566406,287.84234619140625,290.39013671875,290.6860046386719,293.1499938964844,293.1499938964844,278.1499938964844,0.0,18000.0,313.1499938964844,0.0,18000.0,0.0,0.0,0.0,0.0,0.0,0.0,0.0,0.0,0.0,-0.0,-0.0,-0.0,6.445913975451006e-21,3.222956987725503e-21,3.2229567857771112e-21,0.0,0.0,-0.0,0.0,0.0,0.0,0.0,0.0,0.0,0.0,0.0,0.0,4.0,0.0,0.0
12344820,298.1663818359375,303.1499938964844,285.1499938964844,0.0,-0.0,287.8387451171875,0.0,0.0,9.409855556441472e-05,298.2645263671875,303.1499938964844,285.1499938964844,0.0,-0.0,287.83856201171875,0.0,0.0,9.909034270094708e-05,298.3352966308594,303.1499938964844,285.1499938964844,0.0,-0.0,287.8385925292969,0.0,0.0,7.31877880753018e-05,298.0108337402344,303.1499938964844,285.1499938964844,0.0,-0.0,287.838623046875,0.0,0.0,9.909032814903183e-05,298.2376708984375,303.1499938964844,285.1499938964844,0.0,-0.0,287.8389587402344,0.0,0.0,0.0004700416175182,287.7584533691406,294.1499938964844,288.6385803222656,286.09552001953125,289.3898620605469,288.7242736816406,287.2543029785156,0.0,0.0,0.0,0.0,1.0,1.0,-0.0010026770178228,6.177089062475716e-09,0.0010026708478108,-0.0152352610602974,0.0,0.0,0.0,-0.0078750643879175,60.0,0.9675393104553224,-0.0,-6.854589429394764e-08,0.0,283.1598205566406,287.84234619140625,290.39013671875,290.6860046386719,293.1499938964844,293.1499938964844,278.1499938964844,0.0,18000.0,313.1499938964844,0.0,18000.0,0.0,0.0,0.0,0.0,0.0,0.0,0.0,0.0,0.0,-0.0,-0.0,-0.0,6.445913975451006e-21,3.222956987725503e-21,3.2229567857771112e-21,0.0,0.0,-0.0,0.0,0.0,0.0,0.0,0.0,0.0,0.0,0.0,0.0,4.0,0.0,0.0
12344880,298.1659545898437,303.1499938964844,285.1499938964844,0.0,-0.0,287.83673095703125,0.0,0.0,9.407902689417824e-05,298.263671875,303.1499938964844,285.1499938964844,0.0,-0.0,287.8365478515625,0.0,0.0,9.90697808447294e-05,298.3346252441406,303.1499938964844,285.1499938964844,0.0,-0.0,287.8365478515625,0.0,0.0,7.3172603151761e-05,298.0097961425781,303.1499938964844,285.1499938964844,0.0,-0.0,287.8365783691406,0.0,0.0,9.906976629281417e-05,298.2375183105469,303.1499938964844,285.1499938964844,0.0,-0.0,287.8369445800781,0.0,0.0,0.0004699440905824,287.7561340332031,294.1499938964844,288.6230163574219,286.08746337890625,289.3844299316406,288.7151184082031,287.2549133300781,0.0,0.0,0.0,0.0,1.0,1.0,-0.0010024685179814,6.152719667085193e-09,0.0010024624643847,-0.0151714226230978,0.0,0.0,0.0,-0.0078629832714796,60.0,0.9568414092063904,-0.0,-6.851740153024366e-08,0.0,283.1598205566406,287.84234619140625,290.39013671875,290.6860046386719,293.1499938964844,293.1499938964844,278.1499938964844,0.0,18000.0,313.1499938964844,0.0,18000.0,0.0,0.0,0.0,0.0,0.0,0.0,0.0,0.0,0.0,-0.0,-0.0,-0.0,6.445913975451006e-21,3.222956987725503e-21,3.2229567857771112e-21,0.0,0.0,-0.0,0.0,0.0,0.0,0.0,0.0,0.0,0.0,0.0,0.0,4.0,0.0,0.0
12344940,298.1650390625,303.1499938964844,285.1499938964844,0.0,-0.0,287.8316650390625,0.0,0.0,9.402646537637338e-05,298.2614440917969,303.1499938964844,285.1499938964844,0.0,-0.0,287.8314819335937,0.0,0.0,9.901442535920069e-05,298.3328857421875,303.1499938964844,285.1499938964844,0.0,-0.0,287.8314819335937,0.0,0.0,7.31317195459269e-05,298.0068359375,303.1499938964844,285.1499938964844,0.0,-0.0,287.83154296875,0.0,0.0,9.901441808324309e-05,298.23712158203125,303.1499938964844,285.1499938964844,0.0,-0.0,287.8318786621094,0.0,0.0,0.000469681515824,287.7503356933594,294.1499938964844,288.5817565917969,286.0666809082031,289.3704528808594,288.6893920898437,287.2563781738281,0.0,0.0,0.0,0.0,1.0,1.0,-0.0010019076289609,6.087128578968759e-09,0.0010019015753641,-0.0149996019899845,0.0,0.0,0.0,-0.0078304670751094,60.0,0.928209662437439,-0.0,-6.844074817990986e-08,0.0,283.1598205566406,287.84234619140625,290.39013671875,290.6860046386719,293.1499938964844,293.1499938964844,278.1499938964844,0.0,18000.0,313.1499938964844,0.0,18000.0,0.0,0.0,0.0,0.0,0.0,0.0,0.0,0.0,0.0,-0.0,-0.0,-0.0,6.445913975451006e-21,3.222956987725503e-21,3.2229567857771112e-21,0.0,0.0,-0.0,0.0,0.0,0.0,0.0,0.0,0.0,0.0,0.0,0.0,4.0,0.0,0.0
12345000,298.1650390625,303.1499938964844,285.1499938964844,0.0,-0.0,287.8316650390625,0.0,0.0,9.402646537637338e-05,298.2614440917969,303.1499938964844,285.1499938964844,0.0,-0.0,287.8314819335937,0.0,0.0,9.901442535920069e-05,298.3328857421875,303.1499938964844,285.1499938964844,0.0,-0.0,287.8314819335937,0.0,0.0,7.31317195459269e-05,298.0068359375,303.1499938964844,285.1499938964844,0.0,-0.0,287.83154296875,0.0,0.0,9.901441808324309e-05,298.23712158203125,303.1499938964844,285.1499938964844,0.0,-0.0,287.8318786621094,0.0,0.0,0.000469681515824,287.7503356933594,294.1499938964844,288.5817565917969,286.0666809082031,289.3704528808594,288.6893920898437,287.2563781738281,0.0,0.0,0.0,0.0,1.0,1.0,-0.0010019076289609,6.087128578968759e-09,0.0010019015753641,-0.0149996019899845,0.0,0.0,0.0,-0.0078304670751094,60.0,0.928209662437439,-0.0,-6.844074817990986e-08,0.0,283.1598205566406,287.84234619140625,290.39013671875,290.6860046386719,293.1499938964844,293.1499938964844,278.1499938964844,0.0,18000.0,313.1499938964844,0.0,18000.0,0.0,0.0,0.0,0.0,0.0,0.0,0.0,0.0,0.0,-0.0,-0.0,-0.0,6.445913975451006e-21,3.222956987725503e-21,3.2229567857771112e-21,0.0,0.0,-0.0,0.0,0.0,0.0,0.0,0.0,0.0,0.0,0.0,0.0,4.0,0.0,0.0
12345060,298.16424560546875,303.1499938964844,285.1499938964844,0.0,-0.0,287.8266296386719,0.0,0.0,9.397026587976144e-05,298.259033203125,303.1499938964844,285.1499938964844,0.0,-0.0,287.8264465332031,0.0,0.0,9.895524271996692e-05,298.3309936523437,303.1499938964844,285.1499938964844,0.0,-0.0,287.82647705078125,0.0,0.0,7.308800559258088e-05,298.0033874511719,303.1499938964844,285.1499938964844,0.0,-0.0,287.8265075683594,0.0,0.0,9.89552354440093e-05,298.2366027832031,303.1499938964844,285.1499938964844,0.0,-0.0,287.82684326171875,0.0,0.0,0.0004694008093792,287.74462890625,294.1499938964844,288.53741455078125,286.0451354980469,289.3559875488281,288.6602478027344,287.2578125,0.0,0.0,0.0,0.0,1.0,1.0,-0.0010013079736381,6.017010445447113e-09,0.0010013020364567,-0.0148159200325608,0.0,0.0,0.0,-0.0077957068569958,60.0,0.8974068760871887,-0.0,-6.83588439187588e-08,0.0,283.1598205566406,287.84234619140625,290.39013671875,290.6860046386719,293.1499938964844,293.1499938964844,278.1499938964844,0.0,18000.0,313.1499938964844,0.0,18000.0,0.0,0.0,0.0,0.0,0.0,0.0,0.0,0.0,0.0,-0.0,-0.0,-0.0,6.445913975451006e-21,3.222956987725503e-21,3.2229567857771112e-21,0.0,0.0,-0.0,0.0,0.0,0.0,0.0,0.0,0.0,0.0,0.0,0.0,4.0,0.0,0.0
12345120,298.16424560546875,303.1499938964844,285.1499938964844,0.0,-0.0,287.8266296386719,0.0,0.0,9.397026587976144e-05,298.259033203125,303.1499938964844,285.1499938964844,0.0,-0.0,287.8264465332031,0.0,0.0,9.895524271996692e-05,298.3309936523437,303.1499938964844,285.1499938964844,0.0,-0.0,287.82647705078125,0.0,0.0,7.308800559258088e-05,298.0033874511719,303.1499938964844,285.1499938964844,0.0,-0.0,287.8265075683594,0.0,0.0,9.89552354440093e-05,298.2366027832031,303.1499938964844,285.1499938964844,0.0,-0.0,287.82684326171875,0.0,0.0,0.0004694008093792,287.74462890625,294.1499938964844,288.53741455078125,286.0451354980469,289.3559875488281,288.6602478027344,287.2578125,0.0,0.0,0.0,0.0,1.0,1.0,-0.0010013079736381,6.017010445447113e-09,0.0010013020364567,-0.0148159200325608,0.0,0.0,0.0,-0.0077957068569958,60.0,0.8974068760871887,-0.0,-6.83588439187588e-08,0.0,283.1598205566406,287.84234619140625,290.39013671875,290.6860046386719,293.1499938964844,293.1499938964844,278.1499938964844,0.0,18000.0,313.1499938964844,0.0,18000.0,0.0,0.0,0.0,0.0,0.0,0.0,0.0,0.0,0.0,-0.0,-0.0,-0.0,6.445913975451006e-21,3.222956987725503e-21,3.2229567857771112e-21,0.0,0.0,-0.0,0.0,0.0,0.0,0.0,0.0,0.0,0.0,0.0,0.0,4.0,0.0,0.0
12345180,298.16357421875,303.1499938964844,285.1499938964844,0.0,-0.0,287.8216552734375,0.0,0.0,9.391210187459365e-05,298.2564392089844,303.1499938964844,285.1499938964844,0.0,-0.0,287.82147216796875,0.0,0.0,9.889399370877072e-05,298.3289489746094,303.1499938964844,285.1499938964844,0.0,-0.0,287.82147216796875,0.0,0.0,7.304276368813589e-05,297.9994201660156,303.1499938964844,285.1499938964844,0.0,-0.0,287.821533203125,0.0,0.0,9.88939791568555e-05,298.2359924316406,303.1499938964844,285.1499938964844,0.0,-0.0,287.8218688964844,0.0,0.0,0.0004691102658398,287.7389831542969,294.1499938964844,288.4904479980469,286.0229187011719,289.3409729003906,288.6278076171875,287.2591552734375,0.0,0.0,0.0,0.0,1.0,1.0,-0.0010006873635575,5.944442715843934e-09,0.0010006814263761,-0.0146258203312754,0.0,0.0,0.0,-0.0077597317285835,60.0,0.8646241426467896,-0.0,-6.827413301380147e-08,0.0,283.1598205566406,287.84234619140625,290.39013671875,290.6860046386719,293.1499938964844,293.1499938964844,278.1499938964844,0.0,18000.0,313.1499938964844,0.0,18000.0,0.0,0.0,0.0,0.0,0.0,0.0,0.0,0.0,0.0,-0.0,-0.0,-0.0,6.445913975451006e-21,3.222956987725503e-21,3.2229567857771112e-21,0.0,0.0,-0.0,0.0,0.0,0.0,0.0,0.0,0.0,0.0,0.0,0.0,4.0,0.0,0.0
12345240,298.16357421875,303.1499938964844,285.1499938964844,0.0,-0.0,287.8216552734375,0.0,0.0,9.391210187459365e-05,298.2564392089844,303.1499938964844,285.1499938964844,0.0,-0.0,287.82147216796875,0.0,0.0,9.889399370877072e-05,298.3289489746094,303.1499938964844,285.1499938964844,0.0,-0.0,287.82147216796875,0.0,0.0,7.304276368813589e-05,297.9994201660156,303.1499938964844,285.1499938964844,0.0,-0.0,287.821533203125,0.0,0.0,9.88939791568555e-05,298.2359924316406,303.1499938964844,285.1499938964844,0.0,-0.0,287.8218688964844,0.0,0.0,0.0004691102658398,287.7389831542969,294.1499938964844,288.4904479980469,286.0229187011719,289.3409729003906,288.6278076171875,287.2591552734375,0.0,0.0,0.0,0.0,1.0,1.0,-0.0010006873635575,5.944442715843934e-09,0.0010006814263761,-0.0146258203312754,0.0,0.0,0.0,-0.0077597317285835,60.0,0.8646241426467896,-0.0,-6.827413301380147e-08,0.0,283.1598205566406,287.84234619140625,290.39013671875,290.6860046386719,293.1499938964844,293.1499938964844,278.1499938964844,0.0,18000.0,313.1499938964844,0.0,18000.0,0.0,0.0,0.0,0.0,0.0,0.0,0.0,0.0,0.0,-0.0,-0.0,-0.0,6.445913975451006e-21,3.222956987725503e-21,3.2229567857771112e-21,0.0,0.0,-0.0,0.0,0.0,0.0,0.0,0.0,0.0,0.0,0.0,0.0,4.0,0.0,0.0
12345300,298.1632995605469,303.1499938964844,285.1499938964844,0.0,-0.0,287.8191833496094,0.0,0.0,9.38828306971118e-05,298.25506591796875,303.1499938964844,285.1499938964844,0.0,-0.0,287.8190002441406,0.0,0.0,9.886317275231704e-05,298.327880859375,303.1499938964844,285.1499938964844,0.0,-0.0,287.8190002441406,0.0,0.0,7.302000449271873e-05,297.99725341796875,303.1499938964844,285.1499938964844,0.0,-0.0,287.8190612792969,0.0,0.0,9.886316547635944e-05,298.2356262207031,303.1499938964844,285.1499938964844,0.0,-0.0,287.8193664550781,0.0,0.0,0.0004689640481956,287.7361755371094,294.1499938964844,288.466064453125,286.0115966796875,289.3332214355469,288.6104431152344,287.25982666015625,0.0,0.0,0.0,0.0,1.0,1.0,-0.0010003751376643,5.9079301450992724e-09,0.0010003692004829,-0.0145301697775721,0.0,0.0,0.0,-0.0077416310086846,60.0,0.8475978374481201,-0.0,-6.823153597679267e-08,0.0,283.1598205566406,287.84234619140625,290.39013671875,290.6860046386719,293.1499938964844,293.1499938964844,278.1499938964844,0.0,18000.0,313.1499938964844,0.0,18000.0,0.0,0.0,0.0,0.0,0.0,0.0,0.0,0.0,0.0,-0.0,-0.0,-0.0,6.445913975451006e-21,3.222956987725503e-21,3.2229567857771112e-21,0.0,0.0,-0.0,0.0,0.0,0.0,0.0,0.0,0.0,0.0,0.0,0.0,4.0,0.0,0.0
12345360,298.1630249023437,303.1499938964844,285.1499938964844,0.0,-0.0,287.8166809082031,0.0,0.0,9.385372686665504e-05,298.253662109375,303.1499938964844,285.1499938964844,0.0,-0.0,287.8165283203125,0.0,0.0,9.88325264188461e-05,298.3267517089844,303.1499938964844,285.1499938964844,0.0,-0.0,287.8165283203125,0.0,0.0,7.299736171262339e-05,297.9949645996094,303.1499938964844,285.1499938964844,0.0,-0.0,287.81658935546875,0.0,0.0,9.883251186693089e-05,298.2352600097656,303.1499938964844,285.1499938964844,0.0,-0.0,287.81689453125,0.0,0.0,0.0004688186745624,287.7333984375,294.1499938964844,288.441162109375,286.00018310546875,289.3253479003906,288.5923767089844,287.2604675292969,0.0,0.0,0.0,0.0,1.0,1.0,-0.0010000645415857,5.871619190855881e-09,0.0010000587208196,-0.0144350472837686,0.0,0.0,0.0,-0.0077236299403011,60.0,0.830209493637085,-0.0,-6.8189180524314e-08,0.0,283.1598205566406,287.84234619140625,290.39013671875,290.6860046386719,293.1499938964844,293.1499938964844,278.1499938964844,0.0,18000.0,313.1499938964844,0.0,18000.0,0.0,0.0,0.0,0.0,0.0,0.0,0.0,0.0,0.0,-0.0,-0.0,-0.0,6.445913975451006e-21,3.222956987725503e-21,3.2229567857771112e-21,0.0,0.0,-0.0,0.0,0.0,0.0,0.0,0.0,0.0,0.0,0.0,0.0,4.0,0.0,0.0
12345420,298.16259765625,303.1499938964844,285.1499938964844,0.0,-0.0,287.811767578125,0.0,0.0,9.37968652579002e-05,298.2507019042969,303.1499938964844,285.1499938964844,0.0,-0.0,287.8116149902344,0.0,0.0,9.8772652563639e-05,298.32440185546875,303.1499938964844,285.1499938964844,0.0,-0.0,287.8116149902344,0.0,0.0,7.295313844224438e-05,297.9901123046875,303.1499938964844,285.1499938964844,0.0,-0.0,287.8116455078125,0.0,0.0,9.877263801172376e-05,298.2344665527344,303.1499938964844,285.1499938964844,0.0,-0.0,287.8119812011719,0.0,0.0,0.000468534650281,287.72784423828125,294.1499938964844,288.3900146484375,285.97705078125,289.30914306640625,288.5543518066406,287.2617492675781,0.0,0.0,0.0,0.0,1.0,1.0,-0.0009994579013437,5.800684821366531e-09,0.0009994521969929,-0.0142492223531007,0.0,0.0,0.0,-0.0076884645968675,60.0,0.7944729328155518,-0.0,-6.810647334987152e-08,0.0,283.1598205566406,287.84234619140625,290.39013671875,290.6860046386719,293.1499938964844,293.1499938964844,278.1499938964844,0.0,18000.0,313.1499938964844,0.0,18000.0,0.0,0.0,0.0,0.0,0.0,0.0,0.0,0.0,0.0,-0.0,-0.0,-0.0,6.445913975451006e-21,3.222956987725503e-21,3.2229567857771112e-21,0.0,0.0,-0.0,0.0,0.0,0.0,0.0,0.0,0.0,0.0,0.0,0.0,4.0,0.0,0.0
12345480,298.16259765625,303.1499938964844,285.1499938964844,0.0,-0.0,287.811767578125,0.0,0.0,9.37968652579002e-05,298.2507019042969,303.1499938964844,285.1499938964844,0.0,-0.0,287.8116149902344,0.0,0.0,9.8772652563639e-05,298.32440185546875,303.1499938964844,285.1499938964844,0.0,-0.0,287.8116149902344,0.0,0.0,7.295313844224438e-05,297.9901123046875,303.1499938964844,285.1499938964844,0.0,-0.0,287.8116455078125,0.0,0.0,9.877263801172376e-05,298.2344665527344,303.1499938964844,285.1499938964844,0.0,-0.0,287.8119812011719,0.0,0.0,0.000468534650281,287.72784423828125,294.1499938964844,288.3900146484375,285.97705078125,289.30914306640625,288.5543518066406,287.2617492675781,0.0,0.0,0.0,0.0,1.0,1.0,-0.0009994579013437,5.800684821366531e-09,0.0009994521969929,-0.0142492223531007,0.0,0.0,0.0,-0.0076884645968675,60.0,0.7944729328155518,-0.0,-6.810647334987152e-08,0.0,283.1598205566406,287.84234619140625,290.39013671875,290.6860046386719,293.1499938964844,293.1499938964844,278.1499938964844,0.0,18000.0,313.1499938964844,0.0,18000.0,0.0,0.0,0.0,0.0,0.0,0.0,0.0,0.0,0.0,-0.0,-0.0,-0.0,6.445913975451006e-21,3.222956987725503e-21,3.2229567857771112e-21,0.0,0.0,-0.0,0.0,0.0,0.0,0.0,0.0,0.0,0.0,0.0,0.0,4.0,0.0,0.0
12345540,298.16229248046875,303.1499938964844,285.1499938964844,0.0,-0.0,287.806884765625,0.0,0.0,9.374333603773266e-05,298.24755859375,303.1499938964844,285.1499938964844,0.0,-0.0,287.8067321777344,0.0,0.0,9.871627844404428e-05,298.3218994140625,303.1499938964844,285.1499938964844,0.0,-0.0,287.8067321777344,0.0,0.0,7.291150541277602e-05,297.98486328125,303.1499938964844,285.1499938964844,0.0,-0.0,287.8067626953125,0.0,0.0,9.871627116808668e-05,298.2335510253906,303.1499938964844,285.1499938964844,0.0,-0.0,287.8070983886719,0.0,0.0,0.0004682672733906,287.7223815917969,294.1499938964844,288.3373107910156,285.95367431640625,289.29229736328125,288.5138854980469,287.2629699707031,0.0,0.0,0.0,0.0,1.0,1.0,-0.0009988867677748,5.7338986891863905e-09,0.000998881063424,-0.0140742640942335,0.0,0.0,0.0,-0.0076553556136786,60.0,0.7576069235801697,-0.0,-6.80286547094511e-08,0.0,283.1598205566406,287.84234619140625,290.39013671875,290.6860046386719,293.1499938964844,293.1499938964844,278.1499938964844,0.0,18000.0,313.1499938964844,0.0,18000.0,0.0,0.0,0.0,0.0,0.0,0.0,0.0,0.0,0.0,-0.0,-0.0,-0.0,6.445913975451006e-21,3.222956987725503e-21,3.2229567857771112e-21,0.0,0.0,-0.0,0.0,0.0,0.0,0.0,0.0,0.0,0.0,0.0,0.0,4.0,0.0,0.0
12345600,298.16229248046875,303.1499938964844,285.1499938964844,0.0,-0.0,287.806884765625,0.0,0.0,9.374333603773266e-05,298.24755859375,303.1499938964844,285.1499938964844,0.0,-0.0,287.8067321777344,0.0,0.0,9.871627844404428e-05,298.3218994140625,303.1499938964844,285.1499938964844,0.0,-0.0,287.8067321777344,0.0,0.0,7.291150541277602e-05,297.98486328125,303.1499938964844,285.1499938964844,0.0,-0.0,287.8067626953125,0.0,0.0,9.871627116808668e-05,298.2335510253906,303.1499938964844,285.1499938964844,0.0,-0.0,287.8070983886719,0.0,0.0,0.0004682672733906,287.7223815917969,294.1499938964844,288.3373107910156,285.95367431640625,289.29229736328125,288.5138854980469,287.2629699707031,0.0,0.0,0.0,0.0,1.0,1.0,-0.0009988867677748,5.7338986891863905e-09,0.000998881063424,-0.0140742640942335,0.0,0.0,0.0,-0.0076553556136786,60.0,0.7576069235801697,-0.0,-6.80286547094511e-08,0.0,283.1598205566406,287.84234619140625,290.39013671875,290.6860046386719,293.1499938964844,293.1499938964844,278.1499938964844,0.0,18000.0,313.1499938964844,0.0,18000.0,0.0,0.0,0.0,0.0,0.0,0.0,0.0,0.0,0.0,-0.0,-0.0,-0.0,6.445913975451006e-21,3.222956987725503e-21,3.2229567857771112e-21,0.0,0.0,-0.0,0.0,0.0,0.0,0.0,0.0,0.0,0.0,0.0,0.0,4.0,0.0,0.0
12345660,298.162109375,303.1499938964844,285.1499938964844,0.0,-0.0,287.8020324707031,0.0,0.0,9.36947835725732e-05,298.2442321777344,303.1499938964844,285.1499938964844,0.0,-0.0,287.8018798828125,0.0,0.0,9.866515028988944e-05,298.3192443847656,303.1499938964844,285.1499938964844,0.0,-0.0,287.8018798828125,0.0,0.0,7.287374319275841e-05,297.9792785644531,303.1499938964844,285.1499938964844,0.0,-0.0,287.8019104003906,0.0,0.0,9.86651430139318e-05,298.2325439453125,303.1499938964844,285.1499938964844,0.0,-0.0,287.80224609375,0.0,0.0,0.0004680247220676,287.71697998046875,294.1499938964844,288.283447265625,285.9302062988281,289.2748413085937,288.4712829589844,287.26416015625,0.0,0.0,0.0,0.0,1.0,1.0,-0.0009983686031773,5.673311154197336e-09,0.0009983628988265,-0.0139155434444546,0.0,0.0,0.0,-0.007625319994986,60.0,0.7199205160140991,-0.0,-6.79580978157901e-08,0.0,283.1598205566406,287.84234619140625,290.39013671875,290.6860046386719,293.1499938964844,293.1499938964844,278.1499938964844,0.0,18000.0,313.1499938964844,0.0,18000.0,0.0,0.0,0.0,0.0,0.0,0.0,0.0,0.0,0.0,-0.0,-0.0,-0.0,6.445913975451006e-21,3.222956987725503e-21,3.2229567857771112e-21,0.0,0.0,-0.0,0.0,0.0,0.0,0.0,0.0,0.0,0.0,0.0,0.0,4.0,0.0,0.0
12345720,298.162109375,303.1499938964844,285.1499938964844,0.0,-0.0,287.8020324707031,0.0,0.0,9.36947835725732e-05,298.2442321777344,303.1499938964844,285.1499938964844,0.0,-0.0,287.8018798828125,0.0,0.0,9.866515028988944e-05,298.3192443847656,303.1499938964844,285.1499938964844,0.0,-0.0,287.8018798828125,0.0,0.0,7.287374319275841e-05,297.9792785644531,303.1499938964844,285.1499938964844,0.0,-0.0,287.8019104003906,0.0,0.0,9.86651430139318e-05,298.2325439453125,303.1499938964844,285.1499938964844,0.0,-0.0,287.80224609375,0.0,0.0,0.0004680247220676,287.71697998046875,294.1499938964844,288.283447265625,285.9302062988281,289.2748413085937,288.4712829589844,287.26416015625,0.0,0.0,0.0,0.0,1.0,1.0,-0.0009983686031773,5.673311154197336e-09,0.0009983628988265,-0.0139155434444546,0.0,0.0,0.0,-0.007625319994986,60.0,0.7199205160140991,-0.0,-6.79580978157901e-08,0.0,283.1598205566406,287.84234619140625,290.39013671875,290.6860046386719,293.1499938964844,293.1499938964844,278.1499938964844,0.0,18000.0,313.1499938964844,0.0,18000.0,0.0,0.0,0.0,0.0,0.0,0.0,0.0,0.0,0.0,-0.0,-0.0,-0.0,6.445913975451006e-21,3.222956987725503e-21,3.2229567857771112e-21,0.0,0.0,-0.0,0.0,0.0,0.0,0.0,0.0,0.0,0.0,0.0,0.0,4.0,0.0,0.0
12345780,298.1620788574219,303.1499938964844,285.1499938964844,0.0,-0.0,287.7972412109375,0.0,0.0,9.365349978907034e-05,298.2406921386719,303.1499938964844,285.1499938964844,0.0,-0.0,287.79705810546875,0.0,0.0,9.862166916718706e-05,298.31646728515625,303.1499938964844,285.1499938964844,0.0,-0.0,287.79705810546875,0.0,0.0,7.28416271158494e-05,297.9733581542969,303.1499938964844,285.1499938964844,0.0,-0.0,287.797119140625,0.0,0.0,9.862166189122944e-05,298.2314147949219,303.1499938964844,285.1499938964844,0.0,-0.0,287.79742431640625,0.0,0.0,0.000467818492325,287.71160888671875,294.1499938964844,288.2288513183594,285.9067687988281,289.2567138671875,288.4266357421875,287.2652893066406,0.0,0.0,0.0,0.0,1.0,1.0,-0.0009979278547689,5.621779486375544e-09,0.0009979222668334,-0.0137805435806512,0.0,0.0,0.0,-0.007599773351103,60.0,0.6816545724868774,-0.0,-6.789811379803723e-08,0.0,283.1598205566406,287.84234619140625,290.39013671875,290.6860046386719,293.1499938964844,293.1499938964844,278.1499938964844,0.0,18000.0,313.1499938964844,0.0,18000.0,0.0,0.0,0.0,0.0,0.0,0.0,0.0,0.0,0.0,-0.0,-0.0,-0.0,6.445913975451006e-21,3.222956987725503e-21,3.2229567857771112e-21,0.0,0.0,-0.0,0.0,0.0,0.0,0.0,0.0,0.0,0.0,0.0,0.0,4.0,0.0,0.0
12345840,298.1620788574219,303.1499938964844,285.1499938964844,0.0,-0.0,287.7972412109375,0.0,0.0,9.365349978907034e-05,298.2406921386719,303.1499938964844,285.1499938964844,0.0,-0.0,287.79705810546875,0.0,0.0,9.862166916718706e-05,298.31646728515625,303.1499938964844,285.1499938964844,0.0,-0.0,287.79705810546875,0.0,0.0,7.28416271158494e-05,297.9733581542969,303.1499938964844,285.1499938964844,0.0,-0.0,287.797119140625,0.0,0.0,9.862166189122944e-05,298.2314147949219,303.1499938964844,285.1499938964844,0.0,-0.0,287.79742431640625,0.0,0.0,0.000467818492325,287.71160888671875,294.1499938964844,288.2288513183594,285.9067687988281,289.2567138671875,288.4266357421875,287.2652893066406,0.0,0.0,0.0,0.0,1.0,1.0,-0.0009979278547689,5.621779486375544e-09,0.0009979222668334,-0.0137805435806512,0.0,0.0,0.0,-0.007599773351103,60.0,0.6816545724868774,-0.0,-6.789811379803723e-08,0.0,283.1598205566406,287.84234619140625,290.39013671875,290.6860046386719,293.1499938964844,293.1499938964844,278.1499938964844,0.0,18000.0,313.1499938964844,0.0,18000.0,0.0,0.0,0.0,0.0,0.0,0.0,0.0,0.0,0.0,-0.0,-0.0,-0.0,6.445913975451006e-21,3.222956987725503e-21,3.2229567857771112e-21,0.0,0.0,-0.0,0.0,0.0,0.0,0.0,0.0,0.0,0.0,0.0,0.0,4.0,0.0,0.0
12345900,298.162109375,303.1499938964844,285.1499938964844,0.0,-0.0,287.7948303222656,0.0,0.0,9.363538993056864e-05,298.2388916015625,303.1499938964844,285.1499938964844,0.0,-0.0,287.794677734375,0.0,0.0,9.86026061582379e-05,298.3150329589844,303.1499938964844,285.1499938964844,0.0,-0.0,287.794677734375,0.0,0.0,7.282754813786596e-05,297.9703063964844,303.1499938964844,285.1499938964844,0.0,-0.0,287.7947082519531,0.0,0.0,9.860259160632268e-05,298.2308349609375,303.1499938964844,285.1499938964844,0.0,-0.0,287.7950134277344,0.0,0.0,0.0004677280376199,287.7089538574219,294.1499938964844,288.2013854980469,285.8951110839844,289.2474060058594,288.4037170410156,287.2658386230469,0.0,0.0,0.0,0.0,1.0,1.0,-0.0009977346053346,5.599176677861806e-09,0.0009977290173992,-0.0137213310226798,0.0,0.0,0.0,-0.0075885681435465,60.0,0.6624038815498352,-0.0,-6.787181661138676e-08,0.0,283.1598205566406,287.84234619140625,290.39013671875,290.6860046386719,293.1499938964844,293.1499938964844,278.1499938964844,0.0,18000.0,313.1499938964844,0.0,18000.0,0.0,0.0,0.0,0.0,0.0,0.0,0.0,0.0,0.0,-0.0,-0.0,-0.0,6.445913975451006e-21,3.222956987725503e-21,3.2229567857771112e-21,0.0,0.0,-0.0,0.0,0.0,0.0,0.0,0.0,0.0,0.0,0.0,0.0,4.0,0.0,0.0
12345960,298.16217041015625,303.1499938964844,285.1499938964844,0.0,-0.0,287.7924499511719,0.0,0.0,9.362014679936692e-05,298.2370300292969,303.1499938964844,285.1499938964844,0.0,-0.0,287.7922668457031,0.0,0.0,9.858655539574102e-05,298.31353759765625,303.1499938964844,285.1499938964844,0.0,-0.0,287.79229736328125,0.0,0.0,7.281568832695484e-05,297.9671936035156,303.1499938964844,285.1499938964844,0.0,-0.0,287.7923278808594,0.0,0.0,9.85865408438258e-05,298.230224609375,303.1499938964844,285.1499938964844,0.0,-0.0,287.7926330566406,0.0,0.0,0.0004676519019994,287.7063293457031,294.1499938964844,288.1738586425781,285.8835144042969,289.2379455566406,288.38037109375,287.2663879394531,0.0,0.0,0.0,0.0,1.0,1.0,-0.0009975717402994,5.580140793881583e-09,0.000997566152364,-0.0136714614927768,0.0,0.0,0.0,-0.007579131051898,60.0,0.6431154012680054,-0.0,-6.78496689943131e-08,0.0,283.1598205566406,287.84234619140625,290.39013671875,290.6860046386719,293.1499938964844,293.1499938964844,278.1499938964844,0.0,18000.0,313.1499938964844,0.0,18000.0,0.0,0.0,0.0,0.0,0.0,0.0,0.0,0.0,0.0,-0.0,-0.0,-0.0,6.445913975451006e-21,3.222956987725503e-21,3.2229567857771112e-21,0.0,0.0,-0.0,0.0,0.0,0.0,0.0,0.0,0.0,0.0,0.0,0.0,4.0,0.0,0.0
12346020,298.16229248046875,303.1499938964844,285.1499938964844,0.0,-0.0,287.7892150878906,0.0,0.0,9.360328840557486e-05,298.23443603515625,303.1499938964844,285.1499938964844,0.0,-0.0,287.7890625,0.0,0.0,9.85687947832048e-05,298.3114929199219,303.1499938964844,285.1499938964844,0.0,-0.0,287.7890625,0.0,0.0,7.280257705133408e-05,297.9628601074219,303.1499938964844,285.1499938964844,0.0,-0.0,287.7890930175781,0.0,0.0,9.856878750724718e-05,298.2293395996094,303.1499938964844,285.1499938964844,0.0,-0.0,287.7893981933594,0.0,0.0,0.0004675676755141,287.7027587890625,294.1499938964844,288.136474609375,285.86785888671875,289.224853515625,288.3481140136719,287.26708984375,0.0,0.0,0.0,0.0,1.0,1.0,-0.0009973915293812,5.559072313587876e-09,0.0009973859414458,-0.0136162675917148,0.0,0.0,0.0,-0.0075686862692236,60.0,0.6168736815452576,-0.0,-6.782516237535674e-08,0.0,283.1598205566406,287.84234619140625,290.39013671875,290.6860046386719,293.1499938964844,293.1499938964844,278.1499938964844,0.0,18000.0,313.1499938964844,0.0,18000.0,0.0,0.0,0.0,0.0,0.0,0.0,0.0,0.0,0.0,-0.0,-0.0,-0.0,6.445913975451006e-21,3.222956987725503e-21,3.2229567857771112e-21,0.0,0.0,-0.0,0.0,0.0,0.0,0.0,0.0,0.0,0.0,0.0,0.0,4.0,0.0,0.0
12346080,298.162353515625,303.1499938964844,285.1499938964844,0.0,-0.0,287.7876892089844,0.0,0.0,9.359714749734847e-05,298.23321533203125,303.1499938964844,285.1499938964844,0.0,-0.0,287.7875366210937,0.0,0.0,9.85623337328434e-05,298.3105163574219,303.1499938964844,285.1499938964844,0.0,-0.0,287.7875366210937,0.0,0.0,7.279780402313918e-05,297.9608154296875,303.1499938964844,285.1499938964844,0.0,-0.0,287.78759765625,0.0,0.0,9.856231918092816e-05,298.2289428710937,303.1499938964844,285.1499938964844,0.0,-0.0,287.7878723144531,0.0,0.0,0.0004675370291806,287.7010803222656,294.1499938964844,288.118896484375,285.8605651855469,289.2185974121094,288.332763671875,287.2674255371094,0.0,0.0,0.0,0.0,1.0,1.0,-0.0009973258711397,5.551397563863247e-09,0.0009973203996196,-0.0135961612686514,0.0,0.0,0.0,-0.007564881350845,60.0,0.6045404076576233,-0.0,-6.781623085316826e-08,0.0,283.1598205566406,287.84234619140625,290.39013671875,290.6860046386719,293.1499938964844,293.1499938964844,278.1499938964844,0.0,18000.0,313.1499938964844,0.0,18000.0,0.0,0.0,0.0,0.0,0.0,0.0,0.0,0.0,0.0,-0.0,-0.0,-0.0,6.445913975451006e-21,3.222956987725503e-21,3.2229567857771112e-21,0.0,0.0,-0.0,0.0,0.0,0.0,0.0,0.0,0.0,0.0,0.0,0.0,4.0,0.0,0.0
12346140,298.1627197265625,303.1499938964844,285.1499938964844,0.0,-0.0,287.7829895019531,0.0,0.0,9.358589886687696e-05,298.229248046875,303.1499938964844,285.1499938964844,0.0,-0.0,287.7828063964844,0.0,0.0,9.85504811978899e-05,298.307373046875,303.1499938964844,285.1499938964844,0.0,-0.0,287.7828369140625,0.0,0.0,7.278905104612932e-05,297.9542541503906,303.1499938964844,285.1499938964844,0.0,-0.0,287.7828674316406,0.0,0.0,9.855047392193228e-05,298.2275695800781,303.1499938964844,285.1499938964844,0.0,-0.0,287.7831726074219,0.0,0.0,0.000467480829684,287.6958923339844,294.1499938964844,288.0643005371094,285.8381042480469,289.1986389160156,288.283935546875,287.2684631347656,0.0,0.0,0.0,0.0,1.0,1.0,-0.0009972052648663,5.537293290558409e-09,0.0009971996769309,-0.0135592119768261,0.0,0.0,0.0,-0.0075578894466161,60.0,0.5661879181861877,-0.0,-6.779983152682689e-08,0.0,283.1598205566406,287.84234619140625,290.39013671875,290.6860046386719,293.1499938964844,293.1499938964844,278.1499938964844,0.0,18000.0,313.1499938964844,0.0,18000.0,0.0,0.0,0.0,0.0,0.0,0.0,0.0,0.0,0.0,-0.0,-0.0,-0.0,6.445913975451006e-21,3.222956987725503e-21,3.2229567857771112e-21,0.0,0.0,-0.0,0.0,0.0,0.0,0.0,0.0,0.0,0.0,0.0,0.0,4.0,0.0,0.0
12346200,298.1627197265625,303.1499938964844,285.1499938964844,0.0,-0.0,287.7829895019531,0.0,0.0,9.358589886687696e-05,298.229248046875,303.1499938964844,285.1499938964844,0.0,-0.0,287.7828063964844,0.0,0.0,9.85504811978899e-05,298.307373046875,303.1499938964844,285.1499938964844,0.0,-0.0,287.7828369140625,0.0,0.0,7.278905104612932e-05,297.9542541503906,303.1499938964844,285.1499938964844,0.0,-0.0,287.7828674316406,0.0,0.0,9.855047392193228e-05,298.2275695800781,303.1499938964844,285.1499938964844,0.0,-0.0,287.7831726074219,0.0,0.0,0.000467480829684,287.6958923339844,294.1499938964844,288.0643005371094,285.8381042480469,289.1986389160156,288.283935546875,287.2684631347656,0.0,0.0,0.0,0.0,1.0,1.0,-0.0009972052648663,5.537293290558409e-09,0.0009971996769309,-0.0135592119768261,0.0,0.0,0.0,-0.0075578894466161,60.0,0.5661879181861877,-0.0,-6.779983152682689e-08,0.0,283.1598205566406,287.84234619140625,290.39013671875,290.6860046386719,293.1499938964844,293.1499938964844,278.1499938964844,0.0,18000.0,313.1499938964844,0.0,18000.0,0.0,0.0,0.0,0.0,0.0,0.0,0.0,0.0,0.0,-0.0,-0.0,-0.0,6.445913975451006e-21,3.222956987725503e-21,3.2229567857771112e-21,0.0,0.0,-0.0,0.0,0.0,0.0,0.0,0.0,0.0,0.0,0.0,0.0,4.0,0.0,0.0
12346260,298.1632080078125,303.1499938964844,285.1499938964844,0.0,-0.0,287.7782897949219,0.0,0.0,9.358716488350184e-05,298.22509765625,303.1499938964844,285.1499938964844,0.0,-0.0,287.77813720703125,0.0,0.0,9.85518199740909e-05,298.3041076660156,303.1499938964844,285.1499938964844,0.0,-0.0,287.77813720703125,0.0,0.0,7.279004057636485e-05,297.9475402832031,303.1499938964844,285.1499938964844,0.0,-0.0,287.7781982421875,0.0,0.0,9.855181269813328e-05,298.22613525390625,303.1499938964844,285.1499938964844,0.0,-0.0,287.7784729003906,0.0,0.0,0.0004674871743191,287.6907653808594,294.1499938964844,288.01043701171875,285.8163146972656,289.1780700683594,288.23406982421875,287.2694396972656,0.0,0.0,0.0,0.0,1.0,1.0,-0.0009972180705517,5.5387916475524435e-09,0.0009972124826163,-0.0135631375014781,0.0,0.0,0.0,-0.0075586317107081,60.0,0.5283178091049194,-0.0,-6.78015723565295e-08,0.0,283.1598205566406,287.84234619140625,290.39013671875,290.6860046386719,293.1499938964844,293.1499938964844,278.1499938964844,0.0,18000.0,313.1499938964844,0.0,18000.0,0.0,0.0,0.0,0.0,0.0,0.0,0.0,0.0,0.0,-0.0,-0.0,-0.0,6.445913975451006e-21,3.222956987725503e-21,3.2229567857771112e-21,0.0,0.0,-0.0,0.0,0.0,0.0,0.0,0.0,0.0,0.0,0.0,0.0,4.0,0.0,0.0
12346320,298.1632080078125,303.1499938964844,285.1499938964844,0.0,-0.0,287.7782897949219,0.0,0.0,9.358716488350184e-05,298.22509765625,303.1499938964844,285.1499938964844,0.0,-0.0,287.77813720703125,0.0,0.0,9.85518199740909e-05,298.3041076660156,303.1499938964844,285.1499938964844,0.0,-0.0,287.77813720703125,0.0,0.0,7.279004057636485e-05,297.9475402832031,303.1499938964844,285.1499938964844,0.0,-0.0,287.7781982421875,0.0,0.0,9.855181269813328e-05,298.22613525390625,303.1499938964844,285.1499938964844,0.0,-0.0,287.7784729003906,0.0,0.0,0.0004674871743191,287.6907653808594,294.1499938964844,288.01043701171875,285.8163146972656,289.1780700683594,288.23406982421875,287.2694396972656,0.0,0.0,0.0,0.0,1.0,1.0,-0.0009972180705517,5.5387916475524435e-09,0.0009972124826163,-0.0135631375014781,0.0,0.0,0.0,-0.0075586317107081,60.0,0.5283178091049194,-0.0,-6.78015723565295e-08,0.0,283.1598205566406,287.84234619140625,290.39013671875,290.6860046386719,293.1499938964844,293.1499938964844,278.1499938964844,0.0,18000.0,313.1499938964844,0.0,18000.0,0.0,0.0,0.0,0.0,0.0,0.0,0.0,0.0,0.0,-0.0,-0.0,-0.0,6.445913975451006e-21,3.222956987725503e-21,3.2229567857771112e-21,0.0,0.0,-0.0,0.0,0.0,0.0,0.0,0.0,0.0,0.0,0.0,0.0,4.0,0.0,0.0
12346380,298.1639709472656,303.1499938964844,285.1499938964844,0.0,-0.0,287.7736511230469,0.0,0.0,9.360183321405202e-05,298.2206115722656,303.1499938964844,285.1499938964844,0.0,-0.0,287.77349853515625,0.0,0.0,9.85672595561482e-05,298.30078125,303.1499938964844,285.1499938964844,0.0,-0.0,287.77349853515625,0.0,0.0,7.280144200194627e-05,297.9408264160156,303.1499938964844,285.1499938964844,0.0,-0.0,287.7735595703125,0.0,0.0,9.85672522801906e-05,298.2246398925781,303.1499938964844,285.1499938964844,0.0,-0.0,287.7738342285156,0.0,0.0,0.0004675604286603,287.6856994628906,294.1499938964844,287.9577331542969,285.7952880859375,289.15692138671875,288.18341064453125,287.2703857421875,0.0,0.0,0.0,0.0,1.0,1.0,-0.0009973734850063,5.556981097498692e-09,0.0009973680134862,-0.0136107886210083,0.0,0.0,0.0,-0.0075676487758755,60.0,0.4912129640579223,-0.0,-6.782272521377308e-08,0.0,283.1598205566406,287.84234619140625,290.39013671875,290.6860046386719,293.1499938964844,293.1499938964844,278.1499938964844,0.0,18000.0,313.1499938964844,0.0,18000.0,0.0,0.0,0.0,0.0,0.0,0.0,0.0,0.0,0.0,-0.0,-0.0,-0.0,6.445913975451006e-21,3.222956987725503e-21,3.2229567857771112e-21,0.0,0.0,-0.0,0.0,0.0,0.0,0.0,0.0,0.0,0.0,0.0,0.0,4.0,0.0,0.0
12346440,298.1639709472656,303.1499938964844,285.1499938964844,0.0,-0.0,287.7736511230469,0.0,0.0,9.360183321405202e-05,298.2206115722656,303.1499938964844,285.1499938964844,0.0,-0.0,287.77349853515625,0.0,0.0,9.85672595561482e-05,298.30078125,303.1499938964844,285.1499938964844,0.0,-0.0,287.77349853515625,0.0,0.0,7.280144200194627e-05,297.9408264160156,303.1499938964844,285.1499938964844,0.0,-0.0,287.7735595703125,0.0,0.0,9.85672522801906e-05,298.2246398925781,303.1499938964844,285.1499938964844,0.0,-0.0,287.7738342285156,0.0,0.0,0.0004675604286603,287.6856994628906,294.1499938964844,287.9577331542969,285.7952880859375,289.15692138671875,288.18341064453125,287.2703857421875,0.0,0.0,0.0,0.0,1.0,1.0,-0.0009973734850063,5.556981097498692e-09,0.0009973680134862,-0.0136107886210083,0.0,0.0,0.0,-0.0075676487758755,60.0,0.4912129640579223,-0.0,-6.782272521377308e-08,0.0,283.1598205566406,287.84234619140625,290.39013671875,290.6860046386719,293.1499938964844,293.1499938964844,278.1499938964844,0.0,18000.0,313.1499938964844,0.0,18000.0,0.0,0.0,0.0,0.0,0.0,0.0,0.0,0.0,0.0,-0.0,-0.0,-0.0,6.445913975451006e-21,3.222956987725503e-21,3.2229567857771112e-21,0.0,0.0,-0.0,0.0,0.0,0.0,0.0,0.0,0.0,0.0,0.0,0.0,4.0,0.0,0.0
12346500,298.1644592285156,303.1499938964844,285.1499938964844,0.0,-0.0,287.7713317871094,0.0,0.0,9.361404954688624e-05,298.2182312011719,303.1499938964844,285.1499938964844,0.0,-0.0,287.77117919921875,0.0,0.0,9.858013072516768e-05,298.299072265625,303.1499938964844,285.1499938964844,0.0,-0.0,287.7712097167969,0.0,0.0,7.28109444025904e-05,297.9375,303.1499938964844,285.1499938964844,0.0,-0.0,287.771240234375,0.0,0.0,9.858012344921008e-05,298.2238464355469,303.1499938964844,285.1499938964844,0.0,-0.0,287.7715148925781,0.0,0.0,0.0004676214593928,287.68316650390625,294.1499938964844,287.93194580078125,285.78515625,289.1461181640625,288.15789794921875,287.2708435058594,0.0,0.0,0.0,0.0,1.0,1.0,-0.0009975034045055,5.5721622871374166e-09,0.0009974978165701,-0.0136505598202347,0.0,0.0,0.0,-0.007575174793601,60.0,0.4730248153209686,-0.0,-6.784038220075672e-08,0.0,283.1598205566406,287.84234619140625,290.39013671875,290.6860046386719,293.1499938964844,293.1499938964844,278.1499938964844,0.0,18000.0,313.1499938964844,0.0,18000.0,0.0,0.0,0.0,0.0,0.0,0.0,0.0,0.0,0.0,-0.0,-0.0,-0.0,6.445913975451006e-21,3.222956987725503e-21,3.2229567857771112e-21,0.0,0.0,-0.0,0.0,0.0,0.0,0.0,0.0,0.0,0.0,0.0,0.0,4.0,0.0,0.0
12346560,298.1650085449219,303.1499938964844,285.1499938964844,0.0,-0.0,287.76904296875,0.0,0.0,9.362917626276612e-05,298.2157897949219,303.1499938964844,285.1499938964844,0.0,-0.0,287.7688903808594,0.0,0.0,9.859606507234275e-05,298.29736328125,303.1499938964844,285.1499938964844,0.0,-0.0,287.7688903808594,0.0,0.0,7.282271690201014e-05,297.93414306640625,303.1499938964844,285.1499938964844,0.0,-0.0,287.7689208984375,0.0,0.0,9.859605052042753e-05,298.2230834960937,303.1499938964844,285.1499938964844,0.0,-0.0,287.76922607421875,0.0,0.0,0.0004676970420405,287.6806640625,294.1499938964844,287.9065856933594,285.7752380371094,289.1351623535156,288.1322937011719,287.27130126953125,0.0,0.0,0.0,0.0,1.0,1.0,-0.0009976641740649,5.590973017888245e-09,0.0009976585861295,-0.0136998388916254,0.0,0.0,0.0,-0.0075844996608793,60.0,0.4550886750221252,-0.0,-6.786226691701813e-08,0.0,283.1598205566406,287.84234619140625,290.39013671875,290.6860046386719,293.1499938964844,293.1499938964844,278.1499938964844,0.0,18000.0,313.1499938964844,0.0,18000.0,0.0,0.0,0.0,0.0,0.0,0.0,0.0,0.0,0.0,-0.0,-0.0,-0.0,6.445913975451006e-21,3.222956987725503e-21,3.2229567857771112e-21,0.0,0.0,-0.0,0.0,0.0,0.0,0.0,0.0,0.0,0.0,0.0,0.0,4.0,0.0,0.0
12346620,298.1662292480469,303.1499938964844,285.1499938964844,0.0,-0.0,287.76446533203125,0.0,0.0,9.366821905132384e-05,298.2106628417969,303.1499938964844,285.1499938964844,0.0,-0.0,287.7643127441406,0.0,0.0,9.863717423286288e-05,298.2938842773437,303.1499938964844,285.1499938964844,0.0,-0.0,287.7643127441406,0.0,0.0,7.285307947313413e-05,297.9275207519531,303.1499938964844,285.1499938964844,0.0,-0.0,287.76434326171875,0.0,0.0,9.863716695690528e-05,298.2214660644531,303.1499938964844,285.1499938964844,0.0,-0.0,287.7646484375,0.0,0.0,0.0004678920377045,287.6756896972656,294.1499938964844,287.8572998046875,285.75634765625,289.11297607421875,288.0809936523437,287.27215576171875,0.0,0.0,0.0,0.0,1.0,1.0,-0.0009980795439332,5.639535061163769e-09,0.0009980738395825,-0.0138270584866404,0.0,0.0,0.0,-0.0076085738837718,60.0,0.4201154410839081,-0.0,-6.791878348622049e-08,0.0,283.1598205566406,287.84234619140625,290.39013671875,290.6860046386719,293.1499938964844,293.1499938964844,278.1499938964844,0.0,18000.0,313.1499938964844,0.0,18000.0,0.0,0.0,0.0,0.0,0.0,0.0,0.0,0.0,0.0,-0.0,-0.0,-0.0,6.445913975451006e-21,3.222956987725503e-21,3.2229567857771112e-21,0.0,0.0,-0.0,0.0,0.0,0.0,0.0,0.0,0.0,0.0,0.0,0.0,4.0,0.0,0.0
12346680,298.1662292480469,303.1499938964844,285.1499938964844,0.0,-0.0,287.76446533203125,0.0,0.0,9.366821905132384e-05,298.2106628417969,303.1499938964844,285.1499938964844,0.0,-0.0,287.7643127441406,0.0,0.0,9.863717423286288e-05,298.2938842773437,303.1499938964844,285.1499938964844,0.0,-0.0,287.7643127441406,0.0,0.0,7.285307947313413e-05,297.9275207519531,303.1499938964844,285.1499938964844,0.0,-0.0,287.76434326171875,0.0,0.0,9.863716695690528e-05,298.2214660644531,303.1499938964844,285.1499938964844,0.0,-0.0,287.7646484375,0.0,0.0,0.0004678920377045,287.6756896972656,294.1499938964844,287.8572998046875,285.75634765625,289.11297607421875,288.0809936523437,287.27215576171875,0.0,0.0,0.0,0.0,1.0,1.0,-0.0009980795439332,5.639535061163769e-09,0.0009980738395825,-0.0138270584866404,0.0,0.0,0.0,-0.0076085738837718,60.0,0.4201154410839081,-0.0,-6.791878348622049e-08,0.0,283.1598205566406,287.84234619140625,290.39013671875,290.6860046386719,293.1499938964844,293.1499938964844,278.1499938964844,0.0,18000.0,313.1499938964844,0.0,18000.0,0.0,0.0,0.0,0.0,0.0,0.0,0.0,0.0,0.0,-0.0,-0.0,-0.0,6.445913975451006e-21,3.222956987725503e-21,3.2229567857771112e-21,0.0,0.0,-0.0,0.0,0.0,0.0,0.0,0.0,0.0,0.0,0.0,0.0,4.0,0.0,0.0
12346740,298.1676330566406,303.1499938964844,285.1499938964844,0.0,-0.0,287.7599182128906,0.0,0.0,9.371633495902644e-05,298.2053527832031,303.1499938964844,285.1499938964844,0.0,-0.0,287.759765625,0.0,0.0,9.868783672573044e-05,298.29034423828125,303.1499938964844,285.1499938964844,0.0,-0.0,287.759765625,0.0,0.0,7.289049972314388e-05,297.9209289550781,303.1499938964844,285.1499938964844,0.0,-0.0,287.7597961425781,0.0,0.0,9.868782944977283e-05,298.2198486328125,303.1499938964844,285.1499938964844,0.0,-0.0,287.76007080078125,0.0,0.0,0.0004681323771364,287.6707763671875,294.1499938964844,287.810302734375,285.7387390136719,289.09033203125,288.0298767089844,287.27301025390625,0.0,0.0,0.0,0.0,1.0,1.0,-0.0009985914221033,5.699400951186817e-09,0.0009985857177525,-0.0139838904142379,0.0,0.0,0.0,-0.0076382518745958,60.0,0.3866172730922699,-0.0,-6.79884806231712e-08,0.0,283.1598205566406,287.84234619140625,290.39013671875,290.6860046386719,293.1499938964844,293.1499938964844,278.1499938964844,0.0,18000.0,313.1499938964844,0.0,18000.0,0.0,0.0,0.0,0.0,0.0,0.0,0.0,0.0,0.0,-0.0,-0.0,-0.0,6.445913975451006e-21,3.222956987725503e-21,3.2229567857771112e-21,0.0,0.0,-0.0,0.0,0.0,0.0,0.0,0.0,0.0,0.0,0.0,0.0,4.0,0.0,0.0
12346800,298.1676330566406,303.1499938964844,285.1499938964844,0.0,-0.0,287.7599182128906,0.0,0.0,9.371633495902644e-05,298.2053527832031,303.1499938964844,285.1499938964844,0.0,-0.0,287.759765625,0.0,0.0,9.868783672573044e-05,298.29034423828125,303.1499938964844,285.1499938964844,0.0,-0.0,287.759765625,0.0,0.0,7.289049972314388e-05,297.9209289550781,303.1499938964844,285.1499938964844,0.0,-0.0,287.7597961425781,0.0,0.0,9.868782944977283e-05,298.2198486328125,303.1499938964844,285.1499938964844,0.0,-0.0,287.76007080078125,0.0,0.0,0.0004681323771364,287.6707763671875,294.1499938964844,287.810302734375,285.7387390136719,289.09033203125,288.0298767089844,287.27301025390625,0.0,0.0,0.0,0.0,1.0,1.0,-0.0009985914221033,5.699400951186817e-09,0.0009985857177525,-0.0139838904142379,0.0,0.0,0.0,-0.0076382518745958,60.0,0.3866172730922699,-0.0,-6.79884806231712e-08,0.0,283.1598205566406,287.84234619140625,290.39013671875,290.6860046386719,293.1499938964844,293.1499938964844,278.1499938964844,0.0,18000.0,313.1499938964844,0.0,18000.0,0.0,0.0,0.0,0.0,0.0,0.0,0.0,0.0,0.0,-0.0,-0.0,-0.0,6.445913975451006e-21,3.222956987725503e-21,3.2229567857771112e-21,0.0,0.0,-0.0,0.0,0.0,0.0,0.0,0.0,0.0,0.0,0.0,0.0,4.0,0.0,0.0
12346860,298.1692199707031,303.1499938964844,285.1499938964844,0.0,-0.0,287.75537109375,0.0,0.0,9.377262904308736e-05,298.1998596191406,303.1499938964844,285.1499938964844,0.0,-0.0,287.7552490234375,0.0,0.0,9.874712122837082e-05,298.28680419921875,303.1499938964844,285.1499938964844,0.0,-0.0,287.7552490234375,0.0,0.0,7.293428643606603e-05,297.9144897460937,303.1499938964844,285.1499938964844,0.0,-0.0,287.7552795410156,0.0,0.0,9.87471139524132e-05,298.2181701660156,303.1499938964844,285.1499938964844,0.0,-0.0,287.75555419921875,0.0,0.0,0.0004684136074502,287.6659240722656,294.1499938964844,287.7659912109375,285.7225952148437,289.06719970703125,287.9794006347656,287.2738037109375,0.0,0.0,0.0,0.0,1.0,1.0,-0.0009991906117647,5.769464017646442e-09,0.0009991847909986,-0.0141674345359206,0.0,0.0,0.0,-0.0076729850843548,60.0,0.3550024032592773,-0.0,-6.80700935618006e-08,0.0,283.1598205566406,287.84234619140625,290.39013671875,290.6860046386719,293.1499938964844,293.1499938964844,278.1499938964844,0.0,18000.0,313.1499938964844,0.0,18000.0,0.0,0.0,0.0,0.0,0.0,0.0,0.0,0.0,0.0,-0.0,-0.0,-0.0,6.445913975451006e-21,3.222956987725503e-21,3.2229567857771112e-21,0.0,0.0,-0.0,0.0,0.0,0.0,0.0,0.0,0.0,0.0,0.0,0.0,4.0,0.0,0.0
12346920,298.1692199707031,303.1499938964844,285.1499938964844,0.0,-0.0,287.75537109375,0.0,0.0,9.377262904308736e-05,298.1998596191406,303.1499938964844,285.1499938964844,0.0,-0.0,287.7552490234375,0.0,0.0,9.874712122837082e-05,298.28680419921875,303.1499938964844,285.1499938964844,0.0,-0.0,287.7552490234375,0.0,0.0,7.293428643606603e-05,297.9144897460937,303.1499938964844,285.1499938964844,0.0,-0.0,287.7552795410156,0.0,0.0,9.87471139524132e-05,298.2181701660156,303.1499938964844,285.1499938964844,0.0,-0.0,287.75555419921875,0.0,0.0,0.0004684136074502,287.6659240722656,294.1499938964844,287.7659912109375,285.7225952148437,289.06719970703125,287.9794006347656,287.2738037109375,0.0,0.0,0.0,0.0,1.0,1.0,-0.0009991906117647,5.769464017646442e-09,0.0009991847909986,-0.0141674345359206,0.0,0.0,0.0,-0.0076729850843548,60.0,0.3550024032592773,-0.0,-6.80700935618006e-08,0.0,283.1598205566406,287.84234619140625,290.39013671875,290.6860046386719,293.1499938964844,293.1499938964844,278.1499938964844,0.0,18000.0,313.1499938964844,0.0,18000.0,0.0,0.0,0.0,0.0,0.0,0.0,0.0,0.0,0.0,-0.0,-0.0,-0.0,6.445913975451006e-21,3.222956987725503e-21,3.2229567857771112e-21,0.0,0.0,-0.0,0.0,0.0,0.0,0.0,0.0,0.0,0.0,0.0,0.0,4.0,0.0,0.0
12346980,298.1709289550781,303.1499938964844,285.1499938964844,0.0,-0.0,287.7508850097656,0.0,0.0,9.383377619087696e-05,298.1942749023437,303.1499938964844,285.1499938964844,0.0,-0.0,287.750732421875,0.0,0.0,9.881151345325634e-05,298.283203125,303.1499938964844,285.1499938964844,0.0,-0.0,287.7507629394531,0.0,0.0,7.298184209503233e-05,297.9081420898437,303.1499938964844,285.1499938964844,0.0,-0.0,287.75079345703125,0.0,0.0,9.881150617729872e-05,298.2164611816406,303.1499938964844,285.1499938964844,0.0,-0.0,287.7510681152344,0.0,0.0,0.0004687190521508,287.6611022949219,294.1499938964844,287.7247314453125,285.7081298828125,289.04376220703125,287.9299011230469,287.27459716796875,0.0,0.0,0.0,0.0,1.0,1.0,-0.0009998414898291,5.845572470519755e-09,0.000999835669063,-0.0143668139353394,0.0,0.0,0.0,-0.0077107152901589,60.0,0.3251299858093261,-0.0,-6.815880482236025e-08,0.0,283.1598205566406,287.84234619140625,290.39013671875,290.6860046386719,293.1499938964844,293.1499938964844,278.1499938964844,0.0,18000.0,313.1499938964844,0.0,18000.0,0.0,0.0,0.0,0.0,0.0,0.0,0.0,0.0,0.0,-0.0,-0.0,-0.0,6.445913975451006e-21,3.222956987725503e-21,3.2229567857771112e-21,0.0,0.0,-0.0,0.0,0.0,0.0,0.0,0.0,0.0,0.0,0.0,0.0,4.0,0.0,0.0
12347040,298.1709289550781,303.1499938964844,285.1499938964844,0.0,-0.0,287.7508850097656,0.0,0.0,9.383377619087696e-05,298.1942749023437,303.1499938964844,285.1499938964844,0.0,-0.0,287.750732421875,0.0,0.0,9.881151345325634e-05,298.283203125,303.1499938964844,285.1499938964844,0.0,-0.0,287.7507629394531,0.0,0.0,7.298184209503233e-05,297.9081420898437,303.1499938964844,285.1499938964844,0.0,-0.0,287.75079345703125,0.0,0.0,9.881150617729872e-05,298.2164611816406,303.1499938964844,285.1499938964844,0.0,-0.0,287.7510681152344,0.0,0.0,0.0004687190521508,287.6611022949219,294.1499938964844,287.7247314453125,285.7081298828125,289.04376220703125,287.9299011230469,287.27459716796875,0.0,0.0,0.0,0.0,1.0,1.0,-0.0009998414898291,5.845572470519755e-09,0.000999835669063,-0.0143668139353394,0.0,0.0,0.0,-0.0077107152901589,60.0,0.3251299858093261,-0.0,-6.815880482236025e-08,0.0,283.1598205566406,287.84234619140625,290.39013671875,290.6860046386719,293.1499938964844,293.1499938964844,278.1499938964844,0.0,18000.0,313.1499938964844,0.0,18000.0,0.0,0.0,0.0,0.0,0.0,0.0,0.0,0.0,0.0,-0.0,-0.0,-0.0,6.445913975451006e-21,3.222956987725503e-21,3.2229567857771112e-21,0.0,0.0,-0.0,0.0,0.0,0.0,0.0,0.0,0.0,0.0,0.0,0.0,4.0,0.0,0.0
12347100,298.1718139648437,303.1499938964844,285.1499938964844,0.0,-0.0,287.7486572265625,0.0,0.0,9.38654484343715e-05,298.1914367675781,303.1499938964844,285.1499938964844,0.0,-0.0,287.7485046386719,0.0,0.0,9.884486644295976e-05,298.2814025878906,303.1499938964844,285.1499938964844,0.0,-0.0,287.74853515625,0.0,0.0,7.300647848751396e-05,297.905029296875,303.1499938964844,285.1499938964844,0.0,-0.0,287.7485656738281,0.0,0.0,9.884485189104451e-05,298.2156066894531,303.1499938964844,285.1499938964844,0.0,-0.0,287.74884033203125,0.0,0.0,0.0004688772605732,287.6587219238281,294.1499938964844,287.7053527832031,285.7015380859375,289.03192138671875,287.9056396484375,287.27496337890625,0.0,0.0,0.0,0.0,1.0,1.0,-0.0010001786286011,5.884993381499726e-09,0.0010001726914197,-0.0144700845703482,0.0,0.0,0.0,-0.0077302581630647,60.0,0.3109845817089081,-0.0,-6.820477693736393e-08,0.0,283.1598205566406,287.84234619140625,290.39013671875,290.6860046386719,293.1499938964844,293.1499938964844,278.1499938964844,0.0,18000.0,313.1499938964844,0.0,18000.0,0.0,0.0,0.0,0.0,0.0,0.0,0.0,0.0,0.0,-0.0,-0.0,-0.0,6.445913975451006e-21,3.222956987725503e-21,3.2229567857771112e-21,0.0,0.0,-0.0,0.0,0.0,0.0,0.0,0.0,0.0,0.0,0.0,0.0,4.0,0.0,0.0
12347160,298.1727294921875,303.1499938964844,285.1499938964844,0.0,-0.0,287.7464294433594,0.0,0.0,9.389727347297594e-05,298.1886291503906,303.1499938964844,285.1499938964844,0.0,-0.0,287.74627685546875,0.0,0.0,9.887837950373068e-05,298.27960205078125,303.1499938964844,285.1499938964844,0.0,-0.0,287.7463073730469,0.0,0.0,7.303123129531741e-05,297.9019470214844,303.1499938964844,285.1499938964844,0.0,-0.0,287.746337890625,0.0,0.0,9.887837222777308e-05,298.2147216796875,303.1499938964844,285.1499938964844,0.0,-0.0,287.7466125488281,0.0,0.0,0.0004690362256951,287.6563415527344,294.1499938964844,287.6868896484375,285.6954650878906,289.02001953125,287.8818359375,287.2753295898437,0.0,0.0,0.0,0.0,1.0,1.0,-0.0010005173971876,5.92460969173203e-09,0.0010005114600062,-0.0145738646388053,0.0,0.0,0.0,-0.0077498978935182,60.0,0.2974920272827148,-0.0,-6.825099063689778e-08,0.0,283.1598205566406,287.84234619140625,290.39013671875,290.6860046386719,293.1499938964844,293.1499938964844,278.1499938964844,0.0,18000.0,313.1499938964844,0.0,18000.0,0.0,0.0,0.0,0.0,0.0,0.0,0.0,0.0,0.0,-0.0,-0.0,-0.0,6.445913975451006e-21,3.222956987725503e-21,3.2229567857771112e-21,0.0,0.0,-0.0,0.0,0.0,0.0,0.0,0.0,0.0,0.0,0.0,0.0,4.0,0.0,0.0
12347220,298.1741027832031,303.1499938964844,285.1499938964844,0.0,-0.0,287.7430725097656,0.0,0.0,9.394509834237395e-05,298.184326171875,303.1499938964844,285.1499938964844,0.0,-0.0,287.742919921875,0.0,0.0,9.892873640637843e-05,298.27685546875,303.1499938964844,285.1499938964844,0.0,-0.0,287.742919921875,0.0,0.0,7.306842599064112e-05,297.8974304199219,303.1499938964844,285.1499938964844,0.0,-0.0,287.74298095703125,0.0,0.0,9.892872913042083e-05,298.21337890625,303.1499938964844,285.1499938964844,0.0,-0.0,287.74322509765625,0.0,0.0,0.0004692751099355,287.6527709960937,294.1499938964844,287.66064453125,285.68719482421875,289.0018310546875,287.8467102050781,287.27587890625,0.0,0.0,0.0,0.0,1.0,1.0,-0.0010010264813899,5.984136297598752e-09,0.0010010205442085,-0.0147298034280538,0.0,0.0,0.0,-0.0077794077806174,60.0,0.2782053053379059,-0.0,-6.832046750560039e-08,0.0,283.1598205566406,287.84234619140625,290.39013671875,290.6860046386719,293.1499938964844,293.1499938964844,278.1499938964844,0.0,18000.0,313.1499938964844,0.0,18000.0,0.0,0.0,0.0,0.0,0.0,0.0,0.0,0.0,0.0,-0.0,-0.0,-0.0,6.445913975451006e-21,3.222956987725503e-21,3.2229567857771112e-21,0.0,0.0,-0.0,0.0,0.0,0.0,0.0,0.0,0.0,0.0,0.0,0.0,4.0,0.0,0.0
12347280,298.174560546875,303.1499938964844,285.1499938964844,0.0,-0.0,287.74200439453125,0.0,0.0,9.395989764016122e-05,298.1829833984375,303.1499938964844,285.1499938964844,0.0,-0.0,287.7418518066406,0.0,0.0,9.894432150758804e-05,298.2760009765625,303.1499938964844,285.1499938964844,0.0,-0.0,287.74188232421875,0.0,0.0,7.307993655558676e-05,297.89599609375,303.1499938964844,285.1499938964844,0.0,-0.0,287.7419128417969,0.0,0.0,9.89443142316304e-05,298.21295166015625,303.1499938964844,285.1499938964844,0.0,-0.0,287.7421875,0.0,0.0,0.0004693490336649,287.6516418457031,294.1499938964844,287.6528625488281,285.684814453125,288.9960632324219,287.8358764648437,287.2760314941406,0.0,0.0,0.0,0.0,1.0,1.0,-0.0010011839913204,6.0025575621125435e-09,0.001001178054139,-0.0147780589759349,0.0,0.0,0.0,-0.0077885398641228,60.0,0.2723764479160309,-0.0,-6.834196852878449e-08,0.0,283.1598205566406,287.84234619140625,290.39013671875,290.6860046386719,293.1499938964844,293.1499938964844,278.1499938964844,0.0,18000.0,313.1499938964844,0.0,18000.0,0.0,0.0,0.0,0.0,0.0,0.0,0.0,0.0,0.0,-0.0,-0.0,-0.0,6.445913975451006e-21,3.222956987725503e-21,3.2229567857771112e-21,0.0,0.0,-0.0,0.0,0.0,0.0,0.0,0.0,0.0,0.0,0.0,0.0,4.0,0.0,0.0
12347340,298.1763610839844,303.1499938964844,285.1499938964844,0.0,-0.0,287.73760986328125,0.0,0.0,9.401819261256604e-05,298.1773986816406,303.1499938964844,285.1499938964844,0.0,-0.0,287.7374572753906,0.0,0.0,9.90057087619789e-05,298.2723999023437,303.1499938964844,285.1499938964844,0.0,-0.0,287.73748779296875,0.0,0.0,7.312528032343835e-05,297.8903503417969,303.1499938964844,285.1499938964844,0.0,-0.0,287.7375183105469,0.0,0.0,9.900570148602128e-05,298.2111511230469,303.1499938964844,285.1499938964844,0.0,-0.0,287.73779296875,0.0,0.0,0.0004696402465924,287.64697265625,294.1499938964844,287.6230163574219,285.6763610839844,288.9719543457031,287.792724609375,287.2767028808594,0.0,0.0,0.0,0.0,1.0,1.0,-0.0010018044849857,6.0751110808610065e-09,0.001001798431389,-0.0149681214243173,0.0,0.0,0.0,-0.0078245075419545,60.0,0.2501623928546905,-0.0,-6.842670785545124e-08,0.0,283.1598205566406,287.84234619140625,290.39013671875,290.6860046386719,293.1499938964844,293.1499938964844,278.1499938964844,0.0,18000.0,313.1499938964844,0.0,18000.0,0.0,0.0,0.0,0.0,0.0,0.0,0.0,0.0,0.0,-0.0,-0.0,-0.0,6.445913975451006e-21,3.222956987725503e-21,3.2229567857771112e-21,0.0,0.0,-0.0,0.0,0.0,0.0,0.0,0.0,0.0,0.0,0.0,0.0,4.0,0.0,0.0
12347400,298.1763610839844,303.1499938964844,285.1499938964844,0.0,-0.0,287.73760986328125,0.0,0.0,9.401819261256604e-05,298.1773986816406,303.1499938964844,285.1499938964844,0.0,-0.0,287.7374572753906,0.0,0.0,9.90057087619789e-05,298.2723999023437,303.1499938964844,285.1499938964844,0.0,-0.0,287.73748779296875,0.0,0.0,7.312528032343835e-05,297.8903503417969,303.1499938964844,285.1499938964844,0.0,-0.0,287.7375183105469,0.0,0.0,9.900570148602128e-05,298.2111511230469,303.1499938964844,285.1499938964844,0.0,-0.0,287.73779296875,0.0,0.0,0.0004696402465924,287.64697265625,294.1499938964844,287.6230163574219,285.6763610839844,288.9719543457031,287.792724609375,287.2767028808594,0.0,0.0,0.0,0.0,1.0,1.0,-0.0010018044849857,6.0751110808610065e-09,0.001001798431389,-0.0149681214243173,0.0,0.0,0.0,-0.0078245075419545,60.0,0.2501623928546905,-0.0,-6.842670785545124e-08,0.0,283.1598205566406,287.84234619140625,290.39013671875,290.6860046386719,293.1499938964844,293.1499938964844,278.1499938964844,0.0,18000.0,313.1499938964844,0.0,18000.0,0.0,0.0,0.0,0.0,0.0,0.0,0.0,0.0,0.0,-0.0,-0.0,-0.0,6.445913975451006e-21,3.222956987725503e-21,3.2229567857771112e-21,0.0,0.0,-0.0,0.0,0.0,0.0,0.0,0.0,0.0,0.0,0.0,0.0,4.0,0.0,0.0
12347460,298.1780700683594,303.1499938964844,285.1499938964844,0.0,-0.0,287.7332458496094,0.0,0.0,9.406985191162676e-05,298.171875,303.1499938964844,285.1499938964844,0.0,-0.0,287.7331237792969,0.0,0.0,9.906011109706014e-05,298.268798828125,303.1499938964844,285.1499938964844,0.0,-0.0,287.7331237792969,0.0,0.0,7.316545816138387e-05,297.885009765625,303.1499938964844,285.1499938964844,0.0,-0.0,287.733154296875,0.0,0.0,9.906009654514492e-05,298.2093505859375,303.1499938964844,285.1499938964844,0.0,-0.0,287.7333984375,0.0,0.0,0.0004698982811532,287.6423645019531,294.1499938964844,287.5977478027344,285.6702880859375,288.9477844238281,287.75250244140625,287.2773742675781,0.0,0.0,0.0,0.0,1.0,1.0,-0.0010023543145507,6.139402319860211e-09,0.001002348260954,-0.0151365371420979,0.0,0.0,0.0,-0.0078563801944255,60.0,0.2306763380765915,-0.0,-6.850183353890317e-08,0.0,283.1598205566406,287.84234619140625,290.39013671875,290.6860046386719,293.1499938964844,293.1499938964844,278.1499938964844,0.0,18000.0,313.1499938964844,0.0,18000.0,0.0,0.0,0.0,0.0,0.0,0.0,0.0,0.0,0.0,-0.0,-0.0,-0.0,6.445913975451006e-21,3.222956987725503e-21,3.2229567857771112e-21,0.0,0.0,-0.0,0.0,0.0,0.0,0.0,0.0,0.0,0.0,0.0,0.0,4.0,0.0,0.0
12347520,298.1780700683594,303.1499938964844,285.1499938964844,0.0,-0.0,287.7332458496094,0.0,0.0,9.406985191162676e-05,298.171875,303.1499938964844,285.1499938964844,0.0,-0.0,287.7331237792969,0.0,0.0,9.906011109706014e-05,298.268798828125,303.1499938964844,285.1499938964844,0.0,-0.0,287.7331237792969,0.0,0.0,7.316545816138387e-05,297.885009765625,303.1499938964844,285.1499938964844,0.0,-0.0,287.733154296875,0.0,0.0,9.906009654514492e-05,298.2093505859375,303.1499938964844,285.1499938964844,0.0,-0.0,287.7333984375,0.0,0.0,0.0004698982811532,287.6423645019531,294.1499938964844,287.5977478027344,285.6702880859375,288.9477844238281,287.75250244140625,287.2773742675781,0.0,0.0,0.0,0.0,1.0,1.0,-0.0010023543145507,6.139402319860211e-09,0.001002348260954,-0.0151365371420979,0.0,0.0,0.0,-0.0078563801944255,60.0,0.2306763380765915,-0.0,-6.850183353890317e-08,0.0,283.1598205566406,287.84234619140625,290.39013671875,290.6860046386719,293.1499938964844,293.1499938964844,278.1499938964844,0.0,18000.0,313.1499938964844,0.0,18000.0,0.0,0.0,0.0,0.0,0.0,0.0,0.0,0.0,0.0,-0.0,-0.0,-0.0,6.445913975451006e-21,3.222956987725503e-21,3.2229567857771112e-21,0.0,0.0,-0.0,0.0,0.0,0.0,0.0,0.0,0.0,0.0,0.0,0.0,4.0,0.0,0.0
12347580,298.1795654296875,303.1499938964844,285.1499938964844,0.0,-0.0,287.7289123535156,0.0,0.0,9.41105099627748e-05,298.1664733886719,303.1499938964844,285.1499938964844,0.0,-0.0,287.7287902832031,0.0,0.0,9.9102922831662e-05,298.2652587890625,303.1499938964844,285.1499938964844,0.0,-0.0,287.7287902832031,0.0,0.0,7.319707947317511e-05,297.8800354003906,303.1499938964844,285.1499938964844,0.0,-0.0,287.72882080078125,0.0,0.0,9.91029155557044e-05,298.2075500488281,303.1499938964844,285.1499938964844,0.0,-0.0,287.7290954589844,0.0,0.0,0.000470101396786,287.6378173828125,294.1499938964844,287.5774230957031,285.666748046875,288.9236145019531,287.716064453125,287.2779846191406,0.0,0.0,0.0,0.0,1.0,1.0,-0.0010027870303019,6.189990298111071e-09,0.0010027808602899,-0.0152690559625625,0.0,0.0,0.0,-0.0078814588487148,60.0,0.214598923921585,-0.0,-6.856097911622784e-08,0.0,283.1598205566406,287.84234619140625,290.39013671875,290.6860046386719,293.1499938964844,293.1499938964844,278.1499938964844,0.0,18000.0,313.1499938964844,0.0,18000.0,0.0,0.0,0.0,0.0,0.0,0.0,0.0,0.0,0.0,-0.0,-0.0,-0.0,6.445913975451006e-21,3.222956987725503e-21,3.2229567857771112e-21,0.0,0.0,-0.0,0.0,0.0,0.0,0.0,0.0,0.0,0.0,0.0,0.0,4.0,0.0,0.0
12347640,298.1795654296875,303.1499938964844,285.1499938964844,0.0,-0.0,287.7289123535156,0.0,0.0,9.41105099627748e-05,298.1664733886719,303.1499938964844,285.1499938964844,0.0,-0.0,287.7287902832031,0.0,0.0,9.9102922831662e-05,298.2652587890625,303.1499938964844,285.1499938964844,0.0,-0.0,287.7287902832031,0.0,0.0,7.319707947317511e-05,297.8800354003906,303.1499938964844,285.1499938964844,0.0,-0.0,287.72882080078125,0.0,0.0,9.91029155557044e-05,298.2075500488281,303.1499938964844,285.1499938964844,0.0,-0.0,287.7290954589844,0.0,0.0,0.000470101396786,287.6378173828125,294.1499938964844,287.5774230957031,285.666748046875,288.9236145019531,287.716064453125,287.2779846191406,0.0,0.0,0.0,0.0,1.0,1.0,-0.0010027870303019,6.189990298111071e-09,0.0010027808602899,-0.0152690559625625,0.0,0.0,0.0,-0.0078814588487148,60.0,0.214598923921585,-0.0,-6.856097911622784e-08,0.0,283.1598205566406,287.84234619140625,290.39013671875,290.6860046386719,293.1499938964844,293.1499938964844,278.1499938964844,0.0,18000.0,313.1499938964844,0.0,18000.0,0.0,0.0,0.0,0.0,0.0,0.0,0.0,0.0,0.0,-0.0,-0.0,-0.0,6.445913975451006e-21,3.222956987725503e-21,3.2229567857771112e-21,0.0,0.0,-0.0,0.0,0.0,0.0,0.0,0.0,0.0,0.0,0.0,0.0,4.0,0.0,0.0
12347700,298.18023681640625,303.1499938964844,285.1499938964844,0.0,-0.0,287.7267761230469,0.0,0.0,9.412674262421206e-05,298.1638488769531,303.1499938964844,285.1499938964844,0.0,-0.0,287.72662353515625,0.0,0.0,9.912002133205532e-05,298.26348876953125,303.1499938964844,285.1499938964844,0.0,-0.0,287.72662353515625,0.0,0.0,7.320971053559333e-05,297.877685546875,303.1499938964844,285.1499938964844,0.0,-0.0,287.7266845703125,0.0,0.0,9.912001405609772e-05,298.2066345214844,303.1499938964844,285.1499938964844,0.0,-0.0,287.7269287109375,0.0,0.0,0.0004701824800577,287.63555908203125,294.1499938964844,287.5692443847656,285.6659851074219,288.9115905761719,287.6992492675781,287.2782897949219,0.0,0.0,0.0,0.0,1.0,1.0,-0.0010029596742242,6.210177705412434e-09,0.0010029535042122,-0.0153219392523169,0.0,0.0,0.0,-0.0078914668411016,60.0,0.2077587395906448,-0.0,-6.858459045133716e-08,0.0,283.1598205566406,287.84234619140625,290.39013671875,290.6860046386719,293.1499938964844,293.1499938964844,278.1499938964844,0.0,18000.0,313.1499938964844,0.0,18000.0,0.0,0.0,0.0,0.0,0.0,0.0,0.0,0.0,0.0,-0.0,-0.0,-0.0,6.445913975451006e-21,3.222956987725503e-21,3.2229567857771112e-21,0.0,0.0,-0.0,0.0,0.0,0.0,0.0,0.0,0.0,0.0,0.0,0.0,4.0,0.0,0.0
12347760,298.1807861328125,303.1499938964844,285.1499938964844,0.0,-0.0,287.724609375,0.0,0.0,9.413899533683434e-05,298.1612548828125,303.1499938964844,285.1499938964844,0.0,-0.0,287.7244873046875,0.0,0.0,9.913292160490528e-05,298.2617492675781,303.1499938964844,285.1499938964844,0.0,-0.0,287.7244873046875,0.0,0.0,7.32192347641103e-05,297.8754577636719,303.1499938964844,285.1499938964844,0.0,-0.0,287.7245178222656,0.0,0.0,9.913290705299004e-05,298.20574951171875,303.1499938964844,285.1499938964844,0.0,-0.0,287.72479248046875,0.0,0.0,0.0004702436854131,287.6333312988281,294.1499938964844,287.5624389648437,285.6659545898437,288.89959716796875,287.6835327148437,287.278564453125,0.0,0.0,0.0,0.0,1.0,1.0,-0.0010030899429693,6.2254033039721435e-09,0.0010030837729573,-0.0153618231415748,0.0,0.0,0.0,-0.0078990152105689,60.0,0.2018388211727142,-0.0,-6.860240375772264e-08,0.0,283.1598205566406,287.84234619140625,290.39013671875,290.6860046386719,293.1499938964844,293.1499938964844,278.1499938964844,0.0,18000.0,313.1499938964844,0.0,18000.0,0.0,0.0,0.0,0.0,0.0,0.0,0.0,0.0,0.0,-0.0,-0.0,-0.0,6.445913975451006e-21,3.222956987725503e-21,3.2229567857771112e-21,0.0,0.0,-0.0,0.0,0.0,0.0,0.0,0.0,0.0,0.0,0.0,0.0,4.0,0.0,0.0
12347820,298.1816101074219,303.1499938964844,285.1499938964844,0.0,-0.0,287.7203674316406,0.0,0.0,9.415186650585385e-05,298.1561889648437,303.1499938964844,285.1499938964844,0.0,-0.0,287.72021484375,0.0,0.0,9.91464767139405e-05,298.25830078125,303.1499938964844,285.1499938964844,0.0,-0.0,287.72021484375,0.0,0.0,7.322924648178741e-05,297.8713684082031,303.1499938964844,285.1499938964844,0.0,-0.0,287.72027587890625,0.0,0.0,9.914646943798287e-05,298.2039489746094,303.1499938964844,285.1499938964844,0.0,-0.0,287.72052001953125,0.0,0.0,0.0004703079757746,287.6288452148437,294.1499938964844,287.5531616210937,285.6680603027344,288.8757629394531,287.6552734375,287.2791442871094,0.0,0.0,0.0,0.0,1.0,1.0,-0.0010032264981418,6.2413705315123025e-09,0.0010032203281298,-0.0154036497697234,0.0,0.0,0.0,-0.0079069305211305,60.0,0.1927369534969329,-0.0,-6.862107682081843e-08,0.0,283.1598205566406,287.84234619140625,290.39013671875,290.6860046386719,293.1499938964844,293.1499938964844,278.1499938964844,0.0,18000.0,313.1499938964844,0.0,18000.0,0.0,0.0,0.0,0.0,0.0,0.0,0.0,0.0,0.0,-0.0,-0.0,-0.0,6.445913975451006e-21,3.222956987725503e-21,3.2229567857771112e-21,0.0,0.0,-0.0,0.0,0.0,0.0,0.0,0.0,0.0,0.0,0.0,0.0,4.0,0.0,0.0
12347880,298.1816101074219,303.1499938964844,285.1499938964844,0.0,-0.0,287.7203674316406,0.0,0.0,9.415186650585385e-05,298.1561889648437,303.1499938964844,285.1499938964844,0.0,-0.0,287.72021484375,0.0,0.0,9.91464767139405e-05,298.25830078125,303.1499938964844,285.1499938964844,0.0,-0.0,287.72021484375,0.0,0.0,7.322924648178741e-05,297.8713684082031,303.1499938964844,285.1499938964844,0.0,-0.0,287.72027587890625,0.0,0.0,9.914646943798287e-05,298.2039489746094,303.1499938964844,285.1499938964844,0.0,-0.0,287.72052001953125,0.0,0.0,0.0004703079757746,287.6288452148437,294.1499938964844,287.5531616210937,285.6680603027344,288.8757629394531,287.6552734375,287.2791442871094,0.0,0.0,0.0,0.0,1.0,1.0,-0.0010032264981418,6.2413705315123025e-09,0.0010032203281298,-0.0154036497697234,0.0,0.0,0.0,-0.0079069305211305,60.0,0.1927369534969329,-0.0,-6.862107682081843e-08,0.0,283.1598205566406,287.84234619140625,290.39013671875,290.6860046386719,293.1499938964844,293.1499938964844,278.1499938964844,0.0,18000.0,313.1499938964844,0.0,18000.0,0.0,0.0,0.0,0.0,0.0,0.0,0.0,0.0,0.0,-0.0,-0.0,-0.0,6.445913975451006e-21,3.222956987725503e-21,3.2229567857771112e-21,0.0,0.0,-0.0,0.0,0.0,0.0,0.0,0.0,0.0,0.0,0.0,0.0,4.0,0.0,0.0
12347940,298.18182373046875,303.1499938964844,285.1499938964844,0.0,-0.0,287.71612548828125,0.0,0.0,9.414798842044549e-05,298.1513977050781,303.1499938964844,285.1499938964844,0.0,-0.0,287.7159729003906,0.0,0.0,9.914238762576132e-05,298.2549133300781,303.1499938964844,285.1499938964844,0.0,-0.0,287.71600341796875,0.0,0.0,7.322622695937753e-05,297.8677978515625,303.1499938964844,285.1499938964844,0.0,-0.0,287.7160339355469,0.0,0.0,9.914238034980372e-05,298.20220947265625,303.1499938964844,285.1499938964844,0.0,-0.0,287.7162780761719,0.0,0.0,0.0004702885926235,287.6244506835937,294.1499938964844,287.54998779296875,285.6732788085937,288.8522644042969,287.6319885253906,287.2796630859375,0.0,0.0,0.0,0.0,1.0,1.0,-0.001003184588626,6.236463345743459e-09,0.0010031784186139,-0.0153907956555485,0.0,0.0,0.0,-0.0079044979065656,60.0,0.1877865642309188,-0.0,-6.861534274094083e-08,0.0,283.1598205566406,287.84234619140625,290.39013671875,290.6860046386719,293.1499938964844,293.1499938964844,278.1499938964844,0.0,18000.0,313.1499938964844,0.0,18000.0,0.0,0.0,0.0,0.0,0.0,0.0,0.0,0.0,0.0,-0.0,-0.0,-0.0,6.445913975451006e-21,3.222956987725503e-21,3.2229567857771112e-21,0.0,0.0,-0.0,0.0,0.0,0.0,0.0,0.0,0.0,0.0,0.0,0.0,4.0,0.0,0.0
12348000,298.18182373046875,303.1499938964844,285.1499938964844,0.0,-0.0,287.71612548828125,0.0,0.0,9.414798842044549e-05,298.1513977050781,303.1499938964844,285.1499938964844,0.0,-0.0,287.7159729003906,0.0,0.0,9.914238762576132e-05,298.2549133300781,303.1499938964844,285.1499938964844,0.0,-0.0,287.71600341796875,0.0,0.0,7.322622695937753e-05,297.8677978515625,303.1499938964844,285.1499938964844,0.0,-0.0,287.7160339355469,0.0,0.0,9.914238034980372e-05,298.20220947265625,303.1499938964844,285.1499938964844,0.0,-0.0,287.7162780761719,0.0,0.0,0.0004702885926235,287.6244506835937,294.1499938964844,287.54998779296875,285.6732788085937,288.8522644042969,287.6319885253906,287.2796630859375,0.0,0.0,0.0,0.0,1.0,1.0,-0.001003184588626,6.236463345743459e-09,0.0010031784186139,-0.0153907956555485,0.0,0.0,0.0,-0.0079044979065656,60.0,0.1877865642309188,-0.0,-6.861534274094083e-08,0.0,283.1598205566406,287.84234619140625,290.39013671875,290.6860046386719,293.1499938964844,293.1499938964844,278.1499938964844,0.0,18000.0,313.1499938964844,0.0,18000.0,0.0,0.0,0.0,0.0,0.0,0.0,0.0,0.0,0.0,-0.0,-0.0,-0.0,6.445913975451006e-21,3.222956987725503e-21,3.2229567857771112e-21,0.0,0.0,-0.0,0.0,0.0,0.0,0.0,0.0,0.0,0.0,0.0,0.0,4.0,0.0,0.0
12348060,298.1813659667969,303.1499938964844,285.1499938964844,0.0,-0.0,287.7119140625,0.0,0.0,9.41311227506958e-05,298.1468505859375,303.1499938964844,285.1499938964844,0.0,-0.0,287.7117919921875,0.0,0.0,9.912462701322512e-05,298.2516174316406,303.1499938964844,285.1499938964844,0.0,-0.0,287.7117919921875,0.0,0.0,7.321311568375677e-05,297.8648681640625,303.1499938964844,285.1499938964844,0.0,-0.0,287.7118225097656,0.0,0.0,9.91246197372675e-05,298.20050048828125,303.1499938964844,285.1499938964844,0.0,-0.0,287.7120666503906,0.0,0.0,0.0004702043661382,287.6201171875,294.1499938964844,287.54998779296875,285.6794738769531,288.8291931152344,287.6139831542969,287.2801818847656,0.0,0.0,0.0,0.0,1.0,1.0,-0.0010030043777078,6.215380654595037e-09,0.0010029980912804,-0.0153355682268738,0.0,0.0,0.0,-0.0078940466046333,60.0,0.1862615793943405,-0.0,-6.85906798025826e-08,0.0,283.1598205566406,287.84234619140625,290.39013671875,290.6860046386719,293.1499938964844,293.1499938964844,278.1499938964844,0.0,18000.0,313.1499938964844,0.0,18000.0,0.0,0.0,0.0,0.0,0.0,0.0,0.0,0.0,0.0,-0.0,-0.0,-0.0,6.445913975451006e-21,3.222956987725503e-21,3.2229567857771112e-21,0.0,0.0,-0.0,0.0,0.0,0.0,0.0,0.0,0.0,0.0,0.0,0.0,4.0,0.0,0.0
12348120,298.1813659667969,303.1499938964844,285.1499938964844,0.0,-0.0,287.7119140625,0.0,0.0,9.41311227506958e-05,298.1468505859375,303.1499938964844,285.1499938964844,0.0,-0.0,287.7117919921875,0.0,0.0,9.912462701322512e-05,298.2516174316406,303.1499938964844,285.1499938964844,0.0,-0.0,287.7117919921875,0.0,0.0,7.321311568375677e-05,297.8648681640625,303.1499938964844,285.1499938964844,0.0,-0.0,287.7118225097656,0.0,0.0,9.91246197372675e-05,298.20050048828125,303.1499938964844,285.1499938964844,0.0,-0.0,287.7120666503906,0.0,0.0,0.0004702043661382,287.6201171875,294.1499938964844,287.54998779296875,285.6794738769531,288.8291931152344,287.6139831542969,287.2801818847656,0.0,0.0,0.0,0.0,1.0,1.0,-0.0010030043777078,6.215380654595037e-09,0.0010029980912804,-0.0153355682268738,0.0,0.0,0.0,-0.0078940466046333,60.0,0.1862615793943405,-0.0,-6.85906798025826e-08,0.0,283.1598205566406,287.84234619140625,290.39013671875,290.6860046386719,293.1499938964844,293.1499938964844,278.1499938964844,0.0,18000.0,313.1499938964844,0.0,18000.0,0.0,0.0,0.0,0.0,0.0,0.0,0.0,0.0,0.0,-0.0,-0.0,-0.0,6.445913975451006e-21,3.222956987725503e-21,3.2229567857771112e-21,0.0,0.0,-0.0,0.0,0.0,0.0,0.0,0.0,0.0,0.0,0.0,0.0,4.0,0.0,0.0
12348180,298.1804504394531,303.1499938964844,285.1499938964844,0.0,-0.0,287.707763671875,0.0,0.0,9.410728671355172e-05,298.1426086425781,303.1499938964844,285.1499938964844,0.0,-0.0,287.7076416015625,0.0,0.0,9.90995322354138e-05,298.2483825683594,303.1499938964844,285.1499938964844,0.0,-0.0,287.7076416015625,0.0,0.0,7.319457654375583e-05,297.86248779296875,303.1499938964844,285.1499938964844,0.0,-0.0,287.7076721191406,0.0,0.0,9.909952495945618e-05,298.1988525390625,303.1499938964844,285.1499938964844,0.0,-0.0,287.7079162597656,0.0,0.0,0.0004700853023678,287.6158142089844,294.1499938964844,287.54998779296875,285.6844787597656,288.8065185546875,287.5999755859375,287.2806701660156,0.0,0.0,0.0,0.0,1.0,1.0,-0.001002749777399,6.1856142430372074e-09,0.0010027436073869,-0.0152575932443141,0.0,0.0,0.0,-0.0078792907297611,60.0,0.185688778758049,-0.0,-6.855586320853035e-08,0.0,283.1598205566406,287.84234619140625,290.39013671875,290.6860046386719,293.1499938964844,293.1499938964844,278.1499938964844,0.0,18000.0,313.1499938964844,0.0,18000.0,0.0,0.0,0.0,0.0,0.0,0.0,0.0,0.0,0.0,-0.0,-0.0,-0.0,6.445913975451006e-21,3.222956987725503e-21,3.2229567857771112e-21,0.0,0.0,-0.0,0.0,0.0,0.0,0.0,0.0,0.0,0.0,0.0,0.0,4.0,0.0,0.0
12348240,298.1804504394531,303.1499938964844,285.1499938964844,0.0,-0.0,287.707763671875,0.0,0.0,9.410728671355172e-05,298.1426086425781,303.1499938964844,285.1499938964844,0.0,-0.0,287.7076416015625,0.0,0.0,9.90995322354138e-05,298.2483825683594,303.1499938964844,285.1499938964844,0.0,-0.0,287.7076416015625,0.0,0.0,7.319457654375583e-05,297.86248779296875,303.1499938964844,285.1499938964844,0.0,-0.0,287.7076721191406,0.0,0.0,9.909952495945618e-05,298.1988525390625,303.1499938964844,285.1499938964844,0.0,-0.0,287.7079162597656,0.0,0.0,0.0004700853023678,287.6158142089844,294.1499938964844,287.54998779296875,285.6844787597656,288.8065185546875,287.5999755859375,287.2806701660156,0.0,0.0,0.0,0.0,1.0,1.0,-0.001002749777399,6.1856142430372074e-09,0.0010027436073869,-0.0152575932443141,0.0,0.0,0.0,-0.0078792907297611,60.0,0.185688778758049,-0.0,-6.855586320853035e-08,0.0,283.1598205566406,287.84234619140625,290.39013671875,290.6860046386719,293.1499938964844,293.1499938964844,278.1499938964844,0.0,18000.0,313.1499938964844,0.0,18000.0,0.0,0.0,0.0,0.0,0.0,0.0,0.0,0.0,0.0,-0.0,-0.0,-0.0,6.445913975451006e-21,3.222956987725503e-21,3.2229567857771112e-21,0.0,0.0,-0.0,0.0,0.0,0.0,0.0,0.0,0.0,0.0,0.0,0.0,4.0,0.0,0.0
12348300,298.1798400878906,303.1499938964844,285.1499938964844,0.0,-0.0,287.7056884765625,0.0,0.0,9.40929530770518e-05,298.140625,303.1499938964844,285.1499938964844,0.0,-0.0,287.70556640625,0.0,0.0,9.908443462336436e-05,298.246826171875,303.1499938964844,285.1499938964844,0.0,-0.0,287.70556640625,0.0,0.0,7.318342250073329e-05,297.8614807128906,303.1499938964844,285.1499938964844,0.0,-0.0,287.7055969238281,0.0,0.0,9.908442734740674e-05,298.1980895996094,303.1499938964844,285.1499938964844,0.0,-0.0,287.7058410644531,0.0,0.0,0.0004700137069448,287.6136779785156,294.1499938964844,287.54998779296875,285.68658447265625,288.7953491210937,287.5942687988281,287.2809143066406,0.0,0.0,0.0,0.0,1.0,1.0,-0.0010025968076661,6.1677187801478794e-09,0.001002590637654,-0.0152107151225209,0.0,0.0,0.0,-0.0078704189509153,60.0,0.1854782849550247,-0.0,-6.853493772496222e-08,0.0,283.1598205566406,287.84234619140625,290.39013671875,290.6860046386719,293.1499938964844,293.1499938964844,278.1499938964844,0.0,18000.0,313.1499938964844,0.0,18000.0,0.0,0.0,0.0,0.0,0.0,0.0,0.0,0.0,0.0,-0.0,-0.0,-0.0,6.445913975451006e-21,3.222956987725503e-21,3.2229567857771112e-21,0.0,0.0,-0.0,0.0,0.0,0.0,0.0,0.0,0.0,0.0,0.0,0.0,4.0,0.0,0.0
12348360,298.17919921875,303.1499938964844,285.1499938964844,0.0,-0.0,287.7036437988281,0.0,0.0,9.407728066435084e-05,298.138671875,303.1499938964844,285.1499938964844,0.0,-0.0,287.7035217285156,0.0,0.0,9.90679327514954e-05,298.2452697753906,303.1499938964844,285.1499938964844,0.0,-0.0,287.7035217285156,0.0,0.0,7.317123527172953e-05,297.860595703125,303.1499938964844,285.1499938964844,0.0,-0.0,287.7035522460937,0.0,0.0,9.906792547553778e-05,298.1972961425781,303.1499938964844,285.1499938964844,0.0,-0.0,287.70379638671875,0.0,0.0,0.0004699354176409,287.611572265625,294.1499938964844,287.54998779296875,285.6884155273437,288.7842712402344,287.5892028808594,287.2811279296875,0.0,0.0,0.0,0.0,1.0,1.0,-0.0010024295188486,6.148160647256873e-09,0.0010024233488366,-0.0151594812050461,0.0,0.0,0.0,-0.007860722951591,60.0,0.1852803528308868,-0.0,-6.851207245972546e-08,0.0,283.1598205566406,287.84234619140625,290.39013671875,290.6860046386719,293.1499938964844,293.1499938964844,278.1499938964844,0.0,18000.0,313.1499938964844,0.0,18000.0,0.0,0.0,0.0,0.0,0.0,0.0,0.0,0.0,0.0,-0.0,-0.0,-0.0,6.445913975451006e-21,3.222956987725503e-21,3.2229567857771112e-21,0.0,0.0,-0.0,0.0,0.0,0.0,0.0,0.0,0.0,0.0,0.0,0.0,4.0,0.0,0.0
12348420,298.1780090332031,303.1499938964844,285.1499938964844,0.0,-0.0,287.7001953125,0.0,0.0,9.404790034750476e-05,298.13555908203125,303.1499938964844,285.1499938964844,0.0,-0.0,287.7000732421875,0.0,0.0,9.903699537971988e-05,298.24273681640625,303.1499938964844,285.1499938964844,0.0,-0.0,287.7000732421875,0.0,0.0,7.314838876482099e-05,297.859375,303.1499938964844,285.1499938964844,0.0,-0.0,287.7001037597656,0.0,0.0,9.903698810376228e-05,298.1960754394531,303.1499938964844,285.1499938964844,0.0,-0.0,287.7003479003906,0.0,0.0,0.0004697886761277,287.6080322265625,294.1499938964844,287.54998779296875,285.6909484863281,288.7658996582031,287.5820007324219,287.281494140625,0.0,0.0,0.0,0.0,1.0,1.0,-0.0010021160123869,6.111497974359281e-09,0.0010021098423749,-0.0150634404271841,0.0,0.0,0.0,-0.0078425481915473,60.0,0.1849607080221176,-0.0,-6.846921962733178e-08,0.0,283.1598205566406,287.84234619140625,290.39013671875,290.6860046386719,293.1499938964844,293.1499938964844,278.1499938964844,0.0,18000.0,313.1499938964844,0.0,18000.0,0.0,0.0,0.0,0.0,0.0,0.0,0.0,0.0,0.0,-0.0,-0.0,-0.0,6.445913975451006e-21,3.222956987725503e-21,3.2229567857771112e-21,0.0,0.0,-0.0,0.0,0.0,0.0,0.0,0.0,0.0,0.0,0.0,0.0,4.0,0.0,0.0
12348480,298.1777648925781,303.1499938964844,285.1499938964844,0.0,-0.0,287.6995544433594,0.0,0.0,9.404197771800682e-05,298.1349792480469,303.1499938964844,285.1499938964844,0.0,-0.0,287.6994323730469,0.0,0.0,9.903075260808691e-05,298.24224853515625,303.1499938964844,285.1499938964844,0.0,-0.0,287.6994323730469,0.0,0.0,7.31437758076936e-05,297.8591613769531,303.1499938964844,285.1499938964844,0.0,-0.0,287.699462890625,0.0,0.0,9.90307453321293e-05,298.1958312988281,303.1499938964844,285.1499938964844,0.0,-0.0,287.69970703125,0.0,0.0,0.0004697590484283,287.6073608398437,294.1499938964844,287.54998779296875,285.6913452148437,288.7624206542969,287.58074951171875,287.28155517578125,0.0,0.0,0.0,0.0,1.0,1.0,-0.0010020527988672,6.104102112658438e-09,0.0010020466288551,-0.0150440661236643,0.0,0.0,0.0,-0.0078388815745711,60.0,0.18490070104599,-0.0,-6.846057942766492e-08,0.0,283.1598205566406,287.84234619140625,290.39013671875,290.6860046386719,293.1499938964844,293.1499938964844,278.1499938964844,0.0,18000.0,313.1499938964844,0.0,18000.0,0.0,0.0,0.0,0.0,0.0,0.0,0.0,0.0,0.0,-0.0,-0.0,-0.0,6.445913975451006e-21,3.222956987725503e-21,3.2229567857771112e-21,0.0,0.0,-0.0,0.0,0.0,0.0,0.0,0.0,0.0,0.0,0.0,0.0,4.0,0.0,0.0
12348540,298.1762084960937,303.1499938964844,285.1499938964844,0.0,-0.0,287.69549560546875,0.0,0.0,9.400233102496712e-05,298.13153076171875,303.1499938964844,285.1499938964844,0.0,-0.0,287.69537353515625,0.0,0.0,9.898900316329672e-05,298.23931884765625,303.1499938964844,285.1499938964844,0.0,-0.0,287.69537353515625,0.0,0.0,7.311294029932469e-05,297.8581237792969,303.1499938964844,285.1499938964844,0.0,-0.0,287.6954040527344,0.0,0.0,9.898899588733912e-05,298.1944580078125,303.1499938964844,285.1499938964844,0.0,-0.0,287.6956481933594,0.0,0.0,0.0004695610259659,287.6032409667969,294.1499938964844,287.54998779296875,285.6933288574219,288.740966796875,287.5741882324219,287.281982421875,0.0,0.0,0.0,0.0,1.0,1.0,-0.0010016297455877,6.054643009179017e-09,0.0010016236919909,-0.014914502389729,0.0,0.0,0.0,-0.0078143626451492,60.0,0.1845315098762512,-0.0,-6.840279809239291e-08,0.0,283.1598205566406,287.84234619140625,290.39013671875,290.6860046386719,293.1499938964844,293.1499938964844,278.1499938964844,0.0,18000.0,313.1499938964844,0.0,18000.0,0.0,0.0,0.0,0.0,0.0,0.0,0.0,0.0,0.0,-0.0,-0.0,-0.0,6.445913975451006e-21,3.222956987725503e-21,3.2229567857771112e-21,0.0,0.0,-0.0,0.0,0.0,0.0,0.0,0.0,0.0,0.0,0.0,0.0,4.0,0.0,0.0
12348600,298.1762084960937,303.1499938964844,285.1499938964844,0.0,-0.0,287.69549560546875,0.0,0.0,9.400233102496712e-05,298.13153076171875,303.1499938964844,285.1499938964844,0.0,-0.0,287.69537353515625,0.0,0.0,9.898900316329672e-05,298.23931884765625,303.1499938964844,285.1499938964844,0.0,-0.0,287.69537353515625,0.0,0.0,7.311294029932469e-05,297.8581237792969,303.1499938964844,285.1499938964844,0.0,-0.0,287.6954040527344,0.0,0.0,9.898899588733912e-05,298.1944580078125,303.1499938964844,285.1499938964844,0.0,-0.0,287.6956481933594,0.0,0.0,0.0004695610259659,287.6032409667969,294.1499938964844,287.54998779296875,285.6933288574219,288.740966796875,287.5741882324219,287.281982421875,0.0,0.0,0.0,0.0,1.0,1.0,-0.0010016297455877,6.054643009179017e-09,0.0010016236919909,-0.014914502389729,0.0,0.0,0.0,-0.0078143626451492,60.0,0.1845315098762512,-0.0,-6.840279809239291e-08,0.0,283.1598205566406,287.84234619140625,290.39013671875,290.6860046386719,293.1499938964844,293.1499938964844,278.1499938964844,0.0,18000.0,313.1499938964844,0.0,18000.0,0.0,0.0,0.0,0.0,0.0,0.0,0.0,0.0,0.0,-0.0,-0.0,-0.0,6.445913975451006e-21,3.222956987725503e-21,3.2229567857771112e-21,0.0,0.0,-0.0,0.0,0.0,0.0,0.0,0.0,0.0,0.0,0.0,0.0,4.0,0.0,0.0
12348660,298.1746520996094,303.1499938964844,285.1499938964844,0.0,-0.0,287.69146728515625,0.0,0.0,9.395908273290844e-05,298.1283264160156,303.1499938964844,285.1499938964844,0.0,-0.0,287.6913452148437,0.0,0.0,9.894345566863194e-05,298.2364807128906,303.1499938964844,285.1499938964844,0.0,-0.0,287.6913452148437,0.0,0.0,7.307930354727432e-05,297.8575134277344,303.1499938964844,285.1499938964844,0.0,-0.0,287.6913757324219,0.0,0.0,9.894344839267431e-05,298.19317626953125,303.1499938964844,285.1499938964844,0.0,-0.0,287.6916198730469,0.0,0.0,0.0004693449882324,287.5991516113281,294.1499938964844,287.54998779296875,285.6944885253906,288.71990966796875,287.569091796875,287.2823791503906,0.0,0.0,0.0,0.0,1.0,1.0,-0.0010011683916673,6.0006857260930255e-09,0.0010011623380705,-0.0147731555625796,0.0,0.0,0.0,-0.0077876136638224,60.0,0.1841696500778198,-0.0,-6.833978716258572e-08,0.0,283.1598205566406,287.84234619140625,290.39013671875,290.6860046386719,293.1499938964844,293.1499938964844,278.1499938964844,0.0,18000.0,313.1499938964844,0.0,18000.0,0.0,0.0,0.0,0.0,0.0,0.0,0.0,0.0,0.0,-0.0,-0.0,-0.0,6.445913975451006e-21,3.222956987725503e-21,3.2229567857771112e-21,0.0,0.0,-0.0,0.0,0.0,0.0,0.0,0.0,0.0,0.0,0.0,0.0,4.0,0.0,0.0
12348720,298.1746520996094,303.1499938964844,285.1499938964844,0.0,-0.0,287.69146728515625,0.0,0.0,9.395908273290844e-05,298.1283264160156,303.1499938964844,285.1499938964844,0.0,-0.0,287.6913452148437,0.0,0.0,9.894345566863194e-05,298.2364807128906,303.1499938964844,285.1499938964844,0.0,-0.0,287.6913452148437,0.0,0.0,7.307930354727432e-05,297.8575134277344,303.1499938964844,285.1499938964844,0.0,-0.0,287.6913757324219,0.0,0.0,9.894344839267431e-05,298.19317626953125,303.1499938964844,285.1499938964844,0.0,-0.0,287.6916198730469,0.0,0.0,0.0004693449882324,287.5991516113281,294.1499938964844,287.54998779296875,285.6944885253906,288.71990966796875,287.569091796875,287.2823791503906,0.0,0.0,0.0,0.0,1.0,1.0,-0.0010011683916673,6.0006857260930255e-09,0.0010011623380705,-0.0147731555625796,0.0,0.0,0.0,-0.0077876136638224,60.0,0.1841696500778198,-0.0,-6.833978716258572e-08,0.0,283.1598205566406,287.84234619140625,290.39013671875,290.6860046386719,293.1499938964844,293.1499938964844,278.1499938964844,0.0,18000.0,313.1499938964844,0.0,18000.0,0.0,0.0,0.0,0.0,0.0,0.0,0.0,0.0,0.0,-0.0,-0.0,-0.0,6.445913975451006e-21,3.222956987725503e-21,3.2229567857771112e-21,0.0,0.0,-0.0,0.0,0.0,0.0,0.0,0.0,0.0,0.0,0.0,0.0,4.0,0.0,0.0
12348780,298.1730651855469,303.1499938964844,285.1499938964844,0.0,-0.0,287.6875,0.0,0.0,9.391325147589669e-05,298.1253356933594,303.1499938964844,285.1499938964844,0.0,-0.0,287.6873779296875,0.0,0.0,9.889520151773468e-05,298.2337341308594,303.1499938964844,285.1499938964844,0.0,-0.0,287.6873779296875,0.0,0.0,7.304365863092244e-05,297.8572082519531,303.1499938964844,285.1499938964844,0.0,-0.0,287.6874084472656,0.0,0.0,9.889519424177706e-05,298.1919860839844,303.1499938964844,285.1499938964844,0.0,-0.0,287.6876220703125,0.0,0.0,0.0004691160575021,287.5950927734375,294.1499938964844,287.54998779296875,285.6948547363281,288.69921875,287.5650634765625,287.28277587890625,0.0,0.0,0.0,0.0,1.0,1.0,-0.0010006795637309,5.943524339357964e-09,0.0010006736265495,-0.0146234137937426,0.0,0.0,0.0,-0.0077592763118445,60.0,0.1838146150112152,-0.0,-6.827306009427049e-08,0.0,283.1598205566406,287.84234619140625,290.39013671875,290.6860046386719,293.1499938964844,293.1499938964844,278.1499938964844,0.0,18000.0,313.1499938964844,0.0,18000.0,0.0,0.0,0.0,0.0,0.0,0.0,0.0,0.0,0.0,-0.0,-0.0,-0.0,6.445913975451006e-21,3.222956987725503e-21,3.2229567857771112e-21,0.0,0.0,-0.0,0.0,0.0,0.0,0.0,0.0,0.0,0.0,0.0,0.0,4.0,0.0,0.0
12348840,298.1730651855469,303.1499938964844,285.1499938964844,0.0,-0.0,287.6875,0.0,0.0,9.391325147589669e-05,298.1253356933594,303.1499938964844,285.1499938964844,0.0,-0.0,287.6873779296875,0.0,0.0,9.889520151773468e-05,298.2337341308594,303.1499938964844,285.1499938964844,0.0,-0.0,287.6873779296875,0.0,0.0,7.304365863092244e-05,297.8572082519531,303.1499938964844,285.1499938964844,0.0,-0.0,287.6874084472656,0.0,0.0,9.889519424177706e-05,298.1919860839844,303.1499938964844,285.1499938964844,0.0,-0.0,287.6876220703125,0.0,0.0,0.0004691160575021,287.5950927734375,294.1499938964844,287.54998779296875,285.6948547363281,288.69921875,287.5650634765625,287.28277587890625,0.0,0.0,0.0,0.0,1.0,1.0,-0.0010006795637309,5.943524339357964e-09,0.0010006736265495,-0.0146234137937426,0.0,0.0,0.0,-0.0077592763118445,60.0,0.1838146150112152,-0.0,-6.827306009427049e-08,0.0,283.1598205566406,287.84234619140625,290.39013671875,290.6860046386719,293.1499938964844,293.1499938964844,278.1499938964844,0.0,18000.0,313.1499938964844,0.0,18000.0,0.0,0.0,0.0,0.0,0.0,0.0,0.0,0.0,0.0,-0.0,-0.0,-0.0,6.445913975451006e-21,3.222956987725503e-21,3.2229567857771112e-21,0.0,0.0,-0.0,0.0,0.0,0.0,0.0,0.0,0.0,0.0,0.0,0.0,4.0,0.0,0.0
12348900,298.1723022460937,303.1499938964844,285.1499938964844,0.0,-0.0,287.6855163574219,0.0,0.0,9.38895100262016e-05,298.1239013671875,303.1499938964844,285.1499938964844,0.0,-0.0,287.6853942871094,0.0,0.0,9.887019405141471e-05,298.2323913574219,303.1499938964844,285.1499938964844,0.0,-0.0,287.6853942871094,0.0,0.0,7.302519225049764e-05,297.857177734375,303.1499938964844,285.1499938964844,0.0,-0.0,287.6854248046875,0.0,0.0,9.887018677545711e-05,298.19140625,303.1499938964844,285.1499938964844,0.0,-0.0,287.6856384277344,0.0,0.0,0.0004689974593929,287.5931091308594,294.1499938964844,287.54998779296875,285.6947937011719,288.68902587890625,287.5634155273437,287.282958984375,0.0,0.0,0.0,0.0,1.0,1.0,-0.0010004262439906,5.913906697685434e-09,0.0010004203068092,-0.014545826241374,0.0,0.0,0.0,-0.0077445935457944,60.0,0.1836402863264084,-0.0,-6.823850640103046e-08,0.0,283.1598205566406,287.84234619140625,290.39013671875,290.6860046386719,293.1499938964844,293.1499938964844,278.1499938964844,0.0,18000.0,313.1499938964844,0.0,18000.0,0.0,0.0,0.0,0.0,0.0,0.0,0.0,0.0,0.0,-0.0,-0.0,-0.0,6.445913975451006e-21,3.222956987725503e-21,3.2229567857771112e-21,0.0,0.0,-0.0,0.0,0.0,0.0,0.0,0.0,0.0,0.0,0.0,0.0,4.0,0.0,0.0
12348960,298.17156982421875,303.1499938964844,285.1499938964844,0.0,-0.0,287.6835327148437,0.0,0.0,9.386542660649866e-05,298.1224975585937,303.1499938964844,285.1499938964844,0.0,-0.0,287.68341064453125,0.0,0.0,9.88448373391293e-05,298.2310485839844,303.1499938964844,285.1499938964844,0.0,-0.0,287.6834411621094,0.0,0.0,7.300645665964112e-05,297.85723876953125,303.1499938964844,285.1499938964844,0.0,-0.0,287.6834716796875,0.0,0.0,9.884483006317168e-05,298.1908874511719,303.1499938964844,285.1499938964844,0.0,-0.0,287.6836853027344,0.0,0.0,0.0004688771441578,287.59112548828125,294.1499938964844,287.54998779296875,285.6945495605469,288.678955078125,287.5619812011719,287.2831420898437,0.0,0.0,0.0,0.0,1.0,1.0,-0.0010001693153753,5.8838680594419665e-09,0.0010001634946092,-0.0144671350717544,0.0,0.0,0.0,-0.0077297021634876,60.0,0.1834679245948791,-0.0,-6.82034624333028e-08,0.0,283.1598205566406,287.84234619140625,290.39013671875,290.6860046386719,293.1499938964844,293.1499938964844,278.1499938964844,0.0,18000.0,313.1499938964844,0.0,18000.0,0.0,0.0,0.0,0.0,0.0,0.0,0.0,0.0,0.0,-0.0,-0.0,-0.0,6.445913975451006e-21,3.222956987725503e-21,3.2229567857771112e-21,0.0,0.0,-0.0,0.0,0.0,0.0,0.0,0.0,0.0,0.0,0.0,0.0,4.0,0.0,0.0
12349020,298.1701354980469,303.1499938964844,285.1499938964844,0.0,-0.0,287.6796264648437,0.0,0.0,9.381637210026383e-05,298.119873046875,303.1499938964844,285.1499938964844,0.0,-0.0,287.67950439453125,0.0,0.0,9.87931780400686e-05,298.2284851074219,303.1499938964844,285.1499938964844,0.0,-0.0,287.67950439453125,0.0,0.0,7.296830881386995e-05,297.8575744628906,303.1499938964844,285.1499938964844,0.0,-0.0,287.6795349121094,0.0,0.0,9.87931780400686e-05,298.1898803710937,303.1499938964844,285.1499938964844,0.0,-0.0,287.6797790527344,0.0,0.0,0.0004686321481131,287.5871887207031,294.1499938964844,287.54998779296875,285.6936340332031,288.6590270996094,287.5595397949219,287.2834777832031,0.0,0.0,0.0,0.0,1.0,1.0,-0.000999646144919,5.822689885803811e-09,0.000999640324153,-0.0143068693578243,0.0,0.0,0.0,-0.0076993736438453,60.0,0.1831298917531967,-0.0,-6.813212394263246e-08,0.0,283.1598205566406,287.84234619140625,290.39013671875,290.6860046386719,293.1499938964844,293.1499938964844,278.1499938964844,0.0,18000.0,313.1499938964844,0.0,18000.0,0.0,0.0,0.0,0.0,0.0,0.0,0.0,0.0,0.0,-0.0,-0.0,-0.0,6.445913975451006e-21,3.222956987725503e-21,3.2229567857771112e-21,0.0,0.0,-0.0,0.0,0.0,0.0,0.0,0.0,0.0,0.0,0.0,0.0,4.0,0.0,0.0
12349080,298.1701354980469,303.1499938964844,285.1499938964844,0.0,-0.0,287.6796264648437,0.0,0.0,9.381637210026383e-05,298.119873046875,303.1499938964844,285.1499938964844,0.0,-0.0,287.67950439453125,0.0,0.0,9.87931780400686e-05,298.2284851074219,303.1499938964844,285.1499938964844,0.0,-0.0,287.67950439453125,0.0,0.0,7.296830881386995e-05,297.8575744628906,303.1499938964844,285.1499938964844,0.0,-0.0,287.6795349121094,0.0,0.0,9.87931780400686e-05,298.1898803710937,303.1499938964844,285.1499938964844,0.0,-0.0,287.6797790527344,0.0,0.0,0.0004686321481131,287.5871887207031,294.1499938964844,287.54998779296875,285.6936340332031,288.6590270996094,287.5595397949219,287.2834777832031,0.0,0.0,0.0,0.0,1.0,1.0,-0.000999646144919,5.822689885803811e-09,0.000999640324153,-0.0143068693578243,0.0,0.0,0.0,-0.0076993736438453,60.0,0.1831298917531967,-0.0,-6.813212394263246e-08,0.0,283.1598205566406,287.84234619140625,290.39013671875,290.6860046386719,293.1499938964844,293.1499938964844,278.1499938964844,0.0,18000.0,313.1499938964844,0.0,18000.0,0.0,0.0,0.0,0.0,0.0,0.0,0.0,0.0,0.0,-0.0,-0.0,-0.0,6.445913975451006e-21,3.222956987725503e-21,3.2229567857771112e-21,0.0,0.0,-0.0,0.0,0.0,0.0,0.0,0.0,0.0,0.0,0.0,0.0,4.0,0.0,0.0
12349140,298.16876220703125,303.1499938964844,285.1499938964844,0.0,-0.0,287.6757507324219,0.0,0.0,9.37666918616742e-05,298.11737060546875,303.1499938964844,285.1499938964844,0.0,-0.0,287.6756286621094,0.0,0.0,9.874086390482262e-05,298.2259521484375,303.1499938964844,285.1499938964844,0.0,-0.0,287.6756286621094,0.0,0.0,7.292966620298102e-05,297.858154296875,303.1499938964844,285.1499938964844,0.0,-0.0,287.6756591796875,0.0,0.0,9.8740856628865e-05,298.1889953613281,303.1499938964844,285.1499938964844,0.0,-0.0,287.6759033203125,0.0,0.0,0.0004683839506469,287.5832824707031,294.1499938964844,287.54998779296875,285.6921691894531,288.63946533203125,287.5576171875,287.2838134765625,0.0,0.0,0.0,0.0,1.0,1.0,-0.0009991162223741,5.760723897907383e-09,0.000999110401608,-0.0141445379704236,0.0,0.0,0.0,-0.0076686539687216,60.0,0.1828008592128753,-0.0,-6.805991148439716e-08,0.0,283.1598205566406,287.84234619140625,290.39013671875,290.6860046386719,293.1499938964844,293.1499938964844,278.1499938964844,0.0,18000.0,313.1499938964844,0.0,18000.0,0.0,0.0,0.0,0.0,0.0,0.0,0.0,0.0,0.0,-0.0,-0.0,-0.0,6.445913975451006e-21,3.222956987725503e-21,3.2229567857771112e-21,0.0,0.0,-0.0,0.0,0.0,0.0,0.0,0.0,0.0,0.0,0.0,0.0,4.0,0.0,0.0
12349200,298.16876220703125,303.1499938964844,285.1499938964844,0.0,-0.0,287.6757507324219,0.0,0.0,9.37666918616742e-05,298.11737060546875,303.1499938964844,285.1499938964844,0.0,-0.0,287.6756286621094,0.0,0.0,9.874086390482262e-05,298.2259521484375,303.1499938964844,285.1499938964844,0.0,-0.0,287.6756286621094,0.0,0.0,7.292966620298102e-05,297.858154296875,303.1499938964844,285.1499938964844,0.0,-0.0,287.6756591796875,0.0,0.0,9.8740856628865e-05,298.1889953613281,303.1499938964844,285.1499938964844,0.0,-0.0,287.6759033203125,0.0,0.0,0.0004683839506469,287.5832824707031,294.1499938964844,287.54998779296875,285.6921691894531,288.63946533203125,287.5576171875,287.2838134765625,0.0,0.0,0.0,0.0,1.0,1.0,-0.0009991162223741,5.760723897907383e-09,0.000999110401608,-0.0141445379704236,0.0,0.0,0.0,-0.0076686539687216,60.0,0.1828008592128753,-0.0,-6.805991148439716e-08,0.0,283.1598205566406,287.84234619140625,290.39013671875,290.6860046386719,293.1499938964844,293.1499938964844,278.1499938964844,0.0,18000.0,313.1499938964844,0.0,18000.0,0.0,0.0,0.0,0.0,0.0,0.0,0.0,0.0,0.0,-0.0,-0.0,-0.0,6.445913975451006e-21,3.222956987725503e-21,3.2229567857771112e-21,0.0,0.0,-0.0,0.0,0.0,0.0,0.0,0.0,0.0,0.0,0.0,0.0,4.0,0.0,0.0
12349260,298.16748046875,303.1499938964844,285.1499938964844,0.0,-0.0,287.6719055175781,0.0,0.0,9.37164732022211e-05,298.114990234375,303.1499938964844,285.1499938964844,0.0,-0.0,287.6717834472656,0.0,0.0,9.868798224488272e-05,298.2235107421875,303.1499938964844,285.1499938964844,0.0,-0.0,287.6718139648437,0.0,0.0,7.289060886250809e-05,297.8590087890625,303.1499938964844,285.1499938964844,0.0,-0.0,287.6718444824219,0.0,0.0,9.868797496892512e-05,298.18817138671875,303.1499938964844,285.1499938964844,0.0,-0.0,287.67205810546875,0.0,0.0,0.000468133133836,287.5794677734375,294.1499938964844,287.54998779296875,285.69024658203125,288.6202697753906,287.5560913085937,287.2841186523437,0.0,0.0,0.0,0.0,1.0,1.0,-0.0009985805954784,5.698098881623537e-09,0.0009985748911276,-0.0139804789796471,0.0,0.0,0.0,-0.0076376083306968,60.0,0.1824807375669479,-0.0,-6.798696006171667e-08,0.0,283.1598205566406,287.84234619140625,290.39013671875,290.6860046386719,293.1499938964844,293.1499938964844,278.1499938964844,0.0,18000.0,313.1499938964844,0.0,18000.0,0.0,0.0,0.0,0.0,0.0,0.0,0.0,0.0,0.0,-0.0,-0.0,-0.0,6.445913975451006e-21,3.222956987725503e-21,3.2229567857771112e-21,0.0,0.0,-0.0,0.0,0.0,0.0,0.0,0.0,0.0,0.0,0.0,0.0,4.0,0.0,0.0
12349320,298.16748046875,303.1499938964844,285.1499938964844,0.0,-0.0,287.6719055175781,0.0,0.0,9.37164732022211e-05,298.114990234375,303.1499938964844,285.1499938964844,0.0,-0.0,287.6717834472656,0.0,0.0,9.868798224488272e-05,298.2235107421875,303.1499938964844,285.1499938964844,0.0,-0.0,287.6718139648437,0.0,0.0,7.289060886250809e-05,297.8590087890625,303.1499938964844,285.1499938964844,0.0,-0.0,287.6718444824219,0.0,0.0,9.868797496892512e-05,298.18817138671875,303.1499938964844,285.1499938964844,0.0,-0.0,287.67205810546875,0.0,0.0,0.000468133133836,287.5794677734375,294.1499938964844,287.54998779296875,285.69024658203125,288.6202697753906,287.5560913085937,287.2841186523437,0.0,0.0,0.0,0.0,1.0,1.0,-0.0009985805954784,5.698098881623537e-09,0.0009985748911276,-0.0139804789796471,0.0,0.0,0.0,-0.0076376083306968,60.0,0.1824807375669479,-0.0,-6.798696006171667e-08,0.0,283.1598205566406,287.84234619140625,290.39013671875,290.6860046386719,293.1499938964844,293.1499938964844,278.1499938964844,0.0,18000.0,313.1499938964844,0.0,18000.0,0.0,0.0,0.0,0.0,0.0,0.0,0.0,0.0,0.0,-0.0,-0.0,-0.0,6.445913975451006e-21,3.222956987725503e-21,3.2229567857771112e-21,0.0,0.0,-0.0,0.0,0.0,0.0,0.0,0.0,0.0,0.0,0.0,0.0,4.0,0.0,0.0
12349380,298.16632080078125,303.1499938964844,285.1499938964844,0.0,-0.0,287.6680908203125,0.0,0.0,9.366523590870202e-05,298.1127624511719,303.1499938964844,285.1499938964844,0.0,-0.0,287.6679992675781,0.0,0.0,9.863402374321596e-05,298.2211303710937,303.1499938964844,285.1499938964844,0.0,-0.0,287.6679992675781,0.0,0.0,7.28507584426552e-05,297.86004638671875,303.1499938964844,285.1499938964844,0.0,-0.0,287.66802978515625,0.0,0.0,9.863401646725832e-05,298.1874389648437,303.1499938964844,285.1499938964844,0.0,-0.0,287.6682434082031,0.0,0.0,0.0004678771656472,287.5756530761719,294.1499938964844,287.54998779296875,285.6879577636719,288.6014099121094,287.55487060546875,287.284423828125,0.0,0.0,0.0,0.0,1.0,1.0,-0.0009980341419577,5.6341979970397915e-09,0.0009980285540223,-0.0138130774721503,0.0,0.0,0.0,-0.0076059298589825,60.0,0.1821682006120681,-0.0,-6.791256623728259e-08,0.0,283.1598205566406,287.84234619140625,290.39013671875,290.6860046386719,293.1499938964844,293.1499938964844,278.1499938964844,0.0,18000.0,313.1499938964844,0.0,18000.0,0.0,0.0,0.0,0.0,0.0,0.0,0.0,0.0,0.0,-0.0,-0.0,-0.0,6.445913975451006e-21,3.222956987725503e-21,3.2229567857771112e-21,0.0,0.0,-0.0,0.0,0.0,0.0,0.0,0.0,0.0,0.0,0.0,0.0,4.0,0.0,0.0
12349440,298.16632080078125,303.1499938964844,285.1499938964844,0.0,-0.0,287.6680908203125,0.0,0.0,9.366523590870202e-05,298.1127624511719,303.1499938964844,285.1499938964844,0.0,-0.0,287.6679992675781,0.0,0.0,9.863402374321596e-05,298.2211303710937,303.1499938964844,285.1499938964844,0.0,-0.0,287.6679992675781,0.0,0.0,7.28507584426552e-05,297.86004638671875,303.1499938964844,285.1499938964844,0.0,-0.0,287.66802978515625,0.0,0.0,9.863401646725832e-05,298.1874389648437,303.1499938964844,285.1499938964844,0.0,-0.0,287.6682434082031,0.0,0.0,0.0004678771656472,287.5756530761719,294.1499938964844,287.54998779296875,285.6879577636719,288.6014099121094,287.55487060546875,287.284423828125,0.0,0.0,0.0,0.0,1.0,1.0,-0.0009980341419577,5.6341979970397915e-09,0.0009980285540223,-0.0138130774721503,0.0,0.0,0.0,-0.0076059298589825,60.0,0.1821682006120681,-0.0,-6.791256623728259e-08,0.0,283.1598205566406,287.84234619140625,290.39013671875,290.6860046386719,293.1499938964844,293.1499938964844,278.1499938964844,0.0,18000.0,313.1499938964844,0.0,18000.0,0.0,0.0,0.0,0.0,0.0,0.0,0.0,0.0,0.0,-0.0,-0.0,-0.0,6.445913975451006e-21,3.222956987725503e-21,3.2229567857771112e-21,0.0,0.0,-0.0,0.0,0.0,0.0,0.0,0.0,0.0,0.0,0.0,0.0,4.0,0.0,0.0
12349500,298.1657409667969,303.1499938964844,285.1499938964844,0.0,-0.0,287.66619873046875,0.0,0.0,9.363889694213869e-05,298.1116943359375,303.1499938964844,285.1499938964844,0.0,-0.0,287.6661071777344,0.0,0.0,9.860628779279068e-05,298.2199401855469,303.1499938964844,285.1499938964844,0.0,-0.0,287.6661071777344,0.0,0.0,7.283026934601367e-05,297.86065673828125,303.1499938964844,285.1499938964844,0.0,-0.0,287.6661376953125,0.0,0.0,9.860628051683308e-05,298.1871032714844,303.1499938964844,285.1499938964844,0.0,-0.0,287.6663513183594,0.0,0.0,0.0004677455872297,287.57379150390625,294.1499938964844,287.54998779296875,285.68670654296875,288.59210205078125,287.55438232421875,287.2845764160156,0.0,0.0,0.0,0.0,1.0,1.0,-0.0009977532317861,5.601349162276392e-09,0.0009977476438507,-0.0137270214036107,0.0,0.0,0.0,-0.0075896452181041,60.0,0.1820145845413208,-0.0,-6.78743390380987e-08,0.0,283.1598205566406,287.84234619140625,290.39013671875,290.6860046386719,293.1499938964844,293.1499938964844,278.1499938964844,0.0,18000.0,313.1499938964844,0.0,18000.0,0.0,0.0,0.0,0.0,0.0,0.0,0.0,0.0,0.0,-0.0,-0.0,-0.0,6.445913975451006e-21,3.222956987725503e-21,3.2229567857771112e-21,0.0,0.0,-0.0,0.0,0.0,0.0,0.0,0.0,0.0,0.0,0.0,0.0,4.0,0.0,0.0
12349560,298.16522216796875,303.1499938964844,285.1499938964844,0.0,-0.0,287.6643371582031,0.0,0.0,9.361207048641518e-05,298.11065673828125,303.1499938964844,285.1499938964844,0.0,-0.0,287.6642150878906,0.0,0.0,9.85780352493748e-05,298.21881103515625,303.1499938964844,285.1499938964844,0.0,-0.0,287.6642150878906,0.0,0.0,7.280940189957619e-05,297.8612976074219,303.1499938964844,285.1499938964844,0.0,-0.0,287.66424560546875,0.0,0.0,9.85780279734172e-05,298.1867980957031,303.1499938964844,285.1499938964844,0.0,-0.0,287.6644592285156,0.0,0.0,0.0004676115931943,287.5719299316406,294.1499938964844,287.54998779296875,285.68536376953125,288.5828857421875,287.5539245605469,287.28472900390625,0.0,0.0,0.0,0.0,1.0,1.0,-0.0009974670829251,5.567892369384708e-09,0.0009974614949896,-0.0136393746361136,0.0,0.0,0.0,-0.0075730592943727,60.0,0.1818622201681137,-0.0,-6.783541550703377e-08,0.0,283.1598205566406,287.84234619140625,290.39013671875,290.6860046386719,293.1499938964844,293.1499938964844,278.1499938964844,0.0,18000.0,313.1499938964844,0.0,18000.0,0.0,0.0,0.0,0.0,0.0,0.0,0.0,0.0,0.0,-0.0,-0.0,-0.0,6.445913975451006e-21,3.222956987725503e-21,3.2229567857771112e-21,0.0,0.0,-0.0,0.0,0.0,0.0,0.0,0.0,0.0,0.0,0.0,0.0,4.0,0.0,0.0
12349620,298.164306640625,303.1499938964844,285.1499938964844,0.0,-0.0,287.660888671875,0.0,0.0,9.356091322842984e-05,298.1087951660156,303.1499938964844,285.1499938964844,0.0,-0.0,287.6607666015625,0.0,0.0,9.85241640591994e-05,298.2167358398437,303.1499938964844,285.1499938964844,0.0,-0.0,287.6607971191406,0.0,0.0,7.276960968738422e-05,297.86260986328125,303.1499938964844,285.1499938964844,0.0,-0.0,287.66082763671875,0.0,0.0,9.852415678324178e-05,298.186279296875,303.1499938964844,285.1499938964844,0.0,-0.0,287.6610107421875,0.0,0.0,0.000467356032459,287.5685119628906,294.1499938964844,287.54998779296875,285.68280029296875,288.566162109375,287.55322265625,287.28497314453125,0.0,0.0,0.0,0.0,1.0,1.0,-0.000996921560727,5.504098954389747e-09,0.0009969160892069,-0.013472250662744,0.0,0.0,0.0,-0.0075414343737065,60.0,0.1815845668315887,-0.0,-6.77612348454204e-08,0.0,283.1598205566406,287.84234619140625,290.39013671875,290.6860046386719,293.1499938964844,293.1499938964844,278.1499938964844,0.0,18000.0,313.1499938964844,0.0,18000.0,0.0,0.0,0.0,0.0,0.0,0.0,0.0,0.0,0.0,-0.0,-0.0,-0.0,6.445913975451006e-21,3.222956987725503e-21,3.2229567857771112e-21,0.0,0.0,-0.0,0.0,0.0,0.0,0.0,0.0,0.0,0.0,0.0,0.0,4.0,0.0,0.0
12349680,298.1642150878906,303.1499938964844,285.1499938964844,0.0,-0.0,287.6605834960937,0.0,0.0,9.3556365754921e-05,298.108642578125,303.1499938964844,285.1499938964844,0.0,-0.0,287.6604919433594,0.0,0.0,9.851937647908926e-05,298.216552734375,303.1499938964844,285.1499938964844,0.0,-0.0,287.6604919433594,0.0,0.0,7.276607357198372e-05,297.8627319335937,303.1499938964844,285.1499938964844,0.0,-0.0,287.6605224609375,0.0,0.0,9.851936920313165e-05,298.18621826171875,303.1499938964844,285.1499938964844,0.0,-0.0,287.6607360839844,0.0,0.0,0.0004673333314713,287.5682373046875,294.1499938964844,287.54998779296875,285.6825866699219,288.5647277832031,287.5531616210937,287.2850036621094,0.0,0.0,0.0,0.0,1.0,1.0,-0.0009968730155378,5.4984301556260115e-09,0.0009968675440177,-0.0134573997929692,0.0,0.0,0.0,-0.0075386236421763,60.0,0.181560531258583,-0.0,-6.775464100883255e-08,0.0,283.1598205566406,287.84234619140625,290.39013671875,290.6860046386719,293.1499938964844,293.1499938964844,278.1499938964844,0.0,18000.0,313.1499938964844,0.0,18000.0,0.0,0.0,0.0,0.0,0.0,0.0,0.0,0.0,0.0,-0.0,-0.0,-0.0,6.445913975451006e-21,3.222956987725503e-21,3.2229567857771112e-21,0.0,0.0,-0.0,0.0,0.0,0.0,0.0,0.0,0.0,0.0,0.0,0.0,4.0,0.0,0.0
12349740,298.1632995605469,303.1499938964844,285.1499938964844,0.0,-0.0,287.6568908691406,0.0,0.0,9.349792526336388e-05,298.10675048828125,303.1499938964844,285.1499938964844,0.0,-0.0,287.6567687988281,0.0,0.0,9.84578364295885e-05,298.21435546875,303.1499938964844,285.1499938964844,0.0,-0.0,287.6567687988281,0.0,0.0,7.272062066476792e-05,297.86431884765625,303.1499938964844,285.1499938964844,0.0,-0.0,287.65679931640625,0.0,0.0,9.845782915363088e-05,298.18572998046875,303.1499938964844,285.1499938964844,0.0,-0.0,287.6570129394531,0.0,0.0,0.0004670414200518,287.5645751953125,294.1499938964844,287.54998779296875,285.6796569824219,288.5468444824219,287.55255126953125,287.2852783203125,0.0,0.0,0.0,0.0,1.0,1.0,-0.0009962498443201,5.425559557181714e-09,0.0009962444892153,-0.0132664954289793,0.0,0.0,0.0,-0.0075024990364909,60.0,0.1812615543603897,-0.0,-6.766995852558466e-08,0.0,283.1598205566406,287.84234619140625,290.39013671875,290.6860046386719,293.1499938964844,293.1499938964844,278.1499938964844,0.0,18000.0,313.1499938964844,0.0,18000.0,0.0,0.0,0.0,0.0,0.0,0.0,0.0,0.0,0.0,-0.0,-0.0,-0.0,6.445913975451006e-21,3.222956987725503e-21,3.2229567857771112e-21,0.0,0.0,-0.0,0.0,0.0,0.0,0.0,0.0,0.0,0.0,0.0,0.0,4.0,0.0,0.0
12349800,298.1632995605469,303.1499938964844,285.1499938964844,0.0,-0.0,287.6568908691406,0.0,0.0,9.349792526336388e-05,298.10675048828125,303.1499938964844,285.1499938964844,0.0,-0.0,287.6567687988281,0.0,0.0,9.84578364295885e-05,298.21435546875,303.1499938964844,285.1499938964844,0.0,-0.0,287.6567687988281,0.0,0.0,7.272062066476792e-05,297.86431884765625,303.1499938964844,285.1499938964844,0.0,-0.0,287.65679931640625,0.0,0.0,9.845782915363088e-05,298.18572998046875,303.1499938964844,285.1499938964844,0.0,-0.0,287.6570129394531,0.0,0.0,0.0004670414200518,287.5645751953125,294.1499938964844,287.54998779296875,285.6796569824219,288.5468444824219,287.55255126953125,287.2852783203125,0.0,0.0,0.0,0.0,1.0,1.0,-0.0009962498443201,5.425559557181714e-09,0.0009962444892153,-0.0132664954289793,0.0,0.0,0.0,-0.0075024990364909,60.0,0.1812615543603897,-0.0,-6.766995852558466e-08,0.0,283.1598205566406,287.84234619140625,290.39013671875,290.6860046386719,293.1499938964844,293.1499938964844,278.1499938964844,0.0,18000.0,313.1499938964844,0.0,18000.0,0.0,0.0,0.0,0.0,0.0,0.0,0.0,0.0,0.0,-0.0,-0.0,-0.0,6.445913975451006e-21,3.222956987725503e-21,3.2229567857771112e-21,0.0,0.0,-0.0,0.0,0.0,0.0,0.0,0.0,0.0,0.0,0.0,0.0,4.0,0.0,0.0
12349860,298.1624755859375,303.1499938964844,285.1499938964844,0.0,-0.0,287.6532287597656,0.0,0.0,9.343613783130422e-05,298.10498046875,303.1499938964844,285.1499938964844,0.0,-0.0,287.6531066894531,0.0,0.0,9.839276754064484e-05,298.21221923828125,303.1499938964844,285.1499938964844,0.0,-0.0,287.6531066894531,0.0,0.0,7.267256296472624e-05,297.8660583496094,303.1499938964844,285.1499938964844,0.0,-0.0,287.65313720703125,0.0,0.0,9.839276754064484e-05,298.185302734375,303.1499938964844,285.1499938964844,0.0,-0.0,287.6533508300781,0.0,0.0,0.0004667327739298,287.5609741210937,294.1499938964844,287.54998779296875,285.6766662597656,288.52935791015625,287.5520935058594,287.2855224609375,0.0,0.0,0.0,0.0,1.0,1.0,-0.0009955910500138,5.348519849235345e-09,0.000995585694909,-0.0130646666511893,0.0,0.0,0.0,-0.0074643068946897,60.0,0.180964320898056,-0.0,-6.758047987887039e-08,0.0,283.1598205566406,287.84234619140625,290.39013671875,290.6860046386719,293.1499938964844,293.1499938964844,278.1499938964844,0.0,18000.0,313.1499938964844,0.0,18000.0,0.0,0.0,0.0,0.0,0.0,0.0,0.0,0.0,0.0,-0.0,-0.0,-0.0,6.445913975451006e-21,3.222956987725503e-21,3.2229567857771112e-21,0.0,0.0,-0.0,0.0,0.0,0.0,0.0,0.0,0.0,0.0,0.0,0.0,4.0,0.0,0.0
12349920,298.1624755859375,303.1499938964844,285.1499938964844,0.0,-0.0,287.6532287597656,0.0,0.0,9.343613783130422e-05,298.10498046875,303.1499938964844,285.1499938964844,0.0,-0.0,287.6531066894531,0.0,0.0,9.839276754064484e-05,298.21221923828125,303.1499938964844,285.1499938964844,0.0,-0.0,287.6531066894531,0.0,0.0,7.267256296472624e-05,297.8660583496094,303.1499938964844,285.1499938964844,0.0,-0.0,287.65313720703125,0.0,0.0,9.839276754064484e-05,298.185302734375,303.1499938964844,285.1499938964844,0.0,-0.0,287.6533508300781,0.0,0.0,0.0004667327739298,287.5609741210937,294.1499938964844,287.54998779296875,285.6766662597656,288.52935791015625,287.5520935058594,287.2855224609375,0.0,0.0,0.0,0.0,1.0,1.0,-0.0009955910500138,5.348519849235345e-09,0.000995585694909,-0.0130646666511893,0.0,0.0,0.0,-0.0074643068946897,60.0,0.180964320898056,-0.0,-6.758047987887039e-08,0.0,283.1598205566406,287.84234619140625,290.39013671875,290.6860046386719,293.1499938964844,293.1499938964844,278.1499938964844,0.0,18000.0,313.1499938964844,0.0,18000.0,0.0,0.0,0.0,0.0,0.0,0.0,0.0,0.0,0.0,-0.0,-0.0,-0.0,6.445913975451006e-21,3.222956987725503e-21,3.2229567857771112e-21,0.0,0.0,-0.0,0.0,0.0,0.0,0.0,0.0,0.0,0.0,0.0,0.0,4.0,0.0,0.0
12349980,298.1617126464844,303.1499938964844,285.1499938964844,0.0,-0.0,287.64959716796875,0.0,0.0,9.337168012280016e-05,298.103271484375,303.1499938964844,285.1499938964844,0.0,-0.0,287.64947509765625,0.0,0.0,9.832489013206214e-05,298.2101135253906,303.1499938964844,285.1499938964844,0.0,-0.0,287.64947509765625,0.0,0.0,7.262243161676452e-05,297.867919921875,303.1499938964844,285.1499938964844,0.0,-0.0,287.6495056152344,0.0,0.0,9.832489013206214e-05,298.1849060058594,303.1499938964844,285.1499938964844,0.0,-0.0,287.64971923828125,0.0,0.0,0.0004664107982534,287.55743408203125,294.1499938964844,287.54998779296875,285.6736755371094,288.5121154785156,287.5516967773437,287.2857666015625,0.0,0.0,0.0,0.0,1.0,1.0,-0.0009949037339538,5.268153469017989e-09,0.0009948984952643,-0.0128541216254234,0.0,0.0,0.0,-0.0074244658462703,60.0,0.1806681752204895,-0.0,-6.748720693394716e-08,0.0,283.1598205566406,287.84234619140625,290.39013671875,290.6860046386719,293.1499938964844,293.1499938964844,278.1499938964844,0.0,18000.0,313.1499938964844,0.0,18000.0,0.0,0.0,0.0,0.0,0.0,0.0,0.0,0.0,0.0,-0.0,-0.0,-0.0,6.445913975451006e-21,3.222956987725503e-21,3.2229567857771112e-21,0.0,0.0,-0.0,0.0,0.0,0.0,0.0,0.0,0.0,0.0,0.0,0.0,4.0,0.0,0.0
12350040,298.1617126464844,303.1499938964844,285.1499938964844,0.0,-0.0,287.64959716796875,0.0,0.0,9.337168012280016e-05,298.103271484375,303.1499938964844,285.1499938964844,0.0,-0.0,287.64947509765625,0.0,0.0,9.832489013206214e-05,298.2101135253906,303.1499938964844,285.1499938964844,0.0,-0.0,287.64947509765625,0.0,0.0,7.262243161676452e-05,297.867919921875,303.1499938964844,285.1499938964844,0.0,-0.0,287.6495056152344,0.0,0.0,9.832489013206214e-05,298.1849060058594,303.1499938964844,285.1499938964844,0.0,-0.0,287.64971923828125,0.0,0.0,0.0004664107982534,287.55743408203125,294.1499938964844,287.54998779296875,285.6736755371094,288.5121154785156,287.5516967773437,287.2857666015625,0.0,0.0,0.0,0.0,1.0,1.0,-0.0009949037339538,5.268153469017989e-09,0.0009948984952643,-0.0128541216254234,0.0,0.0,0.0,-0.0074244658462703,60.0,0.1806681752204895,-0.0,-6.748720693394716e-08,0.0,283.1598205566406,287.84234619140625,290.39013671875,290.6860046386719,293.1499938964844,293.1499938964844,278.1499938964844,0.0,18000.0,313.1499938964844,0.0,18000.0,0.0,0.0,0.0,0.0,0.0,0.0,0.0,0.0,0.0,-0.0,-0.0,-0.0,6.445913975451006e-21,3.222956987725503e-21,3.2229567857771112e-21,0.0,0.0,-0.0,0.0,0.0,0.0,0.0,0.0,0.0,0.0,0.0,0.0,4.0,0.0,0.0
12350100,298.161376953125,303.1499938964844,285.1499938964844,0.0,-0.0,287.64776611328125,0.0,0.0,9.333838534075768e-05,298.1024780273437,303.1499938964844,285.1499938964844,0.0,-0.0,287.6476745605469,0.0,0.0,9.8289834568277e-05,298.2091064453125,303.1499938964844,285.1499938964844,0.0,-0.0,287.6476745605469,0.0,0.0,7.259653648361564e-05,297.8688659667969,303.1499938964844,285.1499938964844,0.0,-0.0,287.647705078125,0.0,0.0,9.82898272923194e-05,298.18475341796875,303.1499938964844,285.1499938964844,0.0,-0.0,287.6478881835937,0.0,0.0,0.0004662444989662,287.5556640625,294.1499938964844,287.54998779296875,285.6722412109375,288.5036315917969,287.551513671875,287.285888671875,0.0,0.0,0.0,0.0,1.0,1.0,-0.0009945487836375,5.226647115108562e-09,0.0009945435449481,-0.0127453822642564,0.0,0.0,0.0,-0.0074038892053067,60.0,0.1805203408002853,-0.0,-6.74390534527447e-08,0.0,283.1598205566406,287.84234619140625,290.39013671875,290.6860046386719,293.1499938964844,293.1499938964844,278.1499938964844,0.0,18000.0,313.1499938964844,0.0,18000.0,0.0,0.0,0.0,0.0,0.0,0.0,0.0,0.0,0.0,-0.0,-0.0,-0.0,6.445913975451006e-21,3.222956987725503e-21,3.2229567857771112e-21,0.0,0.0,-0.0,0.0,0.0,0.0,0.0,0.0,0.0,0.0,0.0,0.0,4.0,0.0,0.0
12350160,298.1610412597656,303.1499938964844,285.1499938964844,0.0,-0.0,287.64599609375,0.0,0.0,9.330446482636034e-05,298.1017150878906,303.1499938964844,285.1499938964844,0.0,-0.0,287.6458740234375,0.0,0.0,9.825411689234896e-05,298.2080993652344,303.1499938964844,285.1499938964844,0.0,-0.0,287.6458740234375,0.0,0.0,7.257015386130661e-05,297.8698425292969,303.1499938964844,285.1499938964844,0.0,-0.0,287.6459045410156,0.0,0.0,9.825410961639136e-05,298.1846008300781,303.1499938964844,285.1499938964844,0.0,-0.0,287.6461181640625,0.0,0.0,0.0004660750564653,287.5539245605469,294.1499938964844,287.54998779296875,285.6708068847656,288.4952392578125,287.5513916015625,287.2860107421875,0.0,0.0,0.0,0.0,1.0,1.0,-0.0009941870812326,5.184356943743751e-09,0.0009941819589585,-0.0126345884054899,0.0,0.0,0.0,-0.0073829242028295,60.0,0.180372878909111,-0.0,-6.73900188985499e-08,0.0,283.1598205566406,287.84234619140625,290.39013671875,290.6860046386719,293.1499938964844,293.1499938964844,278.1499938964844,0.0,18000.0,313.1499938964844,0.0,18000.0,0.0,0.0,0.0,0.0,0.0,0.0,0.0,0.0,0.0,-0.0,-0.0,-0.0,6.445913975451006e-21,3.222956987725503e-21,3.2229567857771112e-21,0.0,0.0,-0.0,0.0,0.0,0.0,0.0,0.0,0.0,0.0,0.0,0.0,4.0,0.0,0.0
12350220,298.160400390625,303.1499938964844,285.1499938964844,0.0,-0.0,287.6424255371094,0.0,0.0,9.32351904339157e-05,298.1002197265625,303.1499938964844,285.1499938964844,0.0,-0.0,287.6423034667969,0.0,0.0,9.818116814130916e-05,298.2060852050781,303.1499938964844,285.1499938964844,0.0,-0.0,287.6423034667969,0.0,0.0,7.251627539517358e-05,297.8718566894531,303.1499938964844,285.1499938964844,0.0,-0.0,287.642333984375,0.0,0.0,9.818116086535156e-05,298.1843566894531,303.1499938964844,285.1499938964844,0.0,-0.0,287.6425476074219,0.0,0.0,0.0004657290119212,287.5504455566406,294.1499938964844,287.54998779296875,285.6681213378906,288.4786682128906,287.5511474609375,287.2862548828125,0.0,0.0,0.0,0.0,1.0,1.0,-0.0009934484260156,5.097990030122901e-09,0.0009934434201568,-0.0124083189293742,0.0,0.0,0.0,-0.0073401085101068,60.0,0.1800791919231414,-0.0,-6.728991763793601e-08,0.0,283.1598205566406,287.84234619140625,290.39013671875,290.6860046386719,293.1499938964844,293.1499938964844,278.1499938964844,0.0,18000.0,313.1499938964844,0.0,18000.0,0.0,0.0,0.0,0.0,0.0,0.0,0.0,0.0,0.0,-0.0,-0.0,-0.0,6.445913975451006e-21,3.222956987725503e-21,3.2229567857771112e-21,0.0,0.0,-0.0,0.0,0.0,0.0,0.0,0.0,0.0,0.0,0.0,0.0,4.0,0.0,0.0
12350280,298.160400390625,303.1499938964844,285.1499938964844,0.0,-0.0,287.6424255371094,0.0,0.0,9.32351904339157e-05,298.1002197265625,303.1499938964844,285.1499938964844,0.0,-0.0,287.6423034667969,0.0,0.0,9.818116814130916e-05,298.2060852050781,303.1499938964844,285.1499938964844,0.0,-0.0,287.6423034667969,0.0,0.0,7.251627539517358e-05,297.8718566894531,303.1499938964844,285.1499938964844,0.0,-0.0,287.642333984375,0.0,0.0,9.818116086535156e-05,298.1843566894531,303.1499938964844,285.1499938964844,0.0,-0.0,287.6425476074219,0.0,0.0,0.0004657290119212,287.5504455566406,294.1499938964844,287.54998779296875,285.6681213378906,288.4786682128906,287.5511474609375,287.2862548828125,0.0,0.0,0.0,0.0,1.0,1.0,-0.0009934484260156,5.097990030122901e-09,0.0009934434201568,-0.0124083189293742,0.0,0.0,0.0,-0.0073401085101068,60.0,0.1800791919231414,-0.0,-6.728991763793601e-08,0.0,283.1598205566406,287.84234619140625,290.39013671875,290.6860046386719,293.1499938964844,293.1499938964844,278.1499938964844,0.0,18000.0,313.1499938964844,0.0,18000.0,0.0,0.0,0.0,0.0,0.0,0.0,0.0,0.0,0.0,-0.0,-0.0,-0.0,6.445913975451006e-21,3.222956987725503e-21,3.2229567857771112e-21,0.0,0.0,-0.0,0.0,0.0,0.0,0.0,0.0,0.0,0.0,0.0,0.0,4.0,0.0,0.0
12350340,298.1598205566406,303.1499938964844,285.1499938964844,0.0,-0.0,287.6388854980469,0.0,0.0,9.316470823250712e-05,298.09881591796875,303.1499938964844,285.1499938964844,0.0,-0.0,287.6387939453125,0.0,0.0,9.810693882172929e-05,298.20416259765625,303.1499938964844,285.1499938964844,0.0,-0.0,287.6387939453125,0.0,0.0,7.246145105455071e-05,297.8739013671875,303.1499938964844,285.1499938964844,0.0,-0.0,287.6388244628906,0.0,0.0,9.810693154577166e-05,298.18414306640625,303.1499938964844,285.1499938964844,0.0,-0.0,287.6390075683594,0.0,0.0,0.0004653769428841,287.5470275878906,294.1499938964844,287.54998779296875,285.66571044921875,288.46240234375,287.5509338378906,287.2864685058594,0.0,0.0,0.0,0.0,1.0,1.0,-0.0009926969651132,5.010116321813029e-09,0.0009926919592544,-0.0121781006455421,0.0,0.0,0.0,-0.0072965454310178,60.0,0.1797879189252853,-0.0,-6.718815370732045e-08,0.0,283.1598205566406,287.84234619140625,290.39013671875,290.6860046386719,293.1499938964844,293.1499938964844,278.1499938964844,0.0,18000.0,313.1499938964844,0.0,18000.0,0.0,0.0,0.0,0.0,0.0,0.0,0.0,0.0,0.0,-0.0,-0.0,-0.0,6.445913975451006e-21,3.222956987725503e-21,3.2229567857771112e-21,0.0,0.0,-0.0,0.0,0.0,0.0,0.0,0.0,0.0,0.0,0.0,0.0,4.0,0.0,0.0
12350400,298.1598205566406,303.1499938964844,285.1499938964844,0.0,-0.0,287.6388854980469,0.0,0.0,9.316470823250712e-05,298.09881591796875,303.1499938964844,285.1499938964844,0.0,-0.0,287.6387939453125,0.0,0.0,9.810693882172929e-05,298.20416259765625,303.1499938964844,285.1499938964844,0.0,-0.0,287.6387939453125,0.0,0.0,7.246145105455071e-05,297.8739013671875,303.1499938964844,285.1499938964844,0.0,-0.0,287.6388244628906,0.0,0.0,9.810693154577166e-05,298.18414306640625,303.1499938964844,285.1499938964844,0.0,-0.0,287.6390075683594,0.0,0.0,0.0004653769428841,287.5470275878906,294.1499938964844,287.54998779296875,285.66571044921875,288.46240234375,287.5509338378906,287.2864685058594,0.0,0.0,0.0,0.0,1.0,1.0,-0.0009926969651132,5.010116321813029e-09,0.0009926919592544,-0.0121781006455421,0.0,0.0,0.0,-0.0072965454310178,60.0,0.1797879189252853,-0.0,-6.718815370732045e-08,0.0,283.1598205566406,287.84234619140625,290.39013671875,290.6860046386719,293.1499938964844,293.1499938964844,278.1499938964844,0.0,18000.0,313.1499938964844,0.0,18000.0,0.0,0.0,0.0,0.0,0.0,0.0,0.0,0.0,0.0,-0.0,-0.0,-0.0,6.445913975451006e-21,3.222956987725503e-21,3.2229567857771112e-21,0.0,0.0,-0.0,0.0,0.0,0.0,0.0,0.0,0.0,0.0,0.0,0.0,4.0,0.0,0.0
12350460,298.1592712402344,303.1499938964844,285.1499938964844,0.0,-0.0,287.6353759765625,0.0,0.0,9.309392771683632e-05,298.0975036621094,303.1499938964844,285.1499938964844,0.0,-0.0,287.6352844238281,0.0,0.0,9.803240391192958e-05,298.2022399902344,303.1499938964844,285.1499938964844,0.0,-0.0,287.6352844238281,0.0,0.0,7.24064011592418e-05,297.8759460449219,303.1499938964844,285.1499938964844,0.0,-0.0,287.63531494140625,0.0,0.0,9.803240391192958e-05,298.1839599609375,303.1499938964844,285.1499938964844,0.0,-0.0,287.635498046875,0.0,0.0,0.0004650233895517,287.5436706542969,294.1499938964844,287.54998779296875,285.66363525390625,288.4464416503906,287.55078125,287.28668212890625,0.0,0.0,0.0,0.0,1.0,1.0,-0.0009919423609972,4.921878460351081e-09,0.0009919374715536,-0.0119469258934259,0.0,0.0,0.0,-0.0072528021410107,60.0,0.1795002669095993,-0.0,-6.708604161076438e-08,0.0,283.1598205566406,287.84234619140625,290.39013671875,290.6860046386719,293.1499938964844,293.1499938964844,278.1499938964844,0.0,18000.0,313.1499938964844,0.0,18000.0,0.0,0.0,0.0,0.0,0.0,0.0,0.0,0.0,0.0,-0.0,-0.0,-0.0,6.445913975451006e-21,3.222956987725503e-21,3.2229567857771112e-21,0.0,0.0,-0.0,0.0,0.0,0.0,0.0,0.0,0.0,0.0,0.0,0.0,4.0,0.0,0.0
12350520,298.1592712402344,303.1499938964844,285.1499938964844,0.0,-0.0,287.6353759765625,0.0,0.0,9.309392771683632e-05,298.0975036621094,303.1499938964844,285.1499938964844,0.0,-0.0,287.6352844238281,0.0,0.0,9.803240391192958e-05,298.2022399902344,303.1499938964844,285.1499938964844,0.0,-0.0,287.6352844238281,0.0,0.0,7.24064011592418e-05,297.8759460449219,303.1499938964844,285.1499938964844,0.0,-0.0,287.63531494140625,0.0,0.0,9.803240391192958e-05,298.1839599609375,303.1499938964844,285.1499938964844,0.0,-0.0,287.635498046875,0.0,0.0,0.0004650233895517,287.5436706542969,294.1499938964844,287.54998779296875,285.66363525390625,288.4464416503906,287.55078125,287.28668212890625,0.0,0.0,0.0,0.0,1.0,1.0,-0.0009919423609972,4.921878460351081e-09,0.0009919374715536,-0.0119469258934259,0.0,0.0,0.0,-0.0072528021410107,60.0,0.1795002669095993,-0.0,-6.708604161076438e-08,0.0,283.1598205566406,287.84234619140625,290.39013671875,290.6860046386719,293.1499938964844,293.1499938964844,278.1499938964844,0.0,18000.0,313.1499938964844,0.0,18000.0,0.0,0.0,0.0,0.0,0.0,0.0,0.0,0.0,0.0,-0.0,-0.0,-0.0,6.445913975451006e-21,3.222956987725503e-21,3.2229567857771112e-21,0.0,0.0,-0.0,0.0,0.0,0.0,0.0,0.0,0.0,0.0,0.0,0.0,4.0,0.0,0.0
12350580,298.15875244140625,303.1499938964844,285.1499938964844,0.0,-0.0,287.6319274902344,0.0,0.0,9.302389662479982e-05,298.09625244140625,303.1499938964844,285.1499938964844,0.0,-0.0,287.6318054199219,0.0,0.0,9.795866208150984e-05,298.20037841796875,303.1499938964844,285.1499938964844,0.0,-0.0,287.6318359375,0.0,0.0,7.235193334054202e-05,297.8779602050781,303.1499938964844,285.1499938964844,0.0,-0.0,287.6318664550781,0.0,0.0,9.79586548055522e-05,298.1838073730469,303.1499938964844,285.1499938964844,0.0,-0.0,287.6320495605469,0.0,0.0,0.0004646735615096,287.54034423828125,294.1499938964844,287.54998779296875,285.6619567871094,288.43072509765625,287.5506591796875,287.2868957519531,0.0,0.0,0.0,0.0,1.0,1.0,-0.000991195673123,4.8345749625866574e-09,0.0009911909000948,-0.0117181977257132,0.0,0.0,0.0,-0.0072095217183232,60.0,0.1792171746492386,-0.0,-6.698508769886757e-08,0.0,283.1598205566406,287.84234619140625,290.39013671875,290.6860046386719,293.1499938964844,293.1499938964844,278.1499938964844,0.0,18000.0,313.1499938964844,0.0,18000.0,0.0,0.0,0.0,0.0,0.0,0.0,0.0,0.0,0.0,-0.0,-0.0,-0.0,6.445913975451006e-21,3.222956987725503e-21,3.2229567857771112e-21,0.0,0.0,-0.0,0.0,0.0,0.0,0.0,0.0,0.0,0.0,0.0,0.0,4.0,0.0,0.0
12350640,298.15875244140625,303.1499938964844,285.1499938964844,0.0,-0.0,287.6319274902344,0.0,0.0,9.302389662479982e-05,298.09625244140625,303.1499938964844,285.1499938964844,0.0,-0.0,287.6318054199219,0.0,0.0,9.795866208150984e-05,298.20037841796875,303.1499938964844,285.1499938964844,0.0,-0.0,287.6318359375,0.0,0.0,7.235193334054202e-05,297.8779602050781,303.1499938964844,285.1499938964844,0.0,-0.0,287.6318664550781,0.0,0.0,9.79586548055522e-05,298.1838073730469,303.1499938964844,285.1499938964844,0.0,-0.0,287.6320495605469,0.0,0.0,0.0004646735615096,287.54034423828125,294.1499938964844,287.54998779296875,285.6619567871094,288.43072509765625,287.5506591796875,287.2868957519531,0.0,0.0,0.0,0.0,1.0,1.0,-0.000991195673123,4.8345749625866574e-09,0.0009911909000948,-0.0117181977257132,0.0,0.0,0.0,-0.0072095217183232,60.0,0.1792171746492386,-0.0,-6.698508769886757e-08,0.0,283.1598205566406,287.84234619140625,290.39013671875,290.6860046386719,293.1499938964844,293.1499938964844,278.1499938964844,0.0,18000.0,313.1499938964844,0.0,18000.0,0.0,0.0,0.0,0.0,0.0,0.0,0.0,0.0,0.0,-0.0,-0.0,-0.0,6.445913975451006e-21,3.222956987725503e-21,3.2229567857771112e-21,0.0,0.0,-0.0,0.0,0.0,0.0,0.0,0.0,0.0,0.0,0.0,0.0,4.0,0.0,0.0
12350700,298.1584777832031,303.1499938964844,285.1499938964844,0.0,-0.0,287.63018798828125,0.0,0.0,9.298942313762382e-05,298.0956420898437,303.1499938964844,285.1499938964844,0.0,-0.0,287.6300964355469,0.0,0.0,9.792235505301504e-05,298.1994323730469,303.1499938964844,285.1499938964844,0.0,-0.0,287.6300964355469,0.0,0.0,7.232512143673375e-05,297.8789367675781,303.1499938964844,285.1499938964844,0.0,-0.0,287.630126953125,0.0,0.0,9.792235505301504e-05,298.1837463378906,303.1499938964844,285.1499938964844,0.0,-0.0,287.6303100585937,0.0,0.0,0.0004645013541448,287.5386962890625,294.1499938964844,287.54998779296875,285.66131591796875,288.4230041503906,287.55059814453125,287.2870178222656,0.0,0.0,0.0,0.0,1.0,1.0,-0.0009908281499519,4.7915951206789495e-09,0.0009908233769237,-0.011605592444539,0.0,0.0,0.0,-0.0071882149204611,60.0,0.1790782362222671,-0.0,-6.693542076163794e-08,0.0,283.1598205566406,287.84234619140625,290.39013671875,290.6860046386719,293.1499938964844,293.1499938964844,278.1499938964844,0.0,18000.0,313.1499938964844,0.0,18000.0,0.0,0.0,0.0,0.0,0.0,0.0,0.0,0.0,0.0,-0.0,-0.0,-0.0,6.445913975451006e-21,3.222956987725503e-21,3.2229567857771112e-21,0.0,0.0,-0.0,0.0,0.0,0.0,0.0,0.0,0.0,0.0,0.0,0.0,4.0,0.0,0.0
12350760,298.158203125,303.1499938964844,285.1499938964844,0.0,-0.0,287.62847900390625,0.0,0.0,9.295569179812446e-05,298.0950622558594,303.1499938964844,285.1499938964844,0.0,-0.0,287.6283874511719,0.0,0.0,9.78868338279426e-05,298.1985168457031,303.1499938964844,285.1499938964844,0.0,-0.0,287.6283874511719,0.0,0.0,7.229888433357701e-05,297.8799133300781,303.1499938964844,285.1499938964844,0.0,-0.0,287.62841796875,0.0,0.0,9.7886826551985e-05,298.1836853027344,303.1499938964844,285.1499938964844,0.0,-0.0,287.62860107421875,0.0,0.0,0.0004643328429665,287.5370483398437,294.1499938964844,287.54998779296875,285.6607971191406,288.41534423828125,287.550537109375,287.287109375,0.0,0.0,0.0,0.0,1.0,1.0,-0.0009904684266075,4.749538540238518e-09,0.0009904637699946,-0.0114954067394137,0.0,0.0,0.0,-0.0071673654019832,60.0,0.178941324353218,-0.0,-6.688683384936668e-08,0.0,283.1598205566406,287.84234619140625,290.39013671875,290.6860046386719,293.1499938964844,293.1499938964844,278.1499938964844,0.0,18000.0,313.1499938964844,0.0,18000.0,0.0,0.0,0.0,0.0,0.0,0.0,0.0,0.0,0.0,-0.0,-0.0,-0.0,6.445913975451006e-21,3.222956987725503e-21,3.2229567857771112e-21,0.0,0.0,-0.0,0.0,0.0,0.0,0.0,0.0,0.0,0.0,0.0,0.0,4.0,0.0,0.0
12350820,298.1576538085937,303.1499938964844,285.1499938964844,0.0,-0.0,287.6250915527344,0.0,0.0,9.289085573982447e-05,298.0939025878906,303.1499938964844,285.1499938964844,0.0,-0.0,287.625,0.0,0.0,9.781856351764873e-05,298.1966857910156,303.1499938964844,285.1499938964844,0.0,-0.0,287.625,0.0,0.0,7.22484546713531e-05,297.8817443847656,303.1499938964844,285.1499938964844,0.0,-0.0,287.6250305175781,0.0,0.0,9.781855624169113e-05,298.18359375,303.1499938964844,285.1499938964844,0.0,-0.0,287.6252136230469,0.0,0.0,0.000464009004645,287.5338134765625,294.1499938964844,287.54998779296875,285.6601867675781,288.4002380371094,287.5504455566406,287.2873229980469,0.0,0.0,0.0,0.0,1.0,1.0,-0.0009897771524265,4.668710307242918e-09,0.0009897724958136,-0.0112836407497525,0.0,0.0,0.0,-0.0071272957138717,60.0,0.1786746531724929,-0.0,-6.679350406102459e-08,0.0,283.1598205566406,287.84234619140625,290.39013671875,290.6860046386719,293.1499938964844,293.1499938964844,278.1499938964844,0.0,18000.0,313.1499938964844,0.0,18000.0,0.0,0.0,0.0,0.0,0.0,0.0,0.0,0.0,0.0,-0.0,-0.0,-0.0,6.445913975451006e-21,3.222956987725503e-21,3.2229567857771112e-21,0.0,0.0,-0.0,0.0,0.0,0.0,0.0,0.0,0.0,0.0,0.0,0.0,4.0,0.0,0.0
12350880,298.1576538085937,303.1499938964844,285.1499938964844,0.0,-0.0,287.6250915527344,0.0,0.0,9.289085573982447e-05,298.0939025878906,303.1499938964844,285.1499938964844,0.0,-0.0,287.625,0.0,0.0,9.781856351764873e-05,298.1966857910156,303.1499938964844,285.1499938964844,0.0,-0.0,287.625,0.0,0.0,7.22484546713531e-05,297.8817443847656,303.1499938964844,285.1499938964844,0.0,-0.0,287.6250305175781,0.0,0.0,9.781855624169113e-05,298.18359375,303.1499938964844,285.1499938964844,0.0,-0.0,287.6252136230469,0.0,0.0,0.000464009004645,287.5338134765625,294.1499938964844,287.54998779296875,285.6601867675781,288.4002380371094,287.5504455566406,287.2873229980469,0.0,0.0,0.0,0.0,1.0,1.0,-0.0009897771524265,4.668710307242918e-09,0.0009897724958136,-0.0112836407497525,0.0,0.0,0.0,-0.0071272957138717,60.0,0.1786746531724929,-0.0,-6.679350406102459e-08,0.0,283.1598205566406,287.84234619140625,290.39013671875,290.6860046386719,293.1499938964844,293.1499938964844,278.1499938964844,0.0,18000.0,313.1499938964844,0.0,18000.0,0.0,0.0,0.0,0.0,0.0,0.0,0.0,0.0,0.0,-0.0,-0.0,-0.0,6.445913975451006e-21,3.222956987725503e-21,3.2229567857771112e-21,0.0,0.0,-0.0,0.0,0.0,0.0,0.0,0.0,0.0,0.0,0.0,0.0,4.0,0.0,0.0
12350940,298.15704345703125,303.1499938964844,285.1499938964844,0.0,-0.0,287.6217346191406,0.0,0.0,9.282999963033944e-05,298.0928039550781,303.1499938964844,285.1499938964844,0.0,-0.0,287.62164306640625,0.0,0.0,9.775446960702538e-05,298.1948547363281,303.1499938964844,285.1499938964844,0.0,-0.0,287.62164306640625,0.0,0.0,7.220111729111522e-05,297.8834228515625,303.1499938964844,285.1499938964844,0.0,-0.0,287.6216735839844,0.0,0.0,9.775446960702538e-05,298.1834716796875,303.1499938964844,285.1499938964844,0.0,-0.0,287.6218566894531,0.0,0.0,0.000463704986032,287.5306396484375,294.1499938964844,287.54998779296875,285.6602783203125,288.3853759765625,287.5503845214844,287.2875061035156,0.0,0.0,0.0,0.0,1.0,1.0,-0.0009891282534226,4.592833668937146e-09,0.0009891237132251,-0.0110848443582654,0.0,0.0,0.0,-0.0070896800607442,60.0,0.1784181743860244,-0.0,-6.670595098512423e-08,0.0,283.1598205566406,287.84234619140625,290.39013671875,290.6860046386719,293.1499938964844,293.1499938964844,278.1499938964844,0.0,18000.0,313.1499938964844,0.0,18000.0,0.0,0.0,0.0,0.0,0.0,0.0,0.0,0.0,0.0,-0.0,-0.0,-0.0,6.445913975451006e-21,3.222956987725503e-21,3.2229567857771112e-21,0.0,0.0,-0.0,0.0,0.0,0.0,0.0,0.0,0.0,0.0,0.0,0.0,4.0,0.0,0.0
12351000,298.15704345703125,303.1499938964844,285.1499938964844,0.0,-0.0,287.6217346191406,0.0,0.0,9.282999963033944e-05,298.0928039550781,303.1499938964844,285.1499938964844,0.0,-0.0,287.62164306640625,0.0,0.0,9.775446960702538e-05,298.1948547363281,303.1499938964844,285.1499938964844,0.0,-0.0,287.62164306640625,0.0,0.0,7.220111729111522e-05,297.8834228515625,303.1499938964844,285.1499938964844,0.0,-0.0,287.6216735839844,0.0,0.0,9.775446960702538e-05,298.1834716796875,303.1499938964844,285.1499938964844,0.0,-0.0,287.6218566894531,0.0,0.0,0.000463704986032,287.5306396484375,294.1499938964844,287.54998779296875,285.6602783203125,288.3853759765625,287.5503845214844,287.2875061035156,0.0,0.0,0.0,0.0,1.0,1.0,-0.0009891282534226,4.592833668937146e-09,0.0009891237132251,-0.0110848443582654,0.0,0.0,0.0,-0.0070896800607442,60.0,0.1784181743860244,-0.0,-6.670595098512423e-08,0.0,283.1598205566406,287.84234619140625,290.39013671875,290.6860046386719,293.1499938964844,293.1499938964844,278.1499938964844,0.0,18000.0,313.1499938964844,0.0,18000.0,0.0,0.0,0.0,0.0,0.0,0.0,0.0,0.0,0.0,-0.0,-0.0,-0.0,6.445913975451006e-21,3.222956987725503e-21,3.2229567857771112e-21,0.0,0.0,-0.0,0.0,0.0,0.0,0.0,0.0,0.0,0.0,0.0,0.0,4.0,0.0,0.0
12351060,298.1563720703125,303.1499938964844,285.1499938964844,0.0,-0.0,287.618408203125,0.0,0.0,9.277470962842926e-05,298.0917053222656,303.1499938964844,285.1499938964844,0.0,-0.0,287.6182861328125,0.0,0.0,9.76962546701543e-05,298.1930236816406,303.1499938964844,285.1499938964844,0.0,-0.0,287.6183166503906,0.0,0.0,7.21581163816154e-05,297.88494873046875,303.1499938964844,285.1499938964844,0.0,-0.0,287.6183166503906,0.0,0.0,9.769624739419668e-05,298.1833801269531,303.1499938964844,285.1499938964844,0.0,-0.0,287.6184997558594,0.0,0.0,0.0004634288197848,287.5274658203125,294.1499938964844,287.54998779296875,285.6610717773437,288.3708190917969,287.5503234863281,287.2876892089844,0.0,0.0,0.0,0.0,1.0,1.0,-0.0009885387262329,4.52390036542738e-09,0.0009885341860353,-0.0109042394906282,0.0,0.0,0.0,-0.0070555065758526,60.0,0.1781741082668304,-0.0,-6.662645546384739e-08,0.0,283.1598205566406,287.84234619140625,290.39013671875,290.6860046386719,293.1499938964844,293.1499938964844,278.1499938964844,0.0,18000.0,313.1499938964844,0.0,18000.0,0.0,0.0,0.0,0.0,0.0,0.0,0.0,0.0,0.0,-0.0,-0.0,-0.0,6.445913975451006e-21,3.222956987725503e-21,3.2229567857771112e-21,0.0,0.0,-0.0,0.0,0.0,0.0,0.0,0.0,0.0,0.0,0.0,0.0,4.0,0.0,0.0
12351120,298.1563720703125,303.1499938964844,285.1499938964844,0.0,-0.0,287.618408203125,0.0,0.0,9.277470962842926e-05,298.0917053222656,303.1499938964844,285.1499938964844,0.0,-0.0,287.6182861328125,0.0,0.0,9.76962546701543e-05,298.1930236816406,303.1499938964844,285.1499938964844,0.0,-0.0,287.6183166503906,0.0,0.0,7.21581163816154e-05,297.88494873046875,303.1499938964844,285.1499938964844,0.0,-0.0,287.6183166503906,0.0,0.0,9.769624739419668e-05,298.1833801269531,303.1499938964844,285.1499938964844,0.0,-0.0,287.6184997558594,0.0,0.0,0.0004634288197848,287.5274658203125,294.1499938964844,287.54998779296875,285.6610717773437,288.3708190917969,287.5503234863281,287.2876892089844,0.0,0.0,0.0,0.0,1.0,1.0,-0.0009885387262329,4.52390036542738e-09,0.0009885341860353,-0.0109042394906282,0.0,0.0,0.0,-0.0070555065758526,60.0,0.1781741082668304,-0.0,-6.662645546384739e-08,0.0,283.1598205566406,287.84234619140625,290.39013671875,290.6860046386719,293.1499938964844,293.1499938964844,278.1499938964844,0.0,18000.0,313.1499938964844,0.0,18000.0,0.0,0.0,0.0,0.0,0.0,0.0,0.0,0.0,0.0,-0.0,-0.0,-0.0,6.445913975451006e-21,3.222956987725503e-21,3.2229567857771112e-21,0.0,0.0,-0.0,0.0,0.0,0.0,0.0,0.0,0.0,0.0,0.0,0.0,4.0,0.0,0.0
12351180,298.1556396484375,303.1499938964844,285.1499938964844,0.0,-0.0,287.6150817871094,0.0,0.0,9.272602619603276e-05,298.090576171875,303.1499938964844,285.1499938964844,0.0,-0.0,287.614990234375,0.0,0.0,9.764498827280475e-05,298.191162109375,303.1499938964844,285.1499938964844,0.0,-0.0,287.614990234375,0.0,0.0,7.21202595741488e-05,297.8862609863281,303.1499938964844,285.1499938964844,0.0,-0.0,287.6150207519531,0.0,0.0,9.764498827280475e-05,298.1832580566406,303.1499938964844,285.1499938964844,0.0,-0.0,287.6152038574219,0.0,0.0,0.0004631856572814,287.5243530273437,294.1499938964844,287.54998779296875,285.6626892089844,288.3564758300781,287.5502624511719,287.2878723144531,0.0,0.0,0.0,0.0,1.0,1.0,-0.0009880195138975,4.463200475868234e-09,0.0009880150901153,-0.0107452049851417,0.0,0.0,0.0,-0.0070254150778055,60.0,0.177944928407669,-0.0,-6.65565025315118e-08,0.0,283.1598205566406,287.84234619140625,290.39013671875,290.6860046386719,293.1499938964844,293.1499938964844,278.1499938964844,0.0,18000.0,313.1499938964844,0.0,18000.0,0.0,0.0,0.0,0.0,0.0,0.0,0.0,0.0,0.0,-0.0,-0.0,-0.0,6.445913975451006e-21,3.222956987725503e-21,3.2229567857771112e-21,0.0,0.0,-0.0,0.0,0.0,0.0,0.0,0.0,0.0,0.0,0.0,0.0,4.0,0.0,0.0
12351240,298.1556396484375,303.1499938964844,285.1499938964844,0.0,-0.0,287.6150817871094,0.0,0.0,9.272602619603276e-05,298.090576171875,303.1499938964844,285.1499938964844,0.0,-0.0,287.614990234375,0.0,0.0,9.764498827280475e-05,298.191162109375,303.1499938964844,285.1499938964844,0.0,-0.0,287.614990234375,0.0,0.0,7.21202595741488e-05,297.8862609863281,303.1499938964844,285.1499938964844,0.0,-0.0,287.6150207519531,0.0,0.0,9.764498827280475e-05,298.1832580566406,303.1499938964844,285.1499938964844,0.0,-0.0,287.6152038574219,0.0,0.0,0.0004631856572814,287.5243530273437,294.1499938964844,287.54998779296875,285.6626892089844,288.3564758300781,287.5502624511719,287.2878723144531,0.0,0.0,0.0,0.0,1.0,1.0,-0.0009880195138975,4.463200475868234e-09,0.0009880150901153,-0.0107452049851417,0.0,0.0,0.0,-0.0070254150778055,60.0,0.177944928407669,-0.0,-6.65565025315118e-08,0.0,283.1598205566406,287.84234619140625,290.39013671875,290.6860046386719,293.1499938964844,293.1499938964844,278.1499938964844,0.0,18000.0,313.1499938964844,0.0,18000.0,0.0,0.0,0.0,0.0,0.0,0.0,0.0,0.0,0.0,-0.0,-0.0,-0.0,6.445913975451006e-21,3.222956987725503e-21,3.2229567857771112e-21,0.0,0.0,-0.0,0.0,0.0,0.0,0.0,0.0,0.0,0.0,0.0,0.0,4.0,0.0,0.0
12351300,298.1552124023437,303.1499938964844,285.1499938964844,0.0,-0.0,287.61346435546875,0.0,0.0,9.270437294617297e-05,298.09002685546875,303.1499938964844,285.1499938964844,0.0,-0.0,287.61334228515625,0.0,0.0,9.76221781456843e-05,298.1902160644531,303.1499938964844,285.1499938964844,0.0,-0.0,287.6133728027344,0.0,0.0,7.210340845631436e-05,297.8868103027344,303.1499938964844,285.1499938964844,0.0,-0.0,287.6133728027344,0.0,0.0,9.76221781456843e-05,298.18316650390625,303.1499938964844,285.1499938964844,0.0,-0.0,287.6135559082031,0.0,0.0,0.0004630774492397,287.5228271484375,294.1499938964844,287.54998779296875,285.6638488769531,288.34942626953125,287.5502624511719,287.2879638671875,0.0,0.0,0.0,0.0,1.0,1.0,-0.000987788545899,4.436190081946734e-09,0.0009877841221168,-0.010674437507987,0.0,0.0,0.0,-0.0070120245218276,60.0,0.1778366565704345,-0.0,-6.65253807596855e-08,0.0,283.1598205566406,287.84234619140625,290.39013671875,290.6860046386719,293.1499938964844,293.1499938964844,278.1499938964844,0.0,18000.0,313.1499938964844,0.0,18000.0,0.0,0.0,0.0,0.0,0.0,0.0,0.0,0.0,0.0,-0.0,-0.0,-0.0,6.445913975451006e-21,3.222956987725503e-21,3.2229567857771112e-21,0.0,0.0,-0.0,0.0,0.0,0.0,0.0,0.0,0.0,0.0,0.0,0.0,4.0,0.0,0.0
12351360,298.1547546386719,303.1499938964844,285.1499938964844,0.0,-0.0,287.61181640625,0.0,0.0,9.268491703551264e-05,298.0894470214844,303.1499938964844,285.1499938964844,0.0,-0.0,287.6117248535156,0.0,0.0,9.760169632500038e-05,298.18927001953125,303.1499938964844,285.1499938964844,0.0,-0.0,287.6117248535156,0.0,0.0,7.208828174043447e-05,297.8872985839844,303.1499938964844,285.1499938964844,0.0,-0.0,287.6117553710937,0.0,0.0,9.760168904904276e-05,298.18310546875,303.1499938964844,285.1499938964844,0.0,-0.0,287.6119384765625,0.0,0.0,0.0004629803006537,287.5212707519531,294.1499938964844,287.54998779296875,285.66522216796875,288.3424377441406,287.5502319335937,287.2880554199219,0.0,0.0,0.0,0.0,1.0,1.0,-0.0009875810937955,4.4119299325018355e-09,0.0009875766700133,-0.0106108747422695,0.0,0.0,0.0,-0.0069999978877604,60.0,0.1777328699827194,-0.0,-6.649744221931543e-08,0.0,283.1598205566406,287.84234619140625,290.39013671875,290.6860046386719,293.1499938964844,293.1499938964844,278.1499938964844,0.0,18000.0,313.1499938964844,0.0,18000.0,0.0,0.0,0.0,0.0,0.0,0.0,0.0,0.0,0.0,-0.0,-0.0,-0.0,6.445913975451006e-21,3.222956987725503e-21,3.2229567857771112e-21,0.0,0.0,-0.0,0.0,0.0,0.0,0.0,0.0,0.0,0.0,0.0,0.0,4.0,0.0,0.0
12351420,298.1537780761719,303.1499938964844,285.1499938964844,0.0,-0.0,287.60858154296875,0.0,0.0,9.26529901335016e-05,298.0882873535156,303.1499938964844,285.1499938964844,0.0,-0.0,287.6084899902344,0.0,0.0,9.756808140082283e-05,298.1873474121094,303.1499938964844,285.1499938964844,0.0,-0.0,287.6084899902344,0.0,0.0,7.206344889709726e-05,297.8880310058594,303.1499938964844,285.1499938964844,0.0,-0.0,287.6085205078125,0.0,0.0,9.756807412486523e-05,298.1828918457031,303.1499938964844,285.1499938964844,0.0,-0.0,287.6086730957031,0.0,0.0,0.0004628208116628,287.51824951171875,294.1499938964844,287.54998779296875,285.6687316894531,288.32861328125,287.5502014160156,287.2882385253906,0.0,0.0,0.0,0.0,1.0,1.0,-0.0009872404625639,4.37210712078695e-09,0.000987236155197,-0.0105065386742353,0.0,0.0,0.0,-0.0069802557118237,60.0,0.1775383502244949,-0.0,-6.645158379114946e-08,0.0,283.1598205566406,287.84234619140625,290.39013671875,290.6860046386719,293.1499938964844,293.1499938964844,278.1499938964844,0.0,18000.0,313.1499938964844,0.0,18000.0,0.0,0.0,0.0,0.0,0.0,0.0,0.0,0.0,0.0,-0.0,-0.0,-0.0,6.445913975451006e-21,3.222956987725503e-21,3.2229567857771112e-21,0.0,0.0,-0.0,0.0,0.0,0.0,0.0,0.0,0.0,0.0,0.0,0.0,4.0,0.0,0.0
12351480,298.1537780761719,303.1499938964844,285.1499938964844,0.0,-0.0,287.60858154296875,0.0,0.0,9.26529901335016e-05,298.0882873535156,303.1499938964844,285.1499938964844,0.0,-0.0,287.6084899902344,0.0,0.0,9.756808140082283e-05,298.1873474121094,303.1499938964844,285.1499938964844,0.0,-0.0,287.6084899902344,0.0,0.0,7.206344889709726e-05,297.8880310058594,303.1499938964844,285.1499938964844,0.0,-0.0,287.6085205078125,0.0,0.0,9.756807412486523e-05,298.1828918457031,303.1499938964844,285.1499938964844,0.0,-0.0,287.6086730957031,0.0,0.0,0.0004628208116628,287.51824951171875,294.1499938964844,287.54998779296875,285.6687316894531,288.32861328125,287.5502014160156,287.2882385253906,0.0,0.0,0.0,0.0,1.0,1.0,-0.0009872404625639,4.37210712078695e-09,0.000987236155197,-0.0105065386742353,0.0,0.0,0.0,-0.0069802557118237,60.0,0.1775383502244949,-0.0,-6.645158379114946e-08,0.0,283.1598205566406,287.84234619140625,290.39013671875,290.6860046386719,293.1499938964844,293.1499938964844,278.1499938964844,0.0,18000.0,313.1499938964844,0.0,18000.0,0.0,0.0,0.0,0.0,0.0,0.0,0.0,0.0,0.0,-0.0,-0.0,-0.0,6.445913975451006e-21,3.222956987725503e-21,3.2229567857771112e-21,0.0,0.0,-0.0,0.0,0.0,0.0,0.0,0.0,0.0,0.0,0.0,0.0,4.0,0.0,0.0
12351540,298.152587890625,303.1499938964844,285.1499938964844,0.0,-0.0,287.6053771972656,0.0,0.0,9.26299107959494e-05,298.0870666503906,303.1499938964844,285.1499938964844,0.0,-0.0,287.6052551269531,0.0,0.0,9.754377242643386e-05,298.1853332519531,303.1499938964844,285.1499938964844,0.0,-0.0,287.60528564453125,0.0,0.0,7.204549910966307e-05,297.888427734375,303.1499938964844,285.1499938964844,0.0,-0.0,287.60528564453125,0.0,0.0,9.754376515047623e-05,298.1826477050781,303.1499938964844,285.1499938964844,0.0,-0.0,287.60546875,0.0,0.0,0.0004627055022865,287.5152587890625,294.1499938964844,287.54998779296875,285.6732788085937,288.3150329589844,287.5501708984375,287.2884216308594,0.0,0.0,0.0,0.0,1.0,1.0,-0.0009869941277429,4.343300386011606e-09,0.0009869897039607,-0.0104310633614659,0.0,0.0,0.0,-0.0069659748114645,60.0,0.1773642748594284,-0.0,-6.641842276167155e-08,0.0,283.1598205566406,287.84234619140625,290.39013671875,290.6860046386719,293.1499938964844,293.1499938964844,278.1499938964844,0.0,18000.0,313.1499938964844,0.0,18000.0,0.0,0.0,0.0,0.0,0.0,0.0,0.0,0.0,0.0,-0.0,-0.0,-0.0,6.445913975451006e-21,3.222956987725503e-21,3.2229567857771112e-21,0.0,0.0,-0.0,0.0,0.0,0.0,0.0,0.0,0.0,0.0,0.0,0.0,4.0,0.0,0.0
12351600,298.152587890625,303.1499938964844,285.1499938964844,0.0,-0.0,287.6053771972656,0.0,0.0,9.26299107959494e-05,298.0870666503906,303.1499938964844,285.1499938964844,0.0,-0.0,287.6052551269531,0.0,0.0,9.754377242643386e-05,298.1853332519531,303.1499938964844,285.1499938964844,0.0,-0.0,287.60528564453125,0.0,0.0,7.204549910966307e-05,297.888427734375,303.1499938964844,285.1499938964844,0.0,-0.0,287.60528564453125,0.0,0.0,9.754376515047623e-05,298.1826477050781,303.1499938964844,285.1499938964844,0.0,-0.0,287.60546875,0.0,0.0,0.0004627055022865,287.5152587890625,294.1499938964844,287.54998779296875,285.6732788085937,288.3150329589844,287.5501708984375,287.2884216308594,0.0,0.0,0.0,0.0,1.0,1.0,-0.0009869941277429,4.343300386011606e-09,0.0009869897039607,-0.0104310633614659,0.0,0.0,0.0,-0.0069659748114645,60.0,0.1773642748594284,-0.0,-6.641842276167155e-08,0.0,283.1598205566406,287.84234619140625,290.39013671875,290.6860046386719,293.1499938964844,293.1499938964844,278.1499938964844,0.0,18000.0,313.1499938964844,0.0,18000.0,0.0,0.0,0.0,0.0,0.0,0.0,0.0,0.0,0.0,-0.0,-0.0,-0.0,6.445913975451006e-21,3.222956987725503e-21,3.2229567857771112e-21,0.0,0.0,-0.0,0.0,0.0,0.0,0.0,0.0,0.0,0.0,0.0,0.0,4.0,0.0,0.0
12351660,298.1512451171875,303.1499938964844,285.1499938964844,0.0,-0.0,287.6021728515625,0.0,0.0,9.26173452171497e-05,298.08575439453125,303.1499938964844,285.1499938964844,0.0,-0.0,287.6020812988281,0.0,0.0,9.753054473549128e-05,298.1832275390625,303.1499938964844,285.1499938964844,0.0,-0.0,287.6020812988281,0.0,0.0,7.203572749858722e-05,297.88848876953125,303.1499938964844,285.1499938964844,0.0,-0.0,287.60211181640625,0.0,0.0,9.753053745953366e-05,298.1823425292969,303.1499938964844,285.1499938964844,0.0,-0.0,287.602294921875,0.0,0.0,0.0004626427835319,287.5122985839844,294.1499938964844,287.54998779296875,285.6789245605469,288.3016662597656,287.5501403808594,287.2886047363281,0.0,0.0,0.0,0.0,1.0,1.0,-0.0009868597844615,4.3276040528894555e-09,0.0009868554770946,-0.010389938019216,0.0,0.0,0.0,-0.0069581931456923,60.0,0.1772105544805526,-0.0,-6.640035365990117e-08,0.0,283.1598205566406,287.84234619140625,290.39013671875,290.6860046386719,293.1499938964844,293.1499938964844,278.1499938964844,0.0,18000.0,313.1499938964844,0.0,18000.0,0.0,0.0,0.0,0.0,0.0,0.0,0.0,0.0,0.0,-0.0,-0.0,-0.0,6.445913975451006e-21,3.222956987725503e-21,3.2229567857771112e-21,0.0,0.0,-0.0,0.0,0.0,0.0,0.0,0.0,0.0,0.0,0.0,0.0,4.0,0.0,0.0
12351720,298.1512451171875,303.1499938964844,285.1499938964844,0.0,-0.0,287.6021728515625,0.0,0.0,9.26173452171497e-05,298.08575439453125,303.1499938964844,285.1499938964844,0.0,-0.0,287.6020812988281,0.0,0.0,9.753054473549128e-05,298.1832275390625,303.1499938964844,285.1499938964844,0.0,-0.0,287.6020812988281,0.0,0.0,7.203572749858722e-05,297.88848876953125,303.1499938964844,285.1499938964844,0.0,-0.0,287.60211181640625,0.0,0.0,9.753053745953366e-05,298.1823425292969,303.1499938964844,285.1499938964844,0.0,-0.0,287.602294921875,0.0,0.0,0.0004626427835319,287.5122985839844,294.1499938964844,287.54998779296875,285.6789245605469,288.3016662597656,287.5501403808594,287.2886047363281,0.0,0.0,0.0,0.0,1.0,1.0,-0.0009868597844615,4.3276040528894555e-09,0.0009868554770946,-0.010389938019216,0.0,0.0,0.0,-0.0069581931456923,60.0,0.1772105544805526,-0.0,-6.640035365990117e-08,0.0,283.1598205566406,287.84234619140625,290.39013671875,290.6860046386719,293.1499938964844,293.1499938964844,278.1499938964844,0.0,18000.0,313.1499938964844,0.0,18000.0,0.0,0.0,0.0,0.0,0.0,0.0,0.0,0.0,0.0,-0.0,-0.0,-0.0,6.445913975451006e-21,3.222956987725503e-21,3.2229567857771112e-21,0.0,0.0,-0.0,0.0,0.0,0.0,0.0,0.0,0.0,0.0,0.0,0.0,4.0,0.0,0.0
12351780,298.1496887207031,303.1499938964844,285.1499938964844,0.0,-0.0,287.5990295410156,0.0,0.0,9.261508967028932e-05,298.0843505859375,303.1499938964844,285.1499938964844,0.0,-0.0,287.59893798828125,0.0,0.0,9.752815822139382e-05,298.180908203125,303.1499938964844,285.1499938964844,0.0,-0.0,287.59893798828125,0.0,0.0,7.203396671684459e-05,297.8881530761719,303.1499938964844,285.1499938964844,0.0,-0.0,287.5989685058594,0.0,0.0,9.752815822139382e-05,298.1819763183594,303.1499938964844,285.1499938964844,0.0,-0.0,287.59912109375,0.0,0.0,0.0004626314621418,287.5093688964844,294.1499938964844,287.54998779296875,285.6856384277344,288.28857421875,287.55010986328125,287.28875732421875,0.0,0.0,0.0,0.0,1.0,1.0,-0.0009868353372439,4.324739233396713e-09,0.0009868309134617,-0.0103824324905872,0.0,0.0,0.0,-0.006956772878766,60.0,0.1770793348550796,-0.0,-6.639705674160723e-08,0.0,283.1598205566406,287.84234619140625,290.39013671875,290.6860046386719,293.1499938964844,293.1499938964844,278.1499938964844,0.0,18000.0,313.1499938964844,0.0,18000.0,0.0,0.0,0.0,0.0,0.0,0.0,0.0,0.0,0.0,-0.0,-0.0,-0.0,6.445913975451006e-21,3.222956987725503e-21,3.2229567857771112e-21,0.0,0.0,-0.0,0.0,0.0,0.0,0.0,0.0,0.0,0.0,0.0,0.0,4.0,0.0,0.0
12351840,298.1496887207031,303.1499938964844,285.1499938964844,0.0,-0.0,287.5990295410156,0.0,0.0,9.261508967028932e-05,298.0843505859375,303.1499938964844,285.1499938964844,0.0,-0.0,287.59893798828125,0.0,0.0,9.752815822139382e-05,298.180908203125,303.1499938964844,285.1499938964844,0.0,-0.0,287.59893798828125,0.0,0.0,7.203396671684459e-05,297.8881530761719,303.1499938964844,285.1499938964844,0.0,-0.0,287.5989685058594,0.0,0.0,9.752815822139382e-05,298.1819763183594,303.1499938964844,285.1499938964844,0.0,-0.0,287.59912109375,0.0,0.0,0.0004626314621418,287.5093688964844,294.1499938964844,287.54998779296875,285.6856384277344,288.28857421875,287.55010986328125,287.28875732421875,0.0,0.0,0.0,0.0,1.0,1.0,-0.0009868353372439,4.324739233396713e-09,0.0009868309134617,-0.0103824324905872,0.0,0.0,0.0,-0.006956772878766,60.0,0.1770793348550796,-0.0,-6.639705674160723e-08,0.0,283.1598205566406,287.84234619140625,290.39013671875,290.6860046386719,293.1499938964844,293.1499938964844,278.1499938964844,0.0,18000.0,313.1499938964844,0.0,18000.0,0.0,0.0,0.0,0.0,0.0,0.0,0.0,0.0,0.0,-0.0,-0.0,-0.0,6.445913975451006e-21,3.222956987725503e-21,3.2229567857771112e-21,0.0,0.0,-0.0,0.0,0.0,0.0,0.0,0.0,0.0,0.0,0.0,0.0,4.0,0.0,0.0
12351900,298.1488342285156,303.1499938964844,285.1499938964844,0.0,-0.0,287.5974426269531,0.0,0.0,9.26169304875657e-05,298.0836181640625,303.1499938964844,285.1499938964844,0.0,-0.0,287.5973815917969,0.0,0.0,9.75301009020768e-05,298.1796875,303.1499938964844,285.1499938964844,0.0,-0.0,287.5973815917969,0.0,0.0,7.203540008049458e-05,297.8878479003906,303.1499938964844,285.1499938964844,0.0,-0.0,287.5973815917969,0.0,0.0,9.75301009020768e-05,298.1817321777344,303.1499938964844,285.1499938964844,0.0,-0.0,287.5975646972656,0.0,0.0,0.0004626406880561,287.5079040527344,294.1499938964844,287.54998779296875,285.6893615722656,288.2821044921875,287.55010986328125,287.2888488769531,0.0,0.0,0.0,0.0,1.0,1.0,-0.0009868547786027,4.3270147465079845e-09,0.0009868503548204,-0.0103883938863873,0.0,0.0,0.0,-0.0069579007104039,60.0,0.1770220547914505,-0.0,-6.639967864430218e-08,0.0,283.1598205566406,287.84234619140625,290.39013671875,290.6860046386719,293.1499938964844,293.1499938964844,278.1499938964844,0.0,18000.0,313.1499938964844,0.0,18000.0,0.0,0.0,0.0,0.0,0.0,0.0,0.0,0.0,0.0,-0.0,-0.0,-0.0,6.445913975451006e-21,3.222956987725503e-21,3.2229567857771112e-21,0.0,0.0,-0.0,0.0,0.0,0.0,0.0,0.0,0.0,0.0,0.0,0.0,4.0,0.0,0.0
12351960,298.1478881835937,303.1499938964844,285.1499938964844,0.0,-0.0,287.59588623046875,0.0,0.0,9.262137609766796e-05,298.0828552246094,303.1499938964844,285.1499938964844,0.0,-0.0,287.5957946777344,0.0,0.0,9.753477934282272e-05,298.1783752441406,303.1499938964844,285.1499938964844,0.0,-0.0,287.5958251953125,0.0,0.0,7.203885616036132e-05,297.887451171875,303.1499938964844,285.1499938964844,0.0,-0.0,287.5958251953125,0.0,0.0,9.753477206686512e-05,298.1814880371094,303.1499938964844,285.1499938964844,0.0,-0.0,287.59600830078125,0.0,0.0,0.0004626628651749,287.5064697265625,294.1499938964844,287.54998779296875,285.6933288574219,288.27569580078125,287.55010986328125,287.2889099121094,0.0,0.0,0.0,0.0,1.0,1.0,-0.0009869018103927,4.332525449513014e-09,0.0009868975030258,-0.0104028321802616,0.0,0.0,0.0,-0.0069606327451765,60.0,0.1769697219133377,-0.0,-6.640602379093252e-08,0.0,283.1598205566406,287.84234619140625,290.39013671875,290.6860046386719,293.1499938964844,293.1499938964844,278.1499938964844,0.0,18000.0,313.1499938964844,0.0,18000.0,0.0,0.0,0.0,0.0,0.0,0.0,0.0,0.0,0.0,-0.0,-0.0,-0.0,6.445913975451006e-21,3.222956987725503e-21,3.2229567857771112e-21,0.0,0.0,-0.0,0.0,0.0,0.0,0.0,0.0,0.0,0.0,0.0,0.0,4.0,0.0,0.0
12352020,298.1458740234375,303.1499938964844,285.1499938964844,0.0,-0.0,287.5928039550781,0.0,0.0,9.263638639822602e-05,298.08123779296875,303.1499938964844,285.1499938964844,0.0,-0.0,287.5927124023437,0.0,0.0,9.755058999871836e-05,298.1756591796875,303.1499938964844,285.1499938964844,0.0,-0.0,287.5927124023437,0.0,0.0,7.205053407233208e-05,297.8863830566406,303.1499938964844,285.1499938964844,0.0,-0.0,287.5927429199219,0.0,0.0,9.755058272276074e-05,298.1809387207031,303.1499938964844,285.1499938964844,0.0,-0.0,287.5928955078125,0.0,0.0,0.000462737865746,287.5036315917969,294.1499938964844,287.54998779296875,285.701904296875,288.2630310058594,287.5500793457031,287.2890930175781,0.0,0.0,0.0,0.0,1.0,1.0,-0.0009870614157989,4.3511829694864446e-09,0.0009870569920167,-0.010451715439558,0.0,0.0,0.0,-0.006969881709665,60.0,0.1768780052661895,-0.0,-6.642749639240719e-08,0.0,283.1598205566406,287.84234619140625,290.39013671875,290.6860046386719,293.1499938964844,293.1499938964844,278.1499938964844,0.0,18000.0,313.1499938964844,0.0,18000.0,0.0,0.0,0.0,0.0,0.0,0.0,0.0,0.0,0.0,-0.0,-0.0,-0.0,6.445913975451006e-21,3.222956987725503e-21,3.2229567857771112e-21,0.0,0.0,-0.0,0.0,0.0,0.0,0.0,0.0,0.0,0.0,0.0,0.0,4.0,0.0,0.0
12352080,298.1458740234375,303.1499938964844,285.1499938964844,0.0,-0.0,287.5928039550781,0.0,0.0,9.263638639822602e-05,298.08123779296875,303.1499938964844,285.1499938964844,0.0,-0.0,287.5927124023437,0.0,0.0,9.755058999871836e-05,298.1756591796875,303.1499938964844,285.1499938964844,0.0,-0.0,287.5927124023437,0.0,0.0,7.205053407233208e-05,297.8863830566406,303.1499938964844,285.1499938964844,0.0,-0.0,287.5927429199219,0.0,0.0,9.755058272276074e-05,298.1809387207031,303.1499938964844,285.1499938964844,0.0,-0.0,287.5928955078125,0.0,0.0,0.000462737865746,287.5036315917969,294.1499938964844,287.54998779296875,285.701904296875,288.2630310058594,287.5500793457031,287.2890930175781,0.0,0.0,0.0,0.0,1.0,1.0,-0.0009870614157989,4.3511829694864446e-09,0.0009870569920167,-0.010451715439558,0.0,0.0,0.0,-0.006969881709665,60.0,0.1768780052661895,-0.0,-6.642749639240719e-08,0.0,283.1598205566406,287.84234619140625,290.39013671875,290.6860046386719,293.1499938964844,293.1499938964844,278.1499938964844,0.0,18000.0,313.1499938964844,0.0,18000.0,0.0,0.0,0.0,0.0,0.0,0.0,0.0,0.0,0.0,-0.0,-0.0,-0.0,6.445913975451006e-21,3.222956987725503e-21,3.2229567857771112e-21,0.0,0.0,-0.0,0.0,0.0,0.0,0.0,0.0,0.0,0.0,0.0,0.0,4.0,0.0,0.0
12352140,298.14361572265625,303.1499938964844,285.1499938964844,0.0,-0.0,287.5897216796875,0.0,0.0,9.265926928492264e-05,298.0794677734375,303.1499938964844,285.1499938964844,0.0,-0.0,287.5896301269531,0.0,0.0,9.757468797033653e-05,298.1727294921875,303.1499938964844,285.1499938964844,0.0,-0.0,287.58966064453125,0.0,0.0,7.206833106465638e-05,297.8848876953125,303.1499938964844,285.1499938964844,0.0,-0.0,287.58966064453125,0.0,0.0,9.757468069437893e-05,298.18023681640625,303.1499938964844,285.1499938964844,0.0,-0.0,287.58984375,0.0,0.0,0.000462852185592,287.5008239746094,294.1499938964844,287.54998779296875,285.7112731933594,288.2506103515625,287.5500793457031,287.28924560546875,0.0,0.0,0.0,0.0,1.0,1.0,-0.0009873048402369,4.379653084640722e-09,0.0009873004164546,-0.0105263087898492,0.0,0.0,0.0,-0.006983995437622,60.0,0.1768046468496322,-0.0,-6.64602737288078e-08,0.0,283.1598205566406,287.84234619140625,290.39013671875,290.6860046386719,293.1499938964844,293.1499938964844,278.1499938964844,0.0,18000.0,313.1499938964844,0.0,18000.0,0.0,0.0,0.0,0.0,0.0,0.0,0.0,0.0,0.0,-0.0,-0.0,-0.0,6.445913975451006e-21,3.222956987725503e-21,3.2229567857771112e-21,0.0,0.0,-0.0,0.0,0.0,0.0,0.0,0.0,0.0,0.0,0.0,0.0,4.0,0.0,0.0
12352200,298.14361572265625,303.1499938964844,285.1499938964844,0.0,-0.0,287.5897216796875,0.0,0.0,9.265926928492264e-05,298.0794677734375,303.1499938964844,285.1499938964844,0.0,-0.0,287.5896301269531,0.0,0.0,9.757468797033653e-05,298.1727294921875,303.1499938964844,285.1499938964844,0.0,-0.0,287.58966064453125,0.0,0.0,7.206833106465638e-05,297.8848876953125,303.1499938964844,285.1499938964844,0.0,-0.0,287.58966064453125,0.0,0.0,9.757468069437893e-05,298.18023681640625,303.1499938964844,285.1499938964844,0.0,-0.0,287.58984375,0.0,0.0,0.000462852185592,287.5008239746094,294.1499938964844,287.54998779296875,285.7112731933594,288.2506103515625,287.5500793457031,287.28924560546875,0.0,0.0,0.0,0.0,1.0,1.0,-0.0009873048402369,4.379653084640722e-09,0.0009873004164546,-0.0105263087898492,0.0,0.0,0.0,-0.006983995437622,60.0,0.1768046468496322,-0.0,-6.64602737288078e-08,0.0,283.1598205566406,287.84234619140625,290.39013671875,290.6860046386719,293.1499938964844,293.1499938964844,278.1499938964844,0.0,18000.0,313.1499938964844,0.0,18000.0,0.0,0.0,0.0,0.0,0.0,0.0,0.0,0.0,0.0,-0.0,-0.0,-0.0,6.445913975451006e-21,3.222956987725503e-21,3.2229567857771112e-21,0.0,0.0,-0.0,0.0,0.0,0.0,0.0,0.0,0.0,0.0,0.0,0.0,4.0,0.0,0.0
12352260,298.14117431640625,303.1499938964844,285.1499938964844,0.0,-0.0,287.586669921875,0.0,0.0,9.268861322198064e-05,298.07763671875,303.1499938964844,285.1499938964844,0.0,-0.0,287.58660888671875,0.0,0.0,9.760558896232396e-05,298.169677734375,303.1499938964844,285.1499938964844,0.0,-0.0,287.58660888671875,0.0,0.0,7.209115574369207e-05,297.883056640625,303.1499938964844,285.1499938964844,0.0,-0.0,287.5866394042969,0.0,0.0,9.760558896232396e-05,298.1794738769531,303.1499938964844,285.1499938964844,0.0,-0.0,287.5867919921875,0.0,0.0,0.000462998781586,287.4980163574219,294.1499938964844,287.54998779296875,285.7214050292969,288.23834228515625,287.550048828125,287.2893981933594,0.0,0.0,0.0,0.0,1.0,1.0,-0.00098761706613,4.416170540366693e-09,0.0009876126423478,-0.0106219854205846,0.0,0.0,0.0,-0.0070020984858274,60.0,0.1767448931932449,-0.0,-6.65023236479101e-08,0.0,283.1598205566406,287.84234619140625,290.39013671875,290.6860046386719,293.1499938964844,293.1499938964844,278.1499938964844,0.0,18000.0,313.1499938964844,0.0,18000.0,0.0,0.0,0.0,0.0,0.0,0.0,0.0,0.0,0.0,-0.0,-0.0,-0.0,6.445913975451006e-21,3.222956987725503e-21,3.2229567857771112e-21,0.0,0.0,-0.0,0.0,0.0,0.0,0.0,0.0,0.0,0.0,0.0,0.0,4.0,0.0,0.0
12352320,298.14117431640625,303.1499938964844,285.1499938964844,0.0,-0.0,287.586669921875,0.0,0.0,9.268861322198064e-05,298.07763671875,303.1499938964844,285.1499938964844,0.0,-0.0,287.58660888671875,0.0,0.0,9.760558896232396e-05,298.169677734375,303.1499938964844,285.1499938964844,0.0,-0.0,287.58660888671875,0.0,0.0,7.209115574369207e-05,297.883056640625,303.1499938964844,285.1499938964844,0.0,-0.0,287.5866394042969,0.0,0.0,9.760558896232396e-05,298.1794738769531,303.1499938964844,285.1499938964844,0.0,-0.0,287.5867919921875,0.0,0.0,0.000462998781586,287.4980163574219,294.1499938964844,287.54998779296875,285.7214050292969,288.23834228515625,287.550048828125,287.2893981933594,0.0,0.0,0.0,0.0,1.0,1.0,-0.00098761706613,4.416170540366693e-09,0.0009876126423478,-0.0106219854205846,0.0,0.0,0.0,-0.0070020984858274,60.0,0.1767448931932449,-0.0,-6.65023236479101e-08,0.0,283.1598205566406,287.84234619140625,290.39013671875,290.6860046386719,293.1499938964844,293.1499938964844,278.1499938964844,0.0,18000.0,313.1499938964844,0.0,18000.0,0.0,0.0,0.0,0.0,0.0,0.0,0.0,0.0,0.0,-0.0,-0.0,-0.0,6.445913975451006e-21,3.222956987725503e-21,3.2229567857771112e-21,0.0,0.0,-0.0,0.0,0.0,0.0,0.0,0.0,0.0,0.0,0.0,0.0,4.0,0.0,0.0
12352380,298.1385192871094,303.1499938964844,285.1499938964844,0.0,-0.0,287.58367919921875,0.0,0.0,9.272421448258684e-05,298.0756225585937,303.1499938964844,285.1499938964844,0.0,-0.0,287.5835876464844,0.0,0.0,9.764308197190984e-05,298.16650390625,303.1499938964844,285.1499938964844,0.0,-0.0,287.5835876464844,0.0,0.0,7.211884803837165e-05,297.8808288574219,303.1499938964844,285.1499938964844,0.0,-0.0,287.5836181640625,0.0,0.0,9.764307469595224e-05,298.1785583496094,303.1499938964844,285.1499938964844,0.0,-0.0,287.5837707519531,0.0,0.0,0.0004631766059901,287.4952697753906,294.1499938964844,287.54998779296875,285.732177734375,288.226318359375,287.550048828125,287.28955078125,0.0,0.0,0.0,0.0,1.0,1.0,-0.0009879961144179,4.460483093993162e-09,0.0009879915742203,-0.0107380859553813,0.0,0.0,0.0,-0.0070240665227174,60.0,0.1767014414072036,-0.0,-6.65533690380471e-08,0.0,283.1598205566406,287.84234619140625,290.39013671875,290.6860046386719,293.1499938964844,293.1499938964844,278.1499938964844,0.0,18000.0,313.1499938964844,0.0,18000.0,0.0,0.0,0.0,0.0,0.0,0.0,0.0,0.0,0.0,-0.0,-0.0,-0.0,6.445913975451006e-21,3.222956987725503e-21,3.2229567857771112e-21,0.0,0.0,-0.0,0.0,0.0,0.0,0.0,0.0,0.0,0.0,0.0,0.0,4.0,0.0,0.0
12352440,298.1385192871094,303.1499938964844,285.1499938964844,0.0,-0.0,287.58367919921875,0.0,0.0,9.272421448258684e-05,298.0756225585937,303.1499938964844,285.1499938964844,0.0,-0.0,287.5835876464844,0.0,0.0,9.764308197190984e-05,298.16650390625,303.1499938964844,285.1499938964844,0.0,-0.0,287.5835876464844,0.0,0.0,7.211884803837165e-05,297.8808288574219,303.1499938964844,285.1499938964844,0.0,-0.0,287.5836181640625,0.0,0.0,9.764307469595224e-05,298.1785583496094,303.1499938964844,285.1499938964844,0.0,-0.0,287.5837707519531,0.0,0.0,0.0004631766059901,287.4952697753906,294.1499938964844,287.54998779296875,285.732177734375,288.226318359375,287.550048828125,287.28955078125,0.0,0.0,0.0,0.0,1.0,1.0,-0.0009879961144179,4.460483093993162e-09,0.0009879915742203,-0.0107380859553813,0.0,0.0,0.0,-0.0070240665227174,60.0,0.1767014414072036,-0.0,-6.65533690380471e-08,0.0,283.1598205566406,287.84234619140625,290.39013671875,290.6860046386719,293.1499938964844,293.1499938964844,278.1499938964844,0.0,18000.0,313.1499938964844,0.0,18000.0,0.0,0.0,0.0,0.0,0.0,0.0,0.0,0.0,0.0,-0.0,-0.0,-0.0,6.445913975451006e-21,3.222956987725503e-21,3.2229567857771112e-21,0.0,0.0,-0.0,0.0,0.0,0.0,0.0,0.0,0.0,0.0,0.0,0.0,4.0,0.0,0.0
12352500,298.1370849609375,303.1499938964844,285.1499938964844,0.0,-0.0,287.5821838378906,0.0,0.0,9.274402691517024e-05,298.0745849609375,303.1499938964844,285.1499938964844,0.0,-0.0,287.58209228515625,0.0,0.0,9.76639348664321e-05,298.16485595703125,303.1499938964844,285.1499938964844,0.0,-0.0,287.58209228515625,0.0,0.0,7.213425124064088e-05,297.87957763671875,303.1499938964844,285.1499938964844,0.0,-0.0,287.5821228027344,0.0,0.0,9.76639348664321e-05,298.1780700683594,303.1499938964844,285.1499938964844,0.0,-0.0,287.582275390625,0.0,0.0,0.0004632755590137,287.4939270019531,294.1499938964844,287.54998779296875,285.73779296875,288.22039794921875,287.550048828125,287.2896423339844,0.0,0.0,0.0,0.0,1.0,1.0,-0.0009882069425657,4.485138926924037e-09,0.0009882024023681,-0.0108026852831244,0.0,0.0,0.0,-0.007036289665848,60.0,0.1766845434904098,-0.0,-6.658178364205014e-08,0.0,283.1598205566406,287.84234619140625,290.39013671875,290.6860046386719,293.1499938964844,293.1499938964844,278.1499938964844,0.0,18000.0,313.1499938964844,0.0,18000.0,0.0,0.0,0.0,0.0,0.0,0.0,0.0,0.0,0.0,-0.0,-0.0,-0.0,6.445913975451006e-21,3.222956987725503e-21,3.2229567857771112e-21,0.0,0.0,-0.0,0.0,0.0,0.0,0.0,0.0,0.0,0.0,0.0,0.0,4.0,0.0,0.0
12352560,298.1356201171875,303.1499938964844,285.1499938964844,0.0,-0.0,287.5806884765625,0.0,0.0,9.276485798181966e-05,298.0735168457031,303.1499938964844,285.1499938964844,0.0,-0.0,287.5805969238281,0.0,0.0,9.768587187863886e-05,298.1631774902344,303.1499938964844,285.1499938964844,0.0,-0.0,287.5805969238281,0.0,0.0,7.215045479824767e-05,297.8782653808594,303.1499938964844,285.1499938964844,0.0,-0.0,287.58062744140625,0.0,0.0,9.768587187863886e-05,298.1775207519531,303.1499938964844,285.1499938964844,0.0,-0.0,287.5807800292969,0.0,0.0,0.0004633796052075,287.4925537109375,294.1499938964844,287.54998779296875,285.7435302734375,288.21453857421875,287.550048828125,287.2897033691406,0.0,0.0,0.0,0.0,1.0,1.0,-0.0009884287137538,4.511072404511651e-09,0.0009884241735562,-0.0108706299215555,0.0,0.0,0.0,-0.007049145642668,60.0,0.1766701191663742,-0.0,-6.661166906951621e-08,0.0,283.1598205566406,287.84234619140625,290.39013671875,290.6860046386719,293.1499938964844,293.1499938964844,278.1499938964844,0.0,18000.0,313.1499938964844,0.0,18000.0,0.0,0.0,0.0,0.0,0.0,0.0,0.0,0.0,0.0,-0.0,-0.0,-0.0,6.445913975451006e-21,3.222956987725503e-21,3.2229567857771112e-21,0.0,0.0,-0.0,0.0,0.0,0.0,0.0,0.0,0.0,0.0,0.0,0.0,4.0,0.0,0.0
12352620,298.1325378417969,303.1499938964844,285.1499938964844,0.0,-0.0,287.5777282714844,0.0,0.0,9.280970698455349e-05,298.0712890625,303.1499938964844,285.1499938964844,0.0,-0.0,287.57763671875,0.0,0.0,9.773310739547014e-05,298.1597900390625,303.1499938964844,285.1499938964844,0.0,-0.0,287.57763671875,0.0,0.0,7.218534301500767e-05,297.8753356933594,303.1499938964844,285.1499938964844,0.0,-0.0,287.5776672363281,0.0,0.0,9.773310011951251e-05,298.1763610839844,303.1499938964844,285.1499938964844,0.0,-0.0,287.57781982421875,0.0,0.0,0.0004636036755982,287.4898986816406,294.1499938964844,287.54998779296875,285.75537109375,288.2029113769531,287.550048828125,287.28985595703125,0.0,0.0,0.0,0.0,1.0,1.0,-0.0009889062494039,4.566913514025828e-09,0.0009889017092064,-0.0110169341787695,0.0,0.0,0.0,-0.0070768287405371,60.0,0.176648736000061,-0.0,-6.667605134680343e-08,0.0,283.1598205566406,287.84234619140625,290.39013671875,290.6860046386719,293.1499938964844,293.1499938964844,278.1499938964844,0.0,18000.0,313.1499938964844,0.0,18000.0,0.0,0.0,0.0,0.0,0.0,0.0,0.0,0.0,0.0,-0.0,-0.0,-0.0,6.445913975451006e-21,3.222956987725503e-21,3.2229567857771112e-21,0.0,0.0,-0.0,0.0,0.0,0.0,0.0,0.0,0.0,0.0,0.0,0.0,4.0,0.0,0.0
12352680,298.1325378417969,303.1499938964844,285.1499938964844,0.0,-0.0,287.5777282714844,0.0,0.0,9.280970698455349e-05,298.0712890625,303.1499938964844,285.1499938964844,0.0,-0.0,287.57763671875,0.0,0.0,9.773310739547014e-05,298.1597900390625,303.1499938964844,285.1499938964844,0.0,-0.0,287.57763671875,0.0,0.0,7.218534301500767e-05,297.8753356933594,303.1499938964844,285.1499938964844,0.0,-0.0,287.5776672363281,0.0,0.0,9.773310011951251e-05,298.1763610839844,303.1499938964844,285.1499938964844,0.0,-0.0,287.57781982421875,0.0,0.0,0.0004636036755982,287.4898986816406,294.1499938964844,287.54998779296875,285.75537109375,288.2029113769531,287.550048828125,287.28985595703125,0.0,0.0,0.0,0.0,1.0,1.0,-0.0009889062494039,4.566913514025828e-09,0.0009889017092064,-0.0110169341787695,0.0,0.0,0.0,-0.0070768287405371,60.0,0.176648736000061,-0.0,-6.667605134680343e-08,0.0,283.1598205566406,287.84234619140625,290.39013671875,290.6860046386719,293.1499938964844,293.1499938964844,278.1499938964844,0.0,18000.0,313.1499938964844,0.0,18000.0,0.0,0.0,0.0,0.0,0.0,0.0,0.0,0.0,0.0,-0.0,-0.0,-0.0,6.445913975451006e-21,3.222956987725503e-21,3.2229567857771112e-21,0.0,0.0,-0.0,0.0,0.0,0.0,0.0,0.0,0.0,0.0,0.0,0.0,4.0,0.0,0.0
12352740,298.1293029785156,303.1499938964844,285.1499938964844,0.0,-0.0,287.57476806640625,0.0,0.0,9.285775013267994e-05,298.0689392089844,303.1499938964844,285.1499938964844,0.0,-0.0,287.57470703125,0.0,0.0,9.778369712876156e-05,298.1562805175781,303.1499938964844,285.1499938964844,0.0,-0.0,287.57470703125,0.0,0.0,7.22227050573565e-05,297.8721618652344,303.1499938964844,285.1499938964844,0.0,-0.0,287.5747375488281,0.0,0.0,9.778368985280396e-05,298.175048828125,303.1499938964844,285.1499938964844,0.0,-0.0,287.57489013671875,0.0,0.0,0.0004638436366803,287.4872436523437,294.1499938964844,287.54998779296875,285.7676086425781,288.1914978027344,287.5500183105469,287.2900085449219,0.0,0.0,0.0,0.0,1.0,1.0,-0.000989417778328,4.626726113343693e-09,0.0009894131217151,-0.0111736431717872,0.0,0.0,0.0,-0.0071064801886677,60.0,0.1766356378793716,-0.0,-6.67450521518731e-08,0.0,283.1598205566406,287.84234619140625,290.39013671875,290.6860046386719,293.1499938964844,293.1499938964844,278.1499938964844,0.0,18000.0,313.1499938964844,0.0,18000.0,0.0,0.0,0.0,0.0,0.0,0.0,0.0,0.0,0.0,-0.0,-0.0,-0.0,6.445913975451006e-21,3.222956987725503e-21,3.2229567857771112e-21,0.0,0.0,-0.0,0.0,0.0,0.0,0.0,0.0,0.0,0.0,0.0,0.0,4.0,0.0,0.0
12352800,298.1293029785156,303.1499938964844,285.1499938964844,0.0,-0.0,287.57476806640625,0.0,0.0,9.285775013267994e-05,298.0689392089844,303.1499938964844,285.1499938964844,0.0,-0.0,287.57470703125,0.0,0.0,9.778369712876156e-05,298.1562805175781,303.1499938964844,285.1499938964844,0.0,-0.0,287.57470703125,0.0,0.0,7.22227050573565e-05,297.8721618652344,303.1499938964844,285.1499938964844,0.0,-0.0,287.5747375488281,0.0,0.0,9.778368985280396e-05,298.175048828125,303.1499938964844,285.1499938964844,0.0,-0.0,287.57489013671875,0.0,0.0,0.0004638436366803,287.4872436523437,294.1499938964844,287.54998779296875,285.7676086425781,288.1914978027344,287.5500183105469,287.2900085449219,0.0,0.0,0.0,0.0,1.0,1.0,-0.000989417778328,4.626726113343693e-09,0.0009894131217151,-0.0111736431717872,0.0,0.0,0.0,-0.0071064801886677,60.0,0.1766356378793716,-0.0,-6.67450521518731e-08,0.0,283.1598205566406,287.84234619140625,290.39013671875,290.6860046386719,293.1499938964844,293.1499938964844,278.1499938964844,0.0,18000.0,313.1499938964844,0.0,18000.0,0.0,0.0,0.0,0.0,0.0,0.0,0.0,0.0,0.0,-0.0,-0.0,-0.0,6.445913975451006e-21,3.222956987725503e-21,3.2229567857771112e-21,0.0,0.0,-0.0,0.0,0.0,0.0,0.0,0.0,0.0,0.0,0.0,0.0,4.0,0.0,0.0
12352860,298.1258850097656,303.1499938964844,285.1499938964844,0.0,-0.0,287.5718688964844,0.0,0.0,9.290829621022569e-05,298.0664978027344,303.1499938964844,285.1499938964844,0.0,-0.0,287.57177734375,0.0,0.0,9.783692075870933e-05,298.1527404785156,303.1499938964844,285.1499938964844,0.0,-0.0,287.5718078613281,0.0,0.0,7.226201705634594e-05,297.8686828613281,303.1499938964844,285.1499938964844,0.0,-0.0,287.5718078613281,0.0,0.0,9.78369134827517e-05,298.1736145019531,303.1499938964844,285.1499938964844,0.0,-0.0,287.57196044921875,0.0,0.0,0.0004640961124096,287.484619140625,294.1499938964844,287.54998779296875,285.7802124023437,288.1802978515625,287.5500183105469,287.2901611328125,0.0,0.0,0.0,0.0,1.0,1.0,-0.0009899559663608,4.6896548866470775e-09,0.0009899513097479,-0.0113385142758488,0.0,0.0,0.0,-0.0071376767009496,60.0,0.1766297519207,-0.0,-6.681767672489515e-08,0.0,283.1598205566406,287.84234619140625,290.39013671875,290.6860046386719,293.1499938964844,293.1499938964844,278.1499938964844,0.0,18000.0,313.1499938964844,0.0,18000.0,0.0,0.0,0.0,0.0,0.0,0.0,0.0,0.0,0.0,-0.0,-0.0,-0.0,6.445913975451006e-21,3.222956987725503e-21,3.2229567857771112e-21,0.0,0.0,-0.0,0.0,0.0,0.0,0.0,0.0,0.0,0.0,0.0,0.0,4.0,0.0,0.0
12352920,298.1258850097656,303.1499938964844,285.1499938964844,0.0,-0.0,287.5718688964844,0.0,0.0,9.290829621022569e-05,298.0664978027344,303.1499938964844,285.1499938964844,0.0,-0.0,287.57177734375,0.0,0.0,9.783692075870933e-05,298.1527404785156,303.1499938964844,285.1499938964844,0.0,-0.0,287.5718078613281,0.0,0.0,7.226201705634594e-05,297.8686828613281,303.1499938964844,285.1499938964844,0.0,-0.0,287.5718078613281,0.0,0.0,9.78369134827517e-05,298.1736145019531,303.1499938964844,285.1499938964844,0.0,-0.0,287.57196044921875,0.0,0.0,0.0004640961124096,287.484619140625,294.1499938964844,287.54998779296875,285.7802124023437,288.1802978515625,287.5500183105469,287.2901611328125,0.0,0.0,0.0,0.0,1.0,1.0,-0.0009899559663608,4.6896548866470775e-09,0.0009899513097479,-0.0113385142758488,0.0,0.0,0.0,-0.0071376767009496,60.0,0.1766297519207,-0.0,-6.681767672489515e-08,0.0,283.1598205566406,287.84234619140625,290.39013671875,290.6860046386719,293.1499938964844,293.1499938964844,278.1499938964844,0.0,18000.0,313.1499938964844,0.0,18000.0,0.0,0.0,0.0,0.0,0.0,0.0,0.0,0.0,0.0,-0.0,-0.0,-0.0,6.445913975451006e-21,3.222956987725503e-21,3.2229567857771112e-21,0.0,0.0,-0.0,0.0,0.0,0.0,0.0,0.0,0.0,0.0,0.0,0.0,4.0,0.0,0.0
12352980,298.1223449707031,303.1499938964844,285.1499938964844,0.0,-0.0,287.5690002441406,0.0,0.0,9.296025382354856e-05,298.0639343261719,303.1499938964844,285.1499938964844,0.0,-0.0,287.56890869140625,0.0,0.0,9.789163595996796e-05,298.14910888671875,303.1499938964844,285.1499938964844,0.0,-0.0,287.56890869140625,0.0,0.0,7.230242772493511e-05,297.8649597167969,303.1499938964844,285.1499938964844,0.0,-0.0,287.5689392089844,0.0,0.0,9.789163595996796e-05,298.17205810546875,303.1499938964844,285.1499938964844,0.0,-0.0,287.569091796875,0.0,0.0,0.0004643556603696,287.4820556640625,294.1499938964844,287.54998779296875,285.79302978515625,288.1692810058594,287.5500183105469,287.2903137207031,0.0,0.0,0.0,0.0,1.0,1.0,-0.0009905092883855,4.754354243630132e-09,0.0009905045153573,-0.0115080242976546,0.0,0.0,0.0,-0.0071697509847581,60.0,0.1766284555196762,-0.0,-6.689239739898768e-08,0.0,283.1598205566406,287.84234619140625,290.39013671875,290.6860046386719,293.1499938964844,293.1499938964844,278.1499938964844,0.0,18000.0,313.1499938964844,0.0,18000.0,0.0,0.0,0.0,0.0,0.0,0.0,0.0,0.0,0.0,-0.0,-0.0,-0.0,6.445913975451006e-21,3.222956987725503e-21,3.2229567857771112e-21,0.0,0.0,-0.0,0.0,0.0,0.0,0.0,0.0,0.0,0.0,0.0,0.0,4.0,0.0,0.0
12353040,298.1223449707031,303.1499938964844,285.1499938964844,0.0,-0.0,287.5690002441406,0.0,0.0,9.296025382354856e-05,298.0639343261719,303.1499938964844,285.1499938964844,0.0,-0.0,287.56890869140625,0.0,0.0,9.789163595996796e-05,298.14910888671875,303.1499938964844,285.1499938964844,0.0,-0.0,287.56890869140625,0.0,0.0,7.230242772493511e-05,297.8649597167969,303.1499938964844,285.1499938964844,0.0,-0.0,287.5689392089844,0.0,0.0,9.789163595996796e-05,298.17205810546875,303.1499938964844,285.1499938964844,0.0,-0.0,287.569091796875,0.0,0.0,0.0004643556603696,287.4820556640625,294.1499938964844,287.54998779296875,285.79302978515625,288.1692810058594,287.5500183105469,287.2903137207031,0.0,0.0,0.0,0.0,1.0,1.0,-0.0009905092883855,4.754354243630132e-09,0.0009905045153573,-0.0115080242976546,0.0,0.0,0.0,-0.0071697509847581,60.0,0.1766284555196762,-0.0,-6.689239739898768e-08,0.0,283.1598205566406,287.84234619140625,290.39013671875,290.6860046386719,293.1499938964844,293.1499938964844,278.1499938964844,0.0,18000.0,313.1499938964844,0.0,18000.0,0.0,0.0,0.0,0.0,0.0,0.0,0.0,0.0,0.0,-0.0,-0.0,-0.0,6.445913975451006e-21,3.222956987725503e-21,3.2229567857771112e-21,0.0,0.0,-0.0,0.0,0.0,0.0,0.0,0.0,0.0,0.0,0.0,0.0,4.0,0.0,0.0
12353100,298.1205444335937,303.1499938964844,285.1499938964844,0.0,-0.0,287.56756591796875,0.0,0.0,9.298657823819668e-05,298.0626220703125,303.1499938964844,285.1499938964844,0.0,-0.0,287.5674743652344,0.0,0.0,9.7919357358478e-05,298.14727783203125,303.1499938964844,285.1499938964844,0.0,-0.0,287.5674743652344,0.0,0.0,7.232290226966143e-05,297.863037109375,303.1499938964844,285.1499938964844,0.0,-0.0,287.5675048828125,0.0,0.0,9.79193500825204e-05,298.1712341308594,303.1499938964844,285.1499938964844,0.0,-0.0,287.5676574707031,0.0,0.0,0.0004644871514756,287.48077392578125,294.1499938964844,287.54998779296875,285.7995300292969,288.1638488769531,287.5500183105469,287.2903747558594,0.0,0.0,0.0,0.0,1.0,1.0,-0.0009907895000651,4.7871258068710185e-09,0.0009907847270369,-0.011593883857131,0.0,0.0,0.0,-0.007185997441411,60.0,0.1766292303800583,-0.0,-6.693025511594898e-08,0.0,283.1598205566406,287.84234619140625,290.39013671875,290.6860046386719,293.1499938964844,293.1499938964844,278.1499938964844,0.0,18000.0,313.1499938964844,0.0,18000.0,0.0,0.0,0.0,0.0,0.0,0.0,0.0,0.0,0.0,-0.0,-0.0,-0.0,6.445913975451006e-21,3.222956987725503e-21,3.2229567857771112e-21,0.0,0.0,-0.0,0.0,0.0,0.0,0.0,0.0,0.0,0.0,0.0,0.0,4.0,0.0,0.0
12353160,298.1186828613281,303.1499938964844,285.1499938964844,0.0,-0.0,287.5661315917969,0.0,0.0,9.301295358454809e-05,298.0613098144531,303.1499938964844,285.1499938964844,0.0,-0.0,287.5660400390625,0.0,0.0,9.794712968869136e-05,298.1454467773437,303.1499938964844,285.1499938964844,0.0,-0.0,287.5660705566406,0.0,0.0,7.234341319417581e-05,297.86102294921875,303.1499938964844,285.1499938964844,0.0,-0.0,287.5660705566406,0.0,0.0,9.794712241273372e-05,298.1703796386719,303.1499938964844,285.1499938964844,0.0,-0.0,287.56622314453125,0.0,0.0,0.0004646189045161,287.4794921875,294.1499938964844,287.54998779296875,285.8060607910156,288.158447265625,287.5500183105469,287.2904357910156,0.0,0.0,0.0,0.0,1.0,1.0,-0.0009910704102367,4.819967980296269e-09,0.0009910656372085,-0.0116799287497997,0.0,0.0,0.0,-0.0072022788226604,60.0,0.1766305863857269,-0.0,-6.696820520346591e-08,0.0,283.1598205566406,287.84234619140625,290.39013671875,290.6860046386719,293.1499938964844,293.1499938964844,278.1499938964844,0.0,18000.0,313.1499938964844,0.0,18000.0,0.0,0.0,0.0,0.0,0.0,0.0,0.0,0.0,0.0,-0.0,-0.0,-0.0,6.445913975451006e-21,3.222956987725503e-21,3.2229567857771112e-21,0.0,0.0,-0.0,0.0,0.0,0.0,0.0,0.0,0.0,0.0,0.0,0.0,4.0,0.0,0.0
12353220,298.11492919921875,303.1499938964844,285.1499938964844,0.0,-0.0,287.56329345703125,0.0,0.0,9.306548599852248e-05,298.05859375,303.1499938964844,285.1499938964844,0.0,-0.0,287.563232421875,0.0,0.0,9.80024560703896e-05,298.1417541503906,303.1499938964844,285.1499938964844,0.0,-0.0,287.563232421875,0.0,0.0,7.238427497213706e-05,297.85693359375,303.1499938964844,285.1499938964844,0.0,-0.0,287.563232421875,0.0,0.0,9.800244879443198e-05,298.1685485839844,303.1499938964844,285.1499938964844,0.0,-0.0,287.5633850097656,0.0,0.0,0.0004648813337553,287.4769897460937,294.1499938964844,287.54998779296875,285.8191833496094,288.1478271484375,287.5500183105469,287.29058837890625,0.0,0.0,0.0,0.0,1.0,1.0,-0.0009916299022734,4.885382320907183e-09,0.0009916250128298,-0.0118513107299804,0.0,0.0,0.0,-0.0072347074747085,60.0,0.1766341775655746,-0.0,-6.704383537226023e-08,0.0,283.1598205566406,287.84234619140625,290.39013671875,290.6860046386719,293.1499938964844,293.1499938964844,278.1499938964844,0.0,18000.0,313.1499938964844,0.0,18000.0,0.0,0.0,0.0,0.0,0.0,0.0,0.0,0.0,0.0,-0.0,-0.0,-0.0,6.445913975451006e-21,3.222956987725503e-21,3.2229567857771112e-21,0.0,0.0,-0.0,0.0,0.0,0.0,0.0,0.0,0.0,0.0,0.0,0.0,4.0,0.0,0.0
12353280,298.11492919921875,303.1499938964844,285.1499938964844,0.0,-0.0,287.56329345703125,0.0,0.0,9.306548599852248e-05,298.05859375,303.1499938964844,285.1499938964844,0.0,-0.0,287.563232421875,0.0,0.0,9.80024560703896e-05,298.1417541503906,303.1499938964844,285.1499938964844,0.0,-0.0,287.563232421875,0.0,0.0,7.238427497213706e-05,297.85693359375,303.1499938964844,285.1499938964844,0.0,-0.0,287.563232421875,0.0,0.0,9.800244879443198e-05,298.1685485839844,303.1499938964844,285.1499938964844,0.0,-0.0,287.5633850097656,0.0,0.0,0.0004648813337553,287.4769897460937,294.1499938964844,287.54998779296875,285.8191833496094,288.1478271484375,287.5500183105469,287.29058837890625,0.0,0.0,0.0,0.0,1.0,1.0,-0.0009916299022734,4.885382320907183e-09,0.0009916250128298,-0.0118513107299804,0.0,0.0,0.0,-0.0072347074747085,60.0,0.1766341775655746,-0.0,-6.704383537226023e-08,0.0,283.1598205566406,287.84234619140625,290.39013671875,290.6860046386719,293.1499938964844,293.1499938964844,278.1499938964844,0.0,18000.0,313.1499938964844,0.0,18000.0,0.0,0.0,0.0,0.0,0.0,0.0,0.0,0.0,0.0,-0.0,-0.0,-0.0,6.445913975451006e-21,3.222956987725503e-21,3.2229567857771112e-21,0.0,0.0,-0.0,0.0,0.0,0.0,0.0,0.0,0.0,0.0,0.0,0.0,4.0,0.0,0.0
12353340,298.1111145019531,303.1499938964844,285.1499938964844,0.0,-0.0,287.5604858398437,0.0,0.0,9.311731264460832e-05,298.0557861328125,303.1499938964844,285.1499938964844,0.0,-0.0,287.5604248046875,0.0,0.0,9.805702575249596e-05,298.1380310058594,303.1499938964844,285.1499938964844,0.0,-0.0,287.5604248046875,0.0,0.0,7.242458377731964e-05,297.8526611328125,303.1499938964844,285.1499938964844,0.0,-0.0,287.5604248046875,0.0,0.0,9.805702575249596e-05,298.1666564941406,303.1499938964844,285.1499938964844,0.0,-0.0,287.5605773925781,0.0,0.0,0.0004651402123272,287.4745178222656,294.1499938964844,287.54998779296875,285.8323059082031,288.1373291015625,287.5500183105469,287.2907409667969,0.0,0.0,0.0,0.0,1.0,1.0,-0.0009921817108988,4.949912923990496e-09,0.0009921768214553,-0.0120203737169504,0.0,0.0,0.0,-0.0072666979394853,60.0,0.176637977361679,-0.0,-6.711847788665183e-08,0.0,283.1598205566406,287.84234619140625,290.39013671875,290.6860046386719,293.1499938964844,293.1499938964844,278.1499938964844,0.0,18000.0,313.1499938964844,0.0,18000.0,0.0,0.0,0.0,0.0,0.0,0.0,0.0,0.0,0.0,-0.0,-0.0,-0.0,6.445913975451006e-21,3.222956987725503e-21,3.2229567857771112e-21,0.0,0.0,-0.0,0.0,0.0,0.0,0.0,0.0,0.0,0.0,0.0,0.0,4.0,0.0,0.0
12353400,298.1111145019531,303.1499938964844,285.1499938964844,0.0,-0.0,287.5604858398437,0.0,0.0,9.311731264460832e-05,298.0557861328125,303.1499938964844,285.1499938964844,0.0,-0.0,287.5604248046875,0.0,0.0,9.805702575249596e-05,298.1380310058594,303.1499938964844,285.1499938964844,0.0,-0.0,287.5604248046875,0.0,0.0,7.242458377731964e-05,297.8526611328125,303.1499938964844,285.1499938964844,0.0,-0.0,287.5604248046875,0.0,0.0,9.805702575249596e-05,298.1666564941406,303.1499938964844,285.1499938964844,0.0,-0.0,287.5605773925781,0.0,0.0,0.0004651402123272,287.4745178222656,294.1499938964844,287.54998779296875,285.8323059082031,288.1373291015625,287.5500183105469,287.2907409667969,0.0,0.0,0.0,0.0,1.0,1.0,-0.0009921817108988,4.949912923990496e-09,0.0009921768214553,-0.0120203737169504,0.0,0.0,0.0,-0.0072666979394853,60.0,0.176637977361679,-0.0,-6.711847788665183e-08,0.0,283.1598205566406,287.84234619140625,290.39013671875,290.6860046386719,293.1499938964844,293.1499938964844,278.1499938964844,0.0,18000.0,313.1499938964844,0.0,18000.0,0.0,0.0,0.0,0.0,0.0,0.0,0.0,0.0,0.0,-0.0,-0.0,-0.0,6.445913975451006e-21,3.222956987725503e-21,3.2229567857771112e-21,0.0,0.0,-0.0,0.0,0.0,0.0,0.0,0.0,0.0,0.0,0.0,0.0,4.0,0.0,0.0
12353460,298.1072082519531,303.1499938964844,285.1499938964844,0.0,-0.0,287.5577087402344,0.0,0.0,9.316740033682436e-05,298.0529479980469,303.1499938964844,285.1499938964844,0.0,-0.0,287.5576477050781,0.0,0.0,9.81097764451988e-05,298.1343078613281,303.1499938964844,285.1499938964844,0.0,-0.0,287.5576477050781,0.0,0.0,7.246354653034359e-05,297.8482971191406,303.1499938964844,285.1499938964844,0.0,-0.0,287.5576477050781,0.0,0.0,9.81097691692412e-05,298.16461181640625,303.1499938964844,285.1499938964844,0.0,-0.0,287.55780029296875,0.0,0.0,0.0004653904179576,287.4720458984375,294.1499938964844,287.54998779296875,285.8453674316406,288.1270751953125,287.5500183105469,287.2908630371094,0.0,0.0,0.0,0.0,1.0,1.0,-0.0009927151259034,5.0122785921757895e-09,0.0009927101200446,-0.0121837658807635,0.0,0.0,0.0,-0.0072976155206561,60.0,0.176640123128891,-0.0,-6.719065481775034e-08,0.0,283.1598205566406,287.84234619140625,290.39013671875,290.6860046386719,293.1499938964844,293.1499938964844,278.1499938964844,0.0,18000.0,313.1499938964844,0.0,18000.0,0.0,0.0,0.0,0.0,0.0,0.0,0.0,0.0,0.0,-0.0,-0.0,-0.0,6.445913975451006e-21,3.222956987725503e-21,3.2229567857771112e-21,0.0,0.0,-0.0,0.0,0.0,0.0,0.0,0.0,0.0,0.0,0.0,0.0,4.0,0.0,0.0
12353520,298.1072082519531,303.1499938964844,285.1499938964844,0.0,-0.0,287.5577087402344,0.0,0.0,9.316740033682436e-05,298.0529479980469,303.1499938964844,285.1499938964844,0.0,-0.0,287.5576477050781,0.0,0.0,9.81097764451988e-05,298.1343078613281,303.1499938964844,285.1499938964844,0.0,-0.0,287.5576477050781,0.0,0.0,7.246354653034359e-05,297.8482971191406,303.1499938964844,285.1499938964844,0.0,-0.0,287.5576477050781,0.0,0.0,9.81097691692412e-05,298.16461181640625,303.1499938964844,285.1499938964844,0.0,-0.0,287.55780029296875,0.0,0.0,0.0004653904179576,287.4720458984375,294.1499938964844,287.54998779296875,285.8453674316406,288.1270751953125,287.5500183105469,287.2908630371094,0.0,0.0,0.0,0.0,1.0,1.0,-0.0009927151259034,5.0122785921757895e-09,0.0009927101200446,-0.0121837658807635,0.0,0.0,0.0,-0.0072976155206561,60.0,0.176640123128891,-0.0,-6.719065481775034e-08,0.0,283.1598205566406,287.84234619140625,290.39013671875,290.6860046386719,293.1499938964844,293.1499938964844,278.1499938964844,0.0,18000.0,313.1499938964844,0.0,18000.0,0.0,0.0,0.0,0.0,0.0,0.0,0.0,0.0,0.0,-0.0,-0.0,-0.0,6.445913975451006e-21,3.222956987725503e-21,3.2229567857771112e-21,0.0,0.0,-0.0,0.0,0.0,0.0,0.0,0.0,0.0,0.0,0.0,0.0,4.0,0.0,0.0
12353580,298.1032409667969,303.1499938964844,285.1499938964844,0.0,-0.0,287.5549621582031,0.0,0.0,9.321571269538254e-05,298.0500183105469,303.1499938964844,285.1499938964844,0.0,-0.0,287.55487060546875,0.0,0.0,9.816064994083716e-05,298.13055419921875,303.1499938964844,285.1499938964844,0.0,-0.0,287.55487060546875,0.0,0.0,7.250111957546324e-05,297.8438415527344,303.1499938964844,285.1499938964844,0.0,-0.0,287.5549011230469,0.0,0.0,9.816064266487956e-05,298.1624755859375,303.1499938964844,285.1499938964844,0.0,-0.0,287.5550537109375,0.0,0.0,0.0004656317469198,287.4696350097656,294.1499938964844,287.54998779296875,285.8583068847656,288.116943359375,287.5500183105469,287.291015625,0.0,0.0,0.0,0.0,1.0,1.0,-0.0009932295652106,5.0724335842744495e-09,0.0009932244429364,-0.0123413652181625,0.0,0.0,0.0,-0.0073274369351565,60.0,0.1766400784254074,-0.0,-6.726031642756426e-08,0.0,283.1598205566406,287.84234619140625,290.39013671875,290.6860046386719,293.1499938964844,293.1499938964844,278.1499938964844,0.0,18000.0,313.1499938964844,0.0,18000.0,0.0,0.0,0.0,0.0,0.0,0.0,0.0,0.0,0.0,-0.0,-0.0,-0.0,6.445913975451006e-21,3.222956987725503e-21,3.2229567857771112e-21,0.0,0.0,-0.0,0.0,0.0,0.0,0.0,0.0,0.0,0.0,0.0,0.0,4.0,0.0,0.0
12353640,298.1032409667969,303.1499938964844,285.1499938964844,0.0,-0.0,287.5549621582031,0.0,0.0,9.321571269538254e-05,298.0500183105469,303.1499938964844,285.1499938964844,0.0,-0.0,287.55487060546875,0.0,0.0,9.816064994083716e-05,298.13055419921875,303.1499938964844,285.1499938964844,0.0,-0.0,287.55487060546875,0.0,0.0,7.250111957546324e-05,297.8438415527344,303.1499938964844,285.1499938964844,0.0,-0.0,287.5549011230469,0.0,0.0,9.816064266487956e-05,298.1624755859375,303.1499938964844,285.1499938964844,0.0,-0.0,287.5550537109375,0.0,0.0,0.0004656317469198,287.4696350097656,294.1499938964844,287.54998779296875,285.8583068847656,288.116943359375,287.5500183105469,287.291015625,0.0,0.0,0.0,0.0,1.0,1.0,-0.0009932295652106,5.0724335842744495e-09,0.0009932244429364,-0.0123413652181625,0.0,0.0,0.0,-0.0073274369351565,60.0,0.1766400784254074,-0.0,-6.726031642756426e-08,0.0,283.1598205566406,287.84234619140625,290.39013671875,290.6860046386719,293.1499938964844,293.1499938964844,278.1499938964844,0.0,18000.0,313.1499938964844,0.0,18000.0,0.0,0.0,0.0,0.0,0.0,0.0,0.0,0.0,0.0,-0.0,-0.0,-0.0,6.445913975451006e-21,3.222956987725503e-21,3.2229567857771112e-21,0.0,0.0,-0.0,0.0,0.0,0.0,0.0,0.0,0.0,0.0,0.0,0.0,4.0,0.0,0.0
12353700,298.10125732421875,303.1499938964844,285.1499938964844,0.0,-0.0,287.5535888671875,0.0,0.0,9.323890117229894e-05,298.0485534667969,303.1499938964844,285.1499938964844,0.0,-0.0,287.5534973144531,0.0,0.0,9.818506077863276e-05,298.1286926269531,303.1499938964844,285.1499938964844,0.0,-0.0,287.55352783203125,0.0,0.0,7.251914939843118e-05,297.8415832519531,303.1499938964844,285.1499938964844,0.0,-0.0,287.55352783203125,0.0,0.0,9.818506077863276e-05,298.161376953125,303.1499938964844,285.1499938964844,0.0,-0.0,287.5536804199219,0.0,0.0,0.0004657475510612,287.46844482421875,294.1499938964844,287.54998779296875,285.8646850585937,288.1119689941406,287.5500183105469,287.29107666015625,0.0,0.0,0.0,0.0,1.0,1.0,-0.0009934764821082,5.1012993829147035e-09,0.000993471359834,-0.0124169895425438,0.0,0.0,0.0,-0.0073417471721768,60.0,0.1766386926174163,-0.0,-6.729375456870913e-08,0.0,283.1598205566406,287.84234619140625,290.39013671875,290.6860046386719,293.1499938964844,293.1499938964844,278.1499938964844,0.0,18000.0,313.1499938964844,0.0,18000.0,0.0,0.0,0.0,0.0,0.0,0.0,0.0,0.0,0.0,-0.0,-0.0,-0.0,6.445913975451006e-21,3.222956987725503e-21,3.2229567857771112e-21,0.0,0.0,-0.0,0.0,0.0,0.0,0.0,0.0,0.0,0.0,0.0,0.0,4.0,0.0,0.0
12353760,298.0992736816406,303.1499938964844,285.1499938964844,0.0,-0.0,287.5522155761719,0.0,0.0,9.326133294962348e-05,298.0470886230469,303.1499938964844,285.1499938964844,0.0,-0.0,287.5521545410156,0.0,0.0,9.8208685813006e-05,298.1268310546875,303.1499938964844,285.1499938964844,0.0,-0.0,287.5521545410156,0.0,0.0,7.253660442074761e-05,297.8393249511719,303.1499938964844,285.1499938964844,0.0,-0.0,287.5521545410156,0.0,0.0,9.8208685813006e-05,298.1602478027344,303.1499938964844,285.1499938964844,0.0,-0.0,287.55230712890625,0.0,0.0,0.0004658596299123,287.4672241210937,294.1499938964844,287.54998779296875,285.8710021972656,288.1070251464844,287.5500183105469,287.2911682128906,0.0,0.0,0.0,0.0,1.0,1.0,-0.0009937152499333,5.129231706035853e-09,0.0009937101276591,-0.0124901682138443,0.0,0.0,0.0,-0.0073555945418775,60.0,0.1766362190246582,-0.0,-6.732611979032299e-08,0.0,283.1598205566406,287.84234619140625,290.39013671875,290.6860046386719,293.1499938964844,293.1499938964844,278.1499938964844,0.0,18000.0,313.1499938964844,0.0,18000.0,0.0,0.0,0.0,0.0,0.0,0.0,0.0,0.0,0.0,-0.0,-0.0,-0.0,6.445913975451006e-21,3.222956987725503e-21,3.2229567857771112e-21,0.0,0.0,-0.0,0.0,0.0,0.0,0.0,0.0,0.0,0.0,0.0,0.0,4.0,0.0,0.0
12353820,298.09527587890625,303.1499938964844,285.1499938964844,0.0,-0.0,287.54949951171875,0.0,0.0,9.33038245420903e-05,298.0440979003906,303.1499938964844,285.1499938964844,0.0,-0.0,287.5494384765625,0.0,0.0,9.825343295233324e-05,298.12310791015625,303.1499938964844,285.1499938964844,0.0,-0.0,287.5494384765625,0.0,0.0,7.256965182023123e-05,297.83477783203125,303.1499938964844,285.1499938964844,0.0,-0.0,287.5494689941406,0.0,0.0,9.825342567637564e-05,298.1579284667969,303.1499938964844,285.1499938964844,0.0,-0.0,287.5495910644531,0.0,0.0,0.0004660718550439,287.4648742675781,294.1499938964844,287.54998779296875,285.8834228515625,288.0972595214844,287.5500183105469,287.2912902832031,0.0,0.0,0.0,0.0,1.0,1.0,-0.0009941677562892,5.182130280445563e-09,0.0009941625175997,-0.0126287555322051,0.0,0.0,0.0,-0.0073818187229335,60.0,0.176627516746521,-0.0,-6.738743252299173e-08,0.0,283.1598205566406,287.84234619140625,290.39013671875,290.6860046386719,293.1499938964844,293.1499938964844,278.1499938964844,0.0,18000.0,313.1499938964844,0.0,18000.0,0.0,0.0,0.0,0.0,0.0,0.0,0.0,0.0,0.0,-0.0,-0.0,-0.0,6.445913975451006e-21,3.222956987725503e-21,3.2229567857771112e-21,0.0,0.0,-0.0,0.0,0.0,0.0,0.0,0.0,0.0,0.0,0.0,0.0,4.0,0.0,0.0
12353880,298.09527587890625,303.1499938964844,285.1499938964844,0.0,-0.0,287.54949951171875,0.0,0.0,9.33038245420903e-05,298.0440979003906,303.1499938964844,285.1499938964844,0.0,-0.0,287.5494384765625,0.0,0.0,9.825343295233324e-05,298.12310791015625,303.1499938964844,285.1499938964844,0.0,-0.0,287.5494384765625,0.0,0.0,7.256965182023123e-05,297.83477783203125,303.1499938964844,285.1499938964844,0.0,-0.0,287.5494689941406,0.0,0.0,9.825342567637564e-05,298.1579284667969,303.1499938964844,285.1499938964844,0.0,-0.0,287.5495910644531,0.0,0.0,0.0004660718550439,287.4648742675781,294.1499938964844,287.54998779296875,285.8834228515625,288.0972595214844,287.5500183105469,287.2912902832031,0.0,0.0,0.0,0.0,1.0,1.0,-0.0009941677562892,5.182130280445563e-09,0.0009941625175997,-0.0126287555322051,0.0,0.0,0.0,-0.0073818187229335,60.0,0.176627516746521,-0.0,-6.738743252299173e-08,0.0,283.1598205566406,287.84234619140625,290.39013671875,290.6860046386719,293.1499938964844,293.1499938964844,278.1499938964844,0.0,18000.0,313.1499938964844,0.0,18000.0,0.0,0.0,0.0,0.0,0.0,0.0,0.0,0.0,0.0,-0.0,-0.0,-0.0,6.445913975451006e-21,3.222956987725503e-21,3.2229567857771112e-21,0.0,0.0,-0.0,0.0,0.0,0.0,0.0,0.0,0.0,0.0,0.0,0.0,4.0,0.0,0.0
12353940,298.09130859375,303.1499938964844,285.1499938964844,0.0,-0.0,287.5468444824219,0.0,0.0,9.334318747278304e-05,298.04107666015625,303.1499938964844,285.1499938964844,0.0,-0.0,287.5467529296875,0.0,0.0,9.829488408286124e-05,298.119384765625,303.1499938964844,285.1499938964844,0.0,-0.0,287.5467529296875,0.0,0.0,7.26002617739141e-05,297.8302307128906,303.1499938964844,285.1499938964844,0.0,-0.0,287.5467834472656,0.0,0.0,9.829487680690364e-05,298.155517578125,303.1499938964844,285.1499938964844,0.0,-0.0,287.5469055175781,0.0,0.0,0.0004662684805225,287.4625549316406,294.1499938964844,287.54998779296875,285.8954467773437,288.087646484375,287.5500183105469,287.2914428710937,0.0,0.0,0.0,0.0,1.0,1.0,-0.0009945868514478,5.231135524752517e-09,0.0009945816127583,-0.0127571420744061,0.0,0.0,0.0,-0.0074061127379536,60.0,0.1766136139631271,-0.0,-6.744426173099782e-08,0.0,283.1598205566406,287.84234619140625,290.39013671875,290.6860046386719,293.1499938964844,293.1499938964844,278.1499938964844,0.0,18000.0,313.1499938964844,0.0,18000.0,0.0,0.0,0.0,0.0,0.0,0.0,0.0,0.0,0.0,-0.0,-0.0,-0.0,6.445913975451006e-21,3.222956987725503e-21,3.2229567857771112e-21,0.0,0.0,-0.0,0.0,0.0,0.0,0.0,0.0,0.0,0.0,0.0,0.0,4.0,0.0,0.0
12354000,298.09130859375,303.1499938964844,285.1499938964844,0.0,-0.0,287.5468444824219,0.0,0.0,9.334318747278304e-05,298.04107666015625,303.1499938964844,285.1499938964844,0.0,-0.0,287.5467529296875,0.0,0.0,9.829488408286124e-05,298.119384765625,303.1499938964844,285.1499938964844,0.0,-0.0,287.5467529296875,0.0,0.0,7.26002617739141e-05,297.8302307128906,303.1499938964844,285.1499938964844,0.0,-0.0,287.5467834472656,0.0,0.0,9.829487680690364e-05,298.155517578125,303.1499938964844,285.1499938964844,0.0,-0.0,287.5469055175781,0.0,0.0,0.0004662684805225,287.4625549316406,294.1499938964844,287.54998779296875,285.8954467773437,288.087646484375,287.5500183105469,287.2914428710937,0.0,0.0,0.0,0.0,1.0,1.0,-0.0009945868514478,5.231135524752517e-09,0.0009945816127583,-0.0127571420744061,0.0,0.0,0.0,-0.0074061127379536,60.0,0.1766136139631271,-0.0,-6.744426173099782e-08,0.0,283.1598205566406,287.84234619140625,290.39013671875,290.6860046386719,293.1499938964844,293.1499938964844,278.1499938964844,0.0,18000.0,313.1499938964844,0.0,18000.0,0.0,0.0,0.0,0.0,0.0,0.0,0.0,0.0,0.0,-0.0,-0.0,-0.0,6.445913975451006e-21,3.222956987725503e-21,3.2229567857771112e-21,0.0,0.0,-0.0,0.0,0.0,0.0,0.0,0.0,0.0,0.0,0.0,0.0,4.0,0.0,0.0
12354060,298.0873413085937,303.1499938964844,285.1499938964844,0.0,-0.0,287.5441589355469,0.0,0.0,9.337873780168592e-05,298.0380554199219,303.1499938964844,285.1499938964844,0.0,-0.0,287.5440979003906,0.0,0.0,9.833231888478622e-05,298.11572265625,303.1499938964844,285.1499938964844,0.0,-0.0,287.5440979003906,0.0,0.0,7.262791768880561e-05,297.82574462890625,303.1499938964844,285.1499938964844,0.0,-0.0,287.54412841796875,0.0,0.0,9.83323116088286e-05,298.15301513671875,303.1499938964844,285.1499938964844,0.0,-0.0,287.54425048828125,0.0,0.0,0.000466446072096,287.4602355957031,294.1499938964844,287.54998779296875,285.9070129394531,288.0782165527344,287.5500183105469,287.29156494140625,0.0,0.0,0.0,0.0,1.0,1.0,-0.000994965317659,5.2753925672277555e-09,0.0009949600789695,-0.0128730870783329,0.0,0.0,0.0,-0.0074280528351664,60.0,0.176593467593193,-0.0,-6.749560554908386e-08,0.0,283.1598205566406,287.84234619140625,290.39013671875,290.6860046386719,293.1499938964844,293.1499938964844,278.1499938964844,0.0,18000.0,313.1499938964844,0.0,18000.0,0.0,0.0,0.0,0.0,0.0,0.0,0.0,0.0,0.0,-0.0,-0.0,-0.0,6.445913975451006e-21,3.222956987725503e-21,3.2229567857771112e-21,0.0,0.0,-0.0,0.0,0.0,0.0,0.0,0.0,0.0,0.0,0.0,0.0,4.0,0.0,0.0
12354120,298.0873413085937,303.1499938964844,285.1499938964844,0.0,-0.0,287.5441589355469,0.0,0.0,9.337873780168592e-05,298.0380554199219,303.1499938964844,285.1499938964844,0.0,-0.0,287.5440979003906,0.0,0.0,9.833231888478622e-05,298.11572265625,303.1499938964844,285.1499938964844,0.0,-0.0,287.5440979003906,0.0,0.0,7.262791768880561e-05,297.82574462890625,303.1499938964844,285.1499938964844,0.0,-0.0,287.54412841796875,0.0,0.0,9.83323116088286e-05,298.15301513671875,303.1499938964844,285.1499938964844,0.0,-0.0,287.54425048828125,0.0,0.0,0.000466446072096,287.4602355957031,294.1499938964844,287.54998779296875,285.9070129394531,288.0782165527344,287.5500183105469,287.29156494140625,0.0,0.0,0.0,0.0,1.0,1.0,-0.000994965317659,5.2753925672277555e-09,0.0009949600789695,-0.0128730870783329,0.0,0.0,0.0,-0.0074280528351664,60.0,0.176593467593193,-0.0,-6.749560554908386e-08,0.0,283.1598205566406,287.84234619140625,290.39013671875,290.6860046386719,293.1499938964844,293.1499938964844,278.1499938964844,0.0,18000.0,313.1499938964844,0.0,18000.0,0.0,0.0,0.0,0.0,0.0,0.0,0.0,0.0,0.0,-0.0,-0.0,-0.0,6.445913975451006e-21,3.222956987725503e-21,3.2229567857771112e-21,0.0,0.0,-0.0,0.0,0.0,0.0,0.0,0.0,0.0,0.0,0.0,0.0,4.0,0.0,0.0
12354180,298.0834045410156,303.1499938964844,285.1499938964844,0.0,-0.0,287.5415344238281,0.0,0.0,9.341061377199368e-05,298.0350036621094,303.1499938964844,285.1499938964844,0.0,-0.0,287.5414733886719,0.0,0.0,9.836588287726045e-05,298.112060546875,303.1499938964844,285.1499938964844,0.0,-0.0,287.5414733886719,0.0,0.0,7.265270687639713e-05,297.8213195800781,303.1499938964844,285.1499938964844,0.0,-0.0,287.54150390625,0.0,0.0,9.836588287726045e-05,298.1504821777344,303.1499938964844,285.1499938964844,0.0,-0.0,287.5416259765625,0.0,0.0,0.0004666052991524,287.4579772949219,294.1499938964844,287.54998779296875,285.9180603027344,288.0689392089844,287.5500183105469,287.2917175292969,0.0,0.0,0.0,0.0,1.0,1.0,-0.0009953046683222,5.315068385414179e-09,0.0009952993132174,-0.0129770310595631,0.0,0.0,0.0,-0.0074477223679423,60.0,0.1765669882297516,-0.0,-6.75416487183611e-08,0.0,283.1598205566406,287.84234619140625,290.39013671875,290.6860046386719,293.1499938964844,293.1499938964844,278.1499938964844,0.0,18000.0,313.1499938964844,0.0,18000.0,0.0,0.0,0.0,0.0,0.0,0.0,0.0,0.0,0.0,-0.0,-0.0,-0.0,6.445913975451006e-21,3.222956987725503e-21,3.2229567857771112e-21,0.0,0.0,-0.0,0.0,0.0,0.0,0.0,0.0,0.0,0.0,0.0,0.0,4.0,0.0,0.0
12354240,298.0834045410156,303.1499938964844,285.1499938964844,0.0,-0.0,287.5415344238281,0.0,0.0,9.341061377199368e-05,298.0350036621094,303.1499938964844,285.1499938964844,0.0,-0.0,287.5414733886719,0.0,0.0,9.836588287726045e-05,298.112060546875,303.1499938964844,285.1499938964844,0.0,-0.0,287.5414733886719,0.0,0.0,7.265270687639713e-05,297.8213195800781,303.1499938964844,285.1499938964844,0.0,-0.0,287.54150390625,0.0,0.0,9.836588287726045e-05,298.1504821777344,303.1499938964844,285.1499938964844,0.0,-0.0,287.5416259765625,0.0,0.0,0.0004666052991524,287.4579772949219,294.1499938964844,287.54998779296875,285.9180603027344,288.0689392089844,287.5500183105469,287.2917175292969,0.0,0.0,0.0,0.0,1.0,1.0,-0.0009953046683222,5.315068385414179e-09,0.0009952993132174,-0.0129770310595631,0.0,0.0,0.0,-0.0074477223679423,60.0,0.1765669882297516,-0.0,-6.75416487183611e-08,0.0,283.1598205566406,287.84234619140625,290.39013671875,290.6860046386719,293.1499938964844,293.1499938964844,278.1499938964844,0.0,18000.0,313.1499938964844,0.0,18000.0,0.0,0.0,0.0,0.0,0.0,0.0,0.0,0.0,0.0,-0.0,-0.0,-0.0,6.445913975451006e-21,3.222956987725503e-21,3.2229567857771112e-21,0.0,0.0,-0.0,0.0,0.0,0.0,0.0,0.0,0.0,0.0,0.0,0.0,4.0,0.0,0.0
12354300,298.0814514160156,303.1499938964844,285.1499938964844,0.0,-0.0,287.54022216796875,0.0,0.0,9.342500561615452e-05,298.0334777832031,303.1499938964844,285.1499938964844,0.0,-0.0,287.5401611328125,0.0,0.0,9.83810459729284e-05,298.1102294921875,303.1499938964844,285.1499938964844,0.0,-0.0,287.5401611328125,0.0,0.0,7.266390457516536e-05,297.8191223144531,303.1499938964844,285.1499938964844,0.0,-0.0,287.5401916503906,0.0,0.0,9.83810386969708e-05,298.149169921875,303.1499938964844,285.1499938964844,0.0,-0.0,287.5403137207031,0.0,0.0,0.0004666772147174,287.45684814453125,294.1499938964844,287.54998779296875,285.92333984375,288.0643615722656,287.54998779296875,287.2917785644531,0.0,0.0,0.0,0.0,1.0,1.0,-0.0009954578708857,5.3329882732100495e-09,0.0009954525157809,-0.0130239771679043,0.0,0.0,0.0,-0.0074566057883203,60.0,0.1765509098768234,-0.0,-6.75624463042368e-08,0.0,283.1598205566406,287.84234619140625,290.39013671875,290.6860046386719,293.1499938964844,293.1499938964844,278.1499938964844,0.0,18000.0,313.1499938964844,0.0,18000.0,0.0,0.0,0.0,0.0,0.0,0.0,0.0,0.0,0.0,-0.0,-0.0,-0.0,6.445913975451006e-21,3.222956987725503e-21,3.2229567857771112e-21,0.0,0.0,-0.0,0.0,0.0,0.0,0.0,0.0,0.0,0.0,0.0,0.0,4.0,0.0,0.0
12354360,298.0794982910156,303.1499938964844,285.1499938964844,0.0,-0.0,287.5389404296875,0.0,0.0,9.343834972241892e-05,298.0319519042969,303.1499938964844,285.1499938964844,0.0,-0.0,287.5388488769531,0.0,0.0,9.83950958470814e-05,298.1084289550781,303.1499938964844,285.1499938964844,0.0,-0.0,287.53887939453125,0.0,0.0,7.267428009072319e-05,297.8169860839844,303.1499938964844,285.1499938964844,0.0,-0.0,287.53887939453125,0.0,0.0,9.839508857112378e-05,298.1478271484375,303.1499938964844,285.1499938964844,0.0,-0.0,287.5390014648437,0.0,0.0,0.0004667438624892,287.4557189941406,294.1499938964844,287.54998779296875,285.9284973144531,288.059814453125,287.54998779296875,287.2918395996094,0.0,0.0,0.0,0.0,1.0,1.0,-0.0009955998975783,5.349590992409503e-09,0.0009955945424735,-0.0130674736574292,0.0,0.0,0.0,-0.0074648363515734,60.0,0.1765330582857132,-0.0,-6.758172332865797e-08,0.0,283.1598205566406,287.84234619140625,290.39013671875,290.6860046386719,293.1499938964844,293.1499938964844,278.1499938964844,0.0,18000.0,313.1499938964844,0.0,18000.0,0.0,0.0,0.0,0.0,0.0,0.0,0.0,0.0,0.0,-0.0,-0.0,-0.0,6.445913975451006e-21,3.222956987725503e-21,3.2229567857771112e-21,0.0,0.0,-0.0,0.0,0.0,0.0,0.0,0.0,0.0,0.0,0.0,0.0,4.0,0.0,0.0
12354420,298.0756530761719,303.1499938964844,285.1499938964844,0.0,-0.0,287.5363464355469,0.0,0.0,9.346164006274194e-05,298.0289001464844,303.1499938964844,285.1499938964844,0.0,-0.0,287.5362854003906,0.0,0.0,9.84196158242412e-05,298.1048278808594,303.1499938964844,285.1499938964844,0.0,-0.0,287.5362854003906,0.0,0.0,7.26923972251825e-05,297.8127746582031,303.1499938964844,285.1499938964844,0.0,-0.0,287.5362854003906,0.0,0.0,9.84196158242412e-05,298.1451416015625,303.1499938964844,285.1499938964844,0.0,-0.0,287.53643798828125,0.0,0.0,0.0004668601904995,287.4535217285156,294.1499938964844,287.54998779296875,285.938232421875,288.0508728027344,287.54998779296875,287.2919616699219,0.0,0.0,0.0,0.0,1.0,1.0,-0.0009958477457985,5.378571366065898e-09,0.0009958423906937,-0.0131433960050344,0.0,0.0,0.0,-0.0074792033992707,60.0,0.1764914840459823,-0.0,-6.761537463262357e-08,0.0,283.1598205566406,287.84234619140625,290.39013671875,290.6860046386719,293.1499938964844,293.1499938964844,278.1499938964844,0.0,18000.0,313.1499938964844,0.0,18000.0,0.0,0.0,0.0,0.0,0.0,0.0,0.0,0.0,0.0,-0.0,-0.0,-0.0,6.445913975451006e-21,3.222956987725503e-21,3.2229567857771112e-21,0.0,0.0,-0.0,0.0,0.0,0.0,0.0,0.0,0.0,0.0,0.0,0.0,4.0,0.0,0.0
12354480,298.0756530761719,303.1499938964844,285.1499938964844,0.0,-0.0,287.5363464355469,0.0,0.0,9.346164006274194e-05,298.0289001464844,303.1499938964844,285.1499938964844,0.0,-0.0,287.5362854003906,0.0,0.0,9.84196158242412e-05,298.1048278808594,303.1499938964844,285.1499938964844,0.0,-0.0,287.5362854003906,0.0,0.0,7.26923972251825e-05,297.8127746582031,303.1499938964844,285.1499938964844,0.0,-0.0,287.5362854003906,0.0,0.0,9.84196158242412e-05,298.1451416015625,303.1499938964844,285.1499938964844,0.0,-0.0,287.53643798828125,0.0,0.0,0.0004668601904995,287.4535217285156,294.1499938964844,287.54998779296875,285.938232421875,288.0508728027344,287.54998779296875,287.2919616699219,0.0,0.0,0.0,0.0,1.0,1.0,-0.0009958477457985,5.378571366065898e-09,0.0009958423906937,-0.0131433960050344,0.0,0.0,0.0,-0.0074792033992707,60.0,0.1764914840459823,-0.0,-6.761537463262357e-08,0.0,283.1598205566406,287.84234619140625,290.39013671875,290.6860046386719,293.1499938964844,293.1499938964844,278.1499938964844,0.0,18000.0,313.1499938964844,0.0,18000.0,0.0,0.0,0.0,0.0,0.0,0.0,0.0,0.0,0.0,-0.0,-0.0,-0.0,6.445913975451006e-21,3.222956987725503e-21,3.2229567857771112e-21,0.0,0.0,-0.0,0.0,0.0,0.0,0.0,0.0,0.0,0.0,0.0,0.0,4.0,0.0,0.0
12354540,298.0718688964844,303.1499938964844,285.1499938964844,0.0,-0.0,287.5337829589844,0.0,0.0,9.348074672743678e-05,298.0258178710937,303.1499938964844,285.1499938964844,0.0,-0.0,287.5337219238281,0.0,0.0,9.843974112300202e-05,298.1012878417969,303.1499938964844,285.1499938964844,0.0,-0.0,287.5337219238281,0.0,0.0,7.270725473063067e-05,297.8086853027344,303.1499938964844,285.1499938964844,0.0,-0.0,287.53375244140625,0.0,0.0,9.843974112300202e-05,298.142333984375,303.1499938964844,285.1499938964844,0.0,-0.0,287.53387451171875,0.0,0.0,0.0004669556510634,287.4513244628906,294.1499938964844,287.54998779296875,285.9472045898437,288.0420837402344,287.54998779296875,287.2921142578125,0.0,0.0,0.0,0.0,1.0,1.0,-0.0009960511233657,5.402345681915221e-09,0.0009960456518456,-0.013205680064857,0.0,0.0,0.0,-0.0074909892864525,60.0,0.176442340016365,-0.0,-6.764298632333522e-08,0.0,283.1598205566406,287.84234619140625,290.39013671875,290.6860046386719,293.1499938964844,293.1499938964844,278.1499938964844,0.0,18000.0,313.1499938964844,0.0,18000.0,0.0,0.0,0.0,0.0,0.0,0.0,0.0,0.0,0.0,-0.0,-0.0,-0.0,6.445913975451006e-21,3.222956987725503e-21,3.2229567857771112e-21,0.0,0.0,-0.0,0.0,0.0,0.0,0.0,0.0,0.0,0.0,0.0,0.0,4.0,0.0,0.0
12354600,298.0718688964844,303.1499938964844,285.1499938964844,0.0,-0.0,287.5337829589844,0.0,0.0,9.348074672743678e-05,298.0258178710937,303.1499938964844,285.1499938964844,0.0,-0.0,287.5337219238281,0.0,0.0,9.843974112300202e-05,298.1012878417969,303.1499938964844,285.1499938964844,0.0,-0.0,287.5337219238281,0.0,0.0,7.270725473063067e-05,297.8086853027344,303.1499938964844,285.1499938964844,0.0,-0.0,287.53375244140625,0.0,0.0,9.843974112300202e-05,298.142333984375,303.1499938964844,285.1499938964844,0.0,-0.0,287.53387451171875,0.0,0.0,0.0004669556510634,287.4513244628906,294.1499938964844,287.54998779296875,285.9472045898437,288.0420837402344,287.54998779296875,287.2921142578125,0.0,0.0,0.0,0.0,1.0,1.0,-0.0009960511233657,5.402345681915221e-09,0.0009960456518456,-0.013205680064857,0.0,0.0,0.0,-0.0074909892864525,60.0,0.176442340016365,-0.0,-6.764298632333522e-08,0.0,283.1598205566406,287.84234619140625,290.39013671875,290.6860046386719,293.1499938964844,293.1499938964844,278.1499938964844,0.0,18000.0,313.1499938964844,0.0,18000.0,0.0,0.0,0.0,0.0,0.0,0.0,0.0,0.0,0.0,-0.0,-0.0,-0.0,6.445913975451006e-21,3.222956987725503e-21,3.2229567857771112e-21,0.0,0.0,-0.0,0.0,0.0,0.0,0.0,0.0,0.0,0.0,0.0,0.0,4.0,0.0,0.0
12354660,298.06817626953125,303.1499938964844,285.1499938964844,0.0,-0.0,287.53125,0.0,0.0,9.349494939669968e-05,298.02276611328125,303.1499938964844,285.1499938964844,0.0,-0.0,287.5311889648437,0.0,0.0,9.845469321589916e-05,298.0977478027344,303.1499938964844,285.1499938964844,0.0,-0.0,287.5311889648437,0.0,0.0,7.2718299634289e-05,297.8047790527344,303.1499938964844,285.1499938964844,0.0,-0.0,287.5312194824219,0.0,0.0,9.845469321589916e-05,298.1394958496094,303.1499938964844,285.1499938964844,0.0,-0.0,287.5313415527344,0.0,0.0,0.0004670265770982,287.4491577148437,294.1499938964844,287.54998779296875,285.955322265625,288.0334167480469,287.54998779296875,287.292236328125,0.0,0.0,0.0,0.0,1.0,1.0,-0.0009962021140381,5.42000222480965e-09,0.0009961967589333,-0.0132519360631704,0.0,0.0,0.0,-0.0074997427873313,60.0,0.1763849109411239,-0.0,-6.76634996921166e-08,0.0,283.1598205566406,287.84234619140625,290.39013671875,290.6860046386719,293.1499938964844,293.1499938964844,278.1499938964844,0.0,18000.0,313.1499938964844,0.0,18000.0,0.0,0.0,0.0,0.0,0.0,0.0,0.0,0.0,0.0,-0.0,-0.0,-0.0,6.445913975451006e-21,3.222956987725503e-21,3.2229567857771112e-21,0.0,0.0,-0.0,0.0,0.0,0.0,0.0,0.0,0.0,0.0,0.0,0.0,4.0,0.0,0.0
12354720,298.06817626953125,303.1499938964844,285.1499938964844,0.0,-0.0,287.53125,0.0,0.0,9.349494939669968e-05,298.02276611328125,303.1499938964844,285.1499938964844,0.0,-0.0,287.5311889648437,0.0,0.0,9.845469321589916e-05,298.0977478027344,303.1499938964844,285.1499938964844,0.0,-0.0,287.5311889648437,0.0,0.0,7.2718299634289e-05,297.8047790527344,303.1499938964844,285.1499938964844,0.0,-0.0,287.5312194824219,0.0,0.0,9.845469321589916e-05,298.1394958496094,303.1499938964844,285.1499938964844,0.0,-0.0,287.5313415527344,0.0,0.0,0.0004670265770982,287.4491577148437,294.1499938964844,287.54998779296875,285.955322265625,288.0334167480469,287.54998779296875,287.292236328125,0.0,0.0,0.0,0.0,1.0,1.0,-0.0009962021140381,5.42000222480965e-09,0.0009961967589333,-0.0132519360631704,0.0,0.0,0.0,-0.0074997427873313,60.0,0.1763849109411239,-0.0,-6.76634996921166e-08,0.0,283.1598205566406,287.84234619140625,290.39013671875,290.6860046386719,293.1499938964844,293.1499938964844,278.1499938964844,0.0,18000.0,313.1499938964844,0.0,18000.0,0.0,0.0,0.0,0.0,0.0,0.0,0.0,0.0,0.0,-0.0,-0.0,-0.0,6.445913975451006e-21,3.222956987725503e-21,3.2229567857771112e-21,0.0,0.0,-0.0,0.0,0.0,0.0,0.0,0.0,0.0,0.0,0.0,0.0,4.0,0.0,0.0
12354780,298.0645751953125,303.1499938964844,285.1499938964844,0.0,-0.0,287.5287475585937,0.0,0.0,9.35044081415981e-05,298.0197448730469,303.1499938964844,285.1499938964844,0.0,-0.0,287.5286865234375,0.0,0.0,9.8464654001873e-05,298.09429931640625,303.1499938964844,285.1499938964844,0.0,-0.0,287.5286865234375,0.0,0.0,7.272565562743694e-05,297.8010559082031,303.1499938964844,285.1499938964844,0.0,-0.0,287.5286865234375,0.0,0.0,9.846464672591536e-05,298.1366577148437,303.1499938964844,285.1499938964844,0.0,-0.0,287.52880859375,0.0,0.0,0.0004670738126151,287.447021484375,294.1499938964844,287.54998779296875,285.9625549316406,288.0249328613281,287.54998779296875,287.2923583984375,0.0,0.0,0.0,0.0,1.0,1.0,-0.0009963025804609,5.431750160767024e-09,0.0009962971089407,-0.0132827144116163,0.0,0.0,0.0,-0.0075055668130517,60.0,0.1763183325529098,-0.0,-6.767714921807055e-08,0.0,283.1598205566406,287.84234619140625,290.39013671875,290.6860046386719,293.1499938964844,293.1499938964844,278.1499938964844,0.0,18000.0,313.1499938964844,0.0,18000.0,0.0,0.0,0.0,0.0,0.0,0.0,0.0,0.0,0.0,-0.0,-0.0,-0.0,6.445913975451006e-21,3.222956987725503e-21,3.2229567857771112e-21,0.0,0.0,-0.0,0.0,0.0,0.0,0.0,0.0,0.0,0.0,0.0,0.0,4.0,0.0,0.0
12354840,298.0645751953125,303.1499938964844,285.1499938964844,0.0,-0.0,287.5287475585937,0.0,0.0,9.35044081415981e-05,298.0197448730469,303.1499938964844,285.1499938964844,0.0,-0.0,287.5286865234375,0.0,0.0,9.8464654001873e-05,298.09429931640625,303.1499938964844,285.1499938964844,0.0,-0.0,287.5286865234375,0.0,0.0,7.272565562743694e-05,297.8010559082031,303.1499938964844,285.1499938964844,0.0,-0.0,287.5286865234375,0.0,0.0,9.846464672591536e-05,298.1366577148437,303.1499938964844,285.1499938964844,0.0,-0.0,287.52880859375,0.0,0.0,0.0004670738126151,287.447021484375,294.1499938964844,287.54998779296875,285.9625549316406,288.0249328613281,287.54998779296875,287.2923583984375,0.0,0.0,0.0,0.0,1.0,1.0,-0.0009963025804609,5.431750160767024e-09,0.0009962971089407,-0.0132827144116163,0.0,0.0,0.0,-0.0075055668130517,60.0,0.1763183325529098,-0.0,-6.767714921807055e-08,0.0,283.1598205566406,287.84234619140625,290.39013671875,290.6860046386719,293.1499938964844,293.1499938964844,278.1499938964844,0.0,18000.0,313.1499938964844,0.0,18000.0,0.0,0.0,0.0,0.0,0.0,0.0,0.0,0.0,0.0,-0.0,-0.0,-0.0,6.445913975451006e-21,3.222956987725503e-21,3.2229567857771112e-21,0.0,0.0,-0.0,0.0,0.0,0.0,0.0,0.0,0.0,0.0,0.0,0.0,4.0,0.0,0.0
12354900,298.06280517578125,303.1499938964844,285.1499938964844,0.0,-0.0,287.5274963378906,0.0,0.0,9.350720938527957e-05,298.0182189941406,303.1499938964844,285.1499938964844,0.0,-0.0,287.5274353027344,0.0,0.0,9.846760804066436e-05,298.0925598144531,303.1499938964844,285.1499938964844,0.0,-0.0,287.5274353027344,0.0,0.0,7.272783841472119e-05,297.7992858886719,303.1499938964844,285.1499938964844,0.0,-0.0,287.5274658203125,0.0,0.0,9.846760076470672e-05,298.1352233886719,303.1499938964844,285.1499938964844,0.0,-0.0,287.5275573730469,0.0,0.0,0.0004670878406614,287.44598388671875,294.1499938964844,287.54998779296875,285.9657897949219,288.0207214355469,287.54998779296875,287.2924499511719,0.0,0.0,0.0,0.0,1.0,1.0,-0.0009963323827832,5.4352273792801514e-09,0.0009963269112631,-0.0132918236777186,0.0,0.0,0.0,-0.0075072906911373,60.0,0.1762816756963729,-0.0,-6.768118510080967e-08,0.0,283.1598205566406,287.84234619140625,290.39013671875,290.6860046386719,293.1499938964844,293.1499938964844,278.1499938964844,0.0,18000.0,313.1499938964844,0.0,18000.0,0.0,0.0,0.0,0.0,0.0,0.0,0.0,0.0,0.0,-0.0,-0.0,-0.0,6.445913975451006e-21,3.222956987725503e-21,3.2229567857771112e-21,0.0,0.0,-0.0,0.0,0.0,0.0,0.0,0.0,0.0,0.0,0.0,0.0,4.0,0.0,0.0
12354960,298.0610656738281,303.1499938964844,285.1499938964844,0.0,-0.0,287.5262451171875,0.0,0.0,9.350857726531105e-05,298.0167236328125,303.1499938964844,285.1499938964844,0.0,-0.0,287.52618408203125,0.0,0.0,9.846904140431434e-05,298.09088134765625,303.1499938964844,285.1499938964844,0.0,-0.0,287.52618408203125,0.0,0.0,7.272890070453286e-05,297.797607421875,303.1499938964844,285.1499938964844,0.0,-0.0,287.5262145996094,0.0,0.0,9.846904140431434e-05,298.1338195800781,303.1499938964844,285.1499938964844,0.0,-0.0,287.5263366699219,0.0,0.0,0.0004670946509577,287.4449462890625,294.1499938964844,287.54998779296875,285.96875,288.0165710449219,287.54998779296875,287.2925109863281,0.0,0.0,0.0,0.0,1.0,1.0,-0.0009963467018678,5.436908256939432e-09,0.0009963412303477,-0.0132962260395288,0.0,0.0,0.0,-0.0075081237591803,60.0,0.1762425601482391,-0.0,-6.768313909333301e-08,0.0,283.1598205566406,287.84234619140625,290.39013671875,290.6860046386719,293.1499938964844,293.1499938964844,278.1499938964844,0.0,18000.0,313.1499938964844,0.0,18000.0,0.0,0.0,0.0,0.0,0.0,0.0,0.0,0.0,0.0,-0.0,-0.0,-0.0,6.445913975451006e-21,3.222956987725503e-21,3.2229567857771112e-21,0.0,0.0,-0.0,0.0,0.0,0.0,0.0,0.0,0.0,0.0,0.0,0.0,4.0,0.0,0.0
12355020,298.0577087402344,303.1499938964844,285.1499938964844,0.0,-0.0,287.5238037109375,0.0,0.0,9.350688924314454e-05,298.01373291015625,303.1499938964844,285.1499938964844,0.0,-0.0,287.52374267578125,0.0,0.0,9.846726607065648e-05,298.0874938964844,303.1499938964844,285.1499938964844,0.0,-0.0,287.52374267578125,0.0,0.0,7.272759103216231e-05,297.7944030761719,303.1499938964844,285.1499938964844,0.0,-0.0,287.52374267578125,0.0,0.0,9.846726607065648e-05,298.1310119628906,303.1499938964844,285.1499938964844,0.0,-0.0,287.5238647460937,0.0,0.0,0.0004670862399507,287.44287109375,294.1499938964844,287.54998779296875,285.973876953125,288.0083923339844,287.54998779296875,287.2926330566406,0.0,0.0,0.0,0.0,1.0,1.0,-0.0009963285410776,5.434776184642942e-09,0.0009963230695575,-0.0132906408980488,0.0,0.0,0.0,-0.0075070667080581,60.0,0.1761566549539566,-0.0,-6.768066640461258e-08,0.0,283.1598205566406,287.84234619140625,290.39013671875,290.6860046386719,293.1499938964844,293.1499938964844,278.1499938964844,0.0,18000.0,313.1499938964844,0.0,18000.0,0.0,0.0,0.0,0.0,0.0,0.0,0.0,0.0,0.0,-0.0,-0.0,-0.0,6.445913975451006e-21,3.222956987725503e-21,3.2229567857771112e-21,0.0,0.0,-0.0,0.0,0.0,0.0,0.0,0.0,0.0,0.0,0.0,0.0,4.0,0.0,0.0
12355080,298.0577087402344,303.1499938964844,285.1499938964844,0.0,-0.0,287.5238037109375,0.0,0.0,9.350688924314454e-05,298.01373291015625,303.1499938964844,285.1499938964844,0.0,-0.0,287.52374267578125,0.0,0.0,9.846726607065648e-05,298.0874938964844,303.1499938964844,285.1499938964844,0.0,-0.0,287.52374267578125,0.0,0.0,7.272759103216231e-05,297.7944030761719,303.1499938964844,285.1499938964844,0.0,-0.0,287.52374267578125,0.0,0.0,9.846726607065648e-05,298.1310119628906,303.1499938964844,285.1499938964844,0.0,-0.0,287.5238647460937,0.0,0.0,0.0004670862399507,287.44287109375,294.1499938964844,287.54998779296875,285.973876953125,288.0083923339844,287.54998779296875,287.2926330566406,0.0,0.0,0.0,0.0,1.0,1.0,-0.0009963285410776,5.434776184642942e-09,0.0009963230695575,-0.0132906408980488,0.0,0.0,0.0,-0.0075070667080581,60.0,0.1761566549539566,-0.0,-6.768066640461258e-08,0.0,283.1598205566406,287.84234619140625,290.39013671875,290.6860046386719,293.1499938964844,293.1499938964844,278.1499938964844,0.0,18000.0,313.1499938964844,0.0,18000.0,0.0,0.0,0.0,0.0,0.0,0.0,0.0,0.0,0.0,-0.0,-0.0,-0.0,6.445913975451006e-21,3.222956987725503e-21,3.2229567857771112e-21,0.0,0.0,-0.0,0.0,0.0,0.0,0.0,0.0,0.0,0.0,0.0,0.0,4.0,0.0,0.0
12355140,298.0544738769531,303.1499938964844,285.1499938964844,0.0,-0.0,287.5213623046875,0.0,0.0,9.349933679914102e-05,298.01080322265625,303.1499938964844,285.1499938964844,0.0,-0.0,287.52130126953125,0.0,0.0,9.845931344898418e-05,298.0841979980469,303.1499938964844,285.1499938964844,0.0,-0.0,287.52130126953125,0.0,0.0,7.272171933436766e-05,297.7915344238281,303.1499938964844,285.1499938964844,0.0,-0.0,287.52130126953125,0.0,0.0,9.845931344898418e-05,298.1282958984375,303.1499938964844,285.1499938964844,0.0,-0.0,287.5214233398437,0.0,0.0,0.0004670485213864,287.4407958984375,294.1499938964844,287.54998779296875,285.97784423828125,288.00030517578125,287.54998779296875,287.2927551269531,0.0,0.0,0.0,0.0,1.0,1.0,-0.0009962477488443,5.425334848041531e-09,0.0009962423937395,-0.0132659068331122,0.0,0.0,0.0,-0.0075023863464593,60.0,0.1760605275630951,-0.0,-6.766969562477243e-08,0.0,283.1598205566406,287.84234619140625,290.39013671875,290.6860046386719,293.1499938964844,293.1499938964844,278.1499938964844,0.0,18000.0,313.1499938964844,0.0,18000.0,0.0,0.0,0.0,0.0,0.0,0.0,0.0,0.0,0.0,-0.0,-0.0,-0.0,6.445913975451006e-21,3.222956987725503e-21,3.2229567857771112e-21,0.0,0.0,-0.0,0.0,0.0,0.0,0.0,0.0,0.0,0.0,0.0,0.0,4.0,0.0,0.0
12355200,298.0544738769531,303.1499938964844,285.1499938964844,0.0,-0.0,287.5213623046875,0.0,0.0,9.349933679914102e-05,298.01080322265625,303.1499938964844,285.1499938964844,0.0,-0.0,287.52130126953125,0.0,0.0,9.845931344898418e-05,298.0841979980469,303.1499938964844,285.1499938964844,0.0,-0.0,287.52130126953125,0.0,0.0,7.272171933436766e-05,297.7915344238281,303.1499938964844,285.1499938964844,0.0,-0.0,287.52130126953125,0.0,0.0,9.845931344898418e-05,298.1282958984375,303.1499938964844,285.1499938964844,0.0,-0.0,287.5214233398437,0.0,0.0,0.0004670485213864,287.4407958984375,294.1499938964844,287.54998779296875,285.97784423828125,288.00030517578125,287.54998779296875,287.2927551269531,0.0,0.0,0.0,0.0,1.0,1.0,-0.0009962477488443,5.425334848041531e-09,0.0009962423937395,-0.0132659068331122,0.0,0.0,0.0,-0.0075023863464593,60.0,0.1760605275630951,-0.0,-6.766969562477243e-08,0.0,283.1598205566406,287.84234619140625,290.39013671875,290.6860046386719,293.1499938964844,293.1499938964844,278.1499938964844,0.0,18000.0,313.1499938964844,0.0,18000.0,0.0,0.0,0.0,0.0,0.0,0.0,0.0,0.0,0.0,-0.0,-0.0,-0.0,6.445913975451006e-21,3.222956987725503e-21,3.2229567857771112e-21,0.0,0.0,-0.0,0.0,0.0,0.0,0.0,0.0,0.0,0.0,0.0,0.0,4.0,0.0,0.0
12355260,298.05145263671875,303.1499938964844,285.1499938964844,0.0,-0.0,287.5189514160156,0.0,0.0,9.348696767119692e-05,298.00799560546875,303.1499938964844,285.1499938964844,0.0,-0.0,287.5188903808594,0.0,0.0,9.84462894848548e-05,298.0810241699219,303.1499938964844,285.1499938964844,0.0,-0.0,287.5188903808594,0.0,0.0,7.27120932424441e-05,297.7890319824219,303.1499938964844,285.1499938964844,0.0,-0.0,287.5188903808594,0.0,0.0,9.84462894848548e-05,298.125732421875,303.1499938964844,285.1499938964844,0.0,-0.0,287.5190124511719,0.0,0.0,0.0004669867339543,287.43878173828125,294.1499938964844,287.54998779296875,285.97967529296875,287.9924011230469,287.54998779296875,287.2929077148437,0.0,0.0,0.0,0.0,1.0,1.0,-0.0009961157338693,5.409890757590574e-09,0.0009961102623492,-0.0132254464551806,0.0,0.0,0.0,-0.0074947304092347,60.0,0.1759533137083053,-0.0,-6.76517544206945e-08,0.0,283.1598205566406,287.84234619140625,290.39013671875,290.6860046386719,293.1499938964844,293.1499938964844,278.1499938964844,0.0,18000.0,313.1499938964844,0.0,18000.0,0.0,0.0,0.0,0.0,0.0,0.0,0.0,0.0,0.0,-0.0,-0.0,-0.0,6.445913975451006e-21,3.222956987725503e-21,3.2229567857771112e-21,0.0,0.0,-0.0,0.0,0.0,0.0,0.0,0.0,0.0,0.0,0.0,0.0,4.0,0.0,0.0
12355320,298.05145263671875,303.1499938964844,285.1499938964844,0.0,-0.0,287.5189514160156,0.0,0.0,9.348696767119692e-05,298.00799560546875,303.1499938964844,285.1499938964844,0.0,-0.0,287.5188903808594,0.0,0.0,9.84462894848548e-05,298.0810241699219,303.1499938964844,285.1499938964844,0.0,-0.0,287.5188903808594,0.0,0.0,7.27120932424441e-05,297.7890319824219,303.1499938964844,285.1499938964844,0.0,-0.0,287.5188903808594,0.0,0.0,9.84462894848548e-05,298.125732421875,303.1499938964844,285.1499938964844,0.0,-0.0,287.5190124511719,0.0,0.0,0.0004669867339543,287.43878173828125,294.1499938964844,287.54998779296875,285.97967529296875,287.9924011230469,287.54998779296875,287.2929077148437,0.0,0.0,0.0,0.0,1.0,1.0,-0.0009961157338693,5.409890757590574e-09,0.0009961102623492,-0.0132254464551806,0.0,0.0,0.0,-0.0074947304092347,60.0,0.1759533137083053,-0.0,-6.76517544206945e-08,0.0,283.1598205566406,287.84234619140625,290.39013671875,290.6860046386719,293.1499938964844,293.1499938964844,278.1499938964844,0.0,18000.0,313.1499938964844,0.0,18000.0,0.0,0.0,0.0,0.0,0.0,0.0,0.0,0.0,0.0,-0.0,-0.0,-0.0,6.445913975451006e-21,3.222956987725503e-21,3.2229567857771112e-21,0.0,0.0,-0.0,0.0,0.0,0.0,0.0,0.0,0.0,0.0,0.0,0.0,4.0,0.0,0.0
12355380,298.04864501953125,303.1499938964844,285.1499938964844,0.0,-0.0,287.5165405273437,0.0,0.0,9.347173909191042e-05,298.0053405761719,303.1499938964844,285.1499938964844,0.0,-0.0,287.5164794921875,0.0,0.0,9.843024599831553e-05,298.0780029296875,303.1499938964844,285.1499938964844,0.0,-0.0,287.5164794921875,0.0,0.0,7.270024798344821e-05,297.78692626953125,303.1499938964844,285.1499938964844,0.0,-0.0,287.5165100097656,0.0,0.0,9.843024599831553e-05,298.12335205078125,303.1499938964844,285.1499938964844,0.0,-0.0,287.5166320800781,0.0,0.0,0.0004669106274377,287.4367980957031,294.1499938964844,287.54998779296875,285.9786071777344,287.9845886230469,287.54998779296875,287.29302978515625,0.0,0.0,0.0,0.0,1.0,1.0,-0.0009959531016647,5.390877966249263e-09,0.0009959477465599,-0.013175637461245,0.0,0.0,0.0,-0.0074853049591183,60.0,0.1758390367031097,-0.0,-6.762967075246706e-08,0.0,283.1598205566406,287.84234619140625,290.39013671875,290.6860046386719,293.1499938964844,293.1499938964844,278.1499938964844,0.0,18000.0,313.1499938964844,0.0,18000.0,0.0,0.0,0.0,0.0,0.0,0.0,0.0,0.0,0.0,-0.0,-0.0,-0.0,6.445913975451006e-21,3.222956987725503e-21,3.2229567857771112e-21,0.0,0.0,-0.0,0.0,0.0,0.0,0.0,0.0,0.0,0.0,0.0,0.0,4.0,0.0,0.0
12355440,298.04864501953125,303.1499938964844,285.1499938964844,0.0,-0.0,287.5165405273437,0.0,0.0,9.347173909191042e-05,298.0053405761719,303.1499938964844,285.1499938964844,0.0,-0.0,287.5164794921875,0.0,0.0,9.843024599831553e-05,298.0780029296875,303.1499938964844,285.1499938964844,0.0,-0.0,287.5164794921875,0.0,0.0,7.270024798344821e-05,297.78692626953125,303.1499938964844,285.1499938964844,0.0,-0.0,287.5165100097656,0.0,0.0,9.843024599831553e-05,298.12335205078125,303.1499938964844,285.1499938964844,0.0,-0.0,287.5166320800781,0.0,0.0,0.0004669106274377,287.4367980957031,294.1499938964844,287.54998779296875,285.9786071777344,287.9845886230469,287.54998779296875,287.29302978515625,0.0,0.0,0.0,0.0,1.0,1.0,-0.0009959531016647,5.390877966249263e-09,0.0009959477465599,-0.013175637461245,0.0,0.0,0.0,-0.0074853049591183,60.0,0.1758390367031097,-0.0,-6.762967075246706e-08,0.0,283.1598205566406,287.84234619140625,290.39013671875,290.6860046386719,293.1499938964844,293.1499938964844,278.1499938964844,0.0,18000.0,313.1499938964844,0.0,18000.0,0.0,0.0,0.0,0.0,0.0,0.0,0.0,0.0,0.0,-0.0,-0.0,-0.0,6.445913975451006e-21,3.222956987725503e-21,3.2229567857771112e-21,0.0,0.0,-0.0,0.0,0.0,0.0,0.0,0.0,0.0,0.0,0.0,0.0,4.0,0.0,0.0
12355500,298.0473327636719,303.1499938964844,285.1499938964844,0.0,-0.0,287.5153503417969,0.0,0.0,9.346301521873102e-05,298.0040588378906,303.1499938964844,285.1499938964844,0.0,-0.0,287.5152893066406,0.0,0.0,9.842107101576404e-05,298.0765380859375,303.1499938964844,285.1499938964844,0.0,-0.0,287.5152893066406,0.0,0.0,7.269346679095179e-05,297.7859802246094,303.1499938964844,285.1499938964844,0.0,-0.0,287.51531982421875,0.0,0.0,9.84210637398064e-05,298.12225341796875,303.1499938964844,285.1499938964844,0.0,-0.0,287.51544189453125,0.0,0.0,0.0004668670881073,287.4358215332031,294.1499938964844,287.54998779296875,285.9770202636719,287.98077392578125,287.54998779296875,287.2930908203125,0.0,0.0,0.0,0.0,1.0,1.0,-0.0009958600858226,5.379999112875566e-09,0.0009958547307178,-0.0131471371278166,0.0,0.0,0.0,-0.0074799116700887,60.0,0.1757794320583343,-0.0,-6.761703730262525e-08,0.0,283.1598205566406,287.84234619140625,290.39013671875,290.6860046386719,293.1499938964844,293.1499938964844,278.1499938964844,0.0,18000.0,313.1499938964844,0.0,18000.0,0.0,0.0,0.0,0.0,0.0,0.0,0.0,0.0,0.0,-0.0,-0.0,-0.0,6.445913975451006e-21,3.222956987725503e-21,3.2229567857771112e-21,0.0,0.0,-0.0,0.0,0.0,0.0,0.0,0.0,0.0,0.0,0.0,0.0,4.0,0.0,0.0
12355560,298.04608154296875,303.1499938964844,285.1499938964844,0.0,-0.0,287.5141906738281,0.0,0.0,9.345365106128156e-05,298.0028076171875,303.1499938964844,285.1499938964844,0.0,-0.0,287.5141296386719,0.0,0.0,9.84112048172392e-05,298.0751037597656,303.1499938964844,285.1499938964844,0.0,-0.0,287.5141296386719,0.0,0.0,7.268618355737999e-05,297.7851257324219,303.1499938964844,285.1499938964844,0.0,-0.0,287.5141296386719,0.0,0.0,9.84112048172392e-05,298.1212158203125,303.1499938964844,285.1499938964844,0.0,-0.0,287.5142517089844,0.0,0.0,0.000466820289148,287.4348449707031,294.1499938964844,287.54998779296875,285.9748229980469,287.9769592285156,287.54998779296875,287.29315185546875,0.0,0.0,0.0,0.0,1.0,1.0,-0.0009957602014765,5.368316013942831e-09,0.0009957548463717,-0.0131165292114019,0.0,0.0,0.0,-0.0074741202406585,60.0,0.1757185310125351,-0.0,-6.760346593637223e-08,0.0,283.1598205566406,287.84234619140625,290.39013671875,290.6860046386719,293.1499938964844,293.1499938964844,278.1499938964844,0.0,18000.0,313.1499938964844,0.0,18000.0,0.0,0.0,0.0,0.0,0.0,0.0,0.0,0.0,0.0,-0.0,-0.0,-0.0,6.445913975451006e-21,3.222956987725503e-21,3.2229567857771112e-21,0.0,0.0,-0.0,0.0,0.0,0.0,0.0,0.0,0.0,0.0,0.0,0.0,4.0,0.0,0.0
12355620,298.0436706542969,303.1499938964844,285.1499938964844,0.0,-0.0,287.5118408203125,0.0,0.0,9.343292913399635e-05,298.0003967285156,303.1499938964844,285.1499938964844,0.0,-0.0,287.51177978515625,0.0,0.0,9.838938422035426e-05,298.0722961425781,303.1499938964844,285.1499938964844,0.0,-0.0,287.51177978515625,0.0,0.0,7.267006731126457e-05,297.7836303710937,303.1499938964844,285.1499938964844,0.0,-0.0,287.5118103027344,0.0,0.0,9.838938422035426e-05,298.1192321777344,303.1499938964844,285.1499938964844,0.0,-0.0,287.51190185546875,0.0,0.0,0.0004667167959269,287.4328918457031,294.1499938964844,287.54998779296875,285.96856689453125,287.9694519042969,287.54998779296875,287.2933044433594,0.0,0.0,0.0,0.0,1.0,1.0,-0.0009955391287803,5.342467801483508e-09,0.0009955337736755,-0.013048811815679,0.0,0.0,0.0,-0.0074613057076931,60.0,0.1755930036306381,-0.0,-6.757345261121372e-08,0.0,283.1598205566406,287.84234619140625,290.39013671875,290.6860046386719,293.1499938964844,293.1499938964844,278.1499938964844,0.0,18000.0,313.1499938964844,0.0,18000.0,0.0,0.0,0.0,0.0,0.0,0.0,0.0,0.0,0.0,-0.0,-0.0,-0.0,6.445913975451006e-21,3.222956987725503e-21,3.2229567857771112e-21,0.0,0.0,-0.0,0.0,0.0,0.0,0.0,0.0,0.0,0.0,0.0,0.0,4.0,0.0,0.0
12355680,298.0436706542969,303.1499938964844,285.1499938964844,0.0,-0.0,287.5118408203125,0.0,0.0,9.343292913399635e-05,298.0003967285156,303.1499938964844,285.1499938964844,0.0,-0.0,287.51177978515625,0.0,0.0,9.838938422035426e-05,298.0722961425781,303.1499938964844,285.1499938964844,0.0,-0.0,287.51177978515625,0.0,0.0,7.267006731126457e-05,297.7836303710937,303.1499938964844,285.1499938964844,0.0,-0.0,287.5118103027344,0.0,0.0,9.838938422035426e-05,298.1192321777344,303.1499938964844,285.1499938964844,0.0,-0.0,287.51190185546875,0.0,0.0,0.0004667167959269,287.4328918457031,294.1499938964844,287.54998779296875,285.96856689453125,287.9694519042969,287.54998779296875,287.2933044433594,0.0,0.0,0.0,0.0,1.0,1.0,-0.0009955391287803,5.342467801483508e-09,0.0009955337736755,-0.013048811815679,0.0,0.0,0.0,-0.0074613057076931,60.0,0.1755930036306381,-0.0,-6.757345261121372e-08,0.0,283.1598205566406,287.84234619140625,290.39013671875,290.6860046386719,293.1499938964844,293.1499938964844,278.1499938964844,0.0,18000.0,313.1499938964844,0.0,18000.0,0.0,0.0,0.0,0.0,0.0,0.0,0.0,0.0,0.0,-0.0,-0.0,-0.0,6.445913975451006e-21,3.222956987725503e-21,3.2229567857771112e-21,0.0,0.0,-0.0,0.0,0.0,0.0,0.0,0.0,0.0,0.0,0.0,0.0,4.0,0.0,0.0
12355740,298.0414123535156,303.1499938964844,285.1499938964844,0.0,-0.0,287.509521484375,0.0,0.0,9.340958786197008e-05,297.99810791015625,303.1499938964844,285.1499938964844,0.0,-0.0,287.50946044921875,0.0,0.0,9.836480603553356e-05,298.06964111328125,303.1499938964844,285.1499938964844,0.0,-0.0,287.50946044921875,0.0,0.0,7.265191379701719e-05,297.7823791503906,303.1499938964844,285.1499938964844,0.0,-0.0,287.5094909667969,0.0,0.0,9.836480603553356e-05,298.117431640625,303.1499938964844,285.1499938964844,0.0,-0.0,287.50958251953125,0.0,0.0,0.0004666002059821,287.43096923828125,294.1499938964844,287.54998779296875,285.9600830078125,287.9620666503906,287.54998779296875,287.2934265136719,0.0,0.0,0.0,0.0,1.0,1.0,-0.0009952901164069,5.3133546451533675e-09,0.0009952848777174,-0.0129725402221083,0.0,0.0,0.0,-0.0074468734674155,60.0,0.1754622012376785,-0.0,-6.753965919870097e-08,0.0,283.1598205566406,287.84234619140625,290.39013671875,290.6860046386719,293.1499938964844,293.1499938964844,278.1499938964844,0.0,18000.0,313.1499938964844,0.0,18000.0,0.0,0.0,0.0,0.0,0.0,0.0,0.0,0.0,0.0,-0.0,-0.0,-0.0,6.445913975451006e-21,3.222956987725503e-21,3.2229567857771112e-21,0.0,0.0,-0.0,0.0,0.0,0.0,0.0,0.0,0.0,0.0,0.0,0.0,4.0,0.0,0.0
12355800,298.0414123535156,303.1499938964844,285.1499938964844,0.0,-0.0,287.509521484375,0.0,0.0,9.340958786197008e-05,297.99810791015625,303.1499938964844,285.1499938964844,0.0,-0.0,287.50946044921875,0.0,0.0,9.836480603553356e-05,298.06964111328125,303.1499938964844,285.1499938964844,0.0,-0.0,287.50946044921875,0.0,0.0,7.265191379701719e-05,297.7823791503906,303.1499938964844,285.1499938964844,0.0,-0.0,287.5094909667969,0.0,0.0,9.836480603553356e-05,298.117431640625,303.1499938964844,285.1499938964844,0.0,-0.0,287.50958251953125,0.0,0.0,0.0004666002059821,287.43096923828125,294.1499938964844,287.54998779296875,285.9600830078125,287.9620666503906,287.54998779296875,287.2934265136719,0.0,0.0,0.0,0.0,1.0,1.0,-0.0009952901164069,5.3133546451533675e-09,0.0009952848777174,-0.0129725402221083,0.0,0.0,0.0,-0.0074468734674155,60.0,0.1754622012376785,-0.0,-6.753965919870097e-08,0.0,283.1598205566406,287.84234619140625,290.39013671875,290.6860046386719,293.1499938964844,293.1499938964844,278.1499938964844,0.0,18000.0,313.1499938964844,0.0,18000.0,0.0,0.0,0.0,0.0,0.0,0.0,0.0,0.0,0.0,-0.0,-0.0,-0.0,6.445913975451006e-21,3.222956987725503e-21,3.2229567857771112e-21,0.0,0.0,-0.0,0.0,0.0,0.0,0.0,0.0,0.0,0.0,0.0,0.0,4.0,0.0,0.0
12355860,298.0393371582031,303.1499938964844,285.1499938964844,0.0,-0.0,287.5072326660156,0.0,0.0,9.338377276435494e-05,297.9959411621094,303.1499938964844,285.1499938964844,0.0,-0.0,287.5071716308594,0.0,0.0,9.833762305788696e-05,298.06707763671875,303.1499938964844,285.1499938964844,0.0,-0.0,287.5071716308594,0.0,0.0,7.263183215400204e-05,297.7814025878906,303.1499938964844,285.1499938964844,0.0,-0.0,287.5071716308594,0.0,0.0,9.833761578192934e-05,298.1158142089844,303.1499938964844,285.1499938964844,0.0,-0.0,287.5072937011719,0.0,0.0,0.0004664712469093,287.4290771484375,294.1499938964844,287.54998779296875,285.9495544433594,287.954833984375,287.54998779296875,287.2935485839844,0.0,0.0,0.0,0.0,1.0,1.0,-0.0009950147941708,5.281160841974497e-09,0.0009950095554813,-0.0128881987184286,0.0,0.0,0.0,-0.0074309133924543,60.0,0.1753265559673309,-0.0,-6.750229886165472e-08,0.0,283.1598205566406,287.84234619140625,290.39013671875,290.6860046386719,293.1499938964844,293.1499938964844,278.1499938964844,0.0,18000.0,313.1499938964844,0.0,18000.0,0.0,0.0,0.0,0.0,0.0,0.0,0.0,0.0,0.0,-0.0,-0.0,-0.0,6.445913975451006e-21,3.222956987725503e-21,3.2229567857771112e-21,0.0,0.0,-0.0,0.0,0.0,0.0,0.0,0.0,0.0,0.0,0.0,0.0,4.0,0.0,0.0
12355920,298.0393371582031,303.1499938964844,285.1499938964844,0.0,-0.0,287.5072326660156,0.0,0.0,9.338377276435494e-05,297.9959411621094,303.1499938964844,285.1499938964844,0.0,-0.0,287.5071716308594,0.0,0.0,9.833762305788696e-05,298.06707763671875,303.1499938964844,285.1499938964844,0.0,-0.0,287.5071716308594,0.0,0.0,7.263183215400204e-05,297.7814025878906,303.1499938964844,285.1499938964844,0.0,-0.0,287.5071716308594,0.0,0.0,9.833761578192934e-05,298.1158142089844,303.1499938964844,285.1499938964844,0.0,-0.0,287.5072937011719,0.0,0.0,0.0004664712469093,287.4290771484375,294.1499938964844,287.54998779296875,285.9495544433594,287.954833984375,287.54998779296875,287.2935485839844,0.0,0.0,0.0,0.0,1.0,1.0,-0.0009950147941708,5.281160841974497e-09,0.0009950095554813,-0.0128881987184286,0.0,0.0,0.0,-0.0074309133924543,60.0,0.1753265559673309,-0.0,-6.750229886165472e-08,0.0,283.1598205566406,287.84234619140625,290.39013671875,290.6860046386719,293.1499938964844,293.1499938964844,278.1499938964844,0.0,18000.0,313.1499938964844,0.0,18000.0,0.0,0.0,0.0,0.0,0.0,0.0,0.0,0.0,0.0,-0.0,-0.0,-0.0,6.445913975451006e-21,3.222956987725503e-21,3.2229567857771112e-21,0.0,0.0,-0.0,0.0,0.0,0.0,0.0,0.0,0.0,0.0,0.0,0.0,4.0,0.0,0.0
12355980,298.0373840332031,303.1499938964844,285.1499938964844,0.0,-0.0,287.50494384765625,0.0,0.0,9.335557115264236e-05,297.9938659667969,303.1499938964844,285.1499938964844,0.0,-0.0,287.5048828125,0.0,0.0,9.830792259890586e-05,298.06463623046875,303.1499938964844,285.1499938964844,0.0,-0.0,287.5049133300781,0.0,0.0,7.260989514179528e-05,297.7806701660156,303.1499938964844,285.1499938964844,0.0,-0.0,287.5049133300781,0.0,0.0,9.830791532294823e-05,298.1143493652344,303.1499938964844,285.1499938964844,0.0,-0.0,287.5050354003906,0.0,0.0,0.0004663303552661,287.4272155761719,294.1499938964844,287.54998779296875,285.9372253417969,287.9477233886719,287.54998779296875,287.2936706542969,0.0,0.0,0.0,0.0,1.0,1.0,-0.0009947140933945,5.245988532465162e-09,0.000994708854705,-0.0127960536628961,0.0,0.0,0.0,-0.0074134771712124,60.0,0.175186276435852,-0.0,-6.746149239234e-08,0.0,283.1598205566406,287.84234619140625,290.39013671875,290.6860046386719,293.1499938964844,293.1499938964844,278.1499938964844,0.0,18000.0,313.1499938964844,0.0,18000.0,0.0,0.0,0.0,0.0,0.0,0.0,0.0,0.0,0.0,-0.0,-0.0,-0.0,6.445913975451006e-21,3.222956987725503e-21,3.2229567857771112e-21,0.0,0.0,-0.0,0.0,0.0,0.0,0.0,0.0,0.0,0.0,0.0,0.0,4.0,0.0,0.0
12356040,298.0373840332031,303.1499938964844,285.1499938964844,0.0,-0.0,287.50494384765625,0.0,0.0,9.335557115264236e-05,297.9938659667969,303.1499938964844,285.1499938964844,0.0,-0.0,287.5048828125,0.0,0.0,9.830792259890586e-05,298.06463623046875,303.1499938964844,285.1499938964844,0.0,-0.0,287.5049133300781,0.0,0.0,7.260989514179528e-05,297.7806701660156,303.1499938964844,285.1499938964844,0.0,-0.0,287.5049133300781,0.0,0.0,9.830791532294823e-05,298.1143493652344,303.1499938964844,285.1499938964844,0.0,-0.0,287.5050354003906,0.0,0.0,0.0004663303552661,287.4272155761719,294.1499938964844,287.54998779296875,285.9372253417969,287.9477233886719,287.54998779296875,287.2936706542969,0.0,0.0,0.0,0.0,1.0,1.0,-0.0009947140933945,5.245988532465162e-09,0.000994708854705,-0.0127960536628961,0.0,0.0,0.0,-0.0074134771712124,60.0,0.175186276435852,-0.0,-6.746149239234e-08,0.0,283.1598205566406,287.84234619140625,290.39013671875,290.6860046386719,293.1499938964844,293.1499938964844,278.1499938964844,0.0,18000.0,313.1499938964844,0.0,18000.0,0.0,0.0,0.0,0.0,0.0,0.0,0.0,0.0,0.0,-0.0,-0.0,-0.0,6.445913975451006e-21,3.222956987725503e-21,3.2229567857771112e-21,0.0,0.0,-0.0,0.0,0.0,0.0,0.0,0.0,0.0,0.0,0.0,0.0,4.0,0.0,0.0
12356100,298.0364685058594,303.1499938964844,285.1499938964844,0.0,-0.0,287.5038146972656,0.0,0.0,9.33406117837876e-05,297.9928894042969,303.1499938964844,285.1499938964844,0.0,-0.0,287.5037841796875,0.0,0.0,9.829217015067115e-05,298.0634460449219,303.1499938964844,285.1499938964844,0.0,-0.0,287.5037841796875,0.0,0.0,7.25982608855702e-05,297.7803649902344,303.1499938964844,285.1499938964844,0.0,-0.0,287.5037841796875,0.0,0.0,9.829216287471354e-05,298.1136779785156,303.1499938964844,285.1499938964844,0.0,-0.0,287.50390625,0.0,0.0,0.0004662556457333,287.4263000488281,294.1499938964844,287.54998779296875,285.93048095703125,287.9442138671875,287.54998779296875,287.2937316894531,0.0,0.0,0.0,0.0,1.0,1.0,-0.0009945546044036,5.2273363415622515e-09,0.0009945493657141,-0.0127471880987286,0.0,0.0,0.0,-0.0074042305350303,60.0,0.1751144081354141,-0.0,-6.743985636603611e-08,0.0,283.1598205566406,287.84234619140625,290.39013671875,290.6860046386719,293.1499938964844,293.1499938964844,278.1499938964844,0.0,18000.0,313.1499938964844,0.0,18000.0,0.0,0.0,0.0,0.0,0.0,0.0,0.0,0.0,0.0,-0.0,-0.0,-0.0,6.445913975451006e-21,3.222956987725503e-21,3.2229567857771112e-21,0.0,0.0,-0.0,0.0,0.0,0.0,0.0,0.0,0.0,0.0,0.0,0.0,4.0,0.0,0.0
12356160,298.0355834960937,303.1499938964844,285.1499938964844,0.0,-0.0,287.5027160644531,0.0,0.0,9.332509944215416e-05,297.9919128417969,303.1499938964844,285.1499938964844,0.0,-0.0,287.5026550292969,0.0,0.0,9.827583562582733e-05,298.0622863769531,303.1499938964844,285.1499938964844,0.0,-0.0,287.5026550292969,0.0,0.0,7.258619734784588e-05,297.7801208496094,303.1499938964844,285.1499938964844,0.0,-0.0,287.5026550292969,0.0,0.0,9.82758283498697e-05,298.113037109375,303.1499938964844,285.1499938964844,0.0,-0.0,287.5027770996094,0.0,0.0,0.0004661781422328,287.4253845214844,294.1499938964844,287.54998779296875,285.92333984375,287.94073486328125,287.54998779296875,287.2938232421875,0.0,0.0,0.0,0.0,1.0,1.0,-0.0009943891782313,5.207995368294861e-09,0.0009943839395418,-0.0126965176314115,0.0,0.0,0.0,-0.0073946421034634,60.0,0.1750414967536926,-0.0,-6.741742453186816e-08,0.0,283.1598205566406,287.84234619140625,290.39013671875,290.6860046386719,293.1499938964844,293.1499938964844,278.1499938964844,0.0,18000.0,313.1499938964844,0.0,18000.0,0.0,0.0,0.0,0.0,0.0,0.0,0.0,0.0,0.0,-0.0,-0.0,-0.0,6.445913975451006e-21,3.222956987725503e-21,3.2229567857771112e-21,0.0,0.0,-0.0,0.0,0.0,0.0,0.0,0.0,0.0,0.0,0.0,0.0,4.0,0.0,0.0
12356220,298.0339050292969,303.1499938964844,285.1499938964844,0.0,-0.0,287.50048828125,0.0,0.0,9.329248132416978e-05,297.9900817871094,303.1499938964844,285.1499938964844,0.0,-0.0,287.5004272460937,0.0,0.0,9.824148582993077e-05,298.0600280761719,303.1499938964844,285.1499938964844,0.0,-0.0,287.5004272460937,0.0,0.0,7.256082608364522e-05,297.77978515625,303.1499938964844,285.1499938964844,0.0,-0.0,287.5004577636719,0.0,0.0,9.824148582993077e-05,298.11181640625,303.1499938964844,285.1499938964844,0.0,-0.0,287.50054931640625,0.0,0.0,0.0004660152480937,287.423583984375,294.1499938964844,287.54998779296875,285.9080810546875,287.9338684082031,287.54998779296875,287.2939453125,0.0,0.0,0.0,0.0,1.0,1.0,-0.0009940413292497,5.1673305634380995e-09,0.0009940362069755,-0.0125899827107787,0.0,0.0,0.0,-0.0073744831606745,60.0,0.1748927384614944,-0.0,-6.737028002135048e-08,0.0,283.1598205566406,287.84234619140625,290.39013671875,290.6860046386719,293.1499938964844,293.1499938964844,278.1499938964844,0.0,18000.0,313.1499938964844,0.0,18000.0,0.0,0.0,0.0,0.0,0.0,0.0,0.0,0.0,0.0,-0.0,-0.0,-0.0,6.445913975451006e-21,3.222956987725503e-21,3.2229567857771112e-21,0.0,0.0,-0.0,0.0,0.0,0.0,0.0,0.0,0.0,0.0,0.0,0.0,4.0,0.0,0.0
12356280,298.0339050292969,303.1499938964844,285.1499938964844,0.0,-0.0,287.50048828125,0.0,0.0,9.329248132416978e-05,297.9900817871094,303.1499938964844,285.1499938964844,0.0,-0.0,287.5004272460937,0.0,0.0,9.824148582993077e-05,298.0600280761719,303.1499938964844,285.1499938964844,0.0,-0.0,287.5004272460937,0.0,0.0,7.256082608364522e-05,297.77978515625,303.1499938964844,285.1499938964844,0.0,-0.0,287.5004577636719,0.0,0.0,9.824148582993077e-05,298.11181640625,303.1499938964844,285.1499938964844,0.0,-0.0,287.50054931640625,0.0,0.0,0.0004660152480937,287.423583984375,294.1499938964844,287.54998779296875,285.9080810546875,287.9338684082031,287.54998779296875,287.2939453125,0.0,0.0,0.0,0.0,1.0,1.0,-0.0009940413292497,5.1673305634380995e-09,0.0009940362069755,-0.0125899827107787,0.0,0.0,0.0,-0.0073744831606745,60.0,0.1748927384614944,-0.0,-6.737028002135048e-08,0.0,283.1598205566406,287.84234619140625,290.39013671875,290.6860046386719,293.1499938964844,293.1499938964844,278.1499938964844,0.0,18000.0,313.1499938964844,0.0,18000.0,0.0,0.0,0.0,0.0,0.0,0.0,0.0,0.0,0.0,-0.0,-0.0,-0.0,6.445913975451006e-21,3.222956987725503e-21,3.2229567857771112e-21,0.0,0.0,-0.0,0.0,0.0,0.0,0.0,0.0,0.0,0.0,0.0,0.0,4.0,0.0,0.0
12356340,298.0323486328125,303.1499938964844,285.1499938964844,0.0,-0.0,287.498291015625,0.0,0.0,9.325789142167196e-05,297.9883117675781,303.1499938964844,285.1499938964844,0.0,-0.0,287.49822998046875,0.0,0.0,9.820505511015654e-05,298.0578918457031,303.1499938964844,285.1499938964844,0.0,-0.0,287.49822998046875,0.0,0.0,7.253391959238797e-05,297.77960205078125,303.1499938964844,285.1499938964844,0.0,-0.0,287.49822998046875,0.0,0.0,9.820505511015654e-05,298.1107482910156,303.1499938964844,285.1499938964844,0.0,-0.0,287.49835205078125,0.0,0.0,0.0004658424295485,287.4218139648437,294.1499938964844,287.54998779296875,285.8916931152344,287.9271240234375,287.54998779296875,287.2940673828125,0.0,0.0,0.0,0.0,1.0,1.0,-0.0009936725255101,5.124198398931412e-09,0.000993667403236,-0.0124769816175103,0.0,0.0,0.0,-0.0073531004600226,60.0,0.1747400462627411,-0.0,-6.73202862344624e-08,0.0,283.1598205566406,287.84234619140625,290.39013671875,290.6860046386719,293.1499938964844,293.1499938964844,278.1499938964844,0.0,18000.0,313.1499938964844,0.0,18000.0,0.0,0.0,0.0,0.0,0.0,0.0,0.0,0.0,0.0,-0.0,-0.0,-0.0,6.445913975451006e-21,3.222956987725503e-21,3.2229567857771112e-21,0.0,0.0,-0.0,0.0,0.0,0.0,0.0,0.0,0.0,0.0,0.0,0.0,4.0,0.0,0.0
12356400,298.0323486328125,303.1499938964844,285.1499938964844,0.0,-0.0,287.498291015625,0.0,0.0,9.325789142167196e-05,297.9883117675781,303.1499938964844,285.1499938964844,0.0,-0.0,287.49822998046875,0.0,0.0,9.820505511015654e-05,298.0578918457031,303.1499938964844,285.1499938964844,0.0,-0.0,287.49822998046875,0.0,0.0,7.253391959238797e-05,297.77960205078125,303.1499938964844,285.1499938964844,0.0,-0.0,287.49822998046875,0.0,0.0,9.820505511015654e-05,298.1107482910156,303.1499938964844,285.1499938964844,0.0,-0.0,287.49835205078125,0.0,0.0,0.0004658424295485,287.4218139648437,294.1499938964844,287.54998779296875,285.8916931152344,287.9271240234375,287.54998779296875,287.2940673828125,0.0,0.0,0.0,0.0,1.0,1.0,-0.0009936725255101,5.124198398931412e-09,0.000993667403236,-0.0124769816175103,0.0,0.0,0.0,-0.0073531004600226,60.0,0.1747400462627411,-0.0,-6.73202862344624e-08,0.0,283.1598205566406,287.84234619140625,290.39013671875,290.6860046386719,293.1499938964844,293.1499938964844,278.1499938964844,0.0,18000.0,313.1499938964844,0.0,18000.0,0.0,0.0,0.0,0.0,0.0,0.0,0.0,0.0,0.0,-0.0,-0.0,-0.0,6.445913975451006e-21,3.222956987725503e-21,3.2229567857771112e-21,0.0,0.0,-0.0,0.0,0.0,0.0,0.0,0.0,0.0,0.0,0.0,0.0,4.0,0.0,0.0
12356460,298.0309143066406,303.1499938964844,285.1499938964844,0.0,-0.0,287.49609375,0.0,0.0,9.32214970816858e-05,297.98663330078125,303.1499938964844,285.1499938964844,0.0,-0.0,287.4960327148437,0.0,0.0,9.816673991736025e-05,298.0558166503906,303.1499938964844,285.1499938964844,0.0,-0.0,287.4960632324219,0.0,0.0,7.25056161172688e-05,297.7795715332031,303.1499938964844,285.1499938964844,0.0,-0.0,287.4960632324219,0.0,0.0,9.816673264140265e-05,298.1097717285156,303.1499938964844,285.1499938964844,0.0,-0.0,287.49615478515625,0.0,0.0,0.0004656606470234,287.4200439453125,294.1499938964844,287.54998779296875,285.8743896484375,287.9205322265625,287.54998779296875,287.294189453125,0.0,0.0,0.0,0.0,1.0,1.0,-0.0009932845132425,5.0788337979668086e-09,0.0009932795073837,-0.0123581327497959,0.0,0.0,0.0,-0.0073306113481521,60.0,0.1745838373899459,-0.0,-6.726772738829824e-08,0.0,283.1598205566406,287.84234619140625,290.39013671875,290.6860046386719,293.1499938964844,293.1499938964844,278.1499938964844,0.0,18000.0,313.1499938964844,0.0,18000.0,0.0,0.0,0.0,0.0,0.0,0.0,0.0,0.0,0.0,-0.0,-0.0,-0.0,6.445913975451006e-21,3.222956987725503e-21,3.2229567857771112e-21,0.0,0.0,-0.0,0.0,0.0,0.0,0.0,0.0,0.0,0.0,0.0,0.0,4.0,0.0,0.0
12356520,298.0309143066406,303.1499938964844,285.1499938964844,0.0,-0.0,287.49609375,0.0,0.0,9.32214970816858e-05,297.98663330078125,303.1499938964844,285.1499938964844,0.0,-0.0,287.4960327148437,0.0,0.0,9.816673991736025e-05,298.0558166503906,303.1499938964844,285.1499938964844,0.0,-0.0,287.4960632324219,0.0,0.0,7.25056161172688e-05,297.7795715332031,303.1499938964844,285.1499938964844,0.0,-0.0,287.4960632324219,0.0,0.0,9.816673264140265e-05,298.1097717285156,303.1499938964844,285.1499938964844,0.0,-0.0,287.49615478515625,0.0,0.0,0.0004656606470234,287.4200439453125,294.1499938964844,287.54998779296875,285.8743896484375,287.9205322265625,287.54998779296875,287.294189453125,0.0,0.0,0.0,0.0,1.0,1.0,-0.0009932845132425,5.0788337979668086e-09,0.0009932795073837,-0.0123581327497959,0.0,0.0,0.0,-0.0073306113481521,60.0,0.1745838373899459,-0.0,-6.726772738829824e-08,0.0,283.1598205566406,287.84234619140625,290.39013671875,290.6860046386719,293.1499938964844,293.1499938964844,278.1499938964844,0.0,18000.0,313.1499938964844,0.0,18000.0,0.0,0.0,0.0,0.0,0.0,0.0,0.0,0.0,0.0,-0.0,-0.0,-0.0,6.445913975451006e-21,3.222956987725503e-21,3.2229567857771112e-21,0.0,0.0,-0.0,0.0,0.0,0.0,0.0,0.0,0.0,0.0,0.0,0.0,4.0,0.0,0.0
12356580,298.029541015625,303.1499938964844,285.1499938964844,0.0,-0.0,287.49395751953125,0.0,0.0,9.3183531134855e-05,297.98504638671875,303.1499938964844,285.1499938964844,0.0,-0.0,287.493896484375,0.0,0.0,9.81267512543127e-05,298.0538330078125,303.1499938964844,285.1499938964844,0.0,-0.0,287.493896484375,0.0,0.0,7.247608300531283e-05,297.7796936035156,303.1499938964844,285.1499938964844,0.0,-0.0,287.493896484375,0.0,0.0,9.81267512543127e-05,298.1089172363281,303.1499938964844,285.1499938964844,0.0,-0.0,287.4940185546875,0.0,0.0,0.0004654709773603,287.4183044433594,294.1499938964844,287.54998779296875,285.8564147949219,287.9140319824219,287.54998779296875,287.2943115234375,0.0,0.0,0.0,0.0,1.0,1.0,-0.0009928797371685,5.0314978849996805e-09,0.0009928747313097,-0.0122341187670826,0.0,0.0,0.0,-0.0073071448132395,60.0,0.1744245439767837,-0.0,-6.721290901623433e-08,0.0,283.1598205566406,287.84234619140625,290.39013671875,290.6860046386719,293.1499938964844,293.1499938964844,278.1499938964844,0.0,18000.0,313.1499938964844,0.0,18000.0,0.0,0.0,0.0,0.0,0.0,0.0,0.0,0.0,0.0,-0.0,-0.0,-0.0,6.445913975451006e-21,3.222956987725503e-21,3.2229567857771112e-21,0.0,0.0,-0.0,0.0,0.0,0.0,0.0,0.0,0.0,0.0,0.0,0.0,4.0,0.0,0.0
12356640,298.029541015625,303.1499938964844,285.1499938964844,0.0,-0.0,287.49395751953125,0.0,0.0,9.3183531134855e-05,297.98504638671875,303.1499938964844,285.1499938964844,0.0,-0.0,287.493896484375,0.0,0.0,9.81267512543127e-05,298.0538330078125,303.1499938964844,285.1499938964844,0.0,-0.0,287.493896484375,0.0,0.0,7.247608300531283e-05,297.7796936035156,303.1499938964844,285.1499938964844,0.0,-0.0,287.493896484375,0.0,0.0,9.81267512543127e-05,298.1089172363281,303.1499938964844,285.1499938964844,0.0,-0.0,287.4940185546875,0.0,0.0,0.0004654709773603,287.4183044433594,294.1499938964844,287.54998779296875,285.8564147949219,287.9140319824219,287.54998779296875,287.2943115234375,0.0,0.0,0.0,0.0,1.0,1.0,-0.0009928797371685,5.0314978849996805e-09,0.0009928747313097,-0.0122341187670826,0.0,0.0,0.0,-0.0073071448132395,60.0,0.1744245439767837,-0.0,-6.721290901623433e-08,0.0,283.1598205566406,287.84234619140625,290.39013671875,290.6860046386719,293.1499938964844,293.1499938964844,278.1499938964844,0.0,18000.0,313.1499938964844,0.0,18000.0,0.0,0.0,0.0,0.0,0.0,0.0,0.0,0.0,0.0,-0.0,-0.0,-0.0,6.445913975451006e-21,3.222956987725503e-21,3.2229567857771112e-21,0.0,0.0,-0.0,0.0,0.0,0.0,0.0,0.0,0.0,0.0,0.0,0.0,4.0,0.0,0.0
12356700,298.0289001464844,303.1499938964844,285.1499938964844,0.0,-0.0,287.4928894042969,0.0,0.0,9.316404612036422e-05,297.9842834472656,303.1499938964844,285.1499938964844,0.0,-0.0,287.4928283691406,0.0,0.0,9.81062330538407e-05,298.0528564453125,303.1499938964844,285.1499938964844,0.0,-0.0,287.4928283691406,0.0,0.0,7.24609344615601e-05,297.7798156738281,303.1499938964844,285.1499938964844,0.0,-0.0,287.4928283691406,0.0,0.0,9.81062330538407e-05,298.1085205078125,303.1499938964844,285.1499938964844,0.0,-0.0,287.4929504394531,0.0,0.0,0.0004653736541513,287.4174499511719,294.1499938964844,287.54998779296875,285.84722900390625,287.91082763671875,287.54998779296875,287.2944030761719,0.0,0.0,0.0,0.0,1.0,1.0,-0.0009926720522344,5.007208425666931e-09,0.0009926670463755,-0.0121704824268817,0.0,0.0,0.0,-0.007295103278011,60.0,0.174343854188919,-0.0,-6.718478573475295e-08,0.0,283.1598205566406,287.84234619140625,290.39013671875,290.6860046386719,293.1499938964844,293.1499938964844,278.1499938964844,0.0,18000.0,313.1499938964844,0.0,18000.0,0.0,0.0,0.0,0.0,0.0,0.0,0.0,0.0,0.0,-0.0,-0.0,-0.0,6.445913975451006e-21,3.222956987725503e-21,3.2229567857771112e-21,0.0,0.0,-0.0,0.0,0.0,0.0,0.0,0.0,0.0,0.0,0.0,0.0,4.0,0.0,0.0
12356760,298.0282897949219,303.1499938964844,285.1499938964844,0.0,-0.0,287.4918212890625,0.0,0.0,9.31442409637384e-05,297.9835205078125,303.1499938964844,285.1499938964844,0.0,-0.0,287.49176025390625,0.0,0.0,9.808538015931843e-05,298.05194091796875,303.1499938964844,285.1499938964844,0.0,-0.0,287.49176025390625,0.0,0.0,7.244553125929087e-05,297.7799377441406,303.1499938964844,285.1499938964844,0.0,-0.0,287.4917907714844,0.0,0.0,9.808538015931843e-05,298.1081237792969,303.1499938964844,285.1499938964844,0.0,-0.0,287.49188232421875,0.0,0.0,0.0004652747302316,287.4165954589844,294.1499938964844,287.54998779296875,285.83795166015625,287.9076538085937,287.54998779296875,287.2944641113281,0.0,0.0,0.0,0.0,1.0,1.0,-0.0009924608748406,4.9825210624021565e-09,0.0009924558689817,-0.0121058048680424,0.0,0.0,0.0,-0.007282864768058,60.0,0.1742625832557678,-0.0,-6.715621481134805e-08,0.0,283.1598205566406,287.84234619140625,290.39013671875,290.6860046386719,293.1499938964844,293.1499938964844,278.1499938964844,0.0,18000.0,313.1499938964844,0.0,18000.0,0.0,0.0,0.0,0.0,0.0,0.0,0.0,0.0,0.0,-0.0,-0.0,-0.0,6.445913975451006e-21,3.222956987725503e-21,3.2229567857771112e-21,0.0,0.0,-0.0,0.0,0.0,0.0,0.0,0.0,0.0,0.0,0.0,0.0,4.0,0.0,0.0
12356820,298.027099609375,303.1499938964844,285.1499938964844,0.0,-0.0,287.4897155761719,0.0,0.0,9.310386667493732e-05,297.9820861816406,303.1499938964844,285.1499938964844,0.0,-0.0,287.4896545410156,0.0,0.0,9.804286673897876e-05,298.05010986328125,303.1499938964844,285.1499938964844,0.0,-0.0,287.4896545410156,0.0,0.0,7.241412095027044e-05,297.7802734375,303.1499938964844,285.1499938964844,0.0,-0.0,287.4896850585937,0.0,0.0,9.804285946302116e-05,298.107421875,303.1499938964844,285.1499938964844,0.0,-0.0,287.4897766113281,0.0,0.0,0.0004650730406865,287.4149169921875,294.1499938964844,287.54998779296875,285.8192749023437,287.9013977050781,287.54998779296875,287.2945861816406,0.0,0.0,0.0,0.0,1.0,1.0,-0.0009920304873958,4.93218887953617e-09,0.0009920254815369,-0.0119739389047026,0.0,0.0,0.0,-0.0072579132393002,60.0,0.1740985065698623,-0.0,-6.709797162329778e-08,0.0,283.1598205566406,287.84234619140625,290.39013671875,290.6860046386719,293.1499938964844,293.1499938964844,278.1499938964844,0.0,18000.0,313.1499938964844,0.0,18000.0,0.0,0.0,0.0,0.0,0.0,0.0,0.0,0.0,0.0,-0.0,-0.0,-0.0,6.445913975451006e-21,3.222956987725503e-21,3.2229567857771112e-21,0.0,0.0,-0.0,0.0,0.0,0.0,0.0,0.0,0.0,0.0,0.0,0.0,4.0,0.0,0.0
12356880,298.027099609375,303.1499938964844,285.1499938964844,0.0,-0.0,287.4897155761719,0.0,0.0,9.310386667493732e-05,297.9820861816406,303.1499938964844,285.1499938964844,0.0,-0.0,287.4896545410156,0.0,0.0,9.804286673897876e-05,298.05010986328125,303.1499938964844,285.1499938964844,0.0,-0.0,287.4896545410156,0.0,0.0,7.241412095027044e-05,297.7802734375,303.1499938964844,285.1499938964844,0.0,-0.0,287.4896850585937,0.0,0.0,9.804285946302116e-05,298.107421875,303.1499938964844,285.1499938964844,0.0,-0.0,287.4897766113281,0.0,0.0,0.0004650730406865,287.4149169921875,294.1499938964844,287.54998779296875,285.8192749023437,287.9013977050781,287.54998779296875,287.2945861816406,0.0,0.0,0.0,0.0,1.0,1.0,-0.0009920304873958,4.93218887953617e-09,0.0009920254815369,-0.0119739389047026,0.0,0.0,0.0,-0.0072579132393002,60.0,0.1740985065698623,-0.0,-6.709797162329778e-08,0.0,283.1598205566406,287.84234619140625,290.39013671875,290.6860046386719,293.1499938964844,293.1499938964844,278.1499938964844,0.0,18000.0,313.1499938964844,0.0,18000.0,0.0,0.0,0.0,0.0,0.0,0.0,0.0,0.0,0.0,-0.0,-0.0,-0.0,6.445913975451006e-21,3.222956987725503e-21,3.2229567857771112e-21,0.0,0.0,-0.0,0.0,0.0,0.0,0.0,0.0,0.0,0.0,0.0,0.0,4.0,0.0,0.0
12356940,298.0260009765625,303.1499938964844,285.1499938964844,0.0,-0.0,287.48760986328125,0.0,0.0,9.306278661824764e-05,297.980712890625,303.1499938964844,285.1499938964844,0.0,-0.0,287.4875793457031,0.0,0.0,9.799961117096244e-05,298.0483703613281,303.1499938964844,285.1499938964844,0.0,-0.0,287.4875793457031,0.0,0.0,7.238217949634418e-05,297.7807006835937,303.1499938964844,285.1499938964844,0.0,-0.0,287.4875793457031,0.0,0.0,9.799960389500484e-05,298.1068115234375,303.1499938964844,285.1499938964844,0.0,-0.0,287.4876708984375,0.0,0.0,0.0004648678586818,287.41326904296875,294.1499938964844,287.54998779296875,285.8005676269531,287.8952331542969,287.54998779296875,287.2947082519531,0.0,0.0,0.0,0.0,1.0,1.0,-0.0009915925329551,4.880984505462038e-09,0.0009915876435115,-0.0118397874757647,0.0,0.0,0.0,-0.0072325286455452,60.0,0.1739329248666763,-0.0,-6.703874788627219e-08,0.0,283.1598205566406,287.84234619140625,290.39013671875,290.6860046386719,293.1499938964844,293.1499938964844,278.1499938964844,0.0,18000.0,313.1499938964844,0.0,18000.0,0.0,0.0,0.0,0.0,0.0,0.0,0.0,0.0,0.0,-0.0,-0.0,-0.0,6.445913975451006e-21,3.222956987725503e-21,3.2229567857771112e-21,0.0,0.0,-0.0,0.0,0.0,0.0,0.0,0.0,0.0,0.0,0.0,0.0,4.0,0.0,0.0
12357000,298.0260009765625,303.1499938964844,285.1499938964844,0.0,-0.0,287.48760986328125,0.0,0.0,9.306278661824764e-05,297.980712890625,303.1499938964844,285.1499938964844,0.0,-0.0,287.4875793457031,0.0,0.0,9.799961117096244e-05,298.0483703613281,303.1499938964844,285.1499938964844,0.0,-0.0,287.4875793457031,0.0,0.0,7.238217949634418e-05,297.7807006835937,303.1499938964844,285.1499938964844,0.0,-0.0,287.4875793457031,0.0,0.0,9.799960389500484e-05,298.1068115234375,303.1499938964844,285.1499938964844,0.0,-0.0,287.4876708984375,0.0,0.0,0.0004648678586818,287.41326904296875,294.1499938964844,287.54998779296875,285.8005676269531,287.8952331542969,287.54998779296875,287.2947082519531,0.0,0.0,0.0,0.0,1.0,1.0,-0.0009915925329551,4.880984505462038e-09,0.0009915876435115,-0.0118397874757647,0.0,0.0,0.0,-0.0072325286455452,60.0,0.1739329248666763,-0.0,-6.703874788627219e-08,0.0,283.1598205566406,287.84234619140625,290.39013671875,290.6860046386719,293.1499938964844,293.1499938964844,278.1499938964844,0.0,18000.0,313.1499938964844,0.0,18000.0,0.0,0.0,0.0,0.0,0.0,0.0,0.0,0.0,0.0,-0.0,-0.0,-0.0,6.445913975451006e-21,3.222956987725503e-21,3.2229567857771112e-21,0.0,0.0,-0.0,0.0,0.0,0.0,0.0,0.0,0.0,0.0,0.0,0.0,4.0,0.0,0.0
12357060,298.02496337890625,303.1499938964844,285.1499938964844,0.0,-0.0,287.4855651855469,0.0,0.0,9.302131365984678e-05,297.9794006347656,303.1499938964844,285.1499938964844,0.0,-0.0,287.4855041503906,0.0,0.0,9.795593359740452e-05,298.04669189453125,303.1499938964844,285.1499938964844,0.0,-0.0,287.4855041503906,0.0,0.0,7.234991790028289e-05,297.7811889648437,303.1499938964844,285.1499938964844,0.0,-0.0,287.48553466796875,0.0,0.0,9.795593359740452e-05,298.1062316894531,303.1499938964844,285.1499938964844,0.0,-0.0,287.4856262207031,0.0,0.0,0.0004646606976166,287.41162109375,294.1499938964844,287.54998779296875,285.7820739746094,287.88922119140625,287.54998779296875,287.2948303222656,0.0,0.0,0.0,0.0,1.0,1.0,-0.0009911503875628,4.829286304186553e-09,0.0009911456145346,-0.0117043415084481,0.0,0.0,0.0,-0.0072068995796144,60.0,0.1737664490938186,-0.0,-6.697897703134005e-08,0.0,283.1598205566406,287.84234619140625,290.39013671875,290.6860046386719,293.1499938964844,293.1499938964844,278.1499938964844,0.0,18000.0,313.1499938964844,0.0,18000.0,0.0,0.0,0.0,0.0,0.0,0.0,0.0,0.0,0.0,-0.0,-0.0,-0.0,6.445913975451006e-21,3.222956987725503e-21,3.2229567857771112e-21,0.0,0.0,-0.0,0.0,0.0,0.0,0.0,0.0,0.0,0.0,0.0,0.0,4.0,0.0,0.0
12357120,298.02496337890625,303.1499938964844,285.1499938964844,0.0,-0.0,287.4855651855469,0.0,0.0,9.302131365984678e-05,297.9794006347656,303.1499938964844,285.1499938964844,0.0,-0.0,287.4855041503906,0.0,0.0,9.795593359740452e-05,298.04669189453125,303.1499938964844,285.1499938964844,0.0,-0.0,287.4855041503906,0.0,0.0,7.234991790028289e-05,297.7811889648437,303.1499938964844,285.1499938964844,0.0,-0.0,287.48553466796875,0.0,0.0,9.795593359740452e-05,298.1062316894531,303.1499938964844,285.1499938964844,0.0,-0.0,287.4856262207031,0.0,0.0,0.0004646606976166,287.41162109375,294.1499938964844,287.54998779296875,285.7820739746094,287.88922119140625,287.54998779296875,287.2948303222656,0.0,0.0,0.0,0.0,1.0,1.0,-0.0009911503875628,4.829286304186553e-09,0.0009911456145346,-0.0117043415084481,0.0,0.0,0.0,-0.0072068995796144,60.0,0.1737664490938186,-0.0,-6.697897703134005e-08,0.0,283.1598205566406,287.84234619140625,290.39013671875,290.6860046386719,293.1499938964844,293.1499938964844,278.1499938964844,0.0,18000.0,313.1499938964844,0.0,18000.0,0.0,0.0,0.0,0.0,0.0,0.0,0.0,0.0,0.0,-0.0,-0.0,-0.0,6.445913975451006e-21,3.222956987725503e-21,3.2229567857771112e-21,0.0,0.0,-0.0,0.0,0.0,0.0,0.0,0.0,0.0,0.0,0.0,0.0,4.0,0.0,0.0
12357180,298.0239562988281,303.1499938964844,285.1499938964844,0.0,-0.0,287.4835205078125,0.0,0.0,9.297978249378502e-05,297.9781494140625,303.1499938964844,285.1499938964844,0.0,-0.0,287.48345947265625,0.0,0.0,9.791219781618564e-05,298.0450744628906,303.1499938964844,285.1499938964844,0.0,-0.0,287.48345947265625,0.0,0.0,7.231761264847592e-05,297.7817077636719,303.1499938964844,285.1499938964844,0.0,-0.0,287.4834899902344,0.0,0.0,9.791219781618564e-05,298.105712890625,303.1499938964844,285.1499938964844,0.0,-0.0,287.48358154296875,0.0,0.0,0.0004644532455131,287.4100036621094,294.1499938964844,287.54998779296875,285.7640380859375,287.88330078125,287.54998779296875,287.2949523925781,0.0,0.0,0.0,0.0,1.0,1.0,-0.0009907076600939,4.777513051834603e-09,0.0009907028870657,-0.0115686990320682,0.0,0.0,0.0,-0.0071812332607805,60.0,0.1735997051000595,-0.0,-6.691914933298905e-08,0.0,283.1598205566406,287.84234619140625,290.39013671875,290.6860046386719,293.1499938964844,293.1499938964844,278.1499938964844,0.0,18000.0,313.1499938964844,0.0,18000.0,0.0,0.0,0.0,0.0,0.0,0.0,0.0,0.0,0.0,-0.0,-0.0,-0.0,6.445913975451006e-21,3.222956987725503e-21,3.2229567857771112e-21,0.0,0.0,-0.0,0.0,0.0,0.0,0.0,0.0,0.0,0.0,0.0,0.0,4.0,0.0,0.0
12357240,298.0239562988281,303.1499938964844,285.1499938964844,0.0,-0.0,287.4835205078125,0.0,0.0,9.297978249378502e-05,297.9781494140625,303.1499938964844,285.1499938964844,0.0,-0.0,287.48345947265625,0.0,0.0,9.791219781618564e-05,298.0450744628906,303.1499938964844,285.1499938964844,0.0,-0.0,287.48345947265625,0.0,0.0,7.231761264847592e-05,297.7817077636719,303.1499938964844,285.1499938964844,0.0,-0.0,287.4834899902344,0.0,0.0,9.791219781618564e-05,298.105712890625,303.1499938964844,285.1499938964844,0.0,-0.0,287.48358154296875,0.0,0.0,0.0004644532455131,287.4100036621094,294.1499938964844,287.54998779296875,285.7640380859375,287.88330078125,287.54998779296875,287.2949523925781,0.0,0.0,0.0,0.0,1.0,1.0,-0.0009907076600939,4.777513051834603e-09,0.0009907028870657,-0.0115686990320682,0.0,0.0,0.0,-0.0071812332607805,60.0,0.1735997051000595,-0.0,-6.691914933298905e-08,0.0,283.1598205566406,287.84234619140625,290.39013671875,290.6860046386719,293.1499938964844,293.1499938964844,278.1499938964844,0.0,18000.0,313.1499938964844,0.0,18000.0,0.0,0.0,0.0,0.0,0.0,0.0,0.0,0.0,0.0,-0.0,-0.0,-0.0,6.445913975451006e-21,3.222956987725503e-21,3.2229567857771112e-21,0.0,0.0,-0.0,0.0,0.0,0.0,0.0,0.0,0.0,0.0,0.0,0.0,4.0,0.0,0.0
12357300,298.02349853515625,303.1499938964844,285.1499938964844,0.0,-0.0,287.4825134277344,0.0,0.0,9.295911149820312e-05,297.9775390625,303.1499938964844,285.1499938964844,0.0,-0.0,287.4824523925781,0.0,0.0,9.789042815100402e-05,298.0443115234375,303.1499938964844,285.1499938964844,0.0,-0.0,287.4824523925781,0.0,0.0,7.230153278214857e-05,297.781982421875,303.1499938964844,285.1499938964844,0.0,-0.0,287.4824523925781,0.0,0.0,9.789042815100402e-05,298.1054992675781,303.1499938964844,285.1499938964844,0.0,-0.0,287.4825744628906,0.0,0.0,0.0004643499560188,287.4092102050781,294.1499938964844,287.54998779296875,285.7552490234375,287.88037109375,287.54998779296875,287.2950134277344,0.0,0.0,0.0,0.0,1.0,1.0,-0.0009904872858896,4.751743887254633e-09,0.0009904825128614,-0.0115011846646666,0.0,0.0,0.0,-0.0071684583090245,60.0,0.1735164374113083,-0.0,-6.68893775923607e-08,0.0,283.1598205566406,287.84234619140625,290.39013671875,290.6860046386719,293.1499938964844,293.1499938964844,278.1499938964844,0.0,18000.0,313.1499938964844,0.0,18000.0,0.0,0.0,0.0,0.0,0.0,0.0,0.0,0.0,0.0,-0.0,-0.0,-0.0,6.445913975451006e-21,3.222956987725503e-21,3.2229567857771112e-21,0.0,0.0,-0.0,0.0,0.0,0.0,0.0,0.0,0.0,0.0,0.0,0.0,4.0,0.0,0.0
12357360,298.02301025390625,303.1499938964844,285.1499938964844,0.0,-0.0,287.48150634765625,0.0,0.0,9.293860057368876e-05,297.9769592285156,303.1499938964844,285.1499938964844,0.0,-0.0,287.4814453125,0.0,0.0,9.786883310880512e-05,298.04351806640625,303.1499938964844,285.1499938964844,0.0,-0.0,287.4814453125,0.0,0.0,7.228558388305828e-05,297.78228759765625,303.1499938964844,285.1499938964844,0.0,-0.0,287.4814453125,0.0,0.0,9.78688258328475e-05,298.1052551269531,303.1499938964844,285.1499938964844,0.0,-0.0,287.4815673828125,0.0,0.0,0.0004642475105356,287.4084167480469,294.1499938964844,287.54998779296875,285.7466735839844,287.8774719238281,287.54998779296875,287.29510498046875,0.0,0.0,0.0,0.0,1.0,1.0,-0.0009902686579152,4.726178115532775e-09,0.000990263884887,-0.0114342048764228,0.0,0.0,0.0,-0.0071557844057679,60.0,0.1734334081411361,-0.0,-6.685985454168987e-08,0.0,283.1598205566406,287.84234619140625,290.39013671875,290.6860046386719,293.1499938964844,293.1499938964844,278.1499938964844,0.0,18000.0,313.1499938964844,0.0,18000.0,0.0,0.0,0.0,0.0,0.0,0.0,0.0,0.0,0.0,-0.0,-0.0,-0.0,6.445913975451006e-21,3.222956987725503e-21,3.2229567857771112e-21,0.0,0.0,-0.0,0.0,0.0,0.0,0.0,0.0,0.0,0.0,0.0,0.0,4.0,0.0,0.0
12357420,298.0220947265625,303.1499938964844,285.1499938964844,0.0,-0.0,287.4794921875,0.0,0.0,9.289827721659094e-05,297.9757995605469,303.1499938964844,285.1499938964844,0.0,-0.0,287.4794311523437,0.0,0.0,9.782636334421112e-05,298.0420227050781,303.1499938964844,285.1499938964844,0.0,-0.0,287.4794616699219,0.0,0.0,7.225421722978354e-05,297.7828369140625,303.1499938964844,285.1499938964844,0.0,-0.0,287.4794616699219,0.0,0.0,9.782636334421112e-05,298.1048278808594,303.1499938964844,285.1499938964844,0.0,-0.0,287.47955322265625,0.0,0.0,0.000464046082925,287.4068298339844,294.1499938964844,287.54998779296875,285.73016357421875,287.87176513671875,287.54998779296875,287.29522705078125,0.0,0.0,0.0,0.0,1.0,1.0,-0.0009898387361317,4.675911657869847e-09,0.0009898340795189,-0.0113025065511465,0.0,0.0,0.0,-0.0071308650076389,60.0,0.1732684820890426,-0.0,-6.680181741103297e-08,0.0,283.1598205566406,287.84234619140625,290.39013671875,290.6860046386719,293.1499938964844,293.1499938964844,278.1499938964844,0.0,18000.0,313.1499938964844,0.0,18000.0,0.0,0.0,0.0,0.0,0.0,0.0,0.0,0.0,0.0,-0.0,-0.0,-0.0,6.445913975451006e-21,3.222956987725503e-21,3.2229567857771112e-21,0.0,0.0,-0.0,0.0,0.0,0.0,0.0,0.0,0.0,0.0,0.0,0.0,4.0,0.0,0.0
12357480,298.0220947265625,303.1499938964844,285.1499938964844,0.0,-0.0,287.4794921875,0.0,0.0,9.289827721659094e-05,297.9757995605469,303.1499938964844,285.1499938964844,0.0,-0.0,287.4794311523437,0.0,0.0,9.782636334421112e-05,298.0420227050781,303.1499938964844,285.1499938964844,0.0,-0.0,287.4794616699219,0.0,0.0,7.225421722978354e-05,297.7828369140625,303.1499938964844,285.1499938964844,0.0,-0.0,287.4794616699219,0.0,0.0,9.782636334421112e-05,298.1048278808594,303.1499938964844,285.1499938964844,0.0,-0.0,287.47955322265625,0.0,0.0,0.000464046082925,287.4068298339844,294.1499938964844,287.54998779296875,285.73016357421875,287.87176513671875,287.54998779296875,287.29522705078125,0.0,0.0,0.0,0.0,1.0,1.0,-0.0009898387361317,4.675911657869847e-09,0.0009898340795189,-0.0113025065511465,0.0,0.0,0.0,-0.0071308650076389,60.0,0.1732684820890426,-0.0,-6.680181741103297e-08,0.0,283.1598205566406,287.84234619140625,290.39013671875,290.6860046386719,293.1499938964844,293.1499938964844,278.1499938964844,0.0,18000.0,313.1499938964844,0.0,18000.0,0.0,0.0,0.0,0.0,0.0,0.0,0.0,0.0,0.0,-0.0,-0.0,-0.0,6.445913975451006e-21,3.222956987725503e-21,3.2229567857771112e-21,0.0,0.0,-0.0,0.0,0.0,0.0,0.0,0.0,0.0,0.0,0.0,0.0,4.0,0.0,0.0
12357540,298.0212097167969,303.1499938964844,285.1499938964844,0.0,-0.0,287.4775085449219,0.0,0.0,9.28591107367538e-05,297.97467041015625,303.1499938964844,285.1499938964844,0.0,-0.0,287.4774780273437,0.0,0.0,9.778512321645394e-05,298.04058837890625,303.1499938964844,285.1499938964844,0.0,-0.0,287.4774780273437,0.0,0.0,7.222376007121056e-05,297.7834167480469,303.1499938964844,285.1499938964844,0.0,-0.0,287.4774780273437,0.0,0.0,9.778512321645394e-05,298.1044616699219,303.1499938964844,285.1499938964844,0.0,-0.0,287.4775695800781,0.0,0.0,0.0004638504469767,287.4053039550781,294.1499938964844,287.54998779296875,285.7148132324219,287.8661193847656,287.54998779296875,287.2953491210937,0.0,0.0,0.0,0.0,1.0,1.0,-0.0009894211543723,4.627091154674191e-09,0.0009894164977595,-0.0111745987087488,0.0,0.0,0.0,-0.0071066627278923,60.0,0.1731054782867431,-0.0,-6.67454713720872e-08,0.0,283.1598205566406,287.84234619140625,290.39013671875,290.6860046386719,293.1499938964844,293.1499938964844,278.1499938964844,0.0,18000.0,313.1499938964844,0.0,18000.0,0.0,0.0,0.0,0.0,0.0,0.0,0.0,0.0,0.0,-0.0,-0.0,-0.0,6.445913975451006e-21,3.222956987725503e-21,3.2229567857771112e-21,0.0,0.0,-0.0,0.0,0.0,0.0,0.0,0.0,0.0,0.0,0.0,0.0,4.0,0.0,0.0
12357600,298.0212097167969,303.1499938964844,285.1499938964844,0.0,-0.0,287.4775085449219,0.0,0.0,9.28591107367538e-05,297.97467041015625,303.1499938964844,285.1499938964844,0.0,-0.0,287.4774780273437,0.0,0.0,9.778512321645394e-05,298.04058837890625,303.1499938964844,285.1499938964844,0.0,-0.0,287.4774780273437,0.0,0.0,7.222376007121056e-05,297.7834167480469,303.1499938964844,285.1499938964844,0.0,-0.0,287.4774780273437,0.0,0.0,9.778512321645394e-05,298.1044616699219,303.1499938964844,285.1499938964844,0.0,-0.0,287.4775695800781,0.0,0.0,0.0004638504469767,287.4053039550781,294.1499938964844,287.54998779296875,285.7148132324219,287.8661193847656,287.54998779296875,287.2953491210937,0.0,0.0,0.0,0.0,1.0,1.0,-0.0009894211543723,4.627091154674191e-09,0.0009894164977595,-0.0111745987087488,0.0,0.0,0.0,-0.0071066627278923,60.0,0.1731054782867431,-0.0,-6.67454713720872e-08,0.0,283.1598205566406,287.84234619140625,290.39013671875,290.6860046386719,293.1499938964844,293.1499938964844,278.1499938964844,0.0,18000.0,313.1499938964844,0.0,18000.0,0.0,0.0,0.0,0.0,0.0,0.0,0.0,0.0,0.0,-0.0,-0.0,-0.0,6.445913975451006e-21,3.222956987725503e-21,3.2229567857771112e-21,0.0,0.0,-0.0,0.0,0.0,0.0,0.0,0.0,0.0,0.0,0.0,0.0,4.0,0.0,0.0
12357660,298.02032470703125,303.1499938964844,285.1499938964844,0.0,-0.0,287.4755554199219,0.0,0.0,9.282155224354938e-05,297.9735717773437,303.1499938964844,285.1499938964844,0.0,-0.0,287.4754943847656,0.0,0.0,9.774557111086324e-05,298.0391540527344,303.1499938964844,285.1499938964844,0.0,-0.0,287.4755249023437,0.0,0.0,7.219454710138962e-05,297.7839660644531,303.1499938964844,285.1499938964844,0.0,-0.0,287.4755249023437,0.0,0.0,9.774556383490562e-05,298.1040954589844,303.1499938964844,285.1499938964844,0.0,-0.0,287.4756164550781,0.0,0.0,0.0004636628145817,287.4037780761719,294.1499938964844,287.54998779296875,285.7008056640625,287.8606262207031,287.54998779296875,287.29547119140625,0.0,0.0,0.0,0.0,1.0,1.0,-0.0009890206856653,4.580267720655229e-09,0.0009890161454677,-0.0110519211739301,0.0,0.0,0.0,-0.0070834499783813,60.0,0.1729455292224884,-0.0,-6.669145591331471e-08,0.0,283.1598205566406,287.84234619140625,290.39013671875,290.6860046386719,293.1499938964844,293.1499938964844,278.1499938964844,0.0,18000.0,313.1499938964844,0.0,18000.0,0.0,0.0,0.0,0.0,0.0,0.0,0.0,0.0,0.0,-0.0,-0.0,-0.0,6.445913975451006e-21,3.222956987725503e-21,3.2229567857771112e-21,0.0,0.0,-0.0,0.0,0.0,0.0,0.0,0.0,0.0,0.0,0.0,0.0,4.0,0.0,0.0
12357720,298.02032470703125,303.1499938964844,285.1499938964844,0.0,-0.0,287.4755554199219,0.0,0.0,9.282155224354938e-05,297.9735717773437,303.1499938964844,285.1499938964844,0.0,-0.0,287.4754943847656,0.0,0.0,9.774557111086324e-05,298.0391540527344,303.1499938964844,285.1499938964844,0.0,-0.0,287.4755249023437,0.0,0.0,7.219454710138962e-05,297.7839660644531,303.1499938964844,285.1499938964844,0.0,-0.0,287.4755249023437,0.0,0.0,9.774556383490562e-05,298.1040954589844,303.1499938964844,285.1499938964844,0.0,-0.0,287.4756164550781,0.0,0.0,0.0004636628145817,287.4037780761719,294.1499938964844,287.54998779296875,285.7008056640625,287.8606262207031,287.54998779296875,287.29547119140625,0.0,0.0,0.0,0.0,1.0,1.0,-0.0009890206856653,4.580267720655229e-09,0.0009890161454677,-0.0110519211739301,0.0,0.0,0.0,-0.0070834499783813,60.0,0.1729455292224884,-0.0,-6.669145591331471e-08,0.0,283.1598205566406,287.84234619140625,290.39013671875,290.6860046386719,293.1499938964844,293.1499938964844,278.1499938964844,0.0,18000.0,313.1499938964844,0.0,18000.0,0.0,0.0,0.0,0.0,0.0,0.0,0.0,0.0,0.0,-0.0,-0.0,-0.0,6.445913975451006e-21,3.222956987725503e-21,3.2229567857771112e-21,0.0,0.0,-0.0,0.0,0.0,0.0,0.0,0.0,0.0,0.0,0.0,0.0,4.0,0.0,0.0
12357780,298.0194702148437,303.1499938964844,285.1499938964844,0.0,-0.0,287.4736022949219,0.0,0.0,9.278608922613785e-05,297.9725036621094,303.1499938964844,285.1499938964844,0.0,-0.0,287.4735717773437,0.0,0.0,9.770823089638724e-05,298.03778076171875,303.1499938964844,285.1499938964844,0.0,-0.0,287.4735717773437,0.0,0.0,7.216696394607425e-05,297.7844543457031,303.1499938964844,285.1499938964844,0.0,-0.0,287.4735717773437,0.0,0.0,9.770823089638724e-05,298.103759765625,303.1499938964844,285.1499938964844,0.0,-0.0,287.4736633300781,0.0,0.0,0.0004634857177734,287.4022521972656,294.1499938964844,287.54998779296875,285.6883850097656,287.85516357421875,287.54998779296875,287.29559326171875,0.0,0.0,0.0,0.0,1.0,1.0,-0.0009886426851153,4.536067077509642e-09,0.0009886381449177,-0.0109361167997121,0.0,0.0,0.0,-0.0070615378208458,60.0,0.1727887690067291,-0.0,-6.664048868287864e-08,0.0,283.1598205566406,287.84234619140625,290.39013671875,290.6860046386719,293.1499938964844,293.1499938964844,278.1499938964844,0.0,18000.0,313.1499938964844,0.0,18000.0,0.0,0.0,0.0,0.0,0.0,0.0,0.0,0.0,0.0,-0.0,-0.0,-0.0,6.445913975451006e-21,3.222956987725503e-21,3.2229567857771112e-21,0.0,0.0,-0.0,0.0,0.0,0.0,0.0,0.0,0.0,0.0,0.0,0.0,4.0,0.0,0.0
12357840,298.0194702148437,303.1499938964844,285.1499938964844,0.0,-0.0,287.4736022949219,0.0,0.0,9.278608922613785e-05,297.9725036621094,303.1499938964844,285.1499938964844,0.0,-0.0,287.4735717773437,0.0,0.0,9.770823089638724e-05,298.03778076171875,303.1499938964844,285.1499938964844,0.0,-0.0,287.4735717773437,0.0,0.0,7.216696394607425e-05,297.7844543457031,303.1499938964844,285.1499938964844,0.0,-0.0,287.4735717773437,0.0,0.0,9.770823089638724e-05,298.103759765625,303.1499938964844,285.1499938964844,0.0,-0.0,287.4736633300781,0.0,0.0,0.0004634857177734,287.4022521972656,294.1499938964844,287.54998779296875,285.6883850097656,287.85516357421875,287.54998779296875,287.29559326171875,0.0,0.0,0.0,0.0,1.0,1.0,-0.0009886426851153,4.536067077509642e-09,0.0009886381449177,-0.0109361167997121,0.0,0.0,0.0,-0.0070615378208458,60.0,0.1727887690067291,-0.0,-6.664048868287864e-08,0.0,283.1598205566406,287.84234619140625,290.39013671875,290.6860046386719,293.1499938964844,293.1499938964844,278.1499938964844,0.0,18000.0,313.1499938964844,0.0,18000.0,0.0,0.0,0.0,0.0,0.0,0.0,0.0,0.0,0.0,-0.0,-0.0,-0.0,6.445913975451006e-21,3.222956987725503e-21,3.2229567857771112e-21,0.0,0.0,-0.0,0.0,0.0,0.0,0.0,0.0,0.0,0.0,0.0,0.0,4.0,0.0,0.0
12357900,298.01904296875,303.1499938964844,285.1499938964844,0.0,-0.0,287.47265625,0.0,0.0,9.276933269575238e-05,297.9719543457031,303.1499938964844,285.1499938964844,0.0,-0.0,287.4725952148437,0.0,0.0,9.769058669917284e-05,298.037109375,303.1499938964844,285.1499938964844,0.0,-0.0,287.4725952148437,0.0,0.0,7.215393270598724e-05,297.7846984863281,303.1499938964844,285.1499938964844,0.0,-0.0,287.4726257324219,0.0,0.0,9.769057942321524e-05,298.10357666015625,303.1499938964844,285.1499938964844,0.0,-0.0,287.47271728515625,0.0,0.0,0.000463402015157,287.4015197753906,294.1499938964844,287.54998779296875,285.6828308105469,287.8525085449219,287.54998779296875,287.295654296875,0.0,0.0,0.0,0.0,1.0,1.0,-0.0009884641040116,4.515178009256715e-09,0.0009884595638141,-0.0108813876286149,0.0,0.0,0.0,-0.0070511824451386,60.0,0.1727126389741897,-0.0,-6.661640128413637e-08,0.0,283.1598205566406,287.84234619140625,290.39013671875,290.6860046386719,293.1499938964844,293.1499938964844,278.1499938964844,0.0,18000.0,313.1499938964844,0.0,18000.0,0.0,0.0,0.0,0.0,0.0,0.0,0.0,0.0,0.0,-0.0,-0.0,-0.0,6.445913975451006e-21,3.222956987725503e-21,3.2229567857771112e-21,0.0,0.0,-0.0,0.0,0.0,0.0,0.0,0.0,0.0,0.0,0.0,0.0,4.0,0.0,0.0
12357960,298.0185852050781,303.1499938964844,285.1499938964844,0.0,-0.0,287.4717102050781,0.0,0.0,9.275330376112834e-05,297.971435546875,303.1499938964844,285.1499938964844,0.0,-0.0,287.4716491699219,0.0,0.0,9.767369920155032e-05,298.03643798828125,303.1499938964844,285.1499938964844,0.0,-0.0,287.4716491699219,0.0,0.0,7.214146171463653e-05,297.784912109375,303.1499938964844,285.1499938964844,0.0,-0.0,287.4716796875,0.0,0.0,9.767369920155032e-05,298.1034240722656,303.1499938964844,285.1499938964844,0.0,-0.0,287.4717712402344,0.0,0.0,0.0004633219214156,287.4007873535156,294.1499938964844,287.54998779296875,285.6777648925781,287.849853515625,287.54998779296875,287.29571533203125,0.0,0.0,0.0,0.0,1.0,1.0,-0.0009882930899038,4.495190886188993e-09,0.0009882886661216,-0.0108290212228894,0.0,0.0,0.0,-0.007041273638606,60.0,0.172637790441513,-0.0,-6.659336548864303e-08,0.0,283.1598205566406,287.84234619140625,290.39013671875,290.6860046386719,293.1499938964844,293.1499938964844,278.1499938964844,0.0,18000.0,313.1499938964844,0.0,18000.0,0.0,0.0,0.0,0.0,0.0,0.0,0.0,0.0,0.0,-0.0,-0.0,-0.0,6.445913975451006e-21,3.222956987725503e-21,3.2229567857771112e-21,0.0,0.0,-0.0,0.0,0.0,0.0,0.0,0.0,0.0,0.0,0.0,0.0,4.0,0.0,0.0
12358020,298.0177001953125,303.1499938964844,285.1499938964844,0.0,-0.0,287.4698181152344,0.0,0.0,9.27234868868254e-05,297.97039794921875,303.1499938964844,285.1499938964844,0.0,-0.0,287.4697570800781,0.0,0.0,9.764230344444512e-05,298.0351257324219,303.1499938964844,285.1499938964844,0.0,-0.0,287.4697570800781,0.0,0.0,7.211827323772013e-05,297.7852478027344,303.1499938964844,285.1499938964844,0.0,-0.0,287.46978759765625,0.0,0.0,9.764229616848752e-05,298.1031188964844,303.1499938964844,285.1499938964844,0.0,-0.0,287.4698486328125,0.0,0.0,0.0004631729680113,287.3993225097656,294.1499938964844,287.54998779296875,285.669189453125,287.8446350097656,287.54998779296875,287.2958374023437,0.0,0.0,0.0,0.0,1.0,1.0,-0.0009879751596599,4.458015290254025e-09,0.0009879707358777,-0.0107316197827458,0.0,0.0,0.0,-0.0070228441618382,60.0,0.1724920123815536,-0.0,-6.655052686710405e-08,0.0,283.1598205566406,287.84234619140625,290.39013671875,290.6860046386719,293.1499938964844,293.1499938964844,278.1499938964844,0.0,18000.0,313.1499938964844,0.0,18000.0,0.0,0.0,0.0,0.0,0.0,0.0,0.0,0.0,0.0,-0.0,-0.0,-0.0,6.445913975451006e-21,3.222956987725503e-21,3.2229567857771112e-21,0.0,0.0,-0.0,0.0,0.0,0.0,0.0,0.0,0.0,0.0,0.0,0.0,4.0,0.0,0.0
12358080,298.0177001953125,303.1499938964844,285.1499938964844,0.0,-0.0,287.4698181152344,0.0,0.0,9.27234868868254e-05,297.97039794921875,303.1499938964844,285.1499938964844,0.0,-0.0,287.4697570800781,0.0,0.0,9.764230344444512e-05,298.0351257324219,303.1499938964844,285.1499938964844,0.0,-0.0,287.4697570800781,0.0,0.0,7.211827323772013e-05,297.7852478027344,303.1499938964844,285.1499938964844,0.0,-0.0,287.46978759765625,0.0,0.0,9.764229616848752e-05,298.1031188964844,303.1499938964844,285.1499938964844,0.0,-0.0,287.4698486328125,0.0,0.0,0.0004631729680113,287.3993225097656,294.1499938964844,287.54998779296875,285.669189453125,287.8446350097656,287.54998779296875,287.2958374023437,0.0,0.0,0.0,0.0,1.0,1.0,-0.0009879751596599,4.458015290254025e-09,0.0009879707358777,-0.0107316197827458,0.0,0.0,0.0,-0.0070228441618382,60.0,0.1724920123815536,-0.0,-6.655052686710405e-08,0.0,283.1598205566406,287.84234619140625,290.39013671875,290.6860046386719,293.1499938964844,293.1499938964844,278.1499938964844,0.0,18000.0,313.1499938964844,0.0,18000.0,0.0,0.0,0.0,0.0,0.0,0.0,0.0,0.0,0.0,-0.0,-0.0,-0.0,6.445913975451006e-21,3.222956987725503e-21,3.2229567857771112e-21,0.0,0.0,-0.0,0.0,0.0,0.0,0.0,0.0,0.0,0.0,0.0,0.0,4.0,0.0,0.0
12358140,298.01678466796875,303.1499938964844,285.1499938964844,0.0,-0.0,287.4679260253906,0.0,0.0,9.269698057323694e-05,297.9693603515625,303.1499938964844,285.1499938964844,0.0,-0.0,287.4678955078125,0.0,0.0,9.761439287103713e-05,298.0338134765625,303.1499938964844,285.1499938964844,0.0,-0.0,287.4678955078125,0.0,0.0,7.209765317384154e-05,297.7855224609375,303.1499938964844,285.1499938964844,0.0,-0.0,287.4678955078125,0.0,0.0,9.761438559507952e-05,298.102783203125,303.1499938964844,285.1499938964844,0.0,-0.0,287.4679870605469,0.0,0.0,0.0004630405746866,287.3978881835937,294.1499938964844,287.54998779296875,285.6628723144531,287.8395080566406,287.54998779296875,287.2959899902344,0.0,0.0,0.0,0.0,1.0,1.0,-0.0009876926196739,4.424970612149082e-09,0.0009876881958916,-0.0106450421735644,0.0,0.0,0.0,-0.0070064621977508,60.0,0.172352135181427,-0.0,-6.651245598732204e-08,0.0,283.1598205566406,287.84234619140625,290.39013671875,290.6860046386719,293.1499938964844,293.1499938964844,278.1499938964844,0.0,18000.0,313.1499938964844,0.0,18000.0,0.0,0.0,0.0,0.0,0.0,0.0,0.0,0.0,0.0,-0.0,-0.0,-0.0,6.445913975451006e-21,3.222956987725503e-21,3.2229567857771112e-21,0.0,0.0,-0.0,0.0,0.0,0.0,0.0,0.0,0.0,0.0,0.0,0.0,4.0,0.0,0.0
12358200,298.01678466796875,303.1499938964844,285.1499938964844,0.0,-0.0,287.4679260253906,0.0,0.0,9.269698057323694e-05,297.9693603515625,303.1499938964844,285.1499938964844,0.0,-0.0,287.4678955078125,0.0,0.0,9.761439287103713e-05,298.0338134765625,303.1499938964844,285.1499938964844,0.0,-0.0,287.4678955078125,0.0,0.0,7.209765317384154e-05,297.7855224609375,303.1499938964844,285.1499938964844,0.0,-0.0,287.4678955078125,0.0,0.0,9.761438559507952e-05,298.102783203125,303.1499938964844,285.1499938964844,0.0,-0.0,287.4679870605469,0.0,0.0,0.0004630405746866,287.3978881835937,294.1499938964844,287.54998779296875,285.6628723144531,287.8395080566406,287.54998779296875,287.2959899902344,0.0,0.0,0.0,0.0,1.0,1.0,-0.0009876926196739,4.424970612149082e-09,0.0009876881958916,-0.0106450421735644,0.0,0.0,0.0,-0.0070064621977508,60.0,0.172352135181427,-0.0,-6.651245598732204e-08,0.0,283.1598205566406,287.84234619140625,290.39013671875,290.6860046386719,293.1499938964844,293.1499938964844,278.1499938964844,0.0,18000.0,313.1499938964844,0.0,18000.0,0.0,0.0,0.0,0.0,0.0,0.0,0.0,0.0,0.0,-0.0,-0.0,-0.0,6.445913975451006e-21,3.222956987725503e-21,3.2229567857771112e-21,0.0,0.0,-0.0,0.0,0.0,0.0,0.0,0.0,0.0,0.0,0.0,0.0,4.0,0.0,0.0
12358260,298.0158386230469,303.1499938964844,285.1499938964844,0.0,-0.0,287.466064453125,0.0,0.0,9.26745487959124e-05,297.96832275390625,303.1499938964844,285.1499938964844,0.0,-0.0,287.4660339355469,0.0,0.0,9.759077511262149e-05,298.032470703125,303.1499938964844,285.1499938964844,0.0,-0.0,287.4660339355469,0.0,0.0,7.208021270344034e-05,297.78564453125,303.1499938964844,285.1499938964844,0.0,-0.0,287.4660339355469,0.0,0.0,9.759076783666389e-05,298.1024780273437,303.1499938964844,285.1499938964844,0.0,-0.0,287.46612548828125,0.0,0.0,0.0004629285249393,287.3964538574219,294.1499938964844,287.54998779296875,285.6590576171875,287.83447265625,287.54998779296875,287.2961120605469,0.0,0.0,0.0,0.0,1.0,1.0,-0.0009874533861875,4.3970023178019355e-09,0.0009874489624053,-0.0105717647820711,0.0,0.0,0.0,-0.0069925971329212,60.0,0.1722198873758316,-0.0,-6.648024708511002e-08,0.0,283.1598205566406,287.84234619140625,290.39013671875,290.6860046386719,293.1499938964844,293.1499938964844,278.1499938964844,0.0,18000.0,313.1499938964844,0.0,18000.0,0.0,0.0,0.0,0.0,0.0,0.0,0.0,0.0,0.0,-0.0,-0.0,-0.0,6.445913975451006e-21,3.222956987725503e-21,3.2229567857771112e-21,0.0,0.0,-0.0,0.0,0.0,0.0,0.0,0.0,0.0,0.0,0.0,0.0,4.0,0.0,0.0
12358320,298.0158386230469,303.1499938964844,285.1499938964844,0.0,-0.0,287.466064453125,0.0,0.0,9.26745487959124e-05,297.96832275390625,303.1499938964844,285.1499938964844,0.0,-0.0,287.4660339355469,0.0,0.0,9.759077511262149e-05,298.032470703125,303.1499938964844,285.1499938964844,0.0,-0.0,287.4660339355469,0.0,0.0,7.208021270344034e-05,297.78564453125,303.1499938964844,285.1499938964844,0.0,-0.0,287.4660339355469,0.0,0.0,9.759076783666389e-05,298.1024780273437,303.1499938964844,285.1499938964844,0.0,-0.0,287.46612548828125,0.0,0.0,0.0004629285249393,287.3964538574219,294.1499938964844,287.54998779296875,285.6590576171875,287.83447265625,287.54998779296875,287.2961120605469,0.0,0.0,0.0,0.0,1.0,1.0,-0.0009874533861875,4.3970023178019355e-09,0.0009874489624053,-0.0105717647820711,0.0,0.0,0.0,-0.0069925971329212,60.0,0.1722198873758316,-0.0,-6.648024708511002e-08,0.0,283.1598205566406,287.84234619140625,290.39013671875,290.6860046386719,293.1499938964844,293.1499938964844,278.1499938964844,0.0,18000.0,313.1499938964844,0.0,18000.0,0.0,0.0,0.0,0.0,0.0,0.0,0.0,0.0,0.0,-0.0,-0.0,-0.0,6.445913975451006e-21,3.222956987725503e-21,3.2229567857771112e-21,0.0,0.0,-0.0,0.0,0.0,0.0,0.0,0.0,0.0,0.0,0.0,0.0,4.0,0.0,0.0
12358380,298.0148620605469,303.1499938964844,285.1499938964844,0.0,-0.0,287.4642333984375,0.0,0.0,9.265609696740285e-05,297.9672546386719,303.1499938964844,285.1499938964844,0.0,-0.0,287.4642028808594,0.0,0.0,9.7571341029834e-05,298.0311584472656,303.1499938964844,285.1499938964844,0.0,-0.0,287.4642028808594,0.0,0.0,7.206585723906755e-05,297.7856750488281,303.1499938964844,285.1499938964844,0.0,-0.0,287.4642028808594,0.0,0.0,9.75713337538764e-05,298.1021423339844,303.1499938964844,285.1499938964844,0.0,-0.0,287.4642944335937,0.0,0.0,0.0004628363531082,287.3950500488281,294.1499938964844,287.54998779296875,285.657958984375,287.8295288085937,287.54998779296875,287.2962341308594,0.0,0.0,0.0,0.0,1.0,1.0,-0.0009872565278783,4.373986950412245e-09,0.0009872521040961,-0.0105114635080099,0.0,0.0,0.0,-0.0069811875000596,60.0,0.1720947474241256,-0.0,-6.645375094649354e-08,0.0,283.1598205566406,287.84234619140625,290.39013671875,290.6860046386719,293.1499938964844,293.1499938964844,278.1499938964844,0.0,18000.0,313.1499938964844,0.0,18000.0,0.0,0.0,0.0,0.0,0.0,0.0,0.0,0.0,0.0,-0.0,-0.0,-0.0,6.445913975451006e-21,3.222956987725503e-21,3.2229567857771112e-21,0.0,0.0,-0.0,0.0,0.0,0.0,0.0,0.0,0.0,0.0,0.0,0.0,4.0,0.0,0.0
12358440,298.0148620605469,303.1499938964844,285.1499938964844,0.0,-0.0,287.4642333984375,0.0,0.0,9.265609696740285e-05,297.9672546386719,303.1499938964844,285.1499938964844,0.0,-0.0,287.4642028808594,0.0,0.0,9.7571341029834e-05,298.0311584472656,303.1499938964844,285.1499938964844,0.0,-0.0,287.4642028808594,0.0,0.0,7.206585723906755e-05,297.7856750488281,303.1499938964844,285.1499938964844,0.0,-0.0,287.4642028808594,0.0,0.0,9.75713337538764e-05,298.1021423339844,303.1499938964844,285.1499938964844,0.0,-0.0,287.4642944335937,0.0,0.0,0.0004628363531082,287.3950500488281,294.1499938964844,287.54998779296875,285.657958984375,287.8295288085937,287.54998779296875,287.2962341308594,0.0,0.0,0.0,0.0,1.0,1.0,-0.0009872565278783,4.373986950412245e-09,0.0009872521040961,-0.0105114635080099,0.0,0.0,0.0,-0.0069811875000596,60.0,0.1720947474241256,-0.0,-6.645375094649354e-08,0.0,283.1598205566406,287.84234619140625,290.39013671875,290.6860046386719,293.1499938964844,293.1499938964844,278.1499938964844,0.0,18000.0,313.1499938964844,0.0,18000.0,0.0,0.0,0.0,0.0,0.0,0.0,0.0,0.0,0.0,-0.0,-0.0,-0.0,6.445913975451006e-21,3.222956987725503e-21,3.2229567857771112e-21,0.0,0.0,-0.0,0.0,0.0,0.0,0.0,0.0,0.0,0.0,0.0,0.0,4.0,0.0,0.0
12358500,298.0143127441406,303.1499938964844,285.1499938964844,0.0,-0.0,287.4633178710937,0.0,0.0,9.26488937693648e-05,297.9667358398437,303.1499938964844,285.1499938964844,0.0,-0.0,287.4632873535156,0.0,0.0,9.75637522060424e-05,298.0304870605469,303.1499938964844,285.1499938964844,0.0,-0.0,287.4632873535156,0.0,0.0,7.206025475170463e-05,297.7856140136719,303.1499938964844,285.1499938964844,0.0,-0.0,287.4632873535156,0.0,0.0,9.75637522060424e-05,298.1019592285156,303.1499938964844,285.1499938964844,0.0,-0.0,287.46337890625,0.0,0.0,0.0004628003807738,287.3943786621094,294.1499938964844,287.54998779296875,285.65850830078125,287.8270874023437,287.54998779296875,287.2962951660156,0.0,0.0,0.0,0.0,1.0,1.0,-0.0009871796937659,4.365001693429349e-09,0.0009871752699837,-0.0104879215359687,0.0,0.0,0.0,-0.0069767329841852,60.0,0.172036126255989,-0.0,-6.644340544426086e-08,0.0,283.1598205566406,287.84234619140625,290.39013671875,290.6860046386719,293.1499938964844,293.1499938964844,278.1499938964844,0.0,18000.0,313.1499938964844,0.0,18000.0,0.0,0.0,0.0,0.0,0.0,0.0,0.0,0.0,0.0,-0.0,-0.0,-0.0,6.445913975451006e-21,3.222956987725503e-21,3.2229567857771112e-21,0.0,0.0,-0.0,0.0,0.0,0.0,0.0,0.0,0.0,0.0,0.0,0.0,4.0,0.0,0.0
12358560,298.0137939453125,303.1499938964844,285.1499938964844,0.0,-0.0,287.4624328613281,0.0,0.0,9.264257823815568e-05,297.9661865234375,303.1499938964844,285.1499938964844,0.0,-0.0,287.4623718261719,0.0,0.0,9.755710925674066e-05,298.0298156738281,303.1499938964844,285.1499938964844,0.0,-0.0,287.4623718261719,0.0,0.0,7.205534348031506e-05,297.7855224609375,303.1499938964844,285.1499938964844,0.0,-0.0,287.46240234375,0.0,0.0,9.755710198078305e-05,298.1017761230469,303.1499938964844,285.1499938964844,0.0,-0.0,287.46246337890625,0.0,0.0,0.0004627688322216,287.3936767578125,294.1499938964844,287.54998779296875,285.6598205566406,287.8246765136719,287.54998779296875,287.2963562011719,0.0,0.0,0.0,0.0,1.0,1.0,-0.0009871122892946,4.357125771292658e-09,0.0009871079819276,-0.010467286221683,0.0,0.0,0.0,-0.0069728284142911,60.0,0.1719790995121002,-0.0,-6.643433891895256e-08,0.0,283.1598205566406,287.84234619140625,290.39013671875,290.6860046386719,293.1499938964844,293.1499938964844,278.1499938964844,0.0,18000.0,313.1499938964844,0.0,18000.0,0.0,0.0,0.0,0.0,0.0,0.0,0.0,0.0,0.0,-0.0,-0.0,-0.0,6.445913975451006e-21,3.222956987725503e-21,3.2229567857771112e-21,0.0,0.0,-0.0,0.0,0.0,0.0,0.0,0.0,0.0,0.0,0.0,0.0,4.0,0.0,0.0
12358620,298.0126647949219,303.1499938964844,285.1499938964844,0.0,-0.0,287.46063232421875,0.0,0.0,9.26344291656278e-05,297.9650573730469,303.1499938964844,285.1499938964844,0.0,-0.0,287.4605712890625,0.0,0.0,9.754852362675592e-05,298.0284729003906,303.1499938964844,285.1499938964844,0.0,-0.0,287.4606018066406,0.0,0.0,7.20490061212331e-05,297.78521728515625,303.1499938964844,285.1499938964844,0.0,-0.0,287.4606018066406,0.0,0.0,9.754851635079832e-05,298.10137939453125,303.1499938964844,285.1499938964844,0.0,-0.0,287.460693359375,0.0,0.0,0.0004627281159628,287.392333984375,294.1499938964844,287.54998779296875,285.6648254394531,287.81988525390625,287.54998779296875,287.2964782714844,0.0,0.0,0.0,0.0,1.0,1.0,-0.0009870252106338,4.346946802513685e-09,0.0009870209032669,-0.0104406168684363,0.0,0.0,0.0,-0.0069677825085818,60.0,0.1718732267618179,-0.0,-6.642262206923989e-08,0.0,283.1598205566406,287.84234619140625,290.39013671875,290.6860046386719,293.1499938964844,293.1499938964844,278.1499938964844,0.0,18000.0,313.1499938964844,0.0,18000.0,0.0,0.0,0.0,0.0,0.0,0.0,0.0,0.0,0.0,-0.0,-0.0,-0.0,6.445913975451006e-21,3.222956987725503e-21,3.2229567857771112e-21,0.0,0.0,-0.0,0.0,0.0,0.0,0.0,0.0,0.0,0.0,0.0,0.0,4.0,0.0,0.0
12358680,298.0126647949219,303.1499938964844,285.1499938964844,0.0,-0.0,287.46063232421875,0.0,0.0,9.26344291656278e-05,297.9650573730469,303.1499938964844,285.1499938964844,0.0,-0.0,287.4605712890625,0.0,0.0,9.754852362675592e-05,298.0284729003906,303.1499938964844,285.1499938964844,0.0,-0.0,287.4606018066406,0.0,0.0,7.20490061212331e-05,297.78521728515625,303.1499938964844,285.1499938964844,0.0,-0.0,287.4606018066406,0.0,0.0,9.754851635079832e-05,298.10137939453125,303.1499938964844,285.1499938964844,0.0,-0.0,287.460693359375,0.0,0.0,0.0004627281159628,287.392333984375,294.1499938964844,287.54998779296875,285.6648254394531,287.81988525390625,287.54998779296875,287.2964782714844,0.0,0.0,0.0,0.0,1.0,1.0,-0.0009870252106338,4.346946802513685e-09,0.0009870209032669,-0.0104406168684363,0.0,0.0,0.0,-0.0069677825085818,60.0,0.1718732267618179,-0.0,-6.642262206923989e-08,0.0,283.1598205566406,287.84234619140625,290.39013671875,290.6860046386719,293.1499938964844,293.1499938964844,278.1499938964844,0.0,18000.0,313.1499938964844,0.0,18000.0,0.0,0.0,0.0,0.0,0.0,0.0,0.0,0.0,0.0,-0.0,-0.0,-0.0,6.445913975451006e-21,3.222956987725503e-21,3.2229567857771112e-21,0.0,0.0,-0.0,0.0,0.0,0.0,0.0,0.0,0.0,0.0,0.0,0.0,4.0,0.0,0.0
12358740,298.0114440917969,303.1499938964844,285.1499938964844,0.0,-0.0,287.4588623046875,0.0,0.0,9.263132960768417e-05,297.96392822265625,303.1499938964844,285.1499938964844,0.0,-0.0,287.45880126953125,0.0,0.0,9.754525672178715e-05,298.0270690917969,303.1499938964844,285.1499938964844,0.0,-0.0,287.45880126953125,0.0,0.0,7.20465905033052e-05,297.7846984863281,303.1499938964844,285.1499938964844,0.0,-0.0,287.4588317871094,0.0,0.0,9.754524944582954e-05,298.1009521484375,303.1499938964844,285.1499938964844,0.0,-0.0,287.4588928222656,0.0,0.0,0.000462712632725,287.3909912109375,294.1499938964844,287.54998779296875,285.6732788085937,287.815185546875,287.54998779296875,287.2966003417969,0.0,0.0,0.0,0.0,1.0,1.0,-0.0009869920322671,4.343059689659867e-09,0.0009869876084849,-0.0104304328560829,0.0,0.0,0.0,-0.0069658551365137,60.0,0.1717767864465713,-0.0,-6.641814565000459e-08,0.0,283.1598205566406,287.84234619140625,290.39013671875,290.6860046386719,293.1499938964844,293.1499938964844,278.1499938964844,0.0,18000.0,313.1499938964844,0.0,18000.0,0.0,0.0,0.0,0.0,0.0,0.0,0.0,0.0,0.0,-0.0,-0.0,-0.0,6.445913975451006e-21,3.222956987725503e-21,3.2229567857771112e-21,0.0,0.0,-0.0,0.0,0.0,0.0,0.0,0.0,0.0,0.0,0.0,0.0,4.0,0.0,0.0
12358800,298.0114440917969,303.1499938964844,285.1499938964844,0.0,-0.0,287.4588623046875,0.0,0.0,9.263132960768417e-05,297.96392822265625,303.1499938964844,285.1499938964844,0.0,-0.0,287.45880126953125,0.0,0.0,9.754525672178715e-05,298.0270690917969,303.1499938964844,285.1499938964844,0.0,-0.0,287.45880126953125,0.0,0.0,7.20465905033052e-05,297.7846984863281,303.1499938964844,285.1499938964844,0.0,-0.0,287.4588317871094,0.0,0.0,9.754524944582954e-05,298.1009521484375,303.1499938964844,285.1499938964844,0.0,-0.0,287.4588928222656,0.0,0.0,0.000462712632725,287.3909912109375,294.1499938964844,287.54998779296875,285.6732788085937,287.815185546875,287.54998779296875,287.2966003417969,0.0,0.0,0.0,0.0,1.0,1.0,-0.0009869920322671,4.343059689659867e-09,0.0009869876084849,-0.0104304328560829,0.0,0.0,0.0,-0.0069658551365137,60.0,0.1717767864465713,-0.0,-6.641814565000459e-08,0.0,283.1598205566406,287.84234619140625,290.39013671875,290.6860046386719,293.1499938964844,293.1499938964844,278.1499938964844,0.0,18000.0,313.1499938964844,0.0,18000.0,0.0,0.0,0.0,0.0,0.0,0.0,0.0,0.0,0.0,-0.0,-0.0,-0.0,6.445913975451006e-21,3.222956987725503e-21,3.2229567857771112e-21,0.0,0.0,-0.0,0.0,0.0,0.0,0.0,0.0,0.0,0.0,0.0,0.0,4.0,0.0,0.0
12358860,298.0101623535156,303.1499938964844,285.1499938964844,0.0,-0.0,287.45709228515625,0.0,0.0,9.26312932278961e-05,297.96270751953125,303.1499938964844,285.1499938964844,0.0,-0.0,287.45703125,0.0,0.0,9.754522034199908e-05,298.025634765625,303.1499938964844,285.1499938964844,0.0,-0.0,287.45703125,0.0,0.0,7.204656867543235e-05,297.7840270996094,303.1499938964844,285.1499938964844,0.0,-0.0,287.4570617675781,0.0,0.0,9.754522034199908e-05,298.1004943847656,303.1499938964844,285.1499938964844,0.0,-0.0,287.4571228027344,0.0,0.0,0.0004627124872058,287.3896484375,294.1499938964844,287.54998779296875,285.6834716796875,287.8105773925781,287.54998779296875,287.2967224121094,0.0,0.0,0.0,0.0,1.0,1.0,-0.0009869914501905,4.343000181705747e-09,0.0009869871428236,-0.0104302763938903,0.0,0.0,0.0,-0.0069658257998526,60.0,0.1716890335083007,-0.0,-6.641807459573101e-08,0.0,283.1598205566406,287.84234619140625,290.39013671875,290.6860046386719,293.1499938964844,293.1499938964844,278.1499938964844,0.0,18000.0,313.1499938964844,0.0,18000.0,0.0,0.0,0.0,0.0,0.0,0.0,0.0,0.0,0.0,-0.0,-0.0,-0.0,6.445913975451006e-21,3.222956987725503e-21,3.2229567857771112e-21,0.0,0.0,-0.0,0.0,0.0,0.0,0.0,0.0,0.0,0.0,0.0,0.0,4.0,0.0,0.0
12358920,298.0101623535156,303.1499938964844,285.1499938964844,0.0,-0.0,287.45709228515625,0.0,0.0,9.26312932278961e-05,297.96270751953125,303.1499938964844,285.1499938964844,0.0,-0.0,287.45703125,0.0,0.0,9.754522034199908e-05,298.025634765625,303.1499938964844,285.1499938964844,0.0,-0.0,287.45703125,0.0,0.0,7.204656867543235e-05,297.7840270996094,303.1499938964844,285.1499938964844,0.0,-0.0,287.4570617675781,0.0,0.0,9.754522034199908e-05,298.1004943847656,303.1499938964844,285.1499938964844,0.0,-0.0,287.4571228027344,0.0,0.0,0.0004627124872058,287.3896484375,294.1499938964844,287.54998779296875,285.6834716796875,287.8105773925781,287.54998779296875,287.2967224121094,0.0,0.0,0.0,0.0,1.0,1.0,-0.0009869914501905,4.343000181705747e-09,0.0009869871428236,-0.0104302763938903,0.0,0.0,0.0,-0.0069658257998526,60.0,0.1716890335083007,-0.0,-6.641807459573101e-08,0.0,283.1598205566406,287.84234619140625,290.39013671875,290.6860046386719,293.1499938964844,293.1499938964844,278.1499938964844,0.0,18000.0,313.1499938964844,0.0,18000.0,0.0,0.0,0.0,0.0,0.0,0.0,0.0,0.0,0.0,-0.0,-0.0,-0.0,6.445913975451006e-21,3.222956987725503e-21,3.2229567857771112e-21,0.0,0.0,-0.0,0.0,0.0,0.0,0.0,0.0,0.0,0.0,0.0,0.0,4.0,0.0,0.0
12358980,298.0087890625,303.1499938964844,285.1499938964844,0.0,-0.0,287.4553527832031,0.0,0.0,9.263132233172656e-05,297.96148681640625,303.1499938964844,285.1499938964844,0.0,-0.0,287.4552917480469,0.0,0.0,9.754524944582954e-05,298.0241394042969,303.1499938964844,285.1499938964844,0.0,-0.0,287.4552917480469,0.0,0.0,7.20465905033052e-05,297.7831726074219,303.1499938964844,285.1499938964844,0.0,-0.0,287.455322265625,0.0,0.0,9.754524944582954e-05,298.1000061035156,303.1499938964844,285.1499938964844,0.0,-0.0,287.45538330078125,0.0,0.0,0.0004627126036211,287.3883361816406,294.1499938964844,287.54998779296875,285.69366455078125,287.8060302734375,287.54998779296875,287.2968444824219,0.0,0.0,0.0,0.0,1.0,1.0,-0.0009869915666058,4.3430081753115254e-09,0.0009869871428236,-0.0104302978143095,0.0,0.0,0.0,-0.0069658295251429,60.0,0.1716047078371048,-0.0,-6.641808880658574e-08,0.0,283.1598205566406,287.84234619140625,290.39013671875,290.6860046386719,293.1499938964844,293.1499938964844,278.1499938964844,0.0,18000.0,313.1499938964844,0.0,18000.0,0.0,0.0,0.0,0.0,0.0,0.0,0.0,0.0,0.0,-0.0,-0.0,-0.0,6.445913975451006e-21,3.222956987725503e-21,3.2229567857771112e-21,0.0,0.0,-0.0,0.0,0.0,0.0,0.0,0.0,0.0,0.0,0.0,0.0,4.0,0.0,0.0
12359040,298.0087890625,303.1499938964844,285.1499938964844,0.0,-0.0,287.4553527832031,0.0,0.0,9.263132233172656e-05,297.96148681640625,303.1499938964844,285.1499938964844,0.0,-0.0,287.4552917480469,0.0,0.0,9.754524944582954e-05,298.0241394042969,303.1499938964844,285.1499938964844,0.0,-0.0,287.4552917480469,0.0,0.0,7.20465905033052e-05,297.7831726074219,303.1499938964844,285.1499938964844,0.0,-0.0,287.455322265625,0.0,0.0,9.754524944582954e-05,298.1000061035156,303.1499938964844,285.1499938964844,0.0,-0.0,287.45538330078125,0.0,0.0,0.0004627126036211,287.3883361816406,294.1499938964844,287.54998779296875,285.69366455078125,287.8060302734375,287.54998779296875,287.2968444824219,0.0,0.0,0.0,0.0,1.0,1.0,-0.0009869915666058,4.3430081753115254e-09,0.0009869871428236,-0.0104302978143095,0.0,0.0,0.0,-0.0069658295251429,60.0,0.1716047078371048,-0.0,-6.641808880658574e-08,0.0,283.1598205566406,287.84234619140625,290.39013671875,290.6860046386719,293.1499938964844,293.1499938964844,278.1499938964844,0.0,18000.0,313.1499938964844,0.0,18000.0,0.0,0.0,0.0,0.0,0.0,0.0,0.0,0.0,0.0,-0.0,-0.0,-0.0,6.445913975451006e-21,3.222956987725503e-21,3.2229567857771112e-21,0.0,0.0,-0.0,0.0,0.0,0.0,0.0,0.0,0.0,0.0,0.0,0.0,4.0,0.0,0.0
12359100,298.0080871582031,303.1499938964844,285.1499938964844,0.0,-0.0,287.4544677734375,0.0,0.0,9.263132960768417e-05,297.9608459472656,303.1499938964844,285.1499938964844,0.0,-0.0,287.4544372558594,0.0,0.0,9.754525672178715e-05,298.0233764648437,303.1499938964844,285.1499938964844,0.0,-0.0,287.4544372558594,0.0,0.0,7.20465905033052e-05,297.78271484375,303.1499938964844,285.1499938964844,0.0,-0.0,287.4544677734375,0.0,0.0,9.754525672178715e-05,298.0997314453125,303.1499938964844,285.1499938964844,0.0,-0.0,287.4545288085937,0.0,0.0,0.000462712632725,287.3876953125,294.1499938964844,287.54998779296875,285.6987609863281,287.8038024902344,287.54998779296875,287.2969055175781,0.0,0.0,0.0,0.0,1.0,1.0,-0.0009869915666058,4.343006843043895e-09,0.0009869871428236,-0.0104302940890192,0.0,0.0,0.0,-0.0069658290594816,60.0,0.1715629249811172,-0.0,-6.641808170115837e-08,0.0,283.1598205566406,287.84234619140625,290.39013671875,290.6860046386719,293.1499938964844,293.1499938964844,278.1499938964844,0.0,18000.0,313.1499938964844,0.0,18000.0,0.0,0.0,0.0,0.0,0.0,0.0,0.0,0.0,0.0,-0.0,-0.0,-0.0,6.445913975451006e-21,3.222956987725503e-21,3.2229567857771112e-21,0.0,0.0,-0.0,0.0,0.0,0.0,0.0,0.0,0.0,0.0,0.0,0.0,4.0,0.0,0.0
12359160,298.0073547363281,303.1499938964844,285.1499938964844,0.0,-0.0,287.45361328125,0.0,0.0,9.263133688364178e-05,297.9601745605469,303.1499938964844,285.1499938964844,0.0,-0.0,287.4535827636719,0.0,0.0,9.754526399774476e-05,298.0226135253906,303.1499938964844,285.1499938964844,0.0,-0.0,287.4535827636719,0.0,0.0,7.204659777926281e-05,297.7822570800781,303.1499938964844,285.1499938964844,0.0,-0.0,287.4535827636719,0.0,0.0,9.754526399774476e-05,298.0994567871094,303.1499938964844,285.1499938964844,0.0,-0.0,287.45367431640625,0.0,0.0,0.0004627126909326,287.3870544433594,294.1499938964844,287.54998779296875,285.703857421875,287.8016052246094,287.54998779296875,287.2969665527344,0.0,0.0,0.0,0.0,1.0,1.0,-0.0009869915666058,4.343006843043895e-09,0.0009869871428236,-0.0104302940890192,0.0,0.0,0.0,-0.0069658290594816,60.0,0.1715212166309356,-0.0,-6.641808170115837e-08,0.0,283.1598205566406,287.84234619140625,290.39013671875,290.6860046386719,293.1499938964844,293.1499938964844,278.1499938964844,0.0,18000.0,313.1499938964844,0.0,18000.0,0.0,0.0,0.0,0.0,0.0,0.0,0.0,0.0,0.0,-0.0,-0.0,-0.0,6.445913975451006e-21,3.222956987725503e-21,3.2229567857771112e-21,0.0,0.0,-0.0,0.0,0.0,0.0,0.0,0.0,0.0,0.0,0.0,0.0,4.0,0.0,0.0
12359220,298.0058898925781,303.1499938964844,285.1499938964844,0.0,-0.0,287.451904296875,0.0,0.0,9.2631351435557e-05,297.9588623046875,303.1499938964844,285.1499938964844,0.0,-0.0,287.4518737792969,0.0,0.0,9.75452858256176e-05,298.0210876464844,303.1499938964844,285.1499938964844,0.0,-0.0,287.4518737792969,0.0,0.0,7.204661233117804e-05,297.78125,303.1499938964844,285.1499938964844,0.0,-0.0,287.4518737792969,0.0,0.0,9.754527854966e-05,298.0988464355469,303.1499938964844,285.1499938964844,0.0,-0.0,287.45196533203125,0.0,0.0,0.0004627127782441,287.38580322265625,294.1499938964844,287.54998779296875,285.71405029296875,287.7972106933594,287.54998779296875,287.297119140625,0.0,0.0,0.0,0.0,1.0,1.0,-0.0009869915666058,4.343006843043895e-09,0.0009869871428236,-0.0104302940890192,0.0,0.0,0.0,-0.0069658290594816,60.0,0.1714379340410232,-0.0,-6.641808170115837e-08,0.0,283.1598205566406,287.84234619140625,290.39013671875,290.6860046386719,293.1499938964844,293.1499938964844,278.1499938964844,0.0,18000.0,313.1499938964844,0.0,18000.0,0.0,0.0,0.0,0.0,0.0,0.0,0.0,0.0,0.0,-0.0,-0.0,-0.0,6.445913975451006e-21,3.222956987725503e-21,3.2229567857771112e-21,0.0,0.0,-0.0,0.0,0.0,0.0,0.0,0.0,0.0,0.0,0.0,0.0,4.0,0.0,0.0
12359280,298.0058898925781,303.1499938964844,285.1499938964844,0.0,-0.0,287.451904296875,0.0,0.0,9.2631351435557e-05,297.9588623046875,303.1499938964844,285.1499938964844,0.0,-0.0,287.4518737792969,0.0,0.0,9.75452858256176e-05,298.0210876464844,303.1499938964844,285.1499938964844,0.0,-0.0,287.4518737792969,0.0,0.0,7.204661233117804e-05,297.78125,303.1499938964844,285.1499938964844,0.0,-0.0,287.4518737792969,0.0,0.0,9.754527854966e-05,298.0988464355469,303.1499938964844,285.1499938964844,0.0,-0.0,287.45196533203125,0.0,0.0,0.0004627127782441,287.38580322265625,294.1499938964844,287.54998779296875,285.71405029296875,287.7972106933594,287.54998779296875,287.297119140625,0.0,0.0,0.0,0.0,1.0,1.0,-0.0009869915666058,4.343006843043895e-09,0.0009869871428236,-0.0104302940890192,0.0,0.0,0.0,-0.0069658290594816,60.0,0.1714379340410232,-0.0,-6.641808170115837e-08,0.0,283.1598205566406,287.84234619140625,290.39013671875,290.6860046386719,293.1499938964844,293.1499938964844,278.1499938964844,0.0,18000.0,313.1499938964844,0.0,18000.0,0.0,0.0,0.0,0.0,0.0,0.0,0.0,0.0,0.0,-0.0,-0.0,-0.0,6.445913975451006e-21,3.222956987725503e-21,3.2229567857771112e-21,0.0,0.0,-0.0,0.0,0.0,0.0,0.0,0.0,0.0,0.0,0.0,0.0,4.0,0.0,0.0
12359340,298.0050354003906,303.1499938964844,285.1499938964844,0.0,-0.0,287.4509582519531,0.0,0.0,9.263136598747224e-05,297.9580993652344,303.1499938964844,285.1499938964844,0.0,-0.0,287.450927734375,0.0,0.0,9.754529310157524e-05,298.02020263671875,303.1499938964844,285.1499938964844,0.0,-0.0,287.450927734375,0.0,0.0,7.204661960713565e-05,297.7806701660156,303.1499938964844,285.1499938964844,0.0,-0.0,287.450927734375,0.0,0.0,9.754529310157524e-05,298.0985107421875,303.1499938964844,285.1499938964844,0.0,-0.0,287.4510192871094,0.0,0.0,0.0004627128073479,287.38507080078125,294.1499938964844,287.54998779296875,285.7197570800781,287.7947998046875,287.54998779296875,287.29718017578125,0.0,0.0,0.0,0.0,1.0,1.0,-0.0009869915666058,4.343006843043895e-09,0.0009869871428236,-0.0104302940890192,0.0,0.0,0.0,-0.0069658290594816,60.0,0.1713913679122924,-0.0,-6.641808170115837e-08,0.0,283.1598205566406,287.84234619140625,290.39013671875,290.6860046386719,293.1499938964844,293.1499938964844,278.1499938964844,0.0,18000.0,313.1499938964844,0.0,18000.0,0.0,0.0,0.0,0.0,0.0,0.0,0.0,0.0,0.0,-0.0,-0.0,-0.0,6.445913975451006e-21,3.222956987725503e-21,3.2229567857771112e-21,0.0,0.0,-0.0,0.0,0.0,0.0,0.0,0.0,0.0,0.0,0.0,0.0,4.0,0.0,0.0
12359400,298.00439453125,303.1499938964844,285.1499938964844,0.0,-0.0,287.4502258300781,0.0,0.0,9.263137326342984e-05,297.95751953125,303.1499938964844,285.1499938964844,0.0,-0.0,287.4501953125,0.0,0.0,9.754530037753284e-05,298.0195007324219,303.1499938964844,285.1499938964844,0.0,-0.0,287.4501953125,0.0,0.0,7.204662688309327e-05,297.7802124023437,303.1499938964844,285.1499938964844,0.0,-0.0,287.4501953125,0.0,0.0,9.754530037753284e-05,298.0982360839844,303.1499938964844,285.1499938964844,0.0,-0.0,287.45025634765625,0.0,0.0,0.0004627128364518,287.384521484375,294.1499938964844,287.54998779296875,285.7242431640625,287.7929077148437,287.54998779296875,287.2972412109375,0.0,0.0,0.0,0.0,1.0,1.0,-0.0009869915666058,4.343006843043895e-09,0.0009869871428236,-0.0104302940890192,0.0,0.0,0.0,-0.0069658290594816,60.0,0.1713547855615615,-0.0,-6.641808170115837e-08,0.0,283.1598205566406,287.84234619140625,290.39013671875,290.6860046386719,293.1499938964844,293.1499938964844,278.1499938964844,0.0,18000.0,313.1499938964844,0.0,18000.0,0.0,0.0,0.0,0.0,0.0,0.0,0.0,0.0,0.0,-0.0,-0.0,-0.0,6.445913975451006e-21,3.222956987725503e-21,3.2229567857771112e-21,0.0,0.0,-0.0,0.0,0.0,0.0,0.0,0.0,0.0,0.0,0.0,0.0,4.0,0.0,0.0
12359460,298.0028381347656,303.1499938964844,285.1499938964844,0.0,-0.0,287.44854736328125,0.0,0.0,9.263138781534508e-05,297.95611572265625,303.1499938964844,285.1499938964844,0.0,-0.0,287.4485168457031,0.0,0.0,9.754532220540568e-05,298.0179138183594,303.1499938964844,285.1499938964844,0.0,-0.0,287.4485168457031,0.0,0.0,7.20466414350085e-05,297.77911376953125,303.1499938964844,285.1499938964844,0.0,-0.0,287.4485168457031,0.0,0.0,9.754531492944808e-05,298.0975952148437,303.1499938964844,285.1499938964844,0.0,-0.0,287.4486083984375,0.0,0.0,0.0004627129237633,287.38330078125,294.1499938964844,287.54998779296875,285.73443603515625,287.7886657714844,287.54998779296875,287.29736328125,0.0,0.0,0.0,0.0,1.0,1.0,-0.0009869915666058,4.343006843043895e-09,0.0009869871428236,-0.0104302940890192,0.0,0.0,0.0,-0.0069658290594816,60.0,0.1712717115879058,-0.0,-6.641808170115837e-08,0.0,283.1598205566406,287.84234619140625,290.39013671875,290.6860046386719,293.1499938964844,293.1499938964844,278.1499938964844,0.0,18000.0,313.1499938964844,0.0,18000.0,0.0,0.0,0.0,0.0,0.0,0.0,0.0,0.0,0.0,-0.0,-0.0,-0.0,6.445913975451006e-21,3.222956987725503e-21,3.2229567857771112e-21,0.0,0.0,-0.0,0.0,0.0,0.0,0.0,0.0,0.0,0.0,0.0,0.0,4.0,0.0,0.0
12359520,298.0028381347656,303.1499938964844,285.1499938964844,0.0,-0.0,287.44854736328125,0.0,0.0,9.263138781534508e-05,297.95611572265625,303.1499938964844,285.1499938964844,0.0,-0.0,287.4485168457031,0.0,0.0,9.754532220540568e-05,298.0179138183594,303.1499938964844,285.1499938964844,0.0,-0.0,287.4485168457031,0.0,0.0,7.20466414350085e-05,297.77911376953125,303.1499938964844,285.1499938964844,0.0,-0.0,287.4485168457031,0.0,0.0,9.754531492944808e-05,298.0975952148437,303.1499938964844,285.1499938964844,0.0,-0.0,287.4486083984375,0.0,0.0,0.0004627129237633,287.38330078125,294.1499938964844,287.54998779296875,285.73443603515625,287.7886657714844,287.54998779296875,287.29736328125,0.0,0.0,0.0,0.0,1.0,1.0,-0.0009869915666058,4.343006843043895e-09,0.0009869871428236,-0.0104302940890192,0.0,0.0,0.0,-0.0069658290594816,60.0,0.1712717115879058,-0.0,-6.641808170115837e-08,0.0,283.1598205566406,287.84234619140625,290.39013671875,290.6860046386719,293.1499938964844,293.1499938964844,278.1499938964844,0.0,18000.0,313.1499938964844,0.0,18000.0,0.0,0.0,0.0,0.0,0.0,0.0,0.0,0.0,0.0,-0.0,-0.0,-0.0,6.445913975451006e-21,3.222956987725503e-21,3.2229567857771112e-21,0.0,0.0,-0.0,0.0,0.0,0.0,0.0,0.0,0.0,0.0,0.0,0.0,4.0,0.0,0.0
12359580,298.00128173828125,303.1499938964844,285.1499938964844,0.0,-0.0,287.4468994140625,0.0,0.0,9.263140236726032e-05,297.9547119140625,303.1499938964844,285.1499938964844,0.0,-0.0,287.4468688964844,0.0,0.0,9.754533675732092e-05,298.01629638671875,303.1499938964844,285.1499938964844,0.0,-0.0,287.4468688964844,0.0,0.0,7.204665598692372e-05,297.7779541015625,303.1499938964844,285.1499938964844,0.0,-0.0,287.4468688964844,0.0,0.0,9.754533675732092e-05,298.0968933105469,303.1499938964844,285.1499938964844,0.0,-0.0,287.44696044921875,0.0,0.0,0.0004627130110748,287.382080078125,294.1499938964844,287.54998779296875,285.74462890625,287.7845153808594,287.54998779296875,287.2974853515625,0.0,0.0,0.0,0.0,1.0,1.0,-0.0009869915666058,4.343006843043895e-09,0.0009869871428236,-0.0104302940890192,0.0,0.0,0.0,-0.0069658290594816,60.0,0.1711887121200561,-0.0,-6.641808170115837e-08,0.0,283.1598205566406,287.84234619140625,290.39013671875,290.6860046386719,293.1499938964844,293.1499938964844,278.1499938964844,0.0,18000.0,313.1499938964844,0.0,18000.0,0.0,0.0,0.0,0.0,0.0,0.0,0.0,0.0,0.0,-0.0,-0.0,-0.0,6.445913975451006e-21,3.222956987725503e-21,3.2229567857771112e-21,0.0,0.0,-0.0,0.0,0.0,0.0,0.0,0.0,0.0,0.0,0.0,0.0,4.0,0.0,0.0
12359640,298.00128173828125,303.1499938964844,285.1499938964844,0.0,-0.0,287.4468994140625,0.0,0.0,9.263140236726032e-05,297.9547119140625,303.1499938964844,285.1499938964844,0.0,-0.0,287.4468688964844,0.0,0.0,9.754533675732092e-05,298.01629638671875,303.1499938964844,285.1499938964844,0.0,-0.0,287.4468688964844,0.0,0.0,7.204665598692372e-05,297.7779541015625,303.1499938964844,285.1499938964844,0.0,-0.0,287.4468688964844,0.0,0.0,9.754533675732092e-05,298.0968933105469,303.1499938964844,285.1499938964844,0.0,-0.0,287.44696044921875,0.0,0.0,0.0004627130110748,287.382080078125,294.1499938964844,287.54998779296875,285.74462890625,287.7845153808594,287.54998779296875,287.2974853515625,0.0,0.0,0.0,0.0,1.0,1.0,-0.0009869915666058,4.343006843043895e-09,0.0009869871428236,-0.0104302940890192,0.0,0.0,0.0,-0.0069658290594816,60.0,0.1711887121200561,-0.0,-6.641808170115837e-08,0.0,283.1598205566406,287.84234619140625,290.39013671875,290.6860046386719,293.1499938964844,293.1499938964844,278.1499938964844,0.0,18000.0,313.1499938964844,0.0,18000.0,0.0,0.0,0.0,0.0,0.0,0.0,0.0,0.0,0.0,-0.0,-0.0,-0.0,6.445913975451006e-21,3.222956987725503e-21,3.2229567857771112e-21,0.0,0.0,-0.0,0.0,0.0,0.0,0.0,0.0,0.0,0.0,0.0,0.0,4.0,0.0,0.0
12359700,298.00048828125,303.1499938964844,285.1499938964844,0.0,-0.0,287.4460754394531,0.0,0.0,9.263140964321792e-05,297.9540100097656,303.1499938964844,285.1499938964844,0.0,-0.0,287.446044921875,0.0,0.0,9.754534403327852e-05,298.0154724121094,303.1499938964844,285.1499938964844,0.0,-0.0,287.446044921875,0.0,0.0,7.204665598692372e-05,297.7773742675781,303.1499938964844,285.1499938964844,0.0,-0.0,287.446044921875,0.0,0.0,9.754534403327852e-05,298.0965576171875,303.1499938964844,285.1499938964844,0.0,-0.0,287.4461364746094,0.0,0.0,0.0004627130692824,287.3815002441406,294.1499938964844,287.54998779296875,285.7497253417969,287.782470703125,287.54998779296875,287.29754638671875,0.0,0.0,0.0,0.0,1.0,1.0,-0.0009869915666058,4.343006843043895e-09,0.0009869871428236,-0.0104302940890192,0.0,0.0,0.0,-0.0069658290594816,60.0,0.1711472570896148,-0.0,-6.641808170115837e-08,0.0,283.1598205566406,287.84234619140625,290.39013671875,290.6860046386719,293.1499938964844,293.1499938964844,278.1499938964844,0.0,18000.0,313.1499938964844,0.0,18000.0,0.0,0.0,0.0,0.0,0.0,0.0,0.0,0.0,0.0,-0.0,-0.0,-0.0,6.445913975451006e-21,3.222956987725503e-21,3.2229567857771112e-21,0.0,0.0,-0.0,0.0,0.0,0.0,0.0,0.0,0.0,0.0,0.0,0.0,4.0,0.0,0.0
12359760,297.99969482421875,303.1499938964844,285.1499938964844,0.0,-0.0,287.4452819824219,0.0,0.0,9.263141691917554e-05,297.9532775878906,303.1499938964844,285.1499938964844,0.0,-0.0,287.4452209472656,0.0,0.0,9.754535130923614e-05,298.0146484375,303.1499938964844,285.1499938964844,0.0,-0.0,287.4452209472656,0.0,0.0,7.204666326288134e-05,297.7767944335937,303.1499938964844,285.1499938964844,0.0,-0.0,287.4452514648437,0.0,0.0,9.754535130923614e-05,298.09619140625,303.1499938964844,285.1499938964844,0.0,-0.0,287.4453125,0.0,0.0,0.0004627130983863,287.3808898925781,294.1499938964844,287.54998779296875,285.7547912597656,287.78045654296875,287.54998779296875,287.297607421875,0.0,0.0,0.0,0.0,1.0,1.0,-0.0009869915666058,4.343006843043895e-09,0.0009869871428236,-0.0104302940890192,0.0,0.0,0.0,-0.0069658290594816,60.0,0.1711058020591735,-0.0,-6.641808170115837e-08,0.0,283.1598205566406,287.84234619140625,290.39013671875,290.6860046386719,293.1499938964844,293.1499938964844,278.1499938964844,0.0,18000.0,313.1499938964844,0.0,18000.0,0.0,0.0,0.0,0.0,0.0,0.0,0.0,0.0,0.0,-0.0,-0.0,-0.0,6.445913975451006e-21,3.222956987725503e-21,3.2229567857771112e-21,0.0,0.0,-0.0,0.0,0.0,0.0,0.0,0.0,0.0,0.0,0.0,0.0,4.0,0.0,0.0
12359820,297.9980773925781,303.1499938964844,285.1499938964844,0.0,-0.0,287.44366455078125,0.0,0.0,9.263143874704838e-05,297.95184326171875,303.1499938964844,285.1499938964844,0.0,-0.0,287.443603515625,0.0,0.0,9.754537313710898e-05,298.01300048828125,303.1499938964844,285.1499938964844,0.0,-0.0,287.443603515625,0.0,0.0,7.204667781479657e-05,297.7756042480469,303.1499938964844,285.1499938964844,0.0,-0.0,287.4436340332031,0.0,0.0,9.754536586115135e-05,298.095458984375,303.1499938964844,285.1499938964844,0.0,-0.0,287.4436950683594,0.0,0.0,0.0004627131856977,287.37969970703125,294.1499938964844,287.54998779296875,285.7649841308594,287.7764587402344,287.54998779296875,287.2977294921875,0.0,0.0,0.0,0.0,1.0,1.0,-0.0009869915666058,4.343006843043895e-09,0.0009869871428236,-0.0104302940890192,0.0,0.0,0.0,-0.0069658290594816,60.0,0.1710229665040969,-0.0,-6.641808170115837e-08,0.0,283.1598205566406,287.84234619140625,290.39013671875,290.6860046386719,293.1499938964844,293.1499938964844,278.1499938964844,0.0,18000.0,313.1499938964844,0.0,18000.0,0.0,0.0,0.0,0.0,0.0,0.0,0.0,0.0,0.0,-0.0,-0.0,-0.0,6.445913975451006e-21,3.222956987725503e-21,3.2229567857771112e-21,0.0,0.0,-0.0,0.0,0.0,0.0,0.0,0.0,0.0,0.0,0.0,0.0,4.0,0.0,0.0
12359880,297.9980773925781,303.1499938964844,285.1499938964844,0.0,-0.0,287.44366455078125,0.0,0.0,9.263143874704838e-05,297.95184326171875,303.1499938964844,285.1499938964844,0.0,-0.0,287.443603515625,0.0,0.0,9.754537313710898e-05,298.01300048828125,303.1499938964844,285.1499938964844,0.0,-0.0,287.443603515625,0.0,0.0,7.204667781479657e-05,297.7756042480469,303.1499938964844,285.1499938964844,0.0,-0.0,287.4436340332031,0.0,0.0,9.754536586115135e-05,298.095458984375,303.1499938964844,285.1499938964844,0.0,-0.0,287.4436950683594,0.0,0.0,0.0004627131856977,287.37969970703125,294.1499938964844,287.54998779296875,285.7649841308594,287.7764587402344,287.54998779296875,287.2977294921875,0.0,0.0,0.0,0.0,1.0,1.0,-0.0009869915666058,4.343006843043895e-09,0.0009869871428236,-0.0104302940890192,0.0,0.0,0.0,-0.0069658290594816,60.0,0.1710229665040969,-0.0,-6.641808170115837e-08,0.0,283.1598205566406,287.84234619140625,290.39013671875,290.6860046386719,293.1499938964844,293.1499938964844,278.1499938964844,0.0,18000.0,313.1499938964844,0.0,18000.0,0.0,0.0,0.0,0.0,0.0,0.0,0.0,0.0,0.0,-0.0,-0.0,-0.0,6.445913975451006e-21,3.222956987725503e-21,3.2229567857771112e-21,0.0,0.0,-0.0,0.0,0.0,0.0,0.0,0.0,0.0,0.0,0.0,0.0,4.0,0.0,0.0
12359940,297.9964904785156,303.1499938964844,285.1499938964844,0.0,-0.0,287.4420471191406,0.0,0.0,9.26314532989636e-05,297.95037841796875,303.1499938964844,285.1499938964844,0.0,-0.0,287.4420166015625,0.0,0.0,9.75453876890242e-05,298.0113525390625,303.1499938964844,285.1499938964844,0.0,-0.0,287.4420166015625,0.0,0.0,7.20466923667118e-05,297.7744140625,303.1499938964844,285.1499938964844,0.0,-0.0,287.4420166015625,0.0,0.0,9.75453876890242e-05,298.0946960449219,303.1499938964844,285.1499938964844,0.0,-0.0,287.4421081542969,0.0,0.0,0.0004627132439054,287.3785400390625,294.1499938964844,287.54998779296875,285.775146484375,287.77252197265625,287.54998779296875,287.2978515625,0.0,0.0,0.0,0.0,1.0,1.0,-0.0009869915666058,4.343006843043895e-09,0.0009869871428236,-0.0104302940890192,0.0,0.0,0.0,-0.0069658290594816,60.0,0.1709401905536651,-0.0,-6.641808170115837e-08,0.0,283.1598205566406,287.84234619140625,290.39013671875,290.6860046386719,293.1499938964844,293.1499938964844,278.1499938964844,0.0,18000.0,313.1499938964844,0.0,18000.0,0.0,0.0,0.0,0.0,0.0,0.0,0.0,0.0,0.0,-0.0,-0.0,-0.0,6.445913975451006e-21,3.222956987725503e-21,3.2229567857771112e-21,0.0,0.0,-0.0,0.0,0.0,0.0,0.0,0.0,0.0,0.0,0.0,0.0,4.0,0.0,0.0
12360000,297.9964904785156,303.1499938964844,285.1499938964844,0.0,-0.0,287.4420471191406,0.0,0.0,9.26314532989636e-05,297.95037841796875,303.1499938964844,285.1499938964844,0.0,-0.0,287.4420166015625,0.0,0.0,9.75453876890242e-05,298.0113525390625,303.1499938964844,285.1499938964844,0.0,-0.0,287.4420166015625,0.0,0.0,7.20466923667118e-05,297.7744140625,303.1499938964844,285.1499938964844,0.0,-0.0,287.4420166015625,0.0,0.0,9.75453876890242e-05,298.0946960449219,303.1499938964844,285.1499938964844,0.0,-0.0,287.4421081542969,0.0,0.0,0.0004627132439054,287.3785400390625,294.1499938964844,287.54998779296875,285.775146484375,287.77252197265625,287.54998779296875,287.2978515625,0.0,0.0,0.0,0.0,1.0,1.0,-0.0009869915666058,4.343006843043895e-09,0.0009869871428236,-0.0104302940890192,0.0,0.0,0.0,-0.0069658290594816,60.0,0.1709401905536651,-0.0,-6.641808170115837e-08,0.0,283.1598205566406,287.84234619140625,290.39013671875,290.6860046386719,293.1499938964844,293.1499938964844,278.1499938964844,0.0,18000.0,313.1499938964844,0.0,18000.0,0.0,0.0,0.0,0.0,0.0,0.0,0.0,0.0,0.0,-0.0,-0.0,-0.0,6.445913975451006e-21,3.222956987725503e-21,3.2229567857771112e-21,0.0,0.0,-0.0,0.0,0.0,0.0,0.0,0.0,0.0,0.0,0.0,0.0,4.0,0.0,0.0
12360060,297.994873046875,303.1499938964844,285.1499938964844,0.0,-0.0,287.4404602050781,0.0,0.0,9.263146785087883e-05,297.94891357421875,303.1499938964844,285.1499938964844,0.0,-0.0,287.4404296875,0.0,0.0,9.754540224093944e-05,298.0096740722656,303.1499938964844,285.1499938964844,0.0,-0.0,287.4404296875,0.0,0.0,7.204669964266941e-05,297.773193359375,303.1499938964844,285.1499938964844,0.0,-0.0,287.4404602050781,0.0,0.0,9.754540224093944e-05,298.09393310546875,303.1499938964844,285.1499938964844,0.0,-0.0,287.4405212402344,0.0,0.0,0.0004627133312169,287.3774108886719,294.1499938964844,287.54998779296875,285.7853088378906,287.7686767578125,287.54998779296875,287.2979736328125,0.0,0.0,0.0,0.0,1.0,1.0,-0.0009869915666058,4.343006843043895e-09,0.0009869871428236,-0.0104302940890192,0.0,0.0,0.0,-0.0069658290594816,60.0,0.1708574742078781,-0.0,-6.641808170115837e-08,0.0,283.1598205566406,287.84234619140625,290.39013671875,290.6860046386719,293.1499938964844,293.1499938964844,278.1499938964844,0.0,18000.0,313.1499938964844,0.0,18000.0,0.0,0.0,0.0,0.0,0.0,0.0,0.0,0.0,0.0,-0.0,-0.0,-0.0,6.445913975451006e-21,3.222956987725503e-21,3.2229567857771112e-21,0.0,0.0,-0.0,0.0,0.0,0.0,0.0,0.0,0.0,0.0,0.0,0.0,4.0,0.0,0.0
12360120,297.994873046875,303.1499938964844,285.1499938964844,0.0,-0.0,287.4404602050781,0.0,0.0,9.263146785087883e-05,297.94891357421875,303.1499938964844,285.1499938964844,0.0,-0.0,287.4404296875,0.0,0.0,9.754540224093944e-05,298.0096740722656,303.1499938964844,285.1499938964844,0.0,-0.0,287.4404296875,0.0,0.0,7.204669964266941e-05,297.773193359375,303.1499938964844,285.1499938964844,0.0,-0.0,287.4404602050781,0.0,0.0,9.754540224093944e-05,298.09393310546875,303.1499938964844,285.1499938964844,0.0,-0.0,287.4405212402344,0.0,0.0,0.0004627133312169,287.3774108886719,294.1499938964844,287.54998779296875,285.7853088378906,287.7686767578125,287.54998779296875,287.2979736328125,0.0,0.0,0.0,0.0,1.0,1.0,-0.0009869915666058,4.343006843043895e-09,0.0009869871428236,-0.0104302940890192,0.0,0.0,0.0,-0.0069658290594816,60.0,0.1708574742078781,-0.0,-6.641808170115837e-08,0.0,283.1598205566406,287.84234619140625,290.39013671875,290.6860046386719,293.1499938964844,293.1499938964844,278.1499938964844,0.0,18000.0,313.1499938964844,0.0,18000.0,0.0,0.0,0.0,0.0,0.0,0.0,0.0,0.0,0.0,-0.0,-0.0,-0.0,6.445913975451006e-21,3.222956987725503e-21,3.2229567857771112e-21,0.0,0.0,-0.0,0.0,0.0,0.0,0.0,0.0,0.0,0.0,0.0,0.0,4.0,0.0,0.0
12360180,297.99322509765625,303.1499938964844,285.1499938964844,0.0,-0.0,287.4389038085937,0.0,0.0,9.263148240279406e-05,297.9474182128906,303.1499938964844,285.1499938964844,0.0,-0.0,287.4388732910156,0.0,0.0,9.754541679285468e-05,298.0080261230469,303.1499938964844,285.1499938964844,0.0,-0.0,287.4388732910156,0.0,0.0,7.204671419458464e-05,297.77197265625,303.1499938964844,285.1499938964844,0.0,-0.0,287.4388732910156,0.0,0.0,9.754541679285468e-05,298.0931396484375,303.1499938964844,285.1499938964844,0.0,-0.0,287.43896484375,0.0,0.0,0.0004627134185284,287.37628173828125,294.1499938964844,287.54998779296875,285.79547119140625,287.7648620605469,287.54998779296875,287.298095703125,0.0,0.0,0.0,0.0,1.0,1.0,-0.0009869915666058,4.343006843043895e-09,0.0009869871428236,-0.0104302940890192,0.0,0.0,0.0,-0.0069658290594816,60.0,0.170774832367897,-0.0,-6.641808170115837e-08,0.0,283.1598205566406,287.84234619140625,290.39013671875,290.6860046386719,293.1499938964844,293.1499938964844,278.1499938964844,0.0,18000.0,313.1499938964844,0.0,18000.0,0.0,0.0,0.0,0.0,0.0,0.0,0.0,0.0,0.0,-0.0,-0.0,-0.0,6.445913975451006e-21,3.222956987725503e-21,3.2229567857771112e-21,0.0,0.0,-0.0,0.0,0.0,0.0,0.0,0.0,0.0,0.0,0.0,0.0,4.0,0.0,0.0
12360240,297.99322509765625,303.1499938964844,285.1499938964844,0.0,-0.0,287.4389038085937,0.0,0.0,9.263148240279406e-05,297.9474182128906,303.1499938964844,285.1499938964844,0.0,-0.0,287.4388732910156,0.0,0.0,9.754541679285468e-05,298.0080261230469,303.1499938964844,285.1499938964844,0.0,-0.0,287.4388732910156,0.0,0.0,7.204671419458464e-05,297.77197265625,303.1499938964844,285.1499938964844,0.0,-0.0,287.4388732910156,0.0,0.0,9.754541679285468e-05,298.0931396484375,303.1499938964844,285.1499938964844,0.0,-0.0,287.43896484375,0.0,0.0,0.0004627134185284,287.37628173828125,294.1499938964844,287.54998779296875,285.79547119140625,287.7648620605469,287.54998779296875,287.298095703125,0.0,0.0,0.0,0.0,1.0,1.0,-0.0009869915666058,4.343006843043895e-09,0.0009869871428236,-0.0104302940890192,0.0,0.0,0.0,-0.0069658290594816,60.0,0.170774832367897,-0.0,-6.641808170115837e-08,0.0,283.1598205566406,287.84234619140625,290.39013671875,290.6860046386719,293.1499938964844,293.1499938964844,278.1499938964844,0.0,18000.0,313.1499938964844,0.0,18000.0,0.0,0.0,0.0,0.0,0.0,0.0,0.0,0.0,0.0,-0.0,-0.0,-0.0,6.445913975451006e-21,3.222956987725503e-21,3.2229567857771112e-21,0.0,0.0,-0.0,0.0,0.0,0.0,0.0,0.0,0.0,0.0,0.0,0.0,4.0,0.0,0.0
12360300,297.9924011230469,303.1499938964844,285.1499938964844,0.0,-0.0,287.4381408691406,0.0,0.0,9.263148967875168e-05,297.9466857910156,303.1499938964844,285.1499938964844,0.0,-0.0,287.4381103515625,0.0,0.0,9.754542406881228e-05,298.0071716308594,303.1499938964844,285.1499938964844,0.0,-0.0,287.4381103515625,0.0,0.0,7.204672147054225e-05,297.7713317871094,303.1499938964844,285.1499938964844,0.0,-0.0,287.4381103515625,0.0,0.0,9.754542406881228e-05,298.0927429199219,303.1499938964844,285.1499938964844,0.0,-0.0,287.43817138671875,0.0,0.0,0.0004627134476322,287.3757019042969,294.1499938964844,287.54998779296875,285.8005676269531,287.76300048828125,287.54998779296875,287.29815673828125,0.0,0.0,0.0,0.0,1.0,1.0,-0.0009869915666058,4.343006843043895e-09,0.0009869871428236,-0.0104302940890192,0.0,0.0,0.0,-0.0069658290594816,60.0,0.1707335412502288,-0.0,-6.641808170115837e-08,0.0,283.1598205566406,287.84234619140625,290.39013671875,290.6860046386719,293.1499938964844,293.1499938964844,278.1499938964844,0.0,18000.0,313.1499938964844,0.0,18000.0,0.0,0.0,0.0,0.0,0.0,0.0,0.0,0.0,0.0,-0.0,-0.0,-0.0,6.445913975451006e-21,3.222956987725503e-21,3.2229567857771112e-21,0.0,0.0,-0.0,0.0,0.0,0.0,0.0,0.0,0.0,0.0,0.0,0.0,4.0,0.0,0.0
12360360,297.9916076660156,303.1499938964844,285.1499938964844,0.0,-0.0,287.4373474121094,0.0,0.0,9.263149695470928e-05,297.9459228515625,303.1499938964844,285.1499938964844,0.0,-0.0,287.43731689453125,0.0,0.0,9.754543862072752e-05,298.00634765625,303.1499938964844,285.1499938964844,0.0,-0.0,287.43731689453125,0.0,0.0,7.204672874649987e-05,297.7707214355469,303.1499938964844,285.1499938964844,0.0,-0.0,287.4373474121094,0.0,0.0,9.75454313447699e-05,298.09234619140625,303.1499938964844,285.1499938964844,0.0,-0.0,287.4374084472656,0.0,0.0,0.000462713476736,287.3751525878906,294.1499938964844,287.54998779296875,285.8056335449219,287.7611389160156,287.54998779296875,287.2982177734375,0.0,0.0,0.0,0.0,1.0,1.0,-0.0009869915666058,4.343006843043895e-09,0.0009869871428236,-0.0104302940890192,0.0,0.0,0.0,-0.0069658290594816,60.0,0.1706922501325607,-0.0,-6.641808170115837e-08,0.0,283.1598205566406,287.84234619140625,290.39013671875,290.6860046386719,293.1499938964844,293.1499938964844,278.1499938964844,0.0,18000.0,313.1499938964844,0.0,18000.0,0.0,0.0,0.0,0.0,0.0,0.0,0.0,0.0,0.0,-0.0,-0.0,-0.0,6.445913975451006e-21,3.222956987725503e-21,3.2229567857771112e-21,0.0,0.0,-0.0,0.0,0.0,0.0,0.0,0.0,0.0,0.0,0.0,0.0,4.0,0.0,0.0
12360420,297.9899597167969,303.1499938964844,285.1499938964844,0.0,-0.0,287.4358215332031,0.0,0.0,9.263151150662452e-05,297.9444580078125,303.1499938964844,285.1499938964844,0.0,-0.0,287.435791015625,0.0,0.0,9.754545317264274e-05,298.0046691894531,303.1499938964844,285.1499938964844,0.0,-0.0,287.435791015625,0.0,0.0,7.204673602245748e-05,297.7694702148437,303.1499938964844,285.1499938964844,0.0,-0.0,287.435791015625,0.0,0.0,9.754544589668512e-05,298.091552734375,303.1499938964844,285.1499938964844,0.0,-0.0,287.4358825683594,0.0,0.0,0.0004627135640475,287.3740539550781,294.1499938964844,287.54998779296875,285.8157958984375,287.7574768066406,287.54998779296875,287.29833984375,0.0,0.0,0.0,0.0,1.0,1.0,-0.0009869915666058,4.343006843043895e-09,0.0009869871428236,-0.0104302940890192,0.0,0.0,0.0,-0.0069658290594816,60.0,0.1706097275018692,-0.0,-6.641808170115837e-08,0.0,283.1598205566406,287.84234619140625,290.39013671875,290.6860046386719,293.1499938964844,293.1499938964844,278.1499938964844,0.0,18000.0,313.1499938964844,0.0,18000.0,0.0,0.0,0.0,0.0,0.0,0.0,0.0,0.0,0.0,-0.0,-0.0,-0.0,6.445913975451006e-21,3.222956987725503e-21,3.2229567857771112e-21,0.0,0.0,-0.0,0.0,0.0,0.0,0.0,0.0,0.0,0.0,0.0,0.0,4.0,0.0,0.0
12360480,297.9899597167969,303.1499938964844,285.1499938964844,0.0,-0.0,287.4358215332031,0.0,0.0,9.263151150662452e-05,297.9444580078125,303.1499938964844,285.1499938964844,0.0,-0.0,287.435791015625,0.0,0.0,9.754545317264274e-05,298.0046691894531,303.1499938964844,285.1499938964844,0.0,-0.0,287.435791015625,0.0,0.0,7.204673602245748e-05,297.7694702148437,303.1499938964844,285.1499938964844,0.0,-0.0,287.435791015625,0.0,0.0,9.754544589668512e-05,298.091552734375,303.1499938964844,285.1499938964844,0.0,-0.0,287.4358825683594,0.0,0.0,0.0004627135640475,287.3740539550781,294.1499938964844,287.54998779296875,285.8157958984375,287.7574768066406,287.54998779296875,287.29833984375,0.0,0.0,0.0,0.0,1.0,1.0,-0.0009869915666058,4.343006843043895e-09,0.0009869871428236,-0.0104302940890192,0.0,0.0,0.0,-0.0069658290594816,60.0,0.1706097275018692,-0.0,-6.641808170115837e-08,0.0,283.1598205566406,287.84234619140625,290.39013671875,290.6860046386719,293.1499938964844,293.1499938964844,278.1499938964844,0.0,18000.0,313.1499938964844,0.0,18000.0,0.0,0.0,0.0,0.0,0.0,0.0,0.0,0.0,0.0,-0.0,-0.0,-0.0,6.445913975451006e-21,3.222956987725503e-21,3.2229567857771112e-21,0.0,0.0,-0.0,0.0,0.0,0.0,0.0,0.0,0.0,0.0,0.0,0.0,4.0,0.0,0.0
12360540,297.9889221191406,303.1499938964844,285.1499938964844,0.0,-0.0,287.4348449707031,0.0,0.0,9.263152605853976e-05,297.9434814453125,303.1499938964844,285.1499938964844,0.0,-0.0,287.434814453125,0.0,0.0,9.754546044860037e-05,298.00360107421875,303.1499938964844,285.1499938964844,0.0,-0.0,287.434814453125,0.0,0.0,7.20467432984151e-05,297.7686767578125,303.1499938964844,285.1499938964844,0.0,-0.0,287.4348449707031,0.0,0.0,9.754546044860037e-05,298.0910339355469,303.1499938964844,285.1499938964844,0.0,-0.0,287.4349060058594,0.0,0.0,0.0004627136222552,287.3733825683594,294.1499938964844,287.54998779296875,285.8222961425781,287.75518798828125,287.54998779296875,287.2984313964844,0.0,0.0,0.0,0.0,1.0,1.0,-0.0009869915666058,4.343006843043895e-09,0.0009869871428236,-0.0104302940890192,0.0,0.0,0.0,-0.0069658290594816,60.0,0.1705569475889206,-0.0,-6.641808170115837e-08,0.0,283.1598205566406,287.84234619140625,290.39013671875,290.6860046386719,293.1499938964844,293.1499938964844,278.1499938964844,0.0,18000.0,313.1499938964844,0.0,18000.0,0.0,0.0,0.0,0.0,0.0,0.0,0.0,0.0,0.0,-0.0,-0.0,-0.0,6.445913975451006e-21,3.222956987725503e-21,3.2229567857771112e-21,0.0,0.0,-0.0,0.0,0.0,0.0,0.0,0.0,0.0,0.0,0.0,0.0,4.0,0.0,0.0
12360600,297.98834228515625,303.1499938964844,285.1499938964844,0.0,-0.0,287.434326171875,0.0,0.0,9.263152605853976e-05,297.9429626464844,303.1499938964844,285.1499938964844,0.0,-0.0,287.43426513671875,0.0,0.0,9.754546772455797e-05,298.0030212402344,303.1499938964844,285.1499938964844,0.0,-0.0,287.4342956542969,0.0,0.0,7.204675057437271e-05,297.7682189941406,303.1499938964844,285.1499938964844,0.0,-0.0,287.4342956542969,0.0,0.0,9.754546772455797e-05,298.0907592773437,303.1499938964844,285.1499938964844,0.0,-0.0,287.4343566894531,0.0,0.0,0.000462713651359,287.3729858398437,294.1499938964844,287.54998779296875,285.8259582519531,287.75390625,287.54998779296875,287.2984619140625,0.0,0.0,0.0,0.0,1.0,1.0,-0.0009869915666058,4.343006843043895e-09,0.0009869871428236,-0.0104302940890192,0.0,0.0,0.0,-0.0069658290594816,60.0,0.1705272644758224,-0.0,-6.641808170115837e-08,0.0,283.1598205566406,287.84234619140625,290.39013671875,290.6860046386719,293.1499938964844,293.1499938964844,278.1499938964844,0.0,18000.0,313.1499938964844,0.0,18000.0,0.0,0.0,0.0,0.0,0.0,0.0,0.0,0.0,0.0,-0.0,-0.0,-0.0,6.445913975451006e-21,3.222956987725503e-21,3.2229567857771112e-21,0.0,0.0,-0.0,0.0,0.0,0.0,0.0,0.0,0.0,0.0,0.0,0.0,4.0,0.0,0.0
12360660,297.9866943359375,303.1499938964844,285.1499938964844,0.0,-0.0,287.4328308105469,0.0,0.0,9.263154061045498e-05,297.9414367675781,303.1499938964844,285.1499938964844,0.0,-0.0,287.4327697753906,0.0,0.0,9.75454822764732e-05,298.0013427734375,303.1499938964844,285.1499938964844,0.0,-0.0,287.4327697753906,0.0,0.0,7.204675785033032e-05,297.7669372558594,303.1499938964844,285.1499938964844,0.0,-0.0,287.43280029296875,0.0,0.0,9.75454822764732e-05,298.0899353027344,303.1499938964844,285.1499938964844,0.0,-0.0,287.432861328125,0.0,0.0,0.0004627137095667,287.3719177246094,294.1499938964844,287.54998779296875,285.83612060546875,287.7503662109375,287.54998779296875,287.298583984375,0.0,0.0,0.0,0.0,1.0,1.0,-0.0009869915666058,4.343006843043895e-09,0.0009869871428236,-0.0104302940890192,0.0,0.0,0.0,-0.0069658290594816,60.0,0.1704448461532592,-0.0,-6.641808170115837e-08,0.0,283.1598205566406,287.84234619140625,290.39013671875,290.6860046386719,293.1499938964844,293.1499938964844,278.1499938964844,0.0,18000.0,313.1499938964844,0.0,18000.0,0.0,0.0,0.0,0.0,0.0,0.0,0.0,0.0,0.0,-0.0,-0.0,-0.0,6.445913975451006e-21,3.222956987725503e-21,3.2229567857771112e-21,0.0,0.0,-0.0,0.0,0.0,0.0,0.0,0.0,0.0,0.0,0.0,0.0,4.0,0.0,0.0
12360720,297.9866943359375,303.1499938964844,285.1499938964844,0.0,-0.0,287.4328308105469,0.0,0.0,9.263154061045498e-05,297.9414367675781,303.1499938964844,285.1499938964844,0.0,-0.0,287.4327697753906,0.0,0.0,9.75454822764732e-05,298.0013427734375,303.1499938964844,285.1499938964844,0.0,-0.0,287.4327697753906,0.0,0.0,7.204675785033032e-05,297.7669372558594,303.1499938964844,285.1499938964844,0.0,-0.0,287.43280029296875,0.0,0.0,9.75454822764732e-05,298.0899353027344,303.1499938964844,285.1499938964844,0.0,-0.0,287.432861328125,0.0,0.0,0.0004627137095667,287.3719177246094,294.1499938964844,287.54998779296875,285.83612060546875,287.7503662109375,287.54998779296875,287.298583984375,0.0,0.0,0.0,0.0,1.0,1.0,-0.0009869915666058,4.343006843043895e-09,0.0009869871428236,-0.0104302940890192,0.0,0.0,0.0,-0.0069658290594816,60.0,0.1704448461532592,-0.0,-6.641808170115837e-08,0.0,283.1598205566406,287.84234619140625,290.39013671875,290.6860046386719,293.1499938964844,293.1499938964844,278.1499938964844,0.0,18000.0,313.1499938964844,0.0,18000.0,0.0,0.0,0.0,0.0,0.0,0.0,0.0,0.0,0.0,-0.0,-0.0,-0.0,6.445913975451006e-21,3.222956987725503e-21,3.2229567857771112e-21,0.0,0.0,-0.0,0.0,0.0,0.0,0.0,0.0,0.0,0.0,0.0,0.0,4.0,0.0,0.0
12360780,297.98504638671875,303.1499938964844,285.1499938964844,0.0,-0.0,287.43133544921875,0.0,0.0,9.26315551623702e-05,297.93994140625,303.1499938964844,285.1499938964844,0.0,-0.0,287.4313049316406,0.0,0.0,9.754549682838842e-05,297.99969482421875,303.1499938964844,285.1499938964844,0.0,-0.0,287.4313049316406,0.0,0.0,7.204677240224555e-05,297.76568603515625,303.1499938964844,285.1499938964844,0.0,-0.0,287.4313049316406,0.0,0.0,9.754549682838842e-05,298.089111328125,303.1499938964844,285.1499938964844,0.0,-0.0,287.4313659667969,0.0,0.0,0.0004627137968782,287.370849609375,294.1499938964844,287.54998779296875,285.84625244140625,287.74688720703125,287.54998779296875,287.2987060546875,0.0,0.0,0.0,0.0,1.0,1.0,-0.0009869915666058,4.343006843043895e-09,0.0009869871428236,-0.0104302940890192,0.0,0.0,0.0,-0.0069658290594816,60.0,0.1703624874353408,-0.0,-6.641808170115837e-08,0.0,283.1598205566406,287.84234619140625,290.39013671875,290.6860046386719,293.1499938964844,293.1499938964844,278.1499938964844,0.0,18000.0,313.1499938964844,0.0,18000.0,0.0,0.0,0.0,0.0,0.0,0.0,0.0,0.0,0.0,-0.0,-0.0,-0.0,6.445913975451006e-21,3.222956987725503e-21,3.2229567857771112e-21,0.0,0.0,-0.0,0.0,0.0,0.0,0.0,0.0,0.0,0.0,0.0,0.0,4.0,0.0,0.0
12360840,297.98504638671875,303.1499938964844,285.1499938964844,0.0,-0.0,287.43133544921875,0.0,0.0,9.26315551623702e-05,297.93994140625,303.1499938964844,285.1499938964844,0.0,-0.0,287.4313049316406,0.0,0.0,9.754549682838842e-05,297.99969482421875,303.1499938964844,285.1499938964844,0.0,-0.0,287.4313049316406,0.0,0.0,7.204677240224555e-05,297.76568603515625,303.1499938964844,285.1499938964844,0.0,-0.0,287.4313049316406,0.0,0.0,9.754549682838842e-05,298.089111328125,303.1499938964844,285.1499938964844,0.0,-0.0,287.4313659667969,0.0,0.0,0.0004627137968782,287.370849609375,294.1499938964844,287.54998779296875,285.84625244140625,287.74688720703125,287.54998779296875,287.2987060546875,0.0,0.0,0.0,0.0,1.0,1.0,-0.0009869915666058,4.343006843043895e-09,0.0009869871428236,-0.0104302940890192,0.0,0.0,0.0,-0.0069658290594816,60.0,0.1703624874353408,-0.0,-6.641808170115837e-08,0.0,283.1598205566406,287.84234619140625,290.39013671875,290.6860046386719,293.1499938964844,293.1499938964844,278.1499938964844,0.0,18000.0,313.1499938964844,0.0,18000.0,0.0,0.0,0.0,0.0,0.0,0.0,0.0,0.0,0.0,-0.0,-0.0,-0.0,6.445913975451006e-21,3.222956987725503e-21,3.2229567857771112e-21,0.0,0.0,-0.0,0.0,0.0,0.0,0.0,0.0,0.0,0.0,0.0,0.0,4.0,0.0,0.0
12360900,297.9842224121094,303.1499938964844,285.1499938964844,0.0,-0.0,287.4306030273437,0.0,0.0,9.263156243832782e-05,297.939208984375,303.1499938964844,285.1499938964844,0.0,-0.0,287.4305725097656,0.0,0.0,9.754550410434604e-05,297.99884033203125,303.1499938964844,285.1499938964844,0.0,-0.0,287.4305725097656,0.0,0.0,7.204677967820317e-05,297.7650451660156,303.1499938964844,285.1499938964844,0.0,-0.0,287.4305725097656,0.0,0.0,9.754550410434604e-05,298.0887145996094,303.1499938964844,285.1499938964844,0.0,-0.0,287.4306335449219,0.0,0.0,0.000462713825982,287.3703308105469,294.1499938964844,287.54998779296875,285.851318359375,287.74517822265625,287.54998779296875,287.2987670898437,0.0,0.0,0.0,0.0,1.0,1.0,-0.0009869915666058,4.343006843043895e-09,0.0009869871428236,-0.0104302940890192,0.0,0.0,0.0,-0.0069658290594816,60.0,0.1703213453292846,-0.0,-6.641808170115837e-08,0.0,283.1598205566406,287.84234619140625,290.39013671875,290.6860046386719,293.1499938964844,293.1499938964844,278.1499938964844,0.0,18000.0,313.1499938964844,0.0,18000.0,0.0,0.0,0.0,0.0,0.0,0.0,0.0,0.0,0.0,-0.0,-0.0,-0.0,6.445913975451006e-21,3.222956987725503e-21,3.2229567857771112e-21,0.0,0.0,-0.0,0.0,0.0,0.0,0.0,0.0,0.0,0.0,0.0,0.0,4.0,0.0,0.0
12360960,297.9834289550781,303.1499938964844,285.1499938964844,0.0,-0.0,287.42987060546875,0.0,0.0,9.263156971428543e-05,297.9384460449219,303.1499938964844,285.1499938964844,0.0,-0.0,287.4298400878906,0.0,0.0,9.754551138030364e-05,297.9980163574219,303.1499938964844,285.1499938964844,0.0,-0.0,287.4298400878906,0.0,0.0,7.204677967820317e-05,297.764404296875,303.1499938964844,285.1499938964844,0.0,-0.0,287.4298400878906,0.0,0.0,9.754551138030364e-05,298.0883178710937,303.1499938964844,285.1499938964844,0.0,-0.0,287.4299011230469,0.0,0.0,0.0004627138550858,287.3698425292969,294.1499938964844,287.54998779296875,285.8564147949219,287.74346923828125,287.54998779296875,287.298828125,0.0,0.0,0.0,0.0,1.0,1.0,-0.0009869915666058,4.343006843043895e-09,0.0009869871428236,-0.0104302940890192,0.0,0.0,0.0,-0.0069658290594816,60.0,0.1702802032232284,-0.0,-6.641808170115837e-08,0.0,283.1598205566406,287.84234619140625,290.39013671875,290.6860046386719,293.1499938964844,293.1499938964844,278.1499938964844,0.0,18000.0,313.1499938964844,0.0,18000.0,0.0,0.0,0.0,0.0,0.0,0.0,0.0,0.0,0.0,-0.0,-0.0,-0.0,6.445913975451006e-21,3.222956987725503e-21,3.2229567857771112e-21,0.0,0.0,-0.0,0.0,0.0,0.0,0.0,0.0,0.0,0.0,0.0,0.0,4.0,0.0,0.0
12361020,297.9817810058594,303.1499938964844,285.1499938964844,0.0,-0.0,287.42840576171875,0.0,0.0,9.263158426620066e-05,297.9369506835937,303.1499938964844,285.1499938964844,0.0,-0.0,287.4283752441406,0.0,0.0,9.754552593221888e-05,297.9963684082031,303.1499938964844,285.1499938964844,0.0,-0.0,287.4283752441406,0.0,0.0,7.20467942301184e-05,297.7631530761719,303.1499938964844,285.1499938964844,0.0,-0.0,287.42840576171875,0.0,0.0,9.754552593221888e-05,298.0874938964844,303.1499938964844,285.1499938964844,0.0,-0.0,287.428466796875,0.0,0.0,0.0004627139423973,287.3688049316406,294.1499938964844,287.54998779296875,285.8665466308594,287.7401123046875,287.54998779296875,287.2989807128906,0.0,0.0,0.0,0.0,1.0,1.0,-0.0009869915666058,4.343006843043895e-09,0.0009869871428236,-0.0104302940890192,0.0,0.0,0.0,-0.0069658290594816,60.0,0.1701979488134384,-0.0,-6.641808170115837e-08,0.0,283.1598205566406,287.84234619140625,290.39013671875,290.6860046386719,293.1499938964844,293.1499938964844,278.1499938964844,0.0,18000.0,313.1499938964844,0.0,18000.0,0.0,0.0,0.0,0.0,0.0,0.0,0.0,0.0,0.0,-0.0,-0.0,-0.0,6.445913975451006e-21,3.222956987725503e-21,3.2229567857771112e-21,0.0,0.0,-0.0,0.0,0.0,0.0,0.0,0.0,0.0,0.0,0.0,0.0,4.0,0.0,0.0
12361080,297.9817810058594,303.1499938964844,285.1499938964844,0.0,-0.0,287.42840576171875,0.0,0.0,9.263158426620066e-05,297.9369506835937,303.1499938964844,285.1499938964844,0.0,-0.0,287.4283752441406,0.0,0.0,9.754552593221888e-05,297.9963684082031,303.1499938964844,285.1499938964844,0.0,-0.0,287.4283752441406,0.0,0.0,7.20467942301184e-05,297.7631530761719,303.1499938964844,285.1499938964844,0.0,-0.0,287.42840576171875,0.0,0.0,9.754552593221888e-05,298.0874938964844,303.1499938964844,285.1499938964844,0.0,-0.0,287.428466796875,0.0,0.0,0.0004627139423973,287.3688049316406,294.1499938964844,287.54998779296875,285.8665466308594,287.7401123046875,287.54998779296875,287.2989807128906,0.0,0.0,0.0,0.0,1.0,1.0,-0.0009869915666058,4.343006843043895e-09,0.0009869871428236,-0.0104302940890192,0.0,0.0,0.0,-0.0069658290594816,60.0,0.1701979488134384,-0.0,-6.641808170115837e-08,0.0,283.1598205566406,287.84234619140625,290.39013671875,290.6860046386719,293.1499938964844,293.1499938964844,278.1499938964844,0.0,18000.0,313.1499938964844,0.0,18000.0,0.0,0.0,0.0,0.0,0.0,0.0,0.0,0.0,0.0,-0.0,-0.0,-0.0,6.445913975451006e-21,3.222956987725503e-21,3.2229567857771112e-21,0.0,0.0,-0.0,0.0,0.0,0.0,0.0,0.0,0.0,0.0,0.0,0.0,4.0,0.0,0.0
12361140,297.98016357421875,303.1499938964844,285.1499938964844,0.0,-0.0,287.4269714355469,0.0,0.0,9.263159881811588e-05,297.9354553222656,303.1499938964844,285.1499938964844,0.0,-0.0,287.42694091796875,0.0,0.0,9.754554048413412e-05,297.9947204589844,303.1499938964844,285.1499938964844,0.0,-0.0,287.42694091796875,0.0,0.0,7.204680150607601e-05,297.7618713378906,303.1499938964844,285.1499938964844,0.0,-0.0,287.4269714355469,0.0,0.0,9.754554048413412e-05,298.0866394042969,303.1499938964844,285.1499938964844,0.0,-0.0,287.4270324707031,0.0,0.0,0.000462714000605,287.3677978515625,294.1499938964844,287.54998779296875,285.8766784667969,287.73681640625,287.54998779296875,287.2991027832031,0.0,0.0,0.0,0.0,1.0,1.0,-0.0009869915666058,4.343006843043895e-09,0.0009869871428236,-0.0104302940890192,0.0,0.0,0.0,-0.0069658290594816,60.0,0.1701157540082931,-0.0,-6.641808170115837e-08,0.0,283.1598205566406,287.84234619140625,290.39013671875,290.6860046386719,293.1499938964844,293.1499938964844,278.1499938964844,0.0,18000.0,313.1499938964844,0.0,18000.0,0.0,0.0,0.0,0.0,0.0,0.0,0.0,0.0,0.0,-0.0,-0.0,-0.0,6.445913975451006e-21,3.222956987725503e-21,3.2229567857771112e-21,0.0,0.0,-0.0,0.0,0.0,0.0,0.0,0.0,0.0,0.0,0.0,0.0,4.0,0.0,0.0
12361200,297.98016357421875,303.1499938964844,285.1499938964844,0.0,-0.0,287.4269714355469,0.0,0.0,9.263159881811588e-05,297.9354553222656,303.1499938964844,285.1499938964844,0.0,-0.0,287.42694091796875,0.0,0.0,9.754554048413412e-05,297.9947204589844,303.1499938964844,285.1499938964844,0.0,-0.0,287.42694091796875,0.0,0.0,7.204680150607601e-05,297.7618713378906,303.1499938964844,285.1499938964844,0.0,-0.0,287.4269714355469,0.0,0.0,9.754554048413412e-05,298.0866394042969,303.1499938964844,285.1499938964844,0.0,-0.0,287.4270324707031,0.0,0.0,0.000462714000605,287.3677978515625,294.1499938964844,287.54998779296875,285.8766784667969,287.73681640625,287.54998779296875,287.2991027832031,0.0,0.0,0.0,0.0,1.0,1.0,-0.0009869915666058,4.343006843043895e-09,0.0009869871428236,-0.0104302940890192,0.0,0.0,0.0,-0.0069658290594816,60.0,0.1701157540082931,-0.0,-6.641808170115837e-08,0.0,283.1598205566406,287.84234619140625,290.39013671875,290.6860046386719,293.1499938964844,293.1499938964844,278.1499938964844,0.0,18000.0,313.1499938964844,0.0,18000.0,0.0,0.0,0.0,0.0,0.0,0.0,0.0,0.0,0.0,-0.0,-0.0,-0.0,6.445913975451006e-21,3.222956987725503e-21,3.2229567857771112e-21,0.0,0.0,-0.0,0.0,0.0,0.0,0.0,0.0,0.0,0.0,0.0,0.0,4.0,0.0,0.0
12361260,297.978515625,303.1499938964844,285.1499938964844,0.0,-0.0,287.4255676269531,0.0,0.0,9.263161337003112e-05,297.9339599609375,303.1499938964844,285.1499938964844,0.0,-0.0,287.425537109375,0.0,0.0,9.754555503604934e-05,297.9930725097656,303.1499938964844,285.1499938964844,0.0,-0.0,287.425537109375,0.0,0.0,7.204681605799124e-05,297.7605895996094,303.1499938964844,285.1499938964844,0.0,-0.0,287.425537109375,0.0,0.0,9.754555503604934e-05,298.0858154296875,303.1499938964844,285.1499938964844,0.0,-0.0,287.42559814453125,0.0,0.0,0.0004627140588127,287.3668212890625,294.1499938964844,287.54998779296875,285.8868103027344,287.73358154296875,287.54998779296875,287.2992248535156,0.0,0.0,0.0,0.0,1.0,1.0,-0.0009869915666058,4.343006843043895e-09,0.0009869871428236,-0.0104302940890192,0.0,0.0,0.0,-0.0069658290594816,60.0,0.1700336039066314,-0.0,-6.641808170115837e-08,0.0,283.1598205566406,287.84234619140625,290.39013671875,290.6860046386719,293.1499938964844,293.1499938964844,278.1499938964844,0.0,18000.0,313.1499938964844,0.0,18000.0,0.0,0.0,0.0,0.0,0.0,0.0,0.0,0.0,0.0,-0.0,-0.0,-0.0,6.445913975451006e-21,3.222956987725503e-21,3.2229567857771112e-21,0.0,0.0,-0.0,0.0,0.0,0.0,0.0,0.0,0.0,0.0,0.0,0.0,4.0,0.0,0.0
12361320,297.978515625,303.1499938964844,285.1499938964844,0.0,-0.0,287.4255676269531,0.0,0.0,9.263161337003112e-05,297.9339599609375,303.1499938964844,285.1499938964844,0.0,-0.0,287.425537109375,0.0,0.0,9.754555503604934e-05,297.9930725097656,303.1499938964844,285.1499938964844,0.0,-0.0,287.425537109375,0.0,0.0,7.204681605799124e-05,297.7605895996094,303.1499938964844,285.1499938964844,0.0,-0.0,287.425537109375,0.0,0.0,9.754555503604934e-05,298.0858154296875,303.1499938964844,285.1499938964844,0.0,-0.0,287.42559814453125,0.0,0.0,0.0004627140588127,287.3668212890625,294.1499938964844,287.54998779296875,285.8868103027344,287.73358154296875,287.54998779296875,287.2992248535156,0.0,0.0,0.0,0.0,1.0,1.0,-0.0009869915666058,4.343006843043895e-09,0.0009869871428236,-0.0104302940890192,0.0,0.0,0.0,-0.0069658290594816,60.0,0.1700336039066314,-0.0,-6.641808170115837e-08,0.0,283.1598205566406,287.84234619140625,290.39013671875,290.6860046386719,293.1499938964844,293.1499938964844,278.1499938964844,0.0,18000.0,313.1499938964844,0.0,18000.0,0.0,0.0,0.0,0.0,0.0,0.0,0.0,0.0,0.0,-0.0,-0.0,-0.0,6.445913975451006e-21,3.222956987725503e-21,3.2229567857771112e-21,0.0,0.0,-0.0,0.0,0.0,0.0,0.0,0.0,0.0,0.0,0.0,0.0,4.0,0.0,0.0
12361380,297.9768981933594,303.1499938964844,285.1499938964844,0.0,-0.0,287.4241638183594,0.0,0.0,9.263162792194636e-05,297.9324645996094,303.1499938964844,285.1499938964844,0.0,-0.0,287.42413330078125,0.0,0.0,9.754556958796456e-05,297.9914245605469,303.1499938964844,285.1499938964844,0.0,-0.0,287.42413330078125,0.0,0.0,7.204682333394885e-05,297.75933837890625,303.1499938964844,285.1499938964844,0.0,-0.0,287.42413330078125,0.0,0.0,9.754556958796456e-05,298.0849914550781,303.1499938964844,285.1499938964844,0.0,-0.0,287.4241943359375,0.0,0.0,0.0004627141461241,287.3658447265625,294.1499938964844,287.54998779296875,285.8969421386719,287.7304077148437,287.54998779296875,287.2993469238281,0.0,0.0,0.0,0.0,1.0,1.0,-0.0009869915666058,4.343006843043895e-09,0.0009869871428236,-0.0104302940890192,0.0,0.0,0.0,-0.0069658290594816,60.0,0.1699515134096145,-0.0,-6.641808170115837e-08,0.0,283.1598205566406,287.84234619140625,290.39013671875,290.6860046386719,293.1499938964844,293.1499938964844,278.1499938964844,0.0,18000.0,313.1499938964844,0.0,18000.0,0.0,0.0,0.0,0.0,0.0,0.0,0.0,0.0,0.0,-0.0,-0.0,-0.0,6.445913975451006e-21,3.222956987725503e-21,3.2229567857771112e-21,0.0,0.0,-0.0,0.0,0.0,0.0,0.0,0.0,0.0,0.0,0.0,0.0,4.0,0.0,0.0
12361440,297.9768981933594,303.1499938964844,285.1499938964844,0.0,-0.0,287.4241638183594,0.0,0.0,9.263162792194636e-05,297.9324645996094,303.1499938964844,285.1499938964844,0.0,-0.0,287.42413330078125,0.0,0.0,9.754556958796456e-05,297.9914245605469,303.1499938964844,285.1499938964844,0.0,-0.0,287.42413330078125,0.0,0.0,7.204682333394885e-05,297.75933837890625,303.1499938964844,285.1499938964844,0.0,-0.0,287.42413330078125,0.0,0.0,9.754556958796456e-05,298.0849914550781,303.1499938964844,285.1499938964844,0.0,-0.0,287.4241943359375,0.0,0.0,0.0004627141461241,287.3658447265625,294.1499938964844,287.54998779296875,285.8969421386719,287.7304077148437,287.54998779296875,287.2993469238281,0.0,0.0,0.0,0.0,1.0,1.0,-0.0009869915666058,4.343006843043895e-09,0.0009869871428236,-0.0104302940890192,0.0,0.0,0.0,-0.0069658290594816,60.0,0.1699515134096145,-0.0,-6.641808170115837e-08,0.0,283.1598205566406,287.84234619140625,290.39013671875,290.6860046386719,293.1499938964844,293.1499938964844,278.1499938964844,0.0,18000.0,313.1499938964844,0.0,18000.0,0.0,0.0,0.0,0.0,0.0,0.0,0.0,0.0,0.0,-0.0,-0.0,-0.0,6.445913975451006e-21,3.222956987725503e-21,3.2229567857771112e-21,0.0,0.0,-0.0,0.0,0.0,0.0,0.0,0.0,0.0,0.0,0.0,0.0,4.0,0.0,0.0
12361500,297.9761047363281,303.1499938964844,285.1499938964844,0.0,-0.0,287.4234619140625,0.0,0.0,9.263163519790396e-05,297.9317321777344,303.1499938964844,285.1499938964844,0.0,-0.0,287.4234313964844,0.0,0.0,9.754557686392218e-05,297.9906005859375,303.1499938964844,285.1499938964844,0.0,-0.0,287.4234313964844,0.0,0.0,7.204683060990646e-05,297.7586975097656,303.1499938964844,285.1499938964844,0.0,-0.0,287.4234313964844,0.0,0.0,9.754557686392218e-05,298.0845947265625,303.1499938964844,285.1499938964844,0.0,-0.0,287.4234924316406,0.0,0.0,0.000462714175228,287.3653564453125,294.1499938964844,287.54998779296875,285.9020080566406,287.7288513183594,287.54998779296875,287.2994079589844,0.0,0.0,0.0,0.0,1.0,1.0,-0.0009869915666058,4.343006843043895e-09,0.0009869871428236,-0.0104302940890192,0.0,0.0,0.0,-0.0069658290594816,60.0,0.1699104905128479,-0.0,-6.641808170115837e-08,0.0,283.1598205566406,287.84234619140625,290.39013671875,290.6860046386719,293.1499938964844,293.1499938964844,278.1499938964844,0.0,18000.0,313.1499938964844,0.0,18000.0,0.0,0.0,0.0,0.0,0.0,0.0,0.0,0.0,0.0,-0.0,-0.0,-0.0,6.445913975451006e-21,3.222956987725503e-21,3.2229567857771112e-21,0.0,0.0,-0.0,0.0,0.0,0.0,0.0,0.0,0.0,0.0,0.0,0.0,4.0,0.0,0.0
12361560,297.97528076171875,303.1499938964844,285.1499938964844,0.0,-0.0,287.4227600097656,0.0,0.0,9.263164247386158e-05,297.93096923828125,303.1499938964844,285.1499938964844,0.0,-0.0,287.4227294921875,0.0,0.0,9.75455841398798e-05,297.9897766113281,303.1499938964844,285.1499938964844,0.0,-0.0,287.4227294921875,0.0,0.0,7.204683788586408e-05,297.758056640625,303.1499938964844,285.1499938964844,0.0,-0.0,287.4227600097656,0.0,0.0,9.75455841398798e-05,298.08416748046875,303.1499938964844,285.1499938964844,0.0,-0.0,287.4228210449219,0.0,0.0,0.0004627142043318,287.3648681640625,294.1499938964844,287.54998779296875,285.9070739746094,287.727294921875,287.54998779296875,287.2994689941406,0.0,0.0,0.0,0.0,1.0,1.0,-0.0009869915666058,4.343006843043895e-09,0.0009869871428236,-0.0104302940890192,0.0,0.0,0.0,-0.0069658290594816,60.0,0.1698694825172424,-0.0,-6.641808170115837e-08,0.0,283.1598205566406,287.84234619140625,290.39013671875,290.6860046386719,293.1499938964844,293.1499938964844,278.1499938964844,0.0,18000.0,313.1499938964844,0.0,18000.0,0.0,0.0,0.0,0.0,0.0,0.0,0.0,0.0,0.0,-0.0,-0.0,-0.0,6.445913975451006e-21,3.222956987725503e-21,3.2229567857771112e-21,0.0,0.0,-0.0,0.0,0.0,0.0,0.0,0.0,0.0,0.0,0.0,0.0,4.0,0.0,0.0
12361620,297.9736633300781,303.1499938964844,285.1499938964844,0.0,-0.0,287.42138671875,0.0,0.0,9.26316570257768e-05,297.9294738769531,303.1499938964844,285.1499938964844,0.0,-0.0,287.4213562011719,0.0,0.0,9.754559869179502e-05,297.9881591796875,303.1499938964844,285.1499938964844,0.0,-0.0,287.4213562011719,0.0,0.0,7.204684516182169e-05,297.7567749023437,303.1499938964844,285.1499938964844,0.0,-0.0,287.42138671875,0.0,0.0,9.754559869179502e-05,298.0833435058594,303.1499938964844,285.1499938964844,0.0,-0.0,287.42144775390625,0.0,0.0,0.0004627142625395,287.3639221191406,294.1499938964844,287.54998779296875,285.91717529296875,287.7242126464844,287.54998779296875,287.2995910644531,0.0,0.0,0.0,0.0,1.0,1.0,-0.0009869915666058,4.343006843043895e-09,0.0009869871428236,-0.0104302940890192,0.0,0.0,0.0,-0.0069658290594816,60.0,0.1697874814271927,-0.0,-6.641808170115837e-08,0.0,283.1598205566406,287.84234619140625,290.39013671875,290.6860046386719,293.1499938964844,293.1499938964844,278.1499938964844,0.0,18000.0,313.1499938964844,0.0,18000.0,0.0,0.0,0.0,0.0,0.0,0.0,0.0,0.0,0.0,-0.0,-0.0,-0.0,6.445913975451006e-21,3.222956987725503e-21,3.2229567857771112e-21,0.0,0.0,-0.0,0.0,0.0,0.0,0.0,0.0,0.0,0.0,0.0,0.0,4.0,0.0,0.0
12361680,297.9736633300781,303.1499938964844,285.1499938964844,0.0,-0.0,287.42138671875,0.0,0.0,9.26316570257768e-05,297.9294738769531,303.1499938964844,285.1499938964844,0.0,-0.0,287.4213562011719,0.0,0.0,9.754559869179502e-05,297.9881591796875,303.1499938964844,285.1499938964844,0.0,-0.0,287.4213562011719,0.0,0.0,7.204684516182169e-05,297.7567749023437,303.1499938964844,285.1499938964844,0.0,-0.0,287.42138671875,0.0,0.0,9.754559869179502e-05,298.0833435058594,303.1499938964844,285.1499938964844,0.0,-0.0,287.42144775390625,0.0,0.0,0.0004627142625395,287.3639221191406,294.1499938964844,287.54998779296875,285.91717529296875,287.7242126464844,287.54998779296875,287.2995910644531,0.0,0.0,0.0,0.0,1.0,1.0,-0.0009869915666058,4.343006843043895e-09,0.0009869871428236,-0.0104302940890192,0.0,0.0,0.0,-0.0069658290594816,60.0,0.1697874814271927,-0.0,-6.641808170115837e-08,0.0,283.1598205566406,287.84234619140625,290.39013671875,290.6860046386719,293.1499938964844,293.1499938964844,278.1499938964844,0.0,18000.0,313.1499938964844,0.0,18000.0,0.0,0.0,0.0,0.0,0.0,0.0,0.0,0.0,0.0,-0.0,-0.0,-0.0,6.445913975451006e-21,3.222956987725503e-21,3.2229567857771112e-21,0.0,0.0,-0.0,0.0,0.0,0.0,0.0,0.0,0.0,0.0,0.0,0.0,4.0,0.0,0.0
12361740,297.9725036621094,303.1499938964844,285.1499938964844,0.0,-0.0,287.42041015625,0.0,0.0,9.263166430173442e-05,297.92840576171875,303.1499938964844,285.1499938964844,0.0,-0.0,287.4203796386719,0.0,0.0,9.754560596775264e-05,297.9869689941406,303.1499938964844,285.1499938964844,0.0,-0.0,287.4203796386719,0.0,0.0,7.204685243777931e-05,297.755859375,303.1499938964844,285.1499938964844,0.0,-0.0,287.42041015625,0.0,0.0,9.754560596775264e-05,298.0827331542969,303.1499938964844,285.1499938964844,0.0,-0.0,287.42047119140625,0.0,0.0,0.0004627143207471,287.3632507324219,294.1499938964844,287.54998779296875,285.9244689941406,287.7220458984375,287.54998779296875,287.2996826171875,0.0,0.0,0.0,0.0,1.0,1.0,-0.0009869915666058,4.343006843043895e-09,0.0009869871428236,-0.0104302940890192,0.0,0.0,0.0,-0.0069658290594816,60.0,0.169728472828865,-0.0,-6.641808170115837e-08,0.0,283.1598205566406,287.84234619140625,290.39013671875,290.6860046386719,293.1499938964844,293.1499938964844,278.1499938964844,0.0,18000.0,313.1499938964844,0.0,18000.0,0.0,0.0,0.0,0.0,0.0,0.0,0.0,0.0,0.0,-0.0,-0.0,-0.0,6.445913975451006e-21,3.222956987725503e-21,3.2229567857771112e-21,0.0,0.0,-0.0,0.0,0.0,0.0,0.0,0.0,0.0,0.0,0.0,0.0,4.0,0.0,0.0
12361800,297.9720458984375,303.1499938964844,285.1499938964844,0.0,-0.0,287.4200439453125,0.0,0.0,9.263167157769205e-05,297.9280090332031,303.1499938964844,285.1499938964844,0.0,-0.0,287.4200134277344,0.0,0.0,9.754561324371024e-05,297.98651123046875,303.1499938964844,285.1499938964844,0.0,-0.0,287.4200134277344,0.0,0.0,7.204685971373692e-05,297.7554931640625,303.1499938964844,285.1499938964844,0.0,-0.0,287.4200134277344,0.0,0.0,9.754561324371024e-05,298.08251953125,303.1499938964844,285.1499938964844,0.0,-0.0,287.4200744628906,0.0,0.0,0.000462714349851,287.36297607421875,294.1499938964844,287.54998779296875,285.92730712890625,287.72119140625,287.54998779296875,287.2997131347656,0.0,0.0,0.0,0.0,1.0,1.0,-0.0009869915666058,4.343006843043895e-09,0.0009869871428236,-0.0104302940890192,0.0,0.0,0.0,-0.0069658290594816,60.0,0.1697055250406265,-0.0,-6.641808170115837e-08,0.0,283.1598205566406,287.84234619140625,290.39013671875,290.6860046386719,293.1499938964844,293.1499938964844,278.1499938964844,0.0,18000.0,313.1499938964844,0.0,18000.0,0.0,0.0,0.0,0.0,0.0,0.0,0.0,0.0,0.0,-0.0,-0.0,-0.0,6.445913975451006e-21,3.222956987725503e-21,3.2229567857771112e-21,0.0,0.0,-0.0,0.0,0.0,0.0,0.0,0.0,0.0,0.0,0.0,0.0,4.0,0.0,0.0
12361860,297.970458984375,303.1499938964844,285.1499938964844,0.0,-0.0,287.418701171875,0.0,0.0,9.263167885364965e-05,297.926513671875,303.1499938964844,285.1499938964844,0.0,-0.0,287.4186706542969,0.0,0.0,9.754562779562548e-05,297.9848937988281,303.1499938964844,285.1499938964844,0.0,-0.0,287.4186706542969,0.0,0.0,7.204686698969454e-05,297.7542419433594,303.1499938964844,285.1499938964844,0.0,-0.0,287.4186706542969,0.0,0.0,9.754562779562548e-05,298.0816955566406,303.1499938964844,285.1499938964844,0.0,-0.0,287.4187316894531,0.0,0.0,0.0004627144080586,287.362060546875,294.1499938964844,287.54998779296875,285.9374084472656,287.7182312011719,287.54998779296875,287.2998352050781,0.0,0.0,0.0,0.0,1.0,1.0,-0.0009869915666058,4.343006843043895e-09,0.0009869871428236,-0.0104302940890192,0.0,0.0,0.0,-0.0069658290594816,60.0,0.1696236282587051,-0.0,-6.641808170115837e-08,0.0,283.1598205566406,287.84234619140625,290.39013671875,290.6860046386719,293.1499938964844,293.1499938964844,278.1499938964844,0.0,18000.0,313.1499938964844,0.0,18000.0,0.0,0.0,0.0,0.0,0.0,0.0,0.0,0.0,0.0,-0.0,-0.0,-0.0,6.445913975451006e-21,3.222956987725503e-21,3.2229567857771112e-21,0.0,0.0,-0.0,0.0,0.0,0.0,0.0,0.0,0.0,0.0,0.0,0.0,4.0,0.0,0.0
12361920,297.970458984375,303.1499938964844,285.1499938964844,0.0,-0.0,287.418701171875,0.0,0.0,9.263167885364965e-05,297.926513671875,303.1499938964844,285.1499938964844,0.0,-0.0,287.4186706542969,0.0,0.0,9.754562779562548e-05,297.9848937988281,303.1499938964844,285.1499938964844,0.0,-0.0,287.4186706542969,0.0,0.0,7.204686698969454e-05,297.7542419433594,303.1499938964844,285.1499938964844,0.0,-0.0,287.4186706542969,0.0,0.0,9.754562779562548e-05,298.0816955566406,303.1499938964844,285.1499938964844,0.0,-0.0,287.4187316894531,0.0,0.0,0.0004627144080586,287.362060546875,294.1499938964844,287.54998779296875,285.9374084472656,287.7182312011719,287.54998779296875,287.2998352050781,0.0,0.0,0.0,0.0,1.0,1.0,-0.0009869915666058,4.343006843043895e-09,0.0009869871428236,-0.0104302940890192,0.0,0.0,0.0,-0.0069658290594816,60.0,0.1696236282587051,-0.0,-6.641808170115837e-08,0.0,283.1598205566406,287.84234619140625,290.39013671875,290.6860046386719,293.1499938964844,293.1499938964844,278.1499938964844,0.0,18000.0,313.1499938964844,0.0,18000.0,0.0,0.0,0.0,0.0,0.0,0.0,0.0,0.0,0.0,-0.0,-0.0,-0.0,6.445913975451006e-21,3.222956987725503e-21,3.2229567857771112e-21,0.0,0.0,-0.0,0.0,0.0,0.0,0.0,0.0,0.0,0.0,0.0,0.0,4.0,0.0,0.0
12361980,297.9688415527344,303.1499938964844,285.1499938964844,0.0,-0.0,287.4173583984375,0.0,0.0,9.263169340556487e-05,297.9250183105469,303.1499938964844,285.1499938964844,0.0,-0.0,287.4173278808594,0.0,0.0,9.75456423475407e-05,297.9832763671875,303.1499938964844,285.1499938964844,0.0,-0.0,287.4173278808594,0.0,0.0,7.204687426565215e-05,297.7529602050781,303.1499938964844,285.1499938964844,0.0,-0.0,287.4173583984375,0.0,0.0,9.754563507158308e-05,298.08087158203125,303.1499938964844,285.1499938964844,0.0,-0.0,287.4173889160156,0.0,0.0,0.0004627144662663,287.36114501953125,294.1499938964844,287.54998779296875,285.9475402832031,287.7153015136719,287.54998779296875,287.2999572753906,0.0,0.0,0.0,0.0,1.0,1.0,-0.0009869915666058,4.343006843043895e-09,0.0009869871428236,-0.0104302940890192,0.0,0.0,0.0,-0.0069658290594816,60.0,0.1695417761802673,-0.0,-6.641808170115837e-08,0.0,283.1598205566406,287.84234619140625,290.39013671875,290.6860046386719,293.1499938964844,293.1499938964844,278.1499938964844,0.0,18000.0,313.1499938964844,0.0,18000.0,0.0,0.0,0.0,0.0,0.0,0.0,0.0,0.0,0.0,-0.0,-0.0,-0.0,6.445913975451006e-21,3.222956987725503e-21,3.2229567857771112e-21,0.0,0.0,-0.0,0.0,0.0,0.0,0.0,0.0,0.0,0.0,0.0,0.0,4.0,0.0,0.0
12362040,297.9688415527344,303.1499938964844,285.1499938964844,0.0,-0.0,287.4173583984375,0.0,0.0,9.263169340556487e-05,297.9250183105469,303.1499938964844,285.1499938964844,0.0,-0.0,287.4173278808594,0.0,0.0,9.75456423475407e-05,297.9832763671875,303.1499938964844,285.1499938964844,0.0,-0.0,287.4173278808594,0.0,0.0,7.204687426565215e-05,297.7529602050781,303.1499938964844,285.1499938964844,0.0,-0.0,287.4173583984375,0.0,0.0,9.754563507158308e-05,298.08087158203125,303.1499938964844,285.1499938964844,0.0,-0.0,287.4173889160156,0.0,0.0,0.0004627144662663,287.36114501953125,294.1499938964844,287.54998779296875,285.9475402832031,287.7153015136719,287.54998779296875,287.2999572753906,0.0,0.0,0.0,0.0,1.0,1.0,-0.0009869915666058,4.343006843043895e-09,0.0009869871428236,-0.0104302940890192,0.0,0.0,0.0,-0.0069658290594816,60.0,0.1695417761802673,-0.0,-6.641808170115837e-08,0.0,283.1598205566406,287.84234619140625,290.39013671875,290.6860046386719,293.1499938964844,293.1499938964844,278.1499938964844,0.0,18000.0,313.1499938964844,0.0,18000.0,0.0,0.0,0.0,0.0,0.0,0.0,0.0,0.0,0.0,-0.0,-0.0,-0.0,6.445913975451006e-21,3.222956987725503e-21,3.2229567857771112e-21,0.0,0.0,-0.0,0.0,0.0,0.0,0.0,0.0,0.0,0.0,0.0,0.0,4.0,0.0,0.0
12362100,297.9680480957031,303.1499938964844,285.1499938964844,0.0,-0.0,287.4167175292969,0.0,0.0,9.263170068152248e-05,297.9242858886719,303.1499938964844,285.1499938964844,0.0,-0.0,287.41668701171875,0.0,0.0,9.754564962349832e-05,297.9824523925781,303.1499938964844,285.1499938964844,0.0,-0.0,287.41668701171875,0.0,0.0,7.204688154160976e-05,297.7523193359375,303.1499938964844,285.1499938964844,0.0,-0.0,287.41668701171875,0.0,0.0,9.75456423475407e-05,298.0804443359375,303.1499938964844,285.1499938964844,0.0,-0.0,287.416748046875,0.0,0.0,0.0004627144953701,287.3607177734375,294.1499938964844,287.54998779296875,285.9525756835937,287.7138671875,287.54998779296875,287.3000183105469,0.0,0.0,0.0,0.0,1.0,1.0,-0.0009869915666058,4.343006843043895e-09,0.0009869871428236,-0.0104302940890192,0.0,0.0,0.0,-0.0069658290594816,60.0,0.1695008724927902,-0.0,-6.641808170115837e-08,0.0,283.1598205566406,287.84234619140625,290.39013671875,290.6860046386719,293.1499938964844,293.1499938964844,278.1499938964844,0.0,18000.0,313.1499938964844,0.0,18000.0,0.0,0.0,0.0,0.0,0.0,0.0,0.0,0.0,0.0,-0.0,-0.0,-0.0,6.445913975451006e-21,3.222956987725503e-21,3.2229567857771112e-21,0.0,0.0,-0.0,0.0,0.0,0.0,0.0,0.0,0.0,0.0,0.0,0.0,4.0,0.0,0.0
12362160,297.9672546386719,303.1499938964844,285.1499938964844,0.0,-0.0,287.4160461425781,0.0,0.0,9.26317079574801e-05,297.9235534667969,303.1499938964844,285.1499938964844,0.0,-0.0,287.416015625,0.0,0.0,9.754564962349832e-05,297.9816589355469,303.1499938964844,285.1499938964844,0.0,-0.0,287.416015625,0.0,0.0,7.204688881756738e-05,297.7516784667969,303.1499938964844,285.1499938964844,0.0,-0.0,287.4160461425781,0.0,0.0,9.754564962349832e-05,298.0800170898437,303.1499938964844,285.1499938964844,0.0,-0.0,287.41607666015625,0.0,0.0,0.0004627145244739,287.3602600097656,294.1499938964844,287.54998779296875,285.9576416015625,287.71246337890625,287.54998779296875,287.3000793457031,0.0,0.0,0.0,0.0,1.0,1.0,-0.0009869915666058,4.343006843043895e-09,0.0009869871428236,-0.0104302940890192,0.0,0.0,0.0,-0.0069658290594816,60.0,0.1694599688053131,-0.0,-6.641808170115837e-08,0.0,283.1598205566406,287.84234619140625,290.39013671875,290.6860046386719,293.1499938964844,293.1499938964844,278.1499938964844,0.0,18000.0,313.1499938964844,0.0,18000.0,0.0,0.0,0.0,0.0,0.0,0.0,0.0,0.0,0.0,-0.0,-0.0,-0.0,6.445913975451006e-21,3.222956987725503e-21,3.2229567857771112e-21,0.0,0.0,-0.0,0.0,0.0,0.0,0.0,0.0,0.0,0.0,0.0,0.0,4.0,0.0,0.0
12362220,297.96563720703125,303.1499938964844,285.1499938964844,0.0,-0.0,287.4147644042969,0.0,0.0,9.263168612960726e-05,297.92205810546875,303.1499938964844,285.1499938964844,0.0,-0.0,287.41473388671875,0.0,0.0,9.754563507158308e-05,297.98004150390625,303.1499938964844,285.1499938964844,0.0,-0.0,287.41473388671875,0.0,0.0,7.204687426565215e-05,297.7504272460937,303.1499938964844,285.1499938964844,0.0,-0.0,287.41473388671875,0.0,0.0,9.754563507158308e-05,298.0791931152344,303.1499938964844,285.1499938964844,0.0,-0.0,287.414794921875,0.0,0.0,0.0004627144371625,287.359375,294.1499938964844,287.54998779296875,285.9677429199219,287.70965576171875,287.54998779296875,287.3002014160156,0.0,0.0,0.0,0.0,1.0,1.0,-0.0009869912173599,4.342968651371848e-09,0.0009869869099929,-0.0104301944375038,0.0,0.0,0.0,-0.0069658099673688,60.0,0.1693698614835739,-0.0,-6.641803906859425e-08,0.0,283.1598205566406,287.84234619140625,290.39013671875,290.6860046386719,293.1499938964844,293.1499938964844,278.1499938964844,0.0,18000.0,313.1499938964844,0.0,18000.0,0.0,0.0,0.0,0.0,0.0,0.0,0.0,0.0,0.0,-0.0,-0.0,-0.0,6.445913975451006e-21,3.222956987725503e-21,3.2229567857771112e-21,0.0,0.0,-0.0,0.0,0.0,0.0,0.0,0.0,0.0,0.0,0.0,0.0,4.0,0.0,0.0
12362280,297.96563720703125,303.1499938964844,285.1499938964844,0.0,-0.0,287.4147644042969,0.0,0.0,9.263168612960726e-05,297.92205810546875,303.1499938964844,285.1499938964844,0.0,-0.0,287.41473388671875,0.0,0.0,9.754563507158308e-05,297.98004150390625,303.1499938964844,285.1499938964844,0.0,-0.0,287.41473388671875,0.0,0.0,7.204687426565215e-05,297.7504272460937,303.1499938964844,285.1499938964844,0.0,-0.0,287.41473388671875,0.0,0.0,9.754563507158308e-05,298.0791931152344,303.1499938964844,285.1499938964844,0.0,-0.0,287.414794921875,0.0,0.0,0.0004627144371625,287.359375,294.1499938964844,287.54998779296875,285.9677429199219,287.70965576171875,287.54998779296875,287.3002014160156,0.0,0.0,0.0,0.0,1.0,1.0,-0.0009869912173599,4.342968651371848e-09,0.0009869869099929,-0.0104301944375038,0.0,0.0,0.0,-0.0069658099673688,60.0,0.1693698614835739,-0.0,-6.641803906859425e-08,0.0,283.1598205566406,287.84234619140625,290.39013671875,290.6860046386719,293.1499938964844,293.1499938964844,278.1499938964844,0.0,18000.0,313.1499938964844,0.0,18000.0,0.0,0.0,0.0,0.0,0.0,0.0,0.0,0.0,0.0,-0.0,-0.0,-0.0,6.445913975451006e-21,3.222956987725503e-21,3.2229567857771112e-21,0.0,0.0,-0.0,0.0,0.0,0.0,0.0,0.0,0.0,0.0,0.0,0.0,4.0,0.0,0.0
12362340,297.96405029296875,303.1499938964844,285.1499938964844,0.0,-0.0,287.4134521484375,0.0,0.0,9.263148967875168e-05,297.92059326171875,303.1499938964844,285.1499938964844,0.0,-0.0,287.4134216308594,0.0,0.0,9.754542406881228e-05,297.9784545898437,303.1499938964844,285.1499938964844,0.0,-0.0,287.4134216308594,0.0,0.0,7.204671419458464e-05,297.7491455078125,303.1499938964844,285.1499938964844,0.0,-0.0,287.4134521484375,0.0,0.0,9.754542406881228e-05,298.078369140625,303.1499938964844,285.1499938964844,0.0,-0.0,287.4135131835937,0.0,0.0,0.0004627134476322,287.3585205078125,294.1499938964844,287.54998779296875,285.97784423828125,287.7068786621094,287.54998779296875,287.3003234863281,0.0,0.0,0.0,0.0,1.0,1.0,-0.0009869888890534,4.342702641935148e-09,0.0009869845816865,-0.0104294968768954,0.0,0.0,0.0,-0.0069656781852245,60.0,0.1692412346601486,-0.0,-6.641773353521786e-08,0.0,283.1598205566406,287.84234619140625,290.39013671875,290.6860046386719,293.1499938964844,293.1499938964844,278.1499938964844,0.0,18000.0,313.1499938964844,0.0,18000.0,0.0,0.0,0.0,0.0,0.0,0.0,0.0,0.0,0.0,-0.0,-0.0,-0.0,6.445913975451006e-21,3.222956987725503e-21,3.2229567857771112e-21,0.0,0.0,-0.0,0.0,0.0,0.0,0.0,0.0,0.0,0.0,0.0,0.0,4.0,0.0,0.0
12362400,297.96405029296875,303.1499938964844,285.1499938964844,0.0,-0.0,287.4134521484375,0.0,0.0,9.263148967875168e-05,297.92059326171875,303.1499938964844,285.1499938964844,0.0,-0.0,287.4134216308594,0.0,0.0,9.754542406881228e-05,297.9784545898437,303.1499938964844,285.1499938964844,0.0,-0.0,287.4134216308594,0.0,0.0,7.204671419458464e-05,297.7491455078125,303.1499938964844,285.1499938964844,0.0,-0.0,287.4134521484375,0.0,0.0,9.754542406881228e-05,298.078369140625,303.1499938964844,285.1499938964844,0.0,-0.0,287.4135131835937,0.0,0.0,0.0004627134476322,287.3585205078125,294.1499938964844,287.54998779296875,285.97784423828125,287.7068786621094,287.54998779296875,287.3003234863281,0.0,0.0,0.0,0.0,1.0,1.0,-0.0009869888890534,4.342702641935148e-09,0.0009869845816865,-0.0104294968768954,0.0,0.0,0.0,-0.0069656781852245,60.0,0.1692412346601486,-0.0,-6.641773353521786e-08,0.0,283.1598205566406,287.84234619140625,290.39013671875,290.6860046386719,293.1499938964844,293.1499938964844,278.1499938964844,0.0,18000.0,313.1499938964844,0.0,18000.0,0.0,0.0,0.0,0.0,0.0,0.0,0.0,0.0,0.0,-0.0,-0.0,-0.0,6.445913975451006e-21,3.222956987725503e-21,3.2229567857771112e-21,0.0,0.0,-0.0,0.0,0.0,0.0,0.0,0.0,0.0,0.0,0.0,0.0,4.0,0.0,0.0
12362460,297.9624328613281,303.1499938964844,285.1499938964844,0.0,-0.0,287.4122009277344,0.0,0.0,9.262855019187556e-05,297.91912841796875,303.1499938964844,285.1499938964844,0.0,-0.0,287.41217041015625,0.0,0.0,9.754232451086864e-05,297.97686767578125,303.1499938964844,285.1499938964844,0.0,-0.0,287.41217041015625,0.0,0.0,7.204442954389378e-05,297.7478942871094,303.1499938964844,285.1499938964844,0.0,-0.0,287.41217041015625,0.0,0.0,9.754232451086864e-05,298.0775451660156,303.1499938964844,285.1499938964844,0.0,-0.0,287.4122314453125,0.0,0.0,0.0004626987501978,287.357666015625,294.1499938964844,287.5483703613281,285.98638916015625,287.7041320800781,287.5498352050781,287.3004455566406,0.0,0.0,0.0,0.0,1.0,1.0,-0.0009869574569165,4.339026471456009e-09,0.0009869531495496,-0.0104198660701513,0.0,0.0,0.0,-0.0069638560526072,60.0,0.1686138361692428,-0.0,-6.641350580594009e-08,0.0,283.1598205566406,287.84234619140625,290.39013671875,290.6860046386719,293.1499938964844,293.1499938964844,278.1499938964844,0.0,18000.0,313.1499938964844,0.0,18000.0,0.0,0.0,0.0,0.0,0.0,0.0,0.0,0.0,0.0,-0.0,-0.0,-0.0,6.445913975451006e-21,3.222956987725503e-21,3.2229567857771112e-21,0.0,0.0,-0.0,0.0,0.0,0.0,0.0,0.0,0.0,0.0,0.0,0.0,4.0,0.0,0.0
12362520,297.9624328613281,303.1499938964844,285.1499938964844,0.0,-0.0,287.4122009277344,0.0,0.0,9.262855019187556e-05,297.91912841796875,303.1499938964844,285.1499938964844,0.0,-0.0,287.41217041015625,0.0,0.0,9.754232451086864e-05,297.97686767578125,303.1499938964844,285.1499938964844,0.0,-0.0,287.41217041015625,0.0,0.0,7.204442954389378e-05,297.7478942871094,303.1499938964844,285.1499938964844,0.0,-0.0,287.41217041015625,0.0,0.0,9.754232451086864e-05,298.0775451660156,303.1499938964844,285.1499938964844,0.0,-0.0,287.4122314453125,0.0,0.0,0.0004626987501978,287.357666015625,294.1499938964844,287.5483703613281,285.98638916015625,287.7041320800781,287.5498352050781,287.3004455566406,0.0,0.0,0.0,0.0,1.0,1.0,-0.0009869574569165,4.339026471456009e-09,0.0009869531495496,-0.0104198660701513,0.0,0.0,0.0,-0.0069638560526072,60.0,0.1686138361692428,-0.0,-6.641350580594009e-08,0.0,283.1598205566406,287.84234619140625,290.39013671875,290.6860046386719,293.1499938964844,293.1499938964844,278.1499938964844,0.0,18000.0,313.1499938964844,0.0,18000.0,0.0,0.0,0.0,0.0,0.0,0.0,0.0,0.0,0.0,-0.0,-0.0,-0.0,6.445913975451006e-21,3.222956987725503e-21,3.2229567857771112e-21,0.0,0.0,-0.0,0.0,0.0,0.0,0.0,0.0,0.0,0.0,0.0,0.0,4.0,0.0,0.0
12362580,297.960693359375,303.1499938964844,285.1499938964844,0.0,-0.0,287.4109191894531,0.0,0.0,9.261938248528168e-05,297.91766357421875,303.1499938964844,285.1499938964844,0.0,-0.0,287.410888671875,0.0,0.0,9.753266931511462e-05,297.9752502441406,303.1499938964844,285.1499938964844,0.0,-0.0,287.410888671875,0.0,0.0,7.203729910543188e-05,297.7467041015625,303.1499938964844,285.1499938964844,0.0,-0.0,287.4109191894531,0.0,0.0,9.753266931511462e-05,298.07672119140625,303.1499938964844,285.1499938964844,0.0,-0.0,287.41094970703125,0.0,0.0,0.0004626529698725,287.3568115234375,294.1499938964844,287.54364013671875,285.9919738769531,287.70135498046875,287.5491638183594,287.3005676269531,0.0,0.0,0.0,0.0,1.0,1.0,-0.0009868596680462,4.327588065677901e-09,0.0009868553606793,-0.0103898961097002,0.0,0.0,0.0,-0.0069581852294504,60.0,0.1664600223302841,-0.0,-6.640033944904644e-08,0.0,283.1598205566406,287.84234619140625,290.39013671875,290.6860046386719,293.1499938964844,293.1499938964844,278.1499938964844,0.0,18000.0,313.1499938964844,0.0,18000.0,0.0,0.0,0.0,0.0,0.0,0.0,0.0,0.0,0.0,-0.0,-0.0,-0.0,6.445913975451006e-21,3.222956987725503e-21,3.2229567857771112e-21,0.0,0.0,-0.0,0.0,0.0,0.0,0.0,0.0,0.0,0.0,0.0,0.0,4.0,0.0,0.0
12362640,297.960693359375,303.1499938964844,285.1499938964844,0.0,-0.0,287.4109191894531,0.0,0.0,9.261938248528168e-05,297.91766357421875,303.1499938964844,285.1499938964844,0.0,-0.0,287.410888671875,0.0,0.0,9.753266931511462e-05,297.9752502441406,303.1499938964844,285.1499938964844,0.0,-0.0,287.410888671875,0.0,0.0,7.203729910543188e-05,297.7467041015625,303.1499938964844,285.1499938964844,0.0,-0.0,287.4109191894531,0.0,0.0,9.753266931511462e-05,298.07672119140625,303.1499938964844,285.1499938964844,0.0,-0.0,287.41094970703125,0.0,0.0,0.0004626529698725,287.3568115234375,294.1499938964844,287.54364013671875,285.9919738769531,287.70135498046875,287.5491638183594,287.3005676269531,0.0,0.0,0.0,0.0,1.0,1.0,-0.0009868596680462,4.327588065677901e-09,0.0009868553606793,-0.0103898961097002,0.0,0.0,0.0,-0.0069581852294504,60.0,0.1664600223302841,-0.0,-6.640033944904644e-08,0.0,283.1598205566406,287.84234619140625,290.39013671875,290.6860046386719,293.1499938964844,293.1499938964844,278.1499938964844,0.0,18000.0,313.1499938964844,0.0,18000.0,0.0,0.0,0.0,0.0,0.0,0.0,0.0,0.0,0.0,-0.0,-0.0,-0.0,6.445913975451006e-21,3.222956987725503e-21,3.2229567857771112e-21,0.0,0.0,-0.0,0.0,0.0,0.0,0.0,0.0,0.0,0.0,0.0,0.0,4.0,0.0,0.0
12362700,297.9597473144531,303.1499938964844,285.1499938964844,0.0,-0.0,287.4103088378906,0.0,0.0,9.261289960704744e-05,297.9169311523437,303.1499938964844,285.1499938964844,0.0,-0.0,287.4102783203125,0.0,0.0,9.752584446687251e-05,297.9744873046875,303.1499938964844,285.1499938964844,0.0,-0.0,287.4102783203125,0.0,0.0,7.203225686680526e-05,297.7461242675781,303.1499938964844,285.1499938964844,0.0,-0.0,287.4102783203125,0.0,0.0,9.752584446687251e-05,298.0763244628906,303.1499938964844,285.1499938964844,0.0,-0.0,287.41033935546875,0.0,0.0,0.0004626205773092,287.3563842773437,294.1499938964844,287.5401611328125,285.99371337890625,287.699951171875,287.54852294921875,287.3006286621094,0.0,0.0,0.0,0.0,1.0,1.0,-0.0009867906337603,4.319505197969421e-09,0.0009867863263934,-0.010368718765676,0.0,0.0,0.0,-0.0069541786797344,60.0,0.1645745486021042,-0.0,-6.639103844463534e-08,0.0,283.1598205566406,287.84234619140625,290.39013671875,290.6860046386719,293.1499938964844,293.1499938964844,278.1499938964844,0.0,18000.0,313.1499938964844,0.0,18000.0,0.0,0.0,0.0,0.0,0.0,0.0,0.0,0.0,0.0,-0.0,-0.0,-0.0,6.445913975451006e-21,3.222956987725503e-21,3.2229567857771112e-21,0.0,0.0,-0.0,0.0,0.0,0.0,0.0,0.0,0.0,0.0,0.0,0.0,4.0,0.0,0.0
12362760,297.958740234375,303.1499938964844,285.1499938964844,0.0,-0.0,287.40966796875,0.0,0.0,9.260491060558708e-05,297.91619873046875,303.1499938964844,285.1499938964844,0.0,-0.0,287.4096374511719,0.0,0.0,9.751743345987052e-05,297.97369384765625,303.1499938964844,285.1499938964844,0.0,-0.0,287.4096374511719,0.0,0.0,7.202604319900274e-05,297.7455749511719,303.1499938964844,285.1499938964844,0.0,-0.0,287.40966796875,0.0,0.0,9.751743345987052e-05,298.0758972167969,303.1499938964844,285.1499938964844,0.0,-0.0,287.4096984863281,0.0,0.0,0.0004625806759577,287.35595703125,294.1499938964844,287.5360107421875,285.9947814941406,287.6985168457031,287.5475769042969,287.3006896972656,0.0,0.0,0.0,0.0,1.0,1.0,-0.0009867054177448,4.309543388814063e-09,0.0009867011103779,-0.0103426175191998,0.0,0.0,0.0,-0.0069492398761212,60.0,0.1622147858142852,-0.0,-6.637957028488017e-08,0.0,283.1598205566406,287.84234619140625,290.39013671875,290.6860046386719,293.1499938964844,293.1499938964844,278.1499938964844,0.0,18000.0,313.1499938964844,0.0,18000.0,0.0,0.0,0.0,0.0,0.0,0.0,0.0,0.0,0.0,-0.0,-0.0,-0.0,6.445913975451006e-21,3.222956987725503e-21,3.2229567857771112e-21,0.0,0.0,-0.0,0.0,0.0,0.0,0.0,0.0,0.0,0.0,0.0,0.0,4.0,0.0,0.0
12362820,297.9566345214844,303.1499938964844,285.1499938964844,0.0,-0.0,287.408447265625,0.0,0.0,9.258527279598638e-05,297.91473388671875,303.1499938964844,285.1499938964844,0.0,-0.0,287.4084167480469,0.0,0.0,9.7496755188331e-05,297.9721069335937,303.1499938964844,285.1499938964844,0.0,-0.0,287.4084167480469,0.0,0.0,7.201077096397057e-05,297.7445068359375,303.1499938964844,285.1499938964844,0.0,-0.0,287.4084167480469,0.0,0.0,9.7496755188331e-05,298.0750732421875,303.1499938964844,285.1499938964844,0.0,-0.0,287.4084777832031,0.0,0.0,0.000462482596049,287.3551330566406,294.1499938964844,287.52569580078125,285.9950561523437,287.6955871582031,287.5448913574219,287.3008117675781,0.0,0.0,0.0,0.0,1.0,1.0,-0.0009864961029961,4.285065635656338e-09,0.0009864917956292,-0.0102784847840666,0.0,0.0,0.0,-0.0069371052086353,60.0,0.1562020629644394,-0.0,-6.6351411476262e-08,0.0,283.1598205566406,287.84234619140625,290.39013671875,290.6860046386719,293.1499938964844,293.1499938964844,278.1499938964844,0.0,18000.0,313.1499938964844,0.0,18000.0,0.0,0.0,0.0,0.0,0.0,0.0,0.0,0.0,0.0,-0.0,-0.0,-0.0,6.445913975451006e-21,3.222956987725503e-21,3.2229567857771112e-21,0.0,0.0,-0.0,0.0,0.0,0.0,0.0,0.0,0.0,0.0,0.0,0.0,4.0,0.0,0.0
12362880,297.9566345214844,303.1499938964844,285.1499938964844,0.0,-0.0,287.408447265625,0.0,0.0,9.258527279598638e-05,297.91473388671875,303.1499938964844,285.1499938964844,0.0,-0.0,287.4084167480469,0.0,0.0,9.7496755188331e-05,297.9721069335937,303.1499938964844,285.1499938964844,0.0,-0.0,287.4084167480469,0.0,0.0,7.201077096397057e-05,297.7445068359375,303.1499938964844,285.1499938964844,0.0,-0.0,287.4084167480469,0.0,0.0,9.7496755188331e-05,298.0750732421875,303.1499938964844,285.1499938964844,0.0,-0.0,287.4084777832031,0.0,0.0,0.000462482596049,287.3551330566406,294.1499938964844,287.52569580078125,285.9950561523437,287.6955871582031,287.5448913574219,287.3008117675781,0.0,0.0,0.0,0.0,1.0,1.0,-0.0009864961029961,4.285065635656338e-09,0.0009864917956292,-0.0102784847840666,0.0,0.0,0.0,-0.0069371052086353,60.0,0.1562020629644394,-0.0,-6.6351411476262e-08,0.0,283.1598205566406,287.84234619140625,290.39013671875,290.6860046386719,293.1499938964844,293.1499938964844,278.1499938964844,0.0,18000.0,313.1499938964844,0.0,18000.0,0.0,0.0,0.0,0.0,0.0,0.0,0.0,0.0,0.0,-0.0,-0.0,-0.0,6.445913975451006e-21,3.222956987725503e-21,3.2229567857771112e-21,0.0,0.0,-0.0,0.0,0.0,0.0,0.0,0.0,0.0,0.0,0.0,0.0,4.0,0.0,0.0
12362940,297.9547424316406,303.1499938964844,285.1499938964844,0.0,-0.0,287.407470703125,0.0,0.0,9.25665590330027e-05,297.91357421875,303.1499938964844,285.1499938964844,0.0,-0.0,287.4074401855469,0.0,0.0,9.74770518951118e-05,297.9708557128906,303.1499938964844,285.1499938964844,0.0,-0.0,287.4074401855469,0.0,0.0,7.19962190487422e-05,297.74371337890625,303.1499938964844,285.1499938964844,0.0,-0.0,287.4074401855469,0.0,0.0,9.74770446191542e-05,298.07440185546875,303.1499938964844,285.1499938964844,0.0,-0.0,287.4075012207031,0.0,0.0,0.0004623891145456,287.3544921875,294.1499938964844,287.51568603515625,285.9935913085937,287.693115234375,287.5417175292969,287.3009033203125,0.0,0.0,0.0,0.0,1.0,1.0,-0.0009862965671345,4.261737185373704e-09,0.0009862923761829,-0.0102173630148172,0.0,0.0,0.0,-0.006925540510565,60.0,0.1500618159770965,-0.0,-6.632457427713234e-08,0.0,283.1598205566406,287.84234619140625,290.39013671875,290.6860046386719,293.1499938964844,293.1499938964844,278.1499938964844,0.0,18000.0,313.1499938964844,0.0,18000.0,0.0,0.0,0.0,0.0,0.0,0.0,0.0,0.0,0.0,-0.0,-0.0,-0.0,6.445913975451006e-21,3.222956987725503e-21,3.2229567857771112e-21,0.0,0.0,-0.0,0.0,0.0,0.0,0.0,0.0,0.0,0.0,0.0,0.0,4.0,0.0,0.0
12363000,297.9542541503906,303.1499938964844,285.1499938964844,0.0,-0.0,287.4072265625,0.0,0.0,9.256143675884232e-05,297.91326904296875,303.1499938964844,285.1499938964844,0.0,-0.0,287.4071960449219,0.0,0.0,9.747165313456208e-05,297.97052001953125,303.1499938964844,285.1499938964844,0.0,-0.0,287.4071960449219,0.0,0.0,7.199223182396963e-05,297.7435302734375,303.1499938964844,285.1499938964844,0.0,-0.0,287.4071960449219,0.0,0.0,9.747165313456208e-05,298.0742492675781,303.1499938964844,285.1499938964844,0.0,-0.0,287.4072570800781,0.0,0.0,0.0004623635031748,287.3543395996094,294.1499938964844,287.5129699707031,285.99298095703125,287.6924743652344,287.54083251953125,287.3009338378906,0.0,0.0,0.0,0.0,1.0,1.0,-0.0009862419683486,4.2553498502684314e-09,0.0009862376609817,-0.0102006280794739,0.0,0.0,0.0,-0.0069223740138113,60.0,0.1483994126319885,-0.0,-6.631722726524458e-08,0.0,283.1598205566406,287.84234619140625,290.39013671875,290.6860046386719,293.1499938964844,293.1499938964844,278.1499938964844,0.0,18000.0,313.1499938964844,0.0,18000.0,0.0,0.0,0.0,0.0,0.0,0.0,0.0,0.0,0.0,-0.0,-0.0,-0.0,6.445913975451006e-21,3.222956987725503e-21,3.2229567857771112e-21,0.0,0.0,-0.0,0.0,0.0,0.0,0.0,0.0,0.0,0.0,0.0,0.0,4.0,0.0,0.0
12363060,297.9516906738281,303.1499938964844,285.1499938964844,0.0,-0.0,287.406005859375,0.0,0.0,9.253363532479852e-05,297.91180419921875,303.1499938964844,285.1499938964844,0.0,-0.0,287.4059753417969,0.0,0.0,9.74423746811226e-05,297.96893310546875,303.1499938964844,285.1499938964844,0.0,-0.0,287.4059753417969,0.0,0.0,7.197060767794028e-05,297.7426452636719,303.1499938964844,285.1499938964844,0.0,-0.0,287.406005859375,0.0,0.0,9.74423746811226e-05,298.0733947753906,303.1499938964844,285.1499938964844,0.0,-0.0,287.4060363769531,0.0,0.0,0.0004622246487997,287.3535461425781,294.1499938964844,287.4979858398437,285.9888000488281,287.6891784667969,287.5352783203125,287.3010559082031,0.0,0.0,0.0,0.0,1.0,1.0,-0.0009859455749392,4.220700677848299e-09,0.0009859413839876,-0.0101098446175456,0.0,0.0,0.0,-0.0069051967002451,60.0,0.1389657258987426,-0.0,-6.627738002862317e-08,0.0,283.1598205566406,287.84234619140625,290.39013671875,290.6860046386719,293.1499938964844,293.1499938964844,278.1499938964844,0.0,18000.0,313.1499938964844,0.0,18000.0,0.0,0.0,0.0,0.0,0.0,0.0,0.0,0.0,0.0,-0.0,-0.0,-0.0,6.445913975451006e-21,3.222956987725503e-21,3.2229567857771112e-21,0.0,0.0,-0.0,0.0,0.0,0.0,0.0,0.0,0.0,0.0,0.0,0.0,4.0,0.0,0.0
12363120,297.9516906738281,303.1499938964844,285.1499938964844,0.0,-0.0,287.406005859375,0.0,0.0,9.253363532479852e-05,297.91180419921875,303.1499938964844,285.1499938964844,0.0,-0.0,287.4059753417969,0.0,0.0,9.74423746811226e-05,297.96893310546875,303.1499938964844,285.1499938964844,0.0,-0.0,287.4059753417969,0.0,0.0,7.197060767794028e-05,297.7426452636719,303.1499938964844,285.1499938964844,0.0,-0.0,287.406005859375,0.0,0.0,9.74423746811226e-05,298.0733947753906,303.1499938964844,285.1499938964844,0.0,-0.0,287.4060363769531,0.0,0.0,0.0004622246487997,287.3535461425781,294.1499938964844,287.4979858398437,285.9888000488281,287.6891784667969,287.5352783203125,287.3010559082031,0.0,0.0,0.0,0.0,1.0,1.0,-0.0009859455749392,4.220700677848299e-09,0.0009859413839876,-0.0101098446175456,0.0,0.0,0.0,-0.0069051967002451,60.0,0.1389657258987426,-0.0,-6.627738002862317e-08,0.0,283.1598205566406,287.84234619140625,290.39013671875,290.6860046386719,293.1499938964844,293.1499938964844,278.1499938964844,0.0,18000.0,313.1499938964844,0.0,18000.0,0.0,0.0,0.0,0.0,0.0,0.0,0.0,0.0,0.0,-0.0,-0.0,-0.0,6.445913975451006e-21,3.222956987725503e-21,3.2229567857771112e-21,0.0,0.0,-0.0,0.0,0.0,0.0,0.0,0.0,0.0,0.0,0.0,0.0,4.0,0.0,0.0
12363180,297.94891357421875,303.1499938964844,285.1499938964844,0.0,-0.0,287.4048156738281,0.0,0.0,9.250295261153953e-05,297.9103088378906,303.1499938964844,285.1499938964844,0.0,-0.0,287.40478515625,0.0,0.0,9.741006942931564e-05,297.96734619140625,303.1499938964844,285.1499938964844,0.0,-0.0,287.40478515625,0.0,0.0,7.194674253696576e-05,297.7418212890625,303.1499938964844,285.1499938964844,0.0,-0.0,287.40478515625,0.0,0.0,9.741006942931564e-05,298.07257080078125,303.1499938964844,285.1499938964844,0.0,-0.0,287.40484619140625,0.0,0.0,0.0004620713880285,287.3527526855469,294.1499938964844,287.4810485839844,285.982666015625,287.6856689453125,287.5282592773437,287.3011779785156,0.0,0.0,0.0,0.0,1.0,1.0,-0.0009856185643002,4.18246015598811e-09,0.0009856143733486,-0.0100096520036458,0.0,0.0,0.0,-0.0068862396292388,60.0,0.1281407475471496,-0.0,-6.623341874956169e-08,0.0,283.1598205566406,287.84234619140625,290.39013671875,290.6860046386719,293.1499938964844,293.1499938964844,278.1499938964844,0.0,18000.0,313.1499938964844,0.0,18000.0,0.0,0.0,0.0,0.0,0.0,0.0,0.0,0.0,0.0,-0.0,-0.0,-0.0,6.445913975451006e-21,3.222956987725503e-21,3.2229567857771112e-21,0.0,0.0,-0.0,0.0,0.0,0.0,0.0,0.0,0.0,0.0,0.0,0.0,4.0,0.0,0.0
12363240,297.94891357421875,303.1499938964844,285.1499938964844,0.0,-0.0,287.4048156738281,0.0,0.0,9.250295261153953e-05,297.9103088378906,303.1499938964844,285.1499938964844,0.0,-0.0,287.40478515625,0.0,0.0,9.741006942931564e-05,297.96734619140625,303.1499938964844,285.1499938964844,0.0,-0.0,287.40478515625,0.0,0.0,7.194674253696576e-05,297.7418212890625,303.1499938964844,285.1499938964844,0.0,-0.0,287.40478515625,0.0,0.0,9.741006942931564e-05,298.07257080078125,303.1499938964844,285.1499938964844,0.0,-0.0,287.40484619140625,0.0,0.0,0.0004620713880285,287.3527526855469,294.1499938964844,287.4810485839844,285.982666015625,287.6856689453125,287.5282592773437,287.3011779785156,0.0,0.0,0.0,0.0,1.0,1.0,-0.0009856185643002,4.18246015598811e-09,0.0009856143733486,-0.0100096520036458,0.0,0.0,0.0,-0.0068862396292388,60.0,0.1281407475471496,-0.0,-6.623341874956169e-08,0.0,283.1598205566406,287.84234619140625,290.39013671875,290.6860046386719,293.1499938964844,293.1499938964844,278.1499938964844,0.0,18000.0,313.1499938964844,0.0,18000.0,0.0,0.0,0.0,0.0,0.0,0.0,0.0,0.0,0.0,-0.0,-0.0,-0.0,6.445913975451006e-21,3.222956987725503e-21,3.2229567857771112e-21,0.0,0.0,-0.0,0.0,0.0,0.0,0.0,0.0,0.0,0.0,0.0,0.0,4.0,0.0,0.0
12363300,297.94744873046875,303.1499938964844,285.1499938964844,0.0,-0.0,287.4042358398437,0.0,0.0,9.248665446648374e-05,297.9095764160156,303.1499938964844,285.1499938964844,0.0,-0.0,287.4042053222656,0.0,0.0,9.739290544530375e-05,297.966552734375,303.1499938964844,285.1499938964844,0.0,-0.0,287.4042053222656,0.0,0.0,7.193406781880185e-05,297.741455078125,303.1499938964844,285.1499938964844,0.0,-0.0,287.4042053222656,0.0,0.0,9.739289816934615e-05,298.0721435546875,303.1499938964844,285.1499938964844,0.0,-0.0,287.4042663574219,0.0,0.0,0.0004619899555109,287.35235595703125,294.1499938964844,287.47186279296875,285.9789733886719,287.6838073730469,287.5240783691406,287.3012390136719,0.0,0.0,0.0,0.0,1.0,1.0,-0.00098544487264,4.162144850994309e-09,0.0009854406816884,-0.0099564231932163,0.0,0.0,0.0,-0.0068761683069169,60.0,0.1221936121582984,-0.0,-6.62100703152646e-08,0.0,283.1598205566406,287.84234619140625,290.39013671875,290.6860046386719,293.1499938964844,293.1499938964844,278.1499938964844,0.0,18000.0,313.1499938964844,0.0,18000.0,0.0,0.0,0.0,0.0,0.0,0.0,0.0,0.0,0.0,-0.0,-0.0,-0.0,6.445913975451006e-21,3.222956987725503e-21,3.2229567857771112e-21,0.0,0.0,-0.0,0.0,0.0,0.0,0.0,0.0,0.0,0.0,0.0,0.0,4.0,0.0,0.0
12363360,297.9459228515625,303.1499938964844,285.1499938964844,0.0,-0.0,287.40362548828125,0.0,0.0,9.246984700439498e-05,297.9088134765625,303.1499938964844,285.1499938964844,0.0,-0.0,287.40362548828125,0.0,0.0,9.737520304042846e-05,297.9657287597656,303.1499938964844,285.1499938964844,0.0,-0.0,287.40362548828125,0.0,0.0,7.192099292296916e-05,297.7410888671875,303.1499938964844,285.1499938964844,0.0,-0.0,287.40362548828125,0.0,0.0,9.737520304042846e-05,298.0717163085937,303.1499938964844,285.1499938964844,0.0,-0.0,287.4036560058594,0.0,0.0,0.00046190599096,287.3519897460937,294.1499938964844,287.4623107910156,285.974853515625,287.681884765625,287.5195617675781,287.3013000488281,0.0,0.0,0.0,0.0,1.0,1.0,-0.0009852657094597,4.141198495233311e-09,0.0009852616349235,-0.0099015422165393,0.0,0.0,0.0,-0.0068657840602099,60.0,0.1159639284014701,-0.0,-6.618600423280442e-08,0.0,283.1598205566406,287.84234619140625,290.39013671875,290.6860046386719,293.1499938964844,293.1499938964844,278.1499938964844,0.0,18000.0,313.1499938964844,0.0,18000.0,0.0,0.0,0.0,0.0,0.0,0.0,0.0,0.0,0.0,-0.0,-0.0,-0.0,6.445913975451006e-21,3.222956987725503e-21,3.2229567857771112e-21,0.0,0.0,-0.0,0.0,0.0,0.0,0.0,0.0,0.0,0.0,0.0,0.0,4.0,0.0,0.0
12363420,297.9427795410156,303.1499938964844,285.1499938964844,0.0,-0.0,287.4024658203125,0.0,0.0,9.243513341061772e-05,297.90728759765625,303.1499938964844,285.1499938964844,0.0,-0.0,287.4024353027344,0.0,0.0,9.733865590533242e-05,297.964111328125,303.1499938964844,285.1499938964844,0.0,-0.0,287.4024353027344,0.0,0.0,7.189399912022054e-05,297.7403869628906,303.1499938964844,285.1499938964844,0.0,-0.0,287.4024658203125,0.0,0.0,9.73386486293748e-05,298.0708312988281,303.1499938964844,285.1499938964844,0.0,-0.0,287.4024963378906,0.0,0.0,0.000461732619442,287.3512268066406,294.1499938964844,287.4419860839844,285.96551513671875,287.6778259277344,287.5094299316406,287.3014221191406,0.0,0.0,0.0,0.0,1.0,1.0,-0.000984895741567,4.097941097569446e-09,0.0009848916670307,-0.0097882049158215,0.0,0.0,0.0,-0.0068443398922681,60.0,0.1027184128761291,-0.0,-6.613630887386536e-08,0.0,283.1598205566406,287.84234619140625,290.39013671875,290.6860046386719,293.1499938964844,293.1499938964844,278.1499938964844,0.0,18000.0,313.1499938964844,0.0,18000.0,0.0,0.0,0.0,0.0,0.0,0.0,0.0,0.0,0.0,-0.0,-0.0,-0.0,6.445913975451006e-21,3.222956987725503e-21,3.2229567857771112e-21,0.0,0.0,-0.0,0.0,0.0,0.0,0.0,0.0,0.0,0.0,0.0,0.0,4.0,0.0,0.0
12363480,297.9427795410156,303.1499938964844,285.1499938964844,0.0,-0.0,287.4024658203125,0.0,0.0,9.243513341061772e-05,297.90728759765625,303.1499938964844,285.1499938964844,0.0,-0.0,287.4024353027344,0.0,0.0,9.733865590533242e-05,297.964111328125,303.1499938964844,285.1499938964844,0.0,-0.0,287.4024353027344,0.0,0.0,7.189399912022054e-05,297.7403869628906,303.1499938964844,285.1499938964844,0.0,-0.0,287.4024658203125,0.0,0.0,9.73386486293748e-05,298.0708312988281,303.1499938964844,285.1499938964844,0.0,-0.0,287.4024963378906,0.0,0.0,0.000461732619442,287.3512268066406,294.1499938964844,287.4419860839844,285.96551513671875,287.6778259277344,287.5094299316406,287.3014221191406,0.0,0.0,0.0,0.0,1.0,1.0,-0.000984895741567,4.097941097569446e-09,0.0009848916670307,-0.0097882049158215,0.0,0.0,0.0,-0.0068443398922681,60.0,0.1027184128761291,-0.0,-6.613630887386536e-08,0.0,283.1598205566406,287.84234619140625,290.39013671875,290.6860046386719,293.1499938964844,293.1499938964844,278.1499938964844,0.0,18000.0,313.1499938964844,0.0,18000.0,0.0,0.0,0.0,0.0,0.0,0.0,0.0,0.0,0.0,-0.0,-0.0,-0.0,6.445913975451006e-21,3.222956987725503e-21,3.2229567857771112e-21,0.0,0.0,-0.0,0.0,0.0,0.0,0.0,0.0,0.0,0.0,0.0,0.0,4.0,0.0,0.0
12363540,297.93951416015625,303.1499938964844,285.1499938964844,0.0,-0.0,287.4013366699219,0.0,0.0,9.239965584129096e-05,297.9057312011719,303.1499938964844,285.1499938964844,0.0,-0.0,287.4013061523437,0.0,0.0,9.730129386298358e-05,297.96246337890625,303.1499938964844,285.1499938964844,0.0,-0.0,287.4013061523437,0.0,0.0,7.186640141298994e-05,297.7397766113281,303.1499938964844,285.1499938964844,0.0,-0.0,287.4013061523437,0.0,0.0,9.730129386298358e-05,298.0699462890625,303.1499938964844,285.1499938964844,0.0,-0.0,287.4013671875,0.0,0.0,0.0004615554062183,287.3504638671875,294.1499938964844,287.4203796386719,285.95489501953125,287.6734619140625,287.4978332519531,287.301513671875,0.0,0.0,0.0,0.0,1.0,1.0,-0.0009845176246017,4.053727575836774e-09,0.0009845135500654,-0.0096723604947328,0.0,0.0,0.0,-0.0068224207498133,60.0,0.0884850397706031,-0.0,-6.608553348996793e-08,0.0,283.1598205566406,287.84234619140625,290.39013671875,290.6860046386719,293.1499938964844,293.1499938964844,278.1499938964844,0.0,18000.0,313.1499938964844,0.0,18000.0,0.0,0.0,0.0,0.0,0.0,0.0,0.0,0.0,0.0,-0.0,-0.0,-0.0,6.445913975451006e-21,3.222956987725503e-21,3.2229567857771112e-21,0.0,0.0,-0.0,0.0,0.0,0.0,0.0,0.0,0.0,0.0,0.0,0.0,4.0,0.0,0.0
12363600,297.93951416015625,303.1499938964844,285.1499938964844,0.0,-0.0,287.4013366699219,0.0,0.0,9.239965584129096e-05,297.9057312011719,303.1499938964844,285.1499938964844,0.0,-0.0,287.4013061523437,0.0,0.0,9.730129386298358e-05,297.96246337890625,303.1499938964844,285.1499938964844,0.0,-0.0,287.4013061523437,0.0,0.0,7.186640141298994e-05,297.7397766113281,303.1499938964844,285.1499938964844,0.0,-0.0,287.4013061523437,0.0,0.0,9.730129386298358e-05,298.0699462890625,303.1499938964844,285.1499938964844,0.0,-0.0,287.4013671875,0.0,0.0,0.0004615554062183,287.3504638671875,294.1499938964844,287.4203796386719,285.95489501953125,287.6734619140625,287.4978332519531,287.301513671875,0.0,0.0,0.0,0.0,1.0,1.0,-0.0009845176246017,4.053727575836774e-09,0.0009845135500654,-0.0096723604947328,0.0,0.0,0.0,-0.0068224207498133,60.0,0.0884850397706031,-0.0,-6.608553348996793e-08,0.0,283.1598205566406,287.84234619140625,290.39013671875,290.6860046386719,293.1499938964844,293.1499938964844,278.1499938964844,0.0,18000.0,313.1499938964844,0.0,18000.0,0.0,0.0,0.0,0.0,0.0,0.0,0.0,0.0,0.0,-0.0,-0.0,-0.0,6.445913975451006e-21,3.222956987725503e-21,3.2229567857771112e-21,0.0,0.0,-0.0,0.0,0.0,0.0,0.0,0.0,0.0,0.0,0.0,0.0,4.0,0.0,0.0
12363660,297.93609619140625,303.1499938964844,285.1499938964844,0.0,-0.0,287.4001770019531,0.0,0.0,9.236422192770988e-05,297.9041748046875,303.1499938964844,285.1499938964844,0.0,-0.0,287.400146484375,0.0,0.0,9.726398275233804e-05,297.9607849121094,303.1499938964844,285.1499938964844,0.0,-0.0,287.400146484375,0.0,0.0,7.183884736150503e-05,297.7391967773437,303.1499938964844,285.1499938964844,0.0,-0.0,287.4001770019531,0.0,0.0,9.726398275233804e-05,298.0690612792969,303.1499938964844,285.1499938964844,0.0,-0.0,287.40020751953125,0.0,0.0,0.0004613784258253,287.3497314453125,294.1499938964844,287.39764404296875,285.94317626953125,287.6687927246094,287.48486328125,287.3016357421875,0.0,0.0,0.0,0.0,1.0,1.0,-0.0009841399732977,4.009569121166123e-09,0.0009841360151767,-0.0095566604286432,0.0,0.0,0.0,-0.0068005295470356,60.0,0.0734305679798126,-0.0,-6.60348433711988e-08,0.0,283.1598205566406,287.84234619140625,290.39013671875,290.6860046386719,293.1499938964844,293.1499938964844,278.1499938964844,0.0,18000.0,313.1499938964844,0.0,18000.0,0.0,0.0,0.0,0.0,0.0,0.0,0.0,0.0,0.0,-0.0,-0.0,-0.0,6.445913975451006e-21,3.222956987725503e-21,3.2229567857771112e-21,0.0,0.0,-0.0,0.0,0.0,0.0,0.0,0.0,0.0,0.0,0.0,0.0,4.0,0.0,0.0
12363720,297.93609619140625,303.1499938964844,285.1499938964844,0.0,-0.0,287.4001770019531,0.0,0.0,9.236422192770988e-05,297.9041748046875,303.1499938964844,285.1499938964844,0.0,-0.0,287.400146484375,0.0,0.0,9.726398275233804e-05,297.9607849121094,303.1499938964844,285.1499938964844,0.0,-0.0,287.400146484375,0.0,0.0,7.183884736150503e-05,297.7391967773437,303.1499938964844,285.1499938964844,0.0,-0.0,287.4001770019531,0.0,0.0,9.726398275233804e-05,298.0690612792969,303.1499938964844,285.1499938964844,0.0,-0.0,287.40020751953125,0.0,0.0,0.0004613784258253,287.3497314453125,294.1499938964844,287.39764404296875,285.94317626953125,287.6687927246094,287.48486328125,287.3016357421875,0.0,0.0,0.0,0.0,1.0,1.0,-0.0009841399732977,4.009569121166123e-09,0.0009841360151767,-0.0095566604286432,0.0,0.0,0.0,-0.0068005295470356,60.0,0.0734305679798126,-0.0,-6.60348433711988e-08,0.0,283.1598205566406,287.84234619140625,290.39013671875,290.6860046386719,293.1499938964844,293.1499938964844,278.1499938964844,0.0,18000.0,313.1499938964844,0.0,18000.0,0.0,0.0,0.0,0.0,0.0,0.0,0.0,0.0,0.0,-0.0,-0.0,-0.0,6.445913975451006e-21,3.222956987725503e-21,3.2229567857771112e-21,0.0,0.0,-0.0,0.0,0.0,0.0,0.0,0.0,0.0,0.0,0.0,0.0,4.0,0.0,0.0
12363780,297.9325561523437,303.1499938964844,285.1499938964844,0.0,-0.0,287.3990478515625,0.0,0.0,9.232963930116966e-05,297.9025573730469,303.1499938964844,285.1499938964844,0.0,-0.0,287.3990173339844,0.0,0.0,9.722756658447906e-05,297.9590759277344,303.1499938964844,285.1499938964844,0.0,-0.0,287.3990478515625,0.0,0.0,7.18119481462054e-05,297.7386779785156,303.1499938964844,285.1499938964844,0.0,-0.0,287.3990478515625,0.0,0.0,9.722755930852144e-05,298.0681457519531,303.1499938964844,285.1499938964844,0.0,-0.0,287.3990783691406,0.0,0.0,0.0004612056654877,287.3489990234375,294.1499938964844,287.3739929199219,285.9306335449219,287.6637878417969,287.4706115722656,287.3017578125,0.0,0.0,0.0,0.0,1.0,1.0,-0.0009837714023888,3.966468486993335e-09,0.0009837674442678,-0.0094437329098582,0.0,0.0,0.0,-0.0067791626788675,60.0,0.0577080510556697,-0.0,-6.59853895967899e-08,0.0,283.1598205566406,287.84234619140625,290.39013671875,290.6860046386719,293.1499938964844,293.1499938964844,278.1499938964844,0.0,18000.0,313.1499938964844,0.0,18000.0,0.0,0.0,0.0,0.0,0.0,0.0,0.0,0.0,0.0,-0.0,-0.0,-0.0,6.445913975451006e-21,3.222956987725503e-21,3.2229567857771112e-21,0.0,0.0,-0.0,0.0,0.0,0.0,0.0,0.0,0.0,0.0,0.0,0.0,4.0,0.0,0.0
12363840,297.9325561523437,303.1499938964844,285.1499938964844,0.0,-0.0,287.3990478515625,0.0,0.0,9.232963930116966e-05,297.9025573730469,303.1499938964844,285.1499938964844,0.0,-0.0,287.3990173339844,0.0,0.0,9.722756658447906e-05,297.9590759277344,303.1499938964844,285.1499938964844,0.0,-0.0,287.3990478515625,0.0,0.0,7.18119481462054e-05,297.7386779785156,303.1499938964844,285.1499938964844,0.0,-0.0,287.3990478515625,0.0,0.0,9.722755930852144e-05,298.0681457519531,303.1499938964844,285.1499938964844,0.0,-0.0,287.3990783691406,0.0,0.0,0.0004612056654877,287.3489990234375,294.1499938964844,287.3739929199219,285.9306335449219,287.6637878417969,287.4706115722656,287.3017578125,0.0,0.0,0.0,0.0,1.0,1.0,-0.0009837714023888,3.966468486993335e-09,0.0009837674442678,-0.0094437329098582,0.0,0.0,0.0,-0.0067791626788675,60.0,0.0577080510556697,-0.0,-6.59853895967899e-08,0.0,283.1598205566406,287.84234619140625,290.39013671875,290.6860046386719,293.1499938964844,293.1499938964844,278.1499938964844,0.0,18000.0,313.1499938964844,0.0,18000.0,0.0,0.0,0.0,0.0,0.0,0.0,0.0,0.0,0.0,-0.0,-0.0,-0.0,6.445913975451006e-21,3.222956987725503e-21,3.2229567857771112e-21,0.0,0.0,-0.0,0.0,0.0,0.0,0.0,0.0,0.0,0.0,0.0,0.0,4.0,0.0,0.0
12363900,297.9307556152344,303.1499938964844,285.1499938964844,0.0,-0.0,287.39849853515625,0.0,0.0,9.231286821886896e-05,297.9017639160156,303.1499938964844,285.1499938964844,0.0,-0.0,287.3984680175781,0.0,0.0,9.720990055939184e-05,297.95819091796875,303.1499938964844,285.1499938964844,0.0,-0.0,287.3984680175781,0.0,0.0,7.179890235420316e-05,297.7384338378906,303.1499938964844,285.1499938964844,0.0,-0.0,287.3984680175781,0.0,0.0,9.720990055939184e-05,298.06768798828125,303.1499938964844,285.1499938964844,0.0,-0.0,287.3985290527344,0.0,0.0,0.0004611218755599,287.3486633300781,294.1499938964844,287.3619079589844,285.924072265625,287.6611633300781,287.4630126953125,287.30181884765625,0.0,0.0,0.0,0.0,1.0,1.0,-0.0009835925884544,3.945565207885693e-09,0.0009835886303335,-0.0093889636918902,0.0,0.0,0.0,-0.0067688003182411,60.0,0.0496399737894535,-0.0,-6.5961408779458e-08,0.0,283.1598205566406,287.84234619140625,290.39013671875,290.6860046386719,293.1499938964844,293.1499938964844,278.1499938964844,0.0,18000.0,313.1499938964844,0.0,18000.0,0.0,0.0,0.0,0.0,0.0,0.0,0.0,0.0,0.0,-0.0,-0.0,-0.0,6.445913975451006e-21,3.222956987725503e-21,3.2229567857771112e-21,0.0,0.0,-0.0,0.0,0.0,0.0,0.0,0.0,0.0,0.0,0.0,0.0,4.0,0.0,0.0
12363960,297.928955078125,303.1499938964844,285.1499938964844,0.0,-0.0,287.39794921875,0.0,0.0,9.229663555743171e-05,297.90093994140625,303.1499938964844,285.1499938964844,0.0,-0.0,287.3979187011719,0.0,0.0,9.719280933495612e-05,297.95733642578125,303.1499938964844,285.1499938964844,0.0,-0.0,287.3979187011719,0.0,0.0,7.178627856774256e-05,297.7382202148437,303.1499938964844,285.1499938964844,0.0,-0.0,287.3979187011719,0.0,0.0,9.719280933495612e-05,298.0672302246094,303.1499938964844,285.1499938964844,0.0,-0.0,287.3979797363281,0.0,0.0,0.0004610407922882,287.3482971191406,294.1499938964844,287.3497009277344,285.9173889160156,287.658447265625,287.4551696777344,287.3018798828125,0.0,0.0,0.0,0.0,1.0,1.0,-0.0009834195952862,3.925335612109393e-09,0.0009834156371653,-0.0093359583988785,0.0,0.0,0.0,-0.0067587713710963,60.0,0.0414620488882064,-0.0,-6.593820955913543e-08,0.0,283.1598205566406,287.84234619140625,290.39013671875,290.6860046386719,293.1499938964844,293.1499938964844,278.1499938964844,0.0,18000.0,313.1499938964844,0.0,18000.0,0.0,0.0,0.0,0.0,0.0,0.0,0.0,0.0,0.0,-0.0,-0.0,-0.0,6.445913975451006e-21,3.222956987725503e-21,3.2229567857771112e-21,0.0,0.0,-0.0,0.0,0.0,0.0,0.0,0.0,0.0,0.0,0.0,0.0,4.0,0.0,0.0
12364020,297.92529296875,303.1499938964844,285.1499938964844,0.0,-0.0,287.3968505859375,0.0,0.0,9.226612019119784e-05,297.8992919921875,303.1499938964844,285.1499938964844,0.0,-0.0,287.3968200683594,0.0,0.0,9.716067143017426e-05,297.95556640625,303.1499938964844,285.1499938964844,0.0,-0.0,287.3968200683594,0.0,0.0,7.176253711804748e-05,297.7377624511719,303.1499938964844,285.1499938964844,0.0,-0.0,287.3968200683594,0.0,0.0,9.716067143017426e-05,298.0662841796875,303.1499938964844,285.1499938964844,0.0,-0.0,287.3968811035156,0.0,0.0,0.0004608883464243,287.3475952148437,294.1499938964844,287.324951171875,285.9037170410156,287.6527709960937,287.43865966796875,287.3019714355469,0.0,0.0,0.0,0.0,1.0,1.0,-0.000983094330877,3.887300259464155e-09,0.0009830903727561,-0.0092363003641366,0.0,0.0,0.0,-0.0067399153485894,60.0,0.024853516370058,-0.0,-6.58945964460145e-08,0.0,283.1598205566406,287.84234619140625,290.39013671875,290.6860046386719,293.1499938964844,293.1499938964844,278.1499938964844,0.0,18000.0,313.1499938964844,0.0,18000.0,0.0,0.0,0.0,0.0,0.0,0.0,0.0,0.0,0.0,-0.0,-0.0,-0.0,6.445913975451006e-21,3.222956987725503e-21,3.2229567857771112e-21,0.0,0.0,-0.0,0.0,0.0,0.0,0.0,0.0,0.0,0.0,0.0,0.0,4.0,0.0,0.0
12364080,297.92529296875,303.1499938964844,285.1499938964844,0.0,-0.0,287.3968505859375,0.0,0.0,9.226612019119784e-05,297.8992919921875,303.1499938964844,285.1499938964844,0.0,-0.0,287.3968200683594,0.0,0.0,9.716067143017426e-05,297.95556640625,303.1499938964844,285.1499938964844,0.0,-0.0,287.3968200683594,0.0,0.0,7.176253711804748e-05,297.7377624511719,303.1499938964844,285.1499938964844,0.0,-0.0,287.3968200683594,0.0,0.0,9.716067143017426e-05,298.0662841796875,303.1499938964844,285.1499938964844,0.0,-0.0,287.3968811035156,0.0,0.0,0.0004608883464243,287.3475952148437,294.1499938964844,287.324951171875,285.9037170410156,287.6527709960937,287.43865966796875,287.3019714355469,0.0,0.0,0.0,0.0,1.0,1.0,-0.000983094330877,3.887300259464155e-09,0.0009830903727561,-0.0092363003641366,0.0,0.0,0.0,-0.0067399153485894,60.0,0.024853516370058,-0.0,-6.58945964460145e-08,0.0,283.1598205566406,287.84234619140625,290.39013671875,290.6860046386719,293.1499938964844,293.1499938964844,278.1499938964844,0.0,18000.0,313.1499938964844,0.0,18000.0,0.0,0.0,0.0,0.0,0.0,0.0,0.0,0.0,0.0,-0.0,-0.0,-0.0,6.445913975451006e-21,3.222956987725503e-21,3.2229567857771112e-21,0.0,0.0,-0.0,0.0,0.0,0.0,0.0,0.0,0.0,0.0,0.0,0.0,4.0,0.0,0.0
12364140,297.9220275878906,303.1499938964844,285.1499938964844,0.0,-0.0,287.3959045410156,0.0,0.0,9.224151290254667e-05,297.8977966308594,303.1499938964844,285.1499938964844,0.0,-0.0,287.3958740234375,0.0,0.0,9.713476174511015e-05,297.9540100097656,303.1499938964844,285.1499938964844,0.0,-0.0,287.3958740234375,0.0,0.0,7.174340134952217e-05,297.7373962402344,303.1499938964844,285.1499938964844,0.0,-0.0,287.3958740234375,0.0,0.0,9.713476174511015e-05,298.0654602050781,303.1499938964844,285.1499938964844,0.0,-0.0,287.3959045410156,0.0,0.0,0.0004607654409483,287.34698486328125,294.1499938964844,287.3030090332031,285.8915100097656,287.64752197265625,287.4233703613281,287.30206298828125,0.0,0.0,0.0,0.0,1.0,1.0,-0.0009828320471569,3.856635455434798e-09,0.0009828282054513,-0.0091559551656246,0.0,0.0,0.0,-0.0067247133702039,60.0,0.0100549245253205,-0.0,-6.585944589687642e-08,0.0,283.1598205566406,287.84234619140625,290.39013671875,290.6860046386719,293.1499938964844,293.1499938964844,278.1499938964844,0.0,18000.0,313.1499938964844,0.0,18000.0,0.0,0.0,0.0,0.0,0.0,0.0,0.0,0.0,0.0,-0.0,-0.0,-0.0,6.445913975451006e-21,3.222956987725503e-21,3.2229567857771112e-21,0.0,0.0,-0.0,0.0,0.0,0.0,0.0,0.0,0.0,0.0,0.0,0.0,4.0,0.0,0.0
12364200,297.92156982421875,303.1499938964844,285.1499938964844,0.0,-0.0,287.395751953125,0.0,0.0,9.223836968885736e-05,297.8975830078125,303.1499938964844,285.1499938964844,0.0,-0.0,287.3957214355469,0.0,0.0,9.71314511843957e-05,297.95379638671875,303.1499938964844,285.1499938964844,0.0,-0.0,287.3957214355469,0.0,0.0,7.174095662776381e-05,297.73736572265625,303.1499938964844,285.1499938964844,0.0,-0.0,287.395751953125,0.0,0.0,9.71314511843957e-05,298.0653381347656,303.1499938964844,285.1499938964844,0.0,-0.0,287.3957824707031,0.0,0.0,0.0004607497539836,287.3468933105469,294.1499938964844,287.29998779296875,285.88983154296875,287.64678955078125,287.4212646484375,287.30206298828125,0.0,0.0,0.0,0.0,1.0,1.0,-0.0009827985195443,3.8527185886039206e-09,0.0009827946778386,-0.0091456919908523,0.0,0.0,0.0,-0.0067227715626358,60.0,0.0080300737172365,-0.0,-6.585495526678642e-08,0.0,283.1598205566406,287.84234619140625,290.39013671875,290.6860046386719,293.1499938964844,293.1499938964844,278.1499938964844,0.0,18000.0,313.1499938964844,0.0,18000.0,0.0,0.0,0.0,0.0,0.0,0.0,0.0,0.0,0.0,-0.0,-0.0,-0.0,6.445913975451006e-21,3.222956987725503e-21,3.2229567857771112e-21,0.0,0.0,-0.0,0.0,0.0,0.0,0.0,0.0,0.0,0.0,0.0,0.0,4.0,0.0,0.0
12364260,297.9178466796875,303.1499938964844,285.1499938964844,0.0,-0.0,287.3946838378906,0.0,0.0,9.2214293545112e-05,297.8958740234375,303.1499938964844,285.1499938964844,0.0,-0.0,287.3946533203125,0.0,0.0,9.710609447211029e-05,297.95196533203125,303.1499938964844,285.1499938964844,0.0,-0.0,287.3946533203125,0.0,0.0,7.17222283128649e-05,297.7369689941406,303.1499938964844,285.1499938964844,0.0,-0.0,287.3946838378906,0.0,0.0,9.710609447211029e-05,298.0643615722656,303.1499938964844,285.1499938964844,0.0,-0.0,287.39471435546875,0.0,0.0,0.0004606294678524,287.3462219238281,294.1499938964844,287.2750244140625,285.8759155273437,287.64044189453125,287.4029846191406,287.3021850585937,0.0,0.0,0.0,0.0,1.0,1.0,-0.0009825419401749,3.822707927980673e-09,0.0009825380984693,-0.0090670594945549,0.0,0.0,0.0,-0.0067078941501677,60.0,-0.0088665429502725,-0.0,-6.582056499837563e-08,0.0,283.1598205566406,287.84234619140625,290.39013671875,290.6860046386719,293.1499938964844,293.1499938964844,278.1499938964844,0.0,18000.0,313.1499938964844,0.0,18000.0,0.0,0.0,0.0,0.0,0.0,0.0,0.0,0.0,0.0,-0.0,-0.0,-0.0,6.445913975451006e-21,3.222956987725503e-21,3.2229567857771112e-21,0.0,0.0,-0.0,0.0,0.0,0.0,0.0,0.0,0.0,0.0,0.0,0.0,4.0,0.0,0.0
12364320,297.9178466796875,303.1499938964844,285.1499938964844,0.0,-0.0,287.3946838378906,0.0,0.0,9.2214293545112e-05,297.8958740234375,303.1499938964844,285.1499938964844,0.0,-0.0,287.3946533203125,0.0,0.0,9.710609447211029e-05,297.95196533203125,303.1499938964844,285.1499938964844,0.0,-0.0,287.3946533203125,0.0,0.0,7.17222283128649e-05,297.7369689941406,303.1499938964844,285.1499938964844,0.0,-0.0,287.3946838378906,0.0,0.0,9.710609447211029e-05,298.0643615722656,303.1499938964844,285.1499938964844,0.0,-0.0,287.39471435546875,0.0,0.0,0.0004606294678524,287.3462219238281,294.1499938964844,287.2750244140625,285.8759155273437,287.64044189453125,287.4029846191406,287.3021850585937,0.0,0.0,0.0,0.0,1.0,1.0,-0.0009825419401749,3.822707927980673e-09,0.0009825380984693,-0.0090670594945549,0.0,0.0,0.0,-0.0067078941501677,60.0,-0.0088665429502725,-0.0,-6.582056499837563e-08,0.0,283.1598205566406,287.84234619140625,290.39013671875,290.6860046386719,293.1499938964844,293.1499938964844,278.1499938964844,0.0,18000.0,313.1499938964844,0.0,18000.0,0.0,0.0,0.0,0.0,0.0,0.0,0.0,0.0,0.0,-0.0,-0.0,-0.0,6.445913975451006e-21,3.222956987725503e-21,3.2229567857771112e-21,0.0,0.0,-0.0,0.0,0.0,0.0,0.0,0.0,0.0,0.0,0.0,0.0,4.0,0.0,0.0
12364380,297.9140930175781,303.1499938964844,285.1499938964844,0.0,-0.0,287.39361572265625,0.0,0.0,9.219391358783469e-05,297.8941345214844,303.1499938964844,285.1499938964844,0.0,-0.0,287.3935852050781,0.0,0.0,9.708463039714844e-05,297.9501342773437,303.1499938964844,285.1499938964844,0.0,-0.0,287.39361572265625,0.0,0.0,7.170638127718121e-05,297.7366027832031,303.1499938964844,285.1499938964844,0.0,-0.0,287.39361572265625,0.0,0.0,9.708463039714844e-05,298.0634155273437,303.1499938964844,285.1499938964844,0.0,-0.0,287.3936462402344,0.0,0.0,0.0004605276626534,287.3455505371094,294.1499938964844,287.25030517578125,285.8621826171875,287.6338195800781,287.3840026855469,287.3022766113281,0.0,0.0,0.0,0.0,1.0,1.0,-0.0009823245927691,3.797302028374361e-09,0.0009823207510635,-0.0090004932135343,0.0,0.0,0.0,-0.0066952994093298,60.0,-0.0256969984620809,-0.0,-6.579145406249154e-08,0.0,283.1598205566406,287.84234619140625,290.39013671875,290.6860046386719,293.1499938964844,293.1499938964844,278.1499938964844,0.0,18000.0,313.1499938964844,0.0,18000.0,0.0,0.0,0.0,0.0,0.0,0.0,0.0,0.0,0.0,-0.0,-0.0,-0.0,6.445913975451006e-21,3.222956987725503e-21,3.2229567857771112e-21,0.0,0.0,-0.0,0.0,0.0,0.0,0.0,0.0,0.0,0.0,0.0,0.0,4.0,0.0,0.0
12364440,297.9140930175781,303.1499938964844,285.1499938964844,0.0,-0.0,287.39361572265625,0.0,0.0,9.219391358783469e-05,297.8941345214844,303.1499938964844,285.1499938964844,0.0,-0.0,287.3935852050781,0.0,0.0,9.708463039714844e-05,297.9501342773437,303.1499938964844,285.1499938964844,0.0,-0.0,287.39361572265625,0.0,0.0,7.170638127718121e-05,297.7366027832031,303.1499938964844,285.1499938964844,0.0,-0.0,287.39361572265625,0.0,0.0,9.708463039714844e-05,298.0634155273437,303.1499938964844,285.1499938964844,0.0,-0.0,287.3936462402344,0.0,0.0,0.0004605276626534,287.3455505371094,294.1499938964844,287.25030517578125,285.8621826171875,287.6338195800781,287.3840026855469,287.3022766113281,0.0,0.0,0.0,0.0,1.0,1.0,-0.0009823245927691,3.797302028374361e-09,0.0009823207510635,-0.0090004932135343,0.0,0.0,0.0,-0.0066952994093298,60.0,-0.0256969984620809,-0.0,-6.579145406249154e-08,0.0,283.1598205566406,287.84234619140625,290.39013671875,290.6860046386719,293.1499938964844,293.1499938964844,278.1499938964844,0.0,18000.0,313.1499938964844,0.0,18000.0,0.0,0.0,0.0,0.0,0.0,0.0,0.0,0.0,0.0,-0.0,-0.0,-0.0,6.445913975451006e-21,3.222956987725503e-21,3.2229567857771112e-21,0.0,0.0,-0.0,0.0,0.0,0.0,0.0,0.0,0.0,0.0,0.0,0.0,4.0,0.0,0.0
12364500,297.9122314453125,303.1499938964844,285.1499938964844,0.0,-0.0,287.3930969238281,0.0,0.0,9.218526975018904e-05,297.89324951171875,303.1499938964844,285.1499938964844,0.0,-0.0,287.39306640625,0.0,0.0,9.707552817417307e-05,297.9491882324219,303.1499938964844,285.1499938964844,0.0,-0.0,287.39306640625,0.0,0.0,7.16996582923457e-05,297.7364196777344,303.1499938964844,285.1499938964844,0.0,-0.0,287.3930969238281,0.0,0.0,9.707552817417307e-05,298.0629272460937,303.1499938964844,285.1499938964844,0.0,-0.0,287.39312744140625,0.0,0.0,0.000460484472569,287.34521484375,294.1499938964844,287.2380676269531,285.85546875,287.63037109375,287.3742980957031,287.30230712890625,0.0,0.0,0.0,0.0,1.0,1.0,-0.0009822325082495,3.7865279800541884e-09,0.0009822286665439,-0.0089722629636526,0.0,0.0,0.0,-0.0066899578087031,60.0,-0.0340318754315376,-0.0,-6.57791119351714e-08,0.0,283.1598205566406,287.84234619140625,290.39013671875,290.6860046386719,293.1499938964844,293.1499938964844,278.1499938964844,0.0,18000.0,313.1499938964844,0.0,18000.0,0.0,0.0,0.0,0.0,0.0,0.0,0.0,0.0,0.0,-0.0,-0.0,-0.0,6.445913975451006e-21,3.222956987725503e-21,3.2229567857771112e-21,0.0,0.0,-0.0,0.0,0.0,0.0,0.0,0.0,0.0,0.0,0.0,0.0,4.0,0.0,0.0
12364560,297.9103698730469,303.1499938964844,285.1499938964844,0.0,-0.0,287.392578125,0.0,0.0,9.217771730618551e-05,297.8923645019531,303.1499938964844,285.1499938964844,0.0,-0.0,287.3925476074219,0.0,0.0,9.70675828284584e-05,297.9482421875,303.1499938964844,285.1499938964844,0.0,-0.0,287.3925476074219,0.0,0.0,7.169378659455106e-05,297.7362670898437,303.1499938964844,285.1499938964844,0.0,-0.0,287.3925476074219,0.0,0.0,9.706757555250078e-05,298.0624389648437,303.1499938964844,285.1499938964844,0.0,-0.0,287.3926086425781,0.0,0.0,0.0004604467831086,287.3448791503906,294.1499938964844,287.2260131835937,285.848876953125,287.6268615722656,287.36444091796875,287.3023681640625,0.0,0.0,0.0,0.0,1.0,1.0,-0.0009821519488468,3.777115953340626e-09,0.0009821482235565,-0.0089476015418767,0.0,0.0,0.0,-0.0066852918826043,60.0,-0.0422910377383232,-0.0,-6.57683330018699e-08,0.0,283.1598205566406,287.84234619140625,290.39013671875,290.6860046386719,293.1499938964844,293.1499938964844,278.1499938964844,0.0,18000.0,313.1499938964844,0.0,18000.0,0.0,0.0,0.0,0.0,0.0,0.0,0.0,0.0,0.0,-0.0,-0.0,-0.0,6.445913975451006e-21,3.222956987725503e-21,3.2229567857771112e-21,0.0,0.0,-0.0,0.0,0.0,0.0,0.0,0.0,0.0,0.0,0.0,0.0,4.0,0.0,0.0
12364620,297.9066772460937,303.1499938964844,285.1499938964844,0.0,-0.0,287.3915405273437,0.0,0.0,9.216598846251144e-05,297.8905639648437,303.1499938964844,285.1499938964844,0.0,-0.0,287.3915100097656,0.0,0.0,9.705522825242952e-05,297.94635009765625,303.1499938964844,285.1499938964844,0.0,-0.0,287.3915100097656,0.0,0.0,7.168465526774526e-05,297.7359313964844,303.1499938964844,285.1499938964844,0.0,-0.0,287.3915100097656,0.0,0.0,9.70552209764719e-05,298.0614318847656,303.1499938964844,285.1499938964844,0.0,-0.0,287.3915710449219,0.0,0.0,0.000460388167994,287.34423828125,294.1499938964844,287.2023620605469,285.836181640625,287.6195983886719,287.34442138671875,287.30242919921875,0.0,0.0,0.0,0.0,1.0,1.0,-0.0009820268023759,3.7624863225005364e-09,0.0009820230770856,-0.0089092701673507,0.0,0.0,0.0,-0.0066780396737158,60.0,-0.0584776252508163,-0.0,-6.575157840416068e-08,0.0,283.1598205566406,287.84234619140625,290.39013671875,290.6860046386719,293.1499938964844,293.1499938964844,278.1499938964844,0.0,18000.0,313.1499938964844,0.0,18000.0,0.0,0.0,0.0,0.0,0.0,0.0,0.0,0.0,0.0,-0.0,-0.0,-0.0,6.445913975451006e-21,3.222956987725503e-21,3.2229567857771112e-21,0.0,0.0,-0.0,0.0,0.0,0.0,0.0,0.0,0.0,0.0,0.0,0.0,4.0,0.0,0.0
12364680,297.9066772460937,303.1499938964844,285.1499938964844,0.0,-0.0,287.3915405273437,0.0,0.0,9.216598846251144e-05,297.8905639648437,303.1499938964844,285.1499938964844,0.0,-0.0,287.3915100097656,0.0,0.0,9.705522825242952e-05,297.94635009765625,303.1499938964844,285.1499938964844,0.0,-0.0,287.3915100097656,0.0,0.0,7.168465526774526e-05,297.7359313964844,303.1499938964844,285.1499938964844,0.0,-0.0,287.3915100097656,0.0,0.0,9.70552209764719e-05,298.0614318847656,303.1499938964844,285.1499938964844,0.0,-0.0,287.3915710449219,0.0,0.0,0.000460388167994,287.34423828125,294.1499938964844,287.2023620605469,285.836181640625,287.6195983886719,287.34442138671875,287.30242919921875,0.0,0.0,0.0,0.0,1.0,1.0,-0.0009820268023759,3.7624863225005364e-09,0.0009820230770856,-0.0089092701673507,0.0,0.0,0.0,-0.0066780396737158,60.0,-0.0584776252508163,-0.0,-6.575157840416068e-08,0.0,283.1598205566406,287.84234619140625,290.39013671875,290.6860046386719,293.1499938964844,293.1499938964844,278.1499938964844,0.0,18000.0,313.1499938964844,0.0,18000.0,0.0,0.0,0.0,0.0,0.0,0.0,0.0,0.0,0.0,-0.0,-0.0,-0.0,6.445913975451006e-21,3.222956987725503e-21,3.2229567857771112e-21,0.0,0.0,-0.0,0.0,0.0,0.0,0.0,0.0,0.0,0.0,0.0,0.0,4.0,0.0,0.0
12364740,297.90301513671875,303.1499938964844,285.1499938964844,0.0,-0.0,287.3905029296875,0.0,0.0,9.215805039275438e-05,297.88873291015625,303.1499938964844,285.1499938964844,0.0,-0.0,287.3905029296875,0.0,0.0,9.704686817713082e-05,297.9444274902344,303.1499938964844,285.1499938964844,0.0,-0.0,287.3905029296875,0.0,0.0,7.167848525568843e-05,297.7355651855469,303.1499938964844,285.1499938964844,0.0,-0.0,287.3905029296875,0.0,0.0,9.704686817713082e-05,298.0604553222656,303.1499938964844,285.1499938964844,0.0,-0.0,287.3905334472656,0.0,0.0,0.000460348528577,287.3435974121094,294.1499938964844,287.1796264648437,285.8243103027344,287.612060546875,287.3240661621094,287.3025207519531,0.0,0.0,0.0,0.0,1.0,1.0,-0.0009819421684369,3.752587129923768e-09,0.0009819384431466,-0.0088833328336477,0.0,0.0,0.0,-0.0066731320694088,60.0,-0.0741991624236106,-0.0,-6.574023814209795e-08,0.0,283.1598205566406,287.84234619140625,290.39013671875,290.6860046386719,293.1499938964844,293.1499938964844,278.1499938964844,0.0,18000.0,313.1499938964844,0.0,18000.0,0.0,0.0,0.0,0.0,0.0,0.0,0.0,0.0,0.0,-0.0,-0.0,-0.0,6.445913975451006e-21,3.222956987725503e-21,3.2229567857771112e-21,0.0,0.0,-0.0,0.0,0.0,0.0,0.0,0.0,0.0,0.0,0.0,0.0,4.0,0.0,0.0
12364800,297.90301513671875,303.1499938964844,285.1499938964844,0.0,-0.0,287.3905029296875,0.0,0.0,9.215805039275438e-05,297.88873291015625,303.1499938964844,285.1499938964844,0.0,-0.0,287.3905029296875,0.0,0.0,9.704686817713082e-05,297.9444274902344,303.1499938964844,285.1499938964844,0.0,-0.0,287.3905029296875,0.0,0.0,7.167848525568843e-05,297.7355651855469,303.1499938964844,285.1499938964844,0.0,-0.0,287.3905029296875,0.0,0.0,9.704686817713082e-05,298.0604553222656,303.1499938964844,285.1499938964844,0.0,-0.0,287.3905334472656,0.0,0.0,0.000460348528577,287.3435974121094,294.1499938964844,287.1796264648437,285.8243103027344,287.612060546875,287.3240661621094,287.3025207519531,0.0,0.0,0.0,0.0,1.0,1.0,-0.0009819421684369,3.752587129923768e-09,0.0009819384431466,-0.0088833328336477,0.0,0.0,0.0,-0.0066731320694088,60.0,-0.0741991624236106,-0.0,-6.574023814209795e-08,0.0,283.1598205566406,287.84234619140625,290.39013671875,290.6860046386719,293.1499938964844,293.1499938964844,278.1499938964844,0.0,18000.0,313.1499938964844,0.0,18000.0,0.0,0.0,0.0,0.0,0.0,0.0,0.0,0.0,0.0,-0.0,-0.0,-0.0,6.445913975451006e-21,3.222956987725503e-21,3.2229567857771112e-21,0.0,0.0,-0.0,0.0,0.0,0.0,0.0,0.0,0.0,0.0,0.0,0.0,4.0,0.0,0.0
12364860,297.8993835449219,303.1499938964844,285.1499938964844,0.0,-0.0,287.3894958496094,0.0,0.0,9.215419413521886e-05,297.88690185546875,303.1499938964844,285.1499938964844,0.0,-0.0,287.38946533203125,0.0,0.0,9.70428081927821e-05,297.9425048828125,303.1499938964844,285.1499938964844,0.0,-0.0,287.38946533203125,0.0,0.0,7.167548756115139e-05,297.7352294921875,303.1499938964844,285.1499938964844,0.0,-0.0,287.3894958496094,0.0,0.0,9.70428081927821e-05,298.0594482421875,303.1499938964844,285.1499938964844,0.0,-0.0,287.3895263671875,0.0,0.0,0.0004603292618412,287.3429870605469,294.1499938964844,287.1579895019531,285.8134765625,287.60430908203125,287.3035888671875,287.3025817871094,0.0,0.0,0.0,0.0,1.0,1.0,-0.000981900957413,3.747773646978203e-09,0.0009818972321227,-0.0088707208633422,0.0,0.0,0.0,-0.0066707455553114,60.0,-0.0892493426799774,-0.0,-6.573473143589581e-08,0.0,283.1598205566406,287.84234619140625,290.39013671875,290.6860046386719,293.1499938964844,293.1499938964844,278.1499938964844,0.0,18000.0,313.1499938964844,0.0,18000.0,0.0,0.0,0.0,0.0,0.0,0.0,0.0,0.0,0.0,-0.0,-0.0,-0.0,6.445913975451006e-21,3.222956987725503e-21,3.2229567857771112e-21,0.0,0.0,-0.0,0.0,0.0,0.0,0.0,0.0,0.0,0.0,0.0,0.0,4.0,0.0,0.0
12364920,297.8993835449219,303.1499938964844,285.1499938964844,0.0,-0.0,287.3894958496094,0.0,0.0,9.215419413521886e-05,297.88690185546875,303.1499938964844,285.1499938964844,0.0,-0.0,287.38946533203125,0.0,0.0,9.70428081927821e-05,297.9425048828125,303.1499938964844,285.1499938964844,0.0,-0.0,287.38946533203125,0.0,0.0,7.167548756115139e-05,297.7352294921875,303.1499938964844,285.1499938964844,0.0,-0.0,287.3894958496094,0.0,0.0,9.70428081927821e-05,298.0594482421875,303.1499938964844,285.1499938964844,0.0,-0.0,287.3895263671875,0.0,0.0,0.0004603292618412,287.3429870605469,294.1499938964844,287.1579895019531,285.8134765625,287.60430908203125,287.3035888671875,287.3025817871094,0.0,0.0,0.0,0.0,1.0,1.0,-0.000981900957413,3.747773646978203e-09,0.0009818972321227,-0.0088707208633422,0.0,0.0,0.0,-0.0066707455553114,60.0,-0.0892493426799774,-0.0,-6.573473143589581e-08,0.0,283.1598205566406,287.84234619140625,290.39013671875,290.6860046386719,293.1499938964844,293.1499938964844,278.1499938964844,0.0,18000.0,313.1499938964844,0.0,18000.0,0.0,0.0,0.0,0.0,0.0,0.0,0.0,0.0,0.0,-0.0,-0.0,-0.0,6.445913975451006e-21,3.222956987725503e-21,3.2229567857771112e-21,0.0,0.0,-0.0,0.0,0.0,0.0,0.0,0.0,0.0,0.0,0.0,0.0,4.0,0.0,0.0
12364980,297.8958435058594,303.1499938964844,285.1499938964844,0.0,-0.0,287.38848876953125,0.0,0.0,9.215387399308383e-05,297.88507080078125,303.1499938964844,285.1499938964844,0.0,-0.0,287.38848876953125,0.0,0.0,9.704247349873184e-05,297.9405517578125,303.1499938964844,285.1499938964844,0.0,-0.0,287.38848876953125,0.0,0.0,7.16752401785925e-05,297.73486328125,303.1499938964844,285.1499938964844,0.0,-0.0,287.38848876953125,0.0,0.0,9.704247349873184e-05,298.0584411621094,303.1499938964844,285.1499938964844,0.0,-0.0,287.3885192871094,0.0,0.0,0.0004603276902344,287.34234619140625,294.1499938964844,287.1376953125,285.8039245605469,287.5963439941406,287.2830810546875,287.3026428222656,0.0,0.0,0.0,0.0,1.0,1.0,-0.0009818974649533,3.747365528994351e-09,0.000981893739663,-0.0088696517050266,0.0,0.0,0.0,-0.0066705434583127,60.0,-0.1034741029143333,-0.0,-6.573426247769022e-08,0.0,283.1598205566406,287.84234619140625,290.39013671875,290.6860046386719,293.1499938964844,293.1499938964844,278.1499938964844,0.0,18000.0,313.1499938964844,0.0,18000.0,0.0,0.0,0.0,0.0,0.0,0.0,0.0,0.0,0.0,-0.0,-0.0,-0.0,6.445913975451006e-21,3.222956987725503e-21,3.2229567857771112e-21,0.0,0.0,-0.0,0.0,0.0,0.0,0.0,0.0,0.0,0.0,0.0,0.0,4.0,0.0,0.0
12365040,297.8958435058594,303.1499938964844,285.1499938964844,0.0,-0.0,287.38848876953125,0.0,0.0,9.215387399308383e-05,297.88507080078125,303.1499938964844,285.1499938964844,0.0,-0.0,287.38848876953125,0.0,0.0,9.704247349873184e-05,297.9405517578125,303.1499938964844,285.1499938964844,0.0,-0.0,287.38848876953125,0.0,0.0,7.16752401785925e-05,297.73486328125,303.1499938964844,285.1499938964844,0.0,-0.0,287.38848876953125,0.0,0.0,9.704247349873184e-05,298.0584411621094,303.1499938964844,285.1499938964844,0.0,-0.0,287.3885192871094,0.0,0.0,0.0004603276902344,287.34234619140625,294.1499938964844,287.1376953125,285.8039245605469,287.5963439941406,287.2830810546875,287.3026428222656,0.0,0.0,0.0,0.0,1.0,1.0,-0.0009818974649533,3.747365528994351e-09,0.000981893739663,-0.0088696517050266,0.0,0.0,0.0,-0.0066705434583127,60.0,-0.1034741029143333,-0.0,-6.573426247769022e-08,0.0,283.1598205566406,287.84234619140625,290.39013671875,290.6860046386719,293.1499938964844,293.1499938964844,278.1499938964844,0.0,18000.0,313.1499938964844,0.0,18000.0,0.0,0.0,0.0,0.0,0.0,0.0,0.0,0.0,0.0,-0.0,-0.0,-0.0,6.445913975451006e-21,3.222956987725503e-21,3.2229567857771112e-21,0.0,0.0,-0.0,0.0,0.0,0.0,0.0,0.0,0.0,0.0,0.0,0.0,4.0,0.0,0.0
12365100,297.89410400390625,303.1499938964844,285.1499938964844,0.0,-0.0,287.38800048828125,0.0,0.0,9.21548780752346e-05,297.8841247558594,303.1499938964844,285.1499938964844,0.0,-0.0,287.3879699707031,0.0,0.0,9.704352851258592e-05,297.9395751953125,303.1499938964844,285.1499938964844,0.0,-0.0,287.3879699707031,0.0,0.0,7.167601870605722e-05,297.7346496582031,303.1499938964844,285.1499938964844,0.0,-0.0,287.3879699707031,0.0,0.0,9.704352851258592e-05,298.0579528808594,303.1499938964844,285.1499938964844,0.0,-0.0,287.3880310058594,0.0,0.0,0.0004603326960932,287.342041015625,294.1499938964844,287.12811279296875,285.7996826171875,287.5922546386719,287.2728576660156,287.3026733398437,0.0,0.0,0.0,0.0,1.0,1.0,-0.0009819080587476,3.74861075513877e-09,0.0009819043334573,-0.0088729141280055,0.0,0.0,0.0,-0.0066711604595184,60.0,-0.1102200374007225,-0.0,-6.573568356316174e-08,0.0,283.1598205566406,287.84234619140625,290.39013671875,290.6860046386719,293.1499938964844,293.1499938964844,278.1499938964844,0.0,18000.0,313.1499938964844,0.0,18000.0,0.0,0.0,0.0,0.0,0.0,0.0,0.0,0.0,0.0,-0.0,-0.0,-0.0,6.445913975451006e-21,3.222956987725503e-21,3.2229567857771112e-21,0.0,0.0,-0.0,0.0,0.0,0.0,0.0,0.0,0.0,0.0,0.0,0.0,4.0,0.0,0.0
12365160,297.89239501953125,303.1499938964844,285.1499938964844,0.0,-0.0,287.38751220703125,0.0,0.0,9.215664613293484e-05,297.8832092285156,303.1499938964844,285.1499938964844,0.0,-0.0,287.3874816894531,0.0,0.0,9.704539115773514e-05,297.9385986328125,303.1499938964844,285.1499938964844,0.0,-0.0,287.3874816894531,0.0,0.0,7.16773938620463e-05,297.7344665527344,303.1499938964844,285.1499938964844,0.0,-0.0,287.3874816894531,0.0,0.0,9.704539115773514e-05,298.05743408203125,303.1499938964844,285.1499938964844,0.0,-0.0,287.3875427246094,0.0,0.0,0.0004603415145538,287.3417358398437,294.1499938964844,287.11895751953125,285.7958374023437,287.588134765625,287.2627258300781,287.3027038574219,0.0,0.0,0.0,0.0,1.0,1.0,-0.0009819269180297,3.750805444013849e-09,0.0009819231927394,-0.0088786650449037,0.0,0.0,0.0,-0.0066722487099468,60.0,-0.1167099103331565,-0.0,-6.573819888444632e-08,0.0,283.1598205566406,287.84234619140625,290.39013671875,290.6860046386719,293.1499938964844,293.1499938964844,278.1499938964844,0.0,18000.0,313.1499938964844,0.0,18000.0,0.0,0.0,0.0,0.0,0.0,0.0,0.0,0.0,0.0,-0.0,-0.0,-0.0,6.445913975451006e-21,3.222956987725503e-21,3.2229567857771112e-21,0.0,0.0,-0.0,0.0,0.0,0.0,0.0,0.0,0.0,0.0,0.0,0.0,4.0,0.0,0.0
12365220,297.8890380859375,303.1499938964844,285.1499938964844,0.0,-0.0,287.38653564453125,0.0,0.0,9.21620667213574e-05,297.8813171386719,303.1499938964844,285.1499938964844,0.0,-0.0,287.3865051269531,0.0,0.0,9.705109550850466e-05,297.9366455078125,303.1499938964844,285.1499938964844,0.0,-0.0,287.3865051269531,0.0,0.0,7.168160664150491e-05,297.7340087890625,303.1499938964844,285.1499938964844,0.0,-0.0,287.3865051269531,0.0,0.0,9.705109550850466e-05,298.0564270019531,303.1499938964844,285.1499938964844,0.0,-0.0,287.3865661621094,0.0,0.0,0.0004603685811161,287.3411560058594,294.1499938964844,287.1019897460937,285.7894592285156,287.5798034667969,287.24267578125,287.3027648925781,0.0,0.0,0.0,0.0,1.0,1.0,-0.000981984543614,3.757543609594904e-09,0.0009819807019084,-0.0088963201269507,0.0,0.0,0.0,-0.0066755888983607,60.0,-0.1288526952266693,-0.0,-6.574591537855667e-08,0.0,283.1598205566406,287.84234619140625,290.39013671875,290.6860046386719,293.1499938964844,293.1499938964844,278.1499938964844,0.0,18000.0,313.1499938964844,0.0,18000.0,0.0,0.0,0.0,0.0,0.0,0.0,0.0,0.0,0.0,-0.0,-0.0,-0.0,6.445913975451006e-21,3.222956987725503e-21,3.2229567857771112e-21,0.0,0.0,-0.0,0.0,0.0,0.0,0.0,0.0,0.0,0.0,0.0,0.0,4.0,0.0,0.0
12365280,297.8890380859375,303.1499938964844,285.1499938964844,0.0,-0.0,287.38653564453125,0.0,0.0,9.21620667213574e-05,297.8813171386719,303.1499938964844,285.1499938964844,0.0,-0.0,287.3865051269531,0.0,0.0,9.705109550850466e-05,297.9366455078125,303.1499938964844,285.1499938964844,0.0,-0.0,287.3865051269531,0.0,0.0,7.168160664150491e-05,297.7340087890625,303.1499938964844,285.1499938964844,0.0,-0.0,287.3865051269531,0.0,0.0,9.705109550850466e-05,298.0564270019531,303.1499938964844,285.1499938964844,0.0,-0.0,287.3865661621094,0.0,0.0,0.0004603685811161,287.3411560058594,294.1499938964844,287.1019897460937,285.7894592285156,287.5798034667969,287.24267578125,287.3027648925781,0.0,0.0,0.0,0.0,1.0,1.0,-0.000981984543614,3.757543609594904e-09,0.0009819807019084,-0.0088963201269507,0.0,0.0,0.0,-0.0066755888983607,60.0,-0.1288526952266693,-0.0,-6.574591537855667e-08,0.0,283.1598205566406,287.84234619140625,290.39013671875,290.6860046386719,293.1499938964844,293.1499938964844,278.1499938964844,0.0,18000.0,313.1499938964844,0.0,18000.0,0.0,0.0,0.0,0.0,0.0,0.0,0.0,0.0,0.0,-0.0,-0.0,-0.0,6.445913975451006e-21,3.222956987725503e-21,3.2229567857771112e-21,0.0,0.0,-0.0,0.0,0.0,0.0,0.0,0.0,0.0,0.0,0.0,0.0,4.0,0.0,0.0
12365340,297.88592529296875,303.1499938964844,285.1499938964844,0.0,-0.0,287.3855895996094,0.0,0.0,9.216889156959952e-05,297.8795471191406,303.1499938964844,285.1499938964844,0.0,-0.0,287.38555908203125,0.0,0.0,9.705829143058509e-05,297.93475341796875,303.1499938964844,285.1499938964844,0.0,-0.0,287.3855895996094,0.0,0.0,7.168691809056327e-05,297.73358154296875,303.1499938964844,285.1499938964844,0.0,-0.0,287.3855895996094,0.0,0.0,9.705828415462749e-05,298.0554504394531,303.1499938964844,285.1499938964844,0.0,-0.0,287.3856201171875,0.0,0.0,0.0004604026908054,287.340576171875,294.1499938964844,287.08758544921875,285.7850952148437,287.5716857910156,287.22393798828125,287.30279541015625,0.0,0.0,0.0,0.0,1.0,1.0,-0.0009820571867749,3.766041700714595e-09,0.0009820533450692,-0.0089185861870646,0.0,0.0,0.0,-0.006679801736027,60.0,-0.1393366605043411,-0.0,-6.57556498140366e-08,0.0,283.1598205566406,287.84234619140625,290.39013671875,290.6860046386719,293.1499938964844,293.1499938964844,278.1499938964844,0.0,18000.0,313.1499938964844,0.0,18000.0,0.0,0.0,0.0,0.0,0.0,0.0,0.0,0.0,0.0,-0.0,-0.0,-0.0,6.445913975451006e-21,3.222956987725503e-21,3.2229567857771112e-21,0.0,0.0,-0.0,0.0,0.0,0.0,0.0,0.0,0.0,0.0,0.0,0.0,4.0,0.0,0.0
12365400,297.88580322265625,303.1499938964844,285.1499938964844,0.0,-0.0,287.38555908203125,0.0,0.0,9.216921171173452e-05,297.87945556640625,303.1499938964844,285.1499938964844,0.0,-0.0,287.3855285644531,0.0,0.0,9.705862612463534e-05,297.9346923828125,303.1499938964844,285.1499938964844,0.0,-0.0,287.3855285644531,0.0,0.0,7.168716547312215e-05,297.7335510253906,303.1499938964844,285.1499938964844,0.0,-0.0,287.3855285644531,0.0,0.0,9.705862612463534e-05,298.055419921875,303.1499938964844,285.1499938964844,0.0,-0.0,287.3855895996094,0.0,0.0,0.0004604042915161,287.3405456542969,294.1499938964844,287.0870361328125,285.78497314453125,287.57135009765625,287.22314453125,287.30279541015625,0.0,0.0,0.0,0.0,1.0,1.0,-0.0009820605628192,3.766439160557411e-09,0.0009820568375289,-0.0089196283370256,0.0,0.0,0.0,-0.0066799987107515,60.0,-0.1397520750761032,-0.0,-6.575610456138747e-08,0.0,283.1598205566406,287.84234619140625,290.39013671875,290.6860046386719,293.1499938964844,293.1499938964844,278.1499938964844,0.0,18000.0,313.1499938964844,0.0,18000.0,0.0,0.0,0.0,0.0,0.0,0.0,0.0,0.0,0.0,-0.0,-0.0,-0.0,6.445913975451006e-21,3.222956987725503e-21,3.2229567857771112e-21,0.0,0.0,-0.0,0.0,0.0,0.0,0.0,0.0,0.0,0.0,0.0,0.0,4.0,0.0,0.0
12365460,297.8826599121094,303.1499938964844,285.1499938964844,0.0,-0.0,287.3846130371094,0.0,0.0,9.217759361490609e-05,297.8775939941406,303.1499938964844,285.1499938964844,0.0,-0.0,287.38458251953125,0.0,0.0,9.706745186122134e-05,297.9327392578125,303.1499938964844,285.1499938964844,0.0,-0.0,287.38458251953125,0.0,0.0,7.169368473114446e-05,297.7330322265625,303.1499938964844,285.1499938964844,0.0,-0.0,287.38458251953125,0.0,0.0,9.706745186122134e-05,298.0544128417969,303.1499938964844,285.1499938964844,0.0,-0.0,287.3846130371094,0.0,0.0,0.0004604461719281,287.3399658203125,294.1499938964844,287.0743103027344,285.7825927734375,287.56280517578125,287.2043762207031,287.3028259277344,0.0,0.0,0.0,0.0,1.0,1.0,-0.0009821497369557,3.776869927918369e-09,0.0009821460116654,-0.0089469579979777,0.0,0.0,0.0,-0.006685169879347,60.0,-0.1491985023021698,-0.0,-6.57680487847756e-08,0.0,283.1598205566406,287.84234619140625,290.39013671875,290.6860046386719,293.1499938964844,293.1499938964844,278.1499938964844,0.0,18000.0,313.1499938964844,0.0,18000.0,0.0,0.0,0.0,0.0,0.0,0.0,0.0,0.0,0.0,-0.0,-0.0,-0.0,6.445913975451006e-21,3.222956987725503e-21,3.2229567857771112e-21,0.0,0.0,-0.0,0.0,0.0,0.0,0.0,0.0,0.0,0.0,0.0,0.0,4.0,0.0,0.0
12365520,297.8826599121094,303.1499938964844,285.1499938964844,0.0,-0.0,287.3846130371094,0.0,0.0,9.217759361490609e-05,297.8775939941406,303.1499938964844,285.1499938964844,0.0,-0.0,287.38458251953125,0.0,0.0,9.706745186122134e-05,297.9327392578125,303.1499938964844,285.1499938964844,0.0,-0.0,287.38458251953125,0.0,0.0,7.169368473114446e-05,297.7330322265625,303.1499938964844,285.1499938964844,0.0,-0.0,287.38458251953125,0.0,0.0,9.706745186122134e-05,298.0544128417969,303.1499938964844,285.1499938964844,0.0,-0.0,287.3846130371094,0.0,0.0,0.0004604461719281,287.3399658203125,294.1499938964844,287.0743103027344,285.7825927734375,287.56280517578125,287.2043762207031,287.3028259277344,0.0,0.0,0.0,0.0,1.0,1.0,-0.0009821497369557,3.776869927918369e-09,0.0009821460116654,-0.0089469579979777,0.0,0.0,0.0,-0.006685169879347,60.0,-0.1491985023021698,-0.0,-6.57680487847756e-08,0.0,283.1598205566406,287.84234619140625,290.39013671875,290.6860046386719,293.1499938964844,293.1499938964844,278.1499938964844,0.0,18000.0,313.1499938964844,0.0,18000.0,0.0,0.0,0.0,0.0,0.0,0.0,0.0,0.0,0.0,-0.0,-0.0,-0.0,6.445913975451006e-21,3.222956987725503e-21,3.2229567857771112e-21,0.0,0.0,-0.0,0.0,0.0,0.0,0.0,0.0,0.0,0.0,0.0,0.0,4.0,0.0,0.0
12365580,297.8796691894531,303.1499938964844,285.1499938964844,0.0,-0.0,287.3836669921875,0.0,0.0,9.218639752361923e-05,297.8757629394531,303.1499938964844,285.1499938964844,0.0,-0.0,287.3836364746094,0.0,0.0,9.70767214312218e-05,297.9307861328125,303.1499938964844,285.1499938964844,0.0,-0.0,287.3836364746094,0.0,0.0,7.17005314072594e-05,297.732421875,303.1499938964844,285.1499938964844,0.0,-0.0,287.3836364746094,0.0,0.0,9.70767214312218e-05,298.05340576171875,303.1499938964844,285.1499938964844,0.0,-0.0,287.3836669921875,0.0,0.0,0.0004604901187121,287.3393859863281,294.1499938964844,287.0639953613281,285.7825622558594,287.55419921875,287.1864929199219,287.3028564453125,0.0,0.0,0.0,0.0,1.0,1.0,-0.0009822434512898,3.78782649690379e-09,0.0009822397259995,-0.0089756650850176,0.0,0.0,0.0,-0.0066906013526022,60.0,-0.1571026146411895,-0.0,-6.578059696948912e-08,0.0,283.1598205566406,287.84234619140625,290.39013671875,290.6860046386719,293.1499938964844,293.1499938964844,278.1499938964844,0.0,18000.0,313.1499938964844,0.0,18000.0,0.0,0.0,0.0,0.0,0.0,0.0,0.0,0.0,0.0,-0.0,-0.0,-0.0,6.445913975451006e-21,3.222956987725503e-21,3.2229567857771112e-21,0.0,0.0,-0.0,0.0,0.0,0.0,0.0,0.0,0.0,0.0,0.0,0.0,4.0,0.0,0.0
12365640,297.8796691894531,303.1499938964844,285.1499938964844,0.0,-0.0,287.3836669921875,0.0,0.0,9.218639752361923e-05,297.8757629394531,303.1499938964844,285.1499938964844,0.0,-0.0,287.3836364746094,0.0,0.0,9.70767214312218e-05,297.9307861328125,303.1499938964844,285.1499938964844,0.0,-0.0,287.3836364746094,0.0,0.0,7.17005314072594e-05,297.732421875,303.1499938964844,285.1499938964844,0.0,-0.0,287.3836364746094,0.0,0.0,9.70767214312218e-05,298.05340576171875,303.1499938964844,285.1499938964844,0.0,-0.0,287.3836669921875,0.0,0.0,0.0004604901187121,287.3393859863281,294.1499938964844,287.0639953613281,285.7825622558594,287.55419921875,287.1864929199219,287.3028564453125,0.0,0.0,0.0,0.0,1.0,1.0,-0.0009822434512898,3.78782649690379e-09,0.0009822397259995,-0.0089756650850176,0.0,0.0,0.0,-0.0066906013526022,60.0,-0.1571026146411895,-0.0,-6.578059696948912e-08,0.0,283.1598205566406,287.84234619140625,290.39013671875,290.6860046386719,293.1499938964844,293.1499938964844,278.1499938964844,0.0,18000.0,313.1499938964844,0.0,18000.0,0.0,0.0,0.0,0.0,0.0,0.0,0.0,0.0,0.0,-0.0,-0.0,-0.0,6.445913975451006e-21,3.222956987725503e-21,3.2229567857771112e-21,0.0,0.0,-0.0,0.0,0.0,0.0,0.0,0.0,0.0,0.0,0.0,0.0,4.0,0.0,0.0
12365700,297.87823486328125,303.1499938964844,285.1499938964844,0.0,-0.0,287.3831787109375,0.0,0.0,9.219074854627252e-05,297.87481689453125,303.1499938964844,285.1499938964844,0.0,-0.0,287.3831481933594,0.0,0.0,9.708130528451876e-05,297.9298400878906,303.1499938964844,285.1499938964844,0.0,-0.0,287.3831481933594,0.0,0.0,7.170392200350761e-05,297.73211669921875,303.1499938964844,285.1499938964844,0.0,-0.0,287.3831787109375,0.0,0.0,9.708130528451876e-05,298.05291748046875,303.1499938964844,285.1499938964844,0.0,-0.0,287.3832092285156,0.0,0.0,0.0004605118883773,287.339111328125,294.1499938964844,287.0598449707031,285.78350830078125,287.5498962402344,287.1780090332031,287.3028869628906,0.0,0.0,0.0,0.0,1.0,1.0,-0.0009822897845879,3.793243941174751e-09,0.0009822860592976,-0.0089898603036999,0.0,0.0,0.0,-0.0066932872869074,60.0,-0.160384714603424,-0.0,-6.578680711299968e-08,0.0,283.1598205566406,287.84234619140625,290.39013671875,290.6860046386719,293.1499938964844,293.1499938964844,278.1499938964844,0.0,18000.0,313.1499938964844,0.0,18000.0,0.0,0.0,0.0,0.0,0.0,0.0,0.0,0.0,0.0,-0.0,-0.0,-0.0,6.445913975451006e-21,3.222956987725503e-21,3.2229567857771112e-21,0.0,0.0,-0.0,0.0,0.0,0.0,0.0,0.0,0.0,0.0,0.0,0.0,4.0,0.0,0.0
12365760,297.8768615722656,303.1499938964844,285.1499938964844,0.0,-0.0,287.3827209472656,0.0,0.0,9.21949467738159e-05,297.8739013671875,303.1499938964844,285.1499938964844,0.0,-0.0,287.3826904296875,0.0,0.0,9.708572179079056e-05,297.92889404296875,303.1499938964844,285.1499938964844,0.0,-0.0,287.3826904296875,0.0,0.0,7.170718163251877e-05,297.7317810058594,303.1499938964844,285.1499938964844,0.0,-0.0,287.3826904296875,0.0,0.0,9.708572179079056e-05,298.0523986816406,303.1499938964844,285.1499938964844,0.0,-0.0,287.3827514648437,0.0,0.0,0.0004605328431352,287.3388366699219,294.1499938964844,287.0563659667969,285.7850952148437,287.54559326171875,287.1698303222656,287.3028869628906,0.0,0.0,0.0,0.0,1.0,1.0,-0.0009823344880715,3.7984668743717975e-09,0.0009823306463658,-0.0090035451576113,0.0,0.0,0.0,-0.0066958763636648,60.0,-0.1632374376058578,-0.0,-6.579278988283478e-08,0.0,283.1598205566406,287.84234619140625,290.39013671875,290.6860046386719,293.1499938964844,293.1499938964844,278.1499938964844,0.0,18000.0,313.1499938964844,0.0,18000.0,0.0,0.0,0.0,0.0,0.0,0.0,0.0,0.0,0.0,-0.0,-0.0,-0.0,6.445913975451006e-21,3.222956987725503e-21,3.2229567857771112e-21,0.0,0.0,-0.0,0.0,0.0,0.0,0.0,0.0,0.0,0.0,0.0,0.0,4.0,0.0,0.0
12365820,297.8741760253906,303.1499938964844,285.1499938964844,0.0,-0.0,287.3817749023437,0.0,0.0,9.220250649377704e-05,297.8721008300781,303.1499938964844,285.1499938964844,0.0,-0.0,287.3817749023437,0.0,0.0,9.709368168842047e-05,297.927001953125,303.1499938964844,285.1499938964844,0.0,-0.0,287.3817749023437,0.0,0.0,7.171306060627103e-05,297.73101806640625,303.1499938964844,285.1499938964844,0.0,-0.0,287.3817749023437,0.0,0.0,9.709368168842047e-05,298.0514221191406,303.1499938964844,285.1499938964844,0.0,-0.0,287.3818054199219,0.0,0.0,0.0004605705908033,287.3382568359375,294.1499938964844,287.0516357421875,285.7903747558594,287.5370483398437,287.1544494628906,287.3028869628906,0.0,0.0,0.0,0.0,1.0,1.0,-0.0009824149310588,3.807874016104051e-09,0.0009824110893532,-0.0090281935408711,0.0,0.0,0.0,-0.0067005399614572,60.0,-0.1676064878702163,-0.0,-6.580356881613626e-08,0.0,283.1598205566406,287.84234619140625,290.39013671875,290.6860046386719,293.1499938964844,293.1499938964844,278.1499938964844,0.0,18000.0,313.1499938964844,0.0,18000.0,0.0,0.0,0.0,0.0,0.0,0.0,0.0,0.0,0.0,-0.0,-0.0,-0.0,6.445913975451006e-21,3.222956987725503e-21,3.2229567857771112e-21,0.0,0.0,-0.0,0.0,0.0,0.0,0.0,0.0,0.0,0.0,0.0,0.0,4.0,0.0,0.0
12365880,297.8741760253906,303.1499938964844,285.1499938964844,0.0,-0.0,287.3817749023437,0.0,0.0,9.220250649377704e-05,297.8721008300781,303.1499938964844,285.1499938964844,0.0,-0.0,287.3817749023437,0.0,0.0,9.709368168842047e-05,297.927001953125,303.1499938964844,285.1499938964844,0.0,-0.0,287.3817749023437,0.0,0.0,7.171306060627103e-05,297.73101806640625,303.1499938964844,285.1499938964844,0.0,-0.0,287.3817749023437,0.0,0.0,9.709368168842047e-05,298.0514221191406,303.1499938964844,285.1499938964844,0.0,-0.0,287.3818054199219,0.0,0.0,0.0004605705908033,287.3382568359375,294.1499938964844,287.0516357421875,285.7903747558594,287.5370483398437,287.1544494628906,287.3028869628906,0.0,0.0,0.0,0.0,1.0,1.0,-0.0009824149310588,3.807874016104051e-09,0.0009824110893532,-0.0090281935408711,0.0,0.0,0.0,-0.0067005399614572,60.0,-0.1676064878702163,-0.0,-6.580356881613626e-08,0.0,283.1598205566406,287.84234619140625,290.39013671875,290.6860046386719,293.1499938964844,293.1499938964844,278.1499938964844,0.0,18000.0,313.1499938964844,0.0,18000.0,0.0,0.0,0.0,0.0,0.0,0.0,0.0,0.0,0.0,-0.0,-0.0,-0.0,6.445913975451006e-21,3.222956987725503e-21,3.2229567857771112e-21,0.0,0.0,-0.0,0.0,0.0,0.0,0.0,0.0,0.0,0.0,0.0,0.0,4.0,0.0,0.0
12365940,297.8716735839844,303.1499938964844,285.1499938964844,0.0,-0.0,287.380859375,0.0,0.0,9.220851643476637e-05,297.8703308105469,303.1499938964844,285.1499938964844,0.0,-0.0,287.380859375,0.0,0.0,9.71000117715448e-05,297.9251403808594,303.1499938964844,285.1499938964844,0.0,-0.0,287.380859375,0.0,0.0,7.171773904701695e-05,297.7301940917969,303.1499938964844,285.1499938964844,0.0,-0.0,287.380859375,0.0,0.0,9.71000117715448e-05,298.0504455566406,303.1499938964844,285.1499938964844,0.0,-0.0,287.3808898925781,0.0,0.0,0.0004606006259564,287.33770751953125,294.1499938964844,287.04998779296875,285.79864501953125,287.5285949707031,287.14068603515625,287.30291748046875,0.0,0.0,0.0,0.0,1.0,1.0,-0.0009824789594858,3.815355587022395e-09,0.0009824751177802,-0.0090477960184216,0.0,0.0,0.0,-0.0067042489536106,60.0,-0.1699025481939315,-0.0,-6.581213796152954e-08,0.0,283.1598205566406,287.84234619140625,290.39013671875,290.6860046386719,293.1499938964844,293.1499938964844,278.1499938964844,0.0,18000.0,313.1499938964844,0.0,18000.0,0.0,0.0,0.0,0.0,0.0,0.0,0.0,0.0,0.0,-0.0,-0.0,-0.0,6.445913975451006e-21,3.222956987725503e-21,3.2229567857771112e-21,0.0,0.0,-0.0,0.0,0.0,0.0,0.0,0.0,0.0,0.0,0.0,0.0,4.0,0.0,0.0
12366000,297.8716735839844,303.1499938964844,285.1499938964844,0.0,-0.0,287.380859375,0.0,0.0,9.220851643476637e-05,297.8703308105469,303.1499938964844,285.1499938964844,0.0,-0.0,287.380859375,0.0,0.0,9.71000117715448e-05,297.9251403808594,303.1499938964844,285.1499938964844,0.0,-0.0,287.380859375,0.0,0.0,7.171773904701695e-05,297.7301940917969,303.1499938964844,285.1499938964844,0.0,-0.0,287.380859375,0.0,0.0,9.71000117715448e-05,298.0504455566406,303.1499938964844,285.1499938964844,0.0,-0.0,287.3808898925781,0.0,0.0,0.0004606006259564,287.33770751953125,294.1499938964844,287.04998779296875,285.79864501953125,287.5285949707031,287.14068603515625,287.30291748046875,0.0,0.0,0.0,0.0,1.0,1.0,-0.0009824789594858,3.815355587022395e-09,0.0009824751177802,-0.0090477960184216,0.0,0.0,0.0,-0.0067042489536106,60.0,-0.1699025481939315,-0.0,-6.581213796152954e-08,0.0,283.1598205566406,287.84234619140625,290.39013671875,290.6860046386719,293.1499938964844,293.1499938964844,278.1499938964844,0.0,18000.0,313.1499938964844,0.0,18000.0,0.0,0.0,0.0,0.0,0.0,0.0,0.0,0.0,0.0,-0.0,-0.0,-0.0,6.445913975451006e-21,3.222956987725503e-21,3.2229567857771112e-21,0.0,0.0,-0.0,0.0,0.0,0.0,0.0,0.0,0.0,0.0,0.0,0.0,4.0,0.0,0.0
12366060,297.86932373046875,303.1499938964844,285.1499938964844,0.0,-0.0,287.3799743652344,0.0,0.0,9.222344669979066e-05,297.8685607910156,303.1499938964844,285.1499938964844,0.0,-0.0,287.37994384765625,0.0,0.0,9.711572783999144e-05,297.9233093261719,303.1499938964844,285.1499938964844,0.0,-0.0,287.37994384765625,0.0,0.0,7.172934419941157e-05,297.72918701171875,303.1499938964844,285.1499938964844,0.0,-0.0,287.37994384765625,0.0,0.0,9.711572783999144e-05,298.0494689941406,303.1499938964844,285.1499938964844,0.0,-0.0,287.3800048828125,0.0,0.0,0.00046067518997,287.3371887207031,294.1499938964844,287.0516357421875,285.81005859375,287.5202941894531,287.1287536621094,287.3028869628906,0.0,0.0,0.0,0.0,1.0,1.0,-0.0009826377499848,3.833938500008571e-09,0.0009826339082792,-0.0090964855626225,0.0,0.0,0.0,-0.0067134606651961,60.0,-0.1700611114501953,-0.0,-6.583343292732027e-08,0.0,283.1598205566406,287.84234619140625,290.39013671875,290.6860046386719,293.1499938964844,293.1499938964844,278.1499938964844,0.0,18000.0,313.1499938964844,0.0,18000.0,0.0,0.0,0.0,0.0,0.0,0.0,0.0,0.0,0.0,-0.0,-0.0,-0.0,6.445913975451006e-21,3.222956987725503e-21,3.2229567857771112e-21,0.0,0.0,-0.0,0.0,0.0,0.0,0.0,0.0,0.0,0.0,0.0,0.0,4.0,0.0,0.0
12366120,297.86932373046875,303.1499938964844,285.1499938964844,0.0,-0.0,287.3799743652344,0.0,0.0,9.222344669979066e-05,297.8685607910156,303.1499938964844,285.1499938964844,0.0,-0.0,287.37994384765625,0.0,0.0,9.711572783999144e-05,297.9233093261719,303.1499938964844,285.1499938964844,0.0,-0.0,287.37994384765625,0.0,0.0,7.172934419941157e-05,297.72918701171875,303.1499938964844,285.1499938964844,0.0,-0.0,287.37994384765625,0.0,0.0,9.711572783999144e-05,298.0494689941406,303.1499938964844,285.1499938964844,0.0,-0.0,287.3800048828125,0.0,0.0,0.00046067518997,287.3371887207031,294.1499938964844,287.0516357421875,285.81005859375,287.5202941894531,287.1287536621094,287.3028869628906,0.0,0.0,0.0,0.0,1.0,1.0,-0.0009826377499848,3.833938500008571e-09,0.0009826339082792,-0.0090964855626225,0.0,0.0,0.0,-0.0067134606651961,60.0,-0.1700611114501953,-0.0,-6.583343292732027e-08,0.0,283.1598205566406,287.84234619140625,290.39013671875,290.6860046386719,293.1499938964844,293.1499938964844,278.1499938964844,0.0,18000.0,313.1499938964844,0.0,18000.0,0.0,0.0,0.0,0.0,0.0,0.0,0.0,0.0,0.0,-0.0,-0.0,-0.0,6.445913975451006e-21,3.222956987725503e-21,3.2229567857771112e-21,0.0,0.0,-0.0,0.0,0.0,0.0,0.0,0.0,0.0,0.0,0.0,0.0,4.0,0.0,0.0
12366180,297.866943359375,303.1499938964844,285.1499938964844,0.0,-0.0,287.3790588378906,0.0,0.0,9.225497342413291e-05,297.8668518066406,303.1499938964844,285.1499938964844,0.0,-0.0,287.3790588378906,0.0,0.0,9.714892803458496e-05,297.9215087890625,303.1499938964844,285.1499938964844,0.0,-0.0,287.3790588378906,0.0,0.0,7.175387145252898e-05,297.727783203125,303.1499938964844,285.1499938964844,0.0,-0.0,287.3790588378906,0.0,0.0,9.714892803458496e-05,298.0484619140625,303.1499938964844,285.1499938964844,0.0,-0.0,287.37908935546875,0.0,0.0,0.0004608326707966,287.3366394042969,294.1499938964844,287.0563659667969,285.8244323730469,287.51220703125,287.118896484375,287.3028869628906,0.0,0.0,0.0,0.0,1.0,1.0,-0.0009829736081883,3.8732084206571934e-09,0.0009829697664827,-0.0091993790119886,0.0,0.0,0.0,-0.0067329285666346,60.0,-0.1679944992065429,-0.0,-6.587843870420329e-08,0.0,283.1598205566406,287.84234619140625,290.39013671875,290.6860046386719,293.1499938964844,293.1499938964844,278.1499938964844,0.0,18000.0,313.1499938964844,0.0,18000.0,0.0,0.0,0.0,0.0,0.0,0.0,0.0,0.0,0.0,-0.0,-0.0,-0.0,6.445913975451006e-21,3.222956987725503e-21,3.2229567857771112e-21,0.0,0.0,-0.0,0.0,0.0,0.0,0.0,0.0,0.0,0.0,0.0,0.0,4.0,0.0,0.0
12366240,297.866943359375,303.1499938964844,285.1499938964844,0.0,-0.0,287.3790588378906,0.0,0.0,9.225497342413291e-05,297.8668518066406,303.1499938964844,285.1499938964844,0.0,-0.0,287.3790588378906,0.0,0.0,9.714892803458496e-05,297.9215087890625,303.1499938964844,285.1499938964844,0.0,-0.0,287.3790588378906,0.0,0.0,7.175387145252898e-05,297.727783203125,303.1499938964844,285.1499938964844,0.0,-0.0,287.3790588378906,0.0,0.0,9.714892803458496e-05,298.0484619140625,303.1499938964844,285.1499938964844,0.0,-0.0,287.37908935546875,0.0,0.0,0.0004608326707966,287.3366394042969,294.1499938964844,287.0563659667969,285.8244323730469,287.51220703125,287.118896484375,287.3028869628906,0.0,0.0,0.0,0.0,1.0,1.0,-0.0009829736081883,3.8732084206571934e-09,0.0009829697664827,-0.0091993790119886,0.0,0.0,0.0,-0.0067329285666346,60.0,-0.1679944992065429,-0.0,-6.587843870420329e-08,0.0,283.1598205566406,287.84234619140625,290.39013671875,290.6860046386719,293.1499938964844,293.1499938964844,278.1499938964844,0.0,18000.0,313.1499938964844,0.0,18000.0,0.0,0.0,0.0,0.0,0.0,0.0,0.0,0.0,0.0,-0.0,-0.0,-0.0,6.445913975451006e-21,3.222956987725503e-21,3.2229567857771112e-21,0.0,0.0,-0.0,0.0,0.0,0.0,0.0,0.0,0.0,0.0,0.0,0.0,4.0,0.0,0.0
12366300,297.86572265625,303.1499938964844,285.1499938964844,0.0,-0.0,287.3786315917969,0.0,0.0,9.227672853739932e-05,297.865966796875,303.1499938964844,285.1499938964844,0.0,-0.0,287.37860107421875,0.0,0.0,9.717184730106963e-05,297.9206237792969,303.1499938964844,285.1499938964844,0.0,-0.0,287.37860107421875,0.0,0.0,7.177079532993957e-05,297.7268981933594,303.1499938964844,285.1499938964844,0.0,-0.0,287.37860107421875,0.0,0.0,9.717184730106963e-05,298.0479736328125,303.1499938964844,285.1499938964844,0.0,-0.0,287.378662109375,0.0,0.0,0.0004609413736034,287.3363952636719,294.1499938964844,287.0598449707031,285.83270263671875,287.5082397460937,287.1147155761719,287.3028869628906,0.0,0.0,0.0,0.0,1.0,1.0,-0.000983205391094,3.9003120733127625e-09,0.0009832014329731,-0.0092703942209482,0.0,0.0,0.0,-0.0067463647574186,60.0,-0.1662436425685882,-0.0,-6.590951073803808e-08,0.0,283.1598205566406,287.84234619140625,290.39013671875,290.6860046386719,293.1499938964844,293.1499938964844,278.1499938964844,0.0,18000.0,313.1499938964844,0.0,18000.0,0.0,0.0,0.0,0.0,0.0,0.0,0.0,0.0,0.0,-0.0,-0.0,-0.0,6.445913975451006e-21,3.222956987725503e-21,3.2229567857771112e-21,0.0,0.0,-0.0,0.0,0.0,0.0,0.0,0.0,0.0,0.0,0.0,0.0,4.0,0.0,0.0
12366360,297.86444091796875,303.1499938964844,285.1499938964844,0.0,-0.0,287.378173828125,0.0,0.0,9.230266005033629e-05,297.8651123046875,303.1499938964844,285.1499938964844,0.0,-0.0,287.378173828125,0.0,0.0,9.719914669403806e-05,297.9197082519531,303.1499938964844,285.1499938964844,0.0,-0.0,287.378173828125,0.0,0.0,7.179096428444609e-05,297.72589111328125,303.1499938964844,285.1499938964844,0.0,-0.0,287.378173828125,0.0,0.0,9.719914669403806e-05,298.0474548339844,303.1499938964844,285.1499938964844,0.0,-0.0,287.3782043457031,0.0,0.0,0.0004610708856489,287.33612060546875,294.1499938964844,287.0639953613281,285.84161376953125,287.5043640136719,287.111083984375,287.3028869628906,0.0,0.0,0.0,0.0,1.0,1.0,-0.0009834815282374,3.932612013812786e-09,0.0009834775701165,-0.0093550244346261,0.0,0.0,0.0,-0.0067623769864439,60.0,-0.1640136241912841,-0.0,-6.594655133085325e-08,0.0,283.1598205566406,287.84234619140625,290.39013671875,290.6860046386719,293.1499938964844,293.1499938964844,278.1499938964844,0.0,18000.0,313.1499938964844,0.0,18000.0,0.0,0.0,0.0,0.0,0.0,0.0,0.0,0.0,0.0,-0.0,-0.0,-0.0,6.445913975451006e-21,3.222956987725503e-21,3.2229567857771112e-21,0.0,0.0,-0.0,0.0,0.0,0.0,0.0,0.0,0.0,0.0,0.0,0.0,4.0,0.0,0.0
12366420,297.8617858886719,303.1499938964844,285.1499938964844,0.0,-0.0,287.3773193359375,0.0,0.0,9.236527694156392e-05,297.8633728027344,303.1499938964844,285.1499938964844,0.0,-0.0,287.3772888183594,0.0,0.0,9.72650886978954e-05,297.9178771972656,303.1499938964844,285.1499938964844,0.0,-0.0,287.3772888183594,0.0,0.0,7.183966226875782e-05,297.72344970703125,303.1499938964844,285.1499938964844,0.0,-0.0,287.3772888183594,0.0,0.0,9.72650886978954e-05,298.04638671875,303.1499938964844,285.1499938964844,0.0,-0.0,287.3773498535156,0.0,0.0,0.0004613836936186,287.3356018066406,294.1499938964844,287.0743103027344,285.8613586425781,287.4967956542969,287.1053771972656,287.3028564453125,0.0,0.0,0.0,0.0,1.0,1.0,-0.0009841487044468,4.0106167276121604e-09,0.0009841446299105,-0.0095594059675931,0.0,0.0,0.0,-0.0068010473623871,60.0,-0.1582407504320144,-0.0,-6.60360512938496e-08,0.0,283.1598205566406,287.84234619140625,290.39013671875,290.6860046386719,293.1499938964844,293.1499938964844,278.1499938964844,0.0,18000.0,313.1499938964844,0.0,18000.0,0.0,0.0,0.0,0.0,0.0,0.0,0.0,0.0,0.0,-0.0,-0.0,-0.0,6.445913975451006e-21,3.222956987725503e-21,3.2229567857771112e-21,0.0,0.0,-0.0,0.0,0.0,0.0,0.0,0.0,0.0,0.0,0.0,0.0,4.0,0.0,0.0
12366480,297.8617858886719,303.1499938964844,285.1499938964844,0.0,-0.0,287.3773193359375,0.0,0.0,9.236527694156392e-05,297.8633728027344,303.1499938964844,285.1499938964844,0.0,-0.0,287.3772888183594,0.0,0.0,9.72650886978954e-05,297.9178771972656,303.1499938964844,285.1499938964844,0.0,-0.0,287.3772888183594,0.0,0.0,7.183966226875782e-05,297.72344970703125,303.1499938964844,285.1499938964844,0.0,-0.0,287.3772888183594,0.0,0.0,9.72650886978954e-05,298.04638671875,303.1499938964844,285.1499938964844,0.0,-0.0,287.3773498535156,0.0,0.0,0.0004613836936186,287.3356018066406,294.1499938964844,287.0743103027344,285.8613586425781,287.4967956542969,287.1053771972656,287.3028564453125,0.0,0.0,0.0,0.0,1.0,1.0,-0.0009841487044468,4.0106167276121604e-09,0.0009841446299105,-0.0095594059675931,0.0,0.0,0.0,-0.0068010473623871,60.0,-0.1582407504320144,-0.0,-6.60360512938496e-08,0.0,283.1598205566406,287.84234619140625,290.39013671875,290.6860046386719,293.1499938964844,293.1499938964844,278.1499938964844,0.0,18000.0,313.1499938964844,0.0,18000.0,0.0,0.0,0.0,0.0,0.0,0.0,0.0,0.0,0.0,-0.0,-0.0,-0.0,6.445913975451006e-21,3.222956987725503e-21,3.2229567857771112e-21,0.0,0.0,-0.0,0.0,0.0,0.0,0.0,0.0,0.0,0.0,0.0,0.0,4.0,0.0,0.0
12366540,297.8589172363281,303.1499938964844,285.1499938964844,0.0,-0.0,287.3764343261719,0.0,0.0,9.244095417670906e-05,297.8616027832031,303.1499938964844,285.1499938964844,0.0,-0.0,287.3764343261719,0.0,0.0,9.734478226164356e-05,297.9160461425781,303.1499938964844,285.1499938964844,0.0,-0.0,287.3764343261719,0.0,0.0,7.189852476585656e-05,297.7203674316406,303.1499938964844,285.1499938964844,0.0,-0.0,287.3764343261719,0.0,0.0,9.734478226164356e-05,298.04522705078125,303.1499938964844,285.1499938964844,0.0,-0.0,287.37646484375,0.0,0.0,0.0004617616941686,287.3351135253906,294.1499938964844,287.0870361328125,285.8834533691406,287.48956298828125,287.1019897460937,287.3028259277344,0.0,0.0,0.0,0.0,1.0,1.0,-0.0009849548805505,4.1048910937036e-09,0.0009849508060142,-0.0098064141348004,0.0,0.0,0.0,-0.0068477829918265,60.0,-0.150672435760498,-0.0,-6.614429537421529e-08,0.0,283.1598205566406,287.84234619140625,290.39013671875,290.6860046386719,293.1499938964844,293.1499938964844,278.1499938964844,0.0,18000.0,313.1499938964844,0.0,18000.0,0.0,0.0,0.0,0.0,0.0,0.0,0.0,0.0,0.0,-0.0,-0.0,-0.0,6.445913975451006e-21,3.222956987725503e-21,3.2229567857771112e-21,0.0,0.0,-0.0,0.0,0.0,0.0,0.0,0.0,0.0,0.0,0.0,0.0,4.0,0.0,0.0
12366600,297.8589172363281,303.1499938964844,285.1499938964844,0.0,-0.0,287.3764343261719,0.0,0.0,9.244095417670906e-05,297.8616027832031,303.1499938964844,285.1499938964844,0.0,-0.0,287.3764343261719,0.0,0.0,9.734478226164356e-05,297.9160461425781,303.1499938964844,285.1499938964844,0.0,-0.0,287.3764343261719,0.0,0.0,7.189852476585656e-05,297.7203674316406,303.1499938964844,285.1499938964844,0.0,-0.0,287.3764343261719,0.0,0.0,9.734478226164356e-05,298.04522705078125,303.1499938964844,285.1499938964844,0.0,-0.0,287.37646484375,0.0,0.0,0.0004617616941686,287.3351135253906,294.1499938964844,287.0870361328125,285.8834533691406,287.48956298828125,287.1019897460937,287.3028259277344,0.0,0.0,0.0,0.0,1.0,1.0,-0.0009849548805505,4.1048910937036e-09,0.0009849508060142,-0.0098064141348004,0.0,0.0,0.0,-0.0068477829918265,60.0,-0.150672435760498,-0.0,-6.614429537421529e-08,0.0,283.1598205566406,287.84234619140625,290.39013671875,290.6860046386719,293.1499938964844,293.1499938964844,278.1499938964844,0.0,18000.0,313.1499938964844,0.0,18000.0,0.0,0.0,0.0,0.0,0.0,0.0,0.0,0.0,0.0,-0.0,-0.0,-0.0,6.445913975451006e-21,3.222956987725503e-21,3.2229567857771112e-21,0.0,0.0,-0.0,0.0,0.0,0.0,0.0,0.0,0.0,0.0,0.0,0.0,4.0,0.0,0.0
12366660,297.8558959960937,303.1499938964844,285.1499938964844,0.0,-0.0,287.3755798339844,0.0,0.0,9.252830932382494e-05,297.8597717285156,303.1499938964844,285.1499938964844,0.0,-0.0,287.3755798339844,0.0,0.0,9.743676491780208e-05,297.91412353515625,303.1499938964844,285.1499938964844,0.0,-0.0,287.3755798339844,0.0,0.0,7.19664603821002e-05,297.7166442871094,303.1499938964844,285.1499938964844,0.0,-0.0,287.3755798339844,0.0,0.0,9.743676491780208e-05,298.0439758300781,303.1499938964844,285.1499938964844,0.0,-0.0,287.3756103515625,0.0,0.0,0.0004621980478987,287.3345947265625,294.1499938964844,287.1019897460937,285.9076843261719,287.4826965332031,287.10107421875,287.30279541015625,0.0,0.0,0.0,0.0,1.0,1.0,-0.0009858855046331,4.21370804915e-09,0.0009858811972662,-0.0100915236398577,0.0,0.0,0.0,-0.0069017284549772,60.0,-0.1415079534053802,-0.0,-6.626934379028171e-08,0.0,283.1598205566406,287.84234619140625,290.39013671875,290.6860046386719,293.1499938964844,293.1499938964844,278.1499938964844,0.0,18000.0,313.1499938964844,0.0,18000.0,0.0,0.0,0.0,0.0,0.0,0.0,0.0,0.0,0.0,-0.0,-0.0,-0.0,6.445913975451006e-21,3.222956987725503e-21,3.2229567857771112e-21,0.0,0.0,-0.0,0.0,0.0,0.0,0.0,0.0,0.0,0.0,0.0,0.0,4.0,0.0,0.0
12366720,297.8558959960937,303.1499938964844,285.1499938964844,0.0,-0.0,287.3755798339844,0.0,0.0,9.252830932382494e-05,297.8597717285156,303.1499938964844,285.1499938964844,0.0,-0.0,287.3755798339844,0.0,0.0,9.743676491780208e-05,297.91412353515625,303.1499938964844,285.1499938964844,0.0,-0.0,287.3755798339844,0.0,0.0,7.19664603821002e-05,297.7166442871094,303.1499938964844,285.1499938964844,0.0,-0.0,287.3755798339844,0.0,0.0,9.743676491780208e-05,298.0439758300781,303.1499938964844,285.1499938964844,0.0,-0.0,287.3756103515625,0.0,0.0,0.0004621980478987,287.3345947265625,294.1499938964844,287.1019897460937,285.9076843261719,287.4826965332031,287.10107421875,287.30279541015625,0.0,0.0,0.0,0.0,1.0,1.0,-0.0009858855046331,4.21370804915e-09,0.0009858811972662,-0.0100915236398577,0.0,0.0,0.0,-0.0069017284549772,60.0,-0.1415079534053802,-0.0,-6.626934379028171e-08,0.0,283.1598205566406,287.84234619140625,290.39013671875,290.6860046386719,293.1499938964844,293.1499938964844,278.1499938964844,0.0,18000.0,313.1499938964844,0.0,18000.0,0.0,0.0,0.0,0.0,0.0,0.0,0.0,0.0,0.0,-0.0,-0.0,-0.0,6.445913975451006e-21,3.222956987725503e-21,3.2229567857771112e-21,0.0,0.0,-0.0,0.0,0.0,0.0,0.0,0.0,0.0,0.0,0.0,0.0,4.0,0.0,0.0
12366780,297.8526916503906,303.1499938964844,285.1499938964844,0.0,-0.0,287.3747253417969,0.0,0.0,9.262507956009358e-05,297.8579406738281,303.1499938964844,285.1499938964844,0.0,-0.0,287.3747253417969,0.0,0.0,9.753867198014632e-05,297.9122009277344,303.1499938964844,285.1499938964844,0.0,-0.0,287.3747253417969,0.0,0.0,7.204173016361892e-05,297.7123107910156,303.1499938964844,285.1499938964844,0.0,-0.0,287.3747253417969,0.0,0.0,9.753867198014632e-05,298.0426025390625,303.1499938964844,285.1499938964844,0.0,-0.0,287.374755859375,0.0,0.0,0.0004626814625225,287.3341064453125,294.1499938964844,287.11895751953125,285.9338684082031,287.4762268066406,287.10272216796875,287.302734375,0.0,0.0,0.0,0.0,1.0,1.0,-0.0009869164787232,4.3342680555724655e-09,0.0009869121713563,-0.0104073975235223,0.0,0.0,0.0,-0.0069614951498806,60.0,-0.1308981478214264,-0.0,-6.640802752144738e-08,0.0,283.1598205566406,287.84234619140625,290.39013671875,290.6860046386719,293.1499938964844,293.1499938964844,278.1499938964844,0.0,18000.0,313.1499938964844,0.0,18000.0,0.0,0.0,0.0,0.0,0.0,0.0,0.0,0.0,0.0,-0.0,-0.0,-0.0,6.445913975451006e-21,3.222956987725503e-21,3.2229567857771112e-21,0.0,0.0,-0.0,0.0,0.0,0.0,0.0,0.0,0.0,0.0,0.0,0.0,4.0,0.0,0.0
12366840,297.8526916503906,303.1499938964844,285.1499938964844,0.0,-0.0,287.3747253417969,0.0,0.0,9.262507956009358e-05,297.8579406738281,303.1499938964844,285.1499938964844,0.0,-0.0,287.3747253417969,0.0,0.0,9.753867198014632e-05,297.9122009277344,303.1499938964844,285.1499938964844,0.0,-0.0,287.3747253417969,0.0,0.0,7.204173016361892e-05,297.7123107910156,303.1499938964844,285.1499938964844,0.0,-0.0,287.3747253417969,0.0,0.0,9.753867198014632e-05,298.0426025390625,303.1499938964844,285.1499938964844,0.0,-0.0,287.374755859375,0.0,0.0,0.0004626814625225,287.3341064453125,294.1499938964844,287.11895751953125,285.9338684082031,287.4762268066406,287.10272216796875,287.302734375,0.0,0.0,0.0,0.0,1.0,1.0,-0.0009869164787232,4.3342680555724655e-09,0.0009869121713563,-0.0104073975235223,0.0,0.0,0.0,-0.0069614951498806,60.0,-0.1308981478214264,-0.0,-6.640802752144738e-08,0.0,283.1598205566406,287.84234619140625,290.39013671875,290.6860046386719,293.1499938964844,293.1499938964844,278.1499938964844,0.0,18000.0,313.1499938964844,0.0,18000.0,0.0,0.0,0.0,0.0,0.0,0.0,0.0,0.0,0.0,-0.0,-0.0,-0.0,6.445913975451006e-21,3.222956987725503e-21,3.2229567857771112e-21,0.0,0.0,-0.0,0.0,0.0,0.0,0.0,0.0,0.0,0.0,0.0,0.0,4.0,0.0,0.0
12366900,297.8510437011719,303.1499938964844,285.1499938964844,0.0,-0.0,287.37432861328125,0.0,0.0,9.267634595744312e-05,297.85699462890625,303.1499938964844,285.1499938964844,0.0,-0.0,287.3742980957031,0.0,0.0,9.759265958564356e-05,297.91119384765625,303.1499938964844,285.1499938964844,0.0,-0.0,287.3742980957031,0.0,0.0,7.208160241134465e-05,297.7098693847656,303.1499938964844,285.1499938964844,0.0,-0.0,287.3742980957031,0.0,0.0,9.759265958564356e-05,298.0418701171875,303.1499938964844,285.1499938964844,0.0,-0.0,287.37432861328125,0.0,0.0,0.0004629375180229,287.3338623046875,294.1499938964844,287.12811279296875,285.9476318359375,287.4731750488281,287.1046142578125,287.302734375,0.0,0.0,0.0,0.0,1.0,1.0,-0.0009874625829979,4.398131636662583e-09,0.000987458275631,-0.010574722662568,0.0,0.0,0.0,-0.0069931549951434,60.0,-0.1250547021627426,-0.0,-6.648154737831646e-08,0.0,283.1598205566406,287.84234619140625,290.39013671875,290.6860046386719,293.1499938964844,293.1499938964844,278.1499938964844,0.0,18000.0,313.1499938964844,0.0,18000.0,0.0,0.0,0.0,0.0,0.0,0.0,0.0,0.0,0.0,-0.0,-0.0,-0.0,6.445913975451006e-21,3.222956987725503e-21,3.2229567857771112e-21,0.0,0.0,-0.0,0.0,0.0,0.0,0.0,0.0,0.0,0.0,0.0,0.0,4.0,0.0,0.0
12366960,297.849365234375,303.1499938964844,285.1499938964844,0.0,-0.0,287.3739013671875,0.0,0.0,9.272924216929825e-05,297.8560485839844,303.1499938964844,285.1499938964844,0.0,-0.0,287.3738708496094,0.0,0.0,9.764836431713776e-05,297.9101867675781,303.1499938964844,285.1499938964844,0.0,-0.0,287.3738708496094,0.0,0.0,7.212274795165285e-05,297.7072448730469,303.1499938964844,285.1499938964844,0.0,-0.0,287.3739013671875,0.0,0.0,9.764836431713776e-05,298.04107666015625,303.1499938964844,285.1499938964844,0.0,-0.0,287.3739318847656,0.0,0.0,0.0004632017516996,287.3336181640625,294.1499938964844,287.1376953125,285.9617614746094,287.47021484375,287.107177734375,287.3027038574219,0.0,0.0,0.0,0.0,1.0,1.0,-0.0009880262659862,4.464032254958283e-09,0.0009880217257887,-0.0107473842799663,0.0,0.0,0.0,-0.0070258248597383,60.0,-0.1189165413379669,-0.0,-6.655746176420507e-08,0.0,283.1598205566406,287.84234619140625,290.39013671875,290.6860046386719,293.1499938964844,293.1499938964844,278.1499938964844,0.0,18000.0,313.1499938964844,0.0,18000.0,0.0,0.0,0.0,0.0,0.0,0.0,0.0,0.0,0.0,-0.0,-0.0,-0.0,6.445913975451006e-21,3.222956987725503e-21,3.2229567857771112e-21,0.0,0.0,-0.0,0.0,0.0,0.0,0.0,0.0,0.0,0.0,0.0,0.0,4.0,0.0,0.0
12367020,297.845947265625,303.1499938964844,285.1499938964844,0.0,-0.0,287.3730773925781,0.0,0.0,9.283811232307926e-05,297.8540954589844,303.1499938964844,285.1499938964844,0.0,-0.0,287.373046875,0.0,0.0,9.776300430530682e-05,297.9081115722656,303.1499938964844,285.1499938964844,0.0,-0.0,287.373046875,0.0,0.0,7.220742554636672e-05,297.7016296386719,303.1499938964844,285.1499938964844,0.0,-0.0,287.373046875,0.0,0.0,9.776300430530682e-05,298.0394592285156,303.1499938964844,285.1499938964844,0.0,-0.0,287.3730773925781,0.0,0.0,0.0004637455858755,287.3331604003906,294.1499938964844,287.1579895019531,285.9911804199219,287.4646301269531,287.1141662597656,287.3026428222656,0.0,0.0,0.0,0.0,1.0,1.0,-0.0009891861118376,4.5996566555572835e-09,0.0009891814552247,-0.0111027220264077,0.0,0.0,0.0,-0.0070930598303675,60.0,-0.1058619767427444,-0.0,-6.671382379863644e-08,0.0,283.1598205566406,287.84234619140625,290.39013671875,290.6860046386719,293.1499938964844,293.1499938964844,278.1499938964844,0.0,18000.0,313.1499938964844,0.0,18000.0,0.0,0.0,0.0,0.0,0.0,0.0,0.0,0.0,0.0,-0.0,-0.0,-0.0,6.445913975451006e-21,3.222956987725503e-21,3.2229567857771112e-21,0.0,0.0,-0.0,0.0,0.0,0.0,0.0,0.0,0.0,0.0,0.0,0.0,4.0,0.0,0.0
12367080,297.845947265625,303.1499938964844,285.1499938964844,0.0,-0.0,287.3730773925781,0.0,0.0,9.283811232307926e-05,297.8540954589844,303.1499938964844,285.1499938964844,0.0,-0.0,287.373046875,0.0,0.0,9.776300430530682e-05,297.9081115722656,303.1499938964844,285.1499938964844,0.0,-0.0,287.373046875,0.0,0.0,7.220742554636672e-05,297.7016296386719,303.1499938964844,285.1499938964844,0.0,-0.0,287.373046875,0.0,0.0,9.776300430530682e-05,298.0394592285156,303.1499938964844,285.1499938964844,0.0,-0.0,287.3730773925781,0.0,0.0,0.0004637455858755,287.3331604003906,294.1499938964844,287.1579895019531,285.9911804199219,287.4646301269531,287.1141662597656,287.3026428222656,0.0,0.0,0.0,0.0,1.0,1.0,-0.0009891861118376,4.5996566555572835e-09,0.0009891814552247,-0.0111027220264077,0.0,0.0,0.0,-0.0070930598303675,60.0,-0.1058619767427444,-0.0,-6.671382379863644e-08,0.0,283.1598205566406,287.84234619140625,290.39013671875,290.6860046386719,293.1499938964844,293.1499938964844,278.1499938964844,0.0,18000.0,313.1499938964844,0.0,18000.0,0.0,0.0,0.0,0.0,0.0,0.0,0.0,0.0,0.0,-0.0,-0.0,-0.0,6.445913975451006e-21,3.222956987725503e-21,3.2229567857771112e-21,0.0,0.0,-0.0,0.0,0.0,0.0,0.0,0.0,0.0,0.0,0.0,0.0,4.0,0.0,0.0
12367140,297.8424987792969,303.1499938964844,285.1499938964844,0.0,-0.0,287.37225341796875,0.0,0.0,9.294853953178972e-05,297.8520812988281,303.1499938964844,285.1499938964844,0.0,-0.0,287.3722229003906,0.0,0.0,9.787929593585432e-05,297.906005859375,303.1499938964844,285.1499938964844,0.0,-0.0,287.3722229003906,0.0,0.0,7.229331095004454e-05,297.6954040527344,303.1499938964844,285.1499938964844,0.0,-0.0,287.3722229003906,0.0,0.0,9.787929593585432e-05,298.0376892089844,303.1499938964844,285.1499938964844,0.0,-0.0,287.3722839355469,0.0,0.0,0.0004642971907742,287.3326721191406,294.1499938964844,287.1796264648437,286.0218811035156,287.4595031738281,287.1237487792969,287.3026123046875,0.0,0.0,0.0,0.0,1.0,1.0,-0.00099036260508,4.737230163698314e-09,0.0009903579484671,-0.0114631596952676,0.0,0.0,0.0,-0.0071612610481679,60.0,-0.0917517244815826,-0.0,-6.687261588922412e-08,0.0,283.1598205566406,287.84234619140625,290.39013671875,290.6860046386719,293.1499938964844,293.1499938964844,278.1499938964844,0.0,18000.0,313.1499938964844,0.0,18000.0,0.0,0.0,0.0,0.0,0.0,0.0,0.0,0.0,0.0,-0.0,-0.0,-0.0,6.445913975451006e-21,3.222956987725503e-21,3.2229567857771112e-21,0.0,0.0,-0.0,0.0,0.0,0.0,0.0,0.0,0.0,0.0,0.0,0.0,4.0,0.0,0.0
12367200,297.8424987792969,303.1499938964844,285.1499938964844,0.0,-0.0,287.37225341796875,0.0,0.0,9.294853953178972e-05,297.8520812988281,303.1499938964844,285.1499938964844,0.0,-0.0,287.3722229003906,0.0,0.0,9.787929593585432e-05,297.906005859375,303.1499938964844,285.1499938964844,0.0,-0.0,287.3722229003906,0.0,0.0,7.229331095004454e-05,297.6954040527344,303.1499938964844,285.1499938964844,0.0,-0.0,287.3722229003906,0.0,0.0,9.787929593585432e-05,298.0376892089844,303.1499938964844,285.1499938964844,0.0,-0.0,287.3722839355469,0.0,0.0,0.0004642971907742,287.3326721191406,294.1499938964844,287.1796264648437,286.0218811035156,287.4595031738281,287.1237487792969,287.3026123046875,0.0,0.0,0.0,0.0,1.0,1.0,-0.00099036260508,4.737230163698314e-09,0.0009903579484671,-0.0114631596952676,0.0,0.0,0.0,-0.0071612610481679,60.0,-0.0917517244815826,-0.0,-6.687261588922412e-08,0.0,283.1598205566406,287.84234619140625,290.39013671875,290.6860046386719,293.1499938964844,293.1499938964844,278.1499938964844,0.0,18000.0,313.1499938964844,0.0,18000.0,0.0,0.0,0.0,0.0,0.0,0.0,0.0,0.0,0.0,-0.0,-0.0,-0.0,6.445913975451006e-21,3.222956987725503e-21,3.2229567857771112e-21,0.0,0.0,-0.0,0.0,0.0,0.0,0.0,0.0,0.0,0.0,0.0,0.0,4.0,0.0,0.0
12367260,297.8390808105469,303.1499938964844,285.1499938964844,0.0,-0.0,287.3714294433594,0.0,0.0,9.30570749915205e-05,297.8500366210937,303.1499938964844,285.1499938964844,0.0,-0.0,287.3714294433594,0.0,0.0,9.79935794021003e-05,297.9038391113281,303.1499938964844,285.1499938964844,0.0,-0.0,287.3714294433594,0.0,0.0,7.23777266102843e-05,297.68865966796875,303.1499938964844,285.1499938964844,0.0,-0.0,287.3714294433594,0.0,0.0,9.79935794021003e-05,298.0357971191406,303.1499938964844,285.1499938964844,0.0,-0.0,287.3714599609375,0.0,0.0,0.0004648393369279,287.33221435546875,294.1499938964844,287.2023620605469,286.0536499023437,287.4548645019531,287.1357727050781,287.30255126953125,0.0,0.0,0.0,0.0,1.0,1.0,-0.0009915189584717,4.872436232261634e-09,0.0009915140690281,-0.0118173919618129,0.0,0.0,0.0,-0.0072282887995243,60.0,-0.0767876878380775,-0.0,-6.702886423681775e-08,0.0,283.1598205566406,287.84234619140625,290.39013671875,290.6860046386719,293.1499938964844,293.1499938964844,278.1499938964844,0.0,18000.0,313.1499938964844,0.0,18000.0,0.0,0.0,0.0,0.0,0.0,0.0,0.0,0.0,0.0,-0.0,-0.0,-0.0,6.445913975451006e-21,3.222956987725503e-21,3.2229567857771112e-21,0.0,0.0,-0.0,0.0,0.0,0.0,0.0,0.0,0.0,0.0,0.0,0.0,4.0,0.0,0.0
12367320,297.8390808105469,303.1499938964844,285.1499938964844,0.0,-0.0,287.3714294433594,0.0,0.0,9.30570749915205e-05,297.8500366210937,303.1499938964844,285.1499938964844,0.0,-0.0,287.3714294433594,0.0,0.0,9.79935794021003e-05,297.9038391113281,303.1499938964844,285.1499938964844,0.0,-0.0,287.3714294433594,0.0,0.0,7.23777266102843e-05,297.68865966796875,303.1499938964844,285.1499938964844,0.0,-0.0,287.3714294433594,0.0,0.0,9.79935794021003e-05,298.0357971191406,303.1499938964844,285.1499938964844,0.0,-0.0,287.3714599609375,0.0,0.0,0.0004648393369279,287.33221435546875,294.1499938964844,287.2023620605469,286.0536499023437,287.4548645019531,287.1357727050781,287.30255126953125,0.0,0.0,0.0,0.0,1.0,1.0,-0.0009915189584717,4.872436232261634e-09,0.0009915140690281,-0.0118173919618129,0.0,0.0,0.0,-0.0072282887995243,60.0,-0.0767876878380775,-0.0,-6.702886423681775e-08,0.0,283.1598205566406,287.84234619140625,290.39013671875,290.6860046386719,293.1499938964844,293.1499938964844,278.1499938964844,0.0,18000.0,313.1499938964844,0.0,18000.0,0.0,0.0,0.0,0.0,0.0,0.0,0.0,0.0,0.0,-0.0,-0.0,-0.0,6.445913975451006e-21,3.222956987725503e-21,3.2229567857771112e-21,0.0,0.0,-0.0,0.0,0.0,0.0,0.0,0.0,0.0,0.0,0.0,0.0,4.0,0.0,0.0
12367380,297.83575439453125,303.1499938964844,285.1499938964844,0.0,-0.0,287.3706359863281,0.0,0.0,9.315980423707516e-05,297.84796142578125,303.1499938964844,285.1499938964844,0.0,-0.0,287.37060546875,0.0,0.0,9.810175833990796e-05,297.9016418457031,303.1499938964844,285.1499938964844,0.0,-0.0,287.37060546875,0.0,0.0,7.245762390084565e-05,297.6814270019531,303.1499938964844,285.1499938964844,0.0,-0.0,287.37060546875,0.0,0.0,9.810175833990796e-05,298.0338134765625,303.1499938964844,285.1499938964844,0.0,-0.0,287.3706359863281,0.0,0.0,0.0004653524956665,287.3317565917969,294.1499938964844,287.2260131835937,286.0863037109375,287.4507141113281,287.150146484375,287.302490234375,0.0,0.0,0.0,0.0,1.0,1.0,-0.0009926134953275,5.0004165252914845e-09,0.0009926084894686,-0.0121526885777711,0.0,0.0,0.0,-0.0072917342185974,60.0,-0.0610819607973098,-0.0,-6.717692713209544e-08,0.0,283.1598205566406,287.84234619140625,290.39013671875,290.6860046386719,293.1499938964844,293.1499938964844,278.1499938964844,0.0,18000.0,313.1499938964844,0.0,18000.0,0.0,0.0,0.0,0.0,0.0,0.0,0.0,0.0,0.0,-0.0,-0.0,-0.0,6.445913975451006e-21,3.222956987725503e-21,3.2229567857771112e-21,0.0,0.0,-0.0,0.0,0.0,0.0,0.0,0.0,0.0,0.0,0.0,0.0,4.0,0.0,0.0
12367440,297.83575439453125,303.1499938964844,285.1499938964844,0.0,-0.0,287.3706359863281,0.0,0.0,9.315980423707516e-05,297.84796142578125,303.1499938964844,285.1499938964844,0.0,-0.0,287.37060546875,0.0,0.0,9.810175833990796e-05,297.9016418457031,303.1499938964844,285.1499938964844,0.0,-0.0,287.37060546875,0.0,0.0,7.245762390084565e-05,297.6814270019531,303.1499938964844,285.1499938964844,0.0,-0.0,287.37060546875,0.0,0.0,9.810175833990796e-05,298.0338134765625,303.1499938964844,285.1499938964844,0.0,-0.0,287.3706359863281,0.0,0.0,0.0004653524956665,287.3317565917969,294.1499938964844,287.2260131835937,286.0863037109375,287.4507141113281,287.150146484375,287.302490234375,0.0,0.0,0.0,0.0,1.0,1.0,-0.0009926134953275,5.0004165252914845e-09,0.0009926084894686,-0.0121526885777711,0.0,0.0,0.0,-0.0072917342185974,60.0,-0.0610819607973098,-0.0,-6.717692713209544e-08,0.0,283.1598205566406,287.84234619140625,290.39013671875,290.6860046386719,293.1499938964844,293.1499938964844,278.1499938964844,0.0,18000.0,313.1499938964844,0.0,18000.0,0.0,0.0,0.0,0.0,0.0,0.0,0.0,0.0,0.0,-0.0,-0.0,-0.0,6.445913975451006e-21,3.222956987725503e-21,3.2229567857771112e-21,0.0,0.0,-0.0,0.0,0.0,0.0,0.0,0.0,0.0,0.0,0.0,0.0,4.0,0.0,0.0
12367500,297.8341369628906,303.1499938964844,285.1499938964844,0.0,-0.0,287.3702392578125,0.0,0.0,9.320798562839629e-05,297.846923828125,303.1499938964844,285.1499938964844,0.0,-0.0,287.3702087402344,0.0,0.0,9.815250086830928e-05,297.9005126953125,303.1499938964844,285.1499938964844,0.0,-0.0,287.3702087402344,0.0,0.0,7.24951023585163e-05,297.6776428222656,303.1499938964844,285.1499938964844,0.0,-0.0,287.3702087402344,0.0,0.0,9.815250086830928e-05,298.03277587890625,303.1499938964844,285.1499938964844,0.0,-0.0,287.3702392578125,0.0,0.0,0.0004655931843444,287.3315124511719,294.1499938964844,287.2380676269531,286.1028747558594,287.4488220214844,287.1581420898437,287.3024597167969,0.0,0.0,0.0,0.0,1.0,1.0,-0.0009931268868967,5.060442287430078e-09,0.0009931217646226,-0.012309948913753,0.0,0.0,0.0,-0.0073214918375015,60.0,-0.0530007183551788,-0.0,-6.724642531708015e-08,0.0,283.1598205566406,287.84234619140625,290.39013671875,290.6860046386719,293.1499938964844,293.1499938964844,278.1499938964844,0.0,18000.0,313.1499938964844,0.0,18000.0,0.0,0.0,0.0,0.0,0.0,0.0,0.0,0.0,0.0,-0.0,-0.0,-0.0,6.445913975451006e-21,3.222956987725503e-21,3.2229567857771112e-21,0.0,0.0,-0.0,0.0,0.0,0.0,0.0,0.0,0.0,0.0,0.0,0.0,4.0,0.0,0.0
12367560,297.83258056640625,303.1499938964844,285.1499938964844,0.0,-0.0,287.3698425292969,0.0,0.0,9.325340943178162e-05,297.84588623046875,303.1499938964844,285.1499938964844,0.0,-0.0,287.36981201171875,0.0,0.0,9.820033301366492e-05,297.8993835449219,303.1499938964844,285.1499938964844,0.0,-0.0,287.36981201171875,0.0,0.0,7.253043440869078e-05,297.6737670898437,303.1499938964844,285.1499938964844,0.0,-0.0,287.36981201171875,0.0,0.0,9.820033301366492e-05,298.0317077636719,303.1499938964844,285.1499938964844,0.0,-0.0,287.3698425292969,0.0,0.0,0.0004658200778067,287.331298828125,294.1499938964844,287.25030517578125,286.1195983886719,287.4470520019531,287.1666259765625,287.30242919921875,0.0,0.0,0.0,0.0,1.0,1.0,-0.0009936108253896,5.117033463619691e-09,0.0009936057031154,-0.0124582108110189,0.0,0.0,0.0,-0.0073495465330779,60.0,-0.0447941906750202,-0.0,-6.731198709530872e-08,0.0,283.1598205566406,287.84234619140625,290.39013671875,290.6860046386719,293.1499938964844,293.1499938964844,278.1499938964844,0.0,18000.0,313.1499938964844,0.0,18000.0,0.0,0.0,0.0,0.0,0.0,0.0,0.0,0.0,0.0,-0.0,-0.0,-0.0,6.445913975451006e-21,3.222956987725503e-21,3.2229567857771112e-21,0.0,0.0,-0.0,0.0,0.0,0.0,0.0,0.0,0.0,0.0,0.0,0.0,4.0,0.0,0.0
12367620,297.8296203613281,303.1499938964844,285.1499938964844,0.0,-0.0,287.3690490722656,0.0,0.0,9.333548950962722e-05,297.8437805175781,303.1499938964844,285.1499938964844,0.0,-0.0,287.3690185546875,0.0,0.0,9.828677139012144e-05,297.89715576171875,303.1499938964844,285.1499938964844,0.0,-0.0,287.3690185546875,0.0,0.0,7.259427366079763e-05,297.6658020019531,303.1499938964844,285.1499938964844,0.0,-0.0,287.3690185546875,0.0,0.0,9.828677139012144e-05,298.029541015625,303.1499938964844,285.1499938964844,0.0,-0.0,287.3690795898437,0.0,0.0,0.0004662300925701,287.3308410644531,294.1499938964844,287.2750244140625,286.1533508300781,287.44384765625,287.18487548828125,287.3023681640625,0.0,0.0,0.0,0.0,1.0,1.0,-0.0009944853372871,5.2192867805445076e-09,0.0009944800985977,-0.0127261001616716,0.0,0.0,0.0,-0.0074002384208142,60.0,-0.0280968286097049,-0.0,-6.743051983448822e-08,0.0,283.1598205566406,287.84234619140625,290.39013671875,290.6860046386719,293.1499938964844,293.1499938964844,278.1499938964844,0.0,18000.0,313.1499938964844,0.0,18000.0,0.0,0.0,0.0,0.0,0.0,0.0,0.0,0.0,0.0,-0.0,-0.0,-0.0,6.445913975451006e-21,3.222956987725503e-21,3.2229567857771112e-21,0.0,0.0,-0.0,0.0,0.0,0.0,0.0,0.0,0.0,0.0,0.0,0.0,4.0,0.0,0.0
12367680,297.8296203613281,303.1499938964844,285.1499938964844,0.0,-0.0,287.3690490722656,0.0,0.0,9.333548950962722e-05,297.8437805175781,303.1499938964844,285.1499938964844,0.0,-0.0,287.3690185546875,0.0,0.0,9.828677139012144e-05,297.89715576171875,303.1499938964844,285.1499938964844,0.0,-0.0,287.3690185546875,0.0,0.0,7.259427366079763e-05,297.6658020019531,303.1499938964844,285.1499938964844,0.0,-0.0,287.3690185546875,0.0,0.0,9.828677139012144e-05,298.029541015625,303.1499938964844,285.1499938964844,0.0,-0.0,287.3690795898437,0.0,0.0,0.0004662300925701,287.3308410644531,294.1499938964844,287.2750244140625,286.1533508300781,287.44384765625,287.18487548828125,287.3023681640625,0.0,0.0,0.0,0.0,1.0,1.0,-0.0009944853372871,5.2192867805445076e-09,0.0009944800985977,-0.0127261001616716,0.0,0.0,0.0,-0.0074002384208142,60.0,-0.0280968286097049,-0.0,-6.743051983448822e-08,0.0,283.1598205566406,287.84234619140625,290.39013671875,290.6860046386719,293.1499938964844,293.1499938964844,278.1499938964844,0.0,18000.0,313.1499938964844,0.0,18000.0,0.0,0.0,0.0,0.0,0.0,0.0,0.0,0.0,0.0,-0.0,-0.0,-0.0,6.445913975451006e-21,3.222956987725503e-21,3.2229567857771112e-21,0.0,0.0,-0.0,0.0,0.0,0.0,0.0,0.0,0.0,0.0,0.0,0.0,4.0,0.0,0.0
12367740,297.82696533203125,303.1499938964844,285.1499938964844,0.0,-0.0,287.3682556152344,0.0,0.0,9.340506221633404e-05,297.8416442871094,303.1499938964844,285.1499938964844,0.0,-0.0,287.3682556152344,0.0,0.0,9.836003300733864e-05,297.8948974609375,303.1499938964844,285.1499938964844,0.0,-0.0,287.3682556152344,0.0,0.0,7.264838495757431e-05,297.6575927734375,303.1499938964844,285.1499938964844,0.0,-0.0,287.3682556152344,0.0,0.0,9.836002573138104e-05,298.0272827148437,303.1499938964844,285.1499938964844,0.0,-0.0,287.3682861328125,0.0,0.0,0.0004665776214096,287.3304138183594,294.1499938964844,287.29998779296875,286.18731689453125,287.44122314453125,287.2048034667969,287.30230712890625,0.0,0.0,0.0,0.0,1.0,1.0,-0.0009952265536412,5.305952122114377e-09,0.0009952213149517,-0.0129531482234597,0.0,0.0,0.0,-0.0074432021938264,60.0,-0.0111106727272272,-0.0,-6.753106873702563e-08,0.0,283.1598205566406,287.84234619140625,290.39013671875,290.6860046386719,293.1499938964844,293.1499938964844,278.1499938964844,0.0,18000.0,313.1499938964844,0.0,18000.0,0.0,0.0,0.0,0.0,0.0,0.0,0.0,0.0,0.0,-0.0,-0.0,-0.0,6.445913975451006e-21,3.222956987725503e-21,3.2229567857771112e-21,0.0,0.0,-0.0,0.0,0.0,0.0,0.0,0.0,0.0,0.0,0.0,0.0,4.0,0.0,0.0
12367800,297.82696533203125,303.1499938964844,285.1499938964844,0.0,-0.0,287.3682556152344,0.0,0.0,9.340506221633404e-05,297.8416442871094,303.1499938964844,285.1499938964844,0.0,-0.0,287.3682556152344,0.0,0.0,9.836003300733864e-05,297.8948974609375,303.1499938964844,285.1499938964844,0.0,-0.0,287.3682556152344,0.0,0.0,7.264838495757431e-05,297.6575927734375,303.1499938964844,285.1499938964844,0.0,-0.0,287.3682556152344,0.0,0.0,9.836002573138104e-05,298.0272827148437,303.1499938964844,285.1499938964844,0.0,-0.0,287.3682861328125,0.0,0.0,0.0004665776214096,287.3304138183594,294.1499938964844,287.29998779296875,286.18731689453125,287.44122314453125,287.2048034667969,287.30230712890625,0.0,0.0,0.0,0.0,1.0,1.0,-0.0009952265536412,5.305952122114377e-09,0.0009952213149517,-0.0129531482234597,0.0,0.0,0.0,-0.0074432021938264,60.0,-0.0111106727272272,-0.0,-6.753106873702563e-08,0.0,283.1598205566406,287.84234619140625,290.39013671875,290.6860046386719,293.1499938964844,293.1499938964844,278.1499938964844,0.0,18000.0,313.1499938964844,0.0,18000.0,0.0,0.0,0.0,0.0,0.0,0.0,0.0,0.0,0.0,-0.0,-0.0,-0.0,6.445913975451006e-21,3.222956987725503e-21,3.2229567857771112e-21,0.0,0.0,-0.0,0.0,0.0,0.0,0.0,0.0,0.0,0.0,0.0,0.0,4.0,0.0,0.0
12367860,297.8246154785156,303.1499938964844,285.1499938964844,0.0,-0.0,287.36749267578125,0.0,0.0,9.346662409370764e-05,297.83953857421875,303.1499938964844,285.1499938964844,0.0,-0.0,287.36749267578125,0.0,0.0,9.842486178968102e-05,297.8926696777344,303.1499938964844,285.1499938964844,0.0,-0.0,287.36749267578125,0.0,0.0,7.269626803463325e-05,297.6492614746094,303.1499938964844,285.1499938964844,0.0,-0.0,287.36749267578125,0.0,0.0,9.84248545137234e-05,298.0249938964844,303.1499938964844,285.1499938964844,0.0,-0.0,287.3675231933594,0.0,0.0,0.0004668851324822,287.3299865722656,294.1499938964844,287.324951171875,286.2212829589844,287.43902587890625,287.2259521484375,287.30224609375,0.0,0.0,0.0,0.0,1.0,1.0,-0.0009958824375644,5.382642775941804e-09,0.0009958770824596,-0.0131540624424815,0.0,0.0,0.0,-0.0074812211096286,60.0,0.005981178022921,-0.0,-6.762010684724373e-08,0.0,283.1598205566406,287.84234619140625,290.39013671875,290.6860046386719,293.1499938964844,293.1499938964844,278.1499938964844,0.0,18000.0,313.1499938964844,0.0,18000.0,0.0,0.0,0.0,0.0,0.0,0.0,0.0,0.0,0.0,-0.0,-0.0,-0.0,6.445913975451006e-21,3.222956987725503e-21,3.2229567857771112e-21,0.0,0.0,-0.0,0.0,0.0,0.0,0.0,0.0,0.0,0.0,0.0,0.0,4.0,0.0,0.0
12367920,297.8246154785156,303.1499938964844,285.1499938964844,0.0,-0.0,287.36749267578125,0.0,0.0,9.346662409370764e-05,297.83953857421875,303.1499938964844,285.1499938964844,0.0,-0.0,287.36749267578125,0.0,0.0,9.842486178968102e-05,297.8926696777344,303.1499938964844,285.1499938964844,0.0,-0.0,287.36749267578125,0.0,0.0,7.269626803463325e-05,297.6492614746094,303.1499938964844,285.1499938964844,0.0,-0.0,287.36749267578125,0.0,0.0,9.84248545137234e-05,298.0249938964844,303.1499938964844,285.1499938964844,0.0,-0.0,287.3675231933594,0.0,0.0,0.0004668851324822,287.3299865722656,294.1499938964844,287.324951171875,286.2212829589844,287.43902587890625,287.2259521484375,287.30224609375,0.0,0.0,0.0,0.0,1.0,1.0,-0.0009958824375644,5.382642775941804e-09,0.0009958770824596,-0.0131540624424815,0.0,0.0,0.0,-0.0074812211096286,60.0,0.005981178022921,-0.0,-6.762010684724373e-08,0.0,283.1598205566406,287.84234619140625,290.39013671875,290.6860046386719,293.1499938964844,293.1499938964844,278.1499938964844,0.0,18000.0,313.1499938964844,0.0,18000.0,0.0,0.0,0.0,0.0,0.0,0.0,0.0,0.0,0.0,-0.0,-0.0,-0.0,6.445913975451006e-21,3.222956987725503e-21,3.2229567857771112e-21,0.0,0.0,-0.0,0.0,0.0,0.0,0.0,0.0,0.0,0.0,0.0,0.0,4.0,0.0,0.0
12367980,297.8226013183594,303.1499938964844,285.1499938964844,0.0,-0.0,287.3667297363281,0.0,0.0,9.352731285616755e-05,297.83746337890625,303.1499938964844,285.1499938964844,0.0,-0.0,287.3667297363281,0.0,0.0,9.8488773801364e-05,297.8904113769531,303.1499938964844,285.1499938964844,0.0,-0.0,287.3667297363281,0.0,0.0,7.274346717167646e-05,297.640869140625,303.1499938964844,285.1499938964844,0.0,-0.0,287.3667297363281,0.0,0.0,9.84887665254064e-05,298.022705078125,303.1499938964844,285.1499938964844,0.0,-0.0,287.36676025390625,0.0,0.0,0.0004671883070841,287.3295593261719,294.1499938964844,287.3497009277344,286.25506591796875,287.4372863769531,287.2480773925781,287.3021850585937,0.0,0.0,0.0,0.0,1.0,1.0,-0.0009965290082618,5.458248963918777e-09,0.0009965235367417,-0.0133521351963281,0.0,0.0,0.0,-0.0075187026523053,60.0,0.0230266191065311,-0.0,-6.770793703481105e-08,0.0,283.1598205566406,287.84234619140625,290.39013671875,290.6860046386719,293.1499938964844,293.1499938964844,278.1499938964844,0.0,18000.0,313.1499938964844,0.0,18000.0,0.0,0.0,0.0,0.0,0.0,0.0,0.0,0.0,0.0,-0.0,-0.0,-0.0,6.445913975451006e-21,3.222956987725503e-21,3.2229567857771112e-21,0.0,0.0,-0.0,0.0,0.0,0.0,0.0,0.0,0.0,0.0,0.0,0.0,4.0,0.0,0.0
12368040,297.8226013183594,303.1499938964844,285.1499938964844,0.0,-0.0,287.3667297363281,0.0,0.0,9.352731285616755e-05,297.83746337890625,303.1499938964844,285.1499938964844,0.0,-0.0,287.3667297363281,0.0,0.0,9.8488773801364e-05,297.8904113769531,303.1499938964844,285.1499938964844,0.0,-0.0,287.3667297363281,0.0,0.0,7.274346717167646e-05,297.640869140625,303.1499938964844,285.1499938964844,0.0,-0.0,287.3667297363281,0.0,0.0,9.84887665254064e-05,298.022705078125,303.1499938964844,285.1499938964844,0.0,-0.0,287.36676025390625,0.0,0.0,0.0004671883070841,287.3295593261719,294.1499938964844,287.3497009277344,286.25506591796875,287.4372863769531,287.2480773925781,287.3021850585937,0.0,0.0,0.0,0.0,1.0,1.0,-0.0009965290082618,5.458248963918777e-09,0.0009965235367417,-0.0133521351963281,0.0,0.0,0.0,-0.0075187026523053,60.0,0.0230266191065311,-0.0,-6.770793703481105e-08,0.0,283.1598205566406,287.84234619140625,290.39013671875,290.6860046386719,293.1499938964844,293.1499938964844,278.1499938964844,0.0,18000.0,313.1499938964844,0.0,18000.0,0.0,0.0,0.0,0.0,0.0,0.0,0.0,0.0,0.0,-0.0,-0.0,-0.0,6.445913975451006e-21,3.222956987725503e-21,3.2229567857771112e-21,0.0,0.0,-0.0,0.0,0.0,0.0,0.0,0.0,0.0,0.0,0.0,0.0,4.0,0.0,0.0
12368100,297.8217468261719,303.1499938964844,285.1499938964844,0.0,-0.0,287.3663635253906,0.0,0.0,9.356156078865752e-05,297.8363952636719,303.1499938964844,285.1499938964844,0.0,-0.0,287.3663330078125,0.0,0.0,9.852482617134228e-05,297.8893127441406,303.1499938964844,285.1499938964844,0.0,-0.0,287.3663330078125,0.0,0.0,7.277010445250198e-05,297.6366882324219,303.1499938964844,285.1499938964844,0.0,-0.0,287.3663330078125,0.0,0.0,9.852482617134228e-05,298.02154541015625,303.1499938964844,285.1499938964844,0.0,-0.0,287.3663635253906,0.0,0.0,0.0004673593502957,287.329345703125,294.1499938964844,287.3619079589844,286.2718200683594,287.4366149902344,287.25946044921875,287.3021545410156,0.0,0.0,0.0,0.0,1.0,1.0,-0.0009968937374651,5.500905064792505e-09,0.000996888265945,-0.0134638845920562,0.0,0.0,0.0,-0.0075398487970232,60.0,0.0314860939979553,-0.0,-6.775751870691239e-08,0.0,283.1598205566406,287.84234619140625,290.39013671875,290.6860046386719,293.1499938964844,293.1499938964844,278.1499938964844,0.0,18000.0,313.1499938964844,0.0,18000.0,0.0,0.0,0.0,0.0,0.0,0.0,0.0,0.0,0.0,-0.0,-0.0,-0.0,6.445913975451006e-21,3.222956987725503e-21,3.2229567857771112e-21,0.0,0.0,-0.0,0.0,0.0,0.0,0.0,0.0,0.0,0.0,0.0,0.0,4.0,0.0,0.0
12368160,297.8209533691406,303.1499938964844,285.1499938964844,0.0,-0.0,287.365966796875,0.0,0.0,9.36009964789264e-05,297.8353576660156,303.1499938964844,285.1499938964844,0.0,-0.0,287.365966796875,0.0,0.0,9.856635733740404e-05,297.88818359375,303.1499938964844,285.1499938964844,0.0,-0.0,287.365966796875,0.0,0.0,7.280077988980338e-05,297.6325378417969,303.1499938964844,285.1499938964844,0.0,-0.0,287.365966796875,0.0,0.0,9.856635733740404e-05,298.0203857421875,303.1499938964844,285.1499938964844,0.0,-0.0,287.3659973144531,0.0,0.0,0.000467556354124,287.3291320800781,294.1499938964844,287.3739929199219,286.2884521484375,287.43603515625,287.2710266113281,287.3021545410156,0.0,0.0,0.0,0.0,1.0,1.0,-0.0009973139967769,5.5500377627026865e-09,0.0009973084088414,-0.0135925998911261,0.0,0.0,0.0,-0.0075642056763172,60.0,0.0398776195943355,-0.0,-6.781465344829486e-08,0.0,283.1598205566406,287.84234619140625,290.39013671875,290.6860046386719,293.1499938964844,293.1499938964844,278.1499938964844,0.0,18000.0,313.1499938964844,0.0,18000.0,0.0,0.0,0.0,0.0,0.0,0.0,0.0,0.0,0.0,-0.0,-0.0,-0.0,6.445913975451006e-21,3.222956987725503e-21,3.2229567857771112e-21,0.0,0.0,-0.0,0.0,0.0,0.0,0.0,0.0,0.0,0.0,0.0,0.0,4.0,0.0,0.0
12368220,297.819580078125,303.1499938964844,285.1499938964844,0.0,-0.0,287.365234375,0.0,0.0,9.369808685733004e-05,297.8332214355469,303.1499938964844,285.1499938964844,0.0,-0.0,287.3652038574219,0.0,0.0,9.866859909379856e-05,297.8858947753906,303.1499938964844,285.1499938964844,0.0,-0.0,287.3652038574219,0.0,0.0,7.287628977792338e-05,297.624267578125,303.1499938964844,285.1499938964844,0.0,-0.0,287.365234375,0.0,0.0,9.866859909379856e-05,298.0180969238281,303.1499938964844,285.1499938964844,0.0,-0.0,287.3652648925781,0.0,0.0,0.0004680413112509,287.3287353515625,294.1499938964844,287.39764404296875,286.3211669921875,287.4352111816406,287.2945861816406,287.3020935058594,0.0,0.0,0.0,0.0,1.0,1.0,-0.000998348230496,5.6709876794514e-09,0.0009983426425606,-0.0139094563201069,0.0,0.0,0.0,-0.0076241656206548,60.0,0.0564022734761238,-0.0,-6.795539775339422e-08,0.0,283.1598205566406,287.84234619140625,290.39013671875,290.6860046386719,293.1499938964844,293.1499938964844,278.1499938964844,0.0,18000.0,313.1499938964844,0.0,18000.0,0.0,0.0,0.0,0.0,0.0,0.0,0.0,0.0,0.0,-0.0,-0.0,-0.0,6.445913975451006e-21,3.222956987725503e-21,3.2229567857771112e-21,0.0,0.0,-0.0,0.0,0.0,0.0,0.0,0.0,0.0,0.0,0.0,0.0,4.0,0.0,0.0
12368280,297.819580078125,303.1499938964844,285.1499938964844,0.0,-0.0,287.365234375,0.0,0.0,9.369808685733004e-05,297.8332214355469,303.1499938964844,285.1499938964844,0.0,-0.0,287.3652038574219,0.0,0.0,9.866859909379856e-05,297.8858947753906,303.1499938964844,285.1499938964844,0.0,-0.0,287.3652038574219,0.0,0.0,7.287628977792338e-05,297.624267578125,303.1499938964844,285.1499938964844,0.0,-0.0,287.365234375,0.0,0.0,9.866859909379856e-05,298.0180969238281,303.1499938964844,285.1499938964844,0.0,-0.0,287.3652648925781,0.0,0.0,0.0004680413112509,287.3287353515625,294.1499938964844,287.39764404296875,286.3211669921875,287.4352111816406,287.2945861816406,287.3020935058594,0.0,0.0,0.0,0.0,1.0,1.0,-0.000998348230496,5.6709876794514e-09,0.0009983426425606,-0.0139094563201069,0.0,0.0,0.0,-0.0076241656206548,60.0,0.0564022734761238,-0.0,-6.795539775339422e-08,0.0,283.1598205566406,287.84234619140625,290.39013671875,290.6860046386719,293.1499938964844,293.1499938964844,278.1499938964844,0.0,18000.0,313.1499938964844,0.0,18000.0,0.0,0.0,0.0,0.0,0.0,0.0,0.0,0.0,0.0,-0.0,-0.0,-0.0,6.445913975451006e-21,3.222956987725503e-21,3.2229567857771112e-21,0.0,0.0,-0.0,0.0,0.0,0.0,0.0,0.0,0.0,0.0,0.0,0.0,4.0,0.0,0.0
12368340,297.81854248046875,303.1499938964844,285.1499938964844,0.0,-0.0,287.364501953125,0.0,0.0,9.381904237670824e-05,297.8310852050781,303.1499938964844,285.1499938964844,0.0,-0.0,287.3644714355469,0.0,0.0,9.879597200779244e-05,297.88360595703125,303.1499938964844,285.1499938964844,0.0,-0.0,287.3644714355469,0.0,0.0,7.297036790987477e-05,297.6162109375,303.1499938964844,285.1499938964844,0.0,-0.0,287.3644714355469,0.0,0.0,9.879597200779244e-05,298.01580810546875,303.1499938964844,285.1499938964844,0.0,-0.0,287.364501953125,0.0,0.0,0.0004686455358751,287.32830810546875,294.1499938964844,287.4203796386719,286.3530578613281,287.434814453125,287.3186340332031,287.3020324707031,0.0,0.0,0.0,0.0,1.0,1.0,-0.0009996369481086,5.821679582851402e-09,0.0009996311273425,-0.0143042225390672,0.0,0.0,0.0,-0.0076988697983324,60.0,0.0724186599254608,-0.0,-6.813095154711847e-08,0.0,283.1598205566406,287.84234619140625,290.39013671875,290.6860046386719,293.1499938964844,293.1499938964844,278.1499938964844,0.0,18000.0,313.1499938964844,0.0,18000.0,0.0,0.0,0.0,0.0,0.0,0.0,0.0,0.0,0.0,-0.0,-0.0,-0.0,6.445913975451006e-21,3.222956987725503e-21,3.2229567857771112e-21,0.0,0.0,-0.0,0.0,0.0,0.0,0.0,0.0,0.0,0.0,0.0,0.0,4.0,0.0,0.0
12368400,297.81854248046875,303.1499938964844,285.1499938964844,0.0,-0.0,287.364501953125,0.0,0.0,9.381904237670824e-05,297.8310852050781,303.1499938964844,285.1499938964844,0.0,-0.0,287.3644714355469,0.0,0.0,9.879597200779244e-05,297.88360595703125,303.1499938964844,285.1499938964844,0.0,-0.0,287.3644714355469,0.0,0.0,7.297036790987477e-05,297.6162109375,303.1499938964844,285.1499938964844,0.0,-0.0,287.3644714355469,0.0,0.0,9.879597200779244e-05,298.01580810546875,303.1499938964844,285.1499938964844,0.0,-0.0,287.364501953125,0.0,0.0,0.0004686455358751,287.32830810546875,294.1499938964844,287.4203796386719,286.3530578613281,287.434814453125,287.3186340332031,287.3020324707031,0.0,0.0,0.0,0.0,1.0,1.0,-0.0009996369481086,5.821679582851402e-09,0.0009996311273425,-0.0143042225390672,0.0,0.0,0.0,-0.0076988697983324,60.0,0.0724186599254608,-0.0,-6.813095154711847e-08,0.0,283.1598205566406,287.84234619140625,290.39013671875,290.6860046386719,293.1499938964844,293.1499938964844,278.1499938964844,0.0,18000.0,313.1499938964844,0.0,18000.0,0.0,0.0,0.0,0.0,0.0,0.0,0.0,0.0,0.0,-0.0,-0.0,-0.0,6.445913975451006e-21,3.222956987725503e-21,3.2229567857771112e-21,0.0,0.0,-0.0,0.0,0.0,0.0,0.0,0.0,0.0,0.0,0.0,0.0,4.0,0.0,0.0
12368460,297.8177490234375,303.1499938964844,285.1499938964844,0.0,-0.0,287.36376953125,0.0,0.0,9.396345558343457e-05,297.8288879394531,303.1499938964844,285.1499938964844,0.0,-0.0,287.3637390136719,0.0,0.0,9.894803952192888e-05,297.8812255859375,303.1499938964844,285.1499938964844,0.0,-0.0,287.3637390136719,0.0,0.0,7.308268686756492e-05,297.6083984375,303.1499938964844,285.1499938964844,0.0,-0.0,287.3637390136719,0.0,0.0,9.894803952192888e-05,298.0135803222656,303.1499938964844,285.1499938964844,0.0,-0.0,287.36376953125,0.0,0.0,0.0004693668743129,287.3279113769531,294.1499938964844,287.4419860839844,286.3838806152344,287.434814453125,287.3429870605469,287.302001953125,0.0,0.0,0.0,0.0,1.0,1.0,-0.0010011754930019,6.001589447635069e-09,0.0010011694394052,-0.0147755239158868,0.0,0.0,0.0,-0.007788058836013,60.0,0.0878287926316261,-0.0,-6.834083876583463e-08,0.0,283.1598205566406,287.84234619140625,290.39013671875,290.6860046386719,293.1499938964844,293.1499938964844,278.1499938964844,0.0,18000.0,313.1499938964844,0.0,18000.0,0.0,0.0,0.0,0.0,0.0,0.0,0.0,0.0,0.0,-0.0,-0.0,-0.0,6.445913975451006e-21,3.222956987725503e-21,3.2229567857771112e-21,0.0,0.0,-0.0,0.0,0.0,0.0,0.0,0.0,0.0,0.0,0.0,0.0,4.0,0.0,0.0
12368520,297.8177490234375,303.1499938964844,285.1499938964844,0.0,-0.0,287.36376953125,0.0,0.0,9.396345558343457e-05,297.8288879394531,303.1499938964844,285.1499938964844,0.0,-0.0,287.3637390136719,0.0,0.0,9.894803952192888e-05,297.8812255859375,303.1499938964844,285.1499938964844,0.0,-0.0,287.3637390136719,0.0,0.0,7.308268686756492e-05,297.6083984375,303.1499938964844,285.1499938964844,0.0,-0.0,287.3637390136719,0.0,0.0,9.894803952192888e-05,298.0135803222656,303.1499938964844,285.1499938964844,0.0,-0.0,287.36376953125,0.0,0.0,0.0004693668743129,287.3279113769531,294.1499938964844,287.4419860839844,286.3838806152344,287.434814453125,287.3429870605469,287.302001953125,0.0,0.0,0.0,0.0,1.0,1.0,-0.0010011754930019,6.001589447635069e-09,0.0010011694394052,-0.0147755239158868,0.0,0.0,0.0,-0.007788058836013,60.0,0.0878287926316261,-0.0,-6.834083876583463e-08,0.0,283.1598205566406,287.84234619140625,290.39013671875,290.6860046386719,293.1499938964844,293.1499938964844,278.1499938964844,0.0,18000.0,313.1499938964844,0.0,18000.0,0.0,0.0,0.0,0.0,0.0,0.0,0.0,0.0,0.0,-0.0,-0.0,-0.0,6.445913975451006e-21,3.222956987725503e-21,3.2229567857771112e-21,0.0,0.0,-0.0,0.0,0.0,0.0,0.0,0.0,0.0,0.0,0.0,0.0,4.0,0.0,0.0
12368580,297.8171691894531,303.1499938964844,285.1499938964844,0.0,-0.0,287.363037109375,0.0,0.0,9.412832150701432e-05,297.8266906738281,303.1499938964844,285.1499938964844,0.0,-0.0,287.363037109375,0.0,0.0,9.912165842251852e-05,297.8788452148437,303.1499938964844,285.1499938964844,0.0,-0.0,287.363037109375,0.0,0.0,7.321091834455729e-05,297.60089111328125,303.1499938964844,285.1499938964844,0.0,-0.0,287.363037109375,0.0,0.0,9.912165842251852e-05,298.0113830566406,303.1499938964844,285.1499938964844,0.0,-0.0,287.3630676269531,0.0,0.0,0.0004701904545072,287.3275146484375,294.1499938964844,287.4623107910156,286.41339111328125,287.4351806640625,287.3673095703125,287.30194091796875,0.0,0.0,0.0,0.0,1.0,1.0,-0.0010029319673776,6.2069891448857115e-09,0.0010029257973656,-0.0153135871514678,0.0,0.0,0.0,-0.0078898835927248,60.0,0.1024704426527023,-0.0,-6.85808601019744e-08,0.0,283.1598205566406,287.84234619140625,290.39013671875,290.6860046386719,293.1499938964844,293.1499938964844,278.1499938964844,0.0,18000.0,313.1499938964844,0.0,18000.0,0.0,0.0,0.0,0.0,0.0,0.0,0.0,0.0,0.0,-0.0,-0.0,-0.0,6.445913975451006e-21,3.222956987725503e-21,3.2229567857771112e-21,0.0,0.0,-0.0,0.0,0.0,0.0,0.0,0.0,0.0,0.0,0.0,0.0,4.0,0.0,0.0
12368640,297.8171691894531,303.1499938964844,285.1499938964844,0.0,-0.0,287.363037109375,0.0,0.0,9.412832150701432e-05,297.8266906738281,303.1499938964844,285.1499938964844,0.0,-0.0,287.363037109375,0.0,0.0,9.912165842251852e-05,297.8788452148437,303.1499938964844,285.1499938964844,0.0,-0.0,287.363037109375,0.0,0.0,7.321091834455729e-05,297.60089111328125,303.1499938964844,285.1499938964844,0.0,-0.0,287.363037109375,0.0,0.0,9.912165842251852e-05,298.0113830566406,303.1499938964844,285.1499938964844,0.0,-0.0,287.3630676269531,0.0,0.0,0.0004701904545072,287.3275146484375,294.1499938964844,287.4623107910156,286.41339111328125,287.4351806640625,287.3673095703125,287.30194091796875,0.0,0.0,0.0,0.0,1.0,1.0,-0.0010029319673776,6.2069891448857115e-09,0.0010029257973656,-0.0153135871514678,0.0,0.0,0.0,-0.0078898835927248,60.0,0.1024704426527023,-0.0,-6.85808601019744e-08,0.0,283.1598205566406,287.84234619140625,290.39013671875,290.6860046386719,293.1499938964844,293.1499938964844,278.1499938964844,0.0,18000.0,313.1499938964844,0.0,18000.0,0.0,0.0,0.0,0.0,0.0,0.0,0.0,0.0,0.0,-0.0,-0.0,-0.0,6.445913975451006e-21,3.222956987725503e-21,3.2229567857771112e-21,0.0,0.0,-0.0,0.0,0.0,0.0,0.0,0.0,0.0,0.0,0.0,0.0,4.0,0.0,0.0
12368700,297.81695556640625,303.1499938964844,285.1499938964844,0.0,-0.0,287.3626708984375,0.0,0.0,9.4216586148832e-05,297.8255615234375,303.1499938964844,285.1499938964844,0.0,-0.0,287.3626708984375,0.0,0.0,9.921460878103971e-05,297.87762451171875,303.1499938964844,285.1499938964844,0.0,-0.0,287.3626708984375,0.0,0.0,7.32795670046471e-05,297.5972900390625,303.1499938964844,285.1499938964844,0.0,-0.0,287.3626708984375,0.0,0.0,9.92146015050821e-05,298.01031494140625,303.1499938964844,285.1499938964844,0.0,-0.0,287.3627014160156,0.0,0.0,0.0004706313484348,287.32733154296875,294.1499938964844,287.47186279296875,286.4276123046875,287.4354858398437,287.37939453125,287.30194091796875,0.0,0.0,0.0,0.0,1.0,1.0,-0.0010038723703473,6.316955403207203e-09,0.00100386608392,-0.0156016470864415,0.0,0.0,0.0,-0.0079443985596299,60.0,0.1094498708844184,-0.0,-6.870953939142056e-08,0.0,283.1598205566406,287.84234619140625,290.39013671875,290.6860046386719,293.1499938964844,293.1499938964844,278.1499938964844,0.0,18000.0,313.1499938964844,0.0,18000.0,0.0,0.0,0.0,0.0,0.0,0.0,0.0,0.0,0.0,-0.0,-0.0,-0.0,6.445913975451006e-21,3.222956987725503e-21,3.2229567857771112e-21,0.0,0.0,-0.0,0.0,0.0,0.0,0.0,0.0,0.0,0.0,0.0,0.0,4.0,0.0,0.0
12368760,297.8167724609375,303.1499938964844,285.1499938964844,0.0,-0.0,287.3623352050781,0.0,0.0,9.430750651517884e-05,297.824462890625,303.1499938964844,285.1499938964844,0.0,-0.0,287.3623046875,0.0,0.0,9.931034583132714e-05,297.8764038085937,303.1499938964844,285.1499938964844,0.0,-0.0,287.3623046875,0.0,0.0,7.335028203669935e-05,297.5937805175781,303.1499938964844,285.1499938964844,0.0,-0.0,287.3623046875,0.0,0.0,9.931034583132714e-05,298.00927734375,303.1499938964844,285.1499938964844,0.0,-0.0,287.3623352050781,0.0,0.0,0.0004710855137091,287.3271179199219,294.1499938964844,287.4810485839844,286.4414367675781,287.4358825683594,287.3913269042969,287.3019104003906,0.0,0.0,0.0,0.0,1.0,1.0,-0.0010048410622403,6.4302256852499795e-09,0.0010048346593976,-0.0158983599394559,0.0,0.0,0.0,-0.0080005517229437,60.0,0.1161792650818824,-0.0,-6.884220482561433e-08,0.0,283.1598205566406,287.84234619140625,290.39013671875,290.6860046386719,293.1499938964844,293.1499938964844,278.1499938964844,0.0,18000.0,313.1499938964844,0.0,18000.0,0.0,0.0,0.0,0.0,0.0,0.0,0.0,0.0,0.0,-0.0,-0.0,-0.0,6.445913975451006e-21,3.222956987725503e-21,3.2229567857771112e-21,0.0,0.0,-0.0,0.0,0.0,0.0,0.0,0.0,0.0,0.0,0.0,0.0,4.0,0.0,0.0
12368820,297.8164978027344,303.1499938964844,285.1499938964844,0.0,-0.0,287.3616027832031,0.0,0.0,9.449317440157756e-05,297.8222045898437,303.1499938964844,285.1499938964844,0.0,-0.0,287.3616027832031,0.0,0.0,9.950586536433548e-05,297.8739624023437,303.1499938964844,285.1499938964844,0.0,-0.0,287.3616027832031,0.0,0.0,7.349468796746805e-05,297.5871276855469,303.1499938964844,285.1499938964844,0.0,-0.0,287.3616027832031,0.0,0.0,9.950586536433548e-05,298.0072021484375,303.1499938964844,285.1499938964844,0.0,-0.0,287.36163330078125,0.0,0.0,0.0004720129363704,287.3267517089844,294.1499938964844,287.4979858398437,286.4677734375,287.4368896484375,287.4146728515625,287.3018798828125,0.0,0.0,0.0,0.0,1.0,1.0,-0.0010068193078041,6.661537987895372e-09,0.0010068125557154,-0.0165042709559202,0.0,0.0,0.0,-0.008115223608911,60.0,0.1288230419158935,-0.0,-6.911352556926431e-08,0.0,283.1598205566406,287.84234619140625,290.39013671875,290.6860046386719,293.1499938964844,293.1499938964844,278.1499938964844,0.0,18000.0,313.1499938964844,0.0,18000.0,0.0,0.0,0.0,0.0,0.0,0.0,0.0,0.0,0.0,-0.0,-0.0,-0.0,6.445913975451006e-21,3.222956987725503e-21,3.2229567857771112e-21,0.0,0.0,-0.0,0.0,0.0,0.0,0.0,0.0,0.0,0.0,0.0,0.0,4.0,0.0,0.0
12368880,297.8164978027344,303.1499938964844,285.1499938964844,0.0,-0.0,287.3616027832031,0.0,0.0,9.449317440157756e-05,297.8222045898437,303.1499938964844,285.1499938964844,0.0,-0.0,287.3616027832031,0.0,0.0,9.950586536433548e-05,297.8739624023437,303.1499938964844,285.1499938964844,0.0,-0.0,287.3616027832031,0.0,0.0,7.349468796746805e-05,297.5871276855469,303.1499938964844,285.1499938964844,0.0,-0.0,287.3616027832031,0.0,0.0,9.950586536433548e-05,298.0072021484375,303.1499938964844,285.1499938964844,0.0,-0.0,287.36163330078125,0.0,0.0,0.0004720129363704,287.3267517089844,294.1499938964844,287.4979858398437,286.4677734375,287.4368896484375,287.4146728515625,287.3018798828125,0.0,0.0,0.0,0.0,1.0,1.0,-0.0010068193078041,6.661537987895372e-09,0.0010068125557154,-0.0165042709559202,0.0,0.0,0.0,-0.008115223608911,60.0,0.1288230419158935,-0.0,-6.911352556926431e-08,0.0,283.1598205566406,287.84234619140625,290.39013671875,290.6860046386719,293.1499938964844,293.1499938964844,278.1499938964844,0.0,18000.0,313.1499938964844,0.0,18000.0,0.0,0.0,0.0,0.0,0.0,0.0,0.0,0.0,0.0,-0.0,-0.0,-0.0,6.445913975451006e-21,3.222956987725503e-21,3.2229567857771112e-21,0.0,0.0,-0.0,0.0,0.0,0.0,0.0,0.0,0.0,0.0,0.0,0.0,4.0,0.0,0.0
12368940,297.8162841796875,303.1499938964844,285.1499938964844,0.0,-0.0,287.36090087890625,0.0,0.0,9.467562631471084e-05,297.8199768066406,303.1499938964844,285.1499938964844,0.0,-0.0,287.36090087890625,0.0,0.0,9.96979943010956e-05,297.8715209960937,303.1499938964844,285.1499938964844,0.0,-0.0,287.36090087890625,0.0,0.0,7.363659824477509e-05,297.5809326171875,303.1499938964844,285.1499938964844,0.0,-0.0,287.36090087890625,0.0,0.0,9.96979943010956e-05,298.0052185058594,303.1499938964844,285.1499938964844,0.0,-0.0,287.3609313964844,0.0,0.0,0.000472924351925,287.32635498046875,294.1499938964844,287.5129699707031,286.4921569824219,287.4381408691406,287.4370422363281,287.3018798828125,0.0,0.0,0.0,0.0,1.0,1.0,-0.0010087632108479,6.888849490849225e-09,0.0010087563423439,-0.0170996841043233,0.0,0.0,0.0,-0.0082279117777943,60.0,0.1402708441019058,-0.0,-6.93806754270554e-08,0.0,283.1598205566406,287.84234619140625,290.39013671875,290.6860046386719,293.1499938964844,293.1499938964844,278.1499938964844,0.0,18000.0,313.1499938964844,0.0,18000.0,0.0,0.0,0.0,0.0,0.0,0.0,0.0,0.0,0.0,-0.0,-0.0,-0.0,6.445913975451006e-21,3.222956987725503e-21,3.2229567857771112e-21,0.0,0.0,-0.0,0.0,0.0,0.0,0.0,0.0,0.0,0.0,0.0,0.0,4.0,0.0,0.0
12369000,297.8162841796875,303.1499938964844,285.1499938964844,0.0,-0.0,287.36090087890625,0.0,0.0,9.467562631471084e-05,297.8199768066406,303.1499938964844,285.1499938964844,0.0,-0.0,287.36090087890625,0.0,0.0,9.96979943010956e-05,297.8715209960937,303.1499938964844,285.1499938964844,0.0,-0.0,287.36090087890625,0.0,0.0,7.363659824477509e-05,297.5809326171875,303.1499938964844,285.1499938964844,0.0,-0.0,287.36090087890625,0.0,0.0,9.96979943010956e-05,298.0052185058594,303.1499938964844,285.1499938964844,0.0,-0.0,287.3609313964844,0.0,0.0,0.000472924351925,287.32635498046875,294.1499938964844,287.5129699707031,286.4921569824219,287.4381408691406,287.4370422363281,287.3018798828125,0.0,0.0,0.0,0.0,1.0,1.0,-0.0010087632108479,6.888849490849225e-09,0.0010087563423439,-0.0170996841043233,0.0,0.0,0.0,-0.0082279117777943,60.0,0.1402708441019058,-0.0,-6.93806754270554e-08,0.0,283.1598205566406,287.84234619140625,290.39013671875,290.6860046386719,293.1499938964844,293.1499938964844,278.1499938964844,0.0,18000.0,313.1499938964844,0.0,18000.0,0.0,0.0,0.0,0.0,0.0,0.0,0.0,0.0,0.0,-0.0,-0.0,-0.0,6.445913975451006e-21,3.222956987725503e-21,3.2229567857771112e-21,0.0,0.0,-0.0,0.0,0.0,0.0,0.0,0.0,0.0,0.0,0.0,0.0,4.0,0.0,0.0
12369060,297.8160095214844,303.1499938964844,285.1499938964844,0.0,-0.0,287.3601989746094,0.0,0.0,9.484422480454668e-05,297.8177490234375,303.1499938964844,285.1499938964844,0.0,-0.0,287.3601989746094,0.0,0.0,9.98755349428393e-05,297.8691101074219,303.1499938964844,285.1499938964844,0.0,-0.0,287.3601989746094,0.0,0.0,7.376773282885551e-05,297.5753173828125,303.1499938964844,285.1499938964844,0.0,-0.0,287.3601989746094,0.0,0.0,9.98755349428393e-05,298.0032958984375,303.1499938964844,285.1499938964844,0.0,-0.0,287.3602294921875,0.0,0.0,0.0004737665294669,287.32598876953125,294.1499938964844,287.52569580078125,286.514404296875,287.4396057128906,287.4579162597656,287.3018493652344,0.0,0.0,0.0,0.0,1.0,1.0,-0.001010559615679,7.098894361234897e-09,0.0010105525143444,-0.0176498536020517,0.0,0.0,0.0,-0.0083320401608943,60.0,0.150257796049118,-0.0,-6.962798693166405e-08,0.0,283.1598205566406,287.84234619140625,290.39013671875,290.6860046386719,293.1499938964844,293.1499938964844,278.1499938964844,0.0,18000.0,313.1499938964844,0.0,18000.0,0.0,0.0,0.0,0.0,0.0,0.0,0.0,0.0,0.0,-0.0,-0.0,-0.0,6.445913975451006e-21,3.222956987725503e-21,3.2229567857771112e-21,0.0,0.0,-0.0,0.0,0.0,0.0,0.0,0.0,0.0,0.0,0.0,0.0,4.0,0.0,0.0
12369120,297.8160095214844,303.1499938964844,285.1499938964844,0.0,-0.0,287.3601989746094,0.0,0.0,9.484422480454668e-05,297.8177490234375,303.1499938964844,285.1499938964844,0.0,-0.0,287.3601989746094,0.0,0.0,9.98755349428393e-05,297.8691101074219,303.1499938964844,285.1499938964844,0.0,-0.0,287.3601989746094,0.0,0.0,7.376773282885551e-05,297.5753173828125,303.1499938964844,285.1499938964844,0.0,-0.0,287.3601989746094,0.0,0.0,9.98755349428393e-05,298.0032958984375,303.1499938964844,285.1499938964844,0.0,-0.0,287.3602294921875,0.0,0.0,0.0004737665294669,287.32598876953125,294.1499938964844,287.52569580078125,286.514404296875,287.4396057128906,287.4579162597656,287.3018493652344,0.0,0.0,0.0,0.0,1.0,1.0,-0.001010559615679,7.098894361234897e-09,0.0010105525143444,-0.0176498536020517,0.0,0.0,0.0,-0.0083320401608943,60.0,0.150257796049118,-0.0,-6.962798693166405e-08,0.0,283.1598205566406,287.84234619140625,290.39013671875,290.6860046386719,293.1499938964844,293.1499938964844,278.1499938964844,0.0,18000.0,313.1499938964844,0.0,18000.0,0.0,0.0,0.0,0.0,0.0,0.0,0.0,0.0,0.0,-0.0,-0.0,-0.0,6.445913975451006e-21,3.222956987725503e-21,3.2229567857771112e-21,0.0,0.0,-0.0,0.0,0.0,0.0,0.0,0.0,0.0,0.0,0.0,0.0,4.0,0.0,0.0
12369180,297.815673828125,303.1499938964844,285.1499938964844,0.0,-0.0,287.3595275878906,0.0,0.0,9.498631698079409e-05,297.81561279296875,303.1499938964844,285.1499938964844,0.0,-0.0,287.3594970703125,0.0,0.0,0.0001000251650111,297.8667907714844,303.1499938964844,285.1499938964844,0.0,-0.0,287.3594970703125,0.0,0.0,7.387824734905735e-05,297.5702819824219,303.1499938964844,285.1499938964844,0.0,-0.0,287.3594970703125,0.0,0.0,0.0001000251650111,298.0014953613281,303.1499938964844,285.1499938964844,0.0,-0.0,287.3595275878906,0.0,0.0,0.0004744763136841,287.3256225585937,294.1499938964844,287.5360107421875,286.5342712402344,287.4412536621094,287.47686767578125,287.3018493652344,0.0,0.0,0.0,0.0,1.0,1.0,-0.0010120737133547,7.275921198868218e-09,0.0010120663791894,-0.0181135274469852,0.0,0.0,0.0,-0.0084198005497455,60.0,0.1586127430200576,-0.0,-6.98367585982851e-08,0.0,283.1598205566406,287.84234619140625,290.39013671875,290.6860046386719,293.1499938964844,293.1499938964844,278.1499938964844,0.0,18000.0,313.1499938964844,0.0,18000.0,0.0,0.0,0.0,0.0,0.0,0.0,0.0,0.0,0.0,-0.0,-0.0,-0.0,6.445913975451006e-21,3.222956987725503e-21,3.2229567857771112e-21,0.0,0.0,-0.0,0.0,0.0,0.0,0.0,0.0,0.0,0.0,0.0,0.0,4.0,0.0,0.0
12369240,297.815673828125,303.1499938964844,285.1499938964844,0.0,-0.0,287.3595275878906,0.0,0.0,9.498631698079409e-05,297.81561279296875,303.1499938964844,285.1499938964844,0.0,-0.0,287.3594970703125,0.0,0.0,0.0001000251650111,297.8667907714844,303.1499938964844,285.1499938964844,0.0,-0.0,287.3594970703125,0.0,0.0,7.387824734905735e-05,297.5702819824219,303.1499938964844,285.1499938964844,0.0,-0.0,287.3594970703125,0.0,0.0,0.0001000251650111,298.0014953613281,303.1499938964844,285.1499938964844,0.0,-0.0,287.3595275878906,0.0,0.0,0.0004744763136841,287.3256225585937,294.1499938964844,287.5360107421875,286.5342712402344,287.4412536621094,287.47686767578125,287.3018493652344,0.0,0.0,0.0,0.0,1.0,1.0,-0.0010120737133547,7.275921198868218e-09,0.0010120663791894,-0.0181135274469852,0.0,0.0,0.0,-0.0084198005497455,60.0,0.1586127430200576,-0.0,-6.98367585982851e-08,0.0,283.1598205566406,287.84234619140625,290.39013671875,290.6860046386719,293.1499938964844,293.1499938964844,278.1499938964844,0.0,18000.0,313.1499938964844,0.0,18000.0,0.0,0.0,0.0,0.0,0.0,0.0,0.0,0.0,0.0,-0.0,-0.0,-0.0,6.445913975451006e-21,3.222956987725503e-21,3.2229567857771112e-21,0.0,0.0,-0.0,0.0,0.0,0.0,0.0,0.0,0.0,0.0,0.0,0.0,4.0,0.0,0.0
12369300,297.8154296875,303.1499938964844,285.1499938964844,0.0,-0.0,287.35919189453125,0.0,0.0,9.50457324506715e-05,297.8145751953125,303.1499938964844,285.1499938964844,0.0,-0.0,287.3591613769531,0.0,0.0,0.0001000877382466,297.8656616210937,303.1499938964844,285.1499938964844,0.0,-0.0,287.3591613769531,0.0,0.0,7.392446423182264e-05,297.5680236816406,303.1499938964844,285.1499938964844,0.0,-0.0,287.3591613769531,0.0,0.0,0.0001000877382466,298.0006103515625,303.1499938964844,285.1499938964844,0.0,-0.0,287.35919189453125,0.0,0.0,0.0004747731145471,287.325439453125,294.1499938964844,287.5401611328125,286.54327392578125,287.442138671875,287.4854431152344,287.30181884765625,0.0,0.0,0.0,0.0,1.0,1.0,-0.0010127067798748,7.349943764722866e-09,0.0010126994457095,-0.0183074064552783,0.0,0.0,0.0,-0.0084564965218305,60.0,0.1620793491601944,-0.0,-6.992415535478359e-08,0.0,283.1598205566406,287.84234619140625,290.39013671875,290.6860046386719,293.1499938964844,293.1499938964844,278.1499938964844,0.0,18000.0,313.1499938964844,0.0,18000.0,0.0,0.0,0.0,0.0,0.0,0.0,0.0,0.0,0.0,-0.0,-0.0,-0.0,6.445913975451006e-21,3.222956987725503e-21,3.2229567857771112e-21,0.0,0.0,-0.0,0.0,0.0,0.0,0.0,0.0,0.0,0.0,0.0,0.0,4.0,0.0,0.0
12369360,297.81512451171875,303.1499938964844,285.1499938964844,0.0,-0.0,287.3588256835937,0.0,0.0,9.509418305242434e-05,297.8135681152344,303.1499938964844,285.1499938964844,0.0,-0.0,287.3588256835937,0.0,0.0,0.0001001387572614,297.86456298828125,303.1499938964844,285.1499938964844,0.0,-0.0,287.3588256835937,0.0,0.0,7.39621464163065e-05,297.56591796875,303.1499938964844,285.1499938964844,0.0,-0.0,287.3588256835937,0.0,0.0,0.0001001387572614,297.9997863769531,303.1499938964844,285.1499938964844,0.0,-0.0,287.3588562011719,0.0,0.0,0.0004750151128973,287.32525634765625,294.1499938964844,287.54364013671875,286.55157470703125,287.44305419921875,287.493408203125,287.30181884765625,0.0,0.0,0.0,0.0,1.0,1.0,-0.0010132230818271,7.410303037858057e-09,0.0010132156312465,-0.0184654965996742,0.0,0.0,0.0,-0.0084864199161529,60.0,0.1651220619678497,-0.0,-6.999545121288976e-08,0.0,283.1598205566406,287.84234619140625,290.39013671875,290.6860046386719,293.1499938964844,293.1499938964844,278.1499938964844,0.0,18000.0,313.1499938964844,0.0,18000.0,0.0,0.0,0.0,0.0,0.0,0.0,0.0,0.0,0.0,-0.0,-0.0,-0.0,6.445913975451006e-21,3.222956987725503e-21,3.2229567857771112e-21,0.0,0.0,-0.0,0.0,0.0,0.0,0.0,0.0,0.0,0.0,0.0,0.0,4.0,0.0,0.0
12369420,297.81427001953125,303.1499938964844,285.1499938964844,0.0,-0.0,287.358154296875,0.0,0.0,9.515530109638348e-05,297.8116149902344,303.1499938964844,285.1499938964844,0.0,-0.0,287.358154296875,0.0,0.0,0.0001002031131065,297.8624572753906,303.1499938964844,285.1499938964844,0.0,-0.0,287.358154296875,0.0,0.0,7.400968024739996e-05,297.56219482421875,303.1499938964844,285.1499938964844,0.0,-0.0,287.358154296875,0.0,0.0,0.0001002031131065,297.9981689453125,303.1499938964844,285.1499938964844,0.0,-0.0,287.3581848144531,0.0,0.0,0.0004753204120788,287.32489013671875,294.1499938964844,287.5483703613281,286.5660705566406,287.4449157714844,287.50750732421875,287.30181884765625,0.0,0.0,0.0,0.0,1.0,1.0,-0.0010138743091374,7.486438136083962e-09,0.0010138667421415,-0.0186649039387702,0.0,0.0,0.0,-0.0085241636261343,60.0,0.1697591245174408,-0.0,-7.008544145037376e-08,0.0,283.1598205566406,287.84234619140625,290.39013671875,290.6860046386719,293.1499938964844,293.1499938964844,278.1499938964844,0.0,18000.0,313.1499938964844,0.0,18000.0,0.0,0.0,0.0,0.0,0.0,0.0,0.0,0.0,0.0,-0.0,-0.0,-0.0,6.445913975451006e-21,3.222956987725503e-21,3.2229567857771112e-21,0.0,0.0,-0.0,0.0,0.0,0.0,0.0,0.0,0.0,0.0,0.0,0.0,4.0,0.0,0.0
12369480,297.81427001953125,303.1499938964844,285.1499938964844,0.0,-0.0,287.358154296875,0.0,0.0,9.515530109638348e-05,297.8116149902344,303.1499938964844,285.1499938964844,0.0,-0.0,287.358154296875,0.0,0.0,0.0001002031131065,297.8624572753906,303.1499938964844,285.1499938964844,0.0,-0.0,287.358154296875,0.0,0.0,7.400968024739996e-05,297.56219482421875,303.1499938964844,285.1499938964844,0.0,-0.0,287.358154296875,0.0,0.0,0.0001002031131065,297.9981689453125,303.1499938964844,285.1499938964844,0.0,-0.0,287.3581848144531,0.0,0.0,0.0004753204120788,287.32489013671875,294.1499938964844,287.5483703613281,286.5660705566406,287.4449157714844,287.50750732421875,287.30181884765625,0.0,0.0,0.0,0.0,1.0,1.0,-0.0010138743091374,7.486438136083962e-09,0.0010138667421415,-0.0186649039387702,0.0,0.0,0.0,-0.0085241636261343,60.0,0.1697591245174408,-0.0,-7.008544145037376e-08,0.0,283.1598205566406,287.84234619140625,290.39013671875,290.6860046386719,293.1499938964844,293.1499938964844,278.1499938964844,0.0,18000.0,313.1499938964844,0.0,18000.0,0.0,0.0,0.0,0.0,0.0,0.0,0.0,0.0,0.0,-0.0,-0.0,-0.0,6.445913975451006e-21,3.222956987725503e-21,3.2229567857771112e-21,0.0,0.0,-0.0,0.0,0.0,0.0,0.0,0.0,0.0,0.0,0.0,0.0,4.0,0.0,0.0
12369540,297.81304931640625,303.1499938964844,285.1499938964844,0.0,-0.0,287.35748291015625,0.0,0.0,9.51635738601908e-05,297.809814453125,303.1499938964844,285.1499938964844,0.0,-0.0,287.35748291015625,0.0,0.0,0.0001002118224278,297.86053466796875,303.1499938964844,285.1499938964844,0.0,-0.0,287.35748291015625,0.0,0.0,7.40161121939309e-05,297.5592346191406,303.1499938964844,285.1499938964844,0.0,-0.0,287.35748291015625,0.0,0.0,0.0001002118224278,297.9966735839844,303.1499938964844,285.1499938964844,0.0,-0.0,287.3575134277344,0.0,0.0,0.0004753617395181,287.3245544433594,294.1499938964844,287.54998779296875,286.5775451660156,287.44677734375,287.5184631347656,287.3018493652344,0.0,0.0,0.0,0.0,1.0,1.0,-0.0010139625519514,7.496737453038804e-09,0.0010139549849554,-0.0186918787658214,0.0,0.0,0.0,-0.0085292709991335,60.0,0.1720918715000152,-0.0,-7.009762015286469e-08,0.0,283.1598205566406,287.84234619140625,290.39013671875,290.6860046386719,293.1499938964844,293.1499938964844,278.1499938964844,0.0,18000.0,313.1499938964844,0.0,18000.0,0.0,0.0,0.0,0.0,0.0,0.0,0.0,0.0,0.0,-0.0,-0.0,-0.0,6.445913975451006e-21,3.222956987725503e-21,3.2229567857771112e-21,0.0,0.0,-0.0,0.0,0.0,0.0,0.0,0.0,0.0,0.0,0.0,0.0,4.0,0.0,0.0
12369600,297.81304931640625,303.1499938964844,285.1499938964844,0.0,-0.0,287.35748291015625,0.0,0.0,9.51635738601908e-05,297.809814453125,303.1499938964844,285.1499938964844,0.0,-0.0,287.35748291015625,0.0,0.0,0.0001002118224278,297.86053466796875,303.1499938964844,285.1499938964844,0.0,-0.0,287.35748291015625,0.0,0.0,7.40161121939309e-05,297.5592346191406,303.1499938964844,285.1499938964844,0.0,-0.0,287.35748291015625,0.0,0.0,0.0001002118224278,297.9966735839844,303.1499938964844,285.1499938964844,0.0,-0.0,287.3575134277344,0.0,0.0,0.0004753617395181,287.3245544433594,294.1499938964844,287.54998779296875,286.5775451660156,287.44677734375,287.5184631347656,287.3018493652344,0.0,0.0,0.0,0.0,1.0,1.0,-0.0010139625519514,7.496737453038804e-09,0.0010139549849554,-0.0186918787658214,0.0,0.0,0.0,-0.0085292709991335,60.0,0.1720918715000152,-0.0,-7.009762015286469e-08,0.0,283.1598205566406,287.84234619140625,290.39013671875,290.6860046386719,293.1499938964844,293.1499938964844,278.1499938964844,0.0,18000.0,313.1499938964844,0.0,18000.0,0.0,0.0,0.0,0.0,0.0,0.0,0.0,0.0,0.0,-0.0,-0.0,-0.0,6.445913975451006e-21,3.222956987725503e-21,3.2229567857771112e-21,0.0,0.0,-0.0,0.0,0.0,0.0,0.0,0.0,0.0,0.0,0.0,0.0,4.0,0.0,0.0
12369660,297.8114013671875,303.1499938964844,285.1499938964844,0.0,-0.0,287.3568420410156,0.0,0.0,9.51234542299062e-05,297.8081970214844,303.1499938964844,285.1499938964844,0.0,-0.0,287.3568115234375,0.0,0.0,0.0001001695854938,297.8588256835937,303.1499938964844,285.1499938964844,0.0,-0.0,287.3568115234375,0.0,0.0,7.398491288768128e-05,297.5570068359375,303.1499938964844,285.1499938964844,0.0,-0.0,287.3568115234375,0.0,0.0,0.0001001695854938,297.99530029296875,303.1499938964844,285.1499938964844,0.0,-0.0,287.3568420410156,0.0,0.0,0.0004751613596454,287.3241882324219,294.1499938964844,287.54998779296875,286.5874328613281,287.4486389160156,287.5267333984375,287.3018493652344,0.0,0.0,0.0,0.0,1.0,1.0,-0.0010135351913049,7.446750771578081e-09,0.0010135277407243,-0.0185609590262174,0.0,0.0,0.0,-0.0085044912993907,60.0,0.1727252751588821,-0.0,-7.003852431353152e-08,0.0,283.1598205566406,287.84234619140625,290.39013671875,290.6860046386719,293.1499938964844,293.1499938964844,278.1499938964844,0.0,18000.0,313.1499938964844,0.0,18000.0,0.0,0.0,0.0,0.0,0.0,0.0,0.0,0.0,0.0,-0.0,-0.0,-0.0,6.445913975451006e-21,3.222956987725503e-21,3.2229567857771112e-21,0.0,0.0,-0.0,0.0,0.0,0.0,0.0,0.0,0.0,0.0,0.0,0.0,4.0,0.0,0.0
12369720,297.8114013671875,303.1499938964844,285.1499938964844,0.0,-0.0,287.3568420410156,0.0,0.0,9.51234542299062e-05,297.8081970214844,303.1499938964844,285.1499938964844,0.0,-0.0,287.3568115234375,0.0,0.0,0.0001001695854938,297.8588256835937,303.1499938964844,285.1499938964844,0.0,-0.0,287.3568115234375,0.0,0.0,7.398491288768128e-05,297.5570068359375,303.1499938964844,285.1499938964844,0.0,-0.0,287.3568115234375,0.0,0.0,0.0001001695854938,297.99530029296875,303.1499938964844,285.1499938964844,0.0,-0.0,287.3568420410156,0.0,0.0,0.0004751613596454,287.3241882324219,294.1499938964844,287.54998779296875,286.5874328613281,287.4486389160156,287.5267333984375,287.3018493652344,0.0,0.0,0.0,0.0,1.0,1.0,-0.0010135351913049,7.446750771578081e-09,0.0010135277407243,-0.0185609590262174,0.0,0.0,0.0,-0.0085044912993907,60.0,0.1727252751588821,-0.0,-7.003852431353152e-08,0.0,283.1598205566406,287.84234619140625,290.39013671875,290.6860046386719,293.1499938964844,293.1499938964844,278.1499938964844,0.0,18000.0,313.1499938964844,0.0,18000.0,0.0,0.0,0.0,0.0,0.0,0.0,0.0,0.0,0.0,-0.0,-0.0,-0.0,6.445913975451006e-21,3.222956987725503e-21,3.2229567857771112e-21,0.0,0.0,-0.0,0.0,0.0,0.0,0.0,0.0,0.0,0.0,0.0,0.0,4.0,0.0,0.0
12369780,297.80926513671875,303.1499938964844,285.1499938964844,0.0,-0.0,287.3561706542969,0.0,0.0,9.504309127805756e-05,297.8067321777344,303.1499938964844,285.1499938964844,0.0,-0.0,287.3561706542969,0.0,0.0,0.0001000849515548,297.8572998046875,303.1499938964844,285.1499938964844,0.0,-0.0,287.3561706542969,0.0,0.0,7.392240513581783e-05,297.5555114746094,303.1499938964844,285.1499938964844,0.0,-0.0,287.3561706542969,0.0,0.0,0.0001000849515548,297.9940490722656,303.1499938964844,285.1499938964844,0.0,-0.0,287.356201171875,0.0,0.0,0.0004747599014081,287.3238525390625,294.1499938964844,287.54998779296875,286.5973205566406,287.450439453125,287.5326843261719,287.3018798828125,0.0,0.0,0.0,0.0,1.0,1.0,-0.0010126788401976,7.346612651559781e-09,0.0010126715060323,-0.0182986799627542,0.0,0.0,0.0,-0.008454849012196,60.0,0.172730803489685,-0.0,-6.992021894802748e-08,0.0,283.1598205566406,287.84234619140625,290.39013671875,290.6860046386719,293.1499938964844,293.1499938964844,278.1499938964844,0.0,18000.0,313.1499938964844,0.0,18000.0,0.0,0.0,0.0,0.0,0.0,0.0,0.0,0.0,0.0,-0.0,-0.0,-0.0,6.445913975451006e-21,3.222956987725503e-21,3.2229567857771112e-21,0.0,0.0,-0.0,0.0,0.0,0.0,0.0,0.0,0.0,0.0,0.0,0.0,4.0,0.0,0.0
12369840,297.80926513671875,303.1499938964844,285.1499938964844,0.0,-0.0,287.3561706542969,0.0,0.0,9.504309127805756e-05,297.8067321777344,303.1499938964844,285.1499938964844,0.0,-0.0,287.3561706542969,0.0,0.0,0.0001000849515548,297.8572998046875,303.1499938964844,285.1499938964844,0.0,-0.0,287.3561706542969,0.0,0.0,7.392240513581783e-05,297.5555114746094,303.1499938964844,285.1499938964844,0.0,-0.0,287.3561706542969,0.0,0.0,0.0001000849515548,297.9940490722656,303.1499938964844,285.1499938964844,0.0,-0.0,287.356201171875,0.0,0.0,0.0004747599014081,287.3238525390625,294.1499938964844,287.54998779296875,286.5973205566406,287.450439453125,287.5326843261719,287.3018798828125,0.0,0.0,0.0,0.0,1.0,1.0,-0.0010126788401976,7.346612651559781e-09,0.0010126715060323,-0.0182986799627542,0.0,0.0,0.0,-0.008454849012196,60.0,0.172730803489685,-0.0,-6.992021894802748e-08,0.0,283.1598205566406,287.84234619140625,290.39013671875,290.6860046386719,293.1499938964844,293.1499938964844,278.1499938964844,0.0,18000.0,313.1499938964844,0.0,18000.0,0.0,0.0,0.0,0.0,0.0,0.0,0.0,0.0,0.0,-0.0,-0.0,-0.0,6.445913975451006e-21,3.222956987725503e-21,3.2229567857771112e-21,0.0,0.0,-0.0,0.0,0.0,0.0,0.0,0.0,0.0,0.0,0.0,0.0,4.0,0.0,0.0
12369900,297.8080444335937,303.1499938964844,285.1499938964844,0.0,-0.0,287.3558654785156,0.0,0.0,9.49912573560141e-05,297.8060607910156,303.1499938964844,285.1499938964844,0.0,-0.0,287.3558349609375,0.0,0.0,0.0001000303673208,297.8565979003906,303.1499938964844,285.1499938964844,0.0,-0.0,287.3558349609375,0.0,0.0,7.388208905467764e-05,297.5550231933594,303.1499938964844,285.1499938964844,0.0,-0.0,287.3558654785156,0.0,0.0,0.0001000303673208,297.9934387207031,303.1499938964844,285.1499938964844,0.0,-0.0,287.3558654785156,0.0,0.0,0.0004745009937323,287.3236694335937,294.1499938964844,287.54998779296875,286.6022644042969,287.45135498046875,287.5350646972656,287.3018798828125,0.0,0.0,0.0,0.0,1.0,1.0,-0.0010121265659108,7.282027869592866e-09,0.0010121193481609,-0.0181295219808816,0.0,0.0,0.0,-0.0084228310734033,60.0,0.1726661920547485,-0.0,-6.984397060705305e-08,0.0,283.1598205566406,287.84234619140625,290.39013671875,290.6860046386719,293.1499938964844,293.1499938964844,278.1499938964844,0.0,18000.0,313.1499938964844,0.0,18000.0,0.0,0.0,0.0,0.0,0.0,0.0,0.0,0.0,0.0,-0.0,-0.0,-0.0,6.445913975451006e-21,3.222956987725503e-21,3.2229567857771112e-21,0.0,0.0,-0.0,0.0,0.0,0.0,0.0,0.0,0.0,0.0,0.0,0.0,4.0,0.0,0.0
12369960,297.8067321777344,303.1499938964844,285.1499938964844,0.0,-0.0,287.35552978515625,0.0,0.0,9.493131074123085e-05,297.8054504394531,303.1499938964844,285.1499938964844,0.0,-0.0,287.35552978515625,0.0,0.0,9.996724838856608e-05,297.85595703125,303.1499938964844,285.1499938964844,0.0,-0.0,287.35552978515625,0.0,0.0,7.383546471828595e-05,297.5546875,303.1499938964844,285.1499938964844,0.0,-0.0,287.35552978515625,0.0,0.0,9.996724838856608e-05,297.9928894042969,303.1499938964844,285.1499938964844,0.0,-0.0,287.3555603027344,0.0,0.0,0.0004742015444207,287.3235168457031,294.1499938964844,287.54998779296875,286.6072082519531,287.4522399902344,287.5370788574219,287.3019104003906,0.0,0.0,0.0,0.0,1.0,1.0,-0.0010114879114553,7.207340058101863e-09,0.0010114806937053,-0.0179338976740837,0.0,0.0,0.0,-0.0083858054131269,60.0,0.1725747734308242,-0.0,-6.975584199153674e-08,0.0,283.1598205566406,287.84234619140625,290.39013671875,290.6860046386719,293.1499938964844,293.1499938964844,278.1499938964844,0.0,18000.0,313.1499938964844,0.0,18000.0,0.0,0.0,0.0,0.0,0.0,0.0,0.0,0.0,0.0,-0.0,-0.0,-0.0,6.445913975451006e-21,3.222956987725503e-21,3.2229567857771112e-21,0.0,0.0,-0.0,0.0,0.0,0.0,0.0,0.0,0.0,0.0,0.0,0.0,4.0,0.0,0.0
12370020,297.8038024902344,303.1499938964844,285.1499938964844,0.0,-0.0,287.3549194335937,0.0,0.0,9.47936496231705e-05,297.8042907714844,303.1499938964844,285.1499938964844,0.0,-0.0,287.3548889160156,0.0,0.0,9.982228220906109e-05,297.8547668457031,303.1499938964844,285.1499938964844,0.0,-0.0,287.3548889160156,0.0,0.0,7.372839900199324e-05,297.5544128417969,303.1499938964844,285.1499938964844,0.0,-0.0,287.3548889160156,0.0,0.0,9.982228220906109e-05,297.9918518066406,303.1499938964844,285.1499938964844,0.0,-0.0,287.3549194335937,0.0,0.0,0.0004735139082185,287.3231811523437,294.1499938964844,287.54998779296875,286.6170959472656,287.4539794921875,287.5403747558594,287.30194091796875,0.0,0.0,0.0,0.0,1.0,1.0,-0.0010100211948156,7.035817706224634e-09,0.001010014093481,-0.0174846388399601,0.0,0.0,0.0,-0.0083007747307419,60.0,0.1723438054323196,-0.0,-6.95536712669309e-08,0.0,283.1598205566406,287.84234619140625,290.39013671875,290.6860046386719,293.1499938964844,293.1499938964844,278.1499938964844,0.0,18000.0,313.1499938964844,0.0,18000.0,0.0,0.0,0.0,0.0,0.0,0.0,0.0,0.0,0.0,-0.0,-0.0,-0.0,6.445913975451006e-21,3.222956987725503e-21,3.2229567857771112e-21,0.0,0.0,-0.0,0.0,0.0,0.0,0.0,0.0,0.0,0.0,0.0,0.0,4.0,0.0,0.0
12370080,297.8038024902344,303.1499938964844,285.1499938964844,0.0,-0.0,287.3549194335937,0.0,0.0,9.47936496231705e-05,297.8042907714844,303.1499938964844,285.1499938964844,0.0,-0.0,287.3548889160156,0.0,0.0,9.982228220906109e-05,297.8547668457031,303.1499938964844,285.1499938964844,0.0,-0.0,287.3548889160156,0.0,0.0,7.372839900199324e-05,297.5544128417969,303.1499938964844,285.1499938964844,0.0,-0.0,287.3548889160156,0.0,0.0,9.982228220906109e-05,297.9918518066406,303.1499938964844,285.1499938964844,0.0,-0.0,287.3549194335937,0.0,0.0,0.0004735139082185,287.3231811523437,294.1499938964844,287.54998779296875,286.6170959472656,287.4539794921875,287.5403747558594,287.30194091796875,0.0,0.0,0.0,0.0,1.0,1.0,-0.0010100211948156,7.035817706224634e-09,0.001010014093481,-0.0174846388399601,0.0,0.0,0.0,-0.0083007747307419,60.0,0.1723438054323196,-0.0,-6.95536712669309e-08,0.0,283.1598205566406,287.84234619140625,290.39013671875,290.6860046386719,293.1499938964844,293.1499938964844,278.1499938964844,0.0,18000.0,313.1499938964844,0.0,18000.0,0.0,0.0,0.0,0.0,0.0,0.0,0.0,0.0,0.0,-0.0,-0.0,-0.0,6.445913975451006e-21,3.222956987725503e-21,3.2229567857771112e-21,0.0,0.0,-0.0,0.0,0.0,0.0,0.0,0.0,0.0,0.0,0.0,0.0,4.0,0.0,0.0
12370140,297.8005676269531,303.1499938964844,285.1499938964844,0.0,-0.0,287.3542785644531,0.0,0.0,9.464051254326478e-05,297.8033142089844,303.1499938964844,285.1499938964844,0.0,-0.0,287.3542785644531,0.0,0.0,9.966101788450032e-05,297.853759765625,303.1499938964844,285.1499938964844,0.0,-0.0,287.3542785644531,0.0,0.0,7.360929157584906e-05,297.5547790527344,303.1499938964844,285.1499938964844,0.0,-0.0,287.3542785644531,0.0,0.0,9.966101788450032e-05,297.99090576171875,303.1499938964844,285.1499938964844,0.0,-0.0,287.35430908203125,0.0,0.0,0.0004727489431388,287.3228454589844,294.1499938964844,287.54998779296875,286.626953125,287.4556884765625,287.5427551269531,287.3019714355469,0.0,0.0,0.0,0.0,1.0,1.0,-0.0010083894012495,6.845014333123345e-09,0.0010083826491609,-0.0169848650693893,0.0,0.0,0.0,-0.0082061858847737,60.0,0.1720622181892395,-0.0,-6.932911134072128e-08,0.0,283.1598205566406,287.84234619140625,290.39013671875,290.6860046386719,293.1499938964844,293.1499938964844,278.1499938964844,0.0,18000.0,313.1499938964844,0.0,18000.0,0.0,0.0,0.0,0.0,0.0,0.0,0.0,0.0,0.0,-0.0,-0.0,-0.0,6.445913975451006e-21,3.222956987725503e-21,3.2229567857771112e-21,0.0,0.0,-0.0,0.0,0.0,0.0,0.0,0.0,0.0,0.0,0.0,0.0,4.0,0.0,0.0
12370200,297.8005676269531,303.1499938964844,285.1499938964844,0.0,-0.0,287.3542785644531,0.0,0.0,9.464051254326478e-05,297.8033142089844,303.1499938964844,285.1499938964844,0.0,-0.0,287.3542785644531,0.0,0.0,9.966101788450032e-05,297.853759765625,303.1499938964844,285.1499938964844,0.0,-0.0,287.3542785644531,0.0,0.0,7.360929157584906e-05,297.5547790527344,303.1499938964844,285.1499938964844,0.0,-0.0,287.3542785644531,0.0,0.0,9.966101788450032e-05,297.99090576171875,303.1499938964844,285.1499938964844,0.0,-0.0,287.35430908203125,0.0,0.0,0.0004727489431388,287.3228454589844,294.1499938964844,287.54998779296875,286.626953125,287.4556884765625,287.5427551269531,287.3019714355469,0.0,0.0,0.0,0.0,1.0,1.0,-0.0010083894012495,6.845014333123345e-09,0.0010083826491609,-0.0169848650693893,0.0,0.0,0.0,-0.0082061858847737,60.0,0.1720622181892395,-0.0,-6.932911134072128e-08,0.0,283.1598205566406,287.84234619140625,290.39013671875,290.6860046386719,293.1499938964844,293.1499938964844,278.1499938964844,0.0,18000.0,313.1499938964844,0.0,18000.0,0.0,0.0,0.0,0.0,0.0,0.0,0.0,0.0,0.0,-0.0,-0.0,-0.0,6.445913975451006e-21,3.222956987725503e-21,3.2229567857771112e-21,0.0,0.0,-0.0,0.0,0.0,0.0,0.0,0.0,0.0,0.0,0.0,0.0,4.0,0.0,0.0
12370260,297.797119140625,303.1499938964844,285.1499938964844,0.0,-0.0,287.3536682128906,0.0,0.0,9.447910997550936e-05,297.8024597167969,303.1499938964844,285.1499938964844,0.0,-0.0,287.3536376953125,0.0,0.0,9.9491051514633e-05,297.8529357910156,303.1499938964844,285.1499938964844,0.0,-0.0,287.3536376953125,0.0,0.0,7.348375220317394e-05,297.5557556152344,303.1499938964844,285.1499938964844,0.0,-0.0,287.3536376953125,0.0,0.0,9.9491051514633e-05,297.9901123046875,303.1499938964844,285.1499938964844,0.0,-0.0,287.3536682128906,0.0,0.0,0.0004719427088275,287.3225402832031,294.1499938964844,287.54998779296875,286.6368408203125,287.4573669433594,287.5444641113281,287.3020324707031,0.0,0.0,0.0,0.0,1.0,1.0,-0.0010066695977002,6.643916972137731e-09,0.0010066629620268,-0.0164581127464771,0.0,0.0,0.0,-0.0081064933910965,60.0,0.1717506647109985,-0.0,-6.909283456479899e-08,0.0,283.1598205566406,287.84234619140625,290.39013671875,290.6860046386719,293.1499938964844,293.1499938964844,278.1499938964844,0.0,18000.0,313.1499938964844,0.0,18000.0,0.0,0.0,0.0,0.0,0.0,0.0,0.0,0.0,0.0,-0.0,-0.0,-0.0,6.445913975451006e-21,3.222956987725503e-21,3.2229567857771112e-21,0.0,0.0,-0.0,0.0,0.0,0.0,0.0,0.0,0.0,0.0,0.0,0.0,4.0,0.0,0.0
12370320,297.797119140625,303.1499938964844,285.1499938964844,0.0,-0.0,287.3536682128906,0.0,0.0,9.447910997550936e-05,297.8024597167969,303.1499938964844,285.1499938964844,0.0,-0.0,287.3536376953125,0.0,0.0,9.9491051514633e-05,297.8529357910156,303.1499938964844,285.1499938964844,0.0,-0.0,287.3536376953125,0.0,0.0,7.348375220317394e-05,297.5557556152344,303.1499938964844,285.1499938964844,0.0,-0.0,287.3536376953125,0.0,0.0,9.9491051514633e-05,297.9901123046875,303.1499938964844,285.1499938964844,0.0,-0.0,287.3536682128906,0.0,0.0,0.0004719427088275,287.3225402832031,294.1499938964844,287.54998779296875,286.6368408203125,287.4573669433594,287.5444641113281,287.3020324707031,0.0,0.0,0.0,0.0,1.0,1.0,-0.0010066695977002,6.643916972137731e-09,0.0010066629620268,-0.0164581127464771,0.0,0.0,0.0,-0.0081064933910965,60.0,0.1717506647109985,-0.0,-6.909283456479899e-08,0.0,283.1598205566406,287.84234619140625,290.39013671875,290.6860046386719,293.1499938964844,293.1499938964844,278.1499938964844,0.0,18000.0,313.1499938964844,0.0,18000.0,0.0,0.0,0.0,0.0,0.0,0.0,0.0,0.0,0.0,-0.0,-0.0,-0.0,6.445913975451006e-21,3.222956987725503e-21,3.2229567857771112e-21,0.0,0.0,-0.0,0.0,0.0,0.0,0.0,0.0,0.0,0.0,0.0,0.0,4.0,0.0,0.0
12370380,297.7935485839844,303.1499938964844,285.1499938964844,0.0,-0.0,287.3530578613281,0.0,0.0,9.431802027393132e-05,297.8016967773437,303.1499938964844,285.1499938964844,0.0,-0.0,287.35302734375,0.0,0.0,9.932141983881591e-05,297.8521728515625,303.1499938964844,285.1499938964844,0.0,-0.0,287.35302734375,0.0,0.0,7.33584602130577e-05,297.5572509765625,303.1499938964844,285.1499938964844,0.0,-0.0,287.3530578613281,0.0,0.0,9.932141983881591e-05,297.9894104003906,303.1499938964844,285.1499938964844,0.0,-0.0,287.3530578613281,0.0,0.0,0.0004711380170192,287.3222045898437,294.1499938964844,287.54998779296875,286.6466979980469,287.4590148925781,287.54571533203125,287.30206298828125,0.0,0.0,0.0,0.0,1.0,1.0,-0.0010049531701952,6.443205524675477e-09,0.0010049467673525,-0.01593236066401,0.0,0.0,0.0,-0.0080069918185472,60.0,0.1714276820421219,-0.0,-6.885741754558694e-08,0.0,283.1598205566406,287.84234619140625,290.39013671875,290.6860046386719,293.1499938964844,293.1499938964844,278.1499938964844,0.0,18000.0,313.1499938964844,0.0,18000.0,0.0,0.0,0.0,0.0,0.0,0.0,0.0,0.0,0.0,-0.0,-0.0,-0.0,6.445913975451006e-21,3.222956987725503e-21,3.2229567857771112e-21,0.0,0.0,-0.0,0.0,0.0,0.0,0.0,0.0,0.0,0.0,0.0,0.0,4.0,0.0,0.0
12370440,297.7935485839844,303.1499938964844,285.1499938964844,0.0,-0.0,287.3530578613281,0.0,0.0,9.431802027393132e-05,297.8016967773437,303.1499938964844,285.1499938964844,0.0,-0.0,287.35302734375,0.0,0.0,9.932141983881591e-05,297.8521728515625,303.1499938964844,285.1499938964844,0.0,-0.0,287.35302734375,0.0,0.0,7.33584602130577e-05,297.5572509765625,303.1499938964844,285.1499938964844,0.0,-0.0,287.3530578613281,0.0,0.0,9.932141983881591e-05,297.9894104003906,303.1499938964844,285.1499938964844,0.0,-0.0,287.3530578613281,0.0,0.0,0.0004711380170192,287.3222045898437,294.1499938964844,287.54998779296875,286.6466979980469,287.4590148925781,287.54571533203125,287.30206298828125,0.0,0.0,0.0,0.0,1.0,1.0,-0.0010049531701952,6.443205524675477e-09,0.0010049467673525,-0.01593236066401,0.0,0.0,0.0,-0.0080069918185472,60.0,0.1714276820421219,-0.0,-6.885741754558694e-08,0.0,283.1598205566406,287.84234619140625,290.39013671875,290.6860046386719,293.1499938964844,293.1499938964844,278.1499938964844,0.0,18000.0,313.1499938964844,0.0,18000.0,0.0,0.0,0.0,0.0,0.0,0.0,0.0,0.0,0.0,-0.0,-0.0,-0.0,6.445913975451006e-21,3.222956987725503e-21,3.2229567857771112e-21,0.0,0.0,-0.0,0.0,0.0,0.0,0.0,0.0,0.0,0.0,0.0,0.0,4.0,0.0,0.0
12370500,297.7917785644531,303.1499938964844,285.1499938964844,0.0,-0.0,287.3527526855469,0.0,0.0,9.424024756299332e-05,297.8013610839844,303.1499938964844,285.1499938964844,0.0,-0.0,287.3527526855469,0.0,0.0,9.923952165991068e-05,297.8518371582031,303.1499938964844,285.1499938964844,0.0,-0.0,287.3527526855469,0.0,0.0,7.329797517741099e-05,297.5581970214844,303.1499938964844,285.1499938964844,0.0,-0.0,287.3527526855469,0.0,0.0,9.923952165991068e-05,297.9891052246094,303.1499938964844,285.1499938964844,0.0,-0.0,287.3527526855469,0.0,0.0,0.0004707495390903,287.3220520019531,294.1499938964844,287.54998779296875,286.6516418457031,287.4598388671875,287.5462341308594,287.3020935058594,0.0,0.0,0.0,0.0,1.0,1.0,-0.0010041245259344,6.346311032245921e-09,0.0010041181230917,-0.0156785435974597,0.0,0.0,0.0,-0.0079589569941163,60.0,0.1712663620710373,-0.0,-6.874390834354926e-08,0.0,283.1598205566406,287.84234619140625,290.39013671875,290.6860046386719,293.1499938964844,293.1499938964844,278.1499938964844,0.0,18000.0,313.1499938964844,0.0,18000.0,0.0,0.0,0.0,0.0,0.0,0.0,0.0,0.0,0.0,-0.0,-0.0,-0.0,6.445913975451006e-21,3.222956987725503e-21,3.2229567857771112e-21,0.0,0.0,-0.0,0.0,0.0,0.0,0.0,0.0,0.0,0.0,0.0,0.0,4.0,0.0,0.0
12370560,297.7900390625,303.1499938964844,285.1499938964844,0.0,-0.0,287.3524475097656,0.0,0.0,9.416482498636468e-05,297.801025390625,303.1499938964844,285.1499938964844,0.0,-0.0,287.3524475097656,0.0,0.0,9.916009730659424e-05,297.8515319824219,303.1499938964844,285.1499938964844,0.0,-0.0,287.3524475097656,0.0,0.0,7.323930913116783e-05,297.55926513671875,303.1499938964844,285.1499938964844,0.0,-0.0,287.3524475097656,0.0,0.0,9.916009730659424e-05,297.9888000488281,303.1499938964844,285.1499938964844,0.0,-0.0,287.3524780273437,0.0,0.0,0.000470372790005,287.3218994140625,294.1499938964844,287.54998779296875,286.6565856933594,287.46063232421875,287.5466613769531,287.3021240234375,0.0,0.0,0.0,0.0,1.0,1.0,-0.0010033207945525,6.25233598228192e-09,0.0010033145081251,-0.0154323745518922,0.0,0.0,0.0,-0.0079123694449663,60.0,0.1711068600416183,-0.0,-6.863390922262624e-08,0.0,283.1598205566406,287.84234619140625,290.39013671875,290.6860046386719,293.1499938964844,293.1499938964844,278.1499938964844,0.0,18000.0,313.1499938964844,0.0,18000.0,0.0,0.0,0.0,0.0,0.0,0.0,0.0,0.0,0.0,-0.0,-0.0,-0.0,6.445913975451006e-21,3.222956987725503e-21,3.2229567857771112e-21,0.0,0.0,-0.0,0.0,0.0,0.0,0.0,0.0,0.0,0.0,0.0,0.0,4.0,0.0,0.0
12370620,297.78662109375,303.1499938964844,285.1499938964844,0.0,-0.0,287.35186767578125,0.0,0.0,9.402568684890866e-05,297.8004455566406,303.1499938964844,285.1499938964844,0.0,-0.0,287.3518371582031,0.0,0.0,9.901358134811744e-05,297.8509521484375,303.1499938964844,285.1499938964844,0.0,-0.0,287.3518371582031,0.0,0.0,7.313109381357208e-05,297.5617980957031,303.1499938964844,285.1499938964844,0.0,-0.0,287.3518371582031,0.0,0.0,9.901357407215984e-05,297.98834228515625,303.1499938964844,285.1499938964844,0.0,-0.0,287.35186767578125,0.0,0.0,0.0004696777614299,287.32159423828125,294.1499938964844,287.54998779296875,286.6664428710937,287.46221923828125,287.5473937988281,287.3021850585937,0.0,0.0,0.0,0.0,1.0,1.0,-0.0010018381290137,6.078977765611171e-09,0.001001832075417,-0.0149782495573163,0.0,0.0,0.0,-0.0078264279291033,60.0,0.1708007305860519,-0.0,-6.843121980182333e-08,0.0,283.1598205566406,287.84234619140625,290.39013671875,290.6860046386719,293.1499938964844,293.1499938964844,278.1499938964844,0.0,18000.0,313.1499938964844,0.0,18000.0,0.0,0.0,0.0,0.0,0.0,0.0,0.0,0.0,0.0,-0.0,-0.0,-0.0,6.445913975451006e-21,3.222956987725503e-21,3.2229567857771112e-21,0.0,0.0,-0.0,0.0,0.0,0.0,0.0,0.0,0.0,0.0,0.0,0.0,4.0,0.0,0.0
12370680,297.78662109375,303.1499938964844,285.1499938964844,0.0,-0.0,287.35186767578125,0.0,0.0,9.402568684890866e-05,297.8004455566406,303.1499938964844,285.1499938964844,0.0,-0.0,287.3518371582031,0.0,0.0,9.901358134811744e-05,297.8509521484375,303.1499938964844,285.1499938964844,0.0,-0.0,287.3518371582031,0.0,0.0,7.313109381357208e-05,297.5617980957031,303.1499938964844,285.1499938964844,0.0,-0.0,287.3518371582031,0.0,0.0,9.901357407215984e-05,297.98834228515625,303.1499938964844,285.1499938964844,0.0,-0.0,287.35186767578125,0.0,0.0,0.0004696777614299,287.32159423828125,294.1499938964844,287.54998779296875,286.6664428710937,287.46221923828125,287.5473937988281,287.3021850585937,0.0,0.0,0.0,0.0,1.0,1.0,-0.0010018381290137,6.078977765611171e-09,0.001001832075417,-0.0149782495573163,0.0,0.0,0.0,-0.0078264279291033,60.0,0.1708007305860519,-0.0,-6.843121980182333e-08,0.0,283.1598205566406,287.84234619140625,290.39013671875,290.6860046386719,293.1499938964844,293.1499938964844,278.1499938964844,0.0,18000.0,313.1499938964844,0.0,18000.0,0.0,0.0,0.0,0.0,0.0,0.0,0.0,0.0,0.0,-0.0,-0.0,-0.0,6.445913975451006e-21,3.222956987725503e-21,3.2229567857771112e-21,0.0,0.0,-0.0,0.0,0.0,0.0,0.0,0.0,0.0,0.0,0.0,0.0,4.0,0.0,0.0
12370740,297.7834167480469,303.1499938964844,285.1499938964844,0.0,-0.0,287.35125732421875,0.0,0.0,9.390518243890256e-05,297.7998962402344,303.1499938964844,285.1499938964844,0.0,-0.0,287.35125732421875,0.0,0.0,9.888668137136848e-05,297.85040283203125,303.1499938964844,285.1499938964844,0.0,-0.0,287.35125732421875,0.0,0.0,7.303736492758617e-05,297.56475830078125,303.1499938964844,285.1499938964844,0.0,-0.0,287.35125732421875,0.0,0.0,9.888668137136848e-05,297.98797607421875,303.1499938964844,285.1499938964844,0.0,-0.0,287.3512878417969,0.0,0.0,0.0004690758069045,287.3213195800781,294.1499938964844,287.54998779296875,286.6763000488281,287.4637756347656,287.5479431152344,287.30224609375,0.0,0.0,0.0,0.0,1.0,1.0,-0.001000554068014,5.928833868296124e-09,0.0010005481308326,-0.0145849306136369,0.0,0.0,0.0,-0.0077519947662949,60.0,0.1705194413661956,-0.0,-6.825592180348394e-08,0.0,283.1598205566406,287.84234619140625,290.39013671875,290.6860046386719,293.1499938964844,293.1499938964844,278.1499938964844,0.0,18000.0,313.1499938964844,0.0,18000.0,0.0,0.0,0.0,0.0,0.0,0.0,0.0,0.0,0.0,-0.0,-0.0,-0.0,6.445913975451006e-21,3.222956987725503e-21,3.2229567857771112e-21,0.0,0.0,-0.0,0.0,0.0,0.0,0.0,0.0,0.0,0.0,0.0,0.0,4.0,0.0,0.0
12370800,297.7834167480469,303.1499938964844,285.1499938964844,0.0,-0.0,287.35125732421875,0.0,0.0,9.390518243890256e-05,297.7998962402344,303.1499938964844,285.1499938964844,0.0,-0.0,287.35125732421875,0.0,0.0,9.888668137136848e-05,297.85040283203125,303.1499938964844,285.1499938964844,0.0,-0.0,287.35125732421875,0.0,0.0,7.303736492758617e-05,297.56475830078125,303.1499938964844,285.1499938964844,0.0,-0.0,287.35125732421875,0.0,0.0,9.888668137136848e-05,297.98797607421875,303.1499938964844,285.1499938964844,0.0,-0.0,287.3512878417969,0.0,0.0,0.0004690758069045,287.3213195800781,294.1499938964844,287.54998779296875,286.6763000488281,287.4637756347656,287.5479431152344,287.30224609375,0.0,0.0,0.0,0.0,1.0,1.0,-0.001000554068014,5.928833868296124e-09,0.0010005481308326,-0.0145849306136369,0.0,0.0,0.0,-0.0077519947662949,60.0,0.1705194413661956,-0.0,-6.825592180348394e-08,0.0,283.1598205566406,287.84234619140625,290.39013671875,290.6860046386719,293.1499938964844,293.1499938964844,278.1499938964844,0.0,18000.0,313.1499938964844,0.0,18000.0,0.0,0.0,0.0,0.0,0.0,0.0,0.0,0.0,0.0,-0.0,-0.0,-0.0,6.445913975451006e-21,3.222956987725503e-21,3.2229567857771112e-21,0.0,0.0,-0.0,0.0,0.0,0.0,0.0,0.0,0.0,0.0,0.0,0.0,4.0,0.0,0.0
12370860,297.7804870605469,303.1499938964844,285.1499938964844,0.0,-0.0,287.3507080078125,0.0,0.0,9.380808478454128e-05,297.7994079589844,303.1499938964844,285.1499938964844,0.0,-0.0,287.3506774902344,0.0,0.0,9.878443233901636e-05,297.8498840332031,303.1499938964844,285.1499938964844,0.0,-0.0,287.3506774902344,0.0,0.0,7.296184776350856e-05,297.5682373046875,303.1499938964844,285.1499938964844,0.0,-0.0,287.3506774902344,0.0,0.0,9.878443233901636e-05,297.9877319335937,303.1499938964844,285.1499938964844,0.0,-0.0,287.3507080078125,0.0,0.0,0.00046859079157,287.3210144042969,294.1499938964844,287.54998779296875,286.6861572265625,287.4652709960937,287.5483703613281,287.30230712890625,0.0,0.0,0.0,0.0,1.0,1.0,-0.0009995193686336,5.8078555298379805e-09,0.0009995135478675,-0.0142680080607533,0.0,0.0,0.0,-0.0076920199207961,60.0,0.1702749282121658,-0.0,-6.811483643787143e-08,0.0,283.1598205566406,287.84234619140625,290.39013671875,290.6860046386719,293.1499938964844,293.1499938964844,278.1499938964844,0.0,18000.0,313.1499938964844,0.0,18000.0,0.0,0.0,0.0,0.0,0.0,0.0,0.0,0.0,0.0,-0.0,-0.0,-0.0,6.445913975451006e-21,3.222956987725503e-21,3.2229567857771112e-21,0.0,0.0,-0.0,0.0,0.0,0.0,0.0,0.0,0.0,0.0,0.0,0.0,4.0,0.0,0.0
12370920,297.7804870605469,303.1499938964844,285.1499938964844,0.0,-0.0,287.3507080078125,0.0,0.0,9.380808478454128e-05,297.7994079589844,303.1499938964844,285.1499938964844,0.0,-0.0,287.3506774902344,0.0,0.0,9.878443233901636e-05,297.8498840332031,303.1499938964844,285.1499938964844,0.0,-0.0,287.3506774902344,0.0,0.0,7.296184776350856e-05,297.5682373046875,303.1499938964844,285.1499938964844,0.0,-0.0,287.3506774902344,0.0,0.0,9.878443233901636e-05,297.9877319335937,303.1499938964844,285.1499938964844,0.0,-0.0,287.3507080078125,0.0,0.0,0.00046859079157,287.3210144042969,294.1499938964844,287.54998779296875,286.6861572265625,287.4652709960937,287.5483703613281,287.30230712890625,0.0,0.0,0.0,0.0,1.0,1.0,-0.0009995193686336,5.8078555298379805e-09,0.0009995135478675,-0.0142680080607533,0.0,0.0,0.0,-0.0076920199207961,60.0,0.1702749282121658,-0.0,-6.811483643787143e-08,0.0,283.1598205566406,287.84234619140625,290.39013671875,290.6860046386719,293.1499938964844,293.1499938964844,278.1499938964844,0.0,18000.0,313.1499938964844,0.0,18000.0,0.0,0.0,0.0,0.0,0.0,0.0,0.0,0.0,0.0,-0.0,-0.0,-0.0,6.445913975451006e-21,3.222956987725503e-21,3.2229567857771112e-21,0.0,0.0,-0.0,0.0,0.0,0.0,0.0,0.0,0.0,0.0,0.0,0.0,4.0,0.0,0.0
12370980,297.7778625488281,303.1499938964844,285.1499938964844,0.0,-0.0,287.3501281738281,0.0,0.0,9.373303328175098e-05,297.7989501953125,303.1499938964844,285.1499938964844,0.0,-0.0,287.35009765625,0.0,0.0,9.870540088741107e-05,297.8493957519531,303.1499938964844,285.1499938964844,0.0,-0.0,287.35009765625,0.0,0.0,7.290347275556996e-05,297.57208251953125,303.1499938964844,285.1499938964844,0.0,-0.0,287.3501281738281,0.0,0.0,9.870540088741107e-05,297.98760986328125,303.1499938964844,285.1499938964844,0.0,-0.0,287.3501281738281,0.0,0.0,0.0004682159051299,287.3207092285156,294.1499938964844,287.54998779296875,286.6960144042969,287.4667663574219,287.5487060546875,287.3023986816406,0.0,0.0,0.0,0.0,1.0,1.0,-0.0009987195953726,5.714343220830642e-09,0.0009987138910219,-0.0140230348333716,0.0,0.0,0.0,-0.0076456614769995,60.0,0.1700647324323654,-0.0,-6.800588181476996e-08,0.0,283.1598205566406,287.84234619140625,290.39013671875,290.6860046386719,293.1499938964844,293.1499938964844,278.1499938964844,0.0,18000.0,313.1499938964844,0.0,18000.0,0.0,0.0,0.0,0.0,0.0,0.0,0.0,0.0,0.0,-0.0,-0.0,-0.0,6.445913975451006e-21,3.222956987725503e-21,3.2229567857771112e-21,0.0,0.0,-0.0,0.0,0.0,0.0,0.0,0.0,0.0,0.0,0.0,0.0,4.0,0.0,0.0
12371040,297.7778625488281,303.1499938964844,285.1499938964844,0.0,-0.0,287.3501281738281,0.0,0.0,9.373303328175098e-05,297.7989501953125,303.1499938964844,285.1499938964844,0.0,-0.0,287.35009765625,0.0,0.0,9.870540088741107e-05,297.8493957519531,303.1499938964844,285.1499938964844,0.0,-0.0,287.35009765625,0.0,0.0,7.290347275556996e-05,297.57208251953125,303.1499938964844,285.1499938964844,0.0,-0.0,287.3501281738281,0.0,0.0,9.870540088741107e-05,297.98760986328125,303.1499938964844,285.1499938964844,0.0,-0.0,287.3501281738281,0.0,0.0,0.0004682159051299,287.3207092285156,294.1499938964844,287.54998779296875,286.6960144042969,287.4667663574219,287.5487060546875,287.3023986816406,0.0,0.0,0.0,0.0,1.0,1.0,-0.0009987195953726,5.714343220830642e-09,0.0009987138910219,-0.0140230348333716,0.0,0.0,0.0,-0.0076456614769995,60.0,0.1700647324323654,-0.0,-6.800588181476996e-08,0.0,283.1598205566406,287.84234619140625,290.39013671875,290.6860046386719,293.1499938964844,293.1499938964844,278.1499938964844,0.0,18000.0,313.1499938964844,0.0,18000.0,0.0,0.0,0.0,0.0,0.0,0.0,0.0,0.0,0.0,-0.0,-0.0,-0.0,6.445913975451006e-21,3.222956987725503e-21,3.2229567857771112e-21,0.0,0.0,-0.0,0.0,0.0,0.0,0.0,0.0,0.0,0.0,0.0,0.0,4.0,0.0,0.0
12371100,297.77667236328125,303.1499938964844,285.1499938964844,0.0,-0.0,287.349853515625,0.0,0.0,9.37033400987275e-05,297.7987060546875,303.1499938964844,285.1499938964844,0.0,-0.0,287.3498229980469,0.0,0.0,9.867412882158531e-05,297.8491516113281,303.1499938964844,285.1499938964844,0.0,-0.0,287.3498229980469,0.0,0.0,7.288037886610255e-05,297.5741271972656,303.1499938964844,285.1499938964844,0.0,-0.0,287.3498229980469,0.0,0.0,9.867412882158531e-05,297.9875793457031,303.1499938964844,285.1499938964844,0.0,-0.0,287.349853515625,0.0,0.0,0.000468067562906,287.3205871582031,294.1499938964844,287.54998779296875,286.700927734375,287.467529296875,287.548828125,287.30242919921875,0.0,0.0,0.0,0.0,1.0,1.0,-0.0009984031785279,5.677344372401194e-09,0.0009983974741771,-0.0139261083677411,0.0,0.0,0.0,-0.0076273190788924,60.0,0.1699734032154083,-0.0,-6.796279450327347e-08,0.0,283.1598205566406,287.84234619140625,290.39013671875,290.6860046386719,293.1499938964844,293.1499938964844,278.1499938964844,0.0,18000.0,313.1499938964844,0.0,18000.0,0.0,0.0,0.0,0.0,0.0,0.0,0.0,0.0,0.0,-0.0,-0.0,-0.0,6.445913975451006e-21,3.222956987725503e-21,3.2229567857771112e-21,0.0,0.0,-0.0,0.0,0.0,0.0,0.0,0.0,0.0,0.0,0.0,0.0,4.0,0.0,0.0
12371160,297.7756042480469,303.1499938964844,285.1499938964844,0.0,-0.0,287.3495483398437,0.0,0.0,9.368059545522556e-05,297.7984924316406,303.1499938964844,285.1499938964844,0.0,-0.0,287.3495483398437,0.0,0.0,9.865017636911944e-05,297.84893798828125,303.1499938964844,285.1499938964844,0.0,-0.0,287.3495483398437,0.0,0.0,7.286268373718485e-05,297.5762634277344,303.1499938964844,285.1499938964844,0.0,-0.0,287.3495483398437,0.0,0.0,9.865017636911944e-05,297.9875793457031,303.1499938964844,285.1499938964844,0.0,-0.0,287.3495788574219,0.0,0.0,0.0004679539415519,287.3204345703125,294.1499938964844,287.54998779296875,286.7058410644531,287.46826171875,287.5489501953125,287.3024597167969,0.0,0.0,0.0,0.0,1.0,1.0,-0.0009981606854125,5.649000378582514e-09,0.0009981549810618,-0.0138518549501895,0.0,0.0,0.0,-0.0076132677495479,60.0,0.1698933392763137,-0.0,-6.792979689862477e-08,0.0,283.1598205566406,287.84234619140625,290.39013671875,290.6860046386719,293.1499938964844,293.1499938964844,278.1499938964844,0.0,18000.0,313.1499938964844,0.0,18000.0,0.0,0.0,0.0,0.0,0.0,0.0,0.0,0.0,0.0,-0.0,-0.0,-0.0,6.445913975451006e-21,3.222956987725503e-21,3.2229567857771112e-21,0.0,0.0,-0.0,0.0,0.0,0.0,0.0,0.0,0.0,0.0,0.0,0.0,4.0,0.0,0.0
12371220,297.7737121582031,303.1499938964844,285.1499938964844,0.0,-0.0,287.3489990234375,0.0,0.0,9.365130244987084e-05,297.7980651855469,303.1499938964844,285.1499938964844,0.0,-0.0,287.3489990234375,0.0,0.0,9.861933358479293e-05,297.84844970703125,303.1499938964844,285.1499938964844,0.0,-0.0,287.3489990234375,0.0,0.0,7.283990271389484e-05,297.5807800292969,303.1499938964844,285.1499938964844,0.0,-0.0,287.3489990234375,0.0,0.0,9.861933358479293e-05,297.9876708984375,303.1499938964844,285.1499938964844,0.0,-0.0,287.3490295410156,0.0,0.0,0.0004678076365962,287.3201599121094,294.1499938964844,287.54998779296875,286.7156982421875,287.4696960449219,287.5491638183594,287.30255126953125,0.0,0.0,0.0,0.0,1.0,1.0,-0.0009978484595194,5.6124993541573084e-09,0.0009978428715839,-0.0137562323361635,0.0,0.0,0.0,-0.0075951721519231,60.0,0.1697602719068527,-0.0,-6.788731354845369e-08,0.0,283.1598205566406,287.84234619140625,290.39013671875,290.6860046386719,293.1499938964844,293.1499938964844,278.1499938964844,0.0,18000.0,313.1499938964844,0.0,18000.0,0.0,0.0,0.0,0.0,0.0,0.0,0.0,0.0,0.0,-0.0,-0.0,-0.0,6.445913975451006e-21,3.222956987725503e-21,3.2229567857771112e-21,0.0,0.0,-0.0,0.0,0.0,0.0,0.0,0.0,0.0,0.0,0.0,0.0,4.0,0.0,0.0
12371280,297.7737121582031,303.1499938964844,285.1499938964844,0.0,-0.0,287.3489990234375,0.0,0.0,9.365130244987084e-05,297.7980651855469,303.1499938964844,285.1499938964844,0.0,-0.0,287.3489990234375,0.0,0.0,9.861933358479293e-05,297.84844970703125,303.1499938964844,285.1499938964844,0.0,-0.0,287.3489990234375,0.0,0.0,7.283990271389484e-05,297.5807800292969,303.1499938964844,285.1499938964844,0.0,-0.0,287.3489990234375,0.0,0.0,9.861933358479293e-05,297.9876708984375,303.1499938964844,285.1499938964844,0.0,-0.0,287.3490295410156,0.0,0.0,0.0004678076365962,287.3201599121094,294.1499938964844,287.54998779296875,286.7156982421875,287.4696960449219,287.5491638183594,287.30255126953125,0.0,0.0,0.0,0.0,1.0,1.0,-0.0009978484595194,5.6124993541573084e-09,0.0009978428715839,-0.0137562323361635,0.0,0.0,0.0,-0.0075951721519231,60.0,0.1697602719068527,-0.0,-6.788731354845369e-08,0.0,283.1598205566406,287.84234619140625,290.39013671875,290.6860046386719,293.1499938964844,293.1499938964844,278.1499938964844,0.0,18000.0,313.1499938964844,0.0,18000.0,0.0,0.0,0.0,0.0,0.0,0.0,0.0,0.0,0.0,-0.0,-0.0,-0.0,6.445913975451006e-21,3.222956987725503e-21,3.2229567857771112e-21,0.0,0.0,-0.0,0.0,0.0,0.0,0.0,0.0,0.0,0.0,0.0,0.0,4.0,0.0,0.0
12371340,297.7723083496094,303.1499938964844,285.1499938964844,0.0,-0.0,287.34844970703125,0.0,0.0,9.364098514197394e-05,297.7976379394531,303.1499938964844,285.1499938964844,0.0,-0.0,287.34844970703125,0.0,0.0,9.860847058007494e-05,297.8479919433594,303.1499938964844,285.1499938964844,0.0,-0.0,287.34844970703125,0.0,0.0,7.28318773326464e-05,297.5856018066406,303.1499938964844,285.1499938964844,0.0,-0.0,287.34844970703125,0.0,0.0,9.860847058007494e-05,297.98785400390625,303.1499938964844,285.1499938964844,0.0,-0.0,287.34844970703125,0.0,0.0,0.0004677561228163,287.31988525390625,294.1499938964844,287.54998779296875,286.7255249023437,287.4710998535156,287.5493469238281,287.3026123046875,0.0,0.0,0.0,0.0,1.0,1.0,-0.0009977384470403,5.599643859710568e-09,0.0009977328591048,-0.0137225547805428,0.0,0.0,0.0,-0.007588799111545,60.0,0.1696649342775344,-0.0,-6.787235662386594e-08,0.0,283.1598205566406,287.84234619140625,290.39013671875,290.6860046386719,293.1499938964844,293.1499938964844,278.1499938964844,0.0,18000.0,313.1499938964844,0.0,18000.0,0.0,0.0,0.0,0.0,0.0,0.0,0.0,0.0,0.0,-0.0,-0.0,-0.0,6.445913975451006e-21,3.222956987725503e-21,3.2229567857771112e-21,0.0,0.0,-0.0,0.0,0.0,0.0,0.0,0.0,0.0,0.0,0.0,0.0,4.0,0.0,0.0
12371400,297.7723083496094,303.1499938964844,285.1499938964844,0.0,-0.0,287.34844970703125,0.0,0.0,9.364098514197394e-05,297.7976379394531,303.1499938964844,285.1499938964844,0.0,-0.0,287.34844970703125,0.0,0.0,9.860847058007494e-05,297.8479919433594,303.1499938964844,285.1499938964844,0.0,-0.0,287.34844970703125,0.0,0.0,7.28318773326464e-05,297.5856018066406,303.1499938964844,285.1499938964844,0.0,-0.0,287.34844970703125,0.0,0.0,9.860847058007494e-05,297.98785400390625,303.1499938964844,285.1499938964844,0.0,-0.0,287.34844970703125,0.0,0.0,0.0004677561228163,287.31988525390625,294.1499938964844,287.54998779296875,286.7255249023437,287.4710998535156,287.5493469238281,287.3026123046875,0.0,0.0,0.0,0.0,1.0,1.0,-0.0009977384470403,5.599643859710568e-09,0.0009977328591048,-0.0137225547805428,0.0,0.0,0.0,-0.007588799111545,60.0,0.1696649342775344,-0.0,-6.787235662386594e-08,0.0,283.1598205566406,287.84234619140625,290.39013671875,290.6860046386719,293.1499938964844,293.1499938964844,278.1499938964844,0.0,18000.0,313.1499938964844,0.0,18000.0,0.0,0.0,0.0,0.0,0.0,0.0,0.0,0.0,0.0,-0.0,-0.0,-0.0,6.445913975451006e-21,3.222956987725503e-21,3.2229567857771112e-21,0.0,0.0,-0.0,0.0,0.0,0.0,0.0,0.0,0.0,0.0,0.0,0.0,4.0,0.0,0.0
12371460,297.7713317871094,303.1499938964844,285.1499938964844,0.0,-0.0,287.347900390625,0.0,0.0,9.364313882542774e-05,297.7972106933594,303.1499938964844,285.1499938964844,0.0,-0.0,287.347900390625,0.0,0.0,9.861073340289296e-05,297.8475341796875,303.1499938964844,285.1499938964844,0.0,-0.0,287.347900390625,0.0,0.0,7.283355080289766e-05,297.59063720703125,303.1499938964844,285.1499938964844,0.0,-0.0,287.347900390625,0.0,0.0,9.861073340289296e-05,297.9881896972656,303.1499938964844,285.1499938964844,0.0,-0.0,287.3479309082031,0.0,0.0,0.0004677668621297,287.3196105957031,294.1499938964844,287.54998779296875,286.7353820800781,287.4725036621094,287.5494689941406,287.3027038574219,0.0,0.0,0.0,0.0,1.0,1.0,-0.0009977612644433,5.602318609021495e-09,0.0009977556765079,-0.0137295611202716,0.0,0.0,0.0,-0.00759012484923,60.0,0.1695987582206726,-0.0,-6.787546880104858e-08,0.0,283.1598205566406,287.84234619140625,290.39013671875,290.6860046386719,293.1499938964844,293.1499938964844,278.1499938964844,0.0,18000.0,313.1499938964844,0.0,18000.0,0.0,0.0,0.0,0.0,0.0,0.0,0.0,0.0,0.0,-0.0,-0.0,-0.0,6.445913975451006e-21,3.222956987725503e-21,3.2229567857771112e-21,0.0,0.0,-0.0,0.0,0.0,0.0,0.0,0.0,0.0,0.0,0.0,0.0,4.0,0.0,0.0
12371520,297.7713317871094,303.1499938964844,285.1499938964844,0.0,-0.0,287.347900390625,0.0,0.0,9.364313882542774e-05,297.7972106933594,303.1499938964844,285.1499938964844,0.0,-0.0,287.347900390625,0.0,0.0,9.861073340289296e-05,297.8475341796875,303.1499938964844,285.1499938964844,0.0,-0.0,287.347900390625,0.0,0.0,7.283355080289766e-05,297.59063720703125,303.1499938964844,285.1499938964844,0.0,-0.0,287.347900390625,0.0,0.0,9.861073340289296e-05,297.9881896972656,303.1499938964844,285.1499938964844,0.0,-0.0,287.3479309082031,0.0,0.0,0.0004677668621297,287.3196105957031,294.1499938964844,287.54998779296875,286.7353820800781,287.4725036621094,287.5494689941406,287.3027038574219,0.0,0.0,0.0,0.0,1.0,1.0,-0.0009977612644433,5.602318609021495e-09,0.0009977556765079,-0.0137295611202716,0.0,0.0,0.0,-0.00759012484923,60.0,0.1695987582206726,-0.0,-6.787546880104858e-08,0.0,283.1598205566406,287.84234619140625,290.39013671875,290.6860046386719,293.1499938964844,293.1499938964844,278.1499938964844,0.0,18000.0,313.1499938964844,0.0,18000.0,0.0,0.0,0.0,0.0,0.0,0.0,0.0,0.0,0.0,-0.0,-0.0,-0.0,6.445913975451006e-21,3.222956987725503e-21,3.2229567857771112e-21,0.0,0.0,-0.0,0.0,0.0,0.0,0.0,0.0,0.0,0.0,0.0,0.0,4.0,0.0,0.0
12371580,297.7706604003906,303.1499938964844,285.1499938964844,0.0,-0.0,287.3473815917969,0.0,0.0,9.364887955598532e-05,297.7968444824219,303.1499938964844,285.1499938964844,0.0,-0.0,287.34735107421875,0.0,0.0,9.861677972367032e-05,297.8471374511719,303.1499938964844,285.1499938964844,0.0,-0.0,287.34735107421875,0.0,0.0,7.283801824087277e-05,297.59576416015625,303.1499938964844,285.1499938964844,0.0,-0.0,287.34735107421875,0.0,0.0,9.861677972367032e-05,297.98858642578125,303.1499938964844,285.1499938964844,0.0,-0.0,287.3473815917969,0.0,0.0,0.0004677955294027,287.3193359375,294.1499938964844,287.54998779296875,286.7452087402344,287.473876953125,287.549560546875,287.30279541015625,0.0,0.0,0.0,0.0,1.0,1.0,-0.0009978224989026,5.609465336675612e-09,0.0009978167945519,-0.0137482844293117,0.0,0.0,0.0,-0.0075936680659651,60.0,0.1695458889007568,-0.0,-6.78837892564843e-08,0.0,283.1598205566406,287.84234619140625,290.39013671875,290.6860046386719,293.1499938964844,293.1499938964844,278.1499938964844,0.0,18000.0,313.1499938964844,0.0,18000.0,0.0,0.0,0.0,0.0,0.0,0.0,0.0,0.0,0.0,-0.0,-0.0,-0.0,6.445913975451006e-21,3.222956987725503e-21,3.2229567857771112e-21,0.0,0.0,-0.0,0.0,0.0,0.0,0.0,0.0,0.0,0.0,0.0,0.0,4.0,0.0,0.0
12371640,297.7706604003906,303.1499938964844,285.1499938964844,0.0,-0.0,287.3473815917969,0.0,0.0,9.364887955598532e-05,297.7968444824219,303.1499938964844,285.1499938964844,0.0,-0.0,287.34735107421875,0.0,0.0,9.861677972367032e-05,297.8471374511719,303.1499938964844,285.1499938964844,0.0,-0.0,287.34735107421875,0.0,0.0,7.283801824087277e-05,297.59576416015625,303.1499938964844,285.1499938964844,0.0,-0.0,287.34735107421875,0.0,0.0,9.861677972367032e-05,297.98858642578125,303.1499938964844,285.1499938964844,0.0,-0.0,287.3473815917969,0.0,0.0,0.0004677955294027,287.3193359375,294.1499938964844,287.54998779296875,286.7452087402344,287.473876953125,287.549560546875,287.30279541015625,0.0,0.0,0.0,0.0,1.0,1.0,-0.0009978224989026,5.609465336675612e-09,0.0009978167945519,-0.0137482844293117,0.0,0.0,0.0,-0.0075936680659651,60.0,0.1695458889007568,-0.0,-6.78837892564843e-08,0.0,283.1598205566406,287.84234619140625,290.39013671875,290.6860046386719,293.1499938964844,293.1499938964844,278.1499938964844,0.0,18000.0,313.1499938964844,0.0,18000.0,0.0,0.0,0.0,0.0,0.0,0.0,0.0,0.0,0.0,-0.0,-0.0,-0.0,6.445913975451006e-21,3.222956987725503e-21,3.2229567857771112e-21,0.0,0.0,-0.0,0.0,0.0,0.0,0.0,0.0,0.0,0.0,0.0,0.0,4.0,0.0,0.0
12371700,297.7704162597656,303.1499938964844,285.1499938964844,0.0,-0.0,287.3471069335937,0.0,0.0,9.365115693071856e-05,297.79669189453125,303.1499938964844,285.1499938964844,0.0,-0.0,287.3470764160156,0.0,0.0,9.8619180789683e-05,297.8469543457031,303.1499938964844,285.1499938964844,0.0,-0.0,287.3470764160156,0.0,0.0,7.283979357453063e-05,297.5983581542969,303.1499938964844,285.1499938964844,0.0,-0.0,287.3471069335937,0.0,0.0,9.8619180789683e-05,297.98883056640625,303.1499938964844,285.1499938964844,0.0,-0.0,287.3471069335937,0.0,0.0,0.0004678069090005,287.3192138671875,294.1499938964844,287.54998779296875,286.7501220703125,287.4745483398437,287.54962158203125,287.3028564453125,0.0,0.0,0.0,0.0,1.0,1.0,-0.0009978467132896,5.612298181745245e-09,0.0009978411253541,-0.0137557061389088,0.0,0.0,0.0,-0.0075950725004076,60.0,0.1695205271244049,-0.0,-6.78870790693509e-08,0.0,283.1598205566406,287.84234619140625,290.39013671875,290.6860046386719,293.1499938964844,293.1499938964844,278.1499938964844,0.0,18000.0,313.1499938964844,0.0,18000.0,0.0,0.0,0.0,0.0,0.0,0.0,0.0,0.0,0.0,-0.0,-0.0,-0.0,6.445913975451006e-21,3.222956987725503e-21,3.2229567857771112e-21,0.0,0.0,-0.0,0.0,0.0,0.0,0.0,0.0,0.0,0.0,0.0,0.0,4.0,0.0,0.0
12371760,297.7702331542969,303.1499938964844,285.1499938964844,0.0,-0.0,287.3468322753906,0.0,0.0,9.365249570691958e-05,297.7965393066406,303.1499938964844,285.1499938964844,0.0,-0.0,287.3468322753906,0.0,0.0,9.862058504950257e-05,297.8467712402344,303.1499938964844,285.1499938964844,0.0,-0.0,287.3468322753906,0.0,0.0,7.284082676051185e-05,297.6009216308594,303.1499938964844,285.1499938964844,0.0,-0.0,287.3468322753906,0.0,0.0,9.862058504950257e-05,297.98907470703125,303.1499938964844,285.1499938964844,0.0,-0.0,287.34686279296875,0.0,0.0,0.0004678136028815,287.319091796875,294.1499938964844,287.54998779296875,286.7550354003906,287.4752197265625,287.5496520996094,287.3028869628906,0.0,0.0,0.0,0.0,1.0,1.0,-0.0009978609159588,5.613961295836134e-09,0.0009978553280234,-0.0137600619345903,0.0,0.0,0.0,-0.0075958967208862,60.0,0.1694941967725753,-0.0,-6.78890188510195e-08,0.0,283.1598205566406,287.84234619140625,290.39013671875,290.6860046386719,293.1499938964844,293.1499938964844,278.1499938964844,0.0,18000.0,313.1499938964844,0.0,18000.0,0.0,0.0,0.0,0.0,0.0,0.0,0.0,0.0,0.0,-0.0,-0.0,-0.0,6.445913975451006e-21,3.222956987725503e-21,3.2229567857771112e-21,0.0,0.0,-0.0,0.0,0.0,0.0,0.0,0.0,0.0,0.0,0.0,0.0,4.0,0.0,0.0
12371820,297.7699890136719,303.1499938964844,285.1499938964844,0.0,-0.0,287.3463134765625,0.0,0.0,9.365064033772796e-05,297.7962951660156,303.1499938964844,285.1499938964844,0.0,-0.0,287.3463134765625,0.0,0.0,9.861863509286196e-05,297.84649658203125,303.1499938964844,285.1499938964844,0.0,-0.0,287.3463134765625,0.0,0.0,7.283938612090424e-05,297.6060485839844,303.1499938964844,285.1499938964844,0.0,-0.0,287.3463134765625,0.0,0.0,9.861863509286196e-05,297.9896545410156,303.1499938964844,285.1499938964844,0.0,-0.0,287.3463134765625,0.0,0.0,0.0004678043187595,287.3188171386719,294.1499938964844,287.54998779296875,286.7648620605469,287.4765319824219,287.5497131347656,287.302978515625,0.0,0.0,0.0,0.0,1.0,1.0,-0.0009978411253541,5.6116435942499265e-09,0.0009978355374187,-0.0137539906427264,0.0,0.0,0.0,-0.0075947479344904,60.0,0.1694351583719253,-0.0,-6.788631878862361e-08,0.0,283.1598205566406,287.84234619140625,290.39013671875,290.6860046386719,293.1499938964844,293.1499938964844,278.1499938964844,0.0,18000.0,313.1499938964844,0.0,18000.0,0.0,0.0,0.0,0.0,0.0,0.0,0.0,0.0,0.0,-0.0,-0.0,-0.0,6.445913975451006e-21,3.222956987725503e-21,3.2229567857771112e-21,0.0,0.0,-0.0,0.0,0.0,0.0,0.0,0.0,0.0,0.0,0.0,0.0,4.0,0.0,0.0
12371880,297.7699890136719,303.1499938964844,285.1499938964844,0.0,-0.0,287.3463134765625,0.0,0.0,9.365064033772796e-05,297.7962951660156,303.1499938964844,285.1499938964844,0.0,-0.0,287.3463134765625,0.0,0.0,9.861863509286196e-05,297.84649658203125,303.1499938964844,285.1499938964844,0.0,-0.0,287.3463134765625,0.0,0.0,7.283938612090424e-05,297.6060485839844,303.1499938964844,285.1499938964844,0.0,-0.0,287.3463134765625,0.0,0.0,9.861863509286196e-05,297.9896545410156,303.1499938964844,285.1499938964844,0.0,-0.0,287.3463134765625,0.0,0.0,0.0004678043187595,287.3188171386719,294.1499938964844,287.54998779296875,286.7648620605469,287.4765319824219,287.5497131347656,287.302978515625,0.0,0.0,0.0,0.0,1.0,1.0,-0.0009978411253541,5.6116435942499265e-09,0.0009978355374187,-0.0137539906427264,0.0,0.0,0.0,-0.0075947479344904,60.0,0.1694351583719253,-0.0,-6.788631878862361e-08,0.0,283.1598205566406,287.84234619140625,290.39013671875,290.6860046386719,293.1499938964844,293.1499938964844,278.1499938964844,0.0,18000.0,313.1499938964844,0.0,18000.0,0.0,0.0,0.0,0.0,0.0,0.0,0.0,0.0,0.0,-0.0,-0.0,-0.0,6.445913975451006e-21,3.222956987725503e-21,3.2229567857771112e-21,0.0,0.0,-0.0,0.0,0.0,0.0,0.0,0.0,0.0,0.0,0.0,0.0,4.0,0.0,0.0
12371940,297.7699279785156,303.1499938964844,285.1499938964844,0.0,-0.0,287.3457946777344,0.0,0.0,9.364191646454856e-05,297.796142578125,303.1499938964844,285.1499938964844,0.0,-0.0,287.3457946777344,0.0,0.0,9.860944555839524e-05,297.8462829589844,303.1499938964844,285.1499938964844,0.0,-0.0,287.3457946777344,0.0,0.0,7.283260492840782e-05,297.6110534667969,303.1499938964844,285.1499938964844,0.0,-0.0,287.3457946777344,0.0,0.0,9.860944555839524e-05,297.9902648925781,303.1499938964844,285.1499938964844,0.0,-0.0,287.3457946777344,0.0,0.0,0.0004677607503253,287.3185729980469,294.1499938964844,287.54998779296875,286.7746887207031,287.4778137207031,287.5497741699219,287.3030700683594,0.0,0.0,0.0,0.0,1.0,1.0,-0.000997748109512,5.600769625857538e-09,0.0009977425215765,-0.013725503347814,0.0,0.0,0.0,-0.0075893574394285,60.0,0.1693642735481262,-0.0,-6.787366402249972e-08,0.0,283.1598205566406,287.84234619140625,290.39013671875,290.6860046386719,293.1499938964844,293.1499938964844,278.1499938964844,0.0,18000.0,313.1499938964844,0.0,18000.0,0.0,0.0,0.0,0.0,0.0,0.0,0.0,0.0,0.0,-0.0,-0.0,-0.0,6.445913975451006e-21,3.222956987725503e-21,3.2229567857771112e-21,0.0,0.0,-0.0,0.0,0.0,0.0,0.0,0.0,0.0,0.0,0.0,0.0,4.0,0.0,0.0
12372000,297.7699279785156,303.1499938964844,285.1499938964844,0.0,-0.0,287.3457946777344,0.0,0.0,9.364191646454856e-05,297.796142578125,303.1499938964844,285.1499938964844,0.0,-0.0,287.3457946777344,0.0,0.0,9.860944555839524e-05,297.8462829589844,303.1499938964844,285.1499938964844,0.0,-0.0,287.3457946777344,0.0,0.0,7.283260492840782e-05,297.6110534667969,303.1499938964844,285.1499938964844,0.0,-0.0,287.3457946777344,0.0,0.0,9.860944555839524e-05,297.9902648925781,303.1499938964844,285.1499938964844,0.0,-0.0,287.3457946777344,0.0,0.0,0.0004677607503253,287.3185729980469,294.1499938964844,287.54998779296875,286.7746887207031,287.4778137207031,287.5497741699219,287.3030700683594,0.0,0.0,0.0,0.0,1.0,1.0,-0.000997748109512,5.600769625857538e-09,0.0009977425215765,-0.013725503347814,0.0,0.0,0.0,-0.0075893574394285,60.0,0.1693642735481262,-0.0,-6.787366402249972e-08,0.0,283.1598205566406,287.84234619140625,290.39013671875,290.6860046386719,293.1499938964844,293.1499938964844,278.1499938964844,0.0,18000.0,313.1499938964844,0.0,18000.0,0.0,0.0,0.0,0.0,0.0,0.0,0.0,0.0,0.0,-0.0,-0.0,-0.0,6.445913975451006e-21,3.222956987725503e-21,3.2229567857771112e-21,0.0,0.0,-0.0,0.0,0.0,0.0,0.0,0.0,0.0,0.0,0.0,0.0,4.0,0.0,0.0
12372060,297.77008056640625,303.1499938964844,285.1499938964844,0.0,-0.0,287.34527587890625,0.0,0.0,9.362585115013644e-05,297.7960510253906,303.1499938964844,285.1499938964844,0.0,-0.0,287.34527587890625,0.0,0.0,9.859253623289987e-05,297.8461608886719,303.1499938964844,285.1499938964844,0.0,-0.0,287.34527587890625,0.0,0.0,7.282011210918427e-05,297.6159362792969,303.1499938964844,285.1499938964844,0.0,-0.0,287.34527587890625,0.0,0.0,9.859253623289987e-05,297.9909362792969,303.1499938964844,285.1499938964844,0.0,-0.0,287.3453063964844,0.0,0.0,0.0004676805110648,287.3183288574219,294.1499938964844,287.54998779296875,286.7845153808594,287.4790954589844,287.5498352050781,287.3031616210937,0.0,0.0,0.0,0.0,1.0,1.0,-0.0009975769789889,5.5807518606343365e-09,0.0009975713910534,-0.0136730624362826,0.0,0.0,0.0,-0.0075794337317347,60.0,0.1692789494991302,-0.0,-6.785037953704888e-08,0.0,283.1598205566406,287.84234619140625,290.39013671875,290.6860046386719,293.1499938964844,293.1499938964844,278.1499938964844,0.0,18000.0,313.1499938964844,0.0,18000.0,0.0,0.0,0.0,0.0,0.0,0.0,0.0,0.0,0.0,-0.0,-0.0,-0.0,6.445913975451006e-21,3.222956987725503e-21,3.2229567857771112e-21,0.0,0.0,-0.0,0.0,0.0,0.0,0.0,0.0,0.0,0.0,0.0,0.0,4.0,0.0,0.0
12372120,297.77008056640625,303.1499938964844,285.1499938964844,0.0,-0.0,287.34527587890625,0.0,0.0,9.362585115013644e-05,297.7960510253906,303.1499938964844,285.1499938964844,0.0,-0.0,287.34527587890625,0.0,0.0,9.859253623289987e-05,297.8461608886719,303.1499938964844,285.1499938964844,0.0,-0.0,287.34527587890625,0.0,0.0,7.282011210918427e-05,297.6159362792969,303.1499938964844,285.1499938964844,0.0,-0.0,287.34527587890625,0.0,0.0,9.859253623289987e-05,297.9909362792969,303.1499938964844,285.1499938964844,0.0,-0.0,287.3453063964844,0.0,0.0,0.0004676805110648,287.3183288574219,294.1499938964844,287.54998779296875,286.7845153808594,287.4790954589844,287.5498352050781,287.3031616210937,0.0,0.0,0.0,0.0,1.0,1.0,-0.0009975769789889,5.5807518606343365e-09,0.0009975713910534,-0.0136730624362826,0.0,0.0,0.0,-0.0075794337317347,60.0,0.1692789494991302,-0.0,-6.785037953704888e-08,0.0,283.1598205566406,287.84234619140625,290.39013671875,290.6860046386719,293.1499938964844,293.1499938964844,278.1499938964844,0.0,18000.0,313.1499938964844,0.0,18000.0,0.0,0.0,0.0,0.0,0.0,0.0,0.0,0.0,0.0,-0.0,-0.0,-0.0,6.445913975451006e-21,3.222956987725503e-21,3.2229567857771112e-21,0.0,0.0,-0.0,0.0,0.0,0.0,0.0,0.0,0.0,0.0,0.0,0.0,4.0,0.0,0.0
12372180,297.7704162597656,303.1499938964844,285.1499938964844,0.0,-0.0,287.34478759765625,0.0,0.0,9.36033102334477e-05,297.7960205078125,303.1499938964844,285.1499938964844,0.0,-0.0,287.3447570800781,0.0,0.0,9.85687947832048e-05,297.8461303710937,303.1499938964844,285.1499938964844,0.0,-0.0,287.3447570800781,0.0,0.0,7.280257705133408e-05,297.62060546875,303.1499938964844,285.1499938964844,0.0,-0.0,287.3447570800781,0.0,0.0,9.85687947832048e-05,297.9916076660156,303.1499938964844,285.1499938964844,0.0,-0.0,287.34478759765625,0.0,0.0,0.0004675679083447,287.3180847167969,294.1499938964844,287.54998779296875,286.7943420410156,287.4803466796875,287.54986572265625,287.30328369140625,0.0,0.0,0.0,0.0,1.0,1.0,-0.0009973366977646,5.55266188584369e-09,0.0009973312262445,-0.0135994730517268,0.0,0.0,0.0,-0.0075655081309378,60.0,0.1691809296607971,-0.0,-6.781770167663127e-08,0.0,283.1598205566406,287.84234619140625,290.39013671875,290.6860046386719,293.1499938964844,293.1499938964844,278.1499938964844,0.0,18000.0,313.1499938964844,0.0,18000.0,0.0,0.0,0.0,0.0,0.0,0.0,0.0,0.0,0.0,-0.0,-0.0,-0.0,6.445913975451006e-21,3.222956987725503e-21,3.2229567857771112e-21,0.0,0.0,-0.0,0.0,0.0,0.0,0.0,0.0,0.0,0.0,0.0,0.0,4.0,0.0,0.0
12372240,297.7704162597656,303.1499938964844,285.1499938964844,0.0,-0.0,287.34478759765625,0.0,0.0,9.36033102334477e-05,297.7960205078125,303.1499938964844,285.1499938964844,0.0,-0.0,287.3447570800781,0.0,0.0,9.85687947832048e-05,297.8461303710937,303.1499938964844,285.1499938964844,0.0,-0.0,287.3447570800781,0.0,0.0,7.280257705133408e-05,297.62060546875,303.1499938964844,285.1499938964844,0.0,-0.0,287.3447570800781,0.0,0.0,9.85687947832048e-05,297.9916076660156,303.1499938964844,285.1499938964844,0.0,-0.0,287.34478759765625,0.0,0.0,0.0004675679083447,287.3180847167969,294.1499938964844,287.54998779296875,286.7943420410156,287.4803466796875,287.54986572265625,287.30328369140625,0.0,0.0,0.0,0.0,1.0,1.0,-0.0009973366977646,5.55266188584369e-09,0.0009973312262445,-0.0135994730517268,0.0,0.0,0.0,-0.0075655081309378,60.0,0.1691809296607971,-0.0,-6.781770167663127e-08,0.0,283.1598205566406,287.84234619140625,290.39013671875,290.6860046386719,293.1499938964844,293.1499938964844,278.1499938964844,0.0,18000.0,313.1499938964844,0.0,18000.0,0.0,0.0,0.0,0.0,0.0,0.0,0.0,0.0,0.0,-0.0,-0.0,-0.0,6.445913975451006e-21,3.222956987725503e-21,3.2229567857771112e-21,0.0,0.0,-0.0,0.0,0.0,0.0,0.0,0.0,0.0,0.0,0.0,0.0,4.0,0.0,0.0
12372300,297.7706604003906,303.1499938964844,285.1499938964844,0.0,-0.0,287.3445129394531,0.0,0.0,9.358992974739522e-05,297.7960205078125,303.1499938964844,285.1499938964844,0.0,-0.0,287.3445129394531,0.0,0.0,9.855470852926372e-05,297.8461303710937,303.1499938964844,285.1499938964844,0.0,-0.0,287.3445129394531,0.0,0.0,7.27921724319458e-05,297.62286376953125,303.1499938964844,285.1499938964844,0.0,-0.0,287.3445129394531,0.0,0.0,9.855470852926372e-05,297.9919738769531,303.1499938964844,285.1499938964844,0.0,-0.0,287.34454345703125,0.0,0.0,0.00046750108595,287.3179626464844,294.1499938964844,287.54998779296875,286.7992553710937,287.48095703125,287.54986572265625,287.3033142089844,0.0,0.0,0.0,0.0,1.0,1.0,-0.0009971942054107,5.535990332816709e-09,0.0009971886174753,-0.0135557986795902,0.0,0.0,0.0,-0.0075572435744106,60.0,0.1691265851259231,-0.0,-6.779831807079972e-08,0.0,283.1598205566406,287.84234619140625,290.39013671875,290.6860046386719,293.1499938964844,293.1499938964844,278.1499938964844,0.0,18000.0,313.1499938964844,0.0,18000.0,0.0,0.0,0.0,0.0,0.0,0.0,0.0,0.0,0.0,-0.0,-0.0,-0.0,6.445913975451006e-21,3.222956987725503e-21,3.2229567857771112e-21,0.0,0.0,-0.0,0.0,0.0,0.0,0.0,0.0,0.0,0.0,0.0,0.0,4.0,0.0,0.0
12372360,297.7709350585937,303.1499938964844,285.1499938964844,0.0,-0.0,287.3442687988281,0.0,0.0,9.357520320918412e-05,297.7960510253906,303.1499938964844,285.1499938964844,0.0,-0.0,287.3442687988281,0.0,0.0,9.85391961876303e-05,297.8461608886719,303.1499938964844,285.1499938964844,0.0,-0.0,287.3442687988281,0.0,0.0,7.278072007466108e-05,297.6250305175781,303.1499938964844,285.1499938964844,0.0,-0.0,287.3442687988281,0.0,0.0,9.85391961876303e-05,297.9923400878906,303.1499938964844,285.1499938964844,0.0,-0.0,287.34429931640625,0.0,0.0,0.0004674275114666,287.3178405761719,294.1499938964844,287.54998779296875,286.8041687011719,287.4815673828125,287.5498962402344,287.3033752441406,0.0,0.0,0.0,0.0,1.0,1.0,-0.0009970372775569,5.517639234398075e-09,0.0009970316896215,-0.013507722876966,0.0,0.0,0.0,-0.0075481464155018,60.0,0.1690694093704223,-0.0,-6.777697336701749e-08,0.0,283.1598205566406,287.84234619140625,290.39013671875,290.6860046386719,293.1499938964844,293.1499938964844,278.1499938964844,0.0,18000.0,313.1499938964844,0.0,18000.0,0.0,0.0,0.0,0.0,0.0,0.0,0.0,0.0,0.0,-0.0,-0.0,-0.0,6.445913975451006e-21,3.222956987725503e-21,3.2229567857771112e-21,0.0,0.0,-0.0,0.0,0.0,0.0,0.0,0.0,0.0,0.0,0.0,0.0,4.0,0.0,0.0
12372420,297.7716369628906,303.1499938964844,285.1499938964844,0.0,-0.0,287.3437805175781,0.0,0.0,9.354259236715734e-05,297.7961730957031,303.1499938964844,285.1499938964844,0.0,-0.0,287.3437805175781,0.0,0.0,9.850486094364896e-05,297.84625244140625,303.1499938964844,285.1499938964844,0.0,-0.0,287.3437805175781,0.0,0.0,7.275535608641803e-05,297.629150390625,303.1499938964844,285.1499938964844,0.0,-0.0,287.3437805175781,0.0,0.0,9.850486094364896e-05,297.9930725097656,303.1499938964844,285.1499938964844,0.0,-0.0,287.3437805175781,0.0,0.0,0.0004672646173276,287.3175964355469,294.1499938964844,287.54998779296875,286.81396484375,287.4827575683594,287.5498962402344,287.303466796875,0.0,0.0,0.0,0.0,1.0,1.0,-0.0009966897778213,5.477004183518375e-09,0.0009966843063011,-0.0134012689813971,0.0,0.0,0.0,-0.0075280019082129,60.0,0.1689479053020477,-0.0,-6.772973648594417e-08,0.0,283.1598205566406,287.84234619140625,290.39013671875,290.6860046386719,293.1499938964844,293.1499938964844,278.1499938964844,0.0,18000.0,313.1499938964844,0.0,18000.0,0.0,0.0,0.0,0.0,0.0,0.0,0.0,0.0,0.0,-0.0,-0.0,-0.0,6.445913975451006e-21,3.222956987725503e-21,3.2229567857771112e-21,0.0,0.0,-0.0,0.0,0.0,0.0,0.0,0.0,0.0,0.0,0.0,0.0,4.0,0.0,0.0
12372480,297.7716369628906,303.1499938964844,285.1499938964844,0.0,-0.0,287.3437805175781,0.0,0.0,9.354259236715734e-05,297.7961730957031,303.1499938964844,285.1499938964844,0.0,-0.0,287.3437805175781,0.0,0.0,9.850486094364896e-05,297.84625244140625,303.1499938964844,285.1499938964844,0.0,-0.0,287.3437805175781,0.0,0.0,7.275535608641803e-05,297.629150390625,303.1499938964844,285.1499938964844,0.0,-0.0,287.3437805175781,0.0,0.0,9.850486094364896e-05,297.9930725097656,303.1499938964844,285.1499938964844,0.0,-0.0,287.3437805175781,0.0,0.0,0.0004672646173276,287.3175964355469,294.1499938964844,287.54998779296875,286.81396484375,287.4827575683594,287.5498962402344,287.303466796875,0.0,0.0,0.0,0.0,1.0,1.0,-0.0009966897778213,5.477004183518375e-09,0.0009966843063011,-0.0134012689813971,0.0,0.0,0.0,-0.0075280019082129,60.0,0.1689479053020477,-0.0,-6.772973648594417e-08,0.0,283.1598205566406,287.84234619140625,290.39013671875,290.6860046386719,293.1499938964844,293.1499938964844,278.1499938964844,0.0,18000.0,313.1499938964844,0.0,18000.0,0.0,0.0,0.0,0.0,0.0,0.0,0.0,0.0,0.0,-0.0,-0.0,-0.0,6.445913975451006e-21,3.222956987725503e-21,3.2229567857771112e-21,0.0,0.0,-0.0,0.0,0.0,0.0,0.0,0.0,0.0,0.0,0.0,0.0,4.0,0.0,0.0
12372540,297.7724914550781,303.1499938964844,285.1499938964844,0.0,-0.0,287.3432922363281,0.0,0.0,9.350696200272068e-05,297.7963256835937,303.1499938964844,285.1499938964844,0.0,-0.0,287.3432922363281,0.0,0.0,9.8467331554275e-05,297.8464050292969,303.1499938964844,285.1499938964844,0.0,-0.0,287.3432922363281,0.0,0.0,7.2727634687908e-05,297.6329650878906,303.1499938964844,285.1499938964844,0.0,-0.0,287.3432922363281,0.0,0.0,9.8467331554275e-05,297.9938049316406,303.1499938964844,285.1499938964844,0.0,-0.0,287.3432922363281,0.0,0.0,0.0004670866183005,287.3173522949219,294.1499938964844,287.54998779296875,286.82379150390625,287.48394775390625,287.5499267578125,287.3035888671875,0.0,0.0,0.0,0.0,1.0,1.0,-0.0009963100310415,5.4326005916038875e-09,0.0009963045595213,-0.0132849412038922,0.0,0.0,0.0,-0.0075059891678392,60.0,0.168818861246109,-0.0,-6.767813687247326e-08,0.0,283.1598205566406,287.84234619140625,290.39013671875,290.6860046386719,293.1499938964844,293.1499938964844,278.1499938964844,0.0,18000.0,313.1499938964844,0.0,18000.0,0.0,0.0,0.0,0.0,0.0,0.0,0.0,0.0,0.0,-0.0,-0.0,-0.0,6.445913975451006e-21,3.222956987725503e-21,3.2229567857771112e-21,0.0,0.0,-0.0,0.0,0.0,0.0,0.0,0.0,0.0,0.0,0.0,0.0,4.0,0.0,0.0
12372600,297.7724914550781,303.1499938964844,285.1499938964844,0.0,-0.0,287.3432922363281,0.0,0.0,9.350696200272068e-05,297.7963256835937,303.1499938964844,285.1499938964844,0.0,-0.0,287.3432922363281,0.0,0.0,9.8467331554275e-05,297.8464050292969,303.1499938964844,285.1499938964844,0.0,-0.0,287.3432922363281,0.0,0.0,7.2727634687908e-05,297.6329650878906,303.1499938964844,285.1499938964844,0.0,-0.0,287.3432922363281,0.0,0.0,9.8467331554275e-05,297.9938049316406,303.1499938964844,285.1499938964844,0.0,-0.0,287.3432922363281,0.0,0.0,0.0004670866183005,287.3173522949219,294.1499938964844,287.54998779296875,286.82379150390625,287.48394775390625,287.5499267578125,287.3035888671875,0.0,0.0,0.0,0.0,1.0,1.0,-0.0009963100310415,5.4326005916038875e-09,0.0009963045595213,-0.0132849412038922,0.0,0.0,0.0,-0.0075059891678392,60.0,0.168818861246109,-0.0,-6.767813687247326e-08,0.0,283.1598205566406,287.84234619140625,290.39013671875,290.6860046386719,293.1499938964844,293.1499938964844,278.1499938964844,0.0,18000.0,313.1499938964844,0.0,18000.0,0.0,0.0,0.0,0.0,0.0,0.0,0.0,0.0,0.0,-0.0,-0.0,-0.0,6.445913975451006e-21,3.222956987725503e-21,3.2229567857771112e-21,0.0,0.0,-0.0,0.0,0.0,0.0,0.0,0.0,0.0,0.0,0.0,0.0,4.0,0.0,0.0
12372660,297.7734680175781,303.1499938964844,285.1499938964844,0.0,-0.0,287.3428039550781,0.0,0.0,9.346970909973606e-05,297.7965393066406,303.1499938964844,285.1499938964844,0.0,-0.0,287.3428039550781,0.0,0.0,9.842810686677694e-05,297.8466186523437,303.1499938964844,285.1499938964844,0.0,-0.0,287.3428039550781,0.0,0.0,7.269866910064593e-05,297.63641357421875,303.1499938964844,285.1499938964844,0.0,-0.0,287.3428039550781,0.0,0.0,9.842810686677694e-05,297.9945373535156,303.1499938964844,285.1499938964844,0.0,-0.0,287.34283447265625,0.0,0.0,0.0004669005575124,287.317138671875,294.1499938964844,287.54998779296875,286.8335876464844,287.485107421875,287.5499267578125,287.3036804199219,0.0,0.0,0.0,0.0,1.0,1.0,-0.000995913054794,5.386190160550086e-09,0.0009959076996892,-0.0131633561104536,0.0,0.0,0.0,-0.0074829813092947,60.0,0.168684110045433,-0.0,-6.762422088968378e-08,0.0,283.1598205566406,287.84234619140625,290.39013671875,290.6860046386719,293.1499938964844,293.1499938964844,278.1499938964844,0.0,18000.0,313.1499938964844,0.0,18000.0,0.0,0.0,0.0,0.0,0.0,0.0,0.0,0.0,0.0,-0.0,-0.0,-0.0,6.445913975451006e-21,3.222956987725503e-21,3.2229567857771112e-21,0.0,0.0,-0.0,0.0,0.0,0.0,0.0,0.0,0.0,0.0,0.0,0.0,4.0,0.0,0.0
12372720,297.7734680175781,303.1499938964844,285.1499938964844,0.0,-0.0,287.3428039550781,0.0,0.0,9.346970909973606e-05,297.7965393066406,303.1499938964844,285.1499938964844,0.0,-0.0,287.3428039550781,0.0,0.0,9.842810686677694e-05,297.8466186523437,303.1499938964844,285.1499938964844,0.0,-0.0,287.3428039550781,0.0,0.0,7.269866910064593e-05,297.63641357421875,303.1499938964844,285.1499938964844,0.0,-0.0,287.3428039550781,0.0,0.0,9.842810686677694e-05,297.9945373535156,303.1499938964844,285.1499938964844,0.0,-0.0,287.34283447265625,0.0,0.0,0.0004669005575124,287.317138671875,294.1499938964844,287.54998779296875,286.8335876464844,287.485107421875,287.5499267578125,287.3036804199219,0.0,0.0,0.0,0.0,1.0,1.0,-0.000995913054794,5.386190160550086e-09,0.0009959076996892,-0.0131633561104536,0.0,0.0,0.0,-0.0074829813092947,60.0,0.168684110045433,-0.0,-6.762422088968378e-08,0.0,283.1598205566406,287.84234619140625,290.39013671875,290.6860046386719,293.1499938964844,293.1499938964844,278.1499938964844,0.0,18000.0,313.1499938964844,0.0,18000.0,0.0,0.0,0.0,0.0,0.0,0.0,0.0,0.0,0.0,-0.0,-0.0,-0.0,6.445913975451006e-21,3.222956987725503e-21,3.2229567857771112e-21,0.0,0.0,-0.0,0.0,0.0,0.0,0.0,0.0,0.0,0.0,0.0,0.0,4.0,0.0,0.0
12372780,297.77459716796875,303.1499938964844,285.1499938964844,0.0,-0.0,287.34234619140625,0.0,0.0,9.343208512291312e-05,297.7968139648437,303.1499938964844,285.1499938964844,0.0,-0.0,287.3423156738281,0.0,0.0,9.838848927756771e-05,297.8468933105469,303.1499938964844,285.1499938964844,0.0,-0.0,287.3423156738281,0.0,0.0,7.266940519912168e-05,297.6393737792969,303.1499938964844,285.1499938964844,0.0,-0.0,287.3423156738281,0.0,0.0,9.838848927756771e-05,297.9952392578125,303.1499938964844,285.1499938964844,0.0,-0.0,287.34234619140625,0.0,0.0,0.0004667126340791,287.31689453125,294.1499938964844,287.54998779296875,286.8433837890625,287.4862670898437,287.5499572753906,287.3038024902344,0.0,0.0,0.0,0.0,1.0,1.0,-0.0009955121204257,5.339309439023054e-09,0.0009955068817362,-0.0130405370146036,0.0,0.0,0.0,-0.0074597401544451,60.0,0.1685462146997451,-0.0,-6.75697862106972e-08,0.0,283.1598205566406,287.84234619140625,290.39013671875,290.6860046386719,293.1499938964844,293.1499938964844,278.1499938964844,0.0,18000.0,313.1499938964844,0.0,18000.0,0.0,0.0,0.0,0.0,0.0,0.0,0.0,0.0,0.0,-0.0,-0.0,-0.0,6.445913975451006e-21,3.222956987725503e-21,3.2229567857771112e-21,0.0,0.0,-0.0,0.0,0.0,0.0,0.0,0.0,0.0,0.0,0.0,0.0,4.0,0.0,0.0
12372840,297.77459716796875,303.1499938964844,285.1499938964844,0.0,-0.0,287.34234619140625,0.0,0.0,9.343208512291312e-05,297.7968139648437,303.1499938964844,285.1499938964844,0.0,-0.0,287.3423156738281,0.0,0.0,9.838848927756771e-05,297.8468933105469,303.1499938964844,285.1499938964844,0.0,-0.0,287.3423156738281,0.0,0.0,7.266940519912168e-05,297.6393737792969,303.1499938964844,285.1499938964844,0.0,-0.0,287.3423156738281,0.0,0.0,9.838848927756771e-05,297.9952392578125,303.1499938964844,285.1499938964844,0.0,-0.0,287.34234619140625,0.0,0.0,0.0004667126340791,287.31689453125,294.1499938964844,287.54998779296875,286.8433837890625,287.4862670898437,287.5499572753906,287.3038024902344,0.0,0.0,0.0,0.0,1.0,1.0,-0.0009955121204257,5.339309439023054e-09,0.0009955068817362,-0.0130405370146036,0.0,0.0,0.0,-0.0074597401544451,60.0,0.1685462146997451,-0.0,-6.75697862106972e-08,0.0,283.1598205566406,287.84234619140625,290.39013671875,290.6860046386719,293.1499938964844,293.1499938964844,278.1499938964844,0.0,18000.0,313.1499938964844,0.0,18000.0,0.0,0.0,0.0,0.0,0.0,0.0,0.0,0.0,0.0,-0.0,-0.0,-0.0,6.445913975451006e-21,3.222956987725503e-21,3.2229567857771112e-21,0.0,0.0,-0.0,0.0,0.0,0.0,0.0,0.0,0.0,0.0,0.0,0.0,4.0,0.0,0.0
12372900,297.7751770019531,303.1499938964844,285.1499938964844,0.0,-0.0,287.34210205078125,0.0,0.0,9.341338591184468e-05,297.7969665527344,303.1499938964844,285.1499938964844,0.0,-0.0,287.34210205078125,0.0,0.0,9.836879326030612e-05,297.8470153808594,303.1499938964844,285.1499938964844,0.0,-0.0,287.34210205078125,0.0,0.0,7.265485328389332e-05,297.64068603515625,303.1499938964844,285.1499938964844,0.0,-0.0,287.34210205078125,0.0,0.0,9.836879326030612e-05,297.9955749511719,303.1499938964844,285.1499938964844,0.0,-0.0,287.34210205078125,0.0,0.0,0.0004666191816795,287.3168029785156,294.1499938964844,287.54998779296875,286.8482971191406,287.48681640625,287.5499572753906,287.3038330078125,0.0,0.0,0.0,0.0,1.0,1.0,-0.0009953128173947,5.316004969557753e-09,0.0009953075787052,-0.0129794841632246,0.0,0.0,0.0,-0.007448187097907,60.0,0.1684768199920654,-0.0,-6.754273584874684e-08,0.0,283.1598205566406,287.84234619140625,290.39013671875,290.6860046386719,293.1499938964844,293.1499938964844,278.1499938964844,0.0,18000.0,313.1499938964844,0.0,18000.0,0.0,0.0,0.0,0.0,0.0,0.0,0.0,0.0,0.0,-0.0,-0.0,-0.0,6.445913975451006e-21,3.222956987725503e-21,3.2229567857771112e-21,0.0,0.0,-0.0,0.0,0.0,0.0,0.0,0.0,0.0,0.0,0.0,0.0,4.0,0.0,0.0
12372960,297.7757873535156,303.1499938964844,285.1499938964844,0.0,-0.0,287.34185791015625,0.0,0.0,9.339515963802114e-05,297.797119140625,303.1499938964844,285.1499938964844,0.0,-0.0,287.34185791015625,0.0,0.0,9.834960656007752e-05,297.84716796875,303.1499938964844,285.1499938964844,0.0,-0.0,287.34185791015625,0.0,0.0,7.264067971846089e-05,297.64190673828125,303.1499938964844,285.1499938964844,0.0,-0.0,287.34185791015625,0.0,0.0,9.834960656007752e-05,297.99591064453125,303.1499938964844,285.1499938964844,0.0,-0.0,287.3418884277344,0.0,0.0,0.0004665281740017,287.3166809082031,294.1499938964844,287.54998779296875,286.8531799316406,287.48736572265625,287.5499572753906,287.30389404296875,0.0,0.0,0.0,0.0,1.0,1.0,-0.0009951186366379,5.293298244168909e-09,0.0009951133979484,-0.0129199968650937,0.0,0.0,0.0,-0.0074369306676089,60.0,0.1684075742959976,-0.0,-6.751638181867747e-08,0.0,283.1598205566406,287.84234619140625,290.39013671875,290.6860046386719,293.1499938964844,293.1499938964844,278.1499938964844,0.0,18000.0,313.1499938964844,0.0,18000.0,0.0,0.0,0.0,0.0,0.0,0.0,0.0,0.0,0.0,-0.0,-0.0,-0.0,6.445913975451006e-21,3.222956987725503e-21,3.2229567857771112e-21,0.0,0.0,-0.0,0.0,0.0,0.0,0.0,0.0,0.0,0.0,0.0,0.0,4.0,0.0,0.0
12373020,297.777099609375,303.1499938964844,285.1499938964844,0.0,-0.0,287.3414001464844,0.0,0.0,9.336044604424389e-05,297.7974548339844,303.1499938964844,285.1499938964844,0.0,-0.0,287.3414001464844,0.0,0.0,9.831305214902386e-05,297.8475036621094,303.1499938964844,285.1499938964844,0.0,-0.0,287.3414001464844,0.0,0.0,7.261368591571227e-05,297.6439208984375,303.1499938964844,285.1499938964844,0.0,-0.0,287.3414001464844,0.0,0.0,9.831305214902386e-05,297.9965515136719,303.1499938964844,285.1499938964844,0.0,-0.0,287.3414001464844,0.0,0.0,0.0004663547733798,287.31646728515625,294.1499938964844,287.54998779296875,286.86297607421875,287.48846435546875,287.5499572753906,287.30401611328125,0.0,0.0,0.0,0.0,1.0,1.0,-0.0009947487851604,5.250044399218723e-09,0.0009947435464709,-0.0128066800534725,0.0,0.0,0.0,-0.007415487896651,60.0,0.1682706922292709,-0.0,-6.746619618525075e-08,0.0,283.1598205566406,287.84234619140625,290.39013671875,290.6860046386719,293.1499938964844,293.1499938964844,278.1499938964844,0.0,18000.0,313.1499938964844,0.0,18000.0,0.0,0.0,0.0,0.0,0.0,0.0,0.0,0.0,0.0,-0.0,-0.0,-0.0,6.445913975451006e-21,3.222956987725503e-21,3.2229567857771112e-21,0.0,0.0,-0.0,0.0,0.0,0.0,0.0,0.0,0.0,0.0,0.0,0.0,4.0,0.0,0.0
12373080,297.777099609375,303.1499938964844,285.1499938964844,0.0,-0.0,287.3414001464844,0.0,0.0,9.336044604424389e-05,297.7974548339844,303.1499938964844,285.1499938964844,0.0,-0.0,287.3414001464844,0.0,0.0,9.831305214902386e-05,297.8475036621094,303.1499938964844,285.1499938964844,0.0,-0.0,287.3414001464844,0.0,0.0,7.261368591571227e-05,297.6439208984375,303.1499938964844,285.1499938964844,0.0,-0.0,287.3414001464844,0.0,0.0,9.831305214902386e-05,297.9965515136719,303.1499938964844,285.1499938964844,0.0,-0.0,287.3414001464844,0.0,0.0,0.0004663547733798,287.31646728515625,294.1499938964844,287.54998779296875,286.86297607421875,287.48846435546875,287.5499572753906,287.30401611328125,0.0,0.0,0.0,0.0,1.0,1.0,-0.0009947487851604,5.250044399218723e-09,0.0009947435464709,-0.0128066800534725,0.0,0.0,0.0,-0.007415487896651,60.0,0.1682706922292709,-0.0,-6.746619618525075e-08,0.0,283.1598205566406,287.84234619140625,290.39013671875,290.6860046386719,293.1499938964844,293.1499938964844,278.1499938964844,0.0,18000.0,313.1499938964844,0.0,18000.0,0.0,0.0,0.0,0.0,0.0,0.0,0.0,0.0,0.0,-0.0,-0.0,-0.0,6.445913975451006e-21,3.222956987725503e-21,3.2229567857771112e-21,0.0,0.0,-0.0,0.0,0.0,0.0,0.0,0.0,0.0,0.0,0.0,0.0,4.0,0.0,0.0
12373140,297.7784423828125,303.1499938964844,285.1499938964844,0.0,-0.0,287.3409423828125,0.0,0.0,9.332894114777446e-05,297.7977905273437,303.1499938964844,285.1499938964844,0.0,-0.0,287.3409423828125,0.0,0.0,9.827987378230318e-05,297.84783935546875,303.1499938964844,285.1499938964844,0.0,-0.0,287.3409423828125,0.0,0.0,7.25891804904677e-05,297.6454467773437,303.1499938964844,285.1499938964844,0.0,-0.0,287.3409423828125,0.0,0.0,9.827987378230318e-05,297.9971618652344,303.1499938964844,285.1499938964844,0.0,-0.0,287.3409423828125,0.0,0.0,0.0004661974089685,287.3162536621094,294.1499938964844,287.54998779296875,286.8727722167969,287.48956298828125,287.54998779296875,287.3041076660156,0.0,0.0,0.0,0.0,1.0,1.0,-0.0009944130433723,5.210788245335607e-09,0.0009944078046828,-0.0127038341015577,0.0,0.0,0.0,-0.0073960265144705,60.0,0.16813725233078,-0.0,-6.742066460674323e-08,0.0,283.1598205566406,287.84234619140625,290.39013671875,290.6860046386719,293.1499938964844,293.1499938964844,278.1499938964844,0.0,18000.0,313.1499938964844,0.0,18000.0,0.0,0.0,0.0,0.0,0.0,0.0,0.0,0.0,0.0,-0.0,-0.0,-0.0,6.445913975451006e-21,3.222956987725503e-21,3.2229567857771112e-21,0.0,0.0,-0.0,0.0,0.0,0.0,0.0,0.0,0.0,0.0,0.0,0.0,4.0,0.0,0.0
12373200,297.7784423828125,303.1499938964844,285.1499938964844,0.0,-0.0,287.3409423828125,0.0,0.0,9.332894114777446e-05,297.7977905273437,303.1499938964844,285.1499938964844,0.0,-0.0,287.3409423828125,0.0,0.0,9.827987378230318e-05,297.84783935546875,303.1499938964844,285.1499938964844,0.0,-0.0,287.3409423828125,0.0,0.0,7.25891804904677e-05,297.6454467773437,303.1499938964844,285.1499938964844,0.0,-0.0,287.3409423828125,0.0,0.0,9.827987378230318e-05,297.9971618652344,303.1499938964844,285.1499938964844,0.0,-0.0,287.3409423828125,0.0,0.0,0.0004661974089685,287.3162536621094,294.1499938964844,287.54998779296875,286.8727722167969,287.48956298828125,287.54998779296875,287.3041076660156,0.0,0.0,0.0,0.0,1.0,1.0,-0.0009944130433723,5.210788245335607e-09,0.0009944078046828,-0.0127038341015577,0.0,0.0,0.0,-0.0073960265144705,60.0,0.16813725233078,-0.0,-6.742066460674323e-08,0.0,283.1598205566406,287.84234619140625,290.39013671875,290.6860046386719,293.1499938964844,293.1499938964844,278.1499938964844,0.0,18000.0,313.1499938964844,0.0,18000.0,0.0,0.0,0.0,0.0,0.0,0.0,0.0,0.0,0.0,-0.0,-0.0,-0.0,6.445913975451006e-21,3.222956987725503e-21,3.2229567857771112e-21,0.0,0.0,-0.0,0.0,0.0,0.0,0.0,0.0,0.0,0.0,0.0,0.0,4.0,0.0,0.0
12373260,297.7798767089844,303.1499938964844,285.1499938964844,0.0,-0.0,287.3404846191406,0.0,0.0,9.33001356315799e-05,297.79815673828125,303.1499938964844,285.1499938964844,0.0,-0.0,287.3404846191406,0.0,0.0,9.824954031500964e-05,297.84820556640625,303.1499938964844,285.1499938964844,0.0,-0.0,287.3404846191406,0.0,0.0,7.256677054101601e-05,297.6463928222656,303.1499938964844,285.1499938964844,0.0,-0.0,287.3404846191406,0.0,0.0,9.824954031500964e-05,297.9976806640625,303.1499938964844,285.1499938964844,0.0,-0.0,287.34051513671875,0.0,0.0,0.0004660534905269,287.3160400390625,294.1499938964844,287.54998779296875,286.8822326660156,287.4906311035156,287.54998779296875,287.3042297363281,0.0,0.0,0.0,0.0,1.0,1.0,-0.0009941060561686,5.174890738146587e-09,0.0009941008174791,-0.012609789147973,0.0,0.0,0.0,-0.0073782308027148,60.0,0.168008953332901,-0.0,-6.73790410132824e-08,0.0,283.1598205566406,287.84234619140625,290.39013671875,290.6860046386719,293.1499938964844,293.1499938964844,278.1499938964844,0.0,18000.0,313.1499938964844,0.0,18000.0,0.0,0.0,0.0,0.0,0.0,0.0,0.0,0.0,0.0,-0.0,-0.0,-0.0,6.445913975451006e-21,3.222956987725503e-21,3.2229567857771112e-21,0.0,0.0,-0.0,0.0,0.0,0.0,0.0,0.0,0.0,0.0,0.0,0.0,4.0,0.0,0.0
12373320,297.7798767089844,303.1499938964844,285.1499938964844,0.0,-0.0,287.3404846191406,0.0,0.0,9.33001356315799e-05,297.79815673828125,303.1499938964844,285.1499938964844,0.0,-0.0,287.3404846191406,0.0,0.0,9.824954031500964e-05,297.84820556640625,303.1499938964844,285.1499938964844,0.0,-0.0,287.3404846191406,0.0,0.0,7.256677054101601e-05,297.6463928222656,303.1499938964844,285.1499938964844,0.0,-0.0,287.3404846191406,0.0,0.0,9.824954031500964e-05,297.9976806640625,303.1499938964844,285.1499938964844,0.0,-0.0,287.34051513671875,0.0,0.0,0.0004660534905269,287.3160400390625,294.1499938964844,287.54998779296875,286.8822326660156,287.4906311035156,287.54998779296875,287.3042297363281,0.0,0.0,0.0,0.0,1.0,1.0,-0.0009941060561686,5.174890738146587e-09,0.0009941008174791,-0.012609789147973,0.0,0.0,0.0,-0.0073782308027148,60.0,0.168008953332901,-0.0,-6.73790410132824e-08,0.0,283.1598205566406,287.84234619140625,290.39013671875,290.6860046386719,293.1499938964844,293.1499938964844,278.1499938964844,0.0,18000.0,313.1499938964844,0.0,18000.0,0.0,0.0,0.0,0.0,0.0,0.0,0.0,0.0,0.0,-0.0,-0.0,-0.0,6.445913975451006e-21,3.222956987725503e-21,3.2229567857771112e-21,0.0,0.0,-0.0,0.0,0.0,0.0,0.0,0.0,0.0,0.0,0.0,0.0,4.0,0.0,0.0
12373380,297.78131103515625,303.1499938964844,285.1499938964844,0.0,-0.0,287.3400573730469,0.0,0.0,9.327298175776376e-05,297.79852294921875,303.1499938964844,285.1499938964844,0.0,-0.0,287.34002685546875,0.0,0.0,9.82209385256283e-05,297.8485412597656,303.1499938964844,285.1499938964844,0.0,-0.0,287.34002685546875,0.0,0.0,7.254565571201965e-05,297.6470031738281,303.1499938964844,285.1499938964844,0.0,-0.0,287.34002685546875,0.0,0.0,9.82209385256283e-05,297.9981689453125,303.1499938964844,285.1499938964844,0.0,-0.0,287.3400573730469,0.0,0.0,0.0004659178375732,287.3158264160156,294.1499938964844,287.54998779296875,286.8910522460937,287.4916687011719,287.54998779296875,287.3043212890625,0.0,0.0,0.0,0.0,1.0,1.0,-0.0009938166476786,5.141053804891271e-09,0.0009938115254044,-0.0125211412087082,0.0,0.0,0.0,-0.0073614562861621,60.0,0.1678841263055801,-0.0,-6.733981905426846e-08,0.0,283.1598205566406,287.84234619140625,290.39013671875,290.6860046386719,293.1499938964844,293.1499938964844,278.1499938964844,0.0,18000.0,313.1499938964844,0.0,18000.0,0.0,0.0,0.0,0.0,0.0,0.0,0.0,0.0,0.0,-0.0,-0.0,-0.0,6.445913975451006e-21,3.222956987725503e-21,3.2229567857771112e-21,0.0,0.0,-0.0,0.0,0.0,0.0,0.0,0.0,0.0,0.0,0.0,0.0,4.0,0.0,0.0
12373440,297.78131103515625,303.1499938964844,285.1499938964844,0.0,-0.0,287.3400573730469,0.0,0.0,9.327298175776376e-05,297.79852294921875,303.1499938964844,285.1499938964844,0.0,-0.0,287.34002685546875,0.0,0.0,9.82209385256283e-05,297.8485412597656,303.1499938964844,285.1499938964844,0.0,-0.0,287.34002685546875,0.0,0.0,7.254565571201965e-05,297.6470031738281,303.1499938964844,285.1499938964844,0.0,-0.0,287.34002685546875,0.0,0.0,9.82209385256283e-05,297.9981689453125,303.1499938964844,285.1499938964844,0.0,-0.0,287.3400573730469,0.0,0.0,0.0004659178375732,287.3158264160156,294.1499938964844,287.54998779296875,286.8910522460937,287.4916687011719,287.54998779296875,287.3043212890625,0.0,0.0,0.0,0.0,1.0,1.0,-0.0009938166476786,5.141053804891271e-09,0.0009938115254044,-0.0125211412087082,0.0,0.0,0.0,-0.0073614562861621,60.0,0.1678841263055801,-0.0,-6.733981905426846e-08,0.0,283.1598205566406,287.84234619140625,290.39013671875,290.6860046386719,293.1499938964844,293.1499938964844,278.1499938964844,0.0,18000.0,313.1499938964844,0.0,18000.0,0.0,0.0,0.0,0.0,0.0,0.0,0.0,0.0,0.0,-0.0,-0.0,-0.0,6.445913975451006e-21,3.222956987725503e-21,3.2229567857771112e-21,0.0,0.0,-0.0,0.0,0.0,0.0,0.0,0.0,0.0,0.0,0.0,0.0,4.0,0.0,0.0
12373500,297.7820129394531,303.1499938964844,285.1499938964844,0.0,-0.0,287.3398132324219,0.0,0.0,9.325998689746484e-05,297.7987060546875,303.1499938964844,285.1499938964844,0.0,-0.0,287.3398132324219,0.0,0.0,9.820725972531363e-05,297.8487243652344,303.1499938964844,285.1499938964844,0.0,-0.0,287.3398132324219,0.0,0.0,7.253554940689355e-05,297.647216796875,303.1499938964844,285.1499938964844,0.0,-0.0,287.3398132324219,0.0,0.0,9.820725972531363e-05,297.9983825683594,303.1499938964844,285.1499938964844,0.0,-0.0,287.33984375,0.0,0.0,0.0004658529360312,287.31573486328125,294.1499938964844,287.54998779296875,286.89520263671875,287.4921875,287.54998779296875,287.30438232421875,0.0,0.0,0.0,0.0,1.0,1.0,-0.0009936781134456,5.124862312300138e-09,0.0009936729911714,-0.0124787213280797,0.0,0.0,0.0,-0.0073534292168915,60.0,0.1678226143121719,-0.0,-6.732105362061702e-08,0.0,283.1598205566406,287.84234619140625,290.39013671875,290.6860046386719,293.1499938964844,293.1499938964844,278.1499938964844,0.0,18000.0,313.1499938964844,0.0,18000.0,0.0,0.0,0.0,0.0,0.0,0.0,0.0,0.0,0.0,-0.0,-0.0,-0.0,6.445913975451006e-21,3.222956987725503e-21,3.2229567857771112e-21,0.0,0.0,-0.0,0.0,0.0,0.0,0.0,0.0,0.0,0.0,0.0,0.0,4.0,0.0,0.0
12373560,297.78271484375,303.1499938964844,285.1499938964844,0.0,-0.0,287.339599609375,0.0,0.0,9.324739221483468e-05,297.79888916015625,303.1499938964844,285.1499938964844,0.0,-0.0,287.339599609375,0.0,0.0,9.819399565458298e-05,297.8489074707031,303.1499938964844,285.1499938964844,0.0,-0.0,287.339599609375,0.0,0.0,7.252575596794486e-05,297.6473999023437,303.1499938964844,285.1499938964844,0.0,-0.0,287.339599609375,0.0,0.0,9.819399565458298e-05,297.99859619140625,303.1499938964844,285.1499938964844,0.0,-0.0,287.3396301269531,0.0,0.0,0.0004657900426536,287.3156433105469,294.1499938964844,287.54998779296875,286.8992004394531,287.49267578125,287.54998779296875,287.304443359375,0.0,0.0,0.0,0.0,1.0,1.0,-0.0009935440029948,5.109172196426925e-09,0.0009935388807207,-0.0124376155436038,0.0,0.0,0.0,-0.0073456512764096,60.0,0.1677616536617279,-0.0,-6.730287793743629e-08,0.0,283.1598205566406,287.84234619140625,290.39013671875,290.6860046386719,293.1499938964844,293.1499938964844,278.1499938964844,0.0,18000.0,313.1499938964844,0.0,18000.0,0.0,0.0,0.0,0.0,0.0,0.0,0.0,0.0,0.0,-0.0,-0.0,-0.0,6.445913975451006e-21,3.222956987725503e-21,3.2229567857771112e-21,0.0,0.0,-0.0,0.0,0.0,0.0,0.0,0.0,0.0,0.0,0.0,0.0,4.0,0.0,0.0
12373620,297.7841491699219,303.1499938964844,285.1499938964844,0.0,-0.0,287.33917236328125,0.0,0.0,9.322341065853834e-05,297.7992858886719,303.1499938964844,285.1499938964844,0.0,-0.0,287.33917236328125,0.0,0.0,9.816874080570416e-05,297.8492736816406,303.1499938964844,285.1499938964844,0.0,-0.0,287.33917236328125,0.0,0.0,7.25071004126221e-05,297.6476745605469,303.1499938964844,285.1499938964844,0.0,-0.0,287.33917236328125,0.0,0.0,9.816874080570416e-05,297.9989624023437,303.1499938964844,285.1499938964844,0.0,-0.0,287.33917236328125,0.0,0.0,0.0004656702221836,287.3154296875,294.1499938964844,287.54998779296875,286.9066772460937,287.4936828613281,287.54998779296875,287.3045654296875,0.0,0.0,0.0,0.0,1.0,1.0,-0.0009932883549481,5.079284548514806e-09,0.000993283232674,-0.0123593145981431,0.0,0.0,0.0,-0.0073308343999087,60.0,0.1676414459943771,-0.0,-6.72682531899227e-08,0.0,283.1598205566406,287.84234619140625,290.39013671875,290.6860046386719,293.1499938964844,293.1499938964844,278.1499938964844,0.0,18000.0,313.1499938964844,0.0,18000.0,0.0,0.0,0.0,0.0,0.0,0.0,0.0,0.0,0.0,-0.0,-0.0,-0.0,6.445913975451006e-21,3.222956987725503e-21,3.2229567857771112e-21,0.0,0.0,-0.0,0.0,0.0,0.0,0.0,0.0,0.0,0.0,0.0,0.0,4.0,0.0,0.0
12373680,297.7841491699219,303.1499938964844,285.1499938964844,0.0,-0.0,287.33917236328125,0.0,0.0,9.322341065853834e-05,297.7992858886719,303.1499938964844,285.1499938964844,0.0,-0.0,287.33917236328125,0.0,0.0,9.816874080570416e-05,297.8492736816406,303.1499938964844,285.1499938964844,0.0,-0.0,287.33917236328125,0.0,0.0,7.25071004126221e-05,297.6476745605469,303.1499938964844,285.1499938964844,0.0,-0.0,287.33917236328125,0.0,0.0,9.816874080570416e-05,297.9989624023437,303.1499938964844,285.1499938964844,0.0,-0.0,287.33917236328125,0.0,0.0,0.0004656702221836,287.3154296875,294.1499938964844,287.54998779296875,286.9066772460937,287.4936828613281,287.54998779296875,287.3045654296875,0.0,0.0,0.0,0.0,1.0,1.0,-0.0009932883549481,5.079284548514806e-09,0.000993283232674,-0.0123593145981431,0.0,0.0,0.0,-0.0073308343999087,60.0,0.1676414459943771,-0.0,-6.72682531899227e-08,0.0,283.1598205566406,287.84234619140625,290.39013671875,290.6860046386719,293.1499938964844,293.1499938964844,278.1499938964844,0.0,18000.0,313.1499938964844,0.0,18000.0,0.0,0.0,0.0,0.0,0.0,0.0,0.0,0.0,0.0,-0.0,-0.0,-0.0,6.445913975451006e-21,3.222956987725503e-21,3.2229567857771112e-21,0.0,0.0,-0.0,0.0,0.0,0.0,0.0,0.0,0.0,0.0,0.0,0.0,4.0,0.0,0.0
12373740,297.7855834960937,303.1499938964844,285.1499938964844,0.0,-0.0,287.3387451171875,0.0,0.0,9.320090612163769e-05,297.7997131347656,303.1499938964844,285.1499938964844,0.0,-0.0,287.3387451171875,0.0,0.0,9.814504301175476e-05,297.84967041015625,303.1499938964844,285.1499938964844,0.0,-0.0,287.3387451171875,0.0,0.0,7.248959445860237e-05,297.6478881835937,303.1499938964844,285.1499938964844,0.0,-0.0,287.3387451171875,0.0,0.0,9.814504301175476e-05,297.99932861328125,303.1499938964844,285.1499938964844,0.0,-0.0,287.3387451171875,0.0,0.0,0.0004655578231904,287.31524658203125,294.1499938964844,287.54998779296875,286.9135437011719,287.49468994140625,287.54998779296875,287.3046569824219,0.0,0.0,0.0,0.0,1.0,1.0,-0.0009930485393851,5.051246532161713e-09,0.0009930435335263,-0.0122858574613928,0.0,0.0,0.0,-0.0073169348761439,60.0,0.1675234735012054,-0.0,-6.72357742814711e-08,0.0,283.1598205566406,287.84234619140625,290.39013671875,290.6860046386719,293.1499938964844,293.1499938964844,278.1499938964844,0.0,18000.0,313.1499938964844,0.0,18000.0,0.0,0.0,0.0,0.0,0.0,0.0,0.0,0.0,0.0,-0.0,-0.0,-0.0,6.445913975451006e-21,3.222956987725503e-21,3.2229567857771112e-21,0.0,0.0,-0.0,0.0,0.0,0.0,0.0,0.0,0.0,0.0,0.0,0.0,4.0,0.0,0.0
12373800,297.7855834960937,303.1499938964844,285.1499938964844,0.0,-0.0,287.3387451171875,0.0,0.0,9.320090612163769e-05,297.7997131347656,303.1499938964844,285.1499938964844,0.0,-0.0,287.3387451171875,0.0,0.0,9.814504301175476e-05,297.84967041015625,303.1499938964844,285.1499938964844,0.0,-0.0,287.3387451171875,0.0,0.0,7.248959445860237e-05,297.6478881835937,303.1499938964844,285.1499938964844,0.0,-0.0,287.3387451171875,0.0,0.0,9.814504301175476e-05,297.99932861328125,303.1499938964844,285.1499938964844,0.0,-0.0,287.3387451171875,0.0,0.0,0.0004655578231904,287.31524658203125,294.1499938964844,287.54998779296875,286.9135437011719,287.49468994140625,287.54998779296875,287.3046569824219,0.0,0.0,0.0,0.0,1.0,1.0,-0.0009930485393851,5.051246532161713e-09,0.0009930435335263,-0.0122858574613928,0.0,0.0,0.0,-0.0073169348761439,60.0,0.1675234735012054,-0.0,-6.72357742814711e-08,0.0,283.1598205566406,287.84234619140625,290.39013671875,290.6860046386719,293.1499938964844,293.1499938964844,278.1499938964844,0.0,18000.0,313.1499938964844,0.0,18000.0,0.0,0.0,0.0,0.0,0.0,0.0,0.0,0.0,0.0,-0.0,-0.0,-0.0,6.445913975451006e-21,3.222956987725503e-21,3.2229567857771112e-21,0.0,0.0,-0.0,0.0,0.0,0.0,0.0,0.0,0.0,0.0,0.0,0.0,4.0,0.0,0.0
12373860,297.7863464355469,303.1499938964844,285.1499938964844,0.0,-0.0,287.3385314941406,0.0,0.0,9.318981756223366e-05,297.7999267578125,303.1499938964844,285.1499938964844,0.0,-0.0,287.3385009765625,0.0,0.0,9.8133365099784e-05,297.849853515625,303.1499938964844,285.1499938964844,0.0,-0.0,287.3385009765625,0.0,0.0,7.248097244882956e-05,297.6479797363281,303.1499938964844,285.1499938964844,0.0,-0.0,287.3385009765625,0.0,0.0,9.8133365099784e-05,297.99951171875,303.1499938964844,285.1499938964844,0.0,-0.0,287.3385314941406,0.0,0.0,0.0004655024386011,287.3151550292969,294.1499938964844,287.54998779296875,286.9168395996094,287.49517822265625,287.54998779296875,287.3047180175781,0.0,0.0,0.0,0.0,1.0,1.0,-0.0009929303778335,5.037426475951179e-09,0.0009929253719747,-0.0122496504336595,0.0,0.0,0.0,-0.0073100836016237,60.0,0.1674630641937255,-0.0,-6.721977285906179e-08,0.0,283.1598205566406,287.84234619140625,290.39013671875,290.6860046386719,293.1499938964844,293.1499938964844,278.1499938964844,0.0,18000.0,313.1499938964844,0.0,18000.0,0.0,0.0,0.0,0.0,0.0,0.0,0.0,0.0,0.0,-0.0,-0.0,-0.0,6.445913975451006e-21,3.222956987725503e-21,3.2229567857771112e-21,0.0,0.0,-0.0,0.0,0.0,0.0,0.0,0.0,0.0,0.0,0.0,0.0,4.0,0.0,0.0
12373920,297.7870483398437,303.1499938964844,285.1499938964844,0.0,-0.0,287.3383178710937,0.0,0.0,9.317999501945452e-05,297.8001403808594,303.1499938964844,285.1499938964844,0.0,-0.0,287.3383178710937,0.0,0.0,9.812301868805662e-05,297.8500671386719,303.1499938964844,285.1499938964844,0.0,-0.0,287.3383178710937,0.0,0.0,7.247332541737705e-05,297.6480407714844,303.1499938964844,285.1499938964844,0.0,-0.0,287.3383178710937,0.0,0.0,9.812301868805662e-05,297.9996643066406,303.1499938964844,285.1499938964844,0.0,-0.0,287.3383178710937,0.0,0.0,0.0004654533404391,287.3150634765625,294.1499938964844,287.54998779296875,286.91973876953125,287.4956359863281,287.54998779296875,287.3047790527344,0.0,0.0,0.0,0.0,1.0,1.0,-0.0009928256040439,5.025181160078773e-09,0.000992820598185,-0.0122175700962543,0.0,0.0,0.0,-0.0073040132410824,60.0,0.1674078702926635,-0.0,-6.720559753148336e-08,0.0,283.1598205566406,287.84234619140625,290.39013671875,290.6860046386719,293.1499938964844,293.1499938964844,278.1499938964844,0.0,18000.0,313.1499938964844,0.0,18000.0,0.0,0.0,0.0,0.0,0.0,0.0,0.0,0.0,0.0,-0.0,-0.0,-0.0,6.445913975451006e-21,3.222956987725503e-21,3.2229567857771112e-21,0.0,0.0,-0.0,0.0,0.0,0.0,0.0,0.0,0.0,0.0,0.0,0.0,4.0,0.0,0.0
12373980,297.7885437011719,303.1499938964844,285.1499938964844,0.0,-0.0,287.337890625,0.0,0.0,9.316056821262464e-05,297.80059814453125,303.1499938964844,285.1499938964844,0.0,-0.0,287.337890625,0.0,0.0,9.810256597120316e-05,297.8504943847656,303.1499938964844,285.1499938964844,0.0,-0.0,287.337890625,0.0,0.0,7.245822052937001e-05,297.648193359375,303.1499938964844,285.1499938964844,0.0,-0.0,287.337890625,0.0,0.0,9.810256597120316e-05,297.9999694824219,303.1499938964844,285.1499938964844,0.0,-0.0,287.3379211425781,0.0,0.0,0.0004653563082683,287.3148498535156,294.1499938964844,287.54998779296875,286.9252624511719,287.4966125488281,287.54998779296875,287.3049011230469,0.0,0.0,0.0,0.0,1.0,1.0,-0.0009926186176016,5.0009760776958956e-09,0.0009926136117428,-0.0121541544795036,0.0,0.0,0.0,-0.0072920136153697,60.0,0.1672945320606231,-0.0,-6.717757372598498e-08,0.0,283.1598205566406,287.84234619140625,290.39013671875,290.6860046386719,293.1499938964844,293.1499938964844,278.1499938964844,0.0,18000.0,313.1499938964844,0.0,18000.0,0.0,0.0,0.0,0.0,0.0,0.0,0.0,0.0,0.0,-0.0,-0.0,-0.0,6.445913975451006e-21,3.222956987725503e-21,3.2229567857771112e-21,0.0,0.0,-0.0,0.0,0.0,0.0,0.0,0.0,0.0,0.0,0.0,0.0,4.0,0.0,0.0
12374040,297.7885437011719,303.1499938964844,285.1499938964844,0.0,-0.0,287.337890625,0.0,0.0,9.316056821262464e-05,297.80059814453125,303.1499938964844,285.1499938964844,0.0,-0.0,287.337890625,0.0,0.0,9.810256597120316e-05,297.8504943847656,303.1499938964844,285.1499938964844,0.0,-0.0,287.337890625,0.0,0.0,7.245822052937001e-05,297.648193359375,303.1499938964844,285.1499938964844,0.0,-0.0,287.337890625,0.0,0.0,9.810256597120316e-05,297.9999694824219,303.1499938964844,285.1499938964844,0.0,-0.0,287.3379211425781,0.0,0.0,0.0004653563082683,287.3148498535156,294.1499938964844,287.54998779296875,286.9252624511719,287.4966125488281,287.54998779296875,287.3049011230469,0.0,0.0,0.0,0.0,1.0,1.0,-0.0009926186176016,5.0009760776958956e-09,0.0009926136117428,-0.0121541544795036,0.0,0.0,0.0,-0.0072920136153697,60.0,0.1672945320606231,-0.0,-6.717757372598498e-08,0.0,283.1598205566406,287.84234619140625,290.39013671875,290.6860046386719,293.1499938964844,293.1499938964844,278.1499938964844,0.0,18000.0,313.1499938964844,0.0,18000.0,0.0,0.0,0.0,0.0,0.0,0.0,0.0,0.0,0.0,-0.0,-0.0,-0.0,6.445913975451006e-21,3.222956987725503e-21,3.2229567857771112e-21,0.0,0.0,-0.0,0.0,0.0,0.0,0.0,0.0,0.0,0.0,0.0,0.0,4.0,0.0,0.0
12374100,297.789306640625,303.1499938964844,285.1499938964844,0.0,-0.0,287.3376770019531,0.0,0.0,9.315140778198838e-05,297.80084228515625,303.1499938964844,285.1499938964844,0.0,-0.0,287.3376770019531,0.0,0.0,9.809291805140674e-05,297.8507080078125,303.1499938964844,285.1499938964844,0.0,-0.0,287.3376770019531,0.0,0.0,7.245109736686572e-05,297.6482849121094,303.1499938964844,285.1499938964844,0.0,-0.0,287.3376770019531,0.0,0.0,9.809291805140674e-05,298.0001525878906,303.1499938964844,285.1499938964844,0.0,-0.0,287.33770751953125,0.0,0.0,0.0004653105570469,287.31475830078125,294.1499938964844,287.54998779296875,286.92779541015625,287.4970703125,287.54998779296875,287.3049621582031,0.0,0.0,0.0,0.0,1.0,1.0,-0.000992521061562,4.9895616527351194e-09,0.0009925160557031,-0.0121242497116327,0.0,0.0,0.0,-0.0072863548994064,60.0,0.1672387421131134,-0.0,-6.716435763109986e-08,0.0,283.1598205566406,287.84234619140625,290.39013671875,290.6860046386719,293.1499938964844,293.1499938964844,278.1499938964844,0.0,18000.0,313.1499938964844,0.0,18000.0,0.0,0.0,0.0,0.0,0.0,0.0,0.0,0.0,0.0,-0.0,-0.0,-0.0,6.445913975451006e-21,3.222956987725503e-21,3.2229567857771112e-21,0.0,0.0,-0.0,0.0,0.0,0.0,0.0,0.0,0.0,0.0,0.0,0.0,4.0,0.0,0.0
12374160,297.79010009765625,303.1499938964844,285.1499938964844,0.0,-0.0,287.3374938964844,0.0,0.0,9.31426475290209e-05,297.80108642578125,303.1499938964844,285.1499938964844,0.0,-0.0,287.33746337890625,0.0,0.0,9.808369941310956e-05,297.8509521484375,303.1499938964844,285.1499938964844,0.0,-0.0,287.33746337890625,0.0,0.0,7.244428707053885e-05,297.6483764648437,303.1499938964844,285.1499938964844,0.0,-0.0,287.3374938964844,0.0,0.0,9.808369941310956e-05,298.00030517578125,303.1499938964844,285.1499938964844,0.0,-0.0,287.3374938964844,0.0,0.0,0.0004652668139897,287.3146667480469,294.1499938964844,287.54998779296875,286.9301452636719,287.4975280761719,287.54998779296875,287.3050231933594,0.0,0.0,0.0,0.0,1.0,1.0,-0.0009924276964738,4.978648604492264e-09,0.000992422690615,-0.0120956590399146,0.0,0.0,0.0,-0.0072809448465704,60.0,0.1671835333108902,-0.0,-6.715173128668539e-08,0.0,283.1598205566406,287.84234619140625,290.39013671875,290.6860046386719,293.1499938964844,293.1499938964844,278.1499938964844,0.0,18000.0,313.1499938964844,0.0,18000.0,0.0,0.0,0.0,0.0,0.0,0.0,0.0,0.0,0.0,-0.0,-0.0,-0.0,6.445913975451006e-21,3.222956987725503e-21,3.2229567857771112e-21,0.0,0.0,-0.0,0.0,0.0,0.0,0.0,0.0,0.0,0.0,0.0,0.0,4.0,0.0,0.0
12374220,297.7917175292969,303.1499938964844,285.1499938964844,0.0,-0.0,287.3370666503906,0.0,0.0,9.312632028013468e-05,297.8016357421875,303.1499938964844,285.1499938964844,0.0,-0.0,287.3370666503906,0.0,0.0,9.806649904930964e-05,297.8514404296875,303.1499938964844,285.1499938964844,0.0,-0.0,287.3370666503906,0.0,0.0,7.243158324854448e-05,297.6485900878906,303.1499938964844,285.1499938964844,0.0,-0.0,287.3370666503906,0.0,0.0,9.806649904930964e-05,298.0006103515625,303.1499938964844,285.1499938964844,0.0,-0.0,287.33709716796875,0.0,0.0,0.0004651852359529,287.3144836425781,294.1499938964844,287.54998779296875,286.93438720703125,287.4984436035156,287.54998779296875,287.3051147460937,0.0,0.0,0.0,0.0,1.0,1.0,-0.0009922536555677,4.9582959960048364e-09,0.0009922486497089,-0.0120423361659049,0.0,0.0,0.0,-0.0072708548977971,60.0,0.1670749187469482,-0.0,-6.712817679499494e-08,0.0,283.1598205566406,287.84234619140625,290.39013671875,290.6860046386719,293.1499938964844,293.1499938964844,278.1499938964844,0.0,18000.0,313.1499938964844,0.0,18000.0,0.0,0.0,0.0,0.0,0.0,0.0,0.0,0.0,0.0,-0.0,-0.0,-0.0,6.445913975451006e-21,3.222956987725503e-21,3.2229567857771112e-21,0.0,0.0,-0.0,0.0,0.0,0.0,0.0,0.0,0.0,0.0,0.0,0.0,4.0,0.0,0.0
12374280,297.7917175292969,303.1499938964844,285.1499938964844,0.0,-0.0,287.3370666503906,0.0,0.0,9.312632028013468e-05,297.8016357421875,303.1499938964844,285.1499938964844,0.0,-0.0,287.3370666503906,0.0,0.0,9.806649904930964e-05,297.8514404296875,303.1499938964844,285.1499938964844,0.0,-0.0,287.3370666503906,0.0,0.0,7.243158324854448e-05,297.6485900878906,303.1499938964844,285.1499938964844,0.0,-0.0,287.3370666503906,0.0,0.0,9.806649904930964e-05,298.0006103515625,303.1499938964844,285.1499938964844,0.0,-0.0,287.33709716796875,0.0,0.0,0.0004651852359529,287.3144836425781,294.1499938964844,287.54998779296875,286.93438720703125,287.4984436035156,287.54998779296875,287.3051147460937,0.0,0.0,0.0,0.0,1.0,1.0,-0.0009922536555677,4.9582959960048364e-09,0.0009922486497089,-0.0120423361659049,0.0,0.0,0.0,-0.0072708548977971,60.0,0.1670749187469482,-0.0,-6.712817679499494e-08,0.0,283.1598205566406,287.84234619140625,290.39013671875,290.6860046386719,293.1499938964844,293.1499938964844,278.1499938964844,0.0,18000.0,313.1499938964844,0.0,18000.0,0.0,0.0,0.0,0.0,0.0,0.0,0.0,0.0,0.0,-0.0,-0.0,-0.0,6.445913975451006e-21,3.222956987725503e-21,3.2229567857771112e-21,0.0,0.0,-0.0,0.0,0.0,0.0,0.0,0.0,0.0,0.0,0.0,0.0,4.0,0.0,0.0
12374340,297.7934265136719,303.1499938964844,285.1499938964844,0.0,-0.0,287.336669921875,0.0,0.0,9.311143367085606e-05,297.8022155761719,303.1499938964844,285.1499938964844,0.0,-0.0,287.336669921875,0.0,0.0,9.805082663660868e-05,297.8519592285156,303.1499938964844,285.1499938964844,0.0,-0.0,287.336669921875,0.0,0.0,7.242000719998032e-05,297.6488037109375,303.1499938964844,285.1499938964844,0.0,-0.0,287.336669921875,0.0,0.0,9.805082663660868e-05,298.0009460449219,303.1499938964844,285.1499938964844,0.0,-0.0,287.336669921875,0.0,0.0,0.0004651108756661,287.3143310546875,294.1499938964844,287.54998779296875,286.9379577636719,287.4993591308594,287.54998779296875,287.30523681640625,0.0,0.0,0.0,0.0,1.0,1.0,-0.0009920949814841,4.939747277887818e-09,0.0009920900920405,-0.0119937406852841,0.0,0.0,0.0,-0.0072616594843566,60.0,0.1669685393571853,-0.0,-6.710671129894763e-08,0.0,283.1598205566406,287.84234619140625,290.39013671875,290.6860046386719,293.1499938964844,293.1499938964844,278.1499938964844,0.0,18000.0,313.1499938964844,0.0,18000.0,0.0,0.0,0.0,0.0,0.0,0.0,0.0,0.0,0.0,-0.0,-0.0,-0.0,6.445913975451006e-21,3.222956987725503e-21,3.2229567857771112e-21,0.0,0.0,-0.0,0.0,0.0,0.0,0.0,0.0,0.0,0.0,0.0,0.0,4.0,0.0,0.0
12374400,297.7934265136719,303.1499938964844,285.1499938964844,0.0,-0.0,287.336669921875,0.0,0.0,9.311143367085606e-05,297.8022155761719,303.1499938964844,285.1499938964844,0.0,-0.0,287.336669921875,0.0,0.0,9.805082663660868e-05,297.8519592285156,303.1499938964844,285.1499938964844,0.0,-0.0,287.336669921875,0.0,0.0,7.242000719998032e-05,297.6488037109375,303.1499938964844,285.1499938964844,0.0,-0.0,287.336669921875,0.0,0.0,9.805082663660868e-05,298.0009460449219,303.1499938964844,285.1499938964844,0.0,-0.0,287.336669921875,0.0,0.0,0.0004651108756661,287.3143310546875,294.1499938964844,287.54998779296875,286.9379577636719,287.4993591308594,287.54998779296875,287.30523681640625,0.0,0.0,0.0,0.0,1.0,1.0,-0.0009920949814841,4.939747277887818e-09,0.0009920900920405,-0.0119937406852841,0.0,0.0,0.0,-0.0072616594843566,60.0,0.1669685393571853,-0.0,-6.710671129894763e-08,0.0,283.1598205566406,287.84234619140625,290.39013671875,290.6860046386719,293.1499938964844,293.1499938964844,278.1499938964844,0.0,18000.0,313.1499938964844,0.0,18000.0,0.0,0.0,0.0,0.0,0.0,0.0,0.0,0.0,0.0,-0.0,-0.0,-0.0,6.445913975451006e-21,3.222956987725503e-21,3.2229567857771112e-21,0.0,0.0,-0.0,0.0,0.0,0.0,0.0,0.0,0.0,0.0,0.0,0.0,4.0,0.0,0.0
12374460,297.79522705078125,303.1499938964844,285.1499938964844,0.0,-0.0,287.3362731933594,0.0,0.0,9.309802408097312e-05,297.8028564453125,303.1499938964844,285.1499938964844,0.0,-0.0,287.3362731933594,0.0,0.0,9.803670400287956e-05,297.8525695800781,303.1499938964844,285.1499938964844,0.0,-0.0,287.3362731933594,0.0,0.0,7.240957347676158e-05,297.6490783691406,303.1499938964844,285.1499938964844,0.0,-0.0,287.3362731933594,0.0,0.0,9.803670400287956e-05,298.0013122558594,303.1499938964844,285.1499938964844,0.0,-0.0,287.3362731933594,0.0,0.0,0.0004650439077522,287.31414794921875,294.1499938964844,287.54998779296875,286.9408874511719,287.500244140625,287.54998779296875,287.30535888671875,0.0,0.0,0.0,0.0,1.0,1.0,-0.0009919521398842,4.923039753634839e-09,0.0009919471340253,-0.0119499694555997,0.0,0.0,0.0,-0.0072533767670392,60.0,0.1668645590543747,-0.0,-6.708738453653498e-08,0.0,283.1598205566406,287.84234619140625,290.39013671875,290.6860046386719,293.1499938964844,293.1499938964844,278.1499938964844,0.0,18000.0,313.1499938964844,0.0,18000.0,0.0,0.0,0.0,0.0,0.0,0.0,0.0,0.0,0.0,-0.0,-0.0,-0.0,6.445913975451006e-21,3.222956987725503e-21,3.2229567857771112e-21,0.0,0.0,-0.0,0.0,0.0,0.0,0.0,0.0,0.0,0.0,0.0,0.0,4.0,0.0,0.0
12374520,297.79522705078125,303.1499938964844,285.1499938964844,0.0,-0.0,287.3362731933594,0.0,0.0,9.309802408097312e-05,297.8028564453125,303.1499938964844,285.1499938964844,0.0,-0.0,287.3362731933594,0.0,0.0,9.803670400287956e-05,297.8525695800781,303.1499938964844,285.1499938964844,0.0,-0.0,287.3362731933594,0.0,0.0,7.240957347676158e-05,297.6490783691406,303.1499938964844,285.1499938964844,0.0,-0.0,287.3362731933594,0.0,0.0,9.803670400287956e-05,298.0013122558594,303.1499938964844,285.1499938964844,0.0,-0.0,287.3362731933594,0.0,0.0,0.0004650439077522,287.31414794921875,294.1499938964844,287.54998779296875,286.9408874511719,287.500244140625,287.54998779296875,287.30535888671875,0.0,0.0,0.0,0.0,1.0,1.0,-0.0009919521398842,4.923039753634839e-09,0.0009919471340253,-0.0119499694555997,0.0,0.0,0.0,-0.0072533767670392,60.0,0.1668645590543747,-0.0,-6.708738453653498e-08,0.0,283.1598205566406,287.84234619140625,290.39013671875,290.6860046386719,293.1499938964844,293.1499938964844,278.1499938964844,0.0,18000.0,313.1499938964844,0.0,18000.0,0.0,0.0,0.0,0.0,0.0,0.0,0.0,0.0,0.0,-0.0,-0.0,-0.0,6.445913975451006e-21,3.222956987725503e-21,3.2229567857771112e-21,0.0,0.0,-0.0,0.0,0.0,0.0,0.0,0.0,0.0,0.0,0.0,0.0,4.0,0.0,0.0
12374580,297.7970886230469,303.1499938964844,285.1499938964844,0.0,-0.0,287.3358764648437,0.0,0.0,9.308610606240109e-05,297.8035583496094,303.1499938964844,285.1499938964844,0.0,-0.0,287.3358764648437,0.0,0.0,9.80241529759951e-05,297.85321044921875,303.1499938964844,285.1499938964844,0.0,-0.0,287.3358764648437,0.0,0.0,7.240030390676111e-05,297.6493835449219,303.1499938964844,285.1499938964844,0.0,-0.0,287.3358764648437,0.0,0.0,9.80241529759951e-05,298.0016784667969,303.1499938964844,285.1499938964844,0.0,-0.0,287.3359069824219,0.0,0.0,0.0004649843613151,287.31396484375,294.1499938964844,287.54998779296875,286.94317626953125,287.5010986328125,287.54998779296875,287.30548095703125,0.0,0.0,0.0,0.0,1.0,1.0,-0.0009918250143527,4.908183637297725e-09,0.0009918201249092,-0.0119110466912388,0.0,0.0,0.0,-0.0072460118681192,60.0,0.1667629480361938,-0.0,-6.707020361318429e-08,0.0,283.1598205566406,287.84234619140625,290.39013671875,290.6860046386719,293.1499938964844,293.1499938964844,278.1499938964844,0.0,18000.0,313.1499938964844,0.0,18000.0,0.0,0.0,0.0,0.0,0.0,0.0,0.0,0.0,0.0,-0.0,-0.0,-0.0,6.445913975451006e-21,3.222956987725503e-21,3.2229567857771112e-21,0.0,0.0,-0.0,0.0,0.0,0.0,0.0,0.0,0.0,0.0,0.0,0.0,4.0,0.0,0.0
12374640,297.7970886230469,303.1499938964844,285.1499938964844,0.0,-0.0,287.3358764648437,0.0,0.0,9.308610606240109e-05,297.8035583496094,303.1499938964844,285.1499938964844,0.0,-0.0,287.3358764648437,0.0,0.0,9.80241529759951e-05,297.85321044921875,303.1499938964844,285.1499938964844,0.0,-0.0,287.3358764648437,0.0,0.0,7.240030390676111e-05,297.6493835449219,303.1499938964844,285.1499938964844,0.0,-0.0,287.3358764648437,0.0,0.0,9.80241529759951e-05,298.0016784667969,303.1499938964844,285.1499938964844,0.0,-0.0,287.3359069824219,0.0,0.0,0.0004649843613151,287.31396484375,294.1499938964844,287.54998779296875,286.94317626953125,287.5010986328125,287.54998779296875,287.30548095703125,0.0,0.0,0.0,0.0,1.0,1.0,-0.0009918250143527,4.908183637297725e-09,0.0009918201249092,-0.0119110466912388,0.0,0.0,0.0,-0.0072460118681192,60.0,0.1667629480361938,-0.0,-6.707020361318429e-08,0.0,283.1598205566406,287.84234619140625,290.39013671875,290.6860046386719,293.1499938964844,293.1499938964844,278.1499938964844,0.0,18000.0,313.1499938964844,0.0,18000.0,0.0,0.0,0.0,0.0,0.0,0.0,0.0,0.0,0.0,-0.0,-0.0,-0.0,6.445913975451006e-21,3.222956987725503e-21,3.2229567857771112e-21,0.0,0.0,-0.0,0.0,0.0,0.0,0.0,0.0,0.0,0.0,0.0,0.0,4.0,0.0,0.0
12374700,297.798095703125,303.1499938964844,285.1499938964844,0.0,-0.0,287.335693359375,0.0,0.0,9.308063454227522e-05,297.8039245605469,303.1499938964844,285.1499938964844,0.0,-0.0,287.335693359375,0.0,0.0,9.801839041756466e-05,297.8535461425781,303.1499938964844,285.1499938964844,0.0,-0.0,287.335693359375,0.0,0.0,7.239604747155681e-05,297.6495666503906,303.1499938964844,285.1499938964844,0.0,-0.0,287.335693359375,0.0,0.0,9.801839041756466e-05,298.0018615722656,303.1499938964844,285.1499938964844,0.0,-0.0,287.335693359375,0.0,0.0,0.0004649570328183,287.3139038085937,294.1499938964844,287.54998779296875,286.9440612792969,287.50152587890625,287.54998779296875,287.3055419921875,0.0,0.0,0.0,0.0,1.0,1.0,-0.0009917666902765,4.901363315212848e-09,0.000991761800833,-0.0118931792676448,0.0,0.0,0.0,-0.0072426311671733,60.0,0.1667130440473556,-0.0,-6.706231658881735e-08,0.0,283.1598205566406,287.84234619140625,290.39013671875,290.6860046386719,293.1499938964844,293.1499938964844,278.1499938964844,0.0,18000.0,313.1499938964844,0.0,18000.0,0.0,0.0,0.0,0.0,0.0,0.0,0.0,0.0,0.0,-0.0,-0.0,-0.0,6.445913975451006e-21,3.222956987725503e-21,3.2229567857771112e-21,0.0,0.0,-0.0,0.0,0.0,0.0,0.0,0.0,0.0,0.0,0.0,0.0,4.0,0.0,0.0
12374760,297.7991027832031,303.1499938964844,285.1499938964844,0.0,-0.0,287.33551025390625,0.0,0.0,9.307558502769098e-05,297.8043212890625,303.1499938964844,285.1499938964844,0.0,-0.0,287.3354797363281,0.0,0.0,9.801307169254868e-05,297.8539123535156,303.1499938964844,285.1499938964844,0.0,-0.0,287.3354797363281,0.0,0.0,7.239211845444515e-05,297.6497802734375,303.1499938964844,285.1499938964844,0.0,-0.0,287.3354797363281,0.0,0.0,9.801307169254868e-05,298.0020751953125,303.1499938964844,285.1499938964844,0.0,-0.0,287.33551025390625,0.0,0.0,0.0004649317997973,287.3138122558594,294.1499938964844,287.54998779296875,286.9447937011719,287.501953125,287.54998779296875,287.3056030273437,0.0,0.0,0.0,0.0,1.0,1.0,-0.0009917129063978,4.8950701270200625e-09,0.0009917080169543,-0.0118766911327838,0.0,0.0,0.0,-0.0072395112365484,60.0,0.1666636914014816,-0.0,-6.70550335257758e-08,0.0,283.1598205566406,287.84234619140625,290.39013671875,290.6860046386719,293.1499938964844,293.1499938964844,278.1499938964844,0.0,18000.0,313.1499938964844,0.0,18000.0,0.0,0.0,0.0,0.0,0.0,0.0,0.0,0.0,0.0,-0.0,-0.0,-0.0,6.445913975451006e-21,3.222956987725503e-21,3.2229567857771112e-21,0.0,0.0,-0.0,0.0,0.0,0.0,0.0,0.0,0.0,0.0,0.0,0.0,4.0,0.0,0.0
12374820,297.8012084960937,303.1499938964844,285.1499938964844,0.0,-0.0,287.3351135253906,0.0,0.0,9.306662832386792e-05,297.8051452636719,303.1499938964844,285.1499938964844,0.0,-0.0,287.3351135253906,0.0,0.0,9.800364205148072e-05,297.85467529296875,303.1499938964844,285.1499938964844,0.0,-0.0,287.3351135253906,0.0,0.0,7.238515536300838e-05,297.65020751953125,303.1499938964844,285.1499938964844,0.0,-0.0,287.3351135253906,0.0,0.0,9.800364205148072e-05,298.00250244140625,303.1499938964844,285.1499938964844,0.0,-0.0,287.3351135253906,0.0,0.0,0.0004648870672099,287.3136291503906,294.1499938964844,287.54998779296875,286.9457702636719,287.5028076171875,287.54998779296875,287.3056945800781,0.0,0.0,0.0,0.0,1.0,1.0,-0.0009916174458339,4.883908832908901e-09,0.0009916125563904,-0.0118474494665861,0.0,0.0,0.0,-0.0072339782491326,60.0,0.1665668189525604,-0.0,-6.70421300696944e-08,0.0,283.1598205566406,287.84234619140625,290.39013671875,290.6860046386719,293.1499938964844,293.1499938964844,278.1499938964844,0.0,18000.0,313.1499938964844,0.0,18000.0,0.0,0.0,0.0,0.0,0.0,0.0,0.0,0.0,0.0,-0.0,-0.0,-0.0,6.445913975451006e-21,3.222956987725503e-21,3.2229567857771112e-21,0.0,0.0,-0.0,0.0,0.0,0.0,0.0,0.0,0.0,0.0,0.0,0.0,4.0,0.0,0.0
12374880,297.8012084960937,303.1499938964844,285.1499938964844,0.0,-0.0,287.3351135253906,0.0,0.0,9.306662832386792e-05,297.8051452636719,303.1499938964844,285.1499938964844,0.0,-0.0,287.3351135253906,0.0,0.0,9.800364205148072e-05,297.85467529296875,303.1499938964844,285.1499938964844,0.0,-0.0,287.3351135253906,0.0,0.0,7.238515536300838e-05,297.65020751953125,303.1499938964844,285.1499938964844,0.0,-0.0,287.3351135253906,0.0,0.0,9.800364205148072e-05,298.00250244140625,303.1499938964844,285.1499938964844,0.0,-0.0,287.3351135253906,0.0,0.0,0.0004648870672099,287.3136291503906,294.1499938964844,287.54998779296875,286.9457702636719,287.5028076171875,287.54998779296875,287.3056945800781,0.0,0.0,0.0,0.0,1.0,1.0,-0.0009916174458339,4.883908832908901e-09,0.0009916125563904,-0.0118474494665861,0.0,0.0,0.0,-0.0072339782491326,60.0,0.1665668189525604,-0.0,-6.70421300696944e-08,0.0,283.1598205566406,287.84234619140625,290.39013671875,290.6860046386719,293.1499938964844,293.1499938964844,278.1499938964844,0.0,18000.0,313.1499938964844,0.0,18000.0,0.0,0.0,0.0,0.0,0.0,0.0,0.0,0.0,0.0,-0.0,-0.0,-0.0,6.445913975451006e-21,3.222956987725503e-21,3.2229567857771112e-21,0.0,0.0,-0.0,0.0,0.0,0.0,0.0,0.0,0.0,0.0,0.0,0.0,4.0,0.0,0.0
12374940,297.8034362792969,303.1499938964844,285.1499938964844,0.0,-0.0,287.3347473144531,0.0,0.0,9.305906132794917e-05,297.8060302734375,303.1499938964844,285.1499938964844,0.0,-0.0,287.334716796875,0.0,0.0,9.799567487789318e-05,297.8554992675781,303.1499938964844,285.1499938964844,0.0,-0.0,287.334716796875,0.0,0.0,7.23792691132985e-05,297.65069580078125,303.1499938964844,285.1499938964844,0.0,-0.0,287.3347473144531,0.0,0.0,9.799567487789318e-05,298.00299072265625,303.1499938964844,285.1499938964844,0.0,-0.0,287.3347473144531,0.0,0.0,0.0004648492613341,287.3134765625,294.1499938964844,287.54998779296875,286.94610595703125,287.5036315917969,287.54998779296875,287.3058166503906,0.0,0.0,0.0,0.0,1.0,1.0,-0.0009915367700159,4.874475934002476e-09,0.0009915318805724,-0.0118227349594235,0.0,0.0,0.0,-0.0072293016128242,60.0,0.1664721369743347,-0.0,-6.703121613327312e-08,0.0,283.1598205566406,287.84234619140625,290.39013671875,290.6860046386719,293.1499938964844,293.1499938964844,278.1499938964844,0.0,18000.0,313.1499938964844,0.0,18000.0,0.0,0.0,0.0,0.0,0.0,0.0,0.0,0.0,0.0,-0.0,-0.0,-0.0,6.445913975451006e-21,3.222956987725503e-21,3.2229567857771112e-21,0.0,0.0,-0.0,0.0,0.0,0.0,0.0,0.0,0.0,0.0,0.0,0.0,4.0,0.0,0.0
12375000,297.8034362792969,303.1499938964844,285.1499938964844,0.0,-0.0,287.3347473144531,0.0,0.0,9.305906132794917e-05,297.8060302734375,303.1499938964844,285.1499938964844,0.0,-0.0,287.334716796875,0.0,0.0,9.799567487789318e-05,297.8554992675781,303.1499938964844,285.1499938964844,0.0,-0.0,287.334716796875,0.0,0.0,7.23792691132985e-05,297.65069580078125,303.1499938964844,285.1499938964844,0.0,-0.0,287.3347473144531,0.0,0.0,9.799567487789318e-05,298.00299072265625,303.1499938964844,285.1499938964844,0.0,-0.0,287.3347473144531,0.0,0.0,0.0004648492613341,287.3134765625,294.1499938964844,287.54998779296875,286.94610595703125,287.5036315917969,287.54998779296875,287.3058166503906,0.0,0.0,0.0,0.0,1.0,1.0,-0.0009915367700159,4.874475934002476e-09,0.0009915318805724,-0.0118227349594235,0.0,0.0,0.0,-0.0072293016128242,60.0,0.1664721369743347,-0.0,-6.703121613327312e-08,0.0,283.1598205566406,287.84234619140625,290.39013671875,290.6860046386719,293.1499938964844,293.1499938964844,278.1499938964844,0.0,18000.0,313.1499938964844,0.0,18000.0,0.0,0.0,0.0,0.0,0.0,0.0,0.0,0.0,0.0,-0.0,-0.0,-0.0,6.445913975451006e-21,3.222956987725503e-21,3.2229567857771112e-21,0.0,0.0,-0.0,0.0,0.0,0.0,0.0,0.0,0.0,0.0,0.0,0.0,4.0,0.0,0.0
12375060,297.8048400878906,303.1499938964844,285.1499938964844,0.0,-0.0,287.3345031738281,0.0,0.0,9.305516141466796e-05,297.8066101074219,303.1499938964844,285.1499938964844,0.0,-0.0,287.3345031738281,0.0,0.0,9.799156396184117e-05,297.85601806640625,303.1499938964844,285.1499938964844,0.0,-0.0,287.3345031738281,0.0,0.0,7.237623503897339e-05,297.6510314941406,303.1499938964844,285.1499938964844,0.0,-0.0,287.3345031738281,0.0,0.0,9.799156396184117e-05,298.0032958984375,303.1499938964844,285.1499938964844,0.0,-0.0,287.33453369140625,0.0,0.0,0.0004648297908715,287.3133850097656,294.1499938964844,287.54998779296875,286.94598388671875,287.5041198730469,287.54998779296875,287.3058776855469,0.0,0.0,0.0,0.0,1.0,1.0,-0.000991495209746,4.869612268976198e-09,0.0009914903203025,-0.0118099935352802,0.0,0.0,0.0,-0.0072268904186785,60.0,0.1664165258407592,-0.0,-6.702559574023327e-08,0.0,283.1598205566406,287.84234619140625,290.39013671875,290.6860046386719,293.1499938964844,293.1499938964844,278.1499938964844,0.0,18000.0,313.1499938964844,0.0,18000.0,0.0,0.0,0.0,0.0,0.0,0.0,0.0,0.0,0.0,-0.0,-0.0,-0.0,6.445913975451006e-21,3.222956987725503e-21,3.2229567857771112e-21,0.0,0.0,-0.0,0.0,0.0,0.0,0.0,0.0,0.0,0.0,0.0,0.0,4.0,0.0,0.0
12375120,297.8057861328125,303.1499938964844,285.1499938964844,0.0,-0.0,287.3343505859375,0.0,0.0,9.305290586780755e-05,297.8070068359375,303.1499938964844,285.1499938964844,0.0,-0.0,287.3343505859375,0.0,0.0,9.798919199965894e-05,297.8564147949219,303.1499938964844,285.1499938964844,0.0,-0.0,287.3343505859375,0.0,0.0,7.237448153318837e-05,297.6512451171875,303.1499938964844,285.1499938964844,0.0,-0.0,287.3343505859375,0.0,0.0,9.798919199965894e-05,298.00347900390625,303.1499938964844,285.1499938964844,0.0,-0.0,287.3343811035156,0.0,0.0,0.0004648185276892,287.3133239746094,294.1499938964844,287.54998779296875,286.9457702636719,287.50445556640625,287.54998779296875,287.3059387207031,0.0,0.0,0.0,0.0,1.0,1.0,-0.0009914711117744,4.866806513348365e-09,0.0009914663387462,-0.0118026426061987,0.0,0.0,0.0,-0.0072254994884133,60.0,0.1663798391819,-0.0,-6.702234855993083e-08,0.0,283.1598205566406,287.84234619140625,290.39013671875,290.6860046386719,293.1499938964844,293.1499938964844,278.1499938964844,0.0,18000.0,313.1499938964844,0.0,18000.0,0.0,0.0,0.0,0.0,0.0,0.0,0.0,0.0,0.0,-0.0,-0.0,-0.0,6.445913975451006e-21,3.222956987725503e-21,3.2229567857771112e-21,0.0,0.0,-0.0,0.0,0.0,0.0,0.0,0.0,0.0,0.0,0.0,0.0,4.0,0.0,0.0
12375180,297.8082580566406,303.1499938964844,285.1499938964844,0.0,-0.0,287.333984375,0.0,0.0,9.304818377131596e-05,297.8080749511719,303.1499938964844,285.1499938964844,0.0,-0.0,287.333984375,0.0,0.0,9.798422252060844e-05,297.8573913574219,303.1499938964844,285.1499938964844,0.0,-0.0,287.333984375,0.0,0.0,7.237081445055082e-05,297.6518859863281,303.1499938964844,285.1499938964844,0.0,-0.0,287.333984375,0.0,0.0,9.798422252060844e-05,298.0040283203125,303.1499938964844,285.1499938964844,0.0,-0.0,287.3340148925781,0.0,0.0,0.0004647949535865,287.31317138671875,294.1499938964844,287.54998779296875,286.9447937011719,287.5052490234375,287.54998779296875,287.3060607910156,0.0,0.0,0.0,0.0,1.0,1.0,-0.0009914208203554,4.860919222693383e-09,0.0009914159309118,-0.011787218041718,0.0,0.0,0.0,-0.0072225807234644,60.0,0.1662899106740951,-0.0,-6.701554156052225e-08,0.0,283.1598205566406,287.84234619140625,290.39013671875,290.6860046386719,293.1499938964844,293.1499938964844,278.1499938964844,0.0,18000.0,313.1499938964844,0.0,18000.0,0.0,0.0,0.0,0.0,0.0,0.0,0.0,0.0,0.0,-0.0,-0.0,-0.0,6.445913975451006e-21,3.222956987725503e-21,3.2229567857771112e-21,0.0,0.0,-0.0,0.0,0.0,0.0,0.0,0.0,0.0,0.0,0.0,0.0,4.0,0.0,0.0
12375240,297.8082580566406,303.1499938964844,285.1499938964844,0.0,-0.0,287.333984375,0.0,0.0,9.304818377131596e-05,297.8080749511719,303.1499938964844,285.1499938964844,0.0,-0.0,287.333984375,0.0,0.0,9.798422252060844e-05,297.8573913574219,303.1499938964844,285.1499938964844,0.0,-0.0,287.333984375,0.0,0.0,7.237081445055082e-05,297.6518859863281,303.1499938964844,285.1499938964844,0.0,-0.0,287.333984375,0.0,0.0,9.798422252060844e-05,298.0040283203125,303.1499938964844,285.1499938964844,0.0,-0.0,287.3340148925781,0.0,0.0,0.0004647949535865,287.31317138671875,294.1499938964844,287.54998779296875,286.9447937011719,287.5052490234375,287.54998779296875,287.3060607910156,0.0,0.0,0.0,0.0,1.0,1.0,-0.0009914208203554,4.860919222693383e-09,0.0009914159309118,-0.011787218041718,0.0,0.0,0.0,-0.0072225807234644,60.0,0.1662899106740951,-0.0,-6.701554156052225e-08,0.0,283.1598205566406,287.84234619140625,290.39013671875,290.6860046386719,293.1499938964844,293.1499938964844,278.1499938964844,0.0,18000.0,313.1499938964844,0.0,18000.0,0.0,0.0,0.0,0.0,0.0,0.0,0.0,0.0,0.0,-0.0,-0.0,-0.0,6.445913975451006e-21,3.222956987725503e-21,3.2229567857771112e-21,0.0,0.0,-0.0,0.0,0.0,0.0,0.0,0.0,0.0,0.0,0.0,0.0,4.0,0.0,0.0
12375300,297.8095703125,303.1499938964844,285.1499938964844,0.0,-0.0,287.33380126953125,0.0,0.0,9.304629202233627e-05,297.8086242675781,303.1499938964844,285.1499938964844,0.0,-0.0,287.33380126953125,0.0,0.0,9.798222890822216e-05,297.85791015625,303.1499938964844,285.1499938964844,0.0,-0.0,287.33380126953125,0.0,0.0,7.236933743115515e-05,297.6522216796875,303.1499938964844,285.1499938964844,0.0,-0.0,287.33380126953125,0.0,0.0,9.798222890822216e-05,298.0043334960937,303.1499938964844,285.1499938964844,0.0,-0.0,287.3338317871094,0.0,0.0,0.0004647854948416,287.3130798339844,294.1499938964844,287.54998779296875,286.9440612792969,287.5056457519531,287.54998779296875,287.3061218261719,0.0,0.0,0.0,0.0,1.0,1.0,-0.0009914006805047,4.8585593326322404e-09,0.0009913957910612,-0.0117810349911451,0.0,0.0,0.0,-0.0072214109823107,60.0,0.1662458330392837,-0.0,-6.701281307641693e-08,0.0,283.1598205566406,287.84234619140625,290.39013671875,290.6860046386719,293.1499938964844,293.1499938964844,278.1499938964844,0.0,18000.0,313.1499938964844,0.0,18000.0,0.0,0.0,0.0,0.0,0.0,0.0,0.0,0.0,0.0,-0.0,-0.0,-0.0,6.445913975451006e-21,3.222956987725503e-21,3.2229567857771112e-21,0.0,0.0,-0.0,0.0,0.0,0.0,0.0,0.0,0.0,0.0,0.0,0.0,4.0,0.0,0.0
12375360,297.8108825683594,303.1499938964844,285.1499938964844,0.0,-0.0,287.3336486816406,0.0,0.0,9.304480045102535e-05,297.8092041015625,303.1499938964844,285.1499938964844,0.0,-0.0,287.3336181640625,0.0,0.0,9.79806573013775e-05,297.8584289550781,303.1499938964844,285.1499938964844,0.0,-0.0,287.3336181640625,0.0,0.0,7.236818055389449e-05,297.6525573730469,303.1499938964844,285.1499938964844,0.0,-0.0,287.3336181640625,0.0,0.0,9.79806573013775e-05,298.004638671875,303.1499938964844,285.1499938964844,0.0,-0.0,287.3336486816406,0.0,0.0,0.000464778044261,287.3130187988281,294.1499938964844,287.54998779296875,286.94317626953125,287.5060119628906,287.54998779296875,287.3061828613281,0.0,0.0,0.0,0.0,1.0,1.0,-0.0009913847316056,4.856699931110597e-09,0.0009913798421621,-0.0117761641740798,0.0,0.0,0.0,-0.0072204894386231,60.0,0.1662022918462753,-0.0,-6.701066723735495e-08,0.0,283.1598205566406,287.84234619140625,290.39013671875,290.6860046386719,293.1499938964844,293.1499938964844,278.1499938964844,0.0,18000.0,313.1499938964844,0.0,18000.0,0.0,0.0,0.0,0.0,0.0,0.0,0.0,0.0,0.0,-0.0,-0.0,-0.0,6.445913975451006e-21,3.222956987725503e-21,3.2229567857771112e-21,0.0,0.0,-0.0,0.0,0.0,0.0,0.0,0.0,0.0,0.0,0.0,0.0,4.0,0.0,0.0
12375420,297.8135986328125,303.1499938964844,285.1499938964844,0.0,-0.0,287.3332824707031,0.0,0.0,9.304288687417284e-05,297.8103942871094,303.1499938964844,285.1499938964844,0.0,-0.0,287.3332824707031,0.0,0.0,9.797864186111838e-05,297.85955810546875,303.1499938964844,285.1499938964844,0.0,-0.0,287.3332824707031,0.0,0.0,7.236668898258358e-05,297.6533203125,303.1499938964844,285.1499938964844,0.0,-0.0,287.3332824707031,0.0,0.0,9.797864186111838e-05,298.0052795410156,303.1499938964844,285.1499938964844,0.0,-0.0,287.3332824707031,0.0,0.0,0.0004647684691008,287.3128662109375,294.1499938964844,287.54998779296875,286.9408874511719,287.5068054199219,287.54998779296875,287.3063049316406,0.0,0.0,0.0,0.0,1.0,1.0,-0.000991364242509,4.854308510715555e-09,0.0009913593530654,-0.0117698982357978,0.0,0.0,0.0,-0.0072193033993244,60.0,0.1661169379949569,-0.0,-6.700790322611283e-08,0.0,283.1598205566406,287.84234619140625,290.39013671875,290.6860046386719,293.1499938964844,293.1499938964844,278.1499938964844,0.0,18000.0,313.1499938964844,0.0,18000.0,0.0,0.0,0.0,0.0,0.0,0.0,0.0,0.0,0.0,-0.0,-0.0,-0.0,6.445913975451006e-21,3.222956987725503e-21,3.2229567857771112e-21,0.0,0.0,-0.0,0.0,0.0,0.0,0.0,0.0,0.0,0.0,0.0,0.0,4.0,0.0,0.0
12375480,297.8135986328125,303.1499938964844,285.1499938964844,0.0,-0.0,287.3332824707031,0.0,0.0,9.304288687417284e-05,297.8103942871094,303.1499938964844,285.1499938964844,0.0,-0.0,287.3332824707031,0.0,0.0,9.797864186111838e-05,297.85955810546875,303.1499938964844,285.1499938964844,0.0,-0.0,287.3332824707031,0.0,0.0,7.236668898258358e-05,297.6533203125,303.1499938964844,285.1499938964844,0.0,-0.0,287.3332824707031,0.0,0.0,9.797864186111838e-05,298.0052795410156,303.1499938964844,285.1499938964844,0.0,-0.0,287.3332824707031,0.0,0.0,0.0004647684691008,287.3128662109375,294.1499938964844,287.54998779296875,286.9408874511719,287.5068054199219,287.54998779296875,287.3063049316406,0.0,0.0,0.0,0.0,1.0,1.0,-0.000991364242509,4.854308510715555e-09,0.0009913593530654,-0.0117698982357978,0.0,0.0,0.0,-0.0072193033993244,60.0,0.1661169379949569,-0.0,-6.700790322611283e-08,0.0,283.1598205566406,287.84234619140625,290.39013671875,290.6860046386719,293.1499938964844,293.1499938964844,278.1499938964844,0.0,18000.0,313.1499938964844,0.0,18000.0,0.0,0.0,0.0,0.0,0.0,0.0,0.0,0.0,0.0,-0.0,-0.0,-0.0,6.445913975451006e-21,3.222956987725503e-21,3.2229567857771112e-21,0.0,0.0,-0.0,0.0,0.0,0.0,0.0,0.0,0.0,0.0,0.0,0.0,4.0,0.0,0.0
12375540,297.8164367675781,303.1499938964844,285.1499938964844,0.0,-0.0,287.3329162597656,0.0,0.0,9.304231207352132e-05,297.8116760253906,303.1499938964844,285.1499938964844,0.0,-0.0,287.3329162597656,0.0,0.0,9.79780379566364e-05,297.8607482910156,303.1499938964844,285.1499938964844,0.0,-0.0,287.3329162597656,0.0,0.0,7.236624514916912e-05,297.65411376953125,303.1499938964844,285.1499938964844,0.0,-0.0,287.3329162597656,0.0,0.0,9.79780379566364e-05,298.0059509277344,303.1499938964844,285.1499938964844,0.0,-0.0,287.3329467773437,0.0,0.0,0.0004647656169254,287.3127136230469,294.1499938964844,287.54998779296875,286.9379577636719,287.5075378417969,287.54998779296875,287.306396484375,0.0,0.0,0.0,0.0,1.0,1.0,-0.0009913580724969,4.853588198017178e-09,0.0009913531830534,-0.0117680113762617,0.0,0.0,0.0,-0.0072189467027783,60.0,0.1660337746143341,-0.0,-6.700707189111199e-08,0.0,283.1598205566406,287.84234619140625,290.39013671875,290.6860046386719,293.1499938964844,293.1499938964844,278.1499938964844,0.0,18000.0,313.1499938964844,0.0,18000.0,0.0,0.0,0.0,0.0,0.0,0.0,0.0,0.0,0.0,-0.0,-0.0,-0.0,6.445913975451006e-21,3.222956987725503e-21,3.2229567857771112e-21,0.0,0.0,-0.0,0.0,0.0,0.0,0.0,0.0,0.0,0.0,0.0,0.0,4.0,0.0,0.0
12375600,297.8164367675781,303.1499938964844,285.1499938964844,0.0,-0.0,287.3329162597656,0.0,0.0,9.304231207352132e-05,297.8116760253906,303.1499938964844,285.1499938964844,0.0,-0.0,287.3329162597656,0.0,0.0,9.79780379566364e-05,297.8607482910156,303.1499938964844,285.1499938964844,0.0,-0.0,287.3329162597656,0.0,0.0,7.236624514916912e-05,297.65411376953125,303.1499938964844,285.1499938964844,0.0,-0.0,287.3329162597656,0.0,0.0,9.79780379566364e-05,298.0059509277344,303.1499938964844,285.1499938964844,0.0,-0.0,287.3329467773437,0.0,0.0,0.0004647656169254,287.3127136230469,294.1499938964844,287.54998779296875,286.9379577636719,287.5075378417969,287.54998779296875,287.306396484375,0.0,0.0,0.0,0.0,1.0,1.0,-0.0009913580724969,4.853588198017178e-09,0.0009913531830534,-0.0117680113762617,0.0,0.0,0.0,-0.0072189467027783,60.0,0.1660337746143341,-0.0,-6.700707189111199e-08,0.0,283.1598205566406,287.84234619140625,290.39013671875,290.6860046386719,293.1499938964844,293.1499938964844,278.1499938964844,0.0,18000.0,313.1499938964844,0.0,18000.0,0.0,0.0,0.0,0.0,0.0,0.0,0.0,0.0,0.0,-0.0,-0.0,-0.0,6.445913975451006e-21,3.222956987725503e-21,3.2229567857771112e-21,0.0,0.0,-0.0,0.0,0.0,0.0,0.0,0.0,0.0,0.0,0.0,0.0,4.0,0.0,0.0
12375660,297.81939697265625,303.1499938964844,285.1499938964844,0.0,-0.0,287.33258056640625,0.0,0.0,9.30430687731132e-05,297.81304931640625,303.1499938964844,285.1499938964844,0.0,-0.0,287.33258056640625,0.0,0.0,9.797883103601636e-05,297.8620300292969,303.1499938964844,285.1499938964844,0.0,-0.0,287.33258056640625,0.0,0.0,7.236682722577825e-05,297.65496826171875,303.1499938964844,285.1499938964844,0.0,-0.0,287.33258056640625,0.0,0.0,9.797883103601636e-05,298.00665283203125,303.1499938964844,285.1499938964844,0.0,-0.0,287.33258056640625,0.0,0.0,0.0004647693713195,287.3125915527344,294.1499938964844,287.54998779296875,286.93438720703125,287.50830078125,287.54998779296875,287.3065185546875,0.0,0.0,0.0,0.0,1.0,1.0,-0.0009913661051541,4.854524338071542e-09,0.0009913612157106,-0.0117704635486006,0.0,0.0,0.0,-0.0072194105014204,60.0,0.1659528762102127,-0.0,-6.700815191607036e-08,0.0,283.1598205566406,287.84234619140625,290.39013671875,290.6860046386719,293.1499938964844,293.1499938964844,278.1499938964844,0.0,18000.0,313.1499938964844,0.0,18000.0,0.0,0.0,0.0,0.0,0.0,0.0,0.0,0.0,0.0,-0.0,-0.0,-0.0,6.445913975451006e-21,3.222956987725503e-21,3.2229567857771112e-21,0.0,0.0,-0.0,0.0,0.0,0.0,0.0,0.0,0.0,0.0,0.0,0.0,4.0,0.0,0.0
12375720,297.81939697265625,303.1499938964844,285.1499938964844,0.0,-0.0,287.33258056640625,0.0,0.0,9.30430687731132e-05,297.81304931640625,303.1499938964844,285.1499938964844,0.0,-0.0,287.33258056640625,0.0,0.0,9.797883103601636e-05,297.8620300292969,303.1499938964844,285.1499938964844,0.0,-0.0,287.33258056640625,0.0,0.0,7.236682722577825e-05,297.65496826171875,303.1499938964844,285.1499938964844,0.0,-0.0,287.33258056640625,0.0,0.0,9.797883103601636e-05,298.00665283203125,303.1499938964844,285.1499938964844,0.0,-0.0,287.33258056640625,0.0,0.0,0.0004647693713195,287.3125915527344,294.1499938964844,287.54998779296875,286.93438720703125,287.50830078125,287.54998779296875,287.3065185546875,0.0,0.0,0.0,0.0,1.0,1.0,-0.0009913661051541,4.854524338071542e-09,0.0009913612157106,-0.0117704635486006,0.0,0.0,0.0,-0.0072194105014204,60.0,0.1659528762102127,-0.0,-6.700815191607036e-08,0.0,283.1598205566406,287.84234619140625,290.39013671875,290.6860046386719,293.1499938964844,293.1499938964844,278.1499938964844,0.0,18000.0,313.1499938964844,0.0,18000.0,0.0,0.0,0.0,0.0,0.0,0.0,0.0,0.0,0.0,-0.0,-0.0,-0.0,6.445913975451006e-21,3.222956987725503e-21,3.2229567857771112e-21,0.0,0.0,-0.0,0.0,0.0,0.0,0.0,0.0,0.0,0.0,0.0,0.0,4.0,0.0,0.0
12375780,297.82244873046875,303.1499938964844,285.1499938964844,0.0,-0.0,287.3322448730469,0.0,0.0,9.304517152486368e-05,297.814453125,303.1499938964844,285.1499938964844,0.0,-0.0,287.33221435546875,0.0,0.0,9.798105020308868e-05,297.8633728027344,303.1499938964844,285.1499938964844,0.0,-0.0,287.33221435546875,0.0,0.0,7.236847159219906e-05,297.6558532714844,303.1499938964844,285.1499938964844,0.0,-0.0,287.33221435546875,0.0,0.0,9.798105020308868e-05,298.0074157714844,303.1499938964844,285.1499938964844,0.0,-0.0,287.3322448730469,0.0,0.0,0.0004647799069061,287.3124389648437,294.1499938964844,287.54998779296875,286.9301452636719,287.509033203125,287.54998779296875,287.306640625,0.0,0.0,0.0,0.0,1.0,1.0,-0.0009913885733112,4.857147573034126e-09,0.0009913836838677,-0.0117773367092013,0.0,0.0,0.0,-0.0072207110933959,60.0,0.1658742129802703,-0.0,-6.701118593355204e-08,0.0,283.1598205566406,287.84234619140625,290.39013671875,290.6860046386719,293.1499938964844,293.1499938964844,278.1499938964844,0.0,18000.0,313.1499938964844,0.0,18000.0,0.0,0.0,0.0,0.0,0.0,0.0,0.0,0.0,0.0,-0.0,-0.0,-0.0,6.445913975451006e-21,3.222956987725503e-21,3.2229567857771112e-21,0.0,0.0,-0.0,0.0,0.0,0.0,0.0,0.0,0.0,0.0,0.0,0.0,4.0,0.0,0.0
12375840,297.82244873046875,303.1499938964844,285.1499938964844,0.0,-0.0,287.3322448730469,0.0,0.0,9.304517152486368e-05,297.814453125,303.1499938964844,285.1499938964844,0.0,-0.0,287.33221435546875,0.0,0.0,9.798105020308868e-05,297.8633728027344,303.1499938964844,285.1499938964844,0.0,-0.0,287.33221435546875,0.0,0.0,7.236847159219906e-05,297.6558532714844,303.1499938964844,285.1499938964844,0.0,-0.0,287.33221435546875,0.0,0.0,9.798105020308868e-05,298.0074157714844,303.1499938964844,285.1499938964844,0.0,-0.0,287.3322448730469,0.0,0.0,0.0004647799069061,287.3124389648437,294.1499938964844,287.54998779296875,286.9301452636719,287.509033203125,287.54998779296875,287.306640625,0.0,0.0,0.0,0.0,1.0,1.0,-0.0009913885733112,4.857147573034126e-09,0.0009913836838677,-0.0117773367092013,0.0,0.0,0.0,-0.0072207110933959,60.0,0.1658742129802703,-0.0,-6.701118593355204e-08,0.0,283.1598205566406,287.84234619140625,290.39013671875,290.6860046386719,293.1499938964844,293.1499938964844,278.1499938964844,0.0,18000.0,313.1499938964844,0.0,18000.0,0.0,0.0,0.0,0.0,0.0,0.0,0.0,0.0,0.0,-0.0,-0.0,-0.0,6.445913975451006e-21,3.222956987725503e-21,3.2229567857771112e-21,0.0,0.0,-0.0,0.0,0.0,0.0,0.0,0.0,0.0,0.0,0.0,0.0,4.0,0.0,0.0
12375900,297.8240051269531,303.1499938964844,285.1499938964844,0.0,-0.0,287.3320617675781,0.0,0.0,9.30466703721322e-05,297.8152160644531,303.1499938964844,285.1499938964844,0.0,-0.0,287.3320617675781,0.0,0.0,9.798262908589096e-05,297.86407470703125,303.1499938964844,285.1499938964844,0.0,-0.0,287.3320617675781,0.0,0.0,7.236963574541733e-05,297.65631103515625,303.1499938964844,285.1499938964844,0.0,-0.0,287.3320617675781,0.0,0.0,9.798262908589096e-05,298.0078125,303.1499938964844,285.1499938964844,0.0,-0.0,287.3320617675781,0.0,0.0,0.0004647873865906,287.3123779296875,294.1499938964844,287.54998779296875,286.92779541015625,287.5093688964844,287.54998779296875,287.30670166015625,0.0,0.0,0.0,0.0,1.0,1.0,-0.0009914045222103,4.859011415447867e-09,0.0009913996327668,-0.01178221963346,0.0,0.0,0.0,-0.0072216349653899,60.0,0.1658357232809066,-0.0,-6.70133388780414e-08,0.0,283.1598205566406,287.84234619140625,290.39013671875,290.6860046386719,293.1499938964844,293.1499938964844,278.1499938964844,0.0,18000.0,313.1499938964844,0.0,18000.0,0.0,0.0,0.0,0.0,0.0,0.0,0.0,0.0,0.0,-0.0,-0.0,-0.0,6.445913975451006e-21,3.222956987725503e-21,3.2229567857771112e-21,0.0,0.0,-0.0,0.0,0.0,0.0,0.0,0.0,0.0,0.0,0.0,0.0,4.0,0.0,0.0
12375960,297.8255920410156,303.1499938964844,285.1499938964844,0.0,-0.0,287.3319091796875,0.0,0.0,9.304854029323906e-05,297.81597900390625,303.1499938964844,285.1499938964844,0.0,-0.0,287.3318786621094,0.0,0.0,9.798459359444678e-05,297.8647766113281,303.1499938964844,285.1499938964844,0.0,-0.0,287.3318786621094,0.0,0.0,7.237109093694016e-05,297.65679931640625,303.1499938964844,285.1499938964844,0.0,-0.0,287.3318786621094,0.0,0.0,9.798459359444678e-05,298.0082397460937,303.1499938964844,285.1499938964844,0.0,-0.0,287.3319091796875,0.0,0.0,0.0004647967289201,287.31231689453125,294.1499938964844,287.54998779296875,286.9252624511719,287.5097351074219,287.54998779296875,287.3067626953125,0.0,0.0,0.0,0.0,1.0,1.0,-0.0009914244292303,4.861338886996691e-09,0.0009914195397868,-0.0117883179336786,0.0,0.0,0.0,-0.0072227888740599,60.0,0.1657977849245071,-0.0,-6.701603183500994e-08,0.0,283.1598205566406,287.84234619140625,290.39013671875,290.6860046386719,293.1499938964844,293.1499938964844,278.1499938964844,0.0,18000.0,313.1499938964844,0.0,18000.0,0.0,0.0,0.0,0.0,0.0,0.0,0.0,0.0,0.0,-0.0,-0.0,-0.0,6.445913975451006e-21,3.222956987725503e-21,3.2229567857771112e-21,0.0,0.0,-0.0,0.0,0.0,0.0,0.0,0.0,0.0,0.0,0.0,0.0,4.0,0.0,0.0
12376020,297.8288269042969,303.1499938964844,285.1499938964844,0.0,-0.0,287.3315734863281,0.0,0.0,9.305326966568828e-05,297.8175354003906,303.1499938964844,285.1499938964844,0.0,-0.0,287.33154296875,0.0,0.0,9.79895776254125e-05,297.8662414550781,303.1499938964844,285.1499938964844,0.0,-0.0,287.33154296875,0.0,0.0,7.237476529553533e-05,297.65777587890625,303.1499938964844,285.1499938964844,0.0,-0.0,287.33154296875,0.0,0.0,9.79895776254125e-05,298.0090637207031,303.1499938964844,285.1499938964844,0.0,-0.0,287.3315734863281,0.0,0.0,0.0004648203321266,287.3121643066406,294.1499938964844,287.54998779296875,286.91973876953125,287.51043701171875,287.54998779296875,287.306884765625,0.0,0.0,0.0,0.0,1.0,1.0,-0.0009914747206494,4.8672261776516734e-09,0.0009914698312059,-0.0118037415668368,0.0,0.0,0.0,-0.0072257071733474,60.0,0.1657234728336334,-0.0,-6.702283883441852e-08,0.0,283.1598205566406,287.84234619140625,290.39013671875,290.6860046386719,293.1499938964844,293.1499938964844,278.1499938964844,0.0,18000.0,313.1499938964844,0.0,18000.0,0.0,0.0,0.0,0.0,0.0,0.0,0.0,0.0,0.0,-0.0,-0.0,-0.0,6.445913975451006e-21,3.222956987725503e-21,3.2229567857771112e-21,0.0,0.0,-0.0,0.0,0.0,0.0,0.0,0.0,0.0,0.0,0.0,0.0,4.0,0.0,0.0
12376080,297.8288269042969,303.1499938964844,285.1499938964844,0.0,-0.0,287.3315734863281,0.0,0.0,9.305326966568828e-05,297.8175354003906,303.1499938964844,285.1499938964844,0.0,-0.0,287.33154296875,0.0,0.0,9.79895776254125e-05,297.8662414550781,303.1499938964844,285.1499938964844,0.0,-0.0,287.33154296875,0.0,0.0,7.237476529553533e-05,297.65777587890625,303.1499938964844,285.1499938964844,0.0,-0.0,287.33154296875,0.0,0.0,9.79895776254125e-05,298.0090637207031,303.1499938964844,285.1499938964844,0.0,-0.0,287.3315734863281,0.0,0.0,0.0004648203321266,287.3121643066406,294.1499938964844,287.54998779296875,286.91973876953125,287.51043701171875,287.54998779296875,287.306884765625,0.0,0.0,0.0,0.0,1.0,1.0,-0.0009914747206494,4.8672261776516734e-09,0.0009914698312059,-0.0118037415668368,0.0,0.0,0.0,-0.0072257071733474,60.0,0.1657234728336334,-0.0,-6.702283883441852e-08,0.0,283.1598205566406,287.84234619140625,290.39013671875,290.6860046386719,293.1499938964844,293.1499938964844,278.1499938964844,0.0,18000.0,313.1499938964844,0.0,18000.0,0.0,0.0,0.0,0.0,0.0,0.0,0.0,0.0,0.0,-0.0,-0.0,-0.0,6.445913975451006e-21,3.222956987725503e-21,3.2229567857771112e-21,0.0,0.0,-0.0,0.0,0.0,0.0,0.0,0.0,0.0,0.0,0.0,0.0,4.0,0.0,0.0
12376140,297.8321533203125,303.1499938964844,285.1499938964844,0.0,-0.0,287.33123779296875,0.0,0.0,9.305925777880476e-05,297.81915283203125,303.1499938964844,285.1499938964844,0.0,-0.0,287.3312072753906,0.0,0.0,9.7995885880664e-05,297.8677673339844,303.1499938964844,285.1499938964844,0.0,-0.0,287.3312072753906,0.0,0.0,7.237942918436602e-05,297.6587829589844,303.1499938964844,285.1499938964844,0.0,-0.0,287.33123779296875,0.0,0.0,9.7995885880664e-05,298.00994873046875,303.1499938964844,285.1499938964844,0.0,-0.0,287.33123779296875,0.0,0.0,0.0004648502799682,287.3120422363281,294.1499938964844,287.54998779296875,286.9135437011719,287.5111389160156,287.54998779296875,287.3070068359375,0.0,0.0,0.0,0.0,1.0,1.0,-0.0009915385162457,4.874686876377154e-09,0.0009915336268022,-0.0118232881650328,0.0,0.0,0.0,-0.0072294059209525,60.0,0.1656512469053268,-0.0,-6.703146482323066e-08,0.0,283.1598205566406,287.84234619140625,290.39013671875,290.6860046386719,293.1499938964844,293.1499938964844,278.1499938964844,0.0,18000.0,313.1499938964844,0.0,18000.0,0.0,0.0,0.0,0.0,0.0,0.0,0.0,0.0,0.0,-0.0,-0.0,-0.0,6.445913975451006e-21,3.222956987725503e-21,3.2229567857771112e-21,0.0,0.0,-0.0,0.0,0.0,0.0,0.0,0.0,0.0,0.0,0.0,0.0,4.0,0.0,0.0
12376200,297.8321533203125,303.1499938964844,285.1499938964844,0.0,-0.0,287.33123779296875,0.0,0.0,9.305925777880476e-05,297.81915283203125,303.1499938964844,285.1499938964844,0.0,-0.0,287.3312072753906,0.0,0.0,9.7995885880664e-05,297.8677673339844,303.1499938964844,285.1499938964844,0.0,-0.0,287.3312072753906,0.0,0.0,7.237942918436602e-05,297.6587829589844,303.1499938964844,285.1499938964844,0.0,-0.0,287.33123779296875,0.0,0.0,9.7995885880664e-05,298.00994873046875,303.1499938964844,285.1499938964844,0.0,-0.0,287.33123779296875,0.0,0.0,0.0004648502799682,287.3120422363281,294.1499938964844,287.54998779296875,286.9135437011719,287.5111389160156,287.54998779296875,287.3070068359375,0.0,0.0,0.0,0.0,1.0,1.0,-0.0009915385162457,4.874686876377154e-09,0.0009915336268022,-0.0118232881650328,0.0,0.0,0.0,-0.0072294059209525,60.0,0.1656512469053268,-0.0,-6.703146482323066e-08,0.0,283.1598205566406,287.84234619140625,290.39013671875,290.6860046386719,293.1499938964844,293.1499938964844,278.1499938964844,0.0,18000.0,313.1499938964844,0.0,18000.0,0.0,0.0,0.0,0.0,0.0,0.0,0.0,0.0,0.0,-0.0,-0.0,-0.0,6.445913975451006e-21,3.222956987725503e-21,3.2229567857771112e-21,0.0,0.0,-0.0,0.0,0.0,0.0,0.0,0.0,0.0,0.0,0.0,0.0,4.0,0.0,0.0
12376260,297.83447265625,303.1499938964844,285.1499938964844,0.0,-0.0,287.3309936523437,0.0,0.0,9.306399442721158e-05,297.8203125,303.1499938964844,285.1499938964844,0.0,-0.0,287.3309936523437,0.0,0.0,9.80008699116297e-05,297.8688659667969,303.1499938964844,285.1499938964844,0.0,-0.0,287.3309936523437,0.0,0.0,7.23831108189188e-05,297.65948486328125,303.1499938964844,285.1499938964844,0.0,-0.0,287.3309936523437,0.0,0.0,9.80008699116297e-05,298.01055908203125,303.1499938964844,285.1499938964844,0.0,-0.0,287.3310241699219,0.0,0.0,0.0004648739122785,287.3119506835937,294.1499938964844,287.54998779296875,286.9089660644531,287.5115966796875,287.54998779296875,287.3070678710937,0.0,0.0,0.0,0.0,1.0,1.0,-0.0009915889240801,4.8805834929055444e-09,0.0009915840346366,-0.0118387369439005,0.0,0.0,0.0,-0.0072323293425142,60.0,0.165603369474411,-0.0,-6.703827892806657e-08,0.0,283.1598205566406,287.84234619140625,290.39013671875,290.6860046386719,293.1499938964844,293.1499938964844,278.1499938964844,0.0,18000.0,313.1499938964844,0.0,18000.0,0.0,0.0,0.0,0.0,0.0,0.0,0.0,0.0,0.0,-0.0,-0.0,-0.0,6.445913975451006e-21,3.222956987725503e-21,3.2229567857771112e-21,0.0,0.0,-0.0,0.0,0.0,0.0,0.0,0.0,0.0,0.0,0.0,0.0,4.0,0.0,0.0
12376320,297.8355712890625,303.1499938964844,285.1499938964844,0.0,-0.0,287.3309020996094,0.0,0.0,9.30664609768428e-05,297.82086181640625,303.1499938964844,285.1499938964844,0.0,-0.0,287.3309020996094,0.0,0.0,9.800346742849796e-05,297.8693542480469,303.1499938964844,285.1499938964844,0.0,-0.0,287.3309020996094,0.0,0.0,7.238503167172894e-05,297.6597900390625,303.1499938964844,285.1499938964844,0.0,-0.0,287.3309020996094,0.0,0.0,9.800346742849796e-05,298.0108642578125,303.1499938964844,285.1499938964844,0.0,-0.0,287.3309020996094,0.0,0.0,0.0004648862523026,287.3119201660156,294.1499938964844,287.54998779296875,286.9066772460937,287.5118103027344,287.54998779296875,287.30712890625,0.0,0.0,0.0,0.0,1.0,1.0,-0.0009916152339428,4.8836579225053364e-09,0.0009916103444993,-0.0118467910215258,0.0,0.0,0.0,-0.0072338529862463,60.0,0.1655811369419098,-0.0,-6.704183874717273e-08,0.0,283.1598205566406,287.84234619140625,290.39013671875,290.6860046386719,293.1499938964844,293.1499938964844,278.1499938964844,0.0,18000.0,313.1499938964844,0.0,18000.0,0.0,0.0,0.0,0.0,0.0,0.0,0.0,0.0,0.0,-0.0,-0.0,-0.0,6.445913975451006e-21,3.222956987725503e-21,3.2229567857771112e-21,0.0,0.0,-0.0,0.0,0.0,0.0,0.0,0.0,0.0,0.0,0.0,0.0,4.0,0.0,0.0
12376380,297.83905029296875,303.1499938964844,285.1499938964844,0.0,-0.0,287.3305969238281,0.0,0.0,9.307493746746331e-05,297.8226013183594,303.1499938964844,285.1499938964844,0.0,-0.0,287.33056640625,0.0,0.0,9.801239502849056e-05,297.8710327148437,303.1499938964844,285.1499938964844,0.0,-0.0,287.33056640625,0.0,0.0,7.239161641336977e-05,297.6608581542969,303.1499938964844,285.1499938964844,0.0,-0.0,287.33056640625,0.0,0.0,9.801239502849056e-05,298.0118103027344,303.1499938964844,285.1499938964844,0.0,-0.0,287.3305969238281,0.0,0.0,0.0004649285692721,287.3117980957031,294.1499938964844,287.54998779296875,286.8992004394531,287.5124816894531,287.54998779296875,287.3072204589844,0.0,0.0,0.0,0.0,1.0,1.0,-0.0009917054558172,4.8942108143990035e-09,0.0009917005663737,-0.0118744391947984,0.0,0.0,0.0,-0.0072390846908092,60.0,0.1655131131410598,-0.0,-6.705403876594573e-08,0.0,283.1598205566406,287.84234619140625,290.39013671875,290.6860046386719,293.1499938964844,293.1499938964844,278.1499938964844,0.0,18000.0,313.1499938964844,0.0,18000.0,0.0,0.0,0.0,0.0,0.0,0.0,0.0,0.0,0.0,-0.0,-0.0,-0.0,6.445913975451006e-21,3.222956987725503e-21,3.2229567857771112e-21,0.0,0.0,-0.0,0.0,0.0,0.0,0.0,0.0,0.0,0.0,0.0,0.0,4.0,0.0,0.0
12376440,297.83905029296875,303.1499938964844,285.1499938964844,0.0,-0.0,287.3305969238281,0.0,0.0,9.307493746746331e-05,297.8226013183594,303.1499938964844,285.1499938964844,0.0,-0.0,287.33056640625,0.0,0.0,9.801239502849056e-05,297.8710327148437,303.1499938964844,285.1499938964844,0.0,-0.0,287.33056640625,0.0,0.0,7.239161641336977e-05,297.6608581542969,303.1499938964844,285.1499938964844,0.0,-0.0,287.33056640625,0.0,0.0,9.801239502849056e-05,298.0118103027344,303.1499938964844,285.1499938964844,0.0,-0.0,287.3305969238281,0.0,0.0,0.0004649285692721,287.3117980957031,294.1499938964844,287.54998779296875,286.8992004394531,287.5124816894531,287.54998779296875,287.3072204589844,0.0,0.0,0.0,0.0,1.0,1.0,-0.0009917054558172,4.8942108143990035e-09,0.0009917005663737,-0.0118744391947984,0.0,0.0,0.0,-0.0072390846908092,60.0,0.1655131131410598,-0.0,-6.705403876594573e-08,0.0,283.1598205566406,287.84234619140625,290.39013671875,290.6860046386719,293.1499938964844,293.1499938964844,278.1499938964844,0.0,18000.0,313.1499938964844,0.0,18000.0,0.0,0.0,0.0,0.0,0.0,0.0,0.0,0.0,0.0,-0.0,-0.0,-0.0,6.445913975451006e-21,3.222956987725503e-21,3.2229567857771112e-21,0.0,0.0,-0.0,0.0,0.0,0.0,0.0,0.0,0.0,0.0,0.0,0.0,4.0,0.0,0.0
12376500,297.8408508300781,303.1499938964844,285.1499938964844,0.0,-0.0,287.3304138183594,0.0,0.0,9.307956497650594e-05,297.8235168457031,303.1499938964844,285.1499938964844,0.0,-0.0,287.3304138183594,0.0,0.0,9.801726264413446e-05,297.8718566894531,303.1499938964844,285.1499938964844,0.0,-0.0,287.3304138183594,0.0,0.0,7.23952180123888e-05,297.6614074707031,303.1499938964844,285.1499938964844,0.0,-0.0,287.3304138183594,0.0,0.0,9.801726264413446e-05,298.0122985839844,303.1499938964844,285.1499938964844,0.0,-0.0,287.3304443359375,0.0,0.0,0.0004649516777135,287.3117370605469,294.1499938964844,287.54998779296875,286.89520263671875,287.5128173828125,287.54998779296875,287.3072814941406,0.0,0.0,0.0,0.0,1.0,1.0,-0.0009917546994984,4.8999719837183875e-09,0.0009917498100548,-0.0118895331397652,0.0,0.0,0.0,-0.0072419410571455,60.0,0.1654798835515976,-0.0,-6.706070365680716e-08,0.0,283.1598205566406,287.84234619140625,290.39013671875,290.6860046386719,293.1499938964844,293.1499938964844,278.1499938964844,0.0,18000.0,313.1499938964844,0.0,18000.0,0.0,0.0,0.0,0.0,0.0,0.0,0.0,0.0,0.0,-0.0,-0.0,-0.0,6.445913975451006e-21,3.222956987725503e-21,3.2229567857771112e-21,0.0,0.0,-0.0,0.0,0.0,0.0,0.0,0.0,0.0,0.0,0.0,0.0,4.0,0.0,0.0
12376560,297.8426513671875,303.1499938964844,285.1499938964844,0.0,-0.0,287.33026123046875,0.0,0.0,9.308454173151404e-05,297.8244323730469,303.1499938964844,285.1499938964844,0.0,-0.0,287.33026123046875,0.0,0.0,9.802250860957427e-05,297.87274169921875,303.1499938964844,285.1499938964844,0.0,-0.0,287.33026123046875,0.0,0.0,7.239908882183954e-05,297.66192626953125,303.1499938964844,285.1499938964844,0.0,-0.0,287.33026123046875,0.0,0.0,9.802250860957427e-05,298.0127868652344,303.1499938964844,285.1499938964844,0.0,-0.0,287.33026123046875,0.0,0.0,0.0004649765614885,287.3116760253906,294.1499938964844,287.54998779296875,286.8910522460937,287.5131225585937,287.54998779296875,287.3073425292969,0.0,0.0,0.0,0.0,1.0,1.0,-0.0009918077848851,4.9061736895339444e-09,0.0009918028954416,-0.0119057819247245,0.0,0.0,0.0,-0.0072450153529644,60.0,0.1654471457004547,-0.0,-6.706788013843834e-08,0.0,283.1598205566406,287.84234619140625,290.39013671875,290.6860046386719,293.1499938964844,293.1499938964844,278.1499938964844,0.0,18000.0,313.1499938964844,0.0,18000.0,0.0,0.0,0.0,0.0,0.0,0.0,0.0,0.0,0.0,-0.0,-0.0,-0.0,6.445913975451006e-21,3.222956987725503e-21,3.2229567857771112e-21,0.0,0.0,-0.0,0.0,0.0,0.0,0.0,0.0,0.0,0.0,0.0,0.0,4.0,0.0,0.0
12376620,297.8463134765625,303.1499938964844,285.1499938964844,0.0,-0.0,287.3299560546875,0.0,0.0,9.30953974602744e-05,297.8263244628906,303.1499938964844,285.1499938964844,0.0,-0.0,287.3299560546875,0.0,0.0,9.803393186302856e-05,297.87451171875,303.1499938964844,285.1499938964844,0.0,-0.0,287.3299560546875,0.0,0.0,7.2407528932672e-05,297.6630249023437,303.1499938964844,285.1499938964844,0.0,-0.0,287.3299560546875,0.0,0.0,9.803393186302856e-05,298.0138244628906,303.1499938964844,285.1499938964844,0.0,-0.0,287.3299560546875,0.0,0.0,0.0004650307819247,287.3115539550781,294.1499938964844,287.54998779296875,286.8822326660156,287.5137939453125,287.54998779296875,287.3074645996094,0.0,0.0,0.0,0.0,1.0,1.0,-0.0009919233852997,4.91968998872494e-09,0.0009919184958562,-0.0119411936029791,0.0,0.0,0.0,-0.0072517162188887,60.0,0.1653831154108047,-0.0,-6.708351207862506e-08,0.0,283.1598205566406,287.84234619140625,290.39013671875,290.6860046386719,293.1499938964844,293.1499938964844,278.1499938964844,0.0,18000.0,313.1499938964844,0.0,18000.0,0.0,0.0,0.0,0.0,0.0,0.0,0.0,0.0,0.0,-0.0,-0.0,-0.0,6.445913975451006e-21,3.222956987725503e-21,3.2229567857771112e-21,0.0,0.0,-0.0,0.0,0.0,0.0,0.0,0.0,0.0,0.0,0.0,0.0,4.0,0.0,0.0
12376680,297.8463134765625,303.1499938964844,285.1499938964844,0.0,-0.0,287.3299560546875,0.0,0.0,9.30953974602744e-05,297.8263244628906,303.1499938964844,285.1499938964844,0.0,-0.0,287.3299560546875,0.0,0.0,9.803393186302856e-05,297.87451171875,303.1499938964844,285.1499938964844,0.0,-0.0,287.3299560546875,0.0,0.0,7.2407528932672e-05,297.6630249023437,303.1499938964844,285.1499938964844,0.0,-0.0,287.3299560546875,0.0,0.0,9.803393186302856e-05,298.0138244628906,303.1499938964844,285.1499938964844,0.0,-0.0,287.3299560546875,0.0,0.0,0.0004650307819247,287.3115539550781,294.1499938964844,287.54998779296875,286.8822326660156,287.5137939453125,287.54998779296875,287.3074645996094,0.0,0.0,0.0,0.0,1.0,1.0,-0.0009919233852997,4.91968998872494e-09,0.0009919184958562,-0.0119411936029791,0.0,0.0,0.0,-0.0072517162188887,60.0,0.1653831154108047,-0.0,-6.708351207862506e-08,0.0,283.1598205566406,287.84234619140625,290.39013671875,290.6860046386719,293.1499938964844,293.1499938964844,278.1499938964844,0.0,18000.0,313.1499938964844,0.0,18000.0,0.0,0.0,0.0,0.0,0.0,0.0,0.0,0.0,0.0,-0.0,-0.0,-0.0,6.445913975451006e-21,3.222956987725503e-21,3.2229567857771112e-21,0.0,0.0,-0.0,0.0,0.0,0.0,0.0,0.0,0.0,0.0,0.0,0.0,4.0,0.0,0.0
12376740,297.8500366210937,297.1499938964844,293.1499938964844,0.0,-0.0,287.32965087890625,0.0,0.050000000745058,9.310757741332054e-05,297.8282470703125,297.1499938964844,293.1499938964844,0.0,-0.0,287.32965087890625,0.0,0.050000000745058,9.804676665225998e-05,297.8763427734375,297.1499938964844,293.1499938964844,0.0,-0.0,287.32965087890625,0.0,0.050000000745058,7.241700222948566e-05,297.6641540527344,297.1499938964844,293.1499938964844,0.0,-0.0,287.32965087890625,0.0,0.050000000745058,9.804676665225998e-05,298.0148620605469,297.1499938964844,293.1499938964844,0.0,-0.0,287.32965087890625,0.0,0.050000000745058,0.0004650916380342,287.3114318847656,291.1499938964844,287.54998779296875,286.8727722167969,287.514404296875,287.5500183105469,287.3075866699219,1.0,0.1000000014901161,0.0,0.0,1.0,1.0,-0.0009920531883835,4.9348649611147274e-09,0.0009920481825247,-0.0119809499010443,0.0,0.0,0.0,-0.0072592389769852,60.0,0.165407508611679,-0.0,-6.71010695896257e-08,1.0,283.1598205566406,287.84234619140625,290.39013671875,290.6860046386719,293.1499938964844,293.1499938964844,278.1499938964844,0.0,18000.0,313.1499938964844,0.0,18000.0,0.0,0.0,0.0,0.0,0.0,0.0,0.0,0.0,0.0,-0.0,-0.0,-0.0,6.445913975451006e-21,3.222956987725503e-21,3.2229567857771112e-21,0.0,0.0,-0.0,0.0,0.0,0.0,0.0,0.0,0.0,0.0,0.0,0.0,4.0,0.0,0.0
12376800,297.8500366210937,297.1499938964844,293.1499938964844,0.0,-0.0,287.32965087890625,0.0,0.050000000745058,9.310757741332054e-05,297.8282470703125,297.1499938964844,293.1499938964844,0.0,-0.0,287.32965087890625,0.0,0.050000000745058,9.804676665225998e-05,297.8763427734375,297.1499938964844,293.1499938964844,0.0,-0.0,287.32965087890625,0.0,0.050000000745058,7.241700222948566e-05,297.6641540527344,297.1499938964844,293.1499938964844,0.0,-0.0,287.32965087890625,0.0,0.050000000745058,9.804676665225998e-05,298.0148620605469,297.1499938964844,293.1499938964844,0.0,-0.0,287.32965087890625,0.0,0.050000000745058,0.0004650916380342,287.3114318847656,291.1499938964844,287.54998779296875,286.8727722167969,287.514404296875,287.5500183105469,287.3075866699219,1.0,0.1000000014901161,0.0,0.0,1.0,1.0,-0.0009920531883835,4.9348649611147274e-09,0.0009920481825247,-0.0119809499010443,0.0,0.0,0.0,-0.0072592389769852,60.0,0.165407508611679,-0.0,-6.71010695896257e-08,1.0,283.1598205566406,287.84234619140625,290.39013671875,290.6860046386719,293.1499938964844,293.1499938964844,278.1499938964844,0.0,18000.0,313.1499938964844,0.0,18000.0,0.0,0.0,0.0,0.0,0.0,0.0,0.0,0.0,0.0,-0.0,-0.0,-0.0,6.445913975451006e-21,3.222956987725503e-21,3.2229567857771112e-21,0.0,0.0,-0.0,0.0,0.0,0.0,0.0,0.0,0.0,0.0,0.0,0.0,4.0,0.0,0.0
12376860,297.8301086425781,297.1499938964844,293.1499938964844,0.0,-0.0,287.3189697265625,0.6352156400680542,0.050000000745058,0.0408358685672283,297.8070373535156,297.1499938964844,293.1499938964844,0.0,-0.0,287.3189697265625,0.6352156400680542,0.050000000745058,0.0430021360516548,297.8514099121094,297.1499938964844,293.1499938964844,0.0,-0.0,287.3189697265625,0.6352156400680542,0.050000000745058,0.0317612290382385,297.6595458984375,297.1499938964844,293.1499938964844,0.0,-0.0,287.3189697265625,0.6352156400680542,0.050000000745058,0.0430021360516548,297.9906921386719,297.1499938964844,293.1499938964844,0.0,-0.0,287.3189697265625,0.6352156400680542,0.050000000745058,0.2039836049079895,287.3174133300781,291.1499938964844,287.5506896972656,286.8685607910156,293.9868469238281,295.7142333984375,287.41845703125,1.0,0.1097284108400344,0.0113109666854143,0.0113109666854143,1.0,1.0,-0.4376102387905121,8.470448165098787e-07,0.4376094043254852,-0.1327948570251464,0.0,0.0,0.0,10.113056182861328,60.0,911.8154296875,-0.0,12.277663230895996,1.0,283.1598205566406,287.84234619140625,290.39013671875,290.6860046386719,293.1499938964844,293.1499938964844,278.1499938964844,0.0,18000.0,313.1499938964844,0.0,18000.0,0.0,0.0,0.0,0.0,0.0,0.0,0.0,0.0,0.0,-0.0,-0.0,-0.0,6.445913975451006e-21,3.222956987725503e-21,3.2229567857771112e-21,0.0,0.0,-0.0,0.0,0.0,0.0,0.0,0.0,0.0,0.0,0.0,0.0,4.0,0.0,0.0
12376920,297.78533935546875,297.1499938964844,293.1499938964844,0.0,-0.0,287.7927551269531,0.6315785050392151,0.050000000745058,0.0452353134751319,297.7668151855469,297.1499938964844,293.1499938964844,0.0,-0.0,287.7927551269531,0.6315785050392151,0.050000000745058,0.0476349629461765,297.8055114746094,297.1499938964844,293.1499938964844,0.0,-0.0,287.7927551269531,0.6315785050392151,0.050000000745058,0.035183023661375,297.63739013671875,297.1499938964844,293.1499938964844,0.0,-0.0,287.7927551269531,0.6315785050392151,0.050000000745058,0.0476349629461765,297.94683837890625,297.1499938964844,293.1499938964844,0.0,-0.0,287.7927551269531,0.6315785050392151,0.050000000745058,0.22595976293087,287.86309814453125,291.1499938964844,287.552734375,286.8656616210937,294.8846740722656,297.8416748046875,288.36572265625,1.0,0.121092639863491,0.0226219333708286,0.0226219333708286,1.0,1.0,-0.4819895923137665,3.423897169341217e-06,0.4819861650466919,-0.1414734870195388,0.0,0.0,0.0,12.500619888305664,60.0,1888.6856689453125,-0.0,16.680706024169922,1.0,283.1598205566406,287.84234619140625,290.39013671875,290.6860046386719,293.1499938964844,293.1499938964844,278.1499938964844,0.0,18000.0,313.1499938964844,0.0,18000.0,0.0,0.0,0.0,0.0,0.0,0.0,0.0,0.0,0.0,-0.0,-0.0,-0.0,6.445913975451006e-21,3.222956987725503e-21,3.2229567857771112e-21,0.0,0.0,-0.0,0.0,0.0,0.0,0.0,0.0,0.0,0.0,0.0,0.0,4.0,0.0,0.0
12376980,297.72900390625,297.1499938964844,293.1499938964844,0.0,-0.0,289.46044921875,0.5711475610733032,0.050000000745058,0.0456797629594802,297.7106018066406,297.1499938964844,293.1499938964844,0.0,-0.0,289.46044921875,0.5711475610733032,0.050000000745058,0.0481029897928237,297.7437744140625,297.1499938964844,293.1499938964844,0.0,-0.0,289.46044921875,0.5711475610733032,0.050000000745058,0.0355287045240402,297.60418701171875,297.1499938964844,293.1499938964844,0.0,-0.0,289.46044921875,0.5711475610733032,0.050000000745058,0.0481029897928237,297.883056640625,297.1499938964844,293.1499938964844,0.0,-0.0,289.46044921875,0.5711475610733032,0.050000000745058,0.2281798869371414,289.5275573730469,291.1499938964844,287.56072998046875,286.8636779785156,294.86431884765625,297.8914794921875,289.8304138183594,1.0,0.1406040340662002,0.0452438667416572,0.0452438667416572,1.0,1.0,-0.4867269098758697,3.5162480344297364e-05,0.4866917431354522,-0.1424982696771621,0.0,0.0,0.0,20.012773513793945,60.0,1839.4024658203125,-0.0,23.19091796875,1.0,283.1598205566406,287.84234619140625,290.39013671875,290.6860046386719,293.1499938964844,293.1499938964844,278.1499938964844,0.0,18000.0,313.1499938964844,0.0,18000.0,0.0,0.0,0.0,0.0,0.0,0.0,0.0,0.0,0.0,-0.0,-0.0,-0.0,6.445913975451006e-21,3.222956987725503e-21,3.2229567857771112e-21,0.0,0.0,-0.0,0.0,0.0,0.0,0.0,0.0,0.0,0.0,0.0,0.0,4.0,0.0,0.0
12377040,297.72900390625,297.1499938964844,293.1499938964844,0.0,-0.0,289.46044921875,0.5711475610733032,0.050000000745058,0.0456797629594802,297.7106018066406,297.1499938964844,293.1499938964844,0.0,-0.0,289.46044921875,0.5711475610733032,0.050000000745058,0.0481029897928237,297.7437744140625,297.1499938964844,293.1499938964844,0.0,-0.0,289.46044921875,0.5711475610733032,0.050000000745058,0.0355287045240402,297.60418701171875,297.1499938964844,293.1499938964844,0.0,-0.0,289.46044921875,0.5711475610733032,0.050000000745058,0.0481029897928237,297.883056640625,297.1499938964844,293.1499938964844,0.0,-0.0,289.46044921875,0.5711475610733032,0.050000000745058,0.2281798869371414,289.5275573730469,291.1499938964844,287.56072998046875,286.8636779785156,294.86431884765625,297.8914794921875,289.8304138183594,1.0,0.1406040340662002,0.0452438667416572,0.0452438667416572,1.0,1.0,-0.4867269098758697,3.5162480344297364e-05,0.4866917431354522,-0.1424982696771621,0.0,0.0,0.0,20.012773513793945,60.0,1839.4024658203125,-0.0,23.19091796875,1.0,283.1598205566406,287.84234619140625,290.39013671875,290.6860046386719,293.1499938964844,293.1499938964844,278.1499938964844,0.0,18000.0,313.1499938964844,0.0,18000.0,0.0,0.0,0.0,0.0,0.0,0.0,0.0,0.0,0.0,-0.0,-0.0,-0.0,6.445913975451006e-21,3.222956987725503e-21,3.2229567857771112e-21,0.0,0.0,-0.0,0.0,0.0,0.0,0.0,0.0,0.0,0.0,0.0,0.0,4.0,0.0,0.0
12377100,297.7133178710937,297.1499938964844,293.1499938964844,0.0,-0.0,290.03717041015625,0.5493729710578918,0.050000000745058,0.0458169914782047,297.6925354003906,297.1499938964844,293.1499938964844,0.0,-0.0,290.03717041015625,0.5493729710578918,0.050000000745058,0.0482474975287914,297.72467041015625,297.1499938964844,293.1499938964844,0.0,-0.0,290.03717041015625,0.5493729710578918,0.050000000745058,0.0356354378163814,297.5932006835937,297.1499938964844,293.1499938964844,0.0,-0.0,290.03717041015625,0.5493729710578918,0.050000000745058,0.0482474975287914,297.8616638183594,297.1499938964844,293.1499938964844,0.0,-0.0,290.03717041015625,0.5493729710578918,0.050000000745058,0.2288653552532196,290.09130859375,291.1499938964844,287.5666198730469,286.8645324707031,294.85235595703125,297.8682556152344,290.3517761230469,1.0,0.1490124762058258,0.0565548315644264,0.0565548315644264,1.0,1.0,-0.4881891906261444,9.834120282903314e-05,0.488090842962265,-0.1427432000637054,0.0,0.0,0.0,23.68011474609375,60.0,1665.7364501953125,-0.0,26.345359802246094,1.0,283.1598205566406,287.84234619140625,290.39013671875,290.6860046386719,293.1499938964844,293.1499938964844,278.1499938964844,0.0,18000.0,313.1499938964844,0.0,18000.0,0.0,0.0,0.0,0.0,0.0,0.0,0.0,0.0,0.0,-0.0,-0.0,-0.0,6.445913975451006e-21,3.222956987725503e-21,3.2229567857771112e-21,0.0,0.0,-0.0,0.0,0.0,0.0,0.0,0.0,0.0,0.0,0.0,0.0,4.0,0.0,0.0
12377160,297.7031555175781,297.1499938964844,293.1499938964844,0.0,-0.0,290.54217529296875,0.5325483679771423,0.050000000745058,0.045948427170515,297.6793212890625,297.1499938964844,293.1499938964844,0.0,-0.0,290.54217529296875,0.5325483679771423,0.050000000745058,0.0483859069645404,297.7110900878906,297.1499938964844,293.1499938964844,0.0,-0.0,290.54217529296875,0.5325483679771423,0.050000000745058,0.0357376672327518,297.585205078125,297.1499938964844,293.1499938964844,0.0,-0.0,290.54217529296875,0.5325483679771423,0.050000000745058,0.0483859069645404,297.8455810546875,297.1499938964844,293.1499938964844,0.0,-0.0,290.54217529296875,0.5325483679771423,0.050000000745058,0.2295219004154205,290.5903625488281,291.1499938964844,287.5736999511719,286.8665771484375,294.84246826171875,297.8505249023437,290.8275146484375,1.0,0.1565798074007034,0.2452438622713089,0.2452438622713089,0.997330605983734,1.0,-0.4895899593830108,0.0322479419410228,0.4573419988155365,-0.1110311672091484,0.0,0.0,0.0,27.199419021606445,60.0,1497.4698486328125,-0.0,29.37897109985352,1.0,283.1598205566406,287.84234619140625,290.39013671875,290.6860046386719,293.1499938964844,293.1499938964844,278.1499938964844,0.0,18000.0,313.1499938964844,0.0,18000.0,0.0,0.0,0.0,0.0,0.0,0.0,0.0,0.0,0.0,-0.0,-0.0,-0.0,6.445913975451006e-21,3.222956987725503e-21,3.2229567857771112e-21,0.0,0.0,-0.0,0.0,0.0,0.0,0.0,0.0,0.0,0.0,0.0,0.0,4.0,0.0,0.0
12377220,297.6949157714844,297.1499938964844,293.1499938964844,0.0,-0.0,291.4244689941406,0.5096155405044556,0.050000000745058,0.0461885072290897,297.6641845703125,297.1499938964844,293.1499938964844,0.0,-0.0,291.4244689941406,0.5096155405044556,0.050000000745058,0.0486387200653553,297.6961975097656,297.1499938964844,293.1499938964844,0.0,-0.0,291.4244689941406,0.5096155405044556,0.050000000745058,0.0359243936836719,297.57666015625,297.1499938964844,293.1499938964844,0.0,-0.0,291.4244689941406,0.5096155405044556,0.050000000745058,0.0486387200653553,297.82598876953125,297.1499938964844,293.1499938964844,0.0,-0.0,291.4244689941406,0.5096155405044556,0.050000000745058,0.2307211607694625,291.4643859863281,291.1499938964844,287.59136962890625,286.8740539550781,294.2264099121094,297.828369140625,291.65484619140625,1.0,0.1694013327360153,0.6226219534873962,0.6226219534873962,0.9919918775558472,1.0,-0.4921482801437378,0.1854580491781234,0.3066902160644531,0.0410015732049942,0.0,0.0,0.0,33.64043045043945,60.0,1120.3294677734375,-0.0,34.945560455322266,1.0,283.1598205566406,287.84234619140625,290.39013671875,290.6860046386719,293.1499938964844,293.1499938964844,278.1499938964844,0.0,18000.0,313.1499938964844,0.0,18000.0,0.0,0.0,0.0,0.0,0.0,0.0,0.0,0.0,0.0,-0.0,-0.0,-0.0,6.445913975451006e-21,3.222956987725503e-21,3.2229567857771112e-21,0.0,0.0,-0.0,0.0,0.0,0.0,0.0,0.0,0.0,0.0,0.0,0.0,4.0,0.0,0.0
12377280,297.6949157714844,297.1499938964844,293.1499938964844,0.0,-0.0,291.4244689941406,0.5096155405044556,0.050000000745058,0.0461885072290897,297.6641845703125,297.1499938964844,293.1499938964844,0.0,-0.0,291.4244689941406,0.5096155405044556,0.050000000745058,0.0486387200653553,297.6961975097656,297.1499938964844,293.1499938964844,0.0,-0.0,291.4244689941406,0.5096155405044556,0.050000000745058,0.0359243936836719,297.57666015625,297.1499938964844,293.1499938964844,0.0,-0.0,291.4244689941406,0.5096155405044556,0.050000000745058,0.0486387200653553,297.82598876953125,297.1499938964844,293.1499938964844,0.0,-0.0,291.4244689941406,0.5096155405044556,0.050000000745058,0.2307211607694625,291.4643859863281,291.1499938964844,287.59136962890625,286.8740539550781,294.2264099121094,297.828369140625,291.65484619140625,1.0,0.1694013327360153,0.6226219534873962,0.6226219534873962,0.9919918775558472,1.0,-0.4921482801437378,0.1854580491781234,0.3066902160644531,0.0410015732049942,0.0,0.0,0.0,33.64043045043945,60.0,1120.3294677734375,-0.0,34.945560455322266,1.0,283.1598205566406,287.84234619140625,290.39013671875,290.6860046386719,293.1499938964844,293.1499938964844,278.1499938964844,0.0,18000.0,313.1499938964844,0.0,18000.0,0.0,0.0,0.0,0.0,0.0,0.0,0.0,0.0,0.0,-0.0,-0.0,-0.0,6.445913975451006e-21,3.222956987725503e-21,3.2229567857771112e-21,0.0,0.0,-0.0,0.0,0.0,0.0,0.0,0.0,0.0,0.0,0.0,0.0,4.0,0.0,0.0
12377340,297.6960754394531,297.1499938964844,293.1499938964844,0.0,-0.0,291.9578552246094,0.4954995512962341,0.050000000745058,0.0463924258947372,297.65875244140625,297.1499938964844,293.1499938964844,0.0,-0.0,291.9578552246094,0.4954995512962341,0.050000000745058,0.0488534606993198,297.6915283203125,297.1499938964844,293.1499938964844,0.0,-0.0,291.9578552246094,0.4954995512962341,0.050000000745058,0.0360829979181289,297.5749206542969,297.1499938964844,293.1499938964844,0.0,-0.0,291.9578552246094,0.4954995512962341,0.050000000745058,0.0488534606993198,297.81756591796875,297.1499938964844,293.1499938964844,0.0,-0.0,291.9578552246094,0.4954995512962341,0.050000000745058,0.2317397743463516,291.97515869140625,291.1499938964844,287.6134338378906,286.88580322265625,293.3938903808594,297.81854248046875,292.053955078125,1.0,0.1795569658279419,1.0,1.0,0.9866531491279602,1.0,-0.4943211078643799,0.2150378972291946,0.279283195734024,0.0700733438134193,0.0,0.0,0.0,39.09870147705078,60.0,571.0337524414062,-0.0,39.74021911621094,1.0,283.1598205566406,287.84234619140625,290.39013671875,290.6860046386719,293.1499938964844,293.1499938964844,278.1499938964844,0.0,18000.0,313.1499938964844,0.0,18000.0,0.0,0.0,0.0,0.0,0.0,0.0,0.0,0.0,0.0,-0.0,-0.0,-0.0,6.445913975451006e-21,3.222956987725503e-21,3.2229567857771112e-21,0.0,0.0,-0.0,0.0,0.0,0.0,0.0,0.0,0.0,0.0,0.0,0.0,4.0,0.0,0.0
12377400,297.6960754394531,297.1499938964844,293.1499938964844,0.0,-0.0,291.9578552246094,0.4954995512962341,0.050000000745058,0.0463924258947372,297.65875244140625,297.1499938964844,293.1499938964844,0.0,-0.0,291.9578552246094,0.4954995512962341,0.050000000745058,0.0488534606993198,297.6915283203125,297.1499938964844,293.1499938964844,0.0,-0.0,291.9578552246094,0.4954995512962341,0.050000000745058,0.0360829979181289,297.5749206542969,297.1499938964844,293.1499938964844,0.0,-0.0,291.9578552246094,0.4954995512962341,0.050000000745058,0.0488534606993198,297.81756591796875,297.1499938964844,293.1499938964844,0.0,-0.0,291.9578552246094,0.4954995512962341,0.050000000745058,0.2317397743463516,291.97515869140625,291.1499938964844,287.6134338378906,286.88580322265625,293.3938903808594,297.81854248046875,292.053955078125,1.0,0.1795569658279419,1.0,1.0,0.9866531491279602,1.0,-0.4943211078643799,0.2150378972291946,0.279283195734024,0.0700733438134193,0.0,0.0,0.0,39.09870147705078,60.0,571.0337524414062,-0.0,39.74021911621094,1.0,283.1598205566406,287.84234619140625,290.39013671875,290.6860046386719,293.1499938964844,293.1499938964844,278.1499938964844,0.0,18000.0,313.1499938964844,0.0,18000.0,0.0,0.0,0.0,0.0,0.0,0.0,0.0,0.0,0.0,-0.0,-0.0,-0.0,6.445913975451006e-21,3.222956987725503e-21,3.2229567857771112e-21,0.0,0.0,-0.0,0.0,0.0,0.0,0.0,0.0,0.0,0.0,0.0,0.0,4.0,0.0,0.0
12377460,297.6991271972656,297.1499938964844,293.1499938964844,0.0,-0.0,292.1996154785156,0.4878829717636108,0.050000000745058,0.0465236604213714,297.6576538085937,297.1499938964844,293.1499938964844,0.0,-0.0,292.1996154785156,0.4878829717636108,0.050000000745058,0.0489916540682315,297.6909484863281,297.1499938964844,293.1499938964844,0.0,-0.0,292.1996154785156,0.4878829717636108,0.050000000745058,0.0361850708723068,297.5755615234375,297.1499938964844,293.1499938964844,0.0,-0.0,292.1996154785156,0.4878829717636108,0.050000000745058,0.0489916540682315,297.8148498535156,297.1499938964844,293.1499938964844,0.0,-0.0,292.1996154785156,0.4878829717636108,0.050000000745058,0.2323953211307525,292.21490478515625,291.1499938964844,287.6329650878906,286.8974609375,293.383544921875,297.8152770996094,292.2928466796875,1.0,0.1857825368642807,1.0,1.0,0.9871925115585328,1.0,-0.4957195222377777,0.2157237827777862,0.2799957394599914,0.0705417618155479,0.0,0.0,0.0,42.60926818847656,60.0,429.2923889160156,-0.0,42.85140609741211,1.0,283.1598205566406,287.84234619140625,290.39013671875,290.6860046386719,293.1499938964844,293.1499938964844,278.1499938964844,0.0,18000.0,313.1499938964844,0.0,18000.0,0.0,0.0,0.0,0.0,0.0,0.0,0.0,0.0,0.0,-0.0,-0.0,-0.0,6.445913975451006e-21,3.222956987725503e-21,3.2229567857771112e-21,0.0,0.0,-0.0,0.0,0.0,0.0,0.0,0.0,0.0,0.0,0.0,0.0,4.0,0.0,0.0
12377520,297.7004089355469,297.1499938964844,293.1499938964844,0.0,-0.0,292.2746887207031,0.4858255982398987,0.050000000745058,0.0465610511600971,297.6577453613281,297.1499938964844,293.1499938964844,0.0,-0.0,292.2746887207031,0.4858255982398987,0.050000000745058,0.049031026661396,297.6911926269531,297.1499938964844,293.1499938964844,0.0,-0.0,292.2746887207031,0.4858255982398987,0.050000000745058,0.0362141504883766,297.5760803222656,297.1499938964844,293.1499938964844,0.0,-0.0,292.2746887207031,0.4858255982398987,0.050000000745058,0.049031026661396,297.81451416015625,297.1499938964844,293.1499938964844,0.0,-0.0,292.2746887207031,0.4858255982398987,0.050000000745058,0.2325820922851562,292.289794921875,290.6499938964844,287.6395874023437,286.9015808105469,293.3865051269531,297.81475830078125,292.36553955078125,1.0,0.187515527009964,1.0,1.0,0.987362802028656,1.0,-0.4961179494857788,0.2158781737089157,0.2802397608757019,0.0706404969096183,0.0,0.0,0.0,43.60953521728516,48.0,399.880126953125,-0.0,43.74100875854492,1.0,283.1598205566406,287.84234619140625,290.39013671875,290.6860046386719,293.1499938964844,293.1499938964844,278.1499938964844,0.0,18000.0,313.1499938964844,0.0,18000.0,0.0,0.0,0.0,0.0,0.0,0.0,0.0,0.0,0.0,-0.0,-0.0,-0.0,6.445913975451006e-21,3.222956987725503e-21,3.2229567857771112e-21,0.0,0.0,-0.0,0.0,0.0,0.0,0.0,0.0,0.0,0.0,0.0,0.0,4.0,0.0,0.0
12377580,297.7069396972656,297.1499938964844,293.1499938964844,0.0,-0.0,292.5552978515625,0.483546644449234,0.050000000745058,0.0466030463576316,297.6597595214844,297.1499938964844,293.1499938964844,0.0,-0.0,292.5552978515625,0.483546644449234,0.050000000745058,0.0490752533078193,297.6937866210937,297.1499938964844,293.1499938964844,0.0,-0.0,292.5552978515625,0.483546644449234,0.050000000745058,0.0362468138337135,297.5794677734375,297.1499938964844,293.1499938964844,0.0,-0.0,292.5552978515625,0.483546644449234,0.050000000745058,0.0490752533078193,297.8150329589844,297.1499938964844,293.1499938964844,0.0,-0.0,292.5552978515625,0.483546644449234,0.050000000745058,0.2327918708324432,292.5675964355469,290.1499938964844,287.6695861816406,286.92108154296875,293.4010009765625,297.8147888183594,292.6271057128906,1.0,0.1889581978321075,1.0,1.0,0.9880725145339966,1.0,-0.4965657591819763,0.2159973084926605,0.2805684804916382,0.0708446055650711,0.0,0.0,0.0,44.734493255615234,36.0,301.7512512207031,-0.0,44.74308395385742,1.0,283.1598205566406,287.84234619140625,290.39013671875,290.6860046386719,293.1499938964844,293.1499938964844,278.1499938964844,0.0,18000.0,313.1499938964844,0.0,18000.0,0.0,0.0,0.0,0.0,0.0,0.0,0.0,0.0,0.0,-0.0,-0.0,-0.0,6.445913975451006e-21,3.222956987725503e-21,3.2229567857771112e-21,0.0,0.0,-0.0,0.0,0.0,0.0,0.0,0.0,0.0,0.0,0.0,0.0,4.0,0.0,0.0
12377640,297.7069396972656,297.1499938964844,293.1499938964844,0.0,-0.0,292.5552978515625,0.483546644449234,0.050000000745058,0.0466030463576316,297.6597595214844,297.1499938964844,293.1499938964844,0.0,-0.0,292.5552978515625,0.483546644449234,0.050000000745058,0.0490752533078193,297.6937866210937,297.1499938964844,293.1499938964844,0.0,-0.0,292.5552978515625,0.483546644449234,0.050000000745058,0.0362468138337135,297.5794677734375,297.1499938964844,293.1499938964844,0.0,-0.0,292.5552978515625,0.483546644449234,0.050000000745058,0.0490752533078193,297.8150329589844,297.1499938964844,293.1499938964844,0.0,-0.0,292.5552978515625,0.483546644449234,0.050000000745058,0.2327918708324432,292.5675964355469,290.1499938964844,287.6695861816406,286.92108154296875,293.4010009765625,297.8147888183594,292.6271057128906,1.0,0.1889581978321075,1.0,1.0,0.9880725145339966,1.0,-0.4965657591819763,0.2159973084926605,0.2805684804916382,0.0708446055650711,0.0,0.0,0.0,44.734493255615234,36.0,301.7512512207031,-0.0,44.74308395385742,1.0,283.1598205566406,287.84234619140625,290.39013671875,290.6860046386719,293.1499938964844,293.1499938964844,278.1499938964844,0.0,18000.0,313.1499938964844,0.0,18000.0,0.0,0.0,0.0,0.0,0.0,0.0,0.0,0.0,0.0,-0.0,-0.0,-0.0,6.445913975451006e-21,3.222956987725503e-21,3.2229567857771112e-21,0.0,0.0,-0.0,0.0,0.0,0.0,0.0,0.0,0.0,0.0,0.0,0.0,4.0,0.0,0.0
12377700,297.7107849121094,297.1499938964844,293.1499938964844,0.0,-0.0,292.6709289550781,0.4847631752490997,0.050000000745058,0.0465805679559707,297.6615295410156,297.1499938964844,293.1499938964844,0.0,-0.0,292.6709289550781,0.4847631752490997,0.050000000745058,0.0490515790879726,297.6958312988281,297.1499938964844,293.1499938964844,0.0,-0.0,292.6709289550781,0.4847631752490997,0.050000000745058,0.0362293310463428,297.581787109375,297.1499938964844,293.1499938964844,0.0,-0.0,292.6709289550781,0.4847631752490997,0.050000000745058,0.0490515790879726,297.8161926269531,297.1499938964844,293.1499938964844,0.0,-0.0,292.6709289550781,0.4847631752490997,0.050000000745058,0.2326795756816864,292.68170166015625,290.1499938964844,287.6859436035156,286.9320983886719,293.40936279296875,297.8157958984375,292.73358154296875,1.0,0.1877651512622833,1.0,1.0,0.9884273409843444,1.0,-0.4963263273239136,0.2158564627170562,0.2804698646068573,0.070867545902729,0.0,0.0,0.0,44.13444137573242,36.0,262.9706726074219,-0.0,44.20825958251953,1.0,283.1598205566406,287.84234619140625,290.39013671875,290.6860046386719,293.1499938964844,293.1499938964844,278.1499938964844,0.0,18000.0,313.1499938964844,0.0,18000.0,0.0,0.0,0.0,0.0,0.0,0.0,0.0,0.0,0.0,-0.0,-0.0,-0.0,6.445913975451006e-21,3.222956987725503e-21,3.2229567857771112e-21,0.0,0.0,-0.0,0.0,0.0,0.0,0.0,0.0,0.0,0.0,0.0,0.0,4.0,0.0,0.0
12377760,297.71484375,297.1499938964844,293.1499938964844,0.0,-0.0,292.771728515625,0.4872685670852661,0.050000000745058,0.0465347580611705,297.6636657714844,297.1499938964844,293.1499938964844,0.0,-0.0,292.771728515625,0.4872685670852661,0.050000000745058,0.0490033403038978,297.6982116699219,297.1499938964844,293.1499938964844,0.0,-0.0,292.771728515625,0.4872685670852661,0.050000000745058,0.0361937023699283,297.5843505859375,297.1499938964844,293.1499938964844,0.0,-0.0,292.771728515625,0.4872685670852661,0.050000000745058,0.0490033403038978,297.8177795410156,297.1499938964844,293.1499938964844,0.0,-0.0,292.771728515625,0.4872685670852661,0.050000000745058,0.2324507534503936,292.7810974121094,289.6499938964844,287.703125,286.9439697265625,293.4108581542969,297.8172607421875,292.82623291015625,1.0,0.1854860186576843,1.0,1.0,0.9576706290245056,1.0,-0.4958382844924927,0.2160989046096801,0.2797393798828125,0.0713376998901367,0.0,0.0,0.0,42.91062545776367,25.0,228.55050659179688,-0.0,43.11914443969727,1.0,283.1598205566406,287.84234619140625,290.39013671875,290.6860046386719,293.1499938964844,293.1499938964844,278.1499938964844,0.0,18000.0,313.1499938964844,0.0,18000.0,0.0,0.0,0.0,0.0,0.0,0.0,0.0,0.0,0.0,-0.0,-0.0,-0.0,6.445913975451006e-21,3.222956987725503e-21,3.2229567857771112e-21,0.0,0.0,-0.0,0.0,0.0,0.0,0.0,0.0,0.0,0.0,0.0,0.0,4.0,0.0,0.0
12377820,297.7215270996094,297.1499938964844,293.1499938964844,0.0,-0.0,292.9035949707031,0.4933342337608337,0.050000000745058,0.0464283600449562,297.66754150390625,297.1499938964844,293.1499938964844,0.0,-0.0,292.9035949707031,0.4933342337608337,0.050000000745058,0.0488912984728813,297.702392578125,297.1499938964844,293.1499938964844,0.0,-0.0,292.9035949707031,0.4933342337608337,0.050000000745058,0.036110945045948,297.5888366699219,297.1499938964844,293.1499938964844,0.0,-0.0,292.9035949707031,0.4933342337608337,0.050000000745058,0.0488912984728813,297.8208312988281,297.1499938964844,293.1499938964844,0.0,-0.0,292.9035949707031,0.4933342337608337,0.050000000745058,0.2319192737340927,292.9110107421875,289.6499938964844,287.7318725585937,286.9642944335937,293.40460205078125,297.8201904296875,292.94647216796875,1.0,0.1802458465099334,1.0,1.0,0.9091366529464722,1.0,-0.4947046637535095,0.2166569381952285,0.2780477106571197,0.0723523274064064,0.0,0.0,0.0,40.06739807128906,25.0,180.24874877929688,-0.0,40.59688568115234,1.0,283.1598205566406,287.84234619140625,290.39013671875,290.6860046386719,293.1499938964844,293.1499938964844,278.1499938964844,0.0,18000.0,313.1499938964844,0.0,18000.0,0.0,0.0,0.0,0.0,0.0,0.0,0.0,0.0,0.0,-0.0,-0.0,-0.0,6.445913975451006e-21,3.222956987725503e-21,3.2229567857771112e-21,0.0,0.0,-0.0,0.0,0.0,0.0,0.0,0.0,0.0,0.0,0.0,0.0,4.0,0.0,0.0
12377880,297.72332763671875,297.1499938964844,293.1499938964844,0.0,-0.0,292.9337158203125,0.4954160749912262,0.050000000745058,0.0463937856256961,297.66864013671875,297.1499938964844,293.1499938964844,0.0,-0.0,292.9337158203125,0.4954160749912262,0.050000000745058,0.0488548874855041,297.7035522460937,297.1499938964844,293.1499938964844,0.0,-0.0,292.9337158203125,0.4954160749912262,0.050000000745058,0.0360840559005737,297.590087890625,297.1499938964844,293.1499938964844,0.0,-0.0,292.9337158203125,0.4954160749912262,0.050000000745058,0.0488548874855041,297.8217468261719,297.1499938964844,293.1499938964844,0.0,-0.0,292.9337158203125,0.4954160749912262,0.050000000745058,0.2317465543746948,292.9406433105469,289.1499938964844,287.7398986816406,286.97003173828125,293.4016418457031,297.8210754394531,292.97381591796875,1.0,0.1785196363925933,1.0,1.0,0.8961572647094727,1.0,-0.4943362474441528,0.2168541252613067,0.277482122182846,0.0726892575621604,0.0,0.0,0.0,39.14338302612305,25.0,168.65492248535156,-0.0,39.77959442138672,1.0,283.1598205566406,287.84234619140625,290.39013671875,290.6860046386719,293.1499938964844,293.1499938964844,278.1499938964844,0.0,18000.0,313.1499938964844,0.0,18000.0,0.0,0.0,0.0,0.0,0.0,0.0,0.0,0.0,0.0,-0.0,-0.0,-0.0,6.445913975451006e-21,3.222956987725503e-21,3.2229567857771112e-21,0.0,0.0,-0.0,0.0,0.0,0.0,0.0,0.0,0.0,0.0,0.0,0.0,4.0,0.0,0.0
12377940,297.7287902832031,297.1499938964844,293.1499938964844,0.0,-0.0,293.01275634765625,0.5002307295799255,0.050000000745058,0.0463182069361209,297.67205810546875,297.1499938964844,293.1499938964844,0.0,-0.0,293.01275634765625,0.5002307295799255,0.050000000745058,0.0487753003835678,297.7071533203125,297.1499938964844,293.1499938964844,0.0,-0.0,293.01275634765625,0.5002307295799255,0.050000000745058,0.036025270819664,297.5939025878906,297.1499938964844,293.1499938964844,0.0,-0.0,293.01275634765625,0.5002307295799255,0.050000000745058,0.0487753003835678,297.8245544433594,297.1499938964844,293.1499938964844,0.0,-0.0,293.01275634765625,0.5002307295799255,0.050000000745058,0.2313690334558487,293.0184326171875,289.1499938964844,287.7647399902344,286.9880676269531,293.3882751464844,297.8238525390625,293.0453491210937,1.0,0.1749706268310547,1.0,1.0,0.8571825623512268,1.0,-0.493530809879303,0.2178346216678619,0.275696188211441,0.0740142837166786,0.0,0.0,0.0,37.12406921386719,25.0,136.5930938720703,-0.0,37.997684478759766,1.0,283.1598205566406,287.84234619140625,290.39013671875,290.6860046386719,293.1499938964844,293.1499938964844,278.1499938964844,0.0,18000.0,313.1499938964844,0.0,18000.0,0.0,0.0,0.0,0.0,0.0,0.0,0.0,0.0,0.0,-0.0,-0.0,-0.0,6.445913975451006e-21,3.222956987725503e-21,3.2229567857771112e-21,0.0,0.0,-0.0,0.0,0.0,0.0,0.0,0.0,0.0,0.0,0.0,0.0,4.0,0.0,0.0
12378000,297.7318725585937,297.1499938964844,293.1499938964844,0.0,-0.0,293.05133056640625,0.502744734287262,0.050000000745058,0.0462812259793281,297.674072265625,297.1499938964844,293.1499938964844,0.0,-0.0,293.05133056640625,0.502744734287262,0.050000000745058,0.0487363599240779,297.7092590332031,297.1499938964844,293.1499938964844,0.0,-0.0,293.05133056640625,0.502744734287262,0.050000000745058,0.0359965115785598,297.5960998535156,297.1499938964844,293.1499938964844,0.0,-0.0,293.05133056640625,0.502744734287262,0.050000000745058,0.0487363599240779,297.82623291015625,297.1499938964844,293.1499938964844,0.0,-0.0,293.05133056640625,0.502744734287262,0.050000000745058,0.2311843186616897,293.05633544921875,288.6499938964844,287.7796325683594,286.9989624023437,293.3765869140625,297.82550048828125,293.0799560546875,1.0,0.1731347292661667,1.0,1.0,0.8346438407897949,1.0,-0.4931367635726928,0.2186521291732788,0.274484634399414,0.0750152021646499,0.0,0.0,0.0,36.13624954223633,25.0,119.50851440429688,-0.0,37.12810134887695,1.0,283.1598205566406,287.84234619140625,290.39013671875,290.6860046386719,293.1499938964844,293.1499938964844,278.1499938964844,0.0,18000.0,313.1499938964844,0.0,18000.0,0.0,0.0,0.0,0.0,0.0,0.0,0.0,0.0,0.0,-0.0,-0.0,-0.0,6.445913975451006e-21,3.222956987725503e-21,3.2229567857771112e-21,0.0,0.0,-0.0,0.0,0.0,0.0,0.0,0.0,0.0,0.0,0.0,0.0,4.0,0.0,0.0
12378060,297.74005126953125,297.1499938964844,293.1499938964844,0.0,-0.0,293.1269226074219,0.5090202689170837,0.050000000745058,0.0461960695683956,297.67950439453125,297.1499938964844,293.1499938964844,0.0,-0.0,293.1269226074219,0.5090202689170837,0.050000000745058,0.0486466884613037,297.7148742675781,297.1499938964844,293.1499938964844,0.0,-0.0,293.1269226074219,0.5090202689170837,0.050000000745058,0.0359302759170532,297.6020812988281,297.1499938964844,293.1499938964844,0.0,-0.0,293.1269226074219,0.5090202689170837,0.050000000745058,0.0486466884613037,297.8306884765625,297.1499938964844,293.1499938964844,0.0,-0.0,293.1269226074219,0.5090202689170837,0.050000000745058,0.230758935213089,293.1294250488281,288.1499938964844,287.822021484375,287.03045654296875,293.1196594238281,297.8299865722656,293.13702392578125,1.0,0.1688337475061416,1.0,1.0,0.6727097034454346,1.0,-0.4922293126583099,0.2345779538154602,0.2576513588428497,0.0913456380367279,0.0,0.0,0.0,33.863773345947266,25.0,37.626731872558594,-0.0,35.13483428955078,1.0,283.1598205566406,287.84234619140625,290.39013671875,290.6860046386719,293.1499938964844,293.1499938964844,278.1499938964844,0.0,18000.0,313.1499938964844,0.0,18000.0,0.0,0.0,0.0,0.0,0.0,0.0,0.0,0.0,0.0,-0.0,-0.0,-0.0,6.445913975451006e-21,3.222956987725503e-21,3.2229567857771112e-21,0.0,0.0,-0.0,0.0,0.0,0.0,0.0,0.0,0.0,0.0,0.0,0.0,4.0,0.0,0.0
12378120,297.74005126953125,297.1499938964844,293.1499938964844,0.0,-0.0,293.1269226074219,0.5090202689170837,0.050000000745058,0.0461960695683956,297.67950439453125,297.1499938964844,293.1499938964844,0.0,-0.0,293.1269226074219,0.5090202689170837,0.050000000745058,0.0486466884613037,297.7148742675781,297.1499938964844,293.1499938964844,0.0,-0.0,293.1269226074219,0.5090202689170837,0.050000000745058,0.0359302759170532,297.6020812988281,297.1499938964844,293.1499938964844,0.0,-0.0,293.1269226074219,0.5090202689170837,0.050000000745058,0.0486466884613037,297.8306884765625,297.1499938964844,293.1499938964844,0.0,-0.0,293.1269226074219,0.5090202689170837,0.050000000745058,0.230758935213089,293.1294250488281,288.1499938964844,287.822021484375,287.03045654296875,293.1196594238281,297.8299865722656,293.13702392578125,1.0,0.1688337475061416,1.0,1.0,0.6727097034454346,1.0,-0.4922293126583099,0.2345779538154602,0.2576513588428497,0.0913456380367279,0.0,0.0,0.0,33.863773345947266,25.0,37.626731872558594,-0.0,35.13483428955078,1.0,283.1598205566406,287.84234619140625,290.39013671875,290.6860046386719,293.1499938964844,293.1499938964844,278.1499938964844,0.0,18000.0,313.1499938964844,0.0,18000.0,0.0,0.0,0.0,0.0,0.0,0.0,0.0,0.0,0.0,-0.0,-0.0,-0.0,6.445913975451006e-21,3.222956987725503e-21,3.2229567857771112e-21,0.0,0.0,-0.0,0.0,0.0,0.0,0.0,0.0,0.0,0.0,0.0,0.0,4.0,0.0,0.0
12378180,297.7471008300781,297.1499938964844,293.1499938964844,0.0,-0.0,293.09552001953125,0.5145177245140076,0.050000000745058,0.0461291223764419,297.68426513671875,297.1499938964844,293.1499938964844,0.0,-0.0,293.09552001953125,0.5145177245140076,0.050000000745058,0.0485761873424053,297.7196655273437,297.1499938964844,293.1499938964844,0.0,-0.0,293.09552001953125,0.5145177245140076,0.050000000745058,0.0358782038092613,297.6072998046875,297.1499938964844,293.1499938964844,0.0,-0.0,293.09552001953125,0.5145177245140076,0.050000000745058,0.0485761873424053,297.8344116210937,297.1499938964844,293.1499938964844,0.0,-0.0,293.09552001953125,0.5145177245140076,0.050000000745058,0.2304245084524154,293.09039306640625,287.6499938964844,287.8667907714844,287.0642395019531,292.105224609375,297.8338928222656,293.04931640625,1.0,0.1653960198163986,1.0,1.0,0.5107755661010742,1.0,-0.4915158748626709,0.2915047705173492,0.2000111192464828,0.1484507173299789,0.0,0.0,0.0,32.08369064331055,25.0,-204.77932739257807,-0.0,33.585304260253906,1.0,283.1598205566406,287.84234619140625,290.39013671875,290.6860046386719,293.1499938964844,293.1499938964844,278.1499938964844,0.0,18000.0,313.1499938964844,0.0,18000.0,0.0,0.0,0.0,0.0,0.0,0.0,0.0,0.0,0.0,-0.0,-0.0,-0.0,6.445913975451006e-21,3.222956987725503e-21,3.2229567857771112e-21,0.0,0.0,-0.0,0.0,0.0,0.0,0.0,0.0,0.0,0.0,0.0,0.0,4.0,0.0,0.0
12378240,297.7471008300781,297.1499938964844,293.1499938964844,0.0,-0.0,293.09552001953125,0.5145177245140076,0.050000000745058,0.0461291223764419,297.68426513671875,297.1499938964844,293.1499938964844,0.0,-0.0,293.09552001953125,0.5145177245140076,0.050000000745058,0.0485761873424053,297.7196655273437,297.1499938964844,293.1499938964844,0.0,-0.0,293.09552001953125,0.5145177245140076,0.050000000745058,0.0358782038092613,297.6072998046875,297.1499938964844,293.1499938964844,0.0,-0.0,293.09552001953125,0.5145177245140076,0.050000000745058,0.0485761873424053,297.8344116210937,297.1499938964844,293.1499938964844,0.0,-0.0,293.09552001953125,0.5145177245140076,0.050000000745058,0.2304245084524154,293.09039306640625,287.6499938964844,287.8667907714844,287.0642395019531,292.105224609375,297.8338928222656,293.04931640625,1.0,0.1653960198163986,1.0,1.0,0.5107755661010742,1.0,-0.4915158748626709,0.2915047705173492,0.2000111192464828,0.1484507173299789,0.0,0.0,0.0,32.08369064331055,25.0,-204.77932739257807,-0.0,33.585304260253906,1.0,283.1598205566406,287.84234619140625,290.39013671875,290.6860046386719,293.1499938964844,293.1499938964844,278.1499938964844,0.0,18000.0,313.1499938964844,0.0,18000.0,0.0,0.0,0.0,0.0,0.0,0.0,0.0,0.0,0.0,-0.0,-0.0,-0.0,6.445913975451006e-21,3.222956987725503e-21,3.2229567857771112e-21,0.0,0.0,-0.0,0.0,0.0,0.0,0.0,0.0,0.0,0.0,0.0,0.0,4.0,0.0,0.0
12378300,297.7503967285156,297.1499938964844,293.1499938964844,0.0,-0.0,292.98681640625,0.5449725985527039,0.050000000745058,0.045848611742258,297.6867980957031,297.1499938964844,293.1499938964844,0.0,-0.0,292.98681640625,0.5449725985527039,0.050000000745058,0.0482807978987693,297.7220458984375,297.1499938964844,293.1499938964844,0.0,-0.0,292.98681640625,0.5449725985527039,0.050000000745058,0.0356600321829319,297.61004638671875,297.1499938964844,293.1499938964844,0.0,-0.0,292.98681640625,0.5449725985527039,0.050000000745058,0.0482807978987693,297.83502197265625,297.1499938964844,293.1499938964844,0.0,-0.0,292.98052978515625,0.6346675753593445,0.1432702988386154,0.3443833887577057,292.9698486328125,287.6499938964844,287.8899841308594,287.0819091796875,291.1759033203125,297.8351745605469,292.8790588378906,1.0,0.1654818058013916,1.0,1.0,0.429808497428894,1.0,-0.6266610026359558,0.4311724007129669,0.1954885870218277,0.2512689530849457,0.0,0.0,0.0,25.621335983276367,25.0,-458.2813720703125,-0.0,41.34415435791016,1.0,283.1598205566406,287.84234619140625,290.39013671875,290.6860046386719,293.1499938964844,293.1499938964844,278.1499938964844,0.0,18000.0,313.1499938964844,0.0,18000.0,0.0,0.0,0.0,0.0,0.0,0.0,0.0,0.0,0.0,-0.0,-0.0,-0.0,6.445913975451006e-21,3.222956987725503e-21,3.2229567857771112e-21,0.0,0.0,-0.0,0.0,0.0,0.0,0.0,0.0,0.0,0.0,0.0,0.0,4.0,0.0,0.0
12378360,297.7519836425781,297.1499938964844,293.1499938964844,0.0,-0.0,292.6097717285156,0.6958130598068237,0.050000000745058,0.0452420972287654,297.6881103515625,297.1499938964844,293.1499938964844,0.0,-0.0,292.6097412109375,0.6958130598068237,0.050000000745058,0.0476421080529689,297.7226257324219,297.1499938964844,293.1499938964844,0.0,-0.0,292.6097717285156,0.6958130598068237,0.050000000745058,0.0351882986724376,297.6116943359375,297.1499938964844,293.1499938964844,0.0,-0.0,292.6097106933594,0.6958130598068237,0.050000000745058,0.0476421080529689,297.8058166503906,297.1499938964844,293.1499938964844,0.0,-0.0,292.4984741210937,0.960256040096283,0.1447570323944091,0.5878249406814575,292.49517822265625,287.1499938964844,287.9136657714844,287.1000366210937,290.1971435546875,297.81201171875,292.31884765625,1.0,0.1710190773010254,1.0,1.0,0.3438467979431152,1.0,-0.9177349805831908,0.7175410985946655,0.200193852186203,0.4814993143081665,0.0,0.0,0.0,12.365034103393556,25.0,-1077.1102294921875,-0.0,63.20068359375,1.0,283.1598205566406,287.84234619140625,290.39013671875,290.6860046386719,293.1499938964844,293.1499938964844,278.1499938964844,0.0,18000.0,313.1499938964844,0.0,18000.0,0.0,0.0,0.0,0.0,0.0,0.0,0.0,0.0,0.0,-0.0,-0.0,-0.0,6.445913975451006e-21,3.222956987725503e-21,3.2229567857771112e-21,0.0,0.0,-0.0,0.0,0.0,0.0,0.0,0.0,0.0,0.0,0.0,0.0,4.0,0.0,0.0
12378420,297.69757080078125,297.1499938964844,293.1499938964844,0.0,-0.0,291.4845886230469,0.9522707462310792,0.1367164701223373,0.1175690442323684,297.6767272949219,297.1499938964844,293.1499938964844,0.0,-0.0,291.611083984375,0.6903161406517029,0.050000000745058,0.0476516336202621,297.7086486816406,297.1499938964844,293.1499938964844,0.0,-0.0,291.611083984375,0.6903161406517029,0.1338359415531158,0.0351953357458114,297.59912109375,297.1499938964844,293.1499938964844,0.0,-0.0,291.611083984375,0.6903161406517029,0.050000000745058,0.0476516336202621,297.7474670410156,297.1499938964844,293.1499938964844,0.0,-0.0,291.48797607421875,0.920908272266388,0.1454682946205139,0.5380480885505676,291.475341796875,287.1499938964844,287.9519348144531,287.1295166015625,288.88592529296875,297.7529296875,291.3102722167969,1.0,0.1756094992160797,1.0,1.0,0.20819953083992,1.0,-0.9433944821357728,0.8601981997489929,0.0831963047385215,0.6187978982925415,0.0,0.0,0.0,12.929072380065918,25.0,-1531.7230224609375,-0.0,68.60045623779297,1.0,283.1598205566406,287.84234619140625,290.39013671875,290.6860046386719,293.1499938964844,293.1499938964844,278.1499938964844,0.0,18000.0,313.1499938964844,0.0,18000.0,0.0,0.0,0.0,0.0,0.0,0.0,0.0,0.0,0.0,-0.0,-0.0,-0.0,6.445913975451006e-21,3.222956987725503e-21,3.2229567857771112e-21,0.0,0.0,-0.0,0.0,0.0,0.0,0.0,0.0,0.0,0.0,0.0,0.0,4.0,0.0,0.0
12378480,297.6644287109375,297.1499938964844,293.1499938964844,0.0,-0.0,291.2142333984375,0.9637601375579834,0.1349881887435913,0.1215534210205078,297.6723022460937,297.1499938964844,293.1499938964844,0.0,-0.0,291.34454345703125,0.6904734969139099,0.050000000745058,0.0476513020694255,297.6979675292969,297.1499938964844,293.1499938964844,0.0,-0.0,291.2889709472656,0.8401035666465759,0.1343023031949997,0.0639497190713882,297.5940856933594,297.1499938964844,293.1499938964844,0.0,-0.0,291.34454345703125,0.6904734969139099,0.050000000745058,0.0476513020694255,297.7336730957031,297.1499938964844,293.1499938964844,0.0,-0.0,291.2264099121094,0.904121160507202,0.1457347720861435,0.511816680431366,291.2102355957031,286.6499938964844,287.9623107910156,287.1375732421875,288.664306640625,297.73876953125,291.0513000488281,1.0,0.176825925707817,1.0,1.0,0.1719233989715576,1.0,-0.951202630996704,0.8881814479827881,0.0630211979150772,0.6452203989028931,0.0,0.0,0.0,13.016643524169922,45.0,-1570.1617431640625,-0.0,70.1230697631836,1.0,283.1598205566406,287.84234619140625,290.39013671875,290.6860046386719,293.1499938964844,293.1499938964844,278.1499938964844,0.0,18000.0,313.1499938964844,0.0,18000.0,0.0,0.0,0.0,0.0,0.0,0.0,0.0,0.0,0.0,-0.0,-0.0,-0.0,6.445913975451006e-21,3.222956987725503e-21,3.2229567857771112e-21,0.0,0.0,-0.0,0.0,0.0,0.0,0.0,0.0,0.0,0.0,0.0,0.0,4.0,0.0,0.0
12378540,297.58697509765625,297.1499938964844,293.1499938964844,0.0,-0.0,290.5734558105469,0.966278612613678,0.1308438628911972,0.1195342540740966,297.6430053710937,297.1499938964844,293.1499938964844,0.0,-0.0,290.5970764160156,0.9144606590270996,0.1309733688831329,0.1086062639951706,297.6310119628906,297.1499938964844,293.1499938964844,0.0,-0.0,290.5740661621094,0.9626654982566832,0.1314430087804794,0.0919490009546279,297.5797119140625,297.1499938964844,293.1499938964844,0.0,-0.0,290.6966552734375,0.6964601278305054,0.050000000745058,0.0476404204964637,297.703125,297.1499938964844,293.1499938964844,0.0,-0.0,290.5936279296875,0.8801015615463257,0.1466822624206543,0.4617251753807068,290.56500244140625,286.6499938964844,287.989013671875,287.15826416015625,288.0521545410156,297.7071838378906,290.4122009277344,1.0,0.1838607788085937,1.0,1.0,0.07992535084486,1.0,-0.9953900575637816,0.992116630077362,0.0032734400592744,0.7403070330619812,0.0,0.0,0.0,13.281987190246582,45.0,-1636.1925048828125,-0.0,78.74790954589844,1.0,283.1598205566406,287.84234619140625,290.39013671875,290.6860046386719,293.1499938964844,293.1499938964844,278.1499938964844,0.0,18000.0,313.1499938964844,0.0,18000.0,0.0,0.0,0.0,0.0,0.0,0.0,0.0,0.0,0.0,-0.0,-0.0,-0.0,6.445913975451006e-21,3.222956987725503e-21,3.2229567857771112e-21,0.0,0.0,-0.0,0.0,0.0,0.0,0.0,0.0,0.0,0.0,0.0,0.0,4.0,0.0,0.0
12378600,297.529296875,297.1499938964844,293.1499938964844,0.0,-0.0,290.0194396972656,0.9657827019691468,0.127763420343399,0.1165949702262878,297.587158203125,297.1499938964844,293.1499938964844,0.0,-0.0,290.0201721191406,0.964544951915741,0.1284074783325195,0.1223141700029373,297.57177734375,297.1499938964844,293.1499938964844,0.0,-0.0,290.0191650390625,0.9672014117240906,0.1284684538841247,0.0910843536257743,297.5504150390625,297.1499938964844,293.1499938964844,0.0,-0.0,290.0481262207031,0.9028775095939636,0.123896524310112,0.1024486571550369,297.678466796875,297.1499938964844,293.1499938964844,0.0,-0.0,290.0423278808594,0.8738104701042175,0.1475245505571365,0.4416181147098541,290.00787353515625,286.1499938964844,288.01251220703125,287.1765441894531,288.0099182128906,297.6822204589844,289.8865051269531,1.0,0.1921197324991226,1.0,1.0,0.0,1.0,-1.0489171743392944,1.0489152669906616,1.9710657852556324e-06,0.7867937088012695,0.0,0.0,0.0,13.700409889221191,65.0,-1532.8272705078125,-0.0,90.27336883544922,1.0,283.1598205566406,287.84234619140625,290.39013671875,290.6860046386719,293.1499938964844,293.1499938964844,278.1499938964844,0.0,18000.0,313.1499938964844,0.0,18000.0,0.0,0.0,0.0,0.0,0.0,0.0,0.0,0.0,0.0,-0.0,-0.0,-0.0,6.445913975451006e-21,3.222956987725503e-21,3.2229567857771112e-21,0.0,0.0,-0.0,0.0,0.0,0.0,0.0,0.0,0.0,0.0,0.0,0.0,4.0,0.0,0.0
12378660,297.45001220703125,297.1499938964844,293.1499938964844,0.0,-0.0,289.3517761230469,0.932039737701416,0.1237128302454948,0.1125221848487854,297.50128173828125,297.1499938964844,293.1499938964844,0.0,-0.0,289.3515625,0.9337923526763916,0.1242953464388847,0.1190660074353218,297.4893493652344,297.1499938964844,293.1499938964844,0.0,-0.0,289.3515014648437,0.9342992305755616,0.1245418116450309,0.0880649387836456,297.456298828125,297.1499938964844,293.1499938964844,0.0,-0.0,289.3535461425781,0.9181926846504213,0.1185901910066604,0.1140136048197746,297.623046875,297.1499938964844,293.1499938964844,0.0,-0.0,289.3555908203125,0.9129940867424012,0.1474486738443374,0.5328331589698792,289.3397216796875,286.1499938964844,288.0542907714844,287.2091369628906,288.0517883300781,297.6283874511719,289.2713317871094,1.0,0.210834339261055,1.0,1.0,0.0,1.0,-1.1568886041641235,1.156887412071228,1.1680228908517163e-06,0.8738781809806824,0.0,0.0,0.0,15.811108589172363,65.0,-1145.090576171875,-0.0,119.73253631591795,1.0,283.1598205566406,287.84234619140625,290.39013671875,290.6860046386719,293.1499938964844,293.1499938964844,278.1499938964844,0.0,18000.0,313.1499938964844,0.0,18000.0,0.0,0.0,0.0,0.0,0.0,0.0,0.0,0.0,0.0,-0.0,-0.0,-0.0,6.445913975451006e-21,3.222956987725503e-21,3.2229567857771112e-21,0.0,0.0,-0.0,0.0,0.0,0.0,0.0,0.0,0.0,0.0,0.0,0.0,4.0,0.0,0.0
12378720,297.43487548828125,297.1499938964844,293.1499938964844,0.0,-0.0,289.23419189453125,0.929430603981018,0.1229641363024711,0.1117804571986198,297.4848022460937,297.1499938964844,293.1499938964844,0.0,-0.0,289.2339782714844,0.9311467409133912,0.1235374733805656,0.1182692572474479,297.47369384765625,297.1499938964844,293.1499938964844,0.0,-0.0,289.2339172363281,0.9318013191223145,0.1238327920436859,0.0875112414360046,297.4378356933594,297.1499938964844,293.1499938964844,0.0,-0.0,289.23590087890625,0.9147717952728271,0.1175344809889793,0.1129730343818664,297.6063842773437,297.1499938964844,293.1499938964844,0.0,-0.0,289.2350769042969,0.9301897287368774,0.1469565033912658,0.5595382452011108,289.2220153808594,286.1499938964844,288.0639038085937,287.2166442871094,288.0614318847656,297.6120910644531,289.16021728515625,1.0,0.2158971577882766,1.0,1.0,0.0,1.0,-1.188141107559204,1.1881399154663086,1.2217850553497556e-06,0.8988969922065735,0.0,0.0,0.0,16.25832176208496,85.0,-1063.8541259765625,-0.0,128.5215606689453,1.0,283.1598205566406,287.84234619140625,290.39013671875,290.6860046386719,293.1499938964844,293.1499938964844,278.1499938964844,0.0,18000.0,313.1499938964844,0.0,18000.0,0.0,0.0,0.0,0.0,0.0,0.0,0.0,0.0,0.0,-0.0,-0.0,-0.0,6.445913975451006e-21,3.222956987725503e-21,3.2229567857771112e-21,0.0,0.0,-0.0,0.0,0.0,0.0,0.0,0.0,0.0,0.0,0.0,0.0,4.0,0.0,0.0
12378780,297.3620300292969,297.1499938964844,293.1499938964844,0.0,-0.0,288.7588806152344,0.775349497795105,0.1191804781556129,0.1086748763918876,297.4084777832031,297.1499938964844,293.1499938964844,0.0,-0.0,288.7587585449219,0.7769402861595154,0.1200268641114234,0.1151333078742027,297.3990478515625,297.1499938964844,293.1499938964844,0.0,-0.0,288.7586669921875,0.7777051329612732,0.1203559264540672,0.0852836593985557,297.3543395996094,297.1499938964844,293.1499938964844,0.0,-0.0,288.7601318359375,0.7616270184516907,0.1126961782574653,0.1084978803992271,297.49908447265625,297.1499938964844,293.1499938964844,0.0,-0.0,288.75518798828125,0.8221948146820068,0.1418751329183578,0.6466755270957947,288.7505798339844,286.1499938964844,288.1162109375,287.2576599121094,288.1139221191406,297.5050354003906,288.7210693359375,1.0,0.2449688017368316,1.0,1.0,0.0,1.0,-1.2772839069366455,1.277282476425171,1.3852663869329265e-06,0.9715927839279176,0.0,0.0,0.0,27.90055084228516,73.0,-663.4199829101562,-0.0,179.4626007080078,1.0,283.1598205566406,287.84234619140625,290.39013671875,290.6860046386719,293.1499938964844,293.1499938964844,278.1499938964844,0.0,18000.0,313.1499938964844,0.0,18000.0,0.0,0.0,0.0,0.0,0.0,0.0,0.0,0.0,0.0,-0.0,-0.0,-0.0,6.445913975451006e-21,3.222956987725503e-21,3.2229567857771112e-21,0.0,0.0,-0.0,0.0,0.0,0.0,0.0,0.0,0.0,0.0,0.0,0.0,4.0,0.0,0.0
12378840,297.3620300292969,297.1499938964844,293.1499938964844,0.0,-0.0,288.7588806152344,0.775349497795105,0.1191804781556129,0.1086748763918876,297.4084777832031,297.1499938964844,293.1499938964844,0.0,-0.0,288.7587585449219,0.7769402861595154,0.1200268641114234,0.1151333078742027,297.3990478515625,297.1499938964844,293.1499938964844,0.0,-0.0,288.7586669921875,0.7777051329612732,0.1203559264540672,0.0852836593985557,297.3543395996094,297.1499938964844,293.1499938964844,0.0,-0.0,288.7601318359375,0.7616270184516907,0.1126961782574653,0.1084978803992271,297.49908447265625,297.1499938964844,293.1499938964844,0.0,-0.0,288.75518798828125,0.8221948146820068,0.1418751329183578,0.6466755270957947,288.7505798339844,286.1499938964844,288.1162109375,287.2576599121094,288.1139221191406,297.5050354003906,288.7210693359375,1.0,0.2449688017368316,1.0,1.0,0.0,1.0,-1.2772839069366455,1.277282476425171,1.3852663869329265e-06,0.9715927839279176,0.0,0.0,0.0,27.90055084228516,73.0,-663.4199829101562,-0.0,179.4626007080078,1.0,283.1598205566406,287.84234619140625,290.39013671875,290.6860046386719,293.1499938964844,293.1499938964844,278.1499938964844,0.0,18000.0,313.1499938964844,0.0,18000.0,0.0,0.0,0.0,0.0,0.0,0.0,0.0,0.0,0.0,-0.0,-0.0,-0.0,6.445913975451006e-21,3.222956987725503e-21,3.2229567857771112e-21,0.0,0.0,-0.0,0.0,0.0,0.0,0.0,0.0,0.0,0.0,0.0,0.0,4.0,0.0,0.0
12378900,297.33074951171875,297.1499938964844,293.1499938964844,0.0,-0.0,288.62469482421875,0.7208912968635559,0.1174501627683639,0.1073536127805709,297.3769836425781,297.1499938964844,293.1499938964844,0.0,-0.0,288.62457275390625,0.7227328419685364,0.1185682043433189,0.1139735952019691,297.3671569824219,297.1499938964844,293.1499938964844,0.0,-0.0,288.6245422363281,0.7232615947723389,0.118799977004528,0.0843782871961593,297.3205871582031,297.1499938964844,293.1499938964844,0.0,-0.0,288.62567138671875,0.7074333429336548,0.1106745824217796,0.106779083609581,297.4530029296875,297.1499938964844,293.1499938964844,0.0,-0.0,288.6221008300781,0.7609849572181702,0.1395572572946548,0.6366896033287048,288.6187438964844,286.1499938964844,288.14263916015625,287.27838134765625,288.14031982421875,297.4579772949219,288.596923828125,1.0,0.2535587251186371,1.0,1.0,0.0,1.0,-1.2591667175292969,1.2591652870178225,1.3510687040252378e-06,0.9569750428199768,0.0,0.0,0.0,36.29271697998047,73.0,-496.1718444824219,-0.0,191.59820556640625,1.0,283.1598205566406,287.84234619140625,290.39013671875,290.6860046386719,293.1499938964844,293.1499938964844,278.1499938964844,0.0,18000.0,313.1499938964844,0.0,18000.0,0.0,0.0,0.0,0.0,0.0,0.0,0.0,0.0,0.0,-0.0,-0.0,-0.0,6.445913975451006e-21,3.222956987725503e-21,3.2229567857771112e-21,0.0,0.0,-0.0,0.0,0.0,0.0,0.0,0.0,0.0,0.0,0.0,0.0,4.0,0.0,0.0
12378960,297.30438232421875,297.1499938964844,293.1499938964844,0.0,-0.0,288.526123046875,0.6910504102706909,0.116003081202507,0.1061570718884468,297.35040283203125,297.1499938964844,293.1499938964844,0.0,-0.0,288.5260009765625,0.6936477422714233,0.1173939108848571,0.1129722297191619,297.34002685546875,297.1499938964844,293.1499938964844,0.0,-0.0,288.5259704589844,0.6940101981163025,0.1175092607736587,0.0835634618997573,297.2923583984375,297.1499938964844,293.1499938964844,0.0,-0.0,288.5268859863281,0.6764277219772339,0.1089808344841003,0.1052655577659607,297.4151916503906,297.1499938964844,293.1499938964844,0.0,-0.0,288.524169921875,0.7314559817314148,0.1377597004175186,0.6286294460296631,288.52166748046875,286.25,288.169189453125,287.2992248535156,288.16680908203125,297.4193115234375,288.5054016113281,1.0,0.2595425546169281,1.0,1.0,0.0,1.0,-1.2440555095672607,1.2440541982650757,1.322952357440954e-06,0.9447529315948486,0.0,0.0,0.0,42.28322219848633,61.0,-367.1082153320313,-0.0,199.2963256835937,1.0,283.1598205566406,287.84234619140625,290.39013671875,290.6860046386719,293.1499938964844,293.1499938964844,278.1499938964844,0.0,18000.0,313.1499938964844,0.0,18000.0,0.0,0.0,0.0,0.0,0.0,0.0,0.0,0.0,0.0,-0.0,-0.0,-0.0,6.445913975451006e-21,3.222956987725503e-21,3.2229567857771112e-21,0.0,0.0,-0.0,0.0,0.0,0.0,0.0,0.0,0.0,0.0,0.0,0.0,4.0,0.0,0.0
12379020,297.26495361328125,297.1499938964844,293.1499938964844,0.0,-0.0,288.4031066894531,0.6629533767700195,0.1139444857835769,0.1043151766061782,297.3099670410156,297.1499938964844,293.1499938964844,0.0,-0.0,288.40301513671875,0.6664156913757324,0.1158192604780197,0.1115115657448768,297.298583984375,297.1499938964844,293.1499938964844,0.0,-0.0,288.40301513671875,0.6662989258766174,0.1157015264034271,0.0823206081986427,297.2499389648437,297.1499938964844,293.1499938964844,0.0,-0.0,288.4035339355469,0.6484475135803223,0.1064683198928833,0.1028863191604614,297.3587341308594,297.1499938964844,293.1499938964844,0.0,-0.0,288.4021301269531,0.7039582133293152,0.135376363992691,0.6174659729003906,288.4008178710937,286.3500061035156,288.2225341796875,287.34112548828125,288.2200927734375,297.361572265625,288.39263916015625,1.0,0.2652101218700409,1.0,1.0,0.0,1.0,-1.2223387956619265,1.2223374843597412,1.2832008451368893e-06,0.9271531701087952,0.0,0.0,0.0,48.82733917236328,49.0,-190.71961975097656,-0.0,205.6948699951172,1.0,283.1598205566406,287.84234619140625,290.39013671875,290.6860046386719,293.1499938964844,293.1499938964844,278.1499938964844,0.0,18000.0,313.1499938964844,0.0,18000.0,0.0,0.0,0.0,0.0,0.0,0.0,0.0,0.0,0.0,-0.0,-0.0,-0.0,6.445913975451006e-21,3.222956987725503e-21,3.2229567857771112e-21,0.0,0.0,-0.0,0.0,0.0,0.0,0.0,0.0,0.0,0.0,0.0,0.0,4.0,0.0,0.0
12379080,297.26495361328125,297.1499938964844,293.1499938964844,0.0,-0.0,288.4031066894531,0.6629533767700195,0.1139444857835769,0.1043151766061782,297.3099670410156,297.1499938964844,293.1499938964844,0.0,-0.0,288.40301513671875,0.6664156913757324,0.1158192604780197,0.1115115657448768,297.298583984375,297.1499938964844,293.1499938964844,0.0,-0.0,288.40301513671875,0.6662989258766174,0.1157015264034271,0.0823206081986427,297.2499389648437,297.1499938964844,293.1499938964844,0.0,-0.0,288.4035339355469,0.6484475135803223,0.1064683198928833,0.1028863191604614,297.3587341308594,297.1499938964844,293.1499938964844,0.0,-0.0,288.4021301269531,0.7039582133293152,0.135376363992691,0.6174659729003906,288.4008178710937,286.3500061035156,288.2225341796875,287.34112548828125,288.2200927734375,297.361572265625,288.39263916015625,1.0,0.2652101218700409,1.0,1.0,0.0,1.0,-1.2223387956619265,1.2223374843597412,1.2832008451368893e-06,0.9271531701087952,0.0,0.0,0.0,48.82733917236328,49.0,-190.71961975097656,-0.0,205.6948699951172,1.0,283.1598205566406,287.84234619140625,290.39013671875,290.6860046386719,293.1499938964844,293.1499938964844,278.1499938964844,0.0,18000.0,313.1499938964844,0.0,18000.0,0.0,0.0,0.0,0.0,0.0,0.0,0.0,0.0,0.0,-0.0,-0.0,-0.0,6.445913975451006e-21,3.222956987725503e-21,3.2229567857771112e-21,0.0,0.0,-0.0,0.0,0.0,0.0,0.0,0.0,0.0,0.0,0.0,0.0,4.0,0.0,0.0
12379140,297.2394714355469,297.1499938964844,293.1499938964844,0.0,-0.0,288.34747314453125,0.657039999961853,0.1128069534897804,0.1031426936388015,297.28277587890625,297.1499938964844,293.1499938964844,0.0,-0.0,288.347412109375,0.6612651348114014,0.1150769591331482,0.1106708496809005,297.2707214355469,297.1499938964844,293.1499938964844,0.0,-0.0,288.347412109375,0.6607289910316467,0.1147487685084343,0.0815483406186103,297.2220153808594,297.1499938964844,293.1499938964844,0.0,-0.0,288.34765625,0.6419171690940857,0.1048901081085205,0.1012323573231697,297.3207702636719,297.1499938964844,293.1499938964844,0.0,-0.0,288.3470764160156,0.6976733207702637,0.1341564357280731,0.6110306978225708,288.3465881347656,286.45001220703125,288.27593994140625,287.383056640625,288.2734680175781,297.3226928710937,288.3435974121094,1.0,0.2646462917327881,1.0,1.0,0.0,1.0,-1.2092822790145874,1.2092809677124023,1.2596576652867952e-06,0.9165356755256652,0.0,0.0,0.0,49.77508544921875,37.0,-85.0472640991211,-0.0,203.2587280273437,1.0,283.1598205566406,287.84234619140625,290.39013671875,290.6860046386719,293.1499938964844,293.1499938964844,278.1499938964844,0.0,18000.0,313.1499938964844,0.0,18000.0,0.0,0.0,0.0,0.0,0.0,0.0,0.0,0.0,0.0,-0.0,-0.0,-0.0,6.445913975451006e-21,3.222956987725503e-21,3.2229567857771112e-21,0.0,0.0,-0.0,0.0,0.0,0.0,0.0,0.0,0.0,0.0,0.0,0.0,4.0,0.0,0.0
12379200,297.2394714355469,297.1499938964844,293.1499938964844,0.0,-0.0,288.34747314453125,0.657039999961853,0.1128069534897804,0.1031426936388015,297.28277587890625,297.1499938964844,293.1499938964844,0.0,-0.0,288.347412109375,0.6612651348114014,0.1150769591331482,0.1106708496809005,297.2707214355469,297.1499938964844,293.1499938964844,0.0,-0.0,288.347412109375,0.6607289910316467,0.1147487685084343,0.0815483406186103,297.2220153808594,297.1499938964844,293.1499938964844,0.0,-0.0,288.34765625,0.6419171690940857,0.1048901081085205,0.1012323573231697,297.3207702636719,297.1499938964844,293.1499938964844,0.0,-0.0,288.3470764160156,0.6976733207702637,0.1341564357280731,0.6110306978225708,288.3465881347656,286.45001220703125,288.27593994140625,287.383056640625,288.2734680175781,297.3226928710937,288.3435974121094,1.0,0.2646462917327881,1.0,1.0,0.0,1.0,-1.2092822790145874,1.2092809677124023,1.2596576652867952e-06,0.9165356755256652,0.0,0.0,0.0,49.77508544921875,37.0,-85.0472640991211,-0.0,203.2587280273437,1.0,283.1598205566406,287.84234619140625,290.39013671875,290.6860046386719,293.1499938964844,293.1499938964844,278.1499938964844,0.0,18000.0,313.1499938964844,0.0,18000.0,0.0,0.0,0.0,0.0,0.0,0.0,0.0,0.0,0.0,-0.0,-0.0,-0.0,6.445913975451006e-21,3.222956987725503e-21,3.2229567857771112e-21,0.0,0.0,-0.0,0.0,0.0,0.0,0.0,0.0,0.0,0.0,0.0,0.0,4.0,0.0,0.0
12379260,297.2237243652344,297.1499938964844,293.1499938964844,0.0,-0.0,288.3339538574219,0.6641603708267212,0.1123353913426399,0.1024753898382186,297.2648620605469,297.1499938964844,293.1499938964844,0.0,-0.0,288.3339538574219,0.6692328453063965,0.1149361282587051,0.1102946996688842,297.25244140625,297.1499938964844,293.1499938964844,0.0,-0.0,288.3339538574219,0.6682851910591125,0.1144165769219398,0.0811339765787124,297.2041931152344,297.1499938964844,293.1499938964844,0.0,-0.0,288.3339538574219,0.6475503444671631,0.1039880439639091,0.1001195907592773,297.29510498046875,297.1499938964844,293.1499938964844,0.0,-0.0,288.3339538574219,0.7057282328605652,0.1337076872587204,0.6077093482017517,288.333984375,286.54998779296875,288.3291015625,287.4247436523437,288.3266296386719,297.2964172363281,288.3342590332031,1.0,0.259725958108902,1.0,1.0,0.0,1.0,-1.2022079229354858,1.2022067308425903,1.2469937473724713e-06,0.9107485413551332,0.0,0.0,0.0,46.820926666259766,25.0,-21.616687774658203,-0.0,194.8574981689453,1.0,283.1598205566406,287.84234619140625,290.39013671875,290.6860046386719,293.1499938964844,293.1499938964844,278.1499938964844,0.0,18000.0,313.1499938964844,0.0,18000.0,0.0,0.0,0.0,0.0,0.0,0.0,0.0,0.0,0.0,-0.0,-0.0,-0.0,6.445913975451006e-21,3.222956987725503e-21,3.2229567857771112e-21,0.0,0.0,-0.0,0.0,0.0,0.0,0.0,0.0,0.0,0.0,0.0,0.0,4.0,0.0,0.0
12379320,297.2237243652344,297.1499938964844,293.1499938964844,0.0,-0.0,288.3339538574219,0.6641603708267212,0.1123353913426399,0.1024753898382186,297.2648620605469,297.1499938964844,293.1499938964844,0.0,-0.0,288.3339538574219,0.6692328453063965,0.1149361282587051,0.1102946996688842,297.25244140625,297.1499938964844,293.1499938964844,0.0,-0.0,288.3339538574219,0.6682851910591125,0.1144165769219398,0.0811339765787124,297.2041931152344,297.1499938964844,293.1499938964844,0.0,-0.0,288.3339538574219,0.6475503444671631,0.1039880439639091,0.1001195907592773,297.29510498046875,297.1499938964844,293.1499938964844,0.0,-0.0,288.3339538574219,0.7057282328605652,0.1337076872587204,0.6077093482017517,288.333984375,286.54998779296875,288.3291015625,287.4247436523437,288.3266296386719,297.2964172363281,288.3342590332031,1.0,0.259725958108902,1.0,1.0,0.0,1.0,-1.2022079229354858,1.2022067308425903,1.2469937473724713e-06,0.9107485413551332,0.0,0.0,0.0,46.820926666259766,25.0,-21.616687774658203,-0.0,194.8574981689453,1.0,283.1598205566406,287.84234619140625,290.39013671875,290.6860046386719,293.1499938964844,293.1499938964844,278.1499938964844,0.0,18000.0,313.1499938964844,0.0,18000.0,0.0,0.0,0.0,0.0,0.0,0.0,0.0,0.0,0.0,-0.0,-0.0,-0.0,6.445913975451006e-21,3.222956987725503e-21,3.2229567857771112e-21,0.0,0.0,-0.0,0.0,0.0,0.0,0.0,0.0,0.0,0.0,0.0,0.0,4.0,0.0,0.0
12379380,297.2144470214844,297.1499938964844,293.1499938964844,0.0,-0.0,288.34637451171875,0.6830188632011414,0.112323559820652,0.1021640971302986,297.2532958984375,297.1499938964844,293.1499938964844,0.0,-0.0,288.3464050292969,0.6889986395835876,0.1152124628424644,0.1102485731244087,297.2406616210937,297.1499938964844,293.1499938964844,0.0,-0.0,288.3464050292969,0.6876209378242493,0.1145149618387222,0.0809731781482696,297.1932373046875,297.1499938964844,293.1499938964844,0.0,-0.0,288.34625244140625,0.6642376780509949,0.1035588309168815,0.0993936732411384,297.2775573730469,297.1499938964844,293.1499938964844,0.0,-0.0,288.3466186523437,0.7246121168136597,0.1337604820728302,0.6064112186431885,288.346923828125,286.6499938964844,288.3817749023437,287.46588134765625,288.3793334960937,297.2784729003906,288.3492126464844,1.0,0.2517075538635254,1.0,1.0,0.0,1.0,-1.19915509223938,1.1991537809371948,1.241522795680794e-06,0.9082119464874268,0.0,0.0,0.0,41.26959991455078,25.0,16.433605194091797,-0.0,182.534896850586,1.0,283.1598205566406,287.84234619140625,290.39013671875,290.6860046386719,293.1499938964844,293.1499938964844,278.1499938964844,0.0,18000.0,313.1499938964844,0.0,18000.0,0.0,0.0,0.0,0.0,0.0,0.0,0.0,0.0,0.0,-0.0,-0.0,-0.0,6.445913975451006e-21,3.222956987725503e-21,3.2229567857771112e-21,0.0,0.0,-0.0,0.0,0.0,0.0,0.0,0.0,0.0,0.0,0.0,0.0,4.0,0.0,0.0
12379440,297.2144470214844,297.1499938964844,293.1499938964844,0.0,-0.0,288.34637451171875,0.6830188632011414,0.112323559820652,0.1021640971302986,297.2532958984375,297.1499938964844,293.1499938964844,0.0,-0.0,288.3464050292969,0.6889986395835876,0.1152124628424644,0.1102485731244087,297.2406616210937,297.1499938964844,293.1499938964844,0.0,-0.0,288.3464050292969,0.6876209378242493,0.1145149618387222,0.0809731781482696,297.1932373046875,297.1499938964844,293.1499938964844,0.0,-0.0,288.34625244140625,0.6642376780509949,0.1035588309168815,0.0993936732411384,297.2775573730469,297.1499938964844,293.1499938964844,0.0,-0.0,288.3466186523437,0.7246121168136597,0.1337604820728302,0.6064112186431885,288.346923828125,286.6499938964844,288.3817749023437,287.46588134765625,288.3793334960937,297.2784729003906,288.3492126464844,1.0,0.2517075538635254,1.0,1.0,0.0,1.0,-1.19915509223938,1.1991537809371948,1.241522795680794e-06,0.9082119464874268,0.0,0.0,0.0,41.26959991455078,25.0,16.433605194091797,-0.0,182.534896850586,1.0,283.1598205566406,287.84234619140625,290.39013671875,290.6860046386719,293.1499938964844,293.1499938964844,278.1499938964844,0.0,18000.0,313.1499938964844,0.0,18000.0,0.0,0.0,0.0,0.0,0.0,0.0,0.0,0.0,0.0,-0.0,-0.0,-0.0,6.445913975451006e-21,3.222956987725503e-21,3.2229567857771112e-21,0.0,0.0,-0.0,0.0,0.0,0.0,0.0,0.0,0.0,0.0,0.0,0.0,4.0,0.0,0.0
12379500,297.21148681640625,297.1499938964844,293.1499938964844,0.0,-0.0,288.35894775390625,0.6928845643997192,0.1124414354562759,0.1021464094519615,297.2491760253906,297.1499938964844,293.1499938964844,0.0,-0.0,288.3589782714844,0.6992287039756775,0.1154634580016136,0.1103589013218879,297.23651123046875,297.1499938964844,293.1499938964844,0.0,-0.0,288.3589782714844,0.6976545453071594,0.1146813556551933,0.0809946507215499,297.1895751953125,297.1499938964844,293.1499938964844,0.0,-0.0,288.3587646484375,0.673189103603363,0.1034737005829811,0.0991809889674186,297.2709045410156,297.1499938964844,293.1499938964844,0.0,-0.0,288.3592529296875,0.7337359189987183,0.1339157372713089,0.6064853668212891,288.35968017578125,286.6499938964844,288.4078063964844,287.4861755371094,288.4053955078125,297.27166748046875,288.3626708984375,1.0,0.2486267536878585,1.0,1.0,0.0,1.0,-1.1991246938705444,1.1991233825683594,1.241435825249937e-06,0.9081467390060424,0.0,0.0,0.0,38.88657379150391,25.0,29.1953239440918,-0.0,177.66336059570312,1.0,283.1598205566406,287.84234619140625,290.39013671875,290.6860046386719,293.1499938964844,293.1499938964844,278.1499938964844,0.0,18000.0,313.1499938964844,0.0,18000.0,0.0,0.0,0.0,0.0,0.0,0.0,0.0,0.0,0.0,-0.0,-0.0,-0.0,6.445913975451006e-21,3.222956987725503e-21,3.2229567857771112e-21,0.0,0.0,-0.0,0.0,0.0,0.0,0.0,0.0,0.0,0.0,0.0,0.0,4.0,0.0,0.0
12379560,297.2093200683594,297.1499938964844,293.1499938964844,0.0,-0.0,288.37451171875,0.7021501660346985,0.112618088722229,0.1022033020853996,297.2458801269531,297.1499938964844,293.1499938964844,0.0,-0.0,288.37457275390625,0.7087912559509277,0.1157687976956367,0.1105426177382469,297.23321533203125,297.1499938964844,293.1499938964844,0.0,-0.0,288.3745422363281,0.7070388793945312,0.1149037331342697,0.0810718312859535,297.18682861328125,297.1499938964844,293.1499938964844,0.0,-0.0,288.3742980957031,0.6817208528518677,0.1034522950649261,0.099051184952259,297.2652893066406,297.1499938964844,293.1499938964844,0.0,-0.0,288.3748779296875,0.7423638105392456,0.1341303288936615,0.6069388389587402,288.3753967285156,286.75,288.4336242675781,287.5061950683594,288.4312438964844,297.26593017578125,288.37890625,1.0,0.2459779381752014,1.0,1.0,0.0,1.0,-1.1998940706253052,1.19989275932312,1.2427686897353851e-06,0.9087318778038024,0.0,0.0,0.0,36.887088775634766,25.0,38.98701477050781,-0.0,173.82154846191406,1.0,283.1598205566406,287.84234619140625,290.39013671875,290.6860046386719,293.1499938964844,293.1499938964844,278.1499938964844,0.0,18000.0,313.1499938964844,0.0,18000.0,0.0,0.0,0.0,0.0,0.0,0.0,0.0,0.0,0.0,-0.0,-0.0,-0.0,6.445913975451006e-21,3.222956987725503e-21,3.2229567857771112e-21,0.0,0.0,-0.0,0.0,0.0,0.0,0.0,0.0,0.0,0.0,0.0,0.0,4.0,0.0,0.0
12379620,297.2066955566406,297.1499938964844,293.1499938964844,0.0,-0.0,288.4118957519531,0.719049870967865,0.1131025105714798,0.1024756506085395,297.2411499023437,297.1499938964844,293.1499938964844,0.0,-0.0,288.4119873046875,0.7255576252937317,0.1164996847510337,0.1110659539699554,297.2284240722656,297.1499938964844,293.1499938964844,0.0,-0.0,288.4119567871094,0.7236616015434265,0.1154715791344642,0.0813438668847084,297.1832275390625,297.1499938964844,293.1499938964844,0.0,-0.0,288.41162109375,0.6981186866760254,0.1035537347197532,0.0989716574549675,297.2563781738281,297.1499938964844,293.1499938964844,0.0,-0.0,288.412353515625,0.7593119144439697,0.1346829682588577,0.6086189150810242,288.4129638671875,286.8500061035156,288.4844055175781,287.5454406738281,288.4820861816406,297.2568359375,288.41717529296875,1.0,0.2418126761913299,1.0,1.0,0.0,1.0,-1.2030960321426392,1.2030948400497437,1.248393346031662e-06,0.911249041557312,0.0,0.0,0.0,33.611534118652344,25.0,52.07966613769531,-0.0,168.10809326171875,1.0,283.1598205566406,287.84234619140625,290.39013671875,290.6860046386719,293.1499938964844,293.1499938964844,278.1499938964844,0.0,18000.0,313.1499938964844,0.0,18000.0,0.0,0.0,0.0,0.0,0.0,0.0,0.0,0.0,0.0,-0.0,-0.0,-0.0,6.445913975451006e-21,3.222956987725503e-21,3.2229567857771112e-21,0.0,0.0,-0.0,0.0,0.0,0.0,0.0,0.0,0.0,0.0,0.0,0.0,4.0,0.0,0.0
12379680,297.2066955566406,297.1499938964844,293.1499938964844,0.0,-0.0,288.4118957519531,0.719049870967865,0.1131025105714798,0.1024756506085395,297.2411499023437,297.1499938964844,293.1499938964844,0.0,-0.0,288.4119873046875,0.7255576252937317,0.1164996847510337,0.1110659539699554,297.2284240722656,297.1499938964844,293.1499938964844,0.0,-0.0,288.4119567871094,0.7236616015434265,0.1154715791344642,0.0813438668847084,297.1832275390625,297.1499938964844,293.1499938964844,0.0,-0.0,288.41162109375,0.6981186866760254,0.1035537347197532,0.0989716574549675,297.2563781738281,297.1499938964844,293.1499938964844,0.0,-0.0,288.412353515625,0.7593119144439697,0.1346829682588577,0.6086189150810242,288.4129638671875,286.8500061035156,288.4844055175781,287.5454406738281,288.4820861816406,297.2568359375,288.41717529296875,1.0,0.2418126761913299,1.0,1.0,0.0,1.0,-1.2030960321426392,1.2030948400497437,1.248393346031662e-06,0.911249041557312,0.0,0.0,0.0,33.611534118652344,25.0,52.07966613769531,-0.0,168.10809326171875,1.0,283.1598205566406,287.84234619140625,290.39013671875,290.6860046386719,293.1499938964844,293.1499938964844,278.1499938964844,0.0,18000.0,313.1499938964844,0.0,18000.0,0.0,0.0,0.0,0.0,0.0,0.0,0.0,0.0,0.0,-0.0,-0.0,-0.0,6.445913975451006e-21,3.222956987725503e-21,3.2229567857771112e-21,0.0,0.0,-0.0,0.0,0.0,0.0,0.0,0.0,0.0,0.0,0.0,0.0,4.0,0.0,0.0
12379740,297.2056579589844,297.1499938964844,293.1499938964844,0.0,-0.0,288.4544677734375,0.7333921790122986,0.1137120500206947,0.1029010266065597,297.2380676269531,297.1499938964844,293.1499938964844,0.0,-0.0,288.4545593261719,0.7404075264930725,0.1173421144485473,0.111737385392189,297.2253723144531,297.1499938964844,293.1499938964844,0.0,-0.0,288.4545288085937,0.7381590604782104,0.1161528304219245,0.0817269757390022,297.18145751953125,297.1499938964844,293.1499938964844,0.0,-0.0,288.45416259765625,0.7130102515220642,0.1037936806678772,0.0990671962499618,297.2495422363281,297.1499938964844,293.1499938964844,0.0,-0.0,288.4549560546875,0.7755579352378845,0.1353377550840377,0.6109767556190491,288.45562744140625,286.95001220703125,288.5337829589844,287.58331298828125,288.53155517578125,297.2499084472656,288.4601745605469,1.0,0.2388615757226944,1.0,1.0,0.0,1.0,-1.2078168392181396,1.207815647125244,1.2567473959279596e-06,0.9149972796440125,0.0,0.0,0.0,31.10481643676757,25.0,59.26279830932617,-0.0,164.40008544921875,1.0,283.1598205566406,287.84234619140625,290.39013671875,290.6860046386719,293.1499938964844,293.1499938964844,278.1499938964844,0.0,18000.0,313.1499938964844,0.0,18000.0,0.0,0.0,0.0,0.0,0.0,0.0,0.0,0.0,0.0,-0.0,-0.0,-0.0,6.445913975451006e-21,3.222956987725503e-21,3.2229567857771112e-21,0.0,0.0,-0.0,0.0,0.0,0.0,0.0,0.0,0.0,0.0,0.0,0.0,4.0,0.0,0.0
12379800,297.2056579589844,297.1499938964844,293.1499938964844,0.0,-0.0,288.4544677734375,0.7333921790122986,0.1137120500206947,0.1029010266065597,297.2380676269531,297.1499938964844,293.1499938964844,0.0,-0.0,288.4545593261719,0.7404075264930725,0.1173421144485473,0.111737385392189,297.2253723144531,297.1499938964844,293.1499938964844,0.0,-0.0,288.4545288085937,0.7381590604782104,0.1161528304219245,0.0817269757390022,297.18145751953125,297.1499938964844,293.1499938964844,0.0,-0.0,288.45416259765625,0.7130102515220642,0.1037936806678772,0.0990671962499618,297.2495422363281,297.1499938964844,293.1499938964844,0.0,-0.0,288.4549560546875,0.7755579352378845,0.1353377550840377,0.6109767556190491,288.45562744140625,286.95001220703125,288.5337829589844,287.58331298828125,288.53155517578125,297.2499084472656,288.4601745605469,1.0,0.2388615757226944,1.0,1.0,0.0,1.0,-1.2078168392181396,1.207815647125244,1.2567473959279596e-06,0.9149972796440125,0.0,0.0,0.0,31.10481643676757,25.0,59.26279830932617,-0.0,164.40008544921875,1.0,283.1598205566406,287.84234619140625,290.39013671875,290.6860046386719,293.1499938964844,293.1499938964844,278.1499938964844,0.0,18000.0,313.1499938964844,0.0,18000.0,0.0,0.0,0.0,0.0,0.0,0.0,0.0,0.0,0.0,-0.0,-0.0,-0.0,6.445913975451006e-21,3.222956987725503e-21,3.2229567857771112e-21,0.0,0.0,-0.0,0.0,0.0,0.0,0.0,0.0,0.0,0.0,0.0,0.0,4.0,0.0,0.0
12379860,297.2055358886719,297.1499938964844,293.1499938964844,0.0,-0.0,288.4958801269531,0.7455102205276489,0.1143494397401809,0.1033871471881866,297.2362365722656,297.1499938964844,293.1499938964844,0.0,-0.0,288.4959716796875,0.753246009349823,0.1181826964020729,0.1124441847205162,297.2235107421875,297.1499938964844,293.1499938964844,0.0,-0.0,288.4959411621094,0.7505913972854614,0.1168446540832519,0.0821452885866165,297.18084716796875,297.1499938964844,293.1499938964844,0.0,-0.0,288.4955444335937,0.7244290113449097,0.1040985211730003,0.0992630422115325,297.2444763183594,297.1499938964844,293.1499938964844,0.0,-0.0,288.49639892578125,0.7894368171691895,0.1359869241714477,0.6134953498840332,288.4970703125,286.95001220703125,288.5777893066406,287.6166687011719,288.5756225585937,297.24481201171875,288.501708984375,1.0,0.2369744032621383,1.0,1.0,0.0,1.0,-1.2130087614059448,1.2130074501037598,1.2659908179557533e-06,0.9191352128982544,0.0,0.0,0.0,29.320846557617188,25.0,62.53065872192383,-0.0,162.2941131591797,1.0,283.1598205566406,287.84234619140625,290.39013671875,290.6860046386719,293.1499938964844,293.1499938964844,278.1499938964844,0.0,18000.0,313.1499938964844,0.0,18000.0,0.0,0.0,0.0,0.0,0.0,0.0,0.0,0.0,0.0,-0.0,-0.0,-0.0,6.445913975451006e-21,3.222956987725503e-21,3.2229567857771112e-21,0.0,0.0,-0.0,0.0,0.0,0.0,0.0,0.0,0.0,0.0,0.0,0.0,4.0,0.0,0.0
12379920,297.20556640625,297.1499938964844,293.1499938964844,0.0,-0.0,288.49951171875,0.7465288043022156,0.1144075691699981,0.1034327670931816,297.2361145019531,297.1499938964844,293.1499938964844,0.0,-0.0,288.4996337890625,0.7543298006057739,0.1182579547166824,0.1125086918473243,297.223388671875,297.1499938964844,293.1499938964844,0.0,-0.0,288.49957275390625,0.7516384124755859,0.116906963288784,0.0821838900446891,297.18084716796875,297.1499938964844,293.1499938964844,0.0,-0.0,288.49920654296875,0.7253454327583313,0.1041279509663581,0.0992838367819786,297.2440795898437,297.1499938964844,293.1499938964844,0.0,-0.0,288.5000305175781,0.790586531162262,0.1360445022583007,0.6137242913246155,288.500732421875,287.04998779296875,288.5815124511719,287.6195068359375,288.5793762207031,297.244384765625,288.50537109375,1.0,0.2368409186601638,1.0,1.0,0.0,1.0,-1.213487148284912,1.213485836982727,1.2668451745412312e-06,0.9195169806480408,0.0,0.0,0.0,29.185073852539062,25.0,62.705848693847656,-0.0,162.1580810546875,1.0,283.1598205566406,287.84234619140625,290.39013671875,290.6860046386719,293.1499938964844,293.1499938964844,278.1499938964844,0.0,18000.0,313.1499938964844,0.0,18000.0,0.0,0.0,0.0,0.0,0.0,0.0,0.0,0.0,0.0,-0.0,-0.0,-0.0,6.445913975451006e-21,3.222956987725503e-21,3.2229567857771112e-21,0.0,0.0,-0.0,0.0,0.0,0.0,0.0,0.0,0.0,0.0,0.0,0.0,4.0,0.0,0.0
12379980,297.20611572265625,297.1499938964844,293.1499938964844,0.0,-0.0,288.5453186035156,0.7587378621101379,0.1151659488677978,0.1040418967604637,297.23486328125,297.1499938964844,293.1499938964844,0.0,-0.0,288.5454406738281,0.7673271298408508,0.119221992790699,0.1133483797311782,297.2221374511719,297.1499938964844,293.1499938964844,0.0,-0.0,288.5453796386719,0.7641753554344177,0.1177095919847488,0.0826911851763725,297.1809387207031,297.1499938964844,293.1499938964844,0.0,-0.0,288.54498291015625,0.7360488772392273,0.1045295447111129,0.099587045609951,297.239501953125,297.1499938964844,293.1499938964844,0.0,-0.0,288.5458374023437,0.8040461540222168,0.1367720365524292,0.6166782975196838,288.5465087890625,287.1499938964844,288.6272888183594,287.6537780761719,288.625244140625,297.2397766113281,288.5511474609375,1.0,0.2355310767889022,1.0,1.0,0.0,1.0,-1.2197445631027222,1.2197433710098269,1.278060267395631e-06,0.9245159029960632,0.0,0.0,0.0,27.71455764770508,25.0,63.72520446777344,-0.0,161.00131225585938,1.0,283.1598205566406,287.84234619140625,290.39013671875,290.6860046386719,293.1499938964844,293.1499938964844,278.1499938964844,0.0,18000.0,313.1499938964844,0.0,18000.0,0.0,0.0,0.0,0.0,0.0,0.0,0.0,0.0,0.0,-0.0,-0.0,-0.0,6.445913975451006e-21,3.222956987725503e-21,3.2229567857771112e-21,0.0,0.0,-0.0,0.0,0.0,0.0,0.0,0.0,0.0,0.0,0.0,0.0,4.0,0.0,0.0
12380040,297.20611572265625,297.1499938964844,293.1499938964844,0.0,-0.0,288.5453186035156,0.7587378621101379,0.1151659488677978,0.1040418967604637,297.23486328125,297.1499938964844,293.1499938964844,0.0,-0.0,288.5454406738281,0.7673271298408508,0.119221992790699,0.1133483797311782,297.2221374511719,297.1499938964844,293.1499938964844,0.0,-0.0,288.5453796386719,0.7641753554344177,0.1177095919847488,0.0826911851763725,297.1809387207031,297.1499938964844,293.1499938964844,0.0,-0.0,288.54498291015625,0.7360488772392273,0.1045295447111129,0.099587045609951,297.239501953125,297.1499938964844,293.1499938964844,0.0,-0.0,288.5458374023437,0.8040461540222168,0.1367720365524292,0.6166782975196838,288.5465087890625,287.1499938964844,288.6272888183594,287.6537780761719,288.625244140625,297.2397766113281,288.5511474609375,1.0,0.2355310767889022,1.0,1.0,0.0,1.0,-1.2197445631027222,1.2197433710098269,1.278060267395631e-06,0.9245159029960632,0.0,0.0,0.0,27.71455764770508,25.0,63.72520446777344,-0.0,161.00131225585938,1.0,283.1598205566406,287.84234619140625,290.39013671875,290.6860046386719,293.1499938964844,293.1499938964844,278.1499938964844,0.0,18000.0,313.1499938964844,0.0,18000.0,0.0,0.0,0.0,0.0,0.0,0.0,0.0,0.0,0.0,-0.0,-0.0,-0.0,6.445913975451006e-21,3.222956987725503e-21,3.2229567857771112e-21,0.0,0.0,-0.0,0.0,0.0,0.0,0.0,0.0,0.0,0.0,0.0,0.0,4.0,0.0,0.0
12380100,297.20654296875,297.1499938964844,293.1499938964844,0.0,-0.0,288.568115234375,0.7644636631011963,0.1155642569065094,0.1043697893619537,297.23443603515625,297.1499938964844,293.1499938964844,0.0,-0.0,288.5682373046875,0.7734101414680481,0.1197168156504631,0.1137870103120803,297.2217102050781,297.1499938964844,293.1499938964844,0.0,-0.0,288.5682067871094,0.770034670829773,0.1181243658065795,0.0829590633511543,297.18121337890625,297.1499938964844,293.1499938964844,0.0,-0.0,288.5677795410156,0.7409645318984985,0.104750357568264,0.0997642576694488,297.2374572753906,297.1499938964844,293.1499938964844,0.0,-0.0,288.5686340332031,0.8100466132164001,0.137137308716774,0.6181949377059937,288.5693054199219,287.1499938964844,288.6493530273437,287.67010498046875,288.6473693847656,297.2377014160156,288.57391357421875,1.0,0.23509082198143,1.0,1.0,0.0,1.0,-1.2230193614959717,1.2230180501937866,1.2839585679103038e-06,0.9271353483200072,0.0,0.0,0.0,27.115642547607425,25.0,63.58337020874024,-0.0,160.74508666992188,1.0,283.1598205566406,287.84234619140625,290.39013671875,290.6860046386719,293.1499938964844,293.1499938964844,278.1499938964844,0.0,18000.0,313.1499938964844,0.0,18000.0,0.0,0.0,0.0,0.0,0.0,0.0,0.0,0.0,0.0,-0.0,-0.0,-0.0,6.445913975451006e-21,3.222956987725503e-21,3.2229567857771112e-21,0.0,0.0,-0.0,0.0,0.0,0.0,0.0,0.0,0.0,0.0,0.0,0.0,4.0,0.0,0.0
12380160,297.2070617675781,297.1499938964844,293.1499938964844,0.0,-0.0,288.5906982421875,0.7699244618415833,0.1159734204411506,0.1047107949852943,297.2341003417969,297.1499938964844,293.1499938964844,0.0,-0.0,288.5908203125,0.7791962027549744,0.1202180087566375,0.1142352968454361,297.22137451171875,297.1499938964844,293.1499938964844,0.0,-0.0,288.5907897949219,0.7756046652793884,0.1185461431741714,0.083234466612339,297.1815490722656,297.1499938964844,293.1499938964844,0.0,-0.0,288.5903625488281,0.7456283569335938,0.1049823090434074,0.0999556630849838,297.23553466796875,297.1499938964844,293.1499938964844,0.0,-0.0,288.5912170410156,0.815436065196991,0.1375010758638382,0.6197226047515869,288.5918884277344,287.25,288.6708374023437,287.68585205078125,288.6689147949219,297.2357482910156,288.5964050292969,1.0,0.2347686737775802,1.0,1.0,0.0,1.0,-1.22636079788208,1.226359486579895,1.2899971579827252e-06,0.929810106754303,0.0,0.0,0.0,26.592266082763672,25.0,63.107181549072266,-0.0,160.66445922851562,1.0,283.1598205566406,287.84234619140625,290.39013671875,290.6860046386719,293.1499938964844,293.1499938964844,278.1499938964844,0.0,18000.0,313.1499938964844,0.0,18000.0,0.0,0.0,0.0,0.0,0.0,0.0,0.0,0.0,0.0,-0.0,-0.0,-0.0,6.445913975451006e-21,3.222956987725503e-21,3.2229567857771112e-21,0.0,0.0,-0.0,0.0,0.0,0.0,0.0,0.0,0.0,0.0,0.0,0.0,4.0,0.0,0.0
12380220,297.2082824707031,297.1499938964844,293.1499938964844,0.0,-0.0,288.63482666015625,0.7800296545028687,0.1168202385306358,0.1054267212748527,297.2336120605469,297.1499938964844,293.1499938964844,0.0,-0.0,288.63494873046875,0.7898509502410889,0.1212347671389579,0.1151545047760009,297.220947265625,297.1499938964844,293.1499938964844,0.0,-0.0,288.6348876953125,0.7858551740646362,0.1194066554307937,0.0838036090135574,297.1824645996094,297.1499938964844,293.1499938964844,0.0,-0.0,288.634521484375,0.754243791103363,0.1054751500487327,0.1003747433423996,297.23193359375,297.1499938964844,293.1499938964844,0.0,-0.0,288.63531494140625,0.8248603343963623,0.1382187902927398,0.6227775812149048,288.6359558105469,287.3500061035156,288.7118225097656,287.7154235839844,288.71002197265625,297.23211669921875,288.6402893066406,1.0,0.2344189435243606,1.0,1.0,0.0,1.0,-1.2331767082214355,1.2331753969192505,1.3023782230447978e-06,0.935271978378296,0.0,0.0,0.0,25.73566627502441,25.0,61.350921630859375,-0.0,160.93878173828125,1.0,283.1598205566406,287.84234619140625,290.39013671875,290.6860046386719,293.1499938964844,293.1499938964844,278.1499938964844,0.0,18000.0,313.1499938964844,0.0,18000.0,0.0,0.0,0.0,0.0,0.0,0.0,0.0,0.0,0.0,-0.0,-0.0,-0.0,6.445913975451006e-21,3.222956987725503e-21,3.2229567857771112e-21,0.0,0.0,-0.0,0.0,0.0,0.0,0.0,0.0,0.0,0.0,0.0,0.0,4.0,0.0,0.0
12380280,297.2082824707031,297.1499938964844,293.1499938964844,0.0,-0.0,288.63482666015625,0.7800296545028687,0.1168202385306358,0.1054267212748527,297.2336120605469,297.1499938964844,293.1499938964844,0.0,-0.0,288.63494873046875,0.7898509502410889,0.1212347671389579,0.1151545047760009,297.220947265625,297.1499938964844,293.1499938964844,0.0,-0.0,288.6348876953125,0.7858551740646362,0.1194066554307937,0.0838036090135574,297.1824645996094,297.1499938964844,293.1499938964844,0.0,-0.0,288.634521484375,0.754243791103363,0.1054751500487327,0.1003747433423996,297.23193359375,297.1499938964844,293.1499938964844,0.0,-0.0,288.63531494140625,0.8248603343963623,0.1382187902927398,0.6227775812149048,288.6359558105469,287.3500061035156,288.7118225097656,287.7154235839844,288.71002197265625,297.23211669921875,288.6402893066406,1.0,0.2344189435243606,1.0,1.0,0.0,1.0,-1.2331767082214355,1.2331753969192505,1.3023782230447978e-06,0.935271978378296,0.0,0.0,0.0,25.73566627502441,25.0,61.350921630859375,-0.0,160.93878173828125,1.0,283.1598205566406,287.84234619140625,290.39013671875,290.6860046386719,293.1499938964844,293.1499938964844,278.1499938964844,0.0,18000.0,313.1499938964844,0.0,18000.0,0.0,0.0,0.0,0.0,0.0,0.0,0.0,0.0,0.0,-0.0,-0.0,-0.0,6.445913975451006e-21,3.222956987725503e-21,3.2229567857771112e-21,0.0,0.0,-0.0,0.0,0.0,0.0,0.0,0.0,0.0,0.0,0.0,0.0,4.0,0.0,0.0
12380340,297.2096862792969,297.1499938964844,293.1499938964844,0.0,-0.0,288.6770935058594,0.7890361547470093,0.1176999360322952,0.1061812415719032,297.2333068847656,297.1499938964844,293.1499938964844,0.0,-0.0,288.6771850585937,0.7992767095565796,0.1222638934850692,0.1160953789949417,297.22076416015625,297.1499938964844,293.1499938964844,0.0,-0.0,288.6771545410156,0.7949180006980896,0.1202848702669143,0.0843920707702636,297.1836242675781,297.1499938964844,293.1499938964844,0.0,-0.0,288.6767578125,0.7619375586509705,0.1060015633702278,0.1008350774645805,297.22857666015625,297.1499938964844,293.1499938964844,0.0,-0.0,288.6775207519531,0.8329133987426758,0.1389173418283462,0.6257928013801575,288.6781311035156,287.45001220703125,288.75,287.7422180175781,288.74835205078125,297.228759765625,288.6822204589844,1.0,0.2343844920396804,1.0,1.0,0.0,1.0,-1.2400898933410645,1.2400885820388794,1.3150231552572222e-06,0.9408197402954102,0.0,0.0,0.0,25.085487365722656,25.0,58.74528121948242,-0.0,161.67813110351562,1.0,283.1598205566406,287.84234619140625,290.39013671875,290.6860046386719,293.1499938964844,293.1499938964844,278.1499938964844,0.0,18000.0,313.1499938964844,0.0,18000.0,0.0,0.0,0.0,0.0,0.0,0.0,0.0,0.0,0.0,-0.0,-0.0,-0.0,6.445913975451006e-21,3.222956987725503e-21,3.2229567857771112e-21,0.0,0.0,-0.0,0.0,0.0,0.0,0.0,0.0,0.0,0.0,0.0,0.0,4.0,0.0,0.0
12380400,297.2096862792969,297.1499938964844,293.1499938964844,0.0,-0.0,288.6770935058594,0.7890361547470093,0.1176999360322952,0.1061812415719032,297.2333068847656,297.1499938964844,293.1499938964844,0.0,-0.0,288.6771850585937,0.7992767095565796,0.1222638934850692,0.1160953789949417,297.22076416015625,297.1499938964844,293.1499938964844,0.0,-0.0,288.6771545410156,0.7949180006980896,0.1202848702669143,0.0843920707702636,297.1836242675781,297.1499938964844,293.1499938964844,0.0,-0.0,288.6767578125,0.7619375586509705,0.1060015633702278,0.1008350774645805,297.22857666015625,297.1499938964844,293.1499938964844,0.0,-0.0,288.6775207519531,0.8329133987426758,0.1389173418283462,0.6257928013801575,288.6781311035156,287.45001220703125,288.75,287.7422180175781,288.74835205078125,297.228759765625,288.6822204589844,1.0,0.2343844920396804,1.0,1.0,0.0,1.0,-1.2400898933410645,1.2400885820388794,1.3150231552572222e-06,0.9408197402954102,0.0,0.0,0.0,25.085487365722656,25.0,58.74528121948242,-0.0,161.67813110351562,1.0,283.1598205566406,287.84234619140625,290.39013671875,290.6860046386719,293.1499938964844,293.1499938964844,278.1499938964844,0.0,18000.0,313.1499938964844,0.0,18000.0,0.0,0.0,0.0,0.0,0.0,0.0,0.0,0.0,0.0,-0.0,-0.0,-0.0,6.445913975451006e-21,3.222956987725503e-21,3.2229567857771112e-21,0.0,0.0,-0.0,0.0,0.0,0.0,0.0,0.0,0.0,0.0,0.0,0.0,4.0,0.0,0.0
12380460,297.2112121582031,297.1499938964844,293.1499938964844,0.0,-0.0,288.7171936035156,0.7970144748687744,0.1186102554202079,0.1069691255688667,297.2331237792969,297.1499938964844,293.1499938964844,0.0,-0.0,288.7173156738281,0.8075388669967651,0.1233003064990043,0.1170503124594688,297.220703125,297.1499938964844,293.1499938964844,0.0,-0.0,288.7172546386719,0.8028761148452759,0.1211773231625557,0.0849955677986145,297.18487548828125,297.1499938964844,293.1499938964844,0.0,-0.0,288.7168884277344,0.7687682509422302,0.1065545976161956,0.1013287007808685,297.22540283203125,297.1499938964844,293.1499938964844,0.0,-0.0,288.7176208496094,0.8398803472518921,0.1395914256572723,0.6287330985069275,288.7182006835937,287.54998779296875,288.7866516113281,287.7675476074219,288.7850341796875,297.22564697265625,288.7221069335937,1.0,0.2345875799655914,1.0,1.0,0.0,1.0,-1.2470282316207886,1.2470269203186035,1.3277988273330266e-06,0.946391463279724,0.0,0.0,0.0,24.59445571899414,25.0,56.03179550170898,-0.0,162.7678680419922,1.0,283.1598205566406,287.84234619140625,290.39013671875,290.6860046386719,293.1499938964844,293.1499938964844,278.1499938964844,0.0,18000.0,313.1499938964844,0.0,18000.0,0.0,0.0,0.0,0.0,0.0,0.0,0.0,0.0,0.0,-0.0,-0.0,-0.0,6.445913975451006e-21,3.222956987725503e-21,3.2229567857771112e-21,0.0,0.0,-0.0,0.0,0.0,0.0,0.0,0.0,0.0,0.0,0.0,0.0,4.0,0.0,0.0
12380520,297.2112121582031,297.1499938964844,293.1499938964844,0.0,-0.0,288.7171936035156,0.7970144748687744,0.1186102554202079,0.1069691255688667,297.2331237792969,297.1499938964844,293.1499938964844,0.0,-0.0,288.7173156738281,0.8075388669967651,0.1233003064990043,0.1170503124594688,297.220703125,297.1499938964844,293.1499938964844,0.0,-0.0,288.7172546386719,0.8028761148452759,0.1211773231625557,0.0849955677986145,297.18487548828125,297.1499938964844,293.1499938964844,0.0,-0.0,288.7168884277344,0.7687682509422302,0.1065545976161956,0.1013287007808685,297.22540283203125,297.1499938964844,293.1499938964844,0.0,-0.0,288.7176208496094,0.8398803472518921,0.1395914256572723,0.6287330985069275,288.7182006835937,287.54998779296875,288.7866516113281,287.7675476074219,288.7850341796875,297.22564697265625,288.7221069335937,1.0,0.2345875799655914,1.0,1.0,0.0,1.0,-1.2470282316207886,1.2470269203186035,1.3277988273330266e-06,0.946391463279724,0.0,0.0,0.0,24.59445571899414,25.0,56.03179550170898,-0.0,162.7678680419922,1.0,283.1598205566406,287.84234619140625,290.39013671875,290.6860046386719,293.1499938964844,293.1499938964844,278.1499938964844,0.0,18000.0,313.1499938964844,0.0,18000.0,0.0,0.0,0.0,0.0,0.0,0.0,0.0,0.0,0.0,-0.0,-0.0,-0.0,6.445913975451006e-21,3.222956987725503e-21,3.2229567857771112e-21,0.0,0.0,-0.0,0.0,0.0,0.0,0.0,0.0,0.0,0.0,0.0,0.0,4.0,0.0,0.0
12380580,297.2128295898437,297.1499938964844,293.1499938964844,0.0,-0.0,288.7560729980469,0.8040838837623596,0.1195504963397979,0.1077890768647193,297.2330322265625,297.1499938964844,293.1499938964844,0.0,-0.0,288.75616455078125,0.8145266771316528,0.1243421584367752,0.1180154234170913,297.2207946777344,297.1499938964844,293.1499938964844,0.0,-0.0,288.7561340332031,0.8097836971282959,0.1220818758010864,0.0856113657355308,297.1861572265625,297.1499938964844,293.1499938964844,0.0,-0.0,288.7557678222656,0.7748127579689026,0.1071279272437095,0.1018475517630577,297.2223815917969,297.1499938964844,293.1499938964844,0.0,-0.0,288.7564697265625,0.8459299802780151,0.1402389109134674,0.6315781474113464,288.7570495605469,287.6499938964844,288.8233337402344,287.7928466796875,288.8217163085937,297.2232360839844,288.7608337402344,1.0,0.2349692434072494,1.0,1.0,0.0,1.0,-1.2539480924606323,1.2539466619491575,1.3406220205069983e-06,0.9519480466842652,0.0,0.0,0.0,24.22613906860352,25.0,54.25692367553711,-0.0,164.12265014648438,1.0,283.1598205566406,287.84234619140625,290.39013671875,290.6860046386719,293.1499938964844,293.1499938964844,278.1499938964844,0.0,18000.0,313.1499938964844,0.0,18000.0,0.0,0.0,0.0,0.0,0.0,0.0,0.0,0.0,0.0,-0.0,-0.0,-0.0,6.445913975451006e-21,3.222956987725503e-21,3.2229567857771112e-21,0.0,0.0,-0.0,0.0,0.0,0.0,0.0,0.0,0.0,0.0,0.0,0.0,4.0,0.0,0.0
12380640,297.2128295898437,297.1499938964844,293.1499938964844,0.0,-0.0,288.7560729980469,0.8040838837623596,0.1195504963397979,0.1077890768647193,297.2330322265625,297.1499938964844,293.1499938964844,0.0,-0.0,288.75616455078125,0.8145266771316528,0.1243421584367752,0.1180154234170913,297.2207946777344,297.1499938964844,293.1499938964844,0.0,-0.0,288.7561340332031,0.8097836971282959,0.1220818758010864,0.0856113657355308,297.1861572265625,297.1499938964844,293.1499938964844,0.0,-0.0,288.7557678222656,0.7748127579689026,0.1071279272437095,0.1018475517630577,297.2223815917969,297.1499938964844,293.1499938964844,0.0,-0.0,288.7564697265625,0.8459299802780151,0.1402389109134674,0.6315781474113464,288.7570495605469,287.6499938964844,288.8233337402344,287.7928466796875,288.8217163085937,297.2232360839844,288.7608337402344,1.0,0.2349692434072494,1.0,1.0,0.0,1.0,-1.2539480924606323,1.2539466619491575,1.3406220205069983e-06,0.9519480466842652,0.0,0.0,0.0,24.22613906860352,25.0,54.25692367553711,-0.0,164.12265014648438,1.0,283.1598205566406,287.84234619140625,290.39013671875,290.6860046386719,293.1499938964844,293.1499938964844,278.1499938964844,0.0,18000.0,313.1499938964844,0.0,18000.0,0.0,0.0,0.0,0.0,0.0,0.0,0.0,0.0,0.0,-0.0,-0.0,-0.0,6.445913975451006e-21,3.222956987725503e-21,3.2229567857771112e-21,0.0,0.0,-0.0,0.0,0.0,0.0,0.0,0.0,0.0,0.0,0.0,0.0,4.0,0.0,0.0
12380700,297.21368408203125,297.1499938964844,293.1499938964844,0.0,-0.0,288.7752380371094,0.8073071241378784,0.1200309172272682,0.1082098558545112,297.2330017089844,297.1499938964844,293.1499938964844,0.0,-0.0,288.7753295898437,0.817631185054779,0.1248652338981628,0.1185013800859451,297.22088623046875,297.1499938964844,293.1499938964844,0.0,-0.0,288.7752685546875,0.8128269910812378,0.1225386559963226,0.0859234482049942,297.18682861328125,297.1499938964844,293.1499938964844,0.0,-0.0,288.7749328613281,0.7775740623474121,0.1074220538139343,0.1021153256297111,297.2209167480469,297.1499938964844,293.1499938964844,0.0,-0.0,288.7756042480469,0.8486554026603699,0.1405528038740158,0.6329629421234131,288.77618408203125,287.6499938964844,288.8416748046875,287.80548095703125,288.8400573730469,297.22216796875,288.7799377441406,1.0,0.2352126240730285,1.0,1.0,0.0,1.0,-1.257394790649414,1.2573933601379397,1.3470398698700592e-06,0.9547157883644104,0.0,0.0,0.0,24.078754425048828,25.0,53.64118194580078,-0.0,164.87905883789062,1.0,283.1598205566406,287.84234619140625,290.39013671875,290.6860046386719,293.1499938964844,293.1499938964844,278.1499938964844,0.0,18000.0,313.1499938964844,0.0,18000.0,0.0,0.0,0.0,0.0,0.0,0.0,0.0,0.0,0.0,-0.0,-0.0,-0.0,6.445913975451006e-21,3.222956987725503e-21,3.2229567857771112e-21,0.0,0.0,-0.0,0.0,0.0,0.0,0.0,0.0,0.0,0.0,0.0,0.0,4.0,0.0,0.0
12380760,297.21453857421875,297.1499938964844,293.1499938964844,0.0,-0.0,288.79425048828125,0.8102961778640747,0.1205180436372757,0.1086374372243881,297.2330017089844,297.1499938964844,293.1499938964844,0.0,-0.0,288.7943420410156,0.8205386996269226,0.1253899335861206,0.1189895942807197,297.22100830078125,297.1499938964844,293.1499938964844,0.0,-0.0,288.7942810058594,0.8156561851501465,0.1229985356330871,0.0862382650375366,297.1875305175781,297.1499938964844,293.1499938964844,0.0,-0.0,288.7939147949219,0.7801882028579712,0.1077229902148246,0.1023893430829048,297.2194519042969,297.1499938964844,293.1499938964844,0.0,-0.0,288.79461669921875,0.8512080907821655,0.140860378742218,0.6343227028846741,288.795166015625,287.75,288.8599853515625,287.8180847167969,288.8583679199219,297.22088623046875,288.79888916015625,1.0,0.2354845404624939,1.0,1.0,0.0,1.0,-1.2608331441879272,1.2608317136764526,1.3534624940803042e-06,0.9574769735336304,0.0,0.0,0.0,23.951400756835938,25.0,53.15682601928711,-0.0,165.67921447753906,1.0,283.1598205566406,287.84234619140625,290.39013671875,290.6860046386719,293.1499938964844,293.1499938964844,278.1499938964844,0.0,18000.0,313.1499938964844,0.0,18000.0,0.0,0.0,0.0,0.0,0.0,0.0,0.0,0.0,0.0,-0.0,-0.0,-0.0,6.445913975451006e-21,3.222956987725503e-21,3.2229567857771112e-21,0.0,0.0,-0.0,0.0,0.0,0.0,0.0,0.0,0.0,0.0,0.0,0.0,4.0,0.0,0.0
12380820,297.2162780761719,297.1499938964844,293.1499938964844,0.0,-0.0,288.8319396972656,0.815727710723877,0.1215124130249023,0.1095124185085296,297.2330322265625,297.1499938964844,293.1499938964844,0.0,-0.0,288.8320617675781,0.8258995413780212,0.1264448016881942,0.1199728623032569,297.2212829589844,297.1499938964844,293.1499938964844,0.0,-0.0,288.8320007324219,0.8208235502243042,0.1239269152283668,0.0868754833936691,297.1889953613281,297.1499938964844,293.1499938964844,0.0,-0.0,288.8316345214844,0.7850640416145325,0.1083488091826438,0.1029612645506858,297.2166748046875,297.1499938964844,293.1499938964844,0.0,-0.0,288.8323059082031,0.8558732271194458,0.1414576917886734,0.6369695663452148,288.8328552246094,287.8500061035156,288.89666748046875,287.84332275390625,288.8950500488281,297.2186279296875,288.8365478515625,1.0,0.2360984534025192,1.0,1.0,0.0,1.0,-1.2676923274993896,1.267690896987915,1.3663365052707377e-06,0.9629862904548644,0.0,0.0,0.0,23.74557113647461,25.0,52.47658920288086,-0.0,167.39028930664062,1.0,283.1598205566406,287.84234619140625,290.39013671875,290.6860046386719,293.1499938964844,293.1499938964844,278.1499938964844,0.0,18000.0,313.1499938964844,0.0,18000.0,0.0,0.0,0.0,0.0,0.0,0.0,0.0,0.0,0.0,-0.0,-0.0,-0.0,6.445913975451006e-21,3.222956987725503e-21,3.2229567857771112e-21,0.0,0.0,-0.0,0.0,0.0,0.0,0.0,0.0,0.0,0.0,0.0,0.0,4.0,0.0,0.0
12380880,297.2162780761719,297.1499938964844,293.1499938964844,0.0,-0.0,288.8319396972656,0.815727710723877,0.1215124130249023,0.1095124185085296,297.2330322265625,297.1499938964844,293.1499938964844,0.0,-0.0,288.8320617675781,0.8258995413780212,0.1264448016881942,0.1199728623032569,297.2212829589844,297.1499938964844,293.1499938964844,0.0,-0.0,288.8320007324219,0.8208235502243042,0.1239269152283668,0.0868754833936691,297.1889953613281,297.1499938964844,293.1499938964844,0.0,-0.0,288.8316345214844,0.7850640416145325,0.1083488091826438,0.1029612645506858,297.2166748046875,297.1499938964844,293.1499938964844,0.0,-0.0,288.8323059082031,0.8558732271194458,0.1414576917886734,0.6369695663452148,288.8328552246094,287.8500061035156,288.89666748046875,287.84332275390625,288.8950500488281,297.2186279296875,288.8365478515625,1.0,0.2360984534025192,1.0,1.0,0.0,1.0,-1.2676923274993896,1.267690896987915,1.3663365052707377e-06,0.9629862904548644,0.0,0.0,0.0,23.74557113647461,25.0,52.47658920288086,-0.0,167.39028930664062,1.0,283.1598205566406,287.84234619140625,290.39013671875,290.6860046386719,293.1499938964844,293.1499938964844,278.1499938964844,0.0,18000.0,313.1499938964844,0.0,18000.0,0.0,0.0,0.0,0.0,0.0,0.0,0.0,0.0,0.0,-0.0,-0.0,-0.0,6.445913975451006e-21,3.222956987725503e-21,3.2229567857771112e-21,0.0,0.0,-0.0,0.0,0.0,0.0,0.0,0.0,0.0,0.0,0.0,0.0,4.0,0.0,0.0
12380940,297.21807861328125,297.1499938964844,293.1499938964844,0.0,-0.0,288.869384765625,0.8206318616867065,0.1225335821509361,0.1104135364294052,297.233154296875,297.1499938964844,293.1499938964844,0.0,-0.0,288.8694763183594,0.8308025598526001,0.1275081634521484,0.120965838432312,297.2216491699219,297.1499938964844,293.1499938964844,0.0,-0.0,288.86944580078125,0.8254990577697754,0.1248663589358329,0.0875220000743866,297.1905822753906,297.1499938964844,293.1499938964844,0.0,-0.0,288.8690795898437,0.7895536422729492,0.1090030521154403,0.1035631522536277,297.2140197753906,297.1499938964844,293.1499938964844,0.0,-0.0,288.8697204589844,0.8600419163703918,0.1420328319072723,0.6395242214202881,288.8702697753906,287.95001220703125,288.9333190917969,287.8685302734375,288.9317321777344,297.2170104980469,288.8739013671875,1.0,0.2367868572473526,1.0,1.0,0.0,1.0,-1.274531006813049,1.2745295763015747,1.379254740641045e-06,0.968481183052063,0.0,0.0,0.0,23.5918025970459,25.0,52.06288528442383,-0.0,169.223388671875,1.0,283.1598205566406,287.84234619140625,290.39013671875,290.6860046386719,293.1499938964844,293.1499938964844,278.1499938964844,0.0,18000.0,313.1499938964844,0.0,18000.0,0.0,0.0,0.0,0.0,0.0,0.0,0.0,0.0,0.0,-0.0,-0.0,-0.0,6.445913975451006e-21,3.222956987725503e-21,3.2229567857771112e-21,0.0,0.0,-0.0,0.0,0.0,0.0,0.0,0.0,0.0,0.0,0.0,0.0,4.0,0.0,0.0
12381000,297.21807861328125,297.1499938964844,293.1499938964844,0.0,-0.0,288.869384765625,0.8206318616867065,0.1225335821509361,0.1104135364294052,297.233154296875,297.1499938964844,293.1499938964844,0.0,-0.0,288.8694763183594,0.8308025598526001,0.1275081634521484,0.120965838432312,297.2216491699219,297.1499938964844,293.1499938964844,0.0,-0.0,288.86944580078125,0.8254990577697754,0.1248663589358329,0.0875220000743866,297.1905822753906,297.1499938964844,293.1499938964844,0.0,-0.0,288.8690795898437,0.7895536422729492,0.1090030521154403,0.1035631522536277,297.2140197753906,297.1499938964844,293.1499938964844,0.0,-0.0,288.8697204589844,0.8600419163703918,0.1420328319072723,0.6395242214202881,288.8702697753906,287.95001220703125,288.9333190917969,287.8685302734375,288.9317321777344,297.2170104980469,288.8739013671875,1.0,0.2367868572473526,1.0,1.0,0.0,1.0,-1.274531006813049,1.2745295763015747,1.379254740641045e-06,0.968481183052063,0.0,0.0,0.0,23.5918025970459,25.0,52.06288528442383,-0.0,169.223388671875,1.0,283.1598205566406,287.84234619140625,290.39013671875,290.6860046386719,293.1499938964844,293.1499938964844,278.1499938964844,0.0,18000.0,313.1499938964844,0.0,18000.0,0.0,0.0,0.0,0.0,0.0,0.0,0.0,0.0,0.0,-0.0,-0.0,-0.0,6.445913975451006e-21,3.222956987725503e-21,3.2229567857771112e-21,0.0,0.0,-0.0,0.0,0.0,0.0,0.0,0.0,0.0,0.0,0.0,0.0,4.0,0.0,0.0
12381060,297.2198791503906,297.1499938964844,293.1499938964844,0.0,-0.0,288.9066467285156,0.8251804113388062,0.1235783025622367,0.1113381758332252,297.2333374023437,297.1499938964844,293.1499938964844,0.0,-0.0,288.90673828125,0.8353846073150635,0.1285814046859741,0.1219693273305893,297.2220764160156,297.1499938964844,293.1499938964844,0.0,-0.0,288.9066772460937,0.8298312425613403,0.1258169710636139,0.0881773829460144,297.1922302246094,297.1499938964844,293.1499938964844,0.0,-0.0,288.9063415527344,0.7937484383583069,0.1096834689378738,0.1041915565729141,297.21148681640625,297.1499938964844,293.1499938964844,0.0,-0.0,288.906982421875,0.8638180494308472,0.142588198184967,0.6419945359230042,288.90753173828125,288.04998779296875,288.9700012207031,287.89373779296875,288.9684143066406,297.2159118652344,288.9111328125,1.0,0.237530916929245,1.0,1.0,0.0,1.0,-1.2813516855239868,1.2813503742218018,1.392222088725248e-06,0.9739647507667542,0.0,0.0,0.0,23.477031707763672,25.0,51.81306457519531,-0.0,171.152587890625,1.0,283.1598205566406,287.84234619140625,290.39013671875,290.6860046386719,293.1499938964844,293.1499938964844,278.1499938964844,0.0,18000.0,313.1499938964844,0.0,18000.0,0.0,0.0,0.0,0.0,0.0,0.0,0.0,0.0,0.0,-0.0,-0.0,-0.0,6.445913975451006e-21,3.222956987725503e-21,3.2229567857771112e-21,0.0,0.0,-0.0,0.0,0.0,0.0,0.0,0.0,0.0,0.0,0.0,0.0,4.0,0.0,0.0
12381120,297.2198791503906,297.1499938964844,293.1499938964844,0.0,-0.0,288.9066467285156,0.8251804113388062,0.1235783025622367,0.1113381758332252,297.2333374023437,297.1499938964844,293.1499938964844,0.0,-0.0,288.90673828125,0.8353846073150635,0.1285814046859741,0.1219693273305893,297.2220764160156,297.1499938964844,293.1499938964844,0.0,-0.0,288.9066772460937,0.8298312425613403,0.1258169710636139,0.0881773829460144,297.1922302246094,297.1499938964844,293.1499938964844,0.0,-0.0,288.9063415527344,0.7937484383583069,0.1096834689378738,0.1041915565729141,297.21148681640625,297.1499938964844,293.1499938964844,0.0,-0.0,288.906982421875,0.8638180494308472,0.142588198184967,0.6419945359230042,288.90753173828125,288.04998779296875,288.9700012207031,287.89373779296875,288.9684143066406,297.2159118652344,288.9111328125,1.0,0.237530916929245,1.0,1.0,0.0,1.0,-1.2813516855239868,1.2813503742218018,1.392222088725248e-06,0.9739647507667542,0.0,0.0,0.0,23.477031707763672,25.0,51.81306457519531,-0.0,171.152587890625,1.0,283.1598205566406,287.84234619140625,290.39013671875,290.6860046386719,293.1499938964844,293.1499938964844,278.1499938964844,0.0,18000.0,313.1499938964844,0.0,18000.0,0.0,0.0,0.0,0.0,0.0,0.0,0.0,0.0,0.0,-0.0,-0.0,-0.0,6.445913975451006e-21,3.222956987725503e-21,3.2229567857771112e-21,0.0,0.0,-0.0,0.0,0.0,0.0,0.0,0.0,0.0,0.0,0.0,0.0,4.0,0.0,0.0
12381180,297.2216491699219,297.1499938964844,293.1499938964844,0.0,-0.0,288.9438171386719,0.8294923901557922,0.1246437430381774,0.1122829541563987,297.2336120605469,297.1499938964844,293.1499938964844,0.0,-0.0,288.94390869140625,0.839748740196228,0.1296657919883728,0.1229841485619545,297.2225646972656,297.1499938964844,293.1499938964844,0.0,-0.0,288.94384765625,0.833930253982544,0.1267793476581573,0.0888416692614555,297.1939392089844,297.1499938964844,293.1499938964844,0.0,-0.0,288.9434814453125,0.7977331280708313,0.1103902533650398,0.1048459410667419,297.2091064453125,297.1499938964844,293.1499938964844,0.0,-0.0,288.9441223144531,0.8672924637794495,0.1431259512901306,0.644388735294342,288.9446716308594,288.1499938964844,289.00665283203125,287.9188842773437,289.0050964355469,297.2152404785156,288.9482421875,1.0,0.2383167296648025,1.0,1.0,0.0,1.0,-1.2881609201431274,1.2881594896316528,1.4052515098228469e-06,0.9794430136680604,0.0,0.0,0.0,23.391191482543945,25.0,51.66301727294922,-0.0,173.15921020507812,1.0,283.1598205566406,287.84234619140625,290.39013671875,290.6860046386719,293.1499938964844,293.1499938964844,278.1499938964844,0.0,18000.0,313.1499938964844,0.0,18000.0,0.0,0.0,0.0,0.0,0.0,0.0,0.0,0.0,0.0,-0.0,-0.0,-0.0,6.445913975451006e-21,3.222956987725503e-21,3.2229567857771112e-21,0.0,0.0,-0.0,0.0,0.0,0.0,0.0,0.0,0.0,0.0,0.0,0.0,4.0,0.0,0.0
12381240,297.2216491699219,297.1499938964844,293.1499938964844,0.0,-0.0,288.9438171386719,0.8294923901557922,0.1246437430381774,0.1122829541563987,297.2336120605469,297.1499938964844,293.1499938964844,0.0,-0.0,288.94390869140625,0.839748740196228,0.1296657919883728,0.1229841485619545,297.2225646972656,297.1499938964844,293.1499938964844,0.0,-0.0,288.94384765625,0.833930253982544,0.1267793476581573,0.0888416692614555,297.1939392089844,297.1499938964844,293.1499938964844,0.0,-0.0,288.9434814453125,0.7977331280708313,0.1103902533650398,0.1048459410667419,297.2091064453125,297.1499938964844,293.1499938964844,0.0,-0.0,288.9441223144531,0.8672924637794495,0.1431259512901306,0.644388735294342,288.9446716308594,288.1499938964844,289.00665283203125,287.9188842773437,289.0050964355469,297.2152404785156,288.9482421875,1.0,0.2383167296648025,1.0,1.0,0.0,1.0,-1.2881609201431274,1.2881594896316528,1.4052515098228469e-06,0.9794430136680604,0.0,0.0,0.0,23.391191482543945,25.0,51.66301727294922,-0.0,173.15921020507812,1.0,283.1598205566406,287.84234619140625,290.39013671875,290.6860046386719,293.1499938964844,293.1499938964844,278.1499938964844,0.0,18000.0,313.1499938964844,0.0,18000.0,0.0,0.0,0.0,0.0,0.0,0.0,0.0,0.0,0.0,-0.0,-0.0,-0.0,6.445913975451006e-21,3.222956987725503e-21,3.2229567857771112e-21,0.0,0.0,-0.0,0.0,0.0,0.0,0.0,0.0,0.0,0.0,0.0,0.0,4.0,0.0,0.0
12381300,297.2225341796875,297.1499938964844,293.1499938964844,0.0,-0.0,288.9623718261719,0.8315894603729248,0.1251838505268097,0.112762339413166,297.2337951660156,297.1499938964844,293.1499938964844,0.0,-0.0,288.96246337890625,0.8418754935264587,0.130212515592575,0.1234960481524467,297.22283935546875,297.1499938964844,293.1499938964844,0.0,-0.0,288.96240234375,0.8359201550483704,0.1272651553153991,0.0891772136092186,297.1947937011719,297.1499938964844,293.1499938964844,0.0,-0.0,288.9620361328125,0.7996701598167419,0.1107535660266876,0.1051828116178512,297.2079772949219,297.1499938964844,293.1499938964844,0.0,-0.0,288.9626770019531,0.8689419031143188,0.1433888226747512,0.6455596685409546,288.9632263183594,288.1499938964844,289.0249938964844,287.93145751953125,289.0234069824219,297.2150573730469,288.9667663574219,1.0,0.2387218922376632,1.0,1.0,0.0,1.0,-1.2915635108947754,1.2915620803833008,1.411794187333726e-06,0.9821823239326476,0.0,0.0,0.0,23.356565475463867,25.0,51.61205673217773,-0.0,174.18702697753906,1.0,283.1598205566406,287.84234619140625,290.39013671875,290.6860046386719,293.1499938964844,293.1499938964844,278.1499938964844,0.0,18000.0,313.1499938964844,0.0,18000.0,0.0,0.0,0.0,0.0,0.0,0.0,0.0,0.0,0.0,-0.0,-0.0,-0.0,6.445913975451006e-21,3.222956987725503e-21,3.2229567857771112e-21,0.0,0.0,-0.0,0.0,0.0,0.0,0.0,0.0,0.0,0.0,0.0,0.0,4.0,0.0,0.0
12381360,297.223388671875,297.1499938964844,293.1499938964844,0.0,-0.0,288.9808959960937,0.8336599469184875,0.1257288157939911,0.1132462620735168,297.2340087890625,297.1499938964844,293.1499938964844,0.0,-0.0,288.9809875488281,0.8439767956733704,0.130762442946434,0.1240110918879509,297.2231140136719,297.1499938964844,293.1499938964844,0.0,-0.0,288.9809265136719,0.837882399559021,0.1277541816234588,0.0895151048898696,297.1956787109375,297.1499938964844,293.1499938964844,0.0,-0.0,288.9805908203125,0.8015809655189514,0.1111238077282905,0.1055262014269828,297.2068786621094,297.1499938964844,293.1499938964844,0.0,-0.0,288.981201171875,0.8705442547798157,0.1436479538679123,0.6467142105102539,288.98175048828125,288.25,289.0433349609375,287.94403076171875,289.041748046875,297.2148742675781,288.9852905273437,1.0,0.2391338497400283,1.0,1.0,0.0,1.0,-1.2949663400650024,1.2949649095535278,1.4183586927174474e-06,0.984923243522644,0.0,0.0,0.0,23.32638931274414,25.0,51.57244491577149,-0.0,175.22943115234375,1.0,283.1598205566406,287.84234619140625,290.39013671875,290.6860046386719,293.1499938964844,293.1499938964844,278.1499938964844,0.0,18000.0,313.1499938964844,0.0,18000.0,0.0,0.0,0.0,0.0,0.0,0.0,0.0,0.0,0.0,-0.0,-0.0,-0.0,6.445913975451006e-21,3.222956987725503e-21,3.2229567857771112e-21,0.0,0.0,-0.0,0.0,0.0,0.0,0.0,0.0,0.0,0.0,0.0,0.0,4.0,0.0,0.0
12381420,297.2251281738281,297.1499938964844,293.1499938964844,0.0,-0.0,289.0179443359375,0.837755024433136,0.1268333196640014,0.1142275482416153,297.23443603515625,297.1499938964844,293.1499938964844,0.0,-0.0,289.0180358886719,0.8481340408325195,0.1318724304437637,0.1250509321689605,297.2237243652344,297.1499938964844,293.1499938964844,0.0,-0.0,289.0179748535156,0.841755747795105,0.1287422627210617,0.0901980623602867,297.197509765625,297.1499938964844,293.1499938964844,0.0,-0.0,289.01763916015625,0.8053585886955261,0.1118877753615379,0.106234885752201,297.20477294921875,297.1499938964844,293.1499938964844,0.0,-0.0,289.01824951171875,0.8736392259597778,0.144155740737915,0.6489768028259277,289.018798828125,288.3500061035156,289.0799865722656,287.9691162109375,289.07843017578125,297.214599609375,289.0223083496094,1.0,0.2399750351905822,1.0,1.0,0.0,1.0,-1.3017789125442505,1.301777482032776,1.4315660337160807e-06,0.9904150366783142,0.0,0.0,0.0,23.27661895751953,25.0,51.51760482788086,-0.0,177.3543701171875,1.0,283.1598205566406,287.84234619140625,290.39013671875,290.6860046386719,293.1499938964844,293.1499938964844,278.1499938964844,0.0,18000.0,313.1499938964844,0.0,18000.0,0.0,0.0,0.0,0.0,0.0,0.0,0.0,0.0,0.0,-0.0,-0.0,-0.0,6.445913975451006e-21,3.222956987725503e-21,3.2229567857771112e-21,0.0,0.0,-0.0,0.0,0.0,0.0,0.0,0.0,0.0,0.0,0.0,0.0,4.0,0.0,0.0
12381480,297.2251281738281,297.1499938964844,293.1499938964844,0.0,-0.0,289.0179443359375,0.837755024433136,0.1268333196640014,0.1142275482416153,297.23443603515625,297.1499938964844,293.1499938964844,0.0,-0.0,289.0180358886719,0.8481340408325195,0.1318724304437637,0.1250509321689605,297.2237243652344,297.1499938964844,293.1499938964844,0.0,-0.0,289.0179748535156,0.841755747795105,0.1287422627210617,0.0901980623602867,297.197509765625,297.1499938964844,293.1499938964844,0.0,-0.0,289.01763916015625,0.8053585886955261,0.1118877753615379,0.106234885752201,297.20477294921875,297.1499938964844,293.1499938964844,0.0,-0.0,289.01824951171875,0.8736392259597778,0.144155740737915,0.6489768028259277,289.018798828125,288.3500061035156,289.0799865722656,287.9691162109375,289.07843017578125,297.214599609375,289.0223083496094,1.0,0.2399750351905822,1.0,1.0,0.0,1.0,-1.3017789125442505,1.301777482032776,1.4315660337160807e-06,0.9904150366783142,0.0,0.0,0.0,23.27661895751953,25.0,51.51760482788086,-0.0,177.3543701171875,1.0,283.1598205566406,287.84234619140625,290.39013671875,290.6860046386719,293.1499938964844,293.1499938964844,278.1499938964844,0.0,18000.0,313.1499938964844,0.0,18000.0,0.0,0.0,0.0,0.0,0.0,0.0,0.0,0.0,0.0,-0.0,-0.0,-0.0,6.445913975451006e-21,3.222956987725503e-21,3.2229567857771112e-21,0.0,0.0,-0.0,0.0,0.0,0.0,0.0,0.0,0.0,0.0,0.0,0.0,4.0,0.0,0.0
12381540,297.2268371582031,297.1499938964844,293.1499938964844,0.0,-0.0,289.05499267578125,0.8418318033218384,0.1279573887586593,0.1152267009019851,297.2349853515625,297.1499938964844,293.1499938964844,0.0,-0.0,289.0550842285156,0.8522700071334839,0.1329966783523559,0.126104399561882,297.2243957519531,297.1499938964844,293.1499938964844,0.0,-0.0,289.0550231933594,0.8456017971038818,0.1297443509101867,0.0908909365534782,297.19940185546875,297.1499938964844,293.1499938964844,0.0,-0.0,289.0546569824219,0.809063196182251,0.1126824095845222,0.1069730743765831,297.20281982421875,297.1499938964844,293.1499938964844,0.0,-0.0,289.0552673339844,0.8766286969184875,0.1446506381034851,0.6511818766593933,289.0558166503906,288.45001220703125,289.1166687011719,287.99420166015625,289.1151123046875,297.2147216796875,289.059326171875,1.0,0.2408351749181747,1.0,1.0,0.0,1.0,-1.308607578277588,1.3086061477661133,1.44489183639962e-06,0.9959262609481812,0.0,0.0,0.0,23.23750305175781,25.0,51.48419952392578,-0.0,179.52792358398438,1.0,283.1598205566406,287.84234619140625,290.39013671875,290.6860046386719,293.1499938964844,293.1499938964844,278.1499938964844,0.0,18000.0,313.1499938964844,0.0,18000.0,0.0,0.0,0.0,0.0,0.0,0.0,0.0,0.0,0.0,-0.0,-0.0,-0.0,6.445913975451006e-21,3.222956987725503e-21,3.2229567857771112e-21,0.0,0.0,-0.0,0.0,0.0,0.0,0.0,0.0,0.0,0.0,0.0,0.0,4.0,0.0,0.0
12381600,297.2268371582031,297.1499938964844,293.1499938964844,0.0,-0.0,289.05499267578125,0.8418318033218384,0.1279573887586593,0.1152267009019851,297.2349853515625,297.1499938964844,293.1499938964844,0.0,-0.0,289.0550842285156,0.8522700071334839,0.1329966783523559,0.126104399561882,297.2243957519531,297.1499938964844,293.1499938964844,0.0,-0.0,289.0550231933594,0.8456017971038818,0.1297443509101867,0.0908909365534782,297.19940185546875,297.1499938964844,293.1499938964844,0.0,-0.0,289.0546569824219,0.809063196182251,0.1126824095845222,0.1069730743765831,297.20281982421875,297.1499938964844,293.1499938964844,0.0,-0.0,289.0552673339844,0.8766286969184875,0.1446506381034851,0.6511818766593933,289.0558166503906,288.45001220703125,289.1166687011719,287.99420166015625,289.1151123046875,297.2147216796875,289.059326171875,1.0,0.2408351749181747,1.0,1.0,0.0,1.0,-1.308607578277588,1.3086061477661133,1.44489183639962e-06,0.9959262609481812,0.0,0.0,0.0,23.23750305175781,25.0,51.48419952392578,-0.0,179.52792358398438,1.0,283.1598205566406,287.84234619140625,290.39013671875,290.6860046386719,293.1499938964844,293.1499938964844,278.1499938964844,0.0,18000.0,313.1499938964844,0.0,18000.0,0.0,0.0,0.0,0.0,0.0,0.0,0.0,0.0,0.0,-0.0,-0.0,-0.0,6.445913975451006e-21,3.222956987725503e-21,3.2229567857771112e-21,0.0,0.0,-0.0,0.0,0.0,0.0,0.0,0.0,0.0,0.0,0.0,0.0,4.0,0.0,0.0
12381660,297.228515625,297.1499938964844,293.1499938964844,0.0,-0.0,289.0920104980469,0.8459307551383972,0.1291012614965438,0.1162437871098518,297.235595703125,297.1499938964844,293.1499938964844,0.0,-0.0,289.09210205078125,0.8564217686653137,0.1341359615325927,0.1271721273660659,297.2251281738281,297.1499938964844,293.1499938964844,0.0,-0.0,289.092041015625,0.8494592308998108,0.1307611167430877,0.0915941148996353,297.2013854980469,297.1499938964844,293.1499938964844,0.0,-0.0,289.0916748046875,0.8126851916313171,0.1135073378682136,0.1077402457594871,297.20098876953125,297.1499938964844,293.1499938964844,0.0,-0.0,289.0922546386719,0.8795518279075623,0.145133838057518,0.6533343195915222,289.0928039550781,288.547607421875,289.1533203125,288.0192565917969,289.1517944335937,297.2151794433594,289.0963134765625,1.0,0.2417106032371521,1.0,1.0,0.0,1.0,-1.3154590129852295,1.315457463264465,1.4583505389964555e-06,1.001462697982788,0.0,0.0,0.0,23.20588493347168,25.0,51.46357727050781,-0.0,181.7458648681641,1.0,283.1598205566406,287.84234619140625,290.39013671875,290.6860046386719,293.1499938964844,293.1499938964844,278.1499938964844,0.0,18000.0,313.1499938964844,0.0,18000.0,0.0,0.0,0.0,0.0,0.0,0.0,0.0,0.0,0.0,-0.0,-0.0,-0.0,6.445913975451006e-21,3.222956987725503e-21,3.2229567857771112e-21,0.0,0.0,-0.0,0.0,0.0,0.0,0.0,0.0,0.0,0.0,0.0,0.0,4.0,0.0,0.0
12381720,297.228515625,297.1499938964844,293.1499938964844,0.0,-0.0,289.0920104980469,0.8459307551383972,0.1291012614965438,0.1162437871098518,297.235595703125,297.1499938964844,293.1499938964844,0.0,-0.0,289.09210205078125,0.8564217686653137,0.1341359615325927,0.1271721273660659,297.2251281738281,297.1499938964844,293.1499938964844,0.0,-0.0,289.092041015625,0.8494592308998108,0.1307611167430877,0.0915941148996353,297.2013854980469,297.1499938964844,293.1499938964844,0.0,-0.0,289.0916748046875,0.8126851916313171,0.1135073378682136,0.1077402457594871,297.20098876953125,297.1499938964844,293.1499938964844,0.0,-0.0,289.0922546386719,0.8795518279075623,0.145133838057518,0.6533343195915222,289.0928039550781,288.547607421875,289.1533203125,288.0192565917969,289.1517944335937,297.2151794433594,289.0963134765625,1.0,0.2417106032371521,1.0,1.0,0.0,1.0,-1.3154590129852295,1.315457463264465,1.4583505389964555e-06,1.001462697982788,0.0,0.0,0.0,23.20588493347168,25.0,51.46357727050781,-0.0,181.7458648681641,1.0,283.1598205566406,287.84234619140625,290.39013671875,290.6860046386719,293.1499938964844,293.1499938964844,278.1499938964844,0.0,18000.0,313.1499938964844,0.0,18000.0,0.0,0.0,0.0,0.0,0.0,0.0,0.0,0.0,0.0,-0.0,-0.0,-0.0,6.445913975451006e-21,3.222956987725503e-21,3.2229567857771112e-21,0.0,0.0,-0.0,0.0,0.0,0.0,0.0,0.0,0.0,0.0,0.0,0.0,4.0,0.0,0.0
12381780,297.2301940917969,297.1499938964844,293.1499938964844,0.0,-0.0,289.1289978027344,0.8500831127166748,0.1302651762962341,0.117278940975666,297.2362976074219,297.1499938964844,293.1499938964844,0.0,-0.0,289.12908935546875,0.8606179356575012,0.1352909803390503,0.128254696726799,297.2259216308594,297.1499938964844,293.1499938964844,0.0,-0.0,289.1290283203125,0.8533580899238586,0.1317931860685348,0.0923079624772071,297.203369140625,297.1499938964844,293.1499938964844,0.0,-0.0,289.1286926269531,0.816274881362915,0.1143614426255226,0.1085355505347251,297.19927978515625,297.1499938964844,293.1499938964844,0.0,-0.0,289.1292419433594,0.8824394345283508,0.1456065028905868,0.6554388403892517,289.1297912597656,288.6203918457031,289.19000244140625,288.0442810058594,289.1884460449219,297.2159729003906,289.1332702636719,1.0,0.2425988316535949,1.0,1.0,0.0,1.0,-1.3223389387130735,1.3223375082015991,1.471955215492926e-06,1.0070292949676514,0.0,0.0,0.0,23.179452896118164,25.0,51.45061111450195,-0.0,184.0055694580078,1.0,283.1598205566406,287.84234619140625,290.39013671875,290.6860046386719,293.1499938964844,293.1499938964844,278.1499938964844,0.0,18000.0,313.1499938964844,0.0,18000.0,0.0,0.0,0.0,0.0,0.0,0.0,0.0,0.0,0.0,-0.0,-0.0,-0.0,6.445913975451006e-21,3.222956987725503e-21,3.2229567857771112e-21,0.0,0.0,-0.0,0.0,0.0,0.0,0.0,0.0,0.0,0.0,0.0,0.0,4.0,0.0,0.0
12381840,297.2301940917969,297.1499938964844,293.1499938964844,0.0,-0.0,289.1289978027344,0.8500831127166748,0.1302651762962341,0.117278940975666,297.2362976074219,297.1499938964844,293.1499938964844,0.0,-0.0,289.12908935546875,0.8606179356575012,0.1352909803390503,0.128254696726799,297.2259216308594,297.1499938964844,293.1499938964844,0.0,-0.0,289.1290283203125,0.8533580899238586,0.1317931860685348,0.0923079624772071,297.203369140625,297.1499938964844,293.1499938964844,0.0,-0.0,289.1286926269531,0.816274881362915,0.1143614426255226,0.1085355505347251,297.19927978515625,297.1499938964844,293.1499938964844,0.0,-0.0,289.1292419433594,0.8824394345283508,0.1456065028905868,0.6554388403892517,289.1297912597656,288.6203918457031,289.19000244140625,288.0442810058594,289.1884460449219,297.2159729003906,289.1332702636719,1.0,0.2425988316535949,1.0,1.0,0.0,1.0,-1.3223389387130735,1.3223375082015991,1.471955215492926e-06,1.0070292949676514,0.0,0.0,0.0,23.179452896118164,25.0,51.45061111450195,-0.0,184.0055694580078,1.0,283.1598205566406,287.84234619140625,290.39013671875,290.6860046386719,293.1499938964844,293.1499938964844,278.1499938964844,0.0,18000.0,313.1499938964844,0.0,18000.0,0.0,0.0,0.0,0.0,0.0,0.0,0.0,0.0,0.0,-0.0,-0.0,-0.0,6.445913975451006e-21,3.222956987725503e-21,3.2229567857771112e-21,0.0,0.0,-0.0,0.0,0.0,0.0,0.0,0.0,0.0,0.0,0.0,0.0,4.0,0.0,0.0
12381900,297.23101806640625,297.1499938964844,293.1499938964844,0.0,-0.0,289.1474914550781,0.852186918258667,0.1308550387620926,0.1178036108613014,297.2366943359375,297.1499938964844,293.1499938964844,0.0,-0.0,289.1475830078125,0.8627393245697021,0.1358747333288192,0.1288018822669983,297.2263488769531,297.1499938964844,293.1499938964844,0.0,-0.0,289.14752197265625,0.8553303480148315,0.1323153674602508,0.0926691591739654,297.2043762207031,297.1499938964844,293.1499938964844,0.0,-0.0,289.1471862792969,0.8180694580078125,0.1147990152239799,0.1089434400200843,297.198486328125,297.1499938964844,293.1499938964844,0.0,-0.0,289.1477355957031,0.8838767409324646,0.1458391994237899,0.6564742922782898,289.1482849121094,288.6068420410156,289.2083435058594,288.0567932128906,289.206787109375,297.2164611816406,289.1517639160156,1.0,0.2430473566055297,1.0,1.0,0.0,1.0,-1.3257917165756226,1.325790286064148,1.4788170119572897e-06,1.0098257064819336,0.0,0.0,0.0,23.167701721191406,25.0,51.44608688354492,-0.0,185.15090942382807,1.0,283.1598205566406,287.84234619140625,290.39013671875,290.6860046386719,293.1499938964844,293.1499938964844,278.1499938964844,0.0,18000.0,313.1499938964844,0.0,18000.0,0.0,0.0,0.0,0.0,0.0,0.0,0.0,0.0,0.0,-0.0,-0.0,-0.0,6.445913975451006e-21,3.222956987725503e-21,3.2229567857771112e-21,0.0,0.0,-0.0,0.0,0.0,0.0,0.0,0.0,0.0,0.0,0.0,0.0,4.0,0.0,0.0
12381960,297.2318420410156,297.1499938964844,293.1499938964844,0.0,-0.0,289.166015625,0.8543129563331604,0.1314499080181121,0.1183327585458755,297.2370910644531,297.1499938964844,293.1499938964844,0.0,-0.0,289.16607666015625,0.8648799061775208,0.1364625543355941,0.1293528527021408,297.2267761230469,297.1499938964844,293.1499938964844,0.0,-0.0,289.166015625,0.8573216199874878,0.1328415125608444,0.0930330976843833,297.2054138183594,297.1499938964844,293.1499938964844,0.0,-0.0,289.1656799316406,0.8198690414428711,0.1152428388595581,0.1093573570251464,297.1976928710937,297.1499938964844,293.1499938964844,0.0,-0.0,289.1662292480469,0.8853147625923157,0.1460698246955871,0.6575002670288086,289.1667785644531,288.6917419433594,289.2266540527344,288.0692749023437,289.2251281738281,297.217041015625,289.17022705078125,1.0,0.2434984296560287,1.0,1.0,0.0,1.0,-1.3292535543441772,1.3292521238327026,1.4857193946227198e-06,1.012631058692932,0.0,0.0,0.0,23.15660858154297,25.0,51.442378997802734,-0.0,186.3060760498047,1.0,283.1598205566406,287.84234619140625,290.39013671875,290.6860046386719,293.1499938964844,293.1499938964844,278.1499938964844,0.0,18000.0,313.1499938964844,0.0,18000.0,0.0,0.0,0.0,0.0,0.0,0.0,0.0,0.0,0.0,-0.0,-0.0,-0.0,6.445913975451006e-21,3.222956987725503e-21,3.2229567857771112e-21,0.0,0.0,-0.0,0.0,0.0,0.0,0.0,0.0,0.0,0.0,0.0,0.0,4.0,0.0,0.0
12382020,297.2334899902344,297.1499938964844,293.1499938964844,0.0,-0.0,289.2030029296875,0.8586412668228149,0.1326549053192138,0.1194047257304191,297.2379150390625,297.1499938964844,293.1499938964844,0.0,-0.0,289.2030944824219,0.8692282438278198,0.1376513093709945,0.130466878414154,297.2276916503906,297.1499938964844,293.1499938964844,0.0,-0.0,289.2030334472656,0.8613709807395935,0.1339060068130493,0.0937694385647773,297.2074279785156,297.1499938964844,293.1499938964844,0.0,-0.0,289.2026672363281,0.8234993815422058,0.116149365901947,0.1102030277252197,297.1962280273437,297.1499938964844,293.1499938964844,0.0,-0.0,289.2032165527344,0.8882027864456177,0.1465253978967666,0.6595256328582764,289.2037658691406,288.7615966796875,289.2633361816406,288.0942687988281,289.2618103027344,297.2183532714844,289.20721435546875,1.0,0.244407907128334,1.0,1.0,0.0,1.0,-1.3362079858779907,1.336206555366516,1.4996543313827717e-06,1.0182714462280271,0.0,0.0,0.0,23.13581085205078,25.0,51.436798095703125,-0.0,188.64617919921875,1.0,283.1598205566406,287.84234619140625,290.39013671875,290.6860046386719,293.1499938964844,293.1499938964844,278.1499938964844,0.0,18000.0,313.1499938964844,0.0,18000.0,0.0,0.0,0.0,0.0,0.0,0.0,0.0,0.0,0.0,-0.0,-0.0,-0.0,6.445913975451006e-21,3.222956987725503e-21,3.2229567857771112e-21,0.0,0.0,-0.0,0.0,0.0,0.0,0.0,0.0,0.0,0.0,0.0,0.0,4.0,0.0,0.0
12382080,297.2334899902344,297.1499938964844,293.1499938964844,0.0,-0.0,289.2030029296875,0.8586412668228149,0.1326549053192138,0.1194047257304191,297.2379150390625,297.1499938964844,293.1499938964844,0.0,-0.0,289.2030944824219,0.8692282438278198,0.1376513093709945,0.130466878414154,297.2276916503906,297.1499938964844,293.1499938964844,0.0,-0.0,289.2030334472656,0.8613709807395935,0.1339060068130493,0.0937694385647773,297.2074279785156,297.1499938964844,293.1499938964844,0.0,-0.0,289.2026672363281,0.8234993815422058,0.116149365901947,0.1102030277252197,297.1962280273437,297.1499938964844,293.1499938964844,0.0,-0.0,289.2032165527344,0.8882027864456177,0.1465253978967666,0.6595256328582764,289.2037658691406,288.7615966796875,289.2633361816406,288.0942687988281,289.2618103027344,297.2183532714844,289.20721435546875,1.0,0.244407907128334,1.0,1.0,0.0,1.0,-1.3362079858779907,1.336206555366516,1.4996543313827717e-06,1.0182714462280271,0.0,0.0,0.0,23.13581085205078,25.0,51.436798095703125,-0.0,188.64617919921875,1.0,283.1598205566406,287.84234619140625,290.39013671875,290.6860046386719,293.1499938964844,293.1499938964844,278.1499938964844,0.0,18000.0,313.1499938964844,0.0,18000.0,0.0,0.0,0.0,0.0,0.0,0.0,0.0,0.0,0.0,-0.0,-0.0,-0.0,6.445913975451006e-21,3.222956987725503e-21,3.2229567857771112e-21,0.0,0.0,-0.0,0.0,0.0,0.0,0.0,0.0,0.0,0.0,0.0,0.0,4.0,0.0,0.0
12382140,297.23516845703125,297.1499938964844,293.1499938964844,0.0,-0.0,289.239990234375,0.8630876541137695,0.1338811218738556,0.1204956173896789,297.2388610839844,297.1499938964844,293.1499938964844,0.0,-0.0,289.2400817871094,0.8736841678619385,0.1388600766658783,0.1315991878509521,297.2286376953125,297.1499938964844,293.1499938964844,0.0,-0.0,289.2400207519531,0.8655256628990173,0.1349877715110778,0.0945177152752876,297.2094421386719,297.1499938964844,293.1499938964844,0.0,-0.0,289.2396545410156,0.8272006511688232,0.1170826181769371,0.1110736951231956,297.19488525390625,297.1499938964844,293.1499938964844,0.0,-0.0,289.2402038574219,0.8911226987838745,0.146973967552185,0.661518394947052,289.2407531738281,288.8299865722656,289.29998779296875,288.11920166015625,289.2984924316406,297.2199401855469,289.2441711425781,1.0,0.2453271895647049,1.0,1.0,0.0,1.0,-1.3432122468948364,1.3432106971740725,1.5137813988985729e-06,1.0239580869674685,0.0,0.0,0.0,23.115991592407227,25.0,51.43303680419922,-0.0,191.02749633789065,1.0,283.1598205566406,287.84234619140625,290.39013671875,290.6860046386719,293.1499938964844,293.1499938964844,278.1499938964844,0.0,18000.0,313.1499938964844,0.0,18000.0,0.0,0.0,0.0,0.0,0.0,0.0,0.0,0.0,0.0,-0.0,-0.0,-0.0,6.445913975451006e-21,3.222956987725503e-21,3.2229567857771112e-21,0.0,0.0,-0.0,0.0,0.0,0.0,0.0,0.0,0.0,0.0,0.0,0.0,4.0,0.0,0.0
12382200,297.23516845703125,297.1499938964844,293.1499938964844,0.0,-0.0,289.239990234375,0.8630876541137695,0.1338811218738556,0.1204956173896789,297.2388610839844,297.1499938964844,293.1499938964844,0.0,-0.0,289.2400817871094,0.8736841678619385,0.1388600766658783,0.1315991878509521,297.2286376953125,297.1499938964844,293.1499938964844,0.0,-0.0,289.2400207519531,0.8655256628990173,0.1349877715110778,0.0945177152752876,297.2094421386719,297.1499938964844,293.1499938964844,0.0,-0.0,289.2396545410156,0.8272006511688232,0.1170826181769371,0.1110736951231956,297.19488525390625,297.1499938964844,293.1499938964844,0.0,-0.0,289.2402038574219,0.8911226987838745,0.146973967552185,0.661518394947052,289.2407531738281,288.8299865722656,289.29998779296875,288.11920166015625,289.2984924316406,297.2199401855469,289.2441711425781,1.0,0.2453271895647049,1.0,1.0,0.0,1.0,-1.3432122468948364,1.3432106971740725,1.5137813988985729e-06,1.0239580869674685,0.0,0.0,0.0,23.115991592407227,25.0,51.43303680419922,-0.0,191.02749633789065,1.0,283.1598205566406,287.84234619140625,290.39013671875,290.6860046386719,293.1499938964844,293.1499938964844,278.1499938964844,0.0,18000.0,313.1499938964844,0.0,18000.0,0.0,0.0,0.0,0.0,0.0,0.0,0.0,0.0,0.0,-0.0,-0.0,-0.0,6.445913975451006e-21,3.222956987725503e-21,3.2229567857771112e-21,0.0,0.0,-0.0,0.0,0.0,0.0,0.0,0.0,0.0,0.0,0.0,0.0,4.0,0.0,0.0
12382260,297.23681640625,297.1499938964844,293.1499938964844,0.0,-0.0,289.2769775390625,0.8676666617393494,0.1351279467344284,0.1216048896312713,297.2398986816406,297.1499938964844,293.1499938964844,0.0,-0.0,289.2770690917969,0.8782645463943481,0.1400899291038513,0.1327509433031082,297.22967529296875,297.1499938964844,293.1499938964844,0.0,-0.0,289.2770080566406,0.8698009252548218,0.1360866427421569,0.0952777713537216,297.21148681640625,297.1499938964844,293.1499938964844,0.0,-0.0,289.2766418457031,0.8310017585754395,0.1180424094200134,0.1119692251086235,297.1936340332031,297.1499938964844,293.1499938964844,0.0,-0.0,289.27716064453125,0.8940930962562561,0.1474167555570602,0.663483738899231,289.2777404785156,288.8969421386719,289.336669921875,288.1441345214844,289.33514404296875,297.22174072265625,289.2811279296875,1.0,0.2462558895349502,1.0,1.0,0.0,1.0,-1.3502730131149292,1.350271463394165,1.5281159448932158e-06,1.0296952724456787,0.0,0.0,0.0,23.0962028503418,25.0,51.43040466308594,-0.0,193.45086669921875,1.0,283.1598205566406,287.84234619140625,290.39013671875,290.6860046386719,293.1499938964844,293.1499938964844,278.1499938964844,0.0,18000.0,313.1499938964844,0.0,18000.0,0.0,0.0,0.0,0.0,0.0,0.0,0.0,0.0,0.0,-0.0,-0.0,-0.0,6.445913975451006e-21,3.222956987725503e-21,3.2229567857771112e-21,0.0,0.0,-0.0,0.0,0.0,0.0,0.0,0.0,0.0,0.0,0.0,0.0,4.0,0.0,0.0
12382320,297.23681640625,297.1499938964844,293.1499938964844,0.0,-0.0,289.2769775390625,0.8676666617393494,0.1351279467344284,0.1216048896312713,297.2398986816406,297.1499938964844,293.1499938964844,0.0,-0.0,289.2770690917969,0.8782645463943481,0.1400899291038513,0.1327509433031082,297.22967529296875,297.1499938964844,293.1499938964844,0.0,-0.0,289.2770080566406,0.8698009252548218,0.1360866427421569,0.0952777713537216,297.21148681640625,297.1499938964844,293.1499938964844,0.0,-0.0,289.2766418457031,0.8310017585754395,0.1180424094200134,0.1119692251086235,297.1936340332031,297.1499938964844,293.1499938964844,0.0,-0.0,289.27716064453125,0.8940930962562561,0.1474167555570602,0.663483738899231,289.2777404785156,288.8969421386719,289.336669921875,288.1441345214844,289.33514404296875,297.22174072265625,289.2811279296875,1.0,0.2462558895349502,1.0,1.0,0.0,1.0,-1.3502730131149292,1.350271463394165,1.5281159448932158e-06,1.0296952724456787,0.0,0.0,0.0,23.0962028503418,25.0,51.43040466308594,-0.0,193.45086669921875,1.0,283.1598205566406,287.84234619140625,290.39013671875,290.6860046386719,293.1499938964844,293.1499938964844,278.1499938964844,0.0,18000.0,313.1499938964844,0.0,18000.0,0.0,0.0,0.0,0.0,0.0,0.0,0.0,0.0,0.0,-0.0,-0.0,-0.0,6.445913975451006e-21,3.222956987725503e-21,3.2229567857771112e-21,0.0,0.0,-0.0,0.0,0.0,0.0,0.0,0.0,0.0,0.0,0.0,0.0,4.0,0.0,0.0
12382380,297.23846435546875,297.1499938964844,293.1499938964844,0.0,-0.0,289.31396484375,0.8723893761634827,0.136396124958992,0.1227332353591919,297.24102783203125,297.1499938964844,293.1499938964844,0.0,-0.0,289.3140563964844,0.8829811215400696,0.1413425058126449,0.1339239031076431,297.230712890625,297.1499938964844,293.1499938964844,0.0,-0.0,289.3139953613281,0.874208390712738,0.137203574180603,0.0960503071546554,297.2135314941406,297.1499938964844,293.1499938964844,0.0,-0.0,289.3136291503906,0.8349281549453735,0.1190298721194267,0.1128907948732376,297.1925048828125,297.1499938964844,293.1499938964844,0.0,-0.0,289.31414794921875,0.8971254229545593,0.1478543281555175,0.6654244065284729,289.314697265625,288.96240234375,289.3733215332031,288.16900634765625,289.371826171875,297.2237548828125,289.3180847167969,1.0,0.2471945732831955,1.0,1.0,0.0,1.0,-1.3573987483978271,1.357397198677063,1.5426761592607363e-06,1.0354887247085571,0.0,0.0,0.0,23.075990676879883,25.0,51.42865753173828,-0.0,195.9188690185547,1.0,283.1598205566406,287.84234619140625,290.39013671875,290.6860046386719,293.1499938964844,293.1499938964844,278.1499938964844,0.0,18000.0,313.1499938964844,0.0,18000.0,0.0,0.0,0.0,0.0,0.0,0.0,0.0,0.0,0.0,-0.0,-0.0,-0.0,6.445913975451006e-21,3.222956987725503e-21,3.2229567857771112e-21,0.0,0.0,-0.0,0.0,0.0,0.0,0.0,0.0,0.0,0.0,0.0,0.0,4.0,0.0,0.0
12382440,297.23846435546875,297.1499938964844,293.1499938964844,0.0,-0.0,289.31396484375,0.8723893761634827,0.136396124958992,0.1227332353591919,297.24102783203125,297.1499938964844,293.1499938964844,0.0,-0.0,289.3140563964844,0.8829811215400696,0.1413425058126449,0.1339239031076431,297.230712890625,297.1499938964844,293.1499938964844,0.0,-0.0,289.3139953613281,0.874208390712738,0.137203574180603,0.0960503071546554,297.2135314941406,297.1499938964844,293.1499938964844,0.0,-0.0,289.3136291503906,0.8349281549453735,0.1190298721194267,0.1128907948732376,297.1925048828125,297.1499938964844,293.1499938964844,0.0,-0.0,289.31414794921875,0.8971254229545593,0.1478543281555175,0.6654244065284729,289.314697265625,288.96240234375,289.3733215332031,288.16900634765625,289.371826171875,297.2237548828125,289.3180847167969,1.0,0.2471945732831955,1.0,1.0,0.0,1.0,-1.3573987483978271,1.357397198677063,1.5426761592607363e-06,1.0354887247085571,0.0,0.0,0.0,23.075990676879883,25.0,51.42865753173828,-0.0,195.9188690185547,1.0,283.1598205566406,287.84234619140625,290.39013671875,290.6860046386719,293.1499938964844,293.1499938964844,278.1499938964844,0.0,18000.0,313.1499938964844,0.0,18000.0,0.0,0.0,0.0,0.0,0.0,0.0,0.0,0.0,0.0,-0.0,-0.0,-0.0,6.445913975451006e-21,3.222956987725503e-21,3.2229567857771112e-21,0.0,0.0,-0.0,0.0,0.0,0.0,0.0,0.0,0.0,0.0,0.0,0.0,4.0,0.0,0.0
12382500,297.23931884765625,297.1499938964844,293.1499938964844,0.0,-0.0,289.3324584960937,0.8748064041137695,0.1370381861925125,0.1233045384287834,297.2416076660156,297.1499938964844,293.1499938964844,0.0,-0.0,289.3325500488281,0.8853921890258789,0.1419775038957595,0.1345185190439224,297.23126220703125,297.1499938964844,293.1499938964844,0.0,-0.0,289.3324890136719,0.8764638900756836,0.1377689391374588,0.0964413359761238,297.2145690917969,297.1499938964844,293.1499938964844,0.0,-0.0,289.3321228027344,0.8369444012641907,0.119533970952034,0.1133613586425781,297.1919860839844,297.1499938964844,293.1499938964844,0.0,-0.0,289.3326416015625,0.8986674547195435,0.1480714231729507,0.6663865447044373,289.33319091796875,288.9469909667969,289.39166259765625,288.18145751953125,289.3901672363281,297.2248229980469,289.3365478515625,1.0,0.2476677745580673,1.0,1.0,0.0,1.0,-1.360987663269043,1.3609861135482788,1.5500448853345006e-06,1.038407564163208,0.0,0.0,0.0,23.065643310546875,25.0,51.42803192138672,-0.0,197.1702423095703,1.0,283.1598205566406,287.84234619140625,290.39013671875,290.6860046386719,293.1499938964844,293.1499938964844,278.1499938964844,0.0,18000.0,313.1499938964844,0.0,18000.0,0.0,0.0,0.0,0.0,0.0,0.0,0.0,0.0,0.0,-0.0,-0.0,-0.0,6.445913975451006e-21,3.222956987725503e-21,3.2229567857771112e-21,0.0,0.0,-0.0,0.0,0.0,0.0,0.0,0.0,0.0,0.0,0.0,0.0,4.0,0.0,0.0
12382560,297.2401428222656,297.1499938964844,293.1499938964844,0.0,-0.0,289.3509521484375,0.8772605061531067,0.1376853436231613,0.1238804087042808,297.2422180175781,297.1499938964844,293.1499938964844,0.0,-0.0,289.3510437011719,0.8878385424613953,0.1426181495189666,0.1351184397935867,297.2318420410156,297.1499938964844,293.1499938964844,0.0,-0.0,289.3509826660156,0.878754198551178,0.1383387744426727,0.0968354567885398,297.2156066894531,297.1499938964844,293.1499938964844,0.0,-0.0,289.3506164550781,0.8389981389045715,0.1200447082519531,0.1138381958007812,297.19146728515625,297.1499938964844,293.1499938964844,0.0,-0.0,289.35113525390625,0.9002279043197632,0.1482875347137451,0.6673439741134644,289.3516845703125,289.0263977050781,289.4100036621094,288.1938781738281,289.40850830078125,297.2259216308594,289.35504150390625,1.0,0.2481435239315033,1.0,1.0,0.0,1.0,-1.3645938634872437,1.3645923137664795,1.5574730696243932e-06,1.0413408279418943,0.0,0.0,0.0,23.05510711669922,25.0,51.42750549316406,-0.0,198.4332733154297,1.0,283.1598205566406,287.84234619140625,290.39013671875,290.6860046386719,293.1499938964844,293.1499938964844,278.1499938964844,0.0,18000.0,313.1499938964844,0.0,18000.0,0.0,0.0,0.0,0.0,0.0,0.0,0.0,0.0,0.0,-0.0,-0.0,-0.0,6.445913975451006e-21,3.222956987725503e-21,3.2229567857771112e-21,0.0,0.0,-0.0,0.0,0.0,0.0,0.0,0.0,0.0,0.0,0.0,0.0,4.0,0.0,0.0
12382620,297.2417907714844,297.1499938964844,293.1499938964844,0.0,-0.0,289.387939453125,0.8822799324989319,0.1389946788549423,0.1250455677509308,297.2434997558594,297.1499938964844,293.1499938964844,0.0,-0.0,289.3880310058594,0.8928366899490356,0.143916442990303,0.1363341808319091,297.23297119140625,297.1499938964844,293.1499938964844,0.0,-0.0,289.387939453125,0.8834401965141296,0.139491856098175,0.097632959485054,297.2176818847656,297.1499938964844,293.1499938964844,0.0,-0.0,289.3876037597656,0.843224823474884,0.1210858300328254,0.1148103773593902,297.1905212402344,297.1499938964844,293.1499938964844,0.0,-0.0,289.3880920410156,0.9034090042114258,0.1487171649932861,0.6692463159561157,289.3886413574219,289.08892822265625,289.4466552734375,288.2187194824219,289.4451904296875,297.228271484375,289.3919982910156,1.0,0.249102845788002,1.0,1.0,0.0,1.0,-1.3718599081039429,1.3718583583831787,1.5725111097708575e-06,1.0472513437271118,0.0,0.0,0.0,23.033432006835938,25.0,51.42668914794922,-0.0,200.99513244628903,1.0,283.1598205566406,287.84234619140625,290.39013671875,290.6860046386719,293.1499938964844,293.1499938964844,278.1499938964844,0.0,18000.0,313.1499938964844,0.0,18000.0,0.0,0.0,0.0,0.0,0.0,0.0,0.0,0.0,0.0,-0.0,-0.0,-0.0,6.445913975451006e-21,3.222956987725503e-21,3.2229567857771112e-21,0.0,0.0,-0.0,0.0,0.0,0.0,0.0,0.0,0.0,0.0,0.0,0.0,4.0,0.0,0.0
12382680,297.2417907714844,297.1499938964844,293.1499938964844,0.0,-0.0,289.387939453125,0.8822799324989319,0.1389946788549423,0.1250455677509308,297.2434997558594,297.1499938964844,293.1499938964844,0.0,-0.0,289.3880310058594,0.8928366899490356,0.143916442990303,0.1363341808319091,297.23297119140625,297.1499938964844,293.1499938964844,0.0,-0.0,289.387939453125,0.8834401965141296,0.139491856098175,0.097632959485054,297.2176818847656,297.1499938964844,293.1499938964844,0.0,-0.0,289.3876037597656,0.843224823474884,0.1210858300328254,0.1148103773593902,297.1905212402344,297.1499938964844,293.1499938964844,0.0,-0.0,289.3880920410156,0.9034090042114258,0.1487171649932861,0.6692463159561157,289.3886413574219,289.08892822265625,289.4466552734375,288.2187194824219,289.4451904296875,297.228271484375,289.3919982910156,1.0,0.249102845788002,1.0,1.0,0.0,1.0,-1.3718599081039429,1.3718583583831787,1.5725111097708575e-06,1.0472513437271118,0.0,0.0,0.0,23.033432006835938,25.0,51.42668914794922,-0.0,200.99513244628903,1.0,283.1598205566406,287.84234619140625,290.39013671875,290.6860046386719,293.1499938964844,293.1499938964844,278.1499938964844,0.0,18000.0,313.1499938964844,0.0,18000.0,0.0,0.0,0.0,0.0,0.0,0.0,0.0,0.0,0.0,-0.0,-0.0,-0.0,6.445913975451006e-21,3.222956987725503e-21,3.2229567857771112e-21,0.0,0.0,-0.0,0.0,0.0,0.0,0.0,0.0,0.0,0.0,0.0,0.0,4.0,0.0,0.0
12382740,297.2434387207031,297.1499938964844,293.1499938964844,0.0,-0.0,289.4249267578125,0.8874493837356567,0.1403243839740753,0.1262289434671402,297.244873046875,297.1499938964844,293.1499938964844,0.0,-0.0,289.4250183105469,0.897977352142334,0.1452381908893585,0.1375719159841537,297.2341613769531,297.1499938964844,293.1499938964844,0.0,-0.0,289.4249267578125,0.8882697820663452,0.1406634598970413,0.0984432697296142,297.2197570800781,297.1499938964844,293.1499938964844,0.0,-0.0,289.4245910644531,0.8476235270500183,0.1221537217497825,0.1158078163862228,297.1896667480469,297.1499938964844,293.1499938964844,0.0,-0.0,289.425048828125,0.9067641496658324,0.1491437703371048,0.6711336970329285,289.4256286621094,289.1499938964844,289.4833374023437,288.2435302734375,289.4818420410156,297.2307434082031,289.428955078125,1.0,0.2500731945037842,1.0,1.0,0.0,1.0,-1.3792020082473757,1.379200458526611,1.5878031263127923e-06,1.0532231330871582,0.0,0.0,0.0,23.01091766357422,25.0,51.42617416381836,-0.0,203.6070556640625,1.0,283.1598205566406,287.84234619140625,290.39013671875,290.6860046386719,293.1499938964844,293.1499938964844,278.1499938964844,0.0,18000.0,313.1499938964844,0.0,18000.0,0.0,0.0,0.0,0.0,0.0,0.0,0.0,0.0,0.0,-0.0,-0.0,-0.0,6.445913975451006e-21,3.222956987725503e-21,3.2229567857771112e-21,0.0,0.0,-0.0,0.0,0.0,0.0,0.0,0.0,0.0,0.0,0.0,0.0,4.0,0.0,0.0
12382800,297.2434387207031,297.1499938964844,293.1499938964844,0.0,-0.0,289.4249267578125,0.8874493837356567,0.1403243839740753,0.1262289434671402,297.244873046875,297.1499938964844,293.1499938964844,0.0,-0.0,289.4250183105469,0.897977352142334,0.1452381908893585,0.1375719159841537,297.2341613769531,297.1499938964844,293.1499938964844,0.0,-0.0,289.4249267578125,0.8882697820663452,0.1406634598970413,0.0984432697296142,297.2197570800781,297.1499938964844,293.1499938964844,0.0,-0.0,289.4245910644531,0.8476235270500183,0.1221537217497825,0.1158078163862228,297.1896667480469,297.1499938964844,293.1499938964844,0.0,-0.0,289.425048828125,0.9067641496658324,0.1491437703371048,0.6711336970329285,289.4256286621094,289.1499938964844,289.4833374023437,288.2435302734375,289.4818420410156,297.2307434082031,289.428955078125,1.0,0.2500731945037842,1.0,1.0,0.0,1.0,-1.3792020082473757,1.379200458526611,1.5878031263127923e-06,1.0532231330871582,0.0,0.0,0.0,23.01091766357422,25.0,51.42617416381836,-0.0,203.6070556640625,1.0,283.1598205566406,287.84234619140625,290.39013671875,290.6860046386719,293.1499938964844,293.1499938964844,278.1499938964844,0.0,18000.0,313.1499938964844,0.0,18000.0,0.0,0.0,0.0,0.0,0.0,0.0,0.0,0.0,0.0,-0.0,-0.0,-0.0,6.445913975451006e-21,3.222956987725503e-21,3.2229567857771112e-21,0.0,0.0,-0.0,0.0,0.0,0.0,0.0,0.0,0.0,0.0,0.0,0.0,4.0,0.0,0.0
12382860,297.2450866699219,297.1499938964844,293.1499938964844,0.0,-0.0,289.4619140625,0.8927675485610962,0.1416741758584976,0.127430260181427,297.24627685546875,297.1499938964844,293.1499938964844,0.0,-0.0,289.46197509765625,0.9032608270645142,0.146583542227745,0.1388317793607711,297.2353820800781,297.1499938964844,293.1499938964844,0.0,-0.0,289.4619140625,0.893243670463562,0.1418537199497223,0.0992664694786071,297.2218322753906,297.1499938964844,293.1499938964844,0.0,-0.0,289.4615783691406,0.8522055149078369,0.1232480704784393,0.1168301999568939,297.1889038085937,297.1499938964844,293.1499938964844,0.0,-0.0,289.4620361328125,0.9103298783302308,0.1495679467916488,0.6730089783668518,289.46258544921875,289.2095947265625,289.5199890136719,288.2683410644531,289.5185241699219,297.2333374023437,289.4659118652344,1.0,0.2510550618171692,1.0,1.0,0.0,1.0,-1.3866231441497805,1.386621594429016,1.603356849955162e-06,1.05925714969635,0.0,0.0,0.0,22.98755073547364,25.0,51.42586517333984,-0.0,206.2709503173828,1.0,283.1598205566406,287.84234619140625,290.39013671875,290.6860046386719,293.1499938964844,293.1499938964844,278.1499938964844,0.0,18000.0,313.1499938964844,0.0,18000.0,0.0,0.0,0.0,0.0,0.0,0.0,0.0,0.0,0.0,-0.0,-0.0,-0.0,6.445913975451006e-21,3.222956987725503e-21,3.2229567857771112e-21,0.0,0.0,-0.0,0.0,0.0,0.0,0.0,0.0,0.0,0.0,0.0,0.0,4.0,0.0,0.0
12382920,297.2450866699219,297.1499938964844,293.1499938964844,0.0,-0.0,289.4619140625,0.8927675485610962,0.1416741758584976,0.127430260181427,297.24627685546875,297.1499938964844,293.1499938964844,0.0,-0.0,289.46197509765625,0.9032608270645142,0.146583542227745,0.1388317793607711,297.2353820800781,297.1499938964844,293.1499938964844,0.0,-0.0,289.4619140625,0.893243670463562,0.1418537199497223,0.0992664694786071,297.2218322753906,297.1499938964844,293.1499938964844,0.0,-0.0,289.4615783691406,0.8522055149078369,0.1232480704784393,0.1168301999568939,297.1889038085937,297.1499938964844,293.1499938964844,0.0,-0.0,289.4620361328125,0.9103298783302308,0.1495679467916488,0.6730089783668518,289.46258544921875,289.2095947265625,289.5199890136719,288.2683410644531,289.5185241699219,297.2333374023437,289.4659118652344,1.0,0.2510550618171692,1.0,1.0,0.0,1.0,-1.3866231441497805,1.386621594429016,1.603356849955162e-06,1.05925714969635,0.0,0.0,0.0,22.98755073547364,25.0,51.42586517333984,-0.0,206.2709503173828,1.0,283.1598205566406,287.84234619140625,290.39013671875,290.6860046386719,293.1499938964844,293.1499938964844,278.1499938964844,0.0,18000.0,313.1499938964844,0.0,18000.0,0.0,0.0,0.0,0.0,0.0,0.0,0.0,0.0,0.0,-0.0,-0.0,-0.0,6.445913975451006e-21,3.222956987725503e-21,3.2229567857771112e-21,0.0,0.0,-0.0,0.0,0.0,0.0,0.0,0.0,0.0,0.0,0.0,0.0,4.0,0.0,0.0
12382980,297.2467041015625,297.1499938964844,293.1499938964844,0.0,-0.0,289.4989013671875,0.8982314467430115,0.1430436223745346,0.1286491602659225,297.24774169921875,297.1499938964844,293.1499938964844,0.0,-0.0,289.4989624023437,0.9088972210884094,0.1479524672031402,0.1401137262582779,297.23663330078125,297.1499938964844,293.1499938964844,0.0,-0.0,289.4989013671875,0.898361325263977,0.1430626213550567,0.1001025661826133,297.2239074707031,297.1499938964844,293.1499938964844,0.0,-0.0,289.4985656738281,0.8569801449775696,0.1243684291839599,0.1178771182894706,297.1882019042969,297.1499938964844,293.1499938964844,0.0,-0.0,289.4989929199219,0.9140945076942444,0.1499902755022049,0.6748747229576111,289.49957275390625,289.2677307128906,289.5566711425781,288.2930908203125,289.5552062988281,297.2360534667969,289.5028686523437,1.0,0.2520487010478973,1.0,1.0,0.0,1.0,-1.3941254615783691,1.3941237926483154,1.619179215595068e-06,1.0653538703918457,0.0,0.0,0.0,22.96333694458008,25.0,51.42569351196289,-0.0,208.9885711669922,1.0,283.1598205566406,287.84234619140625,290.39013671875,290.6860046386719,293.1499938964844,293.1499938964844,278.1499938964844,0.0,18000.0,313.1499938964844,0.0,18000.0,0.0,0.0,0.0,0.0,0.0,0.0,0.0,0.0,0.0,-0.0,-0.0,-0.0,6.445913975451006e-21,3.222956987725503e-21,3.2229567857771112e-21,0.0,0.0,-0.0,0.0,0.0,0.0,0.0,0.0,0.0,0.0,0.0,0.0,4.0,0.0,0.0
12383040,297.2467041015625,297.1499938964844,293.1499938964844,0.0,-0.0,289.4989013671875,0.8982314467430115,0.1430436223745346,0.1286491602659225,297.24774169921875,297.1499938964844,293.1499938964844,0.0,-0.0,289.4989624023437,0.9088972210884094,0.1479524672031402,0.1401137262582779,297.23663330078125,297.1499938964844,293.1499938964844,0.0,-0.0,289.4989013671875,0.898361325263977,0.1430626213550567,0.1001025661826133,297.2239074707031,297.1499938964844,293.1499938964844,0.0,-0.0,289.4985656738281,0.8569801449775696,0.1243684291839599,0.1178771182894706,297.1882019042969,297.1499938964844,293.1499938964844,0.0,-0.0,289.4989929199219,0.9140945076942444,0.1499902755022049,0.6748747229576111,289.49957275390625,289.2677307128906,289.5566711425781,288.2930908203125,289.5552062988281,297.2360534667969,289.5028686523437,1.0,0.2520487010478973,1.0,1.0,0.0,1.0,-1.3941254615783691,1.3941237926483154,1.619179215595068e-06,1.0653538703918457,0.0,0.0,0.0,22.96333694458008,25.0,51.42569351196289,-0.0,208.9885711669922,1.0,283.1598205566406,287.84234619140625,290.39013671875,290.6860046386719,293.1499938964844,293.1499938964844,278.1499938964844,0.0,18000.0,313.1499938964844,0.0,18000.0,0.0,0.0,0.0,0.0,0.0,0.0,0.0,0.0,0.0,-0.0,-0.0,-0.0,6.445913975451006e-21,3.222956987725503e-21,3.2229567857771112e-21,0.0,0.0,-0.0,0.0,0.0,0.0,0.0,0.0,0.0,0.0,0.0,0.0,4.0,0.0,0.0
12383100,297.2474975585937,297.1499938964844,293.1499938964844,0.0,-0.0,289.51739501953125,0.9010173678398132,0.143735721707344,0.1292651891708374,297.2485046386719,297.1499938964844,293.1499938964844,0.0,-0.0,289.5174560546875,0.9118855595588684,0.1486459076404571,0.1407631188631057,297.2372741699219,297.1499938964844,293.1499938964844,0.0,-0.0,289.51739501953125,0.9009740352630616,0.1436741948127746,0.1005255281925201,297.2249450683594,297.1499938964844,293.1499938964844,0.0,-0.0,289.5170593261719,0.8594425320625305,0.1249384060502052,0.1184097975492477,297.1878967285156,297.1499938964844,293.1499938964844,0.0,-0.0,289.5174865722656,0.916047751903534,0.1502009183168411,0.6758047938346863,289.51806640625,289.25048828125,289.57501220703125,288.3054504394531,289.57354736328125,297.2374267578125,289.5213317871094,1.0,0.2525501549243927,1.0,1.0,0.0,1.0,-1.3979082107543943,1.3979065418243408,1.6271943650281171e-06,1.068426251411438,0.0,0.0,0.0,22.95091819763184,25.0,51.425662994384766,-0.0,210.3682861328125,1.0,283.1598205566406,287.84234619140625,290.39013671875,290.6860046386719,293.1499938964844,293.1499938964844,278.1499938964844,0.0,18000.0,313.1499938964844,0.0,18000.0,0.0,0.0,0.0,0.0,0.0,0.0,0.0,0.0,0.0,-0.0,-0.0,-0.0,6.445913975451006e-21,3.222956987725503e-21,3.2229567857771112e-21,0.0,0.0,-0.0,0.0,0.0,0.0,0.0,0.0,0.0,0.0,0.0,0.0,4.0,0.0,0.0
12383160,297.2483215332031,297.1499938964844,293.1499938964844,0.0,-0.0,289.535888671875,0.9038461446762084,0.1444326192140579,0.1298855096101761,297.249267578125,297.1499938964844,293.1499938964844,0.0,-0.0,289.53594970703125,0.9149723052978516,0.149345263838768,0.1414180546998977,297.2379150390625,297.1499938964844,293.1499938964844,0.0,-0.0,289.535888671875,0.9036271572113036,0.1442904323339462,0.1009517312049865,297.2259826660156,297.1499938964844,293.1499938964844,0.0,-0.0,289.5355529785156,0.8619558811187744,0.1255147606134414,0.1189484968781471,297.1875915527344,297.1499938964844,293.1499938964844,0.0,-0.0,289.5359802246094,0.9180463552474976,0.1504112780094146,0.6767333149909973,289.5365600585937,289.32440185546875,289.59332275390625,288.3178100585937,289.5918884277344,297.23883056640625,289.5398254394531,1.0,0.2530547082424164,1.0,1.0,0.0,1.0,-1.4017120599746704,1.4017103910446167,1.6352793181795278e-06,1.07151460647583,0.0,0.0,0.0,22.93829345703125,25.0,51.42564392089844,-0.0,211.7621307373047,1.0,283.1598205566406,287.84234619140625,290.39013671875,290.6860046386719,293.1499938964844,293.1499938964844,278.1499938964844,0.0,18000.0,313.1499938964844,0.0,18000.0,0.0,0.0,0.0,0.0,0.0,0.0,0.0,0.0,0.0,-0.0,-0.0,-0.0,6.445913975451006e-21,3.222956987725503e-21,3.2229567857771112e-21,0.0,0.0,-0.0,0.0,0.0,0.0,0.0,0.0,0.0,0.0,0.0,0.0,4.0,0.0,0.0
12383220,297.2499084472656,297.1499938964844,293.1499938964844,0.0,-0.0,289.5728759765625,0.9098677635192872,0.1458405703306198,0.1311387717723846,297.2508239746094,297.1499938964844,293.1499938964844,0.0,-0.0,289.57293701171875,0.9213976860046388,0.1507615596055984,0.1427444219589233,297.2392272949219,297.1499938964844,293.1499938964844,0.0,-0.0,289.5728759765625,0.9092657566070556,0.1455368846654892,0.1018137708306312,297.22802734375,297.1499938964844,293.1499938964844,0.0,-0.0,289.5725402832031,0.8671377897262573,0.1266863048076629,0.1200436353683471,297.1870422363281,297.1499938964844,293.1499938964844,0.0,-0.0,289.57293701171875,0.9221728444099426,0.1508314907550811,0.6785871386528015,289.5735168457031,289.3796081542969,289.6300048828125,288.342529296875,289.6285400390625,297.24169921875,289.5767822265625,1.0,0.2540731728076935,1.0,1.0,0.0,1.0,-1.4093836545944214,1.4093819856643677,1.6516611367478615e-06,1.077739119529724,0.0,0.0,0.0,22.91243553161621,25.0,51.42564010620117,-0.0,214.5929412841797,1.0,283.1598205566406,287.84234619140625,290.39013671875,290.6860046386719,293.1499938964844,293.1499938964844,278.1499938964844,0.0,18000.0,313.1499938964844,0.0,18000.0,0.0,0.0,0.0,0.0,0.0,0.0,0.0,0.0,0.0,-0.0,-0.0,-0.0,6.445913975451006e-21,3.222956987725503e-21,3.2229567857771112e-21,0.0,0.0,-0.0,0.0,0.0,0.0,0.0,0.0,0.0,0.0,0.0,0.0,4.0,0.0,0.0
12383280,297.2499084472656,297.1499938964844,293.1499938964844,0.0,-0.0,289.5728759765625,0.9098677635192872,0.1458405703306198,0.1311387717723846,297.2508239746094,297.1499938964844,293.1499938964844,0.0,-0.0,289.57293701171875,0.9213976860046388,0.1507615596055984,0.1427444219589233,297.2392272949219,297.1499938964844,293.1499938964844,0.0,-0.0,289.5728759765625,0.9092657566070556,0.1455368846654892,0.1018137708306312,297.22802734375,297.1499938964844,293.1499938964844,0.0,-0.0,289.5725402832031,0.8671377897262573,0.1266863048076629,0.1200436353683471,297.1870422363281,297.1499938964844,293.1499938964844,0.0,-0.0,289.57293701171875,0.9221728444099426,0.1508314907550811,0.6785871386528015,289.5735168457031,289.3796081542969,289.6300048828125,288.342529296875,289.6285400390625,297.24169921875,289.5767822265625,1.0,0.2540731728076935,1.0,1.0,0.0,1.0,-1.4093836545944214,1.4093819856643677,1.6516611367478615e-06,1.077739119529724,0.0,0.0,0.0,22.91243553161621,25.0,51.42564010620117,-0.0,214.5929412841797,1.0,283.1598205566406,287.84234619140625,290.39013671875,290.6860046386719,293.1499938964844,293.1499938964844,278.1499938964844,0.0,18000.0,313.1499938964844,0.0,18000.0,0.0,0.0,0.0,0.0,0.0,0.0,0.0,0.0,0.0,-0.0,-0.0,-0.0,6.445913975451006e-21,3.222956987725503e-21,3.2229567857771112e-21,0.0,0.0,-0.0,0.0,0.0,0.0,0.0,0.0,0.0,0.0,0.0,0.0,4.0,0.0,0.0
12383340,297.2514953613281,297.1499938964844,293.1499938964844,0.0,-0.0,289.60986328125,0.9163428544998168,0.1472672224044799,0.1324087083339691,297.25244140625,297.1499938964844,293.1499938964844,0.0,-0.0,289.60992431640625,0.9280917644500732,0.1522014290094375,0.1440928727388382,297.2405700683594,297.1499938964844,293.1499938964844,0.0,-0.0,289.60986328125,0.9153373837471008,0.1468020230531692,0.1026887372136116,297.2300720214844,297.1499938964844,293.1499938964844,0.0,-0.0,289.6095275878906,0.8725304007530212,0.1278828084468841,0.1211622804403305,297.1865539550781,297.1499938964844,293.1499938964844,0.0,-0.0,289.60992431640625,0.9264615178108216,0.151251345872879,0.6804383397102356,289.6105041503906,289.4333190917969,289.6666564941406,288.3672180175781,289.66522216796875,297.24462890625,289.6137390136719,1.0,0.2551045417785644,1.0,1.0,0.0,1.0,-1.417142391204834,1.4171407222747805,1.6683321746313595e-06,1.0840280055999756,0.0,0.0,0.0,22.88578414916992,25.0,51.425689697265625,-0.0,217.48294067382807,1.0,283.1598205566406,287.84234619140625,290.39013671875,290.6860046386719,293.1499938964844,293.1499938964844,278.1499938964844,0.0,18000.0,313.1499938964844,0.0,18000.0,0.0,0.0,0.0,0.0,0.0,0.0,0.0,0.0,0.0,-0.0,-0.0,-0.0,6.445913975451006e-21,3.222956987725503e-21,3.2229567857771112e-21,0.0,0.0,-0.0,0.0,0.0,0.0,0.0,0.0,0.0,0.0,0.0,0.0,4.0,0.0,0.0
12383400,297.2514953613281,297.1499938964844,293.1499938964844,0.0,-0.0,289.60986328125,0.9163428544998168,0.1472672224044799,0.1324087083339691,297.25244140625,297.1499938964844,293.1499938964844,0.0,-0.0,289.60992431640625,0.9280917644500732,0.1522014290094375,0.1440928727388382,297.2405700683594,297.1499938964844,293.1499938964844,0.0,-0.0,289.60986328125,0.9153373837471008,0.1468020230531692,0.1026887372136116,297.2300720214844,297.1499938964844,293.1499938964844,0.0,-0.0,289.6095275878906,0.8725304007530212,0.1278828084468841,0.1211622804403305,297.1865539550781,297.1499938964844,293.1499938964844,0.0,-0.0,289.60992431640625,0.9264615178108216,0.151251345872879,0.6804383397102356,289.6105041503906,289.4333190917969,289.6666564941406,288.3672180175781,289.66522216796875,297.24462890625,289.6137390136719,1.0,0.2551045417785644,1.0,1.0,0.0,1.0,-1.417142391204834,1.4171407222747805,1.6683321746313595e-06,1.0840280055999756,0.0,0.0,0.0,22.88578414916992,25.0,51.425689697265625,-0.0,217.48294067382807,1.0,283.1598205566406,287.84234619140625,290.39013671875,290.6860046386719,293.1499938964844,293.1499938964844,278.1499938964844,0.0,18000.0,313.1499938964844,0.0,18000.0,0.0,0.0,0.0,0.0,0.0,0.0,0.0,0.0,0.0,-0.0,-0.0,-0.0,6.445913975451006e-21,3.222956987725503e-21,3.2229567857771112e-21,0.0,0.0,-0.0,0.0,0.0,0.0,0.0,0.0,0.0,0.0,0.0,0.0,4.0,0.0,0.0
12383460,297.2530822753906,297.1499938964844,293.1499938964844,0.0,-0.0,289.6468505859375,0.9231768250465392,0.1487128287553787,0.1336955279111862,297.25408935546875,297.1499938964844,293.1499938964844,0.0,-0.0,289.6469116210937,0.9349871873855592,0.1536655575037002,0.1454640328884124,297.2419128417969,297.1499938964844,293.1499938964844,0.0,-0.0,289.6468200683594,0.9217668175697328,0.1480864137411117,0.1035769954323768,297.23211669921875,297.1499938964844,293.1499938964844,0.0,-0.0,289.6465148925781,0.8781445622444153,0.1291046887636184,0.1223047897219657,297.1861572265625,297.1499938964844,293.1499938964844,0.0,-0.0,289.6468811035156,0.930908501148224,0.1516724973917007,0.6822914481163025,289.6474609375,289.485595703125,289.7033386230469,288.3918762207031,289.701904296875,297.2467346191406,289.65069580078125,1.0,0.2561495006084442,1.0,1.0,0.0,1.0,-1.4249955415725708,1.424993872642517,1.6853111901582452e-06,1.0903863906860352,0.0,0.0,0.0,22.858097076416016,25.0,51.42578125,-0.0,220.43544006347656,1.0,283.1598205566406,287.84234619140625,290.39013671875,290.6860046386719,293.1499938964844,293.1499938964844,278.1499938964844,0.0,18000.0,313.1499938964844,0.0,18000.0,0.0,0.0,0.0,0.0,0.0,0.0,0.0,0.0,0.0,-0.0,-0.0,-0.0,6.445913975451006e-21,3.222956987725503e-21,3.2229567857771112e-21,0.0,0.0,-0.0,0.0,0.0,0.0,0.0,0.0,0.0,0.0,0.0,0.0,4.0,0.0,0.0
12383520,297.2530822753906,297.1499938964844,293.1499938964844,0.0,-0.0,289.6468505859375,0.9231768250465392,0.1487128287553787,0.1336955279111862,297.25408935546875,297.1499938964844,293.1499938964844,0.0,-0.0,289.6469116210937,0.9349871873855592,0.1536655575037002,0.1454640328884124,297.2419128417969,297.1499938964844,293.1499938964844,0.0,-0.0,289.6468200683594,0.9217668175697328,0.1480864137411117,0.1035769954323768,297.23211669921875,297.1499938964844,293.1499938964844,0.0,-0.0,289.6465148925781,0.8781445622444153,0.1291046887636184,0.1223047897219657,297.1861572265625,297.1499938964844,293.1499938964844,0.0,-0.0,289.6468811035156,0.930908501148224,0.1516724973917007,0.6822914481163025,289.6474609375,289.485595703125,289.7033386230469,288.3918762207031,289.701904296875,297.2467346191406,289.65069580078125,1.0,0.2561495006084442,1.0,1.0,0.0,1.0,-1.4249955415725708,1.424993872642517,1.6853111901582452e-06,1.0903863906860352,0.0,0.0,0.0,22.858097076416016,25.0,51.42578125,-0.0,220.43544006347656,1.0,283.1598205566406,287.84234619140625,290.39013671875,290.6860046386719,293.1499938964844,293.1499938964844,278.1499938964844,0.0,18000.0,313.1499938964844,0.0,18000.0,0.0,0.0,0.0,0.0,0.0,0.0,0.0,0.0,0.0,-0.0,-0.0,-0.0,6.445913975451006e-21,3.222956987725503e-21,3.2229567857771112e-21,0.0,0.0,-0.0,0.0,0.0,0.0,0.0,0.0,0.0,0.0,0.0,0.0,4.0,0.0,0.0
12383580,297.254638671875,297.1499938964844,293.1499938964844,0.0,-0.0,289.683837890625,0.9303062558174132,0.1501772701740265,0.1349989622831344,297.2557678222656,297.1499938964844,293.1499938964844,0.0,-0.0,289.68389892578125,0.9420432448387146,0.1551538705825805,0.1468577086925506,297.2432861328125,297.1499938964844,293.1499938964844,0.0,-0.0,289.6838073730469,0.9285063743591307,0.149390161037445,0.1044784933328628,297.2341613769531,297.1499938964844,293.1499938964844,0.0,-0.0,289.6835021972656,0.8840073347091675,0.1303514838218689,0.1234706342220306,297.1858215332031,297.1499938964844,293.1499938964844,0.0,-0.0,289.6838684082031,0.9355382323265076,0.1520980894565582,0.6841612458229065,289.6844482421875,289.5364074707031,289.739990234375,288.41650390625,289.73858642578125,297.2483215332031,289.6876525878906,1.0,0.2572089433670044,1.0,1.0,0.0,1.0,-1.4329596757888794,1.4329580068588257,1.7026375189743703e-06,1.0968269109725952,0.0,0.0,0.0,22.828224182128903,25.0,51.42609024047852,-0.0,223.45529174804688,1.0,283.1598205566406,287.84234619140625,290.39013671875,290.6860046386719,293.1499938964844,293.1499938964844,278.1499938964844,0.0,18000.0,313.1499938964844,0.0,18000.0,0.0,0.0,0.0,0.0,0.0,0.0,0.0,0.0,0.0,-0.0,-0.0,-0.0,6.445913975451006e-21,3.222956987725503e-21,3.2229567857771112e-21,0.0,0.0,-0.0,0.0,0.0,0.0,0.0,0.0,0.0,0.0,0.0,0.0,4.0,0.0,0.0
12383640,297.254638671875,297.1499938964844,293.1499938964844,0.0,-0.0,289.683837890625,0.9303062558174132,0.1501772701740265,0.1349989622831344,297.2557678222656,297.1499938964844,293.1499938964844,0.0,-0.0,289.68389892578125,0.9420432448387146,0.1551538705825805,0.1468577086925506,297.2432861328125,297.1499938964844,293.1499938964844,0.0,-0.0,289.6838073730469,0.9285063743591307,0.149390161037445,0.1044784933328628,297.2341613769531,297.1499938964844,293.1499938964844,0.0,-0.0,289.6835021972656,0.8840073347091675,0.1303514838218689,0.1234706342220306,297.1858215332031,297.1499938964844,293.1499938964844,0.0,-0.0,289.6838684082031,0.9355382323265076,0.1520980894565582,0.6841612458229065,289.6844482421875,289.5364074707031,289.739990234375,288.41650390625,289.73858642578125,297.2483215332031,289.6876525878906,1.0,0.2572089433670044,1.0,1.0,0.0,1.0,-1.4329596757888794,1.4329580068588257,1.7026375189743703e-06,1.0968269109725952,0.0,0.0,0.0,22.828224182128903,25.0,51.42609024047852,-0.0,223.45529174804688,1.0,283.1598205566406,287.84234619140625,290.39013671875,290.6860046386719,293.1499938964844,293.1499938964844,278.1499938964844,0.0,18000.0,313.1499938964844,0.0,18000.0,0.0,0.0,0.0,0.0,0.0,0.0,0.0,0.0,0.0,-0.0,-0.0,-0.0,6.445913975451006e-21,3.222956987725503e-21,3.2229567857771112e-21,0.0,0.0,-0.0,0.0,0.0,0.0,0.0,0.0,0.0,0.0,0.0,0.0,4.0,0.0,0.0
12383700,297.25543212890625,297.1499938964844,293.1499938964844,0.0,-0.0,289.70233154296875,0.933954119682312,0.1509167551994323,0.1356571316719055,297.2566223144531,297.1499938964844,293.1499938964844,0.0,-0.0,289.702392578125,0.9456101059913636,0.1559074223041534,0.1475633233785629,297.2439880371094,297.1499938964844,293.1499938964844,0.0,-0.0,289.7023010253906,0.9319691061973572,0.1500495672225952,0.1049344316124916,297.23516845703125,297.1499938964844,293.1499938964844,0.0,-0.0,289.7019958496094,0.8870323300361633,0.1309844851493835,0.1240625530481338,297.1856994628906,297.1499938964844,293.1499938964844,0.0,-0.0,289.70233154296875,0.937916338443756,0.1523124277591705,0.6851030588150024,289.7029113769531,289.517333984375,289.7583312988281,288.4288024902344,289.7569274902344,297.2491149902344,289.70611572265625,1.0,0.257744550704956,1.0,1.0,0.0,1.0,-1.4369853734970093,1.4369837045669556,1.7114368802140234e-06,1.1000792980194092,0.0,0.0,0.0,22.812578201293945,25.0,51.42641830444336,-0.0,224.9919586181641,1.0,283.1598205566406,287.84234619140625,290.39013671875,290.6860046386719,293.1499938964844,293.1499938964844,278.1499938964844,0.0,18000.0,313.1499938964844,0.0,18000.0,0.0,0.0,0.0,0.0,0.0,0.0,0.0,0.0,0.0,-0.0,-0.0,-0.0,6.445913975451006e-21,3.222956987725503e-21,3.2229567857771112e-21,0.0,0.0,-0.0,0.0,0.0,0.0,0.0,0.0,0.0,0.0,0.0,0.0,4.0,0.0,0.0
12383760,297.2561950683594,297.1499938964844,293.1499938964844,0.0,-0.0,289.7208251953125,0.9376398921012878,0.1516608893871307,0.136319413781166,297.2574768066406,297.1499938964844,293.1499938964844,0.0,-0.0,289.72088623046875,0.9491883516311646,0.1566670387983322,0.14827461540699,297.24468994140625,297.1499938964844,293.1499938964844,0.0,-0.0,289.7207946777344,0.9354780316352844,0.1507138609886169,0.1053937375545501,297.2362060546875,297.1499938964844,293.1499938964844,0.0,-0.0,289.7204895019531,0.8901165723800659,0.13162362575531,0.1246602535247802,297.1855773925781,297.1499938964844,293.1499938964844,0.0,-0.0,289.7208251953125,0.9403301477432252,0.1525276750326156,0.6860488653182983,289.7214050292969,289.5857238769531,289.77667236328125,288.44110107421875,289.7752380371094,297.2499389648437,289.724609375,1.0,0.2582840323448181,1.0,1.0,0.0,1.0,-1.4410386085510254,1.4410369396209717,1.720324235066073e-06,1.1033519506454468,0.0,0.0,0.0,22.796600341796875,25.0,51.4267807006836,-0.0,226.5464324951172,1.0,283.1598205566406,287.84234619140625,290.39013671875,290.6860046386719,293.1499938964844,293.1499938964844,278.1499938964844,0.0,18000.0,313.1499938964844,0.0,18000.0,0.0,0.0,0.0,0.0,0.0,0.0,0.0,0.0,0.0,-0.0,-0.0,-0.0,6.445913975451006e-21,3.222956987725503e-21,3.2229567857771112e-21,0.0,0.0,-0.0,0.0,0.0,0.0,0.0,0.0,0.0,0.0,0.0,0.0,4.0,0.0,0.0
12383820,297.2577514648437,297.1499938964844,293.1499938964844,0.0,-0.0,289.7577819824219,0.9450805187225342,0.1531629711389541,0.1376563161611557,297.2592163085937,297.1499938964844,293.1499938964844,0.0,-0.0,289.75787353515625,0.9563435912132264,0.1582045555114746,0.1497143059968948,297.24609375,297.1499938964844,293.1499938964844,0.0,-0.0,289.7577819824219,0.9425947666168212,0.1520570814609527,0.1063224673271179,297.2382202148437,297.1499938964844,293.1499938964844,0.0,-0.0,289.7574768066406,0.8964576721191406,0.1329203248023986,0.1258729398250579,297.1854248046875,297.1499938964844,293.1499938964844,0.0,-0.0,289.7578125,0.9452509880065918,0.1529607325792312,0.6879516243934631,289.7583923339844,289.63360595703125,289.8133239746094,288.4656677246094,289.8119201660156,297.2515563964844,289.7615661621094,1.0,0.2593749463558197,1.0,1.0,0.0,1.0,-1.4492268562316897,1.4492250680923462,1.7383634940415504e-06,1.1099566221237185,0.0,0.0,0.0,22.763891220092773,25.0,51.42753219604492,-0.0,229.7097625732422,1.0,283.1598205566406,287.84234619140625,290.39013671875,290.6860046386719,293.1499938964844,293.1499938964844,278.1499938964844,0.0,18000.0,313.1499938964844,0.0,18000.0,0.0,0.0,0.0,0.0,0.0,0.0,0.0,0.0,0.0,-0.0,-0.0,-0.0,6.445913975451006e-21,3.222956987725503e-21,3.2229567857771112e-21,0.0,0.0,-0.0,0.0,0.0,0.0,0.0,0.0,0.0,0.0,0.0,0.0,4.0,0.0,0.0
12383880,297.2577514648437,297.1499938964844,293.1499938964844,0.0,-0.0,289.7577819824219,0.9450805187225342,0.1531629711389541,0.1376563161611557,297.2592163085937,297.1499938964844,293.1499938964844,0.0,-0.0,289.75787353515625,0.9563435912132264,0.1582045555114746,0.1497143059968948,297.24609375,297.1499938964844,293.1499938964844,0.0,-0.0,289.7577819824219,0.9425947666168212,0.1520570814609527,0.1063224673271179,297.2382202148437,297.1499938964844,293.1499938964844,0.0,-0.0,289.7574768066406,0.8964576721191406,0.1329203248023986,0.1258729398250579,297.1854248046875,297.1499938964844,293.1499938964844,0.0,-0.0,289.7578125,0.9452509880065918,0.1529607325792312,0.6879516243934631,289.7583923339844,289.63360595703125,289.8133239746094,288.4656677246094,289.8119201660156,297.2515563964844,289.7615661621094,1.0,0.2593749463558197,1.0,1.0,0.0,1.0,-1.4492268562316897,1.4492250680923462,1.7383634940415504e-06,1.1099566221237185,0.0,0.0,0.0,22.763891220092773,25.0,51.42753219604492,-0.0,229.7097625732422,1.0,283.1598205566406,287.84234619140625,290.39013671875,290.6860046386719,293.1499938964844,293.1499938964844,278.1499938964844,0.0,18000.0,313.1499938964844,0.0,18000.0,0.0,0.0,0.0,0.0,0.0,0.0,0.0,0.0,0.0,-0.0,-0.0,-0.0,6.445913975451006e-21,3.222956987725503e-21,3.2229567857771112e-21,0.0,0.0,-0.0,0.0,0.0,0.0,0.0,0.0,0.0,0.0,0.0,0.0,4.0,0.0,0.0
12383940,297.25927734375,297.1499938964844,293.1499938964844,0.0,-0.0,289.7947692871094,0.9525479674339294,0.1546835899353027,0.1390097439289093,297.2609558105469,297.1499938964844,293.1499938964844,0.0,-0.0,289.7948608398437,0.963446080684662,0.1597668677568435,0.1511772572994232,297.24755859375,297.1499938964844,293.1499938964844,0.0,-0.0,289.7947692871094,0.949783980846405,0.1534201651811599,0.107264943420887,297.240234375,297.1499938964844,293.1499938964844,0.0,-0.0,289.79449462890625,0.903023898601532,0.134241834282875,0.1271089613437652,297.185302734375,297.1499938964844,293.1499938964844,0.0,-0.0,289.7947692871094,0.9502766132354736,0.153397262096405,0.6898693442344666,289.7953491210937,289.67999267578125,289.8500061035156,288.4902038574219,289.8486022949219,297.253173828125,289.79852294921875,1.0,0.2604822814464569,1.0,1.0,0.0,1.0,-1.4575251340866089,1.4575234651565552,1.7567620034242282e-06,1.1166412830352783,0.0,0.0,0.0,22.73044776916504,43.0,51.42829132080078,-0.0,232.94796752929688,1.0,283.1598205566406,287.84234619140625,290.39013671875,290.6860046386719,293.1499938964844,293.1499938964844,278.1499938964844,0.0,18000.0,313.1499938964844,0.0,18000.0,0.0,0.0,0.0,0.0,0.0,0.0,0.0,0.0,0.0,-0.0,-0.0,-0.0,6.445913975451006e-21,3.222956987725503e-21,3.2229567857771112e-21,0.0,0.0,-0.0,0.0,0.0,0.0,0.0,0.0,0.0,0.0,0.0,0.0,4.0,0.0,0.0
12384000,297.25927734375,297.1499938964844,293.1499938964844,0.0,-0.0,289.7947692871094,0.9525479674339294,0.1546835899353027,0.1390097439289093,297.2609558105469,297.1499938964844,293.1499938964844,0.0,-0.0,289.7948608398437,0.963446080684662,0.1597668677568435,0.1511772572994232,297.24755859375,297.1499938964844,293.1499938964844,0.0,-0.0,289.7947692871094,0.949783980846405,0.1534201651811599,0.107264943420887,297.240234375,297.1499938964844,293.1499938964844,0.0,-0.0,289.79449462890625,0.903023898601532,0.134241834282875,0.1271089613437652,297.185302734375,297.1499938964844,293.1499938964844,0.0,-0.0,289.7947692871094,0.9502766132354736,0.153397262096405,0.6898693442344666,289.7953491210937,289.67999267578125,289.8500061035156,288.4902038574219,289.8486022949219,297.253173828125,289.79852294921875,1.0,0.2604822814464569,1.0,1.0,0.0,1.0,-1.4575251340866089,1.4575234651565552,1.7567620034242282e-06,1.1166412830352783,0.0,0.0,0.0,22.73044776916504,43.0,51.42829132080078,-0.0,232.94796752929688,1.0,283.1598205566406,287.84234619140625,290.39013671875,290.6860046386719,293.1499938964844,293.1499938964844,278.1499938964844,0.0,18000.0,313.1499938964844,0.0,18000.0,0.0,0.0,0.0,0.0,0.0,0.0,0.0,0.0,0.0,-0.0,-0.0,-0.0,6.445913975451006e-21,3.222956987725503e-21,3.2229567857771112e-21,0.0,0.0,-0.0,0.0,0.0,0.0,0.0,0.0,0.0,0.0,0.0,0.0,4.0,0.0,0.0
12384060,297.2641296386719,297.1499938964844,293.1499938964844,0.0,-0.0,289.8316955566406,0.8843921422958374,0.1565526127815246,0.1407236605882644,297.2662048339844,297.1499938964844,293.1499938964844,0.0,-0.0,289.8317565917969,0.8941936492919922,0.161697119474411,0.153031975030899,297.2524108886719,297.1499938964844,293.1499938964844,0.0,-0.0,289.8316955566406,0.8817374110221863,0.1551417410373687,0.1084918305277824,297.2456970214844,297.1499938964844,293.1499938964844,0.0,-0.0,289.8313903808594,0.8441304564476013,0.1359333992004394,0.1287378817796707,297.1887512207031,297.1499938964844,293.1499938964844,0.0,-0.0,289.8316650390625,0.8803502321243286,0.1541868448257446,0.6935657262802124,289.832275390625,289.7249450683594,289.8866577148437,288.5150146484375,289.8852844238281,297.2579345703125,289.8354187011719,1.0,0.2683888375759125,1.0,1.0,0.0,1.0,-1.4696712493896484,1.4696694612503052,1.7838358417066047e-06,1.1263439655303955,0.0,0.0,0.0,27.18107986450196,61.0,51.42375183105469,-0.0,249.0031890869141,1.0,283.1598205566406,287.84234619140625,290.39013671875,290.6860046386719,293.1499938964844,293.1499938964844,278.1499938964844,0.0,18000.0,313.1499938964844,0.0,18000.0,0.0,0.0,0.0,0.0,0.0,0.0,0.0,0.0,0.0,-0.0,-0.0,-0.0,6.445913975451006e-21,3.222956987725503e-21,3.2229567857771112e-21,0.0,0.0,-0.0,0.0,0.0,0.0,0.0,0.0,0.0,0.0,0.0,0.0,4.0,0.0,0.0
12384120,297.2641296386719,297.1499938964844,293.1499938964844,0.0,-0.0,289.8316955566406,0.8843921422958374,0.1565526127815246,0.1407236605882644,297.2662048339844,297.1499938964844,293.1499938964844,0.0,-0.0,289.8317565917969,0.8941936492919922,0.161697119474411,0.153031975030899,297.2524108886719,297.1499938964844,293.1499938964844,0.0,-0.0,289.8316955566406,0.8817374110221863,0.1551417410373687,0.1084918305277824,297.2456970214844,297.1499938964844,293.1499938964844,0.0,-0.0,289.8313903808594,0.8441304564476013,0.1359333992004394,0.1287378817796707,297.1887512207031,297.1499938964844,293.1499938964844,0.0,-0.0,289.8316650390625,0.8803502321243286,0.1541868448257446,0.6935657262802124,289.832275390625,289.7249450683594,289.8866577148437,288.5150146484375,289.8852844238281,297.2579345703125,289.8354187011719,1.0,0.2683888375759125,1.0,1.0,0.0,1.0,-1.4696712493896484,1.4696694612503052,1.7838358417066047e-06,1.1263439655303955,0.0,0.0,0.0,27.18107986450196,61.0,51.42375183105469,-0.0,249.0031890869141,1.0,283.1598205566406,287.84234619140625,290.39013671875,290.6860046386719,293.1499938964844,293.1499938964844,278.1499938964844,0.0,18000.0,313.1499938964844,0.0,18000.0,0.0,0.0,0.0,0.0,0.0,0.0,0.0,0.0,0.0,-0.0,-0.0,-0.0,6.445913975451006e-21,3.222956987725503e-21,3.2229567857771112e-21,0.0,0.0,-0.0,0.0,0.0,0.0,0.0,0.0,0.0,0.0,0.0,0.0,4.0,0.0,0.0
12384180,297.2731018066406,297.1499938964844,293.1499938964844,0.0,-0.0,289.8687438964844,0.8212234973907471,0.1589056998491287,0.1430281400680542,297.2761535644531,297.1499938964844,293.1499938964844,0.0,-0.0,289.8688049316406,0.8295139074325562,0.1641734689474105,0.1555578857660293,297.26177978515625,297.1499938964844,293.1499938964844,0.0,-0.0,289.8687438964844,0.8187984228134155,0.1573847383260727,0.11019978672266,297.2559509277344,297.1499938964844,293.1499938964844,0.0,-0.0,289.86846923828125,0.783855676651001,0.1381801813840866,0.1310454607009887,297.1971435546875,297.1499938964844,293.1499938964844,0.0,-0.0,289.86871337890625,0.816117525100708,0.1555257588624954,0.700442910194397,289.8692932128906,289.7684020996094,289.92333984375,288.54034423828125,289.9219665527344,297.267333984375,289.8724670410156,1.0,0.2810932397842407,1.0,1.0,0.0,1.0,-1.48854398727417,1.488542079925537,1.8264273649037928e-06,1.141408085823059,0.0,0.0,0.0,35.20253372192383,49.0,51.53533554077149,-0.0,277.2648010253906,1.0,283.1598205566406,287.84234619140625,290.39013671875,290.6860046386719,293.1499938964844,293.1499938964844,278.1499938964844,0.0,18000.0,313.1499938964844,0.0,18000.0,0.0,0.0,0.0,0.0,0.0,0.0,0.0,0.0,0.0,-0.0,-0.0,-0.0,6.445913975451006e-21,3.222956987725503e-21,3.2229567857771112e-21,0.0,0.0,-0.0,0.0,0.0,0.0,0.0,0.0,0.0,0.0,0.0,0.0,4.0,0.0,0.0
12384240,297.2731018066406,297.1499938964844,293.1499938964844,0.0,-0.0,289.8687438964844,0.8212234973907471,0.1589056998491287,0.1430281400680542,297.2761535644531,297.1499938964844,293.1499938964844,0.0,-0.0,289.8688049316406,0.8295139074325562,0.1641734689474105,0.1555578857660293,297.26177978515625,297.1499938964844,293.1499938964844,0.0,-0.0,289.8687438964844,0.8187984228134155,0.1573847383260727,0.11019978672266,297.2559509277344,297.1499938964844,293.1499938964844,0.0,-0.0,289.86846923828125,0.783855676651001,0.1381801813840866,0.1310454607009887,297.1971435546875,297.1499938964844,293.1499938964844,0.0,-0.0,289.86871337890625,0.816117525100708,0.1555257588624954,0.700442910194397,289.8692932128906,289.7684020996094,289.92333984375,288.54034423828125,289.9219665527344,297.267333984375,289.8724670410156,1.0,0.2810932397842407,1.0,1.0,0.0,1.0,-1.48854398727417,1.488542079925537,1.8264273649037928e-06,1.141408085823059,0.0,0.0,0.0,35.20253372192383,49.0,51.53533554077149,-0.0,277.2648010253906,1.0,283.1598205566406,287.84234619140625,290.39013671875,290.6860046386719,293.1499938964844,293.1499938964844,278.1499938964844,0.0,18000.0,313.1499938964844,0.0,18000.0,0.0,0.0,0.0,0.0,0.0,0.0,0.0,0.0,0.0,-0.0,-0.0,-0.0,6.445913975451006e-21,3.222956987725503e-21,3.2229567857771112e-21,0.0,0.0,-0.0,0.0,0.0,0.0,0.0,0.0,0.0,0.0,0.0,0.0,4.0,0.0,0.0
12384300,297.2784118652344,297.1499938964844,293.1499938964844,0.0,-0.0,289.88739013671875,0.8114886283874512,0.1602068394422531,0.1442310661077499,297.2821655273437,297.1499938964844,293.1499938964844,0.0,-0.0,289.887451171875,0.8199384808540344,0.165562555193901,0.1568995267152786,297.2674255371094,297.1499938964844,293.1499938964844,0.0,-0.0,289.8873596191406,0.808923602104187,0.1586466431617736,0.1111044958233833,297.2621459960937,297.1499938964844,293.1499938964844,0.0,-0.0,289.8871154785156,0.7741811871528625,0.1394584625959396,0.1322817504405975,297.2024841308594,297.1499938964844,293.1499938964844,0.0,-0.0,289.8873596191406,0.8053596615791321,0.1563488990068435,0.7042669057846069,289.887939453125,289.7474975585937,289.9416809082031,288.5531616210937,289.9403076171875,297.2730407714844,289.8910827636719,1.0,0.2843727767467499,1.0,1.0,0.0,1.0,-1.4987599849700928,1.4987581968307495,1.849775003393006e-06,1.1495805978775024,0.0,0.0,0.0,37.29660034179688,49.0,51.62810516357422,-0.0,287.1194763183594,1.0,283.1598205566406,287.84234619140625,290.39013671875,290.6860046386719,293.1499938964844,293.1499938964844,278.1499938964844,0.0,18000.0,313.1499938964844,0.0,18000.0,0.0,0.0,0.0,0.0,0.0,0.0,0.0,0.0,0.0,-0.0,-0.0,-0.0,6.445913975451006e-21,3.222956987725503e-21,3.2229567857771112e-21,0.0,0.0,-0.0,0.0,0.0,0.0,0.0,0.0,0.0,0.0,0.0,0.0,4.0,0.0,0.0
12384360,297.2841796875,297.1499938964844,293.1499938964844,0.0,-0.0,289.9060363769531,0.811368465423584,0.1615843325853347,0.145446628332138,297.2886962890625,297.1499938964844,293.1499938964844,0.0,-0.0,289.9060974121094,0.8198980093002319,0.1670415699481964,0.1582688391208648,297.2735595703125,297.1499938964844,293.1499938964844,0.0,-0.0,289.906005859375,0.8087641000747681,0.1599927097558975,0.1120252683758735,297.26885986328125,297.1499938964844,293.1499938964844,0.0,-0.0,289.90576171875,0.7743597030639648,0.1408291608095169,0.1335482150316238,297.2084350585937,297.1499938964844,293.1499938964844,0.0,-0.0,289.9059753417969,0.8044692277908325,0.1572635024785995,0.7082300186157227,289.9065856933594,289.8103942871094,289.9599914550781,288.56610107421875,289.9586486816406,297.2792358398437,289.9096984863281,1.0,0.2862579524517059,1.0,1.0,0.0,1.0,-1.5092463493347168,1.509244441986084,1.87392345196713e-06,1.1579533815383911,0.0,0.0,0.0,37.8802375793457,37.0,51.68622589111328,-0.0,293.344482421875,1.0,283.1598205566406,287.84234619140625,290.39013671875,290.6860046386719,293.1499938964844,293.1499938964844,278.1499938964844,0.0,18000.0,313.1499938964844,0.0,18000.0,0.0,0.0,0.0,0.0,0.0,0.0,0.0,0.0,0.0,-0.0,-0.0,-0.0,6.445913975451006e-21,3.222956987725503e-21,3.2229567857771112e-21,0.0,0.0,-0.0,0.0,0.0,0.0,0.0,0.0,0.0,0.0,0.0,0.0,4.0,0.0,0.0
12384420,297.296630859375,297.1499938964844,293.1499938964844,0.0,-0.0,289.943359375,0.8301025032997131,0.164546325802803,0.1479543596506118,297.302978515625,297.1499938964844,293.1499938964844,0.0,-0.0,289.94342041015625,0.838851273059845,0.1702425479888916,0.1611236333847046,297.28692626953125,297.1499938964844,293.1499938964844,0.0,-0.0,289.9433288574219,0.8275524377822876,0.1629122942686081,0.1139414012432098,297.2835388183594,297.1499938964844,293.1499938964844,0.0,-0.0,289.9430847167969,0.7944943904876709,0.1438202708959579,0.136204108595848,297.2216186523437,297.1499938964844,293.1499938964844,0.0,-0.0,289.9432983398437,0.8222190141677856,0.1593387573957443,0.7167244553565979,289.9438781738281,289.8509216308594,289.9966735839844,288.59228515625,289.9953308105469,297.29278564453125,289.94696044921875,1.0,0.2866162657737732,1.0,1.0,0.0,1.0,-1.531369924545288,1.5313678979873655,1.925520109580248e-06,1.175601840019226,0.0,0.0,0.0,35.97809600830078,25.0,51.77463150024414,-0.0,298.56622314453125,1.0,283.1598205566406,287.84234619140625,290.39013671875,290.6860046386719,293.1499938964844,293.1499938964844,278.1499938964844,0.0,18000.0,313.1499938964844,0.0,18000.0,0.0,0.0,0.0,0.0,0.0,0.0,0.0,0.0,0.0,-0.0,-0.0,-0.0,6.445913975451006e-21,3.222956987725503e-21,3.2229567857771112e-21,0.0,0.0,-0.0,0.0,0.0,0.0,0.0,0.0,0.0,0.0,0.0,0.0,4.0,0.0,0.0
12384480,297.296630859375,297.1499938964844,293.1499938964844,0.0,-0.0,289.943359375,0.8301025032997131,0.164546325802803,0.1479543596506118,297.302978515625,297.1499938964844,293.1499938964844,0.0,-0.0,289.94342041015625,0.838851273059845,0.1702425479888916,0.1611236333847046,297.28692626953125,297.1499938964844,293.1499938964844,0.0,-0.0,289.9433288574219,0.8275524377822876,0.1629122942686081,0.1139414012432098,297.2835388183594,297.1499938964844,293.1499938964844,0.0,-0.0,289.9430847167969,0.7944943904876709,0.1438202708959579,0.136204108595848,297.2216186523437,297.1499938964844,293.1499938964844,0.0,-0.0,289.9432983398437,0.8222190141677856,0.1593387573957443,0.7167244553565979,289.9438781738281,289.8509216308594,289.9966735839844,288.59228515625,289.9953308105469,297.29278564453125,289.94696044921875,1.0,0.2866162657737732,1.0,1.0,0.0,1.0,-1.531369924545288,1.5313678979873655,1.925520109580248e-06,1.175601840019226,0.0,0.0,0.0,35.97809600830078,25.0,51.77463150024414,-0.0,298.56622314453125,1.0,283.1598205566406,287.84234619140625,290.39013671875,290.6860046386719,293.1499938964844,293.1499938964844,278.1499938964844,0.0,18000.0,313.1499938964844,0.0,18000.0,0.0,0.0,0.0,0.0,0.0,0.0,0.0,0.0,0.0,-0.0,-0.0,-0.0,6.445913975451006e-21,3.222956987725503e-21,3.2229567857771112e-21,0.0,0.0,-0.0,0.0,0.0,0.0,0.0,0.0,0.0,0.0,0.0,0.0,4.0,0.0,0.0
12384540,297.3099975585937,297.1499938964844,293.1499938964844,0.0,-0.0,289.980712890625,0.8801189661026001,0.1677564680576324,0.1505731046199798,297.3183288574219,297.1499938964844,293.1499938964844,0.0,-0.0,289.9808044433594,0.8905808329582214,0.1737355589866638,0.1641377806663513,297.30133056640625,297.1499938964844,293.1499938964844,0.0,-0.0,289.980712890625,0.8771713376045227,0.1661049276590347,0.1159617081284523,297.29931640625,297.1499938964844,293.1499938964844,0.0,-0.0,289.98046875,0.8428024649620056,0.1471112072467804,0.1390272974967956,297.2360534667969,297.1499938964844,293.1499938964844,0.0,-0.0,289.98065185546875,0.8696495294570923,0.1617072820663452,0.7259852886199951,289.9812316894531,289.8900146484375,290.0333251953125,288.6187744140625,290.0320129394531,297.3074035644531,289.9842834472656,1.0,0.2836183607578277,1.0,1.0,0.0,1.0,-1.55506432056427,1.5550622940063477,1.981759396585403e-06,1.1944795846939087,0.0,0.0,0.0,30.94512939453125,25.0,51.83943176269531,-0.0,296.3555603027344,1.0,283.1598205566406,287.84234619140625,290.39013671875,290.6860046386719,293.1499938964844,293.1499938964844,278.1499938964844,0.0,18000.0,313.1499938964844,0.0,18000.0,0.0,0.0,0.0,0.0,0.0,0.0,0.0,0.0,0.0,-0.0,-0.0,-0.0,6.445913975451006e-21,3.222956987725503e-21,3.2229567857771112e-21,0.0,0.0,-0.0,0.0,0.0,0.0,0.0,0.0,0.0,0.0,0.0,0.0,4.0,0.0,0.0
12384600,297.3099975585937,297.1499938964844,293.1499938964844,0.0,-0.0,289.980712890625,0.8801189661026001,0.1677564680576324,0.1505731046199798,297.3183288574219,297.1499938964844,293.1499938964844,0.0,-0.0,289.9808044433594,0.8905808329582214,0.1737355589866638,0.1641377806663513,297.30133056640625,297.1499938964844,293.1499938964844,0.0,-0.0,289.980712890625,0.8771713376045227,0.1661049276590347,0.1159617081284523,297.29931640625,297.1499938964844,293.1499938964844,0.0,-0.0,289.98046875,0.8428024649620056,0.1471112072467804,0.1390272974967956,297.2360534667969,297.1499938964844,293.1499938964844,0.0,-0.0,289.98065185546875,0.8696495294570923,0.1617072820663452,0.7259852886199951,289.9812316894531,289.8900146484375,290.0333251953125,288.6187744140625,290.0320129394531,297.3074035644531,289.9842834472656,1.0,0.2836183607578277,1.0,1.0,0.0,1.0,-1.55506432056427,1.5550622940063477,1.981759396585403e-06,1.1944795846939087,0.0,0.0,0.0,30.94512939453125,25.0,51.83943176269531,-0.0,296.3555603027344,1.0,283.1598205566406,287.84234619140625,290.39013671875,290.6860046386719,293.1499938964844,293.1499938964844,278.1499938964844,0.0,18000.0,313.1499938964844,0.0,18000.0,0.0,0.0,0.0,0.0,0.0,0.0,0.0,0.0,0.0,-0.0,-0.0,-0.0,6.445913975451006e-21,3.222956987725503e-21,3.2229567857771112e-21,0.0,0.0,-0.0,0.0,0.0,0.0,0.0,0.0,0.0,0.0,0.0,0.0,4.0,0.0,0.0
12384660,297.32379150390625,297.1499938964844,293.1499938964844,0.0,-0.0,290.01812744140625,0.9504160284996032,0.1711801886558532,0.1534274369478225,297.33428955078125,297.1499938964844,293.1499938964844,0.0,-0.0,290.0181884765625,0.9625799655914308,0.1774866431951522,0.1674410849809646,297.3162841796875,297.1499938964844,293.1499938964844,0.0,-0.0,290.0180969238281,0.9470112919807434,0.1695368289947509,0.1181827038526535,297.31573486328125,297.1499938964844,293.1499938964844,0.0,-0.0,290.01788330078125,0.9052378535270692,0.1506665498018264,0.1421461850404739,297.2511901855469,297.1499938964844,293.1499938964844,0.0,-0.0,290.0180358886719,0.9362807273864746,0.16433185338974,0.7366135716438293,290.01861572265625,289.9276123046875,290.07000732421875,288.64556884765625,290.0687255859375,297.3226013183594,290.0216369628906,1.0,0.2827440202236175,1.0,1.0,0.0,1.0,-1.5816256999969482,1.5816235542297363,2.04599427888752e-06,1.215598702430725,0.0,0.0,0.0,26.918664932250977,28.0,51.89146423339844,-0.0,298.0993957519531,1.0,283.1598205566406,287.84234619140625,290.39013671875,290.6860046386719,293.1499938964844,293.1499938964844,278.1499938964844,0.0,18000.0,313.1499938964844,0.0,18000.0,0.0,0.0,0.0,0.0,0.0,0.0,0.0,0.0,0.0,-0.0,-0.0,-0.0,6.445913975451006e-21,3.222956987725503e-21,3.2229567857771112e-21,0.0,0.0,-0.0,0.0,0.0,0.0,0.0,0.0,0.0,0.0,0.0,0.0,4.0,0.0,0.0
12384720,297.32379150390625,297.1499938964844,293.1499938964844,0.0,-0.0,290.01812744140625,0.9504160284996032,0.1711801886558532,0.1534274369478225,297.33428955078125,297.1499938964844,293.1499938964844,0.0,-0.0,290.0181884765625,0.9625799655914308,0.1774866431951522,0.1674410849809646,297.3162841796875,297.1499938964844,293.1499938964844,0.0,-0.0,290.0180969238281,0.9470112919807434,0.1695368289947509,0.1181827038526535,297.31573486328125,297.1499938964844,293.1499938964844,0.0,-0.0,290.01788330078125,0.9052378535270692,0.1506665498018264,0.1421461850404739,297.2511901855469,297.1499938964844,293.1499938964844,0.0,-0.0,290.0180358886719,0.9362807273864746,0.16433185338974,0.7366135716438293,290.01861572265625,289.9276123046875,290.07000732421875,288.64556884765625,290.0687255859375,297.3226013183594,290.0216369628906,1.0,0.2827440202236175,1.0,1.0,0.0,1.0,-1.5816256999969482,1.5816235542297363,2.04599427888752e-06,1.215598702430725,0.0,0.0,0.0,26.918664932250977,28.0,51.89146423339844,-0.0,298.0993957519531,1.0,283.1598205566406,287.84234619140625,290.39013671875,290.6860046386719,293.1499938964844,293.1499938964844,278.1499938964844,0.0,18000.0,313.1499938964844,0.0,18000.0,0.0,0.0,0.0,0.0,0.0,0.0,0.0,0.0,0.0,-0.0,-0.0,-0.0,6.445913975451006e-21,3.222956987725503e-21,3.2229567857771112e-21,0.0,0.0,-0.0,0.0,0.0,0.0,0.0,0.0,0.0,0.0,0.0,0.0,4.0,0.0,0.0
12384780,297.3373718261719,297.1499938964844,293.1499938964844,0.0,-0.0,290.055908203125,0.9839598536491394,0.1747608333826065,0.156551331281662,297.3538818359375,297.1499938964844,293.1499938964844,0.0,-0.0,290.0558776855469,0.9775457382202148,0.1817925423383712,0.1612437069416046,297.3311767578125,297.1499938964844,293.1499938964844,0.0,-0.0,290.0558776855469,0.9813079833984376,0.1731544733047485,0.120633028447628,297.3321838378906,297.1499938964844,293.1499938964844,0.0,-0.0,290.0556640625,0.9437796473503112,0.1544325500726699,0.1455993503332138,297.26641845703125,297.1499938964844,293.1499938964844,0.0,-0.0,290.0558166503906,0.9710513949394226,0.16715769469738,0.7487849593162537,290.056396484375,289.9637451171875,290.1066589355469,288.6725769042969,290.1054077148437,297.3386535644531,290.0592956542969,1.0,0.2840195894241333,1.0,1.0,0.0,1.0,-1.5998027324676514,1.5998005867004397,2.0908778424200136e-06,1.2301992177963257,0.0,0.0,0.0,25.754159927368164,48.0,52.04006576538086,-0.0,303.60333251953125,1.0,283.1598205566406,287.84234619140625,290.39013671875,290.6860046386719,293.1499938964844,293.1499938964844,278.1499938964844,0.0,18000.0,313.1499938964844,0.0,18000.0,0.0,0.0,0.0,0.0,0.0,0.0,0.0,0.0,0.0,-0.0,-0.0,-0.0,6.445913975451006e-21,3.222956987725503e-21,3.2229567857771112e-21,0.0,0.0,-0.0,0.0,0.0,0.0,0.0,0.0,0.0,0.0,0.0,0.0,4.0,0.0,0.0
12384840,297.3373718261719,297.1499938964844,293.1499938964844,0.0,-0.0,290.055908203125,0.9839598536491394,0.1747608333826065,0.156551331281662,297.3538818359375,297.1499938964844,293.1499938964844,0.0,-0.0,290.0558776855469,0.9775457382202148,0.1817925423383712,0.1612437069416046,297.3311767578125,297.1499938964844,293.1499938964844,0.0,-0.0,290.0558776855469,0.9813079833984376,0.1731544733047485,0.120633028447628,297.3321838378906,297.1499938964844,293.1499938964844,0.0,-0.0,290.0556640625,0.9437796473503112,0.1544325500726699,0.1455993503332138,297.26641845703125,297.1499938964844,293.1499938964844,0.0,-0.0,290.0558166503906,0.9710513949394226,0.16715769469738,0.7487849593162537,290.056396484375,289.9637451171875,290.1066589355469,288.6725769042969,290.1054077148437,297.3386535644531,290.0592956542969,1.0,0.2840195894241333,1.0,1.0,0.0,1.0,-1.5998027324676514,1.5998005867004397,2.0908778424200136e-06,1.2301992177963257,0.0,0.0,0.0,25.754159927368164,48.0,52.04006576538086,-0.0,303.60333251953125,1.0,283.1598205566406,287.84234619140625,290.39013671875,290.6860046386719,293.1499938964844,293.1499938964844,278.1499938964844,0.0,18000.0,313.1499938964844,0.0,18000.0,0.0,0.0,0.0,0.0,0.0,0.0,0.0,0.0,0.0,-0.0,-0.0,-0.0,6.445913975451006e-21,3.222956987725503e-21,3.2229567857771112e-21,0.0,0.0,-0.0,0.0,0.0,0.0,0.0,0.0,0.0,0.0,0.0,0.0,4.0,0.0,0.0
12384900,297.34423828125,297.1499938964844,293.1499938964844,0.0,-0.0,290.073974609375,0.9831373691558838,0.1766205877065658,0.1582000106573104,297.3673400878906,297.1499938964844,293.1499938964844,0.0,-0.0,290.073974609375,0.9828999042510986,0.1844070851802826,0.1664528101682663,297.3387451171875,297.1499938964844,293.1499938964844,0.0,-0.0,290.0739440917969,0.9805364608764648,0.175044298171997,0.1219335198402404,297.3405456542969,297.1499938964844,293.1499938964844,0.0,-0.0,290.0737609863281,0.9434759616851808,0.1564057767391204,0.1474366188049316,297.27423095703125,297.1499938964844,293.1499938964844,0.0,-0.0,290.0738830566406,0.9696003794670104,0.1686607301235199,0.7553884983062744,290.0744323730469,289.9410095214844,290.125,288.6861267089844,290.1237487792969,297.3481750488281,290.0774230957031,1.0,0.2880133986473083,1.0,1.0,0.0,1.0,-1.6195502281188965,1.6195480823516846,2.1397656837507384e-06,1.245564579963684,0.0,0.0,0.0,26.36758804321289,48.0,51.64278030395508,-0.0,314.95379638671875,1.0,283.1598205566406,287.84234619140625,290.39013671875,290.6860046386719,293.1499938964844,293.1499938964844,278.1499938964844,0.0,18000.0,313.1499938964844,0.0,18000.0,0.0,0.0,0.0,0.0,0.0,0.0,0.0,0.0,0.0,-0.0,-0.0,-0.0,6.445913975451006e-21,3.222956987725503e-21,3.2229567857771112e-21,0.0,0.0,-0.0,0.0,0.0,0.0,0.0,0.0,0.0,0.0,0.0,0.0,4.0,0.0,0.0
12384960,297.3511047363281,297.1499938964844,293.1499938964844,0.0,-0.0,290.0925598144531,0.9701732993125916,0.1785241365432739,0.1599253267049789,297.3737487792969,297.1499938964844,293.1499938964844,0.0,-0.0,290.0926818847656,0.9831264019012452,0.1864174604415893,0.1758531630039215,297.3463439941406,297.1499938964844,293.1499938964844,0.0,-0.0,290.0925598144531,0.967381238937378,0.1769860833883285,0.1232992485165596,297.34893798828125,297.1499938964844,293.1499938964844,0.0,-0.0,290.09234619140625,0.9286379814147948,0.1584373712539672,0.1493683010339737,297.2820739746094,297.1499938964844,293.1499938964844,0.0,-0.0,290.0924987792969,0.954772174358368,0.1702195107936859,0.7624380588531494,290.09307861328125,289.91827392578125,290.1433410644531,288.6997375488281,290.14208984375,297.35577392578125,290.0961608886719,1.0,0.2939940094947815,1.0,1.0,0.0,1.0,-1.6484808921813965,1.648478627204895,2.213319021393545e-06,1.2686139345169067,0.0,0.0,0.0,27.92996025085449,68.0,51.89580154418945,-0.0,333.2234802246094,1.0,283.1598205566406,287.84234619140625,290.39013671875,290.6860046386719,293.1499938964844,293.1499938964844,278.1499938964844,0.0,18000.0,313.1499938964844,0.0,18000.0,0.0,0.0,0.0,0.0,0.0,0.0,0.0,0.0,0.0,-0.0,-0.0,-0.0,6.445913975451006e-21,3.222956987725503e-21,3.2229567857771112e-21,0.0,0.0,-0.0,0.0,0.0,0.0,0.0,0.0,0.0,0.0,0.0,0.0,4.0,0.0,0.0
12385020,297.36383056640625,297.1499938964844,293.1499938964844,0.0,-0.0,290.13067626953125,0.8717473745346069,0.1823618113994598,0.1636696606874466,297.385498046875,297.1499938964844,293.1499938964844,0.0,-0.0,290.1307373046875,0.8845477104187012,0.1904379576444625,0.1799151748418808,297.3606872558594,297.1499938964844,293.1499938964844,0.0,-0.0,290.1306457519531,0.869390070438385,0.1809262186288833,0.1262768805027008,297.3648986816406,297.1499938964844,293.1499938964844,0.0,-0.0,290.1304626464844,0.8395982980728149,0.1625757217407226,0.1535826325416565,297.296875,297.1499938964844,293.1499938964844,0.0,-0.0,290.1305847167969,0.8575394749641418,0.1733926236629486,0.7781273126602173,290.1311340332031,289.872802734375,290.17999267578125,288.7269897460937,290.1788024902344,297.3690795898437,290.134033203125,1.0,0.3091620206832886,1.0,1.0,0.0,1.0,-1.682182788848877,1.682180404663086,2.3007671643426875e-06,1.295291543006897,0.0,0.0,0.0,37.10051727294922,88.0,52.16156768798828,-0.0,377.72601318359375,1.0,283.1598205566406,287.84234619140625,290.39013671875,290.6860046386719,293.1499938964844,293.1499938964844,278.1499938964844,0.0,18000.0,313.1499938964844,0.0,18000.0,0.0,0.0,0.0,0.0,0.0,0.0,0.0,0.0,0.0,-0.0,-0.0,-0.0,6.445913975451006e-21,3.222956987725503e-21,3.2229567857771112e-21,0.0,0.0,-0.0,0.0,0.0,0.0,0.0,0.0,0.0,0.0,0.0,0.0,4.0,0.0,0.0
12385080,297.36383056640625,297.1499938964844,293.1499938964844,0.0,-0.0,290.13067626953125,0.8717473745346069,0.1823618113994598,0.1636696606874466,297.385498046875,297.1499938964844,293.1499938964844,0.0,-0.0,290.1307373046875,0.8845477104187012,0.1904379576444625,0.1799151748418808,297.3606872558594,297.1499938964844,293.1499938964844,0.0,-0.0,290.1306457519531,0.869390070438385,0.1809262186288833,0.1262768805027008,297.3648986816406,297.1499938964844,293.1499938964844,0.0,-0.0,290.1304626464844,0.8395982980728149,0.1625757217407226,0.1535826325416565,297.296875,297.1499938964844,293.1499938964844,0.0,-0.0,290.1305847167969,0.8575394749641418,0.1733926236629486,0.7781273126602173,290.1311340332031,289.872802734375,290.17999267578125,288.7269897460937,290.1788024902344,297.3690795898437,290.134033203125,1.0,0.3091620206832886,1.0,1.0,0.0,1.0,-1.682182788848877,1.682180404663086,2.3007671643426875e-06,1.295291543006897,0.0,0.0,0.0,37.10051727294922,88.0,52.16156768798828,-0.0,377.72601318359375,1.0,283.1598205566406,287.84234619140625,290.39013671875,290.6860046386719,293.1499938964844,293.1499938964844,278.1499938964844,0.0,18000.0,313.1499938964844,0.0,18000.0,0.0,0.0,0.0,0.0,0.0,0.0,0.0,0.0,0.0,-0.0,-0.0,-0.0,6.445913975451006e-21,3.222956987725503e-21,3.2229567857771112e-21,0.0,0.0,-0.0,0.0,0.0,0.0,0.0,0.0,0.0,0.0,0.0,0.0,4.0,0.0,0.0
12385140,297.3758850097656,297.1499938964844,293.1499938964844,0.0,-0.0,290.1683349609375,0.8104012608528137,0.1862929612398147,0.1676128357648849,297.39874267578125,297.1499938964844,293.1499938964844,0.0,-0.0,290.1683959960937,0.8217715620994568,0.1947625875473022,0.1843955963850021,297.3744812011719,297.1499938964844,293.1499938964844,0.0,-0.0,290.1683349609375,0.8084798455238342,0.1849931329488754,0.1294327527284622,297.3803405761719,297.1499938964844,293.1499938964844,0.0,-0.0,290.16815185546875,0.7804417610168457,0.1668644249439239,0.1580610573291778,297.31109619140625,297.1499938964844,293.1499938964844,0.0,-0.0,290.1682434082031,0.7962517738342285,0.1766958981752395,0.79497230052948,290.1687927246094,289.82733154296875,290.2166748046875,288.7543029785156,290.2154846191406,297.38262939453125,290.171630859375,1.0,0.3279974162578583,1.0,1.0,0.0,1.0,-1.7216861248016355,1.7216836214065552,2.405887926215655e-06,1.326503038406372,0.0,0.0,0.0,49.64909362792969,76.0,52.194183349609375,-0.0,436.5954895019531,1.0,283.1598205566406,287.84234619140625,290.39013671875,290.6860046386719,293.1499938964844,293.1499938964844,278.1499938964844,0.0,18000.0,313.1499938964844,0.0,18000.0,0.0,0.0,0.0,0.0,0.0,0.0,0.0,0.0,0.0,-0.0,-0.0,-0.0,6.445913975451006e-21,3.222956987725503e-21,3.2229567857771112e-21,0.0,0.0,-0.0,0.0,0.0,0.0,0.0,0.0,0.0,0.0,0.0,0.0,4.0,0.0,0.0
12385200,297.3758850097656,297.1499938964844,293.1499938964844,0.0,-0.0,290.1683349609375,0.8104012608528137,0.1862929612398147,0.1676128357648849,297.39874267578125,297.1499938964844,293.1499938964844,0.0,-0.0,290.1683959960937,0.8217715620994568,0.1947625875473022,0.1843955963850021,297.3744812011719,297.1499938964844,293.1499938964844,0.0,-0.0,290.1683349609375,0.8084798455238342,0.1849931329488754,0.1294327527284622,297.3803405761719,297.1499938964844,293.1499938964844,0.0,-0.0,290.16815185546875,0.7804417610168457,0.1668644249439239,0.1580610573291778,297.31109619140625,297.1499938964844,293.1499938964844,0.0,-0.0,290.1682434082031,0.7962517738342285,0.1766958981752395,0.79497230052948,290.1687927246094,289.82733154296875,290.2166748046875,288.7543029785156,290.2154846191406,297.38262939453125,290.171630859375,1.0,0.3279974162578583,1.0,1.0,0.0,1.0,-1.7216861248016355,1.7216836214065552,2.405887926215655e-06,1.326503038406372,0.0,0.0,0.0,49.64909362792969,76.0,52.194183349609375,-0.0,436.5954895019531,1.0,283.1598205566406,287.84234619140625,290.39013671875,290.6860046386719,293.1499938964844,293.1499938964844,278.1499938964844,0.0,18000.0,313.1499938964844,0.0,18000.0,0.0,0.0,0.0,0.0,0.0,0.0,0.0,0.0,0.0,-0.0,-0.0,-0.0,6.445913975451006e-21,3.222956987725503e-21,3.2229567857771112e-21,0.0,0.0,-0.0,0.0,0.0,0.0,0.0,0.0,0.0,0.0,0.0,0.0,4.0,0.0,0.0
12385260,297.38751220703125,297.1499938964844,293.1499938964844,0.0,-0.0,290.20611572265625,0.796177327632904,0.1903334856033325,0.1713827550411224,297.4125671386719,297.1499938964844,293.1499938964844,0.0,-0.0,290.2061767578125,0.8085631728172302,0.1993142515420913,0.1888244599103927,297.38787841796875,297.1499938964844,293.1499938964844,0.0,-0.0,290.2060852050781,0.79448401927948,0.1891942918300628,0.1324734687805175,297.3953857421875,297.1499938964844,293.1499938964844,0.0,-0.0,290.2059020996094,0.7680699825286865,0.1713056862354278,0.1624026596546173,297.3249206542969,297.1499938964844,293.1499938964844,0.0,-0.0,290.2060241699219,0.781578004360199,0.1801347136497497,0.8110899925231934,290.20654296875,289.7818603515625,290.2533264160156,288.7815856933594,290.2521667480469,297.3961181640625,290.2093200683594,1.0,0.337805837392807,1.0,1.0,0.0,1.0,-1.7597477436065674,1.7597452402114868,2.5099102458625566e-06,1.3565720319747925,0.0,0.0,0.0,55.23213577270508,64.0,52.22578811645508,-0.0,476.2916564941406,1.0,283.1598205566406,287.84234619140625,290.39013671875,290.6860046386719,293.1499938964844,293.1499938964844,278.1499938964844,0.0,18000.0,313.1499938964844,0.0,18000.0,0.0,0.0,0.0,0.0,0.0,0.0,0.0,0.0,0.0,-0.0,-0.0,-0.0,6.445913975451006e-21,3.222956987725503e-21,3.2229567857771112e-21,0.0,0.0,-0.0,0.0,0.0,0.0,0.0,0.0,0.0,0.0,0.0,0.0,4.0,0.0,0.0
12385320,297.38751220703125,297.1499938964844,293.1499938964844,0.0,-0.0,290.20611572265625,0.796177327632904,0.1903334856033325,0.1713827550411224,297.4125671386719,297.1499938964844,293.1499938964844,0.0,-0.0,290.2061767578125,0.8085631728172302,0.1993142515420913,0.1888244599103927,297.38787841796875,297.1499938964844,293.1499938964844,0.0,-0.0,290.2060852050781,0.79448401927948,0.1891942918300628,0.1324734687805175,297.3953857421875,297.1499938964844,293.1499938964844,0.0,-0.0,290.2059020996094,0.7680699825286865,0.1713056862354278,0.1624026596546173,297.3249206542969,297.1499938964844,293.1499938964844,0.0,-0.0,290.2060241699219,0.781578004360199,0.1801347136497497,0.8110899925231934,290.20654296875,289.7818603515625,290.2533264160156,288.7815856933594,290.2521667480469,297.3961181640625,290.2093200683594,1.0,0.337805837392807,1.0,1.0,0.0,1.0,-1.7597477436065674,1.7597452402114868,2.5099102458625566e-06,1.3565720319747925,0.0,0.0,0.0,55.23213577270508,64.0,52.22578811645508,-0.0,476.2916564941406,1.0,283.1598205566406,287.84234619140625,290.39013671875,290.6860046386719,293.1499938964844,293.1499938964844,278.1499938964844,0.0,18000.0,313.1499938964844,0.0,18000.0,0.0,0.0,0.0,0.0,0.0,0.0,0.0,0.0,0.0,-0.0,-0.0,-0.0,6.445913975451006e-21,3.222956987725503e-21,3.2229567857771112e-21,0.0,0.0,-0.0,0.0,0.0,0.0,0.0,0.0,0.0,0.0,0.0,0.0,4.0,0.0,0.0
12385380,297.3993530273437,297.1499938964844,293.1499938964844,0.0,-0.0,290.2437744140625,0.8065775036811829,0.1945400983095169,0.1750716865062713,297.42694091796875,297.1499938964844,293.1499938964844,0.0,-0.0,290.24383544921875,0.8189703226089478,0.2040959894657135,0.1932376027107238,297.4013977050781,297.1499938964844,293.1499938964844,0.0,-0.0,290.2437744140625,0.8051543831825256,0.1935767531394958,0.1354626715183258,297.41046142578125,297.1499938964844,293.1499938964844,0.0,-0.0,290.2435913085937,0.7792199850082397,0.1759411692619323,0.1666874587535858,297.3387451171875,297.1499938964844,293.1499938964844,0.0,-0.0,290.2436828613281,0.7912392616271973,0.1837527453899383,0.8268691897392273,290.24420166015625,289.73638916015625,290.2900085449219,288.8088073730469,290.28887939453125,297.40985107421875,290.2469177246094,1.0,0.3420358896255493,1.0,1.0,0.0,1.0,-1.7971563339233398,1.7971537113189695,2.6146765321755083e-06,1.3860597610473633,0.0,0.0,0.0,54.95751190185547,52.0,52.18665313720703,-0.0,499.2366943359375,1.0,283.1598205566406,287.84234619140625,290.39013671875,290.6860046386719,293.1499938964844,293.1499938964844,278.1499938964844,0.0,18000.0,313.1499938964844,0.0,18000.0,0.0,0.0,0.0,0.0,0.0,0.0,0.0,0.0,0.0,-0.0,-0.0,-0.0,6.445913975451006e-21,3.222956987725503e-21,3.2229567857771112e-21,0.0,0.0,-0.0,0.0,0.0,0.0,0.0,0.0,0.0,0.0,0.0,0.0,4.0,0.0,0.0
12385440,297.3993530273437,297.1499938964844,293.1499938964844,0.0,-0.0,290.2437744140625,0.8065775036811829,0.1945400983095169,0.1750716865062713,297.42694091796875,297.1499938964844,293.1499938964844,0.0,-0.0,290.24383544921875,0.8189703226089478,0.2040959894657135,0.1932376027107238,297.4013977050781,297.1499938964844,293.1499938964844,0.0,-0.0,290.2437744140625,0.8051543831825256,0.1935767531394958,0.1354626715183258,297.41046142578125,297.1499938964844,293.1499938964844,0.0,-0.0,290.2435913085937,0.7792199850082397,0.1759411692619323,0.1666874587535858,297.3387451171875,297.1499938964844,293.1499938964844,0.0,-0.0,290.2436828613281,0.7912392616271973,0.1837527453899383,0.8268691897392273,290.24420166015625,289.73638916015625,290.2900085449219,288.8088073730469,290.28887939453125,297.40985107421875,290.2469177246094,1.0,0.3420358896255493,1.0,1.0,0.0,1.0,-1.7971563339233398,1.7971537113189695,2.6146765321755083e-06,1.3860597610473633,0.0,0.0,0.0,54.95751190185547,52.0,52.18665313720703,-0.0,499.2366943359375,1.0,283.1598205566406,287.84234619140625,290.39013671875,290.6860046386719,293.1499938964844,293.1499938964844,278.1499938964844,0.0,18000.0,313.1499938964844,0.0,18000.0,0.0,0.0,0.0,0.0,0.0,0.0,0.0,0.0,0.0,-0.0,-0.0,-0.0,6.445913975451006e-21,3.222956987725503e-21,3.2229567857771112e-21,0.0,0.0,-0.0,0.0,0.0,0.0,0.0,0.0,0.0,0.0,0.0,0.0,4.0,0.0,0.0
12385500,297.4053649902344,297.1499938964844,293.1499938964844,0.0,-0.0,290.2625732421875,0.8181450963020325,0.1967098265886306,0.1769155412912368,297.43426513671875,297.1499938964844,293.1499938964844,0.0,-0.0,290.2626647949219,0.8304808735847473,0.2065712660551071,0.1954617500305175,297.4082336425781,297.1499938964844,293.1499938964844,0.0,-0.0,290.2625732421875,0.8169405460357666,0.1958403289318084,0.1369608044624328,297.4180603027344,297.1499938964844,293.1499938964844,0.0,-0.0,290.2624206542969,0.791632354259491,0.1783361434936523,0.1688392162322998,297.3457336425781,297.1499938964844,293.1499938964844,0.0,-0.0,290.2624816894531,0.8029640316963196,0.1856345236301422,0.8347811102867126,290.2630310058594,289.7136535644531,290.3083190917969,288.8223571777344,290.3072204589844,297.4163818359375,290.2657165527344,1.0,0.3426540195941925,1.0,1.0,0.0,1.0,-1.8159236907958984,1.8159209489822388,2.668183924470213e-06,1.4008352756500244,0.0,0.0,0.0,53.24713516235352,52.0,52.16349029541016,-0.0,506.19671630859375,1.0,283.1598205566406,287.84234619140625,290.39013671875,290.6860046386719,293.1499938964844,293.1499938964844,278.1499938964844,0.0,18000.0,313.1499938964844,0.0,18000.0,0.0,0.0,0.0,0.0,0.0,0.0,0.0,0.0,0.0,-0.0,-0.0,-0.0,6.445913975451006e-21,3.222956987725503e-21,3.2229567857771112e-21,0.0,0.0,-0.0,0.0,0.0,0.0,0.0,0.0,0.0,0.0,0.0,0.0,4.0,0.0,0.0
12385560,297.41143798828125,297.1499938964844,293.1499938964844,0.0,-0.0,290.2814025878906,0.8337790966033936,0.19892418384552,0.1787681132555008,297.44171142578125,297.1499938964844,293.1499938964844,0.0,-0.0,290.2814636230469,0.8467626571655273,0.2091017961502075,0.1977054476737976,297.4151306152344,297.1499938964844,293.1499938964844,0.0,-0.0,290.2813720703125,0.8327065110206604,0.1981528848409652,0.1384686529636383,297.4256896972656,297.1499938964844,293.1499938964844,0.0,-0.0,290.2812194824219,0.8088784217834473,0.1807835400104522,0.1710073202848434,297.352783203125,297.1499938964844,293.1499938964844,0.0,-0.0,290.28131103515625,0.8188799619674683,0.1875664889812469,0.842759907245636,290.2818298339844,289.6909484863281,290.32666015625,288.8358764648437,290.3255615234375,297.42291259765625,290.28448486328125,1.0,0.3425279855728149,1.0,1.0,0.0,1.0,-1.8348366022109983,1.8348338603973389,2.7227440568822203e-06,1.415713667869568,0.0,0.0,0.0,50.7143783569336,40.0,52.14100646972656,-0.0,510.7945556640625,1.0,283.1598205566406,287.84234619140625,290.39013671875,290.6860046386719,293.1499938964844,293.1499938964844,278.1499938964844,0.0,18000.0,313.1499938964844,0.0,18000.0,0.0,0.0,0.0,0.0,0.0,0.0,0.0,0.0,0.0,-0.0,-0.0,-0.0,6.445913975451006e-21,3.222956987725503e-21,3.2229567857771112e-21,0.0,0.0,-0.0,0.0,0.0,0.0,0.0,0.0,0.0,0.0,0.0,0.0,4.0,0.0,0.0
12385620,297.4237670898437,297.1499938964844,293.1499938964844,0.0,-0.0,290.3189697265625,0.886243462562561,0.2034839391708374,0.182517796754837,297.456787109375,297.1499938964844,293.1499938964844,0.0,-0.0,290.31903076171875,0.901913285255432,0.2143241465091705,0.202268585562706,297.4290466308594,297.1499938964844,293.1499938964844,0.0,-0.0,290.3189697265625,0.885325014591217,0.2029233425855636,0.1415285915136337,297.4410705566406,297.1499938964844,293.1499938964844,0.0,-0.0,290.3188171386719,0.8593986630439758,0.1858344376087188,0.1754134148359298,297.3670349121094,297.1499938964844,293.1499938964844,0.0,-0.0,290.3188781738281,0.8685368895530701,0.1915793865919113,0.8590185046195984,290.31939697265625,289.6454772949219,290.36334228515625,288.8627319335937,290.3622436523437,297.43621826171875,290.3219909667969,1.0,0.3406279683113098,1.0,1.0,0.0,1.0,-1.8733057975769043,1.873302936553955,2.8356867005641107e-06,1.4459418058395386,0.0,0.0,0.0,43.72102737426758,28.0,52.101932525634766,-0.0,514.4658813476562,1.0,283.1598205566406,287.84234619140625,290.39013671875,290.6860046386719,293.1499938964844,293.1499938964844,278.1499938964844,0.0,18000.0,313.1499938964844,0.0,18000.0,0.0,0.0,0.0,0.0,0.0,0.0,0.0,0.0,0.0,-0.0,-0.0,-0.0,6.445913975451006e-21,3.222956987725503e-21,3.2229567857771112e-21,0.0,0.0,-0.0,0.0,0.0,0.0,0.0,0.0,0.0,0.0,0.0,0.0,4.0,0.0,0.0
12385680,297.4237670898437,297.1499938964844,293.1499938964844,0.0,-0.0,290.3189697265625,0.886243462562561,0.2034839391708374,0.182517796754837,297.456787109375,297.1499938964844,293.1499938964844,0.0,-0.0,290.31903076171875,0.901913285255432,0.2143241465091705,0.202268585562706,297.4290466308594,297.1499938964844,293.1499938964844,0.0,-0.0,290.3189697265625,0.885325014591217,0.2029233425855636,0.1415285915136337,297.4410705566406,297.1499938964844,293.1499938964844,0.0,-0.0,290.3188171386719,0.8593986630439758,0.1858344376087188,0.1754134148359298,297.3670349121094,297.1499938964844,293.1499938964844,0.0,-0.0,290.3188781738281,0.8685368895530701,0.1915793865919113,0.8590185046195984,290.31939697265625,289.6454772949219,290.36334228515625,288.8627319335937,290.3622436523437,297.43621826171875,290.3219909667969,1.0,0.3406279683113098,1.0,1.0,0.0,1.0,-1.8733057975769043,1.873302936553955,2.8356867005641107e-06,1.4459418058395386,0.0,0.0,0.0,43.72102737426758,28.0,52.101932525634766,-0.0,514.4658813476562,1.0,283.1598205566406,287.84234619140625,290.39013671875,290.6860046386719,293.1499938964844,293.1499938964844,278.1499938964844,0.0,18000.0,313.1499938964844,0.0,18000.0,0.0,0.0,0.0,0.0,0.0,0.0,0.0,0.0,0.0,-0.0,-0.0,-0.0,6.445913975451006e-21,3.222956987725503e-21,3.2229567857771112e-21,0.0,0.0,-0.0,0.0,0.0,0.0,0.0,0.0,0.0,0.0,0.0,0.0,4.0,0.0,0.0
12385740,297.43603515625,297.1499938964844,293.1499938964844,0.0,-0.0,290.3570251464844,0.9844995737075806,0.2081975191831588,0.186394602060318,297.47271728515625,297.1499938964844,293.1499938964844,0.0,-0.0,290.3570861816406,0.9900181293487548,0.2198212742805481,0.2003090232610702,297.4429626464844,297.1499938964844,293.1499938964844,0.0,-0.0,290.3570251464844,0.9839730262756348,0.2078685164451599,0.1447015255689621,297.4563903808594,297.1499938964844,293.1499938964844,0.0,-0.0,290.3568725585937,0.9575464725494384,0.1910751909017563,0.1799866408109665,297.3812561035156,297.1499938964844,293.1499938964844,0.0,-0.0,290.3569030761719,0.9660792350769044,0.1957720071077346,0.8760260939598083,290.35748291015625,289.6000061035156,290.3999938964844,288.88934326171875,290.39892578125,297.4496765136719,290.360107421875,1.0,0.3369287848472595,1.0,1.0,0.0,1.0,-1.9037504196166992,1.90374755859375,2.9279042337293504e-06,1.4705228805541992,0.0,0.0,0.0,35.91893768310547,48.0,52.50447082519531,-0.0,510.4679565429688,1.0,283.1598205566406,287.84234619140625,290.39013671875,290.6860046386719,293.1499938964844,293.1499938964844,278.1499938964844,0.0,18000.0,313.1499938964844,0.0,18000.0,0.0,0.0,0.0,0.0,0.0,0.0,0.0,0.0,0.0,-0.0,-0.0,-0.0,6.445913975451006e-21,3.222956987725503e-21,3.2229567857771112e-21,0.0,0.0,-0.0,0.0,0.0,0.0,0.0,0.0,0.0,0.0,0.0,0.0,4.0,0.0,0.0
12385800,297.43603515625,297.1499938964844,293.1499938964844,0.0,-0.0,290.3570251464844,0.9844995737075806,0.2081975191831588,0.186394602060318,297.47271728515625,297.1499938964844,293.1499938964844,0.0,-0.0,290.3570861816406,0.9900181293487548,0.2198212742805481,0.2003090232610702,297.4429626464844,297.1499938964844,293.1499938964844,0.0,-0.0,290.3570251464844,0.9839730262756348,0.2078685164451599,0.1447015255689621,297.4563903808594,297.1499938964844,293.1499938964844,0.0,-0.0,290.3568725585937,0.9575464725494384,0.1910751909017563,0.1799866408109665,297.3812561035156,297.1499938964844,293.1499938964844,0.0,-0.0,290.3569030761719,0.9660792350769044,0.1957720071077346,0.8760260939598083,290.35748291015625,289.6000061035156,290.3999938964844,288.88934326171875,290.39892578125,297.4496765136719,290.360107421875,1.0,0.3369287848472595,1.0,1.0,0.0,1.0,-1.9037504196166992,1.90374755859375,2.9279042337293504e-06,1.4705228805541992,0.0,0.0,0.0,35.91893768310547,48.0,52.50447082519531,-0.0,510.4679565429688,1.0,283.1598205566406,287.84234619140625,290.39013671875,290.6860046386719,293.1499938964844,293.1499938964844,278.1499938964844,0.0,18000.0,313.1499938964844,0.0,18000.0,0.0,0.0,0.0,0.0,0.0,0.0,0.0,0.0,0.0,-0.0,-0.0,-0.0,6.445913975451006e-21,3.222956987725503e-21,3.2229567857771112e-21,0.0,0.0,-0.0,0.0,0.0,0.0,0.0,0.0,0.0,0.0,0.0,0.0,4.0,0.0,0.0
12385860,297.4479675292969,297.1499938964844,293.1499938964844,0.0,-0.0,290.393798828125,0.9890960454940796,0.213028684258461,0.1906936466693878,297.5087890625,297.1499938964844,293.1499938964844,0.0,-0.0,290.39373779296875,0.979411005973816,0.2275604158639907,0.1939807832241058,297.45660400390625,297.1499938964844,293.1499938964844,0.0,-0.0,290.393798828125,0.9889231324195862,0.2129608541727066,0.1482211947441101,297.471435546875,297.1499938964844,293.1499938964844,0.0,-0.0,290.3936767578125,0.9647864699363708,0.1964813768863678,0.1850452423095703,297.3953552246094,297.1499938964844,293.1499938964844,0.0,-0.0,290.3937072753906,0.9711117148399352,0.200128436088562,0.8953132629394531,290.3941955566406,289.5545349121094,290.4366760253906,288.9156188964844,290.43560791015625,297.4720764160156,290.3967590332031,1.0,0.3425855636596679,1.0,1.0,0.0,1.0,-1.9311922788619995,1.9311892986297607,3.010645968970493e-06,1.491403341293335,0.0,0.0,0.0,36.71620559692383,68.0,51.78911590576172,-0.0,533.0513305664062,1.0,283.1598205566406,287.84234619140625,290.39013671875,290.6860046386719,293.1499938964844,293.1499938964844,278.1499938964844,0.0,18000.0,313.1499938964844,0.0,18000.0,0.0,0.0,0.0,0.0,0.0,0.0,0.0,0.0,0.0,-0.0,-0.0,-0.0,6.445913975451006e-21,3.222956987725503e-21,3.2229567857771112e-21,0.0,0.0,-0.0,0.0,0.0,0.0,0.0,0.0,0.0,0.0,0.0,0.0,4.0,0.0,0.0
12385920,297.4479675292969,297.1499938964844,293.1499938964844,0.0,-0.0,290.393798828125,0.9890960454940796,0.213028684258461,0.1906936466693878,297.5087890625,297.1499938964844,293.1499938964844,0.0,-0.0,290.39373779296875,0.979411005973816,0.2275604158639907,0.1939807832241058,297.45660400390625,297.1499938964844,293.1499938964844,0.0,-0.0,290.393798828125,0.9889231324195862,0.2129608541727066,0.1482211947441101,297.471435546875,297.1499938964844,293.1499938964844,0.0,-0.0,290.3936767578125,0.9647864699363708,0.1964813768863678,0.1850452423095703,297.3953552246094,297.1499938964844,293.1499938964844,0.0,-0.0,290.3937072753906,0.9711117148399352,0.200128436088562,0.8953132629394531,290.3941955566406,289.5545349121094,290.4366760253906,288.9156188964844,290.43560791015625,297.4720764160156,290.3967590332031,1.0,0.3425855636596679,1.0,1.0,0.0,1.0,-1.9311922788619995,1.9311892986297607,3.010645968970493e-06,1.491403341293335,0.0,0.0,0.0,36.71620559692383,68.0,51.78911590576172,-0.0,533.0513305664062,1.0,283.1598205566406,287.84234619140625,290.39013671875,290.6860046386719,293.1499938964844,293.1499938964844,278.1499938964844,0.0,18000.0,313.1499938964844,0.0,18000.0,0.0,0.0,0.0,0.0,0.0,0.0,0.0,0.0,0.0,-0.0,-0.0,-0.0,6.445913975451006e-21,3.222956987725503e-21,3.2229567857771112e-21,0.0,0.0,-0.0,0.0,0.0,0.0,0.0,0.0,0.0,0.0,0.0,0.0,4.0,0.0,0.0
12385980,297.4599914550781,297.1499938964844,293.1499938964844,0.0,-0.0,290.4305419921875,0.9801258444786072,0.2180218249559402,0.1951804459095001,297.5284729003906,297.1499938964844,293.1499938964844,0.0,-0.0,290.4306335449219,0.9945665001869202,0.2341316491365432,0.2167922705411911,297.4704895019531,297.1499938964844,293.1499938964844,0.0,-0.0,290.4305419921875,0.9803268909454346,0.2182515859603881,0.1519119143486023,297.4867858886719,297.1499938964844,293.1499938964844,0.0,-0.0,290.4304504394531,0.9557182788848876,0.2021082490682602,0.1903563290834427,297.40985107421875,297.1499938964844,293.1499938964844,0.0,-0.0,290.4304504394531,0.9604961276054382,0.204705148935318,0.9158111214637756,290.4309387207031,289.5090637207031,290.47332763671875,288.9415283203125,290.4723205566406,297.48834228515625,290.4335327148437,1.0,0.3563891649246216,1.0,1.0,0.0,1.0,-2.0045831203460693,2.004579782485962,3.239925945308641e-06,1.548304796218872,0.0,0.0,0.0,39.94342041015625,88.0,51.69364929199219,-0.0,595.9332885742188,1.0,283.1598205566406,287.84234619140625,290.39013671875,290.6860046386719,293.1499938964844,293.1499938964844,278.1499938964844,0.0,18000.0,313.1499938964844,0.0,18000.0,0.0,0.0,0.0,0.0,0.0,0.0,0.0,0.0,0.0,-0.0,-0.0,-0.0,6.445913975451006e-21,3.222956987725503e-21,3.2229567857771112e-21,0.0,0.0,-0.0,0.0,0.0,0.0,0.0,0.0,0.0,0.0,0.0,0.0,4.0,0.0,0.0
12386040,297.4599914550781,297.1499938964844,293.1499938964844,0.0,-0.0,290.4305419921875,0.9801258444786072,0.2180218249559402,0.1951804459095001,297.5284729003906,297.1499938964844,293.1499938964844,0.0,-0.0,290.4306335449219,0.9945665001869202,0.2341316491365432,0.2167922705411911,297.4704895019531,297.1499938964844,293.1499938964844,0.0,-0.0,290.4305419921875,0.9803268909454346,0.2182515859603881,0.1519119143486023,297.4867858886719,297.1499938964844,293.1499938964844,0.0,-0.0,290.4304504394531,0.9557182788848876,0.2021082490682602,0.1903563290834427,297.40985107421875,297.1499938964844,293.1499938964844,0.0,-0.0,290.4304504394531,0.9604961276054382,0.204705148935318,0.9158111214637756,290.4309387207031,289.5090637207031,290.47332763671875,288.9415283203125,290.4723205566406,297.48834228515625,290.4335327148437,1.0,0.3563891649246216,1.0,1.0,0.0,1.0,-2.0045831203460693,2.004579782485962,3.239925945308641e-06,1.548304796218872,0.0,0.0,0.0,39.94342041015625,88.0,51.69364929199219,-0.0,595.9332885742188,1.0,283.1598205566406,287.84234619140625,290.39013671875,290.6860046386719,293.1499938964844,293.1499938964844,278.1499938964844,0.0,18000.0,313.1499938964844,0.0,18000.0,0.0,0.0,0.0,0.0,0.0,0.0,0.0,0.0,0.0,-0.0,-0.0,-0.0,6.445913975451006e-21,3.222956987725503e-21,3.2229567857771112e-21,0.0,0.0,-0.0,0.0,0.0,0.0,0.0,0.0,0.0,0.0,0.0,0.0,4.0,0.0,0.0
12386100,297.46551513671875,297.1499938964844,293.1499938964844,0.0,-0.0,290.4501342773437,0.9385274052619934,0.2205274105072021,0.197587788105011,297.5272827148437,297.1499938964844,293.1499938964844,0.0,-0.0,290.4502258300781,0.9628358483314514,0.2364123314619064,0.2231358587741851,297.4769897460937,297.1499938964844,293.1499938964844,0.0,-0.0,290.4501342773437,0.9390304684638976,0.2209193408489227,0.1538940966129303,297.4940185546875,297.1499938964844,293.1499938964844,0.0,-0.0,290.45001220703125,0.9120479226112366,0.2049520611763,0.193204790353775,297.4165954589844,297.1499938964844,293.1499938964844,0.0,-0.0,290.4500427246094,0.91597580909729,0.2070138752460479,0.926945984363556,290.4505310058594,289.486328125,290.4916687011719,288.95428466796875,290.4906616210937,297.4903869628906,290.4530334472656,1.0,0.3651544749736786,1.0,1.0,0.0,1.0,-2.0342400074005127,2.0342366695404053,3.336115241836524e-06,1.571883201599121,0.0,0.0,0.0,44.90013122558594,88.0,52.34374237060547,-0.0,635.8565063476562,1.0,283.1598205566406,287.84234619140625,290.39013671875,290.6860046386719,293.1499938964844,293.1499938964844,278.1499938964844,0.0,18000.0,313.1499938964844,0.0,18000.0,0.0,0.0,0.0,0.0,0.0,0.0,0.0,0.0,0.0,-0.0,-0.0,-0.0,6.445913975451006e-21,3.222956987725503e-21,3.2229567857771112e-21,0.0,0.0,-0.0,0.0,0.0,0.0,0.0,0.0,0.0,0.0,0.0,0.0,4.0,0.0,0.0
12386160,297.470703125,297.1499938964844,293.1499938964844,0.0,-0.0,290.46905517578125,0.8941761255264282,0.2230351269245147,0.2000445425510406,297.5281677246094,297.1499938964844,293.1499938964844,0.0,-0.0,290.4691467285156,0.916353702545166,0.2388881146907806,0.2256178706884384,297.483154296875,297.1499938964844,293.1499938964844,0.0,-0.0,290.46905517578125,0.894828736782074,0.2235983461141586,0.1559210270643234,297.5009460449219,297.1499938964844,293.1499938964844,0.0,-0.0,290.4689636230469,0.8726360201835632,0.2078120410442352,0.1961185485124588,297.4230041503906,297.1499938964844,293.1499938964844,0.0,-0.0,290.4689636230469,0.8751789331436157,0.2093306332826614,0.9383527040481568,290.4694519042969,289.4635925292969,290.510009765625,288.9669494628906,290.5090026855469,297.4931945800781,290.4718933105469,1.0,0.3745636343955993,1.0,1.0,0.0,1.0,-2.059803009033203,2.059799671173096,3.419670747462078e-06,1.5918294191360474,0.0,0.0,0.0,51.293731689453125,108.0,52.32651901245117,-0.0,678.5987548828125,1.0,283.1598205566406,287.84234619140625,290.39013671875,290.6860046386719,293.1499938964844,293.1499938964844,278.1499938964844,0.0,18000.0,313.1499938964844,0.0,18000.0,0.0,0.0,0.0,0.0,0.0,0.0,0.0,0.0,0.0,-0.0,-0.0,-0.0,6.445913975451006e-21,3.222956987725503e-21,3.2229567857771112e-21,0.0,0.0,-0.0,0.0,0.0,0.0,0.0,0.0,0.0,0.0,0.0,0.0,4.0,0.0,0.0
12386220,297.48046875,297.1499938964844,293.1499938964844,0.0,-0.0,290.5067138671875,0.8351426124572754,0.2280904352664947,0.2050672471523285,297.5344543457031,297.1499938964844,293.1499938964844,0.0,-0.0,290.5068054199219,0.853379487991333,0.2443098425865173,0.2311235815286636,297.4950256347656,297.1499938964844,293.1499938964844,0.0,-0.0,290.5067138671875,0.8360928893089294,0.2290218323469162,0.1600780636072158,297.5143127441406,297.1499938964844,293.1499938964844,0.0,-0.0,290.506591796875,0.8180691003799438,0.2136113494634628,0.2020992189645767,297.4352111816406,297.1499938964844,293.1499938964844,0.0,-0.0,290.5066223144531,0.818910539150238,0.2140266597270965,0.9618064165115356,290.507080078125,289.4181213378906,290.5466613769531,288.99188232421875,290.54571533203125,297.5009765625,290.50946044921875,1.0,0.3950147032737732,1.0,1.0,0.0,1.0,-2.1127891540527344,2.112785577774048,3.5963796563009964e-06,1.633136510848999,0.0,0.0,0.0,66.2965087890625,96.0,52.22444534301758,-0.0,776.7498779296875,1.0,283.1598205566406,287.84234619140625,290.39013671875,290.6860046386719,293.1499938964844,293.1499938964844,278.1499938964844,0.0,18000.0,313.1499938964844,0.0,18000.0,0.0,0.0,0.0,0.0,0.0,0.0,0.0,0.0,0.0,-0.0,-0.0,-0.0,6.445913975451006e-21,3.222956987725503e-21,3.2229567857771112e-21,0.0,0.0,-0.0,0.0,0.0,0.0,0.0,0.0,0.0,0.0,0.0,0.0,4.0,0.0,0.0
12386280,297.48046875,297.1499938964844,293.1499938964844,0.0,-0.0,290.5067138671875,0.8351426124572754,0.2280904352664947,0.2050672471523285,297.5344543457031,297.1499938964844,293.1499938964844,0.0,-0.0,290.5068054199219,0.853379487991333,0.2443098425865173,0.2311235815286636,297.4950256347656,297.1499938964844,293.1499938964844,0.0,-0.0,290.5067138671875,0.8360928893089294,0.2290218323469162,0.1600780636072158,297.5143127441406,297.1499938964844,293.1499938964844,0.0,-0.0,290.506591796875,0.8180691003799438,0.2136113494634628,0.2020992189645767,297.4352111816406,297.1499938964844,293.1499938964844,0.0,-0.0,290.5066223144531,0.818910539150238,0.2140266597270965,0.9618064165115356,290.507080078125,289.4181213378906,290.5466613769531,288.99188232421875,290.54571533203125,297.5009765625,290.50946044921875,1.0,0.3950147032737732,1.0,1.0,0.0,1.0,-2.1127891540527344,2.112785577774048,3.5963796563009964e-06,1.633136510848999,0.0,0.0,0.0,66.2965087890625,96.0,52.22444534301758,-0.0,776.7498779296875,1.0,283.1598205566406,287.84234619140625,290.39013671875,290.6860046386719,293.1499938964844,293.1499938964844,278.1499938964844,0.0,18000.0,313.1499938964844,0.0,18000.0,0.0,0.0,0.0,0.0,0.0,0.0,0.0,0.0,0.0,-0.0,-0.0,-0.0,6.445913975451006e-21,3.222956987725503e-21,3.2229567857771112e-21,0.0,0.0,-0.0,0.0,0.0,0.0,0.0,0.0,0.0,0.0,0.0,0.0,4.0,0.0,0.0
12386340,297.4898681640625,297.1499938964844,293.1499938964844,0.0,-0.0,290.5444030761719,0.8253403902053833,0.2332276552915573,0.2098195403814315,297.5439453125,297.1499938964844,293.1499938964844,0.0,-0.0,290.54449462890625,0.8433197736740112,0.2501392364501953,0.2367166727781295,297.5064697265625,297.1499938964844,293.1499938964844,0.0,-0.0,290.5444030761719,0.8266761302947998,0.2345520406961441,0.1640445441007614,297.5271911621094,297.1499938964844,293.1499938964844,0.0,-0.0,290.5443115234375,0.8094583749771118,0.2195305675268173,0.2078361809253692,297.4468994140625,297.1499938964844,293.1499938964844,0.0,-0.0,290.5443115234375,0.8089523315429688,0.2188262194395065,0.9840251803398132,290.5447692871094,289.3726806640625,290.5833435058594,289.0162353515625,290.5823974609375,297.51031494140625,290.547119140625,1.0,0.4061118066310882,1.0,1.0,0.0,1.0,-2.163557529449463,2.1635537147521973,3.7702275221818127e-06,1.6727241277694702,0.0,0.0,0.0,72.45491027832031,84.0,52.19063568115234,-0.0,844.9714965820312,1.0,283.1598205566406,287.84234619140625,290.39013671875,290.6860046386719,293.1499938964844,293.1499938964844,278.1499938964844,0.0,18000.0,313.1499938964844,0.0,18000.0,0.0,0.0,0.0,0.0,0.0,0.0,0.0,0.0,0.0,-0.0,-0.0,-0.0,6.445913975451006e-21,3.222956987725503e-21,3.2229567857771112e-21,0.0,0.0,-0.0,0.0,0.0,0.0,0.0,0.0,0.0,0.0,0.0,0.0,4.0,0.0,0.0
12386400,297.4898681640625,297.1499938964844,293.1499938964844,0.0,-0.0,290.5444030761719,0.8253403902053833,0.2332276552915573,0.2098195403814315,297.5439453125,297.1499938964844,293.1499938964844,0.0,-0.0,290.54449462890625,0.8433197736740112,0.2501392364501953,0.2367166727781295,297.5064697265625,297.1499938964844,293.1499938964844,0.0,-0.0,290.5444030761719,0.8266761302947998,0.2345520406961441,0.1640445441007614,297.5271911621094,297.1499938964844,293.1499938964844,0.0,-0.0,290.5443115234375,0.8094583749771118,0.2195305675268173,0.2078361809253692,297.4468994140625,297.1499938964844,293.1499938964844,0.0,-0.0,290.5443115234375,0.8089523315429688,0.2188262194395065,0.9840251803398132,290.5447692871094,289.3726806640625,290.5833435058594,289.0162353515625,290.5823974609375,297.51031494140625,290.547119140625,1.0,0.4061118066310882,1.0,1.0,0.0,1.0,-2.163557529449463,2.1635537147521973,3.7702275221818127e-06,1.6727241277694702,0.0,0.0,0.0,72.45491027832031,84.0,52.19063568115234,-0.0,844.9714965820312,1.0,283.1598205566406,287.84234619140625,290.39013671875,290.6860046386719,293.1499938964844,293.1499938964844,278.1499938964844,0.0,18000.0,313.1499938964844,0.0,18000.0,0.0,0.0,0.0,0.0,0.0,0.0,0.0,0.0,0.0,-0.0,-0.0,-0.0,6.445913975451006e-21,3.222956987725503e-21,3.2229567857771112e-21,0.0,0.0,-0.0,0.0,0.0,0.0,0.0,0.0,0.0,0.0,0.0,0.0,4.0,0.0,0.0
12386460,297.4995422363281,297.1499938964844,293.1499938964844,0.0,-0.0,290.5820007324219,0.8376137018203735,0.2385127395391464,0.2144376039505005,297.5552978515625,297.1499938964844,293.1499938964844,0.0,-0.0,290.5820617675781,0.8567762970924377,0.2562775313854217,0.2423499077558517,297.5180969238281,297.1499938964844,293.1499938964844,0.0,-0.0,290.5820007324219,0.839396595954895,0.2402447909116745,0.1679175943136215,297.5401306152344,297.1499938964844,293.1499938964844,0.0,-0.0,290.5819091796875,0.8230615258216858,0.2256203442811966,0.2134546488523483,297.4587097167969,297.1499938964844,293.1499938964844,0.0,-0.0,290.5819091796875,0.82130366563797,0.2237838059663772,1.0056232213974,290.58233642578125,289.32720947265625,290.6199951171875,289.0399475097656,290.6190795898437,297.5207214355469,290.5846252441406,1.0,0.4118498563766479,1.0,1.0,0.0,1.0,-2.21321177482605,2.213207960128784,3.944403033528943e-06,1.7113672494888306,0.0,0.0,0.0,71.81838989257812,72.0,52.10833740234375,-0.0,889.4771118164062,1.0,283.1598205566406,287.84234619140625,290.39013671875,290.6860046386719,293.1499938964844,293.1499938964844,278.1499938964844,0.0,18000.0,313.1499938964844,0.0,18000.0,0.0,0.0,0.0,0.0,0.0,0.0,0.0,0.0,0.0,-0.0,-0.0,-0.0,6.445913975451006e-21,3.222956987725503e-21,3.2229567857771112e-21,0.0,0.0,-0.0,0.0,0.0,0.0,0.0,0.0,0.0,0.0,0.0,0.0,4.0,0.0,0.0
12386520,297.4995422363281,297.1499938964844,293.1499938964844,0.0,-0.0,290.5820007324219,0.8376137018203735,0.2385127395391464,0.2144376039505005,297.5552978515625,297.1499938964844,293.1499938964844,0.0,-0.0,290.5820617675781,0.8567762970924377,0.2562775313854217,0.2423499077558517,297.5180969238281,297.1499938964844,293.1499938964844,0.0,-0.0,290.5820007324219,0.839396595954895,0.2402447909116745,0.1679175943136215,297.5401306152344,297.1499938964844,293.1499938964844,0.0,-0.0,290.5819091796875,0.8230615258216858,0.2256203442811966,0.2134546488523483,297.4587097167969,297.1499938964844,293.1499938964844,0.0,-0.0,290.5819091796875,0.82130366563797,0.2237838059663772,1.0056232213974,290.58233642578125,289.32720947265625,290.6199951171875,289.0399475097656,290.6190795898437,297.5207214355469,290.5846252441406,1.0,0.4118498563766479,1.0,1.0,0.0,1.0,-2.21321177482605,2.213207960128784,3.944403033528943e-06,1.7113672494888306,0.0,0.0,0.0,71.81838989257812,72.0,52.10833740234375,-0.0,889.4771118164062,1.0,283.1598205566406,287.84234619140625,290.39013671875,290.6860046386719,293.1499938964844,293.1499938964844,278.1499938964844,0.0,18000.0,313.1499938964844,0.0,18000.0,0.0,0.0,0.0,0.0,0.0,0.0,0.0,0.0,0.0,-0.0,-0.0,-0.0,6.445913975451006e-21,3.222956987725503e-21,3.2229567857771112e-21,0.0,0.0,-0.0,0.0,0.0,0.0,0.0,0.0,0.0,0.0,0.0,0.0,4.0,0.0,0.0
12386580,297.50958251953125,297.1499938964844,293.1499938964844,0.0,-0.0,290.6195068359375,0.8682466149330139,0.2439568936824798,0.2190320938825607,297.56768798828125,297.1499938964844,293.1499938964844,0.0,-0.0,290.6195983886719,0.8899622559547424,0.2626685500144958,0.2480587363243103,297.5299987792969,297.1499938964844,293.1499938964844,0.0,-0.0,290.6195068359375,0.8706758618354797,0.2461134493350982,0.1717833876609802,297.55328369140625,297.1499938964844,293.1499938964844,0.0,-0.0,290.6194152832031,0.8536154627799988,0.2318952232599258,0.219071552157402,297.4707946777344,297.1499938964844,293.1499938964844,0.0,-0.0,290.6194152832031,0.8504096865653992,0.2289167940616607,1.0271689891815186,290.6198425292969,289.28173828125,290.6566772460937,289.0629577636719,290.65576171875,297.5318298339844,290.6220703125,1.0,0.4142365753650665,1.0,1.0,0.0,1.0,-2.262857675552368,2.2628533840179443,4.1226708162867e-06,1.7499573230743408,0.0,0.0,0.0,66.83894348144531,60.0,52.036956787109375,-0.0,919.0010986328124,1.0,283.1598205566406,287.84234619140625,290.39013671875,290.6860046386719,293.1499938964844,293.1499938964844,278.1499938964844,0.0,18000.0,313.1499938964844,0.0,18000.0,0.0,0.0,0.0,0.0,0.0,0.0,0.0,0.0,0.0,-0.0,-0.0,-0.0,6.445913975451006e-21,3.222956987725503e-21,3.2229567857771112e-21,0.0,0.0,-0.0,0.0,0.0,0.0,0.0,0.0,0.0,0.0,0.0,0.0,4.0,0.0,0.0
12386640,297.50958251953125,297.1499938964844,293.1499938964844,0.0,-0.0,290.6195068359375,0.8682466149330139,0.2439568936824798,0.2190320938825607,297.56768798828125,297.1499938964844,293.1499938964844,0.0,-0.0,290.6195983886719,0.8899622559547424,0.2626685500144958,0.2480587363243103,297.5299987792969,297.1499938964844,293.1499938964844,0.0,-0.0,290.6195068359375,0.8706758618354797,0.2461134493350982,0.1717833876609802,297.55328369140625,297.1499938964844,293.1499938964844,0.0,-0.0,290.6194152832031,0.8536154627799988,0.2318952232599258,0.219071552157402,297.4707946777344,297.1499938964844,293.1499938964844,0.0,-0.0,290.6194152832031,0.8504096865653992,0.2289167940616607,1.0271689891815186,290.6198425292969,289.28173828125,290.6566772460937,289.0629577636719,290.65576171875,297.5318298339844,290.6220703125,1.0,0.4142365753650665,1.0,1.0,0.0,1.0,-2.262857675552368,2.2628533840179443,4.1226708162867e-06,1.7499573230743408,0.0,0.0,0.0,66.83894348144531,60.0,52.036956787109375,-0.0,919.0010986328124,1.0,283.1598205566406,287.84234619140625,290.39013671875,290.6860046386719,293.1499938964844,293.1499938964844,278.1499938964844,0.0,18000.0,313.1499938964844,0.0,18000.0,0.0,0.0,0.0,0.0,0.0,0.0,0.0,0.0,0.0,-0.0,-0.0,-0.0,6.445913975451006e-21,3.222956987725503e-21,3.2229567857771112e-21,0.0,0.0,-0.0,0.0,0.0,0.0,0.0,0.0,0.0,0.0,0.0,0.0,4.0,0.0,0.0
12386700,297.51470947265625,297.1499938964844,293.1499938964844,0.0,-0.0,290.6382141113281,0.8928782939910889,0.2467378228902816,0.2213384062051773,297.5741577148437,297.1499938964844,293.1499938964844,0.0,-0.0,290.6383056640625,0.9167126417160034,0.2659482061862945,0.2509486675262451,297.5360412597656,297.1499938964844,293.1499938964844,0.0,-0.0,290.63824462890625,0.8956776261329651,0.2491140663623809,0.1737282276153564,297.5599365234375,297.1499938964844,293.1499938964844,0.0,-0.0,290.6381530761719,0.8780034780502319,0.2351029962301254,0.2218997925519943,297.4769287109375,297.1499938964844,293.1499938964844,0.0,-0.0,290.6381530761719,0.8738676905632019,0.2315505146980285,1.0380218029022217,290.6385803222656,289.2590026855469,290.67498779296875,289.0741882324219,290.6741027832031,297.5375671386719,290.6407775878906,1.0,0.4146187007427215,1.0,1.0,0.0,1.0,-2.2878689765930176,2.2878646850585938,4.214040927763563e-06,1.7693835496902466,0.0,0.0,0.0,63.19986724853516,60.0,52.007232666015625,-0.0,929.873046875,1.0,283.1598205566406,287.84234619140625,290.39013671875,290.6860046386719,293.1499938964844,293.1499938964844,278.1499938964844,0.0,18000.0,313.1499938964844,0.0,18000.0,0.0,0.0,0.0,0.0,0.0,0.0,0.0,0.0,0.0,-0.0,-0.0,-0.0,6.445913975451006e-21,3.222956987725503e-21,3.2229567857771112e-21,0.0,0.0,-0.0,0.0,0.0,0.0,0.0,0.0,0.0,0.0,0.0,0.0,4.0,0.0,0.0
12386760,297.5198974609375,297.1499938964844,293.1499938964844,0.0,-0.0,290.6569519042969,0.9284487366676332,0.2495566457509994,0.2236568480730056,297.5807189941406,297.1499938964844,293.1499938964844,0.0,-0.0,290.65704345703125,0.955171525478363,0.2692798674106598,0.2538654208183288,297.5421447753906,297.1499938964844,293.1499938964844,0.0,-0.0,290.6569519042969,0.9320343732833862,0.2521581351757049,0.1756862103939056,297.566650390625,297.1499938964844,293.1499938964844,0.0,-0.0,290.6568908691406,0.9118586778640748,0.2383571416139602,0.2247485071420669,297.48309326171875,297.1499938964844,293.1499938964844,0.0,-0.0,290.6568603515625,0.906449258327484,0.2342287451028823,1.0489635467529297,290.65728759765625,289.2362670898437,290.6933288574219,289.085205078125,290.69244384765625,297.5433654785156,290.65948486328125,1.0,0.4146362245082855,1.0,1.0,0.0,1.0,-2.3130745887756348,2.313070297241211,4.307175913709216e-06,1.788951396942139,0.0,0.0,0.0,58.988746643066406,48.0,51.98137283325195,-0.0,938.8700561523438,1.0,283.1598205566406,287.84234619140625,290.39013671875,290.6860046386719,293.1499938964844,293.1499938964844,278.1499938964844,0.0,18000.0,313.1499938964844,0.0,18000.0,0.0,0.0,0.0,0.0,0.0,0.0,0.0,0.0,0.0,-0.0,-0.0,-0.0,6.445913975451006e-21,3.222956987725503e-21,3.2229567857771112e-21,0.0,0.0,-0.0,0.0,0.0,0.0,0.0,0.0,0.0,0.0,0.0,0.0,4.0,0.0,0.0
12386820,297.52978515625,297.1499938964844,293.1499938964844,0.0,-0.0,290.6954040527344,0.9966492652893066,0.2552486062049866,0.2284619957208633,297.599853515625,297.1499938964844,293.1499938964844,0.0,-0.0,290.6954040527344,0.9962621927261353,0.2766517698764801,0.2402004152536392,297.5540771484375,297.1499938964844,293.1499938964844,0.0,-0.0,290.6954040527344,0.9978482127189636,0.258335679769516,0.178576648235321,297.5795593261719,297.1499938964844,293.1499938964844,0.0,-0.0,290.6953430175781,0.98568856716156,0.2449471801519394,0.2306481450796127,297.4950561523437,297.1499938964844,293.1499938964844,0.0,-0.0,290.6953125,0.9798328280448914,0.2396621406078338,1.071783423423767,290.6957397460937,289.1907958984375,290.7300109863281,289.10662841796875,290.7291259765625,297.55645751953125,290.6976928710937,1.0,0.4128420352935791,1.0,1.0,0.0,1.0,-2.340392589569092,2.340388298034668,4.410409474076005e-06,1.810757040977478,0.0,0.0,0.0,52.31943893432617,68.0,52.41751480102539,-0.0,940.3922729492188,1.0,283.1598205566406,287.84234619140625,290.39013671875,290.6860046386719,293.1499938964844,293.1499938964844,278.1499938964844,0.0,18000.0,313.1499938964844,0.0,18000.0,0.0,0.0,0.0,0.0,0.0,0.0,0.0,0.0,0.0,-0.0,-0.0,-0.0,6.445913975451006e-21,3.222956987725503e-21,3.2229567857771112e-21,0.0,0.0,-0.0,0.0,0.0,0.0,0.0,0.0,0.0,0.0,0.0,0.0,4.0,0.0,0.0
12386880,297.52978515625,297.1499938964844,293.1499938964844,0.0,-0.0,290.6954040527344,0.9966492652893066,0.2552486062049866,0.2284619957208633,297.599853515625,297.1499938964844,293.1499938964844,0.0,-0.0,290.6954040527344,0.9962621927261353,0.2766517698764801,0.2402004152536392,297.5540771484375,297.1499938964844,293.1499938964844,0.0,-0.0,290.6954040527344,0.9978482127189636,0.258335679769516,0.178576648235321,297.5795593261719,297.1499938964844,293.1499938964844,0.0,-0.0,290.6953430175781,0.98568856716156,0.2449471801519394,0.2306481450796127,297.4950561523437,297.1499938964844,293.1499938964844,0.0,-0.0,290.6953125,0.9798328280448914,0.2396621406078338,1.071783423423767,290.6957397460937,289.1907958984375,290.7300109863281,289.10662841796875,290.7291259765625,297.55645751953125,290.6976928710937,1.0,0.4128420352935791,1.0,1.0,0.0,1.0,-2.340392589569092,2.340388298034668,4.410409474076005e-06,1.810757040977478,0.0,0.0,0.0,52.31943893432617,68.0,52.41751480102539,-0.0,940.3922729492188,1.0,283.1598205566406,287.84234619140625,290.39013671875,290.6860046386719,293.1499938964844,293.1499938964844,278.1499938964844,0.0,18000.0,313.1499938964844,0.0,18000.0,0.0,0.0,0.0,0.0,0.0,0.0,0.0,0.0,0.0,-0.0,-0.0,-0.0,6.445913975451006e-21,3.222956987725503e-21,3.2229567857771112e-21,0.0,0.0,-0.0,0.0,0.0,0.0,0.0,0.0,0.0,0.0,0.0,0.0,4.0,0.0,0.0
12386940,297.5456237792969,297.1499938964844,293.1499938964844,0.0,-0.0,290.7313842773437,0.9964034557342528,0.2616530060768127,0.2287001311779022,297.636474609375,297.1499938964844,293.1499938964844,0.0,-0.0,290.7313842773437,0.9963902831077576,0.2860669493675232,0.2408192306756973,297.5749816894531,297.1499938964844,293.1499938964844,0.0,-0.0,290.7313842773437,0.9963902831077576,0.2655696868896484,0.1778682619333267,297.59259033203125,297.1499938964844,293.1499938964844,0.0,-0.0,290.7313537597656,0.9923438429832458,0.2517083287239074,0.2369626611471176,297.5073547363281,297.1499938964844,293.1499938964844,0.0,-0.0,290.7313232421875,0.985752820968628,0.2452778816223144,1.096595048904419,290.7317199707031,289.14532470703125,290.76666259765625,289.12713623046875,290.76580810546875,297.58154296875,290.7338256835937,1.0,0.4200451374053955,1.0,1.0,0.0,1.0,-2.3779516220092773,2.3779470920562744,4.551610800263006e-06,1.8392019271850584,0.0,0.0,0.0,53.53019714355469,88.0,51.41119384765625,-0.0,984.5060424804688,1.0,283.1598205566406,287.84234619140625,290.39013671875,290.6860046386719,293.1499938964844,293.1499938964844,278.1499938964844,0.0,18000.0,313.1499938964844,0.0,18000.0,0.0,0.0,0.0,0.0,0.0,0.0,0.0,0.0,0.0,-0.0,-0.0,-0.0,6.445913975451006e-21,3.222956987725503e-21,3.2229567857771112e-21,0.0,0.0,-0.0,0.0,0.0,0.0,0.0,0.0,0.0,0.0,0.0,0.0,4.0,0.0,0.0
12387000,297.5456237792969,297.1499938964844,293.1499938964844,0.0,-0.0,290.7313842773437,0.9964034557342528,0.2616530060768127,0.2287001311779022,297.636474609375,297.1499938964844,293.1499938964844,0.0,-0.0,290.7313842773437,0.9963902831077576,0.2860669493675232,0.2408192306756973,297.5749816894531,297.1499938964844,293.1499938964844,0.0,-0.0,290.7313842773437,0.9963902831077576,0.2655696868896484,0.1778682619333267,297.59259033203125,297.1499938964844,293.1499938964844,0.0,-0.0,290.7313537597656,0.9923438429832458,0.2517083287239074,0.2369626611471176,297.5073547363281,297.1499938964844,293.1499938964844,0.0,-0.0,290.7313232421875,0.985752820968628,0.2452778816223144,1.096595048904419,290.7317199707031,289.14532470703125,290.76666259765625,289.12713623046875,290.76580810546875,297.58154296875,290.7338256835937,1.0,0.4200451374053955,1.0,1.0,0.0,1.0,-2.3779516220092773,2.3779470920562744,4.551610800263006e-06,1.8392019271850584,0.0,0.0,0.0,53.53019714355469,88.0,51.41119384765625,-0.0,984.5060424804688,1.0,283.1598205566406,287.84234619140625,290.39013671875,290.6860046386719,293.1499938964844,293.1499938964844,278.1499938964844,0.0,18000.0,313.1499938964844,0.0,18000.0,0.0,0.0,0.0,0.0,0.0,0.0,0.0,0.0,0.0,-0.0,-0.0,-0.0,6.445913975451006e-21,3.222956987725503e-21,3.2229567857771112e-21,0.0,0.0,-0.0,0.0,0.0,0.0,0.0,0.0,0.0,0.0,0.0,0.0,4.0,0.0,0.0
12387060,297.5551147460937,297.1499938964844,293.1499938964844,0.0,-0.0,290.75885009765625,0.9984809160232544,0.266373336315155,0.2373424023389816,297.6567687988281,297.1499938964844,293.1499938964844,0.0,-0.0,290.75885009765625,0.997905433177948,0.2927281558513641,0.2493307888507843,297.5874938964844,297.1499938964844,293.1499938964844,0.0,-0.0,290.75885009765625,0.997905433177948,0.2708675563335418,0.1841548681259155,297.6026916503906,297.1499938964844,293.1499938964844,0.0,-0.0,290.7588195800781,0.9902846217155457,0.2569305896759033,0.2418829798698425,297.5170593261719,297.1499938964844,293.1499938964844,0.0,-0.0,290.7587890625,0.9827200770378112,0.2496483922004699,1.1161233186721802,290.7591552734375,289.1111755371094,290.7942199707031,289.14190673828125,290.7933959960937,297.59625244140625,290.7613525390625,1.0,0.4306495487689972,1.0,1.0,0.0,1.0,-2.4354472160339355,2.435442447662353,4.773603450303199e-06,1.883460283279419,0.9613983631134032,0.9613983631134032,0.0,56.28789138793945,88.0,51.388484954833984,-0.0,1058.34228515625,1.0,283.1598205566406,287.84234619140625,290.39013671875,290.6860046386719,293.1499938964844,293.1499938964844,283.1499938964844,0.0,18000.0,313.1499938964844,0.0,18000.0,1.0,0.0,0.0,0.0,1.0,0.0,1.0,0.0,0.0,-0.0,-0.0,-0.0,6.445913975451006e-21,3.222956987725503e-21,3.2229567857771112e-21,0.0,0.0,-0.0,3.3068834454752505e-05,0.0,0.0,0.0,0.0,0.0,0.2000000029802322,1.0,0.0,3.0,1.0,0.0
12387120,297.55322265625,297.1499938964844,293.1499938964844,0.0,-0.0,290.2499084472656,0.9968464970588684,0.267467737197876,0.2396964430809021,297.6593017578125,297.1499938964844,293.1499938964844,0.0,-0.0,290.24884033203125,0.9985791444778442,0.2945725917816162,0.2542399168014526,297.5874328613281,297.1499938964844,293.1499938964844,0.0,-0.0,290.248779296875,0.99866783618927,0.2722431123256683,0.1878509521484375,297.60406494140625,297.1499938964844,293.1499938964844,0.0,-0.0,290.2567138671875,0.9876492619514464,0.2584900557994842,0.2435332834720611,297.5183410644531,297.1499938964844,293.1499938964844,0.0,-0.0,290.2621765136719,0.9796032309532166,0.2509301602840423,1.12269389629364,290.1944580078125,289.099853515625,290.8033447265625,289.14666748046875,290.8025207519531,297.5978088378906,289.7696228027344,1.0,0.4350056648254394,1.0,1.0,0.0,1.0,-2.458508253097534,2.458503484725952,4.864301899942802e-06,1.9012752771377563,0.9591664671897888,0.9591664671897888,0.0,57.60792541503906,108.0,6191.92236328125,-0.0,1089.767578125,1.0,283.1996459960937,290.5221862792969,290.50885009765625,291.0704040527344,293.1499938964844,293.1499938964844,283.1499938964844,1720.870849609375,18000.0,313.1499938964844,0.0,18000.0,1.0,0.0,0.0,0.0,1.0,0.0,1.0,0.0,0.0,0.7629140019416809,0.7629280090332031,1.1706634239772029e-07,4.083615303039551,4.083603858947754,1.1043578524549956e-05,0.0,0.0,-0.0,4294.29248046875,0.0,16.57212257385254,1843.9410400390625,0.0,0.0,0.2000000029802322,1.0,0.0,3.0,1.0,0.0
12387180,297.3918151855469,297.1499938964844,293.1499938964844,0.0,-0.0,287.2719116210937,0.8702123165130615,0.2562912404537201,0.2344328463077545,297.5269470214844,297.1499938964844,293.1499938964844,0.0,-0.0,287.2691345214844,0.9035863876342772,0.287719190120697,0.2756378948688507,297.4559326171875,297.1499938964844,293.1499938964844,0.0,-0.0,287.27117919921875,0.8783623576164246,0.2645249664783478,0.1874381303787231,297.5009155273437,297.1499938964844,293.1499938964844,0.0,-0.0,287.2723388671875,0.8656302690505981,0.2538586258888244,0.2430034875869751,297.41485595703125,297.1499938964844,293.1499938964844,0.0,-0.0,287.27325439453125,0.8562716841697693,0.2451814711093902,1.1153571605682373,287.26422119140625,288.9881896972656,290.8399963378906,289.1651916503906,290.83917236328125,297.472412109375,287.2245483398437,1.0,0.4511030912399292,1.0,1.0,0.0,1.0,-2.4680874347686768,2.4680826663970947,4.905624336970504e-06,1.9104411602020264,0.9088174104690552,0.9088174104690552,0.0,77.59579467773438,128.0,15292.142578125,-0.0,1184.685302734375,1.0,283.1708374023437,286.60089111328125,292.50567626953125,293.188720703125,293.1499938964844,293.1499938964844,283.1499938964844,3361.774658203125,19080.0,313.1499938964844,0.0,18000.0,1.0,0.0,0.0,0.0,1.0,0.0685503557324409,1.0,0.0,0.0,1.1318354606628418,1.1318377256393433,8.558948394465916e-08,4.26581335067749,4.265803813934326,9.78687239694409e-06,0.0,0.0,-0.0,4505.6171875,0.0,45.48989868164063,1895.4219970703125,0.0,0.0,0.2907696962356567,1.0,0.0,3.0,1.0,0.0
12387240,297.3918151855469,297.1499938964844,293.1499938964844,0.0,-0.0,287.2719116210937,0.8702123165130615,0.2562912404537201,0.2344328463077545,297.5269470214844,297.1499938964844,293.1499938964844,0.0,-0.0,287.2691345214844,0.9035863876342772,0.287719190120697,0.2756378948688507,297.4559326171875,297.1499938964844,293.1499938964844,0.0,-0.0,287.27117919921875,0.8783623576164246,0.2645249664783478,0.1874381303787231,297.5009155273437,297.1499938964844,293.1499938964844,0.0,-0.0,287.2723388671875,0.8656302690505981,0.2538586258888244,0.2430034875869751,297.41485595703125,297.1499938964844,293.1499938964844,0.0,-0.0,287.27325439453125,0.8562716841697693,0.2451814711093902,1.1153571605682373,287.26422119140625,288.9881896972656,290.8399963378906,289.1651916503906,290.83917236328125,297.472412109375,287.2245483398437,1.0,0.4511030912399292,1.0,1.0,0.0,1.0,-2.4680874347686768,2.4680826663970947,4.905624336970504e-06,1.9104411602020264,0.9088174104690552,0.9088174104690552,0.0,77.59579467773438,128.0,15292.142578125,-0.0,1184.685302734375,1.0,283.1708374023437,286.60089111328125,292.50567626953125,293.188720703125,293.1499938964844,293.1499938964844,283.1499938964844,3361.774658203125,19080.0,313.1499938964844,0.0,18000.0,1.0,0.0,0.0,0.0,1.0,0.0685503557324409,1.0,0.0,0.0,1.1318354606628418,1.1318377256393433,8.558948394465916e-08,4.26581335067749,4.265803813934326,9.78687239694409e-06,0.0,0.0,-0.0,4505.6171875,0.0,45.48989868164063,1895.4219970703125,0.0,0.0,0.2907696962356567,1.0,0.0,3.0,1.0,0.0
12387300,297.3200988769531,297.1499938964844,293.1499938964844,0.0,-0.0,286.915771484375,0.8186367750167847,0.250775396823883,0.2295829057693481,297.4609069824219,297.1499938964844,293.1499938964844,0.0,-0.0,286.9135437011719,0.8495357632637024,0.2836161851882934,0.2720478475093841,297.3942565917969,297.1499938964844,293.1499938964844,0.0,-0.0,286.91510009765625,0.8274306058883667,0.2604008913040161,0.1847863644361496,297.4481811523437,297.1499938964844,293.1499938964844,0.0,-0.0,286.9158630371094,0.8174830079078674,0.2508992552757263,0.2406830936670303,297.3600158691406,297.1499938964844,293.1499938964844,0.0,-0.0,286.9165954589844,0.8079977035522461,0.2414726167917251,1.101283073425293,286.9098205566406,288.9658203125,290.8583374023437,289.1740417480469,290.8575134277344,297.4128112792969,286.8795166015625,1.0,0.4570407569408417,1.0,1.0,0.0,1.0,-2.435060977935791,2.435056209564209,4.77520461572567e-06,1.8848072290420528,0.891733705997467,0.891733705997467,0.0,91.55648040771484,128.0,17132.26171875,-0.0,1204.1873779296875,1.0,283.1611022949219,286.2621459960937,293.3817138671875,294.1443786621094,293.1499938964844,293.1499938964844,283.1499938964844,5136.37109375,19080.0,313.1499938964844,0.0,18000.0,1.0,0.0,0.0,0.0,1.0,0.2323964983224868,1.0,0.0,0.0,1.372983694076538,1.372987151145935,1.2578826158460288e-07,4.265921115875244,4.265911102294922,9.785954716790002e-06,0.0,0.0,-0.0,4785.81640625,0.0,81.7225570678711,1895.4366455078125,0.0,0.0,0.3476291596889496,1.0,0.0,3.0,1.0,0.0
12387360,297.2655029296875,297.1499938964844,293.1499938964844,0.0,-0.0,286.6567687988281,0.7831079959869385,0.2464839369058609,0.2256897091865539,297.4078674316406,297.1499938964844,293.1499938964844,0.0,-0.0,286.655029296875,0.8166652917861938,0.2803716659545898,0.2691137194633484,297.3447570800781,297.1499938964844,293.1499938964844,0.0,-0.0,286.6561889648437,0.793745756149292,0.2570834457874298,0.1825839579105377,297.4040222167969,297.1499938964844,293.1499938964844,0.0,-0.0,286.6567077636719,0.7842263579368591,0.2484470605850219,0.2386560887098312,297.3130798339844,297.1499938964844,293.1499938964844,0.0,-0.0,286.6573181152344,0.773727536201477,0.2381911426782608,1.0881245136260986,286.6522827148437,289.0089416503906,290.8766784667969,289.1826171875,290.8758239746094,297.3625183105469,286.6297912597656,1.0,0.4625421464443207,1.0,1.0,0.0,1.0,-2.4059598445892334,2.4059553146362305,4.661636921809986e-06,1.8621383905410769,0.8731902241706848,0.8731902241706848,0.0,104.07141876220705,116.0,18356.294921875,-0.0,1221.700927734375,1.0,283.1553039550781,286.02197265625,293.67877197265625,294.8408203125,293.1499938964844,293.1499938964844,283.1499938964844,7031.13720703125,18000.0,313.1499938964844,0.0,18000.0,1.0,0.0,0.0,0.0,1.0,0.404529333114624,1.0,0.0,0.0,1.5709062814712524,1.5709108114242554,1.646623815076964e-07,4.265923976898193,4.265914440155029,9.785929250938352e-06,0.0,0.0,-0.0,4903.7529296875,0.0,123.39314270019533,1895.4371337890625,0.0,283.7059020996094,0.393559455871582,1.0,0.0,3.0,1.0,0.0
12387420,297.1979064941406,297.1499938964844,293.1499938964844,0.0,-0.0,286.35406494140625,0.7567490935325623,0.2410455793142318,0.2203254401683807,297.3356628417969,297.1499938964844,293.1499938964844,0.0,-0.0,286.3531494140625,0.7913615107536316,0.2762786149978637,0.2649467587471008,297.2782592773437,297.1499938964844,293.1499938964844,0.0,-0.0,286.3537292480469,0.7682613134384155,0.2527711689472198,0.1793671399354934,297.3412170410156,297.1499938964844,293.1499938964844,0.0,-0.0,286.3539428710937,0.7605042457580566,0.2452679276466369,0.2355432659387588,297.24462890625,297.1499938964844,293.1499938964844,0.0,-0.0,286.35430908203125,0.7489234805107117,0.233285441994667,1.065693736076355,286.351806640625,288.9634704589844,290.913330078125,289.1988525390625,290.9124755859375,297.2933654785156,286.340576171875,1.0,0.4630376994609833,1.0,1.0,0.0,1.0,-2.3599438667297363,2.3599393367767334,4.484928012971068e-06,1.826278805732727,0.836452841758728,0.836452841758728,0.0,113.692626953125,104.0,19600.248046875,-0.0,1207.3968505859375,1.0,283.1509704589844,285.7458190917969,293.1858825683594,294.7254943847656,293.1499938964844,293.1499938964844,283.1499938964844,10606.3076171875,18000.0,313.1499938964844,0.0,18000.0,1.0,0.0,0.0,0.0,1.0,0.6141360998153687,1.0,0.0,0.0,1.8264102935791016,1.8264164924621584,2.225820168177961e-07,4.265924453735352,4.265914440155029,9.78592834144365e-06,0.0,0.0,-0.0,4833.8037109375,0.0,198.0514678955078,1895.4371337890625,0.0,1010.323486328125,0.4603884816169739,1.0,0.0,3.0,1.0,0.0
12387480,297.1979064941406,297.1499938964844,293.1499938964844,0.0,-0.0,286.35406494140625,0.7567490935325623,0.2410455793142318,0.2203254401683807,297.3356628417969,297.1499938964844,293.1499938964844,0.0,-0.0,286.3531494140625,0.7913615107536316,0.2762786149978637,0.2649467587471008,297.2782592773437,297.1499938964844,293.1499938964844,0.0,-0.0,286.3537292480469,0.7682613134384155,0.2527711689472198,0.1793671399354934,297.3412170410156,297.1499938964844,293.1499938964844,0.0,-0.0,286.3539428710937,0.7605042457580566,0.2452679276466369,0.2355432659387588,297.24462890625,297.1499938964844,293.1499938964844,0.0,-0.0,286.35430908203125,0.7489234805107117,0.233285441994667,1.065693736076355,286.351806640625,288.9634704589844,290.913330078125,289.1988525390625,290.9124755859375,297.2933654785156,286.340576171875,1.0,0.4630376994609833,1.0,1.0,0.0,1.0,-2.3599438667297363,2.3599393367767334,4.484928012971068e-06,1.826278805732727,0.836452841758728,0.836452841758728,0.0,113.692626953125,104.0,19600.248046875,-0.0,1207.3968505859375,1.0,283.1509704589844,285.7458190917969,293.1858825683594,294.7254943847656,293.1499938964844,293.1499938964844,283.1499938964844,10606.3076171875,18000.0,313.1499938964844,0.0,18000.0,1.0,0.0,0.0,0.0,1.0,0.6141360998153687,1.0,0.0,0.0,1.8264102935791016,1.8264164924621584,2.225820168177961e-07,4.265924453735352,4.265914440155029,9.78592834144365e-06,0.0,0.0,-0.0,4833.8037109375,0.0,198.0514678955078,1895.4371337890625,0.0,1010.323486328125,0.4603884816169739,1.0,0.0,3.0,1.0,0.0
12387540,297.1672668457031,297.1499938964844,293.1499938964844,0.0,-0.0,286.20477294921875,0.7539868354797363,0.238520011305809,0.2174822837114334,297.2974548339844,297.1499938964844,293.1499938964844,0.0,-0.0,286.204345703125,0.7897571325302124,0.2747299671173095,0.2629269063472748,297.2444152832031,297.1499938964844,293.1499938964844,0.0,-0.0,286.2046203613281,0.7662932276725769,0.2509368658065796,0.1776871383190155,297.3065795898437,297.1499938964844,293.1499938964844,0.0,-0.0,286.2047119140625,0.7593171000480652,0.2441525906324386,0.2340199053287506,297.20562744140625,297.1499938964844,293.1499938964844,0.0,-0.0,286.20489501953125,0.7460159659385681,0.2305061817169189,1.050910711288452,286.20379638671875,288.9179992675781,290.95001220703125,289.2138671875,290.9491271972656,297.25689697265625,286.1990661621094,1.0,0.4585486650466919,1.0,1.0,0.0,1.0,-2.332480430603028,2.3324761390686035,4.381016879051458e-06,1.8047962188720703,0.7994421124458313,0.7994421124458313,0.0,112.5654525756836,92.0,20164.59375,-0.0,1171.6650390625,1.0,283.150146484375,285.6102600097656,292.55438232421875,294.0965576171875,293.1499938964844,293.1499938964844,283.1499938964844,14010.384765625,18000.0,313.1499938964844,0.0,18000.0,1.0,0.0,0.0,0.0,1.0,0.6777381300926208,1.0,0.0,0.0,1.9681360721588133,1.9681437015533447,2.584661160653923e-07,4.265924453735352,4.265914440155029,9.78592834144365e-06,0.0,0.0,-0.0,4700.6318359375,0.0,254.66200256347656,1895.4371337890625,0.0,1439.6915283203125,0.4980548024177551,1.0,0.0,3.0,1.0,0.0
12387600,297.1672668457031,297.1499938964844,293.1499938964844,0.0,-0.0,286.20477294921875,0.7539868354797363,0.238520011305809,0.2174822837114334,297.2974548339844,297.1499938964844,293.1499938964844,0.0,-0.0,286.204345703125,0.7897571325302124,0.2747299671173095,0.2629269063472748,297.2444152832031,297.1499938964844,293.1499938964844,0.0,-0.0,286.2046203613281,0.7662932276725769,0.2509368658065796,0.1776871383190155,297.3065795898437,297.1499938964844,293.1499938964844,0.0,-0.0,286.2047119140625,0.7593171000480652,0.2441525906324386,0.2340199053287506,297.20562744140625,297.1499938964844,293.1499938964844,0.0,-0.0,286.20489501953125,0.7460159659385681,0.2305061817169189,1.050910711288452,286.20379638671875,288.9179992675781,290.95001220703125,289.2138671875,290.9491271972656,297.25689697265625,286.1990661621094,1.0,0.4585486650466919,1.0,1.0,0.0,1.0,-2.332480430603028,2.3324761390686035,4.381016879051458e-06,1.8047962188720703,0.7994421124458313,0.7994421124458313,0.0,112.5654525756836,92.0,20164.59375,-0.0,1171.6650390625,1.0,283.150146484375,285.6102600097656,292.55438232421875,294.0965576171875,293.1499938964844,293.1499938964844,283.1499938964844,14010.384765625,18000.0,313.1499938964844,0.0,18000.0,1.0,0.0,0.0,0.0,1.0,0.6777381300926208,1.0,0.0,0.0,1.9681360721588133,1.9681437015533447,2.584661160653923e-07,4.265924453735352,4.265914440155029,9.78592834144365e-06,0.0,0.0,-0.0,4700.6318359375,0.0,254.66200256347656,1895.4371337890625,0.0,1439.6915283203125,0.4980548024177551,1.0,0.0,3.0,1.0,0.0
12387660,297.1552734375,297.1499938964844,293.1499938964844,0.0,-0.0,286.1584777832031,0.7629938721656799,0.2375118434429168,0.2160900235176086,297.2783203125,297.1499938964844,293.1499938964844,0.0,-0.0,286.1584167480469,0.800788938999176,0.2746469974517822,0.2623385787010193,297.2284851074219,297.1499938964844,293.1499938964844,0.0,-0.0,286.158447265625,0.7763994932174683,0.2505073845386505,0.1770210862159729,297.28839111328125,297.1499938964844,293.1499938964844,0.0,-0.0,286.1584777832031,0.769783079624176,0.2442844361066818,0.2336752414703369,297.184814453125,297.1499938964844,293.1499938964844,0.0,-0.0,286.1584777832031,0.7542723417282104,0.2290870398283004,1.0422096252441406,286.15838623046875,288.8719482421875,290.98712158203125,289.2280578613281,290.9862365722656,297.2389221191406,286.15802001953125,1.0,0.4516305923461914,1.0,1.0,0.0,1.0,-2.318427085876465,2.318422794342041,4.328329850977752e-06,1.7937979698181152,0.7631719708442688,0.7631719708442688,0.0,105.88050842285156,80.0,20289.900390625,-0.0,1129.5296630859375,1.0,283.1500244140625,285.56964111328125,292.2391052246094,293.7006530761719,293.1499938964844,293.1499938964844,283.1499938964844,16838.30859375,18000.0,313.1499938964844,0.0,18000.0,1.0,0.0,0.0,0.0,1.0,0.6748920679092407,1.0,0.0,0.0,2.004689693450928,2.0046980381011963,2.681561284134659e-07,4.265924453735352,4.265914440155029,9.78592834144365e-06,0.0,0.0,-0.0,4624.00732421875,0.0,278.5790710449219,1895.4371337890625,0.0,1418.521240234375,0.511183500289917,1.0,0.0,3.0,1.0,0.0
12387720,297.1552734375,297.1499938964844,293.1499938964844,0.0,-0.0,286.1584777832031,0.7629938721656799,0.2375118434429168,0.2160900235176086,297.2783203125,297.1499938964844,293.1499938964844,0.0,-0.0,286.1584167480469,0.800788938999176,0.2746469974517822,0.2623385787010193,297.2284851074219,297.1499938964844,293.1499938964844,0.0,-0.0,286.158447265625,0.7763994932174683,0.2505073845386505,0.1770210862159729,297.28839111328125,297.1499938964844,293.1499938964844,0.0,-0.0,286.1584777832031,0.769783079624176,0.2442844361066818,0.2336752414703369,297.184814453125,297.1499938964844,293.1499938964844,0.0,-0.0,286.1584777832031,0.7542723417282104,0.2290870398283004,1.0422096252441406,286.15838623046875,288.8719482421875,290.98712158203125,289.2280578613281,290.9862365722656,297.2389221191406,286.15802001953125,1.0,0.4516305923461914,1.0,1.0,0.0,1.0,-2.318427085876465,2.318422794342041,4.328329850977752e-06,1.7937979698181152,0.7631719708442688,0.7631719708442688,0.0,105.88050842285156,80.0,20289.900390625,-0.0,1129.5296630859375,1.0,283.1500244140625,285.56964111328125,292.2391052246094,293.7006530761719,293.1499938964844,293.1499938964844,283.1499938964844,16838.30859375,18000.0,313.1499938964844,0.0,18000.0,1.0,0.0,0.0,0.0,1.0,0.6748920679092407,1.0,0.0,0.0,2.004689693450928,2.0046980381011963,2.681561284134659e-07,4.265924453735352,4.265914440155029,9.78592834144365e-06,0.0,0.0,-0.0,4624.00732421875,0.0,278.5790710449219,1895.4371337890625,0.0,1418.521240234375,0.511183500289917,1.0,0.0,3.0,1.0,0.0
12387780,297.1527099609375,297.1499938964844,293.1499938964844,0.0,-0.0,286.1817321777344,0.7802956104278564,0.2373084127902984,0.2153913378715515,297.2693786621094,297.1499938964844,293.1499938964844,0.0,-0.0,286.1819763183594,0.8195433616638184,0.275356113910675,0.2624664902687073,297.2219543457031,297.1499938964844,293.1499938964844,0.0,-0.0,286.18182373046875,0.7949115633964539,0.2508312165737152,0.1768531501293182,297.2792358398437,297.1499938964844,293.1499938964844,0.0,-0.0,286.1817932128906,0.7885749340057373,0.245100051164627,0.2339251786470413,297.17413330078125,297.1499938964844,293.1499938964844,0.0,-0.0,286.1816711425781,0.7705519199371338,0.2284385114908218,1.0367553234100342,286.1822509765625,288.8247375488281,291.02520751953125,289.24188232421875,291.0242919921875,297.2305908203125,286.1850280761719,1.0,0.4434961676597595,1.0,1.0,0.0,1.0,-2.3112828731536865,2.3112785816192627,4.301640274206875e-06,1.7881882190704346,0.7283486127853394,0.7283486127853394,0.0,96.5146255493164,68.0,20111.603515625,-0.0,1084.79541015625,1.0,283.1499938964844,285.59356689453125,292.1528015136719,293.55157470703125,293.1499938964844,293.1499938964844,283.1499938964844,18926.873046875,18000.0,313.1499938964844,0.0,18000.0,1.0,0.0,0.0,0.0,1.0,0.6545243859291077,1.0,0.0,0.0,1.9615541696548464,1.9615626335144043,2.5674026460364985e-07,4.265924453735352,4.265914440155029,9.78592834144365e-06,0.0,0.0,-0.0,4590.755859375,0.0,272.2608337402344,1895.4371337890625,0.0,1272.0272216796875,0.5058298707008362,1.0,0.0,3.0,1.0,0.0
12387840,297.1527099609375,297.1499938964844,293.1499938964844,0.0,-0.0,286.1817321777344,0.7802956104278564,0.2373084127902984,0.2153913378715515,297.2693786621094,297.1499938964844,293.1499938964844,0.0,-0.0,286.1819763183594,0.8195433616638184,0.275356113910675,0.2624664902687073,297.2219543457031,297.1499938964844,293.1499938964844,0.0,-0.0,286.18182373046875,0.7949115633964539,0.2508312165737152,0.1768531501293182,297.2792358398437,297.1499938964844,293.1499938964844,0.0,-0.0,286.1817932128906,0.7885749340057373,0.245100051164627,0.2339251786470413,297.17413330078125,297.1499938964844,293.1499938964844,0.0,-0.0,286.1816711425781,0.7705519199371338,0.2284385114908218,1.0367553234100342,286.1822509765625,288.8247375488281,291.02520751953125,289.24188232421875,291.0242919921875,297.2305908203125,286.1850280761719,1.0,0.4434961676597595,1.0,1.0,0.0,1.0,-2.3112828731536865,2.3112785816192627,4.301640274206875e-06,1.7881882190704346,0.7283486127853394,0.7283486127853394,0.0,96.5146255493164,68.0,20111.603515625,-0.0,1084.79541015625,1.0,283.1499938964844,285.59356689453125,292.1528015136719,293.55157470703125,293.1499938964844,293.1499938964844,283.1499938964844,18926.873046875,18000.0,313.1499938964844,0.0,18000.0,1.0,0.0,0.0,0.0,1.0,0.6545243859291077,1.0,0.0,0.0,1.9615541696548464,1.9615626335144043,2.5674026460364985e-07,4.265924453735352,4.265914440155029,9.78592834144365e-06,0.0,0.0,-0.0,4590.755859375,0.0,272.2608337402344,1895.4371337890625,0.0,1272.0272216796875,0.5058298707008362,1.0,0.0,3.0,1.0,0.0
12387900,297.1540832519531,297.1499938964844,293.1499938964844,0.0,-0.0,286.2131042480469,0.7922496199607849,0.2374619543552398,0.215257316827774,297.2678527832031,297.1499938964844,293.1499938964844,0.0,-0.0,286.2134704589844,0.8313956260681152,0.2759607434272766,0.2627520263195038,297.221435546875,297.1499938964844,293.1499938964844,0.0,-0.0,286.2132568359375,0.8073669672012329,0.2512340247631073,0.1769256442785263,297.27734375,297.1499938964844,293.1499938964844,0.0,-0.0,286.21319580078125,0.8012287616729736,0.2457337975502014,0.2342453151941299,297.1718444824219,297.1499938964844,293.1499938964844,0.0,-0.0,286.2130126953125,0.7819800972938538,0.22836434841156,1.035072922706604,286.2138671875,288.8006896972656,291.04461669921875,289.2486877441406,291.0436706542969,297.2292785644531,286.2178649902344,1.0,0.439204603433609,1.0,1.0,0.0,1.0,-2.309913396835327,2.309909105300904,4.29650253863656e-06,1.7870951890945437,0.7116549611091614,0.7116549611091614,0.0,91.21817016601562,68.0,19938.607421875,-0.0,1062.473388671875,1.0,283.1499938964844,285.62359619140625,292.15264892578125,293.52850341796875,293.1499938964844,293.1499938964844,283.1499938964844,19683.427734375,18000.0,313.1499938964844,0.0,18000.0,1.0,0.0,0.0,0.0,1.0,0.6444442272186279,1.0,0.0,0.0,1.9186705350875848,1.918678879737854,2.456372385495343e-07,4.265924453735352,4.265914440155029,9.78592834144365e-06,0.0,0.0,-0.0,4581.23046875,0.0,260.9866027832031,1895.4371337890625,0.0,1202.960205078125,0.498224675655365,1.0,0.0,3.0,1.0,0.0
12387960,297.15692138671875,297.1499938964844,293.1499938964844,0.0,-0.0,286.2550354003906,0.8066589832305908,0.2377637177705764,0.2152513414621353,297.26788330078125,297.1499938964844,293.1499938964844,0.0,-0.0,286.2554931640625,0.845689594745636,0.2767104804515838,0.2631691396236419,297.22235107421875,297.1499938964844,293.1499938964844,0.0,-0.0,286.2552185058594,0.8213967680931091,0.2517774105072021,0.177091896533966,297.2769775390625,297.1499938964844,293.1499938964844,0.0,-0.0,286.2551574707031,0.8158722519874573,0.2465013712644577,0.2346850335597992,297.1711730957031,297.1499938964844,293.1499938964844,0.0,-0.0,286.2549133300781,0.7959385514259338,0.2284367978572845,1.0340206623077393,286.2560119628906,288.7763366699219,291.0642395019531,289.25543212890625,291.06329345703125,297.2294616699219,286.26104736328125,1.0,0.4348441958427429,1.0,1.0,0.0,1.0,-2.3098690509796143,2.3098647594451904,4.29628744313959e-06,1.7870323657989502,0.6955143809318542,0.6955143809318542,0.0,85.64543151855469,56.0,19722.208984375,-0.0,1040.4964599609375,1.0,283.1499938964844,285.66314697265625,292.164794921875,293.5213623046875,293.1499938964844,293.1499938964844,283.1499938964844,20258.677734375,18000.0,313.1499938964844,0.0,18000.0,1.0,0.0,0.0,0.0,1.0,0.6355962753295898,1.0,0.0,0.0,1.8659906387329104,1.8659988641738887,2.323337611187526e-07,4.265924453735352,4.265914440155029,9.78592834144365e-06,0.0,0.0,-0.0,4572.93505859375,0.0,246.3521728515625,1895.4371337890625,0.0,1144.328125,0.4883538484573364,1.0,0.0,3.0,1.0,0.0
12388020,297.1658630371094,297.1499938964844,293.1499938964844,0.0,-0.0,286.36376953125,0.8420596718788147,0.2387546747922897,0.2155799567699432,297.271728515625,297.1499938964844,293.1499938964844,0.0,-0.0,286.3643798828125,0.8855454325675964,0.2785896062850952,0.2643538415431976,297.22772216796875,297.1499938964844,293.1499938964844,0.0,-0.0,286.364013671875,0.8579204082489014,0.2532329559326172,0.1776751428842544,297.27978515625,297.1499938964844,293.1499938964844,0.0,-0.0,286.3639221191406,0.8524557948112488,0.2483903765678405,0.2358881384134292,297.1737976074219,297.1499938964844,293.1499938964844,0.0,-0.0,286.36358642578125,0.8313111662864685,0.2289661914110183,1.033602237701416,286.36505126953125,288.7267150878906,291.1042785644531,289.2687683105469,291.1033020019531,297.2334289550781,286.3716125488281,1.0,0.4260717332363128,1.0,1.0,0.0,1.0,-2.313326597213745,2.313322067260742,4.309034466132289e-06,1.789663553237915,0.6650542616844177,0.6650542616844177,0.0,73.93497467041016,44.0,19190.83984375,-0.0,998.0182495117188,1.0,283.1499938964844,285.76373291015625,292.1983337402344,293.52130126953125,293.1499938964844,293.1499938964844,283.1499938964844,20931.66796875,18000.0,313.1499938964844,0.0,18000.0,1.0,0.0,0.0,0.0,1.0,0.6215074062347412,1.0,0.0,0.0,1.7428418397903442,1.742849588394165,2.026792884635143e-07,4.265924453735352,4.265914440155029,9.78592834144365e-06,0.0,0.0,-0.0,4554.65869140625,0.0,212.3674774169922,1895.4371337890625,0.0,1054.999755859375,0.4644689261913299,1.0,0.0,3.0,1.0,0.0
12388080,297.1658630371094,297.1499938964844,293.1499938964844,0.0,-0.0,286.36376953125,0.8420596718788147,0.2387546747922897,0.2155799567699432,297.271728515625,297.1499938964844,293.1499938964844,0.0,-0.0,286.3643798828125,0.8855454325675964,0.2785896062850952,0.2643538415431976,297.22772216796875,297.1499938964844,293.1499938964844,0.0,-0.0,286.364013671875,0.8579204082489014,0.2532329559326172,0.1776751428842544,297.27978515625,297.1499938964844,293.1499938964844,0.0,-0.0,286.3639221191406,0.8524557948112488,0.2483903765678405,0.2358881384134292,297.1737976074219,297.1499938964844,293.1499938964844,0.0,-0.0,286.36358642578125,0.8313111662864685,0.2289661914110183,1.033602237701416,286.36505126953125,288.7267150878906,291.1042785644531,289.2687683105469,291.1033020019531,297.2334289550781,286.3716125488281,1.0,0.4260717332363128,1.0,1.0,0.0,1.0,-2.313326597213745,2.313322067260742,4.309034466132289e-06,1.789663553237915,0.6650542616844177,0.6650542616844177,0.0,73.93497467041016,44.0,19190.83984375,-0.0,998.0182495117188,1.0,283.1499938964844,285.76373291015625,292.1983337402344,293.52130126953125,293.1499938964844,293.1499938964844,283.1499938964844,20931.66796875,18000.0,313.1499938964844,0.0,18000.0,1.0,0.0,0.0,0.0,1.0,0.6215074062347412,1.0,0.0,0.0,1.7428418397903442,1.742849588394165,2.026792884635143e-07,4.265924453735352,4.265914440155029,9.78592834144365e-06,0.0,0.0,-0.0,4554.65869140625,0.0,212.3674774169922,1895.4371337890625,0.0,1054.999755859375,0.4644689261913299,1.0,0.0,3.0,1.0,0.0
12388140,297.1780700683594,297.1499938964844,293.1499938964844,0.0,-0.0,286.49542236328125,0.8997570872306824,0.2401915937662124,0.2163046151399612,297.279296875,297.1499938964844,293.1499938964844,0.0,-0.0,286.49609375,0.9536414742469788,0.2808957397937774,0.2659400403499603,297.2364807128906,297.1499938964844,293.1499938964844,0.0,-0.0,286.4956970214844,0.9195188283920288,0.2551036775112152,0.1785464137792587,297.28619384765625,297.1499938964844,293.1499938964844,0.0,-0.0,286.49560546875,0.9132750630378724,0.2506801784038543,0.2374661713838577,297.1803283691406,297.1499938964844,293.1499938964844,0.0,-0.0,286.4952087402344,0.8866065144538879,0.2299276143312454,1.0351160764694214,286.49688720703125,288.67584228515625,291.1452941894531,289.281982421875,291.1443176269531,297.24053955078125,286.5043029785156,1.0,0.4173959195613861,1.0,1.0,0.0,1.0,-2.3208601474761963,2.3208558559417725,4.336999154475052e-06,1.7954633235931396,0.6372066140174866,0.6372066140174866,0.0,61.75878143310547,32.0,18574.666015625,-0.0,957.7605590820312,1.0,283.1499938964844,285.88299560546875,292.22418212890625,293.5140075683594,293.1499938964844,293.1499938964844,283.1499938964844,21105.181640625,18000.0,313.1499938964844,0.0,18000.0,1.0,0.0,0.0,0.0,1.0,0.6101540923118591,1.0,0.0,0.0,1.6113848686218262,1.6113920211791992,1.732574759216732e-07,4.265924453735352,4.265914440155029,9.78592834144365e-06,0.0,0.0,-0.0,4531.40966796875,0.0,178.4561767578125,1895.4371337890625,0.0,986.7986450195312,0.4385514557361603,1.0,0.0,3.0,1.0,0.0
12388200,297.1780700683594,297.1499938964844,293.1499938964844,0.0,-0.0,286.49542236328125,0.8997570872306824,0.2401915937662124,0.2163046151399612,297.279296875,297.1499938964844,293.1499938964844,0.0,-0.0,286.49609375,0.9536414742469788,0.2808957397937774,0.2659400403499603,297.2364807128906,297.1499938964844,293.1499938964844,0.0,-0.0,286.4956970214844,0.9195188283920288,0.2551036775112152,0.1785464137792587,297.28619384765625,297.1499938964844,293.1499938964844,0.0,-0.0,286.49560546875,0.9132750630378724,0.2506801784038543,0.2374661713838577,297.1803283691406,297.1499938964844,293.1499938964844,0.0,-0.0,286.4952087402344,0.8866065144538879,0.2299276143312454,1.0351160764694214,286.49688720703125,288.67584228515625,291.1452941894531,289.281982421875,291.1443176269531,297.24053955078125,286.5043029785156,1.0,0.4173959195613861,1.0,1.0,0.0,1.0,-2.3208601474761963,2.3208558559417725,4.336999154475052e-06,1.7954633235931396,0.6372066140174866,0.6372066140174866,0.0,61.75878143310547,32.0,18574.666015625,-0.0,957.7605590820312,1.0,283.1499938964844,285.88299560546875,292.22418212890625,293.5140075683594,293.1499938964844,293.1499938964844,283.1499938964844,21105.181640625,18000.0,313.1499938964844,0.0,18000.0,1.0,0.0,0.0,0.0,1.0,0.6101540923118591,1.0,0.0,0.0,1.6113848686218262,1.6113920211791992,1.732574759216732e-07,4.265924453735352,4.265914440155029,9.78592834144365e-06,0.0,0.0,-0.0,4531.40966796875,0.0,178.4561767578125,1895.4371337890625,0.0,986.7986450195312,0.4385514557361603,1.0,0.0,3.0,1.0,0.0
12388260,297.1915588378906,297.1499938964844,293.1499938964844,0.0,-0.0,286.63006591796875,0.9760399460792542,0.2419137060642242,0.2174635976552963,297.2977600097656,297.1499938964844,293.1499938964844,0.0,-0.0,286.63037109375,0.9977045059204102,0.2843661904335022,0.2480506598949432,297.2467346191406,297.1499938964844,293.1499938964844,0.0,-0.0,286.6302795410156,0.9929676651954652,0.25723996758461,0.1797375082969665,297.2942810058594,297.1499938964844,293.1499938964844,0.0,-0.0,286.6302490234375,0.9887651205062866,0.2532275021076202,0.2394674718379974,297.1888122558594,297.1499938964844,293.1499938964844,0.0,-0.0,286.6298828125,0.9618518948554992,0.2311702668666839,1.038748860359192,286.6311950683594,288.62371826171875,291.1873474121094,289.29510498046875,291.1863098144531,297.2523193359375,286.6368408203125,1.0,0.4078950583934784,1.0,1.0,0.0,1.0,-2.309000015258789,2.308995723724365,4.293787696951768e-06,1.78676438331604,0.6119266152381897,0.6119266152381897,0.0,52.22518539428711,52.0,17853.001953125,-0.0,908.0938110351562,1.0,283.1499938964844,286.0042724609375,292.239013671875,293.4925231933594,293.1499938964844,293.1499938964844,283.1499938964844,20962.689453125,18000.0,313.1499938964844,0.0,18000.0,1.0,0.0,0.0,0.0,1.0,0.5990886688232422,1.0,0.0,0.0,1.4845285415649414,1.4845352172851562,1.4705186401897668e-07,4.265924453735352,4.265914440155029,9.78592834144365e-06,0.0,0.0,-0.0,4502.89990234375,0.0,148.82080078125,1895.4371337890625,0.0,923.7381591796876,0.4135217368602752,1.0,0.0,3.0,1.0,0.0
12388320,297.1915588378906,297.1499938964844,293.1499938964844,0.0,-0.0,286.63006591796875,0.9760399460792542,0.2419137060642242,0.2174635976552963,297.2977600097656,297.1499938964844,293.1499938964844,0.0,-0.0,286.63037109375,0.9977045059204102,0.2843661904335022,0.2480506598949432,297.2467346191406,297.1499938964844,293.1499938964844,0.0,-0.0,286.6302795410156,0.9929676651954652,0.25723996758461,0.1797375082969665,297.2942810058594,297.1499938964844,293.1499938964844,0.0,-0.0,286.6302490234375,0.9887651205062866,0.2532275021076202,0.2394674718379974,297.1888122558594,297.1499938964844,293.1499938964844,0.0,-0.0,286.6298828125,0.9618518948554992,0.2311702668666839,1.038748860359192,286.6311950683594,288.62371826171875,291.1873474121094,289.29510498046875,291.1863098144531,297.2523193359375,286.6368408203125,1.0,0.4078950583934784,1.0,1.0,0.0,1.0,-2.309000015258789,2.308995723724365,4.293787696951768e-06,1.78676438331604,0.6119266152381897,0.6119266152381897,0.0,52.22518539428711,52.0,17853.001953125,-0.0,908.0938110351562,1.0,283.1499938964844,286.0042724609375,292.239013671875,293.4925231933594,293.1499938964844,293.1499938964844,283.1499938964844,20962.689453125,18000.0,313.1499938964844,0.0,18000.0,1.0,0.0,0.0,0.0,1.0,0.5990886688232422,1.0,0.0,0.0,1.4845285415649414,1.4845352172851562,1.4705186401897668e-07,4.265924453735352,4.265914440155029,9.78592834144365e-06,0.0,0.0,-0.0,4502.89990234375,0.0,148.82080078125,1895.4371337890625,0.0,923.7381591796876,0.4135217368602752,1.0,0.0,3.0,1.0,0.0
12388380,297.20465087890625,297.1499938964844,293.1499938964844,0.0,-0.0,286.758056640625,0.9851360321044922,0.2437667250633239,0.2190500944852829,297.3488464355469,297.1499938964844,293.1499938964844,0.0,-0.0,286.7582702636719,0.996391534805298,0.2914250195026397,0.2408303022384643,297.2626342773437,297.1499938964844,293.1499938964844,0.0,-0.0,286.7582702636719,0.9965687394142152,0.2600608170032501,0.178005650639534,297.3030090332031,297.1499938964844,293.1499938964844,0.0,-0.0,286.7582702636719,0.9975013732910156,0.2559383809566498,0.241934671998024,297.1982421875,297.1499938964844,293.1499938964844,0.0,-0.0,286.7578125,0.9714840650558472,0.2326166480779647,1.044761300086975,286.759521484375,288.5702819824219,291.2304077148437,289.3082580566406,291.2293701171875,297.2818603515625,286.7674255371094,1.0,0.4083868563175201,1.0,1.0,0.0,1.0,-2.309905529022217,2.309901237487793,4.295995495340321e-06,1.7868211269378662,0.5889468789100647,0.5889468789100647,0.0,51.43772888183594,72.0,17159.892578125,-0.0,906.0724487304688,1.0,283.1499938964844,286.1205444335937,292.2453308105469,293.45709228515625,293.1499938964844,293.1499938964844,283.1499938964844,20667.0390625,18000.0,313.1499938964844,0.0,18000.0,1.0,0.0,0.0,0.0,1.0,0.5865603089332581,1.0,0.0,0.0,1.3681384325027466,1.3681445121765137,1.24897425735071e-07,4.265924453735352,4.265914440155029,9.78592834144365e-06,0.0,0.0,-0.0,4471.474609375,0.0,124.51785278320312,1895.4371337890625,0.0,856.7091674804688,0.3907855451107025,1.0,0.0,3.0,1.0,0.0
12388440,297.20465087890625,297.1499938964844,293.1499938964844,0.0,-0.0,286.758056640625,0.9851360321044922,0.2437667250633239,0.2190500944852829,297.3488464355469,297.1499938964844,293.1499938964844,0.0,-0.0,286.7582702636719,0.996391534805298,0.2914250195026397,0.2408303022384643,297.2626342773437,297.1499938964844,293.1499938964844,0.0,-0.0,286.7582702636719,0.9965687394142152,0.2600608170032501,0.178005650639534,297.3030090332031,297.1499938964844,293.1499938964844,0.0,-0.0,286.7582702636719,0.9975013732910156,0.2559383809566498,0.241934671998024,297.1982421875,297.1499938964844,293.1499938964844,0.0,-0.0,286.7578125,0.9714840650558472,0.2326166480779647,1.044761300086975,286.759521484375,288.5702819824219,291.2304077148437,289.3082580566406,291.2293701171875,297.2818603515625,286.7674255371094,1.0,0.4083868563175201,1.0,1.0,0.0,1.0,-2.309905529022217,2.309901237487793,4.295995495340321e-06,1.7868211269378662,0.5889468789100647,0.5889468789100647,0.0,51.43772888183594,72.0,17159.892578125,-0.0,906.0724487304688,1.0,283.1499938964844,286.1205444335937,292.2453308105469,293.45709228515625,293.1499938964844,293.1499938964844,283.1499938964844,20667.0390625,18000.0,313.1499938964844,0.0,18000.0,1.0,0.0,0.0,0.0,1.0,0.5865603089332581,1.0,0.0,0.0,1.3681384325027466,1.3681445121765137,1.24897425735071e-07,4.265924453735352,4.265914440155029,9.78592834144365e-06,0.0,0.0,-0.0,4471.474609375,0.0,124.51785278320312,1895.4371337890625,0.0,856.7091674804688,0.3907855451107025,1.0,0.0,3.0,1.0,0.0
12388500,297.21148681640625,297.1499938964844,293.1499938964844,0.0,-0.0,286.83453369140625,0.982280731201172,0.2447829842567443,0.2199463248252868,297.36651611328125,297.1499938964844,293.1499938964844,0.0,-0.0,286.8348083496094,0.997206687927246,0.2944223880767822,0.2450994253158569,297.2697448730469,297.1499938964844,293.1499938964844,0.0,-0.0,286.8348388671875,0.9982826709747314,0.2614745497703552,0.1818429827690124,297.3078308105469,297.1499938964844,293.1499938964844,0.0,-0.0,286.83477783203125,0.9953885674476624,0.2573788166046142,0.2432846128940582,297.2035522460937,297.1499938964844,293.1499938964844,0.0,-0.0,286.8342590332031,0.9680861234664916,0.2334431260824203,1.0483829975128174,286.83612060546875,288.5430908203125,291.2523498535156,289.3148498535156,291.25128173828125,297.2939147949219,286.8446960449219,1.0,0.4118443429470062,1.0,1.0,0.0,1.0,-2.3270578384399414,2.3270535469055176,4.359464128356194e-06,1.7998945713043213,0.5786030292510986,0.5786030292510986,0.0,52.4147834777832,72.0,16876.2421875,-0.0,927.1184692382812,1.0,283.1499938964844,286.18572998046875,292.2494812011719,293.4421081542969,293.1499938964844,293.1499938964844,283.1499938964844,20476.517578125,18000.0,313.1499938964844,0.0,18000.0,1.0,0.0,0.0,0.0,1.0,0.5798837542533875,1.0,0.0,0.0,1.3156805038452148,1.3156864643096924,1.1550327627674053e-07,4.265924453735352,4.265914440155029,9.78592834144365e-06,0.0,0.0,-0.0,4459.29052734375,0.0,114.41556549072266,1895.4371337890625,0.0,822.8856201171875,0.3805946707725525,1.0,0.0,3.0,1.0,0.0
12388560,297.2184753417969,297.1499938964844,293.1499938964844,0.0,-0.0,286.9155578613281,0.9716810584068298,0.2458605170249939,0.2209334522485733,297.37451171875,297.1499938964844,293.1499938964844,0.0,-0.0,286.9160461425781,0.9988815188407898,0.2965854406356811,0.2568823099136352,297.2731018066406,297.1499938964844,293.1499938964844,0.0,-0.0,286.9158935546875,0.9904956221580504,0.2625638842582702,0.1834585219621658,297.3128967285156,297.1499938964844,293.1499938964844,0.0,-0.0,286.91583251953125,0.9865065217018129,0.2588756382465362,0.2447216212749481,297.2090759277344,297.1499938964844,293.1499938964844,0.0,-0.0,286.915283203125,0.9561477303504944,0.2343242466449737,1.0524542331695557,286.9172058105469,288.5155639648437,291.2745361328125,289.3215026855469,291.27349853515625,297.30059814453125,286.92596435546875,1.0,0.417099118232727,1.0,1.0,0.0,1.0,-2.350982189178467,2.350977659225464,4.449191692401655e-06,1.8183410167694087,0.5690345168113708,0.5690345168113708,0.0,54.51764297485352,92.0,16621.998046875,-0.0,960.1168212890624,1.0,283.1499938964844,286.2528686523437,292.2560119628906,293.431396484375,293.1499938964844,293.1499938964844,283.1499938964844,20272.75390625,18000.0,313.1499938964844,0.0,18000.0,1.0,0.0,0.0,0.0,1.0,0.5733132362365723,1.0,0.0,0.0,1.2674752473831177,1.267480969429016,1.0719448084728357e-07,4.265924453735352,4.265914440155029,9.78592834144365e-06,0.0,0.0,-0.0,4449.42724609375,0.0,105.59215545654295,1895.4371337890625,0.0,790.8426513671875,0.3712663352489471,1.0,0.0,3.0,1.0,0.0
12388620,297.2322998046875,297.1499938964844,293.1499938964844,0.0,-0.0,287.0774841308594,0.9147519469261168,0.2481290251016616,0.2232188880443573,297.3556213378906,297.1499938964844,293.1499938964844,0.0,-0.0,287.0782775878906,0.9774503111839294,0.2975514233112335,0.2821663916110992,297.281982421875,297.1499938964844,293.1499938964844,0.0,-0.0,287.0777893066406,0.9381784796714784,0.2650213837623596,0.185331717133522,297.32305908203125,297.1499938964844,293.1499938964844,0.0,-0.0,287.0777282714844,0.9338111281394958,0.261972576379776,0.2479108124971389,297.2197265625,297.1499938964844,293.1499938964844,0.0,-0.0,287.0772705078125,0.8988862037658691,0.236155480146408,1.0619874000549316,287.0789489746094,288.4595031738281,291.3197631835937,289.3348693847656,291.3186950683594,297.2970886230469,287.08599853515625,1.0,0.4314480721950531,1.0,1.0,0.0,1.0,-2.4016263484954834,2.4016218185424805,4.643204647436505e-06,1.857881784439087,0.5520963668823242,0.5520963668823242,0.0,63.53572845458984,112.0,16159.126953125,-0.0,1050.7857666015625,1.0,283.1499938964844,286.3836975097656,292.2756652832031,293.4221496582031,293.1499938964844,293.1499938964844,283.1499938964844,19863.857421875,18000.0,313.1499938964844,0.0,18000.0,1.0,0.0,0.0,0.0,1.0,0.5613569617271423,1.0,0.0,0.0,1.1837708950042725,1.1837762594223022,9.350367946581173e-08,4.265924453735352,4.265914440155029,9.78592834144365e-06,0.0,0.0,-0.0,4434.77001953125,0.0,91.3140640258789,1895.4371337890625,0.0,735.5880126953125,0.3551814258098602,1.0,0.0,3.0,1.0,0.0
12388680,297.2322998046875,297.1499938964844,293.1499938964844,0.0,-0.0,287.0774841308594,0.9147519469261168,0.2481290251016616,0.2232188880443573,297.3556213378906,297.1499938964844,293.1499938964844,0.0,-0.0,287.0782775878906,0.9774503111839294,0.2975514233112335,0.2821663916110992,297.281982421875,297.1499938964844,293.1499938964844,0.0,-0.0,287.0777893066406,0.9381784796714784,0.2650213837623596,0.185331717133522,297.32305908203125,297.1499938964844,293.1499938964844,0.0,-0.0,287.0777282714844,0.9338111281394958,0.261972576379776,0.2479108124971389,297.2197265625,297.1499938964844,293.1499938964844,0.0,-0.0,287.0772705078125,0.8988862037658691,0.236155480146408,1.0619874000549316,287.0789489746094,288.4595031738281,291.3197631835937,289.3348693847656,291.3186950683594,297.2970886230469,287.08599853515625,1.0,0.4314480721950531,1.0,1.0,0.0,1.0,-2.4016263484954834,2.4016218185424805,4.643204647436505e-06,1.857881784439087,0.5520963668823242,0.5520963668823242,0.0,63.53572845458984,112.0,16159.126953125,-0.0,1050.7857666015625,1.0,283.1499938964844,286.3836975097656,292.2756652832031,293.4221496582031,293.1499938964844,293.1499938964844,283.1499938964844,19863.857421875,18000.0,313.1499938964844,0.0,18000.0,1.0,0.0,0.0,0.0,1.0,0.5613569617271423,1.0,0.0,0.0,1.1837708950042725,1.1837762594223022,9.350367946581173e-08,4.265924453735352,4.265914440155029,9.78592834144365e-06,0.0,0.0,-0.0,4434.77001953125,0.0,91.3140640258789,1895.4371337890625,0.0,735.5880126953125,0.3551814258098602,1.0,0.0,3.0,1.0,0.0
12388740,297.2433776855469,297.1499938964844,293.1499938964844,0.0,-0.0,287.2031555175781,0.8467214703559875,0.2502983212471008,0.2257649898529052,297.3419189453125,297.1499938964844,293.1499938964844,0.0,-0.0,287.20379638671875,0.8981413245201111,0.2987462878227234,0.2835127413272857,297.2903137207031,297.1499938964844,293.1499938964844,0.0,-0.0,287.2033996582031,0.8650904893875122,0.2675395011901855,0.1875309646129608,297.3312683105469,297.1499938964844,293.1499938964844,0.0,-0.0,287.203369140625,0.8622387051582336,0.2649978399276733,0.2513883113861084,297.2279968261719,297.1499938964844,293.1499938964844,0.0,-0.0,287.20294189453125,0.8334667682647705,0.2378780096769333,1.072689175605774,287.2043762207031,288.402099609375,291.3660583496094,289.3484802246094,291.364990234375,297.29461669921875,287.21044921875,1.0,0.4472707509994507,1.0,1.0,0.0,1.0,-2.4259774684906006,2.4259729385375977,4.737731615023222e-06,1.8767377138137813,0.5373652577400208,0.5373652577400208,0.0,79.73497772216797,130.0,15687.734375,-0.0,1144.7296142578125,1.0,283.1499938964844,286.4877014160156,292.2974853515625,293.4181213378906,293.1499938964844,293.1499938964844,283.1499938964844,19512.181640625,18000.0,313.1499938964844,0.0,18000.0,1.0,0.0,0.0,0.0,1.0,0.5512105822563171,1.0,0.0,0.0,1.1145799160003662,1.114585041999817,8.289262609650906e-08,4.265924453735352,4.265914440155029,9.78592834144365e-06,0.0,0.0,-0.0,4420.2783203125,0.0,80.57125854492188,1895.4371337890625,0.0,691.662109375,0.3421348929405212,1.0,0.0,3.0,1.0,0.0
12388800,297.2433776855469,297.1499938964844,293.1499938964844,0.0,-0.0,287.2031555175781,0.8467214703559875,0.2502983212471008,0.2257649898529052,297.3419189453125,297.1499938964844,293.1499938964844,0.0,-0.0,287.20379638671875,0.8981413245201111,0.2987462878227234,0.2835127413272857,297.2903137207031,297.1499938964844,293.1499938964844,0.0,-0.0,287.2033996582031,0.8650904893875122,0.2675395011901855,0.1875309646129608,297.3312683105469,297.1499938964844,293.1499938964844,0.0,-0.0,287.203369140625,0.8622387051582336,0.2649978399276733,0.2513883113861084,297.2279968261719,297.1499938964844,293.1499938964844,0.0,-0.0,287.20294189453125,0.8334667682647705,0.2378780096769333,1.072689175605774,287.2043762207031,288.402099609375,291.3660583496094,289.3484802246094,291.364990234375,297.29461669921875,287.21044921875,1.0,0.4472707509994507,1.0,1.0,0.0,1.0,-2.4259774684906006,2.4259729385375977,4.737731615023222e-06,1.8767377138137813,0.5373652577400208,0.5373652577400208,0.0,79.73497772216797,130.0,15687.734375,-0.0,1144.7296142578125,1.0,283.1499938964844,286.4877014160156,292.2974853515625,293.4181213378906,293.1499938964844,293.1499938964844,283.1499938964844,19512.181640625,18000.0,313.1499938964844,0.0,18000.0,1.0,0.0,0.0,0.0,1.0,0.5512105822563171,1.0,0.0,0.0,1.1145799160003662,1.114585041999817,8.289262609650906e-08,4.265924453735352,4.265914440155029,9.78592834144365e-06,0.0,0.0,-0.0,4420.2783203125,0.0,80.57125854492188,1895.4371337890625,0.0,691.662109375,0.3421348929405212,1.0,0.0,3.0,1.0,0.0
12388860,297.252197265625,297.1499938964844,293.1499938964844,0.0,-0.0,287.31549072265625,0.8053627610206604,0.2523768246173858,0.2282545566558838,297.3399658203125,297.1499938964844,293.1499938964844,0.0,-0.0,287.3160400390625,0.8511514663696289,0.3009747862815857,0.2860705256462097,297.29742431640625,297.1499938964844,293.1499938964844,0.0,-0.0,287.3157043457031,0.8228486776351929,0.2700394093990326,0.1897503733634948,297.3377990722656,297.1499938964844,293.1499938964844,0.0,-0.0,287.315673828125,0.820771336555481,0.2679575085639953,0.2548354268074035,297.23455810546875,297.1499938964844,293.1499938964844,0.0,-0.0,287.3153076171875,0.7913318276405334,0.2395313829183578,1.0832070112228394,287.3165588378906,288.34332275390625,291.4134521484375,289.3623962402344,291.4123840332031,297.29736328125,287.32196044921875,1.0,0.4634513854980469,1.0,1.0,0.0,1.0,-2.451484680175781,2.451479911804199,4.837782398681156e-06,1.8964778184890747,0.5248286724090576,0.5248286724090576,0.0,96.8820571899414,118.0,15287.2568359375,-0.0,1245.8583984375,1.0,283.1499938964844,286.5790100097656,292.31719970703125,293.4148864746094,293.1499938964844,293.1499938964844,283.1499938964844,19212.166015625,18000.0,313.1499938964844,0.0,18000.0,1.0,0.0,0.0,0.0,1.0,0.5421931743621826,1.0,0.0,0.0,1.05796217918396,1.0579670667648315,7.46850687960432e-08,4.265924453735352,4.265914440155029,9.78592834144365e-06,0.0,0.0,-0.0,4408.23388671875,0.0,72.4603042602539,1895.4371337890625,0.0,654.801025390625,0.331651359796524,1.0,0.0,3.0,1.0,0.0
12388920,297.252197265625,297.1499938964844,293.1499938964844,0.0,-0.0,287.31549072265625,0.8053627610206604,0.2523768246173858,0.2282545566558838,297.3399658203125,297.1499938964844,293.1499938964844,0.0,-0.0,287.3160400390625,0.8511514663696289,0.3009747862815857,0.2860705256462097,297.29742431640625,297.1499938964844,293.1499938964844,0.0,-0.0,287.3157043457031,0.8228486776351929,0.2700394093990326,0.1897503733634948,297.3377990722656,297.1499938964844,293.1499938964844,0.0,-0.0,287.315673828125,0.820771336555481,0.2679575085639953,0.2548354268074035,297.23455810546875,297.1499938964844,293.1499938964844,0.0,-0.0,287.3153076171875,0.7913318276405334,0.2395313829183578,1.0832070112228394,287.3165588378906,288.34332275390625,291.4134521484375,289.3623962402344,291.4123840332031,297.29736328125,287.32196044921875,1.0,0.4634513854980469,1.0,1.0,0.0,1.0,-2.451484680175781,2.451479911804199,4.837782398681156e-06,1.8964778184890747,0.5248286724090576,0.5248286724090576,0.0,96.8820571899414,118.0,15287.2568359375,-0.0,1245.8583984375,1.0,283.1499938964844,286.5790100097656,292.31719970703125,293.4148864746094,293.1499938964844,293.1499938964844,283.1499938964844,19212.166015625,18000.0,313.1499938964844,0.0,18000.0,1.0,0.0,0.0,0.0,1.0,0.5421931743621826,1.0,0.0,0.0,1.05796217918396,1.0579670667648315,7.46850687960432e-08,4.265924453735352,4.265914440155029,9.78592834144365e-06,0.0,0.0,-0.0,4408.23388671875,0.0,72.4603042602539,1895.4371337890625,0.0,654.801025390625,0.331651359796524,1.0,0.0,3.0,1.0,0.0
12388980,297.25958251953125,297.1499938964844,293.1499938964844,0.0,-0.0,287.41290283203125,0.7946319580078125,0.2544199228286743,0.2302987873554229,297.34234619140625,297.1499938964844,293.1499938964844,0.0,-0.0,287.4133605957031,0.8406590819358826,0.3036179542541504,0.2887082397937774,297.30352783203125,297.1499938964844,293.1499938964844,0.0,-0.0,287.4130859375,0.8129962682723999,0.2725240588188171,0.1916458308696746,297.3431396484375,297.1499938964844,293.1499938964844,0.0,-0.0,287.4130859375,0.8113092184066772,0.2708767652511596,0.2578169405460357,297.2398986816406,297.1499938964844,293.1499938964844,0.0,-0.0,287.4127502441406,0.7804610133171082,0.2411453127861023,1.0915186405181885,287.4137878417969,288.2831115722656,291.4620056152344,289.3766784667969,291.4609069824219,297.3015441894531,287.4183044433594,1.0,0.4701727926731109,1.0,1.0,0.0,1.0,-2.4729599952697754,2.4729549884796143,4.922968400933314e-06,1.91315758228302,0.5143058896064758,0.5143058896064758,0.0,103.33258056640624,106.0,14977.109375,-0.0,1298.9293212890625,1.0,283.1499938964844,286.6652526855469,292.33709716796875,293.4161071777344,293.1499938964844,293.1499938964844,283.1499938964844,18962.52734375,18000.0,313.1499938964844,0.0,18000.0,1.0,0.0,0.0,0.0,1.0,0.5342527627944946,1.0,0.0,0.0,1.0121941566467283,1.0121989250183103,6.836300769919036e-08,4.265924453735352,4.265914440155029,9.78592834144365e-06,0.0,0.0,-0.0,4400.45556640625,0.0,66.3370132446289,1895.4371337890625,0.0,623.9666748046875,0.3233186602592468,1.0,0.0,3.0,1.0,0.0
12389040,297.25958251953125,297.1499938964844,293.1499938964844,0.0,-0.0,287.41290283203125,0.7946319580078125,0.2544199228286743,0.2302987873554229,297.34234619140625,297.1499938964844,293.1499938964844,0.0,-0.0,287.4133605957031,0.8406590819358826,0.3036179542541504,0.2887082397937774,297.30352783203125,297.1499938964844,293.1499938964844,0.0,-0.0,287.4130859375,0.8129962682723999,0.2725240588188171,0.1916458308696746,297.3431396484375,297.1499938964844,293.1499938964844,0.0,-0.0,287.4130859375,0.8113092184066772,0.2708767652511596,0.2578169405460357,297.2398986816406,297.1499938964844,293.1499938964844,0.0,-0.0,287.4127502441406,0.7804610133171082,0.2411453127861023,1.0915186405181885,287.4137878417969,288.2831115722656,291.4620056152344,289.3766784667969,291.4609069824219,297.3015441894531,287.4183044433594,1.0,0.4701727926731109,1.0,1.0,0.0,1.0,-2.4729599952697754,2.4729549884796143,4.922968400933314e-06,1.91315758228302,0.5143058896064758,0.5143058896064758,0.0,103.33258056640624,106.0,14977.109375,-0.0,1298.9293212890625,1.0,283.1499938964844,286.6652526855469,292.33709716796875,293.4161071777344,293.1499938964844,293.1499938964844,283.1499938964844,18962.52734375,18000.0,313.1499938964844,0.0,18000.0,1.0,0.0,0.0,0.0,1.0,0.5342527627944946,1.0,0.0,0.0,1.0121941566467283,1.0121989250183103,6.836300769919036e-08,4.265924453735352,4.265914440155029,9.78592834144365e-06,0.0,0.0,-0.0,4400.45556640625,0.0,66.3370132446289,1895.4371337890625,0.0,623.9666748046875,0.3233186602592468,1.0,0.0,3.0,1.0,0.0
12389100,297.2630310058594,297.1499938964844,293.1499938964844,0.0,-0.0,287.45556640625,0.7959045171737671,0.2554514408111572,0.2312150746583938,297.34423828125,297.1499938964844,293.1499938964844,0.0,-0.0,287.4559936523437,0.8420321345329285,0.3050205409526825,0.2900032103061676,297.3063659667969,297.1499938964844,293.1499938964844,0.0,-0.0,287.4557189941406,0.8143557906150818,0.273774653673172,0.1925111711025238,297.3455505371094,297.1499938964844,293.1499938964844,0.0,-0.0,287.4557189941406,0.8128901124000549,0.2723379135131836,0.2591888606548309,297.2423400878906,297.1499938964844,293.1499938964844,0.0,-0.0,287.4554138183594,0.7815214395523071,0.2419548034667968,1.0951144695281982,287.45635986328125,288.25250244140625,291.4866943359375,289.38397216796875,291.485595703125,297.3038330078125,287.4604797363281,1.0,0.4714403748512268,1.0,1.0,0.0,1.0,-2.482625722885132,2.4826207160949707,4.9615223360888194e-06,1.920645833015442,0.5097322463989258,0.5097322463989258,0.0,103.56443786621094,106.0,14860.0087890625,-0.0,1311.7969970703125,1.0,283.1499938964844,286.70635986328125,292.3480529785156,293.419677734375,293.1499938964844,293.1499938964844,283.1499938964844,18855.5390625,18000.0,313.1499938964844,0.0,18000.0,1.0,0.0,0.0,0.0,1.0,0.530838668346405,1.0,0.0,0.0,0.9928035736083984,0.9928082227706908,6.576883038178495e-08,4.265924453735352,4.265914440155029,9.78592834144365e-06,0.0,0.0,-0.0,4398.1865234375,0.0,63.85760116577149,1895.4371337890625,0.0,611.1609497070312,0.319831907749176,1.0,0.0,3.0,1.0,0.0
12389160,297.26629638671875,297.1499938964844,293.1499938964844,0.0,-0.0,287.4951477050781,0.8001143336296082,0.2564902007579803,0.2320870757102966,297.3463134765625,297.1499938964844,293.1499938964844,0.0,-0.0,287.4955444335937,0.8463277816772461,0.3064548373222351,0.2912814915180206,297.3090515136719,297.1499938964844,293.1499938964844,0.0,-0.0,287.4953308105469,0.8184798955917358,0.2750307917594909,0.1933409571647644,297.34783935546875,297.1499938964844,293.1499938964844,0.0,-0.0,287.49530029296875,0.8172357678413391,0.2738015353679657,0.2605093419551849,297.2446594238281,297.1499938964844,293.1499938964844,0.0,-0.0,287.4950256347656,0.7854514122009277,0.2427676618099212,1.0984702110290527,287.49591064453125,288.22149658203125,291.5116882324219,289.39141845703125,291.51055908203125,297.30615234375,287.4997253417969,1.0,0.4716942906379699,1.0,1.0,0.0,1.0,-2.4918251037597656,2.4918200969696045,4.998352324037114e-06,1.9277693033218384,0.5056030750274658,0.5056030750274658,0.0,102.43096923828124,94.0,14751.7099609375,-0.0,1318.3748779296875,1.0,283.1499938964844,286.7444152832031,292.3593444824219,293.42462158203125,293.1499938964844,293.1499938964844,283.1499938964844,18758.62109375,18000.0,313.1499938964844,0.0,18000.0,1.0,0.0,0.0,0.0,1.0,0.5278289318084717,1.0,0.0,0.0,0.9755155444145204,0.975520133972168,6.349826264795412e-08,4.265924453735352,4.265914440155029,9.78592834144365e-06,0.0,0.0,-0.0,4396.55029296875,0.0,61.70156097412109,1895.4371337890625,0.0,600.0918579101562,0.3167423009872436,1.0,0.0,3.0,1.0,0.0
12389220,297.2724609375,297.1499938964844,293.1499938964844,0.0,-0.0,287.5662536621094,0.8154813647270203,0.2585863769054413,0.2337386310100555,297.35064697265625,297.1499938964844,293.1499938964844,0.0,-0.0,287.56658935546875,0.8626036047935486,0.3093818426132202,0.293789267539978,297.3140869140625,297.1499938964844,293.1499938964844,0.0,-0.0,287.5663757324219,0.8334404826164246,0.2775568962097168,0.1949251294136047,297.3520812988281,297.1499938964844,293.1499938964844,0.0,-0.0,287.5663757324219,0.8325819969177246,0.2767361402511596,0.2630411386489868,297.2489624023437,297.1499938964844,293.1499938964844,0.0,-0.0,287.5661315917969,0.8005783557891846,0.2444031536579132,1.1046754121780396,287.56689453125,288.158447265625,291.5625305175781,289.4066467285156,291.5614013671875,297.3106384277344,287.5701904296875,1.0,0.4700099527835846,1.0,1.0,0.0,1.0,-2.509223937988281,2.50921893119812,5.068374321126612e-06,1.9412342309951784,0.4986222684383392,0.4986222684383392,0.0,97.18907928466795,82.0,14575.681640625,-0.0,1317.6683349609375,1.0,283.1499938964844,286.8125915527344,292.38201904296875,293.4372253417969,293.1499938964844,293.1499938964844,283.1499938964844,18590.3984375,18000.0,313.1499938964844,0.0,18000.0,1.0,0.0,0.0,0.0,1.0,0.5229196548461914,1.0,0.0,0.0,0.9466454982757568,0.946649968624115,5.979545392165164e-08,4.265924453735352,4.265914440155029,9.78592834144365e-06,0.0,0.0,-0.0,4395.01513671875,0.0,58.20757675170898,1895.4371337890625,0.0,582.47021484375,0.3116112053394317,1.0,0.0,3.0,1.0,0.0
12389280,297.2724609375,297.1499938964844,293.1499938964844,0.0,-0.0,287.5662536621094,0.8154813647270203,0.2585863769054413,0.2337386310100555,297.35064697265625,297.1499938964844,293.1499938964844,0.0,-0.0,287.56658935546875,0.8626036047935486,0.3093818426132202,0.293789267539978,297.3140869140625,297.1499938964844,293.1499938964844,0.0,-0.0,287.5663757324219,0.8334404826164246,0.2775568962097168,0.1949251294136047,297.3520812988281,297.1499938964844,293.1499938964844,0.0,-0.0,287.5663757324219,0.8325819969177246,0.2767361402511596,0.2630411386489868,297.2489624023437,297.1499938964844,293.1499938964844,0.0,-0.0,287.5661315917969,0.8005783557891846,0.2444031536579132,1.1046754121780396,287.56689453125,288.158447265625,291.5625305175781,289.4066467285156,291.5614013671875,297.3106384277344,287.5701904296875,1.0,0.4700099527835846,1.0,1.0,0.0,1.0,-2.509223937988281,2.50921893119812,5.068374321126612e-06,1.9412342309951784,0.4986222684383392,0.4986222684383392,0.0,97.18907928466795,82.0,14575.681640625,-0.0,1317.6683349609375,1.0,283.1499938964844,286.8125915527344,292.38201904296875,293.4372253417969,293.1499938964844,293.1499938964844,283.1499938964844,18590.3984375,18000.0,313.1499938964844,0.0,18000.0,1.0,0.0,0.0,0.0,1.0,0.5229196548461914,1.0,0.0,0.0,0.9466454982757568,0.946649968624115,5.979545392165164e-08,4.265924453735352,4.265914440155029,9.78592834144365e-06,0.0,0.0,-0.0,4395.01513671875,0.0,58.20757675170898,1895.4371337890625,0.0,582.47021484375,0.3116112053394317,1.0,0.0,3.0,1.0,0.0
12389340,297.2779541015625,297.1499938964844,293.1499938964844,0.0,-0.0,287.6275634765625,0.8385998606681824,0.2606957256793976,0.235306903719902,297.3548278808594,297.1499938964844,293.1499938964844,0.0,-0.0,287.6278686523437,0.8895763754844666,0.3123476803302765,0.2962401211261749,297.318603515625,297.1499938964844,293.1499938964844,0.0,-0.0,287.627685546875,0.8578603267669678,0.2800920903682709,0.196441113948822,297.3558044433594,297.1499938964844,293.1499938964844,0.0,-0.0,287.627685546875,0.8573409914970398,0.279674082994461,0.2654743492603302,297.2527770996094,297.1499938964844,293.1499938964844,0.0,-0.0,287.6274719238281,0.8238726258277893,0.2460449188947677,1.1104273796081543,287.62811279296875,288.0939025878906,291.6145935058594,289.4224853515625,291.6134338378906,297.3147888183594,287.63092041015625,1.0,0.4663726985454559,1.0,1.0,0.0,1.0,-2.525709390640259,2.5257043838500977,5.135163974046009e-06,1.9539848566055296,0.4932633638381958,0.4932633638381958,0.0,89.2935791015625,70.0,14452.4833984375,-0.0,1304.3453369140625,1.0,283.1499938964844,286.8710632324219,292.4042663574219,293.4525451660156,293.1499938964844,293.1499938964844,283.1499938964844,18450.1171875,18000.0,313.1499938964844,0.0,18000.0,1.0,0.0,0.0,0.0,1.0,0.5192966461181641,1.0,0.0,0.0,0.9245522022247314,0.9245566129684448,5.703695293846067e-08,4.265924453735352,4.265914440155029,9.78592834144365e-06,0.0,0.0,-0.0,4395.6025390625,0.0,55.61064529418945,1895.4371337890625,0.0,569.8031616210938,0.307684063911438,1.0,0.0,3.0,1.0,0.0
12389400,297.2779541015625,297.1499938964844,293.1499938964844,0.0,-0.0,287.6275634765625,0.8385998606681824,0.2606957256793976,0.235306903719902,297.3548278808594,297.1499938964844,293.1499938964844,0.0,-0.0,287.6278686523437,0.8895763754844666,0.3123476803302765,0.2962401211261749,297.318603515625,297.1499938964844,293.1499938964844,0.0,-0.0,287.627685546875,0.8578603267669678,0.2800920903682709,0.196441113948822,297.3558044433594,297.1499938964844,293.1499938964844,0.0,-0.0,287.627685546875,0.8573409914970398,0.279674082994461,0.2654743492603302,297.2527770996094,297.1499938964844,293.1499938964844,0.0,-0.0,287.6274719238281,0.8238726258277893,0.2460449188947677,1.1104273796081543,287.62811279296875,288.0939025878906,291.6145935058594,289.4224853515625,291.6134338378906,297.3147888183594,287.63092041015625,1.0,0.4663726985454559,1.0,1.0,0.0,1.0,-2.525709390640259,2.5257043838500977,5.135163974046009e-06,1.9539848566055296,0.4932633638381958,0.4932633638381958,0.0,89.2935791015625,70.0,14452.4833984375,-0.0,1304.3453369140625,1.0,283.1499938964844,286.8710632324219,292.4042663574219,293.4525451660156,293.1499938964844,293.1499938964844,283.1499938964844,18450.1171875,18000.0,313.1499938964844,0.0,18000.0,1.0,0.0,0.0,0.0,1.0,0.5192966461181641,1.0,0.0,0.0,0.9245522022247314,0.9245566129684448,5.703695293846067e-08,4.265924453735352,4.265914440155029,9.78592834144365e-06,0.0,0.0,-0.0,4395.6025390625,0.0,55.61064529418945,1895.4371337890625,0.0,569.8031616210938,0.307684063911438,1.0,0.0,3.0,1.0,0.0
12389460,297.2827453613281,297.1499938964844,293.1499938964844,0.0,-0.0,287.6801452636719,0.8739750385284424,0.2628031075000763,0.2368172407150268,297.35858154296875,297.1499938964844,293.1499938964844,0.0,-0.0,287.680419921875,0.932381808757782,0.3153224885463714,0.2986429035663605,297.322509765625,297.1499938964844,293.1499938964844,0.0,-0.0,287.6802673339844,0.8956747055053711,0.282623291015625,0.1979103982448578,297.3589782714844,297.1499938964844,293.1499938964844,0.0,-0.0,287.6802673339844,0.8955435156822205,0.2826043367385864,0.2678404450416565,297.2560729980469,297.1499938964844,293.1499938964844,0.0,-0.0,287.6800537109375,0.8571553826332092,0.2476814538240432,1.115872859954834,287.6806335449219,288.02789306640625,291.6678161621094,289.4389953613281,291.6666564941406,297.31842041015625,287.6830139160156,1.0,0.4615461826324463,1.0,1.0,0.0,1.0,-2.541562557220459,2.5415573120117188,5.199800398258958e-06,1.966241240501404,0.4894365966320038,0.4894365966320038,0.0,79.7964859008789,58.0,14380.0,-0.0,1283.0870361328125,1.0,283.1499938964844,286.92071533203125,292.42626953125,293.4704895019531,293.1499938964844,293.1499938964844,283.1499938964844,18331.17578125,18000.0,313.1499938964844,0.0,18000.0,1.0,0.0,0.0,0.0,1.0,0.5167667269706726,1.0,0.0,0.0,0.9084150791168212,0.90841943025589,5.50632854867672e-08,4.265924453735352,4.265914440155029,9.78592834144365e-06,0.0,0.0,-0.0,4398.25830078125,0.0,53.73672866821289,1895.4371337890625,0.0,561.1243286132812,0.3047741055488586,1.0,0.0,3.0,1.0,0.0
12389520,297.2827453613281,297.1499938964844,293.1499938964844,0.0,-0.0,287.6801452636719,0.8739750385284424,0.2628031075000763,0.2368172407150268,297.35858154296875,297.1499938964844,293.1499938964844,0.0,-0.0,287.680419921875,0.932381808757782,0.3153224885463714,0.2986429035663605,297.322509765625,297.1499938964844,293.1499938964844,0.0,-0.0,287.6802673339844,0.8956747055053711,0.282623291015625,0.1979103982448578,297.3589782714844,297.1499938964844,293.1499938964844,0.0,-0.0,287.6802673339844,0.8955435156822205,0.2826043367385864,0.2678404450416565,297.2560729980469,297.1499938964844,293.1499938964844,0.0,-0.0,287.6800537109375,0.8571553826332092,0.2476814538240432,1.115872859954834,287.6806335449219,288.02789306640625,291.6678161621094,289.4389953613281,291.6666564941406,297.31842041015625,287.6830139160156,1.0,0.4615461826324463,1.0,1.0,0.0,1.0,-2.541562557220459,2.5415573120117188,5.199800398258958e-06,1.966241240501404,0.4894365966320038,0.4894365966320038,0.0,79.7964859008789,58.0,14380.0,-0.0,1283.0870361328125,1.0,283.1499938964844,286.92071533203125,292.42626953125,293.4704895019531,293.1499938964844,293.1499938964844,283.1499938964844,18331.17578125,18000.0,313.1499938964844,0.0,18000.0,1.0,0.0,0.0,0.0,1.0,0.5167667269706726,1.0,0.0,0.0,0.9084150791168212,0.90841943025589,5.50632854867672e-08,4.265924453735352,4.265914440155029,9.78592834144365e-06,0.0,0.0,-0.0,4398.25830078125,0.0,53.73672866821289,1895.4371337890625,0.0,561.1243286132812,0.3047741055488586,1.0,0.0,3.0,1.0,0.0
12389580,297.2851257324219,297.1499938964844,293.1499938964844,0.0,-0.0,287.7060852050781,0.9022985100746156,0.2639788687229156,0.2376429736614227,297.3604431152344,297.1499938964844,293.1499938964844,0.0,-0.0,287.7063293457031,0.9652376174926758,0.3169854283332824,0.2999696135520935,297.32440185546875,297.1499938964844,293.1499938964844,0.0,-0.0,287.7061767578125,0.9271092414855956,0.2840344309806824,0.1987166255712509,297.3605041503906,297.1499938964844,293.1499938964844,0.0,-0.0,287.7061767578125,0.9272375106811525,0.2842377722263336,0.2691417634487152,297.2576904296875,297.1499938964844,293.1499938964844,0.0,-0.0,287.7059936523437,0.8841490149497986,0.2485912591218948,1.118814468383789,287.7065124511719,287.9902648925781,291.6981811523437,289.44854736328125,291.6969909667969,297.3201904296875,287.7087097167969,1.0,0.458500862121582,1.0,1.0,0.0,1.0,-2.550215721130371,2.550210475921631,5.235250227997312e-06,1.9729294776916504,0.4879355430603027,0.4879355430603027,0.0,74.02420043945312,58.0,14360.8583984375,-0.0,1268.801025390625,1.0,283.1499938964844,286.9449157714844,292.4386291503906,293.4817810058594,293.1499938964844,293.1499938964844,283.1499938964844,18271.9375,18000.0,313.1499938964844,0.0,18000.0,1.0,0.0,0.0,0.0,1.0,0.5157852172851562,1.0,0.0,0.0,0.9017471671104432,0.9017515182495116,5.42579066120652e-08,4.265924453735352,4.265914440155029,9.78592834144365e-06,0.0,0.0,-0.0,4400.65869140625,0.0,52.95709991455078,1895.4371337890625,0.0,557.7937622070312,0.3035368025302887,1.0,0.0,3.0,1.0,0.0
12389640,297.2868347167969,297.1499938964844,293.1499938964844,0.0,-0.0,287.724853515625,0.9333267211914062,0.2649001777172088,0.2382838129997253,297.3617858886719,297.1499938964844,293.1499938964844,0.0,-0.0,287.7250671386719,0.9917160868644714,0.3182887434959411,0.3010033667087555,297.32574462890625,297.1499938964844,293.1499938964844,0.0,-0.0,287.7249450683594,0.9590280652046204,0.2851383686065674,0.199342668056488,297.361572265625,297.1499938964844,293.1499938964844,0.0,-0.0,287.7249450683594,0.9593519568443298,0.2855158746242523,0.2701537013053894,297.2587890625,297.1499938964844,293.1499938964844,0.0,-0.0,287.7247619628906,0.9119927883148192,0.2493012100458145,1.1210776567459106,287.7252502441406,287.9603576660156,291.7222900390625,289.45623779296875,291.7210998535156,297.32147216796875,287.7272644042969,1.0,0.4559886753559112,1.0,1.0,0.0,1.0,-2.556915283203125,2.5569097995758057,5.262779268377926e-06,1.9781070947647093,0.4870619177818298,0.4870619177818298,0.0,69.3331527709961,76.0,14356.0791015625,-0.0,1256.700927734375,1.0,283.1499938964844,286.9622497558594,292.4484558105469,293.4913330078125,293.1499938964844,293.1499938964844,283.1499938964844,18228.283203125,18000.0,313.1499938964844,0.0,18000.0,1.0,0.0,0.0,0.0,1.0,0.5152188539505005,1.0,0.0,0.0,0.8975967168807983,0.8976010680198669,5.375959588604928e-08,4.265924453735352,4.265914440155029,9.78592834144365e-06,0.0,0.0,-0.0,4402.998046875,0.0,52.46338272094727,1895.4371337890625,0.0,555.8811645507812,0.3027408719062805,1.0,0.0,3.0,1.0,0.0
12389700,297.28857421875,297.1499938964844,293.1499938964844,0.0,-0.0,287.7449035644531,0.94416081905365,0.2659379839897156,0.2391679733991623,297.3632202148437,297.1499938964844,293.1499938964844,0.0,-0.0,287.7451171875,0.9990000128746032,0.3197720348834991,0.3021232187747955,297.3270874023437,297.1499938964844,293.1499938964844,0.0,-0.0,287.7449951171875,0.9690330624580384,0.286382108926773,0.2001737654209137,297.36260986328125,297.1499938964844,293.1499938964844,0.0,-0.0,287.7449951171875,0.9695547223091124,0.2869580388069153,0.2714654505252838,297.2598876953125,297.1499938964844,293.1499938964844,0.0,-0.0,287.74481201171875,0.922302544116974,0.2500981092453003,1.124419093132019,287.7452697753906,287.926025390625,291.75,289.4651794433594,291.748779296875,297.3227233886719,287.7471923828125,1.0,0.4569912850856781,1.0,1.0,0.0,1.0,-2.5654101371765137,2.565404891967773,5.297871211951133e-06,1.9847122430801392,0.4864010214805603,0.4864010214805603,0.0,68.29161071777344,76.0,14363.6904296875,-0.0,1262.9619140625,1.0,283.1499938964844,286.9804077148437,292.4597473144531,293.5029602050781,293.1499938964844,293.1499938964844,283.1499938964844,18181.32421875,18000.0,313.1499938964844,0.0,18000.0,1.0,0.0,0.0,0.0,1.0,0.5147945880889893,1.0,0.0,0.0,0.8940237760543823,0.8940280675888062,5.3332456673160784e-08,4.265924453735352,4.265914440155029,9.78592834144365e-06,0.0,0.0,-0.0,4406.197265625,0.0,52.02373504638672,1895.4371337890625,0.0,554.4525756835938,0.3020187318325043,1.0,0.0,3.0,1.0,0.0
12389760,297.2899780273437,297.1499938964844,293.1499938964844,0.0,-0.0,287.7640991210937,0.9395073056221008,0.2669548094272613,0.2401182651519775,297.3644104003906,297.1499938964844,293.1499938964844,0.0,-0.0,287.7642822265625,0.9963930249214172,0.3212391138076782,0.3037705421447754,297.3280944824219,297.1499938964844,293.1499938964844,0.0,-0.0,287.7641906738281,0.9649927020072936,0.287604421377182,0.2010557353496551,297.3634033203125,297.1499938964844,293.1499938964844,0.0,-0.0,287.7641906738281,0.965749204158783,0.2883805334568023,0.2728473246097564,297.2607116699219,297.1499938964844,293.1499938964844,0.0,-0.0,287.7640075683594,0.9174367785453796,0.2508754134178161,1.1280945539474487,287.76446533203125,287.8912658691406,291.77801513671875,289.4743347167969,291.7767944335937,297.32373046875,287.766357421875,1.0,0.4595684111118316,1.0,1.0,0.0,1.0,-2.576218605041504,2.576213359832764,5.342372787708882e-06,1.9929587841033936,0.4860956966876983,0.4860956966876983,0.0,69.50340270996094,94.0,14386.9951171875,-0.0,1281.5302734375,1.0,283.1499938964844,286.9974060058594,292.4712829589844,293.5155639648437,293.1499938964844,293.1499938964844,283.1499938964844,18136.326171875,18000.0,313.1499938964844,0.0,18000.0,1.0,0.0,0.0,0.0,1.0,0.5146093964576721,1.0,0.0,0.0,0.8916460871696472,0.8916503190994263,5.30491526262722e-08,4.265924453735352,4.265914440155029,9.78592834144365e-06,0.0,0.0,-0.0,4410.06201171875,0.0,51.70741653442383,1895.4371337890625,0.0,553.8302612304688,0.301483005285263,1.0,0.0,3.0,1.0,0.0
12389820,297.2920227050781,297.1499938964844,293.1499938964844,0.0,-0.0,287.7986755371094,0.9016974568367004,0.2689331471920013,0.2421504706144333,297.3655700683594,297.1499938964844,293.1499938964844,0.0,-0.0,287.798828125,0.965740203857422,0.3240737617015838,0.3067267537117004,297.3289794921875,297.1499938964844,293.1499938964844,0.0,-0.0,287.7987365722656,0.9271589517593384,0.2899500727653503,0.2029067873954773,297.3638610839844,297.1499938964844,293.1499938964844,0.0,-0.0,287.7987365722656,0.9284912943840028,0.2911310493946075,0.2757333815097809,297.2613525390625,297.1499938964844,293.1499938964844,0.0,-0.0,287.7986145019531,0.8825049996376038,0.2523421347141266,1.136037826538086,287.7989501953125,287.8206481933594,291.8349609375,289.4932861328125,291.833740234375,297.32452392578125,287.800537109375,1.0,0.4681081473827362,1.0,1.0,0.0,1.0,-2.5973944664001465,2.5973892211914062,5.430515102489153e-06,2.0093190670013428,0.4865149259567261,0.4865149259567261,0.0,76.9381103515625,112.0,14468.486328125,-0.0,1341.3037109375,1.0,283.1499938964844,287.0270690917969,292.4952697753906,293.54400634765625,293.1499938964844,293.1499938964844,283.1499938964844,18051.1953125,18000.0,313.1499938964844,0.0,18000.0,1.0,0.0,0.0,0.0,1.0,0.5149996876716614,1.0,0.0,0.0,0.8903374671936035,0.8903417587280273,5.289355797799544e-08,4.265924453735352,4.265914440155029,9.78592834144365e-06,0.0,0.0,-0.0,4419.68310546875,0.0,51.42368698120117,1895.4371337890625,0.0,555.1427612304688,0.3009438216686249,1.0,0.0,3.0,1.0,0.0
12389880,297.2920227050781,297.1499938964844,293.1499938964844,0.0,-0.0,287.7986755371094,0.9016974568367004,0.2689331471920013,0.2421504706144333,297.3655700683594,297.1499938964844,293.1499938964844,0.0,-0.0,287.798828125,0.965740203857422,0.3240737617015838,0.3067267537117004,297.3289794921875,297.1499938964844,293.1499938964844,0.0,-0.0,287.7987365722656,0.9271589517593384,0.2899500727653503,0.2029067873954773,297.3638610839844,297.1499938964844,293.1499938964844,0.0,-0.0,287.7987365722656,0.9284912943840028,0.2911310493946075,0.2757333815097809,297.2613525390625,297.1499938964844,293.1499938964844,0.0,-0.0,287.7986145019531,0.8825049996376038,0.2523421347141266,1.136037826538086,287.7989501953125,287.8206481933594,291.8349609375,289.4932861328125,291.833740234375,297.32452392578125,287.800537109375,1.0,0.4681081473827362,1.0,1.0,0.0,1.0,-2.5973944664001465,2.5973892211914062,5.430515102489153e-06,2.0093190670013428,0.4865149259567261,0.4865149259567261,0.0,76.9381103515625,112.0,14468.486328125,-0.0,1341.3037109375,1.0,283.1499938964844,287.0270690917969,292.4952697753906,293.54400634765625,293.1499938964844,293.1499938964844,283.1499938964844,18051.1953125,18000.0,313.1499938964844,0.0,18000.0,1.0,0.0,0.0,0.0,1.0,0.5149996876716614,1.0,0.0,0.0,0.8903374671936035,0.8903417587280273,5.289355797799544e-08,4.265924453735352,4.265914440155029,9.78592834144365e-06,0.0,0.0,-0.0,4419.68310546875,0.0,51.42368698120117,1895.4371337890625,0.0,555.1427612304688,0.3009438216686249,1.0,0.0,3.0,1.0,0.0
12389940,297.29376220703125,297.1499938964844,293.1499938964844,0.0,-0.0,287.827392578125,0.8603148460388184,0.2709086239337921,0.2443311363458633,297.3658752441406,297.1499938964844,293.1499938964844,0.0,-0.0,287.8275146484375,0.917367696762085,0.3268364667892456,0.3097781538963318,297.32818603515625,297.1499938964844,293.1499938964844,0.0,-0.0,287.82745361328125,0.8821831941604614,0.2921395599842071,0.2047774195671081,297.3627319335937,297.1499938964844,293.1499938964844,0.0,-0.0,287.82745361328125,0.8836988806724548,0.2937291860580444,0.2786503136157989,297.2606506347656,297.1499938964844,293.1499938964844,0.0,-0.0,287.82733154296875,0.8425686955451965,0.2536845207214355,1.1442416906356812,287.82763671875,287.7484130859375,291.8932189941406,289.51324462890625,291.8919677734375,297.3240966796875,287.82891845703125,1.0,0.479604423046112,1.0,1.0,0.0,1.0,-2.619291543960572,2.619286060333252,5.522424999071518e-06,2.0262393951416016,0.4882526695728302,0.4882526695728302,0.0,88.72061157226562,130.0,14597.3515625,-0.0,1422.355224609375,1.0,283.1499938964844,287.0502624511719,292.5202941894531,293.5763854980469,293.1499938964844,293.1499938964844,283.1499938964844,17971.4140625,18000.0,313.1499938964844,0.0,18000.0,1.0,0.0,0.0,0.0,1.0,0.5164168477058411,1.0,0.0,0.0,0.8933901786804199,0.893394410610199,5.325688690049901e-08,4.265924453735352,4.265914440155029,9.78592834144365e-06,0.0,0.0,-0.0,4431.58544921875,0.0,51.57686233520508,1895.4371337890625,0.0,559.9347534179688,0.3010763525962829,1.0,0.0,3.0,1.0,0.0
12390000,297.29376220703125,297.1499938964844,293.1499938964844,0.0,-0.0,287.827392578125,0.8603148460388184,0.2709086239337921,0.2443311363458633,297.3658752441406,297.1499938964844,293.1499938964844,0.0,-0.0,287.8275146484375,0.917367696762085,0.3268364667892456,0.3097781538963318,297.32818603515625,297.1499938964844,293.1499938964844,0.0,-0.0,287.82745361328125,0.8821831941604614,0.2921395599842071,0.2047774195671081,297.3627319335937,297.1499938964844,293.1499938964844,0.0,-0.0,287.82745361328125,0.8836988806724548,0.2937291860580444,0.2786503136157989,297.2606506347656,297.1499938964844,293.1499938964844,0.0,-0.0,287.82733154296875,0.8425686955451965,0.2536845207214355,1.1442416906356812,287.82763671875,287.7484130859375,291.8932189941406,289.51324462890625,291.8919677734375,297.3240966796875,287.82891845703125,1.0,0.479604423046112,1.0,1.0,0.0,1.0,-2.619291543960572,2.619286060333252,5.522424999071518e-06,2.0262393951416016,0.4882526695728302,0.4882526695728302,0.0,88.72061157226562,130.0,14597.3515625,-0.0,1422.355224609375,1.0,283.1499938964844,287.0502624511719,292.5202941894531,293.5763854980469,293.1499938964844,293.1499938964844,283.1499938964844,17971.4140625,18000.0,313.1499938964844,0.0,18000.0,1.0,0.0,0.0,0.0,1.0,0.5164168477058411,1.0,0.0,0.0,0.8933901786804199,0.893394410610199,5.325688690049901e-08,4.265924453735352,4.265914440155029,9.78592834144365e-06,0.0,0.0,-0.0,4431.58544921875,0.0,51.57686233520508,1895.4371337890625,0.0,559.9347534179688,0.3010763525962829,1.0,0.0,3.0,1.0,0.0
12390060,297.294921875,297.1499938964844,293.1499938964844,0.0,-0.0,287.8503112792969,0.8257057666778564,0.2728500664234161,0.2465922683477401,297.3653564453125,297.1499938964844,293.1499938964844,0.0,-0.0,287.8504333496094,0.8769271969795227,0.3295176923274994,0.3128629028797149,297.326171875,297.1499938964844,293.1499938964844,0.0,-0.0,287.8503723144531,0.8451977968215942,0.2941920161247253,0.206628531217575,297.3604431152344,297.1499938964844,293.1499938964844,0.0,-0.0,287.8503723144531,0.8469139337539673,0.296190857887268,0.2815418541431427,297.2588195800781,297.1499938964844,293.1499938964844,0.0,-0.0,287.85028076171875,0.8083827495574951,0.2549011707305908,1.1523947715759275,287.8504943847656,287.6745910644531,291.9527587890625,289.53424072265625,291.95147705078125,297.3226928710937,287.8515014648437,1.0,0.492741048336029,1.0,1.0,0.0,1.0,-2.6412112712860107,2.6412057876586914,5.615211648546392e-06,2.043181896209717,0.4912525713443756,0.4912525713443756,0.0,103.25057220458984,118.0,14771.4453125,-0.0,1517.1241455078125,1.0,283.1499938964844,287.0671691894531,292.546142578125,293.6123046875,293.1499938964844,293.1499938964844,283.1499938964844,17894.98046875,18000.0,313.1499938964844,0.0,18000.0,1.0,0.0,0.0,0.0,1.0,0.5188097357749939,1.0,0.0,0.0,0.9006065130233765,0.9006108045578003,5.4120729231499374e-08,4.265924453735352,4.265914440155029,9.78592834144365e-06,0.0,0.0,-0.0,4445.65380859375,0.0,52.14732360839844,1895.4371337890625,0.0,568.1222534179688,0.3018496334552765,1.0,0.0,3.0,1.0,0.0
12390120,297.294921875,297.1499938964844,293.1499938964844,0.0,-0.0,287.8503112792969,0.8257057666778564,0.2728500664234161,0.2465922683477401,297.3653564453125,297.1499938964844,293.1499938964844,0.0,-0.0,287.8504333496094,0.8769271969795227,0.3295176923274994,0.3128629028797149,297.326171875,297.1499938964844,293.1499938964844,0.0,-0.0,287.8503723144531,0.8451977968215942,0.2941920161247253,0.206628531217575,297.3604431152344,297.1499938964844,293.1499938964844,0.0,-0.0,287.8503723144531,0.8469139337539673,0.296190857887268,0.2815418541431427,297.2588195800781,297.1499938964844,293.1499938964844,0.0,-0.0,287.85028076171875,0.8083827495574951,0.2549011707305908,1.1523947715759275,287.8504943847656,287.6745910644531,291.9527587890625,289.53424072265625,291.95147705078125,297.3226928710937,287.8515014648437,1.0,0.492741048336029,1.0,1.0,0.0,1.0,-2.6412112712860107,2.6412057876586914,5.615211648546392e-06,2.043181896209717,0.4912525713443756,0.4912525713443756,0.0,103.25057220458984,118.0,14771.4453125,-0.0,1517.1241455078125,1.0,283.1499938964844,287.0671691894531,292.546142578125,293.6123046875,293.1499938964844,293.1499938964844,283.1499938964844,17894.98046875,18000.0,313.1499938964844,0.0,18000.0,1.0,0.0,0.0,0.0,1.0,0.5188097357749939,1.0,0.0,0.0,0.9006065130233765,0.9006108045578003,5.4120729231499374e-08,4.265924453735352,4.265914440155029,9.78592834144365e-06,0.0,0.0,-0.0,4445.65380859375,0.0,52.14732360839844,1895.4371337890625,0.0,568.1222534179688,0.3018496334552765,1.0,0.0,3.0,1.0,0.0
12390180,297.2958374023437,297.1499938964844,293.1499938964844,0.0,-0.0,287.8656311035156,0.8191678524017334,0.2747770547866821,0.2484575361013412,297.3642578125,297.1499938964844,293.1499938964844,0.0,-0.0,287.8656921386719,0.8696652054786682,0.3321352899074554,0.3154886960983276,297.32342529296875,297.1499938964844,293.1499938964844,0.0,-0.0,287.8656616210937,0.8383175730705261,0.2961449027061462,0.2081124633550644,297.3573913574219,297.1499938964844,293.1499938964844,0.0,-0.0,287.8656616210937,0.8403403162956238,0.2985487878322601,0.2839341163635254,297.2562255859375,297.1499938964844,293.1499938964844,0.0,-0.0,287.8656005859375,0.8007158041000366,0.2560154497623443,1.1581916809082031,287.8657531738281,287.59912109375,292.0136108398437,289.5563659667969,292.0123291015625,297.3207397460937,287.8663024902344,1.0,0.4973374009132385,1.0,1.0,0.0,1.0,-2.658237934112549,2.6582322120666504,5.687953944288893e-06,2.05640721321106,0.4954205453395843,0.4954205453395843,0.0,107.73741149902344,106.0,14980.4580078125,-0.0,1560.9769287109375,1.0,283.1499938964844,287.0765991210937,292.5726928710937,293.6513061523437,293.1499938964844,293.1499938964844,283.1499938964844,17821.208984375,18000.0,313.1499938964844,0.0,18000.0,1.0,0.0,0.0,0.0,1.0,0.5220857262611389,1.0,0.0,0.0,0.9117664098739624,0.9117707014083862,5.5470316340233694e-08,4.265924453735352,4.265914440155029,9.78592834144365e-06,0.0,0.0,-0.0,4461.5517578125,0.0,53.12282943725586,1895.4371337890625,0.0,579.5294189453125,0.3032395243644714,1.0,0.0,3.0,1.0,0.0
12390240,297.2958374023437,297.1499938964844,293.1499938964844,0.0,-0.0,287.8656311035156,0.8191678524017334,0.2747770547866821,0.2484575361013412,297.3642578125,297.1499938964844,293.1499938964844,0.0,-0.0,287.8656921386719,0.8696652054786682,0.3321352899074554,0.3154886960983276,297.32342529296875,297.1499938964844,293.1499938964844,0.0,-0.0,287.8656616210937,0.8383175730705261,0.2961449027061462,0.2081124633550644,297.3573913574219,297.1499938964844,293.1499938964844,0.0,-0.0,287.8656616210937,0.8403403162956238,0.2985487878322601,0.2839341163635254,297.2562255859375,297.1499938964844,293.1499938964844,0.0,-0.0,287.8656005859375,0.8007158041000366,0.2560154497623443,1.1581916809082031,287.8657531738281,287.59912109375,292.0136108398437,289.5563659667969,292.0123291015625,297.3207397460937,287.8663024902344,1.0,0.4973374009132385,1.0,1.0,0.0,1.0,-2.658237934112549,2.6582322120666504,5.687953944288893e-06,2.05640721321106,0.4954205453395843,0.4954205453395843,0.0,107.73741149902344,106.0,14980.4580078125,-0.0,1560.9769287109375,1.0,283.1499938964844,287.0765991210937,292.5726928710937,293.6513061523437,293.1499938964844,293.1499938964844,283.1499938964844,17821.208984375,18000.0,313.1499938964844,0.0,18000.0,1.0,0.0,0.0,0.0,1.0,0.5220857262611389,1.0,0.0,0.0,0.9117664098739624,0.9117707014083862,5.5470316340233694e-08,4.265924453735352,4.265914440155029,9.78592834144365e-06,0.0,0.0,-0.0,4461.5517578125,0.0,53.12282943725586,1895.4371337890625,0.0,579.5294189453125,0.3032395243644714,1.0,0.0,3.0,1.0,0.0
12390300,297.29656982421875,297.1499938964844,293.1499938964844,0.0,-0.0,287.8703918457031,0.82171231508255,0.2757712304592132,0.2493038922548294,297.36376953125,297.1499938964844,293.1499938964844,0.0,-0.0,287.8704528808594,0.8726801872253418,0.3334435820579529,0.3166863918304443,297.3219909667969,297.1499938964844,293.1499938964844,0.0,-0.0,287.87042236328125,0.8408576250076294,0.297105073928833,0.2087607681751251,297.3558349609375,297.1499938964844,293.1499938964844,0.0,-0.0,287.87042236328125,0.8430674076080322,0.2997078001499176,0.2850002348423004,297.2548522949219,297.1499938964844,293.1499938964844,0.0,-0.0,287.8703918457031,0.8030434250831604,0.2565554976463318,1.1604783535003662,287.8704833984375,287.560791015625,292.0445251464844,289.56787109375,292.0432434082031,297.3198547363281,287.8708801269531,1.0,0.4978025257587433,1.0,1.0,0.0,1.0,-2.6655032634735107,2.6654975414276123,5.7190918596461415e-06,2.062029361724853,0.4979187548160553,0.4979187548160553,0.0,107.20917510986328,106.0,15098.5205078125,-0.0,1568.7508544921875,1.0,283.1499938964844,287.0783996582031,292.58612060546875,293.6717529296875,293.1499938964844,293.1499938964844,283.1499938964844,17785.1328125,18000.0,313.1499938964844,0.0,18000.0,1.0,0.0,0.0,0.0,1.0,0.5240079760551453,1.0,0.0,0.0,0.9187654852867126,0.9187697172164916,5.6325202280049786e-08,4.265924453735352,4.265914440155029,9.78592834144365e-06,0.0,0.0,-0.0,4470.103515625,0.0,53.76130294799805,1895.4371337890625,0.0,586.3309936523438,0.3041610419750213,1.0,0.0,3.0,1.0,0.0
12390360,297.29766845703125,297.1499938964844,293.1499938964844,0.0,-0.0,287.8736267089844,0.8269013166427612,0.2768070995807647,0.2501367330551147,297.3634033203125,297.1499938964844,293.1499938964844,0.0,-0.0,287.8736267089844,0.8787679672241211,0.3347618579864502,0.3178428113460541,297.320556640625,297.1499938964844,293.1499938964844,0.0,-0.0,287.8736267089844,0.8461543321609497,0.2980534136295318,0.2093659341335296,297.3542175292969,297.1499938964844,293.1499938964844,0.0,-0.0,287.8736267089844,0.8485754728317261,0.3008528649806976,0.286005824804306,297.2535400390625,297.1499938964844,293.1499938964844,0.0,-0.0,287.87359619140625,0.8081445693969727,0.2570880651473999,1.162500500679016,287.8736572265625,287.5220031738281,292.0758056640625,289.5796813964844,292.0744934082031,297.3190612792969,287.8739318847656,1.0,0.4973963797092438,1.0,1.0,0.0,1.0,-2.672260046005249,2.6722543239593506,5.748117018811172e-06,2.067253351211548,0.5006844997406006,0.5006844997406006,0.0,105.45502471923828,94.0,15225.9462890625,-0.0,1570.2593994140625,1.0,283.1499938964844,287.0785827636719,292.59967041015625,293.6928100585937,293.1499938964844,293.1499938964844,283.1499938964844,17749.1484375,18000.0,313.1499938964844,0.0,18000.0,1.0,0.0,0.0,0.0,1.0,0.5260941386222839,1.0,0.0,0.0,0.926690936088562,0.9266952276229858,5.730113983304364e-08,4.265924453735352,4.265914440155029,9.78592834144365e-06,0.0,0.0,-0.0,4479.099609375,0.0,54.50094223022461,1895.4371337890625,0.0,593.80419921875,0.3052320182323456,1.0,0.0,3.0,1.0,0.0
12390420,297.3003845214844,297.1499938964844,293.1499938964844,0.0,-0.0,287.8758850097656,0.8444538712501526,0.2789527773857116,0.2517876327037811,297.36297607421875,297.1499938964844,293.1499938964844,0.0,-0.0,287.8758850097656,0.8993146419525146,0.3374205529689789,0.3200758099555969,297.31768798828125,297.1499938964844,293.1499938964844,0.0,-0.0,287.8758850097656,0.8644970059394836,0.2999219894409179,0.2104783952236175,297.3509521484375,297.1499938964844,293.1499938964844,0.0,-0.0,287.8758850097656,0.8674280643463135,0.3031094372272491,0.2878789603710174,297.2509155273437,297.1499938964844,293.1499938964844,0.0,-0.0,287.8758850097656,0.824673593044281,0.2581358551979065,1.1659679412841797,287.8758850097656,287.4432373046875,292.13934326171875,289.60430908203125,292.13800048828125,297.3177185058594,287.8758850097656,1.0,0.4946961402893066,1.0,1.0,0.0,1.0,-2.684683084487915,2.6846773624420166,5.80165669816779e-06,2.076849937438965,0.5070008635520935,0.5070008635520935,0.0,99.2837142944336,82.0,15509.2568359375,-0.0,1559.553466796875,1.0,283.1499938964844,287.0744934082031,292.62744140625,293.73712158203125,293.1499938964844,293.1499938964844,283.1499938964844,17676.517578125,18000.0,313.1499938964844,0.0,18000.0,1.0,0.0,0.0,0.0,1.0,0.5307281017303467,1.0,0.0,0.0,0.945309042930603,0.9453133344650269,5.96267355490454e-08,4.265924453735352,4.265914440155029,9.78592834144365e-06,0.0,0.0,-0.0,4498.53369140625,0.0,56.2935905456543,1895.4371337890625,0.0,610.750732421875,0.3078281283378601,1.0,0.0,3.0,1.0,0.0
12390480,297.3003845214844,297.1499938964844,293.1499938964844,0.0,-0.0,287.8758850097656,0.8444538712501526,0.2789527773857116,0.2517876327037811,297.36297607421875,297.1499938964844,293.1499938964844,0.0,-0.0,287.8758850097656,0.8993146419525146,0.3374205529689789,0.3200758099555969,297.31768798828125,297.1499938964844,293.1499938964844,0.0,-0.0,287.8758850097656,0.8644970059394836,0.2999219894409179,0.2104783952236175,297.3509521484375,297.1499938964844,293.1499938964844,0.0,-0.0,287.8758850097656,0.8674280643463135,0.3031094372272491,0.2878789603710174,297.2509155273437,297.1499938964844,293.1499938964844,0.0,-0.0,287.8758850097656,0.824673593044281,0.2581358551979065,1.1659679412841797,287.8758850097656,287.4432373046875,292.13934326171875,289.60430908203125,292.13800048828125,297.3177185058594,287.8758850097656,1.0,0.4946961402893066,1.0,1.0,0.0,1.0,-2.684683084487915,2.6846773624420166,5.80165669816779e-06,2.076849937438965,0.5070008635520935,0.5070008635520935,0.0,99.2837142944336,82.0,15509.2568359375,-0.0,1559.553466796875,1.0,283.1499938964844,287.0744934082031,292.62744140625,293.73712158203125,293.1499938964844,293.1499938964844,283.1499938964844,17676.517578125,18000.0,313.1499938964844,0.0,18000.0,1.0,0.0,0.0,0.0,1.0,0.5307281017303467,1.0,0.0,0.0,0.945309042930603,0.9453133344650269,5.96267355490454e-08,4.265924453735352,4.265914440155029,9.78592834144365e-06,0.0,0.0,-0.0,4498.53369140625,0.0,56.2935905456543,1895.4371337890625,0.0,610.750732421875,0.3078281283378601,1.0,0.0,3.0,1.0,0.0
12390540,297.3032531738281,297.1499938964844,293.1499938964844,0.0,-0.0,287.87310791015625,0.8730363845825195,0.2811500132083893,0.2534091174602508,297.3627624511719,297.1499938964844,293.1499938964844,0.0,-0.0,287.8730773925781,0.9342435598373412,0.3400960266590118,0.3222376406192779,297.3148193359375,297.1499938964844,293.1499938964844,0.0,-0.0,287.87310791015625,0.8942943215370178,0.3017560541629791,0.2114999741315841,297.34771728515625,297.1499938964844,293.1499938964844,0.0,-0.0,287.87310791015625,0.8977891802787781,0.3053254783153534,0.2896230220794678,297.2484130859375,297.1499938964844,293.1499938964844,0.0,-0.0,287.87310791015625,0.8503668308258057,0.2591591775417328,1.1689021587371826,287.8730773925781,287.3627319335937,292.2042541503906,289.6303100585937,292.202880859375,297.316650390625,287.87286376953125,1.0,0.4903345704078674,1.0,1.0,0.0,1.0,-2.696079730987549,2.6960740089416504,5.850974503118778e-06,2.0856454372406006,0.5143309831619263,0.5143309831619263,0.0,90.79017639160156,70.0,15830.5419921875,-0.0,1536.6099853515625,1.0,283.1499938964844,287.0649108886719,292.6564636230469,293.7847595214844,293.1499938964844,293.1499938964844,283.1499938964844,17601.736328125,18000.0,313.1499938964844,0.0,18000.0,1.0,0.0,0.0,0.0,1.0,0.5359621047973633,1.0,0.0,0.0,0.9676026105880736,0.9676069617271424,6.247230288636274e-08,4.265924453735352,4.265914440155029,9.78592834144365e-06,0.0,0.0,-0.0,4520.01416015625,0.0,58.52595138549805,1895.4371337890625,0.0,630.4793090820312,0.3110440969467163,1.0,0.0,3.0,1.0,0.0
12390600,297.3032531738281,297.1499938964844,293.1499938964844,0.0,-0.0,287.87310791015625,0.8730363845825195,0.2811500132083893,0.2534091174602508,297.3627624511719,297.1499938964844,293.1499938964844,0.0,-0.0,287.8730773925781,0.9342435598373412,0.3400960266590118,0.3222376406192779,297.3148193359375,297.1499938964844,293.1499938964844,0.0,-0.0,287.87310791015625,0.8942943215370178,0.3017560541629791,0.2114999741315841,297.34771728515625,297.1499938964844,293.1499938964844,0.0,-0.0,287.87310791015625,0.8977891802787781,0.3053254783153534,0.2896230220794678,297.2484130859375,297.1499938964844,293.1499938964844,0.0,-0.0,287.87310791015625,0.8503668308258057,0.2591591775417328,1.1689021587371826,287.8730773925781,287.3627319335937,292.2042541503906,289.6303100585937,292.202880859375,297.316650390625,287.87286376953125,1.0,0.4903345704078674,1.0,1.0,0.0,1.0,-2.696079730987549,2.6960740089416504,5.850974503118778e-06,2.0856454372406006,0.5143309831619263,0.5143309831619263,0.0,90.79017639160156,70.0,15830.5419921875,-0.0,1536.6099853515625,1.0,283.1499938964844,287.0649108886719,292.6564636230469,293.7847595214844,293.1499938964844,293.1499938964844,283.1499938964844,17601.736328125,18000.0,313.1499938964844,0.0,18000.0,1.0,0.0,0.0,0.0,1.0,0.5359621047973633,1.0,0.0,0.0,0.9676026105880736,0.9676069617271424,6.247230288636274e-08,4.265924453735352,4.265914440155029,9.78592834144365e-06,0.0,0.0,-0.0,4520.01416015625,0.0,58.52595138549805,1895.4371337890625,0.0,630.4793090820312,0.3110440969467163,1.0,0.0,3.0,1.0,0.0
12390660,297.3060913085937,297.1499938964844,293.1499938964844,0.0,-0.0,287.8657531738281,0.9182918071746826,0.2833783030509949,0.2550100088119507,297.3626403808594,297.1499938964844,293.1499938964844,0.0,-0.0,287.8656921386719,0.9822052717208862,0.3427793979644775,0.3243547081947326,297.3119201660156,297.1499938964844,293.1499938964844,0.0,-0.0,287.86572265625,0.9430381655693054,0.3035496175289154,0.2124556601047516,297.34442138671875,297.1499938964844,293.1499938964844,0.0,-0.0,287.86572265625,0.9474883079528807,0.3074960708618164,0.291272908449173,297.24591064453125,297.1499938964844,293.1499938964844,0.0,-0.0,287.86578369140625,0.8912145495414734,0.2601508796215057,1.1714506149291992,287.8656616210937,287.280517578125,292.2705383300781,289.65777587890625,292.2691650390625,297.31573486328125,287.8652648925781,1.0,0.4849624335765838,1.0,1.0,0.0,1.0,-2.70674204826355,2.7067360877990723,5.897291885048617e-06,2.093868970870972,0.5226418972015381,0.5226418972015381,0.0,80.91948699951172,58.0,16189.6484375,-0.0,1506.0736083984375,1.0,283.1499938964844,287.0502014160156,292.6869201660156,293.83599853515625,293.1499938964844,293.1499938964844,283.1499938964844,17523.533203125,18000.0,313.1499938964844,0.0,18000.0,1.0,0.0,0.0,0.0,1.0,0.5418007969856262,1.0,0.0,0.0,0.9935941100120544,0.9935985207557678,6.587360701360012e-08,4.265924453735352,4.265914440155029,9.78592834144365e-06,0.0,0.0,-0.0,4543.6337890625,0.0,61.2354850769043,1895.4371337890625,0.0,653.2420043945312,0.3149083256721496,1.0,0.0,3.0,1.0,0.0
12390720,297.3060913085937,297.1499938964844,293.1499938964844,0.0,-0.0,287.8657531738281,0.9182918071746826,0.2833783030509949,0.2550100088119507,297.3626403808594,297.1499938964844,293.1499938964844,0.0,-0.0,287.8656921386719,0.9822052717208862,0.3427793979644775,0.3243547081947326,297.3119201660156,297.1499938964844,293.1499938964844,0.0,-0.0,287.86572265625,0.9430381655693054,0.3035496175289154,0.2124556601047516,297.34442138671875,297.1499938964844,293.1499938964844,0.0,-0.0,287.86572265625,0.9474883079528807,0.3074960708618164,0.291272908449173,297.24591064453125,297.1499938964844,293.1499938964844,0.0,-0.0,287.86578369140625,0.8912145495414734,0.2601508796215057,1.1714506149291992,287.8656616210937,287.280517578125,292.2705383300781,289.65777587890625,292.2691650390625,297.31573486328125,287.8652648925781,1.0,0.4849624335765838,1.0,1.0,0.0,1.0,-2.70674204826355,2.7067360877990723,5.897291885048617e-06,2.093868970870972,0.5226418972015381,0.5226418972015381,0.0,80.91948699951172,58.0,16189.6484375,-0.0,1506.0736083984375,1.0,283.1499938964844,287.0502014160156,292.6869201660156,293.83599853515625,293.1499938964844,293.1499938964844,283.1499938964844,17523.533203125,18000.0,313.1499938964844,0.0,18000.0,1.0,0.0,0.0,0.0,1.0,0.5418007969856262,1.0,0.0,0.0,0.9935941100120544,0.9935985207557678,6.587360701360012e-08,4.265924453735352,4.265914440155029,9.78592834144365e-06,0.0,0.0,-0.0,4543.6337890625,0.0,61.2354850769043,1895.4371337890625,0.0,653.2420043945312,0.3149083256721496,1.0,0.0,3.0,1.0,0.0
12390780,297.3078308105469,297.1499938964844,293.1499938964844,0.0,-0.0,287.8570251464844,0.9519692063331604,0.2848160862922668,0.2561012804508209,297.36456298828125,297.1499938964844,293.1499938964844,0.0,-0.0,287.8569030761719,0.9990000128746032,0.3446891903877258,0.3175655901432037,297.30963134765625,297.1499938964844,293.1499938964844,0.0,-0.0,287.8569641113281,0.9740968942642212,0.3046358823776245,0.2130790054798126,297.3418884277344,297.1499938964844,293.1499938964844,0.0,-0.0,287.8569641113281,0.9780929684638976,0.3088228404521942,0.2923431396484375,297.2439880371094,297.1499938964844,293.1499938964844,0.0,-0.0,287.8570861816406,0.9209551811218262,0.2607399225234985,1.173205018043518,287.8568115234375,287.2269897460937,292.313720703125,289.6761474609375,292.31231689453125,297.3155212402344,287.8553466796875,1.0,0.4807420969009399,1.0,1.0,0.0,1.0,-2.7040743827819824,2.704068422317505,5.8865221035375725e-06,2.09220814704895,0.528430700302124,0.528430700302124,0.0,75.53913879394531,58.0,16420.986328125,-0.0,1477.5308837890625,1.0,283.1499938964844,287.037109375,292.70721435546875,293.87066650390625,293.1499938964844,293.1499938964844,283.1499938964844,17471.623046875,18000.0,313.1499938964844,0.0,18000.0,1.0,0.0,0.0,0.0,1.0,0.5458493828773499,1.0,0.0,0.0,1.0121580362319946,1.0121625661849976,6.835812627059569e-08,4.265924453735352,4.265914440155029,9.78592834144365e-06,0.0,0.0,-0.0,4559.65576171875,0.0,63.23939895629883,1895.4371337890625,0.0,669.5057373046875,0.3177343010902405,1.0,0.0,3.0,1.0,0.0
12390840,297.3084411621094,297.1499938964844,293.1499938964844,0.0,-0.0,287.8449401855469,0.9648473858833312,0.2855973243713379,0.2567431926727295,297.3727722167969,297.1499938964844,293.1499938964844,0.0,-0.0,287.8448181152344,0.9990000128746032,0.3464638590812683,0.3064400553703308,297.3078918457031,297.1499938964844,293.1499938964844,0.0,-0.0,287.8448791503906,0.9850057363510132,0.3051952421665191,0.2134316712617874,297.3400573730469,297.1499938964844,293.1499938964844,0.0,-0.0,287.8448791503906,0.988738477230072,0.3095189034938812,0.2929484844207763,297.2425842285156,297.1499938964844,293.1499938964844,0.0,-0.0,287.8450622558594,0.9341416358947754,0.2610304355621338,1.1742424964904783,287.8446350097656,287.1965637207031,292.3382568359375,289.6867370605469,292.3368530273437,297.3178100585937,287.84283447265625,1.0,0.4777225255966186,1.0,1.0,0.0,1.0,-2.693876981735229,2.693871259689331,5.842247446707916e-06,2.084336757659912,0.5317420363426208,0.5317420363426208,0.0,73.31816101074219,78.0,16536.59375,-0.0,1453.26171875,1.0,283.1499938964844,287.024658203125,292.7186584472656,293.8900451660156,293.1499938964844,293.1499938964844,283.1499938964844,17445.599609375,18000.0,313.1499938964844,0.0,18000.0,1.0,0.0,0.0,0.0,1.0,0.5482015013694763,1.0,0.0,0.0,1.0230761766433716,1.0230807065963743,6.984083000816099e-08,4.265924453735352,4.265914440155029,9.78592834144365e-06,0.0,0.0,-0.0,4568.04052734375,0.0,64.45158386230469,1895.4371337890625,0.0,679.138427734375,0.3194313943386078,1.0,0.0,3.0,1.0,0.0
12390900,297.3094482421875,297.1499938964844,293.1499938964844,0.0,-0.0,287.830322265625,0.970278024673462,0.2866981327533722,0.2576954364776611,297.3892822265625,297.1499938964844,293.1499938964844,0.0,-0.0,287.83026123046875,0.9990000128746032,0.349496841430664,0.3024099171161651,297.3056030273437,297.1499938964844,293.1499938964844,0.0,-0.0,287.8302917480469,0.989272117614746,0.30596923828125,0.2139525562524795,297.337646484375,297.1499938964844,293.1499938964844,0.0,-0.0,287.83026123046875,0.9929859638214112,0.3104848861694336,0.293833315372467,297.2408447265625,297.1499938964844,293.1499938964844,0.0,-0.0,287.8303527832031,0.9394487142562866,0.2614478170871734,1.1759532690048218,287.83013916015625,287.1539306640625,292.3726501464844,289.70184326171875,292.3712158203125,297.323974609375,287.8293762207031,1.0,0.4779462814331054,1.0,1.0,0.0,1.0,-2.693883419036865,2.693877696990967,5.841213351232e-06,2.0838356018066406,0.5365251302719116,0.5365251302719116,0.0,72.63898468017578,78.0,16731.90234375,-0.0,1450.1719970703125,1.0,283.1499938964844,287.00750732421875,292.7341003417969,293.91619873046875,293.1499938964844,293.1499938964844,283.1499938964844,17409.49609375,18000.0,313.1499938964844,0.0,18000.0,1.0,0.0,0.0,0.0,1.0,0.5514501929283142,1.0,0.0,0.0,1.0388352870941162,1.0388398170471191,7.200900142834143e-08,4.265924453735352,4.265914440155029,9.78592834144365e-06,0.0,0.0,-0.0,4579.94970703125,0.0,66.23676300048828,1895.4371337890625,0.0,692.6689453125,0.3219148218631744,1.0,0.0,3.0,1.0,0.0
12390960,297.310546875,297.1499938964844,293.1499938964844,0.0,-0.0,287.8233337402344,0.9678422808647156,0.2878147959709167,0.2587081789970398,297.4014587402344,297.1499938964844,293.1499938964844,0.0,-0.0,287.82330322265625,0.9990000128746032,0.3522089719772339,0.3059366643428802,297.30340576171875,297.1499938964844,293.1499938964844,0.0,-0.0,287.8233337402344,0.9868428707122804,0.3067397773265838,0.214505985379219,297.3353271484375,297.1499938964844,293.1499938964844,0.0,-0.0,287.8233337402344,0.9908075332641602,0.3114470541477203,0.2947632670402527,297.23931884765625,297.1499938964844,293.1499938964844,0.0,-0.0,287.8233642578125,0.9358754754066468,0.2618730366230011,1.1779447793960571,287.8232727050781,287.11083984375,292.4073791503906,289.71734619140625,292.40594482421875,297.3289794921875,287.82293701171875,1.0,0.4801711440086365,1.0,1.0,0.0,1.0,-2.703499555587769,2.703493595123291,5.88258080824744e-06,2.0910801887512207,0.5416349768638611,0.5416349768638611,0.0,73.5483627319336,98.0,16958.8671875,-0.0,1467.5869140625,1.0,283.1499938964844,286.99560546875,292.7498779296875,293.9438171386719,293.1499938964844,293.1499938964844,283.1499938964844,17365.986328125,18000.0,313.1499938964844,0.0,18000.0,1.0,0.0,0.0,0.0,1.0,0.5547119379043579,1.0,0.0,0.0,1.0556906461715698,1.0556952953338623,7.436469928734368e-08,4.265924453735352,4.265914440155029,9.78592834144365e-06,0.0,0.0,-0.0,4593.73486328125,0.0,68.17864990234375,1895.4371337890625,0.0,706.5211791992188,0.3245855867862701,1.0,0.0,3.0,1.0,0.0
12391020,297.3130187988281,297.1499938964844,293.1499938964844,0.0,-0.0,287.8204650878906,0.9461920261383056,0.2901002466678619,0.2608788609504699,297.3998718261719,297.1499938964844,293.1499938964844,0.0,-0.0,287.82049560546875,0.9990000128746032,0.3552737832069397,0.3288554251194,297.2994689941406,297.1499938964844,293.1499938964844,0.0,-0.0,287.8204650878906,0.966947078704834,0.3082832992076874,0.2156889885663986,297.33111572265625,297.1499938964844,293.1499938964844,0.0,-0.0,287.8204650878906,0.9719969034194946,0.3133676052093506,0.2967218458652496,297.2365417480469,297.1499938964844,293.1499938964844,0.0,-0.0,287.8204650878906,0.9114909172058104,0.2627228796482086,1.1824651956558228,287.82049560546875,287.0233154296875,292.4779663085937,289.7496643066406,292.4765014648437,297.3284606933594,287.82080078125,1.0,0.4896888136863708,1.0,1.0,0.0,1.0,-2.742788553237915,2.7427823543548584,6.054182904335903e-06,2.121179580688477,0.5528151392936707,0.5528151392936707,0.0,78.84557342529297,118.0,17492.43359375,-0.0,1547.3543701171875,1.0,283.1499938964844,286.9792175292969,292.7856750488281,294.007568359375,293.1499938964844,293.1499938964844,283.1499938964844,17262.16015625,18000.0,313.1499938964844,0.0,18000.0,1.0,0.0,0.0,0.0,1.0,0.5618433952331543,1.0,0.0,0.0,1.0929522514343262,1.0929569005966189,7.970688642444659e-08,4.265924453735352,4.265914440155029,9.78592834144365e-06,0.0,0.0,-0.0,4626.44482421875,0.0,72.61481475830078,1895.4371337890625,0.0,737.7611083984375,0.3305767178535461,1.0,0.0,3.0,1.0,0.0
12391080,297.3130187988281,297.1499938964844,293.1499938964844,0.0,-0.0,287.8204650878906,0.9461920261383056,0.2901002466678619,0.2608788609504699,297.3998718261719,297.1499938964844,293.1499938964844,0.0,-0.0,287.82049560546875,0.9990000128746032,0.3552737832069397,0.3288554251194,297.2994689941406,297.1499938964844,293.1499938964844,0.0,-0.0,287.8204650878906,0.966947078704834,0.3082832992076874,0.2156889885663986,297.33111572265625,297.1499938964844,293.1499938964844,0.0,-0.0,287.8204650878906,0.9719969034194946,0.3133676052093506,0.2967218458652496,297.2365417480469,297.1499938964844,293.1499938964844,0.0,-0.0,287.8204650878906,0.9114909172058104,0.2627228796482086,1.1824651956558228,287.82049560546875,287.0233154296875,292.4779663085937,289.7496643066406,292.4765014648437,297.3284606933594,287.82080078125,1.0,0.4896888136863708,1.0,1.0,0.0,1.0,-2.742788553237915,2.7427823543548584,6.054182904335903e-06,2.121179580688477,0.5528151392936707,0.5528151392936707,0.0,78.84557342529297,118.0,17492.43359375,-0.0,1547.3543701171875,1.0,283.1499938964844,286.9792175292969,292.7856750488281,294.007568359375,293.1499938964844,293.1499938964844,283.1499938964844,17262.16015625,18000.0,313.1499938964844,0.0,18000.0,1.0,0.0,0.0,0.0,1.0,0.5618433952331543,1.0,0.0,0.0,1.0929522514343262,1.0929569005966189,7.970688642444659e-08,4.265924453735352,4.265914440155029,9.78592834144365e-06,0.0,0.0,-0.0,4626.44482421875,0.0,72.61481475830078,1895.4371337890625,0.0,737.7611083984375,0.3305767178535461,1.0,0.0,3.0,1.0,0.0
12391140,297.3143920898437,297.1499938964844,293.1499938964844,0.0,-0.0,287.81182861328125,0.8867031931877136,0.2923054993152618,0.2633768320083618,297.3757019042969,297.1499938964844,293.1499938964844,0.0,-0.0,287.8117370605469,0.9532939791679382,0.3559770882129669,0.3375597298145294,297.29473876953125,297.1499938964844,293.1499938964844,0.0,-0.0,287.8117980957031,0.9045695066452026,0.3097005486488342,0.217089295387268,297.3261108398437,297.1499938964844,293.1499938964844,0.0,-0.0,287.8117980957031,0.910150945186615,0.3151561021804809,0.2989674210548401,297.2325134277344,297.1499938964844,293.1499938964844,0.0,-0.0,287.8118896484375,0.8568857312202454,0.2634118795394897,1.1882466077804563,287.81170654296875,286.9339904785156,292.54998779296875,289.78375244140625,292.5485534667969,297.3163146972656,287.8108215332031,1.0,0.502406895160675,1.0,1.0,0.0,1.0,-2.7666611671447754,2.7666549682617188,6.16146280663088e-06,2.1403067111968994,0.5650877356529236,0.5650877356529236,0.0,92.75662994384766,138.0,18041.982421875,-0.0,1647.847900390625,1.0,283.1499938964844,286.9576721191406,292.8264465332031,294.0813293457031,293.1499938964844,293.1499938964844,283.1499938964844,17147.142578125,18000.0,313.1499938964844,0.0,18000.0,1.0,0.0,0.0,0.0,1.0,0.5703809261322021,1.0,0.0,0.0,1.1350445747375488,1.1350493431091309,8.596452261144807e-08,4.265924453735352,4.265914440155029,9.78592834144365e-06,0.0,0.0,-0.0,4662.900390625,0.0,77.90335083007812,1895.4371337890625,0.0,776.9312744140625,0.3375319838523865,1.0,0.0,3.0,1.0,0.0
12391200,297.3143920898437,297.1499938964844,293.1499938964844,0.0,-0.0,287.81182861328125,0.8867031931877136,0.2923054993152618,0.2633768320083618,297.3757019042969,297.1499938964844,293.1499938964844,0.0,-0.0,287.8117370605469,0.9532939791679382,0.3559770882129669,0.3375597298145294,297.29473876953125,297.1499938964844,293.1499938964844,0.0,-0.0,287.8117980957031,0.9045695066452026,0.3097005486488342,0.217089295387268,297.3261108398437,297.1499938964844,293.1499938964844,0.0,-0.0,287.8117980957031,0.910150945186615,0.3151561021804809,0.2989674210548401,297.2325134277344,297.1499938964844,293.1499938964844,0.0,-0.0,287.8118896484375,0.8568857312202454,0.2634118795394897,1.1882466077804563,287.81170654296875,286.9339904785156,292.54998779296875,289.78375244140625,292.5485534667969,297.3163146972656,287.8108215332031,1.0,0.502406895160675,1.0,1.0,0.0,1.0,-2.7666611671447754,2.7666549682617188,6.16146280663088e-06,2.1403067111968994,0.5650877356529236,0.5650877356529236,0.0,92.75662994384766,138.0,18041.982421875,-0.0,1647.847900390625,1.0,283.1499938964844,286.9576721191406,292.8264465332031,294.0813293457031,293.1499938964844,293.1499938964844,283.1499938964844,17147.142578125,18000.0,313.1499938964844,0.0,18000.0,1.0,0.0,0.0,0.0,1.0,0.5703809261322021,1.0,0.0,0.0,1.1350445747375488,1.1350493431091309,8.596452261144807e-08,4.265924453735352,4.265914440155029,9.78592834144365e-06,0.0,0.0,-0.0,4662.900390625,0.0,77.90335083007812,1895.4371337890625,0.0,776.9312744140625,0.3375319838523865,1.0,0.0,3.0,1.0,0.0
12391260,297.3141784667969,297.1499938964844,293.1499938964844,0.0,-0.0,287.78961181640625,0.8418058156967163,0.2943669259548187,0.2658589780330658,297.36376953125,297.1499938964844,293.1499938964844,0.0,-0.0,287.7894897460937,0.8976948857307434,0.3576179444789886,0.3395419120788574,297.2886047363281,297.1499938964844,293.1499938964844,0.0,-0.0,287.7895812988281,0.8567954897880554,0.3109119236469269,0.2184460312128067,297.3197631835937,297.1499938964844,293.1499938964844,0.0,-0.0,287.7895812988281,0.8619101047515869,0.3167445361614227,0.3011576235294342,297.2269897460937,297.1499938964844,293.1499938964844,0.0,-0.0,287.7897033691406,0.8141638040542603,0.2639007866382599,1.1937143802642822,287.7894287109375,286.8433837890625,292.6230773925781,289.8189392089844,292.6216125488281,297.3088073730469,287.7884216308594,1.0,0.51621013879776,1.0,1.0,0.0,1.0,-2.783859968185425,2.783853530883789,6.237636171135819e-06,2.1533031463623047,0.5781603455543518,0.5781603455543518,0.0,109.93124389648438,156.0,18610.03125,-0.0,1754.248291015625,1.0,283.1499938964844,286.9242553710937,292.8662414550781,294.1553649902344,293.1499938964844,293.1499938964844,283.1499938964844,17033.88671875,18000.0,313.1499938964844,0.0,18000.0,1.0,0.0,0.0,0.0,1.0,0.579883873462677,1.0,0.0,0.0,1.1812760829925537,1.1812809705734253,9.310998194678177e-08,4.265924453735352,4.265914440155029,9.78592834144365e-06,0.0,0.0,-0.0,4699.42626953125,0.0,84.0877685546875,1895.4371337890625,0.0,822.8859252929688,0.3454236686229706,1.0,0.0,3.0,1.0,0.0
12391320,297.3141784667969,297.1499938964844,293.1499938964844,0.0,-0.0,287.78961181640625,0.8418058156967163,0.2943669259548187,0.2658589780330658,297.36376953125,297.1499938964844,293.1499938964844,0.0,-0.0,287.7894897460937,0.8976948857307434,0.3576179444789886,0.3395419120788574,297.2886047363281,297.1499938964844,293.1499938964844,0.0,-0.0,287.7895812988281,0.8567954897880554,0.3109119236469269,0.2184460312128067,297.3197631835937,297.1499938964844,293.1499938964844,0.0,-0.0,287.7895812988281,0.8619101047515869,0.3167445361614227,0.3011576235294342,297.2269897460937,297.1499938964844,293.1499938964844,0.0,-0.0,287.7897033691406,0.8141638040542603,0.2639007866382599,1.1937143802642822,287.7894287109375,286.8433837890625,292.6230773925781,289.8189392089844,292.6216125488281,297.3088073730469,287.7884216308594,1.0,0.51621013879776,1.0,1.0,0.0,1.0,-2.783859968185425,2.783853530883789,6.237636171135819e-06,2.1533031463623047,0.5781603455543518,0.5781603455543518,0.0,109.93124389648438,156.0,18610.03125,-0.0,1754.248291015625,1.0,283.1499938964844,286.9242553710937,292.8662414550781,294.1553649902344,293.1499938964844,293.1499938964844,283.1499938964844,17033.88671875,18000.0,313.1499938964844,0.0,18000.0,1.0,0.0,0.0,0.0,1.0,0.579883873462677,1.0,0.0,0.0,1.1812760829925537,1.1812809705734253,9.310998194678177e-08,4.265924453735352,4.265914440155029,9.78592834144365e-06,0.0,0.0,-0.0,4699.42626953125,0.0,84.0877685546875,1895.4371337890625,0.0,822.8859252929688,0.3454236686229706,1.0,0.0,3.0,1.0,0.0
12391380,297.3134155273437,297.1499938964844,293.1499938964844,0.0,-0.0,287.76373291015625,0.8104826807975769,0.2963719367980957,0.2683148980140686,297.3578186035156,297.1499938964844,293.1499938964844,0.0,-0.0,287.7636108398437,0.8612656593322754,0.359718769788742,0.3421213626861572,297.2815246582031,297.1499938964844,293.1499938964844,0.0,-0.0,287.7637023925781,0.8238199949264526,0.3119495809078216,0.2197003364562988,297.3125305175781,297.1499938964844,293.1499938964844,0.0,-0.0,287.763671875,0.8287416100502014,0.3181618750095367,0.3032130002975464,297.2207336425781,297.1499938964844,293.1499938964844,0.0,-0.0,287.7638244628906,0.7801674604415894,0.2642413377761841,1.1986346244812012,287.7635192871094,286.7520751953125,292.6967163085937,289.8544921875,292.6952514648437,297.3036499023437,287.7623291015625,1.0,0.5299507975578308,1.0,1.0,0.0,1.0,-2.7998032569885254,2.7997968196868896,6.309242962743156e-06,2.1656148433685303,0.592086672782898,0.592086672782898,0.0,127.8537139892578,144.0,19209.650390625,-0.0,1864.1463623046875,1.0,283.1499938964844,286.8866882324219,292.9041748046875,294.2292175292969,293.1499938964844,293.1499938964844,283.1499938964844,16916.1171875,18000.0,313.1499938964844,0.0,18000.0,1.0,0.0,0.0,0.0,1.0,0.5898423194885254,1.0,0.0,0.0,1.2318038940429688,1.23180890083313,1.0124570337666229e-07,4.265924453735352,4.265914440155029,9.78592834144365e-06,0.0,0.0,-0.0,4737.42822265625,0.0,91.29054260253906,1895.4371337890625,0.0,873.8134155273438,0.3542912602424621,1.0,0.0,3.0,1.0,0.0
12391440,297.3134155273437,297.1499938964844,293.1499938964844,0.0,-0.0,287.76373291015625,0.8104826807975769,0.2963719367980957,0.2683148980140686,297.3578186035156,297.1499938964844,293.1499938964844,0.0,-0.0,287.7636108398437,0.8612656593322754,0.359718769788742,0.3421213626861572,297.2815246582031,297.1499938964844,293.1499938964844,0.0,-0.0,287.7637023925781,0.8238199949264526,0.3119495809078216,0.2197003364562988,297.3125305175781,297.1499938964844,293.1499938964844,0.0,-0.0,287.763671875,0.8287416100502014,0.3181618750095367,0.3032130002975464,297.2207336425781,297.1499938964844,293.1499938964844,0.0,-0.0,287.7638244628906,0.7801674604415894,0.2642413377761841,1.1986346244812012,287.7635192871094,286.7520751953125,292.6967163085937,289.8544921875,292.6952514648437,297.3036499023437,287.7623291015625,1.0,0.5299507975578308,1.0,1.0,0.0,1.0,-2.7998032569885254,2.7997968196868896,6.309242962743156e-06,2.1656148433685303,0.592086672782898,0.592086672782898,0.0,127.8537139892578,144.0,19209.650390625,-0.0,1864.1463623046875,1.0,283.1499938964844,286.8866882324219,292.9041748046875,294.2292175292969,293.1499938964844,293.1499938964844,283.1499938964844,16916.1171875,18000.0,313.1499938964844,0.0,18000.0,1.0,0.0,0.0,0.0,1.0,0.5898423194885254,1.0,0.0,0.0,1.2318038940429688,1.23180890083313,1.0124570337666229e-07,4.265924453735352,4.265914440155029,9.78592834144365e-06,0.0,0.0,-0.0,4737.42822265625,0.0,91.29054260253906,1895.4371337890625,0.0,873.8134155273438,0.3542912602424621,1.0,0.0,3.0,1.0,0.0
12391500,297.3128356933594,297.1499938964844,293.1499938964844,0.0,-0.0,287.7486877441406,0.8043249845504761,0.2973492741584778,0.2693497836589813,297.3558044433594,297.1499938964844,293.1499938964844,0.0,-0.0,287.74853515625,0.8547760844230652,0.360837310552597,0.3433193564414978,297.2778015136719,297.1499938964844,293.1499938964844,0.0,-0.0,287.7486572265625,0.8175276517868042,0.312417209148407,0.2201562374830246,297.3087158203125,297.1499938964844,293.1499938964844,0.0,-0.0,287.7486267089844,0.8225976824760437,0.3188176453113556,0.3040082156658172,297.2174377441406,297.1499938964844,293.1499938964844,0.0,-0.0,287.7488098144531,0.7734696269035339,0.2643653154373169,1.2000242471694946,287.7484436035156,286.7061462402344,292.7337341308594,289.8724060058594,292.7322692871094,297.30145263671875,287.7470397949219,1.0,0.5329344272613525,1.0,1.0,0.0,1.0,-2.8056657314300537,2.805659532546997,6.335798389045522e-06,2.1701979637146,0.5993450284004211,0.5993450284004211,0.0,132.20916748046875,144.0,19515.646484375,-0.0,1894.17041015625,1.0,283.1499938964844,286.8658752441406,292.9227905273437,294.26629638671875,293.1499938964844,293.1499938964844,283.1499938964844,16856.068359375,18000.0,313.1499938964844,0.0,18000.0,1.0,0.0,0.0,0.0,1.0,0.5949193835258484,1.0,0.0,0.0,1.258659601211548,1.258664608001709,1.057085157185611e-07,4.265924453735352,4.265914440155029,9.78592834144365e-06,0.0,0.0,-0.0,4756.89111328125,0.0,95.31380462646484,1895.4371337890625,0.0,900.9055786132812,0.3590994775295257,1.0,0.0,3.0,1.0,0.0
12391560,297.3122863769531,297.1499938964844,293.1499938964844,0.0,-0.0,287.7317199707031,0.8027223944664001,0.2983253896236419,0.2702789902687073,297.3542175292969,297.1499938964844,293.1499938964844,0.0,-0.0,287.7315673828125,0.853110134601593,0.3619854152202606,0.3444438874721527,297.2741394042969,297.1499938964844,293.1499938964844,0.0,-0.0,287.731689453125,0.8155529499053955,0.3128693103790283,0.2205192595720291,297.3049621582031,297.1499938964844,293.1499938964844,0.0,-0.0,287.7316589355469,0.8207806944847107,0.3194548189640045,0.3046753406524658,297.2142028808594,297.1499938964844,293.1499938964844,0.0,-0.0,287.7318420410156,0.7712273001670837,0.264475017786026,1.2008243799209597,287.7314453125,286.6600952148437,292.7709045410156,289.890380859375,292.7694396972656,297.2995300292969,287.7299194335937,1.0,0.5344278216362,1.0,1.0,0.0,1.0,-2.810335636138916,2.8103291988372803,6.356914127536584e-06,2.173813343048096,0.6067797541618347,0.6067797541618347,0.0,133.8799591064453,132.0,19824.900390625,-0.0,1909.555419921875,1.0,283.1499938964844,286.8433837890625,292.9411926269531,294.3033447265625,293.1499938964844,293.1499938964844,283.1499938964844,16796.2421875,18000.0,313.1499938964844,0.0,18000.0,1.0,0.0,0.0,0.0,1.0,0.6000271439552307,1.0,0.0,0.0,1.2865321636199951,1.2865372896194458,1.104421158970581e-07,4.265924453735352,4.265914440155029,9.78592834144365e-06,0.0,0.0,-0.0,4776.4951171875,0.0,99.63876342773438,1895.4371337890625,0.0,928.951171875,0.3641578257083893,1.0,0.0,3.0,1.0,0.0
12391620,297.3112487792969,297.1499938964844,293.1499938964844,0.0,-0.0,287.6941223144531,0.8076131343841553,0.3002774715423584,0.2719537913799286,297.3519592285156,297.1499938964844,293.1499938964844,0.0,-0.0,287.69390869140625,0.8580796718597412,0.3643410205841064,0.3465666770935058,297.26727294921875,297.1499938964844,293.1499938964844,0.0,-0.0,287.6940612792969,0.8192204833030701,0.3137429654598236,0.2210783809423446,297.2977905273437,297.1499938964844,293.1499938964844,0.0,-0.0,287.69403076171875,0.8246960043907166,0.3206903636455536,0.3057754039764404,297.2080993652344,297.1499938964844,293.1499938964844,0.0,-0.0,287.6942443847656,0.7743886113166809,0.2646696865558624,1.201374888420105,287.6938171386719,286.5674743652344,292.8455810546875,289.926513671875,292.8441162109375,297.2962646484375,287.6921081542969,1.0,0.5340901017189026,1.0,1.0,0.0,1.0,-2.8175578117370605,2.817551612854004,6.389608188328566e-06,2.1793901920318604,0.6221686601638794,0.6221686601638794,0.0,132.27304077148438,120.0,20454.916015625,-0.0,1913.309326171875,1.0,283.1499938964844,286.7948303222656,292.9775695800781,294.37744140625,293.1499938964844,293.1499938964844,283.1499938964844,16676.314453125,18000.0,313.1499938964844,0.0,18000.0,1.0,0.0,0.0,0.0,1.0,0.6102484464645386,1.0,0.0,0.0,1.345264911651611,1.3452702760696411,1.2075608424311213e-07,4.265924453735352,4.265914440155029,9.78592834144365e-06,0.0,0.0,-0.0,4816.39697265625,0.0,109.2610855102539,1895.4371337890625,0.0,987.3509521484376,0.3750231862068176,1.0,0.0,3.0,1.0,0.0
12391680,297.3112487792969,297.1499938964844,293.1499938964844,0.0,-0.0,287.6941223144531,0.8076131343841553,0.3002774715423584,0.2719537913799286,297.3519592285156,297.1499938964844,293.1499938964844,0.0,-0.0,287.69390869140625,0.8580796718597412,0.3643410205841064,0.3465666770935058,297.26727294921875,297.1499938964844,293.1499938964844,0.0,-0.0,287.6940612792969,0.8192204833030701,0.3137429654598236,0.2210783809423446,297.2977905273437,297.1499938964844,293.1499938964844,0.0,-0.0,287.69403076171875,0.8246960043907166,0.3206903636455536,0.3057754039764404,297.2080993652344,297.1499938964844,293.1499938964844,0.0,-0.0,287.6942443847656,0.7743886113166809,0.2646696865558624,1.201374888420105,287.6938171386719,286.5674743652344,292.8455810546875,289.926513671875,292.8441162109375,297.2962646484375,287.6921081542969,1.0,0.5340901017189026,1.0,1.0,0.0,1.0,-2.8175578117370605,2.817551612854004,6.389608188328566e-06,2.1793901920318604,0.6221686601638794,0.6221686601638794,0.0,132.27304077148438,120.0,20454.916015625,-0.0,1913.309326171875,1.0,283.1499938964844,286.7948303222656,292.9775695800781,294.37744140625,293.1499938964844,293.1499938964844,283.1499938964844,16676.314453125,18000.0,313.1499938964844,0.0,18000.0,1.0,0.0,0.0,0.0,1.0,0.6102484464645386,1.0,0.0,0.0,1.345264911651611,1.3452702760696411,1.2075608424311213e-07,4.265924453735352,4.265914440155029,9.78592834144365e-06,0.0,0.0,-0.0,4816.39697265625,0.0,109.2610855102539,1895.4371337890625,0.0,987.3509521484376,0.3750231862068176,1.0,0.0,3.0,1.0,0.0
12391740,297.3102722167969,297.1499938964844,293.1499938964844,0.0,-0.0,287.6527404785156,0.8195475935935974,0.3022208213806152,0.2734651267528534,297.3504333496094,297.1499938964844,293.1499938964844,0.0,-0.0,287.65252685546875,0.8712170124053955,0.3667446374893188,0.3485759794712066,297.2608947753906,297.1499938964844,293.1499938964844,0.0,-0.0,287.6527099609375,0.8299534916877747,0.3145817220211029,0.2214892953634262,297.2911071777344,297.1499938964844,293.1499938964844,0.0,-0.0,287.6526794433594,0.835760772228241,0.321882426738739,0.3066660761833191,297.2025451660156,297.1499938964844,293.1499938964844,0.0,-0.0,287.65289306640625,0.7849122285842896,0.2648407220840454,1.201019287109375,287.65240478515625,286.47430419921875,292.92071533203125,289.96295166015625,292.91925048828125,297.2935485839844,287.65057373046875,1.0,0.5308637022972107,1.0,1.0,0.0,1.0,-2.822927713394165,2.8229212760925293,6.413934897864237e-06,2.1835203170776367,0.6382265090942383,0.6382265090942383,0.0,126.3668212890625,108.0,21099.236328125,-0.0,1893.4283447265625,1.0,283.1499938964844,286.7426452636719,293.0137939453125,294.4520568847656,293.1499938964844,293.1499938964844,283.1499938964844,16556.560546875,18000.0,313.1499938964844,0.0,18000.0,1.0,0.0,0.0,0.0,1.0,0.6204233765602112,1.0,0.0,0.0,1.407885193824768,1.407890796661377,1.322598137676323e-07,4.265924453735352,4.265914440155029,9.78592834144365e-06,0.0,0.0,-0.0,4857.341796875,0.0,120.30977630615234,1895.4371337890625,0.0,1048.339111328125,0.3868880867958069,1.0,0.0,3.0,1.0,0.0
12391800,297.3102722167969,297.1499938964844,293.1499938964844,0.0,-0.0,287.6527404785156,0.8195475935935974,0.3022208213806152,0.2734651267528534,297.3504333496094,297.1499938964844,293.1499938964844,0.0,-0.0,287.65252685546875,0.8712170124053955,0.3667446374893188,0.3485759794712066,297.2608947753906,297.1499938964844,293.1499938964844,0.0,-0.0,287.6527099609375,0.8299534916877747,0.3145817220211029,0.2214892953634262,297.2911071777344,297.1499938964844,293.1499938964844,0.0,-0.0,287.6526794433594,0.835760772228241,0.321882426738739,0.3066660761833191,297.2025451660156,297.1499938964844,293.1499938964844,0.0,-0.0,287.65289306640625,0.7849122285842896,0.2648407220840454,1.201019287109375,287.65240478515625,286.47430419921875,292.92071533203125,289.96295166015625,292.91925048828125,297.2935485839844,287.65057373046875,1.0,0.5308637022972107,1.0,1.0,0.0,1.0,-2.822927713394165,2.8229212760925293,6.413934897864237e-06,2.1835203170776367,0.6382265090942383,0.6382265090942383,0.0,126.3668212890625,108.0,21099.236328125,-0.0,1893.4283447265625,1.0,283.1499938964844,286.7426452636719,293.0137939453125,294.4520568847656,293.1499938964844,293.1499938964844,283.1499938964844,16556.560546875,18000.0,313.1499938964844,0.0,18000.0,1.0,0.0,0.0,0.0,1.0,0.6204233765602112,1.0,0.0,0.0,1.407885193824768,1.407890796661377,1.322598137676323e-07,4.265924453735352,4.265914440155029,9.78592834144365e-06,0.0,0.0,-0.0,4857.341796875,0.0,120.30977630615234,1895.4371337890625,0.0,1048.339111328125,0.3868880867958069,1.0,0.0,3.0,1.0,0.0
12391860,297.3092041015625,297.1499938964844,293.1499938964844,0.0,-0.0,287.60858154296875,0.8368514776229858,0.3041407167911529,0.2748669683933258,297.3493347167969,297.1499938964844,293.1499938964844,0.0,-0.0,287.6083679199219,0.8914663791656494,0.3691730797290802,0.350516527891159,297.25494384765625,297.1499938964844,293.1499938964844,0.0,-0.0,287.6085510253906,0.846651554107666,0.315382570028305,0.2218032628297805,297.2847900390625,297.1499938964844,293.1499938964844,0.0,-0.0,287.6085205078125,0.853059709072113,0.3230302035808563,0.3074189722537994,297.1974182128906,297.1499938964844,293.1499938964844,0.0,-0.0,287.6087646484375,0.8015587329864502,0.2649878561496734,1.2001008987426758,287.6082458496094,286.3805847167969,292.9963073730469,289.99957275390625,292.99481201171875,297.2911376953125,287.6062927246094,1.0,0.5259252190589905,1.0,1.0,0.0,1.0,-2.827124118804932,2.827117681503296,6.432951522583608e-06,2.1867358684539795,0.654931902885437,0.654931902885437,0.0,117.96298217773438,96.0,21755.65234375,-0.0,1859.5738525390625,1.0,283.1499938964844,286.68768310546875,293.0501403808594,294.5274658203125,293.1499938964844,293.1499938964844,283.1499938964844,16438.220703125,18000.0,313.1499938964844,0.0,18000.0,1.0,0.0,0.0,0.0,1.0,0.6305390000343323,1.0,0.0,0.0,1.4742584228515625,1.4742642641067505,1.450242592682116e-07,4.265924453735352,4.265914440155029,9.78592834144365e-06,0.0,0.0,-0.0,4899.32958984375,0.0,132.9536895751953,1895.4371337890625,0.0,1111.6815185546875,0.3997456133365631,1.0,0.0,3.0,1.0,0.0
12391920,297.3092041015625,297.1499938964844,293.1499938964844,0.0,-0.0,287.60858154296875,0.8368514776229858,0.3041407167911529,0.2748669683933258,297.3493347167969,297.1499938964844,293.1499938964844,0.0,-0.0,287.6083679199219,0.8914663791656494,0.3691730797290802,0.350516527891159,297.25494384765625,297.1499938964844,293.1499938964844,0.0,-0.0,287.6085510253906,0.846651554107666,0.315382570028305,0.2218032628297805,297.2847900390625,297.1499938964844,293.1499938964844,0.0,-0.0,287.6085205078125,0.853059709072113,0.3230302035808563,0.3074189722537994,297.1974182128906,297.1499938964844,293.1499938964844,0.0,-0.0,287.6087646484375,0.8015587329864502,0.2649878561496734,1.2001008987426758,287.6082458496094,286.3805847167969,292.9963073730469,289.99957275390625,292.99481201171875,297.2911376953125,287.6062927246094,1.0,0.5259252190589905,1.0,1.0,0.0,1.0,-2.827124118804932,2.827117681503296,6.432951522583608e-06,2.1867358684539795,0.654931902885437,0.654931902885437,0.0,117.96298217773438,96.0,21755.65234375,-0.0,1859.5738525390625,1.0,283.1499938964844,286.68768310546875,293.0501403808594,294.5274658203125,293.1499938964844,293.1499938964844,283.1499938964844,16438.220703125,18000.0,313.1499938964844,0.0,18000.0,1.0,0.0,0.0,0.0,1.0,0.6305390000343323,1.0,0.0,0.0,1.4742584228515625,1.4742642641067505,1.450242592682116e-07,4.265924453735352,4.265914440155029,9.78592834144365e-06,0.0,0.0,-0.0,4899.32958984375,0.0,132.9536895751953,1895.4371337890625,0.0,1111.6815185546875,0.3997456133365631,1.0,0.0,3.0,1.0,0.0
12391980,297.30828857421875,297.1499938964844,293.1499938964844,0.0,-0.0,287.57550048828125,0.853319525718689,0.3055019974708557,0.2758244276046753,297.3487243652344,297.1499938964844,293.1499938964844,0.0,-0.0,287.5752868652344,0.9108837246894836,0.3709297478199005,0.3518868088722229,297.2508544921875,297.1499938964844,293.1499938964844,0.0,-0.0,287.5754699707031,0.8629359602928162,0.3159314393997192,0.2219846844673156,297.2804260253906,297.1499938964844,293.1499938964844,0.0,-0.0,287.575439453125,0.8699176907539368,0.3238257765769958,0.3078974783420563,297.1939697265625,297.1499938964844,293.1499938964844,0.0,-0.0,287.57568359375,0.8168134093284607,0.2650763690471649,1.199195384979248,287.5751647949219,286.3127746582031,293.05096435546875,290.02606201171875,293.0494689941406,297.2894897460937,287.5731506347656,1.0,0.521706223487854,1.0,1.0,0.0,1.0,-2.82962703704834,2.829620599746704,6.444292921514716e-06,2.1886472702026367,0.6673517823219299,0.6673517823219299,0.0,110.9833526611328,96.0,22234.099609375,-0.0,1829.8402099609373,1.0,283.1499938964844,286.6468200683594,293.0763854980469,294.5821838378906,293.1499938964844,293.1499938964844,283.1499938964844,16354.78125,18000.0,313.1499938964844,0.0,18000.0,1.0,0.0,0.0,0.0,1.0,0.6377807855606079,1.0,0.0,0.0,1.5242726802825928,1.5242786407470703,1.5503107420045128e-07,4.265924453735352,4.265914440155029,9.78592834144365e-06,0.0,0.0,-0.0,4930.140625,0.0,143.14454650878906,1895.4371337890625,0.0,1158.62646484375,0.409606009721756,1.0,0.0,3.0,1.0,0.0
12392040,297.30792236328125,297.1499938964844,293.1499938964844,0.0,-0.0,287.5624084472656,0.8608720898628235,0.3060276806354522,0.2761878073215484,297.3485412597656,297.1499938964844,293.1499938964844,0.0,-0.0,287.56219482421875,0.920329451560974,0.371614933013916,0.3524160087108612,297.249267578125,297.1499938964844,293.1499938964844,0.0,-0.0,287.5623779296875,0.8704214096069336,0.3161364197731018,0.2220461964607238,297.2787780761719,297.1499938964844,293.1499938964844,0.0,-0.0,287.5623474121094,0.8776357173919678,0.3241263031959533,0.3080708682537079,297.19268798828125,297.1499938964844,293.1499938964844,0.0,-0.0,287.5625915527344,0.8233146071434021,0.2651065289974212,1.1987993717193604,287.56207275390625,286.2863464355469,293.0722961425781,290.036376953125,293.07080078125,297.2888488769531,287.5600280761719,1.0,0.5199609994888306,1.0,1.0,0.0,1.0,-2.830506563186645,2.8304998874664307,6.448276963055832e-06,2.189317464828491,0.6722674369812012,0.6722674369812012,0.0,108.12972259521484,84.0,22421.08203125,-0.0,1817.443359375,1.0,283.1499938964844,286.6307067871094,293.08660888671875,294.6035461425781,293.1499938964844,293.1499938964844,283.1499938964844,16322.814453125,18000.0,313.1499938964844,0.0,18000.0,1.0,0.0,0.0,0.0,1.0,0.6405853629112244,1.0,0.0,0.0,1.5441927909851074,1.5441988706588743,1.591096321362784e-07,4.265924453735352,4.265914440155029,9.78592834144365e-06,0.0,0.0,-0.0,4942.23193359375,0.0,147.3671875,1895.4371337890625,0.0,1177.1553955078125,0.4135709702968597,1.0,0.0,3.0,1.0,0.0
12392100,297.3072204589844,297.1499938964844,293.1499938964844,0.0,-0.0,287.53875732421875,0.8763132095336914,0.306960254907608,0.2768259346485138,297.34820556640625,297.1499938964844,293.1499938964844,0.0,-0.0,287.5385131835937,0.9396204352378844,0.372841328382492,0.3533577919006347,297.2464599609375,297.1499938964844,293.1499938964844,0.0,-0.0,287.5386962890625,0.8856868743896484,0.3164891004562378,0.2221423834562301,297.2757873535156,297.1499938964844,293.1499938964844,0.0,-0.0,287.5386657714844,0.8932944536209106,0.3246490657329559,0.3083614408969879,297.1903991699219,297.1499938964844,293.1499938964844,0.0,-0.0,287.5389404296875,0.8362686038017273,0.265153706073761,1.198034405708313,287.53839111328125,286.23907470703125,293.11041259765625,290.0548400878906,293.1089172363281,297.2877197265625,287.5363464355469,1.0,0.5167205929756165,1.0,1.0,0.0,1.0,-2.831951141357422,2.831944704055786,6.4548207774350885e-06,2.1904168128967285,0.6811714172363281,0.6811714172363281,0.0,102.87537384033205,84.0,22756.240234375,-0.0,1794.32568359375,1.0,283.1499938964844,286.60162353515625,293.1048583984375,294.6417541503906,293.1499938964844,293.1499938964844,283.1499938964844,16266.93359375,18000.0,313.1499938964844,0.0,18000.0,1.0,0.0,0.0,0.0,1.0,0.6455734968185425,1.0,0.0,0.0,1.580445647239685,1.5804518461227417,1.6666811575305476e-07,4.265924453735352,4.265914440155029,9.78592834144365e-06,0.0,0.0,-0.0,4963.978515625,0.0,155.2987518310547,1895.4371337890625,0.0,1210.5794677734375,0.4208395779132843,1.0,0.0,3.0,1.0,0.0
12392160,297.3064880371094,297.1499938964844,293.1499938964844,0.0,-0.0,287.5148010253906,0.8946015238761902,0.3078826367855072,0.2774509489536285,297.3479309082031,297.1499938964844,293.1499938964844,0.0,-0.0,287.5145874023437,0.9608367681503296,0.3740698099136352,0.3542965352535248,297.2436828613281,297.1499938964844,293.1499938964844,0.0,-0.0,287.5147705078125,0.9036757946014404,0.3168267011642456,0.2222234010696411,297.2728271484375,297.1499938964844,293.1499938964844,0.0,-0.0,287.5147399902344,0.9120539426803588,0.3251557648181915,0.3086307346820831,297.1882019042969,297.1499938964844,293.1499938964844,0.0,-0.0,287.5150146484375,0.8516913652420044,0.2651923894882202,1.1972053050994873,287.51446533203125,286.19171142578125,293.14862060546875,290.0733337402344,293.1471252441406,297.2865905761719,287.51239013671875,1.0,0.5133562684059143,1.0,1.0,0.0,1.0,-2.8332552909851074,2.833248853683472,6.460726581281051e-06,2.1914069652557373,0.6902288198471069,0.6902288198471069,0.0,97.4705810546875,72.0,23092.28125,-0.0,1770.2401123046875,1.0,283.1499938964844,286.5722961425781,293.1230773925781,294.6800537109375,293.1499938964844,293.1499938964844,283.1499938964844,16212.4765625,18000.0,313.1499938964844,0.0,18000.0,1.0,0.0,0.0,0.0,1.0,0.6505318880081177,1.0,0.0,0.0,1.617488980293274,1.61749529838562,1.7457259104958214e-07,4.265924453735352,4.265914440155029,9.78592834144365e-06,0.0,0.0,-0.0,4985.875,0.0,163.7381134033203,1895.4371337890625,0.0,1244.3890380859375,0.4283322691917419,1.0,0.0,3.0,1.0,0.0
12392220,297.3046875,297.1499938964844,293.1499938964844,0.0,-0.0,287.4660949707031,0.9436035752296448,0.3096833527088165,0.2786767482757568,297.34771728515625,297.1499938964844,293.1499938964844,0.0,-0.0,287.4658508300781,0.9990000128746032,0.376552402973175,0.3538238704204559,297.2381591796875,297.1499938964844,293.1499938964844,0.0,-0.0,287.466064453125,0.9526074528694152,0.3174542784690857,0.2223613709211349,297.2669982910156,297.1499938964844,293.1499938964844,0.0,-0.0,287.4660339355469,0.961600661277771,0.3261181116104126,0.3091336488723755,297.1838684082031,297.1499938964844,293.1499938964844,0.0,-0.0,287.46630859375,0.8917877078056335,0.2652376592159271,1.1954684257507324,287.4657287597656,286.0966186523437,293.2253112792969,290.11041259765625,293.2237854003906,297.2843017578125,287.4632873535156,1.0,0.5062217712402344,1.0,1.0,0.0,1.0,-2.833026170730591,2.833019733428955,6.460330041591078e-06,2.191523313522339,0.7087995409965515,0.7087995409965515,0.0,86.77774810791016,90.0,23782.01953125,-0.0,1718.119873046875,1.0,283.1499938964844,286.5160827636719,293.1595764160156,294.7572631835937,293.1499938964844,293.1499938964844,283.1499938964844,16109.12109375,18000.0,313.1499938964844,0.0,18000.0,1.0,0.0,0.0,0.0,1.0,0.6603516936302185,1.0,0.0,0.0,1.69379460811615,1.6938012838363647,1.914321643425865e-07,4.265924453735352,4.265914440155029,9.78592834144365e-06,0.0,0.0,-0.0,5031.17041015625,0.0,182.22653198242188,1895.4371337890625,0.0,1313.01611328125,0.4439587593078613,1.0,0.0,3.0,1.0,0.0
12392280,297.3046875,297.1499938964844,293.1499938964844,0.0,-0.0,287.4660949707031,0.9436035752296448,0.3096833527088165,0.2786767482757568,297.34771728515625,297.1499938964844,293.1499938964844,0.0,-0.0,287.4658508300781,0.9990000128746032,0.376552402973175,0.3538238704204559,297.2381591796875,297.1499938964844,293.1499938964844,0.0,-0.0,287.466064453125,0.9526074528694152,0.3174542784690857,0.2223613709211349,297.2669982910156,297.1499938964844,293.1499938964844,0.0,-0.0,287.4660339355469,0.961600661277771,0.3261181116104126,0.3091336488723755,297.1838684082031,297.1499938964844,293.1499938964844,0.0,-0.0,287.46630859375,0.8917877078056335,0.2652376592159271,1.1954684257507324,287.4657287597656,286.0966186523437,293.2253112792969,290.11041259765625,293.2237854003906,297.2843017578125,287.4632873535156,1.0,0.5062217712402344,1.0,1.0,0.0,1.0,-2.833026170730591,2.833019733428955,6.460330041591078e-06,2.191523313522339,0.7087995409965515,0.7087995409965515,0.0,86.77774810791016,90.0,23782.01953125,-0.0,1718.119873046875,1.0,283.1499938964844,286.5160827636719,293.1595764160156,294.7572631835937,293.1499938964844,293.1499938964844,283.1499938964844,16109.12109375,18000.0,313.1499938964844,0.0,18000.0,1.0,0.0,0.0,0.0,1.0,0.6603516936302185,1.0,0.0,0.0,1.69379460811615,1.6938012838363647,1.914321643425865e-07,4.265924453735352,4.265914440155029,9.78592834144365e-06,0.0,0.0,-0.0,5031.17041015625,0.0,182.22653198242188,1895.4371337890625,0.0,1313.01611328125,0.4439587593078613,1.0,0.0,3.0,1.0,0.0
12392340,297.30194091796875,297.1499938964844,293.1499938964844,0.0,-0.0,287.4139709472656,0.9444820880889891,0.3113646209239959,0.280211865901947,297.35418701171875,297.1499938964844,293.1499938964844,0.0,-0.0,287.4137878417969,0.9990000128746032,0.3797184824943542,0.3549299538135528,297.2323608398437,297.1499938964844,293.1499938964844,0.0,-0.0,287.4139404296875,0.9521598815917968,0.3179821968078613,0.2227485030889511,297.2608947753906,297.1499938964844,293.1499938964844,0.0,-0.0,287.4139099121094,0.961495578289032,0.3269825577735901,0.3099734485149383,297.1794128417969,297.1499938964844,293.1499938964844,0.0,-0.0,287.4141540527344,0.8908573389053345,0.2652139961719513,1.1954530477523804,287.4136657714844,286.0011901855469,293.3022766113281,290.1475830078125,293.3007507324219,297.2846069335937,287.4119567871094,1.0,0.507891058921814,1.0,1.0,0.0,1.0,-2.8374557495117188,2.837449312210083,6.479263902292587e-06,2.194369077682495,0.7278968095779419,0.7278968095779419,0.0,87.11975860595703,108.0,24507.0234375,-0.0,1726.66796875,1.0,283.1499938964844,286.4625244140625,293.1967163085937,294.8363952636719,293.1499938964844,293.1499938964844,283.1499938964844,16019.373046875,18000.0,313.1499938964844,0.0,18000.0,1.0,0.0,0.0,0.0,1.0,0.6701757907867432,1.0,0.0,0.0,1.772553324699402,1.7725603580474854,2.096486326763625e-07,4.265924453735352,4.265914440155029,9.78592834144365e-06,0.0,0.0,-0.0,5078.08740234375,0.0,202.9505615234375,1895.4371337890625,0.0,1383.8076171875,0.4603405892848968,1.0,0.0,3.0,1.0,0.0
12392400,297.30194091796875,297.1499938964844,293.1499938964844,0.0,-0.0,287.4139709472656,0.9444820880889891,0.3113646209239959,0.280211865901947,297.35418701171875,297.1499938964844,293.1499938964844,0.0,-0.0,287.4137878417969,0.9990000128746032,0.3797184824943542,0.3549299538135528,297.2323608398437,297.1499938964844,293.1499938964844,0.0,-0.0,287.4139404296875,0.9521598815917968,0.3179821968078613,0.2227485030889511,297.2608947753906,297.1499938964844,293.1499938964844,0.0,-0.0,287.4139099121094,0.961495578289032,0.3269825577735901,0.3099734485149383,297.1794128417969,297.1499938964844,293.1499938964844,0.0,-0.0,287.4141540527344,0.8908573389053345,0.2652139961719513,1.1954530477523804,287.4136657714844,286.0011901855469,293.3022766113281,290.1475830078125,293.3007507324219,297.2846069335937,287.4119567871094,1.0,0.507891058921814,1.0,1.0,0.0,1.0,-2.8374557495117188,2.837449312210083,6.479263902292587e-06,2.194369077682495,0.7278968095779419,0.7278968095779419,0.0,87.11975860595703,108.0,24507.0234375,-0.0,1726.66796875,1.0,283.1499938964844,286.4625244140625,293.1967163085937,294.8363952636719,293.1499938964844,293.1499938964844,283.1499938964844,16019.373046875,18000.0,313.1499938964844,0.0,18000.0,1.0,0.0,0.0,0.0,1.0,0.6701757907867432,1.0,0.0,0.0,1.772553324699402,1.7725603580474854,2.096486326763625e-07,4.265924453735352,4.265914440155029,9.78592834144365e-06,0.0,0.0,-0.0,5078.08740234375,0.0,202.9505615234375,1895.4371337890625,0.0,1383.8076171875,0.4603405892848968,1.0,0.0,3.0,1.0,0.0
12392460,297.29852294921875,297.1499938964844,293.1499938964844,0.0,-0.0,287.3731689453125,0.9128730893135072,0.3129439651966095,0.2819173038005829,297.34881591796875,297.1499938964844,293.1499938964844,0.0,-0.0,287.3729553222656,0.9800744652748108,0.3817660808563232,0.3615128695964813,297.2264709472656,297.1499938964844,293.1499938964844,0.0,-0.0,287.3731384277344,0.919216811656952,0.3184298276901245,0.2232837677001953,297.2547607421875,297.1499938964844,293.1499938964844,0.0,-0.0,287.37310791015625,0.9294183254241944,0.3277657628059387,0.3110142648220062,297.1747741699219,297.1499938964844,293.1499938964844,0.0,-0.0,287.3733825683594,0.8630971312522888,0.265118271112442,1.1964668035507202,287.37286376953125,285.9054260253906,293.3794860839844,290.184814453125,293.37799072265625,297.2794189453125,287.3709716796875,1.0,0.5147860646247864,1.0,1.0,0.0,1.0,-2.850392818450928,2.850386381149292,6.538971319969278e-06,2.204594850540161,0.7478388547897339,0.7478388547897339,0.0,94.61759948730467,126.0,25269.271484375,-0.0,1783.0970458984375,1.0,283.1499938964844,286.4159240722656,293.2353210449219,294.9200744628906,293.1499938964844,293.1499938964844,283.1499938964844,15931.4052734375,18000.0,313.1499938964844,0.0,18000.0,1.0,0.0,0.0,0.0,1.0,0.6802583336830139,1.0,0.0,0.0,1.853892803192139,1.8539001941680908,2.293309222523021e-07,4.265924453735352,4.265914440155029,9.78592834144365e-06,0.0,0.0,-0.0,5128.82568359375,0.0,226.1417999267578,1895.4371337890625,0.0,1458.5751953125,0.4774679541587829,1.0,0.0,3.0,1.0,0.0
12392520,297.29852294921875,297.1499938964844,293.1499938964844,0.0,-0.0,287.3731689453125,0.9128730893135072,0.3129439651966095,0.2819173038005829,297.34881591796875,297.1499938964844,293.1499938964844,0.0,-0.0,287.3729553222656,0.9800744652748108,0.3817660808563232,0.3615128695964813,297.2264709472656,297.1499938964844,293.1499938964844,0.0,-0.0,287.3731384277344,0.919216811656952,0.3184298276901245,0.2232837677001953,297.2547607421875,297.1499938964844,293.1499938964844,0.0,-0.0,287.37310791015625,0.9294183254241944,0.3277657628059387,0.3110142648220062,297.1747741699219,297.1499938964844,293.1499938964844,0.0,-0.0,287.3733825683594,0.8630971312522888,0.265118271112442,1.1964668035507202,287.37286376953125,285.9054260253906,293.3794860839844,290.184814453125,293.37799072265625,297.2794189453125,287.3709716796875,1.0,0.5147860646247864,1.0,1.0,0.0,1.0,-2.850392818450928,2.850386381149292,6.538971319969278e-06,2.204594850540161,0.7478388547897339,0.7478388547897339,0.0,94.61759948730467,126.0,25269.271484375,-0.0,1783.0970458984375,1.0,283.1499938964844,286.4159240722656,293.2353210449219,294.9200744628906,293.1499938964844,293.1499938964844,283.1499938964844,15931.4052734375,18000.0,313.1499938964844,0.0,18000.0,1.0,0.0,0.0,0.0,1.0,0.6802583336830139,1.0,0.0,0.0,1.853892803192139,1.8539001941680908,2.293309222523021e-07,4.265924453735352,4.265914440155029,9.78592834144365e-06,0.0,0.0,-0.0,5128.82568359375,0.0,226.1417999267578,1895.4371337890625,0.0,1458.5751953125,0.4774679541587829,1.0,0.0,3.0,1.0,0.0
12392580,297.2937927246094,297.1499938964844,293.1499938964844,0.0,-0.0,287.3286437988281,0.874465823173523,0.3143466114997864,0.2836617231369018,297.3447265625,297.1499938964844,293.1499938964844,0.0,-0.0,287.32843017578125,0.939198076725006,0.3838664293289184,0.3639213740825653,297.2199401855469,297.1499938964844,293.1499938964844,0.0,-0.0,287.32861328125,0.8788048028945923,0.3187358975410461,0.2238714545965194,297.2479858398437,297.1499938964844,293.1499938964844,0.0,-0.0,287.3285827636719,0.8876458406448364,0.3284079134464264,0.312126100063324,297.1693725585937,297.1499938964844,293.1499938964844,0.0,-0.0,287.328857421875,0.8282836675643921,0.2648839354515075,1.1978219747543335,287.3283386230469,285.8094177246094,293.4569396972656,290.2220458984375,293.4554138183594,297.2739562988281,287.3265075683594,1.0,0.5241703391075134,1.0,1.0,0.0,1.0,-2.859204769134521,2.859198093414306,6.579099590453552e-06,2.211246490478516,0.7684324383735657,0.7684324383735657,0.0,107.0292739868164,144.0,26011.001953125,-0.0,1857.281005859375,1.0,283.1499938964844,286.3668518066406,293.27294921875,295.0025939941406,293.1499938964844,293.1499938964844,283.1499938964844,15860.380859375,18000.0,313.1499938964844,0.0,18000.0,1.0,0.0,0.0,0.0,1.0,0.6904698610305786,1.0,0.0,0.0,1.937115907669068,1.937123656272888,2.503828397948382e-07,4.265924453735352,4.265914440155029,9.78592834144365e-06,0.0,0.0,-0.0,5178.51025390625,0.0,251.89540100097656,1895.4371337890625,0.0,1536.3697509765625,0.4952100217342376,1.0,0.0,3.0,1.0,0.0
12392640,297.2937927246094,297.1499938964844,293.1499938964844,0.0,-0.0,287.3286437988281,0.874465823173523,0.3143466114997864,0.2836617231369018,297.3447265625,297.1499938964844,293.1499938964844,0.0,-0.0,287.32843017578125,0.939198076725006,0.3838664293289184,0.3639213740825653,297.2199401855469,297.1499938964844,293.1499938964844,0.0,-0.0,287.32861328125,0.8788048028945923,0.3187358975410461,0.2238714545965194,297.2479858398437,297.1499938964844,293.1499938964844,0.0,-0.0,287.3285827636719,0.8876458406448364,0.3284079134464264,0.312126100063324,297.1693725585937,297.1499938964844,293.1499938964844,0.0,-0.0,287.328857421875,0.8282836675643921,0.2648839354515075,1.1978219747543335,287.3283386230469,285.8094177246094,293.4569396972656,290.2220458984375,293.4554138183594,297.2739562988281,287.3265075683594,1.0,0.5241703391075134,1.0,1.0,0.0,1.0,-2.859204769134521,2.859198093414306,6.579099590453552e-06,2.211246490478516,0.7684324383735657,0.7684324383735657,0.0,107.0292739868164,144.0,26011.001953125,-0.0,1857.281005859375,1.0,283.1499938964844,286.3668518066406,293.27294921875,295.0025939941406,293.1499938964844,293.1499938964844,283.1499938964844,15860.380859375,18000.0,313.1499938964844,0.0,18000.0,1.0,0.0,0.0,0.0,1.0,0.6904698610305786,1.0,0.0,0.0,1.937115907669068,1.937123656272888,2.503828397948382e-07,4.265924453735352,4.265914440155029,9.78592834144365e-06,0.0,0.0,-0.0,5178.51025390625,0.0,251.89540100097656,1895.4371337890625,0.0,1536.3697509765625,0.4952100217342376,1.0,0.0,3.0,1.0,0.0
12392700,297.2910461425781,297.1499938964844,293.1499938964844,0.0,-0.0,287.3070068359375,0.8571697473526001,0.3149894475936889,0.2845185697078705,297.3431091308594,297.1499938964844,293.1499938964844,0.0,-0.0,287.30682373046875,0.9177852272987366,0.3849407136440277,0.365206241607666,297.2165222167969,297.1499938964844,293.1499938964844,0.0,-0.0,287.3070068359375,0.8608093857765198,0.3188440799713135,0.2241629660129547,297.2444763183594,297.1499938964844,293.1499938964844,0.0,-0.0,287.3069763183594,0.8693875670433044,0.3286833465099334,0.3126784861087799,297.1664733886719,297.1499938964844,293.1499938964844,0.0,-0.0,287.3072204589844,0.8121666312217712,0.2647235691547394,1.1984925270080566,287.3067321777344,285.76129150390625,293.4957275390625,290.2406616210937,293.4942321777344,297.2712707519531,287.304931640625,1.0,0.5294556617736816,1.0,1.0,0.0,1.0,-2.863599300384521,2.863592624664306,6.599302651011385e-06,2.214628934860229,0.7790042757987976,0.7790042757987976,0.0,114.28125762939452,144.0,26379.759765625,-0.0,1899.679443359375,1.0,283.1499938964844,286.3427429199219,293.2911071777344,295.0429992675781,293.1499938964844,293.1499938964844,283.1499938964844,15831.0322265625,18000.0,313.1499938964844,0.0,18000.0,1.0,0.0,0.0,0.0,1.0,0.6954944729804993,1.0,0.0,0.0,1.979276418685913,1.979284405708313,2.614004017686966e-07,4.265924453735352,4.265914440155029,9.78592834144365e-06,0.0,0.0,-0.0,5203.30322265625,0.0,265.7525329589844,1895.4371337890625,0.0,1575.3790283203125,0.5042720437049866,1.0,0.0,3.0,1.0,0.0
12392760,297.28814697265625,297.1499938964844,293.1499938964844,0.0,-0.0,287.2857971191406,0.8417218327522278,0.3155971169471741,0.2853608429431915,297.3415832519531,297.1499938964844,293.1499938964844,0.0,-0.0,287.2856140136719,0.8993428945541382,0.3860154449939728,0.3665145635604858,297.21307373046875,297.1499938964844,293.1499938964844,0.0,-0.0,287.2857971191406,0.8447198271751404,0.3189263641834259,0.2244494259357452,297.2409362792969,297.1499938964844,293.1499938964844,0.0,-0.0,287.2857666015625,0.8529718518257141,0.3289318680763244,0.313223272562027,297.1635437011719,297.1499938964844,293.1499938964844,0.0,-0.0,287.2860107421875,0.796126127243042,0.2645379602909088,1.1991342306137085,287.2855224609375,285.713134765625,293.5345764160156,290.2592468261719,293.5330505371094,297.2685852050781,287.28375244140625,1.0,0.5349901914596558,1.0,1.0,0.0,1.0,-2.867954730987549,2.867948055267334,6.61935791868018e-06,2.217982053756714,0.7897613644599915,0.7897613644599915,0.0,122.00888061523438,147.0,26745.990234375,-0.0,1944.468994140625,1.0,283.1499938964844,286.3189392089844,293.3090209960937,295.0829772949219,293.1499938964844,293.1499938964844,283.1499938964844,15806.251953125,18000.0,313.1499938964844,0.0,18000.0,1.0,0.0,0.0,0.0,1.0,0.7004334926605225,1.0,0.0,0.0,2.021688222885132,2.0216965675354004,2.727230139498716e-07,4.265924453735352,4.265914440155029,9.78592834144365e-06,0.0,0.0,-0.0,5228.0263671875,0.0,280.2603759765625,1895.4371337890625,0.0,1614.17578125,0.5134342908859253,1.0,0.0,3.0,1.0,0.0
12392820,297.2821044921875,297.1499938964844,293.1499938964844,0.0,-0.0,287.2434387207031,0.8248947858810425,0.3167333304882049,0.2867759466171264,297.3388061523437,297.1499938964844,293.1499938964844,0.0,-0.0,287.2432556152344,0.880122721195221,0.3881584703922272,0.3689271211624145,297.206298828125,297.1499938964844,293.1499938964844,0.0,-0.0,287.2434387207031,0.8269378542900085,0.3190364241600036,0.2248307019472122,297.2338562011719,297.1499938964844,293.1499938964844,0.0,-0.0,287.243408203125,0.835002601146698,0.3293682038784027,0.3140487372875213,297.1576538085937,297.1499938964844,293.1499938964844,0.0,-0.0,287.24365234375,0.7773921489715576,0.2641116976737976,1.199187994003296,287.2431640625,285.6166687011719,293.61236572265625,290.2964172363281,293.6108703613281,297.2633056640625,287.2413635253906,1.0,0.5419715046882629,1.0,1.0,0.0,1.0,-2.8740737438201904,2.874067068099976,6.647651844104985e-06,2.222722291946411,0.8118090033531189,0.8118090033531189,0.0,132.31475830078125,135.0,27458.029296875,-0.0,2004.919677734375,1.0,283.1499938964844,286.27154541015625,293.3441772460937,295.1613464355469,293.1499938964844,293.1499938964844,283.1499938964844,15772.615234375,18000.0,313.1499938964844,0.0,18000.0,1.0,0.0,0.0,0.0,1.0,0.70999675989151,1.0,0.0,0.0,2.106855154037476,2.1068637371063232,2.9618476560244744e-07,4.265924453735352,4.265914440155029,9.78592834144365e-06,0.0,0.0,-0.0,5276.67236328125,0.0,311.1748046875,1895.4371337890625,0.0,1690.521240234375,0.5319638252258301,1.0,0.0,3.0,1.0,0.0
12392880,297.2821044921875,297.1499938964844,293.1499938964844,0.0,-0.0,287.2434387207031,0.8248947858810425,0.3167333304882049,0.2867759466171264,297.3388061523437,297.1499938964844,293.1499938964844,0.0,-0.0,287.2432556152344,0.880122721195221,0.3881584703922272,0.3689271211624145,297.206298828125,297.1499938964844,293.1499938964844,0.0,-0.0,287.2434387207031,0.8269378542900085,0.3190364241600036,0.2248307019472122,297.2338562011719,297.1499938964844,293.1499938964844,0.0,-0.0,287.243408203125,0.835002601146698,0.3293682038784027,0.3140487372875213,297.1576538085937,297.1499938964844,293.1499938964844,0.0,-0.0,287.24365234375,0.7773921489715576,0.2641116976737976,1.199187994003296,287.2431640625,285.6166687011719,293.61236572265625,290.2964172363281,293.6108703613281,297.2633056640625,287.2413635253906,1.0,0.5419715046882629,1.0,1.0,0.0,1.0,-2.8740737438201904,2.874067068099976,6.647651844104985e-06,2.222722291946411,0.8118090033531189,0.8118090033531189,0.0,132.31475830078125,135.0,27458.029296875,-0.0,2004.919677734375,1.0,283.1499938964844,286.27154541015625,293.3441772460937,295.1613464355469,293.1499938964844,293.1499938964844,283.1499938964844,15772.615234375,18000.0,313.1499938964844,0.0,18000.0,1.0,0.0,0.0,0.0,1.0,0.70999675989151,1.0,0.0,0.0,2.106855154037476,2.1068637371063232,2.9618476560244744e-07,4.265924453735352,4.265914440155029,9.78592834144365e-06,0.0,0.0,-0.0,5276.67236328125,0.0,311.1748046875,1895.4371337890625,0.0,1690.521240234375,0.5319638252258301,1.0,0.0,3.0,1.0,0.0
12392940,297.2762451171875,297.1499938964844,293.1499938964844,0.0,-0.0,287.2007141113281,0.824169397354126,0.3178140521049499,0.2877874374389648,297.3364562988281,297.1499938964844,293.1499938964844,0.0,-0.0,287.2005310058594,0.8798880577087402,0.3903132081031799,0.370986133813858,297.2001037597656,297.1499938964844,293.1499938964844,0.0,-0.0,287.2007141113281,0.8254106640815735,0.3191230893135071,0.2249205410480499,297.22735595703125,297.1499938964844,293.1499938964844,0.0,-0.0,287.20068359375,0.8336975574493408,0.3297681808471679,0.3144686818122864,297.1522521972656,297.1499938964844,293.1499938964844,0.0,-0.0,287.2009582519531,0.7753176093101501,0.2636599838733673,1.1973611116409302,287.200439453125,285.5200500488281,293.6902770996094,290.3335266113281,293.68878173828125,297.258544921875,287.1986389160156,1.0,0.5424491763114929,1.0,1.0,0.0,1.0,-2.876185655593872,2.8761792182922363,6.657454378000693e-06,2.2243685722351074,0.8345741033554077,0.8345741033554077,0.0,133.38636779785156,123.0,28134.705078125,-0.0,2013.64990234375,1.0,283.1499938964844,286.2242736816406,293.3785400390625,295.23699951171875,293.1499938964844,293.1499938964844,283.1499938964844,15762.3857421875,18000.0,313.1499938964844,0.0,18000.0,1.0,0.0,0.0,0.0,1.0,0.719010591506958,1.0,0.0,0.0,2.191819429397583,2.191828489303589,3.205552729923511e-07,4.265924453735352,4.265914440155029,9.78592834144365e-06,0.0,0.0,-0.0,5323.6298828125,0.0,344.4833374023437,1895.4371337890625,0.0,1763.8885498046875,0.5506122708320618,1.0,0.0,3.0,1.0,0.0
12393000,297.2762451171875,297.1499938964844,293.1499938964844,0.0,-0.0,287.2007141113281,0.824169397354126,0.3178140521049499,0.2877874374389648,297.3364562988281,297.1499938964844,293.1499938964844,0.0,-0.0,287.2005310058594,0.8798880577087402,0.3903132081031799,0.370986133813858,297.2001037597656,297.1499938964844,293.1499938964844,0.0,-0.0,287.2007141113281,0.8254106640815735,0.3191230893135071,0.2249205410480499,297.22735595703125,297.1499938964844,293.1499938964844,0.0,-0.0,287.20068359375,0.8336975574493408,0.3297681808471679,0.3144686818122864,297.1522521972656,297.1499938964844,293.1499938964844,0.0,-0.0,287.2009582519531,0.7753176093101501,0.2636599838733673,1.1973611116409302,287.200439453125,285.5200500488281,293.6902770996094,290.3335266113281,293.68878173828125,297.258544921875,287.1986389160156,1.0,0.5424491763114929,1.0,1.0,0.0,1.0,-2.876185655593872,2.8761792182922363,6.657454378000693e-06,2.2243685722351074,0.8345741033554077,0.8345741033554077,0.0,133.38636779785156,123.0,28134.705078125,-0.0,2013.64990234375,1.0,283.1499938964844,286.2242736816406,293.3785400390625,295.23699951171875,293.1499938964844,293.1499938964844,283.1499938964844,15762.3857421875,18000.0,313.1499938964844,0.0,18000.0,1.0,0.0,0.0,0.0,1.0,0.719010591506958,1.0,0.0,0.0,2.191819429397583,2.191828489303589,3.205552729923511e-07,4.265924453735352,4.265914440155029,9.78592834144365e-06,0.0,0.0,-0.0,5323.6298828125,0.0,344.4833374023437,1895.4371337890625,0.0,1763.8885498046875,0.5506122708320618,1.0,0.0,3.0,1.0,0.0
12393060,297.27099609375,297.1499938964844,293.1499938964844,0.0,-0.0,287.1590576171875,0.832497239112854,0.3188795149326324,0.2885735929012298,297.3348083496094,297.1499938964844,293.1499938964844,0.0,-0.0,287.15887451171875,0.8903723955154419,0.3925060927867889,0.3728592991828918,297.1949462890625,297.1499938964844,293.1499938964844,0.0,-0.0,287.1590576171875,0.8329747319221497,0.3192321062088012,0.2248597741127014,297.2217102050781,297.1499938964844,293.1499938964844,0.0,-0.0,287.1590270996094,0.8416510820388794,0.3301761746406555,0.3146710395812988,297.1477355957031,297.1499938964844,293.1499938964844,0.0,-0.0,287.1592712402344,0.7825515270233154,0.2632317245006561,1.1945664882659912,287.1587829589844,285.42333984375,293.7682800292969,290.3705139160156,293.7667541503906,297.2544860839844,287.15704345703125,1.0,0.5394330024719238,1.0,1.0,0.0,1.0,-2.876194715499878,2.876188039779663,6.657436642854009e-06,2.224349021911621,0.8580800890922546,0.8580800890922546,0.0,128.87135314941406,111.0,28778.046875,-0.0,1991.5179443359373,1.0,283.1499938964844,286.1782531738281,293.4122619628906,295.309814453125,293.1499938964844,293.1499938964844,283.1499938964844,15776.064453125,18000.0,313.1499938964844,0.0,18000.0,1.0,0.0,0.0,0.0,1.0,0.7273630499839783,1.0,0.0,0.0,2.2756922245025635,2.275701999664306,3.4555762340460205e-07,4.265924453735352,4.265914440155029,9.78592834144365e-06,0.0,0.0,-0.0,5368.86279296875,0.0,379.89105224609375,1895.4371337890625,0.0,1833.0224609375,0.5691788196563721,1.0,0.0,3.0,1.0,0.0
12393120,297.27099609375,297.1499938964844,293.1499938964844,0.0,-0.0,287.1590576171875,0.832497239112854,0.3188795149326324,0.2885735929012298,297.3348083496094,297.1499938964844,293.1499938964844,0.0,-0.0,287.15887451171875,0.8903723955154419,0.3925060927867889,0.3728592991828918,297.1949462890625,297.1499938964844,293.1499938964844,0.0,-0.0,287.1590576171875,0.8329747319221497,0.3192321062088012,0.2248597741127014,297.2217102050781,297.1499938964844,293.1499938964844,0.0,-0.0,287.1590270996094,0.8416510820388794,0.3301761746406555,0.3146710395812988,297.1477355957031,297.1499938964844,293.1499938964844,0.0,-0.0,287.1592712402344,0.7825515270233154,0.2632317245006561,1.1945664882659912,287.1587829589844,285.42333984375,293.7682800292969,290.3705139160156,293.7667541503906,297.2544860839844,287.15704345703125,1.0,0.5394330024719238,1.0,1.0,0.0,1.0,-2.876194715499878,2.876188039779663,6.657436642854009e-06,2.224349021911621,0.8580800890922546,0.8580800890922546,0.0,128.87135314941406,111.0,28778.046875,-0.0,1991.5179443359373,1.0,283.1499938964844,286.1782531738281,293.4122619628906,295.309814453125,293.1499938964844,293.1499938964844,283.1499938964844,15776.064453125,18000.0,313.1499938964844,0.0,18000.0,1.0,0.0,0.0,0.0,1.0,0.7273630499839783,1.0,0.0,0.0,2.2756922245025635,2.275701999664306,3.4555762340460205e-07,4.265924453735352,4.265914440155029,9.78592834144365e-06,0.0,0.0,-0.0,5368.86279296875,0.0,379.89105224609375,1895.4371337890625,0.0,1833.0224609375,0.5691788196563721,1.0,0.0,3.0,1.0,0.0
12393180,297.2671813964844,297.1499938964844,293.1499938964844,0.0,-0.0,287.12750244140625,0.8439858555793762,0.3197220265865326,0.289107084274292,297.3339233398437,297.1499938964844,293.1499938964844,0.0,-0.0,287.1273193359375,0.9044552445411682,0.3942908048629761,0.3742946088314056,297.1914978027344,297.1499938964844,293.1499938964844,0.0,-0.0,287.12750244140625,0.8438640832901001,0.3193424642086029,0.2247589528560638,297.2178649902344,297.1499938964844,293.1499938964844,0.0,-0.0,287.1274719238281,0.8530568480491638,0.3305169343948364,0.3147535920143127,297.14483642578125,297.1499938964844,293.1499938964844,0.0,-0.0,287.1277160644531,0.7932546734809875,0.2629159688949585,1.192009210586548,287.12725830078125,285.3459167480469,293.8307189941406,290.3999938964844,293.8291931152344,297.2517395019531,287.1256103515625,1.0,0.5354849100112915,1.0,1.0,0.0,1.0,-2.8754658699035645,2.8754591941833496,6.653998752881307e-06,2.2237565517425537,0.8774517774581909,0.8774517774581909,0.0,122.91242980957033,111.0,29270.029296875,-0.0,1961.1009521484373,1.0,283.1499938964844,286.1430969238281,293.4391174316406,295.3664245605469,293.1499938964844,293.1499938964844,283.1499938964844,15804.3203125,18000.0,313.1499938964844,0.0,18000.0,1.0,0.0,0.0,0.0,1.0,0.733565628528595,1.0,0.0,0.0,2.341477155685425,2.341487169265747,3.658248317606194e-07,4.265924453735352,4.265914440155029,9.78592834144365e-06,0.0,0.0,-0.0,5403.974609375,0.0,409.4923400878906,1895.4371337890625,0.0,1885.0394287109373,0.5838385820388794,1.0,0.0,3.0,1.0,0.0
12393240,297.2662658691406,297.1499938964844,293.1499938964844,0.0,-0.0,287.11993408203125,0.8475062847137451,0.3199310898780823,0.2892311811447143,297.3337707519531,297.1499938964844,293.1499938964844,0.0,-0.0,287.1197509765625,0.9088732004165648,0.3947410881519317,0.3746488988399505,297.19073486328125,297.1499938964844,293.1499938964844,0.0,-0.0,287.11993408203125,0.8472314476966858,0.3193733394145965,0.2247297912836074,297.21697998046875,297.1499938964844,293.1499938964844,0.0,-0.0,287.1199035644531,0.8565836548805237,0.3306043744087219,0.314767837524414,297.1441650390625,297.1499938964844,293.1499938964844,0.0,-0.0,287.1201171875,0.796546995639801,0.2628409564495086,1.1913472414016724,287.11968994140625,285.3265380859375,293.8463439941406,290.4073181152344,293.8448181152344,297.2510986328125,287.1180725097656,1.0,0.5343557000160217,1.0,1.0,0.0,1.0,-2.875227212905884,2.875220775604248,6.652877345914021e-06,2.2235641479492188,0.8823750019073486,0.8823750019073486,0.0,121.20706176757812,99.0,29389.90234375,-0.0,1952.3502197265625,1.0,283.1499938964844,286.13458251953125,293.4458312988281,295.3804016113281,293.1499938964844,293.1499938964844,283.1499938964844,15813.84375,18000.0,313.1499938964844,0.0,18000.0,1.0,0.0,0.0,0.0,1.0,0.7350543737411499,1.0,0.0,0.0,2.3576877117156982,2.3576979637146,3.709077702751529e-07,4.265924453735352,4.265914440155029,9.78592834144365e-06,0.0,0.0,-0.0,5412.6064453125,0.0,417.0411987304688,1895.4371337890625,0.0,1897.607421875,0.5874632000923157,1.0,0.0,3.0,1.0,0.0
12393300,297.2640380859375,297.1499938964844,293.1499938964844,0.0,-0.0,287.1015625,0.8575876355171204,0.3204506933689117,0.2895273268222809,297.3334655761719,297.1499938964844,293.1499938964844,0.0,-0.0,287.10137939453125,0.92201966047287,0.3958742320537567,0.3755296468734741,297.1889343261719,297.1499938964844,293.1499938964844,0.0,-0.0,287.1015625,0.85691899061203,0.319456547498703,0.2246522307395935,297.2149353027344,297.1499938964844,293.1499938964844,0.0,-0.0,287.1015319824219,0.8667107820510864,0.3308271765708923,0.3147953748703003,297.1427307128906,297.1499938964844,293.1499938964844,0.0,-0.0,287.10174560546875,0.8058968782424927,0.2626607716083526,1.1896679401397705,287.101318359375,285.27813720703125,293.8853759765625,290.4256896972656,293.88385009765625,297.2496337890625,287.09979248046875,1.0,0.5313289165496826,1.0,1.0,0.0,1.0,-2.874563455581665,2.87455677986145,6.649760052823694e-06,2.2230303287506104,0.8948342204093933,0.8948342204093933,0.0,116.63721466064452,99.0,29684.07421875,-0.0,1928.8681640625,1.0,283.1499938964844,286.1138610839844,293.462646484375,295.4150085449219,293.1499938964844,293.1499938964844,283.1499938964844,15841.630859375,18000.0,313.1499938964844,0.0,18000.0,1.0,0.0,0.0,0.0,1.0,0.7386677265167236,1.0,0.0,0.0,2.397734880447388,2.397745370864868,3.8361508813977707e-07,4.265924453735352,4.265914440155029,9.78592834144365e-06,0.0,0.0,-0.0,5433.92919921875,0.0,436.1292114257813,1895.4371337890625,0.0,1928.2406005859373,0.5964364409446716,1.0,0.0,3.0,1.0,0.0
12393360,297.2619323730469,297.1499938964844,293.1499938964844,0.0,-0.0,287.0841064453125,0.8696392178535461,0.3209656774997711,0.2898070812225342,297.3332824707031,297.1499938964844,293.1499938964844,0.0,-0.0,287.0839233398437,0.9377076029777528,0.397017627954483,0.3764069974422455,297.1873779296875,297.1499938964844,293.1499938964844,0.0,-0.0,287.0841064453125,0.8685584664344788,0.319548100233078,0.2245708256959915,297.21307373046875,297.1499938964844,293.1499938964844,0.0,-0.0,287.0840759277344,0.8788176774978638,0.3310559391975403,0.3148154020309448,297.1414489746094,297.1499938964844,293.1499938964844,0.0,-0.0,287.08428955078125,0.8164263963699341,0.2624907493591308,1.1879719495773315,287.0838623046875,285.229736328125,293.9244079589844,290.4440002441406,293.9228820800781,297.2482604980469,287.0824279785156,1.0,0.528077244758606,1.0,1.0,0.0,1.0,-2.873842000961304,2.873835325241089,6.646374913543696e-06,2.2224512100219727,0.9075104594230652,0.9075104594230652,0.0,111.73265838623048,87.0,29970.3671875,-0.0,1903.663818359375,1.0,283.1499938964844,286.0939636230469,293.4794616699219,295.4491577148437,293.1499938964844,293.1499938964844,283.1499938964844,15875.169921875,19080.0,313.1499938964844,0.0,18000.0,1.0,0.0,0.0,0.0,1.0,0.7421358227729797,1.0,0.0,0.0,2.437019824981689,2.437030553817749,3.962884989050508e-07,4.265924453735352,4.265914440155029,9.78592834144365e-06,0.0,0.0,-0.0,5454.87548828125,0.0,455.4723205566406,1895.4371337890625,0.0,1957.810302734375,0.6082643270492554,1.0,0.0,3.0,1.0,0.0
12393420,297.2571105957031,297.1499938964844,293.1499938964844,0.0,-0.0,287.0313415527344,0.9005075693130493,0.3218954801559448,0.2902814149856567,297.3324890136719,297.1499938964844,293.1499938964844,0.0,-0.0,287.0311279296875,0.9733687043190002,0.3992600739002228,0.3781208097934723,297.1840515136719,297.1499938964844,293.1499938964844,0.0,-0.0,287.0313415527344,0.8985863924026489,0.3196850419044494,0.224375694990158,297.2092590332031,297.1499938964844,293.1499938964844,0.0,-0.0,287.03131103515625,0.9099401235580444,0.3314674496650696,0.3148095607757568,297.1389465332031,297.1499938964844,293.1499938964844,0.0,-0.0,287.0315856933594,0.8417382836341858,0.2621268630027771,1.1844463348388672,287.03106689453125,285.1329650878906,294.00244140625,290.4804382324219,294.0009460449219,297.2450866699219,287.0291748046875,1.0,0.5210827589035034,1.0,1.0,0.0,1.0,-2.8719935417175293,2.8719871044158936,6.637749720539432e-06,2.220986843109131,0.9330931305885316,0.9330931305885316,0.0,101.2836685180664,75.0,30686.4765625,-0.0,1849.5135498046875,1.0,283.1499938964844,286.0362854003906,293.5172424316406,295.5286865234375,293.1499938964844,293.1499938964844,283.1499938964844,16392.84765625,20160.0,313.1499938964844,0.0,18000.0,1.0,0.0,0.0,0.0,1.0,0.7494816184043884,1.0,0.0,0.0,2.545891523361206,2.545903205871582,4.324871270000586e-07,4.265924453735352,4.265914440155029,9.78592834144365e-06,0.0,0.0,-0.0,5507.572265625,0.0,514.4175415039062,1895.4371337890625,0.0,2020.9681396484373,0.633866548538208,1.0,0.0,3.0,1.0,0.0
12393480,297.2571105957031,297.1499938964844,293.1499938964844,0.0,-0.0,287.0313415527344,0.9005075693130493,0.3218954801559448,0.2902814149856567,297.3324890136719,297.1499938964844,293.1499938964844,0.0,-0.0,287.0311279296875,0.9733687043190002,0.3992600739002228,0.3781208097934723,297.1840515136719,297.1499938964844,293.1499938964844,0.0,-0.0,287.0313415527344,0.8985863924026489,0.3196850419044494,0.224375694990158,297.2092590332031,297.1499938964844,293.1499938964844,0.0,-0.0,287.03131103515625,0.9099401235580444,0.3314674496650696,0.3148095607757568,297.1389465332031,297.1499938964844,293.1499938964844,0.0,-0.0,287.0315856933594,0.8417382836341858,0.2621268630027771,1.1844463348388672,287.03106689453125,285.1329650878906,294.00244140625,290.4804382324219,294.0009460449219,297.2450866699219,287.0291748046875,1.0,0.5210827589035034,1.0,1.0,0.0,1.0,-2.8719935417175293,2.8719871044158936,6.637749720539432e-06,2.220986843109131,0.9330931305885316,0.9330931305885316,0.0,101.2836685180664,75.0,30686.4765625,-0.0,1849.5135498046875,1.0,283.1499938964844,286.0362854003906,293.5172424316406,295.5286865234375,293.1499938964844,293.1499938964844,283.1499938964844,16392.84765625,20160.0,313.1499938964844,0.0,18000.0,1.0,0.0,0.0,0.0,1.0,0.7494816184043884,1.0,0.0,0.0,2.545891523361206,2.545903205871582,4.324871270000586e-07,4.265924453735352,4.265914440155029,9.78592834144365e-06,0.0,0.0,-0.0,5507.572265625,0.0,514.4175415039062,1895.4371337890625,0.0,2020.9681396484373,0.633866548538208,1.0,0.0,3.0,1.0,0.0
12393540,297.2511291503906,297.1499938964844,293.1499938964844,0.0,-0.0,286.9699401855469,0.9393740296363832,0.3226490020751953,0.2906612157821655,297.33258056640625,297.1499938964844,293.1499938964844,0.0,-0.0,286.9696350097656,0.9990000128746032,0.4015749096870422,0.3734536468982696,297.1800537109375,297.1499938964844,293.1499938964844,0.0,-0.0,286.969970703125,0.9363059997558594,0.3197142481803894,0.2241554409265518,297.204833984375,297.1499938964844,293.1499938964844,0.0,-0.0,286.96990966796875,0.9493385553359984,0.3317707180976867,0.3147694766521454,297.13592529296875,297.1499938964844,293.1499938964844,0.0,-0.0,286.9703369140625,0.8719137907028198,0.2616825401782989,1.1808840036392212,286.9695129394531,285.0362243652344,294.0804443359375,290.5166320800781,294.0789489746094,297.2413024902344,286.96636962890625,1.0,0.5131908655166626,1.0,1.0,0.0,1.0,-2.860886335372925,2.86087965965271,6.587522420886671e-06,2.212853193283081,0.9590929746627808,0.9590929746627808,0.0,91.6318588256836,63.0,31387.728515625,-0.0,1785.6741943359375,1.0,283.1499938964844,285.9701538085937,293.5559997558594,295.6117553710937,293.1499938964844,293.1499938964844,283.1499938964844,17137.931640625,21240.0,313.1499938964844,0.0,18000.0,1.0,0.0,0.0,0.0,1.0,0.7574007511138916,1.0,0.0,0.0,2.666956663131714,2.666969060897827,4.745973001263337e-07,4.265924453735352,4.265914440155029,9.78592834144365e-06,0.0,0.0,-0.0,5560.91845703125,0.0,586.6965942382812,1895.4371337890625,0.0,2089.813232421875,0.6625217795372009,1.0,0.0,3.0,1.0,0.0
12393600,297.2511291503906,297.1499938964844,293.1499938964844,0.0,-0.0,286.9699401855469,0.9393740296363832,0.3226490020751953,0.2906612157821655,297.33258056640625,297.1499938964844,293.1499938964844,0.0,-0.0,286.9696350097656,0.9990000128746032,0.4015749096870422,0.3734536468982696,297.1800537109375,297.1499938964844,293.1499938964844,0.0,-0.0,286.969970703125,0.9363059997558594,0.3197142481803894,0.2241554409265518,297.204833984375,297.1499938964844,293.1499938964844,0.0,-0.0,286.96990966796875,0.9493385553359984,0.3317707180976867,0.3147694766521454,297.13592529296875,297.1499938964844,293.1499938964844,0.0,-0.0,286.9703369140625,0.8719137907028198,0.2616825401782989,1.1808840036392212,286.9695129394531,285.0362243652344,294.0804443359375,290.5166320800781,294.0789489746094,297.2413024902344,286.96636962890625,1.0,0.5131908655166626,1.0,1.0,0.0,1.0,-2.860886335372925,2.86087965965271,6.587522420886671e-06,2.212853193283081,0.9590929746627808,0.9590929746627808,0.0,91.6318588256836,63.0,31387.728515625,-0.0,1785.6741943359375,1.0,283.1499938964844,285.9701538085937,293.5559997558594,295.6117553710937,293.1499938964844,293.1499938964844,283.1499938964844,17137.931640625,21240.0,313.1499938964844,0.0,18000.0,1.0,0.0,0.0,0.0,1.0,0.7574007511138916,1.0,0.0,0.0,2.666956663131714,2.666969060897827,4.745973001263337e-07,4.265924453735352,4.265914440155029,9.78592834144365e-06,0.0,0.0,-0.0,5560.91845703125,0.0,586.6965942382812,1895.4371337890625,0.0,2089.813232421875,0.6625217795372009,1.0,0.0,3.0,1.0,0.0
12393660,297.2427673339844,297.1499938964844,293.1499938964844,0.0,-0.0,286.8827514648437,0.9686442017555236,0.3230822682380676,0.2909065783023834,297.3638916015625,297.1499938964844,293.1499938964844,0.0,-0.0,286.8825378417969,0.9990000128746032,0.4070198833942413,0.3431499600410461,297.1742248535156,297.1499938964844,293.1499938964844,0.0,-0.0,286.8827819824219,0.965245246887207,0.3195043206214905,0.2238841205835342,297.1986389160156,297.1499938964844,293.1499938964844,0.0,-0.0,286.8827209472656,0.9769288301467896,0.3318398296833038,0.3146633207798004,297.13153076171875,297.1499938964844,293.1499938964844,0.0,-0.0,286.8832397460937,0.8964929580688477,0.2610598504543304,1.1771973371505735,286.8822937011719,284.95001220703125,294.1583557128906,290.5525817871094,294.1568298339844,297.2500305175781,286.8786926269531,1.0,0.5027684569358826,1.0,1.0,0.0,1.0,-2.821276426315308,2.821269989013672,6.406176453310764e-06,2.182126045227051,0.9848926067352296,0.9848926067352296,0.0,84.326171875,83.0,31898.900390625,-0.0,1688.5372314453125,1.0,283.1499938964844,285.88592529296875,293.58917236328125,295.6809387207031,293.1499938964844,293.1499938964844,283.1499938964844,18051.0546875,22320.0,313.1499938964844,0.0,18000.0,1.0,0.0,0.0,0.0,1.0,0.7648928761482239,1.0,0.0,0.0,2.7942049503326416,2.794218301773072,5.209665232541738e-07,4.265924453735352,4.265914440155029,9.78592834144365e-06,0.0,0.0,-0.0,5600.7138671875,0.0,670.3858642578125,1895.4371337890625,0.0,2155.623779296875,0.6927670240402222,1.0,0.0,3.0,1.0,0.0
12393720,297.2427673339844,297.1499938964844,293.1499938964844,0.0,-0.0,286.8827514648437,0.9686442017555236,0.3230822682380676,0.2909065783023834,297.3638916015625,297.1499938964844,293.1499938964844,0.0,-0.0,286.8825378417969,0.9990000128746032,0.4070198833942413,0.3431499600410461,297.1742248535156,297.1499938964844,293.1499938964844,0.0,-0.0,286.8827819824219,0.965245246887207,0.3195043206214905,0.2238841205835342,297.1986389160156,297.1499938964844,293.1499938964844,0.0,-0.0,286.8827209472656,0.9769288301467896,0.3318398296833038,0.3146633207798004,297.13153076171875,297.1499938964844,293.1499938964844,0.0,-0.0,286.8832397460937,0.8964929580688477,0.2610598504543304,1.1771973371505735,286.8822937011719,284.95001220703125,294.1583557128906,290.5525817871094,294.1568298339844,297.2500305175781,286.8786926269531,1.0,0.5027684569358826,1.0,1.0,0.0,1.0,-2.821276426315308,2.821269989013672,6.406176453310764e-06,2.182126045227051,0.9848926067352296,0.9848926067352296,0.0,84.326171875,83.0,31898.900390625,-0.0,1688.5372314453125,1.0,283.1499938964844,285.88592529296875,293.58917236328125,295.6809387207031,293.1499938964844,293.1499938964844,283.1499938964844,18051.0546875,22320.0,313.1499938964844,0.0,18000.0,1.0,0.0,0.0,0.0,1.0,0.7648928761482239,1.0,0.0,0.0,2.7942049503326416,2.794218301773072,5.209665232541738e-07,4.265924453735352,4.265914440155029,9.78592834144365e-06,0.0,0.0,-0.0,5600.7138671875,0.0,670.3858642578125,1895.4371337890625,0.0,2155.623779296875,0.6927670240402222,1.0,0.0,3.0,1.0,0.0
12393780,297.2344970703125,297.1499938964844,293.1499938964844,0.0,-0.0,286.8163757324219,0.97041255235672,0.3234196603298187,0.2911979854106903,297.4033508300781,297.1499938964844,293.1499938964844,0.0,-0.0,286.8162841796875,0.9990000128746032,0.4137586951255798,0.3415797054767608,297.16876220703125,297.1499938964844,293.1499938964844,0.0,-0.0,286.81640625,0.9664605855941772,0.3192580044269562,0.223696768283844,297.1929016113281,297.1499938964844,293.1499938964844,0.0,-0.0,286.8163757324219,0.9783031940460204,0.3318721652030945,0.3146731555461883,297.128173828125,297.1499938964844,293.1499938964844,0.0,-0.0,286.81658935546875,0.8971844911575317,0.2604832649230957,1.1744431257247925,286.8161926269531,284.95001220703125,294.23614501953125,290.58819580078125,294.234619140625,297.26593017578125,286.8147888183594,1.0,0.5026713013648987,1.0,1.0,0.0,1.0,-2.816158533096313,2.816152334213257,6.381329512805678e-06,2.177426338195801,1.0,1.0,0.0,83.8111572265625,103.0,32555.76171875,-0.0,1678.3758544921875,1.0,283.1499938964844,285.8182067871094,293.6197204589844,295.7455444335937,293.1499938964844,293.1499938964844,283.1499938964844,19222.3828125,23400.0,313.1499938964844,0.0,18000.0,1.0,0.0,0.0,0.0,1.0,0.7711372971534729,1.0,0.0,0.0,2.920236825942993,2.920251607894897,5.690225748367084e-07,4.265924453735352,4.265914440155029,9.78592834144365e-06,0.0,0.0,-0.0,5646.15380859375,0.0,762.2962646484375,1895.4371337890625,0.0,2210.944091796875,0.7229213118553162,1.0,0.0,3.0,1.0,0.0
12393840,297.2344970703125,297.1499938964844,293.1499938964844,0.0,-0.0,286.8163757324219,0.97041255235672,0.3234196603298187,0.2911979854106903,297.4033508300781,297.1499938964844,293.1499938964844,0.0,-0.0,286.8162841796875,0.9990000128746032,0.4137586951255798,0.3415797054767608,297.16876220703125,297.1499938964844,293.1499938964844,0.0,-0.0,286.81640625,0.9664605855941772,0.3192580044269562,0.223696768283844,297.1929016113281,297.1499938964844,293.1499938964844,0.0,-0.0,286.8163757324219,0.9783031940460204,0.3318721652030945,0.3146731555461883,297.128173828125,297.1499938964844,293.1499938964844,0.0,-0.0,286.81658935546875,0.8971844911575317,0.2604832649230957,1.1744431257247925,286.8161926269531,284.95001220703125,294.23614501953125,290.58819580078125,294.234619140625,297.26593017578125,286.8147888183594,1.0,0.5026713013648987,1.0,1.0,0.0,1.0,-2.816158533096313,2.816152334213257,6.381329512805678e-06,2.177426338195801,1.0,1.0,0.0,83.8111572265625,103.0,32555.76171875,-0.0,1678.3758544921875,1.0,283.1499938964844,285.8182067871094,293.6197204589844,295.7455444335937,293.1499938964844,293.1499938964844,283.1499938964844,19222.3828125,23400.0,313.1499938964844,0.0,18000.0,1.0,0.0,0.0,0.0,1.0,0.7711372971534729,1.0,0.0,0.0,2.920236825942993,2.920251607894897,5.690225748367084e-07,4.265924453735352,4.265914440155029,9.78592834144365e-06,0.0,0.0,-0.0,5646.15380859375,0.0,762.2962646484375,1895.4371337890625,0.0,2210.944091796875,0.7229213118553162,1.0,0.0,3.0,1.0,0.0
12393900,297.23101806640625,297.1499938964844,293.1499938964844,0.0,-0.0,286.7956237792969,0.9627795815467834,0.3236116766929626,0.2914199531078338,297.4091796875,297.1499938964844,293.1499938964844,0.0,-0.0,286.7955322265625,0.9990000128746032,0.4159409999847412,0.3500277996063232,297.1666564941406,297.1499938964844,293.1499938964844,0.0,-0.0,286.7956237792969,0.9583446383476256,0.3191689252853393,0.2236711978912353,297.1905822753906,297.1499938964844,293.1499938964844,0.0,-0.0,286.79559326171875,0.9709485173225404,0.331917405128479,0.3147665560245514,297.1269836425781,297.1499938964844,293.1499938964844,0.0,-0.0,286.7957763671875,0.8894580602645874,0.2602278888225555,1.1735504865646362,286.7954406738281,284.95001220703125,294.2749938964844,290.6058959960937,294.2734680175781,297.2680358886719,286.7944641113281,1.0,0.5054592490196228,1.0,1.0,0.0,1.0,-2.8255743980407715,2.825567960739136,6.423706054192735e-06,2.184540033340454,1.0,1.0,0.0,85.71784210205078,103.0,32963.65625,-0.0,1701.7862548828125,1.0,283.1499938964844,285.79266357421875,293.6376342773437,295.7846069335937,293.1499938964844,293.1499938964844,283.1499938964844,20081.595703125,23400.0,313.1499938964844,0.0,18000.0,1.0,0.0,0.0,0.0,1.0,0.7743012309074402,1.0,0.0,0.0,2.984853982925415,2.984869241714477,5.944830832049774e-07,4.265924453735352,4.265914440155029,9.78592834144365e-06,0.0,0.0,-0.0,5675.59619140625,0.0,814.021728515625,1895.4371337890625,0.0,2239.12841796875,0.7359122037887573,1.0,0.0,3.0,1.0,0.0
12393960,297.22802734375,297.1499938964844,293.1499938964844,0.0,-0.0,286.78875732421875,0.9506430625915528,0.323832631111145,0.2916934490203857,297.4040222167969,297.1499938964844,293.1499938964844,0.0,-0.0,286.78875732421875,0.9990000128746032,0.4170815944671631,0.3630789220333099,297.1650085449219,297.1499938964844,293.1499938964844,0.0,-0.0,286.78875732421875,0.9456669092178344,0.3191133141517639,0.2236905246973037,297.1887512207031,297.1499938964844,293.1499938964844,0.0,-0.0,286.78875732421875,0.9591960310935974,0.331993967294693,0.3149181008338928,297.12603759765625,297.1499938964844,293.1499938964844,0.0,-0.0,286.7887878417969,0.878244161605835,0.2599892020225525,1.1728994846343994,286.78875732421875,284.95001220703125,294.3138122558594,290.6234741210937,294.3122863769531,297.2649230957031,286.78875732421875,1.0,0.5097972750663757,1.0,1.0,0.0,1.0,-2.841000556945801,2.840994119644165,6.493751698144479e-06,2.1963369846343994,1.0,1.0,0.0,88.7800521850586,123.0,33326.0546875,-0.0,1740.15673828125,1.0,283.1499938964844,285.7802429199219,293.6561584472656,295.8233642578125,293.1499938964844,293.1499938964844,283.1499938964844,20693.400390625,24480.0,313.1499938964844,0.0,18000.0,1.0,0.0,0.0,0.0,1.0,0.7776152491569519,1.0,0.0,0.0,3.029981136322021,3.029996871948242,6.12594590165827e-07,4.265924453735352,4.265914440155029,9.78592834144365e-06,0.0,0.0,-0.0,5701.56201171875,0.0,851.5037231445312,1895.4371337890625,0.0,2268.755615234375,0.7497233748435974,1.0,0.0,3.0,1.0,0.0
12394020,297.2232666015625,297.1499938964844,293.1499938964844,0.0,-0.0,286.7854309082031,0.913391888141632,0.3243372738361358,0.2924419343471527,297.3630065917969,297.1499938964844,293.1499938964844,0.0,-0.0,286.7854919433594,0.9945169687271118,0.416180282831192,0.3949452638626098,297.16290283203125,297.1499938964844,293.1499938964844,0.0,-0.0,286.785400390625,0.9080641865730286,0.319089263677597,0.2238984555006027,297.1862487792969,297.1499938964844,293.1499938964844,0.0,-0.0,286.7854309082031,0.9218523502349854,0.332230657339096,0.3154464662075043,297.1244201660156,297.1499938964844,293.1499938964844,0.0,-0.0,286.78533935546875,0.8476285338401794,0.2595240473747253,1.172390341758728,286.7854919433594,284.95001220703125,294.3912353515625,290.65838623046875,294.3897399902344,297.24334716796875,286.785888671875,1.0,0.5219596028327942,1.0,1.0,0.0,1.0,-2.881291151046753,2.881284475326538,6.680270871584071e-06,2.227942705154419,1.0,1.0,0.0,98.72936248779295,143.0,34163.31640625,-0.0,1851.2891845703125,1.0,283.1499938964844,285.7606811523437,293.6957702636719,295.9115295410156,293.1499938964844,293.1499938964844,283.1499938964844,22067.7265625,25560.0,313.1499938964844,0.0,18000.0,1.0,0.0,0.0,0.0,1.0,0.7850918173789978,1.0,0.0,0.0,3.1289799213409424,3.1289968490600586,6.532792440339108e-07,4.265924453735352,4.265914440155029,9.78592834144365e-06,0.0,0.0,-0.0,5764.06494140625,0.0,937.7245483398438,1895.4371337890625,0.0,2335.974853515625,0.7739338278770447,1.0,0.0,3.0,1.0,0.0
12394080,297.2232666015625,297.1499938964844,293.1499938964844,0.0,-0.0,286.7854309082031,0.913391888141632,0.3243372738361358,0.2924419343471527,297.3630065917969,297.1499938964844,293.1499938964844,0.0,-0.0,286.7854919433594,0.9945169687271118,0.416180282831192,0.3949452638626098,297.16290283203125,297.1499938964844,293.1499938964844,0.0,-0.0,286.785400390625,0.9080641865730286,0.319089263677597,0.2238984555006027,297.1862487792969,297.1499938964844,293.1499938964844,0.0,-0.0,286.7854309082031,0.9218523502349854,0.332230657339096,0.3154464662075043,297.1244201660156,297.1499938964844,293.1499938964844,0.0,-0.0,286.78533935546875,0.8476285338401794,0.2595240473747253,1.172390341758728,286.7854919433594,284.95001220703125,294.3912353515625,290.65838623046875,294.3897399902344,297.24334716796875,286.785888671875,1.0,0.5219596028327942,1.0,1.0,0.0,1.0,-2.881291151046753,2.881284475326538,6.680270871584071e-06,2.227942705154419,1.0,1.0,0.0,98.72936248779295,143.0,34163.31640625,-0.0,1851.2891845703125,1.0,283.1499938964844,285.7606811523437,293.6957702636719,295.9115295410156,293.1499938964844,293.1499938964844,283.1499938964844,22067.7265625,25560.0,313.1499938964844,0.0,18000.0,1.0,0.0,0.0,0.0,1.0,0.7850918173789978,1.0,0.0,0.0,3.1289799213409424,3.1289968490600586,6.532792440339108e-07,4.265924453735352,4.265914440155029,9.78592834144365e-06,0.0,0.0,-0.0,5764.06494140625,0.0,937.7245483398438,1895.4371337890625,0.0,2335.974853515625,0.7739338278770447,1.0,0.0,3.0,1.0,0.0
12394140,297.2168884277344,297.1499938964844,293.1499938964844,0.0,-0.0,286.7620544433594,0.8600172400474548,0.3246211111545563,0.2934632003307342,297.32989501953125,297.1499938964844,293.1499938964844,0.0,-0.0,286.7619934082031,0.9380674958229064,0.4154911637306213,0.3945158123970032,297.1596984863281,297.1499938964844,293.1499938964844,0.0,-0.0,286.7620849609375,0.8551941514015198,0.3189289271831512,0.2243659049272537,297.1827087402344,297.1499938964844,293.1499938964844,0.0,-0.0,286.7620544433594,0.8666956424713135,0.3323300182819366,0.3163228929042816,297.1209716796875,297.1499938964844,293.1499938964844,0.0,-0.0,286.7621459960937,0.800706148147583,0.2588514685630798,1.1731419563293457,286.7619934082031,284.95001220703125,294.4684753417969,290.69293212890625,294.46697998046875,297.2225646972656,286.7614440917969,1.0,0.5343618988990784,1.0,1.0,0.0,1.0,-2.883737325668335,2.88373064994812,6.691490398225142e-06,2.229777574539185,1.0,1.0,0.0,117.5787353515625,163.0,34706.484375,-0.0,1948.3951416015625,1.0,283.1499938964844,285.7279968261719,293.7298583984375,295.9859313964844,293.1499938964844,293.1499938964844,283.1499938964844,23368.875,26640.0,313.1499938964844,0.0,18000.0,1.0,0.0,0.0,0.0,1.0,0.7927024960517883,1.0,0.0,0.0,3.2199037075042725,3.219921588897705,6.917976520526281e-07,4.265924453735352,4.265914440155029,9.78592834144365e-06,0.0,0.0,-0.0,5807.9326171875,0.0,1021.8701171875,1895.4371337890625,0.0,2404.902099609375,0.7961946129798889,1.0,0.0,3.0,1.0,0.0
12394200,297.2168884277344,297.1499938964844,293.1499938964844,0.0,-0.0,286.7620544433594,0.8600172400474548,0.3246211111545563,0.2934632003307342,297.32989501953125,297.1499938964844,293.1499938964844,0.0,-0.0,286.7619934082031,0.9380674958229064,0.4154911637306213,0.3945158123970032,297.1596984863281,297.1499938964844,293.1499938964844,0.0,-0.0,286.7620849609375,0.8551941514015198,0.3189289271831512,0.2243659049272537,297.1827087402344,297.1499938964844,293.1499938964844,0.0,-0.0,286.7620544433594,0.8666956424713135,0.3323300182819366,0.3163228929042816,297.1209716796875,297.1499938964844,293.1499938964844,0.0,-0.0,286.7621459960937,0.800706148147583,0.2588514685630798,1.1731419563293457,286.7619934082031,284.95001220703125,294.4684753417969,290.69293212890625,294.46697998046875,297.2225646972656,286.7614440917969,1.0,0.5343618988990784,1.0,1.0,0.0,1.0,-2.883737325668335,2.88373064994812,6.691490398225142e-06,2.229777574539185,1.0,1.0,0.0,117.5787353515625,163.0,34706.484375,-0.0,1948.3951416015625,1.0,283.1499938964844,285.7279968261719,293.7298583984375,295.9859313964844,293.1499938964844,293.1499938964844,283.1499938964844,23368.875,26640.0,313.1499938964844,0.0,18000.0,1.0,0.0,0.0,0.0,1.0,0.7927024960517883,1.0,0.0,0.0,3.2199037075042725,3.219921588897705,6.917976520526281e-07,4.265924453735352,4.265914440155029,9.78592834144365e-06,0.0,0.0,-0.0,5807.9326171875,0.0,1021.8701171875,1895.4371337890625,0.0,2404.902099609375,0.7961946129798889,1.0,0.0,3.0,1.0,0.0
12394260,297.20977783203125,297.1499938964844,293.1499938964844,0.0,-0.0,286.7414855957031,0.8250319361686707,0.3247476816177368,0.2943224310874939,297.31695556640625,297.1499938964844,293.1499938964844,0.0,-0.0,286.741455078125,0.893810510635376,0.4164463579654693,0.3958919942378998,297.1561889648437,297.1499938964844,293.1499938964844,0.0,-0.0,286.7414855957031,0.8203409910202026,0.3186938166618347,0.2247702032327652,297.1788635253906,297.1499938964844,293.1499938964844,0.0,-0.0,286.7414855957031,0.8309229612350464,0.3323551416397095,0.3171157240867615,297.1173095703125,297.1499938964844,293.1499938964844,0.0,-0.0,286.7415466308594,0.7651582956314087,0.2581121921539306,1.1734684705734253,286.7414245605469,284.95001220703125,294.5454406738281,290.7270202636719,294.5439453125,297.21240234375,286.7410888671875,1.0,0.5471241474151611,1.0,1.0,0.0,1.0,-2.888254404067993,2.8882477283477783,6.7123787630407605e-06,2.233229398727417,1.0,1.0,0.0,136.8796844482422,151.0,35226.7109375,-0.0,2050.836181640625,1.0,283.1499938964844,285.6991271972656,293.7575378417969,296.0460510253906,293.1499938964844,293.1499938964844,283.1499938964844,24616.349609375,27720.0,313.1499938964844,0.0,18000.0,1.0,0.0,0.0,0.0,1.0,0.7988454103469849,1.0,0.0,0.0,3.304728746414185,3.3047475814819336,7.287271159839293e-07,4.265924453735352,4.265914440155029,9.78592834144365e-06,0.0,0.0,-0.0,5848.09912109375,0.0,1104.7769775390625,1895.4371337890625,0.0,2460.87353515625,0.8169786334037781,1.0,0.0,3.0,1.0,0.0
12394320,297.20977783203125,297.1499938964844,293.1499938964844,0.0,-0.0,286.7414855957031,0.8250319361686707,0.3247476816177368,0.2943224310874939,297.31695556640625,297.1499938964844,293.1499938964844,0.0,-0.0,286.741455078125,0.893810510635376,0.4164463579654693,0.3958919942378998,297.1561889648437,297.1499938964844,293.1499938964844,0.0,-0.0,286.7414855957031,0.8203409910202026,0.3186938166618347,0.2247702032327652,297.1788635253906,297.1499938964844,293.1499938964844,0.0,-0.0,286.7414855957031,0.8309229612350464,0.3323551416397095,0.3171157240867615,297.1173095703125,297.1499938964844,293.1499938964844,0.0,-0.0,286.7415466308594,0.7651582956314087,0.2581121921539306,1.1734684705734253,286.7414245605469,284.95001220703125,294.5454406738281,290.7270202636719,294.5439453125,297.21240234375,286.7410888671875,1.0,0.5471241474151611,1.0,1.0,0.0,1.0,-2.888254404067993,2.8882477283477783,6.7123787630407605e-06,2.233229398727417,1.0,1.0,0.0,136.8796844482422,151.0,35226.7109375,-0.0,2050.836181640625,1.0,283.1499938964844,285.6991271972656,293.7575378417969,296.0460510253906,293.1499938964844,293.1499938964844,283.1499938964844,24616.349609375,27720.0,313.1499938964844,0.0,18000.0,1.0,0.0,0.0,0.0,1.0,0.7988454103469849,1.0,0.0,0.0,3.304728746414185,3.3047475814819336,7.287271159839293e-07,4.265924453735352,4.265914440155029,9.78592834144365e-06,0.0,0.0,-0.0,5848.09912109375,0.0,1104.7769775390625,1895.4371337890625,0.0,2460.87353515625,0.8169786334037781,1.0,0.0,3.0,1.0,0.0
12394380,297.2037353515625,297.1499938964844,293.1499938964844,0.0,-0.0,286.7232666015625,0.8158506155014038,0.3248064517974853,0.2946134507656097,297.3116760253906,297.1499938964844,293.1499938964844,0.0,-0.0,286.72320556640625,0.8837176561355591,0.4177725613117218,0.3972904682159424,297.1533508300781,297.1499938964844,293.1499938964844,0.0,-0.0,286.7232971191406,0.81083083152771,0.3184762895107269,0.224797636270523,297.1756896972656,297.1499938964844,293.1499938964844,0.0,-0.0,286.7232666015625,0.821700930595398,0.332359105348587,0.3173640370368957,297.1144714355469,297.1499938964844,293.1499938964844,0.0,-0.0,286.7233581542969,0.7556002736091614,0.2574601471424103,1.1716910600662231,286.72320556640625,284.95001220703125,294.6129150390625,290.7566223144531,294.6114501953125,297.2068176269531,286.72271728515625,1.0,0.5502834916114807,1.0,1.0,0.0,1.0,-2.888486623764038,2.8884799480438232,6.713565653626574e-06,2.23345685005188,1.0,1.0,0.0,143.0955352783203,151.0,35647.45703125,-0.0,2081.837890625,1.0,283.1499938964844,285.6737976074219,293.7825012207031,296.0969543457031,293.1499938964844,293.1499938964844,283.1499938964844,25719.13671875,27720.0,313.1499938964844,0.0,18000.0,1.0,0.0,0.0,0.0,1.0,0.803339421749115,1.0,0.0,0.0,3.377941846847534,3.3779616355896,7.613733146172308e-07,4.265924453735352,4.265914440155029,9.78592834144365e-06,0.0,0.0,-0.0,5881.84765625,0.0,1179.841796875,1895.4371337890625,0.0,2501.995849609375,0.8319761753082275,1.0,0.0,3.0,1.0,0.0
12394440,297.2030029296875,297.1499938964844,293.1499938964844,0.0,-0.0,286.721923828125,0.8155037760734558,0.3248177170753479,0.2946304082870483,297.31121826171875,297.1499938964844,293.1499938964844,0.0,-0.0,286.72186279296875,0.8834412693977356,0.4179744720458984,0.3974799513816833,297.15301513671875,297.1499938964844,293.1499938964844,0.0,-0.0,286.721923828125,0.8104462623596191,0.3184517323970794,0.2247853279113769,297.17535400390625,297.1499938964844,293.1499938964844,0.0,-0.0,286.7218933105469,0.8213525414466858,0.3323635756969452,0.3173753321170807,297.1141357421875,297.1499938964844,293.1499938964844,0.0,-0.0,286.72198486328125,0.7551862597465515,0.2573763728141784,1.171347737312317,286.72186279296875,284.95001220703125,294.6221008300781,290.7606201171875,294.6206359863281,297.20623779296875,286.7214050292969,1.0,0.5503712296485901,1.0,1.0,0.0,1.0,-2.8883209228515625,2.888314247131348,6.712792583130067e-06,2.2333271503448486,1.0,1.0,0.0,143.33387756347656,139.0,35691.2265625,-0.0,2082.73388671875,1.0,283.1499938964844,285.671630859375,293.7857666015625,296.10308837890625,293.1499938964844,293.1499938964844,283.1499938964844,25824.7109375,28800.0,313.1499938964844,0.0,18000.0,1.0,0.0,0.0,0.0,1.0,0.8038790822029114,1.0,0.0,0.0,3.3848676681518555,3.384887456893921,7.644986226296169e-07,4.265924453735352,4.265914440155029,9.78592834144365e-06,0.0,0.0,-0.0,5885.4189453125,0.0,1187.1138916015625,1895.4371337890625,0.0,2506.943603515625,0.8366304039955139,1.0,0.0,3.0,1.0,0.0
12394500,297.2000732421875,297.1499938964844,293.1499938964844,0.0,-0.0,286.7093505859375,0.8156283497810364,0.3248640596866607,0.2946680784225464,297.3096923828125,297.1499938964844,293.1499938964844,0.0,-0.0,286.7092590332031,0.884145975112915,0.4188448488712311,0.3982690274715423,297.15185546875,297.1499938964844,293.1499938964844,0.0,-0.0,286.7093811035156,0.8104532361030579,0.3183567821979522,0.2247122079133987,297.1739501953125,297.1499938964844,293.1499938964844,0.0,-0.0,286.7093505859375,0.8214548230171204,0.3323879241943359,0.3173902630805969,297.1130065917969,297.1499938964844,293.1499938964844,0.0,-0.0,286.7095031738281,0.7549439668655396,0.2570377886295318,1.1697795391082764,286.7092590332031,284.95001220703125,294.6603088378906,290.7772521972656,294.6588439941406,297.2041015625,286.70849609375,1.0,0.550048828125,1.0,1.0,0.0,1.0,-2.8873608112335205,2.8873541355133057,6.708312866976485e-06,2.232577323913574,1.0,1.0,0.0,143.2347869873047,139.0,35937.46875,-0.0,2080.634033203125,1.0,283.1499938964844,285.6549377441406,293.8005065917969,296.1322937011719,293.1499938964844,293.1499938964844,283.1499938964844,26541.69140625,28800.0,313.1499938964844,0.0,18000.0,1.0,0.0,0.0,0.0,1.0,0.806098461151123,1.0,0.0,0.0,3.4315338134765625,3.431554079055786,7.857237278585671e-07,4.265924453735352,4.265914440155029,9.78592834144365e-06,0.0,0.0,-0.0,5905.64599609375,0.0,1236.89306640625,1895.4371337890625,0.0,2527.3115234375,0.8452760577201843,1.0,0.0,3.0,1.0,0.0
12394560,297.1974182128906,297.1499938964844,293.1499938964844,0.0,-0.0,286.7026062011719,0.8178160190582275,0.3249205350875854,0.2946565747261047,297.3087158203125,297.1499938964844,293.1499938964844,0.0,-0.0,286.7025451660156,0.8873093128204346,0.4197595715522766,0.3990474939346313,297.1510009765625,297.1499938964844,293.1499938964844,0.0,-0.0,286.7026062011719,0.8125762343406677,0.3182827234268188,0.2246090471744537,297.1728515625,297.1499938964844,293.1499938964844,0.0,-0.0,286.7026062011719,0.8236093521118164,0.3324297070503235,0.3173614144325256,297.1121826171875,297.1499938964844,293.1499938964844,0.0,-0.0,286.7026672363281,0.7566649913787842,0.2567227482795715,1.1680350303649902,286.7025451660156,284.95001220703125,294.6984558105469,290.79376220703125,294.69696044921875,297.2024230957031,286.7021179199219,1.0,0.5488203167915344,1.0,1.0,0.0,1.0,-2.886027574539185,2.8860208988189697,6.702092377963709e-06,2.231534481048584,1.0,1.0,0.0,141.7028350830078,127.0,36114.92578125,-0.0,2070.858642578125,1.0,283.1499938964844,285.6450500488281,293.8149108886719,296.1581420898437,293.1499938964844,293.1499938964844,283.1499938964844,27005.03125,29880.0,313.1499938964844,0.0,18000.0,1.0,0.0,0.0,0.0,1.0,0.8081094622612,1.0,0.0,0.0,3.461356401443481,3.461377143859864,7.99440101673099e-07,4.265924453735352,4.265914440155029,9.78592834144365e-06,0.0,0.0,-0.0,5920.38037109375,0.0,1269.4228515625,1895.4371337890625,0.0,2545.794189453125,0.8553973436355591,1.0,0.0,3.0,1.0,0.0
12394620,297.1928100585937,297.1499938964844,293.1499938964844,0.0,-0.0,286.6845397949219,0.8268734216690063,0.3250539600849151,0.2945469915866852,297.30780029296875,297.1499938964844,293.1499938964844,0.0,-0.0,286.6845092773437,0.899418830871582,0.4216772317886352,0.4005878567695617,297.1499938964844,297.1499938964844,293.1499938964844,0.0,-0.0,286.6845703125,0.8215177059173584,0.3181917667388916,0.2243590503931045,297.1712951660156,297.1499938964844,293.1499938964844,0.0,-0.0,286.6845397949219,0.8326808214187622,0.3325624465942383,0.3172360062599182,297.11138916015625,297.1499938964844,293.1499938964844,0.0,-0.0,286.6846008300781,0.7647951245307922,0.2561604380607605,1.1643050909042358,286.6845092773437,284.95001220703125,294.7744140625,290.8263854980469,294.77294921875,297.199951171875,286.6841125488281,1.0,0.5444761514663696,1.0,1.0,0.0,1.0,-2.8828134536743164,2.8828065395355225,6.6871011767943855e-06,2.229017496109009,1.0,1.0,0.0,135.63177490234375,115.0,36512.5390625,-0.0,2035.6383056640625,1.0,283.1499938964844,285.61993408203125,293.8448181152344,296.2122802734375,293.1499938964844,293.1499938964844,283.1499938964844,28165.271484375,30960.0,313.1499938964844,0.0,18000.0,1.0,0.0,0.0,0.0,1.0,0.8118078112602234,1.0,0.0,0.0,3.534931182861328,3.534952640533448,8.337871690855536e-07,4.265924453735352,4.265914440155029,9.78592834144365e-06,0.0,0.0,-0.0,5954.02392578125,0.0,1352.1046142578125,1895.4371337890625,0.0,2579.85107421875,0.8734572529792786,1.0,0.0,3.0,1.0,0.0
12394680,297.1928100585937,297.1499938964844,293.1499938964844,0.0,-0.0,286.6845397949219,0.8268734216690063,0.3250539600849151,0.2945469915866852,297.30780029296875,297.1499938964844,293.1499938964844,0.0,-0.0,286.6845092773437,0.899418830871582,0.4216772317886352,0.4005878567695617,297.1499938964844,297.1499938964844,293.1499938964844,0.0,-0.0,286.6845703125,0.8215177059173584,0.3181917667388916,0.2243590503931045,297.1712951660156,297.1499938964844,293.1499938964844,0.0,-0.0,286.6845397949219,0.8326808214187622,0.3325624465942383,0.3172360062599182,297.11138916015625,297.1499938964844,293.1499938964844,0.0,-0.0,286.6846008300781,0.7647951245307922,0.2561604380607605,1.1643050909042358,286.6845092773437,284.95001220703125,294.7744140625,290.8263854980469,294.77294921875,297.199951171875,286.6841125488281,1.0,0.5444761514663696,1.0,1.0,0.0,1.0,-2.8828134536743164,2.8828065395355225,6.6871011767943855e-06,2.229017496109009,1.0,1.0,0.0,135.63177490234375,115.0,36512.5390625,-0.0,2035.6383056640625,1.0,283.1499938964844,285.61993408203125,293.8448181152344,296.2122802734375,293.1499938964844,293.1499938964844,283.1499938964844,28165.271484375,30960.0,313.1499938964844,0.0,18000.0,1.0,0.0,0.0,0.0,1.0,0.8118078112602234,1.0,0.0,0.0,3.534931182861328,3.534952640533448,8.337871690855536e-07,4.265924453735352,4.265914440155029,9.78592834144365e-06,0.0,0.0,-0.0,5954.02392578125,0.0,1352.1046142578125,1895.4371337890625,0.0,2579.85107421875,0.8734572529792786,1.0,0.0,3.0,1.0,0.0
12394740,297.1889343261719,297.1499938964844,293.1499938964844,0.0,-0.0,286.6678466796875,0.8411802649497986,0.3252036273479461,0.2943612039089203,297.30780029296875,297.1499938964844,293.1499938964844,0.0,-0.0,286.6678161621094,0.9190900325775146,0.4236747324466705,0.4021137952804565,297.1497497558594,297.1499938964844,293.1499938964844,0.0,-0.0,286.6678466796875,0.8355278372764587,0.3181686103343963,0.2240850627422332,297.1705322265625,297.1499938964844,293.1499938964844,0.0,-0.0,286.6678466796875,0.8472517132759094,0.3327550590038299,0.3170698285102844,297.1114807128906,297.1499938964844,293.1499938964844,0.0,-0.0,286.6679077148437,0.7783777117729187,0.2556806206703186,1.1604859828948977,286.6678161621094,284.95001220703125,294.8500061035156,290.8584289550781,294.8485412597656,297.1983947753906,286.66748046875,1.0,0.538532018661499,1.0,1.0,0.0,1.0,-2.8793046474456787,2.879297971725464,6.670751190540614e-06,2.2262678146362305,1.0,1.0,0.0,127.03054809570312,103.0,36891.0,-0.0,1987.587158203125,1.0,283.1499938964844,285.5961608886719,293.8751220703125,296.26568603515625,293.1499938964844,293.1499938964844,283.1499938964844,29311.115234375,32040.0,313.1499938964844,0.0,18000.0,1.0,0.0,0.0,0.0,1.0,0.8151595592498779,1.0,0.0,0.0,3.6061198711395264,3.606142282485962,8.67707967699971e-07,4.265924453735352,4.265914440155029,9.78592834144365e-06,0.0,0.0,-0.0,5986.666015625,0.0,1435.44970703125,1895.4371337890625,0.0,2610.7861328125,0.8909370303153992,1.0,0.0,3.0,1.0,0.0
12394800,297.1889343261719,297.1499938964844,293.1499938964844,0.0,-0.0,286.6678466796875,0.8411802649497986,0.3252036273479461,0.2943612039089203,297.30780029296875,297.1499938964844,293.1499938964844,0.0,-0.0,286.6678161621094,0.9190900325775146,0.4236747324466705,0.4021137952804565,297.1497497558594,297.1499938964844,293.1499938964844,0.0,-0.0,286.6678466796875,0.8355278372764587,0.3181686103343963,0.2240850627422332,297.1705322265625,297.1499938964844,293.1499938964844,0.0,-0.0,286.6678466796875,0.8472517132759094,0.3327550590038299,0.3170698285102844,297.1114807128906,297.1499938964844,293.1499938964844,0.0,-0.0,286.6679077148437,0.7783777117729187,0.2556806206703186,1.1604859828948977,286.6678161621094,284.95001220703125,294.8500061035156,290.8584289550781,294.8485412597656,297.1983947753906,286.66748046875,1.0,0.538532018661499,1.0,1.0,0.0,1.0,-2.8793046474456787,2.879297971725464,6.670751190540614e-06,2.2262678146362305,1.0,1.0,0.0,127.03054809570312,103.0,36891.0,-0.0,1987.587158203125,1.0,283.1499938964844,285.5961608886719,293.8751220703125,296.26568603515625,293.1499938964844,293.1499938964844,283.1499938964844,29311.115234375,32040.0,313.1499938964844,0.0,18000.0,1.0,0.0,0.0,0.0,1.0,0.8151595592498779,1.0,0.0,0.0,3.6061198711395264,3.606142282485962,8.67707967699971e-07,4.265924453735352,4.265914440155029,9.78592834144365e-06,0.0,0.0,-0.0,5986.666015625,0.0,1435.44970703125,1895.4371337890625,0.0,2610.7861328125,0.8909370303153992,1.0,0.0,3.0,1.0,0.0
12394860,297.1855773925781,297.1499938964844,293.1499938964844,0.0,-0.0,286.6526184082031,0.8612806797027588,0.3253554701805115,0.2941265106201172,297.3083190917969,297.1499938964844,293.1499938964844,0.0,-0.0,286.652587890625,0.9470254182815552,0.4257260262966156,0.4036386609077453,297.1501159667969,297.1499938964844,293.1499938964844,0.0,-0.0,286.6526184082031,0.8551135659217834,0.3182008564472198,0.2238098531961441,297.1703796386719,297.1499938964844,293.1499938964844,0.0,-0.0,286.6526184082031,0.8678556084632874,0.33299720287323,0.3168960809707641,297.1122436523437,297.1499938964844,293.1499938964844,0.0,-0.0,286.65264892578125,0.797444224357605,0.2552701532840729,1.1567233800888062,286.652587890625,284.95001220703125,294.92529296875,290.8905639648437,294.9238586425781,297.19744873046875,286.6523132324219,1.0,0.5316622257232666,1.0,1.0,0.0,1.0,-2.875793218612671,2.875786542892456,6.654411663475912e-06,2.223517656326294,1.0,1.0,0.0,116.99597930908205,91.0,37257.50390625,-0.0,1932.617919921875,1.0,283.1499938964844,285.5738525390625,293.9057006835937,296.3185119628906,293.1499938964844,293.1499938964844,283.1499938964844,30446.56640625,33120.0,313.1499938964844,0.0,18000.0,1.0,0.0,0.0,0.0,1.0,0.8182156682014465,1.0,0.0,0.0,3.675302982330322,3.675326108932495,9.013211297315138e-07,4.265924453735352,4.265914440155029,9.78592834144365e-06,0.0,0.0,-0.0,6018.72998046875,0.0,1519.662109375,1895.4371337890625,0.0,2639.046630859375,0.9079285264015198,1.0,0.0,3.0,1.0,0.0
12394920,297.1855773925781,297.1499938964844,293.1499938964844,0.0,-0.0,286.6526184082031,0.8612806797027588,0.3253554701805115,0.2941265106201172,297.3083190917969,297.1499938964844,293.1499938964844,0.0,-0.0,286.652587890625,0.9470254182815552,0.4257260262966156,0.4036386609077453,297.1501159667969,297.1499938964844,293.1499938964844,0.0,-0.0,286.6526184082031,0.8551135659217834,0.3182008564472198,0.2238098531961441,297.1703796386719,297.1499938964844,293.1499938964844,0.0,-0.0,286.6526184082031,0.8678556084632874,0.33299720287323,0.3168960809707641,297.1122436523437,297.1499938964844,293.1499938964844,0.0,-0.0,286.65264892578125,0.797444224357605,0.2552701532840729,1.1567233800888062,286.652587890625,284.95001220703125,294.92529296875,290.8905639648437,294.9238586425781,297.19744873046875,286.6523132324219,1.0,0.5316622257232666,1.0,1.0,0.0,1.0,-2.875793218612671,2.875786542892456,6.654411663475912e-06,2.223517656326294,1.0,1.0,0.0,116.99597930908205,91.0,37257.50390625,-0.0,1932.617919921875,1.0,283.1499938964844,285.5738525390625,293.9057006835937,296.3185119628906,293.1499938964844,293.1499938964844,283.1499938964844,30446.56640625,33120.0,313.1499938964844,0.0,18000.0,1.0,0.0,0.0,0.0,1.0,0.8182156682014465,1.0,0.0,0.0,3.675302982330322,3.675326108932495,9.013211297315138e-07,4.265924453735352,4.265914440155029,9.78592834144365e-06,0.0,0.0,-0.0,6018.72998046875,0.0,1519.662109375,1895.4371337890625,0.0,2639.046630859375,0.9079285264015198,1.0,0.0,3.0,1.0,0.0
12394980,297.1825866699219,297.1499938964844,293.1499938964844,0.0,-0.0,286.6390075683594,0.8889762163162231,0.3255015015602112,0.2938573658466339,297.3091735839844,297.1499938964844,293.1499938964844,0.0,-0.0,286.63897705078125,0.9791818261146544,0.4278181791305542,0.405172049999237,297.15087890625,297.1499938964844,293.1499938964844,0.0,-0.0,286.6390075683594,0.8822624683380127,0.3182798624038696,0.223544642329216,297.1706237792969,297.1499938964844,293.1499938964844,0.0,-0.0,286.6390075683594,0.8961050510406494,0.3332810699939728,0.3167309761047363,297.1134948730469,297.1499938964844,293.1499938964844,0.0,-0.0,286.6390380859375,0.8218490481376648,0.2549183070659637,1.1530810594558716,286.63897705078125,284.95001220703125,295.0004577636719,290.9233703613281,294.9990234375,297.1969299316406,286.6387634277344,1.0,0.5242481827735901,1.0,1.0,0.0,1.0,-2.872417449951172,2.872410774230957,6.6387333390594e-06,2.2208786010742188,1.0,1.0,0.0,106.14981079101562,79.0,37618.5703125,-0.0,1874.023193359375,1.0,283.1499938964844,285.5531311035156,293.9372863769531,296.3717956542969,293.1499938964844,293.1499938964844,283.1499938964844,31574.427734375,34200.0,313.1499938964844,0.0,18000.0,1.0,0.0,0.0,0.0,1.0,0.8210211396217346,1.0,0.0,0.0,3.742757797241211,3.7427818775177,9.347096465717186e-07,4.265924453735352,4.265914440155029,9.78592834144365e-06,0.0,0.0,-0.0,6050.84326171875,0.0,1604.881103515625,1895.4371337890625,0.0,2665.031982421875,0.9244984984397888,1.0,0.0,3.0,1.0,0.0
12395040,297.1825866699219,297.1499938964844,293.1499938964844,0.0,-0.0,286.6390075683594,0.8889762163162231,0.3255015015602112,0.2938573658466339,297.3091735839844,297.1499938964844,293.1499938964844,0.0,-0.0,286.63897705078125,0.9791818261146544,0.4278181791305542,0.405172049999237,297.15087890625,297.1499938964844,293.1499938964844,0.0,-0.0,286.6390075683594,0.8822624683380127,0.3182798624038696,0.223544642329216,297.1706237792969,297.1499938964844,293.1499938964844,0.0,-0.0,286.6390075683594,0.8961050510406494,0.3332810699939728,0.3167309761047363,297.1134948730469,297.1499938964844,293.1499938964844,0.0,-0.0,286.6390380859375,0.8218490481376648,0.2549183070659637,1.1530810594558716,286.63897705078125,284.95001220703125,295.0004577636719,290.9233703613281,294.9990234375,297.1969299316406,286.6387634277344,1.0,0.5242481827735901,1.0,1.0,0.0,1.0,-2.872417449951172,2.872410774230957,6.6387333390594e-06,2.2208786010742188,1.0,1.0,0.0,106.14981079101562,79.0,37618.5703125,-0.0,1874.023193359375,1.0,283.1499938964844,285.5531311035156,293.9372863769531,296.3717956542969,293.1499938964844,293.1499938964844,283.1499938964844,31574.427734375,34200.0,313.1499938964844,0.0,18000.0,1.0,0.0,0.0,0.0,1.0,0.8210211396217346,1.0,0.0,0.0,3.742757797241211,3.7427818775177,9.347096465717186e-07,4.265924453735352,4.265914440155029,9.78592834144365e-06,0.0,0.0,-0.0,6050.84326171875,0.0,1604.881103515625,1895.4371337890625,0.0,2665.031982421875,0.9244984984397888,1.0,0.0,3.0,1.0,0.0
12395100,297.1811218261719,297.1499938964844,293.1499938964844,0.0,-0.0,286.6303405761719,0.9065247178077698,0.3255639672279358,0.2937132120132446,297.3096923828125,297.1499938964844,293.1499938964844,0.0,-0.0,286.6302795410156,0.995185375213623,0.4288767278194427,0.4059455692768097,297.1513977050781,297.1499938964844,293.1499938964844,0.0,-0.0,286.6303405761719,0.8995389342308044,0.3183347582817077,0.2234188318252563,297.1708984375,297.1499938964844,293.1499938964844,0.0,-0.0,286.6303405761719,0.9144538044929504,0.3334366381168365,0.3166557252407074,297.1142578125,297.1499938964844,293.1499938964844,0.0,-0.0,286.63043212890625,0.8361960053443909,0.2547624707221985,1.1513197422027588,286.6302795410156,284.95001220703125,295.0379943847656,290.9400329589844,295.0365295410156,297.19677734375,286.6298217773437,1.0,0.5204095840454102,1.0,1.0,0.0,1.0,-2.8708152770996094,2.8708086013793945,6.6313032220932655e-06,2.219628095626831,1.0,1.0,0.0,100.53692626953124,79.0,37824.17578125,-0.0,1843.9840087890625,1.0,283.1499938964844,285.5404052734375,293.9537658691406,296.400146484375,293.1499938964844,293.1499938964844,283.1499938964844,32270.419921875,34200.0,313.1499938964844,0.0,18000.0,1.0,0.0,0.0,0.0,1.0,0.822380781173706,1.0,0.0,0.0,3.783783674240112,3.78380823135376,9.553134532325205e-07,4.265924453735352,4.265914440155029,9.78592834144365e-06,0.0,0.0,-0.0,6069.23583984375,0.0,1658.237060546875,1895.4371337890625,0.0,2677.639892578125,0.9317649006843568,1.0,0.0,3.0,1.0,0.0
12395160,297.1791381835937,297.1499938964844,293.1499938964844,0.0,-0.0,286.62310791015625,0.9206452965736388,0.3255688548088074,0.2936108410358429,297.3133239746094,297.1499938964844,293.1499938964844,0.0,-0.0,286.6229553222656,0.9990000128746032,0.4302403926849365,0.3973402082920074,297.151611328125,297.1499938964844,293.1499938964844,0.0,-0.0,286.62310791015625,0.9128528833389282,0.3183650374412536,0.2233456820249557,297.1708679199219,297.1499938964844,293.1499938964844,0.0,-0.0,286.6230773925781,0.9292306900024414,0.3335670232772827,0.3166511952877044,297.11480712890625,297.1499938964844,293.1499938964844,0.0,-0.0,286.6232604980469,0.8468999862670898,0.2545883655548095,1.14992094039917,286.6229553222656,284.95001220703125,295.07550048828125,290.9568176269531,295.07403564453125,297.1973571777344,286.6216735839844,1.0,0.515968918800354,1.0,1.0,0.0,1.0,-2.85860276222229,2.858596086502075,6.57588225294603e-06,2.210580348968506,1.0,1.0,0.0,96.44283294677734,67.0,37898.0625,-0.0,1804.695068359375,1.0,283.1499938964844,285.5301513671875,293.9697570800781,296.4245910644531,293.1499938964844,293.1499938964844,283.1499938964844,32695.9453125,35280.0,313.1499938964844,0.0,18000.0,1.0,0.0,0.0,0.0,1.0,0.8236432075500488,1.0,0.0,0.0,3.808648824691773,3.808673858642578,9.679104095994262e-07,4.265924453735352,4.265914440155029,9.78592834144365e-06,0.0,0.0,-0.0,6079.09716796875,0.0,1691.1439208984375,1895.4371337890625,0.0,2689.35400390625,0.9406869411468506,1.0,0.0,3.0,1.0,0.0
12395220,297.1735534667969,297.1499938964844,293.1499938964844,0.0,-0.0,286.5857238769531,0.9484743475914,0.3253732919692993,0.2932660579681396,297.3517150878906,297.1499938964844,293.1499938964844,0.0,-0.0,286.5856018066406,0.9990000128746032,0.4361599087715149,0.3673008978366852,297.1509094238281,297.1499938964844,293.1499938964844,0.0,-0.0,286.58575439453125,0.9406850934028624,0.3183155059814453,0.223157450556755,297.1697998046875,297.1499938964844,293.1499938964844,0.0,-0.0,286.5857238769531,0.9570749998092652,0.3337239623069763,0.3165889680385589,297.11529541015625,297.1499938964844,293.1499938964844,0.0,-0.0,286.5859680175781,0.8682752847671509,0.254191905260086,1.147052526473999,286.5855407714844,284.95001220703125,295.150390625,290.99090576171875,295.14892578125,297.212890625,286.583984375,1.0,0.505302369594574,1.0,1.0,0.0,1.0,-2.8183481693267822,2.8183417320251465,6.391992883436615e-06,2.179454803466797,1.0,1.0,0.0,88.78412628173828,85.0,37936.15625,-0.0,1705.5401611328125,1.0,283.1499938964844,285.4930725097656,293.9979858398437,296.4600830078125,293.1499938964844,293.1499938964844,283.04998779296875,33814.1640625,36000.0,313.1499938964844,0.0,18000.0,1.0,0.0,0.0,0.0,1.0,0.825179934501648,1.0,0.0,0.0,3.87322998046875,3.873255968093872,1.0010134019466932e-06,4.265924453735352,4.265914440155029,9.78592834144365e-06,0.0,0.0,-0.0,6200.015625,0.0,1778.6387939453125,1895.4371337890625,0.0,2703.623046875,0.955554723739624,1.0,0.0,3.0,1.0,0.0
12395280,297.1735534667969,297.1499938964844,293.1499938964844,0.0,-0.0,286.5857238769531,0.9484743475914,0.3253732919692993,0.2932660579681396,297.3517150878906,297.1499938964844,293.1499938964844,0.0,-0.0,286.5856018066406,0.9990000128746032,0.4361599087715149,0.3673008978366852,297.1509094238281,297.1499938964844,293.1499938964844,0.0,-0.0,286.58575439453125,0.9406850934028624,0.3183155059814453,0.223157450556755,297.1697998046875,297.1499938964844,293.1499938964844,0.0,-0.0,286.5857238769531,0.9570749998092652,0.3337239623069763,0.3165889680385589,297.11529541015625,297.1499938964844,293.1499938964844,0.0,-0.0,286.5859680175781,0.8682752847671509,0.254191905260086,1.147052526473999,286.5855407714844,284.95001220703125,295.150390625,290.99090576171875,295.14892578125,297.212890625,286.583984375,1.0,0.505302369594574,1.0,1.0,0.0,1.0,-2.8183481693267822,2.8183417320251465,6.391992883436615e-06,2.179454803466797,1.0,1.0,0.0,88.78412628173828,85.0,37936.15625,-0.0,1705.5401611328125,1.0,283.1499938964844,285.4930725097656,293.9979858398437,296.4600830078125,293.1499938964844,293.1499938964844,283.04998779296875,33814.1640625,36000.0,313.1499938964844,0.0,18000.0,1.0,0.0,0.0,0.0,1.0,0.825179934501648,1.0,0.0,0.0,3.87322998046875,3.873255968093872,1.0010134019466932e-06,4.265924453735352,4.265914440155029,9.78592834144365e-06,0.0,0.0,-0.0,6200.015625,0.0,1778.6387939453125,1895.4371337890625,0.0,2703.623046875,0.955554723739624,1.0,0.0,3.0,1.0,0.0
12395340,297.1654052734375,297.1499938964844,293.1499938964844,0.0,-0.0,286.5073547363281,0.9519566297531128,0.324849396944046,0.2928468883037567,297.3960876464844,297.1499938964844,293.1499938964844,0.0,-0.0,286.50732421875,0.9990000128746032,0.4432434141635895,0.3631432950496673,297.1484375,297.1499938964844,293.1499938964844,0.0,-0.0,286.5073547363281,0.9445158839225768,0.3180800974369049,0.2230070531368255,297.1672668457031,297.1499938964844,293.1499938964844,0.0,-0.0,286.5073547363281,0.960917592048645,0.3337200880050659,0.3165964782238006,297.1153869628906,297.1499938964844,293.1499938964844,0.0,-0.0,286.5074157714844,0.8710857629776001,0.2537630200386047,1.145044445991516,286.50732421875,284.95001220703125,295.22515869140625,291.0256042480469,295.2236633300781,297.2344055175781,286.5071105957031,1.0,0.5043079853057861,1.0,1.0,0.0,1.0,-2.810210704803467,2.81020450592041,6.3537345340591855e-06,2.1725220680236816,1.0,1.0,0.0,87.63709259033203,105.0,38629.43359375,-0.0,1687.770263671875,1.0,283.05206298828125,285.4043884277344,294.04449462890625,296.55078125,293.1499938964844,293.1499938964844,282.75,34752.21484375,36000.0,313.1499938964844,0.0,18000.0,1.0,0.0,0.0,0.0,1.0,0.8300725221633911,1.0,0.0,0.0,3.926586866378784,3.926613569259644,1.0287827763022506e-06,4.265924453735352,4.265914440155029,9.78592834144365e-06,0.0,0.0,-0.0,6502.123046875,0.0,1853.162841796875,1895.4371337890625,0.0,2749.12060546875,0.966579794883728,1.0,0.0,3.0,1.0,0.0
12395400,297.1654052734375,297.1499938964844,293.1499938964844,0.0,-0.0,286.5073547363281,0.9519566297531128,0.324849396944046,0.2928468883037567,297.3960876464844,297.1499938964844,293.1499938964844,0.0,-0.0,286.50732421875,0.9990000128746032,0.4432434141635895,0.3631432950496673,297.1484375,297.1499938964844,293.1499938964844,0.0,-0.0,286.5073547363281,0.9445158839225768,0.3180800974369049,0.2230070531368255,297.1672668457031,297.1499938964844,293.1499938964844,0.0,-0.0,286.5073547363281,0.960917592048645,0.3337200880050659,0.3165964782238006,297.1153869628906,297.1499938964844,293.1499938964844,0.0,-0.0,286.5074157714844,0.8710857629776001,0.2537630200386047,1.145044445991516,286.50732421875,284.95001220703125,295.22515869140625,291.0256042480469,295.2236633300781,297.2344055175781,286.5071105957031,1.0,0.5043079853057861,1.0,1.0,0.0,1.0,-2.810210704803467,2.81020450592041,6.3537345340591855e-06,2.1725220680236816,1.0,1.0,0.0,87.63709259033203,105.0,38629.43359375,-0.0,1687.770263671875,1.0,283.05206298828125,285.4043884277344,294.04449462890625,296.55078125,293.1499938964844,293.1499938964844,282.75,34752.21484375,36000.0,313.1499938964844,0.0,18000.0,1.0,0.0,0.0,0.0,1.0,0.8300725221633911,1.0,0.0,0.0,3.926586866378784,3.926613569259644,1.0287827763022506e-06,4.265924453735352,4.265914440155029,9.78592834144365e-06,0.0,0.0,-0.0,6502.123046875,0.0,1853.162841796875,1895.4371337890625,0.0,2749.12060546875,0.966579794883728,1.0,0.0,3.0,1.0,0.0
12395460,297.1508178710937,297.1499938964844,293.1499938964844,0.0,-0.0,286.3345947265625,0.9315444231033324,0.323574811220169,0.2920567095279693,297.39471435546875,297.1499938964844,293.1499938964844,0.0,-0.0,286.3345642089844,0.9990000128746032,0.4462825953960418,0.3834621012210846,297.1407165527344,297.1499938964844,293.1499938964844,0.0,-0.0,286.3345947265625,0.9243698120117188,0.3172857463359833,0.2226909101009369,297.15997314453125,297.1499938964844,293.1499938964844,0.0,-0.0,286.3345947265625,0.9418078064918518,0.333205908536911,0.3164198398590088,297.1114501953125,297.1499938964844,293.1499938964844,0.0,-0.0,286.33465576171875,0.8549328446388245,0.2529327571392059,1.1426931619644165,286.3345642089844,284.95001220703125,295.2997741699219,291.0608215332031,295.2983093261719,297.232421875,286.33465576171875,1.0,0.5106568932533264,1.0,1.0,0.0,1.0,-2.830240488052368,2.8302340507507324,6.444096470659133e-06,2.187764883041382,1.0,1.0,0.0,92.43106842041016,123.0,40403.3671875,-0.0,1741.2806396484375,1.0,282.7560119628906,285.1989440917969,294.11883544921875,296.7497253417969,293.1499938964844,293.1499938964844,282.45001220703125,35254.80859375,36000.0,313.1499938964844,0.0,18000.0,1.0,0.0,0.0,0.0,1.0,0.8452024459838867,1.0,0.0,0.0,3.954878568649292,3.9549055099487305,1.0436613138153916e-06,4.265924453735352,4.265914440155029,9.78592834144365e-06,0.0,0.0,-0.0,6674.95654296875,0.0,1893.5093994140625,1895.4371337890625,0.0,2890.358154296875,0.9733107686042786,1.0,0.0,3.0,1.0,0.0
12395520,297.1508178710937,297.1499938964844,293.1499938964844,0.0,-0.0,286.3345947265625,0.9315444231033324,0.323574811220169,0.2920567095279693,297.39471435546875,297.1499938964844,293.1499938964844,0.0,-0.0,286.3345642089844,0.9990000128746032,0.4462825953960418,0.3834621012210846,297.1407165527344,297.1499938964844,293.1499938964844,0.0,-0.0,286.3345947265625,0.9243698120117188,0.3172857463359833,0.2226909101009369,297.15997314453125,297.1499938964844,293.1499938964844,0.0,-0.0,286.3345947265625,0.9418078064918518,0.333205908536911,0.3164198398590088,297.1114501953125,297.1499938964844,293.1499938964844,0.0,-0.0,286.33465576171875,0.8549328446388245,0.2529327571392059,1.1426931619644165,286.3345642089844,284.95001220703125,295.2997741699219,291.0608215332031,295.2983093261719,297.232421875,286.33465576171875,1.0,0.5106568932533264,1.0,1.0,0.0,1.0,-2.830240488052368,2.8302340507507324,6.444096470659133e-06,2.187764883041382,1.0,1.0,0.0,92.43106842041016,123.0,40403.3671875,-0.0,1741.2806396484375,1.0,282.7560119628906,285.1989440917969,294.11883544921875,296.7497253417969,293.1499938964844,293.1499938964844,282.45001220703125,35254.80859375,36000.0,313.1499938964844,0.0,18000.0,1.0,0.0,0.0,0.0,1.0,0.8452024459838867,1.0,0.0,0.0,3.954878568649292,3.9549055099487305,1.0436613138153916e-06,4.265924453735352,4.265914440155029,9.78592834144365e-06,0.0,0.0,-0.0,6674.95654296875,0.0,1893.5093994140625,1895.4371337890625,0.0,2890.358154296875,0.9733107686042786,1.0,0.0,3.0,1.0,0.0
12395580,297.1331787109375,297.1499938964844,293.1499938964844,0.0,-0.0,286.1746826171875,0.901199221611023,0.3218052089214325,0.2908481657505035,297.3446655273437,297.1499938964844,293.1499938964844,0.0,-0.0,286.1746826171875,0.9990000128746032,0.4442437887191772,0.4170974791049957,297.1297912597656,297.1499938964844,293.1499938964844,0.0,-0.0,286.1746826171875,0.8955649733543396,0.3160708844661712,0.2221242636442184,297.1495056152344,297.1499938964844,293.1499938964844,0.0,-0.0,286.1746826171875,0.9112238883972168,0.3322735130786896,0.3159181177616119,297.10357666015625,297.1499938964844,293.1499938964844,0.0,-0.0,286.1746826171875,0.8315383195877075,0.2516713440418243,1.138910174369812,286.1746826171875,284.95001220703125,295.37127685546875,291.0950927734375,295.3698425292969,297.20361328125,286.1751708984375,1.0,0.520893931388855,1.0,1.0,0.0,1.0,-2.8633739948272705,2.863367319107056,6.595749709958909e-06,2.213327169418335,1.0,1.0,0.0,100.87995910644533,123.0,42290.3515625,0.0,1833.8994140625,1.0,282.4569702148437,285.003173828125,294.16552734375,296.9172668457031,293.1499938964844,293.1499938964844,282.45001220703125,35546.74609375,36000.0,313.1499938964844,0.0,18000.0,1.0,0.0,0.0,0.0,1.0,0.8616040349006653,1.0,0.0,0.0,3.971219778060913,3.97124695777893,1.0523036735321512e-06,4.265924453735352,4.265914440155029,9.78592834144365e-06,0.0,0.0,-0.0,6469.3642578125,0.0,1917.0777587890625,1895.4371337890625,0.0,3044.049560546875,0.9771979451179504,1.0,0.0,3.0,1.0,0.0
12395640,297.1325378417969,297.1499938964844,293.1499938964844,0.0,-0.0,286.17498779296875,0.8999245762825012,0.3217349648475647,0.2907919883728027,297.341796875,297.1499938964844,293.1499938964844,0.0,-0.0,286.175048828125,0.9990000128746032,0.4440680146217346,0.4187109172344208,297.12939453125,297.1499938964844,293.1499938964844,0.0,-0.0,286.17498779296875,0.8943204283714294,0.316021978855133,0.2220969945192337,297.14910888671875,297.1499938964844,293.1499938964844,0.0,-0.0,286.1750183105469,0.9098700284957886,0.3322353363037109,0.3158922493457794,297.1032409667969,297.1499938964844,293.1499938964844,0.0,-0.0,286.1749572753906,0.8304814100265503,0.2516157329082489,1.13872230052948,286.175048828125,284.95001220703125,295.374267578125,291.0965270996094,295.372802734375,297.2020263671875,286.17578125,1.0,0.5213861465454102,1.0,1.0,0.0,1.0,-2.864917278289795,2.864910840988159,6.602874691452598e-06,2.2145256996154785,1.0,1.0,0.0,101.30551147460938,141.0,42318.12109375,0.0,1838.4442138671875,1.0,282.4559631347656,285.0030517578125,294.1643371582031,296.9154052734375,293.1499938964844,293.1499938964844,282.1499938964844,35556.0546875,36000.0,313.1499938964844,0.0,18000.0,1.0,0.0,0.0,0.0,1.0,0.8618938326835632,1.0,0.0,0.0,3.9717395305633545,3.971766710281372,1.0525792504267883e-06,4.265924453735352,4.265914440155029,9.78592834144365e-06,0.0,0.0,-0.0,6851.3271484375,0.0,1917.830810546875,1895.4371337890625,0.0,3046.76806640625,0.9773216247558594,1.0,0.0,3.0,1.0,0.0
12395700,297.1224365234375,297.1499938964844,293.1499938964844,0.0,-0.0,286.0406188964844,0.8666343688964844,0.3206348121166229,0.2903455197811126,297.3079528808594,297.1499938964844,293.1499938964844,0.0,-0.0,286.0387878417969,0.9710888266563416,0.4419557154178619,0.4201900362968445,297.12255859375,297.1499938964844,293.1499938964844,0.0,-0.0,286.0407409667969,0.8616642951965332,0.3152230679988861,0.2219482660293579,297.1424560546875,297.1499938964844,293.1499938964844,0.0,-0.0,286.0404052734375,0.8761366009712219,0.3315775692462921,0.3158225119113922,297.0973815917969,297.1499938964844,293.1499938964844,0.0,-0.0,286.04248046875,0.801504373550415,0.2507462501525879,1.1374651193618774,286.0389709472656,284.95001220703125,295.4114685058594,291.11456298828125,295.4100036621094,297.18072509765625,286.0313720703125,1.0,0.5261610746383667,1.0,1.0,0.0,1.0,-2.8495523929595947,2.84954571723938,6.554427272931207e-06,2.212627649307251,1.0,1.0,0.0,112.65438079833984,141.0,43644.51171875,0.0,1879.114501953125,1.0,282.1932678222656,284.8323059082031,294.20733642578125,297.0948486328125,293.1499938964844,293.1499938964844,282.1499938964844,35657.546875,36000.0,313.1499938964844,0.0,18000.0,1.0,0.0,0.0,0.0,1.0,0.87247234582901,1.0,0.0,0.0,3.9774038791656494,3.977431297302246,1.0555836524872575e-06,4.265924453735352,4.265914440155029,9.78592834144365e-06,0.0,0.0,-0.0,6659.30029296875,0.0,1926.0479736328125,1895.4371337890625,0.0,3146.001220703125,0.9786689281463624,1.0,0.0,3.0,1.0,0.0
12395760,297.1112976074219,297.1499938964844,293.1499938964844,0.0,-0.0,285.9927673339844,0.8496898412704468,0.3193658292293548,0.2895044088363647,297.2836303710937,297.1499938964844,293.1499938964844,0.0,-0.0,285.9925537109375,0.9509723782539368,0.4405641555786133,0.418827086687088,297.11474609375,297.1499938964844,293.1499938964844,0.0,-0.0,285.9927978515625,0.8452569246292114,0.3142835795879364,0.2215218544006347,297.13482666015625,297.1499938964844,293.1499938964844,0.0,-0.0,285.99273681640625,0.8591222167015076,0.3307818174362182,0.3153834342956543,297.09051513671875,297.1499938964844,293.1499938964844,0.0,-0.0,285.9930114746094,0.7851923108100891,0.2497385591268539,1.1344621181488037,285.9925842285156,284.95001220703125,295.4486083984375,291.1327209472656,295.4471740722656,297.1642761230469,285.991455078125,1.0,0.5319482088088989,1.0,1.0,0.0,1.0,-2.857177495956421,2.857170820236206,6.568651770066936e-06,2.209174633026123,1.0,1.0,0.0,119.5668487548828,144.0,43840.2578125,0.0,1915.1385498046875,1.0,282.15594482421875,284.7897644042969,294.19580078125,297.052001953125,293.1499938964844,293.1499938964844,281.8500061035156,35735.90625,36000.0,313.1499938964844,0.0,18000.0,1.0,0.0,0.0,0.0,1.0,0.8775656223297119,1.0,0.0,0.0,3.981771945953369,3.981799364089966,1.057903432410967e-06,4.265924453735352,4.265914440155029,9.78592834144365e-06,0.0,0.0,-0.0,7002.66943359375,0.0,1932.4005126953125,1895.4371337890625,0.0,3193.7626953125,0.9797078371047974,1.0,0.0,3.0,1.0,0.0
12395820,297.0887451171875,297.1499938964844,293.1499938964844,0.0,-0.0,285.7987976074219,0.8239909410476685,0.3165915310382843,0.2875889539718628,297.251220703125,297.1499938964844,293.1499938964844,0.0,-0.0,285.798583984375,0.9172259569168092,0.4389574825763702,0.4175253212451935,297.0985107421875,297.1499938964844,293.1499938964844,0.0,-0.0,285.798828125,0.8203184008598328,0.3121938109397888,0.2205018103122711,297.1188049316406,297.1499938964844,293.1499938964844,0.0,-0.0,285.7987670898437,0.8335282206535339,0.3289672136306762,0.3142657279968261,297.0759582519531,297.1499938964844,293.1499938964844,0.0,-0.0,285.7990417480469,0.7598408460617065,0.2475125193595886,1.1272752285003662,285.798583984375,284.95001220703125,295.5228271484375,291.1693420410156,295.5213623046875,297.1395263671875,285.79736328125,1.0,0.5375403165817261,1.0,1.0,0.0,1.0,-2.8421075344085693,2.8421008586883545,6.4996106630133e-06,2.1975531578063965,1.0,1.0,0.0,132.0693817138672,132.0,45248.34375,0.0,1951.627197265625,1.0,281.8558349609375,284.5701904296875,294.219970703125,297.16424560546875,293.1499938964844,293.1499938964844,281.54998779296875,35843.03125,36000.0,313.1499938964844,0.0,18000.0,1.0,0.0,0.0,0.0,1.0,0.8904100656509399,1.0,0.0,0.0,3.987735509872437,3.987762928009033,1.0610747267492115e-06,4.265924453735352,4.265914440155029,9.78592834144365e-06,0.0,0.0,-0.0,7145.86962890625,0.0,1941.09619140625,1895.4371337890625,0.0,3314.042236328125,0.9811262488365172,1.0,0.0,3.0,1.0,0.0
12395880,297.0887451171875,297.1499938964844,293.1499938964844,0.0,-0.0,285.7987976074219,0.8239909410476685,0.3165915310382843,0.2875889539718628,297.251220703125,297.1499938964844,293.1499938964844,0.0,-0.0,285.798583984375,0.9172259569168092,0.4389574825763702,0.4175253212451935,297.0985107421875,297.1499938964844,293.1499938964844,0.0,-0.0,285.798828125,0.8203184008598328,0.3121938109397888,0.2205018103122711,297.1188049316406,297.1499938964844,293.1499938964844,0.0,-0.0,285.7987670898437,0.8335282206535339,0.3289672136306762,0.3142657279968261,297.0759582519531,297.1499938964844,293.1499938964844,0.0,-0.0,285.7990417480469,0.7598408460617065,0.2475125193595886,1.1272752285003662,285.798583984375,284.95001220703125,295.5228271484375,291.1693420410156,295.5213623046875,297.1395263671875,285.79736328125,1.0,0.5375403165817261,1.0,1.0,0.0,1.0,-2.8421075344085693,2.8421008586883545,6.4996106630133e-06,2.1975531578063965,1.0,1.0,0.0,132.0693817138672,132.0,45248.34375,0.0,1951.627197265625,1.0,281.8558349609375,284.5701904296875,294.219970703125,297.16424560546875,293.1499938964844,293.1499938964844,281.54998779296875,35843.03125,36000.0,313.1499938964844,0.0,18000.0,1.0,0.0,0.0,0.0,1.0,0.8904100656509399,1.0,0.0,0.0,3.987735509872437,3.987762928009033,1.0610747267492115e-06,4.265924453735352,4.265914440155029,9.78592834144365e-06,0.0,0.0,-0.0,7145.86962890625,0.0,1941.09619140625,1895.4371337890625,0.0,3314.042236328125,0.9811262488365172,1.0,0.0,3.0,1.0,0.0
12395940,297.067138671875,297.1499938964844,293.1499938964844,0.0,-0.0,285.6004943847656,0.8166582584381104,0.3136273026466369,0.2850940227508545,297.2281188964844,297.1499938964844,293.1499938964844,0.0,-0.0,285.6002197265625,0.9096249341964722,0.437894195318222,0.4165748357772827,297.08251953125,297.1499938964844,293.1499938964844,0.0,-0.0,285.6004943847656,0.8134716749191284,0.3099206984043121,0.2190414667129516,297.1027526855469,297.1499938964844,293.1499938964844,0.0,-0.0,285.6004638671875,0.826991617679596,0.3269470632076263,0.3125332593917846,297.06158447265625,297.1499938964844,293.1499938964844,0.0,-0.0,285.60076904296875,0.7527772784233093,0.2451190203428268,1.1173218488693235,285.6002502441406,284.95001220703125,295.596923828125,291.20635986328125,295.595458984375,297.1197814941406,285.5987854003906,1.0,0.5359888672828674,1.0,1.0,0.0,1.0,-2.822171211242676,2.82216477394104,6.408812623703852e-06,2.182168483734131,1.0,1.0,0.0,134.48959350585938,120.0,46581.08203125,0.0,1931.3016357421875,1.0,281.5558166503906,284.3477478027344,294.2474670410156,297.2737731933594,293.1499938964844,293.1499938964844,281.25,35906.75,36000.0,313.1499938964844,0.0,18000.0,1.0,0.0,0.0,0.0,1.0,0.9012525677680968,1.0,0.0,0.0,3.991278648376465,3.9913060665130615,1.0629610187606886e-06,4.265924453735352,4.265914440155029,9.78592834144365e-06,0.0,0.0,-0.0,7289.19091796875,0.0,1946.274658203125,1895.4371337890625,0.0,3415.25732421875,0.9819689393043518,1.0,0.0,3.0,1.0,0.0
12396000,297.067138671875,297.1499938964844,293.1499938964844,0.0,-0.0,285.6004943847656,0.8166582584381104,0.3136273026466369,0.2850940227508545,297.2281188964844,297.1499938964844,293.1499938964844,0.0,-0.0,285.6002197265625,0.9096249341964722,0.437894195318222,0.4165748357772827,297.08251953125,297.1499938964844,293.1499938964844,0.0,-0.0,285.6004943847656,0.8134716749191284,0.3099206984043121,0.2190414667129516,297.1027526855469,297.1499938964844,293.1499938964844,0.0,-0.0,285.6004638671875,0.826991617679596,0.3269470632076263,0.3125332593917846,297.06158447265625,297.1499938964844,293.1499938964844,0.0,-0.0,285.60076904296875,0.7527772784233093,0.2451190203428268,1.1173218488693235,285.6002502441406,284.95001220703125,295.596923828125,291.20635986328125,295.595458984375,297.1197814941406,285.5987854003906,1.0,0.5359888672828674,1.0,1.0,0.0,1.0,-2.822171211242676,2.82216477394104,6.408812623703852e-06,2.182168483734131,1.0,1.0,0.0,134.48959350585938,120.0,46581.08203125,0.0,1931.3016357421875,1.0,281.5558166503906,284.3477478027344,294.2474670410156,297.2737731933594,293.1499938964844,293.1499938964844,281.25,35906.75,36000.0,313.1499938964844,0.0,18000.0,1.0,0.0,0.0,0.0,1.0,0.9012525677680968,1.0,0.0,0.0,3.991278648376465,3.9913060665130615,1.0629610187606886e-06,4.265924453735352,4.265914440155029,9.78592834144365e-06,0.0,0.0,-0.0,7289.19091796875,0.0,1946.274658203125,1895.4371337890625,0.0,3415.25732421875,0.9819689393043518,1.0,0.0,3.0,1.0,0.0
12396060,297.04998779296875,297.1499938964844,293.1499938964844,0.0,-0.0,285.4059143066406,0.817807137966156,0.3110262155532837,0.2827456295490265,297.2114562988281,297.1499938964844,293.1499938964844,0.0,-0.0,285.4053649902344,0.9132633209228516,0.4370577335357666,0.4157356321811676,297.06964111328125,297.1499938964844,293.1499938964844,0.0,-0.0,285.40594482421875,0.8150895833969116,0.307910680770874,0.2176186889410019,297.0896911621094,297.1499938964844,293.1499938964844,0.0,-0.0,285.40582275390625,0.8288267254829407,0.3251337110996246,0.3107946515083313,297.0501708984375,297.1499938964844,293.1499938964844,0.0,-0.0,285.4064636230469,0.7537803053855896,0.2430316805839538,1.1077587604522705,285.40545654296875,284.95001220703125,295.6591491699219,291.23779296875,295.6576843261719,297.1050109863281,285.40264892578125,1.0,0.531571090221405,1.0,1.0,0.0,1.0,-2.8030495643615723,2.8030431270599365,6.3222487369785085e-06,2.1673777103424072,1.0,1.0,0.0,131.7244110107422,120.0,47846.4296875,0.0,1887.7059326171875,1.0,281.26092529296875,284.12939453125,294.2832336425781,297.3990478515625,293.1499938964844,293.1499938964844,281.25,35939.859375,36000.0,313.1499938964844,0.0,18000.0,1.0,0.0,0.0,0.0,1.0,0.9106099605560304,1.0,0.0,0.0,3.9931180477142334,3.993145704269409,1.0639411129886869e-06,4.265924453735352,4.265914440155029,9.78592834144365e-06,0.0,0.0,-0.0,7009.99609375,0.0,1948.967041015625,1895.4371337890625,0.0,3502.263427734375,0.9824064373970032,1.0,0.0,3.0,1.0,0.0
12396120,297.0472412109375,297.1499938964844,293.1499938964844,0.0,-0.0,285.3980407714844,0.8185026049613953,0.3105600476264953,0.282273530960083,297.20880126953125,297.1499938964844,293.1499938964844,0.0,-0.0,285.3977355957031,0.9146238565444946,0.4369266033172607,0.4155552089214325,297.0675354003906,297.1499938964844,293.1499938964844,0.0,-0.0,285.3980712890625,0.8158792853355408,0.3075487911701202,0.2173298001289367,297.0875244140625,297.1499938964844,293.1499938964844,0.0,-0.0,285.39801025390625,0.8296560645103455,0.324804812669754,0.3104381263256073,297.0482788085937,297.1499938964844,293.1499938964844,0.0,-0.0,285.3983459472656,0.754425048828125,0.2426495403051376,1.1058458089828491,285.3977966308594,284.95001220703125,295.6708679199219,291.24371337890625,295.6693725585937,297.1025695800781,285.39617919921875,1.0,0.5305095314979553,1.0,1.0,0.0,1.0,-2.799190044403076,2.7991838455200195,6.3048255469766445e-06,2.164381980895996,1.0,1.0,0.0,130.88795471191406,108.0,47853.38671875,0.0,1877.6439208984373,1.0,281.2558288574219,284.12255859375,294.278564453125,297.3834228515625,293.1499938964844,293.1499938964844,280.95001220703125,35944.61328125,36000.0,313.1499938964844,0.0,18000.0,1.0,0.0,0.0,0.0,1.0,0.9108132123947144,1.0,0.0,0.0,3.993382215499878,3.9934098720550537,1.064081857293786e-06,4.265924453735352,4.265914440155029,9.78592834144365e-06,0.0,0.0,-0.0,7433.494140625,0.0,1949.3538818359373,1895.4371337890625,0.0,3504.149169921875,0.9824692606925964,1.0,0.0,3.0,1.0,0.0
12396180,297.0289001464844,297.1499938964844,293.1499938964844,0.0,-0.0,285.19207763671875,0.8259437680244446,0.3074002265930176,0.2792460322380066,297.1913452148437,297.1499938964844,293.1499938964844,0.0,-0.0,285.1917419433594,0.9277751445770264,0.435901939868927,0.4143780171871185,297.0536499023437,297.1499938964844,293.1499938964844,0.0,-0.0,285.19207763671875,0.8238962888717651,0.3050969243049621,0.2154646217823028,297.0732116699219,297.1499938964844,293.1499938964844,0.0,-0.0,285.1920166015625,0.838047206401825,0.3225634396076202,0.3081164062023163,297.0361328125,297.1499938964844,293.1499938964844,0.0,-0.0,285.1924133300781,0.7615054249763489,0.2401297688484192,1.0935101509094238,285.1917724609375,284.95001220703125,295.7446594238281,291.2814025878906,295.7431945800781,297.0869140625,285.1900634765625,1.0,0.5226475596427917,1.0,1.0,0.0,1.0,-2.7742807865142822,2.7742745876312256,6.193032731971471e-06,2.145083427429199,1.0,1.0,0.0,123.93193817138672,96.0,49076.59375,0.0,1805.944091796875,1.0,280.9557800292969,283.8948974609375,294.3119201660156,297.4927673339844,293.1499938964844,293.1499938964844,280.6499938964844,35967.11328125,36000.0,313.1499938964844,0.0,18000.0,1.0,0.0,0.0,0.0,1.0,0.9195005893707277,1.0,0.0,0.0,3.994632005691528,3.994659423828125,1.064747948475997e-06,4.265924453735352,4.265914440155029,9.78592834144365e-06,0.0,0.0,-0.0,7579.19970703125,0.0,1951.1844482421875,1895.4371337890625,0.0,3584.548828125,0.9827664494514464,1.0,0.0,3.0,1.0,0.0
12396240,297.0289001464844,297.1499938964844,293.1499938964844,0.0,-0.0,285.19207763671875,0.8259437680244446,0.3074002265930176,0.2792460322380066,297.1913452148437,297.1499938964844,293.1499938964844,0.0,-0.0,285.1917419433594,0.9277751445770264,0.435901939868927,0.4143780171871185,297.0536499023437,297.1499938964844,293.1499938964844,0.0,-0.0,285.19207763671875,0.8238962888717651,0.3050969243049621,0.2154646217823028,297.0732116699219,297.1499938964844,293.1499938964844,0.0,-0.0,285.1920166015625,0.838047206401825,0.3225634396076202,0.3081164062023163,297.0361328125,297.1499938964844,293.1499938964844,0.0,-0.0,285.1924133300781,0.7615054249763489,0.2401297688484192,1.0935101509094238,285.1917724609375,284.95001220703125,295.7446594238281,291.2814025878906,295.7431945800781,297.0869140625,285.1900634765625,1.0,0.5226475596427917,1.0,1.0,0.0,1.0,-2.7742807865142822,2.7742745876312256,6.193032731971471e-06,2.145083427429199,1.0,1.0,0.0,123.93193817138672,96.0,49076.59375,0.0,1805.944091796875,1.0,280.9557800292969,283.8948974609375,294.3119201660156,297.4927673339844,293.1499938964844,293.1499938964844,280.6499938964844,35967.11328125,36000.0,313.1499938964844,0.0,18000.0,1.0,0.0,0.0,0.0,1.0,0.9195005893707277,1.0,0.0,0.0,3.994632005691528,3.994659423828125,1.064747948475997e-06,4.265924453735352,4.265914440155029,9.78592834144365e-06,0.0,0.0,-0.0,7579.19970703125,0.0,1951.1844482421875,1895.4371337890625,0.0,3584.548828125,0.9827664494514464,1.0,0.0,3.0,1.0,0.0
12396300,297.0204467773437,297.1499938964844,293.1499938964844,0.0,-0.0,285.0389709472656,0.831489086151123,0.3058045208454132,0.2777154743671417,297.1832275390625,297.1499938964844,293.1499938964844,0.0,-0.0,285.03692626953125,0.9370275139808656,0.4353680908679962,0.4137680530548095,297.0472412109375,297.1499938964844,293.1499938964844,0.0,-0.0,285.0390014648437,0.8297070860862732,0.3038590848445892,0.2145152390003204,297.0665283203125,297.1499938964844,293.1499938964844,0.0,-0.0,285.03863525390625,0.8441963791847229,0.3214226365089416,0.3069226741790771,297.03057861328125,297.1499938964844,293.1499938964844,0.0,-0.0,285.0409851074219,0.7669054865837097,0.2388656884431839,1.0872292518615725,285.0372314453125,284.95001220703125,295.7815246582031,291.3003234863281,295.780029296875,297.0797424316406,285.0270690917969,1.0,0.5181332230567932,1.0,1.0,0.0,1.0,-2.761584520339966,2.7615785598754883,6.136417596280808e-06,2.13523817062378,1.0,1.0,0.0,119.62847900390624,96.0,50198.27734375,0.0,1766.2877197265625,1.0,280.6927185058594,283.7128295898437,294.35235595703125,297.65362548828125,293.1499938964844,293.1499938964844,280.6499938964844,35974.66015625,36000.0,313.1499938964844,0.0,18000.0,1.0,0.0,0.0,0.0,1.0,0.925815999507904,1.0,0.0,0.0,3.9950509071350098,3.9950785636901855,1.06497134311212e-06,4.265924453735352,4.265914440155029,9.78592834144365e-06,0.0,0.0,-0.0,7337.185546875,0.0,1951.798583984375,1895.4371337890625,0.0,3642.732421875,0.982866108417511,1.0,0.0,3.0,1.0,0.0
12396360,297.0119323730469,297.1499938964844,293.1499938964844,0.0,-0.0,284.9827575683594,0.8378580212593079,0.3041485249996185,0.2760669589042663,297.17498779296875,297.1499938964844,293.1499938964844,0.0,-0.0,284.982421875,0.947267472743988,0.4347698390483856,0.4130353927612304,297.040771484375,297.1499938964844,293.1499938964844,0.0,-0.0,284.9827880859375,0.8363568782806396,0.3025714159011841,0.2134933918714523,297.0597839355469,297.1499938964844,293.1499938964844,0.0,-0.0,284.9826965332031,0.8513087034225464,0.3202298581600189,0.3056334853172302,297.0250549316406,297.1499938964844,293.1499938964844,0.0,-0.0,284.9831237792969,0.7731934189796448,0.2375663518905639,1.0806258916854858,284.98248291015625,284.95001220703125,295.8183288574219,291.3193359375,295.8168334960937,297.07232666015625,284.98065185546875,1.0,0.5133033990859985,1.0,1.0,0.0,1.0,-2.7480101585388184,2.748004198074341,6.076181762182387e-06,2.124715566635132,1.0,1.0,0.0,115.05940246582033,84.0,50255.71484375,0.0,1724.4154052734375,1.0,280.6556701660156,283.664794921875,294.3466186523437,297.6011962890625,293.1499938964844,293.1499938964844,280.3500061035156,35980.4765625,36000.0,313.1499938964844,0.0,18000.0,1.0,0.0,0.0,0.0,1.0,0.9275029301643372,1.0,0.0,0.0,3.995373964309693,3.995401382446289,1.0651434649844305e-06,4.265924453735352,4.265914440155029,9.78592834144365e-06,0.0,0.0,-0.0,7726.40283203125,0.0,1952.2718505859373,1895.4371337890625,0.0,3658.232177734375,0.9829429388046264,1.0,0.0,3.0,1.0,0.0
12396420,296.9997253417969,297.1499938964844,293.1499938964844,0.0,-0.0,284.7880859375,0.8500702381134033,0.3016148805618286,0.2736091911792755,297.1629943847656,297.1499938964844,293.1499938964844,0.0,-0.0,284.7872314453125,0.9649282693862916,0.4338124990463257,0.4119386374950409,297.0314636230469,297.1499938964844,293.1499938964844,0.0,-0.0,284.7881164550781,0.8489856123924255,0.300601989030838,0.2119643688201904,297.04998779296875,297.1499938964844,293.1499938964844,0.0,-0.0,284.7879333496094,0.8648481369018555,0.3183956146240234,0.3036912381649017,297.0172424316406,297.1499938964844,293.1499938964844,0.0,-0.0,284.7889404296875,0.7851971387863159,0.2355955988168716,1.0707043409347534,284.7873840332031,284.95001220703125,295.8737487792969,291.3480834960937,295.87225341796875,297.06182861328125,284.7831726074219,1.0,0.5056107044219971,1.0,1.0,0.0,1.0,-2.727644681930542,2.7276384830474854,5.986356427456485e-06,2.1089234352111816,0.996814787387848,0.996814787387848,0.0,107.61007690429688,84.0,51389.87109375,0.0,1659.5565185546875,1.0,280.36553955078125,283.4476928710937,294.3871765136719,297.733642578125,293.1499938964844,293.1499938964844,280.3500061035156,36074.89453125,36000.0,313.1499938964844,0.0,18000.0,1.0,0.0,0.0,0.0,1.0,0.934798002243042,1.0,0.0,0.0,3.9935474395751953,3.993574857711792,1.0641698509061823e-06,4.265924453735352,4.265914440155029,9.78592834144365e-06,0.0,0.0,-0.0,7424.03466796875,0.0,1950.637939453125,1895.4371337890625,0.0,3725.040283203125,0.9825672507286072,1.0,0.0,3.0,1.0,0.0
12396480,296.9962463378906,297.1499938964844,293.1499938964844,0.0,-0.0,284.7720642089844,0.8546729683876038,0.3008084893226623,0.2727656066417694,297.15948486328125,297.1499938964844,293.1499938964844,0.0,-0.0,284.7716979980469,0.9709344506263732,0.4335153698921203,0.4115360975265503,297.0287780761719,297.1499938964844,293.1499938964844,0.0,-0.0,284.7720642089844,0.8537390828132629,0.2999731302261352,0.211439162492752,297.047119140625,297.1499938964844,293.1499938964844,0.0,-0.0,284.7720031738281,0.869936466217041,0.3178053498268127,0.3030217587947845,297.0149841308594,297.1499938964844,293.1499938964844,0.0,-0.0,284.7723999023437,0.7896822094917297,0.2349609136581421,1.0673469305038452,284.7717590332031,284.95001220703125,295.8918762207031,291.3575134277344,295.890380859375,297.0586853027344,284.7698974609375,1.0,0.5029885172843933,1.0,1.0,0.0,1.0,-2.7206759452819824,2.720669984817505,5.95574874751037e-06,2.1035077571868896,0.9960424900054932,0.9960424900054932,0.0,105.09939575195312,72.0,51379.0546875,0.0,1637.750732421875,1.0,280.35577392578125,283.434326171875,294.3817138671875,297.70733642578125,293.1499938964844,293.1499938964844,280.04998779296875,36096.28515625,36000.0,313.1499938964844,0.0,18000.0,1.0,0.0,0.0,0.0,1.0,0.9348692893981934,1.0,0.0,0.0,3.9924099445343018,3.9924376010894775,1.0635637863742886e-06,4.265924453735352,4.265914440155029,9.78592834144365e-06,0.0,0.0,-0.0,7873.59716796875,0.0,1949.31494140625,1895.4371337890625,0.0,3725.69091796875,0.982330083847046,1.0,0.0,3.0,1.0,0.0
12396540,296.9818725585937,297.1499938964844,293.1499938964844,0.0,-0.0,284.5614013671875,0.878120481967926,0.2974057793617248,0.2693764269351959,297.1448059082031,297.1499938964844,293.1499938964844,0.0,-0.0,284.56103515625,0.9960647225379944,0.4321487843990326,0.4099047183990478,297.0177001953125,297.1499938964844,293.1499938964844,0.0,-0.0,284.5614013671875,0.877846896648407,0.2973142564296722,0.2093227952718734,297.03521728515625,297.1499938964844,293.1499938964844,0.0,-0.0,284.56134033203125,0.8954061269760132,0.3152951002120971,0.3003034293651581,297.0058288574219,297.1499938964844,293.1499938964844,0.0,-0.0,284.561767578125,0.8117249608039856,0.232324406504631,1.0538020133972168,284.56109619140625,284.95001220703125,295.9652709960937,291.3958435058594,295.9637451171875,297.0453491210937,284.5592956542969,1.0,0.4919984042644501,1.0,1.0,0.0,1.0,-2.692555427551269,2.692549705505371,5.833078830619343e-06,2.0816750526428223,0.9891161918640136,0.9891161918640136,0.0,94.5125503540039,60.0,52442.10546875,0.0,1548.73681640625,1.0,280.0558166503906,283.2049560546875,294.4170227050781,297.810302734375,293.1499938964844,293.1499938964844,279.75,36258.27734375,36000.0,313.1499938964844,0.0,18000.0,1.0,0.0,0.0,0.0,1.0,0.9416089057922364,1.0,0.0,0.0,3.983487367630005,3.9835147857666016,1.0588150871626567e-06,4.265924453735352,4.265914440155029,9.78592834144365e-06,0.0,0.0,-0.0,8019.3876953125,0.0,1938.9130859375,1895.4371337890625,0.0,3787.06396484375,0.9804031848907472,1.0,0.0,3.0,1.0,0.0
12396600,296.9818725585937,297.1499938964844,293.1499938964844,0.0,-0.0,284.5614013671875,0.878120481967926,0.2974057793617248,0.2693764269351959,297.1448059082031,297.1499938964844,293.1499938964844,0.0,-0.0,284.56103515625,0.9960647225379944,0.4321487843990326,0.4099047183990478,297.0177001953125,297.1499938964844,293.1499938964844,0.0,-0.0,284.5614013671875,0.877846896648407,0.2973142564296722,0.2093227952718734,297.03521728515625,297.1499938964844,293.1499938964844,0.0,-0.0,284.56134033203125,0.8954061269760132,0.3152951002120971,0.3003034293651581,297.0058288574219,297.1499938964844,293.1499938964844,0.0,-0.0,284.561767578125,0.8117249608039856,0.232324406504631,1.0538020133972168,284.56109619140625,284.95001220703125,295.9652709960937,291.3958435058594,295.9637451171875,297.0453491210937,284.5592956542969,1.0,0.4919984042644501,1.0,1.0,0.0,1.0,-2.692555427551269,2.692549705505371,5.833078830619343e-06,2.0816750526428223,0.9891161918640136,0.9891161918640136,0.0,94.5125503540039,60.0,52442.10546875,0.0,1548.73681640625,1.0,280.0558166503906,283.2049560546875,294.4170227050781,297.810302734375,293.1499938964844,293.1499938964844,279.75,36258.27734375,36000.0,313.1499938964844,0.0,18000.0,1.0,0.0,0.0,0.0,1.0,0.9416089057922364,1.0,0.0,0.0,3.983487367630005,3.9835147857666016,1.0588150871626567e-06,4.265924453735352,4.265914440155029,9.78592834144365e-06,0.0,0.0,-0.0,8019.3876953125,0.0,1938.9130859375,1895.4371337890625,0.0,3787.06396484375,0.9804031848907472,1.0,0.0,3.0,1.0,0.0
12396660,296.9681701660156,297.1499938964844,293.1499938964844,0.0,-0.0,284.3314208984375,0.8962108492851257,0.2938888669013977,0.2660401165485382,297.1488952636719,297.1499938964844,293.1499938964844,0.0,-0.0,284.3308410644531,0.9990000128746032,0.4324547946453094,0.3877333104610443,297.00640869140625,297.1499938964844,293.1499938964844,0.0,-0.0,284.3314208984375,0.8966607451438904,0.2944968342781067,0.2072225362062454,297.0230407714844,297.1499938964844,293.1499938964844,0.0,-0.0,284.331298828125,0.915785789489746,0.3126097619533539,0.2975882589817047,296.9967041015625,297.1499938964844,293.1499938964844,0.0,-0.0,284.33203125,0.8270680904388428,0.2295742332935333,1.0405195951461792,284.3309020996094,284.95001220703125,296.0385437011719,291.434326171875,296.0369873046875,297.0380859375,284.3274841308594,1.0,0.4791482388973236,1.0,1.0,0.0,1.0,-2.6401853561401367,2.6401796340942383,5.608786068478366e-06,2.041384220123291,0.979028582572937,0.979028582572937,0.0,86.43604278564453,48.0,53133.94921875,0.0,1440.0006103515625,1.0,279.75592041015625,282.9610595703125,294.4501647949219,297.89703369140625,293.1499938964844,293.1499938964844,279.45001220703125,36464.14453125,36000.0,313.1499938964844,0.0,18000.0,1.0,0.0,0.0,0.0,1.0,0.9473570585250854,1.0,0.0,0.0,3.967196702957153,3.96722412109375,1.0501727274458972e-06,4.265924453735352,4.265914440155029,9.78592834144365e-06,0.0,0.0,-0.0,8133.90234375,0.0,1919.3035888671875,1895.4371337890625,0.0,3839.12109375,0.9768376350402832,1.0,0.0,3.0,1.0,0.0
12396720,296.9681701660156,297.1499938964844,293.1499938964844,0.0,-0.0,284.3314208984375,0.8962108492851257,0.2938888669013977,0.2660401165485382,297.1488952636719,297.1499938964844,293.1499938964844,0.0,-0.0,284.3308410644531,0.9990000128746032,0.4324547946453094,0.3877333104610443,297.00640869140625,297.1499938964844,293.1499938964844,0.0,-0.0,284.3314208984375,0.8966607451438904,0.2944968342781067,0.2072225362062454,297.0230407714844,297.1499938964844,293.1499938964844,0.0,-0.0,284.331298828125,0.915785789489746,0.3126097619533539,0.2975882589817047,296.9967041015625,297.1499938964844,293.1499938964844,0.0,-0.0,284.33203125,0.8270680904388428,0.2295742332935333,1.0405195951461792,284.3309020996094,284.95001220703125,296.0385437011719,291.434326171875,296.0369873046875,297.0380859375,284.3274841308594,1.0,0.4791482388973236,1.0,1.0,0.0,1.0,-2.6401853561401367,2.6401796340942383,5.608786068478366e-06,2.041384220123291,0.979028582572937,0.979028582572937,0.0,86.43604278564453,48.0,53133.94921875,0.0,1440.0006103515625,1.0,279.75592041015625,282.9610595703125,294.4501647949219,297.89703369140625,293.1499938964844,293.1499938964844,279.45001220703125,36464.14453125,36000.0,313.1499938964844,0.0,18000.0,1.0,0.0,0.0,0.0,1.0,0.9473570585250854,1.0,0.0,0.0,3.967196702957153,3.96722412109375,1.0501727274458972e-06,4.265924453735352,4.265914440155029,9.78592834144365e-06,0.0,0.0,-0.0,8133.90234375,0.0,1919.3035888671875,1895.4371337890625,0.0,3839.12109375,0.9768376350402832,1.0,0.0,3.0,1.0,0.0
12396780,296.9549560546875,297.1499938964844,293.1499938964844,0.0,-0.0,284.08544921875,0.9189265370368958,0.2902462780475616,0.2625779807567596,297.19024658203125,297.1499938964844,293.1499938964844,0.0,-0.0,284.0849304199219,0.9990000128746032,0.4365992248058319,0.3570663928985595,296.9946594238281,297.1499938964844,293.1499938964844,0.0,-0.0,284.08544921875,0.9202455878257751,0.2914885878562927,0.2049871832132339,297.0104064941406,297.1499938964844,293.1499938964844,0.0,-0.0,284.0852966308594,0.9418585300445556,0.3097231984138489,0.2946806848049164,296.9877624511719,297.1499938964844,293.1499938964844,0.0,-0.0,284.08612060546875,0.8451638221740723,0.2267281413078308,1.0267435312271118,284.0848999023437,284.95001220703125,296.1116638183594,291.4729309082031,296.1100769042969,297.048583984375,284.0810546875,1.0,0.4644343256950378,1.0,1.0,0.0,1.0,-2.576446771621704,2.576441526412964,5.340984898793977e-06,1.9919720888137813,0.9655296206474304,0.9655296206474304,0.0,78.11695861816406,51.0,53561.921875,0.0,1319.6298828125,1.0,279.4560546875,282.7082824707031,294.4793395996094,297.958984375,293.1499938964844,293.1499938964844,279.1499938964844,36725.140625,36000.0,313.1499938964844,0.0,18000.0,1.0,0.0,0.0,0.0,1.0,0.9510972499847412,1.0,0.0,0.0,3.9414236545562735,3.941450834274292,1.0365721436755848e-06,4.265924453735352,4.265914440155029,9.78592834144365e-06,0.0,0.0,-0.0,8220.3515625,0.0,1888.0635986328125,1895.4371337890625,0.0,3872.841796875,0.9711705446243286,1.0,0.0,3.0,1.0,0.0
12396840,296.9549560546875,297.1499938964844,293.1499938964844,0.0,-0.0,284.08544921875,0.9189265370368958,0.2902462780475616,0.2625779807567596,297.19024658203125,297.1499938964844,293.1499938964844,0.0,-0.0,284.0849304199219,0.9990000128746032,0.4365992248058319,0.3570663928985595,296.9946594238281,297.1499938964844,293.1499938964844,0.0,-0.0,284.08544921875,0.9202455878257751,0.2914885878562927,0.2049871832132339,297.0104064941406,297.1499938964844,293.1499938964844,0.0,-0.0,284.0852966308594,0.9418585300445556,0.3097231984138489,0.2946806848049164,296.9877624511719,297.1499938964844,293.1499938964844,0.0,-0.0,284.08612060546875,0.8451638221740723,0.2267281413078308,1.0267435312271118,284.0848999023437,284.95001220703125,296.1116638183594,291.4729309082031,296.1100769042969,297.048583984375,284.0810546875,1.0,0.4644343256950378,1.0,1.0,0.0,1.0,-2.576446771621704,2.576441526412964,5.340984898793977e-06,1.9919720888137813,0.9655296206474304,0.9655296206474304,0.0,78.11695861816406,51.0,53561.921875,0.0,1319.6298828125,1.0,279.4560546875,282.7082824707031,294.4793395996094,297.958984375,293.1499938964844,293.1499938964844,279.1499938964844,36725.140625,36000.0,313.1499938964844,0.0,18000.0,1.0,0.0,0.0,0.0,1.0,0.9510972499847412,1.0,0.0,0.0,3.9414236545562735,3.941450834274292,1.0365721436755848e-06,4.265924453735352,4.265914440155029,9.78592834144365e-06,0.0,0.0,-0.0,8220.3515625,0.0,1888.0635986328125,1895.4371337890625,0.0,3872.841796875,0.9711705446243286,1.0,0.0,3.0,1.0,0.0
12396900,296.9493408203125,297.1499938964844,293.1499938964844,0.0,-0.0,283.9168395996094,0.9284653067588806,0.2884612679481506,0.2609153091907501,297.2191162109375,297.1499938964844,293.1499938964844,0.0,-0.0,283.91510009765625,0.9990000128746032,0.4396902918815613,0.3454996049404144,296.9891662597656,297.1499938964844,293.1499938964844,0.0,-0.0,283.9167785644531,0.9301583170890808,0.2899672985076904,0.2038853466510772,297.00445556640625,297.1499938964844,293.1499938964844,0.0,-0.0,283.9162902832031,0.951768398284912,0.3082556128501892,0.2932400107383728,296.98394775390625,297.1499938964844,293.1499938964844,0.0,-0.0,283.91925048828125,0.8523671627044678,0.2253257483243942,1.020085096359253,283.91485595703125,284.95001220703125,296.148193359375,291.4922180175781,296.1465759277344,297.0588684082031,283.9023742675781,1.0,0.4587984681129455,1.0,1.0,0.0,1.0,-2.549478769302368,2.549473762512207,5.229178441368276e-06,1.9708240032196045,0.956981897354126,0.956981897354126,0.0,75.01420593261719,51.0,54279.58203125,0.0,1272.15966796875,1.0,279.1941833496094,282.5179748535156,294.51617431640625,298.0934143066406,293.1499938964844,293.1499938964844,279.1499938964844,36885.54296875,36000.0,313.1499938964844,0.0,18000.0,1.0,0.0,0.0,0.0,1.0,0.9544066190719604,1.0,0.0,0.0,3.924504041671753,3.924530982971192,1.0276916100337985e-06,4.265924453735352,4.265914440155029,9.78592834144365e-06,0.0,0.0,-0.0,7915.25048828125,0.0,1867.6741943359373,1895.4371337890625,0.0,3902.572265625,0.9674217104911804,1.0,0.0,3.0,1.0,0.0
12396960,296.9442138671875,297.1499938964844,293.1499938964844,0.0,-0.0,283.8515014648437,0.9350436925888062,0.2866851389408111,0.2592244148254394,297.2456970214844,297.1499938964844,293.1499938964844,0.0,-0.0,283.8512268066406,0.9990000128746032,0.4427360594272613,0.3370813727378845,296.98370361328125,297.1499938964844,293.1499938964844,0.0,-0.0,283.8515014648437,0.9370588660240172,0.2884110808372497,0.2027459889650344,296.9985046386719,297.1499938964844,293.1499938964844,0.0,-0.0,283.8514099121094,0.9584820866584778,0.306749939918518,0.2917504906654358,296.9803161621094,297.1499938964844,293.1499938964844,0.0,-0.0,283.8519592285156,0.8574079275131226,0.2239179611206054,1.013408660888672,283.8511657714844,284.95001220703125,296.1846618652344,291.51153564453125,296.1830444335937,297.0680236816406,283.8487548828125,1.0,0.4539880454540252,1.0,1.0,0.0,1.0,-2.526146173477173,2.526141166687012,5.133592821948696e-06,1.9526203870773315,0.948962390422821,0.948962390422821,0.0,72.68553161621094,69.0,54062.7734375,0.0,1233.363037109375,1.0,279.1561279296875,282.4684143066406,294.5112609863281,298.0187683105469,293.1499938964844,293.1499938964844,278.8500061035156,37036.05078125,36000.0,313.1499938964844,0.0,18000.0,1.0,0.0,0.0,0.0,1.0,0.9533273577690125,1.0,0.0,0.0,3.904220581054688,3.904247283935547,1.0170961104449816e-06,4.265924453735352,4.265914440155029,9.78592834144365e-06,0.0,0.0,-0.0,8313.0693359375,0.0,1843.1129150390625,1895.4371337890625,0.0,3892.887939453125,0.9629706740379332,1.0,0.0,3.0,1.0,0.0
12397020,296.93719482421875,297.1499938964844,293.1499938964844,0.0,-0.0,283.6588439941406,0.9258700013160706,0.2833665907382965,0.2562282979488373,297.2740173339844,297.1499938964844,293.1499938964844,0.0,-0.0,283.6588439941406,0.9990000128746032,0.4468739330768585,0.3417388796806335,296.9750366210937,297.1499938964844,293.1499938964844,0.0,-0.0,283.6588439941406,0.9283630847930908,0.2854242920875549,0.2006684988737106,296.9888000488281,297.1499938964844,293.1499938964844,0.0,-0.0,283.6588439941406,0.950532078742981,0.3038451075553894,0.2890216112136841,296.97509765625,297.1499938964844,293.1499938964844,0.0,-0.0,283.6589050292969,0.8502945899963379,0.2212361991405487,1.0014079809188845,283.6588439941406,284.95001220703125,296.2575378417969,291.5502014160156,296.2558898925781,297.0776062011719,283.6591491699219,1.0,0.4523141980171203,1.0,1.0,0.0,1.0,-2.50791335105896,2.50790810585022,5.058664100943133e-06,1.937955498695373,0.930084466934204,0.930084466934204,0.0,72.89759063720703,87.0,54941.15625,0.0,1212.2032470703125,1.0,278.85650634765625,282.263427734375,294.5511169433594,298.1032409667969,293.1499938964844,293.1499938964844,278.54998779296875,37378.94140625,36000.0,313.1499938964844,0.0,18000.0,1.0,0.0,0.0,0.0,1.0,0.9557287693023682,1.0,0.0,0.0,3.85424280166626,3.854269027709961,9.912231462294583e-07,4.265924453735352,4.265914440155029,9.78592834144365e-06,0.0,0.0,-0.0,8448.1279296875,0.0,1783.38671875,1895.4371337890625,0.0,3914.421875,0.951940417289734,1.0,0.0,3.0,1.0,0.0
12397080,296.93719482421875,297.1499938964844,293.1499938964844,0.0,-0.0,283.6588439941406,0.9258700013160706,0.2833665907382965,0.2562282979488373,297.2740173339844,297.1499938964844,293.1499938964844,0.0,-0.0,283.6588439941406,0.9990000128746032,0.4468739330768585,0.3417388796806335,296.9750366210937,297.1499938964844,293.1499938964844,0.0,-0.0,283.6588439941406,0.9283630847930908,0.2854242920875549,0.2006684988737106,296.9888000488281,297.1499938964844,293.1499938964844,0.0,-0.0,283.6588439941406,0.950532078742981,0.3038451075553894,0.2890216112136841,296.97509765625,297.1499938964844,293.1499938964844,0.0,-0.0,283.6589050292969,0.8502945899963379,0.2212361991405487,1.0014079809188845,283.6588439941406,284.95001220703125,296.2575378417969,291.5502014160156,296.2558898925781,297.0776062011719,283.6591491699219,1.0,0.4523141980171203,1.0,1.0,0.0,1.0,-2.50791335105896,2.50790810585022,5.058664100943133e-06,1.937955498695373,0.930084466934204,0.930084466934204,0.0,72.89759063720703,87.0,54941.15625,0.0,1212.2032470703125,1.0,278.85650634765625,282.263427734375,294.5511169433594,298.1032409667969,293.1499938964844,293.1499938964844,278.54998779296875,37378.94140625,36000.0,313.1499938964844,0.0,18000.0,1.0,0.0,0.0,0.0,1.0,0.9557287693023682,1.0,0.0,0.0,3.85424280166626,3.854269027709961,9.912231462294583e-07,4.265924453735352,4.265914440155029,9.78592834144365e-06,0.0,0.0,-0.0,8448.1279296875,0.0,1783.38671875,1895.4371337890625,0.0,3914.421875,0.951940417289734,1.0,0.0,3.0,1.0,0.0
12397140,296.9324035644531,297.1499938964844,293.1499938964844,0.0,-0.0,283.5110778808594,0.8997336030006409,0.2801844477653503,0.2535385489463806,297.2501525878906,297.1499938964844,293.1499938964844,0.0,-0.0,283.5113525390625,0.9990000128746032,0.4460817873477936,0.3653189241886139,296.9696044921875,297.1499938964844,293.1499938964844,0.0,-0.0,283.5110778808594,0.9022802114486694,0.2826570272445678,0.1988253146409988,296.98193359375,297.1499938964844,293.1499938964844,0.0,-0.0,283.5111389160156,0.9235365390777588,0.3011068105697632,0.2865749895572662,296.9714660644531,297.1499938964844,293.1499938964844,0.0,-0.0,283.51080322265625,0.8297375440597534,0.2186533659696579,0.9905930757522584,283.5113525390625,284.95001220703125,296.33026123046875,291.5887756347656,296.3286437988281,297.0639038085937,283.5135803222656,1.0,0.4570756554603576,1.0,1.0,0.0,1.0,-2.514845848083496,2.514840841293335,5.086053079139674e-06,1.9430022239685056,0.909562885761261,0.909562885761261,0.0,77.5714111328125,105.0,56142.48828125,0.0,1240.6085205078125,1.0,278.5569152832031,282.09454345703125,294.59783935546875,298.2189025878906,293.1499938964844,293.1499938964844,278.25,37738.80859375,36000.0,313.1499938964844,0.0,18000.0,1.0,0.0,0.0,0.0,1.0,0.959821343421936,1.0,0.0,0.0,3.79079842567444,3.790824174880981,9.588588909537066e-07,4.265924453735352,4.265914440155029,9.78592834144365e-06,0.0,0.0,-0.0,8625.1796875,0.0,1709.0400390625,1895.4371337890625,0.0,3950.9931640625,0.937932789325714,1.0,0.0,3.0,1.0,0.0
12397200,296.9324035644531,297.1499938964844,293.1499938964844,0.0,-0.0,283.5110778808594,0.8997336030006409,0.2801844477653503,0.2535385489463806,297.2501525878906,297.1499938964844,293.1499938964844,0.0,-0.0,283.5113525390625,0.9990000128746032,0.4460817873477936,0.3653189241886139,296.9696044921875,297.1499938964844,293.1499938964844,0.0,-0.0,283.5110778808594,0.9022802114486694,0.2826570272445678,0.1988253146409988,296.98193359375,297.1499938964844,293.1499938964844,0.0,-0.0,283.5111389160156,0.9235365390777588,0.3011068105697632,0.2865749895572662,296.9714660644531,297.1499938964844,293.1499938964844,0.0,-0.0,283.51080322265625,0.8297375440597534,0.2186533659696579,0.9905930757522584,283.5113525390625,284.95001220703125,296.33026123046875,291.5887756347656,296.3286437988281,297.0639038085937,283.5135803222656,1.0,0.4570756554603576,1.0,1.0,0.0,1.0,-2.514845848083496,2.514840841293335,5.086053079139674e-06,1.9430022239685056,0.909562885761261,0.909562885761261,0.0,77.5714111328125,105.0,56142.48828125,0.0,1240.6085205078125,1.0,278.5569152832031,282.09454345703125,294.59783935546875,298.2189025878906,293.1499938964844,293.1499938964844,278.25,37738.80859375,36000.0,313.1499938964844,0.0,18000.0,1.0,0.0,0.0,0.0,1.0,0.959821343421936,1.0,0.0,0.0,3.79079842567444,3.790824174880981,9.588588909537066e-07,4.265924453735352,4.265914440155029,9.78592834144365e-06,0.0,0.0,-0.0,8625.1796875,0.0,1709.0400390625,1895.4371337890625,0.0,3950.9931640625,0.937932789325714,1.0,0.0,3.0,1.0,0.0
12397260,296.9276733398437,297.1499938964844,293.1499938964844,0.0,-0.0,283.4004821777344,0.8681403398513794,0.2769530713558197,0.2509357929229736,297.1775817871094,297.1499938964844,293.1499938964844,0.0,-0.0,283.40118408203125,0.9990000128746032,0.4400436878204345,0.4015655219554901,296.9674072265625,297.1499938964844,293.1499938964844,0.0,-0.0,283.4005126953125,0.8712389469146729,0.2801478207111358,0.197255864739418,296.9778747558594,297.1499938964844,293.1499938964844,0.0,-0.0,283.400634765625,0.8901022672653198,0.2985657155513763,0.2844247817993164,296.9687805175781,297.1499938964844,293.1499938964844,0.0,-0.0,283.3999328613281,0.8022368550300598,0.2161196619272232,0.9805901050567628,283.4010314941406,284.95001220703125,296.40283203125,291.6272888183594,296.4012451171875,297.0291442871094,283.40484619140625,1.0,0.4665795862674713,1.0,1.0,0.0,1.0,-2.538768768310547,2.538763523101806,5.182863787922543e-06,1.961289525032044,0.8878318667411804,0.8878318667411804,0.0,85.79402923583984,108.0,57540.55078125,0.0,1305.5701904296875,1.0,278.2574157714844,281.9570617675781,294.644775390625,298.35113525390625,293.1499938964844,293.1499938964844,278.54998779296875,38109.62109375,36000.0,313.1499938964844,0.0,18000.0,1.0,0.0,0.0,0.0,1.0,0.9656131267547609,1.0,0.0,0.0,3.7133073806762695,3.713332414627075,9.200577437695756e-07,4.265924453735352,4.265914440155029,9.78592834144365e-06,0.0,0.0,-0.0,7808.87255859375,0.0,1620.8065185546875,1895.4371337890625,0.0,4002.461181640625,0.9208420515060424,1.0,0.0,3.0,1.0,0.0
12397320,296.9276733398437,297.1499938964844,293.1499938964844,0.0,-0.0,283.4004821777344,0.8681403398513794,0.2769530713558197,0.2509357929229736,297.1775817871094,297.1499938964844,293.1499938964844,0.0,-0.0,283.40118408203125,0.9990000128746032,0.4400436878204345,0.4015655219554901,296.9674072265625,297.1499938964844,293.1499938964844,0.0,-0.0,283.4005126953125,0.8712389469146729,0.2801478207111358,0.197255864739418,296.9778747558594,297.1499938964844,293.1499938964844,0.0,-0.0,283.400634765625,0.8901022672653198,0.2985657155513763,0.2844247817993164,296.9687805175781,297.1499938964844,293.1499938964844,0.0,-0.0,283.3999328613281,0.8022368550300598,0.2161196619272232,0.9805901050567628,283.4010314941406,284.95001220703125,296.40283203125,291.6272888183594,296.4012451171875,297.0291442871094,283.40484619140625,1.0,0.4665795862674713,1.0,1.0,0.0,1.0,-2.538768768310547,2.538763523101806,5.182863787922543e-06,1.961289525032044,0.8878318667411804,0.8878318667411804,0.0,85.79402923583984,108.0,57540.55078125,0.0,1305.5701904296875,1.0,278.2574157714844,281.9570617675781,294.644775390625,298.35113525390625,293.1499938964844,293.1499938964844,278.54998779296875,38109.62109375,36000.0,313.1499938964844,0.0,18000.0,1.0,0.0,0.0,0.0,1.0,0.9656131267547609,1.0,0.0,0.0,3.7133073806762695,3.713332414627075,9.200577437695756e-07,4.265924453735352,4.265914440155029,9.78592834144365e-06,0.0,0.0,-0.0,7808.87255859375,0.0,1620.8065185546875,1895.4371337890625,0.0,4002.461181640625,0.9208420515060424,1.0,0.0,3.0,1.0,0.0
12397380,296.93682861328125,297.1499938964844,293.1499938964844,0.0,-0.0,283.6713256835937,0.8387137651443481,0.2750453054904938,0.2491880059242248,297.1082458496094,297.1499938964844,293.1499938964844,0.0,-0.0,283.67236328125,0.9808362722396852,0.4332970380783081,0.4121094346046448,296.9776306152344,297.1499938964844,293.1499938964844,0.0,-0.0,283.6713562011719,0.8421754240989685,0.2788547873497009,0.1963612288236618,296.9864501953125,297.1499938964844,293.1499938964844,0.0,-0.0,283.6715393066406,0.859501302242279,0.2972363233566284,0.2831757962703705,296.974609375,297.1499938964844,293.1499938964844,0.0,-0.0,283.67047119140625,0.7735078930854797,0.2144047766923904,0.9734165668487548,283.6720886230469,284.95001220703125,296.47528076171875,291.6656799316406,296.47369384765625,297.0028381347656,283.6763916015625,1.0,0.4729187190532684,1.0,1.0,0.0,1.0,-2.538182258605957,2.538177013397217,5.18116939929314e-06,1.961190938949585,0.8729153871536255,0.8729153871536255,0.0,95.26052856445312,111.0,56370.109375,0.0,1345.7667236328125,1.0,278.5423278808594,282.2409973144531,294.6289978027344,298.2033996582031,293.1499938964844,293.1499938964844,278.8500061035156,38046.46875,36000.0,313.1499938964844,0.0,18000.0,1.0,0.0,0.0,0.0,1.0,0.9547378420829772,1.0,0.0,0.0,3.636000394821167,3.6360247135162354,8.821473898024124e-07,4.265924453735352,4.265914440155029,9.78592834144365e-06,0.0,0.0,-0.0,7636.78466796875,0.0,1532.90234375,1895.4371337890625,0.0,3905.54248046875,0.903592586517334,1.0,0.0,3.0,1.0,0.0
12397440,296.93682861328125,297.1499938964844,293.1499938964844,0.0,-0.0,283.6713256835937,0.8387137651443481,0.2750453054904938,0.2491880059242248,297.1082458496094,297.1499938964844,293.1499938964844,0.0,-0.0,283.67236328125,0.9808362722396852,0.4332970380783081,0.4121094346046448,296.9776306152344,297.1499938964844,293.1499938964844,0.0,-0.0,283.6713562011719,0.8421754240989685,0.2788547873497009,0.1963612288236618,296.9864501953125,297.1499938964844,293.1499938964844,0.0,-0.0,283.6715393066406,0.859501302242279,0.2972363233566284,0.2831757962703705,296.974609375,297.1499938964844,293.1499938964844,0.0,-0.0,283.67047119140625,0.7735078930854797,0.2144047766923904,0.9734165668487548,283.6720886230469,284.95001220703125,296.47528076171875,291.6656799316406,296.47369384765625,297.0028381347656,283.6763916015625,1.0,0.4729187190532684,1.0,1.0,0.0,1.0,-2.538182258605957,2.538177013397217,5.18116939929314e-06,1.961190938949585,0.8729153871536255,0.8729153871536255,0.0,95.26052856445312,111.0,56370.109375,0.0,1345.7667236328125,1.0,278.5423278808594,282.2409973144531,294.6289978027344,298.2033996582031,293.1499938964844,293.1499938964844,278.8500061035156,38046.46875,36000.0,313.1499938964844,0.0,18000.0,1.0,0.0,0.0,0.0,1.0,0.9547378420829772,1.0,0.0,0.0,3.636000394821167,3.6360247135162354,8.821473898024124e-07,4.265924453735352,4.265914440155029,9.78592834144365e-06,0.0,0.0,-0.0,7636.78466796875,0.0,1532.90234375,1895.4371337890625,0.0,3905.54248046875,0.903592586517334,1.0,0.0,3.0,1.0,0.0
12397500,296.9454650878906,297.1499938964844,293.1499938964844,0.0,-0.0,283.843505859375,0.8282055258750916,0.2745419144630432,0.2487515956163406,297.099365234375,297.1499938964844,293.1499938964844,0.0,-0.0,283.8470764160156,0.967834174633026,0.4321532547473907,0.4104838371276855,296.98638916015625,297.1499938964844,293.1499938964844,0.0,-0.0,283.8436279296875,0.8318403959274292,0.2786207199096679,0.1962190419435501,296.99462890625,297.1499938964844,293.1499938964844,0.0,-0.0,283.84423828125,0.848576009273529,0.2970034480094909,0.2829828858375549,296.9808654785156,297.1499938964844,293.1499938964844,0.0,-0.0,283.8406066894531,0.7630252242088318,0.2139057964086532,0.9713952541351318,283.8461608886719,284.95001220703125,296.5114440917969,291.684814453125,296.5098571777344,297.0035095214844,283.8605041503906,1.0,0.475072830915451,1.0,1.0,0.0,1.0,-2.532867431640625,2.5328621864318848,5.159235115570482e-06,1.956950545310974,0.8672311305999756,0.8672311305999756,0.0,99.3035125732422,111.0,55232.96875,0.0,1356.494384765625,1.0,278.7979736328125,282.4415588378906,294.6204528808594,298.06219482421875,293.1499938964844,293.1499938964844,278.8500061035156,37949.33984375,36000.0,313.1499938964844,0.0,18000.0,1.0,0.0,0.0,0.0,1.0,0.9468494653701782,1.0,0.0,0.0,3.599491834640503,3.599515676498413,8.645212687952153e-07,4.265924453735352,4.265914440155029,9.78592834144365e-06,0.0,0.0,-0.0,7859.2587890625,0.0,1492.0819091796875,1895.4371337890625,0.0,3834.53564453125,0.8954493403434753,1.0,0.0,3.0,1.0,0.0
12397560,296.9562072753906,297.1499938964844,293.1499938964844,0.0,-0.0,283.93536376953125,0.8211750984191895,0.2743018269538879,0.2485717535018921,297.10113525390625,297.1499938964844,293.1499938964844,0.0,-0.0,283.93658447265625,0.9587118625640868,0.4320027530193329,0.4100489318370819,296.9972229003906,297.1499938964844,293.1499938964844,0.0,-0.0,283.9354248046875,0.825028657913208,0.2786473333835602,0.1962599158287048,297.0048522949219,297.1499938964844,293.1499938964844,0.0,-0.0,283.9356384277344,0.8414463996887207,0.2970221638679504,0.2830322682857513,296.98907470703125,297.1499938964844,293.1499938964844,0.0,-0.0,283.93438720703125,0.7561028003692627,0.2136399149894714,0.9703582525253296,283.936279296875,284.95001220703125,296.547607421875,291.7038879394531,296.5459899902344,297.0101318359375,283.94140625,1.0,0.476979911327362,1.0,1.0,0.0,1.0,-2.5309863090515137,2.530981063842773,5.151328423380619e-06,1.9553710222244265,0.8614264726638794,0.8614264726638794,0.0,102.34707641601562,99.0,55048.015625,0.0,1367.237060546875,1.0,278.8414306640625,282.5233459472656,294.6578063964844,298.13531494140625,293.1499938964844,293.1499938964844,279.1499938964844,37842.26953125,36000.0,313.1499938964844,0.0,18000.0,1.0,0.0,0.0,0.0,1.0,0.9429328441619872,1.0,0.0,0.0,3.5659823417663574,3.5660057067871094,8.484996101287834e-07,4.265924453735352,4.265914440155029,9.78592834144365e-06,0.0,0.0,-0.0,7488.5546875,0.0,1455.155029296875,1895.4371337890625,0.0,3799.078125,0.8878868222236633,1.0,0.0,3.0,1.0,0.0
12397620,296.98046875,297.1499938964844,293.1499938964844,0.0,-0.0,284.20220947265625,0.8235700130462646,0.2742994129657745,0.2483717501163482,297.1195678710937,297.1499938964844,293.1499938964844,0.0,-0.0,284.20343017578125,0.9626309871673584,0.4332365095615387,0.4107040464878082,297.0215148925781,297.1499938964844,293.1499938964844,0.0,-0.0,284.2022705078125,0.8279114961624146,0.2791701555252075,0.196473553776741,297.0279846191406,297.1499938964844,293.1499938964844,0.0,-0.0,284.20245361328125,0.8444111347198486,0.2975235879421234,0.2833032310009002,297.00860595703125,297.1499938964844,293.1499938964844,0.0,-0.0,284.20123291015625,0.7582934498786926,0.2135752737522125,0.9691146612167358,284.2030944824219,284.95001220703125,296.6197814941406,291.7418518066406,296.6181945800781,297.0311279296875,284.2082214355469,1.0,0.4756427407264709,1.0,1.0,0.0,1.0,-2.5306177139282227,2.5306124687194824,5.14950261276681e-06,1.954921007156372,0.8535220623016357,0.8535220623016357,0.0,101.1247100830078,87.0,53871.82421875,0.0,1361.4971923828125,1.0,279.1407470703125,282.8039855957031,294.69873046875,298.09771728515625,293.1499938964844,293.1499938964844,279.45001220703125,37525.6875,36000.0,313.1499938964844,0.0,18000.0,1.0,0.0,0.0,0.0,1.0,0.9319980144500732,1.0,0.0,0.0,3.5075695514678955,3.5075924396514893,8.20929528799752e-07,4.265924453735352,4.265914440155029,9.78592834144365e-06,0.0,0.0,-0.0,7363.49609375,0.0,1391.3758544921875,1895.4371337890625,0.0,3699.441162109375,0.8746950626373291,1.0,0.0,3.0,1.0,0.0
12397680,296.98046875,297.1499938964844,293.1499938964844,0.0,-0.0,284.20220947265625,0.8235700130462646,0.2742994129657745,0.2483717501163482,297.1195678710937,297.1499938964844,293.1499938964844,0.0,-0.0,284.20343017578125,0.9626309871673584,0.4332365095615387,0.4107040464878082,297.0215148925781,297.1499938964844,293.1499938964844,0.0,-0.0,284.2022705078125,0.8279114961624146,0.2791701555252075,0.196473553776741,297.0279846191406,297.1499938964844,293.1499938964844,0.0,-0.0,284.20245361328125,0.8444111347198486,0.2975235879421234,0.2833032310009002,297.00860595703125,297.1499938964844,293.1499938964844,0.0,-0.0,284.20123291015625,0.7582934498786926,0.2135752737522125,0.9691146612167358,284.2030944824219,284.95001220703125,296.6197814941406,291.7418518066406,296.6181945800781,297.0311279296875,284.2082214355469,1.0,0.4756427407264709,1.0,1.0,0.0,1.0,-2.5306177139282227,2.5306124687194824,5.14950261276681e-06,1.954921007156372,0.8535220623016357,0.8535220623016357,0.0,101.1247100830078,87.0,53871.82421875,0.0,1361.4971923828125,1.0,279.1407470703125,282.8039855957031,294.69873046875,298.09771728515625,293.1499938964844,293.1499938964844,279.45001220703125,37525.6875,36000.0,313.1499938964844,0.0,18000.0,1.0,0.0,0.0,0.0,1.0,0.9319980144500732,1.0,0.0,0.0,3.5075695514678955,3.5075924396514893,8.20929528799752e-07,4.265924453735352,4.265914440155029,9.78592834144365e-06,0.0,0.0,-0.0,7363.49609375,0.0,1391.3758544921875,1895.4371337890625,0.0,3699.441162109375,0.8746950626373291,1.0,0.0,3.0,1.0,0.0
12397740,297.0067749023437,297.1499938964844,293.1499938964844,0.0,-0.0,284.4636535644531,0.8383243680000305,0.274814635515213,0.2484913468360901,297.1467590332031,297.1499938964844,293.1499938964844,0.0,-0.0,284.46484375,0.9814615845680236,0.4356003403663635,0.4124579429626465,297.0477600097656,297.1499938964844,293.1499938964844,0.0,-0.0,284.4637145996094,0.8432936072349548,0.2801994681358337,0.1969249695539474,297.05322265625,297.1499938964844,293.1499938964844,0.0,-0.0,284.4638977050781,0.8605929613113403,0.2985312938690185,0.2838934659957886,297.0307312011719,297.1499938964844,293.1499938964844,0.0,-0.0,284.46270751953125,0.7727765440940857,0.2140241265296936,0.9694130420684814,284.46453857421875,284.95001220703125,296.6918334960937,291.7795715332031,296.69024658203125,297.0576171875,284.4693908691406,1.0,0.4716030061244964,1.0,1.0,0.0,1.0,-2.534475326538086,2.5344700813293457,5.164919002709212e-06,1.9577529430389404,0.8490622043609619,0.8490622043609619,0.0,94.97216033935548,75.0,52804.9765625,0.0,1339.8349609375,1.0,279.44024658203125,283.0768737792969,294.74090576171875,298.0711975097656,293.1499938964844,293.1499938964844,279.75,37139.375,36000.0,313.1499938964844,0.0,18000.0,1.0,0.0,0.0,0.0,1.0,0.9220425486564636,1.0,0.0,0.0,3.4635543823242188,3.4635767936706543,8.00455723037885e-07,4.265924453735352,4.265914440155029,9.78592834144365e-06,0.0,0.0,-0.0,7253.27880859375,0.0,1343.5526123046875,1895.4371337890625,0.0,3607.99609375,0.8646484613418579,1.0,0.0,3.0,1.0,0.0
12397800,297.0067749023437,297.1499938964844,293.1499938964844,0.0,-0.0,284.4636535644531,0.8383243680000305,0.274814635515213,0.2484913468360901,297.1467590332031,297.1499938964844,293.1499938964844,0.0,-0.0,284.46484375,0.9814615845680236,0.4356003403663635,0.4124579429626465,297.0477600097656,297.1499938964844,293.1499938964844,0.0,-0.0,284.4637145996094,0.8432936072349548,0.2801994681358337,0.1969249695539474,297.05322265625,297.1499938964844,293.1499938964844,0.0,-0.0,284.4638977050781,0.8605929613113403,0.2985312938690185,0.2838934659957886,297.0307312011719,297.1499938964844,293.1499938964844,0.0,-0.0,284.46270751953125,0.7727765440940857,0.2140241265296936,0.9694130420684814,284.46453857421875,284.95001220703125,296.6918334960937,291.7795715332031,296.69024658203125,297.0576171875,284.4693908691406,1.0,0.4716030061244964,1.0,1.0,0.0,1.0,-2.534475326538086,2.5344700813293457,5.164919002709212e-06,1.9577529430389404,0.8490622043609619,0.8490622043609619,0.0,94.97216033935548,75.0,52804.9765625,0.0,1339.8349609375,1.0,279.44024658203125,283.0768737792969,294.74090576171875,298.0711975097656,293.1499938964844,293.1499938964844,279.75,37139.375,36000.0,313.1499938964844,0.0,18000.0,1.0,0.0,0.0,0.0,1.0,0.9220425486564636,1.0,0.0,0.0,3.4635543823242188,3.4635767936706543,8.00455723037885e-07,4.265924453735352,4.265914440155029,9.78592834144365e-06,0.0,0.0,-0.0,7253.27880859375,0.0,1343.5526123046875,1895.4371337890625,0.0,3607.99609375,0.8646484613418579,1.0,0.0,3.0,1.0,0.0
12397860,297.0331420898437,297.1499938964844,293.1499938964844,0.0,-0.0,284.7132263183594,0.8610461354255676,0.2756716310977936,0.2489018142223358,297.1784362792969,297.1499938964844,293.1499938964844,0.0,-0.0,284.7139892578125,0.9990000128746032,0.4387564957141876,0.4082633852958679,297.0741882324219,297.1499938964844,293.1499938964844,0.0,-0.0,284.7132873535156,0.8669384121894836,0.2815833389759063,0.1976069658994674,297.0787353515625,297.1499938964844,293.1499938964844,0.0,-0.0,284.7134094238281,0.8854686617851257,0.2998923063278198,0.2847953736782074,297.0535888671875,297.1499938964844,293.1499938964844,0.0,-0.0,284.71258544921875,0.7950731515884399,0.2148286700248718,0.9712111353874208,284.7138061523437,284.95001220703125,296.76373291015625,291.8169250488281,296.7621459960937,297.086669921875,284.7166442871094,1.0,0.4657796621322632,1.0,1.0,0.0,1.0,-2.5345325469970703,2.53452730178833,5.165015863894951e-06,1.9577280282974243,0.8478618860244751,0.8478618860244751,0.0,87.08899688720703,63.0,51754.84375,0.0,1305.5770263671875,1.0,279.7398681640625,283.33551025390625,294.7821350097656,298.0499572753906,293.1499938964844,293.1499938964844,280.04998779296875,36718.0390625,36000.0,313.1499938964844,0.0,18000.0,1.0,0.0,0.0,0.0,1.0,0.9128724336624146,1.0,0.0,0.0,3.4354262351989746,3.435448169708252,7.87507190125325e-07,4.265924453735352,4.265914440155029,9.78592834144365e-06,0.0,0.0,-0.0,7150.033203125,0.0,1312.3475341796875,1895.4371337890625,0.0,3523.24169921875,0.8580884337425232,1.0,0.0,3.0,1.0,0.0
12397920,297.0331420898437,297.1499938964844,293.1499938964844,0.0,-0.0,284.7132263183594,0.8610461354255676,0.2756716310977936,0.2489018142223358,297.1784362792969,297.1499938964844,293.1499938964844,0.0,-0.0,284.7139892578125,0.9990000128746032,0.4387564957141876,0.4082633852958679,297.0741882324219,297.1499938964844,293.1499938964844,0.0,-0.0,284.7132873535156,0.8669384121894836,0.2815833389759063,0.1976069658994674,297.0787353515625,297.1499938964844,293.1499938964844,0.0,-0.0,284.7134094238281,0.8854686617851257,0.2998923063278198,0.2847953736782074,297.0535888671875,297.1499938964844,293.1499938964844,0.0,-0.0,284.71258544921875,0.7950731515884399,0.2148286700248718,0.9712111353874208,284.7138061523437,284.95001220703125,296.76373291015625,291.8169250488281,296.7621459960937,297.086669921875,284.7166442871094,1.0,0.4657796621322632,1.0,1.0,0.0,1.0,-2.5345325469970703,2.53452730178833,5.165015863894951e-06,1.9577280282974243,0.8478618860244751,0.8478618860244751,0.0,87.08899688720703,63.0,51754.84375,0.0,1305.5770263671875,1.0,279.7398681640625,283.33551025390625,294.7821350097656,298.0499572753906,293.1499938964844,293.1499938964844,280.04998779296875,36718.0390625,36000.0,313.1499938964844,0.0,18000.0,1.0,0.0,0.0,0.0,1.0,0.9128724336624146,1.0,0.0,0.0,3.4354262351989746,3.435448169708252,7.87507190125325e-07,4.265924453735352,4.265914440155029,9.78592834144365e-06,0.0,0.0,-0.0,7150.033203125,0.0,1312.3475341796875,1895.4371337890625,0.0,3523.24169921875,0.8580884337425232,1.0,0.0,3.0,1.0,0.0
12397980,297.0570983886719,297.1499938964844,293.1499938964844,0.0,-0.0,284.915771484375,0.8820415735244751,0.2766192853450775,0.2495191544294357,297.2451171875,297.1499938964844,293.1499938964844,0.0,-0.0,284.9161682128906,0.9990000128746032,0.4458257555961609,0.3809706568717956,297.098388671875,297.1499938964844,293.1499938964844,0.0,-0.0,284.9158020019531,0.8888208866119385,0.2830739915370941,0.1984653919935226,297.1021728515625,297.1499938964844,293.1499938964844,0.0,-0.0,284.9158935546875,0.9081684947013856,0.3013646304607391,0.2859383523464203,297.074951171875,297.1499938964844,293.1499938964844,0.0,-0.0,284.9153747558594,0.8146491050720215,0.215772271156311,0.9742261171340942,284.9161071777344,284.95001220703125,296.83551025390625,291.8539428710937,296.8338928222656,297.1302795410156,284.9177551269531,1.0,0.457192987203598,1.0,1.0,0.0,1.0,-2.5080008506774902,2.507995843887329,5.057763701188378e-06,1.9373799562454224,0.8490390181541443,0.8490390181541443,0.0,80.4516372680664,51.0,50408.421875,0.0,1244.585205078125,1.0,280.0396423339844,283.5569763183594,294.8168640136719,298.008544921875,293.1499938964844,293.1499938964844,280.3500061035156,36333.45703125,36000.0,313.1499938964844,0.0,18000.0,1.0,0.0,0.0,0.0,1.0,0.9033517837524414,1.0,0.0,0.0,3.422076940536499,3.4220988750457764,7.813989668647991e-07,4.265924453735352,4.265914440155029,9.78592834144365e-06,0.0,0.0,-0.0,7021.86669921875,0.0,1296.408447265625,1895.4371337890625,0.0,3434.8076171875,0.8548187017440796,1.0,0.0,3.0,1.0,0.0
12398040,297.0570983886719,297.1499938964844,293.1499938964844,0.0,-0.0,284.915771484375,0.8820415735244751,0.2766192853450775,0.2495191544294357,297.2451171875,297.1499938964844,293.1499938964844,0.0,-0.0,284.9161682128906,0.9990000128746032,0.4458257555961609,0.3809706568717956,297.098388671875,297.1499938964844,293.1499938964844,0.0,-0.0,284.9158020019531,0.8888208866119385,0.2830739915370941,0.1984653919935226,297.1021728515625,297.1499938964844,293.1499938964844,0.0,-0.0,284.9158935546875,0.9081684947013856,0.3013646304607391,0.2859383523464203,297.074951171875,297.1499938964844,293.1499938964844,0.0,-0.0,284.9153747558594,0.8146491050720215,0.215772271156311,0.9742261171340942,284.9161071777344,284.95001220703125,296.83551025390625,291.8539428710937,296.8338928222656,297.1302795410156,284.9177551269531,1.0,0.457192987203598,1.0,1.0,0.0,1.0,-2.5080008506774902,2.507995843887329,5.057763701188378e-06,1.9373799562454224,0.8490390181541443,0.8490390181541443,0.0,80.4516372680664,51.0,50408.421875,0.0,1244.585205078125,1.0,280.0396423339844,283.5569763183594,294.8168640136719,298.008544921875,293.1499938964844,293.1499938964844,280.3500061035156,36333.45703125,36000.0,313.1499938964844,0.0,18000.0,1.0,0.0,0.0,0.0,1.0,0.9033517837524414,1.0,0.0,0.0,3.422076940536499,3.4220988750457764,7.813989668647991e-07,4.265924453735352,4.265914440155029,9.78592834144365e-06,0.0,0.0,-0.0,7021.86669921875,0.0,1296.408447265625,1895.4371337890625,0.0,3434.8076171875,0.8548187017440796,1.0,0.0,3.0,1.0,0.0
12398100,297.06805419921875,297.1499938964844,293.1499938964844,0.0,-0.0,285.0462951660156,0.8957410454750061,0.2771055102348327,0.2498093992471695,297.2916564941406,297.1499938964844,293.1499938964844,0.0,-0.0,285.04840087890625,0.9990000128746032,0.4509935677051544,0.3646343052387237,297.1094055175781,297.1499938964844,293.1499938964844,0.0,-0.0,285.04644775390625,0.9029509425163268,0.2838292121887207,0.1988822668790817,297.1128845214844,297.1499938964844,293.1499938964844,0.0,-0.0,285.0469055175781,0.9241134524345398,0.3021129965782165,0.286497414112091,297.0849914550781,297.1499938964844,293.1499938964844,0.0,-0.0,285.0440979003906,0.8263494968414307,0.2162837237119674,0.9757968187332152,285.0481872558594,284.95001220703125,296.871337890625,291.8722839355469,296.8697204589844,297.1600952148437,285.05889892578125,1.0,0.4521247744560241,1.0,1.0,0.0,1.0,-2.491784811019897,2.4917798042297363,4.992469712306047e-06,1.9247852563858032,0.8509527444839478,0.8509527444839478,0.0,76.6562728881836,51.0,49284.05859375,0.0,1208.851806640625,1.0,280.2921142578125,283.7157897949219,294.8117980957031,297.8860168457031,293.1499938964844,293.1499938964844,280.3500061035156,36143.76953125,36000.0,313.1499938964844,0.0,18000.0,1.0,0.0,0.0,0.0,1.0,0.8961519598960876,1.0,0.0,0.0,3.420154571533203,3.4201762676239014,7.805213044775883e-07,4.265924453735352,4.265914440155029,9.78592834144365e-06,0.0,0.0,-0.0,7201.150390625,0.0,1293.1810302734375,1895.4371337890625,0.0,3367.68896484375,0.8542804718017578,1.0,0.0,3.0,1.0,0.0
12398160,297.0789794921875,297.1499938964844,293.1499938964844,0.0,-0.0,285.0979309082031,0.9125986695289612,0.2776598930358886,0.2501803934574127,297.34527587890625,297.1499938964844,293.1499938964844,0.0,-0.0,285.0981140136719,0.9990000128746032,0.4571510851383209,0.3464299142360687,297.12030029296875,297.1499938964844,293.1499938964844,0.0,-0.0,285.09796142578125,0.9210839867591858,0.2846435904502868,0.1993492394685745,297.1234741210937,297.1499938964844,293.1499938964844,0.0,-0.0,285.0979919433594,0.9433768391609192,0.3029166162014007,0.2871186435222626,297.0951232910156,297.1499938964844,293.1499938964844,0.0,-0.0,285.0976867675781,0.8401667475700378,0.2168655395507812,0.9776841402053832,285.0981140136719,284.95001220703125,296.9071350097656,291.8905029296875,296.905517578125,297.1946716308594,285.098876953125,1.0,0.4466126263141632,1.0,1.0,0.0,1.0,-2.4739365577697754,2.4739315509796143,4.921095296595013e-06,1.910917282104492,0.8524959087371826,0.8524959087371826,0.0,72.60653686523438,54.0,49016.6875,0.0,1170.5648193359375,1.0,280.3395690917969,283.7608947753906,294.847900390625,297.9557189941406,293.1499938964844,293.1499938964844,280.6499938964844,35981.05859375,36000.0,313.1499938964844,0.0,18000.0,1.0,0.0,0.0,0.0,1.0,0.8925602436065674,1.0,0.0,0.0,3.4220356941223145,3.4220573902130127,7.813800948497374e-07,4.265924453735352,4.265914440155029,9.78592834144365e-06,0.0,0.0,-0.0,6893.1318359375,0.0,1293.8956298828125,1895.4371337890625,0.0,3334.142578125,0.8545240759849548,1.0,0.0,3.0,1.0,0.0
12398220,297.0996398925781,297.1499938964844,293.1499938964844,0.0,-0.0,285.2818603515625,0.941108763217926,0.2788534164428711,0.2510360181331634,297.4557800292969,297.1499938964844,293.1499938964844,0.0,-0.0,285.2821044921875,0.9990000128746032,0.4708310067653656,0.3209885656833648,297.1409912109375,297.1499938964844,293.1499938964844,0.0,-0.0,285.28192138671875,0.950309157371521,0.286361426115036,0.2003806978464126,297.1434936523437,297.1499938964844,293.1499938964844,0.0,-0.0,285.281982421875,0.9707756042480468,0.3046094179153442,0.2884935140609741,297.1151428222656,297.1499938964844,293.1499938964844,0.0,-0.0,285.281494140625,0.8624911904335022,0.2181990295648574,0.982501208782196,285.2821655273437,284.95001220703125,296.9786376953125,291.9266052246094,296.9770202636719,297.2694091796875,285.2839050292969,1.0,0.4402060508728027,1.0,1.0,0.0,1.0,-2.4530558586120605,2.4530510902404785,4.83763051306596e-06,1.894360065460205,0.8583770990371704,0.8583770990371704,0.0,67.36984252929688,74.0,47830.48046875,0.0,1124.3565673828125,1.0,280.6396484375,283.9651794433594,294.8814697265625,297.9101257324219,293.1499938964844,293.1499938964844,280.95001220703125,35645.53515625,36000.0,313.1499938964844,0.0,18000.0,1.0,0.0,0.0,0.0,1.0,0.8811147809028625,1.0,0.0,0.0,3.434483528137207,3.4345054626464844,7.87075123298564e-07,4.265924453735352,4.265914440155029,9.78592834144365e-06,0.0,0.0,-0.0,6784.3017578125,0.0,1303.858642578125,1895.4371337890625,0.0,3227.02685546875,0.85701984167099,1.0,0.0,3.0,1.0,0.0
12398280,297.0996398925781,297.1499938964844,293.1499938964844,0.0,-0.0,285.2818603515625,0.941108763217926,0.2788534164428711,0.2510360181331634,297.4557800292969,297.1499938964844,293.1499938964844,0.0,-0.0,285.2821044921875,0.9990000128746032,0.4708310067653656,0.3209885656833648,297.1409912109375,297.1499938964844,293.1499938964844,0.0,-0.0,285.28192138671875,0.950309157371521,0.286361426115036,0.2003806978464126,297.1434936523437,297.1499938964844,293.1499938964844,0.0,-0.0,285.281982421875,0.9707756042480468,0.3046094179153442,0.2884935140609741,297.1151428222656,297.1499938964844,293.1499938964844,0.0,-0.0,285.281494140625,0.8624911904335022,0.2181990295648574,0.982501208782196,285.2821655273437,284.95001220703125,296.9786376953125,291.9266052246094,296.9770202636719,297.2694091796875,285.2839050292969,1.0,0.4402060508728027,1.0,1.0,0.0,1.0,-2.4530558586120605,2.4530510902404785,4.83763051306596e-06,1.894360065460205,0.8583770990371704,0.8583770990371704,0.0,67.36984252929688,74.0,47830.48046875,0.0,1124.3565673828125,1.0,280.6396484375,283.9651794433594,294.8814697265625,297.9101257324219,293.1499938964844,293.1499938964844,280.95001220703125,35645.53515625,36000.0,313.1499938964844,0.0,18000.0,1.0,0.0,0.0,0.0,1.0,0.8811147809028625,1.0,0.0,0.0,3.434483528137207,3.4345054626464844,7.87075123298564e-07,4.265924453735352,4.265914440155029,9.78592834144365e-06,0.0,0.0,-0.0,6784.3017578125,0.0,1303.858642578125,1895.4371337890625,0.0,3227.02685546875,0.85701984167099,1.0,0.0,3.0,1.0,0.0
12398340,297.1207275390625,297.1499938964844,293.1499938964844,0.0,-0.0,285.4960327148437,0.9420954585075378,0.2803496420383453,0.2522971034049988,297.5379638671875,297.1499938964844,293.1499938964844,0.0,-0.0,285.4964904785156,0.9990000128746032,0.4830847084522247,0.3217144012451172,297.16192626953125,297.1499938964844,293.1499938964844,0.0,-0.0,285.4961242675781,0.951844036579132,0.2883682548999786,0.2017195522785186,297.1637268066406,297.1499938964844,293.1499938964844,0.0,-0.0,285.4962463378906,0.9719893336296082,0.3065756857395172,0.2902715504169464,297.1356811523437,297.1499938964844,293.1499938964844,0.0,-0.0,285.495361328125,0.863875687122345,0.2198381721973419,0.9894979000091552,285.49664306640625,284.95001220703125,297.04998779296875,291.9621887207031,297.0483703613281,297.3333740234375,285.5005798339844,1.0,0.4433907866477966,1.0,1.0,0.0,1.0,-2.4675545692443848,2.467549562454224,4.893957338936161e-06,1.9050475358963013,0.8672937154769897,0.8672937154769897,0.0,67.9443359375,94.0,47124.7890625,0.0,1143.5125732421875,1.0,280.9398193359375,284.1900939941406,294.92303466796875,297.8955383300781,293.1499938964844,293.1499938964844,281.25,35295.203125,36000.0,313.1499938964844,0.0,18000.0,1.0,0.0,0.0,0.0,1.0,0.8707521557807922,1.0,0.0,0.0,3.459890365600586,3.459912300109864,7.987630397110479e-07,4.265924453735352,4.265914440155029,9.78592834144365e-06,0.0,0.0,-0.0,6717.92578125,0.0,1326.7703857421875,1895.4371337890625,0.0,3129.865966796875,0.8623946905136108,1.0,0.0,3.0,1.0,0.0
12398400,297.1207275390625,297.1499938964844,293.1499938964844,0.0,-0.0,285.4960327148437,0.9420954585075378,0.2803496420383453,0.2522971034049988,297.5379638671875,297.1499938964844,293.1499938964844,0.0,-0.0,285.4964904785156,0.9990000128746032,0.4830847084522247,0.3217144012451172,297.16192626953125,297.1499938964844,293.1499938964844,0.0,-0.0,285.4961242675781,0.951844036579132,0.2883682548999786,0.2017195522785186,297.1637268066406,297.1499938964844,293.1499938964844,0.0,-0.0,285.4962463378906,0.9719893336296082,0.3065756857395172,0.2902715504169464,297.1356811523437,297.1499938964844,293.1499938964844,0.0,-0.0,285.495361328125,0.863875687122345,0.2198381721973419,0.9894979000091552,285.49664306640625,284.95001220703125,297.04998779296875,291.9621887207031,297.0483703613281,297.3333740234375,285.5005798339844,1.0,0.4433907866477966,1.0,1.0,0.0,1.0,-2.4675545692443848,2.467549562454224,4.893957338936161e-06,1.9050475358963013,0.8672937154769897,0.8672937154769897,0.0,67.9443359375,94.0,47124.7890625,0.0,1143.5125732421875,1.0,280.9398193359375,284.1900939941406,294.92303466796875,297.8955383300781,293.1499938964844,293.1499938964844,281.25,35295.203125,36000.0,313.1499938964844,0.0,18000.0,1.0,0.0,0.0,0.0,1.0,0.8707521557807922,1.0,0.0,0.0,3.459890365600586,3.459912300109864,7.987630397110479e-07,4.265924453735352,4.265914440155029,9.78592834144365e-06,0.0,0.0,-0.0,6717.92578125,0.0,1326.7703857421875,1895.4371337890625,0.0,3129.865966796875,0.8623946905136108,1.0,0.0,3.0,1.0,0.0
12398460,297.1226806640625,297.1499938964844,293.1499938964844,0.0,-0.0,285.7322692871094,0.913099467754364,0.2801559567451477,0.2526009082794189,297.5409545898437,297.1499938964844,293.1499938964844,0.0,-0.0,285.73291015625,0.9990000128746032,0.4883536100387573,0.349272072315216,297.162841796875,297.1499938964844,293.1499938964844,0.0,-0.0,285.7323608398437,0.9233641624450684,0.2885908484458923,0.2022687792778015,297.163330078125,297.1499938964844,293.1499938964844,0.0,-0.0,285.7325134277344,0.9451718926429749,0.3066909909248352,0.2909363210201263,297.1332702636719,297.1499938964844,293.1499938964844,0.0,-0.0,285.73150634765625,0.8414644598960876,0.2193966209888458,0.9905388355255128,285.7329406738281,284.95001220703125,297.1206970214844,291.9964294433594,297.119140625,297.3421630859375,285.7372741699219,1.0,0.4533066749572754,1.0,1.0,0.0,1.0,-2.5037240982055664,2.5037190914154053,5.038199560658541e-06,1.9328746795654297,0.879554033279419,0.879554033279419,0.0,74.07083892822266,114.0,46725.5859375,0.0,1212.195556640625,1.0,281.2401733398437,284.4267883300781,294.97100830078125,297.9136962890625,293.1499938964844,293.1499938964844,281.54998779296875,34935.29296875,36000.0,313.1499938964844,0.0,18000.0,1.0,0.0,0.0,0.0,1.0,0.8632400035858154,1.0,0.0,0.0,3.4988467693328857,3.4988691806793213,8.168515250872588e-07,4.265924453735352,4.265914440155029,9.78592834144365e-06,0.0,0.0,-0.0,6681.2060546875,0.0,1363.7789306640625,1895.4371337890625,0.0,3059.395263671875,0.8707906007766724,1.0,0.0,3.0,1.0,0.0
12398520,297.1226806640625,297.1499938964844,293.1499938964844,0.0,-0.0,285.7322692871094,0.913099467754364,0.2801559567451477,0.2526009082794189,297.5409545898437,297.1499938964844,293.1499938964844,0.0,-0.0,285.73291015625,0.9990000128746032,0.4883536100387573,0.349272072315216,297.162841796875,297.1499938964844,293.1499938964844,0.0,-0.0,285.7323608398437,0.9233641624450684,0.2885908484458923,0.2022687792778015,297.163330078125,297.1499938964844,293.1499938964844,0.0,-0.0,285.7325134277344,0.9451718926429749,0.3066909909248352,0.2909363210201263,297.1332702636719,297.1499938964844,293.1499938964844,0.0,-0.0,285.73150634765625,0.8414644598960876,0.2193966209888458,0.9905388355255128,285.7329406738281,284.95001220703125,297.1206970214844,291.9964294433594,297.119140625,297.3421630859375,285.7372741699219,1.0,0.4533066749572754,1.0,1.0,0.0,1.0,-2.5037240982055664,2.5037190914154053,5.038199560658541e-06,1.9328746795654297,0.879554033279419,0.879554033279419,0.0,74.07083892822266,114.0,46725.5859375,0.0,1212.195556640625,1.0,281.2401733398437,284.4267883300781,294.97100830078125,297.9136962890625,293.1499938964844,293.1499938964844,281.54998779296875,34935.29296875,36000.0,313.1499938964844,0.0,18000.0,1.0,0.0,0.0,0.0,1.0,0.8632400035858154,1.0,0.0,0.0,3.4988467693328857,3.4988691806793213,8.168515250872588e-07,4.265924453735352,4.265914440155029,9.78592834144365e-06,0.0,0.0,-0.0,6681.2060546875,0.0,1363.7789306640625,1895.4371337890625,0.0,3059.395263671875,0.8707906007766724,1.0,0.0,3.0,1.0,0.0
12398580,297.1372985839844,297.1499938964844,293.1499938964844,0.0,-0.0,285.9790954589844,0.8806501030921936,0.2812797725200653,0.2536533772945404,297.5019836425781,297.1499938964844,293.1499938964844,0.0,-0.0,285.98004150390625,0.9990000128746032,0.4893890619277954,0.3890814185142517,297.176025390625,297.1499938964844,293.1499938964844,0.0,-0.0,285.97918701171875,0.8897969126701355,0.2900800704956054,0.2033406943082809,297.1747131347656,297.1499938964844,293.1499938964844,0.0,-0.0,285.9793701171875,0.908401608467102,0.3080034852027893,0.2922315001487732,297.139892578125,297.1499938964844,293.1499938964844,0.0,-0.0,285.9782409667969,0.8141757249832153,0.2198504358530044,0.9931638240814208,285.9798889160156,284.95001220703125,297.19012451171875,292.0285949707031,297.1886291503906,297.3247985839844,285.98468017578125,1.0,0.4681736528873443,1.0,1.0,0.0,1.0,-2.5588011741638184,2.558795690536499,5.262128070171457e-06,1.9753389358520508,0.8951781392097473,0.8951781392097473,0.0,83.76962280273438,134.0,46550.56640625,0.0,1322.0230712890625,1.0,281.5406188964844,284.6688232421875,295.0163269042969,297.945068359375,293.1499938964844,293.1499938964844,281.8500061035156,34596.01953125,36000.0,313.1499938964844,0.0,18000.0,1.0,0.0,0.0,0.0,1.0,0.8583873510360718,1.0,0.0,0.0,3.5504512786865234,3.550473928451538,8.411247449657822e-07,4.265924453735352,4.265914440155029,9.78592834144365e-06,0.0,0.0,-0.0,6662.09375,0.0,1414.991943359375,1895.4371337890625,0.0,3013.88134765625,0.8820517063140869,1.0,0.0,3.0,1.0,0.0
12398640,297.1372985839844,297.1499938964844,293.1499938964844,0.0,-0.0,285.9790954589844,0.8806501030921936,0.2812797725200653,0.2536533772945404,297.5019836425781,297.1499938964844,293.1499938964844,0.0,-0.0,285.98004150390625,0.9990000128746032,0.4893890619277954,0.3890814185142517,297.176025390625,297.1499938964844,293.1499938964844,0.0,-0.0,285.97918701171875,0.8897969126701355,0.2900800704956054,0.2033406943082809,297.1747131347656,297.1499938964844,293.1499938964844,0.0,-0.0,285.9793701171875,0.908401608467102,0.3080034852027893,0.2922315001487732,297.139892578125,297.1499938964844,293.1499938964844,0.0,-0.0,285.9782409667969,0.8141757249832153,0.2198504358530044,0.9931638240814208,285.9798889160156,284.95001220703125,297.19012451171875,292.0285949707031,297.1886291503906,297.3247985839844,285.98468017578125,1.0,0.4681736528873443,1.0,1.0,0.0,1.0,-2.5588011741638184,2.558795690536499,5.262128070171457e-06,1.9753389358520508,0.8951781392097473,0.8951781392097473,0.0,83.76962280273438,134.0,46550.56640625,0.0,1322.0230712890625,1.0,281.5406188964844,284.6688232421875,295.0163269042969,297.945068359375,293.1499938964844,293.1499938964844,281.8500061035156,34596.01953125,36000.0,313.1499938964844,0.0,18000.0,1.0,0.0,0.0,0.0,1.0,0.8583873510360718,1.0,0.0,0.0,3.5504512786865234,3.550473928451538,8.411247449657822e-07,4.265924453735352,4.265914440155029,9.78592834144365e-06,0.0,0.0,-0.0,6662.09375,0.0,1414.991943359375,1895.4371337890625,0.0,3013.88134765625,0.8820517063140869,1.0,0.0,3.0,1.0,0.0
12398700,297.146484375,297.1499938964844,293.1499938964844,0.0,-0.0,286.1451110839844,0.8649856448173523,0.2820993959903717,0.2544755339622497,297.4721374511719,297.1499938964844,293.1499938964844,0.0,-0.0,286.1483459472656,0.9990000128746032,0.4886896312236786,0.4116968214511871,297.1847839355469,297.1499938964844,293.1499938964844,0.0,-0.0,286.1453857421875,0.8739719986915588,0.2911045253276825,0.2041205167770385,297.1825561523437,297.1499938964844,293.1499938964844,0.0,-0.0,286.1459350585937,0.891772985458374,0.3089285492897033,0.2931989729404449,297.14483642578125,297.1499938964844,293.1499938964844,0.0,-0.0,286.1424255371094,0.7995752096176147,0.2202695459127426,0.9956287145614624,286.1476135253906,284.95001220703125,297.2243347167969,292.0438842773437,297.2228698730469,297.30987548828125,286.1614990234375,1.0,0.47703418135643,1.0,1.0,0.0,1.0,-2.592017650604248,2.5920121669769287,5.399674591899384e-06,2.001005411148072,0.904777765274048,0.904777765274048,0.0,89.74402618408203,134.0,46053.91796875,0.0,1390.9842529296875,1.0,281.7962951660156,284.8486633300781,295.014892578125,297.8652038574219,293.1499938964844,293.1499938964844,281.8500061035156,34431.1875,36000.0,313.1499938964844,0.0,18000.0,1.0,0.0,0.0,0.0,1.0,0.8546704649925232,1.0,0.0,0.0,3.580360412597656,3.580383539199829,8.553557790946797e-07,4.265924453735352,4.265914440155029,9.78592834144365e-06,0.0,0.0,-0.0,6892.22021484375,0.0,1445.54833984375,1895.4371337890625,0.0,2979.033203125,0.8886492848396301,1.0,0.0,3.0,1.0,0.0
12398760,297.15679931640625,297.1499938964844,293.1499938964844,0.0,-0.0,286.2327880859375,0.8503835797309875,0.2830923199653625,0.2555198669433594,297.4378967285156,297.1499938964844,293.1499938964844,0.0,-0.0,286.23394775390625,0.9990000128746032,0.4873725771903991,0.4354319870471954,297.1947937011719,297.1499938964844,293.1499938964844,0.0,-0.0,286.2328796386719,0.859114944934845,0.2923065721988678,0.2050709426403045,297.1915588378906,297.1499938964844,293.1499938964844,0.0,-0.0,286.2330627441406,0.876078188419342,0.3100189864635467,0.2943830788135528,297.150634765625,297.1499938964844,293.1499938964844,0.0,-0.0,286.23193359375,0.7852188348770142,0.2208067327737808,0.998854398727417,286.2336120605469,284.95001220703125,297.2581787109375,292.0587158203125,297.2567443847656,297.2931823730469,286.2384033203125,1.0,0.4866364896297455,1.0,1.0,0.0,1.0,-2.628228187561035,2.6282224655151367,5.551689355343115e-06,2.029005527496338,0.9142475724220276,0.9142475724220276,0.0,96.37237548828124,152.0,46523.94921875,0.0,1468.5755615234375,1.0,281.8412475585937,284.9134216308594,295.0569763183594,297.983154296875,293.1499938964844,293.1499938964844,281.54998779296875,34296.53125,36000.0,313.1499938964844,0.0,18000.0,1.0,0.0,0.0,0.0,1.0,0.8556333780288696,1.0,0.0,0.0,3.6132445335388175,3.6132678985595694,8.711401164873678e-07,4.265924453735352,4.265914440155029,9.78592834144365e-06,0.0,0.0,-0.0,7393.7373046875,0.0,1480.0421142578125,1895.4371337890625,0.0,2988.0595703125,0.8958813548088074,1.0,0.0,3.0,1.0,0.0
12398820,297.1615295410156,297.1499938964844,293.1499938964844,0.0,-0.0,286.0935974121094,0.8133024573326111,0.2836824953556061,0.2571564018726349,297.3539123535156,297.1499938964844,293.1499938964844,0.0,-0.0,286.09295654296875,0.9741529822349548,0.4824954867362976,0.4587753415107727,297.2017517089844,297.1499938964844,293.1499938964844,0.0,-0.0,286.0935363769531,0.8218951225280762,0.293600469827652,0.2067678272724151,297.19781494140625,297.1499938964844,293.1499938964844,0.0,-0.0,286.0934753417969,0.8367595672607422,0.3112002313137054,0.2965378761291504,297.1531982421875,297.1499938964844,293.1499938964844,0.0,-0.0,286.0940856933594,0.7489320635795593,0.2210894674062729,1.004749417304993,286.0931396484375,284.95001220703125,297.32470703125,292.0868225097656,297.3233337402344,297.2463073730469,286.0910339355469,1.0,0.505078136920929,1.0,1.0,0.0,1.0,-2.670581817626953,2.6705760955810547,5.733884336223127e-06,2.0625808238983154,0.9284461140632628,0.9284461140632628,0.0,115.365966796875,140.0,48621.06640625,0.0,1612.6790771484375,1.0,281.5577392578125,284.7243957519531,295.16815185546875,298.30645751953125,293.1499938964844,293.1499938964844,281.25,34373.578125,36000.0,313.1499938964844,0.0,18000.0,1.0,0.0,0.0,0.0,1.0,0.8762520551681519,1.0,0.0,0.0,3.674726247787476,3.674750328063965,9.010383905661e-07,4.265924453735352,4.265914440155029,9.78592834144365e-06,0.0,0.0,-0.0,7666.9912109375,0.0,1548.6005859375,1895.4371337890625,0.0,3181.447265625,0.9096841812133788,1.0,0.0,3.0,1.0,0.0
12398880,297.1615295410156,297.1499938964844,293.1499938964844,0.0,-0.0,286.0935974121094,0.8133024573326111,0.2836824953556061,0.2571564018726349,297.3539123535156,297.1499938964844,293.1499938964844,0.0,-0.0,286.09295654296875,0.9741529822349548,0.4824954867362976,0.4587753415107727,297.2017517089844,297.1499938964844,293.1499938964844,0.0,-0.0,286.0935363769531,0.8218951225280762,0.293600469827652,0.2067678272724151,297.19781494140625,297.1499938964844,293.1499938964844,0.0,-0.0,286.0934753417969,0.8367595672607422,0.3112002313137054,0.2965378761291504,297.1531982421875,297.1499938964844,293.1499938964844,0.0,-0.0,286.0940856933594,0.7489320635795593,0.2210894674062729,1.004749417304993,286.0931396484375,284.95001220703125,297.32470703125,292.0868225097656,297.3233337402344,297.2463073730469,286.0910339355469,1.0,0.505078136920929,1.0,1.0,0.0,1.0,-2.670581817626953,2.6705760955810547,5.733884336223127e-06,2.0625808238983154,0.9284461140632628,0.9284461140632628,0.0,115.365966796875,140.0,48621.06640625,0.0,1612.6790771484375,1.0,281.5577392578125,284.7243957519531,295.16815185546875,298.30645751953125,293.1499938964844,293.1499938964844,281.25,34373.578125,36000.0,313.1499938964844,0.0,18000.0,1.0,0.0,0.0,0.0,1.0,0.8762520551681519,1.0,0.0,0.0,3.674726247787476,3.674750328063965,9.010383905661e-07,4.265924453735352,4.265914440155029,9.78592834144365e-06,0.0,0.0,-0.0,7666.9912109375,0.0,1548.6005859375,1895.4371337890625,0.0,3181.447265625,0.9096841812133788,1.0,0.0,3.0,1.0,0.0
12398940,297.1519775390625,297.1499938964844,293.1499938964844,0.0,-0.0,285.89129638671875,0.7947211861610413,0.2828544378280639,0.2570814788341522,297.3124694824219,297.1499938964844,293.1499938964844,0.0,-0.0,285.8900451660156,0.950178325176239,0.4804534912109375,0.4566756784915924,297.1956481933594,297.1499938964844,293.1499938964844,0.0,-0.0,285.89117431640625,0.8044969439506531,0.2935372591018677,0.2072115838527679,297.1918334960937,297.1499938964844,293.1499938964844,0.0,-0.0,285.8910217285156,0.8196699023246765,0.3111080825328827,0.2971009910106659,297.1465148925781,297.1499938964844,293.1499938964844,0.0,-0.0,285.8921813964844,0.7331292629241943,0.2204614132642746,1.0047624111175537,285.8904113769531,284.95001220703125,297.3782653808594,292.1084899902344,297.3768920898437,297.2196350097656,285.8860778808594,1.0,0.5106621384620667,1.0,1.0,0.0,1.0,-2.6686458587646484,2.66864013671875,5.725931259803474e-06,2.061257839202881,0.9370627999305724,0.9370627999305724,0.0,125.2551498413086,140.0,50118.3046875,0.0,1655.2481689453125,1.0,281.26513671875,284.4939880371094,295.1971435546875,298.4670715332031,293.1499938964844,293.1499938964844,281.25,34569.76171875,36000.0,313.1499938964844,0.0,18000.0,1.0,0.0,0.0,0.0,1.0,0.8928540945053101,1.0,0.0,0.0,3.718731880187988,3.7187561988830566,9.227478017237444e-07,4.265924453735352,4.265914440155029,9.78592834144365e-06,0.0,0.0,-0.0,7430.26025390625,0.0,1600.086181640625,1895.4371337890625,0.0,3336.888427734375,0.919682800769806,1.0,0.0,3.0,1.0,0.0
12399000,297.1494445800781,297.1499938964844,293.1499938964844,0.0,-0.0,285.87725830078125,0.7925135493278503,0.2826148867607116,0.2569169998168945,297.30615234375,297.1499938964844,293.1499938964844,0.0,-0.0,285.8764953613281,0.947333574295044,0.4802094399929046,0.4563896656036377,297.1938171386719,297.1499938964844,293.1499938964844,0.0,-0.0,285.877197265625,0.8024327754974365,0.2934650480747223,0.2072026580572128,297.1900329589844,297.1499938964844,293.1499938964844,0.0,-0.0,285.8771057128906,0.8177317380905151,0.3110266923904419,0.2970835864543915,297.1446838378906,297.1499938964844,293.1499938964844,0.0,-0.0,285.8778381347656,0.731320321559906,0.2202762067317962,1.0042095184326172,285.8767395019531,284.95001220703125,297.3896484375,292.1130065917969,297.3883056640625,297.2152099609375,285.8739624023437,1.0,0.5111836791038513,1.0,1.0,0.0,1.0,-2.6674091815948486,2.66740345954895,5.720638455386506e-06,2.060308694839477,0.9390864968299866,0.9390864968299866,0.0,126.3862533569336,128.0,50184.84765625,0.0,1658.614990234375,1.0,281.2578125,284.4805603027344,295.187744140625,298.4501647949219,293.1499938964844,293.1499938964844,280.95001220703125,34601.38671875,36000.0,313.1499938964844,0.0,18000.0,1.0,0.0,0.0,0.0,1.0,0.8943637013435364,1.0,0.0,0.0,3.7275137901306152,3.727538347244263,9.27111159398919e-07,4.265924453735352,4.265914440155029,9.78592834144365e-06,0.0,0.0,-0.0,7845.5205078125,0.0,1610.441650390625,1895.4371337890625,0.0,3350.991455078125,0.9216843247413636,1.0,0.0,3.0,1.0,0.0
12399060,297.1281433105469,297.1499938964844,293.1499938964844,0.0,-0.0,285.5065002441406,0.7854318022727966,0.2804663181304931,0.2554219961166382,297.2720947265625,297.1499938964844,293.1499938964844,0.0,-0.0,285.5023803710937,0.9391188025474548,0.4787431359291076,0.455173522233963,297.17724609375,297.1499938964844,293.1499938964844,0.0,-0.0,285.506103515625,0.796238362789154,0.2923540472984314,0.2067351341247558,297.1734313964844,297.1499938964844,293.1499938964844,0.0,-0.0,285.5055847167969,0.8118334412574768,0.309865802526474,0.2964045405387878,297.1296081542969,297.1499938964844,293.1499938964844,0.0,-0.0,285.5093078613281,0.725530743598938,0.2186907678842544,0.9987757802009584,285.503662109375,284.95001220703125,297.4528503417969,292.13726806640625,297.3588562011719,297.1892395019531,285.4876403808594,1.0,0.5105619430541992,0.6000000238418579,0.6000000238418579,0.4000000059604645,1.0,-2.6562421321868896,1.6883180141448977,0.9679239988327026,1.0873359441757202,0.9441068768501282,0.9441068768501282,0.0,128.77395629882812,116.0,48393.83203125,0.0,1650.482177734375,1.0,280.9574890136719,284.04998779296875,295.167724609375,298.42169189453125,293.1499938964844,293.1499938964844,280.6499938964844,34958.58984375,36000.0,313.1499938964844,0.0,18000.0,1.0,0.0,0.0,0.0,1.0,0.9040265083312988,1.0,0.0,0.0,3.768247604370117,3.768272638320923,9.474845796830778e-07,4.265924453735352,4.265914440155029,9.78592834144365e-06,0.0,0.0,-0.0,7729.57666015625,0.0,1660.70263671875,1895.4371337890625,0.0,3441.087890625,0.9310448169708252,1.0,0.0,3.0,1.0,0.0
12399120,297.1281433105469,297.1499938964844,293.1499938964844,0.0,-0.0,285.5065002441406,0.7854318022727966,0.2804663181304931,0.2554219961166382,297.2720947265625,297.1499938964844,293.1499938964844,0.0,-0.0,285.5023803710937,0.9391188025474548,0.4787431359291076,0.455173522233963,297.17724609375,297.1499938964844,293.1499938964844,0.0,-0.0,285.506103515625,0.796238362789154,0.2923540472984314,0.2067351341247558,297.1734313964844,297.1499938964844,293.1499938964844,0.0,-0.0,285.5055847167969,0.8118334412574768,0.309865802526474,0.2964045405387878,297.1296081542969,297.1499938964844,293.1499938964844,0.0,-0.0,285.5093078613281,0.725530743598938,0.2186907678842544,0.9987757802009584,285.503662109375,284.95001220703125,297.4528503417969,292.13726806640625,297.3588562011719,297.1892395019531,285.4876403808594,1.0,0.5105619430541992,0.6000000238418579,0.6000000238418579,0.4000000059604645,1.0,-2.6562421321868896,1.6883180141448977,0.9679239988327026,1.0873359441757202,0.9441068768501282,0.9441068768501282,0.0,128.77395629882812,116.0,48393.83203125,0.0,1650.482177734375,1.0,280.9574890136719,284.04998779296875,295.167724609375,298.42169189453125,293.1499938964844,293.1499938964844,280.6499938964844,34958.58984375,36000.0,313.1499938964844,0.0,18000.0,1.0,0.0,0.0,0.0,1.0,0.9040265083312988,1.0,0.0,0.0,3.768247604370117,3.768272638320923,9.474845796830778e-07,4.265924453735352,4.265914440155029,9.78592834144365e-06,0.0,0.0,-0.0,7729.57666015625,0.0,1660.70263671875,1895.4371337890625,0.0,3441.087890625,0.9310448169708252,1.0,0.0,3.0,1.0,0.0
12399180,297.09259033203125,297.1499938964844,293.1499938964844,0.0,-0.0,284.96539306640625,0.7848677635192871,0.276601105928421,0.2522706389427185,297.2289123535156,297.1499938964844,293.1499938964844,0.0,-0.0,284.9626770019531,0.94096440076828,0.4759239554405212,0.4528205394744873,297.1477355957031,297.1499938964844,293.1499938964844,0.0,-0.0,284.965087890625,0.796910285949707,0.289721131324768,0.2051169872283935,297.1439514160156,297.1499938964844,293.1499938964844,0.0,-0.0,284.9647216796875,0.8125637769699097,0.30718994140625,0.2941771149635315,297.104736328125,297.1499938964844,293.1499938964844,0.0,-0.0,284.96746826171875,0.7252822518348694,0.2159247100353241,0.9874323606491088,284.9634704589844,284.95001220703125,297.5141906738281,292.15972900390625,297.2335205078125,297.1521911621094,284.955322265625,1.0,0.5055544376373291,0.2000000029802322,0.2000000029802322,0.800000011920929,1.0,-2.631376981735229,0.3275299668312073,2.303847074508667,-0.2661758959293365,0.9403330683708192,0.9403330683708192,0.0,125.96534729003906,104.0,44927.59375,0.0,1604.5360107421875,1.0,280.6572265625,283.4996337890625,295.0927734375,298.1258239746094,293.1499938964844,293.1499938964844,280.3500061035156,35521.40625,36000.0,313.1499938964844,0.0,18000.0,1.0,0.0,0.0,0.0,1.0,0.893215537071228,1.0,0.0,0.0,3.788175821304321,3.788201093673706,9.575325066180085e-07,4.265924453735352,4.265914440155029,9.78592834144365e-06,0.0,0.0,-0.0,7396.6611328125,0.0,1688.6815185546875,1895.4371337890625,0.0,3340.265380859375,0.9358750581741332,1.0,0.0,3.0,1.0,0.0
12399240,297.09259033203125,297.1499938964844,293.1499938964844,0.0,-0.0,284.96539306640625,0.7848677635192871,0.276601105928421,0.2522706389427185,297.2289123535156,297.1499938964844,293.1499938964844,0.0,-0.0,284.9626770019531,0.94096440076828,0.4759239554405212,0.4528205394744873,297.1477355957031,297.1499938964844,293.1499938964844,0.0,-0.0,284.965087890625,0.796910285949707,0.289721131324768,0.2051169872283935,297.1439514160156,297.1499938964844,293.1499938964844,0.0,-0.0,284.9647216796875,0.8125637769699097,0.30718994140625,0.2941771149635315,297.104736328125,297.1499938964844,293.1499938964844,0.0,-0.0,284.96746826171875,0.7252822518348694,0.2159247100353241,0.9874323606491088,284.9634704589844,284.95001220703125,297.5141906738281,292.15972900390625,297.2335205078125,297.1521911621094,284.955322265625,1.0,0.5055544376373291,0.2000000029802322,0.2000000029802322,0.800000011920929,1.0,-2.631376981735229,0.3275299668312073,2.303847074508667,-0.2661758959293365,0.9403330683708192,0.9403330683708192,0.0,125.96534729003906,104.0,44927.59375,0.0,1604.5360107421875,1.0,280.6572265625,283.4996337890625,295.0927734375,298.1258239746094,293.1499938964844,293.1499938964844,280.3500061035156,35521.40625,36000.0,313.1499938964844,0.0,18000.0,1.0,0.0,0.0,0.0,1.0,0.893215537071228,1.0,0.0,0.0,3.788175821304321,3.788201093673706,9.575325066180085e-07,4.265924453735352,4.265914440155029,9.78592834144365e-06,0.0,0.0,-0.0,7396.6611328125,0.0,1688.6815185546875,1895.4371337890625,0.0,3340.265380859375,0.9358750581741332,1.0,0.0,3.0,1.0,0.0
12399300,297.07568359375,297.1499938964844,293.1499938964844,0.0,-0.0,284.7858581542969,0.7861680388450623,0.2745764255523681,0.2503418028354645,297.2085876464844,297.1499938964844,293.1499938964844,0.0,-0.0,284.7820739746094,0.9442319869995116,0.4744296371936798,0.4512946903705597,297.1329650878906,297.1499938964844,293.1499938964844,0.0,-0.0,284.7854309082031,0.7988802790641785,0.2882557511329651,0.2040299028158188,297.1288146972656,297.1499938964844,293.1499938964844,0.0,-0.0,284.7849426269531,0.8144907355308533,0.3056661188602447,0.2926659882068634,297.091796875,297.1499938964844,293.1499938964844,0.0,-0.0,284.7885437011719,0.7264270782470703,0.2143655866384506,0.980141282081604,284.7832336425781,284.95001220703125,297.54412841796875,292.1702575683594,297.2262268066406,297.1340637207031,284.77020263671875,1.0,0.5018764734268188,0.0,0.0,1.0,1.0,-2.6153464317321777,1.7609425412956625e-05,2.615328788757324,-0.5897943377494812,0.9374567866325378,0.9374567866325378,0.0,123.35861206054688,104.0,45767.3984375,0.0,1572.050048828125,1.0,280.39764404296875,283.3031921386719,295.1068115234375,298.1787109375,293.1499938964844,293.1499938964844,280.3500061035156,35753.13671875,36000.0,313.1499938964844,0.0,18000.0,1.0,0.0,0.0,0.0,1.0,0.8866868615150452,1.0,0.0,0.0,3.791484832763672,3.7915101051330566,9.592060905561084e-07,4.265924453735352,4.265914440155029,9.78592834144365e-06,0.0,0.0,-0.0,7144.0947265625,0.0,1694.4293212890625,1895.4371337890625,0.0,3279.2099609375,0.9367672204971312,1.0,0.0,3.0,1.0,0.0
12399360,297.06207275390625,297.1499938964844,293.1499938964844,0.0,-0.0,284.7072448730469,0.7888018488883972,0.2727672159671783,0.248496264219284,297.1918640136719,297.1499938964844,293.1499938964844,0.0,-0.0,284.7062072753906,0.9491735100746156,0.4731560051441192,0.4498557448387146,297.1206359863281,297.1499938964844,293.1499938964844,0.0,-0.0,284.7071228027344,0.802151083946228,0.2869375348091125,0.2029639631509781,297.1158447265625,297.1499938964844,293.1499938964844,0.0,-0.0,284.7069702148437,0.8175986409187317,0.3042543828487396,0.2911546230316162,297.08038330078125,297.1499938964844,293.1499938964844,0.0,-0.0,284.7079467773437,0.7285770177841187,0.2128772586584091,0.9727385640144348,284.7065124511719,284.95001220703125,297.5735778808594,292.18035888671875,297.2210388183594,297.11871337890625,284.7027893066406,1.0,0.497577965259552,0.0126591799780726,0.0126591799780726,1.0,1.0,-2.599405527114868,1.5450274077011272e-05,2.5993900299072266,-0.5862522721290588,0.9350113272666932,0.9350113272666932,0.0,120.15357208251952,92.0,45638.609375,0.0,1535.8682861328125,1.0,280.3571472167969,283.239013671875,295.1078796386719,298.0998840332031,293.1499938964844,293.1499938964844,280.04998779296875,35936.66796875,36000.0,313.1499938964844,0.0,18000.0,1.0,0.0,0.0,0.0,1.0,0.8790488243103027,1.0,0.0,0.0,3.791257619857788,3.791283130645752,9.590911531631718e-07,4.265924453735352,4.265914440155029,9.78592834144365e-06,0.0,0.0,-0.0,7481.626953125,0.0,1695.5843505859375,1895.4371337890625,0.0,3207.666259765625,0.936866581439972,1.0,0.0,3.0,1.0,0.0
12399420,297.0418701171875,297.1499938964844,293.1499938964844,0.0,-0.0,284.46759033203125,0.799311637878418,0.2696001827716827,0.2452742606401443,297.1659545898437,297.1499938964844,293.1499938964844,0.0,-0.0,284.4666442871094,0.9648997783660888,0.4710540175437927,0.4474811255931854,297.1020812988281,297.1499938964844,293.1499938964844,0.0,-0.0,284.46746826171875,0.8135927319526672,0.284678041934967,0.2011022269725799,297.0951843261719,297.1499938964844,293.1499938964844,0.0,-0.0,284.46734619140625,0.8284216523170471,0.3017234802246094,0.2884044647216797,297.0621032714844,297.1499938964844,293.1499938964844,0.0,-0.0,284.4682312011719,0.736983060836792,0.2101376950740814,0.9587814211845398,284.4669494628906,284.95001220703125,297.6308898925781,292.1992492675781,297.2155456542969,297.0948486328125,284.463623046875,1.0,0.4878958761692047,0.0379775427281856,0.0379775427281856,1.0,1.0,-2.570366859436035,0.0002360195067012,2.5701308250427246,-0.5795645713806152,0.9266594052314758,0.9266594052314758,0.0,111.69546508789062,80.0,46320.82421875,0.0,1459.5394287109375,1.0,280.0571594238281,282.989501953125,295.1720275878906,298.2019348144531,293.1499938964844,293.1499938964844,279.75,36310.265625,36000.0,313.1499938964844,0.0,18000.0,1.0,0.0,0.0,0.0,1.0,0.8762684464454651,1.0,0.0,0.0,3.7808356285095215,3.780861139297485,9.53825406213582e-07,4.265924453735352,4.265914440155029,9.78592834144365e-06,0.0,0.0,-0.0,7580.1025390625,0.0,1686.064208984375,1895.4371337890625,0.0,3181.60107421875,0.9347689151763916,1.0,0.0,3.0,1.0,0.0
12399480,297.0418701171875,297.1499938964844,293.1499938964844,0.0,-0.0,284.46759033203125,0.799311637878418,0.2696001827716827,0.2452742606401443,297.1659545898437,297.1499938964844,293.1499938964844,0.0,-0.0,284.4666442871094,0.9648997783660888,0.4710540175437927,0.4474811255931854,297.1020812988281,297.1499938964844,293.1499938964844,0.0,-0.0,284.46746826171875,0.8135927319526672,0.284678041934967,0.2011022269725799,297.0951843261719,297.1499938964844,293.1499938964844,0.0,-0.0,284.46734619140625,0.8284216523170471,0.3017234802246094,0.2884044647216797,297.0621032714844,297.1499938964844,293.1499938964844,0.0,-0.0,284.4682312011719,0.736983060836792,0.2101376950740814,0.9587814211845398,284.4669494628906,284.95001220703125,297.6308898925781,292.1992492675781,297.2155456542969,297.0948486328125,284.463623046875,1.0,0.4878958761692047,0.0379775427281856,0.0379775427281856,1.0,1.0,-2.570366859436035,0.0002360195067012,2.5701308250427246,-0.5795645713806152,0.9266594052314758,0.9266594052314758,0.0,111.69546508789062,80.0,46320.82421875,0.0,1459.5394287109375,1.0,280.0571594238281,282.989501953125,295.1720275878906,298.2019348144531,293.1499938964844,293.1499938964844,279.75,36310.265625,36000.0,313.1499938964844,0.0,18000.0,1.0,0.0,0.0,0.0,1.0,0.8762684464454651,1.0,0.0,0.0,3.7808356285095215,3.780861139297485,9.53825406213582e-07,4.265924453735352,4.265914440155029,9.78592834144365e-06,0.0,0.0,-0.0,7580.1025390625,0.0,1686.064208984375,1895.4371337890625,0.0,3181.60107421875,0.9347689151763916,1.0,0.0,3.0,1.0,0.0
12399540,297.026611328125,297.1499938964844,293.1499938964844,0.0,-0.0,284.23614501953125,0.8150374889373779,0.2666814029216766,0.2422838360071182,297.1452941894531,297.1499938964844,293.1499938964844,0.0,-0.0,284.2352905273437,0.984815776348114,0.4691615402698517,0.4453195631504059,297.0882873535156,297.1499938964844,293.1499938964844,0.0,-0.0,284.23602294921875,0.8295928239822388,0.2826720178127289,0.1994083076715469,297.0787353515625,297.1499938964844,293.1499938964844,0.0,-0.0,284.2359313964844,0.8445360064506531,0.2993623912334442,0.2857958376407623,297.0479431152344,297.1499938964844,293.1499938964844,0.0,-0.0,284.2367553710937,0.7502353191375732,0.2075875848531723,0.9454950094223022,284.2355651855469,284.95001220703125,297.6860046386719,292.21649169921875,297.21343994140625,297.0759582519531,284.23260498046875,1.0,0.4772598445415497,0.0632959008216857,0.0632959008216857,1.0,1.0,-2.543041944503784,0.0023043653927743,2.540737628936768,-0.5713913440704346,0.9152800440788268,0.9152800440788268,0.0,101.73663330078124,68.0,46949.87890625,0.0,1380.4859619140625,1.0,279.7572937011719,282.7480773925781,295.2152709960937,298.2915344238281,293.1499938964844,293.1499938964844,279.45001220703125,36684.53125,36000.0,313.1499938964844,0.0,18000.0,1.0,0.0,0.0,0.0,1.0,0.8789385557174683,1.0,0.0,0.0,3.7565627098083496,3.7565877437591553,9.416175998921972e-07,4.265924453735352,4.265914440155029,9.78592834144365e-06,0.0,0.0,-0.0,7670.39404296875,0.0,1660.25927734375,1895.4371337890625,0.0,3206.632568359375,0.9295662641525269,1.0,0.0,3.0,1.0,0.0
12399600,297.026611328125,297.1499938964844,293.1499938964844,0.0,-0.0,284.23614501953125,0.8150374889373779,0.2666814029216766,0.2422838360071182,297.1452941894531,297.1499938964844,293.1499938964844,0.0,-0.0,284.2352905273437,0.984815776348114,0.4691615402698517,0.4453195631504059,297.0882873535156,297.1499938964844,293.1499938964844,0.0,-0.0,284.23602294921875,0.8295928239822388,0.2826720178127289,0.1994083076715469,297.0787353515625,297.1499938964844,293.1499938964844,0.0,-0.0,284.2359313964844,0.8445360064506531,0.2993623912334442,0.2857958376407623,297.0479431152344,297.1499938964844,293.1499938964844,0.0,-0.0,284.2367553710937,0.7502353191375732,0.2075875848531723,0.9454950094223022,284.2355651855469,284.95001220703125,297.6860046386719,292.21649169921875,297.21343994140625,297.0759582519531,284.23260498046875,1.0,0.4772598445415497,0.0632959008216857,0.0632959008216857,1.0,1.0,-2.543041944503784,0.0023043653927743,2.540737628936768,-0.5713913440704346,0.9152800440788268,0.9152800440788268,0.0,101.73663330078124,68.0,46949.87890625,0.0,1380.4859619140625,1.0,279.7572937011719,282.7480773925781,295.2152709960937,298.2915344238281,293.1499938964844,293.1499938964844,279.45001220703125,36684.53125,36000.0,313.1499938964844,0.0,18000.0,1.0,0.0,0.0,0.0,1.0,0.8789385557174683,1.0,0.0,0.0,3.7565627098083496,3.7565877437591553,9.416175998921972e-07,4.265924453735352,4.265914440155029,9.78592834144365e-06,0.0,0.0,-0.0,7670.39404296875,0.0,1660.25927734375,1895.4371337890625,0.0,3206.632568359375,0.9295662641525269,1.0,0.0,3.0,1.0,0.0
12399660,297.0140380859375,297.1499938964844,293.1499938964844,0.0,-0.0,284.0096130371094,0.8321620225906372,0.2638450860977173,0.2394186109304428,297.1297912597656,297.1499938964844,293.1499938964844,0.0,-0.0,284.0085144042969,0.9990000128746032,0.4675199091434479,0.4369312524795532,297.0773620605469,297.1499938964844,293.1499938964844,0.0,-0.0,284.00946044921875,0.8481982946395874,0.2807823121547699,0.1978325545787811,297.0648498535156,297.1499938964844,293.1499938964844,0.0,-0.0,284.0093078613281,0.8638540506362915,0.2970523238182068,0.2832822203636169,297.0365295410156,297.1499938964844,293.1499938964844,0.0,-0.0,284.0103454589844,0.7663531303405762,0.2051356136798858,0.9328517317771912,284.00885009765625,284.95001220703125,297.73883056640625,292.23211669921875,297.2134704589844,297.0605773925781,284.0048828125,1.0,0.4657126665115356,0.0682623013854026,0.0682623013854026,1.0,1.0,-2.5095114707946777,0.0035181536804884,2.505993127822876,-0.5624262094497681,0.9009320139884948,0.9009320139884948,0.0,91.97898864746094,56.0,47436.44921875,0.0,1296.13818359375,1.0,279.4575500488281,282.5116271972656,295.2388916015625,298.3549499511719,293.1499938964844,293.1499938964844,279.1499938964844,37078.82421875,36000.0,313.1499938964844,0.0,18000.0,1.0,0.0,0.0,0.0,1.0,0.8830089569091797,1.0,0.0,0.0,3.717708826065064,3.717733860015869,9.222401899933176e-07,4.265924453735352,4.265914440155029,9.78592834144365e-06,0.0,0.0,-0.0,7745.72802734375,0.0,1618.032470703125,1895.4371337890625,0.0,3244.772705078125,0.9211207628250122,1.0,0.0,3.0,1.0,0.0
12399720,297.0140380859375,297.1499938964844,293.1499938964844,0.0,-0.0,284.0096130371094,0.8321620225906372,0.2638450860977173,0.2394186109304428,297.1297912597656,297.1499938964844,293.1499938964844,0.0,-0.0,284.0085144042969,0.9990000128746032,0.4675199091434479,0.4369312524795532,297.0773620605469,297.1499938964844,293.1499938964844,0.0,-0.0,284.00946044921875,0.8481982946395874,0.2807823121547699,0.1978325545787811,297.0648498535156,297.1499938964844,293.1499938964844,0.0,-0.0,284.0093078613281,0.8638540506362915,0.2970523238182068,0.2832822203636169,297.0365295410156,297.1499938964844,293.1499938964844,0.0,-0.0,284.0103454589844,0.7663531303405762,0.2051356136798858,0.9328517317771912,284.00885009765625,284.95001220703125,297.73883056640625,292.23211669921875,297.2134704589844,297.0605773925781,284.0048828125,1.0,0.4657126665115356,0.0682623013854026,0.0682623013854026,1.0,1.0,-2.5095114707946777,0.0035181536804884,2.505993127822876,-0.5624262094497681,0.9009320139884948,0.9009320139884948,0.0,91.97898864746094,56.0,47436.44921875,0.0,1296.13818359375,1.0,279.4575500488281,282.5116271972656,295.2388916015625,298.3549499511719,293.1499938964844,293.1499938964844,279.1499938964844,37078.82421875,36000.0,313.1499938964844,0.0,18000.0,1.0,0.0,0.0,0.0,1.0,0.8830089569091797,1.0,0.0,0.0,3.717708826065064,3.717733860015869,9.222401899933176e-07,4.265924453735352,4.265914440155029,9.78592834144365e-06,0.0,0.0,-0.0,7745.72802734375,0.0,1618.032470703125,1895.4371337890625,0.0,3244.772705078125,0.9211207628250122,1.0,0.0,3.0,1.0,0.0
12399780,297.0018310546875,297.1499938964844,293.1499938964844,0.0,-0.0,283.7608947753906,0.8463966846466064,0.2608894109725952,0.2365735471248626,297.1507568359375,297.1499938964844,293.1499938964844,0.0,-0.0,283.759765625,0.9990000128746032,0.4693447947502136,0.4090929627418518,297.0671081542969,297.1499938964844,293.1499938964844,0.0,-0.0,283.7607116699219,0.8644479513168335,0.2788258194923401,0.1963061541318893,297.051513671875,297.1499938964844,293.1499938964844,0.0,-0.0,283.76055908203125,0.8805820941925049,0.2946236431598663,0.2807836532592773,297.026123046875,297.1499938964844,293.1499938964844,0.0,-0.0,283.76171875,0.7800834774971008,0.2026447802782058,0.920581877231598,283.7601013183594,284.95001220703125,297.7892150878906,292.24615478515625,297.2251281738281,297.060791015625,283.7557678222656,1.0,0.4520911574363708,0.0732287019491195,0.0732287019491195,1.0,1.0,-2.4530041217803955,0.0049119079485535,2.448092222213745,-0.5483317375183105,0.8831206560134888,0.8831206560134888,0.0,83.85835266113281,44.0,47480.46484375,0.0,1193.6322021484375,1.0,279.15789794921875,282.2616577148437,295.2476806640625,298.3779602050781,293.1499938964844,293.1499938964844,279.45001220703125,37542.16015625,36000.0,313.1499938964844,0.0,18000.0,1.0,0.0,0.0,0.0,1.0,0.8859604597091675,1.0,0.0,0.0,3.6618268489837646,3.661851406097412,8.94723655164853e-07,4.265924453735352,4.265914440155029,9.78592834144365e-06,0.0,0.0,-0.0,6908.53173828125,0.0,1557.9425048828125,1895.4371337890625,0.0,3272.41064453125,0.9089386463165284,1.0,0.0,3.0,1.0,0.0
12399840,297.0018310546875,297.1499938964844,293.1499938964844,0.0,-0.0,283.7608947753906,0.8463966846466064,0.2608894109725952,0.2365735471248626,297.1507568359375,297.1499938964844,293.1499938964844,0.0,-0.0,283.759765625,0.9990000128746032,0.4693447947502136,0.4090929627418518,297.0671081542969,297.1499938964844,293.1499938964844,0.0,-0.0,283.7607116699219,0.8644479513168335,0.2788258194923401,0.1963061541318893,297.051513671875,297.1499938964844,293.1499938964844,0.0,-0.0,283.76055908203125,0.8805820941925049,0.2946236431598663,0.2807836532592773,297.026123046875,297.1499938964844,293.1499938964844,0.0,-0.0,283.76171875,0.7800834774971008,0.2026447802782058,0.920581877231598,283.7601013183594,284.95001220703125,297.7892150878906,292.24615478515625,297.2251281738281,297.060791015625,283.7557678222656,1.0,0.4520911574363708,0.0732287019491195,0.0732287019491195,1.0,1.0,-2.4530041217803955,0.0049119079485535,2.448092222213745,-0.5483317375183105,0.8831206560134888,0.8831206560134888,0.0,83.85835266113281,44.0,47480.46484375,0.0,1193.6322021484375,1.0,279.15789794921875,282.2616577148437,295.2476806640625,298.3779602050781,293.1499938964844,293.1499938964844,279.45001220703125,37542.16015625,36000.0,313.1499938964844,0.0,18000.0,1.0,0.0,0.0,0.0,1.0,0.8859604597091675,1.0,0.0,0.0,3.6618268489837646,3.661851406097412,8.94723655164853e-07,4.265924453735352,4.265914440155029,9.78592834144365e-06,0.0,0.0,-0.0,6908.53173828125,0.0,1557.9425048828125,1895.4371337890625,0.0,3272.41064453125,0.9089386463165284,1.0,0.0,3.0,1.0,0.0
12399900,297.00067138671875,297.1499938964844,293.1499938964844,0.0,-0.0,283.8651733398437,0.8558705449104309,0.259831041097641,0.2352551370859146,297.1801452636719,297.1499938964844,293.1499938964844,0.0,-0.0,283.86773681640625,0.9990000128746032,0.4722256362438202,0.3930301368236542,297.0662536621094,297.1499938964844,293.1499938964844,0.0,-0.0,283.8656311035156,0.8751093149185181,0.2782119810581207,0.1956166326999664,297.0487060546875,297.1499938964844,293.1499938964844,0.0,-0.0,283.865966796875,0.8914428949356079,0.2937188148498535,0.2796032130718231,297.02398681640625,297.1499938964844,293.1499938964844,0.0,-0.0,283.863037109375,0.7891340851783752,0.2016463726758957,0.914767563343048,283.8670959472656,284.95001220703125,297.8134460449219,292.25262451171875,297.2405090332031,297.0733642578125,283.8764038085937,1.0,0.4447046518325805,0.0757118985056877,0.0757118985056877,1.0,1.0,-2.4228906631469727,0.0057548014447093,2.417135715484619,-0.5407801866531372,0.8768866062164307,0.8768866062164307,0.0,79.45765686035156,44.0,45931.1875,0.0,1140.4327392578125,1.0,279.4012145996094,282.40753173828125,295.1789855957031,298.1156311035156,293.1499938964844,293.1499938964844,279.45001220703125,37593.65625,36000.0,313.1499938964844,0.0,18000.0,1.0,0.0,0.0,0.0,1.0,0.8746362328529358,1.0,0.0,0.0,3.630963802337648,3.630987882614136,8.797051691544766e-07,4.265924453735352,4.265914440155029,9.78592834144365e-06,0.0,0.0,-0.0,7046.181640625,0.0,1523.9547119140625,1895.4371337890625,0.0,3166.29541015625,0.902161419391632,1.0,0.0,3.0,1.0,0.0
12399960,297.0045166015625,297.1499938964844,293.1499938964844,0.0,-0.0,283.904052734375,0.868613064289093,0.259262204170227,0.2344256341457367,297.2229919433594,297.1499938964844,293.1499938964844,0.0,-0.0,283.9041442871094,0.9990000128746032,0.4766183197498321,0.3745353519916534,297.07000732421875,297.1499938964844,293.1499938964844,0.0,-0.0,283.9040832519531,0.8890530467033386,0.278050035238266,0.1952616572380066,297.0501708984375,297.1499938964844,293.1499938964844,0.0,-0.0,283.9040832519531,0.9055050015449524,0.2932203710079193,0.2788237333297729,297.0253295898437,297.1499938964844,293.1499938964844,0.0,-0.0,283.9039611816406,0.800986111164093,0.2009817659854889,0.9104284048080444,283.90411376953125,284.95001220703125,297.8370361328125,292.2587280273437,297.2648620605469,297.0977478027344,283.9039306640625,1.0,0.4370494484901428,0.0781600400805473,0.0781600400805473,1.0,1.0,-2.393098831176758,0.0066966749727725,2.386402130126953,-0.5332143902778625,0.8703354001045227,0.8703354001045227,0.0,74.72896575927734,47.0,45259.51953125,0.0,1087.46337890625,1.0,279.4421081542969,282.4445495605469,295.1792297363281,298.1025085449219,293.1499938964844,293.1499938964844,279.75,37609.19921875,36000.0,313.1499938964844,0.0,18000.0,1.0,0.0,0.0,0.0,1.0,0.8659889101982117,1.0,0.0,0.0,3.601048469543457,3.601072072982788,8.652691008137481e-07,4.265924453735352,4.265914440155029,9.78592834144365e-06,0.0,0.0,-0.0,6669.39794921875,0.0,1491.26513671875,1895.4371337890625,0.0,3085.1826171875,0.8954798579216003,1.0,0.0,3.0,1.0,0.0
12400020,297.019775390625,297.1499938964844,293.1499938964844,0.0,-0.0,284.0920715332031,0.8906648755073547,0.258956640958786,0.2337074279785156,297.3259582519531,297.1499938964844,293.1499938964844,0.0,-0.0,284.092529296875,0.9990000128746032,0.4879698753356933,0.3468244671821594,297.08544921875,297.1499938964844,293.1499938964844,0.0,-0.0,284.0921936035156,0.9134384393692015,0.2785892486572265,0.1952826380729675,297.0607604980469,297.1499938964844,293.1499938964844,0.0,-0.0,284.0922546386719,0.9315571784973145,0.2930184304714203,0.2781749069690704,297.0353698730469,297.1499938964844,293.1499938964844,0.0,-0.0,284.09161376953125,0.8200788497924805,0.2004092931747436,0.9057291746139526,284.09246826171875,284.95001220703125,297.8822326660156,292.2698669433594,297.3279113769531,297.1657409667969,284.094482421875,1.0,0.4268624782562256,0.0830563157796859,0.0830563157796859,1.0,1.0,-2.3525230884552,0.0090815937146544,2.3434414863586426,-0.5220754742622375,0.8603808283805847,0.8603808283805847,0.0,68.1240234375,50.0,43381.6171875,0.0,1016.614990234375,1.0,279.7410888671875,282.6630859375,295.17950439453125,297.9609680175781,293.1499938964844,293.1499938964844,280.04998779296875,37505.2109375,36000.0,313.1499938964844,0.0,18000.0,1.0,0.0,0.0,0.0,1.0,0.8446915745735168,1.0,0.0,0.0,3.5438454151153564,3.5438687801361084,8.379977316508302e-07,4.265924453735352,4.265914440155029,9.78592834144365e-06,0.0,0.0,-0.0,6506.5419921875,0.0,1429.1768798828125,1895.4371337890625,0.0,2885.57861328125,0.8827040791511536,1.0,0.0,3.0,1.0,0.0
12400080,297.019775390625,297.1499938964844,293.1499938964844,0.0,-0.0,284.0920715332031,0.8906648755073547,0.258956640958786,0.2337074279785156,297.3259582519531,297.1499938964844,293.1499938964844,0.0,-0.0,284.092529296875,0.9990000128746032,0.4879698753356933,0.3468244671821594,297.08544921875,297.1499938964844,293.1499938964844,0.0,-0.0,284.0921936035156,0.9134384393692015,0.2785892486572265,0.1952826380729675,297.0607604980469,297.1499938964844,293.1499938964844,0.0,-0.0,284.0922546386719,0.9315571784973145,0.2930184304714203,0.2781749069690704,297.0353698730469,297.1499938964844,293.1499938964844,0.0,-0.0,284.09161376953125,0.8200788497924805,0.2004092931747436,0.9057291746139526,284.09246826171875,284.95001220703125,297.8822326660156,292.2698669433594,297.3279113769531,297.1657409667969,284.094482421875,1.0,0.4268624782562256,0.0830563157796859,0.0830563157796859,1.0,1.0,-2.3525230884552,0.0090815937146544,2.3434414863586426,-0.5220754742622375,0.8603808283805847,0.8603808283805847,0.0,68.1240234375,50.0,43381.6171875,0.0,1016.614990234375,1.0,279.7410888671875,282.6630859375,295.17950439453125,297.9609680175781,293.1499938964844,293.1499938964844,280.04998779296875,37505.2109375,36000.0,313.1499938964844,0.0,18000.0,1.0,0.0,0.0,0.0,1.0,0.8446915745735168,1.0,0.0,0.0,3.5438454151153564,3.5438687801361084,8.379977316508302e-07,4.265924453735352,4.265914440155029,9.78592834144365e-06,0.0,0.0,-0.0,6506.5419921875,0.0,1429.1768798828125,1895.4371337890625,0.0,2885.57861328125,0.8827040791511536,1.0,0.0,3.0,1.0,0.0
12400140,297.0401916503906,297.1499938964844,293.1499938964844,0.0,-0.0,284.3047790527344,0.9099407196044922,0.2593702673912048,0.2338005751371383,297.425537109375,297.1499938964844,293.1499938964844,0.0,-0.0,284.3052978515625,0.9990000128746032,0.500296950340271,0.3262915909290313,297.1068420410156,297.1499938964844,293.1499938964844,0.0,-0.0,284.304931640625,0.9365623593330384,0.2799337208271026,0.1959866732358932,297.07733154296875,297.1499938964844,293.1499938964844,0.0,-0.0,284.3050231933594,0.9535784125328064,0.2935631871223449,0.2783872485160827,297.0516662597656,297.1499938964844,293.1499938964844,0.0,-0.0,284.3041381835937,0.8356384634971619,0.2006014585494995,0.9051272869110109,284.3052978515625,284.95001220703125,297.9246520996094,292.2796325683594,297.39459228515625,297.2394104003906,284.30828857421875,1.0,0.4202532470226288,0.0879525914788246,0.0879525914788246,1.0,1.0,-2.328335762023926,0.0122605683282017,2.316075325012207,-0.5136264562606812,0.8534433841705322,0.8534433841705322,0.0,63.691776275634766,70.0,41858.609375,0.0,973.4798583984376,1.0,280.0405578613281,282.8984069824219,295.2022399902344,297.8802185058594,293.1499938964844,293.1499938964844,280.3500061035156,37276.359375,36000.0,313.1499938964844,0.0,18000.0,1.0,0.0,0.0,0.0,1.0,0.8265119194984436,1.0,0.0,0.0,3.4949440956115723,3.494966745376587,8.150302619469585e-07,4.265924453735352,4.265914440155029,9.78592834144365e-06,0.0,0.0,-0.0,6385.4580078125,0.0,1376.5506591796875,1895.4371337890625,0.0,2715.99951171875,0.8716920018196106,1.0,0.0,3.0,1.0,0.0
12400200,297.0401916503906,297.1499938964844,293.1499938964844,0.0,-0.0,284.3047790527344,0.9099407196044922,0.2593702673912048,0.2338005751371383,297.425537109375,297.1499938964844,293.1499938964844,0.0,-0.0,284.3052978515625,0.9990000128746032,0.500296950340271,0.3262915909290313,297.1068420410156,297.1499938964844,293.1499938964844,0.0,-0.0,284.304931640625,0.9365623593330384,0.2799337208271026,0.1959866732358932,297.07733154296875,297.1499938964844,293.1499938964844,0.0,-0.0,284.3050231933594,0.9535784125328064,0.2935631871223449,0.2783872485160827,297.0516662597656,297.1499938964844,293.1499938964844,0.0,-0.0,284.3041381835937,0.8356384634971619,0.2006014585494995,0.9051272869110109,284.3052978515625,284.95001220703125,297.9246520996094,292.2796325683594,297.39459228515625,297.2394104003906,284.30828857421875,1.0,0.4202532470226288,0.0879525914788246,0.0879525914788246,1.0,1.0,-2.328335762023926,0.0122605683282017,2.316075325012207,-0.5136264562606812,0.8534433841705322,0.8534433841705322,0.0,63.691776275634766,70.0,41858.609375,0.0,973.4798583984376,1.0,280.0405578613281,282.8984069824219,295.2022399902344,297.8802185058594,293.1499938964844,293.1499938964844,280.3500061035156,37276.359375,36000.0,313.1499938964844,0.0,18000.0,1.0,0.0,0.0,0.0,1.0,0.8265119194984436,1.0,0.0,0.0,3.4949440956115723,3.494966745376587,8.150302619469585e-07,4.265924453735352,4.265914440155029,9.78592834144365e-06,0.0,0.0,-0.0,6385.4580078125,0.0,1376.5506591796875,1895.4371337890625,0.0,2715.99951171875,0.8716920018196106,1.0,0.0,3.0,1.0,0.0
12400260,297.0632019042969,297.1499938964844,293.1499938964844,0.0,-0.0,284.5469665527344,0.9078480005264282,0.260307103395462,0.2345415502786636,297.4976806640625,297.1499938964844,293.1499938964844,0.0,-0.0,284.5478210449219,0.9990000128746032,0.5111475586891174,0.3293884396553039,297.1315612792969,297.1499938964844,293.1499938964844,0.0,-0.0,284.5472106933594,0.935482144355774,0.2818889319896698,0.1972565501928329,297.0973815917969,297.1499938964844,293.1499938964844,0.0,-0.0,284.54736328125,0.9514604806900024,0.294669508934021,0.279318630695343,297.0713806152344,297.1499938964844,293.1499938964844,0.0,-0.0,284.54595947265625,0.8340028524398804,0.2013522386550903,0.9080024361610411,284.5478210449219,284.95001220703125,297.96417236328125,292.2881164550781,297.4516296386719,297.30157470703125,284.5531005859375,1.0,0.4231341779232025,0.0927540957927703,0.0927540957927703,1.0,1.0,-2.339007377624512,0.0166435521095991,2.32236385345459,-0.5119842290878296,0.849901020526886,0.849901020526886,0.0,64.5441665649414,90.0,40827.2578125,0.0,987.9993286132812,1.0,280.34014892578125,283.1549377441406,295.22833251953125,297.83203125,293.1499938964844,293.1499938964844,280.6499938964844,36944.0703125,36000.0,313.1499938964844,0.0,18000.0,1.0,0.0,0.0,0.0,1.0,0.8119140267372131,1.0,0.0,0.0,3.458153009414673,3.4581754207611084,7.979610359143408e-07,4.265924453735352,4.265914440155029,9.78592834144365e-06,0.0,0.0,-0.0,6305.75390625,0.0,1336.7125244140625,1895.4371337890625,0.0,2580.83056640625,0.8632948994636536,1.0,0.0,3.0,1.0,0.0
12400320,297.0632019042969,297.1499938964844,293.1499938964844,0.0,-0.0,284.5469665527344,0.9078480005264282,0.260307103395462,0.2345415502786636,297.4976806640625,297.1499938964844,293.1499938964844,0.0,-0.0,284.5478210449219,0.9990000128746032,0.5111475586891174,0.3293884396553039,297.1315612792969,297.1499938964844,293.1499938964844,0.0,-0.0,284.5472106933594,0.935482144355774,0.2818889319896698,0.1972565501928329,297.0973815917969,297.1499938964844,293.1499938964844,0.0,-0.0,284.54736328125,0.9514604806900024,0.294669508934021,0.279318630695343,297.0713806152344,297.1499938964844,293.1499938964844,0.0,-0.0,284.54595947265625,0.8340028524398804,0.2013522386550903,0.9080024361610411,284.5478210449219,284.95001220703125,297.96417236328125,292.2881164550781,297.4516296386719,297.30157470703125,284.5531005859375,1.0,0.4231341779232025,0.0927540957927703,0.0927540957927703,1.0,1.0,-2.339007377624512,0.0166435521095991,2.32236385345459,-0.5119842290878296,0.849901020526886,0.849901020526886,0.0,64.5441665649414,90.0,40827.2578125,0.0,987.9993286132812,1.0,280.34014892578125,283.1549377441406,295.22833251953125,297.83203125,293.1499938964844,293.1499938964844,280.6499938964844,36944.0703125,36000.0,313.1499938964844,0.0,18000.0,1.0,0.0,0.0,0.0,1.0,0.8119140267372131,1.0,0.0,0.0,3.458153009414673,3.4581754207611084,7.979610359143408e-07,4.265924453735352,4.265914440155029,9.78592834144365e-06,0.0,0.0,-0.0,6305.75390625,0.0,1336.7125244140625,1895.4371337890625,0.0,2580.83056640625,0.8632948994636536,1.0,0.0,3.0,1.0,0.0
12400380,297.087646484375,297.1499938964844,293.1499938964844,0.0,-0.0,284.81207275390625,0.8887408375740051,0.2616820633411407,0.2358327507972717,297.5194396972656,297.1499938964844,293.1499938964844,0.0,-0.0,284.8132019042969,0.9990000128746032,0.5178083181381226,0.3521927297115326,297.1580505371094,297.1499938964844,293.1499938964844,0.0,-0.0,284.8123779296875,0.9146489500999452,0.2843373119831085,0.199000135064125,297.1195068359375,297.1499938964844,293.1499938964844,0.0,-0.0,284.8125305175781,0.9294671416282654,0.2962412238121032,0.2808553576469421,297.0920715332031,297.1499938964844,293.1499938964844,0.0,-0.0,284.8109436035156,0.8182851672172546,0.2024508416652679,0.9133628606796264,284.8130798339844,284.95001220703125,298.000732421875,292.2953796386719,297.4811096191406,297.3292541503906,284.8190612792969,1.0,0.4331001937389374,0.0975556001067161,0.0975556001067161,1.0,1.0,-2.378312587738037,0.0227206423878669,2.3555920124053955,-0.514802873134613,0.8500751256942749,0.8500751256942749,0.0,69.8978500366211,108.0,40152.9140625,0.0,1051.5155029296875,1.0,280.63983154296875,283.4244384765625,295.2554016113281,297.8122863769531,293.1499938964844,293.1499938964844,280.95001220703125,36527.4453125,36000.0,313.1499938964844,0.0,18000.0,1.0,0.0,0.0,0.0,1.0,0.801361620426178,1.0,0.0,0.0,3.436996936798096,3.437019109725952,7.88227566772548e-07,4.265924453735352,4.265914440155029,9.78592834144365e-06,0.0,0.0,-0.0,6256.673828125,0.0,1312.569091796875,1895.4371337890625,0.0,2483.880859375,0.8582890629768372,1.0,0.0,3.0,1.0,0.0
12400440,297.087646484375,297.1499938964844,293.1499938964844,0.0,-0.0,284.81207275390625,0.8887408375740051,0.2616820633411407,0.2358327507972717,297.5194396972656,297.1499938964844,293.1499938964844,0.0,-0.0,284.8132019042969,0.9990000128746032,0.5178083181381226,0.3521927297115326,297.1580505371094,297.1499938964844,293.1499938964844,0.0,-0.0,284.8123779296875,0.9146489500999452,0.2843373119831085,0.199000135064125,297.1195068359375,297.1499938964844,293.1499938964844,0.0,-0.0,284.8125305175781,0.9294671416282654,0.2962412238121032,0.2808553576469421,297.0920715332031,297.1499938964844,293.1499938964844,0.0,-0.0,284.8109436035156,0.8182851672172546,0.2024508416652679,0.9133628606796264,284.8130798339844,284.95001220703125,298.000732421875,292.2953796386719,297.4811096191406,297.3292541503906,284.8190612792969,1.0,0.4331001937389374,0.0975556001067161,0.0975556001067161,1.0,1.0,-2.378312587738037,0.0227206423878669,2.3555920124053955,-0.514802873134613,0.8500751256942749,0.8500751256942749,0.0,69.8978500366211,108.0,40152.9140625,0.0,1051.5155029296875,1.0,280.63983154296875,283.4244384765625,295.2554016113281,297.8122863769531,293.1499938964844,293.1499938964844,280.95001220703125,36527.4453125,36000.0,313.1499938964844,0.0,18000.0,1.0,0.0,0.0,0.0,1.0,0.801361620426178,1.0,0.0,0.0,3.436996936798096,3.437019109725952,7.88227566772548e-07,4.265924453735352,4.265914440155029,9.78592834144365e-06,0.0,0.0,-0.0,6256.673828125,0.0,1312.569091796875,1895.4371337890625,0.0,2483.880859375,0.8582890629768372,1.0,0.0,3.0,1.0,0.0
12400500,297.0997314453125,297.1499938964844,293.1499938964844,0.0,-0.0,284.9835205078125,0.8761699199676514,0.2624725103378296,0.2366087734699249,297.5129089355469,297.1499938964844,293.1499938964844,0.0,-0.0,284.98699951171875,0.9990000128746032,0.5195098519325256,0.3684276938438415,297.1712341308594,297.1499938964844,293.1499938964844,0.0,-0.0,284.984375,0.901458978652954,0.2856808602809906,0.1999865621328354,297.1307067871094,297.1499938964844,293.1499938964844,0.0,-0.0,284.9847717285156,0.9145638942718506,0.2971478998661041,0.281780868768692,297.1019897460937,297.1499938964844,293.1499938964844,0.0,-0.0,284.9802551269531,0.8073370456695557,0.2030562758445739,0.9165456891059875,284.98638916015625,284.95001220703125,298.017822265625,292.298583984375,297.48553466796875,297.330078125,285.00244140625,1.0,0.4398641586303711,0.0999563559889793,0.0999563559889793,1.0,1.0,-2.404863119125366,0.0265114158391952,2.3783516883850098,-0.5169441103935242,0.851983368396759,0.851983368396759,0.0,73.85070037841797,108.0,39460.8359375,0.0,1096.91845703125,1.0,280.8925476074219,283.6149597167969,295.24395751953125,297.71160888671875,293.1499938964844,293.1499938964844,280.95001220703125,36293.90234375,36000.0,313.1499938964844,0.0,18000.0,1.0,0.0,0.0,0.0,1.0,0.7952210307121277,1.0,0.0,0.0,3.432493209838867,3.4325151443481445,7.861631274863612e-07,4.265924453735352,4.265914440155029,9.78592834144365e-06,0.0,0.0,-0.0,6451.17138671875,0.0,1306.44580078125,1895.4371337890625,0.0,2427.815185546875,0.8571498394012451,1.0,0.0,3.0,1.0,0.0
12400560,297.1121520996094,297.1499938964844,293.1499938964844,0.0,-0.0,285.0809326171875,0.8630961775779724,0.2633750736713409,0.2375356405973434,297.4977111816406,297.1499938964844,293.1499938964844,0.0,-0.0,285.0822448730469,0.9990000128746032,0.5203214883804321,0.3868294954299927,297.1847229003906,297.1499938964844,293.1499938964844,0.0,-0.0,285.08123779296875,0.8881726861000061,0.2871401011943817,0.2010889798402786,297.142333984375,297.1499938964844,293.1499938964844,0.0,-0.0,285.08135986328125,0.8998953104019165,0.2981673181056976,0.2828568816184997,297.1117553710937,297.1499938964844,293.1499938964844,0.0,-0.0,285.0798034667969,0.795049250125885,0.2037131339311599,0.9201421737670898,285.0819396972656,284.95001220703125,298.0341186523437,292.3014831542969,297.4852294921875,297.3249816894531,285.0877685546875,1.0,0.4475994110107422,0.1022391021251678,0.1022391021251678,1.0,1.0,-2.4350152015686035,0.0306978095322847,2.4043173789978027,-0.5195024013519287,0.8538746237754822,0.8538746237754822,0.0,78.51531219482422,126.0,39653.62890625,0.0,1150.352294921875,1.0,280.939697265625,283.6929931640625,295.2778015136719,297.8033752441406,293.1499938964844,293.1499938964844,281.25,36073.37109375,36000.0,313.1499938964844,0.0,18000.0,1.0,0.0,0.0,0.0,1.0,0.7941387295722961,1.0,0.0,0.0,3.432997465133667,3.4330196380615234,7.863941959840304e-07,4.265924453735352,4.265914440155029,9.78592834144365e-06,0.0,0.0,-0.0,6221.15283203125,0.0,1305.394775390625,1895.4371337890625,0.0,2417.962646484375,0.8570462465286255,1.0,0.0,3.0,1.0,0.0
12400620,297.13580322265625,297.1499938964844,293.1499938964844,0.0,-0.0,285.3448181152344,0.8370496034622192,0.2652899920940399,0.2395444363355636,297.445556640625,297.1499938964844,293.1499938964844,0.0,-0.0,285.34625244140625,0.9990000128746032,0.5194658637046814,0.4290363192558288,297.21063232421875,297.1499938964844,293.1499938964844,0.0,-0.0,285.3451232910156,0.8610495924949646,0.2902038097381592,0.2034429460763931,297.1649169921875,297.1499938964844,293.1499938964844,0.0,-0.0,285.34521484375,0.871117115020752,0.3003588616847992,0.2852198481559753,297.1296081542969,297.1499938964844,293.1499938964844,0.0,-0.0,285.34375,0.7696259021759033,0.2050388306379318,0.927730917930603,285.3458251953125,284.95001220703125,298.0643310546875,292.3065185546875,297.4731140136719,297.3006591796875,285.35125732421875,1.0,0.46530681848526,0.1068046018481254,0.1068046018481254,1.0,1.0,-2.502911329269409,0.0408224612474441,2.462088823318481,-0.524542510509491,0.8611653447151184,0.8611653447151184,0.0,89.90681457519531,144.0,39246.9296875,0.0,1279.019775390625,1.0,281.23974609375,283.9548034667969,295.29327392578125,297.7947082519531,293.1499938964844,293.1499938964844,281.54998779296875,35618.55859375,36000.0,313.1499938964844,0.0,18000.0,1.0,0.0,0.0,0.0,1.0,0.7889891862869263,1.0,0.0,0.0,3.446185350418091,3.446207284927368,7.924475653453555e-07,4.265924453735352,4.265914440155029,9.78592834144365e-06,0.0,0.0,-0.0,6191.5009765625,0.0,1315.3218994140625,1895.4371337890625,0.0,2371.211669921875,0.8596136569976807,1.0,0.0,3.0,1.0,0.0
12400680,297.13580322265625,297.1499938964844,293.1499938964844,0.0,-0.0,285.3448181152344,0.8370496034622192,0.2652899920940399,0.2395444363355636,297.445556640625,297.1499938964844,293.1499938964844,0.0,-0.0,285.34625244140625,0.9990000128746032,0.5194658637046814,0.4290363192558288,297.21063232421875,297.1499938964844,293.1499938964844,0.0,-0.0,285.3451232910156,0.8610495924949646,0.2902038097381592,0.2034429460763931,297.1649169921875,297.1499938964844,293.1499938964844,0.0,-0.0,285.34521484375,0.871117115020752,0.3003588616847992,0.2852198481559753,297.1296081542969,297.1499938964844,293.1499938964844,0.0,-0.0,285.34375,0.7696259021759033,0.2050388306379318,0.927730917930603,285.3458251953125,284.95001220703125,298.0643310546875,292.3065185546875,297.4731140136719,297.3006591796875,285.35125732421875,1.0,0.46530681848526,0.1068046018481254,0.1068046018481254,1.0,1.0,-2.502911329269409,0.0408224612474441,2.462088823318481,-0.524542510509491,0.8611653447151184,0.8611653447151184,0.0,89.90681457519531,144.0,39246.9296875,0.0,1279.019775390625,1.0,281.23974609375,283.9548034667969,295.29327392578125,297.7947082519531,293.1499938964844,293.1499938964844,281.54998779296875,35618.55859375,36000.0,313.1499938964844,0.0,18000.0,1.0,0.0,0.0,0.0,1.0,0.7889891862869263,1.0,0.0,0.0,3.446185350418091,3.446207284927368,7.924475653453555e-07,4.265924453735352,4.265914440155029,9.78592834144365e-06,0.0,0.0,-0.0,6191.5009765625,0.0,1315.3218994140625,1895.4371337890625,0.0,2371.211669921875,0.8596136569976807,1.0,0.0,3.0,1.0,0.0
12400740,297.1580810546875,297.1499938964844,293.1499938964844,0.0,-0.0,285.6006164550781,0.8128572106361389,0.2673685848712921,0.2417861372232437,297.3734130859375,297.1499938964844,293.1499938964844,0.0,-0.0,285.60211181640625,0.9990000128746032,0.5159141421318054,0.4755449891090393,297.2351989746094,297.1499938964844,293.1499938964844,0.0,-0.0,285.6009216308594,0.836404025554657,0.2934613227844238,0.206000879406929,297.1867370605469,297.1499938964844,293.1499938964844,0.0,-0.0,285.6010131835937,0.8447893261909485,0.3027568757534027,0.2878691256046295,297.1455078125,297.1499938964844,293.1499938964844,0.0,-0.0,285.5996398925781,0.7462909817695618,0.2063939273357391,0.9358512163162231,285.6015930175781,284.95001220703125,298.0911560058594,292.3105163574219,297.4526062011719,297.266357421875,285.60650634765625,1.0,0.4850811660289764,0.1113700941205024,0.1113700941205024,1.0,1.0,-2.577491283416748,0.0535807535052299,2.523910522460937,-0.528430700302124,0.8718191981315613,0.8718191981315613,0.0,103.62973022460938,132.0,38890.73046875,0.0,1433.2891845703125,1.0,281.5399780273437,284.2081298828125,295.3031005859375,297.78387451171875,293.1499938964844,293.1499938964844,281.8500061035156,35188.19921875,36000.0,313.1499938964844,0.0,18000.0,1.0,0.0,0.0,0.0,1.0,0.7849553227424622,1.0,0.0,0.0,3.475619077682495,3.4756414890289307,8.060420100264309e-07,4.265924453735352,4.265914440155029,9.78592834144365e-06,0.0,0.0,-0.0,6164.5048828125,0.0,1341.8936767578125,1895.4371337890625,0.0,2334.7431640625,0.8658191561698914,1.0,0.0,3.0,1.0,0.0
12400800,297.1580810546875,297.1499938964844,293.1499938964844,0.0,-0.0,285.6006164550781,0.8128572106361389,0.2673685848712921,0.2417861372232437,297.3734130859375,297.1499938964844,293.1499938964844,0.0,-0.0,285.60211181640625,0.9990000128746032,0.5159141421318054,0.4755449891090393,297.2351989746094,297.1499938964844,293.1499938964844,0.0,-0.0,285.6009216308594,0.836404025554657,0.2934613227844238,0.206000879406929,297.1867370605469,297.1499938964844,293.1499938964844,0.0,-0.0,285.6010131835937,0.8447893261909485,0.3027568757534027,0.2878691256046295,297.1455078125,297.1499938964844,293.1499938964844,0.0,-0.0,285.5996398925781,0.7462909817695618,0.2063939273357391,0.9358512163162231,285.6015930175781,284.95001220703125,298.0911560058594,292.3105163574219,297.4526062011719,297.266357421875,285.60650634765625,1.0,0.4850811660289764,0.1113700941205024,0.1113700941205024,1.0,1.0,-2.577491283416748,0.0535807535052299,2.523910522460937,-0.528430700302124,0.8718191981315613,0.8718191981315613,0.0,103.62973022460938,132.0,38890.73046875,0.0,1433.2891845703125,1.0,281.5399780273437,284.2081298828125,295.3031005859375,297.78387451171875,293.1499938964844,293.1499938964844,281.8500061035156,35188.19921875,36000.0,313.1499938964844,0.0,18000.0,1.0,0.0,0.0,0.0,1.0,0.7849553227424622,1.0,0.0,0.0,3.475619077682495,3.4756414890289307,8.060420100264309e-07,4.265924453735352,4.265914440155029,9.78592834144365e-06,0.0,0.0,-0.0,6164.5048828125,0.0,1341.8936767578125,1895.4371337890625,0.0,2334.7431640625,0.8658191561698914,1.0,0.0,3.0,1.0,0.0
12400860,297.1715393066406,297.1499938964844,293.1499938964844,0.0,-0.0,285.7886962890625,0.802610456943512,0.2687698006629944,0.2432249933481216,297.3278503417969,297.1499938964844,293.1499938964844,0.0,-0.0,285.7909240722656,0.9953187108039856,0.5132522583007812,0.4872767925262451,297.25,297.1499938964844,293.1499938964844,0.0,-0.0,285.7891540527344,0.8271337151527405,0.2956458330154419,0.2076684683561325,297.19989013671875,297.1499938964844,293.1499938964844,0.0,-0.0,285.7892761230469,0.8347684144973755,0.3043716549873352,0.2895947396755218,297.15460205078125,297.1499938964844,293.1499938964844,0.0,-0.0,285.7872009277344,0.7373135685920715,0.2072554230690002,0.940772294998169,285.7901611328125,284.95001220703125,298.1070556640625,292.3126220703125,297.4393310546875,297.2447509765625,285.7964172363281,1.0,0.4922497272491455,0.1141250878572464,0.1141250878572464,1.0,1.0,-2.603900194168091,0.0617690421640872,2.542131185531616,-0.5255916118621826,0.8809500932693481,0.8809500932693481,0.0,110.09237670898438,132.0,38116.35546875,0.0,1496.6839599609375,1.0,281.8183898925781,284.4076232910156,295.2859802246094,297.70245361328125,293.1499938964844,293.1499938964844,281.8500061035156,34914.96875,36000.0,313.1499938964844,0.0,18000.0,1.0,0.0,0.0,0.0,1.0,0.7802726030349731,1.0,0.0,0.0,3.503182411193848,3.5032050609588623,8.188773108486203e-07,4.265924453735352,4.265914440155029,9.78592834144365e-06,0.0,0.0,-0.0,6385.8115234375,0.0,1368.087158203125,1895.4371337890625,0.0,2292.588134765625,0.8717644214630127,1.0,0.0,3.0,1.0,0.0
12400920,297.1775817871094,297.1499938964844,293.1499938964844,0.0,-0.0,285.8154296875,0.7986907362937927,0.269450306892395,0.2439601123332977,297.3153991699219,297.1499938964844,293.1499938964844,0.0,-0.0,285.8160095214844,0.9905036687850952,0.512800395488739,0.4865102767944336,297.2567443847656,297.1499938964844,293.1499938964844,0.0,-0.0,285.8155517578125,0.8237372636795044,0.296727567911148,0.2085141688585281,297.20587158203125,297.1499938964844,293.1499938964844,0.0,-0.0,285.8155822753906,0.8310574889183044,0.305164486169815,0.2904643714427948,297.15869140625,297.1499938964844,293.1499938964844,0.0,-0.0,285.8150329589844,0.7339555621147156,0.2076737880706787,0.9431729316711426,285.8157958984375,284.95001220703125,298.1145324707031,292.3135681152344,297.4375305175781,297.2402038574219,285.8174133300781,1.0,0.4943625628948211,0.1155238151550293,0.1155238151550293,1.0,1.0,-2.608271837234497,0.0657844543457031,2.542487382888794,-0.5223673582077026,0.8851341605186462,0.8851341605186462,0.0,112.5739288330078,120.0,38146.14453125,0.0,1513.9185791015625,1.0,281.8403625488281,284.4285583496094,295.3054504394531,297.7548217773437,293.1499938964844,293.1499938964844,282.1499938964844,34827.71875,36000.0,313.1499938964844,0.0,18000.0,1.0,0.0,0.0,0.0,1.0,0.7809188365936279,1.0,0.0,0.0,3.518955707550049,3.5189783573150635,8.262679216386459e-07,4.265924453735352,4.265914440155029,9.78592834144365e-06,0.0,0.0,-0.0,6112.53857421875,0.0,1383.7476806640625,1895.4371337890625,0.0,2298.39404296875,0.8751871585845947,1.0,0.0,3.0,1.0,0.0
12400980,297.1946716308594,297.1499938964844,293.1499938964844,0.0,-0.0,286.0020446777344,0.7990646958351135,0.2715294063091278,0.245835542678833,297.3076477050781,297.1499938964844,293.1499938964844,0.0,-0.0,286.0025939941406,0.9890387654304504,0.5140741467475891,0.4868788719177246,297.2757873535156,297.1499938964844,293.1499938964844,0.0,-0.0,286.00213623046875,0.8249255418777466,0.3000092506408691,0.210805058479309,297.2225646972656,297.1499938964844,293.1499938964844,0.0,-0.0,286.0021667480469,0.8314509391784668,0.3075650632381439,0.2927433550357818,297.1707763671875,297.1499938964844,293.1499938964844,0.0,-0.0,286.00164794921875,0.7339610457420349,0.2090080082416534,0.9491504430770874,286.0023803710937,284.95001220703125,298.1343078613281,292.31573486328125,297.445556640625,297.24468994140625,286.00396728515625,1.0,0.4969938993453979,0.1196775361895561,0.1196775361895561,1.0,1.0,-2.6236400604248047,0.0787370800971984,2.544902801513672,-0.5128423571586609,0.9006773829460144,0.9006773829460144,0.0,113.96817779541016,108.0,37328.65625,0.0,1541.0828857421875,1.0,282.1407775878906,284.6358337402344,295.2978515625,297.6996154785156,293.1499938964844,293.1499938964844,282.45001220703125,34554.26953125,36000.0,313.1499938964844,0.0,18000.0,1.0,0.0,0.0,0.0,1.0,0.7746310830116272,1.0,0.0,0.0,3.572384119033813,3.5724070072174072,8.515489184901526e-07,4.265924453735352,4.265914440155029,9.78592834144365e-06,0.0,0.0,-0.0,6051.7333984375,0.0,1437.93212890625,1895.4371337890625,0.0,2242.072509765625,0.8869131207466125,1.0,0.0,3.0,1.0,0.0
12401040,297.1946716308594,297.1499938964844,293.1499938964844,0.0,-0.0,286.0020446777344,0.7990646958351135,0.2715294063091278,0.245835542678833,297.3076477050781,297.1499938964844,293.1499938964844,0.0,-0.0,286.0025939941406,0.9890387654304504,0.5140741467475891,0.4868788719177246,297.2757873535156,297.1499938964844,293.1499938964844,0.0,-0.0,286.00213623046875,0.8249255418777466,0.3000092506408691,0.210805058479309,297.2225646972656,297.1499938964844,293.1499938964844,0.0,-0.0,286.0021667480469,0.8314509391784668,0.3075650632381439,0.2927433550357818,297.1707763671875,297.1499938964844,293.1499938964844,0.0,-0.0,286.00164794921875,0.7339610457420349,0.2090080082416534,0.9491504430770874,286.0023803710937,284.95001220703125,298.1343078613281,292.31573486328125,297.445556640625,297.24468994140625,286.00396728515625,1.0,0.4969938993453979,0.1196775361895561,0.1196775361895561,1.0,1.0,-2.6236400604248047,0.0787370800971984,2.544902801513672,-0.5128423571586609,0.9006773829460144,0.9006773829460144,0.0,113.96817779541016,108.0,37328.65625,0.0,1541.0828857421875,1.0,282.1407775878906,284.6358337402344,295.2978515625,297.6996154785156,293.1499938964844,293.1499938964844,282.45001220703125,34554.26953125,36000.0,313.1499938964844,0.0,18000.0,1.0,0.0,0.0,0.0,1.0,0.7746310830116272,1.0,0.0,0.0,3.572384119033813,3.5724070072174072,8.515489184901526e-07,4.265924453735352,4.265914440155029,9.78592834144365e-06,0.0,0.0,-0.0,6051.7333984375,0.0,1437.93212890625,1895.4371337890625,0.0,2242.072509765625,0.8869131207466125,1.0,0.0,3.0,1.0,0.0
12401100,297.2027587890625,297.1499938964844,293.1499938964844,0.0,-0.0,286.13531494140625,0.8038232326507568,0.2726066708564758,0.2466912865638733,297.3117370605469,297.1499938964844,293.1499938964844,0.0,-0.0,286.1387634277344,0.9931902885437012,0.515470564365387,0.4878919422626495,297.2848815917969,297.1499938964844,293.1499938964844,0.0,-0.0,286.13604736328125,0.8298122882843018,0.3016975522041321,0.2118952274322509,297.2304382324219,297.1499938964844,293.1499938964844,0.0,-0.0,286.1361999511719,0.8359875082969666,0.3087968230247497,0.2937979698181152,297.17681884765625,297.1499938964844,293.1499938964844,0.0,-0.0,286.1330261230469,0.7377732992172241,0.2097322344779968,0.951889157295227,286.1375732421875,284.95001220703125,298.1428527832031,292.3165283203125,297.4527587890625,297.25146484375,286.1475830078125,1.0,0.4968338310718536,0.1217543929815292,0.1217543929815292,1.0,1.0,-2.6317529678344727,0.0857284516096115,2.5460245609283447,-0.5076566338539124,0.9098896384239196,0.9098896384239196,0.0,112.35816955566406,108.0,36504.3359375,0.0,1545.012939453125,1.0,282.3969116210937,284.8006896972656,295.2698974609375,297.5755615234375,293.1499938964844,293.1499938964844,282.45001220703125,34429.08984375,36000.0,313.1499938964844,0.0,18000.0,1.0,0.0,0.0,0.0,1.0,0.768549919128418,1.0,0.0,0.0,3.602071046829224,3.6020941734313965,8.657606258566375e-07,4.265924453735352,4.265914440155029,9.78592834144365e-06,0.0,0.0,-0.0,6231.4267578125,0.0,1468.896484375,1895.4371337890625,0.0,2187.97216796875,0.893494725227356,1.0,0.0,3.0,1.0,0.0
12401160,297.2112121582031,297.1499938964844,293.1499938964844,0.0,-0.0,286.1884155273437,0.810980498790741,0.2737719416618347,0.2476162761449813,297.3187866210937,297.1499938964844,293.1499938964844,0.0,-0.0,286.1889343261719,0.9990000128746032,0.5171893835067749,0.4888646006584167,297.29425048828125,297.1499938964844,293.1499938964844,0.0,-0.0,286.18853759765625,0.837094247341156,0.3034729659557342,0.2130347490310669,297.238525390625,297.1499938964844,293.1499938964844,0.0,-0.0,286.1885681152344,0.8429638743400574,0.3101006150245666,0.2948998510837555,297.1832275390625,297.1499938964844,293.1499938964844,0.0,-0.0,286.18804931640625,0.7437317371368408,0.2105296850204467,0.9548205137252808,286.1887512207031,284.95001220703125,298.1504211425781,292.3171081542969,297.4613037109375,297.26031494140625,286.19024658203125,1.0,0.4960090219974518,0.123682253062725,0.123682253062725,1.0,1.0,-2.6402523517608643,0.0925861448049545,2.547666311264038,-0.5026225447654724,0.9187105298042296,0.9187105298042296,0.0,109.67444610595705,96.0,36565.16796875,0.0,1544.6588134765625,1.0,282.4413146972656,284.8441467285156,295.2935485839844,297.64794921875,293.1499938964844,293.1499938964844,282.1499938964844,34337.0859375,36000.0,313.1499938964844,0.0,18000.0,1.0,0.0,0.0,0.0,1.0,0.7670531868934631,1.0,0.0,0.0,3.633896589279175,3.633920192718506,8.811268799036043e-07,4.265924453735352,4.265914440155029,9.78592834144365e-06,0.0,0.0,-0.0,6633.0751953125,0.0,1502.939208984375,1895.4371337890625,0.0,2174.71533203125,0.9005270600318909,1.0,0.0,3.0,1.0,0.0
12401220,297.2120666503906,297.1499938964844,293.1499938964844,0.0,-0.0,285.9941101074219,0.8211830854415894,0.2746566534042358,0.2486896067857742,297.3331604003906,297.1499938964844,293.1499938964844,0.0,-0.0,285.9931640625,0.9990000128746032,0.5207759737968445,0.4736478626728058,297.2992248535156,297.1499938964844,293.1499938964844,0.0,-0.0,285.993896484375,0.848672091960907,0.3058246672153473,0.2148305475711822,297.241943359375,297.1499938964844,293.1499938964844,0.0,-0.0,285.9938659667969,0.8539479374885559,0.3115861117839813,0.2964962124824524,297.1869812011719,297.1499938964844,293.1499938964844,0.0,-0.0,285.9947814941406,0.7530891299247742,0.2113472372293472,0.9589087963104248,285.99346923828125,284.95001220703125,298.1627197265625,292.3177185058594,297.4716491699219,297.270263671875,285.9903259277344,1.0,0.4915456771850586,0.1275379657745361,0.1275379657745361,1.0,1.0,-2.632275104522705,0.1051212698221206,2.527153730392456,-0.4879797697067261,0.9311363697052002,0.9311363697052002,0.0,105.07654571533205,84.0,37802.38671875,0.0,1512.9219970703125,1.0,282.15771484375,284.6103515625,295.38525390625,297.8882141113281,293.1499938964844,293.1499938964844,281.8500061035156,34482.3359375,36000.0,313.1499938964844,0.0,18000.0,1.0,0.0,0.0,0.0,1.0,0.7852941155433655,1.0,0.0,0.0,3.691370010375977,3.691394329071045,9.092189543480344e-07,4.265924453735352,4.265914440155029,9.78592834144365e-06,0.0,0.0,-0.0,6787.3720703125,0.0,1568.1995849609375,1895.4371337890625,0.0,2337.80078125,0.913489580154419,1.0,0.0,3.0,1.0,0.0
12401280,297.2120666503906,297.1499938964844,293.1499938964844,0.0,-0.0,285.9941101074219,0.8211830854415894,0.2746566534042358,0.2486896067857742,297.3331604003906,297.1499938964844,293.1499938964844,0.0,-0.0,285.9931640625,0.9990000128746032,0.5207759737968445,0.4736478626728058,297.2992248535156,297.1499938964844,293.1499938964844,0.0,-0.0,285.993896484375,0.848672091960907,0.3058246672153473,0.2148305475711822,297.241943359375,297.1499938964844,293.1499938964844,0.0,-0.0,285.9938659667969,0.8539479374885559,0.3115861117839813,0.2964962124824524,297.1869812011719,297.1499938964844,293.1499938964844,0.0,-0.0,285.9947814941406,0.7530891299247742,0.2113472372293472,0.9589087963104248,285.99346923828125,284.95001220703125,298.1627197265625,292.3177185058594,297.4716491699219,297.270263671875,285.9903259277344,1.0,0.4915456771850586,0.1275379657745361,0.1275379657745361,1.0,1.0,-2.632275104522705,0.1051212698221206,2.527153730392456,-0.4879797697067261,0.9311363697052002,0.9311363697052002,0.0,105.07654571533205,84.0,37802.38671875,0.0,1512.9219970703125,1.0,282.15771484375,284.6103515625,295.38525390625,297.8882141113281,293.1499938964844,293.1499938964844,281.8500061035156,34482.3359375,36000.0,313.1499938964844,0.0,18000.0,1.0,0.0,0.0,0.0,1.0,0.7852941155433655,1.0,0.0,0.0,3.691370010375977,3.691394329071045,9.092189543480344e-07,4.265924453735352,4.265914440155029,9.78592834144365e-06,0.0,0.0,-0.0,6787.3720703125,0.0,1568.1995849609375,1895.4371337890625,0.0,2337.80078125,0.913489580154419,1.0,0.0,3.0,1.0,0.0
12401340,297.1988220214844,297.1499938964844,293.1499938964844,0.0,-0.0,285.7569274902344,0.8320671319961548,0.2741096615791321,0.2482799589633941,297.3561096191406,297.1499938964844,293.1499938964844,0.0,-0.0,285.7557983398437,0.9990000128746032,0.525413990020752,0.4532689452171325,297.2918395996094,297.1499938964844,293.1499938964844,0.0,-0.0,285.75665283203125,0.8620115518569946,0.3069745302200317,0.2156610190868377,297.2328796386719,297.1499938964844,293.1499938964844,0.0,-0.0,285.756591796875,0.8667032718658447,0.3118440508842468,0.2967957258224487,297.18121337890625,297.1499938964844,293.1499938964844,0.0,-0.0,285.7577209472656,0.7638905644416809,0.2112381011247635,0.9584202170372008,285.75616455078125,284.95001220703125,298.17108154296875,292.3176574707031,297.4798889160156,297.2784729003906,285.752197265625,1.0,0.4840798377990722,0.1313936859369278,0.1313936859369278,1.0,1.0,-2.6080784797668457,0.1166959330439567,2.491382598876953,-0.4708676040172577,0.9400343298912048,0.9400343298912048,0.0,99.20669555664062,72.0,38992.57421875,0.0,1453.8948974609375,1.0,281.85772705078125,284.355712890625,295.38873291015625,297.9868469238281,293.1499938964844,293.1499938964844,281.54998779296875,34738.29296875,36000.0,313.1499938964844,0.0,18000.0,1.0,0.0,0.0,0.0,1.0,0.8030605912208557,1.0,0.0,0.0,3.739132881164551,3.7391574382781982,9.32899979488866e-07,4.265924453735352,4.265914440155029,9.78592834144365e-06,0.0,0.0,-0.0,6895.29736328125,0.0,1624.9417724609375,1895.4371337890625,0.0,2499.4404296875,0.9243832230567932,1.0,0.0,3.0,1.0,0.0
12401400,297.1988220214844,297.1499938964844,293.1499938964844,0.0,-0.0,285.7569274902344,0.8320671319961548,0.2741096615791321,0.2482799589633941,297.3561096191406,297.1499938964844,293.1499938964844,0.0,-0.0,285.7557983398437,0.9990000128746032,0.525413990020752,0.4532689452171325,297.2918395996094,297.1499938964844,293.1499938964844,0.0,-0.0,285.75665283203125,0.8620115518569946,0.3069745302200317,0.2156610190868377,297.2328796386719,297.1499938964844,293.1499938964844,0.0,-0.0,285.756591796875,0.8667032718658447,0.3118440508842468,0.2967957258224487,297.18121337890625,297.1499938964844,293.1499938964844,0.0,-0.0,285.7577209472656,0.7638905644416809,0.2112381011247635,0.9584202170372008,285.75616455078125,284.95001220703125,298.17108154296875,292.3176574707031,297.4798889160156,297.2784729003906,285.752197265625,1.0,0.4840798377990722,0.1313936859369278,0.1313936859369278,1.0,1.0,-2.6080784797668457,0.1166959330439567,2.491382598876953,-0.4708676040172577,0.9400343298912048,0.9400343298912048,0.0,99.20669555664062,72.0,38992.57421875,0.0,1453.8948974609375,1.0,281.85772705078125,284.355712890625,295.38873291015625,297.9868469238281,293.1499938964844,293.1499938964844,281.54998779296875,34738.29296875,36000.0,313.1499938964844,0.0,18000.0,1.0,0.0,0.0,0.0,1.0,0.8030605912208557,1.0,0.0,0.0,3.739132881164551,3.7391574382781982,9.32899979488866e-07,4.265924453735352,4.265914440155029,9.78592834144365e-06,0.0,0.0,-0.0,6895.29736328125,0.0,1624.9417724609375,1895.4371337890625,0.0,2499.4404296875,0.9243832230567932,1.0,0.0,3.0,1.0,0.0
12401460,297.17987060546875,297.1499938964844,293.1499938964844,0.0,-0.0,285.5076599121094,0.8455222249031067,0.2728148102760315,0.2470457702875137,297.3886413574219,297.1499938964844,293.1499938964844,0.0,-0.0,285.50653076171875,0.9990000128746032,0.5313126444816589,0.4285880029201507,297.2789306640625,297.1499938964844,293.1499938964844,0.0,-0.0,285.5073547363281,0.8787392973899841,0.3074691891670227,0.2159346342086792,297.2176513671875,297.1499938964844,293.1499938964844,0.0,-0.0,285.50732421875,0.882719874382019,0.3113566935062408,0.2962643802165985,297.1702575683594,297.1499938964844,293.1499938964844,0.0,-0.0,285.508544921875,0.7774070501327515,0.2105296850204467,0.9547619223594666,285.5068664550781,284.95001220703125,298.1754150390625,292.3169860839844,297.48992919921875,297.29010009765625,285.50250244140625,1.0,0.4741977751255035,0.1350839138031005,0.1350839138031005,1.0,1.0,-2.5722436904907227,0.1265353411436081,2.4457082748413086,-0.4529418349266052,0.9455118775367736,0.9455118775367736,0.0,92.18101501464844,75.0,39984.1796875,0.0,1375.699951171875,1.0,281.557373046875,284.09393310546875,295.3687438964844,298.0331726074219,293.1499938964844,293.1499938964844,281.25,35033.890625,36000.0,313.1499938964844,0.0,18000.0,1.0,0.0,0.0,0.0,1.0,0.8162034749984741,1.0,0.0,0.0,3.775902509689331,3.7759275436401367,9.51337995047652e-07,4.265924453735352,4.265914440155029,9.78592834144365e-06,0.0,0.0,-0.0,6984.29150390625,0.0,1670.326416015625,1895.4371337890625,0.0,2620.43359375,0.9328418374061584,1.0,0.0,3.0,1.0,0.0
12401520,297.17987060546875,297.1499938964844,293.1499938964844,0.0,-0.0,285.5076599121094,0.8455222249031067,0.2728148102760315,0.2470457702875137,297.3886413574219,297.1499938964844,293.1499938964844,0.0,-0.0,285.50653076171875,0.9990000128746032,0.5313126444816589,0.4285880029201507,297.2789306640625,297.1499938964844,293.1499938964844,0.0,-0.0,285.5073547363281,0.8787392973899841,0.3074691891670227,0.2159346342086792,297.2176513671875,297.1499938964844,293.1499938964844,0.0,-0.0,285.50732421875,0.882719874382019,0.3113566935062408,0.2962643802165985,297.1702575683594,297.1499938964844,293.1499938964844,0.0,-0.0,285.508544921875,0.7774070501327515,0.2105296850204467,0.9547619223594666,285.5068664550781,284.95001220703125,298.1754150390625,292.3169860839844,297.48992919921875,297.29010009765625,285.50250244140625,1.0,0.4741977751255035,0.1350839138031005,0.1350839138031005,1.0,1.0,-2.5722436904907227,0.1265353411436081,2.4457082748413086,-0.4529418349266052,0.9455118775367736,0.9455118775367736,0.0,92.18101501464844,75.0,39984.1796875,0.0,1375.699951171875,1.0,281.557373046875,284.09393310546875,295.3687438964844,298.0331726074219,293.1499938964844,293.1499938964844,281.25,35033.890625,36000.0,313.1499938964844,0.0,18000.0,1.0,0.0,0.0,0.0,1.0,0.8162034749984741,1.0,0.0,0.0,3.775902509689331,3.7759275436401367,9.51337995047652e-07,4.265924453735352,4.265914440155029,9.78592834144365e-06,0.0,0.0,-0.0,6984.29150390625,0.0,1670.326416015625,1895.4371337890625,0.0,2620.43359375,0.9328418374061584,1.0,0.0,3.0,1.0,0.0
12401580,297.15972900390625,297.1499938964844,293.1499938964844,0.0,-0.0,285.2641906738281,0.8533512949943542,0.2711530923843384,0.2455013990402221,297.4216003417969,297.1499938964844,293.1499938964844,0.0,-0.0,285.2633361816406,0.9990000128746032,0.537692129611969,0.4138786792755127,297.2644348144531,297.1499938964844,293.1499938964844,0.0,-0.0,285.263916015625,0.889372706413269,0.3076335489749908,0.2159994840621948,297.2002258300781,297.1499938964844,293.1499938964844,0.0,-0.0,285.263916015625,0.8924074769020081,0.3104492425918579,0.2953641414642334,297.157470703125,297.1499938964844,293.1499938964844,0.0,-0.0,285.2649230957031,0.7853314876556396,0.2094919979572296,0.9498096704483032,285.2635498046875,284.95001220703125,298.1755676269531,292.3157653808594,297.5003662109375,297.30340576171875,285.2601318359375,1.0,0.4679993391036987,0.1387741416692733,0.1387741416692733,1.0,1.0,-2.545742988586426,0.1367558538913726,2.408987045288086,-0.4370436668395996,0.9477519392967224,0.9477519392967224,0.0,87.97401428222656,78.0,40980.92578125,0.0,1323.447998046875,1.0,281.25714111328125,283.8383178710937,295.3521728515625,298.0730285644531,293.1499938964844,293.1499938964844,280.95001220703125,35337.109375,36000.0,313.1499938964844,0.0,18000.0,1.0,0.0,0.0,0.0,1.0,0.8260278701782227,1.0,0.0,0.0,3.801340341567993,3.801365613937378,9.641992164688418e-07,4.265924453735352,4.265914440155029,9.78592834144365e-06,0.0,0.0,-0.0,7075.9189453125,0.0,1702.9849853515625,1895.4371337890625,0.0,2711.5009765625,0.9387611150741576,1.0,0.0,3.0,1.0,0.0
12401640,297.15972900390625,297.1499938964844,293.1499938964844,0.0,-0.0,285.2641906738281,0.8533512949943542,0.2711530923843384,0.2455013990402221,297.4216003417969,297.1499938964844,293.1499938964844,0.0,-0.0,285.2633361816406,0.9990000128746032,0.537692129611969,0.4138786792755127,297.2644348144531,297.1499938964844,293.1499938964844,0.0,-0.0,285.263916015625,0.889372706413269,0.3076335489749908,0.2159994840621948,297.2002258300781,297.1499938964844,293.1499938964844,0.0,-0.0,285.263916015625,0.8924074769020081,0.3104492425918579,0.2953641414642334,297.157470703125,297.1499938964844,293.1499938964844,0.0,-0.0,285.2649230957031,0.7853314876556396,0.2094919979572296,0.9498096704483032,285.2635498046875,284.95001220703125,298.1755676269531,292.3157653808594,297.5003662109375,297.30340576171875,285.2601318359375,1.0,0.4679993391036987,0.1387741416692733,0.1387741416692733,1.0,1.0,-2.545742988586426,0.1367558538913726,2.408987045288086,-0.4370436668395996,0.9477519392967224,0.9477519392967224,0.0,87.97401428222656,78.0,40980.92578125,0.0,1323.447998046875,1.0,281.25714111328125,283.8383178710937,295.3521728515625,298.0730285644531,293.1499938964844,293.1499938964844,280.95001220703125,35337.109375,36000.0,313.1499938964844,0.0,18000.0,1.0,0.0,0.0,0.0,1.0,0.8260278701782227,1.0,0.0,0.0,3.801340341567993,3.801365613937378,9.641992164688418e-07,4.265924453735352,4.265914440155029,9.78592834144365e-06,0.0,0.0,-0.0,7075.9189453125,0.0,1702.9849853515625,1895.4371337890625,0.0,2711.5009765625,0.9387611150741576,1.0,0.0,3.0,1.0,0.0
12401700,297.15008544921875,297.1499938964844,293.1499938964844,0.0,-0.0,285.1025085449219,0.85530024766922,0.2702686488628387,0.2447141855955124,297.4323425292969,297.1499938964844,293.1499938964844,0.0,-0.0,285.0991516113281,0.9990000128746032,0.5404694080352783,0.4096690118312835,297.25732421875,297.1499938964844,293.1499938964844,0.0,-0.0,285.1014099121094,0.8925287127494812,0.3076615929603576,0.2160215079784393,297.1914978027344,297.1499938964844,293.1499938964844,0.0,-0.0,285.1013488769531,0.8950266242027283,0.3099100887775421,0.2948655188083648,297.1509704589844,297.1499938964844,293.1499938964844,0.0,-0.0,285.10528564453125,0.7873317003250122,0.2089006155729293,0.9471564888954164,285.0999450683594,284.95001220703125,298.174072265625,292.3149719238281,297.5028076171875,297.3070373535156,285.0871887207031,1.0,0.4658512473106384,0.1406192481517791,0.1406192481517791,1.0,1.0,-2.535975456237793,0.1420151442289352,2.393960237503052,-0.429661750793457,0.947176158428192,0.947176158428192,0.0,86.72166442871094,78.0,41968.5390625,0.0,1305.7208251953125,1.0,280.99725341796875,283.6496276855469,295.3720397949219,298.20025634765625,293.1499938964844,293.1499938964844,280.95001220703125,35494.39453125,36000.0,313.1499938964844,0.0,18000.0,1.0,0.0,0.0,0.0,1.0,0.8327680826187134,1.0,0.0,0.0,3.8101089000701904,3.8101344108581534,9.686526709629106e-07,4.265924453735352,4.265914440155029,9.78592834144365e-06,0.0,0.0,-0.0,6851.25244140625,0.0,1714.750732421875,1895.4371337890625,0.0,2774.228759765625,0.9408071637153624,1.0,0.0,3.0,1.0,0.0
12401760,297.140380859375,297.1499938964844,293.1499938964844,0.0,-0.0,285.031005859375,0.8559383749961853,0.2693146765232086,0.2438357472419738,297.43829345703125,297.1499938964844,293.1499938964844,0.0,-0.0,285.0302429199219,0.9990000128746032,0.5428423285484314,0.4072665274143219,297.2499694824219,297.1499938964844,293.1499938964844,0.0,-0.0,285.03076171875,0.8942689895629883,0.3076184689998626,0.2159763574600219,297.18243408203125,297.1499938964844,293.1499938964844,0.0,-0.0,285.0307312011719,0.8962123990058899,0.3092849254608154,0.2942681312561035,297.1441345214844,297.1499938964844,293.1499938964844,0.0,-0.0,285.0316162109375,0.7880631685256958,0.2082360684871673,0.944156289100647,285.0304260253906,284.95001220703125,298.1714782714844,292.31402587890625,297.502685546875,297.3075561523437,285.0274658203125,1.0,0.4642078876495361,0.1424526274204254,0.1424526274204254,1.0,1.0,-2.527653932571411,0.1472482979297638,2.3804056644439697,-0.4226202666759491,0.9469619393348694,0.9469619393348694,0.0,85.92080688476562,81.0,41986.5546875,0.0,1291.859375,1.0,280.9569091796875,283.5906982421875,295.34454345703125,298.1237487792969,293.1499938964844,293.1499938964844,280.6499938964844,35632.9765625,36000.0,313.1499938964844,0.0,18000.0,1.0,0.0,0.0,0.0,1.0,0.8347115516662598,1.0,0.0,0.0,3.8158133029937744,3.8158388137817374,9.715552096167812e-07,4.265924453735352,4.265914440155029,9.78592834144365e-06,0.0,0.0,-0.0,7173.92236328125,0.0,1722.716064453125,1895.4371337890625,0.0,2792.34765625,0.9422074556350708,1.0,0.0,3.0,1.0,0.0
12401820,297.122314453125,297.1499938964844,293.1499938964844,0.0,-0.0,284.8050537109375,0.8546460270881653,0.2673640847206116,0.2421071082353592,297.4381103515625,297.1499938964844,293.1499938964844,0.0,-0.0,284.8043518066406,0.9990000128746032,0.5464957356452942,0.4062575101852417,297.2360534667969,297.1499938964844,293.1499938964844,0.0,-0.0,284.8048095703125,0.8949122428894043,0.307477205991745,0.2158927619457245,297.1650390625,297.1499938964844,293.1499938964844,0.0,-0.0,284.8048095703125,0.8956763744354248,0.3079311549663543,0.2930284142494201,297.13067626953125,297.1499938964844,293.1499938964844,0.0,-0.0,284.8056335449219,0.7869338989257812,0.2067998051643371,0.9378851056098938,284.8045349121094,284.95001220703125,298.1629943847656,292.3118591308594,297.4965209960937,297.3020935058594,284.8019104003906,1.0,0.4621674120426178,0.1461194008588791,0.1461194008588791,1.0,1.0,-2.5152359008789062,0.1576986610889434,2.357537269592285,-0.4094894230365753,0.9432063698768616,0.9432063698768616,0.0,85.29071807861328,84.0,42977.0390625,0.0,1273.736572265625,1.0,280.65692138671875,283.3497314453125,295.34033203125,298.17901611328125,293.1499938964844,293.1499938964844,280.3500061035156,35924.20703125,36000.0,313.1499938964844,0.0,18000.0,1.0,0.0,0.0,0.0,1.0,0.8430531024932861,1.0,0.0,0.0,3.819500207901001,3.819525718688965,9.734336572364557e-07,4.265924453735352,4.265914440155029,9.78592834144365e-06,0.0,0.0,-0.0,7274.96728515625,0.0,1729.455322265625,1895.4371337890625,0.0,2870.25341796875,0.9432221055030824,1.0,0.0,3.0,1.0,0.0
12401880,297.122314453125,297.1499938964844,293.1499938964844,0.0,-0.0,284.8050537109375,0.8546460270881653,0.2673640847206116,0.2421071082353592,297.4381103515625,297.1499938964844,293.1499938964844,0.0,-0.0,284.8043518066406,0.9990000128746032,0.5464957356452942,0.4062575101852417,297.2360534667969,297.1499938964844,293.1499938964844,0.0,-0.0,284.8048095703125,0.8949122428894043,0.307477205991745,0.2158927619457245,297.1650390625,297.1499938964844,293.1499938964844,0.0,-0.0,284.8048095703125,0.8956763744354248,0.3079311549663543,0.2930284142494201,297.13067626953125,297.1499938964844,293.1499938964844,0.0,-0.0,284.8056335449219,0.7869338989257812,0.2067998051643371,0.9378851056098938,284.8045349121094,284.95001220703125,298.1629943847656,292.3118591308594,297.4965209960937,297.3020935058594,284.8019104003906,1.0,0.4621674120426178,0.1461194008588791,0.1461194008588791,1.0,1.0,-2.5152359008789062,0.1576986610889434,2.357537269592285,-0.4094894230365753,0.9432063698768616,0.9432063698768616,0.0,85.29071807861328,84.0,42977.0390625,0.0,1273.736572265625,1.0,280.65692138671875,283.3497314453125,295.34033203125,298.17901611328125,293.1499938964844,293.1499938964844,280.3500061035156,35924.20703125,36000.0,313.1499938964844,0.0,18000.0,1.0,0.0,0.0,0.0,1.0,0.8430531024932861,1.0,0.0,0.0,3.819500207901001,3.819525718688965,9.734336572364557e-07,4.265924453735352,4.265914440155029,9.78592834144365e-06,0.0,0.0,-0.0,7274.96728515625,0.0,1729.455322265625,1895.4371337890625,0.0,2870.25341796875,0.9432221055030824,1.0,0.0,3.0,1.0,0.0
12401940,297.1055603027344,297.1499938964844,293.1499938964844,0.0,-0.0,284.585205078125,0.8505094647407532,0.2653136551380157,0.2403202056884765,297.42352294921875,297.1499938964844,293.1499938964844,0.0,-0.0,284.5845642089844,0.9990000128746032,0.5486825108528137,0.4093424081802368,297.2229309082031,297.1499938964844,293.1499938964844,0.0,-0.0,284.5849609375,0.8924061059951782,0.3072376847267151,0.2157629281282425,297.148193359375,297.1499938964844,293.1499938964844,0.0,-0.0,284.5849914550781,0.8919249773025513,0.3064172565937042,0.2916669845581054,297.1174011230469,297.1499938964844,293.1499938964844,0.0,-0.0,284.5857238769531,0.7829405665397644,0.2052090317010879,0.931062877178192,284.584716796875,284.95001220703125,298.1499938964844,292.3092956542969,297.4826354980469,297.28790283203125,284.5824279785156,1.0,0.4613846242427826,0.1497861593961715,0.1497861593961715,1.0,1.0,-2.5068042278289795,0.1678826659917831,2.338921546936035,-0.3975057899951935,0.936560332775116,0.936560332775116,0.0,85.68540954589844,87.0,43939.84375,0.0,1265.0206298828125,1.0,280.35693359375,283.1147155761719,295.33660888671875,298.2342529296875,293.1499938964844,293.1499938964844,280.04998779296875,36217.40625,36000.0,313.1499938964844,0.0,18000.0,1.0,0.0,0.0,0.0,1.0,0.8511703014373779,1.0,0.0,0.0,3.8123505115509033,3.8123762607574463,9.697928362584207e-07,4.265924453735352,4.265914440155029,9.78592834144365e-06,0.0,0.0,-0.0,7376.72216796875,0.0,1723.10302734375,1895.4371337890625,0.0,2946.233154296875,0.9418003559112548,1.0,0.0,3.0,1.0,0.0
12402000,297.1055603027344,297.1499938964844,293.1499938964844,0.0,-0.0,284.585205078125,0.8505094647407532,0.2653136551380157,0.2403202056884765,297.42352294921875,297.1499938964844,293.1499938964844,0.0,-0.0,284.5845642089844,0.9990000128746032,0.5486825108528137,0.4093424081802368,297.2229309082031,297.1499938964844,293.1499938964844,0.0,-0.0,284.5849609375,0.8924061059951782,0.3072376847267151,0.2157629281282425,297.148193359375,297.1499938964844,293.1499938964844,0.0,-0.0,284.5849914550781,0.8919249773025513,0.3064172565937042,0.2916669845581054,297.1174011230469,297.1499938964844,293.1499938964844,0.0,-0.0,284.5857238769531,0.7829405665397644,0.2052090317010879,0.931062877178192,284.584716796875,284.95001220703125,298.1499938964844,292.3092956542969,297.4826354980469,297.28790283203125,284.5824279785156,1.0,0.4613846242427826,0.1497861593961715,0.1497861593961715,1.0,1.0,-2.5068042278289795,0.1678826659917831,2.338921546936035,-0.3975057899951935,0.936560332775116,0.936560332775116,0.0,85.68540954589844,87.0,43939.84375,0.0,1265.0206298828125,1.0,280.35693359375,283.1147155761719,295.33660888671875,298.2342529296875,293.1499938964844,293.1499938964844,280.04998779296875,36217.40625,36000.0,313.1499938964844,0.0,18000.0,1.0,0.0,0.0,0.0,1.0,0.8511703014373779,1.0,0.0,0.0,3.8123505115509033,3.8123762607574463,9.697928362584207e-07,4.265924453735352,4.265914440155029,9.78592834144365e-06,0.0,0.0,-0.0,7376.72216796875,0.0,1723.10302734375,1895.4371337890625,0.0,2946.233154296875,0.9418003559112548,1.0,0.0,3.0,1.0,0.0
12402060,297.1304016113281,297.1499938964844,293.1499938964844,0.0,-0.0,284.392578125,0.8548511266708374,0.2673065364360809,0.2413271516561508,297.4515380859375,297.1499938964844,293.1499938964844,0.0,-0.0,284.39239501953125,0.9990000128746032,0.5549995303153992,0.4046504199504852,297.2524719238281,297.1499938964844,293.1499938964844,0.0,-0.0,284.3925170898437,0.8989355564117432,0.3111874163150787,0.2178642302751541,297.17498779296875,297.1499938964844,293.1499938964844,0.0,-0.0,284.3925170898437,0.8972184658050537,0.309139996767044,0.293334037065506,297.1497802734375,297.1499938964844,293.1499938964844,0.0,-0.0,284.39276123046875,0.7884261012077332,0.2081043124198913,0.9393522143363952,284.3924255371094,284.95001220703125,298.13433837890625,292.3062438964844,297.4977111816406,297.3116149902344,284.3920593261719,1.0,0.4623417556285858,0.1532895714044571,0.1532895714044571,1.0,1.0,-2.5168442726135254,0.1790938824415207,2.3377504348754883,-0.3888151049613952,0.9274939894676208,0.9274939894676208,0.0,84.9843521118164,90.0,45152.60546875,0.0,1274.29638671875,1.0,280.0570373535156,282.9024353027344,295.3346862792969,298.2992553710937,293.1499938964844,293.1499938964844,279.75,36505.83984375,36000.0,313.1499938964844,0.0,18000.0,1.0,0.0,0.0,0.0,1.0,0.8593639731407166,1.0,0.0,0.0,3.794368982315064,3.7943944931030273,9.606659432392917e-07,4.265924453735352,4.265914440155029,9.78592834144365e-06,0.0,0.0,-0.0,7503.14453125,0.0,1703.7303466796875,1895.4371337890625,0.0,3023.039794921875,0.9379479289054872,1.0,0.0,3.0,1.0,0.0
12402120,297.1304016113281,297.1499938964844,293.1499938964844,0.0,-0.0,284.392578125,0.8548511266708374,0.2673065364360809,0.2413271516561508,297.4515380859375,297.1499938964844,293.1499938964844,0.0,-0.0,284.39239501953125,0.9990000128746032,0.5549995303153992,0.4046504199504852,297.2524719238281,297.1499938964844,293.1499938964844,0.0,-0.0,284.3925170898437,0.8989355564117432,0.3111874163150787,0.2178642302751541,297.17498779296875,297.1499938964844,293.1499938964844,0.0,-0.0,284.3925170898437,0.8972184658050537,0.309139996767044,0.293334037065506,297.1497802734375,297.1499938964844,293.1499938964844,0.0,-0.0,284.39276123046875,0.7884261012077332,0.2081043124198913,0.9393522143363952,284.3924255371094,284.95001220703125,298.13433837890625,292.3062438964844,297.4977111816406,297.3116149902344,284.3920593261719,1.0,0.4623417556285858,0.1532895714044571,0.1532895714044571,1.0,1.0,-2.5168442726135254,0.1790938824415207,2.3377504348754883,-0.3888151049613952,0.9274939894676208,0.9274939894676208,0.0,84.9843521118164,90.0,45152.60546875,0.0,1274.29638671875,1.0,280.0570373535156,282.9024353027344,295.3346862792969,298.2992553710937,293.1499938964844,293.1499938964844,279.75,36505.83984375,36000.0,313.1499938964844,0.0,18000.0,1.0,0.0,0.0,0.0,1.0,0.8593639731407166,1.0,0.0,0.0,3.794368982315064,3.7943944931030273,9.606659432392917e-07,4.265924453735352,4.265914440155029,9.78592834144365e-06,0.0,0.0,-0.0,7503.14453125,0.0,1703.7303466796875,1895.4371337890625,0.0,3023.039794921875,0.9379479289054872,1.0,0.0,3.0,1.0,0.0
12402180,297.1321105957031,297.1499938964844,293.1499938964844,0.0,-0.0,284.2134094238281,0.854703962802887,0.2672464251518249,0.2416367679834365,297.4642333984375,297.1499938964844,293.1499938964844,0.0,-0.0,284.2132263183594,0.9990000128746032,0.5601289868354797,0.4053837954998016,297.2597961425781,297.1499938964844,293.1499938964844,0.0,-0.0,284.2133178710937,0.9007795453071594,0.3132453560829162,0.2195644378662109,297.1799011230469,297.1499938964844,293.1499938964844,0.0,-0.0,284.2133178710937,0.8978782892227173,0.3099725544452667,0.2944949865341186,297.1611633300781,297.1499938964844,293.1499938964844,0.0,-0.0,284.21356201171875,0.7899377346038818,0.2092750072479248,0.9463247060775756,284.2132568359375,284.95001220703125,298.11798095703125,292.30255126953125,297.5002746582031,297.3197631835937,284.2128295898437,1.0,0.4645706415176391,0.1567929685115814,0.1567929685115814,1.0,1.0,-2.5299148559570312,0.189957246184349,2.3399577140808105,-0.3808944225311279,0.9161742329597472,0.9161742329597472,0.0,85.57512664794922,93.0,46351.30078125,0.0,1292.9549560546875,1.0,279.7572021484375,282.7001953125,295.33502197265625,298.3747253417969,293.1499938964844,293.1499938964844,279.45001220703125,36795.71875,36000.0,313.1499938964844,0.0,18000.0,1.0,0.0,0.0,0.0,1.0,0.8684794902801514,1.0,0.0,0.0,3.765735387802124,3.765760660171509,9.462216326028284e-07,4.265924453735352,4.265914440155029,9.78592834144365e-06,0.0,0.0,-0.0,7635.80078125,0.0,1671.9246826171875,1895.4371337890625,0.0,3108.546875,0.9317086338996888,1.0,0.0,3.0,1.0,0.0
12402240,297.1321105957031,297.1499938964844,293.1499938964844,0.0,-0.0,284.2134094238281,0.854703962802887,0.2672464251518249,0.2416367679834365,297.4642333984375,297.1499938964844,293.1499938964844,0.0,-0.0,284.2132263183594,0.9990000128746032,0.5601289868354797,0.4053837954998016,297.2597961425781,297.1499938964844,293.1499938964844,0.0,-0.0,284.2133178710937,0.9007795453071594,0.3132453560829162,0.2195644378662109,297.1799011230469,297.1499938964844,293.1499938964844,0.0,-0.0,284.2133178710937,0.8978782892227173,0.3099725544452667,0.2944949865341186,297.1611633300781,297.1499938964844,293.1499938964844,0.0,-0.0,284.21356201171875,0.7899377346038818,0.2092750072479248,0.9463247060775756,284.2132568359375,284.95001220703125,298.11798095703125,292.30255126953125,297.5002746582031,297.3197631835937,284.2128295898437,1.0,0.4645706415176391,0.1567929685115814,0.1567929685115814,1.0,1.0,-2.5299148559570312,0.189957246184349,2.3399577140808105,-0.3808944225311279,0.9161742329597472,0.9161742329597472,0.0,85.57512664794922,93.0,46351.30078125,0.0,1292.9549560546875,1.0,279.7572021484375,282.7001953125,295.33502197265625,298.3747253417969,293.1499938964844,293.1499938964844,279.45001220703125,36795.71875,36000.0,313.1499938964844,0.0,18000.0,1.0,0.0,0.0,0.0,1.0,0.8684794902801514,1.0,0.0,0.0,3.765735387802124,3.765760660171509,9.462216326028284e-07,4.265924453735352,4.265914440155029,9.78592834144365e-06,0.0,0.0,-0.0,7635.80078125,0.0,1671.9246826171875,1895.4371337890625,0.0,3108.546875,0.9317086338996888,1.0,0.0,3.0,1.0,0.0
12402300,297.12945556640625,297.1499938964844,293.1499938964844,0.0,-0.0,284.08013916015625,0.8526239395141602,0.2668749988079071,0.2414344847202301,297.4624938964844,297.1499938964844,293.1499938964844,0.0,-0.0,284.07733154296875,0.9990000128746032,0.5619519352912903,0.4080938696861267,297.2596130371094,297.1499938964844,293.1499938964844,0.0,-0.0,284.0790100097656,0.8995281457901001,0.3139249384403229,0.2201399058103561,297.17828369140625,297.1499938964844,293.1499938964844,0.0,-0.0,284.0791015625,0.8960102200508118,0.3100060820579529,0.2946723699569702,297.1622619628906,297.1499938964844,293.1499938964844,0.0,-0.0,284.08233642578125,0.7885670065879822,0.2094540894031524,0.9478397369384766,284.0779724121094,284.95001220703125,298.10955810546875,292.30047607421875,297.4969787597656,297.31805419921875,284.0679626464844,1.0,0.4659187197685241,0.1585446745157241,0.1585446745157241,1.0,1.0,-2.5356533527374268,0.1949719190597534,2.340681552886963,-0.3771842420101166,0.9090702533721924,0.9090702533721924,0.0,86.35430908203125,93.0,47373.2109375,0.0,1303.4471435546875,1.0,279.4984436035156,282.5367736816406,295.35626220703125,298.5121154785156,293.1499938964844,293.1499938964844,279.45001220703125,36960.07421875,36000.0,313.1499938964844,0.0,18000.0,1.0,0.0,0.0,0.0,1.0,0.8752557635307312,1.0,0.0,0.0,3.747349500656128,3.7473747730255127,9.37004585921386e-07,4.265924453735352,4.265914440155029,9.78592834144365e-06,0.0,0.0,-0.0,7393.556640625,0.0,1651.57080078125,1895.4371337890625,0.0,3172.105224609375,0.9276583194732666,1.0,0.0,3.0,1.0,0.0
12402360,297.125244140625,297.1499938964844,293.1499938964844,0.0,-0.0,284.035400390625,0.8495217561721802,0.2663297355175018,0.2410183548927307,297.45513916015625,297.1499938964844,293.1499938964844,0.0,-0.0,284.03521728515625,0.9990000128746032,0.5632107257843018,0.4120151400566101,297.2575988769531,297.1499938964844,293.1499938964844,0.0,-0.0,284.03533935546875,0.8971462845802307,0.3144215047359466,0.220547080039978,297.1747741699219,297.1499938964844,293.1499938964844,0.0,-0.0,284.03533935546875,0.8930100798606873,0.3098398149013519,0.2946129441261291,297.1610717773437,297.1499938964844,293.1499938964844,0.0,-0.0,284.0355529785156,0.7860933542251587,0.2094142287969589,0.9482144117355348,284.0352783203125,284.95001220703125,298.1009521484375,292.2982482910156,297.4904479980469,297.3121337890625,284.0349426269531,1.0,0.4673501849174499,0.1602046340703964,0.1602046340703964,1.0,1.0,-2.540733575820923,0.1994694471359253,2.341264247894287,-0.3738444447517395,0.9024905562400818,0.9024905562400818,0.0,87.38228607177734,96.0,47435.890625,0.0,1314.236328125,1.0,279.4573974609375,282.50152587890625,295.33062744140625,298.4403991699219,293.1499938964844,293.1499938964844,279.1499938964844,37110.27734375,36000.0,313.1499938964844,0.0,18000.0,1.0,0.0,0.0,0.0,1.0,0.8775367140769958,1.0,0.0,0.0,3.7254538536071777,3.725478649139404,9.260866704607906e-07,4.265924453735352,4.265914440155029,9.78592834144365e-06,0.0,0.0,-0.0,7760.408203125,0.0,1627.2249755859375,1895.4371337890625,0.0,3193.491455078125,0.9228887557983398,1.0,0.0,3.0,1.0,0.0
12402420,297.1155090332031,297.1499938964844,293.1499938964844,0.0,-0.0,283.8618469238281,0.8421421647071838,0.2650341987609863,0.2400070279836654,297.4281921386719,297.1499938964844,293.1499938964844,0.0,-0.0,283.8616943359375,0.9990000128746032,0.5643633008003235,0.4216617047786712,297.25152587890625,297.1499938964844,293.1499938964844,0.0,-0.0,283.8617858886719,0.8909373879432678,0.3151731491088867,0.221192181110382,297.1654968261719,297.1499938964844,293.1499938964844,0.0,-0.0,283.8617858886719,0.8855347037315369,0.3092164695262909,0.2942059338092804,297.1549987792969,297.1499938964844,293.1499938964844,0.0,-0.0,283.8619384765625,0.7795913815498352,0.2089461833238601,0.9471102356910706,283.8617248535156,284.95001220703125,298.0832824707031,292.2934265136719,297.4712219238281,297.2925109863281,283.8616027832031,1.0,0.4703774452209472,0.1635245233774185,0.1635245233774185,1.0,1.0,-2.5500693321228027,0.2076161056756973,2.3424532413482666,-0.3678436577320099,0.8865229487419128,0.8865229487419128,0.0,89.84146118164062,99.0,48411.484375,0.0,1336.64697265625,1.0,279.1578369140625,282.3092346191406,295.3224792480469,298.4952697753906,293.1499938964844,293.1499938964844,279.45001220703125,37457.4765625,36000.0,313.1499938964844,0.0,18000.0,1.0,0.0,0.0,0.0,1.0,0.8858355283737183,1.0,0.0,0.0,3.672236204147339,3.6722607612609854,8.998176213026454e-07,4.265924453735352,4.265914440155029,9.78592834144365e-06,0.0,0.0,-0.0,6998.10693359375,0.0,1569.0198974609375,1895.4371337890625,0.0,3271.240966796875,0.9112234711647034,1.0,0.0,3.0,1.0,0.0
12402480,297.1155090332031,297.1499938964844,293.1499938964844,0.0,-0.0,283.8618469238281,0.8421421647071838,0.2650341987609863,0.2400070279836654,297.4281921386719,297.1499938964844,293.1499938964844,0.0,-0.0,283.8616943359375,0.9990000128746032,0.5643633008003235,0.4216617047786712,297.25152587890625,297.1499938964844,293.1499938964844,0.0,-0.0,283.8617858886719,0.8909373879432678,0.3151731491088867,0.221192181110382,297.1654968261719,297.1499938964844,293.1499938964844,0.0,-0.0,283.8617858886719,0.8855347037315369,0.3092164695262909,0.2942059338092804,297.1549987792969,297.1499938964844,293.1499938964844,0.0,-0.0,283.8619384765625,0.7795913815498352,0.2089461833238601,0.9471102356910706,283.8617248535156,284.95001220703125,298.0832824707031,292.2934265136719,297.4712219238281,297.2925109863281,283.8616027832031,1.0,0.4703774452209472,0.1635245233774185,0.1635245233774185,1.0,1.0,-2.5500693321228027,0.2076161056756973,2.3424532413482666,-0.3678436577320099,0.8865229487419128,0.8865229487419128,0.0,89.84146118164062,99.0,48411.484375,0.0,1336.64697265625,1.0,279.1578369140625,282.3092346191406,295.3224792480469,298.4952697753906,293.1499938964844,293.1499938964844,279.45001220703125,37457.4765625,36000.0,313.1499938964844,0.0,18000.0,1.0,0.0,0.0,0.0,1.0,0.8858355283737183,1.0,0.0,0.0,3.672236204147339,3.6722607612609854,8.998176213026454e-07,4.265924453735352,4.265914440155029,9.78592834144365e-06,0.0,0.0,-0.0,6998.10693359375,0.0,1569.0198974609375,1895.4371337890625,0.0,3271.240966796875,0.9112234711647034,1.0,0.0,3.0,1.0,0.0
12402540,297.1194763183594,297.1499938964844,293.1499938964844,0.0,-0.0,284.0814208984375,0.8360967040061951,0.2649782598018646,0.2396289855241775,297.4073791503906,297.1499938964844,293.1499938964844,0.0,-0.0,284.0824890136719,0.9990000128746032,0.5657573342323303,0.4307522773742676,297.257568359375,297.1499938964844,293.1499938964844,0.0,-0.0,284.08184814453125,0.8859169483184814,0.3170524537563324,0.2222644984722137,297.1667175292969,297.1499938964844,293.1499938964844,0.0,-0.0,284.081787109375,0.879137396812439,0.3095185756683349,0.2942262291908264,297.1547546386719,297.1499938964844,293.1499938964844,0.0,-0.0,284.0806884765625,0.7738170623779297,0.2089735567569732,0.9465718865394592,284.08221435546875,284.95001220703125,298.0650329589844,292.2880554199219,297.4586486816406,297.28143310546875,284.08599853515625,1.0,0.4736306071281433,0.1668444275856018,0.1668444275856018,1.0,1.0,-2.561198472976685,0.2149887084960937,2.346209764480591,-0.3630986511707306,0.876632571220398,0.876632571220398,0.0,92.27975463867188,102.0,47162.52734375,0.0,1361.427734375,1.0,279.442138671875,282.5508728027344,295.2439880371094,298.2671203613281,293.1499938964844,293.1499938964844,279.75,37389.671875,36000.0,313.1499938964844,0.0,18000.0,1.0,0.0,0.0,0.0,1.0,0.8729286193847656,1.0,0.0,0.0,3.6192786693573,3.61930251121521,8.740520911487693e-07,4.265924453735352,4.265914440155029,9.78592834144365e-06,0.0,0.0,-0.0,6835.74951171875,0.0,1509.5675048828125,1895.4371337890625,0.0,3150.281005859375,0.899404764175415,1.0,0.0,3.0,1.0,0.0
12402600,297.1194763183594,297.1499938964844,293.1499938964844,0.0,-0.0,284.0814208984375,0.8360967040061951,0.2649782598018646,0.2396289855241775,297.4073791503906,297.1499938964844,293.1499938964844,0.0,-0.0,284.0824890136719,0.9990000128746032,0.5657573342323303,0.4307522773742676,297.257568359375,297.1499938964844,293.1499938964844,0.0,-0.0,284.08184814453125,0.8859169483184814,0.3170524537563324,0.2222644984722137,297.1667175292969,297.1499938964844,293.1499938964844,0.0,-0.0,284.081787109375,0.879137396812439,0.3095185756683349,0.2942262291908264,297.1547546386719,297.1499938964844,293.1499938964844,0.0,-0.0,284.0806884765625,0.7738170623779297,0.2089735567569732,0.9465718865394592,284.08221435546875,284.95001220703125,298.0650329589844,292.2880554199219,297.4586486816406,297.28143310546875,284.08599853515625,1.0,0.4736306071281433,0.1668444275856018,0.1668444275856018,1.0,1.0,-2.561198472976685,0.2149887084960937,2.346209764480591,-0.3630986511707306,0.876632571220398,0.876632571220398,0.0,92.27975463867188,102.0,47162.52734375,0.0,1361.427734375,1.0,279.442138671875,282.5508728027344,295.2439880371094,298.2671203613281,293.1499938964844,293.1499938964844,279.75,37389.671875,36000.0,313.1499938964844,0.0,18000.0,1.0,0.0,0.0,0.0,1.0,0.8729286193847656,1.0,0.0,0.0,3.6192786693573,3.61930251121521,8.740520911487693e-07,4.265924453735352,4.265914440155029,9.78592834144365e-06,0.0,0.0,-0.0,6835.74951171875,0.0,1509.5675048828125,1895.4371337890625,0.0,3150.281005859375,0.899404764175415,1.0,0.0,3.0,1.0,0.0
12402660,297.1344909667969,297.1499938964844,293.1499938964844,0.0,-0.0,284.3254089355469,0.8330910205841064,0.2661064565181732,0.2404865026473999,297.40283203125,297.1499938964844,293.1499938964844,0.0,-0.0,284.3265686035156,0.9990000128746032,0.5685402750968933,0.4373102188110351,297.2745666503906,297.1499938964844,293.1499938964844,0.0,-0.0,284.3258972167969,0.8840692043304443,0.3201290965080261,0.2242743223905563,297.1787414550781,297.1499938964844,293.1499938964844,0.0,-0.0,284.3258056640625,0.8758235573768616,0.3109399378299713,0.2953991889953613,297.1625671386719,297.1499938964844,293.1499938964844,0.0,-0.0,284.3246459960937,0.7707690000534058,0.2098178565502166,0.9498057961463928,284.3262634277344,284.95001220703125,298.0462646484375,292.2822265625,297.45751953125,297.28533935546875,284.3302917480469,1.0,0.4773485958576202,0.1701907664537429,0.1701907664537429,1.0,1.0,-2.5778136253356934,0.2227813154458999,2.355032205581665,-0.3591582477092743,0.8702196478843689,0.8702196478843689,0.0,94.35475158691406,105.0,45986.93359375,0.0,1391.939208984375,1.0,279.7413024902344,282.80987548828125,295.23175048828125,298.1639404296875,293.1499938964844,293.1499938964844,280.04998779296875,37162.28515625,36000.0,313.1499938964844,0.0,18000.0,1.0,0.0,0.0,0.0,1.0,0.8598039150238037,1.0,0.0,0.0,3.57480525970459,3.574828624725342,8.527035220140533e-07,4.265924453735352,4.265914440155029,9.78592834144365e-06,0.0,0.0,-0.0,6724.26416015625,0.0,1459.6258544921875,1895.4371337890625,0.0,3027.165771484375,0.8893517851829529,1.0,0.0,3.0,1.0,0.0
12402720,297.1344909667969,297.1499938964844,293.1499938964844,0.0,-0.0,284.3254089355469,0.8330910205841064,0.2661064565181732,0.2404865026473999,297.40283203125,297.1499938964844,293.1499938964844,0.0,-0.0,284.3265686035156,0.9990000128746032,0.5685402750968933,0.4373102188110351,297.2745666503906,297.1499938964844,293.1499938964844,0.0,-0.0,284.3258972167969,0.8840692043304443,0.3201290965080261,0.2242743223905563,297.1787414550781,297.1499938964844,293.1499938964844,0.0,-0.0,284.3258056640625,0.8758235573768616,0.3109399378299713,0.2953991889953613,297.1625671386719,297.1499938964844,293.1499938964844,0.0,-0.0,284.3246459960937,0.7707690000534058,0.2098178565502166,0.9498057961463928,284.3262634277344,284.95001220703125,298.0462646484375,292.2822265625,297.45751953125,297.28533935546875,284.3302917480469,1.0,0.4773485958576202,0.1701907664537429,0.1701907664537429,1.0,1.0,-2.5778136253356934,0.2227813154458999,2.355032205581665,-0.3591582477092743,0.8702196478843689,0.8702196478843689,0.0,94.35475158691406,105.0,45986.93359375,0.0,1391.939208984375,1.0,279.7413024902344,282.80987548828125,295.23175048828125,298.1639404296875,293.1499938964844,293.1499938964844,280.04998779296875,37162.28515625,36000.0,313.1499938964844,0.0,18000.0,1.0,0.0,0.0,0.0,1.0,0.8598039150238037,1.0,0.0,0.0,3.57480525970459,3.574828624725342,8.527035220140533e-07,4.265924453735352,4.265914440155029,9.78592834144365e-06,0.0,0.0,-0.0,6724.26416015625,0.0,1459.6258544921875,1895.4371337890625,0.0,3027.165771484375,0.8893517851829529,1.0,0.0,3.0,1.0,0.0
12402780,297.15289306640625,297.1499938964844,293.1499938964844,0.0,-0.0,284.56890869140625,0.8313416242599487,0.2677721679210663,0.2419251352548599,297.4092102050781,297.1499938964844,293.1499938964844,0.0,-0.0,284.570068359375,0.9990000128746032,0.5723776817321777,0.4429073929786682,297.29571533203125,297.1499938964844,293.1499938964844,0.0,-0.0,284.56939697265625,0.8836113214492798,0.3238467574119568,0.2268005162477493,297.1952819824219,297.1499938964844,293.1499938964844,0.0,-0.0,284.5693054199219,0.8739006519317627,0.3129760921001434,0.2972416579723358,297.1745910644531,297.1499938964844,293.1499938964844,0.0,-0.0,284.5681457519531,0.7690696716308594,0.2111909240484237,0.9556641578674316,284.5697631835937,284.95001220703125,298.0269775390625,292.2759704589844,297.4631652832031,297.29815673828125,284.57373046875,1.0,0.4815563261508941,0.1735371053218841,0.1735371053218841,1.0,1.0,-2.5985524654388428,0.2314077764749527,2.3671445846557617,-0.3552966713905334,0.8670495748519897,0.8670495748519897,0.0,96.36907958984376,108.0,44915.7265625,0.0,1427.98681640625,1.0,280.0409545898437,283.0658874511719,295.234130859375,298.09600830078125,293.1499938964844,293.1499938964844,280.3500061035156,36849.578125,36000.0,313.1499938964844,0.0,18000.0,1.0,0.0,0.0,0.0,1.0,0.8489058613777161,1.0,0.0,0.0,3.54192852973938,3.5419516563415527,8.370914201805135e-07,4.265924453735352,4.265914440155029,9.78592834144365e-06,0.0,0.0,-0.0,6628.63330078125,0.0,1422.3931884765625,1895.4371337890625,0.0,2925.023681640625,0.881816029548645,1.0,0.0,3.0,1.0,0.0
12402840,297.15289306640625,297.1499938964844,293.1499938964844,0.0,-0.0,284.56890869140625,0.8313416242599487,0.2677721679210663,0.2419251352548599,297.4092102050781,297.1499938964844,293.1499938964844,0.0,-0.0,284.570068359375,0.9990000128746032,0.5723776817321777,0.4429073929786682,297.29571533203125,297.1499938964844,293.1499938964844,0.0,-0.0,284.56939697265625,0.8836113214492798,0.3238467574119568,0.2268005162477493,297.1952819824219,297.1499938964844,293.1499938964844,0.0,-0.0,284.5693054199219,0.8739006519317627,0.3129760921001434,0.2972416579723358,297.1745910644531,297.1499938964844,293.1499938964844,0.0,-0.0,284.5681457519531,0.7690696716308594,0.2111909240484237,0.9556641578674316,284.5697631835937,284.95001220703125,298.0269775390625,292.2759704589844,297.4631652832031,297.29815673828125,284.57373046875,1.0,0.4815563261508941,0.1735371053218841,0.1735371053218841,1.0,1.0,-2.5985524654388428,0.2314077764749527,2.3671445846557617,-0.3552966713905334,0.8670495748519897,0.8670495748519897,0.0,96.36907958984376,108.0,44915.7265625,0.0,1427.98681640625,1.0,280.0409545898437,283.0658874511719,295.234130859375,298.09600830078125,293.1499938964844,293.1499938964844,280.3500061035156,36849.578125,36000.0,313.1499938964844,0.0,18000.0,1.0,0.0,0.0,0.0,1.0,0.8489058613777161,1.0,0.0,0.0,3.54192852973938,3.5419516563415527,8.370914201805135e-07,4.265924453735352,4.265914440155029,9.78592834144365e-06,0.0,0.0,-0.0,6628.63330078125,0.0,1422.3931884765625,1895.4371337890625,0.0,2925.023681640625,0.881816029548645,1.0,0.0,3.0,1.0,0.0
12402900,297.1622619628906,297.1499938964844,293.1499938964844,0.0,-0.0,284.7287902832031,0.8305870890617371,0.2687073945999145,0.242736130952835,297.4145202636719,297.1499938964844,293.1499938964844,0.0,-0.0,284.7327575683594,0.9990000128746032,0.5745396614074707,0.4456918239593506,297.306640625,297.1499938964844,293.1499938964844,0.0,-0.0,284.7304382324219,0.8835242986679077,0.3258410692214966,0.2281605452299118,297.2041015625,297.1499938964844,293.1499938964844,0.0,-0.0,284.73016357421875,0.8730958104133606,0.3141269087791443,0.2982948720455169,297.1812744140625,297.1499938964844,293.1499938964844,0.0,-0.0,284.7261962890625,0.7684041261672974,0.2120023071765899,0.9591920971870422,284.7316589355469,284.95001220703125,298.0171813964844,292.2726745605469,297.46710205078125,297.3060607910156,284.7445373535156,1.0,0.4838268160820007,0.1752102822065353,0.1752102822065353,1.0,1.0,-2.6100099086761475,0.2359773963689804,2.374032735824585,-0.3533488810062408,0.8671526908874512,0.8671526908874512,0.0,97.4185791015625,108.0,43963.88671875,0.0,1447.846923828125,1.0,280.2955627441406,283.2494201660156,295.2123413085937,297.96728515625,293.1499938964844,293.1499938964844,280.3500061035156,36662.32421875,36000.0,313.1499938964844,0.0,18000.0,1.0,0.0,0.0,0.0,1.0,0.841969907283783,1.0,0.0,0.0,3.530200719833374,3.530223846435547,8.315571449202253e-07,4.265924453735352,4.265914440155029,9.78592834144365e-06,0.0,0.0,-0.0,6826.41064453125,0.0,1408.7186279296875,1895.4371337890625,0.0,2860.125244140625,0.8791114091873169,1.0,0.0,3.0,1.0,0.0
12402960,297.1720275878906,297.1499938964844,293.1499938964844,0.0,-0.0,284.8081359863281,0.8300713896751404,0.2697463929653168,0.2436761409044265,297.42120361328125,297.1499938964844,293.1499938964844,0.0,-0.0,284.80926513671875,0.9990000128746032,0.5768726468086243,0.4483128190040588,297.31805419921875,297.1499938964844,293.1499938964844,0.0,-0.0,284.80859375,0.8836922645568848,0.3279537260532379,0.2296300679445266,297.21343994140625,297.1499938964844,293.1499938964844,0.0,-0.0,284.8085327148437,0.8725388050079346,0.3153887987136841,0.2994816899299621,297.1885070800781,297.1499938964844,293.1499938964844,0.0,-0.0,284.80743408203125,0.7679794430732727,0.2129101008176803,0.9632415771484376,284.8089599609375,284.95001220703125,298.0072631835937,292.2693176269531,297.4720153808594,297.3153381347656,284.8127136230469,1.0,0.4862085580825805,0.1768153756856918,0.1768153756856918,1.0,1.0,-2.622344970703125,0.2406382113695144,2.381706953048706,-0.3515096604824066,0.867038905620575,0.867038905620575,0.0,98.46466064453124,111.0,43936.23046875,0.0,1469.032470703125,1.0,280.3406982421875,283.316162109375,295.2350769042969,298.03582763671875,293.1499938964844,293.1499938964844,280.6499938964844,36489.625,36000.0,313.1499938964844,0.0,18000.0,1.0,0.0,0.0,0.0,1.0,0.8396140336990356,1.0,0.0,0.0,3.5225255489349365,3.5225484371185303,8.279452003989718e-07,4.265924453735352,4.265914440155029,9.78592834144365e-06,0.0,0.0,-0.0,6543.015625,0.0,1399.4530029296875,1895.4371337890625,0.0,2838.109375,0.8772363662719727,1.0,0.0,3.0,1.0,0.0
12403020,297.1908874511719,297.1499938964844,293.1499938964844,0.0,-0.0,285.0414123535156,0.828998863697052,0.2719350755214691,0.245637446641922,297.4355773925781,297.1499938964844,293.1499938964844,0.0,-0.0,285.0424499511719,0.9990000128746032,0.5817597508430481,0.4538058638572693,297.3403625488281,297.1499938964844,293.1499938964844,0.0,-0.0,285.0418395996094,0.8839869499206543,0.3323416113853454,0.2326707392930984,297.23193359375,297.1499938964844,293.1499938964844,0.0,-0.0,285.041748046875,0.8714137077331543,0.3180633187294006,0.3019918203353882,297.2030334472656,297.1499938964844,293.1499938964844,0.0,-0.0,285.0407409667969,0.7671766877174377,0.2148686051368713,0.9720004200935364,285.0421447753906,284.95001220703125,297.98712158203125,292.26226806640625,297.4820861816406,297.334228515625,285.045654296875,1.0,0.4912411570549011,0.1800255626440048,0.1800255626440048,1.0,1.0,-2.6484944820404053,0.2503721714019775,2.398122310638428,-0.3477442562580108,0.870096743106842,0.870096743106842,0.0,100.6861801147461,114.0,43035.8359375,0.0,1514.56298828125,1.0,280.6405639648437,283.5596618652344,295.2330017089844,297.9779968261719,293.1499938964844,293.1499938964844,280.95001220703125,36111.09375,36000.0,313.1499938964844,0.0,18000.0,1.0,0.0,0.0,0.0,1.0,0.8312833905220032,1.0,0.0,0.0,3.517347812652588,3.5173707008361816,8.255130410361744e-07,4.265924453735352,4.265914440155029,9.78592834144365e-06,0.0,0.0,-0.0,6465.32861328125,0.0,1391.334716796875,1895.4371337890625,0.0,2760.39599609375,0.8758014440536499,1.0,0.0,3.0,1.0,0.0
12403080,297.1908874511719,297.1499938964844,293.1499938964844,0.0,-0.0,285.0414123535156,0.828998863697052,0.2719350755214691,0.245637446641922,297.4355773925781,297.1499938964844,293.1499938964844,0.0,-0.0,285.0424499511719,0.9990000128746032,0.5817597508430481,0.4538058638572693,297.3403625488281,297.1499938964844,293.1499938964844,0.0,-0.0,285.0418395996094,0.8839869499206543,0.3323416113853454,0.2326707392930984,297.23193359375,297.1499938964844,293.1499938964844,0.0,-0.0,285.041748046875,0.8714137077331543,0.3180633187294006,0.3019918203353882,297.2030334472656,297.1499938964844,293.1499938964844,0.0,-0.0,285.0407409667969,0.7671766877174377,0.2148686051368713,0.9720004200935364,285.0421447753906,284.95001220703125,297.98712158203125,292.26226806640625,297.4820861816406,297.334228515625,285.045654296875,1.0,0.4912411570549011,0.1800255626440048,0.1800255626440048,1.0,1.0,-2.6484944820404053,0.2503721714019775,2.398122310638428,-0.3477442562580108,0.870096743106842,0.870096743106842,0.0,100.6861801147461,114.0,43035.8359375,0.0,1514.56298828125,1.0,280.6405639648437,283.5596618652344,295.2330017089844,297.9779968261719,293.1499938964844,293.1499938964844,280.95001220703125,36111.09375,36000.0,313.1499938964844,0.0,18000.0,1.0,0.0,0.0,0.0,1.0,0.8312833905220032,1.0,0.0,0.0,3.517347812652588,3.5173707008361816,8.255130410361744e-07,4.265924453735352,4.265914440155029,9.78592834144365e-06,0.0,0.0,-0.0,6465.32861328125,0.0,1391.334716796875,1895.4371337890625,0.0,2760.39599609375,0.8758014440536499,1.0,0.0,3.0,1.0,0.0
12403140,297.2089538574219,297.1499938964844,293.1499938964844,0.0,-0.0,285.2677001953125,0.8280303478240967,0.2742805480957031,0.2477484345436096,297.450439453125,297.1499938964844,293.1499938964844,0.0,-0.0,285.2686767578125,0.9990000128746032,0.5868633389472961,0.4594317972660064,297.362060546875,297.1499938964844,293.1499938964844,0.0,-0.0,285.26812744140625,0.8843812942504883,0.3369362950325012,0.2358629256486892,297.25,297.1499938964844,293.1499938964844,0.0,-0.0,285.2680358886719,0.8704124093055725,0.3209262490272522,0.3046919405460357,297.2174072265625,297.1499938964844,293.1499938964844,0.0,-0.0,285.26708984375,0.7665297985076904,0.2169929295778274,0.9815686345100404,285.2684326171875,284.95001220703125,297.9667358398437,292.2549743652344,297.4923400878906,297.3533935546875,285.2716369628906,1.0,0.4965623021125793,0.1832197457551956,0.1832197457551956,1.0,1.0,-2.67636775970459,0.2606253325939178,2.4157423973083496,-0.3438442349433899,0.8761062622070312,0.8761062622070312,0.0,103.02577209472656,114.0,42201.1796875,0.0,1563.870361328125,1.0,280.9404296875,283.7959899902344,295.2286376953125,297.92169189453125,293.1499938964844,293.1499938964844,280.95001220703125,35736.5078125,36000.0,313.1499938964844,0.0,18000.0,1.0,0.0,0.0,0.0,1.0,0.823560893535614,1.0,0.0,0.0,3.5262436866760254,3.52626633644104,8.296939313368057e-07,4.265924453735352,4.265914440155029,9.78592834144365e-06,0.0,0.0,-0.0,6737.4560546875,0.0,1397.88818359375,1895.4371337890625,0.0,2688.58984375,0.8775002360343933,1.0,0.0,3.0,1.0,0.0
12403200,297.20904541015625,297.1499938964844,293.1499938964844,0.0,-0.0,285.26806640625,0.8280258774757385,0.2742916643619537,0.2477594465017318,297.45050048828125,297.1499938964844,293.1499938964844,0.0,-0.0,285.2690124511719,0.9990000128746032,0.5868882536888123,0.4594602286815643,297.3621520996094,297.1499938964844,293.1499938964844,0.0,-0.0,285.2684631347656,0.8843836188316345,0.3369588851928711,0.2358793467283249,297.2500915527344,297.1499938964844,293.1499938964844,0.0,-0.0,285.2684020996094,0.8704078197479248,0.3209402561187744,0.3047059774398803,297.21746826171875,297.1499938964844,293.1499938964844,0.0,-0.0,285.2674560546875,0.766526997089386,0.2170034348964691,0.9816187024116516,285.2687683105469,284.95001220703125,297.9666442871094,292.2549133300781,297.49237060546875,297.3534851074219,285.2719421386719,1.0,0.4965896904468536,0.1832357496023178,0.1832357496023178,1.0,1.0,-2.6765120029449463,0.2606781423091888,2.415833711624145,-0.3438241481781006,0.8761320114135742,0.8761320114135742,0.0,103.03778839111328,117.0,42202.6484375,0.0,1564.12744140625,1.0,280.9405822753906,283.7962646484375,295.2289123535156,297.9223937988281,293.1499938964844,293.1499938964844,281.25,35735.31640625,36000.0,313.1499938964844,0.0,18000.0,1.0,0.0,0.0,0.0,1.0,0.823569118976593,1.0,0.0,0.0,3.526313304901123,3.526336193084717,8.297267299894884e-07,4.265924453735352,4.265914440155029,9.78592834144365e-06,0.0,0.0,-0.0,6394.25830078125,0.0,1397.9522705078125,1895.4371337890625,0.0,2688.666015625,0.8775146007537842,1.0,0.0,3.0,1.0,0.0
12403260,297.2263488769531,297.1499938964844,293.1499938964844,0.0,-0.0,285.48834228515625,0.8271339535713196,0.276791900396347,0.2500162422657013,297.4652099609375,297.1499938964844,293.1499938964844,0.0,-0.0,285.4891967773437,0.9990000128746032,0.5921838879585266,0.4652571380138397,297.3832092285156,297.1499938964844,293.1499938964844,0.0,-0.0,285.4887084960937,0.8848627209663391,0.3417797982692718,0.2392342388629913,297.2676696777344,297.1499938964844,293.1499938964844,0.0,-0.0,285.4886169433594,0.8694968819618225,0.3239887952804565,0.3075893819332123,297.23150634765625,297.1499938964844,293.1499938964844,0.0,-0.0,285.4877624511719,0.765986979007721,0.2192780077457428,0.9919062852859496,285.48895263671875,284.95001220703125,297.9458312988281,292.2472839355469,297.5023498535156,297.3724365234375,285.4918518066406,1.0,0.5021969079971313,0.1862299591302871,0.1862299591302871,1.0,1.0,-2.7060470581054688,0.2711272239685058,2.434919834136963,-0.3401001691818237,0.8850619792938232,0.8850619792938232,0.0,105.50585174560548,120.0,41424.65625,0.0,1617.3551025390625,1.0,281.2407531738281,284.02642822265625,295.2237243652344,297.86920166015625,293.1499938964844,293.1499938964844,281.54998779296875,35378.26953125,36000.0,313.1499938964844,0.0,18000.0,1.0,0.0,0.0,0.0,1.0,0.8163037300109863,1.0,0.0,0.0,3.5487048625946045,3.5487279891967773,8.402975026911008e-07,4.265924453735352,4.265914440155029,9.78592834144365e-06,0.0,0.0,-0.0,6328.7138671875,0.0,1418.843017578125,1895.4371337890625,0.0,2621.36083984375,0.8822386860847473,1.0,0.0,3.0,1.0,0.0
12403320,297.2263488769531,297.1499938964844,293.1499938964844,0.0,-0.0,285.48834228515625,0.8271339535713196,0.276791900396347,0.2500162422657013,297.4652099609375,297.1499938964844,293.1499938964844,0.0,-0.0,285.4891967773437,0.9990000128746032,0.5921838879585266,0.4652571380138397,297.3832092285156,297.1499938964844,293.1499938964844,0.0,-0.0,285.4887084960937,0.8848627209663391,0.3417797982692718,0.2392342388629913,297.2676696777344,297.1499938964844,293.1499938964844,0.0,-0.0,285.4886169433594,0.8694968819618225,0.3239887952804565,0.3075893819332123,297.23150634765625,297.1499938964844,293.1499938964844,0.0,-0.0,285.4877624511719,0.765986979007721,0.2192780077457428,0.9919062852859496,285.48895263671875,284.95001220703125,297.9458312988281,292.2472839355469,297.5023498535156,297.3724365234375,285.4918518066406,1.0,0.5021969079971313,0.1862299591302871,0.1862299591302871,1.0,1.0,-2.7060470581054688,0.2711272239685058,2.434919834136963,-0.3401001691818237,0.8850619792938232,0.8850619792938232,0.0,105.50585174560548,120.0,41424.65625,0.0,1617.3551025390625,1.0,281.2407531738281,284.02642822265625,295.2237243652344,297.86920166015625,293.1499938964844,293.1499938964844,281.54998779296875,35378.26953125,36000.0,313.1499938964844,0.0,18000.0,1.0,0.0,0.0,0.0,1.0,0.8163037300109863,1.0,0.0,0.0,3.5487048625946045,3.5487279891967773,8.402975026911008e-07,4.265924453735352,4.265914440155029,9.78592834144365e-06,0.0,0.0,-0.0,6328.7138671875,0.0,1418.843017578125,1895.4371337890625,0.0,2621.36083984375,0.8822386860847473,1.0,0.0,3.0,1.0,0.0
12403380,297.2427673339844,297.1499938964844,293.1499938964844,0.0,-0.0,285.7029113769531,0.8263362646102905,0.2794233858585357,0.2523939907550812,297.4794616699219,297.1499938964844,293.1499938964844,0.0,-0.0,285.7037353515625,0.9990000128746032,0.5976181030273438,0.4711431264877319,297.4035339355469,297.1499938964844,293.1499938964844,0.0,-0.0,285.7032775878906,0.885441243648529,0.3467918038368225,0.2427243590354919,297.2845764160156,297.1499938964844,293.1499938964844,0.0,-0.0,285.70318603515625,0.8686944246292114,0.3271933794021606,0.3106239438056946,297.24493408203125,297.1499938964844,293.1499938964844,0.0,-0.0,285.7024230957031,0.7655541896820068,0.2216718047857284,1.0027532577514648,285.7034912109375,284.95001220703125,297.9247741699219,292.2394104003906,297.5118713378906,297.39093017578125,285.7061462402344,1.0,0.5080152750015259,0.1892241835594177,0.1892241835594177,1.0,1.0,-2.736851692199707,0.2820500433444977,2.4548017978668213,-0.3361869156360626,0.8968173265457153,0.8968173265457153,0.0,108.07115936279295,123.0,40689.9140625,0.0,1673.960693359375,1.0,281.541015625,284.2511901855469,295.2178039550781,297.81817626953125,293.1499938964844,293.1499938964844,281.8500061035156,35052.29296875,36000.0,313.1499938964844,0.0,18000.0,1.0,0.0,0.0,0.0,1.0,0.8093887567520142,1.0,0.0,0.0,3.583332061767578,3.58335542678833,8.567762392885925e-07,4.265924453735352,4.265914440155029,9.78592834144365e-06,0.0,0.0,-0.0,6267.64111328125,0.0,1453.29296875,1895.4371337890625,0.0,2557.565673828125,0.889729917049408,1.0,0.0,3.0,1.0,0.0
12403440,297.2427673339844,297.1499938964844,293.1499938964844,0.0,-0.0,285.7029113769531,0.8263362646102905,0.2794233858585357,0.2523939907550812,297.4794616699219,297.1499938964844,293.1499938964844,0.0,-0.0,285.7037353515625,0.9990000128746032,0.5976181030273438,0.4711431264877319,297.4035339355469,297.1499938964844,293.1499938964844,0.0,-0.0,285.7032775878906,0.885441243648529,0.3467918038368225,0.2427243590354919,297.2845764160156,297.1499938964844,293.1499938964844,0.0,-0.0,285.70318603515625,0.8686944246292114,0.3271933794021606,0.3106239438056946,297.24493408203125,297.1499938964844,293.1499938964844,0.0,-0.0,285.7024230957031,0.7655541896820068,0.2216718047857284,1.0027532577514648,285.7034912109375,284.95001220703125,297.9247741699219,292.2394104003906,297.5118713378906,297.39093017578125,285.7061462402344,1.0,0.5080152750015259,0.1892241835594177,0.1892241835594177,1.0,1.0,-2.736851692199707,0.2820500433444977,2.4548017978668213,-0.3361869156360626,0.8968173265457153,0.8968173265457153,0.0,108.07115936279295,123.0,40689.9140625,0.0,1673.960693359375,1.0,281.541015625,284.2511901855469,295.2178039550781,297.81817626953125,293.1499938964844,293.1499938964844,281.8500061035156,35052.29296875,36000.0,313.1499938964844,0.0,18000.0,1.0,0.0,0.0,0.0,1.0,0.8093887567520142,1.0,0.0,0.0,3.583332061767578,3.58335542678833,8.567762392885925e-07,4.265924453735352,4.265914440155029,9.78592834144365e-06,0.0,0.0,-0.0,6267.64111328125,0.0,1453.29296875,1895.4371337890625,0.0,2557.565673828125,0.889729917049408,1.0,0.0,3.0,1.0,0.0
12403500,297.25048828125,297.1499938964844,293.1499938964844,0.0,-0.0,285.8484191894531,0.8258999586105347,0.280767560005188,0.2535912692546844,297.4861755371094,297.1499938964844,293.1499938964844,0.0,-0.0,285.8517761230469,0.9990000128746032,0.6003641486167908,0.4741835296154022,297.4132385253906,297.1499938964844,293.1499938964844,0.0,-0.0,285.8499450683594,0.8856915831565857,0.3493499159812927,0.244492769241333,297.2926025390625,297.1499938964844,293.1499938964844,0.0,-0.0,285.8495483398437,0.8682640194892883,0.3288330435752868,0.3121660649776459,297.2513122558594,297.1499938964844,293.1499938964844,0.0,-0.0,285.8463134765625,0.7653151154518127,0.2228981554508209,1.0082781314849854,285.8508605957031,284.95001220703125,297.9141540527344,292.2353820800781,297.5161437988281,297.3995056152344,285.8612976074219,1.0,0.5109872817993164,0.1907212883234024,0.1907212883234024,1.0,1.0,-2.7525618076324463,0.2876687943935394,2.464893102645874,-0.3341397941112518,0.904242992401123,0.904242992401123,0.0,109.40128326416016,123.0,39907.58984375,0.0,1703.37841796875,1.0,281.79705810546875,284.4236755371094,295.1907958984375,297.6966552734375,293.1499938964844,293.1499938964844,281.8500061035156,34894.08203125,36000.0,313.1499938964844,0.0,18000.0,1.0,0.0,0.0,0.0,1.0,0.8038029074668884,1.0,0.0,0.0,3.604562520980835,3.604585886001587,8.669587145959667e-07,4.265924453735352,4.265914440155029,9.78592834144365e-06,0.0,0.0,-0.0,6462.25830078125,0.0,1475.030517578125,1895.4371337890625,0.0,2506.245361328125,0.8943945169448853,1.0,0.0,3.0,1.0,0.0
12403560,297.2584533691406,297.1499938964844,293.1499938964844,0.0,-0.0,285.9101257324219,0.8256562948226929,0.2821852266788482,0.2548871338367462,297.4931640625,297.1499938964844,293.1499938964844,0.0,-0.0,285.91082763671875,0.9990000128746032,0.6031807661056519,0.4770593643188476,297.4230651855469,297.1499938964844,293.1499938964844,0.0,-0.0,285.9104309082031,0.886143147945404,0.3519837558269501,0.2463423460721969,297.3007202148437,297.1499938964844,293.1499938964844,0.0,-0.0,285.9103698730469,0.8680171370506287,0.3305320143699646,0.3137925863265991,297.2577514648437,297.1499938964844,293.1499938964844,0.0,-0.0,285.9096984863281,0.7652405500411987,0.2241726219654083,1.01409649848938,285.91064453125,284.95001220703125,297.9034729003906,292.2312927246094,297.5203857421875,297.4081420898437,285.9129333496094,1.0,0.5140069127082825,0.1921139806509018,0.1921139806509018,1.0,1.0,-2.7687442302703857,0.2932469248771667,2.475497245788574,-0.3322429358959198,0.9112942218780518,0.9112942218780518,0.0,110.71446990966795,126.0,40039.01171875,0.0,1733.732421875,1.0,281.8414306640625,284.47540283203125,295.2123107910156,297.7726135253906,293.1499938964844,293.1499938964844,281.54998779296875,34769.27734375,36000.0,313.1499938964844,0.0,18000.0,1.0,0.0,0.0,0.0,1.0,0.8029236197471619,1.0,0.0,0.0,3.628586769104004,3.628610372543335,8.785537488620321e-07,4.265924453735352,4.265914440155029,9.78592834144365e-06,0.0,0.0,-0.0,6896.3779296875,0.0,1500.3211669921875,1895.4371337890625,0.0,2498.185302734375,0.8996492624282837,1.0,0.0,3.0,1.0,0.0
12403620,297.2586669921875,297.1499938964844,293.1499938964844,0.0,-0.0,285.7490234375,0.8232110142707825,0.2836029529571533,0.2566616535186767,297.48760986328125,297.1499938964844,293.1499938964844,0.0,-0.0,285.74859619140625,0.9990000128746032,0.6069936752319336,0.4849825799465179,297.4278259277344,297.1499938964844,293.1499938964844,0.0,-0.0,285.74884033203125,0.8849613666534424,0.3559439480304718,0.2494583576917648,297.30389404296875,297.1499938964844,293.1499938964844,0.0,-0.0,285.7488708496094,0.8656108975410461,0.3327820897102356,0.3163627982139587,297.2610778808594,297.1499938964844,293.1499938964844,0.0,-0.0,285.74932861328125,0.7633969187736511,0.2258898317813873,1.0234819650650024,285.74871826171875,284.95001220703125,297.8819885253906,292.2230224609375,297.514892578125,297.4075012207031,285.7475280761719,1.0,0.519982099533081,0.1948993504047393,0.1948993504047393,1.0,1.0,-2.7985174655914307,0.3041099607944488,2.494407415390014,-0.3280791938304901,0.9206576347351074,0.9206576347351074,0.0,113.83535766601562,129.0,41706.9609375,0.0,1793.77783203125,1.0,281.55780029296875,284.2753295898437,295.29449462890625,298.02471923828125,293.1499938964844,293.1499938964844,281.25,34849.6484375,36000.0,313.1499938964844,0.0,18000.0,1.0,0.0,0.0,0.0,1.0,0.8217034339904785,1.0,0.0,0.0,3.672205924987793,3.672230005264282,8.998028420137416e-07,4.265924453735352,4.265914440155029,9.78592834144365e-06,0.0,0.0,-0.0,7095.15771484375,0.0,1549.35498046875,1895.4371337890625,0.0,2671.357421875,0.9094491600990297,1.0,0.0,3.0,1.0,0.0
12403680,297.2586669921875,297.1499938964844,293.1499938964844,0.0,-0.0,285.7490234375,0.8232110142707825,0.2836029529571533,0.2566616535186767,297.48760986328125,297.1499938964844,293.1499938964844,0.0,-0.0,285.74859619140625,0.9990000128746032,0.6069936752319336,0.4849825799465179,297.4278259277344,297.1499938964844,293.1499938964844,0.0,-0.0,285.74884033203125,0.8849613666534424,0.3559439480304718,0.2494583576917648,297.30389404296875,297.1499938964844,293.1499938964844,0.0,-0.0,285.7488708496094,0.8656108975410461,0.3327820897102356,0.3163627982139587,297.2610778808594,297.1499938964844,293.1499938964844,0.0,-0.0,285.74932861328125,0.7633969187736511,0.2258898317813873,1.0234819650650024,285.74871826171875,284.95001220703125,297.8819885253906,292.2230224609375,297.514892578125,297.4075012207031,285.7475280761719,1.0,0.519982099533081,0.1948993504047393,0.1948993504047393,1.0,1.0,-2.7985174655914307,0.3041099607944488,2.494407415390014,-0.3280791938304901,0.9206576347351074,0.9206576347351074,0.0,113.83535766601562,129.0,41706.9609375,0.0,1793.77783203125,1.0,281.55780029296875,284.2753295898437,295.29449462890625,298.02471923828125,293.1499938964844,293.1499938964844,281.25,34849.6484375,36000.0,313.1499938964844,0.0,18000.0,1.0,0.0,0.0,0.0,1.0,0.8217034339904785,1.0,0.0,0.0,3.672205924987793,3.672230005264282,8.998028420137416e-07,4.265924453735352,4.265914440155029,9.78592834144365e-06,0.0,0.0,-0.0,7095.15771484375,0.0,1549.35498046875,1895.4371337890625,0.0,2671.357421875,0.9094491600990297,1.0,0.0,3.0,1.0,0.0
12403740,297.24542236328125,297.1499938964844,293.1499938964844,0.0,-0.0,285.5563049316406,0.8177403807640076,0.2836471498012543,0.2570590674877167,297.4578552246094,297.1499938964844,293.1499938964844,0.0,-0.0,285.5557556152344,0.9990000128746032,0.6082773208618164,0.4961815178394317,297.4195556640625,297.1499938964844,293.1499938964844,0.0,-0.0,285.5560302734375,0.8806559443473816,0.3586375117301941,0.2515965402126312,297.2943420410156,297.1499938964844,293.1499938964844,0.0,-0.0,285.5561218261719,0.8602603077888489,0.3337749540805816,0.3176687359809875,297.25372314453125,297.1499938964844,293.1499938964844,0.0,-0.0,285.556640625,0.7587986588478088,0.2265622019767761,1.0281083583831787,285.555908203125,284.95001220703125,297.8603820800781,292.2146301269531,297.4937438964844,297.38653564453125,285.55438232421875,1.0,0.5255455374717712,0.1976847350597381,0.1976847350597381,1.0,1.0,-2.8221590518951416,0.3141026198863983,2.508056640625,-0.3234215676784515,0.927167534828186,0.927167534828186,0.0,117.64083862304688,132.0,43368.09765625,0.0,1848.6693115234373,1.0,281.25787353515625,284.0560302734375,295.2944030761719,298.14703369140625,293.1499938964844,293.1499938964844,280.95001220703125,35037.859375,36000.0,313.1499938964844,0.0,18000.0,1.0,0.0,0.0,0.0,1.0,0.8410324454307556,1.0,0.0,0.0,3.708652973175049,3.708677291870117,9.177527431347698e-07,4.265924453735352,4.265914440155029,9.78592834144365e-06,0.0,0.0,-0.0,7254.45068359375,0.0,1592.092529296875,1895.4371337890625,0.0,2851.363037109375,0.91774582862854,1.0,0.0,3.0,1.0,0.0
12403800,297.24542236328125,297.1499938964844,293.1499938964844,0.0,-0.0,285.5563049316406,0.8177403807640076,0.2836471498012543,0.2570590674877167,297.4578552246094,297.1499938964844,293.1499938964844,0.0,-0.0,285.5557556152344,0.9990000128746032,0.6082773208618164,0.4961815178394317,297.4195556640625,297.1499938964844,293.1499938964844,0.0,-0.0,285.5560302734375,0.8806559443473816,0.3586375117301941,0.2515965402126312,297.2943420410156,297.1499938964844,293.1499938964844,0.0,-0.0,285.5561218261719,0.8602603077888489,0.3337749540805816,0.3176687359809875,297.25372314453125,297.1499938964844,293.1499938964844,0.0,-0.0,285.556640625,0.7587986588478088,0.2265622019767761,1.0281083583831787,285.555908203125,284.95001220703125,297.8603820800781,292.2146301269531,297.4937438964844,297.38653564453125,285.55438232421875,1.0,0.5255455374717712,0.1976847350597381,0.1976847350597381,1.0,1.0,-2.8221590518951416,0.3141026198863983,2.508056640625,-0.3234215676784515,0.927167534828186,0.927167534828186,0.0,117.64083862304688,132.0,43368.09765625,0.0,1848.6693115234373,1.0,281.25787353515625,284.0560302734375,295.2944030761719,298.14703369140625,293.1499938964844,293.1499938964844,280.95001220703125,35037.859375,36000.0,313.1499938964844,0.0,18000.0,1.0,0.0,0.0,0.0,1.0,0.8410324454307556,1.0,0.0,0.0,3.708652973175049,3.708677291870117,9.177527431347698e-07,4.265924453735352,4.265914440155029,9.78592834144365e-06,0.0,0.0,-0.0,7254.45068359375,0.0,1592.092529296875,1895.4371337890625,0.0,2851.363037109375,0.91774582862854,1.0,0.0,3.0,1.0,0.0
12403860,297.227294921875,297.1499938964844,293.1499938964844,0.0,-0.0,285.3580017089844,0.8109013438224792,0.2830236554145813,0.2567501068115234,297.412109375,297.1499938964844,293.1499938964844,0.0,-0.0,285.3573913574219,0.9990000128746032,0.6075566411018372,0.5087333917617798,297.4057006835937,297.1499938964844,293.1499938964844,0.0,-0.0,285.35772705078125,0.8750966191291809,0.3606507480144501,0.2531929612159729,297.2786560058594,297.1499938964844,293.1499938964844,0.0,-0.0,285.3578186035156,0.8537071347236633,0.3340188860893249,0.3181830048561096,297.24029541015625,297.1499938964844,293.1499938964844,0.0,-0.0,285.3583374023437,0.7529287934303284,0.2265185564756393,1.0292614698410034,285.3575744628906,284.95001220703125,297.83868408203125,292.2061462402344,297.46356201171875,297.3539428710937,285.3559875488281,1.0,0.5305781960487366,0.2003301680088043,0.2003301680088043,1.0,1.0,-2.8408000469207764,0.3230859339237213,2.517714262008667,-0.31867316365242,0.9309839606285096,0.9309839606285096,0.0,121.7014389038086,135.0,44913.96875,0.0,1897.6778564453125,1.0,280.9576416015625,283.833740234375,295.27203369140625,298.2236633300781,293.1499938964844,293.1499938964844,280.6499938964844,35267.859375,36000.0,313.1499938964844,0.0,18000.0,1.0,0.0,0.0,0.0,1.0,0.8568424582481384,1.0,0.0,0.0,3.73655104637146,3.736575841903688,9.316121349911556e-07,4.265924453735352,4.265914440155029,9.78592834144365e-06,0.0,0.0,-0.0,7404.47216796875,0.0,1626.001708984375,1895.4371337890625,0.0,2999.395263671875,0.924159586429596,1.0,0.0,3.0,1.0,0.0
12403920,297.227294921875,297.1499938964844,293.1499938964844,0.0,-0.0,285.3580017089844,0.8109013438224792,0.2830236554145813,0.2567501068115234,297.412109375,297.1499938964844,293.1499938964844,0.0,-0.0,285.3573913574219,0.9990000128746032,0.6075566411018372,0.5087333917617798,297.4057006835937,297.1499938964844,293.1499938964844,0.0,-0.0,285.35772705078125,0.8750966191291809,0.3606507480144501,0.2531929612159729,297.2786560058594,297.1499938964844,293.1499938964844,0.0,-0.0,285.3578186035156,0.8537071347236633,0.3340188860893249,0.3181830048561096,297.24029541015625,297.1499938964844,293.1499938964844,0.0,-0.0,285.3583374023437,0.7529287934303284,0.2265185564756393,1.0292614698410034,285.3575744628906,284.95001220703125,297.83868408203125,292.2061462402344,297.46356201171875,297.3539428710937,285.3559875488281,1.0,0.5305781960487366,0.2003301680088043,0.2003301680088043,1.0,1.0,-2.8408000469207764,0.3230859339237213,2.517714262008667,-0.31867316365242,0.9309839606285096,0.9309839606285096,0.0,121.7014389038086,135.0,44913.96875,0.0,1897.6778564453125,1.0,280.9576416015625,283.833740234375,295.27203369140625,298.2236633300781,293.1499938964844,293.1499938964844,280.6499938964844,35267.859375,36000.0,313.1499938964844,0.0,18000.0,1.0,0.0,0.0,0.0,1.0,0.8568424582481384,1.0,0.0,0.0,3.73655104637146,3.736575841903688,9.316121349911556e-07,4.265924453735352,4.265914440155029,9.78592834144365e-06,0.0,0.0,-0.0,7404.47216796875,0.0,1626.001708984375,1895.4371337890625,0.0,2999.395263671875,0.924159586429596,1.0,0.0,3.0,1.0,0.0
12403980,297.2076721191406,297.1499938964844,293.1499938964844,0.0,-0.0,285.15789794921875,0.8034088611602783,0.282017707824707,0.2560572326183319,297.3568115234375,297.1499938964844,293.1499938964844,0.0,-0.0,285.15728759765625,0.9990000128746032,0.605281412601471,0.5215641856193542,297.38946533203125,297.1499938964844,293.1499938964844,0.0,-0.0,285.1576232910156,0.869256854057312,0.3622488677501678,0.2544695734977722,297.26031494140625,297.1499938964844,293.1499938964844,0.0,-0.0,285.15771484375,0.8469018936157227,0.3337931931018829,0.3182080686092376,297.2237854003906,297.1499938964844,293.1499938964844,0.0,-0.0,285.1582336425781,0.7466697096824646,0.2259939759969711,1.0280576944351196,285.157470703125,284.95001220703125,297.8169250488281,292.19757080078125,297.4291687011719,297.3158569335937,285.1559143066406,1.0,0.5350779891014099,0.2029756009578704,0.2029756009578704,1.0,1.0,-2.8555095195770264,0.3314805030822754,2.524029016494751,-0.3136475086212158,0.932112455368042,0.932112455368042,0.0,125.78109741210938,123.0,46363.89453125,0.0,1941.02685546875,1.0,280.657470703125,283.61138916015625,295.2511291503906,298.2915954589844,293.1499938964844,293.1499938964844,280.3500061035156,35516.625,36000.0,313.1499938964844,0.0,18000.0,1.0,0.0,0.0,0.0,1.0,0.8699984550476074,1.0,0.0,0.0,3.755217075347901,3.755242109298706,9.409430958839948e-07,4.265924453735352,4.265914440155029,9.78592834144365e-06,0.0,0.0,-0.0,7552.3251953125,0.0,1649.6876220703125,1895.4371337890625,0.0,3122.79638671875,0.92851459980011,1.0,0.0,3.0,1.0,0.0
12404040,297.2076721191406,297.1499938964844,293.1499938964844,0.0,-0.0,285.15789794921875,0.8034088611602783,0.282017707824707,0.2560572326183319,297.3568115234375,297.1499938964844,293.1499938964844,0.0,-0.0,285.15728759765625,0.9990000128746032,0.605281412601471,0.5215641856193542,297.38946533203125,297.1499938964844,293.1499938964844,0.0,-0.0,285.1576232910156,0.869256854057312,0.3622488677501678,0.2544695734977722,297.26031494140625,297.1499938964844,293.1499938964844,0.0,-0.0,285.15771484375,0.8469018936157227,0.3337931931018829,0.3182080686092376,297.2237854003906,297.1499938964844,293.1499938964844,0.0,-0.0,285.1582336425781,0.7466697096824646,0.2259939759969711,1.0280576944351196,285.157470703125,284.95001220703125,297.8169250488281,292.19757080078125,297.4291687011719,297.3158569335937,285.1559143066406,1.0,0.5350779891014099,0.2029756009578704,0.2029756009578704,1.0,1.0,-2.8555095195770264,0.3314805030822754,2.524029016494751,-0.3136475086212158,0.932112455368042,0.932112455368042,0.0,125.78109741210938,123.0,46363.89453125,0.0,1941.02685546875,1.0,280.657470703125,283.61138916015625,295.2511291503906,298.2915954589844,293.1499938964844,293.1499938964844,280.3500061035156,35516.625,36000.0,313.1499938964844,0.0,18000.0,1.0,0.0,0.0,0.0,1.0,0.8699984550476074,1.0,0.0,0.0,3.755217075347901,3.755242109298706,9.409430958839948e-07,4.265924453735352,4.265914440155029,9.78592834144365e-06,0.0,0.0,-0.0,7552.3251953125,0.0,1649.6876220703125,1895.4371337890625,0.0,3122.79638671875,0.92851459980011,1.0,0.0,3.0,1.0,0.0
12404100,297.1977844238281,297.1499938964844,293.1499938964844,0.0,-0.0,285.0101318359375,0.8021835684776306,0.2814139425754547,0.2555918097496032,297.3291320800781,297.1499938964844,293.1499938964844,0.0,-0.0,285.00640869140625,0.9990000128746032,0.6038742065429688,0.5229421854019165,297.3809814453125,297.1499938964844,293.1499938964844,0.0,-0.0,285.0083923339844,0.8691022992134094,0.3629336953163147,0.2550065815448761,297.2507019042969,297.1499938964844,293.1499938964844,0.0,-0.0,285.0089111328125,0.8460618853569031,0.3335495293140411,0.3180592656135559,297.2149963378906,297.1499938964844,293.1499938964844,0.0,-0.0,285.0121459960937,0.7457171082496643,0.2255979031324386,1.02662992477417,285.0075378417969,284.95001220703125,297.8060302734375,292.1932983398437,297.4122314453125,297.2972106933594,284.9974060058594,1.0,0.5349540710449219,0.2042983174324035,0.2042983174324035,1.0,1.0,-2.8553762435913086,0.3343059122562408,2.5210702419281006,-0.3106273710727691,0.9310529232025146,0.9310529232025146,0.0,126.1694793701172,123.0,47498.84765625,0.0,1942.6715087890625,1.0,280.3984375,283.4358215332031,295.2648010253906,298.4266357421875,293.1499938964844,293.1499938964844,280.3500061035156,35657.3671875,36000.0,313.1499938964844,0.0,18000.0,1.0,0.0,0.0,0.0,1.0,0.8780624270439148,1.0,0.0,0.0,3.7611083984375,3.7611334323883057,9.438978736397984e-07,4.265924453735352,4.265914440155029,9.78592834144365e-06,0.0,0.0,-0.0,7329.7880859375,0.0,1657.689453125,1895.4371337890625,0.0,3198.419921875,0.9298987984657288,1.0,0.0,3.0,1.0,0.0
12404160,297.1875,297.1499938964844,293.1499938964844,0.0,-0.0,284.94598388671875,0.802386999130249,0.2807036638259887,0.2549486756324768,297.305908203125,297.1499938964844,293.1499938964844,0.0,-0.0,284.9450988769531,0.9990000128746032,0.6027253270149231,0.5212403535842896,297.3719177246094,297.1499938964844,293.1499938964844,0.0,-0.0,284.945556640625,0.8705042600631714,0.363504946231842,0.2554003894329071,297.24053955078125,297.1499938964844,293.1499938964844,0.0,-0.0,284.9456787109375,0.8466590046882629,0.3331880867481231,0.3177252411842346,297.20574951171875,297.1499938964844,293.1499938964844,0.0,-0.0,284.9464416503906,0.7459832429885864,0.2251011580228805,1.0244427919387815,284.94537353515625,284.95001220703125,297.795166015625,292.1889953613281,297.3968811035156,297.2804870605469,284.9428405761719,1.0,0.5336773991584778,0.2056206166744232,0.2056206166744232,1.0,1.0,-2.8500094413757324,0.33615243434906,2.513857126235962,-0.3075490295886993,0.9303512573242188,0.9303512573242188,0.0,125.49618530273438,111.0,47560.49609375,0.0,1930.72802734375,1.0,280.3573608398437,283.38116455078125,295.23321533203125,298.35205078125,293.1499938964844,293.1499938964844,280.04998779296875,35782.94921875,36000.0,313.1499938964844,0.0,18000.0,1.0,0.0,0.0,0.0,1.0,0.8813380599021912,1.0,0.0,0.0,3.764112710952759,3.764137744903565,9.454063274461078e-07,4.265924453735352,4.265914440155029,9.78592834144365e-06,0.0,0.0,-0.0,7684.568359375,0.0,1662.1942138671875,1895.4371337890625,0.0,3229.118896484375,0.9306838512420654,1.0,0.0,3.0,1.0,0.0
12404220,297.1673278808594,297.1499938964844,293.1499938964844,0.0,-0.0,284.72125244140625,0.8064231276512146,0.279136061668396,0.2534930109977722,297.2775573730469,297.1499938964844,293.1499938964844,0.0,-0.0,284.72027587890625,0.9990000128746032,0.6018031239509583,0.510710597038269,297.35369873046875,297.1499938964844,293.1499938964844,0.0,-0.0,284.72076416015625,0.8772608041763306,0.3644718527793884,0.2560372054576874,297.2201538085937,297.1499938964844,293.1499938964844,0.0,-0.0,284.7209167480469,0.8514497876167297,0.3322713077068329,0.3168203234672546,297.1874389648437,297.1499938964844,293.1499938964844,0.0,-0.0,284.7217712402344,0.7495799660682678,0.2239535003900528,1.01902973651886,284.7205505371094,284.95001220703125,297.7734375,292.1804504394531,297.3728332519531,297.2557067871094,284.7176208496094,1.0,0.528301477432251,0.2082652002573013,0.2082652002573013,1.0,1.0,-2.828789234161377,0.3378328084945678,2.4909563064575195,-0.3011175990104675,0.9254934787750244,0.9254934787750244,0.0,121.80421447753906,114.0,48510.06640625,0.0,1878.9852294921875,1.0,280.0573425292969,283.14324951171875,295.2148132324219,298.3964538574219,293.1499938964844,293.1499938964844,279.75,36073.5703125,36000.0,313.1499938964844,0.0,18000.0,1.0,0.0,0.0,0.0,1.0,0.8906714916229248,1.0,0.0,0.0,3.7622926235198975,3.762317895889282,9.444923421142448e-07,4.265924453735352,4.265914440155029,9.78592834144365e-06,0.0,0.0,-0.0,7796.68017578125,0.0,1662.29248046875,1895.4371337890625,0.0,3316.486572265625,0.9304618239402772,1.0,0.0,3.0,1.0,0.0
12404280,297.1673278808594,297.1499938964844,293.1499938964844,0.0,-0.0,284.72125244140625,0.8064231276512146,0.279136061668396,0.2534930109977722,297.2775573730469,297.1499938964844,293.1499938964844,0.0,-0.0,284.72027587890625,0.9990000128746032,0.6018031239509583,0.510710597038269,297.35369873046875,297.1499938964844,293.1499938964844,0.0,-0.0,284.72076416015625,0.8772608041763306,0.3644718527793884,0.2560372054576874,297.2201538085937,297.1499938964844,293.1499938964844,0.0,-0.0,284.7209167480469,0.8514497876167297,0.3322713077068329,0.3168203234672546,297.1874389648437,297.1499938964844,293.1499938964844,0.0,-0.0,284.7217712402344,0.7495799660682678,0.2239535003900528,1.01902973651886,284.7205505371094,284.95001220703125,297.7734375,292.1804504394531,297.3728332519531,297.2557067871094,284.7176208496094,1.0,0.528301477432251,0.2082652002573013,0.2082652002573013,1.0,1.0,-2.828789234161377,0.3378328084945678,2.4909563064575195,-0.3011175990104675,0.9254934787750244,0.9254934787750244,0.0,121.80421447753906,114.0,48510.06640625,0.0,1878.9852294921875,1.0,280.0573425292969,283.14324951171875,295.2148132324219,298.3964538574219,293.1499938964844,293.1499938964844,279.75,36073.5703125,36000.0,313.1499938964844,0.0,18000.0,1.0,0.0,0.0,0.0,1.0,0.8906714916229248,1.0,0.0,0.0,3.7622926235198975,3.762317895889282,9.444923421142448e-07,4.265924453735352,4.265914440155029,9.78592834144365e-06,0.0,0.0,-0.0,7796.68017578125,0.0,1662.29248046875,1895.4371337890625,0.0,3316.486572265625,0.9304618239402772,1.0,0.0,3.0,1.0,0.0
12404340,297.1482238769531,297.1499938964844,293.1499938964844,0.0,-0.0,284.5026550292969,0.8071714639663696,0.2774200737476349,0.2519388496875763,297.2627258300781,297.1499938964844,293.1499938964844,0.0,-0.0,284.5019226074219,0.9990000128746032,0.6019211411476135,0.5061877965927124,297.33599853515625,297.1499938964844,293.1499938964844,0.0,-0.0,284.5022888183594,0.8805438280105591,0.3652585744857788,0.256574422121048,297.2003479003906,297.1499938964844,293.1499938964844,0.0,-0.0,284.5024108886719,0.852979838848114,0.3311528265476227,0.3157607614994049,297.17010498046875,297.1499938964844,293.1499938964844,0.0,-0.0,284.5030517578125,0.7503347992897034,0.2226706594228744,1.0131847858428955,284.50213623046875,284.95001220703125,297.7518005371094,292.17193603515625,297.35357666015625,297.2370300292969,284.50006103515625,1.0,0.5254757404327393,0.2109097838401794,0.2109097838401794,1.0,1.0,-2.813817024230957,0.3406948745250702,2.473122358322144,-0.2952388226985931,0.9177347421646118,0.9177347421646118,0.0,120.00736236572266,117.0,49431.921875,0.0,1846.78662109375,1.0,279.75738525390625,282.91192626953125,295.1983947753906,298.4349975585937,293.1499938964844,293.1499938964844,279.45001220703125,36381.59765625,36000.0,313.1499938964844,0.0,18000.0,1.0,0.0,0.0,0.0,1.0,0.8983051180839539,1.0,0.0,0.0,3.749011754989624,3.7490367889404297,9.378359777656442e-07,4.265924453735352,4.265914440155029,9.78592834144365e-06,0.0,0.0,-0.0,7907.79541015625,0.0,1649.07177734375,1895.4371337890625,0.0,3387.780517578125,0.9276832938194276,1.0,0.0,3.0,1.0,0.0
12404400,297.1482238769531,297.1499938964844,293.1499938964844,0.0,-0.0,284.5026550292969,0.8071714639663696,0.2774200737476349,0.2519388496875763,297.2627258300781,297.1499938964844,293.1499938964844,0.0,-0.0,284.5019226074219,0.9990000128746032,0.6019211411476135,0.5061877965927124,297.33599853515625,297.1499938964844,293.1499938964844,0.0,-0.0,284.5022888183594,0.8805438280105591,0.3652585744857788,0.256574422121048,297.2003479003906,297.1499938964844,293.1499938964844,0.0,-0.0,284.5024108886719,0.852979838848114,0.3311528265476227,0.3157607614994049,297.17010498046875,297.1499938964844,293.1499938964844,0.0,-0.0,284.5030517578125,0.7503347992897034,0.2226706594228744,1.0131847858428955,284.50213623046875,284.95001220703125,297.7518005371094,292.17193603515625,297.35357666015625,297.2370300292969,284.50006103515625,1.0,0.5254757404327393,0.2109097838401794,0.2109097838401794,1.0,1.0,-2.813817024230957,0.3406948745250702,2.473122358322144,-0.2952388226985931,0.9177347421646118,0.9177347421646118,0.0,120.00736236572266,117.0,49431.921875,0.0,1846.78662109375,1.0,279.75738525390625,282.91192626953125,295.1983947753906,298.4349975585937,293.1499938964844,293.1499938964844,279.45001220703125,36381.59765625,36000.0,313.1499938964844,0.0,18000.0,1.0,0.0,0.0,0.0,1.0,0.8983051180839539,1.0,0.0,0.0,3.749011754989624,3.7490367889404297,9.378359777656442e-07,4.265924453735352,4.265914440155029,9.78592834144365e-06,0.0,0.0,-0.0,7907.79541015625,0.0,1649.07177734375,1895.4371337890625,0.0,3387.780517578125,0.9276832938194276,1.0,0.0,3.0,1.0,0.0
12404460,297.13067626953125,297.1499938964844,293.1499938964844,0.0,-0.0,284.2972106933594,0.8051863312721252,0.2756178975105285,0.2503499388694763,297.2422180175781,297.1499938964844,293.1499938964844,0.0,-0.0,284.296630859375,0.9990000128746032,0.6012818813323975,0.5066550374031067,297.3193664550781,297.1499938964844,293.1499938964844,0.0,-0.0,284.2969055175781,0.8808401226997375,0.3659312427043915,0.2570651173591614,297.1816711425781,297.1499938964844,293.1499938964844,0.0,-0.0,284.2969970703125,0.8517226576805115,0.3298979699611664,0.3146162033081054,297.15399169921875,297.1499938964844,293.1499938964844,0.0,-0.0,284.29754638671875,0.7486807107925415,0.2212919741868972,1.007146954536438,284.2967834472656,284.95001220703125,297.7303161621094,292.1635437011719,297.3331604003906,297.2168884277344,284.2951965332031,1.0,0.5241720676422119,0.2138053029775619,0.2138053029775619,1.0,1.0,-2.804422378540039,0.3451621532440185,2.4592602252960205,-0.288855642080307,0.9073355793952942,0.9073355793952942,0.0,119.7811508178711,120.0,50355.1953125,0.0,1831.0303955078125,1.0,279.45751953125,282.6919250488281,295.1866149902344,298.479248046875,293.1499938964844,293.1499938964844,279.1499938964844,36701.9765625,36000.0,313.1499938964844,0.0,18000.0,1.0,0.0,0.0,0.0,1.0,0.9052616357803344,1.0,0.0,0.0,3.7238619327545166,3.723886966705322,9.25295523757086e-07,4.265924453735352,4.265914440155029,9.78592834144365e-06,0.0,0.0,-0.0,8024.0009765625,0.0,1622.265380859375,1895.4371337890625,0.0,3452.579345703125,0.9222577810287476,1.0,0.0,3.0,1.0,0.0
12404520,297.13067626953125,297.1499938964844,293.1499938964844,0.0,-0.0,284.2972106933594,0.8051863312721252,0.2756178975105285,0.2503499388694763,297.2422180175781,297.1499938964844,293.1499938964844,0.0,-0.0,284.296630859375,0.9990000128746032,0.6012818813323975,0.5066550374031067,297.3193664550781,297.1499938964844,293.1499938964844,0.0,-0.0,284.2969055175781,0.8808401226997375,0.3659312427043915,0.2570651173591614,297.1816711425781,297.1499938964844,293.1499938964844,0.0,-0.0,284.2969970703125,0.8517226576805115,0.3298979699611664,0.3146162033081054,297.15399169921875,297.1499938964844,293.1499938964844,0.0,-0.0,284.29754638671875,0.7486807107925415,0.2212919741868972,1.007146954536438,284.2967834472656,284.95001220703125,297.7303161621094,292.1635437011719,297.3331604003906,297.2168884277344,284.2951965332031,1.0,0.5241720676422119,0.2138053029775619,0.2138053029775619,1.0,1.0,-2.804422378540039,0.3451621532440185,2.4592602252960205,-0.288855642080307,0.9073355793952942,0.9073355793952942,0.0,119.7811508178711,120.0,50355.1953125,0.0,1831.0303955078125,1.0,279.45751953125,282.6919250488281,295.1866149902344,298.479248046875,293.1499938964844,293.1499938964844,279.1499938964844,36701.9765625,36000.0,313.1499938964844,0.0,18000.0,1.0,0.0,0.0,0.0,1.0,0.9052616357803344,1.0,0.0,0.0,3.7238619327545166,3.723886966705322,9.25295523757086e-07,4.265924453735352,4.265914440155029,9.78592834144365e-06,0.0,0.0,-0.0,8024.0009765625,0.0,1622.265380859375,1895.4371337890625,0.0,3452.579345703125,0.9222577810287476,1.0,0.0,3.0,1.0,0.0
12404580,297.11474609375,297.1499938964844,293.1499938964844,0.0,-0.0,284.1036071777344,0.8014296293258667,0.2737586200237274,0.2487357407808303,297.2127990722656,297.1499938964844,293.1499938964844,0.0,-0.0,284.1031494140625,0.9990000128746032,0.5994805693626404,0.5103133916854858,297.3039855957031,297.1499938964844,293.1499938964844,0.0,-0.0,284.1033630371094,0.8792101740837097,0.3665167093276977,0.2575157284736633,297.1643371582031,297.1499938964844,293.1499938964844,0.0,-0.0,284.1034240722656,0.848692774772644,0.3285430371761322,0.3134029507637024,297.13916015625,297.1499938964844,293.1499938964844,0.0,-0.0,284.1038513183594,0.7454987168312073,0.2198387533426284,1.0009105205535889,284.103271484375,284.95001220703125,297.708984375,292.1552734375,297.3111267089844,297.1946105957031,284.10223388671875,1.0,0.5239415168762207,0.2167008221149444,0.2167008221149444,1.0,1.0,-2.79846453666687,0.3503438234329223,2.448120594024658,-0.282502144575119,0.8944374322891235,0.8944374322891235,0.0,120.55113220214844,123.0,51264.0546875,0.0,1825.4302978515625,1.0,279.15777587890625,282.4834899902344,295.1769714355469,298.5257568359375,293.1499938964844,293.1499938964844,279.45001220703125,37041.3671875,36000.0,313.1499938964844,0.0,18000.0,1.0,0.0,0.0,0.0,1.0,0.911937177181244,1.0,0.0,0.0,3.6860859394073486,3.686110496520996,9.06617742657545e-07,4.265924453735352,4.265914440155029,9.78592834144365e-06,0.0,0.0,-0.0,7230.53173828125,0.0,1581.5565185546875,1895.4371337890625,0.0,3514.57275390625,0.9140323400497437,1.0,0.0,3.0,1.0,0.0
12404640,297.11474609375,297.1499938964844,293.1499938964844,0.0,-0.0,284.1036071777344,0.8014296293258667,0.2737586200237274,0.2487357407808303,297.2127990722656,297.1499938964844,293.1499938964844,0.0,-0.0,284.1031494140625,0.9990000128746032,0.5994805693626404,0.5103133916854858,297.3039855957031,297.1499938964844,293.1499938964844,0.0,-0.0,284.1033630371094,0.8792101740837097,0.3665167093276977,0.2575157284736633,297.1643371582031,297.1499938964844,293.1499938964844,0.0,-0.0,284.1034240722656,0.848692774772644,0.3285430371761322,0.3134029507637024,297.13916015625,297.1499938964844,293.1499938964844,0.0,-0.0,284.1038513183594,0.7454987168312073,0.2198387533426284,1.0009105205535889,284.103271484375,284.95001220703125,297.708984375,292.1552734375,297.3111267089844,297.1946105957031,284.10223388671875,1.0,0.5239415168762207,0.2167008221149444,0.2167008221149444,1.0,1.0,-2.79846453666687,0.3503438234329223,2.448120594024658,-0.282502144575119,0.8944374322891235,0.8944374322891235,0.0,120.55113220214844,123.0,51264.0546875,0.0,1825.4302978515625,1.0,279.15777587890625,282.4834899902344,295.1769714355469,298.5257568359375,293.1499938964844,293.1499938964844,279.45001220703125,37041.3671875,36000.0,313.1499938964844,0.0,18000.0,1.0,0.0,0.0,0.0,1.0,0.911937177181244,1.0,0.0,0.0,3.6860859394073486,3.686110496520996,9.06617742657545e-07,4.265924453735352,4.265914440155029,9.78592834144365e-06,0.0,0.0,-0.0,7230.53173828125,0.0,1581.5565185546875,1895.4371337890625,0.0,3514.57275390625,0.9140323400497437,1.0,0.0,3.0,1.0,0.0
12404700,297.1123046875,297.1499938964844,293.1499938964844,0.0,-0.0,284.2356872558594,0.7994741201400757,0.2732924818992615,0.2480847388505935,297.20123291015625,297.1499938964844,293.1499938964844,0.0,-0.0,284.23944091796875,0.9990000128746032,0.5987355709075928,0.5126180648803711,297.30181884765625,297.1499938964844,293.1499938964844,0.0,-0.0,284.2376403808594,0.8782610297203064,0.367273598909378,0.2578577697277069,297.1602478027344,297.1499938964844,293.1499938964844,0.0,-0.0,284.23699951171875,0.847042977809906,0.3282292485237121,0.3129128813743591,297.1350402832031,297.1499938964844,293.1499938964844,0.0,-0.0,284.23370361328125,0.7437959313392639,0.219365045428276,0.9981723427772522,284.2383117675781,284.95001220703125,297.6983947753906,292.1512145996094,297.3038330078125,297.18817138671875,284.2483215332031,1.0,0.524145245552063,0.2181485742330551,0.2181485742330551,1.0,1.0,-2.7969789505004883,0.3532465100288391,2.443732500076294,-0.2793770134449005,0.8909708261489868,0.8909708261489868,0.0,121.12247467041016,123.0,50085.38671875,0.0,1825.83837890625,1.0,279.40191650390625,282.6476135253906,295.1058959960937,298.282470703125,293.1499938964844,293.1499938964844,279.45001220703125,37028.203125,36000.0,313.1499938964844,0.0,18000.0,1.0,0.0,0.0,0.0,1.0,0.9038506150245668,1.0,0.0,0.0,3.666291475296021,3.666315793991089,8.969066698227834e-07,4.265924453735352,4.265914440155029,9.78592834144365e-06,0.0,0.0,-0.0,7409.69775390625,0.0,1559.0966796875,1895.4371337890625,0.0,3439.45068359375,0.9096643328666688,1.0,0.0,3.0,1.0,0.0
12404760,297.1149597167969,297.1499938964844,293.1499938964844,0.0,-0.0,284.2987976074219,0.7984942197799683,0.273314356803894,0.2479424774646759,297.1955871582031,297.1499938964844,293.1499938964844,0.0,-0.0,284.2997131347656,0.9990000128746032,0.5985050201416016,0.5141593217849731,297.3047790527344,297.1499938964844,293.1499938964844,0.0,-0.0,284.2992858886719,0.8782225847244263,0.3685254752635956,0.2585997283458709,297.160888671875,297.1499938964844,293.1499938964844,0.0,-0.0,284.2991027832031,0.8461959362030029,0.3283546268939972,0.3128726780414581,297.1346435546875,297.1499938964844,293.1499938964844,0.0,-0.0,284.2983093261719,0.7428150773048401,0.2192276716232299,0.99698144197464,284.2994384765625,284.95001220703125,297.6878662109375,292.1471862792969,297.3012084960937,297.18780517578125,284.30194091796875,1.0,0.5246175527572632,0.2194997370243072,0.2194997370243072,1.0,1.0,-2.798067569732666,0.3564800918102264,2.441587448120117,-0.2765001356601715,0.8872913718223572,0.8872913718223572,0.0,121.58060455322266,111.0,49864.4765625,0.0,1829.6943359375,1.0,279.4423828125,282.7044982910156,295.1011962890625,298.2911682128906,293.1499938964844,293.1499938964844,279.75,36985.90625,36000.0,313.1499938964844,0.0,18000.0,1.0,0.0,0.0,0.0,1.0,0.8988402485847473,1.0,0.0,0.0,3.6484055519104,3.6484298706054688,8.881769986146537e-07,4.265924453735352,4.265914440155029,9.78592834144365e-06,0.0,0.0,-0.0,7044.11767578125,0.0,1538.7689208984375,1895.4371337890625,0.0,3392.77099609375,0.9056147933006288,1.0,0.0,3.0,1.0,0.0
12404820,297.126953125,297.1499938964844,293.1499938964844,0.0,-0.0,284.50616455078125,0.8047251105308533,0.2740782499313354,0.2483125627040863,297.2083435058594,297.1499938964844,293.1499938964844,0.0,-0.0,284.5068054199219,0.9990000128746032,0.6003289222717285,0.5033746957778931,297.31768798828125,297.1499938964844,293.1499938964844,0.0,-0.0,284.5065002441406,0.8869373202323914,0.3717851042747497,0.2606122493743896,297.1695251464844,297.1499938964844,293.1499938964844,0.0,-0.0,284.5063781738281,0.8525105118751526,0.329358160495758,0.3134732842445373,297.1400451660156,297.1499938964844,293.1499938964844,0.0,-0.0,284.5057983398437,0.7478333115577698,0.2195744067430496,0.9970770478248596,284.5066223144531,284.95001220703125,297.6670227050781,292.1393127441406,297.3052978515625,297.1990966796875,284.5082397460937,1.0,0.520871102809906,0.2222020775079727,0.2222020775079727,1.0,1.0,-2.7888245582580566,0.3606182932853699,2.428206205368042,-0.2701986730098724,0.8830770254135132,0.8830770254135132,0.0,118.31488037109376,114.0,48363.20703125,0.0,1799.8316650390625,1.0,279.7416381835937,282.9331359863281,295.0863037109375,298.1714172363281,293.1499938964844,293.1499938964844,280.04998779296875,36797.46484375,36000.0,313.1499938964844,0.0,18000.0,1.0,0.0,0.0,0.0,1.0,0.8854140639305115,1.0,0.0,0.0,3.617934226989746,3.617958068847656,8.734029393053788e-07,4.265924453735352,4.265914440155029,9.78592834144365e-06,0.0,0.0,-0.0,6896.87890625,0.0,1503.699951171875,1895.4371337890625,0.0,3267.295654296875,0.8986920714378357,1.0,0.0,3.0,1.0,0.0
12404880,297.126953125,297.1499938964844,293.1499938964844,0.0,-0.0,284.50616455078125,0.8047251105308533,0.2740782499313354,0.2483125627040863,297.2083435058594,297.1499938964844,293.1499938964844,0.0,-0.0,284.5068054199219,0.9990000128746032,0.6003289222717285,0.5033746957778931,297.31768798828125,297.1499938964844,293.1499938964844,0.0,-0.0,284.5065002441406,0.8869373202323914,0.3717851042747497,0.2606122493743896,297.1695251464844,297.1499938964844,293.1499938964844,0.0,-0.0,284.5063781738281,0.8525105118751526,0.329358160495758,0.3134732842445373,297.1400451660156,297.1499938964844,293.1499938964844,0.0,-0.0,284.5057983398437,0.7478333115577698,0.2195744067430496,0.9970770478248596,284.5066223144531,284.95001220703125,297.6670227050781,292.1393127441406,297.3052978515625,297.1990966796875,284.5082397460937,1.0,0.520871102809906,0.2222020775079727,0.2222020775079727,1.0,1.0,-2.7888245582580566,0.3606182932853699,2.428206205368042,-0.2701986730098724,0.8830770254135132,0.8830770254135132,0.0,118.31488037109376,114.0,48363.20703125,0.0,1799.8316650390625,1.0,279.7416381835937,282.9331359863281,295.0863037109375,298.1714172363281,293.1499938964844,293.1499938964844,280.04998779296875,36797.46484375,36000.0,313.1499938964844,0.0,18000.0,1.0,0.0,0.0,0.0,1.0,0.8854140639305115,1.0,0.0,0.0,3.617934226989746,3.617958068847656,8.734029393053788e-07,4.265924453735352,4.265914440155029,9.78592834144365e-06,0.0,0.0,-0.0,6896.87890625,0.0,1503.699951171875,1895.4371337890625,0.0,3267.295654296875,0.8986920714378357,1.0,0.0,3.0,1.0,0.0
12404940,297.14288330078125,297.1499938964844,293.1499938964844,0.0,-0.0,284.71142578125,0.8100440502166748,0.2753965258598327,0.2493069022893905,297.2500305175781,297.1499938964844,293.1499938964844,0.0,-0.0,284.71221923828125,0.9990000128746032,0.6052795052528381,0.4955805242061615,297.3348693847656,297.1499938964844,293.1499938964844,0.0,-0.0,284.7118835449219,0.8946571350097656,0.3756477534770965,0.2631421685218811,297.1834716796875,297.1499938964844,293.1499938964844,0.0,-0.0,284.7117004394531,0.8580528497695923,0.331015408039093,0.3148146867752075,297.1505432128906,297.1499938964844,293.1499938964844,0.0,-0.0,284.7109680175781,0.7523489594459534,0.2205053269863128,1.000259518623352,284.71197509765625,284.95001220703125,297.646484375,292.1316833496094,297.3196716308594,297.2236022949219,284.7142333984375,1.0,0.5198644995689392,0.224904403090477,0.224904403090477,1.0,1.0,-2.7891108989715576,0.3667495250701904,2.422361135482788,-0.2644557952880859,0.8815475106239319,0.8815475106239319,0.0,116.22959899902344,117.0,46963.359375,0.0,1790.328857421875,1.0,280.0413818359375,283.1582336425781,295.0822448730469,298.0755310058594,293.1499938964844,293.1499938964844,280.3500061035156,36546.4140625,36000.0,313.1499938964844,0.0,18000.0,1.0,0.0,0.0,0.0,1.0,0.8730383515357971,1.0,0.0,0.0,3.596658706665039,3.59668231010437,8.631608352516196e-07,4.265924453735352,4.265914440155029,9.78592834144365e-06,0.0,0.0,-0.0,6764.53466796875,0.0,1478.6580810546875,1895.4371337890625,0.0,3151.310302734375,0.8937755227088928,1.0,0.0,3.0,1.0,0.0
12405000,297.14288330078125,297.1499938964844,293.1499938964844,0.0,-0.0,284.71142578125,0.8100440502166748,0.2753965258598327,0.2493069022893905,297.2500305175781,297.1499938964844,293.1499938964844,0.0,-0.0,284.71221923828125,0.9990000128746032,0.6052795052528381,0.4955805242061615,297.3348693847656,297.1499938964844,293.1499938964844,0.0,-0.0,284.7118835449219,0.8946571350097656,0.3756477534770965,0.2631421685218811,297.1834716796875,297.1499938964844,293.1499938964844,0.0,-0.0,284.7117004394531,0.8580528497695923,0.331015408039093,0.3148146867752075,297.1505432128906,297.1499938964844,293.1499938964844,0.0,-0.0,284.7109680175781,0.7523489594459534,0.2205053269863128,1.000259518623352,284.71197509765625,284.95001220703125,297.646484375,292.1316833496094,297.3196716308594,297.2236022949219,284.7142333984375,1.0,0.5198644995689392,0.224904403090477,0.224904403090477,1.0,1.0,-2.7891108989715576,0.3667495250701904,2.422361135482788,-0.2644557952880859,0.8815475106239319,0.8815475106239319,0.0,116.22959899902344,117.0,46963.359375,0.0,1790.328857421875,1.0,280.0413818359375,283.1582336425781,295.0822448730469,298.0755310058594,293.1499938964844,293.1499938964844,280.3500061035156,36546.4140625,36000.0,313.1499938964844,0.0,18000.0,1.0,0.0,0.0,0.0,1.0,0.8730383515357971,1.0,0.0,0.0,3.596658706665039,3.59668231010437,8.631608352516196e-07,4.265924453735352,4.265914440155029,9.78592834144365e-06,0.0,0.0,-0.0,6764.53466796875,0.0,1478.6580810546875,1895.4371337890625,0.0,3151.310302734375,0.8937755227088928,1.0,0.0,3.0,1.0,0.0
12405060,297.1600952148437,297.1499938964844,293.1499938964844,0.0,-0.0,284.9214782714844,0.8136379718780518,0.2770471572875976,0.2506757974624634,297.29425048828125,297.1499938964844,293.1499938964844,0.0,-0.0,284.9223022460937,0.9990000128746032,0.6110281944274902,0.4915629625320434,297.35369873046875,297.1499938964844,293.1499938964844,0.0,-0.0,284.9219665527344,0.9004965424537659,0.3798929452896118,0.2659975588321686,297.1996765136719,297.1499938964844,293.1499938964844,0.0,-0.0,284.9217834472656,0.861985981464386,0.3330789506435394,0.3166275024414062,297.1636047363281,297.1499938964844,293.1499938964844,0.0,-0.0,284.9210205078125,0.7556347250938416,0.2218338400125503,1.0055922269821167,284.9220886230469,284.95001220703125,297.6263122558594,292.1243591308594,297.33837890625,297.253662109375,284.9244689941406,1.0,0.5206418037414551,0.2275080233812332,0.2275080233812332,1.0,1.0,-2.797939777374268,0.3745027482509613,2.423437118530273,-0.2588426768779754,0.8828577995300293,0.8828577995300293,0.0,115.48507690429688,120.0,45722.8671875,0.0,1800.30908203125,1.0,280.3412475585937,283.3842468261719,295.0802001953125,297.9937438964844,293.1499938964844,293.1499938964844,280.6499938964844,36249.56640625,36000.0,313.1499938964844,0.0,18000.0,1.0,0.0,0.0,0.0,1.0,0.8617432117462158,1.0,0.0,0.0,3.58645248413086,3.586475849151612,8.582690043112962e-07,4.265924453735352,4.265914440155029,9.78592834144365e-06,0.0,0.0,-0.0,6651.0009765625,0.0,1465.446044921875,1895.4371337890625,0.0,3045.35498046875,0.8912899494171143,1.0,0.0,3.0,1.0,0.0
12405120,297.1600952148437,297.1499938964844,293.1499938964844,0.0,-0.0,284.9214782714844,0.8136379718780518,0.2770471572875976,0.2506757974624634,297.29425048828125,297.1499938964844,293.1499938964844,0.0,-0.0,284.9223022460937,0.9990000128746032,0.6110281944274902,0.4915629625320434,297.35369873046875,297.1499938964844,293.1499938964844,0.0,-0.0,284.9219665527344,0.9004965424537659,0.3798929452896118,0.2659975588321686,297.1996765136719,297.1499938964844,293.1499938964844,0.0,-0.0,284.9217834472656,0.861985981464386,0.3330789506435394,0.3166275024414062,297.1636047363281,297.1499938964844,293.1499938964844,0.0,-0.0,284.9210205078125,0.7556347250938416,0.2218338400125503,1.0055922269821167,284.9220886230469,284.95001220703125,297.6263122558594,292.1243591308594,297.33837890625,297.253662109375,284.9244689941406,1.0,0.5206418037414551,0.2275080233812332,0.2275080233812332,1.0,1.0,-2.797939777374268,0.3745027482509613,2.423437118530273,-0.2588426768779754,0.8828577995300293,0.8828577995300293,0.0,115.48507690429688,120.0,45722.8671875,0.0,1800.30908203125,1.0,280.3412475585937,283.3842468261719,295.0802001953125,297.9937438964844,293.1499938964844,293.1499938964844,280.6499938964844,36249.56640625,36000.0,313.1499938964844,0.0,18000.0,1.0,0.0,0.0,0.0,1.0,0.8617432117462158,1.0,0.0,0.0,3.58645248413086,3.586475849151612,8.582690043112962e-07,4.265924453735352,4.265914440155029,9.78592834144365e-06,0.0,0.0,-0.0,6651.0009765625,0.0,1465.446044921875,1895.4371337890625,0.0,3045.35498046875,0.8912899494171143,1.0,0.0,3.0,1.0,0.0
12405180,297.1775817871094,297.1499938964844,293.1499938964844,0.0,-0.0,285.1328125,0.8160569667816162,0.2789467275142669,0.2523064017295837,297.3332214355469,297.1499938964844,293.1499938964844,0.0,-0.0,285.1336364746094,0.9990000128746032,0.6168094873428345,0.4901866614818573,297.3726806640625,297.1499938964844,293.1499938964844,0.0,-0.0,285.13330078125,0.904961347579956,0.3843965232372284,0.2690724432468414,297.216796875,297.1499938964844,293.1499938964844,0.0,-0.0,285.13311767578125,0.8647159337997437,0.3354387581348419,0.3187652826309204,297.1778564453125,297.1499938964844,293.1499938964844,0.0,-0.0,285.1323547363281,0.7580037117004395,0.2234475016593933,1.012442708015442,285.1334228515625,284.95001220703125,297.6065368652344,292.1173400878906,297.3575439453125,297.2842712402344,285.1358642578125,1.0,0.5227860808372498,0.2301116585731506,0.2301116585731506,1.0,1.0,-2.812737941741944,0.3836085796356201,2.4291293621063232,-0.2531766593456268,0.8869944214820862,0.8869944214820862,0.0,115.66148376464844,123.0,44626.83203125,0.0,1824.0050048828125,1.0,280.6412048339844,283.6098022460937,295.0784606933594,297.9219665527344,293.1499938964844,293.1499938964844,280.95001220703125,35931.609375,36000.0,313.1499938964844,0.0,18000.0,1.0,0.0,0.0,0.0,1.0,0.8514774441719055,1.0,0.0,0.0,3.588134765625,3.588158130645752,8.590744187131349e-07,4.265924453735352,4.265914440155029,9.78592834144365e-06,0.0,0.0,-0.0,6552.85205078125,0.0,1464.92041015625,1895.4371337890625,0.0,2949.11083984375,0.891437828540802,1.0,0.0,3.0,1.0,0.0
12405240,297.1775817871094,297.1499938964844,293.1499938964844,0.0,-0.0,285.1328125,0.8160569667816162,0.2789467275142669,0.2523064017295837,297.3332214355469,297.1499938964844,293.1499938964844,0.0,-0.0,285.1336364746094,0.9990000128746032,0.6168094873428345,0.4901866614818573,297.3726806640625,297.1499938964844,293.1499938964844,0.0,-0.0,285.13330078125,0.904961347579956,0.3843965232372284,0.2690724432468414,297.216796875,297.1499938964844,293.1499938964844,0.0,-0.0,285.13311767578125,0.8647159337997437,0.3354387581348419,0.3187652826309204,297.1778564453125,297.1499938964844,293.1499938964844,0.0,-0.0,285.1323547363281,0.7580037117004395,0.2234475016593933,1.012442708015442,285.1334228515625,284.95001220703125,297.6065368652344,292.1173400878906,297.3575439453125,297.2842712402344,285.1358642578125,1.0,0.5227860808372498,0.2301116585731506,0.2301116585731506,1.0,1.0,-2.812737941741944,0.3836085796356201,2.4291293621063232,-0.2531766593456268,0.8869944214820862,0.8869944214820862,0.0,115.66148376464844,123.0,44626.83203125,0.0,1824.0050048828125,1.0,280.6412048339844,283.6098022460937,295.0784606933594,297.9219665527344,293.1499938964844,293.1499938964844,280.95001220703125,35931.609375,36000.0,313.1499938964844,0.0,18000.0,1.0,0.0,0.0,0.0,1.0,0.8514774441719055,1.0,0.0,0.0,3.588134765625,3.588158130645752,8.590744187131349e-07,4.265924453735352,4.265914440155029,9.78592834144365e-06,0.0,0.0,-0.0,6552.85205078125,0.0,1464.92041015625,1895.4371337890625,0.0,2949.11083984375,0.891437828540802,1.0,0.0,3.0,1.0,0.0
12405300,297.1861267089844,297.1499938964844,293.1499938964844,0.0,-0.0,285.2793273925781,0.8168450593948364,0.279957115650177,0.2531690299510956,297.3499450683594,297.1499938964844,293.1499938964844,0.0,-0.0,285.28289794921875,0.9990000128746032,0.619610607624054,0.4903685450553894,297.38189697265625,297.1499938964844,293.1499938964844,0.0,-0.0,285.281494140625,0.9067216515541076,0.3867105543613434,0.2706438899040222,297.22528076171875,297.1499938964844,293.1499938964844,0.0,-0.0,285.2806701660156,0.8656373620033264,0.3366952836513519,0.3199055194854736,297.1849975585937,297.1499938964844,293.1499938964844,0.0,-0.0,285.2773132324219,0.7588363885879517,0.2243261486291885,1.016217827796936,285.2819519042969,284.95001220703125,297.5968017578125,292.1139831542969,297.3663330078125,297.2984619140625,285.2923278808594,1.0,0.5242576003074646,0.2314134687185287,0.2314134687185287,1.0,1.0,-2.821787118911743,0.3885606229305267,2.433226585388184,-0.2503003478050232,0.8906390070915222,0.8906390070915222,0.0,116.04053497314452,123.0,43646.8984375,0.0,1839.912109375,1.0,280.8970947265625,283.78009033203125,295.0546264648437,297.7903747558594,293.1499938964844,293.1499938964844,280.95001220703125,35759.0,36000.0,313.1499938964844,0.0,18000.0,1.0,0.0,0.0,0.0,1.0,0.8445404767990112,1.0,0.0,0.0,3.5932881832122803,3.593311786651612,8.615439242021239e-07,4.265924453735352,4.265914440155029,9.78592834144365e-06,0.0,0.0,-0.0,6746.544921875,0.0,1469.2093505859375,1895.4371337890625,0.0,2884.1650390625,0.8924996256828308,1.0,0.0,3.0,1.0,0.0
12405360,297.1949157714844,297.1499938964844,293.1499938964844,0.0,-0.0,285.3436889648437,0.8176146149635315,0.2810513079166412,0.2541491389274597,297.365478515625,297.1499938964844,293.1499938964844,0.0,-0.0,285.344482421875,0.9990000128746032,0.6224053502082825,0.4908036589622497,297.39141845703125,297.1499938964844,293.1499938964844,0.0,-0.0,285.3441772460937,0.9084526300430298,0.389114499092102,0.2723130285739898,297.2341003417969,297.1499938964844,293.1499938964844,0.0,-0.0,285.343994140625,0.8665128350257874,0.3380390107631683,0.3211615979671478,297.1924133300781,297.1499938964844,293.1499938964844,0.0,-0.0,285.34326171875,0.7596441507339478,0.2252764552831649,1.0204206705093384,285.34429931640625,284.95001220703125,297.5871887207031,292.1106872558594,297.3751220703125,297.3126525878906,285.3466796875,1.0,0.5259610414505005,0.2325690388679504,0.2325690388679504,1.0,1.0,-2.8320529460906982,0.393489122390747,2.438563823699951,-0.2477171421051025,0.8939417004585266,0.8939417004585266,0.0,116.53219604492188,126.0,43652.21484375,0.0,1858.369873046875,1.0,280.9412536621094,283.83404541015625,295.0766906738281,297.8584289550781,293.1499938964844,293.1499938964844,281.25,35611.34375,36000.0,313.1499938964844,0.0,18000.0,1.0,0.0,0.0,0.0,1.0,0.8421543836593628,1.0,0.0,0.0,3.601814031600952,3.601837396621704,8.65637105107453e-07,4.265924453735352,4.265914440155029,9.78592834144365e-06,0.0,0.0,-0.0,6467.1474609375,0.0,1477.347412109375,1895.4371337890625,0.0,2861.85009765625,0.8942624926567078,1.0,0.0,3.0,1.0,0.0
12405420,297.2119445800781,297.1499938964844,293.1499938964844,0.0,-0.0,285.552734375,0.8185732960700989,0.2833428680896759,0.2561734914779663,297.3919372558594,297.1499938964844,293.1499938964844,0.0,-0.0,285.5534973144531,0.9990000128746032,0.6278198957443237,0.4928779304027557,297.4098205566406,297.1499938964844,293.1499938964844,0.0,-0.0,285.55322265625,0.9111979603767396,0.394036203622818,0.2757087051868438,297.25128173828125,297.1499938964844,293.1499938964844,0.0,-0.0,285.55303955078125,0.8676360845565796,0.3408429622650146,0.3237721621990204,297.2068786621094,297.1499938964844,293.1499938964844,0.0,-0.0,285.55230712890625,0.7607523798942566,0.2272772789001464,1.0292824506759644,285.5533142089844,284.95001220703125,297.5683288574219,292.1044616699219,297.3900146484375,297.3374938964844,285.5556030273437,1.0,0.5299149751663208,0.234880194067955,0.234880194067955,1.0,1.0,-2.8548450469970703,0.4038940966129303,2.450951099395752,-0.2424859553575515,0.9036669135093688,0.9036669135093688,0.0,117.92228698730467,129.0,42766.65625,0.0,1901.2352294921875,1.0,281.241455078125,284.0560302734375,295.0746765136719,297.8008728027344,293.1499938964844,293.1499938964844,280.95001220703125,35304.73828125,36000.0,313.1499938964844,0.0,18000.0,1.0,0.0,0.0,0.0,1.0,0.833641529083252,1.0,0.0,0.0,3.6269798278808594,3.6270036697387695,8.777757898315031e-07,4.265924453735352,4.265914440155029,9.78592834144365e-06,0.0,0.0,-0.0,7114.26953125,0.0,1502.5386962890625,1895.4371337890625,0.0,2782.369873046875,0.8996706008911133,1.0,0.0,3.0,1.0,0.0
12405480,297.2119445800781,297.1499938964844,293.1499938964844,0.0,-0.0,285.552734375,0.8185732960700989,0.2833428680896759,0.2561734914779663,297.3919372558594,297.1499938964844,293.1499938964844,0.0,-0.0,285.5534973144531,0.9990000128746032,0.6278198957443237,0.4928779304027557,297.4098205566406,297.1499938964844,293.1499938964844,0.0,-0.0,285.55322265625,0.9111979603767396,0.394036203622818,0.2757087051868438,297.25128173828125,297.1499938964844,293.1499938964844,0.0,-0.0,285.55303955078125,0.8676360845565796,0.3408429622650146,0.3237721621990204,297.2068786621094,297.1499938964844,293.1499938964844,0.0,-0.0,285.55230712890625,0.7607523798942566,0.2272772789001464,1.0292824506759644,285.5533142089844,284.95001220703125,297.5683288574219,292.1044616699219,297.3900146484375,297.3374938964844,285.5556030273437,1.0,0.5299149751663208,0.234880194067955,0.234880194067955,1.0,1.0,-2.8548450469970703,0.4038940966129303,2.450951099395752,-0.2424859553575515,0.9036669135093688,0.9036669135093688,0.0,117.92228698730467,129.0,42766.65625,0.0,1901.2352294921875,1.0,281.241455078125,284.0560302734375,295.0746765136719,297.8008728027344,293.1499938964844,293.1499938964844,280.95001220703125,35304.73828125,36000.0,313.1499938964844,0.0,18000.0,1.0,0.0,0.0,0.0,1.0,0.833641529083252,1.0,0.0,0.0,3.6269798278808594,3.6270036697387695,8.777757898315031e-07,4.265924453735352,4.265914440155029,9.78592834144365e-06,0.0,0.0,-0.0,7114.26953125,0.0,1502.5386962890625,1895.4371337890625,0.0,2782.369873046875,0.8996706008911133,1.0,0.0,3.0,1.0,0.0
12405540,297.213623046875,297.1499938964844,293.1499938964844,0.0,-0.0,285.3924560546875,0.8172252774238586,0.2843199968338012,0.2575240135192871,297.3943786621094,297.1499938964844,293.1499938964844,0.0,-0.0,285.3920593261719,0.9990000128746032,0.6311661601066589,0.4980710446834564,297.41229248046875,297.1499938964844,293.1499938964844,0.0,-0.0,285.3922119140625,0.911127269268036,0.3975987732410431,0.2785556614398956,297.2554626464844,297.1499938964844,293.1499938964844,0.0,-0.0,285.3923034667969,0.866432785987854,0.3425702452659607,0.3258268237113952,297.2119445800781,297.1499938964844,293.1499938964844,0.0,-0.0,285.3927001953125,0.7598595023155212,0.2285265028476715,1.0364233255386353,285.39215087890625,284.95001220703125,297.54998779296875,292.09869384765625,297.3887634277344,297.3414306640625,285.3911437988281,1.0,0.5342923998832703,0.2371913492679596,0.2371913492679596,1.0,1.0,-2.877188444137573,0.4143390953540802,2.4628493785858154,-0.2370085269212722,0.9082745313644408,0.9082745313644408,0.0,120.13778686523438,132.0,44375.609375,0.0,1948.034423828125,1.0,280.9578857421875,283.8651733398437,295.15753173828125,298.0493469238281,293.1499938964844,293.1499938964844,280.6499938964844,35364.86328125,36000.0,313.1499938964844,0.0,18000.0,1.0,0.0,0.0,0.0,1.0,0.8497166037559509,1.0,0.0,0.0,3.651418447494507,3.651442289352417,8.896445251593832e-07,4.265924453735352,4.265914440155029,9.78592834144365e-06,0.0,0.0,-0.0,7320.50634765625,0.0,1529.9931640625,1895.4371337890625,0.0,2932.6162109375,0.9051492810249328,1.0,0.0,3.0,1.0,0.0
12405600,297.213623046875,297.1499938964844,293.1499938964844,0.0,-0.0,285.3924560546875,0.8172252774238586,0.2843199968338012,0.2575240135192871,297.3943786621094,297.1499938964844,293.1499938964844,0.0,-0.0,285.3920593261719,0.9990000128746032,0.6311661601066589,0.4980710446834564,297.41229248046875,297.1499938964844,293.1499938964844,0.0,-0.0,285.3922119140625,0.911127269268036,0.3975987732410431,0.2785556614398956,297.2554626464844,297.1499938964844,293.1499938964844,0.0,-0.0,285.3923034667969,0.866432785987854,0.3425702452659607,0.3258268237113952,297.2119445800781,297.1499938964844,293.1499938964844,0.0,-0.0,285.3927001953125,0.7598595023155212,0.2285265028476715,1.0364233255386353,285.39215087890625,284.95001220703125,297.54998779296875,292.09869384765625,297.3887634277344,297.3414306640625,285.3911437988281,1.0,0.5342923998832703,0.2371913492679596,0.2371913492679596,1.0,1.0,-2.877188444137573,0.4143390953540802,2.4628493785858154,-0.2370085269212722,0.9082745313644408,0.9082745313644408,0.0,120.13778686523438,132.0,44375.609375,0.0,1948.034423828125,1.0,280.9578857421875,283.8651733398437,295.15753173828125,298.0493469238281,293.1499938964844,293.1499938964844,280.6499938964844,35364.86328125,36000.0,313.1499938964844,0.0,18000.0,1.0,0.0,0.0,0.0,1.0,0.8497166037559509,1.0,0.0,0.0,3.651418447494507,3.651442289352417,8.896445251593832e-07,4.265924453735352,4.265914440155029,9.78592834144365e-06,0.0,0.0,-0.0,7320.50634765625,0.0,1529.9931640625,1895.4371337890625,0.0,2932.6162109375,0.9051492810249328,1.0,0.0,3.0,1.0,0.0
12405660,297.2022705078125,297.1499938964844,293.1499938964844,0.0,-0.0,285.2054138183594,0.812446117401123,0.2839852273464203,0.2575485706329345,297.3691101074219,297.1499938964844,293.1499938964844,0.0,-0.0,285.20489501953125,0.9990000128746032,0.6317289471626282,0.507339596748352,297.40142822265625,297.1499938964844,293.1499938964844,0.0,-0.0,285.205078125,0.9071354269981384,0.3998327851295471,0.2803652882575989,297.2469482421875,297.1499938964844,293.1499938964844,0.0,-0.0,285.2052001953125,0.8618470430374146,0.3430537283420563,0.3266303837299347,297.2065124511719,297.1499938964844,293.1499938964844,0.0,-0.0,285.2056884765625,0.7559026479721069,0.228770911693573,1.038997769355774,285.2050476074219,284.95001220703125,297.5321044921875,292.09326171875,297.3700256347656,297.3225402832031,285.2037658691406,1.0,0.5385721325874329,0.239273115992546,0.239273115992546,1.0,1.0,-2.8945980072021484,0.4232780337333679,2.471319913864136,-0.2319277375936508,0.9101410508155824,0.9101410508155824,0.0,123.28885650634766,135.0,45938.32421875,0.0,1991.9869384765625,1.0,280.6581420898437,283.6532592773437,295.1617431640625,298.16961669921875,293.1499938964844,293.1499938964844,280.3500061035156,35535.50390625,36000.0,313.1499938964844,0.0,18000.0,1.0,0.0,0.0,0.0,1.0,0.8666448593139648,1.0,0.0,0.0,3.669356107711792,3.669380187988281,8.984067108031013e-07,4.265924453735352,4.265914440155029,9.78592834144365e-06,0.0,0.0,-0.0,7483.64794921875,0.0,1551.3160400390625,1895.4371337890625,0.0,3091.336181640625,0.909274697303772,1.0,0.0,3.0,1.0,0.0
12405720,297.2022705078125,297.1499938964844,293.1499938964844,0.0,-0.0,285.2054138183594,0.812446117401123,0.2839852273464203,0.2575485706329345,297.3691101074219,297.1499938964844,293.1499938964844,0.0,-0.0,285.20489501953125,0.9990000128746032,0.6317289471626282,0.507339596748352,297.40142822265625,297.1499938964844,293.1499938964844,0.0,-0.0,285.205078125,0.9071354269981384,0.3998327851295471,0.2803652882575989,297.2469482421875,297.1499938964844,293.1499938964844,0.0,-0.0,285.2052001953125,0.8618470430374146,0.3430537283420563,0.3266303837299347,297.2065124511719,297.1499938964844,293.1499938964844,0.0,-0.0,285.2056884765625,0.7559026479721069,0.228770911693573,1.038997769355774,285.2050476074219,284.95001220703125,297.5321044921875,292.09326171875,297.3700256347656,297.3225402832031,285.2037658691406,1.0,0.5385721325874329,0.239273115992546,0.239273115992546,1.0,1.0,-2.8945980072021484,0.4232780337333679,2.471319913864136,-0.2319277375936508,0.9101410508155824,0.9101410508155824,0.0,123.28885650634766,135.0,45938.32421875,0.0,1991.9869384765625,1.0,280.6581420898437,283.6532592773437,295.1617431640625,298.16961669921875,293.1499938964844,293.1499938964844,280.3500061035156,35535.50390625,36000.0,313.1499938964844,0.0,18000.0,1.0,0.0,0.0,0.0,1.0,0.8666448593139648,1.0,0.0,0.0,3.669356107711792,3.669380187988281,8.984067108031013e-07,4.265924453735352,4.265914440155029,9.78592834144365e-06,0.0,0.0,-0.0,7483.64794921875,0.0,1551.3160400390625,1895.4371337890625,0.0,3091.336181640625,0.909274697303772,1.0,0.0,3.0,1.0,0.0
12405780,297.1864318847656,297.1499938964844,293.1499938964844,0.0,-0.0,285.0146789550781,0.8059850335121155,0.2830449640750885,0.2569326162338257,297.3256530761719,297.1499938964844,293.1499938964844,0.0,-0.0,285.01416015625,0.9990000128746032,0.6301156878471375,0.5184690356254578,297.3852233886719,297.1499938964844,293.1499938964844,0.0,-0.0,285.0143737792969,0.9016769528388976,0.4013800323009491,0.2816286981105804,297.23248291015625,297.1499938964844,293.1499938964844,0.0,-0.0,285.0144958496094,0.8557626605033875,0.3428212106227875,0.3266756236553192,297.1952819824219,297.1499938964844,293.1499938964844,0.0,-0.0,285.0149841308594,0.7504711151123047,0.2283526957035064,1.0383551120758057,285.0143127441406,284.95001220703125,297.5145263671875,292.0881042480469,297.3422546386719,297.29180908203125,285.01300048828125,1.0,0.5425604581832886,0.2413548827171325,0.2413548827171325,1.0,1.0,-2.90803861618042,0.4314045906066894,2.4766340255737305,-0.2267821878194809,0.9094308018684388,0.9094308018684388,0.0,126.8533706665039,138.0,47402.0078125,0.0,2031.859619140625,1.0,280.3580322265625,283.4401550292969,295.14532470703125,298.2474670410156,293.1499938964844,293.1499938964844,280.04998779296875,35755.9375,36000.0,313.1499938964844,0.0,18000.0,1.0,0.0,0.0,0.0,1.0,0.8806106448173523,1.0,0.0,0.0,3.679131984710693,3.6791563034057617,9.032002026287956e-07,4.265924453735352,4.265914440155029,9.78592834144365e-06,0.0,0.0,-0.0,7638.541015625,0.0,1563.980712890625,1895.4371337890625,0.0,3222.30322265625,0.9116103649139404,1.0,0.0,3.0,1.0,0.0
12405840,297.1864318847656,297.1499938964844,293.1499938964844,0.0,-0.0,285.0146789550781,0.8059850335121155,0.2830449640750885,0.2569326162338257,297.3256530761719,297.1499938964844,293.1499938964844,0.0,-0.0,285.01416015625,0.9990000128746032,0.6301156878471375,0.5184690356254578,297.3852233886719,297.1499938964844,293.1499938964844,0.0,-0.0,285.0143737792969,0.9016769528388976,0.4013800323009491,0.2816286981105804,297.23248291015625,297.1499938964844,293.1499938964844,0.0,-0.0,285.0144958496094,0.8557626605033875,0.3428212106227875,0.3266756236553192,297.1952819824219,297.1499938964844,293.1499938964844,0.0,-0.0,285.0149841308594,0.7504711151123047,0.2283526957035064,1.0383551120758057,285.0143127441406,284.95001220703125,297.5145263671875,292.0881042480469,297.3422546386719,297.29180908203125,285.01300048828125,1.0,0.5425604581832886,0.2413548827171325,0.2413548827171325,1.0,1.0,-2.90803861618042,0.4314045906066894,2.4766340255737305,-0.2267821878194809,0.9094308018684388,0.9094308018684388,0.0,126.8533706665039,138.0,47402.0078125,0.0,2031.859619140625,1.0,280.3580322265625,283.4401550292969,295.14532470703125,298.2474670410156,293.1499938964844,293.1499938964844,280.04998779296875,35755.9375,36000.0,313.1499938964844,0.0,18000.0,1.0,0.0,0.0,0.0,1.0,0.8806106448173523,1.0,0.0,0.0,3.679131984710693,3.6791563034057617,9.032002026287956e-07,4.265924453735352,4.265914440155029,9.78592834144365e-06,0.0,0.0,-0.0,7638.541015625,0.0,1563.980712890625,1895.4371337890625,0.0,3222.30322265625,0.9116103649139404,1.0,0.0,3.0,1.0,0.0
12405900,297.1780700683594,297.1499938964844,293.1499938964844,0.0,-0.0,284.87628173828125,0.8025093674659729,0.2824570536613464,0.256524920463562,297.299560546875,297.1499938964844,293.1499938964844,0.0,-0.0,284.8728942871094,0.9990000128746032,0.6286700367927551,0.5242294073104858,297.3764038085937,297.1499938964844,293.1499938964844,0.0,-0.0,284.87420654296875,0.8988456726074219,0.4020044803619385,0.2821636497974396,297.224365234375,297.1499938964844,293.1499938964844,0.0,-0.0,284.87506103515625,0.8525845408439636,0.3425481915473938,0.3265479505062103,297.1885986328125,297.1499938964844,293.1499938964844,0.0,-0.0,284.8780517578125,0.7475818395614624,0.2279839813709259,1.0372891426086426,284.8738708496094,284.95001220703125,297.505859375,292.0856018066406,297.3270874023437,297.2748107910156,284.864990234375,1.0,0.5444303154945374,0.2423957586288452,0.2423957586288452,1.0,1.0,-2.913681983947754,0.4352545738220215,2.4784274101257324,-0.2241866588592529,0.9075691103935242,0.9075691103935242,0.0,128.67495727539062,138.0,48595.7734375,0.0,2050.315673828125,1.0,280.1004638671875,283.2742614746094,295.1590881347656,298.3841247558594,293.1499938964844,293.1499938964844,280.04998779296875,35890.0234375,36000.0,313.1499938964844,0.0,18000.0,1.0,0.0,0.0,0.0,1.0,0.8887764811515808,1.0,0.0,0.0,3.6807737350463854,3.680798053741455,9.04006526525336e-07,4.265924453735352,4.265914440155029,9.78592834144365e-06,0.0,0.0,-0.0,7426.4140625,0.0,1566.846435546875,1895.4371337890625,0.0,3298.763671875,0.91203510761261,1.0,0.0,3.0,1.0,0.0
12405960,297.1692810058594,297.1499938964844,293.1499938964844,0.0,-0.0,284.8244934082031,0.7988038063049316,0.2817707359790802,0.2559810280799866,297.2707824707031,297.1499938964844,293.1499938964844,0.0,-0.0,284.8240051269531,0.9990000128746032,0.6267924308776855,0.5302292704582214,297.366943359375,297.1499938964844,293.1499938964844,0.0,-0.0,284.8241882324219,0.8957844376564026,0.4025104939937591,0.2825737595558166,297.21563720703125,297.1499938964844,293.1499938964844,0.0,-0.0,284.8243103027344,0.8492271304130554,0.3421608507633209,0.3262725472450256,297.1812438964844,297.1499938964844,293.1499938964844,0.0,-0.0,284.8247375488281,0.7445106506347656,0.2275081723928451,1.0356160402297974,284.8241271972656,284.95001220703125,297.49725341796875,292.0831604003906,297.31134033203125,297.2569274902344,284.8229675292969,1.0,0.546202540397644,0.2434198558330536,0.2434198558330536,1.0,1.0,-2.9183921813964844,0.4388709664344787,2.4795212745666504,-0.2216130644083023,0.9061833024024964,0.9061833024024964,0.0,130.547119140625,141.0,48786.0546875,0.0,2067.51953125,1.0,280.0578918457031,283.2291564941406,295.13018798828125,298.31768798828125,293.1499938964844,293.1499938964844,279.75,36005.55078125,36000.0,313.1499938964844,0.0,18000.0,1.0,0.0,0.0,0.0,1.0,0.8923553824424744,1.0,0.0,0.0,3.6796581745147705,3.679682493209839,9.03458555967518e-07,4.265924453735352,4.265914440155029,9.78592834144365e-06,0.0,0.0,-0.0,7791.94580078125,0.0,1566.45751953125,1895.4371337890625,0.0,3332.227783203125,0.9118961691856384,1.0,0.0,3.0,1.0,0.0
12406020,297.1522521972656,297.1499938964844,293.1499938964844,0.0,-0.0,284.6385803222656,0.7915641665458679,0.2802899181842804,0.2548227310180664,297.2077331542969,297.1499938964844,293.1499938964844,0.0,-0.0,284.6381530761719,0.9990000128746032,0.6219431161880493,0.5420191884040833,297.34820556640625,297.1499938964844,293.1499938964844,0.0,-0.0,284.6383056640625,0.88983553647995,0.4033586084842682,0.2833043932914734,297.1981811523437,297.1499938964844,293.1499938964844,0.0,-0.0,284.6383972167969,0.8427190184593201,0.3412262201309204,0.3255832195281982,297.1664428710937,297.1499938964844,293.1499938964844,0.0,-0.0,284.6387939453125,0.7384897470474243,0.2264035791158676,1.0315431356430054,284.6382751464844,284.95001220703125,297.480224609375,292.07843017578125,297.2822265625,297.2242736816406,284.6373291015625,1.0,0.549506664276123,0.2454680502414703,0.2454680502414703,1.0,1.0,-2.9263274669647217,0.4458038210868835,2.4805235862731934,-0.2164424359798431,0.9004805088043213,0.9004805088043213,0.0,134.2320098876953,129.0,50112.8046875,0.0,2099.265380859375,1.0,279.758056640625,283.02349853515625,295.1188659667969,298.387939453125,293.1499938964844,293.1499938964844,279.45001220703125,36274.13671875,36000.0,313.1499938964844,0.0,18000.0,1.0,0.0,0.0,0.0,1.0,0.9027552008628844,1.0,0.0,0.0,3.670207500457764,3.670231819152832,8.988237709672831e-07,4.265924453735352,4.265914440155029,9.78592834144365e-06,0.0,0.0,-0.0,7946.65771484375,0.0,1557.829345703125,1895.4371337890625,0.0,3429.253173828125,0.9099635481834412,1.0,0.0,3.0,1.0,0.0
12406080,297.1522521972656,297.1499938964844,293.1499938964844,0.0,-0.0,284.6385803222656,0.7915641665458679,0.2802899181842804,0.2548227310180664,297.2077331542969,297.1499938964844,293.1499938964844,0.0,-0.0,284.6381530761719,0.9990000128746032,0.6219431161880493,0.5420191884040833,297.34820556640625,297.1499938964844,293.1499938964844,0.0,-0.0,284.6383056640625,0.88983553647995,0.4033586084842682,0.2833043932914734,297.1981811523437,297.1499938964844,293.1499938964844,0.0,-0.0,284.6383972167969,0.8427190184593201,0.3412262201309204,0.3255832195281982,297.1664428710937,297.1499938964844,293.1499938964844,0.0,-0.0,284.6387939453125,0.7384897470474243,0.2264035791158676,1.0315431356430054,284.6382751464844,284.95001220703125,297.480224609375,292.07843017578125,297.2822265625,297.2242736816406,284.6373291015625,1.0,0.549506664276123,0.2454680502414703,0.2454680502414703,1.0,1.0,-2.9263274669647217,0.4458038210868835,2.4805235862731934,-0.2164424359798431,0.9004805088043213,0.9004805088043213,0.0,134.2320098876953,129.0,50112.8046875,0.0,2099.265380859375,1.0,279.758056640625,283.02349853515625,295.1188659667969,298.387939453125,293.1499938964844,293.1499938964844,279.45001220703125,36274.13671875,36000.0,313.1499938964844,0.0,18000.0,1.0,0.0,0.0,0.0,1.0,0.9027552008628844,1.0,0.0,0.0,3.670207500457764,3.670231819152832,8.988237709672831e-07,4.265924453735352,4.265914440155029,9.78592834144365e-06,0.0,0.0,-0.0,7946.65771484375,0.0,1557.829345703125,1895.4371337890625,0.0,3429.253173828125,0.9099635481834412,1.0,0.0,3.0,1.0,0.0
12406140,297.135498046875,297.1499938964844,293.1499938964844,0.0,-0.0,284.4449462890625,0.7906405925750732,0.2786222100257873,0.2533634006977081,297.148681640625,297.1499938964844,293.1499938964844,0.0,-0.0,284.4442443847656,0.9990000128746032,0.6166708469390869,0.5407516956329346,297.3292236328125,297.1499938964844,293.1499938964844,0.0,-0.0,284.44451904296875,0.8910328149795532,0.4039472639560699,0.2837520837783813,297.1805725097656,297.1499938964844,293.1499938964844,0.0,-0.0,284.4446716308594,0.842475414276123,0.3400536775588989,0.3245254456996918,297.1515197753906,297.1499938964844,293.1499938964844,0.0,-0.0,284.4452819824219,0.7377671003341675,0.2251004576683044,1.0258936882019043,284.4444274902344,284.95001220703125,297.4634094238281,292.07391357421875,297.2597961425781,297.2001342773437,284.4425964355469,1.0,0.5471429228782654,0.2475162297487259,0.2475162297487259,1.0,1.0,-2.915553092956543,0.4484580159187317,2.467095136642456,-0.2110812664031982,0.8921686410903931,0.8921686410903931,0.0,133.46908569335938,117.0,51189.06640625,0.0,2077.186279296875,1.0,279.4581604003906,282.81317138671875,295.1088562011719,298.450927734375,293.1499938964844,293.1499938964844,279.75,36570.21484375,36000.0,313.1499938964844,0.0,18000.0,1.0,0.0,0.0,0.0,1.0,0.912113070487976,1.0,0.0,0.0,3.6498849391937256,3.649909019470215,8.888974321052956e-07,4.265924453735352,4.265914440155029,9.78592834144365e-06,0.0,0.0,-0.0,7196.28857421875,0.0,1537.306884765625,1895.4371337890625,0.0,3516.203369140625,0.9056194424629213,1.0,0.0,3.0,1.0,0.0
12406200,297.135498046875,297.1499938964844,293.1499938964844,0.0,-0.0,284.4449462890625,0.7906405925750732,0.2786222100257873,0.2533634006977081,297.148681640625,297.1499938964844,293.1499938964844,0.0,-0.0,284.4442443847656,0.9990000128746032,0.6166708469390869,0.5407516956329346,297.3292236328125,297.1499938964844,293.1499938964844,0.0,-0.0,284.44451904296875,0.8910328149795532,0.4039472639560699,0.2837520837783813,297.1805725097656,297.1499938964844,293.1499938964844,0.0,-0.0,284.4446716308594,0.842475414276123,0.3400536775588989,0.3245254456996918,297.1515197753906,297.1499938964844,293.1499938964844,0.0,-0.0,284.4452819824219,0.7377671003341675,0.2251004576683044,1.0258936882019043,284.4444274902344,284.95001220703125,297.4634094238281,292.07391357421875,297.2597961425781,297.2001342773437,284.4425964355469,1.0,0.5471429228782654,0.2475162297487259,0.2475162297487259,1.0,1.0,-2.915553092956543,0.4484580159187317,2.467095136642456,-0.2110812664031982,0.8921686410903931,0.8921686410903931,0.0,133.46908569335938,117.0,51189.06640625,0.0,2077.186279296875,1.0,279.4581604003906,282.81317138671875,295.1088562011719,298.450927734375,293.1499938964844,293.1499938964844,279.75,36570.21484375,36000.0,313.1499938964844,0.0,18000.0,1.0,0.0,0.0,0.0,1.0,0.912113070487976,1.0,0.0,0.0,3.6498849391937256,3.649909019470215,8.888974321052956e-07,4.265924453735352,4.265914440155029,9.78592834144365e-06,0.0,0.0,-0.0,7196.28857421875,0.0,1537.306884765625,1895.4371337890625,0.0,3516.203369140625,0.9056194424629213,1.0,0.0,3.0,1.0,0.0
12406260,297.133544921875,297.1499938964844,293.1499938964844,0.0,-0.0,284.6075134277344,0.7963616847991943,0.2782195508480072,0.2524643242359161,297.1368103027344,297.1499938964844,293.1499938964844,0.0,-0.0,284.6078491210937,0.9990000128746032,0.6153873801231384,0.5276324152946472,297.32586669921875,297.1499938964844,293.1499938964844,0.0,-0.0,284.60772705078125,0.8995506167411804,0.4058570861816406,0.2846438288688659,297.17559814453125,297.1499938964844,293.1499938964844,0.0,-0.0,284.6076354980469,0.8485657572746277,0.3399175107479095,0.3238881826400757,297.1455383300781,297.1499938964844,293.1499938964844,0.0,-0.0,284.6073303222656,0.7423961758613586,0.2244990617036819,1.02126944065094,284.6077575683594,284.95001220703125,297.44683837890625,292.0695495605469,297.2528686523437,297.1959533691406,284.6084289550781,1.0,0.5411972403526306,0.2496374100446701,0.2496374100446701,1.0,1.0,-2.893456220626831,0.4486494660377502,2.4448068141937256,-0.2059226334095001,0.8889355063438416,0.8889355063438416,0.0,128.88427734375,105.0,49610.3359375,0.0,2017.524658203125,1.0,279.7420959472656,283.006103515625,295.0281677246094,298.20733642578125,293.1499938964844,293.1499938964844,280.04998779296875,36508.42578125,36000.0,313.1499938964844,0.0,18000.0,1.0,0.0,0.0,0.0,1.0,0.9000124931335449,1.0,0.0,0.0,3.630157709121704,3.6301815509796143,8.793145411800651e-07,4.265924453735352,4.265914440155029,9.78592834144365e-06,0.0,0.0,-0.0,6994.361328125,0.0,1514.9881591796875,1895.4371337890625,0.0,3403.700927734375,0.90120267868042,1.0,0.0,3.0,1.0,0.0
12406320,297.133544921875,297.1499938964844,293.1499938964844,0.0,-0.0,284.6075134277344,0.7963616847991943,0.2782195508480072,0.2524643242359161,297.1368103027344,297.1499938964844,293.1499938964844,0.0,-0.0,284.6078491210937,0.9990000128746032,0.6153873801231384,0.5276324152946472,297.32586669921875,297.1499938964844,293.1499938964844,0.0,-0.0,284.60772705078125,0.8995506167411804,0.4058570861816406,0.2846438288688659,297.17559814453125,297.1499938964844,293.1499938964844,0.0,-0.0,284.6076354980469,0.8485657572746277,0.3399175107479095,0.3238881826400757,297.1455383300781,297.1499938964844,293.1499938964844,0.0,-0.0,284.6073303222656,0.7423961758613586,0.2244990617036819,1.02126944065094,284.6077575683594,284.95001220703125,297.44683837890625,292.0695495605469,297.2528686523437,297.1959533691406,284.6084289550781,1.0,0.5411972403526306,0.2496374100446701,0.2496374100446701,1.0,1.0,-2.893456220626831,0.4486494660377502,2.4448068141937256,-0.2059226334095001,0.8889355063438416,0.8889355063438416,0.0,128.88427734375,105.0,49610.3359375,0.0,2017.524658203125,1.0,279.7420959472656,283.006103515625,295.0281677246094,298.20733642578125,293.1499938964844,293.1499938964844,280.04998779296875,36508.42578125,36000.0,313.1499938964844,0.0,18000.0,1.0,0.0,0.0,0.0,1.0,0.9000124931335449,1.0,0.0,0.0,3.630157709121704,3.6301815509796143,8.793145411800651e-07,4.265924453735352,4.265914440155029,9.78592834144365e-06,0.0,0.0,-0.0,6994.361328125,0.0,1514.9881591796875,1895.4371337890625,0.0,3403.700927734375,0.90120267868042,1.0,0.0,3.0,1.0,0.0
12406380,297.1429443359375,297.1499938964844,293.1499938964844,0.0,-0.0,284.7810363769531,0.8089036345481873,0.2789568901062011,0.2526888847351074,297.1780700683594,297.1499938964844,293.1499938964844,0.0,-0.0,284.7812805175781,0.9990000128746032,0.6193496584892273,0.5044493675231934,297.3346252441406,297.1499938964844,293.1499938964844,0.0,-0.0,284.7811889648437,0.9163877367973328,0.4089621305465698,0.2864537537097931,297.1822509765625,297.1499938964844,293.1499938964844,0.0,-0.0,284.7811279296875,0.861478865146637,0.3409075736999511,0.3243500590324402,297.1493835449219,297.1499938964844,293.1499938964844,0.0,-0.0,284.7808837890625,0.7529345750808716,0.2248256206512451,1.020618200302124,284.7812194824219,284.95001220703125,297.4304504394531,292.0653381347656,297.2581481933594,297.2074584960937,284.7815856933594,1.0,0.5330491662025452,0.2517585754394531,0.2517585754394531,1.0,1.0,-2.8678126335144043,0.4479614794254303,2.419851064682007,-0.2008736878633499,0.8881426453590393,0.8881426453590393,0.0,121.52206420898438,108.0,47928.4140625,0.0,1939.3577880859373,1.0,280.0415344238281,283.2068786621094,295.00848388671875,298.0697021484375,293.1499938964844,293.1499938964844,280.3500061035156,36340.5078125,36000.0,313.1499938964844,0.0,18000.0,1.0,0.0,0.0,0.0,1.0,0.88573157787323,1.0,0.0,0.0,3.616852760314941,3.616876602172852,8.728808325031423e-07,4.265924453735352,4.265914440155029,9.78592834144365e-06,0.0,0.0,-0.0,6831.36474609375,0.0,1499.126953125,1895.4371337890625,0.0,3270.26806640625,0.898122251033783,1.0,0.0,3.0,1.0,0.0
12406440,297.1429443359375,297.1499938964844,293.1499938964844,0.0,-0.0,284.7810363769531,0.8089036345481873,0.2789568901062011,0.2526888847351074,297.1780700683594,297.1499938964844,293.1499938964844,0.0,-0.0,284.7812805175781,0.9990000128746032,0.6193496584892273,0.5044493675231934,297.3346252441406,297.1499938964844,293.1499938964844,0.0,-0.0,284.7811889648437,0.9163877367973328,0.4089621305465698,0.2864537537097931,297.1822509765625,297.1499938964844,293.1499938964844,0.0,-0.0,284.7811279296875,0.861478865146637,0.3409075736999511,0.3243500590324402,297.1493835449219,297.1499938964844,293.1499938964844,0.0,-0.0,284.7808837890625,0.7529345750808716,0.2248256206512451,1.020618200302124,284.7812194824219,284.95001220703125,297.4304504394531,292.0653381347656,297.2581481933594,297.2074584960937,284.7815856933594,1.0,0.5330491662025452,0.2517585754394531,0.2517585754394531,1.0,1.0,-2.8678126335144043,0.4479614794254303,2.419851064682007,-0.2008736878633499,0.8881426453590393,0.8881426453590393,0.0,121.52206420898438,108.0,47928.4140625,0.0,1939.3577880859373,1.0,280.0415344238281,283.2068786621094,295.00848388671875,298.0697021484375,293.1499938964844,293.1499938964844,280.3500061035156,36340.5078125,36000.0,313.1499938964844,0.0,18000.0,1.0,0.0,0.0,0.0,1.0,0.88573157787323,1.0,0.0,0.0,3.616852760314941,3.616876602172852,8.728808325031423e-07,4.265924453735352,4.265914440155029,9.78592834144365e-06,0.0,0.0,-0.0,6831.36474609375,0.0,1499.126953125,1895.4371337890625,0.0,3270.26806640625,0.898122251033783,1.0,0.0,3.0,1.0,0.0
12406500,297.1492614746094,297.1499938964844,293.1499938964844,0.0,-0.0,284.9102478027344,0.8140956163406372,0.2795302271842956,0.2530295550823211,297.2122802734375,297.1499938964844,293.1499938964844,0.0,-0.0,284.9134216308594,0.9990000128746032,0.6228823065757751,0.4953108131885528,297.3407592773437,297.1499938964844,293.1499938964844,0.0,-0.0,284.9124450683594,0.9242413640022278,0.4107338488101959,0.2875429987907409,297.18768310546875,297.1499938964844,293.1499938964844,0.0,-0.0,284.9115295410156,0.8671758770942688,0.3416409790515899,0.3248541355133056,297.1534423828125,297.1499938964844,293.1499938964844,0.0,-0.0,284.90850830078125,0.7576414942741394,0.2252161800861358,1.0215325355529783,284.9126281738281,284.95001220703125,297.4223022460937,292.06329345703125,297.2650146484375,297.2186279296875,284.9213562011719,1.0,0.5305960774421692,0.2528191804885864,0.2528191804885864,1.0,1.0,-2.8602352142333984,0.4488324820995331,2.411402702331543,-0.1985215991735458,0.8891507387161255,0.8891507387161255,0.0,118.78571319580078,108.0,46655.5078125,0.0,1913.7784423828125,1.0,280.2977600097656,283.36572265625,294.983642578125,297.9141540527344,293.1499938964844,293.1499938964844,280.3500061035156,36224.23046875,36000.0,313.1499938964844,0.0,18000.0,1.0,0.0,0.0,0.0,1.0,0.8766162395477295,1.0,0.0,0.0,3.61290979385376,3.612933397293091,8.709786811778031e-07,4.265924453735352,4.265914440155029,9.78592834144365e-06,0.0,0.0,-0.0,7012.8623046875,0.0,1493.95458984375,1895.4371337890625,0.0,3184.861572265625,0.8971997499465942,1.0,0.0,3.0,1.0,0.0
12406560,297.15655517578125,297.1499938964844,293.1499938964844,0.0,-0.0,284.9600830078125,0.8184758424758911,0.2802429795265198,0.2535700500011444,297.2492370605469,297.1499938964844,293.1499938964844,0.0,-0.0,284.9605407714844,0.9990000128746032,0.6269065737724304,0.4880535006523132,297.3480529785156,297.1499938964844,293.1499938964844,0.0,-0.0,284.9604187011719,0.931154191493988,0.4126581251621246,0.2888018190860748,297.1942749023437,297.1499938964844,293.1499938964844,0.0,-0.0,284.96026611328125,0.8721269369125366,0.3425286114215851,0.325572669506073,297.1584777832031,297.1499938964844,293.1499938964844,0.0,-0.0,284.9598388671875,0.7617610096931458,0.2257341742515564,1.023308277130127,284.9604187011719,284.95001220703125,297.4142150878906,292.061279296875,297.275390625,297.2344055175781,284.96160888671875,1.0,0.5289082527160645,0.2540158927440643,0.2540158927440643,1.0,1.0,-2.8566670417785645,0.4509535133838653,2.405713558197021,-0.1956858783960342,0.8897469639778137,0.8897469639778137,0.0,116.74083709716795,111.0,46398.18359375,0.0,1898.0811767578125,1.0,280.3414306640625,283.4093322753906,295.00506591796875,297.964599609375,293.1499938964844,293.1499938964844,280.6499938964844,36119.64453125,36000.0,313.1499938964844,0.0,18000.0,1.0,0.0,0.0,0.0,1.0,0.8719205856323242,1.0,0.0,0.0,3.611652135848999,3.61167573928833,8.703723892722337e-07,4.265924453735352,4.265914440155029,9.78592834144365e-06,0.0,0.0,-0.0,6689.919921875,0.0,1491.807373046875,1895.4371337890625,0.0,3140.82568359375,0.8968114852905273,1.0,0.0,3.0,1.0,0.0
12406620,297.171875,297.1499938964844,293.1499938964844,0.0,-0.0,285.15020751953125,0.8251745104789734,0.2818758487701416,0.2548601925373077,297.3175964355469,297.1499938964844,293.1499938964844,0.0,-0.0,285.1507568359375,0.9990000128746032,0.6351011991500854,0.4779056906700134,297.36297607421875,297.1499938964844,293.1499938964844,0.0,-0.0,285.150634765625,0.9420584440231324,0.4166759848594665,0.2914704978466034,297.20880126953125,297.1499938964844,293.1499938964844,0.0,-0.0,285.15045166015625,0.8799203038215637,0.3445588648319244,0.3272899985313415,297.1701965332031,297.1499938964844,293.1499938964844,0.0,-0.0,285.14990234375,0.7683181166648865,0.2270266562700271,1.028177261352539,285.150634765625,284.95001220703125,297.39813232421875,292.05731201171875,297.30126953125,297.2725524902344,285.1522827148437,1.0,0.5274451375007629,0.2564092874526977,0.2564092874526977,1.0,1.0,-2.857135057449341,0.4570476114749908,2.400087356567383,-0.1898219138383865,0.8939681649208069,0.8939681649208069,0.0,114.13257598876952,114.0,45077.7109375,0.0,1886.08984375,1.0,280.6414489746094,283.6178894042969,295.0065612792969,297.8798828125,293.1499938964844,293.1499938964844,280.95001220703125,35860.34375,36000.0,313.1499938964844,0.0,18000.0,1.0,0.0,0.0,0.0,1.0,0.8592450618743896,1.0,0.0,0.0,3.6160988807678223,3.616122484207153,8.725170346224331e-07,4.265924453735352,4.265914440155029,9.78592834144365e-06,0.0,0.0,-0.0,6572.20263671875,0.0,1494.7427978515625,1895.4371337890625,0.0,3021.924560546875,0.897625207901001,1.0,0.0,3.0,1.0,0.0
12406680,297.171875,297.1499938964844,293.1499938964844,0.0,-0.0,285.15020751953125,0.8251745104789734,0.2818758487701416,0.2548601925373077,297.3175964355469,297.1499938964844,293.1499938964844,0.0,-0.0,285.1507568359375,0.9990000128746032,0.6351011991500854,0.4779056906700134,297.36297607421875,297.1499938964844,293.1499938964844,0.0,-0.0,285.150634765625,0.9420584440231324,0.4166759848594665,0.2914704978466034,297.20880126953125,297.1499938964844,293.1499938964844,0.0,-0.0,285.15045166015625,0.8799203038215637,0.3445588648319244,0.3272899985313415,297.1701965332031,297.1499938964844,293.1499938964844,0.0,-0.0,285.14990234375,0.7683181166648865,0.2270266562700271,1.028177261352539,285.150634765625,284.95001220703125,297.39813232421875,292.05731201171875,297.30126953125,297.2725524902344,285.1522827148437,1.0,0.5274451375007629,0.2564092874526977,0.2564092874526977,1.0,1.0,-2.857135057449341,0.4570476114749908,2.400087356567383,-0.1898219138383865,0.8939681649208069,0.8939681649208069,0.0,114.13257598876952,114.0,45077.7109375,0.0,1886.08984375,1.0,280.6414489746094,283.6178894042969,295.0065612792969,297.8798828125,293.1499938964844,293.1499938964844,280.95001220703125,35860.34375,36000.0,313.1499938964844,0.0,18000.0,1.0,0.0,0.0,0.0,1.0,0.8592450618743896,1.0,0.0,0.0,3.6160988807678223,3.616122484207153,8.725170346224331e-07,4.265924453735352,4.265914440155029,9.78592834144365e-06,0.0,0.0,-0.0,6572.20263671875,0.0,1494.7427978515625,1895.4371337890625,0.0,3021.924560546875,0.897625207901001,1.0,0.0,3.0,1.0,0.0
12406740,297.1881408691406,297.1499938964844,293.1499938964844,0.0,-0.0,285.34796142578125,0.8299223780632019,0.283797025680542,0.2564575374126434,297.37274169921875,297.1499938964844,293.1499938964844,0.0,-0.0,285.3485717773437,0.9990000128746032,0.6428244113922119,0.4721005260944366,297.3782043457031,297.1499938964844,293.1499938964844,0.0,-0.0,285.3484191894531,0.94984769821167,0.420916736125946,0.2943257689476013,297.224609375,297.1499938964844,293.1499938964844,0.0,-0.0,285.3482360839844,0.8855043053627014,0.3469029664993286,0.3293655216693878,297.1835632324219,297.1499938964844,293.1499938964844,0.0,-0.0,285.3475952148437,0.773141622543335,0.2286345958709716,1.034757375717163,285.34844970703125,284.95001220703125,297.38214111328125,292.0534362792969,297.32647705078125,297.30987548828125,285.350341796875,1.0,0.5279865860939026,0.2588027119636535,0.2588027119636535,1.0,1.0,-2.865905284881592,0.465167760848999,2.4007375240325928,-0.1837530583143234,0.9008809328079224,0.9008809328079224,0.0,112.98291778564452,117.0,43958.375,0.0,1894.4571533203125,1.0,280.9415283203125,283.8319091796875,295.0096740722656,297.8104858398437,293.1499938964844,293.1499938964844,280.6499938964844,35583.53515625,36000.0,313.1499938964844,0.0,18000.0,1.0,0.0,0.0,0.0,1.0,0.8479554057121277,1.0,0.0,0.0,3.630865812301636,3.630889654159546,8.796577048997278e-07,4.265924453735352,4.265914440155029,9.78592834144365e-06,0.0,0.0,-0.0,7219.3017578125,0.0,1508.8851318359375,1895.4371337890625,0.0,2916.12451171875,0.9007332921028136,1.0,0.0,3.0,1.0,0.0
12406800,297.1881408691406,297.1499938964844,293.1499938964844,0.0,-0.0,285.34796142578125,0.8299223780632019,0.283797025680542,0.2564575374126434,297.37274169921875,297.1499938964844,293.1499938964844,0.0,-0.0,285.3485717773437,0.9990000128746032,0.6428244113922119,0.4721005260944366,297.3782043457031,297.1499938964844,293.1499938964844,0.0,-0.0,285.3484191894531,0.94984769821167,0.420916736125946,0.2943257689476013,297.224609375,297.1499938964844,293.1499938964844,0.0,-0.0,285.3482360839844,0.8855043053627014,0.3469029664993286,0.3293655216693878,297.1835632324219,297.1499938964844,293.1499938964844,0.0,-0.0,285.3475952148437,0.773141622543335,0.2286345958709716,1.034757375717163,285.34844970703125,284.95001220703125,297.38214111328125,292.0534362792969,297.32647705078125,297.30987548828125,285.350341796875,1.0,0.5279865860939026,0.2588027119636535,0.2588027119636535,1.0,1.0,-2.865905284881592,0.465167760848999,2.4007375240325928,-0.1837530583143234,0.9008809328079224,0.9008809328079224,0.0,112.98291778564452,117.0,43958.375,0.0,1894.4571533203125,1.0,280.9415283203125,283.8319091796875,295.0096740722656,297.8104858398437,293.1499938964844,293.1499938964844,280.6499938964844,35583.53515625,36000.0,313.1499938964844,0.0,18000.0,1.0,0.0,0.0,0.0,1.0,0.8479554057121277,1.0,0.0,0.0,3.630865812301636,3.630889654159546,8.796577048997278e-07,4.265924453735352,4.265914440155029,9.78592834144365e-06,0.0,0.0,-0.0,7219.3017578125,0.0,1508.8851318359375,1895.4371337890625,0.0,2916.12451171875,0.9007332921028136,1.0,0.0,3.0,1.0,0.0
12406860,297.18975830078125,297.1499938964844,293.1499938964844,0.0,-0.0,285.1823425292969,0.8311723470687866,0.2844659090042114,0.2574643194675445,297.3968200683594,297.1499938964844,293.1499938964844,0.0,-0.0,285.1819152832031,0.9990000128746032,0.648127555847168,0.471664696931839,297.377685546875,297.1499938964844,293.1499938964844,0.0,-0.0,285.1820068359375,0.9529076814651488,0.4237772524356842,0.2966483235359192,297.2281799316406,297.1499938964844,293.1499938964844,0.0,-0.0,285.1821594238281,0.8872619271278381,0.3482288420200348,0.3309738934040069,297.1886291503906,297.1499938964844,293.1499938964844,0.0,-0.0,285.1825866699219,0.7747564315795898,0.2295870929956436,1.040198802947998,285.1820068359375,284.95001220703125,297.36627197265625,292.04962158203125,297.33380126953125,297.3241882324219,285.18084716796875,1.0,0.5298569798469543,0.260787159204483,0.260787159204483,1.0,1.0,-2.877857685089112,0.4731161594390869,2.4047415256500244,-0.1784580498933792,0.9026439189910888,0.9026439189910888,0.0,113.32356262207033,135.0,45401.39453125,0.0,1915.3004150390625,1.0,280.65789794921875,283.63818359375,295.0958557128906,298.0513610839844,293.1499938964844,293.1499938964844,280.3500061035156,35660.1484375,36000.0,313.1499938964844,0.0,18000.0,1.0,0.0,0.0,0.0,1.0,0.8614412546157837,1.0,0.0,0.0,3.6443300247192383,3.644353866577149,8.86193788574019e-07,4.265924453735352,4.265914440155029,9.78592834144365e-06,0.0,0.0,-0.0,7416.55615234375,0.0,1524.3306884765625,1895.4371337890625,0.0,3042.52294921875,0.903766632080078,1.0,0.0,3.0,1.0,0.0
12406920,297.18975830078125,297.1499938964844,293.1499938964844,0.0,-0.0,285.1823425292969,0.8311723470687866,0.2844659090042114,0.2574643194675445,297.3968200683594,297.1499938964844,293.1499938964844,0.0,-0.0,285.1819152832031,0.9990000128746032,0.648127555847168,0.471664696931839,297.377685546875,297.1499938964844,293.1499938964844,0.0,-0.0,285.1820068359375,0.9529076814651488,0.4237772524356842,0.2966483235359192,297.2281799316406,297.1499938964844,293.1499938964844,0.0,-0.0,285.1821594238281,0.8872619271278381,0.3482288420200348,0.3309738934040069,297.1886291503906,297.1499938964844,293.1499938964844,0.0,-0.0,285.1825866699219,0.7747564315795898,0.2295870929956436,1.040198802947998,285.1820068359375,284.95001220703125,297.36627197265625,292.04962158203125,297.33380126953125,297.3241882324219,285.18084716796875,1.0,0.5298569798469543,0.260787159204483,0.260787159204483,1.0,1.0,-2.877857685089112,0.4731161594390869,2.4047415256500244,-0.1784580498933792,0.9026439189910888,0.9026439189910888,0.0,113.32356262207033,135.0,45401.39453125,0.0,1915.3004150390625,1.0,280.65789794921875,283.63818359375,295.0958557128906,298.0513610839844,293.1499938964844,293.1499938964844,280.3500061035156,35660.1484375,36000.0,313.1499938964844,0.0,18000.0,1.0,0.0,0.0,0.0,1.0,0.8614412546157837,1.0,0.0,0.0,3.6443300247192383,3.644353866577149,8.86193788574019e-07,4.265924453735352,4.265914440155029,9.78592834144365e-06,0.0,0.0,-0.0,7416.55615234375,0.0,1524.3306884765625,1895.4371337890625,0.0,3042.52294921875,0.903766632080078,1.0,0.0,3.0,1.0,0.0
12406980,297.1795349121094,297.1499938964844,293.1499938964844,0.0,-0.0,285.0066833496094,0.820943295955658,0.2839406430721283,0.2573752403259277,297.3773193359375,297.1499938964844,293.1499938964844,0.0,-0.0,285.0064697265625,0.9990000128746032,0.6493328809738159,0.4906482100486755,297.3650817871094,297.1499938964844,293.1499938964844,0.0,-0.0,285.00653076171875,0.940653383731842,0.4253903925418854,0.2980720996856689,297.2201232910156,297.1499938964844,293.1499938964844,0.0,-0.0,285.006591796875,0.8759389519691467,0.3484123051166534,0.3315575122833252,297.184326171875,297.1499938964844,293.1499938964844,0.0,-0.0,285.0068054199219,0.7650643587112427,0.2296476662158966,1.0422613620758057,285.0065002441406,284.95001220703125,297.3504333496094,292.0458374023437,297.3177795410156,297.3082580566406,285.0062255859375,1.0,0.5377751588821411,0.2627716064453125,0.2627716064453125,1.0,1.0,-2.905435085296631,0.4849278926849365,2.4205071926116943,-0.1730894893407821,0.9019131064414978,0.9019131064414978,0.0,119.23776245117188,153.0,47001.99609375,0.0,1989.4542236328125,1.0,280.3582458496094,283.4366760253906,295.1059875488281,298.1744384765625,293.1499938964844,293.1499938964844,280.04998779296875,35831.9296875,36000.0,313.1499938964844,0.0,18000.0,1.0,0.0,0.0,0.0,1.0,0.8765860795974731,1.0,0.0,0.0,3.65114164352417,3.651165723800659,8.895096925698454e-07,4.265924453735352,4.265914440155029,9.78592834144365e-06,0.0,0.0,-0.0,7587.453125,0.0,1533.1812744140625,1895.4371337890625,0.0,3184.5791015625,0.905403733253479,1.0,0.0,3.0,1.0,0.0
12407040,297.1795349121094,297.1499938964844,293.1499938964844,0.0,-0.0,285.0066833496094,0.820943295955658,0.2839406430721283,0.2573752403259277,297.3773193359375,297.1499938964844,293.1499938964844,0.0,-0.0,285.0064697265625,0.9990000128746032,0.6493328809738159,0.4906482100486755,297.3650817871094,297.1499938964844,293.1499938964844,0.0,-0.0,285.00653076171875,0.940653383731842,0.4253903925418854,0.2980720996856689,297.2201232910156,297.1499938964844,293.1499938964844,0.0,-0.0,285.006591796875,0.8759389519691467,0.3484123051166534,0.3315575122833252,297.184326171875,297.1499938964844,293.1499938964844,0.0,-0.0,285.0068054199219,0.7650643587112427,0.2296476662158966,1.0422613620758057,285.0065002441406,284.95001220703125,297.3504333496094,292.0458374023437,297.3177795410156,297.3082580566406,285.0062255859375,1.0,0.5377751588821411,0.2627716064453125,0.2627716064453125,1.0,1.0,-2.905435085296631,0.4849278926849365,2.4205071926116943,-0.1730894893407821,0.9019131064414978,0.9019131064414978,0.0,119.23776245117188,153.0,47001.99609375,0.0,1989.4542236328125,1.0,280.3582458496094,283.4366760253906,295.1059875488281,298.1744384765625,293.1499938964844,293.1499938964844,280.04998779296875,35831.9296875,36000.0,313.1499938964844,0.0,18000.0,1.0,0.0,0.0,0.0,1.0,0.8765860795974731,1.0,0.0,0.0,3.65114164352417,3.651165723800659,8.895096925698454e-07,4.265924453735352,4.265914440155029,9.78592834144365e-06,0.0,0.0,-0.0,7587.453125,0.0,1533.1812744140625,1895.4371337890625,0.0,3184.5791015625,0.905403733253479,1.0,0.0,3.0,1.0,0.0
12407100,297.1730041503906,297.1499938964844,293.1499938964844,0.0,-0.0,284.8815612792969,0.813122570514679,0.2834912240505218,0.2571914494037628,297.3490600585937,297.1499938964844,293.1499938964844,0.0,-0.0,284.8786926269531,0.9990000128746032,0.6480066776275635,0.5053330659866333,297.3572692871094,297.1499938964844,293.1499938964844,0.0,-0.0,284.8794860839844,0.9307147264480592,0.4259876906871795,0.2986643314361572,297.2142028808594,297.1499938964844,293.1499938964844,0.0,-0.0,284.8804016113281,0.8673837780952454,0.3482751250267029,0.3316651880741119,297.1800842285156,297.1499938964844,293.1499938964844,0.0,-0.0,284.88311767578125,0.757709801197052,0.2294512242078781,1.042490005493164,284.8794250488281,284.95001220703125,297.3425598144531,292.0439758300781,297.3017272949219,297.2899169921875,284.871826171875,1.0,0.5432429909706116,0.2637638449668884,0.2637638449668884,1.0,1.0,-2.923975944519043,0.4920451939105987,2.4319307804107666,-0.1701715886592865,0.9002208113670349,0.9002208113670349,0.0,123.85265350341795,153.0,48325.109375,0.0,2043.2340087890625,1.0,280.1012268066406,283.2809753417969,295.1243591308594,298.32421875,293.1499938964844,293.1499938964844,280.04998779296875,35942.89453125,36000.0,313.1499938964844,0.0,18000.0,1.0,0.0,0.0,0.0,1.0,0.8856601715087891,1.0,0.0,0.0,3.6519508361816406,3.65197491645813,8.899040153664828e-07,4.265924453735352,4.265914440155029,9.78592834144365e-06,0.0,0.0,-0.0,7392.49658203125,0.0,1534.91259765625,1895.4371337890625,0.0,3269.599609375,0.905626118183136,1.0,0.0,3.0,1.0,0.0
12407160,297.165771484375,297.1499938964844,293.1499938964844,0.0,-0.0,284.8445129394531,0.8037554025650024,0.2829237282276153,0.2568749487400055,297.3095092773437,297.1499938964844,293.1499938964844,0.0,-0.0,284.8444519042969,0.9990000128746032,0.645388662815094,0.522570788860321,297.3486328125,297.1499938964844,293.1499938964844,0.0,-0.0,284.844482421875,0.9192184209823608,0.4264520406723022,0.29913529753685,297.2072448730469,297.1499938964844,293.1499938964844,0.0,-0.0,284.844482421875,0.8577677011489868,0.3479998111724853,0.3316238820552826,297.1746826171875,297.1499938964844,293.1499938964844,0.0,-0.0,284.8445739746094,0.7494354844093323,0.2291095852851867,1.0420669317245483,284.844482421875,284.95001220703125,297.33465576171875,292.0421142578125,297.2812194824219,297.2657165527344,284.8447265625,1.0,0.549447774887085,0.2645730674266815,0.2645730674266815,1.0,1.0,-2.944319009780884,0.4991985261440277,2.4451205730438232,-0.1676007956266403,0.8991163969039917,0.8991163969039917,0.0,129.369384765625,171.0,48684.1171875,0.0,2105.2568359375,1.0,280.0582580566406,283.24664306640625,295.09814453125,298.2708740234375,293.1499938964844,293.1499938964844,280.3500061035156,36034.33203125,36000.0,313.1499938964844,0.0,18000.0,1.0,0.0,0.0,0.0,1.0,0.8902613520622253,1.0,0.0,0.0,3.650426864624024,3.6504509449005127,8.891613560990663e-07,4.265924453735352,4.265914440155029,9.78592834144365e-06,0.0,0.0,-0.0,6934.607421875,0.0,1533.900390625,1895.4371337890625,0.0,3312.651611328125,0.9053818583488464,1.0,0.0,3.0,1.0,0.0
12407220,297.1659851074219,297.1499938964844,293.1499938964844,0.0,-0.0,285.06109619140625,0.7852578163146973,0.2831270098686218,0.2570521831512451,297.2240905761719,297.1499938964844,293.1499938964844,0.0,-0.0,285.0624389648437,0.9990000128746032,0.6387549042701721,0.5596675276756287,297.34796142578125,297.1499938964844,293.1499938964844,0.0,-0.0,285.0619812011719,0.8983745574951172,0.4288769364356994,0.3007788062095642,297.20562744140625,297.1499938964844,293.1499938964844,0.0,-0.0,285.06158447265625,0.8395462036132812,0.3485408723354339,0.3321921229362488,297.1715393066406,297.1499938964844,293.1499938964844,0.0,-0.0,285.0604858398437,0.7336780428886414,0.229090541601181,1.0428829193115234,285.0620422363281,284.95001220703125,297.31890869140625,292.0383605957031,297.251953125,297.2323608398437,285.06573486328125,1.0,0.5636619925498962,0.2661914825439453,0.2661914825439453,1.0,1.0,-2.99275016784668,0.5154783129692078,2.477271795272827,-0.1622813194990158,0.902277171611786,0.902277171611786,0.0,141.9784698486328,174.0,48019.921875,0.0,2253.488525390625,1.0,280.3421936035156,283.4776306152344,295.0184020996094,298.0777587890625,293.1499938964844,293.1499938964844,280.04998779296875,35879.77734375,36000.0,313.1499938964844,0.0,18000.0,1.0,0.0,0.0,0.0,1.0,0.8822198510169983,1.0,0.0,0.0,3.653842687606812,3.653866767883301,8.908261861506617e-07,4.265924453735352,4.265914440155029,9.78592834144365e-06,0.0,0.0,-0.0,7630.71240234375,0.0,1536.54736328125,1895.4371337890625,0.0,3237.380859375,0.906072437763214,1.0,0.0,3.0,1.0,0.0
12407280,297.1659851074219,297.1499938964844,293.1499938964844,0.0,-0.0,285.06109619140625,0.7852578163146973,0.2831270098686218,0.2570521831512451,297.2240905761719,297.1499938964844,293.1499938964844,0.0,-0.0,285.0624389648437,0.9990000128746032,0.6387549042701721,0.5596675276756287,297.34796142578125,297.1499938964844,293.1499938964844,0.0,-0.0,285.0619812011719,0.8983745574951172,0.4288769364356994,0.3007788062095642,297.20562744140625,297.1499938964844,293.1499938964844,0.0,-0.0,285.06158447265625,0.8395462036132812,0.3485408723354339,0.3321921229362488,297.1715393066406,297.1499938964844,293.1499938964844,0.0,-0.0,285.0604858398437,0.7336780428886414,0.229090541601181,1.0428829193115234,285.0620422363281,284.95001220703125,297.31890869140625,292.0383605957031,297.251953125,297.2323608398437,285.06573486328125,1.0,0.5636619925498962,0.2661914825439453,0.2661914825439453,1.0,1.0,-2.99275016784668,0.5154783129692078,2.477271795272827,-0.1622813194990158,0.902277171611786,0.902277171611786,0.0,141.9784698486328,174.0,48019.921875,0.0,2253.488525390625,1.0,280.3421936035156,283.4776306152344,295.0184020996094,298.0777587890625,293.1499938964844,293.1499938964844,280.04998779296875,35879.77734375,36000.0,313.1499938964844,0.0,18000.0,1.0,0.0,0.0,0.0,1.0,0.8822198510169983,1.0,0.0,0.0,3.653842687606812,3.653866767883301,8.908261861506617e-07,4.265924453735352,4.265914440155029,9.78592834144365e-06,0.0,0.0,-0.0,7630.71240234375,0.0,1536.54736328125,1895.4371337890625,0.0,3237.380859375,0.906072437763214,1.0,0.0,3.0,1.0,0.0
12407340,297.1628723144531,297.1499938964844,293.1499938964844,0.0,-0.0,284.9331359863281,0.7730768322944641,0.283025711774826,0.257520318031311,297.1206970214844,297.1499938964844,293.1499938964844,0.0,-0.0,284.93316650390625,0.9990000128746032,0.6292319893836975,0.5870413184165955,297.34326171875,297.1499938964844,293.1499938964844,0.0,-0.0,284.9331359863281,0.8856656551361084,0.4309251010417938,0.3026572167873382,297.2024841308594,297.1499938964844,293.1499938964844,0.0,-0.0,284.9331359863281,0.827828586101532,0.3489389419555664,0.3330933451652527,297.1678771972656,297.1499938964844,293.1499938964844,0.0,-0.0,284.93316650390625,0.7233269214630127,0.2290010452270507,1.0447049140930176,284.9331359863281,284.95001220703125,297.3031616210937,292.0346069335937,297.235595703125,297.2157592773437,284.9334411621094,1.0,0.5743311047554016,0.2678099274635315,0.2678099274635315,1.0,1.0,-3.0317742824554443,0.5295535326004028,2.502220630645752,-0.1566311120986938,0.9009735584259032,0.9009735584259032,0.0,151.92567443847656,177.0,49806.54296875,0.0,2375.078857421875,1.0,280.05780029296875,283.3153991699219,295.0819702148437,298.30474853515625,293.1499938964844,293.1499938964844,279.75,35982.9375,36000.0,313.1499938964844,0.0,18000.0,1.0,0.0,0.0,0.0,1.0,0.8951748013496399,1.0,0.0,0.0,3.6551859378814697,3.65520977973938,8.914812497096136e-07,4.265924453735352,4.265914440155029,9.78592834144365e-06,0.0,0.0,-0.0,7874.529296875,0.0,1538.81787109375,1895.4371337890625,0.0,3358.56640625,0.9064193964004515,1.0,0.0,3.0,1.0,0.0
12407400,297.1628723144531,297.1499938964844,293.1499938964844,0.0,-0.0,284.9331359863281,0.7730768322944641,0.283025711774826,0.257520318031311,297.1206970214844,297.1499938964844,293.1499938964844,0.0,-0.0,284.93316650390625,0.9990000128746032,0.6292319893836975,0.5870413184165955,297.34326171875,297.1499938964844,293.1499938964844,0.0,-0.0,284.9331359863281,0.8856656551361084,0.4309251010417938,0.3026572167873382,297.2024841308594,297.1499938964844,293.1499938964844,0.0,-0.0,284.9331359863281,0.827828586101532,0.3489389419555664,0.3330933451652527,297.1678771972656,297.1499938964844,293.1499938964844,0.0,-0.0,284.93316650390625,0.7233269214630127,0.2290010452270507,1.0447049140930176,284.9331359863281,284.95001220703125,297.3031616210937,292.0346069335937,297.235595703125,297.2157592773437,284.9334411621094,1.0,0.5743311047554016,0.2678099274635315,0.2678099274635315,1.0,1.0,-3.0317742824554443,0.5295535326004028,2.502220630645752,-0.1566311120986938,0.9009735584259032,0.9009735584259032,0.0,151.92567443847656,177.0,49806.54296875,0.0,2375.078857421875,1.0,280.05780029296875,283.3153991699219,295.0819702148437,298.30474853515625,293.1499938964844,293.1499938964844,279.75,35982.9375,36000.0,313.1499938964844,0.0,18000.0,1.0,0.0,0.0,0.0,1.0,0.8951748013496399,1.0,0.0,0.0,3.6551859378814697,3.65520977973938,8.914812497096136e-07,4.265924453735352,4.265914440155029,9.78592834144365e-06,0.0,0.0,-0.0,7874.529296875,0.0,1538.81787109375,1895.4371337890625,0.0,3358.56640625,0.9064193964004515,1.0,0.0,3.0,1.0,0.0
12407460,297.1549987792969,297.1499938964844,293.1499938964844,0.0,-0.0,284.7809143066406,0.7627431750297546,0.28236123919487,0.257400780916214,297.04998779296875,297.1499938964844,293.1499938964844,0.0,-0.0,284.77899169921875,0.992340087890625,0.6219472289085388,0.5920270681381226,297.3338623046875,297.1499938964844,293.1499938964844,0.0,-0.0,284.7796630859375,0.8746559619903564,0.4316757023334503,0.3035616278648376,297.1953125,297.1499938964844,293.1499938964844,0.0,-0.0,284.7802124023437,0.8178064227104187,0.3486875891685486,0.3333374261856079,297.1607666015625,297.1499938964844,293.1499938964844,0.0,-0.0,284.78179931640625,0.7141855359077454,0.2284569144248962,1.044514775276184,284.7795715332031,284.95001220703125,297.2923278808594,292.0320129394531,297.2282409667969,297.2095031738281,284.7748107910156,1.0,0.5794814825057983,0.2686141431331634,0.2686141431331634,1.0,1.0,-3.0375685691833496,0.5331946015357971,2.5043740272521973,-0.1534073203802108,0.8980615139007568,0.8980615139007568,0.0,159.82652282714844,177.0,51154.8984375,0.0,2427.626220703125,1.0,279.7758483886719,283.13397216796875,295.1064758300781,298.4610595703125,293.1499938964844,293.1499938964844,279.75,36128.25,36000.0,313.1499938964844,0.0,18000.0,1.0,0.0,0.0,0.0,1.0,0.9071539640426636,1.0,0.0,0.0,3.652008056640625,3.652032136917114,8.899318686417246e-07,4.265924453735352,4.265914440155029,9.78592834144365e-06,0.0,0.0,-0.0,7632.88818359375,0.0,1536.3638916015625,1895.4371337890625,0.0,3470.1728515625,0.905781388282776,1.0,0.0,3.0,1.0,0.0
12407520,297.15045166015625,297.1499938964844,293.1499938964844,0.0,-0.0,284.7553100585937,0.7580304741859436,0.2819419801235199,0.2571828067302704,297.02667236328125,297.1499938964844,293.1499938964844,0.0,-0.0,284.7544860839844,0.9863250255584716,0.6192850470542908,0.5892761945724487,297.3285827636719,297.1499938964844,293.1499938964844,0.0,-0.0,284.7547912597656,0.8696407675743103,0.4318965077400207,0.3038361668586731,297.1910705566406,297.1499938964844,293.1499938964844,0.0,-0.0,284.7550048828125,0.8130975365638733,0.3484581410884857,0.3332922458648681,297.156494140625,297.1499938964844,293.1499938964844,0.0,-0.0,284.7557067871094,0.7096976637840271,0.2280846387147903,1.0437101125717163,284.7547302246094,284.95001220703125,297.2873840332031,292.03082275390625,297.221923828125,297.2027893066406,284.7527160644531,1.0,0.5811513066291809,0.2689817249774933,0.2689817249774933,1.0,1.0,-3.03456449508667,0.5334506034851074,2.5011138916015625,-0.152773231267929,0.8969577550888062,0.8969577550888062,0.0,163.34474182128906,180.0,51156.20703125,0.0,2439.25830078125,1.0,279.7582092285156,283.1121520996094,295.0873107910156,298.4220275878906,293.1499938964844,293.1499938964844,280.04998779296875,36179.85546875,36000.0,313.1499938964844,0.0,18000.0,1.0,0.0,0.0,0.0,1.0,0.909501850605011,1.0,0.0,0.0,3.6493148803710938,3.649338960647583,8.886197520041605e-07,4.265924453735352,4.265914440155029,9.78592834144365e-06,0.0,0.0,-0.0,7170.2900390625,0.0,1533.7518310546875,1895.4371337890625,0.0,3491.97998046875,0.90522962808609,1.0,0.0,3.0,1.0,0.0
12407580,297.1480407714844,297.1499938964844,293.1499938964844,0.0,-0.0,284.9167175292969,0.7480952143669128,0.2816833257675171,0.2569361925125122,296.99786376953125,297.1499938964844,293.1499938964844,0.0,-0.0,284.9172668457031,0.9720306992530824,0.6147451996803284,0.5840575098991394,297.32550048828125,297.1499938964844,293.1499938964844,0.0,-0.0,284.9170837402344,0.8593997955322266,0.4338250756263733,0.3051303029060364,297.1876220703125,297.1499938964844,293.1499938964844,0.0,-0.0,284.9169311523437,0.8024750351905823,0.3486109375953674,0.3334771394729614,297.14990234375,297.1499938964844,293.1499938964844,0.0,-0.0,284.9164733886719,0.6993148326873779,0.2274848967790603,1.0416536331176758,284.9170837402344,284.95001220703125,297.27154541015625,292.0269775390625,297.2138366699219,297.19683837890625,284.91827392578125,1.0,0.5850073099136353,0.2701535224914551,0.2701535224914551,1.0,1.0,-3.027286529541016,0.5348089337348938,2.4924776554107666,-0.1499681174755096,0.8978236317634583,0.8978236317634583,0.0,171.63685607910156,183.0,49755.47265625,0.0,2468.569580078125,1.0,280.04217529296875,283.30126953125,294.9995422363281,298.1835327148437,293.1499938964844,293.1499938964844,280.3500061035156,36073.4296875,36000.0,313.1499938964844,0.0,18000.0,1.0,0.0,0.0,0.0,1.0,0.9002363085746765,1.0,0.0,0.0,3.6457560062408447,3.645780086517334,8.868874488143774e-07,4.265924453735352,4.265914440155029,9.78592834144365e-06,0.0,0.0,-0.0,6981.92919921875,0.0,1529.0008544921875,1895.4371337890625,0.0,3405.787109375,0.90438973903656,1.0,0.0,3.0,1.0,0.0
12407640,297.1480407714844,297.1499938964844,293.1499938964844,0.0,-0.0,284.9167175292969,0.7480952143669128,0.2816833257675171,0.2569361925125122,296.99786376953125,297.1499938964844,293.1499938964844,0.0,-0.0,284.9172668457031,0.9720306992530824,0.6147451996803284,0.5840575098991394,297.32550048828125,297.1499938964844,293.1499938964844,0.0,-0.0,284.9170837402344,0.8593997955322266,0.4338250756263733,0.3051303029060364,297.1876220703125,297.1499938964844,293.1499938964844,0.0,-0.0,284.9169311523437,0.8024750351905823,0.3486109375953674,0.3334771394729614,297.14990234375,297.1499938964844,293.1499938964844,0.0,-0.0,284.9164733886719,0.6993148326873779,0.2274848967790603,1.0416536331176758,284.9170837402344,284.95001220703125,297.27154541015625,292.0269775390625,297.2138366699219,297.19683837890625,284.91827392578125,1.0,0.5850073099136353,0.2701535224914551,0.2701535224914551,1.0,1.0,-3.027286529541016,0.5348089337348938,2.4924776554107666,-0.1499681174755096,0.8978236317634583,0.8978236317634583,0.0,171.63685607910156,183.0,49755.47265625,0.0,2468.569580078125,1.0,280.04217529296875,283.30126953125,294.9995422363281,298.1835327148437,293.1499938964844,293.1499938964844,280.3500061035156,36073.4296875,36000.0,313.1499938964844,0.0,18000.0,1.0,0.0,0.0,0.0,1.0,0.9002363085746765,1.0,0.0,0.0,3.6457560062408447,3.645780086517334,8.868874488143774e-07,4.265924453735352,4.265914440155029,9.78592834144365e-06,0.0,0.0,-0.0,6981.92919921875,0.0,1529.0008544921875,1895.4371337890625,0.0,3405.787109375,0.90438973903656,1.0,0.0,3.0,1.0,0.0
12407700,297.1513671875,297.1499938964844,293.1499938964844,0.0,-0.0,285.05322265625,0.7455799579620361,0.2819942533969879,0.2571710348129272,296.9978942871094,297.1499938964844,293.1499938964844,0.0,-0.0,285.0569152832031,0.9677606225013732,0.6137793660163879,0.5828862190246582,297.3290100097656,297.1499938964844,293.1499938964844,0.0,-0.0,285.0556640625,0.8570392727851868,0.4352767467498779,0.3060901165008545,297.1901550292969,297.1499938964844,293.1499938964844,0.0,-0.0,285.0545654296875,0.7996584177017212,0.3490967750549316,0.3338980674743652,297.1502990722656,297.1499938964844,293.1499938964844,0.0,-0.0,285.051513671875,0.6964845061302185,0.2275221198797226,1.0417559146881104,285.0557861328125,284.95001220703125,297.2635803222656,292.0250244140625,297.21405029296875,297.1993713378906,285.0643005371094,1.0,0.5866171717643738,0.2707394063472748,0.2707394063472748,1.0,1.0,-3.02793836593628,0.5365681648254395,2.49137020111084,-0.1484228670597076,0.8998669385910034,0.8998669385910034,0.0,174.27061462402344,183.0,48593.8828125,0.0,2483.3828125,1.0,280.2986755371094,283.4649963378906,294.9620056152344,298.01348876953125,293.1499938964844,293.1499938964844,280.3500061035156,35965.66015625,36000.0,313.1499938964844,0.0,18000.0,1.0,0.0,0.0,0.0,1.0,0.892046332359314,1.0,0.0,0.0,3.646600008010864,3.6466238498687744,8.87298028828809e-07,4.265924453735352,4.265914440155029,9.78592834144365e-06,0.0,0.0,-0.0,7177.15625,0.0,1529.13232421875,1895.4371337890625,0.0,3329.339599609375,0.9045425653457642,1.0,0.0,3.0,1.0,0.0
12407760,297.1568603515625,297.1499938964844,293.1499938964844,0.0,-0.0,285.1068115234375,0.7441622614860535,0.2825433313846588,0.2576607167720794,297.0030212402344,297.1499938964844,293.1499938964844,0.0,-0.0,285.10748291015625,0.9649003148078918,0.6133188605308533,0.5823491811752319,297.3347473144531,297.1499938964844,293.1499938964844,0.0,-0.0,285.10723876953125,0.8558958768844604,0.4369752705097198,0.3072696030139923,297.19482421875,297.1499938964844,293.1499938964844,0.0,-0.0,285.1070556640625,0.7980329394340515,0.3498087525367737,0.3345655798912048,297.15283203125,297.1499938964844,293.1499938964844,0.0,-0.0,285.10650634765625,0.6947792768478394,0.2277714610099792,1.0428355932235718,285.1072692871094,284.95001220703125,297.255615234375,292.0230712890625,297.2159118652344,297.2041320800781,285.1088256835937,1.0,0.5882008671760559,0.2716080546379089,0.2716080546379089,1.0,1.0,-3.031395435333252,0.5397601127624512,2.491635322570801,-0.1460628658533096,0.901478111743927,0.901478111743927,0.0,176.23744201660156,186.0,48465.953125,0.0,2500.012939453125,1.0,280.3416748046875,283.5122985839844,294.9776306152344,298.0619506835937,293.1499938964844,293.1499938964844,280.04998779296875,35870.44921875,36000.0,313.1499938964844,0.0,18000.0,1.0,0.0,0.0,0.0,1.0,0.8880994915962219,1.0,0.0,0.0,3.6498947143554688,3.649918794631958,8.889022069524799e-07,4.265924453735352,4.265914440155029,9.78592834144365e-06,0.0,0.0,-0.0,7665.96435546875,0.0,1532.0821533203125,1895.4371337890625,0.0,3292.4296875,0.9051828980445862,1.0,0.0,3.0,1.0,0.0
12407820,297.1553955078125,297.1499938964844,293.1499938964844,0.0,-0.0,284.93682861328125,0.7407323718070984,0.2825016379356384,0.2581231296062469,296.9992370605469,297.1499938964844,293.1499938964844,0.0,-0.0,284.9361877441406,0.9585612416267396,0.6110950112342834,0.5808473229408264,297.3321533203125,297.1499938964844,293.1499938964844,0.0,-0.0,284.9364013671875,0.852992832660675,0.4390734136104584,0.3091416358947754,297.19403076171875,297.1499938964844,293.1499938964844,0.0,-0.0,284.93658447265625,0.794283390045166,0.35031259059906,0.3355010449886322,297.1521911621094,297.1499938964844,293.1499938964844,0.0,-0.0,284.9371337890625,0.691066563129425,0.2277521640062332,1.0443657636642456,284.9364013671875,284.95001220703125,297.2396240234375,292.01904296875,297.2113342285156,297.2030029296875,284.9349060058594,1.0,0.5910261869430542,0.2733453214168548,0.2733453214168548,1.0,1.0,-3.0353708267211914,0.5455086827278137,2.4898622035980225,-0.1410873532295227,0.8999321460723877,0.8999321460723877,0.0,180.31280517578125,189.0,49739.87890625,0.0,2528.545654296875,1.0,280.05780029296875,283.3168334960937,295.0516357421875,298.2785949707031,293.1499938964844,293.1499938964844,279.75,35988.03515625,36000.0,313.1499938964844,0.0,18000.0,1.0,0.0,0.0,0.0,1.0,0.8984927535057068,1.0,0.0,0.0,3.651182651519776,3.6512067317962646,8.895296446098655e-07,4.265924453735352,4.265914440155029,9.78592834144365e-06,0.0,0.0,-0.0,7863.93115234375,0.0,1534.3951416015625,1895.4371337890625,0.0,3389.53076171875,0.9055235385894777,1.0,0.0,3.0,1.0,0.0
12407880,297.1553955078125,297.1499938964844,293.1499938964844,0.0,-0.0,284.93682861328125,0.7407323718070984,0.2825016379356384,0.2581231296062469,296.9992370605469,297.1499938964844,293.1499938964844,0.0,-0.0,284.9361877441406,0.9585612416267396,0.6110950112342834,0.5808473229408264,297.3321533203125,297.1499938964844,293.1499938964844,0.0,-0.0,284.9364013671875,0.852992832660675,0.4390734136104584,0.3091416358947754,297.19403076171875,297.1499938964844,293.1499938964844,0.0,-0.0,284.93658447265625,0.794283390045166,0.35031259059906,0.3355010449886322,297.1521911621094,297.1499938964844,293.1499938964844,0.0,-0.0,284.9371337890625,0.691066563129425,0.2277521640062332,1.0443657636642456,284.9364013671875,284.95001220703125,297.2396240234375,292.01904296875,297.2113342285156,297.2030029296875,284.9349060058594,1.0,0.5910261869430542,0.2733453214168548,0.2733453214168548,1.0,1.0,-3.0353708267211914,0.5455086827278137,2.4898622035980225,-0.1410873532295227,0.8999321460723877,0.8999321460723877,0.0,180.31280517578125,189.0,49739.87890625,0.0,2528.545654296875,1.0,280.05780029296875,283.3168334960937,295.0516357421875,298.2785949707031,293.1499938964844,293.1499938964844,279.75,35988.03515625,36000.0,313.1499938964844,0.0,18000.0,1.0,0.0,0.0,0.0,1.0,0.8984927535057068,1.0,0.0,0.0,3.651182651519776,3.6512067317962646,8.895296446098655e-07,4.265924453735352,4.265914440155029,9.78592834144365e-06,0.0,0.0,-0.0,7863.93115234375,0.0,1534.3951416015625,1895.4371337890625,0.0,3389.53076171875,0.9055235385894777,1.0,0.0,3.0,1.0,0.0
12407940,297.1429443359375,297.1499938964844,293.1499938964844,0.0,-0.0,284.7400817871094,0.7355795502662659,0.2813157141208648,0.2574537098407745,296.9828186035156,297.1499938964844,293.1499938964844,0.0,-0.0,284.7393493652344,0.950011909008026,0.6075322031974792,0.5779621601104736,297.3183288574219,297.1499938964844,293.1499938964844,0.0,-0.0,284.7395935058594,0.8483749628067017,0.4399864077568054,0.3100815713405609,297.1830444335937,297.1499938964844,293.1499938964844,0.0,-0.0,284.73980712890625,0.7888008952140808,0.349766343832016,0.3353932499885559,297.1441955566406,297.1499938964844,293.1499938964844,0.0,-0.0,284.7404479980469,0.6857768297195435,0.2269777953624725,1.0425916910171509,284.73956298828125,284.95001220703125,297.2234802246094,292.014892578125,297.19879150390625,297.1915588378906,284.73779296875,1.0,0.5930039286613464,0.2750826179981231,0.2750826179981231,1.0,1.0,-3.0299737453460693,0.5488767623901367,2.4810969829559326,-0.1364283561706543,0.8955225348472595,0.8955225348472595,0.0,184.9814910888672,177.0,50912.94921875,0.0,2542.460693359375,1.0,279.7582397460937,283.1006164550781,295.0581970214844,298.3773193359375,293.1499938964844,293.1499938964844,280.04998779296875,36204.6953125,36000.0,313.1499938964844,0.0,18000.0,1.0,0.0,0.0,0.0,1.0,0.9101055860519408,1.0,0.0,0.0,3.644310474395752,3.644334554672241,8.861842957230692e-07,4.265924453735352,4.265914440155029,9.78592834144365e-06,0.0,0.0,-0.0,7142.74853515625,0.0,1528.3770751953125,1895.4371337890625,0.0,3497.583740234375,0.9041281342506408,1.0,0.0,3.0,1.0,0.0
12408000,297.1429443359375,297.1499938964844,293.1499938964844,0.0,-0.0,284.7400817871094,0.7355795502662659,0.2813157141208648,0.2574537098407745,296.9828186035156,297.1499938964844,293.1499938964844,0.0,-0.0,284.7393493652344,0.950011909008026,0.6075322031974792,0.5779621601104736,297.3183288574219,297.1499938964844,293.1499938964844,0.0,-0.0,284.7395935058594,0.8483749628067017,0.4399864077568054,0.3100815713405609,297.1830444335937,297.1499938964844,293.1499938964844,0.0,-0.0,284.73980712890625,0.7888008952140808,0.349766343832016,0.3353932499885559,297.1441955566406,297.1499938964844,293.1499938964844,0.0,-0.0,284.7404479980469,0.6857768297195435,0.2269777953624725,1.0425916910171509,284.73956298828125,284.95001220703125,297.2234802246094,292.014892578125,297.19879150390625,297.1915588378906,284.73779296875,1.0,0.5930039286613464,0.2750826179981231,0.2750826179981231,1.0,1.0,-3.0299737453460693,0.5488767623901367,2.4810969829559326,-0.1364283561706543,0.8955225348472595,0.8955225348472595,0.0,184.9814910888672,177.0,50912.94921875,0.0,2542.460693359375,1.0,279.7582397460937,283.1006164550781,295.0581970214844,298.3773193359375,293.1499938964844,293.1499938964844,280.04998779296875,36204.6953125,36000.0,313.1499938964844,0.0,18000.0,1.0,0.0,0.0,0.0,1.0,0.9101055860519408,1.0,0.0,0.0,3.644310474395752,3.644334554672241,8.861842957230692e-07,4.265924453735352,4.265914440155029,9.78592834144365e-06,0.0,0.0,-0.0,7142.74853515625,0.0,1528.3770751953125,1895.4371337890625,0.0,3497.583740234375,0.9041281342506408,1.0,0.0,3.0,1.0,0.0
12408060,297.1419982910156,297.1499938964844,293.1499938964844,0.0,-0.0,284.9042053222656,0.7373703718185425,0.2811090648174286,0.2567986249923706,296.9826354980469,297.1499938964844,293.1499938964844,0.0,-0.0,284.9047241210937,0.9520330429077148,0.6053701639175415,0.5753082633018494,297.3179931640625,297.1499938964844,293.1499938964844,0.0,-0.0,284.9045715332031,0.8521405458450317,0.4420618712902069,0.3111204802989959,297.1806640625,297.1499938964844,293.1499938964844,0.0,-0.0,284.9043884277344,0.7914062142372131,0.3499266505241394,0.3351301550865173,297.1417541503906,297.1499938964844,293.1499938964844,0.0,-0.0,284.9039306640625,0.6876127123832703,0.2266455441713333,1.0395793914794922,284.9045715332031,284.95001220703125,297.2071838378906,292.0106201171875,297.1939392089844,297.18994140625,284.90576171875,1.0,0.590164065361023,0.2766462862491607,0.2766462862491607,1.0,1.0,-3.0232994556427,0.5514575839042664,2.471841812133789,-0.1324650198221206,0.8962437510490417,0.8962437510490417,0.0,182.1348114013672,165.0,49527.984375,0.0,2515.1611328125,1.0,280.0421142578125,283.2914428710937,294.9767150878906,298.1447448730469,293.1499938964844,293.1499938964844,280.3500061035156,36094.66015625,36000.0,313.1499938964844,0.0,18000.0,1.0,0.0,0.0,0.0,1.0,0.8995476961135864,1.0,0.0,0.0,3.639953136444092,3.639977216720581,8.840664236231532e-07,4.265924453735352,4.265914440155029,9.78592834144365e-06,0.0,0.0,-0.0,6958.12353515625,0.0,1522.72607421875,1895.4371337890625,0.0,3399.367919921875,0.9031073451042176,1.0,0.0,3.0,1.0,0.0
12408120,297.1419982910156,297.1499938964844,293.1499938964844,0.0,-0.0,284.9042053222656,0.7373703718185425,0.2811090648174286,0.2567986249923706,296.9826354980469,297.1499938964844,293.1499938964844,0.0,-0.0,284.9047241210937,0.9520330429077148,0.6053701639175415,0.5753082633018494,297.3179931640625,297.1499938964844,293.1499938964844,0.0,-0.0,284.9045715332031,0.8521405458450317,0.4420618712902069,0.3111204802989959,297.1806640625,297.1499938964844,293.1499938964844,0.0,-0.0,284.9043884277344,0.7914062142372131,0.3499266505241394,0.3351301550865173,297.1417541503906,297.1499938964844,293.1499938964844,0.0,-0.0,284.9039306640625,0.6876127123832703,0.2266455441713333,1.0395793914794922,284.9045715332031,284.95001220703125,297.2071838378906,292.0106201171875,297.1939392089844,297.18994140625,284.90576171875,1.0,0.590164065361023,0.2766462862491607,0.2766462862491607,1.0,1.0,-3.0232994556427,0.5514575839042664,2.471841812133789,-0.1324650198221206,0.8962437510490417,0.8962437510490417,0.0,182.1348114013672,165.0,49527.984375,0.0,2515.1611328125,1.0,280.0421142578125,283.2914428710937,294.9767150878906,298.1447448730469,293.1499938964844,293.1499938964844,280.3500061035156,36094.66015625,36000.0,313.1499938964844,0.0,18000.0,1.0,0.0,0.0,0.0,1.0,0.8995476961135864,1.0,0.0,0.0,3.639953136444092,3.639977216720581,8.840664236231532e-07,4.265924453735352,4.265914440155029,9.78592834144365e-06,0.0,0.0,-0.0,6958.12353515625,0.0,1522.72607421875,1895.4371337890625,0.0,3399.367919921875,0.9031073451042176,1.0,0.0,3.0,1.0,0.0
12408180,297.1531677246094,297.1499938964844,293.1499938964844,0.0,-0.0,285.0941772460937,0.7457484602928162,0.2821300029754638,0.2571783363819122,296.9980773925781,297.1499938964844,293.1499938964844,0.0,-0.0,285.0948181152344,0.9630753993988036,0.6048033237457275,0.5741486549377441,297.3304748535156,297.1499938964844,293.1499938964844,0.0,-0.0,285.0946350097656,0.8636038899421692,0.4454466104507446,0.3130434155464172,297.189208984375,297.1499938964844,293.1499938964844,0.0,-0.0,285.09442138671875,0.8013692498207092,0.3511718809604645,0.3357561528682709,297.1483154296875,297.1499938964844,293.1499938964844,0.0,-0.0,285.0938720703125,0.6961413025856018,0.2271972745656967,1.0395994186401367,285.0946350097656,284.95001220703125,297.19073486328125,292.00616455078125,297.1982727050781,297.2003173828125,285.0961608886719,1.0,0.5856159925460815,0.2782099545001983,0.2782099545001983,1.0,1.0,-3.025442123413086,0.556298017501831,2.469144105911255,-0.1282093226909637,0.8997287154197693,0.8997287154197693,0.0,174.01446533203125,153.0,48231.23046875,0.0,2477.258544921875,1.0,280.3417053222656,283.50262451171875,294.9584045410156,298.02752685546875,293.1499938964844,293.1499938964844,280.6499938964844,35889.5625,36000.0,313.1499938964844,0.0,18000.0,1.0,0.0,0.0,0.0,1.0,0.8870071768760681,1.0,0.0,0.0,3.643377542495728,3.6434013843536377,8.857306283971411e-07,4.265924453735352,4.265914440155029,9.78592834144365e-06,0.0,0.0,-0.0,6827.638671875,0.0,1524.9884033203125,1895.4371337890625,0.0,3282.208251953125,0.9037385582923888,1.0,0.0,3.0,1.0,0.0
12408240,297.1531677246094,297.1499938964844,293.1499938964844,0.0,-0.0,285.0941772460937,0.7457484602928162,0.2821300029754638,0.2571783363819122,296.9980773925781,297.1499938964844,293.1499938964844,0.0,-0.0,285.0948181152344,0.9630753993988036,0.6048033237457275,0.5741486549377441,297.3304748535156,297.1499938964844,293.1499938964844,0.0,-0.0,285.0946350097656,0.8636038899421692,0.4454466104507446,0.3130434155464172,297.189208984375,297.1499938964844,293.1499938964844,0.0,-0.0,285.09442138671875,0.8013692498207092,0.3511718809604645,0.3357561528682709,297.1483154296875,297.1499938964844,293.1499938964844,0.0,-0.0,285.0938720703125,0.6961413025856018,0.2271972745656967,1.0395994186401367,285.0946350097656,284.95001220703125,297.19073486328125,292.00616455078125,297.1982727050781,297.2003173828125,285.0961608886719,1.0,0.5856159925460815,0.2782099545001983,0.2782099545001983,1.0,1.0,-3.025442123413086,0.556298017501831,2.469144105911255,-0.1282093226909637,0.8997287154197693,0.8997287154197693,0.0,174.01446533203125,153.0,48231.23046875,0.0,2477.258544921875,1.0,280.3417053222656,283.50262451171875,294.9584045410156,298.02752685546875,293.1499938964844,293.1499938964844,280.6499938964844,35889.5625,36000.0,313.1499938964844,0.0,18000.0,1.0,0.0,0.0,0.0,1.0,0.8870071768760681,1.0,0.0,0.0,3.643377542495728,3.6434013843536377,8.857306283971411e-07,4.265924453735352,4.265914440155029,9.78592834144365e-06,0.0,0.0,-0.0,6827.638671875,0.0,1524.9884033203125,1895.4371337890625,0.0,3282.208251953125,0.9037385582923888,1.0,0.0,3.0,1.0,0.0
12408300,297.1605834960937,297.1499938964844,293.1499938964844,0.0,-0.0,285.23291015625,0.7516059279441833,0.2828785181045532,0.2575667202472687,297.0082092285156,297.1499938964844,293.1499938964844,0.0,-0.0,285.236572265625,0.9703205227851868,0.6048307418823242,0.5738453269004822,297.3387145996094,297.1499938964844,293.1499938964844,0.0,-0.0,285.2354736328125,0.8713123798370361,0.4473962485790252,0.314166247844696,297.19549560546875,297.1499938964844,293.1499938964844,0.0,-0.0,285.2343139648437,0.8080981969833374,0.3520359992980957,0.3362751603126526,297.153564453125,297.1499938964844,293.1499938964844,0.0,-0.0,285.2311706542969,0.7020624876022339,0.2277009487152099,1.0405094623565674,285.2355041503906,284.95001220703125,297.18243408203125,292.0038757324219,297.2020568847656,297.2076110839844,285.244140625,1.0,0.5830501914024353,0.2789917886257171,0.2789917886257171,1.0,1.0,-3.028609275817871,0.559266984462738,2.4693424701690674,-0.1259800791740417,0.9029932022094728,0.9029932022094728,0.0,168.9904022216797,153.0,47126.22265625,0.0,2457.208984375,1.0,280.5986022949219,283.6672668457031,294.9355163574219,297.8858642578125,293.1499938964844,293.1499938964844,280.6499938964844,35758.81640625,36000.0,313.1499938964844,0.0,18000.0,1.0,0.0,0.0,0.0,1.0,0.8791258931159973,1.0,0.0,0.0,3.648254156112671,3.648277997970581,8.881032158569724e-07,4.265924453735352,4.265914440155029,9.78592834144365e-06,0.0,0.0,-0.0,7025.8505859375,0.0,1529.4232177734375,1895.4371337890625,0.0,3208.388427734375,0.9047738313674928,1.0,0.0,3.0,1.0,0.0
12408360,297.1690368652344,297.1499938964844,293.1499938964844,0.0,-0.0,285.28759765625,0.7587009072303772,0.2837745249271393,0.258124440908432,297.01959228515625,297.1499938964844,293.1499938964844,0.0,-0.0,285.28826904296875,0.9784592986106871,0.6050527095794678,0.573788583278656,297.3480529785156,297.1499938964844,293.1499938964844,0.0,-0.0,285.2880554199219,0.8804489970207214,0.4495098292827606,0.3154418170452118,297.2029113769531,297.1499938964844,293.1499938964844,0.0,-0.0,285.287841796875,0.8157070279121399,0.3530515432357788,0.3369646966457367,297.1599426269531,297.1499938964844,293.1499938964844,0.0,-0.0,285.28729248046875,0.7090869545936584,0.2283487617969513,1.042112112045288,285.2880554199219,284.95001220703125,297.174072265625,292.00152587890625,297.20684814453125,297.2162780761719,285.2896423339844,1.0,0.5804263353347778,0.2797701954841614,0.2797701954841614,1.0,1.0,-3.0334980487823486,0.5626816749572754,2.470816373825073,-0.123689979314804,0.9058195948600768,0.9058195948600768,0.0,163.4857635498047,141.0,47049.21875,0.0,2437.82568359375,1.0,280.641845703125,283.71484375,294.9582214355469,297.94921875,293.1499938964844,293.1499938964844,280.3500061035156,35648.41796875,36000.0,313.1499938964844,0.0,18000.0,1.0,0.0,0.0,0.0,1.0,0.8758150935173035,1.0,0.0,0.0,3.655783414840698,3.655807495117188,8.917727996049507e-07,4.265924453735352,4.265914440155029,9.78592834144365e-06,0.0,0.0,-0.0,7506.765625,0.0,1536.977783203125,1895.4371337890625,0.0,3177.35009765625,0.9063504934310912,1.0,0.0,3.0,1.0,0.0
12408420,297.1712341308594,297.1499938964844,293.1499938964844,0.0,-0.0,285.116455078125,0.7732046842575073,0.2842612862586975,0.2585529386997223,297.0228576660156,297.1499938964844,293.1499938964844,0.0,-0.0,285.11578369140625,0.9931190013885498,0.6037598848342896,0.5726984739303589,297.35028076171875,297.1499938964844,293.1499938964844,0.0,-0.0,285.1159973144531,0.8991317749023438,0.4522663652896881,0.3173774182796478,297.2057800292969,297.1499938964844,293.1499938964844,0.0,-0.0,285.1162109375,0.8305419087409973,0.3540314733982086,0.3378050923347473,297.1647644042969,297.1499938964844,293.1499938964844,0.0,-0.0,285.11676025390625,0.7223824262619019,0.228977769613266,1.0439964532852173,285.1159973144531,284.95001220703125,297.1571960449219,291.9967041015625,297.2059326171875,297.2201232910156,285.1144104003906,1.0,0.5747005939483643,0.2813269793987274,0.2813269793987274,1.0,1.0,-3.038317918777466,0.5682284235954285,2.4700894355773926,-0.119068756699562,0.9066634774208068,0.9066634774208068,0.0,152.85980224609375,129.0,48415.46484375,0.0,2391.677490234375,1.0,280.35772705078125,283.5173034667969,295.03729248046875,298.18035888671875,293.1499938964844,293.1499938964844,280.04998779296875,35742.75,36000.0,313.1499938964844,0.0,18000.0,1.0,0.0,0.0,0.0,1.0,0.8880470395088196,1.0,0.0,0.0,3.666170835494995,3.666194915771485,8.968477231974248e-07,4.265924453735352,4.265914440155029,9.78592834144365e-06,0.0,0.0,-0.0,7708.14697265625,0.0,1549.3006591796875,1895.4371337890625,0.0,3291.93896484375,0.9087104201316832,1.0,0.0,3.0,1.0,0.0
12408480,297.1712341308594,297.1499938964844,293.1499938964844,0.0,-0.0,285.116455078125,0.7732046842575073,0.2842612862586975,0.2585529386997223,297.0228576660156,297.1499938964844,293.1499938964844,0.0,-0.0,285.11578369140625,0.9931190013885498,0.6037598848342896,0.5726984739303589,297.35028076171875,297.1499938964844,293.1499938964844,0.0,-0.0,285.1159973144531,0.8991317749023438,0.4522663652896881,0.3173774182796478,297.2057800292969,297.1499938964844,293.1499938964844,0.0,-0.0,285.1162109375,0.8305419087409973,0.3540314733982086,0.3378050923347473,297.1647644042969,297.1499938964844,293.1499938964844,0.0,-0.0,285.11676025390625,0.7223824262619019,0.228977769613266,1.0439964532852173,285.1159973144531,284.95001220703125,297.1571960449219,291.9967041015625,297.2059326171875,297.2201232910156,285.1144104003906,1.0,0.5747005939483643,0.2813269793987274,0.2813269793987274,1.0,1.0,-3.038317918777466,0.5682284235954285,2.4700894355773926,-0.119068756699562,0.9066634774208068,0.9066634774208068,0.0,152.85980224609375,129.0,48415.46484375,0.0,2391.677490234375,1.0,280.35772705078125,283.5173034667969,295.03729248046875,298.18035888671875,293.1499938964844,293.1499938964844,280.04998779296875,35742.75,36000.0,313.1499938964844,0.0,18000.0,1.0,0.0,0.0,0.0,1.0,0.8880470395088196,1.0,0.0,0.0,3.666170835494995,3.666194915771485,8.968477231974248e-07,4.265924453735352,4.265914440155029,9.78592834144365e-06,0.0,0.0,-0.0,7708.14697265625,0.0,1549.3006591796875,1895.4371337890625,0.0,3291.93896484375,0.9087104201316832,1.0,0.0,3.0,1.0,0.0
12408540,297.1605224609375,297.1499938964844,293.1499938964844,0.0,-0.0,284.9107360839844,0.7845256924629211,0.2834548354148865,0.2577746212482452,297.0136413574219,297.1499938964844,293.1499938964844,0.0,-0.0,284.90972900390625,0.9990000128746032,0.6012110114097595,0.5627723336219788,297.339111328125,297.1499938964844,293.1499938964844,0.0,-0.0,284.9100036621094,0.9150136709213256,0.4536811411380768,0.3183179795742035,297.1966857910156,297.1499938964844,293.1499938964844,0.0,-0.0,284.91033935546875,0.8423200249671936,0.3538267910480499,0.3375441133975982,297.1600341796875,297.1499938964844,293.1499938964844,0.0,-0.0,284.9112548828125,0.7322751879692078,0.2286937236785888,1.0421807765960691,284.9100036621094,284.95001220703125,297.1401062011719,291.9916381835937,297.1951904296875,297.2113037109375,284.90728759765625,1.0,0.5674672722816467,0.2828837633132934,0.2828837633132934,1.0,1.0,-3.023627519607544,0.5686476230621338,2.45497989654541,-0.1148732602596283,0.9044892191886902,0.9044892191886902,0.0,144.1918182373047,117.0,49584.2578125,0.0,2320.31201171875,1.0,280.0580749511719,283.2926940917969,295.0416564941406,298.2811279296875,293.1499938964844,293.1499938964844,279.75,35945.3671875,36000.0,313.1499938964844,0.0,18000.0,1.0,0.0,0.0,0.0,1.0,0.9011240601539612,1.0,0.0,0.0,3.6689932346344,3.6690173149108887,8.982290751191613e-07,4.265924453735352,4.265914440155029,9.78592834144365e-06,0.0,0.0,-0.0,7851.47119140625,0.0,1553.9913330078125,1895.4371337890625,0.0,3414.06005859375,0.9094696044921876,1.0,0.0,3.0,1.0,0.0
12408600,297.1605224609375,297.1499938964844,293.1499938964844,0.0,-0.0,284.9107360839844,0.7845256924629211,0.2834548354148865,0.2577746212482452,297.0136413574219,297.1499938964844,293.1499938964844,0.0,-0.0,284.90972900390625,0.9990000128746032,0.6012110114097595,0.5627723336219788,297.339111328125,297.1499938964844,293.1499938964844,0.0,-0.0,284.9100036621094,0.9150136709213256,0.4536811411380768,0.3183179795742035,297.1966857910156,297.1499938964844,293.1499938964844,0.0,-0.0,284.91033935546875,0.8423200249671936,0.3538267910480499,0.3375441133975982,297.1600341796875,297.1499938964844,293.1499938964844,0.0,-0.0,284.9112548828125,0.7322751879692078,0.2286937236785888,1.0421807765960691,284.9100036621094,284.95001220703125,297.1401062011719,291.9916381835937,297.1951904296875,297.2113037109375,284.90728759765625,1.0,0.5674672722816467,0.2828837633132934,0.2828837633132934,1.0,1.0,-3.023627519607544,0.5686476230621338,2.45497989654541,-0.1148732602596283,0.9044892191886902,0.9044892191886902,0.0,144.1918182373047,117.0,49584.2578125,0.0,2320.31201171875,1.0,280.0580749511719,283.2926940917969,295.0416564941406,298.2811279296875,293.1499938964844,293.1499938964844,279.75,35945.3671875,36000.0,313.1499938964844,0.0,18000.0,1.0,0.0,0.0,0.0,1.0,0.9011240601539612,1.0,0.0,0.0,3.6689932346344,3.6690173149108887,8.982290751191613e-07,4.265924453735352,4.265914440155029,9.78592834144365e-06,0.0,0.0,-0.0,7851.47119140625,0.0,1553.9913330078125,1895.4371337890625,0.0,3414.06005859375,0.9094696044921876,1.0,0.0,3.0,1.0,0.0
12408660,297.14404296875,297.1499938964844,293.1499938964844,0.0,-0.0,284.6840515136719,0.7939075231552124,0.2819234728813171,0.2562956213951111,297.02203369140625,297.1499938964844,293.1499938964844,0.0,-0.0,284.68292236328125,0.9990000128746032,0.6003159284591675,0.5404776334762573,297.3219299316406,297.1499938964844,293.1499938964844,0.0,-0.0,284.6831970214844,0.9298775792121888,0.4543403387069702,0.3186981678009033,297.18121337890625,297.1499938964844,293.1499938964844,0.0,-0.0,284.68359375,0.8524729013442993,0.3528568744659424,0.3365330398082733,297.14990234375,297.1499938964844,293.1499938964844,0.0,-0.0,284.6846008300781,0.7404763698577881,0.2277968376874923,1.0375146865844729,284.6832275390625,284.95001220703125,297.1227111816406,291.986328125,297.18084716796875,297.1978759765625,284.6801452636719,1.0,0.5580512881278992,0.2843775749206543,0.2843775749206543,1.0,1.0,-2.98917818069458,0.5636671185493469,2.425511121749878,-0.1122002378106117,0.8991257548332214,0.8991257548332214,0.0,136.2578125,105.0,50443.51953125,0.0,2217.577880859375,1.0,279.75811767578125,283.0554504394531,295.0232849121094,298.324462890625,293.1499938964844,293.1499938964844,280.04998779296875,36221.984375,36000.0,313.1499938964844,0.0,18000.0,1.0,0.0,0.0,0.0,1.0,0.910966455936432,1.0,0.0,0.0,3.6616482734680176,3.661672592163086,8.946364005169016e-07,4.265924453735352,4.265914440155029,9.78592834144365e-06,0.0,0.0,-0.0,7093.71435546875,0.0,1547.832763671875,1895.4371337890625,0.0,3505.57080078125,0.9080089330673218,1.0,0.0,3.0,1.0,0.0
12408720,297.14404296875,297.1499938964844,293.1499938964844,0.0,-0.0,284.6840515136719,0.7939075231552124,0.2819234728813171,0.2562956213951111,297.02203369140625,297.1499938964844,293.1499938964844,0.0,-0.0,284.68292236328125,0.9990000128746032,0.6003159284591675,0.5404776334762573,297.3219299316406,297.1499938964844,293.1499938964844,0.0,-0.0,284.6831970214844,0.9298775792121888,0.4543403387069702,0.3186981678009033,297.18121337890625,297.1499938964844,293.1499938964844,0.0,-0.0,284.68359375,0.8524729013442993,0.3528568744659424,0.3365330398082733,297.14990234375,297.1499938964844,293.1499938964844,0.0,-0.0,284.6846008300781,0.7404763698577881,0.2277968376874923,1.0375146865844729,284.6832275390625,284.95001220703125,297.1227111816406,291.986328125,297.18084716796875,297.1978759765625,284.6801452636719,1.0,0.5580512881278992,0.2843775749206543,0.2843775749206543,1.0,1.0,-2.98917818069458,0.5636671185493469,2.425511121749878,-0.1122002378106117,0.8991257548332214,0.8991257548332214,0.0,136.2578125,105.0,50443.51953125,0.0,2217.577880859375,1.0,279.75811767578125,283.0554504394531,295.0232849121094,298.324462890625,293.1499938964844,293.1499938964844,280.04998779296875,36221.984375,36000.0,313.1499938964844,0.0,18000.0,1.0,0.0,0.0,0.0,1.0,0.910966455936432,1.0,0.0,0.0,3.6616482734680176,3.661672592163086,8.946364005169016e-07,4.265924453735352,4.265914440155029,9.78592834144365e-06,0.0,0.0,-0.0,7093.71435546875,0.0,1547.832763671875,1895.4371337890625,0.0,3505.57080078125,0.9080089330673218,1.0,0.0,3.0,1.0,0.0
12408780,297.1410217285156,297.1499938964844,293.1499938964844,0.0,-0.0,284.8201599121094,0.8070191144943237,0.2815198600292206,0.2552617788314819,297.0683288574219,297.1499938964844,293.1499938964844,0.0,-0.0,284.8201904296875,0.9990000128746032,0.6033364534378052,0.5131515860557556,297.3203430175781,297.1499938964844,293.1499938964844,0.0,-0.0,284.8201904296875,0.9494045972824096,0.45633465051651,0.3195145428180694,297.1760559082031,297.1499938964844,293.1499938964844,0.0,-0.0,284.8201904296875,0.8664988279342651,0.3527116775512695,0.3357687890529632,297.1470947265625,297.1499938964844,293.1499938964844,0.0,-0.0,284.82012939453125,0.7518453001976013,0.2274982035160064,1.0335731506347656,284.8201904296875,284.95001220703125,297.10504150390625,291.9807434082031,297.1776733398437,297.19879150390625,284.8199462890625,1.0,0.5472221374511719,0.2858713865280151,0.2858713865280151,1.0,1.0,-2.950411558151245,0.5574570894241333,2.3929543495178223,-0.1097826063632965,0.8985403180122375,0.8985403180122375,0.0,127.0518569946289,108.0,48719.32421875,0.0,2103.589599609375,1.0,280.042236328125,283.22723388671875,294.934814453125,298.0616455078125,293.1499938964844,293.1499938964844,280.3500061035156,36169.28125,36000.0,313.1499938964844,0.0,18000.0,1.0,0.0,0.0,0.0,1.0,0.8978436589241028,1.0,0.0,0.0,3.6546764373779297,3.654700517654419,8.912328439691919e-07,4.265924453735352,4.265914440155029,9.78592834144365e-06,0.0,0.0,-0.0,6881.033203125,0.0,1539.645751953125,1895.4371337890625,0.0,3383.475830078125,0.9064432978630066,1.0,0.0,3.0,1.0,0.0
12408840,297.1410217285156,297.1499938964844,293.1499938964844,0.0,-0.0,284.8201599121094,0.8070191144943237,0.2815198600292206,0.2552617788314819,297.0683288574219,297.1499938964844,293.1499938964844,0.0,-0.0,284.8201904296875,0.9990000128746032,0.6033364534378052,0.5131515860557556,297.3203430175781,297.1499938964844,293.1499938964844,0.0,-0.0,284.8201904296875,0.9494045972824096,0.45633465051651,0.3195145428180694,297.1760559082031,297.1499938964844,293.1499938964844,0.0,-0.0,284.8201904296875,0.8664988279342651,0.3527116775512695,0.3357687890529632,297.1470947265625,297.1499938964844,293.1499938964844,0.0,-0.0,284.82012939453125,0.7518453001976013,0.2274982035160064,1.0335731506347656,284.8201904296875,284.95001220703125,297.10504150390625,291.9807434082031,297.1776733398437,297.19879150390625,284.8199462890625,1.0,0.5472221374511719,0.2858713865280151,0.2858713865280151,1.0,1.0,-2.950411558151245,0.5574570894241333,2.3929543495178223,-0.1097826063632965,0.8985403180122375,0.8985403180122375,0.0,127.0518569946289,108.0,48719.32421875,0.0,2103.589599609375,1.0,280.042236328125,283.22723388671875,294.934814453125,298.0616455078125,293.1499938964844,293.1499938964844,280.3500061035156,36169.28125,36000.0,313.1499938964844,0.0,18000.0,1.0,0.0,0.0,0.0,1.0,0.8978436589241028,1.0,0.0,0.0,3.6546764373779297,3.654700517654419,8.912328439691919e-07,4.265924453735352,4.265914440155029,9.78592834144365e-06,0.0,0.0,-0.0,6881.033203125,0.0,1539.645751953125,1895.4371337890625,0.0,3383.475830078125,0.9064432978630066,1.0,0.0,3.0,1.0,0.0
12408900,297.1445007324219,297.1499938964844,293.1499938964844,0.0,-0.0,284.9445495605469,0.8128498792648315,0.2818016707897186,0.2552493512630462,297.1044921875,297.1499938964844,293.1499938964844,0.0,-0.0,284.947509765625,0.9990000128746032,0.6063650846481323,0.5020387172698975,297.3251037597656,297.1499938964844,293.1499938964844,0.0,-0.0,284.9469909667969,0.9578740000724792,0.4578791856765747,0.3203617036342621,297.1781616210937,297.1499938964844,293.1499938964844,0.0,-0.0,284.94586181640625,0.8729555010795593,0.3530794382095337,0.3358469009399414,297.1495666503906,297.1499938964844,293.1499938964844,0.0,-0.0,284.94293212890625,0.7571626901626587,0.2277211248874664,1.0334070920944214,284.9468078613281,284.95001220703125,297.0960693359375,291.97784423828125,297.1794738769531,297.2037658691406,284.9546813964844,1.0,0.5437046885490417,0.2866182923316955,0.2866182923316955,1.0,1.0,-2.937931537628174,0.556164562702179,2.38176703453064,-0.1085247546434402,0.8997308015823364,0.8997308015823364,0.0,123.54313659667967,108.0,47415.328125,0.0,2064.758056640625,1.0,280.29888916015625,283.3835144042969,294.8974304199219,297.8819274902344,293.1499938964844,293.1499938964844,280.3500061035156,36086.80859375,36000.0,313.1499938964844,0.0,18000.0,1.0,0.0,0.0,0.0,1.0,0.88797527551651,1.0,0.0,0.0,3.6530818939208975,3.653105974197388,8.904553396860138e-07,4.265924453735352,4.265914440155029,9.78592834144365e-06,0.0,0.0,-0.0,7061.693359375,0.0,1537.2501220703125,1895.4371337890625,0.0,3291.267578125,0.906070590019226,1.0,0.0,3.0,1.0,0.0
12408960,297.1501159667969,297.1499938964844,293.1499938964844,0.0,-0.0,284.9879150390625,0.8179634213447571,0.2823204398155212,0.2555546164512634,297.1439208984375,297.1499938964844,293.1499938964844,0.0,-0.0,284.9882202148437,0.9990000128746032,0.6099479794502258,0.4928515553474426,297.332275390625,297.1499938964844,293.1499938964844,0.0,-0.0,284.9881896972656,0.9651811122894288,0.4596920013427734,0.3214917778968811,297.1825256347656,297.1499938964844,293.1499938964844,0.0,-0.0,284.9880676269531,0.8787819743156433,0.3536865413188934,0.3362429738044739,297.15399169921875,297.1499938964844,293.1499938964844,0.0,-0.0,284.9877624511719,0.7620412707328796,0.2281515896320343,1.0345193147659302,284.9881591796875,284.95001220703125,297.0870361328125,291.9748840332031,297.1820678710937,297.2097473144531,284.9888610839844,1.0,0.5411112308502197,0.2876355350017547,0.2876355350017547,1.0,1.0,-2.9304187297821045,0.5568565130233765,2.3735623359680176,-0.1062528640031814,0.9004464745521545,0.9004464745521545,0.0,120.80647277832033,126.0,47137.25390625,0.0,2038.3975830078125,1.0,280.3417358398437,283.4232177734375,294.91375732421875,297.9218139648437,293.1499938964844,293.1499938964844,280.04998779296875,36011.609375,36000.0,313.1499938964844,0.0,18000.0,1.0,0.0,0.0,0.0,1.0,0.8825392723083496,1.0,0.0,0.0,3.653619766235352,3.653643846511841,8.907175583772187e-07,4.265924453735352,4.265914440155029,9.78592834144365e-06,0.0,0.0,-0.0,7529.17333984375,0.0,1537.2864990234375,1895.4371337890625,0.0,3240.372802734375,0.906108558177948,1.0,0.0,3.0,1.0,0.0
12409020,297.1495666503906,297.1499938964844,293.1499938964844,0.0,-0.0,284.8152160644531,0.8171409368515015,0.2822822332382202,0.2558680772781372,297.1917724609375,297.1499938964844,293.1499938964844,0.0,-0.0,284.8148803710937,0.9990000128746032,0.6147845983505249,0.4950298368930816,297.3324890136719,297.1499938964844,293.1499938964844,0.0,-0.0,284.81494140625,0.9657002687454224,0.4620409607887268,0.3234290182590484,297.1820068359375,297.1499938964844,293.1499938964844,0.0,-0.0,284.8150634765625,0.8780455589294434,0.3540616929531097,0.3368965685367584,297.1567077636719,297.1499938964844,293.1499938964844,0.0,-0.0,284.8153991699219,0.7615402340888977,0.228490874171257,1.0370253324508667,284.8149719238281,284.95001220703125,297.0686950683594,291.9686889648437,297.1820678710937,297.2152099609375,284.81427001953125,1.0,0.543506383895874,0.2896699905395508,0.2896699905395508,1.0,1.0,-2.9395086765289307,0.5647869110107422,2.3747217655181885,-0.1007138192653656,0.8972237706184387,0.8972237706184387,0.0,121.71385955810548,144.0,48341.8671875,0.0,2058.229248046875,1.0,280.05780029296875,283.2265319824219,294.9914855957031,298.1299743652344,293.1499938964844,293.1499938964844,280.3500061035156,36155.390625,36000.0,313.1499938964844,0.0,18000.0,1.0,0.0,0.0,0.0,1.0,0.8909521102905273,1.0,0.0,0.0,3.648620843887329,3.6486449241638175,8.88281817879033e-07,4.265924453735352,4.265914440155029,9.78592834144365e-06,0.0,0.0,-0.0,6884.81201171875,0.0,1532.796875,1895.4371337890625,0.0,3319.1103515625,0.905066192150116,1.0,0.0,3.0,1.0,0.0
12409080,297.1495666503906,297.1499938964844,293.1499938964844,0.0,-0.0,284.8152160644531,0.8171409368515015,0.2822822332382202,0.2558680772781372,297.1917724609375,297.1499938964844,293.1499938964844,0.0,-0.0,284.8148803710937,0.9990000128746032,0.6147845983505249,0.4950298368930816,297.3324890136719,297.1499938964844,293.1499938964844,0.0,-0.0,284.81494140625,0.9657002687454224,0.4620409607887268,0.3234290182590484,297.1820068359375,297.1499938964844,293.1499938964844,0.0,-0.0,284.8150634765625,0.8780455589294434,0.3540616929531097,0.3368965685367584,297.1567077636719,297.1499938964844,293.1499938964844,0.0,-0.0,284.8153991699219,0.7615402340888977,0.228490874171257,1.0370253324508667,284.8149719238281,284.95001220703125,297.0686950683594,291.9686889648437,297.1820678710937,297.2152099609375,284.81427001953125,1.0,0.543506383895874,0.2896699905395508,0.2896699905395508,1.0,1.0,-2.9395086765289307,0.5647869110107422,2.3747217655181885,-0.1007138192653656,0.8972237706184387,0.8972237706184387,0.0,121.71385955810548,144.0,48341.8671875,0.0,2058.229248046875,1.0,280.05780029296875,283.2265319824219,294.9914855957031,298.1299743652344,293.1499938964844,293.1499938964844,280.3500061035156,36155.390625,36000.0,313.1499938964844,0.0,18000.0,1.0,0.0,0.0,0.0,1.0,0.8909521102905273,1.0,0.0,0.0,3.648620843887329,3.6486449241638175,8.88281817879033e-07,4.265924453735352,4.265914440155029,9.78592834144365e-06,0.0,0.0,-0.0,6884.81201171875,0.0,1532.796875,1895.4371337890625,0.0,3319.1103515625,0.905066192150116,1.0,0.0,3.0,1.0,0.0
12409140,297.15447998046875,297.1499938964844,293.1499938964844,0.0,-0.0,285.0135192871094,0.8076687455177307,0.2827593088150024,0.2561945021152496,297.1977233886719,297.1499938964844,293.1499938964844,0.0,-0.0,285.0145263671875,0.9990000128746032,0.6159500479698181,0.5137953758239746,297.3402404785156,297.1499938964844,293.1499938964844,0.0,-0.0,285.01434326171875,0.9553325176239014,0.4651210308074951,0.3254280090332031,297.1856994628906,297.1499938964844,293.1499938964844,0.0,-0.0,285.0139465332031,0.8676766157150269,0.3548274636268616,0.3375599682331085,297.1609802246094,297.1499938964844,293.1499938964844,0.0,-0.0,285.01300048828125,0.7529304027557373,0.2289981395006179,1.0395100116729736,285.0142822265625,284.95001220703125,297.04998779296875,291.9621887207031,297.1820068359375,297.2205810546875,285.01727294921875,1.0,0.5515103936195374,0.2917044460773468,0.2917044460773468,1.0,1.0,-2.968622922897339,0.5781682729721069,2.390454769134521,-0.0940589383244514,0.8996195197105408,0.8996195197105408,0.0,127.89051818847656,162.0,47383.875,0.0,2139.085205078125,1.0,280.3421630859375,283.4417724609375,294.931640625,297.95330810546875,293.1499938964844,293.1499938964844,280.6499938964844,35984.88671875,36000.0,313.1499938964844,0.0,18000.0,1.0,0.0,0.0,0.0,1.0,0.8814084529876709,1.0,0.0,0.0,3.648136615753174,3.648160696029663,8.880460313775984e-07,4.265924453735352,4.265914440155029,9.78592834144365e-06,0.0,0.0,-0.0,6749.779296875,0.0,1530.9833984375,1895.4371337890625,0.0,3229.778564453125,0.9048702716827391,1.0,0.0,3.0,1.0,0.0
12409200,297.15447998046875,297.1499938964844,293.1499938964844,0.0,-0.0,285.0135192871094,0.8076687455177307,0.2827593088150024,0.2561945021152496,297.1977233886719,297.1499938964844,293.1499938964844,0.0,-0.0,285.0145263671875,0.9990000128746032,0.6159500479698181,0.5137953758239746,297.3402404785156,297.1499938964844,293.1499938964844,0.0,-0.0,285.01434326171875,0.9553325176239014,0.4651210308074951,0.3254280090332031,297.1856994628906,297.1499938964844,293.1499938964844,0.0,-0.0,285.0139465332031,0.8676766157150269,0.3548274636268616,0.3375599682331085,297.1609802246094,297.1499938964844,293.1499938964844,0.0,-0.0,285.01300048828125,0.7529304027557373,0.2289981395006179,1.0395100116729736,285.0142822265625,284.95001220703125,297.04998779296875,291.9621887207031,297.1820068359375,297.2205810546875,285.01727294921875,1.0,0.5515103936195374,0.2917044460773468,0.2917044460773468,1.0,1.0,-2.968622922897339,0.5781682729721069,2.390454769134521,-0.0940589383244514,0.8996195197105408,0.8996195197105408,0.0,127.89051818847656,162.0,47383.875,0.0,2139.085205078125,1.0,280.3421630859375,283.4417724609375,294.931640625,297.95330810546875,293.1499938964844,293.1499938964844,280.6499938964844,35984.88671875,36000.0,313.1499938964844,0.0,18000.0,1.0,0.0,0.0,0.0,1.0,0.8814084529876709,1.0,0.0,0.0,3.648136615753174,3.648160696029663,8.880460313775984e-07,4.265924453735352,4.265914440155029,9.78592834144365e-06,0.0,0.0,-0.0,6749.779296875,0.0,1530.9833984375,1895.4371337890625,0.0,3229.778564453125,0.9048702716827391,1.0,0.0,3.0,1.0,0.0
12409260,297.16827392578125,297.1499938964844,293.1499938964844,0.0,-0.0,285.24664306640625,0.7951374650001526,0.2842059731483459,0.2575910687446594,297.1742858886719,297.1499938964844,293.1499938964844,0.0,-0.0,285.2478942871094,0.9990000128746032,0.6142063736915588,0.5407650470733643,297.3586120605469,297.1499938964844,293.1499938964844,0.0,-0.0,285.2476501464844,0.940556824207306,0.4693823754787445,0.32843017578125,297.1981506347656,297.1499938964844,293.1499938964844,0.0,-0.0,285.2471618652344,0.8545657396316528,0.356533944606781,0.3392640054225921,297.1709289550781,297.1499938964844,293.1499938964844,0.0,-0.0,285.2460327148437,0.7421046495437622,0.2301412671804428,1.045379400253296,285.24755859375,284.95001220703125,297.028076171875,291.9543762207031,297.1845092773437,297.230224609375,285.2510986328125,1.0,0.5636619329452515,0.2929409742355346,0.2929409742355346,1.0,1.0,-3.0154175758361816,0.5943278074264526,2.4210898876190186,-0.0884927958250045,0.9054250121116638,0.9054250121116638,0.0,137.32044982910156,165.0,46643.4921875,0.0,2269.617919921875,1.0,280.64178466796875,283.68426513671875,294.9205017089844,297.87841796875,293.1499938964844,293.1499938964844,280.3500061035156,35718.80078125,36000.0,313.1499938964844,0.0,18000.0,1.0,0.0,0.0,0.0,1.0,0.871656596660614,1.0,0.0,0.0,3.657723903656006,3.657747983932495,8.92719697276334e-07,4.265924453735352,4.265914440155029,9.78592834144365e-06,0.0,0.0,-0.0,7457.849609375,0.0,1539.6702880859375,1895.4371337890625,0.0,3138.349853515625,0.9068394899368286,1.0,0.0,3.0,1.0,0.0
12409320,297.16827392578125,297.1499938964844,293.1499938964844,0.0,-0.0,285.24664306640625,0.7951374650001526,0.2842059731483459,0.2575910687446594,297.1742858886719,297.1499938964844,293.1499938964844,0.0,-0.0,285.2478942871094,0.9990000128746032,0.6142063736915588,0.5407650470733643,297.3586120605469,297.1499938964844,293.1499938964844,0.0,-0.0,285.2476501464844,0.940556824207306,0.4693823754787445,0.32843017578125,297.1981506347656,297.1499938964844,293.1499938964844,0.0,-0.0,285.2471618652344,0.8545657396316528,0.356533944606781,0.3392640054225921,297.1709289550781,297.1499938964844,293.1499938964844,0.0,-0.0,285.2460327148437,0.7421046495437622,0.2301412671804428,1.045379400253296,285.24755859375,284.95001220703125,297.028076171875,291.9543762207031,297.1845092773437,297.230224609375,285.2510986328125,1.0,0.5636619329452515,0.2929409742355346,0.2929409742355346,1.0,1.0,-3.0154175758361816,0.5943278074264526,2.4210898876190186,-0.0884927958250045,0.9054250121116638,0.9054250121116638,0.0,137.32044982910156,165.0,46643.4921875,0.0,2269.617919921875,1.0,280.64178466796875,283.68426513671875,294.9205017089844,297.87841796875,293.1499938964844,293.1499938964844,280.3500061035156,35718.80078125,36000.0,313.1499938964844,0.0,18000.0,1.0,0.0,0.0,0.0,1.0,0.871656596660614,1.0,0.0,0.0,3.657723903656006,3.657747983932495,8.92719697276334e-07,4.265924453735352,4.265914440155029,9.78592834144365e-06,0.0,0.0,-0.0,7457.849609375,0.0,1539.6702880859375,1895.4371337890625,0.0,3138.349853515625,0.9068394899368286,1.0,0.0,3.0,1.0,0.0
12409380,297.169921875,297.1499938964844,293.1499938964844,0.0,-0.0,285.11346435546875,0.7853863835334778,0.2846249938011169,0.2585809826850891,297.1151123046875,297.1499938964844,293.1499938964844,0.0,-0.0,285.1133728027344,0.9990000128746032,0.6085507869720459,0.5627269744873047,297.3621826171875,297.1499938964844,293.1499938964844,0.0,-0.0,285.1133728027344,0.9290443062782288,0.4724115431308746,0.3310549557209015,297.2011413574219,297.1499938964844,293.1499938964844,0.0,-0.0,285.1134338378906,0.8448468446731567,0.3574624955654144,0.3407171964645386,297.17388916015625,297.1499938964844,293.1499938964844,0.0,-0.0,285.113525390625,0.7340582013130188,0.2307207733392715,1.0503448247909546,285.1134033203125,284.95001220703125,297.0003662109375,291.9443359375,297.17926025390625,297.2315368652344,285.1134033203125,1.0,0.5731921792030334,0.2941775023937225,0.2941775023937225,1.0,1.0,-3.053903818130493,0.6082339882850647,2.445669889450073,-0.0828407108783721,0.9064943194389344,0.9064943194389344,0.0,145.34722900390625,168.0,48422.0625,0.0,2381.19384765625,1.0,280.35772705078125,283.5152587890625,294.9992370605469,298.1341857910156,293.1499938964844,293.1499938964844,280.04998779296875,35773.74609375,36000.0,313.1499938964844,0.0,18000.0,1.0,0.0,0.0,0.0,1.0,0.8867678642272949,1.0,0.0,0.0,3.666826248168945,3.6668503284454346,8.971683769232186e-07,4.265924453735352,4.265914440155029,9.78592834144365e-06,0.0,0.0,-0.0,7697.234375,0.0,1550.2686767578125,1895.4371337890625,0.0,3279.96826171875,0.9088850021362304,1.0,0.0,3.0,1.0,0.0
12409440,297.169921875,297.1499938964844,293.1499938964844,0.0,-0.0,285.11346435546875,0.7853863835334778,0.2846249938011169,0.2585809826850891,297.1151123046875,297.1499938964844,293.1499938964844,0.0,-0.0,285.1133728027344,0.9990000128746032,0.6085507869720459,0.5627269744873047,297.3621826171875,297.1499938964844,293.1499938964844,0.0,-0.0,285.1133728027344,0.9290443062782288,0.4724115431308746,0.3310549557209015,297.2011413574219,297.1499938964844,293.1499938964844,0.0,-0.0,285.1134338378906,0.8448468446731567,0.3574624955654144,0.3407171964645386,297.17388916015625,297.1499938964844,293.1499938964844,0.0,-0.0,285.113525390625,0.7340582013130188,0.2307207733392715,1.0503448247909546,285.1134033203125,284.95001220703125,297.0003662109375,291.9443359375,297.17926025390625,297.2315368652344,285.1134033203125,1.0,0.5731921792030334,0.2941775023937225,0.2941775023937225,1.0,1.0,-3.053903818130493,0.6082339882850647,2.445669889450073,-0.0828407108783721,0.9064943194389344,0.9064943194389344,0.0,145.34722900390625,168.0,48422.0625,0.0,2381.19384765625,1.0,280.35772705078125,283.5152587890625,294.9992370605469,298.1341857910156,293.1499938964844,293.1499938964844,280.04998779296875,35773.74609375,36000.0,313.1499938964844,0.0,18000.0,1.0,0.0,0.0,0.0,1.0,0.8867678642272949,1.0,0.0,0.0,3.666826248168945,3.6668503284454346,8.971683769232186e-07,4.265924453735352,4.265914440155029,9.78592834144365e-06,0.0,0.0,-0.0,7697.234375,0.0,1550.2686767578125,1895.4371337890625,0.0,3279.96826171875,0.9088850021362304,1.0,0.0,3.0,1.0,0.0
12409500,297.1658935546875,297.1499938964844,293.1499938964844,0.0,-0.0,284.9892578125,0.7805823683738708,0.2843593657016754,0.2586070597171783,297.0771789550781,297.1499938964844,293.1499938964844,0.0,-0.0,284.9860534667969,0.9990000128746032,0.6046085953712463,0.5726050734519958,297.35845947265625,297.1499938964844,293.1499938964844,0.0,-0.0,284.98681640625,0.9235106110572816,0.4733919203281402,0.3319562673568725,297.1980895996094,297.1499938964844,293.1499938964844,0.0,-0.0,284.98797607421875,0.8402592539787292,0.3574897348880768,0.3410111665725708,297.1715087890625,297.1499938964844,293.1499938964844,0.0,-0.0,284.9907531738281,0.7301579117774963,0.2306382060050964,1.0511585474014282,284.9869384765625,284.95001220703125,296.98443603515625,291.93853759765625,297.1739501953125,297.2293701171875,284.9796447753906,1.0,0.577183187007904,0.2947957813739776,0.2947957813739776,1.0,1.0,-3.0682334899902344,0.6138765215873718,2.4543569087982178,-0.080243706703186,0.9055246710777284,0.9055246710777284,0.0,149.04315185546875,168.0,49768.09765625,0.0,2427.104736328125,1.0,280.1007080078125,283.35968017578125,295.0263977050781,298.30743408203125,293.1499938964844,293.1499938964844,280.04998779296875,35856.48046875,36000.0,313.1499938964844,0.0,18000.0,1.0,0.0,0.0,0.0,1.0,0.8973379731178284,1.0,0.0,0.0,3.6694397926330566,3.669463872909546,8.984476949081e-07,4.265924453735352,4.265914440155029,9.78592834144365e-06,0.0,0.0,-0.0,7504.54736328125,0.0,1553.8243408203125,1895.4371337890625,0.0,3378.757568359375,0.9094887375831604,1.0,0.0,3.0,1.0,0.0
12409560,297.1593017578125,297.1499938964844,293.1499938964844,0.0,-0.0,284.9385070800781,0.7725383043289185,0.283812552690506,0.2584131360054016,297.0416564941406,297.1499938964844,293.1499938964844,0.0,-0.0,284.9377136230469,0.9919142723083496,0.6006529927253723,0.5711621046066284,297.3518371582031,297.1499938964844,293.1499938964844,0.0,-0.0,284.9378967285156,0.9137320518493652,0.4740630090236664,0.3326530754566192,297.1923217773437,297.1499938964844,293.1499938964844,0.0,-0.0,284.93817138671875,0.8325220346450806,0.3572299778461456,0.3410866558551788,297.1664428710937,297.1499938964844,293.1499938964844,0.0,-0.0,284.9388427734375,0.7234569191932678,0.2302795946598053,1.0510993003845217,284.9379272460937,284.95001220703125,296.9672241210937,291.9322509765625,297.162841796875,297.2200012207031,284.9360046386719,1.0,0.580040693283081,0.2951492071151733,0.2951492071151733,1.0,1.0,-3.0671520233154297,0.6146079897880554,2.452543973922729,-0.0788392350077629,0.9049189686775208,0.9049189686775208,0.0,154.4082489013672,171.0,49916.54296875,0.0,2453.1279296875,1.0,280.0580139160156,283.3124084472656,294.9984741210937,298.2543334960937,293.1499938964844,293.1499938964844,279.75,35934.65625,36000.0,313.1499938964844,0.0,18000.0,1.0,0.0,0.0,0.0,1.0,0.903156042098999,1.0,0.0,0.0,3.669943332672119,3.669967412948608,8.98694338502537e-07,4.265924453735352,4.265914440155029,9.78592834144365e-06,0.0,0.0,-0.0,7872.458984375,0.0,1554.978271484375,1895.4371337890625,0.0,3432.9853515625,0.909680187702179,1.0,0.0,3.0,1.0,0.0
12409620,297.1425170898437,297.1499938964844,293.1499938964844,0.0,-0.0,284.73291015625,0.7594778537750244,0.2822349965572357,0.2574920356273651,296.99658203125,297.1499938964844,293.1499938964844,0.0,-0.0,284.7320861816406,0.9757416248321532,0.5946889519691467,0.5654360055923462,297.3343505859375,297.1499938964844,293.1499938964844,0.0,-0.0,284.7322692871094,0.8992066979408264,0.4748522937297821,0.3335972428321838,297.1766357421875,297.1499938964844,293.1499938964844,0.0,-0.0,284.7325744628906,0.8199418783187866,0.3561825752258301,0.3406335413455963,297.15252685546875,297.1499938964844,293.1499938964844,0.0,-0.0,284.7332763671875,0.7118457555770874,0.2290802150964737,1.048168659210205,284.7322998046875,284.95001220703125,296.9289855957031,291.918212890625,297.13946533203125,297.2009582519531,284.73028564453125,1.0,0.5836997032165527,0.2958560585975647,0.2958560585975647,1.0,1.0,-3.056239604949951,0.6136070489883423,2.44263243675232,-0.0772808343172073,0.9003458023071289,0.9003458023071289,0.0,163.28111267089844,174.0,51029.22265625,0.0,2478.946044921875,1.0,279.7580871582031,283.0902099609375,294.9689025878906,298.30322265625,293.1499938964844,293.1499938964844,279.45001220703125,36176.6796875,36000.0,313.1499938964844,0.0,18000.0,1.0,0.0,0.0,0.0,1.0,0.9157492518424988,1.0,0.0,0.0,3.6641595363616943,3.664183855056762,8.958639341472008e-07,4.265924453735352,4.265914440155029,9.78592834144365e-06,0.0,0.0,-0.0,8005.8154296875,0.0,1550.3060302734375,1895.4371337890625,0.0,3549.879150390625,0.9085445404052734,1.0,0.0,3.0,1.0,0.0
12409680,297.1425170898437,297.1499938964844,293.1499938964844,0.0,-0.0,284.73291015625,0.7594778537750244,0.2822349965572357,0.2574920356273651,296.99658203125,297.1499938964844,293.1499938964844,0.0,-0.0,284.7320861816406,0.9757416248321532,0.5946889519691467,0.5654360055923462,297.3343505859375,297.1499938964844,293.1499938964844,0.0,-0.0,284.7322692871094,0.8992066979408264,0.4748522937297821,0.3335972428321838,297.1766357421875,297.1499938964844,293.1499938964844,0.0,-0.0,284.7325744628906,0.8199418783187866,0.3561825752258301,0.3406335413455963,297.15252685546875,297.1499938964844,293.1499938964844,0.0,-0.0,284.7332763671875,0.7118457555770874,0.2290802150964737,1.048168659210205,284.7322998046875,284.95001220703125,296.9289855957031,291.918212890625,297.13946533203125,297.2009582519531,284.73028564453125,1.0,0.5836997032165527,0.2958560585975647,0.2958560585975647,1.0,1.0,-3.056239604949951,0.6136070489883423,2.44263243675232,-0.0772808343172073,0.9003458023071289,0.9003458023071289,0.0,163.28111267089844,174.0,51029.22265625,0.0,2478.946044921875,1.0,279.7580871582031,283.0902099609375,294.9689025878906,298.30322265625,293.1499938964844,293.1499938964844,279.45001220703125,36176.6796875,36000.0,313.1499938964844,0.0,18000.0,1.0,0.0,0.0,0.0,1.0,0.9157492518424988,1.0,0.0,0.0,3.6641595363616943,3.664183855056762,8.958639341472008e-07,4.265924453735352,4.265914440155029,9.78592834144365e-06,0.0,0.0,-0.0,8005.8154296875,0.0,1550.3060302734375,1895.4371337890625,0.0,3549.879150390625,0.9085445404052734,1.0,0.0,3.0,1.0,0.0
12409740,297.1242370605469,297.1499938964844,293.1499938964844,0.0,-0.0,284.5272521972656,0.7498896718025208,0.2802900075912475,0.2560887932777405,296.9662475585937,297.1499938964844,293.1499938964844,0.0,-0.0,284.52642822265625,0.9625027179718018,0.589664876461029,0.5608831644058228,297.3147888183594,297.1499938964844,293.1499938964844,0.0,-0.0,284.526611328125,0.8893353939056396,0.475208044052124,0.3341164588928222,297.158447265625,297.1499938964844,293.1499938964844,0.0,-0.0,284.52691650390625,0.8103641271591187,0.3546777963638305,0.3395952582359314,297.13671875,297.1499938964844,293.1499938964844,0.0,-0.0,284.5276184082031,0.7022781372070312,0.2275122553110122,1.0428391695022583,284.52667236328125,284.95001220703125,296.88604736328125,291.90234375,297.1147155761719,297.1814880371094,284.5246887207031,1.0,0.585657000541687,0.296562910079956,0.296562910079956,1.0,1.0,-3.0420515537261963,0.6116957068443298,2.4303557872772217,-0.0759227871894836,0.8930259943008423,0.8930259943008423,0.0,169.86526489257812,177.0,52014.515625,0.0,2486.52001953125,1.0,279.45819091796875,282.86962890625,294.9388427734375,298.3357849121094,293.1499938964844,293.1499938964844,279.75,36462.69921875,36000.0,313.1499938964844,0.0,18000.0,1.0,0.0,0.0,0.0,1.0,0.925234317779541,1.0,0.0,0.0,3.6477789878845215,3.6478030681610094,8.878718631422089e-07,4.265924453735352,4.265914440155029,9.78592834144365e-06,0.0,0.0,-0.0,7238.21044921875,0.0,1534.15869140625,1895.4371337890625,0.0,3637.383056640625,0.9050754308700562,1.0,0.0,3.0,1.0,0.0
12409800,297.1242370605469,297.1499938964844,293.1499938964844,0.0,-0.0,284.5272521972656,0.7498896718025208,0.2802900075912475,0.2560887932777405,296.9662475585937,297.1499938964844,293.1499938964844,0.0,-0.0,284.52642822265625,0.9625027179718018,0.589664876461029,0.5608831644058228,297.3147888183594,297.1499938964844,293.1499938964844,0.0,-0.0,284.526611328125,0.8893353939056396,0.475208044052124,0.3341164588928222,297.158447265625,297.1499938964844,293.1499938964844,0.0,-0.0,284.52691650390625,0.8103641271591187,0.3546777963638305,0.3395952582359314,297.13671875,297.1499938964844,293.1499938964844,0.0,-0.0,284.5276184082031,0.7022781372070312,0.2275122553110122,1.0428391695022583,284.52667236328125,284.95001220703125,296.88604736328125,291.90234375,297.1147155761719,297.1814880371094,284.5246887207031,1.0,0.585657000541687,0.296562910079956,0.296562910079956,1.0,1.0,-3.0420515537261963,0.6116957068443298,2.4303557872772217,-0.0759227871894836,0.8930259943008423,0.8930259943008423,0.0,169.86526489257812,177.0,52014.515625,0.0,2486.52001953125,1.0,279.45819091796875,282.86962890625,294.9388427734375,298.3357849121094,293.1499938964844,293.1499938964844,279.75,36462.69921875,36000.0,313.1499938964844,0.0,18000.0,1.0,0.0,0.0,0.0,1.0,0.925234317779541,1.0,0.0,0.0,3.6477789878845215,3.6478030681610094,8.878718631422089e-07,4.265924453735352,4.265914440155029,9.78592834144365e-06,0.0,0.0,-0.0,7238.21044921875,0.0,1534.15869140625,1895.4371337890625,0.0,3637.383056640625,0.9050754308700562,1.0,0.0,3.0,1.0,0.0
12409860,297.1210632324219,297.1499938964844,293.1499938964844,0.0,-0.0,284.6912536621094,0.7442334294319153,0.279619961977005,0.2552509605884552,296.9612121582031,297.1499938964844,293.1499938964844,0.0,-0.0,284.6918334960937,0.953644633293152,0.5867967009544373,0.5577319860458374,297.3135986328125,297.1499938964844,293.1499938964844,0.0,-0.0,284.69171142578125,0.8840867280960083,0.4771493375301361,0.3352076411247253,297.1529235839844,297.1499938964844,293.1499938964844,0.0,-0.0,284.6914978027344,0.8042774796485901,0.3542071878910064,0.3389594554901123,297.1302185058594,297.1499938964844,293.1499938964844,0.0,-0.0,284.6910095214844,0.6961790323257446,0.2266717404127121,1.038630485534668,284.6916809082031,284.95001220703125,296.8387451171875,291.8847961425781,297.10113525390625,297.1776733398437,284.6929931640625,1.0,0.5869476199150085,0.2980489730834961,0.2980489730834961,1.0,1.0,-3.0327301025390625,0.6132246851921082,2.4195055961608887,-0.0724092647433281,0.8909021019935608,0.8909021019935608,0.0,174.09083557128906,180.0,50513.4609375,0.0,2490.912841796875,1.0,279.7420959472656,283.06268310546875,294.845458984375,298.0780029296875,293.1499938964844,293.1499938964844,280.04998779296875,36389.28515625,36000.0,313.1499938964844,0.0,18000.0,1.0,0.0,0.0,0.0,1.0,0.9134884476661682,1.0,0.0,0.0,3.632436990737915,3.632460832595825,8.804191224953684e-07,4.265924453735352,4.265914440155029,9.78592834144365e-06,0.0,0.0,-0.0,7035.19580078125,0.0,1516.6151123046875,1895.4371337890625,0.0,3528.948974609375,0.901630699634552,1.0,0.0,3.0,1.0,0.0
12409920,297.1210632324219,297.1499938964844,293.1499938964844,0.0,-0.0,284.6912536621094,0.7442334294319153,0.279619961977005,0.2552509605884552,296.9612121582031,297.1499938964844,293.1499938964844,0.0,-0.0,284.6918334960937,0.953644633293152,0.5867967009544373,0.5577319860458374,297.3135986328125,297.1499938964844,293.1499938964844,0.0,-0.0,284.69171142578125,0.8840867280960083,0.4771493375301361,0.3352076411247253,297.1529235839844,297.1499938964844,293.1499938964844,0.0,-0.0,284.6914978027344,0.8042774796485901,0.3542071878910064,0.3389594554901123,297.1302185058594,297.1499938964844,293.1499938964844,0.0,-0.0,284.6910095214844,0.6961790323257446,0.2266717404127121,1.038630485534668,284.6916809082031,284.95001220703125,296.8387451171875,291.8847961425781,297.10113525390625,297.1776733398437,284.6929931640625,1.0,0.5869476199150085,0.2980489730834961,0.2980489730834961,1.0,1.0,-3.0327301025390625,0.6132246851921082,2.4195055961608887,-0.0724092647433281,0.8909021019935608,0.8909021019935608,0.0,174.09083557128906,180.0,50513.4609375,0.0,2490.912841796875,1.0,279.7420959472656,283.06268310546875,294.845458984375,298.0780029296875,293.1499938964844,293.1499938964844,280.04998779296875,36389.28515625,36000.0,313.1499938964844,0.0,18000.0,1.0,0.0,0.0,0.0,1.0,0.9134884476661682,1.0,0.0,0.0,3.632436990737915,3.632460832595825,8.804191224953684e-07,4.265924453735352,4.265914440155029,9.78592834144365e-06,0.0,0.0,-0.0,7035.19580078125,0.0,1516.6151123046875,1895.4371337890625,0.0,3528.948974609375,0.901630699634552,1.0,0.0,3.0,1.0,0.0
12409980,297.1304626464844,297.1499938964844,293.1499938964844,0.0,-0.0,284.8853454589844,0.7423273921012878,0.2801951766014099,0.2556236386299133,296.9745483398437,297.1499938964844,293.1499938964844,0.0,-0.0,284.8860778808594,0.9495250582695008,0.5857452154159546,0.5564939975738525,297.3269958496094,297.1499938964844,293.1499938964844,0.0,-0.0,284.88592529296875,0.8831853866577148,0.4805673062801361,0.3374360501766205,297.1600952148437,297.1499938964844,293.1499938964844,0.0,-0.0,284.8856506347656,0.8020803928375244,0.3549609184265136,0.3395096659660339,297.134521484375,297.1499938964844,293.1499938964844,0.0,-0.0,284.885009765625,0.6938426494598389,0.2268460392951965,1.0388000011444092,284.8858642578125,284.95001220703125,296.7874755859375,291.8656311035156,297.0975952148437,297.1880187988281,284.8876037597656,1.0,0.5886486768722534,0.2995350360870361,0.2995350360870361,1.0,1.0,-3.035223960876465,0.6180749535560608,2.417149066925049,-0.0681532844901084,0.8916284441947937,0.8916284441947937,0.0,176.40603637695312,183.0,49143.984375,0.0,2507.558837890625,1.0,280.0415954589844,283.2787780761719,294.8161315917969,297.94439697265625,293.1499938964844,293.1499938964844,280.3500061035156,36195.1328125,36000.0,313.1499938964844,0.0,18000.0,1.0,0.0,0.0,0.0,1.0,0.9006530046463013,1.0,0.0,0.0,3.6244325637817374,3.624456405639648,8.765432539803442e-07,4.265924453735352,4.265914440155029,9.78592834144365e-06,0.0,0.0,-0.0,6892.052734375,0.0,1506.35888671875,1895.4371337890625,0.0,3409.670654296875,0.8997175097465515,1.0,0.0,3.0,1.0,0.0
12410040,297.1304626464844,297.1499938964844,293.1499938964844,0.0,-0.0,284.8853454589844,0.7423273921012878,0.2801951766014099,0.2556236386299133,296.9745483398437,297.1499938964844,293.1499938964844,0.0,-0.0,284.8860778808594,0.9495250582695008,0.5857452154159546,0.5564939975738525,297.3269958496094,297.1499938964844,293.1499938964844,0.0,-0.0,284.88592529296875,0.8831853866577148,0.4805673062801361,0.3374360501766205,297.1600952148437,297.1499938964844,293.1499938964844,0.0,-0.0,284.8856506347656,0.8020803928375244,0.3549609184265136,0.3395096659660339,297.134521484375,297.1499938964844,293.1499938964844,0.0,-0.0,284.885009765625,0.6938426494598389,0.2268460392951965,1.0388000011444092,284.8858642578125,284.95001220703125,296.7874755859375,291.8656311035156,297.0975952148437,297.1880187988281,284.8876037597656,1.0,0.5886486768722534,0.2995350360870361,0.2995350360870361,1.0,1.0,-3.035223960876465,0.6180749535560608,2.417149066925049,-0.0681532844901084,0.8916284441947937,0.8916284441947937,0.0,176.40603637695312,183.0,49143.984375,0.0,2507.558837890625,1.0,280.0415954589844,283.2787780761719,294.8161315917969,297.94439697265625,293.1499938964844,293.1499938964844,280.3500061035156,36195.1328125,36000.0,313.1499938964844,0.0,18000.0,1.0,0.0,0.0,0.0,1.0,0.9006530046463013,1.0,0.0,0.0,3.6244325637817374,3.624456405639648,8.765432539803442e-07,4.265924453735352,4.265914440155029,9.78592834144365e-06,0.0,0.0,-0.0,6892.052734375,0.0,1506.35888671875,1895.4371337890625,0.0,3409.670654296875,0.8997175097465515,1.0,0.0,3.0,1.0,0.0
12410100,297.1371459960937,297.1499938964844,293.1499938964844,0.0,-0.0,285.0262145996094,0.7418971061706543,0.2807250320911407,0.2560368776321411,296.9839782714844,297.1499938964844,293.1499938964844,0.0,-0.0,285.0298767089844,0.9481334090232848,0.5855560302734375,0.5562192797660828,297.3358154296875,297.1499938964844,293.1499938964844,0.0,-0.0,285.0291748046875,0.8833135962486267,0.4825526773929596,0.3387511968612671,297.1659851074219,297.1499938964844,293.1499938964844,0.0,-0.0,285.0277404785156,0.8015632033348083,0.3555998206138611,0.3400471210479736,297.1389465332031,297.1499938964844,293.1499938964844,0.0,-0.0,285.0244445800781,0.6932846307754517,0.2271821349859237,1.040052056312561,285.0289001464844,284.95001220703125,296.7604675292969,291.8554992675781,297.09698486328125,297.1950988769531,285.0377197265625,1.0,0.5897189974784851,0.3002780377864837,0.3002780377864837,1.0,1.0,-3.0391194820404053,0.6212377548217773,2.417881727218628,-0.0658513680100441,0.8935371041297913,0.8935371041297913,0.0,177.3715057373047,183.0,48014.31640625,0.0,2519.888671875,1.0,280.2980041503906,283.44561767578125,294.7870788574219,297.79461669921875,293.1499938964844,293.1499938964844,280.3500061035156,36062.16796875,36000.0,313.1499938964844,0.0,18000.0,1.0,0.0,0.0,0.0,1.0,0.8928546905517578,1.0,0.0,0.0,3.62364673614502,3.6236705780029297,8.761631988818408e-07,4.265924453735352,4.265914440155029,9.78592834144365e-06,0.0,0.0,-0.0,7087.23388671875,0.0,1504.50830078125,1895.4371337890625,0.0,3336.89404296875,0.8994861841201782,1.0,0.0,3.0,1.0,0.0
12410160,297.1448974609375,297.1499938964844,293.1499938964844,0.0,-0.0,285.08349609375,0.7418365478515625,0.2814054489135742,0.2566371858119964,296.9947509765625,297.1499938964844,293.1499938964844,0.0,-0.0,285.084228515625,0.9472085237503052,0.5855639576911926,0.5562089085578918,297.34576416015625,297.1499938964844,293.1499938964844,0.0,-0.0,285.0841064453125,0.8838510513305664,0.4847081303596496,0.340239405632019,297.1730651855469,297.1499938964844,293.1499938964844,0.0,-0.0,285.08380126953125,0.8014375567436218,0.3563959896564483,0.3407772183418274,297.1446228027344,297.1499938964844,293.1499938964844,0.0,-0.0,285.0831604003906,0.6931279897689819,0.2276680916547775,1.042100429534912,285.08404541015625,284.95001220703125,296.73260498046875,291.84503173828125,297.0972900390625,297.20367431640625,285.0858459472656,1.0,0.5909660458564758,0.3008889257907867,0.3008889257907867,1.0,1.0,-3.044955253601074,0.6245980858802795,2.4203572273254395,-0.0637824386358261,0.8950298428535461,0.8950298428535461,0.0,178.21681213378906,186.0,47907.46875,0.0,2535.29931640625,1.0,280.3415222167969,283.4961242675781,294.8022766113281,297.8489990234375,293.1499938964844,293.1499938964844,280.6499938964844,35947.078125,36000.0,313.1499938964844,0.0,18000.0,1.0,0.0,0.0,0.0,1.0,0.8896303176879883,1.0,0.0,0.0,3.625664234161377,3.625688076019287,8.771390866968432e-07,4.265924453735352,4.265914440155029,9.78592834144365e-06,0.0,0.0,-0.0,6769.28173828125,0.0,1505.86865234375,1895.4371337890625,0.0,3306.750244140625,0.8998232483863831,1.0,0.0,3.0,1.0,0.0
12410220,297.1609802246094,297.1499938964844,293.1499938964844,0.0,-0.0,285.28131103515625,0.7418227791786194,0.28296959400177,0.2580148577690124,297.01727294921875,297.1499938964844,293.1499938964844,0.0,-0.0,285.2820129394531,0.9454417824745178,0.5858765244483948,0.5564462542533875,297.3664855957031,297.1499938964844,293.1499938964844,0.0,-0.0,285.2818908691406,0.8849899172782898,0.4892853796482086,0.3433777987957001,297.1883239746094,297.1499938964844,293.1499938964844,0.0,-0.0,285.2816162109375,0.8013121485710144,0.3582333624362945,0.3424704074859619,297.157470703125,297.1499938964844,293.1499938964844,0.0,-0.0,285.2809753417969,0.6930519938468933,0.2288993448019027,1.0474339723587036,285.2818298339844,284.95001220703125,296.6744689941406,291.8230895996094,297.0982971191406,297.221923828125,285.2835998535156,1.0,0.5938544869422913,0.3021106421947479,0.3021106421947479,1.0,1.0,-3.0591132640838623,0.631982684135437,2.427130460739136,-0.0595070049166679,0.901068925857544,0.901068925857544,0.0,180.06915283203125,189.0,46770.3203125,0.0,2571.87255859375,1.0,280.6416015625,283.7118530273437,294.787353515625,297.7626037597656,293.1499938964844,293.1499938964844,280.3500061035156,35677.4140625,36000.0,313.1499938964844,0.0,18000.0,1.0,0.0,0.0,0.0,1.0,0.8800764679908752,1.0,0.0,0.0,3.6369669437408447,3.636990785598755,8.826164616948518e-07,4.265924453735352,4.265914440155029,9.78592834144365e-06,0.0,0.0,-0.0,7438.9677734375,0.0,1516.3118896484375,1895.4371337890625,0.0,3217.296875,0.9021631479263306,1.0,0.0,3.0,1.0,0.0
12410280,297.1609802246094,297.1499938964844,293.1499938964844,0.0,-0.0,285.28131103515625,0.7418227791786194,0.28296959400177,0.2580148577690124,297.01727294921875,297.1499938964844,293.1499938964844,0.0,-0.0,285.2820129394531,0.9454417824745178,0.5858765244483948,0.5564462542533875,297.3664855957031,297.1499938964844,293.1499938964844,0.0,-0.0,285.2818908691406,0.8849899172782898,0.4892853796482086,0.3433777987957001,297.1883239746094,297.1499938964844,293.1499938964844,0.0,-0.0,285.2816162109375,0.8013121485710144,0.3582333624362945,0.3424704074859619,297.157470703125,297.1499938964844,293.1499938964844,0.0,-0.0,285.2809753417969,0.6930519938468933,0.2288993448019027,1.0474339723587036,285.2818298339844,284.95001220703125,296.6744689941406,291.8230895996094,297.0982971191406,297.221923828125,285.2835998535156,1.0,0.5938544869422913,0.3021106421947479,0.3021106421947479,1.0,1.0,-3.0591132640838623,0.631982684135437,2.427130460739136,-0.0595070049166679,0.901068925857544,0.901068925857544,0.0,180.06915283203125,189.0,46770.3203125,0.0,2571.87255859375,1.0,280.6416015625,283.7118530273437,294.787353515625,297.7626037597656,293.1499938964844,293.1499938964844,280.3500061035156,35677.4140625,36000.0,313.1499938964844,0.0,18000.0,1.0,0.0,0.0,0.0,1.0,0.8800764679908752,1.0,0.0,0.0,3.6369669437408447,3.636990785598755,8.826164616948518e-07,4.265924453735352,4.265914440155029,9.78592834144365e-06,0.0,0.0,-0.0,7438.9677734375,0.0,1516.3118896484375,1895.4371337890625,0.0,3217.296875,0.9021631479263306,1.0,0.0,3.0,1.0,0.0
12410340,297.1621398925781,297.1499938964844,293.1499938964844,0.0,-0.0,285.11480712890625,0.7399967312812805,0.283249020576477,0.258783757686615,297.02056884765625,297.1499938964844,293.1499938964844,0.0,-0.0,285.1141967773437,0.941193699836731,0.584555983543396,0.555869460105896,297.3692321777344,297.1499938964844,293.1499938964844,0.0,-0.0,285.11431884765625,0.8839560151100159,0.4923283159732818,0.3459413647651672,297.1911315917969,297.1499938964844,293.1499938964844,0.0,-0.0,285.11456298828125,0.7993105053901672,0.3590209186077118,0.3436928689479828,297.1621398925781,297.1499938964844,293.1499938964844,0.0,-0.0,285.1150817871094,0.6913881897926331,0.2294811159372329,1.051748514175415,285.1143493652344,284.95001220703125,296.61346435546875,291.7999572753906,297.0876159667969,297.2260131835937,285.1129150390625,1.0,0.5968275666236877,0.3033323585987091,0.3033323585987091,1.0,1.0,-3.069096326828003,0.6382190585136414,2.430877447128296,-0.0552354454994201,0.9019259810447692,0.9019259810447692,0.0,183.10025024414065,192.0,48175.046875,0.0,2606.853759765625,1.0,280.3578796386719,283.5183410644531,294.8475341796875,297.9779663085937,293.1499938964844,293.1499938964844,280.04998779296875,35758.0625,36000.0,313.1499938964844,0.0,18000.0,1.0,0.0,0.0,0.0,1.0,0.8936963677406311,1.0,0.0,0.0,3.64678406715393,3.646807909011841,8.873876709003525e-07,4.265924453735352,4.265914440155029,9.78592834144365e-06,0.0,0.0,-0.0,7639.25634765625,0.0,1527.7850341796875,1895.4371337890625,0.0,3344.758056640625,0.9043831825256348,1.0,0.0,3.0,1.0,0.0
12410400,297.1621398925781,297.1499938964844,293.1499938964844,0.0,-0.0,285.11480712890625,0.7399967312812805,0.283249020576477,0.258783757686615,297.02056884765625,297.1499938964844,293.1499938964844,0.0,-0.0,285.1141967773437,0.941193699836731,0.584555983543396,0.555869460105896,297.3692321777344,297.1499938964844,293.1499938964844,0.0,-0.0,285.11431884765625,0.8839560151100159,0.4923283159732818,0.3459413647651672,297.1911315917969,297.1499938964844,293.1499938964844,0.0,-0.0,285.11456298828125,0.7993105053901672,0.3590209186077118,0.3436928689479828,297.1621398925781,297.1499938964844,293.1499938964844,0.0,-0.0,285.1150817871094,0.6913881897926331,0.2294811159372329,1.051748514175415,285.1143493652344,284.95001220703125,296.61346435546875,291.7999572753906,297.0876159667969,297.2260131835937,285.1129150390625,1.0,0.5968275666236877,0.3033323585987091,0.3033323585987091,1.0,1.0,-3.069096326828003,0.6382190585136414,2.430877447128296,-0.0552354454994201,0.9019259810447692,0.9019259810447692,0.0,183.10025024414065,192.0,48175.046875,0.0,2606.853759765625,1.0,280.3578796386719,283.5183410644531,294.8475341796875,297.9779663085937,293.1499938964844,293.1499938964844,280.04998779296875,35758.0625,36000.0,313.1499938964844,0.0,18000.0,1.0,0.0,0.0,0.0,1.0,0.8936963677406311,1.0,0.0,0.0,3.64678406715393,3.646807909011841,8.873876709003525e-07,4.265924453735352,4.265914440155029,9.78592834144365e-06,0.0,0.0,-0.0,7639.25634765625,0.0,1527.7850341796875,1895.4371337890625,0.0,3344.758056640625,0.9043831825256348,1.0,0.0,3.0,1.0,0.0
12410460,297.150146484375,297.1499938964844,293.1499938964844,0.0,-0.0,284.9176025390625,0.7354497313499451,0.2821970880031585,0.2582508027553558,297.0073547363281,297.1499938964844,293.1499938964844,0.0,-0.0,284.9168701171875,0.9332854747772216,0.5815896987915039,0.5535792112350464,297.3575439453125,297.1499938964844,293.1499938964844,0.0,-0.0,284.9169921875,0.8798561096191406,0.4939328134059906,0.3473795056343078,297.1811828613281,297.1499938964844,293.1499938964844,0.0,-0.0,284.91729736328125,0.7944335341453552,0.358545184135437,0.3436761200428009,297.1566772460937,297.1499938964844,293.1499938964844,0.0,-0.0,284.91796875,0.6870366334915161,0.229091614484787,1.0518202781677246,284.91705322265625,284.95001220703125,296.5499267578125,291.7757568359375,297.0659484863281,297.216552734375,284.9151916503906,1.0,0.5990793704986572,0.3042868375778198,0.3042868375778198,1.0,1.0,-3.067507743835449,0.6404938697814941,2.427013874053955,-0.0523857101798057,0.8998835682868958,0.8998835682868958,0.0,187.45751953125,195.0,49458.1640625,0.0,2626.567138671875,1.0,280.0582275390625,283.30096435546875,294.83233642578125,298.06304931640625,293.1499938964844,293.1499938964844,279.75,35951.21875,36000.0,313.1499938964844,0.0,18000.0,1.0,0.0,0.0,0.0,1.0,0.9080581068992616,1.0,0.0,0.0,3.6493189334869385,3.6493427753448486,8.886217415238207e-07,4.265924453735352,4.265914440155029,9.78592834144365e-06,0.0,0.0,-0.0,7787.169921875,0.0,1532.0458984375,1895.4371337890625,0.0,3478.5732421875,0.9050737619400024,1.0,0.0,3.0,1.0,0.0
12410520,297.150146484375,297.1499938964844,293.1499938964844,0.0,-0.0,284.9176025390625,0.7354497313499451,0.2821970880031585,0.2582508027553558,297.0073547363281,297.1499938964844,293.1499938964844,0.0,-0.0,284.9168701171875,0.9332854747772216,0.5815896987915039,0.5535792112350464,297.3575439453125,297.1499938964844,293.1499938964844,0.0,-0.0,284.9169921875,0.8798561096191406,0.4939328134059906,0.3473795056343078,297.1811828613281,297.1499938964844,293.1499938964844,0.0,-0.0,284.91729736328125,0.7944335341453552,0.358545184135437,0.3436761200428009,297.1566772460937,297.1499938964844,293.1499938964844,0.0,-0.0,284.91796875,0.6870366334915161,0.229091614484787,1.0518202781677246,284.91705322265625,284.95001220703125,296.5499267578125,291.7757568359375,297.0659484863281,297.216552734375,284.9151916503906,1.0,0.5990793704986572,0.3042868375778198,0.3042868375778198,1.0,1.0,-3.067507743835449,0.6404938697814941,2.427013874053955,-0.0523857101798057,0.8998835682868958,0.8998835682868958,0.0,187.45751953125,195.0,49458.1640625,0.0,2626.567138671875,1.0,280.0582275390625,283.30096435546875,294.83233642578125,298.06304931640625,293.1499938964844,293.1499938964844,279.75,35951.21875,36000.0,313.1499938964844,0.0,18000.0,1.0,0.0,0.0,0.0,1.0,0.9080581068992616,1.0,0.0,0.0,3.6493189334869385,3.6493427753448486,8.886217415238207e-07,4.265924453735352,4.265914440155029,9.78592834144365e-06,0.0,0.0,-0.0,7787.169921875,0.0,1532.0458984375,1895.4371337890625,0.0,3478.5732421875,0.9050737619400024,1.0,0.0,3.0,1.0,0.0
12410580,297.1335144042969,297.1499938964844,293.1499938964844,0.0,-0.0,284.7143859863281,0.730084240436554,0.2805153131484985,0.2570410072803497,296.98785400390625,297.1499938964844,293.1499938964844,0.0,-0.0,284.7135925292969,0.9243150949478148,0.5778124928474426,0.5503962635993958,297.340576171875,297.1499938964844,293.1499938964844,0.0,-0.0,284.7137145996094,0.874939501285553,0.4948464035987854,0.3482567965984344,297.1654052734375,297.1499938964844,293.1499938964844,0.0,-0.0,284.71405029296875,0.7886390686035156,0.3573463261127472,0.3428893983364105,297.1457214355469,297.1499938964844,293.1499938964844,0.0,-0.0,284.7147521972656,0.6816946864128113,0.2280694395303726,1.048794865608215,284.7138061523437,284.95001220703125,296.4842529296875,291.7506103515625,297.03875732421875,297.2005920410156,284.7118225097656,1.0,0.600544273853302,0.3052413463592529,0.3052413463592529,1.0,1.0,-3.0587048530578613,0.6407137513160706,2.4179911613464355,-0.0500341430306434,0.8950831294059753,0.8950831294059753,0.0,192.0106201171875,198.0,50583.26953125,0.0,2633.318115234375,1.0,279.7582702636719,283.0808410644531,294.796875,298.1029663085937,293.1499938964844,293.1499938964844,280.04998779296875,36203.5,36000.0,313.1499938964844,0.0,18000.0,1.0,0.0,0.0,0.0,1.0,0.9197056889533995,1.0,0.0,0.0,3.642534494400024,3.642558336257935,8.853207305037358e-07,4.265924453735352,4.265914440155029,9.78592834144365e-06,0.0,0.0,-0.0,7060.03369140625,0.0,1526.3980712890625,1895.4371337890625,0.0,3586.44189453125,0.903725802898407,1.0,0.0,3.0,1.0,0.0
12410640,297.1335144042969,297.1499938964844,293.1499938964844,0.0,-0.0,284.7143859863281,0.730084240436554,0.2805153131484985,0.2570410072803497,296.98785400390625,297.1499938964844,293.1499938964844,0.0,-0.0,284.7135925292969,0.9243150949478148,0.5778124928474426,0.5503962635993958,297.340576171875,297.1499938964844,293.1499938964844,0.0,-0.0,284.7137145996094,0.874939501285553,0.4948464035987854,0.3482567965984344,297.1654052734375,297.1499938964844,293.1499938964844,0.0,-0.0,284.71405029296875,0.7886390686035156,0.3573463261127472,0.3428893983364105,297.1457214355469,297.1499938964844,293.1499938964844,0.0,-0.0,284.7147521972656,0.6816946864128113,0.2280694395303726,1.048794865608215,284.7138061523437,284.95001220703125,296.4842529296875,291.7506103515625,297.03875732421875,297.2005920410156,284.7118225097656,1.0,0.600544273853302,0.3052413463592529,0.3052413463592529,1.0,1.0,-3.0587048530578613,0.6407137513160706,2.4179911613464355,-0.0500341430306434,0.8950831294059753,0.8950831294059753,0.0,192.0106201171875,198.0,50583.26953125,0.0,2633.318115234375,1.0,279.7582702636719,283.0808410644531,294.796875,298.1029663085937,293.1499938964844,293.1499938964844,280.04998779296875,36203.5,36000.0,313.1499938964844,0.0,18000.0,1.0,0.0,0.0,0.0,1.0,0.9197056889533995,1.0,0.0,0.0,3.642534494400024,3.642558336257935,8.853207305037358e-07,4.265924453735352,4.265914440155029,9.78592834144365e-06,0.0,0.0,-0.0,7060.03369140625,0.0,1526.3980712890625,1895.4371337890625,0.0,3586.44189453125,0.903725802898407,1.0,0.0,3.0,1.0,0.0
12410700,297.1297302246094,297.1499938964844,293.1499938964844,0.0,-0.0,284.8288879394531,0.7277251482009888,0.2800356447696686,0.2564632296562195,296.9838256835937,297.1499938964844,293.1499938964844,0.0,-0.0,284.8320617675781,0.920340657234192,0.5763835906982422,0.5488303303718567,297.3377685546875,297.1499938964844,293.1499938964844,0.0,-0.0,284.8315734863281,0.8729076385498047,0.4957730770111084,0.3487325012683868,297.16082763671875,297.1499938964844,293.1499938964844,0.0,-0.0,284.83026123046875,0.786066472530365,0.3569908142089844,0.3424493074417114,297.1420288085937,297.1499938964844,293.1499938964844,0.0,-0.0,284.8274230957031,0.679261326789856,0.2276797592639923,1.046894073486328,284.83123779296875,284.95001220703125,296.4507141113281,291.7377014160156,297.0281982421875,297.1966552734375,284.8387756347656,1.0,0.6010829210281372,0.3057185709476471,0.3057185709476471,1.0,1.0,-3.053879499435425,0.6407038569450378,2.4131758213043213,-0.0489874668419361,0.8954020142555237,0.8954020142555237,0.0,193.9969024658203,198.0,49380.875,0.0,2634.349365234375,1.0,280.00115966796875,283.2269897460937,294.7107849121094,297.8480834960937,293.1499938964844,293.1499938964844,280.04998779296875,36167.3359375,36000.0,313.1499938964844,0.0,18000.0,1.0,0.0,0.0,0.0,1.0,0.913166642189026,1.0,0.0,0.0,3.639012098312378,3.639035940170288,8.836092888486746e-07,4.265924453735352,4.265914440155029,9.78592834144365e-06,0.0,0.0,-0.0,7218.47265625,0.0,1522.2264404296875,1895.4371337890625,0.0,3525.9677734375,0.9029707312583924,1.0,0.0,3.0,1.0,0.0
12410760,297.1307373046875,297.1499938964844,293.1499938964844,0.0,-0.0,284.8758239746094,0.7264232039451599,0.280004471540451,0.2563275098800659,296.9859619140625,297.1499938964844,293.1499938964844,0.0,-0.0,284.8763122558594,0.917856216430664,0.5755407214164734,0.5478776693344116,297.3406677246094,297.1499938964844,293.1499938964844,0.0,-0.0,284.8762512207031,0.8721269965171814,0.4972442984580993,0.3496458828449249,297.1606140136719,297.1499938964844,293.1499938964844,0.0,-0.0,284.87603759765625,0.784605085849762,0.3570370674133301,0.3423928022384643,297.1415405273437,297.1499938964844,293.1499938964844,0.0,-0.0,284.8755798339844,0.6778223514556885,0.2275778949260711,1.046153903007507,284.8761901855469,284.95001220703125,296.4167785644531,291.7246398925781,297.021728515625,297.1982116699219,284.8773803710937,1.0,0.6017351150512695,0.3063335418701172,0.3063335418701172,1.0,1.0,-3.0527048110961914,0.6420860290527344,2.410618782043457,-0.0473805628716945,0.8954023122787476,0.8954023122787476,0.0,195.36021423339844,201.0,49176.7890625,0.0,2639.17578125,1.0,280.0422058105469,283.2706604003906,294.69073486328125,297.84014892578125,293.1499938964844,293.1499938964844,280.3500061035156,36114.4609375,36000.0,313.1499938964844,0.0,18000.0,1.0,0.0,0.0,0.0,1.0,0.9090355634689332,1.0,0.0,0.0,3.637448310852051,3.637472152709961,8.828500313029508e-07,4.265924453735352,4.265914440155029,9.78592834144365e-06,0.0,0.0,-0.0,6868.98583984375,0.0,1520.102294921875,1895.4371337890625,0.0,3487.6513671875,0.9025588035583496,1.0,0.0,3.0,1.0,0.0
12410820,297.139892578125,297.1499938964844,293.1499938964844,0.0,-0.0,285.065673828125,0.7253458499908447,0.2806794643402099,0.2567836940288543,296.9996643066406,297.1499938964844,293.1499938964844,0.0,-0.0,285.0662841796875,0.9149852991104126,0.5748396515846252,0.5469936728477478,297.35455322265625,297.1499938964844,293.1499938964844,0.0,-0.0,285.0661926269531,0.8722881078720093,0.5010585784912109,0.3521458804607391,297.1676940917969,297.1499938964844,293.1499938964844,0.0,-0.0,285.0659484863281,0.7833356261253357,0.3578798472881317,0.3430240452289581,297.14666748046875,297.1499938964844,293.1499938964844,0.0,-0.0,285.0653686523437,0.6765267252922058,0.2279817759990692,1.04738450050354,285.0661315917969,284.95001220703125,296.3478698730469,291.697998046875,297.0144958496094,297.208984375,285.06768798828125,1.0,0.6034864783287048,0.307563453912735,0.307563453912735,1.0,1.0,-3.057425022125244,0.6468997001647949,2.410525321960449,-0.0436376705765724,0.8985050320625305,0.8985050320625305,0.0,197.3318328857422,204.0,47878.765625,0.0,2658.57470703125,1.0,280.3416748046875,283.4824523925781,294.6513061523437,297.7006225585937,293.1499938964844,293.1499938964844,280.6499938964844,35919.4296875,36000.0,313.1499938964844,0.0,18000.0,1.0,0.0,0.0,0.0,1.0,0.8966871500015259,1.0,0.0,0.0,3.6397624015808105,3.6397862434387207,8.839737688504101e-07,4.265924453735352,4.265914440155029,9.78592834144365e-06,0.0,0.0,-0.0,6734.171875,0.0,1521.2073974609375,1895.4371337890625,0.0,3372.68408203125,0.9029498100280762,1.0,0.0,3.0,1.0,0.0
12410880,297.139892578125,297.1499938964844,293.1499938964844,0.0,-0.0,285.065673828125,0.7253458499908447,0.2806794643402099,0.2567836940288543,296.9996643066406,297.1499938964844,293.1499938964844,0.0,-0.0,285.0662841796875,0.9149852991104126,0.5748396515846252,0.5469936728477478,297.35455322265625,297.1499938964844,293.1499938964844,0.0,-0.0,285.0661926269531,0.8722881078720093,0.5010585784912109,0.3521458804607391,297.1676940917969,297.1499938964844,293.1499938964844,0.0,-0.0,285.0659484863281,0.7833356261253357,0.3578798472881317,0.3430240452289581,297.14666748046875,297.1499938964844,293.1499938964844,0.0,-0.0,285.0653686523437,0.6765267252922058,0.2279817759990692,1.04738450050354,285.0661315917969,284.95001220703125,296.3478698730469,291.697998046875,297.0144958496094,297.208984375,285.06768798828125,1.0,0.6034864783287048,0.307563453912735,0.307563453912735,1.0,1.0,-3.057425022125244,0.6468997001647949,2.410525321960449,-0.0436376705765724,0.8985050320625305,0.8985050320625305,0.0,197.3318328857422,204.0,47878.765625,0.0,2658.57470703125,1.0,280.3416748046875,283.4824523925781,294.6513061523437,297.7006225585937,293.1499938964844,293.1499938964844,280.6499938964844,35919.4296875,36000.0,313.1499938964844,0.0,18000.0,1.0,0.0,0.0,0.0,1.0,0.8966871500015259,1.0,0.0,0.0,3.6397624015808105,3.6397862434387207,8.839737688504101e-07,4.265924453735352,4.265914440155029,9.78592834144365e-06,0.0,0.0,-0.0,6734.171875,0.0,1521.2073974609375,1895.4371337890625,0.0,3372.68408203125,0.9029498100280762,1.0,0.0,3.0,1.0,0.0
12410940,297.1537475585937,297.1499938964844,293.1499938964844,0.0,-0.0,285.25933837890625,0.725261390209198,0.2819514572620392,0.257855087518692,297.01922607421875,297.1499938964844,293.1499938964844,0.0,-0.0,285.2599792480469,0.9133889079093932,0.5749114751815796,0.5469560027122498,297.37335205078125,297.1499938964844,293.1499938964844,0.0,-0.0,285.2599182128906,0.8734878301620483,0.505550742149353,0.3551929891109466,297.18017578125,297.1499938964844,293.1499938964844,0.0,-0.0,285.2596130371094,0.7831446528434753,0.3593648970127105,0.3443391323089599,297.1568298339844,297.1499938964844,293.1499938964844,0.0,-0.0,285.259033203125,0.676365077495575,0.2289659082889557,1.0514403581619265,285.25982666015625,284.95001220703125,296.2779235839844,291.6708374023437,297.0108947753906,297.2247314453125,285.2614440917969,1.0,0.6058985590934753,0.3087933957576751,0.3087933957576751,1.0,1.0,-3.068782329559326,0.6536099314689636,2.4151723384857178,-0.0394343584775924,0.9042223691940308,0.9042223691940308,0.0,199.03456115722656,207.0,46697.98828125,0.0,2689.573974609375,1.0,280.6417236328125,283.6956481933594,294.6297607421875,297.6007995605469,293.1499938964844,293.1499938964844,280.3500061035156,35682.078125,36000.0,313.1499938964844,0.0,18000.0,1.0,0.0,0.0,0.0,1.0,0.8859359622001648,1.0,0.0,0.0,3.6509199142456055,3.650943756103516,8.894015195437532e-07,4.265924453735352,4.265914440155029,9.78592834144365e-06,0.0,0.0,-0.0,7397.68994140625,0.0,1531.812744140625,1895.4371337890625,0.0,3272.18115234375,0.9052849411964417,1.0,0.0,3.0,1.0,0.0
12411000,297.1537475585937,297.1499938964844,293.1499938964844,0.0,-0.0,285.25933837890625,0.725261390209198,0.2819514572620392,0.257855087518692,297.01922607421875,297.1499938964844,293.1499938964844,0.0,-0.0,285.2599792480469,0.9133889079093932,0.5749114751815796,0.5469560027122498,297.37335205078125,297.1499938964844,293.1499938964844,0.0,-0.0,285.2599182128906,0.8734878301620483,0.505550742149353,0.3551929891109466,297.18017578125,297.1499938964844,293.1499938964844,0.0,-0.0,285.2596130371094,0.7831446528434753,0.3593648970127105,0.3443391323089599,297.1568298339844,297.1499938964844,293.1499938964844,0.0,-0.0,285.259033203125,0.676365077495575,0.2289659082889557,1.0514403581619265,285.25982666015625,284.95001220703125,296.2779235839844,291.6708374023437,297.0108947753906,297.2247314453125,285.2614440917969,1.0,0.6058985590934753,0.3087933957576751,0.3087933957576751,1.0,1.0,-3.068782329559326,0.6536099314689636,2.4151723384857178,-0.0394343584775924,0.9042223691940308,0.9042223691940308,0.0,199.03456115722656,207.0,46697.98828125,0.0,2689.573974609375,1.0,280.6417236328125,283.6956481933594,294.6297607421875,297.6007995605469,293.1499938964844,293.1499938964844,280.3500061035156,35682.078125,36000.0,313.1499938964844,0.0,18000.0,1.0,0.0,0.0,0.0,1.0,0.8859359622001648,1.0,0.0,0.0,3.6509199142456055,3.650943756103516,8.894015195437532e-07,4.265924453735352,4.265914440155029,9.78592834144365e-06,0.0,0.0,-0.0,7397.68994140625,0.0,1531.812744140625,1895.4371337890625,0.0,3272.18115234375,0.9052849411964417,1.0,0.0,3.0,1.0,0.0
12411060,297.1555480957031,297.1499938964844,293.1499938964844,0.0,-0.0,285.11016845703125,0.7245951890945435,0.2821755409240722,0.2584418952465057,297.0226745605469,297.1499938964844,293.1499938964844,0.0,-0.0,285.1085510253906,0.9114339351654052,0.5741042494773865,0.546699047088623,297.3761901855469,297.1499938964844,293.1499938964844,0.0,-0.0,285.1087341308594,0.8735553026199341,0.5078332424163818,0.3571401238441467,297.18267822265625,297.1499938964844,293.1499938964844,0.0,-0.0,285.1094665527344,0.7823948860168457,0.3598890900611877,0.3451786041259765,297.16021728515625,297.1499938964844,293.1499938964844,0.0,-0.0,285.1109313964844,0.675784707069397,0.2293705642223358,1.05440092086792,285.10894775390625,284.95001220703125,296.2283020019531,291.6515197753906,297.00244140625,297.2283020019531,285.10504150390625,1.0,0.6077855229377747,0.309469997882843,0.309469997882843,1.0,1.0,-3.0760979652404785,0.6576328277587891,2.418465137481689,-0.0368635542690753,0.9044004678726196,0.9044004678726196,0.0,200.78909301757807,207.0,48006.265625,0.0,2713.091796875,1.0,280.3730773925781,283.5184326171875,294.6978454589844,297.8285217285156,293.1499938964844,293.1499938964844,280.3500061035156,35754.65234375,36000.0,313.1499938964844,0.0,18000.0,1.0,0.0,0.0,0.0,1.0,0.8963762521743774,1.0,0.0,0.0,3.657846212387085,3.657870292663574,8.927793828661379e-07,4.265924453735352,4.265914440155029,9.78592834144365e-06,0.0,0.0,-0.0,7200.19482421875,0.0,1540.0755615234375,1895.4371337890625,0.0,3369.78271484375,0.9068422913551332,1.0,0.0,3.0,1.0,0.0
12411120,297.1539611816406,297.1499938964844,293.1499938964844,0.0,-0.0,285.09014892578125,0.7237577438354492,0.2820419073104858,0.258432388305664,297.021240234375,297.1499938964844,293.1499938964844,0.0,-0.0,285.08953857421875,0.9099078178405762,0.5734857320785522,0.5462479591369629,297.374755859375,297.1499938964844,293.1499938964844,0.0,-0.0,285.0896301269531,0.872944712638855,0.5085439085960388,0.3577172756195068,297.1815795898437,297.1499938964844,293.1499938964844,0.0,-0.0,285.0898742675781,0.7815085053443909,0.3599056899547577,0.3453055024147033,297.1600646972656,297.1499938964844,293.1499938964844,0.0,-0.0,285.0904235839844,0.6750293374061584,0.2293930500745773,1.0549532175064087,285.0896911621094,284.95001220703125,296.207275390625,291.643310546875,296.9969482421875,297.2273254394531,285.08819580078125,1.0,0.6084998250007629,0.3097558319568634,0.3097558319568634,1.0,1.0,-3.0770578384399414,0.6587173342704773,2.41834044456482,-0.035925667732954,0.9047297239303588,0.9047297239303588,0.0,201.86138916015625,210.0,48077.14453125,0.0,2720.600341796875,1.0,280.357666015625,283.5003356933594,294.68804931640625,297.8114013671875,293.1499938964844,293.1499938964844,280.04998779296875,35778.30078125,36000.0,313.1499938964844,0.0,18000.0,1.0,0.0,0.0,0.0,1.0,0.8989702463150024,1.0,0.0,0.0,3.6599879264831534,3.660012006759644,8.938252449297579e-07,4.265924453735352,4.265914440155029,9.78592834144365e-06,0.0,0.0,-0.0,7594.3818359375,0.0,1542.645751953125,1895.4371337890625,0.0,3393.9833984375,0.9073507189750672,1.0,0.0,3.0,1.0,0.0
12411180,297.1416320800781,297.1499938964844,293.1499938964844,0.0,-0.0,284.8916015625,0.7197760343551636,0.2808529436588287,0.2577594816684723,297.0075988769531,297.1499938964844,293.1499938964844,0.0,-0.0,284.890869140625,0.903620183467865,0.5704840421676636,0.5439054369926453,297.36199951171875,297.1499938964844,293.1499938964844,0.0,-0.0,284.8909606933594,0.86969393491745,0.5101090669631958,0.3591209948062897,297.1708984375,297.1499938964844,293.1499938964844,0.0,-0.0,284.89129638671875,0.7773573994636536,0.3592336177825928,0.3450882732868194,297.1538391113281,297.1499938964844,293.1499938964844,0.0,-0.0,284.8919677734375,0.6713634133338928,0.2288998365402221,1.0544856786727903,284.8910522460937,284.95001220703125,296.13629150390625,291.61553955078125,296.9725646972656,297.2165222167969,284.88916015625,1.0,0.6104722619056702,0.310718297958374,0.310718297958374,1.0,1.0,-3.074306964874268,0.6606627702713013,2.4136440753936768,-0.0331617295742034,0.9023293852806092,0.9023293852806092,0.0,206.0324249267578,213.0,49337.39453125,0.0,2737.037841796875,1.0,280.0581359863281,283.2821960449219,294.6710205078125,297.8932189941406,293.1499938964844,293.1499938964844,279.75,35978.9921875,36000.0,313.1499938964844,0.0,18000.0,1.0,0.0,0.0,0.0,1.0,0.913134217262268,1.0,0.0,0.0,3.66149640083313,3.6615207195281982,8.945621630118694e-07,4.265924453735352,4.265914440155029,9.78592834144365e-06,0.0,0.0,-0.0,7739.53076171875,0.0,1545.8389892578125,1895.4371337890625,0.0,3525.667236328125,0.907816767692566,1.0,0.0,3.0,1.0,0.0
12411240,297.1416320800781,297.1499938964844,293.1499938964844,0.0,-0.0,284.8916015625,0.7197760343551636,0.2808529436588287,0.2577594816684723,297.0075988769531,297.1499938964844,293.1499938964844,0.0,-0.0,284.890869140625,0.903620183467865,0.5704840421676636,0.5439054369926453,297.36199951171875,297.1499938964844,293.1499938964844,0.0,-0.0,284.8909606933594,0.86969393491745,0.5101090669631958,0.3591209948062897,297.1708984375,297.1499938964844,293.1499938964844,0.0,-0.0,284.89129638671875,0.7773573994636536,0.3592336177825928,0.3450882732868194,297.1538391113281,297.1499938964844,293.1499938964844,0.0,-0.0,284.8919677734375,0.6713634133338928,0.2288998365402221,1.0544856786727903,284.8910522460937,284.95001220703125,296.13629150390625,291.61553955078125,296.9725646972656,297.2165222167969,284.88916015625,1.0,0.6104722619056702,0.310718297958374,0.310718297958374,1.0,1.0,-3.074306964874268,0.6606627702713013,2.4136440753936768,-0.0331617295742034,0.9023293852806092,0.9023293852806092,0.0,206.0324249267578,213.0,49337.39453125,0.0,2737.037841796875,1.0,280.0581359863281,283.2821960449219,294.6710205078125,297.8932189941406,293.1499938964844,293.1499938964844,279.75,35978.9921875,36000.0,313.1499938964844,0.0,18000.0,1.0,0.0,0.0,0.0,1.0,0.913134217262268,1.0,0.0,0.0,3.66149640083313,3.6615207195281982,8.945621630118694e-07,4.265924453735352,4.265914440155029,9.78592834144365e-06,0.0,0.0,-0.0,7739.53076171875,0.0,1545.8389892578125,1895.4371337890625,0.0,3525.667236328125,0.907816767692566,1.0,0.0,3.0,1.0,0.0
12411300,297.13385009765625,297.1499938964844,293.1499938964844,0.0,-0.0,284.7470092773437,0.7174594402313232,0.2800367176532745,0.2571972608566284,296.9984130859375,297.1499938964844,293.1499938964844,0.0,-0.0,284.7433776855469,0.9003100395202637,0.568682074546814,0.5424302220344543,297.3536071777344,297.1499938964844,293.1499938964844,0.0,-0.0,284.7437744140625,0.8677955269813538,0.5106313824653625,0.3596337139606476,297.16339111328125,297.1499938964844,293.1499938964844,0.0,-0.0,284.74542236328125,0.7749756574630737,0.3586302697658539,0.3447108268737793,297.1487121582031,297.1499938964844,293.1499938964844,0.0,-0.0,284.74871826171875,0.66920006275177,0.2284226268529892,1.053167462348938,284.7442626953125,284.95001220703125,296.1007995605469,291.6015930175781,296.9584045410156,297.2086181640625,284.7353515625,1.0,0.6111980080604553,0.3111995160579681,0.3111995160579681,1.0,1.0,-3.0704386234283447,0.6609214544296265,2.4095170497894287,-0.0319635607302188,0.8995363712310791,0.8995363712310791,0.0,208.1956329345703,213.0,50409.75,0.0,2740.732666015625,1.0,279.8009948730469,283.1128845214844,294.6740417480469,298.01531982421875,293.1499938964844,293.1499938964844,279.75,36114.98046875,36000.0,313.1499938964844,0.0,18000.0,1.0,0.0,0.0,0.0,1.0,0.921257257461548,1.0,0.0,0.0,3.658960103988648,3.6589841842651367,8.933232606977981e-07,4.265924453735352,4.265914440155029,9.78592834144365e-06,0.0,0.0,-0.0,7514.5029296875,0.0,1544.0223388671875,1895.4371337890625,0.0,3600.75634765625,0.9073060750961304,1.0,0.0,3.0,1.0,0.0
12411360,297.1255798339844,297.1499938964844,293.1499938964844,0.0,-0.0,284.71173095703125,0.7147500514984131,0.2791219353675842,0.256477415561676,296.9884033203125,297.1499938964844,293.1499938964844,0.0,-0.0,284.7126159667969,0.8965904712677002,0.5667384266853333,0.5407190918922424,297.3445739746094,297.1499938964844,293.1499938964844,0.0,-0.0,284.7125244140625,0.8655058741569519,0.5110329985618591,0.3599833548069,297.1549987792969,297.1499938964844,293.1499938964844,0.0,-0.0,284.71209716796875,0.7722216248512268,0.357892096042633,0.3441446125507355,297.1427001953125,297.1499938964844,293.1499938964844,0.0,-0.0,284.7113647460937,0.6666749715805054,0.2278221845626831,1.05112886428833,284.7123718261719,284.95001220703125,296.0653686523437,291.5876770019531,296.82305908203125,297.1997375488281,284.7150573730469,1.0,0.6116487979888916,0.448959618806839,0.448959618806839,0.800000011920929,1.0,-3.0648117065429688,1.0312153100967407,2.0335962772369385,0.3393208384513855,0.8975416421890259,0.8975416421890259,0.0,210.6547698974609,216.0,51374.3671875,0.0,2740.49609375,1.0,279.7581787109375,283.1121826171875,294.63604736328125,297.9500732421875,293.1499938964844,293.1499938964844,280.04998779296875,36223.171875,36000.0,313.1499938964844,0.0,18000.0,1.0,0.0,0.0,0.0,1.0,0.9250231981277466,1.0,0.0,0.0,3.653709173202514,3.653733253479004,8.907610435926472e-07,4.265924453735352,4.265914440155029,9.78592834144365e-06,0.0,0.0,-0.0,7081.02734375,0.0,1538.9705810546875,1895.4371337890625,0.0,3635.441650390625,0.9062494039535522,1.0,0.0,3.0,1.0,0.0
12411420,297.1281433105469,297.1499938964844,293.1499938964844,0.0,-0.0,284.9927978515625,0.7122172713279724,0.2790459096431732,0.2559816241264343,296.9931335449219,297.1499938964844,293.1499938964844,0.0,-0.0,284.9954528808594,0.8926848769187927,0.5651370882987976,0.5386037230491638,297.3512878417969,297.1499938964844,293.1499938964844,0.0,-0.0,284.9952087402344,0.8643359541893005,0.5141437649726868,0.3616880178451538,297.1548767089844,297.1499938964844,293.1499938964844,0.0,-0.0,284.99395751953125,0.7696670293807983,0.3579182028770447,0.3437819480895996,297.141845703125,297.1499938964844,293.1499938964844,0.0,-0.0,284.9916381835937,0.664201021194458,0.2276269048452377,1.0491198301315308,284.99481201171875,284.95001220703125,295.99481201171875,291.5599060058594,296.453125,297.203369140625,285.00213623046875,1.0,0.6127799153327942,0.7244797945022583,0.7244797945022583,0.4000000059604645,1.0,-3.060852289199829,1.922670125961304,1.1381821632385254,1.2301220893859863,0.9002124071121216,0.9002124071121216,0.0,213.3645782470703,219.0,52749.50390625,0.0,2747.13330078125,1.0,280.04217529296875,283.4774169921875,294.5667419433594,297.85906982421875,293.1499938964844,293.1499938964844,280.3500061035156,36015.6875,36000.0,313.1499938964844,0.0,18000.0,1.0,0.0,0.0,0.0,1.0,0.9220637083053588,1.0,0.0,0.0,3.6517415046691895,3.651765584945679,8.898019245862088e-07,4.265924453735352,4.265914440155029,9.78592834144365e-06,0.0,0.0,-0.0,7131.48291015625,0.0,1535.224365234375,1895.4371337890625,0.0,3608.191162109375,0.9057087302207948,1.0,0.0,3.0,1.0,0.0
12411480,297.1281433105469,297.1499938964844,293.1499938964844,0.0,-0.0,284.9927978515625,0.7122172713279724,0.2790459096431732,0.2559816241264343,296.9931335449219,297.1499938964844,293.1499938964844,0.0,-0.0,284.9954528808594,0.8926848769187927,0.5651370882987976,0.5386037230491638,297.3512878417969,297.1499938964844,293.1499938964844,0.0,-0.0,284.9952087402344,0.8643359541893005,0.5141437649726868,0.3616880178451538,297.1548767089844,297.1499938964844,293.1499938964844,0.0,-0.0,284.99395751953125,0.7696670293807983,0.3579182028770447,0.3437819480895996,297.141845703125,297.1499938964844,293.1499938964844,0.0,-0.0,284.9916381835937,0.664201021194458,0.2276269048452377,1.0491198301315308,284.99481201171875,284.95001220703125,295.99481201171875,291.5599060058594,296.453125,297.203369140625,285.00213623046875,1.0,0.6127799153327942,0.7244797945022583,0.7244797945022583,0.4000000059604645,1.0,-3.060852289199829,1.922670125961304,1.1381821632385254,1.2301220893859863,0.9002124071121216,0.9002124071121216,0.0,213.3645782470703,219.0,52749.50390625,0.0,2747.13330078125,1.0,280.04217529296875,283.4774169921875,294.5667419433594,297.85906982421875,293.1499938964844,293.1499938964844,280.3500061035156,36015.6875,36000.0,313.1499938964844,0.0,18000.0,1.0,0.0,0.0,0.0,1.0,0.9220637083053588,1.0,0.0,0.0,3.6517415046691895,3.651765584945679,8.898019245862088e-07,4.265924453735352,4.265914440155029,9.78592834144365e-06,0.0,0.0,-0.0,7131.48291015625,0.0,1535.224365234375,1895.4371337890625,0.0,3608.191162109375,0.9057087302207948,1.0,0.0,3.0,1.0,0.0
12411540,297.14794921875,297.1499938964844,293.1499938964844,0.0,-0.0,285.3572998046875,0.7137879133224487,0.2807622849941253,0.2571349143981933,297.020263671875,297.1499938964844,293.1499938964844,0.0,-0.0,285.3605041503906,0.8934423327445984,0.5658810138702393,0.5387871265411377,297.37860107421875,297.1499938964844,293.1499938964844,0.0,-0.0,285.3602294921875,0.86758953332901,0.5194452404975891,0.3650094866752624,297.17218017578125,297.1499938964844,293.1499938964844,0.0,-0.0,285.3587646484375,0.7711851000785828,0.3597192466259002,0.3450663685798645,297.1548767089844,297.1499938964844,293.1499938964844,0.0,-0.0,285.35577392578125,0.6655183434486389,0.2288292944431305,1.0528844594955444,285.3597717285156,284.95001220703125,295.925048828125,291.5323486328125,295.9263610839844,297.2265319824219,285.3668518066406,1.0,0.6152380704879761,1.0,1.0,0.0,1.0,-3.072533369064331,3.0724973678588867,3.60237063432578e-05,2.3734264373779297,0.9083516597747804,0.9083516597747804,0.0,213.911361694336,222.0,55256.328125,0.0,2779.195556640625,1.0,280.3418273925781,283.9375915527344,294.5790405273437,297.9994201660156,293.1499938964844,293.1499938964844,280.04998779296875,35634.25,36000.0,313.1499938964844,0.0,18000.0,1.0,0.0,0.0,0.0,1.0,0.9284290671348572,1.0,0.0,0.0,3.66387677192688,3.663900852203369,8.957255772656936e-07,4.265924453735352,4.265914440155029,9.78592834144365e-06,0.0,0.0,-0.0,8226.728515625,0.0,1545.9149169921875,1895.4371337890625,0.0,3666.733642578125,0.9081827998161316,1.0,0.0,3.0,1.0,0.0
12411600,297.14794921875,297.1499938964844,293.1499938964844,0.0,-0.0,285.3572998046875,0.7137879133224487,0.2807622849941253,0.2571349143981933,297.020263671875,297.1499938964844,293.1499938964844,0.0,-0.0,285.3605041503906,0.8934423327445984,0.5658810138702393,0.5387871265411377,297.37860107421875,297.1499938964844,293.1499938964844,0.0,-0.0,285.3602294921875,0.86758953332901,0.5194452404975891,0.3650094866752624,297.17218017578125,297.1499938964844,293.1499938964844,0.0,-0.0,285.3587646484375,0.7711851000785828,0.3597192466259002,0.3450663685798645,297.1548767089844,297.1499938964844,293.1499938964844,0.0,-0.0,285.35577392578125,0.6655183434486389,0.2288292944431305,1.0528844594955444,285.3597717285156,284.95001220703125,295.925048828125,291.5323486328125,295.9263610839844,297.2265319824219,285.3668518066406,1.0,0.6152380704879761,1.0,1.0,0.0,1.0,-3.072533369064331,3.0724973678588867,3.60237063432578e-05,2.3734264373779297,0.9083516597747804,0.9083516597747804,0.0,213.911361694336,222.0,55256.328125,0.0,2779.195556640625,1.0,280.3418273925781,283.9375915527344,294.5790405273437,297.9994201660156,293.1499938964844,293.1499938964844,280.04998779296875,35634.25,36000.0,313.1499938964844,0.0,18000.0,1.0,0.0,0.0,0.0,1.0,0.9284290671348572,1.0,0.0,0.0,3.66387677192688,3.663900852203369,8.957255772656936e-07,4.265924453735352,4.265914440155029,9.78592834144365e-06,0.0,0.0,-0.0,8226.728515625,0.0,1545.9149169921875,1895.4371337890625,0.0,3666.733642578125,0.9081827998161316,1.0,0.0,3.0,1.0,0.0
12411660,297.15509033203125,297.1499938964844,293.1499938964844,0.0,-0.0,285.2170104980469,0.7140812873840332,0.2814680635929107,0.2581633329391479,297.0303649902344,297.1499938964844,293.1499938964844,0.0,-0.0,285.2152709960937,0.8928273320198059,0.5657476782798767,0.5391855239868164,297.3875427246094,297.1499938964844,293.1499938964844,0.0,-0.0,285.21539306640625,0.8687356114387512,0.5223886966705322,0.367459237575531,297.1795959472656,297.1499938964844,293.1499938964844,0.0,-0.0,285.2162475585937,0.7713944911956787,0.3606632649898529,0.3462937474250793,297.1618347167969,297.1499938964844,293.1499938964844,0.0,-0.0,285.2178649902344,0.6658380627632141,0.2295742481946945,1.057237982749939,285.2156677246094,284.95001220703125,295.8766784667969,291.5132141113281,295.8779296875,297.23614501953125,285.2113647460937,1.0,0.617358922958374,1.0,1.0,0.0,1.0,-3.083912849426269,3.0839052200317383,7.647738129890058e-06,2.382443904876709,0.9096425175666808,0.9096425175666808,0.0,215.2205810546875,222.0,56581.29296875,0.0,2808.76708984375,1.0,280.0728454589844,283.7626953125,294.6397399902344,298.2994079589844,293.1499938964844,293.1499938964844,280.04998779296875,35653.26953125,36000.0,313.1499938964844,0.0,18000.0,1.0,0.0,0.0,0.0,1.0,0.9506098628044128,1.0,0.0,0.0,3.673970222473145,3.673994302749634,9.006676009448711e-07,4.265924453735352,4.265914440155029,9.78592834144365e-06,0.0,0.0,-0.0,8020.48779296875,0.0,1557.3890380859375,1895.4371337890625,0.0,3868.45458984375,0.9103870391845704,1.0,0.0,3.0,1.0,0.0
12411720,297.1546936035156,297.1499938964844,293.1499938964844,0.0,-0.0,285.1936950683594,0.7135108113288879,0.2814491093158722,0.2582884132862091,297.0303955078125,297.1499938964844,293.1499938964844,0.0,-0.0,285.1929016113281,0.8917966485023499,0.5653002262115479,0.5389384031295776,297.38720703125,297.1499938964844,293.1499938964844,0.0,-0.0,285.1929626464844,0.8684564232826233,0.523249626159668,0.3681752681732178,297.1797180175781,297.1499938964844,293.1499938964844,0.0,-0.0,285.1933288574219,0.7708306312561035,0.3607892692089081,0.3465482890605926,297.1627197265625,297.1499938964844,293.1499938964844,0.0,-0.0,285.19403076171875,0.6654033064842224,0.2297038286924362,1.0583243370056152,285.1930847167969,284.95001220703125,295.8564147949219,291.50518798828125,295.857666015625,297.23651123046875,285.1911315917969,1.0,0.618183434009552,1.0,1.0,0.0,1.0,-3.0862436294555664,3.086236000061035,7.659408765903208e-06,2.3843276500701904,0.9103429913520812,0.9103429913520812,0.0,216.20802307128903,225.0,56636.96484375,0.0,2818.63525390625,1.0,280.0576477050781,283.7423400878906,294.61651611328125,298.2751159667969,293.1499938964844,293.1499938964844,279.75,35670.9453125,36000.0,313.1499938964844,0.0,18000.0,1.0,0.0,0.0,0.0,1.0,0.9562183022499084,1.0,0.0,0.0,3.677363872528076,3.677388191223145,9.023323173096288e-07,4.265924453735352,4.265914440155029,9.78592834144365e-06,0.0,0.0,-0.0,8461.1640625,0.0,1561.345458984375,1895.4371337890625,0.0,3918.8046875,0.911170482635498,1.0,0.0,3.0,1.0,0.0
12411780,297.1437683105469,297.1499938964844,293.1499938964844,0.0,-0.0,284.9827880859375,0.7098446488380432,0.2804140150547027,0.2578298449516296,297.0185546875,297.1499938964844,293.1499938964844,0.0,-0.0,284.9819030761719,0.8865675330162048,0.5626026391983032,0.5369727611541748,297.37518310546875,297.1499938964844,293.1499938964844,0.0,-0.0,284.9819641113281,0.8658269047737122,0.5250504016876221,0.369808554649353,297.17095947265625,297.1499938964844,293.1499938964844,0.0,-0.0,284.9823913574219,0.7673544883728027,0.3602888882160187,0.346559077501297,297.1584167480469,297.1499938964844,293.1499938964844,0.0,-0.0,284.98321533203125,0.662465512752533,0.2294381111860275,1.0590862035751345,284.98211669921875,284.95001220703125,295.789306640625,291.4786071777344,295.7904968261719,297.22784423828125,284.9797668457031,1.0,0.6204732060432434,1.0,1.0,0.0,1.0,-3.086234331130981,3.08622670173645,7.65989170758985e-06,2.384542465209961,0.9090707302093506,0.9090707302093506,0.0,220.4110717773437,228.0,57852.109375,0.0,2840.73583984375,1.0,279.7579650878906,283.51593017578125,294.5545349121094,298.3103942871094,293.1499938964844,293.1499938964844,279.45001220703125,35859.2578125,36000.0,313.1499938964844,0.0,18000.0,1.0,0.0,0.0,0.0,1.0,0.9738523960113524,1.0,0.0,0.0,3.683332681655884,3.683357000350952,9.052638461071184e-07,4.265924453735352,4.265914440155029,9.78592834144365e-06,0.0,0.0,-0.0,8618.1474609375,0.0,1569.5072021484375,1895.4371337890625,0.0,4075.06005859375,0.9126242995262146,1.0,0.0,3.0,1.0,0.0
12411840,297.1437683105469,297.1499938964844,293.1499938964844,0.0,-0.0,284.9827880859375,0.7098446488380432,0.2804140150547027,0.2578298449516296,297.0185546875,297.1499938964844,293.1499938964844,0.0,-0.0,284.9819030761719,0.8865675330162048,0.5626026391983032,0.5369727611541748,297.37518310546875,297.1499938964844,293.1499938964844,0.0,-0.0,284.9819641113281,0.8658269047737122,0.5250504016876221,0.369808554649353,297.17095947265625,297.1499938964844,293.1499938964844,0.0,-0.0,284.9823913574219,0.7673544883728027,0.3602888882160187,0.346559077501297,297.1584167480469,297.1499938964844,293.1499938964844,0.0,-0.0,284.98321533203125,0.662465512752533,0.2294381111860275,1.0590862035751345,284.98211669921875,284.95001220703125,295.789306640625,291.4786071777344,295.7904968261719,297.22784423828125,284.9797668457031,1.0,0.6204732060432434,1.0,1.0,0.0,1.0,-3.086234331130981,3.08622670173645,7.65989170758985e-06,2.384542465209961,0.9090707302093506,0.9090707302093506,0.0,220.4110717773437,228.0,57852.109375,0.0,2840.73583984375,1.0,279.7579650878906,283.51593017578125,294.5545349121094,298.3103942871094,293.1499938964844,293.1499938964844,279.45001220703125,35859.2578125,36000.0,313.1499938964844,0.0,18000.0,1.0,0.0,0.0,0.0,1.0,0.9738523960113524,1.0,0.0,0.0,3.683332681655884,3.683357000350952,9.052638461071184e-07,4.265924453735352,4.265914440155029,9.78592834144365e-06,0.0,0.0,-0.0,8618.1474609375,0.0,1569.5072021484375,1895.4371337890625,0.0,4075.06005859375,0.9126242995262146,1.0,0.0,3.0,1.0,0.0
12411900,297.1357116699219,297.1499938964844,293.1499938964844,0.0,-0.0,284.8319396972656,0.7074565291404724,0.2795856595039367,0.2572817504405975,297.00933837890625,297.1499938964844,293.1499938964844,0.0,-0.0,284.82818603515625,0.8835019469261169,0.5608659982681274,0.5355829000473022,297.3663635253906,297.1499938964844,293.1499938964844,0.0,-0.0,284.82843017578125,0.8640903830528259,0.5256130695343018,0.3703664541244507,297.16357421875,297.1499938964844,293.1499938964844,0.0,-0.0,284.8302307128906,0.7651740312576294,0.3596992492675781,0.3462170660495758,297.153564453125,297.1499938964844,293.1499938964844,0.0,-0.0,284.8336486816406,0.6605408191680908,0.2290182411670684,1.0581154823303225,284.8290405273437,284.95001220703125,295.75640869140625,291.465576171875,295.7575988769531,297.2201538085937,284.8197631835937,1.0,0.6213150024414062,1.0,1.0,0.0,1.0,-3.083000898361206,3.082993268966675,7.644015568075702e-06,2.382113456726074,0.906779408454895,0.906779408454895,0.0,222.6727600097656,228.0,58909.125,0.0,2846.117919921875,1.0,279.5003662109375,283.3424987792969,294.5434875488281,298.4172668457031,293.1499938964844,293.1499938964844,279.45001220703125,35991.57421875,36000.0,313.1499938964844,0.0,18000.0,1.0,0.0,0.0,0.0,1.0,0.981733739376068,1.0,0.0,0.0,3.683112621307373,3.6831369400024414,9.051556730810262e-07,4.265924453735352,4.265914440155029,9.78592834144365e-06,0.0,0.0,-0.0,8367.2919921875,0.0,1570.2572021484375,1895.4371337890625,0.0,4143.775390625,0.9126287698745728,1.0,0.0,3.0,1.0,0.0
12411960,297.1267395019531,297.1499938964844,293.1499938964844,0.0,-0.0,284.767333984375,0.7047588229179382,0.2786129415035248,0.2565357685089111,296.9986267089844,297.1499938964844,293.1499938964844,0.0,-0.0,284.76641845703125,0.8801698684692383,0.558923065662384,0.5339113473892212,297.3562927246094,297.1499938964844,293.1499938964844,0.0,-0.0,284.7664794921875,0.8620921969413757,0.5259931683540344,0.3707278668880462,297.15478515625,297.1499938964844,293.1499938964844,0.0,-0.0,284.76690673828125,0.7627348899841309,0.3589223623275757,0.3456434309482574,297.1473693847656,297.1499938964844,293.1499938964844,0.0,-0.0,284.7677307128906,0.6583471298217773,0.2284322828054428,1.056246995925903,284.7666320800781,284.95001220703125,295.7240295410156,291.4527587890625,295.7251892089844,297.2106628417969,284.7642517089844,1.0,0.6219382286071777,1.0,1.0,0.0,1.0,-3.0775959491729736,3.077588558197021,7.617376013513422e-06,2.377995252609253,0.9048857688903807,0.9048857688903807,0.0,225.0167999267578,231.0,58915.51171875,0.0,2847.544677734375,1.0,279.4578857421875,283.2880554199219,294.49884033203125,298.3204345703125,293.1499938964844,293.1499938964844,279.1499938964844,36109.59375,36000.0,313.1499938964844,0.0,18000.0,1.0,0.0,0.0,0.0,1.0,0.9848839640617372,1.0,0.0,0.0,3.680066823959351,3.680091142654419,9.036592132360964e-07,4.265924453735352,4.265914440155029,9.78592834144365e-06,0.0,0.0,-0.0,8764.162109375,0.0,1567.7039794921875,1895.4371337890625,0.0,4171.0302734375,0.9120572209358216,1.0,0.0,3.0,1.0,0.0
12412020,297.1084899902344,297.1499938964844,293.1499938964844,0.0,-0.0,284.5535888671875,0.6994085311889648,0.2764717042446136,0.2548717558383941,296.9762268066406,297.1499938964844,293.1499938964844,0.0,-0.0,284.5527038574219,0.8736734986305237,0.5547397136688232,0.5302907228469849,297.3353271484375,297.1499938964844,293.1499938964844,0.0,-0.0,284.5527648925781,0.858249306678772,0.5264830589294434,0.3712809681892395,297.1358642578125,297.1499938964844,293.1499938964844,0.0,-0.0,284.5531921386719,0.7579187750816345,0.3570694029331207,0.344196617603302,297.13330078125,297.1499938964844,293.1499938964844,0.0,-0.0,284.553955078125,0.6539188623428345,0.2269742786884308,1.051099419593811,284.55291748046875,284.95001220703125,295.6609802246094,291.42779541015625,295.662109375,297.1908874511719,284.5506591796875,1.0,0.6227063536643982,1.0,1.0,0.0,1.0,-3.063983917236328,3.063976287841797,7.550316240667598e-06,2.367550134658813,0.8978572487831116,0.8978572487831116,0.0,229.42225646972656,234.0,59853.98046875,0.0,2843.2548828125,1.0,279.1580505371094,283.0638122558594,294.4586181640625,298.3379211425781,293.1499938964844,293.1499938964844,279.45001220703125,36401.23046875,36000.0,313.1499938964844,0.0,18000.0,1.0,0.0,0.0,0.0,1.0,0.9929392337799072,1.0,0.0,0.0,3.666004657745361,3.6660287380218506,8.967663234216161e-07,4.265924453735352,4.265914440155029,9.78592834144365e-06,0.0,0.0,-0.0,7918.85693359375,0.0,1554.0626220703125,1895.4371337890625,0.0,4240.1416015625,0.909106433391571,1.0,0.0,3.0,1.0,0.0
12412080,297.1084899902344,297.1499938964844,293.1499938964844,0.0,-0.0,284.5535888671875,0.6994085311889648,0.2764717042446136,0.2548717558383941,296.9762268066406,297.1499938964844,293.1499938964844,0.0,-0.0,284.5527038574219,0.8736734986305237,0.5547397136688232,0.5302907228469849,297.3353271484375,297.1499938964844,293.1499938964844,0.0,-0.0,284.5527648925781,0.858249306678772,0.5264830589294434,0.3712809681892395,297.1358642578125,297.1499938964844,293.1499938964844,0.0,-0.0,284.5531921386719,0.7579187750816345,0.3570694029331207,0.344196617603302,297.13330078125,297.1499938964844,293.1499938964844,0.0,-0.0,284.553955078125,0.6539188623428345,0.2269742786884308,1.051099419593811,284.55291748046875,284.95001220703125,295.6609802246094,291.42779541015625,295.662109375,297.1908874511719,284.5506591796875,1.0,0.6227063536643982,1.0,1.0,0.0,1.0,-3.063983917236328,3.063976287841797,7.550316240667598e-06,2.367550134658813,0.8978572487831116,0.8978572487831116,0.0,229.42225646972656,234.0,59853.98046875,0.0,2843.2548828125,1.0,279.1580505371094,283.0638122558594,294.4586181640625,298.3379211425781,293.1499938964844,293.1499938964844,279.45001220703125,36401.23046875,36000.0,313.1499938964844,0.0,18000.0,1.0,0.0,0.0,0.0,1.0,0.9929392337799072,1.0,0.0,0.0,3.666004657745361,3.6660287380218506,8.967663234216161e-07,4.265924453735352,4.265914440155029,9.78592834144365e-06,0.0,0.0,-0.0,7918.85693359375,0.0,1554.0626220703125,1895.4371337890625,0.0,4240.1416015625,0.909106433391571,1.0,0.0,3.0,1.0,0.0
12412140,297.1051330566406,297.1499938964844,293.1499938964844,0.0,-0.0,284.70867919921875,0.6958073377609253,0.2755851447582245,0.2538077533245086,296.9727783203125,297.1499938964844,293.1499938964844,0.0,-0.0,284.70904541015625,0.8690757751464844,0.552162766456604,0.5274718403816223,297.3341064453125,297.1499938964844,293.1499938964844,0.0,-0.0,284.70904541015625,0.8562562465667725,0.5286806225776672,0.3724914789199829,297.1297607421875,297.1499938964844,293.1499938964844,0.0,-0.0,284.7088317871094,0.7546452879905701,0.3562504649162292,0.3431896865367889,297.12762451171875,297.1499938964844,293.1499938964844,0.0,-0.0,284.7084655761719,0.6507952213287354,0.2261749804019928,1.0469404458999634,284.7089538574219,284.95001220703125,295.6005249023437,291.4039001464844,295.60162353515625,297.1872863769531,284.7098693847656,1.0,0.6233267188072205,1.0,1.0,0.0,1.0,-3.05454683303833,3.054539442062378,7.503544566134224e-06,2.3601179122924805,0.8959111571311951,0.8959111571311951,0.0,232.5298614501953,237.0,58271.33984375,0.0,2840.568603515625,1.0,279.4422607421875,283.2525634765625,294.3699035644531,298.07733154296875,293.1499938964844,293.1499938964844,279.75,36342.47265625,36000.0,313.1499938964844,0.0,18000.0,1.0,0.0,0.0,0.0,1.0,0.982606053352356,1.0,0.0,0.0,3.6524951457977295,3.6525192260742174,8.901691899154685e-07,4.265924453735352,4.265914440155029,9.78592834144365e-06,0.0,0.0,-0.0,7676.83837890625,0.0,1538.5103759765625,1895.4371337890625,0.0,4151.3349609375,0.9060781598091124,1.0,0.0,3.0,1.0,0.0
12412200,297.1051330566406,297.1499938964844,293.1499938964844,0.0,-0.0,284.70867919921875,0.6958073377609253,0.2755851447582245,0.2538077533245086,296.9727783203125,297.1499938964844,293.1499938964844,0.0,-0.0,284.70904541015625,0.8690757751464844,0.552162766456604,0.5274718403816223,297.3341064453125,297.1499938964844,293.1499938964844,0.0,-0.0,284.70904541015625,0.8562562465667725,0.5286806225776672,0.3724914789199829,297.1297607421875,297.1499938964844,293.1499938964844,0.0,-0.0,284.7088317871094,0.7546452879905701,0.3562504649162292,0.3431896865367889,297.12762451171875,297.1499938964844,293.1499938964844,0.0,-0.0,284.7084655761719,0.6507952213287354,0.2261749804019928,1.0469404458999634,284.7089538574219,284.95001220703125,295.6005249023437,291.4039001464844,295.60162353515625,297.1872863769531,284.7098693847656,1.0,0.6233267188072205,1.0,1.0,0.0,1.0,-3.05454683303833,3.054539442062378,7.503544566134224e-06,2.3601179122924805,0.8959111571311951,0.8959111571311951,0.0,232.5298614501953,237.0,58271.33984375,0.0,2840.568603515625,1.0,279.4422607421875,283.2525634765625,294.3699035644531,298.07733154296875,293.1499938964844,293.1499938964844,279.75,36342.47265625,36000.0,313.1499938964844,0.0,18000.0,1.0,0.0,0.0,0.0,1.0,0.982606053352356,1.0,0.0,0.0,3.6524951457977295,3.6525192260742174,8.901691899154685e-07,4.265924453735352,4.265914440155029,9.78592834144365e-06,0.0,0.0,-0.0,7676.83837890625,0.0,1538.5103759765625,1895.4371337890625,0.0,4151.3349609375,0.9060781598091124,1.0,0.0,3.0,1.0,0.0
12412260,297.1138610839844,297.1499938964844,293.1499938964844,0.0,-0.0,284.8915710449219,0.6946958899497986,0.2758922278881073,0.2539343535900116,296.9852294921875,297.1499938964844,293.1499938964844,0.0,-0.0,284.89208984375,0.86698317527771,0.5511660575866699,0.5263063311576843,297.34771728515625,297.1499938964844,293.1499938964844,0.0,-0.0,284.8920593261719,0.8566630482673645,0.532382071018219,0.3749003410339355,297.13623046875,297.1499938964844,293.1499938964844,0.0,-0.0,284.8918151855469,0.7535631656646729,0.3566408455371856,0.3433830142021179,297.1321105957031,297.1499938964844,293.1499938964844,0.0,-0.0,284.8913269042969,0.6497323513031006,0.2263354808092117,1.0470130443572998,284.8919677734375,284.95001220703125,295.5430603027344,291.3812866210937,295.5440673828125,297.19805908203125,284.8931884765625,1.0,0.6245998740196228,1.0,1.0,0.0,1.0,-3.056503772735596,3.056496381759644,7.513001037295908e-06,2.3615622520446777,0.8966498970985413,0.8966498970985413,0.0,234.319076538086,240.0,56807.44140625,0.0,2853.826904296875,1.0,279.7417297363281,283.4629821777344,294.3388977050781,297.9364624023437,293.1499938964844,293.1499938964844,280.04998779296875,36168.54296875,36000.0,313.1499938964844,0.0,18000.0,1.0,0.0,0.0,0.0,1.0,0.9715186953544616,1.0,0.0,0.0,3.6455624103546143,3.645586252212525,8.867932024259062e-07,4.265924453735352,4.265914440155029,9.78592834144365e-06,0.0,0.0,-0.0,7498.26416015625,0.0,1529.49658203125,1895.4371337890625,0.0,4054.573486328125,0.9044181108474731,1.0,0.0,3.0,1.0,0.0
12412320,297.1138610839844,297.1499938964844,293.1499938964844,0.0,-0.0,284.8915710449219,0.6946958899497986,0.2758922278881073,0.2539343535900116,296.9852294921875,297.1499938964844,293.1499938964844,0.0,-0.0,284.89208984375,0.86698317527771,0.5511660575866699,0.5263063311576843,297.34771728515625,297.1499938964844,293.1499938964844,0.0,-0.0,284.8920593261719,0.8566630482673645,0.532382071018219,0.3749003410339355,297.13623046875,297.1499938964844,293.1499938964844,0.0,-0.0,284.8918151855469,0.7535631656646729,0.3566408455371856,0.3433830142021179,297.1321105957031,297.1499938964844,293.1499938964844,0.0,-0.0,284.8913269042969,0.6497323513031006,0.2263354808092117,1.0470130443572998,284.8919677734375,284.95001220703125,295.5430603027344,291.3812866210937,295.5440673828125,297.19805908203125,284.8931884765625,1.0,0.6245998740196228,1.0,1.0,0.0,1.0,-3.056503772735596,3.056496381759644,7.513001037295908e-06,2.3615622520446777,0.8966498970985413,0.8966498970985413,0.0,234.319076538086,240.0,56807.44140625,0.0,2853.826904296875,1.0,279.7417297363281,283.4629821777344,294.3388977050781,297.9364624023437,293.1499938964844,293.1499938964844,280.04998779296875,36168.54296875,36000.0,313.1499938964844,0.0,18000.0,1.0,0.0,0.0,0.0,1.0,0.9715186953544616,1.0,0.0,0.0,3.6455624103546143,3.645586252212525,8.867932024259062e-07,4.265924453735352,4.265914440155029,9.78592834144365e-06,0.0,0.0,-0.0,7498.26416015625,0.0,1529.49658203125,1895.4371337890625,0.0,4054.573486328125,0.9044181108474731,1.0,0.0,3.0,1.0,0.0
12412380,297.1269836425781,297.1499938964844,293.1499938964844,0.0,-0.0,285.0772705078125,0.6945038437843323,0.2767594158649444,0.2546511590480804,297.0036315917969,297.1499938964844,293.1499938964844,0.0,-0.0,285.0777893066406,0.8657705783843994,0.5509387254714966,0.5259909629821777,297.3664245605469,297.1499938964844,293.1499938964844,0.0,-0.0,285.0777587890625,0.8578739762306213,0.5367763042449951,0.3778770864009857,297.1483459472656,297.1499938964844,293.1499938964844,0.0,-0.0,285.0775146484375,0.7533267736434937,0.3576891720294952,0.3442858457565307,297.1419372558594,297.1499938964844,293.1499938964844,0.0,-0.0,285.0770263671875,0.6495863795280457,0.227100670337677,1.0500723123550415,285.0776672363281,284.95001220703125,295.4888916015625,291.360107421875,295.4898376464844,297.2142639160156,285.07891845703125,1.0,0.6265820860862732,1.0,1.0,0.0,1.0,-3.0653226375579834,3.065315008163452,7.556408490927424e-06,2.368372201919556,0.8998885750770569,0.8998885750770569,0.0,235.9222869873047,243.0,55462.46484375,0.0,2879.959716796875,1.0,280.0417175292969,283.6734924316406,294.32196044921875,297.8302001953125,293.1499938964844,293.1499938964844,280.3500061035156,35943.6953125,36000.0,313.1499938964844,0.0,18000.0,1.0,0.0,0.0,0.0,1.0,0.9616519212722778,1.0,0.0,0.0,3.646990776062012,3.647014617919922,8.874882837517362e-07,4.265924453735352,4.265914440155029,9.78592834144365e-06,0.0,0.0,-0.0,7341.48876953125,0.0,1529.4022216796875,1895.4371337890625,0.0,3967.297607421875,0.9045863151550292,1.0,0.0,3.0,1.0,0.0
12412440,297.1269836425781,297.1499938964844,293.1499938964844,0.0,-0.0,285.0772705078125,0.6945038437843323,0.2767594158649444,0.2546511590480804,297.0036315917969,297.1499938964844,293.1499938964844,0.0,-0.0,285.0777893066406,0.8657705783843994,0.5509387254714966,0.5259909629821777,297.3664245605469,297.1499938964844,293.1499938964844,0.0,-0.0,285.0777587890625,0.8578739762306213,0.5367763042449951,0.3778770864009857,297.1483459472656,297.1499938964844,293.1499938964844,0.0,-0.0,285.0775146484375,0.7533267736434937,0.3576891720294952,0.3442858457565307,297.1419372558594,297.1499938964844,293.1499938964844,0.0,-0.0,285.0770263671875,0.6495863795280457,0.227100670337677,1.0500723123550415,285.0776672363281,284.95001220703125,295.4888916015625,291.360107421875,295.4898376464844,297.2142639160156,285.07891845703125,1.0,0.6265820860862732,1.0,1.0,0.0,1.0,-3.0653226375579834,3.065315008163452,7.556408490927424e-06,2.368372201919556,0.8998885750770569,0.8998885750770569,0.0,235.9222869873047,243.0,55462.46484375,0.0,2879.959716796875,1.0,280.0417175292969,283.6734924316406,294.32196044921875,297.8302001953125,293.1499938964844,293.1499938964844,280.3500061035156,35943.6953125,36000.0,313.1499938964844,0.0,18000.0,1.0,0.0,0.0,0.0,1.0,0.9616519212722778,1.0,0.0,0.0,3.646990776062012,3.647014617919922,8.874882837517362e-07,4.265924453735352,4.265914440155029,9.78592834144365e-06,0.0,0.0,-0.0,7341.48876953125,0.0,1529.4022216796875,1895.4371337890625,0.0,3967.297607421875,0.9045863151550292,1.0,0.0,3.0,1.0,0.0
12412500,297.13409423828125,297.1499938964844,293.1499938964844,0.0,-0.0,285.21197509765625,0.6944682002067566,0.2773109972476959,0.2551102340221405,297.01348876953125,297.1499938964844,293.1499938964844,0.0,-0.0,285.2152709960937,0.865200400352478,0.5509781837463379,0.5259737372398376,297.3763122558594,297.1499938964844,293.1499938964844,0.0,-0.0,285.2151794433594,0.8584977984428406,0.5391151905059814,0.3794525265693664,297.1552124023437,297.1499938964844,293.1499938964844,0.0,-0.0,285.2135009765625,0.7532674670219421,0.3583505749702453,0.3448722660541534,297.14776611328125,297.1499938964844,293.1499938964844,0.0,-0.0,285.21044921875,0.649618923664093,0.2276223003864288,1.0522760152816772,285.21453857421875,284.95001220703125,295.4631652832031,291.35009765625,295.4640808105469,297.2226867675781,285.2226867675781,1.0,0.6277919411659241,1.0,1.0,0.0,1.0,-3.0711004734039307,3.0710928440093994,7.584954801131971e-06,2.3728504180908203,0.9029754996299744,0.9029754996299744,0.0,236.83575439453125,243.0,54316.21875,0.0,2896.433349609375,1.0,280.2986755371094,283.8360290527344,294.29400634765625,297.68048095703125,293.1499938964844,293.1499938964844,280.3500061035156,35809.1328125,36000.0,313.1499938964844,0.0,18000.0,1.0,0.0,0.0,0.0,1.0,0.955143392086029,1.0,0.0,0.0,3.6509640216827393,3.650988101959229,8.894230631995015e-07,4.265924453735352,4.265914440155029,9.78592834144365e-06,0.0,0.0,-0.0,7545.2509765625,0.0,1532.8128662109375,1895.4371337890625,0.0,3909.177490234375,0.9054158926010132,1.0,0.0,3.0,1.0,0.0
12412560,297.1417541503906,297.1499938964844,293.1499938964844,0.0,-0.0,285.2615966796875,0.6946227550506592,0.2779622077941894,0.2557056546211242,297.0239562988281,297.1499938964844,293.1499938964844,0.0,-0.0,285.2620544433594,0.8647997379302979,0.5511420965194702,0.526138961315155,297.38671875,297.1499938964844,293.1499938964844,0.0,-0.0,285.2620544433594,0.8592905402183533,0.5415741801261902,0.3811693489551544,297.16265869140625,297.1499938964844,293.1499938964844,0.0,-0.0,285.2618103027344,0.7533636093139648,0.3591159880161285,0.345597505569458,297.1542358398437,297.1499938964844,293.1499938964844,0.0,-0.0,285.2613525390625,0.6498151421546936,0.2282417267560959,1.0550343990325928,285.261962890625,284.95001220703125,295.4384155273437,291.3405456542969,295.4393005371094,297.23199462890625,285.2631225585937,1.0,0.6291548013687134,1.0,1.0,0.0,1.0,-3.078265190124512,3.0782575607299805,7.62041736379615e-06,2.3783986568450928,0.9055760502815248,0.9055760502815248,0.0,237.7252349853516,246.0,54202.37109375,0.0,2915.657958984375,1.0,280.3418884277344,283.8810729980469,294.3064880371094,297.7340087890625,293.1499938964844,293.1499938964844,280.04998779296875,35698.41796875,36000.0,313.1499938964844,0.0,18000.0,1.0,0.0,0.0,0.0,1.0,0.9526485800743104,1.0,0.0,0.0,3.657570838928223,3.657594919204712,8.926450050239509e-07,4.265924453735352,4.265914440155029,9.78592834144365e-06,0.0,0.0,-0.0,8062.017578125,0.0,1539.3465576171875,1895.4371337890625,0.0,3886.790771484375,0.9067851901054382,1.0,0.0,3.0,1.0,0.0
12412620,297.141845703125,297.1499938964844,293.1499938964844,0.0,-0.0,285.083251953125,0.6931843757629395,0.2778885066509247,0.2561569511890411,297.0259094238281,297.1499938964844,293.1499938964844,0.0,-0.0,285.0825500488281,0.8622729182243347,0.5497682690620422,0.52549147605896,297.3872375488281,297.1499938964844,293.1499938964844,0.0,-0.0,285.0825500488281,0.8590844869613647,0.5446513295173645,0.3837922811508178,297.1643371582031,297.1499938964844,293.1499938964844,0.0,-0.0,285.0829467773437,0.7520957589149475,0.359466403722763,0.3464168012142181,297.1581115722656,297.1499938964844,293.1499938964844,0.0,-0.0,285.0835876464844,0.6489604115486145,0.2287018001079559,1.0588490962982178,285.08270263671875,284.95001220703125,295.3919982910156,291.32275390625,295.3927917480469,297.23443603515625,285.0809020996094,1.0,0.6318054795265198,1.0,1.0,0.0,1.0,-3.08676815032959,3.0867605209350586,7.663116775802337e-06,2.3851943016052246,0.9059226512908936,0.9059226512908936,0.0,240.7606658935547,249.0,55516.4375,0.0,2948.98388671875,1.0,280.0577087402344,283.6805725097656,294.3584899902344,297.93585205078125,293.1499938964844,293.1499938964844,279.75,35795.2265625,36000.0,313.1499938964844,0.0,18000.0,1.0,0.0,0.0,0.0,1.0,0.963545560836792,1.0,0.0,0.0,3.666015386581421,3.66603946685791,8.967716098595702e-07,4.265924453735352,4.265914440155029,9.78592834144365e-06,0.0,0.0,-0.0,8278.4990234375,0.0,1549.5206298828125,1895.4371337890625,0.0,3984.12744140625,0.9087113738059998,1.0,0.0,3.0,1.0,0.0
12412680,297.141845703125,297.1499938964844,293.1499938964844,0.0,-0.0,285.083251953125,0.6931843757629395,0.2778885066509247,0.2561569511890411,297.0259094238281,297.1499938964844,293.1499938964844,0.0,-0.0,285.0825500488281,0.8622729182243347,0.5497682690620422,0.52549147605896,297.3872375488281,297.1499938964844,293.1499938964844,0.0,-0.0,285.0825500488281,0.8590844869613647,0.5446513295173645,0.3837922811508178,297.1643371582031,297.1499938964844,293.1499938964844,0.0,-0.0,285.0829467773437,0.7520957589149475,0.359466403722763,0.3464168012142181,297.1581115722656,297.1499938964844,293.1499938964844,0.0,-0.0,285.0835876464844,0.6489604115486145,0.2287018001079559,1.0588490962982178,285.08270263671875,284.95001220703125,295.3919982910156,291.32275390625,295.3927917480469,297.23443603515625,285.0809020996094,1.0,0.6318054795265198,1.0,1.0,0.0,1.0,-3.08676815032959,3.0867605209350586,7.663116775802337e-06,2.3851943016052246,0.9059226512908936,0.9059226512908936,0.0,240.7606658935547,249.0,55516.4375,0.0,2948.98388671875,1.0,280.0577087402344,283.6805725097656,294.3584899902344,297.93585205078125,293.1499938964844,293.1499938964844,279.75,35795.2265625,36000.0,313.1499938964844,0.0,18000.0,1.0,0.0,0.0,0.0,1.0,0.963545560836792,1.0,0.0,0.0,3.666015386581421,3.66603946685791,8.967716098595702e-07,4.265924453735352,4.265914440155029,9.78592834144365e-06,0.0,0.0,-0.0,8278.4990234375,0.0,1549.5206298828125,1895.4371337890625,0.0,3984.12744140625,0.9087113738059998,1.0,0.0,3.0,1.0,0.0
12412740,297.1295471191406,297.1499938964844,293.1499938964844,0.0,-0.0,284.8790588378906,0.6893587708473206,0.2765461802482605,0.255344033241272,297.0122985839844,297.1499938964844,293.1499938964844,0.0,-0.0,284.8782958984375,0.8575416803359985,0.5468302965164185,0.5232109427452087,297.3729553222656,297.1499938964844,293.1499938964844,0.0,-0.0,284.8782958984375,0.8566453456878662,0.546217679977417,0.3852093815803528,297.15350341796875,297.1499938964844,293.1499938964844,0.0,-0.0,284.8786926269531,0.7488274574279785,0.3585608303546905,0.3459930121898651,297.1518859863281,297.1499938964844,293.1499938964844,0.0,-0.0,284.8794250488281,0.6462291479110718,0.2281829267740249,1.0583486557006836,284.8784484863281,284.95001220703125,295.3500061035156,291.3069763183594,295.3507385253906,297.2219543457031,284.8764343261719,1.0,0.6337490081787109,1.0,1.0,0.0,1.0,-3.0836517810821533,3.083644151687622,7.647994607395958e-06,2.38292932510376,0.9033106565475464,0.9033106565475464,0.0,245.0844116210937,252.0,56729.7421875,0.0,2965.3359375,1.0,279.7580871582031,283.4594421386719,294.34912109375,298.01971435546875,293.1499938964844,293.1499938964844,279.45001220703125,35998.34765625,36000.0,313.1499938964844,0.0,18000.0,1.0,0.0,0.0,0.0,1.0,0.9746696949005128,1.0,0.0,0.0,3.666808605194092,3.66683292388916,8.971597367235518e-07,4.265924453735352,4.265914440155029,9.78592834144365e-06,0.0,0.0,-0.0,8444.2099609375,0.0,1551.9371337890625,1895.4371337890625,0.0,4082.2197265625,0.9090186953544616,1.0,0.0,3.0,1.0,0.0
12412800,297.1295471191406,297.1499938964844,293.1499938964844,0.0,-0.0,284.8790588378906,0.6893587708473206,0.2765461802482605,0.255344033241272,297.0122985839844,297.1499938964844,293.1499938964844,0.0,-0.0,284.8782958984375,0.8575416803359985,0.5468302965164185,0.5232109427452087,297.3729553222656,297.1499938964844,293.1499938964844,0.0,-0.0,284.8782958984375,0.8566453456878662,0.546217679977417,0.3852093815803528,297.15350341796875,297.1499938964844,293.1499938964844,0.0,-0.0,284.8786926269531,0.7488274574279785,0.3585608303546905,0.3459930121898651,297.1518859863281,297.1499938964844,293.1499938964844,0.0,-0.0,284.8794250488281,0.6462291479110718,0.2281829267740249,1.0583486557006836,284.8784484863281,284.95001220703125,295.3500061035156,291.3069763183594,295.3507385253906,297.2219543457031,284.8764343261719,1.0,0.6337490081787109,1.0,1.0,0.0,1.0,-3.0836517810821533,3.083644151687622,7.647994607395958e-06,2.38292932510376,0.9033106565475464,0.9033106565475464,0.0,245.0844116210937,252.0,56729.7421875,0.0,2965.3359375,1.0,279.7580871582031,283.4594421386719,294.34912109375,298.01971435546875,293.1499938964844,293.1499938964844,279.45001220703125,35998.34765625,36000.0,313.1499938964844,0.0,18000.0,1.0,0.0,0.0,0.0,1.0,0.9746696949005128,1.0,0.0,0.0,3.666808605194092,3.66683292388916,8.971597367235518e-07,4.265924453735352,4.265914440155029,9.78592834144365e-06,0.0,0.0,-0.0,8444.2099609375,0.0,1551.9371337890625,1895.4371337890625,0.0,4082.2197265625,0.9090186953544616,1.0,0.0,3.0,1.0,0.0
12412860,297.11346435546875,297.1499938964844,293.1499938964844,0.0,-0.0,284.6739196777344,0.6847720146179199,0.2746621668338775,0.2539401054382324,296.9930725097656,297.1499938964844,293.1499938964844,0.0,-0.0,284.6731872558594,0.852195680141449,0.543141782283783,0.5200933218002319,297.353759765625,297.1499938964844,293.1499938964844,0.0,-0.0,284.67315673828125,0.8535766005516052,0.5471019744873047,0.3860619366168976,297.1372985839844,297.1499938964844,293.1499938964844,0.0,-0.0,284.6735534667969,0.7448891401290894,0.356965035200119,0.3448231518268585,297.140380859375,297.1499938964844,293.1499938964844,0.0,-0.0,284.6742553710937,0.6427531242370605,0.2270468920469284,1.0547863245010376,284.67333984375,284.95001220703125,295.3151550292969,291.29443359375,295.3157043457031,297.2039489746094,284.67138671875,1.0,0.6349478960037231,1.0,1.0,0.0,1.0,-3.0735573768615723,3.073549747467041,7.598145202791784e-06,2.375187397003174,0.8979480266571045,0.8979480266571045,0.0,249.55270385742188,255.0,57823.515625,-0.0,2968.072998046875,1.0,279.4581298828125,283.2394714355469,294.3282165527344,298.0708312988281,293.1499938964844,293.1499938964844,279.75,36255.31640625,36000.0,313.1499938964844,0.0,18000.0,1.0,0.0,0.0,0.0,1.0,0.9836080074310304,1.0,0.0,0.0,3.658092498779297,3.658116579055786,8.928996635404474e-07,4.265924453735352,4.265914440155029,9.78592834144365e-06,0.0,0.0,-0.0,7654.451171875,0.0,1544.1051025390625,1895.4371337890625,0.0,4160.005859375,0.9072404503822328,1.0,0.0,3.0,1.0,0.0
12412920,297.11346435546875,297.1499938964844,293.1499938964844,0.0,-0.0,284.6739196777344,0.6847720146179199,0.2746621668338775,0.2539401054382324,296.9930725097656,297.1499938964844,293.1499938964844,0.0,-0.0,284.6731872558594,0.852195680141449,0.543141782283783,0.5200933218002319,297.353759765625,297.1499938964844,293.1499938964844,0.0,-0.0,284.67315673828125,0.8535766005516052,0.5471019744873047,0.3860619366168976,297.1372985839844,297.1499938964844,293.1499938964844,0.0,-0.0,284.6735534667969,0.7448891401290894,0.356965035200119,0.3448231518268585,297.140380859375,297.1499938964844,293.1499938964844,0.0,-0.0,284.6742553710937,0.6427531242370605,0.2270468920469284,1.0547863245010376,284.67333984375,284.95001220703125,295.3151550292969,291.29443359375,295.3157043457031,297.2039489746094,284.67138671875,1.0,0.6349478960037231,1.0,1.0,0.0,1.0,-3.0735573768615723,3.073549747467041,7.598145202791784e-06,2.375187397003174,0.8979480266571045,0.8979480266571045,0.0,249.55270385742188,255.0,57823.515625,-0.0,2968.072998046875,1.0,279.4581298828125,283.2394714355469,294.3282165527344,298.0708312988281,293.1499938964844,293.1499938964844,279.75,36255.31640625,36000.0,313.1499938964844,0.0,18000.0,1.0,0.0,0.0,0.0,1.0,0.9836080074310304,1.0,0.0,0.0,3.658092498779297,3.658116579055786,8.928996635404474e-07,4.265924453735352,4.265914440155029,9.78592834144365e-06,0.0,0.0,-0.0,7654.451171875,0.0,1544.1051025390625,1895.4371337890625,0.0,4160.005859375,0.9072404503822328,1.0,0.0,3.0,1.0,0.0
12412980,297.11114501953125,297.1499938964844,293.1499938964844,0.0,-0.0,284.8358764648437,0.6816292405128479,0.2739450931549072,0.2530450522899627,296.9910888671875,297.1499938964844,293.1499938964844,0.0,-0.0,284.8363647460937,0.8483265042304993,0.540926456451416,0.5176411867141724,297.3538513183594,297.1499938964844,293.1499938964844,0.0,-0.0,284.8363647460937,0.8520252704620361,0.5496647953987122,0.3875248432159424,297.1325988769531,297.1499938964844,293.1499938964844,0.0,-0.0,284.8360900878906,0.7421242594718933,0.3563088178634643,0.3439879417419433,297.1360778808594,297.1499938964844,293.1499938964844,0.0,-0.0,284.83563232421875,0.6402196884155273,0.2264762371778488,1.0517441034317017,284.83624267578125,284.95001220703125,295.2894897460937,291.2861633300781,295.2898864746094,297.2015991210937,284.83746337890625,1.0,0.6359229683876038,1.0,1.0,0.0,1.0,-3.066617250442505,3.0666096210479736,7.563436156488024e-06,2.3696422576904297,0.8977434039115906,0.8977434039115906,0.0,252.8047332763672,243.0,56391.1484375,-0.0,2970.8857421875,1.0,279.7421875,283.4308776855469,294.2516174316406,297.8330078125,293.1499938964844,293.1499938964844,280.04998779296875,36170.8203125,36000.0,313.1499938964844,0.0,18000.0,1.0,0.0,0.0,0.0,1.0,0.9731127619743348,1.0,0.0,0.0,3.650930166244507,3.650954008102417,8.89406521764613e-07,4.265924453735352,4.265914440155029,9.78592834144365e-06,0.0,0.0,-0.0,7439.55224609375,0.0,1535.48193359375,1895.4371337890625,0.0,4068.57373046875,0.905612051486969,1.0,0.0,3.0,1.0,0.0
12413040,297.11114501953125,297.1499938964844,293.1499938964844,0.0,-0.0,284.8358764648437,0.6816292405128479,0.2739450931549072,0.2530450522899627,296.9910888671875,297.1499938964844,293.1499938964844,0.0,-0.0,284.8363647460937,0.8483265042304993,0.540926456451416,0.5176411867141724,297.3538513183594,297.1499938964844,293.1499938964844,0.0,-0.0,284.8363647460937,0.8520252704620361,0.5496647953987122,0.3875248432159424,297.1325988769531,297.1499938964844,293.1499938964844,0.0,-0.0,284.8360900878906,0.7421242594718933,0.3563088178634643,0.3439879417419433,297.1360778808594,297.1499938964844,293.1499938964844,0.0,-0.0,284.83563232421875,0.6402196884155273,0.2264762371778488,1.0517441034317017,284.83624267578125,284.95001220703125,295.2894897460937,291.2861633300781,295.2898864746094,297.2015991210937,284.83746337890625,1.0,0.6359229683876038,1.0,1.0,0.0,1.0,-3.066617250442505,3.0666096210479736,7.563436156488024e-06,2.3696422576904297,0.8977434039115906,0.8977434039115906,0.0,252.8047332763672,243.0,56391.1484375,-0.0,2970.8857421875,1.0,279.7421875,283.4308776855469,294.2516174316406,297.8330078125,293.1499938964844,293.1499938964844,280.04998779296875,36170.8203125,36000.0,313.1499938964844,0.0,18000.0,1.0,0.0,0.0,0.0,1.0,0.9731127619743348,1.0,0.0,0.0,3.650930166244507,3.650954008102417,8.89406521764613e-07,4.265924453735352,4.265914440155029,9.78592834144365e-06,0.0,0.0,-0.0,7439.55224609375,0.0,1535.48193359375,1895.4371337890625,0.0,4068.57373046875,0.905612051486969,1.0,0.0,3.0,1.0,0.0
12413100,297.1148681640625,297.1499938964844,293.1499938964844,0.0,-0.0,284.9718322753906,0.6825144290924072,0.2740601897239685,0.2529423832893371,296.9963684082031,297.1499938964844,293.1499938964844,0.0,-0.0,284.97515869140625,0.8490502238273621,0.5404354333877563,0.5169178247451782,297.3600769042969,297.1499938964844,293.1499938964844,0.0,-0.0,284.9752197265625,0.8539430499076843,0.5515627861022949,0.3886416852474212,297.1351623535156,297.1499938964844,293.1499938964844,0.0,-0.0,284.9734191894531,0.7430115342140198,0.3564477860927582,0.3439028859138489,297.1377258300781,297.1499938964844,293.1499938964844,0.0,-0.0,284.9703369140625,0.6409464478492737,0.2265470176935196,1.0512030124664309,284.9745178222656,284.95001220703125,295.27984619140625,291.2834777832031,295.2801818847656,297.2062072753906,284.9827575683594,1.0,0.634777843952179,1.0,1.0,0.0,1.0,-3.066211700439453,3.066204071044922,7.561347956652753e-06,2.3692917823791504,0.8992426991462708,0.8992426991462708,0.0,251.2480010986328,243.0,55201.91796875,-0.0,2961.91357421875,1.0,279.9988098144531,283.5950622558594,294.2203063964844,297.665771484375,293.1499938964844,293.1499938964844,280.04998779296875,36069.90625,36000.0,313.1499938964844,0.0,18000.0,1.0,0.0,0.0,0.0,1.0,0.96526700258255,1.0,0.0,0.0,3.649783372879028,3.6498074531555176,8.888479214874678e-07,4.265924453735352,4.265914440155029,9.78592834144365e-06,0.0,0.0,-0.0,7641.44775390625,0.0,1533.4505615234375,1895.4371337890625,0.0,3999.395263671875,0.9053252935409546,1.0,0.0,3.0,1.0,0.0
12413160,297.1206970214844,297.1499938964844,293.1499938964844,0.0,-0.0,285.02410888671875,0.6847642660140991,0.2744113206863403,0.2530641853809356,297.0043640136719,297.1499938964844,293.1499938964844,0.0,-0.0,285.0246887207031,0.8512392044067383,0.5402485132217407,0.5165190100669861,297.3687438964844,297.1499938964844,293.1499938964844,0.0,-0.0,285.0246887207031,0.8573638796806335,0.5537450313568115,0.3899998664855957,297.1401062011719,297.1499938964844,293.1499938964844,0.0,-0.0,285.0243835449219,0.745170533657074,0.356840968132019,0.344055712223053,297.1414794921875,297.1499938964844,293.1499938964844,0.0,-0.0,285.0238647460937,0.642814040184021,0.2268361747264862,1.0514898300170898,285.0245666503906,284.95001220703125,295.2722473144531,291.28173828125,295.2724914550781,297.2136535644531,285.0259704589844,1.0,0.6331868767738342,1.0,1.0,0.0,1.0,-3.0680365562438965,3.068028926849365,7.570219622721197e-06,2.370646953582764,0.9002865552902222,0.9002865552902222,0.0,248.03697204589844,231.0,55051.828125,-0.0,2948.846923828125,1.0,280.0418701171875,283.6427001953125,294.2370300292969,297.7164306640625,293.1499938964844,293.1499938964844,279.75,35980.8046875,36000.0,313.1499938964844,0.0,18000.0,1.0,0.0,0.0,0.0,1.0,0.9614899754524232,1.0,0.0,0.0,3.65097713470459,3.6510009765625,8.894294296624139e-07,4.265924453735352,4.265914440155029,9.78592834144365e-06,0.0,0.0,-0.0,8165.64501953125,0.0,1534.112060546875,1895.4371337890625,0.0,3965.856689453125,0.9055001735687256,1.0,0.0,3.0,1.0,0.0
12413220,297.1206970214844,297.1499938964844,293.1499938964844,0.0,-0.0,284.8539733886719,0.6898175477981567,0.2740567326545715,0.252772569656372,297.00537109375,297.1499938964844,293.1499938964844,0.0,-0.0,284.8533935546875,0.8564812541007996,0.5385266542434692,0.5150254368782043,297.3684387207031,297.1499938964844,293.1499938964844,0.0,-0.0,284.8533630371094,0.8650481700897217,0.5565094947814941,0.392046183347702,297.14031982421875,297.1499938964844,293.1499938964844,0.0,-0.0,284.85369873046875,0.7502853274345398,0.3567536473274231,0.3439548015594482,297.1431579589844,297.1499938964844,293.1499938964844,0.0,-0.0,284.8542175292969,0.6473337411880493,0.2269095480442047,1.051198959350586,284.853515625,284.95001220703125,295.2626953125,291.2808532714844,295.2628173828125,297.2141418457031,284.8520812988281,1.0,0.628715455532074,1.0,1.0,0.0,1.0,-3.067890882492065,3.0678834915161133,7.569739864266012e-06,2.3706345558166504,0.8976280689239502,0.8976280689239502,0.0,240.1200714111328,219.0,56300.3515625,-0.0,2907.103515625,1.0,279.7578125,283.4495544433594,294.3060302734375,297.9281921386719,293.1499938964844,293.1499938964844,280.04998779296875,36107.953125,36000.0,313.1499938964844,0.0,18000.0,1.0,0.0,0.0,0.0,1.0,0.9701517224311828,1.0,0.0,0.0,3.647799253463745,3.6478233337402335,8.878818675839284e-07,4.265924453735352,4.265914440155029,9.78592834144365e-06,0.0,0.0,-0.0,7473.2060546875,0.0,1531.52880859375,1895.4371337890625,0.0,4042.545166015625,0.9048494696617126,1.0,0.0,3.0,1.0,0.0
12413280,297.1206970214844,297.1499938964844,293.1499938964844,0.0,-0.0,284.8539733886719,0.6898175477981567,0.2740567326545715,0.252772569656372,297.00537109375,297.1499938964844,293.1499938964844,0.0,-0.0,284.8533935546875,0.8564812541007996,0.5385266542434692,0.5150254368782043,297.3684387207031,297.1499938964844,293.1499938964844,0.0,-0.0,284.8533630371094,0.8650481700897217,0.5565094947814941,0.392046183347702,297.14031982421875,297.1499938964844,293.1499938964844,0.0,-0.0,284.85369873046875,0.7502853274345398,0.3567536473274231,0.3439548015594482,297.1431579589844,297.1499938964844,293.1499938964844,0.0,-0.0,284.8542175292969,0.6473337411880493,0.2269095480442047,1.051198959350586,284.853515625,284.95001220703125,295.2626953125,291.2808532714844,295.2628173828125,297.2141418457031,284.8520812988281,1.0,0.628715455532074,1.0,1.0,0.0,1.0,-3.067890882492065,3.0678834915161133,7.569739864266012e-06,2.3706345558166504,0.8976280689239502,0.8976280689239502,0.0,240.1200714111328,219.0,56300.3515625,-0.0,2907.103515625,1.0,279.7578125,283.4495544433594,294.3060302734375,297.9281921386719,293.1499938964844,293.1499938964844,280.04998779296875,36107.953125,36000.0,313.1499938964844,0.0,18000.0,1.0,0.0,0.0,0.0,1.0,0.9701517224311828,1.0,0.0,0.0,3.647799253463745,3.6478233337402335,8.878818675839284e-07,4.265924453735352,4.265914440155029,9.78592834144365e-06,0.0,0.0,-0.0,7473.2060546875,0.0,1531.52880859375,1895.4371337890625,0.0,4042.545166015625,0.9048494696617126,1.0,0.0,3.0,1.0,0.0
12413340,297.1255187988281,297.1499938964844,293.1499938964844,0.0,-0.0,285.0223693847656,0.6961207389831543,0.2741610407829284,0.2522411048412323,297.0120849609375,297.1499938964844,293.1499938964844,0.0,-0.0,285.0229187011719,0.8633095622062683,0.5373572707176208,0.5132044553756714,297.3760986328125,297.1499938964844,293.1499938964844,0.0,-0.0,285.02294921875,0.8744958639144897,0.5600327253341675,0.3939024209976196,297.1440124511719,297.1499938964844,293.1499938964844,0.0,-0.0,285.02264404296875,0.7567473649978638,0.3569920659065246,0.3435645401477813,297.1468811035156,297.1499938964844,293.1499938964844,0.0,-0.0,285.0221252441406,0.6530313491821289,0.2271919697523117,1.049891710281372,285.0228271484375,284.95001220703125,295.2601623535156,291.2831726074219,295.2601623535156,297.2201538085937,285.0241394042969,1.0,0.6230164170265198,1.0,1.0,0.0,1.0,-3.0652453899383545,3.0652377605438232,7.556312993983738e-06,2.36843204498291,0.8999601006507874,0.8999601006507874,0.0,230.44000244140625,207.0,55015.58984375,-0.0,2851.126220703125,1.0,280.04217529296875,283.6432189941406,294.25408935546875,297.7416687011719,293.1499938964844,293.1499938964844,280.3500061035156,35959.02734375,36000.0,313.1499938964844,0.0,18000.0,1.0,0.0,0.0,0.0,1.0,0.9612165093421936,1.0,0.0,0.0,3.648479700088501,3.6485037803649902,8.882130941856303e-07,4.265924453735352,4.265914440155029,9.78592834144365e-06,0.0,0.0,-0.0,7285.7958984375,0.0,1531.17138671875,1895.4371337890625,0.0,3963.42236328125,0.9049239158630372,1.0,0.0,3.0,1.0,0.0
12413400,297.1255187988281,297.1499938964844,293.1499938964844,0.0,-0.0,285.0223693847656,0.6961207389831543,0.2741610407829284,0.2522411048412323,297.0120849609375,297.1499938964844,293.1499938964844,0.0,-0.0,285.0229187011719,0.8633095622062683,0.5373572707176208,0.5132044553756714,297.3760986328125,297.1499938964844,293.1499938964844,0.0,-0.0,285.02294921875,0.8744958639144897,0.5600327253341675,0.3939024209976196,297.1440124511719,297.1499938964844,293.1499938964844,0.0,-0.0,285.02264404296875,0.7567473649978638,0.3569920659065246,0.3435645401477813,297.1468811035156,297.1499938964844,293.1499938964844,0.0,-0.0,285.0221252441406,0.6530313491821289,0.2271919697523117,1.049891710281372,285.0228271484375,284.95001220703125,295.2601623535156,291.2831726074219,295.2601623535156,297.2201538085937,285.0241394042969,1.0,0.6230164170265198,1.0,1.0,0.0,1.0,-3.0652453899383545,3.0652377605438232,7.556312993983738e-06,2.36843204498291,0.8999601006507874,0.8999601006507874,0.0,230.44000244140625,207.0,55015.58984375,-0.0,2851.126220703125,1.0,280.04217529296875,283.6432189941406,294.25408935546875,297.7416687011719,293.1499938964844,293.1499938964844,280.3500061035156,35959.02734375,36000.0,313.1499938964844,0.0,18000.0,1.0,0.0,0.0,0.0,1.0,0.9612165093421936,1.0,0.0,0.0,3.648479700088501,3.6485037803649902,8.882130941856303e-07,4.265924453735352,4.265914440155029,9.78592834144365e-06,0.0,0.0,-0.0,7285.7958984375,0.0,1531.17138671875,1895.4371337890625,0.0,3963.42236328125,0.9049239158630372,1.0,0.0,3.0,1.0,0.0
12413460,297.1385498046875,297.1499938964844,293.1499938964844,0.0,-0.0,285.2134094238281,0.7054148316383362,0.2751642763614654,0.2525317072868347,297.029296875,297.1499938964844,293.1499938964844,0.0,-0.0,285.2140197753906,0.8734660148620605,0.5373454093933105,0.5125006437301636,297.39459228515625,297.1499938964844,293.1499938964844,0.0,-0.0,285.21405029296875,0.8874848484992981,0.5647632479667664,0.3966650068759918,297.1558837890625,297.1499938964844,293.1499938964844,0.0,-0.0,285.2137145996094,0.766169011592865,0.3581101298332214,0.3439689576625824,297.1569519042969,297.1499938964844,293.1499938964844,0.0,-0.0,285.213134765625,0.6614437699317932,0.2281663864850998,1.051326036453247,285.2138977050781,284.95001220703125,295.263916015625,291.2882995605469,295.2637939453125,297.236572265625,285.2154541015625,1.0,0.6171746850013733,1.0,1.0,0.0,1.0,-3.070273160934448,3.070265769958496,7.580784313176991e-06,2.372175455093384,0.9050467014312744,0.9050467014312744,0.0,218.85498046875,195.0,53806.59375,-0.0,2800.570556640625,1.0,280.341796875,283.854736328125,294.2484130859375,297.6454162597656,293.1499938964844,293.1499938964844,280.04998779296875,35737.13671875,36000.0,313.1499938964844,0.0,18000.0,1.0,0.0,0.0,0.0,1.0,0.950564980506897,1.0,0.0,0.0,3.657592058181762,3.657615900039673,8.926553505261836e-07,4.265924453735352,4.265914440155029,9.78592834144365e-06,0.0,0.0,-0.0,8007.65625,0.0,1539.6605224609375,1895.4371337890625,0.0,3868.05029296875,0.906814992427826,1.0,0.0,3.0,1.0,0.0
12413520,297.1385498046875,297.1499938964844,293.1499938964844,0.0,-0.0,285.2134094238281,0.7054148316383362,0.2751642763614654,0.2525317072868347,297.029296875,297.1499938964844,293.1499938964844,0.0,-0.0,285.2140197753906,0.8734660148620605,0.5373454093933105,0.5125006437301636,297.39459228515625,297.1499938964844,293.1499938964844,0.0,-0.0,285.21405029296875,0.8874848484992981,0.5647632479667664,0.3966650068759918,297.1558837890625,297.1499938964844,293.1499938964844,0.0,-0.0,285.2137145996094,0.766169011592865,0.3581101298332214,0.3439689576625824,297.1569519042969,297.1499938964844,293.1499938964844,0.0,-0.0,285.213134765625,0.6614437699317932,0.2281663864850998,1.051326036453247,285.2138977050781,284.95001220703125,295.263916015625,291.2882995605469,295.2637939453125,297.236572265625,285.2154541015625,1.0,0.6171746850013733,1.0,1.0,0.0,1.0,-3.070273160934448,3.070265769958496,7.580784313176991e-06,2.372175455093384,0.9050467014312744,0.9050467014312744,0.0,218.85498046875,195.0,53806.59375,-0.0,2800.570556640625,1.0,280.341796875,283.854736328125,294.2484130859375,297.6454162597656,293.1499938964844,293.1499938964844,280.04998779296875,35737.13671875,36000.0,313.1499938964844,0.0,18000.0,1.0,0.0,0.0,0.0,1.0,0.950564980506897,1.0,0.0,0.0,3.657592058181762,3.657615900039673,8.926553505261836e-07,4.265924453735352,4.265914440155029,9.78592834144365e-06,0.0,0.0,-0.0,8007.65625,0.0,1539.6605224609375,1895.4371337890625,0.0,3868.05029296875,0.906814992427826,1.0,0.0,3.0,1.0,0.0
12413580,297.1401062011719,297.1499938964844,293.1499938964844,0.0,-0.0,285.0456237792969,0.7146113514900208,0.2751960456371307,0.2524802088737488,297.0321350097656,297.1499938964844,293.1499938964844,0.0,-0.0,285.0450744628906,0.8841671347618103,0.5361277461051941,0.5113676190376282,297.3957824707031,297.1499938964844,293.1499938964844,0.0,-0.0,285.0450439453125,0.900941789150238,0.5680056810379028,0.3989633619785309,297.1582336425781,297.1499938964844,293.1499938964844,0.0,-0.0,285.0453491210937,0.7761874198913574,0.3584402203559875,0.3441531062126159,297.1611022949219,297.1499938964844,293.1499938964844,0.0,-0.0,285.0458679199219,0.6705223917961121,0.2286878228187561,1.0525398254394531,285.0451965332031,284.95001220703125,295.273193359375,291.2958984375,295.2729797363281,297.23883056640625,285.0438232421875,1.0,0.6111372709274292,1.0,1.0,0.0,1.0,-3.0733046531677246,3.0732972621917725,7.595937859150581e-06,2.37459135055542,0.904961347579956,0.904961347579956,0.0,207.5198211669922,183.0,55195.4375,-0.0,2747.18310546875,1.0,280.0577392578125,283.6607971191406,294.3265991210937,297.8748779296875,293.1499938964844,293.1499938964844,279.75,35838.98046875,36000.0,313.1499938964844,0.0,18000.0,1.0,0.0,0.0,0.0,1.0,0.960385799407959,1.0,0.0,0.0,3.6643786430358887,3.664402723312378,8.959710271483345e-07,4.265924453735352,4.265914440155029,9.78592834144365e-06,0.0,0.0,-0.0,8236.7216796875,0.0,1548.0147705078125,1895.4371337890625,0.0,3956.024169921875,0.9083752632141112,1.0,0.0,3.0,1.0,0.0
12413640,297.1401062011719,297.1499938964844,293.1499938964844,0.0,-0.0,285.0456237792969,0.7146113514900208,0.2751960456371307,0.2524802088737488,297.0321350097656,297.1499938964844,293.1499938964844,0.0,-0.0,285.0450744628906,0.8841671347618103,0.5361277461051941,0.5113676190376282,297.3957824707031,297.1499938964844,293.1499938964844,0.0,-0.0,285.0450439453125,0.900941789150238,0.5680056810379028,0.3989633619785309,297.1582336425781,297.1499938964844,293.1499938964844,0.0,-0.0,285.0453491210937,0.7761874198913574,0.3584402203559875,0.3441531062126159,297.1611022949219,297.1499938964844,293.1499938964844,0.0,-0.0,285.0458679199219,0.6705223917961121,0.2286878228187561,1.0525398254394531,285.0451965332031,284.95001220703125,295.273193359375,291.2958984375,295.2729797363281,297.23883056640625,285.0438232421875,1.0,0.6111372709274292,1.0,1.0,0.0,1.0,-3.0733046531677246,3.0732972621917725,7.595937859150581e-06,2.37459135055542,0.904961347579956,0.904961347579956,0.0,207.5198211669922,183.0,55195.4375,-0.0,2747.18310546875,1.0,280.0577392578125,283.6607971191406,294.3265991210937,297.8748779296875,293.1499938964844,293.1499938964844,279.75,35838.98046875,36000.0,313.1499938964844,0.0,18000.0,1.0,0.0,0.0,0.0,1.0,0.960385799407959,1.0,0.0,0.0,3.6643786430358887,3.664402723312378,8.959710271483345e-07,4.265924453735352,4.265914440155029,9.78592834144365e-06,0.0,0.0,-0.0,8236.7216796875,0.0,1548.0147705078125,1895.4371337890625,0.0,3956.024169921875,0.9083752632141112,1.0,0.0,3.0,1.0,0.0
12413700,297.1365051269531,297.1499938964844,293.1499938964844,0.0,-0.0,284.9073486328125,0.7184553146362305,0.2747814953327179,0.2520493268966675,297.0278625488281,297.1499938964844,293.1499938964844,0.0,-0.0,284.9039611816406,0.8890703916549683,0.5349658131599426,0.5102572441101074,297.3905334472656,297.1499938964844,293.1499938964844,0.0,-0.0,284.9037780761719,0.9073144197463988,0.5690508484840393,0.3996779322624206,297.15496826171875,297.1499938964844,293.1499938964844,0.0,-0.0,284.9057006835937,0.7808043956756592,0.3581753373146057,0.3438423573970794,297.1597595214844,297.1499938964844,293.1499938964844,0.0,-0.0,284.9088439941406,0.6747012734413147,0.2286284267902374,1.051813721656799,284.90460205078125,284.95001220703125,295.2796630859375,291.3005065917969,295.2794189453125,297.23455810546875,284.8961486816406,1.0,0.6078344583511353,1.0,1.0,0.0,1.0,-3.0710692405700684,3.071061611175537,7.584909326396882e-06,2.3728718757629395,0.9032995104789734,0.9032995104789734,0.0,202.2105712890625,183.0,56370.47265625,-0.0,2714.9404296875,1.0,279.8008117675781,283.4953308105469,294.3593444824219,298.04278564453125,293.1499938964844,293.1499938964844,279.75,35944.0078125,36000.0,313.1499938964844,0.0,18000.0,1.0,0.0,0.0,0.0,1.0,0.967790424823761,1.0,0.0,0.0,3.6652255058288574,3.665249586105346,8.963851882981544e-07,4.265924453735352,4.265914440155029,9.78592834144365e-06,0.0,0.0,-0.0,8021.70751953125,0.0,1549.7529296875,1895.4371337890625,0.0,4021.71826171875,0.9085988998413086,1.0,0.0,3.0,1.0,0.0
12413760,297.131103515625,297.1499938964844,293.1499938964844,0.0,-0.0,284.853271484375,0.721927285194397,0.2741650938987732,0.2513667047023773,297.0212097167969,297.1499938964844,293.1499938964844,0.0,-0.0,284.8526611328125,0.8937008380889893,0.5335395932197571,0.5088017582893372,297.3830871582031,297.1499938964844,293.1499938964844,0.0,-0.0,284.8526306152344,0.913765013217926,0.5698428153991699,0.4001260697841644,297.149658203125,297.1499938964844,293.1499938964844,0.0,-0.0,284.8529968261719,0.7851656675338745,0.3576836585998535,0.3432594239711761,297.1566162109375,297.1499938964844,293.1499938964844,0.0,-0.0,284.8535461425781,0.6786227226257324,0.2283803522586822,1.0501036643981934,284.852783203125,284.95001220703125,295.2872619628906,291.3055725097656,295.2869873046875,297.22784423828125,284.85125732421875,1.0,0.6042959094047546,1.0,1.0,0.0,1.0,-3.066284418106079,3.066277027130127,7.561271104350453e-06,2.3691654205322266,0.9020869135856628,0.9020869135856628,0.0,197.0755157470703,171.0,56501.078125,-0.0,2678.673095703125,1.0,279.75799560546875,283.4471130371094,294.3449401855469,297.9921264648437,293.1499938964844,293.1499938964844,279.45001220703125,36037.83203125,36000.0,313.1499938964844,0.0,18000.0,1.0,0.0,0.0,0.0,1.0,0.970977544784546,1.0,0.0,0.0,3.66366457939148,3.6636886596679688,8.956218380262726e-07,4.265924453735352,4.265914440155029,9.78592834144365e-06,0.0,0.0,-0.0,8417.666015625,0.0,1548.7083740234375,1895.4371337890625,0.0,4049.814208984375,0.9083436727523804,1.0,0.0,3.0,1.0,0.0
12413820,297.1184997558594,297.1499938964844,293.1499938964844,0.0,-0.0,284.66021728515625,0.7290128469467163,0.2726529836654663,0.2497307360172271,297.0053405761719,297.1499938964844,293.1499938964844,0.0,-0.0,284.6596374511719,0.9034440517425536,0.5303049087524414,0.5055053234100342,297.3659973144531,297.1499938964844,293.1499938964844,0.0,-0.0,284.6595764160156,0.9278674721717834,0.5710666179656982,0.4007725119590759,297.1363830566406,297.1499938964844,293.1499938964844,0.0,-0.0,284.659912109375,0.7942546606063843,0.3563388884067535,0.3417221009731293,297.1475830078125,297.1499938964844,293.1499938964844,0.0,-0.0,284.66046142578125,0.6866937279701233,0.2275526672601699,1.0450612306594849,284.65972900390625,284.95001220703125,295.3054504394531,291.31695556640625,295.3050842285156,297.2123413085937,284.6582336425781,1.0,0.5966580510139465,1.0,1.0,0.0,1.0,-3.0532264709472656,3.0532188415527344,7.4968247645301744e-06,2.358999252319336,0.8966258764266968,0.8966258764266968,0.0,186.6648864746093,159.0,57688.75390625,-0.0,2599.02197265625,1.0,279.4581604003906,283.2347106933594,294.3495483398437,298.0756225585937,293.1499938964844,293.1499938964844,279.75,36285.09375,36000.0,313.1499938964844,0.0,18000.0,1.0,0.0,0.0,0.0,1.0,0.9796916842460632,1.0,0.0,0.0,3.653796672821045,3.653820753097534,8.908037898436305e-07,4.265924453735352,4.265914440155029,9.78592834144365e-06,0.0,0.0,-0.0,7646.04931640625,0.0,1539.531982421875,1895.4371337890625,0.0,4126.04296875,0.9063022136688232,1.0,0.0,3.0,1.0,0.0
12413880,297.1184997558594,297.1499938964844,293.1499938964844,0.0,-0.0,284.66021728515625,0.7290128469467163,0.2726529836654663,0.2497307360172271,297.0053405761719,297.1499938964844,293.1499938964844,0.0,-0.0,284.6596374511719,0.9034440517425536,0.5303049087524414,0.5055053234100342,297.3659973144531,297.1499938964844,293.1499938964844,0.0,-0.0,284.6595764160156,0.9278674721717834,0.5710666179656982,0.4007725119590759,297.1363830566406,297.1499938964844,293.1499938964844,0.0,-0.0,284.659912109375,0.7942546606063843,0.3563388884067535,0.3417221009731293,297.1475830078125,297.1499938964844,293.1499938964844,0.0,-0.0,284.66046142578125,0.6866937279701233,0.2275526672601699,1.0450612306594849,284.65972900390625,284.95001220703125,295.3054504394531,291.31695556640625,295.3050842285156,297.2123413085937,284.6582336425781,1.0,0.5966580510139465,1.0,1.0,0.0,1.0,-3.0532264709472656,3.0532188415527344,7.4968247645301744e-06,2.358999252319336,0.8966258764266968,0.8966258764266968,0.0,186.6648864746093,159.0,57688.75390625,-0.0,2599.02197265625,1.0,279.4581604003906,283.2347106933594,294.3495483398437,298.0756225585937,293.1499938964844,293.1499938964844,279.75,36285.09375,36000.0,313.1499938964844,0.0,18000.0,1.0,0.0,0.0,0.0,1.0,0.9796916842460632,1.0,0.0,0.0,3.653796672821045,3.653820753097534,8.908037898436305e-07,4.265924453735352,4.265914440155029,9.78592834144365e-06,0.0,0.0,-0.0,7646.04931640625,0.0,1539.531982421875,1895.4371337890625,0.0,4126.04296875,0.9063022136688232,1.0,0.0,3.0,1.0,0.0
12413940,297.119384765625,297.1499938964844,293.1499938964844,0.0,-0.0,284.8333435058594,0.7387166619300842,0.2723238170146942,0.2486267536878585,297.00640869140625,297.1499938964844,293.1499938964844,0.0,-0.0,284.833984375,0.9175679087638856,0.5285550355911255,0.5029070377349854,297.368896484375,297.1499938964844,293.1499938964844,0.0,-0.0,284.83404541015625,0.9460560083389282,0.5740692615509033,0.4020892977714538,297.134765625,297.1499938964844,293.1499938964844,0.0,-0.0,284.8336486816406,0.8062825798988342,0.3559845983982086,0.3405775129795074,297.1459350585937,297.1499938964844,293.1499938964844,0.0,-0.0,284.8330383300781,0.6973261833190918,0.2273433357477188,1.0408169031143188,284.8338623046875,284.95001220703125,295.3269958496094,291.3297119140625,295.3265991210937,297.2129211425781,284.8354797363281,1.0,0.5887491106987,1.0,1.0,0.0,1.0,-3.0438663959503174,3.043858766555786,7.450223165506031e-06,2.351468801498413,0.8964642286300659,0.8964642286300659,0.0,175.01344299316406,147.0,56354.4375,0.0,2520.587158203125,1.0,279.7421569824219,283.4330139160156,294.294677734375,297.8668212890625,293.1499938964844,293.1499938964844,280.04998779296875,36186.11328125,36000.0,313.1499938964844,0.0,18000.0,1.0,0.0,0.0,0.0,1.0,0.9690850973129272,1.0,0.0,0.0,3.64600682258606,3.646030902862549,8.870094347912527e-07,4.265924453735352,4.265914440155029,9.78592834144365e-06,0.0,0.0,-0.0,7445.8154296875,0.0,1530.1214599609375,1895.4371337890625,0.0,4033.14501953125,0.9045240879058838,1.0,0.0,3.0,1.0,0.0
12414000,297.119384765625,297.1499938964844,293.1499938964844,0.0,-0.0,284.8333435058594,0.7387166619300842,0.2723238170146942,0.2486267536878585,297.00640869140625,297.1499938964844,293.1499938964844,0.0,-0.0,284.833984375,0.9175679087638856,0.5285550355911255,0.5029070377349854,297.368896484375,297.1499938964844,293.1499938964844,0.0,-0.0,284.83404541015625,0.9460560083389282,0.5740692615509033,0.4020892977714538,297.134765625,297.1499938964844,293.1499938964844,0.0,-0.0,284.8336486816406,0.8062825798988342,0.3559845983982086,0.3405775129795074,297.1459350585937,297.1499938964844,293.1499938964844,0.0,-0.0,284.8330383300781,0.6973261833190918,0.2273433357477188,1.0408169031143188,284.8338623046875,284.95001220703125,295.3269958496094,291.3297119140625,295.3265991210937,297.2129211425781,284.8354797363281,1.0,0.5887491106987,1.0,1.0,0.0,1.0,-3.0438663959503174,3.043858766555786,7.450223165506031e-06,2.351468801498413,0.8964642286300659,0.8964642286300659,0.0,175.01344299316406,147.0,56354.4375,0.0,2520.587158203125,1.0,279.7421569824219,283.4330139160156,294.294677734375,297.8668212890625,293.1499938964844,293.1499938964844,280.04998779296875,36186.11328125,36000.0,313.1499938964844,0.0,18000.0,1.0,0.0,0.0,0.0,1.0,0.9690850973129272,1.0,0.0,0.0,3.64600682258606,3.646030902862549,8.870094347912527e-07,4.265924453735352,4.265914440155029,9.78592834144365e-06,0.0,0.0,-0.0,7445.8154296875,0.0,1530.1214599609375,1895.4371337890625,0.0,4033.14501953125,0.9045240879058838,1.0,0.0,3.0,1.0,0.0
12414060,297.131591796875,297.1499938964844,293.1499938964844,0.0,-0.0,285.0332336425781,0.7532229423522949,0.2731642425060272,0.2486783117055893,297.02227783203125,297.1499938964844,293.1499938964844,0.0,-0.0,285.03399658203125,0.9388594031333924,0.5283337235450745,0.5018904209136963,297.3865966796875,297.1499938964844,293.1499938964844,0.0,-0.0,285.0340576171875,0.9688819646835328,0.5786261558532715,0.4046509861946106,297.1451721191406,297.1499938964844,293.1499938964844,0.0,-0.0,285.0335998535156,0.8223572373390198,0.3568352460861206,0.3406184911727905,297.15380859375,297.1499938964844,293.1499938964844,0.0,-0.0,285.0329284667969,0.712395966053009,0.2280798554420471,1.0407036542892456,285.0338439941406,284.95001220703125,295.3511962890625,291.3434143066406,295.3507385253906,297.22784423828125,285.0357666015625,1.0,0.5814002752304077,1.0,1.0,0.0,1.0,-3.045689105987549,3.0456817150115967,7.458603704435518e-06,2.352647066116333,0.899207353591919,0.899207353591919,0.0,161.98666381835938,135.0,55131.7265625,0.0,2456.362548828125,1.0,280.041748046875,283.65216064453125,294.2994384765625,297.77716064453125,293.1499938964844,293.1499938964844,280.3500061035156,35979.3515625,36000.0,313.1499938964844,0.0,18000.0,1.0,0.0,0.0,0.0,1.0,0.9575785398483276,1.0,0.0,0.0,3.6460483074188232,3.646072387695313,8.870296710483672e-07,4.265924453735352,4.265914440155029,9.78592834144365e-06,0.0,0.0,-0.0,7305.4228515625,0.0,1528.6221923828125,1895.4371337890625,0.0,3930.9716796875,0.9043994545936584,1.0,0.0,3.0,1.0,0.0
12414120,297.131591796875,297.1499938964844,293.1499938964844,0.0,-0.0,285.0332336425781,0.7532229423522949,0.2731642425060272,0.2486783117055893,297.02227783203125,297.1499938964844,293.1499938964844,0.0,-0.0,285.03399658203125,0.9388594031333924,0.5283337235450745,0.5018904209136963,297.3865966796875,297.1499938964844,293.1499938964844,0.0,-0.0,285.0340576171875,0.9688819646835328,0.5786261558532715,0.4046509861946106,297.1451721191406,297.1499938964844,293.1499938964844,0.0,-0.0,285.0335998535156,0.8223572373390198,0.3568352460861206,0.3406184911727905,297.15380859375,297.1499938964844,293.1499938964844,0.0,-0.0,285.0329284667969,0.712395966053009,0.2280798554420471,1.0407036542892456,285.0338439941406,284.95001220703125,295.3511962890625,291.3434143066406,295.3507385253906,297.22784423828125,285.0357666015625,1.0,0.5814002752304077,1.0,1.0,0.0,1.0,-3.045689105987549,3.0456817150115967,7.458603704435518e-06,2.352647066116333,0.899207353591919,0.899207353591919,0.0,161.98666381835938,135.0,55131.7265625,0.0,2456.362548828125,1.0,280.041748046875,283.65216064453125,294.2994384765625,297.77716064453125,293.1499938964844,293.1499938964844,280.3500061035156,35979.3515625,36000.0,313.1499938964844,0.0,18000.0,1.0,0.0,0.0,0.0,1.0,0.9575785398483276,1.0,0.0,0.0,3.6460483074188232,3.646072387695313,8.870296710483672e-07,4.265924453735352,4.265914440155029,9.78592834144365e-06,0.0,0.0,-0.0,7305.4228515625,0.0,1528.6221923828125,1895.4371337890625,0.0,3930.9716796875,0.9043994545936584,1.0,0.0,3.0,1.0,0.0
12414180,297.14776611328125,297.1499938964844,293.1499938964844,0.0,-0.0,285.23504638671875,0.7722610235214233,0.2745676636695862,0.2493169009685516,297.043701171875,297.1499938964844,293.1499938964844,0.0,-0.0,285.2357788085937,0.9640086889266968,0.5288824439048767,0.5017125606536865,297.4090270996094,297.1499938964844,293.1499938964844,0.0,-0.0,285.23583984375,0.9921353459358216,0.5838928818702698,0.4077914953231811,297.160888671875,297.1499938964844,293.1499938964844,0.0,-0.0,285.23541259765625,0.8418725728988647,0.3583621084690094,0.3413782119750976,297.1666564941406,297.1499938964844,293.1499938964844,0.0,-0.0,285.2347106933594,0.7296507954597473,0.2294248342514038,1.043560028076172,285.23565673828125,284.95001220703125,295.3773193359375,291.3577575683594,295.3768310546875,297.248291015625,285.237548828125,1.0,0.5747141242027283,1.0,1.0,0.0,1.0,-3.0543599128723145,3.054352283477783,7.5007365012425e-06,2.359178304672241,0.9046596884727478,0.9046596884727478,0.0,148.68438720703125,138.0,54022.6171875,0.0,2403.323974609375,1.0,280.3417663574219,283.87060546875,294.3189697265625,297.7229309082031,293.1499938964844,293.1499938964844,280.04998779296875,35730.23828125,36000.0,313.1499938964844,0.0,18000.0,1.0,0.0,0.0,0.0,1.0,0.9475114345550536,1.0,0.0,0.0,3.655376434326172,3.655400514602661,8.915742455428699e-07,4.265924453735352,4.265914440155029,9.78592834144365e-06,0.0,0.0,-0.0,8045.7314453125,0.0,1537.136962890625,1895.4371337890625,0.0,3840.515625,0.90631765127182,1.0,0.0,3.0,1.0,0.0
12414240,297.14776611328125,297.1499938964844,293.1499938964844,0.0,-0.0,285.23504638671875,0.7722610235214233,0.2745676636695862,0.2493169009685516,297.043701171875,297.1499938964844,293.1499938964844,0.0,-0.0,285.2357788085937,0.9640086889266968,0.5288824439048767,0.5017125606536865,297.4090270996094,297.1499938964844,293.1499938964844,0.0,-0.0,285.23583984375,0.9921353459358216,0.5838928818702698,0.4077914953231811,297.160888671875,297.1499938964844,293.1499938964844,0.0,-0.0,285.23541259765625,0.8418725728988647,0.3583621084690094,0.3413782119750976,297.1666564941406,297.1499938964844,293.1499938964844,0.0,-0.0,285.2347106933594,0.7296507954597473,0.2294248342514038,1.043560028076172,285.23565673828125,284.95001220703125,295.3773193359375,291.3577575683594,295.3768310546875,297.248291015625,285.237548828125,1.0,0.5747141242027283,1.0,1.0,0.0,1.0,-3.0543599128723145,3.054352283477783,7.5007365012425e-06,2.359178304672241,0.9046596884727478,0.9046596884727478,0.0,148.68438720703125,138.0,54022.6171875,0.0,2403.323974609375,1.0,280.3417663574219,283.87060546875,294.3189697265625,297.7229309082031,293.1499938964844,293.1499938964844,280.04998779296875,35730.23828125,36000.0,313.1499938964844,0.0,18000.0,1.0,0.0,0.0,0.0,1.0,0.9475114345550536,1.0,0.0,0.0,3.655376434326172,3.655400514602661,8.915742455428699e-07,4.265924453735352,4.265914440155029,9.78592834144365e-06,0.0,0.0,-0.0,8045.7314453125,0.0,1537.136962890625,1895.4371337890625,0.0,3840.515625,0.90631765127182,1.0,0.0,3.0,1.0,0.0
12414300,297.15155029296875,297.1499938964844,293.1499938964844,0.0,-0.0,285.12109375,0.7790239453315735,0.274929404258728,0.2497079223394394,297.04913330078125,297.1499938964844,293.1499938964844,0.0,-0.0,285.1180725097656,0.9717315435409546,0.5287478566169739,0.5017092823982239,297.4134216308594,297.1499938964844,293.1499938964844,0.0,-0.0,285.1177673339844,0.9989547729492188,0.585970938205719,0.4091989994049072,297.16534423828125,297.1499938964844,293.1499938964844,0.0,-0.0,285.1195983886719,0.8487828373908997,0.358873039484024,0.3418908715248108,297.1711120605469,297.1499938964844,293.1499938964844,0.0,-0.0,285.1224060058594,0.7355961799621582,0.2299715131521225,1.0458106994628906,285.1185913085937,284.95001220703125,295.390869140625,291.3650207519531,295.390380859375,297.2532958984375,285.11114501953125,1.0,0.5734066367149353,1.0,1.0,0.0,1.0,-3.0598535537719727,3.0598459243774414,7.527803973061964e-06,2.363447427749634,0.9046751260757446,0.9046751260757446,0.0,144.80970764160156,138.0,55267.62109375,0.0,2393.3115234375,1.0,280.0984191894531,283.7246398925781,294.3949279785156,297.9710998535156,293.1499938964844,293.1499938964844,280.04998779296875,35764.37890625,36000.0,313.1499938964844,0.0,18000.0,1.0,0.0,0.0,0.0,1.0,0.9541401863098145,1.0,0.0,0.0,3.660138368606568,3.6601624488830566,8.938986866269261e-07,4.265924453735352,4.265914440155029,9.78592834144365e-06,0.0,0.0,-0.0,7880.3447265625,0.0,1542.7093505859375,1895.4371337890625,0.0,3900.1826171875,0.9073532223701476,1.0,0.0,3.0,1.0,0.0
12414360,297.1505126953125,297.1499938964844,293.1499938964844,0.0,-0.0,285.0736999511719,0.7813670635223389,0.2748376727104187,0.2497378438711166,297.0486145019531,297.1499938964844,293.1499938964844,0.0,-0.0,285.0731811523437,0.9741129875183104,0.5280582904815674,0.5012179017066956,297.413818359375,297.1499938964844,293.1499938964844,0.0,-0.0,285.0731201171875,0.9990000128746032,0.5876771211624146,0.4074708521366119,297.1652526855469,297.1499938964844,293.1499938964844,0.0,-0.0,285.07342529296875,0.8513175249099731,0.3589611649513244,0.3420843482017517,297.17218017578125,297.1499938964844,293.1499938964844,0.0,-0.0,285.07391357421875,0.7378861904144287,0.2302108705043792,1.047210454940796,285.0732727050781,284.95001220703125,295.4046325683594,291.372314453125,295.4041442871094,297.2528381347656,285.0719909667969,1.0,0.5724895000457764,1.0,1.0,0.0,1.0,-3.059117555618286,3.059110164642334,7.524351531174034e-06,2.3629496097564697,0.9050025939941406,0.9050025939941406,0.0,143.35658264160156,141.0,55475.56640625,0.0,2384.376708984375,1.0,280.0576171875,283.68023681640625,294.40673828125,297.9705810546875,293.1499938964844,293.1499938964844,279.75,35814.29296875,36000.0,313.1499938964844,0.0,18000.0,1.0,0.0,0.0,0.0,1.0,0.9581708312034608,1.0,0.0,0.0,3.663067579269409,3.6630916595458975,8.953300039138412e-07,4.265924453735352,4.265914440155029,9.78592834144365e-06,0.0,0.0,-0.0,8285.037109375,0.0,1546.361083984375,1895.4371337890625,0.0,3936.263671875,0.9080666899681092,1.0,0.0,3.0,1.0,0.0
12414420,297.1412353515625,297.1499938964844,293.1499938964844,0.0,-0.0,284.8855285644531,0.7812644839286804,0.2739104032516479,0.2491058707237243,297.03839111328125,297.1499938964844,293.1499938964844,0.0,-0.0,284.885009765625,0.973606288433075,0.5257473587989807,0.4993162751197815,297.41082763671875,297.1499938964844,293.1499938964844,0.0,-0.0,284.8849792480469,0.9990000128746032,0.5907283425331116,0.4066097140312195,297.1571960449219,297.1499938964844,293.1499938964844,0.0,-0.0,284.88525390625,0.8516280651092529,0.3583492636680603,0.3417353928089142,297.1678161621094,297.1499938964844,293.1499938964844,0.0,-0.0,284.8857421875,0.7384200096130371,0.2300586104393005,1.0473967790603638,284.8851013183594,284.95001220703125,295.4324035644531,291.3867492675781,295.4319152832031,297.24609375,284.88385009765625,1.0,0.5716937780380249,1.0,1.0,0.0,1.0,-3.054863452911377,3.0548558235168457,7.503115739382338e-06,2.359527826309204,0.9025796055793762,0.9025796055793762,0.0,142.82786560058594,144.0,56840.0078125,0.0,2373.72607421875,1.0,279.75811767578125,283.4690246582031,294.4285583496094,298.0953674316406,293.1499938964844,293.1499938964844,279.45001220703125,36001.5625,36000.0,313.1499938964844,0.0,18000.0,1.0,0.0,0.0,0.0,1.0,0.969245672225952,1.0,0.0,0.0,3.663661241531372,3.663685321807861,8.956201895671256e-07,4.265924453735352,4.265914440155029,9.78592834144365e-06,0.0,0.0,-0.0,8474.0205078125,0.0,1548.43212890625,1895.4371337890625,0.0,4034.560791015625,0.908319652080536,1.0,0.0,3.0,1.0,0.0
12414480,297.1412353515625,297.1499938964844,293.1499938964844,0.0,-0.0,284.8855285644531,0.7812644839286804,0.2739104032516479,0.2491058707237243,297.03839111328125,297.1499938964844,293.1499938964844,0.0,-0.0,284.885009765625,0.973606288433075,0.5257473587989807,0.4993162751197815,297.41082763671875,297.1499938964844,293.1499938964844,0.0,-0.0,284.8849792480469,0.9990000128746032,0.5907283425331116,0.4066097140312195,297.1571960449219,297.1499938964844,293.1499938964844,0.0,-0.0,284.88525390625,0.8516280651092529,0.3583492636680603,0.3417353928089142,297.1678161621094,297.1499938964844,293.1499938964844,0.0,-0.0,284.8857421875,0.7384200096130371,0.2300586104393005,1.0473967790603638,284.8851013183594,284.95001220703125,295.4324035644531,291.3867492675781,295.4319152832031,297.24609375,284.88385009765625,1.0,0.5716937780380249,1.0,1.0,0.0,1.0,-3.054863452911377,3.0548558235168457,7.503115739382338e-06,2.359527826309204,0.9025796055793762,0.9025796055793762,0.0,142.82786560058594,144.0,56840.0078125,0.0,2373.72607421875,1.0,279.75811767578125,283.4690246582031,294.4285583496094,298.0953674316406,293.1499938964844,293.1499938964844,279.45001220703125,36001.5625,36000.0,313.1499938964844,0.0,18000.0,1.0,0.0,0.0,0.0,1.0,0.969245672225952,1.0,0.0,0.0,3.663661241531372,3.663685321807861,8.956201895671256e-07,4.265924453735352,4.265914440155029,9.78592834144365e-06,0.0,0.0,-0.0,8474.0205078125,0.0,1548.43212890625,1895.4371337890625,0.0,4034.560791015625,0.908319652080536,1.0,0.0,3.0,1.0,0.0
12414540,297.1278686523437,297.1499938964844,293.1499938964844,0.0,-0.0,284.7010498046875,0.7778847217559814,0.272451102733612,0.2479462623596191,297.0227355957031,297.1499938964844,293.1499938964844,0.0,-0.0,284.7006225585937,0.9694477915763856,0.5227535367012024,0.4966930747032165,297.3945007324219,297.1499938964844,293.1499938964844,0.0,-0.0,284.7005920410156,0.9990000128746032,0.5923943519592285,0.4099004566669464,297.1439208984375,297.1499938964844,293.1499938964844,0.0,-0.0,284.7008361816406,0.848618745803833,0.3570980131626129,0.3407369256019592,297.1582946777344,297.1499938964844,293.1499938964844,0.0,-0.0,284.7012634277344,0.7360376119613647,0.2293232381343841,1.0449320077896118,284.70068359375,284.95001220703125,295.4599304199219,291.40069580078125,295.4594421386719,297.23077392578125,284.6996765136719,1.0,0.571774959564209,1.0,1.0,0.0,1.0,-3.0501086711883545,3.0501012802124023,7.479452051484259e-06,2.35571813583374,0.8977182507514954,0.8977182507514954,0.0,143.9452667236328,147.0,58145.4453125,0.0,2370.76220703125,1.0,279.4581604003906,283.2621459960937,294.43585205078125,298.1881103515625,293.1499938964844,293.1499938964844,279.75,36233.78515625,36000.0,313.1499938964844,0.0,18000.0,1.0,0.0,0.0,0.0,1.0,0.9784470796585084,1.0,0.0,0.0,3.655642509460449,3.6556668281555176,8.91704075911548e-07,4.265924453735352,4.265914440155029,9.78592834144365e-06,0.0,0.0,-0.0,7709.1123046875,0.0,1541.2071533203125,1895.4371337890625,0.0,4115.21044921875,0.9066818356513976,1.0,0.0,3.0,1.0,0.0
12414600,297.1278686523437,297.1499938964844,293.1499938964844,0.0,-0.0,284.7010498046875,0.7778847217559814,0.272451102733612,0.2479462623596191,297.0227355957031,297.1499938964844,293.1499938964844,0.0,-0.0,284.7006225585937,0.9694477915763856,0.5227535367012024,0.4966930747032165,297.3945007324219,297.1499938964844,293.1499938964844,0.0,-0.0,284.7005920410156,0.9990000128746032,0.5923943519592285,0.4099004566669464,297.1439208984375,297.1499938964844,293.1499938964844,0.0,-0.0,284.7008361816406,0.848618745803833,0.3570980131626129,0.3407369256019592,297.1582946777344,297.1499938964844,293.1499938964844,0.0,-0.0,284.7012634277344,0.7360376119613647,0.2293232381343841,1.0449320077896118,284.70068359375,284.95001220703125,295.4599304199219,291.40069580078125,295.4594421386719,297.23077392578125,284.6996765136719,1.0,0.571774959564209,1.0,1.0,0.0,1.0,-3.0501086711883545,3.0501012802124023,7.479452051484259e-06,2.35571813583374,0.8977182507514954,0.8977182507514954,0.0,143.9452667236328,147.0,58145.4453125,0.0,2370.76220703125,1.0,279.4581604003906,283.2621459960937,294.43585205078125,298.1881103515625,293.1499938964844,293.1499938964844,279.75,36233.78515625,36000.0,313.1499938964844,0.0,18000.0,1.0,0.0,0.0,0.0,1.0,0.9784470796585084,1.0,0.0,0.0,3.655642509460449,3.6556668281555176,8.91704075911548e-07,4.265924453735352,4.265914440155029,9.78592834144365e-06,0.0,0.0,-0.0,7709.1123046875,0.0,1541.2071533203125,1895.4371337890625,0.0,4115.21044921875,0.9066818356513976,1.0,0.0,3.0,1.0,0.0
12414660,297.12744140625,297.1499938964844,293.1499938964844,0.0,-0.0,284.8826599121094,0.7747993469238281,0.2721089124679565,0.2473283410072326,297.0232849121094,297.1499938964844,293.1499938964844,0.0,-0.0,284.88336181640625,0.9652493596076964,0.5211724042892456,0.4947786331176758,297.3903503417969,297.1499938964844,293.1499938964844,0.0,-0.0,284.8834533691406,0.9990000128746032,0.5950437784194946,0.4135879874229431,297.141845703125,297.1499938964844,293.1499938964844,0.0,-0.0,284.8830261230469,0.8456579446792603,0.356793075799942,0.3401556313037872,297.155517578125,297.1499938964844,293.1499938964844,0.0,-0.0,284.8823547363281,0.7335814237594604,0.2291337549686432,1.0432616472244265,284.8832397460937,284.95001220703125,295.48651123046875,291.4137878417969,295.48602294921875,297.2279663085937,284.8851013183594,1.0,0.5725260972976685,1.0,1.0,0.0,1.0,-3.048781394958496,3.048774003982544,7.47237845644122e-06,2.354454517364502,0.8982788920402527,0.8982788920402527,0.0,145.4111328125,150.0,56919.09765625,0.0,2375.944091796875,1.0,279.7421875,283.46551513671875,294.38311767578125,297.9891662597656,293.1499938964844,293.1499938964844,280.04998779296875,36120.49609375,36000.0,313.1499938964844,0.0,18000.0,1.0,0.0,0.0,0.0,1.0,0.9687206745147704,1.0,0.0,0.0,3.650276899337769,3.650300979614258,8.89088369149249e-07,4.265924453735352,4.265914440155029,9.78592834144365e-06,0.0,0.0,-0.0,7518.2265625,0.0,1534.37841796875,1895.4371337890625,0.0,4029.9306640625,0.9054349064826964,1.0,0.0,3.0,1.0,0.0
12414720,297.12744140625,297.1499938964844,293.1499938964844,0.0,-0.0,284.8826599121094,0.7747993469238281,0.2721089124679565,0.2473283410072326,297.0232849121094,297.1499938964844,293.1499938964844,0.0,-0.0,284.88336181640625,0.9652493596076964,0.5211724042892456,0.4947786331176758,297.3903503417969,297.1499938964844,293.1499938964844,0.0,-0.0,284.8834533691406,0.9990000128746032,0.5950437784194946,0.4135879874229431,297.141845703125,297.1499938964844,293.1499938964844,0.0,-0.0,284.8830261230469,0.8456579446792603,0.356793075799942,0.3401556313037872,297.155517578125,297.1499938964844,293.1499938964844,0.0,-0.0,284.8823547363281,0.7335814237594604,0.2291337549686432,1.0432616472244265,284.8832397460937,284.95001220703125,295.48651123046875,291.4137878417969,295.48602294921875,297.2279663085937,284.8851013183594,1.0,0.5725260972976685,1.0,1.0,0.0,1.0,-3.048781394958496,3.048774003982544,7.47237845644122e-06,2.354454517364502,0.8982788920402527,0.8982788920402527,0.0,145.4111328125,150.0,56919.09765625,0.0,2375.944091796875,1.0,279.7421875,283.46551513671875,294.38311767578125,297.9891662597656,293.1499938964844,293.1499938964844,280.04998779296875,36120.49609375,36000.0,313.1499938964844,0.0,18000.0,1.0,0.0,0.0,0.0,1.0,0.9687206745147704,1.0,0.0,0.0,3.650276899337769,3.650300979614258,8.89088369149249e-07,4.265924453735352,4.265914440155029,9.78592834144365e-06,0.0,0.0,-0.0,7518.2265625,0.0,1534.37841796875,1895.4371337890625,0.0,4029.9306640625,0.9054349064826964,1.0,0.0,3.0,1.0,0.0
12414780,297.1376647949219,297.1499938964844,293.1499938964844,0.0,-0.0,285.0856628417969,0.7738502025604248,0.2728512585163116,0.2478362917900085,297.03778076171875,297.1499938964844,293.1499938964844,0.0,-0.0,285.08642578125,0.963145673274994,0.5210266709327698,0.4944068491458893,297.4042053222656,297.1499938964844,293.1499938964844,0.0,-0.0,285.0865173339844,0.9990000128746032,0.5994775891304016,0.4159964323043823,297.1512145996094,297.1499938964844,293.1499938964844,0.0,-0.0,285.0860290527344,0.8446030020713806,0.3576306700706482,0.3407529890537262,297.1615905761719,297.1499938964844,293.1499938964844,0.0,-0.0,285.0853576660156,0.7328042984008789,0.2298123091459274,1.045599102973938,285.0863037109375,284.95001220703125,295.5113525390625,291.4256896972656,295.51092529296875,297.24041748046875,285.0882568359375,1.0,0.5741654634475708,1.0,1.0,0.0,1.0,-3.055361032485962,3.0553536415100098,7.504202130803605e-06,2.3593406677246094,0.9017469882965088,0.9017469882965088,0.0,146.62452697753906,153.0,55751.35546875,0.0,2394.447021484375,1.0,280.0417785644531,283.68585205078125,294.3865051269531,297.9033508300781,293.1499938964844,293.1499938964844,279.75,35907.2265625,36000.0,313.1499938964844,0.0,18000.0,1.0,0.0,0.0,0.0,1.0,0.958214282989502,1.0,0.0,0.0,3.653010129928589,3.653034210205078,8.904203241399955e-07,4.265924453735352,4.265914440155029,9.78592834144365e-06,0.0,0.0,-0.0,8273.5830078125,0.0,1535.8253173828125,1895.4371337890625,0.0,3936.65185546875,0.9059072732925416,1.0,0.0,3.0,1.0,0.0
12414840,297.1376647949219,297.1499938964844,293.1499938964844,0.0,-0.0,285.0856628417969,0.7738502025604248,0.2728512585163116,0.2478362917900085,297.03778076171875,297.1499938964844,293.1499938964844,0.0,-0.0,285.08642578125,0.963145673274994,0.5210266709327698,0.4944068491458893,297.4042053222656,297.1499938964844,293.1499938964844,0.0,-0.0,285.0865173339844,0.9990000128746032,0.5994775891304016,0.4159964323043823,297.1512145996094,297.1499938964844,293.1499938964844,0.0,-0.0,285.0860290527344,0.8446030020713806,0.3576306700706482,0.3407529890537262,297.1615905761719,297.1499938964844,293.1499938964844,0.0,-0.0,285.0853576660156,0.7328042984008789,0.2298123091459274,1.045599102973938,285.0863037109375,284.95001220703125,295.5113525390625,291.4256896972656,295.51092529296875,297.24041748046875,285.0882568359375,1.0,0.5741654634475708,1.0,1.0,0.0,1.0,-3.055361032485962,3.0553536415100098,7.504202130803605e-06,2.3593406677246094,0.9017469882965088,0.9017469882965088,0.0,146.62452697753906,153.0,55751.35546875,0.0,2394.447021484375,1.0,280.0417785644531,283.68585205078125,294.3865051269531,297.9033508300781,293.1499938964844,293.1499938964844,279.75,35907.2265625,36000.0,313.1499938964844,0.0,18000.0,1.0,0.0,0.0,0.0,1.0,0.958214282989502,1.0,0.0,0.0,3.653010129928589,3.653034210205078,8.904203241399955e-07,4.265924453735352,4.265914440155029,9.78592834144365e-06,0.0,0.0,-0.0,8273.5830078125,0.0,1535.8253173828125,1895.4371337890625,0.0,3936.65185546875,0.9059072732925416,1.0,0.0,3.0,1.0,0.0
12414900,297.1396484375,297.1499938964844,293.1499938964844,0.0,-0.0,284.9721984863281,0.7733020782470703,0.2729698419570923,0.2481614053249359,297.0412902832031,297.1499938964844,293.1499938964844,0.0,-0.0,284.9691772460937,0.9619759917259216,0.5206651091575623,0.4943415522575378,297.406982421875,297.1499938964844,293.1499938964844,0.0,-0.0,284.9687805175781,0.9990000128746032,0.6013650894165039,0.4174270629882812,297.1537780761719,297.1499938964844,293.1499938964844,0.0,-0.0,284.9706726074219,0.8440316319465637,0.3578922152519226,0.3411888778209686,297.1637268066406,297.1499938964844,293.1499938964844,0.0,-0.0,284.97344970703125,0.7324337363243103,0.2300960272550583,1.047447919845581,284.9696655273437,284.95001220703125,295.5229187011719,291.4310607910156,295.5224914550781,297.2435302734375,284.9623107910156,1.0,0.5752626061439514,1.0,1.0,0.0,1.0,-3.0601418018341064,3.060134172439575,7.527644811489154e-06,2.3630073070526123,0.9007739424705504,0.9007739424705504,0.0,147.39712524414062,153.0,56956.6796875,0.0,2407.362548828125,1.0,279.79852294921875,283.5408935546875,294.4573669433594,298.14410400390625,293.1499938964844,293.1499938964844,279.75,35953.77734375,36000.0,313.1499938964844,0.0,18000.0,1.0,0.0,0.0,0.0,1.0,0.9643111228942872,1.0,0.0,0.0,3.654172658920288,3.654196739196777,8.909871667128755e-07,4.265924453735352,4.265914440155029,9.78592834144365e-06,0.0,0.0,-0.0,8098.3076171875,0.0,1537.4696044921875,1895.4371337890625,0.0,3990.921142578125,0.9061456322669984,1.0,0.0,3.0,1.0,0.0
12414960,297.1375427246094,297.1499938964844,293.1499938964844,0.0,-0.0,284.9286499023437,0.7716036438941956,0.2726996541023254,0.2480954825878143,297.0397033691406,297.1499938964844,293.1499938964844,0.0,-0.0,284.9283142089844,0.9595029950141908,0.5198218822479248,0.4937695860862732,297.4024963378906,297.1499938964844,293.1499938964844,0.0,-0.0,284.9282531738281,0.9990000128746032,0.6025550365447998,0.4197562932968139,297.15252685546875,297.1499938964844,293.1499938964844,0.0,-0.0,284.928466796875,0.8424283266067505,0.3577960729598999,0.3412759006023407,297.1631774902344,297.1499938964844,293.1499938964844,0.0,-0.0,284.9288024902344,0.7311996817588806,0.2301296889781952,1.048263669013977,284.9283447265625,284.95001220703125,295.5337829589844,291.4360046386719,295.53338623046875,297.24053955078125,284.9275817871094,1.0,0.5763798952102661,1.0,1.0,0.0,1.0,-3.0632641315460205,3.0632565021514893,7.543011633970309e-06,2.365417718887329,0.9001727104187012,0.9001727104187012,0.0,148.59841918945312,156.0,57173.70703125,0.0,2419.45654296875,1.0,279.7576599121094,283.5002746582031,294.4663391113281,298.1382751464844,293.1499938964844,293.1499938964844,279.45001220703125,36011.35546875,36000.0,313.1499938964844,0.0,18000.0,1.0,0.0,0.0,0.0,1.0,0.9678890109062196,1.0,0.0,0.0,3.653358459472656,3.6533825397491455,8.905901722755516e-07,4.265924453735352,4.265914440155029,9.78592834144365e-06,0.0,0.0,-0.0,8515.83203125,0.0,1536.9932861328125,1895.4371337890625,0.0,4022.589111328125,0.9060294032096864,1.0,0.0,3.0,1.0,0.0
12415020,297.1273193359375,297.1499938964844,293.1499938964844,0.0,-0.0,284.7475280761719,0.76546710729599,0.2715129256248474,0.2473603338003158,297.0285949707031,297.1499938964844,293.1499938964844,0.0,-0.0,284.7470092773437,0.950993001461029,0.5173102617263794,0.4918129444122314,297.3822021484375,297.1499938964844,293.1499938964844,0.0,-0.0,284.7469482421875,0.9963085651397704,0.6037050485610962,0.4223570823669433,297.1435546875,297.1499938964844,293.1499938964844,0.0,-0.0,284.74725341796875,0.8365588188171387,0.3569255173206329,0.3408141136169433,297.1567077636719,297.1499938964844,293.1499938964844,0.0,-0.0,284.74774169921875,0.7263777256011963,0.2296499907970428,1.0476374626159668,284.7471008300781,284.95001220703125,295.55303955078125,291.4443664550781,295.552734375,297.2254943847656,284.745849609375,1.0,0.5782965421676636,1.0,1.0,0.0,1.0,-3.061850070953369,3.061842441558838,7.536146767961327e-06,2.364366292953491,0.8959705233573914,0.8959705233573914,0.0,152.22845458984375,159.0,58496.65234375,0.0,2435.77587890625,1.0,279.4582214355469,283.2952880859375,294.483642578125,298.2577514648437,293.1499938964844,293.1499938964844,279.75,36207.796875,36000.0,313.1499938964844,0.0,18000.0,1.0,0.0,0.0,0.0,1.0,0.978384256362915,1.0,0.0,0.0,3.6463027000427246,3.646326780319214,8.871534191712271e-07,4.265924453735352,4.265914440155029,9.78592834144365e-06,0.0,0.0,-0.0,7756.08203125,0.0,1530.6121826171875,1895.4371337890625,0.0,4114.6630859375,0.9045787453651428,1.0,0.0,3.0,1.0,0.0
12415080,297.1273193359375,297.1499938964844,293.1499938964844,0.0,-0.0,284.7475280761719,0.76546710729599,0.2715129256248474,0.2473603338003158,297.0285949707031,297.1499938964844,293.1499938964844,0.0,-0.0,284.7470092773437,0.950993001461029,0.5173102617263794,0.4918129444122314,297.3822021484375,297.1499938964844,293.1499938964844,0.0,-0.0,284.7469482421875,0.9963085651397704,0.6037050485610962,0.4223570823669433,297.1435546875,297.1499938964844,293.1499938964844,0.0,-0.0,284.74725341796875,0.8365588188171387,0.3569255173206329,0.3408141136169433,297.1567077636719,297.1499938964844,293.1499938964844,0.0,-0.0,284.74774169921875,0.7263777256011963,0.2296499907970428,1.0476374626159668,284.7471008300781,284.95001220703125,295.55303955078125,291.4443664550781,295.552734375,297.2254943847656,284.745849609375,1.0,0.5782965421676636,1.0,1.0,0.0,1.0,-3.061850070953369,3.061842441558838,7.536146767961327e-06,2.364366292953491,0.8959705233573914,0.8959705233573914,0.0,152.22845458984375,159.0,58496.65234375,0.0,2435.77587890625,1.0,279.4582214355469,283.2952880859375,294.483642578125,298.2577514648437,293.1499938964844,293.1499938964844,279.75,36207.796875,36000.0,313.1499938964844,0.0,18000.0,1.0,0.0,0.0,0.0,1.0,0.978384256362915,1.0,0.0,0.0,3.6463027000427246,3.646326780319214,8.871534191712271e-07,4.265924453735352,4.265914440155029,9.78592834144365e-06,0.0,0.0,-0.0,7756.08203125,0.0,1530.6121826171875,1895.4371337890625,0.0,4114.6630859375,0.9045787453651428,1.0,0.0,3.0,1.0,0.0
12415140,297.1274108886719,297.1499938964844,293.1499938964844,0.0,-0.0,284.9230651855469,0.7604666948318481,0.271216869354248,0.246884137392044,297.0300598144531,297.1499938964844,293.1499938964844,0.0,-0.0,284.9237365722656,0.9435117840766908,0.5158990025520325,0.4901814460754394,297.3822021484375,297.1499938964844,293.1499938964844,0.0,-0.0,284.923828125,0.9928252696990968,0.6066187024116516,0.4240191876888275,297.1429138183594,297.1499938964844,293.1499938964844,0.0,-0.0,284.92340087890625,0.8316559195518494,0.3567630052566528,0.3404792845249176,297.1551208496094,297.1499938964844,293.1499938964844,0.0,-0.0,284.9227905273437,0.7221969962120056,0.2295607179403305,1.046874761581421,284.9236145019531,284.95001220703125,295.5684509277344,291.4504699707031,295.5682067871094,297.2248840332031,284.92529296875,1.0,0.5799553990364075,1.0,1.0,0.0,1.0,-3.0599923133850098,3.0599846839904785,7.5263956205162685e-06,2.36267614364624,0.8970261216163635,0.8970261216163635,0.0,155.41909790039062,162.0,57227.7734375,0.0,2448.957275390625,1.0,279.7421264648437,283.4939270019531,294.424072265625,298.0527038574219,293.1499938964844,293.1499938964844,280.04998779296875,36079.9765625,36000.0,313.1499938964844,0.0,18000.0,1.0,0.0,0.0,0.0,1.0,0.9696272611618042,1.0,0.0,0.0,3.642449617385864,3.6424734592437744,8.852794621816429e-07,4.265924453735352,4.265914440155029,9.78592834144365e-06,0.0,0.0,-0.0,7557.97021484375,0.0,1525.3817138671875,1895.4371337890625,0.0,4037.9248046875,0.9036577343940736,1.0,0.0,3.0,1.0,0.0
12415200,297.1274108886719,297.1499938964844,293.1499938964844,0.0,-0.0,284.9230651855469,0.7604666948318481,0.271216869354248,0.246884137392044,297.0300598144531,297.1499938964844,293.1499938964844,0.0,-0.0,284.9237365722656,0.9435117840766908,0.5158990025520325,0.4901814460754394,297.3822021484375,297.1499938964844,293.1499938964844,0.0,-0.0,284.923828125,0.9928252696990968,0.6066187024116516,0.4240191876888275,297.1429138183594,297.1499938964844,293.1499938964844,0.0,-0.0,284.92340087890625,0.8316559195518494,0.3567630052566528,0.3404792845249176,297.1551208496094,297.1499938964844,293.1499938964844,0.0,-0.0,284.9227905273437,0.7221969962120056,0.2295607179403305,1.046874761581421,284.9236145019531,284.95001220703125,295.5684509277344,291.4504699707031,295.5682067871094,297.2248840332031,284.92529296875,1.0,0.5799553990364075,1.0,1.0,0.0,1.0,-3.0599923133850098,3.0599846839904785,7.5263956205162685e-06,2.36267614364624,0.8970261216163635,0.8970261216163635,0.0,155.41909790039062,162.0,57227.7734375,0.0,2448.957275390625,1.0,279.7421264648437,283.4939270019531,294.424072265625,298.0527038574219,293.1499938964844,293.1499938964844,280.04998779296875,36079.9765625,36000.0,313.1499938964844,0.0,18000.0,1.0,0.0,0.0,0.0,1.0,0.9696272611618042,1.0,0.0,0.0,3.642449617385864,3.6424734592437744,8.852794621816429e-07,4.265924453735352,4.265914440155029,9.78592834144365e-06,0.0,0.0,-0.0,7557.97021484375,0.0,1525.3817138671875,1895.4371337890625,0.0,4037.9248046875,0.9036577343940736,1.0,0.0,3.0,1.0,0.0
12415260,297.1374816894531,297.1499938964844,293.1499938964844,0.0,-0.0,285.1211853027344,0.7588101625442505,0.2719453275203705,0.2474149316549301,297.0443725585937,297.1499938964844,293.1499938964844,0.0,-0.0,285.12188720703125,0.9401708841323853,0.5158186554908752,0.489916056394577,297.3968200683594,297.1499938964844,293.1499938964844,0.0,-0.0,285.1220092773437,0.9923250675201416,0.6110318899154663,0.4269254803657532,297.15264892578125,297.1499938964844,293.1499938964844,0.0,-0.0,285.1215515136719,0.8299087285995483,0.3576501011848449,0.3411670923233032,297.1615905761719,297.1499938964844,293.1499938964844,0.0,-0.0,285.12091064453125,0.7207903265953064,0.230274498462677,1.0495610237121582,285.1217956542969,284.95001220703125,295.5792541503906,291.4539489746094,295.5791015625,297.23779296875,285.1235656738281,1.0,0.5821716785430908,1.0,1.0,0.0,1.0,-3.0678532123565674,3.067845582962036,7.564704901596997e-06,2.368573904037476,0.9009335041046144,0.9009335041046144,0.0,157.3856658935547,165.0,56030.8125,0.0,2474.032958984375,1.0,280.0417175292969,283.7103881835937,294.4175720214844,297.9553527832031,293.1499938964844,293.1499938964844,279.75,35861.1171875,36000.0,313.1499938964844,0.0,18000.0,1.0,0.0,0.0,0.0,1.0,0.9596882462501526,1.0,0.0,0.0,3.6469147205352783,3.646938562393189,8.874512786860578e-07,4.265924453735352,4.265914440155029,9.78592834144365e-06,0.0,0.0,-0.0,8309.556640625,0.0,1528.700439453125,1895.4371337890625,0.0,3949.80615234375,0.9045117497444152,1.0,0.0,3.0,1.0,0.0
12415320,297.1374816894531,297.1499938964844,293.1499938964844,0.0,-0.0,285.1211853027344,0.7588101625442505,0.2719453275203705,0.2474149316549301,297.0443725585937,297.1499938964844,293.1499938964844,0.0,-0.0,285.12188720703125,0.9401708841323853,0.5158186554908752,0.489916056394577,297.3968200683594,297.1499938964844,293.1499938964844,0.0,-0.0,285.1220092773437,0.9923250675201416,0.6110318899154663,0.4269254803657532,297.15264892578125,297.1499938964844,293.1499938964844,0.0,-0.0,285.1215515136719,0.8299087285995483,0.3576501011848449,0.3411670923233032,297.1615905761719,297.1499938964844,293.1499938964844,0.0,-0.0,285.12091064453125,0.7207903265953064,0.230274498462677,1.0495610237121582,285.1217956542969,284.95001220703125,295.5792541503906,291.4539489746094,295.5791015625,297.23779296875,285.1235656738281,1.0,0.5821716785430908,1.0,1.0,0.0,1.0,-3.0678532123565674,3.067845582962036,7.564704901596997e-06,2.368573904037476,0.9009335041046144,0.9009335041046144,0.0,157.3856658935547,165.0,56030.8125,0.0,2474.032958984375,1.0,280.0417175292969,283.7103881835937,294.4175720214844,297.9553527832031,293.1499938964844,293.1499938964844,279.75,35861.1171875,36000.0,313.1499938964844,0.0,18000.0,1.0,0.0,0.0,0.0,1.0,0.9596882462501526,1.0,0.0,0.0,3.6469147205352783,3.646938562393189,8.874512786860578e-07,4.265924453735352,4.265914440155029,9.78592834144365e-06,0.0,0.0,-0.0,8309.556640625,0.0,1528.700439453125,1895.4371337890625,0.0,3949.80615234375,0.9045117497444152,1.0,0.0,3.0,1.0,0.0
12415380,297.13690185546875,297.1499938964844,293.1499938964844,0.0,-0.0,284.9578857421875,0.7558653354644775,0.2717441320419311,0.2476711571216583,297.0456848144531,297.1499938964844,293.1499938964844,0.0,-0.0,284.9573974609375,0.9350813627243042,0.5146360993385315,0.4893431365489959,297.3931579589844,297.1499938964844,293.1499938964844,0.0,-0.0,284.9573059082031,0.9904338121414183,0.6138150095939636,0.4293473064899444,297.1537475585937,297.1499938964844,293.1499938964844,0.0,-0.0,284.9576416015625,0.8270071744918823,0.3578128814697265,0.3417338132858276,297.1629943847656,297.1499938964844,293.1499938964844,0.0,-0.0,284.9580993652344,0.7184548377990723,0.230575144290924,1.0523725748062134,284.9574584960937,284.95001220703125,295.5847473144531,291.45440673828125,295.5846862792969,297.2366943359375,284.95623779296875,1.0,0.5846269130706787,1.0,1.0,0.0,1.0,-3.0744569301605225,3.074449300765991,7.597498552058823e-06,2.3737525939941406,0.8997120261192322,0.8997120261192322,0.0,160.15191650390625,168.0,57394.09765625,0.0,2501.019775390625,1.0,279.7578125,283.5199584960937,294.4860534667969,298.1766357421875,293.1499938964844,293.1499938964844,280.04998779296875,35966.859375,36000.0,313.1499938964844,0.0,18000.0,1.0,0.0,0.0,0.0,1.0,0.9696106910705566,1.0,0.0,0.0,3.648956060409546,3.648980140686035,8.884450721780013e-07,4.265924453735352,4.265914440155029,9.78592834144365e-06,0.0,0.0,-0.0,7617.66796875,0.0,1531.7596435546875,1895.4371337890625,0.0,4037.778564453125,0.9050123691558838,1.0,0.0,3.0,1.0,0.0
12415440,297.13690185546875,297.1499938964844,293.1499938964844,0.0,-0.0,284.9578857421875,0.7558653354644775,0.2717441320419311,0.2476711571216583,297.0456848144531,297.1499938964844,293.1499938964844,0.0,-0.0,284.9573974609375,0.9350813627243042,0.5146360993385315,0.4893431365489959,297.3931579589844,297.1499938964844,293.1499938964844,0.0,-0.0,284.9573059082031,0.9904338121414183,0.6138150095939636,0.4293473064899444,297.1537475585937,297.1499938964844,293.1499938964844,0.0,-0.0,284.9576416015625,0.8270071744918823,0.3578128814697265,0.3417338132858276,297.1629943847656,297.1499938964844,293.1499938964844,0.0,-0.0,284.9580993652344,0.7184548377990723,0.230575144290924,1.0523725748062134,284.9574584960937,284.95001220703125,295.5847473144531,291.45440673828125,295.5846862792969,297.2366943359375,284.95623779296875,1.0,0.5846269130706787,1.0,1.0,0.0,1.0,-3.0744569301605225,3.074449300765991,7.597498552058823e-06,2.3737525939941406,0.8997120261192322,0.8997120261192322,0.0,160.15191650390625,168.0,57394.09765625,0.0,2501.019775390625,1.0,279.7578125,283.5199584960937,294.4860534667969,298.1766357421875,293.1499938964844,293.1499938964844,280.04998779296875,35966.859375,36000.0,313.1499938964844,0.0,18000.0,1.0,0.0,0.0,0.0,1.0,0.9696106910705566,1.0,0.0,0.0,3.648956060409546,3.648980140686035,8.884450721780013e-07,4.265924453735352,4.265914440155029,9.78592834144365e-06,0.0,0.0,-0.0,7617.66796875,0.0,1531.7596435546875,1895.4371337890625,0.0,4037.778564453125,0.9050123691558838,1.0,0.0,3.0,1.0,0.0
12415500,297.1368713378906,297.1499938964844,293.1499938964844,0.0,-0.0,285.0782775878906,0.7535975575447083,0.271657258272171,0.2475201785564422,297.04656982421875,297.1499938964844,293.1499938964844,0.0,-0.0,285.0814208984375,0.9314676523208618,0.51405930519104,0.488693505525589,297.3927001953125,297.1499938964844,293.1499938964844,0.0,-0.0,285.0819702148437,0.9886890649795532,0.615304172039032,0.4302376806735992,297.1540832519531,297.1499938964844,293.1499938964844,0.0,-0.0,285.0799255371094,0.8247904777526855,0.3578681945800781,0.3417381346225738,297.1631774902344,297.1499938964844,293.1499938964844,0.0,-0.0,285.0770263671875,0.7165650725364685,0.2306754142045974,1.0528239011764526,285.0809936523437,284.95001220703125,295.58526611328125,291.4533996582031,295.58526611328125,297.236328125,285.0888366699219,1.0,0.585719645023346,1.0,1.0,0.0,1.0,-3.0751094818115234,3.075101852416992,7.600566277687903e-06,2.374190330505371,0.9017602205276488,0.9017602205276488,0.0,161.8785400390625,168.0,56288.94921875,0.0,2511.320068359375,1.0,280.0013122558594,283.668701171875,294.43170166015625,297.9677429199219,293.1499938964844,293.1499938964844,280.04998779296875,35890.03125,36000.0,313.1499938964844,0.0,18000.0,1.0,0.0,0.0,0.0,1.0,0.9646716117858888,1.0,0.0,0.0,3.650914192199707,3.650938034057617,8.893987910596479e-07,4.265924453735352,4.265914440155029,9.78592834144365e-06,0.0,0.0,-0.0,7801.14794921875,0.0,1533.36279296875,1895.4371337890625,0.0,3994.1181640625,0.9054484963417052,1.0,0.0,3.0,1.0,0.0
12415560,297.13995361328125,297.1499938964844,293.1499938964844,0.0,-0.0,285.12811279296875,0.7522791028022766,0.271875262260437,0.2476604580879211,297.0512390136719,297.1499938964844,293.1499938964844,0.0,-0.0,285.1286315917969,0.9290990233421326,0.5138617753982544,0.4884244799613952,297.3968505859375,297.1499938964844,293.1499938964844,0.0,-0.0,285.12872314453125,0.9878716468811036,0.6172486543655396,0.4315088391304016,297.1572570800781,297.1499938964844,293.1499938964844,0.0,-0.0,285.1283874511719,0.8234513998031616,0.3582028150558471,0.3420006036758423,297.16534423828125,297.1499938964844,293.1499938964844,0.0,-0.0,285.1278991699219,0.7154406309127808,0.2309701293706894,1.054025173187256,285.1285705566406,284.95001220703125,295.58416748046875,291.4515380859375,295.584228515625,297.2402648925781,285.1298828125,1.0,0.5869075655937195,1.0,1.0,0.0,1.0,-3.078238010406494,3.078230381011963,7.615845788677689e-06,2.3765249252319336,0.9034701585769652,0.9034701585769652,0.0,163.1987762451172,171.0,56175.9296875,0.0,2524.215087890625,1.0,280.04229736328125,283.7127685546875,294.429931640625,297.9920349121094,293.1499938964844,293.1499938964844,279.75,35809.28515625,36000.0,313.1499938964844,0.0,18000.0,1.0,0.0,0.0,0.0,1.0,0.9622129201889038,1.0,0.0,0.0,3.6552255153656006,3.65524959564209,8.915006333154452e-07,4.265924453735352,4.265914440155029,9.78592834144365e-06,0.0,0.0,-0.0,8330.5732421875,0.0,1537.5609130859375,1895.4371337890625,0.0,3972.287109375,0.9063296914100648,1.0,0.0,3.0,1.0,0.0
12415620,297.1362609863281,297.1499938964844,293.1499938964844,0.0,-0.0,284.9561462402344,0.7486581802368164,0.2713877260684967,0.2476276606321334,297.0484619140625,297.1499938964844,293.1499938964844,0.0,-0.0,284.95556640625,0.9230329394340516,0.5123488903045654,0.4874948859214782,297.38836669921875,297.1499938964844,293.1499938964844,0.0,-0.0,284.9554443359375,0.985077977180481,0.6195382475852966,0.4335501194000244,297.15496826171875,297.1499938964844,293.1499938964844,0.0,-0.0,284.9558410644531,0.8198286294937134,0.3580769896507263,0.3422740697860718,297.1639099121094,297.1499938964844,293.1499938964844,0.0,-0.0,284.9563903808594,0.7123182415962219,0.2310308665037155,1.055766224861145,284.95562744140625,284.95001220703125,295.5768127441406,291.4449462890625,295.5770263671875,297.2349548339844,284.9541015625,1.0,0.5892231464385986,1.0,1.0,0.0,1.0,-3.0819671154022217,3.0819594860076904,7.634503162989859e-06,2.3794848918914795,0.9021613597869872,0.9021613597869872,0.0,166.3984832763672,174.0,57475.1640625,0.0,2548.15478515625,1.0,279.7577819824219,283.5159606933594,294.4769897460937,298.1783447265625,293.1499938964844,293.1499938964844,279.45001220703125,35940.546875,36000.0,313.1499938964844,0.0,18000.0,1.0,0.0,0.0,0.0,1.0,0.9718446731567384,1.0,0.0,0.0,3.658274412155152,3.6582984924316406,8.929883961172891e-07,4.265924453735352,4.265914440155029,9.78592834144365e-06,0.0,0.0,-0.0,8552.95703125,0.0,1541.94775390625,1895.4371337890625,0.0,4057.438720703125,0.9070756435394288,1.0,0.0,3.0,1.0,0.0
12415680,297.1362609863281,297.1499938964844,293.1499938964844,0.0,-0.0,284.9561462402344,0.7486581802368164,0.2713877260684967,0.2476276606321334,297.0484619140625,297.1499938964844,293.1499938964844,0.0,-0.0,284.95556640625,0.9230329394340516,0.5123488903045654,0.4874948859214782,297.38836669921875,297.1499938964844,293.1499938964844,0.0,-0.0,284.9554443359375,0.985077977180481,0.6195382475852966,0.4335501194000244,297.15496826171875,297.1499938964844,293.1499938964844,0.0,-0.0,284.9558410644531,0.8198286294937134,0.3580769896507263,0.3422740697860718,297.1639099121094,297.1499938964844,293.1499938964844,0.0,-0.0,284.9563903808594,0.7123182415962219,0.2310308665037155,1.055766224861145,284.95562744140625,284.95001220703125,295.5768127441406,291.4449462890625,295.5770263671875,297.2349548339844,284.9541015625,1.0,0.5892231464385986,1.0,1.0,0.0,1.0,-3.0819671154022217,3.0819594860076904,7.634503162989859e-06,2.3794848918914795,0.9021613597869872,0.9021613597869872,0.0,166.3984832763672,174.0,57475.1640625,0.0,2548.15478515625,1.0,279.7577819824219,283.5159606933594,294.4769897460937,298.1783447265625,293.1499938964844,293.1499938964844,279.45001220703125,35940.546875,36000.0,313.1499938964844,0.0,18000.0,1.0,0.0,0.0,0.0,1.0,0.9718446731567384,1.0,0.0,0.0,3.658274412155152,3.6582984924316406,8.929883961172891e-07,4.265924453735352,4.265914440155029,9.78592834144365e-06,0.0,0.0,-0.0,8552.95703125,0.0,1541.94775390625,1895.4371337890625,0.0,4057.438720703125,0.9070756435394288,1.0,0.0,3.0,1.0,0.0
12415740,297.1236572265625,297.1499938964844,293.1499938964844,0.0,-0.0,284.7586669921875,0.7428604960441589,0.2699452936649322,0.2466765940189361,297.0343322753906,297.1499938964844,293.1499938964844,0.0,-0.0,284.7579650878906,0.9141640663146972,0.5096399784088135,0.4853622615337372,297.36676025390625,297.1499938964844,293.1499938964844,0.0,-0.0,284.7578430175781,0.9797703623771667,0.6203787326812744,0.4344595968723297,297.1434936523437,297.1499938964844,293.1499938964844,0.0,-0.0,284.75830078125,0.8139702081680298,0.3569848239421844,0.341618001461029,297.1551818847656,297.1499938964844,293.1499938964844,0.0,-0.0,284.7589416503906,0.7069004774093628,0.2303299307823181,1.0542343854904177,284.758056640625,284.95001220703125,295.5619812011719,291.4342956542969,295.56231689453125,297.2179260253906,284.7562561035156,1.0,0.5909274816513062,1.0,1.0,0.0,1.0,-3.076730728149414,3.076723098754883,7.608690793858841e-06,2.3754870891571045,0.8979905843734741,0.8979905843734741,0.0,170.5668182373047,177.0,58655.43359375,0.0,2560.000244140625,1.0,279.45819091796875,283.2992858886719,294.4725952148437,298.2647399902344,293.1499938964844,293.1499938964844,279.75,36162.94921875,36000.0,313.1499938964844,0.0,18000.0,1.0,0.0,0.0,0.0,1.0,0.982035219669342,1.0,0.0,0.0,3.652955532073975,3.652979612350464,8.903936645765498e-07,4.265924453735352,4.265914440155029,9.78592834144365e-06,0.0,0.0,-0.0,7769.3623046875,0.0,1537.6793212890625,1895.4371337890625,0.0,4146.3896484375,0.906031370162964,1.0,0.0,3.0,1.0,0.0
12415800,297.1236572265625,297.1499938964844,293.1499938964844,0.0,-0.0,284.7586669921875,0.7428604960441589,0.2699452936649322,0.2466765940189361,297.0343322753906,297.1499938964844,293.1499938964844,0.0,-0.0,284.7579650878906,0.9141640663146972,0.5096399784088135,0.4853622615337372,297.36676025390625,297.1499938964844,293.1499938964844,0.0,-0.0,284.7578430175781,0.9797703623771667,0.6203787326812744,0.4344595968723297,297.1434936523437,297.1499938964844,293.1499938964844,0.0,-0.0,284.75830078125,0.8139702081680298,0.3569848239421844,0.341618001461029,297.1551818847656,297.1499938964844,293.1499938964844,0.0,-0.0,284.7589416503906,0.7069004774093628,0.2303299307823181,1.0542343854904177,284.758056640625,284.95001220703125,295.5619812011719,291.4342956542969,295.56231689453125,297.2179260253906,284.7562561035156,1.0,0.5909274816513062,1.0,1.0,0.0,1.0,-3.076730728149414,3.076723098754883,7.608690793858841e-06,2.3754870891571045,0.8979905843734741,0.8979905843734741,0.0,170.5668182373047,177.0,58655.43359375,0.0,2560.000244140625,1.0,279.45819091796875,283.2992858886719,294.4725952148437,298.2647399902344,293.1499938964844,293.1499938964844,279.75,36162.94921875,36000.0,313.1499938964844,0.0,18000.0,1.0,0.0,0.0,0.0,1.0,0.982035219669342,1.0,0.0,0.0,3.652955532073975,3.652979612350464,8.903936645765498e-07,4.265924453735352,4.265914440155029,9.78592834144365e-06,0.0,0.0,-0.0,7769.3623046875,0.0,1537.6793212890625,1895.4371337890625,0.0,4146.3896484375,0.906031370162964,1.0,0.0,3.0,1.0,0.0
12415860,297.1220092773437,297.1499938964844,293.1499938964844,0.0,-0.0,284.9196472167969,0.7385657429695129,0.2694275677204132,0.2460048794746399,297.0333557128906,297.1499938964844,293.1499938964844,0.0,-0.0,284.9200744628906,0.907562255859375,0.508053719997406,0.4835748076438904,297.3632507324219,297.1499938964844,293.1499938964844,0.0,-0.0,284.920166015625,0.9759787917137146,0.6227412223815918,0.4357899725437164,297.1410522460937,297.1499938964844,293.1499938964844,0.0,-0.0,284.9198913574219,0.8093979358673096,0.3566398620605469,0.3411131501197815,297.1519470214844,297.1499938964844,293.1499938964844,0.0,-0.0,284.9194641113281,0.7025959491729736,0.2300543338060379,1.0526468753814695,284.9200134277344,284.95001220703125,295.5389404296875,291.419189453125,295.5394287109375,297.2145690917969,284.92108154296875,1.0,0.5923635959625244,1.0,1.0,0.0,1.0,-3.0728466510772705,3.07283902168274,7.589082088088617e-06,2.372316598892212,0.8989033102989197,0.8989033102989197,0.0,173.8706512451172,180.0,57238.734375,0.0,2569.8818359375,1.0,279.7421875,283.4877319335937,294.39276123046875,298.03033447265625,293.1499938964844,293.1499938964844,280.04998779296875,36061.41015625,36000.0,313.1499938964844,0.0,18000.0,1.0,0.0,0.0,0.0,1.0,0.973275661468506,1.0,0.0,0.0,3.6498794555664062,3.649903535842896,8.888947604646091e-07,4.265924453735352,4.265914440155029,9.78592834144365e-06,0.0,0.0,-0.0,7552.0927734375,0.0,1533.493896484375,1895.4371337890625,0.0,4070.002685546875,0.9053024053573608,1.0,0.0,3.0,1.0,0.0
12415920,297.1220092773437,297.1499938964844,293.1499938964844,0.0,-0.0,284.9196472167969,0.7385657429695129,0.2694275677204132,0.2460048794746399,297.0333557128906,297.1499938964844,293.1499938964844,0.0,-0.0,284.9200744628906,0.907562255859375,0.508053719997406,0.4835748076438904,297.3632507324219,297.1499938964844,293.1499938964844,0.0,-0.0,284.920166015625,0.9759787917137146,0.6227412223815918,0.4357899725437164,297.1410522460937,297.1499938964844,293.1499938964844,0.0,-0.0,284.9198913574219,0.8093979358673096,0.3566398620605469,0.3411131501197815,297.1519470214844,297.1499938964844,293.1499938964844,0.0,-0.0,284.9194641113281,0.7025959491729736,0.2300543338060379,1.0526468753814695,284.9200134277344,284.95001220703125,295.5389404296875,291.419189453125,295.5394287109375,297.2145690917969,284.92108154296875,1.0,0.5923635959625244,1.0,1.0,0.0,1.0,-3.0728466510772705,3.07283902168274,7.589082088088617e-06,2.372316598892212,0.8989033102989197,0.8989033102989197,0.0,173.8706512451172,180.0,57238.734375,0.0,2569.8818359375,1.0,279.7421875,283.4877319335937,294.39276123046875,298.03033447265625,293.1499938964844,293.1499938964844,280.04998779296875,36061.41015625,36000.0,313.1499938964844,0.0,18000.0,1.0,0.0,0.0,0.0,1.0,0.973275661468506,1.0,0.0,0.0,3.6498794555664062,3.649903535842896,8.888947604646091e-07,4.265924453735352,4.265914440155029,9.78592834144365e-06,0.0,0.0,-0.0,7552.0927734375,0.0,1533.493896484375,1895.4371337890625,0.0,4070.002685546875,0.9053024053573608,1.0,0.0,3.0,1.0,0.0
12415980,297.1305847167969,297.1499938964844,293.1499938964844,0.0,-0.0,285.1024780273437,0.7370244860649109,0.2699345052242279,0.2463454902172088,297.0453491210937,297.1499938964844,293.1499938964844,0.0,-0.0,285.1029663085937,0.9046459794044496,0.5077806115150452,0.4831409752368927,297.3728942871094,297.1499938964844,293.1499938964844,0.0,-0.0,285.1030578613281,0.9752114415168762,0.6264119744300842,0.4382259249687195,297.149169921875,297.1499938964844,293.1499938964844,0.0,-0.0,285.1027526855469,0.8076279759407043,0.357341468334198,0.341637372970581,297.15704345703125,297.1499938964844,293.1499938964844,0.0,-0.0,285.102294921875,0.701033353805542,0.2305880188941955,1.054559350013733,285.1029052734375,284.95001220703125,295.5069274902344,291.3993225097656,295.5075988769531,297.2239685058594,285.1040344238281,1.0,0.5943180918693542,1.0,1.0,0.0,1.0,-3.0785844326019287,3.078576803207397,7.61725732445484e-06,2.3766658306121826,0.9024589657783508,0.9024589657783508,0.0,175.92227172851562,183.0,55876.515625,0.0,2591.703125,1.0,280.0417785644531,283.6938171386719,294.3632202148437,297.9005432128906,293.1499938964844,293.1499938964844,279.75,35868.84375,36000.0,313.1499938964844,0.0,18000.0,1.0,0.0,0.0,0.0,1.0,0.9634095430374146,1.0,0.0,0.0,3.654133558273315,3.6541576385498047,8.909680673241382e-07,4.265924453735352,4.265914440155029,9.78592834144365e-06,0.0,0.0,-0.0,8282.20703125,0.0,1536.789794921875,1895.4371337890625,0.0,3982.919921875,0.906128466129303,1.0,0.0,3.0,1.0,0.0
12416040,297.1305847167969,297.1499938964844,293.1499938964844,0.0,-0.0,285.1024780273437,0.7370244860649109,0.2699345052242279,0.2463454902172088,297.0453491210937,297.1499938964844,293.1499938964844,0.0,-0.0,285.1029663085937,0.9046459794044496,0.5077806115150452,0.4831409752368927,297.3728942871094,297.1499938964844,293.1499938964844,0.0,-0.0,285.1030578613281,0.9752114415168762,0.6264119744300842,0.4382259249687195,297.149169921875,297.1499938964844,293.1499938964844,0.0,-0.0,285.1027526855469,0.8076279759407043,0.357341468334198,0.341637372970581,297.15704345703125,297.1499938964844,293.1499938964844,0.0,-0.0,285.102294921875,0.701033353805542,0.2305880188941955,1.054559350013733,285.1029052734375,284.95001220703125,295.5069274902344,291.3993225097656,295.5075988769531,297.2239685058594,285.1040344238281,1.0,0.5943180918693542,1.0,1.0,0.0,1.0,-3.0785844326019287,3.078576803207397,7.61725732445484e-06,2.3766658306121826,0.9024589657783508,0.9024589657783508,0.0,175.92227172851562,183.0,55876.515625,0.0,2591.703125,1.0,280.0417785644531,283.6938171386719,294.3632202148437,297.9005432128906,293.1499938964844,293.1499938964844,279.75,35868.84375,36000.0,313.1499938964844,0.0,18000.0,1.0,0.0,0.0,0.0,1.0,0.9634095430374146,1.0,0.0,0.0,3.654133558273315,3.6541576385498047,8.909680673241382e-07,4.265924453735352,4.265914440155029,9.78592834144365e-06,0.0,0.0,-0.0,8282.20703125,0.0,1536.789794921875,1895.4371337890625,0.0,3982.919921875,0.906128466129303,1.0,0.0,3.0,1.0,0.0
12416100,297.13165283203125,297.1499938964844,293.1499938964844,0.0,-0.0,284.9787902832031,0.736253559589386,0.2699195742607116,0.2465713024139404,297.0475158691406,297.1499938964844,293.1499938964844,0.0,-0.0,284.9755249023437,0.9032119512557985,0.5073360800743103,0.4830172955989837,297.3708801269531,297.1499938964844,293.1499938964844,0.0,-0.0,284.9748229980469,0.974712371826172,0.6276334524154663,0.4393898248672485,297.1508483886719,297.1499938964844,293.1499938964844,0.0,-0.0,284.97705078125,0.8067542314529419,0.3575035333633423,0.3420059382915497,297.1584777832031,297.1499938964844,293.1499938964844,0.0,-0.0,284.98004150390625,0.7003296613693237,0.2307766526937484,1.056097388267517,284.9759216308594,284.95001220703125,295.4873352050781,291.387451171875,295.48809814453125,297.22430419921875,284.9677429199219,1.0,0.5954567193984985,1.0,1.0,0.0,1.0,-3.082404136657715,3.082396507263184,7.636373993591405e-06,2.379699230194092,0.9014242887496948,0.9014242887496948,0.0,177.05929565429688,183.0,56978.16796875,0.0,2605.060302734375,1.0,279.7984924316406,283.54168701171875,294.4158020019531,298.1173095703125,293.1499938964844,293.1499938964844,279.75,35927.16796875,36000.0,313.1499938964844,0.0,18000.0,1.0,0.0,0.0,0.0,1.0,0.9696570038795472,1.0,0.0,0.0,3.655719757080078,3.655743837356568,8.917417630982527e-07,4.265924453735352,4.265914440155029,9.78592834144365e-06,0.0,0.0,-0.0,8092.0703125,0.0,1538.99560546875,1895.4371337890625,0.0,4038.186767578125,0.9064696431159972,1.0,0.0,3.0,1.0,0.0
12416160,297.1285095214844,297.1499938964844,293.1499938964844,0.0,-0.0,284.9228820800781,0.734420895576477,0.2694960534572601,0.2464012801647186,297.04449462890625,297.1499938964844,293.1499938964844,0.0,-0.0,284.92218017578125,0.9005221128463745,0.506392776966095,0.4823861420154571,297.3623352050781,297.1499938964844,293.1499938964844,0.0,-0.0,284.9220275878906,0.9728794693946838,0.6281958222389221,0.4400033056735992,297.1485595703125,297.1499938964844,293.1499938964844,0.0,-0.0,284.9225158691406,0.8047375082969666,0.3572836518287658,0.3420131802558899,297.1571044921875,297.1499938964844,293.1499938964844,0.0,-0.0,284.92315673828125,0.6986110806465149,0.2306953519582748,1.056560516357422,284.9222717285156,284.95001220703125,295.4652404785156,291.3742370605469,295.4660949707031,297.2188720703125,284.9203796386719,1.0,0.5964686870574951,1.0,1.0,0.0,1.0,-3.0827505588531494,3.082742929458618,7.638324859726708e-06,2.3800644874572754,0.9006602168083191,0.9006602168083191,0.0,178.77427673339844,186.0,57060.73828125,0.0,2614.745361328125,1.0,279.7576599121094,283.49237060546875,294.4061584472656,298.0856628417969,293.1499938964844,293.1499938964844,279.45001220703125,35998.87890625,36000.0,313.1499938964844,0.0,18000.0,1.0,0.0,0.0,0.0,1.0,0.9733673930168152,1.0,0.0,0.0,3.6550612449646,3.655085325241089,8.914204840948514e-07,4.265924453735352,4.265914440155029,9.78592834144365e-06,0.0,0.0,-0.0,8490.9912109375,0.0,1538.79833984375,1895.4371337890625,0.0,4070.807373046875,0.9063968658447266,1.0,0.0,3.0,1.0,0.0
12416220,297.115966796875,297.1499938964844,293.1499938964844,0.0,-0.0,284.7153625488281,0.7293267250061035,0.2679595351219177,0.2453896105289459,297.03033447265625,297.1499938964844,293.1499938964844,0.0,-0.0,284.7145080566406,0.8934551477432251,0.5036314725875854,0.4802359044551849,297.33642578125,297.1499938964844,293.1499938964844,0.0,-0.0,284.7143249511719,0.9673564434051514,0.6282699108123779,0.4404145777225494,297.1370849609375,297.1499938964844,293.1499938964844,0.0,-0.0,284.71490478515625,0.7991020083427429,0.3561134934425354,0.3413112163543701,297.1488342285156,297.1499938964844,293.1499938964844,0.0,-0.0,284.7156982421875,0.6936607360839844,0.2299540936946869,1.0549306869506836,284.7146301269531,284.95001220703125,295.4131774902344,291.3435974121094,295.41424560546875,297.2002868652344,284.7123718261719,1.0,0.5980206727981567,1.0,1.0,0.0,1.0,-3.0766496658325195,3.0766420364379883,7.608445230289362e-06,2.3754894733428955,0.8958457112312317,0.8958457112312317,0.0,182.89210510253903,189.0,58101.6171875,0.0,2624.536376953125,1.0,279.4582214355469,283.2694091796875,294.3836669921875,298.1483154296875,293.1499938964844,293.1499938964844,279.75,36230.16796875,36000.0,313.1499938964844,0.0,18000.0,1.0,0.0,0.0,0.0,1.0,0.9840044379234314,1.0,0.0,0.0,3.647294998168945,3.6473190784454346,8.876363608578686e-07,4.265924453735352,4.265914440155029,9.78592834144365e-06,0.0,0.0,-0.0,7696.2119140625,0.0,1531.882080078125,1895.4371337890625,0.0,4163.43359375,0.9048107266426086,1.0,0.0,3.0,1.0,0.0
12416280,297.115966796875,297.1499938964844,293.1499938964844,0.0,-0.0,284.7153625488281,0.7293267250061035,0.2679595351219177,0.2453896105289459,297.03033447265625,297.1499938964844,293.1499938964844,0.0,-0.0,284.7145080566406,0.8934551477432251,0.5036314725875854,0.4802359044551849,297.33642578125,297.1499938964844,293.1499938964844,0.0,-0.0,284.7143249511719,0.9673564434051514,0.6282699108123779,0.4404145777225494,297.1370849609375,297.1499938964844,293.1499938964844,0.0,-0.0,284.71490478515625,0.7991020083427429,0.3561134934425354,0.3413112163543701,297.1488342285156,297.1499938964844,293.1499938964844,0.0,-0.0,284.7156982421875,0.6936607360839844,0.2299540936946869,1.0549306869506836,284.7146301269531,284.95001220703125,295.4131774902344,291.3435974121094,295.41424560546875,297.2002868652344,284.7123718261719,1.0,0.5980206727981567,1.0,1.0,0.0,1.0,-3.0766496658325195,3.0766420364379883,7.608445230289362e-06,2.3754894733428955,0.8958457112312317,0.8958457112312317,0.0,182.89210510253903,189.0,58101.6171875,0.0,2624.536376953125,1.0,279.4582214355469,283.2694091796875,294.3836669921875,298.1483154296875,293.1499938964844,293.1499938964844,279.75,36230.16796875,36000.0,313.1499938964844,0.0,18000.0,1.0,0.0,0.0,0.0,1.0,0.9840044379234314,1.0,0.0,0.0,3.647294998168945,3.6473190784454346,8.876363608578686e-07,4.265924453735352,4.265914440155029,9.78592834144365e-06,0.0,0.0,-0.0,7696.2119140625,0.0,1531.882080078125,1895.4371337890625,0.0,4163.43359375,0.9048107266426086,1.0,0.0,3.0,1.0,0.0
12416340,297.1136779785156,297.1499938964844,293.1499938964844,0.0,-0.0,284.8645935058594,0.7252991199493408,0.2672792375087738,0.2445891052484512,297.0283508300781,297.1499938964844,293.1499938964844,0.0,-0.0,284.8648681640625,0.8877591490745544,0.5018914937973022,0.4783297777175903,297.32843017578125,297.1499938964844,293.1499938964844,0.0,-0.0,284.86492919921875,0.9631460905075072,0.6297931671142578,0.441175639629364,297.1338806152344,297.1499938964844,293.1499938964844,0.0,-0.0,284.86474609375,0.7945826053619385,0.3556090295314789,0.3406776785850525,297.1454162597656,297.1499938964844,293.1499938964844,0.0,-0.0,284.864501953125,0.6895924806594849,0.2295815348625183,1.052988052368164,284.8648376464844,284.95001220703125,295.3500061035156,291.3069763183594,295.35125732421875,297.1944885253906,284.8653869628906,1.0,0.5992760062217712,1.0,1.0,0.0,1.0,-3.071202516555786,3.071194887161255,7.581328191008652e-06,2.37120008468628,0.8959447145462036,0.8959447145462036,0.0,186.2463531494141,192.0,56531.16796875,0.0,2631.565673828125,1.0,279.7421264648437,283.4504699707031,294.2811584472656,297.8827514648437,293.1499938964844,293.1499938964844,280.04998779296875,36140.0625,36000.0,313.1499938964844,0.0,18000.0,1.0,0.0,0.0,0.0,1.0,0.9753785729408264,1.0,0.0,0.0,3.641331672668457,3.641355514526367,8.847360959407524e-07,4.265924453735352,4.265914440155029,9.78592834144365e-06,0.0,0.0,-0.0,7461.580078125,0.0,1524.5914306640625,1895.4371337890625,0.0,4088.423583984375,0.9034438729286194,1.0,0.0,3.0,1.0,0.0
12416400,297.1136779785156,297.1499938964844,293.1499938964844,0.0,-0.0,284.8645935058594,0.7252991199493408,0.2672792375087738,0.2445891052484512,297.0283508300781,297.1499938964844,293.1499938964844,0.0,-0.0,284.8648681640625,0.8877591490745544,0.5018914937973022,0.4783297777175903,297.32843017578125,297.1499938964844,293.1499938964844,0.0,-0.0,284.86492919921875,0.9631460905075072,0.6297931671142578,0.441175639629364,297.1338806152344,297.1499938964844,293.1499938964844,0.0,-0.0,284.86474609375,0.7945826053619385,0.3556090295314789,0.3406776785850525,297.1454162597656,297.1499938964844,293.1499938964844,0.0,-0.0,284.864501953125,0.6895924806594849,0.2295815348625183,1.052988052368164,284.8648376464844,284.95001220703125,295.3500061035156,291.3069763183594,295.35125732421875,297.1944885253906,284.8653869628906,1.0,0.5992760062217712,1.0,1.0,0.0,1.0,-3.071202516555786,3.071194887161255,7.581328191008652e-06,2.37120008468628,0.8959447145462036,0.8959447145462036,0.0,186.2463531494141,192.0,56531.16796875,0.0,2631.565673828125,1.0,279.7421264648437,283.4504699707031,294.2811584472656,297.8827514648437,293.1499938964844,293.1499938964844,280.04998779296875,36140.0625,36000.0,313.1499938964844,0.0,18000.0,1.0,0.0,0.0,0.0,1.0,0.9753785729408264,1.0,0.0,0.0,3.641331672668457,3.641355514526367,8.847360959407524e-07,4.265924453735352,4.265914440155029,9.78592834144365e-06,0.0,0.0,-0.0,7461.580078125,0.0,1524.5914306640625,1895.4371337890625,0.0,4088.423583984375,0.9034438729286194,1.0,0.0,3.0,1.0,0.0
12416460,297.11962890625,297.1499938964844,293.1499938964844,0.0,-0.0,285.035400390625,0.7234483361244202,0.2674190700054168,0.2446800172328949,297.0371398925781,297.1499938964844,293.1499938964844,0.0,-0.0,285.03570556640625,0.8847036957740784,0.5012368559837341,0.4776256084442138,297.3327941894531,297.1499938964844,293.1499938964844,0.0,-0.0,285.0357666015625,0.961648166179657,0.6324886083602905,0.4429773688316345,297.1390991210937,297.1499938964844,293.1499938964844,0.0,-0.0,285.0355834960937,0.7924407720565796,0.3559290170669555,0.3409300148487091,297.14813232421875,297.1499938964844,293.1499938964844,0.0,-0.0,285.0352783203125,0.6876928210258484,0.2297942489385604,1.0538976192474363,285.0356750488281,284.95001220703125,295.2787780761719,291.2685852050781,295.2801208496094,297.1995849609375,285.0363464355469,1.0,0.6009563207626343,1.0,1.0,0.0,1.0,-3.0740227699279785,3.0740153789520264,7.5953153100272175e-06,2.373401403427124,0.898521900177002,0.898521900177002,0.0,188.5120391845703,195.0,55013.86328125,-0.0,2648.928955078125,1.0,280.04168701171875,283.6494445800781,294.2298889160156,297.7205810546875,293.1499938964844,293.1499938964844,280.3500061035156,35959.62109375,36000.0,313.1499938964844,0.0,18000.0,1.0,0.0,0.0,0.0,1.0,0.96501886844635,1.0,0.0,0.0,3.642244100570679,3.642268180847168,8.851796451381233e-07,4.265924453735352,4.265914440155029,9.78592834144365e-06,0.0,0.0,-0.0,7281.173828125,0.0,1524.2554931640625,1895.4371337890625,0.0,3997.196533203125,0.903529942035675,1.0,0.0,3.0,1.0,0.0
12416520,297.11962890625,297.1499938964844,293.1499938964844,0.0,-0.0,285.035400390625,0.7234483361244202,0.2674190700054168,0.2446800172328949,297.0371398925781,297.1499938964844,293.1499938964844,0.0,-0.0,285.03570556640625,0.8847036957740784,0.5012368559837341,0.4776256084442138,297.3327941894531,297.1499938964844,293.1499938964844,0.0,-0.0,285.0357666015625,0.961648166179657,0.6324886083602905,0.4429773688316345,297.1390991210937,297.1499938964844,293.1499938964844,0.0,-0.0,285.0355834960937,0.7924407720565796,0.3559290170669555,0.3409300148487091,297.14813232421875,297.1499938964844,293.1499938964844,0.0,-0.0,285.0352783203125,0.6876928210258484,0.2297942489385604,1.0538976192474363,285.0356750488281,284.95001220703125,295.2787780761719,291.2685852050781,295.2801208496094,297.1995849609375,285.0363464355469,1.0,0.6009563207626343,1.0,1.0,0.0,1.0,-3.0740227699279785,3.0740153789520264,7.5953153100272175e-06,2.373401403427124,0.898521900177002,0.898521900177002,0.0,188.5120391845703,195.0,55013.86328125,-0.0,2648.928955078125,1.0,280.04168701171875,283.6494445800781,294.2298889160156,297.7205810546875,293.1499938964844,293.1499938964844,280.3500061035156,35959.62109375,36000.0,313.1499938964844,0.0,18000.0,1.0,0.0,0.0,0.0,1.0,0.96501886844635,1.0,0.0,0.0,3.642244100570679,3.642268180847168,8.851796451381233e-07,4.265924453735352,4.265914440155029,9.78592834144365e-06,0.0,0.0,-0.0,7281.173828125,0.0,1524.2554931640625,1895.4371337890625,0.0,3997.196533203125,0.903529942035675,1.0,0.0,3.0,1.0,0.0
12416580,297.12701416015625,297.1499938964844,293.1499938964844,0.0,-0.0,285.2048645019531,0.7219693064689636,0.2677787244319916,0.2450392693281173,297.0484619140625,297.1499938964844,293.1499938964844,0.0,-0.0,285.2051086425781,0.8821203708648682,0.5009522438049316,0.4773682355880737,297.33917236328125,297.1499938964844,293.1499938964844,0.0,-0.0,285.2051696777344,0.9605279564857484,0.6354475021362305,0.4450488090515136,297.146484375,297.1499938964844,293.1499938964844,0.0,-0.0,285.2050170898437,0.7907341122627258,0.3565367758274078,0.3415254652500152,297.1524963378906,297.1499938964844,293.1499938964844,0.0,-0.0,285.2047424316406,0.6862027645111084,0.2302104979753494,1.055944323539734,285.2051086425781,284.95001220703125,295.2032775878906,291.2326965332031,295.2046813964844,297.2071228027344,285.2056579589844,1.0,0.6030040979385376,1.0,1.0,0.0,1.0,-3.07981014251709,3.0798027515411377,7.624131740158191e-06,2.3779492378234863,0.903353750705719,0.903353750705719,0.0,190.79153442382807,198.0,53572.21484375,-0.0,2672.195556640625,1.0,280.3417358398437,283.8465881347656,294.19451904296875,297.59039306640625,293.1499938964844,293.1499938964844,280.04998779296875,35746.90625,36000.0,313.1499938964844,0.0,18000.0,1.0,0.0,0.0,0.0,1.0,0.9550731182098388,1.0,0.0,0.0,3.6510963439941406,3.65112042427063,8.894875804799085e-07,4.265924453735352,4.265914440155029,9.78592834144365e-06,0.0,0.0,-0.0,7971.82080078125,0.0,1532.494384765625,1895.4371337890625,0.0,3908.54736328125,0.905365228652954,1.0,0.0,3.0,1.0,0.0
12416640,297.12701416015625,297.1499938964844,293.1499938964844,0.0,-0.0,285.2048645019531,0.7219693064689636,0.2677787244319916,0.2450392693281173,297.0484619140625,297.1499938964844,293.1499938964844,0.0,-0.0,285.2051086425781,0.8821203708648682,0.5009522438049316,0.4773682355880737,297.33917236328125,297.1499938964844,293.1499938964844,0.0,-0.0,285.2051696777344,0.9605279564857484,0.6354475021362305,0.4450488090515136,297.146484375,297.1499938964844,293.1499938964844,0.0,-0.0,285.2050170898437,0.7907341122627258,0.3565367758274078,0.3415254652500152,297.1524963378906,297.1499938964844,293.1499938964844,0.0,-0.0,285.2047424316406,0.6862027645111084,0.2302104979753494,1.055944323539734,285.2051086425781,284.95001220703125,295.2032775878906,291.2326965332031,295.2046813964844,297.2071228027344,285.2056579589844,1.0,0.6030040979385376,1.0,1.0,0.0,1.0,-3.07981014251709,3.0798027515411377,7.624131740158191e-06,2.3779492378234863,0.903353750705719,0.903353750705719,0.0,190.79153442382807,198.0,53572.21484375,-0.0,2672.195556640625,1.0,280.3417358398437,283.8465881347656,294.19451904296875,297.59039306640625,293.1499938964844,293.1499938964844,280.04998779296875,35746.90625,36000.0,313.1499938964844,0.0,18000.0,1.0,0.0,0.0,0.0,1.0,0.9550731182098388,1.0,0.0,0.0,3.6510963439941406,3.65112042427063,8.894875804799085e-07,4.265924453735352,4.265914440155029,9.78592834144365e-06,0.0,0.0,-0.0,7971.82080078125,0.0,1532.494384765625,1895.4371337890625,0.0,3908.54736328125,0.905365228652954,1.0,0.0,3.0,1.0,0.0
12416700,297.12603759765625,297.1499938964844,293.1499938964844,0.0,-0.0,285.07427978515625,0.7208771705627441,0.2675437927246094,0.2451178133487701,297.048583984375,297.1499938964844,293.1499938964844,0.0,-0.0,285.07080078125,0.8804265260696411,0.5003263354301453,0.4771332442760467,297.33428955078125,297.1499938964844,293.1499938964844,0.0,-0.0,285.0699768066406,0.9594509601593018,0.6361758708953857,0.4459110498428345,297.1462097167969,297.1499938964844,293.1499938964844,0.0,-0.0,285.0723876953125,0.7895210385322571,0.3564899563789367,0.341755747795105,297.15203857421875,297.1499938964844,293.1499938964844,0.0,-0.0,285.0755310058594,0.6851425170898438,0.2301844209432602,1.0567986965179443,285.0711669921875,284.95001220703125,295.1640014648437,291.21563720703125,295.1654357910156,297.20526123046875,285.0624084472656,1.0,0.6040717363357544,1.0,1.0,0.0,1.0,-3.08197021484375,3.0819625854492188,7.635158908669837e-06,2.379754543304444,0.9028847813606262,0.9028847813606262,0.0,192.21240234375,198.0,54637.4140625,-0.0,2683.890625,1.0,280.0985412597656,283.69000244140625,294.2441711425781,297.8005676269531,293.1499938964844,293.1499938964844,280.04998779296875,35802.4453125,36000.0,313.1499938964844,0.0,18000.0,1.0,0.0,0.0,0.0,1.0,0.9614566564559937,1.0,0.0,0.0,3.65502667427063,3.65505051612854,8.914035447560309e-07,4.265924453735352,4.265914440155029,9.78592834144365e-06,0.0,0.0,-0.0,7784.92529296875,0.0,1537.287841796875,1895.4371337890625,0.0,3965.559814453125,0.9062285423278807,1.0,0.0,3.0,1.0,0.0
12416760,297.12042236328125,297.1499938964844,293.1499938964844,0.0,-0.0,285.0111083984375,0.7186974883079529,0.2668407559394836,0.2447397112846374,297.04296875,297.1499938964844,293.1499938964844,0.0,-0.0,285.0101928710937,0.8775129914283752,0.4991322159767151,0.4763161242008209,297.3224182128906,297.1499938964844,293.1499938964844,0.0,-0.0,285.00994873046875,0.9569296836853028,0.636176586151123,0.4461716711521148,297.141357421875,297.1499938964844,293.1499938964844,0.0,-0.0,285.0105895996094,0.7871851325035095,0.3559911251068115,0.3415496945381164,297.14813232421875,297.1499938964844,293.1499938964844,0.0,-0.0,285.0114440917969,0.6830498576164246,0.2298158556222915,1.0562150478363037,285.0102844238281,284.95001220703125,295.123779296875,291.1991271972656,295.125244140625,297.1971740722656,285.0078125,1.0,0.6049348711967468,1.0,1.0,0.0,1.0,-3.079905271530152,3.07989764213562,7.625266334798653e-06,2.3782997131347656,0.902635097503662,0.902635097503662,0.0,194.23204040527344,201.0,54685.92578125,-0.0,2690.44677734375,1.0,280.0576477050781,283.6361083984375,294.23114013671875,297.7637023925781,293.1499938964844,293.1499938964844,279.75,35874.48046875,36000.0,313.1499938964844,0.0,18000.0,1.0,0.0,0.0,0.0,1.0,0.9651906490325928,1.0,0.0,0.0,3.65669298171997,3.65671706199646,8.92216576175997e-07,4.265924453735352,4.265914440155029,9.78592834144365e-06,0.0,0.0,-0.0,8161.69189453125,0.0,1539.6866455078125,1895.4371337890625,0.0,3998.71875,0.9066750407218932,1.0,0.0,3.0,1.0,0.0
12416820,297.1022033691406,297.1499938964844,293.1499938964844,0.0,-0.0,284.7901916503906,0.7127168774604797,0.2646267712116241,0.2431867867708206,297.0226135253906,297.1499938964844,293.1499938964844,0.0,-0.0,284.7891540527344,0.8701397180557251,0.4957267940044403,0.4736377000808716,297.2889709472656,297.1499938964844,293.1499938964844,0.0,-0.0,284.7889099121094,0.949928343296051,0.634982705116272,0.4457643926143646,297.12384033203125,297.1499938964844,293.1499938964844,0.0,-0.0,284.78961181640625,0.7809833288192749,0.354117751121521,0.340263307094574,297.1337585449219,297.1499938964844,293.1499938964844,0.0,-0.0,284.7905578613281,0.6773382425308228,0.2283441424369812,1.051698088645935,284.78924560546875,284.95001220703125,295.04058837890625,291.16754150390625,295.0421142578125,297.172607421875,284.7864685058594,1.0,0.6059820055961609,1.0,1.0,0.0,1.0,-3.0673627853393555,3.067355155944824,7.5637371992343105e-06,2.368803262710572,0.8987255096435547,0.8987255096435547,0.0,198.9185791015625,204.0,55678.49609375,-0.0,2690.419189453125,1.0,279.7581787109375,283.4049987792969,294.2064819335937,297.8188781738281,293.1499938964844,293.1499938964844,280.04998779296875,36110.1640625,36000.0,313.1499938964844,0.0,18000.0,1.0,0.0,0.0,0.0,1.0,0.975692629814148,1.0,0.0,0.0,3.65343189239502,3.653455972671509,8.90625926786015e-07,4.265924453735352,4.265914440155029,9.78592834144365e-06,0.0,0.0,-0.0,7394.47900390625,0.0,1537.8150634765625,1895.4371337890625,0.0,4091.17041015625,0.906098246574402,1.0,0.0,3.0,1.0,0.0
12416880,297.1022033691406,297.1499938964844,293.1499938964844,0.0,-0.0,284.7901916503906,0.7127168774604797,0.2646267712116241,0.2431867867708206,297.0226135253906,297.1499938964844,293.1499938964844,0.0,-0.0,284.7891540527344,0.8701397180557251,0.4957267940044403,0.4736377000808716,297.2889709472656,297.1499938964844,293.1499938964844,0.0,-0.0,284.7889099121094,0.949928343296051,0.634982705116272,0.4457643926143646,297.12384033203125,297.1499938964844,293.1499938964844,0.0,-0.0,284.78961181640625,0.7809833288192749,0.354117751121521,0.340263307094574,297.1337585449219,297.1499938964844,293.1499938964844,0.0,-0.0,284.7905578613281,0.6773382425308228,0.2283441424369812,1.051698088645935,284.78924560546875,284.95001220703125,295.04058837890625,291.16754150390625,295.0421142578125,297.172607421875,284.7864685058594,1.0,0.6059820055961609,1.0,1.0,0.0,1.0,-3.0673627853393555,3.067355155944824,7.5637371992343105e-06,2.368803262710572,0.8987255096435547,0.8987255096435547,0.0,198.9185791015625,204.0,55678.49609375,-0.0,2690.419189453125,1.0,279.7581787109375,283.4049987792969,294.2064819335937,297.8188781738281,293.1499938964844,293.1499938964844,280.04998779296875,36110.1640625,36000.0,313.1499938964844,0.0,18000.0,1.0,0.0,0.0,0.0,1.0,0.975692629814148,1.0,0.0,0.0,3.65343189239502,3.653455972671509,8.90625926786015e-07,4.265924453735352,4.265914440155029,9.78592834144365e-06,0.0,0.0,-0.0,7394.47900390625,0.0,1537.8150634765625,1895.4371337890625,0.0,4091.17041015625,0.906098246574402,1.0,0.0,3.0,1.0,0.0
12416940,297.09393310546875,297.1499938964844,293.1499938964844,0.0,-0.0,284.9281921386719,0.7074347138404846,0.2631671130657196,0.2417381256818771,297.01385498046875,297.1499938964844,293.1499938964844,0.0,-0.0,284.9283447265625,0.8640086054801941,0.4932036697864532,0.4710586667060852,297.2735290527344,297.1499938964844,293.1499938964844,0.0,-0.0,284.9283447265625,0.9442635774612428,0.6351525783538818,0.4456230700016022,297.11407470703125,297.1499938964844,293.1499938964844,0.0,-0.0,284.92828369140625,0.7757639288902283,0.3527794778347015,0.3389048874378204,297.12359619140625,297.1499938964844,293.1499938964844,0.0,-0.0,284.9281616210937,0.6723293662071228,0.2270962297916412,1.046137452125549,284.9283142089844,284.95001220703125,294.9539794921875,291.1377258300781,294.9555969238281,297.15997314453125,284.9284362792969,1.0,0.6065071225166321,1.0,1.0,0.0,1.0,-3.054023265838623,3.054015636444092,7.497942533518653e-06,2.35843825340271,0.8995931148529053,0.8995931148529053,0.0,202.7351226806641,207.0,54080.90625,-0.0,2684.284912109375,1.0,280.0422058105469,283.5802307128906,294.10498046875,297.5512084960937,293.1499938964844,293.1499938964844,280.3500061035156,36032.69921875,36000.0,313.1499938964844,0.0,18000.0,1.0,0.0,0.0,0.0,1.0,0.9655788540840148,1.0,0.0,0.0,3.651520729064941,3.651544570922852,8.896943199943053e-07,4.265924453735352,4.265914440155029,9.78592834144365e-06,0.0,0.0,-0.0,7169.05517578125,0.0,1535.105712890625,1895.4371337890625,0.0,4002.15771484375,0.9056456685066224,1.0,0.0,3.0,1.0,0.0
12417000,297.09393310546875,297.1499938964844,293.1499938964844,0.0,-0.0,284.9281921386719,0.7074347138404846,0.2631671130657196,0.2417381256818771,297.01385498046875,297.1499938964844,293.1499938964844,0.0,-0.0,284.9283447265625,0.8640086054801941,0.4932036697864532,0.4710586667060852,297.2735290527344,297.1499938964844,293.1499938964844,0.0,-0.0,284.9283447265625,0.9442635774612428,0.6351525783538818,0.4456230700016022,297.11407470703125,297.1499938964844,293.1499938964844,0.0,-0.0,284.92828369140625,0.7757639288902283,0.3527794778347015,0.3389048874378204,297.12359619140625,297.1499938964844,293.1499938964844,0.0,-0.0,284.9281616210937,0.6723293662071228,0.2270962297916412,1.046137452125549,284.9283142089844,284.95001220703125,294.9539794921875,291.1377258300781,294.9555969238281,297.15997314453125,284.9284362792969,1.0,0.6065071225166321,1.0,1.0,0.0,1.0,-3.054023265838623,3.054015636444092,7.497942533518653e-06,2.35843825340271,0.8995931148529053,0.8995931148529053,0.0,202.7351226806641,207.0,54080.90625,-0.0,2684.284912109375,1.0,280.0422058105469,283.5802307128906,294.10498046875,297.5512084960937,293.1499938964844,293.1499938964844,280.3500061035156,36032.69921875,36000.0,313.1499938964844,0.0,18000.0,1.0,0.0,0.0,0.0,1.0,0.9655788540840148,1.0,0.0,0.0,3.651520729064941,3.651544570922852,8.896943199943053e-07,4.265924453735352,4.265914440155029,9.78592834144365e-06,0.0,0.0,-0.0,7169.05517578125,0.0,1535.105712890625,1895.4371337890625,0.0,4002.15771484375,0.9056456685066224,1.0,0.0,3.0,1.0,0.0
12417060,297.09588623046875,297.1499938964844,293.1499938964844,0.0,-0.0,285.090576171875,0.7045355439186096,0.2626475989818573,0.2412098050117492,297.0177001953125,297.1499938964844,293.1499938964844,0.0,-0.0,285.0907592773437,0.8604663610458374,0.4918578565120697,0.4696816205978393,297.2728271484375,297.1499938964844,293.1499938964844,0.0,-0.0,285.0908203125,0.9416266083717346,0.6366345286369324,0.4465635120868683,297.1144714355469,297.1499938964844,293.1499938964844,0.0,-0.0,285.0906677246094,0.7729138135910034,0.3523568511009216,0.3384339809417724,297.1212463378906,297.1499938964844,293.1499938964844,0.0,-0.0,285.0904846191406,0.6694729924201965,0.2265162318944931,1.0433813333511353,285.0907592773437,284.95001220703125,294.8642883300781,291.1094055175781,294.865966796875,297.1598205566406,285.0910949707031,1.0,0.6073318719863892,1.0,1.0,0.0,1.0,-3.0489766597747803,3.048969030380249,7.473172900063218e-06,2.354536771774292,0.9028462767601012,0.9028462767601012,0.0,205.2310485839844,210.0,52554.62890625,-0.0,2687.44287109375,1.0,280.341796875,283.77557373046875,294.0630187988281,297.3965148925781,293.1499938964844,293.1499938964844,280.04998779296875,35867.046875,36000.0,313.1499938964844,0.0,18000.0,1.0,0.0,0.0,0.0,1.0,0.9535140991210938,1.0,0.0,0.0,3.6559228897094727,3.655946969985962,8.918408411773271e-07,4.265924453735352,4.265914440155029,9.78592834144365e-06,0.0,0.0,-0.0,7840.6181640625,0.0,1538.771728515625,1895.4371337890625,0.0,3894.564208984375,0.9065236449241638,1.0,0.0,3.0,1.0,0.0
12417120,297.09588623046875,297.1499938964844,293.1499938964844,0.0,-0.0,285.090576171875,0.7045355439186096,0.2626475989818573,0.2412098050117492,297.0177001953125,297.1499938964844,293.1499938964844,0.0,-0.0,285.0907592773437,0.8604663610458374,0.4918578565120697,0.4696816205978393,297.2728271484375,297.1499938964844,293.1499938964844,0.0,-0.0,285.0908203125,0.9416266083717346,0.6366345286369324,0.4465635120868683,297.1144714355469,297.1499938964844,293.1499938964844,0.0,-0.0,285.0906677246094,0.7729138135910034,0.3523568511009216,0.3384339809417724,297.1212463378906,297.1499938964844,293.1499938964844,0.0,-0.0,285.0904846191406,0.6694729924201965,0.2265162318944931,1.0433813333511353,285.0907592773437,284.95001220703125,294.8642883300781,291.1094055175781,294.865966796875,297.1598205566406,285.0910949707031,1.0,0.6073318719863892,1.0,1.0,0.0,1.0,-3.0489766597747803,3.048969030380249,7.473172900063218e-06,2.354536771774292,0.9028462767601012,0.9028462767601012,0.0,205.2310485839844,210.0,52554.62890625,-0.0,2687.44287109375,1.0,280.341796875,283.77557373046875,294.0630187988281,297.3965148925781,293.1499938964844,293.1499938964844,280.04998779296875,35867.046875,36000.0,313.1499938964844,0.0,18000.0,1.0,0.0,0.0,0.0,1.0,0.9535140991210938,1.0,0.0,0.0,3.6559228897094727,3.655946969985962,8.918408411773271e-07,4.265924453735352,4.265914440155029,9.78592834144365e-06,0.0,0.0,-0.0,7840.6181640625,0.0,1538.771728515625,1895.4371337890625,0.0,3894.564208984375,0.9065236449241638,1.0,0.0,3.0,1.0,0.0
12417180,297.0876770019531,297.1499938964844,293.1499938964844,0.0,-0.0,284.8929748535156,0.7007040977478027,0.2611477673053741,0.2403526753187179,297.0093078613281,297.1499938964844,293.1499938964844,0.0,-0.0,284.8919677734375,0.8560630083084106,0.4893553256988525,0.4679196774959564,297.25311279296875,297.1499938964844,293.1499938964844,0.0,-0.0,284.8917236328125,0.937594473361969,0.6362220644950867,0.4468611776828766,297.1064147949219,297.1499938964844,293.1499938964844,0.0,-0.0,284.8924255371094,0.769294261932373,0.3511078357696533,0.3377346992492676,297.11395263671875,297.1499938964844,293.1499938964844,0.0,-0.0,284.893310546875,0.6660043001174927,0.2254255264997482,1.0402477979660034,284.89208984375,284.95001220703125,294.77178955078125,291.08233642578125,294.7735290527344,297.1473388671875,284.88946533203125,1.0,0.6081964373588562,1.0,1.0,0.0,1.0,-3.041590929031372,3.04158353805542,7.4375539043103345e-06,2.349062442779541,0.9005216956138611,0.9005216956138611,0.0,208.3978729248047,213.0,53590.19921875,-0.0,2689.494384765625,1.0,280.0577697753906,283.565185546875,294.108154296875,297.5706481933594,293.1499938964844,293.1499938964844,279.75,36023.03515625,36000.0,313.1499938964844,0.0,18000.0,1.0,0.0,0.0,0.0,1.0,0.962367832660675,1.0,0.0,0.0,3.65602970123291,3.6560537815094,8.918929097490036e-07,4.265924453735352,4.265914440155029,9.78592834144365e-06,0.0,0.0,-0.0,8020.93701171875,0.0,1540.059814453125,1895.4371337890625,0.0,3973.664794921875,0.9066262245178224,1.0,0.0,3.0,1.0,0.0
12417240,297.0876770019531,297.1499938964844,293.1499938964844,0.0,-0.0,284.8929748535156,0.7007040977478027,0.2611477673053741,0.2403526753187179,297.0093078613281,297.1499938964844,293.1499938964844,0.0,-0.0,284.8919677734375,0.8560630083084106,0.4893553256988525,0.4679196774959564,297.25311279296875,297.1499938964844,293.1499938964844,0.0,-0.0,284.8917236328125,0.937594473361969,0.6362220644950867,0.4468611776828766,297.1064147949219,297.1499938964844,293.1499938964844,0.0,-0.0,284.8924255371094,0.769294261932373,0.3511078357696533,0.3377346992492676,297.11395263671875,297.1499938964844,293.1499938964844,0.0,-0.0,284.893310546875,0.6660043001174927,0.2254255264997482,1.0402477979660034,284.89208984375,284.95001220703125,294.77178955078125,291.08233642578125,294.7735290527344,297.1473388671875,284.88946533203125,1.0,0.6081964373588562,1.0,1.0,0.0,1.0,-3.041590929031372,3.04158353805542,7.4375539043103345e-06,2.349062442779541,0.9005216956138611,0.9005216956138611,0.0,208.3978729248047,213.0,53590.19921875,-0.0,2689.494384765625,1.0,280.0577697753906,283.565185546875,294.108154296875,297.5706481933594,293.1499938964844,293.1499938964844,279.75,36023.03515625,36000.0,313.1499938964844,0.0,18000.0,1.0,0.0,0.0,0.0,1.0,0.962367832660675,1.0,0.0,0.0,3.65602970123291,3.6560537815094,8.918929097490036e-07,4.265924453735352,4.265914440155029,9.78592834144365e-06,0.0,0.0,-0.0,8020.93701171875,0.0,1540.059814453125,1895.4371337890625,0.0,3973.664794921875,0.9066262245178224,1.0,0.0,3.0,1.0,0.0
12417300,297.0794372558594,297.1499938964844,293.1499938964844,0.0,-0.0,284.7398986816406,0.6978670954704285,0.2599449157714844,0.2395068705081939,296.9999084472656,297.1499938964844,293.1499938964844,0.0,-0.0,284.7359924316406,0.8530160784721375,0.4875428378582001,0.4665003716945648,297.2368469238281,297.1499938964844,293.1499938964844,0.0,-0.0,284.7349853515625,0.9344096183776855,0.6352810263633728,0.4464619755744934,297.0982360839844,297.1499938964844,293.1499938964844,0.0,-0.0,284.7377319335937,0.7666728496551514,0.3500289022922516,0.3369656205177307,297.1072082519531,297.1499938964844,293.1499938964844,0.0,-0.0,284.74127197265625,0.6635178923606873,0.2245377600193023,1.037267804145813,284.73638916015625,284.95001220703125,294.7245788574219,291.0692138671875,294.7263488769531,297.1361389160156,284.7265319824219,1.0,0.6083933115005493,1.0,1.0,0.0,1.0,-3.033885955810547,3.0338785648345947,7.400130016321782e-06,2.343200922012329,0.8975886106491089,0.8975886106491089,0.0,210.4400787353516,213.0,54571.9140625,-0.0,2685.087890625,1.0,279.80108642578125,283.3916320800781,294.1241455078125,297.7096862792969,293.1499938964844,293.1499938964844,279.75,36156.63671875,36000.0,313.1499938964844,0.0,18000.0,1.0,0.0,0.0,0.0,1.0,0.969430446624756,1.0,0.0,0.0,3.652753591537476,3.652777671813965,8.902952686185017e-07,4.265924453735352,4.265914440155029,9.78592834144365e-06,0.0,0.0,-0.0,7788.88720703125,0.0,1537.4072265625,1895.4371337890625,0.0,4036.18994140625,0.9059464335441588,1.0,0.0,3.0,1.0,0.0
12417360,297.0694580078125,297.1499938964844,293.1499938964844,0.0,-0.0,284.669921875,0.6945262551307678,0.2585188746452331,0.2383967787027359,296.9882202148437,297.1499938964844,293.1499938964844,0.0,-0.0,284.6688537597656,0.8495349884033203,0.4854452610015869,0.4647295773029327,297.2181091308594,297.1499938964844,293.1499938964844,0.0,-0.0,284.6685791015625,0.9306021928787231,0.6339894533157349,0.4457227289676666,297.0880432128906,297.1499938964844,293.1499938964844,0.0,-0.0,284.6693115234375,0.763617992401123,0.3487019836902618,0.3359091877937317,297.0988464355469,297.1499938964844,293.1499938964844,0.0,-0.0,284.6702880859375,0.6606125831604004,0.2234462350606918,1.0332472324371338,284.6689453125,284.95001220703125,294.6767883300781,291.0563049316406,294.6785888671875,297.122802734375,284.6661071777344,1.0,0.6083763837814331,1.0,1.0,0.0,1.0,-3.02343487739563,3.023427724838257,7.349407951551257e-06,2.335202932357788,0.894993782043457,0.894993782043457,0.0,212.69479370117188,201.0,54512.6484375,-0.0,2676.46875,1.0,279.75811767578125,283.3352966308594,294.0919189453125,297.63006591796875,293.1499938964844,293.1499938964844,280.04998779296875,36280.36328125,36000.0,313.1499938964844,0.0,18000.0,1.0,0.0,0.0,0.0,1.0,0.9722552299499512,1.0,0.0,0.0,3.646476030349731,3.6465001106262207,8.872377748048166e-07,4.265924453735352,4.265914440155029,9.78592834144365e-06,0.0,0.0,-0.0,7261.47509765625,0.0,1531.34716796875,1895.4371337890625,0.0,4061.0458984375,0.9046590328216552,1.0,0.0,3.0,1.0,0.0
12417420,297.0619506835937,297.1499938964844,293.1499938964844,0.0,-0.0,284.8069763183594,0.6942228674888611,0.2567199468612671,0.2363801449537277,296.9794616699219,297.1499938964844,293.1499938964844,0.0,-0.0,284.8070678710937,0.8495965600013733,0.4824859201908111,0.4614683389663696,297.201171875,297.1499938964844,293.1499938964844,0.0,-0.0,284.8070983886719,0.9323766231536864,0.6331110596656799,0.4446678459644317,297.07818603515625,297.1499938964844,293.1499938964844,0.0,-0.0,284.8070373535156,0.7638962864875793,0.3469004929065704,0.3338431715965271,297.0891418457031,297.1499938964844,293.1499938964844,0.0,-0.0,284.8069152832031,0.6603480577468872,0.2218016237020492,1.0245685577392578,284.8070678710937,284.95001220703125,294.5795593261719,291.0310363769531,294.5814208984375,297.1098327636719,284.8070983886719,1.0,0.6038187146186829,1.0,1.0,0.0,1.0,-3.002898931503296,3.002891540527344,7.249816462717717e-06,2.319302082061768,0.8942388296127319,0.8942388296127319,0.0,209.6750946044922,189.0,52850.7421875,-0.0,2621.47998046875,1.0,280.0421142578125,283.5125427246094,293.9940795898437,297.3634948730469,293.1499938964844,293.1499938964844,280.3500061035156,36211.93359375,36000.0,313.1499938964844,0.0,18000.0,1.0,0.0,0.0,0.0,1.0,0.961264669895172,1.0,0.0,0.0,3.637882947921753,3.637906789779663,8.830610340737621e-07,4.265924453735352,4.265914440155029,9.78592834144365e-06,0.0,0.0,-0.0,7036.34619140625,0.0,1521.3099365234375,1895.4371337890625,0.0,3963.85107421875,0.902720272541046,1.0,0.0,3.0,1.0,0.0
12417480,297.0619506835937,297.1499938964844,293.1499938964844,0.0,-0.0,284.8069763183594,0.6942228674888611,0.2567199468612671,0.2363801449537277,296.9794616699219,297.1499938964844,293.1499938964844,0.0,-0.0,284.8070678710937,0.8495965600013733,0.4824859201908111,0.4614683389663696,297.201171875,297.1499938964844,293.1499938964844,0.0,-0.0,284.8070983886719,0.9323766231536864,0.6331110596656799,0.4446678459644317,297.07818603515625,297.1499938964844,293.1499938964844,0.0,-0.0,284.8070373535156,0.7638962864875793,0.3469004929065704,0.3338431715965271,297.0891418457031,297.1499938964844,293.1499938964844,0.0,-0.0,284.8069152832031,0.6603480577468872,0.2218016237020492,1.0245685577392578,284.8070678710937,284.95001220703125,294.5795593261719,291.0310363769531,294.5814208984375,297.1098327636719,284.8070983886719,1.0,0.6038187146186829,1.0,1.0,0.0,1.0,-3.002898931503296,3.002891540527344,7.249816462717717e-06,2.319302082061768,0.8942388296127319,0.8942388296127319,0.0,209.6750946044922,189.0,52850.7421875,-0.0,2621.47998046875,1.0,280.0421142578125,283.5125427246094,293.9940795898437,297.3634948730469,293.1499938964844,293.1499938964844,280.3500061035156,36211.93359375,36000.0,313.1499938964844,0.0,18000.0,1.0,0.0,0.0,0.0,1.0,0.961264669895172,1.0,0.0,0.0,3.637882947921753,3.637906789779663,8.830610340737621e-07,4.265924453735352,4.265914440155029,9.78592834144365e-06,0.0,0.0,-0.0,7036.34619140625,0.0,1521.3099365234375,1895.4371337890625,0.0,3963.85107421875,0.902720272541046,1.0,0.0,3.0,1.0,0.0
12417540,297.0654602050781,297.1499938964844,293.1499938964844,0.0,-0.0,284.967529296875,0.6994112133979797,0.2559530436992645,0.2352260649204254,296.9839172363281,297.1499938964844,293.1499938964844,0.0,-0.0,284.9677124023437,0.8554494380950928,0.480766624212265,0.4593221247196197,297.19970703125,297.1499938964844,293.1499938964844,0.0,-0.0,284.9677429199219,0.9416598677635192,0.6335998177528381,0.4446108937263489,297.0790405273437,297.1499938964844,293.1499938964844,0.0,-0.0,284.9676208496094,0.7695369720458984,0.3460688292980194,0.3325705528259277,297.0881042480469,297.1499938964844,293.1499938964844,0.0,-0.0,284.9674377441406,0.6648839712142944,0.2209166884422302,1.0184319019317627,284.9676818847656,284.95001220703125,294.4804382324219,291.0063781738281,294.4822998046875,297.1094055175781,284.9678955078125,1.0,0.5975289344787598,1.0,1.0,0.0,1.0,-2.9899497032165527,2.98994255065918,7.187387382145971e-06,2.309284210205078,0.895836353302002,0.895836353302002,0.0,201.60186767578125,177.0,51252.015625,-0.0,2555.680908203125,1.0,280.3416442871094,283.7090148925781,293.9551696777344,297.2078857421875,293.1499938964844,293.1499938964844,280.6499938964844,36048.72265625,36000.0,313.1499938964844,0.0,18000.0,1.0,0.0,0.0,0.0,1.0,0.9482003450393676,1.0,0.0,0.0,3.635504961013794,3.635529041290283,8.8190699898405e-07,4.265924453735352,4.265914440155029,9.78592834144365e-06,0.0,0.0,-0.0,6865.43603515625,0.0,1517.4649658203125,1895.4371337890625,0.0,3846.734619140625,0.9020830392837524,1.0,0.0,3.0,1.0,0.0
12417600,297.0654602050781,297.1499938964844,293.1499938964844,0.0,-0.0,284.967529296875,0.6994112133979797,0.2559530436992645,0.2352260649204254,296.9839172363281,297.1499938964844,293.1499938964844,0.0,-0.0,284.9677124023437,0.8554494380950928,0.480766624212265,0.4593221247196197,297.19970703125,297.1499938964844,293.1499938964844,0.0,-0.0,284.9677429199219,0.9416598677635192,0.6335998177528381,0.4446108937263489,297.0790405273437,297.1499938964844,293.1499938964844,0.0,-0.0,284.9676208496094,0.7695369720458984,0.3460688292980194,0.3325705528259277,297.0881042480469,297.1499938964844,293.1499938964844,0.0,-0.0,284.9674377441406,0.6648839712142944,0.2209166884422302,1.0184319019317627,284.9676818847656,284.95001220703125,294.4804382324219,291.0063781738281,294.4822998046875,297.1094055175781,284.9678955078125,1.0,0.5975289344787598,1.0,1.0,0.0,1.0,-2.9899497032165527,2.98994255065918,7.187387382145971e-06,2.309284210205078,0.895836353302002,0.895836353302002,0.0,201.60186767578125,177.0,51252.015625,-0.0,2555.680908203125,1.0,280.3416442871094,283.7090148925781,293.9551696777344,297.2078857421875,293.1499938964844,293.1499938964844,280.6499938964844,36048.72265625,36000.0,313.1499938964844,0.0,18000.0,1.0,0.0,0.0,0.0,1.0,0.9482003450393676,1.0,0.0,0.0,3.635504961013794,3.635529041290283,8.8190699898405e-07,4.265924453735352,4.265914440155029,9.78592834144365e-06,0.0,0.0,-0.0,6865.43603515625,0.0,1517.4649658203125,1895.4371337890625,0.0,3846.734619140625,0.9020830392837524,1.0,0.0,3.0,1.0,0.0
12417660,297.0732727050781,297.1499938964844,293.1499938964844,0.0,-0.0,285.12908935546875,0.7076836228370667,0.2556683719158172,0.2345099151134491,296.99371337890625,297.1499938964844,293.1499938964844,0.0,-0.0,285.1292419433594,0.8647942543029785,0.4796503484249115,0.4577658176422119,297.2035522460937,297.1499938964844,293.1499938964844,0.0,-0.0,285.1292724609375,0.9547258019447328,0.6346121430397034,0.4449513852596283,297.0848388671875,297.1499938964844,293.1499938964844,0.0,-0.0,285.1291809082031,0.778433084487915,0.3457545340061188,0.3317798674106598,297.0918273925781,297.1499938964844,293.1499938964844,0.0,-0.0,285.1289978027344,0.672428548336029,0.2205059379339218,1.0142651796340942,285.1292419433594,284.95001220703125,294.3796691894531,290.9820251464844,294.381591796875,297.11444091796875,285.1294250488281,1.0,0.590492308139801,1.0,1.0,0.0,1.0,-2.9816644191741943,2.9816572666168213,7.14769157639239e-06,2.3029205799102783,0.8995984196662903,0.8995984196662903,0.0,191.2834930419922,165.0,49737.90625,-0.0,2487.652587890625,1.0,280.64166259765625,283.905029296875,293.9328918457031,297.0871887207031,293.1499938964844,293.1499938964844,280.95001220703125,35847.453125,36000.0,313.1499938964844,0.0,18000.0,1.0,0.0,0.0,0.0,1.0,0.9359428882598876,1.0,0.0,0.0,3.640623092651367,3.640646934509277,8.843918521961314e-07,4.265924453735352,4.265914440155029,9.78592834144365e-06,0.0,0.0,-0.0,6712.59912109375,0.0,1521.6229248046875,1895.4371337890625,0.0,3735.490966796875,0.9030905365943908,1.0,0.0,3.0,1.0,0.0
12417720,297.0732727050781,297.1499938964844,293.1499938964844,0.0,-0.0,285.12908935546875,0.7076836228370667,0.2556683719158172,0.2345099151134491,296.99371337890625,297.1499938964844,293.1499938964844,0.0,-0.0,285.1292419433594,0.8647942543029785,0.4796503484249115,0.4577658176422119,297.2035522460937,297.1499938964844,293.1499938964844,0.0,-0.0,285.1292724609375,0.9547258019447328,0.6346121430397034,0.4449513852596283,297.0848388671875,297.1499938964844,293.1499938964844,0.0,-0.0,285.1291809082031,0.778433084487915,0.3457545340061188,0.3317798674106598,297.0918273925781,297.1499938964844,293.1499938964844,0.0,-0.0,285.1289978027344,0.672428548336029,0.2205059379339218,1.0142651796340942,285.1292419433594,284.95001220703125,294.3796691894531,290.9820251464844,294.381591796875,297.11444091796875,285.1294250488281,1.0,0.590492308139801,1.0,1.0,0.0,1.0,-2.9816644191741943,2.9816572666168213,7.14769157639239e-06,2.3029205799102783,0.8995984196662903,0.8995984196662903,0.0,191.2834930419922,165.0,49737.90625,-0.0,2487.652587890625,1.0,280.64166259765625,283.905029296875,293.9328918457031,297.0871887207031,293.1499938964844,293.1499938964844,280.95001220703125,35847.453125,36000.0,313.1499938964844,0.0,18000.0,1.0,0.0,0.0,0.0,1.0,0.9359428882598876,1.0,0.0,0.0,3.640623092651367,3.640646934509277,8.843918521961314e-07,4.265924453735352,4.265914440155029,9.78592834144365e-06,0.0,0.0,-0.0,6712.59912109375,0.0,1521.6229248046875,1895.4371337890625,0.0,3735.490966796875,0.9030905365943908,1.0,0.0,3.0,1.0,0.0
12417780,297.08251953125,297.1499938964844,293.1499938964844,0.0,-0.0,285.2886962890625,0.717593789100647,0.2556305825710296,0.2340139597654342,297.00537109375,297.1499938964844,293.1499938964844,0.0,-0.0,285.2888488769531,0.8767808675765991,0.4788516759872436,0.4565159976482391,297.2091064453125,297.1499938964844,293.1499938964844,0.0,-0.0,285.2888488769531,0.9695515036582948,0.6358518004417419,0.4454536437988281,297.0926818847656,297.1499938964844,293.1499938964844,0.0,-0.0,285.2887878417969,0.7897236943244934,0.3457197844982147,0.3312542140483856,297.09783935546875,297.1499938964844,293.1499938964844,0.0,-0.0,285.28863525390625,0.6822187900543213,0.2203760296106338,1.0113375186920166,285.288818359375,284.95001220703125,294.277587890625,290.9578552246094,294.2795104980469,297.12176513671875,285.2889099121094,1.0,0.5831489562988281,1.0,1.0,0.0,1.0,-2.9760162830352783,2.9760093688964844,7.120783720893087e-06,2.2986209392547607,0.9054767489433287,0.9054767489433287,0.0,179.98016357421875,153.0,48282.45703125,-0.0,2419.814697265625,1.0,280.9417419433594,284.0984191894531,293.9120178222656,296.9752502441406,293.1499938964844,293.1499938964844,280.6499938964844,35632.87109375,36000.0,313.1499938964844,0.0,18000.0,1.0,0.0,0.0,0.0,1.0,0.924403429031372,1.0,0.0,0.0,3.6537516117095934,3.653775453567505,8.907817914405314e-07,4.265924453735352,4.265914440155029,9.78592834144365e-06,0.0,0.0,-0.0,7344.11474609375,0.0,1534.5965576171875,1895.4371337890625,0.0,3629.739013671875,0.9058800339698792,1.0,0.0,3.0,1.0,0.0
12417840,297.08251953125,297.1499938964844,293.1499938964844,0.0,-0.0,285.2886962890625,0.717593789100647,0.2556305825710296,0.2340139597654342,297.00537109375,297.1499938964844,293.1499938964844,0.0,-0.0,285.2888488769531,0.8767808675765991,0.4788516759872436,0.4565159976482391,297.2091064453125,297.1499938964844,293.1499938964844,0.0,-0.0,285.2888488769531,0.9695515036582948,0.6358518004417419,0.4454536437988281,297.0926818847656,297.1499938964844,293.1499938964844,0.0,-0.0,285.2887878417969,0.7897236943244934,0.3457197844982147,0.3312542140483856,297.09783935546875,297.1499938964844,293.1499938964844,0.0,-0.0,285.28863525390625,0.6822187900543213,0.2203760296106338,1.0113375186920166,285.288818359375,284.95001220703125,294.277587890625,290.9578552246094,294.2795104980469,297.12176513671875,285.2889099121094,1.0,0.5831489562988281,1.0,1.0,0.0,1.0,-2.9760162830352783,2.9760093688964844,7.120783720893087e-06,2.2986209392547607,0.9054767489433287,0.9054767489433287,0.0,179.98016357421875,153.0,48282.45703125,-0.0,2419.814697265625,1.0,280.9417419433594,284.0984191894531,293.9120178222656,296.9752502441406,293.1499938964844,293.1499938964844,280.6499938964844,35632.87109375,36000.0,313.1499938964844,0.0,18000.0,1.0,0.0,0.0,0.0,1.0,0.924403429031372,1.0,0.0,0.0,3.6537516117095934,3.653775453567505,8.907817914405314e-07,4.265924453735352,4.265914440155029,9.78592834144365e-06,0.0,0.0,-0.0,7344.11474609375,0.0,1534.5965576171875,1895.4371337890625,0.0,3629.739013671875,0.9058800339698792,1.0,0.0,3.0,1.0,0.0
12417900,297.082763671875,297.1499938964844,293.1499938964844,0.0,-0.0,285.15252685546875,0.7225334644317627,0.2552322149276733,0.2336768209934234,297.0058898925781,297.1499938964844,293.1499938964844,0.0,-0.0,285.14862060546875,0.883234977722168,0.4779911041259765,0.4557801187038421,297.20391845703125,297.1499938964844,293.1499938964844,0.0,-0.0,285.1475830078125,0.9767445921897888,0.635723352432251,0.4455290138721466,297.0927429199219,297.1499938964844,293.1499938964844,0.0,-0.0,285.1503295898437,0.7957539558410645,0.3453680276870727,0.3309210240840912,297.0984802246094,297.1499938964844,293.1499938964844,0.0,-0.0,285.1539306640625,0.6874948740005493,0.2201112210750579,1.009783148765564,285.1490173339844,284.95001220703125,294.22613525390625,290.9457397460937,294.22808837890625,297.1207275390625,285.1392517089844,1.0,0.5793671607971191,1.0,1.0,0.0,1.0,-2.972554922103882,2.972547769546509,7.104510586941615e-06,2.296069383621216,0.9054709076881408,0.9054709076881408,0.0,174.35513305664062,153.0,49313.74609375,-0.0,2384.961181640625,1.0,280.6984558105469,283.9381408691406,293.9737854003906,297.1929016113281,293.1499938964844,293.1499938964844,280.6499938964844,35689.578125,36000.0,313.1499938964844,0.0,18000.0,1.0,0.0,0.0,0.0,1.0,0.9310893416404724,1.0,0.0,0.0,3.659778118133545,3.659802198410034,8.937227562455519e-07,4.265924453735352,4.265914440155029,9.78592834144365e-06,0.0,0.0,-0.0,7171.65234375,0.0,1541.74560546875,1895.4371337890625,0.0,3691.122314453125,0.9072132110595704,1.0,0.0,3.0,1.0,0.0
12417960,297.07843017578125,297.1499938964844,293.1499938964844,0.0,-0.0,285.0824584960937,0.7266072630882263,0.2543824017047882,0.2329010963439941,297.0007629394531,297.1499938964844,293.1499938964844,0.0,-0.0,285.081298828125,0.8888667821884155,0.4765767753124237,0.454477310180664,297.1913757324219,297.1499938964844,293.1499938964844,0.0,-0.0,285.0809631347656,0.9826540350914,0.6348351836204529,0.4449845254421234,297.08837890625,297.1499938964844,293.1499938964844,0.0,-0.0,285.081787109375,0.8009970188140869,0.3445778489112854,0.3301611244678497,297.09588623046875,297.1499938964844,293.1499938964844,0.0,-0.0,285.0828552246094,0.6920618414878845,0.2195319831371307,1.006895661354065,285.0813903808594,284.95001220703125,294.1744689941406,290.9336242675781,294.1764221191406,297.1141967773437,285.07830810546875,1.0,0.5753179788589478,1.0,1.0,0.0,1.0,-2.965024948120117,2.965017795562744,7.068848844937747e-06,2.290377140045166,0.9056271314620972,0.9056271314620972,0.0,169.20143127441406,141.0,49336.390625,-0.0,2345.23974609375,1.0,280.6576232910156,283.8808898925781,293.9677429199219,297.1639709472656,293.1499938964844,293.1499938964844,280.3500061035156,35765.77734375,36000.0,313.1499938964844,0.0,18000.0,1.0,0.0,0.0,0.0,1.0,0.935203731060028,1.0,0.0,0.0,3.663447141647339,3.663471221923828,8.955155976764217e-07,4.265924453735352,4.265914440155029,9.78592834144365e-06,0.0,0.0,-0.0,7512.73388671875,0.0,1546.421630859375,1895.4371337890625,0.0,3728.74462890625,0.90811026096344,1.0,0.0,3.0,1.0,0.0
12418020,297.0628967285156,297.1499938964844,293.1499938964844,0.0,-0.0,284.84918212890625,0.7338296175003052,0.2519088983535766,0.2305755764245987,296.981689453125,297.1499938964844,293.1499938964844,0.0,-0.0,284.84796142578125,0.8993338942527771,0.4727626144886017,0.4508472084999084,297.1561889648437,297.1499938964844,293.1499938964844,0.0,-0.0,284.8475952148437,0.9927709698677064,0.6318053603172302,0.4429121315479278,297.0721740722656,297.1499938964844,293.1499938964844,0.0,-0.0,284.8484802246094,0.8105107545852661,0.342162162065506,0.3277937769889831,297.0846252441406,297.1499938964844,293.1499938964844,0.0,-0.0,284.8496398925781,0.7003023028373718,0.2177132815122604,0.998065948486328,284.8480834960937,285.0484619140625,294.07061767578125,290.9091796875,294.0726013183594,297.0944519042969,284.8447570800781,1.0,0.5663955211639404,1.0,1.0,0.0,1.0,-2.941925287246704,2.94191837310791,6.959504389669746e-06,2.272694826126098,0.9006069898605347,0.9006069898605347,0.0,159.339111328125,129.0,50253.453125,-0.0,2254.433349609375,1.0,280.35809326171875,283.6427307128906,293.95220947265625,297.2255859375,293.1499938964844,293.1499938964844,280.04998779296875,36090.73046875,36000.0,313.1499938964844,0.0,18000.0,1.0,0.0,0.0,0.0,1.0,0.9467973709106444,1.0,0.0,0.0,3.6618618965148926,3.661886215209961,8.947407650339301e-07,4.265924453735352,4.265914440155029,9.78592834144365e-06,0.0,0.0,-0.0,7626.1552734375,0.0,1547.086669921875,1895.4371337890625,0.0,3834.06494140625,0.9079481363296508,1.0,0.0,3.0,1.0,0.0
12418080,297.0628967285156,297.1499938964844,293.1499938964844,0.0,-0.0,284.84918212890625,0.7338296175003052,0.2519088983535766,0.2305755764245987,296.981689453125,297.1499938964844,293.1499938964844,0.0,-0.0,284.84796142578125,0.8993338942527771,0.4727626144886017,0.4508472084999084,297.1561889648437,297.1499938964844,293.1499938964844,0.0,-0.0,284.8475952148437,0.9927709698677064,0.6318053603172302,0.4429121315479278,297.0721740722656,297.1499938964844,293.1499938964844,0.0,-0.0,284.8484802246094,0.8105107545852661,0.342162162065506,0.3277937769889831,297.0846252441406,297.1499938964844,293.1499938964844,0.0,-0.0,284.8496398925781,0.7003023028373718,0.2177132815122604,0.998065948486328,284.8480834960937,285.0484619140625,294.07061767578125,290.9091796875,294.0726013183594,297.0944519042969,284.8447570800781,1.0,0.5663955211639404,1.0,1.0,0.0,1.0,-2.941925287246704,2.94191837310791,6.959504389669746e-06,2.272694826126098,0.9006069898605347,0.9006069898605347,0.0,159.339111328125,129.0,50253.453125,-0.0,2254.433349609375,1.0,280.35809326171875,283.6427307128906,293.95220947265625,297.2255859375,293.1499938964844,293.1499938964844,280.04998779296875,36090.73046875,36000.0,313.1499938964844,0.0,18000.0,1.0,0.0,0.0,0.0,1.0,0.9467973709106444,1.0,0.0,0.0,3.6618618965148926,3.661886215209961,8.947407650339301e-07,4.265924453735352,4.265914440155029,9.78592834144365e-06,0.0,0.0,-0.0,7626.1552734375,0.0,1547.086669921875,1895.4371337890625,0.0,3834.06494140625,0.9079481363296508,1.0,0.0,3.0,1.0,0.0
12418140,297.04998779296875,297.1499938964844,293.1499938964844,0.0,-0.0,284.6539001464844,0.7386235594749451,0.2498952150344848,0.2286695688962936,296.9654846191406,297.1499938964844,293.1499938964844,0.0,-0.0,284.6512145996094,0.9065045714378356,0.4697336256504059,0.4479350745677948,297.12890625,297.1499938964844,293.1499938964844,0.0,-0.0,284.6504821777344,0.9988775253295898,0.6291571259498596,0.4409248828887939,297.0582275390625,297.1499938964844,293.1499938964844,0.0,-0.0,284.65234375,0.8165791034698486,0.3401223421096802,0.3257813155651092,297.0743103027344,297.1499938964844,293.1499938964844,0.0,-0.0,284.65484619140625,0.7056809663772583,0.2161383330821991,0.9904515147209167,284.6514587402344,285.1348876953125,294.0009155273437,290.8926086425781,294.0028991699219,297.0795593261719,284.64471435546875,1.0,0.5598311424255371,1.0,1.0,0.0,1.0,-2.922182083129883,2.922175407409668,6.866641342639923e-06,2.2575454711914062,0.8937665820121765,0.8937665820121765,0.0,152.7652130126953,129.0,51122.5234375,-0.0,2187.11767578125,1.0,280.0775451660156,283.4356994628906,293.9466247558594,297.3075866699219,293.1499938964844,293.1499938964844,280.04998779296875,36414.44140625,36000.0,313.1499938964844,0.0,18000.0,1.0,0.0,0.0,0.0,1.0,0.9549874663352966,1.0,0.0,0.0,3.65107798576355,3.651102066040039,8.894785992197285e-07,4.265924453735352,4.265914440155029,9.78592834144365e-06,0.0,0.0,-0.0,7344.4892578125,0.0,1537.469970703125,1895.4371337890625,0.0,3907.77978515625,0.9057301878929138,1.0,0.0,3.0,1.0,0.0
12418200,297.04345703125,297.1499938964844,293.1499938964844,0.0,-0.0,284.6148986816406,0.7404425740242004,0.2488387078046798,0.2276369780302047,296.9571838378906,297.1499938964844,293.1499938964844,0.0,-0.0,284.61358642578125,0.90944504737854,0.4681521654129028,0.4463644921779632,297.11639404296875,297.1499938964844,293.1499938964844,0.0,-0.0,284.6132202148437,0.9990000128746032,0.6278496384620667,0.4374945759773254,297.05096435546875,297.1499938964844,293.1499938964844,0.0,-0.0,284.6141662597656,0.8189088106155396,0.3390319645404815,0.3246771693229675,297.0687866210937,297.1499938964844,293.1499938964844,0.0,-0.0,284.6153564453125,0.707718014717102,0.2152850478887558,0.9862853288650512,284.6137390136719,285.17779541015625,293.96630859375,290.88433837890625,293.96832275390625,297.0723571777344,284.6101379394531,1.0,0.5562783479690552,1.0,1.0,0.0,1.0,-2.9086060523986816,2.908599138259888,6.803275482525351e-06,2.2471847534179688,0.8903672099113464,0.8903672099113464,0.0,149.88645935058594,117.0,50963.16796875,-0.0,2149.456298828125,1.0,280.0581359863281,283.4066162109375,293.9176025390625,297.2420959472656,293.1499938964844,293.1499938964844,280.3500061035156,36557.59375,36000.0,313.1499938964844,0.0,18000.0,1.0,0.0,0.0,0.0,1.0,0.9558309316635132,1.0,0.0,0.0,3.6427314281463614,3.642755508422852,8.854164548210974e-07,4.265924453735352,4.265914440155029,9.78592834144365e-06,0.0,0.0,-0.0,6883.6025390625,0.0,1529.2606201171875,1895.4371337890625,0.0,3915.33642578125,0.9039823412895204,1.0,0.0,3.0,1.0,0.0
12418260,297.0361328125,297.1499938964844,293.1499938964844,0.0,-0.0,284.7402038574219,0.7475039958953857,0.2467294037342071,0.2251354902982711,296.947265625,297.1499938964844,293.1499938964844,0.0,-0.0,284.7401123046875,0.9206367135047911,0.4646832942962646,0.4423935115337372,297.1256103515625,297.1499938964844,293.1499938964844,0.0,-0.0,284.7400817871094,0.9990000128746032,0.6282832026481628,0.4199220240116119,297.04022216796875,297.1499938964844,293.1499938964844,0.0,-0.0,284.7401428222656,0.8272405862808228,0.3366723954677582,0.3218584358692169,297.0594177246094,297.1499938964844,293.1499938964844,0.0,-0.0,284.7402038574219,0.7148786783218384,0.2132947295904159,0.9750540852546692,284.7401123046875,285.3072814941406,293.8618469238281,290.85894775390625,293.8639221191406,297.06463623046875,284.739501953125,1.0,0.544631838798523,1.0,1.0,0.0,1.0,-2.862813949584961,2.862807273864746,6.59065108266077e-06,2.211763620376587,0.8830091953277588,0.8830091953277588,0.0,140.71229553222656,105.0,48994.58203125,-0.0,2027.4189453125,1.0,280.342041015625,283.5789794921875,293.80908203125,296.9469909667969,293.1499938964844,293.1499938964844,280.6499938964844,36717.48046875,36000.0,313.1499938964844,0.0,18000.0,1.0,0.0,0.0,0.0,1.0,0.9420577883720398,1.0,0.0,0.0,3.616002082824707,3.616025924682617,8.724702524887107e-07,4.265924453735352,4.265914440155029,9.78592834144365e-06,0.0,0.0,-0.0,6647.734375,0.0,1500.9903564453125,1895.4371337890625,0.0,3791.139404296875,0.8981550931930542,1.0,0.0,3.0,1.0,0.0
12418320,297.0361328125,297.1499938964844,293.1499938964844,0.0,-0.0,284.7402038574219,0.7475039958953857,0.2467294037342071,0.2251354902982711,296.947265625,297.1499938964844,293.1499938964844,0.0,-0.0,284.7401123046875,0.9206367135047911,0.4646832942962646,0.4423935115337372,297.1256103515625,297.1499938964844,293.1499938964844,0.0,-0.0,284.7400817871094,0.9990000128746032,0.6282832026481628,0.4199220240116119,297.04022216796875,297.1499938964844,293.1499938964844,0.0,-0.0,284.7401428222656,0.8272405862808228,0.3366723954677582,0.3218584358692169,297.0594177246094,297.1499938964844,293.1499938964844,0.0,-0.0,284.7402038574219,0.7148786783218384,0.2132947295904159,0.9750540852546692,284.7401123046875,285.3072814941406,293.8618469238281,290.85894775390625,293.8639221191406,297.06463623046875,284.739501953125,1.0,0.544631838798523,1.0,1.0,0.0,1.0,-2.862813949584961,2.862807273864746,6.59065108266077e-06,2.211763620376587,0.8830091953277588,0.8830091953277588,0.0,140.71229553222656,105.0,48994.58203125,-0.0,2027.4189453125,1.0,280.342041015625,283.5789794921875,293.80908203125,296.9469909667969,293.1499938964844,293.1499938964844,280.6499938964844,36717.48046875,36000.0,313.1499938964844,0.0,18000.0,1.0,0.0,0.0,0.0,1.0,0.9420577883720398,1.0,0.0,0.0,3.616002082824707,3.616025924682617,8.724702524887107e-07,4.265924453735352,4.265914440155029,9.78592834144365e-06,0.0,0.0,-0.0,6647.734375,0.0,1500.9903564453125,1895.4371337890625,0.0,3791.139404296875,0.8981550931930542,1.0,0.0,3.0,1.0,0.0
12418380,297.0399475097656,297.1499938964844,293.1499938964844,0.0,-0.0,284.8897705078125,0.7591397166252136,0.2456656992435455,0.2236667424440384,296.9516296386719,297.1499938964844,293.1499938964844,0.0,-0.0,284.8898010253906,0.9381110668182372,0.4625440239906311,0.4397829473018646,297.1880798339844,297.1499938964844,293.1499938964844,0.0,-0.0,284.8898010253906,0.9990000128746032,0.6342642307281494,0.3977125287055969,297.0406799316406,297.1499938964844,293.1499938964844,0.0,-0.0,284.8898010253906,0.8399003744125366,0.3353180289268493,0.3200389444828033,297.0585632324219,297.1499938964844,293.1499938964844,0.0,-0.0,284.8897399902344,0.7253831028938293,0.2120512872934341,0.9670706391334534,284.8898010253906,285.4366149902344,293.757568359375,290.8328857421875,293.7596435546875,297.0812072753906,284.8894348144531,1.0,0.532309353351593,1.0,1.0,0.0,1.0,-2.819432497024536,2.8194260597229004,6.392310297087533e-06,2.178196430206299,0.876134991645813,0.876134991645813,0.0,130.17445373535156,108.0,47010.82421875,-0.0,1906.1702880859373,1.0,280.641357421875,283.7721862792969,293.76336669921875,296.7620849609375,293.1499938964844,293.1499938964844,280.95001220703125,36789.58203125,36000.0,313.1499938964844,0.0,18000.0,1.0,0.0,0.0,0.0,1.0,0.9251818656921388,1.0,0.0,0.0,3.5866565704345703,3.5866801738739014,8.583667181483179e-07,4.265924453735352,4.265914440155029,9.78592834144365e-06,0.0,0.0,-0.0,6460.517578125,0.0,1469.6363525390625,1895.4371337890625,0.0,3636.900634765625,0.891671359539032,1.0,0.0,3.0,1.0,0.0
12418440,297.0399475097656,297.1499938964844,293.1499938964844,0.0,-0.0,284.8897705078125,0.7591397166252136,0.2456656992435455,0.2236667424440384,296.9516296386719,297.1499938964844,293.1499938964844,0.0,-0.0,284.8898010253906,0.9381110668182372,0.4625440239906311,0.4397829473018646,297.1880798339844,297.1499938964844,293.1499938964844,0.0,-0.0,284.8898010253906,0.9990000128746032,0.6342642307281494,0.3977125287055969,297.0406799316406,297.1499938964844,293.1499938964844,0.0,-0.0,284.8898010253906,0.8399003744125366,0.3353180289268493,0.3200389444828033,297.0585632324219,297.1499938964844,293.1499938964844,0.0,-0.0,284.8897399902344,0.7253831028938293,0.2120512872934341,0.9670706391334534,284.8898010253906,285.4366149902344,293.757568359375,290.8328857421875,293.7596435546875,297.0812072753906,284.8894348144531,1.0,0.532309353351593,1.0,1.0,0.0,1.0,-2.819432497024536,2.8194260597229004,6.392310297087533e-06,2.178196430206299,0.876134991645813,0.876134991645813,0.0,130.17445373535156,108.0,47010.82421875,-0.0,1906.1702880859373,1.0,280.641357421875,283.7721862792969,293.76336669921875,296.7620849609375,293.1499938964844,293.1499938964844,280.95001220703125,36789.58203125,36000.0,313.1499938964844,0.0,18000.0,1.0,0.0,0.0,0.0,1.0,0.9251818656921388,1.0,0.0,0.0,3.5866565704345703,3.5866801738739014,8.583667181483179e-07,4.265924453735352,4.265914440155029,9.78592834144365e-06,0.0,0.0,-0.0,6460.517578125,0.0,1469.6363525390625,1895.4371337890625,0.0,3636.900634765625,0.891671359539032,1.0,0.0,3.0,1.0,0.0
12418500,297.0435791015625,297.1499938964844,293.1499938964844,0.0,-0.0,285.0086364746094,0.763847291469574,0.245322436094284,0.2231704592704773,296.956298828125,297.1499938964844,293.1499938964844,0.0,-0.0,285.0120849609375,0.9448221325874328,0.4617438316345215,0.438804566860199,297.2265930175781,297.1499938964844,293.1499938964844,0.0,-0.0,285.0127258300781,0.9990000128746032,0.6382849216461182,0.3894677758216858,297.04302978515625,297.1499938964844,293.1499938964844,0.0,-0.0,285.0106506347656,0.8449530005455017,0.3348557651042938,0.3193977773189544,297.06024169921875,297.1499938964844,293.1499938964844,0.0,-0.0,285.00738525390625,0.7294347286224365,0.2116369158029556,0.964265763759613,285.0116882324219,285.5010986328125,293.70556640625,290.8195495605469,293.7076416015625,297.098876953125,285.0199279785156,1.0,0.528134822845459,1.0,1.0,0.0,1.0,-2.803593635559082,2.8035874366760254,6.320291959127644e-06,2.16577696800232,0.8733880519866943,0.8733880519866943,0.0,126.3940658569336,108.0,45605.17578125,-0.0,1863.0802001953125,1.0,280.89678955078125,283.92999267578125,293.7266845703125,296.5868225097656,293.1499938964844,293.1499938964844,280.95001220703125,36794.1875,36000.0,313.1499938964844,0.0,18000.0,1.0,0.0,0.0,0.0,1.0,0.9147241711616516,1.0,0.0,0.0,3.571252822875977,3.5712761878967285,8.510096449754201e-07,4.265924453735352,4.265914440155029,9.78592834144365e-06,0.0,0.0,-0.0,6608.37841796875,0.0,1453.12451171875,1895.4371337890625,0.0,3540.392333984375,0.8882858753204346,1.0,0.0,3.0,1.0,0.0
12418560,297.0481262207031,297.1499938964844,293.1499938964844,0.0,-0.0,285.0528869628906,0.7676823139190674,0.2450947314500808,0.2228574007749557,296.9623413085937,297.1499938964844,293.1499938964844,0.0,-0.0,285.0531921386719,0.95004004240036,0.4611119031906128,0.4380802810192108,297.2618408203125,297.1499938964844,293.1499938964844,0.0,-0.0,285.0532531738281,0.9990000128746032,0.6422355771064758,0.3831210732460022,297.0466613769531,297.1499938964844,293.1499938964844,0.0,-0.0,285.0530700683594,0.849037766456604,0.3345363438129425,0.318965882062912,297.0632019042969,297.1499938964844,293.1499938964844,0.0,-0.0,285.052734375,0.732690691947937,0.2113595008850097,0.962361216545105,285.0531616210937,285.5653991699219,293.6537170410156,290.80596923828125,293.6557922363281,297.1187438964844,285.05377197265625,1.0,0.5248863101005554,1.0,1.0,0.0,1.0,-2.7919046878814697,2.791898488998413,6.267560365813552e-06,2.1566829681396484,0.8697922825813293,0.8697922825813293,0.0,123.55412292480467,126.0,45200.37109375,-0.0,1831.32568359375,1.0,280.9411926269531,283.9759521484375,293.7362060546875,296.6155090332031,293.1499938964844,293.1499938964844,281.25,36810.51953125,36000.0,313.1499938964844,0.0,18000.0,1.0,0.0,0.0,0.0,1.0,0.9086518287658693,1.0,0.0,0.0,3.556315898895264,3.556339263916016,8.439057523901283e-07,4.265924453735352,4.265914440155029,9.78592834144365e-06,0.0,0.0,-0.0,6299.1171875,0.0,1437.3255615234375,1895.4371337890625,0.0,3484.087890625,0.884937047958374,1.0,0.0,3.0,1.0,0.0
12418620,297.05792236328125,297.1499938964844,293.1499938964844,0.0,-0.0,285.2379455566406,0.7657299637794495,0.2447971552610397,0.2225707322359085,296.9758605957031,297.1499938964844,293.1499938964844,0.0,-0.0,285.2386779785156,0.9470056295394896,0.460102915763855,0.4370804727077484,297.30474853515625,297.1499938964844,293.1499938964844,0.0,-0.0,285.23883056640625,0.9990000128746032,0.6480469107627869,0.3855569660663605,297.05572509765625,297.1499938964844,293.1499938964844,0.0,-0.0,285.2383728027344,0.846956729888916,0.3341413736343384,0.3185462355613708,297.0710754394531,297.1499938964844,293.1499938964844,0.0,-0.0,285.2376708984375,0.7308914065361023,0.2110546678304672,0.960784673690796,285.23858642578125,285.6932373046875,293.5506286621094,290.77813720703125,293.5526733398437,297.14923095703125,285.240478515625,1.0,0.5259366631507874,1.0,1.0,0.0,1.0,-2.7908568382263184,2.7908506393432617,6.262263923417777e-06,2.155600547790528,0.8643591403961182,0.8643591403961182,0.0,124.41986083984376,144.0,43667.1796875,-0.0,1833.8409423828125,1.0,281.2408142089844,284.1954345703125,293.71435546875,296.4922180175781,293.1499938964844,293.1499938964844,281.54998779296875,36778.19921875,36000.0,313.1499938964844,0.0,18000.0,1.0,0.0,0.0,0.0,1.0,0.8933607935905457,1.0,0.0,0.0,3.5269784927368164,3.5270016193389893,8.300398235405737e-07,4.265924453735352,4.265914440155029,9.78592834144365e-06,0.0,0.0,-0.0,6165.76708984375,0.0,1406.1861572265625,1895.4371337890625,0.0,3341.622802734375,0.8783954977989197,1.0,0.0,3.0,1.0,0.0
12418680,297.05792236328125,297.1499938964844,293.1499938964844,0.0,-0.0,285.2379455566406,0.7657299637794495,0.2447971552610397,0.2225707322359085,296.9758605957031,297.1499938964844,293.1499938964844,0.0,-0.0,285.2386779785156,0.9470056295394896,0.460102915763855,0.4370804727077484,297.30474853515625,297.1499938964844,293.1499938964844,0.0,-0.0,285.23883056640625,0.9990000128746032,0.6480469107627869,0.3855569660663605,297.05572509765625,297.1499938964844,293.1499938964844,0.0,-0.0,285.2383728027344,0.846956729888916,0.3341413736343384,0.3185462355613708,297.0710754394531,297.1499938964844,293.1499938964844,0.0,-0.0,285.2376708984375,0.7308914065361023,0.2110546678304672,0.960784673690796,285.23858642578125,285.6932373046875,293.5506286621094,290.77813720703125,293.5526733398437,297.14923095703125,285.240478515625,1.0,0.5259366631507874,1.0,1.0,0.0,1.0,-2.7908568382263184,2.7908506393432617,6.262263923417777e-06,2.155600547790528,0.8643591403961182,0.8643591403961182,0.0,124.41986083984376,144.0,43667.1796875,-0.0,1833.8409423828125,1.0,281.2408142089844,284.1954345703125,293.71435546875,296.4922180175781,293.1499938964844,293.1499938964844,281.54998779296875,36778.19921875,36000.0,313.1499938964844,0.0,18000.0,1.0,0.0,0.0,0.0,1.0,0.8933607935905457,1.0,0.0,0.0,3.5269784927368164,3.5270016193389893,8.300398235405737e-07,4.265924453735352,4.265914440155029,9.78592834144365e-06,0.0,0.0,-0.0,6165.76708984375,0.0,1406.1861572265625,1895.4371337890625,0.0,3341.622802734375,0.8783954977989197,1.0,0.0,3.0,1.0,0.0
12418740,297.06817626953125,297.1499938964844,293.1499938964844,0.0,-0.0,285.4390563964844,0.7564207315444946,0.2446657717227935,0.2226304858922958,296.9902648925781,297.1499938964844,293.1499938964844,0.0,-0.0,285.4399719238281,0.9331516027450562,0.4593543410301208,0.4365444481372833,297.3031616210937,297.1499938964844,293.1499938964844,0.0,-0.0,285.440185546875,0.9990000128746032,0.6498862504959106,0.4002358913421631,297.06622314453125,297.1499938964844,293.1499938964844,0.0,-0.0,285.4396057128906,0.8370359539985657,0.3340077102184295,0.3185856640338897,297.079833984375,297.1499938964844,293.1499938964844,0.0,-0.0,285.438720703125,0.7225828766822815,0.2109413892030716,0.961168885231018,285.4398803710937,285.8197937011719,293.44854736328125,290.7492370605469,293.4505920410156,297.1586608886719,285.4422912597656,1.0,0.5325899720191956,1.0,1.0,0.0,1.0,-2.808420896530152,2.8084146976470947,6.341263997455826e-06,2.169134616851806,0.8600494265556335,0.8600494265556335,0.0,130.7233123779297,162.0,42320.68359375,-0.0,1891.41552734375,1.0,281.54052734375,284.4249572753906,293.6937255859375,296.3855895996094,293.1499938964844,293.1499938964844,281.8500061035156,36698.1875,36000.0,313.1499938964844,0.0,18000.0,1.0,0.0,0.0,0.0,1.0,0.8797631859779358,1.0,0.0,0.0,3.500551462173462,3.500574350357056,8.176477308552421e-07,4.265924453735352,4.265914440155029,9.78592834144365e-06,0.0,0.0,-0.0,6052.31640625,0.0,1378.1793212890625,1895.4371337890625,0.0,3214.361328125,0.8724684715270996,1.0,0.0,3.0,1.0,0.0
12418800,297.06817626953125,297.1499938964844,293.1499938964844,0.0,-0.0,285.4390563964844,0.7564207315444946,0.2446657717227935,0.2226304858922958,296.9902648925781,297.1499938964844,293.1499938964844,0.0,-0.0,285.4399719238281,0.9331516027450562,0.4593543410301208,0.4365444481372833,297.3031616210937,297.1499938964844,293.1499938964844,0.0,-0.0,285.440185546875,0.9990000128746032,0.6498862504959106,0.4002358913421631,297.06622314453125,297.1499938964844,293.1499938964844,0.0,-0.0,285.4396057128906,0.8370359539985657,0.3340077102184295,0.3185856640338897,297.079833984375,297.1499938964844,293.1499938964844,0.0,-0.0,285.438720703125,0.7225828766822815,0.2109413892030716,0.961168885231018,285.4398803710937,285.8197937011719,293.44854736328125,290.7492370605469,293.4505920410156,297.1586608886719,285.4422912597656,1.0,0.5325899720191956,1.0,1.0,0.0,1.0,-2.808420896530152,2.8084146976470947,6.341263997455826e-06,2.169134616851806,0.8600494265556335,0.8600494265556335,0.0,130.7233123779297,162.0,42320.68359375,-0.0,1891.41552734375,1.0,281.54052734375,284.4249572753906,293.6937255859375,296.3855895996094,293.1499938964844,293.1499938964844,281.8500061035156,36698.1875,36000.0,313.1499938964844,0.0,18000.0,1.0,0.0,0.0,0.0,1.0,0.8797631859779358,1.0,0.0,0.0,3.500551462173462,3.500574350357056,8.176477308552421e-07,4.265924453735352,4.265914440155029,9.78592834144365e-06,0.0,0.0,-0.0,6052.31640625,0.0,1378.1793212890625,1895.4371337890625,0.0,3214.361328125,0.8724684715270996,1.0,0.0,3.0,1.0,0.0
12418860,297.0783386230469,297.1499938964844,293.1499938964844,0.0,-0.0,285.646240234375,0.7436311841011047,0.2446589320898056,0.2229325175285339,297.0045166015625,297.1499938964844,293.1499938964844,0.0,-0.0,285.6472473144531,0.9134647846221924,0.4587728083133697,0.4363154768943786,297.267578125,297.1499938964844,293.1499938964844,0.0,-0.0,285.6474914550781,0.9990000128746032,0.6482478976249695,0.4226959347724914,297.0771484375,297.1499938964844,293.1499938964844,0.0,-0.0,285.6468200683594,0.8232172131538391,0.3340528607368469,0.3189439177513122,297.088134765625,297.1499938964844,293.1499938964844,0.0,-0.0,285.6458740234375,0.7102481722831726,0.2108925431966781,0.962590217590332,285.6471252441406,285.9447021484375,293.3478088378906,290.7191772460937,293.34979248046875,297.1494140625,285.6497802734375,1.0,0.5430212020874023,1.0,1.0,0.0,1.0,-2.837632417678833,2.8376259803771973,6.474005658674287e-06,2.191759824752808,0.8568920493125916,0.8568920493125916,0.0,140.8784942626953,165.0,41074.14453125,-0.0,1987.07666015625,1.0,281.8403015136719,284.6573486328125,293.6705322265625,296.2850952148437,293.1499938964844,293.1499938964844,282.1499938964844,36586.52734375,36000.0,313.1499938964844,0.0,18000.0,1.0,0.0,0.0,0.0,1.0,0.867560625076294,1.0,0.0,0.0,3.4782581329345703,3.478280544281006,8.072664172686927e-07,4.265924453735352,4.265914440155029,9.78592834144365e-06,0.0,0.0,-0.0,5949.646484375,0.0,1354.54150390625,1895.4371337890625,0.0,3099.9267578125,0.8674370050430298,1.0,0.0,3.0,1.0,0.0
12418920,297.0783386230469,297.1499938964844,293.1499938964844,0.0,-0.0,285.646240234375,0.7436311841011047,0.2446589320898056,0.2229325175285339,297.0045166015625,297.1499938964844,293.1499938964844,0.0,-0.0,285.6472473144531,0.9134647846221924,0.4587728083133697,0.4363154768943786,297.267578125,297.1499938964844,293.1499938964844,0.0,-0.0,285.6474914550781,0.9990000128746032,0.6482478976249695,0.4226959347724914,297.0771484375,297.1499938964844,293.1499938964844,0.0,-0.0,285.6468200683594,0.8232172131538391,0.3340528607368469,0.3189439177513122,297.088134765625,297.1499938964844,293.1499938964844,0.0,-0.0,285.6458740234375,0.7102481722831726,0.2108925431966781,0.962590217590332,285.6471252441406,285.9447021484375,293.3478088378906,290.7191772460937,293.34979248046875,297.1494140625,285.6497802734375,1.0,0.5430212020874023,1.0,1.0,0.0,1.0,-2.837632417678833,2.8376259803771973,6.474005658674287e-06,2.191759824752808,0.8568920493125916,0.8568920493125916,0.0,140.8784942626953,165.0,41074.14453125,-0.0,1987.07666015625,1.0,281.8403015136719,284.6573486328125,293.6705322265625,296.2850952148437,293.1499938964844,293.1499938964844,282.1499938964844,36586.52734375,36000.0,313.1499938964844,0.0,18000.0,1.0,0.0,0.0,0.0,1.0,0.867560625076294,1.0,0.0,0.0,3.4782581329345703,3.478280544281006,8.072664172686927e-07,4.265924453735352,4.265914440155029,9.78592834144365e-06,0.0,0.0,-0.0,5949.646484375,0.0,1354.54150390625,1895.4371337890625,0.0,3099.9267578125,0.8674370050430298,1.0,0.0,3.0,1.0,0.0
12418980,297.08795166015625,297.1499938964844,293.1499938964844,0.0,-0.0,285.84552001953125,0.7347813844680786,0.2447254806756973,0.2232511490583419,297.017822265625,297.1499938964844,293.1499938964844,0.0,-0.0,285.8463134765625,0.9003432393074036,0.4582791030406952,0.4361186623573303,297.2195739746094,297.1499938964844,293.1499938964844,0.0,-0.0,285.8465270996094,0.9990000128746032,0.6448649168014526,0.4398817718029022,297.0875549316406,297.1499938964844,293.1499938964844,0.0,-0.0,285.8459777832031,0.813239574432373,0.334184467792511,0.3193371891975403,297.0952453613281,297.1499938964844,293.1499938964844,0.0,-0.0,285.84521484375,0.7006568312644958,0.2108309268951416,0.9636908173561096,285.8462219238281,286.0675964355469,293.24871826171875,290.6878662109375,293.2506408691406,297.1327514648437,285.8481750488281,1.0,0.5507045388221741,1.0,1.0,0.0,1.0,-2.8602445125579834,2.860237836837769,6.578314696525922e-06,2.2095489501953125,0.8547274470329285,0.8547274470329285,0.0,149.01431274414062,168.0,39763.63671875,-0.0,2063.724365234375,1.0,282.1401062011719,284.8818359375,293.6423645019531,296.18048095703125,293.1499938964844,293.1499938964844,282.45001220703125,36463.8046875,36000.0,313.1499938964844,0.0,18000.0,1.0,0.0,0.0,0.0,1.0,0.8560222387313843,1.0,0.0,0.0,3.4606480598449707,3.460670232772827,7.991129109541362e-07,4.265924453735352,4.265914440155029,9.78592834144365e-06,0.0,0.0,-0.0,5846.0302734375,0.0,1335.8226318359375,1895.4371337890625,0.0,2991.704833984375,0.8634341955184937,1.0,0.0,3.0,1.0,0.0
12419040,297.08795166015625,297.1499938964844,293.1499938964844,0.0,-0.0,285.84552001953125,0.7347813844680786,0.2447254806756973,0.2232511490583419,297.017822265625,297.1499938964844,293.1499938964844,0.0,-0.0,285.8463134765625,0.9003432393074036,0.4582791030406952,0.4361186623573303,297.2195739746094,297.1499938964844,293.1499938964844,0.0,-0.0,285.8465270996094,0.9990000128746032,0.6448649168014526,0.4398817718029022,297.0875549316406,297.1499938964844,293.1499938964844,0.0,-0.0,285.8459777832031,0.813239574432373,0.334184467792511,0.3193371891975403,297.0952453613281,297.1499938964844,293.1499938964844,0.0,-0.0,285.84521484375,0.7006568312644958,0.2108309268951416,0.9636908173561096,285.8462219238281,286.0675964355469,293.24871826171875,290.6878662109375,293.2506408691406,297.1327514648437,285.8481750488281,1.0,0.5507045388221741,1.0,1.0,0.0,1.0,-2.8602445125579834,2.860237836837769,6.578314696525922e-06,2.2095489501953125,0.8547274470329285,0.8547274470329285,0.0,149.01431274414062,168.0,39763.63671875,-0.0,2063.724365234375,1.0,282.1401062011719,284.8818359375,293.6423645019531,296.18048095703125,293.1499938964844,293.1499938964844,282.45001220703125,36463.8046875,36000.0,313.1499938964844,0.0,18000.0,1.0,0.0,0.0,0.0,1.0,0.8560222387313843,1.0,0.0,0.0,3.4606480598449707,3.460670232772827,7.991129109541362e-07,4.265924453735352,4.265914440155029,9.78592834144365e-06,0.0,0.0,-0.0,5846.0302734375,0.0,1335.8226318359375,1895.4371337890625,0.0,2991.704833984375,0.8634341955184937,1.0,0.0,3.0,1.0,0.0
12419100,297.0923156738281,297.1499938964844,293.1499938964844,0.0,-0.0,285.97772216796875,0.7313398122787476,0.2447584122419357,0.2233747988939285,297.0239562988281,297.1499938964844,293.1499938964844,0.0,-0.0,285.98150634765625,0.8953818678855896,0.4580405652523041,0.4359844326972961,297.197998046875,297.1499938964844,293.1499938964844,0.0,-0.0,285.982666015625,0.9990000128746032,0.6431838870048523,0.4468703866004944,297.0923156738281,297.1499938964844,293.1499938964844,0.0,-0.0,285.9799194335937,0.8092001080513,0.3342549800872803,0.3195032477378845,297.098388671875,297.1499938964844,293.1499938964844,0.0,-0.0,285.9763488769531,0.6968370079994202,0.2107924968004226,0.9640401005744934,285.9811706542969,286.128173828125,293.1998596191406,290.6717224121094,293.2017822265625,297.1259460449219,285.990478515625,1.0,0.5539059638977051,1.0,1.0,0.0,1.0,-2.869252920150757,2.869246244430542,6.620035946980352e-06,2.2166061401367188,0.8544400930404663,0.8544400930404663,0.0,152.4007568359375,168.0,38609.96484375,-0.0,2095.289306640625,1.0,282.3932189941406,285.04443359375,293.6024475097656,296.0287475585937,293.1499938964844,293.1499938964844,282.45001220703125,36391.078125,36000.0,313.1499938964844,0.0,18000.0,1.0,0.0,0.0,0.0,1.0,0.8479695320129395,1.0,0.0,0.0,3.453298091888428,3.453320264816284,7.957221441756701e-07,4.265924453735352,4.265914440155029,9.78592834144365e-06,0.0,0.0,-0.0,5980.9287109375,0.0,1327.909912109375,1895.4371337890625,0.0,2916.256591796875,0.8617860078811646,1.0,0.0,3.0,1.0,0.0
12419160,297.0966796875,297.1499938964844,293.1499938964844,0.0,-0.0,286.0331420898437,0.7277304530143738,0.2448244839906692,0.2235765159130096,297.0301513671875,297.1499938964844,293.1499938964844,0.0,-0.0,286.03369140625,0.8901654481887817,0.4578537046909332,0.4359565079212188,297.1805725097656,297.1499938964844,293.1499938964844,0.0,-0.0,286.03387451171875,0.9974682927131652,0.6417753100395203,0.4496824741363525,297.0970764160156,297.1499938964844,293.1499938964844,0.0,-0.0,286.0334777832031,0.8047943115234375,0.3343586921691894,0.3197474479675293,297.1015319824219,297.1499938964844,293.1499938964844,0.0,-0.0,286.0329284667969,0.6927983164787292,0.2107740342617035,0.9646352529525756,286.0336608886719,286.1881103515625,293.1515197753906,290.6552124023437,293.1534118652344,297.12164306640625,286.03485107421875,1.0,0.5566080808639526,1.0,1.0,0.0,1.0,-2.873847723007202,2.873841047286988,6.641860181844095e-06,2.220426082611084,0.8533858060836792,0.8533858060836792,0.0,155.9652862548828,171.0,38369.66015625,-0.0,2120.46826171875,1.0,282.4400329589844,285.0965881347656,293.607666015625,296.06475830078125,293.1499938964844,293.1499938964844,282.75,36344.59765625,36000.0,313.1499938964844,0.0,18000.0,1.0,0.0,0.0,0.0,1.0,0.8440299034118652,1.0,0.0,0.0,3.447518348693848,3.447540521621704,7.930607921480259e-07,4.265924453735352,4.265914440155029,9.78592834144365e-06,0.0,0.0,-0.0,5739.22119140625,0.0,1321.78515625,1895.4371337890625,0.0,2879.388427734375,0.860427737236023,1.0,0.0,3.0,1.0,0.0
12419220,297.10406494140625,297.1499938964844,293.1499938964844,0.0,-0.0,286.20458984375,0.7210513949394226,0.244895800948143,0.22388756275177,297.04119873046875,297.1499938964844,293.1499938964844,0.0,-0.0,286.2050476074219,0.8806716203689575,0.4574539065361023,0.4358286559581756,297.1697998046875,297.1499938964844,293.1499938964844,0.0,-0.0,286.2052001953125,0.9891443848609924,0.6410415768623352,0.4488998055458069,297.10528564453125,297.1499938964844,293.1499938964844,0.0,-0.0,286.2048645019531,0.7966183423995972,0.3345190584659576,0.3201554417610168,297.1069641113281,297.1499938964844,293.1499938964844,0.0,-0.0,286.20440673828125,0.6854007244110107,0.2107088565826416,0.9655453562736512,286.2050170898437,286.30584716796875,293.0565795898437,290.62115478515625,293.05841064453125,297.1220092773437,286.2060546875,1.0,0.5606580376625061,1.0,1.0,0.0,1.0,-2.874731063842773,2.8747243881225586,6.646078418270918e-06,2.2211689949035645,0.8526576161384583,0.8526576161384583,0.0,162.49343872070312,174.0,36865.0078125,-0.0,2153.94677734375,1.0,282.7398376464844,285.299072265625,293.5677795410156,295.9361877441406,293.1499938964844,293.1499938964844,283.04998779296875,36240.57421875,36000.0,313.1499938964844,0.0,18000.0,1.0,0.0,0.0,0.0,1.0,0.830823540687561,1.0,0.0,0.0,3.4383506774902344,3.438372611999512,7.888485242801835e-07,4.265924453735352,4.265914440155029,9.78592834144365e-06,0.0,0.0,-0.0,5627.056640625,0.0,1311.895751953125,1895.4371337890625,0.0,2756.113525390625,0.8583114743232727,1.0,0.0,3.0,1.0,0.0
12419280,297.10406494140625,297.1499938964844,293.1499938964844,0.0,-0.0,286.20458984375,0.7210513949394226,0.244895800948143,0.22388756275177,297.04119873046875,297.1499938964844,293.1499938964844,0.0,-0.0,286.2050476074219,0.8806716203689575,0.4574539065361023,0.4358286559581756,297.1697998046875,297.1499938964844,293.1499938964844,0.0,-0.0,286.2052001953125,0.9891443848609924,0.6410415768623352,0.4488998055458069,297.10528564453125,297.1499938964844,293.1499938964844,0.0,-0.0,286.2048645019531,0.7966183423995972,0.3345190584659576,0.3201554417610168,297.1069641113281,297.1499938964844,293.1499938964844,0.0,-0.0,286.20440673828125,0.6854007244110107,0.2107088565826416,0.9655453562736512,286.2050170898437,286.30584716796875,293.0565795898437,290.62115478515625,293.05841064453125,297.1220092773437,286.2060546875,1.0,0.5606580376625061,1.0,1.0,0.0,1.0,-2.874731063842773,2.8747243881225586,6.646078418270918e-06,2.2211689949035645,0.8526576161384583,0.8526576161384583,0.0,162.49343872070312,174.0,36865.0078125,-0.0,2153.94677734375,1.0,282.7398376464844,285.299072265625,293.5677795410156,295.9361877441406,293.1499938964844,293.1499938964844,283.04998779296875,36240.57421875,36000.0,313.1499938964844,0.0,18000.0,1.0,0.0,0.0,0.0,1.0,0.830823540687561,1.0,0.0,0.0,3.4383506774902344,3.438372611999512,7.888485242801835e-07,4.265924453735352,4.265914440155029,9.78592834144365e-06,0.0,0.0,-0.0,5627.056640625,0.0,1311.895751953125,1895.4371337890625,0.0,2756.113525390625,0.8583114743232727,1.0,0.0,3.0,1.0,0.0
12419340,297.1107788085937,297.1499938964844,293.1499938964844,0.0,-0.0,286.3736267089844,0.7163486480712891,0.2449940592050552,0.2241463661193847,297.0517578125,297.1499938964844,293.1499938964844,0.0,-0.0,286.3740539550781,0.8741180896759033,0.4571445286273956,0.4357007145881653,297.173583984375,297.1499938964844,293.1499938964844,0.0,-0.0,286.37420654296875,0.983430564403534,0.6416677832603455,0.4493089020252228,297.1127624511719,297.1499938964844,293.1499938964844,0.0,-0.0,286.3738708496094,0.7910048961639404,0.3347108662128448,0.3205154240131378,297.11212158203125,297.1499938964844,293.1499938964844,0.0,-0.0,286.3734436035156,0.6803091764450073,0.2106873542070388,0.9662905931472778,286.3740234375,286.42047119140625,292.9641418457031,290.5856018066406,292.9659118652344,297.12664794921875,286.375,1.0,0.5638410449028015,1.0,1.0,0.0,1.0,-2.8767077922821045,2.8767011165618896,6.655381639575353e-06,2.2227675914764404,0.8526561260223389,0.8526561260223389,0.0,167.35714721679688,177.0,35368.72265625,-0.0,2181.16552734375,1.0,283.03973388671875,285.4989624023437,293.5260314941406,295.803955078125,293.1499938964844,293.1499938964844,283.1499938964844,36138.45703125,35280.0,313.1499938964844,0.0,18000.0,1.0,0.0,0.0,0.0,1.0,0.8162543177604675,1.0,0.0,0.0,3.432997226715088,3.433019161224365,7.863939686103549e-07,4.265924453735352,4.265914440155029,9.78592834144365e-06,0.0,0.0,-0.0,5696.2470703125,0.0,1305.852294921875,1895.4371337890625,0.0,2620.90380859375,0.8550439476966858,1.0,0.0,3.0,1.0,0.0
12419400,297.1107788085937,297.1499938964844,293.1499938964844,0.0,-0.0,286.3736267089844,0.7163486480712891,0.2449940592050552,0.2241463661193847,297.0517578125,297.1499938964844,293.1499938964844,0.0,-0.0,286.3740539550781,0.8741180896759033,0.4571445286273956,0.4357007145881653,297.173583984375,297.1499938964844,293.1499938964844,0.0,-0.0,286.37420654296875,0.983430564403534,0.6416677832603455,0.4493089020252228,297.1127624511719,297.1499938964844,293.1499938964844,0.0,-0.0,286.3738708496094,0.7910048961639404,0.3347108662128448,0.3205154240131378,297.11212158203125,297.1499938964844,293.1499938964844,0.0,-0.0,286.3734436035156,0.6803091764450073,0.2106873542070388,0.9662905931472778,286.3740234375,286.42047119140625,292.9641418457031,290.5856018066406,292.9659118652344,297.12664794921875,286.375,1.0,0.5638410449028015,1.0,1.0,0.0,1.0,-2.8767077922821045,2.8767011165618896,6.655381639575353e-06,2.2227675914764404,0.8526561260223389,0.8526561260223389,0.0,167.35714721679688,177.0,35368.72265625,-0.0,2181.16552734375,1.0,283.03973388671875,285.4989624023437,293.5260314941406,295.803955078125,293.1499938964844,293.1499938964844,283.1499938964844,36138.45703125,35280.0,313.1499938964844,0.0,18000.0,1.0,0.0,0.0,0.0,1.0,0.8162543177604675,1.0,0.0,0.0,3.432997226715088,3.433019161224365,7.863939686103549e-07,4.265924453735352,4.265914440155029,9.78592834144365e-06,0.0,0.0,-0.0,5696.2470703125,0.0,1305.852294921875,1895.4371337890625,0.0,2620.90380859375,0.8550439476966858,1.0,0.0,3.0,1.0,0.0
12419460,297.1131896972656,297.1499938964844,293.1499938964844,0.0,-0.0,286.4329528808594,0.7120800018310547,0.2447448521852493,0.2241952866315841,297.05731201171875,297.1499938964844,293.1499938964844,0.0,-0.0,286.4329833984375,0.8685025572776794,0.4564676582813263,0.4353658556938171,297.1739501953125,297.1499938964844,293.1499938964844,0.0,-0.0,286.4329833984375,0.9784200191497804,0.6420101523399353,0.4497852921485901,297.1160888671875,297.1499938964844,293.1499938964844,0.0,-0.0,286.4329833984375,0.7861641645431519,0.33458012342453,0.3206720948219299,297.1146240234375,297.1499938964844,293.1499938964844,0.0,-0.0,286.4329528808594,0.67592453956604,0.2104650139808654,0.9664413332939148,286.4329833984375,286.5316162109375,292.87451171875,290.54852294921875,292.876220703125,297.1285095214844,286.4329528808594,1.0,0.5664659142494202,1.0,1.0,0.0,1.0,-2.877310276031494,2.87730360031128,6.6584393607627135e-06,2.223353624343872,0.8511090874671936,0.8511090874671936,0.0,171.6021728515625,180.0,34635.171875,-0.0,2203.021484375,1.0,283.14630126953125,285.5738220214844,293.5202941894531,295.77520751953125,293.1499938964844,293.1499938964844,283.1499938964844,35780.6015625,34200.0,313.1499938964844,0.0,18000.0,1.0,0.0,0.0,0.0,1.0,0.8101921081542969,1.0,0.0,0.0,3.408651351928711,3.408673048019409,7.752797728244332e-07,4.265924453735352,4.265914440155029,9.78592834144365e-06,0.0,0.0,-0.0,5744.60888671875,0.0,1279.3349609375,1895.4371337890625,0.0,2564.96240234375,0.8479949235916138,1.0,0.0,3.0,1.0,0.0
12419520,297.1131896972656,297.1499938964844,293.1499938964844,0.0,-0.0,286.4329528808594,0.7120800018310547,0.2447448521852493,0.2241952866315841,297.05731201171875,297.1499938964844,293.1499938964844,0.0,-0.0,286.4329833984375,0.8685025572776794,0.4564676582813263,0.4353658556938171,297.1739501953125,297.1499938964844,293.1499938964844,0.0,-0.0,286.4329833984375,0.9784200191497804,0.6420101523399353,0.4497852921485901,297.1160888671875,297.1499938964844,293.1499938964844,0.0,-0.0,286.4329833984375,0.7861641645431519,0.33458012342453,0.3206720948219299,297.1146240234375,297.1499938964844,293.1499938964844,0.0,-0.0,286.4329528808594,0.67592453956604,0.2104650139808654,0.9664413332939148,286.4329833984375,286.5316162109375,292.87451171875,290.54852294921875,292.876220703125,297.1285095214844,286.4329528808594,1.0,0.5664659142494202,1.0,1.0,0.0,1.0,-2.877310276031494,2.87730360031128,6.6584393607627135e-06,2.223353624343872,0.8511090874671936,0.8511090874671936,0.0,171.6021728515625,180.0,34635.171875,-0.0,2203.021484375,1.0,283.14630126953125,285.5738220214844,293.5202941894531,295.77520751953125,293.1499938964844,293.1499938964844,283.1499938964844,35780.6015625,34200.0,313.1499938964844,0.0,18000.0,1.0,0.0,0.0,0.0,1.0,0.8101921081542969,1.0,0.0,0.0,3.408651351928711,3.408673048019409,7.752797728244332e-07,4.265924453735352,4.265914440155029,9.78592834144365e-06,0.0,0.0,-0.0,5744.60888671875,0.0,1279.3349609375,1895.4371337890625,0.0,2564.96240234375,0.8479949235916138,1.0,0.0,3.0,1.0,0.0
12419580,297.1098327636719,297.1499938964844,293.1499938964844,0.0,-0.0,286.4328918457031,0.7071387767791748,0.2439456284046173,0.2237686514854431,297.0557556152344,297.1499938964844,293.1499938964844,0.0,-0.0,286.4327392578125,0.8626216650009155,0.4551448225975036,0.4344532191753387,297.1658935546875,297.1499938964844,293.1499938964844,0.0,-0.0,286.43267822265625,0.9728395938873292,0.6415049433708191,0.4497161507606506,297.1135559082031,297.1499938964844,293.1499938964844,0.0,-0.0,286.43280029296875,0.7809838056564331,0.3339007496833801,0.3203396499156952,297.11297607421875,297.1499938964844,293.1499938964844,0.0,-0.0,286.4329528808594,0.671218991279602,0.2098519802093505,0.9649820327758788,286.4327392578125,286.638916015625,292.7879638671875,290.50982666015625,292.7896423339844,297.124755859375,286.4322814941406,1.0,0.5685087442398071,1.0,1.0,0.0,1.0,-2.8734688758850098,2.873462200164795,6.640935680479743e-06,2.220503091812134,0.847667396068573,0.847667396068573,0.0,175.8131561279297,183.0,34238.8515625,-0.0,2217.068603515625,1.0,283.1498718261719,285.5829162597656,293.50445556640625,295.75439453125,293.1499938964844,293.1499938964844,283.1499938964844,35183.4140625,33120.0,313.1499938964844,0.0,18000.0,1.0,0.0,0.0,0.0,1.0,0.8096631765365601,1.0,0.0,0.0,3.3633005619049072,3.363321781158448,7.547874929514364e-07,4.265924453735352,4.265914440155029,9.78592834144365e-06,0.0,0.0,-0.0,5719.46337890625,0.0,1231.351318359375,1895.4371337890625,0.0,2560.092041015625,0.8369082808494568,1.0,0.0,3.0,1.0,0.0
12419640,297.1098327636719,297.1499938964844,293.1499938964844,0.0,-0.0,286.4328918457031,0.7071387767791748,0.2439456284046173,0.2237686514854431,297.0557556152344,297.1499938964844,293.1499938964844,0.0,-0.0,286.4327392578125,0.8626216650009155,0.4551448225975036,0.4344532191753387,297.1658935546875,297.1499938964844,293.1499938964844,0.0,-0.0,286.43267822265625,0.9728395938873292,0.6415049433708191,0.4497161507606506,297.1135559082031,297.1499938964844,293.1499938964844,0.0,-0.0,286.43280029296875,0.7809838056564331,0.3339007496833801,0.3203396499156952,297.11297607421875,297.1499938964844,293.1499938964844,0.0,-0.0,286.4329528808594,0.671218991279602,0.2098519802093505,0.9649820327758788,286.4327392578125,286.638916015625,292.7879638671875,290.50982666015625,292.7896423339844,297.124755859375,286.4322814941406,1.0,0.5685087442398071,1.0,1.0,0.0,1.0,-2.8734688758850098,2.873462200164795,6.640935680479743e-06,2.220503091812134,0.847667396068573,0.847667396068573,0.0,175.8131561279297,183.0,34238.8515625,-0.0,2217.068603515625,1.0,283.1498718261719,285.5829162597656,293.50445556640625,295.75439453125,293.1499938964844,293.1499938964844,283.1499938964844,35183.4140625,33120.0,313.1499938964844,0.0,18000.0,1.0,0.0,0.0,0.0,1.0,0.8096631765365601,1.0,0.0,0.0,3.3633005619049072,3.363321781158448,7.547874929514364e-07,4.265924453735352,4.265914440155029,9.78592834144365e-06,0.0,0.0,-0.0,5719.46337890625,0.0,1231.351318359375,1895.4371337890625,0.0,2560.092041015625,0.8369082808494568,1.0,0.0,3.0,1.0,0.0
12419700,297.1068420410156,297.1499938964844,293.1499938964844,0.0,-0.0,286.4347839355469,0.7044758796691895,0.2433972805738449,0.2233972698450088,297.0532531738281,297.1499938964844,293.1499938964844,0.0,-0.0,286.4347839355469,0.8596155643463135,0.4543026089668274,0.4337973594665527,297.15997314453125,297.1499938964844,293.1499938964844,0.0,-0.0,286.4347839355469,0.9698520302772522,0.6410245299339294,0.4494910538196563,297.1108093261719,297.1499938964844,293.1499938964844,0.0,-0.0,286.4347839355469,0.7782939672470093,0.3333982229232788,0.3199984729290008,297.1109313964844,297.1499938964844,293.1499938964844,0.0,-0.0,286.4347839355469,0.6687604784965515,0.2094186693429947,0.9636273384094238,286.4347839355469,286.6910095214844,292.7459716796875,290.4898681640625,292.7475891113281,297.1214599609375,286.4346618652344,1.0,0.5693161487579346,1.0,1.0,0.0,1.0,-2.869926929473877,2.869920253753662,6.62467255096999e-06,2.2178099155426025,0.8454586267471313,0.8454586267471313,0.0,177.89468383789062,183.0,33986.671875,-0.0,2221.17138671875,1.0,283.14996337890625,285.5902404785156,293.48516845703125,295.72467041015625,293.1499938964844,293.1499938964844,283.1499938964844,34676.47265625,33120.0,313.1499938964844,0.0,18000.0,1.0,0.0,0.0,0.0,1.0,0.8092731833457947,1.0,0.0,0.0,3.32785964012146,3.327880382537842,7.389640472865722e-07,4.265924453735352,4.265914440155029,9.78592834144365e-06,0.0,0.0,-0.0,5698.2294921875,0.0,1194.406982421875,1895.4371337890625,0.0,2556.501953125,0.8311089873313904,1.0,0.0,3.0,1.0,0.0
12419760,297.1034240722656,297.1499938964844,293.1499938964844,0.0,-0.0,286.4324645996094,0.7018121480941772,0.2427888959646225,0.222962737083435,297.0501708984375,297.1499938964844,293.1499938964844,0.0,-0.0,286.4323425292969,0.8566637635231018,0.4533849656581878,0.4330596625804901,297.15350341796875,297.1499938964844,293.1499938964844,0.0,-0.0,286.43231201171875,0.9668399691581726,0.6404519081115723,0.4491936266422272,297.1074523925781,297.1499938964844,293.1499938964844,0.0,-0.0,286.4324035644531,0.7756306529045105,0.3328224718570709,0.3195789456367492,297.1084289550781,297.1499938964844,293.1499938964844,0.0,-0.0,286.4324951171875,0.6663129925727844,0.2089243531227111,0.9619653820991516,286.432373046875,286.7419738769531,292.7048645019531,290.4694519042969,292.7064514160156,297.1177062988281,286.4320373535156,1.0,0.5700017213821411,1.0,1.0,0.0,1.0,-2.8656601905822754,2.8656535148620605,6.6050683926732745e-06,2.214548349380493,0.8428574800491333,0.8428574800491333,0.0,179.91847229003906,186.0,33772.93359375,-0.0,2223.733154296875,1.0,283.1499938964844,285.5924377441406,293.4626770019531,295.691162109375,293.1499938964844,293.1499938964844,283.1499938964844,34460.171875,32040.0,313.1499938964844,0.0,18000.0,1.0,0.0,0.0,0.0,1.0,0.8084962964057922,1.0,0.0,0.0,3.304422378540039,3.304442882537842,7.28592056020716e-07,4.265924453735352,4.265914440155029,9.78592834144365e-06,0.0,0.0,-0.0,5679.3798828125,0.0,1171.1802978515625,1895.4371337890625,0.0,2549.3525390625,0.8227102756500244,1.0,0.0,3.0,1.0,0.0
12419820,297.0993957519531,297.1499938964844,293.1499938964844,0.0,-0.0,286.4362487792969,0.6988557577133179,0.2420611828565597,0.2224194556474685,297.0463256835937,297.1499938964844,293.1499938964844,0.0,-0.0,286.436279296875,0.8534426689147949,0.4522978365421295,0.432158887386322,297.1460266113281,297.1499938964844,293.1499938964844,0.0,-0.0,286.4363098144531,0.963464617729187,0.6397396326065063,0.4487932026386261,297.1033630371094,297.1499938964844,293.1499938964844,0.0,-0.0,286.436279296875,0.7727023363113403,0.3321159183979034,0.3190353512763977,297.1052551269531,297.1499938964844,293.1499938964844,0.0,-0.0,286.4362487792969,0.6636078357696533,0.2083164751529693,0.959806263446808,286.436279296875,286.7977294921875,292.659912109375,290.44610595703125,292.6614685058594,297.1131896972656,286.436279296875,1.0,0.5706454515457153,1.0,1.0,0.0,1.0,-2.8601958751678467,2.860189199447632,6.579972705367254e-06,2.210356950759888,0.8396618366241455,0.8396618366241455,0.0,182.113525390625,186.0,33458.51171875,-0.0,2225.0625,1.0,283.1499938964844,285.6022033691406,293.434814453125,295.6461181640625,293.1499938964844,293.1499938964844,283.1499938964844,33873.31640625,32040.0,313.1499938964844,0.0,18000.0,1.0,0.0,0.0,0.0,1.0,0.8070446848869324,1.0,0.0,0.0,3.259869337081909,3.2598893642425537,7.090774829521251e-07,4.265924453735352,4.265914440155029,9.78592834144365e-06,0.0,0.0,-0.0,5652.15478515625,0.0,1126.6895751953125,1895.4371337890625,0.0,2536.0048828125,0.8148151636123657,1.0,0.0,3.0,1.0,0.0
12419880,297.0961608886719,297.1499938964844,293.1499938964844,0.0,-0.0,286.4356689453125,0.6965808272361755,0.2414627522230148,0.2219662964344024,297.0431213378906,297.1499938964844,293.1499938964844,0.0,-0.0,286.4356384277344,0.8509968519210815,0.4514089822769165,0.4314158856868744,297.1400756835937,297.1499938964844,293.1499938964844,0.0,-0.0,286.43560791015625,0.9608434438705444,0.6391358375549316,0.4484480023384094,297.0999450683594,297.1499938964844,293.1499938964844,0.0,-0.0,286.4356384277344,0.7704657316207886,0.3315240740776062,0.3185701668262481,297.1025695800781,297.1499938964844,293.1499938964844,0.0,-0.0,286.4356994628906,0.6615317463874817,0.2078062295913696,0.9579457640647888,286.4356384277344,286.8404541015625,292.6254272460937,290.4273986816406,292.626953125,297.1095275878906,286.4354553222656,1.0,0.5710744261741638,1.0,1.0,0.0,1.0,-2.855548620223999,2.855541944503784,6.558654604305048e-06,2.2067863941192627,0.8368358612060547,0.8368358612060547,0.0,183.77828979492188,189.0,33245.64453125,-0.0,2225.200439453125,1.0,283.1499938964844,285.6055603027344,293.4129333496094,295.6113586425781,293.1499938964844,293.1499938964844,283.1499938964844,33656.9921875,30960.0,313.1499938964844,0.0,18000.0,1.0,0.0,0.0,0.0,1.0,0.8055887818336487,1.0,0.0,0.0,3.2350494861602783,3.235069274902344,6.983211164879322e-07,4.265924453735352,4.265914440155029,9.78592834144365e-06,0.0,0.0,-0.0,5633.57421875,0.0,1103.122802734375,1895.4371337890625,0.0,2522.631103515625,0.8061144351959229,1.0,0.0,3.0,1.0,0.0
12419940,297.08892822265625,297.1499938964844,293.1499938964844,0.0,-0.0,286.4427490234375,0.6915582418441772,0.2400477826595306,0.2208692282438278,297.03582763671875,297.1499938964844,293.1499938964844,0.0,-0.0,286.4427490234375,0.8456856608390808,0.4493164718151092,0.4296367466449737,297.1268615722656,297.1499938964844,293.1499938964844,0.0,-0.0,286.4427490234375,0.9549790024757384,0.6376708745956421,0.447578877210617,297.0921325683594,297.1499938964844,293.1499938964844,0.0,-0.0,286.4427490234375,0.7655770182609558,0.3300964534282684,0.3174147307872772,297.0963134765625,297.1499938964844,293.1499938964844,0.0,-0.0,286.4427490234375,0.656968891620636,0.2065699994564056,0.953292429447174,286.4427490234375,286.9339904785156,292.54998779296875,290.383544921875,292.55145263671875,297.10125732421875,286.4427185058594,1.0,0.5718467831611633,1.0,1.0,0.0,1.0,-2.844066381454468,2.844059944152832,6.506092177005485e-06,2.197947263717652,0.8297205567359924,0.8297205567359924,0.0,187.39747619628903,177.0,32668.5625,-0.0,2223.122802734375,1.0,283.1499938964844,285.6222229003906,293.3624572753906,295.5263366699219,293.1499938964844,293.1499938964844,283.1499938964844,32803.11328125,29880.0,313.1499938964844,0.0,18000.0,1.0,0.0,0.0,0.0,1.0,0.8013073205947876,1.0,0.0,0.0,3.157102346420288,3.157121419906616,6.650749924119737e-07,4.265924453735352,4.265914440155029,9.78592834144365e-06,0.0,0.0,-0.0,5584.8447265625,0.0,1030.1346435546875,1895.4371337890625,0.0,2483.383544921875,0.787575364112854,1.0,0.0,3.0,1.0,0.0
12420000,297.08892822265625,297.1499938964844,293.1499938964844,0.0,-0.0,286.4427490234375,0.6915582418441772,0.2400477826595306,0.2208692282438278,297.03582763671875,297.1499938964844,293.1499938964844,0.0,-0.0,286.4427490234375,0.8456856608390808,0.4493164718151092,0.4296367466449737,297.1268615722656,297.1499938964844,293.1499938964844,0.0,-0.0,286.4427490234375,0.9549790024757384,0.6376708745956421,0.447578877210617,297.0921325683594,297.1499938964844,293.1499938964844,0.0,-0.0,286.4427490234375,0.7655770182609558,0.3300964534282684,0.3174147307872772,297.0963134765625,297.1499938964844,293.1499938964844,0.0,-0.0,286.4427490234375,0.656968891620636,0.2065699994564056,0.953292429447174,286.4427490234375,286.9339904785156,292.54998779296875,290.383544921875,292.55145263671875,297.10125732421875,286.4427185058594,1.0,0.5718467831611633,1.0,1.0,0.0,1.0,-2.844066381454468,2.844059944152832,6.506092177005485e-06,2.197947263717652,0.8297205567359924,0.8297205567359924,0.0,187.39747619628903,177.0,32668.5625,-0.0,2223.122802734375,1.0,283.1499938964844,285.6222229003906,293.3624572753906,295.5263366699219,293.1499938964844,293.1499938964844,283.1499938964844,32803.11328125,29880.0,313.1499938964844,0.0,18000.0,1.0,0.0,0.0,0.0,1.0,0.8013073205947876,1.0,0.0,0.0,3.157102346420288,3.157121419906616,6.650749924119737e-07,4.265924453735352,4.265914440155029,9.78592834144365e-06,0.0,0.0,-0.0,5584.8447265625,0.0,1030.1346435546875,1895.4371337890625,0.0,2483.383544921875,0.787575364112854,1.0,0.0,3.0,1.0,0.0
12420060,297.082275390625,297.1499938964844,293.1499938964844,0.0,-0.0,286.4521484375,0.6921660304069519,0.2385977357625961,0.2194878756999969,297.0288391113281,297.1499938964844,293.1499938964844,0.0,-0.0,286.4521789550781,0.8467223048210144,0.4471617341041565,0.4275352656841278,297.1144104003906,297.1499938964844,293.1499938964844,0.0,-0.0,286.4521789550781,0.957103431224823,0.6361136436462402,0.4464513659477234,297.0845642089844,297.1499938964844,293.1499938964844,0.0,-0.0,286.4521789550781,0.7666084170341492,0.3285953402519226,0.3159253001213074,297.0901794433594,297.1499938964844,293.1499938964844,0.0,-0.0,286.4521484375,0.6574626564979553,0.2052686363458633,0.9470887780189514,286.4521789550781,287.0249328613281,292.4766540527344,290.3375549316406,292.4781188964844,297.09344482421875,286.4521789550781,1.0,0.5679334402084351,1.0,1.0,0.0,1.0,-2.8292829990386963,2.8292765617370605,6.438756372517673e-06,2.186579704284668,0.8215604424476624,0.8215604424476624,0.0,184.5247039794922,165.0,32031.45703125,-0.0,2184.086181640625,1.0,283.1499938964844,285.64117431640625,293.3118591308594,295.4381103515625,293.1499938964844,293.1499938964844,283.1499938964844,31917.8046875,28800.0,313.1499938964844,0.0,18000.0,1.0,0.0,0.0,0.0,1.0,0.7961143255233765,1.0,0.0,0.0,3.071787118911743,3.071805238723755,6.296156698226696e-07,4.265924453735352,4.265914440155029,9.78592834144365e-06,0.0,0.0,-0.0,5532.92333984375,0.0,954.2962036132812,1895.4371337890625,0.0,2435.95361328125,0.767382800579071,1.0,0.0,3.0,1.0,0.0
12420120,297.082275390625,297.1499938964844,293.1499938964844,0.0,-0.0,286.4521484375,0.6921660304069519,0.2385977357625961,0.2194878756999969,297.0288391113281,297.1499938964844,293.1499938964844,0.0,-0.0,286.4521789550781,0.8467223048210144,0.4471617341041565,0.4275352656841278,297.1144104003906,297.1499938964844,293.1499938964844,0.0,-0.0,286.4521789550781,0.957103431224823,0.6361136436462402,0.4464513659477234,297.0845642089844,297.1499938964844,293.1499938964844,0.0,-0.0,286.4521789550781,0.7666084170341492,0.3285953402519226,0.3159253001213074,297.0901794433594,297.1499938964844,293.1499938964844,0.0,-0.0,286.4521484375,0.6574626564979553,0.2052686363458633,0.9470887780189514,286.4521789550781,287.0249328613281,292.4766540527344,290.3375549316406,292.4781188964844,297.09344482421875,286.4521789550781,1.0,0.5679334402084351,1.0,1.0,0.0,1.0,-2.8292829990386963,2.8292765617370605,6.438756372517673e-06,2.186579704284668,0.8215604424476624,0.8215604424476624,0.0,184.5247039794922,165.0,32031.45703125,-0.0,2184.086181640625,1.0,283.1499938964844,285.64117431640625,293.3118591308594,295.4381103515625,293.1499938964844,293.1499938964844,283.1499938964844,31917.8046875,28800.0,313.1499938964844,0.0,18000.0,1.0,0.0,0.0,0.0,1.0,0.7961143255233765,1.0,0.0,0.0,3.071787118911743,3.071805238723755,6.296156698226696e-07,4.265924453735352,4.265914440155029,9.78592834144365e-06,0.0,0.0,-0.0,5532.92333984375,0.0,954.2962036132812,1895.4371337890625,0.0,2435.95361328125,0.767382800579071,1.0,0.0,3.0,1.0,0.0
12420180,297.0765991210937,297.1499938964844,293.1499938964844,0.0,-0.0,286.4638671875,0.6964206695556641,0.2371638268232345,0.2179681211709976,297.0225524902344,297.1499938964844,293.1499938964844,0.0,-0.0,286.46392822265625,0.8518629670143127,0.444988489151001,0.4252556562423706,297.1029663085937,297.1499938964844,293.1499938964844,0.0,-0.0,286.4639587402344,0.9642122387886048,0.6345028281211853,0.4451691508293152,297.0776672363281,297.1499938964844,293.1499938964844,0.0,-0.0,286.4638977050781,0.7714720368385315,0.3270691335201263,0.3142505288124084,297.084716796875,297.1499938964844,293.1499938964844,0.0,-0.0,286.4638366699219,0.6612330675125122,0.203957051038742,0.9400643110275269,286.46392822265625,287.1158752441406,292.4033203125,290.28924560546875,292.4048156738281,297.0865478515625,286.4640197753906,1.0,0.5616239905357361,1.0,1.0,0.0,1.0,-2.812721014022827,2.8127148151397705,6.363635293382686e-06,2.173797845840454,0.8123581409454346,0.8123581409454346,0.0,177.7010498046875,153.0,31343.326171875,-0.0,2123.491943359375,1.0,283.1499938964844,285.6626892089844,293.2597045898437,295.3453063964844,293.1499938964844,293.1499938964844,283.1499938964844,31015.18359375,27720.0,313.1499938964844,0.0,18000.0,1.0,0.0,0.0,0.0,1.0,0.7901685237884521,1.0,0.0,0.0,2.979702472686768,2.979719877243042,5.924329116169247e-07,4.265924453735352,4.265914440155029,9.78592834144365e-06,0.0,0.0,-0.0,5477.89697265625,0.0,877.0208740234375,1895.4371337890625,0.0,2381.8994140625,0.7456913590431213,1.0,0.0,3.0,1.0,0.0
12420240,297.0765991210937,297.1499938964844,293.1499938964844,0.0,-0.0,286.4638671875,0.6964206695556641,0.2371638268232345,0.2179681211709976,297.0225524902344,297.1499938964844,293.1499938964844,0.0,-0.0,286.46392822265625,0.8518629670143127,0.444988489151001,0.4252556562423706,297.1029663085937,297.1499938964844,293.1499938964844,0.0,-0.0,286.4639587402344,0.9642122387886048,0.6345028281211853,0.4451691508293152,297.0776672363281,297.1499938964844,293.1499938964844,0.0,-0.0,286.4638977050781,0.7714720368385315,0.3270691335201263,0.3142505288124084,297.084716796875,297.1499938964844,293.1499938964844,0.0,-0.0,286.4638366699219,0.6612330675125122,0.203957051038742,0.9400643110275269,286.46392822265625,287.1158752441406,292.4033203125,290.28924560546875,292.4048156738281,297.0865478515625,286.4640197753906,1.0,0.5616239905357361,1.0,1.0,0.0,1.0,-2.812721014022827,2.8127148151397705,6.363635293382686e-06,2.173797845840454,0.8123581409454346,0.8123581409454346,0.0,177.7010498046875,153.0,31343.326171875,-0.0,2123.491943359375,1.0,283.1499938964844,285.6626892089844,293.2597045898437,295.3453063964844,293.1499938964844,293.1499938964844,283.1499938964844,31015.18359375,27720.0,313.1499938964844,0.0,18000.0,1.0,0.0,0.0,0.0,1.0,0.7901685237884521,1.0,0.0,0.0,2.979702472686768,2.979719877243042,5.924329116169247e-07,4.265924453735352,4.265914440155029,9.78592834144365e-06,0.0,0.0,-0.0,5477.89697265625,0.0,877.0208740234375,1895.4371337890625,0.0,2381.8994140625,0.7456913590431213,1.0,0.0,3.0,1.0,0.0
12420300,297.0740966796875,297.1499938964844,293.1499938964844,0.0,-0.0,286.4737243652344,0.6995003819465637,0.236454576253891,0.2171810865402221,297.0196838378906,297.1499938964844,293.1499938964844,0.0,-0.0,286.4739685058594,0.855543315410614,0.4438991248607635,0.424076110124588,297.0976257324219,297.1499938964844,293.1499938964844,0.0,-0.0,286.4740600585937,0.9688961505889891,0.6336814761161804,0.4444882273674011,297.07452392578125,297.1499938964844,293.1499938964844,0.0,-0.0,286.473876953125,0.7749324440956116,0.3263009786605835,0.3133719563484192,297.082275390625,297.1499938964844,293.1499938964844,0.0,-0.0,286.4736328125,0.6640058755874634,0.2033029347658157,0.936388909816742,286.47393798828125,287.1613464355469,292.3666687011719,290.2642822265625,292.3681335449219,297.0834350585937,286.4744873046875,1.0,0.5578873157501221,1.0,1.0,0.0,1.0,-2.8040664196014404,2.8040599822998047,6.324542937363731e-06,2.167113304138184,0.8074211478233337,0.8074211478233337,0.0,173.42202758789062,153.0,30951.939453125,-0.0,2088.677734375,1.0,283.1499938964844,285.6779479980469,293.23260498046875,295.2956237792969,293.1499938964844,293.1499938964844,283.1499938964844,30402.349609375,27720.0,313.1499938964844,0.0,18000.0,1.0,0.0,0.0,0.0,1.0,0.786904513835907,1.0,0.0,0.0,2.92384934425354,2.923866033554077,5.704312684429169e-07,4.265924453735352,4.265914440155029,9.78592834144365e-06,0.0,0.0,-0.0,5447.0361328125,0.0,831.851806640625,1895.4371337890625,0.0,2352.34765625,0.7352789044380188,1.0,0.0,3.0,1.0,0.0
12420360,297.0718078613281,297.1499938964844,293.1499938964844,0.0,-0.0,286.4788818359375,0.7031220197677612,0.2357491105794906,0.2163868844509124,297.0169677734375,297.1499938964844,293.1499938964844,0.0,-0.0,286.47900390625,0.8598852157592773,0.4428077340126037,0.4228840172290802,297.0924987792969,297.1499938964844,293.1499938964844,0.0,-0.0,286.47906494140625,0.9741048812866212,0.632846474647522,0.4437934160232544,297.071533203125,297.1499938964844,293.1499938964844,0.0,-0.0,286.4789733886719,0.7789964079856873,0.3255295157432556,0.3124782741069793,297.0799865722656,297.1499938964844,293.1499938964844,0.0,-0.0,286.4788513183594,0.6673058271408081,0.2026509791612625,0.9326583743095398,286.47900390625,287.206787109375,292.3299865722656,290.23876953125,292.3314819335937,297.08056640625,286.4792785644531,1.0,0.5538771748542786,1.0,1.0,0.0,1.0,-2.7952866554260254,2.7952804565429688,6.28500629318296e-06,2.160331010818481,0.8021643161773682,0.8021643161773682,0.0,168.7462158203125,141.0,30611.96484375,-0.0,2051.968017578125,1.0,283.1499938964844,285.6875,293.2056579589844,295.2479553222656,293.1499938964844,293.1499938964844,283.1499938964844,30099.900390625,26640.0,313.1499938964844,0.0,18000.0,1.0,0.0,0.0,0.0,1.0,0.7835115194320679,1.0,0.0,0.0,2.881321668624878,2.881338119506836,5.539579888136359e-07,4.265924453735352,4.265914440155029,9.78592834144365e-06,0.0,0.0,-0.0,5420.3212890625,0.0,799.4783935546875,1895.4371337890625,0.0,2321.724609375,0.7226153016090393,1.0,0.0,3.0,1.0,0.0
12420420,297.0678100585937,297.1499938964844,293.1499938964844,0.0,-0.0,286.49786376953125,0.7117123603820801,0.2343508899211883,0.2147768586874008,297.0120849609375,297.1499938964844,293.1499938964844,0.0,-0.0,286.498046875,0.8704130053520203,0.4406250417232513,0.4204629063606262,297.0829467773437,297.1499938964844,293.1499938964844,0.0,-0.0,286.49810791015625,0.9854971766471864,0.6311488747596741,0.4423533678054809,297.0660705566406,297.1499938964844,293.1499938964844,0.0,-0.0,286.4979553222656,0.7887631058692932,0.3239806294441223,0.3106499910354614,297.07598876953125,297.1499938964844,293.1499938964844,0.0,-0.0,286.497802734375,0.675359845161438,0.2013555467128753,0.9250755906105042,286.4980163574219,287.2977294921875,292.25665283203125,290.18634033203125,292.2581481933594,297.075439453125,286.4984741210937,1.0,0.5452579855918884,1.0,1.0,0.0,1.0,-2.7774009704589844,2.777394771575928,6.204836608958431e-06,2.1465091705322266,0.7910402417182922,0.7910402417182922,0.0,158.5946807861328,129.0,29840.48828125,-0.0,1974.8846435546875,1.0,283.1499938964844,285.71600341796875,293.14971923828125,295.1462707519531,293.1499938964844,293.1499938964844,283.1499938964844,29172.232421875,25560.0,313.1499938964844,0.0,18000.0,1.0,0.0,0.0,0.0,1.0,0.7761563658714294,1.0,0.0,0.0,2.7770299911499023,2.777045488357544,5.145818704477279e-07,4.265924453735352,4.265914440155029,9.78592834144365e-06,0.0,0.0,-0.0,5360.4765625,0.0,722.6680297851562,1895.4371337890625,0.0,2255.699951171875,0.698250949382782,1.0,0.0,3.0,1.0,0.0
12420480,297.0678100585937,297.1499938964844,293.1499938964844,0.0,-0.0,286.49786376953125,0.7117123603820801,0.2343508899211883,0.2147768586874008,297.0120849609375,297.1499938964844,293.1499938964844,0.0,-0.0,286.498046875,0.8704130053520203,0.4406250417232513,0.4204629063606262,297.0829467773437,297.1499938964844,293.1499938964844,0.0,-0.0,286.49810791015625,0.9854971766471864,0.6311488747596741,0.4423533678054809,297.0660705566406,297.1499938964844,293.1499938964844,0.0,-0.0,286.4979553222656,0.7887631058692932,0.3239806294441223,0.3106499910354614,297.07598876953125,297.1499938964844,293.1499938964844,0.0,-0.0,286.497802734375,0.675359845161438,0.2013555467128753,0.9250755906105042,286.4980163574219,287.2977294921875,292.25665283203125,290.18634033203125,292.2581481933594,297.075439453125,286.4984741210937,1.0,0.5452579855918884,1.0,1.0,0.0,1.0,-2.7774009704589844,2.777394771575928,6.204836608958431e-06,2.1465091705322266,0.7910402417182922,0.7910402417182922,0.0,158.5946807861328,129.0,29840.48828125,-0.0,1974.8846435546875,1.0,283.1499938964844,285.71600341796875,293.14971923828125,295.1462707519531,293.1499938964844,293.1499938964844,283.1499938964844,29172.232421875,25560.0,313.1499938964844,0.0,18000.0,1.0,0.0,0.0,0.0,1.0,0.7761563658714294,1.0,0.0,0.0,2.7770299911499023,2.777045488357544,5.145818704477279e-07,4.265924453735352,4.265914440155029,9.78592834144365e-06,0.0,0.0,-0.0,5360.4765625,0.0,722.6680297851562,1895.4371337890625,0.0,2255.699951171875,0.698250949382782,1.0,0.0,3.0,1.0,0.0
12420540,297.0644226074219,297.1499938964844,293.1499938964844,0.0,-0.0,286.521240234375,0.7214561700820923,0.2329668998718261,0.2131547033786773,297.0078125,297.1499938964844,293.1499938964844,0.0,-0.0,286.521484375,0.8834339380264282,0.4384444057941437,0.4180160462856293,297.0743713378906,297.1499938964844,293.1499938964844,0.0,-0.0,286.5215759277344,0.9974831938743592,0.6294285655021667,0.4408745467662811,297.06121826171875,297.1499938964844,293.1499938964844,0.0,-0.0,286.5213928222656,0.8006623983383179,0.3224245607852936,0.308787852525711,297.0725402832031,297.1499938964844,293.1499938964844,0.0,-0.0,286.5211486816406,0.6853468418121338,0.2000701427459716,0.917413055896759,286.5214538574219,287.388671875,292.1833190917969,290.1320495605469,292.1848449707031,297.0711364746094,286.5220947265625,1.0,0.5360810160636902,1.0,1.0,0.0,1.0,-2.759285449981689,2.759279489517212,6.124154424469452e-06,2.1325063705444336,0.7790456414222717,0.7790456414222717,0.0,147.7703399658203,117.0,29030.580078125,-0.0,1895.2076416015625,1.0,283.1499938964844,285.74859619140625,293.0919189453125,295.0403747558594,293.1499938964844,293.1499938964844,283.1499938964844,28232.06640625,24480.0,313.1499938964844,0.0,18000.0,1.0,0.0,0.0,0.0,1.0,0.7680948972702026,1.0,0.0,0.0,2.667264699935913,2.667279005050659,4.747069510813162e-07,4.265924453735352,4.265914440155029,9.78592834144365e-06,0.0,0.0,-0.0,5298.5849609375,0.0,647.5368041992188,1895.4371337890625,0.0,2183.939697265625,0.6727057695388794,1.0,0.0,3.0,1.0,0.0
12420600,297.0644226074219,297.1499938964844,293.1499938964844,0.0,-0.0,286.521240234375,0.7214561700820923,0.2329668998718261,0.2131547033786773,297.0078125,297.1499938964844,293.1499938964844,0.0,-0.0,286.521484375,0.8834339380264282,0.4384444057941437,0.4180160462856293,297.0743713378906,297.1499938964844,293.1499938964844,0.0,-0.0,286.5215759277344,0.9974831938743592,0.6294285655021667,0.4408745467662811,297.06121826171875,297.1499938964844,293.1499938964844,0.0,-0.0,286.5213928222656,0.8006623983383179,0.3224245607852936,0.308787852525711,297.0725402832031,297.1499938964844,293.1499938964844,0.0,-0.0,286.5211486816406,0.6853468418121338,0.2000701427459716,0.917413055896759,286.5214538574219,287.388671875,292.1833190917969,290.1320495605469,292.1848449707031,297.0711364746094,286.5220947265625,1.0,0.5360810160636902,1.0,1.0,0.0,1.0,-2.759285449981689,2.759279489517212,6.124154424469452e-06,2.1325063705444336,0.7790456414222717,0.7790456414222717,0.0,147.7703399658203,117.0,29030.580078125,-0.0,1895.2076416015625,1.0,283.1499938964844,285.74859619140625,293.0919189453125,295.0403747558594,293.1499938964844,293.1499938964844,283.1499938964844,28232.06640625,24480.0,313.1499938964844,0.0,18000.0,1.0,0.0,0.0,0.0,1.0,0.7680948972702026,1.0,0.0,0.0,2.667264699935913,2.667279005050659,4.747069510813162e-07,4.265924453735352,4.265914440155029,9.78592834144365e-06,0.0,0.0,-0.0,5298.5849609375,0.0,647.5368041992188,1895.4371337890625,0.0,2183.939697265625,0.6727057695388794,1.0,0.0,3.0,1.0,0.0
12420660,297.0610046386719,297.1499938964844,293.1499938964844,0.0,-0.0,286.54156494140625,0.729686439037323,0.231537640094757,0.2115874588489532,297.0035400390625,297.1499938964844,293.1499938964844,0.0,-0.0,286.54168701171875,0.895084023475647,0.4362106323242187,0.4156201481819153,297.0808410644531,297.1499938964844,293.1499938964844,0.0,-0.0,286.5417175292969,0.9990000128746032,0.6290874481201172,0.426414430141449,297.05633544921875,297.1499938964844,293.1499938964844,0.0,-0.0,286.5416259765625,0.8110231757164001,0.320808082818985,0.3069676756858825,297.0691223144531,297.1499938964844,293.1499938964844,0.0,-0.0,286.54150390625,0.6941661834716797,0.1987425535917282,0.9100211262702942,286.5416564941406,287.4796142578125,292.1099853515625,290.0761413574219,292.11151123046875,297.0692443847656,286.5417785644531,1.0,0.5257074236869812,1.0,1.0,0.0,1.0,-2.726073980331421,2.726068019866944,5.978009085083613e-06,2.107023239135742,0.7661061882972717,0.7661061882972717,0.0,138.3763427734375,105.0,28104.08984375,-0.0,1800.2579345703125,1.0,283.1499938964844,285.7795104980469,293.03155517578125,294.92755126953125,293.1499938964844,293.1499938964844,283.1499938964844,27285.43359375,23400.0,313.1499938964844,0.0,18000.0,1.0,0.0,0.0,0.0,1.0,0.7591903209686279,1.0,0.0,0.0,2.552293062210083,2.5523064136505127,4.3466476995490666e-07,4.265924453735352,4.265914440155029,9.78592834144365e-06,0.0,0.0,-0.0,5230.82373046875,0.0,574.865234375,1895.4371337890625,0.0,2105.474609375,0.6460584402084351,1.0,0.0,3.0,1.0,0.0
12420720,297.0610046386719,297.1499938964844,293.1499938964844,0.0,-0.0,286.54156494140625,0.729686439037323,0.231537640094757,0.2115874588489532,297.0035400390625,297.1499938964844,293.1499938964844,0.0,-0.0,286.54168701171875,0.895084023475647,0.4362106323242187,0.4156201481819153,297.0808410644531,297.1499938964844,293.1499938964844,0.0,-0.0,286.5417175292969,0.9990000128746032,0.6290874481201172,0.426414430141449,297.05633544921875,297.1499938964844,293.1499938964844,0.0,-0.0,286.5416259765625,0.8110231757164001,0.320808082818985,0.3069676756858825,297.0691223144531,297.1499938964844,293.1499938964844,0.0,-0.0,286.54150390625,0.6941661834716797,0.1987425535917282,0.9100211262702942,286.5416564941406,287.4796142578125,292.1099853515625,290.0761413574219,292.11151123046875,297.0692443847656,286.5417785644531,1.0,0.5257074236869812,1.0,1.0,0.0,1.0,-2.726073980331421,2.726068019866944,5.978009085083613e-06,2.107023239135742,0.7661061882972717,0.7661061882972717,0.0,138.3763427734375,105.0,28104.08984375,-0.0,1800.2579345703125,1.0,283.1499938964844,285.7795104980469,293.03155517578125,294.92755126953125,293.1499938964844,293.1499938964844,283.1499938964844,27285.43359375,23400.0,313.1499938964844,0.0,18000.0,1.0,0.0,0.0,0.0,1.0,0.7591903209686279,1.0,0.0,0.0,2.552293062210083,2.5523064136505127,4.3466476995490666e-07,4.265924453735352,4.265914440155029,9.78592834144365e-06,0.0,0.0,-0.0,5230.82373046875,0.0,574.865234375,1895.4371337890625,0.0,2105.474609375,0.6460584402084351,1.0,0.0,3.0,1.0,0.0
12420780,297.0574645996094,297.1499938964844,293.1499938964844,0.0,-0.0,286.5596618652344,0.7389039397239685,0.2300519794225692,0.2099609375,296.99908447265625,297.1499938964844,293.1499938964844,0.0,-0.0,286.559814453125,0.9083905816078186,0.4339063763618469,0.4131509065628052,297.120849609375,297.1499938964844,293.1499938964844,0.0,-0.0,286.5598449707031,0.9990000128746032,0.6322372555732727,0.4062973856925964,297.0514221191406,297.1499938964844,293.1499938964844,0.0,-0.0,286.55975341796875,0.8219623565673828,0.3191224634647369,0.3050742447376251,297.06573486328125,297.1499938964844,293.1499938964844,0.0,-0.0,286.5596008300781,0.7040587663650513,0.197373628616333,0.902395725250244,286.5597839355469,287.5705261230469,292.0366516113281,290.01873779296875,292.0382080078125,297.0766296386719,286.56005859375,1.0,0.514115571975708,1.0,1.0,0.0,1.0,-2.685561418533325,2.6855556964874268,5.801636234537e-06,2.0757040977478027,0.7521648406982422,0.7521648406982422,0.0,128.71090698242188,93.0,27100.505859375,-0.0,1695.4825439453125,1.0,283.1499938964844,285.8105163574219,292.9670715332031,294.8044128417969,293.1499938964844,293.1499938964844,283.1499938964844,26334.904296875,22320.0,313.1499938964844,0.0,18000.0,1.0,0.0,0.0,0.0,1.0,0.7488492727279663,1.0,0.0,0.0,2.4320263862609863,2.4320387840271,3.946661877307634e-07,4.265924453735352,4.265914440155029,9.78592834144365e-06,0.0,0.0,-0.0,5158.0380859375,0.0,505.1482849121094,1895.4371337890625,0.0,2015.50390625,0.6183196306228638,1.0,0.0,3.0,1.0,0.0
12420840,297.0574645996094,297.1499938964844,293.1499938964844,0.0,-0.0,286.5596618652344,0.7389039397239685,0.2300519794225692,0.2099609375,296.99908447265625,297.1499938964844,293.1499938964844,0.0,-0.0,286.559814453125,0.9083905816078186,0.4339063763618469,0.4131509065628052,297.120849609375,297.1499938964844,293.1499938964844,0.0,-0.0,286.5598449707031,0.9990000128746032,0.6322372555732727,0.4062973856925964,297.0514221191406,297.1499938964844,293.1499938964844,0.0,-0.0,286.55975341796875,0.8219623565673828,0.3191224634647369,0.3050742447376251,297.06573486328125,297.1499938964844,293.1499938964844,0.0,-0.0,286.5596008300781,0.7040587663650513,0.197373628616333,0.902395725250244,286.5597839355469,287.5705261230469,292.0366516113281,290.01873779296875,292.0382080078125,297.0766296386719,286.56005859375,1.0,0.514115571975708,1.0,1.0,0.0,1.0,-2.685561418533325,2.6855556964874268,5.801636234537e-06,2.0757040977478027,0.7521648406982422,0.7521648406982422,0.0,128.71090698242188,93.0,27100.505859375,-0.0,1695.4825439453125,1.0,283.1499938964844,285.8105163574219,292.9670715332031,294.8044128417969,293.1499938964844,293.1499938964844,283.1499938964844,26334.904296875,22320.0,313.1499938964844,0.0,18000.0,1.0,0.0,0.0,0.0,1.0,0.7488492727279663,1.0,0.0,0.0,2.4320263862609863,2.4320387840271,3.946661877307634e-07,4.265924453735352,4.265914440155029,9.78592834144365e-06,0.0,0.0,-0.0,5158.0380859375,0.0,505.1482849121094,1895.4371337890625,0.0,2015.50390625,0.6183196306228638,1.0,0.0,3.0,1.0,0.0
12420900,297.0557861328125,297.1499938964844,293.1499938964844,0.0,-0.0,286.57330322265625,0.7442834973335266,0.2293006032705307,0.209129124879837,296.9969482421875,297.1499938964844,293.1499938964844,0.0,-0.0,286.5736694335937,0.9166296124458312,0.4327406585216522,0.4118912518024444,297.1484680175781,297.1499938964844,293.1499938964844,0.0,-0.0,286.57379150390625,0.9990000128746032,0.6347615718841553,0.3954218924045563,297.0490417480469,297.1499938964844,293.1499938964844,0.0,-0.0,286.5735168457031,0.8281063437461853,0.3182643353939056,0.3041023015975952,297.0641784667969,297.1499938964844,293.1499938964844,0.0,-0.0,286.5731811523437,0.7097179293632507,0.1966884583234787,0.8985235095024109,286.5736389160156,287.6159973144531,292.0,289.989501953125,292.0015563964844,297.0855407714844,286.5744323730469,1.0,0.5079766511917114,1.0,1.0,0.0,1.0,-2.664159059524536,2.6641533374786377,5.70949305256363e-06,2.059142589569092,0.7448989152908325,0.7448989152908325,0.0,123.67704010009766,93.0,26545.767578125,-0.0,1641.62353515625,1.0,283.1499938964844,285.8311462402344,292.933837890625,294.7389221191406,293.1499938964844,293.1499938964844,283.1499938964844,25694.400390625,22320.0,313.1499938964844,0.0,18000.0,1.0,0.0,0.0,0.0,1.0,0.743088960647583,1.0,0.0,0.0,2.362823486328125,2.36283540725708,3.725254487108032e-07,4.265924453735352,4.265914440155029,9.78592834144365e-06,0.0,0.0,-0.0,5118.33984375,0.0,467.2953186035156,1895.4371337890625,0.0,1965.9658203125,0.6050485968589783,1.0,0.0,3.0,1.0,0.0
12420960,297.05419921875,297.1499938964844,293.1499938964844,0.0,-0.0,286.58154296875,0.7502889037132263,0.2285466492176056,0.2082949876785278,296.9949035644531,297.1499938964844,293.1499938964844,0.0,-0.0,286.5817565917969,0.9259768724441528,0.4315695762634277,0.4106273353099823,297.1789855957031,297.1499938964844,293.1499938964844,0.0,-0.0,286.5818176269531,0.9990000128746032,0.6377481818199158,0.3840126693248749,297.0467529296875,297.1499938964844,293.1499938964844,0.0,-0.0,286.5816650390625,0.8348467350006104,0.3173989355564117,0.3031231164932251,297.06280517578125,297.1499938964844,293.1499938964844,0.0,-0.0,286.5814514160156,0.715659499168396,0.196010410785675,0.8946660161018372,286.58172607421875,287.6614685058594,291.9633483886719,289.9599914550781,291.96490478515625,297.0980834960937,286.5821838378906,1.0,0.5016388297080994,1.0,1.0,0.0,1.0,-2.64211654663086,2.64211106300354,5.615360350930132e-06,2.042083263397217,0.7373272776603699,0.7373272776603699,0.0,118.54169464111328,96.0,26050.783203125,-0.0,1587.200927734375,1.0,283.1499938964844,285.845458984375,292.901123046875,294.6761169433594,293.1499938964844,293.1499938964844,283.1499938964844,25369.501953125,21240.0,313.1499938964844,0.0,18000.0,1.0,0.0,0.0,0.0,1.0,0.7370320558547974,1.0,0.0,0.0,2.306989908218384,2.3070013523101807,3.5512783824742655e-07,4.265924453735352,4.265914440155029,9.78592834144365e-06,0.0,0.0,-0.0,5083.421875,0.0,439.08349609375,1895.4371337890625,0.0,1914.3514404296875,0.5896111130714417,1.0,0.0,3.0,1.0,0.0
12421020,297.0524597167969,297.1499938964844,293.1499938964844,0.0,-0.0,286.6042175292969,0.7553209066390991,0.2275987565517425,0.2073036581277847,296.9926452636719,297.1499938964844,293.1499938964844,0.0,-0.0,286.60479736328125,0.9338377714157104,0.4300886392593384,0.4090865552425384,297.2166748046875,297.1499938964844,293.1499938964844,0.0,-0.0,286.6049194335937,0.9990000128746032,0.6417216062545776,0.37435182929039,297.04412841796875,297.1499938964844,293.1499938964844,0.0,-0.0,286.60455322265625,0.8405184745788574,0.3163034617900848,0.3019446134567261,297.0615539550781,297.1499938964844,293.1499938964844,0.0,-0.0,286.60400390625,0.7203537225723267,0.1951769143342971,0.890190839767456,286.6047058105469,287.7196655273437,291.9164123535156,289.9217834472656,291.91796875,297.1166381835937,286.60614013671875,1.0,0.4962303638458252,1.0,1.0,0.0,1.0,-2.620656728744507,2.6206512451171875,5.524091648112517e-06,2.0252907276153564,0.7274910807609558,0.7274910807609558,0.0,114.19248962402344,96.0,25363.189453125,-0.0,1537.9285888671875,1.0,283.1499938964844,285.87603759765625,292.85845947265625,294.59149169921875,293.1499938964844,293.1499938964844,283.1499938964844,24609.28515625,21240.0,313.1499938964844,0.0,18000.0,1.0,0.0,0.0,0.0,1.0,0.7287616729736328,1.0,0.0,0.0,2.2191684246063232,2.219179391860962,3.2860481269381125e-07,4.265924453735352,4.265914440155029,9.78592834144365e-06,0.0,0.0,-0.0,5034.44970703125,0.0,395.9846496582031,1895.4371337890625,0.0,1844.7025146484373,0.5722297430038452,1.0,0.0,3.0,1.0,0.0
12421080,297.0516052246094,297.1499938964844,293.1499938964844,0.0,-0.0,286.61572265625,0.7572828531265259,0.2270695865154266,0.2067767530679702,296.9915466308594,297.1499938964844,293.1499938964844,0.0,-0.0,286.6162414550781,0.9369015097618104,0.4292630553245544,0.4082546532154083,297.2342224121094,297.1499938964844,293.1499938964844,0.0,-0.0,286.6163635253906,0.9990000128746032,0.6437333822250366,0.3704395890235901,297.04278564453125,297.1499938964844,293.1499938964844,0.0,-0.0,286.61602783203125,0.8427556157112122,0.3156904578208923,0.3013122975826263,297.0610046386719,297.1499938964844,293.1499938964844,0.0,-0.0,286.61553955078125,0.7221380472183228,0.1947201937437057,0.8878602981567383,286.6161804199219,287.7524108886719,291.8900146484375,289.90008544921875,291.8915710449219,297.1260681152344,286.6175842285156,1.0,0.4937982559204101,1.0,1.0,0.0,1.0,-2.6107594966888428,2.6107540130615234,5.482339929585578e-06,2.017590045928955,0.7218049168586731,0.7218049168586731,0.0,112.4186782836914,99.0,25027.03125,-0.0,1516.48291015625,1.0,283.1499938964844,285.8907470703125,292.8354187011719,294.547119140625,293.1499938964844,293.1499938964844,283.1499938964844,24375.064453125,20160.0,313.1499938964844,0.0,18000.0,1.0,0.0,0.0,0.0,1.0,0.7240110635757446,1.0,0.0,0.0,2.178102970123291,2.1781136989593506,3.1655577004130464e-07,4.265924453735352,4.265914440155029,9.78592834144365e-06,0.0,0.0,-0.0,5010.7626953125,0.0,377.38909912109375,1895.4371337890625,0.0,1805.1492919921875,0.5601380467414856,1.0,0.0,3.0,1.0,0.0
12421140,297.0496520996094,297.1499938964844,293.1499938964844,0.0,-0.0,286.6648864746094,0.7602135539054871,0.2256263494491577,0.2053857892751693,296.9891967773437,297.1499938964844,293.1499938964844,0.0,-0.0,286.6656494140625,0.9416102170944214,0.4270177781581878,0.4060364067554474,297.26873779296875,297.1499938964844,293.1499938964844,0.0,-0.0,286.665771484375,0.9990000128746032,0.6483194828033447,0.3636389970779419,297.0396423339844,297.1499938964844,293.1499938964844,0.0,-0.0,286.66534423828125,0.8462285399436951,0.3140120804309845,0.2996301054954529,297.0599365234375,297.1499938964844,293.1499938964844,0.0,-0.0,286.6646423339844,0.724775493144989,0.1934859007596969,0.8818299770355225,286.66552734375,287.84332275390625,291.8166809082031,289.8392028808594,291.8182678222656,297.145751953125,286.66754150390625,1.0,0.4889062345027923,1.0,1.0,0.0,1.0,-2.588976621627808,2.5889711380004883,5.391023023548769e-06,2.0006494522094727,0.7058367729187012,0.7058367729187012,0.0,109.21601104736328,102.0,24019.10546875,-0.0,1472.8995361328125,1.0,283.1499938964844,285.947265625,292.7715148925781,294.4214782714844,293.1499938964844,293.1499938964844,283.1499938964844,23340.12109375,19080.0,313.1499938964844,0.0,18000.0,1.0,0.0,0.0,0.0,1.0,0.7104016542434692,1.0,0.0,0.0,2.0469915866851807,2.0470011234283447,2.795924842757813e-07,4.265924453735352,4.265914440155029,9.78592834144365e-06,0.0,0.0,-0.0,4940.86328125,0.0,320.8581237792969,1895.4371337890625,0.0,1693.7880859375,0.5302448272705078,1.0,0.0,3.0,1.0,0.0
12421200,297.0496520996094,297.1499938964844,293.1499938964844,0.0,-0.0,286.6648864746094,0.7602135539054871,0.2256263494491577,0.2053857892751693,296.9891967773437,297.1499938964844,293.1499938964844,0.0,-0.0,286.6656494140625,0.9416102170944214,0.4270177781581878,0.4060364067554474,297.26873779296875,297.1499938964844,293.1499938964844,0.0,-0.0,286.665771484375,0.9990000128746032,0.6483194828033447,0.3636389970779419,297.0396423339844,297.1499938964844,293.1499938964844,0.0,-0.0,286.66534423828125,0.8462285399436951,0.3140120804309845,0.2996301054954529,297.0599365234375,297.1499938964844,293.1499938964844,0.0,-0.0,286.6646423339844,0.724775493144989,0.1934859007596969,0.8818299770355225,286.66552734375,287.84332275390625,291.8166809082031,289.8392028808594,291.8182678222656,297.145751953125,286.66754150390625,1.0,0.4889062345027923,1.0,1.0,0.0,1.0,-2.588976621627808,2.5889711380004883,5.391023023548769e-06,2.0006494522094727,0.7058367729187012,0.7058367729187012,0.0,109.21601104736328,102.0,24019.10546875,-0.0,1472.8995361328125,1.0,283.1499938964844,285.947265625,292.7715148925781,294.4214782714844,293.1499938964844,293.1499938964844,283.1499938964844,23340.12109375,19080.0,313.1499938964844,0.0,18000.0,1.0,0.0,0.0,0.0,1.0,0.7104016542434692,1.0,0.0,0.0,2.0469915866851807,2.0470011234283447,2.795924842757813e-07,4.265924453735352,4.265914440155029,9.78592834144365e-06,0.0,0.0,-0.0,4940.86328125,0.0,320.8581237792969,1895.4371337890625,0.0,1693.7880859375,0.5302448272705078,1.0,0.0,3.0,1.0,0.0
12421260,297.04833984375,297.1499938964844,293.1499938964844,0.0,-0.0,286.7254638671875,0.7601703405380249,0.2242200821638107,0.2040886729955673,296.9878234863281,297.1499938964844,293.1499938964844,0.0,-0.0,286.72637939453125,0.9419692158699036,0.4248418509960174,0.4039462506771087,297.28533935546875,297.1499938964844,293.1499938964844,0.0,-0.0,286.7265625,0.9990000128746032,0.6515204906463623,0.3614048361778259,297.0372314453125,297.1499938964844,293.1499938964844,0.0,-0.0,286.7260131835937,0.8464602828025818,0.312369167804718,0.2980446815490722,297.05926513671875,297.1499938964844,293.1499938964844,0.0,-0.0,286.72515869140625,0.7247337698936462,0.1922762244939804,0.8762493133544922,286.7262878417969,287.93426513671875,291.74334716796875,289.7774353027344,291.74493408203125,297.1560974121094,286.728759765625,1.0,0.4860940873622894,1.0,1.0,0.0,1.0,-2.573606491088867,2.573601245880127,5.327075086825062e-06,1.9887073040008545,0.6895452737808228,0.6895452737808228,0.0,107.8929214477539,105.0,23007.34375,-0.0,1446.6546630859375,1.0,283.1499938964844,286.01239013671875,292.70782470703125,294.2967529296875,293.1499938964844,293.1499938964844,283.1499938964844,22266.216796875,18000.0,313.1499938964844,0.0,18000.0,1.0,0.0,0.0,0.0,1.0,0.6964377760887146,1.0,0.0,0.0,1.915121078491211,1.915129780769348,2.447292217766517e-07,4.265924453735352,4.265914440155029,9.78592834144365e-06,0.0,0.0,-0.0,4872.02978515625,0.0,269.9659729003906,1895.4371337890625,0.0,1582.754638671875,0.5002570748329163,1.0,0.0,3.0,1.0,0.0
12421320,297.04833984375,297.1499938964844,293.1499938964844,0.0,-0.0,286.7254638671875,0.7601703405380249,0.2242200821638107,0.2040886729955673,296.9878234863281,297.1499938964844,293.1499938964844,0.0,-0.0,286.72637939453125,0.9419692158699036,0.4248418509960174,0.4039462506771087,297.28533935546875,297.1499938964844,293.1499938964844,0.0,-0.0,286.7265625,0.9990000128746032,0.6515204906463623,0.3614048361778259,297.0372314453125,297.1499938964844,293.1499938964844,0.0,-0.0,286.7260131835937,0.8464602828025818,0.312369167804718,0.2980446815490722,297.05926513671875,297.1499938964844,293.1499938964844,0.0,-0.0,286.72515869140625,0.7247337698936462,0.1922762244939804,0.8762493133544922,286.7262878417969,287.93426513671875,291.74334716796875,289.7774353027344,291.74493408203125,297.1560974121094,286.728759765625,1.0,0.4860940873622894,1.0,1.0,0.0,1.0,-2.573606491088867,2.573601245880127,5.327075086825062e-06,1.9887073040008545,0.6895452737808228,0.6895452737808228,0.0,107.8929214477539,105.0,23007.34375,-0.0,1446.6546630859375,1.0,283.1499938964844,286.01239013671875,292.70782470703125,294.2967529296875,293.1499938964844,293.1499938964844,283.1499938964844,22266.216796875,18000.0,313.1499938964844,0.0,18000.0,1.0,0.0,0.0,0.0,1.0,0.6964377760887146,1.0,0.0,0.0,1.915121078491211,1.915129780769348,2.447292217766517e-07,4.265924453735352,4.265914440155029,9.78592834144365e-06,0.0,0.0,-0.0,4872.02978515625,0.0,269.9659729003906,1895.4371337890625,0.0,1582.754638671875,0.5002570748329163,1.0,0.0,3.0,1.0,0.0
12421380,297.04754638671875,297.1499938964844,293.1499938964844,0.0,-0.0,286.7955322265625,0.7580048441886902,0.2228521853685379,0.2028681337833404,296.9873352050781,297.1499938964844,293.1499938964844,0.0,-0.0,286.7966003417969,0.9392369985580444,0.4227361977100372,0.4019664824008941,297.2887878417969,297.1499938964844,293.1499938964844,0.0,-0.0,286.7968139648437,0.9990000128746032,0.6535957455635071,0.3623796105384826,297.0354919433594,297.1499938964844,293.1499938964844,0.0,-0.0,286.7961730957031,0.8443698287010193,0.3107639253139496,0.2965388894081116,297.0587158203125,297.1499938964844,293.1499938964844,0.0,-0.0,286.795166015625,0.7227556705474854,0.1910724341869354,0.8709236979484558,286.79644775390625,288.02520751953125,291.6700134277344,289.7149963378906,291.6716003417969,297.1590270996094,286.7993469238281,1.0,0.4847392439842224,1.0,1.0,0.0,1.0,-2.562720537185669,2.5627152919769287,5.282037818687968e-06,1.9802603721618648,0.6730431318283081,0.6730431318283081,0.0,107.86615753173828,108.0,21982.306640625,-0.0,1432.2115478515625,1.0,283.1499938964844,286.0845031738281,292.6430053710937,294.170654296875,293.1499938964844,293.1499938964844,283.1499938964844,21155.8203125,18000.0,313.1499938964844,0.0,18000.0,1.0,0.0,0.0,0.0,1.0,0.6820138692855835,1.0,0.0,0.0,1.7839117050170898,1.7839196920394895,2.1234404812275898e-07,4.265924453735352,4.265914440155029,9.78592834144365e-06,0.0,0.0,-0.0,4803.4453125,0.0,224.90701293945312,1895.4371337890625,0.0,1471.80419921875,0.4734832346439361,1.0,0.0,3.0,1.0,0.0
12421440,297.04754638671875,297.1499938964844,293.1499938964844,0.0,-0.0,286.7955322265625,0.7580048441886902,0.2228521853685379,0.2028681337833404,296.9873352050781,297.1499938964844,293.1499938964844,0.0,-0.0,286.7966003417969,0.9392369985580444,0.4227361977100372,0.4019664824008941,297.2887878417969,297.1499938964844,293.1499938964844,0.0,-0.0,286.7968139648437,0.9990000128746032,0.6535957455635071,0.3623796105384826,297.0354919433594,297.1499938964844,293.1499938964844,0.0,-0.0,286.7961730957031,0.8443698287010193,0.3107639253139496,0.2965388894081116,297.0587158203125,297.1499938964844,293.1499938964844,0.0,-0.0,286.795166015625,0.7227556705474854,0.1910724341869354,0.8709236979484558,286.79644775390625,288.02520751953125,291.6700134277344,289.7149963378906,291.6716003417969,297.1590270996094,286.7993469238281,1.0,0.4847392439842224,1.0,1.0,0.0,1.0,-2.562720537185669,2.5627152919769287,5.282037818687968e-06,1.9802603721618648,0.6730431318283081,0.6730431318283081,0.0,107.86615753173828,108.0,21982.306640625,-0.0,1432.2115478515625,1.0,283.1499938964844,286.0845031738281,292.6430053710937,294.170654296875,293.1499938964844,293.1499938964844,283.1499938964844,21155.8203125,18000.0,313.1499938964844,0.0,18000.0,1.0,0.0,0.0,0.0,1.0,0.6820138692855835,1.0,0.0,0.0,1.7839117050170898,1.7839196920394895,2.1234404812275898e-07,4.265924453735352,4.265914440155029,9.78592834144365e-06,0.0,0.0,-0.0,4803.4453125,0.0,224.90701293945312,1895.4371337890625,0.0,1471.80419921875,0.4734832346439361,1.0,0.0,3.0,1.0,0.0
12421500,297.0471496582031,297.1499938964844,293.1499938964844,0.0,-0.0,286.82501220703125,0.7563326954841614,0.2221630066633224,0.2022743821144104,296.98712158203125,297.1499938964844,293.1499938964844,0.0,-0.0,286.82598876953125,0.9369896650314332,0.4216848015785217,0.4010026454925537,297.2865295410156,297.1499938964844,293.1499938964844,0.0,-0.0,286.8262023925781,0.9990000128746032,0.6542553901672363,0.3637704849243164,297.03466796875,297.1499938964844,293.1499938964844,0.0,-0.0,286.8255920410156,0.8426798582077026,0.3099572360515594,0.2958038449287414,297.058349609375,297.1499938964844,293.1499938964844,0.0,-0.0,286.8246459960937,0.7212083339691162,0.1904584020376205,0.8682971596717834,286.82586669921875,288.0706787109375,291.6333312988281,289.68359375,291.63494873046875,297.1580810546875,286.8285522460937,1.0,0.4844653010368347,1.0,1.0,0.0,1.0,-2.558480024337769,2.5584747791290283,5.264558240014594e-06,1.976975917816162,0.6645843386650085,0.6645843386650085,0.0,108.2166519165039,108.0,21529.23828125,-0.0,1428.187744140625,1.0,283.1499938964844,286.114501953125,292.61187744140625,294.11163330078125,293.1499938964844,293.1499938964844,283.1499938964844,20861.615234375,18000.0,313.1499938964844,0.0,18000.0,1.0,0.0,0.0,0.0,1.0,0.6748504638671875,1.0,0.0,0.0,1.729693055152893,1.729700803756714,1.996326233211221e-07,4.265924453735352,4.265914440155029,9.78592834144365e-06,0.0,0.0,-0.0,4773.294921875,0.0,208.4642944335937,1895.4371337890625,0.0,1418.213134765625,0.4617919921875,1.0,0.0,3.0,1.0,0.0
12421560,297.0466003417969,297.1499938964844,293.1499938964844,0.0,-0.0,286.85272216796875,0.7543336153030396,0.2214585393667221,0.201675996184349,296.9867858886719,297.1499938964844,293.1499938964844,0.0,-0.0,286.8536682128906,0.9342432022094728,0.4206191301345825,0.4000357687473297,297.281982421875,297.1499938964844,293.1499938964844,0.0,-0.0,286.8538818359375,0.9990000128746032,0.6546744108200073,0.3656598329544067,297.03375244140625,297.1499938964844,293.1499938964844,0.0,-0.0,286.8533020019531,0.840636134147644,0.3091359734535217,0.2950648069381714,297.0578308105469,297.1499938964844,293.1499938964844,0.0,-0.0,286.8524169921875,0.7193357944488525,0.1898272037506103,0.865638256072998,286.85357666015625,288.1161193847656,291.5966796875,289.65203857421875,291.5982971191406,297.15576171875,286.85614013671875,1.0,0.4843982458114624,1.0,1.0,0.0,1.0,-2.55478572845459,2.5547804832458496,5.249361947790021e-06,1.9741184711456297,0.6559894680976868,0.6559894680976868,0.0,108.76652526855467,111.0,21090.37109375,-0.0,1425.7557373046875,1.0,283.1499938964844,286.1427001953125,292.58135986328125,294.0543518066406,293.1499938964844,293.1499938964844,283.1499938964844,20641.423828125,18000.0,313.1499938964844,0.0,18000.0,1.0,0.0,0.0,0.0,1.0,0.6678329706192017,1.0,0.0,0.0,1.678590178489685,1.6785975694656372,1.880107873830639e-07,4.265924453735352,4.265914440155029,9.78592834144365e-06,0.0,0.0,-0.0,4744.13818359375,0.0,193.9491424560547,1895.4371337890625,0.0,1366.737060546875,0.4509601294994354,1.0,0.0,3.0,1.0,0.0
12421620,297.0451354980469,297.1499938964844,293.1499938964844,0.0,-0.0,286.90545654296875,0.7495920658111572,0.2200006246566772,0.2004523128271103,296.98565673828125,297.1499938964844,293.1499938964844,0.0,-0.0,286.9063720703125,0.9275769591331482,0.4184382259845733,0.3980742692947387,297.2671813964844,297.1499938964844,293.1499938964844,0.0,-0.0,286.9065856933594,0.9990000128746032,0.654851496219635,0.3706276714801788,297.03155517578125,297.1499938964844,293.1499938964844,0.0,-0.0,286.906005859375,0.8357381224632263,0.3074434697628021,0.2935585975646972,297.05633544921875,297.1499938964844,293.1499938964844,0.0,-0.0,286.9051513671875,0.714758574962616,0.1885067373514175,0.860151469707489,286.90625,288.2070617675781,291.5233459472656,289.58868408203125,291.52496337890625,297.14752197265625,286.9087219238281,1.0,0.4847388565540313,1.0,1.0,0.0,1.0,-2.5485243797302246,2.5485191345214844,5.2236741794331465e-06,1.9692845344543457,0.6383913159370422,0.6383913159370422,0.0,110.3470687866211,114.0,20236.673828125,-0.0,1424.4619140625,1.0,283.1499938964844,286.1959533691406,292.5207214355469,293.9423828125,293.1499938964844,293.1499938964844,283.1499938964844,20349.912109375,18000.0,313.1499938964844,0.0,18000.0,1.0,0.0,0.0,0.0,1.0,0.6542446613311768,1.0,0.0,0.0,1.5824534893035889,1.5824604034423828,1.6709186922980734e-07,4.265924453735352,4.265914440155029,9.78592834144365e-06,0.0,0.0,-0.0,4687.5146484375,0.0,169.0018310546875,1895.4371337890625,0.0,1270.0791015625,0.4310754835605621,1.0,0.0,3.0,1.0,0.0
12421680,297.0451354980469,297.1499938964844,293.1499938964844,0.0,-0.0,286.90545654296875,0.7495920658111572,0.2200006246566772,0.2004523128271103,296.98565673828125,297.1499938964844,293.1499938964844,0.0,-0.0,286.9063720703125,0.9275769591331482,0.4184382259845733,0.3980742692947387,297.2671813964844,297.1499938964844,293.1499938964844,0.0,-0.0,286.9065856933594,0.9990000128746032,0.654851496219635,0.3706276714801788,297.03155517578125,297.1499938964844,293.1499938964844,0.0,-0.0,286.906005859375,0.8357381224632263,0.3074434697628021,0.2935585975646972,297.05633544921875,297.1499938964844,293.1499938964844,0.0,-0.0,286.9051513671875,0.714758574962616,0.1885067373514175,0.860151469707489,286.90625,288.2070617675781,291.5233459472656,289.58868408203125,291.52496337890625,297.14752197265625,286.9087219238281,1.0,0.4847388565540313,1.0,1.0,0.0,1.0,-2.5485243797302246,2.5485191345214844,5.2236741794331465e-06,1.9692845344543457,0.6383913159370422,0.6383913159370422,0.0,110.3470687866211,114.0,20236.673828125,-0.0,1424.4619140625,1.0,283.1499938964844,286.1959533691406,292.5207214355469,293.9423828125,293.1499938964844,293.1499938964844,283.1499938964844,20349.912109375,18000.0,313.1499938964844,0.0,18000.0,1.0,0.0,0.0,0.0,1.0,0.6542446613311768,1.0,0.0,0.0,1.5824534893035889,1.5824604034423828,1.6709186922980734e-07,4.265924453735352,4.265914440155029,9.78592834144365e-06,0.0,0.0,-0.0,4687.5146484375,0.0,169.0018310546875,1895.4371337890625,0.0,1270.0791015625,0.4310754835605621,1.0,0.0,3.0,1.0,0.0
12421740,297.0433044433594,297.1499938964844,293.1499938964844,0.0,-0.0,286.95721435546875,0.744208037853241,0.218486338853836,0.1991918832063675,296.9841003417969,297.1499938964844,293.1499938964844,0.0,-0.0,286.9581604003906,0.9198803305625916,0.4161988198757171,0.3960724771022796,297.2465209960937,297.1499938964844,293.1499938964844,0.0,-0.0,286.9583740234375,0.9990000128746032,0.654244601726532,0.3767535090446472,297.029052734375,297.1499938964844,293.1499938964844,0.0,-0.0,286.9577941894531,0.8301114439964294,0.3056892454624176,0.2920098602771759,297.05426025390625,297.1499938964844,293.1499938964844,0.0,-0.0,286.9569091796875,0.7092316150665283,0.1871115565299987,0.8544068932533264,286.9580383300781,288.2980041503906,291.45001220703125,289.52508544921875,291.4516296386719,297.1356506347656,286.9605407714844,1.0,0.4855316281318664,1.0,1.0,0.0,1.0,-2.543201208114624,2.543195962905884,5.201905423746212e-06,1.9651845693588257,0.620259702205658,0.620259702205658,0.0,112.41123962402344,117.0,19395.07421875,-0.0,1426.4853515625,1.0,283.1499938964844,286.2475891113281,292.4587097167969,293.8304138183594,293.1499938964844,293.1499938964844,283.1499938964844,20176.8515625,18000.0,313.1499938964844,0.0,18000.0,1.0,0.0,0.0,0.0,1.0,0.6409940123558044,1.0,0.0,0.0,1.491087794303894,1.4910943508148191,1.483541893776419e-07,4.265924453735352,4.265914440155029,9.78592834144365e-06,0.0,0.0,-0.0,4631.7568359375,0.0,147.832763671875,1895.4371337890625,0.0,1179.87109375,0.4127533137798309,1.0,0.0,3.0,1.0,0.0
12421800,297.0433044433594,297.1499938964844,293.1499938964844,0.0,-0.0,286.95721435546875,0.744208037853241,0.218486338853836,0.1991918832063675,296.9841003417969,297.1499938964844,293.1499938964844,0.0,-0.0,286.9581604003906,0.9198803305625916,0.4161988198757171,0.3960724771022796,297.2465209960937,297.1499938964844,293.1499938964844,0.0,-0.0,286.9583740234375,0.9990000128746032,0.654244601726532,0.3767535090446472,297.029052734375,297.1499938964844,293.1499938964844,0.0,-0.0,286.9577941894531,0.8301114439964294,0.3056892454624176,0.2920098602771759,297.05426025390625,297.1499938964844,293.1499938964844,0.0,-0.0,286.9569091796875,0.7092316150665283,0.1871115565299987,0.8544068932533264,286.9580383300781,288.2980041503906,291.45001220703125,289.52508544921875,291.4516296386719,297.1356506347656,286.9605407714844,1.0,0.4855316281318664,1.0,1.0,0.0,1.0,-2.543201208114624,2.543195962905884,5.201905423746212e-06,1.9651845693588257,0.620259702205658,0.620259702205658,0.0,112.41123962402344,117.0,19395.07421875,-0.0,1426.4853515625,1.0,283.1499938964844,286.2475891113281,292.4587097167969,293.8304138183594,293.1499938964844,293.1499938964844,283.1499938964844,20176.8515625,18000.0,313.1499938964844,0.0,18000.0,1.0,0.0,0.0,0.0,1.0,0.6409940123558044,1.0,0.0,0.0,1.491087794303894,1.4910943508148191,1.483541893776419e-07,4.265924453735352,4.265914440155029,9.78592834144365e-06,0.0,0.0,-0.0,4631.7568359375,0.0,147.832763671875,1895.4371337890625,0.0,1179.87109375,0.4127533137798309,1.0,0.0,3.0,1.0,0.0
12421860,297.0412902832031,297.1499938964844,293.1499938964844,0.0,-0.0,287.0100402832031,0.738514244556427,0.2169321477413177,0.1979036629199981,296.9823303222656,297.1499938964844,293.1499938964844,0.0,-0.0,287.010986328125,0.9117844700813292,0.4139186441898346,0.3940401971340179,297.22186279296875,297.1499938964844,293.1499938964844,0.0,-0.0,287.0112609863281,0.9990000128746032,0.6529714465141296,0.3836149871349334,297.0263977050781,297.1499938964844,293.1499938964844,0.0,-0.0,287.0106201171875,0.8240747451782227,0.3038873970508575,0.290425032377243,297.0518493652344,297.1499938964844,293.1499938964844,0.0,-0.0,287.0097045898437,0.7030105590820312,0.1856549382209777,0.8484288454055786,287.0108947753906,288.3889465332031,291.3766784667969,289.46142578125,291.3782958984375,297.1214294433594,287.01348876953125,1.0,0.4866131246089935,1.0,1.0,0.0,1.0,-2.5383687019348145,2.538363456726074,5.182194399822038e-06,1.9614686965942385,0.6016281247138977,0.6016281247138977,0.0,114.80560302734376,120.0,18551.40625,-0.0,1430.5623779296875,1.0,283.1499938964844,286.2995300292969,292.39453125,293.7164001464844,293.1499938964844,293.1499938964844,283.1499938964844,20058.974609375,18000.0,313.1499938964844,0.0,18000.0,1.0,0.0,0.0,0.0,1.0,0.6276439428329468,1.0,0.0,0.0,1.4023207426071167,1.4023268222808838,1.312163959710233e-07,4.265924453735352,4.265914440155029,9.78592834144365e-06,0.0,0.0,-0.0,4576.06298828125,0.0,129.33238220214844,1895.4371337890625,0.0,1093.2838134765625,0.395455926656723,1.0,0.0,3.0,1.0,0.0
12421920,297.0412902832031,297.1499938964844,293.1499938964844,0.0,-0.0,287.0100402832031,0.738514244556427,0.2169321477413177,0.1979036629199981,296.9823303222656,297.1499938964844,293.1499938964844,0.0,-0.0,287.010986328125,0.9117844700813292,0.4139186441898346,0.3940401971340179,297.22186279296875,297.1499938964844,293.1499938964844,0.0,-0.0,287.0112609863281,0.9990000128746032,0.6529714465141296,0.3836149871349334,297.0263977050781,297.1499938964844,293.1499938964844,0.0,-0.0,287.0106201171875,0.8240747451782227,0.3038873970508575,0.290425032377243,297.0518493652344,297.1499938964844,293.1499938964844,0.0,-0.0,287.0097045898437,0.7030105590820312,0.1856549382209777,0.8484288454055786,287.0108947753906,288.3889465332031,291.3766784667969,289.46142578125,291.3782958984375,297.1214294433594,287.01348876953125,1.0,0.4866131246089935,1.0,1.0,0.0,1.0,-2.5383687019348145,2.538363456726074,5.182194399822038e-06,1.9614686965942385,0.6016281247138977,0.6016281247138977,0.0,114.80560302734376,120.0,18551.40625,-0.0,1430.5623779296875,1.0,283.1499938964844,286.2995300292969,292.39453125,293.7164001464844,293.1499938964844,293.1499938964844,283.1499938964844,20058.974609375,18000.0,313.1499938964844,0.0,18000.0,1.0,0.0,0.0,0.0,1.0,0.6276439428329468,1.0,0.0,0.0,1.4023207426071167,1.4023268222808838,1.312163959710233e-07,4.265924453735352,4.265914440155029,9.78592834144365e-06,0.0,0.0,-0.0,4576.06298828125,0.0,129.33238220214844,1895.4371337890625,0.0,1093.2838134765625,0.395455926656723,1.0,0.0,3.0,1.0,0.0
12421980,297.0398254394531,297.1499938964844,293.1499938964844,0.0,-0.0,287.049560546875,0.7343050837516785,0.2157868295907974,0.1969565451145172,296.98101806640625,297.1499938964844,293.1499938964844,0.0,-0.0,287.050537109375,0.90598326921463,0.4122470021247864,0.3925527036190033,297.2022399902344,297.1499938964844,293.1499938964844,0.0,-0.0,287.0508117675781,0.9990000128746032,0.6516765356063843,0.3888877928256988,297.0244445800781,297.1499938964844,293.1499938964844,0.0,-0.0,287.0501403808594,0.8195361495018005,0.3025570809841156,0.2892571091651916,297.04998779296875,297.1499938964844,293.1499938964844,0.0,-0.0,287.0491943359375,0.6983160972595215,0.1845674216747284,0.8439695239067078,287.0504455566406,288.4549255371094,291.32342529296875,289.4152526855469,291.3250732421875,297.11016845703125,287.0531005859375,1.0,0.4875175058841705,1.0,1.0,0.0,1.0,-2.535017490386963,2.5350122451782227,5.1685528887901455e-06,1.9588943719863887,0.5878065824508667,0.5878065824508667,0.0,116.68936920166016,120.0,17934.26171875,-0.0,1434.3433837890625,1.0,283.1499938964844,286.337890625,292.3468322753906,293.63214111328125,293.1499938964844,293.1499938964844,283.1499938964844,19987.84375,18000.0,313.1499938964844,0.0,18000.0,1.0,0.0,0.0,0.0,1.0,0.6176741719245911,1.0,0.0,0.0,1.3390352725982666,1.339041233062744,1.196402905634386e-07,4.265924453735352,4.265914440155029,9.78592834144365e-06,0.0,0.0,-0.0,4535.6005859375,0.0,117.26290130615234,1895.4371337890625,0.0,1031.5860595703125,0.3834209144115448,1.0,0.0,3.0,1.0,0.0
12422040,297.0392761230469,297.1499938964844,293.1499938964844,0.0,-0.0,287.06475830078125,0.7327099442481995,0.2153514474630355,0.1965968906879425,296.98052978515625,297.1499938964844,293.1499938964844,0.0,-0.0,287.0657653808594,0.9038581848144532,0.4116131365299225,0.3919890820980072,297.1945495605469,297.1499938964844,293.1499938964844,0.0,-0.0,287.0660705566406,0.9990000128746032,0.6511115431785583,0.3909227848052978,297.0237121582031,297.1499938964844,293.1499938964844,0.0,-0.0,287.0653686523437,0.8177952170372009,0.3020506501197815,0.2888128459453583,297.0492858886719,297.1499938964844,293.1499938964844,0.0,-0.0,287.0644226074219,0.6965221166610718,0.1841513067483902,0.8422635197639465,287.065673828125,288.4798583984375,291.3033447265625,289.3978576660156,291.3049621582031,297.1058044433594,287.068359375,1.0,0.4878779351711273,1.0,1.0,0.0,1.0,-2.5337696075439453,2.533764362335205,5.163479272596305e-06,1.95793616771698,0.5825236439704895,0.5825236439704895,0.0,117.42525482177734,123.0,17699.96484375,-0.0,1435.8970947265625,1.0,283.1499938964844,286.3525390625,292.3286437988281,293.6000671386719,293.1499938964844,293.1499938964844,283.1499938964844,19962.193359375,18000.0,313.1499938964844,0.0,18000.0,1.0,0.0,0.0,0.0,1.0,0.6138220429420471,1.0,0.0,0.0,1.3153657913208008,1.3153716325759888,1.154480244736078e-07,4.265924453735352,4.265914440155029,9.78592834144365e-06,0.0,0.0,-0.0,4520.328125,0.0,112.97308349609376,1895.4371337890625,0.0,1008.4522705078124,0.3789837658405304,1.0,0.0,3.0,1.0,0.0
12422100,297.0382995605469,297.1499938964844,293.1499938964844,0.0,-0.0,287.0929260253906,0.7298008799552917,0.2145541608333587,0.195938766002655,296.97967529296875,297.1499938964844,293.1499938964844,0.0,-0.0,287.0939636230469,0.9000737071037292,0.4104544818401336,0.3909593522548675,297.18017578125,297.1499938964844,293.1499938964844,0.0,-0.0,287.0942687988281,0.9990000128746032,0.6499815583229065,0.3946764767169952,297.0224304199219,297.1499938964844,293.1499938964844,0.0,-0.0,287.0935363769531,0.8145853281021118,0.30112224817276,0.2879988253116607,297.0480041503906,297.1499938964844,293.1499938964844,0.0,-0.0,287.0925598144531,0.6932374238967896,0.1833862066268921,0.8391266465187073,287.0938415527344,288.5253295898437,291.26666259765625,289.3661193847656,291.268310546875,297.09771728515625,287.0965881347656,1.0,0.4885550439357757,1.0,1.0,0.0,1.0,-2.5315046310424805,2.53149962425232,5.154276550456416e-06,1.9561973810195925,0.5728044509887695,0.5728044509887695,0.0,118.79459381103516,123.0,17270.919921875,-0.0,1438.857666015625,1.0,283.1499938964844,286.3795471191406,292.2953186035156,293.5412292480469,293.1499938964844,293.1499938964844,283.1499938964844,19915.072265625,18000.0,313.1499938964844,0.0,18000.0,1.0,0.0,0.0,0.0,1.0,0.6066609025001526,1.0,0.0,0.0,1.2725216150283811,1.2725273370742798,1.0804975403289065e-07,4.265924453735352,4.265914440155029,9.78592834144365e-06,0.0,0.0,-0.0,4492.50634765625,0.0,105.50345611572266,1895.4371337890625,0.0,966.5202026367188,0.3710411190986633,1.0,0.0,3.0,1.0,0.0
12422160,297.037353515625,297.1499938964844,293.1499938964844,0.0,-0.0,287.12158203125,0.7268933653831482,0.2137532234191894,0.1952781677246093,296.97882080078125,297.1499938964844,293.1499938964844,0.0,-0.0,287.1226501464844,0.8963048458099365,0.4092930853366852,0.3899278342723846,297.1654663085937,297.1499938964844,293.1499938964844,0.0,-0.0,287.1229553222656,0.9990000128746032,0.6487242579460144,0.3984709680080414,297.0211486816406,297.1499938964844,293.1499938964844,0.0,-0.0,287.1222229003906,0.8113263249397278,0.300188273191452,0.2871803343296051,297.0467224121094,297.1499938964844,293.1499938964844,0.0,-0.0,287.1212158203125,0.6899489164352417,0.182614117860794,0.8359609842300415,287.1225280761719,288.57080078125,291.2300109863281,289.33447265625,291.23162841796875,297.089599609375,287.1253356933594,1.0,0.4892528653144836,1.0,1.0,0.0,1.0,-2.5292437076568604,2.529238700866699,5.145099294168176e-06,1.954461932182312,0.5629782676696777,0.5629782676696777,0.0,120.19388580322266,126.0,16839.921875,-0.0,1441.946533203125,1.0,283.1499938964844,286.4068298339844,292.26190185546875,293.4821472167969,293.1499938964844,293.1499938964844,283.1499938964844,19866.990234375,18000.0,313.1499938964844,0.0,18000.0,1.0,0.0,0.0,0.0,1.0,0.5993116497993469,1.0,0.0,0.0,1.230137586593628,1.2301430702209473,1.0097195968228337e-07,4.265924453735352,4.265914440155029,9.78592834144365e-06,0.0,0.0,-0.0,4464.77294921875,0.0,98.47693634033205,1895.4371337890625,0.0,924.9741821289062,0.3632998168468475,1.0,0.0,3.0,1.0,0.0
12422220,297.0360412597656,297.1499938964844,293.1499938964844,0.0,-0.0,287.1636657714844,0.722706139087677,0.2125942707061767,0.1943231523036956,296.9776611328125,297.1499938964844,293.1499938964844,0.0,-0.0,287.16473388671875,0.8909203410148621,0.4076168835163116,0.3884400427341461,297.1436767578125,297.1499938964844,293.1499938964844,0.0,-0.0,287.16510009765625,0.9990000128746032,0.6466955542564392,0.4039775133132934,297.01934814453125,297.1499938964844,293.1499938964844,0.0,-0.0,287.164306640625,0.8065292835235596,0.2988345026969909,0.2859947085380554,297.044921875,297.1499938964844,293.1499938964844,0.0,-0.0,287.16326904296875,0.6852340698242188,0.1814923584461212,0.8313611745834351,287.1646423339844,288.6362609863281,291.1771850585937,289.2890625,291.1788330078125,297.0780334472656,287.16748046875,1.0,0.4902835190296173,1.0,1.0,0.0,1.0,-2.525973558425904,2.525968551635742,5.13184068040573e-06,1.951952338218689,0.5486476421356201,0.5486476421356201,0.0,122.2501220703125,126.0,16216.630859375,-0.0,1446.5419921875,1.0,283.1499938964844,286.446533203125,292.2137756347656,293.3968200683594,293.1499938964844,293.1499938964844,283.1499938964844,19794.232421875,18000.0,313.1499938964844,0.0,18000.0,1.0,0.0,0.0,0.0,1.0,0.5883899331092834,1.0,0.0,0.0,1.1700013875961304,1.1700066328048706,9.1341085806107e-08,4.265924453735352,4.265914440155029,9.78592834144365e-06,0.0,0.0,-0.0,4425.07666015625,0.0,89.09957122802734,1895.4371337890625,0.0,866.2049560546875,0.3525209426879883,1.0,0.0,3.0,1.0,0.0
12422280,297.0355529785156,297.1499938964844,293.1499938964844,0.0,-0.0,287.18023681640625,0.7210743427276611,0.2121418863534927,0.1939506232738495,296.97723388671875,297.1499938964844,293.1499938964844,0.0,-0.0,287.18133544921875,0.8888464570045471,0.4069639146327972,0.3878608047962188,297.1350402832031,297.1499938964844,293.1499938964844,0.0,-0.0,287.18170166015625,0.9990000128746032,0.645837128162384,0.4061259627342224,297.0186767578125,297.1499938964844,293.1499938964844,0.0,-0.0,287.180908203125,0.8046268224716187,0.2983051836490631,0.2855314016342163,297.0442199707031,297.1499938964844,293.1499938964844,0.0,-0.0,287.17987060546875,0.6834133267402649,0.1810534745454788,0.8295614123344421,287.18121337890625,288.6617431640625,291.1566772460937,289.2714538574219,291.1582946777344,297.0736389160156,287.1841125488281,1.0,0.490690141916275,1.0,1.0,0.0,1.0,-2.5246922969818115,2.5246872901916504,5.126651103637414e-06,1.950969219207764,0.5430187582969666,0.5430187582969666,0.0,123.06031799316406,129.0,15973.654296875,-0.0,1448.3583984375,1.0,283.1499938964844,286.46209716796875,292.195068359375,293.3636169433594,293.1499938964844,293.1499938964844,283.1499938964844,19764.46484375,18000.0,313.1499938964844,0.0,18000.0,1.0,0.0,0.0,0.0,1.0,0.5840352177619934,1.0,0.0,0.0,1.146929144859314,1.1469343900680542,8.777413995630925e-08,4.265924453735352,4.265914440155029,9.78592834144365e-06,0.0,0.0,-0.0,4409.7392578125,0.0,85.6800308227539,1895.4371337890625,0.0,843.764892578125,0.3484522700309753,1.0,0.0,3.0,1.0,0.0
12422340,297.0338134765625,297.1499938964844,293.1499938964844,0.0,-0.0,287.240234375,0.7151923179626465,0.2105181366205215,0.1926144510507583,296.97576904296875,297.1499938964844,293.1499938964844,0.0,-0.0,287.2413635253906,0.8815554976463318,0.4046265780925751,0.3857887387275696,297.10333251953125,297.1499938964844,293.1499938964844,0.0,-0.0,287.2417297363281,0.9990000128746032,0.6424322724342346,0.4138076305389404,297.0162658691406,297.1499938964844,293.1499938964844,0.0,-0.0,287.24090576171875,0.7978756427764893,0.296399712562561,0.283864825963974,297.0418701171875,297.1499938964844,293.1499938964844,0.0,-0.0,287.2398376464844,0.6769943237304688,0.179475799202919,0.823091447353363,287.2412414550781,288.7526550292969,291.0833435058594,289.2089538574219,291.0849609375,297.0586242675781,287.2441711425781,1.0,0.4921593964099884,1.0,1.0,0.0,1.0,-2.5200510025024414,2.520045757293701,5.107873221277259e-06,1.947407603263855,0.522657036781311,0.522657036781311,0.0,125.99227905273438,117.0,15105.0517578125,-0.0,1454.907470703125,1.0,283.1499938964844,286.5179748535156,292.1287841796875,293.245361328125,293.1499938964844,293.1499938964844,283.1499938964844,19651.736328125,18000.0,313.1499938964844,0.0,18000.0,1.0,0.0,0.0,0.0,1.0,0.5679956674575806,1.0,0.0,0.0,1.0661375522613523,1.0661425590515137,7.584376504610192e-08,4.265924453735352,4.265914440155029,9.78592834144365e-06,0.0,0.0,-0.0,4355.56103515625,0.0,74.45907592773438,1895.4371337890625,0.0,765.7896118164062,0.3345284759998321,1.0,0.0,3.0,1.0,0.0
12422400,297.0338134765625,297.1499938964844,293.1499938964844,0.0,-0.0,287.240234375,0.7151923179626465,0.2105181366205215,0.1926144510507583,296.97576904296875,297.1499938964844,293.1499938964844,0.0,-0.0,287.2413635253906,0.8815554976463318,0.4046265780925751,0.3857887387275696,297.10333251953125,297.1499938964844,293.1499938964844,0.0,-0.0,287.2417297363281,0.9990000128746032,0.6424322724342346,0.4138076305389404,297.0162658691406,297.1499938964844,293.1499938964844,0.0,-0.0,287.24090576171875,0.7978756427764893,0.296399712562561,0.283864825963974,297.0418701171875,297.1499938964844,293.1499938964844,0.0,-0.0,287.2398376464844,0.6769943237304688,0.179475799202919,0.823091447353363,287.2412414550781,288.7526550292969,291.0833435058594,289.2089538574219,291.0849609375,297.0586242675781,287.2441711425781,1.0,0.4921593964099884,1.0,1.0,0.0,1.0,-2.5200510025024414,2.520045757293701,5.107873221277259e-06,1.947407603263855,0.522657036781311,0.522657036781311,0.0,125.99227905273438,117.0,15105.0517578125,-0.0,1454.907470703125,1.0,283.1499938964844,286.5179748535156,292.1287841796875,293.245361328125,293.1499938964844,293.1499938964844,283.1499938964844,19651.736328125,18000.0,313.1499938964844,0.0,18000.0,1.0,0.0,0.0,0.0,1.0,0.5679956674575806,1.0,0.0,0.0,1.0661375522613523,1.0661425590515137,7.584376504610192e-08,4.265924453735352,4.265914440155029,9.78592834144365e-06,0.0,0.0,-0.0,4355.56103515625,0.0,74.45907592773438,1895.4371337890625,0.0,765.7896118164062,0.3345284759998321,1.0,0.0,3.0,1.0,0.0
12422460,297.0319519042969,297.1499938964844,293.1499938964844,0.0,-0.0,287.29510498046875,0.7146514654159546,0.2088580280542373,0.1911023706197738,296.9740905761719,297.1499938964844,293.1499938964844,0.0,-0.0,287.2960510253906,0.8814647197723389,0.4022479057312011,0.3835316300392151,297.080078125,297.1499938964844,293.1499938964844,0.0,-0.0,287.29638671875,0.9990000128746032,0.639462411403656,0.4115109443664551,297.0136413574219,297.1499938964844,293.1499938964844,0.0,-0.0,287.2956848144531,0.7975932955741882,0.2944384813308716,0.281998336315155,297.0394592285156,297.1499938964844,293.1499938964844,0.0,-0.0,287.2947692871094,0.6761771440505981,0.177861601114273,0.8157355189323425,287.29595947265625,288.8435974121094,291.010009765625,289.1470947265625,291.0116577148437,297.0481262207031,287.2983703613281,1.0,0.4883335530757904,1.0,1.0,0.0,1.0,-2.501699686050415,2.501694679260254,5.034170499129687e-06,1.9334269762039185,0.5017927885055542,0.5017927885055542,0.0,124.46099853515624,105.0,14215.3955078125,-0.0,1424.5673828125,1.0,283.1499938964844,286.5707702636719,292.06317138671875,293.1273803710937,293.1499938964844,293.1499938964844,283.1499938964844,19532.84765625,18000.0,313.1499938964844,0.0,18000.0,1.0,0.0,0.0,0.0,1.0,0.5512184500694275,1.0,0.0,0.0,0.9879801869392396,0.9879849553108216,6.5131331439261e-08,4.265924453735352,4.265914440155029,9.78592834144365e-06,0.0,0.0,-0.0,4301.8271484375,0.0,64.67711639404297,1895.4371337890625,0.0,691.6950073242188,0.3215905725955963,1.0,0.0,3.0,1.0,0.0
12422520,297.0319519042969,297.1499938964844,293.1499938964844,0.0,-0.0,287.29510498046875,0.7146514654159546,0.2088580280542373,0.1911023706197738,296.9740905761719,297.1499938964844,293.1499938964844,0.0,-0.0,287.2960510253906,0.8814647197723389,0.4022479057312011,0.3835316300392151,297.080078125,297.1499938964844,293.1499938964844,0.0,-0.0,287.29638671875,0.9990000128746032,0.639462411403656,0.4115109443664551,297.0136413574219,297.1499938964844,293.1499938964844,0.0,-0.0,287.2956848144531,0.7975932955741882,0.2944384813308716,0.281998336315155,297.0394592285156,297.1499938964844,293.1499938964844,0.0,-0.0,287.2947692871094,0.6761771440505981,0.177861601114273,0.8157355189323425,287.29595947265625,288.8435974121094,291.010009765625,289.1470947265625,291.0116577148437,297.0481262207031,287.2983703613281,1.0,0.4883335530757904,1.0,1.0,0.0,1.0,-2.501699686050415,2.501694679260254,5.034170499129687e-06,1.9334269762039185,0.5017927885055542,0.5017927885055542,0.0,124.46099853515624,105.0,14215.3955078125,-0.0,1424.5673828125,1.0,283.1499938964844,286.5707702636719,292.06317138671875,293.1273803710937,293.1499938964844,293.1499938964844,283.1499938964844,19532.84765625,18000.0,313.1499938964844,0.0,18000.0,1.0,0.0,0.0,0.0,1.0,0.5512184500694275,1.0,0.0,0.0,0.9879801869392396,0.9879849553108216,6.5131331439261e-08,4.265924453735352,4.265914440155029,9.78592834144365e-06,0.0,0.0,-0.0,4301.8271484375,0.0,64.67711639404297,1895.4371337890625,0.0,691.6950073242188,0.3215905725955963,1.0,0.0,3.0,1.0,0.0
12422580,297.0301208496094,297.1499938964844,293.1499938964844,0.0,-0.0,287.3424987792969,0.7182284593582153,0.2071752250194549,0.1894543170928955,296.9721374511719,297.1499938964844,293.1499938964844,0.0,-0.0,287.3433532714844,0.8868396282196045,0.3998224437236786,0.381112664937973,297.079833984375,297.1499938964844,293.1499938964844,0.0,-0.0,287.3436279296875,0.9990000128746032,0.6385286450386047,0.4017023146152496,297.01080322265625,297.1499938964844,293.1499938964844,0.0,-0.0,287.343017578125,0.8022220730781555,0.2924243807792663,0.2799621224403381,297.0372314453125,297.1499938964844,293.1499938964844,0.0,-0.0,287.3421936035156,0.6796061396598816,0.1762356460094452,0.8077349662780762,287.34326171875,288.9345397949219,290.9366760253906,289.0860290527344,290.9383239746094,297.04620361328125,287.3453674316406,1.0,0.4811016619205475,1.0,1.0,0.0,1.0,-2.4729771614074707,2.4729721546173096,4.919393177260645e-06,1.9112755060195925,0.4802919030189514,0.4802919030189514,0.0,119.60746002197266,108.0,13367.5341796875,-0.0,1367.5130615234375,1.0,283.1499938964844,286.6319885253906,291.9988098144531,293.01153564453125,293.1499938964844,293.1499938964844,283.1499938964844,19414.203125,18000.0,313.1499938964844,0.0,18000.0,1.0,0.0,0.0,0.0,1.0,0.5337385535240173,1.0,0.0,0.0,0.9124438166618348,0.9124483466148376,5.5552767719291296e-08,4.265924453735352,4.265914440155029,9.78592834144365e-06,0.0,0.0,-0.0,4250.68310546875,0.0,56.17043685913086,1895.4371337890625,0.0,622.020751953125,0.3096419274806976,1.0,0.0,3.0,1.0,0.0
12422640,297.0301208496094,297.1499938964844,293.1499938964844,0.0,-0.0,287.3424987792969,0.7182284593582153,0.2071752250194549,0.1894543170928955,296.9721374511719,297.1499938964844,293.1499938964844,0.0,-0.0,287.3433532714844,0.8868396282196045,0.3998224437236786,0.381112664937973,297.079833984375,297.1499938964844,293.1499938964844,0.0,-0.0,287.3436279296875,0.9990000128746032,0.6385286450386047,0.4017023146152496,297.01080322265625,297.1499938964844,293.1499938964844,0.0,-0.0,287.343017578125,0.8022220730781555,0.2924243807792663,0.2799621224403381,297.0372314453125,297.1499938964844,293.1499938964844,0.0,-0.0,287.3421936035156,0.6796061396598816,0.1762356460094452,0.8077349662780762,287.34326171875,288.9345397949219,290.9366760253906,289.0860290527344,290.9383239746094,297.04620361328125,287.3453674316406,1.0,0.4811016619205475,1.0,1.0,0.0,1.0,-2.4729771614074707,2.4729721546173096,4.919393177260645e-06,1.9112755060195925,0.4802919030189514,0.4802919030189514,0.0,119.60746002197266,108.0,13367.5341796875,-0.0,1367.5130615234375,1.0,283.1499938964844,286.6319885253906,291.9988098144531,293.01153564453125,293.1499938964844,293.1499938964844,283.1499938964844,19414.203125,18000.0,313.1499938964844,0.0,18000.0,1.0,0.0,0.0,0.0,1.0,0.5337385535240173,1.0,0.0,0.0,0.9124438166618348,0.9124483466148376,5.5552767719291296e-08,4.265924453735352,4.265914440155029,9.78592834144365e-06,0.0,0.0,-0.0,4250.68310546875,0.0,56.17043685913086,1895.4371337890625,0.0,622.020751953125,0.3096419274806976,1.0,0.0,3.0,1.0,0.0
12422700,297.029296875,297.1499938964844,293.1499938964844,0.0,-0.0,287.36590576171875,0.7190335392951965,0.2063354104757309,0.188654363155365,296.97119140625,297.1499938964844,293.1499938964844,0.0,-0.0,287.36688232421875,0.8882430791854858,0.3986027240753174,0.3799193799495697,297.08599853515625,297.1499938964844,293.1499938964844,0.0,-0.0,287.3671875,0.9990000128746032,0.638687789440155,0.3985997438430786,297.0094299316406,297.1499938964844,293.1499938964844,0.0,-0.0,287.3664855957031,0.8033662438392639,0.2914083003997803,0.2789586186408996,297.03631591796875,297.1499938964844,293.1499938964844,0.0,-0.0,287.3655700683594,0.680324375629425,0.1754315346479416,0.8038833141326904,287.36676025390625,288.9800109863281,290.8999938964844,289.05584716796875,290.90167236328125,297.0477905273437,287.36920166015625,1.0,0.4787033200263977,1.0,1.0,0.0,1.0,-2.4610116481781006,2.4610068798065186,4.871685177931795e-06,1.901893615722656,0.4693155288696289,0.4693155288696289,0.0,117.99403381347656,108.0,12951.615234375,-0.0,1345.813720703125,1.0,283.1499938964844,286.6630249023437,291.967529296875,292.9548645019531,293.1499938964844,293.1499938964844,283.1499938964844,19354.802734375,18000.0,313.1499938964844,0.0,18000.0,1.0,0.0,0.0,0.0,1.0,0.5248497724533081,1.0,0.0,0.0,0.8757610321044922,0.8757655024528503,5.117580670344069e-08,4.265924453735352,4.265914440155029,9.78592834144365e-06,0.0,0.0,-0.0,4225.740234375,0.0,52.35295104980469,1895.4371337890625,0.0,589.3350219726562,0.304037868976593,1.0,0.0,3.0,1.0,0.0
12422760,297.02850341796875,297.1499938964844,293.1499938964844,0.0,-0.0,287.3916015625,0.7190357446670532,0.2054944932460785,0.1878779977560043,296.97027587890625,297.1499938964844,293.1499938964844,0.0,-0.0,287.392578125,0.888561487197876,0.3973813354969024,0.3787481784820556,297.0910949707031,297.1499938964844,293.1499938964844,0.0,-0.0,287.3929138183594,0.9990000128746032,0.6387866735458374,0.3969554901123047,297.0080871582031,297.1499938964844,293.1499938964844,0.0,-0.0,287.3921813964844,0.8035311698913574,0.2903863489627838,0.2779746055603027,297.0354919433594,297.1499938964844,293.1499938964844,0.0,-0.0,287.3912353515625,0.680205225944519,0.1746308356523513,0.8001728653907776,287.3924865722656,289.02545166015625,290.86334228515625,289.0259094238281,290.8650207519531,297.04931640625,287.3950500488281,1.0,0.4768196642398834,1.0,1.0,0.0,1.0,-2.4510538578033447,2.4510490894317627,4.832299509871518e-06,1.8941571712493896,0.4582287967205047,0.4582287967205047,0.0,117.02745819091795,111.0,12543.0625,-0.0,1329.4659423828125,1.0,283.1499938964844,286.6956787109375,291.936767578125,292.8991394042969,293.1499938964844,293.1499938964844,283.1499938964844,19294.673828125,18000.0,313.1499938964844,0.0,18000.0,1.0,0.0,0.0,0.0,1.0,0.5158891081809998,1.0,0.0,0.0,0.8399770259857178,0.8399814367294312,4.7079112164283294e-08,4.265924453735352,4.265914440155029,9.78592834144365e-06,0.0,0.0,-0.0,4201.49462890625,0.0,48.81380844116211,1895.4371337890625,0.0,558.1453857421875,0.2986884713172912,1.0,0.0,3.0,1.0,0.0
12422820,297.0270080566406,297.1499938964844,293.1499938964844,0.0,-0.0,287.44549560546875,0.7175220847129822,0.2038027495145797,0.186357244849205,296.96856689453125,297.1499938964844,293.1499938964844,0.0,-0.0,287.4465637207031,0.8871647119522095,0.3949328362941742,0.3764413893222809,297.0950622558594,297.1499938964844,293.1499938964844,0.0,-0.0,287.4468994140625,0.9990000128746032,0.638450562953949,0.396354079246521,297.0054626464844,297.1499938964844,293.1499938964844,0.0,-0.0,287.4461364746094,0.80201655626297,0.2883206605911255,0.2760282158851623,297.03399658203125,297.1499938964844,293.1499938964844,0.0,-0.0,287.4450988769531,0.6783850789070129,0.1730265021324157,0.792952835559845,287.4464416503906,289.11639404296875,290.7900085449219,288.96685791015625,290.79168701171875,297.05029296875,287.4491882324219,1.0,0.4743110239505768,1.0,1.0,0.0,1.0,-2.4347164630889893,2.4347116947174072,4.768060534843244e-06,1.881475806236267,0.4357119798660278,0.4357119798660278,0.0,116.26303100585938,114.0,11743.962890625,-0.0,1306.30517578125,1.0,283.1499938964844,286.7630615234375,291.874755859375,292.7846374511719,293.1499938964844,293.1499938964844,283.1499938964844,19176.232421875,18000.0,313.1499938964844,0.0,18000.0,1.0,0.0,0.0,0.0,1.0,0.4975696206092834,1.0,0.0,0.0,0.7712441682815552,0.7712484002113342,3.9689645348062186e-08,4.265924453735352,4.265914440155029,9.78592834144365e-06,0.0,0.0,-0.0,4007.466064453125,0.0,42.50392532348633,1895.4371337890625,0.0,499.5234680175781,0.2887279093265533,1.0,0.0,3.0,1.0,0.0
12422880,297.0270080566406,297.1499938964844,293.1499938964844,0.0,-0.0,287.44549560546875,0.7175220847129822,0.2038027495145797,0.186357244849205,296.96856689453125,297.1499938964844,293.1499938964844,0.0,-0.0,287.4465637207031,0.8871647119522095,0.3949328362941742,0.3764413893222809,297.0950622558594,297.1499938964844,293.1499938964844,0.0,-0.0,287.4468994140625,0.9990000128746032,0.638450562953949,0.396354079246521,297.0054626464844,297.1499938964844,293.1499938964844,0.0,-0.0,287.4461364746094,0.80201655626297,0.2883206605911255,0.2760282158851623,297.03399658203125,297.1499938964844,293.1499938964844,0.0,-0.0,287.4450988769531,0.6783850789070129,0.1730265021324157,0.792952835559845,287.4464416503906,289.11639404296875,290.7900085449219,288.96685791015625,290.79168701171875,297.05029296875,287.4491882324219,1.0,0.4743110239505768,1.0,1.0,0.0,1.0,-2.4347164630889893,2.4347116947174072,4.768060534843244e-06,1.881475806236267,0.4357119798660278,0.4357119798660278,0.0,116.26303100585938,114.0,11743.962890625,-0.0,1306.30517578125,1.0,283.1499938964844,286.7630615234375,291.874755859375,292.7846374511719,293.1499938964844,293.1499938964844,283.1499938964844,19176.232421875,18000.0,313.1499938964844,0.0,18000.0,1.0,0.0,0.0,0.0,1.0,0.4975696206092834,1.0,0.0,0.0,0.7712441682815552,0.7712484002113342,3.9689645348062186e-08,4.265924453735352,4.265914440155029,9.78592834144365e-06,0.0,0.0,-0.0,4007.466064453125,0.0,42.50392532348633,1895.4371337890625,0.0,499.5234680175781,0.2887279093265533,1.0,0.0,3.0,1.0,0.0
12422940,297.0254821777344,297.1499938964844,293.1499938964844,0.0,-0.0,287.5010681152344,0.7144280076026917,0.2020909190177917,0.1848593950271606,296.96697998046875,297.1499938964844,293.1499938964844,0.0,-0.0,287.5021667480469,0.8837333917617798,0.3924716413021087,0.3741651773452759,297.0895080566406,297.1499938964844,293.1499938964844,0.0,-0.0,287.5025329589844,0.9990000128746032,0.6372007727622986,0.3984476029872894,297.0027770996094,297.1499938964844,293.1499938964844,0.0,-0.0,287.5017395019531,0.7986392974853516,0.2862195968627929,0.2740913331508636,297.032470703125,297.1499938964844,293.1499938964844,0.0,-0.0,287.50067138671875,0.6749723553657532,0.1714044213294983,0.7858667373657227,287.5020446777344,289.20733642578125,290.7166748046875,288.9090270996094,290.7183837890625,297.0475158691406,287.5048522949219,1.0,0.4730556607246399,1.0,1.0,0.0,1.0,-2.4218549728393555,2.421850204467773,4.717827778222272e-06,1.871506929397583,0.4127361476421356,0.4127361476421356,0.0,116.66383361816406,117.0,10969.173828125,-0.0,1292.3968505859375,1.0,283.1499938964844,286.8316650390625,291.806396484375,292.6584777832031,293.1499938964844,293.1499938964844,283.1499938964844,19067.126953125,18000.0,313.1499938964844,0.0,18000.0,1.0,0.0,0.0,0.0,1.0,0.4770961701869964,1.0,0.0,0.0,0.706487774848938,0.7064918875694275,3.330448805627384e-08,4.265924453735352,4.265914440155029,9.78592834144365e-06,0.0,0.0,-0.0,3732.454833984375,0.0,37.11152267456055,1895.4371337890625,0.0,441.4304809570313,0.2796948254108429,1.0,0.0,3.0,1.0,0.0
12423000,297.0254821777344,297.1499938964844,293.1499938964844,0.0,-0.0,287.5010681152344,0.7144280076026917,0.2020909190177917,0.1848593950271606,296.96697998046875,297.1499938964844,293.1499938964844,0.0,-0.0,287.5021667480469,0.8837333917617798,0.3924716413021087,0.3741651773452759,297.0895080566406,297.1499938964844,293.1499938964844,0.0,-0.0,287.5025329589844,0.9990000128746032,0.6372007727622986,0.3984476029872894,297.0027770996094,297.1499938964844,293.1499938964844,0.0,-0.0,287.5017395019531,0.7986392974853516,0.2862195968627929,0.2740913331508636,297.032470703125,297.1499938964844,293.1499938964844,0.0,-0.0,287.50067138671875,0.6749723553657532,0.1714044213294983,0.7858667373657227,287.5020446777344,289.20733642578125,290.7166748046875,288.9090270996094,290.7183837890625,297.0475158691406,287.5048522949219,1.0,0.4730556607246399,1.0,1.0,0.0,1.0,-2.4218549728393555,2.421850204467773,4.717827778222272e-06,1.871506929397583,0.4127361476421356,0.4127361476421356,0.0,116.66383361816406,117.0,10969.173828125,-0.0,1292.3968505859375,1.0,283.1499938964844,286.8316650390625,291.806396484375,292.6584777832031,293.1499938964844,293.1499938964844,283.1499938964844,19067.126953125,18000.0,313.1499938964844,0.0,18000.0,1.0,0.0,0.0,0.0,1.0,0.4770961701869964,1.0,0.0,0.0,0.706487774848938,0.7064918875694275,3.330448805627384e-08,4.265924453735352,4.265914440155029,9.78592834144365e-06,0.0,0.0,-0.0,3732.454833984375,0.0,37.11152267456055,1895.4371337890625,0.0,441.4304809570313,0.2796948254108429,1.0,0.0,3.0,1.0,0.0
12423060,297.0238952636719,297.1499938964844,293.1499938964844,0.0,-0.0,287.5567932128906,0.7101390361785889,0.2003516107797622,0.1833658516407013,296.96533203125,297.1499938964844,293.1499938964844,0.0,-0.0,287.5578918457031,0.8789483904838562,0.3899885416030884,0.371899276971817,297.0755310058594,297.1499938964844,293.1499938964844,0.0,-0.0,287.5582580566406,0.9990000128746032,0.6350235939025879,0.4023959338665008,297.0000305175781,297.1499938964844,293.1499938964844,0.0,-0.0,287.5574645996094,0.7939960360527039,0.2840751707553863,0.2721442580223083,297.0308837890625,297.1499938964844,293.1499938964844,0.0,-0.0,287.556396484375,0.670494556427002,0.1697526723146438,0.7787959575653076,287.55780029296875,289.2982788085937,290.6433410644531,288.8525390625,290.6450500488281,297.0414123535156,287.5605773925781,1.0,0.4726554751396179,1.0,1.0,0.0,1.0,-2.4112465381622314,2.4112417697906494,4.676626758737257e-06,1.8632973432540887,0.3892939984798431,0.3892939984798431,0.0,117.87357330322266,105.0,10219.21875,-0.0,1284.62744140625,1.0,283.1499938964844,286.9001770019531,291.7393798828125,292.5332946777344,293.1499938964844,293.1499938964844,283.1499938964844,18971.431640625,18000.0,313.1499938964844,0.0,18000.0,1.0,0.0,0.0,0.0,1.0,0.4544136524200439,1.0,0.0,0.0,0.6457735300064087,0.6457774639129639,2.7826200010849792e-08,4.265924453735352,4.265914440155029,9.78592834144365e-06,0.0,0.0,-0.0,3467.678955078125,0.0,32.50214385986328,1895.4371337890625,0.0,385.0232543945313,0.2714769840240478,1.0,0.0,3.0,1.0,0.0
12423120,297.0238952636719,297.1499938964844,293.1499938964844,0.0,-0.0,287.5567932128906,0.7101390361785889,0.2003516107797622,0.1833658516407013,296.96533203125,297.1499938964844,293.1499938964844,0.0,-0.0,287.5578918457031,0.8789483904838562,0.3899885416030884,0.371899276971817,297.0755310058594,297.1499938964844,293.1499938964844,0.0,-0.0,287.5582580566406,0.9990000128746032,0.6350235939025879,0.4023959338665008,297.0000305175781,297.1499938964844,293.1499938964844,0.0,-0.0,287.5574645996094,0.7939960360527039,0.2840751707553863,0.2721442580223083,297.0308837890625,297.1499938964844,293.1499938964844,0.0,-0.0,287.556396484375,0.670494556427002,0.1697526723146438,0.7787959575653076,287.55780029296875,289.2982788085937,290.6433410644531,288.8525390625,290.6450500488281,297.0414123535156,287.5605773925781,1.0,0.4726554751396179,1.0,1.0,0.0,1.0,-2.4112465381622314,2.4112417697906494,4.676626758737257e-06,1.8632973432540887,0.3892939984798431,0.3892939984798431,0.0,117.87357330322266,105.0,10219.21875,-0.0,1284.62744140625,1.0,283.1499938964844,286.9001770019531,291.7393798828125,292.5332946777344,293.1499938964844,293.1499938964844,283.1499938964844,18971.431640625,18000.0,313.1499938964844,0.0,18000.0,1.0,0.0,0.0,0.0,1.0,0.4544136524200439,1.0,0.0,0.0,0.6457735300064087,0.6457774639129639,2.7826200010849792e-08,4.265924453735352,4.265914440155029,9.78592834144365e-06,0.0,0.0,-0.0,3467.678955078125,0.0,32.50214385986328,1895.4371337890625,0.0,385.0232543945313,0.2714769840240478,1.0,0.0,3.0,1.0,0.0
12423180,297.02197265625,297.1499938964844,293.1499938964844,0.0,-0.0,287.6073303222656,0.7108397483825684,0.1985598653554916,0.1817031949758529,296.9633483886719,297.1499938964844,293.1499938964844,0.0,-0.0,287.6082458496094,0.8805656433105469,0.3874479532241821,0.3694554567337036,297.0644836425781,297.1499938964844,293.1499938964844,0.0,-0.0,287.60858154296875,0.9990000128746032,0.6329434514045715,0.3975972831249237,296.9968566894531,297.1499938964844,293.1499938964844,0.0,-0.0,287.6078796386719,0.7951115965843201,0.2818559110164642,0.2700008749961853,297.0289001464844,297.1499938964844,293.1499938964844,0.0,-0.0,287.60699462890625,0.6709083318710327,0.1680440604686737,0.7708618640899658,287.608154296875,289.3891906738281,290.57000732421875,288.79754638671875,290.5717163085937,297.0360412597656,287.6104431152344,1.0,0.4674822390079498,1.0,1.0,0.0,1.0,-2.388457536697388,2.3884527683258057,4.58909153167042e-06,1.8458447456359863,0.3652871549129486,0.3652871549129486,0.0,115.27639770507812,108.0,9476.537109375,-0.0,1246.9488525390625,1.0,283.1499938964844,286.96533203125,291.6776428222656,292.41424560546875,293.1499938964844,293.1499938964844,283.1499938964844,18873.63671875,18000.0,313.1499938964844,0.0,18000.0,1.0,0.0,0.0,0.0,1.0,0.4303724765777588,1.0,0.0,0.0,0.5886372327804565,0.5886411070823669,2.312006053273308e-08,4.265924453735352,4.265914440155029,9.78592834144365e-06,0.0,0.0,-0.0,3209.4443359375,0.0,28.50317001342773,1895.4371337890625,0.0,332.8678894042969,0.2640561163425445,1.0,0.0,3.0,1.0,0.0
12423240,297.02197265625,297.1499938964844,293.1499938964844,0.0,-0.0,287.6073303222656,0.7108397483825684,0.1985598653554916,0.1817031949758529,296.9633483886719,297.1499938964844,293.1499938964844,0.0,-0.0,287.6082458496094,0.8805656433105469,0.3874479532241821,0.3694554567337036,297.0644836425781,297.1499938964844,293.1499938964844,0.0,-0.0,287.60858154296875,0.9990000128746032,0.6329434514045715,0.3975972831249237,296.9968566894531,297.1499938964844,293.1499938964844,0.0,-0.0,287.6078796386719,0.7951115965843201,0.2818559110164642,0.2700008749961853,297.0289001464844,297.1499938964844,293.1499938964844,0.0,-0.0,287.60699462890625,0.6709083318710327,0.1680440604686737,0.7708618640899658,287.608154296875,289.3891906738281,290.57000732421875,288.79754638671875,290.5717163085937,297.0360412597656,287.6104431152344,1.0,0.4674822390079498,1.0,1.0,0.0,1.0,-2.388457536697388,2.3884527683258057,4.58909153167042e-06,1.8458447456359863,0.3652871549129486,0.3652871549129486,0.0,115.27639770507812,108.0,9476.537109375,-0.0,1246.9488525390625,1.0,283.1499938964844,286.96533203125,291.6776428222656,292.41424560546875,293.1499938964844,293.1499938964844,283.1499938964844,18873.63671875,18000.0,313.1499938964844,0.0,18000.0,1.0,0.0,0.0,0.0,1.0,0.4303724765777588,1.0,0.0,0.0,0.5886372327804565,0.5886411070823669,2.312006053273308e-08,4.265924453735352,4.265914440155029,9.78592834144365e-06,0.0,0.0,-0.0,3209.4443359375,0.0,28.50317001342773,1895.4371337890625,0.0,332.8678894042969,0.2640561163425445,1.0,0.0,3.0,1.0,0.0
12423300,297.02105712890625,297.1499938964844,293.1499938964844,0.0,-0.0,287.6309814453125,0.7105371356010437,0.1976596415042877,0.1808769106864929,296.9623413085937,297.1499938964844,293.1499938964844,0.0,-0.0,287.6319580078125,0.8805635571479797,0.3861661851406097,0.3682327270507812,297.0638427734375,297.1499938964844,293.1499938964844,0.0,-0.0,287.6322937011719,0.9990000128746032,0.6323413848876953,0.3962841629981994,296.99530029296875,297.1499938964844,293.1499938964844,0.0,-0.0,287.6315612792969,0.7949240207672119,0.2807311117649078,0.2689242660999298,297.0279846191406,297.1499938964844,293.1499938964844,0.0,-0.0,287.630615234375,0.6704795360565186,0.1671864837408065,0.7669180631637573,287.6318664550781,289.4346618652344,290.5333251953125,288.7706298828125,290.5350646972656,297.0352478027344,287.6343688964844,1.0,0.4658514559268951,1.0,1.0,0.0,1.0,-2.378378391265869,2.378373861312866,4.550305675365962e-06,1.8379383087158203,0.3530494570732116,0.3530494570732116,0.0,114.44358825683594,108.0,9117.03125,-0.0,1231.7734375,1.0,283.1499938964844,286.99639892578125,291.6485595703125,292.3569030761719,293.1499938964844,293.1499938964844,283.1499938964844,18823.275390625,18000.0,313.1499938964844,0.0,18000.0,1.0,0.0,0.0,0.0,1.0,0.4180524051189422,1.0,0.0,0.0,0.5613288283348083,0.5613327026367188,2.1024622043341882e-08,4.265924453735352,4.265914440155029,9.78592834144365e-06,0.0,0.0,-0.0,3082.551513671875,0.0,26.69758987426757,1895.4371337890625,0.0,308.6592102050781,0.260660707950592,1.0,0.0,3.0,1.0,0.0
12423360,297.0201721191406,297.1499938964844,293.1499938964844,0.0,-0.0,287.6576232910156,0.7095403075218201,0.1967563480138778,0.1800666451454162,296.9613342285156,297.1499938964844,293.1499938964844,0.0,-0.0,287.6587219238281,0.879698634147644,0.3848805427551269,0.3670240938663482,297.0624389648437,297.1499938964844,293.1499938964844,0.0,-0.0,287.6591186523437,0.9990000128746032,0.6316569447517395,0.3961257040500641,296.99371337890625,297.1499938964844,293.1499938964844,0.0,-0.0,287.6582946777344,0.7939504981040955,0.2795979976654053,0.2678588628768921,297.027099609375,297.1499938964844,293.1499938964844,0.0,-0.0,287.6571960449219,0.6693896055221558,0.166326954960823,0.7630622982978821,287.6586303710937,289.4801330566406,290.4966735839844,288.744140625,290.4984130859375,297.0342712402344,287.66143798828125,1.0,0.4645905494689941,1.0,1.0,0.0,1.0,-2.3698489665985107,2.369844436645508,4.517745765042491e-06,1.83131754398346,0.3407172262668609,0.3407172262668609,0.0,114.1135711669922,111.0,8784.6845703125,-0.0,1220.5291748046875,1.0,283.1499938964844,287.0317687988281,291.6206970214844,292.30157470703125,293.1499938964844,293.1499938964844,283.1499938964844,18772.48046875,18000.0,313.1499938964844,0.0,18000.0,1.0,0.0,0.0,0.0,1.0,0.4056290686130523,1.0,0.0,0.0,0.5349880456924438,0.5349918603897095,1.909772429087297e-08,4.265924453735352,4.265914440155029,9.78592834144365e-06,0.0,0.0,-0.0,2962.12451171875,0.0,25.01673889160156,1895.4371337890625,0.0,285.6785583496094,0.2574774920940399,1.0,0.0,3.0,1.0,0.0
12423420,297.01885986328125,297.1499938964844,293.1499938964844,0.0,-0.0,287.7025451660156,0.7070450782775879,0.1953079253435135,0.1787872612476349,296.9598999023437,297.1499938964844,293.1499938964844,0.0,-0.0,287.70367431640625,0.877257227897644,0.3828235268592834,0.3651095926761627,297.0570373535156,297.1499938964844,293.1499938964844,0.0,-0.0,287.7040710449219,0.9990000128746032,0.6302325129508972,0.3972966074943542,296.9913024902344,297.1499938964844,293.1499938964844,0.0,-0.0,287.7032165527344,0.791418194770813,0.2777712047100067,0.2661618590354919,297.0257568359375,297.1499938964844,293.1499938964844,0.0,-0.0,287.7021179199219,0.6668309569358826,0.1649462878704071,0.7569741606712341,287.7035522460937,289.5528869628906,290.43798828125,288.7026672363281,290.43975830078125,297.03173828125,287.7064514160156,1.0,0.4632461667060852,1.0,1.0,0.0,1.0,-2.3580641746521,2.358059883117676,4.472974069358315e-06,1.822177767753601,0.3207665383815765,0.3207665383815765,0.0,114.19984436035156,111.0,8266.626953125,-0.0,1207.28515625,1.0,283.1499938964844,287.0953369140625,291.57965087890625,292.2190246582031,293.1499938964844,293.1499938964844,283.1499938964844,18693.615234375,18000.0,313.1499938964844,0.0,18000.0,1.0,0.0,0.0,0.0,1.0,0.3859125971794128,1.0,0.0,0.0,0.4948923885822296,0.4949102103710174,1.6342369235644583e-08,4.265924453735352,4.265914440155029,9.78592834144365e-06,0.0,0.0,-0.0,2781.293701171875,0.0,22.569801330566406,1895.4371337890625,0.0,251.5983428955078,0.2528139948844909,1.0,0.0,3.0,1.0,0.0
12423480,297.0185241699219,297.1499938964844,293.1499938964844,0.0,-0.0,287.7137756347656,0.7062804698944092,0.1949444264173507,0.1784698367118835,296.9595642089844,297.1499938964844,293.1499938964844,0.0,-0.0,287.7149353027344,0.8764827847480774,0.3823085129261017,0.364634096622467,297.05499267578125,297.1499938964844,293.1499938964844,0.0,-0.0,287.71533203125,0.9990000128746032,0.6297999024391174,0.3978141844272613,296.9906921386719,297.1499938964844,293.1499938964844,0.0,-0.0,287.7144775390625,0.7906324863433838,0.277311235666275,0.2657383382320404,297.0254211425781,297.1499938964844,293.1499938964844,0.0,-0.0,287.7133483886719,0.6660650968551636,0.1645994037389755,0.7554625272750854,287.7148132324219,289.5710754394531,290.42333984375,288.6925048828125,290.4250793457031,297.0308837890625,287.7177124023437,1.0,0.4630165100097656,1.0,1.0,0.0,1.0,-2.355408191680908,2.3554039001464844,4.462919150682865e-06,1.8201195001602173,0.3157333433628082,0.3157333433628082,0.0,114.31867980957033,99.0,8139.53271484375,-0.0,1204.7142333984375,1.0,283.1499938964844,287.1112670898437,291.5700378417969,292.19940185546875,293.1499938964844,293.1499938964844,283.1499938964844,18672.8671875,18000.0,313.1499938964844,0.0,18000.0,1.0,0.0,0.0,0.0,1.0,0.3810583651065826,1.0,0.0,0.0,0.485226571559906,0.4855028688907623,1.571023311441877e-08,4.265924453735352,4.265914440155029,9.78592834144365e-06,0.0,0.0,-0.0,2737.808837890625,0.0,22.009965896606445,1895.4371337890625,0.0,243.5703125,0.2517325580120086,1.0,0.0,3.0,1.0,0.0
12423540,297.0173034667969,297.1499938964844,293.1499938964844,0.0,-0.0,287.7501220703125,0.7068188786506653,0.1937088668346405,0.1773205995559692,296.958251953125,297.1499938964844,293.1499938964844,0.0,-0.0,287.7511901855469,0.8776736259460449,0.380564272403717,0.3629517257213592,297.04998779296875,297.1499938964844,293.1499938964844,0.0,-0.0,287.7515563964844,0.9990000128746032,0.6284939646720886,0.3943965435028076,296.988525390625,297.1499938964844,293.1499938964844,0.0,-0.0,287.7507629394531,0.7914224863052368,0.2757448554039001,0.26422318816185,297.0241394042969,297.1499938964844,293.1499938964844,0.0,-0.0,287.7497253417969,0.6663715243339539,0.1634173840284347,0.7499628663063049,287.7510986328125,289.6319885253906,290.37420654296875,288.658935546875,290.3759765625,297.0283508300781,287.7537536621094,1.0,0.4593362510204315,1.0,1.0,0.0,1.0,-2.339486598968506,2.339482069015503,4.40316898675519e-06,1.8079352378845213,0.2987137138843536,0.2987137138843536,0.0,112.50425720214844,99.0,7706.75341796875,-0.0,1179.3206787109375,1.0,283.1499938964844,287.1638488769531,291.5397033691406,292.1374206542969,293.1499938964844,293.1499938964844,283.1499938964844,18547.322265625,18000.0,313.1499938964844,0.0,18000.0,1.0,0.0,0.0,0.0,1.0,0.3651610314846039,1.0,0.0,0.0,0.4531954824924469,0.4651575684547424,1.3704545054338269e-08,4.265924453735352,4.265914440155029,9.78592834144365e-06,0.0,0.0,-0.0,2602.876220703125,0.0,20.66574478149414,1895.4371337890625,0.0,218.0172119140625,0.248626172542572,1.0,0.0,3.0,1.0,0.0
12423600,297.0167236328125,303.1499938964844,285.1499938964844,0.0,-0.0,287.767333984375,0.7078819274902344,0.0,0.1767307072877884,296.9576110839844,303.1499938964844,285.1499938964844,0.0,-0.0,287.7684020996094,0.8792416453361511,0.0,0.3620968759059906,297.05029296875,303.1499938964844,285.1499938964844,0.0,-0.0,287.7687683105469,0.9990000128746032,0.0,0.3914054036140442,296.9874572753906,303.1499938964844,285.1499938964844,0.0,-0.0,287.7679748535156,0.7926927208900452,0.0,0.2634474039077759,297.0235290527344,303.1499938964844,285.1499938964844,0.0,-0.0,287.7669372558594,0.6672608852386475,0.0,0.7471294403076172,287.768310546875,294.1499938964844,290.3500061035156,288.6427307128906,290.3517761230469,297.0279235839844,287.7709045410156,0.0,0.0,1.0,1.0,0.0,1.0,-2.329824209213257,2.329819917678833,4.366996108728927e-06,1.8004752397537231,0.0,0.0,0.0,111.05577850341795,60.0,7492.71337890625,-0.0,1162.68212890625,0.0,283.1499938964844,287.1892395019531,291.5258178710937,292.1086120605469,293.1499938964844,293.1499938964844,278.1499938964844,18458.09765625,18000.0,313.1499938964844,0.0,18000.0,0.0,0.0,0.0,0.0,0.0,0.0,0.0,0.0,0.0,0.4376928210258484,0.4634097516536712,1.2782986225090552e-08,4.265924453735352,4.265914440155029,9.78592834144365e-06,0.0,0.0,-0.0,0.0,0.0,20.38888359069824,1895.4371337890625,0.0,0.0,0.0,0.0,0.0,4.0,0.0,0.0
12423660,297.2247314453125,303.1499938964844,285.1499938964844,0.0,-0.0,287.84600830078125,0.0,0.0,0.0007060130010358,297.25,303.1499938964844,285.1499938964844,0.0,-0.0,287.8482666015625,0.3725875318050384,0.0,0.0007434671861119,297.54608154296875,303.1499938964844,285.1499938964844,0.0,-0.0,287.8485412597656,0.3725875318050384,0.0,0.0005491224001161,297.1719970703125,303.1499938964844,285.1499938964844,0.0,-0.0,287.8475036621094,0.0,0.0,0.0007434667204506,297.1398620605469,303.1499938964844,285.1499938964844,0.0,-0.0,287.8456420898437,0.0,0.0,0.0035266836639493,287.86285400390625,294.1499938964844,290.3078918457031,288.61529541015625,290.3361511230469,296.6220397949219,286.901611328125,0.0,0.0,0.7723984122276306,0.7723984122276306,0.2276015728712082,1.0,-0.0075236232951283,0.0075778262689709,-5.4202791943680495e-05,-0.0094577800482511,0.0,0.0,0.0,-0.0395650453865528,60.0,1107.81640625,-0.0,-3.859648131765425e-06,0.0,283.1748046875,287.20037841796875,291.55133056640625,291.9985046386719,293.1499938964844,293.1499938964844,278.1499938964844,8.73114913702011e-10,18000.0,313.1499938964844,0.0,18000.0,0.0,0.0,0.0,0.0,0.0,0.0,0.0,0.0,0.0,7.151789017754695e-17,7.918500080552138e-17,3.227702774931313e-22,6.157207447891888e-13,6.157192269061473e-13,1.5128139752884049e-18,0.0,0.0,-0.0,0.0,0.0,1.4712365419637455e-28,1.2342363895211433e-23,0.0,0.0,0.0,0.0,0.0,4.0,0.0,0.0
12423720,297.38299560546875,303.1499938964844,285.1499938964844,0.0,-0.0,287.84527587890625,0.0,0.0,0.0007218198734335,297.452880859375,303.1499938964844,285.1499938964844,0.0,-0.0,287.8473815917969,0.0,0.0,0.0008685077773407,297.8214416503906,303.1499938964844,285.1499938964844,0.0,-0.0,287.84771728515625,0.0,0.0,0.0005420556408353,297.3131408691406,303.1499938964844,285.1499938964844,0.0,-0.0,287.8466796875,0.0,0.0,0.001041441457346,297.2563781738281,303.1499938964844,285.1499938964844,0.0,-0.0,287.8449401855469,0.0,0.0,0.0031125417444854,287.8607482910156,294.1499938964844,290.2754821777344,288.5949401855469,290.3336181640625,296.1769714355469,286.51007080078125,0.0,0.0,0.6000000238418579,0.6000000238418579,0.4000000059604645,1.0,-0.0074772117659449,0.0072743147611618,0.0002028970047831,-0.0096712308004498,0.0,0.0,0.0,-0.0397605150938034,60.0,534.9197387695312,-0.0,-3.8813091123302e-06,0.0,283.1748046875,287.20037841796875,291.55133056640625,291.9985046386719,293.1499938964844,293.1499938964844,278.1499938964844,0.0,18000.0,313.1499938964844,0.0,18000.0,0.0,0.0,0.0,0.0,0.0,0.0,0.0,0.0,0.0,1.0176142188421246e-32,1.37065550654397e-32,1.3876436739898258e-35,-3.9209961629498794e-18,-3.918174236290156e-18,-2.8217033048033933e-21,0.0,0.0,-0.0,0.0,0.0,0.0,-0.0,0.0,0.0,0.0,0.0,0.0,4.0,0.0,0.0
12423780,297.5270080566406,303.1499938964844,285.1499938964844,0.0,-0.0,287.8442687988281,0.0,0.0,0.0001120489978347,297.6337585449219,303.1499938964844,285.1499938964844,0.0,-0.0,287.8457946777344,0.0,0.0,0.000136936068884,298.03546142578125,303.1499938964844,285.1499938964844,0.0,-0.0,287.8455810546875,0.0,0.0,0.0001197392193716,297.4443664550781,303.1499938964844,285.1499938964844,0.0,-0.0,287.8456115722656,0.0,0.0,0.0001263062149519,297.37841796875,303.1499938964844,285.1499938964844,0.0,-0.0,287.8440246582031,0.0,0.0,0.000545137154404,287.8587646484375,294.1499938964844,290.2373962402344,288.57177734375,290.3223876953125,295.53131103515625,286.3221435546875,0.0,0.0,0.4000000059604645,0.4000000059604645,0.6000000238418579,1.0,-0.0023278447333723,0.0027421559207141,-0.0004143111000303,-0.0124282371252775,0.0,0.0,0.0,-0.0137762883678078,60.0,229.00094604492188,-0.0,-1.0626301616412093e-07,0.0,283.1748046875,287.20037841796875,291.55133056640625,291.9985046386719,293.1499938964844,293.1499938964844,278.1499938964844,0.0,18000.0,313.1499938964844,0.0,18000.0,0.0,0.0,0.0,0.0,0.0,0.0,0.0,0.0,0.0,1.1210387714598537e-43,1.5134023414708024e-43,3.363116314379561e-44,-2.048142979092625e-20,-1.661097577219534e-20,-3.870453210937343e-21,0.0,0.0,-0.0,0.0,0.0,0.0,-0.0,0.0,0.0,0.0,0.0,0.0,4.0,0.0,0.0
12423840,297.6405334472656,303.1499938964844,285.1499938964844,0.0,-0.0,287.8437805175781,0.0,0.0,9.45472565945238e-05,297.7726745605469,303.1499938964844,285.1499938964844,0.0,-0.0,287.8453369140625,0.0,0.0,0.0001000029806164,298.1822204589844,303.1499938964844,285.1499938964844,0.0,-0.0,287.8451232910156,0.0,0.0,7.429377001244575e-05,297.54937744140625,303.1499938964844,285.1499938964844,0.0,-0.0,287.8459777832031,0.0,0.0,9.975559078156948e-05,297.4859924316406,303.1499938964844,285.1499938964844,0.0,-0.0,287.84356689453125,0.0,0.0,0.0004719449789263,287.858154296875,294.1499938964844,290.1987609863281,288.549072265625,290.3105163574219,294.87469482421875,286.25701904296875,0.0,0.0,0.2000000029802322,0.2000000029802322,0.800000011920929,1.0,-0.0010088868439197,0.0006564955110661,0.0003523913619574,-0.0146622443571686,0.0,0.0,0.0,-0.0077011599205434,60.0,95.6317138671875,-0.0,-6.938992669347499e-08,0.0,283.1748046875,287.20037841796875,291.55133056640625,291.9985046386719,293.1499938964844,293.1499938964844,278.1499938964844,0.0,18000.0,313.1499938964844,0.0,18000.0,0.0,0.0,0.0,0.0,0.0,0.0,0.0,0.0,0.0,0.0,0.0,0.0,-8.596886490676483e-21,-4.404063062010039e-21,-4.192823428666444e-21,0.0,0.0,-0.0,0.0,0.0,0.0,-0.0,0.0,0.0,0.0,0.0,0.0,4.0,0.0,0.0
12423900,297.73223876953125,303.1499938964844,285.1499938964844,0.0,-0.0,287.84326171875,0.0,0.0,9.411464270669968e-05,297.88153076171875,303.1499938964844,285.1499938964844,0.0,-0.0,287.8448181152344,0.0,0.0,9.911214874591678e-05,298.2887878417969,303.1499938964844,285.1499938964844,0.0,-0.0,287.8445739746094,0.0,0.0,7.320843724301085e-05,297.634033203125,303.1499938964844,285.1499938964844,0.0,-0.0,287.8454284667969,0.0,0.0,9.910901280818508e-05,297.5799865722656,303.1499938964844,285.1499938964844,0.0,-0.0,287.843017578125,0.0,0.0,0.0004701187717728,287.8572692871094,294.1499938964844,290.15966796875,288.5268249511719,290.309326171875,294.3111267089844,286.2450256347656,0.0,0.0,0.0,0.0,1.0,1.0,-0.0010028760880231,2.9422571046211488e-08,0.0010028466349467,-0.015306825749576,0.0,0.0,0.0,-0.0078887809067964,60.0,39.588626861572266,-0.0,-6.858613943450109e-08,0.0,283.1748046875,287.20037841796875,291.55133056640625,291.9985046386719,293.1499938964844,293.1499938964844,278.1499938964844,0.0,18000.0,313.1499938964844,0.0,18000.0,0.0,0.0,0.0,0.0,0.0,0.0,0.0,0.0,0.0,0.0,0.0,0.0,-8.746168357435296e-21,-4.3742062039821356e-21,-4.371961749556376e-21,0.0,0.0,-0.0,0.0,0.0,0.0,-0.0,0.0,0.0,0.0,0.0,0.0,4.0,0.0,0.0
12423960,297.807861328125,303.1499938964844,285.1499938964844,0.0,-0.0,287.8426818847656,0.0,0.0,9.410949132870884e-05,297.9686584472656,303.1499938964844,285.1499938964844,0.0,-0.0,287.8442077636719,0.0,0.0,9.910224616760388e-05,298.3705444335937,303.1499938964844,285.1499938964844,0.0,-0.0,287.8439636230469,0.0,0.0,7.319672295125201e-05,297.7032775878906,303.1499938964844,285.1499938964844,0.0,-0.0,287.8448181152344,0.0,0.0,9.910162771120667e-05,297.6618347167969,303.1499938964844,285.1499938964844,0.0,-0.0,287.8424377441406,0.0,0.0,0.0004700965073425,287.8562927246094,294.1499938964844,290.1200866699219,288.5049743652344,290.3078308105469,293.8105773925781,286.258056640625,0.0,0.0,0.0,0.0,1.0,1.0,-0.0010029022814705,6.2033964631780245e-09,0.0010028961114585,-0.0153041165322065,0.0,0.0,0.0,-0.0078880982473492,60.0,18.463594436645508,-0.0,-6.857673184867964e-08,0.0,283.1748046875,287.20037841796875,291.55133056640625,291.9985046386719,293.1499938964844,293.1499938964844,278.1499938964844,0.0,18000.0,313.1499938964844,0.0,18000.0,0.0,0.0,0.0,0.0,0.0,0.0,0.0,0.0,0.0,-0.0,-0.0,-0.0,-8.747750825032944e-21,-4.373888337213543e-21,-4.3738620839226165e-21,0.0,0.0,-0.0,0.0,0.0,0.0,-0.0,0.0,0.0,0.0,0.0,0.0,4.0,0.0,0.0
12424020,297.9253234863281,303.1499938964844,285.1499938964844,0.0,-0.0,287.84130859375,0.0,0.0,9.4111223006621e-05,298.0987854003906,303.1499938964844,285.1499938964844,0.0,-0.0,287.84283447265625,0.0,0.0,9.910400694934653e-05,298.4901123046875,303.1499938964844,285.1499938964844,0.0,-0.0,287.84259033203125,0.0,0.0,7.319796714000404e-05,297.8077392578125,303.1499938964844,285.1499938964844,0.0,-0.0,287.8434143066406,0.0,0.0,9.910342487273738e-05,297.7959899902344,303.1499938964844,285.1499938964844,0.0,-0.0,287.841064453125,0.0,0.0,0.000470105180284,287.8540954589844,294.1499938964844,290.0397033691406,288.46240234375,290.30377197265625,292.9685363769531,286.31011962890625,0.0,0.0,0.0,0.0,1.0,1.0,-0.001002918346785,6.2053335803113904e-09,0.0010029121767729,-0.0153092490509152,0.0,0.0,0.0,-0.0078890658915042,60.0,6.403926372528076,-0.0,-6.857892742573314e-08,0.0,283.1748046875,287.20037841796875,291.55133056640625,291.9985046386719,293.1499938964844,293.1499938964844,278.1499938964844,0.0,18000.0,313.1499938964844,0.0,18000.0,0.0,0.0,0.0,0.0,0.0,0.0,0.0,0.0,0.0,-0.0,-0.0,-0.0,-8.747768596491415e-21,-4.3738842982457075e-21,-4.3738842982457075e-21,0.0,0.0,-0.0,0.0,0.0,0.0,-0.0,0.0,0.0,0.0,0.0,0.0,4.0,0.0,0.0
12424080,297.9253234863281,303.1499938964844,285.1499938964844,0.0,-0.0,287.84130859375,0.0,0.0,9.4111223006621e-05,298.0987854003906,303.1499938964844,285.1499938964844,0.0,-0.0,287.84283447265625,0.0,0.0,9.910400694934653e-05,298.4901123046875,303.1499938964844,285.1499938964844,0.0,-0.0,287.84259033203125,0.0,0.0,7.319796714000404e-05,297.8077392578125,303.1499938964844,285.1499938964844,0.0,-0.0,287.8434143066406,0.0,0.0,9.910342487273738e-05,297.7959899902344,303.1499938964844,285.1499938964844,0.0,-0.0,287.841064453125,0.0,0.0,0.000470105180284,287.8540954589844,294.1499938964844,290.0397033691406,288.46240234375,290.30377197265625,292.9685363769531,286.31011962890625,0.0,0.0,0.0,0.0,1.0,1.0,-0.001002918346785,6.2053335803113904e-09,0.0010029121767729,-0.0153092490509152,0.0,0.0,0.0,-0.0078890658915042,60.0,6.403926372528076,-0.0,-6.857892742573314e-08,0.0,283.1748046875,287.20037841796875,291.55133056640625,291.9985046386719,293.1499938964844,293.1499938964844,278.1499938964844,0.0,18000.0,313.1499938964844,0.0,18000.0,0.0,0.0,0.0,0.0,0.0,0.0,0.0,0.0,0.0,-0.0,-0.0,-0.0,-8.747768596491415e-21,-4.3738842982457075e-21,-4.3738842982457075e-21,0.0,0.0,-0.0,0.0,0.0,0.0,-0.0,0.0,0.0,0.0,0.0,0.0,4.0,0.0,0.0
12424140,298.01220703125,303.1499938964844,285.1499938964844,0.0,-0.0,287.8396911621094,0.0,0.0,9.411651262780651e-05,298.1907043457031,303.1499938964844,285.1499938964844,0.0,-0.0,287.8411865234375,0.0,0.0,9.910958033287898e-05,298.57525634765625,303.1499938964844,285.1499938964844,0.0,-0.0,287.8409423828125,0.0,0.0,7.320208533201367e-05,297.8800964355469,303.1499938964844,285.1499938964844,0.0,-0.0,287.8417663574219,0.0,0.0,9.910900553222746e-05,297.90057373046875,303.1499938964844,285.1499938964844,0.0,-0.0,287.8394470214844,0.0,0.0,0.0004701316356658,287.8515625,294.1499938964844,289.9578552246094,288.4212341308594,290.2983703613281,292.2978515625,286.3651123046875,0.0,0.0,0.0,0.0,1.0,1.0,-0.0010029725963249,6.211677394674098e-09,0.0010029664263129,-0.0153258675709366,0.0,0.0,0.0,-0.0078922109678387,60.0,7.754752159118652,-0.0,-6.858634549189446e-08,0.0,283.1748046875,287.20037841796875,291.55133056640625,291.9985046386719,293.1499938964844,293.1499938964844,278.1499938964844,0.0,18000.0,313.1499938964844,0.0,18000.0,0.0,0.0,0.0,0.0,0.0,0.0,0.0,0.0,0.0,0.0,0.0,0.0,-8.74776778869785e-21,-4.373883894348925e-21,-4.373883894348925e-21,0.0,0.0,-0.0,0.0,0.0,0.0,-0.0,0.0,0.0,0.0,0.0,0.0,4.0,0.0,0.0
12424200,298.01220703125,303.1499938964844,285.1499938964844,0.0,-0.0,287.8396911621094,0.0,0.0,9.411651262780651e-05,298.1907043457031,303.1499938964844,285.1499938964844,0.0,-0.0,287.8411865234375,0.0,0.0,9.910958033287898e-05,298.57525634765625,303.1499938964844,285.1499938964844,0.0,-0.0,287.8409423828125,0.0,0.0,7.320208533201367e-05,297.8800964355469,303.1499938964844,285.1499938964844,0.0,-0.0,287.8417663574219,0.0,0.0,9.910900553222746e-05,297.90057373046875,303.1499938964844,285.1499938964844,0.0,-0.0,287.8394470214844,0.0,0.0,0.0004701316356658,287.8515625,294.1499938964844,289.9578552246094,288.4212341308594,290.2983703613281,292.2978515625,286.3651123046875,0.0,0.0,0.0,0.0,1.0,1.0,-0.0010029725963249,6.211677394674098e-09,0.0010029664263129,-0.0153258675709366,0.0,0.0,0.0,-0.0078922109678387,60.0,7.754752159118652,-0.0,-6.858634549189446e-08,0.0,283.1748046875,287.20037841796875,291.55133056640625,291.9985046386719,293.1499938964844,293.1499938964844,278.1499938964844,0.0,18000.0,313.1499938964844,0.0,18000.0,0.0,0.0,0.0,0.0,0.0,0.0,0.0,0.0,0.0,0.0,0.0,0.0,-8.74776778869785e-21,-4.373883894348925e-21,-4.373883894348925e-21,0.0,0.0,-0.0,0.0,0.0,0.0,-0.0,0.0,0.0,0.0,0.0,0.0,4.0,0.0,0.0
12424260,298.0791015625,303.1499938964844,285.1499938964844,0.0,-0.0,287.8378295898437,0.0,0.0,9.412416693521664e-05,298.2590026855469,303.1499938964844,285.1499938964844,0.0,-0.0,287.8393249511719,0.0,0.0,9.911762754200026e-05,298.63983154296875,303.1499938964844,285.1499938964844,0.0,-0.0,287.8390808105469,0.0,0.0,7.320802978938445e-05,297.938232421875,303.1499938964844,285.1499938964844,0.0,-0.0,287.83990478515625,0.0,0.0,9.911706729326396e-05,297.9837341308594,303.1499938964844,285.1499938964844,0.0,-0.0,287.8376159667969,0.0,0.0,0.0004701698489952,287.8487243652344,294.1499938964844,289.8747863769531,288.3812866210937,290.29156494140625,291.7592163085937,286.41632080078125,0.0,0.0,0.0,0.0,1.0,1.0,-0.0010030519915744,6.220961967784433e-09,0.0010030458215624,-0.0153501881286501,0.0,0.0,0.0,-0.0078968135640025,60.0,8.199131965637207,-0.0,-6.859720258489689e-08,0.0,283.1748046875,287.20037841796875,291.55133056640625,291.9985046386719,293.1499938964844,293.1499938964844,278.1499938964844,0.0,18000.0,313.1499938964844,0.0,18000.0,0.0,0.0,0.0,0.0,0.0,0.0,0.0,0.0,0.0,0.0,0.0,0.0,-8.74776778869785e-21,-4.373883894348925e-21,-4.373883894348925e-21,0.0,0.0,-0.0,0.0,0.0,0.0,-0.0,0.0,0.0,0.0,0.0,0.0,4.0,0.0,0.0
12424320,298.0791015625,303.1499938964844,285.1499938964844,0.0,-0.0,287.8378295898437,0.0,0.0,9.412416693521664e-05,298.2590026855469,303.1499938964844,285.1499938964844,0.0,-0.0,287.8393249511719,0.0,0.0,9.911762754200026e-05,298.63983154296875,303.1499938964844,285.1499938964844,0.0,-0.0,287.8390808105469,0.0,0.0,7.320802978938445e-05,297.938232421875,303.1499938964844,285.1499938964844,0.0,-0.0,287.83990478515625,0.0,0.0,9.911706729326396e-05,297.9837341308594,303.1499938964844,285.1499938964844,0.0,-0.0,287.8376159667969,0.0,0.0,0.0004701698489952,287.8487243652344,294.1499938964844,289.8747863769531,288.3812866210937,290.29156494140625,291.7592163085937,286.41632080078125,0.0,0.0,0.0,0.0,1.0,1.0,-0.0010030519915744,6.220961967784433e-09,0.0010030458215624,-0.0153501881286501,0.0,0.0,0.0,-0.0078968135640025,60.0,8.199131965637207,-0.0,-6.859720258489689e-08,0.0,283.1748046875,287.20037841796875,291.55133056640625,291.9985046386719,293.1499938964844,293.1499938964844,278.1499938964844,0.0,18000.0,313.1499938964844,0.0,18000.0,0.0,0.0,0.0,0.0,0.0,0.0,0.0,0.0,0.0,0.0,0.0,0.0,-8.74776778869785e-21,-4.373883894348925e-21,-4.373883894348925e-21,0.0,0.0,-0.0,0.0,0.0,0.0,-0.0,0.0,0.0,0.0,0.0,0.0,4.0,0.0,0.0
12424380,298.1322631835937,303.1499938964844,285.1499938964844,0.0,-0.0,287.8357849121094,0.0,0.0,9.413291263626888e-05,298.3118591308594,303.1499938964844,285.1499938964844,0.0,-0.0,287.83721923828125,0.0,0.0,9.912683890433982e-05,298.6908874511719,303.1499938964844,285.1499938964844,0.0,-0.0,287.8370056152344,0.0,0.0,7.32148255337961e-05,297.987548828125,303.1499938964844,285.1499938964844,0.0,-0.0,287.8377990722656,0.0,0.0,9.912627865560351e-05,298.05255126953125,303.1499938964844,285.1499938964844,0.0,-0.0,287.8355407714844,0.0,0.0,0.0004702135338447,287.8455810546875,294.1499938964844,289.7907409667969,288.3423767089844,290.2834167480469,291.3227233886719,286.46343994140625,0.0,0.0,0.0,0.0,1.0,1.0,-0.0010031430283561,6.231611671125847e-09,0.001003136858344,-0.0153780858963727,0.0,0.0,0.0,-0.007902093231678,60.0,7.953771591186523,-0.0,-6.860966550448212e-08,0.0,283.1748046875,287.20037841796875,291.55133056640625,291.9985046386719,293.1499938964844,293.1499938964844,278.1499938964844,0.0,18000.0,313.1499938964844,0.0,18000.0,0.0,0.0,0.0,0.0,0.0,0.0,0.0,0.0,0.0,-0.0,-0.0,-0.0,-8.74776778869785e-21,-4.373883894348925e-21,-4.373883894348925e-21,0.0,0.0,-0.0,0.0,0.0,0.0,-0.0,0.0,0.0,0.0,0.0,0.0,4.0,0.0,0.0
12424440,298.1322631835937,303.1499938964844,285.1499938964844,0.0,-0.0,287.8357849121094,0.0,0.0,9.413291263626888e-05,298.3118591308594,303.1499938964844,285.1499938964844,0.0,-0.0,287.83721923828125,0.0,0.0,9.912683890433982e-05,298.6908874511719,303.1499938964844,285.1499938964844,0.0,-0.0,287.8370056152344,0.0,0.0,7.32148255337961e-05,297.987548828125,303.1499938964844,285.1499938964844,0.0,-0.0,287.8377990722656,0.0,0.0,9.912627865560351e-05,298.05255126953125,303.1499938964844,285.1499938964844,0.0,-0.0,287.8355407714844,0.0,0.0,0.0004702135338447,287.8455810546875,294.1499938964844,289.7907409667969,288.3423767089844,290.2834167480469,291.3227233886719,286.46343994140625,0.0,0.0,0.0,0.0,1.0,1.0,-0.0010031430283561,6.231611671125847e-09,0.001003136858344,-0.0153780858963727,0.0,0.0,0.0,-0.007902093231678,60.0,7.953771591186523,-0.0,-6.860966550448212e-08,0.0,283.1748046875,287.20037841796875,291.55133056640625,291.9985046386719,293.1499938964844,293.1499938964844,278.1499938964844,0.0,18000.0,313.1499938964844,0.0,18000.0,0.0,0.0,0.0,0.0,0.0,0.0,0.0,0.0,0.0,-0.0,-0.0,-0.0,-8.74776778869785e-21,-4.373883894348925e-21,-4.373883894348925e-21,0.0,0.0,-0.0,0.0,0.0,0.0,-0.0,0.0,0.0,0.0,0.0,0.0,4.0,0.0,0.0
12424500,298.15496826171875,303.1499938964844,285.1499938964844,0.0,-0.0,287.83465576171875,0.0,0.0,9.413724910700694e-05,298.3341064453125,303.1499938964844,285.1499938964844,0.0,-0.0,287.83612060546875,0.0,0.0,9.913140092976393e-05,298.712646484375,303.1499938964844,285.1499938964844,0.0,-0.0,287.8359069824219,0.0,0.0,7.321819430217147e-05,298.0092468261719,303.1499938964844,285.1499938964844,0.0,-0.0,287.8367004394531,0.0,0.0,9.913084068102762e-05,298.08221435546875,303.1499938964844,285.1499938964844,0.0,-0.0,287.8344421386719,0.0,0.0,0.0004702351870946,287.8439025878906,294.1499938964844,289.7484436035156,288.3232727050781,290.2788391113281,291.1353759765625,286.4855651855469,0.0,0.0,0.0,0.0,1.0,1.0,-0.001003188197501,6.236890115474125e-09,0.0010031820274889,-0.0153919141739606,0.0,0.0,0.0,-0.0079047093167901,60.0,7.771112442016602,-0.0,-6.861584012085586e-08,0.0,283.1748046875,287.20037841796875,291.55133056640625,291.9985046386719,293.1499938964844,293.1499938964844,278.1499938964844,0.0,18000.0,313.1499938964844,0.0,18000.0,0.0,0.0,0.0,0.0,0.0,0.0,0.0,0.0,0.0,0.0,0.0,0.0,-8.74776778869785e-21,-4.373883894348925e-21,-4.373883894348925e-21,0.0,0.0,-0.0,0.0,0.0,0.0,-0.0,0.0,0.0,0.0,0.0,0.0,4.0,0.0,0.0
12424560,298.175537109375,303.1499938964844,285.1499938964844,0.0,-0.0,287.83349609375,0.0,0.0,9.41411271924153e-05,298.35400390625,303.1499938964844,285.1499938964844,0.0,-0.0,287.8349609375,0.0,0.0,9.913548274198548e-05,298.7322692871094,303.1499938964844,285.1499938964844,0.0,-0.0,287.834716796875,0.0,0.0,7.322121382458135e-05,298.02911376953125,303.1499938964844,285.1499938964844,0.0,-0.0,287.83551025390625,0.0,0.0,9.91349297692068e-05,298.10906982421875,303.1499938964844,285.1499938964844,0.0,-0.0,287.8332824707031,0.0,0.0,0.0004702545702457,287.8421936035156,294.1499938964844,289.7059631347656,288.3043518066406,290.2738952636719,290.96533203125,286.5068359375,0.0,0.0,0.0,0.0,1.0,1.0,-0.0010032284772023,6.241602346079844e-09,0.0010032223071902,-0.015404256992042,0.0,0.0,0.0,-0.0079070460051298,60.0,7.57793378829956,-0.0,-6.862135393248536e-08,0.0,283.1748046875,287.20037841796875,291.55133056640625,291.9985046386719,293.1499938964844,293.1499938964844,278.1499938964844,0.0,18000.0,313.1499938964844,0.0,18000.0,0.0,0.0,0.0,0.0,0.0,0.0,0.0,0.0,0.0,-0.0,-0.0,-0.0,-8.74776778869785e-21,-4.373883894348925e-21,-4.373883894348925e-21,0.0,0.0,-0.0,0.0,0.0,0.0,-0.0,0.0,0.0,0.0,0.0,0.0,4.0,0.0,0.0
12424620,298.20733642578125,303.1499938964844,285.1499938964844,0.0,-0.0,287.83135986328125,0.0,0.0,9.41454345593229e-05,298.38427734375,303.1499938964844,285.1499938964844,0.0,-0.0,287.8327941894531,0.0,0.0,9.91400156635791e-05,298.7621459960937,303.1499938964844,285.1499938964844,0.0,-0.0,287.83258056640625,0.0,0.0,7.322456076508388e-05,298.0600280761719,303.1499938964844,285.1499938964844,0.0,-0.0,287.8333740234375,0.0,0.0,9.913946996675804e-05,298.1497497558594,303.1499938964844,285.1499938964844,0.0,-0.0,287.8311462402344,0.0,0.0,0.0004702760779764,287.8389892578125,294.1499938964844,289.6309509277344,288.27154541015625,290.2644348144531,290.7019958496094,286.5423278808594,0.0,0.0,0.0,0.0,1.0,1.0,-0.0010032725986093,6.246755557270944e-09,0.0010032663121819,-0.0154177565127611,0.0,0.0,0.0,-0.0079096006229519,60.0,7.23405647277832,-0.0,-6.862737933488462e-08,0.0,283.1748046875,287.20037841796875,291.55133056640625,291.9985046386719,293.1499938964844,293.1499938964844,278.1499938964844,0.0,18000.0,313.1499938964844,0.0,18000.0,0.0,0.0,0.0,0.0,0.0,0.0,0.0,0.0,0.0,-0.0,-0.0,-0.0,-8.74776778869785e-21,-4.373883894348925e-21,-4.373883894348925e-21,0.0,0.0,-0.0,0.0,0.0,0.0,-0.0,0.0,0.0,0.0,0.0,0.0,4.0,0.0,0.0
12424680,298.2113037109375,303.1499938964844,285.1499938964844,0.0,-0.0,287.8310546875,0.0,0.0,9.414566011400892e-05,298.3879699707031,303.1499938964844,285.1499938964844,0.0,-0.0,287.8324890136719,0.0,0.0,9.914024849422276e-05,298.76580810546875,303.1499938964844,285.1499938964844,0.0,-0.0,287.832275390625,0.0,0.0,7.3224728112109e-05,298.0638732910156,303.1499938964844,285.1499938964844,0.0,-0.0,287.83306884765625,0.0,0.0,9.91397027974017e-05,298.1546630859375,303.1499938964844,285.1499938964844,0.0,-0.0,287.8308410644531,0.0,0.0,0.000470277183922,287.83856201171875,294.1499938964844,289.6206970214844,288.26708984375,290.2630615234375,290.669189453125,286.5469970703125,0.0,0.0,0.0,0.0,1.0,1.0,-0.0010032748105004,6.2470064676745104e-09,0.001003268524073,-0.0154184130951762,0.0,0.0,0.0,-0.0079097244888544,60.0,7.187542915344238,-0.0,-6.862767065740627e-08,0.0,283.1748046875,287.20037841796875,291.55133056640625,291.9985046386719,293.1499938964844,293.1499938964844,278.1499938964844,0.0,18000.0,313.1499938964844,0.0,18000.0,0.0,0.0,0.0,0.0,0.0,0.0,0.0,0.0,0.0,-0.0,-0.0,-0.0,-8.74776778869785e-21,-4.373883894348925e-21,-4.373883894348925e-21,0.0,0.0,-0.0,0.0,0.0,0.0,-0.0,0.0,0.0,0.0,0.0,0.0,4.0,0.0,0.0
12424740,298.2401733398437,303.1499938964844,285.1499938964844,0.0,-0.0,287.8284606933594,0.0,0.0,9.414263331564145e-05,298.4152526855469,303.1499938964844,285.1499938964844,0.0,-0.0,287.8298645019531,0.0,0.0,9.913706162478776e-05,298.7925720214844,303.1499938964844,285.1499938964844,0.0,-0.0,287.82965087890625,0.0,0.0,7.322237797779962e-05,298.0925598144531,303.1499938964844,285.1499938964844,0.0,-0.0,287.8304138183594,0.0,0.0,9.91365232039243e-05,298.1907958984375,303.1499938964844,285.1499938964844,0.0,-0.0,287.8282470703125,0.0,0.0,0.0004702621081378,287.8346862792969,294.1499938964844,289.5351867675781,288.2304382324219,290.2508850097656,290.4209899902344,286.5841979980469,0.0,0.0,0.0,0.0,1.0,1.0,-0.0010032405843958,6.243002559358501e-09,0.0010032342979684,-0.0154079245403409,0.0,0.0,0.0,-0.0079077398404479,60.0,6.807264804840088,-0.0,-6.862298818077761e-08,0.0,283.1748046875,287.20037841796875,291.55133056640625,291.9985046386719,293.1499938964844,293.1499938964844,278.1499938964844,0.0,18000.0,313.1499938964844,0.0,18000.0,0.0,0.0,0.0,0.0,0.0,0.0,0.0,0.0,0.0,-0.0,-0.0,-0.0,-8.74776778869785e-21,-4.373883894348925e-21,-4.373883894348925e-21,0.0,0.0,-0.0,0.0,0.0,0.0,-0.0,0.0,0.0,0.0,0.0,0.0,4.0,0.0,0.0
12424800,298.2401733398437,303.1499938964844,285.1499938964844,0.0,-0.0,287.8284606933594,0.0,0.0,9.414263331564145e-05,298.4152526855469,303.1499938964844,285.1499938964844,0.0,-0.0,287.8298645019531,0.0,0.0,9.913706162478776e-05,298.7925720214844,303.1499938964844,285.1499938964844,0.0,-0.0,287.82965087890625,0.0,0.0,7.322237797779962e-05,298.0925598144531,303.1499938964844,285.1499938964844,0.0,-0.0,287.8304138183594,0.0,0.0,9.91365232039243e-05,298.1907958984375,303.1499938964844,285.1499938964844,0.0,-0.0,287.8282470703125,0.0,0.0,0.0004702621081378,287.8346862792969,294.1499938964844,289.5351867675781,288.2304382324219,290.2508850097656,290.4209899902344,286.5841979980469,0.0,0.0,0.0,0.0,1.0,1.0,-0.0010032405843958,6.243002559358501e-09,0.0010032342979684,-0.0154079245403409,0.0,0.0,0.0,-0.0079077398404479,60.0,6.807264804840088,-0.0,-6.862298818077761e-08,0.0,283.1748046875,287.20037841796875,291.55133056640625,291.9985046386719,293.1499938964844,293.1499938964844,278.1499938964844,0.0,18000.0,313.1499938964844,0.0,18000.0,0.0,0.0,0.0,0.0,0.0,0.0,0.0,0.0,0.0,-0.0,-0.0,-0.0,-8.74776778869785e-21,-4.373883894348925e-21,-4.373883894348925e-21,0.0,0.0,-0.0,0.0,0.0,0.0,-0.0,0.0,0.0,0.0,0.0,0.0,4.0,0.0,0.0
12424860,298.2626342773437,303.1499938964844,285.1499938964844,0.0,-0.0,287.82568359375,0.0,0.0,9.412811778020114e-05,298.4371337890625,303.1499938964844,285.1499938964844,0.0,-0.0,287.8270568847656,0.0,0.0,9.912177483784036e-05,298.813720703125,303.1499938964844,285.1499938964844,0.0,-0.0,287.82684326171875,0.0,0.0,7.321108569158241e-05,298.11602783203125,303.1499938964844,285.1499938964844,0.0,-0.0,287.8276062011719,0.0,0.0,9.912124369293453e-05,298.21929931640625,303.1499938964844,285.1499938964844,0.0,-0.0,287.8254699707031,0.0,0.0,0.0004701895813923,287.83062744140625,294.1499938964844,289.4496765136719,288.1942443847656,290.2373962402344,290.2100830078125,286.6187744140625,0.0,0.0,0.0,0.0,1.0,1.0,-0.0010030838893726,6.224679438560088e-09,0.0010030776029452,-0.0153599260374903,0.0,0.0,0.0,-0.0078986566513776,60.0,6.442808628082275,-0.0,-6.860155110643974e-08,0.0,283.1748046875,287.20037841796875,291.55133056640625,291.9985046386719,293.1499938964844,293.1499938964844,278.1499938964844,0.0,18000.0,313.1499938964844,0.0,18000.0,0.0,0.0,0.0,0.0,0.0,0.0,0.0,0.0,0.0,0.0,0.0,0.0,-8.74776778869785e-21,-4.373883894348925e-21,-4.373883894348925e-21,0.0,0.0,-0.0,0.0,0.0,0.0,-0.0,0.0,0.0,0.0,0.0,0.0,4.0,0.0,0.0
12424920,298.2626342773437,303.1499938964844,285.1499938964844,0.0,-0.0,287.82568359375,0.0,0.0,9.412811778020114e-05,298.4371337890625,303.1499938964844,285.1499938964844,0.0,-0.0,287.8270568847656,0.0,0.0,9.912177483784036e-05,298.813720703125,303.1499938964844,285.1499938964844,0.0,-0.0,287.82684326171875,0.0,0.0,7.321108569158241e-05,298.11602783203125,303.1499938964844,285.1499938964844,0.0,-0.0,287.8276062011719,0.0,0.0,9.912124369293453e-05,298.21929931640625,303.1499938964844,285.1499938964844,0.0,-0.0,287.8254699707031,0.0,0.0,0.0004701895813923,287.83062744140625,294.1499938964844,289.4496765136719,288.1942443847656,290.2373962402344,290.2100830078125,286.6187744140625,0.0,0.0,0.0,0.0,1.0,1.0,-0.0010030838893726,6.224679438560088e-09,0.0010030776029452,-0.0153599260374903,0.0,0.0,0.0,-0.0078986566513776,60.0,6.442808628082275,-0.0,-6.860155110643974e-08,0.0,283.1748046875,287.20037841796875,291.55133056640625,291.9985046386719,293.1499938964844,293.1499938964844,278.1499938964844,0.0,18000.0,313.1499938964844,0.0,18000.0,0.0,0.0,0.0,0.0,0.0,0.0,0.0,0.0,0.0,0.0,0.0,0.0,-8.74776778869785e-21,-4.373883894348925e-21,-4.373883894348925e-21,0.0,0.0,-0.0,0.0,0.0,0.0,-0.0,0.0,0.0,0.0,0.0,0.0,4.0,0.0,0.0
12424980,298.2800598144531,303.1499938964844,285.1499938964844,0.0,-0.0,287.82275390625,0.0,0.0,9.409846097696573e-05,298.4546203613281,303.1499938964844,285.1499938964844,0.0,-0.0,287.8241271972656,0.0,0.0,9.909053915180266e-05,298.8302001953125,303.1499938964844,285.1499938964844,0.0,-0.0,287.82391357421875,0.0,0.0,7.318801362998784e-05,298.1351928710937,303.1499938964844,285.1499938964844,0.0,-0.0,287.8246765136719,0.0,0.0,9.909001528285444e-05,298.2417907714844,303.1499938964844,285.1499938964844,0.0,-0.0,287.8225402832031,0.0,0.0,0.0004700414428953,287.8263854980469,294.1499938964844,289.3644104003906,288.1583557128906,290.2226257324219,290.0284423828125,286.6509704589844,0.0,0.0,0.0,0.0,1.0,1.0,-0.0010027659591287,6.1874914081272445e-09,0.0010027596727013,-0.0152625106275081,0.0,0.0,0.0,-0.0078802211210131,60.0,6.095378398895264,-0.0,-6.855805878558385e-08,0.0,283.1748046875,287.20037841796875,291.55133056640625,291.9985046386719,293.1499938964844,293.1499938964844,278.1499938964844,0.0,18000.0,313.1499938964844,0.0,18000.0,0.0,0.0,0.0,0.0,0.0,0.0,0.0,0.0,0.0,-0.0,-0.0,-0.0,-8.74776778869785e-21,-4.373883894348925e-21,-4.373883894348925e-21,0.0,0.0,-0.0,0.0,0.0,0.0,-0.0,0.0,0.0,0.0,0.0,0.0,4.0,0.0,0.0
12425040,298.2800598144531,303.1499938964844,285.1499938964844,0.0,-0.0,287.82275390625,0.0,0.0,9.409846097696573e-05,298.4546203613281,303.1499938964844,285.1499938964844,0.0,-0.0,287.8241271972656,0.0,0.0,9.909053915180266e-05,298.8302001953125,303.1499938964844,285.1499938964844,0.0,-0.0,287.82391357421875,0.0,0.0,7.318801362998784e-05,298.1351928710937,303.1499938964844,285.1499938964844,0.0,-0.0,287.8246765136719,0.0,0.0,9.909001528285444e-05,298.2417907714844,303.1499938964844,285.1499938964844,0.0,-0.0,287.8225402832031,0.0,0.0,0.0004700414428953,287.8263854980469,294.1499938964844,289.3644104003906,288.1583557128906,290.2226257324219,290.0284423828125,286.6509704589844,0.0,0.0,0.0,0.0,1.0,1.0,-0.0010027659591287,6.1874914081272445e-09,0.0010027596727013,-0.0152625106275081,0.0,0.0,0.0,-0.0078802211210131,60.0,6.095378398895264,-0.0,-6.855805878558385e-08,0.0,283.1748046875,287.20037841796875,291.55133056640625,291.9985046386719,293.1499938964844,293.1499938964844,278.1499938964844,0.0,18000.0,313.1499938964844,0.0,18000.0,0.0,0.0,0.0,0.0,0.0,0.0,0.0,0.0,0.0,-0.0,-0.0,-0.0,-8.74776778869785e-21,-4.373883894348925e-21,-4.373883894348925e-21,0.0,0.0,-0.0,0.0,0.0,0.0,-0.0,0.0,0.0,0.0,0.0,0.0,4.0,0.0,0.0
12425100,298.2872009277344,303.1499938964844,285.1499938964844,0.0,-0.0,287.8212280273437,0.0,0.0,9.407698962604628e-05,298.46197509765625,303.1499938964844,285.1499938964844,0.0,-0.0,287.8226013183594,0.0,0.0,9.906792547553778e-05,298.83697509765625,303.1499938964844,285.1499938964844,0.0,-0.0,287.8223876953125,0.0,0.0,7.317130803130567e-05,298.14337158203125,303.1499938964844,285.1499938964844,0.0,-0.0,287.8231506347656,0.0,0.0,9.906740160658956e-05,298.2511901855469,303.1499938964844,285.1499938964844,0.0,-0.0,287.8210144042969,0.0,0.0,0.00046993419528,287.8241882324219,294.1499938964844,289.3219299316406,288.1405334472656,290.2147827148437,289.94659423828125,286.6662292480469,0.0,0.0,0.0,0.0,1.0,1.0,-0.0010025361552834,6.160620014128426e-09,0.0010025299852713,-0.015192118473351,0.0,0.0,0.0,-0.0078669004142284,60.0,5.928082942962647,-0.0,-6.852663858580854e-08,0.0,283.1748046875,287.20037841796875,291.55133056640625,291.9985046386719,293.1499938964844,293.1499938964844,278.1499938964844,0.0,18000.0,313.1499938964844,0.0,18000.0,0.0,0.0,0.0,0.0,0.0,0.0,0.0,0.0,0.0,0.0,0.0,0.0,-8.74776778869785e-21,-4.373883894348925e-21,-4.373883894348925e-21,0.0,0.0,-0.0,0.0,0.0,0.0,-0.0,0.0,0.0,0.0,0.0,0.0,4.0,0.0,0.0
12425160,298.29345703125,303.1499938964844,285.1499938964844,0.0,-0.0,287.8197021484375,0.0,0.0,9.40506943152286e-05,298.468505859375,303.1499938964844,285.1499938964844,0.0,-0.0,287.821044921875,0.0,0.0,9.90402331808582e-05,298.84295654296875,303.1499938964844,285.1499938964844,0.0,-0.0,287.8208312988281,0.0,0.0,7.31508553144522e-05,298.1508178710937,303.1499938964844,285.1499938964844,0.0,-0.0,287.82159423828125,0.0,0.0,9.903970931190996e-05,298.25958251953125,303.1499938964844,285.1499938964844,0.0,-0.0,287.8194885253906,0.0,0.0,0.0004698028205893,287.82196044921875,294.1499938964844,289.2796325683594,288.1227111816406,290.2066345214844,289.8698425292969,286.68096923828125,0.0,0.0,0.0,0.0,1.0,1.0,-0.0010022548958659,6.127738316763498e-09,0.0010022488422691,-0.0151059823110699,0.0,0.0,0.0,-0.0078505994752049,60.0,5.764993667602539,-0.0,-6.848820532923129e-08,0.0,283.1748046875,287.20037841796875,291.55133056640625,291.9985046386719,293.1499938964844,293.1499938964844,278.1499938964844,0.0,18000.0,313.1499938964844,0.0,18000.0,0.0,0.0,0.0,0.0,0.0,0.0,0.0,0.0,0.0,-0.0,-0.0,-0.0,-8.74776778869785e-21,-4.373883894348925e-21,-4.373883894348925e-21,0.0,0.0,-0.0,0.0,0.0,0.0,-0.0,0.0,0.0,0.0,0.0,0.0,4.0,0.0,0.0
12425220,298.3037109375,303.1499938964844,285.1499938964844,0.0,-0.0,287.8164978027344,0.0,0.0,9.39828751143068e-05,298.4795227050781,303.1499938964844,285.1499938964844,0.0,-0.0,287.8178405761719,0.0,0.0,9.896880510495976e-05,298.852783203125,303.1499938964844,285.1499938964844,0.0,-0.0,287.8176574707031,0.0,0.0,7.309809734579176e-05,298.16363525390625,303.1499938964844,285.1499938964844,0.0,-0.0,287.8183898925781,0.0,0.0,9.896829578792676e-05,298.2738037109375,303.1499938964844,285.1499938964844,0.0,-0.0,287.8163146972656,0.0,0.0,0.000469464022899,287.8173828125,294.1499938964844,289.195556640625,288.087158203125,290.1894226074219,289.7294921875,286.7090148925781,0.0,0.0,0.0,0.0,1.0,1.0,-0.0010015303269028,6.043000322364378e-09,0.0010015242733061,-0.0148840034380555,0.0,0.0,0.0,-0.0078085912391543,60.0,5.4511003494262695,-0.0,-6.838919830443049e-08,0.0,283.1748046875,287.20037841796875,291.55133056640625,291.9985046386719,293.1499938964844,293.1499938964844,278.1499938964844,0.0,18000.0,313.1499938964844,0.0,18000.0,0.0,0.0,0.0,0.0,0.0,0.0,0.0,0.0,0.0,-0.0,-0.0,-0.0,-8.74776778869785e-21,-4.373883894348925e-21,-4.373883894348925e-21,0.0,0.0,-0.0,0.0,0.0,0.0,-0.0,0.0,0.0,0.0,0.0,0.0,4.0,0.0,0.0
12425280,298.3037109375,303.1499938964844,285.1499938964844,0.0,-0.0,287.8164978027344,0.0,0.0,9.39828751143068e-05,298.4795227050781,303.1499938964844,285.1499938964844,0.0,-0.0,287.8178405761719,0.0,0.0,9.896880510495976e-05,298.852783203125,303.1499938964844,285.1499938964844,0.0,-0.0,287.8176574707031,0.0,0.0,7.309809734579176e-05,298.16363525390625,303.1499938964844,285.1499938964844,0.0,-0.0,287.8183898925781,0.0,0.0,9.896829578792676e-05,298.2738037109375,303.1499938964844,285.1499938964844,0.0,-0.0,287.8163146972656,0.0,0.0,0.000469464022899,287.8173828125,294.1499938964844,289.195556640625,288.087158203125,290.1894226074219,289.7294921875,286.7090148925781,0.0,0.0,0.0,0.0,1.0,1.0,-0.0010015303269028,6.043000322364378e-09,0.0010015242733061,-0.0148840034380555,0.0,0.0,0.0,-0.0078085912391543,60.0,5.4511003494262695,-0.0,-6.838919830443049e-08,0.0,283.1748046875,287.20037841796875,291.55133056640625,291.9985046386719,293.1499938964844,293.1499938964844,278.1499938964844,0.0,18000.0,313.1499938964844,0.0,18000.0,0.0,0.0,0.0,0.0,0.0,0.0,0.0,0.0,0.0,-0.0,-0.0,-0.0,-8.74776778869785e-21,-4.373883894348925e-21,-4.373883894348925e-21,0.0,0.0,-0.0,0.0,0.0,0.0,-0.0,0.0,0.0,0.0,0.0,0.0,4.0,0.0,0.0
12425340,298.3114624023437,303.1499938964844,285.1499938964844,0.0,-0.0,287.8132019042969,0.0,0.0,9.389430488226937e-05,298.4881896972656,303.1499938964844,285.1499938964844,0.0,-0.0,287.8145446777344,0.0,0.0,9.887554188026117e-05,298.8602905273437,303.1499938964844,285.1499938964844,0.0,-0.0,287.8143310546875,0.0,0.0,7.302921585505828e-05,298.1742553710937,303.1499938964844,285.1499938964844,0.0,-0.0,287.8150634765625,0.0,0.0,9.887503256322816e-05,298.28521728515625,303.1499938964844,285.1499938964844,0.0,-0.0,287.8130187988281,0.0,0.0,0.0004690216446761,287.8126525878906,294.1499938964844,289.11248779296875,288.0516052246094,290.17108154296875,289.60382080078125,286.7351989746094,0.0,0.0,0.0,0.0,1.0,1.0,-0.0010005846852436,5.932419444576453e-09,0.0010005787480622,-0.0145943230018019,0.0,0.0,0.0,-0.0077537717297673,60.0,5.153043270111084,-0.0,-6.826010690019757e-08,0.0,283.1748046875,287.20037841796875,291.55133056640625,291.9985046386719,293.1499938964844,293.1499938964844,278.1499938964844,0.0,18000.0,313.1499938964844,0.0,18000.0,0.0,0.0,0.0,0.0,0.0,0.0,0.0,0.0,0.0,-0.0,-0.0,-0.0,-8.74776778869785e-21,-4.373883894348925e-21,-4.373883894348925e-21,0.0,0.0,-0.0,0.0,0.0,0.0,-0.0,0.0,0.0,0.0,0.0,0.0,4.0,0.0,0.0
12425400,298.3114624023437,303.1499938964844,285.1499938964844,0.0,-0.0,287.8132019042969,0.0,0.0,9.389430488226937e-05,298.4881896972656,303.1499938964844,285.1499938964844,0.0,-0.0,287.8145446777344,0.0,0.0,9.887554188026117e-05,298.8602905273437,303.1499938964844,285.1499938964844,0.0,-0.0,287.8143310546875,0.0,0.0,7.302921585505828e-05,298.1742553710937,303.1499938964844,285.1499938964844,0.0,-0.0,287.8150634765625,0.0,0.0,9.887503256322816e-05,298.28521728515625,303.1499938964844,285.1499938964844,0.0,-0.0,287.8130187988281,0.0,0.0,0.0004690216446761,287.8126525878906,294.1499938964844,289.11248779296875,288.0516052246094,290.17108154296875,289.60382080078125,286.7351989746094,0.0,0.0,0.0,0.0,1.0,1.0,-0.0010005846852436,5.932419444576453e-09,0.0010005787480622,-0.0145943230018019,0.0,0.0,0.0,-0.0077537717297673,60.0,5.153043270111084,-0.0,-6.826010690019757e-08,0.0,283.1748046875,287.20037841796875,291.55133056640625,291.9985046386719,293.1499938964844,293.1499938964844,278.1499938964844,0.0,18000.0,313.1499938964844,0.0,18000.0,0.0,0.0,0.0,0.0,0.0,0.0,0.0,0.0,0.0,-0.0,-0.0,-0.0,-8.74776778869785e-21,-4.373883894348925e-21,-4.373883894348925e-21,0.0,0.0,-0.0,0.0,0.0,0.0,-0.0,0.0,0.0,0.0,0.0,0.0,4.0,0.0,0.0
12425460,298.3172302246094,303.1499938964844,285.1499938964844,0.0,-0.0,287.809814453125,0.0,0.0,9.378563117934392e-05,298.4950561523437,303.1499938964844,285.1499938964844,0.0,-0.0,287.8111267089844,0.0,0.0,9.876109106699003e-05,298.8660583496094,303.1499938964844,285.1499938964844,0.0,-0.0,287.8109130859375,0.0,0.0,7.29446837794967e-05,298.18316650390625,303.1499938964844,285.1499938964844,0.0,-0.0,287.8116149902344,0.0,0.0,9.876059630187228e-05,298.29449462890625,303.1499938964844,285.1499938964844,0.0,-0.0,287.8096008300781,0.0,0.0,0.0004684787709265,287.8078308105469,294.1499938964844,289.0306396484375,288.0159606933594,290.1515808105469,289.4899597167969,286.7596740722656,0.0,0.0,0.0,0.0,1.0,1.0,-0.0009994247229769,5.7967817213011585e-09,0.0009994190186262,-0.0142389982938766,0.0,0.0,0.0,-0.0076865307055413,60.0,4.869965553283691,-0.0,-6.810192587636267e-08,0.0,283.1748046875,287.20037841796875,291.55133056640625,291.9985046386719,293.1499938964844,293.1499938964844,278.1499938964844,0.0,18000.0,313.1499938964844,0.0,18000.0,0.0,0.0,0.0,0.0,0.0,0.0,0.0,0.0,0.0,0.0,0.0,0.0,-8.74776778869785e-21,-4.373883894348925e-21,-4.373883894348925e-21,0.0,0.0,-0.0,0.0,0.0,0.0,-0.0,0.0,0.0,0.0,0.0,0.0,4.0,0.0,0.0
12425520,298.3172302246094,303.1499938964844,285.1499938964844,0.0,-0.0,287.809814453125,0.0,0.0,9.378563117934392e-05,298.4950561523437,303.1499938964844,285.1499938964844,0.0,-0.0,287.8111267089844,0.0,0.0,9.876109106699003e-05,298.8660583496094,303.1499938964844,285.1499938964844,0.0,-0.0,287.8109130859375,0.0,0.0,7.29446837794967e-05,298.18316650390625,303.1499938964844,285.1499938964844,0.0,-0.0,287.8116149902344,0.0,0.0,9.876059630187228e-05,298.29449462890625,303.1499938964844,285.1499938964844,0.0,-0.0,287.8096008300781,0.0,0.0,0.0004684787709265,287.8078308105469,294.1499938964844,289.0306396484375,288.0159606933594,290.1515808105469,289.4899597167969,286.7596740722656,0.0,0.0,0.0,0.0,1.0,1.0,-0.0009994247229769,5.7967817213011585e-09,0.0009994190186262,-0.0142389982938766,0.0,0.0,0.0,-0.0076865307055413,60.0,4.869965553283691,-0.0,-6.810192587636267e-08,0.0,283.1748046875,287.20037841796875,291.55133056640625,291.9985046386719,293.1499938964844,293.1499938964844,278.1499938964844,0.0,18000.0,313.1499938964844,0.0,18000.0,0.0,0.0,0.0,0.0,0.0,0.0,0.0,0.0,0.0,0.0,0.0,0.0,-8.74776778869785e-21,-4.373883894348925e-21,-4.373883894348925e-21,0.0,0.0,-0.0,0.0,0.0,0.0,-0.0,0.0,0.0,0.0,0.0,0.0,4.0,0.0,0.0
12425580,298.3214416503906,303.1499938964844,285.1499938964844,0.0,-0.0,287.8063049316406,0.0,0.0,9.365868027089164e-05,298.5004272460937,303.1499938964844,285.1499938964844,0.0,-0.0,287.8075866699219,0.0,0.0,9.862740262178704e-05,298.87042236328125,303.1499938964844,285.1499938964844,0.0,-0.0,287.8074035644531,0.0,0.0,7.2845934482757e-05,298.1907958984375,303.1499938964844,285.1499938964844,0.0,-0.0,287.80810546875,0.0,0.0,9.862690785666928e-05,298.3021240234375,303.1499938964844,285.1499938964844,0.0,-0.0,287.8061218261719,0.0,0.0,0.0004678445984609,287.8028564453125,294.1499938964844,288.95025634765625,287.9800720214844,290.13104248046875,289.3858642578125,286.7825927734375,0.0,0.0,0.0,0.0,1.0,1.0,-0.0009980701142922,5.6383711033447526e-09,0.0009980644099414,-0.0138240093365311,0.0,0.0,0.0,-0.0076080001890659,60.0,4.601052284240723,-0.0,-6.791742634959519e-08,0.0,283.1748046875,287.20037841796875,291.55133056640625,291.9985046386719,293.1499938964844,293.1499938964844,278.1499938964844,0.0,18000.0,313.1499938964844,0.0,18000.0,0.0,0.0,0.0,0.0,0.0,0.0,0.0,0.0,0.0,-0.0,-0.0,-0.0,-8.74776778869785e-21,-4.373883894348925e-21,-4.373883894348925e-21,0.0,0.0,-0.0,0.0,0.0,0.0,-0.0,0.0,0.0,0.0,0.0,0.0,4.0,0.0,0.0
12425640,298.3214416503906,303.1499938964844,285.1499938964844,0.0,-0.0,287.8063049316406,0.0,0.0,9.365868027089164e-05,298.5004272460937,303.1499938964844,285.1499938964844,0.0,-0.0,287.8075866699219,0.0,0.0,9.862740262178704e-05,298.87042236328125,303.1499938964844,285.1499938964844,0.0,-0.0,287.8074035644531,0.0,0.0,7.2845934482757e-05,298.1907958984375,303.1499938964844,285.1499938964844,0.0,-0.0,287.80810546875,0.0,0.0,9.862690785666928e-05,298.3021240234375,303.1499938964844,285.1499938964844,0.0,-0.0,287.8061218261719,0.0,0.0,0.0004678445984609,287.8028564453125,294.1499938964844,288.95025634765625,287.9800720214844,290.13104248046875,289.3858642578125,286.7825927734375,0.0,0.0,0.0,0.0,1.0,1.0,-0.0009980701142922,5.6383711033447526e-09,0.0009980644099414,-0.0138240093365311,0.0,0.0,0.0,-0.0076080001890659,60.0,4.601052284240723,-0.0,-6.791742634959519e-08,0.0,283.1748046875,287.20037841796875,291.55133056640625,291.9985046386719,293.1499938964844,293.1499938964844,278.1499938964844,0.0,18000.0,313.1499938964844,0.0,18000.0,0.0,0.0,0.0,0.0,0.0,0.0,0.0,0.0,0.0,-0.0,-0.0,-0.0,-8.74776778869785e-21,-4.373883894348925e-21,-4.373883894348925e-21,0.0,0.0,-0.0,0.0,0.0,0.0,-0.0,0.0,0.0,0.0,0.0,0.0,4.0,0.0,0.0
12425700,298.3230285644531,303.1499938964844,285.1499938964844,0.0,-0.0,287.8045349121094,0.0,0.0,9.358918759971856e-05,298.5026550292969,303.1499938964844,285.1499938964844,0.0,-0.0,287.8058166503906,0.0,0.0,9.855422104010358e-05,298.8721923828125,303.1499938964844,285.1499938964844,0.0,-0.0,287.8056030273437,0.0,0.0,7.279188139364123e-05,298.1942138671875,303.1499938964844,285.1499938964844,0.0,-0.0,287.8063049316406,0.0,0.0,9.855373355094343e-05,298.3054504394531,303.1499938964844,285.1499938964844,0.0,-0.0,287.8043212890625,0.0,0.0,0.000467497477075,287.80035400390625,294.1499938964844,288.91070556640625,287.9620361328125,290.120361328125,289.3369140625,286.79351806640625,0.0,0.0,0.0,0.0,1.0,1.0,-0.0009973286651074,5.551673787351774e-09,0.000997323077172,-0.0135968858376145,0.0,0.0,0.0,-0.00756502058357,60.0,4.471622943878174,-0.0,-6.781655059739934e-08,0.0,283.1748046875,287.20037841796875,291.55133056640625,291.9985046386719,293.1499938964844,293.1499938964844,278.1499938964844,0.0,18000.0,313.1499938964844,0.0,18000.0,0.0,0.0,0.0,0.0,0.0,0.0,0.0,0.0,0.0,0.0,0.0,0.0,-8.74776778869785e-21,-4.373883894348925e-21,-4.373883894348925e-21,0.0,0.0,-0.0,0.0,0.0,0.0,-0.0,0.0,0.0,0.0,0.0,0.0,4.0,0.0,0.0
12425760,298.3243713378906,303.1499938964844,285.1499938964844,0.0,-0.0,287.8027038574219,0.0,0.0,9.351621702080593e-05,298.504638671875,303.1499938964844,285.1499938964844,0.0,-0.0,287.8039855957031,0.0,0.0,9.84773796517402e-05,298.87371826171875,303.1499938964844,285.1499938964844,0.0,-0.0,287.8038024902344,0.0,0.0,7.27351289242506e-05,298.1974182128906,303.1499938964844,285.1499938964844,0.0,-0.0,287.80450439453125,0.0,0.0,9.847689216258004e-05,298.3085021972656,303.1499938964844,285.1499938964844,0.0,-0.0,287.8025207519531,0.0,0.0,0.0004671329807024,287.7978210449219,294.1499938964844,288.8716125488281,287.9439392089844,290.1094665527344,289.28985595703125,286.8040771484375,0.0,0.0,0.0,0.0,1.0,1.0,-0.0009965501958504,5.460643048849079e-09,0.0009965447243303,-0.013358405791223,0.0,0.0,0.0,-0.0075198924168944,60.0,4.345391750335693,-0.0,-6.771072236233523e-08,0.0,283.1748046875,287.20037841796875,291.55133056640625,291.9985046386719,293.1499938964844,293.1499938964844,278.1499938964844,0.0,18000.0,313.1499938964844,0.0,18000.0,0.0,0.0,0.0,0.0,0.0,0.0,0.0,0.0,0.0,0.0,0.0,0.0,-8.74776778869785e-21,-4.373883894348925e-21,-4.373883894348925e-21,0.0,0.0,-0.0,0.0,0.0,0.0,-0.0,0.0,0.0,0.0,0.0,0.0,4.0,0.0,0.0
12425820,298.3262023925781,303.1499938964844,285.1499938964844,0.0,-0.0,287.7991943359375,0.0,0.0,9.33679984882474e-05,298.5078125,303.1499938964844,285.1499938964844,0.0,-0.0,287.8004455566406,0.0,0.0,9.832129580900072e-05,298.8760986328125,303.1499938964844,285.1499938964844,0.0,-0.0,287.8002624511719,0.0,0.0,7.261984137585387e-05,298.2030334472656,303.1499938964844,285.1499938964844,0.0,-0.0,287.80096435546875,0.0,0.0,9.83208155957982e-05,298.313720703125,303.1499938964844,285.1499938964844,0.0,-0.0,287.79901123046875,0.0,0.0,0.0004663926083594,287.7928771972656,294.1499938964844,288.79791259765625,287.90887451171875,290.0878601074219,289.20416259765625,286.8233947753906,0.0,0.0,0.0,0.0,1.0,1.0,-0.0009949690429493,5.275753167666153e-09,0.0009949636878445,-0.0128740314394235,0.0,0.0,0.0,-0.0074282349087297,60.0,4.111603736877441,-0.0,-6.749602476929796e-08,0.0,283.1748046875,287.20037841796875,291.55133056640625,291.9985046386719,293.1499938964844,293.1499938964844,278.1499938964844,0.0,18000.0,313.1499938964844,0.0,18000.0,0.0,0.0,0.0,0.0,0.0,0.0,0.0,0.0,0.0,-0.0,-0.0,-0.0,-8.74776778869785e-21,-4.373883894348925e-21,-4.373883894348925e-21,0.0,0.0,-0.0,0.0,0.0,0.0,-0.0,0.0,0.0,0.0,0.0,0.0,4.0,0.0,0.0
12425880,298.3262634277344,303.1499938964844,285.1499938964844,0.0,-0.0,287.7990417480469,0.0,0.0,9.336162474937736e-05,298.5079345703125,303.1499938964844,285.1499938964844,0.0,-0.0,287.80029296875,0.0,0.0,9.831458010012284e-05,298.8761901855469,303.1499938964844,285.1499938964844,0.0,-0.0,287.80010986328125,0.0,0.0,7.261488644871861e-05,298.2032775878906,303.1499938964844,285.1499938964844,0.0,-0.0,287.8008117675781,0.0,0.0,9.831410716287792e-05,298.3139343261719,303.1499938964844,285.1499938964844,0.0,-0.0,287.7988586425781,0.0,0.0,0.0004663607687689,287.79266357421875,294.1499938964844,288.7948913574219,287.90740966796875,290.0869445800781,289.2007141113281,286.8241882324219,0.0,0.0,0.0,0.0,1.0,1.0,-0.0009949010564014,5.267806191255886e-09,0.0009948958177119,-0.012853211723268,0.0,0.0,0.0,-0.0074242949485778,60.0,4.102099418640137,-0.0,-6.748680192458778e-08,0.0,283.1748046875,287.20037841796875,291.55133056640625,291.9985046386719,293.1499938964844,293.1499938964844,278.1499938964844,0.0,18000.0,313.1499938964844,0.0,18000.0,0.0,0.0,0.0,0.0,0.0,0.0,0.0,0.0,0.0,-0.0,-0.0,-0.0,-8.74776778869785e-21,-4.373883894348925e-21,-4.373883894348925e-21,0.0,0.0,-0.0,0.0,0.0,0.0,-0.0,0.0,0.0,0.0,0.0,0.0,4.0,0.0,0.0
12425940,298.3273010253906,303.1499938964844,285.1499938964844,0.0,-0.0,287.7953186035156,0.0,0.0,9.319852688349783e-05,298.5104675292969,303.1499938964844,285.1499938964844,0.0,-0.0,287.7965393066406,0.0,0.0,9.814283112064004e-05,298.87799072265625,303.1499938964844,285.1499938964844,0.0,-0.0,287.7963562011719,0.0,0.0,7.248803012771532e-05,298.20849609375,303.1499938964844,285.1499938964844,0.0,-0.0,287.7970275878906,0.0,0.0,9.814235818339512e-05,298.3185729980469,303.1499938964844,285.1499938964844,0.0,-0.0,287.79510498046875,0.0,0.0,0.0004655460652429,287.7874450683594,294.1499938964844,288.7203674316406,287.87042236328125,290.06353759765625,289.1175842285156,286.8430480957031,0.0,0.0,0.0,0.0,1.0,1.0,-0.0009931612294167,5.064371144669621e-09,0.0009931562235578,-0.0123202418908476,0.0,0.0,0.0,-0.0073234434239566,60.0,3.870414257049561,-0.0,-6.725097989601636e-08,0.0,283.1748046875,287.20037841796875,291.55133056640625,291.9985046386719,293.1499938964844,293.1499938964844,278.1499938964844,0.0,18000.0,313.1499938964844,0.0,18000.0,0.0,0.0,0.0,0.0,0.0,0.0,0.0,0.0,0.0,-0.0,-0.0,-0.0,-8.74776778869785e-21,-4.373883894348925e-21,-4.373883894348925e-21,0.0,0.0,-0.0,0.0,0.0,0.0,-0.0,0.0,0.0,0.0,0.0,0.0,4.0,0.0,0.0
12426000,298.3273010253906,303.1499938964844,285.1499938964844,0.0,-0.0,287.7953186035156,0.0,0.0,9.319852688349783e-05,298.5104675292969,303.1499938964844,285.1499938964844,0.0,-0.0,287.7965393066406,0.0,0.0,9.814283112064004e-05,298.87799072265625,303.1499938964844,285.1499938964844,0.0,-0.0,287.7963562011719,0.0,0.0,7.248803012771532e-05,298.20849609375,303.1499938964844,285.1499938964844,0.0,-0.0,287.7970275878906,0.0,0.0,9.814235818339512e-05,298.3185729980469,303.1499938964844,285.1499938964844,0.0,-0.0,287.79510498046875,0.0,0.0,0.0004655460652429,287.7874450683594,294.1499938964844,288.7203674316406,287.87042236328125,290.06353759765625,289.1175842285156,286.8430480957031,0.0,0.0,0.0,0.0,1.0,1.0,-0.0009931612294167,5.064371144669621e-09,0.0009931562235578,-0.0123202418908476,0.0,0.0,0.0,-0.0073234434239566,60.0,3.870414257049561,-0.0,-6.725097989601636e-08,0.0,283.1748046875,287.20037841796875,291.55133056640625,291.9985046386719,293.1499938964844,293.1499938964844,278.1499938964844,0.0,18000.0,313.1499938964844,0.0,18000.0,0.0,0.0,0.0,0.0,0.0,0.0,0.0,0.0,0.0,-0.0,-0.0,-0.0,-8.74776778869785e-21,-4.373883894348925e-21,-4.373883894348925e-21,0.0,0.0,-0.0,0.0,0.0,0.0,-0.0,0.0,0.0,0.0,0.0,0.0,4.0,0.0,0.0
12426060,298.3276672363281,303.1499938964844,285.1499938964844,0.0,-0.0,287.79150390625,0.0,0.0,9.303048136644064e-05,298.512451171875,303.1499938964844,285.1499938964844,0.0,-0.0,287.792724609375,0.0,0.0,9.796586527954788e-05,298.8792724609375,303.1499938964844,285.1499938964844,0.0,-0.0,287.79254150390625,0.0,0.0,7.235732482513413e-05,298.2132263183594,303.1499938964844,285.1499938964844,0.0,-0.0,287.793212890625,0.0,0.0,9.796539961826056e-05,298.3226623535156,303.1499938964844,285.1499938964844,0.0,-0.0,287.79132080078125,0.0,0.0,0.000464706623461,287.7821655273437,294.1499938964844,288.6482849121094,287.8329162597656,290.0392761230469,289.0397033691406,286.8607177734375,0.0,0.0,0.0,0.0,1.0,1.0,-0.0009913687827065,4.854773472118268e-09,0.000991363893263,-0.0117711164057254,0.0,0.0,0.0,-0.0072195366956293,60.0,3.6494858264923096,-0.0,-6.700843613316465e-08,0.0,283.1748046875,287.20037841796875,291.55133056640625,291.9985046386719,293.1499938964844,293.1499938964844,278.1499938964844,0.0,18000.0,313.1499938964844,0.0,18000.0,0.0,0.0,0.0,0.0,0.0,0.0,0.0,0.0,0.0,-0.0,-0.0,-0.0,-8.74776778869785e-21,-4.373883894348925e-21,-4.373883894348925e-21,0.0,0.0,-0.0,0.0,0.0,0.0,-0.0,0.0,0.0,0.0,0.0,0.0,4.0,0.0,0.0
12426120,298.3276672363281,303.1499938964844,285.1499938964844,0.0,-0.0,287.79150390625,0.0,0.0,9.303048136644064e-05,298.512451171875,303.1499938964844,285.1499938964844,0.0,-0.0,287.792724609375,0.0,0.0,9.796586527954788e-05,298.8792724609375,303.1499938964844,285.1499938964844,0.0,-0.0,287.79254150390625,0.0,0.0,7.235732482513413e-05,298.2132263183594,303.1499938964844,285.1499938964844,0.0,-0.0,287.793212890625,0.0,0.0,9.796539961826056e-05,298.3226623535156,303.1499938964844,285.1499938964844,0.0,-0.0,287.79132080078125,0.0,0.0,0.000464706623461,287.7821655273437,294.1499938964844,288.6482849121094,287.8329162597656,290.0392761230469,289.0397033691406,286.8607177734375,0.0,0.0,0.0,0.0,1.0,1.0,-0.0009913687827065,4.854773472118268e-09,0.000991363893263,-0.0117711164057254,0.0,0.0,0.0,-0.0072195366956293,60.0,3.6494858264923096,-0.0,-6.700843613316465e-08,0.0,283.1748046875,287.20037841796875,291.55133056640625,291.9985046386719,293.1499938964844,293.1499938964844,278.1499938964844,0.0,18000.0,313.1499938964844,0.0,18000.0,0.0,0.0,0.0,0.0,0.0,0.0,0.0,0.0,0.0,-0.0,-0.0,-0.0,-8.74776778869785e-21,-4.373883894348925e-21,-4.373883894348925e-21,0.0,0.0,-0.0,0.0,0.0,0.0,-0.0,0.0,0.0,0.0,0.0,0.0,4.0,0.0,0.0
12426180,298.3275756835937,303.1499938964844,285.1499938964844,0.0,-0.0,287.7876281738281,0.0,0.0,9.286074055125936e-05,298.51397705078125,303.1499938964844,285.1499938964844,0.0,-0.0,287.7888488769531,0.0,0.0,9.778711682884024e-05,298.8801574707031,303.1499938964844,285.1499938964844,0.0,-0.0,287.7886657714844,0.0,0.0,7.222530257422477e-05,298.2175598144531,303.1499938964844,285.1499938964844,0.0,-0.0,287.7893371582031,0.0,0.0,9.778665844351052e-05,298.3262634277344,303.1499938964844,285.1499938964844,0.0,-0.0,287.7874450683594,0.0,0.0,0.0004638587706722,287.7768249511719,294.1499938964844,288.57891845703125,287.7947998046875,290.0142517089844,288.96661376953125,286.8773193359375,0.0,0.0,0.0,0.0,1.0,1.0,-0.0009895582916215,4.643072593069064e-09,0.0009895536350086,-0.0112164691090583,0.0,0.0,0.0,-0.0071145873516798,60.0,3.4385664463043213,-0.0,-6.676390995608017e-08,0.0,283.1748046875,287.20037841796875,291.55133056640625,291.9985046386719,293.1499938964844,293.1499938964844,278.1499938964844,0.0,18000.0,313.1499938964844,0.0,18000.0,0.0,0.0,0.0,0.0,0.0,0.0,0.0,0.0,0.0,-0.0,-0.0,-0.0,-8.74776778869785e-21,-4.373883894348925e-21,-4.373883894348925e-21,0.0,0.0,-0.0,0.0,0.0,0.0,-0.0,0.0,0.0,0.0,0.0,0.0,4.0,0.0,0.0
12426240,298.3275756835937,303.1499938964844,285.1499938964844,0.0,-0.0,287.7876281738281,0.0,0.0,9.286074055125936e-05,298.51397705078125,303.1499938964844,285.1499938964844,0.0,-0.0,287.7888488769531,0.0,0.0,9.778711682884024e-05,298.8801574707031,303.1499938964844,285.1499938964844,0.0,-0.0,287.7886657714844,0.0,0.0,7.222530257422477e-05,298.2175598144531,303.1499938964844,285.1499938964844,0.0,-0.0,287.7893371582031,0.0,0.0,9.778665844351052e-05,298.3262634277344,303.1499938964844,285.1499938964844,0.0,-0.0,287.7874450683594,0.0,0.0,0.0004638587706722,287.7768249511719,294.1499938964844,288.57891845703125,287.7947998046875,290.0142517089844,288.96661376953125,286.8773193359375,0.0,0.0,0.0,0.0,1.0,1.0,-0.0009895582916215,4.643072593069064e-09,0.0009895536350086,-0.0112164691090583,0.0,0.0,0.0,-0.0071145873516798,60.0,3.4385664463043213,-0.0,-6.676390995608017e-08,0.0,283.1748046875,287.20037841796875,291.55133056640625,291.9985046386719,293.1499938964844,293.1499938964844,278.1499938964844,0.0,18000.0,313.1499938964844,0.0,18000.0,0.0,0.0,0.0,0.0,0.0,0.0,0.0,0.0,0.0,-0.0,-0.0,-0.0,-8.74776778869785e-21,-4.373883894348925e-21,-4.373883894348925e-21,0.0,0.0,-0.0,0.0,0.0,0.0,-0.0,0.0,0.0,0.0,0.0,0.0,4.0,0.0,0.0
12426300,298.32769775390625,303.1499938964844,285.1499938964844,0.0,-0.0,287.7856750488281,0.0,0.0,9.277613571612164e-05,298.5145874023437,303.1499938964844,285.1499938964844,0.0,-0.0,287.7868957519531,0.0,0.0,9.769802272785456e-05,298.8804626464844,303.1499938964844,285.1499938964844,0.0,-0.0,287.7867126464844,0.0,0.0,7.215949153760448e-05,298.2196044921875,303.1499938964844,285.1499938964844,0.0,-0.0,287.787353515625,0.0,0.0,9.769756434252486e-05,298.327880859375,303.1499938964844,285.1499938964844,0.0,-0.0,287.7854919433594,0.0,0.0,0.0004634361248463,287.7741394042969,294.1499938964844,288.5453186035156,287.7755126953125,290.00146484375,288.9317321777344,286.8852233886719,0.0,0.0,0.0,0.0,1.0,1.0,-0.0009886558400467,4.537551667738171e-09,0.0009886512998491,-0.0109400050714612,0.0,0.0,0.0,-0.0070622758939862,60.0,3.3366446495056152,-0.0,-6.664219398544446e-08,0.0,283.1748046875,287.20037841796875,291.55133056640625,291.9985046386719,293.1499938964844,293.1499938964844,278.1499938964844,0.0,18000.0,313.1499938964844,0.0,18000.0,0.0,0.0,0.0,0.0,0.0,0.0,0.0,0.0,0.0,0.0,0.0,0.0,-8.74776778869785e-21,-4.373883894348925e-21,-4.373883894348925e-21,0.0,0.0,-0.0,0.0,0.0,0.0,-0.0,0.0,0.0,0.0,0.0,0.0,4.0,0.0,0.0
12426360,298.3280029296875,303.1499938964844,285.1499938964844,0.0,-0.0,287.7837219238281,0.0,0.0,9.269214206142352e-05,298.5151062011719,303.1499938964844,285.1499938964844,0.0,-0.0,287.784912109375,0.0,0.0,9.760956891113892e-05,298.88067626953125,303.1499938964844,285.1499938964844,0.0,-0.0,287.78472900390625,0.0,0.0,7.209416071418673e-05,298.2215576171875,303.1499938964844,285.1499938964844,0.0,-0.0,287.785400390625,0.0,0.0,9.760911780176684e-05,298.329345703125,303.1499938964844,285.1499938964844,0.0,-0.0,287.7835388183594,0.0,0.0,0.0004630165349226,287.7714233398437,294.1499938964844,288.5124816894531,287.75604248046875,289.988525390625,288.8978881835937,286.89288330078125,0.0,0.0,0.0,0.0,1.0,1.0,-0.0009877599077299,4.432789246777702e-09,0.0009877554839476,-0.0106655266135931,0.0,0.0,0.0,-0.0070103406906127,60.0,3.2369213104248047,-0.0,-6.652146566921148e-08,0.0,283.1748046875,287.20037841796875,291.55133056640625,291.9985046386719,293.1499938964844,293.1499938964844,278.1499938964844,0.0,18000.0,313.1499938964844,0.0,18000.0,0.0,0.0,0.0,0.0,0.0,0.0,0.0,0.0,0.0,0.0,0.0,0.0,-8.74776778869785e-21,-4.373883894348925e-21,-4.373883894348925e-21,0.0,0.0,-0.0,0.0,0.0,0.0,-0.0,0.0,0.0,0.0,0.0,0.0,4.0,0.0,0.0
12426420,298.3288269042969,303.1499938964844,285.1499938964844,0.0,-0.0,287.7797546386719,0.0,0.0,9.252703603124246e-05,298.5158996582031,303.1499938964844,285.1499938964844,0.0,-0.0,287.78094482421875,0.0,0.0,9.74357026279904e-05,298.8808898925781,303.1499938964844,285.1499938964844,0.0,-0.0,287.78076171875,0.0,0.0,7.196574006229639e-05,298.2252197265625,303.1499938964844,285.1499938964844,0.0,-0.0,287.7814025878906,0.0,0.0,9.743525151861832e-05,298.3320617675781,303.1499938964844,285.1499938964844,0.0,-0.0,287.7795715332031,0.0,0.0,0.0004621918196789,287.7659912109375,294.1499938964844,288.4491882324219,287.716552734375,289.962158203125,288.8332214355469,286.9075012207031,0.0,0.0,0.0,0.0,1.0,1.0,-0.0009859987767413,4.226869965151536e-09,0.0009859945857897,-0.010126007720828,0.0,0.0,0.0,-0.0069082574918866,60.0,3.0438146591186523,-0.0,-6.62844783505534e-08,0.0,283.1748046875,287.20037841796875,291.55133056640625,291.9985046386719,293.1499938964844,293.1499938964844,278.1499938964844,0.0,18000.0,313.1499938964844,0.0,18000.0,0.0,0.0,0.0,0.0,0.0,0.0,0.0,0.0,0.0,-0.0,-0.0,-0.0,-8.74776778869785e-21,-4.373883894348925e-21,-4.373883894348925e-21,0.0,0.0,-0.0,0.0,0.0,0.0,-0.0,0.0,0.0,0.0,0.0,0.0,4.0,0.0,0.0
12426480,298.3288269042969,303.1499938964844,285.1499938964844,0.0,-0.0,287.7797546386719,0.0,0.0,9.252703603124246e-05,298.5158996582031,303.1499938964844,285.1499938964844,0.0,-0.0,287.78094482421875,0.0,0.0,9.74357026279904e-05,298.8808898925781,303.1499938964844,285.1499938964844,0.0,-0.0,287.78076171875,0.0,0.0,7.196574006229639e-05,298.2252197265625,303.1499938964844,285.1499938964844,0.0,-0.0,287.7814025878906,0.0,0.0,9.743525151861832e-05,298.3320617675781,303.1499938964844,285.1499938964844,0.0,-0.0,287.7795715332031,0.0,0.0,0.0004621918196789,287.7659912109375,294.1499938964844,288.4491882324219,287.716552734375,289.962158203125,288.8332214355469,286.9075012207031,0.0,0.0,0.0,0.0,1.0,1.0,-0.0009859987767413,4.226869965151536e-09,0.0009859945857897,-0.010126007720828,0.0,0.0,0.0,-0.0069082574918866,60.0,3.0438146591186523,-0.0,-6.62844783505534e-08,0.0,283.1748046875,287.20037841796875,291.55133056640625,291.9985046386719,293.1499938964844,293.1499938964844,278.1499938964844,0.0,18000.0,313.1499938964844,0.0,18000.0,0.0,0.0,0.0,0.0,0.0,0.0,0.0,0.0,0.0,-0.0,-0.0,-0.0,-8.74776778869785e-21,-4.373883894348925e-21,-4.373883894348925e-21,0.0,0.0,-0.0,0.0,0.0,0.0,-0.0,0.0,0.0,0.0,0.0,0.0,4.0,0.0,0.0
12426540,298.32965087890625,303.1499938964844,285.1499938964844,0.0,-0.0,287.7757263183594,0.0,0.0,9.236730693373828e-05,298.5164489746094,303.1499938964844,285.1499938964844,0.0,-0.0,287.77691650390625,0.0,0.0,9.72674970398657e-05,298.8807983398437,303.1499938964844,285.1499938964844,0.0,-0.0,287.7767333984375,0.0,0.0,7.184150308603421e-05,298.2286071777344,303.1499938964844,285.1499938964844,0.0,-0.0,287.7773742675781,0.0,0.0,9.726706048240884e-05,298.33447265625,303.1499938964844,285.1499938964844,0.0,-0.0,287.77557373046875,0.0,0.0,0.000461393938167,287.7605285644531,294.1499938964844,288.38934326171875,287.67626953125,289.93524169921875,288.7723693847656,286.9212341308594,0.0,0.0,0.0,0.0,1.0,1.0,-0.0009842950385063,4.027654654237267e-09,0.0009842910803854,-0.0096040470525622,0.0,0.0,0.0,-0.0068094972521066,60.0,2.8586184978485107,-0.0,-6.605560542993771e-08,0.0,283.1748046875,287.20037841796875,291.55133056640625,291.9985046386719,293.1499938964844,293.1499938964844,278.1499938964844,0.0,18000.0,313.1499938964844,0.0,18000.0,0.0,0.0,0.0,0.0,0.0,0.0,0.0,0.0,0.0,-0.0,-0.0,-0.0,-8.74776778869785e-21,-4.373883894348925e-21,-4.373883894348925e-21,0.0,0.0,-0.0,0.0,0.0,0.0,-0.0,0.0,0.0,0.0,0.0,0.0,4.0,0.0,0.0
12426600,298.32965087890625,303.1499938964844,285.1499938964844,0.0,-0.0,287.7757263183594,0.0,0.0,9.236730693373828e-05,298.5164489746094,303.1499938964844,285.1499938964844,0.0,-0.0,287.77691650390625,0.0,0.0,9.72674970398657e-05,298.8807983398437,303.1499938964844,285.1499938964844,0.0,-0.0,287.7767333984375,0.0,0.0,7.184150308603421e-05,298.2286071777344,303.1499938964844,285.1499938964844,0.0,-0.0,287.7773742675781,0.0,0.0,9.726706048240884e-05,298.33447265625,303.1499938964844,285.1499938964844,0.0,-0.0,287.77557373046875,0.0,0.0,0.000461393938167,287.7605285644531,294.1499938964844,288.38934326171875,287.67626953125,289.93524169921875,288.7723693847656,286.9212341308594,0.0,0.0,0.0,0.0,1.0,1.0,-0.0009842950385063,4.027654654237267e-09,0.0009842910803854,-0.0096040470525622,0.0,0.0,0.0,-0.0068094972521066,60.0,2.8586184978485107,-0.0,-6.605560542993771e-08,0.0,283.1748046875,287.20037841796875,291.55133056640625,291.9985046386719,293.1499938964844,293.1499938964844,278.1499938964844,0.0,18000.0,313.1499938964844,0.0,18000.0,0.0,0.0,0.0,0.0,0.0,0.0,0.0,0.0,0.0,-0.0,-0.0,-0.0,-8.74776778869785e-21,-4.373883894348925e-21,-4.373883894348925e-21,0.0,0.0,-0.0,0.0,0.0,0.0,-0.0,0.0,0.0,0.0,0.0,0.0,4.0,0.0,0.0
12426660,298.3304138183594,303.1499938964844,285.1499938964844,0.0,-0.0,287.7716979980469,0.0,0.0,9.221443178830668e-05,298.51678466796875,303.1499938964844,285.1499938964844,0.0,-0.0,287.7728576660156,0.0,0.0,9.710650192573668e-05,298.8805236816406,303.1499938964844,285.1499938964844,0.0,-0.0,287.7726745605469,0.0,0.0,7.172259938670322e-05,298.23175048828125,303.1499938964844,285.1499938964844,0.0,-0.0,287.7732849121094,0.0,0.0,9.710607264423744e-05,298.3366394042969,303.1499938964844,285.1499938964844,0.0,-0.0,287.7715148925781,0.0,0.0,0.0004606302827596,287.7550048828125,294.1499938964844,288.3331604003906,287.6351318359375,289.9078063964844,288.7151794433594,286.93414306640625,0.0,0.0,0.0,0.0,1.0,1.0,-0.0009826642926782,3.836974293847106e-09,0.0009826604509726,-0.0091044399887323,0.0,0.0,0.0,-0.0067149684764444,60.0,2.680697441101074,-0.0,-6.583690748129811e-08,0.0,283.1748046875,287.20037841796875,291.55133056640625,291.9985046386719,293.1499938964844,293.1499938964844,278.1499938964844,0.0,18000.0,313.1499938964844,0.0,18000.0,0.0,0.0,0.0,0.0,0.0,0.0,0.0,0.0,0.0,-0.0,-0.0,-0.0,-8.74776778869785e-21,-4.373883894348925e-21,-4.373883894348925e-21,0.0,0.0,-0.0,0.0,0.0,0.0,-0.0,0.0,0.0,0.0,0.0,0.0,4.0,0.0,0.0
12426720,298.3304138183594,303.1499938964844,285.1499938964844,0.0,-0.0,287.7716979980469,0.0,0.0,9.221443178830668e-05,298.51678466796875,303.1499938964844,285.1499938964844,0.0,-0.0,287.7728576660156,0.0,0.0,9.710650192573668e-05,298.8805236816406,303.1499938964844,285.1499938964844,0.0,-0.0,287.7726745605469,0.0,0.0,7.172259938670322e-05,298.23175048828125,303.1499938964844,285.1499938964844,0.0,-0.0,287.7732849121094,0.0,0.0,9.710607264423744e-05,298.3366394042969,303.1499938964844,285.1499938964844,0.0,-0.0,287.7715148925781,0.0,0.0,0.0004606302827596,287.7550048828125,294.1499938964844,288.3331604003906,287.6351318359375,289.9078063964844,288.7151794433594,286.93414306640625,0.0,0.0,0.0,0.0,1.0,1.0,-0.0009826642926782,3.836974293847106e-09,0.0009826604509726,-0.0091044399887323,0.0,0.0,0.0,-0.0067149684764444,60.0,2.680697441101074,-0.0,-6.583690748129811e-08,0.0,283.1748046875,287.20037841796875,291.55133056640625,291.9985046386719,293.1499938964844,293.1499938964844,278.1499938964844,0.0,18000.0,313.1499938964844,0.0,18000.0,0.0,0.0,0.0,0.0,0.0,0.0,0.0,0.0,0.0,-0.0,-0.0,-0.0,-8.74776778869785e-21,-4.373883894348925e-21,-4.373883894348925e-21,0.0,0.0,-0.0,0.0,0.0,0.0,-0.0,0.0,0.0,0.0,0.0,0.0,4.0,0.0,0.0
12426780,298.3310546875,303.1499938964844,285.1499938964844,0.0,-0.0,287.7676086425781,0.0,0.0,9.206953109242022e-05,298.5169372558594,303.1499938964844,285.1499938964844,0.0,-0.0,287.76873779296875,0.0,0.0,9.6953910542652e-05,298.8800964355469,303.1499938964844,285.1499938964844,0.0,-0.0,287.7685546875,0.0,0.0,7.160989480325952e-05,298.2346496582031,303.1499938964844,285.1499938964844,0.0,-0.0,287.7691955566406,0.0,0.0,9.695348126115276e-05,298.338623046875,303.1499938964844,285.1499938964844,0.0,-0.0,287.7674255371094,0.0,0.0,0.0004599064704962,287.7494812011719,294.1499938964844,288.2809143066406,287.5930480957031,289.87994384765625,288.6614685058594,286.9462280273437,0.0,0.0,0.0,0.0,1.0,1.0,-0.0009811186464503,3.656240643579167e-09,0.00098111492116,-0.0086308885365724,0.0,0.0,0.0,-0.0066253710538148,60.0,2.509443759918213,-0.0,-6.562995480408064e-08,0.0,283.1748046875,287.20037841796875,291.55133056640625,291.9985046386719,293.1499938964844,293.1499938964844,278.1499938964844,0.0,18000.0,313.1499938964844,0.0,18000.0,0.0,0.0,0.0,0.0,0.0,0.0,0.0,0.0,0.0,-0.0,-0.0,-0.0,-8.74776778869785e-21,-4.373883894348925e-21,-4.373883894348925e-21,0.0,0.0,-0.0,0.0,0.0,0.0,-0.0,0.0,0.0,0.0,0.0,0.0,4.0,0.0,0.0
12426840,298.3310546875,303.1499938964844,285.1499938964844,0.0,-0.0,287.7676086425781,0.0,0.0,9.206953109242022e-05,298.5169372558594,303.1499938964844,285.1499938964844,0.0,-0.0,287.76873779296875,0.0,0.0,9.6953910542652e-05,298.8800964355469,303.1499938964844,285.1499938964844,0.0,-0.0,287.7685546875,0.0,0.0,7.160989480325952e-05,298.2346496582031,303.1499938964844,285.1499938964844,0.0,-0.0,287.7691955566406,0.0,0.0,9.695348126115276e-05,298.338623046875,303.1499938964844,285.1499938964844,0.0,-0.0,287.7674255371094,0.0,0.0,0.0004599064704962,287.7494812011719,294.1499938964844,288.2809143066406,287.5930480957031,289.87994384765625,288.6614685058594,286.9462280273437,0.0,0.0,0.0,0.0,1.0,1.0,-0.0009811186464503,3.656240643579167e-09,0.00098111492116,-0.0086308885365724,0.0,0.0,0.0,-0.0066253710538148,60.0,2.509443759918213,-0.0,-6.562995480408064e-08,0.0,283.1748046875,287.20037841796875,291.55133056640625,291.9985046386719,293.1499938964844,293.1499938964844,278.1499938964844,0.0,18000.0,313.1499938964844,0.0,18000.0,0.0,0.0,0.0,0.0,0.0,0.0,0.0,0.0,0.0,-0.0,-0.0,-0.0,-8.74776778869785e-21,-4.373883894348925e-21,-4.373883894348925e-21,0.0,0.0,-0.0,0.0,0.0,0.0,-0.0,0.0,0.0,0.0,0.0,0.0,4.0,0.0,0.0
12426900,298.331298828125,303.1499938964844,285.1499938964844,0.0,-0.0,287.7655639648437,0.0,0.0,9.200035128742456e-05,298.5169677734375,303.1499938964844,285.1499938964844,0.0,-0.0,287.7666931152344,0.0,0.0,9.68810636550188e-05,298.8798217773437,303.1499938964844,285.1499938964844,0.0,-0.0,287.7665100097656,0.0,0.0,7.155608909670264e-05,298.2359924316406,303.1499938964844,285.1499938964844,0.0,-0.0,287.7671203613281,0.0,0.0,9.688064164947718e-05,298.3395690917969,303.1499938964844,285.1499938964844,0.0,-0.0,287.765380859375,0.0,0.0,0.0004595609207171,287.7467041015625,294.1499938964844,288.2563171386719,287.5716552734375,289.8658752441406,288.6358947753906,286.9519958496094,0.0,0.0,0.0,0.0,1.0,1.0,-0.0009803805733099,3.5699529998822754e-09,0.0009803770808503,-0.0084047988057136,0.0,0.0,0.0,-0.0065825940109789,60.0,2.426124095916748,-0.0,-6.55312675235109e-08,0.0,283.1748046875,287.20037841796875,291.55133056640625,291.9985046386719,293.1499938964844,293.1499938964844,278.1499938964844,0.0,18000.0,313.1499938964844,0.0,18000.0,0.0,0.0,0.0,0.0,0.0,0.0,0.0,0.0,0.0,0.0,0.0,0.0,-8.74776778869785e-21,-4.373883894348925e-21,-4.373883894348925e-21,0.0,0.0,-0.0,0.0,0.0,0.0,-0.0,0.0,0.0,0.0,0.0,0.0,4.0,0.0,0.0
12426960,298.33154296875,303.1499938964844,285.1499938964844,0.0,-0.0,287.76348876953125,0.0,0.0,9.19334779609926e-05,298.5169677734375,303.1499938964844,285.1499938964844,0.0,-0.0,287.7646179199219,0.0,0.0,9.681063966127113e-05,298.8794860839844,303.1499938964844,285.1499938964844,0.0,-0.0,287.7644348144531,0.0,0.0,7.150407327571884e-05,298.2373046875,303.1499938964844,285.1499938964844,0.0,-0.0,287.7650756835937,0.0,0.0,9.68102176557295e-05,298.3404541015625,303.1499938964844,285.1499938964844,0.0,-0.0,287.7633056640625,0.0,0.0,0.0004592268669512,287.7439270019531,294.1499938964844,288.2327880859375,287.54998779296875,289.85174560546875,288.6111145019531,286.9576110839844,0.0,0.0,0.0,0.0,1.0,1.0,-0.0009796671802178,3.486537503150089e-09,0.0009796636877581,-0.0081862332299351,0.0,0.0,0.0,-0.0065412414260208,60.0,2.3442485332489014,-0.0,-6.543593400465397e-08,0.0,283.1748046875,287.20037841796875,291.55133056640625,291.9985046386719,293.1499938964844,293.1499938964844,278.1499938964844,0.0,18000.0,313.1499938964844,0.0,18000.0,0.0,0.0,0.0,0.0,0.0,0.0,0.0,0.0,0.0,-0.0,-0.0,-0.0,-8.74776778869785e-21,-4.373883894348925e-21,-4.373883894348925e-21,0.0,0.0,-0.0,0.0,0.0,0.0,-0.0,0.0,0.0,0.0,0.0,0.0,4.0,0.0,0.0
12427020,298.3319091796875,303.1499938964844,285.1499938964844,0.0,-0.0,287.75933837890625,0.0,0.0,9.180695633403956e-05,298.516845703125,303.1499938964844,285.1499938964844,0.0,-0.0,287.7604675292969,0.0,0.0,9.66774023254402e-05,298.8787841796875,303.1499938964844,285.1499938964844,0.0,-0.0,287.7602844238281,0.0,0.0,7.140565867302939e-05,298.2397766113281,303.1499938964844,285.1499938964844,0.0,-0.0,287.7608947753906,0.0,0.0,9.66769875958562e-05,298.34210205078125,303.1499938964844,285.1499938964844,0.0,-0.0,287.7591857910156,0.0,0.0,0.000458594848169,287.7383728027344,294.1499938964844,288.1890563964844,287.505859375,289.8232727050781,288.56402587890625,286.9682922363281,0.0,0.0,0.0,0.0,1.0,1.0,-0.0009783173445612,3.328706643657142e-09,0.0009783140849322,-0.0077726822346448,0.0,0.0,0.0,-0.0064629972912371,60.0,2.1845180988311768,-0.0,-6.525573326143785e-08,0.0,283.1748046875,287.20037841796875,291.55133056640625,291.9985046386719,293.1499938964844,293.1499938964844,278.1499938964844,0.0,18000.0,313.1499938964844,0.0,18000.0,0.0,0.0,0.0,0.0,0.0,0.0,0.0,0.0,0.0,-0.0,-0.0,-0.0,-8.74776778869785e-21,-4.373883894348925e-21,-4.373883894348925e-21,0.0,0.0,-0.0,0.0,0.0,0.0,-0.0,0.0,0.0,0.0,0.0,0.0,4.0,0.0,0.0
12427080,298.3319091796875,303.1499938964844,285.1499938964844,0.0,-0.0,287.75933837890625,0.0,0.0,9.180695633403956e-05,298.516845703125,303.1499938964844,285.1499938964844,0.0,-0.0,287.7604675292969,0.0,0.0,9.66774023254402e-05,298.8787841796875,303.1499938964844,285.1499938964844,0.0,-0.0,287.7602844238281,0.0,0.0,7.140565867302939e-05,298.2397766113281,303.1499938964844,285.1499938964844,0.0,-0.0,287.7608947753906,0.0,0.0,9.66769875958562e-05,298.34210205078125,303.1499938964844,285.1499938964844,0.0,-0.0,287.7591857910156,0.0,0.0,0.000458594848169,287.7383728027344,294.1499938964844,288.1890563964844,287.505859375,289.8232727050781,288.56402587890625,286.9682922363281,0.0,0.0,0.0,0.0,1.0,1.0,-0.0009783173445612,3.328706643657142e-09,0.0009783140849322,-0.0077726822346448,0.0,0.0,0.0,-0.0064629972912371,60.0,2.1845180988311768,-0.0,-6.525573326143785e-08,0.0,283.1748046875,287.20037841796875,291.55133056640625,291.9985046386719,293.1499938964844,293.1499938964844,278.1499938964844,0.0,18000.0,313.1499938964844,0.0,18000.0,0.0,0.0,0.0,0.0,0.0,0.0,0.0,0.0,0.0,-0.0,-0.0,-0.0,-8.74776778869785e-21,-4.373883894348925e-21,-4.373883894348925e-21,0.0,0.0,-0.0,0.0,0.0,0.0,-0.0,0.0,0.0,0.0,0.0,0.0,4.0,0.0,0.0
12427140,298.3321533203125,303.1499938964844,285.1499938964844,0.0,-0.0,287.75518798828125,0.0,0.0,9.169049735646696e-05,298.5166320800781,303.1499938964844,285.1499938964844,0.0,-0.0,287.7562866210937,0.0,0.0,9.655475878389552e-05,298.8779602050781,303.1499938964844,285.1499938964844,0.0,-0.0,287.756103515625,0.0,0.0,7.131508027669042e-05,298.24200439453125,303.1499938964844,285.1499938964844,0.0,-0.0,287.7567138671875,0.0,0.0,9.655435133026911e-05,298.3435974121094,303.1499938964844,285.1499938964844,0.0,-0.0,287.7550048828125,0.0,0.0,0.0004580131208058,287.7328186035156,294.1499938964844,288.1499938964844,287.4605712890625,289.79461669921875,288.5200500488281,286.97833251953125,0.0,0.0,0.0,0.0,1.0,1.0,-0.0009770748438313,3.1834221925208794e-09,0.0009770717006176,-0.007392001338303,0.0,0.0,0.0,-0.0063909734599292,60.0,2.029727935791016,-0.0,-6.50900844334501e-08,0.0,283.1748046875,287.20037841796875,291.55133056640625,291.9985046386719,293.1499938964844,293.1499938964844,278.1499938964844,0.0,18000.0,313.1499938964844,0.0,18000.0,0.0,0.0,0.0,0.0,0.0,0.0,0.0,0.0,0.0,0.0,0.0,0.0,-8.74776778869785e-21,-4.373883894348925e-21,-4.373883894348925e-21,0.0,0.0,-0.0,0.0,0.0,0.0,-0.0,0.0,0.0,0.0,0.0,0.0,4.0,0.0,0.0
12427200,298.3321533203125,303.1499938964844,285.1499938964844,0.0,-0.0,287.75518798828125,0.0,0.0,9.169049735646696e-05,298.5166320800781,303.1499938964844,285.1499938964844,0.0,-0.0,287.7562866210937,0.0,0.0,9.655475878389552e-05,298.8779602050781,303.1499938964844,285.1499938964844,0.0,-0.0,287.756103515625,0.0,0.0,7.131508027669042e-05,298.24200439453125,303.1499938964844,285.1499938964844,0.0,-0.0,287.7567138671875,0.0,0.0,9.655435133026911e-05,298.3435974121094,303.1499938964844,285.1499938964844,0.0,-0.0,287.7550048828125,0.0,0.0,0.0004580131208058,287.7328186035156,294.1499938964844,288.1499938964844,287.4605712890625,289.79461669921875,288.5200500488281,286.97833251953125,0.0,0.0,0.0,0.0,1.0,1.0,-0.0009770748438313,3.1834221925208794e-09,0.0009770717006176,-0.007392001338303,0.0,0.0,0.0,-0.0063909734599292,60.0,2.029727935791016,-0.0,-6.50900844334501e-08,0.0,283.1748046875,287.20037841796875,291.55133056640625,291.9985046386719,293.1499938964844,293.1499938964844,278.1499938964844,0.0,18000.0,313.1499938964844,0.0,18000.0,0.0,0.0,0.0,0.0,0.0,0.0,0.0,0.0,0.0,0.0,0.0,0.0,-8.74776778869785e-21,-4.373883894348925e-21,-4.373883894348925e-21,0.0,0.0,-0.0,0.0,0.0,0.0,-0.0,0.0,0.0,0.0,0.0,0.0,4.0,0.0,0.0
12427260,298.3323059082031,303.1499938964844,285.1499938964844,0.0,-0.0,287.7510070800781,0.0,0.0,9.160750778391956e-05,298.5162658691406,303.1499938964844,285.1499938964844,0.0,-0.0,287.7520751953125,0.0,0.0,9.646735998103396e-05,298.8770446777344,303.1499938964844,285.1499938964844,0.0,-0.0,287.7519226074219,0.0,0.0,7.125052798073739e-05,298.24395751953125,303.1499938964844,285.1499938964844,0.0,-0.0,287.75250244140625,0.0,0.0,9.646695980336516e-05,298.3449401855469,303.1499938964844,285.1499938964844,0.0,-0.0,287.7508239746094,0.0,0.0,0.0004575985658448,287.72723388671875,294.1499938964844,288.11572265625,287.4170227050781,289.7658386230469,288.4789733886719,286.9877624511719,0.0,0.0,0.0,0.0,1.0,1.0,-0.0009761888068169,3.079841937037031e-09,0.0009761857218109,-0.0071205939166247,0.0,0.0,0.0,-0.0063396231271326,60.0,1.8808172941207888,-0.0,-6.497211302303185e-08,0.0,283.1748046875,287.20037841796875,291.55133056640625,291.9985046386719,293.1499938964844,293.1499938964844,278.1499938964844,0.0,18000.0,313.1499938964844,0.0,18000.0,0.0,0.0,0.0,0.0,0.0,0.0,0.0,0.0,0.0,0.0,-0.0,0.0,-8.74776778869785e-21,-4.373883894348925e-21,-4.373883894348925e-21,0.0,0.0,-0.0,0.0,0.0,0.0,-0.0,0.0,0.0,0.0,0.0,0.0,4.0,0.0,0.0
12427320,298.3323059082031,303.1499938964844,285.1499938964844,0.0,-0.0,287.7510070800781,0.0,0.0,9.160750778391956e-05,298.5162658691406,303.1499938964844,285.1499938964844,0.0,-0.0,287.7520751953125,0.0,0.0,9.646735998103396e-05,298.8770446777344,303.1499938964844,285.1499938964844,0.0,-0.0,287.7519226074219,0.0,0.0,7.125052798073739e-05,298.24395751953125,303.1499938964844,285.1499938964844,0.0,-0.0,287.75250244140625,0.0,0.0,9.646695980336516e-05,298.3449401855469,303.1499938964844,285.1499938964844,0.0,-0.0,287.7508239746094,0.0,0.0,0.0004575985658448,287.72723388671875,294.1499938964844,288.11572265625,287.4170227050781,289.7658386230469,288.4789733886719,286.9877624511719,0.0,0.0,0.0,0.0,1.0,1.0,-0.0009761888068169,3.079841937037031e-09,0.0009761857218109,-0.0071205939166247,0.0,0.0,0.0,-0.0063396231271326,60.0,1.8808172941207888,-0.0,-6.497211302303185e-08,0.0,283.1748046875,287.20037841796875,291.55133056640625,291.9985046386719,293.1499938964844,293.1499938964844,278.1499938964844,0.0,18000.0,313.1499938964844,0.0,18000.0,0.0,0.0,0.0,0.0,0.0,0.0,0.0,0.0,0.0,0.0,-0.0,0.0,-8.74776778869785e-21,-4.373883894348925e-21,-4.373883894348925e-21,0.0,0.0,-0.0,0.0,0.0,0.0,-0.0,0.0,0.0,0.0,0.0,0.0,4.0,0.0,0.0
12427380,298.3323669433594,303.1499938964844,285.1499938964844,0.0,-0.0,287.7467956542969,0.0,0.0,9.157719614449888e-05,298.5158386230469,303.1499938964844,285.1499938964844,0.0,-0.0,287.74786376953125,0.0,0.0,9.643544035498051e-05,298.8760070800781,303.1499938964844,285.1499938964844,0.0,-0.0,287.7476806640625,0.0,0.0,7.122694660210982e-05,298.2452392578125,303.1499938964844,285.1499938964844,0.0,-0.0,287.748291015625,0.0,0.0,9.643504017731176e-05,298.3460998535156,303.1499938964844,285.1499938964844,0.0,-0.0,287.7466125488281,0.0,0.0,0.0004574471386149,287.7216491699219,294.1499938964844,288.08612060546875,287.3780822753906,289.737060546875,288.4399719238281,286.99664306640625,0.0,0.0,0.0,0.0,1.0,1.0,-0.000975864182692,3.0419018415273062e-09,0.0009758611558936,-0.0070211812853813,0.0,0.0,0.0,-0.0063208136707544,60.0,1.741765379905701,-0.0,-6.492892623555235e-08,0.0,283.1748046875,287.20037841796875,291.55133056640625,291.9985046386719,293.1499938964844,293.1499938964844,278.1499938964844,0.0,18000.0,313.1499938964844,0.0,18000.0,0.0,0.0,0.0,0.0,0.0,0.0,0.0,0.0,0.0,0.0,-0.0,0.0,-8.74776778869785e-21,-4.373883894348925e-21,-4.373883894348925e-21,0.0,0.0,-0.0,0.0,0.0,0.0,-0.0,0.0,0.0,0.0,0.0,0.0,4.0,0.0,0.0
12427440,298.3323669433594,303.1499938964844,285.1499938964844,0.0,-0.0,287.7467956542969,0.0,0.0,9.157719614449888e-05,298.5158386230469,303.1499938964844,285.1499938964844,0.0,-0.0,287.74786376953125,0.0,0.0,9.643544035498051e-05,298.8760070800781,303.1499938964844,285.1499938964844,0.0,-0.0,287.7476806640625,0.0,0.0,7.122694660210982e-05,298.2452392578125,303.1499938964844,285.1499938964844,0.0,-0.0,287.748291015625,0.0,0.0,9.643504017731176e-05,298.3460998535156,303.1499938964844,285.1499938964844,0.0,-0.0,287.7466125488281,0.0,0.0,0.0004574471386149,287.7216491699219,294.1499938964844,288.08612060546875,287.3780822753906,289.737060546875,288.4399719238281,286.99664306640625,0.0,0.0,0.0,0.0,1.0,1.0,-0.000975864182692,3.0419018415273062e-09,0.0009758611558936,-0.0070211812853813,0.0,0.0,0.0,-0.0063208136707544,60.0,1.741765379905701,-0.0,-6.492892623555235e-08,0.0,283.1748046875,287.20037841796875,291.55133056640625,291.9985046386719,293.1499938964844,293.1499938964844,278.1499938964844,0.0,18000.0,313.1499938964844,0.0,18000.0,0.0,0.0,0.0,0.0,0.0,0.0,0.0,0.0,0.0,0.0,-0.0,0.0,-8.74776778869785e-21,-4.373883894348925e-21,-4.373883894348925e-21,0.0,0.0,-0.0,0.0,0.0,0.0,-0.0,0.0,0.0,0.0,0.0,0.0,4.0,0.0,0.0
12427500,298.3323669433594,303.1499938964844,285.1499938964844,0.0,-0.0,287.74468994140625,0.0,0.0,9.158020111499354e-05,298.5155639648437,303.1499938964844,285.1499938964844,0.0,-0.0,287.7457275390625,0.0,0.0,9.64386053965427e-05,298.8754272460937,303.1499938964844,285.1499938964844,0.0,-0.0,287.7455749511719,0.0,0.0,7.122928946046159e-05,298.24560546875,303.1499938964844,285.1499938964844,0.0,-0.0,287.74615478515625,0.0,0.0,9.643821249483152e-05,298.3465881347656,303.1499938964844,285.1499938964844,0.0,-0.0,287.7445068359375,0.0,0.0,0.0004574621852952,287.7188415527344,294.1499938964844,288.0729675292969,287.3602294921875,289.72265625,288.4210205078125,287.0008544921875,0.0,0.0,0.0,0.0,1.0,1.0,-0.0009758954402059,3.0455671318208033e-09,0.0009758924134075,-0.0070307850837707,0.0,0.0,0.0,-0.0063226302154362,60.0,1.6763091087341309,-0.0,-6.493310422683862e-08,0.0,283.1748046875,287.20037841796875,291.55133056640625,291.9985046386719,293.1499938964844,293.1499938964844,278.1499938964844,0.0,18000.0,313.1499938964844,0.0,18000.0,0.0,0.0,0.0,0.0,0.0,0.0,0.0,0.0,0.0,0.0,-0.0,0.0,-8.74776778869785e-21,-4.373883894348925e-21,-4.373883894348925e-21,0.0,0.0,-0.0,0.0,0.0,0.0,-0.0,0.0,0.0,0.0,0.0,0.0,4.0,0.0,0.0
12427560,298.3323059082031,303.1499938964844,285.1499938964844,0.0,-0.0,287.7425537109375,0.0,0.0,9.159468027064575e-05,298.5152893066406,303.1499938964844,285.1499938964844,0.0,-0.0,287.7436218261719,0.0,0.0,9.64538485277444e-05,298.87481689453125,303.1499938964844,285.1499938964844,0.0,-0.0,287.74346923828125,0.0,0.0,7.124054536689073e-05,298.2457275390625,303.1499938964844,285.1499938964844,0.0,-0.0,287.7440490722656,0.0,0.0,9.645345562603325e-05,298.3470153808594,303.1499938964844,285.1499938964844,0.0,-0.0,287.7424011230469,0.0,0.0,0.0004575344792101,287.716064453125,294.1499938964844,288.0609130859375,287.3434143066406,289.7082824707031,288.4023132324219,287.0049743652344,0.0,0.0,0.0,0.0,1.0,1.0,-0.0009760489338077,3.0635205483520167e-09,0.0009760458488017,-0.0070778280496597,0.0,0.0,0.0,-0.0063315303996205,60.0,1.6135249137878418,-0.0,-6.495353233049175e-08,0.0,283.1748046875,287.20037841796875,291.55133056640625,291.9985046386719,293.1499938964844,293.1499938964844,278.1499938964844,0.0,18000.0,313.1499938964844,0.0,18000.0,0.0,0.0,0.0,0.0,0.0,0.0,0.0,0.0,0.0,0.0,-0.0,0.0,-8.74776778869785e-21,-4.373883894348925e-21,-4.373883894348925e-21,0.0,0.0,-0.0,0.0,0.0,0.0,-0.0,0.0,0.0,0.0,0.0,0.0,4.0,0.0,0.0
12427620,298.33209228515625,303.1499938964844,285.1499938964844,0.0,-0.0,287.7383117675781,0.0,0.0,9.16566132218577e-05,298.5145874023437,303.1499938964844,285.1499938964844,0.0,-0.0,287.7393493652344,0.0,0.0,9.651907021179797e-05,298.8735046386719,303.1499938964844,285.1499938964844,0.0,-0.0,287.7391967773437,0.0,0.0,7.128871220629662e-05,298.2452392578125,303.1499938964844,285.1499938964844,0.0,-0.0,287.7397766113281,0.0,0.0,9.65186773100868e-05,298.34765625,303.1499938964844,285.1499938964844,0.0,-0.0,287.7381591796875,0.0,0.0,0.0004578438529279,287.71044921875,294.1499938964844,288.0398254394531,287.3128662109375,289.6795959472656,288.3653869628906,287.0127868652344,0.0,0.0,0.0,0.0,1.0,1.0,-0.0009767073206603,3.140524951206202e-09,0.0009767041774466,-0.007279600482434,0.0,0.0,0.0,-0.0063697043806314,60.0,1.495625376701355,-0.0,-6.504121330408452e-08,0.0,283.1748046875,287.20037841796875,291.55133056640625,291.9985046386719,293.1499938964844,293.1499938964844,278.1499938964844,0.0,18000.0,313.1499938964844,0.0,18000.0,0.0,0.0,0.0,0.0,0.0,0.0,0.0,0.0,0.0,0.0,-0.0,0.0,-8.74776778869785e-21,-4.373883894348925e-21,-4.373883894348925e-21,0.0,0.0,-0.0,0.0,0.0,0.0,-0.0,0.0,0.0,0.0,0.0,0.0,4.0,0.0,0.0
12427680,298.33209228515625,303.1499938964844,285.1499938964844,0.0,-0.0,287.7383117675781,0.0,0.0,9.16566132218577e-05,298.5145874023437,303.1499938964844,285.1499938964844,0.0,-0.0,287.7393493652344,0.0,0.0,9.651907021179797e-05,298.8735046386719,303.1499938964844,285.1499938964844,0.0,-0.0,287.7391967773437,0.0,0.0,7.128871220629662e-05,298.2452392578125,303.1499938964844,285.1499938964844,0.0,-0.0,287.7397766113281,0.0,0.0,9.65186773100868e-05,298.34765625,303.1499938964844,285.1499938964844,0.0,-0.0,287.7381591796875,0.0,0.0,0.0004578438529279,287.71044921875,294.1499938964844,288.0398254394531,287.3128662109375,289.6795959472656,288.3653869628906,287.0127868652344,0.0,0.0,0.0,0.0,1.0,1.0,-0.0009767073206603,3.140524951206202e-09,0.0009767041774466,-0.007279600482434,0.0,0.0,0.0,-0.0063697043806314,60.0,1.495625376701355,-0.0,-6.504121330408452e-08,0.0,283.1748046875,287.20037841796875,291.55133056640625,291.9985046386719,293.1499938964844,293.1499938964844,278.1499938964844,0.0,18000.0,313.1499938964844,0.0,18000.0,0.0,0.0,0.0,0.0,0.0,0.0,0.0,0.0,0.0,0.0,-0.0,0.0,-8.74776778869785e-21,-4.373883894348925e-21,-4.373883894348925e-21,0.0,0.0,-0.0,0.0,0.0,0.0,-0.0,0.0,0.0,0.0,0.0,0.0,4.0,0.0,0.0
12427740,298.3316955566406,303.1499938964844,285.1499938964844,0.0,-0.0,287.7340393066406,0.0,0.0,9.176073945127428e-05,298.5137634277344,303.1499938964844,285.1499938964844,0.0,-0.0,287.7350769042969,0.0,0.0,9.662871161708608e-05,298.8719787597656,303.1499938964844,285.1499938964844,0.0,-0.0,287.73492431640625,0.0,0.0,7.13697008905001e-05,298.2438049316406,303.1499938964844,285.1499938964844,0.0,-0.0,287.7354736328125,0.0,0.0,9.662833326729016e-05,298.3479919433594,303.1499938964844,285.1499938964844,0.0,-0.0,287.73388671875,0.0,0.0,0.0004583639965858,287.7048645019531,294.1499938964844,288.0226745605469,287.2861328125,289.65106201171875,288.3288879394531,287.0201416015625,0.0,0.0,0.0,0.0,1.0,1.0,-0.0009778153616935,3.270099302454809e-09,0.0009778121020644,-0.0076191178523004,0.0,0.0,0.0,-0.0064339390955865,60.0,1.38750159740448,-0.0,-6.51888925062849e-08,0.0,283.1748046875,287.20037841796875,291.55133056640625,291.9985046386719,293.1499938964844,293.1499938964844,278.1499938964844,0.0,18000.0,313.1499938964844,0.0,18000.0,0.0,0.0,0.0,0.0,0.0,0.0,0.0,0.0,0.0,0.0,-0.0,0.0,-8.74776778869785e-21,-4.373883894348925e-21,-4.373883894348925e-21,0.0,0.0,-0.0,0.0,0.0,0.0,-0.0,0.0,0.0,0.0,0.0,0.0,4.0,0.0,0.0
12427800,298.3316955566406,303.1499938964844,285.1499938964844,0.0,-0.0,287.7340393066406,0.0,0.0,9.176073945127428e-05,298.5137634277344,303.1499938964844,285.1499938964844,0.0,-0.0,287.7350769042969,0.0,0.0,9.662871161708608e-05,298.8719787597656,303.1499938964844,285.1499938964844,0.0,-0.0,287.73492431640625,0.0,0.0,7.13697008905001e-05,298.2438049316406,303.1499938964844,285.1499938964844,0.0,-0.0,287.7354736328125,0.0,0.0,9.662833326729016e-05,298.3479919433594,303.1499938964844,285.1499938964844,0.0,-0.0,287.73388671875,0.0,0.0,0.0004583639965858,287.7048645019531,294.1499938964844,288.0226745605469,287.2861328125,289.65106201171875,288.3288879394531,287.0201416015625,0.0,0.0,0.0,0.0,1.0,1.0,-0.0009778153616935,3.270099302454809e-09,0.0009778121020644,-0.0076191178523004,0.0,0.0,0.0,-0.0064339390955865,60.0,1.38750159740448,-0.0,-6.51888925062849e-08,0.0,283.1748046875,287.20037841796875,291.55133056640625,291.9985046386719,293.1499938964844,293.1499938964844,278.1499938964844,0.0,18000.0,313.1499938964844,0.0,18000.0,0.0,0.0,0.0,0.0,0.0,0.0,0.0,0.0,0.0,0.0,-0.0,0.0,-8.74776778869785e-21,-4.373883894348925e-21,-4.373883894348925e-21,0.0,0.0,-0.0,0.0,0.0,0.0,-0.0,0.0,0.0,0.0,0.0,0.0,4.0,0.0,0.0
12427860,298.3310852050781,303.1499938964844,285.1499938964844,0.0,-0.0,287.7297668457031,0.0,0.0,9.190542186843233e-05,298.5127868652344,303.1499938964844,285.1499938964844,0.0,-0.0,287.73077392578125,0.0,0.0,9.678107016952708e-05,298.8702392578125,303.1499938964844,285.1499938964844,0.0,-0.0,287.7306213378906,0.0,0.0,7.148222357500345e-05,298.2413330078125,303.1499938964844,285.1499938964844,0.0,-0.0,287.7311706542969,0.0,0.0,9.678069181973116e-05,298.3479919433594,303.1499938964844,285.1499938964844,0.0,-0.0,287.7296142578125,0.0,0.0,0.0004590867029037,287.6992492675781,294.1499938964844,288.0091857910156,287.26300048828125,289.6227111816406,288.2926940917969,287.0270690917969,0.0,0.0,0.0,0.0,1.0,1.0,-0.0009793556528165,3.4502096735167243e-09,0.0009793521603569,-0.0080910483375191,0.0,0.0,0.0,-0.0065232273191213,60.0,1.2884808778762815,-0.0,-6.539443830888558e-08,0.0,283.1748046875,287.20037841796875,291.55133056640625,291.9985046386719,293.1499938964844,293.1499938964844,278.1499938964844,0.0,18000.0,313.1499938964844,0.0,18000.0,0.0,0.0,0.0,0.0,0.0,0.0,0.0,0.0,0.0,0.0,-0.0,0.0,-8.74776778869785e-21,-4.373883894348925e-21,-4.373883894348925e-21,0.0,0.0,-0.0,0.0,0.0,0.0,-0.0,0.0,0.0,0.0,0.0,0.0,4.0,0.0,0.0
12427920,298.3310852050781,303.1499938964844,285.1499938964844,0.0,-0.0,287.7297668457031,0.0,0.0,9.190542186843233e-05,298.5127868652344,303.1499938964844,285.1499938964844,0.0,-0.0,287.73077392578125,0.0,0.0,9.678107016952708e-05,298.8702392578125,303.1499938964844,285.1499938964844,0.0,-0.0,287.7306213378906,0.0,0.0,7.148222357500345e-05,298.2413330078125,303.1499938964844,285.1499938964844,0.0,-0.0,287.7311706542969,0.0,0.0,9.678069181973116e-05,298.3479919433594,303.1499938964844,285.1499938964844,0.0,-0.0,287.7296142578125,0.0,0.0,0.0004590867029037,287.6992492675781,294.1499938964844,288.0091857910156,287.26300048828125,289.6227111816406,288.2926940917969,287.0270690917969,0.0,0.0,0.0,0.0,1.0,1.0,-0.0009793556528165,3.4502096735167243e-09,0.0009793521603569,-0.0080910483375191,0.0,0.0,0.0,-0.0065232273191213,60.0,1.2884808778762815,-0.0,-6.539443830888558e-08,0.0,283.1748046875,287.20037841796875,291.55133056640625,291.9985046386719,293.1499938964844,293.1499938964844,278.1499938964844,0.0,18000.0,313.1499938964844,0.0,18000.0,0.0,0.0,0.0,0.0,0.0,0.0,0.0,0.0,0.0,0.0,-0.0,0.0,-8.74776778869785e-21,-4.373883894348925e-21,-4.373883894348925e-21,0.0,0.0,-0.0,0.0,0.0,0.0,-0.0,0.0,0.0,0.0,0.0,0.0,4.0,0.0,0.0
12427980,298.33026123046875,303.1499938964844,285.1499938964844,0.0,-0.0,287.7254638671875,0.0,0.0,9.208918345393612e-05,298.5116271972656,303.1499938964844,285.1499938964844,0.0,-0.0,287.7264709472656,0.0,0.0,9.69745815382339e-05,298.8683166503906,303.1499938964844,285.1499938964844,0.0,-0.0,287.726318359375,0.0,0.0,7.162515248637646e-05,298.2378845214844,303.1499938964844,285.1499938964844,0.0,-0.0,287.72686767578125,0.0,0.0,9.697420318843795e-05,298.34765625,303.1499938964844,285.1499938964844,0.0,-0.0,287.7253112792969,0.0,0.0,0.0004600046377163,287.69366455078125,294.1499938964844,287.9991455078125,287.2431945800781,289.5945739746094,288.25689697265625,287.0335693359375,0.0,0.0,0.0,0.0,1.0,1.0,-0.0009813123615458,3.679018201196982e-09,0.0009813086362555,-0.0086905704811215,0.0,0.0,0.0,-0.0066366572864353,60.0,1.197998285293579,-0.0,-6.565602461705566e-08,0.0,283.1748046875,287.20037841796875,291.55133056640625,291.9985046386719,293.1499938964844,293.1499938964844,278.1499938964844,0.0,18000.0,313.1499938964844,0.0,18000.0,0.0,0.0,0.0,0.0,0.0,0.0,0.0,0.0,0.0,0.0,-0.0,0.0,-8.74776778869785e-21,-4.373883894348925e-21,-4.373883894348925e-21,0.0,0.0,-0.0,0.0,0.0,0.0,-0.0,0.0,0.0,0.0,0.0,0.0,4.0,0.0,0.0
12428040,298.33026123046875,303.1499938964844,285.1499938964844,0.0,-0.0,287.7254638671875,0.0,0.0,9.208918345393612e-05,298.5116271972656,303.1499938964844,285.1499938964844,0.0,-0.0,287.7264709472656,0.0,0.0,9.69745815382339e-05,298.8683166503906,303.1499938964844,285.1499938964844,0.0,-0.0,287.726318359375,0.0,0.0,7.162515248637646e-05,298.2378845214844,303.1499938964844,285.1499938964844,0.0,-0.0,287.72686767578125,0.0,0.0,9.697420318843795e-05,298.34765625,303.1499938964844,285.1499938964844,0.0,-0.0,287.7253112792969,0.0,0.0,0.0004600046377163,287.69366455078125,294.1499938964844,287.9991455078125,287.2431945800781,289.5945739746094,288.25689697265625,287.0335693359375,0.0,0.0,0.0,0.0,1.0,1.0,-0.0009813123615458,3.679018201196982e-09,0.0009813086362555,-0.0086905704811215,0.0,0.0,0.0,-0.0066366572864353,60.0,1.197998285293579,-0.0,-6.565602461705566e-08,0.0,283.1748046875,287.20037841796875,291.55133056640625,291.9985046386719,293.1499938964844,293.1499938964844,278.1499938964844,0.0,18000.0,313.1499938964844,0.0,18000.0,0.0,0.0,0.0,0.0,0.0,0.0,0.0,0.0,0.0,0.0,-0.0,0.0,-8.74776778869785e-21,-4.373883894348925e-21,-4.373883894348925e-21,0.0,0.0,-0.0,0.0,0.0,0.0,-0.0,0.0,0.0,0.0,0.0,0.0,4.0,0.0,0.0
12428100,298.32977294921875,303.1499938964844,285.1499938964844,0.0,-0.0,287.7232971191406,0.0,0.0,9.219519415637478e-05,298.510986328125,303.1499938964844,285.1499938964844,0.0,-0.0,287.72430419921875,0.0,0.0,9.708620927995072e-05,298.86724853515625,303.1499938964844,285.1499938964844,0.0,-0.0,287.7241516113281,0.0,0.0,7.170760363806039e-05,298.2357788085937,303.1499938964844,285.1499938964844,0.0,-0.0,287.7247009277344,0.0,0.0,9.708583093015476e-05,298.34735107421875,303.1499938964844,285.1499938964844,0.0,-0.0,287.72314453125,0.0,0.0,0.0004605341819114,287.6908569335937,294.1499938964844,287.99530029296875,287.2344970703125,289.58062744140625,288.2392272949219,287.0366516113281,0.0,0.0,0.0,0.0,1.0,1.0,-0.0009824412409216,3.811023052691098e-09,0.0009824373992159,-0.0090364450588822,0.0,0.0,0.0,-0.0067020975984632,60.0,1.1557892560958862,-0.0,-6.580717837323391e-08,0.0,283.1748046875,287.20037841796875,291.55133056640625,291.9985046386719,293.1499938964844,293.1499938964844,278.1499938964844,0.0,18000.0,313.1499938964844,0.0,18000.0,0.0,0.0,0.0,0.0,0.0,0.0,0.0,0.0,0.0,0.0,-0.0,0.0,-8.74776778869785e-21,-4.373883894348925e-21,-4.373883894348925e-21,0.0,0.0,-0.0,0.0,0.0,0.0,-0.0,0.0,0.0,0.0,0.0,0.0,4.0,0.0,0.0
12428160,298.3292236328125,303.1499938964844,285.1499938964844,0.0,-0.0,287.7211303710937,0.0,0.0,9.231024887412786e-05,298.5102844238281,303.1499938964844,285.1499938964844,0.0,-0.0,287.7221374511719,0.0,0.0,9.720736852614208e-05,298.8661193847656,303.1499938964844,285.1499938964844,0.0,-0.0,287.72198486328125,0.0,0.0,7.179709064075723e-05,298.2333984375,303.1499938964844,285.1499938964844,0.0,-0.0,287.7225341796875,0.0,0.0,9.720699745230375e-05,298.34698486328125,303.1499938964844,285.1499938964844,0.0,-0.0,287.7209777832031,0.0,0.0,0.0004611089243553,287.68804931640625,294.1499938964844,287.99224853515625,287.2265319824219,289.5667419433594,288.2218017578125,287.0396728515625,0.0,0.0,0.0,0.0,1.0,1.0,-0.0009836665121838,3.954307103981591e-09,0.0009836625540629,-0.0094118686392903,0.0,0.0,0.0,-0.0067731295712292,60.0,1.1155037879943848,-0.0,-6.597144164288693e-08,0.0,283.1748046875,287.20037841796875,291.55133056640625,291.9985046386719,293.1499938964844,293.1499938964844,278.1499938964844,0.0,18000.0,313.1499938964844,0.0,18000.0,0.0,0.0,0.0,0.0,0.0,0.0,0.0,0.0,0.0,0.0,-0.0,0.0,-8.74776778869785e-21,-4.373883894348925e-21,-4.373883894348925e-21,0.0,0.0,-0.0,0.0,0.0,0.0,-0.0,0.0,0.0,0.0,0.0,0.0,4.0,0.0,0.0
12428220,298.3279113769531,303.1499938964844,285.1499938964844,0.0,-0.0,287.716796875,0.0,0.0,9.256608609575778e-05,298.5087585449219,303.1499938964844,285.1499938964844,0.0,-0.0,287.7177734375,0.0,0.0,9.747677540872246e-05,298.8637084960937,303.1499938964844,285.1499938964844,0.0,-0.0,287.7176208496094,0.0,0.0,7.199606625363231e-05,298.2279357910156,303.1499938964844,285.1499938964844,0.0,-0.0,287.7181701660156,0.0,0.0,9.747640433488414e-05,298.3459167480469,303.1499938964844,285.1499938964844,0.0,-0.0,287.7166442871094,0.0,0.0,0.0004623868735507,287.6824645996094,294.1499938964844,287.9883117675781,287.21270751953125,289.53924560546875,288.1879577636719,287.04541015625,0.0,0.0,0.0,0.0,1.0,1.0,-0.0009863912127912,4.2729166871424695e-09,0.0009863870218396,-0.0102466559037566,0.0,0.0,0.0,-0.0069310781545937,60.0,1.040414333343506,-0.0,-6.63374351006496e-08,0.0,283.1748046875,287.20037841796875,291.55133056640625,291.9985046386719,293.1499938964844,293.1499938964844,278.1499938964844,0.0,18000.0,313.1499938964844,0.0,18000.0,0.0,0.0,0.0,0.0,0.0,0.0,0.0,0.0,0.0,0.0,-0.0,0.0,-8.74776778869785e-21,-4.373883894348925e-21,-4.373883894348925e-21,0.0,0.0,-0.0,0.0,0.0,0.0,-0.0,0.0,0.0,0.0,0.0,0.0,4.0,0.0,0.0
12428280,298.3279113769531,303.1499938964844,285.1499938964844,0.0,-0.0,287.716796875,0.0,0.0,9.256608609575778e-05,298.5087585449219,303.1499938964844,285.1499938964844,0.0,-0.0,287.7177734375,0.0,0.0,9.747677540872246e-05,298.8637084960937,303.1499938964844,285.1499938964844,0.0,-0.0,287.7176208496094,0.0,0.0,7.199606625363231e-05,298.2279357910156,303.1499938964844,285.1499938964844,0.0,-0.0,287.7181701660156,0.0,0.0,9.747640433488414e-05,298.3459167480469,303.1499938964844,285.1499938964844,0.0,-0.0,287.7166442871094,0.0,0.0,0.0004623868735507,287.6824645996094,294.1499938964844,287.9883117675781,287.21270751953125,289.53924560546875,288.1879577636719,287.04541015625,0.0,0.0,0.0,0.0,1.0,1.0,-0.0009863912127912,4.2729166871424695e-09,0.0009863870218396,-0.0102466559037566,0.0,0.0,0.0,-0.0069310781545937,60.0,1.040414333343506,-0.0,-6.63374351006496e-08,0.0,283.1748046875,287.20037841796875,291.55133056640625,291.9985046386719,293.1499938964844,293.1499938964844,278.1499938964844,0.0,18000.0,313.1499938964844,0.0,18000.0,0.0,0.0,0.0,0.0,0.0,0.0,0.0,0.0,0.0,0.0,-0.0,0.0,-8.74776778869785e-21,-4.373883894348925e-21,-4.373883894348925e-21,0.0,0.0,-0.0,0.0,0.0,0.0,-0.0,0.0,0.0,0.0,0.0,0.0,4.0,0.0,0.0
12428340,298.32635498046875,303.1499938964844,285.1499938964844,0.0,-0.0,287.7124328613281,0.0,0.0,9.28529552766122e-05,298.5070495605469,303.1499938964844,285.1499938964844,0.0,-0.0,287.7134094238281,0.0,0.0,9.777885861694811e-05,298.861083984375,303.1499938964844,285.1499938964844,0.0,-0.0,287.7132568359375,0.0,0.0,7.221919076982886e-05,298.22149658203125,303.1499938964844,285.1499938964844,0.0,-0.0,287.7138061523437,0.0,0.0,9.777849481906742e-05,298.34454345703125,303.1499938964844,285.1499938964844,0.0,-0.0,287.7122802734375,0.0,0.0,0.000463819829747,287.6768493652344,294.1499938964844,287.9870300292969,287.2015380859375,289.5120849609375,288.1560363769531,287.05078125,0.0,0.0,0.0,0.0,1.0,1.0,-0.0009894467657431,4.63020022323235e-09,0.0009894421091303,-0.0111827449873089,0.0,0.0,0.0,-0.0071081984788179,60.0,0.972287654876709,-0.0,-6.674905961290278e-08,0.0,283.1748046875,287.20037841796875,291.55133056640625,291.9985046386719,293.1499938964844,293.1499938964844,278.1499938964844,0.0,18000.0,313.1499938964844,0.0,18000.0,0.0,0.0,0.0,0.0,0.0,0.0,0.0,0.0,0.0,0.0,-0.0,0.0,-8.74776778869785e-21,-4.373883894348925e-21,-4.373883894348925e-21,0.0,0.0,-0.0,0.0,0.0,0.0,-0.0,0.0,0.0,0.0,0.0,0.0,4.0,0.0,0.0
12428400,298.32635498046875,303.1499938964844,285.1499938964844,0.0,-0.0,287.7124328613281,0.0,0.0,9.28529552766122e-05,298.5070495605469,303.1499938964844,285.1499938964844,0.0,-0.0,287.7134094238281,0.0,0.0,9.777885861694811e-05,298.861083984375,303.1499938964844,285.1499938964844,0.0,-0.0,287.7132568359375,0.0,0.0,7.221919076982886e-05,298.22149658203125,303.1499938964844,285.1499938964844,0.0,-0.0,287.7138061523437,0.0,0.0,9.777849481906742e-05,298.34454345703125,303.1499938964844,285.1499938964844,0.0,-0.0,287.7122802734375,0.0,0.0,0.000463819829747,287.6768493652344,294.1499938964844,287.9870300292969,287.2015380859375,289.5120849609375,288.1560363769531,287.05078125,0.0,0.0,0.0,0.0,1.0,1.0,-0.0009894467657431,4.63020022323235e-09,0.0009894421091303,-0.0111827449873089,0.0,0.0,0.0,-0.0071081984788179,60.0,0.972287654876709,-0.0,-6.674905961290278e-08,0.0,283.1748046875,287.20037841796875,291.55133056640625,291.9985046386719,293.1499938964844,293.1499938964844,278.1499938964844,0.0,18000.0,313.1499938964844,0.0,18000.0,0.0,0.0,0.0,0.0,0.0,0.0,0.0,0.0,0.0,0.0,-0.0,0.0,-8.74776778869785e-21,-4.373883894348925e-21,-4.373883894348925e-21,0.0,0.0,-0.0,0.0,0.0,0.0,-0.0,0.0,0.0,0.0,0.0,0.0,4.0,0.0,0.0
12428460,298.3245849609375,303.1499938964844,285.1499938964844,0.0,-0.0,287.70806884765625,0.0,0.0,9.316579235019162e-05,298.505126953125,303.1499938964844,285.1499938964844,0.0,-0.0,287.70904541015625,0.0,0.0,9.810829214984552e-05,298.8581848144531,303.1499938964844,285.1499938964844,0.0,-0.0,287.7088928222656,0.0,0.0,7.246250606840476e-05,298.2141418457031,303.1499938964844,285.1499938964844,0.0,-0.0,287.7094116210937,0.0,0.0,9.81079283519648e-05,298.3427734375,303.1499938964844,285.1499938964844,0.0,-0.0,287.7079162597656,0.0,0.0,0.0004653825308196,287.6712646484375,294.1499938964844,287.9882202148437,287.1927185058594,289.4853210449219,288.12677001953125,287.05584716796875,0.0,0.0,0.0,0.0,1.0,1.0,-0.0009927789214998,5.019839655062697e-09,0.000992773915641,-0.0122035760432481,0.0,0.0,0.0,-0.007301359437406,60.0,0.910580277442932,-0.0,-6.719940870425489e-08,0.0,283.1748046875,287.20037841796875,291.55133056640625,291.9985046386719,293.1499938964844,293.1499938964844,278.1499938964844,0.0,18000.0,313.1499938964844,0.0,18000.0,0.0,0.0,0.0,0.0,0.0,0.0,0.0,0.0,0.0,0.0,-0.0,0.0,-8.74776778869785e-21,-4.373883894348925e-21,-4.373883894348925e-21,0.0,0.0,-0.0,0.0,0.0,0.0,-0.0,0.0,0.0,0.0,0.0,0.0,4.0,0.0,0.0
12428520,298.3245849609375,303.1499938964844,285.1499938964844,0.0,-0.0,287.70806884765625,0.0,0.0,9.316579235019162e-05,298.505126953125,303.1499938964844,285.1499938964844,0.0,-0.0,287.70904541015625,0.0,0.0,9.810829214984552e-05,298.8581848144531,303.1499938964844,285.1499938964844,0.0,-0.0,287.7088928222656,0.0,0.0,7.246250606840476e-05,298.2141418457031,303.1499938964844,285.1499938964844,0.0,-0.0,287.7094116210937,0.0,0.0,9.81079283519648e-05,298.3427734375,303.1499938964844,285.1499938964844,0.0,-0.0,287.7079162597656,0.0,0.0,0.0004653825308196,287.6712646484375,294.1499938964844,287.9882202148437,287.1927185058594,289.4853210449219,288.12677001953125,287.05584716796875,0.0,0.0,0.0,0.0,1.0,1.0,-0.0009927789214998,5.019839655062697e-09,0.000992773915641,-0.0122035760432481,0.0,0.0,0.0,-0.007301359437406,60.0,0.910580277442932,-0.0,-6.719940870425489e-08,0.0,283.1748046875,287.20037841796875,291.55133056640625,291.9985046386719,293.1499938964844,293.1499938964844,278.1499938964844,0.0,18000.0,313.1499938964844,0.0,18000.0,0.0,0.0,0.0,0.0,0.0,0.0,0.0,0.0,0.0,0.0,-0.0,0.0,-8.74776778869785e-21,-4.373883894348925e-21,-4.373883894348925e-21,0.0,0.0,-0.0,0.0,0.0,0.0,-0.0,0.0,0.0,0.0,0.0,0.0,4.0,0.0,0.0
12428580,298.3225402832031,303.1499938964844,285.1499938964844,0.0,-0.0,287.70367431640625,0.0,0.0,9.349784522783013e-05,298.5030517578125,303.1499938964844,285.1499938964844,0.0,-0.0,287.7046203613281,0.0,0.0,9.845795284491032e-05,298.8551025390625,303.1499938964844,285.1499938964844,0.0,-0.0,287.7044982910156,0.0,0.0,7.27207661839202e-05,298.2059326171875,303.1499938964844,285.1499938964844,0.0,-0.0,287.7050170898437,0.0,0.0,9.845759632298724e-05,298.3407287597656,303.1499938964844,285.1499938964844,0.0,-0.0,287.7035522460937,0.0,0.0,0.0004670411872211,287.6656494140625,294.1499938964844,287.9916076660156,287.1860656738281,289.458984375,288.1009216308594,287.0605773925781,0.0,0.0,0.0,0.0,1.0,1.0,-0.0009963158518075,5.43341949210685e-09,0.0009963103802874,-0.0132870869711041,0.0,0.0,0.0,-0.0075063887052237,60.0,0.8548158407211304,-0.0,-6.767908899973919e-08,0.0,283.1748046875,287.20037841796875,291.55133056640625,291.9985046386719,293.1499938964844,293.1499938964844,278.1499938964844,0.0,18000.0,313.1499938964844,0.0,18000.0,0.0,0.0,0.0,0.0,0.0,0.0,0.0,0.0,0.0,0.0,-0.0,0.0,-8.74776778869785e-21,-4.373883894348925e-21,-4.373883894348925e-21,0.0,0.0,-0.0,0.0,0.0,0.0,-0.0,0.0,0.0,0.0,0.0,0.0,4.0,0.0,0.0
12428640,298.3225402832031,303.1499938964844,285.1499938964844,0.0,-0.0,287.70367431640625,0.0,0.0,9.349784522783013e-05,298.5030517578125,303.1499938964844,285.1499938964844,0.0,-0.0,287.7046203613281,0.0,0.0,9.845795284491032e-05,298.8551025390625,303.1499938964844,285.1499938964844,0.0,-0.0,287.7044982910156,0.0,0.0,7.27207661839202e-05,298.2059326171875,303.1499938964844,285.1499938964844,0.0,-0.0,287.7050170898437,0.0,0.0,9.845759632298724e-05,298.3407287597656,303.1499938964844,285.1499938964844,0.0,-0.0,287.7035522460937,0.0,0.0,0.0004670411872211,287.6656494140625,294.1499938964844,287.9916076660156,287.1860656738281,289.458984375,288.1009216308594,287.0605773925781,0.0,0.0,0.0,0.0,1.0,1.0,-0.0009963158518075,5.43341949210685e-09,0.0009963103802874,-0.0132870869711041,0.0,0.0,0.0,-0.0075063887052237,60.0,0.8548158407211304,-0.0,-6.767908899973919e-08,0.0,283.1748046875,287.20037841796875,291.55133056640625,291.9985046386719,293.1499938964844,293.1499938964844,278.1499938964844,0.0,18000.0,313.1499938964844,0.0,18000.0,0.0,0.0,0.0,0.0,0.0,0.0,0.0,0.0,0.0,0.0,-0.0,0.0,-8.74776778869785e-21,-4.373883894348925e-21,-4.373883894348925e-21,0.0,0.0,-0.0,0.0,0.0,0.0,-0.0,0.0,0.0,0.0,0.0,0.0,4.0,0.0,0.0
12428700,298.3214416503906,303.1499938964844,285.1499938964844,0.0,-0.0,287.70147705078125,0.0,0.0,9.366852464154364e-05,298.501953125,303.1499938964844,285.1499938964844,0.0,-0.0,287.7024230957031,0.0,0.0,9.86376908258535e-05,298.8534545898437,303.1499938964844,285.1499938964844,0.0,-0.0,287.7022705078125,0.0,0.0,7.285351603059098e-05,298.2015380859375,303.1499938964844,285.1499938964844,0.0,-0.0,287.7027893066406,0.0,0.0,9.86373343039304e-05,298.3395690917969,303.1499938964844,285.1499938964844,0.0,-0.0,287.70135498046875,0.0,0.0,0.0004678937839344,287.662841796875,294.1499938964844,287.9940490722656,287.1834716796875,289.44598388671875,288.08953857421875,287.0628356933594,0.0,0.0,0.0,0.0,1.0,1.0,-0.0009981340263038,5.646015210913902e-09,0.0009981283219531,-0.0138440364971756,0.0,0.0,0.0,-0.0076117818243801,60.0,0.8290954232215881,-0.0,-6.79263223446469e-08,0.0,283.1748046875,287.20037841796875,291.55133056640625,291.9985046386719,293.1499938964844,293.1499938964844,278.1499938964844,0.0,18000.0,313.1499938964844,0.0,18000.0,0.0,0.0,0.0,0.0,0.0,0.0,0.0,0.0,0.0,0.0,-0.0,0.0,-8.74776778869785e-21,-4.373883894348925e-21,-4.373883894348925e-21,0.0,0.0,-0.0,0.0,0.0,0.0,-0.0,0.0,0.0,0.0,0.0,0.0,4.0,0.0,0.0
12428760,298.3202819824219,303.1499938964844,285.1499938964844,0.0,-0.0,287.69927978515625,0.0,0.0,9.38408775255084e-05,298.50079345703125,303.1499938964844,285.1499938964844,0.0,-0.0,287.7002258300781,0.0,0.0,9.881918231258167e-05,298.8517761230469,303.1499938964844,285.1499938964844,0.0,-0.0,287.7000732421875,0.0,0.0,7.29875682736747e-05,298.1969909667969,303.1499938964844,285.1499938964844,0.0,-0.0,287.7005920410156,0.0,0.0,9.88188257906586e-05,298.3383483886719,303.1499938964844,285.1499938964844,0.0,-0.0,287.6991271972656,0.0,0.0,0.0004687547043431,287.6600341796875,294.1499938964844,287.9969482421875,287.1813049316406,289.43310546875,288.07928466796875,287.0650329589844,0.0,0.0,0.0,0.0,1.0,1.0,-0.000999969895929,5.8606892672230515e-09,0.0009999639587476,-0.0144064165651798,0.0,0.0,0.0,-0.0077182054519653,60.0,0.8081491589546204,-0.0,-6.817643338763446e-08,0.0,283.1748046875,287.20037841796875,291.55133056640625,291.9985046386719,293.1499938964844,293.1499938964844,278.1499938964844,0.0,18000.0,313.1499938964844,0.0,18000.0,0.0,0.0,0.0,0.0,0.0,0.0,0.0,0.0,0.0,0.0,-0.0,0.0,-8.74776778869785e-21,-4.373883894348925e-21,-4.373883894348925e-21,0.0,0.0,-0.0,0.0,0.0,0.0,-0.0,0.0,0.0,0.0,0.0,0.0,4.0,0.0,0.0
12428820,298.3178100585937,303.1499938964844,285.1499938964844,0.0,-0.0,287.6948547363281,0.0,0.0,9.418602712685242e-05,298.4983825683594,303.1499938964844,285.1499938964844,0.0,-0.0,287.69580078125,0.0,0.0,9.91826454992406e-05,298.8482971191406,303.1499938964844,285.1499938964844,0.0,-0.0,287.6956481933594,0.0,0.0,7.325601472985e-05,298.1874694824219,303.1499938964844,285.1499938964844,0.0,-0.0,287.6961669921875,0.0,0.0,9.918228897731753e-05,298.335693359375,303.1499938964844,285.1499938964844,0.0,-0.0,287.6947326660156,0.0,0.0,0.0004704788152594,287.6544494628906,294.1499938964844,288.0039978027344,287.1781921386719,289.40771484375,288.06207275390625,287.0692138671875,0.0,0.0,0.0,0.0,1.0,1.0,-0.001003646524623,6.290596488156552e-09,0.0010036402381956,-0.0155326006934046,0.0,0.0,0.0,-0.0079313293099403,60.0,0.7982597351074219,-0.0,-6.867868762583387e-08,0.0,283.1748046875,287.20037841796875,291.55133056640625,291.9985046386719,293.1499938964844,293.1499938964844,278.1499938964844,0.0,18000.0,313.1499938964844,0.0,18000.0,0.0,0.0,0.0,0.0,0.0,0.0,0.0,0.0,0.0,0.0,-0.0,0.0,-8.74776778869785e-21,-4.373883894348925e-21,-4.373883894348925e-21,0.0,0.0,-0.0,0.0,0.0,0.0,-0.0,0.0,0.0,0.0,0.0,0.0,4.0,0.0,0.0
12428880,298.3178100585937,303.1499938964844,285.1499938964844,0.0,-0.0,287.6948547363281,0.0,0.0,9.418602712685242e-05,298.4983825683594,303.1499938964844,285.1499938964844,0.0,-0.0,287.69580078125,0.0,0.0,9.91826454992406e-05,298.8482971191406,303.1499938964844,285.1499938964844,0.0,-0.0,287.6956481933594,0.0,0.0,7.325601472985e-05,298.1874694824219,303.1499938964844,285.1499938964844,0.0,-0.0,287.6961669921875,0.0,0.0,9.918228897731753e-05,298.335693359375,303.1499938964844,285.1499938964844,0.0,-0.0,287.6947326660156,0.0,0.0,0.0004704788152594,287.6544494628906,294.1499938964844,288.0039978027344,287.1781921386719,289.40771484375,288.06207275390625,287.0692138671875,0.0,0.0,0.0,0.0,1.0,1.0,-0.001003646524623,6.290596488156552e-09,0.0010036402381956,-0.0155326006934046,0.0,0.0,0.0,-0.0079313293099403,60.0,0.7982597351074219,-0.0,-6.867868762583387e-08,0.0,283.1748046875,287.20037841796875,291.55133056640625,291.9985046386719,293.1499938964844,293.1499938964844,278.1499938964844,0.0,18000.0,313.1499938964844,0.0,18000.0,0.0,0.0,0.0,0.0,0.0,0.0,0.0,0.0,0.0,0.0,-0.0,0.0,-8.74776778869785e-21,-4.373883894348925e-21,-4.373883894348925e-21,0.0,0.0,-0.0,0.0,0.0,0.0,-0.0,0.0,0.0,0.0,0.0,0.0,4.0,0.0,0.0
12428940,298.3151550292969,303.1499938964844,285.1499938964844,0.0,-0.0,287.6904296875,0.0,0.0,9.45248975767754e-05,298.4958190917969,303.1499938964844,285.1499938964844,0.0,-0.0,287.6913452148437,0.0,0.0,9.953948756447062e-05,298.8446044921875,303.1499938964844,285.1499938964844,0.0,-0.0,287.69122314453125,0.0,0.0,7.351957901846617e-05,298.177490234375,303.1499938964844,285.1499938964844,0.0,-0.0,287.69171142578125,0.0,0.0,9.953913831850514e-05,298.3328552246094,303.1499938964844,285.1499938964844,0.0,-0.0,287.6903076171875,0.0,0.0,0.0004721715231426,287.6488647460937,294.1499938964844,288.01251220703125,287.1765441894531,289.3828125,288.04962158203125,287.0731506347656,0.0,0.0,0.0,0.0,1.0,1.0,-0.0010072562145069,6.712679745390915e-09,0.0010072494624182,-0.0166382323950529,0.0,0.0,0.0,-0.008140574209392,60.0,0.7915810346603394,-0.0,-6.917358774671811e-08,0.0,283.1748046875,287.20037841796875,291.55133056640625,291.9985046386719,293.1499938964844,293.1499938964844,278.1499938964844,0.0,18000.0,313.1499938964844,0.0,18000.0,0.0,0.0,0.0,0.0,0.0,0.0,0.0,0.0,0.0,0.0,-0.0,0.0,-8.74776778869785e-21,-4.373883894348925e-21,-4.373883894348925e-21,0.0,0.0,-0.0,0.0,0.0,0.0,-0.0,0.0,0.0,0.0,0.0,0.0,4.0,0.0,0.0
12429000,298.3151550292969,303.1499938964844,285.1499938964844,0.0,-0.0,287.6904296875,0.0,0.0,9.45248975767754e-05,298.4958190917969,303.1499938964844,285.1499938964844,0.0,-0.0,287.6913452148437,0.0,0.0,9.953948756447062e-05,298.8446044921875,303.1499938964844,285.1499938964844,0.0,-0.0,287.69122314453125,0.0,0.0,7.351957901846617e-05,298.177490234375,303.1499938964844,285.1499938964844,0.0,-0.0,287.69171142578125,0.0,0.0,9.953913831850514e-05,298.3328552246094,303.1499938964844,285.1499938964844,0.0,-0.0,287.6903076171875,0.0,0.0,0.0004721715231426,287.6488647460937,294.1499938964844,288.01251220703125,287.1765441894531,289.3828125,288.04962158203125,287.0731506347656,0.0,0.0,0.0,0.0,1.0,1.0,-0.0010072562145069,6.712679745390915e-09,0.0010072494624182,-0.0166382323950529,0.0,0.0,0.0,-0.008140574209392,60.0,0.7915810346603394,-0.0,-6.917358774671811e-08,0.0,283.1748046875,287.20037841796875,291.55133056640625,291.9985046386719,293.1499938964844,293.1499938964844,278.1499938964844,0.0,18000.0,313.1499938964844,0.0,18000.0,0.0,0.0,0.0,0.0,0.0,0.0,0.0,0.0,0.0,0.0,-0.0,0.0,-8.74776778869785e-21,-4.373883894348925e-21,-4.373883894348925e-21,0.0,0.0,-0.0,0.0,0.0,0.0,-0.0,0.0,0.0,0.0,0.0,0.0,4.0,0.0,0.0
12429060,298.3123474121094,303.1499938964844,285.1499938964844,0.0,-0.0,287.6860046386719,0.0,0.0,9.485155169386417e-05,298.4931335449219,303.1499938964844,285.1499938964844,0.0,-0.0,287.6868896484375,0.0,0.0,9.988346573663875e-05,298.8408203125,303.1499938964844,285.1499938964844,0.0,-0.0,287.686767578125,0.0,0.0,7.377364090643823e-05,298.1672058105469,303.1499938964844,285.1499938964844,0.0,-0.0,287.687255859375,0.0,0.0,9.988311649067327e-05,298.3298034667969,303.1499938964844,285.1499938964844,0.0,-0.0,287.68585205078125,0.0,0.0,0.0004738032293971,287.6432800292969,294.1499938964844,288.0222473144531,287.1760559082031,289.35845947265625,288.0418395996094,287.0768127441406,0.0,0.0,0.0,0.0,1.0,1.0,-0.0010107356356456,7.1195382922439884e-09,0.001010728534311,-0.0177039261907339,0.0,0.0,0.0,-0.0083422716706991,60.0,0.7859514951705933,-0.0,-6.965231591493648e-08,0.0,283.1748046875,287.20037841796875,291.55133056640625,291.9985046386719,293.1499938964844,293.1499938964844,278.1499938964844,0.0,18000.0,313.1499938964844,0.0,18000.0,0.0,0.0,0.0,0.0,0.0,0.0,0.0,0.0,0.0,0.0,-0.0,0.0,-8.74776778869785e-21,-4.373883894348925e-21,-4.373883894348925e-21,0.0,0.0,-0.0,0.0,0.0,0.0,-0.0,0.0,0.0,0.0,0.0,0.0,4.0,0.0,0.0
12429120,298.3123474121094,303.1499938964844,285.1499938964844,0.0,-0.0,287.6860046386719,0.0,0.0,9.485155169386417e-05,298.4931335449219,303.1499938964844,285.1499938964844,0.0,-0.0,287.6868896484375,0.0,0.0,9.988346573663875e-05,298.8408203125,303.1499938964844,285.1499938964844,0.0,-0.0,287.686767578125,0.0,0.0,7.377364090643823e-05,298.1672058105469,303.1499938964844,285.1499938964844,0.0,-0.0,287.687255859375,0.0,0.0,9.988311649067327e-05,298.3298034667969,303.1499938964844,285.1499938964844,0.0,-0.0,287.68585205078125,0.0,0.0,0.0004738032293971,287.6432800292969,294.1499938964844,288.0222473144531,287.1760559082031,289.35845947265625,288.0418395996094,287.0768127441406,0.0,0.0,0.0,0.0,1.0,1.0,-0.0010107356356456,7.1195382922439884e-09,0.001010728534311,-0.0177039261907339,0.0,0.0,0.0,-0.0083422716706991,60.0,0.7859514951705933,-0.0,-6.965231591493648e-08,0.0,283.1748046875,287.20037841796875,291.55133056640625,291.9985046386719,293.1499938964844,293.1499938964844,278.1499938964844,0.0,18000.0,313.1499938964844,0.0,18000.0,0.0,0.0,0.0,0.0,0.0,0.0,0.0,0.0,0.0,0.0,-0.0,0.0,-8.74776778869785e-21,-4.373883894348925e-21,-4.373883894348925e-21,0.0,0.0,-0.0,0.0,0.0,0.0,-0.0,0.0,0.0,0.0,0.0,0.0,4.0,0.0,0.0
12429180,298.30938720703125,303.1499938964844,285.1499938964844,0.0,-0.0,287.6815490722656,0.0,0.0,9.516497812001036e-05,298.4903564453125,303.1499938964844,285.1499938964844,0.0,-0.0,287.68243408203125,0.0,0.0,0.0001002135177259,298.8368835449219,303.1499938964844,285.1499938964844,0.0,-0.0,287.68231201171875,0.0,0.0,7.401741459034383e-05,298.15679931640625,303.1499938964844,285.1499938964844,0.0,-0.0,287.68280029296875,0.0,0.0,0.0001002131757559,298.3266296386719,303.1499938964844,285.1499938964844,0.0,-0.0,287.6814270019531,0.0,0.0,0.0004753688699565,287.6377258300781,294.1499938964844,288.032958984375,287.1764831542969,289.3346252441406,288.0384216308594,287.08026123046875,0.0,0.0,0.0,0.0,1.0,1.0,-0.0010140743106603,7.509926014392931e-09,0.0010140667436644,-0.018726423382759,0.0,0.0,0.0,-0.0085358042269945,60.0,0.7809560298919678,-0.0,-7.011321656591464e-08,0.0,283.1748046875,287.20037841796875,291.55133056640625,291.9985046386719,293.1499938964844,293.1499938964844,278.1499938964844,0.0,18000.0,313.1499938964844,0.0,18000.0,0.0,0.0,0.0,0.0,0.0,0.0,0.0,0.0,0.0,0.0,-0.0,0.0,-8.74776778869785e-21,-4.373883894348925e-21,-4.373883894348925e-21,0.0,0.0,-0.0,0.0,0.0,0.0,-0.0,0.0,0.0,0.0,0.0,0.0,4.0,0.0,0.0
12429240,298.30938720703125,303.1499938964844,285.1499938964844,0.0,-0.0,287.6815490722656,0.0,0.0,9.516497812001036e-05,298.4903564453125,303.1499938964844,285.1499938964844,0.0,-0.0,287.68243408203125,0.0,0.0,0.0001002135177259,298.8368835449219,303.1499938964844,285.1499938964844,0.0,-0.0,287.68231201171875,0.0,0.0,7.401741459034383e-05,298.15679931640625,303.1499938964844,285.1499938964844,0.0,-0.0,287.68280029296875,0.0,0.0,0.0001002131757559,298.3266296386719,303.1499938964844,285.1499938964844,0.0,-0.0,287.6814270019531,0.0,0.0,0.0004753688699565,287.6377258300781,294.1499938964844,288.032958984375,287.1764831542969,289.3346252441406,288.0384216308594,287.08026123046875,0.0,0.0,0.0,0.0,1.0,1.0,-0.0010140743106603,7.509926014392931e-09,0.0010140667436644,-0.018726423382759,0.0,0.0,0.0,-0.0085358042269945,60.0,0.7809560298919678,-0.0,-7.011321656591464e-08,0.0,283.1748046875,287.20037841796875,291.55133056640625,291.9985046386719,293.1499938964844,293.1499938964844,278.1499938964844,0.0,18000.0,313.1499938964844,0.0,18000.0,0.0,0.0,0.0,0.0,0.0,0.0,0.0,0.0,0.0,0.0,-0.0,0.0,-8.74776778869785e-21,-4.373883894348925e-21,-4.373883894348925e-21,0.0,0.0,-0.0,0.0,0.0,0.0,-0.0,0.0,0.0,0.0,0.0,0.0,4.0,0.0,0.0
12429300,298.3078918457031,303.1499938964844,285.1499938964844,0.0,-0.0,287.6793212890625,0.0,0.0,9.531823161523788e-05,298.4889221191406,303.1499938964844,285.1499938964844,0.0,-0.0,287.6802062988281,0.0,0.0,0.0001003748984658,298.8348999023437,303.1499938964844,285.1499938964844,0.0,-0.0,287.6800842285156,0.0,0.0,7.413660932797939e-05,298.151611328125,303.1499938964844,285.1499938964844,0.0,-0.0,287.6805725097656,0.0,0.0,0.0001003745564958,298.32501220703125,303.1499938964844,285.1499938964844,0.0,-0.0,287.67919921875,0.0,0.0,0.000476134388009,287.63494873046875,294.1499938964844,288.0386047363281,287.177001953125,289.32293701171875,288.0382080078125,287.0819091796875,0.0,0.0,0.0,0.0,1.0,1.0,-0.001015706686303,7.700807103105944e-09,0.0010156990028917,-0.0192263536155223,0.0,0.0,0.0,-0.0086304312571883,60.0,0.7786861062049866,-0.0,-7.033912652332219e-08,0.0,283.1748046875,287.20037841796875,291.55133056640625,291.9985046386719,293.1499938964844,293.1499938964844,278.1499938964844,0.0,18000.0,313.1499938964844,0.0,18000.0,0.0,0.0,0.0,0.0,0.0,0.0,0.0,0.0,0.0,0.0,-0.0,0.0,-8.74776778869785e-21,-4.373883894348925e-21,-4.373883894348925e-21,0.0,0.0,-0.0,0.0,0.0,0.0,-0.0,0.0,0.0,0.0,0.0,0.0,4.0,0.0,0.0
12429360,298.30633544921875,303.1499938964844,285.1499938964844,0.0,-0.0,287.6770935058594,0.0,0.0,9.547179070068525e-05,298.4874572753906,303.1499938964844,285.1499938964844,0.0,-0.0,287.677978515625,0.0,0.0,0.0001005366066237,298.8328857421875,303.1499938964844,285.1499938964844,0.0,-0.0,287.6778564453125,0.0,0.0,7.425604417221621e-05,298.1464538574219,303.1499938964844,285.1499938964844,0.0,-0.0,287.6783447265625,0.0,0.0,0.0001005362646537,298.3233642578125,303.1499938964844,285.1499938964844,0.0,-0.0,287.6769714355469,0.0,0.0,0.0004769014485646,287.6321716308594,294.1499938964844,288.0444030761719,287.1776428222656,289.3113708496094,288.0389709472656,287.08349609375,0.0,0.0,0.0,0.0,1.0,1.0,-0.00101734243799,7.892070108539428e-09,0.0010173345217481,-0.0197272710502147,0.0,0.0,0.0,-0.0087252492085099,60.0,0.7765735983848572,-0.0,-7.056585360487588e-08,0.0,283.1748046875,287.20037841796875,291.55133056640625,291.9985046386719,293.1499938964844,293.1499938964844,278.1499938964844,0.0,18000.0,313.1499938964844,0.0,18000.0,0.0,0.0,0.0,0.0,0.0,0.0,0.0,0.0,0.0,0.0,-0.0,0.0,-8.74776778869785e-21,-4.373883894348925e-21,-4.373883894348925e-21,0.0,0.0,-0.0,0.0,0.0,0.0,-0.0,0.0,0.0,0.0,0.0,0.0,4.0,0.0,0.0
12429420,298.30322265625,303.1499938964844,285.1499938964844,0.0,-0.0,287.6726379394531,0.0,0.0,9.578591561876236e-05,298.4845275878906,303.1499938964844,285.1499938964844,0.0,-0.0,287.67352294921875,0.0,0.0,0.0001008673862088,298.8288269042969,303.1499938964844,285.1499938964844,0.0,-0.0,287.6733703613281,0.0,0.0,7.450035627698526e-05,298.13629150390625,303.1499938964844,285.1499938964844,0.0,-0.0,287.6738586425781,0.0,0.0,0.0001008670515147,298.32000732421875,303.1499938964844,285.1499938964844,0.0,-0.0,287.6725158691406,0.0,0.0,0.0004784705524798,287.62664794921875,294.1499938964844,288.05633544921875,287.1792907714844,289.2886657714844,288.04248046875,287.0865783691406,0.0,0.0,0.0,0.0,1.0,1.0,-0.0010206883307546,8.28332247237995e-09,0.0010206799488514,-0.0207519140094518,0.0,0.0,0.0,-0.008919209241867,60.0,0.7727490067481995,-0.0,-7.103079013859316e-08,0.0,283.1748046875,287.20037841796875,291.55133056640625,291.9985046386719,293.1499938964844,293.1499938964844,278.1499938964844,0.0,18000.0,313.1499938964844,0.0,18000.0,0.0,0.0,0.0,0.0,0.0,0.0,0.0,0.0,0.0,0.0,-0.0,0.0,-8.74776778869785e-21,-4.373883894348925e-21,-4.373883894348925e-21,0.0,0.0,-0.0,0.0,0.0,0.0,-0.0,0.0,0.0,0.0,0.0,0.0,4.0,0.0,0.0
12429480,298.30322265625,303.1499938964844,285.1499938964844,0.0,-0.0,287.6726379394531,0.0,0.0,9.578591561876236e-05,298.4845275878906,303.1499938964844,285.1499938964844,0.0,-0.0,287.67352294921875,0.0,0.0,0.0001008673862088,298.8288269042969,303.1499938964844,285.1499938964844,0.0,-0.0,287.6733703613281,0.0,0.0,7.450035627698526e-05,298.13629150390625,303.1499938964844,285.1499938964844,0.0,-0.0,287.6738586425781,0.0,0.0,0.0001008670515147,298.32000732421875,303.1499938964844,285.1499938964844,0.0,-0.0,287.6725158691406,0.0,0.0,0.0004784705524798,287.62664794921875,294.1499938964844,288.05633544921875,287.1792907714844,289.2886657714844,288.04248046875,287.0865783691406,0.0,0.0,0.0,0.0,1.0,1.0,-0.0010206883307546,8.28332247237995e-09,0.0010206799488514,-0.0207519140094518,0.0,0.0,0.0,-0.008919209241867,60.0,0.7727490067481995,-0.0,-7.103079013859316e-08,0.0,283.1748046875,287.20037841796875,291.55133056640625,291.9985046386719,293.1499938964844,293.1499938964844,278.1499938964844,0.0,18000.0,313.1499938964844,0.0,18000.0,0.0,0.0,0.0,0.0,0.0,0.0,0.0,0.0,0.0,0.0,-0.0,0.0,-8.74776778869785e-21,-4.373883894348925e-21,-4.373883894348925e-21,0.0,0.0,-0.0,0.0,0.0,0.0,-0.0,0.0,0.0,0.0,0.0,0.0,4.0,0.0,0.0
12429540,298.3000183105469,303.1499938964844,285.1499938964844,0.0,-0.0,287.6681823730469,0.0,0.0,9.61128098424524e-05,298.4815368652344,303.1499938964844,285.1499938964844,0.0,-0.0,287.6690368652344,0.0,0.0,0.0001012116263154,298.82470703125,303.1499938964844,285.1499938964844,0.0,-0.0,287.6689147949219,0.0,0.0,7.475460733985528e-05,298.12646484375,303.1499938964844,285.1499938964844,0.0,-0.0,287.6693725585937,0.0,0.0,0.0001012112916214,298.3166198730469,303.1499938964844,285.1499938964844,0.0,-0.0,287.6680603027344,0.0,0.0,0.0004801034810952,287.6211242675781,294.1499938964844,288.0685119628906,287.1811218261719,289.2665100097656,288.0488586425781,287.0894470214844,0.0,0.0,0.0,0.0,1.0,1.0,-0.0010241703130304,8.690495434393597e-09,0.0010241616982966,-0.0218181833624839,0.0,0.0,0.0,-0.009121062234044,60.0,0.7695615887641907,-0.0,-7.151626135737389e-08,0.0,283.1748046875,287.20037841796875,291.55133056640625,291.9985046386719,293.1499938964844,293.1499938964844,278.1499938964844,0.0,18000.0,313.1499938964844,0.0,18000.0,0.0,0.0,0.0,0.0,0.0,0.0,0.0,0.0,0.0,0.0,-0.0,0.0,-8.74776778869785e-21,-4.373883894348925e-21,-4.373883894348925e-21,0.0,0.0,-0.0,0.0,0.0,0.0,-0.0,0.0,0.0,0.0,0.0,0.0,4.0,0.0,0.0
12429600,298.3000183105469,303.1499938964844,285.1499938964844,0.0,-0.0,287.6681823730469,0.0,0.0,9.61128098424524e-05,298.4815368652344,303.1499938964844,285.1499938964844,0.0,-0.0,287.6690368652344,0.0,0.0,0.0001012116263154,298.82470703125,303.1499938964844,285.1499938964844,0.0,-0.0,287.6689147949219,0.0,0.0,7.475460733985528e-05,298.12646484375,303.1499938964844,285.1499938964844,0.0,-0.0,287.6693725585937,0.0,0.0,0.0001012112916214,298.3166198730469,303.1499938964844,285.1499938964844,0.0,-0.0,287.6680603027344,0.0,0.0,0.0004801034810952,287.6211242675781,294.1499938964844,288.0685119628906,287.1811218261719,289.2665100097656,288.0488586425781,287.0894470214844,0.0,0.0,0.0,0.0,1.0,1.0,-0.0010241703130304,8.690495434393597e-09,0.0010241616982966,-0.0218181833624839,0.0,0.0,0.0,-0.009121062234044,60.0,0.7695615887641907,-0.0,-7.151626135737389e-08,0.0,283.1748046875,287.20037841796875,291.55133056640625,291.9985046386719,293.1499938964844,293.1499938964844,278.1499938964844,0.0,18000.0,313.1499938964844,0.0,18000.0,0.0,0.0,0.0,0.0,0.0,0.0,0.0,0.0,0.0,0.0,-0.0,0.0,-8.74776778869785e-21,-4.373883894348925e-21,-4.373883894348925e-21,0.0,0.0,-0.0,0.0,0.0,0.0,-0.0,0.0,0.0,0.0,0.0,0.0,4.0,0.0,0.0
12429660,298.2967529296875,303.1499938964844,285.1499938964844,0.0,-0.0,287.6637268066406,0.0,0.0,9.644485544413328e-05,298.4784851074219,303.1499938964844,285.1499938964844,0.0,-0.0,287.6645812988281,0.0,0.0,0.0001015612870105,298.820556640625,303.1499938964844,285.1499938964844,0.0,-0.0,287.6644287109375,0.0,0.0,7.501286745537072e-05,298.1170959472656,303.1499938964844,285.1499938964844,0.0,-0.0,287.6649169921875,0.0,0.0,0.0001015609523165,298.3132019042969,303.1499938964844,285.1499938964844,0.0,-0.0,287.6636047363281,0.0,0.0,0.000481762108393,287.6156311035156,294.1499938964844,288.0806884765625,287.1829528808594,289.2449035644531,288.05731201171875,287.0921325683594,0.0,0.0,0.0,0.0,1.0,1.0,-0.0010277073597535,9.104089038203256e-09,0.0010276982793584,-0.022901190444827,0.0,0.0,0.0,-0.0093260975554585,60.0,0.7668333053588867,-0.0,-7.201107621312985e-08,0.0,283.1748046875,287.20037841796875,291.55133056640625,291.9985046386719,293.1499938964844,293.1499938964844,278.1499938964844,0.0,18000.0,313.1499938964844,0.0,18000.0,0.0,0.0,0.0,0.0,0.0,0.0,0.0,0.0,0.0,0.0,-0.0,0.0,-8.74776778869785e-21,-4.373883894348925e-21,-4.373883894348925e-21,0.0,0.0,-0.0,0.0,0.0,0.0,-0.0,0.0,0.0,0.0,0.0,0.0,4.0,0.0,0.0
12429720,298.2967529296875,303.1499938964844,285.1499938964844,0.0,-0.0,287.6637268066406,0.0,0.0,9.644485544413328e-05,298.4784851074219,303.1499938964844,285.1499938964844,0.0,-0.0,287.6645812988281,0.0,0.0,0.0001015612870105,298.820556640625,303.1499938964844,285.1499938964844,0.0,-0.0,287.6644287109375,0.0,0.0,7.501286745537072e-05,298.1170959472656,303.1499938964844,285.1499938964844,0.0,-0.0,287.6649169921875,0.0,0.0,0.0001015609523165,298.3132019042969,303.1499938964844,285.1499938964844,0.0,-0.0,287.6636047363281,0.0,0.0,0.000481762108393,287.6156311035156,294.1499938964844,288.0806884765625,287.1829528808594,289.2449035644531,288.05731201171875,287.0921325683594,0.0,0.0,0.0,0.0,1.0,1.0,-0.0010277073597535,9.104089038203256e-09,0.0010276982793584,-0.022901190444827,0.0,0.0,0.0,-0.0093260975554585,60.0,0.7668333053588867,-0.0,-7.201107621312985e-08,0.0,283.1748046875,287.20037841796875,291.55133056640625,291.9985046386719,293.1499938964844,293.1499938964844,278.1499938964844,0.0,18000.0,313.1499938964844,0.0,18000.0,0.0,0.0,0.0,0.0,0.0,0.0,0.0,0.0,0.0,0.0,-0.0,0.0,-8.74776778869785e-21,-4.373883894348925e-21,-4.373883894348925e-21,0.0,0.0,-0.0,0.0,0.0,0.0,-0.0,0.0,0.0,0.0,0.0,0.0,4.0,0.0,0.0
12429780,298.29345703125,303.1499938964844,285.1499938964844,0.0,-0.0,287.6592712402344,0.0,0.0,9.677192429080606e-05,298.47540283203125,303.1499938964844,285.1499938964844,0.0,-0.0,287.6600952148437,0.0,0.0,0.0001019056944642,298.8163757324219,303.1499938964844,285.1499938964844,0.0,-0.0,287.65997314453125,0.0,0.0,7.52672494854778e-05,298.1082763671875,303.1499938964844,285.1499938964844,0.0,-0.0,287.6604309082031,0.0,0.0,0.0001019053670461,298.30975341796875,303.1499938964844,285.1499938964844,0.0,-0.0,287.6591491699219,0.0,0.0,0.0004833958810195,287.6101379394531,294.1499938964844,288.0926513671875,287.1845703125,289.2238464355469,288.0672302246094,287.0946655273437,0.0,0.0,0.0,0.0,1.0,1.0,-0.0010311912046745,9.511473386680793e-09,0.0010311817750334,-0.0239678602665662,0.0,0.0,0.0,-0.0095280557870864,60.0,0.7643859386444092,-0.0,-7.250013567272617e-08,0.0,283.1748046875,287.20037841796875,291.55133056640625,291.9985046386719,293.1499938964844,293.1499938964844,278.1499938964844,0.0,18000.0,313.1499938964844,0.0,18000.0,0.0,0.0,0.0,0.0,0.0,0.0,0.0,0.0,0.0,0.0,-0.0,0.0,-8.74776778869785e-21,-4.373883894348925e-21,-4.373883894348925e-21,0.0,0.0,-0.0,0.0,0.0,0.0,-0.0,0.0,0.0,0.0,0.0,0.0,4.0,0.0,0.0
12429840,298.29345703125,303.1499938964844,285.1499938964844,0.0,-0.0,287.6592712402344,0.0,0.0,9.677192429080606e-05,298.47540283203125,303.1499938964844,285.1499938964844,0.0,-0.0,287.6600952148437,0.0,0.0,0.0001019056944642,298.8163757324219,303.1499938964844,285.1499938964844,0.0,-0.0,287.65997314453125,0.0,0.0,7.52672494854778e-05,298.1082763671875,303.1499938964844,285.1499938964844,0.0,-0.0,287.6604309082031,0.0,0.0,0.0001019053670461,298.30975341796875,303.1499938964844,285.1499938964844,0.0,-0.0,287.6591491699219,0.0,0.0,0.0004833958810195,287.6101379394531,294.1499938964844,288.0926513671875,287.1845703125,289.2238464355469,288.0672302246094,287.0946655273437,0.0,0.0,0.0,0.0,1.0,1.0,-0.0010311912046745,9.511473386680793e-09,0.0010311817750334,-0.0239678602665662,0.0,0.0,0.0,-0.0095280557870864,60.0,0.7643859386444092,-0.0,-7.250013567272617e-08,0.0,283.1748046875,287.20037841796875,291.55133056640625,291.9985046386719,293.1499938964844,293.1499938964844,278.1499938964844,0.0,18000.0,313.1499938964844,0.0,18000.0,0.0,0.0,0.0,0.0,0.0,0.0,0.0,0.0,0.0,0.0,-0.0,0.0,-8.74776778869785e-21,-4.373883894348925e-21,-4.373883894348925e-21,0.0,0.0,-0.0,0.0,0.0,0.0,-0.0,0.0,0.0,0.0,0.0,0.0,4.0,0.0,0.0
12429900,298.2917785644531,303.1499938964844,285.1499938964844,0.0,-0.0,287.65704345703125,0.0,0.0,9.692965977592394e-05,298.473876953125,303.1499938964844,285.1499938964844,0.0,-0.0,287.6578674316406,0.0,0.0,0.0001020717973005,298.8143005371094,303.1499938964844,285.1499938964844,0.0,-0.0,287.6577453613281,0.0,0.0,7.538992940681055e-05,298.10406494140625,303.1499938964844,285.1499938964844,0.0,-0.0,287.658203125,0.0,0.0,0.0001020714698825,298.3080444335937,303.1499938964844,285.1499938964844,0.0,-0.0,287.6568908691406,0.0,0.0,0.0004841837799176,287.607421875,294.1499938964844,288.09844970703125,287.1851806640625,289.2135314941406,288.0726013183594,287.09588623046875,0.0,0.0,0.0,0.0,1.0,1.0,-0.0010328714270144,9.707943782188977e-09,0.0010328617645427,-0.0244822576642036,0.0,0.0,0.0,-0.0096254544332623,60.0,0.7631998062133789,-0.0,-7.273658297890506e-08,0.0,283.1748046875,287.20037841796875,291.55133056640625,291.9985046386719,293.1499938964844,293.1499938964844,278.1499938964844,0.0,18000.0,313.1499938964844,0.0,18000.0,0.0,0.0,0.0,0.0,0.0,0.0,0.0,0.0,0.0,0.0,-0.0,0.0,-8.74776778869785e-21,-4.373883894348925e-21,-4.373883894348925e-21,0.0,0.0,-0.0,0.0,0.0,0.0,-0.0,0.0,0.0,0.0,0.0,0.0,4.0,0.0,0.0
12429960,298.2901306152344,303.1499938964844,285.1499938964844,0.0,-0.0,287.65478515625,0.0,0.0,9.708169818622991e-05,298.4723205566406,303.1499938964844,285.1499938964844,0.0,-0.0,287.6556091308594,0.0,0.0,0.0001022319047478,298.8122253417969,303.1499938964844,285.1499938964844,0.0,-0.0,287.6554870605469,0.0,0.0,7.550818554591388e-05,298.1000366210937,303.1499938964844,285.1499938964844,0.0,-0.0,287.65594482421875,0.0,0.0,0.0001022315773298,298.30633544921875,303.1499938964844,285.1499938964844,0.0,-0.0,287.6546630859375,0.0,0.0,0.0004849432734772,287.60467529296875,294.1499938964844,288.1040954589844,287.1856689453125,289.20330810546875,288.078125,287.0970458984375,0.0,0.0,0.0,0.0,1.0,1.0,-0.0010344909969717,9.89731763212376e-09,0.0010344811016693,-0.0249780565500259,0.0,0.0,0.0,-0.0097193354740738,60.0,0.7619996070861816,-0.0,-7.296485904362271e-08,0.0,283.1748046875,287.20037841796875,291.55133056640625,291.9985046386719,293.1499938964844,293.1499938964844,278.1499938964844,0.0,18000.0,313.1499938964844,0.0,18000.0,0.0,0.0,0.0,0.0,0.0,0.0,0.0,0.0,0.0,0.0,-0.0,0.0,-8.74776778869785e-21,-4.373883894348925e-21,-4.373883894348925e-21,0.0,0.0,-0.0,0.0,0.0,0.0,-0.0,0.0,0.0,0.0,0.0,0.0,4.0,0.0,0.0
12430020,298.28680419921875,303.1499938964844,285.1499938964844,0.0,-0.0,287.6503295898437,0.0,0.0,9.736078209243716e-05,298.46923828125,303.1499938964844,285.1499938964844,0.0,-0.0,287.6511535644531,0.0,0.0,0.0001025257952278,298.8080749511719,303.1499938964844,285.1499938964844,0.0,-0.0,287.6510314941406,0.0,0.0,7.572524918941781e-05,298.0923767089844,303.1499938964844,285.1499938964844,0.0,-0.0,287.6514587402344,0.0,0.0,0.0001025254750857,298.3030090332031,303.1499938964844,285.1499938964844,0.0,-0.0,287.65020751953125,0.0,0.0,0.0004863373469561,287.5992431640625,294.1499938964844,288.11480712890625,287.18603515625,289.18328857421875,288.08935546875,287.09930419921875,0.0,0.0,0.0,0.0,1.0,1.0,-0.0010374637786298,1.0244924020241797e-08,0.0010374535340815,-0.0258880797773599,0.0,0.0,0.0,-0.0098916590213775,60.0,0.7594171762466431,-0.0,-7.338478980045694e-08,0.0,283.1748046875,287.20037841796875,291.55133056640625,291.9985046386719,293.1499938964844,293.1499938964844,278.1499938964844,0.0,18000.0,313.1499938964844,0.0,18000.0,0.0,0.0,0.0,0.0,0.0,0.0,0.0,0.0,0.0,0.0,-0.0,0.0,-8.74776778869785e-21,-4.373883894348925e-21,-4.373883894348925e-21,0.0,0.0,-0.0,0.0,0.0,0.0,-0.0,0.0,0.0,0.0,0.0,0.0,4.0,0.0,0.0
12430080,298.28680419921875,303.1499938964844,285.1499938964844,0.0,-0.0,287.6503295898437,0.0,0.0,9.736078209243716e-05,298.46923828125,303.1499938964844,285.1499938964844,0.0,-0.0,287.6511535644531,0.0,0.0,0.0001025257952278,298.8080749511719,303.1499938964844,285.1499938964844,0.0,-0.0,287.6510314941406,0.0,0.0,7.572524918941781e-05,298.0923767089844,303.1499938964844,285.1499938964844,0.0,-0.0,287.6514587402344,0.0,0.0,0.0001025254750857,298.3030090332031,303.1499938964844,285.1499938964844,0.0,-0.0,287.65020751953125,0.0,0.0,0.0004863373469561,287.5992431640625,294.1499938964844,288.11480712890625,287.18603515625,289.18328857421875,288.08935546875,287.09930419921875,0.0,0.0,0.0,0.0,1.0,1.0,-0.0010374637786298,1.0244924020241797e-08,0.0010374535340815,-0.0258880797773599,0.0,0.0,0.0,-0.0098916590213775,60.0,0.7594171762466431,-0.0,-7.338478980045694e-08,0.0,283.1748046875,287.20037841796875,291.55133056640625,291.9985046386719,293.1499938964844,293.1499938964844,278.1499938964844,0.0,18000.0,313.1499938964844,0.0,18000.0,0.0,0.0,0.0,0.0,0.0,0.0,0.0,0.0,0.0,0.0,-0.0,0.0,-8.74776778869785e-21,-4.373883894348925e-21,-4.373883894348925e-21,0.0,0.0,-0.0,0.0,0.0,0.0,-0.0,0.0,0.0,0.0,0.0,0.0,4.0,0.0,0.0
12430140,298.2835388183594,303.1499938964844,285.1499938964844,0.0,-0.0,287.6458740234375,0.0,0.0,9.759577369550244e-05,298.4661560058594,303.1499938964844,285.1499938964844,0.0,-0.0,287.6466979980469,0.0,0.0,0.0001027732432703,298.8039855957031,303.1499938964844,285.1499938964844,0.0,-0.0,287.64654541015625,0.0,0.0,7.590801396872848e-05,298.08544921875,303.1499938964844,285.1499938964844,0.0,-0.0,287.6470031738281,0.0,0.0,0.0001027729231282,298.2998046875,303.1499938964844,285.1499938964844,0.0,-0.0,287.645751953125,0.0,0.0,0.0004875111626461,287.5938415527344,294.1499938964844,288.1245422363281,287.1854553222656,289.1637878417969,288.1004943847656,287.1014404296875,0.0,0.0,0.0,0.0,1.0,1.0,-0.0010399665916338,1.0537583250425088e-08,0.0010399561142548,-0.0266542006283998,0.0,0.0,0.0,-0.0100367432460188,60.0,0.7563353180885315,-0.0,-7.373927957132764e-08,0.0,283.1748046875,287.20037841796875,291.55133056640625,291.9985046386719,293.1499938964844,293.1499938964844,278.1499938964844,0.0,18000.0,313.1499938964844,0.0,18000.0,0.0,0.0,0.0,0.0,0.0,0.0,0.0,0.0,0.0,0.0,-0.0,0.0,-8.74776778869785e-21,-4.373883894348925e-21,-4.373883894348925e-21,0.0,0.0,-0.0,0.0,0.0,0.0,-0.0,0.0,0.0,0.0,0.0,0.0,4.0,0.0,0.0
12430200,298.2835388183594,303.1499938964844,285.1499938964844,0.0,-0.0,287.6458740234375,0.0,0.0,9.759577369550244e-05,298.4661560058594,303.1499938964844,285.1499938964844,0.0,-0.0,287.6466979980469,0.0,0.0,0.0001027732432703,298.8039855957031,303.1499938964844,285.1499938964844,0.0,-0.0,287.64654541015625,0.0,0.0,7.590801396872848e-05,298.08544921875,303.1499938964844,285.1499938964844,0.0,-0.0,287.6470031738281,0.0,0.0,0.0001027729231282,298.2998046875,303.1499938964844,285.1499938964844,0.0,-0.0,287.645751953125,0.0,0.0,0.0004875111626461,287.5938415527344,294.1499938964844,288.1245422363281,287.1854553222656,289.1637878417969,288.1004943847656,287.1014404296875,0.0,0.0,0.0,0.0,1.0,1.0,-0.0010399665916338,1.0537583250425088e-08,0.0010399561142548,-0.0266542006283998,0.0,0.0,0.0,-0.0100367432460188,60.0,0.7563353180885315,-0.0,-7.373927957132764e-08,0.0,283.1748046875,287.20037841796875,291.55133056640625,291.9985046386719,293.1499938964844,293.1499938964844,278.1499938964844,0.0,18000.0,313.1499938964844,0.0,18000.0,0.0,0.0,0.0,0.0,0.0,0.0,0.0,0.0,0.0,0.0,-0.0,0.0,-8.74776778869785e-21,-4.373883894348925e-21,-4.373883894348925e-21,0.0,0.0,-0.0,0.0,0.0,0.0,-0.0,0.0,0.0,0.0,0.0,0.0,4.0,0.0,0.0
12430260,298.2803039550781,303.1499938964844,285.1499938964844,0.0,-0.0,287.64141845703125,0.0,0.0,9.777669765753672e-05,298.463134765625,303.1499938964844,285.1499938964844,0.0,-0.0,287.6422119140625,0.0,0.0,0.0001029637642204,298.7999572753906,303.1499938964844,285.1499938964844,0.0,-0.0,287.64208984375,0.0,0.0,7.604873098898679e-05,298.0791931152344,303.1499938964844,285.1499938964844,0.0,-0.0,287.6425476074219,0.0,0.0,0.0001029634513542,298.2967529296875,303.1499938964844,285.1499938964844,0.0,-0.0,287.64129638671875,0.0,0.0,0.0004884149529971,287.5884704589844,294.1499938964844,288.133056640625,287.1836853027344,289.1448059082031,288.1110534667969,287.1034240722656,0.0,0.0,0.0,0.0,1.0,1.0,-0.0010418934980407,1.076287858836622e-08,0.0010418826714158,-0.0272439457476139,0.0,0.0,0.0,-0.0101484330371022,60.0,0.7525567412376404,-0.0,-7.401275325946699e-08,0.0,283.1748046875,287.20037841796875,291.55133056640625,291.9985046386719,293.1499938964844,293.1499938964844,278.1499938964844,0.0,18000.0,313.1499938964844,0.0,18000.0,0.0,0.0,0.0,0.0,0.0,0.0,0.0,0.0,0.0,0.0,-0.0,0.0,-8.74776778869785e-21,-4.373883894348925e-21,-4.373883894348925e-21,0.0,0.0,-0.0,0.0,0.0,0.0,-0.0,0.0,0.0,0.0,0.0,0.0,4.0,0.0,0.0
12430320,298.2803039550781,303.1499938964844,285.1499938964844,0.0,-0.0,287.64141845703125,0.0,0.0,9.777669765753672e-05,298.463134765625,303.1499938964844,285.1499938964844,0.0,-0.0,287.6422119140625,0.0,0.0,0.0001029637642204,298.7999572753906,303.1499938964844,285.1499938964844,0.0,-0.0,287.64208984375,0.0,0.0,7.604873098898679e-05,298.0791931152344,303.1499938964844,285.1499938964844,0.0,-0.0,287.6425476074219,0.0,0.0,0.0001029634513542,298.2967529296875,303.1499938964844,285.1499938964844,0.0,-0.0,287.64129638671875,0.0,0.0,0.0004884149529971,287.5884704589844,294.1499938964844,288.133056640625,287.1836853027344,289.1448059082031,288.1110534667969,287.1034240722656,0.0,0.0,0.0,0.0,1.0,1.0,-0.0010418934980407,1.076287858836622e-08,0.0010418826714158,-0.0272439457476139,0.0,0.0,0.0,-0.0101484330371022,60.0,0.7525567412376404,-0.0,-7.401275325946699e-08,0.0,283.1748046875,287.20037841796875,291.55133056640625,291.9985046386719,293.1499938964844,293.1499938964844,278.1499938964844,0.0,18000.0,313.1499938964844,0.0,18000.0,0.0,0.0,0.0,0.0,0.0,0.0,0.0,0.0,0.0,0.0,-0.0,0.0,-8.74776778869785e-21,-4.373883894348925e-21,-4.373883894348925e-21,0.0,0.0,-0.0,0.0,0.0,0.0,-0.0,0.0,0.0,0.0,0.0,0.0,4.0,0.0,0.0
12430380,298.2771911621094,303.1499938964844,285.1499938964844,0.0,-0.0,287.6369934082031,0.0,0.0,9.789301839191468e-05,298.46014404296875,303.1499938964844,285.1499938964844,0.0,-0.0,287.6377868652344,0.0,0.0,0.0001030862549669,298.7960510253906,303.1499938964844,285.1499938964844,0.0,-0.0,287.6376647949219,0.0,0.0,7.613920024596155e-05,298.0735778808594,303.1499938964844,285.1499938964844,0.0,-0.0,287.6380920410156,0.0,0.0,0.0001030859421007,298.2939147949219,303.1499938964844,285.1499938964844,0.0,-0.0,287.6368713378906,0.0,0.0,0.0004889959818683,287.5831298828125,294.1499938964844,288.1401062011719,287.18048095703125,289.1262512207031,288.1206359863281,287.1053161621094,0.0,0.0,0.0,0.0,1.0,1.0,-0.0010431319242343,1.0907676539773092e-08,0.0010431210976094,-0.0276229605078697,0.0,0.0,0.0,-0.0102202156558632,60.0,0.7478073835372925,-0.0,-7.41887831168242e-08,0.0,283.1748046875,287.20037841796875,291.55133056640625,291.9985046386719,293.1499938964844,293.1499938964844,278.1499938964844,0.0,18000.0,313.1499938964844,0.0,18000.0,0.0,0.0,0.0,0.0,0.0,0.0,0.0,0.0,0.0,0.0,-0.0,0.0,-8.74776778869785e-21,-4.373883894348925e-21,-4.373883894348925e-21,0.0,0.0,-0.0,0.0,0.0,0.0,-0.0,0.0,0.0,0.0,0.0,0.0,4.0,0.0,0.0
12430440,298.2771911621094,303.1499938964844,285.1499938964844,0.0,-0.0,287.6369934082031,0.0,0.0,9.789301839191468e-05,298.46014404296875,303.1499938964844,285.1499938964844,0.0,-0.0,287.6377868652344,0.0,0.0,0.0001030862549669,298.7960510253906,303.1499938964844,285.1499938964844,0.0,-0.0,287.6376647949219,0.0,0.0,7.613920024596155e-05,298.0735778808594,303.1499938964844,285.1499938964844,0.0,-0.0,287.6380920410156,0.0,0.0,0.0001030859421007,298.2939147949219,303.1499938964844,285.1499938964844,0.0,-0.0,287.6368713378906,0.0,0.0,0.0004889959818683,287.5831298828125,294.1499938964844,288.1401062011719,287.18048095703125,289.1262512207031,288.1206359863281,287.1053161621094,0.0,0.0,0.0,0.0,1.0,1.0,-0.0010431319242343,1.0907676539773092e-08,0.0010431210976094,-0.0276229605078697,0.0,0.0,0.0,-0.0102202156558632,60.0,0.7478073835372925,-0.0,-7.41887831168242e-08,0.0,283.1748046875,287.20037841796875,291.55133056640625,291.9985046386719,293.1499938964844,293.1499938964844,278.1499938964844,0.0,18000.0,313.1499938964844,0.0,18000.0,0.0,0.0,0.0,0.0,0.0,0.0,0.0,0.0,0.0,0.0,-0.0,0.0,-8.74776778869785e-21,-4.373883894348925e-21,-4.373883894348925e-21,0.0,0.0,-0.0,0.0,0.0,0.0,-0.0,0.0,0.0,0.0,0.0,0.0,4.0,0.0,0.0
12430500,298.2756652832031,303.1499938964844,285.1499938964844,0.0,-0.0,287.6347961425781,0.0,0.0,9.792610944714396e-05,298.45867919921875,303.1499938964844,285.1499938964844,0.0,-0.0,287.63555908203125,0.0,0.0,0.0001031211068038,298.79412841796875,303.1499938964844,285.1499938964844,0.0,-0.0,287.63543701171875,0.0,0.0,7.616494258400053e-05,298.0710144042969,303.1499938964844,285.1499938964844,0.0,-0.0,287.6358642578125,0.0,0.0,0.0001031207939377,298.2925720214844,303.1499938964844,285.1499938964844,0.0,-0.0,287.6346740722656,0.0,0.0,0.0004891612916253,287.5804748535156,294.1499938964844,288.1430053710937,287.1782531738281,289.1171569824219,288.125,287.1062316894531,0.0,0.0,0.0,0.0,1.0,1.0,-0.0010434840805828,1.0948841833169354e-08,0.0010434731375426,-0.0277307108044624,0.0,0.0,0.0,-0.0102406237274408,60.0,0.7450231313705444,-0.0,-7.423886927426794e-08,0.0,283.1748046875,287.20037841796875,291.55133056640625,291.9985046386719,293.1499938964844,293.1499938964844,278.1499938964844,0.0,18000.0,313.1499938964844,0.0,18000.0,0.0,0.0,0.0,0.0,0.0,0.0,0.0,0.0,0.0,0.0,-0.0,0.0,-8.74776778869785e-21,-4.373883894348925e-21,-4.373883894348925e-21,0.0,0.0,-0.0,0.0,0.0,0.0,-0.0,0.0,0.0,0.0,0.0,0.0,4.0,0.0,0.0
12430560,298.274169921875,303.1499938964844,285.1499938964844,0.0,-0.0,287.632568359375,0.0,0.0,9.793909703148528e-05,298.45721435546875,303.1499938964844,285.1499938964844,0.0,-0.0,287.6333312988281,0.0,0.0,0.0001031347783282,298.792236328125,303.1499938964844,285.1499938964844,0.0,-0.0,287.6332397460937,0.0,0.0,7.617504161316901e-05,298.0686340332031,303.1499938964844,285.1499938964844,0.0,-0.0,287.6336364746094,0.0,0.0,0.000103134472738,298.2912902832031,303.1499938964844,285.1499938964844,0.0,-0.0,287.6324462890625,0.0,0.0,0.0004892261349596,287.57781982421875,294.1499938964844,288.1454467773437,287.17559814453125,289.108154296875,288.1290283203125,287.10711669921875,0.0,0.0,0.0,0.0,1.0,1.0,-0.0010436220327392,1.0964950725167457e-08,0.0010436110896989,-0.0277728755027055,0.0,0.0,0.0,-0.0102486107498407,60.0,0.7429152727127075,-0.0,-7.425847314834756e-08,0.0,283.1748046875,287.20037841796875,291.55133056640625,291.9985046386719,293.1499938964844,293.1499938964844,278.1499938964844,0.0,18000.0,313.1499938964844,0.0,18000.0,0.0,0.0,0.0,0.0,0.0,0.0,0.0,0.0,0.0,0.0,-0.0,0.0,-8.74776778869785e-21,-4.373883894348925e-21,-4.373883894348925e-21,0.0,0.0,-0.0,0.0,0.0,0.0,-0.0,0.0,0.0,0.0,0.0,0.0,4.0,0.0,0.0
12430620,298.2712707519531,303.1499938964844,285.1499938964844,0.0,-0.0,287.628173828125,0.0,0.0,9.790564945433287e-05,298.45440673828125,303.1499938964844,285.1499938964844,0.0,-0.0,287.6289367675781,0.0,0.0,0.0001030995481414,298.7886047363281,303.1499938964844,285.1499938964844,0.0,-0.0,287.6288146972656,0.0,0.0,7.61490227887407e-05,298.0644836425781,303.1499938964844,285.1499938964844,0.0,-0.0,287.6292419433594,0.0,0.0,0.0001030992425512,298.2889709472656,303.1499938964844,285.1499938964844,0.0,-0.0,287.6280517578125,0.0,0.0,0.0004890590789727,287.57257080078125,294.1499938964844,288.1488037109375,287.1687927246094,289.0904541015625,288.1357727050781,287.1087951660156,0.0,0.0,0.0,0.0,1.0,1.0,-0.0010432645212858,1.0923127291562196e-08,0.0010432536946609,-0.0276634041219949,0.0,0.0,0.0,-0.0102278785780072,60.0,0.7451450824737549,-0.0,-7.420758407761242e-08,0.0,283.1748046875,287.20037841796875,291.55133056640625,291.9985046386719,293.1499938964844,293.1499938964844,278.1499938964844,0.0,18000.0,313.1499938964844,0.0,18000.0,0.0,0.0,0.0,0.0,0.0,0.0,0.0,0.0,0.0,0.0,-0.0,0.0,-8.74776778869785e-21,-4.373883894348925e-21,-4.373883894348925e-21,0.0,0.0,-0.0,0.0,0.0,0.0,-0.0,0.0,0.0,0.0,0.0,0.0,4.0,0.0,0.0
12430680,298.2712707519531,303.1499938964844,285.1499938964844,0.0,-0.0,287.628173828125,0.0,0.0,9.790564945433287e-05,298.45440673828125,303.1499938964844,285.1499938964844,0.0,-0.0,287.6289367675781,0.0,0.0,0.0001030995481414,298.7886047363281,303.1499938964844,285.1499938964844,0.0,-0.0,287.6288146972656,0.0,0.0,7.61490227887407e-05,298.0644836425781,303.1499938964844,285.1499938964844,0.0,-0.0,287.6292419433594,0.0,0.0,0.0001030992425512,298.2889709472656,303.1499938964844,285.1499938964844,0.0,-0.0,287.6280517578125,0.0,0.0,0.0004890590789727,287.57257080078125,294.1499938964844,288.1488037109375,287.1687927246094,289.0904541015625,288.1357727050781,287.1087951660156,0.0,0.0,0.0,0.0,1.0,1.0,-0.0010432645212858,1.0923127291562196e-08,0.0010432536946609,-0.0276634041219949,0.0,0.0,0.0,-0.0102278785780072,60.0,0.7451450824737549,-0.0,-7.420758407761242e-08,0.0,283.1748046875,287.20037841796875,291.55133056640625,291.9985046386719,293.1499938964844,293.1499938964844,278.1499938964844,0.0,18000.0,313.1499938964844,0.0,18000.0,0.0,0.0,0.0,0.0,0.0,0.0,0.0,0.0,0.0,0.0,-0.0,0.0,-8.74776778869785e-21,-4.373883894348925e-21,-4.373883894348925e-21,0.0,0.0,-0.0,0.0,0.0,0.0,-0.0,0.0,0.0,0.0,0.0,0.0,4.0,0.0,0.0
12430740,298.2685546875,303.1499938964844,285.1499938964844,0.0,-0.0,287.6238098144531,0.0,0.0,9.779405809240416e-05,298.4516906738281,303.1499938964844,285.1499938964844,0.0,-0.0,287.6245422363281,0.0,0.0,0.00010298203415,298.7851257324219,303.1499938964844,285.1499938964844,0.0,-0.0,287.6244201660156,0.0,0.0,7.60622278903611e-05,298.06109619140625,303.1499938964844,285.1499938964844,0.0,-0.0,287.6248474121094,0.0,0.0,0.0001029817358357,298.2869873046875,303.1499938964844,285.1499938964844,0.0,-0.0,287.6236877441406,0.0,0.0,0.0004885016242042,287.5673522949219,294.1499938964844,288.1499938964844,287.1598815917969,289.0731506347656,288.1407470703125,287.11041259765625,0.0,0.0,0.0,0.0,1.0,1.0,-0.0010420745238661,1.0783941739589409e-08,0.0010420636972412,-0.0272990800440311,0.0,0.0,0.0,-0.0101588796824216,60.0,0.7450411319732666,-0.0,-7.403834700880908e-08,0.0,283.1748046875,287.20037841796875,291.55133056640625,291.9985046386719,293.1499938964844,293.1499938964844,278.1499938964844,0.0,18000.0,313.1499938964844,0.0,18000.0,0.0,0.0,0.0,0.0,0.0,0.0,0.0,0.0,0.0,0.0,-0.0,0.0,-8.74776778869785e-21,-4.373883894348925e-21,-4.373883894348925e-21,0.0,0.0,-0.0,0.0,0.0,0.0,-0.0,0.0,0.0,0.0,0.0,0.0,4.0,0.0,0.0
12430800,298.2685546875,303.1499938964844,285.1499938964844,0.0,-0.0,287.6238098144531,0.0,0.0,9.779405809240416e-05,298.4516906738281,303.1499938964844,285.1499938964844,0.0,-0.0,287.6245422363281,0.0,0.0,0.00010298203415,298.7851257324219,303.1499938964844,285.1499938964844,0.0,-0.0,287.6244201660156,0.0,0.0,7.60622278903611e-05,298.06109619140625,303.1499938964844,285.1499938964844,0.0,-0.0,287.6248474121094,0.0,0.0,0.0001029817358357,298.2869873046875,303.1499938964844,285.1499938964844,0.0,-0.0,287.6236877441406,0.0,0.0,0.0004885016242042,287.5673522949219,294.1499938964844,288.1499938964844,287.1598815917969,289.0731506347656,288.1407470703125,287.11041259765625,0.0,0.0,0.0,0.0,1.0,1.0,-0.0010420745238661,1.0783941739589409e-08,0.0010420636972412,-0.0272990800440311,0.0,0.0,0.0,-0.0101588796824216,60.0,0.7450411319732666,-0.0,-7.403834700880908e-08,0.0,283.1748046875,287.20037841796875,291.55133056640625,291.9985046386719,293.1499938964844,293.1499938964844,278.1499938964844,0.0,18000.0,313.1499938964844,0.0,18000.0,0.0,0.0,0.0,0.0,0.0,0.0,0.0,0.0,0.0,0.0,-0.0,0.0,-8.74776778869785e-21,-4.373883894348925e-21,-4.373883894348925e-21,0.0,0.0,-0.0,0.0,0.0,0.0,-0.0,0.0,0.0,0.0,0.0,0.0,4.0,0.0,0.0
12430860,298.2660217285156,303.1499938964844,285.1499938964844,0.0,-0.0,287.61944580078125,0.0,0.0,9.761311230249704e-05,298.4490661621094,303.1499938964844,285.1499938964844,0.0,-0.0,287.62017822265625,0.0,0.0,0.000102791491372,298.7818298339844,303.1499938964844,285.1499938964844,0.0,-0.0,287.6200866699219,0.0,0.0,7.592148904222995e-05,298.0585021972656,303.1499938964844,285.1499938964844,0.0,-0.0,287.6204833984375,0.0,0.0,0.0001027912003337,298.2853088378906,303.1499938964844,285.1499938964844,0.0,-0.0,287.61932373046875,0.0,0.0,0.0004875977756455,287.56219482421875,294.1499938964844,288.1499938964844,287.1498107910156,289.0561828613281,288.1440124511719,287.1119384765625,0.0,0.0,0.0,0.0,1.0,1.0,-0.0010401455219835,1.0558343532807156e-08,0.0010401349281892,-0.0267085414379835,0.0,0.0,0.0,-0.0100470418110489,60.0,0.7433061003684998,-0.0,-7.376446120588298e-08,0.0,283.1748046875,287.20037841796875,291.55133056640625,291.9985046386719,293.1499938964844,293.1499938964844,278.1499938964844,0.0,18000.0,313.1499938964844,0.0,18000.0,0.0,0.0,0.0,0.0,0.0,0.0,0.0,0.0,0.0,0.0,-0.0,0.0,-8.74776778869785e-21,-4.373883894348925e-21,-4.373883894348925e-21,0.0,0.0,-0.0,0.0,0.0,0.0,-0.0,0.0,0.0,0.0,0.0,0.0,4.0,0.0,0.0
12430920,298.2660217285156,303.1499938964844,285.1499938964844,0.0,-0.0,287.61944580078125,0.0,0.0,9.761311230249704e-05,298.4490661621094,303.1499938964844,285.1499938964844,0.0,-0.0,287.62017822265625,0.0,0.0,0.000102791491372,298.7818298339844,303.1499938964844,285.1499938964844,0.0,-0.0,287.6200866699219,0.0,0.0,7.592148904222995e-05,298.0585021972656,303.1499938964844,285.1499938964844,0.0,-0.0,287.6204833984375,0.0,0.0,0.0001027912003337,298.2853088378906,303.1499938964844,285.1499938964844,0.0,-0.0,287.61932373046875,0.0,0.0,0.0004875977756455,287.56219482421875,294.1499938964844,288.1499938964844,287.1498107910156,289.0561828613281,288.1440124511719,287.1119384765625,0.0,0.0,0.0,0.0,1.0,1.0,-0.0010401455219835,1.0558343532807156e-08,0.0010401349281892,-0.0267085414379835,0.0,0.0,0.0,-0.0100470418110489,60.0,0.7433061003684998,-0.0,-7.376446120588298e-08,0.0,283.1748046875,287.20037841796875,291.55133056640625,291.9985046386719,293.1499938964844,293.1499938964844,278.1499938964844,0.0,18000.0,313.1499938964844,0.0,18000.0,0.0,0.0,0.0,0.0,0.0,0.0,0.0,0.0,0.0,0.0,-0.0,0.0,-8.74776778869785e-21,-4.373883894348925e-21,-4.373883894348925e-21,0.0,0.0,-0.0,0.0,0.0,0.0,-0.0,0.0,0.0,0.0,0.0,0.0,4.0,0.0,0.0
12430980,298.2637023925781,303.1499938964844,285.1499938964844,0.0,-0.0,287.6151428222656,0.0,0.0,9.737956861499696e-05,298.4465637207031,303.1499938964844,285.1499938964844,0.0,-0.0,287.6158752441406,0.0,0.0,0.0001025455567287,298.7787475585937,303.1499938964844,285.1499938964844,0.0,-0.0,287.6157531738281,0.0,0.0,7.573984476039186e-05,298.05670166015625,303.1499938964844,285.1499938964844,0.0,-0.0,287.6161499023437,0.0,0.0,0.0001025452656904,298.2839660644531,303.1499938964844,285.1499938964844,0.0,-0.0,287.6150207519531,0.0,0.0,0.0004864312068093,287.5570983886719,294.1499938964844,288.1499938964844,287.13970947265625,289.03955078125,288.1460876464844,287.1134033203125,0.0,0.0,0.0,0.0,1.0,1.0,-0.0010376558639109,1.0267207528613652e-08,0.0010376456193625,-0.0259464122354984,0.0,0.0,0.0,-0.0099027138203382,60.0,0.740791380405426,-0.0,-7.341175489727902e-08,0.0,283.1748046875,287.20037841796875,291.55133056640625,291.9985046386719,293.1499938964844,293.1499938964844,278.1499938964844,0.0,18000.0,313.1499938964844,0.0,18000.0,0.0,0.0,0.0,0.0,0.0,0.0,0.0,0.0,0.0,0.0,-0.0,0.0,-8.74776778869785e-21,-4.373883894348925e-21,-4.373883894348925e-21,0.0,0.0,-0.0,0.0,0.0,0.0,-0.0,0.0,0.0,0.0,0.0,0.0,4.0,0.0,0.0
12431040,298.2637023925781,303.1499938964844,285.1499938964844,0.0,-0.0,287.6151428222656,0.0,0.0,9.737956861499696e-05,298.4465637207031,303.1499938964844,285.1499938964844,0.0,-0.0,287.6158752441406,0.0,0.0,0.0001025455567287,298.7787475585937,303.1499938964844,285.1499938964844,0.0,-0.0,287.6157531738281,0.0,0.0,7.573984476039186e-05,298.05670166015625,303.1499938964844,285.1499938964844,0.0,-0.0,287.6161499023437,0.0,0.0,0.0001025452656904,298.2839660644531,303.1499938964844,285.1499938964844,0.0,-0.0,287.6150207519531,0.0,0.0,0.0004864312068093,287.5570983886719,294.1499938964844,288.1499938964844,287.13970947265625,289.03955078125,288.1460876464844,287.1134033203125,0.0,0.0,0.0,0.0,1.0,1.0,-0.0010376558639109,1.0267207528613652e-08,0.0010376456193625,-0.0259464122354984,0.0,0.0,0.0,-0.0099027138203382,60.0,0.740791380405426,-0.0,-7.341175489727902e-08,0.0,283.1748046875,287.20037841796875,291.55133056640625,291.9985046386719,293.1499938964844,293.1499938964844,278.1499938964844,0.0,18000.0,313.1499938964844,0.0,18000.0,0.0,0.0,0.0,0.0,0.0,0.0,0.0,0.0,0.0,0.0,-0.0,0.0,-8.74776778869785e-21,-4.373883894348925e-21,-4.373883894348925e-21,0.0,0.0,-0.0,0.0,0.0,0.0,-0.0,0.0,0.0,0.0,0.0,0.0,4.0,0.0,0.0
12431100,298.2626037597656,303.1499938964844,285.1499938964844,0.0,-0.0,287.61297607421875,0.0,0.0,9.724802657729016e-05,298.44537353515625,303.1499938964844,285.1499938964844,0.0,-0.0,287.6137084960937,0.0,0.0,0.0001024070370476,298.7772521972656,303.1499938964844,285.1499938964844,0.0,-0.0,287.61358642578125,0.0,0.0,7.563753024442121e-05,298.0560607910156,303.1499938964844,285.1499938964844,0.0,-0.0,287.614013671875,0.0,0.0,0.0001024067460093,298.2834167480469,303.1499938964844,285.1499938964844,0.0,-0.0,287.6128845214844,0.0,0.0,0.0004857741296291,287.5545959472656,294.1499938964844,288.1499938964844,287.1346740722656,289.0313720703125,288.1468200683594,287.1141052246094,0.0,0.0,0.0,0.0,1.0,1.0,-0.0010362537577748,1.0103234693303877e-08,0.0010362436296418,-0.0255171470344066,0.0,0.0,0.0,-0.0098214261233806,60.0,0.7393828630447388,-0.0,-7.321347084143781e-08,0.0,283.1748046875,287.20037841796875,291.55133056640625,291.9985046386719,293.1499938964844,293.1499938964844,278.1499938964844,0.0,18000.0,313.1499938964844,0.0,18000.0,0.0,0.0,0.0,0.0,0.0,0.0,0.0,0.0,0.0,0.0,-0.0,0.0,-8.74776778869785e-21,-4.373883894348925e-21,-4.373883894348925e-21,0.0,0.0,-0.0,0.0,0.0,0.0,-0.0,0.0,0.0,0.0,0.0,0.0,4.0,0.0,0.0
12431160,298.2615661621094,303.1499938964844,285.1499938964844,0.0,-0.0,287.61083984375,0.0,0.0,9.710558515507728e-05,298.4441833496094,303.1499938964844,285.1499938964844,0.0,-0.0,287.611572265625,0.0,0.0,0.0001022570359054,298.7758483886719,303.1499938964844,285.1499938964844,0.0,-0.0,287.6114501953125,0.0,0.0,7.552673923783004e-05,298.0556030273437,303.1499938964844,285.1499938964844,0.0,-0.0,287.6118469238281,0.0,0.0,0.0001022567521431,298.282958984375,303.1499938964844,285.1499938964844,0.0,-0.0,287.6107482910156,0.0,0.0,0.0004850625991821,287.55206298828125,294.1499938964844,288.1499938964844,287.129638671875,289.0232849121094,288.1473999023437,287.1147766113281,0.0,0.0,0.0,0.0,1.0,1.0,-0.0010347353527322,9.925681609956882e-09,0.0010347254574298,-0.0250523146241903,0.0,0.0,0.0,-0.0097334058955311,60.0,0.7378983497619629,-0.0,-7.299907167634957e-08,0.0,283.1748046875,287.20037841796875,291.55133056640625,291.9985046386719,293.1499938964844,293.1499938964844,278.1499938964844,0.0,18000.0,313.1499938964844,0.0,18000.0,0.0,0.0,0.0,0.0,0.0,0.0,0.0,0.0,0.0,0.0,-0.0,0.0,-8.74776778869785e-21,-4.373883894348925e-21,-4.373883894348925e-21,0.0,0.0,-0.0,0.0,0.0,0.0,-0.0,0.0,0.0,0.0,0.0,0.0,4.0,0.0,0.0
12431220,298.2596435546875,303.1499938964844,285.1499938964844,0.0,-0.0,287.6065979003906,0.0,0.0,9.679818322183564e-05,298.4419250488281,303.1499938964844,285.1499938964844,0.0,-0.0,287.6072998046875,0.0,0.0,0.0001019333212752,298.7731018066406,303.1499938964844,285.1499938964844,0.0,-0.0,287.6072082519531,0.0,0.0,7.528764399467036e-05,298.05517578125,303.1499938964844,285.1499938964844,0.0,-0.0,287.60760498046875,0.0,0.0,0.0001019330447888,298.2822265625,303.1499938964844,285.1499938964844,0.0,-0.0,287.6064758300781,0.0,0.0,0.0004835270519834,287.5470886230469,294.1499938964844,288.1499938964844,287.1195373535156,289.00732421875,288.1482849121094,287.1160888671875,0.0,0.0,0.0,0.0,1.0,1.0,-0.0010314587270841,9.542518775162992e-09,0.0010314491810277,-0.0240491442382335,0.0,0.0,0.0,-0.0095434570685029,60.0,0.7347544431686401,-0.0,-7.253746758806302e-08,0.0,283.1748046875,287.20037841796875,291.55133056640625,291.9985046386719,293.1499938964844,293.1499938964844,278.1499938964844,0.0,18000.0,313.1499938964844,0.0,18000.0,0.0,0.0,0.0,0.0,0.0,0.0,0.0,0.0,0.0,0.0,-0.0,0.0,-8.74776778869785e-21,-4.373883894348925e-21,-4.373883894348925e-21,0.0,0.0,-0.0,0.0,0.0,0.0,-0.0,0.0,0.0,0.0,0.0,0.0,4.0,0.0,0.0
12431280,298.2596435546875,303.1499938964844,285.1499938964844,0.0,-0.0,287.6065979003906,0.0,0.0,9.679818322183564e-05,298.4419250488281,303.1499938964844,285.1499938964844,0.0,-0.0,287.6072998046875,0.0,0.0,0.0001019333212752,298.7731018066406,303.1499938964844,285.1499938964844,0.0,-0.0,287.6072082519531,0.0,0.0,7.528764399467036e-05,298.05517578125,303.1499938964844,285.1499938964844,0.0,-0.0,287.60760498046875,0.0,0.0,0.0001019330447888,298.2822265625,303.1499938964844,285.1499938964844,0.0,-0.0,287.6064758300781,0.0,0.0,0.0004835270519834,287.5470886230469,294.1499938964844,288.1499938964844,287.1195373535156,289.00732421875,288.1482849121094,287.1160888671875,0.0,0.0,0.0,0.0,1.0,1.0,-0.0010314587270841,9.542518775162992e-09,0.0010314491810277,-0.0240491442382335,0.0,0.0,0.0,-0.0095434570685029,60.0,0.7347544431686401,-0.0,-7.253746758806302e-08,0.0,283.1748046875,287.20037841796875,291.55133056640625,291.9985046386719,293.1499938964844,293.1499938964844,278.1499938964844,0.0,18000.0,313.1499938964844,0.0,18000.0,0.0,0.0,0.0,0.0,0.0,0.0,0.0,0.0,0.0,0.0,-0.0,0.0,-8.74776778869785e-21,-4.373883894348925e-21,-4.373883894348925e-21,0.0,0.0,-0.0,0.0,0.0,0.0,-0.0,0.0,0.0,0.0,0.0,0.0,4.0,0.0,0.0
12431340,298.2579345703125,303.1499938964844,285.1499938964844,0.0,-0.0,287.6023864746094,0.0,0.0,9.646817488828674e-05,298.4397888183594,303.1499938964844,285.1499938964844,0.0,-0.0,287.60308837890625,0.0,0.0,0.0001015857997117,298.7705993652344,303.1499938964844,285.1499938964844,0.0,-0.0,287.6029663085937,0.0,0.0,7.503097003791481e-05,298.0555419921875,303.1499938964844,285.1499938964844,0.0,-0.0,287.6033630371094,0.0,0.0,0.0001015855232253,298.2818298339844,303.1499938964844,285.1499938964844,0.0,-0.0,287.6022644042969,0.0,0.0,0.0004818785528186,287.54217529296875,294.1499938964844,288.1499938964844,287.1094665527344,288.99176025390625,288.1488037109375,287.11737060546875,0.0,0.0,0.0,0.0,1.0,1.0,-0.001027941238135,9.131190914501984e-09,0.0010279320413246,-0.0229721516370773,0.0,0.0,0.0,-0.0093395439907908,60.0,0.7314257025718689,-0.0,-7.20435622270088e-08,0.0,283.1748046875,287.20037841796875,291.55133056640625,291.9985046386719,293.1499938964844,293.1499938964844,278.1499938964844,0.0,18000.0,313.1499938964844,0.0,18000.0,0.0,0.0,0.0,0.0,0.0,0.0,0.0,0.0,0.0,0.0,-0.0,0.0,-8.74776778869785e-21,-4.373883894348925e-21,-4.373883894348925e-21,0.0,0.0,-0.0,0.0,0.0,0.0,-0.0,0.0,0.0,0.0,0.0,0.0,4.0,0.0,0.0
12431400,298.2579345703125,303.1499938964844,285.1499938964844,0.0,-0.0,287.6023864746094,0.0,0.0,9.646817488828674e-05,298.4397888183594,303.1499938964844,285.1499938964844,0.0,-0.0,287.60308837890625,0.0,0.0,0.0001015857997117,298.7705993652344,303.1499938964844,285.1499938964844,0.0,-0.0,287.6029663085937,0.0,0.0,7.503097003791481e-05,298.0555419921875,303.1499938964844,285.1499938964844,0.0,-0.0,287.6033630371094,0.0,0.0,0.0001015855232253,298.2818298339844,303.1499938964844,285.1499938964844,0.0,-0.0,287.6022644042969,0.0,0.0,0.0004818785528186,287.54217529296875,294.1499938964844,288.1499938964844,287.1094665527344,288.99176025390625,288.1488037109375,287.11737060546875,0.0,0.0,0.0,0.0,1.0,1.0,-0.001027941238135,9.131190914501984e-09,0.0010279320413246,-0.0229721516370773,0.0,0.0,0.0,-0.0093395439907908,60.0,0.7314257025718689,-0.0,-7.20435622270088e-08,0.0,283.1748046875,287.20037841796875,291.55133056640625,291.9985046386719,293.1499938964844,293.1499938964844,278.1499938964844,0.0,18000.0,313.1499938964844,0.0,18000.0,0.0,0.0,0.0,0.0,0.0,0.0,0.0,0.0,0.0,0.0,-0.0,0.0,-8.74776778869785e-21,-4.373883894348925e-21,-4.373883894348925e-21,0.0,0.0,-0.0,0.0,0.0,0.0,-0.0,0.0,0.0,0.0,0.0,0.0,4.0,0.0,0.0
12431460,298.2563781738281,303.1499938964844,285.1499938964844,0.0,-0.0,287.59820556640625,0.0,0.0,9.61274854489602e-05,298.437744140625,303.1499938964844,285.1499938964844,0.0,-0.0,287.5989074707031,0.0,0.0,0.0001012270440696,298.76824951171875,303.1499938964844,285.1499938964844,0.0,-0.0,287.5987854003906,0.0,0.0,7.476598693756387e-05,298.05645751953125,303.1499938964844,285.1499938964844,0.0,-0.0,287.59918212890625,0.0,0.0,0.0001012267675832,298.2816772460937,303.1499938964844,285.1499938964844,0.0,-0.0,287.5981140136719,0.0,0.0,0.0004801767645403,287.5373229980469,294.1499938964844,288.1499938964844,287.099365234375,288.9764709472656,288.149169921875,287.1185607910156,0.0,0.0,0.0,0.0,1.0,1.0,-0.0010243098950013,8.706569687433331e-09,0.0010243011638522,-0.0218602735549211,0.0,0.0,0.0,-0.0091290418058633,60.0,0.7280226945877075,-0.0,-7.153546022209414e-08,0.0,283.1748046875,287.20037841796875,291.55133056640625,291.9985046386719,293.1499938964844,293.1499938964844,278.1499938964844,0.0,18000.0,313.1499938964844,0.0,18000.0,0.0,0.0,0.0,0.0,0.0,0.0,0.0,0.0,0.0,0.0,-0.0,0.0,-8.74776778869785e-21,-4.373883894348925e-21,-4.373883894348925e-21,0.0,0.0,-0.0,0.0,0.0,0.0,-0.0,0.0,0.0,0.0,0.0,0.0,4.0,0.0,0.0
12431520,298.2563781738281,303.1499938964844,285.1499938964844,0.0,-0.0,287.59820556640625,0.0,0.0,9.61274854489602e-05,298.437744140625,303.1499938964844,285.1499938964844,0.0,-0.0,287.5989074707031,0.0,0.0,0.0001012270440696,298.76824951171875,303.1499938964844,285.1499938964844,0.0,-0.0,287.5987854003906,0.0,0.0,7.476598693756387e-05,298.05645751953125,303.1499938964844,285.1499938964844,0.0,-0.0,287.59918212890625,0.0,0.0,0.0001012267675832,298.2816772460937,303.1499938964844,285.1499938964844,0.0,-0.0,287.5981140136719,0.0,0.0,0.0004801767645403,287.5373229980469,294.1499938964844,288.1499938964844,287.099365234375,288.9764709472656,288.149169921875,287.1185607910156,0.0,0.0,0.0,0.0,1.0,1.0,-0.0010243098950013,8.706569687433331e-09,0.0010243011638522,-0.0218602735549211,0.0,0.0,0.0,-0.0091290418058633,60.0,0.7280226945877075,-0.0,-7.153546022209414e-08,0.0,283.1748046875,287.20037841796875,291.55133056640625,291.9985046386719,293.1499938964844,293.1499938964844,278.1499938964844,0.0,18000.0,313.1499938964844,0.0,18000.0,0.0,0.0,0.0,0.0,0.0,0.0,0.0,0.0,0.0,0.0,-0.0,0.0,-8.74776778869785e-21,-4.373883894348925e-21,-4.373883894348925e-21,0.0,0.0,-0.0,0.0,0.0,0.0,-0.0,0.0,0.0,0.0,0.0,0.0,4.0,0.0,0.0
12431580,298.2550354003906,303.1499938964844,285.1499938964844,0.0,-0.0,287.5940856933594,0.0,0.0,9.57860829657875e-05,298.4358215332031,303.1499938964844,285.1499938964844,0.0,-0.0,287.5947570800781,0.0,0.0,0.000100867524452,298.7660522460937,303.1499938964844,285.1499938964844,0.0,-0.0,287.5946655273437,0.0,0.0,7.450045086443424e-05,298.05810546875,303.1499938964844,285.1499938964844,0.0,-0.0,287.59503173828125,0.0,0.0,0.0001008672552416,298.2817687988281,303.1499938964844,285.1499938964844,0.0,-0.0,287.5939636230469,0.0,0.0,0.0004784713964909,287.53253173828125,294.1499938964844,288.1499938964844,287.0892639160156,288.9615783691406,288.1494140625,287.1197204589844,0.0,0.0,0.0,0.0,1.0,1.0,-0.0010206709848716,8.281057617409715e-09,0.0010206627193838,-0.0207459796220064,0.0,0.0,0.0,-0.0089180963113904,60.0,0.7246108055114746,-0.0,-7.102809007619727e-08,0.0,283.1748046875,287.20037841796875,291.55133056640625,291.9985046386719,293.1499938964844,293.1499938964844,278.1499938964844,0.0,18000.0,313.1499938964844,0.0,18000.0,0.0,0.0,0.0,0.0,0.0,0.0,0.0,0.0,0.0,0.0,-0.0,0.0,-8.74776778869785e-21,-4.373883894348925e-21,-4.373883894348925e-21,0.0,0.0,-0.0,0.0,0.0,0.0,-0.0,0.0,0.0,0.0,0.0,0.0,4.0,0.0,0.0
12431640,298.2550354003906,303.1499938964844,285.1499938964844,0.0,-0.0,287.5940856933594,0.0,0.0,9.57860829657875e-05,298.4358215332031,303.1499938964844,285.1499938964844,0.0,-0.0,287.5947570800781,0.0,0.0,0.000100867524452,298.7660522460937,303.1499938964844,285.1499938964844,0.0,-0.0,287.5946655273437,0.0,0.0,7.450045086443424e-05,298.05810546875,303.1499938964844,285.1499938964844,0.0,-0.0,287.59503173828125,0.0,0.0,0.0001008672552416,298.2817687988281,303.1499938964844,285.1499938964844,0.0,-0.0,287.5939636230469,0.0,0.0,0.0004784713964909,287.53253173828125,294.1499938964844,288.1499938964844,287.0892639160156,288.9615783691406,288.1494140625,287.1197204589844,0.0,0.0,0.0,0.0,1.0,1.0,-0.0010206709848716,8.281057617409715e-09,0.0010206627193838,-0.0207459796220064,0.0,0.0,0.0,-0.0089180963113904,60.0,0.7246108055114746,-0.0,-7.102809007619727e-08,0.0,283.1748046875,287.20037841796875,291.55133056640625,291.9985046386719,293.1499938964844,293.1499938964844,278.1499938964844,0.0,18000.0,313.1499938964844,0.0,18000.0,0.0,0.0,0.0,0.0,0.0,0.0,0.0,0.0,0.0,0.0,-0.0,0.0,-8.74776778869785e-21,-4.373883894348925e-21,-4.373883894348925e-21,0.0,0.0,-0.0,0.0,0.0,0.0,-0.0,0.0,0.0,0.0,0.0,0.0,4.0,0.0,0.0
12431700,298.2544250488281,303.1499938964844,285.1499938964844,0.0,-0.0,287.5920104980469,0.0,0.0,9.561768092680722e-05,298.4349060058594,303.1499938964844,285.1499938964844,0.0,-0.0,287.5927124023437,0.0,0.0,0.0001006901802611,298.7650146484375,303.1499938964844,285.1499938964844,0.0,-0.0,287.59259033203125,0.0,0.0,7.436946907546371e-05,298.05914306640625,303.1499938964844,285.1499938964844,0.0,-0.0,287.59295654296875,0.0,0.0,0.0001006899183266,298.2818603515625,303.1499938964844,285.1499938964844,0.0,-0.0,287.5919189453125,0.0,0.0,0.0004776301793754,287.5301513671875,294.1499938964844,288.1499938964844,287.0841979980469,288.9542236328125,288.1495056152344,287.1202697753906,0.0,0.0,0.0,0.0,1.0,1.0,-0.0010188758606091,8.071160628730922e-09,0.0010188678279519,-0.0201962944120168,0.0,0.0,0.0,-0.0088140415027737,60.0,0.7229220867156982,-0.0,-7.077848351855209e-08,0.0,283.1748046875,287.20037841796875,291.55133056640625,291.9985046386719,293.1499938964844,293.1499938964844,278.1499938964844,0.0,18000.0,313.1499938964844,0.0,18000.0,0.0,0.0,0.0,0.0,0.0,0.0,0.0,0.0,0.0,0.0,-0.0,0.0,-8.74776778869785e-21,-4.373883894348925e-21,-4.373883894348925e-21,0.0,0.0,-0.0,0.0,0.0,0.0,-0.0,0.0,0.0,0.0,0.0,0.0,4.0,0.0,0.0
12431760,298.2538452148437,303.1499938964844,285.1499938964844,0.0,-0.0,287.5899658203125,0.0,0.0,9.5453200628981e-05,298.4339904785156,303.1499938964844,285.1499938964844,0.0,-0.0,287.59063720703125,0.0,0.0,0.0001005169833661,298.7640075683594,303.1499938964844,285.1499938964844,0.0,-0.0,287.5905456542969,0.0,0.0,7.424154318869114e-05,298.06036376953125,303.1499938964844,285.1499938964844,0.0,-0.0,287.5909118652344,0.0,0.0,0.0001005167214316,298.28204345703125,303.1499938964844,285.1499938964844,0.0,-0.0,287.5898742675781,0.0,0.0,0.0004768085782416,287.5278015136719,294.1499938964844,288.1499938964844,287.07916259765625,288.94696044921875,288.1495666503906,287.1208190917969,0.0,0.0,0.0,0.0,1.0,1.0,-0.0010171227622777,7.866165496750455e-09,0.0010171149624511,-0.0196594260632991,0.0,0.0,0.0,-0.0087124165147542,60.0,0.72126305103302,-0.0,-7.053512263155427e-08,0.0,283.1748046875,287.20037841796875,291.55133056640625,291.9985046386719,293.1499938964844,293.1499938964844,278.1499938964844,0.0,18000.0,313.1499938964844,0.0,18000.0,0.0,0.0,0.0,0.0,0.0,0.0,0.0,0.0,0.0,0.0,-0.0,0.0,-8.74776778869785e-21,-4.373883894348925e-21,-4.373883894348925e-21,0.0,0.0,-0.0,0.0,0.0,0.0,-0.0,0.0,0.0,0.0,0.0,0.0,4.0,0.0,0.0
12431820,298.2528076171875,303.1499938964844,285.1499938964844,0.0,-0.0,287.5859069824219,0.0,0.0,9.513692930340768e-05,298.4322509765625,303.1499938964844,285.1499938964844,0.0,-0.0,287.5865783691406,0.0,0.0,0.0001001839264063,298.7620849609375,303.1499938964844,285.1499938964844,0.0,-0.0,287.58648681640625,0.0,0.0,7.39955430617556e-05,298.06329345703125,303.1499938964844,285.1499938964844,0.0,-0.0,287.5868530273437,0.0,0.0,0.0001001836644718,298.2825012207031,303.1499938964844,285.1499938964844,0.0,-0.0,287.5858154296875,0.0,0.0,0.0004752287059091,287.52313232421875,294.1499938964844,288.1499938964844,287.0690612792969,288.9327087402344,288.1496887207031,287.12188720703125,0.0,0.0,0.0,0.0,1.0,1.0,-0.0010137516073882,7.471969709627047e-09,0.0010137441568076,-0.0186270084232091,0.0,0.0,0.0,-0.0085169970989227,60.0,0.7180451154708862,-0.0,-7.006833868672403e-08,0.0,283.1748046875,287.20037841796875,291.55133056640625,291.9985046386719,293.1499938964844,293.1499938964844,278.1499938964844,0.0,18000.0,313.1499938964844,0.0,18000.0,0.0,0.0,0.0,0.0,0.0,0.0,0.0,0.0,0.0,0.0,-0.0,0.0,-8.74776778869785e-21,-4.373883894348925e-21,-4.373883894348925e-21,0.0,0.0,-0.0,0.0,0.0,0.0,-0.0,0.0,0.0,0.0,0.0,0.0,4.0,0.0,0.0
12431880,298.2528076171875,303.1499938964844,285.1499938964844,0.0,-0.0,287.5859069824219,0.0,0.0,9.513692930340768e-05,298.4322509765625,303.1499938964844,285.1499938964844,0.0,-0.0,287.5865783691406,0.0,0.0,0.0001001839264063,298.7620849609375,303.1499938964844,285.1499938964844,0.0,-0.0,287.58648681640625,0.0,0.0,7.39955430617556e-05,298.06329345703125,303.1499938964844,285.1499938964844,0.0,-0.0,287.5868530273437,0.0,0.0,0.0001001836644718,298.2825012207031,303.1499938964844,285.1499938964844,0.0,-0.0,287.5858154296875,0.0,0.0,0.0004752287059091,287.52313232421875,294.1499938964844,288.1499938964844,287.0690612792969,288.9327087402344,288.1496887207031,287.12188720703125,0.0,0.0,0.0,0.0,1.0,1.0,-0.0010137516073882,7.471969709627047e-09,0.0010137441568076,-0.0186270084232091,0.0,0.0,0.0,-0.0085169970989227,60.0,0.7180451154708862,-0.0,-7.006833868672403e-08,0.0,283.1748046875,287.20037841796875,291.55133056640625,291.9985046386719,293.1499938964844,293.1499938964844,278.1499938964844,0.0,18000.0,313.1499938964844,0.0,18000.0,0.0,0.0,0.0,0.0,0.0,0.0,0.0,0.0,0.0,0.0,-0.0,0.0,-8.74776778869785e-21,-4.373883894348925e-21,-4.373883894348925e-21,0.0,0.0,-0.0,0.0,0.0,0.0,-0.0,0.0,0.0,0.0,0.0,0.0,4.0,0.0,0.0
12431940,298.2518920898437,303.1499938964844,285.1499938964844,0.0,-0.0,287.5818786621094,0.0,0.0,9.484252223046497e-05,298.4305725097656,303.1499938964844,285.1499938964844,0.0,-0.0,287.5825500488281,0.0,0.0,9.98738978523761e-05,298.76025390625,303.1499938964844,285.1499938964844,0.0,-0.0,287.5824584960937,0.0,0.0,7.376656139967963e-05,298.0668029785156,303.1499938964844,285.1499938964844,0.0,-0.0,287.58282470703125,0.0,0.0,9.98736431938596e-05,298.2830810546875,303.1499938964844,285.1499938964844,0.0,-0.0,287.581787109375,0.0,0.0,0.0004737580893561,287.5185241699219,294.1499938964844,288.1499938964844,287.0589294433594,288.9187316894531,288.1497802734375,287.1229248046875,0.0,0.0,0.0,0.0,1.0,1.0,-0.001010613515973,7.105029897758186e-09,0.0010106064146384,-0.0176659226417541,0.0,0.0,0.0,-0.0083350883796811,60.0,0.7150009274482727,-0.0,-6.963521315128673e-08,0.0,283.1748046875,287.20037841796875,291.55133056640625,291.9985046386719,293.1499938964844,293.1499938964844,278.1499938964844,0.0,18000.0,313.1499938964844,0.0,18000.0,0.0,0.0,0.0,0.0,0.0,0.0,0.0,0.0,0.0,0.0,-0.0,0.0,-8.74776778869785e-21,-4.373883894348925e-21,-4.373883894348925e-21,0.0,0.0,-0.0,0.0,0.0,0.0,-0.0,0.0,0.0,0.0,0.0,0.0,4.0,0.0,0.0
12432000,298.2518920898437,303.1499938964844,285.1499938964844,0.0,-0.0,287.5818786621094,0.0,0.0,9.484252223046497e-05,298.4305725097656,303.1499938964844,285.1499938964844,0.0,-0.0,287.5825500488281,0.0,0.0,9.98738978523761e-05,298.76025390625,303.1499938964844,285.1499938964844,0.0,-0.0,287.5824584960937,0.0,0.0,7.376656139967963e-05,298.0668029785156,303.1499938964844,285.1499938964844,0.0,-0.0,287.58282470703125,0.0,0.0,9.98736431938596e-05,298.2830810546875,303.1499938964844,285.1499938964844,0.0,-0.0,287.581787109375,0.0,0.0,0.0004737580893561,287.5185241699219,294.1499938964844,288.1499938964844,287.0589294433594,288.9187316894531,288.1497802734375,287.1229248046875,0.0,0.0,0.0,0.0,1.0,1.0,-0.001010613515973,7.105029897758186e-09,0.0010106064146384,-0.0176659226417541,0.0,0.0,0.0,-0.0083350883796811,60.0,0.7150009274482727,-0.0,-6.963521315128673e-08,0.0,283.1748046875,287.20037841796875,291.55133056640625,291.9985046386719,293.1499938964844,293.1499938964844,278.1499938964844,0.0,18000.0,313.1499938964844,0.0,18000.0,0.0,0.0,0.0,0.0,0.0,0.0,0.0,0.0,0.0,0.0,-0.0,0.0,-8.74776778869785e-21,-4.373883894348925e-21,-4.373883894348925e-21,0.0,0.0,-0.0,0.0,0.0,0.0,-0.0,0.0,0.0,0.0,0.0,0.0,4.0,0.0,0.0
12432060,298.2510070800781,303.1499938964844,285.1499938964844,0.0,-0.0,287.5779113769531,0.0,0.0,9.45721403695643e-05,298.428955078125,303.1499938964844,285.1499938964844,0.0,-0.0,287.5785522460937,0.0,0.0,9.958917507901788e-05,298.758544921875,303.1499938964844,285.1499938964844,0.0,-0.0,287.5784606933594,0.0,0.0,7.355626439675689e-05,298.0708923339844,303.1499938964844,285.1499938964844,0.0,-0.0,287.5788269042969,0.0,0.0,9.9588927696459e-05,298.2837829589844,303.1499938964844,285.1499938964844,0.0,-0.0,287.5777893066406,0.0,0.0,0.0004724074969999,287.51397705078125,294.1499938964844,288.1499938964844,287.048828125,288.905029296875,288.1498107910156,287.1239013671875,0.0,0.0,0.0,0.0,1.0,1.0,-0.0010077314218506,6.768030136328207e-09,0.0010077246697619,-0.0167832151055336,0.0,0.0,0.0,-0.0081680230796337,60.0,0.7121566534042358,-0.0,-6.923861661789489e-08,0.0,283.1748046875,287.20037841796875,291.55133056640625,291.9985046386719,293.1499938964844,293.1499938964844,278.1499938964844,0.0,18000.0,313.1499938964844,0.0,18000.0,0.0,0.0,0.0,0.0,0.0,0.0,0.0,0.0,0.0,0.0,-0.0,0.0,-8.74776778869785e-21,-4.373883894348925e-21,-4.373883894348925e-21,0.0,0.0,-0.0,0.0,0.0,0.0,-0.0,0.0,0.0,0.0,0.0,0.0,4.0,0.0,0.0
12432120,298.2510070800781,303.1499938964844,285.1499938964844,0.0,-0.0,287.5779113769531,0.0,0.0,9.45721403695643e-05,298.428955078125,303.1499938964844,285.1499938964844,0.0,-0.0,287.5785522460937,0.0,0.0,9.958917507901788e-05,298.758544921875,303.1499938964844,285.1499938964844,0.0,-0.0,287.5784606933594,0.0,0.0,7.355626439675689e-05,298.0708923339844,303.1499938964844,285.1499938964844,0.0,-0.0,287.5788269042969,0.0,0.0,9.9588927696459e-05,298.2837829589844,303.1499938964844,285.1499938964844,0.0,-0.0,287.5777893066406,0.0,0.0,0.0004724074969999,287.51397705078125,294.1499938964844,288.1499938964844,287.048828125,288.905029296875,288.1498107910156,287.1239013671875,0.0,0.0,0.0,0.0,1.0,1.0,-0.0010077314218506,6.768030136328207e-09,0.0010077246697619,-0.0167832151055336,0.0,0.0,0.0,-0.0081680230796337,60.0,0.7121566534042358,-0.0,-6.923861661789489e-08,0.0,283.1748046875,287.20037841796875,291.55133056640625,291.9985046386719,293.1499938964844,293.1499938964844,278.1499938964844,0.0,18000.0,313.1499938964844,0.0,18000.0,0.0,0.0,0.0,0.0,0.0,0.0,0.0,0.0,0.0,0.0,-0.0,0.0,-8.74776778869785e-21,-4.373883894348925e-21,-4.373883894348925e-21,0.0,0.0,-0.0,0.0,0.0,0.0,-0.0,0.0,0.0,0.0,0.0,0.0,4.0,0.0,0.0
12432180,298.2497863769531,303.1499938964844,285.1499938964844,0.0,-0.0,287.5739440917969,0.0,0.0,9.432769002160056e-05,298.4273681640625,303.1499938964844,285.1499938964844,0.0,-0.0,287.5745849609375,0.0,0.0,9.933175169862808e-05,298.7568664550781,303.1499938964844,285.1499938964844,0.0,-0.0,287.5744934082031,0.0,0.0,7.336612907238305e-05,298.075439453125,303.1499938964844,285.1499938964844,0.0,-0.0,287.5748596191406,0.0,0.0,9.93315043160692e-05,298.2845764160156,303.1499938964844,285.1499938964844,0.0,-0.0,287.5738525390625,0.0,0.0,0.0004711863875854,287.5094909667969,294.1499938964844,288.1499938964844,287.0387268066406,288.8916015625,288.1498718261719,287.1248474121094,0.0,0.0,0.0,0.0,1.0,1.0,-0.0010051254648715,6.463331647665882e-09,0.0010051190620288,-0.0159850791096687,0.0,0.0,0.0,-0.0080169700086116,60.0,0.7095210552215576,-0.0,-6.888100045898683e-08,0.0,283.1748046875,287.20037841796875,291.55133056640625,291.9985046386719,293.1499938964844,293.1499938964844,278.1499938964844,0.0,18000.0,313.1499938964844,0.0,18000.0,0.0,0.0,0.0,0.0,0.0,0.0,0.0,0.0,0.0,0.0,-0.0,0.0,-8.74776778869785e-21,-4.373883894348925e-21,-4.373883894348925e-21,0.0,0.0,-0.0,0.0,0.0,0.0,-0.0,0.0,0.0,0.0,0.0,0.0,4.0,0.0,0.0
12432240,298.2497863769531,303.1499938964844,285.1499938964844,0.0,-0.0,287.5739440917969,0.0,0.0,9.432769002160056e-05,298.4273681640625,303.1499938964844,285.1499938964844,0.0,-0.0,287.5745849609375,0.0,0.0,9.933175169862808e-05,298.7568664550781,303.1499938964844,285.1499938964844,0.0,-0.0,287.5744934082031,0.0,0.0,7.336612907238305e-05,298.075439453125,303.1499938964844,285.1499938964844,0.0,-0.0,287.5748596191406,0.0,0.0,9.93315043160692e-05,298.2845764160156,303.1499938964844,285.1499938964844,0.0,-0.0,287.5738525390625,0.0,0.0,0.0004711863875854,287.5094909667969,294.1499938964844,288.1499938964844,287.0387268066406,288.8916015625,288.1498718261719,287.1248474121094,0.0,0.0,0.0,0.0,1.0,1.0,-0.0010051254648715,6.463331647665882e-09,0.0010051190620288,-0.0159850791096687,0.0,0.0,0.0,-0.0080169700086116,60.0,0.7095210552215576,-0.0,-6.888100045898683e-08,0.0,283.1748046875,287.20037841796875,291.55133056640625,291.9985046386719,293.1499938964844,293.1499938964844,278.1499938964844,0.0,18000.0,313.1499938964844,0.0,18000.0,0.0,0.0,0.0,0.0,0.0,0.0,0.0,0.0,0.0,0.0,-0.0,0.0,-8.74776778869785e-21,-4.373883894348925e-21,-4.373883894348925e-21,0.0,0.0,-0.0,0.0,0.0,0.0,-0.0,0.0,0.0,0.0,0.0,0.0,4.0,0.0,0.0
12432300,298.2490539550781,303.1499938964844,285.1499938964844,0.0,-0.0,287.5719909667969,0.0,0.0,9.421486902283505e-05,298.4266052246094,303.1499938964844,285.1499938964844,0.0,-0.0,287.5726318359375,0.0,0.0,9.921294258674608e-05,298.7560729980469,303.1499938964844,285.1499938964844,0.0,-0.0,287.572509765625,0.0,0.0,7.3278381023556e-05,298.077880859375,303.1499938964844,285.1499938964844,0.0,-0.0,287.5728759765625,0.0,0.0,9.921269520418718e-05,298.28497314453125,303.1499938964844,285.1499938964844,0.0,-0.0,287.5718688964844,0.0,0.0,0.0004706228210125,287.5072631835937,294.1499938964844,288.1499938964844,287.0336608886719,288.8849792480469,288.1498718261719,287.12530517578125,0.0,0.0,0.0,0.0,1.0,1.0,-0.0010039227781817,6.322706358474761e-09,0.0010039164917543,-0.0156167112290859,0.0,0.0,0.0,-0.0079472558572888,60.0,0.708288311958313,-0.0,-6.87162682311282e-08,0.0,283.1748046875,287.20037841796875,291.55133056640625,291.9985046386719,293.1499938964844,293.1499938964844,278.1499938964844,0.0,18000.0,313.1499938964844,0.0,18000.0,0.0,0.0,0.0,0.0,0.0,0.0,0.0,0.0,0.0,0.0,-0.0,0.0,-8.74776778869785e-21,-4.373883894348925e-21,-4.373883894348925e-21,0.0,0.0,-0.0,0.0,0.0,0.0,-0.0,0.0,0.0,0.0,0.0,0.0,4.0,0.0,0.0
12432360,298.248291015625,303.1499938964844,285.1499938964844,0.0,-0.0,287.5700378417969,0.0,0.0,9.410736674908549e-05,298.4258117675781,303.1499938964844,285.1499938964844,0.0,-0.0,287.5706481933594,0.0,0.0,9.9099735962227e-05,298.7552795410156,303.1499938964844,285.1499938964844,0.0,-0.0,287.570556640625,0.0,0.0,7.31947657186538e-05,298.0804138183594,303.1499938964844,285.1499938964844,0.0,-0.0,287.5709228515625,0.0,0.0,9.909949585562572e-05,298.2853698730469,303.1499938964844,285.1499938964844,0.0,-0.0,287.5699157714844,0.0,0.0,0.0004700858262367,287.50506591796875,294.1499938964844,288.1499938964844,287.0285949707031,288.8784484863281,288.14990234375,287.1257629394531,0.0,0.0,0.0,0.0,1.0,1.0,-0.0010027767857536,6.188707324383813e-09,0.0010027706157416,-0.0152656948193907,0.0,0.0,0.0,-0.0078808264806866,60.0,0.7071104049682617,-0.0,-6.855947987105537e-08,0.0,283.1748046875,287.20037841796875,291.55133056640625,291.9985046386719,293.1499938964844,293.1499938964844,278.1499938964844,0.0,18000.0,313.1499938964844,0.0,18000.0,0.0,0.0,0.0,0.0,0.0,0.0,0.0,0.0,0.0,0.0,-0.0,0.0,-8.74776778869785e-21,-4.373883894348925e-21,-4.373883894348925e-21,0.0,0.0,-0.0,0.0,0.0,0.0,-0.0,0.0,0.0,0.0,0.0,0.0,4.0,0.0,0.0
12432420,298.2467956542969,303.1499938964844,285.1499938964844,0.0,-0.0,287.5661315917969,0.0,0.0,9.389819024363533e-05,298.42431640625,303.1499938964844,285.1499938964844,0.0,-0.0,287.5667724609375,0.0,0.0,9.88794636214152e-05,298.75372314453125,303.1499938964844,285.1499938964844,0.0,-0.0,287.5666809082031,0.0,0.0,7.303206803044304e-05,298.08575439453125,303.1499938964844,285.1499938964844,0.0,-0.0,287.5670166015625,0.0,0.0,9.887922351481392e-05,298.28619384765625,303.1499938964844,285.1499938964844,0.0,-0.0,287.5660400390625,0.0,0.0,0.0004690409696195,287.50067138671875,294.1499938964844,288.1499938964844,287.0184631347656,288.8655700683594,288.14990234375,287.12664794921875,0.0,0.0,0.0,0.0,1.0,1.0,-0.0010005469666793,5.9279727793182255e-09,0.0010005410294979,-0.0145826740190386,0.0,0.0,0.0,-0.0077515691518783,60.0,0.7048535943031311,-0.0,-6.825491283279916e-08,0.0,283.1748046875,287.20037841796875,291.55133056640625,291.9985046386719,293.1499938964844,293.1499938964844,278.1499938964844,0.0,18000.0,313.1499938964844,0.0,18000.0,0.0,0.0,0.0,0.0,0.0,0.0,0.0,0.0,0.0,0.0,-0.0,0.0,-8.74776778869785e-21,-4.373883894348925e-21,-4.373883894348925e-21,0.0,0.0,-0.0,0.0,0.0,0.0,-0.0,0.0,0.0,0.0,0.0,0.0,4.0,0.0,0.0
12432480,298.2467956542969,303.1499938964844,285.1499938964844,0.0,-0.0,287.5661315917969,0.0,0.0,9.389819024363533e-05,298.42431640625,303.1499938964844,285.1499938964844,0.0,-0.0,287.5667724609375,0.0,0.0,9.88794636214152e-05,298.75372314453125,303.1499938964844,285.1499938964844,0.0,-0.0,287.5666809082031,0.0,0.0,7.303206803044304e-05,298.08575439453125,303.1499938964844,285.1499938964844,0.0,-0.0,287.5670166015625,0.0,0.0,9.887922351481392e-05,298.28619384765625,303.1499938964844,285.1499938964844,0.0,-0.0,287.5660400390625,0.0,0.0,0.0004690409696195,287.50067138671875,294.1499938964844,288.1499938964844,287.0184631347656,288.8655700683594,288.14990234375,287.12664794921875,0.0,0.0,0.0,0.0,1.0,1.0,-0.0010005469666793,5.9279727793182255e-09,0.0010005410294979,-0.0145826740190386,0.0,0.0,0.0,-0.0077515691518783,60.0,0.7048535943031311,-0.0,-6.825491283279916e-08,0.0,283.1748046875,287.20037841796875,291.55133056640625,291.9985046386719,293.1499938964844,293.1499938964844,278.1499938964844,0.0,18000.0,313.1499938964844,0.0,18000.0,0.0,0.0,0.0,0.0,0.0,0.0,0.0,0.0,0.0,0.0,-0.0,0.0,-8.74776778869785e-21,-4.373883894348925e-21,-4.373883894348925e-21,0.0,0.0,-0.0,0.0,0.0,0.0,-0.0,0.0,0.0,0.0,0.0,0.0,4.0,0.0,0.0
12432540,298.2453918457031,303.1499938964844,285.1499938964844,0.0,-0.0,287.5622863769531,0.0,0.0,9.368742757942528e-05,298.4227905273437,303.1499938964844,285.1499938964844,0.0,-0.0,287.5628967285156,0.0,0.0,9.865751781035216e-05,298.752197265625,303.1499938964844,285.1499938964844,0.0,-0.0,287.56280517578125,0.0,0.0,7.286814070539549e-05,298.0913391113281,303.1499938964844,285.1499938964844,0.0,-0.0,287.5631408691406,0.0,0.0,9.865727770375088e-05,298.2870483398437,303.1499938964844,285.1499938964844,0.0,-0.0,287.56219482421875,0.0,0.0,0.0004679881385527,287.496337890625,294.1499938964844,288.1499938964844,287.0083312988281,288.8529357910156,288.1499328613281,287.1275329589844,0.0,0.0,0.0,0.0,1.0,1.0,-0.0009983002673834,5.665263369536433e-09,0.000998294679448,-0.0138944592326879,0.0,0.0,0.0,-0.0076213330030441,60.0,0.7026612162590027,-0.0,-6.794872575710542e-08,0.0,283.1748046875,287.20037841796875,291.55133056640625,291.9985046386719,293.1499938964844,293.1499938964844,278.1499938964844,0.0,18000.0,313.1499938964844,0.0,18000.0,0.0,0.0,0.0,0.0,0.0,0.0,0.0,0.0,0.0,0.0,-0.0,0.0,-8.74776778869785e-21,-4.373883894348925e-21,-4.373883894348925e-21,0.0,0.0,-0.0,0.0,0.0,0.0,-0.0,0.0,0.0,0.0,0.0,0.0,4.0,0.0,0.0
12432600,298.2453918457031,303.1499938964844,285.1499938964844,0.0,-0.0,287.5622863769531,0.0,0.0,9.368742757942528e-05,298.4227905273437,303.1499938964844,285.1499938964844,0.0,-0.0,287.5628967285156,0.0,0.0,9.865751781035216e-05,298.752197265625,303.1499938964844,285.1499938964844,0.0,-0.0,287.56280517578125,0.0,0.0,7.286814070539549e-05,298.0913391113281,303.1499938964844,285.1499938964844,0.0,-0.0,287.5631408691406,0.0,0.0,9.865727770375088e-05,298.2870483398437,303.1499938964844,285.1499938964844,0.0,-0.0,287.56219482421875,0.0,0.0,0.0004679881385527,287.496337890625,294.1499938964844,288.1499938964844,287.0083312988281,288.8529357910156,288.1499328613281,287.1275329589844,0.0,0.0,0.0,0.0,1.0,1.0,-0.0009983002673834,5.665263369536433e-09,0.000998294679448,-0.0138944592326879,0.0,0.0,0.0,-0.0076213330030441,60.0,0.7026612162590027,-0.0,-6.794872575710542e-08,0.0,283.1748046875,287.20037841796875,291.55133056640625,291.9985046386719,293.1499938964844,293.1499938964844,278.1499938964844,0.0,18000.0,313.1499938964844,0.0,18000.0,0.0,0.0,0.0,0.0,0.0,0.0,0.0,0.0,0.0,0.0,-0.0,0.0,-8.74776778869785e-21,-4.373883894348925e-21,-4.373883894348925e-21,0.0,0.0,-0.0,0.0,0.0,0.0,-0.0,0.0,0.0,0.0,0.0,0.0,4.0,0.0,0.0
12432660,298.24420166015625,303.1499938964844,285.1499938964844,0.0,-0.0,287.5584716796875,0.0,0.0,9.34682902880013e-05,298.4213256835937,303.1499938964844,285.1499938964844,0.0,-0.0,287.55908203125,0.0,0.0,9.842676081461832e-05,298.7507019042969,303.1499938964844,285.1499938964844,0.0,-0.0,287.5589904785156,0.0,0.0,7.269770139828324e-05,298.0971069335937,303.1499938964844,285.1499938964844,0.0,-0.0,287.559326171875,0.0,0.0,9.842652798397468e-05,298.2879638671875,303.1499938964844,285.1499938964844,0.0,-0.0,287.5583801269531,0.0,0.0,0.0004668935434892,287.4920654296875,294.1499938964844,288.1499938964844,286.9981994628906,288.840576171875,288.1499328613281,287.1283569335937,0.0,0.0,0.0,0.0,1.0,1.0,-0.0009959645103663,5.39213118599946e-09,0.0009959591552615,-0.0131789185106754,0.0,0.0,0.0,-0.0074859294109046,60.0,0.7004585266113281,-0.0,-6.763112025964801e-08,0.0,283.1748046875,287.20037841796875,291.55133056640625,291.9985046386719,293.1499938964844,293.1499938964844,278.1499938964844,0.0,18000.0,313.1499938964844,0.0,18000.0,0.0,0.0,0.0,0.0,0.0,0.0,0.0,0.0,0.0,0.0,-0.0,0.0,-8.74776778869785e-21,-4.373883894348925e-21,-4.373883894348925e-21,0.0,0.0,-0.0,0.0,0.0,0.0,-0.0,0.0,0.0,0.0,0.0,0.0,4.0,0.0,0.0
12432720,298.24420166015625,303.1499938964844,285.1499938964844,0.0,-0.0,287.5584716796875,0.0,0.0,9.34682902880013e-05,298.4213256835937,303.1499938964844,285.1499938964844,0.0,-0.0,287.55908203125,0.0,0.0,9.842676081461832e-05,298.7507019042969,303.1499938964844,285.1499938964844,0.0,-0.0,287.5589904785156,0.0,0.0,7.269770139828324e-05,298.0971069335937,303.1499938964844,285.1499938964844,0.0,-0.0,287.559326171875,0.0,0.0,9.842652798397468e-05,298.2879638671875,303.1499938964844,285.1499938964844,0.0,-0.0,287.5583801269531,0.0,0.0,0.0004668935434892,287.4920654296875,294.1499938964844,288.1499938964844,286.9981994628906,288.840576171875,288.1499328613281,287.1283569335937,0.0,0.0,0.0,0.0,1.0,1.0,-0.0009959645103663,5.39213118599946e-09,0.0009959591552615,-0.0131789185106754,0.0,0.0,0.0,-0.0074859294109046,60.0,0.7004585266113281,-0.0,-6.763112025964801e-08,0.0,283.1748046875,287.20037841796875,291.55133056640625,291.9985046386719,293.1499938964844,293.1499938964844,278.1499938964844,0.0,18000.0,313.1499938964844,0.0,18000.0,0.0,0.0,0.0,0.0,0.0,0.0,0.0,0.0,0.0,0.0,-0.0,0.0,-8.74776778869785e-21,-4.373883894348925e-21,-4.373883894348925e-21,0.0,0.0,-0.0,0.0,0.0,0.0,-0.0,0.0,0.0,0.0,0.0,0.0,4.0,0.0,0.0
12432780,298.2431640625,303.1499938964844,285.1499938964844,0.0,-0.0,287.5546875,0.0,0.0,9.32407783693634e-05,298.4198608398437,303.1499938964844,285.1499938964844,0.0,-0.0,287.5552673339844,0.0,0.0,9.818717080634087e-05,298.7492370605469,303.1499938964844,285.1499938964844,0.0,-0.0,287.55517578125,0.0,0.0,7.25207501091063e-05,298.1029052734375,303.1499938964844,285.1499938964844,0.0,-0.0,287.5555114746094,0.0,0.0,9.818694525165483e-05,298.2889404296875,303.1499938964844,285.1499938964844,0.0,-0.0,287.5545654296875,0.0,0.0,0.0004657570680137,287.4878234863281,294.1499938964844,288.1499938964844,286.9880676269531,288.82843017578125,288.14996337890625,287.1291809082031,0.0,0.0,0.0,0.0,1.0,1.0,-0.000993539346382,5.108558021049703e-09,0.0009935342241078,-0.0124360052868723,0.0,0.0,0.0,-0.0073453499935567,60.0,0.6982204914093018,-0.0,-6.730216028927316e-08,0.0,283.1748046875,287.20037841796875,291.55133056640625,291.9985046386719,293.1499938964844,293.1499938964844,278.1499938964844,0.0,18000.0,313.1499938964844,0.0,18000.0,0.0,0.0,0.0,0.0,0.0,0.0,0.0,0.0,0.0,0.0,-0.0,0.0,-8.74776778869785e-21,-4.373883894348925e-21,-4.373883894348925e-21,0.0,0.0,-0.0,0.0,0.0,0.0,-0.0,0.0,0.0,0.0,0.0,0.0,4.0,0.0,0.0
12432840,298.2431640625,303.1499938964844,285.1499938964844,0.0,-0.0,287.5546875,0.0,0.0,9.32407783693634e-05,298.4198608398437,303.1499938964844,285.1499938964844,0.0,-0.0,287.5552673339844,0.0,0.0,9.818717080634087e-05,298.7492370605469,303.1499938964844,285.1499938964844,0.0,-0.0,287.55517578125,0.0,0.0,7.25207501091063e-05,298.1029052734375,303.1499938964844,285.1499938964844,0.0,-0.0,287.5555114746094,0.0,0.0,9.818694525165483e-05,298.2889404296875,303.1499938964844,285.1499938964844,0.0,-0.0,287.5545654296875,0.0,0.0,0.0004657570680137,287.4878234863281,294.1499938964844,288.1499938964844,286.9880676269531,288.82843017578125,288.14996337890625,287.1291809082031,0.0,0.0,0.0,0.0,1.0,1.0,-0.000993539346382,5.108558021049703e-09,0.0009935342241078,-0.0124360052868723,0.0,0.0,0.0,-0.0073453499935567,60.0,0.6982204914093018,-0.0,-6.730216028927316e-08,0.0,283.1748046875,287.20037841796875,291.55133056640625,291.9985046386719,293.1499938964844,293.1499938964844,278.1499938964844,0.0,18000.0,313.1499938964844,0.0,18000.0,0.0,0.0,0.0,0.0,0.0,0.0,0.0,0.0,0.0,0.0,-0.0,0.0,-8.74776778869785e-21,-4.373883894348925e-21,-4.373883894348925e-21,0.0,0.0,-0.0,0.0,0.0,0.0,-0.0,0.0,0.0,0.0,0.0,0.0,4.0,0.0,0.0
12432900,298.24273681640625,303.1499938964844,285.1499938964844,0.0,-0.0,287.55279541015625,0.0,0.0,9.312435577157883e-05,298.41912841796875,303.1499938964844,285.1499938964844,0.0,-0.0,287.55340576171875,0.0,0.0,9.806457092054188e-05,298.74853515625,303.1499938964844,285.1499938964844,0.0,-0.0,287.5533142089844,0.0,0.0,7.243019354064018e-05,298.1058349609375,303.1499938964844,285.1499938964844,0.0,-0.0,287.5536193847656,0.0,0.0,9.806434536585584e-05,298.2894592285156,303.1499938964844,285.1499938964844,0.0,-0.0,287.5527038574219,0.0,0.0,0.0004651755152735,287.4857482910156,294.1499938964844,288.1499938964844,286.9830017089844,288.82244873046875,288.14996337890625,287.12957763671875,0.0,0.0,0.0,0.0,1.0,1.0,-0.0009922983590513,4.963449207195936e-09,0.0009922934696078,-0.0120558366179466,0.0,0.0,0.0,-0.0072734132409095,60.0,0.6970860958099365,-0.0,-6.713413824854797e-08,0.0,283.1748046875,287.20037841796875,291.55133056640625,291.9985046386719,293.1499938964844,293.1499938964844,278.1499938964844,0.0,18000.0,313.1499938964844,0.0,18000.0,0.0,0.0,0.0,0.0,0.0,0.0,0.0,0.0,0.0,0.0,-0.0,0.0,-8.74776778869785e-21,-4.373883894348925e-21,-4.373883894348925e-21,0.0,0.0,-0.0,0.0,0.0,0.0,-0.0,0.0,0.0,0.0,0.0,0.0,4.0,0.0,0.0
12432960,298.2423400878906,303.1499938964844,285.1499938964844,0.0,-0.0,287.5509338378906,0.0,0.0,9.30068563320674e-05,298.4184265136719,303.1499938964844,285.1499938964844,0.0,-0.0,287.551513671875,0.0,0.0,9.794083598535508e-05,298.7478332519531,303.1499938964844,285.1499938964844,0.0,-0.0,287.5514221191406,0.0,0.0,7.233880023704842e-05,298.10870361328125,303.1499938964844,285.1499938964844,0.0,-0.0,287.5517578125,0.0,0.0,9.794061043066904e-05,298.2899780273437,303.1499938964844,285.1499938964844,0.0,-0.0,287.55084228515625,0.0,0.0,0.0004645885492209,287.4836730957031,294.1499938964844,288.1499938964844,286.9779357910156,288.8165588378906,288.14996337890625,287.12994384765625,0.0,0.0,0.0,0.0,1.0,1.0,-0.0009910458466038,4.816995247125533e-09,0.0009910410735756,-0.0116721391677856,0.0,0.0,0.0,-0.0072008096612989,60.0,0.6959447264671326,-0.0,-6.696477328205219e-08,0.0,283.1748046875,287.20037841796875,291.55133056640625,291.9985046386719,293.1499938964844,293.1499938964844,278.1499938964844,0.0,18000.0,313.1499938964844,0.0,18000.0,0.0,0.0,0.0,0.0,0.0,0.0,0.0,0.0,0.0,0.0,-0.0,0.0,-8.74776778869785e-21,-4.373883894348925e-21,-4.373883894348925e-21,0.0,0.0,-0.0,0.0,0.0,0.0,-0.0,0.0,0.0,0.0,0.0,0.0,4.0,0.0,0.0
12433020,298.24169921875,303.1499938964844,285.1499938964844,0.0,-0.0,287.5472106933594,0.0,0.0,9.277140634367242e-05,298.4169921875,303.1499938964844,285.1499938964844,0.0,-0.0,287.5477905273437,0.0,0.0,9.769290045369416e-05,298.7464904785156,303.1499938964844,285.1499938964844,0.0,-0.0,287.5476989746094,0.0,0.0,7.215567165985703e-05,298.1143798828125,303.1499938964844,285.1499938964844,0.0,-0.0,287.54803466796875,0.0,0.0,9.769267489900813e-05,298.29107666015625,303.1499938964844,285.1499938964844,0.0,-0.0,287.547119140625,0.0,0.0,0.0004634124343283,287.47955322265625,294.1499938964844,288.1499938964844,286.9678039550781,288.8049011230469,288.14996337890625,287.1307373046875,0.0,0.0,0.0,0.0,1.0,1.0,-0.0009885362815111,4.5235437617918706e-09,0.0009885317413136,-0.0109033044427633,0.0,0.0,0.0,-0.0070553328841924,60.0,0.6936581134796143,-0.0,-6.662604334906065e-08,0.0,283.1748046875,287.20037841796875,291.55133056640625,291.9985046386719,293.1499938964844,293.1499938964844,278.1499938964844,0.0,18000.0,313.1499938964844,0.0,18000.0,0.0,0.0,0.0,0.0,0.0,0.0,0.0,0.0,0.0,0.0,-0.0,0.0,-8.74776778869785e-21,-4.373883894348925e-21,-4.373883894348925e-21,0.0,0.0,-0.0,0.0,0.0,0.0,-0.0,0.0,0.0,0.0,0.0,0.0,4.0,0.0,0.0
12433080,298.24169921875,303.1499938964844,285.1499938964844,0.0,-0.0,287.5472106933594,0.0,0.0,9.277140634367242e-05,298.4169921875,303.1499938964844,285.1499938964844,0.0,-0.0,287.5477905273437,0.0,0.0,9.769290045369416e-05,298.7464904785156,303.1499938964844,285.1499938964844,0.0,-0.0,287.5476989746094,0.0,0.0,7.215567165985703e-05,298.1143798828125,303.1499938964844,285.1499938964844,0.0,-0.0,287.54803466796875,0.0,0.0,9.769267489900813e-05,298.29107666015625,303.1499938964844,285.1499938964844,0.0,-0.0,287.547119140625,0.0,0.0,0.0004634124343283,287.47955322265625,294.1499938964844,288.1499938964844,286.9678039550781,288.8049011230469,288.14996337890625,287.1307373046875,0.0,0.0,0.0,0.0,1.0,1.0,-0.0009885362815111,4.5235437617918706e-09,0.0009885317413136,-0.0109033044427633,0.0,0.0,0.0,-0.0070553328841924,60.0,0.6936581134796143,-0.0,-6.662604334906065e-08,0.0,283.1748046875,287.20037841796875,291.55133056640625,291.9985046386719,293.1499938964844,293.1499938964844,278.1499938964844,0.0,18000.0,313.1499938964844,0.0,18000.0,0.0,0.0,0.0,0.0,0.0,0.0,0.0,0.0,0.0,0.0,-0.0,0.0,-8.74776778869785e-21,-4.373883894348925e-21,-4.373883894348925e-21,0.0,0.0,-0.0,0.0,0.0,0.0,-0.0,0.0,0.0,0.0,0.0,0.0,4.0,0.0,0.0
12433140,298.2412109375,303.1499938964844,285.1499938964844,0.0,-0.0,287.54351806640625,0.0,0.0,9.253956523025408e-05,298.41558837890625,303.1499938964844,285.1499938964844,0.0,-0.0,287.5440979003906,0.0,0.0,9.744875569595024e-05,298.74517822265625,303.1499938964844,285.1499938964844,0.0,-0.0,287.54400634765625,0.0,0.0,7.197535160230473e-05,298.119873046875,303.1499938964844,285.1499938964844,0.0,-0.0,287.5443420410156,0.0,0.0,9.74485374172218e-05,298.2922058105469,303.1499938964844,285.1499938964844,0.0,-0.0,287.5434265136719,0.0,0.0,0.0004622543638106,287.4754943847656,294.1499938964844,288.1499938964844,286.9576416015625,288.7934875488281,288.14996337890625,287.1314697265625,0.0,0.0,0.0,0.0,1.0,1.0,-0.0009860650170594,4.234586459261891e-09,0.0009860608261078,-0.0101462258026003,0.0,0.0,0.0,-0.0069120838306844,60.0,0.6913919448852539,-0.0,-6.62933459238957e-08,0.0,283.1748046875,287.20037841796875,291.55133056640625,291.9985046386719,293.1499938964844,293.1499938964844,278.1499938964844,0.0,18000.0,313.1499938964844,0.0,18000.0,0.0,0.0,0.0,0.0,0.0,0.0,0.0,0.0,0.0,0.0,-0.0,0.0,-8.74776778869785e-21,-4.373883894348925e-21,-4.373883894348925e-21,0.0,0.0,-0.0,0.0,0.0,0.0,-0.0,0.0,0.0,0.0,0.0,0.0,4.0,0.0,0.0
12433200,298.2412109375,303.1499938964844,285.1499938964844,0.0,-0.0,287.54351806640625,0.0,0.0,9.253956523025408e-05,298.41558837890625,303.1499938964844,285.1499938964844,0.0,-0.0,287.5440979003906,0.0,0.0,9.744875569595024e-05,298.74517822265625,303.1499938964844,285.1499938964844,0.0,-0.0,287.54400634765625,0.0,0.0,7.197535160230473e-05,298.119873046875,303.1499938964844,285.1499938964844,0.0,-0.0,287.5443420410156,0.0,0.0,9.74485374172218e-05,298.2922058105469,303.1499938964844,285.1499938964844,0.0,-0.0,287.5434265136719,0.0,0.0,0.0004622543638106,287.4754943847656,294.1499938964844,288.1499938964844,286.9576416015625,288.7934875488281,288.14996337890625,287.1314697265625,0.0,0.0,0.0,0.0,1.0,1.0,-0.0009860650170594,4.234586459261891e-09,0.0009860608261078,-0.0101462258026003,0.0,0.0,0.0,-0.0069120838306844,60.0,0.6913919448852539,-0.0,-6.62933459238957e-08,0.0,283.1748046875,287.20037841796875,291.55133056640625,291.9985046386719,293.1499938964844,293.1499938964844,278.1499938964844,0.0,18000.0,313.1499938964844,0.0,18000.0,0.0,0.0,0.0,0.0,0.0,0.0,0.0,0.0,0.0,0.0,-0.0,0.0,-8.74776778869785e-21,-4.373883894348925e-21,-4.373883894348925e-21,0.0,0.0,-0.0,0.0,0.0,0.0,-0.0,0.0,0.0,0.0,0.0,0.0,4.0,0.0,0.0
12433260,298.2408752441406,303.1499938964844,285.1499938964844,0.0,-0.0,287.53985595703125,0.0,0.0,9.231725562131032e-05,298.4141845703125,303.1499938964844,285.1499938964844,0.0,-0.0,287.5404357910156,0.0,0.0,9.721465175971387e-05,298.7438659667969,303.1499938964844,285.1499938964844,0.0,-0.0,287.54034423828125,0.0,0.0,7.180243846960366e-05,298.12506103515625,303.1499938964844,285.1499938964844,0.0,-0.0,287.5406799316406,0.0,0.0,9.721443348098546e-05,298.2933349609375,303.1499938964844,285.1499938964844,0.0,-0.0,287.5397644042969,0.0,0.0,0.0004611438489519,287.4714660644531,294.1499938964844,288.1499938964844,286.947509765625,288.7823181152344,288.14996337890625,287.1322021484375,0.0,0.0,0.0,0.0,1.0,1.0,-0.0009836952667683,3.9575054344709315e-09,0.0009836913086473,-0.0094202468171715,0.0,0.0,0.0,-0.0067747221328318,60.0,0.689186692237854,-0.0,-6.597510804340345e-08,0.0,283.1748046875,287.20037841796875,291.55133056640625,291.9985046386719,293.1499938964844,293.1499938964844,278.1499938964844,0.0,18000.0,313.1499938964844,0.0,18000.0,0.0,0.0,0.0,0.0,0.0,0.0,0.0,0.0,0.0,0.0,-0.0,0.0,-8.74776778869785e-21,-4.373883894348925e-21,-4.373883894348925e-21,0.0,0.0,-0.0,0.0,0.0,0.0,-0.0,0.0,0.0,0.0,0.0,0.0,4.0,0.0,0.0
12433320,298.2408752441406,303.1499938964844,285.1499938964844,0.0,-0.0,287.53985595703125,0.0,0.0,9.231725562131032e-05,298.4141845703125,303.1499938964844,285.1499938964844,0.0,-0.0,287.5404357910156,0.0,0.0,9.721465175971387e-05,298.7438659667969,303.1499938964844,285.1499938964844,0.0,-0.0,287.54034423828125,0.0,0.0,7.180243846960366e-05,298.12506103515625,303.1499938964844,285.1499938964844,0.0,-0.0,287.5406799316406,0.0,0.0,9.721443348098546e-05,298.2933349609375,303.1499938964844,285.1499938964844,0.0,-0.0,287.5397644042969,0.0,0.0,0.0004611438489519,287.4714660644531,294.1499938964844,288.1499938964844,286.947509765625,288.7823181152344,288.14996337890625,287.1322021484375,0.0,0.0,0.0,0.0,1.0,1.0,-0.0009836952667683,3.9575054344709315e-09,0.0009836913086473,-0.0094202468171715,0.0,0.0,0.0,-0.0067747221328318,60.0,0.689186692237854,-0.0,-6.597510804340345e-08,0.0,283.1748046875,287.20037841796875,291.55133056640625,291.9985046386719,293.1499938964844,293.1499938964844,278.1499938964844,0.0,18000.0,313.1499938964844,0.0,18000.0,0.0,0.0,0.0,0.0,0.0,0.0,0.0,0.0,0.0,0.0,-0.0,0.0,-8.74776778869785e-21,-4.373883894348925e-21,-4.373883894348925e-21,0.0,0.0,-0.0,0.0,0.0,0.0,-0.0,0.0,0.0,0.0,0.0,0.0,4.0,0.0,0.0
12433380,298.2406005859375,303.1499938964844,285.1499938964844,0.0,-0.0,287.5362548828125,0.0,0.0,9.210950520355254e-05,298.41278076171875,303.1499938964844,285.1499938964844,0.0,-0.0,287.53680419921875,0.0,0.0,9.6995870990213e-05,298.7426147460937,303.1499938964844,285.1499938964844,0.0,-0.0,287.5367431640625,0.0,0.0,7.164085400290787e-05,298.1298522949219,303.1499938964844,285.1499938964844,0.0,-0.0,287.5370483398437,0.0,0.0,9.69956599874422e-05,298.2944641113281,303.1499938964844,285.1499938964844,0.0,-0.0,287.5361633300781,0.0,0.0,0.0004601060936693,287.4674987792969,294.1499938964844,288.1499938964844,286.9373474121094,288.7713623046875,288.1499938964844,287.1329040527344,0.0,0.0,0.0,0.0,1.0,1.0,-0.0009814806981012,3.6985647877685324e-09,0.0009814770892262,-0.0087417848408222,0.0,0.0,0.0,-0.0066463537514209,60.0,0.6870880126953125,-0.0,-6.567839250237739e-08,0.0,283.1748046875,287.20037841796875,291.55133056640625,291.9985046386719,293.1499938964844,293.1499938964844,278.1499938964844,0.0,18000.0,313.1499938964844,0.0,18000.0,0.0,0.0,0.0,0.0,0.0,0.0,0.0,0.0,0.0,0.0,-0.0,0.0,-8.74776778869785e-21,-4.373883894348925e-21,-4.373883894348925e-21,0.0,0.0,-0.0,0.0,0.0,0.0,-0.0,0.0,0.0,0.0,0.0,0.0,4.0,0.0,0.0
12433440,298.2406005859375,303.1499938964844,285.1499938964844,0.0,-0.0,287.5362548828125,0.0,0.0,9.210950520355254e-05,298.41278076171875,303.1499938964844,285.1499938964844,0.0,-0.0,287.53680419921875,0.0,0.0,9.6995870990213e-05,298.7426147460937,303.1499938964844,285.1499938964844,0.0,-0.0,287.5367431640625,0.0,0.0,7.164085400290787e-05,298.1298522949219,303.1499938964844,285.1499938964844,0.0,-0.0,287.5370483398437,0.0,0.0,9.69956599874422e-05,298.2944641113281,303.1499938964844,285.1499938964844,0.0,-0.0,287.5361633300781,0.0,0.0,0.0004601060936693,287.4674987792969,294.1499938964844,288.1499938964844,286.9373474121094,288.7713623046875,288.1499938964844,287.1329040527344,0.0,0.0,0.0,0.0,1.0,1.0,-0.0009814806981012,3.6985647877685324e-09,0.0009814770892262,-0.0087417848408222,0.0,0.0,0.0,-0.0066463537514209,60.0,0.6870880126953125,-0.0,-6.567839250237739e-08,0.0,283.1748046875,287.20037841796875,291.55133056640625,291.9985046386719,293.1499938964844,293.1499938964844,278.1499938964844,0.0,18000.0,313.1499938964844,0.0,18000.0,0.0,0.0,0.0,0.0,0.0,0.0,0.0,0.0,0.0,0.0,-0.0,0.0,-8.74776778869785e-21,-4.373883894348925e-21,-4.373883894348925e-21,0.0,0.0,-0.0,0.0,0.0,0.0,-0.0,0.0,0.0,0.0,0.0,0.0,4.0,0.0,0.0
12433500,298.240478515625,303.1499938964844,285.1499938964844,0.0,-0.0,287.5344543457031,0.0,0.0,9.20123784453608e-05,298.4120788574219,303.1499938964844,285.1499938964844,0.0,-0.0,287.5350341796875,0.0,0.0,9.689360012998804e-05,298.7419738769531,303.1499938964844,285.1499938964844,0.0,-0.0,287.5349426269531,0.0,0.0,7.156531501095742e-05,298.132080078125,303.1499938964844,285.1499938964844,0.0,-0.0,287.5352478027344,0.0,0.0,9.689338912721725e-05,298.2950134277344,303.1499938964844,285.1499938964844,0.0,-0.0,287.53436279296875,0.0,0.0,0.0004596209328155,287.4655456542969,294.1499938964844,288.1499938964844,286.9322814941406,288.7659606933594,288.1499938964844,287.1332702636719,0.0,0.0,0.0,0.0,1.0,1.0,-0.0009804454166442,3.577511620278528e-09,0.0009804418077692,-0.0084246033802628,0.0,0.0,0.0,-0.0065863421186804,60.0,0.6860865950584412,-0.0,-6.553990772317776e-08,0.0,283.1748046875,287.20037841796875,291.55133056640625,291.9985046386719,293.1499938964844,293.1499938964844,278.1499938964844,0.0,18000.0,313.1499938964844,0.0,18000.0,0.0,0.0,0.0,0.0,0.0,0.0,0.0,0.0,0.0,0.0,-0.0,0.0,-8.74776778869785e-21,-4.373883894348925e-21,-4.373883894348925e-21,0.0,0.0,-0.0,0.0,0.0,0.0,-0.0,0.0,0.0,0.0,0.0,0.0,4.0,0.0,0.0
12433560,298.2403564453125,303.1499938964844,285.1499938964844,0.0,-0.0,287.5326538085937,0.0,0.0,9.192008292302488e-05,298.411376953125,303.1499938964844,285.1499938964844,0.0,-0.0,287.5332336425781,0.0,0.0,9.679640061222015e-05,298.7413330078125,303.1499938964844,285.1499938964844,0.0,-0.0,287.5331420898437,0.0,0.0,7.149352313717827e-05,298.1341857910156,303.1499938964844,285.1499938964844,0.0,-0.0,287.533447265625,0.0,0.0,9.679618960944936e-05,298.2955322265625,303.1499938964844,285.1499938964844,0.0,-0.0,287.5325927734375,0.0,0.0,0.0004591598990373,287.4635925292969,294.1499938964844,288.1499938964844,286.9271850585937,288.7606201171875,288.1499938964844,287.13360595703125,0.0,0.0,0.0,0.0,1.0,1.0,-0.0009794614743441,3.462466535708586e-09,0.0009794580982998,-0.008123162202537,0.0,0.0,0.0,-0.0065293088555336,60.0,0.685120701789856,-0.0,-6.540843600078007e-08,0.0,283.1748046875,287.20037841796875,291.55133056640625,291.9985046386719,293.1499938964844,293.1499938964844,278.1499938964844,0.0,18000.0,313.1499938964844,0.0,18000.0,0.0,0.0,0.0,0.0,0.0,0.0,0.0,0.0,0.0,0.0,-0.0,0.0,-8.74776778869785e-21,-4.373883894348925e-21,-4.373883894348925e-21,0.0,0.0,-0.0,0.0,0.0,0.0,-0.0,0.0,0.0,0.0,0.0,0.0,4.0,0.0,0.0
12433620,298.2401428222656,303.1499938964844,285.1499938964844,0.0,-0.0,287.52911376953125,0.0,0.0,9.175180457532406e-05,298.40997314453125,303.1499938964844,285.1499938964844,0.0,-0.0,287.5296630859375,0.0,0.0,9.661919466452672e-05,298.74005126953125,303.1499938964844,285.1499938964844,0.0,-0.0,287.5295715332031,0.0,0.0,7.136264321161434e-05,298.1380615234375,303.1499938964844,285.1499938964844,0.0,-0.0,287.5298767089844,0.0,0.0,9.661899093771352e-05,298.2965087890625,303.1499938964844,285.1499938964844,0.0,-0.0,287.5290222167969,0.0,0.0,0.000458319322206,287.459716796875,294.1499938964844,288.1499938964844,286.9170227050781,288.75006103515625,288.1499938964844,287.1343078613281,0.0,0.0,0.0,0.0,1.0,1.0,-0.0009776676306501,3.2527176507812783e-09,0.000977664371021,-0.0075735729187726,0.0,0.0,0.0,-0.0064253266900777,60.0,0.6833081841468811,-0.0,-6.51690683639572e-08,0.0,283.1748046875,287.20037841796875,291.55133056640625,291.9985046386719,293.1499938964844,293.1499938964844,278.1499938964844,0.0,18000.0,313.1499938964844,0.0,18000.0,0.0,0.0,0.0,0.0,0.0,0.0,0.0,0.0,0.0,0.0,-0.0,0.0,-8.74776778869785e-21,-4.373883894348925e-21,-4.373883894348925e-21,0.0,0.0,-0.0,0.0,0.0,0.0,-0.0,0.0,0.0,0.0,0.0,0.0,4.0,0.0,0.0
12433680,298.2401428222656,303.1499938964844,285.1499938964844,0.0,-0.0,287.52911376953125,0.0,0.0,9.175180457532406e-05,298.40997314453125,303.1499938964844,285.1499938964844,0.0,-0.0,287.5296630859375,0.0,0.0,9.661919466452672e-05,298.74005126953125,303.1499938964844,285.1499938964844,0.0,-0.0,287.5295715332031,0.0,0.0,7.136264321161434e-05,298.1380615234375,303.1499938964844,285.1499938964844,0.0,-0.0,287.5298767089844,0.0,0.0,9.661899093771352e-05,298.2965087890625,303.1499938964844,285.1499938964844,0.0,-0.0,287.5290222167969,0.0,0.0,0.000458319322206,287.459716796875,294.1499938964844,288.1499938964844,286.9170227050781,288.75006103515625,288.1499938964844,287.1343078613281,0.0,0.0,0.0,0.0,1.0,1.0,-0.0009776676306501,3.2527176507812783e-09,0.000977664371021,-0.0075735729187726,0.0,0.0,0.0,-0.0064253266900777,60.0,0.6833081841468811,-0.0,-6.51690683639572e-08,0.0,283.1748046875,287.20037841796875,291.55133056640625,291.9985046386719,293.1499938964844,293.1499938964844,278.1499938964844,0.0,18000.0,313.1499938964844,0.0,18000.0,0.0,0.0,0.0,0.0,0.0,0.0,0.0,0.0,0.0,0.0,-0.0,0.0,-8.74776778869785e-21,-4.373883894348925e-21,-4.373883894348925e-21,0.0,0.0,-0.0,0.0,0.0,0.0,-0.0,0.0,0.0,0.0,0.0,0.0,4.0,0.0,0.0
12433740,298.2398986816406,303.1499938964844,285.1499938964844,0.0,-0.0,287.5256042480469,0.0,0.0,9.16071076062508e-05,298.40850830078125,303.1499938964844,285.1499938964844,0.0,-0.0,287.5261535644531,0.0,0.0,9.64668215601705e-05,298.7387084960937,303.1499938964844,285.1499938964844,0.0,-0.0,287.52606201171875,0.0,0.0,7.125009869923815e-05,298.1413879394531,303.1499938964844,285.1499938964844,0.0,-0.0,287.5263671875,0.0,0.0,9.64666178333573e-05,298.29742431640625,303.1499938964844,285.1499938964844,0.0,-0.0,287.5255126953125,0.0,0.0,0.0004575965285766,287.4559020996094,294.1499938964844,288.1499938964844,286.9068603515625,288.7397155761719,288.1499938964844,287.1349792480469,0.0,0.0,0.0,0.0,1.0,1.0,-0.0009761249530129,3.072347265486996e-09,0.0009761219262145,-0.0071009560488164,0.0,0.0,0.0,-0.006335909012705,60.0,0.6816702485084534,-0.0,-6.496357940477537e-08,0.0,283.1748046875,287.20037841796875,291.55133056640625,291.9985046386719,293.1499938964844,293.1499938964844,278.1499938964844,0.0,18000.0,313.1499938964844,0.0,18000.0,0.0,0.0,0.0,0.0,0.0,0.0,0.0,0.0,0.0,0.0,-0.0,0.0,-8.74776778869785e-21,-4.373883894348925e-21,-4.373883894348925e-21,0.0,0.0,-0.0,0.0,0.0,0.0,-0.0,0.0,0.0,0.0,0.0,0.0,4.0,0.0,0.0
12433800,298.2398986816406,303.1499938964844,285.1499938964844,0.0,-0.0,287.5256042480469,0.0,0.0,9.16071076062508e-05,298.40850830078125,303.1499938964844,285.1499938964844,0.0,-0.0,287.5261535644531,0.0,0.0,9.64668215601705e-05,298.7387084960937,303.1499938964844,285.1499938964844,0.0,-0.0,287.52606201171875,0.0,0.0,7.125009869923815e-05,298.1413879394531,303.1499938964844,285.1499938964844,0.0,-0.0,287.5263671875,0.0,0.0,9.64666178333573e-05,298.29742431640625,303.1499938964844,285.1499938964844,0.0,-0.0,287.5255126953125,0.0,0.0,0.0004575965285766,287.4559020996094,294.1499938964844,288.1499938964844,286.9068603515625,288.7397155761719,288.1499938964844,287.1349792480469,0.0,0.0,0.0,0.0,1.0,1.0,-0.0009761249530129,3.072347265486996e-09,0.0009761219262145,-0.0071009560488164,0.0,0.0,0.0,-0.006335909012705,60.0,0.6816702485084534,-0.0,-6.496357940477537e-08,0.0,283.1748046875,287.20037841796875,291.55133056640625,291.9985046386719,293.1499938964844,293.1499938964844,278.1499938964844,0.0,18000.0,313.1499938964844,0.0,18000.0,0.0,0.0,0.0,0.0,0.0,0.0,0.0,0.0,0.0,0.0,-0.0,0.0,-8.74776778869785e-21,-4.373883894348925e-21,-4.373883894348925e-21,0.0,0.0,-0.0,0.0,0.0,0.0,-0.0,0.0,0.0,0.0,0.0,0.0,4.0,0.0,0.0
12433860,298.23956298828125,303.1499938964844,285.1499938964844,0.0,-0.0,287.5220947265625,0.0,0.0,9.14876800379716e-05,298.4070129394531,303.1499938964844,285.1499938964844,0.0,-0.0,287.52264404296875,0.0,0.0,9.634105663280934e-05,298.7373352050781,303.1499938964844,285.1499938964844,0.0,-0.0,287.5225524902344,0.0,0.0,7.115720654837787e-05,298.1441345214844,303.1499938964844,285.1499938964844,0.0,-0.0,287.5228576660156,0.0,0.0,9.634085290599614e-05,298.2981872558594,303.1499938964844,285.1499938964844,0.0,-0.0,287.5220031738281,0.0,0.0,0.0004569999582599,287.4521484375,294.1499938964844,288.1499938964844,286.8966979980469,288.7295837402344,288.1499938964844,287.1356201171875,0.0,0.0,0.0,0.0,1.0,1.0,-0.0009748516022227,2.923461028814245e-09,0.000974848633632,-0.0067108320072293,0.0,0.0,0.0,-0.006262098904699,60.0,0.6802219152450562,-0.0,-6.479420733285225e-08,0.0,283.1748046875,287.20037841796875,291.55133056640625,291.9985046386719,293.1499938964844,293.1499938964844,278.1499938964844,0.0,18000.0,313.1499938964844,0.0,18000.0,0.0,0.0,0.0,0.0,0.0,0.0,0.0,0.0,0.0,0.0,-0.0,0.0,-8.74776778869785e-21,-4.373883894348925e-21,-4.373883894348925e-21,0.0,0.0,-0.0,0.0,0.0,0.0,-0.0,0.0,0.0,0.0,0.0,0.0,4.0,0.0,0.0
12433920,298.23956298828125,303.1499938964844,285.1499938964844,0.0,-0.0,287.5220947265625,0.0,0.0,9.14876800379716e-05,298.4070129394531,303.1499938964844,285.1499938964844,0.0,-0.0,287.52264404296875,0.0,0.0,9.634105663280934e-05,298.7373352050781,303.1499938964844,285.1499938964844,0.0,-0.0,287.5225524902344,0.0,0.0,7.115720654837787e-05,298.1441345214844,303.1499938964844,285.1499938964844,0.0,-0.0,287.5228576660156,0.0,0.0,9.634085290599614e-05,298.2981872558594,303.1499938964844,285.1499938964844,0.0,-0.0,287.5220031738281,0.0,0.0,0.0004569999582599,287.4521484375,294.1499938964844,288.1499938964844,286.8966979980469,288.7295837402344,288.1499938964844,287.1356201171875,0.0,0.0,0.0,0.0,1.0,1.0,-0.0009748516022227,2.923461028814245e-09,0.000974848633632,-0.0067108320072293,0.0,0.0,0.0,-0.006262098904699,60.0,0.6802219152450562,-0.0,-6.479420733285225e-08,0.0,283.1748046875,287.20037841796875,291.55133056640625,291.9985046386719,293.1499938964844,293.1499938964844,278.1499938964844,0.0,18000.0,313.1499938964844,0.0,18000.0,0.0,0.0,0.0,0.0,0.0,0.0,0.0,0.0,0.0,0.0,-0.0,0.0,-8.74776778869785e-21,-4.373883894348925e-21,-4.373883894348925e-21,0.0,0.0,-0.0,0.0,0.0,0.0,-0.0,0.0,0.0,0.0,0.0,0.0,4.0,0.0,0.0
12433980,298.2391357421875,303.1499938964844,285.1499938964844,0.0,-0.0,287.51861572265625,0.0,0.0,9.13952535483986e-05,298.4054870605469,303.1499938964844,285.1499938964844,0.0,-0.0,287.5191650390625,0.0,0.0,9.62437261478044e-05,298.73590087890625,303.1499938964844,285.1499938964844,0.0,-0.0,287.5190734863281,0.0,0.0,7.108532008714974e-05,298.1462707519531,303.1499938964844,285.1499938964844,0.0,-0.0,287.5193786621094,0.0,0.0,9.624352969694884e-05,298.2987976074219,303.1499938964844,285.1499938964844,0.0,-0.0,287.5185546875,0.0,0.0,0.0004565382550936,287.4483947753906,294.1499938964844,288.1499938964844,286.88653564453125,288.7196044921875,288.1499938964844,287.1362609863281,0.0,0.0,0.0,0.0,1.0,1.0,-0.0009738659136928,2.808221655214993e-09,0.0009738631197251,-0.0064088702201843,0.0,0.0,0.0,-0.0062049692496657,60.0,0.6789728999137878,-0.0,-6.466326141207901e-08,0.0,283.1748046875,287.20037841796875,291.55133056640625,291.9985046386719,293.1499938964844,293.1499938964844,278.1499938964844,0.0,18000.0,313.1499938964844,0.0,18000.0,0.0,0.0,0.0,0.0,0.0,0.0,0.0,0.0,0.0,0.0,-0.0,0.0,-8.74776778869785e-21,-4.373883894348925e-21,-4.373883894348925e-21,0.0,0.0,-0.0,0.0,0.0,0.0,-0.0,0.0,0.0,0.0,0.0,0.0,4.0,0.0,0.0
12434040,298.2391357421875,303.1499938964844,285.1499938964844,0.0,-0.0,287.51861572265625,0.0,0.0,9.13952535483986e-05,298.4054870605469,303.1499938964844,285.1499938964844,0.0,-0.0,287.5191650390625,0.0,0.0,9.62437261478044e-05,298.73590087890625,303.1499938964844,285.1499938964844,0.0,-0.0,287.5190734863281,0.0,0.0,7.108532008714974e-05,298.1462707519531,303.1499938964844,285.1499938964844,0.0,-0.0,287.5193786621094,0.0,0.0,9.624352969694884e-05,298.2987976074219,303.1499938964844,285.1499938964844,0.0,-0.0,287.5185546875,0.0,0.0,0.0004565382550936,287.4483947753906,294.1499938964844,288.1499938964844,286.88653564453125,288.7196044921875,288.1499938964844,287.1362609863281,0.0,0.0,0.0,0.0,1.0,1.0,-0.0009738659136928,2.808221655214993e-09,0.0009738631197251,-0.0064088702201843,0.0,0.0,0.0,-0.0062049692496657,60.0,0.6789728999137878,-0.0,-6.466326141207901e-08,0.0,283.1748046875,287.20037841796875,291.55133056640625,291.9985046386719,293.1499938964844,293.1499938964844,278.1499938964844,0.0,18000.0,313.1499938964844,0.0,18000.0,0.0,0.0,0.0,0.0,0.0,0.0,0.0,0.0,0.0,0.0,-0.0,0.0,-8.74776778869785e-21,-4.373883894348925e-21,-4.373883894348925e-21,0.0,0.0,-0.0,0.0,0.0,0.0,-0.0,0.0,0.0,0.0,0.0,0.0,4.0,0.0,0.0
12434100,298.2388916015625,303.1499938964844,285.1499938964844,0.0,-0.0,287.51690673828125,0.0,0.0,9.13586118258536e-05,298.4046936035156,303.1499938964844,285.1499938964844,0.0,-0.0,287.5174255371094,0.0,0.0,9.62051417445764e-05,298.7351379394531,303.1499938964844,285.1499938964844,0.0,-0.0,287.5173645019531,0.0,0.0,7.105682016117498e-05,298.1470947265625,303.1499938964844,285.1499938964844,0.0,-0.0,287.51763916015625,0.0,0.0,9.62049452937208e-05,298.2990417480469,303.1499938964844,285.1499938964844,0.0,-0.0,287.5168151855469,0.0,0.0,0.0004563552502077,287.4465637207031,294.1499938964844,288.1499938964844,286.8814392089844,288.7146911621094,288.1499938964844,287.1365966796875,0.0,0.0,0.0,0.0,1.0,1.0,-0.0009734751074574,2.7625284282351e-09,0.0009734723134897,-0.0062891403213143,0.0,0.0,0.0,-0.0061823166906833,60.0,0.6784268617630005,-0.0,-6.461137758151382e-08,0.0,283.1748046875,287.20037841796875,291.55133056640625,291.9985046386719,293.1499938964844,293.1499938964844,278.1499938964844,0.0,18000.0,313.1499938964844,0.0,18000.0,0.0,0.0,0.0,0.0,0.0,0.0,0.0,0.0,0.0,0.0,-0.0,0.0,-8.74776778869785e-21,-4.373883894348925e-21,-4.373883894348925e-21,0.0,0.0,-0.0,0.0,0.0,0.0,-0.0,0.0,0.0,0.0,0.0,0.0,4.0,0.0,0.0
12434160,298.23858642578125,303.1499938964844,285.1499938964844,0.0,-0.0,287.51519775390625,0.0,0.0,9.132931154454128e-05,298.4039001464844,303.1499938964844,285.1499938964844,0.0,-0.0,287.5157165527344,0.0,0.0,9.617428440833464e-05,298.7343444824219,303.1499938964844,285.1499938964844,0.0,-0.0,287.515625,0.0,0.0,7.103402458596975e-05,298.1477355957031,303.1499938964844,285.1499938964844,0.0,-0.0,287.51593017578125,0.0,0.0,9.617408795747906e-05,298.2992248535156,303.1499938964844,285.1499938964844,0.0,-0.0,287.5151062011719,0.0,0.0,0.0004562088579405,287.4447326660156,294.1499938964844,288.1499938964844,286.8763427734375,288.7098083496094,288.1499938964844,287.13690185546875,0.0,0.0,0.0,0.0,1.0,1.0,-0.0009731624741107,2.725976111506156e-09,0.0009731597383506,-0.006193361710757,0.0,0.0,0.0,-0.006164195947349,60.0,0.6779317855834961,-0.0,-6.456988899117277e-08,0.0,283.1748046875,287.20037841796875,291.55133056640625,291.9985046386719,293.1499938964844,293.1499938964844,278.1499938964844,0.0,18000.0,313.1499938964844,0.0,18000.0,0.0,0.0,0.0,0.0,0.0,0.0,0.0,0.0,0.0,0.0,-0.0,0.0,-8.74776778869785e-21,-4.373883894348925e-21,-4.373883894348925e-21,0.0,0.0,-0.0,0.0,0.0,0.0,-0.0,0.0,0.0,0.0,0.0,0.0,4.0,0.0,0.0
12434220,298.2378234863281,303.1499938964844,285.1499938964844,0.0,-0.0,287.51177978515625,0.0,0.0,9.12925534066744e-05,298.4022216796875,303.1499938964844,285.1499938964844,0.0,-0.0,287.5122985839844,0.0,0.0,9.61355763138272e-05,298.73272705078125,303.1499938964844,285.1499938964844,0.0,-0.0,287.51220703125,0.0,0.0,7.100543734850362e-05,298.1485900878906,303.1499938964844,285.1499938964844,0.0,-0.0,287.51251220703125,0.0,0.0,9.61353798629716e-05,298.29949951171875,303.1499938964844,285.1499938964844,0.0,-0.0,287.5116882324219,0.0,0.0,0.0004560252418741,287.4410705566406,294.1499938964844,288.1499938964844,286.8661804199219,288.7001647949219,288.1499938964844,287.13751220703125,0.0,0.0,0.0,0.0,1.0,1.0,-0.0009727699798531,2.680095700924312e-09,0.0009727673023007,-0.0060731405392289,0.0,0.0,0.0,-0.0061414507217705,60.0,0.6770978569984436,-0.0,-6.451782752492363e-08,0.0,283.1748046875,287.20037841796875,291.55133056640625,291.9985046386719,293.1499938964844,293.1499938964844,278.1499938964844,0.0,18000.0,313.1499938964844,0.0,18000.0,0.0,0.0,0.0,0.0,0.0,0.0,0.0,0.0,0.0,0.0,-0.0,0.0,-8.74776778869785e-21,-4.373883894348925e-21,-4.373883894348925e-21,0.0,0.0,-0.0,0.0,0.0,0.0,-0.0,0.0,0.0,0.0,0.0,0.0,4.0,0.0,0.0
12434280,298.2378234863281,303.1499938964844,285.1499938964844,0.0,-0.0,287.51177978515625,0.0,0.0,9.12925534066744e-05,298.4022216796875,303.1499938964844,285.1499938964844,0.0,-0.0,287.5122985839844,0.0,0.0,9.61355763138272e-05,298.73272705078125,303.1499938964844,285.1499938964844,0.0,-0.0,287.51220703125,0.0,0.0,7.100543734850362e-05,298.1485900878906,303.1499938964844,285.1499938964844,0.0,-0.0,287.51251220703125,0.0,0.0,9.61353798629716e-05,298.29949951171875,303.1499938964844,285.1499938964844,0.0,-0.0,287.5116882324219,0.0,0.0,0.0004560252418741,287.4410705566406,294.1499938964844,288.1499938964844,286.8661804199219,288.7001647949219,288.1499938964844,287.13751220703125,0.0,0.0,0.0,0.0,1.0,1.0,-0.0009727699798531,2.680095700924312e-09,0.0009727673023007,-0.0060731405392289,0.0,0.0,0.0,-0.0061414507217705,60.0,0.6770978569984436,-0.0,-6.451782752492363e-08,0.0,283.1748046875,287.20037841796875,291.55133056640625,291.9985046386719,293.1499938964844,293.1499938964844,278.1499938964844,0.0,18000.0,313.1499938964844,0.0,18000.0,0.0,0.0,0.0,0.0,0.0,0.0,0.0,0.0,0.0,0.0,-0.0,0.0,-8.74776778869785e-21,-4.373883894348925e-21,-4.373883894348925e-21,0.0,0.0,-0.0,0.0,0.0,0.0,-0.0,0.0,0.0,0.0,0.0,0.0,4.0,0.0,0.0
12434340,298.23736572265625,303.1499938964844,285.1499938964844,0.0,-0.0,287.510009765625,0.0,0.0,9.128481178777292e-05,298.4013366699219,303.1499938964844,285.1499938964844,0.0,-0.0,287.5105285644531,0.0,0.0,9.612741996534167e-05,298.7318420410156,303.1499938964844,285.1499938964844,0.0,-0.0,287.51043701171875,0.0,0.0,7.099941285559908e-05,298.1487121582031,303.1499938964844,285.1499938964844,0.0,-0.0,287.5107421875,0.0,0.0,9.612723079044372e-05,298.2995300292969,303.1499938964844,285.1499938964844,0.0,-0.0,287.5099182128906,0.0,0.0,0.0004559865919873,287.4391784667969,294.1499938964844,288.1499938964844,286.8608703613281,288.6952209472656,288.1499938964844,287.1378479003906,0.0,0.0,0.0,0.0,1.0,1.0,-0.0009726870339363,2.6704087829898526e-09,0.0009726843563839,-0.0060477573424577,0.0,0.0,0.0,-0.0061366478912532,60.0,0.6767586469650269,-0.0,-6.450684253422878e-08,0.0,283.1748046875,287.20037841796875,291.55133056640625,291.9985046386719,293.1499938964844,293.1499938964844,278.1499938964844,0.0,18000.0,313.1499938964844,0.0,18000.0,0.0,0.0,0.0,0.0,0.0,0.0,0.0,0.0,0.0,0.0,-0.0,0.0,-8.74776778869785e-21,-4.373883894348925e-21,-4.373883894348925e-21,0.0,0.0,-0.0,0.0,0.0,0.0,-0.0,0.0,0.0,0.0,0.0,0.0,4.0,0.0,0.0
12434400,298.23687744140625,303.1499938964844,285.1499938964844,0.0,-0.0,287.5083923339844,0.0,0.0,9.128502279054374e-05,298.4004821777344,303.1499938964844,285.1499938964844,0.0,-0.0,287.5089111328125,0.0,0.0,9.612763824407013e-05,298.7309875488281,303.1499938964844,285.1499938964844,0.0,-0.0,287.5088195800781,0.0,0.0,7.099957292666659e-05,298.1487121582031,303.1499938964844,285.1499938964844,0.0,-0.0,287.5091247558594,0.0,0.0,9.612744906917214e-05,298.2995300292969,303.1499938964844,285.1499938964844,0.0,-0.0,287.50830078125,0.0,0.0,0.0004559876106213,287.4374694824219,294.1499938964844,288.1499938964844,286.8559875488281,288.6907043457031,288.1499938964844,287.1381530761719,0.0,0.0,0.0,0.0,1.0,1.0,-0.0009726888965815,2.670629939416358e-09,0.0009726862772367,-0.0060483370907604,0.0,0.0,0.0,-0.0061367573216557,60.0,0.6764905452728271,-0.0,-6.45070912241863e-08,0.0,283.1748046875,287.20037841796875,291.55133056640625,291.9985046386719,293.1499938964844,293.1499938964844,278.1499938964844,0.0,18000.0,313.1499938964844,0.0,18000.0,0.0,0.0,0.0,0.0,0.0,0.0,0.0,0.0,0.0,0.0,-0.0,0.0,-8.74776778869785e-21,-4.373883894348925e-21,-4.373883894348925e-21,0.0,0.0,-0.0,0.0,0.0,0.0,-0.0,0.0,0.0,0.0,0.0,0.0,4.0,0.0,0.0
12434460,298.2356872558594,303.1499938964844,285.1499938964844,0.0,-0.0,287.5050354003906,0.0,0.0,9.129876707447691e-05,298.3986511230469,303.1499938964844,285.1499938964844,0.0,-0.0,287.5055236816406,0.0,0.0,9.614211739972234e-05,298.7291259765625,303.1499938964844,285.1499938964844,0.0,-0.0,287.5054626464844,0.0,0.0,7.101026858435944e-05,298.1480712890625,303.1499938964844,285.1499938964844,0.0,-0.0,287.5057373046875,0.0,0.0,9.614192822482436e-05,298.2993469238281,303.1499938964844,285.1499938964844,0.0,-0.0,287.50494384765625,0.0,0.0,0.0004560562956612,287.43389892578125,294.1499938964844,288.1483459472656,286.8450622558594,288.681396484375,288.14990234375,287.13873291015625,0.0,0.0,0.0,0.0,1.0,1.0,-0.0009728347067721,2.687678746227106e-09,0.0009728320292197,-0.0060930107720196,0.0,0.0,0.0,-0.0061452090740203,60.0,0.675536036491394,-0.0,-6.45264321974537e-08,0.0,283.1748046875,287.20037841796875,291.55133056640625,291.9985046386719,293.1499938964844,293.1499938964844,278.1499938964844,0.0,18000.0,313.1499938964844,0.0,18000.0,0.0,0.0,0.0,0.0,0.0,0.0,0.0,0.0,0.0,0.0,-0.0,0.0,-8.74776778869785e-21,-4.373883894348925e-21,-4.373883894348925e-21,0.0,0.0,-0.0,0.0,0.0,0.0,-0.0,0.0,0.0,0.0,0.0,0.0,4.0,0.0,0.0
12434520,298.2356872558594,303.1499938964844,285.1499938964844,0.0,-0.0,287.5050354003906,0.0,0.0,9.129876707447691e-05,298.3986511230469,303.1499938964844,285.1499938964844,0.0,-0.0,287.5055236816406,0.0,0.0,9.614211739972234e-05,298.7291259765625,303.1499938964844,285.1499938964844,0.0,-0.0,287.5054626464844,0.0,0.0,7.101026858435944e-05,298.1480712890625,303.1499938964844,285.1499938964844,0.0,-0.0,287.5057373046875,0.0,0.0,9.614192822482436e-05,298.2993469238281,303.1499938964844,285.1499938964844,0.0,-0.0,287.50494384765625,0.0,0.0,0.0004560562956612,287.43389892578125,294.1499938964844,288.1483459472656,286.8450622558594,288.681396484375,288.14990234375,287.13873291015625,0.0,0.0,0.0,0.0,1.0,1.0,-0.0009728347067721,2.687678746227106e-09,0.0009728320292197,-0.0060930107720196,0.0,0.0,0.0,-0.0061452090740203,60.0,0.675536036491394,-0.0,-6.45264321974537e-08,0.0,283.1748046875,287.20037841796875,291.55133056640625,291.9985046386719,293.1499938964844,293.1499938964844,278.1499938964844,0.0,18000.0,313.1499938964844,0.0,18000.0,0.0,0.0,0.0,0.0,0.0,0.0,0.0,0.0,0.0,0.0,-0.0,0.0,-8.74776778869785e-21,-4.373883894348925e-21,-4.373883894348925e-21,0.0,0.0,-0.0,0.0,0.0,0.0,-0.0,0.0,0.0,0.0,0.0,0.0,4.0,0.0,0.0
12434580,298.2344055175781,303.1499938964844,285.1499938964844,0.0,-0.0,287.5016784667969,0.0,0.0,9.132283594226465e-05,298.396728515625,303.1499938964844,285.1499938964844,0.0,-0.0,287.502197265625,0.0,0.0,9.616745956009254e-05,298.72711181640625,303.1499938964844,285.1499938964844,0.0,-0.0,287.5021057128906,0.0,0.0,7.102898234734312e-05,298.1468811035156,303.1499938964844,285.1499938964844,0.0,-0.0,287.5023803710937,0.0,0.0,9.616727038519456e-05,298.2989196777344,303.1499938964844,285.1499938964844,0.0,-0.0,287.5016174316406,0.0,0.0,0.0004561765235848,287.43035888671875,294.1499938964844,288.1434936523437,286.832763671875,288.6721496582031,288.1495361328125,287.13934326171875,0.0,0.0,0.0,0.0,1.0,1.0,-0.0009730904712341,2.717585489975249e-09,0.0009730877354741,-0.006171375978738,0.0,0.0,0.0,-0.0061600352637469,60.0,0.6731856465339661,-0.0,-6.456036771851359e-08,0.0,283.1748046875,287.20037841796875,291.55133056640625,291.9985046386719,293.1499938964844,293.1499938964844,278.1499938964844,0.0,18000.0,313.1499938964844,0.0,18000.0,0.0,0.0,0.0,0.0,0.0,0.0,0.0,0.0,0.0,0.0,-0.0,0.0,-8.74776778869785e-21,-4.373883894348925e-21,-4.373883894348925e-21,0.0,0.0,-0.0,0.0,0.0,0.0,-0.0,0.0,0.0,0.0,0.0,0.0,4.0,0.0,0.0
12434640,298.2344055175781,303.1499938964844,285.1499938964844,0.0,-0.0,287.5016784667969,0.0,0.0,9.132283594226465e-05,298.396728515625,303.1499938964844,285.1499938964844,0.0,-0.0,287.502197265625,0.0,0.0,9.616745956009254e-05,298.72711181640625,303.1499938964844,285.1499938964844,0.0,-0.0,287.5021057128906,0.0,0.0,7.102898234734312e-05,298.1468811035156,303.1499938964844,285.1499938964844,0.0,-0.0,287.5023803710937,0.0,0.0,9.616727038519456e-05,298.2989196777344,303.1499938964844,285.1499938964844,0.0,-0.0,287.5016174316406,0.0,0.0,0.0004561765235848,287.43035888671875,294.1499938964844,288.1434936523437,286.832763671875,288.6721496582031,288.1495361328125,287.13934326171875,0.0,0.0,0.0,0.0,1.0,1.0,-0.0009730904712341,2.717585489975249e-09,0.0009730877354741,-0.006171375978738,0.0,0.0,0.0,-0.0061600352637469,60.0,0.6731856465339661,-0.0,-6.456036771851359e-08,0.0,283.1748046875,287.20037841796875,291.55133056640625,291.9985046386719,293.1499938964844,293.1499938964844,278.1499938964844,0.0,18000.0,313.1499938964844,0.0,18000.0,0.0,0.0,0.0,0.0,0.0,0.0,0.0,0.0,0.0,0.0,-0.0,0.0,-8.74776778869785e-21,-4.373883894348925e-21,-4.373883894348925e-21,0.0,0.0,-0.0,0.0,0.0,0.0,-0.0,0.0,0.0,0.0,0.0,0.0,4.0,0.0,0.0
12434700,298.23370361328125,303.1499938964844,285.1499938964844,0.0,-0.0,287.5000305175781,0.0,0.0,9.133854473475368e-05,298.3957214355469,303.1499938964844,285.1499938964844,0.0,-0.0,287.5005187988281,0.0,0.0,9.61840050877072e-05,298.72607421875,303.1499938964844,285.1499938964844,0.0,-0.0,287.5004577636719,0.0,0.0,7.104120595613495e-05,298.1461181640625,303.1499938964844,285.1499938964844,0.0,-0.0,287.500732421875,0.0,0.0,9.618381591280922e-05,298.29864501953125,303.1499938964844,285.1499938964844,0.0,-0.0,287.4999389648437,0.0,0.0,0.0004562550166156,287.4286193847656,294.1499938964844,288.1399230957031,286.8260803222656,288.6675720214844,288.1491394042969,287.1396484375,0.0,0.0,0.0,0.0,1.0,1.0,-0.0009732574690133,2.7371220845395783e-09,0.0009732547332532,-0.0062225679866969,0.0,0.0,0.0,-0.0061697200872004,60.0,0.6712223291397095,-0.0,-6.45825366518693e-08,0.0,283.1748046875,287.20037841796875,291.55133056640625,291.9985046386719,293.1499938964844,293.1499938964844,278.1499938964844,0.0,18000.0,313.1499938964844,0.0,18000.0,0.0,0.0,0.0,0.0,0.0,0.0,0.0,0.0,0.0,0.0,-0.0,0.0,-8.74776778869785e-21,-4.373883894348925e-21,-4.373883894348925e-21,0.0,0.0,-0.0,0.0,0.0,0.0,-0.0,0.0,0.0,0.0,0.0,0.0,4.0,0.0,0.0
12434760,298.2330017089844,303.1499938964844,285.1499938964844,0.0,-0.0,287.4983825683594,0.0,0.0,9.135680738836528e-05,298.39471435546875,303.1499938964844,285.1499938964844,0.0,-0.0,287.4988708496094,0.0,0.0,9.620323544368148e-05,298.7249755859375,303.1499938964844,285.1499938964844,0.0,-0.0,287.498779296875,0.0,0.0,7.105540862539783e-05,298.14520263671875,303.1499938964844,285.1499938964844,0.0,-0.0,287.4990539550781,0.0,0.0,9.620304626878352e-05,298.2983093261719,303.1499938964844,285.1499938964844,0.0,-0.0,287.498291015625,0.0,0.0,0.0004563462280202,287.4268493652344,294.1499938964844,288.1356506347656,286.8191223144531,288.6629943847656,288.1485595703125,287.1399230957031,0.0,0.0,0.0,0.0,1.0,1.0,-0.0009734517079778,2.759835471266569e-09,0.0009734489722177,-0.006282084621489,0.0,0.0,0.0,-0.0061809802427887,60.0,0.6687842011451721,-0.0,-6.460832224775005e-08,0.0,283.1748046875,287.20037841796875,291.55133056640625,291.9985046386719,293.1499938964844,293.1499938964844,278.1499938964844,0.0,18000.0,313.1499938964844,0.0,18000.0,0.0,0.0,0.0,0.0,0.0,0.0,0.0,0.0,0.0,0.0,-0.0,0.0,-8.74776778869785e-21,-4.373883894348925e-21,-4.373883894348925e-21,0.0,0.0,-0.0,0.0,0.0,0.0,-0.0,0.0,0.0,0.0,0.0,0.0,4.0,0.0,0.0
12434820,298.2315673828125,303.1499938964844,285.1499938964844,0.0,-0.0,287.4950866699219,0.0,0.0,9.140031033894048e-05,298.392578125,303.1499938964844,285.1499938964844,0.0,-0.0,287.4955749511719,0.0,0.0,9.624904487282038e-05,298.72271728515625,303.1499938964844,285.1499938964844,0.0,-0.0,287.4954833984375,0.0,0.0,7.108924182830378e-05,298.14312744140625,303.1499938964844,285.1499938964844,0.0,-0.0,287.4957580566406,0.0,0.0,9.624886297388002e-05,298.2975158691406,303.1499938964844,285.1499938964844,0.0,-0.0,287.4949951171875,0.0,0.0,0.0004565635463222,287.42340087890625,294.1499938964844,288.12506103515625,286.8042297363281,288.65380859375,288.14678955078125,287.1405029296875,0.0,0.0,0.0,0.0,1.0,1.0,-0.000973914633505,2.813961508252305e-09,0.0009739117813296,-0.0064239110797643,0.0,0.0,0.0,-0.006207812577486,60.0,0.6626500487327576,-0.0,-6.46697841943933e-08,0.0,283.1748046875,287.20037841796875,291.55133056640625,291.9985046386719,293.1499938964844,293.1499938964844,278.1499938964844,0.0,18000.0,313.1499938964844,0.0,18000.0,0.0,0.0,0.0,0.0,0.0,0.0,0.0,0.0,0.0,0.0,-0.0,0.0,-8.74776778869785e-21,-4.373883894348925e-21,-4.373883894348925e-21,0.0,0.0,-0.0,0.0,0.0,0.0,-0.0,0.0,0.0,0.0,0.0,0.0,4.0,0.0,0.0
12434880,298.2315673828125,303.1499938964844,285.1499938964844,0.0,-0.0,287.4950866699219,0.0,0.0,9.140031033894048e-05,298.392578125,303.1499938964844,285.1499938964844,0.0,-0.0,287.4955749511719,0.0,0.0,9.624904487282038e-05,298.72271728515625,303.1499938964844,285.1499938964844,0.0,-0.0,287.4954833984375,0.0,0.0,7.108924182830378e-05,298.14312744140625,303.1499938964844,285.1499938964844,0.0,-0.0,287.4957580566406,0.0,0.0,9.624886297388002e-05,298.2975158691406,303.1499938964844,285.1499938964844,0.0,-0.0,287.4949951171875,0.0,0.0,0.0004565635463222,287.42340087890625,294.1499938964844,288.12506103515625,286.8042297363281,288.65380859375,288.14678955078125,287.1405029296875,0.0,0.0,0.0,0.0,1.0,1.0,-0.000973914633505,2.813961508252305e-09,0.0009739117813296,-0.0064239110797643,0.0,0.0,0.0,-0.006207812577486,60.0,0.6626500487327576,-0.0,-6.46697841943933e-08,0.0,283.1748046875,287.20037841796875,291.55133056640625,291.9985046386719,293.1499938964844,293.1499938964844,278.1499938964844,0.0,18000.0,313.1499938964844,0.0,18000.0,0.0,0.0,0.0,0.0,0.0,0.0,0.0,0.0,0.0,0.0,-0.0,0.0,-8.74776778869785e-21,-4.373883894348925e-21,-4.373883894348925e-21,0.0,0.0,-0.0,0.0,0.0,0.0,-0.0,0.0,0.0,0.0,0.0,0.0,4.0,0.0,0.0
12434940,298.2300720214844,303.1499938964844,285.1499938964844,0.0,-0.0,287.4918212890625,0.0,0.0,9.145327931037173e-05,298.390380859375,303.1499938964844,285.1499938964844,0.0,-0.0,287.4923095703125,0.0,0.0,9.630482236389072e-05,298.7203674316406,303.1499938964844,285.1499938964844,0.0,-0.0,287.4922180175781,0.0,0.0,7.113043830031529e-05,298.1406555175781,303.1499938964844,285.1499938964844,0.0,-0.0,287.49249267578125,0.0,0.0,9.630464046495037e-05,298.29656982421875,303.1499938964844,285.1499938964844,0.0,-0.0,287.4917297363281,0.0,0.0,0.0004568281292449,287.41998291015625,294.1499938964844,288.11187744140625,286.7882385253906,288.64453125,288.1439208984375,287.1410827636719,0.0,0.0,0.0,0.0,1.0,1.0,-0.0009744783164933,2.879877447625745e-09,0.0009744754643179,-0.0065966309048235,0.0,0.0,0.0,-0.0062404898926615,60.0,0.6546791195869446,-0.0,-6.474466829331504e-08,0.0,283.1748046875,287.20037841796875,291.55133056640625,291.9985046386719,293.1499938964844,293.1499938964844,278.1499938964844,0.0,18000.0,313.1499938964844,0.0,18000.0,0.0,0.0,0.0,0.0,0.0,0.0,0.0,0.0,0.0,0.0,-0.0,0.0,-8.74776778869785e-21,-4.373883894348925e-21,-4.373883894348925e-21,0.0,0.0,-0.0,0.0,0.0,0.0,-0.0,0.0,0.0,0.0,0.0,0.0,4.0,0.0,0.0
12435000,298.2300720214844,303.1499938964844,285.1499938964844,0.0,-0.0,287.4918212890625,0.0,0.0,9.145327931037173e-05,298.390380859375,303.1499938964844,285.1499938964844,0.0,-0.0,287.4923095703125,0.0,0.0,9.630482236389072e-05,298.7203674316406,303.1499938964844,285.1499938964844,0.0,-0.0,287.4922180175781,0.0,0.0,7.113043830031529e-05,298.1406555175781,303.1499938964844,285.1499938964844,0.0,-0.0,287.49249267578125,0.0,0.0,9.630464046495037e-05,298.29656982421875,303.1499938964844,285.1499938964844,0.0,-0.0,287.4917297363281,0.0,0.0,0.0004568281292449,287.41998291015625,294.1499938964844,288.11187744140625,286.7882385253906,288.64453125,288.1439208984375,287.1410827636719,0.0,0.0,0.0,0.0,1.0,1.0,-0.0009744783164933,2.879877447625745e-09,0.0009744754643179,-0.0065966309048235,0.0,0.0,0.0,-0.0062404898926615,60.0,0.6546791195869446,-0.0,-6.474466829331504e-08,0.0,283.1748046875,287.20037841796875,291.55133056640625,291.9985046386719,293.1499938964844,293.1499938964844,278.1499938964844,0.0,18000.0,313.1499938964844,0.0,18000.0,0.0,0.0,0.0,0.0,0.0,0.0,0.0,0.0,0.0,0.0,-0.0,0.0,-8.74776778869785e-21,-4.373883894348925e-21,-4.373883894348925e-21,0.0,0.0,-0.0,0.0,0.0,0.0,-0.0,0.0,0.0,0.0,0.0,0.0,4.0,0.0,0.0
12435060,298.2286071777344,303.1499938964844,285.1499938964844,0.0,-0.0,287.4885559082031,0.0,0.0,9.151458652922884e-05,298.3880920410156,303.1499938964844,285.1499938964844,0.0,-0.0,287.4890441894531,0.0,0.0,9.636937465984374e-05,298.7178955078125,303.1499938964844,285.1499938964844,0.0,-0.0,287.4889831542969,0.0,0.0,7.117811765056103e-05,298.13787841796875,303.1499938964844,285.1499938964844,0.0,-0.0,287.4892272949219,0.0,0.0,9.63691927609034e-05,298.2955017089844,303.1499938964844,285.1499938964844,0.0,-0.0,287.4884948730469,0.0,0.0,0.0004571343306452,287.4165954589844,294.1499938964844,288.0963134765625,286.7712097167969,288.6351928710937,288.13995361328125,287.14166259765625,0.0,0.0,0.0,0.0,1.0,1.0,-0.0009751308825798,2.956179967483763e-09,0.0009751279139891,-0.0067965658381581,0.0,0.0,0.0,-0.0062783164903521,60.0,0.6452713012695312,-0.0,-6.483141135049665e-08,0.0,283.1748046875,287.20037841796875,291.55133056640625,291.9985046386719,293.1499938964844,293.1499938964844,278.1499938964844,0.0,18000.0,313.1499938964844,0.0,18000.0,0.0,0.0,0.0,0.0,0.0,0.0,0.0,0.0,0.0,0.0,-0.0,0.0,-8.74776778869785e-21,-4.373883894348925e-21,-4.373883894348925e-21,0.0,0.0,-0.0,0.0,0.0,0.0,-0.0,0.0,0.0,0.0,0.0,0.0,4.0,0.0,0.0
12435120,298.2286071777344,303.1499938964844,285.1499938964844,0.0,-0.0,287.4885559082031,0.0,0.0,9.151458652922884e-05,298.3880920410156,303.1499938964844,285.1499938964844,0.0,-0.0,287.4890441894531,0.0,0.0,9.636937465984374e-05,298.7178955078125,303.1499938964844,285.1499938964844,0.0,-0.0,287.4889831542969,0.0,0.0,7.117811765056103e-05,298.13787841796875,303.1499938964844,285.1499938964844,0.0,-0.0,287.4892272949219,0.0,0.0,9.63691927609034e-05,298.2955017089844,303.1499938964844,285.1499938964844,0.0,-0.0,287.4884948730469,0.0,0.0,0.0004571343306452,287.4165954589844,294.1499938964844,288.0963134765625,286.7712097167969,288.6351928710937,288.13995361328125,287.14166259765625,0.0,0.0,0.0,0.0,1.0,1.0,-0.0009751308825798,2.956179967483763e-09,0.0009751279139891,-0.0067965658381581,0.0,0.0,0.0,-0.0062783164903521,60.0,0.6452713012695312,-0.0,-6.483141135049665e-08,0.0,283.1748046875,287.20037841796875,291.55133056640625,291.9985046386719,293.1499938964844,293.1499938964844,278.1499938964844,0.0,18000.0,313.1499938964844,0.0,18000.0,0.0,0.0,0.0,0.0,0.0,0.0,0.0,0.0,0.0,0.0,-0.0,0.0,-8.74776778869785e-21,-4.373883894348925e-21,-4.373883894348925e-21,0.0,0.0,-0.0,0.0,0.0,0.0,-0.0,0.0,0.0,0.0,0.0,0.0,4.0,0.0,0.0
12435180,298.2271423339844,303.1499938964844,285.1499938964844,0.0,-0.0,287.4853515625,0.0,0.0,9.158442844636738e-05,298.3857116699219,303.1499938964844,285.1499938964844,0.0,-0.0,287.4858093261719,0.0,0.0,9.644292003940792e-05,298.71533203125,303.1499938964844,285.1499938964844,0.0,-0.0,287.4857482910156,0.0,0.0,7.123243995010853e-05,298.1347961425781,303.1499938964844,285.1499938964844,0.0,-0.0,287.4859924316406,0.0,0.0,9.644274541642515e-05,298.2942810058594,303.1499938964844,285.1499938964844,0.0,-0.0,287.4852600097656,0.0,0.0,0.0004574832273647,287.41326904296875,294.1499938964844,288.07861328125,286.7532043457031,288.6257019042969,288.13446044921875,287.1422119140625,0.0,0.0,0.0,0.0,1.0,1.0,-0.0009758743690326,3.043123086854393e-09,0.0009758713422343,-0.0070243813097476,0.0,0.0,0.0,-0.0063214180991053,60.0,0.6342453360557556,-0.0,-6.493031889931444e-08,0.0,283.1748046875,287.20037841796875,291.55133056640625,291.9985046386719,293.1499938964844,293.1499938964844,278.1499938964844,0.0,18000.0,313.1499938964844,0.0,18000.0,0.0,0.0,0.0,0.0,0.0,0.0,0.0,0.0,0.0,0.0,-0.0,0.0,-8.74776778869785e-21,-4.373883894348925e-21,-4.373883894348925e-21,0.0,0.0,-0.0,0.0,0.0,0.0,-0.0,0.0,0.0,0.0,0.0,0.0,4.0,0.0,0.0
12435240,298.2271423339844,303.1499938964844,285.1499938964844,0.0,-0.0,287.4853515625,0.0,0.0,9.158442844636738e-05,298.3857116699219,303.1499938964844,285.1499938964844,0.0,-0.0,287.4858093261719,0.0,0.0,9.644292003940792e-05,298.71533203125,303.1499938964844,285.1499938964844,0.0,-0.0,287.4857482910156,0.0,0.0,7.123243995010853e-05,298.1347961425781,303.1499938964844,285.1499938964844,0.0,-0.0,287.4859924316406,0.0,0.0,9.644274541642515e-05,298.2942810058594,303.1499938964844,285.1499938964844,0.0,-0.0,287.4852600097656,0.0,0.0,0.0004574832273647,287.41326904296875,294.1499938964844,288.07861328125,286.7532043457031,288.6257019042969,288.13446044921875,287.1422119140625,0.0,0.0,0.0,0.0,1.0,1.0,-0.0009758743690326,3.043123086854393e-09,0.0009758713422343,-0.0070243813097476,0.0,0.0,0.0,-0.0063214180991053,60.0,0.6342453360557556,-0.0,-6.493031889931444e-08,0.0,283.1748046875,287.20037841796875,291.55133056640625,291.9985046386719,293.1499938964844,293.1499938964844,278.1499938964844,0.0,18000.0,313.1499938964844,0.0,18000.0,0.0,0.0,0.0,0.0,0.0,0.0,0.0,0.0,0.0,0.0,-0.0,0.0,-8.74776778869785e-21,-4.373883894348925e-21,-4.373883894348925e-21,0.0,0.0,-0.0,0.0,0.0,0.0,-0.0,0.0,0.0,0.0,0.0,0.0,4.0,0.0,0.0
12435300,298.2264099121094,303.1499938964844,285.1499938964844,0.0,-0.0,287.4837341308594,0.0,0.0,9.162227797787637e-05,298.3844909667969,303.1499938964844,285.1499938964844,0.0,-0.0,287.4842224121094,0.0,0.0,9.64827777352184e-05,298.7140197753906,303.1499938964844,285.1499938964844,0.0,-0.0,287.484130859375,0.0,0.0,7.126187847461551e-05,298.13311767578125,303.1499938964844,285.1499938964844,0.0,-0.0,287.4844055175781,0.0,0.0,9.648260311223568e-05,298.2936096191406,303.1499938964844,285.1499938964844,0.0,-0.0,287.4836730957031,0.0,0.0,0.0004576722858473,287.4115905761719,294.1499938964844,288.06903076171875,286.7438659667969,288.62091064453125,288.131103515625,287.1424865722656,0.0,0.0,0.0,0.0,1.0,1.0,-0.0009762773406691,3.090243616554744e-09,0.0009762742556631,-0.0071478500030934,0.0,0.0,0.0,-0.0063447775319218,60.0,0.6282427906990051,-0.0,-6.498395777043697e-08,0.0,283.1748046875,287.20037841796875,291.55133056640625,291.9985046386719,293.1499938964844,293.1499938964844,278.1499938964844,0.0,18000.0,313.1499938964844,0.0,18000.0,0.0,0.0,0.0,0.0,0.0,0.0,0.0,0.0,0.0,0.0,-0.0,0.0,-8.74776778869785e-21,-4.373883894348925e-21,-4.373883894348925e-21,0.0,0.0,-0.0,0.0,0.0,0.0,-0.0,0.0,0.0,0.0,0.0,0.0,4.0,0.0,0.0
12435360,298.2256774902344,303.1499938964844,285.1499938964844,0.0,-0.0,287.4821472167969,0.0,0.0,9.166198287857696e-05,298.3832702636719,303.1499938964844,285.1499938964844,0.0,-0.0,287.48260498046875,0.0,0.0,9.65245853876695e-05,298.71270751953125,303.1499938964844,285.1499938964844,0.0,-0.0,287.4825439453125,0.0,0.0,7.129275763873011e-05,298.1313781738281,303.1499938964844,285.1499938964844,0.0,-0.0,287.4827880859375,0.0,0.0,9.652441076468676e-05,298.2929382324219,303.1499938964844,285.1499938964844,0.0,-0.0,287.4820556640625,0.0,0.0,0.0004578706284519,287.4099426269531,294.1499938964844,288.0589904785156,286.7343139648437,288.6160583496094,288.1273498535156,287.14276123046875,0.0,0.0,0.0,0.0,1.0,1.0,-0.0009767001029103,3.139676074681574e-09,0.0009766969596967,-0.0072773760184645,0.0,0.0,0.0,-0.0063692834228277,60.0,0.6219249367713928,-0.0,-6.50402469659639e-08,0.0,283.1748046875,287.20037841796875,291.55133056640625,291.9985046386719,293.1499938964844,293.1499938964844,278.1499938964844,0.0,18000.0,313.1499938964844,0.0,18000.0,0.0,0.0,0.0,0.0,0.0,0.0,0.0,0.0,0.0,0.0,-0.0,0.0,-8.74776778869785e-21,-4.373883894348925e-21,-4.373883894348925e-21,0.0,0.0,-0.0,0.0,0.0,0.0,-0.0,0.0,0.0,0.0,0.0,0.0,4.0,0.0,0.0
12435420,298.2242431640625,303.1499938964844,285.1499938964844,0.0,-0.0,287.4789733886719,0.0,0.0,9.174661681754516e-05,298.3807373046875,303.1499938964844,285.1499938964844,0.0,-0.0,287.4794311523437,0.0,0.0,9.661371586844324e-05,298.7099914550781,303.1499938964844,285.1499938964844,0.0,-0.0,287.4793395996094,0.0,0.0,7.135859050322324e-05,298.1277160644531,303.1499938964844,285.1499938964844,0.0,-0.0,287.4796142578125,0.0,0.0,9.661354124546052e-05,298.29150390625,303.1499938964844,285.1499938964844,0.0,-0.0,287.4788818359375,0.0,0.0,0.0004582934197969,287.4066772460937,294.1499938964844,288.0375671386719,286.71466064453125,288.606201171875,288.1185302734375,287.143310546875,0.0,0.0,0.0,0.0,1.0,1.0,-0.0009776012739166,3.245056223732945e-09,0.0009775981307029,-0.0075534982606768,0.0,0.0,0.0,-0.0064215250313282,60.0,0.6084274053573608,-0.0,-6.51603357937347e-08,0.0,283.1748046875,287.20037841796875,291.55133056640625,291.9985046386719,293.1499938964844,293.1499938964844,278.1499938964844,0.0,18000.0,313.1499938964844,0.0,18000.0,0.0,0.0,0.0,0.0,0.0,0.0,0.0,0.0,0.0,0.0,-0.0,0.0,-8.74776778869785e-21,-4.373883894348925e-21,-4.373883894348925e-21,0.0,0.0,-0.0,0.0,0.0,0.0,-0.0,0.0,0.0,0.0,0.0,0.0,4.0,0.0,0.0
12435480,298.2242431640625,303.1499938964844,285.1499938964844,0.0,-0.0,287.4789733886719,0.0,0.0,9.174661681754516e-05,298.3807373046875,303.1499938964844,285.1499938964844,0.0,-0.0,287.4794311523437,0.0,0.0,9.661371586844324e-05,298.7099914550781,303.1499938964844,285.1499938964844,0.0,-0.0,287.4793395996094,0.0,0.0,7.135859050322324e-05,298.1277160644531,303.1499938964844,285.1499938964844,0.0,-0.0,287.4796142578125,0.0,0.0,9.661354124546052e-05,298.29150390625,303.1499938964844,285.1499938964844,0.0,-0.0,287.4788818359375,0.0,0.0,0.0004582934197969,287.4066772460937,294.1499938964844,288.0375671386719,286.71466064453125,288.606201171875,288.1185302734375,287.143310546875,0.0,0.0,0.0,0.0,1.0,1.0,-0.0009776012739166,3.245056223732945e-09,0.0009775981307029,-0.0075534982606768,0.0,0.0,0.0,-0.0064215250313282,60.0,0.6084274053573608,-0.0,-6.51603357937347e-08,0.0,283.1748046875,287.20037841796875,291.55133056640625,291.9985046386719,293.1499938964844,293.1499938964844,278.1499938964844,0.0,18000.0,313.1499938964844,0.0,18000.0,0.0,0.0,0.0,0.0,0.0,0.0,0.0,0.0,0.0,0.0,-0.0,0.0,-8.74776778869785e-21,-4.373883894348925e-21,-4.373883894348925e-21,0.0,0.0,-0.0,0.0,0.0,0.0,-0.0,0.0,0.0,0.0,0.0,0.0,4.0,0.0,0.0
12435540,298.2234191894531,303.1499938964844,285.1499938964844,0.0,-0.0,287.4770812988281,0.0,0.0,9.180079359794036e-05,298.3791809082031,303.1499938964844,285.1499938964844,0.0,-0.0,287.4775390625,0.0,0.0,9.667075937613844e-05,298.70831298828125,303.1499938964844,285.1499938964844,0.0,-0.0,287.4774475097656,0.0,0.0,7.140071829780936e-05,298.1253967285156,303.1499938964844,285.1499938964844,0.0,-0.0,287.47772216796875,0.0,0.0,9.667058475315572e-05,298.29058837890625,303.1499938964844,285.1499938964844,0.0,-0.0,287.4769897460937,0.0,0.0,0.0004585639981087,287.4047241210937,294.1499938964844,288.02398681640625,286.7025451660156,288.60015869140625,288.1122131347656,287.1436462402344,0.0,0.0,0.0,0.0,1.0,1.0,-0.0009781781118363,3.3125051590587873e-09,0.0009781748522073,-0.00773023115471,0.0,0.0,0.0,-0.0064549623057246,60.0,0.5997324585914612,-0.0,-6.523725204488073e-08,0.0,283.1748046875,287.20037841796875,291.55133056640625,291.9985046386719,293.1499938964844,293.1499938964844,278.1499938964844,0.0,18000.0,313.1499938964844,0.0,18000.0,0.0,0.0,0.0,0.0,0.0,0.0,0.0,0.0,0.0,0.0,-0.0,0.0,-8.74776778869785e-21,-4.373883894348925e-21,-4.373883894348925e-21,0.0,0.0,-0.0,0.0,0.0,0.0,-0.0,0.0,0.0,0.0,0.0,0.0,4.0,0.0,0.0
12435600,298.222900390625,303.1499938964844,285.1499938964844,0.0,-0.0,287.4757995605469,0.0,0.0,9.18380101211369e-05,298.3781433105469,303.1499938964844,285.1499938964844,0.0,-0.0,287.47625732421875,0.0,0.0,9.670995495980604e-05,298.70721435546875,303.1499938964844,285.1499938964844,0.0,-0.0,287.4761962890625,0.0,0.0,7.14296693331562e-05,298.123779296875,303.1499938964844,285.1499938964844,0.0,-0.0,287.4764404296875,0.0,0.0,9.670978033682331e-05,298.2899475097656,303.1499938964844,285.1499938964844,0.0,-0.0,287.4757385253906,0.0,0.0,0.0004587499133776,287.4034118652344,294.1499938964844,288.0146484375,286.6943054199219,288.5960998535156,288.1076354980469,287.14385986328125,0.0,0.0,0.0,0.0,1.0,1.0,-0.0009785745060071,3.3588474224188762e-09,0.0009785711299628,-0.0078516583889722,0.0,0.0,0.0,-0.0064779361709952,60.0,0.5937551856040955,-0.0,-6.5290130635276e-08,0.0,283.1748046875,287.20037841796875,291.55133056640625,291.9985046386719,293.1499938964844,293.1499938964844,278.1499938964844,0.0,18000.0,313.1499938964844,0.0,18000.0,0.0,0.0,0.0,0.0,0.0,0.0,0.0,0.0,0.0,0.0,-0.0,0.0,-8.74776778869785e-21,-4.373883894348925e-21,-4.373883894348925e-21,0.0,0.0,-0.0,0.0,0.0,0.0,-0.0,0.0,0.0,0.0,0.0,0.0,4.0,0.0,0.0
12435660,298.2215881347656,303.1499938964844,285.1499938964844,0.0,-0.0,287.4726867675781,0.0,0.0,9.193462028633804e-05,298.3754577636719,303.1499938964844,285.1499938964844,0.0,-0.0,287.4731140136719,0.0,0.0,9.681168012320995e-05,298.7043762207031,303.1499938964844,285.1499938964844,0.0,-0.0,287.4730529785156,0.0,0.0,7.150480814743787e-05,298.1196594238281,303.1499938964844,285.1499938964844,0.0,-0.0,287.4732971191406,0.0,0.0,9.681151277618484e-05,298.288330078125,303.1499938964844,285.1499938964844,0.0,-0.0,287.4725952148437,0.0,0.0,0.0004592324839904,287.40020751953125,294.1499938964844,287.9903869628906,286.6733703613281,288.5857849121094,288.09503173828125,287.1443786621094,0.0,0.0,0.0,0.0,1.0,1.0,-0.0009796032682061,3.4791407532708263e-09,0.0009795997757464,-0.0081668533384799,0.0,0.0,0.0,-0.006537570618093,60.0,0.5782465934753418,-0.0,-6.542747854609844e-08,0.0,283.1748046875,287.20037841796875,291.55133056640625,291.9985046386719,293.1499938964844,293.1499938964844,278.1499938964844,0.0,18000.0,313.1499938964844,0.0,18000.0,0.0,0.0,0.0,0.0,0.0,0.0,0.0,0.0,0.0,0.0,-0.0,0.0,-8.74776778869785e-21,-4.373883894348925e-21,-4.373883894348925e-21,0.0,0.0,-0.0,0.0,0.0,0.0,-0.0,0.0,0.0,0.0,0.0,0.0,4.0,0.0,0.0
12435720,298.2215881347656,303.1499938964844,285.1499938964844,0.0,-0.0,287.4726867675781,0.0,0.0,9.193462028633804e-05,298.3754577636719,303.1499938964844,285.1499938964844,0.0,-0.0,287.4731140136719,0.0,0.0,9.681168012320995e-05,298.7043762207031,303.1499938964844,285.1499938964844,0.0,-0.0,287.4730529785156,0.0,0.0,7.150480814743787e-05,298.1196594238281,303.1499938964844,285.1499938964844,0.0,-0.0,287.4732971191406,0.0,0.0,9.681151277618484e-05,298.288330078125,303.1499938964844,285.1499938964844,0.0,-0.0,287.4725952148437,0.0,0.0,0.0004592324839904,287.40020751953125,294.1499938964844,287.9903869628906,286.6733703613281,288.5857849121094,288.09503173828125,287.1443786621094,0.0,0.0,0.0,0.0,1.0,1.0,-0.0009796032682061,3.4791407532708263e-09,0.0009795997757464,-0.0081668533384799,0.0,0.0,0.0,-0.006537570618093,60.0,0.5782465934753418,-0.0,-6.542747854609844e-08,0.0,283.1748046875,287.20037841796875,291.55133056640625,291.9985046386719,293.1499938964844,293.1499938964844,278.1499938964844,0.0,18000.0,313.1499938964844,0.0,18000.0,0.0,0.0,0.0,0.0,0.0,0.0,0.0,0.0,0.0,0.0,-0.0,0.0,-8.74776778869785e-21,-4.373883894348925e-21,-4.373883894348925e-21,0.0,0.0,-0.0,0.0,0.0,0.0,-0.0,0.0,0.0,0.0,0.0,0.0,4.0,0.0,0.0
12435780,298.22039794921875,303.1499938964844,285.1499938964844,0.0,-0.0,287.4695739746094,0.0,0.0,9.203620720654726e-05,298.37274169921875,303.1499938964844,285.1499938964844,0.0,-0.0,287.4700012207031,0.0,0.0,9.691865852801128e-05,298.70147705078125,303.1499938964844,285.1499938964844,0.0,-0.0,287.4699401855469,0.0,0.0,7.158381777117029e-05,298.1152648925781,303.1499938964844,285.1499938964844,0.0,-0.0,287.4701843261719,0.0,0.0,9.691849118098617e-05,298.28662109375,303.1499938964844,285.1499938964844,0.0,-0.0,287.469482421875,0.0,0.0,0.0004597399383783,287.39703369140625,294.1499938964844,287.9649963378906,286.6518859863281,288.5751647949219,288.0801696777344,287.1449279785156,0.0,0.0,0.0,0.0,1.0,1.0,-0.0009806851157918,3.605640896964246e-09,0.0009806815069168,-0.0084983082488179,0.0,0.0,0.0,-0.0066002826206386,60.0,0.5617919564247131,-0.0,-6.557207399282562e-08,0.0,283.1748046875,287.20037841796875,291.55133056640625,291.9985046386719,293.1499938964844,293.1499938964844,278.1499938964844,0.0,18000.0,313.1499938964844,0.0,18000.0,0.0,0.0,0.0,0.0,0.0,0.0,0.0,0.0,0.0,0.0,-0.0,0.0,-8.74776778869785e-21,-4.373883894348925e-21,-4.373883894348925e-21,0.0,0.0,-0.0,0.0,0.0,0.0,-0.0,0.0,0.0,0.0,0.0,0.0,4.0,0.0,0.0
12435840,298.22039794921875,303.1499938964844,285.1499938964844,0.0,-0.0,287.4695739746094,0.0,0.0,9.203620720654726e-05,298.37274169921875,303.1499938964844,285.1499938964844,0.0,-0.0,287.4700012207031,0.0,0.0,9.691865852801128e-05,298.70147705078125,303.1499938964844,285.1499938964844,0.0,-0.0,287.4699401855469,0.0,0.0,7.158381777117029e-05,298.1152648925781,303.1499938964844,285.1499938964844,0.0,-0.0,287.4701843261719,0.0,0.0,9.691849118098617e-05,298.28662109375,303.1499938964844,285.1499938964844,0.0,-0.0,287.469482421875,0.0,0.0,0.0004597399383783,287.39703369140625,294.1499938964844,287.9649963378906,286.6518859863281,288.5751647949219,288.0801696777344,287.1449279785156,0.0,0.0,0.0,0.0,1.0,1.0,-0.0009806851157918,3.605640896964246e-09,0.0009806815069168,-0.0084983082488179,0.0,0.0,0.0,-0.0066002826206386,60.0,0.5617919564247131,-0.0,-6.557207399282562e-08,0.0,283.1748046875,287.20037841796875,291.55133056640625,291.9985046386719,293.1499938964844,293.1499938964844,278.1499938964844,0.0,18000.0,313.1499938964844,0.0,18000.0,0.0,0.0,0.0,0.0,0.0,0.0,0.0,0.0,0.0,0.0,-0.0,0.0,-8.74776778869785e-21,-4.373883894348925e-21,-4.373883894348925e-21,0.0,0.0,-0.0,0.0,0.0,0.0,-0.0,0.0,0.0,0.0,0.0,0.0,4.0,0.0,0.0
12435900,298.2198181152344,303.1499938964844,285.1499938964844,0.0,-0.0,287.468017578125,0.0,0.0,9.208833216689528e-05,298.371337890625,303.1499938964844,285.1499938964844,0.0,-0.0,287.46844482421875,0.0,0.0,9.69735556282103e-05,298.70001220703125,303.1499938964844,285.1499938964844,0.0,-0.0,287.4683837890625,0.0,0.0,7.162435940699652e-05,298.1130065917969,303.1499938964844,285.1499938964844,0.0,-0.0,287.4686279296875,0.0,0.0,9.697338828118518e-05,298.2857360839844,303.1499938964844,285.1499938964844,0.0,-0.0,287.46795654296875,0.0,0.0,0.0004600003303494,287.3954772949219,294.1499938964844,287.9519348144531,286.6409912109375,288.5697631835937,288.072021484375,287.1451721191406,0.0,0.0,0.0,0.0,1.0,1.0,-0.0009812401840463,3.670552306545005e-09,0.0009812365751713,-0.0086683882400393,0.0,0.0,0.0,-0.0066324616782367,60.0,0.553322434425354,-0.0,-6.56463328141399e-08,0.0,283.1748046875,287.20037841796875,291.55133056640625,291.9985046386719,293.1499938964844,293.1499938964844,278.1499938964844,0.0,18000.0,313.1499938964844,0.0,18000.0,0.0,0.0,0.0,0.0,0.0,0.0,0.0,0.0,0.0,0.0,-0.0,0.0,-8.74776778869785e-21,-4.373883894348925e-21,-4.373883894348925e-21,0.0,0.0,-0.0,0.0,0.0,0.0,-0.0,0.0,0.0,0.0,0.0,0.0,4.0,0.0,0.0
12435960,298.2192687988281,303.1499938964844,285.1499938964844,0.0,-0.0,287.4664611816406,0.0,0.0,9.214136662194504e-05,298.36993408203125,303.1499938964844,285.1499938964844,0.0,-0.0,287.4669189453125,0.0,0.0,9.702939860289916e-05,298.6985168457031,303.1499938964844,285.1499938964844,0.0,-0.0,287.46685791015625,0.0,0.0,7.166560681071132e-05,298.1107177734375,303.1499938964844,285.1499938964844,0.0,-0.0,287.46710205078125,0.0,0.0,9.702923853183164e-05,298.28485107421875,303.1499938964844,285.1499938964844,0.0,-0.0,287.4664001464844,0.0,0.0,0.000460265262518,287.3938903808594,294.1499938964844,287.93865966796875,286.6299743652344,288.56427001953125,288.06329345703125,287.1454467773437,0.0,0.0,0.0,0.0,1.0,1.0,-0.0009818050311878,3.736596365655487e-09,0.0009818013058975,-0.0088414354249835,0.0,0.0,0.0,-0.0066652027890086,60.0,0.5446810722351074,-0.0,-6.572192745579741e-08,0.0,283.1748046875,287.20037841796875,291.55133056640625,291.9985046386719,293.1499938964844,293.1499938964844,278.1499938964844,0.0,18000.0,313.1499938964844,0.0,18000.0,0.0,0.0,0.0,0.0,0.0,0.0,0.0,0.0,0.0,0.0,-0.0,0.0,-8.74776778869785e-21,-4.373883894348925e-21,-4.373883894348925e-21,0.0,0.0,-0.0,0.0,0.0,0.0,-0.0,0.0,0.0,0.0,0.0,0.0,4.0,0.0,0.0
12436020,298.2180480957031,303.1499938964844,285.1499938964844,0.0,-0.0,287.4634094238281,0.0,0.0,9.224934910889716e-05,298.3670959472656,303.1499938964844,285.1499938964844,0.0,-0.0,287.4638366699219,0.0,0.0,9.714310726849362e-05,298.69549560546875,303.1499938964844,285.1499938964844,0.0,-0.0,287.4637756347656,0.0,0.0,7.174959318945184e-05,298.1059875488281,303.1499938964844,285.1499938964844,0.0,-0.0,287.4640197753906,0.0,0.0,9.71429399214685e-05,298.28302001953125,303.1499938964844,285.1499938964844,0.0,-0.0,287.4633483886719,0.0,0.0,0.0004608046147041,287.3907775878906,294.1499938964844,287.91162109375,286.60772705078125,288.5531005859375,288.04443359375,287.1459350585937,0.0,0.0,0.0,0.0,1.0,1.0,-0.0009829549817368,3.871056364346259e-09,0.0009829511400312,-0.0091937407851219,0.0,0.0,0.0,-0.0067318608053028,60.0,0.527003824710846,-0.0,-6.58759731209102e-08,0.0,283.1748046875,287.20037841796875,291.55133056640625,291.9985046386719,293.1499938964844,293.1499938964844,278.1499938964844,0.0,18000.0,313.1499938964844,0.0,18000.0,0.0,0.0,0.0,0.0,0.0,0.0,0.0,0.0,0.0,0.0,-0.0,0.0,-8.74776778869785e-21,-4.373883894348925e-21,-4.373883894348925e-21,0.0,0.0,-0.0,0.0,0.0,0.0,-0.0,0.0,0.0,0.0,0.0,0.0,4.0,0.0,0.0
12436080,298.2180480957031,303.1499938964844,285.1499938964844,0.0,-0.0,287.4634094238281,0.0,0.0,9.224934910889716e-05,298.3670959472656,303.1499938964844,285.1499938964844,0.0,-0.0,287.4638366699219,0.0,0.0,9.714310726849362e-05,298.69549560546875,303.1499938964844,285.1499938964844,0.0,-0.0,287.4637756347656,0.0,0.0,7.174959318945184e-05,298.1059875488281,303.1499938964844,285.1499938964844,0.0,-0.0,287.4640197753906,0.0,0.0,9.71429399214685e-05,298.28302001953125,303.1499938964844,285.1499938964844,0.0,-0.0,287.4633483886719,0.0,0.0,0.0004608046147041,287.3907775878906,294.1499938964844,287.91162109375,286.60772705078125,288.5531005859375,288.04443359375,287.1459350585937,0.0,0.0,0.0,0.0,1.0,1.0,-0.0009829549817368,3.871056364346259e-09,0.0009829511400312,-0.0091937407851219,0.0,0.0,0.0,-0.0067318608053028,60.0,0.527003824710846,-0.0,-6.58759731209102e-08,0.0,283.1748046875,287.20037841796875,291.55133056640625,291.9985046386719,293.1499938964844,293.1499938964844,278.1499938964844,0.0,18000.0,313.1499938964844,0.0,18000.0,0.0,0.0,0.0,0.0,0.0,0.0,0.0,0.0,0.0,0.0,-0.0,0.0,-8.74776778869785e-21,-4.373883894348925e-21,-4.373883894348925e-21,0.0,0.0,-0.0,0.0,0.0,0.0,-0.0,0.0,0.0,0.0,0.0,0.0,4.0,0.0,0.0
12436140,298.21630859375,303.1499938964844,285.1499938964844,0.0,-0.0,287.4603576660156,0.0,0.0,9.235916513716802e-05,298.3641967773437,303.1499938964844,285.1499938964844,0.0,-0.0,287.4607849121094,0.0,0.0,9.725875133881344e-05,298.6924133300781,303.1499938964844,285.1499938964844,0.0,-0.0,287.4607238769531,0.0,0.0,7.183500565588474e-05,298.10113525390625,303.1499938964844,285.1499938964844,0.0,-0.0,287.4609680175781,0.0,0.0,9.725859126774594e-05,298.2810974121094,303.1499938964844,285.1499938964844,0.0,-0.0,287.4602966308594,0.0,0.0,0.0004613531928043,287.3877258300781,294.1499938964844,287.88409423828125,286.5852355957031,288.5416259765625,288.0237121582031,287.1464538574219,0.0,0.0,0.0,0.0,1.0,1.0,-0.0009841246064752,4.007815856965635e-09,0.0009841205319389,-0.0095520671457052,0.0,0.0,0.0,-0.0067996582947671,60.0,0.5088801980018616,-0.0,-6.60328325352566e-08,0.0,283.1748046875,287.20037841796875,291.55133056640625,291.9985046386719,293.1499938964844,293.1499938964844,278.1499938964844,0.0,18000.0,313.1499938964844,0.0,18000.0,0.0,0.0,0.0,0.0,0.0,0.0,0.0,0.0,0.0,0.0,-0.0,0.0,-8.74776778869785e-21,-4.373883894348925e-21,-4.373883894348925e-21,0.0,0.0,-0.0,0.0,0.0,0.0,-0.0,0.0,0.0,0.0,0.0,0.0,4.0,0.0,0.0
12436200,298.21630859375,303.1499938964844,285.1499938964844,0.0,-0.0,287.4603576660156,0.0,0.0,9.235916513716802e-05,298.3641967773437,303.1499938964844,285.1499938964844,0.0,-0.0,287.4607849121094,0.0,0.0,9.725875133881344e-05,298.6924133300781,303.1499938964844,285.1499938964844,0.0,-0.0,287.4607238769531,0.0,0.0,7.183500565588474e-05,298.10113525390625,303.1499938964844,285.1499938964844,0.0,-0.0,287.4609680175781,0.0,0.0,9.725859126774594e-05,298.2810974121094,303.1499938964844,285.1499938964844,0.0,-0.0,287.4602966308594,0.0,0.0,0.0004613531928043,287.3877258300781,294.1499938964844,287.88409423828125,286.5852355957031,288.5416259765625,288.0237121582031,287.1464538574219,0.0,0.0,0.0,0.0,1.0,1.0,-0.0009841246064752,4.007815856965635e-09,0.0009841205319389,-0.0095520671457052,0.0,0.0,0.0,-0.0067996582947671,60.0,0.5088801980018616,-0.0,-6.60328325352566e-08,0.0,283.1748046875,287.20037841796875,291.55133056640625,291.9985046386719,293.1499938964844,293.1499938964844,278.1499938964844,0.0,18000.0,313.1499938964844,0.0,18000.0,0.0,0.0,0.0,0.0,0.0,0.0,0.0,0.0,0.0,0.0,-0.0,0.0,-8.74776778869785e-21,-4.373883894348925e-21,-4.373883894348925e-21,0.0,0.0,-0.0,0.0,0.0,0.0,-0.0,0.0,0.0,0.0,0.0,0.0,4.0,0.0,0.0
12436260,298.21417236328125,303.1499938964844,285.1499938964844,0.0,-0.0,287.45733642578125,0.0,0.0,9.246998524758963e-05,298.3612670898437,303.1499938964844,285.1499938964844,0.0,-0.0,287.457763671875,0.0,0.0,9.737545042298734e-05,298.6892395019531,303.1499938964844,285.1499938964844,0.0,-0.0,287.45770263671875,0.0,0.0,7.192119664978236e-05,298.0961303710937,303.1499938964844,285.1499938964844,0.0,-0.0,287.4579162597656,0.0,0.0,9.737529035191984e-05,298.2790832519531,303.1499938964844,285.1499938964844,0.0,-0.0,287.457275390625,0.0,0.0,0.0004619067767634,287.3846740722656,294.1499938964844,287.8562316894531,286.56256103515625,288.5298767089844,288.0010986328125,287.1469421386719,0.0,0.0,0.0,0.0,1.0,1.0,-0.0009853048250079,4.14582235208627e-09,0.0009853006340563,-0.0099136587232351,0.0,0.0,0.0,-0.0068680741824209,60.0,0.4904293417930603,-0.0,-6.619131909246789e-08,0.0,283.1748046875,287.20037841796875,291.55133056640625,291.9985046386719,293.1499938964844,293.1499938964844,278.1499938964844,0.0,18000.0,313.1499938964844,0.0,18000.0,0.0,0.0,0.0,0.0,0.0,0.0,0.0,0.0,0.0,0.0,-0.0,0.0,-8.74776778869785e-21,-4.373883894348925e-21,-4.373883894348925e-21,0.0,0.0,-0.0,0.0,0.0,0.0,-0.0,0.0,0.0,0.0,0.0,0.0,4.0,0.0,0.0
12436320,298.21417236328125,303.1499938964844,285.1499938964844,0.0,-0.0,287.45733642578125,0.0,0.0,9.246998524758963e-05,298.3612670898437,303.1499938964844,285.1499938964844,0.0,-0.0,287.457763671875,0.0,0.0,9.737545042298734e-05,298.6892395019531,303.1499938964844,285.1499938964844,0.0,-0.0,287.45770263671875,0.0,0.0,7.192119664978236e-05,298.0961303710937,303.1499938964844,285.1499938964844,0.0,-0.0,287.4579162597656,0.0,0.0,9.737529035191984e-05,298.2790832519531,303.1499938964844,285.1499938964844,0.0,-0.0,287.457275390625,0.0,0.0,0.0004619067767634,287.3846740722656,294.1499938964844,287.8562316894531,286.56256103515625,288.5298767089844,288.0010986328125,287.1469421386719,0.0,0.0,0.0,0.0,1.0,1.0,-0.0009853048250079,4.14582235208627e-09,0.0009853006340563,-0.0099136587232351,0.0,0.0,0.0,-0.0068680741824209,60.0,0.4904293417930603,-0.0,-6.619131909246789e-08,0.0,283.1748046875,287.20037841796875,291.55133056640625,291.9985046386719,293.1499938964844,293.1499938964844,278.1499938964844,0.0,18000.0,313.1499938964844,0.0,18000.0,0.0,0.0,0.0,0.0,0.0,0.0,0.0,0.0,0.0,0.0,-0.0,0.0,-8.74776778869785e-21,-4.373883894348925e-21,-4.373883894348925e-21,0.0,0.0,-0.0,0.0,0.0,0.0,-0.0,0.0,0.0,0.0,0.0,0.0,4.0,0.0,0.0
12436380,298.2118225097656,303.1499938964844,285.1499938964844,0.0,-0.0,287.454345703125,0.0,0.0,9.258103818865492e-05,298.3582763671875,303.1499938964844,285.1499938964844,0.0,-0.0,287.4547424316406,0.0,0.0,9.74923896137625e-05,298.68603515625,303.1499938964844,285.1499938964844,0.0,-0.0,287.4546813964844,0.0,0.0,7.200756954262033e-05,298.0910339355469,303.1499938964844,285.1499938964844,0.0,-0.0,287.4549255371094,0.0,0.0,9.7492229542695e-05,298.2769775390625,303.1499938964844,285.1499938964844,0.0,-0.0,287.4542541503906,0.0,0.0,0.000462461495772,287.38165283203125,294.1499938964844,287.82830810546875,286.5398254394531,288.5177917480469,287.9768371582031,287.1474609375,0.0,0.0,0.0,0.0,1.0,1.0,-0.0009864874882623,4.284113952479629e-09,0.0009864831808954,-0.0102759916335344,0.0,0.0,0.0,-0.0069366311654448,60.0,0.4718093276023865,-0.0,-6.635031724044893e-08,0.0,283.1748046875,287.20037841796875,291.55133056640625,291.9985046386719,293.1499938964844,293.1499938964844,278.1499938964844,0.0,18000.0,313.1499938964844,0.0,18000.0,0.0,0.0,0.0,0.0,0.0,0.0,0.0,0.0,0.0,0.0,-0.0,0.0,-8.74776778869785e-21,-4.373883894348925e-21,-4.373883894348925e-21,0.0,0.0,-0.0,0.0,0.0,0.0,-0.0,0.0,0.0,0.0,0.0,0.0,4.0,0.0,0.0
12436440,298.2118225097656,303.1499938964844,285.1499938964844,0.0,-0.0,287.454345703125,0.0,0.0,9.258103818865492e-05,298.3582763671875,303.1499938964844,285.1499938964844,0.0,-0.0,287.4547424316406,0.0,0.0,9.74923896137625e-05,298.68603515625,303.1499938964844,285.1499938964844,0.0,-0.0,287.4546813964844,0.0,0.0,7.200756954262033e-05,298.0910339355469,303.1499938964844,285.1499938964844,0.0,-0.0,287.4549255371094,0.0,0.0,9.7492229542695e-05,298.2769775390625,303.1499938964844,285.1499938964844,0.0,-0.0,287.4542541503906,0.0,0.0,0.000462461495772,287.38165283203125,294.1499938964844,287.82830810546875,286.5398254394531,288.5177917480469,287.9768371582031,287.1474609375,0.0,0.0,0.0,0.0,1.0,1.0,-0.0009864874882623,4.284113952479629e-09,0.0009864831808954,-0.0102759916335344,0.0,0.0,0.0,-0.0069366311654448,60.0,0.4718093276023865,-0.0,-6.635031724044893e-08,0.0,283.1748046875,287.20037841796875,291.55133056640625,291.9985046386719,293.1499938964844,293.1499938964844,278.1499938964844,0.0,18000.0,313.1499938964844,0.0,18000.0,0.0,0.0,0.0,0.0,0.0,0.0,0.0,0.0,0.0,0.0,-0.0,0.0,-8.74776778869785e-21,-4.373883894348925e-21,-4.373883894348925e-21,0.0,0.0,-0.0,0.0,0.0,0.0,-0.0,0.0,0.0,0.0,0.0,0.0,4.0,0.0,0.0
12436500,298.2106018066406,303.1499938964844,285.1499938964844,0.0,-0.0,287.4528503417969,0.0,0.0,9.263651008950546e-05,298.35675048828125,303.1499938964844,285.1499938964844,0.0,-0.0,287.4532470703125,0.0,0.0,9.755080827744678e-05,298.68438720703125,303.1499938964844,285.1499938964844,0.0,-0.0,287.45318603515625,0.0,0.0,7.205071597127244e-05,298.08843994140625,303.1499938964844,285.1499938964844,0.0,-0.0,287.45343017578125,0.0,0.0,9.755064820637926e-05,298.27587890625,303.1499938964844,285.1499938964844,0.0,-0.0,287.4527893066406,0.0,0.0,0.0004627385933417,287.38018798828125,294.1499938964844,287.8143615722656,286.5284729003906,288.5116271972656,287.96417236328125,287.147705078125,0.0,0.0,0.0,0.0,1.0,1.0,-0.0009870782960206,4.353198246320744e-09,0.0009870739886537,-0.010456996038556,0.0,0.0,0.0,-0.0069708796218037,60.0,0.4624711275100708,-0.0,-6.642981276172577e-08,0.0,283.1748046875,287.20037841796875,291.55133056640625,291.9985046386719,293.1499938964844,293.1499938964844,278.1499938964844,0.0,18000.0,313.1499938964844,0.0,18000.0,0.0,0.0,0.0,0.0,0.0,0.0,0.0,0.0,0.0,0.0,-0.0,0.0,-8.74776778869785e-21,-4.373883894348925e-21,-4.373883894348925e-21,0.0,0.0,-0.0,0.0,0.0,0.0,-0.0,0.0,0.0,0.0,0.0,0.0,4.0,0.0,0.0
12436560,298.2093505859375,303.1499938964844,285.1499938964844,0.0,-0.0,287.45135498046875,0.0,0.0,9.269174915971234e-05,298.355224609375,303.1499938964844,285.1499938964844,0.0,-0.0,287.4517822265625,0.0,0.0,9.760897228261456e-05,298.6827087402344,303.1499938964844,285.1499938964844,0.0,-0.0,287.4516906738281,0.0,0.0,7.209367322502658e-05,298.0858459472656,303.1499938964844,285.1499938964844,0.0,-0.0,287.4519348144531,0.0,0.0,9.760881221154703e-05,298.2747802734375,303.1499938964844,285.1499938964844,0.0,-0.0,287.4512939453125,0.0,0.0,0.0004630145267583,287.3786926269531,294.1499938964844,287.80047607421875,286.5171203613281,288.5054016113281,287.951171875,287.1479187011719,0.0,0.0,0.0,0.0,1.0,1.0,-0.0009876665426418,4.4219823358560015e-09,0.0009876621188595,-0.0106372125446796,0.0,0.0,0.0,-0.0070049786008894,60.0,0.4531436562538147,-0.0,-6.650901696048096e-08,0.0,283.1748046875,287.20037841796875,291.55133056640625,291.9985046386719,293.1499938964844,293.1499938964844,278.1499938964844,0.0,18000.0,313.1499938964844,0.0,18000.0,0.0,0.0,0.0,0.0,0.0,0.0,0.0,0.0,0.0,0.0,-0.0,0.0,-8.74776778869785e-21,-4.373883894348925e-21,-4.373883894348925e-21,0.0,0.0,-0.0,0.0,0.0,0.0,-0.0,0.0,0.0,0.0,0.0,0.0,4.0,0.0,0.0
12436620,298.2068176269531,303.1499938964844,285.1499938964844,0.0,-0.0,287.4483947753906,0.0,0.0,9.2801456048619e-05,298.3521423339844,303.1499938964844,285.1499938964844,0.0,-0.0,287.44879150390625,0.0,0.0,9.772449993761256e-05,298.6793518066406,303.1499938964844,285.1499938964844,0.0,-0.0,287.44873046875,0.0,0.0,7.217900565592572e-05,298.0805969238281,303.1499938964844,285.1499938964844,0.0,-0.0,287.448974609375,0.0,0.0,9.772433986654504e-05,298.2724914550781,303.1499938964844,285.1499938964844,0.0,-0.0,287.4483337402344,0.0,0.0,0.000463562522782,287.3757629394531,294.1499938964844,287.77294921875,286.4945068359375,288.4927673339844,287.9244079589844,287.1484069824219,0.0,0.0,0.0,0.0,1.0,1.0,-0.0009888350032269,4.558602384463484e-09,0.0009888304630294,-0.010995159856975,0.0,0.0,0.0,-0.0070727076381444,60.0,0.4345728158950805,-0.0,-6.66664732307254e-08,0.0,283.1748046875,287.20037841796875,291.55133056640625,291.9985046386719,293.1499938964844,293.1499938964844,278.1499938964844,0.0,18000.0,313.1499938964844,0.0,18000.0,0.0,0.0,0.0,0.0,0.0,0.0,0.0,0.0,0.0,0.0,-0.0,0.0,-8.74776778869785e-21,-4.373883894348925e-21,-4.373883894348925e-21,0.0,0.0,-0.0,0.0,0.0,0.0,-0.0,0.0,0.0,0.0,0.0,0.0,4.0,0.0,0.0
12436680,298.2068176269531,303.1499938964844,285.1499938964844,0.0,-0.0,287.4483947753906,0.0,0.0,9.2801456048619e-05,298.3521423339844,303.1499938964844,285.1499938964844,0.0,-0.0,287.44879150390625,0.0,0.0,9.772449993761256e-05,298.6793518066406,303.1499938964844,285.1499938964844,0.0,-0.0,287.44873046875,0.0,0.0,7.217900565592572e-05,298.0805969238281,303.1499938964844,285.1499938964844,0.0,-0.0,287.448974609375,0.0,0.0,9.772433986654504e-05,298.2724914550781,303.1499938964844,285.1499938964844,0.0,-0.0,287.4483337402344,0.0,0.0,0.000463562522782,287.3757629394531,294.1499938964844,287.77294921875,286.4945068359375,288.4927673339844,287.9244079589844,287.1484069824219,0.0,0.0,0.0,0.0,1.0,1.0,-0.0009888350032269,4.558602384463484e-09,0.0009888304630294,-0.010995159856975,0.0,0.0,0.0,-0.0070727076381444,60.0,0.4345728158950805,-0.0,-6.66664732307254e-08,0.0,283.1748046875,287.20037841796875,291.55133056640625,291.9985046386719,293.1499938964844,293.1499938964844,278.1499938964844,0.0,18000.0,313.1499938964844,0.0,18000.0,0.0,0.0,0.0,0.0,0.0,0.0,0.0,0.0,0.0,0.0,-0.0,0.0,-8.74776778869785e-21,-4.373883894348925e-21,-4.373883894348925e-21,0.0,0.0,-0.0,0.0,0.0,0.0,-0.0,0.0,0.0,0.0,0.0,0.0,4.0,0.0,0.0
12436740,298.2050170898437,303.1499938964844,285.1499938964844,0.0,-0.0,287.4463806152344,0.0,0.0,9.28752197069116e-05,298.3500061035156,303.1499938964844,285.1499938964844,0.0,-0.0,287.4468078613281,0.0,0.0,9.78021780611016e-05,298.67706298828125,303.1499938964844,285.1499938964844,0.0,-0.0,287.4467468261719,0.0,0.0,7.223637658171356e-05,298.0770263671875,303.1499938964844,285.1499938964844,0.0,-0.0,287.44696044921875,0.0,0.0,9.780202526599167e-05,298.2709045410156,303.1499938964844,285.1499938964844,0.0,-0.0,287.4463195800781,0.0,0.0,0.0004639310063794,287.373779296875,294.1499938964844,287.7545166015625,286.4792175292969,288.4840087890625,287.9056701660156,287.14874267578125,0.0,0.0,0.0,0.0,1.0,1.0,-0.000989620690234,4.650464902056228e-09,0.0009896160336211,-0.0112358378246426,0.0,0.0,0.0,-0.0071182479150593,60.0,0.4220665693283081,-0.0,-6.677244357433666e-08,0.0,283.1748046875,287.20037841796875,291.55133056640625,291.9985046386719,293.1499938964844,293.1499938964844,278.1499938964844,0.0,18000.0,313.1499938964844,0.0,18000.0,0.0,0.0,0.0,0.0,0.0,0.0,0.0,0.0,0.0,0.0,-0.0,0.0,-8.74776778869785e-21,-4.373883894348925e-21,-4.373883894348925e-21,0.0,0.0,-0.0,0.0,0.0,0.0,-0.0,0.0,0.0,0.0,0.0,0.0,4.0,0.0,0.0
12436800,298.20416259765625,303.1499938964844,285.1499938964844,0.0,-0.0,287.4454650878906,0.0,0.0,9.290962043451144e-05,298.3489990234375,303.1499938964844,285.1499938964844,0.0,-0.0,287.44586181640625,0.0,0.0,9.7838397778105e-05,298.67596435546875,303.1499938964844,285.1499938964844,0.0,-0.0,287.44580078125,0.0,0.0,7.226313027786091e-05,298.0753173828125,303.1499938964844,285.1499938964844,0.0,-0.0,287.4460144042969,0.0,0.0,9.783824498299508e-05,298.2701721191406,303.1499938964844,285.1499938964844,0.0,-0.0,287.4454040527344,0.0,0.0,0.0004641028353944,287.3728332519531,294.1499938964844,287.7459716796875,286.4720764160156,288.4798583984375,287.8967590332031,287.1488647460937,0.0,0.0,0.0,0.0,1.0,1.0,-0.0009899869328364,4.693299970881526e-09,0.0009899822762236,-0.0113480640575289,0.0,0.0,0.0,-0.0071394830010831,60.0,0.4162268340587616,-0.0,-6.68218902433182e-08,0.0,283.1748046875,287.20037841796875,291.55133056640625,291.9985046386719,293.1499938964844,293.1499938964844,278.1499938964844,0.0,18000.0,313.1499938964844,0.0,18000.0,0.0,0.0,0.0,0.0,0.0,0.0,0.0,0.0,0.0,0.0,-0.0,0.0,-8.74776778869785e-21,-4.373883894348925e-21,-4.373883894348925e-21,0.0,0.0,-0.0,0.0,0.0,0.0,-0.0,0.0,0.0,0.0,0.0,0.0,4.0,0.0,0.0
12436860,298.201416015625,303.1499938964844,285.1499938964844,0.0,-0.0,287.4425354003906,0.0,0.0,9.301551472162828e-05,298.3458251953125,303.1499938964844,285.1499938964844,0.0,-0.0,287.44293212890625,0.0,0.0,9.794990910449997e-05,298.6724853515625,303.1499938964844,285.1499938964844,0.0,-0.0,287.44287109375,0.0,0.0,7.234548684209585e-05,298.070068359375,303.1499938964844,285.1499938964844,0.0,-0.0,287.443115234375,0.0,0.0,9.794975630939008e-05,298.2677917480469,303.1499938964844,285.1499938964844,0.0,-0.0,287.4424743652344,0.0,0.0,0.0004646317684091,287.3699645996094,294.1499938964844,287.7196960449219,286.449951171875,288.4667053222656,287.8684387207031,287.1493225097656,0.0,0.0,0.0,0.0,1.0,1.0,-0.0009911147644743,4.825169153122033e-09,0.0009911098750308,-0.0116935549303889,0.0,0.0,0.0,-0.0072048562578856,60.0,0.3982601761817932,-0.0,-6.697421639501044e-08,0.0,283.1748046875,287.20037841796875,291.55133056640625,291.9985046386719,293.1499938964844,293.1499938964844,278.1499938964844,0.0,18000.0,313.1499938964844,0.0,18000.0,0.0,0.0,0.0,0.0,0.0,0.0,0.0,0.0,0.0,0.0,-0.0,0.0,-8.74776778869785e-21,-4.373883894348925e-21,-4.373883894348925e-21,0.0,0.0,-0.0,0.0,0.0,0.0,-0.0,0.0,0.0,0.0,0.0,0.0,4.0,0.0,0.0
12436920,298.201416015625,303.1499938964844,285.1499938964844,0.0,-0.0,287.4425354003906,0.0,0.0,9.301551472162828e-05,298.3458251953125,303.1499938964844,285.1499938964844,0.0,-0.0,287.44293212890625,0.0,0.0,9.794990910449997e-05,298.6724853515625,303.1499938964844,285.1499938964844,0.0,-0.0,287.44287109375,0.0,0.0,7.234548684209585e-05,298.070068359375,303.1499938964844,285.1499938964844,0.0,-0.0,287.443115234375,0.0,0.0,9.794975630939008e-05,298.2677917480469,303.1499938964844,285.1499938964844,0.0,-0.0,287.4424743652344,0.0,0.0,0.0004646317684091,287.3699645996094,294.1499938964844,287.7196960449219,286.449951171875,288.4667053222656,287.8684387207031,287.1493225097656,0.0,0.0,0.0,0.0,1.0,1.0,-0.0009911147644743,4.825169153122033e-09,0.0009911098750308,-0.0116935549303889,0.0,0.0,0.0,-0.0072048562578856,60.0,0.3982601761817932,-0.0,-6.697421639501044e-08,0.0,283.1748046875,287.20037841796875,291.55133056640625,291.9985046386719,293.1499938964844,293.1499938964844,278.1499938964844,0.0,18000.0,313.1499938964844,0.0,18000.0,0.0,0.0,0.0,0.0,0.0,0.0,0.0,0.0,0.0,0.0,-0.0,0.0,-8.74776778869785e-21,-4.373883894348925e-21,-4.373883894348925e-21,0.0,0.0,-0.0,0.0,0.0,0.0,-0.0,0.0,0.0,0.0,0.0,0.0,4.0,0.0,0.0
12436980,298.19830322265625,303.1499938964844,285.1499938964844,0.0,-0.0,287.43963623046875,0.0,0.0,9.311836765846238e-05,298.3426513671875,303.1499938964844,285.1499938964844,0.0,-0.0,287.4400329589844,0.0,0.0,9.80582190095447e-05,298.66900634765625,303.1499938964844,285.1499938964844,0.0,-0.0,287.4399719238281,0.0,0.0,7.24254859960638e-05,298.0648498535156,303.1499938964844,285.1499938964844,0.0,-0.0,287.440185546875,0.0,0.0,9.80580662144348e-05,298.26544189453125,303.1499938964844,285.1499938964844,0.0,-0.0,287.4395751953125,0.0,0.0,0.000465145567432,287.3671264648437,294.1499938964844,287.6943664550781,286.42822265625,288.45330810546875,287.8398132324219,287.1497802734375,0.0,0.0,0.0,0.0,1.0,1.0,-0.0009922102326527,4.953256471651457e-09,0.0009922052267938,-0.0120291346684098,0.0,0.0,0.0,-0.0072683552280068,60.0,0.3807806074619293,-0.0,-6.712234323913435e-08,0.0,283.1748046875,287.20037841796875,291.55133056640625,291.9985046386719,293.1499938964844,293.1499938964844,278.1499938964844,0.0,18000.0,313.1499938964844,0.0,18000.0,0.0,0.0,0.0,0.0,0.0,0.0,0.0,0.0,0.0,0.0,-0.0,0.0,-8.74776778869785e-21,-4.373883894348925e-21,-4.373883894348925e-21,0.0,0.0,-0.0,0.0,0.0,0.0,-0.0,0.0,0.0,0.0,0.0,0.0,4.0,0.0,0.0
12437040,298.19830322265625,303.1499938964844,285.1499938964844,0.0,-0.0,287.43963623046875,0.0,0.0,9.311836765846238e-05,298.3426513671875,303.1499938964844,285.1499938964844,0.0,-0.0,287.4400329589844,0.0,0.0,9.80582190095447e-05,298.66900634765625,303.1499938964844,285.1499938964844,0.0,-0.0,287.4399719238281,0.0,0.0,7.24254859960638e-05,298.0648498535156,303.1499938964844,285.1499938964844,0.0,-0.0,287.440185546875,0.0,0.0,9.80580662144348e-05,298.26544189453125,303.1499938964844,285.1499938964844,0.0,-0.0,287.4395751953125,0.0,0.0,0.000465145567432,287.3671264648437,294.1499938964844,287.6943664550781,286.42822265625,288.45330810546875,287.8398132324219,287.1497802734375,0.0,0.0,0.0,0.0,1.0,1.0,-0.0009922102326527,4.953256471651457e-09,0.0009922052267938,-0.0120291346684098,0.0,0.0,0.0,-0.0072683552280068,60.0,0.3807806074619293,-0.0,-6.712234323913435e-08,0.0,283.1748046875,287.20037841796875,291.55133056640625,291.9985046386719,293.1499938964844,293.1499938964844,278.1499938964844,0.0,18000.0,313.1499938964844,0.0,18000.0,0.0,0.0,0.0,0.0,0.0,0.0,0.0,0.0,0.0,0.0,-0.0,0.0,-8.74776778869785e-21,-4.373883894348925e-21,-4.373883894348925e-21,0.0,0.0,-0.0,0.0,0.0,0.0,-0.0,0.0,0.0,0.0,0.0,0.0,4.0,0.0,0.0
12437100,298.1966247558594,303.1499938964844,285.1499938964844,0.0,-0.0,287.4382019042969,0.0,0.0,9.316846990259364e-05,298.3410339355469,303.1499938964844,285.1499938964844,0.0,-0.0,287.4385986328125,0.0,0.0,9.811097697820514e-05,298.6672668457031,303.1499938964844,285.1499938964844,0.0,-0.0,287.43853759765625,0.0,0.0,7.246445602504537e-05,298.062255859375,303.1499938964844,285.1499938964844,0.0,-0.0,287.4387512207031,0.0,0.0,9.811083145905286e-05,298.2642517089844,303.1499938964844,285.1499938964844,0.0,-0.0,287.4381408691406,0.0,0.0,0.0004653958312701,287.3656921386719,294.1499938964844,287.6820983886719,286.4175109863281,288.446533203125,287.8254699707031,287.1499938964844,0.0,0.0,0.0,0.0,1.0,1.0,-0.0009927437640726,5.015647897010922e-09,0.0009927387582138,-0.0121925929561257,0.0,0.0,0.0,-0.0072992849163711,60.0,0.3722997605800628,-0.0,-6.719455569736965e-08,0.0,283.1748046875,287.20037841796875,291.55133056640625,291.9985046386719,293.1499938964844,293.1499938964844,278.1499938964844,0.0,18000.0,313.1499938964844,0.0,18000.0,0.0,0.0,0.0,0.0,0.0,0.0,0.0,0.0,0.0,0.0,-0.0,0.0,-8.74776778869785e-21,-4.373883894348925e-21,-4.373883894348925e-21,0.0,0.0,-0.0,0.0,0.0,0.0,-0.0,0.0,0.0,0.0,0.0,0.0,4.0,0.0,0.0
12437160,298.1949157714844,303.1499938964844,285.1499938964844,0.0,-0.0,287.436767578125,0.0,0.0,9.321734978584573e-05,298.33941650390625,303.1499938964844,285.1499938964844,0.0,-0.0,287.4371643066406,0.0,0.0,9.816244710236788e-05,298.66552734375,303.1499938964844,285.1499938964844,0.0,-0.0,287.4371032714844,0.0,0.0,7.250247290357947e-05,298.0596923828125,303.1499938964844,285.1499938964844,0.0,-0.0,287.43731689453125,0.0,0.0,9.81623015832156e-05,298.2630615234375,303.1499938964844,285.1499938964844,0.0,-0.0,287.43670654296875,0.0,0.0,0.0004656399833038,287.3642883300781,294.1499938964844,287.670166015625,286.4069519042969,288.4397277832031,287.8111572265625,287.1502380371094,0.0,0.0,0.0,0.0,1.0,1.0,-0.0009932642569765,5.076513875934552e-09,0.0009932592511177,-0.0123520549386739,0.0,0.0,0.0,-0.007329458836466,60.0,0.3639878332614898,-0.0,-6.726504153675705e-08,0.0,283.1748046875,287.20037841796875,291.55133056640625,291.9985046386719,293.1499938964844,293.1499938964844,278.1499938964844,0.0,18000.0,313.1499938964844,0.0,18000.0,0.0,0.0,0.0,0.0,0.0,0.0,0.0,0.0,0.0,0.0,-0.0,0.0,-8.74776778869785e-21,-4.373883894348925e-21,-4.373883894348925e-21,0.0,0.0,-0.0,0.0,0.0,0.0,-0.0,0.0,0.0,0.0,0.0,0.0,4.0,0.0,0.0
12437220,298.1913452148437,303.1499938964844,285.1499938964844,0.0,-0.0,287.4339294433594,0.0,0.0,9.33108603931032e-05,298.3362121582031,303.1499938964844,285.1499938964844,0.0,-0.0,287.434326171875,0.0,0.0,9.826091991271824e-05,298.6620178222656,303.1499938964844,285.1499938964844,0.0,-0.0,287.43426513671875,0.0,0.0,7.257520337589085e-05,298.0546569824219,303.1499938964844,285.1499938964844,0.0,-0.0,287.4344787597656,0.0,0.0,9.826077439356597e-05,298.2607116699219,303.1499938964844,285.1499938964844,0.0,-0.0,287.4338684082031,0.0,0.0,0.0004661071288865,287.36151123046875,294.1499938964844,287.6473083496094,286.3862609863281,288.4259338378906,287.7828063964844,287.1506652832031,0.0,0.0,0.0,0.0,1.0,1.0,-0.0009942601900547,5.192963836719855e-09,0.0009942550677806,-0.0126571375876665,0.0,0.0,0.0,-0.0073871887288987,60.0,0.3479787409305572,-0.0,-6.739999491855998e-08,0.0,283.1748046875,287.20037841796875,291.55133056640625,291.9985046386719,293.1499938964844,293.1499938964844,278.1499938964844,0.0,18000.0,313.1499938964844,0.0,18000.0,0.0,0.0,0.0,0.0,0.0,0.0,0.0,0.0,0.0,0.0,-0.0,0.0,-8.74776778869785e-21,-4.373883894348925e-21,-4.373883894348925e-21,0.0,0.0,-0.0,0.0,0.0,0.0,-0.0,0.0,0.0,0.0,0.0,0.0,4.0,0.0,0.0
12437280,298.1913452148437,303.1499938964844,285.1499938964844,0.0,-0.0,287.4339294433594,0.0,0.0,9.33108603931032e-05,298.3362121582031,303.1499938964844,285.1499938964844,0.0,-0.0,287.434326171875,0.0,0.0,9.826091991271824e-05,298.6620178222656,303.1499938964844,285.1499938964844,0.0,-0.0,287.43426513671875,0.0,0.0,7.257520337589085e-05,298.0546569824219,303.1499938964844,285.1499938964844,0.0,-0.0,287.4344787597656,0.0,0.0,9.826077439356597e-05,298.2607116699219,303.1499938964844,285.1499938964844,0.0,-0.0,287.4338684082031,0.0,0.0,0.0004661071288865,287.36151123046875,294.1499938964844,287.6473083496094,286.3862609863281,288.4259338378906,287.7828063964844,287.1506652832031,0.0,0.0,0.0,0.0,1.0,1.0,-0.0009942601900547,5.192963836719855e-09,0.0009942550677806,-0.0126571375876665,0.0,0.0,0.0,-0.0073871887288987,60.0,0.3479787409305572,-0.0,-6.739999491855998e-08,0.0,283.1748046875,287.20037841796875,291.55133056640625,291.9985046386719,293.1499938964844,293.1499938964844,278.1499938964844,0.0,18000.0,313.1499938964844,0.0,18000.0,0.0,0.0,0.0,0.0,0.0,0.0,0.0,0.0,0.0,0.0,-0.0,0.0,-8.74776778869785e-21,-4.373883894348925e-21,-4.373883894348925e-21,0.0,0.0,-0.0,0.0,0.0,0.0,-0.0,0.0,0.0,0.0,0.0,0.0,4.0,0.0,0.0
12437340,298.1877136230469,303.1499938964844,285.1499938964844,0.0,-0.0,287.4310913085937,0.0,0.0,9.33978517423384e-05,298.3329772949219,303.1499938964844,285.1499938964844,0.0,-0.0,287.4314880371094,0.0,0.0,9.83525242190808e-05,298.65850830078125,303.1499938964844,285.1499938964844,0.0,-0.0,287.4314270019531,0.0,0.0,7.264286250574514e-05,298.0497436523437,303.1499938964844,285.1499938964844,0.0,-0.0,287.431640625,0.0,0.0,9.835237869992852e-05,298.25836181640625,303.1499938964844,285.1499938964844,0.0,-0.0,287.4310607910156,0.0,0.0,0.0004665416490752,287.3587646484375,294.1499938964844,287.6260070800781,286.3662414550781,288.4119873046875,287.75506591796875,287.1510925292969,0.0,0.0,0.0,0.0,1.0,1.0,-0.0009951866231858,5.301283412251223e-09,0.000995181268081,-0.0129409162327647,0.0,0.0,0.0,-0.0074408873915672,60.0,0.332907497882843,-0.0,-6.75256472959518e-08,0.0,283.1748046875,287.20037841796875,291.55133056640625,291.9985046386719,293.1499938964844,293.1499938964844,278.1499938964844,0.0,18000.0,313.1499938964844,0.0,18000.0,0.0,0.0,0.0,0.0,0.0,0.0,0.0,0.0,0.0,0.0,-0.0,0.0,-8.74776778869785e-21,-4.373883894348925e-21,-4.373883894348925e-21,0.0,0.0,-0.0,0.0,0.0,0.0,-0.0,0.0,0.0,0.0,0.0,0.0,4.0,0.0,0.0
12437400,298.1877136230469,303.1499938964844,285.1499938964844,0.0,-0.0,287.4310913085937,0.0,0.0,9.33978517423384e-05,298.3329772949219,303.1499938964844,285.1499938964844,0.0,-0.0,287.4314880371094,0.0,0.0,9.83525242190808e-05,298.65850830078125,303.1499938964844,285.1499938964844,0.0,-0.0,287.4314270019531,0.0,0.0,7.264286250574514e-05,298.0497436523437,303.1499938964844,285.1499938964844,0.0,-0.0,287.431640625,0.0,0.0,9.835237869992852e-05,298.25836181640625,303.1499938964844,285.1499938964844,0.0,-0.0,287.4310607910156,0.0,0.0,0.0004665416490752,287.3587646484375,294.1499938964844,287.6260070800781,286.3662414550781,288.4119873046875,287.75506591796875,287.1510925292969,0.0,0.0,0.0,0.0,1.0,1.0,-0.0009951866231858,5.301283412251223e-09,0.000995181268081,-0.0129409162327647,0.0,0.0,0.0,-0.0074408873915672,60.0,0.332907497882843,-0.0,-6.75256472959518e-08,0.0,283.1748046875,287.20037841796875,291.55133056640625,291.9985046386719,293.1499938964844,293.1499938964844,278.1499938964844,0.0,18000.0,313.1499938964844,0.0,18000.0,0.0,0.0,0.0,0.0,0.0,0.0,0.0,0.0,0.0,0.0,-0.0,0.0,-8.74776778869785e-21,-4.373883894348925e-21,-4.373883894348925e-21,0.0,0.0,-0.0,0.0,0.0,0.0,-0.0,0.0,0.0,0.0,0.0,0.0,4.0,0.0,0.0
12437460,298.1840209960937,303.1499938964844,285.1499938964844,0.0,-0.0,287.4283142089844,0.0,0.0,9.347641025669871e-05,298.3297119140625,303.1499938964844,285.1499938964844,0.0,-0.0,287.4286804199219,0.0,0.0,9.843525185715408e-05,298.655029296875,303.1499938964844,285.1499938964844,0.0,-0.0,287.4286193847656,0.0,0.0,7.270395872183144e-05,298.0450134277344,303.1499938964844,285.1499938964844,0.0,-0.0,287.4288330078125,0.0,0.0,9.84351063380018e-05,298.2560119628906,303.1499938964844,285.1499938964844,0.0,-0.0,287.4282531738281,0.0,0.0,0.0004669340560212,287.3560485839844,294.1499938964844,287.6064758300781,286.3469543457031,288.3979187011719,287.7282409667969,287.1514892578125,0.0,0.0,0.0,0.0,1.0,1.0,-0.0009960231836885,5.399098945702008e-09,0.0009960177121683,-0.013197174295783,0.0,0.0,0.0,-0.007489379029721,60.0,0.318905770778656,-0.0,-6.763922044683568e-08,0.0,283.1748046875,287.20037841796875,291.55133056640625,291.9985046386719,293.1499938964844,293.1499938964844,278.1499938964844,0.0,18000.0,313.1499938964844,0.0,18000.0,0.0,0.0,0.0,0.0,0.0,0.0,0.0,0.0,0.0,0.0,-0.0,0.0,-8.74776778869785e-21,-4.373883894348925e-21,-4.373883894348925e-21,0.0,0.0,-0.0,0.0,0.0,0.0,-0.0,0.0,0.0,0.0,0.0,0.0,4.0,0.0,0.0
12437520,298.1840209960937,303.1499938964844,285.1499938964844,0.0,-0.0,287.4283142089844,0.0,0.0,9.347641025669871e-05,298.3297119140625,303.1499938964844,285.1499938964844,0.0,-0.0,287.4286804199219,0.0,0.0,9.843525185715408e-05,298.655029296875,303.1499938964844,285.1499938964844,0.0,-0.0,287.4286193847656,0.0,0.0,7.270395872183144e-05,298.0450134277344,303.1499938964844,285.1499938964844,0.0,-0.0,287.4288330078125,0.0,0.0,9.84351063380018e-05,298.2560119628906,303.1499938964844,285.1499938964844,0.0,-0.0,287.4282531738281,0.0,0.0,0.0004669340560212,287.3560485839844,294.1499938964844,287.6064758300781,286.3469543457031,288.3979187011719,287.7282409667969,287.1514892578125,0.0,0.0,0.0,0.0,1.0,1.0,-0.0009960231836885,5.399098945702008e-09,0.0009960177121683,-0.013197174295783,0.0,0.0,0.0,-0.007489379029721,60.0,0.318905770778656,-0.0,-6.763922044683568e-08,0.0,283.1748046875,287.20037841796875,291.55133056640625,291.9985046386719,293.1499938964844,293.1499938964844,278.1499938964844,0.0,18000.0,313.1499938964844,0.0,18000.0,0.0,0.0,0.0,0.0,0.0,0.0,0.0,0.0,0.0,0.0,-0.0,0.0,-8.74776778869785e-21,-4.373883894348925e-21,-4.373883894348925e-21,0.0,0.0,-0.0,0.0,0.0,0.0,-0.0,0.0,0.0,0.0,0.0,0.0,4.0,0.0,0.0
12437580,298.1803283691406,303.1499938964844,285.1499938964844,0.0,-0.0,287.425537109375,0.0,0.0,9.35447242227383e-05,298.32647705078125,303.1499938964844,285.1499938964844,0.0,-0.0,287.4259033203125,0.0,0.0,9.85071892500855e-05,298.6515197753906,303.1499938964844,285.1499938964844,0.0,-0.0,287.42584228515625,0.0,0.0,7.275709504028782e-05,298.0404357910156,303.1499938964844,285.1499938964844,0.0,-0.0,287.4260559082031,0.0,0.0,9.850705100689083e-05,298.2536926269531,303.1499938964844,285.1499938964844,0.0,-0.0,287.42547607421875,0.0,0.0,0.0004672753275372,287.3533630371094,294.1499938964844,287.5888977050781,286.3285217285156,288.3837890625,287.70263671875,287.1518859863281,0.0,0.0,0.0,0.0,1.0,1.0,-0.0009967505466192,5.484154019796961e-09,0.0009967450750991,-0.0134199997410178,0.0,0.0,0.0,-0.0075315446592867,60.0,0.3061183989048004,-0.0,-6.773804983595255e-08,0.0,283.1748046875,287.20037841796875,291.55133056640625,291.9985046386719,293.1499938964844,293.1499938964844,278.1499938964844,0.0,18000.0,313.1499938964844,0.0,18000.0,0.0,0.0,0.0,0.0,0.0,0.0,0.0,0.0,0.0,0.0,-0.0,0.0,-8.74776778869785e-21,-4.373883894348925e-21,-4.373883894348925e-21,0.0,0.0,-0.0,0.0,0.0,0.0,-0.0,0.0,0.0,0.0,0.0,0.0,4.0,0.0,0.0
12437640,298.1803283691406,303.1499938964844,285.1499938964844,0.0,-0.0,287.425537109375,0.0,0.0,9.35447242227383e-05,298.32647705078125,303.1499938964844,285.1499938964844,0.0,-0.0,287.4259033203125,0.0,0.0,9.85071892500855e-05,298.6515197753906,303.1499938964844,285.1499938964844,0.0,-0.0,287.42584228515625,0.0,0.0,7.275709504028782e-05,298.0404357910156,303.1499938964844,285.1499938964844,0.0,-0.0,287.4260559082031,0.0,0.0,9.850705100689083e-05,298.2536926269531,303.1499938964844,285.1499938964844,0.0,-0.0,287.42547607421875,0.0,0.0,0.0004672753275372,287.3533630371094,294.1499938964844,287.5888977050781,286.3285217285156,288.3837890625,287.70263671875,287.1518859863281,0.0,0.0,0.0,0.0,1.0,1.0,-0.0009967505466192,5.484154019796961e-09,0.0009967450750991,-0.0134199997410178,0.0,0.0,0.0,-0.0075315446592867,60.0,0.3061183989048004,-0.0,-6.773804983595255e-08,0.0,283.1748046875,287.20037841796875,291.55133056640625,291.9985046386719,293.1499938964844,293.1499938964844,278.1499938964844,0.0,18000.0,313.1499938964844,0.0,18000.0,0.0,0.0,0.0,0.0,0.0,0.0,0.0,0.0,0.0,0.0,-0.0,0.0,-8.74776778869785e-21,-4.373883894348925e-21,-4.373883894348925e-21,0.0,0.0,-0.0,0.0,0.0,0.0,-0.0,0.0,0.0,0.0,0.0,0.0,4.0,0.0,0.0
12437700,298.1784973144531,303.1499938964844,285.1499938964844,0.0,-0.0,287.42413330078125,0.0,0.0,9.357454837299883e-05,298.3248291015625,303.1499938964844,285.1499938964844,0.0,-0.0,287.42449951171875,0.0,0.0,9.853859228314832e-05,298.6497802734375,303.1499938964844,285.1499938964844,0.0,-0.0,287.4244689941406,0.0,0.0,7.278029079316184e-05,298.0382385253906,303.1499938964844,285.1499938964844,0.0,-0.0,287.4246520996094,0.0,0.0,9.853845403995364e-05,298.2525329589844,303.1499938964844,285.1499938964844,0.0,-0.0,287.424072265625,0.0,0.0,0.0004674242809414,287.35205078125,294.1499938964844,287.5809020996094,286.3196716308594,288.3766784667969,287.6903686523437,287.152099609375,0.0,0.0,0.0,0.0,1.0,1.0,-0.0009970681276172,5.521277213205167e-09,0.0009970625396817,-0.0135172540321946,0.0,0.0,0.0,-0.0075499480590224,60.0,0.3002207577228546,-0.0,-6.778120820172262e-08,0.0,283.1748046875,287.20037841796875,291.55133056640625,291.9985046386719,293.1499938964844,293.1499938964844,278.1499938964844,0.0,18000.0,313.1499938964844,0.0,18000.0,0.0,0.0,0.0,0.0,0.0,0.0,0.0,0.0,0.0,0.0,-0.0,0.0,-8.74776778869785e-21,-4.373883894348925e-21,-4.373883894348925e-21,0.0,0.0,-0.0,0.0,0.0,0.0,-0.0,0.0,0.0,0.0,0.0,0.0,4.0,0.0,0.0
12437760,298.1766357421875,303.1499938964844,285.1499938964844,0.0,-0.0,287.4227600097656,0.0,0.0,9.36010546865873e-05,298.3232116699219,303.1499938964844,285.1499938964844,0.0,-0.0,287.4231262207031,0.0,0.0,9.856651013251394e-05,298.6480407714844,303.1499938964844,285.1499938964844,0.0,-0.0,287.4230651855469,0.0,0.0,7.280091085704044e-05,298.0361022949219,303.1499938964844,285.1499938964844,0.0,-0.0,287.4232788085937,0.0,0.0,9.856637188931928e-05,298.2514038085937,303.1499938964844,285.1499938964844,0.0,-0.0,287.4226989746094,0.0,0.0,0.00046755670337,287.3507080078125,294.1499938964844,287.573486328125,286.31103515625,288.3695983886719,287.67852783203125,287.1522827148437,0.0,0.0,0.0,0.0,1.0,1.0,-0.0009973503183573,5.554277482389125e-09,0.0009973447304219,-0.013603706844151,0.0,0.0,0.0,-0.0075663081370294,60.0,0.2946859300136566,-0.0,-6.781958461488102e-08,0.0,283.1748046875,287.20037841796875,291.55133056640625,291.9985046386719,293.1499938964844,293.1499938964844,278.1499938964844,0.0,18000.0,313.1499938964844,0.0,18000.0,0.0,0.0,0.0,0.0,0.0,0.0,0.0,0.0,0.0,0.0,-0.0,0.0,-8.74776778869785e-21,-4.373883894348925e-21,-4.373883894348925e-21,0.0,0.0,-0.0,0.0,0.0,0.0,-0.0,0.0,0.0,0.0,0.0,0.0,4.0,0.0,0.0
12437820,298.1729736328125,303.1499938964844,285.1499938964844,0.0,-0.0,287.4200439453125,0.0,0.0,9.364321158500388e-05,298.3199768066406,303.1499938964844,285.1499938964844,0.0,-0.0,287.42041015625,0.0,0.0,9.861089347396046e-05,298.6445617675781,303.1499938964844,285.1499938964844,0.0,-0.0,287.4203491210937,0.0,0.0,7.283368904609233e-05,298.0320129394531,303.1499938964844,285.1499938964844,0.0,-0.0,287.4205322265625,0.0,0.0,9.86107552307658e-05,298.2491760253906,303.1499938964844,285.1499938964844,0.0,-0.0,287.41998291015625,0.0,0.0,0.0004677672695834,287.3480834960937,294.1499938964844,287.5604553222656,286.2945861816406,288.3554077148437,287.6561889648437,287.1526794433594,0.0,0.0,0.0,0.0,1.0,1.0,-0.0009977989830076,5.6067355203026645e-09,0.0009977933950722,-0.0137411328032612,0.0,0.0,0.0,-0.0075923139229416,60.0,0.2847588062286377,-0.0,-6.78806060250281e-08,0.0,283.1748046875,287.20037841796875,291.55133056640625,291.9985046386719,293.1499938964844,293.1499938964844,278.1499938964844,0.0,18000.0,313.1499938964844,0.0,18000.0,0.0,0.0,0.0,0.0,0.0,0.0,0.0,0.0,0.0,0.0,-0.0,0.0,-8.74776778869785e-21,-4.373883894348925e-21,-4.373883894348925e-21,0.0,0.0,-0.0,0.0,0.0,0.0,-0.0,0.0,0.0,0.0,0.0,0.0,4.0,0.0,0.0
12437880,298.1729736328125,303.1499938964844,285.1499938964844,0.0,-0.0,287.4200439453125,0.0,0.0,9.364321158500388e-05,298.3199768066406,303.1499938964844,285.1499938964844,0.0,-0.0,287.42041015625,0.0,0.0,9.861089347396046e-05,298.6445617675781,303.1499938964844,285.1499938964844,0.0,-0.0,287.4203491210937,0.0,0.0,7.283368904609233e-05,298.0320129394531,303.1499938964844,285.1499938964844,0.0,-0.0,287.4205322265625,0.0,0.0,9.86107552307658e-05,298.2491760253906,303.1499938964844,285.1499938964844,0.0,-0.0,287.41998291015625,0.0,0.0,0.0004677672695834,287.3480834960937,294.1499938964844,287.5604553222656,286.2945861816406,288.3554077148437,287.6561889648437,287.1526794433594,0.0,0.0,0.0,0.0,1.0,1.0,-0.0009977989830076,5.6067355203026645e-09,0.0009977933950722,-0.0137411328032612,0.0,0.0,0.0,-0.0075923139229416,60.0,0.2847588062286377,-0.0,-6.78806060250281e-08,0.0,283.1748046875,287.20037841796875,291.55133056640625,291.9985046386719,293.1499938964844,293.1499938964844,278.1499938964844,0.0,18000.0,313.1499938964844,0.0,18000.0,0.0,0.0,0.0,0.0,0.0,0.0,0.0,0.0,0.0,0.0,-0.0,0.0,-8.74776778869785e-21,-4.373883894348925e-21,-4.373883894348925e-21,0.0,0.0,-0.0,0.0,0.0,0.0,-0.0,0.0,0.0,0.0,0.0,0.0,4.0,0.0,0.0
12437940,298.17022705078125,303.1499938964844,285.1499938964844,0.0,-0.0,287.41796875,0.0,0.0,9.366500307805836e-05,298.3175048828125,303.1499938964844,285.1499938964844,0.0,-0.0,287.4183349609375,0.0,0.0,9.86338418442756e-05,298.6419677734375,303.1499938964844,285.1499938964844,0.0,-0.0,287.41827392578125,0.0,0.0,7.285063475137576e-05,298.029052734375,303.1499938964844,285.1499938964844,0.0,-0.0,287.4184875488281,0.0,0.0,9.863370360108092e-05,298.2475280761719,303.1499938964844,285.1499938964844,0.0,-0.0,287.4179077148437,0.0,0.0,0.0004678760888054,287.3461303710937,294.1499938964844,287.5522766113281,286.2828369140625,288.3446655273437,287.6405334472656,287.1529541015625,0.0,0.0,0.0,0.0,1.0,1.0,-0.0009980308823287,5.633838284779813e-09,0.0009980251779779,-0.0138121349737048,0.0,0.0,0.0,-0.0076057501137256,60.0,0.2782686054706573,-0.0,-6.791214701706849e-08,0.0,283.1748046875,287.20037841796875,291.55133056640625,291.9985046386719,293.1499938964844,293.1499938964844,278.1499938964844,0.0,18000.0,313.1499938964844,0.0,18000.0,0.0,0.0,0.0,0.0,0.0,0.0,0.0,0.0,0.0,0.0,-0.0,0.0,-8.74776778869785e-21,-4.373883894348925e-21,-4.373883894348925e-21,0.0,0.0,-0.0,0.0,0.0,0.0,-0.0,0.0,0.0,0.0,0.0,0.0,4.0,0.0,0.0
12438000,298.1693725585937,303.1499938964844,285.1499938964844,0.0,-0.0,287.4173278808594,0.0,0.0,9.36699434532784e-05,298.31671142578125,303.1499938964844,285.1499938964844,0.0,-0.0,287.4176940917969,0.0,0.0,9.863904415396972e-05,298.6411437988281,303.1499938964844,285.1499938964844,0.0,-0.0,287.4176330566406,0.0,0.0,7.285448373295367e-05,298.0281677246094,303.1499938964844,285.1499938964844,0.0,-0.0,287.4178161621094,0.0,0.0,9.863891318673268e-05,298.2470092773437,303.1499938964844,285.1499938964844,0.0,-0.0,287.4172668457031,0.0,0.0,0.0004679007979575,287.34552001953125,294.1499938964844,287.54998779296875,286.2792663574219,288.3412780761719,287.63580322265625,287.1530456542969,0.0,0.0,0.0,0.0,1.0,1.0,-0.0009980833856388,5.639984923533348e-09,0.0009980777977034,-0.0138282375410199,0.0,0.0,0.0,-0.0076087974011898,60.0,0.2764151990413666,-0.0,-6.79193021824176e-08,0.0,283.1748046875,287.20037841796875,291.55133056640625,291.9985046386719,293.1499938964844,293.1499938964844,278.1499938964844,0.0,18000.0,313.1499938964844,0.0,18000.0,0.0,0.0,0.0,0.0,0.0,0.0,0.0,0.0,0.0,0.0,-0.0,0.0,-8.74776778869785e-21,-4.373883894348925e-21,-4.373883894348925e-21,0.0,0.0,-0.0,0.0,0.0,0.0,-0.0,0.0,0.0,0.0,0.0,0.0,4.0,0.0,0.0
12438060,298.165771484375,303.1499938964844,285.1499938964844,0.0,-0.0,287.4146423339844,0.0,0.0,9.368555765831844e-05,298.3135070800781,303.1499938964844,285.1499938964844,0.0,-0.0,287.4149780273437,0.0,0.0,9.865548054222018e-05,298.6377258300781,303.1499938964844,285.1499938964844,0.0,-0.0,287.4149475097656,0.0,0.0,7.286662730621174e-05,298.02459716796875,303.1499938964844,285.1499938964844,0.0,-0.0,287.4151306152344,0.0,0.0,9.865534957498312e-05,298.24493408203125,303.1499938964844,285.1499938964844,0.0,-0.0,287.4145812988281,0.0,0.0,0.0004679787671193,287.34295654296875,294.1499938964844,287.5417785644531,286.2650451660156,288.32720947265625,287.6176147460937,287.1534118652344,0.0,0.0,0.0,0.0,1.0,1.0,-0.0009982492774724,5.6593738584354014e-09,0.0009982435731217,-0.0138790309429168,0.0,0.0,0.0,-0.0076184095814824,60.0,0.2697192728519439,-0.0,-6.79418761251327e-08,0.0,283.1748046875,287.20037841796875,291.55133056640625,291.9985046386719,293.1499938964844,293.1499938964844,278.1499938964844,0.0,18000.0,313.1499938964844,0.0,18000.0,0.0,0.0,0.0,0.0,0.0,0.0,0.0,0.0,0.0,0.0,-0.0,0.0,-8.74776778869785e-21,-4.373883894348925e-21,-4.373883894348925e-21,0.0,0.0,-0.0,0.0,0.0,0.0,-0.0,0.0,0.0,0.0,0.0,0.0,4.0,0.0,0.0
12438120,298.165771484375,303.1499938964844,285.1499938964844,0.0,-0.0,287.4146423339844,0.0,0.0,9.368555765831844e-05,298.3135070800781,303.1499938964844,285.1499938964844,0.0,-0.0,287.4149780273437,0.0,0.0,9.865548054222018e-05,298.6377258300781,303.1499938964844,285.1499938964844,0.0,-0.0,287.4149475097656,0.0,0.0,7.286662730621174e-05,298.02459716796875,303.1499938964844,285.1499938964844,0.0,-0.0,287.4151306152344,0.0,0.0,9.865534957498312e-05,298.24493408203125,303.1499938964844,285.1499938964844,0.0,-0.0,287.4145812988281,0.0,0.0,0.0004679787671193,287.34295654296875,294.1499938964844,287.5417785644531,286.2650451660156,288.32720947265625,287.6176147460937,287.1534118652344,0.0,0.0,0.0,0.0,1.0,1.0,-0.0009982492774724,5.6593738584354014e-09,0.0009982435731217,-0.0138790309429168,0.0,0.0,0.0,-0.0076184095814824,60.0,0.2697192728519439,-0.0,-6.79418761251327e-08,0.0,283.1748046875,287.20037841796875,291.55133056640625,291.9985046386719,293.1499938964844,293.1499938964844,278.1499938964844,0.0,18000.0,313.1499938964844,0.0,18000.0,0.0,0.0,0.0,0.0,0.0,0.0,0.0,0.0,0.0,0.0,-0.0,0.0,-8.74776778869785e-21,-4.373883894348925e-21,-4.373883894348925e-21,0.0,0.0,-0.0,0.0,0.0,0.0,-0.0,0.0,0.0,0.0,0.0,0.0,4.0,0.0,0.0
12438180,298.1622314453125,303.1499938964844,285.1499938964844,0.0,-0.0,287.4119873046875,0.0,0.0,9.369678446091712e-05,298.310302734375,303.1499938964844,285.1499938964844,0.0,-0.0,287.4123229980469,0.0,0.0,9.866731124930084e-05,298.6343994140625,303.1499938964844,285.1499938964844,0.0,-0.0,287.4122619628906,0.0,0.0,7.287535845534876e-05,298.021240234375,303.1499938964844,285.1499938964844,0.0,-0.0,287.4124755859375,0.0,0.0,9.866718028206378e-05,298.2428894042969,303.1499938964844,285.1499938964844,0.0,-0.0,287.41192626953125,0.0,0.0,0.0004680348793044,287.3404235839844,294.1499938964844,287.5351867675781,286.25177001953125,288.31329345703125,287.6017150878906,287.1537475585937,0.0,0.0,0.0,0.0,1.0,1.0,-0.000998368486762,5.6733115982865465e-09,0.0009983627824112,-0.0139155443757772,0.0,0.0,0.0,-0.0076253190636634,60.0,0.2643733024597168,-0.0,-6.79580978157901e-08,0.0,283.1748046875,287.20037841796875,291.55133056640625,291.9985046386719,293.1499938964844,293.1499938964844,278.1499938964844,0.0,18000.0,313.1499938964844,0.0,18000.0,0.0,0.0,0.0,0.0,0.0,0.0,0.0,0.0,0.0,0.0,-0.0,0.0,-8.74776778869785e-21,-4.373883894348925e-21,-4.373883894348925e-21,0.0,0.0,-0.0,0.0,0.0,0.0,-0.0,0.0,0.0,0.0,0.0,0.0,4.0,0.0,0.0
12438240,298.1622314453125,303.1499938964844,285.1499938964844,0.0,-0.0,287.4119873046875,0.0,0.0,9.369678446091712e-05,298.310302734375,303.1499938964844,285.1499938964844,0.0,-0.0,287.4123229980469,0.0,0.0,9.866731124930084e-05,298.6343994140625,303.1499938964844,285.1499938964844,0.0,-0.0,287.4122619628906,0.0,0.0,7.287535845534876e-05,298.021240234375,303.1499938964844,285.1499938964844,0.0,-0.0,287.4124755859375,0.0,0.0,9.866718028206378e-05,298.2428894042969,303.1499938964844,285.1499938964844,0.0,-0.0,287.41192626953125,0.0,0.0,0.0004680348793044,287.3404235839844,294.1499938964844,287.5351867675781,286.25177001953125,288.31329345703125,287.6017150878906,287.1537475585937,0.0,0.0,0.0,0.0,1.0,1.0,-0.000998368486762,5.6733115982865465e-09,0.0009983627824112,-0.0139155443757772,0.0,0.0,0.0,-0.0076253190636634,60.0,0.2643733024597168,-0.0,-6.79580978157901e-08,0.0,283.1748046875,287.20037841796875,291.55133056640625,291.9985046386719,293.1499938964844,293.1499938964844,278.1499938964844,0.0,18000.0,313.1499938964844,0.0,18000.0,0.0,0.0,0.0,0.0,0.0,0.0,0.0,0.0,0.0,0.0,-0.0,0.0,-8.74776778869785e-21,-4.373883894348925e-21,-4.373883894348925e-21,0.0,0.0,-0.0,0.0,0.0,0.0,-0.0,0.0,0.0,0.0,0.0,0.0,4.0,0.0,0.0
12438300,298.1604919433594,303.1499938964844,285.1499938964844,0.0,-0.0,287.41064453125,0.0,0.0,9.37007789616473e-05,298.3086853027344,303.1499938964844,285.1499938964844,0.0,-0.0,287.4110107421875,0.0,0.0,9.867150947684422e-05,298.6327209472656,303.1499938964844,285.1499938964844,0.0,-0.0,287.41094970703125,0.0,0.0,7.287846528925002e-05,298.01959228515625,303.1499938964844,285.1499938964844,0.0,-0.0,287.4111328125,0.0,0.0,9.867137850960717e-05,298.2419128417969,303.1499938964844,285.1499938964844,0.0,-0.0,287.4106140136719,0.0,0.0,0.0004680548154283,287.33917236328125,294.1499938964844,287.5325012207031,286.2455139160156,288.306396484375,287.5945129394531,287.1539306640625,0.0,0.0,0.0,0.0,1.0,1.0,-0.0009984107455238,5.678253423013757e-09,0.0009984050411731,-0.0139284906908869,0.0,0.0,0.0,-0.007627768907696,60.0,0.2620989978313446,-0.0,-6.796385321194975e-08,0.0,283.1748046875,287.20037841796875,291.55133056640625,291.9985046386719,293.1499938964844,293.1499938964844,278.1499938964844,0.0,18000.0,313.1499938964844,0.0,18000.0,0.0,0.0,0.0,0.0,0.0,0.0,0.0,0.0,0.0,0.0,-0.0,0.0,-8.74776778869785e-21,-4.373883894348925e-21,-4.373883894348925e-21,0.0,0.0,-0.0,0.0,0.0,0.0,-0.0,0.0,0.0,0.0,0.0,0.0,4.0,0.0,0.0
12438360,298.15875244140625,303.1499938964844,285.1499938964844,0.0,-0.0,287.4093322753906,0.0,0.0,9.370355837745592e-05,298.3070983886719,303.1499938964844,285.1499938964844,0.0,-0.0,287.4096984863281,0.0,0.0,9.867444168776274e-05,298.6310729980469,303.1499938964844,285.1499938964844,0.0,-0.0,287.4096374511719,0.0,0.0,7.288062624866143e-05,298.0180053710937,303.1499938964844,285.1499938964844,0.0,-0.0,287.4098205566406,0.0,0.0,9.867431072052568e-05,298.2409362792969,303.1499938964844,285.1499938964844,0.0,-0.0,287.4093017578125,0.0,0.0,0.0004680686979554,287.3379211425781,294.1499938964844,287.5301513671875,286.23944091796875,288.2995300292969,287.5878295898437,287.1540832519531,0.0,0.0,0.0,0.0,1.0,1.0,-0.0009984400821849,5.681688008962737e-09,0.0009984343778342,-0.0139374881982803,0.0,0.0,0.0,-0.0076294718310236,60.0,0.2600957751274109,-0.0,-6.796785356755208e-08,0.0,283.1748046875,287.20037841796875,291.55133056640625,291.9985046386719,293.1499938964844,293.1499938964844,278.1499938964844,0.0,18000.0,313.1499938964844,0.0,18000.0,0.0,0.0,0.0,0.0,0.0,0.0,0.0,0.0,0.0,0.0,-0.0,0.0,-8.74776778869785e-21,-4.373883894348925e-21,-4.373883894348925e-21,0.0,0.0,-0.0,0.0,0.0,0.0,-0.0,0.0,0.0,0.0,0.0,0.0,4.0,0.0,0.0
12438420,298.1553039550781,303.1499938964844,285.1499938964844,0.0,-0.0,287.40673828125,0.0,0.0,9.370572661282496e-05,298.303955078125,303.1499938964844,285.1499938964844,0.0,-0.0,287.4070739746094,0.0,0.0,9.867671906249598e-05,298.6278076171875,303.1499938964844,285.1499938964844,0.0,-0.0,287.4070129394531,0.0,0.0,7.28823069948703e-05,298.0149230957031,303.1499938964844,285.1499938964844,0.0,-0.0,287.4071960449219,0.0,0.0,9.867658809525892e-05,298.2390441894531,303.1499938964844,285.1499938964844,0.0,-0.0,287.4066772460937,0.0,0.0,0.0004680795245803,287.3354797363281,294.1499938964844,287.52655029296875,286.2279052734375,288.2859191894531,287.5758972167969,287.1544189453125,0.0,0.0,0.0,0.0,1.0,1.0,-0.0009984626667574,5.6843298956721355e-09,0.0009984570788219,-0.0139444088563323,0.0,0.0,0.0,-0.0076307817362248,60.0,0.2568376660346985,-0.0,-6.797093021759792e-08,0.0,283.1748046875,287.20037841796875,291.55133056640625,291.9985046386719,293.1499938964844,293.1499938964844,278.1499938964844,0.0,18000.0,313.1499938964844,0.0,18000.0,0.0,0.0,0.0,0.0,0.0,0.0,0.0,0.0,0.0,0.0,-0.0,0.0,-8.74776778869785e-21,-4.373883894348925e-21,-4.373883894348925e-21,0.0,0.0,-0.0,0.0,0.0,0.0,-0.0,0.0,0.0,0.0,0.0,0.0,4.0,0.0,0.0
12438480,298.1553039550781,303.1499938964844,285.1499938964844,0.0,-0.0,287.40673828125,0.0,0.0,9.370572661282496e-05,298.303955078125,303.1499938964844,285.1499938964844,0.0,-0.0,287.4070739746094,0.0,0.0,9.867671906249598e-05,298.6278076171875,303.1499938964844,285.1499938964844,0.0,-0.0,287.4070129394531,0.0,0.0,7.28823069948703e-05,298.0149230957031,303.1499938964844,285.1499938964844,0.0,-0.0,287.4071960449219,0.0,0.0,9.867658809525892e-05,298.2390441894531,303.1499938964844,285.1499938964844,0.0,-0.0,287.4066772460937,0.0,0.0,0.0004680795245803,287.3354797363281,294.1499938964844,287.52655029296875,286.2279052734375,288.2859191894531,287.5758972167969,287.1544189453125,0.0,0.0,0.0,0.0,1.0,1.0,-0.0009984626667574,5.6843298956721355e-09,0.0009984570788219,-0.0139444088563323,0.0,0.0,0.0,-0.0076307817362248,60.0,0.2568376660346985,-0.0,-6.797093021759792e-08,0.0,283.1748046875,287.20037841796875,291.55133056640625,291.9985046386719,293.1499938964844,293.1499938964844,278.1499938964844,0.0,18000.0,313.1499938964844,0.0,18000.0,0.0,0.0,0.0,0.0,0.0,0.0,0.0,0.0,0.0,0.0,-0.0,0.0,-8.74776778869785e-21,-4.373883894348925e-21,-4.373883894348925e-21,0.0,0.0,-0.0,0.0,0.0,0.0,-0.0,0.0,0.0,0.0,0.0,0.0,4.0,0.0,0.0
12438540,298.1518859863281,303.1499938964844,285.1499938964844,0.0,-0.0,287.4041442871094,0.0,0.0,9.370360930915922e-05,298.3008117675781,303.1499938964844,285.1499938964844,0.0,-0.0,287.40447998046875,0.0,0.0,9.867448534350842e-05,298.62457275390625,303.1499938964844,285.1499938964844,0.0,-0.0,287.4044189453125,0.0,0.0,7.28806626284495e-05,298.011962890625,303.1499938964844,285.1499938964844,0.0,-0.0,287.40460205078125,0.0,0.0,9.867436165222898e-05,298.2372131347656,303.1499938964844,285.1499938964844,0.0,-0.0,287.4040832519531,0.0,0.0,0.0004680689598899,287.3330383300781,294.1499938964844,287.52423095703125,286.2171325683594,288.27252197265625,287.5658264160156,287.1547546386719,0.0,0.0,0.0,0.0,1.0,1.0,-0.000998439732939,5.681635606435975e-09,0.0009984340285882,-0.0139373503625392,0.0,0.0,0.0,-0.0076294462196528,60.0,0.2545211911201477,-0.0,-6.796778961870586e-08,0.0,283.1748046875,287.20037841796875,291.55133056640625,291.9985046386719,293.1499938964844,293.1499938964844,278.1499938964844,0.0,18000.0,313.1499938964844,0.0,18000.0,0.0,0.0,0.0,0.0,0.0,0.0,0.0,0.0,0.0,0.0,-0.0,0.0,-8.74776778869785e-21,-4.373883894348925e-21,-4.373883894348925e-21,0.0,0.0,-0.0,0.0,0.0,0.0,-0.0,0.0,0.0,0.0,0.0,0.0,4.0,0.0,0.0
12438600,298.1518859863281,303.1499938964844,285.1499938964844,0.0,-0.0,287.4041442871094,0.0,0.0,9.370360930915922e-05,298.3008117675781,303.1499938964844,285.1499938964844,0.0,-0.0,287.40447998046875,0.0,0.0,9.867448534350842e-05,298.62457275390625,303.1499938964844,285.1499938964844,0.0,-0.0,287.4044189453125,0.0,0.0,7.28806626284495e-05,298.011962890625,303.1499938964844,285.1499938964844,0.0,-0.0,287.40460205078125,0.0,0.0,9.867436165222898e-05,298.2372131347656,303.1499938964844,285.1499938964844,0.0,-0.0,287.4040832519531,0.0,0.0,0.0004680689598899,287.3330383300781,294.1499938964844,287.52423095703125,286.2171325683594,288.27252197265625,287.5658264160156,287.1547546386719,0.0,0.0,0.0,0.0,1.0,1.0,-0.000998439732939,5.681635606435975e-09,0.0009984340285882,-0.0139373503625392,0.0,0.0,0.0,-0.0076294462196528,60.0,0.2545211911201477,-0.0,-6.796778961870586e-08,0.0,283.1748046875,287.20037841796875,291.55133056640625,291.9985046386719,293.1499938964844,293.1499938964844,278.1499938964844,0.0,18000.0,313.1499938964844,0.0,18000.0,0.0,0.0,0.0,0.0,0.0,0.0,0.0,0.0,0.0,0.0,-0.0,0.0,-8.74776778869785e-21,-4.373883894348925e-21,-4.373883894348925e-21,0.0,0.0,-0.0,0.0,0.0,0.0,-0.0,0.0,0.0,0.0,0.0,0.0,4.0,0.0,0.0
12438660,298.1485290527344,303.1499938964844,285.1499938964844,0.0,-0.0,287.4015808105469,0.0,0.0,9.369709732709453e-05,298.29766845703125,303.1499938964844,285.1499938964844,0.0,-0.0,287.40191650390625,0.0,0.0,9.866763866739348e-05,298.62139892578125,303.1499938964844,285.1499938964844,0.0,-0.0,287.40185546875,0.0,0.0,7.287559856195003e-05,298.00909423828125,303.1499938964844,285.1499938964844,0.0,-0.0,287.40203857421875,0.0,0.0,9.866750770015642e-05,298.23541259765625,303.1499938964844,285.1499938964844,0.0,-0.0,287.4015197753906,0.0,0.0,0.0004680364509113,287.3306579589844,294.1499938964844,287.5231018066406,286.20703125,288.2593078613281,287.557373046875,287.1550598144531,0.0,0.0,0.0,0.0,1.0,1.0,-0.0009983698837459,5.67347502311577e-09,0.0009983641793951,-0.0139159718528389,0.0,0.0,0.0,-0.0076254005543887,60.0,0.2530215978622436,-0.0,-6.795828966232875e-08,0.0,283.1748046875,287.20037841796875,291.55133056640625,291.9985046386719,293.1499938964844,293.1499938964844,278.1499938964844,0.0,18000.0,313.1499938964844,0.0,18000.0,0.0,0.0,0.0,0.0,0.0,0.0,0.0,0.0,0.0,0.0,-0.0,0.0,-8.74776778869785e-21,-4.373883894348925e-21,-4.373883894348925e-21,0.0,0.0,-0.0,0.0,0.0,0.0,-0.0,0.0,0.0,0.0,0.0,0.0,4.0,0.0,0.0
12438720,298.1485290527344,303.1499938964844,285.1499938964844,0.0,-0.0,287.4015808105469,0.0,0.0,9.369709732709453e-05,298.29766845703125,303.1499938964844,285.1499938964844,0.0,-0.0,287.40191650390625,0.0,0.0,9.866763866739348e-05,298.62139892578125,303.1499938964844,285.1499938964844,0.0,-0.0,287.40185546875,0.0,0.0,7.287559856195003e-05,298.00909423828125,303.1499938964844,285.1499938964844,0.0,-0.0,287.40203857421875,0.0,0.0,9.866750770015642e-05,298.23541259765625,303.1499938964844,285.1499938964844,0.0,-0.0,287.4015197753906,0.0,0.0,0.0004680364509113,287.3306579589844,294.1499938964844,287.5231018066406,286.20703125,288.2593078613281,287.557373046875,287.1550598144531,0.0,0.0,0.0,0.0,1.0,1.0,-0.0009983698837459,5.67347502311577e-09,0.0009983641793951,-0.0139159718528389,0.0,0.0,0.0,-0.0076254005543887,60.0,0.2530215978622436,-0.0,-6.795828966232875e-08,0.0,283.1748046875,287.20037841796875,291.55133056640625,291.9985046386719,293.1499938964844,293.1499938964844,278.1499938964844,0.0,18000.0,313.1499938964844,0.0,18000.0,0.0,0.0,0.0,0.0,0.0,0.0,0.0,0.0,0.0,0.0,-0.0,0.0,-8.74776778869785e-21,-4.373883894348925e-21,-4.373883894348925e-21,0.0,0.0,-0.0,0.0,0.0,0.0,-0.0,0.0,0.0,0.0,0.0,0.0,4.0,0.0,0.0
12438780,298.1451721191406,303.1499938964844,285.1499938964844,0.0,-0.0,287.3990478515625,0.0,0.0,9.3686358013656e-05,298.2945861816406,303.1499938964844,285.1499938964844,0.0,-0.0,287.3993835449219,0.0,0.0,9.86563172773458e-05,298.6182556152344,303.1499938964844,285.1499938964844,0.0,-0.0,287.3993225097656,0.0,0.0,7.286723848665133e-05,298.0063171386719,303.1499938964844,285.1499938964844,0.0,-0.0,287.3995056152344,0.0,0.0,9.865619358606637e-05,298.2336730957031,303.1499938964844,285.1499938964844,0.0,-0.0,287.39898681640625,0.0,0.0,0.0004679827834479,287.3282775878906,294.1499938964844,287.5230407714844,286.1975402832031,288.246337890625,287.550537109375,287.1553649902344,0.0,0.0,0.0,0.0,1.0,1.0,-0.0009982549818232,5.660031554555189e-09,0.0009982492774724,-0.0138807538896799,0.0,0.0,0.0,-0.0076187360100448,60.0,0.2523167729377746,-0.0,-6.794263640585997e-08,0.0,283.1748046875,287.20037841796875,291.55133056640625,291.9985046386719,293.1499938964844,293.1499938964844,278.1499938964844,0.0,18000.0,313.1499938964844,0.0,18000.0,0.0,0.0,0.0,0.0,0.0,0.0,0.0,0.0,0.0,0.0,-0.0,0.0,-8.74776778869785e-21,-4.373883894348925e-21,-4.373883894348925e-21,0.0,0.0,-0.0,0.0,0.0,0.0,-0.0,0.0,0.0,0.0,0.0,0.0,4.0,0.0,0.0
12438840,298.1451721191406,303.1499938964844,285.1499938964844,0.0,-0.0,287.3990478515625,0.0,0.0,9.3686358013656e-05,298.2945861816406,303.1499938964844,285.1499938964844,0.0,-0.0,287.3993835449219,0.0,0.0,9.86563172773458e-05,298.6182556152344,303.1499938964844,285.1499938964844,0.0,-0.0,287.3993225097656,0.0,0.0,7.286723848665133e-05,298.0063171386719,303.1499938964844,285.1499938964844,0.0,-0.0,287.3995056152344,0.0,0.0,9.865619358606637e-05,298.2336730957031,303.1499938964844,285.1499938964844,0.0,-0.0,287.39898681640625,0.0,0.0,0.0004679827834479,287.3282775878906,294.1499938964844,287.5230407714844,286.1975402832031,288.246337890625,287.550537109375,287.1553649902344,0.0,0.0,0.0,0.0,1.0,1.0,-0.0009982549818232,5.660031554555189e-09,0.0009982492774724,-0.0138807538896799,0.0,0.0,0.0,-0.0076187360100448,60.0,0.2523167729377746,-0.0,-6.794263640585997e-08,0.0,283.1748046875,287.20037841796875,291.55133056640625,291.9985046386719,293.1499938964844,293.1499938964844,278.1499938964844,0.0,18000.0,313.1499938964844,0.0,18000.0,0.0,0.0,0.0,0.0,0.0,0.0,0.0,0.0,0.0,0.0,-0.0,0.0,-8.74776778869785e-21,-4.373883894348925e-21,-4.373883894348925e-21,0.0,0.0,-0.0,0.0,0.0,0.0,-0.0,0.0,0.0,0.0,0.0,0.0,4.0,0.0,0.0
12438900,298.1435241699219,303.1499938964844,285.1499938964844,0.0,-0.0,287.3977966308594,0.0,0.0,9.367941675009206e-05,298.29302978515625,303.1499938964844,285.1499938964844,0.0,-0.0,287.3981018066406,0.0,0.0,9.864901221590117e-05,298.61669921875,303.1499938964844,285.1499938964844,0.0,-0.0,287.3980712890625,0.0,0.0,7.286184700205922e-05,298.0049743652344,303.1499938964844,285.1499938964844,0.0,-0.0,287.39825439453125,0.0,0.0,9.864888852462173e-05,298.2328186035156,303.1499938964844,285.1499938964844,0.0,-0.0,287.3977355957031,0.0,0.0,0.0004679481207858,287.3271179199219,294.1499938964844,287.5233764648437,286.1929931640625,288.23992919921875,287.5477294921875,287.155517578125,0.0,0.0,0.0,0.0,1.0,1.0,-0.0009981808252632,5.651359380465237e-09,0.0009981751209124,-0.0138580352067947,0.0,0.0,0.0,-0.0076144370250403,60.0,0.2522443830966949,-0.0,-6.793254669901216e-08,0.0,283.1748046875,287.20037841796875,291.55133056640625,291.9985046386719,293.1499938964844,293.1499938964844,278.1499938964844,0.0,18000.0,313.1499938964844,0.0,18000.0,0.0,0.0,0.0,0.0,0.0,0.0,0.0,0.0,0.0,0.0,-0.0,0.0,-8.74776778869785e-21,-4.373883894348925e-21,-4.373883894348925e-21,0.0,0.0,-0.0,0.0,0.0,0.0,-0.0,0.0,0.0,0.0,0.0,0.0,4.0,0.0,0.0
12438960,298.14190673828125,303.1499938964844,285.1499938964844,0.0,-0.0,287.39654541015625,0.0,0.0,9.36713768169284e-05,298.29150390625,303.1499938964844,285.1499938964844,0.0,-0.0,287.3968505859375,0.0,0.0,9.864055027719588e-05,298.6151428222656,303.1499938964844,285.1499938964844,0.0,-0.0,287.39678955078125,0.0,0.0,7.285558967851102e-05,298.0036315917969,303.1499938964844,285.1499938964844,0.0,-0.0,287.39697265625,0.0,0.0,9.864042658591644e-05,298.2319641113281,303.1499938964844,285.1499938964844,0.0,-0.0,287.396484375,0.0,0.0,0.0004679079574998,287.3259582519531,294.1499938964844,287.52392578125,286.1885681152344,288.2336120605469,287.5452880859375,287.1556701660156,0.0,0.0,0.0,0.0,1.0,1.0,-0.0009980949107557,5.641318967519737e-09,0.0009980893228203,-0.0138317318633198,0.0,0.0,0.0,-0.0076094595715403,60.0,0.2523294985294342,-0.0,-6.792085827100891e-08,0.0,283.1748046875,287.20037841796875,291.55133056640625,291.9985046386719,293.1499938964844,293.1499938964844,278.1499938964844,0.0,18000.0,313.1499938964844,0.0,18000.0,0.0,0.0,0.0,0.0,0.0,0.0,0.0,0.0,0.0,0.0,-0.0,0.0,-8.74776778869785e-21,-4.373883894348925e-21,-4.373883894348925e-21,0.0,0.0,-0.0,0.0,0.0,0.0,-0.0,0.0,0.0,0.0,0.0,0.0,4.0,0.0,0.0
12439020,298.1386413574219,303.1499938964844,285.1499938964844,0.0,-0.0,287.39404296875,0.0,0.0,9.365200821775944e-05,298.2884521484375,303.1499938964844,285.1499938964844,0.0,-0.0,287.39434814453125,0.0,0.0,9.86201484920457e-05,298.612060546875,303.1499938964844,285.1499938964844,0.0,-0.0,287.3943176269531,0.0,0.0,7.284052844624966e-05,298.0010681152344,303.1499938964844,285.1499938964844,0.0,-0.0,287.3945007324219,0.0,0.0,9.862003207672387e-05,298.2303161621094,303.1499938964844,285.1499938964844,0.0,-0.0,287.3939819335937,0.0,0.0,0.0004678112163674,287.3236694335937,294.1499938964844,287.5256652832031,286.1800537109375,288.2211303710937,287.5413818359375,287.1559753417969,0.0,0.0,0.0,0.0,1.0,1.0,-0.0009978880407288,5.617132980972883e-09,0.0009978824527934,-0.013768371194601,0.0,0.0,0.0,-0.0075974692590534,60.0,0.2529484331607818,-0.0,-6.78927065678181e-08,0.0,283.1748046875,287.20037841796875,291.55133056640625,291.9985046386719,293.1499938964844,293.1499938964844,278.1499938964844,0.0,18000.0,313.1499938964844,0.0,18000.0,0.0,0.0,0.0,0.0,0.0,0.0,0.0,0.0,0.0,0.0,-0.0,0.0,-8.74776778869785e-21,-4.373883894348925e-21,-4.373883894348925e-21,0.0,0.0,-0.0,0.0,0.0,0.0,-0.0,0.0,0.0,0.0,0.0,0.0,4.0,0.0,0.0
12439080,298.1386413574219,303.1499938964844,285.1499938964844,0.0,-0.0,287.39404296875,0.0,0.0,9.365200821775944e-05,298.2884521484375,303.1499938964844,285.1499938964844,0.0,-0.0,287.39434814453125,0.0,0.0,9.86201484920457e-05,298.612060546875,303.1499938964844,285.1499938964844,0.0,-0.0,287.3943176269531,0.0,0.0,7.284052844624966e-05,298.0010681152344,303.1499938964844,285.1499938964844,0.0,-0.0,287.3945007324219,0.0,0.0,9.862003207672387e-05,298.2303161621094,303.1499938964844,285.1499938964844,0.0,-0.0,287.3939819335937,0.0,0.0,0.0004678112163674,287.3236694335937,294.1499938964844,287.5256652832031,286.1800537109375,288.2211303710937,287.5413818359375,287.1559753417969,0.0,0.0,0.0,0.0,1.0,1.0,-0.0009978880407288,5.617132980972883e-09,0.0009978824527934,-0.013768371194601,0.0,0.0,0.0,-0.0075974692590534,60.0,0.2529484331607818,-0.0,-6.78927065678181e-08,0.0,283.1748046875,287.20037841796875,291.55133056640625,291.9985046386719,293.1499938964844,293.1499938964844,278.1499938964844,0.0,18000.0,313.1499938964844,0.0,18000.0,0.0,0.0,0.0,0.0,0.0,0.0,0.0,0.0,0.0,0.0,-0.0,0.0,-8.74776778869785e-21,-4.373883894348925e-21,-4.373883894348925e-21,0.0,0.0,-0.0,0.0,0.0,0.0,-0.0,0.0,0.0,0.0,0.0,0.0,4.0,0.0,0.0
12439140,298.13592529296875,303.1499938964844,285.1499938964844,0.0,-0.0,287.3919677734375,0.0,0.0,9.36327560339123e-05,298.285888671875,303.1499938964844,285.1499938964844,0.0,-0.0,287.39227294921875,0.0,0.0,9.859987039817496e-05,298.6094970703125,303.1499938964844,285.1499938964844,0.0,-0.0,287.3922424316406,0.0,0.0,7.282554724952206e-05,297.9989929199219,303.1499938964844,285.1499938964844,0.0,-0.0,287.3924255371094,0.0,0.0,9.859975398285314e-05,298.2289733886719,303.1499938964844,285.1499938964844,0.0,-0.0,287.39190673828125,0.0,0.0,0.0004677150282077,287.3217468261719,294.1499938964844,287.5276794433594,286.1732177734375,288.2108764648437,287.5390319824219,287.1561889648437,0.0,0.0,0.0,0.0,1.0,1.0,-0.0009976825676858,5.5930966524897485e-09,0.0009976769797503,-0.0137054026126861,0.0,0.0,0.0,-0.0075855534523725,60.0,0.2538698315620422,-0.0,-6.786473960573859e-08,0.0,283.1748046875,287.20037841796875,291.55133056640625,291.9985046386719,293.1499938964844,293.1499938964844,278.1499938964844,0.0,18000.0,313.1499938964844,0.0,18000.0,0.0,0.0,0.0,0.0,0.0,0.0,0.0,0.0,0.0,0.0,-0.0,0.0,-8.74776778869785e-21,-4.373883894348925e-21,-4.373883894348925e-21,0.0,0.0,-0.0,0.0,0.0,0.0,-0.0,0.0,0.0,0.0,0.0,0.0,4.0,0.0,0.0
12439200,298.1354064941406,303.1499938964844,285.1499938964844,0.0,-0.0,287.3915710449219,0.0,0.0,9.36287033255212e-05,298.2854309082031,303.1499938964844,285.1499938964844,0.0,-0.0,287.39190673828125,0.0,0.0,9.859560668701306e-05,298.6090087890625,303.1499938964844,285.1499938964844,0.0,-0.0,287.391845703125,0.0,0.0,7.282239675987512e-05,297.99859619140625,303.1499938964844,285.1499938964844,0.0,-0.0,287.3920288085937,0.0,0.0,9.859549027169125e-05,298.22869873046875,303.1499938964844,285.1499938964844,0.0,-0.0,287.3915405273437,0.0,0.0,0.0004676948010455,287.3213806152344,294.1499938964844,287.5281066894531,286.17193603515625,288.2089233398437,287.5386962890625,287.15625,0.0,0.0,0.0,0.0,1.0,1.0,-0.0009976393776014,5.588044249549284e-09,0.0009976337896659,-0.0136921666562557,0.0,0.0,0.0,-0.0075830491259694,60.0,0.2540869116783142,-0.0,-6.785886341731384e-08,0.0,283.1748046875,287.20037841796875,291.55133056640625,291.9985046386719,293.1499938964844,293.1499938964844,278.1499938964844,0.0,18000.0,313.1499938964844,0.0,18000.0,0.0,0.0,0.0,0.0,0.0,0.0,0.0,0.0,0.0,0.0,-0.0,0.0,-8.74776778869785e-21,-4.373883894348925e-21,-4.373883894348925e-21,0.0,0.0,-0.0,0.0,0.0,0.0,-0.0,0.0,0.0,0.0,0.0,0.0,4.0,0.0,0.0
12439260,298.1322326660156,303.1499938964844,285.1499938964844,0.0,-0.0,287.3891296386719,0.0,0.0,9.360121475765482e-05,298.28240966796875,303.1499938964844,285.1499938964844,0.0,-0.0,287.3894348144531,0.0,0.0,9.856665565166622e-05,298.60601806640625,303.1499938964844,285.1499938964844,0.0,-0.0,287.389404296875,0.0,0.0,7.280101272044703e-05,297.9962158203125,303.1499938964844,285.1499938964844,0.0,-0.0,287.3895568847656,0.0,0.0,9.85665392363444e-05,298.2271423339844,303.1499938964844,285.1499938964844,0.0,-0.0,287.3890991210937,0.0,0.0,0.0004675574600696,287.31915283203125,294.1499938964844,287.5311889648437,286.16412353515625,288.1969909667969,287.5370483398437,287.1565246582031,0.0,0.0,0.0,0.0,1.0,1.0,-0.0009973460109904,5.553739246266787e-09,0.0009973404230549,-0.0136022958904504,0.0,0.0,0.0,-0.0075660427100956,60.0,0.2556674182415008,-0.0,-6.781895933727355e-08,0.0,283.1748046875,287.20037841796875,291.55133056640625,291.9985046386719,293.1499938964844,293.1499938964844,278.1499938964844,0.0,18000.0,313.1499938964844,0.0,18000.0,0.0,0.0,0.0,0.0,0.0,0.0,0.0,0.0,0.0,0.0,-0.0,0.0,-8.74776778869785e-21,-4.373883894348925e-21,-4.373883894348925e-21,0.0,0.0,-0.0,0.0,0.0,0.0,-0.0,0.0,0.0,0.0,0.0,0.0,4.0,0.0,0.0
12439320,298.1322326660156,303.1499938964844,285.1499938964844,0.0,-0.0,287.3891296386719,0.0,0.0,9.360121475765482e-05,298.28240966796875,303.1499938964844,285.1499938964844,0.0,-0.0,287.3894348144531,0.0,0.0,9.856665565166622e-05,298.60601806640625,303.1499938964844,285.1499938964844,0.0,-0.0,287.389404296875,0.0,0.0,7.280101272044703e-05,297.9962158203125,303.1499938964844,285.1499938964844,0.0,-0.0,287.3895568847656,0.0,0.0,9.85665392363444e-05,298.2271423339844,303.1499938964844,285.1499938964844,0.0,-0.0,287.3890991210937,0.0,0.0,0.0004675574600696,287.31915283203125,294.1499938964844,287.5311889648437,286.16412353515625,288.1969909667969,287.5370483398437,287.1565246582031,0.0,0.0,0.0,0.0,1.0,1.0,-0.0009973460109904,5.553739246266787e-09,0.0009973404230549,-0.0136022958904504,0.0,0.0,0.0,-0.0075660427100956,60.0,0.2556674182415008,-0.0,-6.781895933727355e-08,0.0,283.1748046875,287.20037841796875,291.55133056640625,291.9985046386719,293.1499938964844,293.1499938964844,278.1499938964844,0.0,18000.0,313.1499938964844,0.0,18000.0,0.0,0.0,0.0,0.0,0.0,0.0,0.0,0.0,0.0,0.0,-0.0,0.0,-8.74776778869785e-21,-4.373883894348925e-21,-4.373883894348925e-21,0.0,0.0,-0.0,0.0,0.0,0.0,-0.0,0.0,0.0,0.0,0.0,0.0,4.0,0.0,0.0
12439380,298.12908935546875,303.1499938964844,285.1499938964844,0.0,-0.0,287.38671875,0.0,0.0,9.356968075735494e-05,298.2794189453125,303.1499938964844,285.1499938964844,0.0,-0.0,287.38702392578125,0.0,0.0,9.85334554570727e-05,298.60302734375,303.1499938964844,285.1499938964844,0.0,-0.0,287.3869934082031,0.0,0.0,7.277649274328724e-05,297.99395751953125,303.1499938964844,285.1499938964844,0.0,-0.0,287.3871459960937,0.0,0.0,9.853333904175088e-05,298.2256164550781,303.1499938964844,285.1499938964844,0.0,-0.0,287.3866577148437,0.0,0.0,0.000467399979243,287.31695556640625,294.1499938964844,287.53472900390625,286.1565246582031,288.185302734375,287.5364074707031,287.15679931640625,0.0,0.0,0.0,0.0,1.0,1.0,-0.0009970095707103,5.514402712236688e-09,0.0009970040991902,-0.0134992441162467,0.0,0.0,0.0,-0.0075465417467057,60.0,0.2576306462287903,-0.0,-6.777321459594532e-08,0.0,283.1748046875,287.20037841796875,291.55133056640625,291.9985046386719,293.1499938964844,293.1499938964844,278.1499938964844,0.0,18000.0,313.1499938964844,0.0,18000.0,0.0,0.0,0.0,0.0,0.0,0.0,0.0,0.0,0.0,0.0,-0.0,0.0,-8.74776778869785e-21,-4.373883894348925e-21,-4.373883894348925e-21,0.0,0.0,-0.0,0.0,0.0,0.0,-0.0,0.0,0.0,0.0,0.0,0.0,4.0,0.0,0.0
12439440,298.12908935546875,303.1499938964844,285.1499938964844,0.0,-0.0,287.38671875,0.0,0.0,9.356968075735494e-05,298.2794189453125,303.1499938964844,285.1499938964844,0.0,-0.0,287.38702392578125,0.0,0.0,9.85334554570727e-05,298.60302734375,303.1499938964844,285.1499938964844,0.0,-0.0,287.3869934082031,0.0,0.0,7.277649274328724e-05,297.99395751953125,303.1499938964844,285.1499938964844,0.0,-0.0,287.3871459960937,0.0,0.0,9.853333904175088e-05,298.2256164550781,303.1499938964844,285.1499938964844,0.0,-0.0,287.3866577148437,0.0,0.0,0.000467399979243,287.31695556640625,294.1499938964844,287.53472900390625,286.1565246582031,288.185302734375,287.5364074707031,287.15679931640625,0.0,0.0,0.0,0.0,1.0,1.0,-0.0009970095707103,5.514402712236688e-09,0.0009970040991902,-0.0134992441162467,0.0,0.0,0.0,-0.0075465417467057,60.0,0.2576306462287903,-0.0,-6.777321459594532e-08,0.0,283.1748046875,287.20037841796875,291.55133056640625,291.9985046386719,293.1499938964844,293.1499938964844,278.1499938964844,0.0,18000.0,313.1499938964844,0.0,18000.0,0.0,0.0,0.0,0.0,0.0,0.0,0.0,0.0,0.0,0.0,-0.0,0.0,-8.74776778869785e-21,-4.373883894348925e-21,-4.373883894348925e-21,0.0,0.0,-0.0,0.0,0.0,0.0,-0.0,0.0,0.0,0.0,0.0,0.0,4.0,0.0,0.0
12439500,298.1275329589844,303.1499938964844,285.1499938964844,0.0,-0.0,287.3855285644531,0.0,0.0,9.355248766951264e-05,298.2779235839844,303.1499938964844,285.1499938964844,0.0,-0.0,287.3858337402344,0.0,0.0,9.8515345598571e-05,298.6015625,303.1499938964844,285.1499938964844,0.0,-0.0,287.3857727050781,0.0,0.0,7.276311953319237e-05,297.99285888671875,303.1499938964844,285.1499938964844,0.0,-0.0,287.3859558105469,0.0,0.0,9.851522918324918e-05,298.224853515625,303.1499938964844,285.1499938964844,0.0,-0.0,287.3854675292969,0.0,0.0,0.0004673140647355,287.3158569335937,294.1499938964844,287.5366516113281,286.1528015136719,288.1795959472656,287.53643798828125,287.15692138671875,0.0,0.0,0.0,0.0,1.0,1.0,-0.0009968261001631,5.492954091579349e-09,0.000996820628643,-0.0134430527687072,0.0,0.0,0.0,-0.0075359088368713,60.0,0.2587317824363708,-0.0,-6.774827454592014e-08,0.0,283.1748046875,287.20037841796875,291.55133056640625,291.9985046386719,293.1499938964844,293.1499938964844,278.1499938964844,0.0,18000.0,313.1499938964844,0.0,18000.0,0.0,0.0,0.0,0.0,0.0,0.0,0.0,0.0,0.0,0.0,-0.0,0.0,-8.74776778869785e-21,-4.373883894348925e-21,-4.373883894348925e-21,0.0,0.0,-0.0,0.0,0.0,0.0,-0.0,0.0,0.0,0.0,0.0,0.0,4.0,0.0,0.0
12439560,298.1260070800781,303.1499938964844,285.1499938964844,0.0,-0.0,287.38433837890625,0.0,0.0,9.353423956781626e-05,298.27642822265625,303.1499938964844,285.1499938964844,0.0,-0.0,287.3846435546875,0.0,0.0,9.849612979451194e-05,298.60009765625,303.1499938964844,285.1499938964844,0.0,-0.0,287.38458251953125,0.0,0.0,7.27489241398871e-05,297.9917907714844,303.1499938964844,285.1499938964844,0.0,-0.0,287.384765625,0.0,0.0,9.849601337919012e-05,298.22412109375,303.1499938964844,285.1499938964844,0.0,-0.0,287.38427734375,0.0,0.0,0.0004672229406423,287.31475830078125,294.1499938964844,287.5386657714844,286.14910888671875,288.1739196777344,287.5366516113281,287.15704345703125,0.0,0.0,0.0,0.0,1.0,1.0,-0.0009966315701603,5.470194963663744e-09,0.0009966260986402,-0.0133834304288029,0.0,0.0,0.0,-0.0075246263295412,60.0,0.259894847869873,-0.0,-6.772182103986779e-08,0.0,283.1748046875,287.20037841796875,291.55133056640625,291.9985046386719,293.1499938964844,293.1499938964844,278.1499938964844,0.0,18000.0,313.1499938964844,0.0,18000.0,0.0,0.0,0.0,0.0,0.0,0.0,0.0,0.0,0.0,0.0,-0.0,0.0,-8.74776778869785e-21,-4.373883894348925e-21,-4.373883894348925e-21,0.0,0.0,-0.0,0.0,0.0,0.0,-0.0,0.0,0.0,0.0,0.0,0.0,4.0,0.0,0.0
12439620,298.1232604980469,303.1499938964844,285.1499938964844,0.0,-0.0,287.3819580078125,0.0,0.0,9.3494716566056e-05,298.2734680175781,303.1499938964844,285.1499938964844,0.0,-0.0,287.3822631835937,0.0,0.0,9.84545113169588e-05,298.5971984863281,303.1499938964844,285.1499938964844,0.0,-0.0,287.3822021484375,0.0,0.0,7.271818321896717e-05,297.9897155761719,303.1499938964844,285.1499938964844,0.0,-0.0,287.38238525390625,0.0,0.0,9.8454394901637e-05,298.22265625,303.1499938964844,285.1499938964844,0.0,-0.0,287.3819274902344,0.0,0.0,0.0004670255002565,287.3126220703125,294.1499938964844,287.5428466796875,286.1417541503906,288.162841796875,287.53765869140625,287.1573181152344,0.0,0.0,0.0,0.0,1.0,1.0,-0.00099621003028,5.420901949548806e-09,0.0009962045587599,-0.0132542932406067,0.0,0.0,0.0,-0.0075001893565058,60.0,0.2623668015003204,-0.0,-6.766454418993817e-08,0.0,283.1748046875,287.20037841796875,291.55133056640625,291.9985046386719,293.1499938964844,293.1499938964844,278.1499938964844,0.0,18000.0,313.1499938964844,0.0,18000.0,0.0,0.0,0.0,0.0,0.0,0.0,0.0,0.0,0.0,0.0,-0.0,0.0,-8.74776778869785e-21,-4.373883894348925e-21,-4.373883894348925e-21,0.0,0.0,-0.0,0.0,0.0,0.0,-0.0,0.0,0.0,0.0,0.0,0.0,4.0,0.0,0.0
12439680,298.1232604980469,303.1499938964844,285.1499938964844,0.0,-0.0,287.3819580078125,0.0,0.0,9.3494716566056e-05,298.2734680175781,303.1499938964844,285.1499938964844,0.0,-0.0,287.3822631835937,0.0,0.0,9.84545113169588e-05,298.5971984863281,303.1499938964844,285.1499938964844,0.0,-0.0,287.3822021484375,0.0,0.0,7.271818321896717e-05,297.9897155761719,303.1499938964844,285.1499938964844,0.0,-0.0,287.38238525390625,0.0,0.0,9.8454394901637e-05,298.22265625,303.1499938964844,285.1499938964844,0.0,-0.0,287.3819274902344,0.0,0.0,0.0004670255002565,287.3126220703125,294.1499938964844,287.5428466796875,286.1417541503906,288.162841796875,287.53765869140625,287.1573181152344,0.0,0.0,0.0,0.0,1.0,1.0,-0.00099621003028,5.420901949548806e-09,0.0009962045587599,-0.0132542932406067,0.0,0.0,0.0,-0.0075001893565058,60.0,0.2623668015003204,-0.0,-6.766454418993817e-08,0.0,283.1748046875,287.20037841796875,291.55133056640625,291.9985046386719,293.1499938964844,293.1499938964844,278.1499938964844,0.0,18000.0,313.1499938964844,0.0,18000.0,0.0,0.0,0.0,0.0,0.0,0.0,0.0,0.0,0.0,0.0,-0.0,0.0,-8.74776778869785e-21,-4.373883894348925e-21,-4.373883894348925e-21,0.0,0.0,-0.0,0.0,0.0,0.0,-0.0,0.0,0.0,0.0,0.0,0.0,4.0,0.0,0.0
12439740,298.1094055175781,303.1499938964844,285.1499938964844,0.0,-0.0,287.3796081542969,0.0,0.0,9.34519339352846e-05,298.27056884765625,303.1499938964844,285.1499938964844,0.0,-0.0,287.3799133300781,0.0,0.0,9.840945131145418e-05,298.59442138671875,303.1499938964844,285.1499938964844,0.0,-0.0,287.3798522949219,0.0,0.0,7.26849029888399e-05,297.98779296875,303.1499938964844,285.1499938964844,0.0,-0.0,287.3800354003906,0.0,0.0,9.840934217208996e-05,298.2226867675781,303.1499938964844,285.1499938964844,0.0,-0.0,287.37957763671875,0.0,0.0,0.0004668117908295,287.3104858398437,294.1499938964844,287.5471496582031,286.13446044921875,288.1519470214844,287.5391540527344,287.1575622558594,0.0,0.0,0.0,0.0,1.0,1.0,-0.0009957536822184,5.3675446309853214e-09,0.0009957483271136,-0.013114508241415,0.0,0.0,0.0,-0.0074737379327416,60.0,0.264958918094635,-0.0,-6.760257065252517e-08,0.0,283.1748046875,287.20037841796875,291.55133056640625,291.9985046386719,293.1499938964844,293.1499938964844,278.1499938964844,0.0,18000.0,313.1499938964844,0.0,18000.0,0.0,0.0,0.0,0.0,0.0,0.0,0.0,0.0,0.0,0.0,-0.0,0.0,-8.74776778869785e-21,-4.373883894348925e-21,-4.373883894348925e-21,0.0,0.0,-0.0,0.0,0.0,0.0,-0.0,0.0,0.0,0.0,0.0,0.0,4.0,0.0,0.0
12439800,298.1094055175781,303.1499938964844,285.1499938964844,0.0,-0.0,287.3796081542969,0.0,0.0,9.34519339352846e-05,298.27056884765625,303.1499938964844,285.1499938964844,0.0,-0.0,287.3799133300781,0.0,0.0,9.840945131145418e-05,298.59442138671875,303.1499938964844,285.1499938964844,0.0,-0.0,287.3798522949219,0.0,0.0,7.26849029888399e-05,297.98779296875,303.1499938964844,285.1499938964844,0.0,-0.0,287.3800354003906,0.0,0.0,9.840934217208996e-05,298.2226867675781,303.1499938964844,285.1499938964844,0.0,-0.0,287.37957763671875,0.0,0.0,0.0004668117908295,287.3104858398437,294.1499938964844,287.5471496582031,286.13446044921875,288.1519470214844,287.5391540527344,287.1575622558594,0.0,0.0,0.0,0.0,1.0,1.0,-0.0009957536822184,5.3675446309853214e-09,0.0009957483271136,-0.013114508241415,0.0,0.0,0.0,-0.0074737379327416,60.0,0.264958918094635,-0.0,-6.760257065252517e-08,0.0,283.1748046875,287.20037841796875,291.55133056640625,291.9985046386719,293.1499938964844,293.1499938964844,278.1499938964844,0.0,18000.0,313.1499938964844,0.0,18000.0,0.0,0.0,0.0,0.0,0.0,0.0,0.0,0.0,0.0,0.0,-0.0,0.0,-8.74776778869785e-21,-4.373883894348925e-21,-4.373883894348925e-21,0.0,0.0,-0.0,0.0,0.0,0.0,-0.0,0.0,0.0,0.0,0.0,0.0,4.0,0.0,0.0
12439860,298.0838317871094,303.1499938964844,285.1499938964844,0.0,-0.0,287.3772888183594,0.0,0.0,9.340553515357895e-05,298.2678527832031,303.1499938964844,285.1499938964844,0.0,-0.0,287.3775634765625,0.0,0.0,9.836059325607494e-05,298.5926208496094,303.1499938964844,285.1499938964844,0.0,-0.0,287.3775329589844,0.0,0.0,7.264881423907354e-05,297.98651123046875,303.1499938964844,285.1499938964844,0.0,-0.0,287.377685546875,0.0,0.0,9.836048411671072e-05,298.2243347167969,303.1499938964844,285.1499938964844,0.0,-0.0,287.3772277832031,0.0,0.0,0.0004665800079237,287.30841064453125,294.1499938964844,287.551513671875,286.1270751953125,288.1413269042969,287.5411376953125,287.1578063964844,0.0,0.0,0.0,0.0,1.0,1.0,-0.0009952589171007,5.309689576904475e-09,0.0009952535619959,-0.012962938286364,0.0,0.0,0.0,-0.0074450564570724,60.0,0.2676163017749786,-0.0,-6.753540304771377e-08,0.0,283.1748046875,287.20037841796875,291.55133056640625,291.9985046386719,293.1499938964844,293.1499938964844,278.1499938964844,0.0,18000.0,313.1499938964844,0.0,18000.0,0.0,0.0,0.0,0.0,0.0,0.0,0.0,0.0,0.0,0.0,-0.0,0.0,-8.74776778869785e-21,-4.373883894348925e-21,-4.373883894348925e-21,0.0,0.0,-0.0,0.0,0.0,0.0,-0.0,0.0,0.0,0.0,0.0,0.0,4.0,0.0,0.0
12439920,298.0838317871094,303.1499938964844,285.1499938964844,0.0,-0.0,287.3772888183594,0.0,0.0,9.340553515357895e-05,298.2678527832031,303.1499938964844,285.1499938964844,0.0,-0.0,287.3775634765625,0.0,0.0,9.836059325607494e-05,298.5926208496094,303.1499938964844,285.1499938964844,0.0,-0.0,287.3775329589844,0.0,0.0,7.264881423907354e-05,297.98651123046875,303.1499938964844,285.1499938964844,0.0,-0.0,287.377685546875,0.0,0.0,9.836048411671072e-05,298.2243347167969,303.1499938964844,285.1499938964844,0.0,-0.0,287.3772277832031,0.0,0.0,0.0004665800079237,287.30841064453125,294.1499938964844,287.551513671875,286.1270751953125,288.1413269042969,287.5411376953125,287.1578063964844,0.0,0.0,0.0,0.0,1.0,1.0,-0.0009952589171007,5.309689576904475e-09,0.0009952535619959,-0.012962938286364,0.0,0.0,0.0,-0.0074450564570724,60.0,0.2676163017749786,-0.0,-6.753540304771377e-08,0.0,283.1748046875,287.20037841796875,291.55133056640625,291.9985046386719,293.1499938964844,293.1499938964844,278.1499938964844,0.0,18000.0,313.1499938964844,0.0,18000.0,0.0,0.0,0.0,0.0,0.0,0.0,0.0,0.0,0.0,0.0,-0.0,0.0,-8.74776778869785e-21,-4.373883894348925e-21,-4.373883894348925e-21,0.0,0.0,-0.0,0.0,0.0,0.0,-0.0,0.0,0.0,0.0,0.0,0.0,4.0,0.0,0.0
12439980,298.06903076171875,303.1499938964844,285.1499938964844,0.0,-0.0,287.3749694824219,0.0,0.0,9.335602226201444e-05,298.2652282714844,303.1499938964844,285.1499938964844,0.0,-0.0,287.3752746582031,0.0,0.0,9.83084537438117e-05,298.5909729003906,303.1499938964844,285.1499938964844,0.0,-0.0,287.3752136230469,0.0,0.0,7.261030259542167e-05,297.98553466796875,303.1499938964844,285.1499938964844,0.0,-0.0,287.3753967285156,0.0,0.0,9.830834460444748e-05,298.2247009277344,303.1499938964844,285.1499938964844,0.0,-0.0,287.3749389648437,0.0,0.0,0.0004663326835725,287.30633544921875,294.1499938964844,287.5557556152344,286.1195678710937,288.1309814453125,287.5435485839844,287.1580505371094,0.0,0.0,0.0,0.0,1.0,1.0,-0.0009947308572009,5.247947854059021e-09,0.0009947256185114,-0.0128011871129274,0.0,0.0,0.0,-0.007414449006319,60.0,0.2702513039112091,-0.0,-6.746376612909445e-08,0.0,283.1748046875,287.20037841796875,291.55133056640625,291.9985046386719,293.1499938964844,293.1499938964844,278.1499938964844,0.0,18000.0,313.1499938964844,0.0,18000.0,0.0,0.0,0.0,0.0,0.0,0.0,0.0,0.0,0.0,0.0,-0.0,0.0,-8.74776778869785e-21,-4.373883894348925e-21,-4.373883894348925e-21,0.0,0.0,-0.0,0.0,0.0,0.0,-0.0,0.0,0.0,0.0,0.0,0.0,4.0,0.0,0.0
12440040,298.06903076171875,303.1499938964844,285.1499938964844,0.0,-0.0,287.3749694824219,0.0,0.0,9.335602226201444e-05,298.2652282714844,303.1499938964844,285.1499938964844,0.0,-0.0,287.3752746582031,0.0,0.0,9.83084537438117e-05,298.5909729003906,303.1499938964844,285.1499938964844,0.0,-0.0,287.3752136230469,0.0,0.0,7.261030259542167e-05,297.98553466796875,303.1499938964844,285.1499938964844,0.0,-0.0,287.3753967285156,0.0,0.0,9.830834460444748e-05,298.2247009277344,303.1499938964844,285.1499938964844,0.0,-0.0,287.3749389648437,0.0,0.0,0.0004663326835725,287.30633544921875,294.1499938964844,287.5557556152344,286.1195678710937,288.1309814453125,287.5435485839844,287.1580505371094,0.0,0.0,0.0,0.0,1.0,1.0,-0.0009947308572009,5.247947854059021e-09,0.0009947256185114,-0.0128011871129274,0.0,0.0,0.0,-0.007414449006319,60.0,0.2702513039112091,-0.0,-6.746376612909445e-08,0.0,283.1748046875,287.20037841796875,291.55133056640625,291.9985046386719,293.1499938964844,293.1499938964844,278.1499938964844,0.0,18000.0,313.1499938964844,0.0,18000.0,0.0,0.0,0.0,0.0,0.0,0.0,0.0,0.0,0.0,0.0,-0.0,0.0,-8.74776778869785e-21,-4.373883894348925e-21,-4.373883894348925e-21,0.0,0.0,-0.0,0.0,0.0,0.0,-0.0,0.0,0.0,0.0,0.0,0.0,4.0,0.0,0.0
12440100,298.064208984375,303.1499938964844,285.1499938964844,0.0,-0.0,287.37384033203125,0.0,0.0,9.33301926124841e-05,298.263916015625,303.1499938964844,285.1499938964844,0.0,-0.0,287.3741149902344,0.0,0.0,9.828125621424988e-05,298.5900573730469,303.1499938964844,285.1499938964844,0.0,-0.0,287.37408447265625,0.0,0.0,7.259022095240653e-05,297.9850769042969,303.1499938964844,285.1499938964844,0.0,-0.0,287.3742370605469,0.0,0.0,9.828114707488568e-05,298.2245788574219,303.1499938964844,285.1499938964844,0.0,-0.0,287.3738098144531,0.0,0.0,0.0004662036662921,287.3053283691406,294.1499938964844,287.5578308105469,286.1157531738281,288.1259155273437,287.5448913574219,287.1581726074219,0.0,0.0,0.0,0.0,1.0,1.0,-0.0009944555349647,5.215749165898842e-09,0.0009944502962753,-0.0127168307080864,0.0,0.0,0.0,-0.0073984861373901,60.0,0.2715324759483337,-0.0,-6.74264200029029e-08,0.0,283.1748046875,287.20037841796875,291.55133056640625,291.9985046386719,293.1499938964844,293.1499938964844,278.1499938964844,0.0,18000.0,313.1499938964844,0.0,18000.0,0.0,0.0,0.0,0.0,0.0,0.0,0.0,0.0,0.0,0.0,-0.0,0.0,-8.74776778869785e-21,-4.373883894348925e-21,-4.373883894348925e-21,0.0,0.0,-0.0,0.0,0.0,0.0,-0.0,0.0,0.0,0.0,0.0,0.0,4.0,0.0,0.0
12440160,298.0604553222656,303.1499938964844,285.1499938964844,0.0,-0.0,287.3727111816406,0.0,0.0,9.330373723059893e-05,298.2625732421875,303.1499938964844,285.1499938964844,0.0,-0.0,287.3729858398437,0.0,0.0,9.825339657254516e-05,298.58905029296875,303.1499938964844,285.1499938964844,0.0,-0.0,287.3729553222656,0.0,0.0,7.2569637268316e-05,297.9845886230469,303.1499938964844,285.1499938964844,0.0,-0.0,287.37310791015625,0.0,0.0,9.825328743318096e-05,298.2243347167969,303.1499938964844,285.1499938964844,0.0,-0.0,287.3726501464844,0.0,0.0,0.000466071505798,287.3042907714844,294.1499938964844,287.559814453125,286.1118469238281,288.12091064453125,287.5462951660156,287.1582946777344,0.0,0.0,0.0,0.0,1.0,1.0,-0.00099417346064,5.1827617753019695e-09,0.0009941682219505,-0.0126304095610976,0.0,0.0,0.0,-0.0073821330443024,60.0,0.2727767825126648,-0.0,-6.738816438200956e-08,0.0,283.1748046875,287.20037841796875,291.55133056640625,291.9985046386719,293.1499938964844,293.1499938964844,278.1499938964844,0.0,18000.0,313.1499938964844,0.0,18000.0,0.0,0.0,0.0,0.0,0.0,0.0,0.0,0.0,0.0,0.0,-0.0,0.0,-8.74776778869785e-21,-4.373883894348925e-21,-4.373883894348925e-21,0.0,0.0,-0.0,0.0,0.0,0.0,-0.0,0.0,0.0,0.0,0.0,0.0,4.0,0.0,0.0
12440220,298.05499267578125,303.1499938964844,285.1499938964844,0.0,-0.0,287.3704528808594,0.0,0.0,9.324916027253494e-05,298.2598876953125,303.1499938964844,285.1499938964844,0.0,-0.0,287.3707275390625,0.0,0.0,9.819591650739312e-05,298.5868835449219,303.1499938964844,285.1499938964844,0.0,-0.0,287.3706970214844,0.0,0.0,7.252718933159485e-05,297.98358154296875,303.1499938964844,285.1499938964844,0.0,-0.0,287.370849609375,0.0,0.0,9.819581464398652e-05,298.2236022949219,303.1499938964844,285.1499938964844,0.0,-0.0,287.37042236328125,0.0,0.0,0.0004657988611143,287.30230712890625,294.1499938964844,287.56353759765625,286.1038818359375,288.111083984375,287.5491638183594,287.1585388183594,0.0,0.0,0.0,0.0,1.0,1.0,-0.0009935915004462,5.114712209319805e-09,0.000993586378172,-0.0124521292746067,0.0,0.0,0.0,-0.0073483982123434,60.0,0.2751220166683197,-0.0,-6.730929413834019e-08,0.0,283.1748046875,287.20037841796875,291.55133056640625,291.9985046386719,293.1499938964844,293.1499938964844,278.1499938964844,0.0,18000.0,313.1499938964844,0.0,18000.0,0.0,0.0,0.0,0.0,0.0,0.0,0.0,0.0,0.0,0.0,-0.0,0.0,-8.74776778869785e-21,-4.373883894348925e-21,-4.373883894348925e-21,0.0,0.0,-0.0,0.0,0.0,0.0,-0.0,0.0,0.0,0.0,0.0,0.0,4.0,0.0,0.0
12440280,298.05499267578125,303.1499938964844,285.1499938964844,0.0,-0.0,287.3704528808594,0.0,0.0,9.324916027253494e-05,298.2598876953125,303.1499938964844,285.1499938964844,0.0,-0.0,287.3707275390625,0.0,0.0,9.819591650739312e-05,298.5868835449219,303.1499938964844,285.1499938964844,0.0,-0.0,287.3706970214844,0.0,0.0,7.252718933159485e-05,297.98358154296875,303.1499938964844,285.1499938964844,0.0,-0.0,287.370849609375,0.0,0.0,9.819581464398652e-05,298.2236022949219,303.1499938964844,285.1499938964844,0.0,-0.0,287.37042236328125,0.0,0.0,0.0004657988611143,287.30230712890625,294.1499938964844,287.56353759765625,286.1038818359375,288.111083984375,287.5491638183594,287.1585388183594,0.0,0.0,0.0,0.0,1.0,1.0,-0.0009935915004462,5.114712209319805e-09,0.000993586378172,-0.0124521292746067,0.0,0.0,0.0,-0.0073483982123434,60.0,0.2751220166683197,-0.0,-6.730929413834019e-08,0.0,283.1748046875,287.20037841796875,291.55133056640625,291.9985046386719,293.1499938964844,293.1499938964844,278.1499938964844,0.0,18000.0,313.1499938964844,0.0,18000.0,0.0,0.0,0.0,0.0,0.0,0.0,0.0,0.0,0.0,0.0,-0.0,0.0,-8.74776778869785e-21,-4.373883894348925e-21,-4.373883894348925e-21,0.0,0.0,-0.0,0.0,0.0,0.0,-0.0,0.0,0.0,0.0,0.0,0.0,4.0,0.0,0.0
12440340,298.0515441894531,303.1499938964844,285.1499938964844,0.0,-0.0,287.368408203125,0.0,0.0,9.31972754187882e-05,298.25738525390625,303.1499938964844,285.1499938964844,0.0,-0.0,287.3686828613281,0.0,0.0,9.814128134166822e-05,298.584716796875,303.1499938964844,285.1499938964844,0.0,-0.0,287.3686218261719,0.0,0.0,7.248682959470898e-05,297.9825744628906,303.1499938964844,285.1499938964844,0.0,-0.0,287.3688049316406,0.0,0.0,9.814117947826162e-05,298.2227783203125,303.1499938964844,285.1499938964844,0.0,-0.0,287.36834716796875,0.0,0.0,0.0004655397206079,287.30047607421875,294.1499938964844,287.56658935546875,286.0962219238281,288.1022644042969,287.5519104003906,287.15875244140625,0.0,0.0,0.0,0.0,1.0,1.0,-0.0009930382948368,5.050027951369884e-09,0.0009930331725627,-0.0122826639562845,0.0,0.0,0.0,-0.0073163313791155,60.0,0.277045339345932,-0.0,-6.723436740685429e-08,0.0,283.1748046875,287.20037841796875,291.55133056640625,291.9985046386719,293.1499938964844,293.1499938964844,278.1499938964844,0.0,18000.0,313.1499938964844,0.0,18000.0,0.0,0.0,0.0,0.0,0.0,0.0,0.0,0.0,0.0,0.0,-0.0,0.0,-8.74776778869785e-21,-4.373883894348925e-21,-4.373883894348925e-21,0.0,0.0,-0.0,0.0,0.0,0.0,-0.0,0.0,0.0,0.0,0.0,0.0,4.0,0.0,0.0
12440400,298.05126953125,303.1499938964844,285.1499938964844,0.0,-0.0,287.36822509765625,0.0,0.0,9.319269884144887e-05,298.25714111328125,303.1499938964844,285.1499938964844,0.0,-0.0,287.3684997558594,0.0,0.0,9.813647193368524e-05,298.58453369140625,303.1499938964844,285.1499938964844,0.0,-0.0,287.36846923828125,0.0,0.0,7.248327892739326e-05,297.98248291015625,303.1499938964844,285.1499938964844,0.0,-0.0,287.3686218261719,0.0,0.0,9.813636279432104e-05,298.22271728515625,303.1499938964844,285.1499938964844,0.0,-0.0,287.3681945800781,0.0,0.0,0.000465516874101,287.3003234863281,294.1499938964844,287.5668334960937,286.0955505371094,288.1015014648437,287.5521240234375,287.1587829589844,0.0,0.0,0.0,0.0,1.0,1.0,-0.000992989516817,5.0443285104506685e-09,0.0009929845109581,-0.0122677329927682,0.0,0.0,0.0,-0.0073135057464241,60.0,0.2772006690502167,-0.0,-6.722776646483909e-08,0.0,283.1748046875,287.20037841796875,291.55133056640625,291.9985046386719,293.1499938964844,293.1499938964844,278.1499938964844,0.0,18000.0,313.1499938964844,0.0,18000.0,0.0,0.0,0.0,0.0,0.0,0.0,0.0,0.0,0.0,0.0,-0.0,0.0,-8.74776778869785e-21,-4.373883894348925e-21,-4.373883894348925e-21,0.0,0.0,-0.0,0.0,0.0,0.0,-0.0,0.0,0.0,0.0,0.0,0.0,4.0,0.0,0.0
12440460,298.0484619140625,303.1499938964844,285.1499938964844,0.0,-0.0,287.36602783203125,0.0,0.0,9.313488408224656e-05,298.2543640136719,303.1499938964844,285.1499938964844,0.0,-0.0,287.3663024902344,0.0,0.0,9.807558672036976e-05,298.5820617675781,303.1499938964844,285.1499938964844,0.0,-0.0,287.3662414550781,0.0,0.0,7.243830623337999e-05,297.9813842773437,303.1499938964844,285.1499938964844,0.0,-0.0,287.36639404296875,0.0,0.0,9.807548485696316e-05,298.2217102050781,303.1499938964844,285.1499938964844,0.0,-0.0,287.365966796875,0.0,0.0,0.0004652280767913,287.2983703613281,294.1499938964844,287.569580078125,286.0868225097656,288.0921325683594,287.5550537109375,287.15899658203125,0.0,0.0,0.0,0.0,1.0,1.0,-0.0009923730976879,4.972250611245954e-09,0.0009923680918291,-0.0120788970962166,0.0,0.0,0.0,-0.0072777736932039,60.0,0.2789371907711029,-0.0,-6.714432743137877e-08,0.0,283.1748046875,287.20037841796875,291.55133056640625,291.9985046386719,293.1499938964844,293.1499938964844,278.1499938964844,0.0,18000.0,313.1499938964844,0.0,18000.0,0.0,0.0,0.0,0.0,0.0,0.0,0.0,0.0,0.0,0.0,-0.0,0.0,-8.74776778869785e-21,-4.373883894348925e-21,-4.373883894348925e-21,0.0,0.0,-0.0,0.0,0.0,0.0,-0.0,0.0,0.0,0.0,0.0,0.0,4.0,0.0,0.0
12440520,298.0484619140625,303.1499938964844,285.1499938964844,0.0,-0.0,287.36602783203125,0.0,0.0,9.313488408224656e-05,298.2543640136719,303.1499938964844,285.1499938964844,0.0,-0.0,287.3663024902344,0.0,0.0,9.807558672036976e-05,298.5820617675781,303.1499938964844,285.1499938964844,0.0,-0.0,287.3662414550781,0.0,0.0,7.243830623337999e-05,297.9813842773437,303.1499938964844,285.1499938964844,0.0,-0.0,287.36639404296875,0.0,0.0,9.807548485696316e-05,298.2217102050781,303.1499938964844,285.1499938964844,0.0,-0.0,287.365966796875,0.0,0.0,0.0004652280767913,287.2983703613281,294.1499938964844,287.569580078125,286.0868225097656,288.0921325683594,287.5550537109375,287.15899658203125,0.0,0.0,0.0,0.0,1.0,1.0,-0.0009923730976879,4.972250611245954e-09,0.0009923680918291,-0.0120788970962166,0.0,0.0,0.0,-0.0072777736932039,60.0,0.2789371907711029,-0.0,-6.714432743137877e-08,0.0,283.1748046875,287.20037841796875,291.55133056640625,291.9985046386719,293.1499938964844,293.1499938964844,278.1499938964844,0.0,18000.0,313.1499938964844,0.0,18000.0,0.0,0.0,0.0,0.0,0.0,0.0,0.0,0.0,0.0,0.0,-0.0,0.0,-8.74776778869785e-21,-4.373883894348925e-21,-4.373883894348925e-21,0.0,0.0,-0.0,0.0,0.0,0.0,-0.0,0.0,0.0,0.0,0.0,0.0,4.0,0.0,0.0
12440580,298.0455017089844,303.1499938964844,285.1499938964844,0.0,-0.0,287.36383056640625,0.0,0.0,9.307623258791864e-05,298.25152587890625,303.1499938964844,285.1499938964844,0.0,-0.0,287.3641052246094,0.0,0.0,9.801381384022534e-05,298.5795288085937,303.1499938964844,285.1499938964844,0.0,-0.0,287.36407470703125,0.0,0.0,7.239268597913906e-05,297.9802551269531,303.1499938964844,285.1499938964844,0.0,-0.0,287.3642272949219,0.0,0.0,9.801371197681874e-05,298.2206420898437,303.1499938964844,285.1499938964844,0.0,-0.0,287.3638000488281,0.0,0.0,0.0004649350594263,287.29644775390625,294.1499938964844,287.5716247558594,286.0776062011719,288.0830078125,287.55780029296875,287.15924072265625,0.0,0.0,0.0,0.0,1.0,1.0,-0.0009917477145791,4.899123329238364e-09,0.0009917428251355,-0.0118873100727796,0.0,0.0,0.0,-0.0072415214963257,60.0,0.2802485823631286,-0.0,-6.705972310783181e-08,0.0,283.1748046875,287.20037841796875,291.55133056640625,291.9985046386719,293.1499938964844,293.1499938964844,278.1499938964844,0.0,18000.0,313.1499938964844,0.0,18000.0,0.0,0.0,0.0,0.0,0.0,0.0,0.0,0.0,0.0,0.0,-0.0,0.0,-8.74776778869785e-21,-4.373883894348925e-21,-4.373883894348925e-21,0.0,0.0,-0.0,0.0,0.0,0.0,-0.0,0.0,0.0,0.0,0.0,0.0,4.0,0.0,0.0
12440640,298.0455017089844,303.1499938964844,285.1499938964844,0.0,-0.0,287.36383056640625,0.0,0.0,9.307623258791864e-05,298.25152587890625,303.1499938964844,285.1499938964844,0.0,-0.0,287.3641052246094,0.0,0.0,9.801381384022534e-05,298.5795288085937,303.1499938964844,285.1499938964844,0.0,-0.0,287.36407470703125,0.0,0.0,7.239268597913906e-05,297.9802551269531,303.1499938964844,285.1499938964844,0.0,-0.0,287.3642272949219,0.0,0.0,9.801371197681874e-05,298.2206420898437,303.1499938964844,285.1499938964844,0.0,-0.0,287.3638000488281,0.0,0.0,0.0004649350594263,287.29644775390625,294.1499938964844,287.5716247558594,286.0776062011719,288.0830078125,287.55780029296875,287.15924072265625,0.0,0.0,0.0,0.0,1.0,1.0,-0.0009917477145791,4.899123329238364e-09,0.0009917428251355,-0.0118873100727796,0.0,0.0,0.0,-0.0072415214963257,60.0,0.2802485823631286,-0.0,-6.705972310783181e-08,0.0,283.1748046875,287.20037841796875,291.55133056640625,291.9985046386719,293.1499938964844,293.1499938964844,278.1499938964844,0.0,18000.0,313.1499938964844,0.0,18000.0,0.0,0.0,0.0,0.0,0.0,0.0,0.0,0.0,0.0,0.0,-0.0,0.0,-8.74776778869785e-21,-4.373883894348925e-21,-4.373883894348925e-21,0.0,0.0,-0.0,0.0,0.0,0.0,-0.0,0.0,0.0,0.0,0.0,0.0,4.0,0.0,0.0
12440700,298.0437927246094,303.1499938964844,285.1499938964844,0.0,-0.0,287.3627624511719,0.0,0.0,9.304675768362358e-05,298.2500915527344,303.1499938964844,285.1499938964844,0.0,-0.0,287.363037109375,0.0,0.0,9.798277460504325e-05,298.5782165527344,303.1499938964844,285.1499938964844,0.0,-0.0,287.36297607421875,0.0,0.0,7.236975943669677e-05,297.97967529296875,303.1499938964844,285.1499938964844,0.0,-0.0,287.3631286621094,0.0,0.0,9.798267274163663e-05,298.2200927734375,303.1499938964844,285.1499938964844,0.0,-0.0,287.3627014160156,0.0,0.0,0.000464787823148,287.2955017089844,294.1499938964844,287.5723571777344,286.0727844238281,288.0785217285156,287.5591125488281,287.1593322753906,0.0,0.0,0.0,0.0,1.0,1.0,-0.0009914335096254,4.86237849983695e-09,0.0009914286201819,-0.0117910411208868,0.0,0.0,0.0,-0.0072233052924275,60.0,0.2807173430919647,-0.0,-6.701723265223336e-08,0.0,283.1748046875,287.20037841796875,291.55133056640625,291.9985046386719,293.1499938964844,293.1499938964844,278.1499938964844,0.0,18000.0,313.1499938964844,0.0,18000.0,0.0,0.0,0.0,0.0,0.0,0.0,0.0,0.0,0.0,0.0,-0.0,0.0,-8.74776778869785e-21,-4.373883894348925e-21,-4.373883894348925e-21,0.0,0.0,-0.0,0.0,0.0,0.0,-0.0,0.0,0.0,0.0,0.0,0.0,4.0,0.0,0.0
12440760,298.0420227050781,303.1499938964844,285.1499938964844,0.0,-0.0,287.3616638183594,0.0,0.0,9.301726095145568e-05,298.2486572265625,303.1499938964844,285.1499938964844,0.0,-0.0,287.3619384765625,0.0,0.0,9.795171354198828e-05,298.576904296875,303.1499938964844,285.1499938964844,0.0,-0.0,287.3619079589844,0.0,0.0,7.234681834233925e-05,297.9791259765625,303.1499938964844,285.1499938964844,0.0,-0.0,287.362060546875,0.0,0.0,9.795161167858168e-05,298.2195129394531,303.1499938964844,285.1499938964844,0.0,-0.0,287.36163330078125,0.0,0.0,0.0004646404995582,287.2945556640625,294.1499938964844,287.5729064941406,286.0678100585937,288.0740661621094,287.560302734375,287.1594543457031,0.0,0.0,0.0,0.0,1.0,1.0,-0.0009911189554259,4.825608357350575e-09,0.0009911141823977,-0.0116947051137685,0.0,0.0,0.0,-0.0072050765156745,60.0,0.2810558080673218,-0.0,-6.697472798578019e-08,0.0,283.1748046875,287.20037841796875,291.55133056640625,291.9985046386719,293.1499938964844,293.1499938964844,278.1499938964844,0.0,18000.0,313.1499938964844,0.0,18000.0,0.0,0.0,0.0,0.0,0.0,0.0,0.0,0.0,0.0,0.0,-0.0,0.0,-8.74776778869785e-21,-4.373883894348925e-21,-4.373883894348925e-21,0.0,0.0,-0.0,0.0,0.0,0.0,-0.0,0.0,0.0,0.0,0.0,0.0,4.0,0.0,0.0
12440820,298.0383605957031,303.1499938964844,285.1499938964844,0.0,-0.0,287.3595275878906,0.0,0.0,9.295847121393308e-05,298.2457580566406,303.1499938964844,285.1499938964844,0.0,-0.0,287.3598022460937,0.0,0.0,9.78898096946068e-05,298.57427978515625,303.1499938964844,285.1499938964844,0.0,-0.0,287.3597717285156,0.0,0.0,7.230109622469172e-05,297.9779968261719,303.1499938964844,285.1499938964844,0.0,-0.0,287.35992431640625,0.0,0.0,9.78897078312002e-05,298.21832275390625,303.1499938964844,285.1499938964844,0.0,-0.0,287.3594970703125,0.0,0.0,0.0004643468419089,287.2926940917969,294.1499938964844,287.5732727050781,286.0574035644531,288.0653076171875,287.5624389648437,287.15966796875,0.0,0.0,0.0,0.0,1.0,1.0,-0.0009904921753332,4.75231720642455e-09,0.000990487402305,-0.0115026868879795,0.0,0.0,0.0,-0.0071687428280711,60.0,0.281296819448471,-0.0,-6.689003839710497e-08,0.0,283.1748046875,287.20037841796875,291.55133056640625,291.9985046386719,293.1499938964844,293.1499938964844,278.1499938964844,0.0,18000.0,313.1499938964844,0.0,18000.0,0.0,0.0,0.0,0.0,0.0,0.0,0.0,0.0,0.0,0.0,-0.0,0.0,-8.74776778869785e-21,-4.373883894348925e-21,-4.373883894348925e-21,0.0,0.0,-0.0,0.0,0.0,0.0,-0.0,0.0,0.0,0.0,0.0,0.0,4.0,0.0,0.0
12440880,298.0383605957031,303.1499938964844,285.1499938964844,0.0,-0.0,287.3595275878906,0.0,0.0,9.295847121393308e-05,298.2457580566406,303.1499938964844,285.1499938964844,0.0,-0.0,287.3598022460937,0.0,0.0,9.78898096946068e-05,298.57427978515625,303.1499938964844,285.1499938964844,0.0,-0.0,287.3597717285156,0.0,0.0,7.230109622469172e-05,297.9779968261719,303.1499938964844,285.1499938964844,0.0,-0.0,287.35992431640625,0.0,0.0,9.78897078312002e-05,298.21832275390625,303.1499938964844,285.1499938964844,0.0,-0.0,287.3594970703125,0.0,0.0,0.0004643468419089,287.2926940917969,294.1499938964844,287.5732727050781,286.0574035644531,288.0653076171875,287.5624389648437,287.15966796875,0.0,0.0,0.0,0.0,1.0,1.0,-0.0009904921753332,4.75231720642455e-09,0.000990487402305,-0.0115026868879795,0.0,0.0,0.0,-0.0071687428280711,60.0,0.281296819448471,-0.0,-6.689003839710497e-08,0.0,283.1748046875,287.20037841796875,291.55133056640625,291.9985046386719,293.1499938964844,293.1499938964844,278.1499938964844,0.0,18000.0,313.1499938964844,0.0,18000.0,0.0,0.0,0.0,0.0,0.0,0.0,0.0,0.0,0.0,0.0,-0.0,0.0,-8.74776778869785e-21,-4.373883894348925e-21,-4.373883894348925e-21,0.0,0.0,-0.0,0.0,0.0,0.0,-0.0,0.0,0.0,0.0,0.0,0.0,4.0,0.0,0.0
12440940,298.0346374511719,303.1499938964844,285.1499938964844,0.0,-0.0,287.357421875,0.0,0.0,9.290027082897724e-05,298.2428283691406,303.1499938964844,285.1499938964844,0.0,-0.0,287.3576965332031,0.0,0.0,9.782851702766492e-05,298.57159423828125,303.1499938964844,285.1499938964844,0.0,-0.0,287.3576354980469,0.0,0.0,7.225582521641627e-05,297.97686767578125,303.1499938964844,285.1499938964844,0.0,-0.0,287.3577880859375,0.0,0.0,9.782841516425832e-05,298.2170715332031,303.1499938964844,285.1499938964844,0.0,-0.0,287.3573913574219,0.0,0.0,0.0004640560946427,287.2908630371094,294.1499938964844,287.5726318359375,286.0462951660156,288.05670166015625,287.56414794921875,287.159912109375,0.0,0.0,0.0,0.0,1.0,1.0,-0.0009898716816678,4.679761467230037e-09,0.0009898670250549,-0.0113125927746295,0.0,0.0,0.0,-0.0071327737532556,60.0,0.2809097468852997,-0.0,-6.680625830313147e-08,0.0,283.1748046875,287.20037841796875,291.55133056640625,291.9985046386719,293.1499938964844,293.1499938964844,278.1499938964844,0.0,18000.0,313.1499938964844,0.0,18000.0,0.0,0.0,0.0,0.0,0.0,0.0,0.0,0.0,0.0,0.0,-0.0,0.0,-8.74776778869785e-21,-4.373883894348925e-21,-4.373883894348925e-21,0.0,0.0,-0.0,0.0,0.0,0.0,-0.0,0.0,0.0,0.0,0.0,0.0,4.0,0.0,0.0
12441000,298.0346374511719,303.1499938964844,285.1499938964844,0.0,-0.0,287.357421875,0.0,0.0,9.290027082897724e-05,298.2428283691406,303.1499938964844,285.1499938964844,0.0,-0.0,287.3576965332031,0.0,0.0,9.782851702766492e-05,298.57159423828125,303.1499938964844,285.1499938964844,0.0,-0.0,287.3576354980469,0.0,0.0,7.225582521641627e-05,297.97686767578125,303.1499938964844,285.1499938964844,0.0,-0.0,287.3577880859375,0.0,0.0,9.782841516425832e-05,298.2170715332031,303.1499938964844,285.1499938964844,0.0,-0.0,287.3573913574219,0.0,0.0,0.0004640560946427,287.2908630371094,294.1499938964844,287.5726318359375,286.0462951660156,288.05670166015625,287.56414794921875,287.159912109375,0.0,0.0,0.0,0.0,1.0,1.0,-0.0009898716816678,4.679761467230037e-09,0.0009898670250549,-0.0113125927746295,0.0,0.0,0.0,-0.0071327737532556,60.0,0.2809097468852997,-0.0,-6.680625830313147e-08,0.0,283.1748046875,287.20037841796875,291.55133056640625,291.9985046386719,293.1499938964844,293.1499938964844,278.1499938964844,0.0,18000.0,313.1499938964844,0.0,18000.0,0.0,0.0,0.0,0.0,0.0,0.0,0.0,0.0,0.0,0.0,-0.0,0.0,-8.74776778869785e-21,-4.373883894348925e-21,-4.373883894348925e-21,0.0,0.0,-0.0,0.0,0.0,0.0,-0.0,0.0,0.0,0.0,0.0,0.0,4.0,0.0,0.0
12441060,298.03094482421875,303.1499938964844,285.1499938964844,0.0,-0.0,287.3553466796875,0.0,0.0,9.28431036300026e-05,298.2398681640625,303.1499938964844,285.1499938964844,0.0,-0.0,287.3555908203125,0.0,0.0,9.77683230303228e-05,298.5688781738281,303.1499938964844,285.1499938964844,0.0,-0.0,287.3555603027344,0.0,0.0,7.2211361839436e-05,297.9757080078125,303.1499938964844,285.1499938964844,0.0,-0.0,287.355712890625,0.0,0.0,9.77682211669162e-05,298.2157897949219,303.1499938964844,285.1499938964844,0.0,-0.0,287.35528564453125,0.0,0.0,0.0004637705569621,287.2890319824219,294.1499938964844,287.5708312988281,286.034423828125,288.0482177734375,287.5653076171875,287.1601257324219,0.0,0.0,0.0,0.0,1.0,1.0,-0.0009892622474581,4.608497139457768e-09,0.0009892575908452,-0.0111258830875158,0.0,0.0,0.0,-0.0070974449627101,60.0,0.2797863483428955,-0.0,-6.67240200868946e-08,0.0,283.1748046875,287.20037841796875,291.55133056640625,291.9985046386719,293.1499938964844,293.1499938964844,278.1499938964844,0.0,18000.0,313.1499938964844,0.0,18000.0,0.0,0.0,0.0,0.0,0.0,0.0,0.0,0.0,0.0,0.0,-0.0,0.0,-8.74776778869785e-21,-4.373883894348925e-21,-4.373883894348925e-21,0.0,0.0,-0.0,0.0,0.0,0.0,-0.0,0.0,0.0,0.0,0.0,0.0,4.0,0.0,0.0
12441120,298.03094482421875,303.1499938964844,285.1499938964844,0.0,-0.0,287.3553466796875,0.0,0.0,9.28431036300026e-05,298.2398681640625,303.1499938964844,285.1499938964844,0.0,-0.0,287.3555908203125,0.0,0.0,9.77683230303228e-05,298.5688781738281,303.1499938964844,285.1499938964844,0.0,-0.0,287.3555603027344,0.0,0.0,7.2211361839436e-05,297.9757080078125,303.1499938964844,285.1499938964844,0.0,-0.0,287.355712890625,0.0,0.0,9.77682211669162e-05,298.2157897949219,303.1499938964844,285.1499938964844,0.0,-0.0,287.35528564453125,0.0,0.0,0.0004637705569621,287.2890319824219,294.1499938964844,287.5708312988281,286.034423828125,288.0482177734375,287.5653076171875,287.1601257324219,0.0,0.0,0.0,0.0,1.0,1.0,-0.0009892622474581,4.608497139457768e-09,0.0009892575908452,-0.0111258830875158,0.0,0.0,0.0,-0.0070974449627101,60.0,0.2797863483428955,-0.0,-6.67240200868946e-08,0.0,283.1748046875,287.20037841796875,291.55133056640625,291.9985046386719,293.1499938964844,293.1499938964844,278.1499938964844,0.0,18000.0,313.1499938964844,0.0,18000.0,0.0,0.0,0.0,0.0,0.0,0.0,0.0,0.0,0.0,0.0,-0.0,0.0,-8.74776778869785e-21,-4.373883894348925e-21,-4.373883894348925e-21,0.0,0.0,-0.0,0.0,0.0,0.0,-0.0,0.0,0.0,0.0,0.0,0.0,4.0,0.0,0.0
12441180,298.02734375,303.1499938964844,285.1499938964844,0.0,-0.0,287.353271484375,0.0,0.0,9.278727520722896e-05,298.2368469238281,303.1499938964844,285.1499938964844,0.0,-0.0,287.353515625,0.0,0.0,9.770952601684256e-05,298.5661315917969,303.1499938964844,285.1499938964844,0.0,-0.0,287.3534851074219,0.0,0.0,7.216793892439455e-05,297.9745788574219,303.1499938964844,285.1499938964844,0.0,-0.0,287.3536376953125,0.0,0.0,9.77094314293936e-05,298.2144775390625,303.1499938964844,285.1499938964844,0.0,-0.0,287.3532409667969,0.0,0.0,0.0004634916549548,287.2872619628906,294.1499938964844,287.5678100585937,286.021728515625,288.03985595703125,287.5658569335937,287.16033935546875,0.0,0.0,0.0,0.0,1.0,1.0,-0.0009886670159175,4.538894149419548e-09,0.00098866247572,-0.0109435226768255,0.0,0.0,0.0,-0.0070629399269819,60.0,0.2778760492801666,-0.0,-6.664374296860842e-08,0.0,283.1748046875,287.20037841796875,291.55133056640625,291.9985046386719,293.1499938964844,293.1499938964844,278.1499938964844,0.0,18000.0,313.1499938964844,0.0,18000.0,0.0,0.0,0.0,0.0,0.0,0.0,0.0,0.0,0.0,0.0,-0.0,0.0,-8.74776778869785e-21,-4.373883894348925e-21,-4.373883894348925e-21,0.0,0.0,-0.0,0.0,0.0,0.0,-0.0,0.0,0.0,0.0,0.0,0.0,4.0,0.0,0.0
12441240,298.02734375,303.1499938964844,285.1499938964844,0.0,-0.0,287.353271484375,0.0,0.0,9.278727520722896e-05,298.2368469238281,303.1499938964844,285.1499938964844,0.0,-0.0,287.353515625,0.0,0.0,9.770952601684256e-05,298.5661315917969,303.1499938964844,285.1499938964844,0.0,-0.0,287.3534851074219,0.0,0.0,7.216793892439455e-05,297.9745788574219,303.1499938964844,285.1499938964844,0.0,-0.0,287.3536376953125,0.0,0.0,9.77094314293936e-05,298.2144775390625,303.1499938964844,285.1499938964844,0.0,-0.0,287.3532409667969,0.0,0.0,0.0004634916549548,287.2872619628906,294.1499938964844,287.5678100585937,286.021728515625,288.03985595703125,287.5658569335937,287.16033935546875,0.0,0.0,0.0,0.0,1.0,1.0,-0.0009886670159175,4.538894149419548e-09,0.00098866247572,-0.0109435226768255,0.0,0.0,0.0,-0.0070629399269819,60.0,0.2778760492801666,-0.0,-6.664374296860842e-08,0.0,283.1748046875,287.20037841796875,291.55133056640625,291.9985046386719,293.1499938964844,293.1499938964844,278.1499938964844,0.0,18000.0,313.1499938964844,0.0,18000.0,0.0,0.0,0.0,0.0,0.0,0.0,0.0,0.0,0.0,0.0,-0.0,0.0,-8.74776778869785e-21,-4.373883894348925e-21,-4.373883894348925e-21,0.0,0.0,-0.0,0.0,0.0,0.0,-0.0,0.0,0.0,0.0,0.0,0.0,4.0,0.0,0.0
12441300,298.0256042480469,303.1499938964844,285.1499938964844,0.0,-0.0,287.35223388671875,0.0,0.0,9.275993943447249e-05,298.2353515625,303.1499938964844,285.1499938964844,0.0,-0.0,287.3525085449219,0.0,0.0,9.768074232852086e-05,298.56475830078125,303.1499938964844,285.1499938964844,0.0,-0.0,287.3524475097656,0.0,0.0,7.21466785762459e-05,297.9740295410156,303.1499938964844,285.1499938964844,0.0,-0.0,287.35260009765625,0.0,0.0,9.768064774107188e-05,298.2138061523437,303.1499938964844,285.1499938964844,0.0,-0.0,287.3522033691406,0.0,0.0,0.00046335515799,287.286376953125,294.1499938964844,287.5657653808594,286.0150146484375,288.03570556640625,287.5658569335937,287.16046142578125,0.0,0.0,0.0,0.0,1.0,1.0,-0.000988375628367,4.504823625239851e-09,0.0009883710881695,-0.0108542582020163,0.0,0.0,0.0,-0.0070460494607687,60.0,0.2765860259532928,-0.0,-6.660447127160296e-08,0.0,283.1748046875,287.20037841796875,291.55133056640625,291.9985046386719,293.1499938964844,293.1499938964844,278.1499938964844,0.0,18000.0,313.1499938964844,0.0,18000.0,0.0,0.0,0.0,0.0,0.0,0.0,0.0,0.0,0.0,0.0,-0.0,0.0,-8.74776778869785e-21,-4.373883894348925e-21,-4.373883894348925e-21,0.0,0.0,-0.0,0.0,0.0,0.0,-0.0,0.0,0.0,0.0,0.0,0.0,4.0,0.0,0.0
12441360,298.0238647460937,303.1499938964844,285.1499938964844,0.0,-0.0,287.3512268066406,0.0,0.0,9.273306204704568e-05,298.2338256835937,303.1499938964844,285.1499938964844,0.0,-0.0,287.3514709472656,0.0,0.0,9.765243885340168e-05,298.5633544921875,303.1499938964844,285.1499938964844,0.0,-0.0,287.3514404296875,0.0,0.0,7.212577475002035e-05,297.97344970703125,303.1499938964844,285.1499938964844,0.0,-0.0,287.3515625,0.0,0.0,9.76523442659527e-05,298.213134765625,303.1499938964844,285.1499938964844,0.0,-0.0,287.3511962890625,0.0,0.0,0.0004632208729162,287.2854919433594,294.1499938964844,287.5633850097656,286.0080871582031,288.0315856933594,287.565673828125,287.1605529785156,0.0,0.0,0.0,0.0,1.0,1.0,-0.0009880890138447,4.471313097553775e-09,0.0009880844736471,-0.0107664605602622,0.0,0.0,0.0,-0.0070294369943439,60.0,0.2750681340694427,-0.0,-6.656584616848704e-08,0.0,283.1748046875,287.20037841796875,291.55133056640625,291.9985046386719,293.1499938964844,293.1499938964844,278.1499938964844,0.0,18000.0,313.1499938964844,0.0,18000.0,0.0,0.0,0.0,0.0,0.0,0.0,0.0,0.0,0.0,0.0,-0.0,0.0,-8.74776778869785e-21,-4.373883894348925e-21,-4.373883894348925e-21,0.0,0.0,-0.0,0.0,0.0,0.0,-0.0,0.0,0.0,0.0,0.0,0.0,4.0,0.0,0.0
12441420,298.0205078125,303.1499938964844,285.1499938964844,0.0,-0.0,287.3492126464844,0.0,0.0,9.268073335988448e-05,298.23077392578125,303.1499938964844,285.1499938964844,0.0,-0.0,287.3494567871094,0.0,0.0,9.759733075043188e-05,298.5605773925781,303.1499938964844,285.1499938964844,0.0,-0.0,287.3493957519531,0.0,0.0,7.208507304312661e-05,297.9723205566406,303.1499938964844,285.1499938964844,0.0,-0.0,287.3495483398437,0.0,0.0,9.759723616298288e-05,298.2117614746094,303.1499938964844,285.1499938964844,0.0,-0.0,287.3491516113281,0.0,0.0,0.0004629594623111,287.28375244140625,294.1499938964844,287.5574951171875,285.9934997558594,288.0233459472656,287.5646667480469,287.1607666015625,0.0,0.0,0.0,0.0,1.0,1.0,-0.0009875310352072,4.406072395823912e-09,0.0009875266114249,-0.010595528408885,0.0,0.0,0.0,-0.0069970940239727,60.0,0.2713080942630768,-0.0,-6.64906920633257e-08,0.0,283.1748046875,287.20037841796875,291.55133056640625,291.9985046386719,293.1499938964844,293.1499938964844,278.1499938964844,0.0,18000.0,313.1499938964844,0.0,18000.0,0.0,0.0,0.0,0.0,0.0,0.0,0.0,0.0,0.0,0.0,-0.0,0.0,-8.74776778869785e-21,-4.373883894348925e-21,-4.373883894348925e-21,0.0,0.0,-0.0,0.0,0.0,0.0,-0.0,0.0,0.0,0.0,0.0,0.0,4.0,0.0,0.0
12441480,298.0205078125,303.1499938964844,285.1499938964844,0.0,-0.0,287.3492126464844,0.0,0.0,9.268073335988448e-05,298.23077392578125,303.1499938964844,285.1499938964844,0.0,-0.0,287.3494567871094,0.0,0.0,9.759733075043188e-05,298.5605773925781,303.1499938964844,285.1499938964844,0.0,-0.0,287.3493957519531,0.0,0.0,7.208507304312661e-05,297.9723205566406,303.1499938964844,285.1499938964844,0.0,-0.0,287.3495483398437,0.0,0.0,9.759723616298288e-05,298.2117614746094,303.1499938964844,285.1499938964844,0.0,-0.0,287.3491516113281,0.0,0.0,0.0004629594623111,287.28375244140625,294.1499938964844,287.5574951171875,285.9934997558594,288.0233459472656,287.5646667480469,287.1607666015625,0.0,0.0,0.0,0.0,1.0,1.0,-0.0009875310352072,4.406072395823912e-09,0.0009875266114249,-0.010595528408885,0.0,0.0,0.0,-0.0069970940239727,60.0,0.2713080942630768,-0.0,-6.64906920633257e-08,0.0,283.1748046875,287.20037841796875,291.55133056640625,291.9985046386719,293.1499938964844,293.1499938964844,278.1499938964844,0.0,18000.0,313.1499938964844,0.0,18000.0,0.0,0.0,0.0,0.0,0.0,0.0,0.0,0.0,0.0,0.0,-0.0,0.0,-8.74776778869785e-21,-4.373883894348925e-21,-4.373883894348925e-21,0.0,0.0,-0.0,0.0,0.0,0.0,-0.0,0.0,0.0,0.0,0.0,0.0,4.0,0.0,0.0
12441540,298.01727294921875,303.1499938964844,285.1499938964844,0.0,-0.0,287.3471984863281,0.0,0.0,9.263039100915194e-05,298.2276611328125,303.1499938964844,285.1499938964844,0.0,-0.0,287.3474426269531,0.0,0.0,9.754431812325493e-05,298.5577697753906,303.1499938964844,285.1499938964844,0.0,-0.0,287.347412109375,0.0,0.0,7.204591383924708e-05,297.9711608886719,303.1499938964844,285.1499938964844,0.0,-0.0,287.3475341796875,0.0,0.0,9.754423081176355e-05,298.2104187011719,303.1499938964844,285.1499938964844,0.0,-0.0,287.34716796875,0.0,0.0,0.0004627080052159,287.28204345703125,294.1499938964844,287.54998779296875,285.97784423828125,288.01513671875,287.5628356933594,287.1609802246094,0.0,0.0,0.0,0.0,1.0,1.0,-0.0009869943605735,4.343314596866321e-09,0.0009869899367913,-0.0104311006143689,0.0,0.0,0.0,-0.0069659822620451,60.0,0.2665650844573974,-0.0,-6.641843697252625e-08,0.0,283.1748046875,287.20037841796875,291.55133056640625,291.9985046386719,293.1499938964844,293.1499938964844,278.1499938964844,0.0,18000.0,313.1499938964844,0.0,18000.0,0.0,0.0,0.0,0.0,0.0,0.0,0.0,0.0,0.0,0.0,-0.0,0.0,-8.74776778869785e-21,-4.373883894348925e-21,-4.373883894348925e-21,0.0,0.0,-0.0,0.0,0.0,0.0,-0.0,0.0,0.0,0.0,0.0,0.0,4.0,0.0,0.0
12441600,298.01727294921875,303.1499938964844,285.1499938964844,0.0,-0.0,287.3471984863281,0.0,0.0,9.263039100915194e-05,298.2276611328125,303.1499938964844,285.1499938964844,0.0,-0.0,287.3474426269531,0.0,0.0,9.754431812325493e-05,298.5577697753906,303.1499938964844,285.1499938964844,0.0,-0.0,287.347412109375,0.0,0.0,7.204591383924708e-05,297.9711608886719,303.1499938964844,285.1499938964844,0.0,-0.0,287.3475341796875,0.0,0.0,9.754423081176355e-05,298.2104187011719,303.1499938964844,285.1499938964844,0.0,-0.0,287.34716796875,0.0,0.0,0.0004627080052159,287.28204345703125,294.1499938964844,287.54998779296875,285.97784423828125,288.01513671875,287.5628356933594,287.1609802246094,0.0,0.0,0.0,0.0,1.0,1.0,-0.0009869943605735,4.343314596866321e-09,0.0009869899367913,-0.0104311006143689,0.0,0.0,0.0,-0.0069659822620451,60.0,0.2665650844573974,-0.0,-6.641843697252625e-08,0.0,283.1748046875,287.20037841796875,291.55133056640625,291.9985046386719,293.1499938964844,293.1499938964844,278.1499938964844,0.0,18000.0,313.1499938964844,0.0,18000.0,0.0,0.0,0.0,0.0,0.0,0.0,0.0,0.0,0.0,0.0,-0.0,0.0,-8.74776778869785e-21,-4.373883894348925e-21,-4.373883894348925e-21,0.0,0.0,-0.0,0.0,0.0,0.0,-0.0,0.0,0.0,0.0,0.0,0.0,4.0,0.0,0.0
